Ticker,Name,buy,sell,diff,Branch,Date,Branch_Code
6223,旺矽,35,5,30,凱基-敦北,2023-01-03,9237
00632R,元大台灣50反1,24,0,24,凱基-敦北,2023-01-03,9237
2412,中華電,25,1,24,凱基-敦北,2023-01-03,9237
0056,元大高股息,22,0,22,凱基-敦北,2023-01-03,9237
5340,建榮,21,0,21,凱基-敦北,2023-01-03,9237
2867,三商壽,20,0,20,凱基-敦北,2023-01-03,9237
3680,家登,30,10,20,凱基-敦北,2023-01-03,9237
9904,寶成,17,1,16,凱基-敦北,2023-01-03,9237
2609,陽明,76,61,15,凱基-敦北,2023-01-03,9237
3576,聯合再生,15,1,14,凱基-敦北,2023-01-03,9237
2748,雲品,18,6,12,凱基-敦北,2023-01-03,9237
3083,網龍,11,0,11,凱基-敦北,2023-01-03,9237
6179,亞通,11,0,11,凱基-敦北,2023-01-03,9237
1522,堤維西,10,0,10,凱基-敦北,2023-01-03,9237
00631L,元大台灣50正2,10,0,10,凱基-敦北,2023-01-03,9237
2885,元大金,10,0,10,凱基-敦北,2023-01-03,9237
3027,盛達,10,2,8,凱基-敦北,2023-01-03,9237
2613,中櫃,7,0,7,凱基-敦北,2023-01-03,9237
2317,鴻海,8,2,6,凱基-敦北,2023-01-03,9237
3162,精確,6,0,6,凱基-敦北,2023-01-03,9237
1319,東陽,5,0,5,凱基-敦北,2023-01-03,9237
00633L,富邦上証正2,5,0,5,凱基-敦北,2023-01-03,9237
5009,榮剛,5,0,5,凱基-敦北,2023-01-03,9237
6226,光鼎,5,0,5,凱基-敦北,2023-01-03,9237
6585,鼎基,5,0,5,凱基-敦北,2023-01-03,9237
8358,金居,5,0,5,凱基-敦北,2023-01-03,9237
00641R,富邦日本反1,4,0,4,凱基-敦北,2023-01-03,9237
00640L,富邦日本正2,4,0,4,凱基-敦北,2023-01-03,9237
2634,漢翔,4,0,4,凱基-敦北,2023-01-03,9237
3479,安勤,4,0,4,凱基-敦北,2023-01-03,9237
3481,群創,7,3,4,凱基-敦北,2023-01-03,9237
6446,藥華藥,4,0,4,凱基-敦北,2023-01-03,9237
00679B,元大美債20年,3,0,3,凱基-敦北,2023-01-03,9237
2615,萬海,23,20,3,凱基-敦北,2023-01-03,9237
3687,歐買尬,3,0,3,凱基-敦北,2023-01-03,9237
3711,日月光投控,3,0,3,凱基-敦北,2023-01-03,9237
5876,上海商銀,3,0,3,凱基-敦北,2023-01-03,9237
0050,元大台灣50,2,0,2,凱基-敦北,2023-01-03,9237
1701,中化,2,0,2,凱基-敦北,2023-01-03,9237
1609,大亞,4,2,2,凱基-敦北,2023-01-03,9237
00650L,復華香港正2,2,0,2,凱基-敦北,2023-01-03,9237
2002,中鋼,2,0,2,凱基-敦北,2023-01-03,9237
2313,華通,2,0,2,凱基-敦北,2023-01-03,9237
2324,仁寶,2,0,2,凱基-敦北,2023-01-03,9237
2886,兆豐金,2,0,2,凱基-敦北,2023-01-03,9237
4130,健亞,2,0,2,凱基-敦北,2023-01-03,9237
4979,華星光,2,0,2,凱基-敦北,2023-01-03,9237
5351,鈺創,2,0,2,凱基-敦北,2023-01-03,9237
6207,雷科,2,0,2,凱基-敦北,2023-01-03,9237
6290,良維,2,0,2,凱基-敦北,2023-01-03,9237
00753L,中信中國50正2,206,0,206,凱基-敦北,2023-01-04,9237
00888,永豐台灣ESG,126,0,126,凱基-敦北,2023-01-04,9237
2609,陽明,123,38,85,凱基-敦北,2023-01-04,9237
8358,金居,79,18,61,凱基-敦北,2023-01-04,9237
00632R,元大台灣50反1,40,0,40,凱基-敦北,2023-01-04,9237
1432,大魯閣,40,0,40,凱基-敦北,2023-01-04,9237
2748,雲品,90,50,40,凱基-敦北,2023-01-04,9237
5340,建榮,34,0,34,凱基-敦北,2023-01-04,9237
3454,晶睿,31,1,30,凱基-敦北,2023-01-04,9237
1513,中興電,32,12,20,凱基-敦北,2023-01-04,9237
2231,為升,27,7,20,凱基-敦北,2023-01-04,9237
4968,立積,20,0,20,凱基-敦北,2023-01-04,9237
6234,高僑,40,20,20,凱基-敦北,2023-01-04,9237
1220,台榮,15,0,15,凱基-敦北,2023-01-04,9237
00637L,元大滬深300正2,15,0,15,凱基-敦北,2023-01-04,9237
8046,南電,20,5,15,凱基-敦北,2023-01-04,9237
2890,永豐金,13,0,13,凱基-敦北,2023-01-04,9237
2368,金像電,12,0,12,凱基-敦北,2023-01-04,9237
2032,新鋼,11,0,11,凱基-敦北,2023-01-04,9237
1789,神隆,10,0,10,凱基-敦北,2023-01-04,9237
3708,上緯投控,10,2,8,凱基-敦北,2023-01-04,9237
1434,福懋,6,0,6,凱基-敦北,2023-01-04,9237
00692,富邦公司治理,6,0,6,凱基-敦北,2023-01-04,9237
00893,國泰智能電動車,6,0,6,凱基-敦北,2023-01-04,9237
00902,中信電池及儲能,5,0,5,凱基-敦北,2023-01-04,9237
00680L,元大美債20正2,5,0,5,凱基-敦北,2023-01-04,9237
1608,華榮,5,0,5,凱基-敦北,2023-01-04,9237
2338,光罩,5,0,5,凱基-敦北,2023-01-04,9237
2636,台驊控股,5,0,5,凱基-敦北,2023-01-04,9237
2867,三商壽,5,0,5,凱基-敦北,2023-01-04,9237
3162,精確,12,7,5,凱基-敦北,2023-01-04,9237
4105,東洋,5,0,5,凱基-敦北,2023-01-04,9237
2884,玉山金,4,0,4,凱基-敦北,2023-01-04,9237
1720,生達,4,0,4,凱基-敦北,2023-01-04,9237
00715L,期街口布蘭特正2,17,13,4,凱基-敦北,2023-01-04,9237
3466,德晉,4,0,4,凱基-敦北,2023-01-04,9237
3479,安勤,4,0,4,凱基-敦北,2023-01-04,9237
6719,力智,4,0,4,凱基-敦北,2023-01-04,9237
9802,鈺齊-KY,4,0,4,凱基-敦北,2023-01-04,9237
3481,群創,18,14,4,凱基-敦北,2023-01-04,9237
00878,國泰永續高股息,3,0,3,凱基-敦北,2023-01-04,9237
2603,長榮,48,45,3,凱基-敦北,2023-01-04,9237
00642U,期元大S＆P石油,3,0,3,凱基-敦北,2023-01-04,9237
3687,歐買尬,3,0,3,凱基-敦北,2023-01-04,9237
4763,材料-KY,3,0,3,凱基-敦北,2023-01-04,9237
5607,遠雄港,3,0,3,凱基-敦北,2023-01-04,9237
6282,康舒,13,10,3,凱基-敦北,2023-01-04,9237
6510,精測,3,0,3,凱基-敦北,2023-01-04,9237
6609,瀧澤科,3,0,3,凱基-敦北,2023-01-04,9237
1701,中化,2,0,2,凱基-敦北,2023-01-04,9237
00905,FT臺灣Smart,185,0,185,凱基-敦北,2023-01-05,9237
00632R,元大台灣50反1,65,0,65,凱基-敦北,2023-01-05,9237
1432,大魯閣,51,0,51,凱基-敦北,2023-01-05,9237
2201,裕隆,61,22,39,凱基-敦北,2023-01-05,9237
4979,華星光,27,1,26,凱基-敦北,2023-01-05,9237
3454,晶睿,22,1,21,凱基-敦北,2023-01-05,9237
5009,榮剛,16,1,15,凱基-敦北,2023-01-05,9237
8076,伍豐,10,0,10,凱基-敦北,2023-01-05,9237
00641R,富邦日本反1,10,0,10,凱基-敦北,2023-01-05,9237
1536,和大,10,0,10,凱基-敦北,2023-01-05,9237
1736,喬山,11,1,10,凱基-敦北,2023-01-05,9237
2231,為升,20,10,10,凱基-敦北,2023-01-05,9237
2331,精英,10,0,10,凱基-敦北,2023-01-05,9237
3712,永崴投控,11,1,10,凱基-敦北,2023-01-05,9237
4114,健喬,13,3,10,凱基-敦北,2023-01-05,9237
5340,建榮,10,0,10,凱基-敦北,2023-01-05,9237
8084,巨虹,10,0,10,凱基-敦北,2023-01-05,9237
9904,寶成,8,0,8,凱基-敦北,2023-01-05,9237
5450,南良,7,0,7,凱基-敦北,2023-01-05,9237
6104,創惟,10,3,7,凱基-敦北,2023-01-05,9237
6179,亞通,9,2,7,凱基-敦北,2023-01-05,9237
2317,鴻海,7,1,6,凱基-敦北,2023-01-05,9237
1529,樂事綠能,212,206,6,凱基-敦北,2023-01-05,9237
3704,合勤控,41,35,6,凱基-敦北,2023-01-05,9237
8044,網家,10,4,6,凱基-敦北,2023-01-05,9237
00882,中信中國高股息,5,0,5,凱基-敦北,2023-01-05,9237
00642U,期元大S＆P石油,8,3,5,凱基-敦北,2023-01-05,9237
2613,中櫃,5,0,5,凱基-敦北,2023-01-05,9237
8222,寶一,5,0,5,凱基-敦北,2023-01-05,9237
9105,泰金寶-DR,5,0,5,凱基-敦北,2023-01-05,9237
2538,基泰,4,0,4,凱基-敦北,2023-01-05,9237
3004,豐達科,8,4,4,凱基-敦北,2023-01-05,9237
3025,星通,4,0,4,凱基-敦北,2023-01-05,9237
1513,中興電,5,1,4,凱基-敦北,2023-01-05,9237
1723,中碳,3,0,3,凱基-敦北,2023-01-05,9237
00680L,元大美債20正2,3,0,3,凱基-敦北,2023-01-05,9237
00715L,期街口布蘭特正2,9,6,3,凱基-敦北,2023-01-05,9237
00881,國泰台灣5G+,3,0,3,凱基-敦北,2023-01-05,9237
1752,南光,3,0,3,凱基-敦北,2023-01-05,9237
2838,聯邦銀,3,0,3,凱基-敦北,2023-01-05,9237
6282,康舒,13,10,3,凱基-敦北,2023-01-05,9237
9945,潤泰新,3,0,3,凱基-敦北,2023-01-05,9237
1795,美時,3,1,2,凱基-敦北,2023-01-05,9237
00850,元大臺灣ESG永續,2,0,2,凱基-敦北,2023-01-05,9237
00830,國泰費城半導體,2,0,2,凱基-敦北,2023-01-05,9237
2030,彰源,2,0,2,凱基-敦北,2023-01-05,9237
2308,台達電,2,0,2,凱基-敦北,2023-01-05,9237
2347,聯強,2,0,2,凱基-敦北,2023-01-05,9237
2359,所羅門,4,2,2,凱基-敦北,2023-01-05,9237
2367,燿華,2,0,2,凱基-敦北,2023-01-05,9237
00632R,元大台灣50反1,160,0,160,凱基-敦北,2023-01-06,9237
8358,金居,81,23,58,凱基-敦北,2023-01-06,9237
00900,富邦特選高股息30,40,5,35,凱基-敦北,2023-01-06,9237
6234,高僑,30,0,30,凱基-敦北,2023-01-06,9237
6223,旺矽,30,1,29,凱基-敦北,2023-01-06,9237
5340,建榮,25,0,25,凱基-敦北,2023-01-06,9237
00641R,富邦日本反1,20,0,20,凱基-敦北,2023-01-06,9237
00878,國泰永續高股息,16,4,12,凱基-敦北,2023-01-06,9237
2903,遠百,11,0,11,凱基-敦北,2023-01-06,9237
8099,大世科,11,0,11,凱基-敦北,2023-01-06,9237
00720B,元大投資級公司債,11,0,11,凱基-敦北,2023-01-06,9237
00893,國泰智能電動車,10,0,10,凱基-敦北,2023-01-06,9237
00892,富邦台灣半導體,10,0,10,凱基-敦北,2023-01-06,9237
3056,富華新,10,0,10,凱基-敦北,2023-01-06,9237
6290,良維,10,0,10,凱基-敦北,2023-01-06,9237
1513,中興電,11,2,9,凱基-敦北,2023-01-06,9237
2308,台達電,5,0,5,凱基-敦北,2023-01-06,9237
00830,國泰費城半導體,5,0,5,凱基-敦北,2023-01-06,9237
1314,中石化,5,0,5,凱基-敦北,2023-01-06,9237
1909,榮成,5,0,5,凱基-敦北,2023-01-06,9237
3687,歐買尬,5,0,5,凱基-敦北,2023-01-06,9237
5258,虹堡,6,1,5,凱基-敦北,2023-01-06,9237
8046,南電,5,0,5,凱基-敦北,2023-01-06,9237
8110,華東,5,0,5,凱基-敦北,2023-01-06,9237
8255,朋程,6,1,5,凱基-敦北,2023-01-06,9237
1720,生達,4,0,4,凱基-敦北,2023-01-06,9237
2408,南亞科,4,0,4,凱基-敦北,2023-01-06,9237
2317,鴻海,8,4,4,凱基-敦北,2023-01-06,9237
6446,藥華藥,3,0,3,凱基-敦北,2023-01-06,9237
00885,富邦越南,16,13,3,凱基-敦北,2023-01-06,9237
1708,東鹼,3,0,3,凱基-敦北,2023-01-06,9237
1701,中化,3,0,3,凱基-敦北,2023-01-06,9237
2387,精元,3,0,3,凱基-敦北,2023-01-06,9237
3303,岱稜,3,0,3,凱基-敦北,2023-01-06,9237
3702,大聯大,3,0,3,凱基-敦北,2023-01-06,9237
4513,福裕,3,0,3,凱基-敦北,2023-01-06,9237
5309,系統電,3,0,3,凱基-敦北,2023-01-06,9237
5347,世界,4,1,3,凱基-敦北,2023-01-06,9237
6109,亞元,3,0,3,凱基-敦北,2023-01-06,9237
6179,亞通,3,0,3,凱基-敦北,2023-01-06,9237
6207,雷科,3,0,3,凱基-敦北,2023-01-06,9237
6220,岳豐,3,0,3,凱基-敦北,2023-01-06,9237
6226,光鼎,3,0,3,凱基-敦北,2023-01-06,9237
2327,國巨,5,2,3,凱基-敦北,2023-01-06,9237
1519,華城,145,143,2,凱基-敦北,2023-01-06,9237
00639,富邦深100,2,0,2,凱基-敦北,2023-01-06,9237
00882,中信中國高股息,2,0,2,凱基-敦北,2023-01-06,9237
1101,台泥,2,0,2,凱基-敦北,2023-01-06,9237
1605,華新,10,8,2,凱基-敦北,2023-01-06,9237
1718,中纖,2,0,2,凱基-敦北,2023-01-06,9237
00632R,元大台灣50反1,391,0,391,凱基-敦北,2023-01-09,9237
00753L,中信中國50正2,33,0,33,凱基-敦北,2023-01-09,9237
2884,玉山金,30,2,28,凱基-敦北,2023-01-09,9237
1104,環泥,25,0,25,凱基-敦北,2023-01-09,9237
5340,建榮,145,120,25,凱基-敦北,2023-01-09,9237
4968,立積,21,0,21,凱基-敦北,2023-01-09,9237
2455,全新,30,12,18,凱基-敦北,2023-01-09,9237
1720,生達,16,0,16,凱基-敦北,2023-01-09,9237
5439,高技,15,0,15,凱基-敦北,2023-01-09,9237
4105,東洋,11,0,11,凱基-敦北,2023-01-09,9237
5009,榮剛,11,0,11,凱基-敦北,2023-01-09,9237
00891,中信關鍵半導體,10,0,10,凱基-敦北,2023-01-09,9237
1789,神隆,10,0,10,凱基-敦北,2023-01-09,9237
4114,健喬,20,10,10,凱基-敦北,2023-01-09,9237
6223,旺矽,10,0,10,凱基-敦北,2023-01-09,9237
6234,高僑,31,21,10,凱基-敦北,2023-01-09,9237
3027,盛達,10,0,10,凱基-敦北,2023-01-09,9237
4726,永昕,9,0,9,凱基-敦北,2023-01-09,9237
1432,大魯閣,10,2,8,凱基-敦北,2023-01-09,9237
2609,陽明,25,17,8,凱基-敦北,2023-01-09,9237
6282,康舒,14,6,8,凱基-敦北,2023-01-09,9237
00892,富邦台灣半導體,5,0,5,凱基-敦北,2023-01-09,9237
00692,富邦公司治理,5,0,5,凱基-敦北,2023-01-09,9237
1710,東聯,5,0,5,凱基-敦北,2023-01-09,9237
2419,仲琦,15,10,5,凱基-敦北,2023-01-09,9237
9904,寶成,5,0,5,凱基-敦北,2023-01-09,9237
00713,元大台灣高息低波,4,0,4,凱基-敦北,2023-01-09,9237
4432,銘旺實,4,0,4,凱基-敦北,2023-01-09,9237
4736,泰博,4,0,4,凱基-敦北,2023-01-09,9237
5475,德宏,4,0,4,凱基-敦北,2023-01-09,9237
2332,友訊,3,0,3,凱基-敦北,2023-01-09,9237
2504,國產,3,0,3,凱基-敦北,2023-01-09,9237
2617,台航,3,0,3,凱基-敦北,2023-01-09,9237
2851,中再保,3,0,3,凱基-敦北,2023-01-09,9237
3141,晶宏,4,1,3,凱基-敦北,2023-01-09,9237
3545,敦泰,3,0,3,凱基-敦北,2023-01-09,9237
5410,國眾,3,0,3,凱基-敦北,2023-01-09,9237
6206,飛捷,3,0,3,凱基-敦北,2023-01-09,9237
3037,欣興,14,11,3,凱基-敦北,2023-01-09,9237
00650L,復華香港正2,3,1,2,凱基-敦北,2023-01-09,9237
00680L,元大美債20正2,2,0,2,凱基-敦北,2023-01-09,9237
2428,興勤,44,42,2,凱基-敦北,2023-01-09,9237
2495,普安,2,0,2,凱基-敦北,2023-01-09,9237
2546,根基,2,0,2,凱基-敦北,2023-01-09,9237
2610,華航,8,6,2,凱基-敦北,2023-01-09,9237
3036A,文曄甲特,2,0,2,凱基-敦北,2023-01-09,9237
3588,通嘉,2,0,2,凱基-敦北,2023-01-09,9237
3682,亞太電,2,0,2,凱基-敦北,2023-01-09,9237
3687,歐買尬,2,0,2,凱基-敦北,2023-01-09,9237
5284,jpp-KY,2,0,2,凱基-敦北,2023-01-09,9237
00753L,中信中國50正2,103,0,103,凱基-敦北,2023-01-10,9237
00665L,富邦�琤肭磪囓�2,100,0,100,凱基-敦北,2023-01-10,9237
2603,長榮,57,4,53,凱基-敦北,2023-01-10,9237
00637L,元大滬深300正2,45,0,45,凱基-敦北,2023-01-10,9237
3587,閎康,35,5,30,凱基-敦北,2023-01-10,9237
2303,聯電,28,4,24,凱基-敦北,2023-01-10,9237
2312,金寶,21,0,21,凱基-敦北,2023-01-10,9237
5351,鈺創,21,1,20,凱基-敦北,2023-01-10,9237
6282,康舒,18,0,18,凱基-敦北,2023-01-10,9237
1432,大魯閣,12,0,12,凱基-敦北,2023-01-10,9237
3706,神達,12,0,12,凱基-敦北,2023-01-10,9237
6533,晶心科,11,0,11,凱基-敦北,2023-01-10,9237
8050,廣積,11,0,11,凱基-敦北,2023-01-10,9237
00683L,期元大美元指正2,10,0,10,凱基-敦北,2023-01-10,9237
2032,新鋼,12,2,10,凱基-敦北,2023-01-10,9237
2929,淘帝-KY,10,0,10,凱基-敦北,2023-01-10,9237
4114,健喬,10,0,10,凱基-敦北,2023-01-10,9237
2338,光罩,9,0,9,凱基-敦北,2023-01-10,9237
2412,中華電,10,1,9,凱基-敦北,2023-01-10,9237
6234,高僑,10,2,8,凱基-敦北,2023-01-10,9237
3162,精確,20,13,7,凱基-敦北,2023-01-10,9237
8112,至上,7,0,7,凱基-敦北,2023-01-10,9237
00885,富邦越南,6,0,6,凱基-敦北,2023-01-10,9237
5425,台半,8,2,6,凱基-敦北,2023-01-10,9237
1513,中興電,5,0,5,凱基-敦北,2023-01-10,9237
2324,仁寶,5,0,5,凱基-敦北,2023-01-10,9237
2495,普安,5,0,5,凱基-敦北,2023-01-10,9237
2538,基泰,5,0,5,凱基-敦北,2023-01-10,9237
3231,緯創,5,0,5,凱基-敦北,2023-01-10,9237
4417,金洲,5,0,5,凱基-敦北,2023-01-10,9237
9907,統一實,5,0,5,凱基-敦北,2023-01-10,9237
2609,陽明,5,1,4,凱基-敦北,2023-01-10,9237
4130,健亞,4,0,4,凱基-敦北,2023-01-10,9237
8069,元太,8,5,3,凱基-敦北,2023-01-10,9237
6446,藥華藥,4,1,3,凱基-敦北,2023-01-10,9237
1101,台泥,3,0,3,凱基-敦北,2023-01-10,9237
00674R,期元大S＆P黃金反1,3,0,3,凱基-敦北,2023-01-10,9237
1314,中石化,3,0,3,凱基-敦北,2023-01-10,9237
1736,喬山,3,0,3,凱基-敦北,2023-01-10,9237
2031,新光鋼,3,0,3,凱基-敦北,2023-01-10,9237
2373,震旦行,3,0,3,凱基-敦北,2023-01-10,9237
2408,南亞科,6,3,3,凱基-敦北,2023-01-10,9237
2546,根基,3,0,3,凱基-敦北,2023-01-10,9237
3703,欣陸,3,0,3,凱基-敦北,2023-01-10,9237
4747,強生,3,0,3,凱基-敦北,2023-01-10,9237
4755,三福化,3,0,3,凱基-敦北,2023-01-10,9237
4908,前鼎,3,0,3,凱基-敦北,2023-01-10,9237
5450,南良,3,0,3,凱基-敦北,2023-01-10,9237
6226,光鼎,3,0,3,凱基-敦北,2023-01-10,9237
1325,恆大,2,0,2,凱基-敦北,2023-01-10,9237
6234,高僑,60,0,60,凱基-敦北,2023-01-11,9237
3071,協禧,30,0,30,凱基-敦北,2023-01-11,9237
3704,合勤控,51,30,21,凱基-敦北,2023-01-11,9237
3162,精確,21,0,21,凱基-敦北,2023-01-11,9237
2412,中華電,20,1,19,凱基-敦北,2023-01-11,9237
5009,榮剛,20,2,18,凱基-敦北,2023-01-11,9237
2338,光罩,15,4,11,凱基-敦北,2023-01-11,9237
2618,長榮航,14,3,11,凱基-敦北,2023-01-11,9237
4114,健喬,21,10,11,凱基-敦北,2023-01-11,9237
3587,閎康,41,31,10,凱基-敦北,2023-01-11,9237
3441,聯一光,10,0,10,凱基-敦北,2023-01-11,9237
4903,聯光通,10,0,10,凱基-敦北,2023-01-11,9237
4989,榮科,10,0,10,凱基-敦北,2023-01-11,9237
1220,台榮,9,0,9,凱基-敦北,2023-01-11,9237
5450,南良,8,0,8,凱基-敦北,2023-01-11,9237
9904,寶成,7,0,7,凱基-敦北,2023-01-11,9237
00713,元大台灣高息低波,6,0,6,凱基-敦北,2023-01-11,9237
2380,虹光,6,0,6,凱基-敦北,2023-01-11,9237
2498,宏達電,6,0,6,凱基-敦北,2023-01-11,9237
00681R,元大美債20反1,5,0,5,凱基-敦北,2023-01-11,9237
00648R,元大S＆P500反1,5,0,5,凱基-敦北,2023-01-11,9237
2610,華航,17,12,5,凱基-敦北,2023-01-11,9237
8050,廣積,5,0,5,凱基-敦北,2023-01-11,9237
00773B,中信優先金融債,4,0,4,凱基-敦北,2023-01-11,9237
2014,中鴻,5,1,4,凱基-敦北,2023-01-11,9237
2495,普安,4,0,4,凱基-敦北,2023-01-11,9237
2885,元大金,6,2,4,凱基-敦北,2023-01-11,9237
3232,昱捷,4,0,4,凱基-敦北,2023-01-11,9237
3466,德晉,4,0,4,凱基-敦北,2023-01-11,9237
4977,眾達-KY,12,8,4,凱基-敦北,2023-01-11,9237
6689,伊雲谷,8,4,4,凱基-敦北,2023-01-11,9237
1795,美時,9,6,3,凱基-敦北,2023-01-11,9237
00862B,中信投資級公司債,3,0,3,凱基-敦北,2023-01-11,9237
00641R,富邦日本反1,3,0,3,凱基-敦北,2023-01-11,9237
00751B,元大AAA至A公司債,3,0,3,凱基-敦北,2023-01-11,9237
2883,凱基金,5,2,3,凱基-敦北,2023-01-11,9237
3211,順達,3,0,3,凱基-敦北,2023-01-11,9237
3402,漢科,3,0,3,凱基-敦北,2023-01-11,9237
4746,台耀,3,0,3,凱基-敦北,2023-01-11,9237
6244,茂迪,3,0,3,凱基-敦北,2023-01-11,9237
0050,元大台灣50,3,0,3,凱基-敦北,2023-01-11,9237
1701,中化,2,0,2,凱基-敦北,2023-01-11,9237
00900,富邦特選高股息30,2,0,2,凱基-敦北,2023-01-11,9237
00895,富邦未來車,2,0,2,凱基-敦北,2023-01-11,9237
00632R,元大台灣50反1,2,0,2,凱基-敦北,2023-01-11,9237
2344,華邦電,3,1,2,凱基-敦北,2023-01-11,9237
2359,所羅門,4,2,2,凱基-敦北,2023-01-11,9237
2413,環科,2,0,2,凱基-敦北,2023-01-11,9237
2538,基泰,2,0,2,凱基-敦北,2023-01-11,9237
3511,矽瑪,2,0,2,凱基-敦北,2023-01-11,9237
00753L,中信中國50正2,202,0,202,凱基-敦北,2023-01-12,9237
8076,伍豐,60,0,60,凱基-敦北,2023-01-12,9237
2888,新光金,50,0,50,凱基-敦北,2023-01-12,9237
2609,陽明,26,1,25,凱基-敦北,2023-01-12,9237
6104,創惟,22,1,21,凱基-敦北,2023-01-12,9237
00633L,富邦上証正2,20,0,20,凱基-敦北,2023-01-12,9237
2331,精英,20,0,20,凱基-敦北,2023-01-12,9237
2368,金像電,20,0,20,凱基-敦北,2023-01-12,9237
3162,精確,17,0,17,凱基-敦北,2023-01-12,9237
2633,台灣高鐵,15,0,15,凱基-敦北,2023-01-12,9237
2412,中華電,15,0,15,凱基-敦北,2023-01-12,9237
8046,南電,16,1,15,凱基-敦北,2023-01-12,9237
3481,群創,19,4,15,凱基-敦北,2023-01-12,9237
00878,國泰永續高股息,14,0,14,凱基-敦北,2023-01-12,9237
2303,聯電,14,3,11,凱基-敦北,2023-01-12,9237
1752,南光,10,0,10,凱基-敦北,2023-01-12,9237
2890,永豐金,10,0,10,凱基-敦北,2023-01-12,9237
3050,鈺德,10,0,10,凱基-敦北,2023-01-12,9237
4726,永昕,10,0,10,凱基-敦北,2023-01-12,9237
2358,廷鑫,17,11,6,凱基-敦北,2023-01-12,9237
2317,鴻海,6,1,5,凱基-敦北,2023-01-12,9237
00681R,元大美債20反1,5,0,5,凱基-敦北,2023-01-12,9237
00680L,元大美債20正2,5,0,5,凱基-敦北,2023-01-12,9237
1229,聯華,5,0,5,凱基-敦北,2023-01-12,9237
1536,和大,5,0,5,凱基-敦北,2023-01-12,9237
6138,茂達,5,0,5,凱基-敦北,2023-01-12,9237
6147,頎邦,5,0,5,凱基-敦北,2023-01-12,9237
6180,橘子,5,0,5,凱基-敦北,2023-01-12,9237
6472,保瑞,5,0,5,凱基-敦北,2023-01-12,9237
2308,台達電,4,0,4,凱基-敦北,2023-01-12,9237
1802,台玻,6,2,4,凱基-敦北,2023-01-12,9237
2236,百達-KY,4,0,4,凱基-敦北,2023-01-12,9237
2546,根基,4,0,4,凱基-敦北,2023-01-12,9237
2617,台航,4,0,4,凱基-敦北,2023-01-12,9237
3625,西勝,4,0,4,凱基-敦北,2023-01-12,9237
4130,健亞,4,0,4,凱基-敦北,2023-01-12,9237
5512,力麒,4,0,4,凱基-敦北,2023-01-12,9237
4743,合一,4,1,3,凱基-敦北,2023-01-12,9237
4904,遠傳,3,0,3,凱基-敦北,2023-01-12,9237
3034,聯詠,3,0,3,凱基-敦北,2023-01-12,9237
00882,中信中國高股息,3,0,3,凱基-敦北,2023-01-12,9237
0056,元大高股息,3,0,3,凱基-敦北,2023-01-12,9237
1475,業旺,3,0,3,凱基-敦北,2023-01-12,9237
2014,中鴻,294,291,3,凱基-敦北,2023-01-12,9237
2201,裕隆,8,5,3,凱基-敦北,2023-01-12,9237
2356,英業達,3,0,3,凱基-敦北,2023-01-12,9237
2615,萬海,29,26,3,凱基-敦北,2023-01-12,9237
3447,展達,3,0,3,凱基-敦北,2023-01-12,9237
5251,天鉞電,3,0,3,凱基-敦北,2023-01-12,9237
6226,光鼎,3,0,3,凱基-敦北,2023-01-12,9237
2032,新鋼,31,1,30,凱基-敦北,2023-01-13,9237
1752,南光,16,1,15,凱基-敦北,2023-01-13,9237
5519,隆大,13,0,13,凱基-敦北,2023-01-13,9237
2312,金寶,12,0,12,凱基-敦北,2023-01-13,9237
2344,華邦電,17,6,11,凱基-敦北,2023-01-13,9237
2368,金像電,11,0,11,凱基-敦北,2023-01-13,9237
3704,合勤控,10,0,10,凱基-敦北,2023-01-13,9237
1609,大亞,10,0,10,凱基-敦北,2023-01-13,9237
2107,厚生,10,0,10,凱基-敦北,2023-01-13,9237
2412,中華電,10,0,10,凱基-敦北,2023-01-13,9237
5340,建榮,10,0,10,凱基-敦北,2023-01-13,9237
00701,國泰股利精選30,9,0,9,凱基-敦北,2023-01-13,9237
3591,艾笛森,9,0,9,凱基-敦北,2023-01-13,9237
6788,華景電,8,0,8,凱基-敦北,2023-01-13,9237
2392,正崴,7,0,7,凱基-敦北,2023-01-13,9237
2610,華航,25,18,7,凱基-敦北,2023-01-13,9237
6226,光鼎,7,0,7,凱基-敦北,2023-01-13,9237
2457,飛宏,6,0,6,凱基-敦北,2023-01-13,9237
6767,台微醫,6,0,6,凱基-敦北,2023-01-13,9237
00921,兆豐龍頭等權重,5,0,5,凱基-敦北,2023-01-13,9237
2916,滿心,5,0,5,凱基-敦北,2023-01-13,9237
4114,健喬,10,5,5,凱基-敦北,2023-01-13,9237
6147,頎邦,5,0,5,凱基-敦北,2023-01-13,9237
6220,岳豐,5,0,5,凱基-敦北,2023-01-13,9237
9136,巨騰-DR,5,0,5,凱基-敦北,2023-01-13,9237
2201,裕隆,4,0,4,凱基-敦北,2023-01-13,9237
2338,光罩,5,1,4,凱基-敦北,2023-01-13,9237
3162,精確,4,0,4,凱基-敦北,2023-01-13,9237
3325,旭品,4,0,4,凱基-敦北,2023-01-13,9237
00773B,中信優先金融債,4,0,4,凱基-敦北,2023-01-13,9237
2609,陽明,13,10,3,凱基-敦北,2023-01-13,9237
1455,集盛,3,0,3,凱基-敦北,2023-01-13,9237
00893,國泰智能電動車,3,0,3,凱基-敦北,2023-01-13,9237
00632R,元大台灣50反1,3,0,3,凱基-敦北,2023-01-13,9237
00878,國泰永續高股息,3,0,3,凱基-敦北,2023-01-13,9237
00862B,中信投資級公司債,3,0,3,凱基-敦北,2023-01-13,9237
2031,新光鋼,3,0,3,凱基-敦北,2023-01-13,9237
2388,威盛,23,20,3,凱基-敦北,2023-01-13,9237
2915,潤泰全,3,0,3,凱基-敦北,2023-01-13,9237
5263,智崴,3,0,3,凱基-敦北,2023-01-13,9237
6104,創惟,6,3,3,凱基-敦北,2023-01-13,9237
6138,茂達,3,0,3,凱基-敦北,2023-01-13,9237
8046,南電,7,4,3,凱基-敦北,2023-01-13,9237
00681R,元大美債20反1,2,0,2,凱基-敦北,2023-01-13,9237
2352,佳世達,2,0,2,凱基-敦北,2023-01-13,9237
2358,廷鑫,3,1,2,凱基-敦北,2023-01-13,9237
2367,燿華,2,0,2,凱基-敦北,2023-01-13,9237
2515,中工,2,0,2,凱基-敦北,2023-01-13,9237
2727,王品,2,0,2,凱基-敦北,2023-01-13,9237
3511,矽瑪,2,0,2,凱基-敦北,2023-01-13,9237
3591,艾笛森,142,0,142,凱基-敦北,2023-01-16,9237
1101,台泥,122,4,118,凱基-敦北,2023-01-16,9237
00753L,中信中國50正2,100,20,80,凱基-敦北,2023-01-16,9237
6235,華孚,60,0,60,凱基-敦北,2023-01-16,9237
1513,中興電,54,1,53,凱基-敦北,2023-01-16,9237
00676R,富邦臺灣加權反1,50,0,50,凱基-敦北,2023-01-16,9237
2002,中鋼,50,0,50,凱基-敦北,2023-01-16,9237
2890,永豐金,41,0,41,凱基-敦北,2023-01-16,9237
1609,大亞,30,0,30,凱基-敦北,2023-01-16,9237
1815,富喬,20,0,20,凱基-敦北,2023-01-16,9237
3050,鈺德,20,0,20,凱基-敦北,2023-01-16,9237
3325,旭品,18,0,18,凱基-敦北,2023-01-16,9237
5340,建榮,18,0,18,凱基-敦北,2023-01-16,9237
00882,中信中國高股息,15,0,15,凱基-敦北,2023-01-16,9237
1760,寶齡富錦,15,1,14,凱基-敦北,2023-01-16,9237
00900,富邦特選高股息30,10,0,10,凱基-敦北,2023-01-16,9237
00905,FT臺灣Smart,10,0,10,凱基-敦北,2023-01-16,9237
2392,正崴,10,0,10,凱基-敦北,2023-01-16,9237
2412,中華電,10,0,10,凱基-敦北,2023-01-16,9237
2462,良得電,10,0,10,凱基-敦北,2023-01-16,9237
3162,精確,10,0,10,凱基-敦北,2023-01-16,9237
4566,時碩工業,10,0,10,凱基-敦北,2023-01-16,9237
8155,博智,30,20,10,凱基-敦北,2023-01-16,9237
3388,崇越電,9,0,9,凱基-敦北,2023-01-16,9237
00878,國泰永續高股息,16,9,7,凱基-敦北,2023-01-16,9237
3665,貿聯-KY,8,1,7,凱基-敦北,2023-01-16,9237
4743,合一,10,3,7,凱基-敦北,2023-01-16,9237
2317,鴻海,6,0,6,凱基-敦北,2023-01-16,9237
2916,滿心,6,0,6,凱基-敦北,2023-01-16,9237
4105,東洋,6,0,6,凱基-敦北,2023-01-16,9237
00679B,元大美債20年,5,0,5,凱基-敦北,2023-01-16,9237
1445,大宇,5,0,5,凱基-敦北,2023-01-16,9237
00683L,期元大美元指正2,5,0,5,凱基-敦北,2023-01-16,9237
2031,新光鋼,5,0,5,凱基-敦北,2023-01-16,9237
2401,凌陽,5,0,5,凱基-敦北,2023-01-16,9237
2867,三商壽,5,0,5,凱基-敦北,2023-01-16,9237
3013,晟銘電,5,0,5,凱基-敦北,2023-01-16,9237
3494,誠研,5,0,5,凱基-敦北,2023-01-16,9237
4989,榮科,5,0,5,凱基-敦北,2023-01-16,9237
6179,亞通,5,0,5,凱基-敦北,2023-01-16,9237
6548,長科*,5,0,5,凱基-敦北,2023-01-16,9237
8215,明基材,5,0,5,凱基-敦北,2023-01-16,9237
8454,富邦媒,5,0,5,凱基-敦北,2023-01-16,9237
9940,信義,5,0,5,凱基-敦北,2023-01-16,9237
00632R,元大台灣50反1,11,7,4,凱基-敦北,2023-01-16,9237
2617,台航,4,0,4,凱基-敦北,2023-01-16,9237
2732,六角,4,0,4,凱基-敦北,2023-01-16,9237
2756,聯發國際,4,0,4,凱基-敦北,2023-01-16,9237
3447,展達,4,0,4,凱基-敦北,2023-01-16,9237
2338,光罩,3,0,3,凱基-敦北,2023-01-16,9237
1101,台泥,101,5,96,凱基-敦北,2023-01-17,9237
3050,鈺德,45,0,45,凱基-敦北,2023-01-17,9237
3591,艾笛森,43,0,43,凱基-敦北,2023-01-17,9237
2748,雲品,63,36,27,凱基-敦北,2023-01-17,9237
2412,中華電,25,0,25,凱基-敦北,2023-01-17,9237
00632R,元大台灣50反1,20,0,20,凱基-敦北,2023-01-17,9237
2883,凱基金,20,2,18,凱基-敦北,2023-01-17,9237
00878,國泰永續高股息,16,1,15,凱基-敦北,2023-01-17,9237
6223,旺矽,16,3,13,凱基-敦北,2023-01-17,9237
1815,富喬,10,0,10,凱基-敦北,2023-01-17,9237
00738U,期元大道瓊白銀,10,0,10,凱基-敦北,2023-01-17,9237
00770,國泰北美科技,10,0,10,凱基-敦北,2023-01-17,9237
6548,長科*,10,0,10,凱基-敦北,2023-01-17,9237
5425,台半,13,4,9,凱基-敦北,2023-01-17,9237
6767,台微醫,10,1,9,凱基-敦北,2023-01-17,9237
4168,醣聯,8,0,8,凱基-敦北,2023-01-17,9237
00882,中信中國高股息,9,2,7,凱基-敦北,2023-01-17,9237
4979,華星光,60,53,7,凱基-敦北,2023-01-17,9237
2610,華航,14,8,6,凱基-敦北,2023-01-17,9237
00683L,期元大美元指正2,5,0,5,凱基-敦北,2023-01-17,9237
00753L,中信中國50正2,5,0,5,凱基-敦北,2023-01-17,9237
8069,元太,7,2,5,凱基-敦北,2023-01-17,9237
2462,良得電,4,0,4,凱基-敦北,2023-01-17,9237
4503,金雨,4,0,4,凱基-敦北,2023-01-17,9237
6179,亞通,4,0,4,凱基-敦北,2023-01-17,9237
6226,光鼎,4,0,4,凱基-敦北,2023-01-17,9237
2454,聯發科,4,1,3,凱基-敦北,2023-01-17,9237
00772B,中信高評級公司債,3,0,3,凱基-敦北,2023-01-17,9237
1752,南光,3,0,3,凱基-敦北,2023-01-17,9237
2753,八方雲集,4,1,3,凱基-敦北,2023-01-17,9237
5608,四維航,3,0,3,凱基-敦北,2023-01-17,9237
6180,橘子,3,0,3,凱基-敦北,2023-01-17,9237
3037,欣興,2,0,2,凱基-敦北,2023-01-17,9237
2615,萬海,27,25,2,凱基-敦北,2023-01-17,9237
1584,精剛,2,0,2,凱基-敦北,2023-01-17,9237
1475,業旺,2,0,2,凱基-敦北,2023-01-17,9237
00915,凱基優選高股息30,2,0,2,凱基-敦北,2023-01-17,9237
00637L,元大滬深300正2,2,0,2,凱基-敦北,2023-01-17,9237
2373,震旦行,2,0,2,凱基-敦北,2023-01-17,9237
2387,精元,2,0,2,凱基-敦北,2023-01-17,9237
2838,聯邦銀,2,0,2,凱基-敦北,2023-01-17,9237
2849,安泰銀,2,0,2,凱基-敦北,2023-01-17,9237
2887,台新金,2,0,2,凱基-敦北,2023-01-17,9237
3042,晶技,2,0,2,凱基-敦北,2023-01-17,9237
3141,晶宏,2,0,2,凱基-敦北,2023-01-17,9237
3707,漢磊,2,0,2,凱基-敦北,2023-01-17,9237
4105,東洋,2,0,2,凱基-敦北,2023-01-17,9237
5321,美而快,2,0,2,凱基-敦北,2023-01-17,9237
5351,鈺創,2,0,2,凱基-敦北,2023-01-17,9237
5475,德宏,2,0,2,凱基-敦北,2023-01-17,9237
1101,台泥,302,2,300,凱基-敦北,2023-01-30,9237
00671R,富邦NASDAQ反1,95,0,95,凱基-敦北,2023-01-30,9237
00905,FT臺灣Smart,60,0,60,凱基-敦北,2023-01-30,9237
3591,艾笛森,45,0,45,凱基-敦北,2023-01-30,9237
4566,時碩工業,42,0,42,凱基-敦北,2023-01-30,9237
00885,富邦越南,54,19,35,凱基-敦北,2023-01-30,9237
2354,鴻準,31,1,30,凱基-敦北,2023-01-30,9237
6223,旺矽,51,22,29,凱基-敦北,2023-01-30,9237
1815,富喬,20,0,20,凱基-敦北,2023-01-30,9237
2890,永豐金,20,0,20,凱基-敦北,2023-01-30,9237
3325,旭品,20,0,20,凱基-敦北,2023-01-30,9237
4919,新唐,25,5,20,凱基-敦北,2023-01-30,9237
9904,寶成,20,0,20,凱基-敦北,2023-01-30,9237
00888,永豐台灣ESG,20,1,19,凱基-敦北,2023-01-30,9237
2317,鴻海,17,1,16,凱基-敦北,2023-01-30,9237
1591,駿吉-KY,15,1,14,凱基-敦北,2023-01-30,9237
2888,新光金,20,6,14,凱基-敦北,2023-01-30,9237
3494,誠研,13,0,13,凱基-敦北,2023-01-30,9237
3037,欣興,16,5,11,凱基-敦北,2023-01-30,9237
6234,高僑,20,9,11,凱基-敦北,2023-01-30,9237
2867,三商壽,10,0,10,凱基-敦北,2023-01-30,9237
00720B,元大投資級公司債,10,0,10,凱基-敦北,2023-01-30,9237
2362,藍天,10,0,10,凱基-敦北,2023-01-30,9237
2412,中華電,10,0,10,凱基-敦北,2023-01-30,9237
2428,興勤,10,0,10,凱基-敦北,2023-01-30,9237
3162,精確,20,10,10,凱基-敦北,2023-01-30,9237
8155,博智,10,0,10,凱基-敦北,2023-01-30,9237
8996,高力,52,44,8,凱基-敦北,2023-01-30,9237
00757,統一FANG+,7,0,7,凱基-敦北,2023-01-30,9237
00725B,國泰投資級公司債,7,0,7,凱基-敦北,2023-01-30,9237
00632R,元大台灣50反1,42,35,7,凱基-敦北,2023-01-30,9237
2891,中信金,17,10,7,凱基-敦北,2023-01-30,9237
6767,台微醫,11,4,7,凱基-敦北,2023-01-30,9237
00679B,元大美債20年,6,0,6,凱基-敦北,2023-01-30,9237
00715L,期街口布蘭特正2,7,1,6,凱基-敦北,2023-01-30,9237
6799,來頡,6,0,6,凱基-敦北,2023-01-30,9237
8085,福華,6,0,6,凱基-敦北,2023-01-30,9237
3447,展達,5,0,5,凱基-敦北,2023-01-30,9237
3498,陽程,5,0,5,凱基-敦北,2023-01-30,9237
6153,嘉聯益,5,0,5,凱基-敦北,2023-01-30,9237
6215,和椿,7,2,5,凱基-敦北,2023-01-30,9237
6274,台燿,5,0,5,凱基-敦北,2023-01-30,9237
6770,力積電,8,3,5,凱基-敦北,2023-01-30,9237
3532,台勝科,4,0,4,凱基-敦北,2023-01-30,9237
00862B,中信投資級公司債,3,0,3,凱基-敦北,2023-01-30,9237
2753,八方雲集,4,1,3,凱基-敦北,2023-01-30,9237
00751B,元大AAA至A公司債,3,0,3,凱基-敦北,2023-01-30,9237
00692,富邦公司治理,4,1,3,凱基-敦北,2023-01-30,9237
2352,佳世達,3,0,3,凱基-敦北,2023-01-30,9237
2640,大車隊,3,0,3,凱基-敦北,2023-01-30,9237
00878,國泰永續高股息,156,21,135,凱基-敦北,2023-01-31,9237
1101,台泥,102,2,100,凱基-敦北,2023-01-31,9237
00753L,中信中國50正2,70,0,70,凱基-敦北,2023-01-31,9237
4961,天鈺,74,4,70,凱基-敦北,2023-01-31,9237
1701,中化,50,0,50,凱基-敦北,2023-01-31,9237
1752,南光,40,0,40,凱基-敦北,2023-01-31,9237
00665L,富邦�琤肭磪囓�2,30,0,30,凱基-敦北,2023-01-31,9237
3290,東浦,35,5,30,凱基-敦北,2023-01-31,9237
2412,中華電,33,8,25,凱基-敦北,2023-01-31,9237
2498,宏達電,40,17,23,凱基-敦北,2023-01-31,9237
9802,鈺齊-KY,21,0,21,凱基-敦北,2023-01-31,9237
3162,精確,20,0,20,凱基-敦北,2023-01-31,9237
8105,凌巨,20,0,20,凱基-敦北,2023-01-31,9237
1336,台翰,12,0,12,凱基-敦北,2023-01-31,9237
2890,永豐金,10,0,10,凱基-敦北,2023-01-31,9237
6830,汎銓,10,0,10,凱基-敦北,2023-01-31,9237
00637L,元大滬深300正2,8,0,8,凱基-敦北,2023-01-31,9237
2023,燁輝,12,4,8,凱基-敦北,2023-01-31,9237
2338,光罩,8,0,8,凱基-敦北,2023-01-31,9237
3027,盛達,8,0,8,凱基-敦北,2023-01-31,9237
4566,時碩工業,8,0,8,凱基-敦北,2023-01-31,9237
6531,愛普*,11,3,8,凱基-敦北,2023-01-31,9237
2201,裕隆,115,107,8,凱基-敦北,2023-01-31,9237
00895,富邦未來車,7,0,7,凱基-敦北,2023-01-31,9237
2891,中信金,6,0,6,凱基-敦北,2023-01-31,9237
3591,艾笛森,6,0,6,凱基-敦北,2023-01-31,9237
4105,東洋,6,0,6,凱基-敦北,2023-01-31,9237
6168,宏齊,6,0,6,凱基-敦北,2023-01-31,9237
00720B,元大投資級公司債,6,0,6,凱基-敦北,2023-01-31,9237
00648R,元大S＆P500反1,5,0,5,凱基-敦北,2023-01-31,9237
2408,南亞科,5,0,5,凱基-敦北,2023-01-31,9237
3045,台灣大,5,0,5,凱基-敦北,2023-01-31,9237
6609,瀧澤科,5,0,5,凱基-敦北,2023-01-31,9237
8478,東哥遊艇,5,0,5,凱基-敦北,2023-01-31,9237
2637,慧洋-KY,5,0,5,凱基-敦北,2023-01-31,9237
00773B,中信優先金融債,4,0,4,凱基-敦北,2023-01-31,9237
00893,國泰智能電動車,4,0,4,凱基-敦北,2023-01-31,9237
2748,雲品,4,0,4,凱基-敦北,2023-01-31,9237
3017,奇鋐,5,1,4,凱基-敦北,2023-01-31,9237
6799,來頡,4,0,4,凱基-敦北,2023-01-31,9237
8422,可寧衛,3,0,3,凱基-敦北,2023-01-31,9237
00642U,期元大S＆P石油,3,0,3,凱基-敦北,2023-01-31,9237
1477,聚陽,3,0,3,凱基-敦北,2023-01-31,9237
2324,仁寶,3,0,3,凱基-敦北,2023-01-31,9237
2851,中再保,3,0,3,凱基-敦北,2023-01-31,9237
3035,智原,4,1,3,凱基-敦北,2023-01-31,9237
5272,笙科,3,0,3,凱基-敦北,2023-01-31,9237
5425,台半,20,17,3,凱基-敦北,2023-01-31,9237
8155,博智,4,1,3,凱基-敦北,2023-01-31,9237
8358,金居,3,0,3,凱基-敦北,2023-01-31,9237
2317,鴻海,78,1,77,凱基-敦北,2023-02-01,9237
1701,中化,39,3,36,凱基-敦北,2023-02-01,9237
2412,中華電,28,0,28,凱基-敦北,2023-02-01,9237
2303,聯電,43,17,26,凱基-敦北,2023-02-01,9237
2903,遠百,20,0,20,凱基-敦北,2023-02-01,9237
6550,北極星藥業-KY,15,0,15,凱基-敦北,2023-02-01,9237
3231,緯創,15,0,15,凱基-敦北,2023-02-01,9237
8076,伍豐,20,5,15,凱基-敦北,2023-02-01,9237
00900,富邦特選高股息30,13,0,13,凱基-敦北,2023-02-01,9237
00720B,元大投資級公司債,13,0,13,凱基-敦北,2023-02-01,9237
2610,華航,20,7,13,凱基-敦北,2023-02-01,9237
2891,中信金,12,0,12,凱基-敦北,2023-02-01,9237
00882,中信中國高股息,10,0,10,凱基-敦北,2023-02-01,9237
2834,臺企銀,10,0,10,凱基-敦北,2023-02-01,9237
3033,威健,10,0,10,凱基-敦北,2023-02-01,9237
00878,國泰永續高股息,10,1,9,凱基-敦北,2023-02-01,9237
00773B,中信優先金融債,9,0,9,凱基-敦北,2023-02-01,9237
4572,駐龍,9,0,9,凱基-敦北,2023-02-01,9237
2344,華邦電,21,13,8,凱基-敦北,2023-02-01,9237
1605,華新,55,48,7,凱基-敦北,2023-02-01,9237
2351,順德,7,0,7,凱基-敦北,2023-02-01,9237
2230,泰茂,6,0,6,凱基-敦北,2023-02-01,9237
3035,智原,8,2,6,凱基-敦北,2023-02-01,9237
00772B,中信高評級公司債,5,0,5,凱基-敦北,2023-02-01,9237
1618,合機,5,0,5,凱基-敦北,2023-02-01,9237
00671R,富邦NASDAQ反1,5,0,5,凱基-敦北,2023-02-01,9237
00892,富邦台灣半導體,5,0,5,凱基-敦北,2023-02-01,9237
2313,華通,6,1,5,凱基-敦北,2023-02-01,9237
2362,藍天,5,0,5,凱基-敦北,2023-02-01,9237
3481,群創,5,0,5,凱基-敦北,2023-02-01,9237
5272,笙科,5,0,5,凱基-敦北,2023-02-01,9237
6143,振曜,5,0,5,凱基-敦北,2023-02-01,9237
9933,中鼎,5,0,5,凱基-敦北,2023-02-01,9237
8478,東哥遊艇,6,1,5,凱基-敦北,2023-02-01,9237
2330,台積電,6,2,4,凱基-敦北,2023-02-01,9237
00891,中信關鍵半導體,4,0,4,凱基-敦北,2023-02-01,9237
2314,台揚,5,1,4,凱基-敦北,2023-02-01,9237
3017,奇鋐,9,5,4,凱基-敦北,2023-02-01,9237
4942,嘉彰,4,0,4,凱基-敦北,2023-02-01,9237
4977,眾達-KY,10,6,4,凱基-敦北,2023-02-01,9237
5347,世界,4,0,4,凱基-敦北,2023-02-01,9237
6179,亞通,4,0,4,凱基-敦北,2023-02-01,9237
1612,宏泰,3,0,3,凱基-敦北,2023-02-01,9237
1447,力鵬,3,0,3,凱基-敦北,2023-02-01,9237
00673R,期元大S＆P原油反1,3,0,3,凱基-敦北,2023-02-01,9237
00919,群益台灣精選高息,3,0,3,凱基-敦北,2023-02-01,9237
3479,安勤,4,1,3,凱基-敦北,2023-02-01,9237
4148,全宇生技-KY,3,0,3,凱基-敦北,2023-02-01,9237
4961,天鈺,3,0,3,凱基-敦北,2023-02-01,9237
6472,保瑞,3,0,3,凱基-敦北,2023-02-01,9237
1815,富喬,60,0,60,凱基-敦北,2023-02-02,9237
00671R,富邦NASDAQ反1,58,5,53,凱基-敦北,2023-02-02,9237
5285,界霖,50,10,40,凱基-敦北,2023-02-02,9237
6134,萬旭,43,3,40,凱基-敦北,2023-02-02,9237
00749B,凱基新興債10+,30,0,30,凱基-敦北,2023-02-02,9237
6770,力積電,28,6,22,凱基-敦北,2023-02-02,9237
1432,大魯閣,40,20,20,凱基-敦北,2023-02-02,9237
6282,康舒,31,13,18,凱基-敦北,2023-02-02,9237
00885,富邦越南,26,8,18,凱基-敦北,2023-02-02,9237
6719,力智,19,4,15,凱基-敦北,2023-02-02,9237
00891,中信關鍵半導體,16,3,13,凱基-敦北,2023-02-02,9237
2618,長榮航,14,2,12,凱基-敦北,2023-02-02,9237
6244,茂迪,21,10,11,凱基-敦北,2023-02-02,9237
2614,東森,11,0,11,凱基-敦北,2023-02-02,9237
2329,華泰,10,0,10,凱基-敦北,2023-02-02,9237
00773B,中信優先金融債,10,0,10,凱基-敦北,2023-02-02,9237
00683L,期元大美元指正2,10,0,10,凱基-敦北,2023-02-02,9237
2010,春源,10,0,10,凱基-敦北,2023-02-02,9237
2406,國碩,10,0,10,凱基-敦北,2023-02-02,9237
2412,中華電,10,0,10,凱基-敦北,2023-02-02,9237
3682,亞太電,10,0,10,凱基-敦北,2023-02-02,9237
4114,健喬,10,0,10,凱基-敦北,2023-02-02,9237
8926,台汽電,30,20,10,凱基-敦北,2023-02-02,9237
9942,茂順,10,0,10,凱基-敦北,2023-02-02,9237
2891,中信金,10,1,9,凱基-敦北,2023-02-02,9237
3033,威健,8,0,8,凱基-敦北,2023-02-02,9237
6234,高僑,20,12,8,凱基-敦北,2023-02-02,9237
6443,元晶,9,1,8,凱基-敦北,2023-02-02,9237
6781,AES-KY,9,1,8,凱基-敦北,2023-02-02,9237
2201,裕隆,9,2,7,凱基-敦北,2023-02-02,9237
1101,台泥,7,0,7,凱基-敦北,2023-02-02,9237
3479,安勤,7,0,7,凱基-敦北,2023-02-02,9237
1336,台翰,10,4,6,凱基-敦北,2023-02-02,9237
00715L,期街口布蘭特正2,6,0,6,凱基-敦北,2023-02-02,9237
1513,中興電,9,3,6,凱基-敦北,2023-02-02,9237
2610,華航,31,25,6,凱基-敦北,2023-02-02,9237
2884,玉山金,6,0,6,凱基-敦北,2023-02-02,9237
3207,耀勝,6,0,6,凱基-敦北,2023-02-02,9237
4128,中天,6,0,6,凱基-敦北,2023-02-02,9237
1477,聚陽,6,1,5,凱基-敦北,2023-02-02,9237
2929,淘帝-KY,5,0,5,凱基-敦北,2023-02-02,9237
5607,遠雄港,5,0,5,凱基-敦北,2023-02-02,9237
3624,光頡,5,0,5,凱基-敦北,2023-02-02,9237
00679B,元大美債20年,4,0,4,凱基-敦北,2023-02-02,9237
00907,永豐優息存股,4,0,4,凱基-敦北,2023-02-02,9237
1342,八貫,9,5,4,凱基-敦北,2023-02-02,9237
2358,廷鑫,5,1,4,凱基-敦北,2023-02-02,9237
5371,中光電,4,0,4,凱基-敦北,2023-02-02,9237
6209,今國光,4,0,4,凱基-敦北,2023-02-02,9237
6470,宇智,4,0,4,凱基-敦北,2023-02-02,9237
3017,奇鋐,204,2,202,凱基-敦北,2023-02-03,9237
00905,FT臺灣Smart,180,0,180,凱基-敦北,2023-02-03,9237
2498,宏達電,176,56,120,凱基-敦北,2023-02-03,9237
3481,群創,109,2,107,凱基-敦北,2023-02-03,9237
2481,強茂,75,28,47,凱基-敦北,2023-02-03,9237
8076,伍豐,40,0,40,凱基-敦北,2023-02-03,9237
6799,來頡,32,0,32,凱基-敦北,2023-02-03,9237
00632R,元大台灣50反1,30,0,30,凱基-敦北,2023-02-03,9237
1815,富喬,20,0,20,凱基-敦北,2023-02-03,9237
3479,安勤,20,0,20,凱基-敦北,2023-02-03,9237
6234,高僑,20,0,20,凱基-敦北,2023-02-03,9237
2344,華邦電,27,8,19,凱基-敦北,2023-02-03,9237
00637L,元大滬深300正2,18,0,18,凱基-敦北,2023-02-03,9237
3162,精確,18,0,18,凱基-敦北,2023-02-03,9237
00671R,富邦NASDAQ反1,20,5,15,凱基-敦北,2023-02-03,9237
1591,駿吉-KY,15,0,15,凱基-敦北,2023-02-03,9237
2329,華泰,14,0,14,凱基-敦北,2023-02-03,9237
8358,金居,12,0,12,凱基-敦北,2023-02-03,9237
2317,鴻海,11,0,11,凱基-敦北,2023-02-03,9237
2406,國碩,10,0,10,凱基-敦北,2023-02-03,9237
1216,統一,10,0,10,凱基-敦北,2023-02-03,9237
00680L,元大美債20正2,10,0,10,凱基-敦北,2023-02-03,9237
2515,中工,10,0,10,凱基-敦北,2023-02-03,9237
2612,中航,10,0,10,凱基-敦北,2023-02-03,9237
2929,淘帝-KY,10,0,10,凱基-敦北,2023-02-03,9237
3587,閎康,10,0,10,凱基-敦北,2023-02-03,9237
3703,欣陸,10,0,10,凱基-敦北,2023-02-03,9237
5340,建榮,10,0,10,凱基-敦北,2023-02-03,9237
6411,晶焱,20,10,10,凱基-敦北,2023-02-03,9237
2881,富邦金,9,0,9,凱基-敦北,2023-02-03,9237
2031,新光鋼,9,0,9,凱基-敦北,2023-02-03,9237
00631L,元大台灣50正2,8,0,8,凱基-敦北,2023-02-03,9237
00679B,元大美債20年,8,0,8,凱基-敦北,2023-02-03,9237
8085,福華,8,0,8,凱基-敦北,2023-02-03,9237
00882,中信中國高股息,7,0,7,凱基-敦北,2023-02-03,9237
2328,廣宇,7,0,7,凱基-敦北,2023-02-03,9237
3374,精材,7,0,7,凱基-敦北,2023-02-03,9237
2409,友達,9,2,7,凱基-敦北,2023-02-03,9237
2230,泰茂,38,32,6,凱基-敦北,2023-02-03,9237
3178,公準,6,0,6,凱基-敦北,2023-02-03,9237
6209,今國光,6,0,6,凱基-敦北,2023-02-03,9237
8436,大江,6,0,6,凱基-敦北,2023-02-03,9237
00900,富邦特選高股息30,6,0,6,凱基-敦北,2023-02-03,9237
00772B,中信高評級公司債,6,0,6,凱基-敦北,2023-02-03,9237
2436,偉詮電,18,13,5,凱基-敦北,2023-02-03,9237
00752,中信中國50,5,0,5,凱基-敦北,2023-02-03,9237
2014,中鴻,5,0,5,凱基-敦北,2023-02-03,9237
2492,華新科,6,1,5,凱基-敦北,2023-02-03,9237
3356,奇偶,5,0,5,凱基-敦北,2023-02-03,9237
6531,愛普*,30,25,5,凱基-敦北,2023-02-03,9237
00676R,富邦臺灣加權反1,500,0,500,凱基-敦北,2023-02-06,9237
00683L,期元大美元指正2,110,3,107,凱基-敦北,2023-02-06,9237
9945,潤泰新,60,0,60,凱基-敦北,2023-02-06,9237
1336,台翰,56,12,44,凱基-敦北,2023-02-06,9237
2368,金像電,52,10,42,凱基-敦北,2023-02-06,9237
00878,國泰永續高股息,39,1,38,凱基-敦北,2023-02-06,9237
8358,金居,35,0,35,凱基-敦北,2023-02-06,9237
1268,漢來美食,40,10,30,凱基-敦北,2023-02-06,9237
2888,新光金,30,0,30,凱基-敦北,2023-02-06,9237
3162,精確,27,0,27,凱基-敦北,2023-02-06,9237
00631L,元大台灣50正2,20,0,20,凱基-敦北,2023-02-06,9237
2481,強茂,31,11,20,凱基-敦北,2023-02-06,9237
3666,光耀,21,1,20,凱基-敦北,2023-02-06,9237
2609,陽明,16,0,16,凱基-敦北,2023-02-06,9237
1605,華新,32,17,15,凱基-敦北,2023-02-06,9237
00679B,元大美債20年,14,0,14,凱基-敦北,2023-02-06,9237
2498,宏達電,182,168,14,凱基-敦北,2023-02-06,9237
00882,中信中國高股息,14,0,14,凱基-敦北,2023-02-06,9237
00772B,中信高評級公司債,15,1,14,凱基-敦北,2023-02-06,9237
6477,安集,13,0,13,凱基-敦北,2023-02-06,9237
00900,富邦特選高股息30,12,0,12,凱基-敦北,2023-02-06,9237
2409,友達,19,8,11,凱基-敦北,2023-02-06,9237
3231,緯創,10,0,10,凱基-敦北,2023-02-06,9237
4968,立積,10,0,10,凱基-敦北,2023-02-06,9237
5285,界霖,10,0,10,凱基-敦北,2023-02-06,9237
5371,中光電,10,0,10,凱基-敦北,2023-02-06,9237
2486,一詮,9,0,9,凱基-敦北,2023-02-06,9237
5222,全訊,12,3,9,凱基-敦北,2023-02-06,9237
00642U,期元大S＆P石油,7,0,7,凱基-敦北,2023-02-06,9237
2408,南亞科,7,0,7,凱基-敦北,2023-02-06,9237
00632R,元大台灣50反1,10,4,6,凱基-敦北,2023-02-06,9237
00885,富邦越南,6,0,6,凱基-敦北,2023-02-06,9237
1783,和康生,7,1,6,凱基-敦北,2023-02-06,9237
2916,滿心,6,0,6,凱基-敦北,2023-02-06,9237
2636,台驊控股,5,0,5,凱基-敦北,2023-02-06,9237
2929,淘帝-KY,5,0,5,凱基-敦北,2023-02-06,9237
1609,大亞,5,0,5,凱基-敦北,2023-02-06,9237
2344,華邦電,6,1,5,凱基-敦北,2023-02-06,9237
2542,興富發,5,0,5,凱基-敦北,2023-02-06,9237
5340,建榮,30,25,5,凱基-敦北,2023-02-06,9237
6134,萬旭,5,0,5,凱基-敦北,2023-02-06,9237
6244,茂迪,5,0,5,凱基-敦北,2023-02-06,9237
1718,中纖,4,0,4,凱基-敦北,2023-02-06,9237
1101,台泥,34,30,4,凱基-敦北,2023-02-06,9237
6472,保瑞,6,2,4,凱基-敦北,2023-02-06,9237
8069,元太,8,4,4,凱基-敦北,2023-02-06,9237
8938,明安,4,0,4,凱基-敦北,2023-02-06,9237
2330,台積電,7,3,4,凱基-敦北,2023-02-06,9237
2603,長榮,5,1,4,凱基-敦北,2023-02-06,9237
2891,中信金,3,0,3,凱基-敦北,2023-02-06,9237
2888,新光金,100,0,100,凱基-敦北,2023-02-07,9237
00676R,富邦臺灣加權反1,50,0,50,凱基-敦北,2023-02-07,9237
00683L,期元大美元指正2,50,0,50,凱基-敦北,2023-02-07,9237
2633,台灣高鐵,35,0,35,凱基-敦北,2023-02-07,9237
1809,中釉,30,0,30,凱基-敦北,2023-02-07,9237
2408,南亞科,30,0,30,凱基-敦北,2023-02-07,9237
8289,泰藝,30,0,30,凱基-敦北,2023-02-07,9237
2412,中華電,26,0,26,凱基-敦北,2023-02-07,9237
2344,華邦電,24,0,24,凱基-敦北,2023-02-07,9237
9928,中視,22,0,22,凱基-敦北,2023-02-07,9237
00900,富邦特選高股息30,22,0,22,凱基-敦北,2023-02-07,9237
2368,金像電,21,0,21,凱基-敦北,2023-02-07,9237
00772B,中信高評級公司債,18,1,17,凱基-敦北,2023-02-07,9237
00878,國泰永續高股息,16,0,16,凱基-敦北,2023-02-07,9237
3665,貿聯-KY,23,7,16,凱基-敦北,2023-02-07,9237
1789,神隆,15,0,15,凱基-敦北,2023-02-07,9237
2303,聯電,21,8,13,凱基-敦北,2023-02-07,9237
2498,宏達電,30,18,12,凱基-敦北,2023-02-07,9237
1795,美時,17,6,11,凱基-敦北,2023-02-07,9237
1760,寶齡富錦,12,1,11,凱基-敦北,2023-02-07,9237
4128,中天,11,1,10,凱基-敦北,2023-02-07,9237
6104,創惟,12,2,10,凱基-敦北,2023-02-07,9237
6546,正基,10,0,10,凱基-敦北,2023-02-07,9237
6223,旺矽,60,51,9,凱基-敦北,2023-02-07,9237
3162,精確,17,9,8,凱基-敦北,2023-02-07,9237
3706,神達,10,2,8,凱基-敦北,2023-02-07,9237
6290,良維,8,0,8,凱基-敦北,2023-02-07,9237
2317,鴻海,8,0,8,凱基-敦北,2023-02-07,9237
3666,光耀,7,0,7,凱基-敦北,2023-02-07,9237
6492,生華科,7,0,7,凱基-敦北,2023-02-07,9237
2883,凱基金,6,0,6,凱基-敦北,2023-02-07,9237
6116,彩晶,7,1,6,凱基-敦北,2023-02-07,9237
1325,恆大,5,0,5,凱基-敦北,2023-02-07,9237
00891,中信關鍵半導體,5,0,5,凱基-敦北,2023-02-07,9237
1802,台玻,5,0,5,凱基-敦北,2023-02-07,9237
2610,華航,16,11,5,凱基-敦北,2023-02-07,9237
2880,華南金,5,0,5,凱基-敦北,2023-02-07,9237
2912,統一超,5,0,5,凱基-敦北,2023-02-07,9237
3494,誠研,5,0,5,凱基-敦北,2023-02-07,9237
3498,陽程,5,0,5,凱基-敦北,2023-02-07,9237
4114,健喬,5,0,5,凱基-敦北,2023-02-07,9237
5340,建榮,10,5,5,凱基-敦北,2023-02-07,9237
6202,盛群,5,0,5,凱基-敦北,2023-02-07,9237
6215,和椿,5,0,5,凱基-敦北,2023-02-07,9237
6443,元晶,5,0,5,凱基-敦北,2023-02-07,9237
00679B,元大美債20年,4,0,4,凱基-敦北,2023-02-07,9237
1440,南紡,4,0,4,凱基-敦北,2023-02-07,9237
2884,玉山金,5,1,4,凱基-敦北,2023-02-07,9237
2891,中信金,4,0,4,凱基-敦北,2023-02-07,9237
3479,安勤,5,1,4,凱基-敦北,2023-02-07,9237
2888,新光金,480,0,480,凱基-敦北,2023-02-08,9237
6282,康舒,118,5,113,凱基-敦北,2023-02-08,9237
2903,遠百,100,0,100,凱基-敦北,2023-02-08,9237
00632R,元大台灣50反1,57,0,57,凱基-敦北,2023-02-08,9237
00753L,中信中國50正2,51,0,51,凱基-敦北,2023-02-08,9237
2002,中鋼,50,0,50,凱基-敦北,2023-02-08,9237
2603,長榮,50,3,47,凱基-敦北,2023-02-08,9237
1432,大魯閣,64,22,42,凱基-敦北,2023-02-08,9237
00900,富邦特選高股息30,40,4,36,凱基-敦北,2023-02-08,9237
1809,中釉,30,0,30,凱基-敦北,2023-02-08,9237
2867,三商壽,30,0,30,凱基-敦北,2023-02-08,9237
3591,艾笛森,30,0,30,凱基-敦北,2023-02-08,9237
4130,健亞,30,0,30,凱基-敦北,2023-02-08,9237
6223,旺矽,100,70,30,凱基-敦北,2023-02-08,9237
8349,�矬�,30,0,30,凱基-敦北,2023-02-08,9237
1513,中興電,34,6,28,凱基-敦北,2023-02-08,9237
2031,新光鋼,20,0,20,凱基-敦北,2023-02-08,9237
6234,高僑,20,0,20,凱基-敦北,2023-02-08,9237
4721,美琪瑪,20,0,20,凱基-敦北,2023-02-08,9237
3047,訊舟,18,0,18,凱基-敦北,2023-02-08,9237
2412,中華電,15,0,15,凱基-敦北,2023-02-08,9237
2338,光罩,14,0,14,凱基-敦北,2023-02-08,9237
00885,富邦越南,13,0,13,凱基-敦北,2023-02-08,9237
4977,眾達-KY,26,13,13,凱基-敦北,2023-02-08,9237
00671R,富邦NASDAQ反1,12,0,12,凱基-敦北,2023-02-08,9237
00902,中信電池及儲能,11,0,11,凱基-敦北,2023-02-08,9237
00772B,中信高評級公司債,11,0,11,凱基-敦北,2023-02-08,9237
2812,台中銀,10,0,10,凱基-敦北,2023-02-08,9237
2890,永豐金,10,0,10,凱基-敦北,2023-02-08,9237
3545,敦泰,10,0,10,凱基-敦北,2023-02-08,9237
3587,閎康,10,0,10,凱基-敦北,2023-02-08,9237
4167,松瑞藥,10,0,10,凱基-敦北,2023-02-08,9237
6830,汎銓,10,0,10,凱基-敦北,2023-02-08,9237
2317,鴻海,10,1,9,凱基-敦北,2023-02-08,9237
8936,國統,9,0,9,凱基-敦北,2023-02-08,9237
2834,臺企銀,8,0,8,凱基-敦北,2023-02-08,9237
00679B,元大美債20年,9,2,7,凱基-敦北,2023-02-08,9237
1752,南光,7,0,7,凱基-敦北,2023-02-08,9237
2201,裕隆,7,0,7,凱基-敦北,2023-02-08,9237
2832,台產,7,0,7,凱基-敦北,2023-02-08,9237
8050,廣積,36,29,7,凱基-敦北,2023-02-08,9237
3466,德晉,6,0,6,凱基-敦北,2023-02-08,9237
3617,碩天,6,0,6,凱基-敦北,2023-02-08,9237
3666,光耀,6,0,6,凱基-敦北,2023-02-08,9237
4739,康普,6,0,6,凱基-敦北,2023-02-08,9237
8103,瀚荃,6,0,6,凱基-敦北,2023-02-08,9237
6547,高端疫苗,6,0,6,凱基-敦北,2023-02-08,9237
00670L,富邦NASDAQ正2,5,0,5,凱基-敦北,2023-02-08,9237
1584,精剛,5,0,5,凱基-敦北,2023-02-08,9237
2014,中鴻,5,0,5,凱基-敦北,2023-02-08,9237
2888,新光金,151,3,148,凱基-敦北,2023-02-09,9237
00878,國泰永續高股息,68,4,64,凱基-敦北,2023-02-09,9237
3710,連展投控,60,2,58,凱基-敦北,2023-02-09,9237
2481,強茂,51,0,51,凱基-敦北,2023-02-09,9237
2027,大成鋼,41,0,41,凱基-敦北,2023-02-09,9237
00753L,中信中國50正2,31,0,31,凱基-敦北,2023-02-09,9237
1609,大亞,31,1,30,凱基-敦北,2023-02-09,9237
8916,光隆,30,0,30,凱基-敦北,2023-02-09,9237
3587,閎康,30,10,20,凱基-敦北,2023-02-09,9237
3702,大聯大,20,0,20,凱基-敦北,2023-02-09,9237
4167,松瑞藥,20,0,20,凱基-敦北,2023-02-09,9237
8076,伍豐,20,0,20,凱基-敦北,2023-02-09,9237
6411,晶焱,20,2,18,凱基-敦北,2023-02-09,9237
2832,台產,17,0,17,凱基-敦北,2023-02-09,9237
5439,高技,17,0,17,凱基-敦北,2023-02-09,9237
00900,富邦特選高股息30,15,0,15,凱基-敦北,2023-02-09,9237
2344,華邦電,13,2,11,凱基-敦北,2023-02-09,9237
5371,中光電,11,0,11,凱基-敦北,2023-02-09,9237
8033,雷虎,11,0,11,凱基-敦北,2023-02-09,9237
2412,中華電,11,0,11,凱基-敦北,2023-02-09,9237
1760,寶齡富錦,10,0,10,凱基-敦北,2023-02-09,9237
00892,富邦台灣半導體,10,0,10,凱基-敦北,2023-02-09,9237
00885,富邦越南,12,2,10,凱基-敦北,2023-02-09,9237
2023,燁輝,10,0,10,凱基-敦北,2023-02-09,9237
1519,華城,10,1,9,凱基-敦北,2023-02-09,9237
3533,嘉澤,9,0,9,凱基-敦北,2023-02-09,9237
3545,敦泰,8,0,8,凱基-敦北,2023-02-09,9237
6609,瀧澤科,8,0,8,凱基-敦北,2023-02-09,9237
8050,廣積,12,4,8,凱基-敦北,2023-02-09,9237
8086,宏捷科,8,0,8,凱基-敦北,2023-02-09,9237
00679B,元大美債20年,7,0,7,凱基-敦北,2023-02-09,9237
1584,精剛,7,0,7,凱基-敦北,2023-02-09,9237
00715L,期街口布蘭特正2,8,1,7,凱基-敦北,2023-02-09,9237
3324,雙鴻,6,0,6,凱基-敦北,2023-02-09,9237
2880,華南金,6,0,6,凱基-敦北,2023-02-09,9237
3666,光耀,6,0,6,凱基-敦北,2023-02-09,9237
6275,元山,6,0,6,凱基-敦北,2023-02-09,9237
1314,中石化,5,0,5,凱基-敦北,2023-02-09,9237
1815,富喬,5,0,5,凱基-敦北,2023-02-09,9237
2401,凌陽,5,0,5,凱基-敦北,2023-02-09,9237
3027,盛達,5,0,5,凱基-敦北,2023-02-09,9237
4142,國光生,5,0,5,凱基-敦北,2023-02-09,9237
4529,淳紳,5,0,5,凱基-敦北,2023-02-09,9237
4979,華星光,6,1,5,凱基-敦北,2023-02-09,9237
8131,福懋科,5,0,5,凱基-敦北,2023-02-09,9237
3481,群創,6,2,4,凱基-敦北,2023-02-09,9237
00882,中信中國高股息,6,2,4,凱基-敦北,2023-02-09,9237
1409,新纖,6,2,4,凱基-敦北,2023-02-09,9237
2867,三商壽,4,0,4,凱基-敦北,2023-02-09,9237
3162,精確,15,11,4,凱基-敦北,2023-02-09,9237
6282,康舒,83,10,73,凱基-敦北,2023-02-10,9237
00878,國泰永續高股息,72,10,62,凱基-敦北,2023-02-10,9237
1718,中纖,61,4,57,凱基-敦北,2023-02-10,9237
2888,新光金,57,1,56,凱基-敦北,2023-02-10,9237
4167,松瑞藥,40,0,40,凱基-敦北,2023-02-10,9237
4726,永昕,40,0,40,凱基-敦北,2023-02-10,9237
6234,高僑,80,40,40,凱基-敦北,2023-02-10,9237
1762,中化生,37,0,37,凱基-敦北,2023-02-10,9237
3035,智原,40,7,33,凱基-敦北,2023-02-10,9237
1701,中化,31,0,31,凱基-敦北,2023-02-10,9237
3594,磐儀,50,23,27,凱基-敦北,2023-02-10,9237
5371,中光電,22,0,22,凱基-敦北,2023-02-10,9237
3088,艾訊,24,4,20,凱基-敦北,2023-02-10,9237
8076,伍豐,20,0,20,凱基-敦北,2023-02-10,9237
00772B,中信高評級公司債,20,1,19,凱基-敦北,2023-02-10,9237
4915,致伸,18,0,18,凱基-敦北,2023-02-10,9237
6290,良維,18,0,18,凱基-敦北,2023-02-10,9237
5607,遠雄港,17,0,17,凱基-敦北,2023-02-10,9237
2886,兆豐金,16,0,16,凱基-敦北,2023-02-10,9237
1789,神隆,15,0,15,凱基-敦北,2023-02-10,9237
8024,佑華,15,0,15,凱基-敦北,2023-02-10,9237
1268,漢來美食,29,15,14,凱基-敦北,2023-02-10,9237
5340,建榮,33,20,13,凱基-敦北,2023-02-10,9237
00632R,元大台灣50反1,12,0,12,凱基-敦北,2023-02-10,9237
8183,精星,12,0,12,凱基-敦北,2023-02-10,9237
2409,友達,25,14,11,凱基-敦北,2023-02-10,9237
2867,三商壽,24,13,11,凱基-敦北,2023-02-10,9237
3005,神基,11,0,11,凱基-敦北,2023-02-10,9237
5009,榮剛,19,8,11,凱基-敦北,2023-02-10,9237
5410,國眾,11,0,11,凱基-敦北,2023-02-10,9237
2412,中華電,10,0,10,凱基-敦北,2023-02-10,9237
6285,啟��,10,0,10,凱基-敦北,2023-02-10,9237
6531,愛普*,19,9,10,凱基-敦北,2023-02-10,9237
6548,長科*,10,0,10,凱基-敦北,2023-02-10,9237
1802,台玻,9,0,9,凱基-敦北,2023-02-10,9237
2618,長榮航,9,0,9,凱基-敦北,2023-02-10,9237
2748,雲品,9,0,9,凱基-敦北,2023-02-10,9237
5285,界霖,8,0,8,凱基-敦北,2023-02-10,9237
2344,華邦電,7,0,7,凱基-敦北,2023-02-10,9237
00679B,元大美債20年,7,1,6,凱基-敦北,2023-02-10,9237
00891,中信關鍵半導體,6,0,6,凱基-敦北,2023-02-10,9237
3178,公準,6,0,6,凱基-敦北,2023-02-10,9237
5251,天鉞電,6,0,6,凱基-敦北,2023-02-10,9237
6202,盛群,6,0,6,凱基-敦北,2023-02-10,9237
6830,汎銓,8,2,6,凱基-敦北,2023-02-10,9237
2007,燁興,5,0,5,凱基-敦北,2023-02-10,9237
2610,華航,12,7,5,凱基-敦北,2023-02-10,9237
2880,華南金,5,0,5,凱基-敦北,2023-02-10,9237
5203,訊連,5,0,5,凱基-敦北,2023-02-10,9237
5904,寶雅,5,0,5,凱基-敦北,2023-02-10,9237
2888,新光金,50,1,49,凱基-敦北,2023-02-13,9237
00878,國泰永續高股息,52,12,40,凱基-敦北,2023-02-13,9237
2832,台產,40,0,40,凱基-敦北,2023-02-13,9237
1809,中釉,30,0,30,凱基-敦北,2023-02-13,9237
3322,建舜電,30,0,30,凱基-敦北,2023-02-13,9237
00772B,中信高評級公司債,26,0,26,凱基-敦北,2023-02-13,9237
1909,榮成,25,0,25,凱基-敦北,2023-02-13,9237
2409,友達,28,7,21,凱基-敦北,2023-02-13,9237
2634,漢翔,20,3,17,凱基-敦北,2023-02-13,9237
1762,中化生,18,2,16,凱基-敦北,2023-02-13,9237
8222,寶一,21,5,16,凱基-敦北,2023-02-13,9237
00882,中信中國高股息,15,0,15,凱基-敦北,2023-02-13,9237
3481,群創,17,4,13,凱基-敦北,2023-02-13,9237
2892,第一金,12,0,12,凱基-敦北,2023-02-13,9237
4114,健喬,21,10,11,凱基-敦北,2023-02-13,9237
6411,晶焱,11,0,11,凱基-敦北,2023-02-13,9237
1815,富喬,10,0,10,凱基-敦北,2023-02-13,9237
2636,台驊控股,10,0,10,凱基-敦北,2023-02-13,9237
2881,富邦金,10,0,10,凱基-敦北,2023-02-13,9237
3088,艾訊,13,3,10,凱基-敦北,2023-02-13,9237
5880,合庫金,10,0,10,凱基-敦北,2023-02-13,9237
00679B,元大美債20年,9,0,9,凱基-敦北,2023-02-13,9237
2727,王品,10,2,8,凱基-敦北,2023-02-13,9237
1336,台翰,8,0,8,凱基-敦北,2023-02-13,9237
00713,元大台灣高息低波,8,0,8,凱基-敦北,2023-02-13,9237
1789,神隆,8,0,8,凱基-敦北,2023-02-13,9237
2061,風青,20,12,8,凱基-敦北,2023-02-13,9237
2314,台揚,10,2,8,凱基-敦北,2023-02-13,9237
2344,華邦電,28,20,8,凱基-敦北,2023-02-13,9237
3027,盛達,8,0,8,凱基-敦北,2023-02-13,9237
6288,聯嘉,14,6,8,凱基-敦北,2023-02-13,9237
1513,中興電,11,4,7,凱基-敦北,2023-02-13,9237
1605,華新,13,6,7,凱基-敦北,2023-02-13,9237
2640,大車隊,7,0,7,凱基-敦北,2023-02-13,9237
5347,世界,7,0,7,凱基-敦北,2023-02-13,9237
6830,汎銓,8,1,7,凱基-敦北,2023-02-13,9237
8033,雷虎,8,1,7,凱基-敦北,2023-02-13,9237
2916,滿心,6,0,6,凱基-敦北,2023-02-13,9237
2891,中信金,6,1,5,凱基-敦北,2023-02-13,9237
2495,普安,5,0,5,凱基-敦北,2023-02-13,9237
3036,文曄,5,0,5,凱基-敦北,2023-02-13,9237
6122,擎邦,5,0,5,凱基-敦北,2023-02-13,9237
6130,上亞科技,5,0,5,凱基-敦北,2023-02-13,9237
6531,愛普*,23,18,5,凱基-敦北,2023-02-13,9237
3455,由田,4,0,4,凱基-敦北,2023-02-13,9237
2201,裕隆,4,0,4,凱基-敦北,2023-02-13,9237
3289,宜特,4,0,4,凱基-敦北,2023-02-13,9237
5607,遠雄港,4,0,4,凱基-敦北,2023-02-13,9237
6770,力積電,4,0,4,凱基-敦北,2023-02-13,9237
6782,視陽,4,0,4,凱基-敦北,2023-02-13,9237
00632R,元大台灣50反1,73,2,71,凱基-敦北,2023-02-14,9237
6282,康舒,54,2,52,凱基-敦北,2023-02-14,9237
4726,永昕,42,0,42,凱基-敦北,2023-02-14,9237
4114,健喬,23,1,22,凱基-敦北,2023-02-14,9237
00878,國泰永續高股息,29,8,21,凱基-敦北,2023-02-14,9237
3704,合勤控,37,20,17,凱基-敦北,2023-02-14,9237
1605,華新,24,8,16,凱基-敦北,2023-02-14,9237
2436,偉詮電,16,0,16,凱基-敦北,2023-02-14,9237
2727,王品,30,15,15,凱基-敦北,2023-02-14,9237
8050,廣積,17,3,14,凱基-敦北,2023-02-14,9237
00772B,中信高評級公司債,11,0,11,凱基-敦北,2023-02-14,9237
6104,創惟,55,45,10,凱基-敦北,2023-02-14,9237
00724B,群益投資級金融債,10,0,10,凱基-敦北,2023-02-14,9237
1762,中化生,11,1,10,凱基-敦北,2023-02-14,9237
2413,環科,10,0,10,凱基-敦北,2023-02-14,9237
2888,新光金,10,0,10,凱基-敦北,2023-02-14,9237
3552,同致,11,1,10,凱基-敦北,2023-02-14,9237
2884,玉山金,9,0,9,凱基-敦北,2023-02-14,9237
8358,金居,9,0,9,凱基-敦北,2023-02-14,9237
4721,美琪瑪,8,0,8,凱基-敦北,2023-02-14,9237
1802,台玻,8,0,8,凱基-敦北,2023-02-14,9237
2017,官田鋼,8,0,8,凱基-敦北,2023-02-14,9237
2359,所羅門,8,0,8,凱基-敦北,2023-02-14,9237
6235,華孚,8,1,7,凱基-敦北,2023-02-14,9237
2637,慧洋-KY,6,0,6,凱基-敦北,2023-02-14,9237
5880,合庫金,5,0,5,凱基-敦北,2023-02-14,9237
3264,欣銓,7,2,5,凱基-敦北,2023-02-14,9237
1446,宏和,5,0,5,凱基-敦北,2023-02-14,9237
00637L,元大滬深300正2,5,0,5,凱基-敦北,2023-02-14,9237
00882,中信中國高股息,5,0,5,凱基-敦北,2023-02-14,9237
00893,國泰智能電動車,5,0,5,凱基-敦北,2023-02-14,9237
2453,凌群,11,6,5,凱基-敦北,2023-02-14,9237
4720,德淵,5,0,5,凱基-敦北,2023-02-14,9237
8028,昇陽半導體,5,0,5,凱基-敦北,2023-02-14,9237
2834,臺企銀,5,0,5,凱基-敦北,2023-02-14,9237
00891,中信關鍵半導體,4,0,4,凱基-敦北,2023-02-14,9237
1218,泰山,4,0,4,凱基-敦北,2023-02-14,9237
00752,中信中國50,4,0,4,凱基-敦北,2023-02-14,9237
2344,華邦電,4,0,4,凱基-敦北,2023-02-14,9237
2883,凱基金,5,1,4,凱基-敦北,2023-02-14,9237
6796,晉弘,7,3,4,凱基-敦北,2023-02-14,9237
2303,聯電,5,1,4,凱基-敦北,2023-02-14,9237
3625,西勝,4,1,3,凱基-敦北,2023-02-14,9237
2201,裕隆,4,1,3,凱基-敦北,2023-02-14,9237
2428,興勤,3,0,3,凱基-敦北,2023-02-14,9237
2618,長榮航,6,3,3,凱基-敦北,2023-02-14,9237
2640,大車隊,5,2,3,凱基-敦北,2023-02-14,9237
6285,啟��,3,0,3,凱基-敦北,2023-02-14,9237
6538,倉和,3,0,3,凱基-敦北,2023-02-14,9237
6570,維田,3,0,3,凱基-敦北,2023-02-14,9237
3481,群創,153,2,151,凱基-敦北,2023-02-15,9237
00878,國泰永續高股息,85,2,83,凱基-敦北,2023-02-15,9237
6235,華孚,104,52,52,凱基-敦北,2023-02-15,9237
00671R,富邦NASDAQ反1,50,0,50,凱基-敦北,2023-02-15,9237
1809,中釉,50,0,50,凱基-敦北,2023-02-15,9237
2382,廣達,39,0,39,凱基-敦北,2023-02-15,9237
3479,安勤,20,0,20,凱基-敦北,2023-02-15,9237
4726,永昕,20,0,20,凱基-敦北,2023-02-15,9237
6712,長聖,15,0,15,凱基-敦北,2023-02-15,9237
00679B,元大美債20年,18,4,14,凱基-敦北,2023-02-15,9237
3704,合勤控,19,6,13,凱基-敦北,2023-02-15,9237
2462,良得電,12,0,12,凱基-敦北,2023-02-15,9237
2409,友達,69,59,10,凱基-敦北,2023-02-15,9237
00673R,期元大S＆P原油反1,10,0,10,凱基-敦北,2023-02-15,9237
00713,元大台灣高息低波,10,0,10,凱基-敦北,2023-02-15,9237
2301,光寶科,10,0,10,凱基-敦北,2023-02-15,9237
2380,虹光,10,0,10,凱基-敦北,2023-02-15,9237
6191,精成科,10,0,10,凱基-敦北,2023-02-15,9237
3035,智原,22,13,9,凱基-敦北,2023-02-15,9237
5607,遠雄港,8,0,8,凱基-敦北,2023-02-15,9237
00885,富邦越南,7,0,7,凱基-敦北,2023-02-15,9237
2886,兆豐金,7,0,7,凱基-敦北,2023-02-15,9237
2330,台積電,14,7,7,凱基-敦北,2023-02-15,9237
5410,國眾,9,3,6,凱基-敦北,2023-02-15,9237
2471,資通,6,0,6,凱基-敦北,2023-02-15,9237
2617,台航,6,0,6,凱基-敦北,2023-02-15,9237
2880,華南金,6,0,6,凱基-敦北,2023-02-15,9237
2882,國泰金,6,0,6,凱基-敦北,2023-02-15,9237
2888,新光金,6,0,6,凱基-敦北,2023-02-15,9237
3264,欣銓,7,1,6,凱基-敦北,2023-02-15,9237
3537,堡達,6,0,6,凱基-敦北,2023-02-15,9237
2636,台驊控股,5,0,5,凱基-敦北,2023-02-15,9237
00772B,中信高評級公司債,5,0,5,凱基-敦北,2023-02-15,9237
00882,中信中國高股息,5,0,5,凱基-敦北,2023-02-15,9237
6488,環球晶,5,0,5,凱基-敦北,2023-02-15,9237
2498,宏達電,35,30,5,凱基-敦北,2023-02-15,9237
00637L,元大滬深300正2,5,0,5,凱基-敦北,2023-02-15,9237
2337,旺宏,5,0,5,凱基-敦北,2023-02-15,9237
2413,環科,5,0,5,凱基-敦北,2023-02-15,9237
2905,三商,5,0,5,凱基-敦北,2023-02-15,9237
3036,文曄,5,0,5,凱基-敦北,2023-02-15,9237
5203,訊連,5,0,5,凱基-敦北,2023-02-15,9237
5608,四維航,5,0,5,凱基-敦北,2023-02-15,9237
6182,合晶,5,0,5,凱基-敦北,2023-02-15,9237
00752,中信中國50,4,0,4,凱基-敦北,2023-02-15,9237
00891,中信關鍵半導體,4,0,4,凱基-敦北,2023-02-15,9237
2436,偉詮電,4,0,4,凱基-敦北,2023-02-15,9237
2618,長榮航,4,0,4,凱基-敦北,2023-02-15,9237
2739,寒舍,4,0,4,凱基-敦北,2023-02-15,9237
2849,安泰銀,4,0,4,凱基-敦北,2023-02-15,9237
2888,新光金,754,0,754,凱基-敦北,2023-02-16,9237
2610,華航,202,62,140,凱基-敦北,2023-02-16,9237
2618,長榮航,150,12,138,凱基-敦北,2023-02-16,9237
2883,凱基金,105,4,101,凱基-敦北,2023-02-16,9237
8936,國統,61,0,61,凱基-敦北,2023-02-16,9237
1503,士電,59,0,59,凱基-敦北,2023-02-16,9237
00878,國泰永續高股息,61,2,59,凱基-敦北,2023-02-16,9237
00900,富邦特選高股息30,53,1,52,凱基-敦北,2023-02-16,9237
2603,長榮,50,0,50,凱基-敦北,2023-02-16,9237
1432,大魯閣,50,0,50,凱基-敦北,2023-02-16,9237
00885,富邦越南,43,0,43,凱基-敦北,2023-02-16,9237
3558,神準,46,5,41,凱基-敦北,2023-02-16,9237
8076,伍豐,40,0,40,凱基-敦北,2023-02-16,9237
00891,中信關鍵半導體,33,0,33,凱基-敦北,2023-02-16,9237
00772B,中信高評級公司債,30,0,30,凱基-敦北,2023-02-16,9237
4768,晶呈科技,27,0,27,凱基-敦北,2023-02-16,9237
00679B,元大美債20年,19,0,19,凱基-敦北,2023-02-16,9237
3322,建舜電,19,3,16,凱基-敦北,2023-02-16,9237
6275,元山,13,1,12,凱基-敦北,2023-02-16,9237
2472,立隆電,11,0,11,凱基-敦北,2023-02-16,9237
2014,中鴻,10,0,10,凱基-敦北,2023-02-16,9237
2436,偉詮電,10,0,10,凱基-敦北,2023-02-16,9237
3058,立德,10,0,10,凱基-敦北,2023-02-16,9237
4503,金雨,10,0,10,凱基-敦北,2023-02-16,9237
6114,久威,10,0,10,凱基-敦北,2023-02-16,9237
6548,長科*,10,0,10,凱基-敦北,2023-02-16,9237
3022,威強電,8,0,8,凱基-敦北,2023-02-16,9237
5410,國眾,7,0,7,凱基-敦北,2023-02-16,9237
2905,三商,6,0,6,凱基-敦北,2023-02-16,9237
1446,宏和,5,0,5,凱基-敦北,2023-02-16,9237
00724B,群益投資級金融債,5,0,5,凱基-敦北,2023-02-16,9237
2028,威致,5,0,5,凱基-敦北,2023-02-16,9237
2393,億光,5,0,5,凱基-敦北,2023-02-16,9237
3036,文曄,5,0,5,凱基-敦北,2023-02-16,9237
3594,磐儀,5,0,5,凱基-敦北,2023-02-16,9237
4908,前鼎,5,0,5,凱基-敦北,2023-02-16,9237
5258,虹堡,6,1,5,凱基-敦北,2023-02-16,9237
5351,鈺創,5,0,5,凱基-敦北,2023-02-16,9237
6153,嘉聯益,5,0,5,凱基-敦北,2023-02-16,9237
6179,亞通,5,0,5,凱基-敦北,2023-02-16,9237
6690,安�硌穈T,5,0,5,凱基-敦北,2023-02-16,9237
6712,長聖,5,0,5,凱基-敦北,2023-02-16,9237
00720B,元大投資級公司債,4,0,4,凱基-敦北,2023-02-16,9237
00632R,元大台灣50反1,5,1,4,凱基-敦北,2023-02-16,9237
006208,富邦台50,4,0,4,凱基-敦北,2023-02-16,9237
1326,台化,4,0,4,凱基-敦北,2023-02-16,9237
1513,中興電,102,98,4,凱基-敦北,2023-02-16,9237
2731,雄獅,4,0,4,凱基-敦北,2023-02-16,9237
3325,旭品,4,0,4,凱基-敦北,2023-02-16,9237
3680,家登,4,0,4,凱基-敦北,2023-02-16,9237
2888,新光金,750,10,740,凱基-敦北,2023-02-17,9237
2610,華航,530,394,136,凱基-敦北,2023-02-17,9237
3594,磐儀,170,45,125,凱基-敦北,2023-02-17,9237
00676R,富邦臺灣加權反1,100,0,100,凱基-敦北,2023-02-17,9237
3454,晶睿,70,0,70,凱基-敦北,2023-02-17,9237
2603,長榮,55,0,55,凱基-敦北,2023-02-17,9237
6235,華孚,55,1,54,凱基-敦北,2023-02-17,9237
2034,允強,32,0,32,凱基-敦北,2023-02-17,9237
2009,第一銅,30,0,30,凱基-敦北,2023-02-17,9237
00878,國泰永續高股息,29,2,27,凱基-敦北,2023-02-17,9237
4967,十銓,25,1,24,凱基-敦北,2023-02-17,9237
00772B,中信高評級公司債,28,4,24,凱基-敦北,2023-02-17,9237
8183,精星,21,0,21,凱基-敦北,2023-02-17,9237
8936,國統,20,0,20,凱基-敦北,2023-02-17,9237
2344,華邦電,21,2,19,凱基-敦北,2023-02-17,9237
4768,晶呈科技,20,1,19,凱基-敦北,2023-02-17,9237
4503,金雨,15,0,15,凱基-敦北,2023-02-17,9237
6248,沛波,15,0,15,凱基-敦北,2023-02-17,9237
3466,德晉,12,0,12,凱基-敦北,2023-02-17,9237
00740B,富邦全球投等債,11,0,11,凱基-敦北,2023-02-17,9237
2206,三陽工業,11,0,11,凱基-敦北,2023-02-17,9237
00631L,元大台灣50正2,10,0,10,凱基-敦北,2023-02-17,9237
3051,力特,10,0,10,凱基-敦北,2023-02-17,9237
3272,東碩,10,0,10,凱基-敦北,2023-02-17,9237
8349,�矬�,10,0,10,凱基-敦北,2023-02-17,9237
9907,統一實,10,0,10,凱基-敦北,2023-02-17,9237
8227,巨有科技,9,0,9,凱基-敦北,2023-02-17,9237
00679B,元大美債20年,10,1,9,凱基-敦北,2023-02-17,9237
00751B,元大AAA至A公司債,10,1,9,凱基-敦北,2023-02-17,9237
2462,良得電,9,0,9,凱基-敦北,2023-02-17,9237
5009,榮剛,15,6,9,凱基-敦北,2023-02-17,9237
00885,富邦越南,8,0,8,凱基-敦北,2023-02-17,9237
2812,台中銀,8,0,8,凱基-敦北,2023-02-17,9237
3704,合勤控,16,9,7,凱基-敦北,2023-02-17,9237
0056,元大高股息,8,1,7,凱基-敦北,2023-02-17,9237
2916,滿心,7,0,7,凱基-敦北,2023-02-17,9237
6288,聯嘉,9,2,7,凱基-敦北,2023-02-17,9237
1268,漢來美食,16,10,6,凱基-敦北,2023-02-17,9237
00724B,群益投資級金融債,6,0,6,凱基-敦北,2023-02-17,9237
00717,富邦美國特別股,6,0,6,凱基-敦北,2023-02-17,9237
3264,欣銓,6,0,6,凱基-敦北,2023-02-17,9237
3693,營邦,6,0,6,凱基-敦北,2023-02-17,9237
6715,嘉基,6,0,6,凱基-敦北,2023-02-17,9237
0050,元大台灣50,6,0,6,凱基-敦北,2023-02-17,9237
2887,台新金,5,0,5,凱基-敦北,2023-02-17,9237
3708,上緯投控,5,0,5,凱基-敦北,2023-02-17,9237
4726,永昕,5,0,5,凱基-敦北,2023-02-17,9237
5607,遠雄港,5,0,5,凱基-敦北,2023-02-17,9237
6589,台康生技,5,0,5,凱基-敦北,2023-02-17,9237
6712,長聖,5,0,5,凱基-敦北,2023-02-17,9237
00878,國泰永續高股息,80,12,68,凱基-敦北,2023-02-20,9237
5353,台林,50,0,50,凱基-敦北,2023-02-20,9237
4726,永昕,30,0,30,凱基-敦北,2023-02-20,9237
3027,盛達,44,15,29,凱基-敦北,2023-02-20,9237
4541,晟田,21,0,21,凱基-敦北,2023-02-20,9237
1815,富喬,20,0,20,凱基-敦北,2023-02-20,9237
5340,建榮,34,14,20,凱基-敦北,2023-02-20,9237
1522,堤維西,20,2,18,凱基-敦北,2023-02-20,9237
1473,台南,16,0,16,凱基-敦北,2023-02-20,9237
00720B,元大投資級公司債,15,0,15,凱基-敦北,2023-02-20,9237
3224,三顧,15,1,14,凱基-敦北,2023-02-20,9237
2867,三商壽,13,0,13,凱基-敦北,2023-02-20,9237
3289,宜特,13,1,12,凱基-敦北,2023-02-20,9237
3587,閎康,15,3,12,凱基-敦北,2023-02-20,9237
2484,希華,10,0,10,凱基-敦北,2023-02-20,9237
3036,文曄,10,0,10,凱基-敦北,2023-02-20,9237
3479,安勤,10,0,10,凱基-敦北,2023-02-20,9237
5512,力麒,10,0,10,凱基-敦北,2023-02-20,9237
2892,第一金,10,1,9,凱基-敦北,2023-02-20,9237
6609,瀧澤科,9,0,9,凱基-敦北,2023-02-20,9237
6796,晉弘,20,11,9,凱基-敦北,2023-02-20,9237
8183,精星,8,0,8,凱基-敦北,2023-02-20,9237
00637L,元大滬深300正2,8,0,8,凱基-敦北,2023-02-20,9237
6134,萬旭,8,0,8,凱基-敦北,2023-02-20,9237
9938,百和,8,0,8,凱基-敦北,2023-02-20,9237
4927,泰鼎-KY,8,1,7,凱基-敦北,2023-02-20,9237
3013,晟銘電,6,0,6,凱基-敦北,2023-02-20,9237
6279,胡連,8,2,6,凱基-敦北,2023-02-20,9237
8024,佑華,6,0,6,凱基-敦北,2023-02-20,9237
00882,中信中國高股息,5,0,5,凱基-敦北,2023-02-20,9237
1268,漢來美食,10,5,5,凱基-敦北,2023-02-20,9237
2891,中信金,6,1,5,凱基-敦北,2023-02-20,9237
2916,滿心,5,0,5,凱基-敦北,2023-02-20,9237
3264,欣銓,7,2,5,凱基-敦北,2023-02-20,9237
3362,先進光,5,0,5,凱基-敦北,2023-02-20,9237
4433,興采,5,0,5,凱基-敦北,2023-02-20,9237
6712,長聖,5,0,5,凱基-敦北,2023-02-20,9237
6719,力智,5,0,5,凱基-敦北,2023-02-20,9237
8349,�矬�,5,0,5,凱基-敦北,2023-02-20,9237
2409,友達,107,103,4,凱基-敦北,2023-02-20,9237
8050,廣積,7,3,4,凱基-敦北,2023-02-20,9237
1907,永豐餘,4,0,4,凱基-敦北,2023-02-20,9237
3046,建��,11,7,4,凱基-敦北,2023-02-20,9237
4128,中天,5,1,4,凱基-敦北,2023-02-20,9237
5608,四維航,4,0,4,凱基-敦北,2023-02-20,9237
6220,岳豐,4,0,4,凱基-敦北,2023-02-20,9237
0056,元大高股息,5,1,4,凱基-敦北,2023-02-20,9237
8033,雷虎,5,1,4,凱基-敦北,2023-02-20,9237
2330,台積電,6,3,3,凱基-敦北,2023-02-20,9237
5871,中租-KY,3,0,3,凱基-敦北,2023-02-20,9237
2882,國泰金,245,10,235,凱基-敦北,2023-02-21,9237
6235,華孚,234,82,152,凱基-敦北,2023-02-21,9237
1503,士電,165,51,114,凱基-敦北,2023-02-21,9237
00878,國泰永續高股息,62,0,62,凱基-敦北,2023-02-21,9237
1809,中釉,50,0,50,凱基-敦北,2023-02-21,9237
2610,華航,55,5,50,凱基-敦北,2023-02-21,9237
2615,萬海,43,1,42,凱基-敦北,2023-02-21,9237
8182,加高,30,0,30,凱基-敦北,2023-02-21,9237
2867,三商壽,32,3,29,凱基-敦北,2023-02-21,9237
00713,元大台灣高息低波,25,0,25,凱基-敦北,2023-02-21,9237
0056,元大高股息,31,9,22,凱基-敦北,2023-02-21,9237
2884,玉山金,29,8,21,凱基-敦北,2023-02-21,9237
6603,富強鑫,20,0,20,凱基-敦北,2023-02-21,9237
3162,精確,21,2,19,凱基-敦北,2023-02-21,9237
3406,玉晶光,20,1,19,凱基-敦北,2023-02-21,9237
2634,漢翔,21,3,18,凱基-敦北,2023-02-21,9237
2457,飛宏,26,9,17,凱基-敦北,2023-02-21,9237
6116,彩晶,17,0,17,凱基-敦北,2023-02-21,9237
2412,中華電,15,0,15,凱基-敦北,2023-02-21,9237
3587,閎康,15,0,15,凱基-敦北,2023-02-21,9237
8936,國統,16,2,14,凱基-敦北,2023-02-21,9237
5309,系統電,14,0,14,凱基-敦北,2023-02-21,9237
00725B,國泰投資級公司債,13,0,13,凱基-敦北,2023-02-21,9237
8105,凌巨,12,0,12,凱基-敦北,2023-02-21,9237
00772B,中信高評級公司債,11,0,11,凱基-敦北,2023-02-21,9237
2002,中鋼,11,0,11,凱基-敦北,2023-02-21,9237
3169,亞信,11,0,11,凱基-敦北,2023-02-21,9237
3665,貿聯-KY,13,2,11,凱基-敦北,2023-02-21,9237
6125,廣運,11,0,11,凱基-敦北,2023-02-21,9237
6134,萬旭,11,0,11,凱基-敦北,2023-02-21,9237
00795B,中信美國公債20年,10,0,10,凱基-敦北,2023-02-21,9237
00679B,元大美債20年,13,3,10,凱基-敦北,2023-02-21,9237
1101,台泥,11,1,10,凱基-敦北,2023-02-21,9237
2906,高林,10,0,10,凱基-敦北,2023-02-21,9237
3231,緯創,10,0,10,凱基-敦北,2023-02-21,9237
3441,聯一光,10,0,10,凱基-敦北,2023-02-21,9237
4927,泰鼎-KY,10,0,10,凱基-敦北,2023-02-21,9237
6244,茂迪,10,0,10,凱基-敦北,2023-02-21,9237
8070,長華*,10,0,10,凱基-敦北,2023-02-21,9237
2329,華泰,10,1,9,凱基-敦北,2023-02-21,9237
6223,旺矽,10,1,9,凱基-敦北,2023-02-21,9237
5284,jpp-KY,9,1,8,凱基-敦北,2023-02-21,9237
6796,晉弘,12,4,8,凱基-敦北,2023-02-21,9237
00751B,元大AAA至A公司債,7,0,7,凱基-敦北,2023-02-21,9237
4961,天鈺,55,48,7,凱基-敦北,2023-02-21,9237
1603,華電,6,0,6,凱基-敦北,2023-02-21,9237
1802,台玻,6,0,6,凱基-敦北,2023-02-21,9237
4967,十銓,5,0,5,凱基-敦北,2023-02-21,9237
1446,宏和,5,0,5,凱基-敦北,2023-02-21,9237
1437,勤益控,5,0,5,凱基-敦北,2023-02-21,9237
6235,華孚,210,35,175,凱基-敦北,2023-02-22,9237
6282,康舒,103,25,78,凱基-敦北,2023-02-22,9237
00878,國泰永續高股息,70,0,70,凱基-敦北,2023-02-22,9237
1503,士電,61,0,61,凱基-敦北,2023-02-22,9237
3454,晶睿,63,11,52,凱基-敦北,2023-02-22,9237
1809,中釉,50,0,50,凱基-敦北,2023-02-22,9237
5439,高技,50,1,49,凱基-敦北,2023-02-22,9237
2344,華邦電,42,0,42,凱基-敦北,2023-02-22,9237
2905,三商,41,0,41,凱基-敦北,2023-02-22,9237
4726,永昕,40,0,40,凱基-敦北,2023-02-22,9237
2884,玉山金,34,2,32,凱基-敦北,2023-02-22,9237
0056,元大高股息,28,2,26,凱基-敦北,2023-02-22,9237
6104,創惟,26,5,21,凱基-敦北,2023-02-22,9237
3587,閎康,20,0,20,凱基-敦北,2023-02-22,9237
2603,長榮,23,7,16,凱基-敦北,2023-02-22,9237
2303,聯電,15,0,15,凱基-敦北,2023-02-22,9237
8033,雷虎,16,2,14,凱基-敦北,2023-02-22,9237
00632R,元大台灣50反1,15,3,12,凱基-敦北,2023-02-22,9237
2634,漢翔,13,2,11,凱基-敦北,2023-02-22,9237
2641,正德,11,0,11,凱基-敦北,2023-02-22,9237
3162,精確,18,7,11,凱基-敦北,2023-02-22,9237
00753L,中信中國50正2,10,0,10,凱基-敦北,2023-02-22,9237
2014,中鴻,10,0,10,凱基-敦北,2023-02-22,9237
6411,晶焱,10,0,10,凱基-敦北,2023-02-22,9237
8926,台汽電,10,0,10,凱基-敦北,2023-02-22,9237
9945,潤泰新,10,0,10,凱基-敦北,2023-02-22,9237
1513,中興電,17,8,9,凱基-敦北,2023-02-22,9237
1522,堤維西,9,0,9,凱基-敦北,2023-02-22,9237
00772B,中信高評級公司債,9,0,9,凱基-敦北,2023-02-22,9237
2332,友訊,8,0,8,凱基-敦北,2023-02-22,9237
6279,胡連,8,0,8,凱基-敦北,2023-02-22,9237
2201,裕隆,8,0,8,凱基-敦北,2023-02-22,9237
1605,華新,15,8,7,凱基-敦北,2023-02-22,9237
2367,燿華,6,0,6,凱基-敦北,2023-02-22,9237
2454,聯發科,5,0,5,凱基-敦北,2023-02-22,9237
00898,國泰基因免疫革命,5,0,5,凱基-敦北,2023-02-22,9237
00738U,期元大道瓊白銀,5,0,5,凱基-敦北,2023-02-22,9237
00631L,元大台灣50正2,5,0,5,凱基-敦北,2023-02-22,9237
00637L,元大滬深300正2,5,0,5,凱基-敦北,2023-02-22,9237
2449,京元電子,5,0,5,凱基-敦北,2023-02-22,9237
3537,堡達,5,0,5,凱基-敦北,2023-02-22,9237
3558,神準,8,3,5,凱基-敦北,2023-02-22,9237
4961,天鈺,7,2,5,凱基-敦北,2023-02-22,9237
5351,鈺創,5,0,5,凱基-敦北,2023-02-22,9237
6244,茂迪,5,0,5,凱基-敦北,2023-02-22,9237
8028,昇陽半導體,5,0,5,凱基-敦北,2023-02-22,9237
8111,立��,5,0,5,凱基-敦北,2023-02-22,9237
8261,富鼎,5,0,5,凱基-敦北,2023-02-22,9237
2388,威盛,12,8,4,凱基-敦北,2023-02-22,9237
8069,元太,5,1,4,凱基-敦北,2023-02-22,9237
4967,十銓,150,0,150,凱基-敦北,2023-02-23,9237
6234,高僑,110,0,110,凱基-敦北,2023-02-23,9237
00885,富邦越南,44,0,44,凱基-敦北,2023-02-23,9237
2352,佳世達,30,0,30,凱基-敦北,2023-02-23,9237
1101,台泥,31,6,25,凱基-敦北,2023-02-23,9237
6235,華孚,77,53,24,凱基-敦北,2023-02-23,9237
00720B,元大投資級公司債,22,0,22,凱基-敦北,2023-02-23,9237
2101,南港,20,0,20,凱基-敦北,2023-02-23,9237
5452,佶優,20,0,20,凱基-敦北,2023-02-23,9237
2884,玉山金,21,3,18,凱基-敦北,2023-02-23,9237
00772B,中信高評級公司債,15,0,15,凱基-敦北,2023-02-23,9237
1503,士電,15,0,15,凱基-敦北,2023-02-23,9237
2495,普安,15,0,15,凱基-敦北,2023-02-23,9237
00632R,元大台灣50反1,19,5,14,凱基-敦北,2023-02-23,9237
2606,裕民,21,7,14,凱基-敦北,2023-02-23,9237
6770,力積電,12,1,11,凱基-敦北,2023-02-23,9237
3051,力特,11,0,11,凱基-敦北,2023-02-23,9237
6282,康舒,16,6,10,凱基-敦北,2023-02-23,9237
00878,國泰永續高股息,11,1,10,凱基-敦北,2023-02-23,9237
1504,東元,10,0,10,凱基-敦北,2023-02-23,9237
3046,建��,10,0,10,凱基-敦北,2023-02-23,9237
3290,東浦,13,3,10,凱基-敦北,2023-02-23,9237
3479,安勤,10,0,10,凱基-敦北,2023-02-23,9237
5410,國眾,10,0,10,凱基-敦北,2023-02-23,9237
3231,緯創,10,0,10,凱基-敦北,2023-02-23,9237
1218,泰山,10,1,9,凱基-敦北,2023-02-23,9237
2634,漢翔,10,1,9,凱基-敦北,2023-02-23,9237
2303,聯電,24,15,9,凱基-敦北,2023-02-23,9237
1446,宏和,8,0,8,凱基-敦北,2023-02-23,9237
2409,友達,46,39,7,凱基-敦北,2023-02-23,9237
6609,瀧澤科,7,0,7,凱基-敦北,2023-02-23,9237
00749B,凱基新興債10+,6,0,6,凱基-敦北,2023-02-23,9237
00637L,元大滬深300正2,6,0,6,凱基-敦北,2023-02-23,9237
8936,國統,8,2,6,凱基-敦北,2023-02-23,9237
00642U,期元大S＆P石油,5,0,5,凱基-敦北,2023-02-23,9237
00713,元大台灣高息低波,5,0,5,凱基-敦北,2023-02-23,9237
1815,富喬,5,0,5,凱基-敦北,2023-02-23,9237
2344,華邦電,5,0,5,凱基-敦北,2023-02-23,9237
2883,凱基金,6,1,5,凱基-敦北,2023-02-23,9237
5489,彩富,5,0,5,凱基-敦北,2023-02-23,9237
8112,至上,5,0,5,凱基-敦北,2023-02-23,9237
00773B,中信優先金融債,4,0,4,凱基-敦北,2023-02-23,9237
00740B,富邦全球投等債,4,0,4,凱基-敦北,2023-02-23,9237
2614,東森,4,0,4,凱基-敦北,2023-02-23,9237
3701,大眾控,4,0,4,凱基-敦北,2023-02-23,9237
3708,上緯投控,6,2,4,凱基-敦北,2023-02-23,9237
6733,博晟生醫,4,0,4,凱基-敦北,2023-02-23,9237
6806,森崴能源,4,0,4,凱基-敦北,2023-02-23,9237
8024,佑華,4,0,4,凱基-敦北,2023-02-23,9237
2313,華通,3,0,3,凱基-敦北,2023-02-23,9237
3017,奇鋐,50,0,50,凱基-敦北,2023-02-24,9237
3094,聯傑,50,0,50,凱基-敦北,2023-02-24,9237
2331,精英,62,20,42,凱基-敦北,2023-02-24,9237
00878,國泰永續高股息,34,0,34,凱基-敦北,2023-02-24,9237
2101,南港,35,1,34,凱基-敦北,2023-02-24,9237
6541,泰福-KY,33,0,33,凱基-敦北,2023-02-24,9237
8924,大田,33,0,33,凱基-敦北,2023-02-24,9237
1103,嘉泥,20,0,20,凱基-敦北,2023-02-24,9237
2634,漢翔,20,0,20,凱基-敦北,2023-02-24,9237
4967,十銓,74,54,20,凱基-敦北,2023-02-24,9237
5353,台林,20,0,20,凱基-敦北,2023-02-24,9237
5439,高技,50,35,15,凱基-敦北,2023-02-24,9237
00882,中信中國高股息,14,0,14,凱基-敦北,2023-02-24,9237
3162,精確,15,1,14,凱基-敦北,2023-02-24,9237
1605,華新,21,9,12,凱基-敦北,2023-02-24,9237
3289,宜特,12,0,12,凱基-敦北,2023-02-24,9237
2498,宏達電,23,12,11,凱基-敦北,2023-02-24,9237
8050,廣積,41,30,11,凱基-敦北,2023-02-24,9237
0056,元大高股息,12,2,10,凱基-敦北,2023-02-24,9237
1268,漢來美食,10,0,10,凱基-敦北,2023-02-24,9237
3038,全台,10,0,10,凱基-敦北,2023-02-24,9237
4726,永昕,10,0,10,凱基-敦北,2023-02-24,9237
4746,台耀,10,0,10,凱基-敦北,2023-02-24,9237
6770,力積電,10,0,10,凱基-敦北,2023-02-24,9237
8076,伍豐,20,10,10,凱基-敦北,2023-02-24,9237
6411,晶焱,10,0,10,凱基-敦北,2023-02-24,9237
8069,元太,29,20,9,凱基-敦北,2023-02-24,9237
3624,光頡,9,0,9,凱基-敦北,2023-02-24,9237
1584,精剛,12,4,8,凱基-敦北,2023-02-24,9237
1802,台玻,8,0,8,凱基-敦北,2023-02-24,9237
2916,滿心,8,0,8,凱基-敦北,2023-02-24,9237
3025,星通,10,2,8,凱基-敦北,2023-02-24,9237
6104,創惟,45,37,8,凱基-敦北,2023-02-24,9237
2201,裕隆,10,2,8,凱基-敦北,2023-02-24,9237
2230,泰茂,18,12,6,凱基-敦北,2023-02-24,9237
2601,益航,10,4,6,凱基-敦北,2023-02-24,9237
3264,欣銓,10,4,6,凱基-敦北,2023-02-24,9237
4528,江興鍛,6,0,6,凱基-敦北,2023-02-24,9237
4960,誠美材,6,0,6,凱基-敦北,2023-02-24,9237
00885,富邦越南,5,0,5,凱基-敦北,2023-02-24,9237
3037,欣興,7,2,5,凱基-敦北,2023-02-24,9237
2449,京元電子,5,0,5,凱基-敦北,2023-02-24,9237
2607,榮運,5,0,5,凱基-敦北,2023-02-24,9237
2614,東森,13,8,5,凱基-敦北,2023-02-24,9237
2722,夏都,5,0,5,凱基-敦北,2023-02-24,9237
2890,永豐金,5,0,5,凱基-敦北,2023-02-24,9237
3036,文曄,5,0,5,凱基-敦北,2023-02-24,9237
4927,泰鼎-KY,5,0,5,凱基-敦北,2023-02-24,9237
8415,大國鋼,5,0,5,凱基-敦北,2023-02-24,9237
2886,兆豐金,4,0,4,凱基-敦北,2023-02-24,9237
6234,高僑,80,0,80,凱基-敦北,2023-03-01,9237
4967,十銓,103,24,79,凱基-敦北,2023-03-01,9237
2888,新光金,56,0,56,凱基-敦北,2023-03-01,9237
9945,潤泰新,53,0,53,凱基-敦北,2023-03-01,9237
2101,南港,41,0,41,凱基-敦北,2023-03-01,9237
2412,中華電,41,0,41,凱基-敦北,2023-03-01,9237
1815,富喬,40,0,40,凱基-敦北,2023-03-01,9237
2243,宏旭-KY,40,0,40,凱基-敦北,2023-03-01,9237
2610,華航,51,15,36,凱基-敦北,2023-03-01,9237
5450,南良,34,0,34,凱基-敦北,2023-03-01,9237
1605,華新,33,3,30,凱基-敦北,2023-03-01,9237
3479,安勤,26,0,26,凱基-敦北,2023-03-01,9237
2618,長榮航,24,0,24,凱基-敦北,2023-03-01,9237
5284,jpp-KY,20,0,20,凱基-敦北,2023-03-01,9237
2498,宏達電,21,3,18,凱基-敦北,2023-03-01,9237
3231,緯創,18,0,18,凱基-敦北,2023-03-01,9237
2314,台揚,17,0,17,凱基-敦北,2023-03-01,9237
0056,元大高股息,19,2,17,凱基-敦北,2023-03-01,9237
1101,台泥,25,10,15,凱基-敦北,2023-03-01,9237
1720,生達,19,5,14,凱基-敦北,2023-03-01,9237
3596,智易,13,0,13,凱基-敦北,2023-03-01,9237
00878,國泰永續高股息,26,13,13,凱基-敦北,2023-03-01,9237
2014,中鴻,11,0,11,凱基-敦北,2023-03-01,9237
1268,漢來美食,11,0,11,凱基-敦北,2023-03-01,9237
00631L,元大台灣50正2,10,0,10,凱基-敦北,2023-03-01,9237
00891,中信關鍵半導體,10,0,10,凱基-敦北,2023-03-01,9237
1103,嘉泥,10,0,10,凱基-敦北,2023-03-01,9237
2352,佳世達,10,0,10,凱基-敦北,2023-03-01,9237
4432,銘旺實,10,0,10,凱基-敦北,2023-03-01,9237
00895,富邦未來車,8,0,8,凱基-敦北,2023-03-01,9237
2002,中鋼,9,1,8,凱基-敦北,2023-03-01,9237
2515,中工,8,0,8,凱基-敦北,2023-03-01,9237
3264,欣銓,11,3,8,凱基-敦北,2023-03-01,9237
4966,譜瑞-KY,8,0,8,凱基-敦北,2023-03-01,9237
5009,榮剛,15,7,8,凱基-敦北,2023-03-01,9237
2881,富邦金,7,0,7,凱基-敦北,2023-03-01,9237
6770,力積電,7,0,7,凱基-敦北,2023-03-01,9237
5258,虹堡,7,0,7,凱基-敦北,2023-03-01,9237
2066,世德,6,0,6,凱基-敦北,2023-03-01,9237
2606,裕民,7,1,6,凱基-敦北,2023-03-01,9237
6547,高端疫苗,6,0,6,凱基-敦北,2023-03-01,9237
0050,元大台灣50,5,0,5,凱基-敦北,2023-03-01,9237
1102,亞泥,5,0,5,凱基-敦北,2023-03-01,9237
00713,元大台灣高息低波,5,0,5,凱基-敦北,2023-03-01,9237
1712,興農,5,0,5,凱基-敦北,2023-03-01,9237
2471,資通,5,0,5,凱基-敦北,2023-03-01,9237
3033,威健,5,0,5,凱基-敦北,2023-03-01,9237
3498,陽程,5,0,5,凱基-敦北,2023-03-01,9237
4743,合一,5,0,5,凱基-敦北,2023-03-01,9237
8938,明安,4,0,4,凱基-敦北,2023-03-01,9237
2101,南港,105,0,105,凱基-敦北,2023-03-02,9237
6235,華孚,105,30,75,凱基-敦北,2023-03-02,9237
8182,加高,30,0,30,凱基-敦北,2023-03-02,9237
5258,虹堡,26,0,26,凱基-敦北,2023-03-02,9237
00878,國泰永續高股息,31,10,21,凱基-敦北,2023-03-02,9237
4743,合一,22,1,21,凱基-敦北,2023-03-02,9237
2495,普安,30,10,20,凱基-敦北,2023-03-02,9237
3264,欣銓,22,4,18,凱基-敦北,2023-03-02,9237
00772B,中信高評級公司債,18,0,18,凱基-敦北,2023-03-02,9237
3481,群創,48,30,18,凱基-敦北,2023-03-02,9237
00893,國泰智能電動車,15,0,15,凱基-敦北,2023-03-02,9237
4147,中裕,15,0,15,凱基-敦北,2023-03-02,9237
5353,台林,59,45,14,凱基-敦北,2023-03-02,9237
0056,元大高股息,20,6,14,凱基-敦北,2023-03-02,9237
3675,德微,30,17,13,凱基-敦北,2023-03-02,9237
6550,北極星藥業-KY,20,7,13,凱基-敦北,2023-03-02,9237
5608,四維航,22,10,12,凱基-敦北,2023-03-02,9237
3231,緯創,11,0,11,凱基-敦北,2023-03-02,9237
1815,富喬,16,5,11,凱基-敦北,2023-03-02,9237
2441,超豐,10,0,10,凱基-敦北,2023-03-02,9237
2482,連宇,10,0,10,凱基-敦北,2023-03-02,9237
6143,振曜,10,0,10,凱基-敦北,2023-03-02,9237
2409,友達,25,16,9,凱基-敦北,2023-03-02,9237
2597,潤弘,9,0,9,凱基-敦北,2023-03-02,9237
5452,佶優,9,0,9,凱基-敦北,2023-03-02,9237
00713,元大台灣高息低波,8,0,8,凱基-敦北,2023-03-02,9237
1326,台化,7,0,7,凱基-敦北,2023-03-02,9237
3596,智易,12,5,7,凱基-敦北,2023-03-02,9237
00885,富邦越南,6,0,6,凱基-敦北,2023-03-02,9237
2886,兆豐金,5,0,5,凱基-敦北,2023-03-02,9237
00679B,元大美債20年,5,0,5,凱基-敦北,2023-03-02,9237
00724B,群益投資級金融債,5,0,5,凱基-敦北,2023-03-02,9237
00898,國泰基因免疫革命,5,0,5,凱基-敦北,2023-03-02,9237
1795,美時,5,0,5,凱基-敦北,2023-03-02,9237
2367,燿華,5,0,5,凱基-敦北,2023-03-02,9237
2449,京元電子,5,0,5,凱基-敦北,2023-03-02,9237
2867,三商壽,5,0,5,凱基-敦北,2023-03-02,9237
3036,文曄,5,0,5,凱基-敦北,2023-03-02,9237
5009,榮剛,10,5,5,凱基-敦北,2023-03-02,9237
5905,南仁湖,5,0,5,凱基-敦北,2023-03-02,9237
6461,益得,5,0,5,凱基-敦北,2023-03-02,9237
8028,昇陽半導體,5,0,5,凱基-敦北,2023-03-02,9237
8088,品安,5,0,5,凱基-敦北,2023-03-02,9237
00900,富邦特選高股息30,4,0,4,凱基-敦北,2023-03-02,9237
1608,華榮,4,0,4,凱基-敦北,2023-03-02,9237
2883,凱基金,11,7,4,凱基-敦北,2023-03-02,9237
6148,驊宏資,4,0,4,凱基-敦北,2023-03-02,9237
00715L,期街口布蘭特正2,3,0,3,凱基-敦北,2023-03-02,9237
1522,堤維西,3,0,3,凱基-敦北,2023-03-02,9237
2010,春源,6,3,3,凱基-敦北,2023-03-02,9237
2882,國泰金,100,3,97,凱基-敦北,2023-03-03,9237
00878,國泰永續高股息,93,3,90,凱基-敦北,2023-03-03,9237
3591,艾笛森,80,0,80,凱基-敦北,2023-03-03,9237
3005,神基,61,0,61,凱基-敦北,2023-03-03,9237
3035,智原,50,0,50,凱基-敦北,2023-03-03,9237
2344,華邦電,91,44,47,凱基-敦北,2023-03-03,9237
5464,霖宏,30,2,28,凱基-敦北,2023-03-03,9237
5608,四維航,27,1,26,凱基-敦北,2023-03-03,9237
8421,旭源,50,26,24,凱基-敦北,2023-03-03,9237
2338,光罩,22,1,21,凱基-敦北,2023-03-03,9237
6104,創惟,55,34,21,凱基-敦北,2023-03-03,9237
6282,康舒,24,4,20,凱基-敦北,2023-03-03,9237
3596,智易,27,7,20,凱基-敦北,2023-03-03,9237
6148,驊宏資,20,0,20,凱基-敦北,2023-03-03,9237
6234,高僑,70,50,20,凱基-敦北,2023-03-03,9237
3231,緯創,16,0,16,凱基-敦北,2023-03-03,9237
00679B,元大美債20年,15,0,15,凱基-敦北,2023-03-03,9237
1720,生達,15,0,15,凱基-敦北,2023-03-03,9237
4147,中裕,16,1,15,凱基-敦北,2023-03-03,9237
2609,陽明,19,4,15,凱基-敦北,2023-03-03,9237
00720B,元大投資級公司債,14,0,14,凱基-敦北,2023-03-03,9237
2066,世德,12,0,12,凱基-敦北,2023-03-03,9237
8227,巨有科技,12,0,12,凱基-敦北,2023-03-03,9237
8050,廣積,12,1,11,凱基-敦北,2023-03-03,9237
3592,瑞鼎,11,0,11,凱基-敦北,2023-03-03,9237
6523,達爾膚,11,0,11,凱基-敦北,2023-03-03,9237
2834,臺企銀,12,1,11,凱基-敦北,2023-03-03,9237
00665L,富邦�琤肭磪囓�2,10,0,10,凱基-敦北,2023-03-03,9237
2351,順德,13,3,10,凱基-敦北,2023-03-03,9237
3033,威健,10,0,10,凱基-敦北,2023-03-03,9237
5284,jpp-KY,10,0,10,凱基-敦北,2023-03-03,9237
5439,高技,15,5,10,凱基-敦北,2023-03-03,9237
5508,永信建,10,0,10,凱基-敦北,2023-03-03,9237
6113,亞矽,10,0,10,凱基-敦北,2023-03-03,9237
6143,振曜,10,0,10,凱基-敦北,2023-03-03,9237
6712,長聖,10,0,10,凱基-敦北,2023-03-03,9237
2101,南港,9,0,9,凱基-敦北,2023-03-03,9237
2597,潤弘,9,0,9,凱基-敦北,2023-03-03,9237
2603,長榮,12,3,9,凱基-敦北,2023-03-03,9237
1102,亞泥,9,1,8,凱基-敦北,2023-03-03,9237
2347,聯強,8,0,8,凱基-敦北,2023-03-03,9237
5512,力麒,8,0,8,凱基-敦北,2023-03-03,9237
2388,威盛,7,0,7,凱基-敦北,2023-03-03,9237
3037,欣興,12,5,7,凱基-敦北,2023-03-03,9237
00713,元大台灣高息低波,7,0,7,凱基-敦北,2023-03-03,9237
1326,台化,6,0,6,凱基-敦北,2023-03-03,9237
00885,富邦越南,6,0,6,凱基-敦北,2023-03-03,9237
00688L,國泰20年美債正2,6,0,6,凱基-敦北,2023-03-03,9237
2601,益航,6,0,6,凱基-敦北,2023-03-03,9237
2614,東森,6,0,6,凱基-敦北,2023-03-03,9237
1519,華城,176,84,92,凱基-敦北,2023-03-06,9237
3027,盛達,80,0,80,凱基-敦北,2023-03-06,9237
6235,華孚,95,25,70,凱基-敦北,2023-03-06,9237
00665L,富邦�琤肭磪囓�2,70,0,70,凱基-敦北,2023-03-06,9237
2243,宏旭-KY,79,9,70,凱基-敦北,2023-03-06,9237
1460,宏遠,67,0,67,凱基-敦北,2023-03-06,9237
2603,長榮,68,1,67,凱基-敦北,2023-03-06,9237
6156,松上,60,6,54,凱基-敦北,2023-03-06,9237
3591,艾笛森,57,8,49,凱基-敦北,2023-03-06,9237
6282,康舒,72,33,39,凱基-敦北,2023-03-06,9237
4950,牧東,30,0,30,凱基-敦北,2023-03-06,9237
2344,華邦電,91,65,26,凱基-敦北,2023-03-06,9237
2002,中鋼,25,0,25,凱基-敦北,2023-03-06,9237
3325,旭品,23,0,23,凱基-敦北,2023-03-06,9237
2504,國產,22,0,22,凱基-敦北,2023-03-06,9237
2634,漢翔,20,0,20,凱基-敦北,2023-03-06,9237
3046,建��,22,2,20,凱基-敦北,2023-03-06,9237
8070,長華*,20,0,20,凱基-敦北,2023-03-06,9237
6180,橘子,15,0,15,凱基-敦北,2023-03-06,9237
3666,光耀,16,2,14,凱基-敦北,2023-03-06,9237
00632R,元大台灣50反1,11,0,11,凱基-敦北,2023-03-06,9237
00916,國泰全球品牌50,10,0,10,凱基-敦北,2023-03-06,9237
00637L,元大滬深300正2,10,0,10,凱基-敦北,2023-03-06,9237
2014,中鴻,10,0,10,凱基-敦北,2023-03-06,9237
2449,京元電子,10,0,10,凱基-敦北,2023-03-06,9237
3033,威健,10,0,10,凱基-敦北,2023-03-06,9237
4164,承業醫,10,0,10,凱基-敦北,2023-03-06,9237
1815,富喬,15,6,9,凱基-敦北,2023-03-06,9237
2597,潤弘,9,0,9,凱基-敦北,2023-03-06,9237
4557,永新-KY,12,3,9,凱基-敦北,2023-03-06,9237
5536,聖暉*,9,0,9,凱基-敦北,2023-03-06,9237
6153,嘉聯益,10,1,9,凱基-敦北,2023-03-06,9237
2891,中信金,10,2,8,凱基-敦北,2023-03-06,9237
0050,元大台灣50,10,2,8,凱基-敦北,2023-03-06,9237
1446,宏和,8,0,8,凱基-敦北,2023-03-06,9237
00893,國泰智能電動車,9,1,8,凱基-敦北,2023-03-06,9237
5452,佶優,8,0,8,凱基-敦北,2023-03-06,9237
2352,佳世達,9,2,7,凱基-敦北,2023-03-06,9237
3019,亞光,12,5,7,凱基-敦北,2023-03-06,9237
3036,文曄,7,0,7,凱基-敦北,2023-03-06,9237
6461,益得,7,0,7,凱基-敦北,2023-03-06,9237
00892,富邦台灣半導體,5,0,5,凱基-敦北,2023-03-06,9237
00885,富邦越南,5,0,5,凱基-敦北,2023-03-06,9237
2347,聯強,5,0,5,凱基-敦北,2023-03-06,9237
2495,普安,5,0,5,凱基-敦北,2023-03-06,9237
2884,玉山金,5,0,5,凱基-敦北,2023-03-06,9237
3437,榮創,5,0,5,凱基-敦北,2023-03-06,9237
3537,堡達,5,0,5,凱基-敦北,2023-03-06,9237
4130,健亞,5,0,5,凱基-敦北,2023-03-06,9237
4960,誠美材,5,0,5,凱基-敦北,2023-03-06,9237
1504,東元,253,37,216,凱基-敦北,2023-03-07,9237
2603,長榮,82,6,76,凱基-敦北,2023-03-07,9237
1524,耿鼎,73,0,73,凱基-敦北,2023-03-07,9237
00885,富邦越南,56,0,56,凱基-敦北,2023-03-07,9237
00753L,中信中國50正2,50,0,50,凱基-敦北,2023-03-07,9237
2449,京元電子,47,1,46,凱基-敦北,2023-03-07,9237
4726,永昕,44,0,44,凱基-敦北,2023-03-07,9237
2462,良得電,33,0,33,凱基-敦北,2023-03-07,9237
8182,加高,33,0,33,凱基-敦北,2023-03-07,9237
1609,大亞,32,0,32,凱基-敦北,2023-03-07,9237
1815,富喬,30,0,30,凱基-敦北,2023-03-07,9237
1268,漢來美食,27,0,27,凱基-敦北,2023-03-07,9237
6104,創惟,23,0,23,凱基-敦北,2023-03-07,9237
3027,盛達,23,1,22,凱基-敦北,2023-03-07,9237
3591,艾笛森,21,0,21,凱基-敦北,2023-03-07,9237
4155,訊映,21,0,21,凱基-敦北,2023-03-07,9237
1514,亞力,21,1,20,凱基-敦北,2023-03-07,9237
2347,聯強,20,0,20,凱基-敦北,2023-03-07,9237
2406,國碩,20,0,20,凱基-敦北,2023-03-07,9237
6148,驊宏資,19,0,19,凱基-敦北,2023-03-07,9237
6220,岳豐,18,0,18,凱基-敦北,2023-03-07,9237
1760,寶齡富錦,19,3,16,凱基-敦北,2023-03-07,9237
00772B,中信高評級公司債,14,0,14,凱基-敦北,2023-03-07,9237
00632R,元大台灣50反1,14,0,14,凱基-敦北,2023-03-07,9237
00673R,期元大S＆P原油反1,12,0,12,凱基-敦北,2023-03-07,9237
2206,三陽工業,12,0,12,凱基-敦北,2023-03-07,9237
3029,零壹,14,2,12,凱基-敦北,2023-03-07,9237
00902,中信電池及儲能,10,0,10,凱基-敦北,2023-03-07,9237
2023,燁輝,10,0,10,凱基-敦北,2023-03-07,9237
8070,長華*,10,0,10,凱基-敦北,2023-03-07,9237
2597,潤弘,9,0,9,凱基-敦北,2023-03-07,9237
6830,汎銓,9,0,9,凱基-敦北,2023-03-07,9237
3162,精確,8,0,8,凱基-敦北,2023-03-07,9237
3356,奇偶,7,0,7,凱基-敦北,2023-03-07,9237
1460,宏遠,6,0,6,凱基-敦北,2023-03-07,9237
1783,和康生,6,0,6,凱基-敦北,2023-03-07,9237
1795,美時,6,0,6,凱基-敦北,2023-03-07,9237
3537,堡達,6,0,6,凱基-敦北,2023-03-07,9237
2303,聯電,11,5,6,凱基-敦北,2023-03-07,9237
00751B,元大AAA至A公司債,5,0,5,凱基-敦北,2023-03-07,9237
2430,燦坤,5,0,5,凱基-敦北,2023-03-07,9237
2641,正德,5,0,5,凱基-敦北,2023-03-07,9237
3706,神達,5,0,5,凱基-敦北,2023-03-07,9237
4930,燦星網,5,0,5,凱基-敦北,2023-03-07,9237
6125,廣運,5,0,5,凱基-敦北,2023-03-07,9237
6223,旺矽,6,1,5,凱基-敦北,2023-03-07,9237
6560,欣普羅,5,0,5,凱基-敦北,2023-03-07,9237
8096,擎亞,5,0,5,凱基-敦北,2023-03-07,9237
8227,巨有科技,7,2,5,凱基-敦北,2023-03-07,9237
2344,華邦電,6,1,5,凱基-敦北,2023-03-07,9237
00632R,元大台灣50反1,210,0,210,凱基-敦北,2023-03-08,9237
00676R,富邦臺灣加權反1,200,0,200,凱基-敦北,2023-03-08,9237
2884,玉山金,102,0,102,凱基-敦北,2023-03-08,9237
6231,系微,52,0,52,凱基-敦北,2023-03-08,9237
3128,昇銳,78,28,50,凱基-敦北,2023-03-08,9237
4123,晟德,50,0,50,凱基-敦北,2023-03-08,9237
5464,霖宏,44,3,41,凱基-敦北,2023-03-08,9237
6235,華孚,133,93,40,凱基-敦北,2023-03-08,9237
6016,康和證,39,0,39,凱基-敦北,2023-03-08,9237
5608,四維航,27,1,26,凱基-敦北,2023-03-08,9237
1815,富喬,30,5,25,凱基-敦北,2023-03-08,9237
1762,中化生,23,1,22,凱基-敦北,2023-03-08,9237
8076,伍豐,20,0,20,凱基-敦北,2023-03-08,9237
00885,富邦越南,20,1,19,凱基-敦北,2023-03-08,9237
4129,聯合,18,0,18,凱基-敦北,2023-03-08,9237
1524,耿鼎,17,1,16,凱基-敦北,2023-03-08,9237
3051,力特,15,0,15,凱基-敦北,2023-03-08,9237
4432,銘旺實,15,0,15,凱基-敦北,2023-03-08,9237
5701,劍湖山,15,0,15,凱基-敦北,2023-03-08,9237
8182,加高,15,0,15,凱基-敦北,2023-03-08,9237
1336,台翰,15,2,13,凱基-敦北,2023-03-08,9237
2481,強茂,21,8,13,凱基-敦北,2023-03-08,9237
3374,精材,15,3,12,凱基-敦北,2023-03-08,9237
5340,建榮,30,18,12,凱基-敦北,2023-03-08,9237
6789,采鈺,12,0,12,凱基-敦北,2023-03-08,9237
9933,中鼎,11,0,11,凱基-敦北,2023-03-08,9237
2406,國碩,10,0,10,凱基-敦北,2023-03-08,9237
00631L,元大台灣50正2,10,0,10,凱基-敦北,2023-03-08,9237
00753L,中信中國50正2,10,0,10,凱基-敦北,2023-03-08,9237
2453,凌群,12,2,10,凱基-敦北,2023-03-08,9237
5309,系統電,10,0,10,凱基-敦北,2023-03-08,9237
6733,博晟生醫,10,0,10,凱基-敦北,2023-03-08,9237
8111,立��,12,2,10,凱基-敦北,2023-03-08,9237
1101,台泥,10,0,10,凱基-敦北,2023-03-08,9237
2597,潤弘,9,0,9,凱基-敦北,2023-03-08,9237
00773B,中信優先金融債,8,0,8,凱基-敦北,2023-03-08,9237
2614,東森,8,0,8,凱基-敦北,2023-03-08,9237
3537,堡達,7,0,7,凱基-敦北,2023-03-08,9237
2458,義隆,12,6,6,凱基-敦北,2023-03-08,9237
3036,文曄,6,0,6,凱基-敦北,2023-03-08,9237
5880,合庫金,6,0,6,凱基-敦北,2023-03-08,9237
8277,商丞,6,0,6,凱基-敦北,2023-03-08,9237
00878,國泰永續高股息,5,0,5,凱基-敦北,2023-03-08,9237
00898,國泰基因免疫革命,5,0,5,凱基-敦北,2023-03-08,9237
00752,中信中國50,5,0,5,凱基-敦北,2023-03-08,9237
1597,直得,5,0,5,凱基-敦北,2023-03-08,9237
2482,連宇,5,0,5,凱基-敦北,2023-03-08,9237
2891,中信金,5,0,5,凱基-敦北,2023-03-08,9237
3022,威強電,5,0,5,凱基-敦北,2023-03-08,9237
3455,由田,5,0,5,凱基-敦北,2023-03-08,9237
6234,高僑,229,21,208,凱基-敦北,2023-03-09,9237
2331,精英,82,1,81,凱基-敦北,2023-03-09,9237
3481,群創,149,82,67,凱基-敦北,2023-03-09,9237
1718,中纖,104,50,54,凱基-敦北,2023-03-09,9237
2884,玉山金,53,0,53,凱基-敦北,2023-03-09,9237
4961,天鈺,52,1,51,凱基-敦北,2023-03-09,9237
6104,創惟,105,63,42,凱基-敦北,2023-03-09,9237
2375,凱美,40,0,40,凱基-敦北,2023-03-09,9237
1504,東元,308,269,39,凱基-敦北,2023-03-09,9237
1760,寶齡富錦,36,1,35,凱基-敦北,2023-03-09,9237
8069,元太,33,2,31,凱基-敦北,2023-03-09,9237
2344,華邦電,33,6,27,凱基-敦北,2023-03-09,9237
3027,盛達,47,21,26,凱基-敦北,2023-03-09,9237
5272,笙科,26,0,26,凱基-敦北,2023-03-09,9237
5340,建榮,50,25,25,凱基-敦北,2023-03-09,9237
2610,華航,23,0,23,凱基-敦北,2023-03-09,9237
6282,康舒,143,121,22,凱基-敦北,2023-03-09,9237
3591,艾笛森,21,0,21,凱基-敦北,2023-03-09,9237
6290,良維,21,0,21,凱基-敦北,2023-03-09,9237
2883,凱基金,20,0,20,凱基-敦北,2023-03-09,9237
3479,安勤,20,0,20,凱基-敦北,2023-03-09,9237
8155,博智,68,48,20,凱基-敦北,2023-03-09,9237
4142,國光生,32,13,19,凱基-敦北,2023-03-09,9237
6443,元晶,21,3,18,凱基-敦北,2023-03-09,9237
4168,醣聯,17,0,17,凱基-敦北,2023-03-09,9237
5701,劍湖山,16,0,16,凱基-敦北,2023-03-09,9237
00772B,中信高評級公司債,15,0,15,凱基-敦北,2023-03-09,9237
8182,加高,15,0,15,凱基-敦北,2023-03-09,9237
2317,鴻海,16,1,15,凱基-敦北,2023-03-09,9237
00878,國泰永續高股息,12,0,12,凱基-敦北,2023-03-09,9237
00885,富邦越南,12,0,12,凱基-敦北,2023-03-09,9237
00773B,中信優先金融債,12,0,12,凱基-敦北,2023-03-09,9237
1529,樂事綠能,13,1,12,凱基-敦北,2023-03-09,9237
2484,希華,13,1,12,凱基-敦北,2023-03-09,9237
00923,群益台ESG低碳50,10,0,10,凱基-敦北,2023-03-09,9237
2201,裕隆,10,0,10,凱基-敦北,2023-03-09,9237
2406,國碩,10,0,10,凱基-敦北,2023-03-09,9237
3264,欣銓,10,0,10,凱基-敦北,2023-03-09,9237
5439,高技,10,0,10,凱基-敦北,2023-03-09,9237
2597,潤弘,9,0,9,凱基-敦北,2023-03-09,9237
2891,中信金,9,0,9,凱基-敦北,2023-03-09,9237
8112,至上,10,1,9,凱基-敦北,2023-03-09,9237
2486,一詮,9,1,8,凱基-敦北,2023-03-09,9237
3289,宜特,9,1,8,凱基-敦北,2023-03-09,9237
3380,明泰,9,1,8,凱基-敦北,2023-03-09,9237
2301,光寶科,7,0,7,凱基-敦北,2023-03-09,9237
4967,十銓,17,10,7,凱基-敦北,2023-03-09,9237
8936,國統,7,0,7,凱基-敦北,2023-03-09,9237
00637L,元大滬深300正2,6,0,6,凱基-敦北,2023-03-09,9237
00665L,富邦�琤肭磪囓�2,6,0,6,凱基-敦北,2023-03-09,9237
00878,國泰永續高股息,166,3,163,凱基-敦北,2023-03-10,9237
6235,華孚,135,0,135,凱基-敦北,2023-03-10,9237
4967,十銓,130,4,126,凱基-敦北,2023-03-10,9237
2884,玉山金,102,10,92,凱基-敦北,2023-03-10,9237
1718,中纖,65,0,65,凱基-敦北,2023-03-10,9237
1760,寶齡富錦,65,0,65,凱基-敦北,2023-03-10,9237
9945,潤泰新,64,0,64,凱基-敦北,2023-03-10,9237
6290,良維,53,0,53,凱基-敦北,2023-03-10,9237
2383,台光電,50,1,49,凱基-敦北,2023-03-10,9237
2344,華邦電,41,0,41,凱基-敦北,2023-03-10,9237
3128,昇銳,37,0,37,凱基-敦北,2023-03-10,9237
00713,元大台灣高息低波,31,0,31,凱基-敦北,2023-03-10,9237
00632R,元大台灣50反1,35,5,30,凱基-敦北,2023-03-10,9237
2101,南港,30,0,30,凱基-敦北,2023-03-10,9237
3022,威強電,30,0,30,凱基-敦北,2023-03-10,9237
2888,新光金,25,0,25,凱基-敦北,2023-03-10,9237
1609,大亞,22,0,22,凱基-敦北,2023-03-10,9237
6274,台燿,162,140,22,凱基-敦北,2023-03-10,9237
00680L,元大美債20正2,20,0,20,凱基-敦北,2023-03-10,9237
4958,臻鼎-KY,20,0,20,凱基-敦北,2023-03-10,9237
6016,康和證,20,0,20,凱基-敦北,2023-03-10,9237
8076,伍豐,20,0,20,凱基-敦北,2023-03-10,9237
00773B,中信優先金融債,23,3,20,凱基-敦北,2023-03-10,9237
2618,長榮航,20,1,19,凱基-敦北,2023-03-10,9237
5425,台半,23,4,19,凱基-敦北,2023-03-10,9237
2609,陽明,53,34,19,凱基-敦北,2023-03-10,9237
2603,長榮,41,23,18,凱基-敦北,2023-03-10,9237
1789,神隆,18,0,18,凱基-敦北,2023-03-10,9237
3231,緯創,16,0,16,凱基-敦北,2023-03-10,9237
00772B,中信高評級公司債,21,5,16,凱基-敦北,2023-03-10,9237
2882,國泰金,15,0,15,凱基-敦北,2023-03-10,9237
2892,第一金,15,0,15,凱基-敦北,2023-03-10,9237
2002,中鋼,17,2,15,凱基-敦北,2023-03-10,9237
0056,元大高股息,36,21,15,凱基-敦北,2023-03-10,9237
2891,中信金,13,0,13,凱基-敦北,2023-03-10,9237
00923,群益台ESG低碳50,13,0,13,凱基-敦北,2023-03-10,9237
2449,京元電子,13,1,12,凱基-敦北,2023-03-10,9237
3264,欣銓,12,0,12,凱基-敦北,2023-03-10,9237
1326,台化,10,0,10,凱基-敦北,2023-03-10,9237
1303,南亞,10,0,10,凱基-敦北,2023-03-10,9237
1815,富喬,20,10,10,凱基-敦北,2023-03-10,9237
2014,中鴻,10,0,10,凱基-敦北,2023-03-10,9237
2406,國碩,10,0,10,凱基-敦北,2023-03-10,9237
3706,神達,10,0,10,凱基-敦北,2023-03-10,9237
4930,燦星網,10,0,10,凱基-敦北,2023-03-10,9237
5876,上海商銀,10,0,10,凱基-敦北,2023-03-10,9237
0050,元大台灣50,10,0,10,凱基-敦北,2023-03-10,9237
2597,潤弘,9,0,9,凱基-敦北,2023-03-10,9237
2610,華航,9,0,9,凱基-敦北,2023-03-10,9237
3712,永崴投控,10,1,9,凱基-敦北,2023-03-10,9237
6235,華孚,152,43,109,凱基-敦北,2023-03-13,9237
2884,玉山金,106,0,106,凱基-敦北,2023-03-13,9237
2609,陽明,98,20,78,凱基-敦北,2023-03-13,9237
2892,第一金,74,0,74,凱基-敦北,2023-03-13,9237
00632R,元大台灣50反1,80,6,74,凱基-敦北,2023-03-13,9237
1718,中纖,60,0,60,凱基-敦北,2023-03-13,9237
00878,國泰永續高股息,64,14,50,凱基-敦北,2023-03-13,9237
6016,康和證,37,3,34,凱基-敦北,2023-03-13,9237
5864,致和證,24,0,24,凱基-敦北,2023-03-13,9237
9945,潤泰新,20,0,20,凱基-敦北,2023-03-13,9237
00680L,元大美債20正2,20,0,20,凱基-敦北,2023-03-13,9237
2449,京元電子,22,2,20,凱基-敦北,2023-03-13,9237
6143,振曜,20,0,20,凱基-敦北,2023-03-13,9237
6163,華電網,20,0,20,凱基-敦北,2023-03-13,9237
0056,元大高股息,19,2,17,凱基-敦北,2023-03-13,9237
3666,光耀,15,0,15,凱基-敦北,2023-03-13,9237
00772B,中信高評級公司債,18,4,14,凱基-敦北,2023-03-13,9237
3033,威健,15,1,14,凱基-敦北,2023-03-13,9237
8024,佑華,14,0,14,凱基-敦北,2023-03-13,9237
00720B,元大投資級公司債,13,0,13,凱基-敦北,2023-03-13,9237
6443,元晶,12,0,12,凱基-敦北,2023-03-13,9237
00885,富邦越南,11,0,11,凱基-敦北,2023-03-13,9237
2017,官田鋼,12,2,10,凱基-敦北,2023-03-13,9237
3231,緯創,10,0,10,凱基-敦北,2023-03-13,9237
3290,東浦,10,0,10,凱基-敦北,2023-03-13,9237
3466,德晉,17,7,10,凱基-敦北,2023-03-13,9237
2597,潤弘,9,0,9,凱基-敦北,2023-03-13,9237
2882,國泰金,9,1,8,凱基-敦北,2023-03-13,9237
2867,三商壽,7,0,7,凱基-敦北,2023-03-13,9237
2482,連宇,7,1,6,凱基-敦北,2023-03-13,9237
2606,裕民,6,0,6,凱基-敦北,2023-03-13,9237
2615,萬海,6,0,6,凱基-敦北,2023-03-13,9237
2890,永豐金,6,0,6,凱基-敦北,2023-03-13,9237
4562,穎漢,6,0,6,凱基-敦北,2023-03-13,9237
8183,精星,6,0,6,凱基-敦北,2023-03-13,9237
2881,富邦金,6,1,5,凱基-敦北,2023-03-13,9237
00898,國泰基因免疫革命,5,0,5,凱基-敦北,2023-03-13,9237
3036,文曄,5,0,5,凱基-敦北,2023-03-13,9237
3289,宜特,12,7,5,凱基-敦北,2023-03-13,9237
6441,廣錠,5,0,5,凱基-敦北,2023-03-13,9237
9921,巨大,5,0,5,凱基-敦北,2023-03-13,9237
4916,事欣科,6,2,4,凱基-敦北,2023-03-13,9237
1513,中興電,4,0,4,凱基-敦北,2023-03-13,9237
00713,元大台灣高息低波,4,0,4,凱基-敦北,2023-03-13,9237
00857B,永豐20年美公債,4,0,4,凱基-敦北,2023-03-13,9237
2888,新光金,8,5,3,凱基-敦北,2023-03-13,9237
2357,華碩,3,0,3,凱基-敦北,2023-03-13,9237
1605,華新,5,2,3,凱基-敦北,2023-03-13,9237
00881,國泰台灣5G+,3,0,3,凱基-敦北,2023-03-13,9237
1305,華夏,3,0,3,凱基-敦北,2023-03-13,9237
2884,玉山金,264,0,264,凱基-敦北,2023-03-14,9237
2609,陽明,92,11,81,凱基-敦北,2023-03-14,9237
2892,第一金,79,0,79,凱基-敦北,2023-03-14,9237
00878,國泰永續高股息,75,0,75,凱基-敦北,2023-03-14,9237
3015,全漢,45,0,45,凱基-敦北,2023-03-14,9237
8024,佑華,43,0,43,凱基-敦北,2023-03-14,9237
2331,精英,37,1,36,凱基-敦北,2023-03-14,9237
2101,南港,34,0,34,凱基-敦北,2023-03-14,9237
8076,伍豐,40,7,33,凱基-敦北,2023-03-14,9237
2344,華邦電,28,0,28,凱基-敦北,2023-03-14,9237
0056,元大高股息,20,0,20,凱基-敦北,2023-03-14,9237
2618,長榮航,20,0,20,凱基-敦北,2023-03-14,9237
8927,北基,17,0,17,凱基-敦北,2023-03-14,9237
2498,宏達電,17,1,16,凱基-敦北,2023-03-14,9237
9945,潤泰新,14,0,14,凱基-敦北,2023-03-14,9237
00885,富邦越南,14,0,14,凱基-敦北,2023-03-14,9237
2610,華航,14,0,14,凱基-敦北,2023-03-14,9237
3703,欣陸,14,0,14,凱基-敦北,2023-03-14,9237
2891,中信金,16,3,13,凱基-敦北,2023-03-14,9237
6146,耕興,25,12,13,凱基-敦北,2023-03-14,9237
6191,精成科,12,0,12,凱基-敦北,2023-03-14,9237
00923,群益台ESG低碳50,11,0,11,凱基-敦北,2023-03-14,9237
2303,聯電,12,2,10,凱基-敦北,2023-03-14,9237
8112,至上,10,0,10,凱基-敦北,2023-03-14,9237
1760,寶齡富錦,10,0,10,凱基-敦北,2023-03-14,9237
3033,威健,10,0,10,凱基-敦北,2023-03-14,9237
3466,德晉,10,0,10,凱基-敦北,2023-03-14,9237
4503,金雨,10,0,10,凱基-敦北,2023-03-14,9237
6104,創惟,15,5,10,凱基-敦北,2023-03-14,9237
2597,潤弘,9,0,9,凱基-敦北,2023-03-14,9237
6163,華電網,9,0,9,凱基-敦北,2023-03-14,9237
00712,復華富時不動產,8,0,8,凱基-敦北,2023-03-14,9237
2613,中櫃,8,0,8,凱基-敦北,2023-03-14,9237
2885,元大金,8,0,8,凱基-敦北,2023-03-14,9237
00772B,中信高評級公司債,7,0,7,凱基-敦北,2023-03-14,9237
2882,國泰金,10,3,7,凱基-敦北,2023-03-14,9237
0050,元大台灣50,6,0,6,凱基-敦北,2023-03-14,9237
2883,凱基金,7,1,6,凱基-敦北,2023-03-14,9237
00665L,富邦�琤肭磪囓�2,6,0,6,凱基-敦北,2023-03-14,9237
2449,京元電子,7,1,6,凱基-敦北,2023-03-14,9237
8477,創業家,7,1,6,凱基-敦北,2023-03-14,9237
00882,中信中國高股息,6,0,6,凱基-敦北,2023-03-14,9237
2881,富邦金,6,1,5,凱基-敦北,2023-03-14,9237
00713,元大台灣高息低波,5,0,5,凱基-敦北,2023-03-14,9237
00740B,富邦全球投等債,5,0,5,凱基-敦北,2023-03-14,9237
00637L,元大滬深300正2,5,0,5,凱基-敦北,2023-03-14,9237
2313,華通,5,0,5,凱基-敦北,2023-03-14,9237
2324,仁寶,5,0,5,凱基-敦北,2023-03-14,9237
3022,威強電,5,0,5,凱基-敦北,2023-03-14,9237
3036,文曄,5,0,5,凱基-敦北,2023-03-14,9237
2884,玉山金,406,1,405,凱基-敦北,2023-03-15,9237
2609,陽明,146,23,123,凱基-敦北,2023-03-15,9237
2882,國泰金,106,0,106,凱基-敦北,2023-03-15,9237
3231,緯創,102,5,97,凱基-敦北,2023-03-15,9237
2603,長榮,145,62,83,凱基-敦北,2023-03-15,9237
8024,佑華,78,0,78,凱基-敦北,2023-03-15,9237
2402,毅嘉,51,1,50,凱基-敦北,2023-03-15,9237
6235,華孚,63,25,38,凱基-敦北,2023-03-15,9237
00712,復華富時不動產,35,0,35,凱基-敦北,2023-03-15,9237
3033,威健,34,0,34,凱基-敦北,2023-03-15,9237
2031,新光鋼,33,0,33,凱基-敦北,2023-03-15,9237
2888,新光金,28,0,28,凱基-敦北,2023-03-15,9237
00878,國泰永續高股息,26,0,26,凱基-敦北,2023-03-15,9237
6550,北極星藥業-KY,25,1,24,凱基-敦北,2023-03-15,9237
3046,建��,23,2,21,凱基-敦北,2023-03-15,9237
00680L,元大美債20正2,20,0,20,凱基-敦北,2023-03-15,9237
1712,興農,24,4,20,凱基-敦北,2023-03-15,9237
3162,精確,19,0,19,凱基-敦北,2023-03-15,9237
3015,全漢,46,30,16,凱基-敦北,2023-03-15,9237
3703,欣陸,15,0,15,凱基-敦北,2023-03-15,9237
2101,南港,13,0,13,凱基-敦北,2023-03-15,9237
2457,飛宏,20,7,13,凱基-敦北,2023-03-15,9237
1326,台化,10,0,10,凱基-敦北,2023-03-15,9237
00679B,元大美債20年,11,1,10,凱基-敦北,2023-03-15,9237
2014,中鴻,10,0,10,凱基-敦北,2023-03-15,9237
3356,奇偶,10,0,10,凱基-敦北,2023-03-15,9237
6104,創惟,33,23,10,凱基-敦北,2023-03-15,9237
6781,AES-KY,11,1,10,凱基-敦北,2023-03-15,9237
2317,鴻海,10,0,10,凱基-敦北,2023-03-15,9237
00751B,元大AAA至A公司債,8,0,8,凱基-敦北,2023-03-15,9237
2820,華票,8,0,8,凱基-敦北,2023-03-15,9237
2891,中信金,8,0,8,凱基-敦北,2023-03-15,9237
4503,金雨,12,4,8,凱基-敦北,2023-03-15,9237
8112,至上,10,2,8,凱基-敦北,2023-03-15,9237
3481,群創,30,23,7,凱基-敦北,2023-03-15,9237
3444,利機,6,0,6,凱基-敦北,2023-03-15,9237
4562,穎漢,6,0,6,凱基-敦北,2023-03-15,9237
9945,潤泰新,5,0,5,凱基-敦北,2023-03-15,9237
00799B,國泰A級醫療債,5,0,5,凱基-敦北,2023-03-15,9237
2027,大成鋼,5,0,5,凱基-敦北,2023-03-15,9237
2424,隴華,5,0,5,凱基-敦北,2023-03-15,9237
2474,可成,5,0,5,凱基-敦北,2023-03-15,9237
2618,長榮航,7,2,5,凱基-敦北,2023-03-15,9237
3094,聯傑,69,64,5,凱基-敦北,2023-03-15,9237
3209,全科,5,0,5,凱基-敦北,2023-03-15,9237
8936,國統,5,0,5,凱基-敦北,2023-03-15,9237
1314,中石化,5,0,5,凱基-敦北,2023-03-15,9237
2614,東森,5,0,5,凱基-敦北,2023-03-15,9237
1434,福懋,4,0,4,凱基-敦北,2023-03-15,9237
00772B,中信高評級公司債,4,0,4,凱基-敦北,2023-03-15,9237
2884,玉山金,405,0,405,凱基-敦北,2023-03-16,9237
00676R,富邦臺灣加權反1,400,0,400,凱基-敦北,2023-03-16,9237
3481,群創,281,33,248,凱基-敦北,2023-03-16,9237
2609,陽明,176,15,161,凱基-敦北,2023-03-16,9237
9907,統一實,120,0,120,凱基-敦北,2023-03-16,9237
2211,長榮鋼,110,0,110,凱基-敦北,2023-03-16,9237
00641R,富邦日本反1,100,0,100,凱基-敦北,2023-03-16,9237
6244,茂迪,123,50,73,凱基-敦北,2023-03-16,9237
2888,新光金,66,0,66,凱基-敦北,2023-03-16,9237
00878,國泰永續高股息,54,4,50,凱基-敦北,2023-03-16,9237
00632R,元大台灣50反1,52,7,45,凱基-敦北,2023-03-16,9237
3050,鈺德,44,0,44,凱基-敦北,2023-03-16,9237
4976,佳凌,40,0,40,凱基-敦北,2023-03-16,9237
6234,高僑,40,0,40,凱基-敦北,2023-03-16,9237
2834,臺企銀,33,1,32,凱基-敦北,2023-03-16,9237
6163,華電網,30,0,30,凱基-敦北,2023-03-16,9237
8182,加高,30,0,30,凱基-敦北,2023-03-16,9237
2101,南港,27,0,27,凱基-敦北,2023-03-16,9237
3703,欣陸,27,0,27,凱基-敦北,2023-03-16,9237
3051,力特,25,0,25,凱基-敦北,2023-03-16,9237
3162,精確,22,0,22,凱基-敦北,2023-03-16,9237
8936,國統,24,2,22,凱基-敦北,2023-03-16,9237
3094,聯傑,21,0,21,凱基-敦北,2023-03-16,9237
2891,中信金,26,6,20,凱基-敦北,2023-03-16,9237
00720B,元大投資級公司債,20,1,19,凱基-敦北,2023-03-16,9237
3552,同致,17,0,17,凱基-敦北,2023-03-16,9237
00772B,中信高評級公司債,19,4,15,凱基-敦北,2023-03-16,9237
3356,奇偶,15,0,15,凱基-敦北,2023-03-16,9237
4157,太景*-KY,15,0,15,凱基-敦北,2023-03-16,9237
4726,永昕,15,0,15,凱基-敦北,2023-03-16,9237
2301,光寶科,14,0,14,凱基-敦北,2023-03-16,9237
2881,富邦金,13,0,13,凱基-敦北,2023-03-16,9237
1789,神隆,12,0,12,凱基-敦北,2023-03-16,9237
00637L,元大滬深300正2,11,0,11,凱基-敦北,2023-03-16,9237
3264,欣銓,13,3,10,凱基-敦北,2023-03-16,9237
1326,台化,10,0,10,凱基-敦北,2023-03-16,9237
2618,長榮航,10,0,10,凱基-敦北,2023-03-16,9237
6104,創惟,15,5,10,凱基-敦北,2023-03-16,9237
2357,華碩,10,0,10,凱基-敦北,2023-03-16,9237
0056,元大高股息,10,1,9,凱基-敦北,2023-03-16,9237
2883,凱基金,10,1,9,凱基-敦北,2023-03-16,9237
00713,元大台灣高息低波,9,0,9,凱基-敦北,2023-03-16,9237
1712,興農,9,0,9,凱基-敦北,2023-03-16,9237
2002,中鋼,9,0,9,凱基-敦北,2023-03-16,9237
2597,潤弘,9,0,9,凱基-敦北,2023-03-16,9237
3033,威健,10,1,9,凱基-敦北,2023-03-16,9237
00715L,期街口布蘭特正2,14,6,8,凱基-敦北,2023-03-16,9237
2027,大成鋼,8,0,8,凱基-敦北,2023-03-16,9237
3036,文曄,8,0,8,凱基-敦北,2023-03-16,9237
8024,佑華,8,0,8,凱基-敦北,2023-03-16,9237
00671R,富邦NASDAQ反1,50,0,50,凱基-敦北,2023-03-17,9237
4960,誠美材,50,0,50,凱基-敦北,2023-03-17,9237
6235,華孚,72,44,28,凱基-敦北,2023-03-17,9237
00680L,元大美債20正2,37,15,22,凱基-敦北,2023-03-17,9237
4306,炎洲,20,0,20,凱基-敦北,2023-03-17,9237
6541,泰福-KY,19,0,19,凱基-敦北,2023-03-17,9237
6168,宏齊,15,0,15,凱基-敦北,2023-03-17,9237
00679B,元大美債20年,13,0,13,凱基-敦北,2023-03-17,9237
1773,勝一,13,1,12,凱基-敦北,2023-03-17,9237
00712,復華富時不動產,10,0,10,凱基-敦北,2023-03-17,9237
00713,元大台灣高息低波,10,0,10,凱基-敦北,2023-03-17,9237
2014,中鴻,10,0,10,凱基-敦北,2023-03-17,9237
2211,長榮鋼,10,0,10,凱基-敦北,2023-03-17,9237
2413,環科,10,0,10,凱基-敦北,2023-03-17,9237
2548,華固,10,0,10,凱基-敦北,2023-03-17,9237
5464,霖宏,10,0,10,凱基-敦北,2023-03-17,9237
6180,橘子,10,0,10,凱基-敦北,2023-03-17,9237
2884,玉山金,9,0,9,凱基-敦北,2023-03-17,9237
2915,潤泰全,9,0,9,凱基-敦北,2023-03-17,9237
2027,大成鋼,10,1,9,凱基-敦北,2023-03-17,9237
2597,潤弘,9,0,9,凱基-敦北,2023-03-17,9237
8024,佑華,9,0,9,凱基-敦北,2023-03-17,9237
5483,中美晶,8,0,8,凱基-敦北,2023-03-17,9237
00878,國泰永續高股息,10,2,8,凱基-敦北,2023-03-17,9237
00725B,國泰投資級公司債,8,0,8,凱基-敦北,2023-03-17,9237
00773B,中信優先金融債,8,0,8,凱基-敦北,2023-03-17,9237
00715L,期街口布蘭特正2,7,0,7,凱基-敦北,2023-03-17,9237
2891,中信金,8,2,6,凱基-敦北,2023-03-17,9237
2408,南亞科,8,2,6,凱基-敦北,2023-03-17,9237
2834,臺企銀,6,0,6,凱基-敦北,2023-03-17,9237
2890,永豐金,6,0,6,凱基-敦北,2023-03-17,9237
00720B,元大投資級公司債,7,1,6,凱基-敦北,2023-03-17,9237
00772B,中信高評級公司債,6,0,6,凱基-敦北,2023-03-17,9237
9945,潤泰新,6,1,5,凱基-敦北,2023-03-17,9237
2889,國票金,5,0,5,凱基-敦北,2023-03-17,9237
00749B,凱基新興債10+,5,0,5,凱基-敦北,2023-03-17,9237
1268,漢來美食,5,0,5,凱基-敦北,2023-03-17,9237
1336,台翰,5,0,5,凱基-敦北,2023-03-17,9237
1717,長興,5,0,5,凱基-敦北,2023-03-17,9237
1802,台玻,5,0,5,凱基-敦北,2023-03-17,9237
2107,厚生,5,0,5,凱基-敦北,2023-03-17,9237
2474,可成,5,0,5,凱基-敦北,2023-03-17,9237
2883,凱基金,11,6,5,凱基-敦北,2023-03-17,9237
3033,威健,5,0,5,凱基-敦北,2023-03-17,9237
3630,新鉅科,5,0,5,凱基-敦北,2023-03-17,9237
6153,嘉聯益,5,0,5,凱基-敦北,2023-03-17,9237
2881,富邦金,5,0,5,凱基-敦北,2023-03-17,9237
6446,藥華藥,4,0,4,凱基-敦北,2023-03-17,9237
1229,聯華,4,0,4,凱基-敦北,2023-03-17,9237
00885,富邦越南,4,0,4,凱基-敦北,2023-03-17,9237
2884,玉山金,109,0,109,凱基-敦北,2023-03-20,9237
00632R,元大台灣50反1,100,0,100,凱基-敦北,2023-03-20,9237
1303,南亞,42,0,42,凱基-敦北,2023-03-20,9237
00878,國泰永續高股息,31,0,31,凱基-敦北,2023-03-20,9237
00692,富邦公司治理,30,0,30,凱基-敦北,2023-03-20,9237
2888,新光金,27,0,27,凱基-敦北,2023-03-20,9237
2211,長榮鋼,25,0,25,凱基-敦北,2023-03-20,9237
2891,中信金,23,0,23,凱基-敦北,2023-03-20,9237
3587,閎康,21,0,21,凱基-敦北,2023-03-20,9237
8059,凱碩,20,0,20,凱基-敦北,2023-03-20,9237
3027,盛達,36,17,19,凱基-敦北,2023-03-20,9237
2615,萬海,20,2,18,凱基-敦北,2023-03-20,9237
00772B,中信高評級公司債,19,1,18,凱基-敦北,2023-03-20,9237
00715L,期街口布蘭特正2,27,10,17,凱基-敦北,2023-03-20,9237
2337,旺宏,15,0,15,凱基-敦北,2023-03-20,9237
2449,京元電子,16,1,15,凱基-敦北,2023-03-20,9237
3033,威健,15,0,15,凱基-敦北,2023-03-20,9237
1773,勝一,14,0,14,凱基-敦北,2023-03-20,9237
2609,陽明,15,1,14,凱基-敦北,2023-03-20,9237
1301,台塑,12,0,12,凱基-敦北,2023-03-20,9237
5227,立凱-KY,11,0,11,凱基-敦北,2023-03-20,9237
8926,台汽電,11,0,11,凱基-敦北,2023-03-20,9237
00773B,中信優先金融債,10,0,10,凱基-敦北,2023-03-20,9237
00899,FT潔淨能源,10,0,10,凱基-敦北,2023-03-20,9237
1591,駿吉-KY,10,0,10,凱基-敦北,2023-03-20,9237
4566,時碩工業,10,0,10,凱基-敦北,2023-03-20,9237
6233,旺玖,10,0,10,凱基-敦北,2023-03-20,9237
00720B,元大投資級公司債,11,1,10,凱基-敦北,2023-03-20,9237
2406,國碩,10,1,9,凱基-敦北,2023-03-20,9237
2597,潤弘,9,0,9,凱基-敦北,2023-03-20,9237
00885,富邦越南,7,0,7,凱基-敦北,2023-03-20,9237
1219,福壽,7,0,7,凱基-敦北,2023-03-20,9237
00905,FT臺灣Smart,7,0,7,凱基-敦北,2023-03-20,9237
2027,大成鋼,7,0,7,凱基-敦北,2023-03-20,9237
00642U,期元大S＆P石油,7,1,6,凱基-敦北,2023-03-20,9237
2882,國泰金,7,1,6,凱基-敦北,2023-03-20,9237
2101,南港,6,0,6,凱基-敦北,2023-03-20,9237
6732,昇佳電子,17,11,6,凱基-敦北,2023-03-20,9237
2892,第一金,6,1,5,凱基-敦北,2023-03-20,9237
00671R,富邦NASDAQ反1,5,0,5,凱基-敦北,2023-03-20,9237
3162,精確,17,12,5,凱基-敦北,2023-03-20,9237
4934,太極,7,2,5,凱基-敦北,2023-03-20,9237
5351,鈺創,5,0,5,凱基-敦北,2023-03-20,9237
6226,光鼎,5,0,5,凱基-敦北,2023-03-20,9237
6715,嘉基,5,0,5,凱基-敦北,2023-03-20,9237
8064,東捷,7,2,5,凱基-敦北,2023-03-20,9237
3029,零壹,5,1,4,凱基-敦北,2023-03-20,9237
3666,光耀,4,0,4,凱基-敦北,2023-03-20,9237
8103,瀚荃,4,0,4,凱基-敦北,2023-03-20,9237
8183,精星,4,0,4,凱基-敦北,2023-03-20,9237
1718,中纖,130,0,130,凱基-敦北,2023-03-21,9237
5227,立凱-KY,40,0,40,凱基-敦北,2023-03-21,9237
00878,國泰永續高股息,34,4,30,凱基-敦北,2023-03-21,9237
2603,長榮,37,8,29,凱基-敦北,2023-03-21,9237
3434,哲固,26,0,26,凱基-敦北,2023-03-21,9237
2101,南港,23,0,23,凱基-敦北,2023-03-21,9237
00680L,元大美債20正2,21,0,21,凱基-敦北,2023-03-21,9237
6449,鈺邦,21,0,21,凱基-敦北,2023-03-21,9237
00885,富邦越南,20,0,20,凱基-敦北,2023-03-21,9237
00720B,元大投資級公司債,20,0,20,凱基-敦北,2023-03-21,9237
3033,威健,18,0,18,凱基-敦北,2023-03-21,9237
5009,榮剛,22,6,16,凱基-敦北,2023-03-21,9237
2031,新光鋼,15,0,15,凱基-敦北,2023-03-21,9237
3050,鈺德,15,0,15,凱基-敦北,2023-03-21,9237
00679B,元大美債20年,17,2,15,凱基-敦北,2023-03-21,9237
2883,凱基金,14,2,12,凱基-敦北,2023-03-21,9237
2634,漢翔,11,0,11,凱基-敦北,2023-03-21,9237
2884,玉山金,11,0,11,凱基-敦北,2023-03-21,9237
1524,耿鼎,13,3,10,凱基-敦北,2023-03-21,9237
00902,中信電池及儲能,10,0,10,凱基-敦北,2023-03-21,9237
2103,台橡,10,0,10,凱基-敦北,2023-03-21,9237
2801,彰銀,10,0,10,凱基-敦北,2023-03-21,9237
4953,緯軟,10,0,10,凱基-敦北,2023-03-21,9237
4976,佳凌,10,0,10,凱基-敦北,2023-03-21,9237
6550,北極星藥業-KY,10,0,10,凱基-敦北,2023-03-21,9237
2301,光寶科,9,0,9,凱基-敦北,2023-03-21,9237
4967,十銓,13,4,9,凱基-敦北,2023-03-21,9237
8215,明基材,8,0,8,凱基-敦北,2023-03-21,9237
00632R,元大台灣50反1,7,0,7,凱基-敦北,2023-03-21,9237
6148,驊宏資,7,0,7,凱基-敦北,2023-03-21,9237
6443,元晶,9,2,7,凱基-敦北,2023-03-21,9237
9945,潤泰新,10,3,7,凱基-敦北,2023-03-21,9237
6231,系微,8,2,6,凱基-敦北,2023-03-21,9237
2027,大成鋼,6,0,6,凱基-敦北,2023-03-21,9237
2375,凱美,6,0,6,凱基-敦北,2023-03-21,9237
00671R,富邦NASDAQ反1,5,0,5,凱基-敦北,2023-03-21,9237
2362,藍天,5,0,5,凱基-敦北,2023-03-21,9237
2464,盟立,5,0,5,凱基-敦北,2023-03-21,9237
2610,華航,5,0,5,凱基-敦北,2023-03-21,9237
3545,敦泰,7,2,5,凱基-敦北,2023-03-21,9237
3706,神達,5,0,5,凱基-敦北,2023-03-21,9237
4720,德淵,5,0,5,凱基-敦北,2023-03-21,9237
6016,康和證,5,0,5,凱基-敦北,2023-03-21,9237
6517,保勝光學,5,0,5,凱基-敦北,2023-03-21,9237
6863,永道-KY,5,0,5,凱基-敦北,2023-03-21,9237
8415,大國鋼,5,0,5,凱基-敦北,2023-03-21,9237
2882,國泰金,4,0,4,凱基-敦北,2023-03-21,9237
1773,勝一,4,0,4,凱基-敦北,2023-03-21,9237
2338,光罩,5,1,4,凱基-敦北,2023-03-21,9237
2345,智邦,4,0,4,凱基-敦北,2023-03-21,9237
00632R,元大台灣50反1,87,4,83,凱基-敦北,2023-03-22,9237
2344,華邦電,65,0,65,凱基-敦北,2023-03-22,9237
00679B,元大美債20年,56,0,56,凱基-敦北,2023-03-22,9237
00772B,中信高評級公司債,56,0,56,凱基-敦北,2023-03-22,9237
2402,毅嘉,103,53,50,凱基-敦北,2023-03-22,9237
6235,華孚,164,121,43,凱基-敦北,2023-03-22,9237
6104,創惟,103,60,43,凱基-敦北,2023-03-22,9237
1504,東元,41,3,38,凱基-敦北,2023-03-22,9237
2461,光群雷,37,1,36,凱基-敦北,2023-03-22,9237
1104,環泥,32,0,32,凱基-敦北,2023-03-22,9237
3047,訊舟,30,0,30,凱基-敦北,2023-03-22,9237
2486,一詮,29,1,28,凱基-敦北,2023-03-22,9237
00720B,元大投資級公司債,42,15,27,凱基-敦北,2023-03-22,9237
2338,光罩,25,3,22,凱基-敦北,2023-03-22,9237
1101,台泥,25,4,21,凱基-敦北,2023-03-22,9237
2884,玉山金,21,0,21,凱基-敦北,2023-03-22,9237
5607,遠雄港,21,0,21,凱基-敦北,2023-03-22,9237
8069,元太,25,4,21,凱基-敦北,2023-03-22,9237
1609,大亞,20,0,20,凱基-敦北,2023-03-22,9237
3037,欣興,29,9,20,凱基-敦北,2023-03-22,9237
3710,連展投控,20,0,20,凱基-敦北,2023-03-22,9237
5227,立凱-KY,20,0,20,凱基-敦北,2023-03-22,9237
6161,捷波,27,7,20,凱基-敦北,2023-03-22,9237
6282,康舒,25,6,19,凱基-敦北,2023-03-22,9237
1584,精剛,18,1,17,凱基-敦北,2023-03-22,9237
3231,緯創,32,15,17,凱基-敦北,2023-03-22,9237
6788,華景電,18,2,16,凱基-敦北,2023-03-22,9237
4432,銘旺實,15,0,15,凱基-敦北,2023-03-22,9237
2031,新光鋼,15,1,14,凱基-敦北,2023-03-22,9237
00637L,元大滬深300正2,12,0,12,凱基-敦北,2023-03-22,9237
6223,旺矽,12,0,12,凱基-敦北,2023-03-22,9237
4967,十銓,10,0,10,凱基-敦北,2023-03-22,9237
00671R,富邦NASDAQ反1,10,0,10,凱基-敦北,2023-03-22,9237
1591,駿吉-KY,10,0,10,凱基-敦北,2023-03-22,9237
2014,中鴻,10,0,10,凱基-敦北,2023-03-22,9237
2406,國碩,10,0,10,凱基-敦北,2023-03-22,9237
2548,華固,10,0,10,凱基-敦北,2023-03-22,9237
3162,精確,27,17,10,凱基-敦北,2023-03-22,9237
3652,精聯,10,0,10,凱基-敦北,2023-03-22,9237
3686,達能,10,0,10,凱基-敦北,2023-03-22,9237
00665L,富邦�琤肭磪囓�2,9,0,9,凱基-敦北,2023-03-22,9237
00650L,復華香港正2,9,0,9,凱基-敦北,2023-03-22,9237
2614,東森,10,1,9,凱基-敦北,2023-03-22,9237
3374,精材,14,5,9,凱基-敦北,2023-03-22,9237
5009,榮剛,9,0,9,凱基-敦北,2023-03-22,9237
2457,飛宏,10,2,8,凱基-敦北,2023-03-22,9237
6182,合晶,13,5,8,凱基-敦北,2023-03-22,9237
2206,三陽工業,7,0,7,凱基-敦北,2023-03-22,9237
3362,先進光,7,0,7,凱基-敦北,2023-03-22,9237
5371,中光電,10,3,7,凱基-敦北,2023-03-22,9237
1504,東元,234,118,116,凱基-敦北,2023-03-23,9237
2211,長榮鋼,95,0,95,凱基-敦北,2023-03-23,9237
3033,威健,53,0,53,凱基-敦北,2023-03-23,9237
3035,智原,56,5,51,凱基-敦北,2023-03-23,9237
6282,康舒,50,8,42,凱基-敦北,2023-03-23,9237
2548,華固,40,0,40,凱基-敦北,2023-03-23,9237
3710,連展投控,31,0,31,凱基-敦北,2023-03-23,9237
00720B,元大投資級公司債,30,0,30,凱基-敦北,2023-03-23,9237
3587,閎康,25,0,25,凱基-敦北,2023-03-23,9237
00772B,中信高評級公司債,23,2,21,凱基-敦北,2023-03-23,9237
2368,金像電,20,0,20,凱基-敦北,2023-03-23,9237
2497,怡利電,20,0,20,凱基-敦北,2023-03-23,9237
00885,富邦越南,15,0,15,凱基-敦北,2023-03-23,9237
1591,駿吉-KY,23,8,15,凱基-敦北,2023-03-23,9237
3481,群創,34,19,15,凱基-敦北,2023-03-23,9237
6767,台微醫,15,0,15,凱基-敦北,2023-03-23,9237
00632R,元大台灣50反1,113,100,13,凱基-敦北,2023-03-23,9237
8050,廣積,14,1,13,凱基-敦北,2023-03-23,9237
3162,精確,19,7,12,凱基-敦北,2023-03-23,9237
2617,台航,11,0,11,凱基-敦北,2023-03-23,9237
8936,國統,11,0,11,凱基-敦北,2023-03-23,9237
00898,國泰基因免疫革命,10,0,10,凱基-敦北,2023-03-23,9237
2347,聯強,10,0,10,凱基-敦北,2023-03-23,9237
3051,力特,10,0,10,凱基-敦北,2023-03-23,9237
3081,聯亞,10,0,10,凱基-敦北,2023-03-23,9237
4503,金雨,10,0,10,凱基-敦北,2023-03-23,9237
8033,雷虎,10,0,10,凱基-敦北,2023-03-23,9237
2597,潤弘,9,0,9,凱基-敦北,2023-03-23,9237
5519,隆大,9,0,9,凱基-敦北,2023-03-23,9237
6266,泰詠,8,0,8,凱基-敦北,2023-03-23,9237
1326,台化,7,0,7,凱基-敦北,2023-03-23,9237
2101,南港,7,0,7,凱基-敦北,2023-03-23,9237
5457,宣德,8,1,7,凱基-敦北,2023-03-23,9237
2317,鴻海,7,0,7,凱基-敦北,2023-03-23,9237
1304,台聚,6,0,6,凱基-敦北,2023-03-23,9237
1584,精剛,6,0,6,凱基-敦北,2023-03-23,9237
1560,中砂,6,0,6,凱基-敦北,2023-03-23,9237
2489,瑞軒,6,0,6,凱基-敦北,2023-03-23,9237
3537,堡達,6,0,6,凱基-敦北,2023-03-23,9237
3703,欣陸,6,0,6,凱基-敦北,2023-03-23,9237
6788,華景電,6,0,6,凱基-敦北,2023-03-23,9237
8182,加高,6,0,6,凱基-敦北,2023-03-23,9237
1524,耿鼎,11,5,6,凱基-敦北,2023-03-23,9237
8996,高力,18,13,5,凱基-敦北,2023-03-23,9237
1402,遠東新,5,0,5,凱基-敦北,2023-03-23,9237
2031,新光鋼,6,1,5,凱基-敦北,2023-03-23,9237
2607,榮運,5,0,5,凱基-敦北,2023-03-23,9237
2610,華航,5,0,5,凱基-敦北,2023-03-23,9237
4550,長佳,5,0,5,凱基-敦北,2023-03-23,9237
4554,橙的,5,0,5,凱基-敦北,2023-03-23,9237
2211,長榮鋼,80,0,80,凱基-敦北,2023-03-24,9237
6282,康舒,101,21,80,凱基-敦北,2023-03-24,9237
6589,台康生技,50,0,50,凱基-敦北,2023-03-24,9237
8936,國統,33,0,33,凱基-敦北,2023-03-24,9237
3033,威健,25,0,25,凱基-敦北,2023-03-24,9237
4960,誠美材,25,0,25,凱基-敦北,2023-03-24,9237
4953,緯軟,26,2,24,凱基-敦北,2023-03-24,9237
00632R,元大台灣50反1,20,0,20,凱基-敦北,2023-03-24,9237
00753L,中信中國50正2,20,0,20,凱基-敦北,2023-03-24,9237
2548,華固,30,10,20,凱基-敦北,2023-03-24,9237
8069,元太,20,1,19,凱基-敦北,2023-03-24,9237
00720B,元大投資級公司債,17,1,16,凱基-敦北,2023-03-24,9237
2201,裕隆,15,0,15,凱基-敦北,2023-03-24,9237
3481,群創,106,92,14,凱基-敦北,2023-03-24,9237
2363,矽統,13,0,13,凱基-敦北,2023-03-24,9237
2388,威盛,21,9,12,凱基-敦北,2023-03-24,9237
2031,新光鋼,11,0,11,凱基-敦北,2023-03-24,9237
4967,十銓,16,5,11,凱基-敦北,2023-03-24,9237
00671R,富邦NASDAQ反1,10,0,10,凱基-敦北,2023-03-24,9237
2440,太空梭,10,0,10,凱基-敦北,2023-03-24,9237
2530,華建,10,0,10,凱基-敦北,2023-03-24,9237
3630,新鉅科,10,0,10,凱基-敦北,2023-03-24,9237
4916,事欣科,10,0,10,凱基-敦北,2023-03-24,9237
5340,建榮,10,0,10,凱基-敦北,2023-03-24,9237
3162,精確,17,8,9,凱基-敦北,2023-03-24,9237
2489,瑞軒,9,0,9,凱基-敦北,2023-03-24,9237
2597,潤弘,9,0,9,凱基-敦北,2023-03-24,9237
2881,富邦金,11,2,9,凱基-敦北,2023-03-24,9237
2883,凱基金,7,0,7,凱基-敦北,2023-03-24,9237
3221,台嘉碩,7,0,7,凱基-敦北,2023-03-24,9237
6446,藥華藥,7,0,7,凱基-敦北,2023-03-24,9237
5475,德宏,6,0,6,凱基-敦北,2023-03-24,9237
2101,南港,6,0,6,凱基-敦北,2023-03-24,9237
2332,友訊,6,0,6,凱基-敦北,2023-03-24,9237
2515,中工,8,2,6,凱基-敦北,2023-03-24,9237
4128,中天,6,0,6,凱基-敦北,2023-03-24,9237
6104,創惟,84,78,6,凱基-敦北,2023-03-24,9237
2303,聯電,8,2,6,凱基-敦北,2023-03-24,9237
3081,聯亞,5,0,5,凱基-敦北,2023-03-24,9237
00892,富邦台灣半導體,5,0,5,凱基-敦北,2023-03-24,9237
2427,三商電,5,0,5,凱基-敦北,2023-03-24,9237
2430,燦坤,5,0,5,凱基-敦北,2023-03-24,9237
2438,翔耀,5,0,5,凱基-敦北,2023-03-24,9237
3025,星通,5,0,5,凱基-敦北,2023-03-24,9237
3062,建漢,5,0,5,凱基-敦北,2023-03-24,9237
3272,東碩,5,0,5,凱基-敦北,2023-03-24,9237
3297,杭特,5,0,5,凱基-敦北,2023-03-24,9237
4934,太極,5,0,5,凱基-敦北,2023-03-24,9237
5009,榮剛,6,1,5,凱基-敦北,2023-03-24,9237
6153,嘉聯益,5,0,5,凱基-敦北,2023-03-24,9237
3056,富華新,340,0,340,凱基-敦北,2023-03-27,9237
2105,正新,114,0,114,凱基-敦北,2023-03-27,9237
2344,華邦電,100,4,96,凱基-敦北,2023-03-27,9237
6589,台康生技,51,3,48,凱基-敦北,2023-03-27,9237
1513,中興電,52,8,44,凱基-敦北,2023-03-27,9237
8936,國統,91,49,42,凱基-敦北,2023-03-27,9237
3454,晶睿,41,0,41,凱基-敦北,2023-03-27,9237
6235,華孚,117,80,37,凱基-敦北,2023-03-27,9237
1609,大亞,35,2,33,凱基-敦北,2023-03-27,9237
6449,鈺邦,26,0,26,凱基-敦北,2023-03-27,9237
00878,國泰永續高股息,25,0,25,凱基-敦北,2023-03-27,9237
00720B,元大投資級公司債,23,1,22,凱基-敦北,2023-03-27,9237
00692,富邦公司治理,21,0,21,凱基-敦北,2023-03-27,9237
6104,創惟,41,20,21,凱基-敦北,2023-03-27,9237
4967,十銓,25,5,20,凱基-敦北,2023-03-27,9237
00882,中信中國高股息,17,0,17,凱基-敦北,2023-03-27,9237
2031,新光鋼,17,0,17,凱基-敦北,2023-03-27,9237
3686,達能,16,0,16,凱基-敦北,2023-03-27,9237
1314,中石化,15,0,15,凱基-敦北,2023-03-27,9237
2382,廣達,15,0,15,凱基-敦北,2023-03-27,9237
5009,榮剛,16,1,15,凱基-敦北,2023-03-27,9237
2634,漢翔,15,1,14,凱基-敦北,2023-03-27,9237
2388,威盛,14,0,14,凱基-敦北,2023-03-27,9237
1504,東元,13,0,13,凱基-敦北,2023-03-27,9237
2867,三商壽,13,0,13,凱基-敦北,2023-03-27,9237
5284,jpp-KY,14,2,12,凱基-敦北,2023-03-27,9237
6111,大宇資,12,0,12,凱基-敦北,2023-03-27,9237
3037,欣興,27,16,11,凱基-敦北,2023-03-27,9237
00725B,國泰投資級公司債,10,0,10,凱基-敦北,2023-03-27,9237
00772B,中信高評級公司債,12,2,10,凱基-敦北,2023-03-27,9237
00900,富邦特選高股息30,10,0,10,凱基-敦北,2023-03-27,9237
1605,華新,11,1,10,凱基-敦北,2023-03-27,9237
2431,聯昌,10,0,10,凱基-敦北,2023-03-27,9237
3162,精確,10,0,10,凱基-敦北,2023-03-27,9237
6274,台燿,10,0,10,凱基-敦北,2023-03-27,9237
6770,力積電,10,0,10,凱基-敦北,2023-03-27,9237
1229,聯華,8,0,8,凱基-敦北,2023-03-27,9237
2201,裕隆,8,0,8,凱基-敦北,2023-03-27,9237
8215,明基材,8,0,8,凱基-敦北,2023-03-27,9237
2317,鴻海,9,1,8,凱基-敦北,2023-03-27,9237
1101,台泥,9,2,7,凱基-敦北,2023-03-27,9237
8081,致新,6,0,6,凱基-敦北,2023-03-27,9237
8112,至上,6,0,6,凱基-敦北,2023-03-27,9237
3034,聯詠,6,0,6,凱基-敦北,2023-03-27,9237
3680,家登,6,1,5,凱基-敦北,2023-03-27,9237
00923,群益台ESG低碳50,5,0,5,凱基-敦北,2023-03-27,9237
00671R,富邦NASDAQ反1,5,0,5,凱基-敦北,2023-03-27,9237
00669R,國泰美國道瓊反1,5,0,5,凱基-敦北,2023-03-27,9237
00717,富邦美國特別股,5,0,5,凱基-敦北,2023-03-27,9237
1101B,台泥乙特,5,0,5,凱基-敦北,2023-03-27,9237
00905,FT臺灣Smart,170,0,170,凱基-敦北,2023-03-28,9237
6234,高僑,60,0,60,凱基-敦北,2023-03-28,9237
00753L,中信中國50正2,50,0,50,凱基-敦北,2023-03-28,9237
4967,十銓,54,5,49,凱基-敦北,2023-03-28,9237
3454,晶睿,41,0,41,凱基-敦北,2023-03-28,9237
3056,富華新,39,9,30,凱基-敦北,2023-03-28,9237
3231,緯創,28,2,26,凱基-敦北,2023-03-28,9237
00679B,元大美債20年,23,0,23,凱基-敦北,2023-03-28,9237
1101,台泥,25,3,22,凱基-敦北,2023-03-28,9237
6841,長佳智能,21,0,21,凱基-敦北,2023-03-28,9237
00680L,元大美債20正2,30,10,20,凱基-敦北,2023-03-28,9237
1609,大亞,21,1,20,凱基-敦北,2023-03-28,9237
2412,中華電,20,0,20,凱基-敦北,2023-03-28,9237
2883B,凱基金乙特,20,0,20,凱基-敦北,2023-03-28,9237
6104,創惟,21,1,20,凱基-敦北,2023-03-28,9237
6282,康舒,20,0,20,凱基-敦北,2023-03-28,9237
2344,華邦電,20,3,17,凱基-敦北,2023-03-28,9237
2603,長榮,21,6,15,凱基-敦北,2023-03-28,9237
3479,安勤,14,0,14,凱基-敦北,2023-03-28,9237
5272,笙科,14,0,14,凱基-敦北,2023-03-28,9237
2014,中鴻,12,0,12,凱基-敦北,2023-03-28,9237
3652,精聯,11,0,11,凱基-敦北,2023-03-28,9237
2884,玉山金,10,0,10,凱基-敦北,2023-03-28,9237
00719B,元大美債1-3,10,0,10,凱基-敦北,2023-03-28,9237
2634,漢翔,11,1,10,凱基-敦北,2023-03-28,9237
3027,盛達,10,0,10,凱基-敦北,2023-03-28,9237
3033,威健,10,0,10,凱基-敦北,2023-03-28,9237
3047,訊舟,12,2,10,凱基-敦北,2023-03-28,9237
4971,IET-KY,10,0,10,凱基-敦北,2023-03-28,9237
5251,天鉞電,10,0,10,凱基-敦北,2023-03-28,9237
6129,普誠,11,1,10,凱基-敦北,2023-03-28,9237
6715,嘉基,10,0,10,凱基-敦北,2023-03-28,9237
1783,和康生,9,0,9,凱基-敦北,2023-03-28,9237
3362,先進光,10,2,8,凱基-敦北,2023-03-28,9237
6168,宏齊,8,0,8,凱基-敦北,2023-03-28,9237
00878,國泰永續高股息,7,1,6,凱基-敦北,2023-03-28,9237
00772B,中信高評級公司債,6,0,6,凱基-敦北,2023-03-28,9237
2610,華航,6,0,6,凱基-敦北,2023-03-28,9237
3036,文曄,6,0,6,凱基-敦北,2023-03-28,9237
3162,精確,7,1,6,凱基-敦北,2023-03-28,9237
3537,堡達,6,0,6,凱基-敦北,2023-03-28,9237
1446,宏和,5,0,5,凱基-敦北,2023-03-28,9237
1314,中石化,5,0,5,凱基-敦北,2023-03-28,9237
00882,中信中國高股息,5,0,5,凱基-敦北,2023-03-28,9237
1711,永光,5,0,5,凱基-敦北,2023-03-28,9237
2031,新光鋼,5,0,5,凱基-敦北,2023-03-28,9237
2489,瑞軒,5,0,5,凱基-敦北,2023-03-28,9237
4979,華星光,16,11,5,凱基-敦北,2023-03-28,9237
5340,建榮,5,0,5,凱基-敦北,2023-03-28,9237
6116,彩晶,5,0,5,凱基-敦北,2023-03-28,9237
00679B,元大美債20年,58,0,58,凱基-敦北,2023-03-29,9237
00687B,國泰20年美債,51,0,51,凱基-敦北,2023-03-29,9237
3056,富華新,50,0,50,凱基-敦北,2023-03-29,9237
3454,晶睿,37,0,37,凱基-敦北,2023-03-29,9237
6548,長科*,25,0,25,凱基-敦北,2023-03-29,9237
2834,臺企銀,25,1,24,凱基-敦北,2023-03-29,9237
6598,ABC-KY,21,0,21,凱基-敦北,2023-03-29,9237
00751B,元大AAA至A公司債,20,0,20,凱基-敦北,2023-03-29,9237
5475,德宏,20,2,18,凱基-敦北,2023-03-29,9237
2609,陽明,23,6,17,凱基-敦北,2023-03-29,9237
2303,聯電,17,0,17,凱基-敦北,2023-03-29,9237
2603,長榮,16,0,16,凱基-敦北,2023-03-29,9237
5284,jpp-KY,26,11,15,凱基-敦北,2023-03-29,9237
6235,華孚,47,32,15,凱基-敦北,2023-03-29,9237
3715,定穎投控,377,364,13,凱基-敦北,2023-03-29,9237
00720B,元大投資級公司債,14,1,13,凱基-敦北,2023-03-29,9237
00772B,中信高評級公司債,12,0,12,凱基-敦北,2023-03-29,9237
00725B,國泰投資級公司債,10,0,10,凱基-敦北,2023-03-29,9237
3090,日電貿,10,0,10,凱基-敦北,2023-03-29,9237
4979,華星光,10,0,10,凱基-敦北,2023-03-29,9237
5203,訊連,10,0,10,凱基-敦北,2023-03-29,9237
3231,緯創,18,9,9,凱基-敦北,2023-03-29,9237
8050,廣積,19,10,9,凱基-敦北,2023-03-29,9237
2368,金像電,11,2,9,凱基-敦北,2023-03-29,9237
00637L,元大滬深300正2,12,4,8,凱基-敦北,2023-03-29,9237
00631L,元大台灣50正2,8,0,8,凱基-敦北,2023-03-29,9237
2354,鴻準,9,1,8,凱基-敦北,2023-03-29,9237
5608,四維航,8,0,8,凱基-敦北,2023-03-29,9237
6220,岳豐,25,17,8,凱基-敦北,2023-03-29,9237
3682,亞太電,10,2,8,凱基-敦北,2023-03-29,9237
00891,中信關鍵半導體,7,0,7,凱基-敦北,2023-03-29,9237
2449,京元電子,7,0,7,凱基-敦北,2023-03-29,9237
4967,十銓,10,3,7,凱基-敦北,2023-03-29,9237
6274,台燿,6,0,6,凱基-敦北,2023-03-29,9237
5490,同亨,6,0,6,凱基-敦北,2023-03-29,9237
00671R,富邦NASDAQ反1,5,0,5,凱基-敦北,2023-03-29,9237
00882,中信中國高股息,6,1,5,凱基-敦北,2023-03-29,9237
2401,凌陽,5,0,5,凱基-敦北,2023-03-29,9237
2634,漢翔,5,0,5,凱基-敦北,2023-03-29,9237
3005,神基,5,0,5,凱基-敦北,2023-03-29,9237
3680,家登,6,1,5,凱基-敦北,2023-03-29,9237
4931,新盛力,6,1,5,凱基-敦北,2023-03-29,9237
6770,力積電,5,0,5,凱基-敦北,2023-03-29,9237
8182,加高,5,0,5,凱基-敦北,2023-03-29,9237
4919,新唐,5,1,4,凱基-敦北,2023-03-29,9237
1446,宏和,4,0,4,凱基-敦北,2023-03-29,9237
2748,雲品,4,0,4,凱基-敦北,2023-03-29,9237
3714,富采,5,1,4,凱基-敦北,2023-03-29,9237
5272,笙科,4,0,4,凱基-敦北,2023-03-29,9237
8476,台境*,4,0,4,凱基-敦北,2023-03-29,9237
00632R,元大台灣50反1,62,9,53,凱基-敦北,2023-03-30,9237
2883,凱基金,38,13,25,凱基-敦北,2023-03-30,9237
2211,長榮鋼,20,0,20,凱基-敦北,2023-03-30,9237
9904,寶成,15,0,15,凱基-敦北,2023-03-30,9237
00715L,期街口布蘭特正2,12,0,12,凱基-敦北,2023-03-30,9237
5284,jpp-KY,52,40,12,凱基-敦北,2023-03-30,9237
00671R,富邦NASDAQ反1,11,0,11,凱基-敦北,2023-03-30,9237
1609,大亞,11,1,10,凱基-敦北,2023-03-30,9237
3576,聯合再生,10,0,10,凱基-敦北,2023-03-30,9237
3324,雙鴻,9,0,9,凱基-敦北,2023-03-30,9237
5475,德宏,10,2,8,凱基-敦北,2023-03-30,9237
2889,國票金,7,0,7,凱基-敦北,2023-03-30,9237
00679B,元大美債20年,7,0,7,凱基-敦北,2023-03-30,9237
4105,東洋,6,0,6,凱基-敦北,2023-03-30,9237
5608,四維航,6,0,6,凱基-敦北,2023-03-30,9237
2603,長榮,5,0,5,凱基-敦北,2023-03-30,9237
1503,士電,5,0,5,凱基-敦北,2023-03-30,9237
2438,翔耀,5,0,5,凱基-敦北,2023-03-30,9237
2610,華航,5,0,5,凱基-敦北,2023-03-30,9237
2618,長榮航,5,0,5,凱基-敦北,2023-03-30,9237
8937,合騏,5,0,5,凱基-敦北,2023-03-30,9237
9105,泰金寶-DR,5,0,5,凱基-敦北,2023-03-30,9237
1314,中石化,4,0,4,凱基-敦北,2023-03-30,9237
2515,中工,4,0,4,凱基-敦北,2023-03-30,9237
3027,盛達,4,0,4,凱基-敦北,2023-03-30,9237
3629,地心引力,4,0,4,凱基-敦北,2023-03-30,9237
4931,新盛力,4,0,4,凱基-敦北,2023-03-30,9237
2015,豐興,3,0,3,凱基-敦北,2023-03-30,9237
1519,華城,3,0,3,凱基-敦北,2023-03-30,9237
1515,力山,3,0,3,凱基-敦北,2023-03-30,9237
1903,士紙,3,0,3,凱基-敦北,2023-03-30,9237
2066,世德,3,0,3,凱基-敦北,2023-03-30,9237
2727,王品,6,3,3,凱基-敦北,2023-03-30,9237
2882,國泰金,3,0,3,凱基-敦北,2023-03-30,9237
5386,青雲,3,0,3,凱基-敦北,2023-03-30,9237
8261,富鼎,6,3,3,凱基-敦北,2023-03-30,9237
8927,北基,3,0,3,凱基-敦北,2023-03-30,9237
00882,中信中國高股息,4,2,2,凱基-敦北,2023-03-30,9237
1101,台泥,4,2,2,凱基-敦北,2023-03-30,9237
8088,品安,3,1,2,凱基-敦北,2023-03-30,9237
2006,東和鋼鐵,2,0,2,凱基-敦北,2023-03-30,9237
6446,藥華藥,2,0,2,凱基-敦北,2023-03-30,9237
1319,東陽,2,0,2,凱基-敦北,2023-03-30,9237
00687B,國泰20年美債,2,0,2,凱基-敦北,2023-03-30,9237
1712,興農,2,0,2,凱基-敦北,2023-03-30,9237
2010,春源,2,0,2,凱基-敦北,2023-03-30,9237
2013,中鋼構,2,0,2,凱基-敦北,2023-03-30,9237
2028,威致,2,0,2,凱基-敦北,2023-03-30,9237
2062,橋椿,2,0,2,凱基-敦北,2023-03-30,9237
2302,麗正,2,0,2,凱基-敦北,2023-03-30,9237
00632R,元大台灣50反1,151,0,151,凱基-敦北,2023-03-31,9237
8926,台汽電,111,0,111,凱基-敦北,2023-03-31,9237
00642U,期元大S＆P石油,90,1,89,凱基-敦北,2023-03-31,9237
1301,台塑,78,0,78,凱基-敦北,2023-03-31,9237
1513,中興電,77,0,77,凱基-敦北,2023-03-31,9237
3078,僑威,61,1,60,凱基-敦北,2023-03-31,9237
4967,十銓,64,16,48,凱基-敦北,2023-03-31,9237
6163,華電網,41,5,36,凱基-敦北,2023-03-31,9237
1605,華新,36,1,35,凱基-敦北,2023-03-31,9237
2615,萬海,31,0,31,凱基-敦北,2023-03-31,9237
6245,立端,23,2,21,凱基-敦北,2023-03-31,9237
8050,廣積,33,14,19,凱基-敦北,2023-03-31,9237
2457,飛宏,149,133,16,凱基-敦北,2023-03-31,9237
00651R,復華香港反1,15,0,15,凱基-敦北,2023-03-31,9237
1591,駿吉-KY,10,0,10,凱基-敦北,2023-03-31,9237
1609,大亞,10,0,10,凱基-敦北,2023-03-31,9237
2609,陽明,11,1,10,凱基-敦北,2023-03-31,9237
4503,金雨,10,0,10,凱基-敦北,2023-03-31,9237
4971,IET-KY,10,0,10,凱基-敦北,2023-03-31,9237
4973,廣穎,10,0,10,凱基-敦北,2023-03-31,9237
00637L,元大滬深300正2,9,0,9,凱基-敦北,2023-03-31,9237
3325,旭品,8,0,8,凱基-敦北,2023-03-31,9237
9802,鈺齊-KY,8,0,8,凱基-敦北,2023-03-31,9237
8182,加高,7,0,7,凱基-敦北,2023-03-31,9237
2313,華通,6,0,6,凱基-敦北,2023-03-31,9237
2314,台揚,6,0,6,凱基-敦北,2023-03-31,9237
3466,德晉,6,0,6,凱基-敦北,2023-03-31,9237
1326,台化,5,0,5,凱基-敦北,2023-03-31,9237
00671R,富邦NASDAQ反1,5,0,5,凱基-敦北,2023-03-31,9237
1717,長興,5,0,5,凱基-敦北,2023-03-31,9237
2201,裕隆,5,0,5,凱基-敦北,2023-03-31,9237
6195,詩肯,5,0,5,凱基-敦北,2023-03-31,9237
6591,動力-KY,5,0,5,凱基-敦北,2023-03-31,9237
8046,南電,15,10,5,凱基-敦北,2023-03-31,9237
8072,陞泰,5,0,5,凱基-敦北,2023-03-31,9237
00670L,富邦NASDAQ正2,4,0,4,凱基-敦北,2023-03-31,9237
00712,復華富時不動產,4,0,4,凱基-敦北,2023-03-31,9237
2597,潤弘,4,0,4,凱基-敦北,2023-03-31,9237
6111,大宇資,4,0,4,凱基-敦北,2023-03-31,9237
3006,晶豪科,5,1,4,凱基-敦北,2023-03-31,9237
3346,麗清,3,0,3,凱基-敦北,2023-03-31,9237
00922,國泰台灣領袖50,4,1,3,凱基-敦北,2023-03-31,9237
00772B,中信高評級公司債,3,0,3,凱基-敦北,2023-03-31,9237
00725B,國泰投資級公司債,3,0,3,凱基-敦北,2023-03-31,9237
1514,亞力,3,0,3,凱基-敦北,2023-03-31,9237
2890,永豐金,3,0,3,凱基-敦北,2023-03-31,9237
3308,聯德,4,1,3,凱基-敦北,2023-03-31,9237
5512,力麒,3,0,3,凱基-敦北,2023-03-31,9237
6770,力積電,3,0,3,凱基-敦北,2023-03-31,9237
6789,采鈺,3,0,3,凱基-敦北,2023-03-31,9237
00905,FT臺灣Smart,171,0,171,凱基-敦北,2023-04-06,9237
2344,華邦電,46,1,45,凱基-敦北,2023-04-06,9237
1101,台泥,36,0,36,凱基-敦北,2023-04-06,9237
2427,三商電,35,0,35,凱基-敦北,2023-04-06,9237
00637L,元大滬深300正2,26,0,26,凱基-敦北,2023-04-06,9237
00893,國泰智能電動車,27,3,24,凱基-敦北,2023-04-06,9237
6156,松上,20,0,20,凱基-敦北,2023-04-06,9237
6143,振曜,20,1,19,凱基-敦北,2023-04-06,9237
2368,金像電,18,0,18,凱基-敦北,2023-04-06,9237
2331,精英,12,0,12,凱基-敦北,2023-04-06,9237
2891,中信金,11,0,11,凱基-敦北,2023-04-06,9237
6235,華孚,260,249,11,凱基-敦北,2023-04-06,9237
6589,台康生技,13,2,11,凱基-敦北,2023-04-06,9237
00878,國泰永續高股息,15,5,10,凱基-敦北,2023-04-06,9237
0056,元大高股息,11,1,10,凱基-敦北,2023-04-06,9237
2504,國產,10,0,10,凱基-敦北,2023-04-06,9237
5284,jpp-KY,10,0,10,凱基-敦北,2023-04-06,9237
5876,上海商銀,10,0,10,凱基-敦北,2023-04-06,9237
4114,健喬,10,1,9,凱基-敦北,2023-04-06,9237
8069,元太,20,11,9,凱基-敦北,2023-04-06,9237
00882,中信中國高股息,8,0,8,凱基-敦北,2023-04-06,9237
1605,華新,10,2,8,凱基-敦北,2023-04-06,9237
00673R,期元大S＆P原油反1,5,0,5,凱基-敦北,2023-04-06,9237
00671R,富邦NASDAQ反1,5,0,5,凱基-敦北,2023-04-06,9237
1796,金穎生技,5,0,5,凱基-敦北,2023-04-06,9237
2419,仲琦,5,0,5,凱基-敦北,2023-04-06,9237
3033,威健,5,0,5,凱基-敦北,2023-04-06,9237
5701,劍湖山,5,0,5,凱基-敦北,2023-04-06,9237
2317,鴻海,4,0,4,凱基-敦北,2023-04-06,9237
00900,富邦特選高股息30,4,0,4,凱基-敦北,2023-04-06,9237
3037,欣興,35,31,4,凱基-敦北,2023-04-06,9237
3665,貿聯-KY,8,4,4,凱基-敦北,2023-04-06,9237
6843,進典,4,0,4,凱基-敦北,2023-04-06,9237
00680L,元大美債20正2,4,0,4,凱基-敦北,2023-04-06,9237
006208,富邦台50,3,0,3,凱基-敦北,2023-04-06,9237
2233,宇隆,3,0,3,凱基-敦北,2023-04-06,9237
2371,大同,13,10,3,凱基-敦北,2023-04-06,9237
2618,長榮航,4,1,3,凱基-敦北,2023-04-06,9237
3231,緯創,12,9,3,凱基-敦北,2023-04-06,9237
3454,晶睿,3,0,3,凱基-敦北,2023-04-06,9237
3481,群創,15,12,3,凱基-敦北,2023-04-06,9237
5009,榮剛,3,0,3,凱基-敦北,2023-04-06,9237
6104,創惟,29,26,3,凱基-敦北,2023-04-06,9237
6239,力成,3,0,3,凱基-敦北,2023-04-06,9237
8426,紅木-KY,3,0,3,凱基-敦北,2023-04-06,9237
2606,裕民,12,9,3,凱基-敦北,2023-04-06,9237
2388,威盛,2,0,2,凱基-敦北,2023-04-06,9237
2609,陽明,3,1,2,凱基-敦北,2023-04-06,9237
00713,元大台灣高息低波,2,0,2,凱基-敦北,2023-04-06,9237
00712,復華富時不動產,2,0,2,凱基-敦北,2023-04-06,9237
00888,永豐台灣ESG,100,0,100,凱基-敦北,2023-04-07,9237
3325,旭品,41,0,41,凱基-敦北,2023-04-07,9237
6235,華孚,38,10,28,凱基-敦北,2023-04-07,9237
2884,玉山金,25,5,20,凱基-敦北,2023-04-07,9237
6134,萬旭,20,0,20,凱基-敦北,2023-04-07,9237
3056,富華新,16,0,16,凱基-敦北,2023-04-07,9237
00885,富邦越南,15,0,15,凱基-敦北,2023-04-07,9237
2427,三商電,15,0,15,凱基-敦北,2023-04-07,9237
3162,精確,15,0,15,凱基-敦北,2023-04-07,9237
5439,高技,15,0,15,凱基-敦北,2023-04-07,9237
6538,倉和,15,0,15,凱基-敦北,2023-04-07,9237
3702,大聯大,12,0,12,凱基-敦北,2023-04-07,9237
6830,汎銓,24,12,12,凱基-敦北,2023-04-07,9237
5009,榮剛,11,0,11,凱基-敦北,2023-04-07,9237
00688L,國泰20年美債正2,10,0,10,凱基-敦北,2023-04-07,9237
3033,威健,10,0,10,凱基-敦北,2023-04-07,9237
3231,緯創,19,9,10,凱基-敦北,2023-04-07,9237
4114,健喬,10,0,10,凱基-敦北,2023-04-07,9237
6104,創惟,33,23,10,凱基-敦北,2023-04-07,9237
6226,光鼎,10,0,10,凱基-敦北,2023-04-07,9237
6282,康舒,10,0,10,凱基-敦北,2023-04-07,9237
6290,良維,20,10,10,凱基-敦北,2023-04-07,9237
2482,連宇,13,4,9,凱基-敦北,2023-04-07,9237
3518,柏騰,7,0,7,凱基-敦北,2023-04-07,9237
2891,中信金,6,0,6,凱基-敦北,2023-04-07,9237
5222,全訊,11,5,6,凱基-敦北,2023-04-07,9237
2356,英業達,12,6,6,凱基-敦北,2023-04-07,9237
1529,樂事綠能,5,0,5,凱基-敦北,2023-04-07,9237
00671R,富邦NASDAQ反1,5,0,5,凱基-敦北,2023-04-07,9237
00751B,元大AAA至A公司債,5,0,5,凱基-敦北,2023-04-07,9237
2634,漢翔,5,0,5,凱基-敦北,2023-04-07,9237
2867,三商壽,5,0,5,凱基-敦北,2023-04-07,9237
3416,融程電,5,0,5,凱基-敦北,2023-04-07,9237
6244,茂迪,6,1,5,凱基-敦北,2023-04-07,9237
1101,台泥,5,1,4,凱基-敦北,2023-04-07,9237
1605,華新,6,2,4,凱基-敦北,2023-04-07,9237
00712,復華富時不動產,4,0,4,凱基-敦北,2023-04-07,9237
2453,凌群,4,0,4,凱基-敦北,2023-04-07,9237
3032,偉訓,4,0,4,凱基-敦北,2023-04-07,9237
5469,瀚宇博,4,0,4,凱基-敦北,2023-04-07,9237
00720B,元大投資級公司債,5,2,3,凱基-敦北,2023-04-07,9237
2457,飛宏,6,3,3,凱基-敦北,2023-04-07,9237
8069,元太,6,3,3,凱基-敦北,2023-04-07,9237
1305,華夏,3,0,3,凱基-敦北,2023-04-07,9237
2031,新光鋼,5,2,3,凱基-敦北,2023-04-07,9237
2496,卓越,3,0,3,凱基-敦北,2023-04-07,9237
3013,晟銘電,3,0,3,凱基-敦北,2023-04-07,9237
4121,優盛,3,0,3,凱基-敦北,2023-04-07,9237
4432,銘旺實,3,0,3,凱基-敦北,2023-04-07,9237
6185,幃翔,3,0,3,凱基-敦北,2023-04-07,9237
2886,兆豐金,144,0,144,凱基-敦北,2023-04-10,9237
6016,康和證,144,0,144,凱基-敦北,2023-04-10,9237
3029,零壹,82,1,81,凱基-敦北,2023-04-10,9237
2344,華邦電,123,67,56,凱基-敦北,2023-04-10,9237
3056,富華新,42,0,42,凱基-敦北,2023-04-10,9237
6134,萬旭,42,0,42,凱基-敦北,2023-04-10,9237
3363,上詮,40,0,40,凱基-敦北,2023-04-10,9237
6156,松上,30,0,30,凱基-敦北,2023-04-10,9237
2427,三商電,27,0,27,凱基-敦北,2023-04-10,9237
4967,十銓,94,67,27,凱基-敦北,2023-04-10,9237
3479,安勤,29,3,26,凱基-敦北,2023-04-10,9237
6104,創惟,36,15,21,凱基-敦北,2023-04-10,9237
8926,台汽電,20,0,20,凱基-敦北,2023-04-10,9237
6163,華電網,22,4,18,凱基-敦北,2023-04-10,9237
2883,凱基金,17,1,16,凱基-敦北,2023-04-10,9237
6235,華孚,17,2,15,凱基-敦北,2023-04-10,9237
1101,台泥,23,11,12,凱基-敦北,2023-04-10,9237
00751B,元大AAA至A公司債,11,0,11,凱基-敦北,2023-04-10,9237
4746,台耀,12,1,11,凱基-敦北,2023-04-10,9237
4114,健喬,10,0,10,凱基-敦北,2023-04-10,9237
1591,駿吉-KY,10,0,10,凱基-敦北,2023-04-10,9237
1305,華夏,10,0,10,凱基-敦北,2023-04-10,9237
1102,亞泥,10,0,10,凱基-敦北,2023-04-10,9237
2027,大成鋼,25,15,10,凱基-敦北,2023-04-10,9237
2231,為升,10,0,10,凱基-敦北,2023-04-10,9237
4192,杏國,10,0,10,凱基-敦北,2023-04-10,9237
6205,詮欣,10,0,10,凱基-敦北,2023-04-10,9237
6804,明係,10,0,10,凱基-敦北,2023-04-10,9237
2317,鴻海,10,0,10,凱基-敦北,2023-04-10,9237
00772B,中信高評級公司債,13,3,10,凱基-敦北,2023-04-10,9237
3013,晟銘電,9,0,9,凱基-敦北,2023-04-10,9237
6732,昇佳電子,10,1,9,凱基-敦北,2023-04-10,9237
4968,立積,67,58,9,凱基-敦北,2023-04-10,9237
00679B,元大美債20年,8,0,8,凱基-敦北,2023-04-10,9237
2206,三陽工業,8,0,8,凱基-敦北,2023-04-10,9237
2364,倫飛,7,0,7,凱基-敦北,2023-04-10,9237
5536,聖暉*,7,0,7,凱基-敦北,2023-04-10,9237
00773B,中信優先金融債,6,0,6,凱基-敦北,2023-04-10,9237
00687B,國泰20年美債,6,0,6,凱基-敦北,2023-04-10,9237
1717,長興,6,0,6,凱基-敦北,2023-04-10,9237
6830,汎銓,18,12,6,凱基-敦北,2023-04-10,9237
00717,富邦美國特別股,5,0,5,凱基-敦北,2023-04-10,9237
00637L,元大滬深300正2,7,2,5,凱基-敦北,2023-04-10,9237
3706,神達,5,0,5,凱基-敦北,2023-04-10,9237
6770,力積電,5,0,5,凱基-敦北,2023-04-10,9237
8426,紅木-KY,5,0,5,凱基-敦北,2023-04-10,9237
9904,寶成,5,0,5,凱基-敦北,2023-04-10,9237
2066,世德,4,0,4,凱基-敦北,2023-04-10,9237
2408,南亞科,4,0,4,凱基-敦北,2023-04-10,9237
3019,亞光,4,0,4,凱基-敦北,2023-04-10,9237
3591,艾笛森,109,4,105,凱基-敦北,2023-04-11,9237
6234,高僑,100,0,100,凱基-敦北,2023-04-11,9237
2888,新光金,80,20,60,凱基-敦北,2023-04-11,9237
3078,僑威,150,100,50,凱基-敦北,2023-04-11,9237
1584,精剛,40,0,40,凱基-敦北,2023-04-11,9237
4967,十銓,151,115,36,凱基-敦北,2023-04-11,9237
2883,凱基金,31,0,31,凱基-敦北,2023-04-11,9237
6134,萬旭,24,0,24,凱基-敦北,2023-04-11,9237
2002,中鋼,23,0,23,凱基-敦北,2023-04-11,9237
6175,立敦,15,0,15,凱基-敦北,2023-04-11,9237
00679B,元大美債20年,14,0,14,凱基-敦北,2023-04-11,9237
00885,富邦越南,11,0,11,凱基-敦北,2023-04-11,9237
6576,逸達,11,0,11,凱基-敦北,2023-04-11,9237
1789,神隆,10,0,10,凱基-敦北,2023-04-11,9237
2243,宏旭-KY,10,0,10,凱基-敦北,2023-04-11,9237
3558,神準,11,1,10,凱基-敦北,2023-04-11,9237
00712,復華富時不動產,9,0,9,凱基-敦北,2023-04-11,9237
2408,南亞科,9,1,8,凱基-敦北,2023-04-11,9237
3354,律勝,8,0,8,凱基-敦北,2023-04-11,9237
2530,華建,7,0,7,凱基-敦北,2023-04-11,9237
3491,昇達科,8,1,7,凱基-敦北,2023-04-11,9237
1308,亞聚,6,0,6,凱基-敦北,2023-04-11,9237
00687B,國泰20年美債,6,0,6,凱基-敦北,2023-04-11,9237
1514,亞力,7,1,6,凱基-敦北,2023-04-11,9237
2208,台船,6,0,6,凱基-敦北,2023-04-11,9237
2349,錸德,6,0,6,凱基-敦北,2023-04-11,9237
3027,盛達,10,4,6,凱基-敦北,2023-04-11,9237
3363,上詮,7,1,6,凱基-敦北,2023-04-11,9237
2031,新光鋼,5,0,5,凱基-敦北,2023-04-11,9237
2239,英利-KY,5,0,5,凱基-敦北,2023-04-11,9237
2497,怡利電,9,4,5,凱基-敦北,2023-04-11,9237
2606,裕民,5,0,5,凱基-敦北,2023-04-11,9237
2867,三商壽,15,10,5,凱基-敦北,2023-04-11,9237
3217,優群,5,0,5,凱基-敦北,2023-04-11,9237
2303,聯電,5,0,5,凱基-敦北,2023-04-11,9237
3019,亞光,4,0,4,凱基-敦北,2023-04-11,9237
4977,眾達-KY,5,1,4,凱基-敦北,2023-04-11,9237
6670,復盛應用,4,0,4,凱基-敦北,2023-04-11,9237
6796,晉弘,8,4,4,凱基-敦北,2023-04-11,9237
2317,鴻海,3,0,3,凱基-敦北,2023-04-11,9237
1506,正道,3,0,3,凱基-敦北,2023-04-11,9237
1513,中興電,102,99,3,凱基-敦北,2023-04-11,9237
00772B,中信高評級公司債,3,0,3,凱基-敦北,2023-04-11,9237
2834,臺企銀,3,0,3,凱基-敦北,2023-04-11,9237
3374,精材,3,0,3,凱基-敦北,2023-04-11,9237
3479,安勤,3,0,3,凱基-敦北,2023-04-11,9237
6770,力積電,3,0,3,凱基-敦北,2023-04-11,9237
8171,天宇,4,1,3,凱基-敦北,2023-04-11,9237
2457,飛宏,4,1,3,凱基-敦北,2023-04-11,9237
2603,長榮,5,2,3,凱基-敦北,2023-04-11,9237
3481,群創,276,88,188,凱基-敦北,2023-04-12,9237
2105,正新,65,0,65,凱基-敦北,2023-04-12,9237
3056,富華新,62,3,59,凱基-敦北,2023-04-12,9237
1785,光洋科,40,0,40,凱基-敦北,2023-04-12,9237
2515,中工,180,142,38,凱基-敦北,2023-04-12,9237
1504,東元,36,6,30,凱基-敦北,2023-04-12,9237
00637L,元大滬深300正2,29,0,29,凱基-敦北,2023-04-12,9237
6589,台康生技,41,12,29,凱基-敦北,2023-04-12,9237
6134,萬旭,20,0,20,凱基-敦北,2023-04-12,9237
8936,國統,21,3,18,凱基-敦北,2023-04-12,9237
3006,晶豪科,22,5,17,凱基-敦北,2023-04-12,9237
3545,敦泰,17,1,16,凱基-敦北,2023-04-12,9237
6016,康和證,16,0,16,凱基-敦北,2023-04-12,9237
00665L,富邦�琤肭磪囓�2,15,0,15,凱基-敦北,2023-04-12,9237
2382,廣達,17,3,14,凱基-敦北,2023-04-12,9237
2634,漢翔,22,9,13,凱基-敦北,2023-04-12,9237
4155,訊映,12,0,12,凱基-敦北,2023-04-12,9237
2497,怡利電,11,0,11,凱基-敦北,2023-04-12,9237
3033,威健,11,0,11,凱基-敦北,2023-04-12,9237
6548,長科*,11,0,11,凱基-敦北,2023-04-12,9237
1560,中砂,10,0,10,凱基-敦北,2023-04-12,9237
3005,神基,10,0,10,凱基-敦北,2023-04-12,9237
3046,建��,10,0,10,凱基-敦北,2023-04-12,9237
3494,誠研,10,0,10,凱基-敦北,2023-04-12,9237
00679B,元大美債20年,9,0,9,凱基-敦北,2023-04-12,9237
2338,光罩,9,0,9,凱基-敦北,2023-04-12,9237
3029,零壹,10,1,9,凱基-敦北,2023-04-12,9237
3312,弘憶股,10,1,9,凱基-敦北,2023-04-12,9237
4979,華星光,24,15,9,凱基-敦北,2023-04-12,9237
00772B,中信高評級公司債,8,0,8,凱基-敦北,2023-04-12,9237
6163,華電網,10,2,8,凱基-敦北,2023-04-12,9237
00900,富邦特選高股息30,10,3,7,凱基-敦北,2023-04-12,9237
3714,富采,7,0,7,凱基-敦北,2023-04-12,9237
2002,中鋼,7,0,7,凱基-敦北,2023-04-12,9237
2883,凱基金,9,3,6,凱基-敦北,2023-04-12,9237
1584,精剛,6,0,6,凱基-敦北,2023-04-12,9237
2027,大成鋼,15,9,6,凱基-敦北,2023-04-12,9237
6248,沛波,6,0,6,凱基-敦北,2023-04-12,9237
00751B,元大AAA至A公司債,5,0,5,凱基-敦北,2023-04-12,9237
00725B,國泰投資級公司債,5,0,5,凱基-敦北,2023-04-12,9237
00720B,元大投資級公司債,5,0,5,凱基-敦北,2023-04-12,9237
00633L,富邦上証正2,5,0,5,凱基-敦北,2023-04-12,9237
1603,華電,5,0,5,凱基-敦北,2023-04-12,9237
2367,燿華,5,0,5,凱基-敦北,2023-04-12,9237
2748,雲品,6,1,5,凱基-敦北,2023-04-12,9237
2834,臺企銀,5,0,5,凱基-敦北,2023-04-12,9237
4721,美琪瑪,5,0,5,凱基-敦北,2023-04-12,9237
5425,台半,10,5,5,凱基-敦北,2023-04-12,9237
6732,昇佳電子,5,0,5,凱基-敦北,2023-04-12,9237
8183,精星,7,2,5,凱基-敦北,2023-04-12,9237
2892,第一金,459,0,459,凱基-敦北,2023-04-13,9237
1503,士電,217,1,216,凱基-敦北,2023-04-13,9237
2358,廷鑫,136,9,127,凱基-敦北,2023-04-13,9237
3056,富華新,107,22,85,凱基-敦北,2023-04-13,9237
2903,遠百,80,0,80,凱基-敦北,2023-04-13,9237
2344,華邦電,68,1,67,凱基-敦北,2023-04-13,9237
8926,台汽電,60,0,60,凱基-敦北,2023-04-13,9237
6282,康舒,80,22,58,凱基-敦北,2023-04-13,9237
00679B,元大美債20年,59,5,54,凱基-敦北,2023-04-13,9237
6134,萬旭,54,0,54,凱基-敦北,2023-04-13,9237
6104,創惟,54,4,50,凱基-敦北,2023-04-13,9237
1701,中化,40,0,40,凱基-敦北,2023-04-13,9237
2515,中工,151,115,36,凱基-敦北,2023-04-13,9237
1504,東元,36,12,24,凱基-敦北,2023-04-13,9237
00878,國泰永續高股息,27,3,24,凱基-敦北,2023-04-13,9237
6804,明係,25,2,23,凱基-敦北,2023-04-13,9237
8050,廣積,31,9,22,凱基-敦北,2023-04-13,9237
2610,華航,35,14,21,凱基-敦北,2023-04-13,9237
1785,光洋科,20,0,20,凱基-敦北,2023-04-13,9237
3033,威健,25,5,20,凱基-敦北,2023-04-13,9237
2201,裕隆,20,0,20,凱基-敦北,2023-04-13,9237
8076,伍豐,20,2,18,凱基-敦北,2023-04-13,9237
2867,三商壽,45,28,17,凱基-敦北,2023-04-13,9237
4967,十銓,49,32,17,凱基-敦北,2023-04-13,9237
1513,中興電,92,77,15,凱基-敦北,2023-04-13,9237
0056,元大高股息,15,0,15,凱基-敦北,2023-04-13,9237
4979,華星光,52,37,15,凱基-敦北,2023-04-13,9237
6026,福邦證,15,0,15,凱基-敦北,2023-04-13,9237
2031,新光鋼,13,0,13,凱基-敦北,2023-04-13,9237
00712,復華富時不動產,12,0,12,凱基-敦北,2023-04-13,9237
6788,華景電,12,0,12,凱基-敦北,2023-04-13,9237
2330,台積電,13,2,11,凱基-敦北,2023-04-13,9237
2614,東森,11,0,11,凱基-敦北,2023-04-13,9237
5351,鈺創,82,71,11,凱基-敦北,2023-04-13,9237
3006,晶豪科,10,0,10,凱基-敦北,2023-04-13,9237
00631L,元大台灣50正2,10,0,10,凱基-敦北,2023-04-13,9237
00665L,富邦�琤肭磪囓�2,10,0,10,凱基-敦北,2023-04-13,9237
2211,長榮鋼,10,0,10,凱基-敦北,2023-04-13,9237
3594,磐儀,10,0,10,凱基-敦北,2023-04-13,9237
6156,松上,10,0,10,凱基-敦北,2023-04-13,9237
6263,普萊德,10,0,10,凱基-敦北,2023-04-13,9237
6548,長科*,10,0,10,凱基-敦北,2023-04-13,9237
6830,汎銓,36,26,10,凱基-敦北,2023-04-13,9237
00893,國泰智能電動車,9,0,9,凱基-敦北,2023-04-13,9237
6770,力積電,9,0,9,凱基-敦北,2023-04-13,9237
6196,帆宣,8,0,8,凱基-敦北,2023-04-13,9237
2027,大成鋼,7,0,7,凱基-敦北,2023-04-13,9237
6244,茂迪,8,1,7,凱基-敦北,2023-04-13,9237
1605,華新,10,3,7,凱基-敦北,2023-04-13,9237
2606,裕民,6,0,6,凱基-敦北,2023-04-13,9237
00632R,元大台灣50反1,220,0,220,凱基-敦北,2023-04-14,9237
2515,中工,152,20,132,凱基-敦北,2023-04-14,9237
3363,上詮,126,20,106,凱基-敦北,2023-04-14,9237
2211,長榮鋼,50,0,50,凱基-敦北,2023-04-14,9237
3591,艾笛森,46,3,43,凱基-敦北,2023-04-14,9237
3049,精金,37,0,37,凱基-敦北,2023-04-14,9237
3056,富華新,37,0,37,凱基-敦北,2023-04-14,9237
2344,華邦電,32,0,32,凱基-敦北,2023-04-14,9237
3209,全科,23,0,23,凱基-敦北,2023-04-14,9237
2363,矽統,22,0,22,凱基-敦北,2023-04-14,9237
2368,金像電,23,2,21,凱基-敦北,2023-04-14,9237
3046,建��,20,0,20,凱基-敦北,2023-04-14,9237
5227,立凱-KY,20,0,20,凱基-敦北,2023-04-14,9237
4967,十銓,55,35,20,凱基-敦北,2023-04-14,9237
2382,廣達,18,0,18,凱基-敦北,2023-04-14,9237
00679B,元大美債20年,18,0,18,凱基-敦北,2023-04-14,9237
0056,元大高股息,13,0,13,凱基-敦北,2023-04-14,9237
2031,新光鋼,12,0,12,凱基-敦北,2023-04-14,9237
2610,華航,12,0,12,凱基-敦北,2023-04-14,9237
2883,凱基金,11,0,11,凱基-敦北,2023-04-14,9237
2014,中鴻,11,0,11,凱基-敦北,2023-04-14,9237
6104,創惟,23,13,10,凱基-敦北,2023-04-14,9237
6163,華電網,10,0,10,凱基-敦北,2023-04-14,9237
6456,GIS-KY,11,1,10,凱基-敦北,2023-04-14,9237
6589,台康生技,10,0,10,凱基-敦北,2023-04-14,9237
6168,宏齊,8,0,8,凱基-敦北,2023-04-14,9237
2002,中鋼,8,0,8,凱基-敦北,2023-04-14,9237
1605,華新,14,7,7,凱基-敦北,2023-04-14,9237
1504,東元,8,1,7,凱基-敦北,2023-04-14,9237
2601,益航,6,0,6,凱基-敦北,2023-04-14,9237
3004,豐達科,6,0,6,凱基-敦北,2023-04-14,9237
3545,敦泰,9,3,6,凱基-敦北,2023-04-14,9237
5009,榮剛,6,0,6,凱基-敦北,2023-04-14,9237
6125,廣運,6,0,6,凱基-敦北,2023-04-14,9237
6770,力積電,7,1,6,凱基-敦北,2023-04-14,9237
6446,藥華藥,6,0,6,凱基-敦北,2023-04-14,9237
2208,台船,11,6,5,凱基-敦北,2023-04-14,9237
00671R,富邦NASDAQ反1,5,0,5,凱基-敦北,2023-04-14,9237
3289,宜特,6,1,5,凱基-敦北,2023-04-14,9237
3374,精材,9,4,5,凱基-敦北,2023-04-14,9237
3481,群創,217,212,5,凱基-敦北,2023-04-14,9237
3686,達能,5,0,5,凱基-敦北,2023-04-14,9237
6234,高僑,85,80,5,凱基-敦北,2023-04-14,9237
8222,寶一,5,0,5,凱基-敦北,2023-04-14,9237
6143,振曜,5,0,5,凱基-敦北,2023-04-14,9237
00720B,元大投資級公司債,4,0,4,凱基-敦北,2023-04-14,9237
2388,威盛,5,1,4,凱基-敦北,2023-04-14,9237
00687B,國泰20年美債,4,0,4,凱基-敦北,2023-04-14,9237
2356,英業達,5,1,4,凱基-敦北,2023-04-14,9237
2402,毅嘉,10,6,4,凱基-敦北,2023-04-14,9237
3591,艾笛森,80,2,78,凱基-敦北,2023-04-17,9237
2457,飛宏,83,15,68,凱基-敦北,2023-04-17,9237
3078,僑威,119,60,59,凱基-敦北,2023-04-17,9237
2359,所羅門,51,2,49,凱基-敦北,2023-04-17,9237
2329,華泰,50,1,49,凱基-敦北,2023-04-17,9237
6235,華孚,117,75,42,凱基-敦北,2023-04-17,9237
3454,晶睿,38,0,38,凱基-敦北,2023-04-17,9237
2812,台中銀,31,0,31,凱基-敦北,2023-04-17,9237
3032,偉訓,70,40,30,凱基-敦北,2023-04-17,9237
5465,富驊,27,0,27,凱基-敦北,2023-04-17,9237
1605,華新,24,2,22,凱基-敦北,2023-04-17,9237
3149,正達,20,0,20,凱基-敦北,2023-04-17,9237
2382,廣達,15,0,15,凱基-敦北,2023-04-17,9237
4768,晶呈科技,15,0,15,凱基-敦北,2023-04-17,9237
6143,振曜,17,2,15,凱基-敦北,2023-04-17,9237
2436,偉詮電,15,1,14,凱基-敦北,2023-04-17,9237
3363,上詮,93,79,14,凱基-敦北,2023-04-17,9237
2308,台達電,14,0,14,凱基-敦北,2023-04-17,9237
2548,華固,12,0,12,凱基-敦北,2023-04-17,9237
00679B,元大美債20年,11,0,11,凱基-敦北,2023-04-17,9237
00912,中信臺灣智慧50,10,0,10,凱基-敦北,2023-04-17,9237
1456,怡華,10,0,10,凱基-敦北,2023-04-17,9237
1711,永光,10,0,10,凱基-敦北,2023-04-17,9237
2356,英業達,10,0,10,凱基-敦北,2023-04-17,9237
2705,六福,10,0,10,凱基-敦北,2023-04-17,9237
3051,力特,10,0,10,凱基-敦北,2023-04-17,9237
4190,佐登-KY,10,0,10,凱基-敦北,2023-04-17,9237
5388,中磊,10,0,10,凱基-敦北,2023-04-17,9237
6163,華電網,10,0,10,凱基-敦北,2023-04-17,9237
6418,詠昇,10,0,10,凱基-敦北,2023-04-17,9237
3419,譁裕,10,1,9,凱基-敦北,2023-04-17,9237
6263,普萊德,9,0,9,凱基-敦北,2023-04-17,9237
6283,淳安,9,0,9,凱基-敦北,2023-04-17,9237
00720B,元大投資級公司債,8,0,8,凱基-敦北,2023-04-17,9237
5258,虹堡,7,0,7,凱基-敦北,2023-04-17,9237
00687B,國泰20年美債,7,0,7,凱基-敦北,2023-04-17,9237
4911,德英,7,0,7,凱基-敦北,2023-04-17,9237
5355,佳總,7,0,7,凱基-敦北,2023-04-17,9237
2002,中鋼,7,0,7,凱基-敦北,2023-04-17,9237
2618,長榮航,6,0,6,凱基-敦北,2023-04-17,9237
00712,復華富時不動產,6,0,6,凱基-敦北,2023-04-17,9237
2892,第一金,6,0,6,凱基-敦北,2023-04-17,9237
3049,精金,6,0,6,凱基-敦北,2023-04-17,9237
6179,亞通,6,0,6,凱基-敦北,2023-04-17,9237
8215,明基材,8,2,6,凱基-敦北,2023-04-17,9237
6285,啟��,13,8,5,凱基-敦北,2023-04-17,9237
00799B,國泰A級醫療債,5,0,5,凱基-敦北,2023-04-17,9237
1513,中興電,7,2,5,凱基-敦北,2023-04-17,9237
2314,台揚,5,0,5,凱基-敦北,2023-04-17,9237
2497,怡利電,5,0,5,凱基-敦北,2023-04-17,9237
2515,中工,159,0,159,凱基-敦北,2023-04-18,9237
1101,台泥,153,5,148,凱基-敦北,2023-04-18,9237
6134,萬旭,60,10,50,凱基-敦北,2023-04-18,9237
3058,立德,43,0,43,凱基-敦北,2023-04-18,9237
6282,康舒,49,9,40,凱基-敦北,2023-04-18,9237
8926,台汽電,41,1,40,凱基-敦北,2023-04-18,9237
2892,第一金,35,0,35,凱基-敦北,2023-04-18,9237
1609,大亞,30,0,30,凱基-敦北,2023-04-18,9237
2211,長榮鋼,30,0,30,凱基-敦北,2023-04-18,9237
3078,僑威,45,17,28,凱基-敦北,2023-04-18,9237
6269,台郡,33,5,28,凱基-敦北,2023-04-18,9237
00772B,中信高評級公司債,25,0,25,凱基-敦北,2023-04-18,9237
5009,榮剛,40,15,25,凱基-敦北,2023-04-18,9237
00751B,元大AAA至A公司債,21,0,21,凱基-敦北,2023-04-18,9237
3046,建��,22,1,21,凱基-敦北,2023-04-18,9237
6234,高僑,21,0,21,凱基-敦北,2023-04-18,9237
4968,立積,21,0,21,凱基-敦北,2023-04-18,9237
3056,富華新,21,0,21,凱基-敦北,2023-04-18,9237
2903,遠百,20,0,20,凱基-敦北,2023-04-18,9237
3032,偉訓,35,15,20,凱基-敦北,2023-04-18,9237
6830,汎銓,26,6,20,凱基-敦北,2023-04-18,9237
1444,力麗,21,2,19,凱基-敦北,2023-04-18,9237
1503,士電,83,64,19,凱基-敦北,2023-04-18,9237
3481,群創,32,14,18,凱基-敦北,2023-04-18,9237
2867,三商壽,15,0,15,凱基-敦北,2023-04-18,9237
6120,達運,15,0,15,凱基-敦北,2023-04-18,9237
2614,東森,15,0,15,凱基-敦北,2023-04-18,9237
6104,創惟,17,4,13,凱基-敦北,2023-04-18,9237
2618,長榮航,12,0,12,凱基-敦北,2023-04-18,9237
3231,緯創,24,13,11,凱基-敦北,2023-04-18,9237
2324,仁寶,11,0,11,凱基-敦北,2023-04-18,9237
00773B,中信優先金融債,10,0,10,凱基-敦北,2023-04-18,9237
1785,光洋科,10,0,10,凱基-敦北,2023-04-18,9237
2243,宏旭-KY,10,0,10,凱基-敦北,2023-04-18,9237
2888,新光金,10,0,10,凱基-敦北,2023-04-18,9237
00720B,元大投資級公司債,9,0,9,凱基-敦北,2023-04-18,9237
2313,華通,10,1,9,凱基-敦北,2023-04-18,9237
6548,長科*,8,0,8,凱基-敦北,2023-04-18,9237
2363,矽統,7,0,7,凱基-敦北,2023-04-18,9237
6411,晶焱,6,0,6,凱基-敦北,2023-04-18,9237
2454,聯發科,7,1,6,凱基-敦北,2023-04-18,9237
00651R,復華香港反1,5,0,5,凱基-敦北,2023-04-18,9237
00740B,富邦全球投等債,5,0,5,凱基-敦北,2023-04-18,9237
2548,華固,5,0,5,凱基-敦北,2023-04-18,9237
3033,威健,5,0,5,凱基-敦北,2023-04-18,9237
3209,全科,5,0,5,凱基-敦北,2023-04-18,9237
3230,錦明,5,0,5,凱基-敦北,2023-04-18,9237
3362,先進光,6,1,5,凱基-敦北,2023-04-18,9237
3712,永崴投控,6,1,5,凱基-敦北,2023-04-18,9237
4755,三福化,6,1,5,凱基-敦北,2023-04-18,9237
1101,台泥,151,11,140,凱基-敦北,2023-04-19,9237
1513,中興電,101,5,96,凱基-敦北,2023-04-19,9237
2903,遠百,70,0,70,凱基-敦北,2023-04-19,9237
3591,艾笛森,50,2,48,凱基-敦北,2023-04-19,9237
00683L,期元大美元指正2,40,0,40,凱基-敦北,2023-04-19,9237
3481,群創,80,45,35,凱基-敦北,2023-04-19,9237
00679B,元大美債20年,32,0,32,凱基-敦北,2023-04-19,9237
2211,長榮鋼,25,0,25,凱基-敦北,2023-04-19,9237
2314,台揚,21,0,21,凱基-敦北,2023-04-19,9237
00720B,元大投資級公司債,20,0,20,凱基-敦北,2023-04-19,9237
00669R,國泰美國道瓊反1,20,0,20,凱基-敦北,2023-04-19,9237
00772B,中信高評級公司債,19,0,19,凱基-敦北,2023-04-19,9237
3231,緯創,90,73,17,凱基-敦北,2023-04-19,9237
00671R,富邦NASDAQ反1,15,0,15,凱基-敦北,2023-04-19,9237
6235,華孚,40,25,15,凱基-敦北,2023-04-19,9237
3479,安勤,14,2,12,凱基-敦北,2023-04-19,9237
4967,十銓,78,66,12,凱基-敦北,2023-04-19,9237
00687B,國泰20年美債,11,0,11,凱基-敦北,2023-04-19,9237
1721,三晃,11,0,11,凱基-敦北,2023-04-19,9237
2002,中鋼,11,0,11,凱基-敦北,2023-04-19,9237
00631L,元大台灣50正2,10,0,10,凱基-敦北,2023-04-19,9237
1785,光洋科,10,0,10,凱基-敦北,2023-04-19,9237
2614,東森,10,0,10,凱基-敦北,2023-04-19,9237
3027,盛達,10,0,10,凱基-敦北,2023-04-19,9237
3209,全科,10,0,10,凱基-敦北,2023-04-19,9237
4566,時碩工業,12,2,10,凱基-敦北,2023-04-19,9237
2610,華航,9,0,9,凱基-敦北,2023-04-19,9237
00773B,中信優先金融債,8,0,8,凱基-敦北,2023-04-19,9237
2208,台船,9,1,8,凱基-敦北,2023-04-19,9237
6789,采鈺,9,1,8,凱基-敦北,2023-04-19,9237
8033,雷虎,14,7,7,凱基-敦北,2023-04-19,9237
6129,普誠,6,0,6,凱基-敦北,2023-04-19,9237
3006,晶豪科,8,2,6,凱基-敦北,2023-04-19,9237
3189,景碩,6,0,6,凱基-敦北,2023-04-19,9237
5258,虹堡,5,0,5,凱基-敦北,2023-04-19,9237
0050,元大台灣50,5,0,5,凱基-敦北,2023-04-19,9237
1471,首利,5,0,5,凱基-敦北,2023-04-19,9237
00751B,元大AAA至A公司債,5,0,5,凱基-敦北,2023-04-19,9237
00725B,國泰投資級公司債,5,0,5,凱基-敦北,2023-04-19,9237
00637L,元大滬深300正2,5,0,5,凱基-敦北,2023-04-19,9237
00688L,國泰20年美債正2,5,0,5,凱基-敦北,2023-04-19,9237
1514,亞力,5,0,5,凱基-敦北,2023-04-19,9237
1809,中釉,5,0,5,凱基-敦北,2023-04-19,9237
2363,矽統,5,0,5,凱基-敦北,2023-04-19,9237
2883,凱基金,5,0,5,凱基-敦北,2023-04-19,9237
3047,訊舟,5,0,5,凱基-敦北,2023-04-19,9237
3703,欣陸,5,0,5,凱基-敦北,2023-04-19,9237
4979,華星光,45,40,5,凱基-敦北,2023-04-19,9237
4987,科誠,5,0,5,凱基-敦北,2023-04-19,9237
6470,宇智,11,6,5,凱基-敦北,2023-04-19,9237
6282,康舒,775,315,460,凱基-敦北,2023-04-20,9237
3481,群創,92,44,48,凱基-敦北,2023-04-20,9237
3591,艾笛森,40,0,40,凱基-敦北,2023-04-20,9237
1503,士電,25,0,25,凱基-敦北,2023-04-20,9237
6235,華孚,119,98,21,凱基-敦北,2023-04-20,9237
00632R,元大台灣50反1,20,0,20,凱基-敦北,2023-04-20,9237
6143,振曜,20,0,20,凱基-敦北,2023-04-20,9237
00720B,元大投資級公司債,15,0,15,凱基-敦北,2023-04-20,9237
3056,富華新,20,5,15,凱基-敦北,2023-04-20,9237
1783,和康生,12,0,12,凱基-敦北,2023-04-20,9237
2457,飛宏,15,5,10,凱基-敦北,2023-04-20,9237
00725B,國泰投資級公司債,10,0,10,凱基-敦北,2023-04-20,9237
00669R,國泰美國道瓊反1,10,0,10,凱基-敦北,2023-04-20,9237
00900,富邦特選高股息30,10,0,10,凱基-敦北,2023-04-20,9237
1762,中化生,10,0,10,凱基-敦北,2023-04-20,9237
2449,京元電子,10,0,10,凱基-敦北,2023-04-20,9237
2849,安泰銀,15,5,10,凱基-敦北,2023-04-20,9237
2887,台新金,10,0,10,凱基-敦北,2023-04-20,9237
2903,遠百,10,0,10,凱基-敦北,2023-04-20,9237
3338,泰碩,10,0,10,凱基-敦北,2023-04-20,9237
3419,譁裕,10,0,10,凱基-敦北,2023-04-20,9237
4566,時碩工業,10,0,10,凱基-敦北,2023-04-20,9237
6163,華電網,11,1,10,凱基-敦北,2023-04-20,9237
00772B,中信高評級公司債,8,0,8,凱基-敦北,2023-04-20,9237
00885,富邦越南,8,0,8,凱基-敦北,2023-04-20,9237
2324,仁寶,8,0,8,凱基-敦北,2023-04-20,9237
3686,達能,10,2,8,凱基-敦北,2023-04-20,9237
4743,合一,13,5,8,凱基-敦北,2023-04-20,9237
6179,亞通,8,0,8,凱基-敦北,2023-04-20,9237
2883,凱基金,8,0,8,凱基-敦北,2023-04-20,9237
0050,元大台灣50,7,0,7,凱基-敦北,2023-04-20,9237
1319,東陽,7,0,7,凱基-敦北,2023-04-20,9237
1101,台泥,7,0,7,凱基-敦北,2023-04-20,9237
2618,長榮航,9,2,7,凱基-敦北,2023-04-20,9237
3703,欣陸,7,0,7,凱基-敦北,2023-04-20,9237
6285,啟��,10,3,7,凱基-敦北,2023-04-20,9237
6432,今展科,7,0,7,凱基-敦北,2023-04-20,9237
6830,汎銓,13,6,7,凱基-敦北,2023-04-20,9237
00888,永豐台灣ESG,6,0,6,凱基-敦北,2023-04-20,9237
2409,友達,6,0,6,凱基-敦北,2023-04-20,9237
2739,寒舍,6,0,6,凱基-敦北,2023-04-20,9237
3455,由田,6,0,6,凱基-敦北,2023-04-20,9237
3712,永崴投控,6,0,6,凱基-敦北,2023-04-20,9237
6470,宇智,6,0,6,凱基-敦北,2023-04-20,9237
8050,廣積,9,3,6,凱基-敦北,2023-04-20,9237
00631L,元大台灣50正2,5,0,5,凱基-敦北,2023-04-20,9237
1218,泰山,5,0,5,凱基-敦北,2023-04-20,9237
00637L,元大滬深300正2,7,2,5,凱基-敦北,2023-04-20,9237
1712,興農,5,0,5,凱基-敦北,2023-04-20,9237
1802,台玻,7,2,5,凱基-敦北,2023-04-20,9237
00632R,元大台灣50反1,80,0,80,凱基-敦北,2023-04-21,9237
00669R,國泰美國道瓊反1,50,0,50,凱基-敦北,2023-04-21,9237
1609,大亞,40,0,40,凱基-敦北,2023-04-21,9237
8936,國統,40,0,40,凱基-敦北,2023-04-21,9237
3056,富華新,51,15,36,凱基-敦北,2023-04-21,9237
00720B,元大投資級公司債,33,0,33,凱基-敦北,2023-04-21,9237
3231,緯創,29,6,23,凱基-敦北,2023-04-21,9237
4931,新盛力,22,1,21,凱基-敦北,2023-04-21,9237
00637L,元大滬深300正2,21,2,19,凱基-敦北,2023-04-21,9237
3363,上詮,19,0,19,凱基-敦北,2023-04-21,9237
6548,長科*,20,2,18,凱基-敦北,2023-04-21,9237
2211,長榮鋼,29,14,15,凱基-敦北,2023-04-21,9237
2913,農林,16,1,15,凱基-敦北,2023-04-21,9237
6806,森崴能源,22,7,15,凱基-敦北,2023-04-21,9237
00772B,中信高評級公司債,22,8,14,凱基-敦北,2023-04-21,9237
2002,中鋼,14,0,14,凱基-敦北,2023-04-21,9237
00919,群益台灣精選高息,13,0,13,凱基-敦北,2023-04-21,9237
00878,國泰永續高股息,13,1,12,凱基-敦北,2023-04-21,9237
4951,精拓科,12,0,12,凱基-敦北,2023-04-21,9237
6244,茂迪,27,15,12,凱基-敦北,2023-04-21,9237
2308,台達電,15,4,11,凱基-敦北,2023-04-21,9237
00665L,富邦�琤肭磪囓�2,10,0,10,凱基-敦北,2023-04-21,9237
00679B,元大美債20年,10,0,10,凱基-敦北,2023-04-21,9237
00891,中信關鍵半導體,10,0,10,凱基-敦北,2023-04-21,9237
00740B,富邦全球投等債,10,0,10,凱基-敦北,2023-04-21,9237
00773B,中信優先金融債,10,0,10,凱基-敦北,2023-04-21,9237
1711,永光,10,0,10,凱基-敦北,2023-04-21,9237
1762,中化生,10,0,10,凱基-敦北,2023-04-21,9237
2548,華固,10,0,10,凱基-敦北,2023-04-21,9237
3033,威健,10,0,10,凱基-敦北,2023-04-21,9237
3209,全科,10,0,10,凱基-敦北,2023-04-21,9237
3710,連展投控,10,0,10,凱基-敦北,2023-04-21,9237
6712,長聖,10,0,10,凱基-敦北,2023-04-21,9237
6733,博晟生醫,10,0,10,凱基-敦北,2023-04-21,9237
2303,聯電,17,7,10,凱基-敦北,2023-04-21,9237
1503,士電,10,0,10,凱基-敦北,2023-04-21,9237
2482,連宇,9,0,9,凱基-敦北,2023-04-21,9237
00900,富邦特選高股息30,14,5,9,凱基-敦北,2023-04-21,9237
2891,中信金,9,0,9,凱基-敦北,2023-04-21,9237
3058,立德,8,0,8,凱基-敦北,2023-04-21,9237
1810,和成,8,0,8,凱基-敦北,2023-04-21,9237
2401,凌陽,10,2,8,凱基-敦北,2023-04-21,9237
6465,威潤,8,0,8,凱基-敦北,2023-04-21,9237
2330,台積電,9,1,8,凱基-敦北,2023-04-21,9237
00893,國泰智能電動車,7,0,7,凱基-敦北,2023-04-21,9237
3346,麗清,7,0,7,凱基-敦北,2023-04-21,9237
4967,十銓,84,77,7,凱基-敦北,2023-04-21,9237
6226,光鼎,7,0,7,凱基-敦北,2023-04-21,9237
3522,御嵿,6,0,6,凱基-敦北,2023-04-21,9237
1907,永豐餘,8,2,6,凱基-敦北,2023-04-21,9237
4960,誠美材,102,4,98,凱基-敦北,2023-04-24,9237
00679B,元大美債20年,55,1,54,凱基-敦北,2023-04-24,9237
2031,新光鋼,202,152,50,凱基-敦北,2023-04-24,9237
2101,南港,45,0,45,凱基-敦北,2023-04-24,9237
00687B,國泰20年美債,40,0,40,凱基-敦北,2023-04-24,9237
3354,律勝,34,0,34,凱基-敦北,2023-04-24,9237
00725B,國泰投資級公司債,24,0,24,凱基-敦北,2023-04-24,9237
00772B,中信高評級公司債,24,1,23,凱基-敦北,2023-04-24,9237
2439,美律,22,0,22,凱基-敦北,2023-04-24,9237
00720B,元大投資級公司債,21,1,20,凱基-敦北,2023-04-24,9237
00751B,元大AAA至A公司債,20,0,20,凱基-敦北,2023-04-24,9237
2913,農林,20,0,20,凱基-敦北,2023-04-24,9237
4306,炎洲,20,0,20,凱基-敦北,2023-04-24,9237
2342,茂矽,20,1,19,凱基-敦北,2023-04-24,9237
2705,六福,19,0,19,凱基-敦北,2023-04-24,9237
00878,國泰永續高股息,17,0,17,凱基-敦北,2023-04-24,9237
1752,南光,13,0,13,凱基-敦北,2023-04-24,9237
1907,永豐餘,13,0,13,凱基-敦北,2023-04-24,9237
00637L,元大滬深300正2,14,2,12,凱基-敦北,2023-04-24,9237
00632R,元大台灣50反1,10,0,10,凱基-敦北,2023-04-24,9237
1785,光洋科,10,0,10,凱基-敦北,2023-04-24,9237
4114,健喬,10,0,10,凱基-敦北,2023-04-24,9237
6811,宏�硌穈T,10,0,10,凱基-敦北,2023-04-24,9237
6843,進典,10,0,10,凱基-敦北,2023-04-24,9237
8182,加高,10,0,10,凱基-敦北,2023-04-24,9237
6789,采鈺,8,0,8,凱基-敦北,2023-04-24,9237
5388,中磊,7,0,7,凱基-敦北,2023-04-24,9237
6142,友勁,7,0,7,凱基-敦北,2023-04-24,9237
3056,富華新,6,0,6,凱基-敦北,2023-04-24,9237
5009,榮剛,6,0,6,凱基-敦北,2023-04-24,9237
5314,世紀,6,0,6,凱基-敦北,2023-04-24,9237
8415,大國鋼,6,0,6,凱基-敦北,2023-04-24,9237
0050,元大台灣50,5,0,5,凱基-敦北,2023-04-24,9237
00665L,富邦�琤肭磪囓�2,5,0,5,凱基-敦北,2023-04-24,9237
1718,中纖,5,0,5,凱基-敦北,2023-04-24,9237
2211,長榮鋼,20,15,5,凱基-敦北,2023-04-24,9237
2313,華通,5,0,5,凱基-敦北,2023-04-24,9237
3596,智易,5,0,5,凱基-敦北,2023-04-24,9237
4121,優盛,5,0,5,凱基-敦北,2023-04-24,9237
5607,遠雄港,5,0,5,凱基-敦北,2023-04-24,9237
6269,台郡,19,14,5,凱基-敦北,2023-04-24,9237
6806,森崴能源,20,15,5,凱基-敦北,2023-04-24,9237
8085,福華,6,1,5,凱基-敦北,2023-04-24,9237
3264,欣銓,4,0,4,凱基-敦北,2023-04-24,9237
2204,中華,6,2,4,凱基-敦北,2023-04-24,9237
1605,華新,4,0,4,凱基-敦北,2023-04-24,9237
2603,長榮,4,0,4,凱基-敦北,2023-04-24,9237
1717,長興,3,0,3,凱基-敦北,2023-04-24,9237
00740B,富邦全球投等債,3,0,3,凱基-敦北,2023-04-24,9237
00830,國泰費城半導體,3,0,3,凱基-敦北,2023-04-24,9237
2892,第一金,397,0,397,凱基-敦北,2023-04-25,9237
6134,萬旭,117,0,117,凱基-敦北,2023-04-25,9237
3056,富華新,50,0,50,凱基-敦北,2023-04-25,9237
6234,高僑,80,40,40,凱基-敦北,2023-04-25,9237
2101,南港,35,0,35,凱基-敦北,2023-04-25,9237
00669R,國泰美國道瓊反1,30,0,30,凱基-敦北,2023-04-25,9237
1718,中纖,30,0,30,凱基-敦北,2023-04-25,9237
00878,國泰永續高股息,33,3,30,凱基-敦北,2023-04-25,9237
3231,緯創,31,4,27,凱基-敦北,2023-04-25,9237
00665L,富邦�琤肭磪囓�2,26,0,26,凱基-敦北,2023-04-25,9237
00773B,中信優先金融債,25,0,25,凱基-敦北,2023-04-25,9237
6235,華孚,25,0,25,凱基-敦北,2023-04-25,9237
0056,元大高股息,25,0,25,凱基-敦北,2023-04-25,9237
2358,廷鑫,40,20,20,凱基-敦北,2023-04-25,9237
2368,金像電,24,4,20,凱基-敦北,2023-04-25,9237
2439,美律,20,0,20,凱基-敦北,2023-04-25,9237
4960,誠美材,20,0,20,凱基-敦北,2023-04-25,9237
8183,精星,16,0,16,凱基-敦北,2023-04-25,9237
00902,中信電池及儲能,15,0,15,凱基-敦北,2023-04-25,9237
3209,全科,15,0,15,凱基-敦北,2023-04-25,9237
3354,律勝,14,0,14,凱基-敦北,2023-04-25,9237
00905,FT臺灣Smart,12,0,12,凱基-敦北,2023-04-25,9237
2484,希華,12,0,12,凱基-敦北,2023-04-25,9237
00891,中信關鍵半導體,11,0,11,凱基-敦北,2023-04-25,9237
00679B,元大美債20年,14,3,11,凱基-敦北,2023-04-25,9237
00772B,中信高評級公司債,14,3,11,凱基-敦北,2023-04-25,9237
1904,正隆,13,2,11,凱基-敦北,2023-04-25,9237
2031,新光鋼,119,108,11,凱基-敦北,2023-04-25,9237
8926,台汽電,21,10,11,凱基-敦北,2023-04-25,9237
00923,群益台ESG低碳50,10,0,10,凱基-敦北,2023-04-25,9237
2303,聯電,11,1,10,凱基-敦北,2023-04-25,9237
2498,宏達電,10,0,10,凱基-敦北,2023-04-25,9237
00753L,中信中國50正2,10,0,10,凱基-敦北,2023-04-25,9237
1312,國喬,10,0,10,凱基-敦北,2023-04-25,9237
1711,永光,10,0,10,凱基-敦北,2023-04-25,9237
2440,太空梭,10,0,10,凱基-敦北,2023-04-25,9237
3051,力特,10,0,10,凱基-敦北,2023-04-25,9237
3576,聯合再生,10,0,10,凱基-敦北,2023-04-25,9237
4129,聯合,10,0,10,凱基-敦北,2023-04-25,9237
4147,中裕,13,3,10,凱基-敦北,2023-04-25,9237
4967,十銓,15,5,10,凱基-敦北,2023-04-25,9237
6190,萬泰科,10,0,10,凱基-敦北,2023-04-25,9237
6548,長科*,10,0,10,凱基-敦北,2023-04-25,9237
6806,森崴能源,35,25,10,凱基-敦北,2023-04-25,9237
8210,勤誠,10,0,10,凱基-敦北,2023-04-25,9237
00900,富邦特選高股息30,10,0,10,凱基-敦北,2023-04-25,9237
2208,台船,12,4,8,凱基-敦北,2023-04-25,9237
4114,健喬,8,0,8,凱基-敦北,2023-04-25,9237
1310,台苯,473,466,7,凱基-敦北,2023-04-25,9237
00919,群益台灣精選高息,7,0,7,凱基-敦北,2023-04-25,9237
00632R,元大台灣50反1,100,0,100,凱基-敦北,2023-04-26,9237
00720B,元大投資級公司債,96,0,96,凱基-敦北,2023-04-26,9237
00772B,中信高評級公司債,60,0,60,凱基-敦北,2023-04-26,9237
6548,長科*,53,1,52,凱基-敦北,2023-04-26,9237
1409,新纖,47,0,47,凱基-敦北,2023-04-26,9237
6163,華電網,40,0,40,凱基-敦北,2023-04-26,9237
2609,陽明,31,0,31,凱基-敦北,2023-04-26,9237
3363,上詮,31,6,25,凱基-敦北,2023-04-26,9237
1905,華紙,29,8,21,凱基-敦北,2023-04-26,9237
3078,僑威,21,1,20,凱基-敦北,2023-04-26,9237
3051,力特,15,0,15,凱基-敦北,2023-04-26,9237
3056,富華新,25,10,15,凱基-敦北,2023-04-26,9237
4960,誠美材,15,0,15,凱基-敦北,2023-04-26,9237
6235,華孚,20,5,15,凱基-敦北,2023-04-26,9237
1611,中電,14,0,14,凱基-敦北,2023-04-26,9237
2002,中鋼,14,0,14,凱基-敦北,2023-04-26,9237
4967,十銓,70,56,14,凱基-敦北,2023-04-26,9237
6101,寬魚國際,14,0,14,凱基-敦北,2023-04-26,9237
00878,國泰永續高股息,17,5,12,凱基-敦北,2023-04-26,9237
1906,寶隆,10,0,10,凱基-敦北,2023-04-26,9237
3228,金麗科,10,0,10,凱基-敦北,2023-04-26,9237
3479,安勤,10,0,10,凱基-敦北,2023-04-26,9237
00679B,元大美債20年,8,0,8,凱基-敦北,2023-04-26,9237
2439,美律,8,0,8,凱基-敦北,2023-04-26,9237
6874,倍力,64,56,8,凱基-敦北,2023-04-26,9237
00799B,國泰A級醫療債,7,0,7,凱基-敦北,2023-04-26,9237
3035,智原,9,2,7,凱基-敦北,2023-04-26,9237
1513,中興電,7,1,6,凱基-敦北,2023-04-26,9237
00923,群益台ESG低碳50,6,0,6,凱基-敦北,2023-04-26,9237
2482,連宇,7,1,6,凱基-敦北,2023-04-26,9237
8085,福華,11,5,6,凱基-敦北,2023-04-26,9237
0050,元大台灣50,5,0,5,凱基-敦北,2023-04-26,9237
0056,元大高股息,11,6,5,凱基-敦北,2023-04-26,9237
00642U,期元大S＆P石油,5,0,5,凱基-敦北,2023-04-26,9237
00688L,國泰20年美債正2,5,0,5,凱基-敦北,2023-04-26,9237
2031,新光鋼,80,75,5,凱基-敦北,2023-04-26,9237
2101,南港,5,0,5,凱基-敦北,2023-04-26,9237
2239,英利-KY,5,0,5,凱基-敦北,2023-04-26,9237
2383,台光電,5,0,5,凱基-敦北,2023-04-26,9237
2401,凌陽,5,0,5,凱基-敦北,2023-04-26,9237
2884,玉山金,5,0,5,凱基-敦北,2023-04-26,9237
3027,盛達,6,1,5,凱基-敦北,2023-04-26,9237
5009,榮剛,5,0,5,凱基-敦北,2023-04-26,9237
5425,台半,6,1,5,凱基-敦北,2023-04-26,9237
8255,朋程,5,0,5,凱基-敦北,2023-04-26,9237
9955,佳龍,5,0,5,凱基-敦北,2023-04-26,9237
1503,士電,6,2,4,凱基-敦北,2023-04-26,9237
00712,復華富時不動產,4,0,4,凱基-敦北,2023-04-26,9237
00885,富邦越南,4,0,4,凱基-敦北,2023-04-26,9237
00893,國泰智能電動車,4,0,4,凱基-敦北,2023-04-26,9237
00632R,元大台灣50反1,223,120,103,凱基-敦北,2023-04-27,9237
00720B,元大投資級公司債,49,0,49,凱基-敦北,2023-04-27,9237
2303,聯電,23,2,21,凱基-敦北,2023-04-27,9237
6104,創惟,42,23,19,凱基-敦北,2023-04-27,9237
3189,景碩,18,0,18,凱基-敦北,2023-04-27,9237
2382,廣達,20,4,16,凱基-敦北,2023-04-27,9237
6235,華孚,15,0,15,凱基-敦北,2023-04-27,9237
1314,中石化,10,0,10,凱基-敦北,2023-04-27,9237
2449,京元電子,10,0,10,凱基-敦北,2023-04-27,9237
2812,台中銀,10,0,10,凱基-敦北,2023-04-27,9237
2887,台新金,10,0,10,凱基-敦北,2023-04-27,9237
3494,誠研,10,0,10,凱基-敦北,2023-04-27,9237
6016,康和證,10,0,10,凱基-敦北,2023-04-27,9237
6485,點序,10,0,10,凱基-敦北,2023-04-27,9237
00794B,群益7+中國政金債,9,0,9,凱基-敦北,2023-04-27,9237
1711,永光,15,6,9,凱基-敦北,2023-04-27,9237
2358,廷鑫,8,0,8,凱基-敦北,2023-04-27,9237
00712,復華富時不動產,7,0,7,凱基-敦北,2023-04-27,9237
2352,佳世達,7,0,7,凱基-敦北,2023-04-27,9237
3481,群創,24,17,7,凱基-敦北,2023-04-27,9237
1710,東聯,15,8,7,凱基-敦北,2023-04-27,9237
0050,元大台灣50,6,0,6,凱基-敦北,2023-04-27,9237
1527,鑽全,6,0,6,凱基-敦北,2023-04-27,9237
1605,華新,6,0,6,凱基-敦北,2023-04-27,9237
00642U,期元大S＆P石油,6,0,6,凱基-敦北,2023-04-27,9237
2545,皇翔,6,0,6,凱基-敦北,2023-04-27,9237
2610,華航,11,5,6,凱基-敦北,2023-04-27,9237
5351,鈺創,10,4,6,凱基-敦北,2023-04-27,9237
2002,中鋼,6,1,5,凱基-敦北,2023-04-27,9237
6446,藥華藥,5,0,5,凱基-敦北,2023-04-27,9237
00924,復華S＆P500成長,5,0,5,凱基-敦北,2023-04-27,9237
1802,台玻,5,0,5,凱基-敦北,2023-04-27,9237
2062,橋椿,5,0,5,凱基-敦北,2023-04-27,9237
2534,宏盛,5,0,5,凱基-敦北,2023-04-27,9237
2849,安泰銀,5,0,5,凱基-敦北,2023-04-27,9237
2851,中再保,5,0,5,凱基-敦北,2023-04-27,9237
3209,全科,5,0,5,凱基-敦北,2023-04-27,9237
4572,駐龍,5,0,5,凱基-敦北,2023-04-27,9237
6153,嘉聯益,5,0,5,凱基-敦北,2023-04-27,9237
9904,寶成,5,0,5,凱基-敦北,2023-04-27,9237
2614,東森,4,0,4,凱基-敦北,2023-04-27,9237
3605,宏致,4,0,4,凱基-敦北,2023-04-27,9237
4908,前鼎,4,0,4,凱基-敦北,2023-04-27,9237
8996,高力,6,2,4,凱基-敦北,2023-04-27,9237
2330,台積電,6,2,4,凱基-敦北,2023-04-27,9237
1444,力麗,3,0,3,凱基-敦北,2023-04-27,9237
1310,台苯,3,0,3,凱基-敦北,2023-04-27,9237
1104,環泥,3,0,3,凱基-敦北,2023-04-27,9237
00679B,元大美債20年,3,0,3,凱基-敦北,2023-04-27,9237
1702,南僑,3,0,3,凱基-敦北,2023-04-27,9237
00632R,元大台灣50反1,130,0,130,凱基-敦北,2023-04-28,9237
8011,台通,61,0,61,凱基-敦北,2023-04-28,9237
2888,新光金,50,1,49,凱基-敦北,2023-04-28,9237
6282,康舒,92,56,36,凱基-敦北,2023-04-28,9237
6235,華孚,25,0,25,凱基-敦北,2023-04-28,9237
5340,建榮,24,2,22,凱基-敦北,2023-04-28,9237
1503,士電,20,1,19,凱基-敦北,2023-04-28,9237
00878,國泰永續高股息,22,7,15,凱基-敦北,2023-04-28,9237
2409,友達,17,2,15,凱基-敦北,2023-04-28,9237
5284,jpp-KY,16,1,15,凱基-敦北,2023-04-28,9237
3481,群創,65,51,14,凱基-敦北,2023-04-28,9237
2313,華通,12,0,12,凱基-敦北,2023-04-28,9237
1326,台化,10,0,10,凱基-敦北,2023-04-28,9237
00671R,富邦NASDAQ反1,10,0,10,凱基-敦北,2023-04-28,9237
2548,華固,10,0,10,凱基-敦北,2023-04-28,9237
3596,智易,10,0,10,凱基-敦北,2023-04-28,9237
3704,合勤控,10,0,10,凱基-敦北,2023-04-28,9237
6140,訊達,10,0,10,凱基-敦北,2023-04-28,9237
6485,點序,10,0,10,凱基-敦北,2023-04-28,9237
9802,鈺齊-KY,10,0,10,凱基-敦北,2023-04-28,9237
2609,陽明,10,0,10,凱基-敦北,2023-04-28,9237
2303,聯電,9,1,8,凱基-敦北,2023-04-28,9237
6266,泰詠,7,0,7,凱基-敦北,2023-04-28,9237
9958,世紀鋼,7,0,7,凱基-敦北,2023-04-28,9237
2820,華票,6,0,6,凱基-敦北,2023-04-28,9237
6830,汎銓,6,0,6,凱基-敦北,2023-04-28,9237
3264,欣銓,6,0,6,凱基-敦北,2023-04-28,9237
00720B,元大投資級公司債,5,0,5,凱基-敦北,2023-04-28,9237
3033,威健,5,0,5,凱基-敦北,2023-04-28,9237
3706,神達,5,0,5,凱基-敦北,2023-04-28,9237
6179,亞通,5,0,5,凱基-敦北,2023-04-28,9237
6461,益得,5,0,5,凱基-敦北,2023-04-28,9237
6568,宏觀,5,0,5,凱基-敦北,2023-04-28,9237
8182,加高,5,0,5,凱基-敦北,2023-04-28,9237
2368,金像電,5,1,4,凱基-敦北,2023-04-28,9237
1717,長興,4,0,4,凱基-敦北,2023-04-28,9237
2504,國產,4,0,4,凱基-敦北,2023-04-28,9237
4961,天鈺,24,20,4,凱基-敦北,2023-04-28,9237
1504,東元,4,0,4,凱基-敦北,2023-04-28,9237
2330,台積電,3,0,3,凱基-敦北,2023-04-28,9237
1313,聯成,3,0,3,凱基-敦北,2023-04-28,9237
2464,盟立,3,0,3,凱基-敦北,2023-04-28,9237
4911,德英,3,0,3,凱基-敦北,2023-04-28,9237
5347,世界,3,0,3,凱基-敦北,2023-04-28,9237
6147,頎邦,3,0,3,凱基-敦北,2023-04-28,9237
6446,藥華藥,3,0,3,凱基-敦北,2023-04-28,9237
8426,紅木-KY,3,0,3,凱基-敦北,2023-04-28,9237
9945,潤泰新,3,0,3,凱基-敦北,2023-04-28,9237
2462,良得電,3,0,3,凱基-敦北,2023-04-28,9237
5009,榮剛,7,5,2,凱基-敦北,2023-04-28,9237
3033,威健,105,0,105,凱基-敦北,2023-05-02,9237
00665L,富邦�琤肭磪囓�2,100,0,100,凱基-敦北,2023-05-02,9237
9942,茂順,55,0,55,凱基-敦北,2023-05-02,9237
3032,偉訓,50,0,50,凱基-敦北,2023-05-02,9237
4566,時碩工業,25,0,25,凱基-敦北,2023-05-02,9237
00715L,期街口布蘭特正2,20,0,20,凱基-敦北,2023-05-02,9237
2883B,凱基金乙特,20,0,20,凱基-敦北,2023-05-02,9237
3363,上詮,22,2,20,凱基-敦北,2023-05-02,9237
4541,晟田,19,3,16,凱基-敦北,2023-05-02,9237
2634,漢翔,16,1,15,凱基-敦北,2023-05-02,9237
6829,千附精密,15,0,15,凱基-敦北,2023-05-02,9237
2031,新光鋼,17,3,14,凱基-敦北,2023-05-02,9237
1802,台玻,13,0,13,凱基-敦北,2023-05-02,9237
4123,晟德,13,0,13,凱基-敦北,2023-05-02,9237
8050,廣積,12,0,12,凱基-敦北,2023-05-02,9237
8222,寶一,15,4,11,凱基-敦北,2023-05-02,9237
00772B,中信高評級公司債,10,0,10,凱基-敦北,2023-05-02,9237
00902,中信電池及儲能,10,0,10,凱基-敦北,2023-05-02,9237
00891,中信關鍵半導體,10,0,10,凱基-敦北,2023-05-02,9237
2515,中工,10,0,10,凱基-敦北,2023-05-02,9237
3545,敦泰,10,0,10,凱基-敦北,2023-05-02,9237
6143,振曜,10,0,10,凱基-敦北,2023-05-02,9237
6605,帝寶,8,0,8,凱基-敦北,2023-05-02,9237
2609,陽明,7,0,7,凱基-敦北,2023-05-02,9237
00720B,元大投資級公司債,7,0,7,凱基-敦北,2023-05-02,9237
00679B,元大美債20年,7,0,7,凱基-敦北,2023-05-02,9237
6446,藥華藥,7,0,7,凱基-敦北,2023-05-02,9237
2603,長榮,8,1,7,凱基-敦北,2023-05-02,9237
4306,炎洲,6,0,6,凱基-敦北,2023-05-02,9237
6751,智聯服務,6,0,6,凱基-敦北,2023-05-02,9237
1907,永豐餘,5,0,5,凱基-敦北,2023-05-02,9237
2352,佳世達,11,6,5,凱基-敦北,2023-05-02,9237
2545,皇翔,5,0,5,凱基-敦北,2023-05-02,9237
3209,全科,5,0,5,凱基-敦北,2023-05-02,9237
6231,系微,8,3,5,凱基-敦北,2023-05-02,9237
6568,宏觀,5,0,5,凱基-敦北,2023-05-02,9237
6591,動力-KY,5,0,5,凱基-敦北,2023-05-02,9237
8433,弘帆,5,0,5,凱基-敦北,2023-05-02,9237
00878,國泰永續高股息,4,0,4,凱基-敦北,2023-05-02,9237
2002,中鋼,4,0,4,凱基-敦北,2023-05-02,9237
2356,英業達,4,0,4,凱基-敦北,2023-05-02,9237
6101,寬魚國際,4,0,4,凱基-敦北,2023-05-02,9237
8097,常珵,4,0,4,凱基-敦北,2023-05-02,9237
1905,華紙,11,8,3,凱基-敦北,2023-05-02,9237
2337,旺宏,4,1,3,凱基-敦北,2023-05-02,9237
2880,華南金,3,0,3,凱基-敦北,2023-05-02,9237
3711,日月光投控,3,0,3,凱基-敦北,2023-05-02,9237
4510,高鋒,3,0,3,凱基-敦北,2023-05-02,9237
4919,新唐,3,0,3,凱基-敦北,2023-05-02,9237
6190,萬泰科,3,0,3,凱基-敦北,2023-05-02,9237
00665L,富邦�琤肭磪囓�2,402,0,402,凱基-敦北,2023-05-03,9237
6282,康舒,124,1,123,凱基-敦北,2023-05-03,9237
6235,華孚,59,0,59,凱基-敦北,2023-05-03,9237
1514,亞力,38,3,35,凱基-敦北,2023-05-03,9237
2603,長榮,30,3,27,凱基-敦北,2023-05-03,9237
00878,國泰永續高股息,41,21,20,凱基-敦北,2023-05-03,9237
2344,華邦電,20,0,20,凱基-敦北,2023-05-03,9237
2368,金像電,20,0,20,凱基-敦北,2023-05-03,9237
3033,威健,20,2,18,凱基-敦北,2023-05-03,9237
3056,富華新,18,0,18,凱基-敦北,2023-05-03,9237
1905,華紙,37,22,15,凱基-敦北,2023-05-03,9237
00637L,元大滬深300正2,12,0,12,凱基-敦北,2023-05-03,9237
00902,中信電池及儲能,10,0,10,凱基-敦北,2023-05-03,9237
1907,永豐餘,10,0,10,凱基-敦北,2023-05-03,9237
2883B,凱基金乙特,10,0,10,凱基-敦北,2023-05-03,9237
3015,全漢,10,0,10,凱基-敦北,2023-05-03,9237
6672,騰輝電子-KY,15,5,10,凱基-敦北,2023-05-03,9237
2313,華通,9,0,9,凱基-敦北,2023-05-03,9237
4123,晟德,9,0,9,凱基-敦北,2023-05-03,9237
8050,廣積,9,0,9,凱基-敦北,2023-05-03,9237
00915,凱基優選高股息30,8,0,8,凱基-敦北,2023-05-03,9237
00712,復華富時不動產,8,0,8,凱基-敦北,2023-05-03,9237
00642U,期元大S＆P石油,7,0,7,凱基-敦北,2023-05-03,9237
2201,裕隆,7,0,7,凱基-敦北,2023-05-03,9237
00893,國泰智能電動車,6,0,6,凱基-敦北,2023-05-03,9237
3231,緯創,7,1,6,凱基-敦北,2023-05-03,9237
4938,和碩,6,0,6,凱基-敦北,2023-05-03,9237
1584,精剛,5,0,5,凱基-敦北,2023-05-03,9237
2457,飛宏,6,1,5,凱基-敦北,2023-05-03,9237
2482,連宇,6,1,5,凱基-敦北,2023-05-03,9237
3060,銘異,5,0,5,凱基-敦北,2023-05-03,9237
4581,光隆精密-KY,5,0,5,凱基-敦北,2023-05-03,9237
6133,金橋,5,0,5,凱基-敦北,2023-05-03,9237
6568,宏觀,5,0,5,凱基-敦北,2023-05-03,9237
1727,中華化,4,0,4,凱基-敦北,2023-05-03,9237
1611,中電,5,1,4,凱基-敦北,2023-05-03,9237
3078,僑威,4,0,4,凱基-敦北,2023-05-03,9237
5351,鈺創,4,0,4,凱基-敦北,2023-05-03,9237
2881,富邦金,4,1,3,凱基-敦北,2023-05-03,9237
1519,華城,3,0,3,凱基-敦北,2023-05-03,9237
00772B,中信高評級公司債,3,0,3,凱基-敦北,2023-05-03,9237
00753L,中信中國50正2,3,0,3,凱基-敦北,2023-05-03,9237
2031,新光鋼,3,0,3,凱基-敦北,2023-05-03,9237
3481,群創,14,11,3,凱基-敦北,2023-05-03,9237
5328,華容,3,0,3,凱基-敦北,2023-05-03,9237
5425,台半,3,0,3,凱基-敦北,2023-05-03,9237
6203,海韻電,3,0,3,凱基-敦北,2023-05-03,9237
6829,千附精密,25,22,3,凱基-敦北,2023-05-03,9237
8088,品安,3,0,3,凱基-敦北,2023-05-03,9237
4968,立積,48,46,2,凱基-敦北,2023-05-03,9237
3033,威健,82,0,82,凱基-敦北,2023-05-04,9237
1718,中纖,40,0,40,凱基-敦北,2023-05-04,9237
1215,卜蜂,30,0,30,凱基-敦北,2023-05-04,9237
4916,事欣科,30,0,30,凱基-敦北,2023-05-04,9237
4967,十銓,85,60,25,凱基-敦北,2023-05-04,9237
6235,華孚,23,0,23,凱基-敦北,2023-05-04,9237
6104,創惟,22,3,19,凱基-敦北,2023-05-04,9237
6830,汎銓,18,0,18,凱基-敦北,2023-05-04,9237
00642U,期元大S＆P石油,17,0,17,凱基-敦北,2023-05-04,9237
2201,裕隆,16,1,15,凱基-敦北,2023-05-04,9237
2105,正新,19,5,14,凱基-敦北,2023-05-04,9237
1101,台泥,13,0,13,凱基-敦北,2023-05-04,9237
1802,台玻,15,2,13,凱基-敦北,2023-05-04,9237
4510,高鋒,13,0,13,凱基-敦北,2023-05-04,9237
00902,中信電池及儲能,10,0,10,凱基-敦北,2023-05-04,9237
2634,漢翔,12,2,10,凱基-敦北,2023-05-04,9237
3032,偉訓,25,15,10,凱基-敦北,2023-05-04,9237
6806,森崴能源,14,5,9,凱基-敦北,2023-05-04,9237
3037,欣興,11,3,8,凱基-敦北,2023-05-04,9237
3363,上詮,17,9,8,凱基-敦北,2023-05-04,9237
3673,TPK-KY,10,2,8,凱基-敦北,2023-05-04,9237
6285,啟��,10,2,8,凱基-敦北,2023-05-04,9237
6829,千附精密,14,6,8,凱基-敦北,2023-05-04,9237
6179,亞通,7,0,7,凱基-敦北,2023-05-04,9237
1904,正隆,11,5,6,凱基-敦北,2023-05-04,9237
2618,長榮航,6,0,6,凱基-敦北,2023-05-04,9237
3354,律勝,6,0,6,凱基-敦北,2023-05-04,9237
8072,陞泰,6,0,6,凱基-敦北,2023-05-04,9237
9958,世紀鋼,10,4,6,凱基-敦北,2023-05-04,9237
2317,鴻海,6,0,6,凱基-敦北,2023-05-04,9237
2002,中鋼,7,1,6,凱基-敦北,2023-05-04,9237
2603,長榮,6,1,5,凱基-敦北,2023-05-04,9237
00720B,元大投資級公司債,5,0,5,凱基-敦北,2023-05-04,9237
00713,元大台灣高息低波,5,0,5,凱基-敦北,2023-05-04,9237
1752,南光,5,0,5,凱基-敦北,2023-05-04,9237
2356,英業達,5,0,5,凱基-敦北,2023-05-04,9237
2617,台航,5,0,5,凱基-敦北,2023-05-04,9237
2867,三商壽,5,0,5,凱基-敦北,2023-05-04,9237
6591,動力-KY,5,0,5,凱基-敦北,2023-05-04,9237
00878,國泰永續高股息,4,0,4,凱基-敦北,2023-05-04,9237
3481,群創,17,13,4,凱基-敦北,2023-05-04,9237
2301,光寶科,4,1,3,凱基-敦北,2023-05-04,9237
2303,聯電,3,0,3,凱基-敦北,2023-05-04,9237
2338,光罩,4,1,3,凱基-敦北,2023-05-04,9237
2368,金像電,3,0,3,凱基-敦北,2023-05-04,9237
2383,台光電,3,0,3,凱基-敦北,2023-05-04,9237
2489,瑞軒,3,0,3,凱基-敦北,2023-05-04,9237
2515,中工,4,1,3,凱基-敦北,2023-05-04,9237
2538,基泰,3,0,3,凱基-敦北,2023-05-04,9237
2614,東森,5,2,3,凱基-敦北,2023-05-04,9237
6191,精成科,406,0,406,凱基-敦北,2023-05-05,9237
4510,高鋒,51,0,51,凱基-敦北,2023-05-05,9237
5309,系統電,46,0,46,凱基-敦北,2023-05-05,9237
2331,精英,40,0,40,凱基-敦北,2023-05-05,9237
2002,中鋼,28,0,28,凱基-敦北,2023-05-05,9237
3056,富華新,25,0,25,凱基-敦北,2023-05-05,9237
8936,國統,24,1,23,凱基-敦北,2023-05-05,9237
00751B,元大AAA至A公司債,21,0,21,凱基-敦北,2023-05-05,9237
4123,晟德,20,0,20,凱基-敦北,2023-05-05,9237
8403,盛弘,20,2,18,凱基-敦北,2023-05-05,9237
00712,復華富時不動產,16,0,16,凱基-敦北,2023-05-05,9237
2358,廷鑫,19,4,15,凱基-敦北,2023-05-05,9237
6548,長科*,15,0,15,凱基-敦北,2023-05-05,9237
9907,統一實,15,0,15,凱基-敦北,2023-05-05,9237
00720B,元大投資級公司債,15,3,12,凱基-敦北,2023-05-05,9237
00772B,中信高評級公司債,14,2,12,凱基-敦北,2023-05-05,9237
2303,聯電,11,0,11,凱基-敦北,2023-05-05,9237
5009,榮剛,11,0,11,凱基-敦北,2023-05-05,9237
00878,國泰永續高股息,13,2,11,凱基-敦北,2023-05-05,9237
00773B,中信優先金融債,10,0,10,凱基-敦北,2023-05-05,9237
2027,大成鋼,10,0,10,凱基-敦北,2023-05-05,9237
2101,南港,10,0,10,凱基-敦北,2023-05-05,9237
2440,太空梭,10,0,10,凱基-敦北,2023-05-05,9237
3228,金麗科,10,0,10,凱基-敦北,2023-05-05,9237
6160,欣技,10,0,10,凱基-敦北,2023-05-05,9237
6767,台微醫,10,0,10,凱基-敦北,2023-05-05,9237
8926,台汽電,10,0,10,凱基-敦北,2023-05-05,9237
3051,力特,10,0,10,凱基-敦北,2023-05-05,9237
3231,緯創,11,3,8,凱基-敦北,2023-05-05,9237
4114,健喬,19,11,8,凱基-敦北,2023-05-05,9237
1609,大亞,267,260,7,凱基-敦北,2023-05-05,9237
3673,TPK-KY,7,0,7,凱基-敦北,2023-05-05,9237
5356,協益,8,1,7,凱基-敦北,2023-05-05,9237
5434,崇越,7,0,7,凱基-敦北,2023-05-05,9237
6806,森崴能源,22,15,7,凱基-敦北,2023-05-05,9237
8182,加高,6,0,6,凱基-敦北,2023-05-05,9237
2457,飛宏,5,0,5,凱基-敦北,2023-05-05,9237
2606,裕民,5,0,5,凱基-敦北,2023-05-05,9237
2867,三商壽,5,0,5,凱基-敦北,2023-05-05,9237
3494,誠研,5,0,5,凱基-敦北,2023-05-05,9237
3570,大塚,5,0,5,凱基-敦北,2023-05-05,9237
5284,jpp-KY,5,0,5,凱基-敦北,2023-05-05,9237
5340,建榮,5,0,5,凱基-敦北,2023-05-05,9237
6235,華孚,5,0,5,凱基-敦北,2023-05-05,9237
6461,益得,5,0,5,凱基-敦北,2023-05-05,9237
8215,明基材,5,0,5,凱基-敦北,2023-05-05,9237
8426,紅木-KY,5,0,5,凱基-敦北,2023-05-05,9237
00646,元大S＆P500,4,0,4,凱基-敦北,2023-05-05,9237
2504,國產,5,1,4,凱基-敦北,2023-05-05,9237
2634,漢翔,10,6,4,凱基-敦北,2023-05-05,9237
1609,大亞,80,4,76,凱基-敦北,2023-05-08,9237
00772B,中信高評級公司債,56,6,50,凱基-敦北,2023-05-08,9237
1503,士電,82,36,46,凱基-敦北,2023-05-08,9237
00878,國泰永續高股息,48,7,41,凱基-敦北,2023-05-08,9237
2368,金像電,36,4,32,凱基-敦北,2023-05-08,9237
3005,神基,32,0,32,凱基-敦北,2023-05-08,9237
6163,華電網,30,1,29,凱基-敦北,2023-05-08,9237
3703,欣陸,27,0,27,凱基-敦北,2023-05-08,9237
00882,中信中國高股息,20,0,20,凱基-敦北,2023-05-08,9237
8403,盛弘,20,0,20,凱基-敦北,2023-05-08,9237
2883,凱基金,38,18,20,凱基-敦北,2023-05-08,9237
00720B,元大投資級公司債,21,2,19,凱基-敦北,2023-05-08,9237
00715L,期街口布蘭特正2,20,2,18,凱基-敦北,2023-05-08,9237
2342,茂矽,15,0,15,凱基-敦北,2023-05-08,9237
2888,新光金,13,0,13,凱基-敦北,2023-05-08,9237
8936,國統,12,1,11,凱基-敦北,2023-05-08,9237
00773B,中信優先金融債,11,0,11,凱基-敦北,2023-05-08,9237
6125,廣運,11,0,11,凱基-敦北,2023-05-08,9237
00671R,富邦NASDAQ反1,10,0,10,凱基-敦北,2023-05-08,9237
2027,大成鋼,10,0,10,凱基-敦北,2023-05-08,9237
5284,jpp-KY,10,1,9,凱基-敦北,2023-05-08,9237
6446,藥華藥,9,0,9,凱基-敦北,2023-05-08,9237
6127,九豪,9,1,8,凱基-敦北,2023-05-08,9237
2421,建準,10,3,7,凱基-敦北,2023-05-08,9237
4744,皇將,7,0,7,凱基-敦北,2023-05-08,9237
6234,高僑,10,3,7,凱基-敦北,2023-05-08,9237
1605,華新,7,1,6,凱基-敦北,2023-05-08,9237
3715,定穎投控,8,2,6,凱基-敦北,2023-05-08,9237
8932,智通*,6,0,6,凱基-敦北,2023-05-08,9237
8299,群聯,6,0,6,凱基-敦北,2023-05-08,9237
1717,長興,5,0,5,凱基-敦北,2023-05-08,9237
2887,台新金,5,0,5,凱基-敦北,2023-05-08,9237
3346,麗清,5,0,5,凱基-敦北,2023-05-08,9237
3711,日月光投控,5,0,5,凱基-敦北,2023-05-08,9237
6548,長科*,5,0,5,凱基-敦北,2023-05-08,9237
8155,博智,5,0,5,凱基-敦北,2023-05-08,9237
9958,世紀鋼,4,0,4,凱基-敦北,2023-05-08,9237
00725B,國泰投資級公司債,4,0,4,凱基-敦北,2023-05-08,9237
1795,美時,4,0,4,凱基-敦北,2023-05-08,9237
2748,雲品,4,0,4,凱基-敦北,2023-05-08,9237
6830,汎銓,4,0,4,凱基-敦北,2023-05-08,9237
1210,大成,7,4,3,凱基-敦北,2023-05-08,9237
00631L,元大台灣50正2,3,0,3,凱基-敦北,2023-05-08,9237
00708L,期元大S＆P黃金正2,3,0,3,凱基-敦北,2023-05-08,9237
1591,駿吉-KY,3,0,3,凱基-敦北,2023-05-08,9237
2031,新光鋼,3,0,3,凱基-敦北,2023-05-08,9237
2344,華邦電,3,0,3,凱基-敦北,2023-05-08,9237
2457,飛宏,3,0,3,凱基-敦北,2023-05-08,9237
2851,中再保,8,5,3,凱基-敦北,2023-05-08,9237
3058,立德,3,0,3,凱基-敦北,2023-05-08,9237
6282,康舒,100,0,100,凱基-敦北,2023-05-09,9237
4720,德淵,41,0,41,凱基-敦北,2023-05-09,9237
8076,伍豐,40,0,40,凱基-敦北,2023-05-09,9237
1605,華新,34,1,33,凱基-敦北,2023-05-09,9237
6806,森崴能源,32,4,28,凱基-敦北,2023-05-09,9237
5483,中美晶,26,5,21,凱基-敦北,2023-05-09,9237
6104,創惟,36,15,21,凱基-敦北,2023-05-09,9237
6235,華孚,20,0,20,凱基-敦北,2023-05-09,9237
3051,力特,30,12,18,凱基-敦北,2023-05-09,9237
8926,台汽電,20,3,17,凱基-敦北,2023-05-09,9237
2376,技嘉,54,41,13,凱基-敦北,2023-05-09,9237
2027,大成鋼,11,0,11,凱基-敦北,2023-05-09,9237
2344,華邦電,11,0,11,凱基-敦北,2023-05-09,9237
2887,台新金,10,0,10,凱基-敦北,2023-05-09,9237
1219,福壽,10,0,10,凱基-敦北,2023-05-09,9237
00632R,元大台灣50反1,10,0,10,凱基-敦北,2023-05-09,9237
2101,南港,10,0,10,凱基-敦北,2023-05-09,9237
2851,中再保,10,0,10,凱基-敦北,2023-05-09,9237
4977,眾達-KY,10,0,10,凱基-敦北,2023-05-09,9237
6182,合晶,10,0,10,凱基-敦北,2023-05-09,9237
3703,欣陸,8,0,8,凱基-敦北,2023-05-09,9237
00878,國泰永續高股息,9,1,8,凱基-敦北,2023-05-09,9237
4744,皇將,9,1,8,凱基-敦北,2023-05-09,9237
6244,茂迪,12,5,7,凱基-敦北,2023-05-09,9237
3494,誠研,7,0,7,凱基-敦北,2023-05-09,9237
00687B,國泰20年美債,6,0,6,凱基-敦北,2023-05-09,9237
1314,中石化,5,0,5,凱基-敦北,2023-05-09,9237
00671R,富邦NASDAQ反1,5,0,5,凱基-敦北,2023-05-09,9237
00902,中信電池及儲能,5,0,5,凱基-敦北,2023-05-09,9237
00900,富邦特選高股息30,5,0,5,凱基-敦北,2023-05-09,9237
2401,凌陽,5,0,5,凱基-敦北,2023-05-09,9237
00881,國泰台灣5G+,4,0,4,凱基-敦北,2023-05-09,9237
2014,中鴻,4,0,4,凱基-敦北,2023-05-09,9237
2634,漢翔,4,0,4,凱基-敦北,2023-05-09,9237
2748,雲品,4,0,4,凱基-敦北,2023-05-09,9237
3062,建漢,4,0,4,凱基-敦北,2023-05-09,9237
3537,堡達,4,0,4,凱基-敦北,2023-05-09,9237
4503,金雨,10,6,4,凱基-敦北,2023-05-09,9237
4979,華星光,4,0,4,凱基-敦北,2023-05-09,9237
5351,鈺創,4,0,4,凱基-敦北,2023-05-09,9237
6589,台康生技,6,2,4,凱基-敦北,2023-05-09,9237
6789,采鈺,4,0,4,凱基-敦北,2023-05-09,9237
1101,台泥,4,0,4,凱基-敦北,2023-05-09,9237
3029,零壹,6,2,4,凱基-敦北,2023-05-09,9237
2603,長榮,3,0,3,凱基-敦北,2023-05-09,9237
3058,立德,4,1,3,凱基-敦北,2023-05-09,9237
00631L,元大台灣50正2,3,0,3,凱基-敦北,2023-05-09,9237
00725B,國泰投資級公司債,3,0,3,凱基-敦北,2023-05-09,9237
1584,精剛,3,0,3,凱基-敦北,2023-05-09,9237
1795,美時,3,0,3,凱基-敦北,2023-05-09,9237
00665L,富邦�琤肭磪囓�2,301,0,301,凱基-敦北,2023-05-10,9237
2409,友達,212,2,210,凱基-敦北,2023-05-10,9237
3209,全科,45,0,45,凱基-敦北,2023-05-10,9237
00637L,元大滬深300正2,33,0,33,凱基-敦北,2023-05-10,9237
4977,眾達-KY,31,1,30,凱基-敦北,2023-05-10,9237
6235,華孚,24,0,24,凱基-敦北,2023-05-10,9237
2324,仁寶,26,3,23,凱基-敦北,2023-05-10,9237
5258,虹堡,20,0,20,凱基-敦北,2023-05-10,9237
8112,至上,19,1,18,凱基-敦北,2023-05-10,9237
3058,立德,20,3,17,凱基-敦北,2023-05-10,9237
4916,事欣科,15,0,15,凱基-敦北,2023-05-10,9237
1802,台玻,10,0,10,凱基-敦北,2023-05-10,9237
3013,晟銘電,10,0,10,凱基-敦北,2023-05-10,9237
3419,譁裕,10,0,10,凱基-敦北,2023-05-10,9237
1609,大亞,278,269,9,凱基-敦北,2023-05-10,9237
4720,德淵,9,0,9,凱基-敦北,2023-05-10,9237
2498,宏達電,8,0,8,凱基-敦北,2023-05-10,9237
00687B,國泰20年美債,7,0,7,凱基-敦北,2023-05-10,9237
6274,台燿,6,0,6,凱基-敦北,2023-05-10,9237
1727,中華化,6,1,5,凱基-敦北,2023-05-10,9237
1101,台泥,5,0,5,凱基-敦北,2023-05-10,9237
00902,中信電池及儲能,5,0,5,凱基-敦北,2023-05-10,9237
2489,瑞軒,5,0,5,凱基-敦北,2023-05-10,9237
2605,新興,6,1,5,凱基-敦北,2023-05-10,9237
3062,建漢,5,0,5,凱基-敦北,2023-05-10,9237
4967,十銓,5,0,5,凱基-敦北,2023-05-10,9237
6282,康舒,5,0,5,凱基-敦北,2023-05-10,9237
6245,立端,4,0,4,凱基-敦北,2023-05-10,9237
00830,國泰費城半導體,4,0,4,凱基-敦北,2023-05-10,9237
1218,泰山,6,2,4,凱基-敦北,2023-05-10,9237
1314,中石化,4,0,4,凱基-敦北,2023-05-10,9237
2338,光罩,4,0,4,凱基-敦北,2023-05-10,9237
2360,致茂,4,0,4,凱基-敦北,2023-05-10,9237
2888,新光金,4,0,4,凱基-敦北,2023-05-10,9237
4142,國光生,4,0,4,凱基-敦北,2023-05-10,9237
5533,皇鼎,4,0,4,凱基-敦北,2023-05-10,9237
2376,技嘉,41,37,4,凱基-敦北,2023-05-10,9237
2303,聯電,3,0,3,凱基-敦北,2023-05-10,9237
00631L,元大台灣50正2,3,0,3,凱基-敦北,2023-05-10,9237
1503,士電,36,33,3,凱基-敦北,2023-05-10,9237
1785,光洋科,3,0,3,凱基-敦北,2023-05-10,9237
2356,英業達,3,0,3,凱基-敦北,2023-05-10,9237
2382,廣達,3,0,3,凱基-敦北,2023-05-10,9237
2615,萬海,4,1,3,凱基-敦北,2023-05-10,9237
3363,上詮,3,0,3,凱基-敦北,2023-05-10,9237
3518,柏騰,3,0,3,凱基-敦北,2023-05-10,9237
3673,TPK-KY,3,0,3,凱基-敦北,2023-05-10,9237
5328,華容,3,0,3,凱基-敦北,2023-05-10,9237
5536,聖暉*,3,0,3,凱基-敦北,2023-05-10,9237
5607,遠雄港,3,0,3,凱基-敦北,2023-05-10,9237
2409,友達,301,0,301,凱基-敦北,2023-05-11,9237
6104,創惟,61,3,58,凱基-敦北,2023-05-11,9237
6282,康舒,41,9,32,凱基-敦北,2023-05-11,9237
2211,長榮鋼,28,0,28,凱基-敦北,2023-05-11,9237
3056,富華新,27,0,27,凱基-敦北,2023-05-11,9237
3481,群創,32,6,26,凱基-敦北,2023-05-11,9237
2106,建大,20,0,20,凱基-敦北,2023-05-11,9237
3354,律勝,20,0,20,凱基-敦北,2023-05-11,9237
6285,啟��,18,0,18,凱基-敦北,2023-05-11,9237
00720B,元大投資級公司債,14,0,14,凱基-敦北,2023-05-11,9237
2634,漢翔,14,1,13,凱基-敦北,2023-05-11,9237
5284,jpp-KY,14,1,13,凱基-敦北,2023-05-11,9237
2515,中工,12,0,12,凱基-敦北,2023-05-11,9237
1314,中石化,11,0,11,凱基-敦北,2023-05-11,9237
2201,裕隆,12,1,11,凱基-敦北,2023-05-11,9237
2406,國碩,10,0,10,凱基-敦北,2023-05-11,9237
2104,國際中橡,10,0,10,凱基-敦北,2023-05-11,9237
00671R,富邦NASDAQ反1,10,0,10,凱基-敦北,2023-05-11,9237
1326,台化,10,0,10,凱基-敦北,2023-05-11,9237
2101,南港,10,0,10,凱基-敦北,2023-05-11,9237
2867,三商壽,10,0,10,凱基-敦北,2023-05-11,9237
2897,王道銀行,10,0,10,凱基-敦北,2023-05-11,9237
3209,全科,10,0,10,凱基-敦北,2023-05-11,9237
8028,昇陽半導體,10,0,10,凱基-敦北,2023-05-11,9237
1519,華城,11,2,9,凱基-敦北,2023-05-11,9237
4503,金雨,9,0,9,凱基-敦北,2023-05-11,9237
6274,台燿,9,0,9,凱基-敦北,2023-05-11,9237
2884,玉山金,10,2,8,凱基-敦北,2023-05-11,9237
1802,台玻,7,0,7,凱基-敦北,2023-05-11,9237
4510,高鋒,7,0,7,凱基-敦北,2023-05-11,9237
4744,皇將,10,3,7,凱基-敦北,2023-05-11,9237
1905,華紙,7,0,7,凱基-敦北,2023-05-11,9237
1101,台泥,6,0,6,凱基-敦北,2023-05-11,9237
4720,德淵,6,0,6,凱基-敦北,2023-05-11,9237
4979,華星光,8,2,6,凱基-敦北,2023-05-11,9237
8024,佑華,6,0,6,凱基-敦北,2023-05-11,9237
9802,鈺齊-KY,6,0,6,凱基-敦北,2023-05-11,9237
1609,大亞,12,6,6,凱基-敦北,2023-05-11,9237
2603,長榮,5,0,5,凱基-敦北,2023-05-11,9237
00653L,富邦印度正2,5,0,5,凱基-敦北,2023-05-11,9237
00751B,元大AAA至A公司債,5,0,5,凱基-敦北,2023-05-11,9237
2027,大成鋼,6,1,5,凱基-敦北,2023-05-11,9237
2645,長榮航太,5,0,5,凱基-敦北,2023-05-11,9237
9907,統一實,5,0,5,凱基-敦北,2023-05-11,9237
1815,富喬,4,0,4,凱基-敦北,2023-05-11,9237
2610,華航,4,0,4,凱基-敦北,2023-05-11,9237
3362,先進光,4,0,4,凱基-敦北,2023-05-11,9237
5490,同亨,4,0,4,凱基-敦北,2023-05-11,9237
6179,亞通,4,0,4,凱基-敦北,2023-05-11,9237
2609,陽明,4,0,4,凱基-敦北,2023-05-11,9237
00751B,元大AAA至A公司債,47,1,46,凱基-敦北,2023-05-12,9237
3071,協禧,45,0,45,凱基-敦北,2023-05-12,9237
2882,國泰金,42,0,42,凱基-敦北,2023-05-12,9237
00720B,元大投資級公司債,34,0,34,凱基-敦北,2023-05-12,9237
6112,邁達特,119,99,20,凱基-敦北,2023-05-12,9237
4744,皇將,17,2,15,凱基-敦北,2023-05-12,9237
00637L,元大滬深300正2,15,1,14,凱基-敦北,2023-05-12,9237
2610,華航,15,1,14,凱基-敦北,2023-05-12,9237
4190,佐登-KY,14,0,14,凱基-敦北,2023-05-12,9237
3058,立德,15,2,13,凱基-敦北,2023-05-12,9237
4720,德淵,13,0,13,凱基-敦北,2023-05-12,9237
1504,東元,12,1,11,凱基-敦北,2023-05-12,9237
2609,陽明,10,0,10,凱基-敦北,2023-05-12,9237
00890B,凱基ESG BBB債,10,0,10,凱基-敦北,2023-05-12,9237
2368,金像電,10,0,10,凱基-敦北,2023-05-12,9237
3006,晶豪科,11,1,10,凱基-敦北,2023-05-12,9237
4726,永昕,10,0,10,凱基-敦北,2023-05-12,9237
4934,太極,10,0,10,凱基-敦北,2023-05-12,9237
5388,中磊,10,0,10,凱基-敦北,2023-05-12,9237
6235,華孚,30,20,10,凱基-敦北,2023-05-12,9237
5258,虹堡,11,2,9,凱基-敦北,2023-05-12,9237
4121,優盛,8,0,8,凱基-敦北,2023-05-12,9237
00878,國泰永續高股息,7,0,7,凱基-敦北,2023-05-12,9237
1909,榮成,7,0,7,凱基-敦北,2023-05-12,9237
3363,上詮,11,5,6,凱基-敦北,2023-05-12,9237
0056,元大高股息,5,0,5,凱基-敦北,2023-05-12,9237
2885,元大金,5,0,5,凱基-敦北,2023-05-12,9237
1101,台泥,5,0,5,凱基-敦北,2023-05-12,9237
00633L,富邦上証正2,5,0,5,凱基-敦北,2023-05-12,9237
2890,永豐金,5,0,5,凱基-敦北,2023-05-12,9237
00671R,富邦NASDAQ反1,10,6,4,凱基-敦北,2023-05-12,9237
00780B,國泰A級金融債,4,0,4,凱基-敦北,2023-05-12,9237
3005,神基,4,0,4,凱基-敦北,2023-05-12,9237
5227,立凱-KY,7,3,4,凱基-敦北,2023-05-12,9237
8099,大世科,4,0,4,凱基-敦北,2023-05-12,9237
1218,泰山,4,0,4,凱基-敦北,2023-05-12,9237
3037,欣興,4,1,3,凱基-敦北,2023-05-12,9237
6469,大樹,3,0,3,凱基-敦北,2023-05-12,9237
1815,富喬,3,0,3,凱基-敦北,2023-05-12,9237
3046,建��,5,2,3,凱基-敦北,2023-05-12,9237
3673,TPK-KY,3,0,3,凱基-敦北,2023-05-12,9237
4147,中裕,4,1,3,凱基-敦北,2023-05-12,9237
4554,橙的,3,0,3,凱基-敦北,2023-05-12,9237
6179,亞通,3,0,3,凱基-敦北,2023-05-12,9237
2409,友達,3,0,3,凱基-敦北,2023-05-12,9237
2303,聯電,4,2,2,凱基-敦北,2023-05-12,9237
1605,華新,2,0,2,凱基-敦北,2023-05-12,9237
2888,新光金,2,0,2,凱基-敦北,2023-05-12,9237
2881,富邦金,2,0,2,凱基-敦北,2023-05-12,9237
2886,兆豐金,2,0,2,凱基-敦北,2023-05-12,9237
00632R,元大台灣50反1,201,0,201,凱基-敦北,2023-05-15,9237
3048,益登,140,0,140,凱基-敦北,2023-05-15,9237
3363,上詮,175,49,126,凱基-敦北,2023-05-15,9237
2634,漢翔,102,5,97,凱基-敦北,2023-05-15,9237
1905,華紙,52,1,51,凱基-敦北,2023-05-15,9237
00772B,中信高評級公司債,51,15,36,凱基-敦北,2023-05-15,9237
2331,精英,85,50,35,凱基-敦北,2023-05-15,9237
2913,農林,35,0,35,凱基-敦北,2023-05-15,9237
5227,立凱-KY,41,6,35,凱基-敦北,2023-05-15,9237
6104,創惟,61,30,31,凱基-敦北,2023-05-15,9237
00878,國泰永續高股息,61,31,30,凱基-敦北,2023-05-15,9237
6005,群益證,24,0,24,凱基-敦北,2023-05-15,9237
2101,南港,20,0,20,凱基-敦北,2023-05-15,9237
6234,高僑,40,20,20,凱基-敦北,2023-05-15,9237
1519,華城,14,1,13,凱基-敦北,2023-05-15,9237
3481,群創,13,0,13,凱基-敦北,2023-05-15,9237
00882,中信中國高股息,11,0,11,凱基-敦北,2023-05-15,9237
4123,晟德,12,1,11,凱基-敦北,2023-05-15,9237
00674R,期元大S＆P黃金反1,10,0,10,凱基-敦北,2023-05-15,9237
00671R,富邦NASDAQ反1,10,0,10,凱基-敦北,2023-05-15,9237
00751B,元大AAA至A公司債,11,1,10,凱基-敦北,2023-05-15,9237
6122,擎邦,10,0,10,凱基-敦北,2023-05-15,9237
2317,鴻海,9,0,9,凱基-敦北,2023-05-15,9237
2887,台新金,11,2,9,凱基-敦北,2023-05-15,9237
1101,台泥,8,0,8,凱基-敦北,2023-05-15,9237
3014,聯陽,8,0,8,凱基-敦北,2023-05-15,9237
4979,華星光,11,3,8,凱基-敦北,2023-05-15,9237
8050,廣積,8,0,8,凱基-敦北,2023-05-15,9237
2356,英業達,7,0,7,凱基-敦北,2023-05-15,9237
8024,佑華,7,0,7,凱基-敦北,2023-05-15,9237
8403,盛弘,6,0,6,凱基-敦北,2023-05-15,9237
3034,聯詠,6,1,5,凱基-敦北,2023-05-15,9237
3058,立德,5,0,5,凱基-敦北,2023-05-15,9237
00773B,中信優先金融債,5,0,5,凱基-敦北,2023-05-15,9237
1516,川飛,5,0,5,凱基-敦北,2023-05-15,9237
1733,五鼎,5,0,5,凱基-敦北,2023-05-15,9237
1802,台玻,7,2,5,凱基-敦北,2023-05-15,9237
2546,根基,5,0,5,凱基-敦北,2023-05-15,9237
3209,全科,5,0,5,凱基-敦北,2023-05-15,9237
5516,雙喜,5,0,5,凱基-敦北,2023-05-15,9237
2603,長榮,7,3,4,凱基-敦北,2023-05-15,9237
00665L,富邦�琤肭磪囓�2,4,0,4,凱基-敦北,2023-05-15,9237
00642U,期元大S＆P石油,4,0,4,凱基-敦北,2023-05-15,9237
2482,連宇,4,0,4,凱基-敦北,2023-05-15,9237
2618,長榮航,6,2,4,凱基-敦北,2023-05-15,9237
4720,德淵,4,0,4,凱基-敦北,2023-05-15,9237
5351,鈺創,4,0,4,凱基-敦北,2023-05-15,9237
6472,保瑞,4,0,4,凱基-敦北,2023-05-15,9237
1795,美時,3,0,3,凱基-敦北,2023-05-15,9237
2504,國產,3,0,3,凱基-敦北,2023-05-15,9237
2812,台中銀,150,0,150,凱基-敦北,2023-05-16,9237
00687B,國泰20年美債,71,0,71,凱基-敦北,2023-05-16,9237
00679B,元大美債20年,106,36,70,凱基-敦北,2023-05-16,9237
00878,國泰永續高股息,88,25,63,凱基-敦北,2023-05-16,9237
00772B,中信高評級公司債,56,8,48,凱基-敦北,2023-05-16,9237
3363,上詮,179,135,44,凱基-敦北,2023-05-16,9237
2324,仁寶,47,4,43,凱基-敦北,2023-05-16,9237
1503,士電,36,14,22,凱基-敦北,2023-05-16,9237
6234,高僑,20,0,20,凱基-敦北,2023-05-16,9237
2317,鴻海,20,1,19,凱基-敦北,2023-05-16,9237
6806,森崴能源,23,6,17,凱基-敦北,2023-05-16,9237
2204,中華,17,2,15,凱基-敦北,2023-05-16,9237
2356,英業達,15,1,14,凱基-敦北,2023-05-16,9237
00720B,元大投資級公司債,12,2,10,凱基-敦北,2023-05-16,9237
1905,華紙,16,6,10,凱基-敦北,2023-05-16,9237
2887,台新金,10,0,10,凱基-敦北,2023-05-16,9237
4207,環泰,10,0,10,凱基-敦北,2023-05-16,9237
6116,彩晶,10,0,10,凱基-敦北,2023-05-16,9237
6235,華孚,25,15,10,凱基-敦北,2023-05-16,9237
3504,揚明光,10,1,9,凱基-敦北,2023-05-16,9237
00751B,元大AAA至A公司債,14,7,7,凱基-敦北,2023-05-16,9237
00890B,凱基ESG BBB債,7,0,7,凱基-敦北,2023-05-16,9237
2421,建準,7,1,6,凱基-敦北,2023-05-16,9237
2313,華通,8,2,6,凱基-敦北,2023-05-16,9237
00773B,中信優先金融債,5,0,5,凱基-敦北,2023-05-16,9237
0056,元大高股息,5,0,5,凱基-敦北,2023-05-16,9237
00882,中信中國高股息,5,0,5,凱基-敦北,2023-05-16,9237
00907,永豐優息存股,5,0,5,凱基-敦北,2023-05-16,9237
2520,冠德,5,0,5,凱基-敦北,2023-05-16,9237
2617,台航,5,0,5,凱基-敦北,2023-05-16,9237
2867,三商壽,5,0,5,凱基-敦北,2023-05-16,9237
4989,榮科,5,0,5,凱基-敦北,2023-05-16,9237
5284,jpp-KY,5,0,5,凱基-敦北,2023-05-16,9237
6215,和椿,5,0,5,凱基-敦北,2023-05-16,9237
6223,旺矽,5,0,5,凱基-敦北,2023-05-16,9237
6461,益得,5,0,5,凱基-敦北,2023-05-16,9237
8028,昇陽半導體,5,0,5,凱基-敦北,2023-05-16,9237
9933,中鼎,5,0,5,凱基-敦北,2023-05-16,9237
00780B,國泰A級金融債,4,0,4,凱基-敦北,2023-05-16,9237
3202,樺晟,4,0,4,凱基-敦北,2023-05-16,9237
1101,台泥,7,4,3,凱基-敦北,2023-05-16,9237
1529,樂事綠能,3,0,3,凱基-敦北,2023-05-16,9237
1717,長興,3,0,3,凱基-敦北,2023-05-16,9237
1727,中華化,3,0,3,凱基-敦北,2023-05-16,9237
1909,榮成,3,0,3,凱基-敦北,2023-05-16,9237
2420,新巨,3,0,3,凱基-敦北,2023-05-16,9237
2457,飛宏,6,3,3,凱基-敦北,2023-05-16,9237
4138,曜亞,3,0,3,凱基-敦北,2023-05-16,9237
4440,宜新實業,3,0,3,凱基-敦北,2023-05-16,9237
6248,沛波,3,0,3,凱基-敦北,2023-05-16,9237
00632R,元大台灣50反1,419,0,419,凱基-敦北,2023-05-17,9237
1519,華城,71,2,69,凱基-敦北,2023-05-17,9237
3029,零壹,60,3,57,凱基-敦北,2023-05-17,9237
00680L,元大美債20正2,53,0,53,凱基-敦北,2023-05-17,9237
2206,三陽工業,52,7,45,凱基-敦北,2023-05-17,9237
00885,富邦越南,32,1,31,凱基-敦北,2023-05-17,9237
6806,森崴能源,20,0,20,凱基-敦北,2023-05-17,9237
1905,華紙,20,2,18,凱基-敦北,2023-05-17,9237
00720B,元大投資級公司債,11,0,11,凱基-敦北,2023-05-17,9237
2603,長榮,12,1,11,凱基-敦北,2023-05-17,9237
4744,皇將,11,0,11,凱基-敦北,2023-05-17,9237
00878,國泰永續高股息,10,0,10,凱基-敦北,2023-05-17,9237
006205,富邦上証,10,0,10,凱基-敦北,2023-05-17,9237
00674R,期元大S＆P黃金反1,10,0,10,凱基-敦北,2023-05-17,9237
00683L,期元大美元指正2,10,0,10,凱基-敦北,2023-05-17,9237
6282,康舒,10,0,10,凱基-敦北,2023-05-17,9237
00751B,元大AAA至A公司債,10,2,8,凱基-敦北,2023-05-17,9237
00687B,國泰20年美債,7,0,7,凱基-敦北,2023-05-17,9237
8415,大國鋼,7,0,7,凱基-敦北,2023-05-17,9237
3046,建��,11,5,6,凱基-敦北,2023-05-17,9237
3596,智易,6,0,6,凱基-敦北,2023-05-17,9237
6244,茂迪,5,0,5,凱基-敦北,2023-05-17,9237
00671R,富邦NASDAQ反1,5,0,5,凱基-敦北,2023-05-17,9237
00715L,期街口布蘭特正2,5,0,5,凱基-敦北,2023-05-17,9237
1584,精剛,5,0,5,凱基-敦北,2023-05-17,9237
1605,華新,5,0,5,凱基-敦北,2023-05-17,9237
2534,宏盛,5,0,5,凱基-敦北,2023-05-17,9237
4123,晟德,5,0,5,凱基-敦北,2023-05-17,9237
4927,泰鼎-KY,5,0,5,凱基-敦北,2023-05-17,9237
9904,寶成,5,0,5,凱基-敦北,2023-05-17,9237
00890B,凱基ESG BBB債,4,0,4,凱基-敦北,2023-05-17,9237
2338,光罩,9,5,4,凱基-敦北,2023-05-17,9237
2368,金像電,5,1,4,凱基-敦北,2023-05-17,9237
5533,皇鼎,4,0,4,凱基-敦北,2023-05-17,9237
00722B,群益投資級電信債,3,0,3,凱基-敦北,2023-05-17,9237
00637L,元大滬深300正2,3,0,3,凱基-敦北,2023-05-17,9237
1612,宏泰,3,0,3,凱基-敦北,2023-05-17,9237
2027,大成鋼,3,0,3,凱基-敦北,2023-05-17,9237
2314,台揚,3,0,3,凱基-敦北,2023-05-17,9237
2332,友訊,3,0,3,凱基-敦北,2023-05-17,9237
2495,普安,3,0,3,凱基-敦北,2023-05-17,9237
3078,僑威,3,0,3,凱基-敦北,2023-05-17,9237
4541,晟田,3,0,3,凱基-敦北,2023-05-17,9237
9921,巨大,3,0,3,凱基-敦北,2023-05-17,9237
2317,鴻海,3,0,3,凱基-敦北,2023-05-17,9237
2801,彰銀,3,0,3,凱基-敦北,2023-05-17,9237
2376,技嘉,37,34,3,凱基-敦北,2023-05-17,9237
6446,藥華藥,2,0,2,凱基-敦北,2023-05-17,9237
1201,味全,2,0,2,凱基-敦北,2023-05-17,9237
1504,東元,2,0,2,凱基-敦北,2023-05-17,9237
2618,長榮航,178,1,177,凱基-敦北,2023-05-18,9237
1802,台玻,175,10,165,凱基-敦北,2023-05-18,9237
3481,群創,62,0,62,凱基-敦北,2023-05-18,9237
1718,中纖,45,0,45,凱基-敦北,2023-05-18,9237
6806,森崴能源,78,44,34,凱基-敦北,2023-05-18,9237
00720B,元大投資級公司債,20,0,20,凱基-敦北,2023-05-18,9237
00683L,期元大美元指正2,20,0,20,凱基-敦北,2023-05-18,9237
5321,美而快,21,1,20,凱基-敦北,2023-05-18,9237
6712,長聖,20,0,20,凱基-敦北,2023-05-18,9237
6715,嘉基,16,0,16,凱基-敦北,2023-05-18,9237
00665L,富邦�琤肭磪囓�2,15,0,15,凱基-敦北,2023-05-18,9237
8905,裕國,15,0,15,凱基-敦北,2023-05-18,9237
2504,國產,13,0,13,凱基-敦北,2023-05-18,9237
3228,金麗科,12,0,12,凱基-敦北,2023-05-18,9237
3058,立德,11,0,11,凱基-敦北,2023-05-18,9237
2409,友達,11,0,11,凱基-敦北,2023-05-18,9237
00674R,期元大S＆P黃金反1,10,0,10,凱基-敦北,2023-05-18,9237
1584,精剛,10,0,10,凱基-敦北,2023-05-18,9237
2736,富野,10,0,10,凱基-敦北,2023-05-18,9237
2851,中再保,10,0,10,凱基-敦北,2023-05-18,9237
4967,十銓,11,1,10,凱基-敦北,2023-05-18,9237
1513,中興電,12,3,9,凱基-敦北,2023-05-18,9237
5015,華祺,9,0,9,凱基-敦北,2023-05-18,9237
6667,信紘科,9,0,9,凱基-敦北,2023-05-18,9237
00751B,元大AAA至A公司債,8,0,8,凱基-敦北,2023-05-18,9237
6153,嘉聯益,8,0,8,凱基-敦北,2023-05-18,9237
6191,精成科,8,0,8,凱基-敦北,2023-05-18,9237
1529,樂事綠能,8,1,7,凱基-敦北,2023-05-18,9237
00679B,元大美債20年,6,0,6,凱基-敦北,2023-05-18,9237
2603,長榮,5,0,5,凱基-敦北,2023-05-18,9237
00664R,國泰臺灣加權反1,5,0,5,凱基-敦北,2023-05-18,9237
00671R,富邦NASDAQ反1,5,0,5,凱基-敦北,2023-05-18,9237
00687B,國泰20年美債,5,0,5,凱基-敦北,2023-05-18,9237
2305,全友,5,0,5,凱基-敦北,2023-05-18,9237
2324,仁寶,5,0,5,凱基-敦北,2023-05-18,9237
2634,漢翔,5,0,5,凱基-敦北,2023-05-18,9237
2719,燦星旅,5,0,5,凱基-敦北,2023-05-18,9237
3033,威健,5,0,5,凱基-敦北,2023-05-18,9237
3046,建��,5,0,5,凱基-敦北,2023-05-18,9237
3362,先進光,6,1,5,凱基-敦北,2023-05-18,9237
3552,同致,5,0,5,凱基-敦北,2023-05-18,9237
4123,晟德,5,0,5,凱基-敦北,2023-05-18,9237
6215,和椿,5,0,5,凱基-敦北,2023-05-18,9237
6465,威潤,5,0,5,凱基-敦北,2023-05-18,9237
2421,建準,6,1,5,凱基-敦北,2023-05-18,9237
2630,亞航,10,5,5,凱基-敦北,2023-05-18,9237
2402,毅嘉,7,3,4,凱基-敦北,2023-05-18,9237
00890B,凱基ESG BBB債,4,0,4,凱基-敦北,2023-05-18,9237
00772B,中信高評級公司債,4,0,4,凱基-敦北,2023-05-18,9237
1504,東元,13,9,4,凱基-敦北,2023-05-18,9237
2421,建準,90,13,77,凱基-敦北,2023-05-19,9237
00687B,國泰20年美債,63,0,63,凱基-敦北,2023-05-19,9237
3163,波若威,85,25,60,凱基-敦北,2023-05-19,9237
00772B,中信高評級公司債,57,0,57,凱基-敦北,2023-05-19,9237
5243,乙盛-KY,230,185,45,凱基-敦北,2023-05-19,9237
6282,康舒,211,166,45,凱基-敦北,2023-05-19,9237
3078,僑威,50,10,40,凱基-敦北,2023-05-19,9237
6104,創惟,41,5,36,凱基-敦北,2023-05-19,9237
6806,森崴能源,26,2,24,凱基-敦北,2023-05-19,9237
6234,高僑,21,0,21,凱基-敦北,2023-05-19,9237
6274,台燿,20,2,18,凱基-敦北,2023-05-19,9237
00632R,元大台灣50反1,20,3,17,凱基-敦北,2023-05-19,9237
00637L,元大滬深300正2,14,0,14,凱基-敦北,2023-05-19,9237
4967,十銓,92,80,12,凱基-敦北,2023-05-19,9237
2482,連宇,12,1,11,凱基-敦北,2023-05-19,9237
3481,群創,17,6,11,凱基-敦北,2023-05-19,9237
00671R,富邦NASDAQ反1,10,0,10,凱基-敦北,2023-05-19,9237
2734,易飛網,10,0,10,凱基-敦北,2023-05-19,9237
5340,建榮,30,20,10,凱基-敦北,2023-05-19,9237
00680L,元大美債20正2,9,0,9,凱基-敦北,2023-05-19,9237
00720B,元大投資級公司債,8,0,8,凱基-敦北,2023-05-19,9237
2313,華通,11,3,8,凱基-敦北,2023-05-19,9237
4114,健喬,8,0,8,凱基-敦北,2023-05-19,9237
6509,聚和,8,0,8,凱基-敦北,2023-05-19,9237
00665L,富邦�琤肭磪囓�2,7,0,7,凱基-敦北,2023-05-19,9237
00751B,元大AAA至A公司債,7,0,7,凱基-敦北,2023-05-19,9237
6112,邁達特,9,2,7,凱基-敦北,2023-05-19,9237
6767,台微醫,7,0,7,凱基-敦北,2023-05-19,9237
00902,中信電池及儲能,6,0,6,凱基-敦北,2023-05-19,9237
00740B,富邦全球投等債,6,0,6,凱基-敦北,2023-05-19,9237
2704,國賓,6,0,6,凱基-敦北,2023-05-19,9237
6179,亞通,6,0,6,凱基-敦北,2023-05-19,9237
6472,保瑞,6,1,5,凱基-敦北,2023-05-19,9237
00679B,元大美債20年,5,0,5,凱基-敦北,2023-05-19,9237
00773B,中信優先金融債,5,0,5,凱基-敦北,2023-05-19,9237
3033,威健,5,0,5,凱基-敦北,2023-05-19,9237
4163,鐿鈦,5,0,5,凱基-敦北,2023-05-19,9237
9136,巨騰-DR,5,0,5,凱基-敦北,2023-05-19,9237
3680,家登,5,0,5,凱基-敦北,2023-05-19,9237
8996,高力,5,1,4,凱基-敦北,2023-05-19,9237
1513,中興電,16,12,4,凱基-敦北,2023-05-19,9237
2332,友訊,4,0,4,凱基-敦北,2023-05-19,9237
2480,敦陽科,4,0,4,凱基-敦北,2023-05-19,9237
3058,立德,6,2,4,凱基-敦北,2023-05-19,9237
6532,瑞耘,4,0,4,凱基-敦北,2023-05-19,9237
8050,廣積,5,1,4,凱基-敦北,2023-05-19,9237
8905,裕國,4,0,4,凱基-敦北,2023-05-19,9237
1905,華紙,3,0,3,凱基-敦北,2023-05-19,9237
00890B,凱基ESG BBB債,3,0,3,凱基-敦北,2023-05-19,9237
1795,美時,4,1,3,凱基-敦北,2023-05-19,9237
00712,復華富時不動產,201,0,201,凱基-敦北,2023-05-22,9237
00687B,國泰20年美債,84,0,84,凱基-敦北,2023-05-22,9237
1513,中興電,91,11,80,凱基-敦北,2023-05-22,9237
2515,中工,80,2,78,凱基-敦北,2023-05-22,9237
3363,上詮,95,20,75,凱基-敦北,2023-05-22,9237
2344,華邦電,76,8,68,凱基-敦北,2023-05-22,9237
00772B,中信高評級公司債,64,5,59,凱基-敦北,2023-05-22,9237
2603,長榮,52,2,50,凱基-敦北,2023-05-22,9237
6282,康舒,173,133,40,凱基-敦北,2023-05-22,9237
3596,智易,34,0,34,凱基-敦北,2023-05-22,9237
3231,緯創,32,3,29,凱基-敦北,2023-05-22,9237
3058,立德,20,0,20,凱基-敦北,2023-05-22,9237
4958,臻鼎-KY,20,0,20,凱基-敦北,2023-05-22,9237
2743,山富,19,0,19,凱基-敦北,2023-05-22,9237
1815,富喬,39,21,18,凱基-敦北,2023-05-22,9237
3163,波若威,84,70,14,凱基-敦北,2023-05-22,9237
4967,十銓,93,80,13,凱基-敦北,2023-05-22,9237
4977,眾達-KY,17,4,13,凱基-敦北,2023-05-22,9237
00637L,元大滬深300正2,13,2,11,凱基-敦北,2023-05-22,9237
3259,鑫創,11,0,11,凱基-敦北,2023-05-22,9237
1314,中石化,10,0,10,凱基-敦北,2023-05-22,9237
1752,南光,10,0,10,凱基-敦北,2023-05-22,9237
3046,建��,11,1,10,凱基-敦北,2023-05-22,9237
2313,華通,10,1,9,凱基-敦北,2023-05-22,9237
6274,台燿,40,31,9,凱基-敦北,2023-05-22,9237
2303,聯電,9,0,9,凱基-敦北,2023-05-22,9237
2352,佳世達,9,1,8,凱基-敦北,2023-05-22,9237
6112,邁達特,8,0,8,凱基-敦北,2023-05-22,9237
6829,千附精密,8,0,8,凱基-敦北,2023-05-22,9237
00679B,元大美債20年,8,1,7,凱基-敦北,2023-05-22,9237
00751B,元大AAA至A公司債,6,0,6,凱基-敦北,2023-05-22,9237
1609,大亞,8,2,6,凱基-敦北,2023-05-22,9237
2610,華航,20,14,6,凱基-敦北,2023-05-22,9237
5340,建榮,30,24,6,凱基-敦北,2023-05-22,9237
6443,元晶,6,0,6,凱基-敦北,2023-05-22,9237
2356,英業達,5,0,5,凱基-敦北,2023-05-22,9237
00706L,期元大S＆P日圓正2,5,0,5,凱基-敦北,2023-05-22,9237
1785,光洋科,5,0,5,凱基-敦北,2023-05-22,9237
5284,jpp-KY,10,5,5,凱基-敦北,2023-05-22,9237
00690,兆豐藍籌30,4,0,4,凱基-敦北,2023-05-22,9237
3202,樺晟,4,0,4,凱基-敦北,2023-05-22,9237
6715,嘉基,4,0,4,凱基-敦北,2023-05-22,9237
2208,台船,4,0,4,凱基-敦北,2023-05-22,9237
6245,立端,5,1,4,凱基-敦北,2023-05-22,9237
00773B,中信優先金融債,5,2,3,凱基-敦北,2023-05-22,9237
1810,和成,3,0,3,凱基-敦北,2023-05-22,9237
2609,陽明,3,0,3,凱基-敦北,2023-05-22,9237
3209,全科,3,0,3,凱基-敦北,2023-05-22,9237
7402,邑錡,3,0,3,凱基-敦北,2023-05-22,9237
3037,欣興,6,3,3,凱基-敦北,2023-05-22,9237
3163,波若威,315,110,205,凱基-敦北,2023-05-23,9237
2331,精英,126,43,83,凱基-敦北,2023-05-23,9237
1108,幸福,111,31,80,凱基-敦北,2023-05-23,9237
00687B,國泰20年美債,49,0,49,凱基-敦北,2023-05-23,9237
2603,長榮,58,11,47,凱基-敦北,2023-05-23,9237
6689,伊雲谷,53,17,36,凱基-敦北,2023-05-23,9237
1905,華紙,49,15,34,凱基-敦北,2023-05-23,9237
2352,佳世達,27,0,27,凱基-敦北,2023-05-23,9237
2610,華航,31,6,25,凱基-敦北,2023-05-23,9237
00680L,元大美債20正2,24,0,24,凱基-敦北,2023-05-23,9237
00637L,元大滬深300正2,34,10,24,凱基-敦北,2023-05-23,9237
1513,中興電,40,18,22,凱基-敦北,2023-05-23,9237
2305,全友,25,5,20,凱基-敦北,2023-05-23,9237
3083,網龍,20,0,20,凱基-敦北,2023-05-23,9237
5439,高技,18,1,17,凱基-敦北,2023-05-23,9237
2618,長榮航,54,39,15,凱基-敦北,2023-05-23,9237
3259,鑫創,14,0,14,凱基-敦北,2023-05-23,9237
2313,華通,18,6,12,凱基-敦北,2023-05-23,9237
00679B,元大美債20年,11,0,11,凱基-敦北,2023-05-23,9237
3596,智易,16,5,11,凱基-敦北,2023-05-23,9237
1503,士電,12,2,10,凱基-敦北,2023-05-23,9237
2059,川湖,10,0,10,凱基-敦北,2023-05-23,9237
3545,敦泰,10,0,10,凱基-敦北,2023-05-23,9237
6285,啟��,10,0,10,凱基-敦北,2023-05-23,9237
6446,藥華藥,11,1,10,凱基-敦北,2023-05-23,9237
2634,漢翔,13,5,8,凱基-敦北,2023-05-23,9237
00772B,中信高評級公司債,7,0,7,凱基-敦北,2023-05-23,9237
2462,良得電,7,0,7,凱基-敦北,2023-05-23,9237
6173,信昌電,7,0,7,凱基-敦北,2023-05-23,9237
1584,精剛,7,1,6,凱基-敦北,2023-05-23,9237
2367,燿華,6,0,6,凱基-敦北,2023-05-23,9237
7402,邑錡,6,0,6,凱基-敦北,2023-05-23,9237
6806,森崴能源,39,34,5,凱基-敦北,2023-05-23,9237
00724B,群益投資級金融債,5,0,5,凱基-敦北,2023-05-23,9237
00673R,期元大S＆P原油反1,5,0,5,凱基-敦北,2023-05-23,9237
1611,中電,5,0,5,凱基-敦北,2023-05-23,9237
1701,中化,5,0,5,凱基-敦北,2023-05-23,9237
1752,南光,5,0,5,凱基-敦北,2023-05-23,9237
2105,正新,5,0,5,凱基-敦北,2023-05-23,9237
2332,友訊,5,0,5,凱基-敦北,2023-05-23,9237
2645,長榮航太,5,0,5,凱基-敦北,2023-05-23,9237
3209,全科,5,0,5,凱基-敦北,2023-05-23,9237
4303,信立,5,0,5,凱基-敦北,2023-05-23,9237
4967,十銓,5,0,5,凱基-敦北,2023-05-23,9237
5425,台半,6,1,5,凱基-敦北,2023-05-23,9237
00668,國泰美國道瓊,4,0,4,凱基-敦北,2023-05-23,9237
2027,大成鋼,5,1,4,凱基-敦北,2023-05-23,9237
2442,新美齊,4,0,4,凱基-敦北,2023-05-23,9237
3022,威強電,4,0,4,凱基-敦北,2023-05-23,9237
3481,群創,4,0,4,凱基-敦北,2023-05-23,9237
6274,台燿,111,22,89,凱基-敦北,2023-05-24,9237
2634,漢翔,60,2,58,凱基-敦北,2023-05-24,9237
6104,創惟,40,0,40,凱基-敦北,2023-05-24,9237
00665L,富邦�琤肭磪囓�2,30,0,30,凱基-敦北,2023-05-24,9237
00696B,富邦美債20年,30,0,30,凱基-敦北,2023-05-24,9237
5324,士開,30,0,30,凱基-敦北,2023-05-24,9237
1809,中釉,37,8,29,凱基-敦北,2023-05-24,9237
00882,中信中國高股息,22,0,22,凱基-敦北,2023-05-24,9237
6235,華孚,25,5,20,凱基-敦北,2023-05-24,9237
6234,高僑,20,1,19,凱基-敦北,2023-05-24,9237
3078,僑威,68,51,17,凱基-敦北,2023-05-24,9237
3481,群創,19,2,17,凱基-敦北,2023-05-24,9237
5321,美而快,17,0,17,凱基-敦北,2023-05-24,9237
2630,亞航,15,1,14,凱基-敦北,2023-05-24,9237
1513,中興電,16,3,13,凱基-敦北,2023-05-24,9237
00878,國泰永續高股息,19,7,12,凱基-敦北,2023-05-24,9237
2436,偉詮電,12,0,12,凱基-敦北,2023-05-24,9237
9802,鈺齊-KY,11,0,11,凱基-敦北,2023-05-24,9237
2610,華航,12,1,11,凱基-敦北,2023-05-24,9237
00692,富邦公司治理,10,0,10,凱基-敦北,2023-05-24,9237
6576,逸達,10,0,10,凱基-敦北,2023-05-24,9237
8076,伍豐,10,0,10,凱基-敦北,2023-05-24,9237
2883,凱基金,10,2,8,凱基-敦北,2023-05-24,9237
3209,全科,8,0,8,凱基-敦北,2023-05-24,9237
5439,高技,9,1,8,凱基-敦北,2023-05-24,9237
00633L,富邦上証正2,7,0,7,凱基-敦北,2023-05-24,9237
00720B,元大投資級公司債,6,0,6,凱基-敦北,2023-05-24,9237
1219,福壽,6,0,6,凱基-敦北,2023-05-24,9237
4114,健喬,6,0,6,凱基-敦北,2023-05-24,9237
6535,順藥,6,0,6,凱基-敦北,2023-05-24,9237
00673R,期元大S＆P原油反1,5,0,5,凱基-敦北,2023-05-24,9237
00751B,元大AAA至A公司債,6,1,5,凱基-敦北,2023-05-24,9237
1529,樂事綠能,5,0,5,凱基-敦北,2023-05-24,9237
1712,興農,5,0,5,凱基-敦北,2023-05-24,9237
1733,五鼎,5,0,5,凱基-敦北,2023-05-24,9237
2882,國泰金,6,1,5,凱基-敦北,2023-05-24,9237
2890,永豐金,5,0,5,凱基-敦北,2023-05-24,9237
3259,鑫創,5,0,5,凱基-敦北,2023-05-24,9237
4939,亞電,5,0,5,凱基-敦北,2023-05-24,9237
6191,精成科,5,0,5,凱基-敦北,2023-05-24,9237
6472,保瑞,4,0,4,凱基-敦北,2023-05-24,9237
1504,東元,5,1,4,凱基-敦北,2023-05-24,9237
00890B,凱基ESG BBB債,4,0,4,凱基-敦北,2023-05-24,9237
1609,大亞,4,0,4,凱基-敦北,2023-05-24,9237
2324,仁寶,4,0,4,凱基-敦北,2023-05-24,9237
2727,王品,4,0,4,凱基-敦北,2023-05-24,9237
2881,富邦金,6,2,4,凱基-敦北,2023-05-24,9237
3083,網龍,4,0,4,凱基-敦北,2023-05-24,9237
6446,藥華藥,6,2,4,凱基-敦北,2023-05-24,9237
2705,六福,5,1,4,凱基-敦北,2023-05-24,9237
00632R,元大台灣50反1,450,5,445,凱基-敦北,2023-05-25,9237
2888,新光金,281,0,281,凱基-敦北,2023-05-25,9237
3163,波若威,98,50,48,凱基-敦北,2023-05-25,9237
00882,中信中國高股息,30,0,30,凱基-敦北,2023-05-25,9237
8099,大世科,26,0,26,凱基-敦北,2023-05-25,9237
2324,仁寶,41,19,22,凱基-敦北,2023-05-25,9237
4744,皇將,21,0,21,凱基-敦北,2023-05-25,9237
1809,中釉,20,0,20,凱基-敦北,2023-05-25,9237
2371,大同,22,2,20,凱基-敦北,2023-05-25,9237
6104,創惟,40,20,20,凱基-敦北,2023-05-25,9237
6274,台燿,39,19,20,凱基-敦北,2023-05-25,9237
2883,凱基金,19,0,19,凱基-敦北,2023-05-25,9237
2101,南港,16,0,16,凱基-敦北,2023-05-25,9237
00772B,中信高評級公司債,15,0,15,凱基-敦北,2023-05-25,9237
1605,華新,11,0,11,凱基-敦北,2023-05-25,9237
3006,晶豪科,11,0,11,凱基-敦北,2023-05-25,9237
6282,康舒,10,0,10,凱基-敦北,2023-05-25,9237
8358,金居,10,0,10,凱基-敦北,2023-05-25,9237
2603,長榮,9,0,9,凱基-敦北,2023-05-25,9237
00773B,中信優先金融債,8,0,8,凱基-敦北,2023-05-25,9237
00665L,富邦�琤肭磪囓�2,8,0,8,凱基-敦北,2023-05-25,9237
00679B,元大美債20年,8,0,8,凱基-敦北,2023-05-25,9237
4967,十銓,8,0,8,凱基-敦北,2023-05-25,9237
00687B,國泰20年美債,7,0,7,凱基-敦北,2023-05-25,9237
2705,六福,7,0,7,凱基-敦北,2023-05-25,9237
3701,大眾控,8,1,7,凱基-敦北,2023-05-25,9237
2881,富邦金,6,0,6,凱基-敦北,2023-05-25,9237
00751B,元大AAA至A公司債,6,0,6,凱基-敦北,2023-05-25,9237
00902,中信電池及儲能,6,0,6,凱基-敦北,2023-05-25,9237
2482,連宇,6,0,6,凱基-敦北,2023-05-25,9237
2739,寒舍,6,0,6,凱基-敦北,2023-05-25,9237
5321,美而快,6,0,6,凱基-敦北,2023-05-25,9237
6179,亞通,7,1,6,凱基-敦北,2023-05-25,9237
6472,保瑞,5,0,5,凱基-敦北,2023-05-25,9237
00907,永豐優息存股,5,0,5,凱基-敦北,2023-05-25,9237
00712,復華富時不動產,5,0,5,凱基-敦北,2023-05-25,9237
00706L,期元大S＆P日圓正2,10,5,5,凱基-敦北,2023-05-25,9237
00671R,富邦NASDAQ反1,5,0,5,凱基-敦北,2023-05-25,9237
2455,全新,5,0,5,凱基-敦北,2023-05-25,9237
2867,三商壽,5,0,5,凱基-敦北,2023-05-25,9237
3209,全科,5,0,5,凱基-敦北,2023-05-25,9237
4927,泰鼎-KY,5,0,5,凱基-敦北,2023-05-25,9237
5258,虹堡,5,0,5,凱基-敦北,2023-05-25,9237
6603,富強鑫,5,0,5,凱基-敦北,2023-05-25,9237
6689,伊雲谷,7,2,5,凱基-敦北,2023-05-25,9237
6782,視陽,5,0,5,凱基-敦北,2023-05-25,9237
00633L,富邦上証正2,4,0,4,凱基-敦北,2023-05-25,9237
00725B,國泰投資級公司債,4,0,4,凱基-敦北,2023-05-25,9237
00720B,元大投資級公司債,5,1,4,凱基-敦北,2023-05-25,9237
3005,神基,4,0,4,凱基-敦北,2023-05-25,9237
2323,中環,200,4,196,凱基-敦北,2023-05-26,9237
2601,益航,59,1,58,凱基-敦北,2023-05-26,9237
6235,華孚,53,1,52,凱基-敦北,2023-05-26,9237
00905,FT臺灣Smart,50,1,49,凱基-敦北,2023-05-26,9237
6282,康舒,97,52,45,凱基-敦北,2023-05-26,9237
6104,創惟,40,0,40,凱基-敦北,2023-05-26,9237
00637L,元大滬深300正2,35,0,35,凱基-敦北,2023-05-26,9237
2317,鴻海,38,3,35,凱基-敦北,2023-05-26,9237
00892,富邦台灣半導體,30,4,26,凱基-敦北,2023-05-26,9237
4564,元翎,53,27,26,凱基-敦北,2023-05-26,9237
00772B,中信高評級公司債,23,0,23,凱基-敦北,2023-05-26,9237
00687B,國泰20年美債,21,0,21,凱基-敦北,2023-05-26,9237
2548,華固,20,0,20,凱基-敦北,2023-05-26,9237
3558,神準,27,10,17,凱基-敦北,2023-05-26,9237
9943,好樂迪,16,0,16,凱基-敦北,2023-05-26,9237
2421,建準,126,111,15,凱基-敦北,2023-05-26,9237
2449,京元電子,19,4,15,凱基-敦北,2023-05-26,9237
2891,中信金,15,1,14,凱基-敦北,2023-05-26,9237
00712,復華富時不動產,13,0,13,凱基-敦北,2023-05-26,9237
2634,漢翔,15,2,13,凱基-敦北,2023-05-26,9237
00878,國泰永續高股息,40,28,12,凱基-敦北,2023-05-26,9237
1733,五鼎,10,0,10,凱基-敦北,2023-05-26,9237
2101,南港,10,0,10,凱基-敦北,2023-05-26,9237
2337,旺宏,10,0,10,凱基-敦北,2023-05-26,9237
2425,承啟,10,0,10,凱基-敦北,2023-05-26,9237
3005,神基,10,0,10,凱基-敦北,2023-05-26,9237
3062,建漢,10,0,10,凱基-敦北,2023-05-26,9237
2462,良得電,9,0,9,凱基-敦北,2023-05-26,9237
00882,中信中國高股息,9,0,9,凱基-敦北,2023-05-26,9237
00724B,群益投資級金融債,8,0,8,凱基-敦北,2023-05-26,9237
00725B,國泰投資級公司債,7,0,7,凱基-敦北,2023-05-26,9237
00642U,期元大S＆P石油,7,0,7,凱基-敦北,2023-05-26,9237
2356,英業達,12,5,7,凱基-敦北,2023-05-26,9237
3481,群創,6,0,6,凱基-敦北,2023-05-26,9237
3025,星通,10,4,6,凱基-敦北,2023-05-26,9237
5009,榮剛,11,5,6,凱基-敦北,2023-05-26,9237
8210,勤誠,6,0,6,凱基-敦北,2023-05-26,9237
4967,十銓,88,82,6,凱基-敦北,2023-05-26,9237
00671R,富邦NASDAQ反1,5,0,5,凱基-敦北,2023-05-26,9237
1326,台化,5,0,5,凱基-敦北,2023-05-26,9237
1802,台玻,5,0,5,凱基-敦北,2023-05-26,9237
2352,佳世達,5,0,5,凱基-敦北,2023-05-26,9237
3006,晶豪科,13,8,5,凱基-敦北,2023-05-26,9237
3596,智易,5,0,5,凱基-敦北,2023-05-26,9237
4744,皇將,5,0,5,凱基-敦北,2023-05-26,9237
5512,力麒,5,0,5,凱基-敦北,2023-05-26,9237
5607,遠雄港,5,0,5,凱基-敦北,2023-05-26,9237
6113,亞矽,5,0,5,凱基-敦北,2023-05-26,9237
6116,彩晶,5,0,5,凱基-敦北,2023-05-26,9237
6226,光鼎,5,0,5,凱基-敦北,2023-05-26,9237
2412,中華電,536,0,536,凱基-敦北,2023-05-29,9237
6282,康舒,236,98,138,凱基-敦北,2023-05-29,9237
00680L,元大美債20正2,102,0,102,凱基-敦北,2023-05-29,9237
2634,漢翔,69,0,69,凱基-敦北,2023-05-29,9237
00632R,元大台灣50反1,39,0,39,凱基-敦北,2023-05-29,9237
2301,光寶科,50,16,34,凱基-敦北,2023-05-29,9237
00720B,元大投資級公司債,32,0,32,凱基-敦北,2023-05-29,9237
3363,上詮,93,63,30,凱基-敦北,2023-05-29,9237
2903,遠百,60,40,20,凱基-敦北,2023-05-29,9237
3596,智易,20,0,20,凱基-敦北,2023-05-29,9237
2002,中鋼,22,4,18,凱基-敦北,2023-05-29,9237
2884,玉山金,20,2,18,凱基-敦北,2023-05-29,9237
1815,富喬,20,3,17,凱基-敦北,2023-05-29,9237
00637L,元大滬深300正2,15,0,15,凱基-敦北,2023-05-29,9237
8150,南茂,13,0,13,凱基-敦北,2023-05-29,9237
00679B,元大美債20年,11,0,11,凱基-敦北,2023-05-29,9237
2376,技嘉,12,2,10,凱基-敦北,2023-05-29,9237
1314,中石化,10,0,10,凱基-敦北,2023-05-29,9237
2014,中鴻,10,0,10,凱基-敦北,2023-05-29,9237
2392,正崴,10,0,10,凱基-敦北,2023-05-29,9237
2838,聯邦銀,10,0,10,凱基-敦北,2023-05-29,9237
3015,全漢,10,0,10,凱基-敦北,2023-05-29,9237
2845,遠東銀,10,1,9,凱基-敦北,2023-05-29,9237
4977,眾達-KY,26,17,9,凱基-敦北,2023-05-29,9237
5706,鳳凰,10,1,9,凱基-敦北,2023-05-29,9237
6689,伊雲谷,12,3,9,凱基-敦北,2023-05-29,9237
00893,國泰智能電動車,11,2,9,凱基-敦北,2023-05-29,9237
2883,凱基金,8,0,8,凱基-敦北,2023-05-29,9237
3005,神基,8,0,8,凱基-敦北,2023-05-29,9237
6112,邁達特,11,3,8,凱基-敦北,2023-05-29,9237
3231,緯創,15,8,7,凱基-敦北,2023-05-29,9237
6790,永豐實,7,0,7,凱基-敦北,2023-05-29,9237
2834,臺企銀,6,0,6,凱基-敦北,2023-05-29,9237
1733,五鼎,5,0,5,凱基-敦北,2023-05-29,9237
2101,南港,5,0,5,凱基-敦北,2023-05-29,9237
2548,華固,5,0,5,凱基-敦北,2023-05-29,9237
3004,豐達科,5,0,5,凱基-敦北,2023-05-29,9237
3046,建��,5,0,5,凱基-敦北,2023-05-29,9237
3264,欣銓,9,4,5,凱基-敦北,2023-05-29,9237
3594,磐儀,5,0,5,凱基-敦北,2023-05-29,9237
3711,日月光投控,5,0,5,凱基-敦北,2023-05-29,9237
4714,永捷,5,0,5,凱基-敦北,2023-05-29,9237
4989,榮科,5,0,5,凱基-敦北,2023-05-29,9237
6216,居易,5,0,5,凱基-敦北,2023-05-29,9237
6443,元晶,5,0,5,凱基-敦北,2023-05-29,9237
6570,維田,5,0,5,凱基-敦北,2023-05-29,9237
8028,昇陽半導體,5,0,5,凱基-敦北,2023-05-29,9237
8415,大國鋼,5,0,5,凱基-敦北,2023-05-29,9237
1513,中興電,6,2,4,凱基-敦北,2023-05-29,9237
1727,中華化,6,2,4,凱基-敦北,2023-05-29,9237
6282,康舒,90,31,59,凱基-敦北,2023-05-30,9237
2634,漢翔,76,25,51,凱基-敦北,2023-05-30,9237
2331,精英,45,2,43,凱基-敦北,2023-05-30,9237
6122,擎邦,34,0,34,凱基-敦北,2023-05-30,9237
2002,中鋼,26,0,26,凱基-敦北,2023-05-30,9237
6830,汎銓,24,0,24,凱基-敦北,2023-05-30,9237
2883,凱基金,25,2,23,凱基-敦北,2023-05-30,9237
2618,長榮航,61,39,22,凱基-敦北,2023-05-30,9237
4977,眾達-KY,21,0,21,凱基-敦北,2023-05-30,9237
5439,高技,21,0,21,凱基-敦北,2023-05-30,9237
1809,中釉,20,0,20,凱基-敦北,2023-05-30,9237
2101,南港,20,0,20,凱基-敦北,2023-05-30,9237
3583,辛耘,25,5,20,凱基-敦北,2023-05-30,9237
3481,群創,16,1,15,凱基-敦北,2023-05-30,9237
3013,晟銘電,30,15,15,凱基-敦北,2023-05-30,9237
1314,中石化,14,0,14,凱基-敦北,2023-05-30,9237
2882,國泰金,14,0,14,凱基-敦北,2023-05-30,9237
3305,昇貿,13,0,13,凱基-敦北,2023-05-30,9237
4510,高鋒,13,0,13,凱基-敦北,2023-05-30,9237
00637L,元大滬深300正2,12,0,12,凱基-敦北,2023-05-30,9237
1326,台化,12,0,12,凱基-敦北,2023-05-30,9237
2356,英業達,14,2,12,凱基-敦北,2023-05-30,9237
3511,矽瑪,13,1,12,凱基-敦北,2023-05-30,9237
00919,群益台灣精選高息,11,0,11,凱基-敦北,2023-05-30,9237
3704,合勤控,16,5,11,凱基-敦北,2023-05-30,9237
00902,中信電池及儲能,10,0,10,凱基-敦北,2023-05-30,9237
00752,中信中國50,10,0,10,凱基-敦北,2023-05-30,9237
00671R,富邦NASDAQ反1,10,0,10,凱基-敦北,2023-05-30,9237
00893,國泰智能電動車,10,0,10,凱基-敦北,2023-05-30,9237
2412,中華電,10,0,10,凱基-敦北,2023-05-30,9237
2890,永豐金,10,0,10,凱基-敦北,2023-05-30,9237
3005,神基,10,0,10,凱基-敦北,2023-05-30,9237
3037,欣興,12,2,10,凱基-敦北,2023-05-30,9237
6188,廣明,10,0,10,凱基-敦北,2023-05-30,9237
6782,視陽,10,0,10,凱基-敦北,2023-05-30,9237
4746,台耀,9,0,9,凱基-敦北,2023-05-30,9237
2449,京元電子,14,7,7,凱基-敦北,2023-05-30,9237
4938,和碩,8,1,7,凱基-敦北,2023-05-30,9237
3349,寶德,6,0,6,凱基-敦北,2023-05-30,9237
8059,凱碩,6,0,6,凱基-敦北,2023-05-30,9237
6223,旺矽,6,0,6,凱基-敦北,2023-05-30,9237
00885,富邦越南,10,5,5,凱基-敦北,2023-05-30,9237
2313,華通,5,0,5,凱基-敦北,2023-05-30,9237
2438,翔耀,5,0,5,凱基-敦北,2023-05-30,9237
2493,揚博,5,0,5,凱基-敦北,2023-05-30,9237
2615,萬海,5,0,5,凱基-敦北,2023-05-30,9237
3596,智易,5,0,5,凱基-敦北,2023-05-30,9237
3664,安瑞-KY,5,0,5,凱基-敦北,2023-05-30,9237
5340,建榮,5,0,5,凱基-敦北,2023-05-30,9237
5410,國眾,5,0,5,凱基-敦北,2023-05-30,9237
6274,台燿,52,0,52,凱基-敦北,2023-05-31,9237
2368,金像電,40,0,40,凱基-敦北,2023-05-31,9237
2887,台新金,38,4,34,凱基-敦北,2023-05-31,9237
2801,彰銀,30,0,30,凱基-敦北,2023-05-31,9237
3058,立德,20,0,20,凱基-敦北,2023-05-31,9237
3596,智易,20,0,20,凱基-敦北,2023-05-31,9237
00878,國泰永續高股息,16,0,16,凱基-敦北,2023-05-31,9237
2409,友達,16,0,16,凱基-敦北,2023-05-31,9237
9943,好樂迪,17,1,16,凱基-敦北,2023-05-31,9237
2352,佳世達,17,3,14,凱基-敦北,2023-05-31,9237
3037,欣興,15,1,14,凱基-敦北,2023-05-31,9237
8210,勤誠,14,0,14,凱基-敦北,2023-05-31,9237
00713,元大台灣高息低波,15,2,13,凱基-敦北,2023-05-31,9237
3481,群創,13,1,12,凱基-敦北,2023-05-31,9237
2371,大同,14,3,11,凱基-敦北,2023-05-31,9237
00898,國泰基因免疫革命,10,0,10,凱基-敦北,2023-05-31,9237
00712,復華富時不動產,10,0,10,凱基-敦北,2023-05-31,9237
1905,華紙,11,1,10,凱基-敦北,2023-05-31,9237
3703,欣陸,10,0,10,凱基-敦北,2023-05-31,9237
6188,廣明,13,3,10,凱基-敦北,2023-05-31,9237
6209,今國光,10,0,10,凱基-敦北,2023-05-31,9237
6712,長聖,10,0,10,凱基-敦北,2023-05-31,9237
6863,永道-KY,10,0,10,凱基-敦北,2023-05-31,9237
0056,元大高股息,9,0,9,凱基-敦北,2023-05-31,9237
2301,光寶科,48,39,9,凱基-敦北,2023-05-31,9237
2504,國產,10,1,9,凱基-敦北,2023-05-31,9237
00642U,期元大S＆P石油,8,0,8,凱基-敦北,2023-05-31,9237
4906,正文,8,0,8,凱基-敦北,2023-05-31,9237
00882,中信中國高股息,11,4,7,凱基-敦北,2023-05-31,9237
00720B,元大投資級公司債,7,0,7,凱基-敦北,2023-05-31,9237
00902,中信電池及儲能,7,0,7,凱基-敦北,2023-05-31,9237
2449,京元電子,7,0,7,凱基-敦北,2023-05-31,9237
1218,泰山,6,0,6,凱基-敦北,2023-05-31,9237
2610,華航,27,21,6,凱基-敦北,2023-05-31,9237
4977,眾達-KY,68,62,6,凱基-敦北,2023-05-31,9237
1762,中化生,5,0,5,凱基-敦北,2023-05-31,9237
1789,神隆,5,0,5,凱基-敦北,2023-05-31,9237
2006,東和鋼鐵,5,0,5,凱基-敦北,2023-05-31,9237
2101,南港,5,0,5,凱基-敦北,2023-05-31,9237
2239,英利-KY,5,0,5,凱基-敦北,2023-05-31,9237
2438,翔耀,5,0,5,凱基-敦北,2023-05-31,9237
2548,華固,5,0,5,凱基-敦北,2023-05-31,9237
3209,全科,5,0,5,凱基-敦北,2023-05-31,9237
5243,乙盛-KY,6,1,5,凱基-敦北,2023-05-31,9237
5340,建榮,5,0,5,凱基-敦北,2023-05-31,9237
2330,台積電,4,0,4,凱基-敦北,2023-05-31,9237
3231,緯創,22,18,4,凱基-敦北,2023-05-31,9237
00680L,元大美債20正2,4,0,4,凱基-敦北,2023-05-31,9237
00706L,期元大S＆P日圓正2,4,0,4,凱基-敦北,2023-05-31,9237
2314,台揚,4,0,4,凱基-敦北,2023-05-31,9237
2323,中環,142,0,142,凱基-敦北,2023-06-01,9237
2753,八方雲集,76,26,50,凱基-敦北,2023-06-01,9237
5469,瀚宇博,75,25,50,凱基-敦北,2023-06-01,9237
8271,宇瞻,52,2,50,凱基-敦北,2023-06-01,9237
3481,群創,50,5,45,凱基-敦北,2023-06-01,9237
6122,擎邦,111,69,42,凱基-敦北,2023-06-01,9237
2344,華邦電,40,0,40,凱基-敦北,2023-06-01,9237
2211,長榮鋼,30,0,30,凱基-敦北,2023-06-01,9237
3005,神基,30,0,30,凱基-敦北,2023-06-01,9237
9919,康那香,30,0,30,凱基-敦北,2023-06-01,9237
2732,六角,25,0,25,凱基-敦北,2023-06-01,9237
4564,元翎,24,1,23,凱基-敦北,2023-06-01,9237
00637L,元大滬深300正2,27,5,22,凱基-敦北,2023-06-01,9237
00919,群益台灣精選高息,22,0,22,凱基-敦北,2023-06-01,9237
3706,神達,26,6,20,凱基-敦北,2023-06-01,9237
00922,國泰台灣領袖50,21,1,20,凱基-敦北,2023-06-01,9237
1101,台泥,25,7,18,凱基-敦北,2023-06-01,9237
2615,萬海,16,0,16,凱基-敦北,2023-06-01,9237
00632R,元大台灣50反1,16,0,16,凱基-敦北,2023-06-01,9237
1584,精剛,20,5,15,凱基-敦北,2023-06-01,9237
2393,億光,15,0,15,凱基-敦北,2023-06-01,9237
2352,佳世達,14,0,14,凱基-敦北,2023-06-01,9237
2451,創見,13,1,12,凱基-敦北,2023-06-01,9237
5009,榮剛,12,1,11,凱基-敦北,2023-06-01,9237
2301,光寶科,10,0,10,凱基-敦北,2023-06-01,9237
00665L,富邦�琤肭磪囓�2,10,0,10,凱基-敦北,2023-06-01,9237
1529,樂事綠能,10,0,10,凱基-敦北,2023-06-01,9237
1776,展宇,10,0,10,凱基-敦北,2023-06-01,9237
2409,友達,10,0,10,凱基-敦北,2023-06-01,9237
2890,永豐金,10,0,10,凱基-敦北,2023-06-01,9237
3058,立德,25,15,10,凱基-敦北,2023-06-01,9237
6115,鎰勝,10,0,10,凱基-敦北,2023-06-01,9237
3260,威剛,10,0,10,凱基-敦北,2023-06-01,9237
8937,合騏,9,0,9,凱基-敦北,2023-06-01,9237
2449,京元電子,8,0,8,凱基-敦北,2023-06-01,9237
1514,亞力,10,2,8,凱基-敦北,2023-06-01,9237
00882,中信中國高股息,8,0,8,凱基-敦北,2023-06-01,9237
00751B,元大AAA至A公司債,8,0,8,凱基-敦北,2023-06-01,9237
00713,元大台灣高息低波,9,1,8,凱基-敦北,2023-06-01,9237
00631L,元大台灣50正2,7,0,7,凱基-敦北,2023-06-01,9237
6143,振曜,7,0,7,凱基-敦北,2023-06-01,9237
00642U,期元大S＆P石油,6,0,6,凱基-敦北,2023-06-01,9237
2201,裕隆,7,1,6,凱基-敦北,2023-06-01,9237
2331,精英,10,4,6,凱基-敦北,2023-06-01,9237
2002,中鋼,6,0,6,凱基-敦北,2023-06-01,9237
00772B,中信高評級公司債,5,0,5,凱基-敦北,2023-06-01,9237
1326,台化,5,0,5,凱基-敦北,2023-06-01,9237
00712,復華富時不動產,5,0,5,凱基-敦北,2023-06-01,9237
00681R,元大美債20反1,5,0,5,凱基-敦北,2023-06-01,9237
00773B,中信優先金融債,5,0,5,凱基-敦北,2023-06-01,9237
6274,台燿,160,46,114,凱基-敦北,2023-06-02,9237
4564,元翎,116,15,101,凱基-敦北,2023-06-02,9237
3481,群創,100,2,98,凱基-敦北,2023-06-02,9237
2324,仁寶,80,0,80,凱基-敦北,2023-06-02,9237
00680L,元大美債20正2,53,0,53,凱基-敦北,2023-06-02,9237
3005,神基,81,31,50,凱基-敦北,2023-06-02,9237
00878,國泰永續高股息,64,17,47,凱基-敦北,2023-06-02,9237
6550,北極星藥業-KY,39,0,39,凱基-敦北,2023-06-02,9237
2421,建準,77,45,32,凱基-敦北,2023-06-02,9237
00885,富邦越南,36,5,31,凱基-敦北,2023-06-02,9237
3044,健鼎,28,0,28,凱基-敦北,2023-06-02,9237
00632R,元大台灣50反1,25,0,25,凱基-敦北,2023-06-02,9237
00683L,期元大美元指正2,20,0,20,凱基-敦北,2023-06-02,9237
1905,華紙,306,287,19,凱基-敦北,2023-06-02,9237
1609,大亞,17,4,13,凱基-敦北,2023-06-02,9237
3363,上詮,30,17,13,凱基-敦北,2023-06-02,9237
00679B,元大美債20年,13,1,12,凱基-敦北,2023-06-02,9237
00713,元大台灣高息低波,11,0,11,凱基-敦北,2023-06-02,9237
00922,國泰台灣領袖50,10,0,10,凱基-敦北,2023-06-02,9237
2014,中鴻,10,0,10,凱基-敦北,2023-06-02,9237
2399,映泰,10,0,10,凱基-敦北,2023-06-02,9237
2888,新光金,10,0,10,凱基-敦北,2023-06-02,9237
8027,鈦昇,10,0,10,凱基-敦北,2023-06-02,9237
8059,凱碩,12,2,10,凱基-敦北,2023-06-02,9237
00919,群益台灣精選高息,9,0,9,凱基-敦北,2023-06-02,9237
1504,東元,16,7,9,凱基-敦北,2023-06-02,9237
6153,嘉聯益,9,0,9,凱基-敦北,2023-06-02,9237
6863,永道-KY,10,1,9,凱基-敦北,2023-06-02,9237
5465,富驊,10,2,8,凱基-敦北,2023-06-02,9237
1474,弘裕,6,0,6,凱基-敦北,2023-06-02,9237
6124,業強,6,0,6,凱基-敦北,2023-06-02,9237
1217,愛之味,5,0,5,凱基-敦北,2023-06-02,9237
00674R,期元大S＆P黃金反1,5,0,5,凱基-敦北,2023-06-02,9237
00707R,期元大S＆P日圓反1,5,0,5,凱基-敦北,2023-06-02,9237
00780B,國泰A級金融債,5,0,5,凱基-敦北,2023-06-02,9237
00773B,中信優先金融債,5,0,5,凱基-敦北,2023-06-02,9237
00772B,中信高評級公司債,5,0,5,凱基-敦北,2023-06-02,9237
3047,訊舟,5,0,5,凱基-敦北,2023-06-02,9237
3049,精金,5,0,5,凱基-敦北,2023-06-02,9237
4755,三福化,5,0,5,凱基-敦北,2023-06-02,9237
6612,奈米醫材,5,0,5,凱基-敦北,2023-06-02,9237
9945,潤泰新,5,0,5,凱基-敦北,2023-06-02,9237
1810,和成,4,0,4,凱基-敦北,2023-06-02,9237
2208,台船,4,0,4,凱基-敦北,2023-06-02,9237
2359,所羅門,7,3,4,凱基-敦北,2023-06-02,9237
2371,大同,5,1,4,凱基-敦北,2023-06-02,9237
2882,國泰金,4,0,4,凱基-敦北,2023-06-02,9237
3191,雲嘉南,4,0,4,凱基-敦北,2023-06-02,9237
3540,曜越,4,0,4,凱基-敦北,2023-06-02,9237
4720,德淵,4,0,4,凱基-敦北,2023-06-02,9237
00915,凱基優選高股息30,87,0,87,凱基-敦北,2023-06-05,9237
3033,威健,55,0,55,凱基-敦北,2023-06-05,9237
3032,偉訓,38,0,38,凱基-敦北,2023-06-05,9237
2376,技嘉,38,3,35,凱基-敦北,2023-06-05,9237
6282,康舒,159,125,34,凱基-敦北,2023-06-05,9237
1319,東陽,33,0,33,凱基-敦北,2023-06-05,9237
2455,全新,30,0,30,凱基-敦北,2023-06-05,9237
00919,群益台灣精選高息,27,0,27,凱基-敦北,2023-06-05,9237
2388,威盛,40,17,23,凱基-敦北,2023-06-05,9237
00770,國泰北美科技,20,0,20,凱基-敦北,2023-06-05,9237
3058,立德,20,0,20,凱基-敦北,2023-06-05,9237
3209,全科,21,1,20,凱基-敦北,2023-06-05,9237
6120,達運,20,0,20,凱基-敦北,2023-06-05,9237
1815,富喬,20,1,19,凱基-敦北,2023-06-05,9237
8105,凌巨,20,3,17,凱基-敦北,2023-06-05,9237
2002,中鋼,17,0,17,凱基-敦北,2023-06-05,9237
2618,長榮航,54,37,17,凱基-敦北,2023-06-05,9237
00713,元大台灣高息低波,16,0,16,凱基-敦北,2023-06-05,9237
2482,連宇,15,0,15,凱基-敦北,2023-06-05,9237
3624,光頡,20,5,15,凱基-敦北,2023-06-05,9237
4541,晟田,15,0,15,凱基-敦北,2023-06-05,9237
3481,群創,32,17,15,凱基-敦北,2023-06-05,9237
2327,國巨,15,1,14,凱基-敦北,2023-06-05,9237
2103,台橡,13,0,13,凱基-敦北,2023-06-05,9237
3596,智易,13,0,13,凱基-敦北,2023-06-05,9237
6470,宇智,13,1,12,凱基-敦北,2023-06-05,9237
00928,中信上櫃ESG30,12,0,12,凱基-敦北,2023-06-05,9237
4916,事欣科,14,2,12,凱基-敦北,2023-06-05,9237
6217,中探針,12,0,12,凱基-敦北,2023-06-05,9237
00882,中信中國高股息,11,0,11,凱基-敦北,2023-06-05,9237
2890,永豐金,11,0,11,凱基-敦北,2023-06-05,9237
4977,眾達-KY,31,20,11,凱基-敦北,2023-06-05,9237
2409,友達,13,2,11,凱基-敦北,2023-06-05,9237
2317,鴻海,15,4,11,凱基-敦北,2023-06-05,9237
00772B,中信高評級公司債,10,0,10,凱基-敦北,2023-06-05,9237
1603,華電,10,0,10,凱基-敦北,2023-06-05,9237
2413,環科,10,0,10,凱基-敦北,2023-06-05,9237
2887,台新金,10,0,10,凱基-敦北,2023-06-05,9237
3013,晟銘電,10,0,10,凱基-敦北,2023-06-05,9237
3088,艾訊,10,0,10,凱基-敦北,2023-06-05,9237
3498,陽程,10,0,10,凱基-敦北,2023-06-05,9237
3511,矽瑪,10,0,10,凱基-敦北,2023-06-05,9237
6712,長聖,10,0,10,凱基-敦北,2023-06-05,9237
8033,雷虎,11,1,10,凱基-敦北,2023-06-05,9237
00773B,中信優先金融債,9,0,9,凱基-敦北,2023-06-05,9237
00679B,元大美債20年,8,0,8,凱基-敦北,2023-06-05,9237
00720B,元大投資級公司債,7,0,7,凱基-敦北,2023-06-05,9237
8069,元太,9,2,7,凱基-敦北,2023-06-05,9237
00687B,國泰20年美債,6,0,6,凱基-敦北,2023-06-05,9237
006208,富邦台50,6,0,6,凱基-敦北,2023-06-05,9237
2888,新光金,690,3,687,凱基-敦北,2023-06-06,9237
00753L,中信中國50正2,100,0,100,凱基-敦北,2023-06-06,9237
3481,群創,100,32,68,凱基-敦北,2023-06-06,9237
6104,創惟,68,0,68,凱基-敦北,2023-06-06,9237
2331,精英,40,0,40,凱基-敦北,2023-06-06,9237
8033,雷虎,37,1,36,凱基-敦北,2023-06-06,9237
2388,威盛,106,76,30,凱基-敦北,2023-06-06,9237
1319,東陽,30,0,30,凱基-敦北,2023-06-06,9237
2610,華航,34,8,26,凱基-敦北,2023-06-06,9237
1609,大亞,251,230,21,凱基-敦北,2023-06-06,9237
2451,創見,20,0,20,凱基-敦北,2023-06-06,9237
00751B,元大AAA至A公司債,18,0,18,凱基-敦北,2023-06-06,9237
1795,美時,17,1,16,凱基-敦北,2023-06-06,9237
00927,群益半導體收益,15,0,15,凱基-敦北,2023-06-06,9237
8064,東捷,15,0,15,凱基-敦北,2023-06-06,9237
00679B,元大美債20年,14,0,14,凱基-敦北,2023-06-06,9237
2399,映泰,17,3,14,凱基-敦北,2023-06-06,9237
3046,建��,18,6,12,凱基-敦北,2023-06-06,9237
4951,精拓科,12,0,12,凱基-敦北,2023-06-06,9237
8059,凱碩,12,0,12,凱基-敦北,2023-06-06,9237
3037,欣興,13,1,12,凱基-敦北,2023-06-06,9237
3363,上詮,11,0,11,凱基-敦北,2023-06-06,9237
3058,立德,11,1,10,凱基-敦北,2023-06-06,9237
00706L,期元大S＆P日圓正2,10,0,10,凱基-敦北,2023-06-06,9237
00671R,富邦NASDAQ反1,10,0,10,凱基-敦北,2023-06-06,9237
1905,華紙,11,1,10,凱基-敦北,2023-06-06,9237
2312,金寶,10,0,10,凱基-敦北,2023-06-06,9237
2867,三商壽,10,0,10,凱基-敦北,2023-06-06,9237
5340,建榮,10,0,10,凱基-敦北,2023-06-06,9237
3583,辛耘,25,16,9,凱基-敦北,2023-06-06,9237
3047,訊舟,9,0,9,凱基-敦北,2023-06-06,9237
4121,優盛,11,2,9,凱基-敦北,2023-06-06,9237
6274,台燿,40,31,9,凱基-敦北,2023-06-06,9237
1605,華新,8,0,8,凱基-敦北,2023-06-06,9237
4755,三福化,8,0,8,凱基-敦北,2023-06-06,9237
00720B,元大投資級公司債,7,0,7,凱基-敦北,2023-06-06,9237
00687B,國泰20年美債,7,0,7,凱基-敦北,2023-06-06,9237
2356,英業達,6,0,6,凱基-敦北,2023-06-06,9237
2368,金像電,7,1,6,凱基-敦北,2023-06-06,9237
2515,中工,12,6,6,凱基-敦北,2023-06-06,9237
5457,宣德,6,0,6,凱基-敦北,2023-06-06,9237
00725B,國泰投資級公司債,5,0,5,凱基-敦北,2023-06-06,9237
00772B,中信高評級公司債,5,0,5,凱基-敦北,2023-06-06,9237
00882,中信中國高股息,5,0,5,凱基-敦北,2023-06-06,9237
2002,中鋼,5,0,5,凱基-敦北,2023-06-06,9237
2402,毅嘉,5,0,5,凱基-敦北,2023-06-06,9237
3038,全台,5,0,5,凱基-敦北,2023-06-06,9237
3515,華擎,5,0,5,凱基-敦北,2023-06-06,9237
4966,譜瑞-KY,10,5,5,凱基-敦北,2023-06-06,9237
6215,和椿,5,0,5,凱基-敦北,2023-06-06,9237
8358,金居,83,2,81,凱基-敦北,2023-06-07,9237
6743,安普新,50,0,50,凱基-敦北,2023-06-07,9237
3013,晟銘電,32,2,30,凱基-敦北,2023-06-07,9237
3058,立德,41,13,28,凱基-敦北,2023-06-07,9237
00632R,元大台灣50反1,27,0,27,凱基-敦北,2023-06-07,9237
1513,中興電,33,6,27,凱基-敦北,2023-06-07,9237
4977,眾達-KY,30,3,27,凱基-敦北,2023-06-07,9237
2323,中環,25,0,25,凱基-敦北,2023-06-07,9237
4979,華星光,48,23,25,凱基-敦北,2023-06-07,9237
2313,華通,24,1,23,凱基-敦北,2023-06-07,9237
1514,亞力,22,1,21,凱基-敦北,2023-06-07,9237
2421,建準,31,11,20,凱基-敦北,2023-06-07,9237
6104,創惟,43,23,20,凱基-敦北,2023-06-07,9237
5340,建榮,26,8,18,凱基-敦北,2023-06-07,9237
1785,光洋科,16,1,15,凱基-敦北,2023-06-07,9237
00637L,元大滬深300正2,18,4,14,凱基-敦北,2023-06-07,9237
2368,金像電,53,40,13,凱基-敦北,2023-06-07,9237
2892,第一金,12,0,12,凱基-敦北,2023-06-07,9237
3032,偉訓,12,0,12,凱基-敦北,2023-06-07,9237
6125,廣運,24,12,12,凱基-敦北,2023-06-07,9237
2610,華航,16,5,11,凱基-敦北,2023-06-07,9237
6733,博晟生醫,11,0,11,凱基-敦北,2023-06-07,9237
00671R,富邦NASDAQ反1,10,0,10,凱基-敦北,2023-06-07,9237
1903,士紙,10,0,10,凱基-敦北,2023-06-07,9237
3682,亞太電,10,0,10,凱基-敦北,2023-06-07,9237
4563,百德,10,0,10,凱基-敦北,2023-06-07,9237
6213,聯茂,10,0,10,凱基-敦北,2023-06-07,9237
8176,智捷,10,0,10,凱基-敦北,2023-06-07,9237
8936,國統,12,2,10,凱基-敦北,2023-06-07,9237
6488,環球晶,9,0,9,凱基-敦北,2023-06-07,9237
00645,富邦日本,8,0,8,凱基-敦北,2023-06-07,9237
2451,創見,10,2,8,凱基-敦北,2023-06-07,9237
2640,大車隊,8,0,8,凱基-敦北,2023-06-07,9237
2645,長榮航太,8,0,8,凱基-敦北,2023-06-07,9237
3027,盛達,8,0,8,凱基-敦北,2023-06-07,9237
1608,華榮,7,0,7,凱基-敦北,2023-06-07,9237
2820,華票,7,0,7,凱基-敦北,2023-06-07,9237
00919,群益台灣精選高息,6,0,6,凱基-敦北,2023-06-07,9237
2344,華邦電,7,1,6,凱基-敦北,2023-06-07,9237
2461,光群雷,8,2,6,凱基-敦北,2023-06-07,9237
2614,東森,6,0,6,凱基-敦北,2023-06-07,9237
6235,華孚,12,6,6,凱基-敦北,2023-06-07,9237
2327,國巨,5,0,5,凱基-敦北,2023-06-07,9237
00891,中信關鍵半導體,5,0,5,凱基-敦北,2023-06-07,9237
1310,台苯,5,0,5,凱基-敦北,2023-06-07,9237
2352,佳世達,6,1,5,凱基-敦北,2023-06-07,9237
2367,燿華,5,0,5,凱基-敦北,2023-06-07,9237
2530,華建,5,0,5,凱基-敦北,2023-06-07,9237
3363,上詮,7,2,5,凱基-敦北,2023-06-07,9237
3673,TPK-KY,5,0,5,凱基-敦北,2023-06-07,9237
6743,安普新,160,50,110,凱基-敦北,2023-06-08,9237
6219,富旺,80,0,80,凱基-敦北,2023-06-08,9237
3596,智易,77,12,65,凱基-敦北,2023-06-08,9237
00922,國泰台灣領袖50,50,0,50,凱基-敦北,2023-06-08,9237
3325,旭品,48,0,48,凱基-敦北,2023-06-08,9237
3049,精金,50,5,45,凱基-敦北,2023-06-08,9237
3481,群創,62,20,42,凱基-敦北,2023-06-08,9237
2331,精英,41,0,41,凱基-敦北,2023-06-08,9237
6282,康舒,49,10,39,凱基-敦北,2023-06-08,9237
2344,華邦電,42,4,38,凱基-敦北,2023-06-08,9237
00751B,元大AAA至A公司債,36,0,36,凱基-敦北,2023-06-08,9237
00687B,國泰20年美債,31,0,31,凱基-敦北,2023-06-08,9237
3374,精材,72,42,30,凱基-敦北,2023-06-08,9237
2611,志信,31,3,28,凱基-敦北,2023-06-08,9237
00772B,中信高評級公司債,26,0,26,凱基-敦北,2023-06-08,9237
00632R,元大台灣50反1,25,0,25,凱基-敦北,2023-06-08,9237
5474,聰泰,42,21,21,凱基-敦北,2023-06-08,9237
6104,創惟,23,2,21,凱基-敦北,2023-06-08,9237
2027,大成鋼,21,1,20,凱基-敦北,2023-06-08,9237
00919,群益台灣精選高息,20,2,18,凱基-敦北,2023-06-08,9237
00882,中信中國高股息,18,0,18,凱基-敦北,2023-06-08,9237
4979,華星光,31,13,18,凱基-敦北,2023-06-08,9237
1609,大亞,232,215,17,凱基-敦北,2023-06-08,9237
00720B,元大投資級公司債,17,0,17,凱基-敦北,2023-06-08,9237
8099,大世科,17,0,17,凱基-敦北,2023-06-08,9237
8033,雷虎,26,10,16,凱基-敦北,2023-06-08,9237
00679B,元大美債20年,15,0,15,凱基-敦北,2023-06-08,9237
3289,宜特,17,2,15,凱基-敦北,2023-06-08,9237
3078,僑威,14,0,14,凱基-敦北,2023-06-08,9237
00680L,元大美債20正2,14,1,13,凱基-敦北,2023-06-08,9237
8085,福華,13,0,13,凱基-敦北,2023-06-08,9237
6830,汎銓,24,12,12,凱基-敦北,2023-06-08,9237
1314,中石化,11,0,11,凱基-敦北,2023-06-08,9237
0056,元大高股息,12,1,11,凱基-敦北,2023-06-08,9237
1584,精剛,10,0,10,凱基-敦北,2023-06-08,9237
2515,中工,10,0,10,凱基-敦北,2023-06-08,9237
3037,欣興,17,7,10,凱基-敦北,2023-06-08,9237
6182,合晶,10,0,10,凱基-敦北,2023-06-08,9237
8182,加高,10,0,10,凱基-敦北,2023-06-08,9237
8938,明安,10,0,10,凱基-敦北,2023-06-08,9237
1524,耿鼎,11,1,10,凱基-敦北,2023-06-08,9237
1605,華新,9,0,9,凱基-敦北,2023-06-08,9237
00878,國泰永續高股息,18,10,8,凱基-敦北,2023-06-08,9237
2609,陽明,8,0,8,凱基-敦北,2023-06-08,9237
00725B,國泰投資級公司債,8,0,8,凱基-敦北,2023-06-08,9237
2618,長榮航,20,12,8,凱基-敦北,2023-06-08,9237
2882,國泰金,8,0,8,凱基-敦北,2023-06-08,9237
3518,柏騰,8,0,8,凱基-敦北,2023-06-08,9237
6124,業強,8,0,8,凱基-敦北,2023-06-08,9237
2377,微星,7,0,7,凱基-敦北,2023-06-08,9237
2888,新光金,122,0,122,凱基-敦北,2023-06-09,9237
3325,旭品,177,99,78,凱基-敦北,2023-06-09,9237
2211,長榮鋼,50,0,50,凱基-敦北,2023-06-09,9237
2388,威盛,33,2,31,凱基-敦北,2023-06-09,9237
3231,緯創,59,29,30,凱基-敦北,2023-06-09,9237
6179,亞通,30,3,27,凱基-敦北,2023-06-09,9237
8038,長園科,24,0,24,凱基-敦北,2023-06-09,9237
4564,元翎,22,0,22,凱基-敦北,2023-06-09,9237
6104,創惟,43,22,21,凱基-敦北,2023-06-09,9237
00683L,期元大美元指正2,20,0,20,凱基-敦北,2023-06-09,9237
00720B,元大投資級公司債,20,0,20,凱基-敦北,2023-06-09,9237
1815,富喬,21,1,20,凱基-敦北,2023-06-09,9237
2451,創見,20,0,20,凱基-敦北,2023-06-09,9237
1513,中興電,20,2,18,凱基-敦北,2023-06-09,9237
4157,太景*-KY,20,2,18,凱基-敦北,2023-06-09,9237
00712,復華富時不動產,30,15,15,凱基-敦北,2023-06-09,9237
00915,凱基優選高股息30,15,0,15,凱基-敦北,2023-06-09,9237
3163,波若威,15,0,15,凱基-敦北,2023-06-09,9237
5483,中美晶,14,0,14,凱基-敦北,2023-06-09,9237
6235,華孚,45,31,14,凱基-敦北,2023-06-09,9237
3033,威健,15,2,13,凱基-敦北,2023-06-09,9237
1504,東元,11,0,11,凱基-敦北,2023-06-09,9237
3596,智易,12,1,11,凱基-敦北,2023-06-09,9237
2420,新巨,10,0,10,凱基-敦北,2023-06-09,9237
2867,三商壽,10,0,10,凱基-敦北,2023-06-09,9237
4973,廣穎,10,0,10,凱基-敦北,2023-06-09,9237
5302,太欣,10,0,10,凱基-敦北,2023-06-09,9237
8059,凱碩,10,0,10,凱基-敦北,2023-06-09,9237
2603,長榮,22,13,9,凱基-敦北,2023-06-09,9237
2352,佳世達,9,0,9,凱基-敦北,2023-06-09,9237
2610,華航,15,7,8,凱基-敦北,2023-06-09,9237
4533,協易機,10,2,8,凱基-敦北,2023-06-09,9237
5465,富驊,11,3,8,凱基-敦北,2023-06-09,9237
2324,仁寶,8,0,8,凱基-敦北,2023-06-09,9237
8112,至上,10,3,7,凱基-敦北,2023-06-09,9237
00919,群益台灣精選高息,6,0,6,凱基-敦北,2023-06-09,9237
2027,大成鋼,10,4,6,凱基-敦北,2023-06-09,9237
6266,泰詠,6,0,6,凱基-敦北,2023-06-09,9237
8942,森鉅,8,2,6,凱基-敦北,2023-06-09,9237
1533,車王電,5,0,5,凱基-敦北,2023-06-09,9237
00632R,元大台灣50反1,5,0,5,凱基-敦北,2023-06-09,9237
00671R,富邦NASDAQ反1,5,0,5,凱基-敦北,2023-06-09,9237
00923,群益台ESG低碳50,5,0,5,凱基-敦北,2023-06-09,9237
1802,台玻,5,0,5,凱基-敦北,2023-06-09,9237
2390,云辰,5,0,5,凱基-敦北,2023-06-09,9237
3162,精確,5,0,5,凱基-敦北,2023-06-09,9237
4967,十銓,20,15,5,凱基-敦北,2023-06-09,9237
6026,福邦證,5,0,5,凱基-敦北,2023-06-09,9237
6180,橘子,5,0,5,凱基-敦北,2023-06-09,9237
8072,陞泰,5,0,5,凱基-敦北,2023-06-09,9237
2903,遠百,80,0,80,凱基-敦北,2023-06-12,9237
2317,鴻海,105,32,73,凱基-敦北,2023-06-12,9237
2368,金像電,82,21,61,凱基-敦北,2023-06-12,9237
3325,旭品,63,4,59,凱基-敦北,2023-06-12,9237
6235,華孚,71,17,54,凱基-敦北,2023-06-12,9237
4977,眾達-KY,54,1,53,凱基-敦北,2023-06-12,9237
2888,新光金,187,136,51,凱基-敦北,2023-06-12,9237
8011,台通,40,2,38,凱基-敦北,2023-06-12,9237
00712,復華富時不動產,44,10,34,凱基-敦北,2023-06-12,9237
00878,國泰永續高股息,26,2,24,凱基-敦北,2023-06-12,9237
3078,僑威,35,11,24,凱基-敦北,2023-06-12,9237
5258,虹堡,26,3,23,凱基-敦北,2023-06-12,9237
5410,國眾,22,0,22,凱基-敦北,2023-06-12,9237
2208,台船,20,0,20,凱基-敦北,2023-06-12,9237
00919,群益台灣精選高息,20,0,20,凱基-敦北,2023-06-12,9237
0056,元大高股息,28,11,17,凱基-敦北,2023-06-12,9237
2882,國泰金,22,5,17,凱基-敦北,2023-06-12,9237
3413,京鼎,17,0,17,凱基-敦北,2023-06-12,9237
00929,復華台灣科技優息,16,0,16,凱基-敦北,2023-06-12,9237
00632R,元大台灣50反1,16,0,16,凱基-敦北,2023-06-12,9237
3033,威健,15,0,15,凱基-敦北,2023-06-12,9237
8937,合騏,14,0,14,凱基-敦北,2023-06-12,9237
6187,萬潤,53,41,12,凱基-敦北,2023-06-12,9237
4968,立積,14,2,12,凱基-敦北,2023-06-12,9237
2324,仁寶,13,2,11,凱基-敦北,2023-06-12,9237
2388,威盛,11,1,10,凱基-敦北,2023-06-12,9237
00701,國泰股利精選30,10,0,10,凱基-敦北,2023-06-12,9237
3003,健和興,12,2,10,凱基-敦北,2023-06-12,9237
3289,宜特,24,15,9,凱基-敦北,2023-06-12,9237
3665,貿聯-KY,13,4,9,凱基-敦北,2023-06-12,9237
1612,宏泰,8,0,8,凱基-敦北,2023-06-12,9237
3264,欣銓,7,0,7,凱基-敦北,2023-06-12,9237
1785,光洋科,7,0,7,凱基-敦北,2023-06-12,9237
2352,佳世達,7,0,7,凱基-敦北,2023-06-12,9237
2633,台灣高鐵,7,0,7,凱基-敦北,2023-06-12,9237
3231,緯創,35,28,7,凱基-敦北,2023-06-12,9237
2382,廣達,14,7,7,凱基-敦北,2023-06-12,9237
1101,台泥,6,0,6,凱基-敦北,2023-06-12,9237
1524,耿鼎,6,0,6,凱基-敦北,2023-06-12,9237
1605,華新,7,1,6,凱基-敦北,2023-06-12,9237
2548,華固,6,0,6,凱基-敦北,2023-06-12,9237
2889,國票金,6,0,6,凱基-敦北,2023-06-12,9237
6112,邁達特,6,0,6,凱基-敦北,2023-06-12,9237
6124,業強,10,4,6,凱基-敦北,2023-06-12,9237
8924,大田,6,0,6,凱基-敦北,2023-06-12,9237
00679B,元大美債20年,13,8,5,凱基-敦北,2023-06-12,9237
6664,群翊,5,0,5,凱基-敦北,2023-06-12,9237
00923,群益台ESG低碳50,5,0,5,凱基-敦北,2023-06-12,9237
00893,國泰智能電動車,10,5,5,凱基-敦北,2023-06-12,9237
2239,英利-KY,5,0,5,凱基-敦北,2023-06-12,9237
3231,緯創,79,11,68,凱基-敦北,2023-06-13,9237
4979,華星光,132,73,59,凱基-敦北,2023-06-13,9237
2882,國泰金,36,0,36,凱基-敦北,2023-06-13,9237
00915,凱基優選高股息30,26,0,26,凱基-敦北,2023-06-13,9237
00919,群益台灣精選高息,44,22,22,凱基-敦北,2023-06-13,9237
2887,台新金,21,2,19,凱基-敦北,2023-06-13,9237
5324,士開,20,1,19,凱基-敦北,2023-06-13,9237
2324,仁寶,23,6,17,凱基-敦北,2023-06-13,9237
2610,華航,21,4,17,凱基-敦北,2023-06-13,9237
4533,協易機,23,6,17,凱基-敦北,2023-06-13,9237
5351,鈺創,18,1,17,凱基-敦北,2023-06-13,9237
00712,復華富時不動產,17,1,16,凱基-敦北,2023-06-13,9237
1101,台泥,14,1,13,凱基-敦北,2023-06-13,9237
2436,偉詮電,13,0,13,凱基-敦北,2023-06-13,9237
00642U,期元大S＆P石油,13,0,13,凱基-敦北,2023-06-13,9237
5258,虹堡,12,2,10,凱基-敦北,2023-06-13,9237
00921,兆豐龍頭等權重,10,0,10,凱基-敦北,2023-06-13,9237
00671R,富邦NASDAQ反1,10,0,10,凱基-敦北,2023-06-13,9237
00753L,中信中國50正2,10,0,10,凱基-敦北,2023-06-13,9237
2313,華通,10,0,10,凱基-敦北,2023-06-13,9237
2601,益航,10,0,10,凱基-敦北,2023-06-13,9237
3056,富華新,10,0,10,凱基-敦北,2023-06-13,9237
6830,汎銓,25,15,10,凱基-敦北,2023-06-13,9237
8033,雷虎,10,0,10,凱基-敦北,2023-06-13,9237
8171,天宇,10,0,10,凱基-敦北,2023-06-13,9237
3033,威健,9,0,9,凱基-敦北,2023-06-13,9237
3703,欣陸,14,5,9,凱基-敦北,2023-06-13,9237
3003,健和興,9,1,8,凱基-敦北,2023-06-13,9237
6170,統振,8,0,8,凱基-敦北,2023-06-13,9237
8937,合騏,12,4,8,凱基-敦北,2023-06-13,9237
1605,華新,8,1,7,凱基-敦北,2023-06-13,9237
2211,長榮鋼,7,0,7,凱基-敦北,2023-06-13,9237
5410,國眾,6,0,6,凱基-敦北,2023-06-13,9237
4968,立積,6,0,6,凱基-敦北,2023-06-13,9237
00853B,統一美債10年Aa-,6,0,6,凱基-敦北,2023-06-13,9237
2314,台揚,6,0,6,凱基-敦北,2023-06-13,9237
2812,台中銀,6,0,6,凱基-敦北,2023-06-13,9237
3088,艾訊,6,0,6,凱基-敦北,2023-06-13,9237
4432,銘旺實,6,0,6,凱基-敦北,2023-06-13,9237
5531,鄉林,6,0,6,凱基-敦北,2023-06-13,9237
8059,凱碩,6,1,5,凱基-敦北,2023-06-13,9237
6488,環球晶,5,0,5,凱基-敦北,2023-06-13,9237
00681R,元大美債20反1,5,0,5,凱基-敦北,2023-06-13,9237
1504,東元,5,0,5,凱基-敦北,2023-06-13,9237
1810,和成,5,0,5,凱基-敦北,2023-06-13,9237
1903,士紙,5,0,5,凱基-敦北,2023-06-13,9237
2357,華碩,5,0,5,凱基-敦北,2023-06-13,9237
2462,良得電,5,0,5,凱基-敦北,2023-06-13,9237
2481,強茂,5,0,5,凱基-敦北,2023-06-13,9237
6226,光鼎,5,0,5,凱基-敦北,2023-06-13,9237
1718,中纖,80,0,80,凱基-敦北,2023-06-14,9237
4979,華星光,60,21,39,凱基-敦北,2023-06-14,9237
2368,金像電,40,3,37,凱基-敦北,2023-06-14,9237
2356,英業達,30,2,28,凱基-敦北,2023-06-14,9237
1101,台泥,23,0,23,凱基-敦北,2023-06-14,9237
6235,華孚,32,11,21,凱基-敦北,2023-06-14,9237
2363,矽統,21,0,21,凱基-敦北,2023-06-14,9237
3033,威健,29,8,21,凱基-敦北,2023-06-14,9237
3703,欣陸,15,0,15,凱基-敦北,2023-06-14,9237
00915,凱基優選高股息30,24,9,15,凱基-敦北,2023-06-14,9237
2390,云辰,20,5,15,凱基-敦北,2023-06-14,9237
3707,漢磊,17,2,15,凱基-敦北,2023-06-14,9237
00679B,元大美債20年,13,0,13,凱基-敦北,2023-06-14,9237
2324,仁寶,15,2,13,凱基-敦北,2023-06-14,9237
4973,廣穎,14,1,13,凱基-敦北,2023-06-14,9237
6182,合晶,15,2,13,凱基-敦北,2023-06-14,9237
6830,汎銓,15,2,13,凱基-敦北,2023-06-14,9237
9105,泰金寶-DR,13,0,13,凱基-敦北,2023-06-14,9237
8076,伍豐,12,0,12,凱基-敦北,2023-06-14,9237
6185,幃翔,12,1,11,凱基-敦北,2023-06-14,9237
4967,十銓,24,13,11,凱基-敦北,2023-06-14,9237
1609,大亞,11,0,11,凱基-敦北,2023-06-14,9237
3058,立德,11,0,11,凱基-敦北,2023-06-14,9237
00720B,元大投資級公司債,10,0,10,凱基-敦北,2023-06-14,9237
2486,一詮,10,0,10,凱基-敦北,2023-06-14,9237
2888,新光金,38,28,10,凱基-敦北,2023-06-14,9237
4572,駐龍,10,0,10,凱基-敦北,2023-06-14,9237
5386,青雲,10,0,10,凱基-敦北,2023-06-14,9237
8033,雷虎,10,0,10,凱基-敦北,2023-06-14,9237
8093,保銳,10,0,10,凱基-敦北,2023-06-14,9237
00895,富邦未來車,10,1,9,凱基-敦北,2023-06-14,9237
2352,佳世達,15,6,9,凱基-敦北,2023-06-14,9237
00923,群益台ESG低碳50,8,0,8,凱基-敦北,2023-06-14,9237
8937,合騏,9,1,8,凱基-敦北,2023-06-14,9237
00773B,中信優先金融債,7,0,7,凱基-敦北,2023-06-14,9237
2376,技嘉,7,0,7,凱基-敦北,2023-06-14,9237
1522,堤維西,10,3,7,凱基-敦北,2023-06-14,9237
00772B,中信高評級公司債,6,0,6,凱基-敦北,2023-06-14,9237
6789,采鈺,6,0,6,凱基-敦北,2023-06-14,9237
5425,台半,15,9,6,凱基-敦北,2023-06-14,9237
00919,群益台灣精選高息,5,0,5,凱基-敦北,2023-06-14,9237
2731,雄獅,14,9,5,凱基-敦北,2023-06-14,9237
1103,嘉泥,5,0,5,凱基-敦北,2023-06-14,9237
00687B,國泰20年美債,5,0,5,凱基-敦北,2023-06-14,9237
00751B,元大AAA至A公司債,5,0,5,凱基-敦北,2023-06-14,9237
2436,偉詮電,5,0,5,凱基-敦北,2023-06-14,9237
2633,台灣高鐵,5,0,5,凱基-敦北,2023-06-14,9237
3653,健策,5,0,5,凱基-敦北,2023-06-14,9237
6148,驊宏資,5,0,5,凱基-敦北,2023-06-14,9237
6226,光鼎,5,0,5,凱基-敦北,2023-06-14,9237
2356,英業達,86,9,77,凱基-敦北,2023-06-15,9237
2886,兆豐金,59,0,59,凱基-敦北,2023-06-15,9237
6116,彩晶,52,0,52,凱基-敦北,2023-06-15,9237
1718,中纖,50,0,50,凱基-敦北,2023-06-15,9237
6743,安普新,131,84,47,凱基-敦北,2023-06-15,9237
00919,群益台灣精選高息,33,0,33,凱基-敦北,2023-06-15,9237
3289,宜特,26,0,26,凱基-敦北,2023-06-15,9237
1101,台泥,23,0,23,凱基-敦北,2023-06-15,9237
6104,創惟,23,0,23,凱基-敦北,2023-06-15,9237
00922,國泰台灣領袖50,20,0,20,凱基-敦北,2023-06-15,9237
2903,遠百,20,0,20,凱基-敦北,2023-06-15,9237
00687B,國泰20年美債,15,0,15,凱基-敦北,2023-06-15,9237
1905,華紙,12,0,12,凱基-敦北,2023-06-15,9237
6781,AES-KY,15,3,12,凱基-敦北,2023-06-15,9237
00637L,元大滬深300正2,16,5,11,凱基-敦北,2023-06-15,9237
2317,鴻海,10,0,10,凱基-敦北,2023-06-15,9237
8210,勤誠,13,3,10,凱基-敦北,2023-06-15,9237
00757,統一FANG+,10,0,10,凱基-敦北,2023-06-15,9237
0056,元大高股息,10,0,10,凱基-敦北,2023-06-15,9237
00683L,期元大美元指正2,10,0,10,凱基-敦北,2023-06-15,9237
2883,凱基金,10,0,10,凱基-敦北,2023-06-15,9237
3022,威強電,17,7,10,凱基-敦北,2023-06-15,9237
3306,鼎天,10,0,10,凱基-敦北,2023-06-15,9237
3419,譁裕,10,0,10,凱基-敦北,2023-06-15,9237
4973,廣穎,10,0,10,凱基-敦北,2023-06-15,9237
5284,jpp-KY,10,0,10,凱基-敦北,2023-06-15,9237
5426,振發,10,0,10,凱基-敦北,2023-06-15,9237
6415,矽力*-KY,20,10,10,凱基-敦北,2023-06-15,9237
2888,新光金,50,40,10,凱基-敦北,2023-06-15,9237
00712,復華富時不動產,9,0,9,凱基-敦北,2023-06-15,9237
6113,亞矽,8,0,8,凱基-敦北,2023-06-15,9237
8028,昇陽半導體,9,1,8,凱基-敦北,2023-06-15,9237
1605,華新,7,0,7,凱基-敦北,2023-06-15,9237
2633,台灣高鐵,7,0,7,凱基-敦北,2023-06-15,9237
00632R,元大台灣50反1,6,0,6,凱基-敦北,2023-06-15,9237
1609,大亞,18,12,6,凱基-敦北,2023-06-15,9237
1802,台玻,11,5,6,凱基-敦北,2023-06-15,9237
4919,新唐,7,1,6,凱基-敦北,2023-06-15,9237
2887,台新金,6,0,6,凱基-敦北,2023-06-15,9237
1307,三芳,5,0,5,凱基-敦北,2023-06-15,9237
00671R,富邦NASDAQ反1,5,0,5,凱基-敦北,2023-06-15,9237
00680L,元大美債20正2,5,0,5,凱基-敦北,2023-06-15,9237
00724B,群益投資級金融債,5,0,5,凱基-敦北,2023-06-15,9237
1785,光洋科,6,1,5,凱基-敦北,2023-06-15,9237
2314,台揚,5,0,5,凱基-敦北,2023-06-15,9237
3033,威健,7,2,5,凱基-敦北,2023-06-15,9237
3163,波若威,7,2,5,凱基-敦北,2023-06-15,9237
3260,威剛,5,0,5,凱基-敦北,2023-06-15,9237
3290,東浦,5,0,5,凱基-敦北,2023-06-15,9237
4532,瑞智,5,0,5,凱基-敦北,2023-06-15,9237
2801,彰銀,800,0,800,凱基-敦北,2023-06-16,9237
2211,長榮鋼,130,10,120,凱基-敦北,2023-06-16,9237
4979,華星光,156,48,108,凱基-敦北,2023-06-16,9237
2886,兆豐金,92,2,90,凱基-敦北,2023-06-16,9237
3587,閎康,50,0,50,凱基-敦北,2023-06-16,9237
6282,康舒,47,1,46,凱基-敦北,2023-06-16,9237
00919,群益台灣精選高息,55,10,45,凱基-敦北,2023-06-16,9237
3481,群創,83,39,44,凱基-敦北,2023-06-16,9237
2331,精英,42,0,42,凱基-敦北,2023-06-16,9237
2610,華航,156,118,38,凱基-敦北,2023-06-16,9237
2371,大同,140,107,33,凱基-敦北,2023-06-16,9237
2409,友達,56,27,29,凱基-敦北,2023-06-16,9237
1605,華新,35,9,26,凱基-敦北,2023-06-16,9237
2618,長榮航,66,40,26,凱基-敦北,2023-06-16,9237
6125,廣運,26,1,25,凱基-敦北,2023-06-16,9237
1108,幸福,20,0,20,凱基-敦北,2023-06-16,9237
00632R,元大台灣50反1,20,0,20,凱基-敦北,2023-06-16,9237
00683L,期元大美元指正2,20,0,20,凱基-敦北,2023-06-16,9237
6104,創惟,23,3,20,凱基-敦北,2023-06-16,9237
00671R,富邦NASDAQ反1,16,0,16,凱基-敦北,2023-06-16,9237
3380,明泰,22,6,16,凱基-敦北,2023-06-16,9237
2419,仲琦,15,0,15,凱基-敦北,2023-06-16,9237
8034,榮群,15,0,15,凱基-敦北,2023-06-16,9237
1727,中華化,15,1,14,凱基-敦北,2023-06-16,9237
6179,亞通,15,1,14,凱基-敦北,2023-06-16,9237
2338,光罩,12,0,12,凱基-敦北,2023-06-16,9237
2851,中再保,12,0,12,凱基-敦北,2023-06-16,9237
5009,榮剛,11,0,11,凱基-敦北,2023-06-16,9237
2382,廣達,14,4,10,凱基-敦北,2023-06-16,9237
00674R,期元大S＆P黃金反1,10,0,10,凱基-敦北,2023-06-16,9237
1460,宏遠,10,0,10,凱基-敦北,2023-06-16,9237
4162,智擎,10,0,10,凱基-敦北,2023-06-16,9237
00900,富邦特選高股息30,10,1,9,凱基-敦北,2023-06-16,9237
00929,復華台灣科技優息,9,0,9,凱基-敦北,2023-06-16,9237
2486,一詮,10,1,9,凱基-敦北,2023-06-16,9237
3224,三顧,9,0,9,凱基-敦北,2023-06-16,9237
4533,協易機,10,1,9,凱基-敦北,2023-06-16,9237
1905,華紙,20,12,8,凱基-敦北,2023-06-16,9237
2617,台航,8,0,8,凱基-敦北,2023-06-16,9237
3354,律勝,8,0,8,凱基-敦北,2023-06-16,9237
2454,聯發科,8,1,7,凱基-敦北,2023-06-16,9237
1504,東元,12,5,7,凱基-敦北,2023-06-16,9237
1734,杏輝,9,2,7,凱基-敦北,2023-06-16,9237
0056,元大高股息,11,5,6,凱基-敦北,2023-06-16,9237
2891,中信金,6,0,6,凱基-敦北,2023-06-16,9237
3163,波若威,6,0,6,凱基-敦北,2023-06-16,9237
3374,精材,7,1,6,凱基-敦北,2023-06-16,9237
4906,正文,6,0,6,凱基-敦北,2023-06-16,9237
6235,華孚,55,49,6,凱基-敦北,2023-06-16,9237
2308,台達電,7,2,5,凱基-敦北,2023-06-16,9237
1802,台玻,108,8,100,凱基-敦北,2023-06-19,9237
6116,彩晶,104,5,99,凱基-敦北,2023-06-19,9237
8088,品安,83,3,80,凱基-敦北,2023-06-19,9237
1519,華城,60,1,59,凱基-敦北,2023-06-19,9237
2382,廣達,89,34,55,凱基-敦北,2023-06-19,9237
4967,十銓,94,44,50,凱基-敦北,2023-06-19,9237
6282,康舒,43,0,43,凱基-敦北,2023-06-19,9237
2882,國泰金,33,0,33,凱基-敦北,2023-06-19,9237
00773B,中信優先金融債,31,0,31,凱基-敦北,2023-06-19,9237
2211,長榮鋼,30,0,30,凱基-敦北,2023-06-19,9237
00720B,元大投資級公司債,38,9,29,凱基-敦北,2023-06-19,9237
3693,營邦,43,18,25,凱基-敦北,2023-06-19,9237
1605,華新,24,1,23,凱基-敦北,2023-06-19,9237
3231,緯創,28,6,22,凱基-敦北,2023-06-19,9237
3056,富華新,22,0,22,凱基-敦北,2023-06-19,9237
2027,大成鋼,21,0,21,凱基-敦北,2023-06-19,9237
00772B,中信高評級公司債,31,14,17,凱基-敦北,2023-06-19,9237
2609,陽明,22,5,17,凱基-敦北,2023-06-19,9237
3354,律勝,16,0,16,凱基-敦北,2023-06-19,9237
00878,國泰永續高股息,16,0,16,凱基-敦北,2023-06-19,9237
2324,仁寶,20,5,15,凱基-敦北,2023-06-19,9237
1301,台塑,15,0,15,凱基-敦北,2023-06-19,9237
00637L,元大滬深300正2,15,0,15,凱基-敦北,2023-06-19,9237
3017,奇鋐,20,5,15,凱基-敦北,2023-06-19,9237
00919,群益台灣精選高息,13,0,13,凱基-敦北,2023-06-19,9237
2436,偉詮電,12,0,12,凱基-敦北,2023-06-19,9237
6180,橘子,12,0,12,凱基-敦北,2023-06-19,9237
8358,金居,11,0,11,凱基-敦北,2023-06-19,9237
00632R,元大台灣50反1,10,0,10,凱基-敦北,2023-06-19,9237
5439,高技,10,0,10,凱基-敦北,2023-06-19,9237
6182,合晶,10,0,10,凱基-敦北,2023-06-19,9237
3356,奇偶,16,7,9,凱基-敦北,2023-06-19,9237
3363,上詮,11,2,9,凱基-敦北,2023-06-19,9237
2104,國際中橡,11,2,9,凱基-敦北,2023-06-19,9237
00882,中信中國高股息,8,0,8,凱基-敦北,2023-06-19,9237
00712,復華富時不動產,8,0,8,凱基-敦北,2023-06-19,9237
6412,群電,8,0,8,凱基-敦北,2023-06-19,9237
6830,汎銓,24,16,8,凱基-敦北,2023-06-19,9237
8087,麗升能源,8,0,8,凱基-敦北,2023-06-19,9237
8210,勤誠,8,0,8,凱基-敦北,2023-06-19,9237
1810,和成,7,0,7,凱基-敦北,2023-06-19,9237
2480,敦陽科,7,0,7,凱基-敦北,2023-06-19,9237
3025,星通,9,2,7,凱基-敦北,2023-06-19,9237
00713,元大台灣高息低波,6,0,6,凱基-敦北,2023-06-19,9237
00912,中信臺灣智慧50,6,0,6,凱基-敦北,2023-06-19,9237
00921,兆豐龍頭等權重,5,0,5,凱基-敦北,2023-06-19,9237
00853B,統一美債10年Aa-,5,0,5,凱基-敦北,2023-06-19,9237
00673R,期元大S＆P原油反1,5,0,5,凱基-敦北,2023-06-19,9237
1710,東聯,5,0,5,凱基-敦北,2023-06-19,9237
6462,神盾,5,0,5,凱基-敦北,2023-06-19,9237
5009,榮剛,124,17,107,凱基-敦北,2023-06-20,9237
2888,新光金,98,0,98,凱基-敦北,2023-06-20,9237
5512,力麒,67,0,67,凱基-敦北,2023-06-20,9237
6234,高僑,41,1,40,凱基-敦北,2023-06-20,9237
2382,廣達,65,33,32,凱基-敦北,2023-06-20,9237
3056,富華新,32,0,32,凱基-敦北,2023-06-20,9237
2634,漢翔,32,3,29,凱基-敦北,2023-06-20,9237
2323,中環,29,7,22,凱基-敦北,2023-06-20,9237
3354,律勝,21,0,21,凱基-敦北,2023-06-20,9237
6104,創惟,20,0,20,凱基-敦北,2023-06-20,9237
2454,聯發科,19,0,19,凱基-敦北,2023-06-20,9237
2504,國產,18,0,18,凱基-敦北,2023-06-20,9237
00882,中信中國高股息,17,0,17,凱基-敦北,2023-06-20,9237
3380,明泰,16,0,16,凱基-敦北,2023-06-20,9237
6248,沛波,15,0,15,凱基-敦北,2023-06-20,9237
4916,事欣科,15,1,14,凱基-敦北,2023-06-20,9237
1319,東陽,27,14,13,凱基-敦北,2023-06-20,9237
00720B,元大投資級公司債,13,0,13,凱基-敦北,2023-06-20,9237
8222,寶一,15,3,12,凱基-敦北,2023-06-20,9237
2609,陽明,11,0,11,凱基-敦北,2023-06-20,9237
3665,貿聯-KY,15,4,11,凱基-敦北,2023-06-20,9237
6509,聚和,11,0,11,凱基-敦北,2023-06-20,9237
00878,國泰永續高股息,12,1,11,凱基-敦北,2023-06-20,9237
2482,連宇,24,14,10,凱基-敦北,2023-06-20,9237
3592,瑞鼎,10,0,10,凱基-敦北,2023-06-20,9237
2409,友達,18,9,9,凱基-敦北,2023-06-20,9237
6235,華孚,15,6,9,凱基-敦北,2023-06-20,9237
6446,藥華藥,9,0,9,凱基-敦北,2023-06-20,9237
1477,聚陽,11,3,8,凱基-敦北,2023-06-20,9237
2324,仁寶,10,2,8,凱基-敦北,2023-06-20,9237
0056,元大高股息,11,3,8,凱基-敦北,2023-06-20,9237
2027,大成鋼,12,5,7,凱基-敦北,2023-06-20,9237
3362,先進光,7,0,7,凱基-敦北,2023-06-20,9237
00712,復華富時不動產,6,0,6,凱基-敦北,2023-06-20,9237
1605,華新,10,4,6,凱基-敦北,2023-06-20,9237
3025,星通,8,2,6,凱基-敦北,2023-06-20,9237
00794B,群益7+中國政金債,5,0,5,凱基-敦北,2023-06-20,9237
00921,兆豐龍頭等權重,5,0,5,凱基-敦北,2023-06-20,9237
2530,華建,5,0,5,凱基-敦北,2023-06-20,9237
2615,萬海,5,0,5,凱基-敦北,2023-06-20,9237
2618,長榮航,27,22,5,凱基-敦北,2023-06-20,9237
2838,聯邦銀,5,0,5,凱基-敦北,2023-06-20,9237
2887,台新金,5,0,5,凱基-敦北,2023-06-20,9237
6185,幃翔,5,0,5,凱基-敦北,2023-06-20,9237
6244,茂迪,9,4,5,凱基-敦北,2023-06-20,9237
6462,神盾,5,0,5,凱基-敦北,2023-06-20,9237
8072,陞泰,5,0,5,凱基-敦北,2023-06-20,9237
8112,至上,5,0,5,凱基-敦北,2023-06-20,9237
8936,國統,8,3,5,凱基-敦北,2023-06-20,9237
2303,聯電,6,1,5,凱基-敦北,2023-06-20,9237
2801,彰銀,505,15,490,凱基-敦北,2023-06-21,9237
00927,群益半導體收益,71,0,71,凱基-敦北,2023-06-21,9237
00919,群益台灣精選高息,56,0,56,凱基-敦北,2023-06-21,9237
2352,佳世達,52,0,52,凱基-敦北,2023-06-21,9237
3046,建��,43,0,43,凱基-敦北,2023-06-21,9237
4934,太極,42,2,40,凱基-敦北,2023-06-21,9237
3481,群創,62,24,38,凱基-敦北,2023-06-21,9237
8936,國統,23,0,23,凱基-敦北,2023-06-21,9237
6830,汎銓,18,0,18,凱基-敦北,2023-06-21,9237
2104,國際中橡,16,0,16,凱基-敦北,2023-06-21,9237
6120,達運,17,1,16,凱基-敦北,2023-06-21,9237
2745,五福,15,0,15,凱基-敦北,2023-06-21,9237
2609,陽明,16,2,14,凱基-敦北,2023-06-21,9237
3380,明泰,13,1,12,凱基-敦北,2023-06-21,9237
3466,德晉,12,0,12,凱基-敦北,2023-06-21,9237
2211,長榮鋼,11,0,11,凱基-敦北,2023-06-21,9237
00665L,富邦�琤肭磪囓�2,10,0,10,凱基-敦北,2023-06-21,9237
1721,三晃,10,0,10,凱基-敦北,2023-06-21,9237
2888,新光金,15,5,10,凱基-敦北,2023-06-21,9237
3035,智原,10,0,10,凱基-敦北,2023-06-21,9237
2405,輔信,10,1,9,凱基-敦北,2023-06-21,9237
4979,華星光,42,33,9,凱基-敦北,2023-06-21,9237
2618,長榮航,29,21,8,凱基-敦北,2023-06-21,9237
1319,東陽,11,4,7,凱基-敦北,2023-06-21,9237
1905,華紙,10,3,7,凱基-敦北,2023-06-21,9237
2504,國產,7,0,7,凱基-敦北,2023-06-21,9237
3056,富華新,21,14,7,凱基-敦北,2023-06-21,9237
3259,鑫創,7,0,7,凱基-敦北,2023-06-21,9237
3483,力致,8,1,7,凱基-敦北,2023-06-21,9237
2428,興勤,10,4,6,凱基-敦北,2023-06-21,9237
3661,世芯-KY,7,2,5,凱基-敦北,2023-06-21,9237
2308,台達電,5,0,5,凱基-敦北,2023-06-21,9237
00929,復華台灣科技優息,5,0,5,凱基-敦北,2023-06-21,9237
00671R,富邦NASDAQ反1,5,0,5,凱基-敦北,2023-06-21,9237
2023,燁輝,5,0,5,凱基-敦北,2023-06-21,9237
2344,華邦電,5,0,5,凱基-敦北,2023-06-21,9237
2363,矽統,5,0,5,凱基-敦北,2023-06-21,9237
2633,台灣高鐵,5,0,5,凱基-敦北,2023-06-21,9237
3029,零壹,5,0,5,凱基-敦北,2023-06-21,9237
3252,海灣,6,1,5,凱基-敦北,2023-06-21,9237
6207,雷科,5,0,5,凱基-敦北,2023-06-21,9237
6790,永豐實,5,0,5,凱基-敦北,2023-06-21,9237
1795,美時,5,0,5,凱基-敦北,2023-06-21,9237
2603,長榮,7,3,4,凱基-敦北,2023-06-21,9237
00882,中信中國高股息,4,0,4,凱基-敦北,2023-06-21,9237
00712,復華富時不動產,23,19,4,凱基-敦北,2023-06-21,9237
2739,寒舍,4,0,4,凱基-敦北,2023-06-21,9237
3025,星通,6,2,4,凱基-敦北,2023-06-21,9237
2615,萬海,3,0,3,凱基-敦北,2023-06-21,9237
1301,台塑,3,0,3,凱基-敦北,2023-06-21,9237
6282,康舒,222,36,186,凱基-敦北,2023-06-26,9237
2211,長榮鋼,110,0,110,凱基-敦北,2023-06-26,9237
3035,智原,63,6,57,凱基-敦北,2023-06-26,9237
3231,緯創,67,17,50,凱基-敦北,2023-06-26,9237
2331,精英,40,0,40,凱基-敦北,2023-06-26,9237
1815,富喬,30,0,30,凱基-敦北,2023-06-26,9237
2023,燁輝,30,0,30,凱基-敦北,2023-06-26,9237
2323,中環,113,83,30,凱基-敦北,2023-06-26,9237
3706,神達,32,2,30,凱基-敦北,2023-06-26,9237
5340,建榮,30,0,30,凱基-敦北,2023-06-26,9237
00632R,元大台灣50反1,40,15,25,凱基-敦北,2023-06-26,9237
2101,南港,21,0,21,凱基-敦北,2023-06-26,9237
2883,凱基金,15,0,15,凱基-敦北,2023-06-26,9237
4564,元翎,15,0,15,凱基-敦北,2023-06-26,9237
3481,群創,23,10,13,凱基-敦北,2023-06-26,9237
1319,東陽,14,2,12,凱基-敦北,2023-06-26,9237
1711,永光,12,0,12,凱基-敦北,2023-06-26,9237
1905,華紙,15,3,12,凱基-敦北,2023-06-26,9237
2371,大同,12,0,12,凱基-敦北,2023-06-26,9237
1303,南亞,11,0,11,凱基-敦北,2023-06-26,9237
4108,懷特,11,0,11,凱基-敦北,2023-06-26,9237
00882,中信中國高股息,10,0,10,凱基-敦北,2023-06-26,9237
00674R,期元大S＆P黃金反1,10,0,10,凱基-敦北,2023-06-26,9237
00929,復華台灣科技優息,10,0,10,凱基-敦北,2023-06-26,9237
00927,群益半導體收益,10,0,10,凱基-敦北,2023-06-26,9237
1301,台塑,10,0,10,凱基-敦北,2023-06-26,9237
1471,首利,10,0,10,凱基-敦北,2023-06-26,9237
1477,聚陽,10,0,10,凱基-敦北,2023-06-26,9237
2104,國際中橡,10,0,10,凱基-敦北,2023-06-26,9237
2882,國泰金,10,0,10,凱基-敦北,2023-06-26,9237
3015,全漢,10,0,10,凱基-敦北,2023-06-26,9237
3202,樺晟,11,1,10,凱基-敦北,2023-06-26,9237
3673,TPK-KY,11,1,10,凱基-敦北,2023-06-26,9237
5512,力麒,10,0,10,凱基-敦北,2023-06-26,9237
2748,雲品,9,0,9,凱基-敦北,2023-06-26,9237
3038,全台,9,0,9,凱基-敦北,2023-06-26,9237
1605,華新,11,2,9,凱基-敦北,2023-06-26,9237
2352,佳世達,10,2,8,凱基-敦北,2023-06-26,9237
4543,萬在,9,1,8,凱基-敦北,2023-06-26,9237
00893,國泰智能電動車,9,2,7,凱基-敦北,2023-06-26,9237
1802,台玻,13,6,7,凱基-敦北,2023-06-26,9237
8131,福懋科,7,0,7,凱基-敦北,2023-06-26,9237
00665L,富邦�琤肭磪囓�2,6,0,6,凱基-敦北,2023-06-26,9237
2409,友達,8,2,6,凱基-敦北,2023-06-26,9237
3289,宜特,8,2,6,凱基-敦北,2023-06-26,9237
4919,新唐,10,4,6,凱基-敦北,2023-06-26,9237
6116,彩晶,6,0,6,凱基-敦北,2023-06-26,9237
00878,國泰永續高股息,9,3,6,凱基-敦北,2023-06-26,9237
1533,車王電,6,0,6,凱基-敦北,2023-06-26,9237
2482,連宇,8,3,5,凱基-敦北,2023-06-26,9237
2634,漢翔,263,64,199,凱基-敦北,2023-06-27,9237
2323,中環,207,62,145,凱基-敦北,2023-06-27,9237
2354,鴻準,51,0,51,凱基-敦北,2023-06-27,9237
2888,新光金,50,1,49,凱基-敦北,2023-06-27,9237
2618,長榮航,45,13,32,凱基-敦北,2023-06-27,9237
3264,欣銓,30,0,30,凱基-敦北,2023-06-27,9237
2368,金像電,41,11,30,凱基-敦北,2023-06-27,9237
2890,永豐金,25,0,25,凱基-敦北,2023-06-27,9237
00632R,元大台灣50反1,40,18,22,凱基-敦北,2023-06-27,9237
5009,榮剛,24,2,22,凱基-敦北,2023-06-27,9237
8033,雷虎,22,0,22,凱基-敦北,2023-06-27,9237
2883,凱基金,21,0,21,凱基-敦北,2023-06-27,9237
00900,富邦特選高股息30,21,0,21,凱基-敦北,2023-06-27,9237
00927,群益半導體收益,20,0,20,凱基-敦北,2023-06-27,9237
1477,聚陽,20,0,20,凱基-敦北,2023-06-27,9237
2101,南港,20,0,20,凱基-敦北,2023-06-27,9237
2211,長榮鋼,20,0,20,凱基-敦北,2023-06-27,9237
3149,正達,20,0,20,凱基-敦北,2023-06-27,9237
4938,和碩,26,10,16,凱基-敦北,2023-06-27,9237
00637L,元大滬深300正2,15,0,15,凱基-敦北,2023-06-27,9237
1785,光洋科,12,0,12,凱基-敦北,2023-06-27,9237
6863,永道-KY,12,0,12,凱基-敦北,2023-06-27,9237
2317,鴻海,16,6,10,凱基-敦北,2023-06-27,9237
3522,御嵿,10,0,10,凱基-敦北,2023-06-27,9237
1301,台塑,10,0,10,凱基-敦北,2023-06-27,9237
6235,華孚,10,0,10,凱基-敦北,2023-06-27,9237
00882,中信中國高股息,10,0,10,凱基-敦北,2023-06-27,9237
2342,茂矽,10,0,10,凱基-敦北,2023-06-27,9237
3537,堡達,10,0,10,凱基-敦北,2023-06-27,9237
3581,博磊,10,0,10,凱基-敦北,2023-06-27,9237
4503,金雨,11,1,10,凱基-敦北,2023-06-27,9237
5439,高技,10,0,10,凱基-敦北,2023-06-27,9237
3583,辛耘,13,4,9,凱基-敦北,2023-06-27,9237
5426,振發,15,6,9,凱基-敦北,2023-06-27,9237
6116,彩晶,9,0,9,凱基-敦北,2023-06-27,9237
1605,華新,10,1,9,凱基-敦北,2023-06-27,9237
0056,元大高股息,12,4,8,凱基-敦北,2023-06-27,9237
1762,中化生,11,3,8,凱基-敦北,2023-06-27,9237
2303,聯電,15,7,8,凱基-敦北,2023-06-27,9237
2748,雲品,7,0,7,凱基-敦北,2023-06-27,9237
00878,國泰永續高股息,17,10,7,凱基-敦北,2023-06-27,9237
2314,台揚,7,0,7,凱基-敦北,2023-06-27,9237
3013,晟銘電,7,0,7,凱基-敦北,2023-06-27,9237
4543,萬在,14,7,7,凱基-敦北,2023-06-27,9237
00923,群益台ESG低碳50,7,1,6,凱基-敦北,2023-06-27,9237
2609,陽明,6,0,6,凱基-敦北,2023-06-27,9237
3122,笙泉,8,2,6,凱基-敦北,2023-06-27,9237
1460,宏遠,5,0,5,凱基-敦北,2023-06-27,9237
2449,京元電子,6,1,5,凱基-敦北,2023-06-27,9237
2913,農林,5,0,5,凱基-敦北,2023-06-27,9237
1101,台泥,48,0,48,凱基-敦北,2023-06-28,9237
8936,國統,40,2,38,凱基-敦北,2023-06-28,9237
1605,華新,38,9,29,凱基-敦北,2023-06-28,9237
3149,正達,20,0,20,凱基-敦北,2023-06-28,9237
2338,光罩,19,0,19,凱基-敦北,2023-06-28,9237
1471,首利,15,0,15,凱基-敦北,2023-06-28,9237
4938,和碩,14,0,14,凱基-敦北,2023-06-28,9237
00919,群益台灣精選高息,11,0,11,凱基-敦北,2023-06-28,9237
1609,大亞,17,6,11,凱基-敦北,2023-06-28,9237
4746,台耀,42,31,11,凱基-敦北,2023-06-28,9237
1513,中興電,12,2,10,凱基-敦北,2023-06-28,9237
5340,建榮,10,0,10,凱基-敦北,2023-06-28,9237
6235,華孚,10,0,10,凱基-敦北,2023-06-28,9237
8277,商丞,10,0,10,凱基-敦北,2023-06-28,9237
1301,台塑,7,0,7,凱基-敦北,2023-06-28,9237
1303,南亞,7,0,7,凱基-敦北,2023-06-28,9237
2609,陽明,8,1,7,凱基-敦北,2023-06-28,9237
4167,松瑞藥,7,0,7,凱基-敦北,2023-06-28,9237
4906,正文,7,0,7,凱基-敦北,2023-06-28,9237
00713,元大台灣高息低波,12,5,7,凱基-敦北,2023-06-28,9237
2603,長榮,11,4,7,凱基-敦北,2023-06-28,9237
00715L,期街口布蘭特正2,6,0,6,凱基-敦北,2023-06-28,9237
2303,聯電,6,0,6,凱基-敦北,2023-06-28,9237
2913,農林,6,0,6,凱基-敦北,2023-06-28,9237
3703,欣陸,6,0,6,凱基-敦北,2023-06-28,9237
8926,台汽電,6,0,6,凱基-敦北,2023-06-28,9237
3231,緯創,22,17,5,凱基-敦北,2023-06-28,9237
2615,萬海,5,0,5,凱基-敦北,2023-06-28,9237
00882,中信中國高股息,5,0,5,凱基-敦北,2023-06-28,9237
1907,永豐餘,5,0,5,凱基-敦北,2023-06-28,9237
2104,國際中橡,5,0,5,凱基-敦北,2023-06-28,9237
2883,凱基金,6,1,5,凱基-敦北,2023-06-28,9237
2885,元大金,5,0,5,凱基-敦北,2023-06-28,9237
3191,雲嘉南,5,0,5,凱基-敦北,2023-06-28,9237
3363,上詮,5,0,5,凱基-敦北,2023-06-28,9237
4123,晟德,5,0,5,凱基-敦北,2023-06-28,9237
6116,彩晶,5,0,5,凱基-敦北,2023-06-28,9237
6207,雷科,5,0,5,凱基-敦北,2023-06-28,9237
8112,至上,5,0,5,凱基-敦北,2023-06-28,9237
6282,康舒,25,21,4,凱基-敦北,2023-06-28,9237
00642U,期元大S＆P石油,4,0,4,凱基-敦北,2023-06-28,9237
2449,京元電子,5,1,4,凱基-敦北,2023-06-28,9237
2888,新光金,4,0,4,凱基-敦北,2023-06-28,9237
3596,智易,32,28,4,凱基-敦北,2023-06-28,9237
4564,元翎,4,0,4,凱基-敦北,2023-06-28,9237
5009,榮剛,5,1,4,凱基-敦北,2023-06-28,9237
5533,皇鼎,4,0,4,凱基-敦北,2023-06-28,9237
5704,老爺知,4,0,4,凱基-敦北,2023-06-28,9237
00712,復華富時不動產,10,7,3,凱基-敦北,2023-06-28,9237
00900,富邦特選高股息30,3,0,3,凱基-敦北,2023-06-28,9237
6185,幃翔,65,0,65,凱基-敦北,2023-06-29,9237
3207,耀勝,194,134,60,凱基-敦北,2023-06-29,9237
1303,南亞,58,0,58,凱基-敦北,2023-06-29,9237
2888,新光金,55,2,53,凱基-敦北,2023-06-29,9237
2886,兆豐金,32,0,32,凱基-敦北,2023-06-29,9237
2409,友達,23,0,23,凱基-敦北,2023-06-29,9237
2882,國泰金,23,1,22,凱基-敦北,2023-06-29,9237
3149,正達,20,0,20,凱基-敦北,2023-06-29,9237
4572,駐龍,20,0,20,凱基-敦北,2023-06-29,9237
1605,華新,26,7,19,凱基-敦北,2023-06-29,9237
2618,長榮航,62,47,15,凱基-敦北,2023-06-29,9237
5222,全訊,15,0,15,凱基-敦北,2023-06-29,9237
00882,中信中國高股息,15,1,14,凱基-敦北,2023-06-29,9237
2317,鴻海,14,1,13,凱基-敦北,2023-06-29,9237
1609,大亞,15,2,13,凱基-敦北,2023-06-29,9237
2303,聯電,15,3,12,凱基-敦北,2023-06-29,9237
2338,光罩,13,1,12,凱基-敦北,2023-06-29,9237
2353,宏��,12,0,12,凱基-敦北,2023-06-29,9237
00637L,元大滬深300正2,21,10,11,凱基-敦北,2023-06-29,9237
00679B,元大美債20年,11,0,11,凱基-敦北,2023-06-29,9237
2211,長榮鋼,11,0,11,凱基-敦北,2023-06-29,9237
6841,長佳智能,10,0,10,凱基-敦北,2023-06-29,9237
2885,元大金,11,2,9,凱基-敦北,2023-06-29,9237
2530,華建,8,0,8,凱基-敦北,2023-06-29,9237
2883,凱基金,10,2,8,凱基-敦北,2023-06-29,9237
8112,至上,10,2,8,凱基-敦北,2023-06-29,9237
1533,車王電,7,0,7,凱基-敦北,2023-06-29,9237
2610,華航,22,15,7,凱基-敦北,2023-06-29,9237
3005,神基,8,1,7,凱基-敦北,2023-06-29,9237
4979,華星光,12,6,6,凱基-敦北,2023-06-29,9237
3481,群創,6,0,6,凱基-敦北,2023-06-29,9237
2367,燿華,8,2,6,凱基-敦北,2023-06-29,9237
3665,貿聯-KY,46,40,6,凱基-敦北,2023-06-29,9237
4919,新唐,9,3,6,凱基-敦北,2023-06-29,9237
2412,中華電,7,1,6,凱基-敦北,2023-06-29,9237
00665L,富邦�琤肭磪囓�2,5,0,5,凱基-敦北,2023-06-29,9237
1477,聚陽,45,40,5,凱基-敦北,2023-06-29,9237
2449,京元電子,5,0,5,凱基-敦北,2023-06-29,9237
2884,玉山金,6,1,5,凱基-敦北,2023-06-29,9237
5426,振發,5,0,5,凱基-敦北,2023-06-29,9237
6142,友勁,5,0,5,凱基-敦北,2023-06-29,9237
8215,明基材,5,0,5,凱基-敦北,2023-06-29,9237
2603,長榮,15,11,4,凱基-敦北,2023-06-29,9237
00919,群益台灣精選高息,15,11,4,凱基-敦北,2023-06-29,9237
2609,陽明,10,6,4,凱基-敦北,2023-06-29,9237
00713,元大台灣高息低波,11,7,4,凱基-敦北,2023-06-29,9237
2313,華通,5,1,4,凱基-敦北,2023-06-29,9237
2457,飛宏,5,1,4,凱基-敦北,2023-06-29,9237
2458,義隆,8,4,4,凱基-敦北,2023-06-29,9237
5490,同亨,4,0,4,凱基-敦北,2023-06-29,9237
2354,鴻準,50,0,50,凱基-敦北,2023-06-30,9237
4934,太極,33,2,31,凱基-敦北,2023-06-30,9237
2883,凱基金,30,0,30,凱基-敦北,2023-06-30,9237
2323,中環,30,0,30,凱基-敦北,2023-06-30,9237
2855,統一證,30,0,30,凱基-敦北,2023-06-30,9237
4979,華星光,62,34,28,凱基-敦北,2023-06-30,9237
00687B,國泰20年美債,27,5,22,凱基-敦北,2023-06-30,9237
6274,台燿,42,20,22,凱基-敦北,2023-06-30,9237
00706L,期元大S＆P日圓正2,20,0,20,凱基-敦北,2023-06-30,9237
6235,華孚,20,0,20,凱基-敦北,2023-06-30,9237
5474,聰泰,15,0,15,凱基-敦北,2023-06-30,9237
3260,威剛,18,4,14,凱基-敦北,2023-06-30,9237
00764B,群益25年美債,13,0,13,凱基-敦北,2023-06-30,9237
4532,瑞智,18,6,12,凱基-敦北,2023-06-30,9237
00679B,元大美債20年,11,0,11,凱基-敦北,2023-06-30,9237
2344,華邦電,28,17,11,凱基-敦北,2023-06-30,9237
00900,富邦特選高股息30,10,0,10,凱基-敦北,2023-06-30,9237
1609,大亞,13,3,10,凱基-敦北,2023-06-30,9237
2313,華通,10,0,10,凱基-敦北,2023-06-30,9237
3051,力特,10,0,10,凱基-敦北,2023-06-30,9237
4414,如興,10,0,10,凱基-敦北,2023-06-30,9237
5439,高技,10,0,10,凱基-敦北,2023-06-30,9237
6180,橘子,10,0,10,凱基-敦北,2023-06-30,9237
00680L,元大美債20正2,9,0,9,凱基-敦北,2023-06-30,9237
4967,十銓,11,2,9,凱基-敦北,2023-06-30,9237
6470,宇智,10,1,9,凱基-敦北,2023-06-30,9237
8936,國統,30,21,9,凱基-敦北,2023-06-30,9237
3034,聯詠,8,0,8,凱基-敦北,2023-06-30,9237
00722B,群益投資級電信債,8,0,8,凱基-敦北,2023-06-30,9237
2105,正新,8,0,8,凱基-敦北,2023-06-30,9237
2208,台船,8,0,8,凱基-敦北,2023-06-30,9237
2352,佳世達,8,0,8,凱基-敦北,2023-06-30,9237
6441,廣錠,8,0,8,凱基-敦北,2023-06-30,9237
2615,萬海,7,0,7,凱基-敦北,2023-06-30,9237
00919,群益台灣精選高息,13,6,7,凱基-敦北,2023-06-30,9237
3703,欣陸,6,0,6,凱基-敦北,2023-06-30,9237
2462,良得電,6,0,6,凱基-敦北,2023-06-30,9237
2610,華航,14,8,6,凱基-敦北,2023-06-30,9237
2881,富邦金,7,1,6,凱基-敦北,2023-06-30,9237
3045,台灣大,6,0,6,凱基-敦北,2023-06-30,9237
3498,陽程,6,0,6,凱基-敦北,2023-06-30,9237
00878,國泰永續高股息,11,5,6,凱基-敦北,2023-06-30,9237
00923,群益台ESG低碳50,5,0,5,凱基-敦北,2023-06-30,9237
00671R,富邦NASDAQ反1,5,0,5,凱基-敦北,2023-06-30,9237
00882,中信中國高股息,5,0,5,凱基-敦北,2023-06-30,9237
3596,智易,5,0,5,凱基-敦北,2023-06-30,9237
3693,營邦,5,0,5,凱基-敦北,2023-06-30,9237
4168,醣聯,5,0,5,凱基-敦北,2023-06-30,9237
5386,青雲,5,0,5,凱基-敦北,2023-06-30,9237
8049,晶采,5,0,5,凱基-敦北,2023-06-30,9237
1905,華紙,84,18,66,凱基-敦北,2023-07-03,9237
2331,精英,45,5,40,凱基-敦北,2023-07-03,9237
2609,陽明,72,37,35,凱基-敦北,2023-07-03,9237
4414,如興,35,0,35,凱基-敦北,2023-07-03,9237
3027,盛達,29,0,29,凱基-敦北,2023-07-03,9237
00665L,富邦�琤肭磪囓�2,20,0,20,凱基-敦北,2023-07-03,9237
4906,正文,20,1,19,凱基-敦北,2023-07-03,9237
3035,智原,20,4,16,凱基-敦北,2023-07-03,9237
1603,華電,15,0,15,凱基-敦北,2023-07-03,9237
3702,大聯大,15,0,15,凱基-敦北,2023-07-03,9237
5222,全訊,15,0,15,凱基-敦北,2023-07-03,9237
2353,宏��,12,0,12,凱基-敦北,2023-07-03,9237
2357,華碩,12,0,12,凱基-敦北,2023-07-03,9237
00671R,富邦NASDAQ反1,10,0,10,凱基-敦北,2023-07-03,9237
2408,南亞科,10,0,10,凱基-敦北,2023-07-03,9237
3380,明泰,10,0,10,凱基-敦北,2023-07-03,9237
4967,十銓,15,5,10,凱基-敦北,2023-07-03,9237
6770,力積電,10,0,10,凱基-敦北,2023-07-03,9237
2883,凱基金,10,0,10,凱基-敦北,2023-07-03,9237
1795,美時,11,2,9,凱基-敦北,2023-07-03,9237
1802,台玻,8,0,8,凱基-敦北,2023-07-03,9237
2338,光罩,9,1,8,凱基-敦北,2023-07-03,9237
3596,智易,23,15,8,凱基-敦北,2023-07-03,9237
4979,華星光,28,20,8,凱基-敦北,2023-07-03,9237
2303,聯電,8,1,7,凱基-敦北,2023-07-03,9237
2412,中華電,8,1,7,凱基-敦北,2023-07-03,9237
3675,德微,7,0,7,凱基-敦北,2023-07-03,9237
2344,華邦電,26,20,6,凱基-敦北,2023-07-03,9237
3088,艾訊,6,0,6,凱基-敦北,2023-07-03,9237
6197,佳必琪,6,0,6,凱基-敦北,2023-07-03,9237
2501,國建,5,0,5,凱基-敦北,2023-07-03,9237
00681R,元大美債20反1,5,0,5,凱基-敦北,2023-07-03,9237
00738U,期元大道瓊白銀,5,0,5,凱基-敦北,2023-07-03,9237
2023,燁輝,5,0,5,凱基-敦北,2023-07-03,9237
2421,建準,6,1,5,凱基-敦北,2023-07-03,9237
2605,新興,5,0,5,凱基-敦北,2023-07-03,9237
3665,貿聯-KY,14,9,5,凱基-敦北,2023-07-03,9237
5530,龍巖,5,0,5,凱基-敦北,2023-07-03,9237
5609,中菲行,5,0,5,凱基-敦北,2023-07-03,9237
1303,南亞,4,0,4,凱基-敦北,2023-07-03,9237
3017,奇鋐,11,7,4,凱基-敦北,2023-07-03,9237
6191,精成科,4,0,4,凱基-敦北,2023-07-03,9237
6715,嘉基,4,0,4,凱基-敦北,2023-07-03,9237
6796,晉弘,4,0,4,凱基-敦北,2023-07-03,9237
6830,汎銓,4,0,4,凱基-敦北,2023-07-03,9237
8215,明基材,4,0,4,凱基-敦北,2023-07-03,9237
8937,合騏,4,0,4,凱基-敦北,2023-07-03,9237
2409,友達,3,0,3,凱基-敦北,2023-07-03,9237
00673R,期元大S＆P原油反1,3,0,3,凱基-敦北,2023-07-03,9237
1472,三洋實業,3,0,3,凱基-敦北,2023-07-03,9237
2603,長榮,230,19,211,凱基-敦北,2023-07-04,9237
3013,晟銘電,193,5,188,凱基-敦北,2023-07-04,9237
6282,康舒,224,93,131,凱基-敦北,2023-07-04,9237
3689,湧德,108,0,108,凱基-敦北,2023-07-04,9237
1304,台聚,40,0,40,凱基-敦北,2023-07-04,9237
2883,凱基金,47,14,33,凱基-敦北,2023-07-04,9237
4414,如興,31,0,31,凱基-敦北,2023-07-04,9237
1513,中興電,43,14,29,凱基-敦北,2023-07-04,9237
1815,富喬,25,0,25,凱基-敦北,2023-07-04,9237
2368,金像電,124,104,20,凱基-敦北,2023-07-04,9237
2023,燁輝,50,30,20,凱基-敦北,2023-07-04,9237
2609,陽明,37,17,20,凱基-敦北,2023-07-04,9237
2412,中華電,19,0,19,凱基-敦北,2023-07-04,9237
2615,萬海,26,10,16,凱基-敦北,2023-07-04,9237
2382,廣達,62,46,16,凱基-敦北,2023-07-04,9237
1611,中電,15,0,15,凱基-敦北,2023-07-04,9237
2313,華通,16,1,15,凱基-敦北,2023-07-04,9237
2338,光罩,15,0,15,凱基-敦北,2023-07-04,9237
6168,宏齊,15,0,15,凱基-敦北,2023-07-04,9237
8936,國統,25,10,15,凱基-敦北,2023-07-04,9237
4908,前鼎,19,4,15,凱基-敦北,2023-07-04,9237
1301,台塑,15,1,14,凱基-敦北,2023-07-04,9237
3008,大立光,15,2,13,凱基-敦北,2023-07-04,9237
3675,德微,15,2,13,凱基-敦北,2023-07-04,9237
2360,致茂,13,1,12,凱基-敦北,2023-07-04,9237
2419,仲琦,11,0,11,凱基-敦北,2023-07-04,9237
2340,台亞,11,0,11,凱基-敦北,2023-07-04,9237
3090,日電貿,11,0,11,凱基-敦北,2023-07-04,9237
3481,群創,12,1,11,凱基-敦北,2023-07-04,9237
8110,華東,11,0,11,凱基-敦北,2023-07-04,9237
2399,映泰,10,0,10,凱基-敦北,2023-07-04,9237
3051,力特,10,0,10,凱基-敦北,2023-07-04,9237
3362,先進光,9,0,9,凱基-敦北,2023-07-04,9237
4938,和碩,9,0,9,凱基-敦北,2023-07-04,9237
5258,虹堡,10,1,9,凱基-敦北,2023-07-04,9237
6830,汎銓,12,4,8,凱基-敦北,2023-07-04,9237
3306,鼎天,7,0,7,凱基-敦北,2023-07-04,9237
5425,台半,31,24,7,凱基-敦北,2023-07-04,9237
5439,高技,11,4,7,凱基-敦北,2023-07-04,9237
6104,創惟,18,11,7,凱基-敦北,2023-07-04,9237
3706,神達,10,4,6,凱基-敦北,2023-07-04,9237
0056,元大高股息,37,31,6,凱基-敦北,2023-07-04,9237
1303,南亞,6,0,6,凱基-敦北,2023-07-04,9237
00757,統一FANG+,6,0,6,凱基-敦北,2023-07-04,9237
2439,美律,6,0,6,凱基-敦北,2023-07-04,9237
2887,台新金,6,0,6,凱基-敦北,2023-07-04,9237
3380,明泰,6,0,6,凱基-敦北,2023-07-04,9237
4114,健喬,6,0,6,凱基-敦北,2023-07-04,9237
4162,智擎,6,0,6,凱基-敦北,2023-07-04,9237
1503,士電,5,0,5,凱基-敦北,2023-07-04,9237
1802,台玻,151,2,149,凱基-敦北,2023-07-05,9237
3689,湧德,67,8,59,凱基-敦北,2023-07-05,9237
2618,長榮航,89,35,54,凱基-敦北,2023-07-05,9237
6282,康舒,178,129,49,凱基-敦北,2023-07-05,9237
3260,威剛,46,5,41,凱基-敦北,2023-07-05,9237
2419,仲琦,41,5,36,凱基-敦北,2023-07-05,9237
2609,陽明,70,38,32,凱基-敦北,2023-07-05,9237
6446,藥華藥,31,0,31,凱基-敦北,2023-07-05,9237
2023,燁輝,30,0,30,凱基-敦北,2023-07-05,9237
8358,金居,31,1,30,凱基-敦北,2023-07-05,9237
1513,中興電,32,2,30,凱基-敦北,2023-07-05,9237
6288,聯嘉,29,3,26,凱基-敦北,2023-07-05,9237
2883,凱基金,24,0,24,凱基-敦北,2023-07-05,9237
1471,首利,25,3,22,凱基-敦北,2023-07-05,9237
00772B,中信高評級公司債,20,0,20,凱基-敦北,2023-07-05,9237
3583,辛耘,22,3,19,凱基-敦北,2023-07-05,9237
2317,鴻海,16,1,15,凱基-敦北,2023-07-05,9237
5425,台半,24,9,15,凱基-敦北,2023-07-05,9237
0056,元大高股息,25,11,14,凱基-敦北,2023-07-05,9237
00637L,元大滬深300正2,15,1,14,凱基-敦北,2023-07-05,9237
1609,大亞,39,25,14,凱基-敦北,2023-07-05,9237
00764B,群益25年美債,13,0,13,凱基-敦北,2023-07-05,9237
2888,新光金,16,3,13,凱基-敦北,2023-07-05,9237
00929,復華台灣科技優息,12,0,12,凱基-敦北,2023-07-05,9237
2303,聯電,12,0,12,凱基-敦北,2023-07-05,9237
2887,台新金,12,0,12,凱基-敦北,2023-07-05,9237
00712,復華富時不動產,12,1,11,凱基-敦北,2023-07-05,9237
1611,中電,12,1,11,凱基-敦北,2023-07-05,9237
2211,長榮鋼,11,0,11,凱基-敦北,2023-07-05,9237
2606,裕民,11,0,11,凱基-敦北,2023-07-05,9237
00632R,元大台灣50反1,10,0,10,凱基-敦北,2023-07-05,9237
2812,台中銀,10,0,10,凱基-敦北,2023-07-05,9237
3441,聯一光,10,0,10,凱基-敦北,2023-07-05,9237
3652,精聯,10,0,10,凱基-敦北,2023-07-05,9237
8936,國統,10,0,10,凱基-敦北,2023-07-05,9237
1301,台塑,10,1,9,凱基-敦北,2023-07-05,9237
1319,東陽,16,7,9,凱基-敦北,2023-07-05,9237
00722B,群益投資級電信債,10,1,9,凱基-敦北,2023-07-05,9237
3704,合勤控,15,6,9,凱基-敦北,2023-07-05,9237
8049,晶采,9,0,9,凱基-敦北,2023-07-05,9237
6470,宇智,10,2,8,凱基-敦北,2023-07-05,9237
00919,群益台灣精選高息,8,0,8,凱基-敦北,2023-07-05,9237
00858,永豐美國500大,8,0,8,凱基-敦北,2023-07-05,9237
3703,欣陸,7,0,7,凱基-敦北,2023-07-05,9237
6138,茂達,8,1,7,凱基-敦北,2023-07-05,9237
4967,十銓,9,2,7,凱基-敦北,2023-07-05,9237
6274,台燿,10,3,7,凱基-敦北,2023-07-05,9237
8110,華東,7,0,7,凱基-敦北,2023-07-05,9237
1326,台化,6,0,6,凱基-敦北,2023-07-05,9237
00893,國泰智能電動車,6,0,6,凱基-敦北,2023-07-05,9237
2634,漢翔,122,1,121,凱基-敦北,2023-07-06,9237
1611,中電,65,0,65,凱基-敦北,2023-07-06,9237
2368,金像電,61,2,59,凱基-敦北,2023-07-06,9237
1101,台泥,49,0,49,凱基-敦北,2023-07-06,9237
3689,湧德,64,16,48,凱基-敦北,2023-07-06,9237
1809,中釉,50,6,44,凱基-敦北,2023-07-06,9237
00722B,群益投資級電信債,38,0,38,凱基-敦北,2023-07-06,9237
2101,南港,35,0,35,凱基-敦北,2023-07-06,9237
3362,先進光,35,2,33,凱基-敦北,2023-07-06,9237
5864,致和證,23,0,23,凱基-敦北,2023-07-06,9237
1301,台塑,23,1,22,凱基-敦北,2023-07-06,9237
2883,凱基金,21,0,21,凱基-敦北,2023-07-06,9237
1218,泰山,20,0,20,凱基-敦北,2023-07-06,9237
5222,全訊,20,0,20,凱基-敦北,2023-07-06,9237
00893,國泰智能電動車,18,0,18,凱基-敦北,2023-07-06,9237
6234,高僑,18,0,18,凱基-敦北,2023-07-06,9237
2891,中信金,17,0,17,凱基-敦北,2023-07-06,9237
3078,僑威,20,3,17,凱基-敦北,2023-07-06,9237
5009,榮剛,31,15,16,凱基-敦北,2023-07-06,9237
1217,愛之味,15,0,15,凱基-敦北,2023-07-06,9237
2892,第一金,15,0,15,凱基-敦北,2023-07-06,9237
00891,中信關鍵半導體,14,0,14,凱基-敦北,2023-07-06,9237
2317,鴻海,17,3,14,凱基-敦北,2023-07-06,9237
5425,台半,17,3,14,凱基-敦北,2023-07-06,9237
3481,群創,34,20,14,凱基-敦北,2023-07-06,9237
2881,富邦金,13,0,13,凱基-敦北,2023-07-06,9237
2002,中鋼,13,0,13,凱基-敦北,2023-07-06,9237
00753L,中信中國50正2,12,0,12,凱基-敦北,2023-07-06,9237
6111,大宇資,25,13,12,凱基-敦北,2023-07-06,9237
8048,德勝,11,0,11,凱基-敦北,2023-07-06,9237
8234,新漢,11,0,11,凱基-敦北,2023-07-06,9237
3090,日電貿,10,0,10,凱基-敦北,2023-07-06,9237
6664,群翊,10,0,10,凱基-敦北,2023-07-06,9237
00680L,元大美債20正2,9,0,9,凱基-敦北,2023-07-06,9237
00915,凱基優選高股息30,9,0,9,凱基-敦北,2023-07-06,9237
00687B,國泰20年美債,9,0,9,凱基-敦北,2023-07-06,9237
00764B,群益25年美債,9,0,9,凱基-敦北,2023-07-06,9237
00929,復華台灣科技優息,9,0,9,凱基-敦北,2023-07-06,9237
2313,華通,10,1,9,凱基-敦北,2023-07-06,9237
4414,如興,9,0,9,凱基-敦北,2023-07-06,9237
4755,三福化,9,0,9,凱基-敦北,2023-07-06,9237
4919,新唐,10,1,9,凱基-敦北,2023-07-06,9237
6546,正基,10,1,9,凱基-敦北,2023-07-06,9237
2412,中華電,8,0,8,凱基-敦北,2023-07-06,9237
5474,聰泰,10,2,8,凱基-敦北,2023-07-06,9237
6138,茂達,16,8,8,凱基-敦北,2023-07-06,9237
3037,欣興,8,0,8,凱基-敦北,2023-07-06,9237
2888,新光金,7,0,7,凱基-敦北,2023-07-06,9237
00757,統一FANG+,7,0,7,凱基-敦北,2023-07-06,9237
2801,彰銀,7,0,7,凱基-敦北,2023-07-06,9237
2312,金寶,399,72,327,凱基-敦北,2023-07-07,9237
2892,第一金,51,0,51,凱基-敦北,2023-07-07,9237
1809,中釉,81,50,31,凱基-敦北,2023-07-07,9237
6546,正基,31,0,31,凱基-敦北,2023-07-07,9237
3689,湧德,59,34,25,凱基-敦北,2023-07-07,9237
1301,台塑,24,1,23,凱基-敦北,2023-07-07,9237
00927,群益半導體收益,22,0,22,凱基-敦北,2023-07-07,9237
1815,富喬,20,0,20,凱基-敦北,2023-07-07,9237
3652,精聯,30,10,20,凱基-敦北,2023-07-07,9237
6104,創惟,44,24,20,凱基-敦北,2023-07-07,9237
00929,復華台灣科技優息,21,2,19,凱基-敦北,2023-07-07,9237
3033,威健,19,0,19,凱基-敦北,2023-07-07,9237
6125,廣運,18,1,17,凱基-敦北,2023-07-07,9237
00679B,元大美債20年,19,2,17,凱基-敦北,2023-07-07,9237
00706L,期元大S＆P日圓正2,16,0,16,凱基-敦北,2023-07-07,9237
00722B,群益投資級電信債,15,0,15,凱基-敦北,2023-07-07,9237
2323,中環,17,2,15,凱基-敦北,2023-07-07,9237
2409,友達,17,4,13,凱基-敦北,2023-07-07,9237
2888,新光金,13,0,13,凱基-敦北,2023-07-07,9237
00687B,國泰20年美債,15,3,12,凱基-敦北,2023-07-07,9237
3564,其陽,12,1,11,凱基-敦北,2023-07-07,9237
1101,台泥,12,1,11,凱基-敦北,2023-07-07,9237
2023,燁輝,10,0,10,凱基-敦北,2023-07-07,9237
3013,晟銘電,10,0,10,凱基-敦北,2023-07-07,9237
3027,盛達,12,2,10,凱基-敦北,2023-07-07,9237
3078,僑威,10,0,10,凱基-敦北,2023-07-07,9237
3416,融程電,10,0,10,凱基-敦北,2023-07-07,9237
00680L,元大美債20正2,9,0,9,凱基-敦北,2023-07-07,9237
00720B,元大投資級公司債,20,11,9,凱基-敦北,2023-07-07,9237
3498,陽程,9,0,9,凱基-敦北,2023-07-07,9237
6235,華孚,9,0,9,凱基-敦北,2023-07-07,9237
2645,長榮航太,8,0,8,凱基-敦北,2023-07-07,9237
5340,建榮,8,0,8,凱基-敦北,2023-07-07,9237
3481,群創,7,0,7,凱基-敦北,2023-07-07,9237
00878,國泰永續高股息,17,10,7,凱基-敦北,2023-07-07,9237
00764B,群益25年美債,7,0,7,凱基-敦北,2023-07-07,9237
1795,美時,7,0,7,凱基-敦北,2023-07-07,9237
00631L,元大台灣50正2,6,0,6,凱基-敦北,2023-07-07,9237
2049,上銀,6,0,6,凱基-敦北,2023-07-07,9237
1612,宏泰,6,0,6,凱基-敦北,2023-07-07,9237
3232,昱捷,12,6,6,凱基-敦北,2023-07-07,9237
3596,智易,7,1,6,凱基-敦北,2023-07-07,9237
4968,立積,6,0,6,凱基-敦北,2023-07-07,9237
8048,德勝,20,14,6,凱基-敦北,2023-07-07,9237
4532,瑞智,9,3,6,凱基-敦北,2023-07-07,9237
2356,英業達,8,3,5,凱基-敦北,2023-07-07,9237
2317,鴻海,15,10,5,凱基-敦北,2023-07-07,9237
4938,和碩,5,0,5,凱基-敦北,2023-07-07,9237
00724B,群益投資級金融債,5,0,5,凱基-敦北,2023-07-07,9237
00688L,國泰20年美債正2,5,0,5,凱基-敦北,2023-07-07,9237
2603,長榮,109,1,108,凱基-敦北,2023-07-10,9237
00922,國泰台灣領袖50,99,20,79,凱基-敦北,2023-07-10,9237
6016,康和證,78,0,78,凱基-敦北,2023-07-10,9237
8358,金居,60,0,60,凱基-敦北,2023-07-10,9237
1101,台泥,51,0,51,凱基-敦北,2023-07-10,9237
00632R,元大台灣50反1,50,0,50,凱基-敦北,2023-07-10,9237
2888,新光金,52,6,46,凱基-敦北,2023-07-10,9237
6104,創惟,45,5,40,凱基-敦北,2023-07-10,9237
2609,陽明,51,19,32,凱基-敦北,2023-07-10,9237
3689,湧德,30,0,30,凱基-敦北,2023-07-10,9237
3016,嘉晶,30,1,29,凱基-敦北,2023-07-10,9237
4979,華星光,46,19,27,凱基-敦北,2023-07-10,9237
6679,鈺太,26,0,26,凱基-敦北,2023-07-10,9237
0056,元大高股息,25,1,24,凱基-敦北,2023-07-10,9237
2317,鴻海,24,0,24,凱基-敦北,2023-07-10,9237
3033,威健,23,0,23,凱基-敦北,2023-07-10,9237
3209,全科,22,0,22,凱基-敦北,2023-07-10,9237
1326,台化,22,0,22,凱基-敦北,2023-07-10,9237
2449,京元電子,20,0,20,凱基-敦北,2023-07-10,9237
3325,旭品,18,1,17,凱基-敦北,2023-07-10,9237
4726,永昕,27,10,17,凱基-敦北,2023-07-10,9237
5864,致和證,17,0,17,凱基-敦北,2023-07-10,9237
1477,聚陽,16,0,16,凱基-敦北,2023-07-10,9237
2303,聯電,16,0,16,凱基-敦北,2023-07-10,9237
3363,上詮,16,1,15,凱基-敦北,2023-07-10,9237
00878,國泰永續高股息,20,6,14,凱基-敦北,2023-07-10,9237
3305,昇貿,16,3,13,凱基-敦北,2023-07-10,9237
00882,中信中國高股息,13,0,13,凱基-敦北,2023-07-10,9237
1609,大亞,14,2,12,凱基-敦北,2023-07-10,9237
2436,偉詮電,23,11,12,凱基-敦北,2023-07-10,9237
6235,華孚,52,40,12,凱基-敦北,2023-07-10,9237
2313,華通,11,0,11,凱基-敦北,2023-07-10,9237
6168,宏齊,11,0,11,凱基-敦北,2023-07-10,9237
00679B,元大美債20年,10,0,10,凱基-敦北,2023-07-10,9237
2014,中鴻,10,0,10,凱基-敦北,2023-07-10,9237
2855,統一證,10,0,10,凱基-敦北,2023-07-10,9237
3047,訊舟,10,0,10,凱基-敦北,2023-07-10,9237
8086,宏捷科,10,0,10,凱基-敦北,2023-07-10,9237
00680L,元大美債20正2,9,0,9,凱基-敦北,2023-07-10,9237
1513,中興電,12,3,9,凱基-敦北,2023-07-10,9237
1503,士電,10,2,8,凱基-敦北,2023-07-10,9237
1519,華城,10,3,7,凱基-敦北,2023-07-10,9237
1802,台玻,7,0,7,凱基-敦北,2023-07-10,9237
5258,虹堡,7,0,7,凱基-敦北,2023-07-10,9237
5340,建榮,7,0,7,凱基-敦北,2023-07-10,9237
6546,正基,7,0,7,凱基-敦北,2023-07-10,9237
6770,力積電,7,0,7,凱基-敦北,2023-07-10,9237
8069,元太,8,1,7,凱基-敦北,2023-07-10,9237
00764B,群益25年美債,6,0,6,凱基-敦北,2023-07-10,9237
00722B,群益投資級電信債,6,0,6,凱基-敦北,2023-07-10,9237
00632R,元大台灣50反1,52,0,52,凱基-敦北,2023-07-11,9237
2634,漢翔,52,0,52,凱基-敦北,2023-07-11,9237
3071,協禧,50,1,49,凱基-敦北,2023-07-11,9237
2353,宏��,52,10,42,凱基-敦北,2023-07-11,9237
6187,萬潤,38,1,37,凱基-敦北,2023-07-11,9237
6235,華孚,69,34,35,凱基-敦北,2023-07-11,9237
00900,富邦特選高股息30,50,18,32,凱基-敦北,2023-07-11,9237
3257,虹冠電,71,40,31,凱基-敦北,2023-07-11,9237
00922,國泰台灣領袖50,31,1,30,凱基-敦北,2023-07-11,9237
5457,宣德,26,0,26,凱基-敦北,2023-07-11,9237
2312,金寶,32,9,23,凱基-敦北,2023-07-11,9237
1809,中釉,21,0,21,凱基-敦北,2023-07-11,9237
3305,昇貿,26,10,16,凱基-敦北,2023-07-11,9237
2027,大成鋼,15,0,15,凱基-敦北,2023-07-11,9237
9904,寶成,14,0,14,凱基-敦北,2023-07-11,9237
2317,鴻海,15,2,13,凱基-敦北,2023-07-11,9237
6285,啟��,31,18,13,凱基-敦北,2023-07-11,9237
4916,事欣科,15,2,13,凱基-敦北,2023-07-11,9237
2323,中環,13,1,12,凱基-敦北,2023-07-11,9237
3092,鴻碩,12,0,12,凱基-敦北,2023-07-11,9237
6282,康舒,21,9,12,凱基-敦北,2023-07-11,9237
8171,天宇,11,0,11,凱基-敦北,2023-07-11,9237
2457,飛宏,14,4,10,凱基-敦北,2023-07-11,9237
2014,中鴻,10,0,10,凱基-敦北,2023-07-11,9237
2340,台亞,11,1,10,凱基-敦北,2023-07-11,9237
2812,台中銀,10,0,10,凱基-敦北,2023-07-11,9237
6120,達運,12,2,10,凱基-敦北,2023-07-11,9237
6426,統新,10,0,10,凱基-敦北,2023-07-11,9237
6168,宏齊,9,0,9,凱基-敦北,2023-07-11,9237
00921,兆豐龍頭等權重,8,0,8,凱基-敦北,2023-07-11,9237
1471,首利,10,2,8,凱基-敦北,2023-07-11,9237
3060,銘異,8,0,8,凱基-敦北,2023-07-11,9237
3540,曜越,8,0,8,凱基-敦北,2023-07-11,9237
2887,台新金,7,0,7,凱基-敦北,2023-07-11,9237
3413,京鼎,7,0,7,凱基-敦北,2023-07-11,9237
1101,台泥,10,3,7,凱基-敦北,2023-07-11,9237
2376,技嘉,10,4,6,凱基-敦北,2023-07-11,9237
00722B,群益投資級電信債,6,0,6,凱基-敦北,2023-07-11,9237
1218,泰山,6,0,6,凱基-敦北,2023-07-11,9237
1717,長興,6,0,6,凱基-敦北,2023-07-11,9237
1762,中化生,6,0,6,凱基-敦北,2023-07-11,9237
3596,智易,10,4,6,凱基-敦北,2023-07-11,9237
4768,晶呈科技,6,0,6,凱基-敦北,2023-07-11,9237
4934,太極,10,4,6,凱基-敦北,2023-07-11,9237
6288,聯嘉,6,0,6,凱基-敦北,2023-07-11,9237
4532,瑞智,42,37,5,凱基-敦北,2023-07-11,9237
2501,國建,5,0,5,凱基-敦北,2023-07-11,9237
3260,威剛,5,0,5,凱基-敦北,2023-07-11,9237
9958,世紀鋼,10,5,5,凱基-敦北,2023-07-11,9237
00902,中信電池及儲能,5,0,5,凱基-敦北,2023-07-11,9237
2634,漢翔,221,4,217,凱基-敦北,2023-07-12,9237
2323,中環,203,10,193,凱基-敦北,2023-07-12,9237
5009,榮剛,103,0,103,凱基-敦北,2023-07-12,9237
4414,如興,60,0,60,凱基-敦北,2023-07-12,9237
2618,長榮航,51,16,35,凱基-敦北,2023-07-12,9237
8936,國統,35,0,35,凱基-敦北,2023-07-12,9237
2303,聯電,34,2,32,凱基-敦北,2023-07-12,9237
00882,中信中國高股息,30,0,30,凱基-敦北,2023-07-12,9237
2356,英業達,115,85,30,凱基-敦北,2023-07-12,9237
00642U,期元大S＆P石油,30,1,29,凱基-敦北,2023-07-12,9237
6170,統振,23,1,22,凱基-敦北,2023-07-12,9237
6830,汎銓,32,10,22,凱基-敦北,2023-07-12,9237
2419,仲琦,21,0,21,凱基-敦北,2023-07-12,9237
3217,優群,20,0,20,凱基-敦北,2023-07-12,9237
6104,創惟,40,20,20,凱基-敦北,2023-07-12,9237
2610,華航,38,18,20,凱基-敦北,2023-07-12,9237
8028,昇陽半導體,20,0,20,凱基-敦北,2023-07-12,9237
2371,大同,23,5,18,凱基-敦北,2023-07-12,9237
3706,神達,23,6,17,凱基-敦北,2023-07-12,9237
2301,光寶科,33,16,17,凱基-敦北,2023-07-12,9237
3033,威健,13,0,13,凱基-敦北,2023-07-12,9237
6182,合晶,12,0,12,凱基-敦北,2023-07-12,9237
5425,台半,19,8,11,凱基-敦北,2023-07-12,9237
1218,泰山,10,0,10,凱基-敦北,2023-07-12,9237
00633L,富邦上証正2,10,0,10,凱基-敦北,2023-07-12,9237
00683L,期元大美元指正2,10,0,10,凱基-敦北,2023-07-12,9237
00693U,期街口S＆P黃豆,10,0,10,凱基-敦北,2023-07-12,9237
2515,中工,10,0,10,凱基-敦北,2023-07-12,9237
3209,全科,10,0,10,凱基-敦北,2023-07-12,9237
3693,營邦,10,0,10,凱基-敦北,2023-07-12,9237
6120,達運,11,1,10,凱基-敦北,2023-07-12,9237
6781,AES-KY,10,0,10,凱基-敦北,2023-07-12,9237
2328,廣宇,21,12,9,凱基-敦北,2023-07-12,9237
3362,先進光,9,1,8,凱基-敦北,2023-07-12,9237
3596,智易,8,0,8,凱基-敦北,2023-07-12,9237
4979,華星光,7,0,7,凱基-敦北,2023-07-12,9237
00722B,群益投資級電信債,7,0,7,凱基-敦北,2023-07-12,9237
1471,首利,7,0,7,凱基-敦北,2023-07-12,9237
7402,邑錡,7,0,7,凱基-敦北,2023-07-12,9237
4919,新唐,6,0,6,凱基-敦北,2023-07-12,9237
6509,聚和,6,0,6,凱基-敦北,2023-07-12,9237
00878,國泰永續高股息,28,22,6,凱基-敦北,2023-07-12,9237
2609,陽明,22,17,5,凱基-敦北,2023-07-12,9237
1319,東陽,30,25,5,凱基-敦北,2023-07-12,9237
00687B,國泰20年美債,5,0,5,凱基-敦北,2023-07-12,9237
00923,群益台ESG低碳50,5,0,5,凱基-敦北,2023-07-12,9237
1717,長興,5,0,5,凱基-敦北,2023-07-12,9237
1733,五鼎,5,0,5,凱基-敦北,2023-07-12,9237
2337,旺宏,5,0,5,凱基-敦北,2023-07-12,9237
2481,強茂,6,1,5,凱基-敦北,2023-07-12,9237
00632R,元大台灣50反1,132,50,82,凱基-敦北,2023-07-13,9237
2618,長榮航,66,3,63,凱基-敦北,2023-07-13,9237
6282,康舒,63,1,62,凱基-敦北,2023-07-13,9237
2368,金像電,183,124,59,凱基-敦北,2023-07-13,9237
00878,國泰永續高股息,76,19,57,凱基-敦北,2023-07-13,9237
2634,漢翔,49,3,46,凱基-敦北,2023-07-13,9237
00642U,期元大S＆P石油,42,0,42,凱基-敦北,2023-07-13,9237
2449,京元電子,45,4,41,凱基-敦北,2023-07-13,9237
2303,聯電,24,0,24,凱基-敦北,2023-07-13,9237
3362,先進光,48,25,23,凱基-敦北,2023-07-13,9237
3715,定穎投控,24,3,21,凱基-敦北,2023-07-13,9237
8016,矽創,21,0,21,凱基-敦北,2023-07-13,9237
00893,國泰智能電動車,25,5,20,凱基-敦北,2023-07-13,9237
00922,國泰台灣領袖50,20,0,20,凱基-敦北,2023-07-13,9237
2352,佳世達,27,9,18,凱基-敦北,2023-07-13,9237
1471,首利,25,9,16,凱基-敦北,2023-07-13,9237
1605,華新,17,3,14,凱基-敦北,2023-07-13,9237
00782B,國泰A級公用債,13,0,13,凱基-敦北,2023-07-13,9237
6182,合晶,14,1,13,凱基-敦北,2023-07-13,9237
6285,啟��,13,0,13,凱基-敦北,2023-07-13,9237
3232,昱捷,12,0,12,凱基-敦北,2023-07-13,9237
2324,仁寶,19,7,12,凱基-敦北,2023-07-13,9237
00673R,期元大S＆P原油反1,15,4,11,凱基-敦北,2023-07-13,9237
00671R,富邦NASDAQ反1,11,0,11,凱基-敦北,2023-07-13,9237
1218,泰山,11,0,11,凱基-敦北,2023-07-13,9237
00885,富邦越南,10,0,10,凱基-敦北,2023-07-13,9237
00722B,群益投資級電信債,10,0,10,凱基-敦北,2023-07-13,9237
00637L,元大滬深300正2,10,0,10,凱基-敦北,2023-07-13,9237
1815,富喬,10,0,10,凱基-敦北,2023-07-13,9237
2486,一詮,11,1,10,凱基-敦北,2023-07-13,9237
6143,振曜,10,0,10,凱基-敦北,2023-07-13,9237
6829,千附精密,10,0,10,凱基-敦北,2023-07-13,9237
9907,統一實,10,0,10,凱基-敦北,2023-07-13,9237
5443,均豪,9,0,9,凱基-敦北,2023-07-13,9237
00930,永豐ESG低碳高息,8,0,8,凱基-敦北,2023-07-13,9237
4979,華星光,20,12,8,凱基-敦北,2023-07-13,9237
2883,凱基金,8,0,8,凱基-敦北,2023-07-13,9237
4755,三福化,7,0,7,凱基-敦北,2023-07-13,9237
2382,廣達,22,15,7,凱基-敦北,2023-07-13,9237
1301,台塑,6,0,6,凱基-敦北,2023-07-13,9237
1513,中興電,13,7,6,凱基-敦北,2023-07-13,9237
5474,聰泰,6,0,6,凱基-敦北,2023-07-13,9237
3228,金麗科,5,0,5,凱基-敦北,2023-07-13,9237
00657,國泰日經225,5,0,5,凱基-敦北,2023-07-13,9237
00687B,國泰20年美債,5,0,5,凱基-敦北,2023-07-13,9237
00757,統一FANG+,6,1,5,凱基-敦北,2023-07-13,9237
1326,台化,5,0,5,凱基-敦北,2023-07-13,9237
1474,弘裕,5,0,5,凱基-敦北,2023-07-13,9237
1503,士電,5,0,5,凱基-敦北,2023-07-13,9237
1584,精剛,5,0,5,凱基-敦北,2023-07-13,9237
3689,湧德,95,6,89,凱基-敦北,2023-07-14,9237
3033,威健,77,0,77,凱基-敦北,2023-07-14,9237
6235,華孚,92,25,67,凱基-敦北,2023-07-14,9237
6104,創惟,84,25,59,凱基-敦北,2023-07-14,9237
2618,長榮航,97,39,58,凱基-敦北,2023-07-14,9237
00712,復華富時不動產,51,0,51,凱基-敦北,2023-07-14,9237
2610,華航,51,6,45,凱基-敦北,2023-07-14,9237
1529,樂事綠能,40,1,39,凱基-敦北,2023-07-14,9237
2881,富邦金,33,3,30,凱基-敦北,2023-07-14,9237
00632R,元大台灣50反1,86,56,30,凱基-敦北,2023-07-14,9237
00637L,元大滬深300正2,30,0,30,凱基-敦北,2023-07-14,9237
2371,大同,55,27,28,凱基-敦北,2023-07-14,9237
8112,至上,24,0,24,凱基-敦北,2023-07-14,9237
2356,英業達,44,20,24,凱基-敦北,2023-07-14,9237
3715,定穎投控,26,4,22,凱基-敦北,2023-07-14,9237
3017,奇鋐,26,6,20,凱基-敦北,2023-07-14,9237
8155,博智,34,14,20,凱基-敦北,2023-07-14,9237
8210,勤誠,24,7,17,凱基-敦北,2023-07-14,9237
00782B,國泰A級公用債,17,0,17,凱基-敦北,2023-07-14,9237
3363,上詮,28,11,17,凱基-敦北,2023-07-14,9237
2329,華泰,34,18,16,凱基-敦北,2023-07-14,9237
6245,立端,15,0,15,凱基-敦北,2023-07-14,9237
2481,強茂,14,0,14,凱基-敦北,2023-07-14,9237
00679B,元大美債20年,14,0,14,凱基-敦北,2023-07-14,9237
00722B,群益投資級電信債,13,0,13,凱基-敦北,2023-07-14,9237
00929,復華台灣科技優息,14,1,13,凱基-敦北,2023-07-14,9237
2328,廣宇,16,3,13,凱基-敦北,2023-07-14,9237
1474,弘裕,12,0,12,凱基-敦北,2023-07-14,9237
3594,磐儀,12,0,12,凱基-敦北,2023-07-14,9237
1101,台泥,12,0,12,凱基-敦北,2023-07-14,9237
00671R,富邦NASDAQ反1,11,0,11,凱基-敦北,2023-07-14,9237
00923,群益台ESG低碳50,10,0,10,凱基-敦北,2023-07-14,9237
00669R,國泰美國道瓊反1,10,0,10,凱基-敦北,2023-07-14,9237
00673R,期元大S＆P原油反1,10,0,10,凱基-敦北,2023-07-14,9237
00772B,中信高評級公司債,10,0,10,凱基-敦北,2023-07-14,9237
2101,南港,10,0,10,凱基-敦北,2023-07-14,9237
3088,艾訊,10,0,10,凱基-敦北,2023-07-14,9237
3360,尚立,10,0,10,凱基-敦北,2023-07-14,9237
3587,閎康,10,0,10,凱基-敦北,2023-07-14,9237
6116,彩晶,10,0,10,凱基-敦北,2023-07-14,9237
6263,普萊德,10,0,10,凱基-敦北,2023-07-14,9237
00687B,國泰20年美債,9,1,8,凱基-敦北,2023-07-14,9237
00893,國泰智能電動車,11,3,8,凱基-敦北,2023-07-14,9237
5871,中租-KY,8,1,7,凱基-敦北,2023-07-14,9237
2449,京元電子,7,0,7,凱基-敦北,2023-07-14,9237
9904,寶成,7,0,7,凱基-敦北,2023-07-14,9237
00878,國泰永續高股息,69,62,7,凱基-敦北,2023-07-14,9237
2342,茂矽,6,0,6,凱基-敦北,2023-07-14,9237
2609,陽明,21,15,6,凱基-敦北,2023-07-14,9237
3390,旭軟,6,0,6,凱基-敦北,2023-07-14,9237
4414,如興,125,0,125,凱基-敦北,2023-07-17,9237
2401,凌陽,134,10,124,凱基-敦北,2023-07-17,9237
3483,力致,55,0,55,凱基-敦北,2023-07-17,9237
2352,佳世達,54,2,52,凱基-敦北,2023-07-17,9237
2618,長榮航,49,7,42,凱基-敦北,2023-07-17,9237
3033,威健,42,2,40,凱基-敦北,2023-07-17,9237
3481,群創,70,33,37,凱基-敦北,2023-07-17,9237
2331,精英,50,14,36,凱基-敦北,2023-07-17,9237
2610,華航,32,6,26,凱基-敦北,2023-07-17,9237
2329,華泰,25,0,25,凱基-敦北,2023-07-17,9237
2313,華通,56,32,24,凱基-敦北,2023-07-17,9237
2328,廣宇,24,0,24,凱基-敦北,2023-07-17,9237
00905,FT臺灣Smart,21,0,21,凱基-敦北,2023-07-17,9237
3715,定穎投控,25,4,21,凱基-敦北,2023-07-17,9237
2211,長榮鋼,21,1,20,凱基-敦北,2023-07-17,9237
00882,中信中國高股息,20,0,20,凱基-敦北,2023-07-17,9237
2303,聯電,19,0,19,凱基-敦北,2023-07-17,9237
2368,金像電,20,1,19,凱基-敦北,2023-07-17,9237
2317,鴻海,22,3,19,凱基-敦北,2023-07-17,9237
1474,弘裕,18,0,18,凱基-敦北,2023-07-17,9237
5009,榮剛,18,0,18,凱基-敦北,2023-07-17,9237
6120,達運,22,6,16,凱基-敦北,2023-07-17,9237
1609,大亞,26,10,16,凱基-敦北,2023-07-17,9237
2101,南港,14,0,14,凱基-敦北,2023-07-17,9237
2301,光寶科,30,17,13,凱基-敦北,2023-07-17,9237
3380,明泰,13,0,13,凱基-敦北,2023-07-17,9237
4958,臻鼎-KY,16,3,13,凱基-敦北,2023-07-17,9237
1618,合機,13,1,12,凱基-敦北,2023-07-17,9237
3105,穩懋,12,0,12,凱基-敦北,2023-07-17,9237
3217,優群,15,3,12,凱基-敦北,2023-07-17,9237
00722B,群益投資級電信債,11,0,11,凱基-敦北,2023-07-17,9237
00782B,國泰A級公用債,10,0,10,凱基-敦北,2023-07-17,9237
1522,堤維西,11,1,10,凱基-敦北,2023-07-17,9237
00929,復華台灣科技優息,8,0,8,凱基-敦北,2023-07-17,9237
1301,台塑,8,0,8,凱基-敦北,2023-07-17,9237
6441,廣錠,8,0,8,凱基-敦北,2023-07-17,9237
8087,麗升能源,8,0,8,凱基-敦北,2023-07-17,9237
4908,前鼎,8,0,8,凱基-敦北,2023-07-17,9237
2382,廣達,8,1,7,凱基-敦北,2023-07-17,9237
2359,所羅門,59,52,7,凱基-敦北,2023-07-17,9237
8091,翔名,7,0,7,凱基-敦北,2023-07-17,9237
8936,國統,15,8,7,凱基-敦北,2023-07-17,9237
2353,宏��,11,5,6,凱基-敦北,2023-07-17,9237
2511,太子,6,0,6,凱基-敦北,2023-07-17,9237
9910,豐泰,6,0,6,凱基-敦北,2023-07-17,9237
9933,中鼎,6,0,6,凱基-敦北,2023-07-17,9237
00671R,富邦NASDAQ反1,5,0,5,凱基-敦北,2023-07-17,9237
00631L,元大台灣50正2,5,0,5,凱基-敦北,2023-07-17,9237
00712,復華富時不動產,5,0,5,凱基-敦北,2023-07-17,9237
00720B,元大投資級公司債,5,0,5,凱基-敦北,2023-07-17,9237
2634,漢翔,146,1,145,凱基-敦北,2023-07-18,9237
6282,康舒,175,47,128,凱基-敦北,2023-07-18,9237
6104,創惟,83,3,80,凱基-敦北,2023-07-18,9237
2329,華泰,92,19,73,凱基-敦北,2023-07-18,9237
6442,光聖,63,2,61,凱基-敦北,2023-07-18,9237
2891,中信金,50,0,50,凱基-敦北,2023-07-18,9237
2312,金寶,77,40,37,凱基-敦北,2023-07-18,9237
00929,復華台灣科技優息,30,2,28,凱基-敦北,2023-07-18,9237
2882,國泰金,33,5,28,凱基-敦北,2023-07-18,9237
00882,中信中國高股息,27,0,27,凱基-敦北,2023-07-18,9237
3706,神達,54,30,24,凱基-敦北,2023-07-18,9237
2449,京元電子,21,0,21,凱基-敦北,2023-07-18,9237
00642U,期元大S＆P石油,20,0,20,凱基-敦北,2023-07-18,9237
2101,南港,20,0,20,凱基-敦北,2023-07-18,9237
3715,定穎投控,21,1,20,凱基-敦北,2023-07-18,9237
3515,華擎,21,2,19,凱基-敦北,2023-07-18,9237
1474,弘裕,19,0,19,凱基-敦北,2023-07-18,9237
1605,華新,17,0,17,凱基-敦北,2023-07-18,9237
3033,威健,17,0,17,凱基-敦北,2023-07-18,9237
4121,優盛,19,2,17,凱基-敦北,2023-07-18,9237
3071,協禧,16,0,16,凱基-敦北,2023-07-18,9237
3707,漢磊,15,0,15,凱基-敦北,2023-07-18,9237
6182,合晶,16,1,15,凱基-敦北,2023-07-18,9237
2883,凱基金,17,3,14,凱基-敦北,2023-07-18,9237
5607,遠雄港,16,3,13,凱基-敦北,2023-07-18,9237
8936,國統,14,1,13,凱基-敦北,2023-07-18,9237
2421,建準,44,31,13,凱基-敦北,2023-07-18,9237
2338,光罩,12,0,12,凱基-敦北,2023-07-18,9237
5871,中租-KY,11,0,11,凱基-敦北,2023-07-18,9237
2211,長榮鋼,10,0,10,凱基-敦北,2023-07-18,9237
1326,台化,14,4,10,凱基-敦北,2023-07-18,9237
1218,泰山,10,0,10,凱基-敦北,2023-07-18,9237
00665L,富邦�琤肭磪囓�2,10,0,10,凱基-敦北,2023-07-18,9237
2324,仁寶,26,16,10,凱基-敦北,2023-07-18,9237
2363,矽統,10,0,10,凱基-敦北,2023-07-18,9237
2374,佳能,11,1,10,凱基-敦北,2023-07-18,9237
2515,中工,10,0,10,凱基-敦北,2023-07-18,9237
4960,誠美材,10,0,10,凱基-敦北,2023-07-18,9237
6830,汎銓,10,0,10,凱基-敦北,2023-07-18,9237
2201,裕隆,9,0,9,凱基-敦北,2023-07-18,9237
4979,華星光,11,2,9,凱基-敦北,2023-07-18,9237
00722B,群益投資級電信債,9,0,9,凱基-敦北,2023-07-18,9237
1471,首利,9,0,9,凱基-敦北,2023-07-18,9237
2392,正崴,9,0,9,凱基-敦北,2023-07-18,9237
2610,華航,11,2,9,凱基-敦北,2023-07-18,9237
4908,前鼎,17,8,9,凱基-敦北,2023-07-18,9237
2887,台新金,11,2,9,凱基-敦北,2023-07-18,9237
2884,玉山金,10,1,9,凱基-敦北,2023-07-18,9237
1513,中興電,27,19,8,凱基-敦北,2023-07-18,9237
5410,國眾,8,0,8,凱基-敦北,2023-07-18,9237
4414,如興,49,0,49,凱基-敦北,2023-07-19,9237
5483,中美晶,41,0,41,凱基-敦北,2023-07-19,9237
2317,鴻海,47,8,39,凱基-敦北,2023-07-19,9237
2376,技嘉,54,17,37,凱基-敦北,2023-07-19,9237
2353,宏��,40,9,31,凱基-敦北,2023-07-19,9237
2903,遠百,30,0,30,凱基-敦北,2023-07-19,9237
2618,長榮航,36,7,29,凱基-敦北,2023-07-19,9237
00929,復華台灣科技優息,29,1,28,凱基-敦北,2023-07-19,9237
2313,華通,33,5,28,凱基-敦北,2023-07-19,9237
1616,億泰,25,0,25,凱基-敦北,2023-07-19,9237
2303,聯電,22,1,21,凱基-敦北,2023-07-19,9237
2887E,台新戊特,21,0,21,凱基-敦北,2023-07-19,9237
2101,南港,20,0,20,凱基-敦北,2023-07-19,9237
2368,金像電,60,40,20,凱基-敦北,2023-07-19,9237
2882,國泰金,20,0,20,凱基-敦北,2023-07-19,9237
4958,臻鼎-KY,20,0,20,凱基-敦北,2023-07-19,9237
1101,台泥,20,0,20,凱基-敦北,2023-07-19,9237
2886,兆豐金,19,0,19,凱基-敦北,2023-07-19,9237
2881,富邦金,26,7,19,凱基-敦北,2023-07-19,9237
6282,康舒,26,8,18,凱基-敦北,2023-07-19,9237
1104,環泥,15,0,15,凱基-敦北,2023-07-19,9237
8182,加高,15,0,15,凱基-敦北,2023-07-19,9237
8403,盛弘,16,1,15,凱基-敦北,2023-07-19,9237
2609,陽明,13,0,13,凱基-敦北,2023-07-19,9237
1319,東陽,17,4,13,凱基-敦北,2023-07-19,9237
2338,光罩,13,0,13,凱基-敦北,2023-07-19,9237
3481,群創,13,0,13,凱基-敦北,2023-07-19,9237
4977,眾達-KY,62,50,12,凱基-敦北,2023-07-19,9237
6505,台塑化,11,0,11,凱基-敦北,2023-07-19,9237
2027,大成鋼,26,15,11,凱基-敦北,2023-07-19,9237
2356,英業達,59,48,11,凱基-敦北,2023-07-19,9237
1474,弘裕,10,0,10,凱基-敦北,2023-07-19,9237
2484,希華,10,0,10,凱基-敦北,2023-07-19,9237
2889,國票金,10,0,10,凱基-敦北,2023-07-19,9237
2891,中信金,12,2,10,凱基-敦北,2023-07-19,9237
3016,嘉晶,10,0,10,凱基-敦北,2023-07-19,9237
1455,集盛,9,0,9,凱基-敦北,2023-07-19,9237
3706,神達,42,33,9,凱基-敦北,2023-07-19,9237
3264,欣銓,18,10,8,凱基-敦北,2023-07-19,9237
6150,撼訊,9,1,8,凱基-敦北,2023-07-19,9237
6285,啟��,11,3,8,凱基-敦北,2023-07-19,9237
3037,欣興,17,10,7,凱基-敦北,2023-07-19,9237
00720B,元大投資級公司債,7,0,7,凱基-敦北,2023-07-19,9237
2812,台中銀,7,0,7,凱基-敦北,2023-07-19,9237
3363,上詮,49,42,7,凱基-敦北,2023-07-19,9237
3693,營邦,7,0,7,凱基-敦北,2023-07-19,9237
4746,台耀,26,19,7,凱基-敦北,2023-07-19,9237
5425,台半,11,4,7,凱基-敦北,2023-07-19,9237
6446,藥華藥,11,4,7,凱基-敦北,2023-07-19,9237
00882,中信中國高股息,6,0,6,凱基-敦北,2023-07-19,9237
2356,英業達,75,3,72,凱基-敦北,2023-07-20,9237
1584,精剛,51,1,50,凱基-敦北,2023-07-20,9237
2888,新光金,50,5,45,凱基-敦北,2023-07-20,9237
1609,大亞,60,22,38,凱基-敦北,2023-07-20,9237
1560,中砂,33,1,32,凱基-敦北,2023-07-20,9237
3013,晟銘電,29,4,25,凱基-敦北,2023-07-20,9237
4979,華星光,26,5,21,凱基-敦北,2023-07-20,9237
00665L,富邦�琤肭磪囓�2,33,13,20,凱基-敦北,2023-07-20,9237
1727,中華化,20,0,20,凱基-敦北,2023-07-20,9237
2211,長榮鋼,20,0,20,凱基-敦北,2023-07-20,9237
1314,中石化,20,0,20,凱基-敦北,2023-07-20,9237
1905,華紙,18,1,17,凱基-敦北,2023-07-20,9237
5483,中美晶,20,3,17,凱基-敦北,2023-07-20,9237
6120,達運,17,0,17,凱基-敦北,2023-07-20,9237
3232,昱捷,16,0,16,凱基-敦北,2023-07-20,9237
3587,閎康,15,0,15,凱基-敦北,2023-07-20,9237
6112,邁達特,15,0,15,凱基-敦北,2023-07-20,9237
00878,國泰永續高股息,15,1,14,凱基-敦北,2023-07-20,9237
9934,成霖,12,0,12,凱基-敦北,2023-07-20,9237
2352,佳世達,12,0,12,凱基-敦北,2023-07-20,9237
6546,正基,17,5,12,凱基-敦北,2023-07-20,9237
1101,台泥,11,0,11,凱基-敦北,2023-07-20,9237
2303,聯電,11,0,11,凱基-敦北,2023-07-20,9237
2812,台中銀,10,0,10,凱基-敦北,2023-07-20,9237
00893,國泰智能電動車,10,0,10,凱基-敦北,2023-07-20,9237
4123,晟德,17,7,10,凱基-敦北,2023-07-20,9237
1618,合機,10,0,10,凱基-敦北,2023-07-20,9237
3715,定穎投控,10,0,10,凱基-敦北,2023-07-20,9237
6830,汎銓,10,0,10,凱基-敦北,2023-07-20,9237
4746,台耀,23,14,9,凱基-敦北,2023-07-20,9237
2634,漢翔,18,10,8,凱基-敦北,2023-07-20,9237
5871,中租-KY,8,0,8,凱基-敦北,2023-07-20,9237
1102,亞泥,7,0,7,凱基-敦北,2023-07-20,9237
2201,裕隆,7,0,7,凱基-敦北,2023-07-20,9237
3558,神準,7,0,7,凱基-敦北,2023-07-20,9237
6531,愛普*,8,1,7,凱基-敦北,2023-07-20,9237
1474,弘裕,6,0,6,凱基-敦北,2023-07-20,9237
2317,鴻海,6,0,6,凱基-敦北,2023-07-20,9237
3289,宜特,65,59,6,凱基-敦北,2023-07-20,9237
6285,啟��,6,0,6,凱基-敦北,2023-07-20,9237
2603,長榮,8,3,5,凱基-敦北,2023-07-20,9237
8155,博智,7,2,5,凱基-敦北,2023-07-20,9237
6782,視陽,5,0,5,凱基-敦北,2023-07-20,9237
00882,中信中國高股息,5,0,5,凱基-敦北,2023-07-20,9237
00631L,元大台灣50正2,5,0,5,凱基-敦北,2023-07-20,9237
00671R,富邦NASDAQ反1,5,0,5,凱基-敦北,2023-07-20,9237
2637,慧洋-KY,5,0,5,凱基-敦北,2023-07-20,9237
2889,國票金,5,0,5,凱基-敦北,2023-07-20,9237
3264,欣銓,38,33,5,凱基-敦北,2023-07-20,9237
3290,東浦,5,0,5,凱基-敦北,2023-07-20,9237
6217,中探針,108,2,106,凱基-敦北,2023-07-21,9237
2101,南港,40,0,40,凱基-敦北,2023-07-21,9237
8070,長華*,40,0,40,凱基-敦北,2023-07-21,9237
1342,八貫,37,2,35,凱基-敦北,2023-07-21,9237
4979,華星光,34,3,31,凱基-敦北,2023-07-21,9237
5483,中美晶,21,0,21,凱基-敦北,2023-07-21,9237
1101,台泥,18,0,18,凱基-敦北,2023-07-21,9237
6830,汎銓,24,8,16,凱基-敦北,2023-07-21,9237
2618,長榮航,22,7,15,凱基-敦北,2023-07-21,9237
1903,士紙,15,1,14,凱基-敦北,2023-07-21,9237
2303,聯電,14,1,13,凱基-敦北,2023-07-21,9237
5425,台半,26,13,13,凱基-敦北,2023-07-21,9237
8103,瀚荃,13,0,13,凱基-敦北,2023-07-21,9237
2027,大成鋼,79,67,12,凱基-敦北,2023-07-21,9237
2323,中環,12,1,11,凱基-敦北,2023-07-21,9237
2743,山富,11,0,11,凱基-敦北,2023-07-21,9237
1326,台化,10,0,10,凱基-敦北,2023-07-21,9237
1504,東元,17,7,10,凱基-敦北,2023-07-21,9237
1789,神隆,10,0,10,凱基-敦北,2023-07-21,9237
2201,裕隆,10,0,10,凱基-敦北,2023-07-21,9237
2405,輔信,10,0,10,凱基-敦北,2023-07-21,9237
2812,台中銀,10,0,10,凱基-敦北,2023-07-21,9237
3289,宜特,12,2,10,凱基-敦北,2023-07-21,9237
4958,臻鼎-KY,10,0,10,凱基-敦北,2023-07-21,9237
00878,國泰永續高股息,119,109,10,凱基-敦北,2023-07-21,9237
00893,國泰智能電動車,9,0,9,凱基-敦北,2023-07-21,9237
1402,遠東新,9,0,9,凱基-敦北,2023-07-21,9237
8215,明基材,9,0,9,凱基-敦北,2023-07-21,9237
2486,一詮,8,0,8,凱基-敦北,2023-07-21,9237
2329,華泰,13,5,8,凱基-敦北,2023-07-21,9237
1605,華新,9,1,8,凱基-敦北,2023-07-21,9237
3706,神達,12,5,7,凱基-敦北,2023-07-21,9237
0050,元大台灣50,9,2,7,凱基-敦北,2023-07-21,9237
2436,偉詮電,10,3,7,凱基-敦北,2023-07-21,9237
3231,緯創,31,24,7,凱基-敦北,2023-07-21,9237
6584,南俊國際,10,3,7,凱基-敦北,2023-07-21,9237
6235,華孚,27,20,7,凱基-敦北,2023-07-21,9237
3041,揚智,6,0,6,凱基-敦北,2023-07-21,9237
8050,廣積,6,0,6,凱基-敦北,2023-07-21,9237
2344,華邦電,8,2,6,凱基-敦北,2023-07-21,9237
2419,仲琦,5,0,5,凱基-敦北,2023-07-21,9237
6214,精誠,5,0,5,凱基-敦北,2023-07-21,9237
00674R,期元大S＆P黃金反1,5,0,5,凱基-敦北,2023-07-21,9237
1810,和成,5,0,5,凱基-敦北,2023-07-21,9237
2515,中工,5,0,5,凱基-敦北,2023-07-21,9237
3707,漢磊,5,0,5,凱基-敦北,2023-07-21,9237
9934,成霖,5,0,5,凱基-敦北,2023-07-21,9237
2330,台積電,8,3,5,凱基-敦北,2023-07-21,9237
2317,鴻海,6,2,4,凱基-敦北,2023-07-21,9237
00891,中信關鍵半導體,4,0,4,凱基-敦北,2023-07-21,9237
00878,國泰永續高股息,210,135,75,凱基-敦北,2023-07-24,9237
4105,東洋,50,1,49,凱基-敦北,2023-07-24,9237
6104,創惟,43,3,40,凱基-敦北,2023-07-24,9237
2903,遠百,30,0,30,凱基-敦北,2023-07-24,9237
2913,農林,30,0,30,凱基-敦北,2023-07-24,9237
6214,精誠,31,1,30,凱基-敦北,2023-07-24,9237
2609,陽明,29,2,27,凱基-敦北,2023-07-24,9237
1609,大亞,79,52,27,凱基-敦北,2023-07-24,9237
6591,動力-KY,25,1,24,凱基-敦北,2023-07-24,9237
2455,全新,22,1,21,凱基-敦北,2023-07-24,9237
6830,汎銓,24,5,19,凱基-敦北,2023-07-24,9237
00712,復華富時不動產,19,2,17,凱基-敦北,2023-07-24,9237
2376,技嘉,33,16,17,凱基-敦北,2023-07-24,9237
2457,飛宏,33,20,13,凱基-敦北,2023-07-24,9237
1102,亞泥,13,0,13,凱基-敦北,2023-07-24,9237
2201,裕隆,13,0,13,凱基-敦北,2023-07-24,9237
4979,華星光,14,1,13,凱基-敦北,2023-07-24,9237
3363,上詮,12,0,12,凱基-敦北,2023-07-24,9237
00637L,元大滬深300正2,11,0,11,凱基-敦北,2023-07-24,9237
2618,長榮航,17,7,10,凱基-敦北,2023-07-24,9237
00921,兆豐龍頭等權重,10,0,10,凱基-敦北,2023-07-24,9237
1710,東聯,10,0,10,凱基-敦北,2023-07-24,9237
2101,南港,10,0,10,凱基-敦北,2023-07-24,9237
2211,長榮鋼,53,43,10,凱基-敦北,2023-07-24,9237
4726,永昕,91,81,10,凱基-敦北,2023-07-24,9237
4989,榮科,10,0,10,凱基-敦北,2023-07-24,9237
6112,邁達特,10,0,10,凱基-敦北,2023-07-24,9237
2887,台新金,15,5,10,凱基-敦北,2023-07-24,9237
5425,台半,9,0,9,凱基-敦北,2023-07-24,9237
9908,大台北,9,0,9,凱基-敦北,2023-07-24,9237
4977,眾達-KY,8,0,8,凱基-敦北,2023-07-24,9237
2371,大同,9,1,8,凱基-敦北,2023-07-24,9237
1605,華新,12,4,8,凱基-敦北,2023-07-24,9237
2301,光寶科,21,13,8,凱基-敦北,2023-07-24,9237
2353,宏��,10,2,8,凱基-敦北,2023-07-24,9237
6113,亞矽,8,0,8,凱基-敦北,2023-07-24,9237
8088,品安,8,0,8,凱基-敦北,2023-07-24,9237
0056,元大高股息,27,19,8,凱基-敦北,2023-07-24,9237
00924,復華S＆P500成長,7,0,7,凱基-敦北,2023-07-24,9237
4906,正文,7,0,7,凱基-敦北,2023-07-24,9237
6442,光聖,7,0,7,凱基-敦北,2023-07-24,9237
8435,鉅邁,7,0,7,凱基-敦北,2023-07-24,9237
6282,康舒,9,2,7,凱基-敦北,2023-07-24,9237
2454,聯發科,6,0,6,凱基-敦北,2023-07-24,9237
1319,東陽,7,1,6,凱基-敦北,2023-07-24,9237
1474,弘裕,6,0,6,凱基-敦北,2023-07-24,9237
2375,凱美,6,0,6,凱基-敦北,2023-07-24,9237
2888,新光金,6,0,6,凱基-敦北,2023-07-24,9237
3037,欣興,10,4,6,凱基-敦北,2023-07-24,9237
3264,欣銓,6,0,6,凱基-敦北,2023-07-24,9237
2368,金像電,146,8,138,凱基-敦北,2023-07-25,9237
1210,大成,100,0,100,凱基-敦北,2023-07-25,9237
6235,華孚,135,58,77,凱基-敦北,2023-07-25,9237
4105,東洋,70,0,70,凱基-敦北,2023-07-25,9237
4414,如興,50,0,50,凱基-敦北,2023-07-25,9237
6125,廣運,103,54,49,凱基-敦北,2023-07-25,9237
00929,復華台灣科技優息,43,2,41,凱基-敦北,2023-07-25,9237
00632R,元大台灣50反1,30,0,30,凱基-敦北,2023-07-25,9237
3596,智易,33,3,30,凱基-敦北,2023-07-25,9237
1503,士電,23,0,23,凱基-敦北,2023-07-25,9237
1101,台泥,25,2,23,凱基-敦北,2023-07-25,9237
8155,博智,22,0,22,凱基-敦北,2023-07-25,9237
2887E,台新戊特,20,0,20,凱基-敦北,2023-07-25,9237
2353,宏��,26,7,19,凱基-敦北,2023-07-25,9237
3702,大聯大,22,5,17,凱基-敦北,2023-07-25,9237
2454,聯發科,14,0,14,凱基-敦北,2023-07-25,9237
3044,健鼎,16,3,13,凱基-敦北,2023-07-25,9237
4123,晟德,15,3,12,凱基-敦北,2023-07-25,9237
2382,廣達,40,30,10,凱基-敦北,2023-07-25,9237
00930,永豐ESG低碳高息,10,0,10,凱基-敦北,2023-07-25,9237
1721,三晃,10,0,10,凱基-敦北,2023-07-25,9237
2851,中再保,35,25,10,凱基-敦北,2023-07-25,9237
3231,緯創,14,4,10,凱基-敦北,2023-07-25,9237
00720B,元大投資級公司債,9,0,9,凱基-敦北,2023-07-25,9237
5452,佶優,11,3,8,凱基-敦北,2023-07-25,9237
1513,中興電,24,17,7,凱基-敦北,2023-07-25,9237
2618,長榮航,7,0,7,凱基-敦北,2023-07-25,9237
00673R,期元大S＆P原油反1,7,0,7,凱基-敦北,2023-07-25,9237
2834,臺企銀,7,0,7,凱基-敦北,2023-07-25,9237
3711,日月光投控,10,3,7,凱基-敦北,2023-07-25,9237
4906,正文,7,0,7,凱基-敦北,2023-07-25,9237
5425,台半,8,1,7,凱基-敦北,2023-07-25,9237
3706,神達,11,5,6,凱基-敦北,2023-07-25,9237
2887,台新金,6,0,6,凱基-敦北,2023-07-25,9237
5223,安力-KY,6,0,6,凱基-敦北,2023-07-25,9237
5483,中美晶,6,0,6,凱基-敦北,2023-07-25,9237
1301,台塑,5,0,5,凱基-敦北,2023-07-25,9237
1717,長興,6,1,5,凱基-敦北,2023-07-25,9237
2515,中工,5,0,5,凱基-敦北,2023-07-25,9237
3232,昱捷,10,5,5,凱基-敦北,2023-07-25,9237
5220,萬達光電,5,0,5,凱基-敦北,2023-07-25,9237
5465,富驊,5,0,5,凱基-敦北,2023-07-25,9237
6226,光鼎,5,0,5,凱基-敦北,2023-07-25,9237
8103,瀚荃,5,0,5,凱基-敦北,2023-07-25,9237
1560,中砂,33,28,5,凱基-敦北,2023-07-25,9237
1605,華新,5,1,4,凱基-敦北,2023-07-25,9237
1474,弘裕,4,0,4,凱基-敦北,2023-07-25,9237
1568,倉佑,4,0,4,凱基-敦北,2023-07-25,9237
2337,旺宏,5,1,4,凱基-敦北,2023-07-25,9237
2449,京元電子,5,1,4,凱基-敦北,2023-07-25,9237
2851,中再保,95,15,80,凱基-敦北,2023-07-26,9237
2329,華泰,74,21,53,凱基-敦北,2023-07-26,9237
6275,元山,54,2,52,凱基-敦北,2023-07-26,9237
6274,台燿,73,22,51,凱基-敦北,2023-07-26,9237
4726,永昕,42,0,42,凱基-敦北,2023-07-26,9237
6104,創惟,43,2,41,凱基-敦北,2023-07-26,9237
6657,華安,40,0,40,凱基-敦北,2023-07-26,9237
00882,中信中國高股息,33,0,33,凱基-敦北,2023-07-26,9237
8112,至上,35,2,33,凱基-敦北,2023-07-26,9237
3056,富華新,40,10,30,凱基-敦北,2023-07-26,9237
2368,金像電,141,113,28,凱基-敦北,2023-07-26,9237
4979,華星光,28,0,28,凱基-敦北,2023-07-26,9237
2382,廣達,39,12,27,凱基-敦北,2023-07-26,9237
2014,中鴻,27,0,27,凱基-敦北,2023-07-26,9237
1504,東元,44,17,27,凱基-敦北,2023-07-26,9237
4533,協易機,47,21,26,凱基-敦北,2023-07-26,9237
6112,邁達特,62,37,25,凱基-敦北,2023-07-26,9237
00919,群益台灣精選高息,26,1,25,凱基-敦北,2023-07-26,9237
00679B,元大美債20年,17,0,17,凱基-敦北,2023-07-26,9237
3715,定穎投控,17,0,17,凱基-敦北,2023-07-26,9237
2609,陽明,37,20,17,凱基-敦北,2023-07-26,9237
3323,加百裕,16,0,16,凱基-敦北,2023-07-26,9237
00929,復華台灣科技優息,17,3,14,凱基-敦北,2023-07-26,9237
1471,首利,14,0,14,凱基-敦北,2023-07-26,9237
8201,無敵,16,2,14,凱基-敦北,2023-07-26,9237
2415,錩新,13,0,13,凱基-敦北,2023-07-26,9237
3702,大聯大,12,0,12,凱基-敦北,2023-07-26,9237
8358,金居,19,8,11,凱基-敦北,2023-07-26,9237
1560,中砂,11,0,11,凱基-敦北,2023-07-26,9237
00878,國泰永續高股息,16,5,11,凱基-敦北,2023-07-26,9237
00772B,中信高評級公司債,10,0,10,凱基-敦北,2023-07-26,9237
00715L,期街口布蘭特正2,10,0,10,凱基-敦北,2023-07-26,9237
1603,華電,10,0,10,凱基-敦北,2023-07-26,9237
2344,華邦電,13,3,10,凱基-敦北,2023-07-26,9237
2359,所羅門,12,2,10,凱基-敦北,2023-07-26,9237
3191,雲嘉南,10,0,10,凱基-敦北,2023-07-26,9237
4123,晟德,13,3,10,凱基-敦北,2023-07-26,9237
6405,悅城,10,0,10,凱基-敦北,2023-07-26,9237
3227,原相,10,1,9,凱基-敦北,2023-07-26,9237
3362,先進光,9,0,9,凱基-敦北,2023-07-26,9237
3693,營邦,10,1,9,凱基-敦北,2023-07-26,9237
00642U,期元大S＆P石油,8,0,8,凱基-敦北,2023-07-26,9237
6113,亞矽,8,0,8,凱基-敦北,2023-07-26,9237
1905,華紙,11,3,8,凱基-敦北,2023-07-26,9237
1474,弘裕,7,0,7,凱基-敦北,2023-07-26,9237
2313,華通,7,0,7,凱基-敦北,2023-07-26,9237
2405,輔信,13,6,7,凱基-敦北,2023-07-26,9237
2915,潤泰全,7,0,7,凱基-敦北,2023-07-26,9237
00923,群益台ESG低碳50,6,0,6,凱基-敦北,2023-07-26,9237
00751B,元大AAA至A公司債,286,280,6,凱基-敦北,2023-07-26,9237
2913,農林,231,37,194,凱基-敦北,2023-07-27,9237
00679B,元大美債20年,111,0,111,凱基-敦北,2023-07-27,9237
00687B,國泰20年美債,102,0,102,凱基-敦北,2023-07-27,9237
1802,台玻,100,0,100,凱基-敦北,2023-07-27,9237
00885,富邦越南,80,4,76,凱基-敦北,2023-07-27,9237
4106,雃博,56,0,56,凱基-敦北,2023-07-27,9237
00878,國泰永續高股息,56,16,40,凱基-敦北,2023-07-27,9237
6790,永豐實,35,0,35,凱基-敦北,2023-07-27,9237
3163,波若威,73,40,33,凱基-敦北,2023-07-27,9237
5452,佶優,33,0,33,凱基-敦北,2023-07-27,9237
6005,群益證,32,0,32,凱基-敦北,2023-07-27,9237
8112,至上,45,14,31,凱基-敦北,2023-07-27,9237
8155,博智,26,0,26,凱基-敦北,2023-07-27,9237
8201,無敵,25,1,24,凱基-敦北,2023-07-27,9237
2376,技嘉,26,3,23,凱基-敦北,2023-07-27,9237
2438,翔耀,20,0,20,凱基-敦北,2023-07-27,9237
2851,中再保,20,0,20,凱基-敦北,2023-07-27,9237
3056,富華新,21,1,20,凱基-敦北,2023-07-27,9237
6116,彩晶,30,11,19,凱基-敦北,2023-07-27,9237
6112,邁達特,14,0,14,凱基-敦北,2023-07-27,9237
6285,啟��,14,1,13,凱基-敦北,2023-07-27,9237
6535,順藥,14,1,13,凱基-敦北,2023-07-27,9237
00923,群益台ESG低碳50,10,0,10,凱基-敦北,2023-07-27,9237
2352,佳世達,10,0,10,凱基-敦北,2023-07-27,9237
3191,雲嘉南,10,0,10,凱基-敦北,2023-07-27,9237
3338,泰碩,10,0,10,凱基-敦北,2023-07-27,9237
1513,中興電,14,5,9,凱基-敦北,2023-07-27,9237
2887,台新金,12,3,9,凱基-敦北,2023-07-27,9237
1904,正隆,10,2,8,凱基-敦北,2023-07-27,9237
3014,聯陽,8,0,8,凱基-敦北,2023-07-27,9237
6188,廣明,13,5,8,凱基-敦北,2023-07-27,9237
4979,華星光,64,57,7,凱基-敦北,2023-07-27,9237
1313,聯成,10,3,7,凱基-敦北,2023-07-27,9237
2371,大同,7,0,7,凱基-敦北,2023-07-27,9237
2449,京元電子,7,0,7,凱基-敦北,2023-07-27,9237
3706,神達,9,2,7,凱基-敦北,2023-07-27,9237
3715,定穎投控,7,1,6,凱基-敦北,2023-07-27,9237
00799B,國泰A級醫療債,6,0,6,凱基-敦北,2023-07-27,9237
3029,零壹,21,15,6,凱基-敦北,2023-07-27,9237
3049,精金,6,0,6,凱基-敦北,2023-07-27,9237
3306,鼎天,6,0,6,凱基-敦北,2023-07-27,9237
8255,朋程,6,0,6,凱基-敦北,2023-07-27,9237
2385,群光,5,0,5,凱基-敦北,2023-07-27,9237
2515,中工,7,2,5,凱基-敦北,2023-07-27,9237
2731,雄獅,6,1,5,凱基-敦北,2023-07-27,9237
2916,滿心,5,0,5,凱基-敦北,2023-07-27,9237
3207,耀勝,5,0,5,凱基-敦北,2023-07-27,9237
3324,雙鴻,8,3,5,凱基-敦北,2023-07-27,9237
4168,醣聯,5,0,5,凱基-敦北,2023-07-27,9237
4919,新唐,6,1,5,凱基-敦北,2023-07-27,9237
1802,台玻,417,20,397,凱基-敦北,2023-07-28,9237
2634,漢翔,135,0,135,凱基-敦北,2023-07-28,9237
1326,台化,80,0,80,凱基-敦北,2023-07-28,9237
2610,華航,106,50,56,凱基-敦北,2023-07-28,9237
4106,雃博,55,0,55,凱基-敦北,2023-07-28,9237
00680L,元大美債20正2,60,6,54,凱基-敦北,2023-07-28,9237
3264,欣銓,59,10,49,凱基-敦北,2023-07-28,9237
3013,晟銘電,53,4,49,凱基-敦北,2023-07-28,9237
00679B,元大美債20年,49,4,45,凱基-敦北,2023-07-28,9237
2637,慧洋-KY,40,0,40,凱基-敦北,2023-07-28,9237
3056,富華新,40,0,40,凱基-敦北,2023-07-28,9237
1815,富喬,34,1,33,凱基-敦北,2023-07-28,9237
3515,華擎,50,20,30,凱基-敦北,2023-07-28,9237
1560,中砂,26,0,26,凱基-敦北,2023-07-28,9237
3689,湧德,31,5,26,凱基-敦北,2023-07-28,9237
00687B,國泰20年美債,23,0,23,凱基-敦北,2023-07-28,9237
2606,裕民,27,6,21,凱基-敦北,2023-07-28,9237
4726,永昕,20,0,20,凱基-敦北,2023-07-28,9237
6579,研揚,21,1,20,凱基-敦北,2023-07-28,9237
00688L,國泰20年美債正2,19,0,19,凱基-敦北,2023-07-28,9237
00720B,元大投資級公司債,13,0,13,凱基-敦北,2023-07-28,9237
00795B,中信美國公債20年,12,0,12,凱基-敦北,2023-07-28,9237
00772B,中信高評級公司債,12,0,12,凱基-敦北,2023-07-28,9237
3088,艾訊,12,0,12,凱基-敦北,2023-07-28,9237
3232,昱捷,12,0,12,凱基-敦北,2023-07-28,9237
8086,宏捷科,11,0,11,凱基-敦北,2023-07-28,9237
3029,零壹,17,6,11,凱基-敦北,2023-07-28,9237
6166,凌華,10,0,10,凱基-敦北,2023-07-28,9237
00753L,中信中國50正2,10,0,10,凱基-敦北,2023-07-28,9237
2211,長榮鋼,10,0,10,凱基-敦北,2023-07-28,9237
2867,三商壽,10,0,10,凱基-敦北,2023-07-28,9237
5203,訊連,10,0,10,凱基-敦北,2023-07-28,9237
00751B,元大AAA至A公司債,424,415,9,凱基-敦北,2023-07-28,9237
2352,佳世達,16,7,9,凱基-敦北,2023-07-28,9237
4979,華星光,45,37,8,凱基-敦北,2023-07-28,9237
3454,晶睿,8,0,8,凱基-敦北,2023-07-28,9237
5452,佶優,8,0,8,凱基-敦北,2023-07-28,9237
6446,藥華藥,10,2,8,凱基-敦北,2023-07-28,9237
00712,復華富時不動產,7,0,7,凱基-敦北,2023-07-28,9237
2401,凌陽,7,0,7,凱基-敦北,2023-07-28,9237
6196,帆宣,8,1,7,凱基-敦北,2023-07-28,9237
1612,宏泰,6,0,6,凱基-敦北,2023-07-28,9237
2303,聯電,7,1,6,凱基-敦北,2023-07-28,9237
2313,華通,7,1,6,凱基-敦北,2023-07-28,9237
5258,虹堡,6,0,6,凱基-敦北,2023-07-28,9237
5608,四維航,6,0,6,凱基-敦北,2023-07-28,9237
5706,鳳凰,6,0,6,凱基-敦北,2023-07-28,9237
6217,中探針,7,1,6,凱基-敦北,2023-07-28,9237
6804,明係,6,0,6,凱基-敦北,2023-07-28,9237
9942,茂順,6,0,6,凱基-敦北,2023-07-28,9237
1802,台玻,413,9,404,凱基-敦北,2023-07-31,9237
2301,光寶科,188,79,109,凱基-敦北,2023-07-31,9237
00929,復華台灣科技優息,65,0,65,凱基-敦北,2023-07-31,9237
00713,元大台灣高息低波,63,1,62,凱基-敦北,2023-07-31,9237
3163,波若威,53,3,50,凱基-敦北,2023-07-31,9237
6104,創惟,74,24,50,凱基-敦北,2023-07-31,9237
3147,大綜,45,0,45,凱基-敦北,2023-07-31,9237
2368,金像電,101,62,39,凱基-敦北,2023-07-31,9237
2002,中鋼,37,0,37,凱基-敦北,2023-07-31,9237
6156,松上,40,3,37,凱基-敦北,2023-07-31,9237
00632R,元大台灣50反1,45,10,35,凱基-敦北,2023-07-31,9237
1815,富喬,186,151,35,凱基-敦北,2023-07-31,9237
2812,台中銀,34,0,34,凱基-敦北,2023-07-31,9237
2609,陽明,39,6,33,凱基-敦北,2023-07-31,9237
2449,京元電子,34,1,33,凱基-敦北,2023-07-31,9237
1210,大成,52,21,31,凱基-敦北,2023-07-31,9237
2891,中信金,26,0,26,凱基-敦北,2023-07-31,9237
6640,均華,25,0,25,凱基-敦北,2023-07-31,9237
4755,三福化,40,16,24,凱基-敦北,2023-07-31,9237
3231,緯創,39,16,23,凱基-敦北,2023-07-31,9237
1560,中砂,21,0,21,凱基-敦北,2023-07-31,9237
1305,華夏,33,12,21,凱基-敦北,2023-07-31,9237
6275,元山,23,5,18,凱基-敦北,2023-07-31,9237
8433,弘帆,17,0,17,凱基-敦北,2023-07-31,9237
2352,佳世達,18,2,16,凱基-敦北,2023-07-31,9237
00753L,中信中國50正2,35,20,15,凱基-敦北,2023-07-31,9237
00679B,元大美債20年,16,1,15,凱基-敦北,2023-07-31,9237
1102,亞泥,15,0,15,凱基-敦北,2023-07-31,9237
3017,奇鋐,17,2,15,凱基-敦北,2023-07-31,9237
00919,群益台灣精選高息,22,8,14,凱基-敦北,2023-07-31,9237
8358,金居,16,2,14,凱基-敦北,2023-07-31,9237
3264,欣銓,14,1,13,凱基-敦北,2023-07-31,9237
6446,藥華藥,13,3,10,凱基-敦北,2023-07-31,9237
3481,群創,15,5,10,凱基-敦北,2023-07-31,9237
1471,首利,10,0,10,凱基-敦北,2023-07-31,9237
1903,士紙,10,0,10,凱基-敦北,2023-07-31,9237
6188,廣明,22,12,10,凱基-敦北,2023-07-31,9237
8092,建暐,10,0,10,凱基-敦北,2023-07-31,9237
2884,玉山金,10,1,9,凱基-敦北,2023-07-31,9237
2890,永豐金,10,1,9,凱基-敦北,2023-07-31,9237
2027,大成鋼,13,5,8,凱基-敦北,2023-07-31,9237
2603,長榮,10,2,8,凱基-敦北,2023-07-31,9237
1313,聯成,10,2,8,凱基-敦北,2023-07-31,9237
3711,日月光投控,12,4,8,凱基-敦北,2023-07-31,9237
6789,采鈺,8,0,8,凱基-敦北,2023-07-31,9237
00673R,期元大S＆P原油反1,7,0,7,凱基-敦北,2023-07-31,9237
2317,鴻海,8,1,7,凱基-敦北,2023-07-31,9237
2748,雲品,7,0,7,凱基-敦北,2023-07-31,9237
6285,啟��,10,3,7,凱基-敦北,2023-07-31,9237
6804,明係,7,0,7,凱基-敦北,2023-07-31,9237
1802,台玻,328,18,310,凱基-敦北,2023-08-01,9237
2449,京元電子,60,0,60,凱基-敦北,2023-08-01,9237
3163,波若威,190,138,52,凱基-敦北,2023-08-01,9237
00753L,中信中國50正2,50,0,50,凱基-敦北,2023-08-01,9237
6830,汎銓,51,6,45,凱基-敦北,2023-08-01,9237
2356,英業達,50,6,44,凱基-敦北,2023-08-01,9237
2884,玉山金,40,0,40,凱基-敦北,2023-08-01,9237
00679B,元大美債20年,32,0,32,凱基-敦北,2023-08-01,9237
2331,精英,26,0,26,凱基-敦北,2023-08-01,9237
2352,佳世達,37,12,25,凱基-敦北,2023-08-01,9237
2634,漢翔,20,0,20,凱基-敦北,2023-08-01,9237
5443,均豪,22,3,19,凱基-敦北,2023-08-01,9237
00878,國泰永續高股息,39,22,17,凱基-敦北,2023-08-01,9237
3259,鑫創,16,0,16,凱基-敦北,2023-08-01,9237
3323,加百裕,15,0,15,凱基-敦北,2023-08-01,9237
1474,弘裕,13,0,13,凱基-敦北,2023-08-01,9237
3596,智易,15,4,11,凱基-敦北,2023-08-01,9237
6104,創惟,21,10,11,凱基-敦北,2023-08-01,9237
00900,富邦特選高股息30,12,2,10,凱基-敦北,2023-08-01,9237
00923,群益台ESG低碳50,10,0,10,凱基-敦北,2023-08-01,9237
3056,富華新,10,0,10,凱基-敦北,2023-08-01,9237
6218,豪勉,10,0,10,凱基-敦北,2023-08-01,9237
6579,研揚,10,0,10,凱基-敦北,2023-08-01,9237
4746,台耀,11,1,10,凱基-敦北,2023-08-01,9237
2363,矽統,14,5,9,凱基-敦北,2023-08-01,9237
2881,富邦金,11,3,8,凱基-敦北,2023-08-01,9237
6640,均華,7,0,7,凱基-敦北,2023-08-01,9237
00632R,元大台灣50反1,7,0,7,凱基-敦北,2023-08-01,9237
3033,威健,11,4,7,凱基-敦北,2023-08-01,9237
4979,華星光,45,39,6,凱基-敦北,2023-08-01,9237
00720B,元大投資級公司債,6,0,6,凱基-敦北,2023-08-01,9237
00637L,元大滬深300正2,7,1,6,凱基-敦北,2023-08-01,9237
00799B,國泰A級醫療債,6,0,6,凱基-敦北,2023-08-01,9237
00919,群益台灣精選高息,6,0,6,凱基-敦北,2023-08-01,9237
1810,和成,6,0,6,凱基-敦北,2023-08-01,9237
5251,天鉞電,6,0,6,凱基-敦北,2023-08-01,9237
6015,宏遠證,6,0,6,凱基-敦北,2023-08-01,9237
6016,康和證,6,0,6,凱基-敦北,2023-08-01,9237
6216,居易,6,0,6,凱基-敦北,2023-08-01,9237
6282,康舒,5,0,5,凱基-敦北,2023-08-01,9237
1513,中興電,11,6,5,凱基-敦北,2023-08-01,9237
00929,復華台灣科技優息,5,0,5,凱基-敦北,2023-08-01,9237
00881,國泰台灣5G+,5,0,5,凱基-敦北,2023-08-01,9237
00671R,富邦NASDAQ反1,5,0,5,凱基-敦北,2023-08-01,9237
00645,富邦日本,5,0,5,凱基-敦北,2023-08-01,9237
00633L,富邦上証正2,5,0,5,凱基-敦北,2023-08-01,9237
1605,華新,5,0,5,凱基-敦北,2023-08-01,9237
2344,華邦電,6,1,5,凱基-敦北,2023-08-01,9237
3029,零壹,10,5,5,凱基-敦北,2023-08-01,9237
6472,保瑞,10,5,5,凱基-敦北,2023-08-01,9237
2892,第一金,511,13,498,凱基-敦北,2023-08-02,9237
2886,兆豐金,209,0,209,凱基-敦北,2023-08-02,9237
1210,大成,202,16,186,凱基-敦北,2023-08-02,9237
6274,台燿,134,0,134,凱基-敦北,2023-08-02,9237
00878,國泰永續高股息,141,44,97,凱基-敦北,2023-08-02,9237
2382,廣達,132,46,86,凱基-敦北,2023-08-02,9237
00753L,中信中國50正2,80,10,70,凱基-敦北,2023-08-02,9237
3071,協禧,51,2,49,凱基-敦北,2023-08-02,9237
00642U,期元大S＆P石油,40,2,38,凱基-敦北,2023-08-02,9237
1101,台泥,35,2,33,凱基-敦北,2023-08-02,9237
3715,定穎投控,32,0,32,凱基-敦北,2023-08-02,9237
2002,中鋼,33,2,31,凱基-敦北,2023-08-02,9237
3209,全科,30,0,30,凱基-敦北,2023-08-02,9237
6830,汎銓,30,2,28,凱基-敦北,2023-08-02,9237
00900,富邦特選高股息30,28,0,28,凱基-敦北,2023-08-02,9237
2368,金像電,125,102,23,凱基-敦北,2023-08-02,9237
00929,復華台灣科技優息,29,7,22,凱基-敦北,2023-08-02,9237
2331,精英,22,0,22,凱基-敦北,2023-08-02,9237
00923,群益台ESG低碳50,21,0,21,凱基-敦北,2023-08-02,9237
00712,復華富時不動產,21,0,21,凱基-敦北,2023-08-02,9237
6275,元山,20,0,20,凱基-敦北,2023-08-02,9237
00722B,群益投資級電信債,17,0,17,凱基-敦北,2023-08-02,9237
1605,華新,68,52,16,凱基-敦北,2023-08-02,9237
2344,華邦電,28,12,16,凱基-敦北,2023-08-02,9237
3231,緯創,33,17,16,凱基-敦北,2023-08-02,9237
6125,廣運,15,0,15,凱基-敦北,2023-08-02,9237
2618,長榮航,25,11,14,凱基-敦北,2023-08-02,9237
2312,金寶,22,10,12,凱基-敦北,2023-08-02,9237
00687B,國泰20年美債,12,1,11,凱基-敦北,2023-08-02,9237
3322,建舜電,11,0,11,凱基-敦北,2023-08-02,9237
00720B,元大投資級公司債,10,0,10,凱基-敦北,2023-08-02,9237
00673R,期元大S＆P原油反1,10,0,10,凱基-敦北,2023-08-02,9237
1903,士紙,10,0,10,凱基-敦北,2023-08-02,9237
2101,南港,10,0,10,凱基-敦北,2023-08-02,9237
3323,加百裕,10,0,10,凱基-敦北,2023-08-02,9237
6216,居易,10,0,10,凱基-敦北,2023-08-02,9237
1710,東聯,10,0,10,凱基-敦北,2023-08-02,9237
00679B,元大美債20年,10,0,10,凱基-敦北,2023-08-02,9237
2014,中鴻,10,1,9,凱基-敦北,2023-08-02,9237
5356,協益,8,0,8,凱基-敦北,2023-08-02,9237
5443,均豪,8,0,8,凱基-敦北,2023-08-02,9237
1313,聯成,7,0,7,凱基-敦北,2023-08-02,9237
1533,車王電,7,0,7,凱基-敦北,2023-08-02,9237
3663,鑫科,8,1,7,凱基-敦北,2023-08-02,9237
4906,正文,8,1,7,凱基-敦北,2023-08-02,9237
5425,台半,9,2,7,凱基-敦北,2023-08-02,9237
00892,富邦台灣半導體,6,0,6,凱基-敦北,2023-08-02,9237
00631L,元大台灣50正2,6,0,6,凱基-敦北,2023-08-02,9237
1301,台塑,6,0,6,凱基-敦北,2023-08-02,9237
1603,華電,7,1,6,凱基-敦北,2023-08-02,9237
00878,國泰永續高股息,201,24,177,凱基-敦北,2023-08-04,9237
2891,中信金,176,4,172,凱基-敦北,2023-08-04,9237
1210,大成,138,5,133,凱基-敦北,2023-08-04,9237
1802,台玻,110,22,88,凱基-敦北,2023-08-04,9237
00680L,元大美債20正2,74,5,69,凱基-敦北,2023-08-04,9237
00671R,富邦NASDAQ反1,50,0,50,凱基-敦北,2023-08-04,9237
1605,華新,73,26,47,凱基-敦北,2023-08-04,9237
2353,宏��,49,4,45,凱基-敦北,2023-08-04,9237
00687B,國泰20年美債,45,2,43,凱基-敦北,2023-08-04,9237
0056,元大高股息,44,2,42,凱基-敦北,2023-08-04,9237
3689,湧德,55,14,41,凱基-敦北,2023-08-04,9237
6235,華孚,45,7,38,凱基-敦北,2023-08-04,9237
00720B,元大投資級公司債,36,0,36,凱基-敦北,2023-08-04,9237
2101,南港,30,0,30,凱基-敦北,2023-08-04,9237
3032,偉訓,23,0,23,凱基-敦北,2023-08-04,9237
2913,農林,94,77,17,凱基-敦北,2023-08-04,9237
6263,普萊德,17,0,17,凱基-敦北,2023-08-04,9237
00923,群益台ESG低碳50,20,6,14,凱基-敦北,2023-08-04,9237
1815,富喬,20,6,14,凱基-敦北,2023-08-04,9237
00679B,元大美債20年,42,28,14,凱基-敦北,2023-08-04,9237
00751B,元大AAA至A公司債,13,0,13,凱基-敦北,2023-08-04,9237
2520,冠德,12,0,12,凱基-敦北,2023-08-04,9237
3029,零壹,13,1,12,凱基-敦北,2023-08-04,9237
1609,大亞,14,3,11,凱基-敦北,2023-08-04,9237
00772B,中信高評級公司債,11,0,11,凱基-敦北,2023-08-04,9237
00688L,國泰20年美債正2,10,0,10,凱基-敦北,2023-08-04,9237
00669R,國泰美國道瓊反1,10,0,10,凱基-敦北,2023-08-04,9237
2027,大成鋼,20,10,10,凱基-敦北,2023-08-04,9237
3213,茂訊,35,25,10,凱基-敦北,2023-08-04,9237
4168,醣聯,10,0,10,凱基-敦北,2023-08-04,9237
6218,豪勉,11,1,10,凱基-敦北,2023-08-04,9237
2344,華邦電,21,12,9,凱基-敦北,2023-08-04,9237
00795B,中信美國公債20年,9,1,8,凱基-敦北,2023-08-04,9237
1326,台化,10,2,8,凱基-敦北,2023-08-04,9237
4979,華星光,8,0,8,凱基-敦北,2023-08-04,9237
00929,復華台灣科技優息,8,0,8,凱基-敦北,2023-08-04,9237
2352,佳世達,46,39,7,凱基-敦北,2023-08-04,9237
3706,神達,14,8,6,凱基-敦北,2023-08-04,9237
2206,三陽工業,5,0,5,凱基-敦北,2023-08-04,9237
006208,富邦台50,5,0,5,凱基-敦北,2023-08-04,9237
00850,元大臺灣ESG永續,5,0,5,凱基-敦北,2023-08-04,9237
00885,富邦越南,5,0,5,凱基-敦北,2023-08-04,9237
1718,中纖,5,0,5,凱基-敦北,2023-08-04,9237
2323,中環,5,0,5,凱基-敦北,2023-08-04,9237
2440,太空梭,5,0,5,凱基-敦北,2023-08-04,9237
2492,華新科,5,0,5,凱基-敦北,2023-08-04,9237
2618,長榮航,7,2,5,凱基-敦北,2023-08-04,9237
3498,陽程,5,0,5,凱基-敦北,2023-08-04,9237
3363,上詮,5,1,4,凱基-敦北,2023-08-04,9237
1216,統一,4,0,4,凱基-敦北,2023-08-04,9237
2618,長榮航,39,1,38,凱基-敦北,2023-08-07,9237
00679B,元大美債20年,32,2,30,凱基-敦北,2023-08-07,9237
5222,全訊,21,0,21,凱基-敦北,2023-08-07,9237
1519,華城,21,1,20,凱基-敦北,2023-08-07,9237
2891,中信金,28,11,17,凱基-敦北,2023-08-07,9237
2610,華航,20,3,17,凱基-敦北,2023-08-07,9237
3213,茂訊,35,20,15,凱基-敦北,2023-08-07,9237
3264,欣銓,15,0,15,凱基-敦北,2023-08-07,9237
5009,榮剛,73,60,13,凱基-敦北,2023-08-07,9237
8937,合騏,13,0,13,凱基-敦北,2023-08-07,9237
4168,醣聯,12,0,12,凱基-敦北,2023-08-07,9237
00882,中信中國高股息,11,0,11,凱基-敦北,2023-08-07,9237
6213,聯茂,12,1,11,凱基-敦北,2023-08-07,9237
2609,陽明,15,5,10,凱基-敦北,2023-08-07,9237
1305,華夏,14,4,10,凱基-敦北,2023-08-07,9237
2606,裕民,10,0,10,凱基-敦北,2023-08-07,9237
4106,雃博,10,0,10,凱基-敦北,2023-08-07,9237
4129,聯合,10,0,10,凱基-敦北,2023-08-07,9237
3017,奇鋐,11,2,9,凱基-敦北,2023-08-07,9237
00712,復華富時不動產,8,0,8,凱基-敦北,2023-08-07,9237
00893,國泰智能電動車,8,0,8,凱基-敦北,2023-08-07,9237
3042,晶技,8,0,8,凱基-敦北,2023-08-07,9237
3287,廣寰科,14,6,8,凱基-敦北,2023-08-07,9237
00929,復華台灣科技優息,7,1,6,凱基-敦北,2023-08-07,9237
2409,友達,6,0,6,凱基-敦北,2023-08-07,9237
00923,群益台ESG低碳50,6,0,6,凱基-敦北,2023-08-07,9237
1474,弘裕,6,0,6,凱基-敦北,2023-08-07,9237
2027,大成鋼,27,21,6,凱基-敦北,2023-08-07,9237
4167,松瑞藥,10,4,6,凱基-敦北,2023-08-07,9237
00795B,中信美國公債20年,5,0,5,凱基-敦北,2023-08-07,9237
006208,富邦台50,5,0,5,凱基-敦北,2023-08-07,9237
00902,中信電池及儲能,5,0,5,凱基-敦北,2023-08-07,9237
1904,正隆,5,0,5,凱基-敦北,2023-08-07,9237
2312,金寶,11,6,5,凱基-敦北,2023-08-07,9237
2392,正崴,5,0,5,凱基-敦北,2023-08-07,9237
2438,翔耀,5,0,5,凱基-敦北,2023-08-07,9237
5258,虹堡,5,0,5,凱基-敦北,2023-08-07,9237
6168,宏齊,5,0,5,凱基-敦北,2023-08-07,9237
6538,倉和,5,0,5,凱基-敦北,2023-08-07,9237
00751B,元大AAA至A公司債,4,0,4,凱基-敦北,2023-08-07,9237
00885,富邦越南,5,1,4,凱基-敦北,2023-08-07,9237
00900,富邦特選高股息30,4,0,4,凱基-敦北,2023-08-07,9237
00681R,元大美債20反1,4,0,4,凱基-敦北,2023-08-07,9237
2913,農林,4,0,4,凱基-敦北,2023-08-07,9237
3118,進階,4,0,4,凱基-敦北,2023-08-07,9237
3338,泰碩,4,0,4,凱基-敦北,2023-08-07,9237
3706,神達,32,28,4,凱基-敦北,2023-08-07,9237
6274,台燿,68,64,4,凱基-敦北,2023-08-07,9237
6491,晶碩,4,0,4,凱基-敦北,2023-08-07,9237
8046,南電,4,1,3,凱基-敦北,2023-08-07,9237
1802,台玻,666,56,610,凱基-敦北,2023-08-08,9237
1326,台化,110,0,110,凱基-敦北,2023-08-08,9237
2882,國泰金,100,42,58,凱基-敦北,2023-08-08,9237
3591,艾笛森,50,0,50,凱基-敦北,2023-08-08,9237
6216,居易,40,0,40,凱基-敦北,2023-08-08,9237
2913,農林,31,1,30,凱基-敦北,2023-08-08,9237
5222,全訊,30,0,30,凱基-敦北,2023-08-08,9237
3231,緯創,68,42,26,凱基-敦北,2023-08-08,9237
00720B,元大投資級公司債,22,0,22,凱基-敦北,2023-08-08,9237
00898,國泰基因免疫革命,20,0,20,凱基-敦北,2023-08-08,9237
2324,仁寶,20,0,20,凱基-敦北,2023-08-08,9237
4106,雃博,17,0,17,凱基-敦北,2023-08-08,9237
00878,國泰永續高股息,17,1,16,凱基-敦北,2023-08-08,9237
00931B,統一美債20年,15,0,15,凱基-敦北,2023-08-08,9237
2637,慧洋-KY,15,0,15,凱基-敦北,2023-08-08,9237
3308,聯德,15,0,15,凱基-敦北,2023-08-08,9237
2376,技嘉,15,1,14,凱基-敦北,2023-08-08,9237
1474,弘裕,13,0,13,凱基-敦北,2023-08-08,9237
1603,華電,12,0,12,凱基-敦北,2023-08-08,9237
3362,先進光,14,2,12,凱基-敦北,2023-08-08,9237
3481,群創,26,14,12,凱基-敦北,2023-08-08,9237
00631L,元大台灣50正2,11,0,11,凱基-敦北,2023-08-08,9237
00929,復華台灣科技優息,11,0,11,凱基-敦北,2023-08-08,9237
2886,兆豐金,11,0,11,凱基-敦北,2023-08-08,9237
3162,精確,11,0,11,凱基-敦北,2023-08-08,9237
3693,營邦,28,17,11,凱基-敦北,2023-08-08,9237
5871,中租-KY,11,0,11,凱基-敦北,2023-08-08,9237
4979,華星光,10,0,10,凱基-敦北,2023-08-08,9237
1304,台聚,10,0,10,凱基-敦北,2023-08-08,9237
00669R,國泰美國道瓊反1,10,0,10,凱基-敦北,2023-08-08,9237
2027,大成鋼,11,1,10,凱基-敦北,2023-08-08,9237
2834,臺企銀,10,0,10,凱基-敦北,2023-08-08,9237
2887,台新金,25,15,10,凱基-敦北,2023-08-08,9237
4123,晟德,10,0,10,凱基-敦北,2023-08-08,9237
4168,醣聯,10,0,10,凱基-敦北,2023-08-08,9237
6120,達運,11,1,10,凱基-敦北,2023-08-08,9237
8210,勤誠,10,0,10,凱基-敦北,2023-08-08,9237
2303,聯電,9,0,9,凱基-敦北,2023-08-08,9237
1536,和大,9,0,9,凱基-敦北,2023-08-08,9237
1605,華新,15,6,9,凱基-敦北,2023-08-08,9237
3706,神達,24,15,9,凱基-敦北,2023-08-08,9237
6217,中探針,9,0,9,凱基-敦北,2023-08-08,9237
6235,華孚,11,2,9,凱基-敦北,2023-08-08,9237
2059,川湖,8,0,8,凱基-敦北,2023-08-08,9237
00892,富邦台灣半導體,8,0,8,凱基-敦北,2023-08-08,9237
2313,華通,25,17,8,凱基-敦北,2023-08-08,9237
2352,佳世達,19,11,8,凱基-敦北,2023-08-08,9237
6139,亞翔,15,7,8,凱基-敦北,2023-08-08,9237
8937,合騏,8,0,8,凱基-敦北,2023-08-08,9237
2356,英業達,28,21,7,凱基-敦北,2023-08-08,9237
1815,富喬,74,1,73,凱基-敦北,2023-08-09,9237
6806,森崴能源,45,0,45,凱基-敦北,2023-08-09,9237
5439,高技,37,3,34,凱基-敦北,2023-08-09,9237
3231,緯創,64,30,34,凱基-敦北,2023-08-09,9237
2634,漢翔,33,6,27,凱基-敦北,2023-08-09,9237
6104,創惟,29,9,20,凱基-敦北,2023-08-09,9237
3693,營邦,21,1,20,凱基-敦北,2023-08-09,9237
00878,國泰永續高股息,32,13,19,凱基-敦北,2023-08-09,9237
4572,駐龍,20,1,19,凱基-敦北,2023-08-09,9237
2913,農林,20,2,18,凱基-敦北,2023-08-09,9237
00900,富邦特選高股息30,20,3,17,凱基-敦北,2023-08-09,9237
3017,奇鋐,42,26,16,凱基-敦北,2023-08-09,9237
1605,華新,30,16,14,凱基-敦北,2023-08-09,9237
4147,中裕,13,0,13,凱基-敦北,2023-08-09,9237
3701,大眾控,12,0,12,凱基-敦北,2023-08-09,9237
5876,上海商銀,12,0,12,凱基-敦北,2023-08-09,9237
1711,永光,11,0,11,凱基-敦北,2023-08-09,9237
00929,復華台灣科技優息,11,1,10,凱基-敦北,2023-08-09,9237
2374,佳能,10,0,10,凱基-敦北,2023-08-09,9237
3708,上緯投控,10,0,10,凱基-敦北,2023-08-09,9237
4106,雃博,10,0,10,凱基-敦北,2023-08-09,9237
6122,擎邦,10,0,10,凱基-敦北,2023-08-09,9237
2886,兆豐金,15,5,10,凱基-敦北,2023-08-09,9237
1609,大亞,13,3,10,凱基-敦北,2023-08-09,9237
2368,金像電,84,74,10,凱基-敦北,2023-08-09,9237
2382,廣達,40,31,9,凱基-敦北,2023-08-09,9237
6187,萬潤,9,1,8,凱基-敦北,2023-08-09,9237
00919,群益台灣精選高息,10,3,7,凱基-敦北,2023-08-09,9237
2331,精英,7,0,7,凱基-敦北,2023-08-09,9237
00923,群益台ESG低碳50,6,0,6,凱基-敦北,2023-08-09,9237
4714,永捷,6,0,6,凱基-敦北,2023-08-09,9237
6120,達運,6,0,6,凱基-敦北,2023-08-09,9237
2891,中信金,10,4,6,凱基-敦北,2023-08-09,9237
3044,健鼎,13,8,5,凱基-敦北,2023-08-09,9237
00681R,元大美債20反1,5,0,5,凱基-敦北,2023-08-09,9237
00788B,元大10年IG電能債,5,0,5,凱基-敦北,2023-08-09,9237
3308,聯德,5,0,5,凱基-敦北,2023-08-09,9237
3581,博磊,5,0,5,凱基-敦北,2023-08-09,9237
3622,洋華,5,0,5,凱基-敦北,2023-08-09,9237
4432,銘旺實,5,0,5,凱基-敦北,2023-08-09,9237
1217,愛之味,4,0,4,凱基-敦北,2023-08-09,9237
2353,宏��,4,0,4,凱基-敦北,2023-08-09,9237
2887,台新金,7,3,4,凱基-敦北,2023-08-09,9237
3162,精確,4,0,4,凱基-敦北,2023-08-09,9237
3583,辛耘,25,21,4,凱基-敦北,2023-08-09,9237
3596,智易,4,0,4,凱基-敦北,2023-08-09,9237
6275,元山,4,0,4,凱基-敦北,2023-08-09,9237
8121,越峰,4,0,4,凱基-敦北,2023-08-09,9237
1101,台泥,3,0,3,凱基-敦北,2023-08-09,9237
2301,光寶科,5,2,3,凱基-敦北,2023-08-09,9237
2892,第一金,184,0,184,凱基-敦北,2023-08-10,9237
1802,台玻,268,132,136,凱基-敦北,2023-08-10,9237
00929,復華台灣科技優息,73,0,73,凱基-敦北,2023-08-10,9237
2618,長榮航,88,17,71,凱基-敦北,2023-08-10,9237
2368,金像電,90,30,60,凱基-敦北,2023-08-10,9237
2891,中信金,59,0,59,凱基-敦北,2023-08-10,9237
00919,群益台灣精選高息,58,0,58,凱基-敦北,2023-08-10,9237
1815,富喬,51,0,51,凱基-敦北,2023-08-10,9237
2882,國泰金,50,1,49,凱基-敦北,2023-08-10,9237
6282,康舒,100,53,47,凱基-敦北,2023-08-10,9237
00931B,統一美債20年,32,0,32,凱基-敦北,2023-08-10,9237
2516,新建,32,0,32,凱基-敦北,2023-08-10,9237
2886,兆豐金,28,2,26,凱基-敦北,2023-08-10,9237
2323,中環,25,0,25,凱基-敦北,2023-08-10,9237
6204,艾華,24,0,24,凱基-敦北,2023-08-10,9237
00878,國泰永續高股息,40,16,24,凱基-敦北,2023-08-10,9237
00900,富邦特選高股息30,23,0,23,凱基-敦北,2023-08-10,9237
00632R,元大台灣50反1,20,0,20,凱基-敦北,2023-08-10,9237
4106,雃博,20,0,20,凱基-敦北,2023-08-10,9237
4168,醣聯,20,0,20,凱基-敦北,2023-08-10,9237
4726,永昕,20,0,20,凱基-敦北,2023-08-10,9237
2382,廣達,34,17,17,凱基-敦北,2023-08-10,9237
2027,大成鋼,35,18,17,凱基-敦北,2023-08-10,9237
2363,矽統,35,20,15,凱基-敦北,2023-08-10,9237
6806,森崴能源,15,0,15,凱基-敦北,2023-08-10,9237
00923,群益台ESG低碳50,14,0,14,凱基-敦北,2023-08-10,9237
2409,友達,13,0,13,凱基-敦北,2023-08-10,9237
4108,懷特,13,0,13,凱基-敦北,2023-08-10,9237
2610,華航,25,13,12,凱基-敦北,2023-08-10,9237
3289,宜特,19,8,11,凱基-敦北,2023-08-10,9237
6166,凌華,10,0,10,凱基-敦北,2023-08-10,9237
00921,兆豐龍頭等權重,10,0,10,凱基-敦北,2023-08-10,9237
00679B,元大美債20年,10,0,10,凱基-敦北,2023-08-10,9237
2101,南港,10,0,10,凱基-敦北,2023-08-10,9237
4572,駐龍,10,0,10,凱基-敦北,2023-08-10,9237
5251,天鉞電,10,0,10,凱基-敦北,2023-08-10,9237
5356,協益,10,0,10,凱基-敦北,2023-08-10,9237
8028,昇陽半導體,10,0,10,凱基-敦北,2023-08-10,9237
3231,緯創,37,29,8,凱基-敦北,2023-08-10,9237
8937,合騏,8,0,8,凱基-敦北,2023-08-10,9237
8112,至上,9,2,7,凱基-敦北,2023-08-10,9237
2356,英業達,15,9,6,凱基-敦北,2023-08-10,9237
00673R,期元大S＆P原油反1,6,0,6,凱基-敦北,2023-08-10,9237
00881,國泰台灣5G+,7,1,6,凱基-敦北,2023-08-10,9237
2371,大同,7,1,6,凱基-敦北,2023-08-10,9237
3224,三顧,6,0,6,凱基-敦北,2023-08-10,9237
3324,雙鴻,7,1,6,凱基-敦北,2023-08-10,9237
1904,正隆,5,0,5,凱基-敦北,2023-08-10,9237
00898,國泰基因免疫革命,5,0,5,凱基-敦北,2023-08-10,9237
00706L,期元大S＆P日圓正2,5,0,5,凱基-敦北,2023-08-10,9237
2634,漢翔,310,3,307,凱基-敦北,2023-08-11,9237
3481,群創,216,2,214,凱基-敦北,2023-08-11,9237
00900,富邦特選高股息30,125,0,125,凱基-敦北,2023-08-11,9237
1101,台泥,80,2,78,凱基-敦北,2023-08-11,9237
3162,精確,35,0,35,凱基-敦北,2023-08-11,9237
2002,中鋼,33,0,33,凱基-敦北,2023-08-11,9237
4935,茂林-KY,32,0,32,凱基-敦北,2023-08-11,9237
4106,雃博,25,0,25,凱基-敦北,2023-08-11,9237
2367,燿華,21,0,21,凱基-敦北,2023-08-11,9237
00706L,期元大S＆P日圓正2,20,0,20,凱基-敦北,2023-08-11,9237
2883,凱基金,30,10,20,凱基-敦北,2023-08-11,9237
5483,中美晶,20,0,20,凱基-敦北,2023-08-11,9237
6235,華孚,76,56,20,凱基-敦北,2023-08-11,9237
3231,緯創,46,28,18,凱基-敦北,2023-08-11,9237
1326,台化,15,0,15,凱基-敦北,2023-08-11,9237
00687B,國泰20年美債,14,0,14,凱基-敦北,2023-08-11,9237
00773B,中信優先金融債,13,0,13,凱基-敦北,2023-08-11,9237
3088,艾訊,12,0,12,凱基-敦北,2023-08-11,9237
3325,旭品,12,0,12,凱基-敦北,2023-08-11,9237
2892,第一金,11,0,11,凱基-敦北,2023-08-11,9237
00633L,富邦上証正2,10,0,10,凱基-敦北,2023-08-11,9237
1313,聯成,10,0,10,凱基-敦北,2023-08-11,9237
1815,富喬,10,0,10,凱基-敦北,2023-08-11,9237
2610,華航,18,8,10,凱基-敦北,2023-08-11,9237
2834,臺企銀,10,0,10,凱基-敦北,2023-08-11,9237
3622,洋華,10,0,10,凱基-敦北,2023-08-11,9237
00679B,元大美債20年,10,0,10,凱基-敦北,2023-08-11,9237
0050,元大台灣50,9,0,9,凱基-敦北,2023-08-11,9237
2882,國泰金,13,4,9,凱基-敦北,2023-08-11,9237
00931B,統一美債20年,9,0,9,凱基-敦北,2023-08-11,9237
2412,中華電,7,0,7,凱基-敦北,2023-08-11,9237
2313,華通,7,0,7,凱基-敦北,2023-08-11,9237
2888,新光金,6,0,6,凱基-敦北,2023-08-11,9237
00772B,中信高評級公司債,6,0,6,凱基-敦北,2023-08-11,9237
00751B,元大AAA至A公司債,6,0,6,凱基-敦北,2023-08-11,9237
1605,華新,10,5,5,凱基-敦北,2023-08-11,9237
00928,中信上櫃ESG30,5,0,5,凱基-敦北,2023-08-11,9237
00885,富邦越南,5,0,5,凱基-敦北,2023-08-11,9237
1909,榮成,5,0,5,凱基-敦北,2023-08-11,9237
2317,鴻海,5,0,5,凱基-敦北,2023-08-11,9237
3051,力特,5,0,5,凱基-敦北,2023-08-11,9237
4726,永昕,5,0,5,凱基-敦北,2023-08-11,9237
6461,益得,5,0,5,凱基-敦北,2023-08-11,9237
8358,金居,5,0,5,凱基-敦北,2023-08-11,9237
8936,國統,5,0,5,凱基-敦北,2023-08-11,9237
2330,台積電,6,1,5,凱基-敦北,2023-08-11,9237
2886,兆豐金,4,0,4,凱基-敦北,2023-08-11,9237
00881,國泰台灣5G+,4,0,4,凱基-敦北,2023-08-11,9237
00637L,元大滬深300正2,4,0,4,凱基-敦北,2023-08-11,9237
1109,信大,4,0,4,凱基-敦北,2023-08-11,9237
2618,長榮航,188,3,185,凱基-敦北,2023-08-14,9237
3481,群創,163,6,157,凱基-敦北,2023-08-14,9237
2027,大成鋼,116,12,104,凱基-敦北,2023-08-14,9237
00929,復華台灣科技優息,71,0,71,凱基-敦北,2023-08-14,9237
2316,楠梓電,70,0,70,凱基-敦北,2023-08-14,9237
2368,金像電,101,43,58,凱基-敦北,2023-08-14,9237
00878,國泰永續高股息,40,0,40,凱基-敦北,2023-08-14,9237
6712,長聖,27,0,27,凱基-敦北,2023-08-14,9237
00882,中信中國高股息,26,0,26,凱基-敦北,2023-08-14,9237
9929,秋雨,26,0,26,凱基-敦北,2023-08-14,9237
6005,群益證,25,0,25,凱基-敦北,2023-08-14,9237
00900,富邦特選高股息30,23,2,21,凱基-敦北,2023-08-14,9237
2634,漢翔,21,0,21,凱基-敦北,2023-08-14,9237
6235,華孚,32,11,21,凱基-敦北,2023-08-14,9237
0056,元大高股息,20,0,20,凱基-敦北,2023-08-14,9237
00669R,國泰美國道瓊反1,20,0,20,凱基-敦北,2023-08-14,9237
1815,富喬,20,0,20,凱基-敦北,2023-08-14,9237
3162,精確,20,0,20,凱基-敦北,2023-08-14,9237
4763,材料-KY,21,1,20,凱基-敦北,2023-08-14,9237
6234,高僑,20,0,20,凱基-敦北,2023-08-14,9237
4168,醣聯,23,4,19,凱基-敦北,2023-08-14,9237
3078,僑威,18,0,18,凱基-敦北,2023-08-14,9237
00679B,元大美債20年,15,0,15,凱基-敦北,2023-08-14,9237
00923,群益台ESG低碳50,15,0,15,凱基-敦北,2023-08-14,9237
4106,雃博,15,0,15,凱基-敦北,2023-08-14,9237
2344,華邦電,17,3,14,凱基-敦北,2023-08-14,9237
1605,華新,13,0,13,凱基-敦北,2023-08-14,9237
00665L,富邦�琤肭磪囓�2,13,0,13,凱基-敦北,2023-08-14,9237
1904,正隆,13,0,13,凱基-敦北,2023-08-14,9237
2014,中鴻,12,0,12,凱基-敦北,2023-08-14,9237
2913,農林,12,1,11,凱基-敦北,2023-08-14,9237
3363,上詮,11,0,11,凱基-敦北,2023-08-14,9237
5871,中租-KY,10,0,10,凱基-敦北,2023-08-14,9237
00706L,期元大S＆P日圓正2,10,0,10,凱基-敦北,2023-08-14,9237
2516,新建,10,0,10,凱基-敦北,2023-08-14,9237
2915,潤泰全,10,0,10,凱基-敦北,2023-08-14,9237
4726,永昕,10,0,10,凱基-敦北,2023-08-14,9237
6505,台塑化,10,0,10,凱基-敦北,2023-08-14,9237
2101,南港,9,0,9,凱基-敦北,2023-08-14,9237
6770,力積電,9,0,9,凱基-敦北,2023-08-14,9237
2301,光寶科,10,2,8,凱基-敦北,2023-08-14,9237
2610,華航,9,2,7,凱基-敦北,2023-08-14,9237
2303,聯電,7,0,7,凱基-敦北,2023-08-14,9237
6125,廣運,7,0,7,凱基-敦北,2023-08-14,9237
2883,凱基金,6,0,6,凱基-敦北,2023-08-14,9237
2609,陽明,8,2,6,凱基-敦北,2023-08-14,9237
3622,洋華,6,0,6,凱基-敦北,2023-08-14,9237
6122,擎邦,6,0,6,凱基-敦北,2023-08-14,9237
6411,晶焱,6,0,6,凱基-敦北,2023-08-14,9237
2887,台新金,6,0,6,凱基-敦北,2023-08-14,9237
00900,富邦特選高股息30,70,0,70,凱基-敦北,2023-08-15,9237
3162,精確,82,32,50,凱基-敦北,2023-08-15,9237
2891,中信金,48,8,40,凱基-敦北,2023-08-15,9237
8358,金居,45,6,39,凱基-敦北,2023-08-15,9237
00929,復華台灣科技優息,35,0,35,凱基-敦北,2023-08-15,9237
00923,群益台ESG低碳50,28,0,28,凱基-敦北,2023-08-15,9237
8996,高力,24,1,23,凱基-敦北,2023-08-15,9237
2884,玉山金,24,3,21,凱基-敦北,2023-08-15,9237
00751B,元大AAA至A公司債,22,1,21,凱基-敦北,2023-08-15,9237
2634,漢翔,21,0,21,凱基-敦北,2023-08-15,9237
4414,如興,20,0,20,凱基-敦北,2023-08-15,9237
2317,鴻海,18,1,17,凱基-敦北,2023-08-15,9237
4763,材料-KY,17,2,15,凱基-敦北,2023-08-15,9237
2363,矽統,57,42,15,凱基-敦北,2023-08-15,9237
00772B,中信高評級公司債,12,0,12,凱基-敦北,2023-08-15,9237
5425,台半,11,1,10,凱基-敦北,2023-08-15,9237
00706L,期元大S＆P日圓正2,10,0,10,凱基-敦北,2023-08-15,9237
006205,富邦上証,10,0,10,凱基-敦北,2023-08-15,9237
1904,正隆,10,0,10,凱基-敦北,2023-08-15,9237
2023,燁輝,10,0,10,凱基-敦北,2023-08-15,9237
00931B,統一美債20年,8,0,8,凱基-敦北,2023-08-15,9237
3481,群創,10,3,7,凱基-敦北,2023-08-15,9237
2332,友訊,7,0,7,凱基-敦北,2023-08-15,9237
2610,華航,9,2,7,凱基-敦北,2023-08-15,9237
0056,元大高股息,8,1,7,凱基-敦北,2023-08-15,9237
00712,復華富時不動產,6,0,6,凱基-敦北,2023-08-15,9237
2359,所羅門,6,0,6,凱基-敦北,2023-08-15,9237
3131,弘塑,7,1,6,凱基-敦北,2023-08-15,9237
2887,台新金,6,0,6,凱基-敦北,2023-08-15,9237
2609,陽明,9,4,5,凱基-敦北,2023-08-15,9237
00696B,富邦美債20年,5,0,5,凱基-敦北,2023-08-15,9237
5871,中租-KY,5,0,5,凱基-敦北,2023-08-15,9237
3209,全科,5,0,5,凱基-敦北,2023-08-15,9237
1210,大成,5,0,5,凱基-敦北,2023-08-15,9237
00921,兆豐龍頭等權重,5,0,5,凱基-敦北,2023-08-15,9237
2006,東和鋼鐵,5,0,5,凱基-敦北,2023-08-15,9237
3206,志豐,5,0,5,凱基-敦北,2023-08-15,9237
3545,敦泰,5,0,5,凱基-敦北,2023-08-15,9237
4114,健喬,5,0,5,凱基-敦北,2023-08-15,9237
5258,虹堡,5,0,5,凱基-敦北,2023-08-15,9237
6005,群益證,5,0,5,凱基-敦北,2023-08-15,9237
6285,啟��,6,1,5,凱基-敦北,2023-08-15,9237
9928,中視,5,0,5,凱基-敦北,2023-08-15,9237
9945,潤泰新,5,0,5,凱基-敦北,2023-08-15,9237
00878,國泰永續高股息,17,12,5,凱基-敦北,2023-08-15,9237
2316,楠梓電,4,0,4,凱基-敦北,2023-08-15,9237
006208,富邦台50,4,0,4,凱基-敦北,2023-08-15,9237
1471,首利,4,0,4,凱基-敦北,2023-08-15,9237
00679B,元大美債20年,3,0,3,凱基-敦北,2023-08-15,9237
2614,東森,3,0,3,凱基-敦北,2023-08-15,9237
3481,群創,80,2,78,凱基-敦北,2023-08-16,9237
2618,長榮航,70,6,64,凱基-敦北,2023-08-16,9237
00929,復華台灣科技優息,69,12,57,凱基-敦北,2023-08-16,9237
00671R,富邦NASDAQ反1,50,0,50,凱基-敦北,2023-08-16,9237
00878,國泰永續高股息,35,4,31,凱基-敦北,2023-08-16,9237
2548,華固,26,0,26,凱基-敦北,2023-08-16,9237
3162,精確,25,0,25,凱基-敦北,2023-08-16,9237
2352,佳世達,55,31,24,凱基-敦北,2023-08-16,9237
00712,復華富時不動產,23,0,23,凱基-敦北,2023-08-16,9237
00923,群益台ESG低碳50,19,0,19,凱基-敦北,2023-08-16,9237
2303,聯電,18,0,18,凱基-敦北,2023-08-16,9237
00753L,中信中國50正2,16,0,16,凱基-敦北,2023-08-16,9237
2002,中鋼,16,2,14,凱基-敦北,2023-08-16,9237
8069,元太,17,4,13,凱基-敦北,2023-08-16,9237
5230,雷笛克光學,13,0,13,凱基-敦北,2023-08-16,9237
6166,凌華,12,0,12,凱基-敦北,2023-08-16,9237
2401,凌陽,10,0,10,凱基-敦北,2023-08-16,9237
2887,台新金,11,1,10,凱基-敦北,2023-08-16,9237
5009,榮剛,10,0,10,凱基-敦北,2023-08-16,9237
00900,富邦特選高股息30,19,11,8,凱基-敦北,2023-08-16,9237
00931B,統一美債20年,8,0,8,凱基-敦北,2023-08-16,9237
00881,國泰台灣5G+,8,0,8,凱基-敦北,2023-08-16,9237
00665L,富邦�琤肭磪囓�2,8,0,8,凱基-敦北,2023-08-16,9237
2031,新光鋼,8,0,8,凱基-敦北,2023-08-16,9237
2330,台積電,8,0,8,凱基-敦北,2023-08-16,9237
1301,台塑,9,2,7,凱基-敦北,2023-08-16,9237
0050,元大台灣50,7,0,7,凱基-敦北,2023-08-16,9237
1718,中纖,7,0,7,凱基-敦北,2023-08-16,9237
3022,威強電,7,0,7,凱基-敦北,2023-08-16,9237
3675,德微,10,3,7,凱基-敦北,2023-08-16,9237
6139,亞翔,10,3,7,凱基-敦北,2023-08-16,9237
2883,凱基金,9,2,7,凱基-敦北,2023-08-16,9237
00720B,元大投資級公司債,6,0,6,凱基-敦北,2023-08-16,9237
00795B,中信美國公債20年,6,0,6,凱基-敦北,2023-08-16,9237
00751B,元大AAA至A公司債,6,0,6,凱基-敦北,2023-08-16,9237
2610,華航,9,3,6,凱基-敦北,2023-08-16,9237
3325,旭品,9,3,6,凱基-敦北,2023-08-16,9237
2834,臺企銀,5,0,5,凱基-敦北,2023-08-16,9237
00882,中信中國高股息,5,0,5,凱基-敦北,2023-08-16,9237
2059,川湖,7,2,5,凱基-敦北,2023-08-16,9237
006205,富邦上証,5,0,5,凱基-敦北,2023-08-16,9237
00696B,富邦美債20年,5,0,5,凱基-敦北,2023-08-16,9237
2371,大同,5,0,5,凱基-敦北,2023-08-16,9237
4106,雃博,5,0,5,凱基-敦北,2023-08-16,9237
4167,松瑞藥,5,0,5,凱基-敦北,2023-08-16,9237
4726,永昕,5,0,5,凱基-敦北,2023-08-16,9237
4728,雙美,5,0,5,凱基-敦北,2023-08-16,9237
6005,群益證,5,0,5,凱基-敦北,2023-08-16,9237
8081,致新,7,2,5,凱基-敦北,2023-08-16,9237
1605,華新,5,1,4,凱基-敦北,2023-08-16,9237
00687B,國泰20年美債,113,0,113,凱基-敦北,2023-08-17,9237
1802,台玻,272,178,94,凱基-敦北,2023-08-17,9237
2538,基泰,70,0,70,凱基-敦北,2023-08-17,9237
3591,艾笛森,66,16,50,凱基-敦北,2023-08-17,9237
1319,東陽,52,4,48,凱基-敦北,2023-08-17,9237
3056,富華新,65,20,45,凱基-敦北,2023-08-17,9237
2317,鴻海,36,2,34,凱基-敦北,2023-08-17,9237
00772B,中信高評級公司債,30,0,30,凱基-敦北,2023-08-17,9237
2002,中鋼,30,0,30,凱基-敦北,2023-08-17,9237
2891,中信金,29,1,28,凱基-敦北,2023-08-17,9237
1515,力山,28,0,28,凱基-敦北,2023-08-17,9237
2637,慧洋-KY,27,0,27,凱基-敦北,2023-08-17,9237
2888,新光金,26,0,26,凱基-敦北,2023-08-17,9237
2303,聯電,27,2,25,凱基-敦北,2023-08-17,9237
9929,秋雨,25,0,25,凱基-敦北,2023-08-17,9237
00674R,期元大S＆P黃金反1,20,0,20,凱基-敦北,2023-08-17,9237
4533,協易機,20,0,20,凱基-敦北,2023-08-17,9237
5483,中美晶,20,0,20,凱基-敦北,2023-08-17,9237
6188,廣明,35,15,20,凱基-敦北,2023-08-17,9237
3232,昱捷,18,0,18,凱基-敦北,2023-08-17,9237
00706L,期元大S＆P日圓正2,16,0,16,凱基-敦北,2023-08-17,9237
00720B,元大投資級公司債,15,0,15,凱基-敦北,2023-08-17,9237
00751B,元大AAA至A公司債,14,0,14,凱基-敦北,2023-08-17,9237
2618,長榮航,20,6,14,凱基-敦北,2023-08-17,9237
8011,台通,13,0,13,凱基-敦北,2023-08-17,9237
2881,富邦金,12,0,12,凱基-敦北,2023-08-17,9237
00795B,中信美國公債20年,12,0,12,凱基-敦北,2023-08-17,9237
00893,國泰智能電動車,12,0,12,凱基-敦北,2023-08-17,9237
2356,英業達,24,12,12,凱基-敦北,2023-08-17,9237
00882,中信中國高股息,12,0,12,凱基-敦北,2023-08-17,9237
00878,國泰永續高股息,14,3,11,凱基-敦北,2023-08-17,9237
2101,南港,10,0,10,凱基-敦北,2023-08-17,9237
3290,東浦,10,0,10,凱基-敦北,2023-08-17,9237
5324,士開,10,0,10,凱基-敦北,2023-08-17,9237
6116,彩晶,10,0,10,凱基-敦北,2023-08-17,9237
00680L,元大美債20正2,9,0,9,凱基-敦北,2023-08-17,9237
2609,陽明,11,2,9,凱基-敦北,2023-08-17,9237
3051,力特,12,3,9,凱基-敦北,2023-08-17,9237
3526,凡甲,9,0,9,凱基-敦北,2023-08-17,9237
2409,友達,12,4,8,凱基-敦北,2023-08-17,9237
3675,德微,12,4,8,凱基-敦北,2023-08-17,9237
2883,凱基金,7,0,7,凱基-敦北,2023-08-17,9237
00898,國泰基因免疫革命,7,0,7,凱基-敦北,2023-08-17,9237
2887,台新金,7,0,7,凱基-敦北,2023-08-17,9237
3231,緯創,40,34,6,凱基-敦北,2023-08-17,9237
00712,復華富時不動產,6,0,6,凱基-敦北,2023-08-17,9237
2516,新建,6,0,6,凱基-敦北,2023-08-17,9237
3059,華晶科,6,0,6,凱基-敦北,2023-08-17,9237
6223,旺矽,6,0,6,凱基-敦北,2023-08-17,9237
1101,台泥,6,0,6,凱基-敦北,2023-08-17,9237
6282,康舒,136,0,136,凱基-敦北,2023-08-18,9237
00671R,富邦NASDAQ反1,100,0,100,凱基-敦北,2023-08-18,9237
00929,復華台灣科技優息,91,0,91,凱基-敦北,2023-08-18,9237
2634,漢翔,81,0,81,凱基-敦北,2023-08-18,9237
2356,英業達,102,26,76,凱基-敦北,2023-08-18,9237
6830,汎銓,110,40,70,凱基-敦北,2023-08-18,9237
3680,家登,76,9,67,凱基-敦北,2023-08-18,9237
6235,華孚,95,41,54,凱基-敦北,2023-08-18,9237
1609,大亞,61,8,53,凱基-敦北,2023-08-18,9237
2363,矽統,44,10,34,凱基-敦北,2023-08-18,9237
2352,佳世達,76,45,31,凱基-敦北,2023-08-18,9237
6104,創惟,40,13,27,凱基-敦北,2023-08-18,9237
4979,華星光,24,0,24,凱基-敦北,2023-08-18,9237
3231,緯創,47,23,24,凱基-敦北,2023-08-18,9237
5324,士開,23,0,23,凱基-敦北,2023-08-18,9237
0050,元大台灣50,19,0,19,凱基-敦北,2023-08-18,9237
5225,東科-KY,17,0,17,凱基-敦北,2023-08-18,9237
2374,佳能,15,0,15,凱基-敦北,2023-08-18,9237
6285,啟��,15,0,15,凱基-敦北,2023-08-18,9237
00720B,元大投資級公司債,14,0,14,凱基-敦北,2023-08-18,9237
2603,長榮,16,4,12,凱基-敦北,2023-08-18,9237
00712,復華富時不動產,12,0,12,凱基-敦北,2023-08-18,9237
00882,中信中國高股息,11,0,11,凱基-敦北,2023-08-18,9237
2332,友訊,17,6,11,凱基-敦北,2023-08-18,9237
2449,京元電子,11,0,11,凱基-敦北,2023-08-18,9237
2618,長榮航,23,12,11,凱基-敦北,2023-08-18,9237
00674R,期元大S＆P黃金反1,10,0,10,凱基-敦北,2023-08-18,9237
00899,FT潔淨能源,10,0,10,凱基-敦北,2023-08-18,9237
3044,健鼎,11,1,10,凱基-敦北,2023-08-18,9237
3526,凡甲,10,0,10,凱基-敦北,2023-08-18,9237
4106,雃博,10,0,10,凱基-敦北,2023-08-18,9237
4550,長佳,10,0,10,凱基-敦北,2023-08-18,9237
6191,精成科,10,0,10,凱基-敦北,2023-08-18,9237
6806,森崴能源,10,0,10,凱基-敦北,2023-08-18,9237
8011,台通,10,0,10,凱基-敦北,2023-08-18,9237
1101,台泥,9,0,9,凱基-敦北,2023-08-18,9237
00885,富邦越南,9,0,9,凱基-敦北,2023-08-18,9237
2329,華泰,12,3,9,凱基-敦北,2023-08-18,9237
2883,凱基金,8,0,8,凱基-敦北,2023-08-18,9237
3702,大聯大,10,2,8,凱基-敦北,2023-08-18,9237
00893,國泰智能電動車,7,0,7,凱基-敦北,2023-08-18,9237
8028,昇陽半導體,10,3,7,凱基-敦北,2023-08-18,9237
2324,仁寶,15,9,6,凱基-敦北,2023-08-18,9237
00665L,富邦�琤肭磪囓�2,7,1,6,凱基-敦北,2023-08-18,9237
2402,毅嘉,18,12,6,凱基-敦北,2023-08-18,9237
3287,廣寰科,6,0,6,凱基-敦北,2023-08-18,9237
3515,華擎,8,2,6,凱基-敦北,2023-08-18,9237
3706,神達,21,15,6,凱基-敦北,2023-08-18,9237
5880,合庫金,5,0,5,凱基-敦北,2023-08-18,9237
3260,威剛,5,0,5,凱基-敦北,2023-08-18,9237
00632R,元大台灣50反1,105,0,105,凱基-敦北,2023-08-21,9237
2316,楠梓電,42,1,41,凱基-敦北,2023-08-21,9237
8011,台通,40,0,40,凱基-敦北,2023-08-21,9237
2618,長榮航,43,9,34,凱基-敦北,2023-08-21,9237
00772B,中信高評級公司債,26,0,26,凱基-敦北,2023-08-21,9237
2002,中鋼,20,0,20,凱基-敦北,2023-08-21,9237
00929,復華台灣科技優息,18,0,18,凱基-敦北,2023-08-21,9237
00885,富邦越南,18,0,18,凱基-敦北,2023-08-21,9237
00674R,期元大S＆P黃金反1,20,2,18,凱基-敦北,2023-08-21,9237
00712,復華富時不動產,16,0,16,凱基-敦北,2023-08-21,9237
1326,台化,15,0,15,凱基-敦北,2023-08-21,9237
4147,中裕,16,2,14,凱基-敦北,2023-08-21,9237
00696B,富邦美債20年,12,0,12,凱基-敦北,2023-08-21,9237
3051,力特,23,11,12,凱基-敦北,2023-08-21,9237
6235,華孚,65,53,12,凱基-敦北,2023-08-21,9237
1513,中興電,13,2,11,凱基-敦北,2023-08-21,9237
2368,金像電,40,29,11,凱基-敦北,2023-08-21,9237
2376,技嘉,13,3,10,凱基-敦北,2023-08-21,9237
2399,映泰,10,0,10,凱基-敦北,2023-08-21,9237
3162,精確,10,0,10,凱基-敦北,2023-08-21,9237
6446,藥華藥,10,0,10,凱基-敦北,2023-08-21,9237
6282,康舒,8,0,8,凱基-敦北,2023-08-21,9237
2382,廣達,22,16,6,凱基-敦北,2023-08-21,9237
00882,中信中國高股息,7,1,6,凱基-敦北,2023-08-21,9237
1802,台玻,6,0,6,凱基-敦北,2023-08-21,9237
3206,志豐,6,0,6,凱基-敦北,2023-08-21,9237
6113,亞矽,7,1,6,凱基-敦北,2023-08-21,9237
2332,友訊,20,14,6,凱基-敦北,2023-08-21,9237
4979,華星光,5,0,5,凱基-敦北,2023-08-21,9237
2888,新光金,5,0,5,凱基-敦北,2023-08-21,9237
00931B,統一美債20年,5,0,5,凱基-敦北,2023-08-21,9237
00899,FT潔淨能源,5,0,5,凱基-敦北,2023-08-21,9237
9943,好樂迪,5,0,5,凱基-敦北,2023-08-21,9237
00679B,元大美債20年,4,0,4,凱基-敦北,2023-08-21,9237
00919,群益台灣精選高息,4,0,4,凱基-敦北,2023-08-21,9237
00673R,期元大S＆P原油反1,4,0,4,凱基-敦北,2023-08-21,9237
2031,新光鋼,4,0,4,凱基-敦北,2023-08-21,9237
2606,裕民,5,1,4,凱基-敦北,2023-08-21,9237
2609,陽明,6,2,4,凱基-敦北,2023-08-21,9237
3017,奇鋐,6,2,4,凱基-敦北,2023-08-21,9237
3022,威強電,4,0,4,凱基-敦北,2023-08-21,9237
3323,加百裕,4,0,4,凱基-敦北,2023-08-21,9237
6191,精成科,5,1,4,凱基-敦北,2023-08-21,9237
3231,緯創,16,12,4,凱基-敦北,2023-08-21,9237
2301,光寶科,9,6,3,凱基-敦北,2023-08-21,9237
00687B,國泰20年美債,3,0,3,凱基-敦北,2023-08-21,9237
00641R,富邦日本反1,3,0,3,凱基-敦北,2023-08-21,9237
2880,華南金,3,0,3,凱基-敦北,2023-08-21,9237
3209,全科,3,0,3,凱基-敦北,2023-08-21,9237
3325,旭品,7,4,3,凱基-敦北,2023-08-21,9237
2409,友達,200,0,200,凱基-敦北,2023-08-22,9237
4938,和碩,71,2,69,凱基-敦北,2023-08-22,9237
00885,富邦越南,55,4,51,凱基-敦北,2023-08-22,9237
2634,漢翔,50,0,50,凱基-敦北,2023-08-22,9237
2401,凌陽,47,2,45,凱基-敦北,2023-08-22,9237
00929,復華台灣科技優息,35,1,34,凱基-敦北,2023-08-22,9237
3231,緯創,52,20,32,凱基-敦北,2023-08-22,9237
8011,台通,30,0,30,凱基-敦北,2023-08-22,9237
3051,力特,31,2,29,凱基-敦北,2023-08-22,9237
00637L,元大滬深300正2,31,3,28,凱基-敦北,2023-08-22,9237
5324,士開,23,0,23,凱基-敦北,2023-08-22,9237
4961,天鈺,20,0,20,凱基-敦北,2023-08-22,9237
6830,汎銓,19,4,15,凱基-敦北,2023-08-22,9237
00882,中信中國高股息,13,0,13,凱基-敦北,2023-08-22,9237
2002,中鋼,12,0,12,凱基-敦北,2023-08-22,9237
00753L,中信中國50正2,10,0,10,凱基-敦北,2023-08-22,9237
00923,群益台ESG低碳50,11,1,10,凱基-敦北,2023-08-22,9237
00706L,期元大S＆P日圓正2,10,0,10,凱基-敦北,2023-08-22,9237
1618,合機,10,0,10,凱基-敦北,2023-08-22,9237
5452,佶優,10,0,10,凱基-敦北,2023-08-22,9237
2883,凱基金,9,0,9,凱基-敦北,2023-08-22,9237
2368,金像電,16,7,9,凱基-敦北,2023-08-22,9237
6285,啟��,15,6,9,凱基-敦北,2023-08-22,9237
9929,秋雨,9,0,9,凱基-敦北,2023-08-22,9237
1513,中興電,10,2,8,凱基-敦北,2023-08-22,9237
2356,英業達,14,6,8,凱基-敦北,2023-08-22,9237
3680,家登,15,7,8,凱基-敦北,2023-08-22,9237
6120,達運,8,0,8,凱基-敦北,2023-08-22,9237
00679B,元大美債20年,7,0,7,凱基-敦北,2023-08-22,9237
00712,復華富時不動產,7,0,7,凱基-敦北,2023-08-22,9237
1802,台玻,7,0,7,凱基-敦北,2023-08-22,9237
6125,廣運,14,8,6,凱基-敦北,2023-08-22,9237
1218,泰山,6,0,6,凱基-敦北,2023-08-22,9237
3217,優群,6,0,6,凱基-敦北,2023-08-22,9237
4960,誠美材,6,0,6,凱基-敦北,2023-08-22,9237
8081,致新,8,2,6,凱基-敦北,2023-08-22,9237
1326,台化,5,0,5,凱基-敦北,2023-08-22,9237
1474,弘裕,5,0,5,凱基-敦北,2023-08-22,9237
2801,彰銀,5,0,5,凱基-敦北,2023-08-22,9237
3206,志豐,7,2,5,凱基-敦北,2023-08-22,9237
3290,東浦,5,0,5,凱基-敦北,2023-08-22,9237
3703,欣陸,5,0,5,凱基-敦北,2023-08-22,9237
2303,聯電,7,3,4,凱基-敦北,2023-08-22,9237
2363,矽統,51,47,4,凱基-敦北,2023-08-22,9237
2891,中信金,4,0,4,凱基-敦北,2023-08-22,9237
2421,建準,20,16,4,凱基-敦北,2023-08-22,9237
00688L,國泰20年美債正2,4,0,4,凱基-敦北,2023-08-22,9237
1101,台泥,4,0,4,凱基-敦北,2023-08-22,9237
2206,三陽工業,4,0,4,凱基-敦北,2023-08-22,9237
2606,裕民,4,0,4,凱基-敦北,2023-08-22,9237
2618,長榮航,46,6,40,凱基-敦北,2023-08-23,9237
8011,台通,34,0,34,凱基-敦北,2023-08-23,9237
5284,jpp-KY,31,1,30,凱基-敦北,2023-08-23,9237
1326,台化,26,0,26,凱基-敦北,2023-08-23,9237
2537,聯上發,22,0,22,凱基-敦北,2023-08-23,9237
2882,國泰金,20,0,20,凱基-敦北,2023-08-23,9237
4123,晟德,20,0,20,凱基-敦北,2023-08-23,9237
00931B,統一美債20年,18,0,18,凱基-敦北,2023-08-23,9237
4726,永昕,17,0,17,凱基-敦北,2023-08-23,9237
00885,富邦越南,15,0,15,凱基-敦北,2023-08-23,9237
2634,漢翔,26,11,15,凱基-敦北,2023-08-23,9237
2382,廣達,15,3,12,凱基-敦北,2023-08-23,9237
00900,富邦特選高股息30,12,0,12,凱基-敦北,2023-08-23,9237
00882,中信中國高股息,10,0,10,凱基-敦北,2023-08-23,9237
2401,凌陽,10,0,10,凱基-敦北,2023-08-23,9237
4106,雃博,10,0,10,凱基-敦北,2023-08-23,9237
6129,普誠,10,0,10,凱基-敦北,2023-08-23,9237
2486,一詮,53,44,9,凱基-敦北,2023-08-23,9237
4961,天鈺,9,0,9,凱基-敦北,2023-08-23,9237
5324,士開,9,0,9,凱基-敦北,2023-08-23,9237
6167,久正,12,3,9,凱基-敦北,2023-08-23,9237
4147,中裕,8,0,8,凱基-敦北,2023-08-23,9237
3163,波若威,9,2,7,凱基-敦北,2023-08-23,9237
2002,中鋼,6,0,6,凱基-敦北,2023-08-23,9237
2316,楠梓電,7,1,6,凱基-敦北,2023-08-23,9237
2883,凱基金,7,1,6,凱基-敦北,2023-08-23,9237
00720B,元大投資級公司債,5,0,5,凱基-敦北,2023-08-23,9237
00905,FT臺灣Smart,5,0,5,凱基-敦北,2023-08-23,9237
1618,合機,5,0,5,凱基-敦北,2023-08-23,9237
3526,凡甲,5,0,5,凱基-敦北,2023-08-23,9237
3581,博磊,5,0,5,凱基-敦北,2023-08-23,9237
6116,彩晶,5,0,5,凱基-敦北,2023-08-23,9237
8936,國統,5,0,5,凱基-敦北,2023-08-23,9237
2332,友訊,11,7,4,凱基-敦北,2023-08-23,9237
1101,台泥,4,0,4,凱基-敦北,2023-08-23,9237
00688L,國泰20年美債正2,4,0,4,凱基-敦北,2023-08-23,9237
00722B,群益投資級電信債,4,0,4,凱基-敦北,2023-08-23,9237
1737,臺鹽,4,0,4,凱基-敦北,2023-08-23,9237
3217,優群,4,0,4,凱基-敦北,2023-08-23,9237
3232,昱捷,8,4,4,凱基-敦北,2023-08-23,9237
3312,弘憶股,4,0,4,凱基-敦北,2023-08-23,9237
3483,力致,9,5,4,凱基-敦北,2023-08-23,9237
2317,鴻海,5,1,4,凱基-敦北,2023-08-23,9237
8050,廣積,5,1,4,凱基-敦北,2023-08-23,9237
3325,旭品,3,0,3,凱基-敦北,2023-08-23,9237
1474,弘裕,3,0,3,凱基-敦北,2023-08-23,9237
00923,群益台ESG低碳50,3,0,3,凱基-敦北,2023-08-23,9237
1802,台玻,3,0,3,凱基-敦北,2023-08-23,9237
2328,廣宇,3,0,3,凱基-敦北,2023-08-23,9237
3004,豐達科,3,0,3,凱基-敦北,2023-08-23,9237
00929,復華台灣科技優息,108,5,103,凱基-敦北,2023-08-24,9237
2368,金像電,130,50,80,凱基-敦北,2023-08-24,9237
00919,群益台灣精選高息,47,0,47,凱基-敦北,2023-08-24,9237
7402,邑錡,75,48,27,凱基-敦北,2023-08-24,9237
2363,矽統,109,89,20,凱基-敦北,2023-08-24,9237
1326,台化,17,1,16,凱基-敦北,2023-08-24,9237
3294,英濟,14,0,14,凱基-敦北,2023-08-24,9237
4979,華星光,52,40,12,凱基-敦北,2023-08-24,9237
00885,富邦越南,11,0,11,凱基-敦北,2023-08-24,9237
1815,富喬,10,0,10,凱基-敦北,2023-08-24,9237
2537,聯上發,10,0,10,凱基-敦北,2023-08-24,9237
3227,原相,10,0,10,凱基-敦北,2023-08-24,9237
6284,佳邦,10,0,10,凱基-敦北,2023-08-24,9237
8050,廣積,13,4,9,凱基-敦北,2023-08-24,9237
2352,佳世達,18,9,9,凱基-敦北,2023-08-24,9237
2882,國泰金,10,1,9,凱基-敦北,2023-08-24,9237
3094,聯傑,10,1,9,凱基-敦北,2023-08-24,9237
00720B,元大投資級公司債,7,0,7,凱基-敦北,2023-08-24,9237
2401,凌陽,8,1,7,凱基-敦北,2023-08-24,9237
2618,長榮航,7,0,7,凱基-敦北,2023-08-24,9237
5324,士開,7,0,7,凱基-敦北,2023-08-24,9237
6168,宏齊,7,0,7,凱基-敦北,2023-08-24,9237
2884,玉山金,7,0,7,凱基-敦北,2023-08-24,9237
2883,凱基金,7,1,6,凱基-敦北,2023-08-24,9237
00632R,元大台灣50反1,6,0,6,凱基-敦北,2023-08-24,9237
00921,兆豐龍頭等權重,6,0,6,凱基-敦北,2023-08-24,9237
6113,亞矽,9,3,6,凱基-敦北,2023-08-24,9237
6830,汎銓,30,24,6,凱基-敦北,2023-08-24,9237
8011,台通,6,0,6,凱基-敦北,2023-08-24,9237
9934,成霖,6,0,6,凱基-敦北,2023-08-24,9237
2449,京元電子,29,24,5,凱基-敦北,2023-08-24,9237
2324,仁寶,12,7,5,凱基-敦北,2023-08-24,9237
2355,敬鵬,11,6,5,凱基-敦北,2023-08-24,9237
2430,燦坤,5,0,5,凱基-敦北,2023-08-24,9237
2615,萬海,11,6,5,凱基-敦北,2023-08-24,9237
3062,建漢,5,0,5,凱基-敦北,2023-08-24,9237
3264,欣銓,5,0,5,凱基-敦北,2023-08-24,9237
4961,天鈺,5,0,5,凱基-敦北,2023-08-24,9237
6204,艾華,5,0,5,凱基-敦北,2023-08-24,9237
8467,波力-KY,5,0,5,凱基-敦北,2023-08-24,9237
2388,威盛,5,1,4,凱基-敦北,2023-08-24,9237
3715,定穎投控,16,12,4,凱基-敦北,2023-08-24,9237
1474,弘裕,4,0,4,凱基-敦北,2023-08-24,9237
1718,中纖,4,0,4,凱基-敦北,2023-08-24,9237
2002,中鋼,4,0,4,凱基-敦北,2023-08-24,9237
3056,富華新,4,0,4,凱基-敦北,2023-08-24,9237
0050,元大台灣50,5,1,4,凱基-敦北,2023-08-24,9237
2344,華邦電,5,1,4,凱基-敦北,2023-08-24,9237
3035,智原,10,7,3,凱基-敦北,2023-08-24,9237
2329,華泰,12,9,3,凱基-敦北,2023-08-24,9237
3711,日月光投控,178,5,173,凱基-敦北,2023-08-25,9237
1802,台玻,127,21,106,凱基-敦北,2023-08-25,9237
1513,中興電,74,11,63,凱基-敦北,2023-08-25,9237
00878,國泰永續高股息,63,0,63,凱基-敦北,2023-08-25,9237
2368,金像電,68,9,59,凱基-敦北,2023-08-25,9237
3231,緯創,52,6,46,凱基-敦北,2023-08-25,9237
6830,汎銓,43,0,43,凱基-敦北,2023-08-25,9237
00641R,富邦日本反1,40,0,40,凱基-敦北,2023-08-25,9237
2332,友訊,43,4,39,凱基-敦北,2023-08-25,9237
2903,遠百,20,0,20,凱基-敦北,2023-08-25,9237
3162,精確,20,0,20,凱基-敦北,2023-08-25,9237
3591,艾笛森,20,0,20,凱基-敦北,2023-08-25,9237
2352,佳世達,19,0,19,凱基-敦北,2023-08-25,9237
2382,廣達,25,7,18,凱基-敦北,2023-08-25,9237
3715,定穎投控,27,11,16,凱基-敦北,2023-08-25,9237
00919,群益台灣精選高息,15,0,15,凱基-敦北,2023-08-25,9237
1815,富喬,15,0,15,凱基-敦北,2023-08-25,9237
3324,雙鴻,18,3,15,凱基-敦北,2023-08-25,9237
00893,國泰智能電動車,14,0,14,凱基-敦北,2023-08-25,9237
2609,陽明,12,0,12,凱基-敦北,2023-08-25,9237
2610,華航,214,202,12,凱基-敦北,2023-08-25,9237
2891,中信金,11,0,11,凱基-敦北,2023-08-25,9237
6235,華孚,15,4,11,凱基-敦北,2023-08-25,9237
2376,技嘉,15,4,11,凱基-敦北,2023-08-25,9237
4979,華星光,55,45,10,凱基-敦北,2023-08-25,9237
2618,長榮航,11,1,10,凱基-敦北,2023-08-25,9237
4129,聯合,10,0,10,凱基-敦北,2023-08-25,9237
3312,弘憶股,10,0,10,凱基-敦北,2023-08-25,9237
4572,駐龍,10,0,10,凱基-敦北,2023-08-25,9237
2356,英業達,21,12,9,凱基-敦北,2023-08-25,9237
3017,奇鋐,10,3,7,凱基-敦北,2023-08-25,9237
00712,復華富時不動產,7,0,7,凱基-敦北,2023-08-25,9237
1101,台泥,7,0,7,凱基-敦北,2023-08-25,9237
2301,光寶科,8,1,7,凱基-敦北,2023-08-25,9237
2892,第一金,7,0,7,凱基-敦北,2023-08-25,9237
6202,盛群,7,0,7,凱基-敦北,2023-08-25,9237
2002,中鋼,6,0,6,凱基-敦北,2023-08-25,9237
00881,國泰台灣5G+,6,0,6,凱基-敦北,2023-08-25,9237
00929,復華台灣科技優息,15,9,6,凱基-敦北,2023-08-25,9237
00923,群益台ESG低碳50,6,0,6,凱基-敦北,2023-08-25,9237
00895,富邦未來車,6,0,6,凱基-敦北,2023-08-25,9237
2211,長榮鋼,6,0,6,凱基-敦北,2023-08-25,9237
2630,亞航,8,2,6,凱基-敦北,2023-08-25,9237
00665L,富邦�琤肭磪囓�2,5,0,5,凱基-敦北,2023-08-25,9237
00753L,中信中國50正2,5,0,5,凱基-敦北,2023-08-25,9237
2421,建準,19,14,5,凱基-敦北,2023-08-25,9237
2606,裕民,5,0,5,凱基-敦北,2023-08-25,9237
2734,易飛網,5,0,5,凱基-敦北,2023-08-25,9237
5243,乙盛-KY,5,0,5,凱基-敦北,2023-08-25,9237
5284,jpp-KY,6,1,5,凱基-敦北,2023-08-25,9237
2903,遠百,200,0,200,凱基-敦北,2023-08-28,9237
00929,復華台灣科技優息,60,2,58,凱基-敦北,2023-08-28,9237
2352,佳世達,76,36,40,凱基-敦北,2023-08-28,9237
6139,亞翔,72,39,33,凱基-敦北,2023-08-28,9237
6235,華孚,80,47,33,凱基-敦北,2023-08-28,9237
2618,長榮航,29,5,24,凱基-敦北,2023-08-28,9237
8033,雷虎,24,0,24,凱基-敦北,2023-08-28,9237
1513,中興電,23,2,21,凱基-敦北,2023-08-28,9237
3591,艾笛森,20,0,20,凱基-敦北,2023-08-28,9237
2363,矽統,24,8,16,凱基-敦北,2023-08-28,9237
3294,英濟,15,0,15,凱基-敦北,2023-08-28,9237
6207,雷科,13,0,13,凱基-敦北,2023-08-28,9237
4906,正文,26,14,12,凱基-敦北,2023-08-28,9237
00882,中信中國高股息,11,0,11,凱基-敦北,2023-08-28,9237
1815,富喬,10,0,10,凱基-敦北,2023-08-28,9237
2002,中鋼,10,0,10,凱基-敦北,2023-08-28,9237
2374,佳能,10,0,10,凱基-敦北,2023-08-28,9237
2415,錩新,10,0,10,凱基-敦北,2023-08-28,9237
2891,中信金,10,0,10,凱基-敦北,2023-08-28,9237
4129,聯合,10,0,10,凱基-敦北,2023-08-28,9237
6116,彩晶,10,0,10,凱基-敦北,2023-08-28,9237
2537,聯上發,9,0,9,凱基-敦北,2023-08-28,9237
6168,宏齊,20,11,9,凱基-敦北,2023-08-28,9237
2449,京元電子,13,5,8,凱基-敦北,2023-08-28,9237
2838,聯邦銀,8,0,8,凱基-敦北,2023-08-28,9237
3090,日電貿,8,0,8,凱基-敦北,2023-08-28,9237
1722,台肥,7,0,7,凱基-敦北,2023-08-28,9237
2603,長榮,8,1,7,凱基-敦北,2023-08-28,9237
5381,合正,7,0,7,凱基-敦北,2023-08-28,9237
3032,偉訓,6,0,6,凱基-敦北,2023-08-28,9237
00679B,元大美債20年,5,0,5,凱基-敦北,2023-08-28,9237
4979,華星光,75,70,5,凱基-敦北,2023-08-28,9237
00772B,中信高評級公司債,7,2,5,凱基-敦北,2023-08-28,9237
00720B,元大投資級公司債,5,0,5,凱基-敦北,2023-08-28,9237
2606,裕民,5,0,5,凱基-敦北,2023-08-28,9237
3094,聯傑,8,3,5,凱基-敦北,2023-08-28,9237
4541,晟田,5,0,5,凱基-敦北,2023-08-28,9237
00673R,期元大S＆P原油反1,4,0,4,凱基-敦北,2023-08-28,9237
00888,永豐台灣ESG,4,0,4,凱基-敦北,2023-08-28,9237
00896,中信綠能及電動車,4,0,4,凱基-敦北,2023-08-28,9237
1101,台泥,4,0,4,凱基-敦北,2023-08-28,9237
2610,華航,5,1,4,凱基-敦北,2023-08-28,9237
3666,光耀,4,0,4,凱基-敦北,2023-08-28,9237
3715,定穎投控,32,28,4,凱基-敦北,2023-08-28,9237
6274,台燿,7,3,4,凱基-敦北,2023-08-28,9237
8081,致新,4,0,4,凱基-敦北,2023-08-28,9237
2388,威盛,14,11,3,凱基-敦北,2023-08-28,9237
1467,南緯,3,0,3,凱基-敦北,2023-08-28,9237
2736,富野,3,0,3,凱基-敦北,2023-08-28,9237
3022,威強電,3,0,3,凱基-敦北,2023-08-28,9237
2903,遠百,130,1,129,凱基-敦北,2023-08-29,9237
2002,中鋼,53,1,52,凱基-敦北,2023-08-29,9237
00671R,富邦NASDAQ反1,50,0,50,凱基-敦北,2023-08-29,9237
9945,潤泰新,49,2,47,凱基-敦北,2023-08-29,9237
00919,群益台灣精選高息,39,0,39,凱基-敦北,2023-08-29,9237
4906,正文,53,22,31,凱基-敦北,2023-08-29,9237
2816,旺旺保,30,0,30,凱基-敦北,2023-08-29,9237
6213,聯茂,58,31,27,凱基-敦北,2023-08-29,9237
00641R,富邦日本反1,17,0,17,凱基-敦北,2023-08-29,9237
00929,復華台灣科技優息,17,0,17,凱基-敦北,2023-08-29,9237
3163,波若威,16,0,16,凱基-敦北,2023-08-29,9237
3162,精確,16,0,16,凱基-敦北,2023-08-29,9237
6234,高僑,16,0,16,凱基-敦北,2023-08-29,9237
3325,旭品,15,0,15,凱基-敦北,2023-08-29,9237
1474,弘裕,14,0,14,凱基-敦北,2023-08-29,9237
4735,豪展,14,0,14,凱基-敦北,2023-08-29,9237
2606,裕民,13,0,13,凱基-敦北,2023-08-29,9237
00637L,元大滬深300正2,13,1,12,凱基-敦北,2023-08-29,9237
00706L,期元大S＆P日圓正2,10,0,10,凱基-敦北,2023-08-29,9237
2368,金像電,32,22,10,凱基-敦北,2023-08-29,9237
3675,德微,10,0,10,凱基-敦北,2023-08-29,9237
1802,台玻,19,10,9,凱基-敦北,2023-08-29,9237
2485,兆赫,10,1,9,凱基-敦北,2023-08-29,9237
1722,台肥,10,2,8,凱基-敦北,2023-08-29,9237
2303,聯電,12,4,8,凱基-敦北,2023-08-29,9237
3711,日月光投控,7,0,7,凱基-敦北,2023-08-29,9237
00878,國泰永續高股息,7,1,6,凱基-敦北,2023-08-29,9237
1718,中纖,6,0,6,凱基-敦北,2023-08-29,9237
2344,華邦電,6,0,6,凱基-敦北,2023-08-29,9237
1618,合機,5,0,5,凱基-敦北,2023-08-29,9237
006205,富邦上証,5,0,5,凱基-敦北,2023-08-29,9237
2516,新建,5,0,5,凱基-敦北,2023-08-29,9237
2618,長榮航,14,9,5,凱基-敦北,2023-08-29,9237
3019,亞光,5,0,5,凱基-敦北,2023-08-29,9237
3567,逸昌,5,0,5,凱基-敦北,2023-08-29,9237
4123,晟德,5,0,5,凱基-敦北,2023-08-29,9237
5483,中美晶,5,0,5,凱基-敦北,2023-08-29,9237
6005,群益證,5,0,5,凱基-敦北,2023-08-29,9237
6285,啟��,10,5,5,凱基-敦北,2023-08-29,9237
8016,矽創,5,0,5,凱基-敦北,2023-08-29,9237
9919,康那香,5,0,5,凱基-敦北,2023-08-29,9237
2382,廣達,29,24,5,凱基-敦北,2023-08-29,9237
0056,元大高股息,11,7,4,凱基-敦北,2023-08-29,9237
2352,佳世達,5,1,4,凱基-敦北,2023-08-29,9237
6207,雷科,4,0,4,凱基-敦北,2023-08-29,9237
2884,玉山金,3,0,3,凱基-敦北,2023-08-29,9237
3217,優群,3,0,3,凱基-敦北,2023-08-29,9237
4915,致伸,3,0,3,凱基-敦北,2023-08-29,9237
5269,祥碩,3,0,3,凱基-敦北,2023-08-29,9237
6830,汎銓,3,0,3,凱基-敦北,2023-08-29,9237
2634,漢翔,52,1,51,凱基-敦北,2023-08-30,9237
2630,亞航,50,0,50,凱基-敦北,2023-08-30,9237
8358,金居,55,5,50,凱基-敦北,2023-08-30,9237
00671R,富邦NASDAQ反1,43,0,43,凱基-敦北,2023-08-30,9237
3260,威剛,48,6,42,凱基-敦北,2023-08-30,9237
2618,長榮航,55,17,38,凱基-敦北,2023-08-30,9237
5386,青雲,30,0,30,凱基-敦北,2023-08-30,9237
5222,全訊,27,0,27,凱基-敦北,2023-08-30,9237
2637,慧洋-KY,23,0,23,凱基-敦北,2023-08-30,9237
2331,精英,40,20,20,凱基-敦北,2023-08-30,9237
6104,創惟,32,12,20,凱基-敦北,2023-08-30,9237
2344,華邦電,25,6,19,凱基-敦北,2023-08-30,9237
1802,台玻,27,9,18,凱基-敦北,2023-08-30,9237
00919,群益台灣精選高息,17,0,17,凱基-敦北,2023-08-30,9237
2834,臺企銀,17,0,17,凱基-敦北,2023-08-30,9237
3217,優群,17,0,17,凱基-敦北,2023-08-30,9237
4906,正文,15,0,15,凱基-敦北,2023-08-30,9237
9945,潤泰新,15,0,15,凱基-敦北,2023-08-30,9237
1513,中興電,15,2,13,凱基-敦北,2023-08-30,9237
3078,僑威,12,0,12,凱基-敦北,2023-08-30,9237
2606,裕民,12,1,11,凱基-敦北,2023-08-30,9237
00751B,元大AAA至A公司債,10,0,10,凱基-敦北,2023-08-30,9237
6116,彩晶,10,0,10,凱基-敦北,2023-08-30,9237
2027,大成鋼,10,1,9,凱基-敦北,2023-08-30,9237
6139,亞翔,22,14,8,凱基-敦北,2023-08-30,9237
0056,元大高股息,10,3,7,凱基-敦北,2023-08-30,9237
3017,奇鋐,61,54,7,凱基-敦北,2023-08-30,9237
00929,復華台灣科技優息,7,1,6,凱基-敦北,2023-08-30,9237
8111,立��,6,0,6,凱基-敦北,2023-08-30,9237
00923,群益台ESG低碳50,5,0,5,凱基-敦北,2023-08-30,9237
8069,元太,6,1,5,凱基-敦北,2023-08-30,9237
00907,永豐優息存股,5,0,5,凱基-敦北,2023-08-30,9237
006205,富邦上証,5,0,5,凱基-敦北,2023-08-30,9237
2301,光寶科,10,5,5,凱基-敦北,2023-08-30,9237
2328,廣宇,5,0,5,凱基-敦北,2023-08-30,9237
2464,盟立,5,0,5,凱基-敦北,2023-08-30,9237
2883B,凱基金乙特,5,0,5,凱基-敦北,2023-08-30,9237
4147,中裕,5,0,5,凱基-敦北,2023-08-30,9237
4763,材料-KY,10,5,5,凱基-敦北,2023-08-30,9237
5289,宜鼎,6,1,5,凱基-敦北,2023-08-30,9237
6282,康舒,5,0,5,凱基-敦北,2023-08-30,9237
6796,晉弘,9,4,5,凱基-敦北,2023-08-30,9237
9917,中保科,5,0,5,凱基-敦北,2023-08-30,9237
1589,永冠-KY,4,0,4,凱基-敦北,2023-08-30,9237
3051,力特,6,2,4,凱基-敦北,2023-08-30,9237
3131,弘塑,5,1,4,凱基-敦北,2023-08-30,9237
3567,逸昌,4,0,4,凱基-敦北,2023-08-30,9237
4123,晟德,7,3,4,凱基-敦北,2023-08-30,9237
8086,宏捷科,4,0,4,凱基-敦北,2023-08-30,9237
3481,群創,12,8,4,凱基-敦北,2023-08-30,9237
4746,台耀,31,0,31,凱基-敦北,2023-08-31,9237
00725B,國泰投資級公司債,30,0,30,凱基-敦北,2023-08-31,9237
00687B,國泰20年美債,30,3,27,凱基-敦北,2023-08-31,9237
4967,十銓,37,16,21,凱基-敦北,2023-08-31,9237
3715,定穎投控,30,9,21,凱基-敦北,2023-08-31,9237
6282,康舒,20,0,20,凱基-敦北,2023-08-31,9237
1709,和益,20,0,20,凱基-敦北,2023-08-31,9237
2634,漢翔,21,2,19,凱基-敦北,2023-08-31,9237
3032,偉訓,16,0,16,凱基-敦北,2023-08-31,9237
9945,潤泰新,15,0,15,凱基-敦北,2023-08-31,9237
2485,兆赫,69,55,14,凱基-敦北,2023-08-31,9237
2457,飛宏,12,1,11,凱基-敦北,2023-08-31,9237
5483,中美晶,11,0,11,凱基-敦北,2023-08-31,9237
6547,高端疫苗,10,0,10,凱基-敦北,2023-08-31,9237
2103,台橡,10,0,10,凱基-敦北,2023-08-31,9237
3059,華晶科,10,0,10,凱基-敦北,2023-08-31,9237
8033,雷虎,11,1,10,凱基-敦北,2023-08-31,9237
5222,全訊,10,1,9,凱基-敦北,2023-08-31,9237
3325,旭品,10,1,9,凱基-敦北,2023-08-31,9237
2401,凌陽,8,0,8,凱基-敦北,2023-08-31,9237
2610,華航,7,0,7,凱基-敦北,2023-08-31,9237
1102,亞泥,7,0,7,凱基-敦北,2023-08-31,9237
3260,威剛,57,50,7,凱基-敦北,2023-08-31,9237
00878,國泰永續高股息,10,4,6,凱基-敦北,2023-08-31,9237
4906,正文,6,0,6,凱基-敦北,2023-08-31,9237
2355,敬鵬,6,0,6,凱基-敦北,2023-08-31,9237
1101,台泥,5,0,5,凱基-敦北,2023-08-31,9237
5009,榮剛,10,5,5,凱基-敦北,2023-08-31,9237
1618,合機,5,0,5,凱基-敦北,2023-08-31,9237
1762,中化生,5,0,5,凱基-敦北,2023-08-31,9237
2324,仁寶,6,1,5,凱基-敦北,2023-08-31,9237
3209,全科,5,0,5,凱基-敦北,2023-08-31,9237
6234,高僑,5,0,5,凱基-敦北,2023-08-31,9237
00929,復華台灣科技優息,5,1,4,凱基-敦北,2023-08-31,9237
1605,華新,5,1,4,凱基-敦北,2023-08-31,9237
2332,友訊,4,0,4,凱基-敦北,2023-08-31,9237
2606,裕民,4,0,4,凱基-敦北,2023-08-31,9237
4960,誠美材,4,0,4,凱基-敦北,2023-08-31,9237
5371,中光電,5,1,4,凱基-敦北,2023-08-31,9237
2834,臺企銀,3,0,3,凱基-敦北,2023-08-31,9237
2002,中鋼,3,0,3,凱基-敦北,2023-08-31,9237
1477,聚陽,3,0,3,凱基-敦北,2023-08-31,9237
00919,群益台灣精選高息,3,0,3,凱基-敦北,2023-08-31,9237
2351,順德,3,0,3,凱基-敦北,2023-08-31,9237
2376,技嘉,5,2,3,凱基-敦北,2023-08-31,9237
2390,云辰,3,0,3,凱基-敦北,2023-08-31,9237
2883,凱基金,3,0,3,凱基-敦北,2023-08-31,9237
2892,第一金,3,0,3,凱基-敦北,2023-08-31,9237
3264,欣銓,5,2,3,凱基-敦北,2023-08-31,9237
3567,逸昌,3,0,3,凱基-敦北,2023-08-31,9237
2368,金像電,103,0,103,凱基-敦北,2023-09-01,9237
00919,群益台灣精選高息,50,0,50,凱基-敦北,2023-09-01,9237
2376,技嘉,53,3,50,凱基-敦北,2023-09-01,9237
00929,復華台灣科技優息,33,6,27,凱基-敦北,2023-09-01,9237
2374,佳能,25,0,25,凱基-敦北,2023-09-01,9237
3005,神基,23,2,21,凱基-敦北,2023-09-01,9237
3162,精確,20,0,20,凱基-敦北,2023-09-01,9237
4532,瑞智,20,0,20,凱基-敦北,2023-09-01,9237
2401,凌陽,21,2,19,凱基-敦北,2023-09-01,9237
8210,勤誠,26,11,15,凱基-敦北,2023-09-01,9237
2337,旺宏,17,2,15,凱基-敦北,2023-09-01,9237
4906,正文,20,6,14,凱基-敦北,2023-09-01,9237
5483,中美晶,14,0,14,凱基-敦北,2023-09-01,9237
6830,汎銓,14,0,14,凱基-敦北,2023-09-01,9237
0056,元大高股息,16,2,14,凱基-敦北,2023-09-01,9237
2891,中信金,14,1,13,凱基-敦北,2023-09-01,9237
3665,貿聯-KY,13,0,13,凱基-敦北,2023-09-01,9237
00878,國泰永續高股息,15,2,13,凱基-敦北,2023-09-01,9237
2329,華泰,13,1,12,凱基-敦北,2023-09-01,9237
1513,中興電,17,6,11,凱基-敦北,2023-09-01,9237
1474,弘裕,11,0,11,凱基-敦北,2023-09-01,9237
2637,慧洋-KY,11,0,11,凱基-敦北,2023-09-01,9237
4414,如興,11,0,11,凱基-敦北,2023-09-01,9237
1503,士電,10,0,10,凱基-敦北,2023-09-01,9237
1605,華新,10,0,10,凱基-敦北,2023-09-01,9237
3707,漢磊,10,0,10,凱基-敦北,2023-09-01,9237
4572,駐龍,10,0,10,凱基-敦北,2023-09-01,9237
4979,華星光,10,0,10,凱基-敦北,2023-09-01,9237
6625,必應,10,0,10,凱基-敦北,2023-09-01,9237
3231,緯創,23,14,9,凱基-敦北,2023-09-01,9237
1609,大亞,12,3,9,凱基-敦北,2023-09-01,9237
2103,台橡,9,0,9,凱基-敦北,2023-09-01,9237
3715,定穎投控,14,5,9,凱基-敦北,2023-09-01,9237
5324,士開,9,0,9,凱基-敦北,2023-09-01,9237
6547,高端疫苗,8,0,8,凱基-敦北,2023-09-01,9237
2867,三商壽,10,2,8,凱基-敦北,2023-09-01,9237
6173,信昌電,9,1,8,凱基-敦北,2023-09-01,9237
1319,東陽,28,21,7,凱基-敦北,2023-09-01,9237
5251,天鉞電,14,7,7,凱基-敦北,2023-09-01,9237
00930,永豐ESG低碳高息,6,0,6,凱基-敦北,2023-09-01,9237
00907,永豐優息存股,6,0,6,凱基-敦北,2023-09-01,9237
2606,裕民,6,0,6,凱基-敦北,2023-09-01,9237
2610,華航,9,3,6,凱基-敦北,2023-09-01,9237
3017,奇鋐,6,0,6,凱基-敦北,2023-09-01,9237
3032,偉訓,6,0,6,凱基-敦北,2023-09-01,9237
3264,欣銓,7,1,6,凱基-敦北,2023-09-01,9237
9945,潤泰新,13,7,6,凱基-敦北,2023-09-01,9237
3035,智原,21,15,6,凱基-敦北,2023-09-01,9237
6139,亞翔,15,9,6,凱基-敦北,2023-09-01,9237
2363,矽統,116,111,5,凱基-敦北,2023-09-01,9237
00669R,國泰美國道瓊反1,50,0,50,凱基-敦北,2023-09-04,9237
6213,聯茂,36,0,36,凱基-敦北,2023-09-04,9237
00680L,元大美債20正2,32,0,32,凱基-敦北,2023-09-04,9237
1762,中化生,26,0,26,凱基-敦北,2023-09-04,9237
00929,復華台灣科技優息,27,2,25,凱基-敦北,2023-09-04,9237
4906,正文,24,0,24,凱基-敦北,2023-09-04,9237
4967,十銓,59,35,24,凱基-敦北,2023-09-04,9237
3715,定穎投控,24,3,21,凱基-敦北,2023-09-04,9237
2630,亞航,20,0,20,凱基-敦北,2023-09-04,9237
3264,欣銓,20,0,20,凱基-敦北,2023-09-04,9237
5324,士開,17,0,17,凱基-敦北,2023-09-04,9237
3162,精確,30,16,14,凱基-敦北,2023-09-04,9237
3005,神基,13,0,13,凱基-敦北,2023-09-04,9237
00772B,中信高評級公司債,12,0,12,凱基-敦北,2023-09-04,9237
00713,元大台灣高息低波,11,0,11,凱基-敦北,2023-09-04,9237
2371,大同,11,0,11,凱基-敦北,2023-09-04,9237
4979,華星光,11,0,11,凱基-敦北,2023-09-04,9237
00679B,元大美債20年,10,0,10,凱基-敦北,2023-09-04,9237
00915,凱基優選高股息30,10,0,10,凱基-敦北,2023-09-04,9237
3290,東浦,10,0,10,凱基-敦北,2023-09-04,9237
6112,邁達特,10,0,10,凱基-敦北,2023-09-04,9237
00637L,元大滬深300正2,10,1,9,凱基-敦北,2023-09-04,9237
2409,友達,8,0,8,凱基-敦北,2023-09-04,9237
2493,揚博,8,0,8,凱基-敦北,2023-09-04,9237
2331,精英,7,0,7,凱基-敦北,2023-09-04,9237
2337,旺宏,7,0,7,凱基-敦北,2023-09-04,9237
2637,慧洋-KY,7,0,7,凱基-敦北,2023-09-04,9237
6625,必應,7,0,7,凱基-敦北,2023-09-04,9237
00878,國泰永續高股息,7,0,7,凱基-敦北,2023-09-04,9237
00919,群益台灣精選高息,8,2,6,凱基-敦北,2023-09-04,9237
1618,合機,6,0,6,凱基-敦北,2023-09-04,9237
2408,南亞科,6,0,6,凱基-敦北,2023-09-04,9237
3017,奇鋐,7,1,6,凱基-敦北,2023-09-04,9237
4960,誠美材,6,0,6,凱基-敦北,2023-09-04,9237
00907,永豐優息存股,5,0,5,凱基-敦北,2023-09-04,9237
3231,緯創,11,6,5,凱基-敦北,2023-09-04,9237
00687B,國泰20年美債,5,0,5,凱基-敦北,2023-09-04,9237
00931B,統一美債20年,5,0,5,凱基-敦北,2023-09-04,9237
1474,弘裕,5,0,5,凱基-敦北,2023-09-04,9237
2323,中環,5,0,5,凱基-敦北,2023-09-04,9237
2402,毅嘉,30,25,5,凱基-敦北,2023-09-04,9237
2421,建準,10,5,5,凱基-敦北,2023-09-04,9237
3711,日月光投控,5,0,5,凱基-敦北,2023-09-04,9237
4915,致伸,5,0,5,凱基-敦北,2023-09-04,9237
6782,視陽,5,0,5,凱基-敦北,2023-09-04,9237
2340,台亞,4,0,4,凱基-敦北,2023-09-04,9237
2369,菱生,4,0,4,凱基-敦北,2023-09-04,9237
2375,凱美,4,0,4,凱基-敦北,2023-09-04,9237
2618,長榮航,17,13,4,凱基-敦北,2023-09-04,9237
3664,安瑞-KY,4,0,4,凱基-敦北,2023-09-04,9237
6235,華孚,65,15,50,凱基-敦北,2023-09-05,9237
00919,群益台灣精選高息,40,0,40,凱基-敦北,2023-09-05,9237
00896,中信綠能及電動車,33,0,33,凱基-敦北,2023-09-05,9237
2630,亞航,30,0,30,凱基-敦北,2023-09-05,9237
3014,聯陽,30,0,30,凱基-敦北,2023-09-05,9237
2618,長榮航,33,5,28,凱基-敦北,2023-09-05,9237
1101,台泥,28,1,27,凱基-敦北,2023-09-05,9237
2436,偉詮電,47,20,27,凱基-敦北,2023-09-05,9237
00696B,富邦美債20年,25,0,25,凱基-敦北,2023-09-05,9237
00929,復華台灣科技優息,22,0,22,凱基-敦北,2023-09-05,9237
2634,漢翔,24,3,21,凱基-敦北,2023-09-05,9237
6830,汎銓,31,10,21,凱基-敦北,2023-09-05,9237
8358,金居,41,21,20,凱基-敦北,2023-09-05,9237
9929,秋雨,17,0,17,凱基-敦北,2023-09-05,9237
00679B,元大美債20年,16,0,16,凱基-敦北,2023-09-05,9237
0056,元大高股息,16,0,16,凱基-敦北,2023-09-05,9237
2421,建準,26,10,16,凱基-敦北,2023-09-05,9237
5258,虹堡,14,2,12,凱基-敦北,2023-09-05,9237
00772B,中信高評級公司債,11,0,11,凱基-敦北,2023-09-05,9237
2027,大成鋼,10,0,10,凱基-敦北,2023-09-05,9237
5009,榮剛,10,0,10,凱基-敦北,2023-09-05,9237
1467,南緯,10,0,10,凱基-敦北,2023-09-05,9237
3027,盛達,12,2,10,凱基-敦北,2023-09-05,9237
3032,偉訓,10,0,10,凱基-敦北,2023-09-05,9237
3162,精確,10,0,10,凱基-敦北,2023-09-05,9237
3711,日月光投控,12,2,10,凱基-敦北,2023-09-05,9237
6182,合晶,10,0,10,凱基-敦北,2023-09-05,9237
8431,匯鑽科,10,0,10,凱基-敦北,2023-09-05,9237
8936,國統,10,0,10,凱基-敦北,2023-09-05,9237
1584,精剛,9,0,9,凱基-敦北,2023-09-05,9237
3622,洋華,10,1,9,凱基-敦北,2023-09-05,9237
1762,中化生,9,1,8,凱基-敦北,2023-09-05,9237
4960,誠美材,8,0,8,凱基-敦北,2023-09-05,9237
6796,晉弘,15,7,8,凱基-敦北,2023-09-05,9237
00907,永豐優息存股,7,0,7,凱基-敦北,2023-09-05,9237
2855,統一證,7,0,7,凱基-敦北,2023-09-05,9237
5285,界霖,6,0,6,凱基-敦北,2023-09-05,9237
5381,合正,6,0,6,凱基-敦北,2023-09-05,9237
2382,廣達,27,22,5,凱基-敦北,2023-09-05,9237
00722B,群益投資級電信債,5,0,5,凱基-敦北,2023-09-05,9237
00680L,元大美債20正2,5,0,5,凱基-敦北,2023-09-05,9237
1718,中纖,5,0,5,凱基-敦北,2023-09-05,9237
1802,台玻,5,0,5,凱基-敦北,2023-09-05,9237
3447,展達,5,0,5,凱基-敦北,2023-09-05,9237
4979,華星光,5,0,5,凱基-敦北,2023-09-05,9237
6120,達運,5,0,5,凱基-敦北,2023-09-05,9237
6188,廣明,6,1,5,凱基-敦北,2023-09-05,9237
6472,保瑞,7,2,5,凱基-敦北,2023-09-05,9237
6799,來頡,5,0,5,凱基-敦北,2023-09-05,9237
9945,潤泰新,5,0,5,凱基-敦北,2023-09-05,9237
3481,群創,89,6,83,凱基-敦北,2023-09-06,9237
2352,佳世達,65,1,64,凱基-敦北,2023-09-06,9237
00929,復華台灣科技優息,75,20,55,凱基-敦北,2023-09-06,9237
2409,友達,54,3,51,凱基-敦北,2023-09-06,9237
2002,中鋼,31,0,31,凱基-敦北,2023-09-06,9237
2906,高林,30,0,30,凱基-敦北,2023-09-06,9237
4105,東洋,30,0,30,凱基-敦北,2023-09-06,9237
5258,虹堡,44,14,30,凱基-敦北,2023-09-06,9237
6412,群電,28,0,28,凱基-敦北,2023-09-06,9237
2376,技嘉,31,4,27,凱基-敦北,2023-09-06,9237
3169,亞信,23,1,22,凱基-敦北,2023-09-06,9237
4960,誠美材,22,0,22,凱基-敦北,2023-09-06,9237
2630,亞航,20,0,20,凱基-敦北,2023-09-06,9237
3289,宜特,22,2,20,凱基-敦北,2023-09-06,9237
2401,凌陽,20,4,16,凱基-敦北,2023-09-06,9237
00772B,中信高評級公司債,12,0,12,凱基-敦北,2023-09-06,9237
00751B,元大AAA至A公司債,11,0,11,凱基-敦北,2023-09-06,9237
8028,昇陽半導體,11,0,11,凱基-敦北,2023-09-06,9237
1802,台玻,26,16,10,凱基-敦北,2023-09-06,9237
2332,友訊,10,0,10,凱基-敦北,2023-09-06,9237
3162,精確,10,0,10,凱基-敦北,2023-09-06,9237
4147,中裕,10,0,10,凱基-敦北,2023-09-06,9237
4953,緯軟,10,0,10,凱基-敦北,2023-09-06,9237
6116,彩晶,10,0,10,凱基-敦北,2023-09-06,9237
00915,凱基優選高股息30,10,0,10,凱基-敦北,2023-09-06,9237
2308,台達電,13,4,9,凱基-敦北,2023-09-06,9237
2303,聯電,10,1,9,凱基-敦北,2023-09-06,9237
00665L,富邦�琤肭磪囓�2,9,0,9,凱基-敦北,2023-09-06,9237
1102,亞泥,8,0,8,凱基-敦北,2023-09-06,9237
00932,兆豐永續高息等權,11,3,8,凱基-敦北,2023-09-06,9237
6213,聯茂,9,1,8,凱基-敦北,2023-09-06,9237
1101,台泥,13,6,7,凱基-敦北,2023-09-06,9237
2881,富邦金,7,0,7,凱基-敦北,2023-09-06,9237
00919,群益台灣精選高息,18,11,7,凱基-敦北,2023-09-06,9237
6271,同欣電,8,1,7,凱基-敦北,2023-09-06,9237
00679B,元大美債20年,9,2,7,凱基-敦北,2023-09-06,9237
2066,世德,7,1,6,凱基-敦北,2023-09-06,9237
2402,毅嘉,14,8,6,凱基-敦北,2023-09-06,9237
2027,大成鋼,22,17,5,凱基-敦北,2023-09-06,9237
6235,華孚,10,5,5,凱基-敦北,2023-09-06,9237
00687B,國泰20年美債,5,0,5,凱基-敦北,2023-09-06,9237
1218,泰山,5,0,5,凱基-敦北,2023-09-06,9237
1718,中纖,5,0,5,凱基-敦北,2023-09-06,9237
2867,三商壽,5,0,5,凱基-敦北,2023-09-06,9237
3479,安勤,5,0,5,凱基-敦北,2023-09-06,9237
4979,華星光,5,0,5,凱基-敦北,2023-09-06,9237
6147,頎邦,7,2,5,凱基-敦北,2023-09-06,9237
6176,瑞儀,5,0,5,凱基-敦北,2023-09-06,9237
00931B,統一美債20年,4,0,4,凱基-敦北,2023-09-06,9237
00637L,元大滬深300正2,4,0,4,凱基-敦北,2023-09-06,9237
00929,復華台灣科技優息,76,2,74,凱基-敦北,2023-09-07,9237
3481,群創,57,1,56,凱基-敦北,2023-09-07,9237
2101,南港,50,0,50,凱基-敦北,2023-09-07,9237
2368,金像電,41,1,40,凱基-敦北,2023-09-07,9237
00919,群益台灣精選高息,31,5,26,凱基-敦北,2023-09-07,9237
2606,裕民,23,0,23,凱基-敦北,2023-09-07,9237
00922,國泰台灣領袖50,20,0,20,凱基-敦北,2023-09-07,9237
5215,科嘉-KY,20,0,20,凱基-敦北,2023-09-07,9237
2421,建準,39,23,16,凱基-敦北,2023-09-07,9237
00915,凱基優選高股息30,15,0,15,凱基-敦北,2023-09-07,9237
2356,英業達,15,0,15,凱基-敦北,2023-09-07,9237
8112,至上,24,9,15,凱基-敦北,2023-09-07,9237
00679B,元大美債20年,14,0,14,凱基-敦北,2023-09-07,9237
2486,一詮,17,3,14,凱基-敦北,2023-09-07,9237
4763,材料-KY,19,5,14,凱基-敦北,2023-09-07,9237
00878,國泰永續高股息,15,2,13,凱基-敦北,2023-09-07,9237
1618,合機,15,2,13,凱基-敦北,2023-09-07,9237
2409,友達,13,1,12,凱基-敦北,2023-09-07,9237
4967,十銓,31,19,12,凱基-敦北,2023-09-07,9237
00720B,元大投資級公司債,11,0,11,凱基-敦北,2023-09-07,9237
2330,台積電,11,0,11,凱基-敦北,2023-09-07,9237
00903,富邦元宇宙,10,0,10,凱基-敦北,2023-09-07,9237
2313,華通,19,9,10,凱基-敦北,2023-09-07,9237
3027,盛達,10,0,10,凱基-敦北,2023-09-07,9237
3548,兆利,12,2,10,凱基-敦北,2023-09-07,9237
4105,東洋,10,0,10,凱基-敦北,2023-09-07,9237
4735,豪展,10,0,10,凱基-敦北,2023-09-07,9237
6830,汎銓,30,20,10,凱基-敦北,2023-09-07,9237
8936,國統,10,0,10,凱基-敦北,2023-09-07,9237
3264,欣銓,22,13,9,凱基-敦北,2023-09-07,9237
2886,兆豐金,11,3,8,凱基-敦北,2023-09-07,9237
5483,中美晶,8,0,8,凱基-敦北,2023-09-07,9237
6120,達運,22,14,8,凱基-敦北,2023-09-07,9237
00673R,期元大S＆P原油反1,7,0,7,凱基-敦北,2023-09-07,9237
00637L,元大滬深300正2,7,0,7,凱基-敦北,2023-09-07,9237
3209,全科,13,7,6,凱基-敦北,2023-09-07,9237
2884,玉山金,6,0,6,凱基-敦北,2023-09-07,9237
2637,慧洋-KY,6,0,6,凱基-敦北,2023-09-07,9237
4960,誠美材,6,0,6,凱基-敦北,2023-09-07,9237
8050,廣積,20,14,6,凱基-敦北,2023-09-07,9237
2838,聯邦銀,5,0,5,凱基-敦北,2023-09-07,9237
00918,大華優利高填息30,5,0,5,凱基-敦北,2023-09-07,9237
1101,台泥,5,0,5,凱基-敦北,2023-09-07,9237
00921,兆豐龍頭等權重,5,0,5,凱基-敦北,2023-09-07,9237
2002,中鋼,5,0,5,凱基-敦北,2023-09-07,9237
2061,風青,5,0,5,凱基-敦北,2023-09-07,9237
2535,達欣工,5,0,5,凱基-敦北,2023-09-07,9237
4979,華星光,5,0,5,凱基-敦北,2023-09-07,9237
8068,全達,5,0,5,凱基-敦北,2023-09-07,9237
8358,金居,18,13,5,凱基-敦北,2023-09-07,9237
9938,百和,250,0,250,凱基-敦北,2023-09-08,9237
2409,友達,76,0,76,凱基-敦北,2023-09-08,9237
00919,群益台灣精選高息,49,0,49,凱基-敦北,2023-09-08,9237
2486,一詮,42,1,41,凱基-敦北,2023-09-08,9237
2618,長榮航,44,10,34,凱基-敦北,2023-09-08,9237
00753L,中信中國50正2,32,0,32,凱基-敦北,2023-09-08,9237
6213,聯茂,33,1,32,凱基-敦北,2023-09-08,9237
00929,復華台灣科技優息,32,3,29,凱基-敦北,2023-09-08,9237
2401,凌陽,27,0,27,凱基-敦北,2023-09-08,9237
5324,士開,23,0,23,凱基-敦北,2023-09-08,9237
3014,聯陽,23,2,21,凱基-敦北,2023-09-08,9237
00688L,國泰20年美債正2,20,0,20,凱基-敦北,2023-09-08,9237
2888,新光金,25,5,20,凱基-敦北,2023-09-08,9237
4105,東洋,20,0,20,凱基-敦北,2023-09-08,9237
00915,凱基優選高股息30,24,10,14,凱基-敦北,2023-09-08,9237
8358,金居,33,20,13,凱基-敦北,2023-09-08,9237
00878,國泰永續高股息,14,2,12,凱基-敦北,2023-09-08,9237
4967,十銓,11,0,11,凱基-敦北,2023-09-08,9237
00882,中信中國高股息,10,0,10,凱基-敦北,2023-09-08,9237
00931B,統一美債20年,11,1,10,凱基-敦北,2023-09-08,9237
1618,合機,10,0,10,凱基-敦北,2023-09-08,9237
2421,建準,11,1,10,凱基-敦北,2023-09-08,9237
3362,先進光,10,0,10,凱基-敦北,2023-09-08,9237
4572,駐龍,10,0,10,凱基-敦北,2023-09-08,9237
3622,洋華,10,1,9,凱基-敦北,2023-09-08,9237
8033,雷虎,11,2,9,凱基-敦北,2023-09-08,9237
3481,群創,8,1,7,凱基-敦北,2023-09-08,9237
1736,喬山,7,0,7,凱基-敦北,2023-09-08,9237
2313,華通,9,2,7,凱基-敦北,2023-09-08,9237
2344,華邦電,7,0,7,凱基-敦北,2023-09-08,9237
2606,裕民,7,0,7,凱基-敦北,2023-09-08,9237
2637,慧洋-KY,7,0,7,凱基-敦北,2023-09-08,9237
8046,南電,13,6,7,凱基-敦北,2023-09-08,9237
8112,至上,7,1,6,凱基-敦北,2023-09-08,9237
3702,大聯大,6,0,6,凱基-敦北,2023-09-08,9237
00665L,富邦�琤肭磪囓�2,5,0,5,凱基-敦北,2023-09-08,9237
2020,美亞,5,0,5,凱基-敦北,2023-09-08,9237
2308,台達電,5,0,5,凱基-敦北,2023-09-08,9237
2329,華泰,10,5,5,凱基-敦北,2023-09-08,9237
2597,潤弘,5,0,5,凱基-敦北,2023-09-08,9237
2615,萬海,6,1,5,凱基-敦北,2023-09-08,9237
2743,山富,5,0,5,凱基-敦北,2023-09-08,9237
5488,松普,5,0,5,凱基-敦北,2023-09-08,9237
6799,來頡,5,0,5,凱基-敦北,2023-09-08,9237
8028,昇陽半導體,5,0,5,凱基-敦北,2023-09-08,9237
5871,中租-KY,5,1,4,凱基-敦北,2023-09-08,9237
00918,大華優利高填息30,4,0,4,凱基-敦北,2023-09-08,9237
00920,富邦ESG綠色電力,4,0,4,凱基-敦北,2023-09-08,9237
2239,英利-KY,4,0,4,凱基-敦北,2023-09-08,9237
2402,毅嘉,5,1,4,凱基-敦北,2023-09-08,9237
6830,汎銓,86,0,86,凱基-敦北,2023-09-11,9237
00929,復華台灣科技優息,76,5,71,凱基-敦北,2023-09-11,9237
2368,金像電,95,27,68,凱基-敦北,2023-09-11,9237
6235,華孚,73,5,68,凱基-敦北,2023-09-11,9237
00878,國泰永續高股息,58,2,56,凱基-敦北,2023-09-11,9237
00919,群益台灣精選高息,30,0,30,凱基-敦北,2023-09-11,9237
2376,技嘉,39,15,24,凱基-敦北,2023-09-11,9237
3325,旭品,24,0,24,凱基-敦北,2023-09-11,9237
3169,亞信,31,8,23,凱基-敦北,2023-09-11,9237
4979,華星光,21,0,21,凱基-敦北,2023-09-11,9237
3071,協禧,20,0,20,凱基-敦北,2023-09-11,9237
8916,光隆,20,0,20,凱基-敦北,2023-09-11,9237
2888,新光金,18,0,18,凱基-敦北,2023-09-11,9237
00679B,元大美債20年,18,0,18,凱基-敦北,2023-09-11,9237
2374,佳能,18,0,18,凱基-敦北,2023-09-11,9237
0056,元大高股息,17,1,16,凱基-敦北,2023-09-11,9237
6116,彩晶,15,0,15,凱基-敦北,2023-09-11,9237
4960,誠美材,15,0,15,凱基-敦北,2023-09-11,9237
6191,精成科,15,0,15,凱基-敦北,2023-09-11,9237
00915,凱基優選高股息30,14,0,14,凱基-敦北,2023-09-11,9237
2630,亞航,22,9,13,凱基-敦北,2023-09-11,9237
2382,廣達,47,35,12,凱基-敦北,2023-09-11,9237
8016,矽創,20,8,12,凱基-敦北,2023-09-11,9237
2352,佳世達,16,4,12,凱基-敦北,2023-09-11,9237
2363,矽統,48,36,12,凱基-敦北,2023-09-11,9237
3708,上緯投控,12,0,12,凱基-敦北,2023-09-11,9237
5324,士開,12,0,12,凱基-敦北,2023-09-11,9237
00772B,中信高評級公司債,11,0,11,凱基-敦北,2023-09-11,9237
1529,樂事綠能,10,0,10,凱基-敦北,2023-09-11,9237
2228,劍麟,10,0,10,凱基-敦北,2023-09-11,9237
2637,慧洋-KY,10,0,10,凱基-敦北,2023-09-11,9237
3047,訊舟,10,0,10,凱基-敦北,2023-09-11,9237
00931B,統一美債20年,9,0,9,凱基-敦北,2023-09-11,9237
2634,漢翔,13,4,9,凱基-敦北,2023-09-11,9237
3362,先進光,8,0,8,凱基-敦北,2023-09-11,9237
4938,和碩,8,0,8,凱基-敦北,2023-09-11,9237
00918,大華優利高填息30,8,0,8,凱基-敦北,2023-09-11,9237
2486,一詮,8,0,8,凱基-敦北,2023-09-11,9237
3078,僑威,8,0,8,凱基-敦北,2023-09-11,9237
3231,緯創,19,12,7,凱基-敦北,2023-09-11,9237
00665L,富邦�琤肭磪囓�2,7,0,7,凱基-敦北,2023-09-11,9237
00662,富邦NASDAQ,7,0,7,凱基-敦北,2023-09-11,9237
1513,中興電,12,5,7,凱基-敦北,2023-09-11,9237
2312,金寶,6,0,6,凱基-敦北,2023-09-11,9237
2606,裕民,6,0,6,凱基-敦北,2023-09-11,9237
3209,全科,6,0,6,凱基-敦北,2023-09-11,9237
9943,好樂迪,6,0,6,凱基-敦北,2023-09-11,9237
3715,定穎投控,7,2,5,凱基-敦北,2023-09-11,9237
00923,群益台ESG低碳50,5,0,5,凱基-敦北,2023-09-11,9237
00633L,富邦上証正2,5,0,5,凱基-敦北,2023-09-11,9237
00919,群益台灣精選高息,112,0,112,凱基-敦北,2023-09-12,9237
5371,中光電,71,0,71,凱基-敦北,2023-09-12,9237
9938,百和,50,0,50,凱基-敦北,2023-09-12,9237
00932,兆豐永續高息等權,32,0,32,凱基-敦北,2023-09-12,9237
00878,國泰永續高股息,35,5,30,凱基-敦北,2023-09-12,9237
6235,華孚,29,4,25,凱基-敦北,2023-09-12,9237
2883,凱基金,25,2,23,凱基-敦北,2023-09-12,9237
2330,台積電,23,1,22,凱基-敦北,2023-09-12,9237
1326,台化,20,0,20,凱基-敦北,2023-09-12,9237
3227,原相,25,5,20,凱基-敦北,2023-09-12,9237
3552,同致,20,0,20,凱基-敦北,2023-09-12,9237
5483,中美晶,20,0,20,凱基-敦北,2023-09-12,9237
3046,建��,18,0,18,凱基-敦北,2023-09-12,9237
4953,緯軟,15,0,15,凱基-敦北,2023-09-12,9237
00929,復華台灣科技優息,15,0,15,凱基-敦北,2023-09-12,9237
8358,金居,20,6,14,凱基-敦北,2023-09-12,9237
3037,欣興,21,8,13,凱基-敦北,2023-09-12,9237
00687B,國泰20年美債,13,0,13,凱基-敦北,2023-09-12,9237
2606,裕民,13,0,13,凱基-敦北,2023-09-12,9237
00679B,元大美債20年,12,0,12,凱基-敦北,2023-09-12,9237
00918,大華優利高填息30,10,0,10,凱基-敦北,2023-09-12,9237
00637L,元大滬深300正2,11,1,10,凱基-敦北,2023-09-12,9237
1474,弘裕,10,0,10,凱基-敦北,2023-09-12,9237
2516,新建,10,0,10,凱基-敦北,2023-09-12,9237
6234,高僑,10,0,10,凱基-敦北,2023-09-12,9237
6494,九齊,10,0,10,凱基-敦北,2023-09-12,9237
8255,朋程,10,0,10,凱基-敦北,2023-09-12,9237
1524,耿鼎,9,2,7,凱基-敦北,2023-09-12,9237
2002,中鋼,7,0,7,凱基-敦北,2023-09-12,9237
3078,僑威,12,5,7,凱基-敦北,2023-09-12,9237
6415,矽力*-KY,6,0,6,凱基-敦北,2023-09-12,9237
2356,英業達,8,3,5,凱基-敦北,2023-09-12,9237
00692,富邦公司治理,5,0,5,凱基-敦北,2023-09-12,9237
00753L,中信中國50正2,5,0,5,凱基-敦北,2023-09-12,9237
1603,華電,5,0,5,凱基-敦北,2023-09-12,9237
2352,佳世達,5,0,5,凱基-敦北,2023-09-12,9237
2353,宏��,5,0,5,凱基-敦北,2023-09-12,9237
3259,鑫創,5,0,5,凱基-敦北,2023-09-12,9237
3558,神準,5,0,5,凱基-敦北,2023-09-12,9237
3645,達邁,5,0,5,凱基-敦北,2023-09-12,9237
00885,富邦越南,5,0,5,凱基-敦北,2023-09-12,9237
2303,聯電,5,0,5,凱基-敦北,2023-09-12,9237
00662,富邦NASDAQ,4,0,4,凱基-敦北,2023-09-12,9237
3035,智原,16,12,4,凱基-敦北,2023-09-12,9237
3325,旭品,22,18,4,凱基-敦北,2023-09-12,9237
4564,元翎,4,0,4,凱基-敦北,2023-09-12,9237
5324,士開,4,0,4,凱基-敦北,2023-09-12,9237
6156,松上,4,0,4,凱基-敦北,2023-09-12,9237
8033,雷虎,5,1,4,凱基-敦北,2023-09-12,9237
2382,廣達,27,23,4,凱基-敦北,2023-09-12,9237
9938,百和,238,41,197,凱基-敦北,2023-09-13,9237
00720B,元大投資級公司債,51,0,51,凱基-敦北,2023-09-13,9237
2851,中再保,25,0,25,凱基-敦北,2023-09-13,9237
9930,中聯資源,20,0,20,凱基-敦北,2023-09-13,9237
2538,基泰,20,2,18,凱基-敦北,2023-09-13,9237
00662,富邦NASDAQ,17,0,17,凱基-敦北,2023-09-13,9237
2606,裕民,15,0,15,凱基-敦北,2023-09-13,9237
3162,精確,45,30,15,凱基-敦北,2023-09-13,9237
00919,群益台灣精選高息,14,0,14,凱基-敦北,2023-09-13,9237
2027,大成鋼,15,1,14,凱基-敦北,2023-09-13,9237
1618,合機,12,1,11,凱基-敦北,2023-09-13,9237
2401,凌陽,15,4,11,凱基-敦北,2023-09-13,9237
6830,汎銓,11,0,11,凱基-敦北,2023-09-13,9237
5222,全訊,10,0,10,凱基-敦北,2023-09-13,9237
1307,三芳,10,0,10,凱基-敦北,2023-09-13,9237
4129,聯合,10,0,10,凱基-敦北,2023-09-13,9237
2486,一詮,10,2,8,凱基-敦北,2023-09-13,9237
00929,復華台灣科技優息,8,1,7,凱基-敦北,2023-09-13,9237
00923,群益台ESG低碳50,6,0,6,凱基-敦北,2023-09-13,9237
2313,華通,14,8,6,凱基-敦北,2023-09-13,9237
2838,聯邦銀,5,0,5,凱基-敦北,2023-09-13,9237
2618,長榮航,18,13,5,凱基-敦北,2023-09-13,9237
00673R,期元大S＆P原油反1,5,0,5,凱基-敦北,2023-09-13,9237
2449,京元電子,6,1,5,凱基-敦北,2023-09-13,9237
2516,新建,5,0,5,凱基-敦北,2023-09-13,9237
3046,建��,5,0,5,凱基-敦北,2023-09-13,9237
3227,原相,5,0,5,凱基-敦北,2023-09-13,9237
6104,創惟,5,0,5,凱基-敦北,2023-09-13,9237
6412,群電,5,0,5,凱基-敦北,2023-09-13,9237
7402,邑錡,7,2,5,凱基-敦北,2023-09-13,9237
00915,凱基優選高股息30,4,0,4,凱基-敦北,2023-09-13,9237
2540,愛山林,4,0,4,凱基-敦北,2023-09-13,9237
3056,富華新,4,0,4,凱基-敦北,2023-09-13,9237
3078,僑威,5,1,4,凱基-敦北,2023-09-13,9237
6531,愛普*,18,14,4,凱基-敦北,2023-09-13,9237
1522,堤維西,11,7,4,凱基-敦北,2023-09-13,9237
3042,晶技,3,0,3,凱基-敦北,2023-09-13,9237
00757,統一FANG+,3,0,3,凱基-敦北,2023-09-13,9237
2020,美亞,4,1,3,凱基-敦北,2023-09-13,9237
2355,敬鵬,10,7,3,凱基-敦北,2023-09-13,9237
3037,欣興,6,3,3,凱基-敦北,2023-09-13,9237
3217,優群,3,0,3,凱基-敦北,2023-09-13,9237
3701,大眾控,4,1,3,凱基-敦北,2023-09-13,9237
5381,合正,3,0,3,凱基-敦北,2023-09-13,9237
6139,亞翔,30,27,3,凱基-敦北,2023-09-13,9237
8358,金居,3,0,3,凱基-敦北,2023-09-13,9237
2317,鴻海,2,0,2,凱基-敦北,2023-09-13,9237
2609,陽明,2,0,2,凱基-敦北,2023-09-13,9237
1201,味全,2,0,2,凱基-敦北,2023-09-13,9237
1717,長興,2,0,2,凱基-敦北,2023-09-13,9237
00772B,中信高評級公司債,101,0,101,凱基-敦北,2023-09-14,9237
00632R,元大台灣50反1,60,0,60,凱基-敦北,2023-09-14,9237
4746,台耀,50,0,50,凱基-敦北,2023-09-14,9237
00929,復華台灣科技優息,48,1,47,凱基-敦北,2023-09-14,9237
00882,中信中國高股息,30,0,30,凱基-敦北,2023-09-14,9237
6120,達運,26,0,26,凱基-敦北,2023-09-14,9237
2885,元大金,24,0,24,凱基-敦北,2023-09-14,9237
00919,群益台灣精選高息,23,0,23,凱基-敦北,2023-09-14,9237
2330,台積電,30,8,22,凱基-敦北,2023-09-14,9237
2401,凌陽,21,2,19,凱基-敦北,2023-09-14,9237
2609,陽明,25,8,17,凱基-敦北,2023-09-14,9237
6792,詠業,16,0,16,凱基-敦北,2023-09-14,9237
3162,精確,65,50,15,凱基-敦北,2023-09-14,9237
5324,士開,13,0,13,凱基-敦北,2023-09-14,9237
1524,耿鼎,23,12,11,凱基-敦北,2023-09-14,9237
00751B,元大AAA至A公司債,11,0,11,凱基-敦北,2023-09-14,9237
4979,華星光,23,12,11,凱基-敦北,2023-09-14,9237
00679B,元大美債20年,11,0,11,凱基-敦北,2023-09-14,9237
00931B,統一美債20年,10,0,10,凱基-敦北,2023-09-14,9237
1802,台玻,15,5,10,凱基-敦北,2023-09-14,9237
2409,友達,10,0,10,凱基-敦北,2023-09-14,9237
2816,旺旺保,10,0,10,凱基-敦北,2023-09-14,9237
4533,協易機,10,0,10,凱基-敦北,2023-09-14,9237
1909,榮成,10,1,9,凱基-敦北,2023-09-14,9237
2606,裕民,9,0,9,凱基-敦北,2023-09-14,9237
6125,廣運,10,1,9,凱基-敦北,2023-09-14,9237
00878,國泰永續高股息,10,1,9,凱基-敦北,2023-09-14,9237
2371,大同,11,2,9,凱基-敦北,2023-09-14,9237
1522,堤維西,18,10,8,凱基-敦北,2023-09-14,9237
2417,圓剛,8,0,8,凱基-敦北,2023-09-14,9237
5483,中美晶,9,1,8,凱基-敦北,2023-09-14,9237
9930,中聯資源,8,0,8,凱基-敦北,2023-09-14,9237
1584,精剛,9,2,7,凱基-敦北,2023-09-14,9237
3209,全科,23,16,7,凱基-敦北,2023-09-14,9237
6284,佳邦,8,1,7,凱基-敦北,2023-09-14,9237
6176,瑞儀,6,0,6,凱基-敦北,2023-09-14,9237
2838,聯邦銀,6,0,6,凱基-敦北,2023-09-14,9237
2426,鼎元,6,0,6,凱基-敦北,2023-09-14,9237
3622,洋華,6,0,6,凱基-敦北,2023-09-14,9237
4735,豪展,6,0,6,凱基-敦北,2023-09-14,9237
5880,合庫金,5,0,5,凱基-敦北,2023-09-14,9237
00752,中信中國50,5,0,5,凱基-敦北,2023-09-14,9237
00898,國泰基因免疫革命,5,0,5,凱基-敦北,2023-09-14,9237
1618,合機,5,0,5,凱基-敦北,2023-09-14,9237
2020,美亞,9,4,5,凱基-敦北,2023-09-14,9237
3259,鑫創,5,0,5,凱基-敦北,2023-09-14,9237
3264,欣銓,5,0,5,凱基-敦北,2023-09-14,9237
6113,亞矽,5,0,5,凱基-敦北,2023-09-14,9237
6231,系微,9,4,5,凱基-敦北,2023-09-14,9237
00885,富邦越南,4,0,4,凱基-敦北,2023-09-14,9237
00772B,中信高評級公司債,115,0,115,凱基-敦北,2023-09-15,9237
2634,漢翔,105,10,95,凱基-敦北,2023-09-15,9237
2002,中鋼,52,0,52,凱基-敦北,2023-09-15,9237
2888,新光金,51,0,51,凱基-敦北,2023-09-15,9237
6830,汎銓,50,0,50,凱基-敦北,2023-09-15,9237
00929,復華台灣科技優息,46,1,45,凱基-敦北,2023-09-15,9237
2421,建準,45,5,40,凱基-敦北,2023-09-15,9237
2458,義隆,26,0,26,凱基-敦北,2023-09-15,9237
2891,中信金,26,1,25,凱基-敦北,2023-09-15,9237
2816,旺旺保,25,0,25,凱基-敦北,2023-09-15,9237
00918,大華優利高填息30,21,0,21,凱基-敦北,2023-09-15,9237
2020,美亞,20,0,20,凱基-敦北,2023-09-15,9237
2538,基泰,20,0,20,凱基-敦北,2023-09-15,9237
2884,玉山金,22,3,19,凱基-敦北,2023-09-15,9237
2486,一詮,17,0,17,凱基-敦北,2023-09-15,9237
3325,旭品,15,0,15,凱基-敦北,2023-09-15,9237
00679B,元大美債20年,15,1,14,凱基-敦北,2023-09-15,9237
2409,友達,14,0,14,凱基-敦北,2023-09-15,9237
3548,兆利,14,0,14,凱基-敦北,2023-09-15,9237
00919,群益台灣精選高息,16,3,13,凱基-敦北,2023-09-15,9237
2353,宏��,11,0,11,凱基-敦北,2023-09-15,9237
3162,精確,20,9,11,凱基-敦北,2023-09-15,9237
3209,全科,10,0,10,凱基-敦北,2023-09-15,9237
00662,富邦NASDAQ,10,0,10,凱基-敦北,2023-09-15,9237
00931B,統一美債20年,10,0,10,凱基-敦北,2023-09-15,9237
1313,聯成,10,0,10,凱基-敦北,2023-09-15,9237
1711,永光,10,0,10,凱基-敦北,2023-09-15,9237
2498,宏達電,10,0,10,凱基-敦北,2023-09-15,9237
2867,三商壽,10,0,10,凱基-敦北,2023-09-15,9237
2912,統一超,10,0,10,凱基-敦北,2023-09-15,9237
2330,台積電,12,3,9,凱基-敦北,2023-09-15,9237
00687B,國泰20年美債,9,0,9,凱基-敦北,2023-09-15,9237
3450,聯鈞,12,4,8,凱基-敦北,2023-09-15,9237
3708,上緯投控,8,0,8,凱基-敦北,2023-09-15,9237
3027,盛達,17,10,7,凱基-敦北,2023-09-15,9237
4552,力達-KY,7,0,7,凱基-敦北,2023-09-15,9237
1802,台玻,6,0,6,凱基-敦北,2023-09-15,9237
8112,至上,9,3,6,凱基-敦北,2023-09-15,9237
00696B,富邦美債20年,5,0,5,凱基-敦北,2023-09-15,9237
00753L,中信中國50正2,10,5,5,凱基-敦北,2023-09-15,9237
00751B,元大AAA至A公司債,5,0,5,凱基-敦北,2023-09-15,9237
00746B,富邦A級公司債,5,0,5,凱基-敦北,2023-09-15,9237
00673R,期元大S＆P原油反1,5,0,5,凱基-敦北,2023-09-15,9237
1762,中化生,5,0,5,凱基-敦北,2023-09-15,9237
2376,技嘉,10,5,5,凱基-敦北,2023-09-15,9237
2401,凌陽,5,0,5,凱基-敦北,2023-09-15,9237
2441,超豐,5,0,5,凱基-敦北,2023-09-15,9237
2511,太子,5,0,5,凱基-敦北,2023-09-15,9237
2601,益航,5,0,5,凱基-敦北,2023-09-15,9237
2610,華航,5,0,5,凱基-敦北,2023-09-15,9237
00929,復華台灣科技優息,118,11,107,凱基-敦北,2023-09-18,9237
2368,金像電,116,16,100,凱基-敦北,2023-09-18,9237
00919,群益台灣精選高息,97,15,82,凱基-敦北,2023-09-18,9237
4979,華星光,89,45,44,凱基-敦北,2023-09-18,9237
2838,聯邦銀,35,0,35,凱基-敦北,2023-09-18,9237
2867,三商壽,35,0,35,凱基-敦北,2023-09-18,9237
00687B,國泰20年美債,26,0,26,凱基-敦北,2023-09-18,9237
1524,耿鼎,25,0,25,凱基-敦北,2023-09-18,9237
00662,富邦NASDAQ,22,0,22,凱基-敦北,2023-09-18,9237
00772B,中信高評級公司債,21,0,21,凱基-敦北,2023-09-18,9237
6179,亞通,21,0,21,凱基-敦北,2023-09-18,9237
6279,胡連,21,0,21,凱基-敦北,2023-09-18,9237
2330,台積電,21,0,21,凱基-敦北,2023-09-18,9237
1515,力山,20,0,20,凱基-敦北,2023-09-18,9237
1229,聯華,20,0,20,凱基-敦北,2023-09-18,9237
3207,耀勝,15,0,15,凱基-敦北,2023-09-18,9237
6120,達運,15,0,15,凱基-敦北,2023-09-18,9237
2382,廣達,38,24,14,凱基-敦北,2023-09-18,9237
3162,精確,14,0,14,凱基-敦北,2023-09-18,9237
00679B,元大美債20年,12,0,12,凱基-敦北,2023-09-18,9237
00795B,中信美國公債20年,11,0,11,凱基-敦北,2023-09-18,9237
6799,來頡,11,0,11,凱基-敦北,2023-09-18,9237
6235,華孚,10,0,10,凱基-敦北,2023-09-18,9237
2401,凌陽,10,0,10,凱基-敦北,2023-09-18,9237
2816,旺旺保,10,0,10,凱基-敦北,2023-09-18,9237
3260,威剛,10,0,10,凱基-敦北,2023-09-18,9237
00931B,統一美債20年,7,0,7,凱基-敦北,2023-09-18,9237
00893,國泰智能電動車,7,0,7,凱基-敦北,2023-09-18,9237
2637,慧洋-KY,9,2,7,凱基-敦北,2023-09-18,9237
2317,鴻海,8,1,7,凱基-敦北,2023-09-18,9237
1101,台泥,6,0,6,凱基-敦北,2023-09-18,9237
1560,中砂,6,0,6,凱基-敦北,2023-09-18,9237
2303,聯電,6,0,6,凱基-敦北,2023-09-18,9237
2313,華通,61,55,6,凱基-敦北,2023-09-18,9237
3324,雙鴻,6,0,6,凱基-敦北,2023-09-18,9237
1477,聚陽,5,0,5,凱基-敦北,2023-09-18,9237
00696B,富邦美債20年,5,0,5,凱基-敦北,2023-09-18,9237
00746B,富邦A級公司債,5,0,5,凱基-敦北,2023-09-18,9237
2449,京元電子,5,0,5,凱基-敦北,2023-09-18,9237
2516,新建,5,0,5,凱基-敦北,2023-09-18,9237
3227,原相,5,0,5,凱基-敦北,2023-09-18,9237
3231,緯創,7,2,5,凱基-敦北,2023-09-18,9237
5324,士開,5,0,5,凱基-敦北,2023-09-18,9237
6579,研揚,5,0,5,凱基-敦北,2023-09-18,9237
00915,凱基優選高股息30,8,3,5,凱基-敦北,2023-09-18,9237
00720B,元大投資級公司債,4,0,4,凱基-敦北,2023-09-18,9237
2356,英業達,6,2,4,凱基-敦北,2023-09-18,9237
00751B,元大AAA至A公司債,5,1,4,凱基-敦北,2023-09-18,9237
4552,力達-KY,4,0,4,凱基-敦北,2023-09-18,9237
6278,台表科,4,0,4,凱基-敦北,2023-09-18,9237
4979,華星光,75,20,55,凱基-敦北,2023-09-19,9237
2363,矽統,174,123,51,凱基-敦北,2023-09-19,9237
00929,復華台灣科技優息,48,0,48,凱基-敦北,2023-09-19,9237
6213,聯茂,42,0,42,凱基-敦北,2023-09-19,9237
5607,遠雄港,24,0,24,凱基-敦北,2023-09-19,9237
6223,旺矽,22,0,22,凱基-敦北,2023-09-19,9237
1524,耿鼎,20,0,20,凱基-敦北,2023-09-19,9237
8996,高力,26,6,20,凱基-敦北,2023-09-19,9237
00919,群益台灣精選高息,18,3,15,凱基-敦北,2023-09-19,9237
00878,國泰永續高股息,28,16,12,凱基-敦北,2023-09-19,9237
00637L,元大滬深300正2,12,0,12,凱基-敦北,2023-09-19,9237
00885,富邦越南,11,0,11,凱基-敦北,2023-09-19,9237
2354,鴻準,14,3,11,凱基-敦北,2023-09-19,9237
2486,一詮,11,0,11,凱基-敦北,2023-09-19,9237
2887,台新金,11,0,11,凱基-敦北,2023-09-19,9237
2498,宏達電,10,0,10,凱基-敦北,2023-09-19,9237
2605,新興,12,2,10,凱基-敦北,2023-09-19,9237
3689,湧德,12,2,10,凱基-敦北,2023-09-19,9237
6830,汎銓,10,0,10,凱基-敦北,2023-09-19,9237
2330,台積電,11,1,10,凱基-敦北,2023-09-19,9237
00893,國泰智能電動車,9,0,9,凱基-敦北,2023-09-19,9237
2884,玉山金,9,0,9,凱基-敦北,2023-09-19,9237
3058,立德,9,0,9,凱基-敦北,2023-09-19,9237
2634,漢翔,8,0,8,凱基-敦北,2023-09-19,9237
5324,士開,8,0,8,凱基-敦北,2023-09-19,9237
00922,國泰台灣領袖50,10,3,7,凱基-敦北,2023-09-19,9237
1229,聯華,6,0,6,凱基-敦北,2023-09-19,9237
1477,聚陽,6,0,6,凱基-敦北,2023-09-19,9237
1319,東陽,14,8,6,凱基-敦北,2023-09-19,9237
00915,凱基優選高股息30,6,0,6,凱基-敦北,2023-09-19,9237
1605,華新,6,0,6,凱基-敦北,2023-09-19,9237
2313,華通,34,28,6,凱基-敦北,2023-09-19,9237
5284,jpp-KY,6,0,6,凱基-敦北,2023-09-19,9237
8076,伍豐,6,0,6,凱基-敦北,2023-09-19,9237
8358,金居,9,3,6,凱基-敦北,2023-09-19,9237
00633L,富邦上証正2,5,0,5,凱基-敦北,2023-09-19,9237
00753L,中信中國50正2,5,0,5,凱基-敦北,2023-09-19,9237
00898,國泰基因免疫革命,5,0,5,凱基-敦北,2023-09-19,9237
1522,堤維西,24,19,5,凱基-敦北,2023-09-19,9237
1717,長興,5,0,5,凱基-敦北,2023-09-19,9237
1762,中化生,5,0,5,凱基-敦北,2023-09-19,9237
2332,友訊,5,0,5,凱基-敦北,2023-09-19,9237
2409,友達,5,0,5,凱基-敦北,2023-09-19,9237
2637,慧洋-KY,5,0,5,凱基-敦北,2023-09-19,9237
2816,旺旺保,5,0,5,凱基-敦北,2023-09-19,9237
2883,凱基金,10,5,5,凱基-敦北,2023-09-19,9237
3162,精確,5,0,5,凱基-敦北,2023-09-19,9237
6182,合晶,8,3,5,凱基-敦北,2023-09-19,9237
6284,佳邦,5,0,5,凱基-敦北,2023-09-19,9237
6589,台康生技,5,0,5,凱基-敦北,2023-09-19,9237
00878,國泰永續高股息,101,2,99,凱基-敦北,2023-09-20,9237
2618,長榮航,59,5,54,凱基-敦北,2023-09-20,9237
00919,群益台灣精選高息,84,47,37,凱基-敦北,2023-09-20,9237
3481,群創,39,13,26,凱基-敦北,2023-09-20,9237
1319,東陽,24,1,23,凱基-敦北,2023-09-20,9237
5324,士開,23,0,23,凱基-敦北,2023-09-20,9237
3689,湧德,25,5,20,凱基-敦北,2023-09-20,9237
2330,台積電,19,0,19,凱基-敦北,2023-09-20,9237
2352,佳世達,15,0,15,凱基-敦北,2023-09-20,9237
1101,台泥,12,0,12,凱基-敦北,2023-09-20,9237
2881,富邦金,12,0,12,凱基-敦北,2023-09-20,9237
00923,群益台ESG低碳50,11,0,11,凱基-敦北,2023-09-20,9237
2883,凱基金,11,0,11,凱基-敦北,2023-09-20,9237
00891,中信關鍵半導體,12,2,10,凱基-敦北,2023-09-20,9237
5457,宣德,10,0,10,凱基-敦北,2023-09-20,9237
2367,燿華,201,191,10,凱基-敦北,2023-09-20,9237
00687B,國泰20年美債,9,0,9,凱基-敦北,2023-09-20,9237
00921,兆豐龍頭等權重,8,0,8,凱基-敦北,2023-09-20,9237
2354,鴻準,8,0,8,凱基-敦北,2023-09-20,9237
2449,京元電子,19,11,8,凱基-敦北,2023-09-20,9237
3033,威健,8,0,8,凱基-敦北,2023-09-20,9237
00713,元大台灣高息低波,7,0,7,凱基-敦北,2023-09-20,9237
00922,國泰台灣領袖50,10,3,7,凱基-敦北,2023-09-20,9237
2329,華泰,7,0,7,凱基-敦北,2023-09-20,9237
2882,國泰金,7,0,7,凱基-敦北,2023-09-20,9237
2014,中鴻,6,0,6,凱基-敦北,2023-09-20,9237
2303,聯電,6,0,6,凱基-敦北,2023-09-20,9237
2363,矽統,116,110,6,凱基-敦北,2023-09-20,9237
8016,矽創,7,1,6,凱基-敦北,2023-09-20,9237
2317,鴻海,6,0,6,凱基-敦北,2023-09-20,9237
2606,裕民,7,1,6,凱基-敦北,2023-09-20,9237
2105,正新,5,0,5,凱基-敦北,2023-09-20,9237
00662,富邦NASDAQ,5,0,5,凱基-敦北,2023-09-20,9237
2027,大成鋼,12,7,5,凱基-敦北,2023-09-20,9237
2201,裕隆,5,0,5,凱基-敦北,2023-09-20,9237
3211,順達,5,0,5,凱基-敦北,2023-09-20,9237
3276,宇環,5,0,5,凱基-敦北,2023-09-20,9237
4967,十銓,5,0,5,凱基-敦北,2023-09-20,9237
6139,亞翔,14,9,5,凱基-敦北,2023-09-20,9237
6244,茂迪,5,0,5,凱基-敦北,2023-09-20,9237
6257,矽格,5,0,5,凱基-敦北,2023-09-20,9237
8028,昇陽半導體,5,0,5,凱基-敦北,2023-09-20,9237
3715,定穎投控,34,30,4,凱基-敦北,2023-09-20,9237
00720B,元大投資級公司債,4,0,4,凱基-敦北,2023-09-20,9237
1802,台玻,5,1,4,凱基-敦北,2023-09-20,9237
2610,華航,4,0,4,凱基-敦北,2023-09-20,9237
3042,晶技,6,2,4,凱基-敦北,2023-09-20,9237
3264,欣銓,5,1,4,凱基-敦北,2023-09-20,9237
5251,天鉞電,4,0,4,凱基-敦北,2023-09-20,9237
6579,研揚,4,0,4,凱基-敦北,2023-09-20,9237
1717,長興,100,0,100,凱基-敦北,2023-09-21,9237
1609,大亞,101,14,87,凱基-敦北,2023-09-21,9237
2002,中鋼,58,0,58,凱基-敦北,2023-09-21,9237
00919,群益台灣精選高息,58,2,56,凱基-敦北,2023-09-21,9237
2888,新光金,51,0,51,凱基-敦北,2023-09-21,9237
00772B,中信高評級公司債,50,0,50,凱基-敦北,2023-09-21,9237
2462,良得電,25,0,25,凱基-敦北,2023-09-21,9237
1101,台泥,21,0,21,凱基-敦北,2023-09-21,9237
00753L,中信中國50正2,20,0,20,凱基-敦北,2023-09-21,9237
00878,國泰永續高股息,18,2,16,凱基-敦北,2023-09-21,9237
00679B,元大美債20年,14,0,14,凱基-敦北,2023-09-21,9237
0050,元大台灣50,14,0,14,凱基-敦北,2023-09-21,9237
4979,華星光,25,12,13,凱基-敦北,2023-09-21,9237
2884,玉山金,12,0,12,凱基-敦北,2023-09-21,9237
00680L,元大美債20正2,12,0,12,凱基-敦北,2023-09-21,9237
00665L,富邦�琤肭磪囓�2,22,10,12,凱基-敦北,2023-09-21,9237
2891,中信金,11,1,10,凱基-敦北,2023-09-21,9237
00662,富邦NASDAQ,10,0,10,凱基-敦北,2023-09-21,9237
00688L,國泰20年美債正2,10,0,10,凱基-敦北,2023-09-21,9237
00632R,元大台灣50反1,20,10,10,凱基-敦北,2023-09-21,9237
1524,耿鼎,10,0,10,凱基-敦北,2023-09-21,9237
2344,華邦電,11,1,10,凱基-敦北,2023-09-21,9237
2365,昆盈,15,5,10,凱基-敦北,2023-09-21,9237
2409,友達,10,0,10,凱基-敦北,2023-09-21,9237
5324,士開,10,0,10,凱基-敦北,2023-09-21,9237
2330,台積電,10,0,10,凱基-敦北,2023-09-21,9237
2363,矽統,56,47,9,凱基-敦北,2023-09-21,9237
5880,合庫金,8,0,8,凱基-敦北,2023-09-21,9237
00931B,統一美債20年,8,0,8,凱基-敦北,2023-09-21,9237
2449,京元電子,8,0,8,凱基-敦北,2023-09-21,9237
3037,欣興,13,5,8,凱基-敦北,2023-09-21,9237
3689,湧德,9,1,8,凱基-敦北,2023-09-21,9237
8028,昇陽半導體,8,0,8,凱基-敦北,2023-09-21,9237
2382,廣達,27,20,7,凱基-敦北,2023-09-21,9237
00923,群益台ESG低碳50,7,0,7,凱基-敦北,2023-09-21,9237
2903,遠百,7,0,7,凱基-敦北,2023-09-21,9237
8299,群聯,9,2,7,凱基-敦北,2023-09-21,9237
9904,寶成,7,0,7,凱基-敦北,2023-09-21,9237
2881,富邦金,6,0,6,凱基-敦北,2023-09-21,9237
00720B,元大投資級公司債,6,0,6,凱基-敦北,2023-09-21,9237
6116,彩晶,6,0,6,凱基-敦北,2023-09-21,9237
6235,華孚,10,4,6,凱基-敦北,2023-09-21,9237
00713,元大台灣高息低波,5,0,5,凱基-敦北,2023-09-21,9237
2317,鴻海,5,0,5,凱基-敦北,2023-09-21,9237
00891,中信關鍵半導體,5,0,5,凱基-敦北,2023-09-21,9237
00885,富邦越南,5,0,5,凱基-敦北,2023-09-21,9237
2029,盛餘,5,0,5,凱基-敦北,2023-09-21,9237
2208,台船,5,0,5,凱基-敦北,2023-09-21,9237
2832,台產,5,0,5,凱基-敦北,2023-09-21,9237
3033,威健,5,0,5,凱基-敦北,2023-09-21,9237
00632R,元大台灣50反1,300,0,300,凱基-敦北,2023-09-22,9237
00676R,富邦臺灣加權反1,200,0,200,凱基-敦北,2023-09-22,9237
00772B,中信高評級公司債,59,2,57,凱基-敦北,2023-09-22,9237
2618,長榮航,68,22,46,凱基-敦北,2023-09-22,9237
4105,東洋,40,0,40,凱基-敦北,2023-09-22,9237
2884,玉山金,32,0,32,凱基-敦北,2023-09-22,9237
00885,富邦越南,29,0,29,凱基-敦北,2023-09-22,9237
00679B,元大美債20年,26,0,26,凱基-敦北,2023-09-22,9237
00720B,元大投資級公司債,26,0,26,凱基-敦北,2023-09-22,9237
2880,華南金,26,0,26,凱基-敦北,2023-09-22,9237
1101,台泥,22,0,22,凱基-敦北,2023-09-22,9237
2002,中鋼,22,1,21,凱基-敦北,2023-09-22,9237
00751B,元大AAA至A公司債,20,0,20,凱基-敦北,2023-09-22,9237
00878,國泰永續高股息,19,1,18,凱基-敦北,2023-09-22,9237
2330,台積電,17,0,17,凱基-敦北,2023-09-22,9237
00753L,中信中國50正2,15,0,15,凱基-敦北,2023-09-22,9237
2888,新光金,15,0,15,凱基-敦北,2023-09-22,9237
3162,精確,15,0,15,凱基-敦北,2023-09-22,9237
2316,楠梓電,45,32,13,凱基-敦北,2023-09-22,9237
2883,凱基金,13,0,13,凱基-敦北,2023-09-22,9237
00931B,統一美債20年,12,0,12,凱基-敦北,2023-09-22,9237
00929,復華台灣科技優息,13,2,11,凱基-敦北,2023-09-22,9237
00919,群益台灣精選高息,15,4,11,凱基-敦北,2023-09-22,9237
00688L,國泰20年美債正2,10,0,10,凱基-敦北,2023-09-22,9237
2401,凌陽,10,0,10,凱基-敦北,2023-09-22,9237
00712,復華富時不動產,10,0,10,凱基-敦北,2023-09-22,9237
2417,圓剛,9,0,9,凱基-敦北,2023-09-22,9237
00687B,國泰20年美債,9,0,9,凱基-敦北,2023-09-22,9237
00680L,元大美債20正2,8,0,8,凱基-敦北,2023-09-22,9237
2882,國泰金,12,5,7,凱基-敦北,2023-09-22,9237
3036,文曄,7,0,7,凱基-敦北,2023-09-22,9237
2462,良得電,6,0,6,凱基-敦北,2023-09-22,9237
2637,慧洋-KY,6,0,6,凱基-敦北,2023-09-22,9237
00893,國泰智能電動車,5,0,5,凱基-敦北,2023-09-22,9237
00773B,中信優先金融債,6,1,5,凱基-敦北,2023-09-22,9237
00853B,統一美債10年Aa-,5,0,5,凱基-敦北,2023-09-22,9237
2606,裕民,5,0,5,凱基-敦北,2023-09-22,9237
6005,群益證,5,0,5,凱基-敦北,2023-09-22,9237
6216,居易,5,0,5,凱基-敦北,2023-09-22,9237
6235,華孚,9,4,5,凱基-敦北,2023-09-22,9237
2617,台航,5,0,5,凱基-敦北,2023-09-22,9237
0056,元大高股息,4,0,4,凱基-敦北,2023-09-22,9237
2301,光寶科,4,0,4,凱基-敦北,2023-09-22,9237
2317,鴻海,4,0,4,凱基-敦北,2023-09-22,9237
2515,中工,4,0,4,凱基-敦北,2023-09-22,9237
9929,秋雨,4,0,4,凱基-敦北,2023-09-22,9237
00795B,中信美國公債20年,4,0,4,凱基-敦北,2023-09-22,9237
2885,元大金,4,0,4,凱基-敦北,2023-09-22,9237
1301,台塑,3,0,3,凱基-敦北,2023-09-22,9237
2344,華邦電,3,0,3,凱基-敦北,2023-09-22,9237
1815,富喬,435,147,288,凱基-敦北,2023-09-25,9237
00632R,元大台灣50反1,200,0,200,凱基-敦北,2023-09-25,9237
3051,力特,98,6,92,凱基-敦北,2023-09-25,9237
1717,長興,66,4,62,凱基-敦北,2023-09-25,9237
1101,台泥,36,0,36,凱基-敦北,2023-09-25,9237
5324,士開,22,0,22,凱基-敦北,2023-09-25,9237
00751B,元大AAA至A公司債,20,0,20,凱基-敦北,2023-09-25,9237
2368,金像電,22,2,20,凱基-敦北,2023-09-25,9237
8046,南電,24,5,19,凱基-敦北,2023-09-25,9237
2352,佳世達,23,5,18,凱基-敦北,2023-09-25,9237
6213,聯茂,20,2,18,凱基-敦北,2023-09-25,9237
2887,台新金,12,0,12,凱基-敦北,2023-09-25,9237
6284,佳邦,21,9,12,凱基-敦北,2023-09-25,9237
00919,群益台灣精選高息,22,11,11,凱基-敦北,2023-09-25,9237
00679B,元大美債20年,10,0,10,凱基-敦北,2023-09-25,9237
2515,中工,12,2,10,凱基-敦北,2023-09-25,9237
3567,逸昌,10,0,10,凱基-敦北,2023-09-25,9237
00929,復華台灣科技優息,9,1,8,凱基-敦北,2023-09-25,9237
00922,國泰台灣領袖50,8,0,8,凱基-敦北,2023-09-25,9237
4938,和碩,8,0,8,凱基-敦北,2023-09-25,9237
2363,矽統,22,15,7,凱基-敦北,2023-09-25,9237
6104,創惟,7,0,7,凱基-敦北,2023-09-25,9237
1609,大亞,6,0,6,凱基-敦北,2023-09-25,9237
1560,中砂,5,0,5,凱基-敦北,2023-09-25,9237
00662,富邦NASDAQ,5,0,5,凱基-敦北,2023-09-25,9237
2610,華航,5,0,5,凱基-敦北,2023-09-25,9237
2637,慧洋-KY,5,0,5,凱基-敦北,2023-09-25,9237
8938,明安,5,0,5,凱基-敦北,2023-09-25,9237
2201,裕隆,5,1,4,凱基-敦北,2023-09-25,9237
2880,華南金,4,0,4,凱基-敦北,2023-09-25,9237
3066,李洲,4,0,4,凱基-敦北,2023-09-25,9237
3706,神達,6,2,4,凱基-敦北,2023-09-25,9237
6271,同欣電,7,3,4,凱基-敦北,2023-09-25,9237
8155,博智,4,0,4,凱基-敦北,2023-09-25,9237
00898,國泰基因免疫革命,3,0,3,凱基-敦北,2023-09-25,9237
00681R,元大美債20反1,3,0,3,凱基-敦北,2023-09-25,9237
6182,合晶,3,0,3,凱基-敦北,2023-09-25,9237
9927,泰銘,3,0,3,凱基-敦北,2023-09-25,9237
2884,玉山金,4,1,3,凱基-敦北,2023-09-25,9237
0050,元大台灣50,3,0,3,凱基-敦北,2023-09-25,9237
1504,東元,6,3,3,凱基-敦北,2023-09-25,9237
00893,國泰智能電動車,3,1,2,凱基-敦北,2023-09-25,9237
1201,味全,2,0,2,凱基-敦北,2023-09-25,9237
00902,中信電池及儲能,2,0,2,凱基-敦北,2023-09-25,9237
2362,藍天,2,0,2,凱基-敦北,2023-09-25,9237
2477,美隆電,2,0,2,凱基-敦北,2023-09-25,9237
2511,太子,2,0,2,凱基-敦北,2023-09-25,9237
2609,陽明,8,6,2,凱基-敦北,2023-09-25,9237
2849,安泰銀,2,0,2,凱基-敦北,2023-09-25,9237
3017,奇鋐,5,3,2,凱基-敦北,2023-09-25,9237
1815,富喬,227,107,120,凱基-敦北,2023-09-26,9237
8016,矽創,76,8,68,凱基-敦北,2023-09-26,9237
00929,復華台灣科技優息,60,6,54,凱基-敦北,2023-09-26,9237
2382,廣達,68,16,52,凱基-敦北,2023-09-26,9237
00885,富邦越南,58,7,51,凱基-敦北,2023-09-26,9237
6191,精成科,50,0,50,凱基-敦北,2023-09-26,9237
1618,合機,41,1,40,凱基-敦北,2023-09-26,9237
3066,李洲,36,0,36,凱基-敦北,2023-09-26,9237
2352,佳世達,31,6,25,凱基-敦北,2023-09-26,9237
3548,兆利,22,0,22,凱基-敦北,2023-09-26,9237
3715,定穎投控,36,14,22,凱基-敦北,2023-09-26,9237
3051,力特,23,2,21,凱基-敦北,2023-09-26,9237
1524,耿鼎,39,18,21,凱基-敦北,2023-09-26,9237
6116,彩晶,20,0,20,凱基-敦北,2023-09-26,9237
8112,至上,39,20,19,凱基-敦北,2023-09-26,9237
6830,汎銓,22,4,18,凱基-敦北,2023-09-26,9237
1101,台泥,17,0,17,凱基-敦北,2023-09-26,9237
1609,大亞,39,23,16,凱基-敦北,2023-09-26,9237
00680L,元大美債20正2,15,0,15,凱基-敦北,2023-09-26,9237
1504,東元,13,0,13,凱基-敦北,2023-09-26,9237
00931B,統一美債20年,12,0,12,凱基-敦北,2023-09-26,9237
5009,榮剛,32,20,12,凱基-敦北,2023-09-26,9237
1603,華電,12,0,12,凱基-敦北,2023-09-26,9237
3231,緯創,11,0,11,凱基-敦北,2023-09-26,9237
00878,國泰永續高股息,16,5,11,凱基-敦北,2023-09-26,9237
00753L,中信中國50正2,10,0,10,凱基-敦北,2023-09-26,9237
3454,晶睿,10,0,10,凱基-敦北,2023-09-26,9237
00679B,元大美債20年,10,0,10,凱基-敦北,2023-09-26,9237
00919,群益台灣精選高息,9,0,9,凱基-敦北,2023-09-26,9237
2606,裕民,9,0,9,凱基-敦北,2023-09-26,9237
00687B,國泰20年美債,9,0,9,凱基-敦北,2023-09-26,9237
6271,同欣電,8,0,8,凱基-敦北,2023-09-26,9237
00923,群益台ESG低碳50,7,0,7,凱基-敦北,2023-09-26,9237
3014,聯陽,9,2,7,凱基-敦北,2023-09-26,9237
1218,泰山,5,0,5,凱基-敦北,2023-09-26,9237
00898,國泰基因免疫革命,5,0,5,凱基-敦北,2023-09-26,9237
1522,堤維西,9,4,5,凱基-敦北,2023-09-26,9237
6284,佳邦,5,0,5,凱基-敦北,2023-09-26,9237
8034,榮群,5,0,5,凱基-敦北,2023-09-26,9237
9904,寶成,5,0,5,凱基-敦北,2023-09-26,9237
0050,元大台灣50,5,0,5,凱基-敦北,2023-09-26,9237
2330,台積電,4,0,4,凱基-敦北,2023-09-26,9237
00720B,元大投資級公司債,4,0,4,凱基-敦北,2023-09-26,9237
00773B,中信優先金融債,4,0,4,凱基-敦北,2023-09-26,9237
1229,聯華,4,0,4,凱基-敦北,2023-09-26,9237
2002,中鋼,4,0,4,凱基-敦北,2023-09-26,9237
2355,敬鵬,4,0,4,凱基-敦北,2023-09-26,9237
2538,基泰,15,11,4,凱基-敦北,2023-09-26,9237
3325,旭品,5,1,4,凱基-敦北,2023-09-26,9237
5289,宜鼎,6,2,4,凱基-敦北,2023-09-26,9237
00632R,元大台灣50反1,100,0,100,凱基-敦北,2023-09-27,9237
00929,復華台灣科技優息,33,0,33,凱基-敦北,2023-09-27,9237
3454,晶睿,30,0,30,凱基-敦北,2023-09-27,9237
00919,群益台灣精選高息,24,0,24,凱基-敦北,2023-09-27,9237
00772B,中信高評級公司債,20,0,20,凱基-敦北,2023-09-27,9237
8420,明揚,26,6,20,凱基-敦北,2023-09-27,9237
2002,中鋼,19,0,19,凱基-敦北,2023-09-27,9237
3706,神達,22,4,18,凱基-敦北,2023-09-27,9237
8088,品安,22,6,16,凱基-敦北,2023-09-27,9237
1218,泰山,15,0,15,凱基-敦北,2023-09-27,9237
00637L,元大滬深300正2,10,0,10,凱基-敦北,2023-09-27,9237
1524,耿鼎,13,3,10,凱基-敦北,2023-09-27,9237
4129,聯合,10,0,10,凱基-敦北,2023-09-27,9237
6116,彩晶,10,0,10,凱基-敦北,2023-09-27,9237
00679B,元大美債20年,8,0,8,凱基-敦北,2023-09-27,9237
1101,台泥,7,0,7,凱基-敦北,2023-09-27,9237
00932,兆豐永續高息等權,7,0,7,凱基-敦北,2023-09-27,9237
2355,敬鵬,7,0,7,凱基-敦北,2023-09-27,9237
1609,大亞,6,0,6,凱基-敦北,2023-09-27,9237
1802,台玻,6,0,6,凱基-敦北,2023-09-27,9237
2634,漢翔,10,4,6,凱基-敦北,2023-09-27,9237
3051,力特,9,3,6,凱基-敦北,2023-09-27,9237
3217,優群,6,0,6,凱基-敦北,2023-09-27,9237
6271,同欣電,7,1,6,凱基-敦北,2023-09-27,9237
00882,中信中國高股息,5,0,5,凱基-敦北,2023-09-27,9237
2303,聯電,5,0,5,凱基-敦北,2023-09-27,9237
00633L,富邦上証正2,5,0,5,凱基-敦北,2023-09-27,9237
00720B,元大投資級公司債,5,0,5,凱基-敦北,2023-09-27,9237
1603,華電,5,0,5,凱基-敦北,2023-09-27,9237
1605,華新,10,5,5,凱基-敦北,2023-09-27,9237
2356,英業達,5,0,5,凱基-敦北,2023-09-27,9237
2538,基泰,25,20,5,凱基-敦北,2023-09-27,9237
6411,晶焱,5,0,5,凱基-敦北,2023-09-27,9237
9958,世紀鋼,8,4,4,凱基-敦北,2023-09-27,9237
6770,力積電,4,0,4,凱基-敦北,2023-09-27,9237
9945,潤泰新,4,0,4,凱基-敦北,2023-09-27,9237
3037,欣興,6,2,4,凱基-敦北,2023-09-27,9237
3362,先進光,5,1,4,凱基-敦北,2023-09-27,9237
4979,華星光,43,39,4,凱基-敦北,2023-09-27,9237
2891,中信金,3,0,3,凱基-敦北,2023-09-27,9237
00885,富邦越南,5,2,3,凱基-敦北,2023-09-27,9237
00878,國泰永續高股息,7,4,3,凱基-敦北,2023-09-27,9237
1409,新纖,3,0,3,凱基-敦北,2023-09-27,9237
00850,元大臺灣ESG永續,3,0,3,凱基-敦北,2023-09-27,9237
2211,長榮鋼,3,0,3,凱基-敦北,2023-09-27,9237
2337,旺宏,4,1,3,凱基-敦北,2023-09-27,9237
2408,南亞科,3,0,3,凱基-敦北,2023-09-27,9237
4967,十銓,3,0,3,凱基-敦北,2023-09-27,9237
6531,愛普*,8,5,3,凱基-敦北,2023-09-27,9237
0050,元大台灣50,3,0,3,凱基-敦北,2023-09-27,9237
00676R,富邦臺灣加權反1,100,0,100,凱基-敦北,2023-09-28,9237
2316,楠梓電,63,10,53,凱基-敦北,2023-09-28,9237
5009,榮剛,45,6,39,凱基-敦北,2023-09-28,9237
00772B,中信高評級公司債,34,0,34,凱基-敦北,2023-09-28,9237
8112,至上,19,0,19,凱基-敦北,2023-09-28,9237
2352,佳世達,36,20,16,凱基-敦北,2023-09-28,9237
1515,力山,15,0,15,凱基-敦北,2023-09-28,9237
6112,邁達特,15,0,15,凱基-敦北,2023-09-28,9237
2363,矽統,128,114,14,凱基-敦北,2023-09-28,9237
2409,友達,13,0,13,凱基-敦北,2023-09-28,9237
3231,緯創,24,12,12,凱基-敦北,2023-09-28,9237
1326,台化,11,0,11,凱基-敦北,2023-09-28,9237
3706,神達,13,2,11,凱基-敦北,2023-09-28,9237
3019,亞光,10,0,10,凱基-敦北,2023-09-28,9237
4953,緯軟,10,0,10,凱基-敦北,2023-09-28,9237
00679B,元大美債20年,11,1,10,凱基-敦北,2023-09-28,9237
00929,復華台灣科技優息,10,0,10,凱基-敦北,2023-09-28,9237
00712,復華富時不動產,9,0,9,凱基-敦北,2023-09-28,9237
00687B,國泰20年美債,7,0,7,凱基-敦北,2023-09-28,9237
00891,中信關鍵半導體,7,0,7,凱基-敦北,2023-09-28,9237
3481,群創,7,0,7,凱基-敦北,2023-09-28,9237
00751B,元大AAA至A公司債,6,0,6,凱基-敦北,2023-09-28,9237
00720B,元大投資級公司債,6,0,6,凱基-敦北,2023-09-28,9237
1560,中砂,6,0,6,凱基-敦北,2023-09-28,9237
2408,南亞科,7,1,6,凱基-敦北,2023-09-28,9237
2891,中信金,6,0,6,凱基-敦北,2023-09-28,9237
9958,世紀鋼,8,2,6,凱基-敦北,2023-09-28,9237
3322,建舜電,7,2,5,凱基-敦北,2023-09-28,9237
00882,中信中國高股息,5,0,5,凱基-敦北,2023-09-28,9237
00673R,期元大S＆P原油反1,5,0,5,凱基-敦北,2023-09-28,9237
1802,台玻,5,0,5,凱基-敦北,2023-09-28,9237
2535,達欣工,5,0,5,凱基-敦北,2023-09-28,9237
6235,華孚,9,4,5,凱基-敦北,2023-09-28,9237
00665L,富邦�琤肭磪囓�2,4,0,4,凱基-敦北,2023-09-28,9237
2542,興富發,4,0,4,凱基-敦北,2023-09-28,9237
00919,群益台灣精選高息,3,0,3,凱基-敦北,2023-09-28,9237
2201,裕隆,3,0,3,凱基-敦北,2023-09-28,9237
006208,富邦台50,3,0,3,凱基-敦北,2023-09-28,9237
00888,永豐台灣ESG,3,0,3,凱基-敦北,2023-09-28,9237
00931B,統一美債20年,3,0,3,凱基-敦北,2023-09-28,9237
1519,華城,10,7,3,凱基-敦北,2023-09-28,9237
2337,旺宏,3,0,3,凱基-敦北,2023-09-28,9237
2344,華邦電,5,2,3,凱基-敦北,2023-09-28,9237
2449,京元電子,5,2,3,凱基-敦北,2023-09-28,9237
3122,笙泉,3,0,3,凱基-敦北,2023-09-28,9237
4707,磐亞,3,0,3,凱基-敦北,2023-09-28,9237
6188,廣明,4,1,3,凱基-敦北,2023-09-28,9237
8358,金居,3,0,3,凱基-敦北,2023-09-28,9237
8924,大田,3,0,3,凱基-敦北,2023-09-28,9237
2317,鴻海,2,0,2,凱基-敦北,2023-09-28,9237
1101,台泥,206,0,206,凱基-敦北,2023-10-02,9237
2913,農林,100,0,100,凱基-敦北,2023-10-02,9237
00720B,元大投資級公司債,48,0,48,凱基-敦北,2023-10-02,9237
2368,金像電,62,22,40,凱基-敦北,2023-10-02,9237
2374,佳能,40,0,40,凱基-敦北,2023-10-02,9237
2002,中鋼,34,0,34,凱基-敦北,2023-10-02,9237
00929,復華台灣科技優息,30,0,30,凱基-敦北,2023-10-02,9237
6235,華孚,34,9,25,凱基-敦北,2023-10-02,9237
3481,群創,34,11,23,凱基-敦北,2023-10-02,9237
2605,新興,20,1,19,凱基-敦北,2023-10-02,9237
3014,聯陽,20,1,19,凱基-敦北,2023-10-02,9237
8086,宏捷科,22,4,18,凱基-敦北,2023-10-02,9237
2883,凱基金,25,8,17,凱基-敦北,2023-10-02,9237
2882,國泰金,16,0,16,凱基-敦北,2023-10-02,9237
2618,長榮航,15,0,15,凱基-敦北,2023-10-02,9237
2409,友達,15,0,15,凱基-敦北,2023-10-02,9237
3450,聯鈞,14,0,14,凱基-敦北,2023-10-02,9237
2891,中信金,11,0,11,凱基-敦北,2023-10-02,9237
00923,群益台ESG低碳50,10,0,10,凱基-敦北,2023-10-02,9237
3567,逸昌,10,0,10,凱基-敦北,2023-10-02,9237
6442,光聖,10,0,10,凱基-敦北,2023-10-02,9237
00902,中信電池及儲能,9,0,9,凱基-敦北,2023-10-02,9237
3051,力特,9,0,9,凱基-敦北,2023-10-02,9237
00687B,國泰20年美債,8,0,8,凱基-敦北,2023-10-02,9237
2367,燿華,10,2,8,凱基-敦北,2023-10-02,9237
6271,同欣電,20,12,8,凱基-敦北,2023-10-02,9237
8358,金居,34,26,8,凱基-敦北,2023-10-02,9237
3105,穩懋,7,0,7,凱基-敦北,2023-10-02,9237
2881,富邦金,7,0,7,凱基-敦北,2023-10-02,9237
5009,榮剛,7,0,7,凱基-敦北,2023-10-02,9237
2356,英業達,10,3,7,凱基-敦北,2023-10-02,9237
2888,新光金,6,0,6,凱基-敦北,2023-10-02,9237
2388,威盛,10,4,6,凱基-敦北,2023-10-02,9237
00751B,元大AAA至A公司債,5,0,5,凱基-敦北,2023-10-02,9237
1326,台化,5,0,5,凱基-敦北,2023-10-02,9237
1519,華城,6,1,5,凱基-敦北,2023-10-02,9237
1603,華電,5,0,5,凱基-敦北,2023-10-02,9237
1802,台玻,6,1,5,凱基-敦北,2023-10-02,9237
2363,矽統,129,124,5,凱基-敦北,2023-10-02,9237
3046,建��,5,0,5,凱基-敦北,2023-10-02,9237
4953,緯軟,6,1,5,凱基-敦北,2023-10-02,9237
5284,jpp-KY,5,0,5,凱基-敦北,2023-10-02,9237
6112,邁達特,5,0,5,凱基-敦北,2023-10-02,9237
6166,凌華,5,0,5,凱基-敦北,2023-10-02,9237
00773B,中信優先金融債,4,0,4,凱基-敦北,2023-10-02,9237
2301,光寶科,5,1,4,凱基-敦北,2023-10-02,9237
3325,旭品,8,4,4,凱基-敦北,2023-10-02,9237
6226,光鼎,4,0,4,凱基-敦北,2023-10-02,9237
8478,東哥遊艇,3,0,3,凱基-敦北,2023-10-02,9237
1324,地球,3,0,3,凱基-敦北,2023-10-02,9237
1815,富喬,604,116,488,凱基-敦北,2023-10-03,9237
00929,復華台灣科技優息,64,0,64,凱基-敦北,2023-10-03,9237
3014,聯陽,52,1,51,凱基-敦北,2023-10-03,9237
2351,順德,56,6,50,凱基-敦北,2023-10-03,9237
2888,新光金,50,0,50,凱基-敦北,2023-10-03,9237
2913,農林,50,0,50,凱基-敦北,2023-10-03,9237
00720B,元大投資級公司債,43,0,43,凱基-敦北,2023-10-03,9237
2368,金像電,81,41,40,凱基-敦北,2023-10-03,9237
2834,臺企銀,33,0,33,凱基-敦北,2023-10-03,9237
00753L,中信中國50正2,30,0,30,凱基-敦北,2023-10-03,9237
8011,台通,30,0,30,凱基-敦北,2023-10-03,9237
0056,元大高股息,32,5,27,凱基-敦北,2023-10-03,9237
00772B,中信高評級公司債,26,0,26,凱基-敦北,2023-10-03,9237
6282,康舒,21,0,21,凱基-敦北,2023-10-03,9237
00882,中信中國高股息,21,0,21,凱基-敦北,2023-10-03,9237
2867,三商壽,20,0,20,凱基-敦北,2023-10-03,9237
3162,精確,22,2,20,凱基-敦北,2023-10-03,9237
6715,嘉基,20,0,20,凱基-敦北,2023-10-03,9237
00922,國泰台灣領袖50,18,0,18,凱基-敦北,2023-10-03,9237
2618,長榮航,20,3,17,凱基-敦北,2023-10-03,9237
2002,中鋼,18,2,16,凱基-敦北,2023-10-03,9237
4967,十銓,48,33,15,凱基-敦北,2023-10-03,9237
2429,銘旺科,18,3,15,凱基-敦北,2023-10-03,9237
00679B,元大美債20年,14,0,14,凱基-敦北,2023-10-03,9237
6274,台燿,20,6,14,凱基-敦北,2023-10-03,9237
1319,東陽,12,0,12,凱基-敦北,2023-10-03,9237
2609,陽明,11,1,10,凱基-敦北,2023-10-03,9237
1218,泰山,10,0,10,凱基-敦北,2023-10-03,9237
2344,華邦電,10,0,10,凱基-敦北,2023-10-03,9237
3454,晶睿,10,0,10,凱基-敦北,2023-10-03,9237
5439,高技,10,0,10,凱基-敦北,2023-10-03,9237
3260,威剛,33,24,9,凱基-敦北,2023-10-03,9237
6288,聯嘉,31,22,9,凱基-敦北,2023-10-03,9237
2313,華通,21,13,8,凱基-敦北,2023-10-03,9237
00919,群益台灣精選高息,12,4,8,凱基-敦北,2023-10-03,9237
3231,緯創,32,24,8,凱基-敦北,2023-10-03,9237
00712,復華富時不動產,7,0,7,凱基-敦北,2023-10-03,9237
00898,國泰基因免疫革命,7,0,7,凱基-敦北,2023-10-03,9237
00932,兆豐永續高息等權,7,0,7,凱基-敦北,2023-10-03,9237
00931B,統一美債20年,7,0,7,凱基-敦北,2023-10-03,9237
9802,鈺齊-KY,7,0,7,凱基-敦北,2023-10-03,9237
2891,中信金,11,5,6,凱基-敦北,2023-10-03,9237
00637L,元大滬深300正2,6,0,6,凱基-敦北,2023-10-03,9237
00687B,國泰20年美債,6,0,6,凱基-敦北,2023-10-03,9237
00751B,元大AAA至A公司債,6,0,6,凱基-敦北,2023-10-03,9237
2610,華航,6,0,6,凱基-敦北,2023-10-03,9237
8028,昇陽半導體,6,0,6,凱基-敦北,2023-10-03,9237
8222,寶一,6,0,6,凱基-敦北,2023-10-03,9237
00899,FT潔淨能源,5,0,5,凱基-敦北,2023-10-03,9237
00752,中信中國50,5,0,5,凱基-敦北,2023-10-03,9237
6830,汎銓,74,0,74,凱基-敦北,2023-10-04,9237
2888,新光金,55,0,55,凱基-敦北,2023-10-04,9237
00720B,元大投資級公司債,53,0,53,凱基-敦北,2023-10-04,9237
2913,農林,50,0,50,凱基-敦北,2023-10-04,9237
00679B,元大美債20年,43,0,43,凱基-敦北,2023-10-04,9237
4967,十銓,33,0,33,凱基-敦北,2023-10-04,9237
00772B,中信高評級公司債,27,0,27,凱基-敦北,2023-10-04,9237
00929,復華台灣科技優息,26,0,26,凱基-敦北,2023-10-04,9237
6806,森崴能源,25,0,25,凱基-敦北,2023-10-04,9237
8358,金居,26,1,25,凱基-敦北,2023-10-04,9237
9938,百和,25,0,25,凱基-敦北,2023-10-04,9237
2002,中鋼,25,3,22,凱基-敦北,2023-10-04,9237
2409,友達,23,4,19,凱基-敦北,2023-10-04,9237
00687B,國泰20年美債,18,0,18,凱基-敦北,2023-10-04,9237
2883,凱基金,18,0,18,凱基-敦北,2023-10-04,9237
1216,統一,17,0,17,凱基-敦北,2023-10-04,9237
00922,國泰台灣領袖50,14,0,14,凱基-敦北,2023-10-04,9237
2637,慧洋-KY,14,0,14,凱基-敦北,2023-10-04,9237
3162,精確,14,0,14,凱基-敦北,2023-10-04,9237
2881,富邦金,13,0,13,凱基-敦北,2023-10-04,9237
2618,長榮航,33,20,13,凱基-敦北,2023-10-04,9237
2352,佳世達,29,17,12,凱基-敦北,2023-10-04,9237
2303,聯電,11,0,11,凱基-敦北,2023-10-04,9237
2880,華南金,11,0,11,凱基-敦北,2023-10-04,9237
1218,泰山,10,0,10,凱基-敦北,2023-10-04,9237
3587,閎康,10,0,10,凱基-敦北,2023-10-04,9237
00712,復華富時不動產,9,0,9,凱基-敦北,2023-10-04,9237
2330,台積電,9,0,9,凱基-敦北,2023-10-04,9237
2412,中華電,9,0,9,凱基-敦北,2023-10-04,9237
00931B,統一美債20年,9,0,9,凱基-敦北,2023-10-04,9237
0056,元大高股息,8,0,8,凱基-敦北,2023-10-04,9237
00888,永豐台灣ESG,8,0,8,凱基-敦北,2023-10-04,9237
00882,中信中國高股息,8,0,8,凱基-敦北,2023-10-04,9237
6451,訊芯-KY,21,14,7,凱基-敦北,2023-10-04,9237
00773B,中信優先金融債,6,0,6,凱基-敦北,2023-10-04,9237
1326,台化,6,0,6,凱基-敦北,2023-10-04,9237
00761B,國泰A級公司債,6,0,6,凱基-敦北,2023-10-04,9237
2337,旺宏,6,0,6,凱基-敦北,2023-10-04,9237
2834,臺企銀,14,8,6,凱基-敦北,2023-10-04,9237
3006,晶豪科,9,3,6,凱基-敦北,2023-10-04,9237
4977,眾達-KY,6,0,6,凱基-敦北,2023-10-04,9237
2884,玉山金,5,0,5,凱基-敦北,2023-10-04,9237
1210,大成,5,0,5,凱基-敦北,2023-10-04,9237
1303,南亞,5,0,5,凱基-敦北,2023-10-04,9237
00899,FT潔淨能源,5,0,5,凱基-敦北,2023-10-04,9237
00919,群益台灣精選高息,5,0,5,凱基-敦北,2023-10-04,9237
1532,勤美,5,0,5,凱基-敦北,2023-10-04,9237
1618,合機,5,0,5,凱基-敦北,2023-10-04,9237
1733,五鼎,5,0,5,凱基-敦北,2023-10-04,9237
1815,富喬,20,15,5,凱基-敦北,2023-10-04,9237
1815,富喬,519,57,462,凱基-敦北,2023-10-05,9237
2883,凱基金,66,0,66,凱基-敦北,2023-10-05,9237
00751B,元大AAA至A公司債,60,2,58,凱基-敦北,2023-10-05,9237
1314,中石化,50,10,40,凱基-敦北,2023-10-05,9237
2867,三商壽,40,0,40,凱基-敦北,2023-10-05,9237
4967,十銓,37,1,36,凱基-敦北,2023-10-05,9237
6112,邁達特,35,0,35,凱基-敦北,2023-10-05,9237
2382,廣達,44,14,30,凱基-敦北,2023-10-05,9237
2888,新光金,30,0,30,凱基-敦北,2023-10-05,9237
1101,台泥,28,0,28,凱基-敦北,2023-10-05,9237
6235,華孚,48,25,23,凱基-敦北,2023-10-05,9237
00882,中信中國高股息,13,0,13,凱基-敦北,2023-10-05,9237
00720B,元大投資級公司債,15,3,12,凱基-敦北,2023-10-05,9237
2606,裕民,10,0,10,凱基-敦北,2023-10-05,9237
4129,聯合,10,0,10,凱基-敦北,2023-10-05,9237
8916,光隆,10,0,10,凱基-敦北,2023-10-05,9237
00679B,元大美債20年,8,0,8,凱基-敦北,2023-10-05,9237
00715L,期街口布蘭特正2,8,0,8,凱基-敦北,2023-10-05,9237
3122,笙泉,20,12,8,凱基-敦北,2023-10-05,9237
6418,詠昇,8,0,8,凱基-敦北,2023-10-05,9237
00687B,國泰20年美債,7,0,7,凱基-敦北,2023-10-05,9237
2421,建準,10,3,7,凱基-敦北,2023-10-05,9237
00929,復華台灣科技優息,8,2,6,凱基-敦北,2023-10-05,9237
1605,華新,6,0,6,凱基-敦北,2023-10-05,9237
2882,國泰金,6,0,6,凱基-敦北,2023-10-05,9237
00898,國泰基因免疫革命,5,0,5,凱基-敦北,2023-10-05,9237
2412,中華電,5,0,5,凱基-敦北,2023-10-05,9237
2515,中工,5,0,5,凱基-敦北,2023-10-05,9237
2887,台新金,5,0,5,凱基-敦北,2023-10-05,9237
3217,優群,5,0,5,凱基-敦北,2023-10-05,9237
3450,聯鈞,5,0,5,凱基-敦北,2023-10-05,9237
9933,中鼎,5,0,5,凱基-敦北,2023-10-05,9237
5508,永信建,4,0,4,凱基-敦北,2023-10-05,9237
8050,廣積,5,1,4,凱基-敦北,2023-10-05,9237
9958,世紀鋼,4,0,4,凱基-敦北,2023-10-05,9237
1301,台塑,3,0,3,凱基-敦北,2023-10-05,9237
1402,遠東新,3,0,3,凱基-敦北,2023-10-05,9237
2317,鴻海,4,1,3,凱基-敦北,2023-10-05,9237
2356,英業達,3,0,3,凱基-敦北,2023-10-05,9237
3363,上詮,9,6,3,凱基-敦北,2023-10-05,9237
3576,聯合再生,3,0,3,凱基-敦北,2023-10-05,9237
5227,立凱-KY,3,0,3,凱基-敦北,2023-10-05,9237
00772B,中信高評級公司債,3,0,3,凱基-敦北,2023-10-05,9237
4979,華星光,8,5,3,凱基-敦北,2023-10-05,9237
00712,復華富時不動產,2,0,2,凱基-敦北,2023-10-05,9237
2641,正德,2,0,2,凱基-敦北,2023-10-05,9237
1324,地球,7,5,2,凱基-敦北,2023-10-05,9237
1319,東陽,4,2,2,凱基-敦北,2023-10-05,9237
00681R,元大美債20反1,2,0,2,凱基-敦北,2023-10-05,9237
00893,國泰智能電動車,3,1,2,凱基-敦北,2023-10-05,9237
4105,東洋,40,0,40,凱基-敦北,2023-10-06,9237
1815,富喬,57,25,32,凱基-敦北,2023-10-06,9237
6806,森崴能源,30,0,30,凱基-敦北,2023-10-06,9237
3162,精確,26,0,26,凱基-敦北,2023-10-06,9237
00720B,元大投資級公司債,23,1,22,凱基-敦北,2023-10-06,9237
1802,台玻,17,0,17,凱基-敦北,2023-10-06,9237
2606,裕民,17,0,17,凱基-敦北,2023-10-06,9237
0056,元大高股息,11,0,11,凱基-敦北,2023-10-06,9237
00878,國泰永續高股息,11,0,11,凱基-敦北,2023-10-06,9237
6223,旺矽,11,0,11,凱基-敦北,2023-10-06,9237
00719B,元大美債1-3,10,0,10,凱基-敦北,2023-10-06,9237
2883,凱基金,18,8,10,凱基-敦北,2023-10-06,9237
00713,元大台灣高息低波,11,1,10,凱基-敦北,2023-10-06,9237
2330,台積電,10,0,10,凱基-敦北,2023-10-06,9237
2834,臺企銀,9,0,9,凱基-敦北,2023-10-06,9237
2313,華通,9,1,8,凱基-敦北,2023-10-06,9237
00673R,期元大S＆P原油反1,8,0,8,凱基-敦北,2023-10-06,9237
00715L,期街口布蘭特正2,8,0,8,凱基-敦北,2023-10-06,9237
1101,台泥,7,0,7,凱基-敦北,2023-10-06,9237
3481,群創,8,2,6,凱基-敦北,2023-10-06,9237
00712,復華富時不動產,6,0,6,凱基-敦北,2023-10-06,9237
0050,元大台灣50,5,0,5,凱基-敦北,2023-10-06,9237
00687B,國泰20年美債,6,1,5,凱基-敦北,2023-10-06,9237
2618,長榮航,54,49,5,凱基-敦北,2023-10-06,9237
2401,凌陽,5,0,5,凱基-敦北,2023-10-06,9237
3706,神達,5,0,5,凱基-敦北,2023-10-06,9237
9105,泰金寶-DR,5,0,5,凱基-敦北,2023-10-06,9237
00764B,群益25年美債,5,0,5,凱基-敦北,2023-10-06,9237
6122,擎邦,7,3,4,凱基-敦北,2023-10-06,9237
3037,欣興,7,3,4,凱基-敦北,2023-10-06,9237
00882,中信中國高股息,5,1,4,凱基-敦北,2023-10-06,9237
2412,中華電,4,0,4,凱基-敦北,2023-10-06,9237
2538,基泰,4,0,4,凱基-敦北,2023-10-06,9237
6220,岳豐,4,0,4,凱基-敦北,2023-10-06,9237
00919,群益台灣精選高息,5,1,4,凱基-敦北,2023-10-06,9237
3231,緯創,9,6,3,凱基-敦北,2023-10-06,9237
00922,國泰台灣領袖50,4,1,3,凱基-敦北,2023-10-06,9237
00725B,國泰投資級公司債,3,0,3,凱基-敦北,2023-10-06,9237
00795B,中信美國公債20年,3,0,3,凱基-敦北,2023-10-06,9237
1712,興農,3,0,3,凱基-敦北,2023-10-06,9237
3322,建舜電,3,0,3,凱基-敦北,2023-10-06,9237
3450,聯鈞,11,8,3,凱基-敦北,2023-10-06,9237
3680,家登,8,5,3,凱基-敦北,2023-10-06,9237
4561,健椿,11,8,3,凱基-敦北,2023-10-06,9237
4967,十銓,5,2,3,凱基-敦北,2023-10-06,9237
6139,亞翔,4,1,3,凱基-敦北,2023-10-06,9237
6579,研揚,3,0,3,凱基-敦北,2023-10-06,9237
6679,鈺太,3,0,3,凱基-敦北,2023-10-06,9237
6732,昇佳電子,4,1,3,凱基-敦北,2023-10-06,9237
8050,廣積,4,1,3,凱基-敦北,2023-10-06,9237
2344,華邦電,100,2,98,凱基-敦北,2023-10-11,9237
6806,森崴能源,80,0,80,凱基-敦北,2023-10-11,9237
3231,緯創,92,15,77,凱基-敦北,2023-10-11,9237
3234,光環,55,0,55,凱基-敦北,2023-10-11,9237
4979,華星光,55,1,54,凱基-敦北,2023-10-11,9237
6282,康舒,44,1,43,凱基-敦北,2023-10-11,9237
2330,台積電,50,9,41,凱基-敦北,2023-10-11,9237
2206,三陽工業,40,0,40,凱基-敦北,2023-10-11,9237
3324,雙鴻,40,1,39,凱基-敦北,2023-10-11,9237
00671R,富邦NASDAQ反1,30,0,30,凱基-敦北,2023-10-11,9237
2462,良得電,27,0,27,凱基-敦北,2023-10-11,9237
00929,復華台灣科技優息,29,6,23,凱基-敦北,2023-10-11,9237
3051,力特,25,4,21,凱基-敦北,2023-10-11,9237
4726,永昕,20,0,20,凱基-敦北,2023-10-11,9237
2637,慧洋-KY,58,40,18,凱基-敦北,2023-10-11,9237
5439,高技,19,5,14,凱基-敦北,2023-10-11,9237
8358,金居,29,15,14,凱基-敦北,2023-10-11,9237
4561,健椿,13,0,13,凱基-敦北,2023-10-11,9237
2368,金像電,20,8,12,凱基-敦北,2023-10-11,9237
3715,定穎投控,17,5,12,凱基-敦北,2023-10-11,9237
2376,技嘉,26,15,11,凱基-敦北,2023-10-11,9237
2388,威盛,12,1,11,凱基-敦北,2023-10-11,9237
00919,群益台灣精選高息,11,0,11,凱基-敦北,2023-10-11,9237
00687B,國泰20年美債,10,0,10,凱基-敦北,2023-10-11,9237
4533,協易機,10,0,10,凱基-敦北,2023-10-11,9237
2609,陽明,9,0,9,凱基-敦北,2023-10-11,9237
2618,長榮航,29,20,9,凱基-敦北,2023-10-11,9237
6170,統振,9,0,9,凱基-敦北,2023-10-11,9237
6288,聯嘉,10,1,9,凱基-敦北,2023-10-11,9237
2356,英業達,12,4,8,凱基-敦北,2023-10-11,9237
2603,長榮,12,4,8,凱基-敦北,2023-10-11,9237
2892,第一金,10,2,8,凱基-敦北,2023-10-11,9237
00680L,元大美債20正2,7,0,7,凱基-敦北,2023-10-11,9237
00922,國泰台灣領袖50,9,2,7,凱基-敦北,2023-10-11,9237
00694B,富邦美債1-3,6,0,6,凱基-敦北,2023-10-11,9237
2630,亞航,7,1,6,凱基-敦北,2023-10-11,9237
00882,中信中國高股息,5,0,5,凱基-敦北,2023-10-11,9237
00632R,元大台灣50反1,5,0,5,凱基-敦北,2023-10-11,9237
2610,華航,5,0,5,凱基-敦北,2023-10-11,9237
3036,文曄,5,0,5,凱基-敦北,2023-10-11,9237
5871,中租-KY,7,2,5,凱基-敦北,2023-10-11,9237
6138,茂達,5,0,5,凱基-敦北,2023-10-11,9237
6446,藥華藥,5,0,5,凱基-敦北,2023-10-11,9237
3017,奇鋐,7,2,5,凱基-敦北,2023-10-11,9237
00681R,元大美債20反1,4,0,4,凱基-敦北,2023-10-11,9237
2002,中鋼,4,0,4,凱基-敦北,2023-10-11,9237
2324,仁寶,4,0,4,凱基-敦北,2023-10-11,9237
2353,宏��,5,1,4,凱基-敦北,2023-10-11,9237
2412,中華電,4,0,4,凱基-敦北,2023-10-11,9237
2537,聯上發,4,0,4,凱基-敦北,2023-10-11,9237
2303,聯電,200,0,200,凱基-敦北,2023-10-12,9237
00676R,富邦臺灣加權反1,50,0,50,凱基-敦北,2023-10-12,9237
3234,光環,36,1,35,凱基-敦北,2023-10-12,9237
2363,矽統,74,51,23,凱基-敦北,2023-10-12,9237
4967,十銓,42,19,23,凱基-敦北,2023-10-12,9237
2352,佳世達,42,20,22,凱基-敦北,2023-10-12,9237
00632R,元大台灣50反1,20,0,20,凱基-敦北,2023-10-12,9237
2855,統一證,20,0,20,凱基-敦北,2023-10-12,9237
6112,邁達特,15,0,15,凱基-敦北,2023-10-12,9237
2891,中信金,12,1,11,凱基-敦北,2023-10-12,9237
4906,正文,10,0,10,凱基-敦北,2023-10-12,9237
2382,廣達,27,17,10,凱基-敦北,2023-10-12,9237
2486,一詮,21,11,10,凱基-敦北,2023-10-12,9237
2903,遠百,10,0,10,凱基-敦北,2023-10-12,9237
5009,榮剛,20,10,10,凱基-敦北,2023-10-12,9237
6870,騰雲,9,0,9,凱基-敦北,2023-10-12,9237
1783,和康生,8,0,8,凱基-敦北,2023-10-12,9237
2412,中華電,8,0,8,凱基-敦北,2023-10-12,9237
2468,華經,8,0,8,凱基-敦北,2023-10-12,9237
6234,高僑,8,0,8,凱基-敦北,2023-10-12,9237
6235,華孚,12,4,8,凱基-敦北,2023-10-12,9237
0056,元大高股息,7,0,7,凱基-敦北,2023-10-12,9237
3090,日電貿,6,0,6,凱基-敦北,2023-10-12,9237
00679B,元大美債20年,6,0,6,凱基-敦北,2023-10-12,9237
2409,友達,5,0,5,凱基-敦北,2023-10-12,9237
1616,億泰,5,0,5,凱基-敦北,2023-10-12,9237
2027,大成鋼,5,0,5,凱基-敦北,2023-10-12,9237
2401,凌陽,5,0,5,凱基-敦北,2023-10-12,9237
3264,欣銓,5,0,5,凱基-敦北,2023-10-12,9237
3530,晶相光,5,0,5,凱基-敦北,2023-10-12,9237
4953,緯軟,6,1,5,凱基-敦北,2023-10-12,9237
6005,群益證,5,0,5,凱基-敦北,2023-10-12,9237
00680L,元大美債20正2,5,0,5,凱基-敦北,2023-10-12,9237
00929,復華台灣科技優息,8,4,4,凱基-敦北,2023-10-12,9237
3704,合勤控,4,0,4,凱基-敦北,2023-10-12,9237
1474,弘裕,4,0,4,凱基-敦北,2023-10-12,9237
2637,慧洋-KY,40,36,4,凱基-敦北,2023-10-12,9237
2887,台新金,4,0,4,凱基-敦北,2023-10-12,9237
1440,南紡,3,0,3,凱基-敦北,2023-10-12,9237
3374,精材,17,14,3,凱基-敦北,2023-10-12,9237
6585,鼎基,3,0,3,凱基-敦北,2023-10-12,9237
1305,華夏,2,0,2,凱基-敦北,2023-10-12,9237
00922,國泰台灣領袖50,2,0,2,凱基-敦北,2023-10-12,9237
00712,復華富時不動產,2,0,2,凱基-敦北,2023-10-12,9237
00642U,期元大S＆P石油,2,0,2,凱基-敦北,2023-10-12,9237
00681R,元大美債20反1,2,0,2,凱基-敦北,2023-10-12,9237
2228,劍麟,2,0,2,凱基-敦北,2023-10-12,9237
2356,英業達,3,1,2,凱基-敦北,2023-10-12,9237
2360,致茂,4,2,2,凱基-敦北,2023-10-12,9237
2369,菱生,2,0,2,凱基-敦北,2023-10-12,9237
2891,中信金,304,1,303,凱基-敦北,2023-10-13,9237
1718,中纖,137,36,101,凱基-敦北,2023-10-13,9237
6282,康舒,60,0,60,凱基-敦北,2023-10-13,9237
8358,金居,40,0,40,凱基-敦北,2023-10-13,9237
4960,誠美材,30,0,30,凱基-敦北,2023-10-13,9237
00929,復華台灣科技優息,23,0,23,凱基-敦北,2023-10-13,9237
3231,緯創,27,5,22,凱基-敦北,2023-10-13,9237
6770,力積電,22,0,22,凱基-敦北,2023-10-13,9237
3483,力致,21,1,20,凱基-敦北,2023-10-13,9237
00720B,元大投資級公司債,19,0,19,凱基-敦北,2023-10-13,9237
00878,國泰永續高股息,22,6,16,凱基-敦北,2023-10-13,9237
1471,首利,15,0,15,凱基-敦北,2023-10-13,9237
00679B,元大美債20年,15,1,14,凱基-敦北,2023-10-13,9237
8996,高力,27,15,12,凱基-敦北,2023-10-13,9237
00931B,統一美債20年,11,0,11,凱基-敦北,2023-10-13,9237
3078,僑威,16,5,11,凱基-敦北,2023-10-13,9237
6274,台燿,12,1,11,凱基-敦北,2023-10-13,9237
2382,廣達,23,13,10,凱基-敦北,2023-10-13,9237
00922,國泰台灣領袖50,12,2,10,凱基-敦北,2023-10-13,9237
00719B,元大美債1-3,10,0,10,凱基-敦北,2023-10-13,9237
2101,南港,10,0,10,凱基-敦北,2023-10-13,9237
6158,禾昌,10,0,10,凱基-敦北,2023-10-13,9237
8150,南茂,10,0,10,凱基-敦北,2023-10-13,9237
9938,百和,20,10,10,凱基-敦北,2023-10-13,9237
2610,華航,12,3,9,凱基-敦北,2023-10-13,9237
5388,中磊,11,2,9,凱基-敦北,2023-10-13,9237
0056,元大高股息,8,0,8,凱基-敦北,2023-10-13,9237
2376,技嘉,12,4,8,凱基-敦北,2023-10-13,9237
3322,建舜電,8,0,8,凱基-敦北,2023-10-13,9237
4739,康普,8,0,8,凱基-敦北,2023-10-13,9237
1616,億泰,7,0,7,凱基-敦北,2023-10-13,9237
1802,台玻,7,0,7,凱基-敦北,2023-10-13,9237
8227,巨有科技,9,2,7,凱基-敦北,2023-10-13,9237
2468,華經,6,0,6,凱基-敦北,2023-10-13,9237
3051,力特,6,0,6,凱基-敦北,2023-10-13,9237
6585,鼎基,7,1,6,凱基-敦北,2023-10-13,9237
1102,亞泥,5,0,5,凱基-敦北,2023-10-13,9237
00712,復華富時不動產,5,0,5,凱基-敦北,2023-10-13,9237
00751B,元大AAA至A公司債,5,0,5,凱基-敦北,2023-10-13,9237
1905,華紙,8,3,5,凱基-敦北,2023-10-13,9237
2031,新光鋼,5,0,5,凱基-敦北,2023-10-13,9237
2317,鴻海,5,0,5,凱基-敦北,2023-10-13,9237
2355,敬鵬,5,0,5,凱基-敦北,2023-10-13,9237
2886,兆豐金,5,0,5,凱基-敦北,2023-10-13,9237
3043,科風,5,0,5,凱基-敦北,2023-10-13,9237
6275,元山,5,0,5,凱基-敦北,2023-10-13,9237
6472,保瑞,4,0,4,凱基-敦北,2023-10-13,9237
00919,群益台灣精選高息,4,0,4,凱基-敦北,2023-10-13,9237
00907,永豐優息存股,4,0,4,凱基-敦北,2023-10-13,9237
2883,凱基金,21,17,4,凱基-敦北,2023-10-13,9237
2891,中信金,206,0,206,凱基-敦北,2023-10-16,9237
2344,華邦電,123,1,122,凱基-敦北,2023-10-16,9237
2913,農林,100,0,100,凱基-敦北,2023-10-16,9237
0056,元大高股息,77,3,74,凱基-敦北,2023-10-16,9237
00929,復華台灣科技優息,50,0,50,凱基-敦北,2023-10-16,9237
2206,三陽工業,41,0,41,凱基-敦北,2023-10-16,9237
2610,華航,41,2,39,凱基-敦北,2023-10-16,9237
3481,群創,37,10,27,凱基-敦北,2023-10-16,9237
2368,金像電,47,26,21,凱基-敦北,2023-10-16,9237
3163,波若威,22,1,21,凱基-敦北,2023-10-16,9237
00720B,元大投資級公司債,18,0,18,凱基-敦北,2023-10-16,9237
6830,汎銓,20,3,17,凱基-敦北,2023-10-16,9237
6275,元山,15,0,15,凱基-敦北,2023-10-16,9237
2201,裕隆,17,4,13,凱基-敦北,2023-10-16,9237
1319,東陽,13,1,12,凱基-敦北,2023-10-16,9237
1584,精剛,12,0,12,凱基-敦北,2023-10-16,9237
00719B,元大美債1-3,10,0,10,凱基-敦北,2023-10-16,9237
2349,錸德,10,0,10,凱基-敦北,2023-10-16,9237
2887F,台新戊特二,10,0,10,凱基-敦北,2023-10-16,9237
3162,精確,10,0,10,凱基-敦北,2023-10-16,9237
4105,東洋,10,0,10,凱基-敦北,2023-10-16,9237
4960,誠美材,14,4,10,凱基-敦北,2023-10-16,9237
6158,禾昌,10,0,10,凱基-敦北,2023-10-16,9237
8930,青鋼,10,0,10,凱基-敦北,2023-10-16,9237
2363,矽統,132,123,9,凱基-敦北,2023-10-16,9237
00931B,統一美債20年,10,1,9,凱基-敦北,2023-10-16,9237
00687B,國泰20年美債,10,1,9,凱基-敦北,2023-10-16,9237
00878,國泰永續高股息,8,0,8,凱基-敦北,2023-10-16,9237
00918,大華優利高填息30,8,0,8,凱基-敦北,2023-10-16,9237
1605,華新,8,0,8,凱基-敦北,2023-10-16,9237
1609,大亞,8,0,8,凱基-敦北,2023-10-16,9237
3711,日月光投控,10,2,8,凱基-敦北,2023-10-16,9237
6104,創惟,8,0,8,凱基-敦北,2023-10-16,9237
8390,金益鼎,8,0,8,凱基-敦北,2023-10-16,9237
8996,高力,17,9,8,凱基-敦北,2023-10-16,9237
0050,元大台灣50,8,0,8,凱基-敦北,2023-10-16,9237
00681R,元大美債20反1,7,0,7,凱基-敦北,2023-10-16,9237
3526,凡甲,12,5,7,凱基-敦北,2023-10-16,9237
6282,康舒,7,0,7,凱基-敦北,2023-10-16,9237
3706,神達,7,0,7,凱基-敦北,2023-10-16,9237
3043,科風,6,0,6,凱基-敦北,2023-10-16,9237
2323,中環,6,0,6,凱基-敦北,2023-10-16,9237
3042,晶技,6,0,6,凱基-敦北,2023-10-16,9237
3545,敦泰,6,0,6,凱基-敦北,2023-10-16,9237
00902,中信電池及儲能,5,0,5,凱基-敦北,2023-10-16,9237
2204,中華,5,0,5,凱基-敦北,2023-10-16,9237
2409,友達,5,0,5,凱基-敦北,2023-10-16,9237
6213,聯茂,5,0,5,凱基-敦北,2023-10-16,9237
6284,佳邦,5,0,5,凱基-敦北,2023-10-16,9237
8213,志超,5,0,5,凱基-敦北,2023-10-16,9237
5324,士開,79,0,79,凱基-敦北,2023-10-17,9237
00878,國泰永續高股息,58,0,58,凱基-敦北,2023-10-17,9237
4906,正文,54,0,54,凱基-敦北,2023-10-17,9237
0056,元大高股息,54,1,53,凱基-敦北,2023-10-17,9237
1815,富喬,46,0,46,凱基-敦北,2023-10-17,9237
2303,聯電,63,20,43,凱基-敦北,2023-10-17,9237
1314,中石化,42,0,42,凱基-敦北,2023-10-17,9237
00720B,元大投資級公司債,38,0,38,凱基-敦北,2023-10-17,9237
2515,中工,36,4,32,凱基-敦北,2023-10-17,9237
2352,佳世達,30,0,30,凱基-敦北,2023-10-17,9237
4102,永日,30,0,30,凱基-敦北,2023-10-17,9237
4726,永昕,30,0,30,凱基-敦北,2023-10-17,9237
00929,復華台灣科技優息,28,1,27,凱基-敦北,2023-10-17,9237
2610,華航,32,10,22,凱基-敦北,2023-10-17,9237
4960,誠美材,31,10,21,凱基-敦北,2023-10-17,9237
3374,精材,22,2,20,凱基-敦北,2023-10-17,9237
00931B,統一美債20年,19,0,19,凱基-敦北,2023-10-17,9237
2317,鴻海,18,0,18,凱基-敦北,2023-10-17,9237
2609,陽明,20,2,18,凱基-敦北,2023-10-17,9237
2834,臺企銀,16,0,16,凱基-敦北,2023-10-17,9237
3231,緯創,20,6,14,凱基-敦北,2023-10-17,9237
2368,金像電,22,9,13,凱基-敦北,2023-10-17,9237
3665,貿聯-KY,20,7,13,凱基-敦北,2023-10-17,9237
1519,華城,15,3,12,凱基-敦北,2023-10-17,9237
00751B,元大AAA至A公司債,12,0,12,凱基-敦北,2023-10-17,9237
6770,力積電,11,0,11,凱基-敦北,2023-10-17,9237
00719B,元大美債1-3,10,0,10,凱基-敦北,2023-10-17,9237
3162,精確,10,0,10,凱基-敦北,2023-10-17,9237
00679B,元大美債20年,9,0,9,凱基-敦北,2023-10-17,9237
00725B,國泰投資級公司債,11,2,9,凱基-敦北,2023-10-17,9237
00722B,群益投資級電信債,9,0,9,凱基-敦北,2023-10-17,9237
2409,友達,14,5,9,凱基-敦北,2023-10-17,9237
6104,創惟,40,31,9,凱基-敦北,2023-10-17,9237
2382,廣達,25,17,8,凱基-敦北,2023-10-17,9237
2211,長榮鋼,8,0,8,凱基-敦北,2023-10-17,9237
2412,中華電,8,0,8,凱基-敦北,2023-10-17,9237
2883,凱基金,8,0,8,凱基-敦北,2023-10-17,9237
2891,中信金,8,0,8,凱基-敦北,2023-10-17,9237
6442,光聖,14,6,8,凱基-敦北,2023-10-17,9237
2313,華通,9,2,7,凱基-敦北,2023-10-17,9237
00772B,中信高評級公司債,7,0,7,凱基-敦北,2023-10-17,9237
00687B,國泰20年美債,7,0,7,凱基-敦北,2023-10-17,9237
00681R,元大美債20反1,7,0,7,凱基-敦北,2023-10-17,9237
2328,廣宇,7,0,7,凱基-敦北,2023-10-17,9237
3481,群創,6,0,6,凱基-敦北,2023-10-17,9237
2355,敬鵬,7,1,6,凱基-敦北,2023-10-17,9237
3596,智易,8,2,6,凱基-敦北,2023-10-17,9237
4168,醣聯,6,0,6,凱基-敦北,2023-10-17,9237
2388,威盛,11,5,6,凱基-敦北,2023-10-17,9237
1612,宏泰,5,0,5,凱基-敦北,2023-10-17,9237
00795B,中信美國公債20年,80,0,80,凱基-敦北,2023-10-18,9237
00720B,元大投資級公司債,71,0,71,凱基-敦北,2023-10-18,9237
00929,復華台灣科技優息,74,4,70,凱基-敦北,2023-10-18,9237
00696B,富邦美債20年,70,0,70,凱基-敦北,2023-10-18,9237
1815,富喬,177,114,63,凱基-敦北,2023-10-18,9237
0056,元大高股息,59,5,54,凱基-敦北,2023-10-18,9237
00878,國泰永續高股息,56,5,51,凱基-敦北,2023-10-18,9237
00725B,國泰投資級公司債,45,0,45,凱基-敦北,2023-10-18,9237
4960,誠美材,40,0,40,凱基-敦北,2023-10-18,9237
00922,國泰台灣領袖50,39,0,39,凱基-敦北,2023-10-18,9237
00687B,國泰20年美債,33,2,31,凱基-敦北,2023-10-18,9237
00772B,中信高評級公司債,29,0,29,凱基-敦北,2023-10-18,9237
2211,長榮鋼,25,0,25,凱基-敦北,2023-10-18,9237
6168,宏齊,45,22,23,凱基-敦北,2023-10-18,9237
00751B,元大AAA至A公司債,21,0,21,凱基-敦北,2023-10-18,9237
2206,三陽工業,20,0,20,凱基-敦北,2023-10-18,9237
2368,金像電,20,0,20,凱基-敦北,2023-10-18,9237
3014,聯陽,20,0,20,凱基-敦北,2023-10-18,9237
2412,中華電,16,0,16,凱基-敦北,2023-10-18,9237
3617,碩天,16,1,15,凱基-敦北,2023-10-18,9237
4726,永昕,15,0,15,凱基-敦北,2023-10-18,9237
2888,新光金,12,0,12,凱基-敦北,2023-10-18,9237
2408,南亞科,11,0,11,凱基-敦北,2023-10-18,9237
2382,廣達,17,7,10,凱基-敦北,2023-10-18,9237
6285,啟��,10,0,10,凱基-敦北,2023-10-18,9237
00719B,元大美債1-3,10,0,10,凱基-敦北,2023-10-18,9237
2101,南港,10,0,10,凱基-敦北,2023-10-18,9237
2305,全友,10,0,10,凱基-敦北,2023-10-18,9237
3162,精確,10,0,10,凱基-敦北,2023-10-18,9237
5312,寶島科,10,0,10,凱基-敦北,2023-10-18,9237
2915,潤泰全,9,0,9,凱基-敦北,2023-10-18,9237
1101,台泥,9,0,9,凱基-敦北,2023-10-18,9237
4979,華星光,48,39,9,凱基-敦北,2023-10-18,9237
9938,百和,10,1,9,凱基-敦北,2023-10-18,9237
9955,佳龍,10,1,9,凱基-敦北,2023-10-18,9237
00919,群益台灣精選高息,15,6,9,凱基-敦北,2023-10-18,9237
00715L,期街口布蘭特正2,10,2,8,凱基-敦北,2023-10-18,9237
2449,京元電子,14,6,8,凱基-敦北,2023-10-18,9237
3264,欣銓,8,0,8,凱基-敦北,2023-10-18,9237
00679B,元大美債20年,7,0,7,凱基-敦北,2023-10-18,9237
2388,威盛,41,34,7,凱基-敦北,2023-10-18,9237
3665,貿聯-KY,26,19,7,凱基-敦北,2023-10-18,9237
2317,鴻海,7,0,7,凱基-敦北,2023-10-18,9237
00713,元大台灣高息低波,6,0,6,凱基-敦北,2023-10-18,9237
3051,力特,6,0,6,凱基-敦北,2023-10-18,9237
4168,醣聯,6,0,6,凱基-敦北,2023-10-18,9237
4906,正文,6,0,6,凱基-敦北,2023-10-18,9237
4967,十銓,24,19,5,凱基-敦北,2023-10-18,9237
1216,統一,5,0,5,凱基-敦北,2023-10-18,9237
1609,大亞,5,0,5,凱基-敦北,2023-10-18,9237
2891,中信金,501,0,501,凱基-敦北,2023-10-19,9237
3701,大眾控,50,0,50,凱基-敦北,2023-10-19,9237
2412,中華電,48,1,47,凱基-敦北,2023-10-19,9237
1101,台泥,38,0,38,凱基-敦北,2023-10-19,9237
00885,富邦越南,34,0,34,凱基-敦北,2023-10-19,9237
0056,元大高股息,41,8,33,凱基-敦北,2023-10-19,9237
00720B,元大投資級公司債,31,0,31,凱基-敦北,2023-10-19,9237
00753L,中信中國50正2,20,0,20,凱基-敦北,2023-10-19,9237
2605,新興,26,6,20,凱基-敦北,2023-10-19,9237
6235,華孚,23,4,19,凱基-敦北,2023-10-19,9237
3363,上詮,18,0,18,凱基-敦北,2023-10-19,9237
2316,楠梓電,17,0,17,凱基-敦北,2023-10-19,9237
00772B,中信高評級公司債,16,0,16,凱基-敦北,2023-10-19,9237
00687B,國泰20年美債,17,2,15,凱基-敦北,2023-10-19,9237
2029,盛餘,15,0,15,凱基-敦北,2023-10-19,9237
2204,中華,15,0,15,凱基-敦北,2023-10-19,9237
9938,百和,15,0,15,凱基-敦北,2023-10-19,9237
1102,亞泥,11,0,11,凱基-敦北,2023-10-19,9237
00751B,元大AAA至A公司債,11,0,11,凱基-敦北,2023-10-19,9237
2883,凱基金,11,0,11,凱基-敦北,2023-10-19,9237
00882,中信中國高股息,11,0,11,凱基-敦北,2023-10-19,9237
2002,中鋼,10,0,10,凱基-敦北,2023-10-19,9237
2101,南港,10,0,10,凱基-敦北,2023-10-19,9237
2888,新光金,10,0,10,凱基-敦北,2023-10-19,9237
4960,誠美材,10,0,10,凱基-敦北,2023-10-19,9237
6712,長聖,10,0,10,凱基-敦北,2023-10-19,9237
5434,崇越,9,0,9,凱基-敦北,2023-10-19,9237
2834,臺企銀,8,0,8,凱基-敦北,2023-10-19,9237
00665L,富邦�琤肭磪囓�2,8,0,8,凱基-敦北,2023-10-19,9237
2344,華邦電,10,2,8,凱基-敦北,2023-10-19,9237
4967,十銓,63,55,8,凱基-敦北,2023-10-19,9237
2809,京城銀,8,0,8,凱基-敦北,2023-10-19,9237
2317,鴻海,7,0,7,凱基-敦北,2023-10-19,9237
8171,天宇,7,0,7,凱基-敦北,2023-10-19,9237
00893,國泰智能電動車,6,0,6,凱基-敦北,2023-10-19,9237
2618,長榮航,31,25,6,凱基-敦北,2023-10-19,9237
00931B,統一美債20年,6,0,6,凱基-敦北,2023-10-19,9237
00761B,國泰A級公司債,6,0,6,凱基-敦北,2023-10-19,9237
6257,矽格,6,0,6,凱基-敦北,2023-10-19,9237
6451,訊芯-KY,7,1,6,凱基-敦北,2023-10-19,9237
00712,復華富時不動產,5,0,5,凱基-敦北,2023-10-19,9237
00898,國泰基因免疫革命,5,0,5,凱基-敦北,2023-10-19,9237
00919,群益台灣精選高息,5,0,5,凱基-敦北,2023-10-19,9237
1319,東陽,8,3,5,凱基-敦北,2023-10-19,9237
3162,精確,5,0,5,凱基-敦北,2023-10-19,9237
4726,永昕,5,0,5,凱基-敦北,2023-10-19,9237
6112,邁達特,5,0,5,凱基-敦北,2023-10-19,9237
6275,元山,5,0,5,凱基-敦北,2023-10-19,9237
6284,佳邦,5,0,5,凱基-敦北,2023-10-19,9237
8924,大田,5,0,5,凱基-敦北,2023-10-19,9237
00929,復華台灣科技優息,115,12,103,凱基-敦北,2023-10-20,9237
1314,中石化,60,0,60,凱基-敦北,2023-10-20,9237
2211,長榮鋼,35,0,35,凱基-敦北,2023-10-20,9237
00720B,元大投資級公司債,31,0,31,凱基-敦北,2023-10-20,9237
2903,遠百,30,0,30,凱基-敦北,2023-10-20,9237
00919,群益台灣精選高息,29,2,27,凱基-敦北,2023-10-20,9237
00878,國泰永續高股息,27,1,26,凱基-敦北,2023-10-20,9237
2368,金像電,23,0,23,凱基-敦北,2023-10-20,9237
00900,富邦特選高股息30,22,0,22,凱基-敦北,2023-10-20,9237
6235,華孚,21,0,21,凱基-敦北,2023-10-20,9237
2913,農林,20,0,20,凱基-敦北,2023-10-20,9237
3715,定穎投控,34,14,20,凱基-敦北,2023-10-20,9237
00632R,元大台灣50反1,20,1,19,凱基-敦北,2023-10-20,9237
00751B,元大AAA至A公司債,19,0,19,凱基-敦北,2023-10-20,9237
00885,富邦越南,23,5,18,凱基-敦北,2023-10-20,9237
2412,中華電,17,0,17,凱基-敦北,2023-10-20,9237
00712,復華富時不動產,17,0,17,凱基-敦北,2023-10-20,9237
2303,聯電,31,17,14,凱基-敦北,2023-10-20,9237
9955,佳龍,18,5,13,凱基-敦北,2023-10-20,9237
6568,宏觀,28,16,12,凱基-敦北,2023-10-20,9237
00772B,中信高評級公司債,11,0,11,凱基-敦北,2023-10-20,9237
2888,新光金,11,0,11,凱基-敦北,2023-10-20,9237
00933B,國泰10Y+金融債,10,0,10,凱基-敦北,2023-10-20,9237
2029,盛餘,10,0,10,凱基-敦北,2023-10-20,9237
8341,日友,10,0,10,凱基-敦北,2023-10-20,9237
00687B,國泰20年美債,28,18,10,凱基-敦北,2023-10-20,9237
3162,精確,10,0,10,凱基-敦北,2023-10-20,9237
2606,裕民,10,1,9,凱基-敦北,2023-10-20,9237
5258,虹堡,8,0,8,凱基-敦北,2023-10-20,9237
2883,凱基金,8,0,8,凱基-敦北,2023-10-20,9237
1101,台泥,7,0,7,凱基-敦北,2023-10-20,9237
00931B,統一美債20年,7,0,7,凱基-敦北,2023-10-20,9237
1605,華新,7,0,7,凱基-敦北,2023-10-20,9237
6120,達運,7,0,7,凱基-敦北,2023-10-20,9237
00733,富邦臺灣中小,9,2,7,凱基-敦北,2023-10-20,9237
1216,統一,6,0,6,凱基-敦北,2023-10-20,9237
2834,臺企銀,14,8,6,凱基-敦北,2023-10-20,9237
5225,東科-KY,6,0,6,凱基-敦北,2023-10-20,9237
00642U,期元大S＆P石油,10,4,6,凱基-敦北,2023-10-20,9237
2891,中信金,6,1,5,凱基-敦北,2023-10-20,9237
4967,十銓,17,12,5,凱基-敦北,2023-10-20,9237
1319,東陽,14,9,5,凱基-敦北,2023-10-20,9237
1609,大亞,5,0,5,凱基-敦北,2023-10-20,9237
2201,裕隆,5,0,5,凱基-敦北,2023-10-20,9237
6275,元山,5,0,5,凱基-敦北,2023-10-20,9237
2603,長榮,7,2,5,凱基-敦北,2023-10-20,9237
6526,達發,5,1,4,凱基-敦北,2023-10-20,9237
2449,京元電子,23,19,4,凱基-敦北,2023-10-20,9237
00922,國泰台灣領袖50,4,0,4,凱基-敦北,2023-10-20,9237
00893,國泰智能電動車,8,4,4,凱基-敦北,2023-10-20,9237
2317,鴻海,145,13,132,凱基-敦北,2023-10-23,9237
3305,昇貿,61,0,61,凱基-敦北,2023-10-23,9237
2476,鉅祥,60,1,59,凱基-敦北,2023-10-23,9237
00929,復華台灣科技優息,56,0,56,凱基-敦北,2023-10-23,9237
6120,達運,52,0,52,凱基-敦北,2023-10-23,9237
00687B,國泰20年美債,57,8,49,凱基-敦北,2023-10-23,9237
1785,光洋科,112,71,41,凱基-敦北,2023-10-23,9237
8150,南茂,40,0,40,凱基-敦北,2023-10-23,9237
00878,國泰永續高股息,34,5,29,凱基-敦北,2023-10-23,9237
2363,矽統,28,0,28,凱基-敦北,2023-10-23,9237
6235,華孚,29,4,25,凱基-敦北,2023-10-23,9237
00720B,元大投資級公司債,22,0,22,凱基-敦北,2023-10-23,9237
00922,國泰台灣領袖50,20,0,20,凱基-敦北,2023-10-23,9237
3081,聯亞,20,0,20,凱基-敦北,2023-10-23,9237
4979,華星光,53,33,20,凱基-敦北,2023-10-23,9237
00679B,元大美債20年,20,1,19,凱基-敦北,2023-10-23,9237
2637,慧洋-KY,18,0,18,凱基-敦北,2023-10-23,9237
2352,佳世達,17,0,17,凱基-敦北,2023-10-23,9237
00712,復華富時不動產,16,0,16,凱基-敦北,2023-10-23,9237
2412,中華電,16,0,16,凱基-敦北,2023-10-23,9237
00772B,中信高評級公司債,12,0,12,凱基-敦北,2023-10-23,9237
2888,新光金,12,0,12,凱基-敦北,2023-10-23,9237
00882,中信中國高股息,11,0,11,凱基-敦北,2023-10-23,9237
2349,錸德,10,0,10,凱基-敦北,2023-10-23,9237
6116,彩晶,10,0,10,凱基-敦北,2023-10-23,9237
1303,南亞,9,0,9,凱基-敦北,2023-10-23,9237
00751B,元大AAA至A公司債,9,0,9,凱基-敦北,2023-10-23,9237
2881,富邦金,9,0,9,凱基-敦北,2023-10-23,9237
00931B,統一美債20年,7,0,7,凱基-敦北,2023-10-23,9237
2883,凱基金,7,0,7,凱基-敦北,2023-10-23,9237
3680,家登,7,0,7,凱基-敦北,2023-10-23,9237
5871,中租-KY,7,0,7,凱基-敦北,2023-10-23,9237
1101,台泥,8,2,6,凱基-敦北,2023-10-23,9237
3231,緯創,23,17,6,凱基-敦北,2023-10-23,9237
00722B,群益投資級電信債,5,0,5,凱基-敦北,2023-10-23,9237
00752,中信中國50,5,0,5,凱基-敦北,2023-10-23,9237
1802,台玻,5,0,5,凱基-敦北,2023-10-23,9237
2029,盛餘,5,0,5,凱基-敦北,2023-10-23,9237
2328,廣宇,5,0,5,凱基-敦北,2023-10-23,9237
2610,華航,5,0,5,凱基-敦北,2023-10-23,9237
3715,定穎投控,12,7,5,凱基-敦北,2023-10-23,9237
6275,元山,5,0,5,凱基-敦北,2023-10-23,9237
9945,潤泰新,6,1,5,凱基-敦北,2023-10-23,9237
00680L,元大美債20正2,5,0,5,凱基-敦北,2023-10-23,9237
2402,毅嘉,15,11,4,凱基-敦北,2023-10-23,9237
6589,台康生技,4,0,4,凱基-敦北,2023-10-23,9237
2330,台積電,4,0,4,凱基-敦北,2023-10-23,9237
1723,中碳,3,0,3,凱基-敦北,2023-10-23,9237
2344,華邦電,3,0,3,凱基-敦北,2023-10-23,9237
5203,訊連,4,1,3,凱基-敦北,2023-10-23,9237
6290,良維,75,0,75,凱基-敦北,2023-10-24,9237
1314,中石化,60,2,58,凱基-敦北,2023-10-24,9237
3305,昇貿,39,0,39,凱基-敦北,2023-10-24,9237
2352,佳世達,34,0,34,凱基-敦北,2023-10-24,9237
00712,復華富時不動產,25,0,25,凱基-敦北,2023-10-24,9237
4960,誠美材,30,5,25,凱基-敦北,2023-10-24,9237
2002,中鋼,22,0,22,凱基-敦北,2023-10-24,9237
8916,光隆,20,0,20,凱基-敦北,2023-10-24,9237
3701,大眾控,23,5,18,凱基-敦北,2023-10-24,9237
2317,鴻海,23,6,17,凱基-敦北,2023-10-24,9237
00679B,元大美債20年,16,0,16,凱基-敦北,2023-10-24,9237
2412,中華電,16,0,16,凱基-敦北,2023-10-24,9237
3715,定穎投控,28,15,13,凱基-敦北,2023-10-24,9237
0056,元大高股息,30,18,12,凱基-敦北,2023-10-24,9237
2618,長榮航,12,0,12,凱基-敦北,2023-10-24,9237
2355,敬鵬,11,0,11,凱基-敦北,2023-10-24,9237
00688L,國泰20年美債正2,10,0,10,凱基-敦北,2023-10-24,9237
2888,新光金,10,0,10,凱基-敦北,2023-10-24,9237
8110,華東,10,1,9,凱基-敦北,2023-10-24,9237
00719B,元大美債1-3,8,0,8,凱基-敦北,2023-10-24,9237
3264,欣銓,13,6,7,凱基-敦北,2023-10-24,9237
00878,國泰永續高股息,14,8,6,凱基-敦北,2023-10-24,9237
00922,國泰台灣領袖50,6,0,6,凱基-敦北,2023-10-24,9237
00772B,中信高評級公司債,6,0,6,凱基-敦北,2023-10-24,9237
2329,華泰,6,0,6,凱基-敦北,2023-10-24,9237
4123,晟德,11,5,6,凱基-敦北,2023-10-24,9237
00898,國泰基因免疫革命,5,0,5,凱基-敦北,2023-10-24,9237
00919,群益台灣精選高息,10,5,5,凱基-敦北,2023-10-24,9237
2211,長榮鋼,5,0,5,凱基-敦北,2023-10-24,9237
3533,嘉澤,5,0,5,凱基-敦北,2023-10-24,9237
5871,中租-KY,5,0,5,凱基-敦北,2023-10-24,9237
6202,盛群,5,0,5,凱基-敦北,2023-10-24,9237
00751B,元大AAA至A公司債,10,6,4,凱基-敦北,2023-10-24,9237
1785,光洋科,5,1,4,凱基-敦北,2023-10-24,9237
2363,矽統,4,0,4,凱基-敦北,2023-10-24,9237
2369,菱生,6,2,4,凱基-敦北,2023-10-24,9237
2834,臺企銀,4,0,4,凱基-敦北,2023-10-24,9237
6104,創惟,16,12,4,凱基-敦北,2023-10-24,9237
8131,福懋科,4,0,4,凱基-敦北,2023-10-24,9237
2884,玉山金,4,0,4,凱基-敦北,2023-10-24,9237
3122,笙泉,3,0,3,凱基-敦北,2023-10-24,9237
1303,南亞,3,0,3,凱基-敦北,2023-10-24,9237
1319,東陽,3,0,3,凱基-敦北,2023-10-24,9237
00771,元大US高息特別股,3,0,3,凱基-敦北,2023-10-24,9237
2408,南亞科,3,0,3,凱基-敦北,2023-10-24,9237
3491,昇達科,3,0,3,凱基-敦北,2023-10-24,9237
4162,智擎,6,3,3,凱基-敦北,2023-10-24,9237
00929,復華台灣科技優息,14,11,3,凱基-敦北,2023-10-24,9237
6530,創威,2,0,2,凱基-敦北,2023-10-24,9237
00891,中信關鍵半導體,2,0,2,凱基-敦北,2023-10-24,9237
0056,元大高股息,51,0,51,凱基-敦北,2023-10-25,9237
1785,光洋科,92,44,48,凱基-敦北,2023-10-25,9237
00929,復華台灣科技優息,41,0,41,凱基-敦北,2023-10-25,9237
2317,鴻海,26,2,24,凱基-敦北,2023-10-25,9237
3078,僑威,26,4,22,凱基-敦北,2023-10-25,9237
1503,士電,20,0,20,凱基-敦北,2023-10-25,9237
2888,新光金,20,1,19,凱基-敦北,2023-10-25,9237
3163,波若威,15,0,15,凱基-敦北,2023-10-25,9237
1326,台化,13,0,13,凱基-敦北,2023-10-25,9237
2329,華泰,12,0,12,凱基-敦北,2023-10-25,9237
00919,群益台灣精選高息,11,0,11,凱基-敦北,2023-10-25,9237
00679B,元大美債20年,10,0,10,凱基-敦北,2023-10-25,9237
2349,錸德,10,0,10,凱基-敦北,2023-10-25,9237
3041,揚智,11,1,10,凱基-敦北,2023-10-25,9237
4906,正文,10,0,10,凱基-敦北,2023-10-25,9237
4919,新唐,10,0,10,凱基-敦北,2023-10-25,9237
6679,鈺太,10,0,10,凱基-敦北,2023-10-25,9237
8150,南茂,35,25,10,凱基-敦北,2023-10-25,9237
8341,日友,10,0,10,凱基-敦北,2023-10-25,9237
2891,中信金,10,1,9,凱基-敦北,2023-10-25,9237
2337,旺宏,8,0,8,凱基-敦北,2023-10-25,9237
1603,華電,8,0,8,凱基-敦北,2023-10-25,9237
2412,中華電,8,0,8,凱基-敦北,2023-10-25,9237
4979,華星光,77,70,7,凱基-敦北,2023-10-25,9237
00878,國泰永續高股息,6,0,6,凱基-敦北,2023-10-25,9237
00720B,元大投資級公司債,6,0,6,凱基-敦北,2023-10-25,9237
00902,中信電池及儲能,6,0,6,凱基-敦北,2023-10-25,9237
6830,汎銓,24,18,6,凱基-敦北,2023-10-25,9237
8050,廣積,9,3,6,凱基-敦北,2023-10-25,9237
8112,至上,6,0,6,凱基-敦北,2023-10-25,9237
1101,台泥,6,1,5,凱基-敦北,2023-10-25,9237
00933B,國泰10Y+金融債,5,0,5,凱基-敦北,2023-10-25,9237
1474,弘裕,5,0,5,凱基-敦北,2023-10-25,9237
2031,新光鋼,5,0,5,凱基-敦北,2023-10-25,9237
2409,友達,6,1,5,凱基-敦北,2023-10-25,9237
6643,M31,5,0,5,凱基-敦北,2023-10-25,9237
1560,中砂,5,0,5,凱基-敦北,2023-10-25,9237
6139,亞翔,24,19,5,凱基-敦北,2023-10-25,9237
00922,國泰台灣領袖50,4,0,4,凱基-敦北,2023-10-25,9237
2344,華邦電,4,0,4,凱基-敦北,2023-10-25,9237
3051,力特,20,16,4,凱基-敦北,2023-10-25,9237
2882,國泰金,3,0,3,凱基-敦北,2023-10-25,9237
2328,廣宇,3,0,3,凱基-敦北,2023-10-25,9237
3037,欣興,6,3,3,凱基-敦北,2023-10-25,9237
3611,鼎翰,3,0,3,凱基-敦北,2023-10-25,9237
5258,虹堡,10,7,3,凱基-敦北,2023-10-25,9237
6150,撼訊,3,0,3,凱基-敦北,2023-10-25,9237
1514,亞力,3,0,3,凱基-敦北,2023-10-25,9237
2886,兆豐金,2,0,2,凱基-敦北,2023-10-25,9237
2356,英業達,2,0,2,凱基-敦北,2023-10-25,9237
1815,富喬,140,25,115,凱基-敦北,2023-10-26,9237
4105,東洋,110,2,108,凱基-敦北,2023-10-26,9237
2368,金像電,93,10,83,凱基-敦北,2023-10-26,9237
00929,復華台灣科技優息,143,61,82,凱基-敦北,2023-10-26,9237
00878,國泰永續高股息,51,0,51,凱基-敦北,2023-10-26,9237
00885,富邦越南,43,0,43,凱基-敦北,2023-10-26,9237
00712,復華富時不動產,38,0,38,凱基-敦北,2023-10-26,9237
2412,中華電,25,0,25,凱基-敦北,2023-10-26,9237
00687B,國泰20年美債,21,0,21,凱基-敦北,2023-10-26,9237
0056,元大高股息,18,0,18,凱基-敦北,2023-10-26,9237
2303,聯電,29,11,18,凱基-敦北,2023-10-26,9237
2476,鉅祥,17,0,17,凱基-敦北,2023-10-26,9237
00751B,元大AAA至A公司債,16,0,16,凱基-敦北,2023-10-26,9237
6290,良維,15,0,15,凱基-敦北,2023-10-26,9237
1524,耿鼎,23,9,14,凱基-敦北,2023-10-26,9237
00923,群益台ESG低碳50,14,0,14,凱基-敦北,2023-10-26,9237
2330,台積電,13,0,13,凱基-敦北,2023-10-26,9237
2344,華邦電,12,0,12,凱基-敦北,2023-10-26,9237
3081,聯亞,11,0,11,凱基-敦北,2023-10-26,9237
0050,元大台灣50,10,0,10,凱基-敦北,2023-10-26,9237
1326,台化,10,0,10,凱基-敦北,2023-10-26,9237
00719B,元大美債1-3,10,0,10,凱基-敦北,2023-10-26,9237
1560,中砂,10,0,10,凱基-敦北,2023-10-26,9237
2014,中鴻,10,0,10,凱基-敦北,2023-10-26,9237
3078,僑威,13,3,10,凱基-敦北,2023-10-26,9237
4919,新唐,10,0,10,凱基-敦北,2023-10-26,9237
00662,富邦NASDAQ,8,0,8,凱基-敦北,2023-10-26,9237
00919,群益台灣精選高息,8,0,8,凱基-敦北,2023-10-26,9237
00720B,元大投資級公司債,6,0,6,凱基-敦北,2023-10-26,9237
2449,京元電子,9,3,6,凱基-敦北,2023-10-26,9237
1785,光洋科,11,5,6,凱基-敦北,2023-10-26,9237
2201,裕隆,6,0,6,凱基-敦北,2023-10-26,9237
9955,佳龍,16,10,6,凱基-敦北,2023-10-26,9237
2883,凱基金,6,1,5,凱基-敦北,2023-10-26,9237
00891,中信關鍵半導體,5,0,5,凱基-敦北,2023-10-26,9237
00722B,群益投資級電信債,5,0,5,凱基-敦北,2023-10-26,9237
2101,南港,5,0,5,凱基-敦北,2023-10-26,9237
4906,正文,5,0,5,凱基-敦北,2023-10-26,9237
5225,東科-KY,5,0,5,凱基-敦北,2023-10-26,9237
6143,振曜,9,4,5,凱基-敦北,2023-10-26,9237
8150,南茂,5,0,5,凱基-敦北,2023-10-26,9237
2618,長榮航,12,7,5,凱基-敦北,2023-10-26,9237
2317,鴻海,5,1,4,凱基-敦北,2023-10-26,9237
2388,威盛,6,2,4,凱基-敦北,2023-10-26,9237
3037,欣興,13,9,4,凱基-敦北,2023-10-26,9237
00893,國泰智能電動車,4,0,4,凱基-敦北,2023-10-26,9237
1319,東陽,20,16,4,凱基-敦北,2023-10-26,9237
2313,華通,4,0,4,凱基-敦北,2023-10-26,9237
2468,華經,4,0,4,凱基-敦北,2023-10-26,9237
3046,建��,4,0,4,凱基-敦北,2023-10-26,9237
00929,復華台灣科技優息,37,6,31,凱基-敦北,2023-10-27,9237
3014,聯陽,31,1,30,凱基-敦北,2023-10-27,9237
4147,中裕,25,0,25,凱基-敦北,2023-10-27,9237
6290,良維,25,0,25,凱基-敦北,2023-10-27,9237
2368,金像電,21,0,21,凱基-敦北,2023-10-27,9237
2303,聯電,24,4,20,凱基-敦北,2023-10-27,9237
6197,佳必琪,20,0,20,凱基-敦北,2023-10-27,9237
6462,神盾,20,1,19,凱基-敦北,2023-10-27,9237
2412,中華電,18,0,18,凱基-敦北,2023-10-27,9237
2317,鴻海,18,0,18,凱基-敦北,2023-10-27,9237
3051,力特,27,10,17,凱基-敦北,2023-10-27,9237
3163,波若威,15,0,15,凱基-敦北,2023-10-27,9237
6237,驊訊,14,1,13,凱基-敦北,2023-10-27,9237
00885,富邦越南,12,0,12,凱基-敦北,2023-10-27,9237
2337,旺宏,12,0,12,凱基-敦北,2023-10-27,9237
2352,佳世達,18,8,10,凱基-敦北,2023-10-27,9237
6275,元山,10,0,10,凱基-敦北,2023-10-27,9237
8044,網家,10,0,10,凱基-敦北,2023-10-27,9237
3228,金麗科,8,0,8,凱基-敦北,2023-10-27,9237
3264,欣銓,17,9,8,凱基-敦北,2023-10-27,9237
2454,聯發科,7,0,7,凱基-敦北,2023-10-27,9237
00919,群益台灣精選高息,7,0,7,凱基-敦北,2023-10-27,9237
2816,旺旺保,6,0,6,凱基-敦北,2023-10-27,9237
3450,聯鈞,6,0,6,凱基-敦北,2023-10-27,9237
00878,國泰永續高股息,5,0,5,凱基-敦北,2023-10-27,9237
5009,榮剛,5,0,5,凱基-敦北,2023-10-27,9237
1730,花仙子,5,0,5,凱基-敦北,2023-10-27,9237
00898,國泰基因免疫革命,5,0,5,凱基-敦北,2023-10-27,9237
3672,康聯訊,5,0,5,凱基-敦北,2023-10-27,9237
6526,達發,5,0,5,凱基-敦北,2023-10-27,9237
8028,昇陽半導體,5,0,5,凱基-敦北,2023-10-27,9237
8358,金居,5,0,5,凱基-敦北,2023-10-27,9237
6282,康舒,5,0,5,凱基-敦北,2023-10-27,9237
00681R,元大美債20反1,4,0,4,凱基-敦北,2023-10-27,9237
2363,矽統,4,0,4,凱基-敦北,2023-10-27,9237
2401,凌陽,4,0,4,凱基-敦北,2023-10-27,9237
2485,兆赫,9,5,4,凱基-敦北,2023-10-27,9237
0050,元大台灣50,3,0,3,凱基-敦北,2023-10-27,9237
1101,台泥,3,0,3,凱基-敦北,2023-10-27,9237
00712,復華富時不動產,4,1,3,凱基-敦北,2023-10-27,9237
2344,華邦電,3,0,3,凱基-敦北,2023-10-27,9237
5225,東科-KY,3,0,3,凱基-敦北,2023-10-27,9237
6160,欣技,3,0,3,凱基-敦北,2023-10-27,9237
2382,廣達,4,1,3,凱基-敦北,2023-10-27,9237
2388,威盛,2,0,2,凱基-敦北,2023-10-27,9237
3035,智原,10,8,2,凱基-敦北,2023-10-27,9237
1618,合機,2,0,2,凱基-敦北,2023-10-27,9237
00725B,國泰投資級公司債,2,0,2,凱基-敦北,2023-10-27,9237
00662,富邦NASDAQ,2,0,2,凱基-敦北,2023-10-27,9237
00679B,元大美債20年,2,0,2,凱基-敦北,2023-10-27,9237
1815,富喬,129,25,104,凱基-敦北,2023-10-30,9237
00753L,中信中國50正2,94,0,94,凱基-敦北,2023-10-30,9237
2002,中鋼,51,0,51,凱基-敦北,2023-10-30,9237
2892,第一金,51,0,51,凱基-敦北,2023-10-30,9237
5880,合庫金,50,0,50,凱基-敦北,2023-10-30,9237
2317,鴻海,41,7,34,凱基-敦北,2023-10-30,9237
5258,虹堡,44,12,32,凱基-敦北,2023-10-30,9237
3078,僑威,33,6,27,凱基-敦北,2023-10-30,9237
2412,中華電,24,0,24,凱基-敦北,2023-10-30,9237
3576,聯合再生,16,0,16,凱基-敦北,2023-10-30,9237
00720B,元大投資級公司債,16,0,16,凱基-敦北,2023-10-30,9237
6282,康舒,14,0,14,凱基-敦北,2023-10-30,9237
00919,群益台灣精選高息,12,0,12,凱基-敦北,2023-10-30,9237
00725B,國泰投資級公司債,11,0,11,凱基-敦北,2023-10-30,9237
00719B,元大美債1-3,10,0,10,凱基-敦北,2023-10-30,9237
2206,三陽工業,10,0,10,凱基-敦北,2023-10-30,9237
4105,東洋,11,1,10,凱基-敦北,2023-10-30,9237
3231,緯創,25,16,9,凱基-敦北,2023-10-30,9237
2390,云辰,14,6,8,凱基-敦北,2023-10-30,9237
2618,長榮航,24,16,8,凱基-敦北,2023-10-30,9237
6235,華孚,25,17,8,凱基-敦北,2023-10-30,9237
00878,國泰永續高股息,14,6,8,凱基-敦北,2023-10-30,9237
3163,波若威,7,0,7,凱基-敦北,2023-10-30,9237
1560,中砂,6,0,6,凱基-敦北,2023-10-30,9237
0050,元大台灣50,6,0,6,凱基-敦北,2023-10-30,9237
00722B,群益投資級電信債,5,0,5,凱基-敦北,2023-10-30,9237
00933B,國泰10Y+金融債,5,0,5,凱基-敦北,2023-10-30,9237
2399,映泰,5,0,5,凱基-敦北,2023-10-30,9237
2609,陽明,5,0,5,凱基-敦北,2023-10-30,9237
2645,長榮航太,5,0,5,凱基-敦北,2023-10-30,9237
3005,神基,5,0,5,凱基-敦北,2023-10-30,9237
4147,中裕,5,0,5,凱基-敦北,2023-10-30,9237
4148,全宇生技-KY,5,0,5,凱基-敦北,2023-10-30,9237
6160,欣技,5,0,5,凱基-敦北,2023-10-30,9237
8054,安國,68,63,5,凱基-敦北,2023-10-30,9237
1303,南亞,4,0,4,凱基-敦北,2023-10-30,9237
00922,國泰台灣領袖50,4,0,4,凱基-敦北,2023-10-30,9237
2883,凱基金,4,0,4,凱基-敦北,2023-10-30,9237
6156,松上,5,1,4,凱基-敦北,2023-10-30,9237
00929,復華台灣科技優息,6,2,4,凱基-敦北,2023-10-30,9237
00885,富邦越南,3,0,3,凱基-敦北,2023-10-30,9237
2603,長榮,3,0,3,凱基-敦北,2023-10-30,9237
006208,富邦台50,3,0,3,凱基-敦北,2023-10-30,9237
3037,欣興,3,0,3,凱基-敦北,2023-10-30,9237
00751B,元大AAA至A公司債,3,0,3,凱基-敦北,2023-10-30,9237
1785,光洋科,3,0,3,凱基-敦北,2023-10-30,9237
2331,精英,3,0,3,凱基-敦北,2023-10-30,9237
2337,旺宏,3,0,3,凱基-敦北,2023-10-30,9237
2457,飛宏,3,0,3,凱基-敦北,2023-10-30,9237
2485,兆赫,32,29,3,凱基-敦北,2023-10-30,9237
3591,艾笛森,150,0,150,凱基-敦北,2023-10-31,9237
1605,華新,83,0,83,凱基-敦北,2023-10-31,9237
00632R,元大台灣50反1,100,36,64,凱基-敦北,2023-10-31,9237
1314,中石化,50,0,50,凱基-敦北,2023-10-31,9237
4979,華星光,53,11,42,凱基-敦北,2023-10-31,9237
3290,東浦,35,0,35,凱基-敦北,2023-10-31,9237
00664R,國泰臺灣加權反1,30,0,30,凱基-敦北,2023-10-31,9237
2368,金像電,50,20,30,凱基-敦北,2023-10-31,9237
2834,臺企銀,31,7,24,凱基-敦北,2023-10-31,9237
2344,華邦電,24,1,23,凱基-敦北,2023-10-31,9237
4967,十銓,25,3,22,凱基-敦北,2023-10-31,9237
3207,耀勝,20,0,20,凱基-敦北,2023-10-31,9237
0056,元大高股息,21,3,18,凱基-敦北,2023-10-31,9237
00878,國泰永續高股息,20,4,16,凱基-敦北,2023-10-31,9237
00929,復華台灣科技優息,18,1,17,凱基-敦北,2023-10-31,9237
2101,南港,15,0,15,凱基-敦北,2023-10-31,9237
5425,台半,14,0,14,凱基-敦北,2023-10-31,9237
1513,中興電,12,0,12,凱基-敦北,2023-10-31,9237
00642U,期元大S＆P石油,11,0,11,凱基-敦北,2023-10-31,9237
00885,富邦越南,11,0,11,凱基-敦北,2023-10-31,9237
2850,新產,10,0,10,凱基-敦北,2023-10-31,9237
3362,先進光,10,0,10,凱基-敦北,2023-10-31,9237
5272,笙科,65,55,10,凱基-敦北,2023-10-31,9237
6005,群益證,10,0,10,凱基-敦北,2023-10-31,9237
6116,彩晶,20,10,10,凱基-敦北,2023-10-31,9237
8044,網家,10,0,10,凱基-敦北,2023-10-31,9237
2382,廣達,25,16,9,凱基-敦北,2023-10-31,9237
00919,群益台灣精選高息,10,1,9,凱基-敦北,2023-10-31,9237
2201,裕隆,9,0,9,凱基-敦北,2023-10-31,9237
3051,力特,9,0,9,凱基-敦北,2023-10-31,9237
3163,波若威,10,1,9,凱基-敦北,2023-10-31,9237
3231,緯創,22,14,8,凱基-敦北,2023-10-31,9237
00679B,元大美債20年,7,0,7,凱基-敦北,2023-10-31,9237
1560,中砂,7,0,7,凱基-敦北,2023-10-31,9237
2495,普安,7,0,7,凱基-敦北,2023-10-31,9237
4105,東洋,10,3,7,凱基-敦北,2023-10-31,9237
6237,驊訊,15,8,7,凱基-敦北,2023-10-31,9237
00932,兆豐永續高息等權,6,0,6,凱基-敦北,2023-10-31,9237
2313,華通,14,8,6,凱基-敦北,2023-10-31,9237
2449,京元電子,7,1,6,凱基-敦北,2023-10-31,9237
8081,致新,6,0,6,凱基-敦北,2023-10-31,9237
2891,中信金,5,0,5,凱基-敦北,2023-10-31,9237
2317,鴻海,13,8,5,凱基-敦北,2023-10-31,9237
3035,智原,12,7,5,凱基-敦北,2023-10-31,9237
00931B,統一美債20年,5,0,5,凱基-敦北,2023-10-31,9237
2006,東和鋼鐵,5,0,5,凱基-敦北,2023-10-31,9237
3006,晶豪科,10,5,5,凱基-敦北,2023-10-31,9237
3162,精確,5,0,5,凱基-敦北,2023-10-31,9237
3176,基亞,5,0,5,凱基-敦北,2023-10-31,9237
3526,凡甲,5,0,5,凱基-敦北,2023-10-31,9237
2002,中鋼,503,1,502,凱基-敦北,2023-11-01,9237
6235,華孚,143,14,129,凱基-敦北,2023-11-01,9237
2317,鴻海,110,0,110,凱基-敦北,2023-11-01,9237
00929,復華台灣科技優息,46,4,42,凱基-敦北,2023-11-01,9237
3016,嘉晶,40,0,40,凱基-敦北,2023-11-01,9237
00934,中信成長高股息,43,6,37,凱基-敦北,2023-11-01,9237
6191,精成科,38,2,36,凱基-敦北,2023-11-01,9237
00885,富邦越南,31,0,31,凱基-敦北,2023-11-01,9237
2884,玉山金,24,0,24,凱基-敦北,2023-11-01,9237
8054,安國,95,73,22,凱基-敦北,2023-11-01,9237
00878,國泰永續高股息,21,0,21,凱基-敦北,2023-11-01,9237
5258,虹堡,26,6,20,凱基-敦北,2023-11-01,9237
4167,松瑞藥,20,2,18,凱基-敦北,2023-11-01,9237
6290,良維,28,10,18,凱基-敦北,2023-11-01,9237
00751B,元大AAA至A公司債,16,0,16,凱基-敦北,2023-11-01,9237
6284,佳邦,15,0,15,凱基-敦北,2023-11-01,9237
3051,力特,14,0,14,凱基-敦北,2023-11-01,9237
6271,同欣電,12,0,12,凱基-敦北,2023-11-01,9237
00922,國泰台灣領袖50,11,0,11,凱基-敦北,2023-11-01,9237
00720B,元大投資級公司債,11,0,11,凱基-敦北,2023-11-01,9237
1560,中砂,13,2,11,凱基-敦北,2023-11-01,9237
2633,台灣高鐵,11,0,11,凱基-敦北,2023-11-01,9237
0050,元大台灣50,10,0,10,凱基-敦北,2023-11-01,9237
00679B,元大美債20年,10,0,10,凱基-敦北,2023-11-01,9237
00753L,中信中國50正2,10,0,10,凱基-敦北,2023-11-01,9237
6166,凌華,10,0,10,凱基-敦北,2023-11-01,9237
8916,光隆,10,0,10,凱基-敦北,2023-11-01,9237
1785,光洋科,10,1,9,凱基-敦北,2023-11-01,9237
2891,中信金,9,0,9,凱基-敦北,2023-11-01,9237
5536,聖暉*,8,0,8,凱基-敦北,2023-11-01,9237
6104,創惟,19,11,8,凱基-敦北,2023-11-01,9237
2409,友達,8,1,7,凱基-敦北,2023-11-01,9237
4162,智擎,18,11,7,凱基-敦北,2023-11-01,9237
00772B,中信高評級公司債,6,0,6,凱基-敦北,2023-11-01,9237
1101,台泥,6,0,6,凱基-敦北,2023-11-01,9237
2390,云辰,6,0,6,凱基-敦北,2023-11-01,9237
3481,群創,33,27,6,凱基-敦北,2023-11-01,9237
1301,台塑,6,0,6,凱基-敦北,2023-11-01,9237
9945,潤泰新,5,0,5,凱基-敦北,2023-11-01,9237
00722B,群益投資級電信債,5,0,5,凱基-敦北,2023-11-01,9237
00680L,元大美債20正2,5,0,5,凱基-敦北,2023-11-01,9237
2449,京元電子,6,1,5,凱基-敦北,2023-11-01,9237
2881,富邦金,5,0,5,凱基-敦北,2023-11-01,9237
2888,新光金,5,0,5,凱基-敦北,2023-11-01,9237
5225,東科-KY,5,0,5,凱基-敦北,2023-11-01,9237
5425,台半,7,2,5,凱基-敦北,2023-11-01,9237
6143,振曜,5,0,5,凱基-敦北,2023-11-01,9237
6625,必應,5,0,5,凱基-敦北,2023-11-01,9237
8112,至上,11,6,5,凱基-敦北,2023-11-01,9237
2886,兆豐金,4,0,4,凱基-敦北,2023-11-01,9237
2002,中鋼,601,1,600,凱基-敦北,2023-11-02,9237
3481,群創,71,4,67,凱基-敦北,2023-11-02,9237
6290,良維,62,5,57,凱基-敦北,2023-11-02,9237
1314,中石化,50,0,50,凱基-敦北,2023-11-02,9237
2888,新光金,50,5,45,凱基-敦北,2023-11-02,9237
2352,佳世達,60,19,41,凱基-敦北,2023-11-02,9237
00720B,元大投資級公司債,30,5,25,凱基-敦北,2023-11-02,9237
4967,十銓,155,131,24,凱基-敦北,2023-11-02,9237
0056,元大高股息,24,2,22,凱基-敦北,2023-11-02,9237
2883,凱基金,21,0,21,凱基-敦北,2023-11-02,9237
6284,佳邦,21,0,21,凱基-敦北,2023-11-02,9237
6552,易華電,21,0,21,凱基-敦北,2023-11-02,9237
3526,凡甲,20,0,20,凱基-敦北,2023-11-02,9237
8112,至上,19,0,19,凱基-敦北,2023-11-02,9237
8930,青鋼,15,0,15,凱基-敦北,2023-11-02,9237
6143,振曜,20,5,15,凱基-敦北,2023-11-02,9237
2867,三商壽,14,0,14,凱基-敦北,2023-11-02,9237
6446,藥華藥,17,3,14,凱基-敦北,2023-11-02,9237
3260,威剛,16,4,12,凱基-敦北,2023-11-02,9237
2371,大同,12,0,12,凱基-敦北,2023-11-02,9237
00864B,中信美國公債0-1,10,0,10,凱基-敦北,2023-11-02,9237
2337,旺宏,10,0,10,凱基-敦北,2023-11-02,9237
8916,光隆,10,0,10,凱基-敦北,2023-11-02,9237
4707,磐亞,10,0,10,凱基-敦北,2023-11-02,9237
3715,定穎投控,22,13,9,凱基-敦北,2023-11-02,9237
00931B,統一美債20年,11,3,8,凱基-敦北,2023-11-02,9237
00712,復華富時不動產,8,0,8,凱基-敦北,2023-11-02,9237
4162,智擎,9,2,7,凱基-敦北,2023-11-02,9237
00680L,元大美債20正2,5,0,5,凱基-敦北,2023-11-02,9237
2399,映泰,5,0,5,凱基-敦北,2023-11-02,9237
1560,中砂,9,4,5,凱基-敦北,2023-11-02,9237
2376,技嘉,6,2,4,凱基-敦北,2023-11-02,9237
2457,飛宏,4,0,4,凱基-敦北,2023-11-02,9237
9945,潤泰新,4,0,4,凱基-敦北,2023-11-02,9237
9958,世紀鋼,3,0,3,凱基-敦北,2023-11-02,9237
00679B,元大美債20年,3,0,3,凱基-敦北,2023-11-02,9237
2356,英業達,10,7,3,凱基-敦北,2023-11-02,9237
3322,建舜電,3,0,3,凱基-敦北,2023-11-02,9237
4105,東洋,3,0,3,凱基-敦北,2023-11-02,9237
4561,健椿,3,0,3,凱基-敦北,2023-11-02,9237
4766,南寶,3,0,3,凱基-敦北,2023-11-02,9237
3033,威健,3,0,3,凱基-敦北,2023-11-02,9237
8069,元太,3,0,3,凱基-敦北,2023-11-02,9237
8110,華東,4,1,3,凱基-敦北,2023-11-02,9237
2401,凌陽,3,0,3,凱基-敦北,2023-11-02,9237
2887,台新金,2,0,2,凱基-敦北,2023-11-02,9237
00687B,國泰20年美債,6,4,2,凱基-敦北,2023-11-02,9237
00830,國泰費城半導體,2,0,2,凱基-敦北,2023-11-02,9237
00935,野村臺灣新科技50,2,0,2,凱基-敦北,2023-11-02,9237
1730,花仙子,2,0,2,凱基-敦北,2023-11-02,9237
1815,富喬,214,60,154,凱基-敦北,2023-11-03,9237
2891,中信金,100,6,94,凱基-敦北,2023-11-03,9237
00753L,中信中國50正2,80,0,80,凱基-敦北,2023-11-03,9237
00688L,國泰20年美債正2,50,0,50,凱基-敦北,2023-11-03,9237
4105,東洋,46,0,46,凱基-敦北,2023-11-03,9237
6235,華孚,45,13,32,凱基-敦北,2023-11-03,9237
00900,富邦特選高股息30,31,0,31,凱基-敦北,2023-11-03,9237
2368,金像電,130,110,20,凱基-敦北,2023-11-03,9237
3526,凡甲,20,0,20,凱基-敦北,2023-11-03,9237
3176,基亞,21,2,19,凱基-敦北,2023-11-03,9237
3518,柏騰,15,0,15,凱基-敦北,2023-11-03,9237
00919,群益台灣精選高息,15,1,14,凱基-敦北,2023-11-03,9237
3322,建舜電,27,13,14,凱基-敦北,2023-11-03,9237
8150,南茂,14,0,14,凱基-敦北,2023-11-03,9237
6197,佳必琪,34,21,13,凱基-敦北,2023-11-03,9237
3169,亞信,12,0,12,凱基-敦北,2023-11-03,9237
2363,矽統,65,55,10,凱基-敦北,2023-11-03,9237
00878,國泰永續高股息,13,3,10,凱基-敦北,2023-11-03,9237
00864B,中信美國公債0-1,10,0,10,凱基-敦北,2023-11-03,9237
00679B,元大美債20年,10,0,10,凱基-敦北,2023-11-03,9237
2031,新光鋼,10,0,10,凱基-敦北,2023-11-03,9237
2888,新光金,10,0,10,凱基-敦北,2023-11-03,9237
3041,揚智,9,0,9,凱基-敦北,2023-11-03,9237
00687B,國泰20年美債,11,3,8,凱基-敦北,2023-11-03,9237
2303,聯電,12,4,8,凱基-敦北,2023-11-03,9237
3372,典範,8,0,8,凱基-敦北,2023-11-03,9237
2458,義隆,12,5,7,凱基-敦北,2023-11-03,9237
3305,昇貿,7,0,7,凱基-敦北,2023-11-03,9237
4979,華星光,6,0,6,凱基-敦北,2023-11-03,9237
6830,汎銓,17,11,6,凱基-敦北,2023-11-03,9237
00720B,元大投資級公司債,6,1,5,凱基-敦北,2023-11-03,9237
1524,耿鼎,5,0,5,凱基-敦北,2023-11-03,9237
3033,威健,5,0,5,凱基-敦北,2023-11-03,9237
3209,全科,5,0,5,凱基-敦北,2023-11-03,9237
5225,東科-KY,5,0,5,凱基-敦北,2023-11-03,9237
5521,工信,5,0,5,凱基-敦北,2023-11-03,9237
6237,驊訊,16,11,5,凱基-敦北,2023-11-03,9237
6548,長科*,5,0,5,凱基-敦北,2023-11-03,9237
8163,達方,5,0,5,凱基-敦北,2023-11-03,9237
2002,中鋼,7,3,4,凱基-敦北,2023-11-03,9237
1108,幸福,4,0,4,凱基-敦北,2023-11-03,9237
00751B,元大AAA至A公司債,6,2,4,凱基-敦北,2023-11-03,9237
2353,宏��,4,0,4,凱基-敦北,2023-11-03,9237
4770,上品,4,0,4,凱基-敦北,2023-11-03,9237
6104,創惟,6,2,4,凱基-敦北,2023-11-03,9237
8054,安國,4,0,4,凱基-敦北,2023-11-03,9237
8081,致新,4,0,4,凱基-敦北,2023-11-03,9237
3481,群創,13,9,4,凱基-敦北,2023-11-03,9237
0056,元大高股息,3,0,3,凱基-敦北,2023-11-03,9237
00799B,國泰A級醫療債,3,0,3,凱基-敦北,2023-11-03,9237
4157,太景*-KY,127,27,100,凱基-敦北,2023-11-06,9237
2618,長榮航,87,2,85,凱基-敦北,2023-11-06,9237
2363,矽統,49,13,36,凱基-敦北,2023-11-06,9237
00720B,元大投資級公司債,32,0,32,凱基-敦北,2023-11-06,9237
2610,華航,31,2,29,凱基-敦北,2023-11-06,9237
6235,華孚,23,4,19,凱基-敦北,2023-11-06,9237
2891,中信金,23,6,17,凱基-敦北,2023-11-06,9237
1560,中砂,16,0,16,凱基-敦北,2023-11-06,9237
00923,群益台ESG低碳50,13,0,13,凱基-敦北,2023-11-06,9237
00680L,元大美債20正2,12,0,12,凱基-敦北,2023-11-06,9237
2439,美律,13,1,12,凱基-敦北,2023-11-06,9237
00864B,中信美國公債0-1,11,0,11,凱基-敦北,2023-11-06,9237
1449,佳和,10,0,10,凱基-敦北,2023-11-06,9237
00719B,元大美債1-3,10,0,10,凱基-敦北,2023-11-06,9237
2548,華固,10,0,10,凱基-敦北,2023-11-06,9237
00922,國泰台灣領袖50,10,1,9,凱基-敦北,2023-11-06,9237
9945,潤泰新,7,0,7,凱基-敦北,2023-11-06,9237
0056,元大高股息,7,1,6,凱基-敦北,2023-11-06,9237
3118,進階,6,0,6,凱基-敦北,2023-11-06,9237
3526,凡甲,6,0,6,凱基-敦北,2023-11-06,9237
2603,長榮,7,2,5,凱基-敦北,2023-11-06,9237
1730,花仙子,5,0,5,凱基-敦北,2023-11-06,9237
1905,華紙,5,0,5,凱基-敦北,2023-11-06,9237
2101,南港,5,0,5,凱基-敦北,2023-11-06,9237
2362,藍天,5,0,5,凱基-敦北,2023-11-06,9237
2605,新興,5,0,5,凱基-敦北,2023-11-06,9237
2884,玉山金,5,0,5,凱基-敦北,2023-11-06,9237
3010,華立,5,0,5,凱基-敦北,2023-11-06,9237
3264,欣銓,8,3,5,凱基-敦北,2023-11-06,9237
4707,磐亞,5,0,5,凱基-敦北,2023-11-06,9237
6112,邁達特,5,0,5,凱基-敦北,2023-11-06,9237
6182,合晶,5,0,5,凱基-敦北,2023-11-06,9237
2356,英業達,6,1,5,凱基-敦北,2023-11-06,9237
2388,威盛,64,60,4,凱基-敦北,2023-11-06,9237
3041,揚智,4,0,4,凱基-敦北,2023-11-06,9237
3169,亞信,4,0,4,凱基-敦北,2023-11-06,9237
6156,松上,6,2,4,凱基-敦北,2023-11-06,9237
1101,台泥,4,0,4,凱基-敦北,2023-11-06,9237
6139,亞翔,3,0,3,凱基-敦北,2023-11-06,9237
5289,宜鼎,3,0,3,凱基-敦北,2023-11-06,9237
00929,復華台灣科技優息,3,0,3,凱基-敦北,2023-11-06,9237
00931B,統一美債20年,3,0,3,凱基-敦北,2023-11-06,9237
1802,台玻,3,0,3,凱基-敦北,2023-11-06,9237
2486,一詮,3,0,3,凱基-敦北,2023-11-06,9237
2867,三商壽,3,0,3,凱基-敦北,2023-11-06,9237
3036,文曄,12,9,3,凱基-敦北,2023-11-06,9237
5521,工信,3,0,3,凱基-敦北,2023-11-06,9237
6446,藥華藥,3,0,3,凱基-敦北,2023-11-06,9237
8410,森田,3,0,3,凱基-敦北,2023-11-06,9237
2002,中鋼,5,3,2,凱基-敦北,2023-11-06,9237
2891,中信金,30,3,27,凱基-敦北,2023-11-07,9237
6603,富強鑫,27,2,25,凱基-敦北,2023-11-07,9237
3372,典範,22,0,22,凱基-敦北,2023-11-07,9237
3711,日月光投控,20,0,20,凱基-敦北,2023-11-07,9237
00753L,中信中國50正2,80,60,20,凱基-敦北,2023-11-07,9237
6446,藥華藥,21,2,19,凱基-敦北,2023-11-07,9237
3701,大眾控,20,3,17,凱基-敦北,2023-11-07,9237
6235,華孚,42,26,16,凱基-敦北,2023-11-07,9237
6290,良維,20,4,16,凱基-敦北,2023-11-07,9237
00878,國泰永續高股息,16,1,15,凱基-敦北,2023-11-07,9237
4533,協易機,15,0,15,凱基-敦北,2023-11-07,9237
3305,昇貿,11,0,11,凱基-敦北,2023-11-07,9237
1301,台塑,10,0,10,凱基-敦北,2023-11-07,9237
00923,群益台ESG低碳50,10,0,10,凱基-敦北,2023-11-07,9237
00922,國泰台灣領袖50,10,0,10,凱基-敦北,2023-11-07,9237
1785,光洋科,10,0,10,凱基-敦北,2023-11-07,9237
3324,雙鴻,12,2,10,凱基-敦北,2023-11-07,9237
3672,康聯訊,10,0,10,凱基-敦北,2023-11-07,9237
2634,漢翔,13,4,9,凱基-敦北,2023-11-07,9237
2409,友達,9,0,9,凱基-敦北,2023-11-07,9237
00680L,元大美債20正2,10,1,9,凱基-敦北,2023-11-07,9237
6104,創惟,12,3,9,凱基-敦北,2023-11-07,9237
2834,臺企銀,8,0,8,凱基-敦北,2023-11-07,9237
3702,大聯大,19,11,8,凱基-敦北,2023-11-07,9237
00679B,元大美債20年,7,0,7,凱基-敦北,2023-11-07,9237
00772B,中信高評級公司債,7,0,7,凱基-敦北,2023-11-07,9237
6143,振曜,7,0,7,凱基-敦北,2023-11-07,9237
2206,三陽工業,6,0,6,凱基-敦北,2023-11-07,9237
2610,華航,8,2,6,凱基-敦北,2023-11-07,9237
6830,汎銓,6,0,6,凱基-敦北,2023-11-07,9237
00890B,凱基ESG BBB債,5,0,5,凱基-敦北,2023-11-07,9237
00885,富邦越南,5,0,5,凱基-敦北,2023-11-07,9237
2362,藍天,5,0,5,凱基-敦北,2023-11-07,9237
2633,台灣高鐵,5,0,5,凱基-敦北,2023-11-07,9237
2816,旺旺保,5,0,5,凱基-敦北,2023-11-07,9237
3013,晟銘電,5,0,5,凱基-敦北,2023-11-07,9237
6548,長科*,5,0,5,凱基-敦北,2023-11-07,9237
2382,廣達,7,2,5,凱基-敦北,2023-11-07,9237
00715L,期街口布蘭特正2,4,0,4,凱基-敦北,2023-11-07,9237
1584,精剛,4,0,4,凱基-敦北,2023-11-07,9237
2421,建準,6,2,4,凱基-敦北,2023-11-07,9237
2867,三商壽,4,0,4,凱基-敦北,2023-11-07,9237
3511,矽瑪,4,0,4,凱基-敦北,2023-11-07,9237
4162,智擎,14,10,4,凱基-敦北,2023-11-07,9237
4770,上品,4,0,4,凱基-敦北,2023-11-07,9237
8171,天宇,4,0,4,凱基-敦北,2023-11-07,9237
9136,巨騰-DR,4,0,4,凱基-敦北,2023-11-07,9237
2330,台積電,4,1,3,凱基-敦北,2023-11-07,9237
00720B,元大投資級公司債,3,0,3,凱基-敦北,2023-11-07,9237
2344,華邦電,3,0,3,凱基-敦北,2023-11-07,9237
1314,中石化,60,5,55,凱基-敦北,2023-11-08,9237
2363,矽統,128,82,46,凱基-敦北,2023-11-08,9237
3231,緯創,119,89,30,凱基-敦北,2023-11-08,9237
00753L,中信中國50正2,36,10,26,凱基-敦北,2023-11-08,9237
2338,光罩,30,5,25,凱基-敦北,2023-11-08,9237
3078,僑威,26,3,23,凱基-敦北,2023-11-08,9237
4123,晟德,20,0,20,凱基-敦北,2023-11-08,9237
1319,東陽,17,0,17,凱基-敦北,2023-11-08,9237
6603,富強鑫,20,4,16,凱基-敦北,2023-11-08,9237
00923,群益台ESG低碳50,15,0,15,凱基-敦北,2023-11-08,9237
4533,協易機,15,0,15,凱基-敦北,2023-11-08,9237
00878,國泰永續高股息,14,0,14,凱基-敦北,2023-11-08,9237
3466,德晉,18,6,12,凱基-敦北,2023-11-08,9237
00719B,元大美債1-3,10,0,10,凱基-敦北,2023-11-08,9237
1605,華新,13,3,10,凱基-敦北,2023-11-08,9237
3680,家登,10,0,10,凱基-敦北,2023-11-08,9237
3706,神達,10,0,10,凱基-敦北,2023-11-08,9237
6143,振曜,10,0,10,凱基-敦北,2023-11-08,9237
2610,華航,21,12,9,凱基-敦北,2023-11-08,9237
2317,鴻海,8,0,8,凱基-敦北,2023-11-08,9237
00936,台新永續高息中小,8,0,8,凱基-敦北,2023-11-08,9237
00922,國泰台灣領袖50,10,2,8,凱基-敦北,2023-11-08,9237
1513,中興電,10,2,8,凱基-敦北,2023-11-08,9237
2834,臺企銀,8,0,8,凱基-敦北,2023-11-08,9237
2867,三商壽,8,0,8,凱基-敦北,2023-11-08,9237
00679B,元大美債20年,7,0,7,凱基-敦北,2023-11-08,9237
2313,華通,8,1,7,凱基-敦北,2023-11-08,9237
3049,精金,7,0,7,凱基-敦北,2023-11-08,9237
2353,宏��,6,0,6,凱基-敦北,2023-11-08,9237
3051,力特,6,0,6,凱基-敦北,2023-11-08,9237
6202,盛群,6,0,6,凱基-敦北,2023-11-08,9237
8150,南茂,6,0,6,凱基-敦北,2023-11-08,9237
00902,中信電池及儲能,5,0,5,凱基-敦北,2023-11-08,9237
2355,敬鵬,5,0,5,凱基-敦北,2023-11-08,9237
2362,藍天,5,0,5,凱基-敦北,2023-11-08,9237
2913,農林,5,0,5,凱基-敦北,2023-11-08,9237
3622,洋華,5,0,5,凱基-敦北,2023-11-08,9237
2618,長榮航,60,55,5,凱基-敦北,2023-11-08,9237
0056,元大高股息,6,2,4,凱基-敦北,2023-11-08,9237
2462,良得電,4,0,4,凱基-敦北,2023-11-08,9237
3711,日月光投控,4,0,4,凱基-敦北,2023-11-08,9237
5351,鈺創,4,0,4,凱基-敦北,2023-11-08,9237
6104,創惟,6,2,4,凱基-敦北,2023-11-08,9237
6129,普誠,4,0,4,凱基-敦北,2023-11-08,9237
6446,藥華藥,10,6,4,凱基-敦北,2023-11-08,9237
6806,森崴能源,4,0,4,凱基-敦北,2023-11-08,9237
8034,榮群,5,1,4,凱基-敦北,2023-11-08,9237
6284,佳邦,4,0,4,凱基-敦北,2023-11-08,9237
1476,儒鴻,3,0,3,凱基-敦北,2023-11-08,9237
00642U,期元大S＆P石油,3,0,3,凱基-敦北,2023-11-08,9237
4533,協易機,51,0,51,凱基-敦北,2023-11-09,9237
00688L,國泰20年美債正2,50,0,50,凱基-敦北,2023-11-09,9237
4906,正文,50,0,50,凱基-敦北,2023-11-09,9237
9938,百和,50,0,50,凱基-敦北,2023-11-09,9237
6282,康舒,31,0,31,凱基-敦北,2023-11-09,9237
4968,立積,30,0,30,凱基-敦北,2023-11-09,9237
00720B,元大投資級公司債,36,8,28,凱基-敦北,2023-11-09,9237
3231,緯創,58,31,27,凱基-敦北,2023-11-09,9237
1101,台泥,26,0,26,凱基-敦北,2023-11-09,9237
00929,復華台灣科技優息,27,3,24,凱基-敦北,2023-11-09,9237
00679B,元大美債20年,21,0,21,凱基-敦北,2023-11-09,9237
00632R,元大台灣50反1,20,0,20,凱基-敦北,2023-11-09,9237
2903,遠百,40,20,20,凱基-敦北,2023-11-09,9237
00719B,元大美債1-3,12,0,12,凱基-敦北,2023-11-09,9237
2610,華航,12,0,12,凱基-敦北,2023-11-09,9237
4207,環泰,11,0,11,凱基-敦北,2023-11-09,9237
4432,銘旺實,10,0,10,凱基-敦北,2023-11-09,9237
6223,旺矽,13,3,10,凱基-敦北,2023-11-09,9237
00878,國泰永續高股息,11,1,10,凱基-敦北,2023-11-09,9237
00922,國泰台灣領袖50,10,1,9,凱基-敦北,2023-11-09,9237
00931B,統一美債20年,8,0,8,凱基-敦北,2023-11-09,9237
6104,創惟,10,2,8,凱基-敦北,2023-11-09,9237
8916,光隆,8,0,8,凱基-敦北,2023-11-09,9237
6415,矽力*-KY,8,0,8,凱基-敦北,2023-11-09,9237
5347,世界,7,0,7,凱基-敦北,2023-11-09,9237
2363,矽統,39,32,7,凱基-敦北,2023-11-09,9237
6446,藥華藥,25,18,7,凱基-敦北,2023-11-09,9237
0056,元大高股息,7,1,6,凱基-敦北,2023-11-09,9237
3622,洋華,6,0,6,凱基-敦北,2023-11-09,9237
6129,普誠,6,0,6,凱基-敦北,2023-11-09,9237
6830,汎銓,12,6,6,凱基-敦北,2023-11-09,9237
1313,聯成,5,0,5,凱基-敦北,2023-11-09,9237
2913,農林,5,0,5,凱基-敦北,2023-11-09,9237
5519,隆大,5,0,5,凱基-敦北,2023-11-09,9237
6182,合晶,5,0,5,凱基-敦北,2023-11-09,9237
6213,聯茂,5,0,5,凱基-敦北,2023-11-09,9237
6558,興能高,5,0,5,凱基-敦北,2023-11-09,9237
6625,必應,5,0,5,凱基-敦北,2023-11-09,9237
3227,原相,8,3,5,凱基-敦北,2023-11-09,9237
8034,榮群,5,0,5,凱基-敦北,2023-11-09,9237
2468,華經,4,0,4,凱基-敦北,2023-11-09,9237
2645,長榮航太,4,0,4,凱基-敦北,2023-11-09,9237
3013,晟銘電,4,0,4,凱基-敦北,2023-11-09,9237
5321,美而快,7,3,4,凱基-敦北,2023-11-09,9237
6288,聯嘉,4,0,4,凱基-敦北,2023-11-09,9237
8227,巨有科技,4,0,4,凱基-敦北,2023-11-09,9237
2883,凱基金,4,0,4,凱基-敦北,2023-11-09,9237
00935,野村臺灣新科技50,3,0,3,凱基-敦北,2023-11-09,9237
00919,群益台灣精選高息,3,0,3,凱基-敦北,2023-11-09,9237
00712,復華富時不動產,10,7,3,凱基-敦北,2023-11-09,9237
4129,聯合,100,3,97,凱基-敦北,2023-11-10,9237
4967,十銓,166,72,94,凱基-敦北,2023-11-10,9237
6806,森崴能源,60,0,60,凱基-敦北,2023-11-10,9237
00687B,國泰20年美債,40,0,40,凱基-敦北,2023-11-10,9237
00936,台新永續高息中小,26,0,26,凱基-敦北,2023-11-10,9237
2352,佳世達,27,4,23,凱基-敦北,2023-11-10,9237
2883,凱基金,22,0,22,凱基-敦北,2023-11-10,9237
00679B,元大美債20年,20,0,20,凱基-敦北,2023-11-10,9237
4533,協易機,45,25,20,凱基-敦北,2023-11-10,9237
6526,達發,20,0,20,凱基-敦北,2023-11-10,9237
00878,國泰永續高股息,25,6,19,凱基-敦北,2023-11-10,9237
2888,新光金,15,0,15,凱基-敦北,2023-11-10,9237
6177,達麗,15,0,15,凱基-敦北,2023-11-10,9237
3231,緯創,33,19,14,凱基-敦北,2023-11-10,9237
00934,中信成長高股息,12,1,11,凱基-敦北,2023-11-10,9237
6202,盛群,11,0,11,凱基-敦北,2023-11-10,9237
00931B,統一美債20年,10,0,10,凱基-敦北,2023-11-10,9237
00923,群益台ESG低碳50,11,1,10,凱基-敦北,2023-11-10,9237
00922,國泰台灣領袖50,10,0,10,凱基-敦北,2023-11-10,9237
00891,中信關鍵半導體,10,0,10,凱基-敦北,2023-11-10,9237
00753L,中信中國50正2,10,0,10,凱基-敦北,2023-11-10,9237
4432,銘旺實,10,0,10,凱基-敦北,2023-11-10,9237
00712,復華富時不動產,10,1,9,凱基-敦北,2023-11-10,9237
3581,博磊,15,6,9,凱基-敦北,2023-11-10,9237
4979,華星光,10,1,9,凱基-敦北,2023-11-10,9237
6122,擎邦,10,1,9,凱基-敦北,2023-11-10,9237
00720B,元大投資級公司債,8,0,8,凱基-敦北,2023-11-10,9237
00919,群益台灣精選高息,8,0,8,凱基-敦北,2023-11-10,9237
6104,創惟,8,0,8,凱基-敦北,2023-11-10,9237
6830,汎銓,7,0,7,凱基-敦北,2023-11-10,9237
2002,中鋼,6,0,6,凱基-敦北,2023-11-10,9237
8150,南茂,7,1,6,凱基-敦北,2023-11-10,9237
1301,台塑,5,0,5,凱基-敦北,2023-11-10,9237
00751B,元大AAA至A公司債,5,0,5,凱基-敦北,2023-11-10,9237
00772B,中信高評級公司債,5,0,5,凱基-敦北,2023-11-10,9237
1618,合機,7,2,5,凱基-敦北,2023-11-10,9237
2401,凌陽,5,0,5,凱基-敦北,2023-11-10,9237
2867,三商壽,5,0,5,凱基-敦北,2023-11-10,9237
2913,農林,5,0,5,凱基-敦北,2023-11-10,9237
3022,威強電,5,0,5,凱基-敦北,2023-11-10,9237
3209,全科,5,0,5,凱基-敦北,2023-11-10,9237
4552,力達-KY,5,0,5,凱基-敦北,2023-11-10,9237
5439,高技,8,3,5,凱基-敦北,2023-11-10,9237
9136,巨騰-DR,5,0,5,凱基-敦北,2023-11-10,9237
9958,世紀鋼,8,3,5,凱基-敦北,2023-11-10,9237
2201,裕隆,4,0,4,凱基-敦北,2023-11-10,9237
00662,富邦NASDAQ,4,0,4,凱基-敦北,2023-11-10,9237
3032,偉訓,4,0,4,凱基-敦北,2023-11-10,9237
3622,洋華,4,0,4,凱基-敦北,2023-11-10,9237
3645,達邁,4,0,4,凱基-敦北,2023-11-10,9237
2887,台新金,51,0,51,凱基-敦北,2023-11-13,9237
2903,遠百,40,0,40,凱基-敦北,2023-11-13,9237
3450,聯鈞,39,5,34,凱基-敦北,2023-11-13,9237
2356,英業達,30,0,30,凱基-敦北,2023-11-13,9237
3701,大眾控,30,0,30,凱基-敦北,2023-11-13,9237
4105,東洋,30,0,30,凱基-敦北,2023-11-13,9237
2387,精元,32,3,29,凱基-敦北,2023-11-13,9237
2618,長榮航,23,0,23,凱基-敦北,2023-11-13,9237
1101,台泥,21,0,21,凱基-敦北,2023-11-13,9237
00864B,中信美國公債0-1,20,0,20,凱基-敦北,2023-11-13,9237
00720B,元大投資級公司債,20,0,20,凱基-敦北,2023-11-13,9237
2402,毅嘉,25,6,19,凱基-敦北,2023-11-13,9237
00679B,元大美債20年,18,0,18,凱基-敦北,2023-11-13,9237
00632R,元大台灣50反1,16,0,16,凱基-敦北,2023-11-13,9237
6712,長聖,14,0,14,凱基-敦北,2023-11-13,9237
2382,廣達,37,24,13,凱基-敦北,2023-11-13,9237
2027,大成鋼,64,51,13,凱基-敦北,2023-11-13,9237
00891,中信關鍵半導體,17,6,11,凱基-敦北,2023-11-13,9237
6235,華孚,14,3,11,凱基-敦北,2023-11-13,9237
2888,新光金,10,0,10,凱基-敦北,2023-11-13,9237
6116,彩晶,10,0,10,凱基-敦北,2023-11-13,9237
6546,正基,10,0,10,凱基-敦北,2023-11-13,9237
6176,瑞儀,10,0,10,凱基-敦北,2023-11-13,9237
00878,國泰永續高股息,27,17,10,凱基-敦北,2023-11-13,9237
2352,佳世達,9,0,9,凱基-敦北,2023-11-13,9237
4930,燦星網,9,0,9,凱基-敦北,2023-11-13,9237
6531,愛普*,12,3,9,凱基-敦北,2023-11-13,9237
2002,中鋼,8,0,8,凱基-敦北,2023-11-13,9237
3036,文曄,7,0,7,凱基-敦北,2023-11-13,9237
00857B,永豐20年美公債,7,0,7,凱基-敦北,2023-11-13,9237
2301,光寶科,6,0,6,凱基-敦北,2023-11-13,9237
5703,亞都,6,0,6,凱基-敦北,2023-11-13,9237
00753L,中信中國50正2,5,0,5,凱基-敦北,2023-11-13,9237
00637L,元大滬深300正2,5,0,5,凱基-敦北,2023-11-13,9237
00933B,國泰10Y+金融債,5,0,5,凱基-敦北,2023-11-13,9237
1618,合機,5,0,5,凱基-敦北,2023-11-13,9237
3702,大聯大,5,0,5,凱基-敦北,2023-11-13,9237
4162,智擎,5,0,5,凱基-敦北,2023-11-13,9237
6558,興能高,5,0,5,凱基-敦北,2023-11-13,9237
8183,精星,5,0,5,凱基-敦北,2023-11-13,9237
2317,鴻海,6,2,4,凱基-敦北,2023-11-13,9237
00931B,統一美債20年,4,0,4,凱基-敦北,2023-11-13,9237
1301,台塑,4,0,4,凱基-敦北,2023-11-13,9237
00687B,國泰20年美債,4,0,4,凱基-敦北,2023-11-13,9237
00885,富邦越南,4,0,4,凱基-敦北,2023-11-13,9237
3374,精材,5,1,4,凱基-敦北,2023-11-13,9237
3653,健策,4,0,4,凱基-敦北,2023-11-13,9237
6139,亞翔,5,1,4,凱基-敦北,2023-11-13,9237
00919,群益台灣精選高息,4,0,4,凱基-敦北,2023-11-13,9237
8054,安國,3,0,3,凱基-敦北,2023-11-13,9237
2317,鴻海,102,9,93,凱基-敦北,2023-11-14,9237
2887,台新金,41,0,41,凱基-敦北,2023-11-14,9237
4967,十銓,51,11,40,凱基-敦北,2023-11-14,9237
6235,華孚,26,1,25,凱基-敦北,2023-11-14,9237
3363,上詮,26,3,23,凱基-敦北,2023-11-14,9237
6282,康舒,42,20,22,凱基-敦北,2023-11-14,9237
1464,得力,20,0,20,凱基-敦北,2023-11-14,9237
2031,新光鋼,19,0,19,凱基-敦北,2023-11-14,9237
3305,昇貿,18,0,18,凱基-敦北,2023-11-14,9237
00882,中信中國高股息,17,0,17,凱基-敦北,2023-11-14,9237
3231,緯創,26,11,15,凱基-敦北,2023-11-14,9237
00632R,元大台灣50反1,15,0,15,凱基-敦北,2023-11-14,9237
2101,南港,15,0,15,凱基-敦北,2023-11-14,9237
00665L,富邦�琤肭磪囓�2,50,38,12,凱基-敦北,2023-11-14,9237
9945,潤泰新,12,0,12,凱基-敦北,2023-11-14,9237
00720B,元大投資級公司債,15,4,11,凱基-敦北,2023-11-14,9237
6901,鑽石投資,10,0,10,凱基-敦北,2023-11-14,9237
2376,技嘉,13,3,10,凱基-敦北,2023-11-14,9237
00719B,元大美債1-3,10,0,10,凱基-敦北,2023-11-14,9237
00898,國泰基因免疫革命,10,0,10,凱基-敦北,2023-11-14,9237
00751B,元大AAA至A公司債,10,0,10,凱基-敦北,2023-11-14,9237
00738U,期元大道瓊白銀,10,0,10,凱基-敦北,2023-11-14,9237
00728,第一金工業30,10,0,10,凱基-敦北,2023-11-14,9237
00680L,元大美債20正2,10,0,10,凱基-敦北,2023-11-14,9237
1815,富喬,10,0,10,凱基-敦北,2023-11-14,9237
2387,精元,10,0,10,凱基-敦北,2023-11-14,9237
2881,富邦金,10,0,10,凱基-敦北,2023-11-14,9237
2915,潤泰全,10,0,10,凱基-敦北,2023-11-14,9237
4147,中裕,10,0,10,凱基-敦北,2023-11-14,9237
6546,正基,10,0,10,凱基-敦北,2023-11-14,9237
2357,華碩,20,11,9,凱基-敦北,2023-11-14,9237
2313,華通,11,3,8,凱基-敦北,2023-11-14,9237
3036,文曄,8,0,8,凱基-敦北,2023-11-14,9237
3147,大綜,8,0,8,凱基-敦北,2023-11-14,9237
6271,同欣電,8,0,8,凱基-敦北,2023-11-14,9237
2603,長榮,14,6,8,凱基-敦北,2023-11-14,9237
2002,中鋼,7,0,7,凱基-敦北,2023-11-14,9237
2618,長榮航,6,0,6,凱基-敦北,2023-11-14,9237
6216,居易,6,0,6,凱基-敦北,2023-11-14,9237
8111,立��,6,0,6,凱基-敦北,2023-11-14,9237
00919,群益台灣精選高息,5,0,5,凱基-敦北,2023-11-14,9237
1449,佳和,5,0,5,凱基-敦北,2023-11-14,9237
2748,雲品,5,0,5,凱基-敦北,2023-11-14,9237
3010,華立,5,0,5,凱基-敦北,2023-11-14,9237
3481,群創,6,1,5,凱基-敦北,2023-11-14,9237
5388,中磊,6,1,5,凱基-敦北,2023-11-14,9237
6177,達麗,5,0,5,凱基-敦北,2023-11-14,9237
2382,廣達,6,1,5,凱基-敦北,2023-11-14,9237
0056,元大高股息,7,2,5,凱基-敦北,2023-11-14,9237
1519,華城,34,30,4,凱基-敦北,2023-11-14,9237
3078,僑威,55,4,51,凱基-敦北,2023-11-15,9237
2368,金像電,47,1,46,凱基-敦北,2023-11-15,9237
2887,台新金,40,1,39,凱基-敦北,2023-11-15,9237
3025,星通,40,2,38,凱基-敦北,2023-11-15,9237
2402,毅嘉,31,0,31,凱基-敦北,2023-11-15,9237
8040,九暘,30,0,30,凱基-敦北,2023-11-15,9237
3706,神達,25,0,25,凱基-敦北,2023-11-15,9237
00878,國泰永續高股息,25,1,24,凱基-敦北,2023-11-15,9237
6138,茂達,27,3,24,凱基-敦北,2023-11-15,9237
3276,宇環,17,1,16,凱基-敦北,2023-11-15,9237
3450,聯鈞,16,0,16,凱基-敦北,2023-11-15,9237
00679B,元大美債20年,15,0,15,凱基-敦北,2023-11-15,9237
8070,長華*,13,1,12,凱基-敦北,2023-11-15,9237
00720B,元大投資級公司債,12,0,12,凱基-敦北,2023-11-15,9237
00680L,元大美債20正2,69,57,12,凱基-敦北,2023-11-15,9237
00923,群益台ESG低碳50,10,0,10,凱基-敦北,2023-11-15,9237
6829,千附精密,10,0,10,凱基-敦北,2023-11-15,9237
9945,潤泰新,11,1,10,凱基-敦北,2023-11-15,9237
00934,中信成長高股息,10,1,9,凱基-敦北,2023-11-15,9237
2353,宏��,14,5,9,凱基-敦北,2023-11-15,9237
6176,瑞儀,10,1,9,凱基-敦北,2023-11-15,9237
8043,蜜望實,9,0,9,凱基-敦北,2023-11-15,9237
2816,旺旺保,13,5,8,凱基-敦北,2023-11-15,9237
6234,高僑,8,0,8,凱基-敦北,2023-11-15,9237
2356,英業達,10,3,7,凱基-敦北,2023-11-15,9237
2313,華通,14,7,7,凱基-敦北,2023-11-15,9237
4414,如興,7,0,7,凱基-敦北,2023-11-15,9237
2449,京元電子,11,5,6,凱基-敦北,2023-11-15,9237
00671R,富邦NASDAQ反1,6,0,6,凱基-敦北,2023-11-15,9237
1584,精剛,6,0,6,凱基-敦北,2023-11-15,9237
2337,旺宏,10,4,6,凱基-敦北,2023-11-15,9237
9958,世紀鋼,6,0,6,凱基-敦北,2023-11-15,9237
2867,三商壽,5,0,5,凱基-敦北,2023-11-15,9237
4763,材料-KY,6,1,5,凱基-敦北,2023-11-15,9237
00929,復華台灣科技優息,8,3,5,凱基-敦北,2023-11-15,9237
00669R,國泰美國道瓊反1,5,0,5,凱基-敦北,2023-11-15,9237
3163,波若威,5,0,5,凱基-敦北,2023-11-15,9237
3209,全科,5,0,5,凱基-敦北,2023-11-15,9237
3455,由田,5,0,5,凱基-敦北,2023-11-15,9237
3526,凡甲,5,0,5,凱基-敦北,2023-11-15,9237
4105,東洋,5,0,5,凱基-敦北,2023-11-15,9237
6104,創惟,26,21,5,凱基-敦北,2023-11-15,9237
6203,海韻電,5,0,5,凱基-敦北,2023-11-15,9237
6790,永豐實,5,0,5,凱基-敦北,2023-11-15,9237
8358,金居,5,0,5,凱基-敦北,2023-11-15,9237
8940,新天地,5,0,5,凱基-敦北,2023-11-15,9237
3260,威剛,4,0,4,凱基-敦北,2023-11-15,9237
3035,智原,10,6,4,凱基-敦北,2023-11-15,9237
3311,閎暉,4,0,4,凱基-敦北,2023-11-15,9237
6415,矽力*-KY,28,24,4,凱基-敦北,2023-11-15,9237
00929,復華台灣科技優息,124,0,124,凱基-敦北,2023-11-16,9237
00933B,國泰10Y+金融債,53,0,53,凱基-敦北,2023-11-16,9237
2368,金像電,74,34,40,凱基-敦北,2023-11-16,9237
00720B,元大投資級公司債,37,0,37,凱基-敦北,2023-11-16,9237
00751B,元大AAA至A公司債,36,0,36,凱基-敦北,2023-11-16,9237
00878,國泰永續高股息,35,0,35,凱基-敦北,2023-11-16,9237
00725B,國泰投資級公司債,31,0,31,凱基-敦北,2023-11-16,9237
00696B,富邦美債20年,30,0,30,凱基-敦北,2023-11-16,9237
00772B,中信高評級公司債,30,0,30,凱基-敦北,2023-11-16,9237
1815,富喬,38,8,30,凱基-敦北,2023-11-16,9237
5426,振發,25,0,25,凱基-敦北,2023-11-16,9237
3305,昇貿,23,0,23,凱基-敦北,2023-11-16,9237
00795B,中信美國公債20年,20,0,20,凱基-敦北,2023-11-16,9237
00687B,國泰20年美債,18,0,18,凱基-敦北,2023-11-16,9237
00679B,元大美債20年,15,0,15,凱基-敦北,2023-11-16,9237
00922,國泰台灣領袖50,12,0,12,凱基-敦北,2023-11-16,9237
2402,毅嘉,19,7,12,凱基-敦北,2023-11-16,9237
1605,華新,14,3,11,凱基-敦北,2023-11-16,9237
3450,聯鈞,11,0,11,凱基-敦北,2023-11-16,9237
6213,聯茂,11,0,11,凱基-敦北,2023-11-16,9237
2855,統一證,10,0,10,凱基-敦北,2023-11-16,9237
2887,台新金,10,0,10,凱基-敦北,2023-11-16,9237
8040,九暘,10,0,10,凱基-敦北,2023-11-16,9237
4129,聯合,10,1,9,凱基-敦北,2023-11-16,9237
2538,基泰,8,0,8,凱基-敦北,2023-11-16,9237
3006,晶豪科,12,4,8,凱基-敦北,2023-11-16,9237
6104,創惟,12,4,8,凱基-敦北,2023-11-16,9237
5014,建錩,7,0,7,凱基-敦北,2023-11-16,9237
3257,虹冠電,7,1,6,凱基-敦北,2023-11-16,9237
4967,十銓,10,4,6,凱基-敦北,2023-11-16,9237
6770,力積電,6,0,6,凱基-敦北,2023-11-16,9237
1229,聯華,6,0,6,凱基-敦北,2023-11-16,9237
2417,圓剛,140,134,6,凱基-敦北,2023-11-16,9237
00882,中信中國高股息,5,0,5,凱基-敦北,2023-11-16,9237
00722B,群益投資級電信債,5,0,5,凱基-敦北,2023-11-16,9237
2211,長榮鋼,5,0,5,凱基-敦北,2023-11-16,9237
2352,佳世達,5,0,5,凱基-敦北,2023-11-16,9237
2704,國賓,5,0,5,凱基-敦北,2023-11-16,9237
3060,銘異,5,0,5,凱基-敦北,2023-11-16,9237
3338,泰碩,5,0,5,凱基-敦北,2023-11-16,9237
3706,神達,5,0,5,凱基-敦北,2023-11-16,9237
2603,長榮,5,1,4,凱基-敦北,2023-11-16,9237
00923,群益台ESG低碳50,5,1,4,凱基-敦北,2023-11-16,9237
2369,菱生,4,0,4,凱基-敦北,2023-11-16,9237
2388,威盛,21,17,4,凱基-敦北,2023-11-16,9237
4743,合一,4,0,4,凱基-敦北,2023-11-16,9237
8034,榮群,5,1,4,凱基-敦北,2023-11-16,9237
00931B,統一美債20年,3,0,3,凱基-敦北,2023-11-16,9237
00680L,元大美債20正2,33,30,3,凱基-敦北,2023-11-16,9237
2301,光寶科,5,2,3,凱基-敦北,2023-11-16,9237
6138,茂達,51,5,46,凱基-敦北,2023-11-17,9237
3701,大眾控,82,42,40,凱基-敦北,2023-11-17,9237
3305,昇貿,39,0,39,凱基-敦北,2023-11-17,9237
2883,凱基金,66,34,32,凱基-敦北,2023-11-17,9237
6185,幃翔,30,0,30,凱基-敦北,2023-11-17,9237
6282,康舒,23,0,23,凱基-敦北,2023-11-17,9237
3390,旭軟,20,0,20,凱基-敦北,2023-11-17,9237
4129,聯合,20,0,20,凱基-敦北,2023-11-17,9237
2618,長榮航,28,11,17,凱基-敦北,2023-11-17,9237
00882,中信中國高股息,17,0,17,凱基-敦北,2023-11-17,9237
00751B,元大AAA至A公司債,14,0,14,凱基-敦北,2023-11-17,9237
3041,揚智,124,110,14,凱基-敦北,2023-11-17,9237
1467,南緯,10,0,10,凱基-敦北,2023-11-17,9237
00857B,永豐20年美公債,10,0,10,凱基-敦北,2023-11-17,9237
6438,迅得,10,0,10,凱基-敦北,2023-11-17,9237
5258,虹堡,17,8,9,凱基-敦北,2023-11-17,9237
3260,威剛,9,1,8,凱基-敦北,2023-11-17,9237
00933B,國泰10Y+金融債,8,0,8,凱基-敦北,2023-11-17,9237
2002,中鋼,7,0,7,凱基-敦北,2023-11-17,9237
00712,復華富時不動產,7,0,7,凱基-敦北,2023-11-17,9237
2401,凌陽,40,33,7,凱基-敦北,2023-11-17,9237
00891,中信關鍵半導體,6,0,6,凱基-敦北,2023-11-17,9237
2312,金寶,8,2,6,凱基-敦北,2023-11-17,9237
4768,晶呈科技,6,0,6,凱基-敦北,2023-11-17,9237
5324,士開,6,0,6,凱基-敦北,2023-11-17,9237
6290,良維,6,0,6,凱基-敦北,2023-11-17,9237
2610,華航,6,0,6,凱基-敦北,2023-11-17,9237
00679B,元大美債20年,5,0,5,凱基-敦北,2023-11-17,9237
1319,東陽,6,1,5,凱基-敦北,2023-11-17,9237
00753L,中信中國50正2,5,0,5,凱基-敦北,2023-11-17,9237
00669R,國泰美國道瓊反1,5,0,5,凱基-敦北,2023-11-17,9237
00722B,群益投資級電信債,5,0,5,凱基-敦北,2023-11-17,9237
00720B,元大投資級公司債,5,0,5,凱基-敦北,2023-11-17,9237
00719B,元大美債1-3,5,0,5,凱基-敦北,2023-11-17,9237
3051,力特,5,0,5,凱基-敦北,2023-11-17,9237
3532,台勝科,5,0,5,凱基-敦北,2023-11-17,9237
6590,普鴻,5,0,5,凱基-敦北,2023-11-17,9237
8110,華東,5,0,5,凱基-敦北,2023-11-17,9237
8358,金居,5,0,5,凱基-敦北,2023-11-17,9237
8940,新天地,5,0,5,凱基-敦北,2023-11-17,9237
8996,高力,7,2,5,凱基-敦北,2023-11-17,9237
3481,群創,4,0,4,凱基-敦北,2023-11-17,9237
00715L,期街口布蘭特正2,4,0,4,凱基-敦北,2023-11-17,9237
00665L,富邦�琤肭磪囓�2,4,0,4,凱基-敦北,2023-11-17,9237
2324,仁寶,4,0,4,凱基-敦北,2023-11-17,9237
3265,台星科,4,0,4,凱基-敦北,2023-11-17,9237
6213,聯茂,8,4,4,凱基-敦北,2023-11-17,9237
00931B,統一美債20年,3,0,3,凱基-敦北,2023-11-17,9237
2344,華邦電,205,202,3,凱基-敦北,2023-11-17,9237
2421,建準,9,6,3,凱基-敦北,2023-11-17,9237
00885,富邦越南,104,0,104,凱基-敦北,2023-11-20,9237
00720B,元大投資級公司債,82,0,82,凱基-敦北,2023-11-20,9237
2516,新建,80,0,80,凱基-敦北,2023-11-20,9237
6435,大中,50,1,49,凱基-敦北,2023-11-20,9237
00687B,國泰20年美債,45,0,45,凱基-敦北,2023-11-20,9237
6168,宏齊,60,31,29,凱基-敦北,2023-11-20,9237
1102,亞泥,29,1,28,凱基-敦北,2023-11-20,9237
5258,虹堡,25,1,24,凱基-敦北,2023-11-20,9237
4114,健喬,19,0,19,凱基-敦北,2023-11-20,9237
2409,友達,15,0,15,凱基-敦北,2023-11-20,9237
00679B,元大美債20年,14,0,14,凱基-敦北,2023-11-20,9237
2458,義隆,14,0,14,凱基-敦北,2023-11-20,9237
3035,智原,15,3,12,凱基-敦北,2023-11-20,9237
2002,中鋼,22,11,11,凱基-敦北,2023-11-20,9237
2206,三陽工業,11,0,11,凱基-敦北,2023-11-20,9237
00923,群益台ESG低碳50,10,0,10,凱基-敦北,2023-11-20,9237
00922,國泰台灣領袖50,10,0,10,凱基-敦北,2023-11-20,9237
1314,中石化,10,0,10,凱基-敦北,2023-11-20,9237
3704,合勤控,11,1,10,凱基-敦北,2023-11-20,9237
5519,隆大,10,0,10,凱基-敦北,2023-11-20,9237
6233,旺玖,10,0,10,凱基-敦北,2023-11-20,9237
6271,同欣電,10,0,10,凱基-敦北,2023-11-20,9237
9802,鈺齊-KY,10,0,10,凱基-敦北,2023-11-20,9237
2610,華航,11,2,9,凱基-敦北,2023-11-20,9237
1432,大魯閣,7,0,7,凱基-敦北,2023-11-20,9237
3013,晟銘電,8,1,7,凱基-敦北,2023-11-20,9237
3305,昇貿,7,0,7,凱基-敦北,2023-11-20,9237
3701,大眾控,61,54,7,凱基-敦北,2023-11-20,9237
3037,欣興,8,2,6,凱基-敦北,2023-11-20,9237
2363,矽統,14,8,6,凱基-敦北,2023-11-20,9237
3645,達邁,6,0,6,凱基-敦北,2023-11-20,9237
5324,士開,6,0,6,凱基-敦北,2023-11-20,9237
2618,長榮航,18,13,5,凱基-敦北,2023-11-20,9237
00722B,群益投資級電信債,5,0,5,凱基-敦北,2023-11-20,9237
00662,富邦NASDAQ,5,0,5,凱基-敦北,2023-11-20,9237
00772B,中信高評級公司債,10,5,5,凱基-敦北,2023-11-20,9237
00935,野村臺灣新科技50,5,0,5,凱基-敦北,2023-11-20,9237
1467,南緯,5,0,5,凱基-敦北,2023-11-20,9237
1568,倉佑,5,0,5,凱基-敦北,2023-11-20,9237
2356,英業達,6,1,5,凱基-敦北,2023-11-20,9237
2393,億光,5,0,5,凱基-敦北,2023-11-20,9237
3532,台勝科,5,0,5,凱基-敦北,2023-11-20,9237
4967,十銓,9,4,5,凱基-敦北,2023-11-20,9237
6213,聯茂,6,1,5,凱基-敦北,2023-11-20,9237
6719,力智,5,0,5,凱基-敦北,2023-11-20,9237
3548,兆利,11,6,5,凱基-敦北,2023-11-20,9237
00931B,統一美債20年,4,0,4,凱基-敦北,2023-11-20,9237
2401,凌陽,14,10,4,凱基-敦北,2023-11-20,9237
3005,神基,9,5,4,凱基-敦北,2023-11-20,9237
3259,鑫創,4,0,4,凱基-敦北,2023-11-20,9237
00919,群益台灣精選高息,162,0,162,凱基-敦北,2023-11-21,9237
3078,僑威,42,1,41,凱基-敦北,2023-11-21,9237
2618,長榮航,45,16,29,凱基-敦北,2023-11-21,9237
3305,昇貿,30,2,28,凱基-敦北,2023-11-21,9237
00929,復華台灣科技優息,26,0,26,凱基-敦北,2023-11-21,9237
2367,燿華,32,10,22,凱基-敦北,2023-11-21,9237
3037,欣興,31,9,22,凱基-敦北,2023-11-21,9237
4129,聯合,22,0,22,凱基-敦北,2023-11-21,9237
00680L,元大美債20正2,21,0,21,凱基-敦北,2023-11-21,9237
5351,鈺創,26,10,16,凱基-敦北,2023-11-21,9237
00662,富邦NASDAQ,15,0,15,凱基-敦北,2023-11-21,9237
00632R,元大台灣50反1,21,10,11,凱基-敦北,2023-11-21,9237
1524,耿鼎,12,1,11,凱基-敦北,2023-11-21,9237
2609,陽明,10,0,10,凱基-敦北,2023-11-21,9237
1102,亞泥,12,2,10,凱基-敦北,2023-11-21,9237
00753L,中信中國50正2,10,0,10,凱基-敦北,2023-11-21,9237
2329,華泰,12,3,9,凱基-敦北,2023-11-21,9237
3450,聯鈞,9,0,9,凱基-敦北,2023-11-21,9237
00720B,元大投資級公司債,8,0,8,凱基-敦北,2023-11-21,9237
2462,良得電,9,1,8,凱基-敦北,2023-11-21,9237
6108,競國,10,2,8,凱基-敦北,2023-11-21,9237
6234,高僑,8,0,8,凱基-敦北,2023-11-21,9237
9103,美德醫療-DR,8,0,8,凱基-敦北,2023-11-21,9237
6215,和椿,8,0,8,凱基-敦北,2023-11-21,9237
4923,力士,9,2,7,凱基-敦北,2023-11-21,9237
3583,辛耘,33,26,7,凱基-敦北,2023-11-21,9237
00890B,凱基ESG BBB債,7,0,7,凱基-敦北,2023-11-21,9237
2390,云辰,8,1,7,凱基-敦北,2023-11-21,9237
4908,前鼎,8,1,7,凱基-敦北,2023-11-21,9237
1582,信錦,7,1,6,凱基-敦北,2023-11-21,9237
00931B,統一美債20年,6,0,6,凱基-敦北,2023-11-21,9237
00719B,元大美債1-3,6,0,6,凱基-敦北,2023-11-21,9237
2402,毅嘉,6,0,6,凱基-敦北,2023-11-21,9237
3013,晟銘電,7,1,6,凱基-敦北,2023-11-21,9237
3564,其陽,6,0,6,凱基-敦北,2023-11-21,9237
2606,裕民,5,0,5,凱基-敦北,2023-11-21,9237
00885,富邦越南,5,0,5,凱基-敦北,2023-11-21,9237
00671R,富邦NASDAQ反1,5,0,5,凱基-敦北,2023-11-21,9237
00694B,富邦美債1-3,5,0,5,凱基-敦北,2023-11-21,9237
2352,佳世達,5,0,5,凱基-敦北,2023-11-21,9237
3025,星通,5,0,5,凱基-敦北,2023-11-21,9237
5258,虹堡,38,34,4,凱基-敦北,2023-11-21,9237
00902,中信電池及儲能,4,0,4,凱基-敦北,2023-11-21,9237
2355,敬鵬,6,2,4,凱基-敦北,2023-11-21,9237
2637,慧洋-KY,5,1,4,凱基-敦北,2023-11-21,9237
3041,揚智,16,12,4,凱基-敦北,2023-11-21,9237
3234,光環,5,1,4,凱基-敦北,2023-11-21,9237
4533,協易機,4,0,4,凱基-敦北,2023-11-21,9237
5321,美而快,4,0,4,凱基-敦北,2023-11-21,9237
8054,安國,9,6,3,凱基-敦北,2023-11-21,9237
2476,鉅祥,112,41,71,凱基-敦北,2023-11-22,9237
2408,南亞科,53,1,52,凱基-敦北,2023-11-22,9237
6235,華孚,55,13,42,凱基-敦北,2023-11-22,9237
6282,康舒,79,40,39,凱基-敦北,2023-11-22,9237
8261,富鼎,32,0,32,凱基-敦北,2023-11-22,9237
3231,緯創,49,23,26,凱基-敦北,2023-11-22,9237
3706,神達,29,7,22,凱基-敦北,2023-11-22,9237
00637L,元大滬深300正2,25,4,21,凱基-敦北,2023-11-22,9237
6112,邁達特,21,0,21,凱基-敦北,2023-11-22,9237
2368,金像電,28,8,20,凱基-敦北,2023-11-22,9237
6770,力積電,20,0,20,凱基-敦北,2023-11-22,9237
3037,欣興,43,26,17,凱基-敦北,2023-11-22,9237
00934,中信成長高股息,17,0,17,凱基-敦北,2023-11-22,9237
6270,倍微,17,0,17,凱基-敦北,2023-11-22,9237
2834,臺企銀,32,16,16,凱基-敦北,2023-11-22,9237
00929,復華台灣科技優息,16,0,16,凱基-敦北,2023-11-22,9237
00679B,元大美債20年,15,0,15,凱基-敦北,2023-11-22,9237
4960,誠美材,13,0,13,凱基-敦北,2023-11-22,9237
00878,國泰永續高股息,16,4,12,凱基-敦北,2023-11-22,9237
00922,國泰台灣領袖50,11,0,11,凱基-敦北,2023-11-22,9237
6558,興能高,13,2,11,凱基-敦北,2023-11-22,9237
00923,群益台ESG低碳50,10,0,10,凱基-敦北,2023-11-22,9237
00633L,富邦上証正2,10,0,10,凱基-敦北,2023-11-22,9237
1616,億泰,10,0,10,凱基-敦北,2023-11-22,9237
6120,達運,10,0,10,凱基-敦北,2023-11-22,9237
6275,元山,10,0,10,凱基-敦北,2023-11-22,9237
1560,中砂,9,1,8,凱基-敦北,2023-11-22,9237
2887,台新金,8,0,8,凱基-敦北,2023-11-22,9237
6234,高僑,8,0,8,凱基-敦北,2023-11-22,9237
2356,英業達,7,0,7,凱基-敦北,2023-11-22,9237
2731,雄獅,11,4,7,凱基-敦北,2023-11-22,9237
00919,群益台灣精選高息,6,0,6,凱基-敦北,2023-11-22,9237
4968,立積,6,0,6,凱基-敦北,2023-11-22,9237
00751B,元大AAA至A公司債,6,0,6,凱基-敦北,2023-11-22,9237
6830,汎銓,12,6,6,凱基-敦北,2023-11-22,9237
9103,美德醫療-DR,6,0,6,凱基-敦北,2023-11-22,9237
0056,元大高股息,5,0,5,凱基-敦北,2023-11-22,9237
00918,大華優利高填息30,5,0,5,凱基-敦北,2023-11-22,9237
2888,新光金,5,0,5,凱基-敦北,2023-11-22,9237
3481,群創,5,0,5,凱基-敦北,2023-11-22,9237
3548,兆利,6,1,5,凱基-敦北,2023-11-22,9237
6204,艾華,8,3,5,凱基-敦北,2023-11-22,9237
6213,聯茂,5,0,5,凱基-敦北,2023-11-22,9237
8044,網家,5,0,5,凱基-敦北,2023-11-22,9237
8054,安國,5,0,5,凱基-敦北,2023-11-22,9237
4908,前鼎,19,14,5,凱基-敦北,2023-11-22,9237
00905,FT臺灣Smart,5,1,4,凱基-敦北,2023-11-22,9237
2314,台揚,4,0,4,凱基-敦北,2023-11-22,9237
2421,建準,5,1,4,凱基-敦北,2023-11-22,9237
2739,寒舍,4,0,4,凱基-敦北,2023-11-22,9237
1449,佳和,81,10,71,凱基-敦北,2023-11-23,9237
00919,群益台灣精選高息,73,13,60,凱基-敦北,2023-11-23,9237
3305,昇貿,50,1,49,凱基-敦北,2023-11-23,9237
6282,康舒,159,124,35,凱基-敦北,2023-11-23,9237
8183,精星,35,0,35,凱基-敦北,2023-11-23,9237
1513,中興電,47,16,31,凱基-敦北,2023-11-23,9237
6830,汎銓,24,0,24,凱基-敦北,2023-11-23,9237
2330,台積電,21,0,21,凱基-敦北,2023-11-23,9237
1477,聚陽,20,0,20,凱基-敦北,2023-11-23,9237
2368,金像電,28,8,20,凱基-敦北,2023-11-23,9237
00878,國泰永續高股息,19,1,18,凱基-敦北,2023-11-23,9237
3289,宜特,16,0,16,凱基-敦北,2023-11-23,9237
00929,復華台灣科技優息,27,12,15,凱基-敦北,2023-11-23,9237
6139,亞翔,16,3,13,凱基-敦北,2023-11-23,9237
3042,晶技,23,11,12,凱基-敦北,2023-11-23,9237
00922,國泰台灣領袖50,11,0,11,凱基-敦北,2023-11-23,9237
6719,力智,40,29,11,凱基-敦北,2023-11-23,9237
00662,富邦NASDAQ,10,0,10,凱基-敦北,2023-11-23,9237
00923,群益台ESG低碳50,10,0,10,凱基-敦北,2023-11-23,9237
5519,隆大,10,0,10,凱基-敦北,2023-11-23,9237
5009,榮剛,15,6,9,凱基-敦北,2023-11-23,9237
6414,樺漢,14,5,9,凱基-敦北,2023-11-23,9237
2363,矽統,9,2,7,凱基-敦北,2023-11-23,9237
00905,FT臺灣Smart,6,0,6,凱基-敦北,2023-11-23,9237
1603,華電,6,0,6,凱基-敦北,2023-11-23,9237
2457,飛宏,24,18,6,凱基-敦北,2023-11-23,9237
4960,誠美材,7,1,6,凱基-敦北,2023-11-23,9237
6799,來頡,7,1,6,凱基-敦北,2023-11-23,9237
00671R,富邦NASDAQ反1,5,0,5,凱基-敦北,2023-11-23,9237
00637L,元大滬深300正2,5,0,5,凱基-敦北,2023-11-23,9237
00933B,國泰10Y+金融債,5,0,5,凱基-敦北,2023-11-23,9237
2031,新光鋼,5,0,5,凱基-敦北,2023-11-23,9237
2340,台亞,5,0,5,凱基-敦北,2023-11-23,9237
2887,台新金,5,0,5,凱基-敦北,2023-11-23,9237
3105,穩懋,5,0,5,凱基-敦北,2023-11-23,9237
3454,晶睿,5,0,5,凱基-敦北,2023-11-23,9237
4726,永昕,5,0,5,凱基-敦北,2023-11-23,9237
6237,驊訊,12,7,5,凱基-敦北,2023-11-23,9237
6462,神盾,5,0,5,凱基-敦北,2023-11-23,9237
4968,立積,6,2,4,凱基-敦北,2023-11-23,9237
3231,緯創,19,15,4,凱基-敦北,2023-11-23,9237
00900,富邦特選高股息30,4,0,4,凱基-敦北,2023-11-23,9237
2501,國建,4,0,4,凱基-敦北,2023-11-23,9237
3701,大眾控,7,3,4,凱基-敦北,2023-11-23,9237
4967,十銓,45,41,4,凱基-敦北,2023-11-23,9237
3715,定穎投控,5,2,3,凱基-敦北,2023-11-23,9237
2301,光寶科,4,1,3,凱基-敦北,2023-11-23,9237
2313,華通,17,14,3,凱基-敦北,2023-11-23,9237
2338,光罩,3,0,3,凱基-敦北,2023-11-23,9237
2355,敬鵬,4,1,3,凱基-敦北,2023-11-23,9237
00680L,元大美債20正2,100,40,60,凱基-敦北,2023-11-24,9237
2408,南亞科,61,5,56,凱基-敦北,2023-11-24,9237
2498,宏達電,44,0,44,凱基-敦北,2023-11-24,9237
2618,長榮航,44,14,30,凱基-敦北,2023-11-24,9237
00637L,元大滬深300正2,20,0,20,凱基-敦北,2023-11-24,9237
1809,中釉,201,182,19,凱基-敦北,2023-11-24,9237
2352,佳世達,17,0,17,凱基-敦北,2023-11-24,9237
00772B,中信高評級公司債,15,0,15,凱基-敦北,2023-11-24,9237
1449,佳和,13,0,13,凱基-敦北,2023-11-24,9237
00919,群益台灣精選高息,13,0,13,凱基-敦北,2023-11-24,9237
2316,楠梓電,13,0,13,凱基-敦北,2023-11-24,9237
8183,精星,13,0,13,凱基-敦北,2023-11-24,9237
2457,飛宏,20,7,13,凱基-敦北,2023-11-24,9237
00712,復華富時不動產,12,0,12,凱基-敦北,2023-11-24,9237
3706,神達,13,2,11,凱基-敦北,2023-11-24,9237
1514,亞力,14,4,10,凱基-敦北,2023-11-24,9237
1616,億泰,10,0,10,凱基-敦北,2023-11-24,9237
00896,中信綠能及電動車,10,0,10,凱基-敦北,2023-11-24,9237
2530,華建,10,0,10,凱基-敦北,2023-11-24,9237
2745,五福,10,0,10,凱基-敦北,2023-11-24,9237
4971,IET-KY,10,0,10,凱基-敦北,2023-11-24,9237
6285,啟��,10,0,10,凱基-敦北,2023-11-24,9237
2883,凱基金,10,1,9,凱基-敦北,2023-11-24,9237
3006,晶豪科,13,4,9,凱基-敦北,2023-11-24,9237
00751B,元大AAA至A公司債,8,0,8,凱基-敦北,2023-11-24,9237
00720B,元大投資級公司債,8,0,8,凱基-敦北,2023-11-24,9237
5009,榮剛,9,2,7,凱基-敦北,2023-11-24,9237
5351,鈺創,7,0,7,凱基-敦北,2023-11-24,9237
6147,頎邦,7,0,7,凱基-敦北,2023-11-24,9237
1618,合機,10,4,6,凱基-敦北,2023-11-24,9237
6270,倍微,6,0,6,凱基-敦北,2023-11-24,9237
6679,鈺太,6,0,6,凱基-敦北,2023-11-24,9237
2324,仁寶,5,0,5,凱基-敦北,2023-11-24,9237
00722B,群益投資級電信債,5,0,5,凱基-敦北,2023-11-24,9237
1560,中砂,8,3,5,凱基-敦北,2023-11-24,9237
2888,新光金,35,30,5,凱基-敦北,2023-11-24,9237
2891,中信金,5,0,5,凱基-敦北,2023-11-24,9237
1773,勝一,4,0,4,凱基-敦北,2023-11-24,9237
1815,富喬,4,0,4,凱基-敦北,2023-11-24,9237
2355,敬鵬,4,0,4,凱基-敦北,2023-11-24,9237
2392,正崴,5,1,4,凱基-敦北,2023-11-24,9237
2468,華經,4,0,4,凱基-敦北,2023-11-24,9237
3701,大眾控,4,0,4,凱基-敦北,2023-11-24,9237
6245,立端,5,1,4,凱基-敦北,2023-11-24,9237
2356,英業達,5,2,3,凱基-敦北,2023-11-24,9237
00679B,元大美債20年,3,0,3,凱基-敦北,2023-11-24,9237
2330,台積電,3,0,3,凱基-敦北,2023-11-24,9237
2886,兆豐金,3,0,3,凱基-敦北,2023-11-24,9237
3260,威剛,3,0,3,凱基-敦北,2023-11-24,9237
3264,欣銓,3,0,3,凱基-敦北,2023-11-24,9237
9919,康那香,100,0,100,凱基-敦北,2023-11-27,9237
2408,南亞科,74,0,74,凱基-敦北,2023-11-27,9237
1503,士電,59,5,54,凱基-敦北,2023-11-27,9237
2436,偉詮電,50,0,50,凱基-敦北,2023-11-27,9237
2891,中信金,56,11,45,凱基-敦北,2023-11-27,9237
2206,三陽工業,41,0,41,凱基-敦北,2023-11-27,9237
2368,金像電,87,47,40,凱基-敦北,2023-11-27,9237
00929,復華台灣科技優息,30,1,29,凱基-敦北,2023-11-27,9237
1734,杏輝,28,0,28,凱基-敦北,2023-11-27,9237
6235,華孚,53,26,27,凱基-敦北,2023-11-27,9237
00662,富邦NASDAQ,26,0,26,凱基-敦北,2023-11-27,9237
1514,亞力,23,1,22,凱基-敦北,2023-11-27,9237
4167,松瑞藥,20,0,20,凱基-敦北,2023-11-27,9237
00720B,元大投資級公司債,16,0,16,凱基-敦北,2023-11-27,9237
2834,臺企銀,32,16,16,凱基-敦北,2023-11-27,9237
3706,神達,16,0,16,凱基-敦北,2023-11-27,9237
2233,宇隆,15,0,15,凱基-敦北,2023-11-27,9237
8086,宏捷科,16,1,15,凱基-敦北,2023-11-27,9237
2317,鴻海,13,0,13,凱基-敦北,2023-11-27,9237
5533,皇鼎,13,0,13,凱基-敦北,2023-11-27,9237
3231,緯創,16,3,13,凱基-敦北,2023-11-27,9237
2634,漢翔,13,1,12,凱基-敦北,2023-11-27,9237
2883,凱基金,16,4,12,凱基-敦北,2023-11-27,9237
00679B,元大美債20年,11,0,11,凱基-敦北,2023-11-27,9237
2887,台新金,11,0,11,凱基-敦北,2023-11-27,9237
2610,華航,10,0,10,凱基-敦北,2023-11-27,9237
2745,五福,10,0,10,凱基-敦北,2023-11-27,9237
6164,華興,10,0,10,凱基-敦北,2023-11-27,9237
2356,英業達,9,0,9,凱基-敦北,2023-11-27,9237
00919,群益台灣精選高息,9,0,9,凱基-敦北,2023-11-27,9237
00885,富邦越南,9,0,9,凱基-敦北,2023-11-27,9237
4533,協易機,9,0,9,凱基-敦北,2023-11-27,9237
5258,虹堡,9,1,8,凱基-敦北,2023-11-27,9237
00857B,永豐20年美公債,7,0,7,凱基-敦北,2023-11-27,9237
3481,群創,8,1,7,凱基-敦北,2023-11-27,9237
6270,倍微,7,0,7,凱基-敦北,2023-11-27,9237
1449,佳和,12,5,7,凱基-敦北,2023-11-27,9237
2367,燿華,6,0,6,凱基-敦北,2023-11-27,9237
3189,景碩,6,0,6,凱基-敦北,2023-11-27,9237
3260,威剛,6,0,6,凱基-敦北,2023-11-27,9237
00772B,中信高評級公司債,5,0,5,凱基-敦北,2023-11-27,9237
2313,華通,17,12,5,凱基-敦北,2023-11-27,9237
2888,新光金,5,0,5,凱基-敦北,2023-11-27,9237
3017,奇鋐,5,0,5,凱基-敦北,2023-11-27,9237
3037,欣興,12,7,5,凱基-敦北,2023-11-27,9237
5203,訊連,5,0,5,凱基-敦北,2023-11-27,9237
6125,廣運,6,1,5,凱基-敦北,2023-11-27,9237
6806,森崴能源,5,0,5,凱基-敦北,2023-11-27,9237
8150,南茂,5,0,5,凱基-敦北,2023-11-27,9237
9802,鈺齊-KY,34,29,5,凱基-敦北,2023-11-27,9237
2408,南亞科,128,17,111,凱基-敦北,2023-11-28,9237
6173,信昌電,30,0,30,凱基-敦北,2023-11-28,9237
4114,健喬,23,0,23,凱基-敦北,2023-11-28,9237
00919,群益台灣精選高息,22,0,22,凱基-敦北,2023-11-28,9237
3078,僑威,22,0,22,凱基-敦北,2023-11-28,9237
2439,美律,20,0,20,凱基-敦北,2023-11-28,9237
00720B,元大投資級公司債,18,0,18,凱基-敦北,2023-11-28,9237
00900,富邦特選高股息30,21,5,16,凱基-敦北,2023-11-28,9237
6245,立端,22,6,16,凱基-敦北,2023-11-28,9237
3266,昇陽,14,0,14,凱基-敦北,2023-11-28,9237
3305,昇貿,15,3,12,凱基-敦北,2023-11-28,9237
2887,台新金,11,0,11,凱基-敦北,2023-11-28,9237
6538,倉和,12,1,11,凱基-敦北,2023-11-28,9237
8028,昇陽半導體,11,0,11,凱基-敦北,2023-11-28,9237
2609,陽明,11,0,11,凱基-敦北,2023-11-28,9237
1449,佳和,15,5,10,凱基-敦北,2023-11-28,9237
00632R,元大台灣50反1,10,0,10,凱基-敦北,2023-11-28,9237
1802,台玻,10,0,10,凱基-敦北,2023-11-28,9237
6414,樺漢,10,0,10,凱基-敦北,2023-11-28,9237
6462,神盾,18,8,10,凱基-敦北,2023-11-28,9237
00637L,元大滬深300正2,9,0,9,凱基-敦北,2023-11-28,9237
9919,康那香,9,0,9,凱基-敦北,2023-11-28,9237
3362,先進光,8,0,8,凱基-敦北,2023-11-28,9237
6446,藥華藥,10,2,8,凱基-敦北,2023-11-28,9237
1102,亞泥,8,1,7,凱基-敦北,2023-11-28,9237
3231,緯創,10,3,7,凱基-敦北,2023-11-28,9237
5251,天鉞電,12,6,6,凱基-敦北,2023-11-28,9237
6901,鑽石投資,6,0,6,凱基-敦北,2023-11-28,9237
9103,美德醫療-DR,6,0,6,凱基-敦北,2023-11-28,9237
1720,生達,5,0,5,凱基-敦北,2023-11-28,9237
00683L,期元大美元指正2,5,0,5,凱基-敦北,2023-11-28,9237
00752,中信中國50,5,0,5,凱基-敦北,2023-11-28,9237
2402,毅嘉,5,0,5,凱基-敦北,2023-11-28,9237
5258,虹堡,11,6,5,凱基-敦北,2023-11-28,9237
6282,康舒,5,0,5,凱基-敦北,2023-11-28,9237
6485,點序,5,0,5,凱基-敦北,2023-11-28,9237
00715L,期街口布蘭特正2,4,0,4,凱基-敦北,2023-11-28,9237
1752,南光,4,0,4,凱基-敦北,2023-11-28,9237
1762,中化生,4,0,4,凱基-敦北,2023-11-28,9237
2233,宇隆,4,0,4,凱基-敦北,2023-11-28,9237
2356,英業達,4,0,4,凱基-敦北,2023-11-28,9237
2515,中工,4,0,4,凱基-敦北,2023-11-28,9237
3511,矽瑪,4,0,4,凱基-敦北,2023-11-28,9237
5347,世界,4,0,4,凱基-敦北,2023-11-28,9237
5508,永信建,4,0,4,凱基-敦北,2023-11-28,9237
5512,力麒,4,0,4,凱基-敦北,2023-11-28,9237
6270,倍微,4,0,4,凱基-敦北,2023-11-28,9237
6922,宸曜,4,0,4,凱基-敦北,2023-11-28,9237
8476,台境*,4,0,4,凱基-敦北,2023-11-28,9237
8478,東哥遊艇,4,0,4,凱基-敦北,2023-11-28,9237
2408,南亞科,155,75,80,凱基-敦北,2023-11-29,9237
2338,光罩,78,0,78,凱基-敦北,2023-11-29,9237
2369,菱生,125,60,65,凱基-敦北,2023-11-29,9237
00687B,國泰20年美債,44,1,43,凱基-敦北,2023-11-29,9237
3374,精材,40,1,39,凱基-敦北,2023-11-29,9237
00637L,元大滬深300正2,33,0,33,凱基-敦北,2023-11-29,9237
4908,前鼎,33,1,32,凱基-敦北,2023-11-29,9237
5533,皇鼎,25,0,25,凱基-敦北,2023-11-29,9237
6485,點序,63,38,25,凱基-敦北,2023-11-29,9237
00662,富邦NASDAQ,20,0,20,凱基-敦北,2023-11-29,9237
2633,台灣高鐵,17,0,17,凱基-敦北,2023-11-29,9237
2891,中信金,24,7,17,凱基-敦北,2023-11-29,9237
2606,裕民,14,0,14,凱基-敦北,2023-11-29,9237
8261,富鼎,18,6,12,凱基-敦北,2023-11-29,9237
8299,群聯,12,0,12,凱基-敦北,2023-11-29,9237
1618,合機,11,0,11,凱基-敦北,2023-11-29,9237
3231,緯創,21,11,10,凱基-敦北,2023-11-29,9237
00753L,中信中國50正2,10,0,10,凱基-敦北,2023-11-29,9237
2887,台新金,10,0,10,凱基-敦北,2023-11-29,9237
5009,榮剛,10,0,10,凱基-敦北,2023-11-29,9237
6143,振曜,10,0,10,凱基-敦北,2023-11-29,9237
6829,千附精密,10,0,10,凱基-敦北,2023-11-29,9237
8163,達方,10,0,10,凱基-敦北,2023-11-29,9237
2382,廣達,20,10,10,凱基-敦北,2023-11-29,9237
00882,中信中國高股息,9,0,9,凱基-敦北,2023-11-29,9237
00713,元大台灣高息低波,9,0,9,凱基-敦北,2023-11-29,9237
1584,精剛,10,1,9,凱基-敦北,2023-11-29,9237
3147,大綜,9,0,9,凱基-敦北,2023-11-29,9237
5475,德宏,9,0,9,凱基-敦北,2023-11-29,9237
4167,松瑞藥,10,2,8,凱基-敦北,2023-11-29,9237
00936,台新永續高息中小,10,2,8,凱基-敦北,2023-11-29,9237
2610,華航,9,1,8,凱基-敦北,2023-11-29,9237
1446,宏和,7,0,7,凱基-敦北,2023-11-29,9237
2449,京元電子,11,5,6,凱基-敦北,2023-11-29,9237
2540,愛山林,6,0,6,凱基-敦北,2023-11-29,9237
9927,泰銘,6,0,6,凱基-敦北,2023-11-29,9237
1314,中石化,5,0,5,凱基-敦北,2023-11-29,9237
00719B,元大美債1-3,5,0,5,凱基-敦北,2023-11-29,9237
00671R,富邦NASDAQ反1,5,0,5,凱基-敦北,2023-11-29,9237
1474,弘裕,5,0,5,凱基-敦北,2023-11-29,9237
2399,映泰,5,0,5,凱基-敦北,2023-11-29,9237
2515,中工,5,0,5,凱基-敦北,2023-11-29,9237
2816,旺旺保,5,0,5,凱基-敦北,2023-11-29,9237
2867,三商壽,10,5,5,凱基-敦北,2023-11-29,9237
3530,晶相光,8,3,5,凱基-敦北,2023-11-29,9237
6190,萬泰科,5,0,5,凱基-敦北,2023-11-29,9237
00751B,元大AAA至A公司債,4,0,4,凱基-敦北,2023-11-29,9237
00665L,富邦�琤肭磪囓�2,4,0,4,凱基-敦北,2023-11-29,9237
3122,笙泉,7,3,4,凱基-敦北,2023-11-29,9237
4714,永捷,4,0,4,凱基-敦北,2023-11-29,9237
2501,國建,68,0,68,凱基-敦北,2023-11-30,9237
5876,上海商銀,50,0,50,凱基-敦北,2023-11-30,9237
6233,旺玖,50,0,50,凱基-敦北,2023-11-30,9237
2409,友達,31,0,31,凱基-敦北,2023-11-30,9237
6271,同欣電,30,0,30,凱基-敦北,2023-11-30,9237
2303,聯電,33,10,23,凱基-敦北,2023-11-30,9237
4956,光鋐,32,9,23,凱基-敦北,2023-11-30,9237
4967,十銓,66,44,22,凱基-敦北,2023-11-30,9237
4503,金雨,20,0,20,凱基-敦北,2023-11-30,9237
5452,佶優,20,0,20,凱基-敦北,2023-11-30,9237
6538,倉和,29,13,16,凱基-敦北,2023-11-30,9237
00922,國泰台灣領袖50,15,0,15,凱基-敦北,2023-11-30,9237
5309,系統電,15,0,15,凱基-敦北,2023-11-30,9237
00878,國泰永續高股息,14,0,14,凱基-敦北,2023-11-30,9237
8299,群聯,14,1,13,凱基-敦北,2023-11-30,9237
2457,飛宏,30,19,11,凱基-敦北,2023-11-30,9237
3444,利機,11,0,11,凱基-敦北,2023-11-30,9237
00923,群益台ESG低碳50,10,0,10,凱基-敦北,2023-11-30,9237
00930,永豐ESG低碳高息,10,0,10,凱基-敦北,2023-11-30,9237
1605,華新,10,0,10,凱基-敦北,2023-11-30,9237
2323,中環,10,0,10,凱基-敦北,2023-11-30,9237
2439,美律,10,0,10,凱基-敦北,2023-11-30,9237
2459,敦吉,10,0,10,凱基-敦北,2023-11-30,9237
3374,精材,20,10,10,凱基-敦北,2023-11-30,9237
6115,鎰勝,10,0,10,凱基-敦北,2023-11-30,9237
6147,頎邦,10,0,10,凱基-敦北,2023-11-30,9237
6245,立端,14,5,9,凱基-敦北,2023-11-30,9237
2633,台灣高鐵,11,3,8,凱基-敦北,2023-11-30,9237
00720B,元大投資級公司債,9,2,7,凱基-敦北,2023-11-30,9237
00929,復華台灣科技優息,13,6,7,凱基-敦北,2023-11-30,9237
2368,金像電,27,20,7,凱基-敦北,2023-11-30,9237
1514,亞力,11,5,6,凱基-敦北,2023-11-30,9237
00936,台新永續高息中小,6,0,6,凱基-敦北,2023-11-30,9237
8261,富鼎,13,7,6,凱基-敦北,2023-11-30,9237
1618,合機,7,2,5,凱基-敦北,2023-11-30,9237
2107,厚生,5,0,5,凱基-敦北,2023-11-30,9237
2211,長榮鋼,5,0,5,凱基-敦北,2023-11-30,9237
2515,中工,5,0,5,凱基-敦北,2023-11-30,9237
2887,台新金,5,0,5,凱基-敦北,2023-11-30,9237
4979,華星光,5,0,5,凱基-敦北,2023-11-30,9237
00751B,元大AAA至A公司債,6,2,4,凱基-敦北,2023-11-30,9237
1102,亞泥,5,1,4,凱基-敦北,2023-11-30,9237
1446,宏和,4,0,4,凱基-敦北,2023-11-30,9237
2301,光寶科,6,2,4,凱基-敦北,2023-11-30,9237
6462,神盾,12,8,4,凱基-敦北,2023-11-30,9237
8358,金居,4,0,4,凱基-敦北,2023-11-30,9237
8112,至上,3,0,3,凱基-敦北,2023-11-30,9237
00935,野村臺灣新科技50,3,0,3,凱基-敦北,2023-11-30,9237
2344,華邦電,4,1,3,凱基-敦北,2023-11-30,9237
2540,愛山林,3,0,3,凱基-敦北,2023-11-30,9237
4967,十銓,76,32,44,凱基-敦北,2023-12-01,9237
00919,群益台灣精選高息,38,0,38,凱基-敦北,2023-12-01,9237
2409,友達,30,2,28,凱基-敦北,2023-12-01,9237
2002,中鋼,23,1,22,凱基-敦北,2023-12-01,9237
6237,驊訊,40,19,21,凱基-敦北,2023-12-01,9237
00929,復華台灣科技優息,35,15,20,凱基-敦北,2023-12-01,9237
2476,鉅祥,20,0,20,凱基-敦北,2023-12-01,9237
6505,台塑化,20,0,20,凱基-敦北,2023-12-01,9237
00679B,元大美債20年,19,2,17,凱基-敦北,2023-12-01,9237
2891,中信金,17,0,17,凱基-敦北,2023-12-01,9237
2338,光罩,72,57,15,凱基-敦北,2023-12-01,9237
5351,鈺創,15,0,15,凱基-敦北,2023-12-01,9237
6752,叡揚,15,0,15,凱基-敦北,2023-12-01,9237
6805,富世達,14,0,14,凱基-敦北,2023-12-01,9237
6117,迎廣,27,15,12,凱基-敦北,2023-12-01,9237
1568,倉佑,10,0,10,凱基-敦北,2023-12-01,9237
1605,華新,10,0,10,凱基-敦北,2023-12-01,9237
3362,先進光,10,0,10,凱基-敦北,2023-12-01,9237
5519,隆大,10,0,10,凱基-敦北,2023-12-01,9237
9943,好樂迪,10,0,10,凱基-敦北,2023-12-01,9237
2745,五福,9,0,9,凱基-敦北,2023-12-01,9237
2883,凱基金,10,1,9,凱基-敦北,2023-12-01,9237
2881,富邦金,10,1,9,凱基-敦北,2023-12-01,9237
2317,鴻海,12,4,8,凱基-敦北,2023-12-01,9237
00722B,群益投資級電信債,8,0,8,凱基-敦北,2023-12-01,9237
2408,南亞科,10,2,8,凱基-敦北,2023-12-01,9237
1513,中興電,10,3,7,凱基-敦北,2023-12-01,9237
6625,必應,7,0,7,凱基-敦北,2023-12-01,9237
5425,台半,11,5,6,凱基-敦北,2023-12-01,9237
2887,台新金,6,0,6,凱基-敦北,2023-12-01,9237
3041,揚智,15,9,6,凱基-敦北,2023-12-01,9237
3363,上詮,18,12,6,凱基-敦北,2023-12-01,9237
3707,漢磊,6,0,6,凱基-敦北,2023-12-01,9237
6213,聯茂,6,0,6,凱基-敦北,2023-12-01,9237
00720B,元大投資級公司債,5,0,5,凱基-敦北,2023-12-01,9237
00687B,國泰20年美債,5,0,5,凱基-敦北,2023-12-01,9237
1504,東元,5,0,5,凱基-敦北,2023-12-01,9237
1312,國喬,5,0,5,凱基-敦北,2023-12-01,9237
1802,台玻,5,0,5,凱基-敦北,2023-12-01,9237
3260,威剛,6,1,5,凱基-敦北,2023-12-01,9237
3450,聯鈞,19,14,5,凱基-敦北,2023-12-01,9237
4114,健喬,11,6,5,凱基-敦北,2023-12-01,9237
8034,榮群,5,0,5,凱基-敦北,2023-12-01,9237
2457,飛宏,6,2,4,凱基-敦北,2023-12-01,9237
00637L,元大滬深300正2,4,0,4,凱基-敦北,2023-12-01,9237
2031,新光鋼,6,2,4,凱基-敦北,2023-12-01,9237
2405,輔信,5,1,4,凱基-敦北,2023-12-01,9237
2882,國泰金,4,0,4,凱基-敦北,2023-12-01,9237
3051,力特,6,2,4,凱基-敦北,2023-12-01,9237
4167,松瑞藥,22,18,4,凱基-敦北,2023-12-01,9237
00929,復華台灣科技優息,222,37,185,凱基-敦北,2023-12-04,9237
4967,十銓,154,6,148,凱基-敦北,2023-12-04,9237
2637,慧洋-KY,115,9,106,凱基-敦北,2023-12-04,9237
2609,陽明,107,15,92,凱基-敦北,2023-12-04,9237
9945,潤泰新,75,2,73,凱基-敦北,2023-12-04,9237
3645,達邁,69,0,69,凱基-敦北,2023-12-04,9237
2601,益航,60,12,48,凱基-敦北,2023-12-04,9237
1612,宏泰,32,0,32,凱基-敦北,2023-12-04,9237
00919,群益台灣精選高息,32,2,30,凱基-敦北,2023-12-04,9237
1605,華新,25,1,24,凱基-敦北,2023-12-04,9237
4979,華星光,31,8,23,凱基-敦北,2023-12-04,9237
6282,康舒,23,1,22,凱基-敦北,2023-12-04,9237
1514,亞力,24,2,22,凱基-敦北,2023-12-04,9237
00753L,中信中國50正2,20,0,20,凱基-敦北,2023-12-04,9237
1708,東鹼,20,0,20,凱基-敦北,2023-12-04,9237
1815,富喬,20,0,20,凱基-敦北,2023-12-04,9237
2352,佳世達,24,4,20,凱基-敦北,2023-12-04,9237
2368,金像電,40,20,20,凱基-敦北,2023-12-04,9237
4934,太極,20,0,20,凱基-敦北,2023-12-04,9237
3706,神達,32,13,19,凱基-敦北,2023-12-04,9237
2883,凱基金,20,2,18,凱基-敦北,2023-12-04,9237
3704,合勤控,21,4,17,凱基-敦北,2023-12-04,9237
2834,臺企銀,24,8,16,凱基-敦北,2023-12-04,9237
3017,奇鋐,18,2,16,凱基-敦北,2023-12-04,9237
5426,振發,16,0,16,凱基-敦北,2023-12-04,9237
8028,昇陽半導體,15,0,15,凱基-敦北,2023-12-04,9237
3231,緯創,46,33,13,凱基-敦北,2023-12-04,9237
00720B,元大投資級公司債,13,0,13,凱基-敦北,2023-12-04,9237
1504,東元,12,0,12,凱基-敦北,2023-12-04,9237
6216,居易,12,0,12,凱基-敦北,2023-12-04,9237
8210,勤誠,14,2,12,凱基-敦北,2023-12-04,9237
5533,皇鼎,18,7,11,凱基-敦北,2023-12-04,9237
2027,大成鋼,26,16,10,凱基-敦北,2023-12-04,9237
2745,五福,10,0,10,凱基-敦北,2023-12-04,9237
2439,美律,10,1,9,凱基-敦北,2023-12-04,9237
2615,萬海,11,3,8,凱基-敦北,2023-12-04,9237
4164,承業醫,8,0,8,凱基-敦北,2023-12-04,9237
00915,凱基優選高股息30,7,0,7,凱基-敦北,2023-12-04,9237
00712,復華富時不動產,9,2,7,凱基-敦北,2023-12-04,9237
2634,漢翔,7,0,7,凱基-敦北,2023-12-04,9237
6125,廣運,17,10,7,凱基-敦北,2023-12-04,9237
6147,頎邦,7,0,7,凱基-敦北,2023-12-04,9237
6805,富世達,7,1,6,凱基-敦北,2023-12-04,9237
1522,堤維西,6,0,6,凱基-敦北,2023-12-04,9237
1102,亞泥,6,0,6,凱基-敦北,2023-12-04,9237
1802,台玻,9,3,6,凱基-敦北,2023-12-04,9237
2408,南亞科,6,0,6,凱基-敦北,2023-12-04,9237
3041,揚智,9,3,6,凱基-敦北,2023-12-04,9237
2457,飛宏,25,19,6,凱基-敦北,2023-12-04,9237
00692,富邦公司治理,5,0,5,凱基-敦北,2023-12-04,9237
00919,群益台灣精選高息,58,1,57,凱基-敦北,2023-12-05,9237
00712,復華富時不動產,56,0,56,凱基-敦北,2023-12-05,9237
1586,和勤,65,10,55,凱基-敦北,2023-12-05,9237
2408,南亞科,51,0,51,凱基-敦北,2023-12-05,9237
00929,復華台灣科技優息,50,1,49,凱基-敦北,2023-12-05,9237
3078,僑威,50,4,46,凱基-敦北,2023-12-05,9237
2618,長榮航,43,2,41,凱基-敦北,2023-12-05,9237
00687B,國泰20年美債,41,5,36,凱基-敦北,2023-12-05,9237
3051,力特,112,77,35,凱基-敦北,2023-12-05,9237
1513,中興電,91,58,33,凱基-敦北,2023-12-05,9237
2368,金像電,43,12,31,凱基-敦北,2023-12-05,9237
2612,中航,33,3,30,凱基-敦北,2023-12-05,9237
2887,台新金,26,0,26,凱基-敦北,2023-12-05,9237
2417,圓剛,25,0,25,凱基-敦北,2023-12-05,9237
9938,百和,22,0,22,凱基-敦北,2023-12-05,9237
2606,裕民,60,38,22,凱基-敦北,2023-12-05,9237
2603,長榮,23,2,21,凱基-敦北,2023-12-05,9237
3305,昇貿,20,0,20,凱基-敦北,2023-12-05,9237
3701,大眾控,20,0,20,凱基-敦北,2023-12-05,9237
2637,慧洋-KY,21,2,19,凱基-敦北,2023-12-05,9237
2641,正德,46,28,18,凱基-敦北,2023-12-05,9237
6830,汎銓,18,0,18,凱基-敦北,2023-12-05,9237
3162,精確,16,0,16,凱基-敦北,2023-12-05,9237
4979,華星光,36,20,16,凱基-敦北,2023-12-05,9237
4956,光鋐,14,0,14,凱基-敦北,2023-12-05,9237
4167,松瑞藥,13,0,13,凱基-敦北,2023-12-05,9237
3231,緯創,16,3,13,凱基-敦北,2023-12-05,9237
00751B,元大AAA至A公司債,12,0,12,凱基-敦北,2023-12-05,9237
6558,興能高,12,0,12,凱基-敦北,2023-12-05,9237
2601,益航,15,4,11,凱基-敦北,2023-12-05,9237
00680L,元大美債20正2,11,0,11,凱基-敦北,2023-12-05,9237
1321,大洋,10,0,10,凱基-敦北,2023-12-05,9237
2745,五福,10,0,10,凱基-敦北,2023-12-05,9237
6491,晶碩,10,0,10,凱基-敦北,2023-12-05,9237
8996,高力,18,8,10,凱基-敦北,2023-12-05,9237
00918,大華優利高填息30,9,0,9,凱基-敦北,2023-12-05,9237
1605,華新,12,3,9,凱基-敦北,2023-12-05,9237
2882,國泰金,8,0,8,凱基-敦北,2023-12-05,9237
00720B,元大投資級公司債,9,1,8,凱基-敦北,2023-12-05,9237
1477,聚陽,8,0,8,凱基-敦北,2023-12-05,9237
2344,華邦電,8,0,8,凱基-敦北,2023-12-05,9237
2371,大同,8,0,8,凱基-敦北,2023-12-05,9237
2834,臺企銀,8,0,8,凱基-敦北,2023-12-05,9237
6234,高僑,8,0,8,凱基-敦北,2023-12-05,9237
00915,凱基優選高股息30,7,0,7,凱基-敦北,2023-12-05,9237
3481,群創,17,10,7,凱基-敦北,2023-12-05,9237
2492,華新科,14,7,7,凱基-敦北,2023-12-05,9237
8081,致新,7,0,7,凱基-敦北,2023-12-05,9237
2615,萬海,6,0,6,凱基-敦北,2023-12-05,9237
00878,國泰永續高股息,8,2,6,凱基-敦北,2023-12-05,9237
3715,定穎投控,90,5,85,凱基-敦北,2023-12-06,9237
00919,群益台灣精選高息,53,0,53,凱基-敦北,2023-12-06,9237
00688L,國泰20年美債正2,50,0,50,凱基-敦北,2023-12-06,9237
2425,承啟,54,4,50,凱基-敦北,2023-12-06,9237
6271,同欣電,52,2,50,凱基-敦北,2023-12-06,9237
3450,聯鈞,49,10,39,凱基-敦北,2023-12-06,9237
2637,慧洋-KY,37,0,37,凱基-敦北,2023-12-06,9237
6558,興能高,26,0,26,凱基-敦北,2023-12-06,9237
2641,正德,25,0,25,凱基-敦北,2023-12-06,9237
6120,達運,22,0,22,凱基-敦北,2023-12-06,9237
00720B,元大投資級公司債,25,5,20,凱基-敦北,2023-12-06,9237
00637L,元大滬深300正2,20,1,19,凱基-敦北,2023-12-06,9237
6274,台燿,52,33,19,凱基-敦北,2023-12-06,9237
00687B,國泰20年美債,37,19,18,凱基-敦北,2023-12-06,9237
00679B,元大美債20年,26,11,15,凱基-敦北,2023-12-06,9237
4956,光鋐,14,0,14,凱基-敦北,2023-12-06,9237
5347,世界,12,0,12,凱基-敦北,2023-12-06,9237
2606,裕民,11,1,10,凱基-敦北,2023-12-06,9237
1326,台化,10,0,10,凱基-敦北,2023-12-06,9237
00937B,群益ESG投等債20,25,15,10,凱基-敦北,2023-12-06,9237
2332,友訊,15,5,10,凱基-敦北,2023-12-06,9237
2338,光罩,10,0,10,凱基-敦北,2023-12-06,9237
2453,凌群,10,0,10,凱基-敦北,2023-12-06,9237
3617,碩天,10,0,10,凱基-敦北,2023-12-06,9237
6176,瑞儀,10,0,10,凱基-敦北,2023-12-06,9237
8028,昇陽半導體,10,0,10,凱基-敦北,2023-12-06,9237
2367,燿華,96,87,9,凱基-敦北,2023-12-06,9237
00929,復華台灣科技優息,16,7,9,凱基-敦北,2023-12-06,9237
2634,漢翔,10,1,9,凱基-敦北,2023-12-06,9237
6188,廣明,9,0,9,凱基-敦北,2023-12-06,9237
2355,敬鵬,19,11,8,凱基-敦北,2023-12-06,9237
00751B,元大AAA至A公司債,8,0,8,凱基-敦北,2023-12-06,9237
6234,高僑,8,0,8,凱基-敦北,2023-12-06,9237
2605,新興,13,5,8,凱基-敦北,2023-12-06,9237
2402,毅嘉,13,6,7,凱基-敦北,2023-12-06,9237
6830,汎銓,7,0,7,凱基-敦北,2023-12-06,9237
1504,東元,8,2,6,凱基-敦北,2023-12-06,9237
2542,興富發,6,0,6,凱基-敦北,2023-12-06,9237
00680L,元大美債20正2,5,0,5,凱基-敦北,2023-12-06,9237
2371,大同,5,0,5,凱基-敦北,2023-12-06,9237
1314,中石化,5,0,5,凱基-敦北,2023-12-06,9237
1321,大洋,5,0,5,凱基-敦北,2023-12-06,9237
00671R,富邦NASDAQ反1,5,0,5,凱基-敦北,2023-12-06,9237
1815,富喬,13,8,5,凱基-敦北,2023-12-06,9237
2387,精元,5,0,5,凱基-敦北,2023-12-06,9237
3362,先進光,5,0,5,凱基-敦北,2023-12-06,9237
3622,洋華,5,0,5,凱基-敦北,2023-12-06,9237
6446,藥華藥,5,0,5,凱基-敦北,2023-12-06,9237
6806,森崴能源,5,0,5,凱基-敦北,2023-12-06,9237
00772B,中信高評級公司債,4,0,4,凱基-敦北,2023-12-06,9237
00919,群益台灣精選高息,71,2,69,凱基-敦北,2023-12-07,9237
9945,潤泰新,90,30,60,凱基-敦北,2023-12-07,9237
1513,中興電,59,6,53,凱基-敦北,2023-12-07,9237
1815,富喬,50,0,50,凱基-敦北,2023-12-07,9237
1324,地球,47,1,46,凱基-敦北,2023-12-07,9237
3078,僑威,40,0,40,凱基-敦北,2023-12-07,9237
00712,復華富時不動產,35,0,35,凱基-敦北,2023-12-07,9237
6235,華孚,27,1,26,凱基-敦北,2023-12-07,9237
3041,揚智,28,6,22,凱基-敦北,2023-12-07,9237
5009,榮剛,65,43,22,凱基-敦北,2023-12-07,9237
00632R,元大台灣50反1,21,0,21,凱基-敦北,2023-12-07,9237
00680L,元大美債20正2,68,47,21,凱基-敦北,2023-12-07,9237
2374,佳能,21,0,21,凱基-敦北,2023-12-07,9237
00679B,元大美債20年,22,2,20,凱基-敦北,2023-12-07,9237
6243,迅杰,20,1,19,凱基-敦北,2023-12-07,9237
00687B,國泰20年美債,28,12,16,凱基-敦北,2023-12-07,9237
00722B,群益投資級電信債,15,0,15,凱基-敦北,2023-12-07,9237
00720B,元大投資級公司債,17,2,15,凱基-敦北,2023-12-07,9237
1477,聚陽,15,0,15,凱基-敦北,2023-12-07,9237
6122,擎邦,15,0,15,凱基-敦北,2023-12-07,9237
6112,邁達特,16,2,14,凱基-敦北,2023-12-07,9237
6104,創惟,13,0,13,凱基-敦北,2023-12-07,9237
00751B,元大AAA至A公司債,11,0,11,凱基-敦北,2023-12-07,9237
1321,大洋,10,0,10,凱基-敦北,2023-12-07,9237
2017,官田鋼,10,0,10,凱基-敦北,2023-12-07,9237
2425,承啟,12,2,10,凱基-敦北,2023-12-07,9237
6414,樺漢,10,0,10,凱基-敦北,2023-12-07,9237
8996,高力,26,17,9,凱基-敦北,2023-12-07,9237
2367,燿華,18,9,9,凱基-敦北,2023-12-07,9237
3260,威剛,14,5,9,凱基-敦北,2023-12-07,9237
6233,旺玖,12,3,9,凱基-敦北,2023-12-07,9237
8210,勤誠,11,2,9,凱基-敦北,2023-12-07,9237
2834,臺企銀,8,0,8,凱基-敦北,2023-12-07,9237
6515,穎崴,10,2,8,凱基-敦北,2023-12-07,9237
9943,好樂迪,8,0,8,凱基-敦北,2023-12-07,9237
00882,中信中國高股息,7,0,7,凱基-敦北,2023-12-07,9237
1522,堤維西,121,114,7,凱基-敦北,2023-12-07,9237
1605,華新,16,9,7,凱基-敦北,2023-12-07,9237
1616,億泰,11,4,7,凱基-敦北,2023-12-07,9237
6226,光鼎,7,0,7,凱基-敦北,2023-12-07,9237
00934,中信成長高股息,6,0,6,凱基-敦北,2023-12-07,9237
00929,復華台灣科技優息,41,35,6,凱基-敦北,2023-12-07,9237
1514,亞力,18,12,6,凱基-敦北,2023-12-07,9237
2530,華建,6,0,6,凱基-敦北,2023-12-07,9237
3362,先進光,6,0,6,凱基-敦北,2023-12-07,9237
3706,神達,7,1,6,凱基-敦北,2023-12-07,9237
2355,敬鵬,10,5,5,凱基-敦北,2023-12-07,9237
2845,遠東銀,5,0,5,凱基-敦北,2023-12-07,9237
2887,台新金,5,0,5,凱基-敦北,2023-12-07,9237
6117,迎廣,11,6,5,凱基-敦北,2023-12-07,9237
00919,群益台灣精選高息,211,8,203,凱基-敦北,2023-12-08,9237
4967,十銓,145,42,103,凱基-敦北,2023-12-08,9237
4744,皇將,168,69,99,凱基-敦北,2023-12-08,9237
2888,新光金,61,0,61,凱基-敦北,2023-12-08,9237
5258,虹堡,50,0,50,凱基-敦北,2023-12-08,9237
00687B,國泰20年美債,37,0,37,凱基-敦北,2023-12-08,9237
00937B,群益ESG投等債20,23,0,23,凱基-敦北,2023-12-08,9237
3290,東浦,23,1,22,凱基-敦北,2023-12-08,9237
2376,技嘉,24,4,20,凱基-敦北,2023-12-08,9237
6282,康舒,20,0,20,凱基-敦北,2023-12-08,9237
3305,昇貿,20,0,20,凱基-敦北,2023-12-08,9237
1504,東元,15,0,15,凱基-敦北,2023-12-08,9237
00751B,元大AAA至A公司債,14,0,14,凱基-敦北,2023-12-08,9237
00720B,元大投資級公司債,16,2,14,凱基-敦北,2023-12-08,9237
3380,明泰,12,0,12,凱基-敦北,2023-12-08,9237
3675,德微,12,0,12,凱基-敦北,2023-12-08,9237
9943,好樂迪,12,0,12,凱基-敦北,2023-12-08,9237
1524,耿鼎,19,8,11,凱基-敦北,2023-12-08,9237
3231,緯創,20,9,11,凱基-敦北,2023-12-08,9237
1321,大洋,10,0,10,凱基-敦北,2023-12-08,9237
3607,谷崧,10,0,10,凱基-敦北,2023-12-08,9237
6116,彩晶,10,0,10,凱基-敦北,2023-12-08,9237
6278,台表科,10,0,10,凱基-敦北,2023-12-08,9237
6414,樺漢,10,0,10,凱基-敦北,2023-12-08,9237
6695,芯鼎,11,1,10,凱基-敦北,2023-12-08,9237
8028,昇陽半導體,10,0,10,凱基-敦北,2023-12-08,9237
00662,富邦NASDAQ,10,0,10,凱基-敦北,2023-12-08,9237
6188,廣明,9,0,9,凱基-敦北,2023-12-08,9237
00857B,永豐20年美公債,8,0,8,凱基-敦北,2023-12-08,9237
2606,裕民,9,1,8,凱基-敦北,2023-12-08,9237
6233,旺玖,8,0,8,凱基-敦北,2023-12-08,9237
00931B,統一美債20年,7,0,7,凱基-敦北,2023-12-08,9237
00752,中信中國50,7,0,7,凱基-敦北,2023-12-08,9237
7402,邑錡,7,0,7,凱基-敦北,2023-12-08,9237
2449,京元電子,8,2,6,凱基-敦北,2023-12-08,9237
4909,新復興,6,0,6,凱基-敦北,2023-12-08,9237
8034,榮群,6,0,6,凱基-敦北,2023-12-08,9237
2834,臺企銀,27,22,5,凱基-敦北,2023-12-08,9237
2887,台新金,5,0,5,凱基-敦北,2023-12-08,9237
3209,全科,5,0,5,凱基-敦北,2023-12-08,9237
8150,南茂,10,5,5,凱基-敦北,2023-12-08,9237
2637,慧洋-KY,10,6,4,凱基-敦北,2023-12-08,9237
2605,新興,14,10,4,凱基-敦北,2023-12-08,9237
2882,國泰金,8,5,3,凱基-敦北,2023-12-08,9237
1522,堤維西,5,2,3,凱基-敦北,2023-12-08,9237
1584,精剛,3,0,3,凱基-敦北,2023-12-08,9237
2360,致茂,3,0,3,凱基-敦北,2023-12-08,9237
2367,燿華,6,3,3,凱基-敦北,2023-12-08,9237
3042,晶技,3,0,3,凱基-敦北,2023-12-08,9237
3213,茂訊,3,0,3,凱基-敦北,2023-12-08,9237
00688L,國泰20年美債正2,150,0,150,凱基-敦北,2023-12-11,9237
2368,金像電,81,0,81,凱基-敦北,2023-12-11,9237
00753L,中信中國50正2,49,0,49,凱基-敦北,2023-12-11,9237
00919,群益台灣精選高息,54,7,47,凱基-敦北,2023-12-11,9237
1524,耿鼎,95,52,43,凱基-敦北,2023-12-11,9237
00937B,群益ESG投等債20,40,0,40,凱基-敦北,2023-12-11,9237
00882,中信中國高股息,36,0,36,凱基-敦北,2023-12-11,9237
3033,威健,30,0,30,凱基-敦北,2023-12-11,9237
2615,萬海,31,3,28,凱基-敦北,2023-12-11,9237
00929,復華台灣科技優息,25,2,23,凱基-敦北,2023-12-11,9237
00795B,中信美國公債20年,20,0,20,凱基-敦北,2023-12-11,9237
1806,冠軍,20,0,20,凱基-敦北,2023-12-11,9237
2014,中鴻,20,0,20,凱基-敦北,2023-12-11,9237
3481,群創,20,0,20,凱基-敦北,2023-12-11,9237
3617,碩天,20,0,20,凱基-敦北,2023-12-11,9237
3712,永崴投控,20,1,19,凱基-敦北,2023-12-11,9237
00712,復華富時不動產,20,2,18,凱基-敦北,2023-12-11,9237
2618,長榮航,17,0,17,凱基-敦北,2023-12-11,9237
9919,康那香,17,0,17,凱基-敦北,2023-12-11,9237
00878,國泰永續高股息,17,1,16,凱基-敦北,2023-12-11,9237
00915,凱基優選高股息30,15,0,15,凱基-敦北,2023-12-11,9237
6111,大宇資,15,1,14,凱基-敦北,2023-12-11,9237
2356,英業達,13,0,13,凱基-敦北,2023-12-11,9237
2889,國票金,13,0,13,凱基-敦北,2023-12-11,9237
3675,德微,13,1,12,凱基-敦北,2023-12-11,9237
2609,陽明,11,0,11,凱基-敦北,2023-12-11,9237
6805,富世達,11,0,11,凱基-敦北,2023-12-11,9237
00772B,中信高評級公司債,10,0,10,凱基-敦北,2023-12-11,9237
00696B,富邦美債20年,10,0,10,凱基-敦北,2023-12-11,9237
00933B,國泰10Y+金融債,10,0,10,凱基-敦北,2023-12-11,9237
1324,地球,10,0,10,凱基-敦北,2023-12-11,9237
2867,三商壽,10,0,10,凱基-敦北,2023-12-11,9237
6142,友勁,10,0,10,凱基-敦北,2023-12-11,9237
6282,康舒,31,21,10,凱基-敦北,2023-12-11,9237
8150,南茂,10,0,10,凱基-敦北,2023-12-11,9237
9945,潤泰新,30,20,10,凱基-敦北,2023-12-11,9237
2887,台新金,10,0,10,凱基-敦北,2023-12-11,9237
1603,華電,11,2,9,凱基-敦北,2023-12-11,9237
6284,佳邦,10,1,9,凱基-敦北,2023-12-11,9237
1325,恆大,8,0,8,凱基-敦北,2023-12-11,9237
8341,日友,8,0,8,凱基-敦北,2023-12-11,9237
00687B,國泰20年美債,7,0,7,凱基-敦北,2023-12-11,9237
2816,旺旺保,9,2,7,凱基-敦北,2023-12-11,9237
3209,全科,7,0,7,凱基-敦北,2023-12-11,9237
8227,巨有科技,26,19,7,凱基-敦北,2023-12-11,9237
00918,大華優利高填息30,7,0,7,凱基-敦北,2023-12-11,9237
1905,華紙,6,0,6,凱基-敦北,2023-12-11,9237
3169,亞信,7,1,6,凱基-敦北,2023-12-11,9237
6419,京晨科,8,2,6,凱基-敦北,2023-12-11,9237
2317,鴻海,6,1,5,凱基-敦北,2023-12-11,9237
2412,中華電,100,0,100,凱基-敦北,2023-12-12,9237
3019,亞光,57,0,57,凱基-敦北,2023-12-12,9237
3078,僑威,51,0,51,凱基-敦北,2023-12-12,9237
9945,潤泰新,50,0,50,凱基-敦北,2023-12-12,9237
00919,群益台灣精選高息,57,8,49,凱基-敦北,2023-12-12,9237
6282,康舒,40,0,40,凱基-敦北,2023-12-12,9237
9919,康那香,31,0,31,凱基-敦北,2023-12-12,9237
1795,美時,30,0,30,凱基-敦北,2023-12-12,9237
2337,旺宏,22,0,22,凱基-敦北,2023-12-12,9237
00712,復華富時不動產,20,1,19,凱基-敦北,2023-12-12,9237
2637,慧洋-KY,19,0,19,凱基-敦北,2023-12-12,9237
00751B,元大AAA至A公司債,18,0,18,凱基-敦北,2023-12-12,9237
8112,至上,32,14,18,凱基-敦北,2023-12-12,9237
4979,華星光,18,1,17,凱基-敦北,2023-12-12,9237
00720B,元大投資級公司債,19,4,15,凱基-敦北,2023-12-12,9237
4967,十銓,40,25,15,凱基-敦北,2023-12-12,9237
00937B,群益ESG投等債20,14,0,14,凱基-敦北,2023-12-12,9237
2618,長榮航,30,17,13,凱基-敦北,2023-12-12,9237
2353,宏��,14,1,13,凱基-敦北,2023-12-12,9237
6111,大宇資,13,0,13,凱基-敦北,2023-12-12,9237
4744,皇將,11,0,11,凱基-敦北,2023-12-12,9237
00931B,統一美債20年,10,0,10,凱基-敦北,2023-12-12,9237
00738U,期元大道瓊白銀,10,0,10,凱基-敦北,2023-12-12,9237
00650L,復華香港正2,10,0,10,凱基-敦北,2023-12-12,9237
2344,華邦電,10,0,10,凱基-敦北,2023-12-12,9237
2745,五福,10,0,10,凱基-敦北,2023-12-12,9237
5309,系統電,40,30,10,凱基-敦北,2023-12-12,9237
00679B,元大美債20年,8,0,8,凱基-敦北,2023-12-12,9237
00857B,永豐20年美公債,8,0,8,凱基-敦北,2023-12-12,9237
3481,群創,7,1,6,凱基-敦北,2023-12-12,9237
2409,友達,8,2,6,凱基-敦北,2023-12-12,9237
00878,國泰永續高股息,13,7,6,凱基-敦北,2023-12-12,9237
1529,樂事綠能,6,0,6,凱基-敦北,2023-12-12,9237
3693,營邦,7,1,6,凱基-敦北,2023-12-12,9237
3706,神達,6,0,6,凱基-敦北,2023-12-12,9237
4933,友輝,6,0,6,凱基-敦北,2023-12-12,9237
6271,同欣電,6,0,6,凱基-敦北,2023-12-12,9237
6585,鼎基,6,0,6,凱基-敦北,2023-12-12,9237
5324,士開,6,0,6,凱基-敦北,2023-12-12,9237
00882,中信中國高股息,5,0,5,凱基-敦北,2023-12-12,9237
00687B,國泰20年美債,5,0,5,凱基-敦北,2023-12-12,9237
00633L,富邦上証正2,5,0,5,凱基-敦北,2023-12-12,9237
00923,群益台ESG低碳50,5,0,5,凱基-敦北,2023-12-12,9237
2049,上銀,5,0,5,凱基-敦北,2023-12-12,9237
2816,旺旺保,5,0,5,凱基-敦北,2023-12-12,9237
2882,國泰金,5,0,5,凱基-敦北,2023-12-12,9237
2888,新光金,8,3,5,凱基-敦北,2023-12-12,9237
3033,威健,5,0,5,凱基-敦北,2023-12-12,9237
3147,大綜,5,0,5,凱基-敦北,2023-12-12,9237
4414,如興,5,0,5,凱基-敦北,2023-12-12,9237
2371,大同,388,4,384,凱基-敦北,2023-12-13,9237
00919,群益台灣精選高息,270,4,266,凱基-敦北,2023-12-13,9237
00720B,元大投資級公司債,47,3,44,凱基-敦北,2023-12-13,9237
00918,大華優利高填息30,39,0,39,凱基-敦北,2023-12-13,9237
6830,汎銓,36,0,36,凱基-敦北,2023-12-13,9237
00637L,元大滬深300正2,29,0,29,凱基-敦北,2023-12-13,9237
3390,旭軟,30,2,28,凱基-敦北,2023-12-13,9237
8076,伍豐,27,0,27,凱基-敦北,2023-12-13,9237
1503,士電,26,0,26,凱基-敦北,2023-12-13,9237
00712,復華富時不動產,26,2,24,凱基-敦北,2023-12-13,9237
2206,三陽工業,20,0,20,凱基-敦北,2023-12-13,9237
2633,台灣高鐵,20,0,20,凱基-敦北,2023-12-13,9237
8112,至上,109,89,20,凱基-敦北,2023-12-13,9237
8916,光隆,20,0,20,凱基-敦北,2023-12-13,9237
00929,復華台灣科技優息,28,10,18,凱基-敦北,2023-12-13,9237
00751B,元大AAA至A公司債,18,0,18,凱基-敦北,2023-12-13,9237
4945,陞達科技,30,14,16,凱基-敦北,2023-12-13,9237
1326,台化,15,0,15,凱基-敦北,2023-12-13,9237
00882,中信中國高股息,15,0,15,凱基-敦北,2023-12-13,9237
8011,台通,16,1,15,凱基-敦北,2023-12-13,9237
8089,康全電訊,15,0,15,凱基-敦北,2023-12-13,9237
2387,精元,14,0,14,凱基-敦北,2023-12-13,9237
2402,毅嘉,14,0,14,凱基-敦北,2023-12-13,9237
6111,大宇資,19,5,14,凱基-敦北,2023-12-13,9237
9105,泰金寶-DR,14,0,14,凱基-敦北,2023-12-13,9237
2634,漢翔,12,1,11,凱基-敦北,2023-12-13,9237
3362,先進光,11,0,11,凱基-敦北,2023-12-13,9237
6235,華孚,28,17,11,凱基-敦北,2023-12-13,9237
8085,福華,11,0,11,凱基-敦北,2023-12-13,9237
2702,華園,11,0,11,凱基-敦北,2023-12-13,9237
9945,潤泰新,10,0,10,凱基-敦北,2023-12-13,9237
00933B,國泰10Y+金融債,10,0,10,凱基-敦北,2023-12-13,9237
2745,五福,10,0,10,凱基-敦北,2023-12-13,9237
8213,志超,10,0,10,凱基-敦北,2023-12-13,9237
6104,創惟,19,10,9,凱基-敦北,2023-12-13,9237
2392,正崴,8,1,7,凱基-敦北,2023-12-13,9237
4979,華星光,7,0,7,凱基-敦北,2023-12-13,9237
2002,中鋼,6,0,6,凱基-敦北,2023-12-13,9237
2105,正新,6,0,6,凱基-敦北,2023-12-13,9237
3019,亞光,16,10,6,凱基-敦北,2023-12-13,9237
4919,新唐,6,0,6,凱基-敦北,2023-12-13,9237
5258,虹堡,5,0,5,凱基-敦北,2023-12-13,9237
00642U,期元大S＆P石油,5,0,5,凱基-敦北,2023-12-13,9237
2889,國票金,5,0,5,凱基-敦北,2023-12-13,9237
00935,野村臺灣新科技50,5,0,5,凱基-敦北,2023-12-13,9237
00671R,富邦NASDAQ反1,5,0,5,凱基-敦北,2023-12-13,9237
00687B,國泰20年美債,5,0,5,凱基-敦北,2023-12-13,9237
00679B,元大美債20年,5,0,5,凱基-敦北,2023-12-13,9237
2107,厚生,5,0,5,凱基-敦北,2023-12-13,9237
2201,裕隆,5,0,5,凱基-敦北,2023-12-13,9237
3481,群創,175,0,175,凱基-敦北,2023-12-14,9237
1809,中釉,100,0,100,凱基-敦北,2023-12-14,9237
2371,大同,53,1,52,凱基-敦北,2023-12-14,9237
3607,谷崧,50,0,50,凱基-敦北,2023-12-14,9237
2408,南亞科,50,1,49,凱基-敦北,2023-12-14,9237
00679B,元大美債20年,36,0,36,凱基-敦北,2023-12-14,9237
8089,康全電訊,34,1,33,凱基-敦北,2023-12-14,9237
2368,金像電,51,20,31,凱基-敦北,2023-12-14,9237
6683,雍智科技,41,10,31,凱基-敦北,2023-12-14,9237
00720B,元大投資級公司債,32,2,30,凱基-敦北,2023-12-14,9237
3712,永崴投控,40,10,30,凱基-敦北,2023-12-14,9237
6244,茂迪,30,0,30,凱基-敦北,2023-12-14,9237
8150,南茂,30,0,30,凱基-敦北,2023-12-14,9237
1513,中興電,34,6,28,凱基-敦北,2023-12-14,9237
00937B,群益ESG投等債20,31,4,27,凱基-敦北,2023-12-14,9237
3706,神達,25,2,23,凱基-敦北,2023-12-14,9237
9919,康那香,23,0,23,凱基-敦北,2023-12-14,9237
00687B,國泰20年美債,21,1,20,凱基-敦北,2023-12-14,9237
00933B,國泰10Y+金融債,18,0,18,凱基-敦北,2023-12-14,9237
2002,中鋼,16,0,16,凱基-敦北,2023-12-14,9237
3260,威剛,42,26,16,凱基-敦北,2023-12-14,9237
4979,華星光,20,5,15,凱基-敦北,2023-12-14,9237
6691,洋基工程,21,6,15,凱基-敦北,2023-12-14,9237
2359,所羅門,14,0,14,凱基-敦北,2023-12-14,9237
00637L,元大滬深300正2,11,0,11,凱基-敦北,2023-12-14,9237
1524,耿鼎,16,6,10,凱基-敦北,2023-12-14,9237
00915,凱基優選高股息30,10,0,10,凱基-敦北,2023-12-14,9237
3035,智原,15,5,10,凱基-敦北,2023-12-14,9237
6265,方土昶,10,0,10,凱基-敦北,2023-12-14,9237
00751B,元大AAA至A公司債,10,0,10,凱基-敦北,2023-12-14,9237
00934,中信成長高股息,10,0,10,凱基-敦北,2023-12-14,9237
1102,亞泥,10,0,10,凱基-敦北,2023-12-14,9237
8933,愛地雅,10,0,10,凱基-敦北,2023-12-14,9237
1514,亞力,11,2,9,凱基-敦北,2023-12-14,9237
2376,技嘉,15,6,9,凱基-敦北,2023-12-14,9237
3041,揚智,9,1,8,凱基-敦北,2023-12-14,9237
8034,榮群,8,0,8,凱基-敦北,2023-12-14,9237
00795B,中信美國公債20年,7,0,7,凱基-敦北,2023-12-14,9237
00918,大華優利高填息30,7,1,6,凱基-敦北,2023-12-14,9237
00671R,富邦NASDAQ反1,6,0,6,凱基-敦北,2023-12-14,9237
3006,晶豪科,10,4,6,凱基-敦北,2023-12-14,9237
6235,華孚,22,16,6,凱基-敦北,2023-12-14,9237
2377,微星,7,1,6,凱基-敦北,2023-12-14,9237
00662,富邦NASDAQ,5,0,5,凱基-敦北,2023-12-14,9237
1314,中石化,5,0,5,凱基-敦北,2023-12-14,9237
1815,富喬,5,0,5,凱基-敦北,2023-12-14,9237
3450,聯鈞,5,0,5,凱基-敦北,2023-12-14,9237
8410,森田,5,0,5,凱基-敦北,2023-12-14,9237
00885,富邦越南,4,0,4,凱基-敦北,2023-12-14,9237
00853B,統一美債10年Aa-,4,0,4,凱基-敦北,2023-12-14,9237
00706L,期元大S＆P日圓正2,250,0,250,凱基-敦北,2023-12-15,9237
00688L,國泰20年美債正2,150,0,150,凱基-敦北,2023-12-15,9237
00919,群益台灣精選高息,161,21,140,凱基-敦北,2023-12-15,9237
00929,復華台灣科技優息,153,27,126,凱基-敦北,2023-12-15,9237
2356,英業達,186,71,115,凱基-敦北,2023-12-15,9237
00712,復華富時不動產,104,30,74,凱基-敦北,2023-12-15,9237
00918,大華優利高填息30,55,5,50,凱基-敦北,2023-12-15,9237
00931B,統一美債20年,51,1,50,凱基-敦北,2023-12-15,9237
2609,陽明,52,7,45,凱基-敦北,2023-12-15,9237
00934,中信成長高股息,44,1,43,凱基-敦北,2023-12-15,9237
3390,旭軟,61,20,41,凱基-敦北,2023-12-15,9237
00687B,國泰20年美債,47,15,32,凱基-敦北,2023-12-15,9237
6683,雍智科技,45,13,32,凱基-敦北,2023-12-15,9237
00679B,元大美債20年,39,12,27,凱基-敦北,2023-12-15,9237
00720B,元大投資級公司債,33,6,27,凱基-敦北,2023-12-15,9237
00751B,元大AAA至A公司債,26,0,26,凱基-敦北,2023-12-15,9237
00878,國泰永續高股息,26,1,25,凱基-敦北,2023-12-15,9237
2027,大成鋼,23,2,21,凱基-敦北,2023-12-15,9237
2888,新光金,20,0,20,凱基-敦北,2023-12-15,9237
2368,金像電,39,20,19,凱基-敦北,2023-12-15,9237
3006,晶豪科,24,6,18,凱基-敦北,2023-12-15,9237
8034,榮群,17,0,17,凱基-敦北,2023-12-15,9237
00915,凱基優選高股息30,16,0,16,凱基-敦北,2023-12-15,9237
00900,富邦特選高股息30,24,9,15,凱基-敦北,2023-12-15,9237
2363,矽統,109,95,14,凱基-敦北,2023-12-15,9237
2404,漢唐,14,0,14,凱基-敦北,2023-12-15,9237
3260,威剛,43,31,12,凱基-敦北,2023-12-15,9237
4968,立積,15,3,12,凱基-敦北,2023-12-15,9237
1806,冠軍,10,0,10,凱基-敦北,2023-12-15,9237
2393,億光,10,0,10,凱基-敦北,2023-12-15,9237
3455,由田,10,0,10,凱基-敦北,2023-12-15,9237
2637,慧洋-KY,9,0,9,凱基-敦北,2023-12-15,9237
6113,亞矽,12,3,9,凱基-敦北,2023-12-15,9237
8255,朋程,10,1,9,凱基-敦北,2023-12-15,9237
3706,神達,10,2,8,凱基-敦北,2023-12-15,9237
4967,十銓,10,2,8,凱基-敦北,2023-12-15,9237
2337,旺宏,10,2,8,凱基-敦北,2023-12-15,9237
2382,廣達,8,1,7,凱基-敦北,2023-12-15,9237
3265,台星科,8,1,7,凱基-敦北,2023-12-15,9237
5515,建國,7,0,7,凱基-敦北,2023-12-15,9237
9958,世紀鋼,31,25,6,凱基-敦北,2023-12-15,9237
2402,毅嘉,6,0,6,凱基-敦北,2023-12-15,9237
1513,中興電,10,4,6,凱基-敦北,2023-12-15,9237
2454,聯發科,6,1,5,凱基-敦北,2023-12-15,9237
00637L,元大滬深300正2,11,6,5,凱基-敦北,2023-12-15,9237
2449,京元電子,7,2,5,凱基-敦北,2023-12-15,9237
2605,新興,5,0,5,凱基-敦北,2023-12-15,9237
2633,台灣高鐵,5,0,5,凱基-敦北,2023-12-15,9237
4755,三福化,5,0,5,凱基-敦北,2023-12-15,9237
6122,擎邦,5,0,5,凱基-敦北,2023-12-15,9237
00919,群益台灣精選高息,230,1,229,凱基-敦北,2023-12-18,9237
2603,長榮,170,45,125,凱基-敦北,2023-12-18,9237
3712,永崴投控,121,1,120,凱基-敦北,2023-12-18,9237
5009,榮剛,60,2,58,凱基-敦北,2023-12-18,9237
00878,國泰永續高股息,63,6,57,凱基-敦北,2023-12-18,9237
2023,燁輝,52,0,52,凱基-敦北,2023-12-18,9237
3305,昇貿,61,10,51,凱基-敦北,2023-12-18,9237
1809,中釉,50,3,47,凱基-敦北,2023-12-18,9237
2605,新興,50,3,47,凱基-敦北,2023-12-18,9237
2356,英業達,50,8,42,凱基-敦北,2023-12-18,9237
2618,長榮航,103,64,39,凱基-敦北,2023-12-18,9237
2615,萬海,36,4,32,凱基-敦北,2023-12-18,9237
3042,晶技,37,6,31,凱基-敦北,2023-12-18,9237
1321,大洋,29,0,29,凱基-敦北,2023-12-18,9237
6274,台燿,31,2,29,凱基-敦北,2023-12-18,9237
3645,達邁,28,0,28,凱基-敦北,2023-12-18,9237
8222,寶一,27,0,27,凱基-敦北,2023-12-18,9237
1727,中華化,31,7,24,凱基-敦北,2023-12-18,9237
8033,雷虎,21,0,21,凱基-敦北,2023-12-18,9237
8916,光隆,20,0,20,凱基-敦北,2023-12-18,9237
8112,至上,20,2,18,凱基-敦北,2023-12-18,9237
00720B,元大投資級公司債,17,0,17,凱基-敦北,2023-12-18,9237
2014,中鴻,28,11,17,凱基-敦北,2023-12-18,9237
3675,德微,19,2,17,凱基-敦北,2023-12-18,9237
6147,頎邦,17,0,17,凱基-敦北,2023-12-18,9237
4915,致伸,15,0,15,凱基-敦北,2023-12-18,9237
6752,叡揚,15,0,15,凱基-敦北,2023-12-18,9237
3390,旭軟,13,0,13,凱基-敦北,2023-12-18,9237
4967,十銓,25,12,13,凱基-敦北,2023-12-18,9237
2641,正德,14,2,12,凱基-敦北,2023-12-18,9237
2881,富邦金,12,0,12,凱基-敦北,2023-12-18,9237
2887,台新金,11,0,11,凱基-敦北,2023-12-18,9237
6113,亞矽,11,0,11,凱基-敦北,2023-12-18,9237
00753L,中信中國50正2,10,0,10,凱基-敦北,2023-12-18,9237
00688L,國泰20年美債正2,10,0,10,凱基-敦北,2023-12-18,9237
2031,新光鋼,10,0,10,凱基-敦北,2023-12-18,9237
2637,慧洋-KY,11,1,10,凱基-敦北,2023-12-18,9237
5306,桂盟,10,0,10,凱基-敦北,2023-12-18,9237
7402,邑錡,10,0,10,凱基-敦北,2023-12-18,9237
00712,復華富時不動產,11,2,9,凱基-敦北,2023-12-18,9237
00935,野村臺灣新科技50,8,0,8,凱基-敦北,2023-12-18,9237
00915,凱基優選高股息30,9,1,8,凱基-敦北,2023-12-18,9237
2027,大成鋼,9,1,8,凱基-敦北,2023-12-18,9237
5521,工信,9,1,8,凱基-敦北,2023-12-18,9237
6830,汎銓,8,0,8,凱基-敦北,2023-12-18,9237
2834,臺企銀,7,0,7,凱基-敦北,2023-12-18,9237
2913,農林,61,54,7,凱基-敦北,2023-12-18,9237
00931B,統一美債20年,6,0,6,凱基-敦北,2023-12-18,9237
1612,宏泰,5,0,5,凱基-敦北,2023-12-18,9237
2107,厚生,5,0,5,凱基-敦北,2023-12-18,9237
00919,群益台灣精選高息,126,8,118,凱基-敦北,2023-12-19,9237
1101,台泥,130,25,105,凱基-敦北,2023-12-19,9237
2618,長榮航,99,10,89,凱基-敦北,2023-12-19,9237
00929,復華台灣科技優息,71,2,69,凱基-敦北,2023-12-19,9237
00712,復華富時不動產,104,45,59,凱基-敦北,2023-12-19,9237
3479,安勤,52,0,52,凱基-敦北,2023-12-19,9237
5876,上海商銀,50,0,50,凱基-敦北,2023-12-19,9237
9945,潤泰新,60,10,50,凱基-敦北,2023-12-19,9237
1905,華紙,41,0,41,凱基-敦北,2023-12-19,9237
2353,宏��,121,83,38,凱基-敦北,2023-12-19,9237
00937B,群益ESG投等債20,32,0,32,凱基-敦北,2023-12-19,9237
3645,達邁,31,1,30,凱基-敦北,2023-12-19,9237
6235,華孚,32,2,30,凱基-敦北,2023-12-19,9237
4967,十銓,27,0,27,凱基-敦北,2023-12-19,9237
1809,中釉,30,5,25,凱基-敦北,2023-12-19,9237
00637L,元大滬深300正2,22,0,22,凱基-敦北,2023-12-19,9237
00934,中信成長高股息,20,0,20,凱基-敦北,2023-12-19,9237
6668,中揚光,20,0,20,凱基-敦北,2023-12-19,9237
3051,力特,20,1,19,凱基-敦北,2023-12-19,9237
2609,陽明,41,23,18,凱基-敦北,2023-12-19,9237
0056,元大高股息,23,6,17,凱基-敦北,2023-12-19,9237
00680L,元大美債20正2,55,40,15,凱基-敦北,2023-12-19,9237
2243,宏旭-KY,15,0,15,凱基-敦北,2023-12-19,9237
2887,台新金,15,0,15,凱基-敦北,2023-12-19,9237
3522,御嵿,15,0,15,凱基-敦北,2023-12-19,9237
7402,邑錡,15,0,15,凱基-敦北,2023-12-19,9237
8112,至上,20,6,14,凱基-敦北,2023-12-19,9237
2409,友達,14,0,14,凱基-敦北,2023-12-19,9237
00933B,國泰10Y+金融債,13,0,13,凱基-敦北,2023-12-19,9237
3231,緯創,17,5,12,凱基-敦北,2023-12-19,9237
2368,金像電,17,5,12,凱基-敦北,2023-12-19,9237
5258,虹堡,13,1,12,凱基-敦北,2023-12-19,9237
6456,GIS-KY,12,0,12,凱基-敦北,2023-12-19,9237
1513,中興電,14,3,11,凱基-敦北,2023-12-19,9237
00662,富邦NASDAQ,11,0,11,凱基-敦北,2023-12-19,9237
1321,大洋,11,0,11,凱基-敦北,2023-12-19,9237
3305,昇貿,10,0,10,凱基-敦北,2023-12-19,9237
00706L,期元大S＆P日圓正2,9,0,9,凱基-敦北,2023-12-19,9237
1605,華新,21,13,8,凱基-敦北,2023-12-19,9237
2834,臺企銀,8,0,8,凱基-敦北,2023-12-19,9237
2883,凱基金,8,0,8,凱基-敦北,2023-12-19,9237
6234,高僑,8,0,8,凱基-敦北,2023-12-19,9237
8081,致新,8,0,8,凱基-敦北,2023-12-19,9237
3035,智原,17,10,7,凱基-敦北,2023-12-19,9237
6532,瑞耘,7,0,7,凱基-敦北,2023-12-19,9237
00885,富邦越南,6,0,6,凱基-敦北,2023-12-19,9237
1612,宏泰,6,0,6,凱基-敦北,2023-12-19,9237
6147,頎邦,6,0,6,凱基-敦北,2023-12-19,9237
2603,長榮,24,18,6,凱基-敦北,2023-12-19,9237
2344,華邦電,6,0,6,凱基-敦北,2023-12-19,9237
2408,南亞科,150,11,139,凱基-敦北,2023-12-20,9237
2891,中信金,136,0,136,凱基-敦北,2023-12-20,9237
3450,聯鈞,110,0,110,凱基-敦北,2023-12-20,9237
00919,群益台灣精選高息,78,6,72,凱基-敦北,2023-12-20,9237
9945,潤泰新,35,0,35,凱基-敦北,2023-12-20,9237
2382,廣達,41,7,34,凱基-敦北,2023-12-20,9237
00751B,元大AAA至A公司債,29,2,27,凱基-敦北,2023-12-20,9237
00720B,元大投資級公司債,24,0,24,凱基-敦北,2023-12-20,9237
2889,國票金,22,0,22,凱基-敦北,2023-12-20,9237
1102,亞泥,20,0,20,凱基-敦北,2023-12-20,9237
6274,台燿,20,0,20,凱基-敦北,2023-12-20,9237
8112,至上,25,6,19,凱基-敦北,2023-12-20,9237
1504,東元,15,0,15,凱基-敦北,2023-12-20,9237
6284,佳邦,15,0,15,凱基-敦北,2023-12-20,9237
6719,力智,15,1,14,凱基-敦北,2023-12-20,9237
2387,精元,11,0,11,凱基-敦北,2023-12-20,9237
6204,艾華,11,0,11,凱基-敦北,2023-12-20,9237
00740B,富邦全球投等債,10,0,10,凱基-敦北,2023-12-20,9237
1605,華新,12,2,10,凱基-敦北,2023-12-20,9237
1905,華紙,11,1,10,凱基-敦北,2023-12-20,9237
2038,海光,10,0,10,凱基-敦北,2023-12-20,9237
6116,彩晶,10,0,10,凱基-敦北,2023-12-20,9237
6147,頎邦,11,1,10,凱基-敦北,2023-12-20,9237
6679,鈺太,10,0,10,凱基-敦北,2023-12-20,9237
00757,統一FANG+,10,2,8,凱基-敦北,2023-12-20,9237
2363,矽統,8,0,8,凱基-敦北,2023-12-20,9237
6104,創惟,8,0,8,凱基-敦北,2023-12-20,9237
00679B,元大美債20年,7,0,7,凱基-敦北,2023-12-20,9237
3260,威剛,9,2,7,凱基-敦北,2023-12-20,9237
2014,中鴻,10,4,6,凱基-敦北,2023-12-20,9237
2393,億光,6,0,6,凱基-敦北,2023-12-20,9237
2887,台新金,6,0,6,凱基-敦北,2023-12-20,9237
3211,順達,6,0,6,凱基-敦北,2023-12-20,9237
5457,宣德,6,0,6,凱基-敦北,2023-12-20,9237
1321,大洋,5,0,5,凱基-敦北,2023-12-20,9237
00935,野村臺灣新科技50,5,0,5,凱基-敦北,2023-12-20,9237
00885,富邦越南,5,0,5,凱基-敦北,2023-12-20,9237
00633L,富邦上証正2,5,0,5,凱基-敦北,2023-12-20,9237
00671R,富邦NASDAQ反1,5,0,5,凱基-敦北,2023-12-20,9237
1612,宏泰,5,0,5,凱基-敦北,2023-12-20,9237
2243,宏旭-KY,5,0,5,凱基-敦北,2023-12-20,9237
2401,凌陽,5,0,5,凱基-敦北,2023-12-20,9237
2419,仲琦,5,0,5,凱基-敦北,2023-12-20,9237
2809,京城銀,5,0,5,凱基-敦北,2023-12-20,9237
2834,臺企銀,21,16,5,凱基-敦北,2023-12-20,9237
2888,新光金,5,0,5,凱基-敦北,2023-12-20,9237
2913,農林,5,0,5,凱基-敦北,2023-12-20,9237
3402,漢科,5,1,4,凱基-敦北,2023-12-20,9237
2534,宏盛,4,0,4,凱基-敦北,2023-12-20,9237
2066,世德,4,0,4,凱基-敦北,2023-12-20,9237
00919,群益台灣精選高息,205,10,195,凱基-敦北,2023-12-21,9237
2331,精英,192,50,142,凱基-敦北,2023-12-21,9237
2371,大同,67,2,65,凱基-敦北,2023-12-21,9237
2605,新興,53,0,53,凱基-敦北,2023-12-21,9237
4967,十銓,67,20,47,凱基-敦北,2023-12-21,9237
1101,台泥,39,3,36,凱基-敦北,2023-12-21,9237
2882,國泰金,35,0,35,凱基-敦北,2023-12-21,9237
6830,汎銓,24,0,24,凱基-敦北,2023-12-21,9237
00937B,群益ESG投等債20,20,0,20,凱基-敦北,2023-12-21,9237
2903,遠百,20,0,20,凱基-敦北,2023-12-21,9237
3078,僑威,20,0,20,凱基-敦北,2023-12-21,9237
9945,潤泰新,20,0,20,凱基-敦北,2023-12-21,9237
00929,復華台灣科技優息,32,13,19,凱基-敦北,2023-12-21,9237
00933B,國泰10Y+金融債,17,0,17,凱基-敦北,2023-12-21,9237
6799,來頡,17,0,17,凱基-敦北,2023-12-21,9237
8033,雷虎,16,0,16,凱基-敦北,2023-12-21,9237
4968,立積,19,6,13,凱基-敦北,2023-12-21,9237
2382,廣達,41,28,13,凱基-敦北,2023-12-21,9237
00936,台新永續高息中小,11,0,11,凱基-敦北,2023-12-21,9237
00930,永豐ESG低碳高息,10,0,10,凱基-敦北,2023-12-21,9237
1321,大洋,10,0,10,凱基-敦北,2023-12-21,9237
1907,永豐餘,10,0,10,凱基-敦北,2023-12-21,9237
2312,金寶,12,2,10,凱基-敦北,2023-12-21,9237
3540,曜越,10,0,10,凱基-敦北,2023-12-21,9237
6668,中揚光,10,0,10,凱基-敦北,2023-12-21,9237
2344,華邦電,10,0,10,凱基-敦北,2023-12-21,9237
2356,英業達,42,33,9,凱基-敦北,2023-12-21,9237
2603,長榮,20,11,9,凱基-敦北,2023-12-21,9237
00882,中信中國高股息,11,2,9,凱基-敦北,2023-12-21,9237
00772B,中信高評級公司債,11,2,9,凱基-敦北,2023-12-21,9237
00637L,元大滬深300正2,10,2,8,凱基-敦北,2023-12-21,9237
2883,凱基金,27,19,8,凱基-敦北,2023-12-21,9237
5521,工信,8,0,8,凱基-敦北,2023-12-21,9237
8112,至上,16,8,8,凱基-敦北,2023-12-21,9237
4979,華星光,29,21,8,凱基-敦北,2023-12-21,9237
1504,東元,7,0,7,凱基-敦北,2023-12-21,9237
2014,中鴻,8,1,7,凱基-敦北,2023-12-21,9237
2201,裕隆,9,2,7,凱基-敦北,2023-12-21,9237
2637,慧洋-KY,13,6,7,凱基-敦北,2023-12-21,9237
3005,神基,8,2,6,凱基-敦北,2023-12-21,9237
6189,豐藝,6,0,6,凱基-敦北,2023-12-21,9237
00680L,元大美債20正2,90,85,5,凱基-敦北,2023-12-21,9237
00679B,元大美債20年,5,0,5,凱基-敦北,2023-12-21,9237
1802,台玻,5,0,5,凱基-敦北,2023-12-21,9237
1906,寶隆,5,0,5,凱基-敦北,2023-12-21,9237
2032,新鋼,5,0,5,凱基-敦北,2023-12-21,9237
2066,世德,5,0,5,凱基-敦北,2023-12-21,9237
2610,華航,5,0,5,凱基-敦北,2023-12-21,9237
2885,元大金,5,0,5,凱基-敦北,2023-12-21,9237
3628,盈正,5,0,5,凱基-敦北,2023-12-21,9237
2603,長榮,222,27,195,凱基-敦北,2023-12-22,9237
2506,太設,100,0,100,凱基-敦北,2023-12-22,9237
2382,廣達,69,2,67,凱基-敦北,2023-12-22,9237
00720B,元大投資級公司債,52,2,50,凱基-敦北,2023-12-22,9237
1815,富喬,50,0,50,凱基-敦北,2023-12-22,9237
2609,陽明,79,45,34,凱基-敦北,2023-12-22,9237
4967,十銓,106,74,32,凱基-敦北,2023-12-22,9237
00937B,群益ESG投等債20,31,0,31,凱基-敦北,2023-12-22,9237
4979,華星光,59,31,28,凱基-敦北,2023-12-22,9237
7402,邑錡,28,0,28,凱基-敦北,2023-12-22,9237
00680L,元大美債20正2,156,131,25,凱基-敦北,2023-12-22,9237
00933B,國泰10Y+金融債,21,0,21,凱基-敦北,2023-12-22,9237
2408,南亞科,21,2,19,凱基-敦北,2023-12-22,9237
3013,晟銘電,19,1,18,凱基-敦北,2023-12-22,9237
2883,凱基金,16,0,16,凱基-敦北,2023-12-22,9237
1325,恆大,45,30,15,凱基-敦北,2023-12-22,9237
00679B,元大美債20年,14,0,14,凱基-敦北,2023-12-22,9237
1321,大洋,10,0,10,凱基-敦北,2023-12-22,9237
00753L,中信中國50正2,10,0,10,凱基-敦北,2023-12-22,9237
1809,中釉,10,0,10,凱基-敦北,2023-12-22,9237
2323,中環,11,1,10,凱基-敦北,2023-12-22,9237
3305,昇貿,12,2,10,凱基-敦北,2023-12-22,9237
4572,駐龍,10,0,10,凱基-敦北,2023-12-22,9237
6548,長科*,10,0,10,凱基-敦北,2023-12-22,9237
00878,國泰永續高股息,10,1,9,凱基-敦北,2023-12-22,9237
2615,萬海,32,24,8,凱基-敦北,2023-12-22,9237
1326,台化,11,4,7,凱基-敦北,2023-12-22,9237
2008,高興昌,7,0,7,凱基-敦北,2023-12-22,9237
2637,慧洋-KY,9,3,6,凱基-敦北,2023-12-22,9237
00725B,國泰投資級公司債,6,0,6,凱基-敦北,2023-12-22,9237
00919,群益台灣精選高息,15,9,6,凱基-敦北,2023-12-22,9237
3217,優群,6,0,6,凱基-敦北,2023-12-22,9237
4938,和碩,5,0,5,凱基-敦北,2023-12-22,9237
00936,台新永續高息中小,6,1,5,凱基-敦北,2023-12-22,9237
00722B,群益投資級電信債,5,0,5,凱基-敦北,2023-12-22,9237
1806,冠軍,5,0,5,凱基-敦北,2023-12-22,9237
2313,華通,7,2,5,凱基-敦北,2023-12-22,9237
2617,台航,5,0,5,凱基-敦北,2023-12-22,9237
3105,穩懋,5,0,5,凱基-敦北,2023-12-22,9237
3706,神達,5,0,5,凱基-敦北,2023-12-22,9237
5425,台半,6,1,5,凱基-敦北,2023-12-22,9237
6104,創惟,13,8,5,凱基-敦北,2023-12-22,9237
6213,聯茂,5,0,5,凱基-敦北,2023-12-22,9237
6505,台塑化,5,0,5,凱基-敦北,2023-12-22,9237
8034,榮群,5,0,5,凱基-敦北,2023-12-22,9237
8085,福華,5,0,5,凱基-敦北,2023-12-22,9237
00764B,群益25年美債,4,0,4,凱基-敦北,2023-12-22,9237
2337,旺宏,4,0,4,凱基-敦北,2023-12-22,9237
2388,威盛,4,0,4,凱基-敦北,2023-12-22,9237
3346,麗清,7,3,4,凱基-敦北,2023-12-22,9237
2609,陽明,212,32,180,凱基-敦北,2023-12-25,9237
2603,長榮,218,46,172,凱基-敦北,2023-12-25,9237
00918,大華優利高填息30,168,1,167,凱基-敦北,2023-12-25,9237
2324,仁寶,63,12,51,凱基-敦北,2023-12-25,9237
1605,華新,117,69,48,凱基-敦北,2023-12-25,9237
2368,金像電,35,15,20,凱基-敦北,2023-12-25,9237
00679B,元大美債20年,17,0,17,凱基-敦北,2023-12-25,9237
00696B,富邦美債20年,16,0,16,凱基-敦北,2023-12-25,9237
1321,大洋,15,0,15,凱基-敦北,2023-12-25,9237
00937B,群益ESG投等債20,14,0,14,凱基-敦北,2023-12-25,9237
4979,華星光,30,16,14,凱基-敦北,2023-12-25,9237
3141,晶宏,15,2,13,凱基-敦北,2023-12-25,9237
3035,智原,18,7,11,凱基-敦北,2023-12-25,9237
1102,亞泥,10,0,10,凱基-敦北,2023-12-25,9237
00929,復華台灣科技優息,12,2,10,凱基-敦北,2023-12-25,9237
00720B,元大投資級公司債,10,1,9,凱基-敦北,2023-12-25,9237
00933B,國泰10Y+金融債,9,0,9,凱基-敦北,2023-12-25,9237
1907,永豐餘,9,0,9,凱基-敦北,2023-12-25,9237
5009,榮剛,28,19,9,凱基-敦北,2023-12-25,9237
3105,穩懋,10,1,9,凱基-敦北,2023-12-25,9237
00931B,統一美債20年,8,0,8,凱基-敦北,2023-12-25,9237
00900,富邦特選高股息30,11,3,8,凱基-敦北,2023-12-25,9237
6139,亞翔,20,12,8,凱基-敦北,2023-12-25,9237
2353,宏��,41,34,7,凱基-敦北,2023-12-25,9237
2031,新光鋼,7,0,7,凱基-敦北,2023-12-25,9237
3051,力特,32,25,7,凱基-敦北,2023-12-25,9237
6667,信紘科,7,0,7,凱基-敦北,2023-12-25,9237
3260,威剛,10,4,6,凱基-敦北,2023-12-25,9237
3264,欣銓,11,5,6,凱基-敦北,2023-12-25,9237
3325,旭品,6,0,6,凱基-敦北,2023-12-25,9237
6179,亞通,6,0,6,凱基-敦北,2023-12-25,9237
6799,來頡,6,0,6,凱基-敦北,2023-12-25,9237
1504,東元,6,1,5,凱基-敦北,2023-12-25,9237
4543,萬在,5,0,5,凱基-敦北,2023-12-25,9237
5309,系統電,5,0,5,凱基-敦北,2023-12-25,9237
8081,致新,5,0,5,凱基-敦北,2023-12-25,9237
8112,至上,9,5,4,凱基-敦北,2023-12-25,9237
00687B,國泰20年美債,4,0,4,凱基-敦北,2023-12-25,9237
2014,中鴻,22,18,4,凱基-敦北,2023-12-25,9237
2612,中航,4,0,4,凱基-敦北,2023-12-25,9237
1477,聚陽,4,0,4,凱基-敦北,2023-12-25,9237
2107,厚生,4,0,4,凱基-敦北,2023-12-25,9237
3013,晟銘電,4,0,4,凱基-敦北,2023-12-25,9237
3628,盈正,4,0,4,凱基-敦北,2023-12-25,9237
6156,松上,4,0,4,凱基-敦北,2023-12-25,9237
6233,旺玖,4,0,4,凱基-敦北,2023-12-25,9237
6243,迅杰,4,0,4,凱基-敦北,2023-12-25,9237
00935,野村臺灣新科技50,3,0,3,凱基-敦北,2023-12-25,9237
2356,英業達,30,27,3,凱基-敦北,2023-12-25,9237
2401,凌陽,3,0,3,凱基-敦北,2023-12-25,9237
00919,群益台灣精選高息,32,6,26,凱基-敦北,2023-12-26,9237
1321,大洋,25,0,25,凱基-敦北,2023-12-26,9237
3479,安勤,25,2,23,凱基-敦北,2023-12-26,9237
00937B,群益ESG投等債20,21,0,21,凱基-敦北,2023-12-26,9237
2368,金像電,20,0,20,凱基-敦北,2023-12-26,9237
6770,力積電,20,0,20,凱基-敦北,2023-12-26,9237
00706L,期元大S＆P日圓正2,10,0,10,凱基-敦北,2023-12-26,9237
00936,台新永續高息中小,10,0,10,凱基-敦北,2023-12-26,9237
1806,冠軍,10,0,10,凱基-敦北,2023-12-26,9237
8163,達方,10,0,10,凱基-敦北,2023-12-26,9237
2615,萬海,12,2,10,凱基-敦北,2023-12-26,9237
2834,臺企銀,24,15,9,凱基-敦北,2023-12-26,9237
3042,晶技,9,1,8,凱基-敦北,2023-12-26,9237
3346,麗清,11,3,8,凱基-敦北,2023-12-26,9237
6284,佳邦,8,0,8,凱基-敦北,2023-12-26,9237
2610,華航,9,2,7,凱基-敦北,2023-12-26,9237
2618,長榮航,17,10,7,凱基-敦北,2023-12-26,9237
3362,先進光,5,0,5,凱基-敦北,2023-12-26,9237
4979,華星光,38,33,5,凱基-敦北,2023-12-26,9237
1309,台達化,5,0,5,凱基-敦北,2023-12-26,9237
00931B,統一美債20年,5,0,5,凱基-敦北,2023-12-26,9237
00679B,元大美債20年,5,0,5,凱基-敦北,2023-12-26,9237
1802,台玻,5,0,5,凱基-敦北,2023-12-26,9237
2637,慧洋-KY,5,0,5,凱基-敦北,2023-12-26,9237
3033,威健,5,0,5,凱基-敦北,2023-12-26,9237
3622,洋華,5,0,5,凱基-敦北,2023-12-26,9237
00877,復華中國5G,4,0,4,凱基-敦北,2023-12-26,9237
2303,聯電,17,13,4,凱基-敦北,2023-12-26,9237
2402,毅嘉,8,4,4,凱基-敦北,2023-12-26,9237
2886,兆豐金,4,0,4,凱基-敦北,2023-12-26,9237
3380,明泰,5,1,4,凱基-敦北,2023-12-26,9237
8039,台虹,4,0,4,凱基-敦北,2023-12-26,9237
8112,至上,6,2,4,凱基-敦北,2023-12-26,9237
5478,智冠,7,3,4,凱基-敦北,2023-12-26,9237
00680L,元大美債20正2,28,25,3,凱基-敦北,2023-12-26,9237
00830,國泰費城半導體,3,0,3,凱基-敦北,2023-12-26,9237
1503,士電,3,0,3,凱基-敦北,2023-12-26,9237
2314,台揚,3,0,3,凱基-敦北,2023-12-26,9237
2365,昆盈,3,0,3,凱基-敦北,2023-12-26,9237
2481,強茂,3,0,3,凱基-敦北,2023-12-26,9237
2867,三商壽,3,0,3,凱基-敦北,2023-12-26,9237
2887,台新金,3,0,3,凱基-敦北,2023-12-26,9237
3260,威剛,8,5,3,凱基-敦北,2023-12-26,9237
3564,其陽,3,0,3,凱基-敦北,2023-12-26,9237
4968,立積,3,0,3,凱基-敦北,2023-12-26,9237
5469,瀚宇博,3,0,3,凱基-敦北,2023-12-26,9237
6104,創惟,9,6,3,凱基-敦北,2023-12-26,9237
6285,啟��,5,2,3,凱基-敦北,2023-12-26,9237
8933,愛地雅,3,0,3,凱基-敦北,2023-12-26,9237
2530,華建,3,0,3,凱基-敦北,2023-12-26,9237
2603,長榮,75,3,72,凱基-敦北,2023-12-27,9237
1321,大洋,70,0,70,凱基-敦北,2023-12-27,9237
00937B,群益ESG投等債20,50,2,48,凱基-敦北,2023-12-27,9237
00696B,富邦美債20年,32,0,32,凱基-敦北,2023-12-27,9237
1466,聚隆,32,0,32,凱基-敦北,2023-12-27,9237
2606,裕民,32,0,32,凱基-敦北,2023-12-27,9237
2324,仁寶,54,22,32,凱基-敦北,2023-12-27,9237
00632R,元大台灣50反1,30,0,30,凱基-敦北,2023-12-27,9237
1809,中釉,30,0,30,凱基-敦北,2023-12-27,9237
4906,正文,30,0,30,凱基-敦北,2023-12-27,9237
4909,新復興,29,0,29,凱基-敦北,2023-12-27,9237
00919,群益台灣精選高息,33,6,27,凱基-敦北,2023-12-27,9237
00720B,元大投資級公司債,21,0,21,凱基-敦北,2023-12-27,9237
3479,安勤,21,2,19,凱基-敦北,2023-12-27,9237
00918,大華優利高填息30,16,1,15,凱基-敦北,2023-12-27,9237
2439,美律,16,1,15,凱基-敦北,2023-12-27,9237
00751B,元大AAA至A公司債,13,0,13,凱基-敦北,2023-12-27,9237
8354,冠好,13,0,13,凱基-敦北,2023-12-27,9237
00931B,統一美債20年,12,0,12,凱基-敦北,2023-12-27,9237
6165,浪凡,12,0,12,凱基-敦北,2023-12-27,9237
2477,美隆電,15,4,11,凱基-敦北,2023-12-27,9237
00907,永豐優息存股,10,0,10,凱基-敦北,2023-12-27,9237
00712,復華富時不動產,10,0,10,凱基-敦北,2023-12-27,9237
8112,至上,11,1,10,凱基-敦北,2023-12-27,9237
00679B,元大美債20年,10,1,9,凱基-敦北,2023-12-27,9237
2455,全新,10,1,9,凱基-敦北,2023-12-27,9237
2618,長榮航,9,0,9,凱基-敦北,2023-12-27,9237
3532,台勝科,9,2,7,凱基-敦北,2023-12-27,9237
6104,創惟,16,9,7,凱基-敦北,2023-12-27,9237
6462,神盾,14,7,7,凱基-敦北,2023-12-27,9237
8088,品安,7,0,7,凱基-敦北,2023-12-27,9237
00725B,國泰投資級公司債,6,0,6,凱基-敦北,2023-12-27,9237
3481,群創,26,20,6,凱基-敦北,2023-12-27,9237
00687B,國泰20年美債,5,0,5,凱基-敦北,2023-12-27,9237
4979,華星光,26,21,5,凱基-敦北,2023-12-27,9237
00719B,元大美債1-3,5,0,5,凱基-敦北,2023-12-27,9237
1733,五鼎,7,2,5,凱基-敦北,2023-12-27,9237
2002,中鋼,5,0,5,凱基-敦北,2023-12-27,9237
2915,潤泰全,5,0,5,凱基-敦北,2023-12-27,9237
3455,由田,5,0,5,凱基-敦北,2023-12-27,9237
00933B,國泰10Y+金融債,4,0,4,凱基-敦北,2023-12-27,9237
2314,台揚,4,0,4,凱基-敦北,2023-12-27,9237
2363,矽統,10,6,4,凱基-敦北,2023-12-27,9237
2405,輔信,6,2,4,凱基-敦北,2023-12-27,9237
2548,華固,4,0,4,凱基-敦北,2023-12-27,9237
3694,海華,5,1,4,凱基-敦北,2023-12-27,9237
5483,中美晶,4,0,4,凱基-敦北,2023-12-27,9237
6158,禾昌,4,0,4,凱基-敦北,2023-12-27,9237
6695,芯鼎,6,2,4,凱基-敦北,2023-12-27,9237
1524,耿鼎,3,0,3,凱基-敦北,2023-12-27,9237
00688L,國泰20年美債正2,100,0,100,凱基-敦北,2023-12-28,9237
1321,大洋,85,0,85,凱基-敦北,2023-12-28,9237
00891,中信關鍵半導體,56,0,56,凱基-敦北,2023-12-28,9237
1733,五鼎,52,0,52,凱基-敦北,2023-12-28,9237
00937B,群益ESG投等債20,49,0,49,凱基-敦北,2023-12-28,9237
3706,神達,60,25,35,凱基-敦北,2023-12-28,9237
1618,合機,34,1,33,凱基-敦北,2023-12-28,9237
1809,中釉,32,0,32,凱基-敦北,2023-12-28,9237
9945,潤泰新,31,0,31,凱基-敦北,2023-12-28,9237
1609,大亞,29,1,28,凱基-敦北,2023-12-28,9237
2382,廣達,28,3,25,凱基-敦北,2023-12-28,9237
1514,亞力,30,6,24,凱基-敦北,2023-12-28,9237
2530,華建,23,0,23,凱基-敦北,2023-12-28,9237
2368,金像電,26,3,23,凱基-敦北,2023-12-28,9237
00919,群益台灣精選高息,21,0,21,凱基-敦北,2023-12-28,9237
2888,新光金,20,0,20,凱基-敦北,2023-12-28,9237
3305,昇貿,20,0,20,凱基-敦北,2023-12-28,9237
2303,聯電,62,43,19,凱基-敦北,2023-12-28,9237
1101,台泥,20,2,18,凱基-敦北,2023-12-28,9237
5324,士開,15,0,15,凱基-敦北,2023-12-28,9237
00929,復華台灣科技優息,15,0,15,凱基-敦北,2023-12-28,9237
6233,旺玖,14,0,14,凱基-敦北,2023-12-28,9237
2637,慧洋-KY,13,0,13,凱基-敦北,2023-12-28,9237
2606,裕民,13,0,13,凱基-敦北,2023-12-28,9237
4909,新復興,12,0,12,凱基-敦北,2023-12-28,9237
2365,昆盈,86,75,11,凱基-敦北,2023-12-28,9237
00632R,元大台灣50反1,10,0,10,凱基-敦北,2023-12-28,9237
2029,盛餘,10,0,10,凱基-敦北,2023-12-28,9237
6016,康和證,10,0,10,凱基-敦北,2023-12-28,9237
6290,良維,10,0,10,凱基-敦北,2023-12-28,9237
00933B,國泰10Y+金融債,9,0,9,凱基-敦北,2023-12-28,9237
2405,輔信,11,2,9,凱基-敦北,2023-12-28,9237
8354,冠好,11,2,9,凱基-敦北,2023-12-28,9237
6104,創惟,8,0,8,凱基-敦北,2023-12-28,9237
2615,萬海,7,0,7,凱基-敦北,2023-12-28,9237
8086,宏捷科,11,4,7,凱基-敦北,2023-12-28,9237
2014,中鴻,7,1,6,凱基-敦北,2023-12-28,9237
6271,同欣電,6,0,6,凱基-敦北,2023-12-28,9237
00646,元大S＆P500,5,0,5,凱基-敦北,2023-12-28,9237
00712,復華富時不動產,5,0,5,凱基-敦北,2023-12-28,9237
00719B,元大美債1-3,5,0,5,凱基-敦北,2023-12-28,9237
00683L,期元大美元指正2,5,0,5,凱基-敦北,2023-12-28,9237
2367,燿華,6,1,5,凱基-敦北,2023-12-28,9237
3149,正達,5,0,5,凱基-敦北,2023-12-28,9237
5398,慕康生醫,5,0,5,凱基-敦北,2023-12-28,9237
6140,訊達,5,0,5,凱基-敦北,2023-12-28,9237
6182,合晶,5,0,5,凱基-敦北,2023-12-28,9237
2612,中航,4,0,4,凱基-敦北,2023-12-28,9237
2436,偉詮電,6,2,4,凱基-敦北,2023-12-28,9237
3019,亞光,5,1,4,凱基-敦北,2023-12-28,9237
00753L,中信中國50正2,100,0,100,凱基-敦北,2023-12-29,9237
2324,仁寶,69,28,41,凱基-敦北,2023-12-29,9237
2515,中工,45,10,35,凱基-敦北,2023-12-29,9237
2382,廣達,40,6,34,凱基-敦北,2023-12-29,9237
2029,盛餘,30,0,30,凱基-敦北,2023-12-29,9237
2353,宏��,40,13,27,凱基-敦北,2023-12-29,9237
3390,旭軟,26,0,26,凱基-敦北,2023-12-29,9237
1321,大洋,25,0,25,凱基-敦北,2023-12-29,9237
3481,群創,26,2,24,凱基-敦北,2023-12-29,9237
1809,中釉,20,0,20,凱基-敦北,2023-12-29,9237
3376,新日興,32,12,20,凱基-敦北,2023-12-29,9237
9945,潤泰新,20,0,20,凱基-敦北,2023-12-29,9237
3006,晶豪科,24,7,17,凱基-敦北,2023-12-29,9237
3706,神達,15,1,14,凱基-敦北,2023-12-29,9237
00679B,元大美債20年,12,0,12,凱基-敦北,2023-12-29,9237
00937B,群益ESG投等債20,11,0,11,凱基-敦北,2023-12-29,9237
00687B,國泰20年美債,10,0,10,凱基-敦北,2023-12-29,9237
4930,燦星網,10,0,10,凱基-敦北,2023-12-29,9237
5213,亞昕,10,0,10,凱基-敦北,2023-12-29,9237
6461,益得,10,0,10,凱基-敦北,2023-12-29,9237
2889,國票金,8,0,8,凱基-敦北,2023-12-29,9237
4979,華星光,38,30,8,凱基-敦北,2023-12-29,9237
6104,創惟,24,16,8,凱基-敦北,2023-12-29,9237
1504,東元,12,5,7,凱基-敦北,2023-12-29,9237
2867,三商壽,7,0,7,凱基-敦北,2023-12-29,9237
4967,十銓,17,10,7,凱基-敦北,2023-12-29,9237
8924,大田,7,0,7,凱基-敦北,2023-12-29,9237
2027,大成鋼,6,0,6,凱基-敦北,2023-12-29,9237
2633,台灣高鐵,6,0,6,凱基-敦北,2023-12-29,9237
3260,威剛,15,9,6,凱基-敦北,2023-12-29,9237
6799,來頡,8,2,6,凱基-敦北,2023-12-29,9237
3017,奇鋐,9,4,5,凱基-敦北,2023-12-29,9237
1268,漢來美食,5,0,5,凱基-敦北,2023-12-29,9237
1503,士電,5,0,5,凱基-敦北,2023-12-29,9237
1519,華城,23,18,5,凱基-敦北,2023-12-29,9237
1618,合機,5,0,5,凱基-敦北,2023-12-29,9237
2915,潤泰全,5,0,5,凱基-敦北,2023-12-29,9237
3024,憶聲,5,0,5,凱基-敦北,2023-12-29,9237
3265,台星科,5,0,5,凱基-敦北,2023-12-29,9237
3607,谷崧,5,0,5,凱基-敦北,2023-12-29,9237
8163,達方,5,0,5,凱基-敦北,2023-12-29,9237
00919,群益台灣精選高息,4,0,4,凱基-敦北,2023-12-29,9237
0061,元大寶滬深,4,0,4,凱基-敦北,2023-12-29,9237
00933B,國泰10Y+金融債,4,0,4,凱基-敦北,2023-12-29,9237
2530,華建,4,0,4,凱基-敦北,2023-12-29,9237
2883,凱基金,31,27,4,凱基-敦北,2023-12-29,9237
6585,鼎基,5,1,4,凱基-敦北,2023-12-29,9237
1213,大飲,3,0,3,凱基-敦北,2023-12-29,9237
00632R,元大台灣50反1,5,2,3,凱基-敦北,2023-12-29,9237
2239,英利-KY,3,0,3,凱基-敦北,2023-12-29,9237
00878,國泰永續高股息,183,58,125,凱基-敦北,2024-01-02,9237
2867,三商壽,81,0,81,凱基-敦北,2024-01-02,9237
2486,一詮,75,7,68,凱基-敦北,2024-01-02,9237
00891,中信關鍵半導體,52,0,52,凱基-敦北,2024-01-02,9237
2352,佳世達,49,6,43,凱基-敦北,2024-01-02,9237
00937B,群益ESG投等債20,37,2,35,凱基-敦北,2024-01-02,9237
2883,凱基金,33,0,33,凱基-敦北,2024-01-02,9237
00688L,國泰20年美債正2,30,0,30,凱基-敦北,2024-01-02,9237
3231,緯創,29,3,26,凱基-敦北,2024-01-02,9237
5324,士開,24,0,24,凱基-敦北,2024-01-02,9237
00680L,元大美債20正2,121,100,21,凱基-敦北,2024-01-02,9237
2615,萬海,24,3,21,凱基-敦北,2024-01-02,9237
00712,復華富時不動產,21,0,21,凱基-敦北,2024-01-02,9237
00751B,元大AAA至A公司債,20,0,20,凱基-敦北,2024-01-02,9237
00929,復華台灣科技優息,38,20,18,凱基-敦北,2024-01-02,9237
00919,群益台灣精選高息,24,7,17,凱基-敦北,2024-01-02,9237
00679B,元大美債20年,15,0,15,凱基-敦北,2024-01-02,9237
6125,廣運,15,0,15,凱基-敦北,2024-01-02,9237
00772B,中信高評級公司債,14,0,14,凱基-敦北,2024-01-02,9237
00687B,國泰20年美債,13,0,13,凱基-敦北,2024-01-02,9237
00720B,元大投資級公司債,12,0,12,凱基-敦北,2024-01-02,9237
00930,永豐ESG低碳高息,12,0,12,凱基-敦北,2024-01-02,9237
00935,野村臺灣新科技50,11,0,11,凱基-敦北,2024-01-02,9237
3504,揚明光,11,0,11,凱基-敦北,2024-01-02,9237
00637L,元大滬深300正2,10,0,10,凱基-敦北,2024-01-02,9237
00683L,期元大美元指正2,10,0,10,凱基-敦北,2024-01-02,9237
1809,中釉,10,0,10,凱基-敦北,2024-01-02,9237
2409,友達,10,0,10,凱基-敦北,2024-01-02,9237
3712,永崴投控,10,0,10,凱基-敦北,2024-01-02,9237
5213,亞昕,10,0,10,凱基-敦北,2024-01-02,9237
6015,宏遠證,10,0,10,凱基-敦北,2024-01-02,9237
6204,艾華,9,0,9,凱基-敦北,2024-01-02,9237
2609,陽明,39,30,9,凱基-敦北,2024-01-02,9237
1609,大亞,13,5,8,凱基-敦北,2024-01-02,9237
6531,愛普*,9,1,8,凱基-敦北,2024-01-02,9237
2382,廣達,20,12,8,凱基-敦北,2024-01-02,9237
00934,中信成長高股息,8,0,8,凱基-敦北,2024-01-02,9237
3006,晶豪科,11,4,7,凱基-敦北,2024-01-02,9237
3481,群創,9,3,6,凱基-敦北,2024-01-02,9237
8086,宏捷科,26,20,6,凱基-敦北,2024-01-02,9237
00690,兆豐藍籌30,5,0,5,凱基-敦北,2024-01-02,9237
00669R,國泰美國道瓊反1,5,0,5,凱基-敦北,2024-01-02,9237
00740B,富邦全球投等債,5,0,5,凱基-敦北,2024-01-02,9237
00722B,群益投資級電信債,5,0,5,凱基-敦北,2024-01-02,9237
00933B,國泰10Y+金融債,5,0,5,凱基-敦北,2024-01-02,9237
1321,大洋,5,0,5,凱基-敦北,2024-01-02,9237
2449,京元電子,5,0,5,凱基-敦北,2024-01-02,9237
3402,漢科,6,1,5,凱基-敦北,2024-01-02,9237
3607,谷崧,5,0,5,凱基-敦北,2024-01-02,9237
6111,大宇資,5,0,5,凱基-敦北,2024-01-02,9237
00919,群益台灣精選高息,129,0,129,凱基-敦北,2024-01-03,9237
1101,台泥,130,4,126,凱基-敦北,2024-01-03,9237
2618,長榮航,178,59,119,凱基-敦北,2024-01-03,9237
00929,復華台灣科技優息,81,0,81,凱基-敦北,2024-01-03,9237
00937B,群益ESG投等債20,70,1,69,凱基-敦北,2024-01-03,9237
9919,康那香,55,0,55,凱基-敦北,2024-01-03,9237
1733,五鼎,51,0,51,凱基-敦北,2024-01-03,9237
00933B,國泰10Y+金融債,35,0,35,凱基-敦北,2024-01-03,9237
1321,大洋,35,0,35,凱基-敦北,2024-01-03,9237
3231,緯創,34,2,32,凱基-敦北,2024-01-03,9237
3481,群創,33,5,28,凱基-敦北,2024-01-03,9237
4909,新復興,30,2,28,凱基-敦北,2024-01-03,9237
2324,仁寶,54,29,25,凱基-敦北,2024-01-03,9237
00878,國泰永續高股息,24,0,24,凱基-敦北,2024-01-03,9237
2883,凱基金,21,0,21,凱基-敦北,2024-01-03,9237
4906,正文,20,0,20,凱基-敦北,2024-01-03,9237
8112,至上,21,1,20,凱基-敦北,2024-01-03,9237
6830,汎銓,29,11,18,凱基-敦北,2024-01-03,9237
2882,國泰金,17,0,17,凱基-敦北,2024-01-03,9237
2303,聯電,16,0,16,凱基-敦北,2024-01-03,9237
0056,元大高股息,21,5,16,凱基-敦北,2024-01-03,9237
00720B,元大投資級公司債,15,0,15,凱基-敦北,2024-01-03,9237
2353,宏��,16,3,13,凱基-敦北,2024-01-03,9237
5521,工信,12,0,12,凱基-敦北,2024-01-03,9237
6625,必應,12,0,12,凱基-敦北,2024-01-03,9237
9934,成霖,14,2,12,凱基-敦北,2024-01-03,9237
00687B,國泰20年美債,11,0,11,凱基-敦北,2024-01-03,9237
2014,中鴻,11,0,11,凱基-敦北,2024-01-03,9237
00921,兆豐龍頭等權重,11,0,11,凱基-敦北,2024-01-03,9237
1301,台塑,11,1,10,凱基-敦北,2024-01-03,9237
1809,中釉,10,0,10,凱基-敦北,2024-01-03,9237
00688L,國泰20年美債正2,10,0,10,凱基-敦北,2024-01-03,9237
2029,盛餘,10,0,10,凱基-敦北,2024-01-03,9237
2801,彰銀,10,0,10,凱基-敦北,2024-01-03,9237
3046,建��,10,0,10,凱基-敦北,2024-01-03,9237
3483,力致,10,0,10,凱基-敦北,2024-01-03,9237
4133,亞諾法,10,0,10,凱基-敦北,2024-01-03,9237
6770,力積電,9,0,9,凱基-敦北,2024-01-03,9237
2352,佳世達,10,1,9,凱基-敦北,2024-01-03,9237
00935,野村臺灣新科技50,9,0,9,凱基-敦北,2024-01-03,9237
5483,中美晶,9,0,9,凱基-敦北,2024-01-03,9237
6546,正基,10,1,9,凱基-敦北,2024-01-03,9237
00930,永豐ESG低碳高息,8,0,8,凱基-敦北,2024-01-03,9237
2605,新興,8,0,8,凱基-敦北,2024-01-03,9237
5324,士開,8,0,8,凱基-敦北,2024-01-03,9237
6104,創惟,8,0,8,凱基-敦北,2024-01-03,9237
00679B,元大美債20年,7,0,7,凱基-敦北,2024-01-03,9237
2027,大成鋼,7,0,7,凱基-敦北,2024-01-03,9237
2344,華邦電,7,0,7,凱基-敦北,2024-01-03,9237
0050,元大台灣50,7,1,6,凱基-敦北,2024-01-03,9237
00937B,群益ESG投等債20,323,0,323,凱基-敦北,2024-01-04,9237
00927,群益半導體收益,107,0,107,凱基-敦北,2024-01-04,9237
00882,中信中國高股息,100,0,100,凱基-敦北,2024-01-04,9237
00929,復華台灣科技優息,91,4,87,凱基-敦北,2024-01-04,9237
4909,新復興,82,1,81,凱基-敦北,2024-01-04,9237
6806,森崴能源,40,0,40,凱基-敦北,2024-01-04,9237
2368,金像電,45,5,40,凱基-敦北,2024-01-04,9237
5244,弘凱,30,0,30,凱基-敦北,2024-01-04,9237
6120,達運,30,1,29,凱基-敦北,2024-01-04,9237
2609,陽明,118,94,24,凱基-敦北,2024-01-04,9237
2603,長榮,51,30,21,凱基-敦北,2024-01-04,9237
00919,群益台灣精選高息,23,2,21,凱基-敦北,2024-01-04,9237
00907,永豐優息存股,20,0,20,凱基-敦北,2024-01-04,9237
2528,皇普,20,0,20,凱基-敦北,2024-01-04,9237
00712,復華富時不動產,16,0,16,凱基-敦北,2024-01-04,9237
1514,亞力,22,7,15,凱基-敦北,2024-01-04,9237
8089,康全電訊,18,4,14,凱基-敦北,2024-01-04,9237
00878,國泰永續高股息,13,0,13,凱基-敦北,2024-01-04,9237
6290,良維,23,10,13,凱基-敦北,2024-01-04,9237
2501,國建,11,1,10,凱基-敦北,2024-01-04,9237
2611,志信,10,0,10,凱基-敦北,2024-01-04,9237
3588,通嘉,18,8,10,凱基-敦北,2024-01-04,9237
4989,榮科,20,10,10,凱基-敦北,2024-01-04,9237
2636,台驊控股,19,10,9,凱基-敦北,2024-01-04,9237
2409,友達,11,2,9,凱基-敦北,2024-01-04,9237
00904,新光臺灣半導體30,8,0,8,凱基-敦北,2024-01-04,9237
0056,元大高股息,12,4,8,凱基-敦北,2024-01-04,9237
00637L,元大滬深300正2,8,0,8,凱基-敦北,2024-01-04,9237
00918,大華優利高填息30,8,0,8,凱基-敦北,2024-01-04,9237
6104,創惟,12,4,8,凱基-敦北,2024-01-04,9237
6233,旺玖,11,3,8,凱基-敦北,2024-01-04,9237
00725B,國泰投資級公司債,7,0,7,凱基-敦北,2024-01-04,9237
2610,華航,8,1,7,凱基-敦北,2024-01-04,9237
5871,中租-KY,7,0,7,凱基-敦北,2024-01-04,9237
3037,欣興,29,23,6,凱基-敦北,2024-01-04,9237
00641R,富邦日本反1,6,0,6,凱基-敦北,2024-01-04,9237
00751B,元大AAA至A公司債,6,0,6,凱基-敦北,2024-01-04,9237
3006,晶豪科,11,5,6,凱基-敦北,2024-01-04,9237
00720B,元大投資級公司債,13,8,5,凱基-敦北,2024-01-04,9237
1809,中釉,5,0,5,凱基-敦北,2024-01-04,9237
00738U,期元大道瓊白銀,5,0,5,凱基-敦北,2024-01-04,9237
00664R,國泰臺灣加權反1,5,0,5,凱基-敦北,2024-01-04,9237
0061,元大寶滬深,5,0,5,凱基-敦北,2024-01-04,9237
1802,台玻,5,0,5,凱基-敦北,2024-01-04,9237
2704,國賓,5,0,5,凱基-敦北,2024-01-04,9237
5324,士開,7,2,5,凱基-敦北,2024-01-04,9237
5403,中菲,5,0,5,凱基-敦北,2024-01-04,9237
6156,松上,5,0,5,凱基-敦北,2024-01-04,9237
6461,益得,5,0,5,凱基-敦北,2024-01-04,9237
6830,汎銓,5,0,5,凱基-敦北,2024-01-04,9237
3312,弘憶股,348,207,141,凱基-敦北,2024-01-05,9237
3032,偉訓,100,43,57,凱基-敦北,2024-01-05,9237
1815,富喬,50,0,50,凱基-敦北,2024-01-05,9237
5533,皇鼎,58,8,50,凱基-敦北,2024-01-05,9237
4909,新復興,50,1,49,凱基-敦北,2024-01-05,9237
00680L,元大美債20正2,64,15,49,凱基-敦北,2024-01-05,9237
2409,友達,70,31,39,凱基-敦北,2024-01-05,9237
00929,復華台灣科技優息,42,10,32,凱基-敦北,2024-01-05,9237
2637,慧洋-KY,54,22,32,凱基-敦北,2024-01-05,9237
00937B,群益ESG投等債20,28,0,28,凱基-敦北,2024-01-05,9237
0056,元大高股息,27,2,25,凱基-敦北,2024-01-05,9237
1733,五鼎,22,0,22,凱基-敦北,2024-01-05,9237
4989,榮科,21,0,21,凱基-敦北,2024-01-05,9237
00687B,國泰20年美債,21,1,20,凱基-敦北,2024-01-05,9237
00930,永豐ESG低碳高息,20,0,20,凱基-敦北,2024-01-05,9237
2206,三陽工業,20,0,20,凱基-敦北,2024-01-05,9237
5439,高技,20,0,20,凱基-敦北,2024-01-05,9237
8089,康全電訊,16,0,16,凱基-敦北,2024-01-05,9237
2515,中工,19,6,13,凱基-敦北,2024-01-05,9237
6830,汎銓,12,0,12,凱基-敦北,2024-01-05,9237
00919,群益台灣精選高息,16,5,11,凱基-敦北,2024-01-05,9237
00641R,富邦日本反1,10,0,10,凱基-敦北,2024-01-05,9237
00751B,元大AAA至A公司債,10,0,10,凱基-敦北,2024-01-05,9237
1809,中釉,10,0,10,凱基-敦北,2024-01-05,9237
2038,海光,10,0,10,凱基-敦北,2024-01-05,9237
2014,中鴻,10,0,10,凱基-敦北,2024-01-05,9237
00927,群益半導體收益,9,0,9,凱基-敦北,2024-01-05,9237
2362,藍天,10,1,9,凱基-敦北,2024-01-05,9237
2368,金像電,10,2,8,凱基-敦北,2024-01-05,9237
00782B,國泰A級公用債,8,0,8,凱基-敦北,2024-01-05,9237
6165,浪凡,8,0,8,凱基-敦北,2024-01-05,9237
4979,華星光,28,21,7,凱基-敦北,2024-01-05,9237
00725B,國泰投資級公司債,6,0,6,凱基-敦北,2024-01-05,9237
2509,全坤建,6,0,6,凱基-敦北,2024-01-05,9237
3231,緯創,6,0,6,凱基-敦北,2024-01-05,9237
3518,柏騰,6,0,6,凱基-敦北,2024-01-05,9237
4739,康普,6,0,6,凱基-敦北,2024-01-05,9237
5450,南良,6,0,6,凱基-敦北,2024-01-05,9237
00679B,元大美債20年,9,4,5,凱基-敦北,2024-01-05,9237
2353,宏��,8,3,5,凱基-敦北,2024-01-05,9237
2603,長榮,17,12,5,凱基-敦北,2024-01-05,9237
00738U,期元大道瓊白銀,5,0,5,凱基-敦北,2024-01-05,9237
00696B,富邦美債20年,5,0,5,凱基-敦北,2024-01-05,9237
00722B,群益投資級電信債,5,0,5,凱基-敦北,2024-01-05,9237
2364,倫飛,5,0,5,凱基-敦北,2024-01-05,9237
2528,皇普,5,0,5,凱基-敦北,2024-01-05,9237
2606,裕民,5,0,5,凱基-敦北,2024-01-05,9237
3163,波若威,5,0,5,凱基-敦北,2024-01-05,9237
5324,士開,5,0,5,凱基-敦北,2024-01-05,9237
6461,益得,5,0,5,凱基-敦北,2024-01-05,9237
2412,中華電,100,0,100,凱基-敦北,2024-01-08,9237
00937B,群益ESG投等債20,90,0,90,凱基-敦北,2024-01-08,9237
00929,復華台灣科技優息,66,1,65,凱基-敦北,2024-01-08,9237
2331,精英,51,0,51,凱基-敦北,2024-01-08,9237
1815,富喬,50,0,50,凱基-敦北,2024-01-08,9237
1809,中釉,45,0,45,凱基-敦北,2024-01-08,9237
2615,萬海,46,4,42,凱基-敦北,2024-01-08,9237
00919,群益台灣精選高息,41,1,40,凱基-敦北,2024-01-08,9237
00687B,國泰20年美債,34,0,34,凱基-敦北,2024-01-08,9237
3312,弘憶股,124,91,33,凱基-敦北,2024-01-08,9237
5244,弘凱,30,0,30,凱基-敦北,2024-01-08,9237
6274,台燿,30,0,30,凱基-敦北,2024-01-08,9237
00720B,元大投資級公司債,38,10,28,凱基-敦北,2024-01-08,9237
4967,十銓,26,0,26,凱基-敦北,2024-01-08,9237
6263,普萊德,26,0,26,凱基-敦北,2024-01-08,9237
00935,野村臺灣新科技50,24,0,24,凱基-敦北,2024-01-08,9237
00688L,國泰20年美債正2,20,0,20,凱基-敦北,2024-01-08,9237
6005,群益證,20,0,20,凱基-敦北,2024-01-08,9237
8089,康全電訊,19,0,19,凱基-敦北,2024-01-08,9237
3006,晶豪科,21,4,17,凱基-敦北,2024-01-08,9237
2530,華建,15,1,14,凱基-敦北,2024-01-08,9237
00679B,元大美債20年,12,0,12,凱基-敦北,2024-01-08,9237
00637L,元大滬深300正2,11,0,11,凱基-敦北,2024-01-08,9237
00632R,元大台灣50反1,10,0,10,凱基-敦北,2024-01-08,9237
2543,皇昌,10,0,10,凱基-敦北,2024-01-08,9237
3094,聯傑,10,0,10,凱基-敦北,2024-01-08,9237
3167,大量,10,0,10,凱基-敦北,2024-01-08,9237
2609,陽明,31,21,10,凱基-敦北,2024-01-08,9237
3231,緯創,20,11,9,凱基-敦北,2024-01-08,9237
00665L,富邦�琤肭磪囓�2,9,0,9,凱基-敦北,2024-01-08,9237
5457,宣德,9,0,9,凱基-敦北,2024-01-08,9237
2344,華邦電,8,0,8,凱基-敦北,2024-01-08,9237
00753L,中信中國50正2,8,0,8,凱基-敦北,2024-01-08,9237
4763,材料-KY,18,10,8,凱基-敦北,2024-01-08,9237
6104,創惟,8,0,8,凱基-敦北,2024-01-08,9237
2353,宏��,9,2,7,凱基-敦北,2024-01-08,9237
1795,美時,7,0,7,凱基-敦北,2024-01-08,9237
3305,昇貿,7,0,7,凱基-敦北,2024-01-08,9237
8011,台通,8,1,7,凱基-敦北,2024-01-08,9237
8341,日友,7,0,7,凱基-敦北,2024-01-08,9237
00712,復華富時不動產,6,0,6,凱基-敦北,2024-01-08,9237
2393,億光,6,0,6,凱基-敦北,2024-01-08,9237
00696B,富邦美債20年,5,0,5,凱基-敦北,2024-01-08,9237
00933B,國泰10Y+金融債,5,0,5,凱基-敦北,2024-01-08,9237
2002,中鋼,5,0,5,凱基-敦北,2024-01-08,9237
2357,華碩,5,0,5,凱基-敦北,2024-01-08,9237
2388,威盛,12,7,5,凱基-敦北,2024-01-08,9237
2486,一詮,6,1,5,凱基-敦北,2024-01-08,9237
2528,皇普,5,0,5,凱基-敦北,2024-01-08,9237
2610,華航,5,0,5,凱基-敦北,2024-01-08,9237
00680L,元大美債20正2,91,2,89,凱基-敦北,2024-01-09,9237
8111,立��,78,8,70,凱基-敦北,2024-01-09,9237
00919,群益台灣精選高息,65,9,56,凱基-敦北,2024-01-09,9237
5533,皇鼎,53,0,53,凱基-敦北,2024-01-09,9237
2891,中信金,56,5,51,凱基-敦北,2024-01-09,9237
2002,中鋼,41,0,41,凱基-敦北,2024-01-09,9237
2888,新光金,40,0,40,凱基-敦北,2024-01-09,9237
2356,英業達,40,3,37,凱基-敦北,2024-01-09,9237
8096,擎亞,35,1,34,凱基-敦北,2024-01-09,9237
3312,弘憶股,110,80,30,凱基-敦北,2024-01-09,9237
00751B,元大AAA至A公司債,21,0,21,凱基-敦北,2024-01-09,9237
3051,力特,28,7,21,凱基-敦北,2024-01-09,9237
2206,三陽工業,20,0,20,凱基-敦北,2024-01-09,9237
2014,中鴻,21,2,19,凱基-敦北,2024-01-09,9237
3025,星通,18,0,18,凱基-敦北,2024-01-09,9237
3231,緯創,52,36,16,凱基-敦北,2024-01-09,9237
2610,華航,15,1,14,凱基-敦北,2024-01-09,9237
4967,十銓,13,0,13,凱基-敦北,2024-01-09,9237
4735,豪展,24,12,12,凱基-敦北,2024-01-09,9237
2882,國泰金,12,0,12,凱基-敦北,2024-01-09,9237
2409,友達,11,0,11,凱基-敦北,2024-01-09,9237
1301,台塑,11,0,11,凱基-敦北,2024-01-09,9237
2530,華建,11,0,11,凱基-敦北,2024-01-09,9237
2603,長榮,18,8,10,凱基-敦北,2024-01-09,9237
00937B,群益ESG投等債20,10,0,10,凱基-敦北,2024-01-09,9237
1218,泰山,10,0,10,凱基-敦北,2024-01-09,9237
1809,中釉,10,0,10,凱基-敦北,2024-01-09,9237
2612,中航,10,0,10,凱基-敦北,2024-01-09,9237
3094,聯傑,10,0,10,凱基-敦北,2024-01-09,9237
4906,正文,10,0,10,凱基-敦北,2024-01-09,9237
6140,訊達,10,0,10,凱基-敦北,2024-01-09,9237
3260,威剛,9,0,9,凱基-敦北,2024-01-09,9237
00929,復華台灣科技優息,10,1,9,凱基-敦北,2024-01-09,9237
00641R,富邦日本反1,8,0,8,凱基-敦北,2024-01-09,9237
3693,營邦,10,2,8,凱基-敦北,2024-01-09,9237
8089,康全電訊,10,2,8,凱基-敦北,2024-01-09,9237
2317,鴻海,7,0,7,凱基-敦北,2024-01-09,9237
2388,威盛,7,0,7,凱基-敦北,2024-01-09,9237
0056,元大高股息,7,0,7,凱基-敦北,2024-01-09,9237
3224,三顧,6,0,6,凱基-敦北,2024-01-09,9237
9945,潤泰新,7,1,6,凱基-敦北,2024-01-09,9237
2884,玉山金,6,0,6,凱基-敦北,2024-01-09,9237
3055,蔚華科,5,0,5,凱基-敦北,2024-01-09,9237
1609,大亞,5,0,5,凱基-敦北,2024-01-09,9237
2607,榮運,5,0,5,凱基-敦北,2024-01-09,9237
1504,東元,5,0,5,凱基-敦北,2024-01-09,9237
3167,大量,5,0,5,凱基-敦北,2024-01-09,9237
5244,弘凱,5,0,5,凱基-敦北,2024-01-09,9237
5439,高技,5,0,5,凱基-敦北,2024-01-09,9237
5498,凱崴,5,0,5,凱基-敦北,2024-01-09,9237
2891,中信金,302,1,301,凱基-敦北,2024-01-10,9237
1101,台泥,124,5,119,凱基-敦北,2024-01-10,9237
3481,群創,116,3,113,凱基-敦北,2024-01-10,9237
2371,大同,111,7,104,凱基-敦北,2024-01-10,9237
2412,中華電,100,0,100,凱基-敦北,2024-01-10,9237
2618,長榮航,98,2,96,凱基-敦北,2024-01-10,9237
1815,富喬,70,0,70,凱基-敦北,2024-01-10,9237
4979,華星光,48,12,36,凱基-敦北,2024-01-10,9237
1806,冠軍,30,0,30,凱基-敦北,2024-01-10,9237
6684,安格,32,6,26,凱基-敦北,2024-01-10,9237
2603,長榮,31,6,25,凱基-敦北,2024-01-10,9237
6187,萬潤,27,2,25,凱基-敦北,2024-01-10,9237
00929,復華台灣科技優息,24,0,24,凱基-敦北,2024-01-10,9237
2543,皇昌,22,0,22,凱基-敦北,2024-01-10,9237
1326,台化,21,0,21,凱基-敦北,2024-01-10,9237
00918,大華優利高填息30,20,0,20,凱基-敦北,2024-01-10,9237
00919,群益台灣精選高息,22,2,20,凱基-敦北,2024-01-10,9237
6462,神盾,23,4,19,凱基-敦北,2024-01-10,9237
6830,汎銓,16,0,16,凱基-敦北,2024-01-10,9237
00641R,富邦日本反1,15,0,15,凱基-敦北,2024-01-10,9237
9945,潤泰新,15,0,15,凱基-敦北,2024-01-10,9237
2409,友達,17,2,15,凱基-敦北,2024-01-10,9237
00878,國泰永續高股息,13,0,13,凱基-敦北,2024-01-10,9237
2634,漢翔,16,3,13,凱基-敦北,2024-01-10,9237
00927,群益半導體收益,12,0,12,凱基-敦北,2024-01-10,9237
00882,中信中國高股息,12,0,12,凱基-敦北,2024-01-10,9237
2605,新興,14,2,12,凱基-敦北,2024-01-10,9237
0056,元大高股息,13,1,12,凱基-敦北,2024-01-10,9237
2610,華航,12,1,11,凱基-敦北,2024-01-10,9237
8096,擎亞,12,1,11,凱基-敦北,2024-01-10,9237
1514,亞力,11,1,10,凱基-敦北,2024-01-10,9237
00632R,元大台灣50反1,10,0,10,凱基-敦北,2024-01-10,9237
2329,華泰,11,1,10,凱基-敦北,2024-01-10,9237
3055,蔚華科,17,7,10,凱基-敦北,2024-01-10,9237
5324,士開,9,0,9,凱基-敦北,2024-01-10,9237
2327,國巨,10,2,8,凱基-敦北,2024-01-10,9237
00720B,元大投資級公司債,8,0,8,凱基-敦北,2024-01-10,9237
2498,宏達電,11,5,6,凱基-敦北,2024-01-10,9237
4105,東洋,6,0,6,凱基-敦北,2024-01-10,9237
5531,鄉林,6,0,6,凱基-敦北,2024-01-10,9237
2356,英業達,12,7,5,凱基-敦北,2024-01-10,9237
2317,鴻海,6,1,5,凱基-敦北,2024-01-10,9237
2881,富邦金,5,0,5,凱基-敦北,2024-01-10,9237
00933B,國泰10Y+金融債,5,0,5,凱基-敦北,2024-01-10,9237
1809,中釉,5,0,5,凱基-敦北,2024-01-10,9237
2882,國泰金,5,0,5,凱基-敦北,2024-01-10,9237
3224,三顧,5,0,5,凱基-敦北,2024-01-10,9237
3645,達邁,6,1,5,凱基-敦北,2024-01-10,9237
3693,營邦,5,0,5,凱基-敦北,2024-01-10,9237
5439,高技,5,0,5,凱基-敦北,2024-01-10,9237
3712,永崴投控,300,100,200,凱基-敦北,2024-01-11,9237
00929,復華台灣科技優息,70,0,70,凱基-敦北,2024-01-11,9237
8111,立��,71,16,55,凱基-敦北,2024-01-11,9237
3036,文曄,31,2,29,凱基-敦北,2024-01-11,9237
6274,台燿,56,30,26,凱基-敦北,2024-01-11,9237
6120,達運,26,5,21,凱基-敦北,2024-01-11,9237
3033,威健,18,0,18,凱基-敦北,2024-01-11,9237
2353,宏��,18,1,17,凱基-敦北,2024-01-11,9237
6166,凌華,16,0,16,凱基-敦北,2024-01-11,9237
00919,群益台灣精選高息,23,8,15,凱基-敦北,2024-01-11,9237
1809,中釉,15,0,15,凱基-敦北,2024-01-11,9237
3390,旭軟,14,0,14,凱基-敦北,2024-01-11,9237
2885,元大金,12,0,12,凱基-敦北,2024-01-11,9237
00679B,元大美債20年,11,0,11,凱基-敦北,2024-01-11,9237
2409,友達,20,9,11,凱基-敦北,2024-01-11,9237
5439,高技,11,0,11,凱基-敦北,2024-01-11,9237
4763,材料-KY,10,0,10,凱基-敦北,2024-01-11,9237
00933B,國泰10Y+金融債,10,0,10,凱基-敦北,2024-01-11,9237
00937B,群益ESG投等債20,10,0,10,凱基-敦北,2024-01-11,9237
00706L,期元大S＆P日圓正2,10,0,10,凱基-敦北,2024-01-11,9237
1806,冠軍,10,0,10,凱基-敦北,2024-01-11,9237
1815,富喬,10,0,10,凱基-敦北,2024-01-11,9237
4207,環泰,9,0,9,凱基-敦北,2024-01-11,9237
6235,華孚,10,1,9,凱基-敦北,2024-01-11,9237
2317,鴻海,11,2,9,凱基-敦北,2024-01-11,9237
6104,創惟,8,0,8,凱基-敦北,2024-01-11,9237
2344,華邦電,7,0,7,凱基-敦北,2024-01-11,9237
2383,台光電,9,2,7,凱基-敦北,2024-01-11,9237
8299,群聯,7,0,7,凱基-敦北,2024-01-11,9237
2609,陽明,7,0,7,凱基-敦北,2024-01-11,9237
1301,台塑,7,0,7,凱基-敦北,2024-01-11,9237
2530,華建,6,0,6,凱基-敦北,2024-01-11,9237
2606,裕民,8,2,6,凱基-敦北,2024-01-11,9237
3055,蔚華科,24,18,6,凱基-敦北,2024-01-11,9237
5244,弘凱,6,0,6,凱基-敦北,2024-01-11,9237
9919,康那香,6,0,6,凱基-敦北,2024-01-11,9237
2382,廣達,7,1,6,凱基-敦北,2024-01-11,9237
00915,凱基優選高股息30,5,0,5,凱基-敦北,2024-01-11,9237
00795B,中信美國公債20年,5,0,5,凱基-敦北,2024-01-11,9237
2883,凱基金,5,0,5,凱基-敦北,2024-01-11,9237
5450,南良,5,0,5,凱基-敦北,2024-01-11,9237
5521,工信,5,0,5,凱基-敦北,2024-01-11,9237
8034,榮群,5,0,5,凱基-敦北,2024-01-11,9237
6223,旺矽,11,6,5,凱基-敦北,2024-01-11,9237
00770,國泰北美科技,5,1,4,凱基-敦北,2024-01-11,9237
1605,華新,5,1,4,凱基-敦北,2024-01-11,9237
3264,欣銓,4,0,4,凱基-敦北,2024-01-11,9237
6546,正基,11,7,4,凱基-敦北,2024-01-11,9237
8039,台虹,4,0,4,凱基-敦北,2024-01-11,9237
4968,立積,4,1,3,凱基-敦北,2024-01-11,9237
6191,精成科,156,0,156,凱基-敦北,2024-01-12,9237
00929,復華台灣科技優息,126,4,122,凱基-敦北,2024-01-12,9237
4909,新復興,125,50,75,凱基-敦北,2024-01-12,9237
2353,宏��,68,4,64,凱基-敦北,2024-01-12,9237
3231,緯創,83,38,45,凱基-敦北,2024-01-12,9237
6830,汎銓,41,0,41,凱基-敦北,2024-01-12,9237
3305,昇貿,40,0,40,凱基-敦北,2024-01-12,9237
1815,富喬,30,0,30,凱基-敦北,2024-01-12,9237
00904,新光臺灣半導體30,28,0,28,凱基-敦北,2024-01-12,9237
0056,元大高股息,21,0,21,凱基-敦北,2024-01-12,9237
3036,文曄,20,0,20,凱基-敦北,2024-01-12,9237
00888,永豐台灣ESG,15,0,15,凱基-敦北,2024-01-12,9237
2014,中鴻,17,2,15,凱基-敦北,2024-01-12,9237
6684,安格,20,5,15,凱基-敦北,2024-01-12,9237
6233,旺玖,13,0,13,凱基-敦北,2024-01-12,9237
00933B,國泰10Y+金融債,12,0,12,凱基-敦北,2024-01-12,9237
4503,金雨,15,3,12,凱基-敦北,2024-01-12,9237
5211,蒙恬,12,0,12,凱基-敦北,2024-01-12,9237
2498,宏達電,11,0,11,凱基-敦北,2024-01-12,9237
2891,中信金,11,0,11,凱基-敦北,2024-01-12,9237
3522,御嵿,11,0,11,凱基-敦北,2024-01-12,9237
00937B,群益ESG投等債20,11,0,11,凱基-敦北,2024-01-12,9237
00692,富邦公司治理,10,0,10,凱基-敦北,2024-01-12,9237
2352,佳世達,10,0,10,凱基-敦北,2024-01-12,9237
2405,輔信,10,0,10,凱基-敦北,2024-01-12,9237
5347,世界,10,0,10,凱基-敦北,2024-01-12,9237
5398,慕康生醫,10,0,10,凱基-敦北,2024-01-12,9237
8028,昇陽半導體,10,0,10,凱基-敦北,2024-01-12,9237
3037,欣興,8,0,8,凱基-敦北,2024-01-12,9237
6643,M31,8,0,8,凱基-敦北,2024-01-12,9237
5324,士開,8,0,8,凱基-敦北,2024-01-12,9237
5425,台半,8,0,8,凱基-敦北,2024-01-12,9237
2357,華碩,11,5,6,凱基-敦北,2024-01-12,9237
2365,昆盈,6,0,6,凱基-敦北,2024-01-12,9237
3033,威健,6,0,6,凱基-敦北,2024-01-12,9237
6150,撼訊,6,0,6,凱基-敦北,2024-01-12,9237
6719,力智,6,0,6,凱基-敦北,2024-01-12,9237
2330,台積電,5,0,5,凱基-敦北,2024-01-12,9237
00646,元大S＆P500,5,0,5,凱基-敦北,2024-01-12,9237
00930,永豐ESG低碳高息,5,0,5,凱基-敦北,2024-01-12,9237
2029,盛餘,5,0,5,凱基-敦北,2024-01-12,9237
2401,凌陽,5,0,5,凱基-敦北,2024-01-12,9237
2428,興勤,5,0,5,凱基-敦北,2024-01-12,9237
2455,全新,5,0,5,凱基-敦北,2024-01-12,9237
5203,訊連,5,0,5,凱基-敦北,2024-01-12,9237
5498,凱崴,5,0,5,凱基-敦北,2024-01-12,9237
6770,力積電,5,0,5,凱基-敦北,2024-01-12,9237
6462,神盾,11,7,4,凱基-敦北,2024-01-12,9237
00931B,統一美債20年,4,0,4,凱基-敦北,2024-01-12,9237
00915,凱基優選高股息30,4,0,4,凱基-敦北,2024-01-12,9237
00927,群益半導體收益,81,0,81,凱基-敦北,2024-01-15,9237
6770,力積電,50,3,47,凱基-敦北,2024-01-15,9237
00929,復華台灣科技優息,43,0,43,凱基-敦北,2024-01-15,9237
2371,大同,55,15,40,凱基-敦北,2024-01-15,9237
2002,中鋼,25,0,25,凱基-敦北,2024-01-15,9237
3312,弘憶股,31,10,21,凱基-敦北,2024-01-15,9237
5284,jpp-KY,20,0,20,凱基-敦北,2024-01-15,9237
8916,光隆,20,0,20,凱基-敦北,2024-01-15,9237
2317,鴻海,20,0,20,凱基-敦北,2024-01-15,9237
5244,弘凱,19,0,19,凱基-敦北,2024-01-15,9237
8096,擎亞,96,80,16,凱基-敦北,2024-01-15,9237
00770,國泰北美科技,16,1,15,凱基-敦北,2024-01-15,9237
2486,一詮,35,20,15,凱基-敦北,2024-01-15,9237
4956,光鋐,15,0,15,凱基-敦北,2024-01-15,9237
2382,廣達,19,5,14,凱基-敦北,2024-01-15,9237
3675,德微,19,7,12,凱基-敦北,2024-01-15,9237
2329,華泰,11,0,11,凱基-敦北,2024-01-15,9237
1326,台化,10,0,10,凱基-敦北,2024-01-15,9237
1806,冠軍,10,0,10,凱基-敦北,2024-01-15,9237
2498,宏達電,10,0,10,凱基-敦北,2024-01-15,9237
3162,精確,15,5,10,凱基-敦北,2024-01-15,9237
3305,昇貿,10,0,10,凱基-敦北,2024-01-15,9237
4763,材料-KY,12,2,10,凱基-敦北,2024-01-15,9237
5439,高技,10,0,10,凱基-敦北,2024-01-15,9237
6593,台灣銘板,10,1,9,凱基-敦北,2024-01-15,9237
2890,永豐金,9,0,9,凱基-敦北,2024-01-15,9237
2353,宏��,9,1,8,凱基-敦北,2024-01-15,9237
1514,亞力,15,7,8,凱基-敦北,2024-01-15,9237
2883,凱基金,10,2,8,凱基-敦北,2024-01-15,9237
2618,長榮航,25,18,7,凱基-敦北,2024-01-15,9237
3522,御嵿,7,0,7,凱基-敦北,2024-01-15,9237
5880,合庫金,6,0,6,凱基-敦北,2024-01-15,9237
00641R,富邦日本反1,6,0,6,凱基-敦北,2024-01-15,9237
8050,廣積,6,0,6,凱基-敦北,2024-01-15,9237
3037,欣興,5,0,5,凱基-敦北,2024-01-15,9237
00904,新光臺灣半導體30,5,0,5,凱基-敦北,2024-01-15,9237
1605,華新,5,0,5,凱基-敦北,2024-01-15,9237
3032,偉訓,7,2,5,凱基-敦北,2024-01-15,9237
3711,日月光投控,5,0,5,凱基-敦北,2024-01-15,9237
5009,榮剛,11,6,5,凱基-敦北,2024-01-15,9237
00900,富邦特選高股息30,4,0,4,凱基-敦北,2024-01-15,9237
5210,寶碩,4,0,4,凱基-敦北,2024-01-15,9237
1476,儒鴻,3,0,3,凱基-敦北,2024-01-15,9237
1504,東元,3,0,3,凱基-敦北,2024-01-15,9237
2352,佳世達,3,0,3,凱基-敦北,2024-01-15,9237
2887,台新金,3,0,3,凱基-敦北,2024-01-15,9237
6120,達運,6,3,3,凱基-敦北,2024-01-15,9237
6799,來頡,3,0,3,凱基-敦北,2024-01-15,9237
3035,智原,12,9,3,凱基-敦北,2024-01-15,9237
00882,中信中國高股息,2,0,2,凱基-敦北,2024-01-15,9237
00679B,元大美債20年,505,0,505,凱基-敦北,2024-01-16,9237
2888,新光金,128,0,128,凱基-敦北,2024-01-16,9237
2481,強茂,150,26,124,凱基-敦北,2024-01-16,9237
1101,台泥,112,0,112,凱基-敦北,2024-01-16,9237
00904,新光臺灣半導體30,75,0,75,凱基-敦北,2024-01-16,9237
0056,元大高股息,56,3,53,凱基-敦北,2024-01-16,9237
00929,復華台灣科技優息,47,0,47,凱基-敦北,2024-01-16,9237
1326,台化,42,0,42,凱基-敦北,2024-01-16,9237
2331,精英,40,0,40,凱基-敦北,2024-01-16,9237
2368,金像電,40,0,40,凱基-敦北,2024-01-16,9237
4967,十銓,21,0,21,凱基-敦北,2024-01-16,9237
00671R,富邦NASDAQ反1,20,0,20,凱基-敦北,2024-01-16,9237
2029,盛餘,20,0,20,凱基-敦北,2024-01-16,9237
2528,皇普,20,0,20,凱基-敦北,2024-01-16,9237
2903,遠百,20,0,20,凱基-敦北,2024-01-16,9237
00937B,群益ESG投等債20,19,0,19,凱基-敦北,2024-01-16,9237
00927,群益半導體收益,17,0,17,凱基-敦北,2024-01-16,9237
2883,凱基金,16,0,16,凱基-敦北,2024-01-16,9237
00919,群益台灣精選高息,17,1,16,凱基-敦北,2024-01-16,9237
1815,富喬,15,0,15,凱基-敦北,2024-01-16,9237
00888,永豐台灣ESG,15,1,14,凱基-敦北,2024-01-16,9237
6695,芯鼎,18,6,12,凱基-敦北,2024-01-16,9237
2352,佳世達,12,0,12,凱基-敦北,2024-01-16,9237
3712,永崴投控,12,0,12,凱基-敦北,2024-01-16,9237
6830,汎銓,66,54,12,凱基-敦北,2024-01-16,9237
2618,長榮航,26,15,11,凱基-敦北,2024-01-16,9237
5211,蒙恬,11,0,11,凱基-敦北,2024-01-16,9237
5351,鈺創,12,1,11,凱基-敦北,2024-01-16,9237
9945,潤泰新,31,20,11,凱基-敦北,2024-01-16,9237
1303,南亞,10,0,10,凱基-敦北,2024-01-16,9237
3617,碩天,10,0,10,凱基-敦北,2024-01-16,9237
6235,華孚,10,0,10,凱基-敦北,2024-01-16,9237
8111,立��,10,0,10,凱基-敦北,2024-01-16,9237
1301,台塑,10,0,10,凱基-敦北,2024-01-16,9237
00878,國泰永續高股息,9,0,9,凱基-敦北,2024-01-16,9237
2353,宏��,14,5,9,凱基-敦北,2024-01-16,9237
2606,裕民,8,0,8,凱基-敦北,2024-01-16,9237
00751B,元大AAA至A公司債,11,3,8,凱基-敦北,2024-01-16,9237
2486,一詮,11,3,8,凱基-敦北,2024-01-16,9237
6104,創惟,8,0,8,凱基-敦北,2024-01-16,9237
1514,亞力,10,2,8,凱基-敦北,2024-01-16,9237
3032,偉訓,7,0,7,凱基-敦北,2024-01-16,9237
2882,國泰金,6,0,6,凱基-敦北,2024-01-16,9237
2892,第一金,6,0,6,凱基-敦北,2024-01-16,9237
00918,大華優利高填息30,6,0,6,凱基-敦北,2024-01-16,9237
2014,中鴻,7,1,6,凱基-敦北,2024-01-16,9237
2412,中華電,6,0,6,凱基-敦北,2024-01-16,9237
3021,鴻名,6,0,6,凱基-敦北,2024-01-16,9237
3522,御嵿,6,0,6,凱基-敦北,2024-01-16,9237
5244,弘凱,6,0,6,凱基-敦北,2024-01-16,9237
00882,中信中國高股息,186,6,180,凱基-敦北,2024-01-17,9237
00929,復華台灣科技優息,158,0,158,凱基-敦北,2024-01-17,9237
00919,群益台灣精選高息,129,5,124,凱基-敦北,2024-01-17,9237
2610,華航,113,1,112,凱基-敦北,2024-01-17,9237
4173,久裕,80,0,80,凱基-敦北,2024-01-17,9237
1809,中釉,75,0,75,凱基-敦北,2024-01-17,9237
1806,冠軍,60,0,60,凱基-敦北,2024-01-17,9237
8096,擎亞,71,21,50,凱基-敦北,2024-01-17,9237
00878,國泰永續高股息,45,2,43,凱基-敦北,2024-01-17,9237
2891,中信金,45,3,42,凱基-敦北,2024-01-17,9237
2303,聯電,33,4,29,凱基-敦北,2024-01-17,9237
2002,中鋼,28,0,28,凱基-敦北,2024-01-17,9237
1326,台化,28,0,28,凱基-敦北,2024-01-17,9237
0056,元大高股息,27,0,27,凱基-敦北,2024-01-17,9237
2352,佳世達,23,0,23,凱基-敦北,2024-01-17,9237
00679B,元大美債20年,20,0,20,凱基-敦北,2024-01-17,9237
1101,台泥,40,20,20,凱基-敦北,2024-01-17,9237
1815,富喬,20,0,20,凱基-敦北,2024-01-17,9237
6770,力積電,28,10,18,凱基-敦北,2024-01-17,9237
3305,昇貿,18,0,18,凱基-敦北,2024-01-17,9237
2363,矽統,18,1,17,凱基-敦北,2024-01-17,9237
3051,力特,26,9,17,凱基-敦北,2024-01-17,9237
2344,華邦電,15,0,15,凱基-敦北,2024-01-17,9237
3354,律勝,48,33,15,凱基-敦北,2024-01-17,9237
8299,群聯,15,1,14,凱基-敦北,2024-01-17,9237
3416,融程電,11,0,11,凱基-敦北,2024-01-17,9237
00687B,國泰20年美債,12,2,10,凱基-敦北,2024-01-17,9237
00746B,富邦A級公司債,10,0,10,凱基-敦北,2024-01-17,9237
1722,台肥,10,0,10,凱基-敦北,2024-01-17,9237
3645,達邁,10,0,10,凱基-敦北,2024-01-17,9237
5521,工信,10,0,10,凱基-敦北,2024-01-17,9237
6016,康和證,10,0,10,凱基-敦北,2024-01-17,9237
00927,群益半導體收益,20,10,10,凱基-敦北,2024-01-17,9237
2887,台新金,11,1,10,凱基-敦北,2024-01-17,9237
0050,元大台灣50,17,7,10,凱基-敦北,2024-01-17,9237
2014,中鴻,9,0,9,凱基-敦北,2024-01-17,9237
3032,偉訓,9,0,9,凱基-敦北,2024-01-17,9237
3694,海華,11,2,9,凱基-敦北,2024-01-17,9237
5880,合庫金,9,0,9,凱基-敦北,2024-01-17,9237
9945,潤泰新,40,31,9,凱基-敦北,2024-01-17,9237
4967,十銓,8,0,8,凱基-敦北,2024-01-17,9237
2308,台達電,8,0,8,凱基-敦北,2024-01-17,9237
3037,欣興,8,0,8,凱基-敦北,2024-01-17,9237
00937B,群益ESG投等債20,13,5,8,凱基-敦北,2024-01-17,9237
2323,中環,7,0,7,凱基-敦北,2024-01-17,9237
1301,台塑,6,0,6,凱基-敦北,2024-01-17,9237
2324,仁寶,13,7,6,凱基-敦北,2024-01-17,9237
3450,聯鈞,7,1,6,凱基-敦北,2024-01-17,9237
2892,第一金,6,0,6,凱基-敦北,2024-01-17,9237
00641R,富邦日本反1,6,0,6,凱基-敦北,2024-01-17,9237
2888,新光金,342,0,342,凱基-敦北,2024-01-18,9237
00929,復華台灣科技優息,60,10,50,凱基-敦北,2024-01-18,9237
3615,安可,50,0,50,凱基-敦北,2024-01-18,9237
1528,恩德,40,0,40,凱基-敦北,2024-01-18,9237
2610,華航,33,0,33,凱基-敦北,2024-01-18,9237
3305,昇貿,30,0,30,凱基-敦北,2024-01-18,9237
8111,立��,40,10,30,凱基-敦北,2024-01-18,9237
2002,中鋼,22,0,22,凱基-敦北,2024-01-18,9237
2409,友達,29,8,21,凱基-敦北,2024-01-18,9237
2882,國泰金,21,0,21,凱基-敦北,2024-01-18,9237
00671R,富邦NASDAQ反1,20,0,20,凱基-敦北,2024-01-18,9237
4909,新復興,20,0,20,凱基-敦北,2024-01-18,9237
5244,弘凱,20,0,20,凱基-敦北,2024-01-18,9237
0056,元大高股息,23,4,19,凱基-敦北,2024-01-18,9237
2637,慧洋-KY,20,1,19,凱基-敦北,2024-01-18,9237
3376,新日興,19,0,19,凱基-敦北,2024-01-18,9237
5324,士開,17,0,17,凱基-敦北,2024-01-18,9237
8112,至上,17,1,16,凱基-敦北,2024-01-18,9237
6830,汎銓,16,0,16,凱基-敦北,2024-01-18,9237
3437,榮創,16,1,15,凱基-敦北,2024-01-18,9237
3645,達邁,15,1,14,凱基-敦北,2024-01-18,9237
00882,中信中國高股息,13,0,13,凱基-敦北,2024-01-18,9237
2206,三陽工業,13,0,13,凱基-敦北,2024-01-18,9237
00919,群益台灣精選高息,13,0,13,凱基-敦北,2024-01-18,9237
00637L,元大滬深300正2,13,2,11,凱基-敦北,2024-01-18,9237
2368,金像電,26,16,10,凱基-敦北,2024-01-18,9237
00650L,復華香港正2,10,0,10,凱基-敦北,2024-01-18,9237
2820,華票,10,0,10,凱基-敦北,2024-01-18,9237
2889,國票金,10,0,10,凱基-敦北,2024-01-18,9237
3416,融程電,10,0,10,凱基-敦北,2024-01-18,9237
00632R,元大台灣50反1,10,1,9,凱基-敦北,2024-01-18,9237
4960,誠美材,9,0,9,凱基-敦北,2024-01-18,9237
2423,固緯,8,0,8,凱基-敦北,2024-01-18,9237
2618,長榮航,30,22,8,凱基-敦北,2024-01-18,9237
6104,創惟,25,17,8,凱基-敦北,2024-01-18,9237
9914,美利達,8,0,8,凱基-敦北,2024-01-18,9237
1101,台泥,7,0,7,凱基-敦北,2024-01-18,9237
2317,鴻海,7,1,6,凱基-敦北,2024-01-18,9237
1477,聚陽,7,1,6,凱基-敦北,2024-01-18,9237
00931B,統一美債20年,6,0,6,凱基-敦北,2024-01-18,9237
2382,廣達,8,2,6,凱基-敦北,2024-01-18,9237
5425,台半,8,2,6,凱基-敦北,2024-01-18,9237
5871,中租-KY,5,0,5,凱基-敦北,2024-01-18,9237
2329,華泰,5,0,5,凱基-敦北,2024-01-18,9237
00712,復華富時不動產,5,0,5,凱基-敦北,2024-01-18,9237
2303,聯電,8,3,5,凱基-敦北,2024-01-18,9237
2313,華通,10,5,5,凱基-敦北,2024-01-18,9237
3025,星通,12,7,5,凱基-敦北,2024-01-18,9237
4930,燦星網,5,0,5,凱基-敦北,2024-01-18,9237
6548,長科*,5,0,5,凱基-敦北,2024-01-18,9237
1809,中釉,150,0,150,凱基-敦北,2024-01-19,9237
3305,昇貿,108,0,108,凱基-敦北,2024-01-19,9237
00680L,元大美債20正2,93,0,93,凱基-敦北,2024-01-19,9237
00687B,國泰20年美債,85,28,57,凱基-敦北,2024-01-19,9237
1815,富喬,45,0,45,凱基-敦北,2024-01-19,9237
5443,均豪,42,1,41,凱基-敦北,2024-01-19,9237
2516,新建,40,0,40,凱基-敦北,2024-01-19,9237
00931B,統一美債20年,29,0,29,凱基-敦北,2024-01-19,9237
2014,中鴻,29,0,29,凱基-敦北,2024-01-19,9237
00882,中信中國高股息,26,0,26,凱基-敦北,2024-01-19,9237
1102,亞泥,25,0,25,凱基-敦北,2024-01-19,9237
6285,啟��,24,0,24,凱基-敦北,2024-01-19,9237
00679B,元大美債20年,24,0,24,凱基-敦北,2024-01-19,9237
3033,威健,23,0,23,凱基-敦北,2024-01-19,9237
2603,長榮,22,2,20,凱基-敦北,2024-01-19,9237
2390,云辰,20,0,20,凱基-敦北,2024-01-19,9237
5244,弘凱,20,0,20,凱基-敦北,2024-01-19,9237
8096,擎亞,60,42,18,凱基-敦北,2024-01-19,9237
00795B,中信美國公債20年,16,0,16,凱基-敦北,2024-01-19,9237
00696B,富邦美債20年,15,0,15,凱基-敦北,2024-01-19,9237
00929,復華台灣科技優息,13,0,13,凱基-敦北,2024-01-19,9237
6719,力智,12,0,12,凱基-敦北,2024-01-19,9237
00936,台新永續高息中小,10,0,10,凱基-敦北,2024-01-19,9237
00722B,群益投資級電信債,10,0,10,凱基-敦北,2024-01-19,9237
00746B,富邦A級公司債,10,0,10,凱基-敦北,2024-01-19,9237
3447,展達,10,0,10,凱基-敦北,2024-01-19,9237
5521,工信,10,0,10,凱基-敦北,2024-01-19,9237
00632R,元大台灣50反1,20,11,9,凱基-敦北,2024-01-19,9237
2609,陽明,20,11,9,凱基-敦北,2024-01-19,9237
00933B,國泰10Y+金融債,8,0,8,凱基-敦北,2024-01-19,9237
00770,國泰北美科技,7,0,7,凱基-敦北,2024-01-19,9237
2308,台達電,6,0,6,凱基-敦北,2024-01-19,9237
2884,玉山金,6,0,6,凱基-敦北,2024-01-19,9237
00751B,元大AAA至A公司債,6,0,6,凱基-敦北,2024-01-19,9237
2002,中鋼,6,0,6,凱基-敦北,2024-01-19,9237
2409,友達,8,2,6,凱基-敦北,2024-01-19,9237
6120,達運,7,1,6,凱基-敦北,2024-01-19,9237
9914,美利達,6,0,6,凱基-敦北,2024-01-19,9237
2883,凱基金,24,18,6,凱基-敦北,2024-01-19,9237
1514,亞力,5,0,5,凱基-敦北,2024-01-19,9237
1609,大亞,5,0,5,凱基-敦北,2024-01-19,9237
2412,中華電,5,0,5,凱基-敦北,2024-01-19,9237
2891,中信金,6,1,5,凱基-敦北,2024-01-19,9237
2905,三商,5,0,5,凱基-敦北,2024-01-19,9237
5328,華容,5,0,5,凱基-敦北,2024-01-19,9237
8011,台通,5,0,5,凱基-敦北,2024-01-19,9237
9802,鈺齊-KY,5,0,5,凱基-敦北,2024-01-19,9237
2886,兆豐金,4,0,4,凱基-敦北,2024-01-19,9237
3303,岱稜,4,0,4,凱基-敦北,2024-01-19,9237
3551,世禾,4,0,4,凱基-敦北,2024-01-19,9237
2618,長榮航,137,10,127,凱基-敦北,2024-01-22,9237
00918,大華優利高填息30,120,0,120,凱基-敦北,2024-01-22,9237
3712,永崴投控,100,0,100,凱基-敦北,2024-01-22,9237
00882,中信中國高股息,84,14,70,凱基-敦北,2024-01-22,9237
2363,矽統,79,10,69,凱基-敦北,2024-01-22,9237
1809,中釉,30,0,30,凱基-敦北,2024-01-22,9237
1101,台泥,27,0,27,凱基-敦北,2024-01-22,9237
3481,群創,51,25,26,凱基-敦北,2024-01-22,9237
2906,高林,21,0,21,凱基-敦北,2024-01-22,9237
00650L,復華香港正2,20,0,20,凱基-敦北,2024-01-22,9237
00632R,元大台灣50反1,20,0,20,凱基-敦北,2024-01-22,9237
00937B,群益ESG投等債20,19,0,19,凱基-敦北,2024-01-22,9237
2884,玉山金,19,0,19,凱基-敦北,2024-01-22,9237
00712,復華富時不動產,17,0,17,凱基-敦北,2024-01-22,9237
4173,久裕,17,0,17,凱基-敦北,2024-01-22,9237
2609,陽明,18,3,15,凱基-敦北,2024-01-22,9237
2353,宏��,17,2,15,凱基-敦北,2024-01-22,9237
4967,十銓,13,0,13,凱基-敦北,2024-01-22,9237
4133,亞諾法,12,0,12,凱基-敦北,2024-01-22,9237
2454,聯發科,13,2,11,凱基-敦北,2024-01-22,9237
00641R,富邦日本反1,10,0,10,凱基-敦北,2024-01-22,9237
00692,富邦公司治理,12,2,10,凱基-敦北,2024-01-22,9237
1528,恩德,10,0,10,凱基-敦北,2024-01-22,9237
3354,律勝,10,0,10,凱基-敦北,2024-01-22,9237
5244,弘凱,10,0,10,凱基-敦北,2024-01-22,9237
6116,彩晶,10,0,10,凱基-敦北,2024-01-22,9237
8163,達方,10,0,10,凱基-敦北,2024-01-22,9237
00751B,元大AAA至A公司債,8,0,8,凱基-敦北,2024-01-22,9237
2633,台灣高鐵,8,0,8,凱基-敦北,2024-01-22,9237
00752,中信中國50,7,0,7,凱基-敦北,2024-01-22,9237
2520,冠德,7,0,7,凱基-敦北,2024-01-22,9237
00881,國泰台灣5G+,12,6,6,凱基-敦北,2024-01-22,9237
6233,旺玖,8,2,6,凱基-敦北,2024-01-22,9237
00719B,元大美債1-3,5,0,5,凱基-敦北,2024-01-22,9237
00671R,富邦NASDAQ反1,5,0,5,凱基-敦北,2024-01-22,9237
1325,恆大,5,0,5,凱基-敦北,2024-01-22,9237
2453,凌群,6,1,5,凱基-敦北,2024-01-22,9237
2610,華航,5,0,5,凱基-敦北,2024-01-22,9237
3207,耀勝,5,0,5,凱基-敦北,2024-01-22,9237
4432,銘旺實,5,0,5,凱基-敦北,2024-01-22,9237
5324,士開,5,0,5,凱基-敦北,2024-01-22,9237
1733,五鼎,4,0,4,凱基-敦北,2024-01-22,9237
2014,中鴻,4,0,4,凱基-敦北,2024-01-22,9237
2329,華泰,12,8,4,凱基-敦北,2024-01-22,9237
3520,華盈,47,43,4,凱基-敦北,2024-01-22,9237
8059,凱碩,4,0,4,凱基-敦北,2024-01-22,9237
00681R,元大美債20反1,3,0,3,凱基-敦北,2024-01-22,9237
2317,鴻海,3,0,3,凱基-敦北,2024-01-22,9237
3673,TPK-KY,3,0,3,凱基-敦北,2024-01-22,9237
3694,海華,3,0,3,凱基-敦北,2024-01-22,9237
00687B,國泰20年美債,95,0,95,凱基-敦北,2024-01-23,9237
3712,永崴投控,86,0,86,凱基-敦北,2024-01-23,9237
00929,復華台灣科技優息,57,0,57,凱基-敦北,2024-01-23,9237
3354,律勝,40,6,34,凱基-敦北,2024-01-23,9237
1471,首利,32,0,32,凱基-敦北,2024-01-23,9237
3059,華晶科,37,7,30,凱基-敦北,2024-01-23,9237
6143,振曜,30,0,30,凱基-敦北,2024-01-23,9237
1503,士電,100,75,25,凱基-敦北,2024-01-23,9237
2382,廣達,32,10,22,凱基-敦北,2024-01-23,9237
6531,愛普*,25,5,20,凱基-敦北,2024-01-23,9237
3006,晶豪科,24,6,18,凱基-敦北,2024-01-23,9237
3483,力致,15,0,15,凱基-敦北,2024-01-23,9237
3380,明泰,16,3,13,凱基-敦北,2024-01-23,9237
3520,華盈,26,14,12,凱基-敦北,2024-01-23,9237
8096,擎亞,43,31,12,凱基-敦北,2024-01-23,9237
2324,仁寶,11,0,11,凱基-敦北,2024-01-23,9237
1528,恩德,70,60,10,凱基-敦北,2024-01-23,9237
1722,台肥,10,0,10,凱基-敦北,2024-01-23,9237
2352,佳世達,14,4,10,凱基-敦北,2024-01-23,9237
2449,京元電子,11,1,10,凱基-敦北,2024-01-23,9237
3416,融程電,10,0,10,凱基-敦北,2024-01-23,9237
3645,達邁,10,0,10,凱基-敦北,2024-01-23,9237
2368,金像電,10,1,9,凱基-敦北,2024-01-23,9237
00933B,國泰10Y+金融債,9,0,9,凱基-敦北,2024-01-23,9237
3706,神達,13,5,8,凱基-敦北,2024-01-23,9237
4173,久裕,8,0,8,凱基-敦北,2024-01-23,9237
00922,國泰台灣領袖50,7,0,7,凱基-敦北,2024-01-23,9237
2454,聯發科,6,0,6,凱基-敦北,2024-01-23,9237
00679B,元大美債20年,6,0,6,凱基-敦北,2024-01-23,9237
2465,麗臺,7,1,6,凱基-敦北,2024-01-23,9237
3338,泰碩,6,0,6,凱基-敦北,2024-01-23,9237
5498,凱崴,6,0,6,凱基-敦北,2024-01-23,9237
00937B,群益ESG投等債20,6,1,5,凱基-敦北,2024-01-23,9237
00673R,期元大S＆P原油反1,5,0,5,凱基-敦北,2024-01-23,9237
00655L,國泰中國A50正2,10,5,5,凱基-敦北,2024-01-23,9237
1795,美時,10,5,5,凱基-敦北,2024-01-23,9237
3563,牧德,5,0,5,凱基-敦北,2024-01-23,9237
8069,元太,6,1,5,凱基-敦北,2024-01-23,9237
3035,智原,7,2,5,凱基-敦北,2024-01-23,9237
00637L,元大滬深300正2,4,0,4,凱基-敦北,2024-01-23,9237
2313,華通,6,2,4,凱基-敦北,2024-01-23,9237
6104,創惟,8,4,4,凱基-敦北,2024-01-23,9237
00720B,元大投資級公司債,3,0,3,凱基-敦北,2024-01-23,9237
00639,富邦深100,3,0,3,凱基-敦北,2024-01-23,9237
2467,志聖,3,0,3,凱基-敦北,2024-01-23,9237
3005,神基,3,0,3,凱基-敦北,2024-01-23,9237
3033,威健,3,0,3,凱基-敦北,2024-01-23,9237
6112,邁達特,3,0,3,凱基-敦北,2024-01-23,9237
6292,迅德,3,0,3,凱基-敦北,2024-01-23,9237
6806,森崴能源,3,0,3,凱基-敦北,2024-01-23,9237
6274,台燿,57,2,55,凱基-敦北,2024-01-24,9237
3312,弘憶股,55,7,48,凱基-敦北,2024-01-24,9237
2356,英業達,52,11,41,凱基-敦北,2024-01-24,9237
9945,潤泰新,40,0,40,凱基-敦北,2024-01-24,9237
00937B,群益ESG投等債20,35,0,35,凱基-敦北,2024-01-24,9237
00720B,元大投資級公司債,35,1,34,凱基-敦北,2024-01-24,9237
1514,亞力,35,2,33,凱基-敦北,2024-01-24,9237
6830,汎銓,33,0,33,凱基-敦北,2024-01-24,9237
4967,十銓,61,30,31,凱基-敦北,2024-01-24,9237
3520,華盈,30,1,29,凱基-敦北,2024-01-24,9237
2002,中鋼,25,1,24,凱基-敦北,2024-01-24,9237
8996,高力,24,3,21,凱基-敦北,2024-01-24,9237
1504,東元,20,0,20,凱基-敦北,2024-01-24,9237
00688L,國泰20年美債正2,20,0,20,凱基-敦北,2024-01-24,9237
1806,冠軍,20,0,20,凱基-敦北,2024-01-24,9237
3006,晶豪科,26,6,20,凱基-敦北,2024-01-24,9237
8059,凱碩,20,0,20,凱基-敦北,2024-01-24,9237
2618,長榮航,22,3,19,凱基-敦北,2024-01-24,9237
3005,神基,22,4,18,凱基-敦北,2024-01-24,9237
5244,弘凱,17,0,17,凱基-敦北,2024-01-24,9237
3712,永崴投控,50,36,14,凱基-敦北,2024-01-24,9237
6531,愛普*,15,1,14,凱基-敦北,2024-01-24,9237
2355,敬鵬,11,0,11,凱基-敦北,2024-01-24,9237
2409,友達,12,1,11,凱基-敦北,2024-01-24,9237
2352,佳世達,10,0,10,凱基-敦北,2024-01-24,9237
2439,美律,10,0,10,凱基-敦北,2024-01-24,9237
3036,文曄,11,1,10,凱基-敦北,2024-01-24,9237
3354,律勝,10,0,10,凱基-敦北,2024-01-24,9237
6125,廣運,10,0,10,凱基-敦北,2024-01-24,9237
8932,智通*,10,0,10,凱基-敦北,2024-01-24,9237
00751B,元大AAA至A公司債,7,0,7,凱基-敦北,2024-01-24,9237
2883,凱基金,17,10,7,凱基-敦北,2024-01-24,9237
2886,兆豐金,7,0,7,凱基-敦北,2024-01-24,9237
00919,群益台灣精選高息,8,2,6,凱基-敦北,2024-01-24,9237
8086,宏捷科,11,5,6,凱基-敦北,2024-01-24,9237
00882,中信中國高股息,6,1,5,凱基-敦北,2024-01-24,9237
00900,富邦特選高股息30,5,0,5,凱基-敦北,2024-01-24,9237
00712,復華富時不動產,5,0,5,凱基-敦北,2024-01-24,9237
3207,耀勝,5,0,5,凱基-敦北,2024-01-24,9237
3264,欣銓,6,1,5,凱基-敦北,2024-01-24,9237
3380,明泰,6,1,5,凱基-敦北,2024-01-24,9237
3666,光耀,5,0,5,凱基-敦北,2024-01-24,9237
4906,正文,5,0,5,凱基-敦北,2024-01-24,9237
4909,新復興,29,24,5,凱基-敦北,2024-01-24,9237
6589,台康生技,5,0,5,凱基-敦北,2024-01-24,9237
6712,長聖,5,0,5,凱基-敦北,2024-01-24,9237
2308,台達電,7,2,5,凱基-敦北,2024-01-24,9237
2023,燁輝,4,0,4,凱基-敦北,2024-01-24,9237
6285,啟��,4,0,4,凱基-敦北,2024-01-24,9237
6546,正基,5,1,4,凱基-敦北,2024-01-24,9237
00882,中信中國高股息,300,4,296,凱基-敦北,2024-01-25,9237
8096,擎亞,126,6,120,凱基-敦北,2024-01-25,9237
3005,神基,81,1,80,凱基-敦北,2024-01-25,9237
1101,台泥,50,0,50,凱基-敦北,2024-01-25,9237
4909,新復興,73,27,46,凱基-敦北,2024-01-25,9237
1809,中釉,31,0,31,凱基-敦北,2024-01-25,9237
6274,台燿,78,49,29,凱基-敦北,2024-01-25,9237
9945,潤泰新,29,1,28,凱基-敦北,2024-01-25,9237
00937B,群益ESG投等債20,28,0,28,凱基-敦北,2024-01-25,9237
2344,華邦電,27,1,26,凱基-敦北,2024-01-25,9237
5244,弘凱,24,0,24,凱基-敦北,2024-01-25,9237
6263,普萊德,23,0,23,凱基-敦北,2024-01-25,9237
3712,永崴投控,22,0,22,凱基-敦北,2024-01-25,9237
8064,東捷,24,2,22,凱基-敦北,2024-01-25,9237
3520,華盈,22,1,21,凱基-敦北,2024-01-25,9237
6285,啟��,20,0,20,凱基-敦北,2024-01-25,9237
8996,高力,20,0,20,凱基-敦北,2024-01-25,9237
1514,亞力,22,3,19,凱基-敦北,2024-01-25,9237
4162,智擎,20,2,18,凱基-敦北,2024-01-25,9237
0056,元大高股息,21,6,15,凱基-敦北,2024-01-25,9237
6245,立端,26,11,15,凱基-敦北,2024-01-25,9237
00687B,國泰20年美債,14,0,14,凱基-敦北,2024-01-25,9237
00919,群益台灣精選高息,18,4,14,凱基-敦北,2024-01-25,9237
00878,國泰永續高股息,16,3,13,凱基-敦北,2024-01-25,9237
3580,友威科,13,0,13,凱基-敦北,2024-01-25,9237
00679B,元大美債20年,13,0,13,凱基-敦北,2024-01-25,9237
3033,威健,15,3,12,凱基-敦北,2024-01-25,9237
6683,雍智科技,12,0,12,凱基-敦北,2024-01-25,9237
00931B,統一美債20年,11,0,11,凱基-敦北,2024-01-25,9237
4755,三福化,11,0,11,凱基-敦北,2024-01-25,9237
6116,彩晶,11,0,11,凱基-敦北,2024-01-25,9237
2409,友達,11,1,10,凱基-敦北,2024-01-25,9237
00632R,元大台灣50反1,10,0,10,凱基-敦北,2024-01-25,9237
1815,富喬,10,0,10,凱基-敦北,2024-01-25,9237
2515,中工,10,0,10,凱基-敦北,2024-01-25,9237
6117,迎廣,11,1,10,凱基-敦北,2024-01-25,9237
2454,聯發科,10,1,9,凱基-敦北,2024-01-25,9237
3231,緯創,50,40,10,凱基-敦北,2024-01-25,9237
5324,士開,9,0,9,凱基-敦北,2024-01-25,9237
2393,億光,8,0,8,凱基-敦北,2024-01-25,9237
00680L,元大美債20正2,8,0,8,凱基-敦北,2024-01-25,9237
2356,英業達,19,12,7,凱基-敦北,2024-01-25,9237
6130,上亞科技,7,0,7,凱基-敦北,2024-01-25,9237
00720B,元大投資級公司債,8,1,7,凱基-敦北,2024-01-25,9237
3645,達邁,11,5,6,凱基-敦北,2024-01-25,9237
2637,慧洋-KY,5,0,5,凱基-敦北,2024-01-25,9237
2352,佳世達,5,0,5,凱基-敦北,2024-01-25,9237
2401,凌陽,5,0,5,凱基-敦北,2024-01-25,9237
3689,湧德,5,0,5,凱基-敦北,2024-01-25,9237
8358,金居,5,0,5,凱基-敦北,2024-01-25,9237
3231,緯創,84,18,66,凱基-敦北,2024-01-26,9237
1809,中釉,44,0,44,凱基-敦北,2024-01-26,9237
2906,高林,40,1,39,凱基-敦北,2024-01-26,9237
3305,昇貿,39,0,39,凱基-敦北,2024-01-26,9237
2303,聯電,38,5,33,凱基-敦北,2024-01-26,9237
4746,台耀,36,4,32,凱基-敦北,2024-01-26,9237
2368,金像電,30,0,30,凱基-敦北,2024-01-26,9237
3360,尚立,40,11,29,凱基-敦北,2024-01-26,9237
4979,華星光,32,7,25,凱基-敦北,2024-01-26,9237
00882,中信中國高股息,23,0,23,凱基-敦北,2024-01-26,9237
3402,漢科,21,3,18,凱基-敦北,2024-01-26,9237
00878,國泰永續高股息,18,3,15,凱基-敦北,2024-01-26,9237
5244,弘凱,15,0,15,凱基-敦北,2024-01-26,9237
00687B,國泰20年美債,16,2,14,凱基-敦北,2024-01-26,9237
2618,長榮航,13,0,13,凱基-敦北,2024-01-26,9237
00937B,群益ESG投等債20,12,0,12,凱基-敦北,2024-01-26,9237
8996,高力,12,0,12,凱基-敦北,2024-01-26,9237
00632R,元大台灣50反1,11,0,11,凱基-敦北,2024-01-26,9237
6265,方土昶,22,11,11,凱基-敦北,2024-01-26,9237
00637L,元大滬深300正2,10,0,10,凱基-敦北,2024-01-26,9237
1815,富喬,10,0,10,凱基-敦北,2024-01-26,9237
2352,佳世達,10,0,10,凱基-敦北,2024-01-26,9237
2888,新光金,10,0,10,凱基-敦北,2024-01-26,9237
6024,群益期,10,0,10,凱基-敦北,2024-01-26,9237
8081,致新,10,0,10,凱基-敦北,2024-01-26,9237
2609,陽明,12,3,9,凱基-敦北,2024-01-26,9237
00919,群益台灣精選高息,10,1,9,凱基-敦北,2024-01-26,9237
8059,凱碩,9,0,9,凱基-敦北,2024-01-26,9237
6234,高僑,8,0,8,凱基-敦北,2024-01-26,9237
6274,台燿,10,2,8,凱基-敦北,2024-01-26,9237
3481,群創,24,17,7,凱基-敦北,2024-01-26,9237
2454,聯發科,7,0,7,凱基-敦北,2024-01-26,9237
4162,智擎,8,1,7,凱基-敦北,2024-01-26,9237
5426,振發,7,0,7,凱基-敦北,2024-01-26,9237
00929,復華台灣科技優息,15,9,6,凱基-敦北,2024-01-26,9237
2548,華固,6,0,6,凱基-敦北,2024-01-26,9237
6233,旺玖,10,4,6,凱基-敦北,2024-01-26,9237
8431,匯鑽科,6,0,6,凱基-敦北,2024-01-26,9237
1519,華城,10,4,6,凱基-敦北,2024-01-26,9237
6462,神盾,5,0,5,凱基-敦北,2024-01-26,9237
2382,廣達,13,8,5,凱基-敦北,2024-01-26,9237
2324,仁寶,6,1,5,凱基-敦北,2024-01-26,9237
00712,復華富時不動產,5,0,5,凱基-敦北,2024-01-26,9237
00664R,國泰臺灣加權反1,5,0,5,凱基-敦北,2024-01-26,9237
00655L,國泰中國A50正2,5,0,5,凱基-敦北,2024-01-26,9237
2528,皇普,5,0,5,凱基-敦北,2024-01-26,9237
3374,精材,5,0,5,凱基-敦北,2024-01-26,9237
6143,振曜,6,1,5,凱基-敦北,2024-01-26,9237
0056,元大高股息,5,1,4,凱基-敦北,2024-01-26,9237
00918,大華優利高填息30,4,0,4,凱基-敦北,2024-01-26,9237
1809,中釉,201,75,126,凱基-敦北,2024-01-29,9237
4109,加捷生醫,73,3,70,凱基-敦北,2024-01-29,9237
00937B,群益ESG投等債20,53,0,53,凱基-敦北,2024-01-29,9237
9925,新保,50,0,50,凱基-敦北,2024-01-29,9237
3071,協禧,48,2,46,凱基-敦北,2024-01-29,9237
3231,緯創,70,27,43,凱基-敦北,2024-01-29,9237
00687B,國泰20年美債,32,0,32,凱基-敦北,2024-01-29,9237
3376,新日興,40,11,29,凱基-敦北,2024-01-29,9237
5211,蒙恬,22,0,22,凱基-敦北,2024-01-29,9237
8996,高力,22,0,22,凱基-敦北,2024-01-29,9237
00720B,元大投資級公司債,20,0,20,凱基-敦北,2024-01-29,9237
2618,長榮航,53,35,18,凱基-敦北,2024-01-29,9237
2002,中鋼,15,0,15,凱基-敦北,2024-01-29,9237
3581,博磊,14,0,14,凱基-敦北,2024-01-29,9237
8096,擎亞,19,5,14,凱基-敦北,2024-01-29,9237
2609,陽明,16,3,13,凱基-敦北,2024-01-29,9237
2431,聯昌,11,0,11,凱基-敦北,2024-01-29,9237
1101,台泥,10,0,10,凱基-敦北,2024-01-29,9237
00641R,富邦日本反1,10,0,10,凱基-敦北,2024-01-29,9237
00919,群益台灣精選高息,9,1,8,凱基-敦北,2024-01-29,9237
2888,新光金,10,2,8,凱基-敦北,2024-01-29,9237
00679B,元大美債20年,8,1,7,凱基-敦北,2024-01-29,9237
00733,富邦臺灣中小,6,0,6,凱基-敦北,2024-01-29,9237
00654R,富邦印度反1,6,0,6,凱基-敦北,2024-01-29,9237
00931B,統一美債20年,6,0,6,凱基-敦北,2024-01-29,9237
4979,華星光,20,14,6,凱基-敦北,2024-01-29,9237
2303,聯電,15,10,5,凱基-敦北,2024-01-29,9237
00918,大華優利高填息30,6,1,5,凱基-敦北,2024-01-29,9237
00752,中信中國50,5,0,5,凱基-敦北,2024-01-29,9237
5244,弘凱,5,0,5,凱基-敦北,2024-01-29,9237
5426,振發,14,9,5,凱基-敦北,2024-01-29,9237
5450,南良,5,0,5,凱基-敦北,2024-01-29,9237
00673R,期元大S＆P原油反1,4,0,4,凱基-敦北,2024-01-29,9237
1783,和康生,4,0,4,凱基-敦北,2024-01-29,9237
2211,長榮鋼,4,0,4,凱基-敦北,2024-01-29,9237
2365,昆盈,6,2,4,凱基-敦北,2024-01-29,9237
2409,友達,4,0,4,凱基-敦北,2024-01-29,9237
2906,高林,5,1,4,凱基-敦北,2024-01-29,9237
3037,欣興,5,1,4,凱基-敦北,2024-01-29,9237
3706,神達,4,0,4,凱基-敦北,2024-01-29,9237
6695,芯鼎,5,1,4,凱基-敦北,2024-01-29,9237
1303,南亞,4,1,3,凱基-敦北,2024-01-29,9237
00885,富邦越南,3,0,3,凱基-敦北,2024-01-29,9237
2634,漢翔,3,0,3,凱基-敦北,2024-01-29,9237
2641,正德,3,0,3,凱基-敦北,2024-01-29,9237
3520,華盈,3,0,3,凱基-敦北,2024-01-29,9237
2504,國產,2,0,2,凱基-敦北,2024-01-29,9237
2376,技嘉,2,0,2,凱基-敦北,2024-01-29,9237
00751B,元大AAA至A公司債,2,0,2,凱基-敦北,2024-01-29,9237
00795B,中信美國公債20年,2,0,2,凱基-敦北,2024-01-29,9237
8996,高力,51,0,51,凱基-敦北,2024-01-30,9237
2548,華固,32,0,32,凱基-敦北,2024-01-30,9237
4960,誠美材,30,0,30,凱基-敦北,2024-01-30,9237
3231,緯創,62,36,26,凱基-敦北,2024-01-30,9237
3712,永崴投控,21,0,21,凱基-敦北,2024-01-30,9237
1722,台肥,20,0,20,凱基-敦北,2024-01-30,9237
6233,旺玖,20,0,20,凱基-敦北,2024-01-30,9237
00637L,元大滬深300正2,19,0,19,凱基-敦北,2024-01-30,9237
2723,美食-KY,18,0,18,凱基-敦北,2024-01-30,9237
2889,國票金,18,0,18,凱基-敦北,2024-01-30,9237
00882,中信中國高股息,17,0,17,凱基-敦北,2024-01-30,9237
2609,陽明,17,0,17,凱基-敦北,2024-01-30,9237
6165,浪凡,98,81,17,凱基-敦北,2024-01-30,9237
2834,臺企銀,16,0,16,凱基-敦北,2024-01-30,9237
00919,群益台灣精選高息,15,0,15,凱基-敦北,2024-01-30,9237
3481,群創,46,32,14,凱基-敦北,2024-01-30,9237
2324,仁寶,14,1,13,凱基-敦北,2024-01-30,9237
00679B,元大美債20年,12,0,12,凱基-敦北,2024-01-30,9237
6667,信紘科,12,0,12,凱基-敦北,2024-01-30,9237
9945,潤泰新,12,0,12,凱基-敦北,2024-01-30,9237
2303,聯電,14,3,11,凱基-敦北,2024-01-30,9237
3645,達邁,11,0,11,凱基-敦北,2024-01-30,9237
00720B,元大投資級公司債,10,0,10,凱基-敦北,2024-01-30,9237
00650L,復華香港正2,10,0,10,凱基-敦北,2024-01-30,9237
2883,凱基金,14,4,10,凱基-敦北,2024-01-30,9237
4129,聯合,11,2,9,凱基-敦北,2024-01-30,9237
3055,蔚華科,26,18,8,凱基-敦北,2024-01-30,9237
1504,東元,8,0,8,凱基-敦北,2024-01-30,9237
6104,創惟,8,0,8,凱基-敦北,2024-01-30,9237
2344,華邦電,7,0,7,凱基-敦北,2024-01-30,9237
3380,明泰,10,3,7,凱基-敦北,2024-01-30,9237
5009,榮剛,9,2,7,凱基-敦北,2024-01-30,9237
8210,勤誠,10,3,7,凱基-敦北,2024-01-30,9237
6274,台燿,12,5,7,凱基-敦北,2024-01-30,9237
5871,中租-KY,6,0,6,凱基-敦北,2024-01-30,9237
1809,中釉,60,54,6,凱基-敦北,2024-01-30,9237
3297,杭特,6,0,6,凱基-敦北,2024-01-30,9237
2382,廣達,12,6,6,凱基-敦北,2024-01-30,9237
00655L,國泰中國A50正2,5,0,5,凱基-敦北,2024-01-30,9237
1513,中興電,11,6,5,凱基-敦北,2024-01-30,9237
3312,弘憶股,9,4,5,凱基-敦北,2024-01-30,9237
3689,湧德,5,0,5,凱基-敦北,2024-01-30,9237
5244,弘凱,5,0,5,凱基-敦北,2024-01-30,9237
7402,邑錡,5,0,5,凱基-敦北,2024-01-30,9237
2201,裕隆,4,0,4,凱基-敦北,2024-01-30,9237
2393,億光,4,0,4,凱基-敦北,2024-01-30,9237
2633,台灣高鐵,4,0,4,凱基-敦北,2024-01-30,9237
4109,加捷生醫,4,0,4,凱基-敦北,2024-01-30,9237
8071,能率網通,4,0,4,凱基-敦北,2024-01-30,9237
8112,至上,4,0,4,凱基-敦北,2024-01-30,9237
1314,中石化,100,0,100,凱基-敦北,2024-01-31,9237
3712,永崴投控,100,0,100,凱基-敦北,2024-01-31,9237
3520,華盈,81,6,75,凱基-敦北,2024-01-31,9237
00637L,元大滬深300正2,64,1,63,凱基-敦北,2024-01-31,9237
4173,久裕,43,0,43,凱基-敦北,2024-01-31,9237
2356,英業達,41,6,35,凱基-敦北,2024-01-31,9237
00687B,國泰20年美債,34,2,32,凱基-敦北,2024-01-31,9237
2548,華固,30,0,30,凱基-敦北,2024-01-31,9237
4909,新復興,30,0,30,凱基-敦北,2024-01-31,9237
3231,緯創,37,13,24,凱基-敦北,2024-01-31,9237
3036,文曄,31,10,21,凱基-敦北,2024-01-31,9237
00633L,富邦上証正2,20,0,20,凱基-敦北,2024-01-31,9237
00632R,元大台灣50反1,20,0,20,凱基-敦北,2024-01-31,9237
6143,振曜,20,2,18,凱基-敦北,2024-01-31,9237
00919,群益台灣精選高息,41,24,17,凱基-敦北,2024-01-31,9237
2609,陽明,17,2,15,凱基-敦北,2024-01-31,9237
1809,中釉,75,62,13,凱基-敦北,2024-01-31,9237
2303,聯電,18,7,11,凱基-敦北,2024-01-31,9237
2368,金像電,60,50,10,凱基-敦北,2024-01-31,9237
8076,伍豐,10,0,10,凱基-敦北,2024-01-31,9237
9945,潤泰新,30,20,10,凱基-敦北,2024-01-31,9237
1503,士電,21,12,9,凱基-敦北,2024-01-31,9237
8210,勤誠,11,2,9,凱基-敦北,2024-01-31,9237
00679B,元大美債20年,9,1,8,凱基-敦北,2024-01-31,9237
00751B,元大AAA至A公司債,9,1,8,凱基-敦北,2024-01-31,9237
2528,皇普,8,0,8,凱基-敦北,2024-01-31,9237
2330,台積電,11,3,8,凱基-敦北,2024-01-31,9237
2883,凱基金,7,0,7,凱基-敦北,2024-01-31,9237
3481,群創,11,5,6,凱基-敦北,2024-01-31,9237
2467,志聖,6,0,6,凱基-敦北,2024-01-31,9237
2888,新光金,6,0,6,凱基-敦北,2024-01-31,9237
3033,威健,6,0,6,凱基-敦北,2024-01-31,9237
6229,研通,6,0,6,凱基-敦北,2024-01-31,9237
1325,恆大,6,1,5,凱基-敦北,2024-01-31,9237
00713,元大台灣高息低波,5,0,5,凱基-敦北,2024-01-31,9237
00712,復華富時不動產,5,0,5,凱基-敦北,2024-01-31,9237
00673R,期元大S＆P原油反1,5,0,5,凱基-敦北,2024-01-31,9237
00770,國泰北美科技,5,0,5,凱基-敦北,2024-01-31,9237
2897,王道銀行,5,0,5,凱基-敦北,2024-01-31,9237
4188,安克,5,0,5,凱基-敦北,2024-01-31,9237
5009,榮剛,5,0,5,凱基-敦北,2024-01-31,9237
5425,台半,6,1,5,凱基-敦北,2024-01-31,9237
6165,浪凡,5,0,5,凱基-敦北,2024-01-31,9237
6695,芯鼎,10,5,5,凱基-敦北,2024-01-31,9237
00882,中信中國高股息,6,1,5,凱基-敦北,2024-01-31,9237
00929,復華台灣科技優息,4,0,4,凱基-敦北,2024-01-31,9237
1101,台泥,6,2,4,凱基-敦北,2024-01-31,9237
2634,漢翔,4,0,4,凱基-敦北,2024-01-31,9237
3035,智原,6,2,4,凱基-敦北,2024-01-31,9237
3607,谷崧,4,0,4,凱基-敦北,2024-01-31,9237
6282,康舒,253,130,123,凱基-敦北,2024-02-01,9237
00680L,元大美債20正2,55,0,55,凱基-敦北,2024-02-01,9237
5272,笙科,50,0,50,凱基-敦北,2024-02-01,9237
00687B,國泰20年美債,33,7,26,凱基-敦北,2024-02-01,9237
8011,台通,24,0,24,凱基-敦北,2024-02-01,9237
2303,聯電,27,4,23,凱基-敦北,2024-02-01,9237
2548,華固,20,0,20,凱基-敦北,2024-02-01,9237
3702,大聯大,20,0,20,凱基-敦北,2024-02-01,9237
2362,藍天,20,1,19,凱基-敦北,2024-02-01,9237
3711,日月光投控,17,0,17,凱基-敦北,2024-02-01,9237
00929,復華台灣科技優息,15,0,15,凱基-敦北,2024-02-01,9237
2002,中鋼,15,0,15,凱基-敦北,2024-02-01,9237
6584,南俊國際,16,2,14,凱基-敦北,2024-02-01,9237
2337,旺宏,14,0,14,凱基-敦北,2024-02-01,9237
00712,復華富時不動產,14,0,14,凱基-敦北,2024-02-01,9237
1325,恆大,20,7,13,凱基-敦北,2024-02-01,9237
5258,虹堡,14,1,13,凱基-敦北,2024-02-01,9237
2332,友訊,14,2,12,凱基-敦北,2024-02-01,9237
00646,元大S＆P500,10,0,10,凱基-敦北,2024-02-01,9237
2537,聯上發,10,0,10,凱基-敦北,2024-02-01,9237
5512,力麒,10,0,10,凱基-敦北,2024-02-01,9237
6237,驊訊,18,8,10,凱基-敦北,2024-02-01,9237
2409,友達,9,0,9,凱基-敦北,2024-02-01,9237
1316,上曜,10,1,9,凱基-敦北,2024-02-01,9237
2365,昆盈,9,0,9,凱基-敦北,2024-02-01,9237
2889,國票金,27,18,9,凱基-敦北,2024-02-01,9237
3354,律勝,8,0,8,凱基-敦北,2024-02-01,9237
3520,華盈,15,7,8,凱基-敦北,2024-02-01,9237
4908,前鼎,13,6,7,凱基-敦北,2024-02-01,9237
6265,方土昶,9,2,7,凱基-敦北,2024-02-01,9237
6274,台燿,23,16,7,凱基-敦北,2024-02-01,9237
2454,聯發科,8,1,7,凱基-敦北,2024-02-01,9237
0050,元大台灣50,6,0,6,凱基-敦北,2024-02-01,9237
00937B,群益ESG投等債20,6,0,6,凱基-敦北,2024-02-01,9237
2498,宏達電,10,4,6,凱基-敦北,2024-02-01,9237
3035,智原,17,12,5,凱基-敦北,2024-02-01,9237
1609,大亞,5,0,5,凱基-敦北,2024-02-01,9237
3231,緯創,13,8,5,凱基-敦北,2024-02-01,9237
4707,磐亞,5,0,5,凱基-敦北,2024-02-01,9237
6165,浪凡,5,0,5,凱基-敦北,2024-02-01,9237
6245,立端,5,0,5,凱基-敦北,2024-02-01,9237
00919,群益台灣精選高息,4,0,4,凱基-敦北,2024-02-01,9237
3607,谷崧,4,0,4,凱基-敦北,2024-02-01,9237
3653,健策,4,0,4,凱基-敦北,2024-02-01,9237
4109,加捷生醫,4,0,4,凱基-敦北,2024-02-01,9237
5269,祥碩,6,2,4,凱基-敦北,2024-02-01,9237
8071,能率網通,4,0,4,凱基-敦北,2024-02-01,9237
00878,國泰永續高股息,10,7,3,凱基-敦北,2024-02-01,9237
2812,台中銀,9,6,3,凱基-敦北,2024-02-01,9237
00662,富邦NASDAQ,3,0,3,凱基-敦北,2024-02-01,9237
00937B,群益ESG投等債20,1025,10,1015,凱基-敦北,2024-02-02,9237
1514,亞力,136,28,108,凱基-敦北,2024-02-02,9237
2609,陽明,56,3,53,凱基-敦北,2024-02-02,9237
4909,新復興,50,0,50,凱基-敦北,2024-02-02,9237
1513,中興電,52,5,47,凱基-敦北,2024-02-02,9237
1809,中釉,45,0,45,凱基-敦北,2024-02-02,9237
8071,能率網通,44,0,44,凱基-敦北,2024-02-02,9237
3712,永崴投控,25,0,25,凱基-敦北,2024-02-02,9237
00679B,元大美債20年,24,0,24,凱基-敦北,2024-02-02,9237
1234,黑松,20,0,20,凱基-敦北,2024-02-02,9237
2548,華固,20,0,20,凱基-敦北,2024-02-02,9237
4979,華星光,28,10,18,凱基-敦北,2024-02-02,9237
3483,力致,22,5,17,凱基-敦北,2024-02-02,9237
2528,皇普,16,0,16,凱基-敦北,2024-02-02,9237
4908,前鼎,21,5,16,凱基-敦北,2024-02-02,9237
00680L,元大美債20正2,31,17,14,凱基-敦北,2024-02-02,9237
3490,單井,14,0,14,凱基-敦北,2024-02-02,9237
0056,元大高股息,13,0,13,凱基-敦北,2024-02-02,9237
2206,三陽工業,13,0,13,凱基-敦北,2024-02-02,9237
8936,國統,14,1,13,凱基-敦北,2024-02-02,9237
3481,群創,35,23,12,凱基-敦北,2024-02-02,9237
5347,世界,13,1,12,凱基-敦北,2024-02-02,9237
2002,中鋼,11,0,11,凱基-敦北,2024-02-02,9237
2313,華通,14,3,11,凱基-敦北,2024-02-02,9237
8996,高力,34,23,11,凱基-敦北,2024-02-02,9237
2888,新光金,10,0,10,凱基-敦北,2024-02-02,9237
2303,聯電,21,11,10,凱基-敦北,2024-02-02,9237
3081,聯亞,40,30,10,凱基-敦北,2024-02-02,9237
4402,郡都開發,10,0,10,凱基-敦北,2024-02-02,9237
6243,迅杰,10,0,10,凱基-敦北,2024-02-02,9237
2066,世德,9,0,9,凱基-敦北,2024-02-02,9237
2891,中信金,8,0,8,凱基-敦北,2024-02-02,9237
3047,訊舟,10,2,8,凱基-敦北,2024-02-02,9237
3653,健策,11,3,8,凱基-敦北,2024-02-02,9237
5009,榮剛,44,36,8,凱基-敦北,2024-02-02,9237
00900,富邦特選高股息30,7,0,7,凱基-敦北,2024-02-02,9237
2883,凱基金,8,1,7,凱基-敦北,2024-02-02,9237
8076,伍豐,7,0,7,凱基-敦北,2024-02-02,9237
8354,冠好,7,0,7,凱基-敦北,2024-02-02,9237
00690,兆豐藍籌30,6,0,6,凱基-敦北,2024-02-02,9237
2530,華建,6,0,6,凱基-敦北,2024-02-02,9237
3362,先進光,11,5,6,凱基-敦北,2024-02-02,9237
3520,華盈,14,8,6,凱基-敦北,2024-02-02,9237
5439,高技,6,0,6,凱基-敦北,2024-02-02,9237
5512,力麒,6,0,6,凱基-敦北,2024-02-02,9237
00918,大華優利高填息30,5,0,5,凱基-敦北,2024-02-02,9237
00858,永豐美國500大,5,0,5,凱基-敦北,2024-02-02,9237
00753L,中信中國50正2,5,0,5,凱基-敦北,2024-02-02,9237
00633L,富邦上証正2,6,1,5,凱基-敦北,2024-02-02,9237
2324,仁寶,5,0,5,凱基-敦北,2024-02-02,9237
6282,康舒,111,1,110,凱基-敦北,2024-02-05,9237
00680L,元大美債20正2,129,60,69,凱基-敦北,2024-02-05,9237
00720B,元大投資級公司債,63,1,62,凱基-敦北,2024-02-05,9237
3479,安勤,53,0,53,凱基-敦北,2024-02-05,9237
00878,國泰永續高股息,73,21,52,凱基-敦北,2024-02-05,9237
4173,久裕,50,0,50,凱基-敦北,2024-02-05,9237
00918,大華優利高填息30,47,0,47,凱基-敦北,2024-02-05,9237
00919,群益台灣精選高息,47,1,46,凱基-敦北,2024-02-05,9237
3231,緯創,88,45,43,凱基-敦北,2024-02-05,9237
00687B,國泰20年美債,39,0,39,凱基-敦北,2024-02-05,9237
8071,能率網通,38,0,38,凱基-敦北,2024-02-05,9237
00937B,群益ESG投等債20,35,1,34,凱基-敦北,2024-02-05,9237
6213,聯茂,38,5,33,凱基-敦北,2024-02-05,9237
00696B,富邦美債20年,25,0,25,凱基-敦北,2024-02-05,9237
5439,高技,26,1,25,凱基-敦北,2024-02-05,9237
5211,蒙恬,23,0,23,凱基-敦北,2024-02-05,9237
00753L,中信中國50正2,22,0,22,凱基-敦北,2024-02-05,9237
3105,穩懋,22,0,22,凱基-敦北,2024-02-05,9237
6695,芯鼎,22,1,21,凱基-敦北,2024-02-05,9237
6120,達運,20,0,20,凱基-敦北,2024-02-05,9237
8076,伍豐,20,0,20,凱基-敦北,2024-02-05,9237
5009,榮剛,30,11,19,凱基-敦北,2024-02-05,9237
3483,力致,49,32,17,凱基-敦北,2024-02-05,9237
3645,達邁,17,0,17,凱基-敦北,2024-02-05,9237
00900,富邦特選高股息30,15,0,15,凱基-敦北,2024-02-05,9237
00933B,國泰10Y+金融債,15,0,15,凱基-敦北,2024-02-05,9237
4934,太極,15,0,15,凱基-敦北,2024-02-05,9237
00665L,富邦�琤肭磪囓�2,14,0,14,凱基-敦北,2024-02-05,9237
2609,陽明,15,1,14,凱基-敦北,2024-02-05,9237
00679B,元大美債20年,14,0,14,凱基-敦北,2024-02-05,9237
4535,至興,13,0,13,凱基-敦北,2024-02-05,9237
5347,世界,13,0,13,凱基-敦北,2024-02-05,9237
00688L,國泰20年美債正2,12,0,12,凱基-敦北,2024-02-05,9237
00882,中信中國高股息,10,0,10,凱基-敦北,2024-02-05,9237
2344,華邦電,10,0,10,凱基-敦北,2024-02-05,9237
00650L,復華香港正2,10,0,10,凱基-敦北,2024-02-05,9237
3037,欣興,11,1,10,凱基-敦北,2024-02-05,9237
5487,通泰,10,0,10,凱基-敦北,2024-02-05,9237
6770,力積電,10,0,10,凱基-敦北,2024-02-05,9237
6830,汎銓,10,0,10,凱基-敦北,2024-02-05,9237
0056,元大高股息,11,2,9,凱基-敦北,2024-02-05,9237
6596,寬宏藝術,10,1,9,凱基-敦北,2024-02-05,9237
2884,玉山金,8,0,8,凱基-敦北,2024-02-05,9237
3324,雙鴻,10,2,8,凱基-敦北,2024-02-05,9237
00864B,中信美國公債0-1,8,0,8,凱基-敦北,2024-02-05,9237
3297,杭特,8,0,8,凱基-敦北,2024-02-05,9237
6104,創惟,8,0,8,凱基-敦北,2024-02-05,9237
6684,安格,10,2,8,凱基-敦北,2024-02-05,9237
2327,國巨,7,0,7,凱基-敦北,2024-02-05,9237
4763,材料-KY,7,0,7,凱基-敦北,2024-02-05,9237
3481,群創,173,4,169,凱基-敦北,2024-02-15,9237
00680L,元大美債20正2,98,0,98,凱基-敦北,2024-02-15,9237
00679B,元大美債20年,82,0,82,凱基-敦北,2024-02-15,9237
00687B,國泰20年美債,80,0,80,凱基-敦北,2024-02-15,9237
6282,康舒,159,80,79,凱基-敦北,2024-02-15,9237
3013,晟銘電,75,4,71,凱基-敦北,2024-02-15,9237
00937B,群益ESG投等債20,63,0,63,凱基-敦北,2024-02-15,9237
5272,笙科,60,0,60,凱基-敦北,2024-02-15,9237
00751B,元大AAA至A公司債,51,0,51,凱基-敦北,2024-02-15,9237
00632R,元大台灣50反1,47,4,43,凱基-敦北,2024-02-15,9237
00720B,元大投資級公司債,40,0,40,凱基-敦北,2024-02-15,9237
00929,復華台灣科技優息,57,22,35,凱基-敦北,2024-02-15,9237
00933B,國泰10Y+金融債,34,0,34,凱基-敦北,2024-02-15,9237
6179,亞通,32,0,32,凱基-敦北,2024-02-15,9237
6234,高僑,32,8,24,凱基-敦北,2024-02-15,9237
2609,陽明,44,22,22,凱基-敦北,2024-02-15,9237
3047,訊舟,24,2,22,凱基-敦北,2024-02-15,9237
00919,群益台灣精選高息,48,26,22,凱基-敦北,2024-02-15,9237
0056,元大高股息,32,11,21,凱基-敦北,2024-02-15,9237
2548,華固,20,0,20,凱基-敦北,2024-02-15,9237
3479,安勤,23,3,20,凱基-敦北,2024-02-15,9237
4979,華星光,45,26,19,凱基-敦北,2024-02-15,9237
2408,南亞科,19,0,19,凱基-敦北,2024-02-15,9237
2476,鉅祥,16,0,16,凱基-敦北,2024-02-15,9237
2313,華通,17,2,15,凱基-敦北,2024-02-15,9237
00712,復華富時不動產,14,0,14,凱基-敦北,2024-02-15,9237
00795B,中信美國公債20年,13,0,13,凱基-敦北,2024-02-15,9237
2308,台達電,12,0,12,凱基-敦北,2024-02-15,9237
00772B,中信高評級公司債,12,0,12,凱基-敦北,2024-02-15,9237
2610,華航,12,0,12,凱基-敦北,2024-02-15,9237
00637L,元大滬深300正2,11,0,11,凱基-敦北,2024-02-15,9237
00918,大華優利高填息30,11,0,11,凱基-敦北,2024-02-15,9237
2834,臺企銀,18,7,11,凱基-敦北,2024-02-15,9237
3051,力特,15,4,11,凱基-敦北,2024-02-15,9237
6222,上揚,11,0,11,凱基-敦北,2024-02-15,9237
6806,森崴能源,11,0,11,凱基-敦北,2024-02-15,9237
2409,友達,21,11,10,凱基-敦北,2024-02-15,9237
00646,元大S＆P500,10,0,10,凱基-敦北,2024-02-15,9237
00673R,期元大S＆P原油反1,10,0,10,凱基-敦北,2024-02-15,9237
5443,均豪,10,0,10,凱基-敦北,2024-02-15,9237
6233,旺玖,10,0,10,凱基-敦北,2024-02-15,9237
1307,三芳,9,0,9,凱基-敦北,2024-02-15,9237
4953,緯軟,10,1,9,凱基-敦北,2024-02-15,9237
7402,邑錡,9,0,9,凱基-敦北,2024-02-15,9237
2317,鴻海,9,1,8,凱基-敦北,2024-02-15,9237
1102,亞泥,8,0,8,凱基-敦北,2024-02-15,9237
3005,神基,10,2,8,凱基-敦北,2024-02-15,9237
6684,安格,11,3,8,凱基-敦北,2024-02-15,9237
3032,偉訓,8,1,7,凱基-敦北,2024-02-15,9237
2449,京元電子,7,1,6,凱基-敦北,2024-02-15,9237
2888,新光金,450,1,449,凱基-敦北,2024-02-16,9237
1101,台泥,85,3,82,凱基-敦北,2024-02-16,9237
00937B,群益ESG投等債20,81,5,76,凱基-敦北,2024-02-16,9237
3712,永崴投控,76,26,50,凱基-敦北,2024-02-16,9237
3520,華盈,50,5,45,凱基-敦北,2024-02-16,9237
5306,桂盟,55,15,40,凱基-敦北,2024-02-16,9237
00933B,國泰10Y+金融債,39,0,39,凱基-敦北,2024-02-16,9237
8096,擎亞,41,4,37,凱基-敦北,2024-02-16,9237
00720B,元大投資級公司債,35,1,34,凱基-敦北,2024-02-16,9237
8358,金居,52,21,31,凱基-敦北,2024-02-16,9237
8996,高力,46,16,30,凱基-敦北,2024-02-16,9237
1618,合機,31,1,30,凱基-敦北,2024-02-16,9237
9921,巨大,66,36,30,凱基-敦北,2024-02-16,9237
00679B,元大美債20年,33,7,26,凱基-敦北,2024-02-16,9237
0056,元大高股息,22,0,22,凱基-敦北,2024-02-16,9237
1785,光洋科,20,0,20,凱基-敦北,2024-02-16,9237
2548,華固,20,0,20,凱基-敦北,2024-02-16,9237
2903,遠百,20,0,20,凱基-敦北,2024-02-16,9237
00687B,國泰20年美債,18,0,18,凱基-敦北,2024-02-16,9237
2368,金像電,59,41,18,凱基-敦北,2024-02-16,9237
00929,復華台灣科技優息,22,4,18,凱基-敦北,2024-02-16,9237
2382,廣達,34,16,18,凱基-敦北,2024-02-16,9237
4714,永捷,20,3,17,凱基-敦北,2024-02-16,9237
00919,群益台灣精選高息,22,9,13,凱基-敦北,2024-02-16,9237
8255,朋程,12,0,12,凱基-敦北,2024-02-16,9237
3232,昱捷,11,0,11,凱基-敦北,2024-02-16,9237
3479,安勤,11,0,11,凱基-敦北,2024-02-16,9237
2327,國巨,10,0,10,凱基-敦北,2024-02-16,9237
00931B,統一美債20年,11,1,10,凱基-敦北,2024-02-16,9237
00764B,群益25年美債,10,0,10,凱基-敦北,2024-02-16,9237
2104,國際中橡,10,0,10,凱基-敦北,2024-02-16,9237
2387,精元,10,0,10,凱基-敦北,2024-02-16,9237
2444,兆勁,10,0,10,凱基-敦北,2024-02-16,9237
2543,皇昌,10,0,10,凱基-敦北,2024-02-16,9237
3081,聯亞,10,0,10,凱基-敦北,2024-02-16,9237
3607,谷崧,10,0,10,凱基-敦北,2024-02-16,9237
6005,群益證,10,0,10,凱基-敦北,2024-02-16,9237
6667,信紘科,10,0,10,凱基-敦北,2024-02-16,9237
9914,美利達,10,0,10,凱基-敦北,2024-02-16,9237
2303,聯電,12,3,9,凱基-敦北,2024-02-16,9237
2329,華泰,18,9,9,凱基-敦北,2024-02-16,9237
2723,美食-KY,9,0,9,凱基-敦北,2024-02-16,9237
1522,堤維西,9,1,8,凱基-敦北,2024-02-16,9237
6139,亞翔,12,4,8,凱基-敦北,2024-02-16,9237
3035,智原,10,2,8,凱基-敦北,2024-02-16,9237
2371,大同,8,1,7,凱基-敦北,2024-02-16,9237
2530,華建,7,0,7,凱基-敦北,2024-02-16,9237
2887,台新金,7,0,7,凱基-敦北,2024-02-16,9237
3013,晟銘電,7,0,7,凱基-敦北,2024-02-16,9237
3036,文曄,12,5,7,凱基-敦北,2024-02-16,9237
00937B,群益ESG投等債20,108,1,107,凱基-敦北,2024-02-19,9237
4105,東洋,80,14,66,凱基-敦北,2024-02-19,9237
00933B,國泰10Y+金融債,60,0,60,凱基-敦北,2024-02-19,9237
2368,金像電,59,0,59,凱基-敦北,2024-02-19,9237
3450,聯鈞,42,2,40,凱基-敦北,2024-02-19,9237
2376,技嘉,46,7,39,凱基-敦北,2024-02-19,9237
1326,台化,36,0,36,凱基-敦北,2024-02-19,9237
8046,南電,36,0,36,凱基-敦北,2024-02-19,9237
9945,潤泰新,33,0,33,凱基-敦北,2024-02-19,9237
1513,中興電,38,7,31,凱基-敦北,2024-02-19,9237
5306,桂盟,30,0,30,凱基-敦北,2024-02-19,9237
6282,康舒,158,129,29,凱基-敦北,2024-02-19,9237
5443,均豪,31,3,28,凱基-敦北,2024-02-19,9237
2515,中工,27,0,27,凱基-敦北,2024-02-19,9237
2888,新光金,27,1,26,凱基-敦北,2024-02-19,9237
1524,耿鼎,32,6,26,凱基-敦北,2024-02-19,9237
2467,志聖,32,7,25,凱基-敦北,2024-02-19,9237
2353,宏��,27,5,22,凱基-敦北,2024-02-19,9237
00679B,元大美債20年,23,2,21,凱基-敦北,2024-02-19,9237
3005,神基,21,0,21,凱基-敦北,2024-02-19,9237
00935,野村臺灣新科技50,20,0,20,凱基-敦北,2024-02-19,9237
00882,中信中國高股息,20,0,20,凱基-敦北,2024-02-19,9237
00650L,復華香港正2,20,0,20,凱基-敦北,2024-02-19,9237
6546,正基,35,15,20,凱基-敦北,2024-02-19,9237
6005,群益證,20,1,19,凱基-敦北,2024-02-19,9237
2809,京城銀,19,0,19,凱基-敦北,2024-02-19,9237
00720B,元大投資級公司債,17,0,17,凱基-敦北,2024-02-19,9237
00687B,國泰20年美債,17,0,17,凱基-敦北,2024-02-19,9237
2031,新光鋼,18,2,16,凱基-敦北,2024-02-19,9237
5426,振發,21,5,16,凱基-敦北,2024-02-19,9237
2365,昆盈,18,2,16,凱基-敦北,2024-02-19,9237
1514,亞力,17,2,15,凱基-敦北,2024-02-19,9237
3034,聯詠,22,7,15,凱基-敦北,2024-02-19,9237
00891,中信關鍵半導體,14,0,14,凱基-敦北,2024-02-19,9237
3706,神達,13,0,13,凱基-敦北,2024-02-19,9237
2439,美律,11,0,11,凱基-敦北,2024-02-19,9237
6125,廣運,15,4,11,凱基-敦北,2024-02-19,9237
1307,三芳,10,0,10,凱基-敦北,2024-02-19,9237
1314,中石化,10,0,10,凱基-敦北,2024-02-19,9237
3363,上詮,11,1,10,凱基-敦北,2024-02-19,9237
3607,谷崧,17,7,10,凱基-敦北,2024-02-19,9237
3673,TPK-KY,10,0,10,凱基-敦北,2024-02-19,9237
6576,逸達,10,0,10,凱基-敦北,2024-02-19,9237
6691,洋基工程,10,0,10,凱基-敦北,2024-02-19,9237
6735,美達科技,10,0,10,凱基-敦北,2024-02-19,9237
0056,元大高股息,10,0,10,凱基-敦北,2024-02-19,9237
3035,智原,13,3,10,凱基-敦北,2024-02-19,9237
1101,台泥,10,0,10,凱基-敦北,2024-02-19,9237
00923,群益台ESG低碳50,9,0,9,凱基-敦北,2024-02-19,9237
2409,友達,10,1,9,凱基-敦北,2024-02-19,9237
00885,富邦越南,352,2,350,凱基-敦北,2024-02-20,9237
4714,永捷,364,260,104,凱基-敦北,2024-02-20,9237
2376,技嘉,87,14,73,凱基-敦北,2024-02-20,9237
5258,虹堡,73,3,70,凱基-敦北,2024-02-20,9237
00937B,群益ESG投等債20,56,0,56,凱基-敦北,2024-02-20,9237
8996,高力,59,8,51,凱基-敦北,2024-02-20,9237
2888,新光金,51,1,50,凱基-敦北,2024-02-20,9237
2489,瑞軒,45,2,43,凱基-敦北,2024-02-20,9237
8299,群聯,41,0,41,凱基-敦北,2024-02-20,9237
8916,光隆,40,0,40,凱基-敦北,2024-02-20,9237
00929,復華台灣科技優息,42,8,34,凱基-敦北,2024-02-20,9237
3013,晟銘電,30,0,30,凱基-敦北,2024-02-20,9237
00933B,國泰10Y+金融債,32,2,30,凱基-敦北,2024-02-20,9237
00924,復華S＆P500成長,24,0,24,凱基-敦北,2024-02-20,9237
1503,士電,31,8,23,凱基-敦北,2024-02-20,9237
2353,宏��,24,2,22,凱基-敦北,2024-02-20,9237
2548,華固,20,0,20,凱基-敦北,2024-02-20,9237
5213,亞昕,20,0,20,凱基-敦北,2024-02-20,9237
3297,杭特,17,0,17,凱基-敦北,2024-02-20,9237
2409,友達,15,0,15,凱基-敦北,2024-02-20,9237
5426,振發,15,0,15,凱基-敦北,2024-02-20,9237
6830,汎銓,26,12,14,凱基-敦北,2024-02-20,9237
1326,台化,13,0,13,凱基-敦北,2024-02-20,9237
2408,南亞科,13,1,12,凱基-敦北,2024-02-20,9237
3260,威剛,15,4,11,凱基-敦北,2024-02-20,9237
1605,華新,11,0,11,凱基-敦北,2024-02-20,9237
3268,海德威,11,0,11,凱基-敦北,2024-02-20,9237
3354,律勝,13,2,11,凱基-敦北,2024-02-20,9237
4933,友輝,11,0,11,凱基-敦北,2024-02-20,9237
1440,南紡,10,0,10,凱基-敦北,2024-02-20,9237
1616,億泰,10,0,10,凱基-敦北,2024-02-20,9237
2392,正崴,10,0,10,凱基-敦北,2024-02-20,9237
2528,皇普,10,0,10,凱基-敦北,2024-02-20,9237
3419,譁裕,10,0,10,凱基-敦北,2024-02-20,9237
3673,TPK-KY,10,0,10,凱基-敦北,2024-02-20,9237
6735,美達科技,10,0,10,凱基-敦北,2024-02-20,9237
3545,敦泰,10,0,10,凱基-敦北,2024-02-20,9237
3005,神基,11,2,9,凱基-敦北,2024-02-20,9237
3041,揚智,13,4,9,凱基-敦北,2024-02-20,9237
3360,尚立,9,0,9,凱基-敦北,2024-02-20,9237
3481,群創,17,8,9,凱基-敦北,2024-02-20,9237
5388,中磊,8,0,8,凱基-敦北,2024-02-20,9237
1809,中釉,28,20,8,凱基-敦北,2024-02-20,9237
3002,歐格,8,0,8,凱基-敦北,2024-02-20,9237
3712,永崴投控,59,51,8,凱基-敦北,2024-02-20,9237
4303,信立,8,0,8,凱基-敦北,2024-02-20,9237
5519,隆大,15,7,8,凱基-敦北,2024-02-20,9237
6234,高僑,8,0,8,凱基-敦北,2024-02-20,9237
00927,群益半導體收益,7,0,7,凱基-敦北,2024-02-20,9237
2009,第一銅,7,0,7,凱基-敦北,2024-02-20,9237
3481,群創,104,6,98,凱基-敦北,2024-02-21,9237
00878,國泰永續高股息,72,0,72,凱基-敦北,2024-02-21,9237
00937B,群益ESG投等債20,61,10,51,凱基-敦北,2024-02-21,9237
00929,復華台灣科技優息,54,4,50,凱基-敦北,2024-02-21,9237
00712,復華富時不動產,48,0,48,凱基-敦北,2024-02-21,9237
3294,英濟,47,0,47,凱基-敦北,2024-02-21,9237
00933B,國泰10Y+金融債,46,3,43,凱基-敦北,2024-02-21,9237
1101,台泥,41,0,41,凱基-敦北,2024-02-21,9237
3712,永崴投控,50,9,41,凱基-敦北,2024-02-21,9237
6005,群益證,30,0,30,凱基-敦北,2024-02-21,9237
00720B,元大投資級公司債,27,0,27,凱基-敦北,2024-02-21,9237
2609,陽明,80,53,27,凱基-敦北,2024-02-21,9237
2409,友達,26,0,26,凱基-敦北,2024-02-21,9237
2356,英業達,24,0,24,凱基-敦北,2024-02-21,9237
2360,致茂,22,0,22,凱基-敦北,2024-02-21,9237
5272,笙科,21,0,21,凱基-敦北,2024-02-21,9237
00891,中信關鍵半導體,23,2,21,凱基-敦北,2024-02-21,9237
3702,大聯大,21,0,21,凱基-敦北,2024-02-21,9237
2359,所羅門,20,0,20,凱基-敦北,2024-02-21,9237
2889,國票金,18,0,18,凱基-敦北,2024-02-21,9237
2476,鉅祥,15,0,15,凱基-敦北,2024-02-21,9237
5306,桂盟,15,0,15,凱基-敦北,2024-02-21,9237
2303,聯電,16,3,13,凱基-敦北,2024-02-21,9237
3483,力致,14,1,13,凱基-敦北,2024-02-21,9237
1618,合機,12,0,12,凱基-敦北,2024-02-21,9237
1503,士電,40,29,11,凱基-敦北,2024-02-21,9237
3289,宜特,21,10,11,凱基-敦北,2024-02-21,9237
6164,華興,11,0,11,凱基-敦北,2024-02-21,9237
3231,緯創,18,8,10,凱基-敦北,2024-02-21,9237
3105,穩懋,10,0,10,凱基-敦北,2024-02-21,9237
00696B,富邦美債20年,10,0,10,凱基-敦北,2024-02-21,9237
00679B,元大美債20年,10,0,10,凱基-敦北,2024-02-21,9237
1806,冠軍,10,0,10,凱基-敦北,2024-02-21,9237
2515,中工,10,0,10,凱基-敦北,2024-02-21,9237
2607,榮運,10,0,10,凱基-敦北,2024-02-21,9237
3047,訊舟,111,101,10,凱基-敦北,2024-02-21,9237
4529,淳紳,10,0,10,凱基-敦北,2024-02-21,9237
5263,智崴,10,0,10,凱基-敦北,2024-02-21,9237
8930,青鋼,13,3,10,凱基-敦北,2024-02-21,9237
006208,富邦台50,10,1,9,凱基-敦北,2024-02-21,9237
2014,中鴻,9,0,9,凱基-敦北,2024-02-21,9237
2352,佳世達,10,1,9,凱基-敦北,2024-02-21,9237
5258,虹堡,11,2,9,凱基-敦北,2024-02-21,9237
1307,三芳,8,0,8,凱基-敦北,2024-02-21,9237
6104,創惟,8,0,8,凱基-敦北,2024-02-21,9237
1326,台化,7,0,7,凱基-敦北,2024-02-21,9237
1802,台玻,10,3,7,凱基-敦北,2024-02-21,9237
2883,凱基金,21,14,7,凱基-敦北,2024-02-21,9237
3360,尚立,7,0,7,凱基-敦北,2024-02-21,9237
3550,聯穎,7,0,7,凱基-敦北,2024-02-21,9237
2367,燿華,514,9,505,凱基-敦北,2024-02-22,9237
1809,中釉,306,176,130,凱基-敦北,2024-02-22,9237
00933B,國泰10Y+金融債,115,3,112,凱基-敦北,2024-02-22,9237
6126,信音,87,0,87,凱基-敦北,2024-02-22,9237
2368,金像電,66,9,57,凱基-敦北,2024-02-22,9237
00720B,元大投資級公司債,55,0,55,凱基-敦北,2024-02-22,9237
3005,神基,106,52,54,凱基-敦北,2024-02-22,9237
1326,台化,47,0,47,凱基-敦北,2024-02-22,9237
00679B,元大美債20年,43,0,43,凱基-敦北,2024-02-22,9237
3520,華盈,42,2,40,凱基-敦北,2024-02-22,9237
4909,新復興,66,34,32,凱基-敦北,2024-02-22,9237
2376,技嘉,36,4,32,凱基-敦北,2024-02-22,9237
00937B,群益ESG投等債20,40,10,30,凱基-敦北,2024-02-22,9237
2515,中工,30,0,30,凱基-敦北,2024-02-22,9237
3380,明泰,30,0,30,凱基-敦北,2024-02-22,9237
5443,均豪,34,6,28,凱基-敦北,2024-02-22,9237
4714,永捷,29,1,28,凱基-敦北,2024-02-22,9237
3227,原相,31,4,27,凱基-敦北,2024-02-22,9237
6274,台燿,37,14,23,凱基-敦北,2024-02-22,9237
9934,成霖,21,0,21,凱基-敦北,2024-02-22,9237
2852,第一保,20,0,20,凱基-敦北,2024-02-22,9237
2417,圓剛,21,2,19,凱基-敦北,2024-02-22,9237
2887,台新金,22,3,19,凱基-敦北,2024-02-22,9237
00632R,元大台灣50反1,18,0,18,凱基-敦北,2024-02-22,9237
2489,瑞軒,46,31,15,凱基-敦北,2024-02-22,9237
3029,零壹,15,0,15,凱基-敦北,2024-02-22,9237
3231,緯創,37,24,13,凱基-敦北,2024-02-22,9237
00687B,國泰20年美債,11,0,11,凱基-敦北,2024-02-22,9237
1503,士電,28,17,11,凱基-敦北,2024-02-22,9237
6234,高僑,11,0,11,凱基-敦北,2024-02-22,9237
6125,廣運,11,0,11,凱基-敦北,2024-02-22,9237
006206,元大上證50,10,0,10,凱基-敦北,2024-02-22,9237
00641R,富邦日本反1,10,0,10,凱基-敦北,2024-02-22,9237
00764B,群益25年美債,10,0,10,凱基-敦北,2024-02-22,9237
1316,上曜,14,4,10,凱基-敦北,2024-02-22,9237
2025,千興,10,0,10,凱基-敦北,2024-02-22,9237
2329,華泰,15,5,10,凱基-敦北,2024-02-22,9237
3702,大聯大,10,0,10,凱基-敦北,2024-02-22,9237
6139,亞翔,16,6,10,凱基-敦北,2024-02-22,9237
8110,華東,10,0,10,凱基-敦北,2024-02-22,9237
1303,南亞,9,0,9,凱基-敦北,2024-02-22,9237
2356,英業達,22,13,9,凱基-敦北,2024-02-22,9237
2885,元大金,10,1,9,凱基-敦北,2024-02-22,9237
1307,三芳,8,0,8,凱基-敦北,2024-02-22,9237
2316,楠梓電,8,0,8,凱基-敦北,2024-02-22,9237
3026,禾伸堂,8,0,8,凱基-敦北,2024-02-22,9237
3483,力致,11,3,8,凱基-敦北,2024-02-22,9237
00795B,中信美國公債20年,7,0,7,凱基-敦北,2024-02-22,9237
3481,群創,8,1,7,凱基-敦北,2024-02-22,9237
3234,光環,6,0,6,凱基-敦北,2024-02-22,9237
6288,聯嘉,200,6,194,凱基-敦北,2024-02-23,9237
00933B,國泰10Y+金融債,186,4,182,凱基-敦北,2024-02-23,9237
4967,十銓,58,0,58,凱基-敦北,2024-02-23,9237
1718,中纖,50,0,50,凱基-敦北,2024-02-23,9237
1815,富喬,60,10,50,凱基-敦北,2024-02-23,9237
3231,緯創,63,17,46,凱基-敦北,2024-02-23,9237
00679B,元大美債20年,51,8,43,凱基-敦北,2024-02-23,9237
6282,康舒,42,0,42,凱基-敦北,2024-02-23,9237
2211,長榮鋼,40,0,40,凱基-敦北,2024-02-23,9237
3551,世禾,40,5,35,凱基-敦北,2024-02-23,9237
1618,合機,33,0,33,凱基-敦北,2024-02-23,9237
00937B,群益ESG投等債20,30,0,30,凱基-敦北,2024-02-23,9237
3289,宜特,30,0,30,凱基-敦北,2024-02-23,9237
0056,元大高股息,33,4,29,凱基-敦北,2024-02-23,9237
00929,復華台灣科技優息,36,13,23,凱基-敦北,2024-02-23,9237
00895,富邦未來車,25,2,23,凱基-敦北,2024-02-23,9237
2353,宏��,23,1,22,凱基-敦北,2024-02-23,9237
00650L,復華香港正2,20,0,20,凱基-敦北,2024-02-23,9237
1609,大亞,48,28,20,凱基-敦北,2024-02-23,9237
5306,桂盟,20,0,20,凱基-敦北,2024-02-23,9237
5426,振發,20,0,20,凱基-敦北,2024-02-23,9237
8916,光隆,20,0,20,凱基-敦北,2024-02-23,9237
00864B,中信美國公債0-1,16,0,16,凱基-敦北,2024-02-23,9237
3013,晟銘電,19,3,16,凱基-敦北,2024-02-23,9237
3483,力致,16,0,16,凱基-敦北,2024-02-23,9237
1303,南亞,15,0,15,凱基-敦北,2024-02-23,9237
2385,群光,15,0,15,凱基-敦北,2024-02-23,9237
2515,中工,15,0,15,凱基-敦北,2024-02-23,9237
00632R,元大台灣50反1,15,1,14,凱基-敦北,2024-02-23,9237
2618,長榮航,12,0,12,凱基-敦北,2024-02-23,9237
2356,英業達,23,11,12,凱基-敦北,2024-02-23,9237
6207,雷科,12,0,12,凱基-敦北,2024-02-23,9237
6830,汎銓,12,0,12,凱基-敦北,2024-02-23,9237
00680L,元大美債20正2,11,0,11,凱基-敦北,2024-02-23,9237
1326,台化,11,0,11,凱基-敦北,2024-02-23,9237
8027,鈦昇,26,16,10,凱基-敦北,2024-02-23,9237
006206,元大上證50,10,0,10,凱基-敦北,2024-02-23,9237
00720B,元大投資級公司債,10,0,10,凱基-敦北,2024-02-23,9237
2457,飛宏,10,0,10,凱基-敦北,2024-02-23,9237
2528,皇普,10,0,10,凱基-敦北,2024-02-23,9237
4109,加捷生醫,10,0,10,凱基-敦北,2024-02-23,9237
6233,旺玖,10,0,10,凱基-敦北,2024-02-23,9237
5258,虹堡,11,1,10,凱基-敦北,2024-02-23,9237
8182,加高,10,1,9,凱基-敦北,2024-02-23,9237
2545,皇翔,9,0,9,凱基-敦北,2024-02-23,9237
2607,榮運,9,0,9,凱基-敦北,2024-02-23,9237
3583,辛耘,12,3,9,凱基-敦北,2024-02-23,9237
6770,力積電,9,0,9,凱基-敦北,2024-02-23,9237
00919,群益台灣精選高息,55,47,8,凱基-敦北,2024-02-23,9237
6187,萬潤,8,0,8,凱基-敦北,2024-02-23,9237
00937B,群益ESG投等債20,215,0,215,凱基-敦北,2024-02-26,9237
00933B,國泰10Y+金融債,183,0,183,凱基-敦北,2024-02-26,9237
00929,復華台灣科技優息,133,9,124,凱基-敦北,2024-02-26,9237
6189,豐藝,100,1,99,凱基-敦北,2024-02-26,9237
3036,文曄,112,22,90,凱基-敦北,2024-02-26,9237
2371,大同,292,234,58,凱基-敦北,2024-02-26,9237
3520,華盈,60,4,56,凱基-敦北,2024-02-26,9237
00680L,元大美債20正2,36,2,34,凱基-敦北,2024-02-26,9237
2609,陽明,34,1,33,凱基-敦北,2024-02-26,9237
2467,志聖,31,1,30,凱基-敦北,2024-02-26,9237
2888,新光金,30,0,30,凱基-敦北,2024-02-26,9237
4105,東洋,30,0,30,凱基-敦北,2024-02-26,9237
3702,大聯大,31,3,28,凱基-敦北,2024-02-26,9237
3481,群創,27,1,26,凱基-敦北,2024-02-26,9237
3712,永崴投控,178,152,26,凱基-敦北,2024-02-26,9237
8096,擎亞,20,0,20,凱基-敦北,2024-02-26,9237
1809,中釉,19,0,19,凱基-敦北,2024-02-26,9237
8996,高力,20,2,18,凱基-敦北,2024-02-26,9237
8050,廣積,20,3,17,凱基-敦北,2024-02-26,9237
1326,台化,16,0,16,凱基-敦北,2024-02-26,9237
2029,盛餘,15,0,15,凱基-敦北,2024-02-26,9237
6167,久正,17,4,13,凱基-敦北,2024-02-26,9237
00687B,國泰20年美債,15,3,12,凱基-敦北,2024-02-26,9237
1504,東元,17,5,12,凱基-敦北,2024-02-26,9237
4967,十銓,13,1,12,凱基-敦北,2024-02-26,9237
5347,世界,12,0,12,凱基-敦北,2024-02-26,9237
00878,國泰永續高股息,49,37,12,凱基-敦北,2024-02-26,9237
2409,友達,11,0,11,凱基-敦北,2024-02-26,9237
00720B,元大投資級公司債,11,0,11,凱基-敦北,2024-02-26,9237
4755,三福化,11,0,11,凱基-敦北,2024-02-26,9237
6104,創惟,44,33,11,凱基-敦北,2024-02-26,9237
1514,亞力,34,23,11,凱基-敦北,2024-02-26,9237
00632R,元大台灣50反1,10,0,10,凱基-敦北,2024-02-26,9237
1618,合機,10,0,10,凱基-敦北,2024-02-26,9237
2545,皇翔,10,0,10,凱基-敦北,2024-02-26,9237
6257,矽格,10,0,10,凱基-敦北,2024-02-26,9237
8011,台通,10,0,10,凱基-敦北,2024-02-26,9237
6239,力成,10,0,10,凱基-敦北,2024-02-26,9237
00919,群益台灣精選高息,32,22,10,凱基-敦北,2024-02-26,9237
5452,佶優,10,1,9,凱基-敦北,2024-02-26,9237
00895,富邦未來車,9,0,9,凱基-敦北,2024-02-26,9237
6546,正基,10,1,9,凱基-敦北,2024-02-26,9237
00891,中信關鍵半導體,13,5,8,凱基-敦北,2024-02-26,9237
1529,樂事綠能,11,3,8,凱基-敦北,2024-02-26,9237
2211,長榮鋼,8,0,8,凱基-敦北,2024-02-26,9237
2387,精元,8,0,8,凱基-敦北,2024-02-26,9237
5234,達興材料,9,1,8,凱基-敦北,2024-02-26,9237
2313,華通,8,1,7,凱基-敦北,2024-02-26,9237
3268,海德威,7,0,7,凱基-敦北,2024-02-26,9237
6683,雍智科技,7,0,7,凱基-敦北,2024-02-26,9237
3712,永崴投控,307,0,307,凱基-敦北,2024-02-27,9237
00937B,群益ESG投等債20,231,0,231,凱基-敦北,2024-02-27,9237
3556,禾瑞亞,100,0,100,凱基-敦北,2024-02-27,9237
00878,國泰永續高股息,73,0,73,凱基-敦北,2024-02-27,9237
8096,擎亞,118,47,71,凱基-敦北,2024-02-27,9237
00687B,國泰20年美債,60,0,60,凱基-敦北,2024-02-27,9237
8271,宇瞻,182,130,52,凱基-敦北,2024-02-27,9237
1727,中華化,62,12,50,凱基-敦北,2024-02-27,9237
00929,復華台灣科技優息,86,40,46,凱基-敦北,2024-02-27,9237
3390,旭軟,56,11,45,凱基-敦北,2024-02-27,9237
1101,台泥,53,8,45,凱基-敦北,2024-02-27,9237
3481,群創,54,13,41,凱基-敦北,2024-02-27,9237
00650L,復華香港正2,40,0,40,凱基-敦北,2024-02-27,9237
6806,森崴能源,43,9,34,凱基-敦北,2024-02-27,9237
2884,玉山金,33,1,32,凱基-敦北,2024-02-27,9237
3363,上詮,32,1,31,凱基-敦北,2024-02-27,9237
2376,技嘉,31,1,30,凱基-敦北,2024-02-27,9237
3372,典範,30,0,30,凱基-敦北,2024-02-27,9237
4105,東洋,31,3,28,凱基-敦北,2024-02-27,9237
00933B,國泰10Y+金融債,39,16,23,凱基-敦北,2024-02-27,9237
3289,宜特,22,0,22,凱基-敦北,2024-02-27,9237
3583,辛耘,25,4,21,凱基-敦北,2024-02-27,9237
2313,華通,27,7,20,凱基-敦北,2024-02-27,9237
1718,中纖,20,0,20,凱基-敦北,2024-02-27,9237
2888,新光金,22,2,20,凱基-敦北,2024-02-27,9237
2363,矽統,22,3,19,凱基-敦北,2024-02-27,9237
6263,普萊德,19,0,19,凱基-敦北,2024-02-27,9237
00900,富邦特選高股息30,16,0,16,凱基-敦北,2024-02-27,9237
6138,茂達,18,3,15,凱基-敦北,2024-02-27,9237
00904,新光臺灣半導體30,14,0,14,凱基-敦北,2024-02-27,9237
2382,廣達,14,0,14,凱基-敦北,2024-02-27,9237
3037,欣興,22,9,13,凱基-敦北,2024-02-27,9237
6005,群益證,13,0,13,凱基-敦北,2024-02-27,9237
00931B,統一美債20年,12,0,12,凱基-敦北,2024-02-27,9237
1616,億泰,12,0,12,凱基-敦北,2024-02-27,9237
2303,聯電,12,0,12,凱基-敦北,2024-02-27,9237
6125,廣運,37,25,12,凱基-敦北,2024-02-27,9237
3455,由田,12,1,11,凱基-敦北,2024-02-27,9237
6770,力積電,12,1,11,凱基-敦北,2024-02-27,9237
3231,緯創,37,26,11,凱基-敦北,2024-02-27,9237
00632R,元大台灣50反1,10,0,10,凱基-敦北,2024-02-27,9237
2368,金像電,40,30,10,凱基-敦北,2024-02-27,9237
2385,群光,10,0,10,凱基-敦北,2024-02-27,9237
2545,皇翔,10,0,10,凱基-敦北,2024-02-27,9237
2889,國票金,19,9,10,凱基-敦北,2024-02-27,9237
2618,長榮航,10,1,9,凱基-敦北,2024-02-27,9237
00679B,元大美債20年,12,4,8,凱基-敦北,2024-02-27,9237
00935,野村臺灣新科技50,8,0,8,凱基-敦北,2024-02-27,9237
00764B,群益25年美債,8,0,8,凱基-敦北,2024-02-27,9237
1524,耿鼎,9,1,8,凱基-敦北,2024-02-27,9237
2371,大同,220,94,126,凱基-敦北,2024-02-29,9237
00919,群益台灣精選高息,117,16,101,凱基-敦北,2024-02-29,9237
3712,永崴投控,273,204,69,凱基-敦北,2024-02-29,9237
5452,佶優,82,16,66,凱基-敦北,2024-02-29,9237
2888,新光金,112,48,64,凱基-敦北,2024-02-29,9237
1815,富喬,65,13,52,凱基-敦北,2024-02-29,9237
00937B,群益ESG投等債20,48,0,48,凱基-敦北,2024-02-29,9237
6288,聯嘉,50,9,41,凱基-敦北,2024-02-29,9237
8916,光隆,40,0,40,凱基-敦北,2024-02-29,9237
00795B,中信美國公債20年,34,0,34,凱基-敦北,2024-02-29,9237
1727,中華化,41,10,31,凱基-敦北,2024-02-29,9237
2495,普安,32,5,27,凱基-敦北,2024-02-29,9237
00929,復華台灣科技優息,27,2,25,凱基-敦北,2024-02-29,9237
00687B,國泰20年美債,25,0,25,凱基-敦北,2024-02-29,9237
3556,禾瑞亞,25,0,25,凱基-敦北,2024-02-29,9237
00720B,元大投資級公司債,22,0,22,凱基-敦北,2024-02-29,9237
3481,群創,20,1,19,凱基-敦北,2024-02-29,9237
2367,燿華,22,4,18,凱基-敦北,2024-02-29,9237
00878,國泰永續高股息,25,9,16,凱基-敦北,2024-02-29,9237
3268,海德威,15,0,15,凱基-敦北,2024-02-29,9237
8927,北基,15,0,15,凱基-敦北,2024-02-29,9237
00679B,元大美債20年,14,0,14,凱基-敦北,2024-02-29,9237
1101,台泥,11,0,11,凱基-敦北,2024-02-29,9237
3029,零壹,13,2,11,凱基-敦北,2024-02-29,9237
5347,世界,11,0,11,凱基-敦北,2024-02-29,9237
1321,大洋,10,0,10,凱基-敦北,2024-02-29,9237
2601,益航,10,0,10,凱基-敦北,2024-02-29,9237
4714,永捷,10,0,10,凱基-敦北,2024-02-29,9237
6104,創惟,17,7,10,凱基-敦北,2024-02-29,9237
6546,正基,10,0,10,凱基-敦北,2024-02-29,9237
8182,加高,10,0,10,凱基-敦北,2024-02-29,9237
2548,華固,10,0,10,凱基-敦北,2024-02-29,9237
2029,盛餘,8,0,8,凱基-敦北,2024-02-29,9237
00712,復華富時不動產,7,0,7,凱基-敦北,2024-02-29,9237
3260,威剛,14,7,7,凱基-敦北,2024-02-29,9237
3354,律勝,7,0,7,凱基-敦北,2024-02-29,9237
4123,晟德,7,0,7,凱基-敦北,2024-02-29,9237
8087,麗升能源,7,0,7,凱基-敦北,2024-02-29,9237
00913,兆豐台灣晶圓製造,6,0,6,凱基-敦北,2024-02-29,9237
00933B,國泰10Y+金融債,9,3,6,凱基-敦北,2024-02-29,9237
2317,鴻海,15,9,6,凱基-敦北,2024-02-29,9237
5244,弘凱,6,0,6,凱基-敦北,2024-02-29,9237
00772B,中信高評級公司債,5,0,5,凱基-敦北,2024-02-29,9237
1603,華電,5,0,5,凱基-敦北,2024-02-29,9237
2014,中鴻,5,0,5,凱基-敦北,2024-02-29,9237
2425,承啟,6,1,5,凱基-敦北,2024-02-29,9237
2543,皇昌,5,0,5,凱基-敦北,2024-02-29,9237
3390,旭軟,16,11,5,凱基-敦北,2024-02-29,9237
6127,九豪,5,0,5,凱基-敦北,2024-02-29,9237
6147,頎邦,5,0,5,凱基-敦北,2024-02-29,9237
00919,群益台灣精選高息,229,4,225,凱基-敦北,2024-03-01,9237
2367,燿華,283,106,177,凱基-敦北,2024-03-01,9237
00937B,群益ESG投等債20,62,0,62,凱基-敦北,2024-03-01,9237
3712,永崴投控,168,116,52,凱基-敦北,2024-03-01,9237
6126,信音,53,1,52,凱基-敦北,2024-03-01,9237
00918,大華優利高填息30,45,2,43,凱基-敦北,2024-03-01,9237
3036,文曄,59,24,35,凱基-敦北,2024-03-01,9237
00679B,元大美債20年,35,3,32,凱基-敦北,2024-03-01,9237
6265,方土昶,35,9,26,凱基-敦北,2024-03-01,9237
3289,宜特,21,0,21,凱基-敦北,2024-03-01,9237
6165,浪凡,21,0,21,凱基-敦北,2024-03-01,9237
6218,豪勉,22,2,20,凱基-敦北,2024-03-01,9237
6782,視陽,20,0,20,凱基-敦北,2024-03-01,9237
5452,佶優,31,12,19,凱基-敦北,2024-03-01,9237
3305,昇貿,15,0,15,凱基-敦北,2024-03-01,9237
6139,亞翔,24,9,15,凱基-敦北,2024-03-01,9237
2317,鴻海,38,24,14,凱基-敦北,2024-03-01,9237
3264,欣銓,13,0,13,凱基-敦北,2024-03-01,9237
8047,星雲,13,0,13,凱基-敦北,2024-03-01,9237
00720B,元大投資級公司債,12,0,12,凱基-敦北,2024-03-01,9237
1529,樂事綠能,12,0,12,凱基-敦北,2024-03-01,9237
3231,緯創,31,19,12,凱基-敦北,2024-03-01,9237
3526,凡甲,12,0,12,凱基-敦北,2024-03-01,9237
5534,長虹,12,0,12,凱基-敦北,2024-03-01,9237
6125,廣運,26,14,12,凱基-敦北,2024-03-01,9237
8182,加高,10,0,10,凱基-敦北,2024-03-01,9237
00772B,中信高評級公司債,10,0,10,凱基-敦北,2024-03-01,9237
00650L,復華香港正2,10,0,10,凱基-敦北,2024-03-01,9237
00928,中信上櫃ESG30,10,0,10,凱基-敦北,2024-03-01,9237
00894,中信小資高價30,10,0,10,凱基-敦北,2024-03-01,9237
6015,宏遠證,10,0,10,凱基-敦北,2024-03-01,9237
1503,士電,31,22,9,凱基-敦北,2024-03-01,9237
2369,菱生,15,6,9,凱基-敦北,2024-03-01,9237
5324,士開,9,0,9,凱基-敦北,2024-03-01,9237
6579,研揚,9,0,9,凱基-敦北,2024-03-01,9237
2883,凱基金,11,2,9,凱基-敦北,2024-03-01,9237
8086,宏捷科,8,0,8,凱基-敦北,2024-03-01,9237
1326,台化,8,0,8,凱基-敦北,2024-03-01,9237
1303,南亞,7,0,7,凱基-敦北,2024-03-01,9237
00933B,國泰10Y+金融債,7,0,7,凱基-敦北,2024-03-01,9237
2365,昆盈,7,0,7,凱基-敦北,2024-03-01,9237
2355,敬鵬,7,0,7,凱基-敦北,2024-03-01,9237
2886,兆豐金,8,1,7,凱基-敦北,2024-03-01,9237
2329,華泰,7,0,7,凱基-敦北,2024-03-01,9237
0051,元大中型100,6,0,6,凱基-敦北,2024-03-01,9237
2495,普安,6,0,6,凱基-敦北,2024-03-01,9237
3042,晶技,8,2,6,凱基-敦北,2024-03-01,9237
8454,富邦媒,6,0,6,凱基-敦北,2024-03-01,9237
8936,國統,9,3,6,凱基-敦北,2024-03-01,9237
2206,三陽工業,9,3,6,凱基-敦北,2024-03-01,9237
3622,洋華,112,0,112,凱基-敦北,2024-03-04,9237
3163,波若威,91,0,91,凱基-敦北,2024-03-04,9237
2367,燿華,205,117,88,凱基-敦北,2024-03-04,9237
00665L,富邦�琤肭磪囓�2,81,1,80,凱基-敦北,2024-03-04,9237
00937B,群益ESG投等債20,75,0,75,凱基-敦北,2024-03-04,9237
3481,群創,57,2,55,凱基-敦北,2024-03-04,9237
3645,達邁,65,21,44,凱基-敦北,2024-03-04,9237
1815,富喬,50,10,40,凱基-敦北,2024-03-04,9237
6546,正基,115,75,40,凱基-敦北,2024-03-04,9237
2324,仁寶,68,32,36,凱基-敦北,2024-03-04,9237
00712,復華富時不動產,40,6,34,凱基-敦北,2024-03-04,9237
00632R,元大台灣50反1,31,0,31,凱基-敦北,2024-03-04,9237
00919,群益台灣精選高息,36,6,30,凱基-敦北,2024-03-04,9237
3227,原相,30,1,29,凱基-敦北,2024-03-04,9237
3708,上緯投控,29,1,28,凱基-敦北,2024-03-04,9237
4908,前鼎,34,9,25,凱基-敦北,2024-03-04,9237
2484,希華,24,0,24,凱基-敦北,2024-03-04,9237
4105,東洋,22,0,22,凱基-敦北,2024-03-04,9237
4168,醣聯,21,0,21,凱基-敦北,2024-03-04,9237
00650L,復華香港正2,20,0,20,凱基-敦北,2024-03-04,9237
6265,方土昶,20,0,20,凱基-敦北,2024-03-04,9237
3390,旭軟,18,0,18,凱基-敦北,2024-03-04,9237
2002,中鋼,18,1,17,凱基-敦北,2024-03-04,9237
4919,新唐,16,0,16,凱基-敦北,2024-03-04,9237
3231,緯創,33,18,15,凱基-敦北,2024-03-04,9237
2495,普安,14,0,14,凱基-敦北,2024-03-04,9237
2303,聯電,14,3,11,凱基-敦北,2024-03-04,9237
2332,友訊,14,3,11,凱基-敦北,2024-03-04,9237
6584,南俊國際,11,0,11,凱基-敦北,2024-03-04,9237
4968,立積,12,2,10,凱基-敦北,2024-03-04,9237
3189,景碩,10,0,10,凱基-敦北,2024-03-04,9237
00637L,元大滬深300正2,10,0,10,凱基-敦北,2024-03-04,9237
00688L,國泰20年美債正2,10,0,10,凱基-敦北,2024-03-04,9237
2014,中鴻,10,0,10,凱基-敦北,2024-03-04,9237
3265,台星科,10,0,10,凱基-敦北,2024-03-04,9237
5009,榮剛,11,1,10,凱基-敦北,2024-03-04,9237
5243,乙盛-KY,10,0,10,凱基-敦北,2024-03-04,9237
5347,世界,10,0,10,凱基-敦北,2024-03-04,9237
6023,元大期,10,0,10,凱基-敦北,2024-03-04,9237
6104,創惟,31,21,10,凱基-敦北,2024-03-04,9237
6668,中揚光,10,0,10,凱基-敦北,2024-03-04,9237
8064,東捷,10,0,10,凱基-敦北,2024-03-04,9237
8070,長華*,10,0,10,凱基-敦北,2024-03-04,9237
00679B,元大美債20年,9,0,9,凱基-敦北,2024-03-04,9237
00933B,國泰10Y+金融債,10,1,9,凱基-敦北,2024-03-04,9237
2049,上銀,15,6,9,凱基-敦北,2024-03-04,9237
9945,潤泰新,10,1,9,凱基-敦北,2024-03-04,9237
1513,中興電,10,2,8,凱基-敦北,2024-03-04,9237
3512,皇龍,8,0,8,凱基-敦北,2024-03-04,9237
6589,台康生技,8,0,8,凱基-敦北,2024-03-04,9237
2367,燿華,357,141,216,凱基-敦北,2024-03-05,9237
6217,中探針,228,23,205,凱基-敦北,2024-03-05,9237
00933B,國泰10Y+金融債,111,0,111,凱基-敦北,2024-03-05,9237
00937B,群益ESG投等債20,111,0,111,凱基-敦北,2024-03-05,9237
4105,東洋,96,1,95,凱基-敦北,2024-03-05,9237
00687B,國泰20年美債,73,0,73,凱基-敦北,2024-03-05,9237
3289,宜特,64,2,62,凱基-敦北,2024-03-05,9237
4768,晶呈科技,70,15,55,凱基-敦北,2024-03-05,9237
3556,禾瑞亞,55,2,53,凱基-敦北,2024-03-05,9237
1513,中興電,58,8,50,凱基-敦北,2024-03-05,9237
00919,群益台灣精選高息,70,28,42,凱基-敦北,2024-03-05,9237
6227,茂綸,31,0,31,凱基-敦北,2024-03-05,9237
1905,華紙,30,0,30,凱基-敦北,2024-03-05,9237
3265,台星科,30,0,30,凱基-敦北,2024-03-05,9237
4908,前鼎,31,1,30,凱基-敦北,2024-03-05,9237
4906,正文,46,18,28,凱基-敦北,2024-03-05,9237
00918,大華優利高填息30,28,2,26,凱基-敦北,2024-03-05,9237
3390,旭軟,23,0,23,凱基-敦北,2024-03-05,9237
00915,凱基優選高股息30,22,0,22,凱基-敦北,2024-03-05,9237
1101,台泥,24,2,22,凱基-敦北,2024-03-05,9237
1609,大亞,21,0,21,凱基-敦北,2024-03-05,9237
2419,仲琦,20,0,20,凱基-敦北,2024-03-05,9237
2637,慧洋-KY,25,5,20,凱基-敦北,2024-03-05,9237
5258,虹堡,20,0,20,凱基-敦北,2024-03-05,9237
5452,佶優,20,0,20,凱基-敦北,2024-03-05,9237
5474,聰泰,20,0,20,凱基-敦北,2024-03-05,9237
6189,豐藝,20,0,20,凱基-敦北,2024-03-05,9237
2358,廷鑫,19,0,19,凱基-敦北,2024-03-05,9237
2313,華通,19,2,17,凱基-敦北,2024-03-05,9237
2317,鴻海,20,3,17,凱基-敦北,2024-03-05,9237
3645,達邁,23,6,17,凱基-敦北,2024-03-05,9237
3715,定穎投控,19,2,17,凱基-敦北,2024-03-05,9237
6218,豪勉,39,22,17,凱基-敦北,2024-03-05,9237
1612,宏泰,16,0,16,凱基-敦北,2024-03-05,9237
3035,智原,20,4,16,凱基-敦北,2024-03-05,9237
3450,聯鈞,21,6,15,凱基-敦北,2024-03-05,9237
6188,廣明,15,1,14,凱基-敦北,2024-03-05,9237
5347,世界,13,0,13,凱基-敦北,2024-03-05,9237
8064,東捷,13,0,13,凱基-敦北,2024-03-05,9237
00712,復華富時不動產,13,1,12,凱基-敦北,2024-03-05,9237
00665L,富邦�琤肭磪囓�2,12,0,12,凱基-敦北,2024-03-05,9237
2801,彰銀,12,0,12,凱基-敦北,2024-03-05,9237
8046,南電,12,0,12,凱基-敦北,2024-03-05,9237
00650L,復華香港正2,10,0,10,凱基-敦北,2024-03-05,9237
8070,長華*,10,0,10,凱基-敦北,2024-03-05,9237
3481,群創,17,8,9,凱基-敦北,2024-03-05,9237
1528,恩德,9,0,9,凱基-敦北,2024-03-05,9237
2439,美律,10,1,9,凱基-敦北,2024-03-05,9237
9950,萬國通,8,0,8,凱基-敦北,2024-03-05,9237
6531,愛普*,9,1,8,凱基-敦北,2024-03-05,9237
2464,盟立,90,0,90,凱基-敦北,2024-03-06,9237
6189,豐藝,70,0,70,凱基-敦北,2024-03-06,9237
3520,華盈,70,2,68,凱基-敦北,2024-03-06,9237
3178,公準,47,0,47,凱基-敦北,2024-03-06,9237
4168,醣聯,47,1,46,凱基-敦北,2024-03-06,9237
00919,群益台灣精選高息,51,6,45,凱基-敦北,2024-03-06,9237
00679B,元大美債20年,39,6,33,凱基-敦北,2024-03-06,9237
2329,華泰,36,5,31,凱基-敦北,2024-03-06,9237
00937B,群益ESG投等債20,28,0,28,凱基-敦北,2024-03-06,9237
4939,亞電,28,1,27,凱基-敦北,2024-03-06,9237
3163,波若威,51,25,26,凱基-敦北,2024-03-06,9237
4108,懷特,26,0,26,凱基-敦北,2024-03-06,9237
8163,達方,31,5,26,凱基-敦北,2024-03-06,9237
3325,旭品,47,26,21,凱基-敦北,2024-03-06,9237
6217,中探針,85,64,21,凱基-敦北,2024-03-06,9237
6227,茂綸,20,0,20,凱基-敦北,2024-03-06,9237
3013,晟銘電,86,67,19,凱基-敦北,2024-03-06,9237
5009,榮剛,20,1,19,凱基-敦北,2024-03-06,9237
00687B,國泰20年美債,21,3,18,凱基-敦北,2024-03-06,9237
2376,技嘉,21,3,18,凱基-敦北,2024-03-06,9237
3702,大聯大,20,2,18,凱基-敦北,2024-03-06,9237
8027,鈦昇,19,1,18,凱基-敦北,2024-03-06,9237
3265,台星科,17,0,17,凱基-敦北,2024-03-06,9237
2633,台灣高鐵,16,0,16,凱基-敦北,2024-03-06,9237
2504,國產,17,2,15,凱基-敦北,2024-03-06,9237
8064,東捷,15,0,15,凱基-敦北,2024-03-06,9237
00900,富邦特選高股息30,25,11,14,凱基-敦北,2024-03-06,9237
2834,臺企銀,14,0,14,凱基-敦北,2024-03-06,9237
6104,創惟,16,2,14,凱基-敦北,2024-03-06,9237
2609,陽明,13,0,13,凱基-敦北,2024-03-06,9237
00933B,國泰10Y+金融債,28,17,11,凱基-敦北,2024-03-06,9237
3450,聯鈞,11,0,11,凱基-敦北,2024-03-06,9237
6218,豪勉,31,20,11,凱基-敦北,2024-03-06,9237
8087,麗升能源,11,0,11,凱基-敦北,2024-03-06,9237
6531,愛普*,11,1,10,凱基-敦北,2024-03-06,9237
1102,亞泥,10,0,10,凱基-敦北,2024-03-06,9237
1432,大魯閣,10,0,10,凱基-敦北,2024-03-06,9237
8011,台通,11,1,10,凱基-敦北,2024-03-06,9237
6782,視陽,9,0,9,凱基-敦北,2024-03-06,9237
8046,南電,8,0,8,凱基-敦北,2024-03-06,9237
00665L,富邦�琤肭磪囓�2,10,2,8,凱基-敦北,2024-03-06,9237
6684,安格,18,10,8,凱基-敦北,2024-03-06,9237
6770,力積電,7,0,7,凱基-敦北,2024-03-06,9237
5306,桂盟,9,2,7,凱基-敦北,2024-03-06,9237
6005,群益證,10,3,7,凱基-敦北,2024-03-06,9237
6799,來頡,11,4,7,凱基-敦北,2024-03-06,9237
3037,欣興,6,0,6,凱基-敦北,2024-03-06,9237
1307,三芳,6,0,6,凱基-敦北,2024-03-06,9237
2428,興勤,8,2,6,凱基-敦北,2024-03-06,9237
6788,華景電,6,0,6,凱基-敦北,2024-03-06,9237
4909,新復興,202,0,202,凱基-敦北,2024-03-07,9237
00919,群益台灣精選高息,85,20,65,凱基-敦北,2024-03-07,9237
3289,宜特,60,0,60,凱基-敦北,2024-03-07,9237
2368,金像電,55,0,55,凱基-敦北,2024-03-07,9237
1513,中興電,55,1,54,凱基-敦北,2024-03-07,9237
6274,台燿,101,55,46,凱基-敦北,2024-03-07,9237
00937B,群益ESG投等債20,43,3,40,凱基-敦北,2024-03-07,9237
6005,群益證,35,0,35,凱基-敦北,2024-03-07,9237
4105,東洋,32,0,32,凱基-敦北,2024-03-07,9237
2464,盟立,31,0,31,凱基-敦北,2024-03-07,9237
3105,穩懋,31,0,31,凱基-敦北,2024-03-07,9237
00753L,中信中國50正2,30,0,30,凱基-敦北,2024-03-07,9237
00690,兆豐藍籌30,27,0,27,凱基-敦北,2024-03-07,9237
00720B,元大投資級公司債,26,0,26,凱基-敦北,2024-03-07,9237
00929,復華台灣科技優息,32,7,25,凱基-敦北,2024-03-07,9237
00679B,元大美債20年,82,58,24,凱基-敦北,2024-03-07,9237
8112,至上,46,24,22,凱基-敦北,2024-03-07,9237
3231,緯創,38,17,21,凱基-敦北,2024-03-07,9237
2376,技嘉,23,2,21,凱基-敦北,2024-03-07,9237
3051,力特,25,4,21,凱基-敦北,2024-03-07,9237
2352,佳世達,20,0,20,凱基-敦北,2024-03-07,9237
00632R,元大台灣50反1,29,10,19,凱基-敦北,2024-03-07,9237
00687B,國泰20年美債,27,9,18,凱基-敦北,2024-03-07,9237
3520,華盈,17,0,17,凱基-敦北,2024-03-07,9237
3687,歐買尬,16,0,16,凱基-敦北,2024-03-07,9237
6196,帆宣,18,3,15,凱基-敦北,2024-03-07,9237
1432,大魯閣,14,0,14,凱基-敦北,2024-03-07,9237
1815,富喬,179,165,14,凱基-敦北,2024-03-07,9237
6015,宏遠證,14,0,14,凱基-敦北,2024-03-07,9237
2365,昆盈,20,7,13,凱基-敦北,2024-03-07,9237
3390,旭軟,15,2,13,凱基-敦北,2024-03-07,9237
5521,工信,12,0,12,凱基-敦北,2024-03-07,9237
6830,汎銓,12,0,12,凱基-敦北,2024-03-07,9237
0056,元大高股息,19,8,11,凱基-敦北,2024-03-07,9237
00931B,統一美債20年,11,0,11,凱基-敦北,2024-03-07,9237
2344,華邦電,14,3,11,凱基-敦北,2024-03-07,9237
2351,順德,11,0,11,凱基-敦北,2024-03-07,9237
4543,萬在,11,0,11,凱基-敦北,2024-03-07,9237
9950,萬國通,11,0,11,凱基-敦北,2024-03-07,9237
4714,永捷,10,0,10,凱基-敦北,2024-03-07,9237
00918,大華優利高填息30,18,8,10,凱基-敦北,2024-03-07,9237
00921,兆豐龍頭等權重,10,0,10,凱基-敦北,2024-03-07,9237
1612,宏泰,10,0,10,凱基-敦北,2024-03-07,9237
2439,美律,10,0,10,凱基-敦北,2024-03-07,9237
3211,順達,12,2,10,凱基-敦北,2024-03-07,9237
3297,杭特,26,16,10,凱基-敦北,2024-03-07,9237
6576,逸達,10,0,10,凱基-敦北,2024-03-07,9237
6691,洋基工程,10,0,10,凱基-敦北,2024-03-07,9237
3324,雙鴻,17,7,10,凱基-敦北,2024-03-07,9237
00933B,國泰10Y+金融債,11,2,9,凱基-敦北,2024-03-07,9237
00687B,國泰20年美債,187,0,187,凱基-敦北,2024-03-08,9237
00919,群益台灣精選高息,172,29,143,凱基-敦北,2024-03-08,9237
3163,波若威,103,10,93,凱基-敦北,2024-03-08,9237
6005,群益證,75,0,75,凱基-敦北,2024-03-08,9237
3564,其陽,75,1,74,凱基-敦北,2024-03-08,9237
4909,新復興,76,3,73,凱基-敦北,2024-03-08,9237
9941,裕融,60,0,60,凱基-敦北,2024-03-08,9237
00929,復華台灣科技優息,90,38,52,凱基-敦北,2024-03-08,9237
3354,律勝,53,7,46,凱基-敦北,2024-03-08,9237
2211,長榮鋼,45,4,41,凱基-敦北,2024-03-08,9237
3016,嘉晶,40,4,36,凱基-敦北,2024-03-08,9237
4543,萬在,34,0,34,凱基-敦北,2024-03-08,9237
5483,中美晶,41,9,32,凱基-敦北,2024-03-08,9237
6425,易發,32,0,32,凱基-敦北,2024-03-08,9237
1513,中興電,34,3,31,凱基-敦北,2024-03-08,9237
6143,振曜,32,3,29,凱基-敦北,2024-03-08,9237
6282,康舒,27,0,27,凱基-敦北,2024-03-08,9237
8996,高力,34,10,24,凱基-敦北,2024-03-08,9237
00937B,群益ESG投等債20,29,5,24,凱基-敦北,2024-03-08,9237
2367,燿華,230,206,24,凱基-敦北,2024-03-08,9237
2365,昆盈,24,3,21,凱基-敦北,2024-03-08,9237
2515,中工,21,0,21,凱基-敦北,2024-03-08,9237
2371,大同,27,6,21,凱基-敦北,2024-03-08,9237
00918,大華優利高填息30,29,9,20,凱基-敦北,2024-03-08,9237
1314,中石化,20,0,20,凱基-敦北,2024-03-08,9237
2597,潤弘,20,0,20,凱基-敦北,2024-03-08,9237
3289,宜特,20,0,20,凱基-敦北,2024-03-08,9237
3520,華盈,25,5,20,凱基-敦北,2024-03-08,9237
4535,至興,20,0,20,凱基-敦北,2024-03-08,9237
2002,中鋼,25,6,19,凱基-敦北,2024-03-08,9237
3372,典範,20,2,18,凱基-敦北,2024-03-08,9237
2317,鴻海,21,4,17,凱基-敦北,2024-03-08,9237
2607,榮運,17,0,17,凱基-敦北,2024-03-08,9237
3481,群創,18,1,17,凱基-敦北,2024-03-08,9237
2449,京元電子,21,5,16,凱基-敦北,2024-03-08,9237
2025,千興,16,0,16,凱基-敦北,2024-03-08,9237
1727,中華化,15,0,15,凱基-敦北,2024-03-08,9237
3706,神達,16,1,15,凱基-敦北,2024-03-08,9237
6548,長科*,15,0,15,凱基-敦北,2024-03-08,9237
8096,擎亞,15,0,15,凱基-敦北,2024-03-08,9237
3264,欣銓,17,4,13,凱基-敦北,2024-03-08,9237
2457,飛宏,11,0,11,凱基-敦北,2024-03-08,9237
0056,元大高股息,11,0,11,凱基-敦北,2024-03-08,9237
2855,統一證,10,0,10,凱基-敦北,2024-03-08,9237
2328,廣宇,10,0,10,凱基-敦北,2024-03-08,9237
2851,中再保,10,0,10,凱基-敦北,2024-03-08,9237
6712,長聖,10,0,10,凱基-敦北,2024-03-08,9237
8047,星雲,9,0,9,凱基-敦北,2024-03-08,9237
2504,國產,118,109,9,凱基-敦北,2024-03-08,9237
6104,創惟,16,8,8,凱基-敦北,2024-03-08,9237
2367,燿華,1234,537,697,凱基-敦北,2024-03-11,9237
00712,復華富時不動產,166,0,166,凱基-敦北,2024-03-11,9237
1101,台泥,150,0,150,凱基-敦北,2024-03-11,9237
00752,中信中國50,70,5,65,凱基-敦北,2024-03-11,9237
2504,國產,64,15,49,凱基-敦北,2024-03-11,9237
2834,臺企銀,45,0,45,凱基-敦北,2024-03-11,9237
3481,群創,57,12,45,凱基-敦北,2024-03-11,9237
5515,建國,48,7,41,凱基-敦北,2024-03-11,9237
3207,耀勝,40,0,40,凱基-敦北,2024-03-11,9237
2317,鴻海,64,27,37,凱基-敦北,2024-03-11,9237
3013,晟銘電,36,1,35,凱基-敦北,2024-03-11,9237
6005,群益證,35,0,35,凱基-敦北,2024-03-11,9237
00919,群益台灣精選高息,83,53,30,凱基-敦北,2024-03-11,9237
00632R,元大台灣50反1,30,0,30,凱基-敦北,2024-03-11,9237
00665L,富邦�琤肭磪囓�2,25,1,24,凱基-敦北,2024-03-11,9237
00687B,國泰20年美債,23,0,23,凱基-敦北,2024-03-11,9237
3062,建漢,20,0,20,凱基-敦北,2024-03-11,9237
2303,聯電,31,11,20,凱基-敦北,2024-03-11,9237
2211,長榮鋼,18,0,18,凱基-敦北,2024-03-11,9237
3264,欣銓,21,4,17,凱基-敦北,2024-03-11,9237
2002,中鋼,16,1,15,凱基-敦北,2024-03-11,9237
00915,凱基優選高股息30,16,1,15,凱基-敦北,2024-03-11,9237
2344,華邦電,13,0,13,凱基-敦北,2024-03-11,9237
00650L,復華香港正2,12,0,12,凱基-敦北,2024-03-11,9237
2365,昆盈,13,1,12,凱基-敦北,2024-03-11,9237
6830,汎銓,12,0,12,凱基-敦北,2024-03-11,9237
00918,大華優利高填息30,11,0,11,凱基-敦北,2024-03-11,9237
1503,士電,11,0,11,凱基-敦北,2024-03-11,9237
6576,逸達,10,0,10,凱基-敦北,2024-03-11,9237
00679B,元大美債20年,11,1,10,凱基-敦北,2024-03-11,9237
2330,台積電,14,4,10,凱基-敦北,2024-03-11,9237
00706L,期元大S＆P日圓正2,10,0,10,凱基-敦北,2024-03-11,9237
00933B,國泰10Y+金融債,10,0,10,凱基-敦北,2024-03-11,9237
2025,千興,10,0,10,凱基-敦北,2024-03-11,9237
3564,其陽,20,10,10,凱基-敦北,2024-03-11,9237
6125,廣運,13,3,10,凱基-敦北,2024-03-11,9237
6584,南俊國際,28,18,10,凱基-敦北,2024-03-11,9237
8105,凌巨,10,0,10,凱基-敦北,2024-03-11,9237
4979,華星光,10,1,9,凱基-敦北,2024-03-11,9237
8255,朋程,10,1,9,凱基-敦北,2024-03-11,9237
00885,富邦越南,8,0,8,凱基-敦北,2024-03-11,9237
4105,東洋,8,0,8,凱基-敦北,2024-03-11,9237
6143,振曜,8,0,8,凱基-敦北,2024-03-11,9237
6223,旺矽,14,6,8,凱基-敦北,2024-03-11,9237
8054,安國,10,2,8,凱基-敦北,2024-03-11,9237
00680L,元大美債20正2,7,0,7,凱基-敦北,2024-03-11,9237
00720B,元大投資級公司債,7,0,7,凱基-敦北,2024-03-11,9237
00795B,中信美國公債20年,6,0,6,凱基-敦北,2024-03-11,9237
00891,中信關鍵半導體,6,0,6,凱基-敦北,2024-03-11,9237
2351,順德,9,3,6,凱基-敦北,2024-03-11,9237
3062,建漢,224,0,224,凱基-敦北,2024-03-12,9237
8096,擎亞,133,1,132,凱基-敦北,2024-03-12,9237
00919,群益台灣精選高息,105,1,104,凱基-敦北,2024-03-12,9237
00753L,中信中國50正2,100,5,95,凱基-敦北,2024-03-12,9237
2801,彰銀,78,0,78,凱基-敦北,2024-03-12,9237
2376,技嘉,44,3,41,凱基-敦北,2024-03-12,9237
2607,榮運,50,17,33,凱基-敦北,2024-03-12,9237
6005,群益證,35,2,33,凱基-敦北,2024-03-12,9237
4768,晶呈科技,44,12,32,凱基-敦北,2024-03-12,9237
2323,中環,30,0,30,凱基-敦北,2024-03-12,9237
3013,晟銘電,60,30,30,凱基-敦北,2024-03-12,9237
00937B,群益ESG投等債20,33,10,23,凱基-敦北,2024-03-12,9237
2383,台光電,22,1,21,凱基-敦北,2024-03-12,9237
00915,凱基優選高股息30,20,0,20,凱基-敦北,2024-03-12,9237
00632R,元大台灣50反1,20,1,19,凱基-敦北,2024-03-12,9237
2597,潤弘,15,0,15,凱基-敦北,2024-03-12,9237
2834,臺企銀,62,47,15,凱基-敦北,2024-03-12,9237
00918,大華優利高填息30,16,3,13,凱基-敦北,2024-03-12,9237
00933B,國泰10Y+金融債,11,0,11,凱基-敦北,2024-03-12,9237
1309,台達化,10,0,10,凱基-敦北,2024-03-12,9237
2382,廣達,20,10,10,凱基-敦北,2024-03-12,9237
00712,復華富時不動產,10,0,10,凱基-敦北,2024-03-12,9237
6015,宏遠證,10,0,10,凱基-敦北,2024-03-12,9237
6223,旺矽,31,21,10,凱基-敦北,2024-03-12,9237
3131,弘塑,12,2,10,凱基-敦北,2024-03-12,9237
6197,佳必琪,8,0,8,凱基-敦北,2024-03-12,9237
00679B,元大美債20年,10,3,7,凱基-敦北,2024-03-12,9237
00830,國泰費城半導體,7,0,7,凱基-敦北,2024-03-12,9237
2888,新光金,7,0,7,凱基-敦北,2024-03-12,9237
6187,萬潤,19,12,7,凱基-敦北,2024-03-12,9237
8112,至上,17,10,7,凱基-敦北,2024-03-12,9237
2371,大同,12,5,7,凱基-敦北,2024-03-12,9237
2330,台積電,11,4,7,凱基-敦北,2024-03-12,9237
1609,大亞,6,0,6,凱基-敦北,2024-03-12,9237
1312,國喬,5,0,5,凱基-敦北,2024-03-12,9237
2025,千興,5,0,5,凱基-敦北,2024-03-12,9237
2515,中工,5,0,5,凱基-敦北,2024-03-12,9237
3689,湧德,5,0,5,凱基-敦北,2024-03-12,9237
8163,達方,25,20,5,凱基-敦北,2024-03-12,9237
3338,泰碩,105,100,5,凱基-敦北,2024-03-12,9237
2352,佳世達,5,0,5,凱基-敦北,2024-03-12,9237
00891,中信關鍵半導體,4,0,4,凱基-敦北,2024-03-12,9237
00720B,元大投資級公司債,4,0,4,凱基-敦北,2024-03-12,9237
00795B,中信美國公債20年,4,0,4,凱基-敦北,2024-03-12,9237
1519,華城,20,16,4,凱基-敦北,2024-03-12,9237
1808,潤隆,4,0,4,凱基-敦北,2024-03-12,9237
2530,華建,10,6,4,凱基-敦北,2024-03-12,9237
3713,新晶投控,4,0,4,凱基-敦北,2024-03-12,9237
2354,鴻準,5,2,3,凱基-敦北,2024-03-12,9237
00636,國泰中國A50,4,1,3,凱基-敦北,2024-03-12,9237
3481,群創,521,27,494,凱基-敦北,2024-03-13,9237
00919,群益台灣精選高息,196,39,157,凱基-敦北,2024-03-13,9237
00900,富邦特選高股息30,90,7,83,凱基-敦北,2024-03-13,9237
00933B,國泰10Y+金融債,78,0,78,凱基-敦北,2024-03-13,9237
2002,中鋼,80,2,78,凱基-敦北,2024-03-13,9237
00937B,群益ESG投等債20,75,10,65,凱基-敦北,2024-03-13,9237
00915,凱基優選高股息30,72,8,64,凱基-敦北,2024-03-13,9237
1316,上曜,56,0,56,凱基-敦北,2024-03-13,9237
8996,高力,53,5,48,凱基-敦北,2024-03-13,9237
8011,台通,59,15,44,凱基-敦北,2024-03-13,9237
1808,潤隆,41,0,41,凱基-敦北,2024-03-13,9237
3231,緯創,57,18,39,凱基-敦北,2024-03-13,9237
2607,榮運,36,0,36,凱基-敦北,2024-03-13,9237
00712,復華富時不動產,34,0,34,凱基-敦北,2024-03-13,9237
00650L,復華香港正2,30,0,30,凱基-敦北,2024-03-13,9237
3163,波若威,115,86,29,凱基-敦北,2024-03-13,9237
1809,中釉,27,0,27,凱基-敦北,2024-03-13,9237
00687B,國泰20年美債,28,2,26,凱基-敦北,2024-03-13,9237
1618,合機,26,0,26,凱基-敦北,2024-03-13,9237
6104,創惟,24,0,24,凱基-敦北,2024-03-13,9237
3017,奇鋐,31,10,21,凱基-敦北,2024-03-13,9237
3289,宜特,20,0,20,凱基-敦北,2024-03-13,9237
5603,陸海,20,0,20,凱基-敦北,2024-03-13,9237
00878,國泰永續高股息,24,5,19,凱基-敦北,2024-03-13,9237
6016,康和證,18,0,18,凱基-敦北,2024-03-13,9237
3042,晶技,19,2,17,凱基-敦北,2024-03-13,9237
3706,神達,18,2,16,凱基-敦北,2024-03-13,9237
6187,萬潤,15,0,15,凱基-敦北,2024-03-13,9237
00679B,元大美債20年,27,13,14,凱基-敦北,2024-03-13,9237
3013,晟銘電,14,0,14,凱基-敦北,2024-03-13,9237
2515,中工,13,0,13,凱基-敦北,2024-03-13,9237
8081,致新,13,0,13,凱基-敦北,2024-03-13,9237
2303,聯電,22,10,12,凱基-敦北,2024-03-13,9237
00929,復華台灣科技優息,37,26,11,凱基-敦北,2024-03-13,9237
00902,中信電池及儲能,10,0,10,凱基-敦北,2024-03-13,9237
1584,精剛,10,0,10,凱基-敦北,2024-03-13,9237
1611,中電,10,0,10,凱基-敦北,2024-03-13,9237
2323,中環,10,0,10,凱基-敦北,2024-03-13,9237
2365,昆盈,13,3,10,凱基-敦北,2024-03-13,9237
2597,潤弘,10,0,10,凱基-敦北,2024-03-13,9237
4945,陞達科技,10,0,10,凱基-敦北,2024-03-13,9237
5515,建國,10,0,10,凱基-敦北,2024-03-13,9237
6589,台康生技,11,1,10,凱基-敦北,2024-03-13,9237
2457,飛宏,9,0,9,凱基-敦北,2024-03-13,9237
4768,晶呈科技,22,13,9,凱基-敦北,2024-03-13,9237
6546,正基,11,2,9,凱基-敦北,2024-03-13,9237
2408,南亞科,8,0,8,凱基-敦北,2024-03-13,9237
2201,裕隆,8,0,8,凱基-敦北,2024-03-13,9237
3025,星通,8,0,8,凱基-敦北,2024-03-13,9237
8163,達方,8,0,8,凱基-敦北,2024-03-13,9237
2882,國泰金,533,74,459,凱基-敦北,2024-03-14,9237
2618,長榮航,305,16,289,凱基-敦北,2024-03-14,9237
3481,群創,152,11,141,凱基-敦北,2024-03-14,9237
00919,群益台灣精選高息,203,74,129,凱基-敦北,2024-03-14,9237
2883,凱基金,155,38,117,凱基-敦北,2024-03-14,9237
00933B,國泰10Y+金融債,130,20,110,凱基-敦北,2024-03-14,9237
6274,台燿,116,8,108,凱基-敦北,2024-03-14,9237
2002,中鋼,100,1,99,凱基-敦北,2024-03-14,9237
2820,華票,50,0,50,凱基-敦北,2024-03-14,9237
2887,台新金,55,7,48,凱基-敦北,2024-03-14,9237
3372,典範,30,0,30,凱基-敦北,2024-03-14,9237
1809,中釉,26,0,26,凱基-敦北,2024-03-14,9237
2597,潤弘,31,6,25,凱基-敦北,2024-03-14,9237
3062,建漢,30,5,25,凱基-敦北,2024-03-14,9237
4967,十銓,25,0,25,凱基-敦北,2024-03-14,9237
00918,大華優利高填息30,24,0,24,凱基-敦北,2024-03-14,9237
3006,晶豪科,24,1,23,凱基-敦北,2024-03-14,9237
2890,永豐金,21,0,21,凱基-敦北,2024-03-14,9237
6282,康舒,21,0,21,凱基-敦北,2024-03-14,9237
5515,建國,20,0,20,凱基-敦北,2024-03-14,9237
00680L,元大美債20正2,17,0,17,凱基-敦北,2024-03-14,9237
00665L,富邦�琤肭磪囓�2,40,24,16,凱基-敦北,2024-03-14,9237
00915,凱基優選高股息30,66,50,16,凱基-敦北,2024-03-14,9237
6263,普萊德,17,2,15,凱基-敦北,2024-03-14,9237
2367,燿華,20,6,14,凱基-敦北,2024-03-14,9237
00687B,國泰20年美債,22,10,12,凱基-敦北,2024-03-14,9237
3702,大聯大,11,0,11,凱基-敦北,2024-03-14,9237
3013,晟銘電,11,0,11,凱基-敦北,2024-03-14,9237
2368,金像電,44,33,11,凱基-敦北,2024-03-14,9237
0055,元大MSCI金融,10,0,10,凱基-敦北,2024-03-14,9237
00907,永豐優息存股,12,2,10,凱基-敦北,2024-03-14,9237
00902,中信電池及儲能,10,0,10,凱基-敦北,2024-03-14,9237
1529,樂事綠能,10,0,10,凱基-敦北,2024-03-14,9237
2316,楠梓電,10,0,10,凱基-敦北,2024-03-14,9237
2344,華邦電,10,0,10,凱基-敦北,2024-03-14,9237
2609,陽明,11,1,10,凱基-敦北,2024-03-14,9237
4927,泰鼎-KY,10,0,10,凱基-敦北,2024-03-14,9237
5011,久陽,10,0,10,凱基-敦北,2024-03-14,9237
6024,群益期,10,0,10,凱基-敦北,2024-03-14,9237
00930,永豐ESG低碳高息,9,0,9,凱基-敦北,2024-03-14,9237
1446,宏和,9,0,9,凱基-敦北,2024-03-14,9237
1503,士電,27,18,9,凱基-敦北,2024-03-14,9237
6584,南俊國際,18,9,9,凱基-敦北,2024-03-14,9237
2388,威盛,12,3,9,凱基-敦北,2024-03-14,9237
2382,廣達,8,0,8,凱基-敦北,2024-03-14,9237
2353,宏��,8,0,8,凱基-敦北,2024-03-14,9237
3051,力特,9,1,8,凱基-敦北,2024-03-14,9237
5880,合庫金,10,2,8,凱基-敦北,2024-03-14,9237
00679B,元大美債20年,18,10,8,凱基-敦北,2024-03-14,9237
2401,凌陽,7,0,7,凱基-敦北,2024-03-14,9237
00919,群益台灣精選高息,255,6,249,凱基-敦北,2024-03-15,9237
2618,長榮航,121,23,98,凱基-敦北,2024-03-15,9237
00941,中信上游半導體,123,26,97,凱基-敦北,2024-03-15,9237
2329,華泰,120,32,88,凱基-敦北,2024-03-15,9237
1809,中釉,111,36,75,凱基-敦北,2024-03-15,9237
2597,潤弘,60,0,60,凱基-敦北,2024-03-15,9237
2883,凱基金,53,9,44,凱基-敦北,2024-03-15,9237
00665L,富邦�琤肭磪囓�2,44,0,44,凱基-敦北,2024-03-15,9237
00690,兆豐藍籌30,30,0,30,凱基-敦北,2024-03-15,9237
1806,冠軍,30,0,30,凱基-敦北,2024-03-15,9237
2611,志信,32,2,30,凱基-敦北,2024-03-15,9237
00679B,元大美債20年,29,0,29,凱基-敦北,2024-03-15,9237
2609,陽明,39,11,28,凱基-敦北,2024-03-15,9237
2020,美亞,20,0,20,凱基-敦北,2024-03-15,9237
4168,醣聯,20,0,20,凱基-敦北,2024-03-15,9237
00915,凱基優選高股息30,24,5,19,凱基-敦北,2024-03-15,9237
00933B,國泰10Y+金融債,18,0,18,凱基-敦北,2024-03-15,9237
3005,神基,18,0,18,凱基-敦北,2024-03-15,9237
2313,華通,20,5,15,凱基-敦北,2024-03-15,9237
3564,其陽,15,0,15,凱基-敦北,2024-03-15,9237
8046,南電,14,0,14,凱基-敦北,2024-03-15,9237
9943,好樂迪,14,0,14,凱基-敦北,2024-03-15,9237
2367,燿華,13,0,13,凱基-敦北,2024-03-15,9237
00891,中信關鍵半導體,12,0,12,凱基-敦北,2024-03-15,9237
00772B,中信高評級公司債,10,0,10,凱基-敦北,2024-03-15,9237
1616,億泰,10,0,10,凱基-敦北,2024-03-15,9237
1815,富喬,10,0,10,凱基-敦北,2024-03-15,9237
2704,國賓,10,0,10,凱基-敦北,2024-03-15,9237
3583,辛耘,10,0,10,凱基-敦北,2024-03-15,9237
5515,建國,10,0,10,凱基-敦北,2024-03-15,9237
6235,華孚,10,0,10,凱基-敦北,2024-03-15,9237
8255,朋程,11,1,10,凱基-敦北,2024-03-15,9237
00646,元大S＆P500,10,0,10,凱基-敦北,2024-03-15,9237
00751B,元大AAA至A公司債,10,0,10,凱基-敦北,2024-03-15,9237
00795B,中信美國公債20年,9,0,9,凱基-敦北,2024-03-15,9237
2606,裕民,9,0,9,凱基-敦北,2024-03-15,9237
1522,堤維西,11,2,9,凱基-敦北,2024-03-15,9237
2330,台積電,13,4,9,凱基-敦北,2024-03-15,9237
00720B,元大投資級公司債,8,0,8,凱基-敦北,2024-03-15,9237
2022,聚亨,43,35,8,凱基-敦北,2024-03-15,9237
6153,嘉聯益,8,0,8,凱基-敦北,2024-03-15,9237
6274,台燿,22,14,8,凱基-敦北,2024-03-15,9237
2303,聯電,10,3,7,凱基-敦北,2024-03-15,9237
00881,國泰台灣5G+,7,0,7,凱基-敦北,2024-03-15,9237
1303,南亞,7,0,7,凱基-敦北,2024-03-15,9237
2301,光寶科,7,0,7,凱基-敦北,2024-03-15,9237
2610,華航,7,0,7,凱基-敦北,2024-03-15,9237
2636,台驊控股,9,2,7,凱基-敦北,2024-03-15,9237
3051,力特,22,15,7,凱基-敦北,2024-03-15,9237
1513,中興電,9,3,6,凱基-敦北,2024-03-15,9237
2882,國泰金,484,4,480,凱基-敦北,2024-03-18,9237
2367,燿華,227,40,187,凱基-敦北,2024-03-18,9237
3037,欣興,140,48,92,凱基-敦北,2024-03-18,9237
3481,群創,82,11,71,凱基-敦北,2024-03-18,9237
2609,陽明,71,3,68,凱基-敦北,2024-03-18,9237
00941,中信上游半導體,47,0,47,凱基-敦北,2024-03-18,9237
2801,彰銀,49,7,42,凱基-敦北,2024-03-18,9237
2834,臺企銀,32,0,32,凱基-敦北,2024-03-18,9237
2889,國票金,45,20,25,凱基-敦北,2024-03-18,9237
2382,廣達,33,9,24,凱基-敦北,2024-03-18,9237
00919,群益台灣精選高息,27,3,24,凱基-敦北,2024-03-18,9237
3062,建漢,20,0,20,凱基-敦北,2024-03-18,9237
8064,東捷,20,0,20,凱基-敦北,2024-03-18,9237
2352,佳世達,20,0,20,凱基-敦北,2024-03-18,9237
00679B,元大美債20年,19,0,19,凱基-敦北,2024-03-18,9237
00933B,國泰10Y+金融債,19,0,19,凱基-敦北,2024-03-18,9237
00918,大華優利高填息30,19,0,19,凱基-敦北,2024-03-18,9237
2883,凱基金,38,19,19,凱基-敦北,2024-03-18,9237
2884,玉山金,18,0,18,凱基-敦北,2024-03-18,9237
3372,典範,20,2,18,凱基-敦北,2024-03-18,9237
6285,啟��,21,4,17,凱基-敦北,2024-03-18,9237
2020,美亞,21,5,16,凱基-敦北,2024-03-18,9237
2888,新光金,15,0,15,凱基-敦北,2024-03-18,9237
5515,建國,11,0,11,凱基-敦北,2024-03-18,9237
1616,億泰,10,0,10,凱基-敦北,2024-03-18,9237
2852,第一保,10,0,10,凱基-敦北,2024-03-18,9237
2892,第一金,10,0,10,凱基-敦北,2024-03-18,9237
4909,新復興,10,0,10,凱基-敦北,2024-03-18,9237
00885,富邦越南,10,1,9,凱基-敦北,2024-03-18,9237
3583,辛耘,15,6,9,凱基-敦北,2024-03-18,9237
6806,森崴能源,15,6,9,凱基-敦北,2024-03-18,9237
9931,欣高,9,0,9,凱基-敦北,2024-03-18,9237
1108,幸福,8,0,8,凱基-敦北,2024-03-18,9237
2303,聯電,18,11,7,凱基-敦北,2024-03-18,9237
00751B,元大AAA至A公司債,7,0,7,凱基-敦北,2024-03-18,9237
1514,亞力,13,6,7,凱基-敦北,2024-03-18,9237
2637,慧洋-KY,7,0,7,凱基-敦北,2024-03-18,9237
1513,中興電,44,37,7,凱基-敦北,2024-03-18,9237
2603,長榮,14,7,7,凱基-敦北,2024-03-18,9237
2611,志信,27,20,7,凱基-敦北,2024-03-18,9237
00687B,國泰20年美債,6,0,6,凱基-敦北,2024-03-18,9237
2379,瑞昱,12,6,6,凱基-敦北,2024-03-18,9237
3231,緯創,29,23,6,凱基-敦北,2024-03-18,9237
2337,旺宏,5,0,5,凱基-敦北,2024-03-18,9237
2353,宏��,13,8,5,凱基-敦北,2024-03-18,9237
00680L,元大美債20正2,5,0,5,凱基-敦北,2024-03-18,9237
2355,敬鵬,5,0,5,凱基-敦北,2024-03-18,9237
3224,三顧,5,0,5,凱基-敦北,2024-03-18,9237
3564,其陽,5,0,5,凱基-敦北,2024-03-18,9237
6122,擎邦,5,0,5,凱基-敦北,2024-03-18,9237
2834,臺企銀,68,0,68,凱基-敦北,2024-03-19,9237
00937B,群益ESG投等債20,63,0,63,凱基-敦北,2024-03-19,9237
2368,金像電,40,1,39,凱基-敦北,2024-03-19,9237
6005,群益證,40,1,39,凱基-敦北,2024-03-19,9237
8112,至上,38,5,33,凱基-敦北,2024-03-19,9237
2323,中環,31,0,31,凱基-敦北,2024-03-19,9237
2891,中信金,32,7,25,凱基-敦北,2024-03-19,9237
3058,立德,24,0,24,凱基-敦北,2024-03-19,9237
1815,富喬,20,0,20,凱基-敦北,2024-03-19,9237
6233,旺玖,20,0,20,凱基-敦北,2024-03-19,9237
6274,台燿,70,50,20,凱基-敦北,2024-03-19,9237
00687B,國泰20年美債,19,0,19,凱基-敦北,2024-03-19,9237
3062,建漢,15,0,15,凱基-敦北,2024-03-19,9237
4906,正文,15,0,15,凱基-敦北,2024-03-19,9237
0051,元大中型100,13,0,13,凱基-敦北,2024-03-19,9237
2352,佳世達,83,70,13,凱基-敦北,2024-03-19,9237
3037,欣興,55,43,12,凱基-敦北,2024-03-19,9237
2020,美亞,16,5,11,凱基-敦北,2024-03-19,9237
5452,佶優,11,0,11,凱基-敦北,2024-03-19,9237
6125,廣運,11,0,11,凱基-敦北,2024-03-19,9237
00665L,富邦�琤肭磪囓�2,10,0,10,凱基-敦北,2024-03-19,9237
00900,富邦特選高股息30,10,0,10,凱基-敦北,2024-03-19,9237
00941,中信上游半導體,10,0,10,凱基-敦北,2024-03-19,9237
2382,廣達,13,4,9,凱基-敦北,2024-03-19,9237
8155,博智,24,15,9,凱基-敦北,2024-03-19,9237
3711,日月光投控,8,0,8,凱基-敦北,2024-03-19,9237
1503,士電,28,20,8,凱基-敦北,2024-03-19,9237
00933B,國泰10Y+金融債,13,5,8,凱基-敦北,2024-03-19,9237
1309,台達化,8,0,8,凱基-敦北,2024-03-19,9237
2344,華邦電,19,12,7,凱基-敦北,2024-03-19,9237
2376,技嘉,8,1,7,凱基-敦北,2024-03-19,9237
1101,台泥,7,0,7,凱基-敦北,2024-03-19,9237
1319,東陽,8,1,7,凱基-敦北,2024-03-19,9237
2603,長榮,19,13,6,凱基-敦北,2024-03-19,9237
2884,玉山金,6,0,6,凱基-敦北,2024-03-19,9237
00795B,中信美國公債20年,6,0,6,凱基-敦北,2024-03-19,9237
00637L,元大滬深300正2,6,0,6,凱基-敦北,2024-03-19,9237
1307,三芳,6,0,6,凱基-敦北,2024-03-19,9237
5515,建國,6,0,6,凱基-敦北,2024-03-19,9237
00919,群益台灣精選高息,70,65,5,凱基-敦北,2024-03-19,9237
00632R,元大台灣50反1,5,0,5,凱基-敦北,2024-03-19,9237
00753L,中信中國50正2,5,0,5,凱基-敦北,2024-03-19,9237
1909,榮成,5,0,5,凱基-敦北,2024-03-19,9237
2328,廣宇,6,1,5,凱基-敦北,2024-03-19,9237
2354,鴻準,8,3,5,凱基-敦北,2024-03-19,9237
2365,昆盈,5,0,5,凱基-敦北,2024-03-19,9237
2801,彰銀,5,0,5,凱基-敦北,2024-03-19,9237
2812,台中銀,5,0,5,凱基-敦北,2024-03-19,9237
3376,新日興,5,0,5,凱基-敦北,2024-03-19,9237
4755,三福化,7,2,5,凱基-敦北,2024-03-19,9237
00939,統一台灣高息動能,531,188,343,凱基-敦北,2024-03-20,9237
6191,精成科,85,6,79,凱基-敦北,2024-03-20,9237
1504,東元,82,11,71,凱基-敦北,2024-03-20,9237
2323,中環,41,0,41,凱基-敦北,2024-03-20,9237
3014,聯陽,58,18,40,凱基-敦北,2024-03-20,9237
3372,典範,48,15,33,凱基-敦北,2024-03-20,9237
00928,中信上櫃ESG30,30,0,30,凱基-敦北,2024-03-20,9237
3481,群創,30,1,29,凱基-敦北,2024-03-20,9237
8150,南茂,24,1,23,凱基-敦北,2024-03-20,9237
4915,致伸,72,50,22,凱基-敦北,2024-03-20,9237
00900,富邦特選高股息30,21,0,21,凱基-敦北,2024-03-20,9237
3147,大綜,44,23,21,凱基-敦北,2024-03-20,9237
2609,陽明,22,2,20,凱基-敦北,2024-03-20,9237
2374,佳能,20,0,20,凱基-敦北,2024-03-20,9237
4510,高鋒,20,0,20,凱基-敦北,2024-03-20,9237
6005,群益證,20,0,20,凱基-敦北,2024-03-20,9237
6830,汎銓,19,0,19,凱基-敦北,2024-03-20,9237
8210,勤誠,20,1,19,凱基-敦北,2024-03-20,9237
1301,台塑,19,0,19,凱基-敦北,2024-03-20,9237
00632R,元大台灣50反1,20,2,18,凱基-敦北,2024-03-20,9237
2891,中信金,23,5,18,凱基-敦北,2024-03-20,9237
3231,緯創,78,61,17,凱基-敦北,2024-03-20,9237
2888,新光金,16,0,16,凱基-敦北,2024-03-20,9237
2618,長榮航,16,1,15,凱基-敦北,2024-03-20,9237
00679B,元大美債20年,17,2,15,凱基-敦北,2024-03-20,9237
00712,復華富時不動產,15,0,15,凱基-敦北,2024-03-20,9237
00933B,國泰10Y+金融債,22,8,14,凱基-敦北,2024-03-20,9237
2890,永豐金,16,2,14,凱基-敦北,2024-03-20,9237
00641R,富邦日本反1,13,0,13,凱基-敦北,2024-03-20,9237
3260,威剛,12,0,12,凱基-敦北,2024-03-20,9237
1432,大魯閣,15,4,11,凱基-敦北,2024-03-20,9237
3376,新日興,11,0,11,凱基-敦北,2024-03-20,9237
00905,FT臺灣Smart,10,0,10,凱基-敦北,2024-03-20,9237
1326,台化,10,0,10,凱基-敦北,2024-03-20,9237
1503,士電,17,7,10,凱基-敦北,2024-03-20,9237
1528,恩德,10,0,10,凱基-敦北,2024-03-20,9237
2316,楠梓電,10,0,10,凱基-敦北,2024-03-20,9237
2406,國碩,10,0,10,凱基-敦北,2024-03-20,9237
2597,潤弘,10,0,10,凱基-敦北,2024-03-20,9237
6735,美達科技,10,0,10,凱基-敦北,2024-03-20,9237
2376,技嘉,13,3,10,凱基-敦北,2024-03-20,9237
2330,台積電,13,4,9,凱基-敦北,2024-03-20,9237
2324,仁寶,14,4,10,凱基-敦北,2024-03-20,9237
2356,英業達,11,2,9,凱基-敦北,2024-03-20,9237
2313,華通,12,3,9,凱基-敦北,2024-03-20,9237
2603,長榮,37,28,9,凱基-敦北,2024-03-20,9237
00930,永豐ESG低碳高息,10,2,8,凱基-敦北,2024-03-20,9237
00937B,群益ESG投等債20,8,0,8,凱基-敦北,2024-03-20,9237
6104,創惟,12,4,8,凱基-敦北,2024-03-20,9237
6166,凌華,11,3,8,凱基-敦北,2024-03-20,9237
2367,燿華,208,37,171,凱基-敦北,2024-03-21,9237
3013,晟銘電,74,2,72,凱基-敦北,2024-03-21,9237
6274,台燿,80,12,68,凱基-敦北,2024-03-21,9237
00632R,元大台灣50反1,62,0,62,凱基-敦北,2024-03-21,9237
5876,上海商銀,62,0,62,凱基-敦北,2024-03-21,9237
1609,大亞,50,7,43,凱基-敦北,2024-03-21,9237
4967,十銓,68,26,42,凱基-敦北,2024-03-21,9237
00720B,元大投資級公司債,30,0,30,凱基-敦北,2024-03-21,9237
3058,立德,32,2,30,凱基-敦北,2024-03-21,9237
3450,聯鈞,27,2,25,凱基-敦北,2024-03-21,9237
8096,擎亞,27,5,22,凱基-敦北,2024-03-21,9237
00882,中信中國高股息,21,0,21,凱基-敦北,2024-03-21,9237
3706,神達,51,32,19,凱基-敦北,2024-03-21,9237
2883,凱基金,91,76,15,凱基-敦北,2024-03-21,9237
2405,輔信,12,0,12,凱基-敦北,2024-03-21,9237
2618,長榮航,12,0,12,凱基-敦北,2024-03-21,9237
6235,華孚,16,4,12,凱基-敦北,2024-03-21,9237
5483,中美晶,14,2,12,凱基-敦北,2024-03-21,9237
00679B,元大美債20年,11,0,11,凱基-敦北,2024-03-21,9237
00937B,群益ESG投等債20,10,0,10,凱基-敦北,2024-03-21,9237
2312,金寶,10,0,10,凱基-敦北,2024-03-21,9237
3372,典範,13,3,10,凱基-敦北,2024-03-21,9237
6477,安集,11,1,10,凱基-敦北,2024-03-21,9237
1513,中興電,27,17,10,凱基-敦北,2024-03-21,9237
3014,聯陽,17,7,10,凱基-敦北,2024-03-21,9237
1342,八貫,9,0,9,凱基-敦北,2024-03-21,9237
1616,億泰,20,11,9,凱基-敦北,2024-03-21,9237
2332,友訊,9,0,9,凱基-敦北,2024-03-21,9237
2368,金像電,24,15,9,凱基-敦北,2024-03-21,9237
1514,亞力,12,3,9,凱基-敦北,2024-03-21,9237
2376,技嘉,9,1,8,凱基-敦北,2024-03-21,9237
00764B,群益25年美債,8,0,8,凱基-敦北,2024-03-21,9237
00795B,中信美國公債20年,8,0,8,凱基-敦北,2024-03-21,9237
2892,第一金,8,0,8,凱基-敦北,2024-03-21,9237
8996,高力,8,0,8,凱基-敦北,2024-03-21,9237
2382,廣達,10,2,8,凱基-敦北,2024-03-21,9237
2362,藍天,7,0,7,凱基-敦北,2024-03-21,9237
2451,創見,7,0,7,凱基-敦北,2024-03-21,9237
00929,復華台灣科技優息,20,14,6,凱基-敦北,2024-03-21,9237
2329,華泰,11,5,6,凱基-敦北,2024-03-21,9237
4168,醣聯,6,0,6,凱基-敦北,2024-03-21,9237
5324,士開,6,0,6,凱基-敦北,2024-03-21,9237
2603,長榮,12,6,6,凱基-敦北,2024-03-21,9237
0050,元大台灣50,6,1,5,凱基-敦北,2024-03-21,9237
2486,一詮,73,68,5,凱基-敦北,2024-03-21,9237
1316,上曜,6,1,5,凱基-敦北,2024-03-21,9237
1522,堤維西,10,5,5,凱基-敦北,2024-03-21,9237
1618,合機,5,0,5,凱基-敦北,2024-03-21,9237
4909,新復興,11,6,5,凱基-敦北,2024-03-21,9237
6735,美達科技,5,0,5,凱基-敦北,2024-03-21,9237
00939,統一台灣高息動能,281,1,280,凱基-敦北,2024-03-22,9237
1809,中釉,361,142,219,凱基-敦北,2024-03-22,9237
6443,元晶,102,3,99,凱基-敦北,2024-03-22,9237
1101,台泥,102,4,98,凱基-敦北,2024-03-22,9237
4108,懷特,43,0,43,凱基-敦北,2024-03-22,9237
2603,長榮,41,7,34,凱基-敦北,2024-03-22,9237
00687B,國泰20年美債,35,1,34,凱基-敦北,2024-03-22,9237
3260,威剛,46,13,33,凱基-敦北,2024-03-22,9237
4726,永昕,31,0,31,凱基-敦北,2024-03-22,9237
1808,潤隆,64,40,24,凱基-敦北,2024-03-22,9237
3231,緯創,52,30,22,凱基-敦北,2024-03-22,9237
2323,中環,31,10,21,凱基-敦北,2024-03-22,9237
3706,神達,46,25,21,凱基-敦北,2024-03-22,9237
00632R,元大台灣50反1,20,0,20,凱基-敦北,2024-03-22,9237
2538,基泰,20,0,20,凱基-敦北,2024-03-22,9237
5521,工信,20,0,20,凱基-敦北,2024-03-22,9237
2834,臺企銀,21,2,19,凱基-敦北,2024-03-22,9237
00919,群益台灣精選高息,88,71,17,凱基-敦北,2024-03-22,9237
3033,威健,18,1,17,凱基-敦北,2024-03-22,9237
8112,至上,31,14,17,凱基-敦北,2024-03-22,9237
2417,圓剛,15,0,15,凱基-敦北,2024-03-22,9237
2883,凱基金,20,5,15,凱基-敦北,2024-03-22,9237
2884,玉山金,13,1,12,凱基-敦北,2024-03-22,9237
00706L,期元大S＆P日圓正2,13,1,12,凱基-敦北,2024-03-22,9237
00900,富邦特選高股息30,11,0,11,凱基-敦北,2024-03-22,9237
3014,聯陽,11,0,11,凱基-敦北,2024-03-22,9237
3306,鼎天,11,0,11,凱基-敦北,2024-03-22,9237
2548,華固,10,0,10,凱基-敦北,2024-03-22,9237
2890,永豐金,10,0,10,凱基-敦北,2024-03-22,9237
3016,嘉晶,10,0,10,凱基-敦北,2024-03-22,9237
3147,大綜,10,0,10,凱基-敦北,2024-03-22,9237
3372,典範,10,0,10,凱基-敦北,2024-03-22,9237
3483,力致,10,0,10,凱基-敦北,2024-03-22,9237
4168,醣聯,10,0,10,凱基-敦北,2024-03-22,9237
4768,晶呈科技,11,1,10,凱基-敦北,2024-03-22,9237
8163,達方,10,0,10,凱基-敦北,2024-03-22,9237
2408,南亞科,15,6,9,凱基-敦北,2024-03-22,9237
00882,中信中國高股息,10,2,8,凱基-敦北,2024-03-22,9237
2303,聯電,16,8,8,凱基-敦北,2024-03-22,9237
2332,友訊,11,3,8,凱基-敦北,2024-03-22,9237
4967,十銓,10,2,8,凱基-敦北,2024-03-22,9237
2371,大同,77,70,7,凱基-敦北,2024-03-22,9237
3027,盛達,7,0,7,凱基-敦北,2024-03-22,9237
3264,欣銓,6,0,6,凱基-敦北,2024-03-22,9237
1503,士電,9,3,6,凱基-敦北,2024-03-22,9237
2344,華邦電,10,4,6,凱基-敦北,2024-03-22,9237
6233,旺玖,6,0,6,凱基-敦北,2024-03-22,9237
2376,技嘉,7,2,5,凱基-敦北,2024-03-22,9237
2006,東和鋼鐵,5,0,5,凱基-敦北,2024-03-22,9237
5469,瀚宇博,5,0,5,凱基-敦北,2024-03-22,9237
2367,燿華,219,29,190,凱基-敦北,2024-03-25,9237
2704,國賓,100,1,99,凱基-敦北,2024-03-25,9237
00941,中信上游半導體,95,7,88,凱基-敦北,2024-03-25,9237
00939,統一台灣高息動能,82,0,82,凱基-敦北,2024-03-25,9237
1101,台泥,51,4,47,凱基-敦北,2024-03-25,9237
00680L,元大美債20正2,165,118,47,凱基-敦北,2024-03-25,9237
3037,欣興,46,0,46,凱基-敦北,2024-03-25,9237
2881,富邦金,44,0,44,凱基-敦北,2024-03-25,9237
3481,群創,43,2,41,凱基-敦北,2024-03-25,9237
5284,jpp-KY,40,1,39,凱基-敦北,2024-03-25,9237
1611,中電,35,4,31,凱基-敦北,2024-03-25,9237
2356,英業達,39,9,30,凱基-敦北,2024-03-25,9237
1721,三晃,100,70,30,凱基-敦北,2024-03-25,9237
8027,鈦昇,30,1,29,凱基-敦北,2024-03-25,9237
6188,廣明,49,22,27,凱基-敦北,2024-03-25,9237
1609,大亞,96,71,25,凱基-敦北,2024-03-25,9237
1513,中興電,33,11,22,凱基-敦北,2024-03-25,9237
3706,神達,22,1,21,凱基-敦北,2024-03-25,9237
8112,至上,22,1,21,凱基-敦北,2024-03-25,9237
00671R,富邦NASDAQ反1,20,0,20,凱基-敦北,2024-03-25,9237
1608,華榮,20,0,20,凱基-敦北,2024-03-25,9237
2838,聯邦銀,20,0,20,凱基-敦北,2024-03-25,9237
00733,富邦臺灣中小,16,0,16,凱基-敦北,2024-03-25,9237
1503,士電,30,14,16,凱基-敦北,2024-03-25,9237
3231,緯創,28,13,15,凱基-敦北,2024-03-25,9237
6121,新普,16,2,14,凱基-敦北,2024-03-25,9237
00712,復華富時不動產,15,1,14,凱基-敦北,2024-03-25,9237
2618,長榮航,14,0,14,凱基-敦北,2024-03-25,9237
3058,立德,20,6,14,凱基-敦北,2024-03-25,9237
2886,兆豐金,12,0,12,凱基-敦北,2024-03-25,9237
2002,中鋼,12,0,12,凱基-敦北,2024-03-25,9237
00882,中信中國高股息,11,0,11,凱基-敦北,2024-03-25,9237
5498,凱崴,11,0,11,凱基-敦北,2024-03-25,9237
00725B,國泰投資級公司債,10,0,10,凱基-敦北,2024-03-25,9237
2312,金寶,10,0,10,凱基-敦北,2024-03-25,9237
2332,友訊,10,0,10,凱基-敦北,2024-03-25,9237
4168,醣聯,10,0,10,凱基-敦北,2024-03-25,9237
6143,振曜,10,0,10,凱基-敦北,2024-03-25,9237
6584,南俊國際,10,0,10,凱基-敦北,2024-03-25,9237
00933B,國泰10Y+金融債,9,0,9,凱基-敦北,2024-03-25,9237
3059,華晶科,9,0,9,凱基-敦北,2024-03-25,9237
2451,創見,8,0,8,凱基-敦北,2024-03-25,9237
6196,帆宣,10,2,8,凱基-敦北,2024-03-25,9237
8046,南電,17,10,7,凱基-敦北,2024-03-25,9237
8068,全達,7,0,7,凱基-敦北,2024-03-25,9237
00937B,群益ESG投等債20,6,0,6,凱基-敦北,2024-03-25,9237
2352,佳世達,6,0,6,凱基-敦北,2024-03-25,9237
3260,威剛,6,0,6,凱基-敦北,2024-03-25,9237
4432,銘旺實,6,0,6,凱基-敦北,2024-03-25,9237
2449,京元電子,6,1,5,凱基-敦北,2024-03-25,9237
3062,建漢,255,20,235,凱基-敦北,2024-03-26,9237
00919,群益台灣精選高息,256,80,176,凱基-敦北,2024-03-26,9237
3686,達能,150,0,150,凱基-敦北,2024-03-26,9237
6163,華電網,102,0,102,凱基-敦北,2024-03-26,9237
00939,統一台灣高息動能,147,59,88,凱基-敦北,2024-03-26,9237
2421,建準,82,11,71,凱基-敦北,2024-03-26,9237
00941,中信上游半導體,62,10,52,凱基-敦北,2024-03-26,9237
00680L,元大美債20正2,60,10,50,凱基-敦北,2024-03-26,9237
3481,群創,50,2,48,凱基-敦北,2024-03-26,9237
6125,廣運,41,5,36,凱基-敦北,2024-03-26,9237
1611,中電,35,0,35,凱基-敦北,2024-03-26,9237
1608,華榮,35,4,31,凱基-敦北,2024-03-26,9237
1528,恩德,30,0,30,凱基-敦北,2024-03-26,9237
00679B,元大美債20年,27,2,25,凱基-敦北,2024-03-26,9237
2609,陽明,26,2,24,凱基-敦北,2024-03-26,9237
6282,康舒,22,0,22,凱基-敦北,2024-03-26,9237
2603,長榮,28,7,21,凱基-敦北,2024-03-26,9237
2903,遠百,20,0,20,凱基-敦北,2024-03-26,9237
5521,工信,20,0,20,凱基-敦北,2024-03-26,9237
2368,金像電,31,13,18,凱基-敦北,2024-03-26,9237
3231,緯創,57,39,18,凱基-敦北,2024-03-26,9237
2834,臺企銀,17,0,17,凱基-敦北,2024-03-26,9237
1301,台塑,15,0,15,凱基-敦北,2024-03-26,9237
2359,所羅門,64,50,14,凱基-敦北,2024-03-26,9237
2486,一詮,15,1,14,凱基-敦北,2024-03-26,9237
00933B,國泰10Y+金融債,13,0,13,凱基-敦北,2024-03-26,9237
00891,中信關鍵半導體,13,0,13,凱基-敦北,2024-03-26,9237
2356,英業達,27,14,13,凱基-敦北,2024-03-26,9237
6139,亞翔,21,9,12,凱基-敦北,2024-03-26,9237
6770,力積電,16,5,11,凱基-敦北,2024-03-26,9237
1303,南亞,11,0,11,凱基-敦北,2024-03-26,9237
4588,玖鼎電力,11,0,11,凱基-敦北,2024-03-26,9237
4909,新復興,15,4,11,凱基-敦北,2024-03-26,9237
2376,技嘉,12,1,11,凱基-敦北,2024-03-26,9237
2303,聯電,14,4,10,凱基-敦北,2024-03-26,9237
00652,富邦印度,10,0,10,凱基-敦北,2024-03-26,9237
00753L,中信中國50正2,10,0,10,凱基-敦北,2024-03-26,9237
1809,中釉,25,15,10,凱基-敦北,2024-03-26,9237
2406,國碩,10,0,10,凱基-敦北,2024-03-26,9237
2883B,凱基金乙特,10,0,10,凱基-敦北,2024-03-26,9237
2888,新光金,10,0,10,凱基-敦北,2024-03-26,9237
6505,台塑化,10,0,10,凱基-敦北,2024-03-26,9237
1101,台泥,34,24,10,凱基-敦北,2024-03-26,9237
1316,上曜,9,0,9,凱基-敦北,2024-03-26,9237
2313,華通,10,1,9,凱基-敦北,2024-03-26,9237
4938,和碩,9,1,8,凱基-敦北,2024-03-26,9237
00937B,群益ESG投等債20,8,0,8,凱基-敦北,2024-03-26,9237
1229,聯華,8,0,8,凱基-敦北,2024-03-26,9237
3346,麗清,8,0,8,凱基-敦北,2024-03-26,9237
2329,華泰,7,0,7,凱基-敦北,2024-03-26,9237
2367,燿華,117,3,114,凱基-敦北,2024-03-27,9237
2421,建準,53,3,50,凱基-敦北,2024-03-27,9237
2630,亞航,51,3,48,凱基-敦北,2024-03-27,9237
00939,統一台灣高息動能,47,5,42,凱基-敦北,2024-03-27,9237
2704,國賓,73,38,35,凱基-敦北,2024-03-27,9237
00671R,富邦NASDAQ反1,30,0,30,凱基-敦北,2024-03-27,9237
4714,永捷,30,0,30,凱基-敦北,2024-03-27,9237
00937B,群益ESG投等債20,29,0,29,凱基-敦北,2024-03-27,9237
5324,士開,22,0,22,凱基-敦北,2024-03-27,9237
3264,欣銓,37,16,21,凱基-敦北,2024-03-27,9237
3058,立德,20,0,20,凱基-敦北,2024-03-27,9237
2301,光寶科,17,0,17,凱基-敦北,2024-03-27,9237
3231,緯創,19,4,15,凱基-敦北,2024-03-27,9237
00941,中信上游半導體,15,0,15,凱基-敦北,2024-03-27,9237
1457,宜進,15,0,15,凱基-敦北,2024-03-27,9237
3406,玉晶光,15,0,15,凱基-敦北,2024-03-27,9237
2303,聯電,13,0,13,凱基-敦北,2024-03-27,9237
00722B,群益投資級電信債,12,0,12,凱基-敦北,2024-03-27,9237
00712,復華富時不動產,11,0,11,凱基-敦北,2024-03-27,9237
6770,力積電,18,7,11,凱基-敦北,2024-03-27,9237
6584,南俊國際,10,0,10,凱基-敦北,2024-03-27,9237
1773,勝一,10,0,10,凱基-敦北,2024-03-27,9237
8033,雷虎,13,3,10,凱基-敦北,2024-03-27,9237
1342,八貫,10,1,9,凱基-敦北,2024-03-27,9237
1802,台玻,10,1,9,凱基-敦北,2024-03-27,9237
6753,龍德造船,9,0,9,凱基-敦北,2024-03-27,9237
2634,漢翔,24,15,9,凱基-敦北,2024-03-27,9237
1319,東陽,8,0,8,凱基-敦北,2024-03-27,9237
2882,國泰金,8,0,8,凱基-敦北,2024-03-27,9237
2006,東和鋼鐵,24,17,7,凱基-敦北,2024-03-27,9237
8936,國統,10,4,6,凱基-敦北,2024-03-27,9237
2465,麗臺,6,0,6,凱基-敦北,2024-03-27,9237
2884,玉山金,7,1,6,凱基-敦北,2024-03-27,9237
4768,晶呈科技,6,0,6,凱基-敦北,2024-03-27,9237
8390,金益鼎,6,0,6,凱基-敦北,2024-03-27,9237
1609,大亞,13,7,6,凱基-敦北,2024-03-27,9237
1760,寶齡富錦,7,1,6,凱基-敦北,2024-03-27,9237
3583,辛耘,65,60,5,凱基-敦北,2024-03-27,9237
2376,技嘉,8,3,5,凱基-敦北,2024-03-27,9237
1326,台化,5,0,5,凱基-敦北,2024-03-27,9237
3050,鈺德,15,10,5,凱基-敦北,2024-03-27,9237
4909,新復興,5,0,5,凱基-敦北,2024-03-27,9237
5603,陸海,5,0,5,凱基-敦北,2024-03-27,9237
4979,華星光,6,1,5,凱基-敦北,2024-03-27,9237
2308,台達電,4,0,4,凱基-敦北,2024-03-27,9237
3479,安勤,5,1,4,凱基-敦北,2024-03-27,9237
4746,台耀,5,1,4,凱基-敦北,2024-03-27,9237
1101,台泥,5,1,4,凱基-敦北,2024-03-27,9237
1560,中砂,4,0,4,凱基-敦北,2024-03-27,9237
6806,森崴能源,26,22,4,凱基-敦北,2024-03-27,9237
2634,漢翔,560,154,406,凱基-敦北,2024-03-28,9237
3481,群創,125,1,124,凱基-敦北,2024-03-28,9237
4909,新復興,120,18,102,凱基-敦北,2024-03-28,9237
2371,大同,72,7,65,凱基-敦北,2024-03-28,9237
1532,勤美,51,0,51,凱基-敦北,2024-03-28,9237
4563,百德,41,0,41,凱基-敦北,2024-03-28,9237
00929,復華台灣科技優息,50,16,34,凱基-敦北,2024-03-28,9237
2323,中環,32,0,32,凱基-敦北,2024-03-28,9237
3706,神達,36,4,32,凱基-敦北,2024-03-28,9237
2883,凱基金,27,2,25,凱基-敦北,2024-03-28,9237
00937B,群益ESG投等債20,24,0,24,凱基-敦北,2024-03-28,9237
6414,樺漢,27,6,21,凱基-敦北,2024-03-28,9237
00931B,統一美債20年,20,0,20,凱基-敦北,2024-03-28,9237
4108,懷特,20,0,20,凱基-敦北,2024-03-28,9237
6274,台燿,25,5,20,凱基-敦北,2024-03-28,9237
6753,龍德造船,18,0,18,凱基-敦北,2024-03-28,9237
2301,光寶科,17,2,15,凱基-敦北,2024-03-28,9237
3372,典範,37,22,15,凱基-敦北,2024-03-28,9237
6770,力積電,15,0,15,凱基-敦北,2024-03-28,9237
2834,臺企銀,22,8,14,凱基-敦北,2024-03-28,9237
00933B,國泰10Y+金融債,13,0,13,凱基-敦北,2024-03-28,9237
2354,鴻準,22,10,12,凱基-敦北,2024-03-28,9237
6104,創惟,16,4,12,凱基-敦北,2024-03-28,9237
00690,兆豐藍籌30,11,0,11,凱基-敦北,2024-03-28,9237
2515,中工,11,0,11,凱基-敦北,2024-03-28,9237
3058,立德,14,3,11,凱基-敦北,2024-03-28,9237
3715,定穎投控,10,0,10,凱基-敦北,2024-03-28,9237
1477,聚陽,11,1,10,凱基-敦北,2024-03-28,9237
00688L,國泰20年美債正2,10,0,10,凱基-敦北,2024-03-28,9237
00652,富邦印度,10,0,10,凱基-敦北,2024-03-28,9237
00753L,中信中國50正2,10,0,10,凱基-敦北,2024-03-28,9237
1457,宜進,10,0,10,凱基-敦北,2024-03-28,9237
2406,國碩,10,0,10,凱基-敦北,2024-03-28,9237
3490,單井,10,0,10,凱基-敦北,2024-03-28,9237
4168,醣聯,12,2,10,凱基-敦北,2024-03-28,9237
5521,工信,10,0,10,凱基-敦北,2024-03-28,9237
00878,國泰永續高股息,22,13,9,凱基-敦北,2024-03-28,9237
0056,元大高股息,9,0,9,凱基-敦北,2024-03-28,9237
2633,台灣高鐵,9,0,9,凱基-敦北,2024-03-28,9237
4714,永捷,90,81,9,凱基-敦北,2024-03-28,9237
9105,泰金寶-DR,9,0,9,凱基-敦北,2024-03-28,9237
1218,泰山,8,0,8,凱基-敦北,2024-03-28,9237
1584,精剛,9,1,8,凱基-敦北,2024-03-28,9237
2915,潤泰全,8,0,8,凱基-敦北,2024-03-28,9237
5324,士開,8,0,8,凱基-敦北,2024-03-28,9237
2308,台達電,11,4,7,凱基-敦北,2024-03-28,9237
2603,長榮,69,62,7,凱基-敦北,2024-03-28,9237
2882,國泰金,6,0,6,凱基-敦北,2024-03-28,9237
4414,如興,6,0,6,凱基-敦北,2024-03-28,9237
6188,廣明,7,1,6,凱基-敦北,2024-03-28,9237
3481,群創,192,0,192,凱基-敦北,2024-03-29,9237
4108,懷特,73,0,73,凱基-敦北,2024-03-29,9237
2903,遠百,60,0,60,凱基-敦北,2024-03-29,9237
00679B,元大美債20年,55,0,55,凱基-敦北,2024-03-29,9237
4909,新復興,53,1,52,凱基-敦北,2024-03-29,9237
3015,全漢,38,0,38,凱基-敦北,2024-03-29,9237
1303,南亞,30,0,30,凱基-敦北,2024-03-29,9237
5371,中光電,30,0,30,凱基-敦北,2024-03-29,9237
1532,勤美,29,0,29,凱基-敦北,2024-03-29,9237
8096,擎亞,27,0,27,凱基-敦北,2024-03-29,9237
6196,帆宣,27,1,26,凱基-敦北,2024-03-29,9237
2317,鴻海,45,20,25,凱基-敦北,2024-03-29,9237
2457,飛宏,24,0,24,凱基-敦北,2024-03-29,9237
2637,慧洋-KY,23,0,23,凱基-敦北,2024-03-29,9237
00919,群益台灣精選高息,37,15,22,凱基-敦北,2024-03-29,9237
00931B,統一美債20年,20,0,20,凱基-敦北,2024-03-29,9237
2324,仁寶,16,0,16,凱基-敦北,2024-03-29,9237
6104,創惟,16,0,16,凱基-敦北,2024-03-29,9237
3490,單井,15,0,15,凱基-敦北,2024-03-29,9237
6929,佑全,15,0,15,凱基-敦北,2024-03-29,9237
00941,中信上游半導體,23,10,13,凱基-敦北,2024-03-29,9237
00937B,群益ESG投等債20,30,17,13,凱基-敦北,2024-03-29,9237
0056,元大高股息,15,3,12,凱基-敦北,2024-03-29,9237
00939,統一台灣高息動能,32,21,11,凱基-敦北,2024-03-29,9237
00635U,期元大S＆P黃金,10,0,10,凱基-敦北,2024-03-29,9237
00632R,元大台灣50反1,10,0,10,凱基-敦北,2024-03-29,9237
00646,元大S＆P500,10,0,10,凱基-敦北,2024-03-29,9237
1432,大魯閣,10,0,10,凱基-敦北,2024-03-29,9237
2399,映泰,10,0,10,凱基-敦北,2024-03-29,9237
4168,醣聯,10,0,10,凱基-敦北,2024-03-29,9237
2382,廣達,81,71,10,凱基-敦北,2024-03-29,9237
2834,臺企銀,9,0,9,凱基-敦北,2024-03-29,9237
3058,立德,9,0,9,凱基-敦北,2024-03-29,9237
2465,麗臺,9,1,8,凱基-敦北,2024-03-29,9237
4510,高鋒,8,0,8,凱基-敦北,2024-03-29,9237
3711,日月光投控,17,10,7,凱基-敦北,2024-03-29,9237
00687B,國泰20年美債,9,2,7,凱基-敦北,2024-03-29,9237
1616,億泰,7,0,7,凱基-敦北,2024-03-29,9237
2353,宏��,9,2,7,凱基-敦北,2024-03-29,9237
6244,茂迪,9,2,7,凱基-敦北,2024-03-29,9237
1316,上曜,7,1,6,凱基-敦北,2024-03-29,9237
2354,鴻準,9,3,6,凱基-敦北,2024-03-29,9237
6456,GIS-KY,6,0,6,凱基-敦北,2024-03-29,9237
6505,台塑化,10,4,6,凱基-敦北,2024-03-29,9237
1504,東元,6,1,5,凱基-敦北,2024-03-29,9237
00740B,富邦全球投等債,5,0,5,凱基-敦北,2024-03-29,9237
00720B,元大投資級公司債,6,1,5,凱基-敦北,2024-03-29,9237
2114,鑫永銓,5,0,5,凱基-敦北,2024-03-29,9237
2405,輔信,5,0,5,凱基-敦北,2024-03-29,9237
2543,皇昌,5,0,5,凱基-敦北,2024-03-29,9237
00940,元大台灣價值高息,702,8,694,凱基-敦北,2024-04-01,9237
8103,瀚荃,101,21,80,凱基-敦北,2024-04-01,9237
2603,長榮,75,5,70,凱基-敦北,2024-04-01,9237
6005,群益證,60,4,56,凱基-敦北,2024-04-01,9237
2634,漢翔,50,2,48,凱基-敦北,2024-04-01,9237
00919,群益台灣精選高息,39,2,37,凱基-敦北,2024-04-01,9237
3481,群創,32,0,32,凱基-敦北,2024-04-01,9237
4306,炎洲,31,0,31,凱基-敦北,2024-04-01,9237
6239,力成,25,0,25,凱基-敦北,2024-04-01,9237
2537,聯上發,30,5,25,凱基-敦北,2024-04-01,9237
4958,臻鼎-KY,50,25,25,凱基-敦北,2024-04-01,9237
00939,統一台灣高息動能,24,0,24,凱基-敦北,2024-04-01,9237
6284,佳邦,25,1,24,凱基-敦北,2024-04-01,9237
2891,中信金,23,0,23,凱基-敦北,2024-04-01,9237
00931B,統一美債20年,22,0,22,凱基-敦北,2024-04-01,9237
8089,康全電訊,20,0,20,凱基-敦北,2024-04-01,9237
00941,中信上游半導體,20,1,19,凱基-敦北,2024-04-01,9237
3708,上緯投控,16,1,15,凱基-敦北,2024-04-01,9237
1582,信錦,14,0,14,凱基-敦北,2024-04-01,9237
3163,波若威,14,0,14,凱基-敦北,2024-04-01,9237
00687B,國泰20年美債,12,0,12,凱基-敦北,2024-04-01,9237
4906,正文,11,0,11,凱基-敦北,2024-04-01,9237
00857B,永豐20年美公債,10,0,10,凱基-敦北,2024-04-01,9237
2356,英業達,11,1,10,凱基-敦北,2024-04-01,9237
2417,圓剛,10,0,10,凱基-敦北,2024-04-01,9237
3037,欣興,11,1,10,凱基-敦北,2024-04-01,9237
6271,同欣電,10,0,10,凱基-敦北,2024-04-01,9237
2883,凱基金,20,11,9,凱基-敦北,2024-04-01,9237
2889,國票金,9,0,9,凱基-敦北,2024-04-01,9237
3058,立德,9,0,9,凱基-敦北,2024-04-01,9237
6806,森崴能源,10,2,8,凱基-敦北,2024-04-01,9237
8155,博智,8,0,8,凱基-敦北,2024-04-01,9237
2331,精英,7,0,7,凱基-敦北,2024-04-01,9237
2362,藍天,7,0,7,凱基-敦北,2024-04-01,9237
2801,彰銀,7,0,7,凱基-敦北,2024-04-01,9237
00927,群益半導體收益,6,0,6,凱基-敦北,2024-04-01,9237
6496,科懋,6,0,6,凱基-敦北,2024-04-01,9237
00900,富邦特選高股息30,5,0,5,凱基-敦北,2024-04-01,9237
2317,鴻海,14,9,5,凱基-敦北,2024-04-01,9237
2884,玉山金,7,2,5,凱基-敦北,2024-04-01,9237
00671R,富邦NASDAQ反1,5,0,5,凱基-敦北,2024-04-01,9237
00720B,元大投資級公司債,5,0,5,凱基-敦北,2024-04-01,9237
1587,吉茂,5,0,5,凱基-敦北,2024-04-01,9237
1603,華電,5,0,5,凱基-敦北,2024-04-01,9237
1795,美時,5,0,5,凱基-敦北,2024-04-01,9237
2014,中鴻,5,0,5,凱基-敦北,2024-04-01,9237
2354,鴻準,7,2,5,凱基-敦北,2024-04-01,9237
2845,遠東銀,5,0,5,凱基-敦北,2024-04-01,9237
3356,奇偶,6,1,5,凱基-敦北,2024-04-01,9237
5244,弘凱,5,0,5,凱基-敦北,2024-04-01,9237
6288,聯嘉,510,24,486,凱基-敦北,2024-04-02,9237
00940,元大台灣價值高息,221,80,141,凱基-敦北,2024-04-02,9237
5371,中光電,200,120,80,凱基-敦北,2024-04-02,9237
00687B,國泰20年美債,65,0,65,凱基-敦北,2024-04-02,9237
1806,冠軍,65,0,65,凱基-敦北,2024-04-02,9237
4909,新復興,91,43,48,凱基-敦北,2024-04-02,9237
2368,金像電,40,0,40,凱基-敦北,2024-04-02,9237
00933B,國泰10Y+金融債,37,0,37,凱基-敦北,2024-04-02,9237
00929,復華台灣科技優息,73,41,32,凱基-敦北,2024-04-02,9237
2883,凱基金,61,31,30,凱基-敦北,2024-04-02,9237
4906,正文,30,0,30,凱基-敦北,2024-04-02,9237
6005,群益證,30,0,30,凱基-敦北,2024-04-02,9237
00937B,群益ESG投等債20,27,0,27,凱基-敦北,2024-04-02,9237
2367,燿華,26,1,25,凱基-敦北,2024-04-02,9237
00941,中信上游半導體,24,0,24,凱基-敦北,2024-04-02,9237
3706,神達,23,0,23,凱基-敦北,2024-04-02,9237
1101,台泥,22,0,22,凱基-敦北,2024-04-02,9237
00720B,元大投資級公司債,22,0,22,凱基-敦北,2024-04-02,9237
2427,三商電,22,0,22,凱基-敦北,2024-04-02,9237
00679B,元大美債20年,22,0,22,凱基-敦北,2024-04-02,9237
00882,中信中國高股息,21,0,21,凱基-敦北,2024-04-02,9237
9904,寶成,20,1,19,凱基-敦北,2024-04-02,9237
1326,台化,17,0,17,凱基-敦北,2024-04-02,9237
2371,大同,22,5,17,凱基-敦北,2024-04-02,9237
00795B,中信美國公債20年,16,0,16,凱基-敦北,2024-04-02,9237
00857B,永豐20年美公債,16,0,16,凱基-敦北,2024-04-02,9237
2374,佳能,20,5,15,凱基-敦北,2024-04-02,9237
2888,新光金,15,0,15,凱基-敦北,2024-04-02,9237
4168,醣聯,15,0,15,凱基-敦北,2024-04-02,9237
1316,上曜,14,0,14,凱基-敦北,2024-04-02,9237
3518,柏騰,15,2,13,凱基-敦北,2024-04-02,9237
00881,國泰台灣5G+,12,0,12,凱基-敦北,2024-04-02,9237
4108,懷特,12,0,12,凱基-敦北,2024-04-02,9237
6188,廣明,11,0,11,凱基-敦北,2024-04-02,9237
2880,華南金,10,0,10,凱基-敦北,2024-04-02,9237
3059,華晶科,12,2,10,凱基-敦北,2024-04-02,9237
3260,威剛,42,32,10,凱基-敦北,2024-04-02,9237
6548,長科*,10,0,10,凱基-敦北,2024-04-02,9237
2408,南亞科,11,2,9,凱基-敦北,2024-04-02,9237
9941,裕融,9,0,9,凱基-敦北,2024-04-02,9237
8112,至上,8,0,8,凱基-敦北,2024-04-02,9237
2834,臺企銀,7,0,7,凱基-敦北,2024-04-02,9237
3023,信邦,7,0,7,凱基-敦北,2024-04-02,9237
9945,潤泰新,6,0,6,凱基-敦北,2024-04-02,9237
3005,神基,7,1,6,凱基-敦北,2024-04-02,9237
3058,立德,6,0,6,凱基-敦北,2024-04-02,9237
4763,材料-KY,6,0,6,凱基-敦北,2024-04-02,9237
00713,元大台灣高息低波,5,0,5,凱基-敦北,2024-04-02,9237
00728,第一金工業30,5,0,5,凱基-敦北,2024-04-02,9237
00693U,期街口S＆P黃豆,5,0,5,凱基-敦北,2024-04-02,9237
00940,元大台灣價值高息,119,9,110,凱基-敦北,2024-04-03,9237
8064,東捷,100,2,98,凱基-敦北,2024-04-03,9237
3481,群創,71,3,68,凱基-敦北,2024-04-03,9237
2610,華航,61,0,61,凱基-敦北,2024-04-03,9237
5371,中光電,65,5,60,凱基-敦北,2024-04-03,9237
2504,國產,104,52,52,凱基-敦北,2024-04-03,9237
00857B,永豐20年美公債,42,0,42,凱基-敦北,2024-04-03,9237
6120,達運,41,0,41,凱基-敦北,2024-04-03,9237
00679B,元大美債20年,36,0,36,凱基-敦北,2024-04-03,9237
00687B,國泰20年美債,33,3,30,凱基-敦北,2024-04-03,9237
00933B,國泰10Y+金融債,27,0,27,凱基-敦北,2024-04-03,9237
1809,中釉,25,0,25,凱基-敦北,2024-04-03,9237
1326,台化,21,0,21,凱基-敦北,2024-04-03,9237
1103,嘉泥,20,0,20,凱基-敦北,2024-04-03,9237
3036,文曄,30,12,18,凱基-敦北,2024-04-03,9237
2382,廣達,25,7,18,凱基-敦北,2024-04-03,9237
00929,復華台灣科技優息,21,4,17,凱基-敦北,2024-04-03,9237
00795B,中信美國公債20年,17,0,17,凱基-敦北,2024-04-03,9237
1104,環泥,14,0,14,凱基-敦北,2024-04-03,9237
1612,宏泰,15,1,14,凱基-敦北,2024-04-03,9237
2344,華邦電,14,0,14,凱基-敦北,2024-04-03,9237
00941,中信上游半導體,13,0,13,凱基-敦北,2024-04-03,9237
00720B,元大投資級公司債,13,0,13,凱基-敦北,2024-04-03,9237
6005,群益證,12,0,12,凱基-敦北,2024-04-03,9237
8111,立��,12,0,12,凱基-敦北,2024-04-03,9237
2618,長榮航,16,4,12,凱基-敦北,2024-04-03,9237
6806,森崴能源,12,1,11,凱基-敦北,2024-04-03,9237
00918,大華優利高填息30,13,3,10,凱基-敦北,2024-04-03,9237
00637L,元大滬深300正2,10,0,10,凱基-敦北,2024-04-03,9237
2801,彰銀,10,0,10,凱基-敦北,2024-04-03,9237
3703,欣陸,10,0,10,凱基-敦北,2024-04-03,9237
00927,群益半導體收益,9,0,9,凱基-敦北,2024-04-03,9237
00939,統一台灣高息動能,10,1,9,凱基-敦北,2024-04-03,9237
1316,上曜,9,0,9,凱基-敦北,2024-04-03,9237
5521,工信,10,1,9,凱基-敦北,2024-04-03,9237
00919,群益台灣精選高息,24,16,8,凱基-敦北,2024-04-03,9237
5443,均豪,15,7,8,凱基-敦北,2024-04-03,9237
2303,聯電,9,2,7,凱基-敦北,2024-04-03,9237
0056,元大高股息,7,0,7,凱基-敦北,2024-04-03,9237
4746,台耀,6,0,6,凱基-敦北,2024-04-03,9237
00712,復華富時不動產,7,1,6,凱基-敦北,2024-04-03,9237
1539,巨庭,6,0,6,凱基-敦北,2024-04-03,9237
4908,前鼎,6,0,6,凱基-敦北,2024-04-03,9237
2356,英業達,6,1,5,凱基-敦北,2024-04-03,9237
2409,友達,5,0,5,凱基-敦北,2024-04-03,9237
00937B,群益ESG投等債20,5,0,5,凱基-敦北,2024-04-03,9237
1616,億泰,5,0,5,凱基-敦北,2024-04-03,9237
2006,東和鋼鐵,6,1,5,凱基-敦北,2024-04-03,9237
2014,中鴻,5,0,5,凱基-敦北,2024-04-03,9237
2330,台積電,6,2,4,凱基-敦北,2024-04-03,9237
00679B,元大美債20年,268,0,268,凱基-敦北,2024-04-08,9237
1524,耿鼎,270,89,181,凱基-敦北,2024-04-08,9237
5371,中光電,150,16,134,凱基-敦北,2024-04-08,9237
00680L,元大美債20正2,225,100,125,凱基-敦北,2024-04-08,9237
00940,元大台灣價值高息,123,4,119,凱基-敦北,2024-04-08,9237
00929,復華台灣科技優息,111,0,111,凱基-敦北,2024-04-08,9237
6005,群益證,59,9,50,凱基-敦北,2024-04-08,9237
00939,統一台灣高息動能,47,0,47,凱基-敦北,2024-04-08,9237
1609,大亞,77,36,41,凱基-敦北,2024-04-08,9237
00885,富邦越南,33,1,32,凱基-敦北,2024-04-08,9237
00937B,群益ESG投等債20,32,0,32,凱基-敦北,2024-04-08,9237
1608,華榮,117,86,31,凱基-敦北,2024-04-08,9237
00733,富邦臺灣中小,25,0,25,凱基-敦北,2024-04-08,9237
1795,美時,30,7,23,凱基-敦北,2024-04-08,9237
5009,榮剛,60,37,23,凱基-敦北,2024-04-08,9237
8096,擎亞,25,2,23,凱基-敦北,2024-04-08,9237
00632R,元大台灣50反1,22,0,22,凱基-敦北,2024-04-08,9237
1815,富喬,22,0,22,凱基-敦北,2024-04-08,9237
2352,佳世達,22,1,21,凱基-敦北,2024-04-08,9237
3025,星通,22,1,21,凱基-敦北,2024-04-08,9237
3406,玉晶光,21,0,21,凱基-敦北,2024-04-08,9237
2368,金像電,23,3,20,凱基-敦北,2024-04-08,9237
4909,新復興,20,0,20,凱基-敦北,2024-04-08,9237
1513,中興電,28,9,19,凱基-敦北,2024-04-08,9237
2501,國建,16,1,15,凱基-敦北,2024-04-08,9237
00927,群益半導體收益,15,0,15,凱基-敦北,2024-04-08,9237
2465,麗臺,15,0,15,凱基-敦北,2024-04-08,9237
6715,嘉基,16,1,15,凱基-敦北,2024-04-08,9237
6213,聯茂,16,2,14,凱基-敦北,2024-04-08,9237
6546,正基,14,0,14,凱基-敦北,2024-04-08,9237
00941,中信上游半導體,17,4,13,凱基-敦北,2024-04-08,9237
6667,信紘科,13,0,13,凱基-敦北,2024-04-08,9237
00720B,元大投資級公司債,13,1,12,凱基-敦北,2024-04-08,9237
8163,達方,12,0,12,凱基-敦北,2024-04-08,9237
6143,振曜,11,0,11,凱基-敦北,2024-04-08,9237
8358,金居,12,1,11,凱基-敦北,2024-04-08,9237
00918,大華優利高填息30,10,0,10,凱基-敦北,2024-04-08,9237
00696B,富邦美債20年,10,0,10,凱基-敦北,2024-04-08,9237
00635U,期元大S＆P黃金,10,0,10,凱基-敦北,2024-04-08,9237
6127,九豪,10,0,10,凱基-敦北,2024-04-08,9237
8028,昇陽半導體,10,0,10,凱基-敦北,2024-04-08,9237
2371,大同,13,3,10,凱基-敦北,2024-04-08,9237
00857B,永豐20年美公債,10,1,9,凱基-敦北,2024-04-08,9237
2365,昆盈,11,2,9,凱基-敦北,2024-04-08,9237
2382,廣達,32,23,9,凱基-敦北,2024-04-08,9237
4968,立積,8,0,8,凱基-敦北,2024-04-08,9237
00712,復華富時不動產,8,0,8,凱基-敦北,2024-04-08,9237
6753,龍德造船,8,0,8,凱基-敦北,2024-04-08,9237
00909,國泰數位支付服務,7,0,7,凱基-敦北,2024-04-08,9237
0056,元大高股息,7,0,7,凱基-敦北,2024-04-08,9237
00632R,元大台灣50反1,60,0,60,凱基-敦北,2024-04-09,9237
5371,中光電,55,0,55,凱基-敦北,2024-04-09,9237
3450,聯鈞,100,50,50,凱基-敦北,2024-04-09,9237
00940,元大台灣價值高息,41,0,41,凱基-敦北,2024-04-09,9237
4967,十銓,63,25,38,凱基-敦北,2024-04-09,9237
8358,金居,52,20,32,凱基-敦北,2024-04-09,9237
2405,輔信,30,0,30,凱基-敦北,2024-04-09,9237
5014,建錩,25,0,25,凱基-敦北,2024-04-09,9237
6217,中探針,25,0,25,凱基-敦北,2024-04-09,9237
6166,凌華,25,1,24,凱基-敦北,2024-04-09,9237
6603,富強鑫,25,1,24,凱基-敦北,2024-04-09,9237
2313,華通,23,3,20,凱基-敦北,2024-04-09,9237
3231,緯創,56,37,19,凱基-敦北,2024-04-09,9237
8996,高力,20,2,18,凱基-敦北,2024-04-09,9237
00712,復華富時不動產,18,0,18,凱基-敦北,2024-04-09,9237
1316,上曜,28,10,18,凱基-敦北,2024-04-09,9237
1101,台泥,26,11,15,凱基-敦北,2024-04-09,9237
2888,新光金,17,2,15,凱基-敦北,2024-04-09,9237
8112,至上,32,18,14,凱基-敦北,2024-04-09,9237
2363,矽統,53,40,13,凱基-敦北,2024-04-09,9237
2303,聯電,18,6,12,凱基-敦北,2024-04-09,9237
6188,廣明,19,8,11,凱基-敦北,2024-04-09,9237
3376,新日興,13,2,11,凱基-敦北,2024-04-09,9237
6535,順藥,11,0,11,凱基-敦北,2024-04-09,9237
8027,鈦昇,10,0,10,凱基-敦北,2024-04-09,9237
00933B,國泰10Y+金融債,10,0,10,凱基-敦北,2024-04-09,9237
00753L,中信中國50正2,10,0,10,凱基-敦北,2024-04-09,9237
2367,燿華,13,3,10,凱基-敦北,2024-04-09,9237
8089,康全電訊,10,0,10,凱基-敦北,2024-04-09,9237
8422,可寧衛,10,0,10,凱基-敦北,2024-04-09,9237
2634,漢翔,20,11,9,凱基-敦北,2024-04-09,9237
00885,富邦越南,9,0,9,凱基-敦北,2024-04-09,9237
1305,華夏,9,0,9,凱基-敦北,2024-04-09,9237
1608,華榮,28,19,9,凱基-敦北,2024-04-09,9237
3260,威剛,25,16,9,凱基-敦北,2024-04-09,9237
2354,鴻準,9,1,8,凱基-敦北,2024-04-09,9237
3105,穩懋,8,0,8,凱基-敦北,2024-04-09,9237
5244,弘凱,8,0,8,凱基-敦北,2024-04-09,9237
6104,創惟,8,0,8,凱基-敦北,2024-04-09,9237
6186,新潤,8,0,8,凱基-敦北,2024-04-09,9237
00687B,國泰20年美債,7,0,7,凱基-敦北,2024-04-09,9237
2460,建通,7,0,7,凱基-敦北,2024-04-09,9237
3702,大聯大,7,0,7,凱基-敦北,2024-04-09,9237
9802,鈺齊-KY,7,0,7,凱基-敦北,2024-04-09,9237
3013,晟銘電,8,2,6,凱基-敦北,2024-04-09,9237
2374,佳能,11,5,6,凱基-敦北,2024-04-09,9237
00637L,元大滬深300正2,6,0,6,凱基-敦北,2024-04-09,9237
00857B,永豐20年美公債,6,0,6,凱基-敦北,2024-04-09,9237
4958,臻鼎-KY,6,0,6,凱基-敦北,2024-04-09,9237
6782,視陽,6,0,6,凱基-敦北,2024-04-09,9237
1108,幸福,160,0,160,凱基-敦北,2024-04-10,9237
2208,台船,145,0,145,凱基-敦北,2024-04-10,9237
3033,威健,147,20,127,凱基-敦北,2024-04-10,9237
2352,佳世達,70,12,58,凱基-敦北,2024-04-10,9237
2109,華豐,53,0,53,凱基-敦北,2024-04-10,9237
1809,中釉,50,0,50,凱基-敦北,2024-04-10,9237
3450,聯鈞,77,27,50,凱基-敦北,2024-04-10,9237
00941,中信上游半導體,51,3,48,凱基-敦北,2024-04-10,9237
6274,台燿,57,12,45,凱基-敦北,2024-04-10,9237
00940,元大台灣價值高息,30,2,28,凱基-敦北,2024-04-10,9237
4108,懷特,25,0,25,凱基-敦北,2024-04-10,9237
1795,美時,25,1,24,凱基-敦北,2024-04-10,9237
4967,十銓,43,20,23,凱基-敦北,2024-04-10,9237
1805,寶徠,22,0,22,凱基-敦北,2024-04-10,9237
2368,金像電,41,20,21,凱基-敦北,2024-04-10,9237
6282,康舒,22,2,20,凱基-敦北,2024-04-10,9237
3556,禾瑞亞,20,1,19,凱基-敦北,2024-04-10,9237
8028,昇陽半導體,20,1,19,凱基-敦北,2024-04-10,9237
2883,凱基金,24,7,17,凱基-敦北,2024-04-10,9237
8358,金居,17,1,16,凱基-敦北,2024-04-10,9237
00687B,國泰20年美債,23,8,15,凱基-敦北,2024-04-10,9237
1582,信錦,15,0,15,凱基-敦北,2024-04-10,9237
2317,鴻海,33,20,13,凱基-敦北,2024-04-10,9237
1326,台化,11,0,11,凱基-敦北,2024-04-10,9237
2009,第一銅,29,18,11,凱基-敦北,2024-04-10,9237
8210,勤誠,12,1,11,凱基-敦北,2024-04-10,9237
00637L,元大滬深300正2,10,0,10,凱基-敦北,2024-04-10,9237
00919,群益台灣精選高息,10,0,10,凱基-敦北,2024-04-10,9237
2323,中環,10,0,10,凱基-敦北,2024-04-10,9237
3287,廣寰科,11,1,10,凱基-敦北,2024-04-10,9237
4306,炎洲,10,0,10,凱基-敦北,2024-04-10,9237
8112,至上,17,7,10,凱基-敦北,2024-04-10,9237
8110,華東,20,11,9,凱基-敦北,2024-04-10,9237
2382,廣達,9,1,8,凱基-敦北,2024-04-10,9237
3059,華晶科,11,3,8,凱基-敦北,2024-04-10,9237
2634,漢翔,27,19,8,凱基-敦北,2024-04-10,9237
00937B,群益ESG投等債20,8,0,8,凱基-敦北,2024-04-10,9237
2014,中鴻,13,5,8,凱基-敦北,2024-04-10,9237
8383,千附,8,0,8,凱基-敦北,2024-04-10,9237
3231,緯創,19,12,7,凱基-敦北,2024-04-10,9237
2515,中工,15,8,7,凱基-敦北,2024-04-10,9237
4979,華星光,23,16,7,凱基-敦北,2024-04-10,9237
1717,長興,10,3,7,凱基-敦北,2024-04-10,9237
2412,中華電,7,0,7,凱基-敦北,2024-04-10,9237
2464,盟立,12,5,7,凱基-敦北,2024-04-10,9237
6215,和椿,11,4,7,凱基-敦北,2024-04-10,9237
1513,中興電,9,3,6,凱基-敦北,2024-04-10,9237
1503,士電,12,6,6,凱基-敦北,2024-04-10,9237
2393,億光,9,3,6,凱基-敦北,2024-04-10,9237
3481,群創,8,2,6,凱基-敦北,2024-04-10,9237
2882,國泰金,176,8,168,凱基-敦北,2024-04-11,9237
00676R,富邦臺灣加權反1,100,0,100,凱基-敦北,2024-04-11,9237
00772B,中信高評級公司債,92,0,92,凱基-敦北,2024-04-11,9237
00940,元大台灣價值高息,91,4,87,凱基-敦北,2024-04-11,9237
2597,潤弘,70,0,70,凱基-敦北,2024-04-11,9237
4533,協易機,78,19,59,凱基-敦北,2024-04-11,9237
3481,群創,60,2,58,凱基-敦北,2024-04-11,9237
00712,復華富時不動產,58,1,57,凱基-敦北,2024-04-11,9237
2515,中工,55,0,55,凱基-敦北,2024-04-11,9237
00929,復華台灣科技優息,42,0,42,凱基-敦北,2024-04-11,9237
2501,國建,34,1,33,凱基-敦北,2024-04-11,9237
5009,榮剛,35,5,30,凱基-敦北,2024-04-11,9237
5371,中光電,50,20,30,凱基-敦北,2024-04-11,9237
00687B,國泰20年美債,29,0,29,凱基-敦北,2024-04-11,9237
2610,華航,33,4,29,凱基-敦北,2024-04-11,9237
00720B,元大投資級公司債,39,10,29,凱基-敦北,2024-04-11,9237
3372,典範,26,1,25,凱基-敦北,2024-04-11,9237
6104,創惟,40,16,24,凱基-敦北,2024-04-11,9237
1316,上曜,23,0,23,凱基-敦北,2024-04-11,9237
8358,金居,25,2,23,凱基-敦北,2024-04-11,9237
2382,廣達,30,8,22,凱基-敦北,2024-04-11,9237
9945,潤泰新,22,0,22,凱基-敦北,2024-04-11,9237
00679B,元大美債20年,21,0,21,凱基-敦北,2024-04-11,9237
2331,精英,40,20,20,凱基-敦北,2024-04-11,9237
6141,柏承,20,0,20,凱基-敦北,2024-04-11,9237
2630,亞航,32,13,19,凱基-敦北,2024-04-11,9237
2303,聯電,20,2,18,凱基-敦北,2024-04-11,9237
2317,鴻海,54,37,17,凱基-敦北,2024-04-11,9237
00795B,中信美國公債20年,17,0,17,凱基-敦北,2024-04-11,9237
6186,新潤,18,2,16,凱基-敦北,2024-04-11,9237
2458,義隆,17,2,15,凱基-敦北,2024-04-11,9237
00751B,元大AAA至A公司債,14,0,14,凱基-敦北,2024-04-11,9237
00665L,富邦�琤肭磪囓�2,13,0,13,凱基-敦北,2024-04-11,9237
00939,統一台灣高息動能,13,0,13,凱基-敦北,2024-04-11,9237
00637L,元大滬深300正2,12,0,12,凱基-敦北,2024-04-11,9237
2889,國票金,11,0,11,凱基-敦北,2024-04-11,9237
00941,中信上游半導體,10,0,10,凱基-敦北,2024-04-11,9237
00642U,期元大S＆P石油,10,0,10,凱基-敦北,2024-04-11,9237
2332,友訊,10,0,10,凱基-敦北,2024-04-11,9237
2611,志信,10,0,10,凱基-敦北,2024-04-11,9237
4306,炎洲,11,1,10,凱基-敦北,2024-04-11,9237
9958,世紀鋼,11,1,10,凱基-敦北,2024-04-11,9237
2377,微星,10,1,9,凱基-敦北,2024-04-11,9237
2457,飛宏,9,0,9,凱基-敦北,2024-04-11,9237
00933B,國泰10Y+金融債,8,0,8,凱基-敦北,2024-04-11,9237
1605,華新,8,0,8,凱基-敦北,2024-04-11,9237
2374,佳能,12,4,8,凱基-敦北,2024-04-11,9237
00878,國泰永續高股息,9,2,7,凱基-敦北,2024-04-11,9237
00931B,統一美債20年,7,0,7,凱基-敦北,2024-04-11,9237
00764B,群益25年美債,7,0,7,凱基-敦北,2024-04-11,9237
00929,復華台灣科技優息,82,3,79,凱基-敦北,2024-04-12,9237
2883,凱基金,71,2,69,凱基-敦北,2024-04-12,9237
00772B,中信高評級公司債,61,0,61,凱基-敦北,2024-04-12,9237
1101,台泥,51,0,51,凱基-敦北,2024-04-12,9237
1809,中釉,50,0,50,凱基-敦北,2024-04-12,9237
3030,德律,50,0,50,凱基-敦北,2024-04-12,9237
2371,大同,70,26,44,凱基-敦北,2024-04-12,9237
6005,群益證,40,1,39,凱基-敦北,2024-04-12,9237
5512,力麒,32,0,32,凱基-敦北,2024-04-12,9237
00679B,元大美債20年,31,0,31,凱基-敦北,2024-04-12,9237
00687B,國泰20年美債,30,0,30,凱基-敦北,2024-04-12,9237
2376,技嘉,33,3,30,凱基-敦北,2024-04-12,9237
6188,廣明,28,5,23,凱基-敦北,2024-04-12,9237
2611,志信,23,0,23,凱基-敦北,2024-04-12,9237
2002,中鋼,25,3,22,凱基-敦北,2024-04-12,9237
2353,宏��,46,24,22,凱基-敦北,2024-04-12,9237
9945,潤泰新,21,0,21,凱基-敦北,2024-04-12,9237
2515,中工,20,0,20,凱基-敦北,2024-04-12,9237
3576,聯合再生,20,0,20,凱基-敦北,2024-04-12,9237
8028,昇陽半導體,30,10,20,凱基-敦北,2024-04-12,9237
1608,華榮,22,6,16,凱基-敦北,2024-04-12,9237
6015,宏遠證,16,0,16,凱基-敦北,2024-04-12,9237
6526,達發,16,0,16,凱基-敦北,2024-04-12,9237
00720B,元大投資級公司債,16,0,16,凱基-敦北,2024-04-12,9237
2409,友達,15,0,15,凱基-敦北,2024-04-12,9237
3163,波若威,15,0,15,凱基-敦北,2024-04-12,9237
3706,神達,15,1,14,凱基-敦北,2024-04-12,9237
0056,元大高股息,13,0,13,凱基-敦北,2024-04-12,9237
2377,微星,15,2,13,凱基-敦北,2024-04-12,9237
3042,晶技,89,76,13,凱基-敦北,2024-04-12,9237
8112,至上,44,31,13,凱基-敦北,2024-04-12,9237
2903,遠百,12,0,12,凱基-敦北,2024-04-12,9237
8936,國統,15,3,12,凱基-敦北,2024-04-12,9237
6613,朋億*,12,0,12,凱基-敦北,2024-04-12,9237
00933B,國泰10Y+金融債,11,0,11,凱基-敦北,2024-04-12,9237
00941,中信上游半導體,11,0,11,凱基-敦北,2024-04-12,9237
6104,創惟,19,8,11,凱基-敦北,2024-04-12,9237
8210,勤誠,14,3,11,凱基-敦北,2024-04-12,9237
1536,和大,10,0,10,凱基-敦北,2024-04-12,9237
2208,台船,10,0,10,凱基-敦北,2024-04-12,9237
3059,華晶科,11,1,10,凱基-敦北,2024-04-12,9237
3169,亞信,10,0,10,凱基-敦北,2024-04-12,9237
4108,懷特,10,0,10,凱基-敦北,2024-04-12,9237
8163,達方,10,0,10,凱基-敦北,2024-04-12,9237
3563,牧德,18,9,9,凱基-敦北,2024-04-12,9237
5351,鈺創,9,0,9,凱基-敦北,2024-04-12,9237
2303,聯電,10,1,9,凱基-敦北,2024-04-12,9237
1319,東陽,8,0,8,凱基-敦北,2024-04-12,9237
2330,台積電,8,1,7,凱基-敦北,2024-04-12,9237
1605,華新,9,2,7,凱基-敦北,2024-04-12,9237
2883,凱基金,162,0,162,凱基-敦北,2024-04-15,9237
2634,漢翔,88,26,62,凱基-敦北,2024-04-15,9237
4533,協易機,56,10,46,凱基-敦北,2024-04-15,9237
00939,統一台灣高息動能,39,0,39,凱基-敦北,2024-04-15,9237
4541,晟田,35,0,35,凱基-敦北,2024-04-15,9237
00919,群益台灣精選高息,35,0,35,凱基-敦北,2024-04-15,9237
3481,群創,33,0,33,凱基-敦北,2024-04-15,9237
2371,大同,67,36,31,凱基-敦北,2024-04-15,9237
3060,銘異,27,2,25,凱基-敦北,2024-04-15,9237
6683,雍智科技,26,1,25,凱基-敦北,2024-04-15,9237
6431,光麗-KY,24,0,24,凱基-敦北,2024-04-15,9237
2303,聯電,27,4,23,凱基-敦北,2024-04-15,9237
2367,燿華,25,2,23,凱基-敦北,2024-04-15,9237
00931B,統一美債20年,22,0,22,凱基-敦北,2024-04-15,9237
2405,輔信,22,0,22,凱基-敦北,2024-04-15,9237
00650L,復華香港正2,20,0,20,凱基-敦北,2024-04-15,9237
00632R,元大台灣50反1,20,0,20,凱基-敦北,2024-04-15,9237
2514,龍邦,20,0,20,凱基-敦北,2024-04-15,9237
6274,台燿,28,8,20,凱基-敦北,2024-04-15,9237
9945,潤泰新,20,0,20,凱基-敦北,2024-04-15,9237
1584,精剛,20,1,19,凱基-敦北,2024-04-15,9237
00665L,富邦�琤肭磪囓�2,17,0,17,凱基-敦北,2024-04-15,9237
00933B,國泰10Y+金融債,21,5,16,凱基-敦北,2024-04-15,9237
2867,三商壽,16,0,16,凱基-敦北,2024-04-15,9237
00929,復華台灣科技優息,94,78,16,凱基-敦北,2024-04-15,9237
1611,中電,20,5,15,凱基-敦北,2024-04-15,9237
3686,達能,15,0,15,凱基-敦北,2024-04-15,9237
8069,元太,14,0,14,凱基-敦北,2024-04-15,9237
2834,臺企銀,13,0,13,凱基-敦北,2024-04-15,9237
3712,永崴投控,36,23,13,凱基-敦北,2024-04-15,9237
00679B,元大美債20年,15,3,12,凱基-敦北,2024-04-15,9237
2377,微星,12,0,12,凱基-敦北,2024-04-15,9237
2630,亞航,20,8,12,凱基-敦北,2024-04-15,9237
6558,興能高,12,0,12,凱基-敦北,2024-04-15,9237
6782,視陽,12,0,12,凱基-敦北,2024-04-15,9237
6823,濾能,12,0,12,凱基-敦北,2024-04-15,9237
00751B,元大AAA至A公司債,11,0,11,凱基-敦北,2024-04-15,9237
1304,台聚,11,0,11,凱基-敦北,2024-04-15,9237
1786,科妍,11,0,11,凱基-敦北,2024-04-15,9237
0056,元大高股息,10,0,10,凱基-敦北,2024-04-15,9237
6526,達發,10,0,10,凱基-敦北,2024-04-15,9237
00733,富邦臺灣中小,10,0,10,凱基-敦北,2024-04-15,9237
1316,上曜,11,1,10,凱基-敦北,2024-04-15,9237
1560,中砂,10,0,10,凱基-敦北,2024-04-15,9237
2323,中環,10,0,10,凱基-敦北,2024-04-15,9237
2537,聯上發,10,0,10,凱基-敦北,2024-04-15,9237
3207,耀勝,10,0,10,凱基-敦北,2024-04-15,9237
3576,聯合再生,10,0,10,凱基-敦北,2024-04-15,9237
3708,上緯投控,10,0,10,凱基-敦北,2024-04-15,9237
4532,瑞智,10,0,10,凱基-敦北,2024-04-15,9237
00940,元大台灣價值高息,418,5,413,凱基-敦北,2024-04-16,9237
1108,幸福,181,0,181,凱基-敦北,2024-04-16,9237
9945,潤泰新,165,0,165,凱基-敦北,2024-04-16,9237
00929,復華台灣科技優息,139,0,139,凱基-敦北,2024-04-16,9237
00919,群益台灣精選高息,103,0,103,凱基-敦北,2024-04-16,9237
00939,統一台灣高息動能,79,0,79,凱基-敦北,2024-04-16,9237
6823,濾能,76,0,76,凱基-敦北,2024-04-16,9237
00937B,群益ESG投等債20,67,0,67,凱基-敦北,2024-04-16,9237
00712,復華富時不動產,57,1,56,凱基-敦北,2024-04-16,9237
2109,華豐,50,0,50,凱基-敦北,2024-04-16,9237
00878,國泰永續高股息,68,30,38,凱基-敦北,2024-04-16,9237
00679B,元大美債20年,36,0,36,凱基-敦北,2024-04-16,9237
00720B,元大投資級公司債,36,0,36,凱基-敦北,2024-04-16,9237
2374,佳能,31,1,30,凱基-敦北,2024-04-16,9237
00687B,國泰20年美債,28,0,28,凱基-敦北,2024-04-16,9237
1609,大亞,40,12,28,凱基-敦北,2024-04-16,9237
4979,華星光,28,0,28,凱基-敦北,2024-04-16,9237
1584,精剛,28,2,26,凱基-敦北,2024-04-16,9237
0056,元大高股息,34,9,25,凱基-敦北,2024-04-16,9237
1805,寶徠,23,0,23,凱基-敦北,2024-04-16,9237
2867,三商壽,28,6,22,凱基-敦北,2024-04-16,9237
8070,長華*,22,0,22,凱基-敦北,2024-04-16,9237
00733,富邦臺灣中小,20,0,20,凱基-敦北,2024-04-16,9237
2303,聯電,24,5,19,凱基-敦北,2024-04-16,9237
3686,達能,22,3,19,凱基-敦北,2024-04-16,9237
2344,華邦電,19,1,18,凱基-敦北,2024-04-16,9237
3231,緯創,47,29,18,凱基-敦北,2024-04-16,9237
2618,長榮航,18,0,18,凱基-敦北,2024-04-16,9237
2353,宏��,33,17,16,凱基-敦北,2024-04-16,9237
8096,擎亞,18,2,16,凱基-敦北,2024-04-16,9237
0050,元大台灣50,19,4,15,凱基-敦北,2024-04-16,9237
2834,臺企銀,15,0,15,凱基-敦北,2024-04-16,9237
2301,光寶科,17,3,14,凱基-敦北,2024-04-16,9237
8033,雷虎,14,0,14,凱基-敦北,2024-04-16,9237
2330,台積電,14,0,14,凱基-敦北,2024-04-16,9237
00751B,元大AAA至A公司債,13,0,13,凱基-敦北,2024-04-16,9237
00915,凱基優選高股息30,13,0,13,凱基-敦北,2024-04-16,9237
2883,凱基金,16,3,13,凱基-敦北,2024-04-16,9237
1560,中砂,12,0,12,凱基-敦北,2024-04-16,9237
2356,英業達,12,0,12,凱基-敦北,2024-04-16,9237
4967,十銓,14,2,12,凱基-敦北,2024-04-16,9237
6548,長科*,12,0,12,凱基-敦北,2024-04-16,9237
1326,台化,11,0,11,凱基-敦北,2024-04-16,9237
3540,曜越,11,0,11,凱基-敦北,2024-04-16,9237
1815,富喬,16,5,11,凱基-敦北,2024-04-16,9237
2458,義隆,11,0,11,凱基-敦北,2024-04-16,9237
2891,中信金,11,0,11,凱基-敦北,2024-04-16,9237
3675,德微,13,2,11,凱基-敦北,2024-04-16,9237
1477,聚陽,10,0,10,凱基-敦北,2024-04-16,9237
8112,至上,21,11,10,凱基-敦北,2024-04-16,9237
1108,幸福,296,0,296,凱基-敦北,2024-04-17,9237
00679B,元大美債20年,268,35,233,凱基-敦北,2024-04-17,9237
00712,復華富時不動產,108,0,108,凱基-敦北,2024-04-17,9237
6274,台燿,89,6,83,凱基-敦北,2024-04-17,9237
00637L,元大滬深300正2,43,0,43,凱基-敦北,2024-04-17,9237
00937B,群益ESG投等債20,36,0,36,凱基-敦北,2024-04-17,9237
00929,復華台灣科技優息,38,7,31,凱基-敦北,2024-04-17,9237
1605,華新,44,15,29,凱基-敦北,2024-04-17,9237
8028,昇陽半導體,30,1,29,凱基-敦北,2024-04-17,9237
00720B,元大投資級公司債,28,0,28,凱基-敦北,2024-04-17,9237
00857B,永豐20年美公債,23,3,20,凱基-敦北,2024-04-17,9237
1809,中釉,20,0,20,凱基-敦北,2024-04-17,9237
3406,玉晶光,20,0,20,凱基-敦北,2024-04-17,9237
2352,佳世達,21,2,19,凱基-敦北,2024-04-17,9237
6180,橘子,18,0,18,凱基-敦北,2024-04-17,9237
00933B,國泰10Y+金融債,16,0,16,凱基-敦北,2024-04-17,9237
2618,長榮航,24,8,16,凱基-敦北,2024-04-17,9237
6526,達發,20,4,16,凱基-敦北,2024-04-17,9237
00665L,富邦�琤肭磪囓�2,15,0,15,凱基-敦北,2024-04-17,9237
00940,元大台灣價值高息,24,9,15,凱基-敦北,2024-04-17,9237
2303,聯電,17,3,14,凱基-敦北,2024-04-17,9237
6782,視陽,13,0,13,凱基-敦北,2024-04-17,9237
0056,元大高股息,14,2,12,凱基-敦北,2024-04-17,9237
3231,緯創,39,27,12,凱基-敦北,2024-04-17,9237
1326,台化,12,0,12,凱基-敦北,2024-04-17,9237
00939,統一台灣高息動能,19,8,11,凱基-敦北,2024-04-17,9237
2867,三商壽,11,0,11,凱基-敦北,2024-04-17,9237
2882,國泰金,11,0,11,凱基-敦北,2024-04-17,9237
2889,國票金,11,0,11,凱基-敦北,2024-04-17,9237
3481,群創,13,2,11,凱基-敦北,2024-04-17,9237
00688L,國泰20年美債正2,10,0,10,凱基-敦北,2024-04-17,9237
1709,和益,10,0,10,凱基-敦北,2024-04-17,9237
6684,安格,10,0,10,凱基-敦北,2024-04-17,9237
8110,華東,10,0,10,凱基-敦北,2024-04-17,9237
00941,中信上游半導體,9,0,9,凱基-敦北,2024-04-17,9237
3490,單井,10,1,9,凱基-敦北,2024-04-17,9237
5371,中光電,60,51,9,凱基-敦北,2024-04-17,9237
6283,淳安,9,0,9,凱基-敦北,2024-04-17,9237
8996,高力,14,5,9,凱基-敦北,2024-04-17,9237
00772B,中信高評級公司債,8,0,8,凱基-敦北,2024-04-17,9237
4438,廣越,8,0,8,凱基-敦北,2024-04-17,9237
5009,榮剛,16,8,8,凱基-敦北,2024-04-17,9237
00919,群益台灣精選高息,13,5,8,凱基-敦北,2024-04-17,9237
2883,凱基金,7,0,7,凱基-敦北,2024-04-17,9237
8054,安國,15,8,7,凱基-敦北,2024-04-17,9237
00773B,中信優先金融債,7,0,7,凱基-敦北,2024-04-17,9237
2204,中華,7,0,7,凱基-敦北,2024-04-17,9237
2344,華邦電,6,0,6,凱基-敦北,2024-04-17,9237
2374,佳能,7,1,6,凱基-敦北,2024-04-17,9237
8069,元太,7,1,6,凱基-敦北,2024-04-17,9237
2889,國票金,297,0,297,凱基-敦北,2024-04-18,9237
1314,中石化,200,0,200,凱基-敦北,2024-04-18,9237
00712,復華富時不動產,101,0,101,凱基-敦北,2024-04-18,9237
8096,擎亞,62,0,62,凱基-敦北,2024-04-18,9237
2515,中工,76,26,50,凱基-敦北,2024-04-18,9237
1560,中砂,42,11,31,凱基-敦北,2024-04-18,9237
00650L,復華香港正2,30,0,30,凱基-敦北,2024-04-18,9237
1513,中興電,53,25,28,凱基-敦北,2024-04-18,9237
00720B,元大投資級公司債,26,1,25,凱基-敦北,2024-04-18,9237
3260,威剛,26,2,24,凱基-敦北,2024-04-18,9237
00937B,群益ESG投等債20,21,0,21,凱基-敦北,2024-04-18,9237
00941,中信上游半導體,21,0,21,凱基-敦北,2024-04-18,9237
2371,大同,42,21,21,凱基-敦北,2024-04-18,9237
2607,榮運,21,0,21,凱基-敦北,2024-04-18,9237
2376,技嘉,20,0,20,凱基-敦北,2024-04-18,9237
5014,建錩,20,0,20,凱基-敦北,2024-04-18,9237
2404,漢唐,20,0,20,凱基-敦北,2024-04-18,9237
00929,復華台灣科技優息,20,1,19,凱基-敦北,2024-04-18,9237
1795,美時,22,3,19,凱基-敦北,2024-04-18,9237
3703,欣陸,25,6,19,凱基-敦北,2024-04-18,9237
2014,中鴻,22,4,18,凱基-敦北,2024-04-18,9237
00940,元大台灣價值高息,25,10,15,凱基-敦北,2024-04-18,9237
3563,牧德,25,10,15,凱基-敦北,2024-04-18,9237
2887,台新金,13,1,12,凱基-敦北,2024-04-18,9237
00733,富邦臺灣中小,12,0,12,凱基-敦北,2024-04-18,9237
4438,廣越,11,0,11,凱基-敦北,2024-04-18,9237
00680L,元大美債20正2,10,0,10,凱基-敦北,2024-04-18,9237
1582,信錦,10,0,10,凱基-敦北,2024-04-18,9237
2020,美亞,10,0,10,凱基-敦北,2024-04-18,9237
2365,昆盈,10,0,10,凱基-敦北,2024-04-18,9237
2867,三商壽,10,0,10,凱基-敦北,2024-04-18,9237
3483,力致,10,0,10,凱基-敦北,2024-04-18,9237
00637L,元大滬深300正2,11,2,9,凱基-敦北,2024-04-18,9237
8070,長華*,9,0,9,凱基-敦北,2024-04-18,9237
2344,華邦電,8,0,8,凱基-敦北,2024-04-18,9237
6282,康舒,9,1,8,凱基-敦北,2024-04-18,9237
0056,元大高股息,10,2,8,凱基-敦北,2024-04-18,9237
1605,華新,31,24,7,凱基-敦北,2024-04-18,9237
2618,長榮航,10,3,7,凱基-敦北,2024-04-18,9237
00909,國泰數位支付服務,6,0,6,凱基-敦北,2024-04-18,9237
00679B,元大美債20年,6,0,6,凱基-敦北,2024-04-18,9237
2458,義隆,6,0,6,凱基-敦北,2024-04-18,9237
2641,正德,6,0,6,凱基-敦北,2024-04-18,9237
3013,晟銘電,13,7,6,凱基-敦北,2024-04-18,9237
3294,英濟,7,2,5,凱基-敦北,2024-04-18,9237
2449,京元電子,11,6,5,凱基-敦北,2024-04-18,9237
00671R,富邦NASDAQ反1,5,0,5,凱基-敦北,2024-04-18,9237
00931B,統一美債20年,5,0,5,凱基-敦北,2024-04-18,9237
00725B,國泰投資級公司債,5,0,5,凱基-敦北,2024-04-18,9237
2329,華泰,5,0,5,凱基-敦北,2024-04-18,9237
00929,復華台灣科技優息,248,6,242,凱基-敦北,2024-04-19,9237
00940,元大台灣價值高息,292,63,229,凱基-敦北,2024-04-19,9237
1314,中石化,190,0,190,凱基-敦北,2024-04-19,9237
2888,新光金,100,0,100,凱基-敦北,2024-04-19,9237
00878,國泰永續高股息,66,10,56,凱基-敦北,2024-04-19,9237
2330,台積電,58,2,56,凱基-敦北,2024-04-19,9237
00937B,群益ESG投等債20,55,0,55,凱基-敦北,2024-04-19,9237
2303,聯電,50,3,47,凱基-敦北,2024-04-19,9237
00939,統一台灣高息動能,43,1,42,凱基-敦北,2024-04-19,9237
2376,技嘉,41,0,41,凱基-敦北,2024-04-19,9237
1513,中興電,75,40,35,凱基-敦北,2024-04-19,9237
2597,潤弘,30,0,30,凱基-敦北,2024-04-19,9237
8054,安國,39,9,30,凱基-敦北,2024-04-19,9237
0056,元大高股息,42,12,30,凱基-敦北,2024-04-19,9237
1805,寶徠,27,0,27,凱基-敦北,2024-04-19,9237
00664R,國泰臺灣加權反1,25,0,25,凱基-敦北,2024-04-19,9237
00905,FT臺灣Smart,30,7,23,凱基-敦北,2024-04-19,9237
4938,和碩,20,0,20,凱基-敦北,2024-04-19,9237
4438,廣越,20,0,20,凱基-敦北,2024-04-19,9237
1903,士紙,21,1,20,凱基-敦北,2024-04-19,9237
3576,聯合再生,20,0,20,凱基-敦北,2024-04-19,9237
6526,達發,23,4,19,凱基-敦北,2024-04-19,9237
1584,精剛,21,3,18,凱基-敦北,2024-04-19,9237
00941,中信上游半導體,17,0,17,凱基-敦北,2024-04-19,9237
3231,緯創,55,39,16,凱基-敦北,2024-04-19,9237
4168,醣聯,16,0,16,凱基-敦北,2024-04-19,9237
4306,炎洲,16,0,16,凱基-敦北,2024-04-19,9237
3260,威剛,18,3,15,凱基-敦北,2024-04-19,9237
8996,高力,20,5,15,凱基-敦北,2024-04-19,9237
2537,聯上發,15,0,15,凱基-敦北,2024-04-19,9237
8096,擎亞,17,2,15,凱基-敦北,2024-04-19,9237
00665L,富邦�琤肭磪囓�2,14,0,14,凱基-敦北,2024-04-19,9237
2881,富邦金,13,0,13,凱基-敦北,2024-04-19,9237
00753L,中信中國50正2,13,0,13,凱基-敦北,2024-04-19,9237
1612,宏泰,19,6,13,凱基-敦北,2024-04-19,9237
3540,曜越,13,0,13,凱基-敦北,2024-04-19,9237
4714,永捷,13,0,13,凱基-敦北,2024-04-19,9237
1503,士電,18,5,13,凱基-敦北,2024-04-19,9237
6770,力積電,13,1,12,凱基-敦北,2024-04-19,9237
2352,佳世達,12,0,12,凱基-敦北,2024-04-19,9237
6282,康舒,17,5,12,凱基-敦北,2024-04-19,9237
2883,凱基金,12,0,12,凱基-敦北,2024-04-19,9237
2630,亞航,13,2,11,凱基-敦北,2024-04-19,9237
00927,群益半導體收益,13,3,10,凱基-敦北,2024-04-19,9237
00751B,元大AAA至A公司債,10,0,10,凱基-敦北,2024-04-19,9237
2611,志信,10,0,10,凱基-敦北,2024-04-19,9237
3708,上緯投控,10,0,10,凱基-敦北,2024-04-19,9237
8028,昇陽半導體,10,0,10,凱基-敦北,2024-04-19,9237
0050,元大台灣50,18,8,10,凱基-敦北,2024-04-19,9237
2887,台新金,9,0,9,凱基-敦北,2024-04-19,9237
1314,中石化,360,61,299,凱基-敦北,2024-04-22,9237
2537,聯上發,200,16,184,凱基-敦北,2024-04-22,9237
3481,群創,139,2,137,凱基-敦北,2024-04-22,9237
00940,元大台灣價值高息,125,15,110,凱基-敦北,2024-04-22,9237
00676R,富邦臺灣加權反1,100,0,100,凱基-敦北,2024-04-22,9237
00929,復華台灣科技優息,115,51,64,凱基-敦北,2024-04-22,9237
6005,群益證,95,42,53,凱基-敦北,2024-04-22,9237
9933,中鼎,55,2,53,凱基-敦北,2024-04-22,9237
4909,新復興,44,0,44,凱基-敦北,2024-04-22,9237
5512,力麒,38,1,37,凱基-敦北,2024-04-22,9237
2851,中再保,29,0,29,凱基-敦北,2024-04-22,9237
3231,緯創,40,13,27,凱基-敦北,2024-04-22,9237
1815,富喬,26,0,26,凱基-敦北,2024-04-22,9237
2547,日勝生,66,41,25,凱基-敦北,2024-04-22,9237
2634,漢翔,26,1,25,凱基-敦北,2024-04-22,9237
2597,潤弘,24,0,24,凱基-敦北,2024-04-22,9237
2301,光寶科,27,3,24,凱基-敦北,2024-04-22,9237
2368,金像電,33,10,23,凱基-敦北,2024-04-22,9237
1617,榮星,22,0,22,凱基-敦北,2024-04-22,9237
2313,華通,20,0,20,凱基-敦北,2024-04-22,9237
00632R,元大台灣50反1,20,0,20,凱基-敦北,2024-04-22,9237
00941,中信上游半導體,18,0,18,凱基-敦北,2024-04-22,9237
2809,京城銀,15,0,15,凱基-敦北,2024-04-22,9237
6282,康舒,15,0,15,凱基-敦北,2024-04-22,9237
00939,統一台灣高息動能,15,1,14,凱基-敦北,2024-04-22,9237
8996,高力,22,10,12,凱基-敦北,2024-04-22,9237
00713,元大台灣高息低波,12,0,12,凱基-敦北,2024-04-22,9237
00679B,元大美債20年,11,0,11,凱基-敦北,2024-04-22,9237
6274,台燿,80,69,11,凱基-敦北,2024-04-22,9237
00641R,富邦日本反1,10,0,10,凱基-敦北,2024-04-22,9237
00857B,永豐20年美公債,10,0,10,凱基-敦北,2024-04-22,9237
3714,富采,10,0,10,凱基-敦北,2024-04-22,9237
4108,懷特,10,0,10,凱基-敦北,2024-04-22,9237
6603,富強鑫,10,0,10,凱基-敦北,2024-04-22,9237
00751B,元大AAA至A公司債,10,1,9,凱基-敦北,2024-04-22,9237
2382,廣達,10,1,9,凱基-敦北,2024-04-22,9237
1513,中興電,72,64,8,凱基-敦北,2024-04-22,9237
2356,英業達,9,1,8,凱基-敦北,2024-04-22,9237
2458,義隆,8,0,8,凱基-敦北,2024-04-22,9237
3024,憶聲,8,0,8,凱基-敦北,2024-04-22,9237
6104,創惟,8,0,8,凱基-敦北,2024-04-22,9237
6505,台塑化,8,0,8,凱基-敦北,2024-04-22,9237
00919,群益台灣精選高息,35,27,8,凱基-敦北,2024-04-22,9237
3060,銘異,7,0,7,凱基-敦北,2024-04-22,9237
2303,聯電,16,10,6,凱基-敦北,2024-04-22,9237
6116,彩晶,7,1,6,凱基-敦北,2024-04-22,9237
6125,廣運,8,2,6,凱基-敦北,2024-04-22,9237
6257,矽格,6,0,6,凱基-敦北,2024-04-22,9237
0056,元大高股息,16,11,5,凱基-敦北,2024-04-22,9237
3260,威剛,5,0,5,凱基-敦北,2024-04-22,9237
1314,中石化,200,50,150,凱基-敦北,2024-04-23,9237
6274,台燿,118,13,105,凱基-敦北,2024-04-23,9237
1108,幸福,88,0,88,凱基-敦北,2024-04-23,9237
3037,欣興,53,2,51,凱基-敦北,2024-04-23,9237
00676R,富邦臺灣加權反1,50,0,50,凱基-敦北,2024-04-23,9237
3231,緯創,56,10,46,凱基-敦北,2024-04-23,9237
8996,高力,41,3,38,凱基-敦北,2024-04-23,9237
00940,元大台灣價值高息,38,2,36,凱基-敦北,2024-04-23,9237
00929,復華台灣科技優息,34,3,31,凱基-敦北,2024-04-23,9237
1809,中釉,30,0,30,凱基-敦北,2024-04-23,9237
6282,康舒,23,0,23,凱基-敦北,2024-04-23,9237
2374,佳能,33,13,20,凱基-敦北,2024-04-23,9237
2889,國票金,50,30,20,凱基-敦北,2024-04-23,9237
00939,統一台灣高息動能,14,0,14,凱基-敦北,2024-04-23,9237
00878,國泰永續高股息,15,1,14,凱基-敦北,2024-04-23,9237
1316,上曜,97,83,14,凱基-敦北,2024-04-23,9237
00937B,群益ESG投等債20,13,0,13,凱基-敦北,2024-04-23,9237
3703,欣陸,12,0,12,凱基-敦北,2024-04-23,9237
00857B,永豐20年美公債,10,0,10,凱基-敦北,2024-04-23,9237
00632R,元大台灣50反1,10,0,10,凱基-敦北,2024-04-23,9237
1612,宏泰,11,1,10,凱基-敦北,2024-04-23,9237
2313,華通,11,1,10,凱基-敦北,2024-04-23,9237
2506,太設,10,0,10,凱基-敦北,2024-04-23,9237
5014,建錩,10,0,10,凱基-敦北,2024-04-23,9237
2303,聯電,11,2,9,凱基-敦北,2024-04-23,9237
2354,鴻準,23,14,9,凱基-敦北,2024-04-23,9237
3059,華晶科,11,2,9,凱基-敦北,2024-04-23,9237
2020,美亞,8,0,8,凱基-敦北,2024-04-23,9237
8028,昇陽半導體,9,1,8,凱基-敦北,2024-04-23,9237
3715,定穎投控,9,1,8,凱基-敦北,2024-04-23,9237
6125,廣運,17,10,7,凱基-敦北,2024-04-23,9237
2608,嘉里大榮,13,6,7,凱基-敦北,2024-04-23,9237
8110,華東,7,0,7,凱基-敦北,2024-04-23,9237
1618,合機,9,3,6,凱基-敦北,2024-04-23,9237
6207,雷科,6,0,6,凱基-敦北,2024-04-23,9237
0056,元大高股息,7,2,5,凱基-敦北,2024-04-23,9237
00919,群益台灣精選高息,27,22,5,凱基-敦北,2024-04-23,9237
00692,富邦公司治理,5,0,5,凱基-敦北,2024-04-23,9237
1616,億泰,5,0,5,凱基-敦北,2024-04-23,9237
2365,昆盈,5,0,5,凱基-敦北,2024-04-23,9237
3033,威健,5,0,5,凱基-敦北,2024-04-23,9237
3356,奇偶,5,0,5,凱基-敦北,2024-04-23,9237
4306,炎洲,5,0,5,凱基-敦北,2024-04-23,9237
4533,協易機,5,0,5,凱基-敦北,2024-04-23,9237
4906,正文,5,0,5,凱基-敦北,2024-04-23,9237
6190,萬泰科,5,0,5,凱基-敦北,2024-04-23,9237
8473,山林水,5,0,5,凱基-敦北,2024-04-23,9237
9929,秋雨,5,0,5,凱基-敦北,2024-04-23,9237
2317,鴻海,4,0,4,凱基-敦北,2024-04-23,9237
3380,明泰,4,0,4,凱基-敦北,2024-04-23,9237
2886,兆豐金,747,1,746,凱基-敦北,2024-04-24,9237
1314,中石化,70,0,70,凱基-敦北,2024-04-24,9237
1909,榮成,64,0,64,凱基-敦北,2024-04-24,9237
1809,中釉,175,115,60,凱基-敦北,2024-04-24,9237
3481,群創,56,5,51,凱基-敦北,2024-04-24,9237
1736,喬山,70,19,51,凱基-敦北,2024-04-24,9237
00632R,元大台灣50反1,47,5,42,凱基-敦北,2024-04-24,9237
1532,勤美,43,3,40,凱基-敦北,2024-04-24,9237
2618,長榮航,160,120,40,凱基-敦北,2024-04-24,9237
1702,南僑,36,0,36,凱基-敦北,2024-04-24,9237
8064,東捷,31,0,31,凱基-敦北,2024-04-24,9237
3715,定穎投控,35,5,30,凱基-敦北,2024-04-24,9237
2903,遠百,30,0,30,凱基-敦北,2024-04-24,9237
00919,群益台灣精選高息,32,3,29,凱基-敦北,2024-04-24,9237
00881,國泰台灣5G+,26,0,26,凱基-敦北,2024-04-24,9237
2634,漢翔,26,1,25,凱基-敦北,2024-04-24,9237
00857B,永豐20年美公債,22,0,22,凱基-敦北,2024-04-24,9237
00637L,元大滬深300正2,20,0,20,凱基-敦北,2024-04-24,9237
00933B,國泰10Y+金融債,20,0,20,凱基-敦北,2024-04-24,9237
2511,太子,20,0,20,凱基-敦北,2024-04-24,9237
2607,榮運,20,0,20,凱基-敦北,2024-04-24,9237
00937B,群益ESG投等債20,19,0,19,凱基-敦北,2024-04-24,9237
6274,台燿,27,8,19,凱基-敦北,2024-04-24,9237
00687B,國泰20年美債,20,4,16,凱基-敦北,2024-04-24,9237
00679B,元大美債20年,20,5,15,凱基-敦北,2024-04-24,9237
1616,億泰,15,0,15,凱基-敦北,2024-04-24,9237
4510,高鋒,15,0,15,凱基-敦北,2024-04-24,9237
00712,復華富時不動產,15,1,14,凱基-敦北,2024-04-24,9237
00929,復華台灣科技優息,16,2,14,凱基-敦北,2024-04-24,9237
5009,榮剛,37,25,12,凱基-敦北,2024-04-24,9237
00751B,元大AAA至A公司債,11,0,11,凱基-敦北,2024-04-24,9237
2884,玉山金,11,0,11,凱基-敦北,2024-04-24,9237
6189,豐藝,11,0,11,凱基-敦北,2024-04-24,9237
00641R,富邦日本反1,10,0,10,凱基-敦北,2024-04-24,9237
1326,台化,11,1,10,凱基-敦北,2024-04-24,9237
1529,樂事綠能,10,0,10,凱基-敦北,2024-04-24,9237
1815,富喬,10,0,10,凱基-敦北,2024-04-24,9237
3346,麗清,10,0,10,凱基-敦北,2024-04-24,9237
3490,單井,10,0,10,凱基-敦北,2024-04-24,9237
6188,廣明,16,6,10,凱基-敦北,2024-04-24,9237
6684,安格,11,1,10,凱基-敦北,2024-04-24,9237
6125,廣運,19,10,9,凱基-敦北,2024-04-24,9237
00670L,富邦NASDAQ正2,9,0,9,凱基-敦北,2024-04-24,9237
3231,緯創,28,19,9,凱基-敦北,2024-04-24,9237
2515,中工,17,8,9,凱基-敦北,2024-04-24,9237
3622,洋華,8,0,8,凱基-敦北,2024-04-24,9237
6830,汎銓,8,0,8,凱基-敦北,2024-04-24,9237
8089,康全電訊,8,0,8,凱基-敦北,2024-04-24,9237
00720B,元大投資級公司債,11,4,7,凱基-敦北,2024-04-24,9237
2504,國產,10,3,7,凱基-敦北,2024-04-24,9237
00929,復華台灣科技優息,227,6,221,凱基-敦北,2024-04-25,9237
3037,欣興,132,45,87,凱基-敦北,2024-04-25,9237
00878,國泰永續高股息,52,0,52,凱基-敦北,2024-04-25,9237
1314,中石化,52,0,52,凱基-敦北,2024-04-25,9237
2368,金像電,65,17,48,凱基-敦北,2024-04-25,9237
00679B,元大美債20年,41,0,41,凱基-敦北,2024-04-25,9237
2409,友達,41,1,40,凱基-敦北,2024-04-25,9237
1909,榮成,90,52,38,凱基-敦北,2024-04-25,9237
6104,創惟,32,0,32,凱基-敦北,2024-04-25,9237
00751B,元大AAA至A公司債,30,0,30,凱基-敦北,2024-04-25,9237
1809,中釉,125,95,30,凱基-敦北,2024-04-25,9237
1616,億泰,25,0,25,凱基-敦北,2024-04-25,9237
6282,康舒,23,1,22,凱基-敦北,2024-04-25,9237
4938,和碩,21,0,21,凱基-敦北,2024-04-25,9237
6823,濾能,20,0,20,凱基-敦北,2024-04-25,9237
1736,喬山,69,50,19,凱基-敦北,2024-04-25,9237
6143,振曜,20,1,19,凱基-敦北,2024-04-25,9237
00891,中信關鍵半導體,17,0,17,凱基-敦北,2024-04-25,9237
1301,台塑,15,0,15,凱基-敦北,2024-04-25,9237
8110,華東,20,5,15,凱基-敦北,2024-04-25,9237
00933B,國泰10Y+金融債,14,0,14,凱基-敦北,2024-04-25,9237
3287,廣寰科,15,1,14,凱基-敦北,2024-04-25,9237
00882,中信中國高股息,15,2,13,凱基-敦北,2024-04-25,9237
2851,中再保,12,0,12,凱基-敦北,2024-04-25,9237
00657,國泰日經225,10,0,10,凱基-敦北,2024-04-25,9237
2002,中鋼,10,0,10,凱基-敦北,2024-04-25,9237
3556,禾瑞亞,10,0,10,凱基-敦北,2024-04-25,9237
6187,萬潤,19,9,10,凱基-敦北,2024-04-25,9237
2515,中工,36,27,9,凱基-敦北,2024-04-25,9237
2423,固緯,10,1,9,凱基-敦北,2024-04-25,9237
1503,士電,9,1,8,凱基-敦北,2024-04-25,9237
6190,萬泰科,8,0,8,凱基-敦北,2024-04-25,9237
6233,旺玖,30,22,8,凱基-敦北,2024-04-25,9237
2330,台積電,8,0,8,凱基-敦北,2024-04-25,9237
00720B,元大投資級公司債,7,0,7,凱基-敦北,2024-04-25,9237
0056,元大高股息,8,1,7,凱基-敦北,2024-04-25,9237
1618,合機,7,0,7,凱基-敦北,2024-04-25,9237
2457,飛宏,7,0,7,凱基-敦北,2024-04-25,9237
3289,宜特,10,3,7,凱基-敦北,2024-04-25,9237
1326,台化,6,0,6,凱基-敦北,2024-04-25,9237
2382,廣達,8,2,6,凱基-敦北,2024-04-25,9237
3147,大綜,6,0,6,凱基-敦北,2024-04-25,9237
2317,鴻海,29,23,6,凱基-敦北,2024-04-25,9237
2371,大同,7,2,5,凱基-敦北,2024-04-25,9237
1477,聚陽,5,0,5,凱基-敦北,2024-04-25,9237
2204,中華,5,0,5,凱基-敦北,2024-04-25,9237
2303,聯電,5,0,5,凱基-敦北,2024-04-25,9237
5493,三聯,5,0,5,凱基-敦北,2024-04-25,9237
5512,力麒,5,0,5,凱基-敦北,2024-04-25,9237
6120,達運,5,0,5,凱基-敦北,2024-04-25,9237
2881,富邦金,356,27,329,凱基-敦北,2024-04-26,9237
1805,寶徠,66,0,66,凱基-敦北,2024-04-26,9237
1809,中釉,115,55,60,凱基-敦北,2024-04-26,9237
4909,新復興,73,22,51,凱基-敦北,2024-04-26,9237
2511,太子,41,1,40,凱基-敦北,2024-04-26,9237
00937B,群益ESG投等債20,33,1,32,凱基-敦北,2024-04-26,9237
3037,欣興,32,0,32,凱基-敦北,2024-04-26,9237
00679B,元大美債20年,27,0,27,凱基-敦北,2024-04-26,9237
00933B,國泰10Y+金融債,32,7,25,凱基-敦北,2024-04-26,9237
2615,萬海,23,3,20,凱基-敦北,2024-04-26,9237
1616,億泰,20,0,20,凱基-敦北,2024-04-26,9237
2002,中鋼,20,0,20,凱基-敦北,2024-04-26,9237
3483,力致,21,1,20,凱基-敦北,2024-04-26,9237
6282,康舒,20,0,20,凱基-敦北,2024-04-26,9237
3059,華晶科,20,1,19,凱基-敦北,2024-04-26,9237
2409,友達,20,3,17,凱基-敦北,2024-04-26,9237
1909,榮成,16,0,16,凱基-敦北,2024-04-26,9237
2349,錸德,16,0,16,凱基-敦北,2024-04-26,9237
3312,弘憶股,17,1,16,凱基-敦北,2024-04-26,9237
00857B,永豐20年美公債,15,0,15,凱基-敦北,2024-04-26,9237
6584,南俊國際,15,0,15,凱基-敦北,2024-04-26,9237
2371,大同,16,1,15,凱基-敦北,2024-04-26,9237
00751B,元大AAA至A公司債,14,0,14,凱基-敦北,2024-04-26,9237
2537,聯上發,12,1,11,凱基-敦北,2024-04-26,9237
2903,遠百,11,0,11,凱基-敦北,2024-04-26,9237
00931B,統一美債20年,10,0,10,凱基-敦北,2024-04-26,9237
1326,台化,10,0,10,凱基-敦北,2024-04-26,9237
2014,中鴻,11,1,10,凱基-敦北,2024-04-26,9237
2892,第一金,10,0,10,凱基-敦北,2024-04-26,9237
8070,長華*,16,6,10,凱基-敦北,2024-04-26,9237
3376,新日興,11,2,9,凱基-敦北,2024-04-26,9237
2354,鴻準,10,1,9,凱基-敦北,2024-04-26,9237
00720B,元大投資級公司債,10,2,8,凱基-敦北,2024-04-26,9237
2408,南亞科,8,0,8,凱基-敦北,2024-04-26,9237
1584,精剛,9,1,8,凱基-敦北,2024-04-26,9237
2505,國揚,8,0,8,凱基-敦北,2024-04-26,9237
3036,文曄,7,1,6,凱基-敦北,2024-04-26,9237
00939,統一台灣高息動能,6,0,6,凱基-敦北,2024-04-26,9237
1457,宜進,7,1,6,凱基-敦北,2024-04-26,9237
2332,友訊,6,0,6,凱基-敦北,2024-04-26,9237
4915,致伸,6,0,6,凱基-敦北,2024-04-26,9237
5324,士開,6,0,6,凱基-敦北,2024-04-26,9237
00687B,國泰20年美債,5,0,5,凱基-敦北,2024-04-26,9237
1218,泰山,5,0,5,凱基-敦北,2024-04-26,9237
2423,固緯,5,0,5,凱基-敦北,2024-04-26,9237
2610,華航,34,29,5,凱基-敦北,2024-04-26,9237
2611,志信,5,0,5,凱基-敦北,2024-04-26,9237
2633,台灣高鐵,5,0,5,凱基-敦北,2024-04-26,9237
2883,凱基金,10,5,5,凱基-敦北,2024-04-26,9237
6188,廣明,6,1,5,凱基-敦北,2024-04-26,9237
2880,華南金,150,0,150,凱基-敦北,2024-04-29,9237
1809,中釉,140,35,105,凱基-敦北,2024-04-29,9237
00919,群益台灣精選高息,111,10,101,凱基-敦北,2024-04-29,9237
2887,台新金,100,2,98,凱基-敦北,2024-04-29,9237
2881,富邦金,71,5,66,凱基-敦北,2024-04-29,9237
00650L,復華香港正2,57,0,57,凱基-敦北,2024-04-29,9237
4909,新復興,33,1,32,凱基-敦北,2024-04-29,9237
2323,中環,62,34,28,凱基-敦北,2024-04-29,9237
2834,臺企銀,24,1,23,凱基-敦北,2024-04-29,9237
2515,中工,124,102,22,凱基-敦北,2024-04-29,9237
2882,國泰金,52,31,21,凱基-敦北,2024-04-29,9237
8040,九暘,21,0,21,凱基-敦北,2024-04-29,9237
6005,群益證,86,67,19,凱基-敦北,2024-04-29,9237
1532,勤美,18,4,14,凱基-敦北,2024-04-29,9237
3264,欣銓,14,0,14,凱基-敦北,2024-04-29,9237
2423,固緯,13,0,13,凱基-敦北,2024-04-29,9237
2704,國賓,13,0,13,凱基-敦北,2024-04-29,9237
00937B,群益ESG投等債20,12,0,12,凱基-敦北,2024-04-29,9237
5230,雷笛克光學,17,5,12,凱基-敦北,2024-04-29,9237
2303,聯電,12,1,11,凱基-敦北,2024-04-29,9237
2739,寒舍,10,0,10,凱基-敦北,2024-04-29,9237
00641R,富邦日本反1,10,0,10,凱基-敦北,2024-04-29,9237
1529,樂事綠能,10,0,10,凱基-敦北,2024-04-29,9237
2607,榮運,10,0,10,凱基-敦北,2024-04-29,9237
3576,聯合再生,10,0,10,凱基-敦北,2024-04-29,9237
2449,京元電子,18,9,9,凱基-敦北,2024-04-29,9237
3234,光環,11,3,8,凱基-敦北,2024-04-29,9237
6207,雷科,10,3,7,凱基-敦北,2024-04-29,9237
2363,矽統,11,4,7,凱基-敦北,2024-04-29,9237
2359,所羅門,8,2,6,凱基-敦北,2024-04-29,9237
3703,欣陸,6,0,6,凱基-敦北,2024-04-29,9237
3017,奇鋐,11,6,5,凱基-敦北,2024-04-29,9237
00679B,元大美債20年,5,0,5,凱基-敦北,2024-04-29,9237
00751B,元大AAA至A公司債,5,0,5,凱基-敦北,2024-04-29,9237
00891,中信關鍵半導體,5,0,5,凱基-敦北,2024-04-29,9237
1301,台塑,5,0,5,凱基-敦北,2024-04-29,9237
1760,寶齡富錦,5,0,5,凱基-敦北,2024-04-29,9237
2316,楠梓電,7,2,5,凱基-敦北,2024-04-29,9237
2505,國揚,5,0,5,凱基-敦北,2024-04-29,9237
3323,加百裕,5,0,5,凱基-敦北,2024-04-29,9237
3430,奇鈦科,5,0,5,凱基-敦北,2024-04-29,9237
4306,炎洲,5,0,5,凱基-敦北,2024-04-29,9237
4912,聯德控股-KY,5,0,5,凱基-敦北,2024-04-29,9237
5493,三聯,5,0,5,凱基-敦北,2024-04-29,9237
6125,廣運,28,23,5,凱基-敦北,2024-04-29,9237
6130,上亞科技,5,0,5,凱基-敦北,2024-04-29,9237
8033,雷虎,5,0,5,凱基-敦北,2024-04-29,9237
2101,南港,8,4,4,凱基-敦北,2024-04-29,9237
2465,麗臺,4,0,4,凱基-敦北,2024-04-29,9237
6278,台表科,5,1,4,凱基-敦北,2024-04-29,9237
1809,中釉,135,0,135,凱基-敦北,2024-04-30,9237
2882,國泰金,101,28,73,凱基-敦北,2024-04-30,9237
3013,晟銘電,59,4,55,凱基-敦北,2024-04-30,9237
2009,第一銅,50,0,50,凱基-敦北,2024-04-30,9237
1805,寶徠,48,0,48,凱基-敦北,2024-04-30,9237
2618,長榮航,59,22,37,凱基-敦北,2024-04-30,9237
00919,群益台灣精選高息,36,0,36,凱基-敦北,2024-04-30,9237
2913,農林,33,0,33,凱基-敦北,2024-04-30,9237
00933B,國泰10Y+金融債,33,2,31,凱基-敦北,2024-04-30,9237
00720B,元大投資級公司債,30,0,30,凱基-敦北,2024-04-30,9237
6235,華孚,102,74,28,凱基-敦北,2024-04-30,9237
2609,陽明,29,2,27,凱基-敦北,2024-04-30,9237
6830,汎銓,26,0,26,凱基-敦北,2024-04-30,9237
4967,十銓,21,0,21,凱基-敦北,2024-04-30,9237
1513,中興電,22,2,20,凱基-敦北,2024-04-30,9237
00679B,元大美債20年,20,0,20,凱基-敦北,2024-04-30,9237
2537,聯上發,20,0,20,凱基-敦北,2024-04-30,9237
8070,長華*,20,1,19,凱基-敦北,2024-04-30,9237
3164,景岳,18,0,18,凱基-敦北,2024-04-30,9237
2408,南亞科,15,0,15,凱基-敦北,2024-04-30,9237
2382,廣達,17,3,14,凱基-敦北,2024-04-30,9237
2501,國建,16,4,12,凱基-敦北,2024-04-30,9237
00937B,群益ESG投等債20,12,0,12,凱基-敦北,2024-04-30,9237
1219,福壽,10,0,10,凱基-敦北,2024-04-30,9237
00632R,元大台灣50反1,10,0,10,凱基-敦北,2024-04-30,9237
2025,千興,10,0,10,凱基-敦北,2024-04-30,9237
2368,金像電,20,10,10,凱基-敦北,2024-04-30,9237
2812,台中銀,10,0,10,凱基-敦北,2024-04-30,9237
2903,遠百,12,2,10,凱基-敦北,2024-04-30,9237
6274,台燿,21,11,10,凱基-敦北,2024-04-30,9237
6451,訊芯-KY,11,1,10,凱基-敦北,2024-04-30,9237
1102,亞泥,10,1,9,凱基-敦北,2024-04-30,9237
5230,雷笛克光學,9,0,9,凱基-敦北,2024-04-30,9237
2606,裕民,8,0,8,凱基-敦北,2024-04-30,9237
8088,品安,8,0,8,凱基-敦北,2024-04-30,9237
00751B,元大AAA至A公司債,7,0,7,凱基-敦北,2024-04-30,9237
3338,泰碩,7,0,7,凱基-敦北,2024-04-30,9237
2603,長榮,14,8,6,凱基-敦北,2024-04-30,9237
00665L,富邦�琤肭磪囓�2,6,0,6,凱基-敦北,2024-04-30,9237
3163,波若威,8,2,6,凱基-敦北,2024-04-30,9237
3234,光環,6,0,6,凱基-敦北,2024-04-30,9237
00929,復華台灣科技優息,16,10,6,凱基-敦北,2024-04-30,9237
1326,台化,5,0,5,凱基-敦北,2024-04-30,9237
1616,億泰,5,0,5,凱基-敦北,2024-04-30,9237
2303,聯電,11,6,5,凱基-敦北,2024-04-30,9237
2344,華邦電,6,1,5,凱基-敦北,2024-04-30,9237
2449,京元電子,5,0,5,凱基-敦北,2024-04-30,9237
2884,玉山金,5,0,5,凱基-敦北,2024-04-30,9237
4108,懷特,5,0,5,凱基-敦北,2024-04-30,9237
4168,醣聯,5,0,5,凱基-敦北,2024-04-30,9237
1809,中釉,250,0,250,凱基-敦北,2024-05-02,9237
2882,國泰金,93,7,86,凱基-敦北,2024-05-02,9237
00933B,國泰10Y+金融債,65,0,65,凱基-敦北,2024-05-02,9237
1905,華紙,50,0,50,凱基-敦北,2024-05-02,9237
4967,十銓,50,2,48,凱基-敦北,2024-05-02,9237
00637L,元大滬深300正2,45,0,45,凱基-敦北,2024-05-02,9237
4909,新復興,55,12,43,凱基-敦北,2024-05-02,9237
4961,天鈺,50,11,39,凱基-敦北,2024-05-02,9237
3163,波若威,30,1,29,凱基-敦北,2024-05-02,9237
00632R,元大台灣50反1,20,0,20,凱基-敦北,2024-05-02,9237
6112,邁達特,20,0,20,凱基-敦北,2024-05-02,9237
2352,佳世達,20,1,19,凱基-敦北,2024-05-02,9237
2365,昆盈,20,1,19,凱基-敦北,2024-05-02,9237
3481,群創,19,2,17,凱基-敦北,2024-05-02,9237
2704,國賓,17,0,17,凱基-敦北,2024-05-02,9237
2409,友達,16,0,16,凱基-敦北,2024-05-02,9237
1616,億泰,15,0,15,凱基-敦北,2024-05-02,9237
3010,華立,15,0,15,凱基-敦北,2024-05-02,9237
9945,潤泰新,38,24,14,凱基-敦北,2024-05-02,9237
00929,復華台灣科技優息,18,5,13,凱基-敦北,2024-05-02,9237
2421,建準,19,6,13,凱基-敦北,2024-05-02,9237
2363,矽統,15,3,12,凱基-敦北,2024-05-02,9237
2337,旺宏,12,0,12,凱基-敦北,2024-05-02,9237
1560,中砂,10,0,10,凱基-敦北,2024-05-02,9237
1612,宏泰,10,0,10,凱基-敦北,2024-05-02,9237
2436,偉詮電,10,0,10,凱基-敦北,2024-05-02,9237
2528,皇普,10,0,10,凱基-敦北,2024-05-02,9237
2809,京城銀,60,50,10,凱基-敦北,2024-05-02,9237
2603,長榮,14,5,9,凱基-敦北,2024-05-02,9237
2014,中鴻,21,12,9,凱基-敦北,2024-05-02,9237
2323,中環,10,1,9,凱基-敦北,2024-05-02,9237
2374,佳能,10,1,9,凱基-敦北,2024-05-02,9237
2883,凱基金,10,1,9,凱基-敦北,2024-05-02,9237
3306,鼎天,9,0,9,凱基-敦北,2024-05-02,9237
2206,三陽工業,33,24,9,凱基-敦北,2024-05-02,9237
00751B,元大AAA至A公司債,8,0,8,凱基-敦北,2024-05-02,9237
1582,信錦,9,1,8,凱基-敦北,2024-05-02,9237
1608,華榮,8,0,8,凱基-敦北,2024-05-02,9237
2834,臺企銀,13,5,8,凱基-敦北,2024-05-02,9237
00878,國泰永續高股息,7,0,7,凱基-敦北,2024-05-02,9237
1805,寶徠,40,33,7,凱基-敦北,2024-05-02,9237
2527,宏璟,7,0,7,凱基-敦北,2024-05-02,9237
2401,凌陽,5,0,5,凱基-敦北,2024-05-02,9237
2308,台達電,20,15,5,凱基-敦北,2024-05-02,9237
2606,裕民,5,0,5,凱基-敦北,2024-05-02,9237
2915,潤泰全,11,6,5,凱基-敦北,2024-05-02,9237
3430,奇鈦科,5,0,5,凱基-敦北,2024-05-02,9237
4123,晟德,5,0,5,凱基-敦北,2024-05-02,9237
2615,萬海,8,4,4,凱基-敦北,2024-05-02,9237
00679B,元大美債20年,9,5,4,凱基-敦北,2024-05-02,9237
3481,群創,200,0,200,凱基-敦北,2024-05-03,9237
2603,長榮,152,4,148,凱基-敦北,2024-05-03,9237
00929,復華台灣科技優息,96,3,93,凱基-敦北,2024-05-03,9237
00940,元大台灣價值高息,66,13,53,凱基-敦北,2024-05-03,9237
00937B,群益ESG投等債20,66,20,46,凱基-敦北,2024-05-03,9237
2903,遠百,40,0,40,凱基-敦北,2024-05-03,9237
1809,中釉,30,0,30,凱基-敦北,2024-05-03,9237
00706L,期元大S＆P日圓正2,27,0,27,凱基-敦北,2024-05-03,9237
1616,億泰,25,0,25,凱基-敦北,2024-05-03,9237
3715,定穎投控,24,0,24,凱基-敦北,2024-05-03,9237
2002,中鋼,31,8,23,凱基-敦北,2024-05-03,9237
6235,華孚,61,40,21,凱基-敦北,2024-05-03,9237
8112,至上,44,23,21,凱基-敦北,2024-05-03,9237
2382,廣達,21,1,20,凱基-敦北,2024-05-03,9237
00942B,台新美A公司債20+,20,0,20,凱基-敦北,2024-05-03,9237
6129,普誠,20,0,20,凱基-敦北,2024-05-03,9237
1457,宜進,20,1,19,凱基-敦北,2024-05-03,9237
2303,聯電,22,4,18,凱基-敦北,2024-05-03,9237
1102,亞泥,20,2,18,凱基-敦北,2024-05-03,9237
9945,潤泰新,40,23,17,凱基-敦北,2024-05-03,9237
2884,玉山金,20,3,17,凱基-敦北,2024-05-03,9237
3013,晟銘電,18,1,17,凱基-敦北,2024-05-03,9237
4915,致伸,20,3,17,凱基-敦北,2024-05-03,9237
8996,高力,33,18,15,凱基-敦北,2024-05-03,9237
2885,元大金,13,0,13,凱基-敦北,2024-05-03,9237
00687B,國泰20年美債,12,0,12,凱基-敦北,2024-05-03,9237
3231,緯創,15,3,12,凱基-敦北,2024-05-03,9237
4513,福裕,12,0,12,凱基-敦北,2024-05-03,9237
6125,廣運,18,6,12,凱基-敦北,2024-05-03,9237
00679B,元大美債20年,11,0,11,凱基-敦北,2024-05-03,9237
00919,群益台灣精選高息,11,0,11,凱基-敦北,2024-05-03,9237
2368,金像電,30,19,11,凱基-敦北,2024-05-03,9237
2611,志信,11,0,11,凱基-敦北,2024-05-03,9237
8028,昇陽半導體,11,0,11,凱基-敦北,2024-05-03,9237
3576,聯合再生,10,0,10,凱基-敦北,2024-05-03,9237
00933B,國泰10Y+金融債,10,0,10,凱基-敦北,2024-05-03,9237
2323,中環,10,0,10,凱基-敦北,2024-05-03,9237
3163,波若威,11,1,10,凱基-敦北,2024-05-03,9237
6230,尼得科超眾,10,0,10,凱基-敦北,2024-05-03,9237
2383,台光電,10,1,9,凱基-敦北,2024-05-03,9237
2371,大同,11,3,8,凱基-敦北,2024-05-03,9237
2634,漢翔,12,4,8,凱基-敦北,2024-05-03,9237
1339,昭輝,8,0,8,凱基-敦北,2024-05-03,9237
3036,文曄,17,9,8,凱基-敦北,2024-05-03,9237
2606,裕民,7,0,7,凱基-敦北,2024-05-03,9237
2881,富邦金,7,0,7,凱基-敦北,2024-05-03,9237
6215,和椿,11,4,7,凱基-敦北,2024-05-03,9237
1219,福壽,6,0,6,凱基-敦北,2024-05-03,9237
00941,中信上游半導體,6,0,6,凱基-敦北,2024-05-03,9237
3042,晶技,67,61,6,凱基-敦北,2024-05-03,9237
00937B,群益ESG投等債20,105,0,105,凱基-敦北,2024-05-06,9237
3481,群創,73,0,73,凱基-敦北,2024-05-06,9237
6274,台燿,80,8,72,凱基-敦北,2024-05-06,9237
1524,耿鼎,41,1,40,凱基-敦北,2024-05-06,9237
00929,復華台灣科技優息,53,14,39,凱基-敦北,2024-05-06,9237
00680L,元大美債20正2,61,23,38,凱基-敦北,2024-05-06,9237
3037,欣興,41,5,36,凱基-敦北,2024-05-06,9237
2611,志信,22,0,22,凱基-敦北,2024-05-06,9237
3013,晟銘電,32,11,21,凱基-敦北,2024-05-06,9237
1905,華紙,20,0,20,凱基-敦北,2024-05-06,9237
2368,金像電,60,40,20,凱基-敦北,2024-05-06,9237
00679B,元大美債20年,20,3,17,凱基-敦北,2024-05-06,9237
2618,長榮航,24,8,16,凱基-敦北,2024-05-06,9237
2323,中環,15,0,15,凱基-敦北,2024-05-06,9237
4915,致伸,15,0,15,凱基-敦北,2024-05-06,9237
6214,精誠,15,0,15,凱基-敦北,2024-05-06,9237
9945,潤泰新,32,18,14,凱基-敦北,2024-05-06,9237
1616,億泰,15,1,14,凱基-敦北,2024-05-06,9237
2486,一詮,54,40,14,凱基-敦北,2024-05-06,9237
2363,矽統,24,11,13,凱基-敦北,2024-05-06,9237
3321,同泰,13,0,13,凱基-敦北,2024-05-06,9237
00940,元大台灣價值高息,11,0,11,凱基-敦北,2024-05-06,9237
2211,長榮鋼,11,0,11,凱基-敦北,2024-05-06,9237
2610,華航,12,1,11,凱基-敦北,2024-05-06,9237
2449,京元電子,14,4,10,凱基-敦北,2024-05-06,9237
3017,奇鋐,21,11,10,凱基-敦北,2024-05-06,9237
1432,大魯閣,10,0,10,凱基-敦北,2024-05-06,9237
1806,冠軍,10,0,10,凱基-敦北,2024-05-06,9237
2354,鴻準,10,0,10,凱基-敦北,2024-05-06,9237
2367,燿華,21,11,10,凱基-敦北,2024-05-06,9237
2597,潤弘,10,0,10,凱基-敦北,2024-05-06,9237
2704,國賓,10,0,10,凱基-敦北,2024-05-06,9237
4912,聯德控股-KY,10,0,10,凱基-敦北,2024-05-06,9237
8028,昇陽半導體,10,0,10,凱基-敦北,2024-05-06,9237
2409,友達,10,1,9,凱基-敦北,2024-05-06,9237
00720B,元大投資級公司債,7,0,7,凱基-敦北,2024-05-06,9237
2701,萬企,7,0,7,凱基-敦北,2024-05-06,9237
2883,凱基金,8,1,7,凱基-敦北,2024-05-06,9237
6830,汎銓,9,2,7,凱基-敦北,2024-05-06,9237
9933,中鼎,7,1,6,凱基-敦北,2024-05-06,9237
00933B,國泰10Y+金融債,11,5,6,凱基-敦北,2024-05-06,9237
00891,中信關鍵半導體,9,3,6,凱基-敦北,2024-05-06,9237
3041,揚智,6,0,6,凱基-敦北,2024-05-06,9237
3056,富華新,6,0,6,凱基-敦北,2024-05-06,9237
4533,協易機,6,0,6,凱基-敦北,2024-05-06,9237
2543,皇昌,6,1,5,凱基-敦北,2024-05-06,9237
2308,台達電,6,1,5,凱基-敦北,2024-05-06,9237
4714,永捷,6,1,5,凱基-敦北,2024-05-06,9237
00942B,台新美A公司債20+,5,0,5,凱基-敦北,2024-05-06,9237
2637,慧洋-KY,5,0,5,凱基-敦北,2024-05-06,9237
00937B,群益ESG投等債20,80,5,75,凱基-敦北,2024-05-07,9237
1524,耿鼎,92,40,52,凱基-敦北,2024-05-07,9237
1314,中石化,46,0,46,凱基-敦北,2024-05-07,9237
3481,群創,45,0,45,凱基-敦北,2024-05-07,9237
6282,康舒,42,0,42,凱基-敦北,2024-05-07,9237
2597,潤弘,40,0,40,凱基-敦北,2024-05-07,9237
2516,新建,40,0,40,凱基-敦北,2024-05-07,9237
00929,復華台灣科技優息,62,27,35,凱基-敦北,2024-05-07,9237
00878,國泰永續高股息,46,16,30,凱基-敦北,2024-05-07,9237
6016,康和證,28,0,28,凱基-敦北,2024-05-07,9237
6125,廣運,35,11,24,凱基-敦北,2024-05-07,9237
6274,台燿,73,49,24,凱基-敦北,2024-05-07,9237
2548,華固,22,0,22,凱基-敦北,2024-05-07,9237
00687B,國泰20年美債,23,2,21,凱基-敦北,2024-05-07,9237
00632R,元大台灣50反1,20,0,20,凱基-敦北,2024-05-07,9237
1432,大魯閣,20,0,20,凱基-敦北,2024-05-07,9237
2002,中鋼,20,0,20,凱基-敦北,2024-05-07,9237
6830,汎銓,20,0,20,凱基-敦北,2024-05-07,9237
4543,萬在,30,11,19,凱基-敦北,2024-05-07,9237
1722,台肥,17,0,17,凱基-敦北,2024-05-07,9237
6188,廣明,17,3,14,凱基-敦北,2024-05-07,9237
2641,正德,15,1,14,凱基-敦北,2024-05-07,9237
1587,吉茂,40,28,12,凱基-敦北,2024-05-07,9237
2354,鴻準,13,1,12,凱基-敦北,2024-05-07,9237
2618,長榮航,16,6,10,凱基-敦北,2024-05-07,9237
1316,上曜,10,0,10,凱基-敦北,2024-05-07,9237
1612,宏泰,12,2,10,凱基-敦北,2024-05-07,9237
1806,冠軍,10,0,10,凱基-敦北,2024-05-07,9237
2515,中工,15,5,10,凱基-敦北,2024-05-07,9237
3708,上緯投控,11,1,10,凱基-敦北,2024-05-07,9237
5011,久陽,10,0,10,凱基-敦北,2024-05-07,9237
5014,建錩,10,0,10,凱基-敦北,2024-05-07,9237
8110,華東,10,0,10,凱基-敦北,2024-05-07,9237
8403,盛弘,10,0,10,凱基-敦北,2024-05-07,9237
6139,亞翔,27,18,9,凱基-敦北,2024-05-07,9237
5864,致和證,9,0,9,凱基-敦北,2024-05-07,9237
8096,擎亞,21,12,9,凱基-敦北,2024-05-07,9237
6233,旺玖,8,0,8,凱基-敦北,2024-05-07,9237
4306,炎洲,7,0,7,凱基-敦北,2024-05-07,9237
2603,長榮,7,0,7,凱基-敦北,2024-05-07,9237
2303,聯電,7,0,7,凱基-敦北,2024-05-07,9237
00891,中信關鍵半導體,7,0,7,凱基-敦北,2024-05-07,9237
3006,晶豪科,9,2,7,凱基-敦北,2024-05-07,9237
3036,文曄,10,3,7,凱基-敦北,2024-05-07,9237
2317,鴻海,43,36,7,凱基-敦北,2024-05-07,9237
3512,皇龍,9,3,6,凱基-敦北,2024-05-07,9237
2501,國建,7,1,6,凱基-敦北,2024-05-07,9237
1503,士電,6,0,6,凱基-敦北,2024-05-07,9237
1101,台泥,6,0,6,凱基-敦北,2024-05-07,9237
2241,艾姆勒,6,0,6,凱基-敦北,2024-05-07,9237
1524,耿鼎,265,53,212,凱基-敦北,2024-05-08,9237
00720B,元大投資級公司債,97,0,97,凱基-敦北,2024-05-08,9237
00937B,群益ESG投等債20,71,0,71,凱基-敦北,2024-05-08,9237
2504,國產,61,0,61,凱基-敦北,2024-05-08,9237
2610,華航,72,14,58,凱基-敦北,2024-05-08,9237
2637,慧洋-KY,40,2,38,凱基-敦北,2024-05-08,9237
9934,成霖,37,0,37,凱基-敦北,2024-05-08,9237
2603,長榮,38,3,35,凱基-敦北,2024-05-08,9237
2002,中鋼,25,0,25,凱基-敦北,2024-05-08,9237
2609,陽明,30,5,25,凱基-敦北,2024-05-08,9237
2029,盛餘,20,0,20,凱基-敦北,2024-05-08,9237
3306,鼎天,22,2,20,凱基-敦北,2024-05-08,9237
2892,第一金,20,1,19,凱基-敦北,2024-05-08,9237
4533,協易機,31,12,19,凱基-敦北,2024-05-08,9237
2618,長榮航,121,102,19,凱基-敦北,2024-05-08,9237
3036,文曄,19,0,19,凱基-敦北,2024-05-08,9237
00882,中信中國高股息,32,14,18,凱基-敦北,2024-05-08,9237
00637L,元大滬深300正2,18,0,18,凱基-敦北,2024-05-08,9237
5009,榮剛,34,21,13,凱基-敦北,2024-05-08,9237
5871,中租-KY,13,0,13,凱基-敦北,2024-05-08,9237
6163,華電網,12,0,12,凱基-敦北,2024-05-08,9237
00632R,元大台灣50反1,11,0,11,凱基-敦北,2024-05-08,9237
1307,三芳,11,0,11,凱基-敦北,2024-05-08,9237
00679B,元大美債20年,12,2,10,凱基-敦北,2024-05-08,9237
2323,中環,10,0,10,凱基-敦北,2024-05-08,9237
4108,懷特,10,0,10,凱基-敦北,2024-05-08,9237
5880,合庫金,10,0,10,凱基-敦北,2024-05-08,9237
8028,昇陽半導體,10,0,10,凱基-敦北,2024-05-08,9237
8112,至上,15,5,10,凱基-敦北,2024-05-08,9237
8930,青鋼,10,0,10,凱基-敦北,2024-05-08,9237
2884,玉山金,10,0,10,凱基-敦北,2024-05-08,9237
00919,群益台灣精選高息,18,9,9,凱基-敦北,2024-05-08,9237
9933,中鼎,8,0,8,凱基-敦北,2024-05-08,9237
1446,宏和,7,0,7,凱基-敦北,2024-05-08,9237
3450,聯鈞,7,0,7,凱基-敦北,2024-05-08,9237
3483,力致,7,0,7,凱基-敦北,2024-05-08,9237
5324,士開,7,0,7,凱基-敦北,2024-05-08,9237
2308,台達電,7,1,6,凱基-敦北,2024-05-08,9237
00932,兆豐永續高息等權,6,0,6,凱基-敦北,2024-05-08,9237
1514,亞力,10,4,6,凱基-敦北,2024-05-08,9237
2066,世德,6,0,6,凱基-敦北,2024-05-08,9237
2606,裕民,6,0,6,凱基-敦北,2024-05-08,9237
3321,同泰,6,0,6,凱基-敦北,2024-05-08,9237
3430,奇鈦科,6,0,6,凱基-敦北,2024-05-08,9237
5225,東科-KY,9,3,6,凱基-敦北,2024-05-08,9237
3163,波若威,5,0,5,凱基-敦北,2024-05-08,9237
3363,上詮,8,3,5,凱基-敦北,2024-05-08,9237
1532,勤美,5,0,5,凱基-敦北,2024-05-08,9237
2888,新光金,5,0,5,凱基-敦北,2024-05-08,9237
3033,威健,15,10,5,凱基-敦北,2024-05-08,9237
2889,國票金,174,0,174,凱基-敦北,2024-05-09,9237
2618,長榮航,144,15,129,凱基-敦北,2024-05-09,9237
00945B,凱基美國非投等債,100,0,100,凱基-敦北,2024-05-09,9237
2892,第一金,87,0,87,凱基-敦北,2024-05-09,9237
00937B,群益ESG投等債20,83,5,78,凱基-敦北,2024-05-09,9237
4909,新復興,82,5,77,凱基-敦北,2024-05-09,9237
2337,旺宏,53,0,53,凱基-敦北,2024-05-09,9237
2610,華航,48,0,48,凱基-敦北,2024-05-09,9237
2524,京城,45,0,45,凱基-敦北,2024-05-09,9237
9945,潤泰新,58,15,43,凱基-敦北,2024-05-09,9237
9934,成霖,37,0,37,凱基-敦北,2024-05-09,9237
3231,緯創,42,9,33,凱基-敦北,2024-05-09,9237
3058,立德,30,0,30,凱基-敦北,2024-05-09,9237
1321,大洋,20,0,20,凱基-敦北,2024-05-09,9237
3047,訊舟,20,0,20,凱基-敦北,2024-05-09,9237
6712,長聖,20,0,20,凱基-敦北,2024-05-09,9237
2352,佳世達,20,1,19,凱基-敦北,2024-05-09,9237
2331,精英,20,1,19,凱基-敦北,2024-05-09,9237
6640,均華,19,0,19,凱基-敦北,2024-05-09,9237
3073,天方能源,17,0,17,凱基-敦北,2024-05-09,9237
1721,三晃,15,0,15,凱基-敦北,2024-05-09,9237
2409,友達,15,0,15,凱基-敦北,2024-05-09,9237
2834,臺企銀,14,0,14,凱基-敦北,2024-05-09,9237
2062,橋椿,13,0,13,凱基-敦北,2024-05-09,9237
8112,至上,25,12,13,凱基-敦北,2024-05-09,9237
00650L,復華香港正2,15,3,12,凱基-敦北,2024-05-09,9237
2368,金像電,50,38,12,凱基-敦北,2024-05-09,9237
6207,雷科,12,0,12,凱基-敦北,2024-05-09,9237
6125,廣運,37,26,11,凱基-敦北,2024-05-09,9237
2382,廣達,16,6,10,凱基-敦北,2024-05-09,9237
1560,中砂,10,0,10,凱基-敦北,2024-05-09,9237
2029,盛餘,10,0,10,凱基-敦北,2024-05-09,9237
2323,中環,10,0,10,凱基-敦北,2024-05-09,9237
3163,波若威,10,0,10,凱基-敦北,2024-05-09,9237
3483,力致,10,0,10,凱基-敦北,2024-05-09,9237
5529,鉅陞,10,0,10,凱基-敦北,2024-05-09,9237
00679B,元大美債20年,9,0,9,凱基-敦北,2024-05-09,9237
4967,十銓,10,1,9,凱基-敦北,2024-05-09,9237
00878,國泰永續高股息,18,10,8,凱基-敦北,2024-05-09,9237
2344,華邦電,8,0,8,凱基-敦北,2024-05-09,9237
3260,威剛,10,2,8,凱基-敦北,2024-05-09,9237
00687B,國泰20年美債,17,9,8,凱基-敦北,2024-05-09,9237
2228,劍麟,8,0,8,凱基-敦北,2024-05-09,9237
2501,國建,8,0,8,凱基-敦北,2024-05-09,9237
2515,中工,16,8,8,凱基-敦北,2024-05-09,9237
3321,同泰,8,0,8,凱基-敦北,2024-05-09,9237
6683,雍智科技,8,0,8,凱基-敦北,2024-05-09,9237
3006,晶豪科,7,1,6,凱基-敦北,2024-05-09,9237
3481,群創,8,2,6,凱基-敦北,2024-05-09,9237
5871,中租-KY,7,1,6,凱基-敦北,2024-05-09,9237
2367,燿華,657,268,389,凱基-敦北,2024-05-10,9237
00929,復華台灣科技優息,276,26,250,凱基-敦北,2024-05-10,9237
1718,中纖,100,0,100,凱基-敦北,2024-05-10,9237
2208,台船,100,0,100,凱基-敦北,2024-05-10,9237
2511,太子,100,15,85,凱基-敦北,2024-05-10,9237
00665L,富邦�琤肭磪囓�2,50,8,42,凱基-敦北,2024-05-10,9237
00946,群益科技高息成長,35,0,35,凱基-敦北,2024-05-10,9237
00940,元大台灣價值高息,36,2,34,凱基-敦北,2024-05-10,9237
6538,倉和,33,0,33,凱基-敦北,2024-05-10,9237
2317,鴻海,49,17,32,凱基-敦北,2024-05-10,9237
2313,華通,32,0,32,凱基-敦北,2024-05-10,9237
8112,至上,73,41,32,凱基-敦北,2024-05-10,9237
00650L,復華香港正2,38,11,27,凱基-敦北,2024-05-10,9237
3032,偉訓,26,0,26,凱基-敦北,2024-05-10,9237
00937B,群益ESG投等債20,25,0,25,凱基-敦北,2024-05-10,9237
6274,台燿,90,65,25,凱基-敦北,2024-05-10,9237
2371,大同,35,11,24,凱基-敦北,2024-05-10,9237
3042,晶技,30,6,24,凱基-敦北,2024-05-10,9237
2303,聯電,27,5,22,凱基-敦北,2024-05-10,9237
2331,精英,20,0,20,凱基-敦北,2024-05-10,9237
00637L,元大滬深300正2,20,1,19,凱基-敦北,2024-05-10,9237
00679B,元大美債20年,19,0,19,凱基-敦北,2024-05-10,9237
00687B,國泰20年美債,23,7,16,凱基-敦北,2024-05-10,9237
1321,大洋,16,0,16,凱基-敦北,2024-05-10,9237
2062,橋椿,15,0,15,凱基-敦北,2024-05-10,9237
2409,友達,15,0,15,凱基-敦北,2024-05-10,9237
3013,晟銘電,45,30,15,凱基-敦北,2024-05-10,9237
9934,成霖,15,0,15,凱基-敦北,2024-05-10,9237
3481,群創,14,1,13,凱基-敦北,2024-05-10,9237
2388,威盛,15,2,13,凱基-敦北,2024-05-10,9237
6104,創惟,12,0,12,凱基-敦北,2024-05-10,9237
2887,台新金,11,0,11,凱基-敦北,2024-05-10,9237
00944,野村趨勢動能高息,11,0,11,凱基-敦北,2024-05-10,9237
1529,樂事綠能,11,0,11,凱基-敦北,2024-05-10,9237
6442,光聖,12,1,11,凱基-敦北,2024-05-10,9237
9946,三發地產,11,0,11,凱基-敦北,2024-05-10,9237
00641R,富邦日本反1,10,0,10,凱基-敦北,2024-05-10,9237
1314,中石化,10,0,10,凱基-敦北,2024-05-10,9237
1560,中砂,11,1,10,凱基-敦北,2024-05-10,9237
2883B,凱基金乙特,10,0,10,凱基-敦北,2024-05-10,9237
3455,由田,10,0,10,凱基-敦北,2024-05-10,9237
6215,和椿,10,0,10,凱基-敦北,2024-05-10,9237
2597,潤弘,10,0,10,凱基-敦北,2024-05-10,9237
00712,復華富時不動產,9,0,9,凱基-敦北,2024-05-10,9237
5324,士開,9,0,9,凱基-敦北,2024-05-10,9237
2743,山富,8,0,8,凱基-敦北,2024-05-10,9237
4961,天鈺,8,0,8,凱基-敦北,2024-05-10,9237
00891,中信關鍵半導體,8,1,7,凱基-敦北,2024-05-10,9237
2524,京城,7,0,7,凱基-敦北,2024-05-10,9237
3010,華立,8,1,7,凱基-敦北,2024-05-10,9237
00929,復華台灣科技優息,108,0,108,凱基-敦北,2024-05-13,9237
00878,國泰永續高股息,108,1,107,凱基-敦北,2024-05-13,9237
2634,漢翔,83,0,83,凱基-敦北,2024-05-13,9237
2618,長榮航,80,4,76,凱基-敦北,2024-05-13,9237
2609,陽明,178,107,71,凱基-敦北,2024-05-13,9237
2881,富邦金,52,3,49,凱基-敦北,2024-05-13,9237
00946,群益科技高息成長,55,10,45,凱基-敦北,2024-05-13,9237
6005,群益證,43,0,43,凱基-敦北,2024-05-13,9237
2603,長榮,199,162,37,凱基-敦北,2024-05-13,9237
00882,中信中國高股息,42,7,35,凱基-敦北,2024-05-13,9237
2607,榮運,38,3,35,凱基-敦北,2024-05-13,9237
2368,金像電,67,34,33,凱基-敦北,2024-05-13,9237
00665L,富邦�琤肭磪囓�2,27,0,27,凱基-敦北,2024-05-13,9237
2891,中信金,25,2,23,凱基-敦北,2024-05-13,9237
00687B,國泰20年美債,21,0,21,凱基-敦北,2024-05-13,9237
6712,長聖,21,0,21,凱基-敦北,2024-05-13,9237
1809,中釉,20,0,20,凱基-敦北,2024-05-13,9237
2903,遠百,30,10,20,凱基-敦北,2024-05-13,9237
6863,永道-KY,20,1,19,凱基-敦北,2024-05-13,9237
2344,華邦電,20,2,18,凱基-敦北,2024-05-13,9237
00937B,群益ESG投等債20,66,50,16,凱基-敦北,2024-05-13,9237
2597,潤弘,15,0,15,凱基-敦北,2024-05-13,9237
2615,萬海,35,22,13,凱基-敦北,2024-05-13,9237
6269,台郡,12,0,12,凱基-敦北,2024-05-13,9237
2537,聯上發,11,0,11,凱基-敦北,2024-05-13,9237
00712,復華富時不動產,10,0,10,凱基-敦北,2024-05-13,9237
00719B,元大美債1-3,10,0,10,凱基-敦北,2024-05-13,9237
2613,中櫃,10,0,10,凱基-敦北,2024-05-13,9237
3032,偉訓,10,0,10,凱基-敦北,2024-05-13,9237
3390,旭軟,11,1,10,凱基-敦北,2024-05-13,9237
4108,懷特,10,0,10,凱基-敦北,2024-05-13,9237
4979,華星光,10,0,10,凱基-敦北,2024-05-13,9237
8028,昇陽半導體,10,0,10,凱基-敦北,2024-05-13,9237
8081,致新,10,0,10,凱基-敦北,2024-05-13,9237
00679B,元大美債20年,10,0,10,凱基-敦北,2024-05-13,9237
2354,鴻準,10,1,9,凱基-敦北,2024-05-13,9237
3231,緯創,18,10,8,凱基-敦北,2024-05-13,9237
00632R,元大台灣50反1,8,0,8,凱基-敦北,2024-05-13,9237
5871,中租-KY,8,1,7,凱基-敦北,2024-05-13,9237
8033,雷虎,7,0,7,凱基-敦北,2024-05-13,9237
2888,新光金,10,4,6,凱基-敦北,2024-05-13,9237
0055,元大MSCI金融,6,0,6,凱基-敦北,2024-05-13,9237
1316,上曜,8,2,6,凱基-敦北,2024-05-13,9237
1609,大亞,7,1,6,凱基-敦北,2024-05-13,9237
2324,仁寶,6,0,6,凱基-敦北,2024-05-13,9237
4306,炎洲,7,1,6,凱基-敦北,2024-05-13,9237
4533,協易機,7,1,6,凱基-敦北,2024-05-13,9237
8210,勤誠,14,8,6,凱基-敦北,2024-05-13,9237
2363,矽統,17,12,5,凱基-敦北,2024-05-13,9237
00942B,台新美A公司債20+,5,0,5,凱基-敦北,2024-05-13,9237
2891,中信金,153,0,153,凱基-敦北,2024-05-14,9237
1108,幸福,111,0,111,凱基-敦北,2024-05-14,9237
00753L,中信中國50正2,110,10,100,凱基-敦北,2024-05-14,9237
2609,陽明,310,220,90,凱基-敦北,2024-05-14,9237
9945,潤泰新,110,20,90,凱基-敦北,2024-05-14,9237
4716,大立,70,0,70,凱基-敦北,2024-05-14,9237
6005,群益證,67,0,67,凱基-敦北,2024-05-14,9237
00937B,群益ESG投等債20,68,2,66,凱基-敦北,2024-05-14,9237
00929,復華台灣科技優息,65,11,54,凱基-敦北,2024-05-14,9237
00687B,國泰20年美債,54,0,54,凱基-敦北,2024-05-14,9237
2323,中環,29,0,29,凱基-敦北,2024-05-14,9237
2331,精英,24,0,24,凱基-敦北,2024-05-14,9237
2611,志信,24,0,24,凱基-敦北,2024-05-14,9237
2371,大同,23,2,21,凱基-敦北,2024-05-14,9237
1809,中釉,20,0,20,凱基-敦北,2024-05-14,9237
2615,萬海,159,141,18,凱基-敦北,2024-05-14,9237
5347,世界,15,0,15,凱基-敦北,2024-05-14,9237
2324,仁寶,16,2,14,凱基-敦北,2024-05-14,9237
3390,旭軟,14,0,14,凱基-敦北,2024-05-14,9237
5443,均豪,12,0,12,凱基-敦北,2024-05-14,9237
00637L,元大滬深300正2,11,0,11,凱基-敦北,2024-05-14,9237
8112,至上,20,9,11,凱基-敦北,2024-05-14,9237
8299,群聯,15,5,10,凱基-敦北,2024-05-14,9237
2634,漢翔,20,10,10,凱基-敦北,2024-05-14,9237
00932,兆豐永續高息等權,10,0,10,凱基-敦北,2024-05-14,9237
00761B,國泰A級公司債,10,0,10,凱基-敦北,2024-05-14,9237
2368,金像電,52,42,10,凱基-敦北,2024-05-14,9237
6147,頎邦,10,0,10,凱基-敦北,2024-05-14,9237
2548,華固,10,0,10,凱基-敦北,2024-05-14,9237
2359,所羅門,11,2,9,凱基-敦北,2024-05-14,9237
2482,連宇,9,0,9,凱基-敦北,2024-05-14,9237
3047,訊舟,9,0,9,凱基-敦北,2024-05-14,9237
5371,中光電,11,2,9,凱基-敦北,2024-05-14,9237
1618,合機,11,3,8,凱基-敦北,2024-05-14,9237
2618,長榮航,95,88,7,凱基-敦北,2024-05-14,9237
2317,鴻海,32,26,6,凱基-敦北,2024-05-14,9237
00679B,元大美債20年,6,0,6,凱基-敦北,2024-05-14,9237
2363,矽統,32,26,6,凱基-敦北,2024-05-14,9237
2641,正德,7,1,6,凱基-敦北,2024-05-14,9237
9946,三發地產,6,0,6,凱基-敦北,2024-05-14,9237
00882,中信中國高股息,5,0,5,凱基-敦北,2024-05-14,9237
00945B,凱基美國非投等債,5,0,5,凱基-敦北,2024-05-14,9237
00933B,國泰10Y+金融債,5,0,5,凱基-敦北,2024-05-14,9237
2303,聯電,13,8,5,凱基-敦北,2024-05-14,9237
2406,國碩,5,0,5,凱基-敦北,2024-05-14,9237
2495,普安,5,0,5,凱基-敦北,2024-05-14,9237
2543,皇昌,5,0,5,凱基-敦北,2024-05-14,9237
4903,聯光通,5,0,5,凱基-敦北,2024-05-14,9237
5533,皇鼎,5,0,5,凱基-敦北,2024-05-14,9237
6163,華電網,5,0,5,凱基-敦北,2024-05-14,9237
00937B,群益ESG投等債20,134,3,131,凱基-敦北,2024-05-15,9237
4414,如興,106,0,106,凱基-敦北,2024-05-15,9237
9945,潤泰新,108,11,97,凱基-敦北,2024-05-15,9237
2618,長榮航,215,147,68,凱基-敦北,2024-05-15,9237
00929,復華台灣科技優息,83,27,56,凱基-敦北,2024-05-15,9237
2610,華航,54,0,54,凱基-敦北,2024-05-15,9237
6274,台燿,60,11,49,凱基-敦北,2024-05-15,9237
1809,中釉,35,0,35,凱基-敦北,2024-05-15,9237
3167,大量,33,0,33,凱基-敦北,2024-05-15,9237
00940,元大台灣價值高息,38,6,32,凱基-敦北,2024-05-15,9237
3047,訊舟,34,3,31,凱基-敦北,2024-05-15,9237
1102,亞泥,30,0,30,凱基-敦北,2024-05-15,9237
3033,威健,35,5,30,凱基-敦北,2024-05-15,9237
4716,大立,30,0,30,凱基-敦北,2024-05-15,9237
2809,京城銀,30,0,30,凱基-敦北,2024-05-15,9237
2615,萬海,65,36,29,凱基-敦北,2024-05-15,9237
2356,英業達,30,3,27,凱基-敦北,2024-05-15,9237
4533,協易機,34,7,27,凱基-敦北,2024-05-15,9237
8299,群聯,28,2,26,凱基-敦北,2024-05-15,9237
3376,新日興,27,2,25,凱基-敦北,2024-05-15,9237
2609,陽明,72,48,24,凱基-敦北,2024-05-15,9237
6257,矽格,22,0,22,凱基-敦北,2024-05-15,9237
1612,宏泰,20,0,20,凱基-敦北,2024-05-15,9237
2301,光寶科,23,4,19,凱基-敦北,2024-05-15,9237
3042,晶技,52,34,18,凱基-敦北,2024-05-15,9237
00919,群益台灣精選高息,17,1,16,凱基-敦北,2024-05-15,9237
00687B,國泰20年美債,16,0,16,凱基-敦北,2024-05-15,9237
3013,晟銘電,23,7,16,凱基-敦北,2024-05-15,9237
00679B,元大美債20年,15,0,15,凱基-敦北,2024-05-15,9237
2451,創見,15,0,15,凱基-敦北,2024-05-15,9237
2371,大同,14,0,14,凱基-敦北,2024-05-15,9237
8069,元太,25,11,14,凱基-敦北,2024-05-15,9237
2883,凱基金,24,10,14,凱基-敦北,2024-05-15,9237
1477,聚陽,13,0,13,凱基-敦北,2024-05-15,9237
6188,廣明,15,3,12,凱基-敦北,2024-05-15,9237
2888,新光金,12,1,11,凱基-敦北,2024-05-15,9237
2453,凌群,11,0,11,凱基-敦北,2024-05-15,9237
2880,華南金,11,0,11,凱基-敦北,2024-05-15,9237
00857B,永豐20年美公債,10,0,10,凱基-敦北,2024-05-15,9237
2597,潤弘,10,0,10,凱基-敦北,2024-05-15,9237
3037,欣興,11,1,10,凱基-敦北,2024-05-15,9237
4908,前鼎,10,0,10,凱基-敦北,2024-05-15,9237
2354,鴻準,10,1,9,凱基-敦北,2024-05-15,9237
2211,長榮鋼,10,1,9,凱基-敦北,2024-05-15,9237
8070,長華*,10,1,9,凱基-敦北,2024-05-15,9237
3073,天方能源,8,0,8,凱基-敦北,2024-05-15,9237
6605,帝寶,8,0,8,凱基-敦北,2024-05-15,9237
00720B,元大投資級公司債,7,0,7,凱基-敦北,2024-05-15,9237
6116,彩晶,15,8,7,凱基-敦北,2024-05-15,9237
8163,達方,7,0,7,凱基-敦北,2024-05-15,9237
6005,群益證,159,6,153,凱基-敦北,2024-05-16,9237
2903,遠百,80,0,80,凱基-敦北,2024-05-16,9237
00687B,國泰20年美債,75,3,72,凱基-敦北,2024-05-16,9237
1809,中釉,55,0,55,凱基-敦北,2024-05-16,9237
2891,中信金,53,3,50,凱基-敦北,2024-05-16,9237
2618,長榮航,125,76,49,凱基-敦北,2024-05-16,9237
3013,晟銘電,74,26,48,凱基-敦北,2024-05-16,9237
1101,台泥,41,6,35,凱基-敦北,2024-05-16,9237
00936,台新永續高息中小,30,0,30,凱基-敦北,2024-05-16,9237
00679B,元大美債20年,27,0,27,凱基-敦北,2024-05-16,9237
3231,緯創,29,6,23,凱基-敦北,2024-05-16,9237
3481,群創,32,10,22,凱基-敦北,2024-05-16,9237
00632R,元大台灣50反1,20,0,20,凱基-敦北,2024-05-16,9237
2444,兆勁,20,0,20,凱基-敦北,2024-05-16,9237
4533,協易機,25,5,20,凱基-敦北,2024-05-16,9237
4716,大立,20,0,20,凱基-敦北,2024-05-16,9237
2476,鉅祥,21,1,20,凱基-敦北,2024-05-16,9237
2368,金像電,32,13,19,凱基-敦北,2024-05-16,9237
1584,精剛,17,0,17,凱基-敦北,2024-05-16,9237
2303,聯電,20,3,17,凱基-敦北,2024-05-16,9237
00891,中信關鍵半導體,15,0,15,凱基-敦北,2024-05-16,9237
6257,矽格,57,44,13,凱基-敦北,2024-05-16,9237
3059,華晶科,20,10,10,凱基-敦北,2024-05-16,9237
3413,京鼎,10,0,10,凱基-敦北,2024-05-16,9237
5498,凱崴,10,0,10,凱基-敦北,2024-05-16,9237
6668,中揚光,10,0,10,凱基-敦北,2024-05-16,9237
9904,寶成,10,0,10,凱基-敦北,2024-05-16,9237
1314,中石化,10,1,9,凱基-敦北,2024-05-16,9237
2739,寒舍,11,2,9,凱基-敦北,2024-05-16,9237
00720B,元大投資級公司債,11,3,8,凱基-敦北,2024-05-16,9237
2356,英業達,25,17,8,凱基-敦北,2024-05-16,9237
2020,美亞,8,0,8,凱基-敦北,2024-05-16,9237
2453,凌群,14,6,8,凱基-敦北,2024-05-16,9237
5434,崇越,11,3,8,凱基-敦北,2024-05-16,9237
00650L,復華香港正2,7,0,7,凱基-敦北,2024-05-16,9237
00753L,中信中國50正2,7,0,7,凱基-敦北,2024-05-16,9237
2511,太子,7,0,7,凱基-敦北,2024-05-16,9237
1815,富喬,6,0,6,凱基-敦北,2024-05-16,9237
3376,新日興,6,0,6,凱基-敦北,2024-05-16,9237
4566,時碩工業,6,0,6,凱基-敦北,2024-05-16,9237
6104,創惟,9,3,6,凱基-敦北,2024-05-16,9237
6150,撼訊,6,0,6,凱基-敦北,2024-05-16,9237
00928,中信上櫃ESG30,5,0,5,凱基-敦北,2024-05-16,9237
00934,中信成長高股息,5,0,5,凱基-敦北,2024-05-16,9237
00864B,中信美國公債0-1,5,0,5,凱基-敦北,2024-05-16,9237
00937B,群益ESG投等債20,8,3,5,凱基-敦北,2024-05-16,9237
1316,上曜,9,4,5,凱基-敦北,2024-05-16,9237
1444,力麗,5,0,5,凱基-敦北,2024-05-16,9237
1608,華榮,6,1,5,凱基-敦北,2024-05-16,9237
2606,裕民,5,0,5,凱基-敦北,2024-05-16,9237
00929,復華台灣科技優息,114,13,101,凱基-敦北,2024-05-17,9237
9945,潤泰新,117,27,90,凱基-敦北,2024-05-17,9237
00940,元大台灣價值高息,65,1,64,凱基-敦北,2024-05-17,9237
3033,威健,78,26,52,凱基-敦北,2024-05-17,9237
2610,華航,80,38,42,凱基-敦北,2024-05-17,9237
00878,國泰永續高股息,42,1,41,凱基-敦北,2024-05-17,9237
00946,群益科技高息成長,37,0,37,凱基-敦北,2024-05-17,9237
1815,富喬,35,4,31,凱基-敦北,2024-05-17,9237
00919,群益台灣精選高息,29,1,28,凱基-敦北,2024-05-17,9237
00937B,群益ESG投等債20,25,0,25,凱基-敦北,2024-05-17,9237
00679B,元大美債20年,21,0,21,凱基-敦北,2024-05-17,9237
1584,精剛,20,0,20,凱基-敦北,2024-05-17,9237
2597,潤弘,20,0,20,凱基-敦北,2024-05-17,9237
8299,群聯,16,0,16,凱基-敦北,2024-05-17,9237
1609,大亞,15,0,15,凱基-敦北,2024-05-17,9237
2351,順德,15,1,14,凱基-敦北,2024-05-17,9237
3706,神達,14,0,14,凱基-敦北,2024-05-17,9237
8463,潤泰材,14,0,14,凱基-敦北,2024-05-17,9237
2317,鴻海,25,11,14,凱基-敦北,2024-05-17,9237
2605,新興,15,2,13,凱基-敦北,2024-05-17,9237
2408,南亞科,12,0,12,凱基-敦北,2024-05-17,9237
4306,炎洲,15,3,12,凱基-敦北,2024-05-17,9237
3362,先進光,11,0,11,凱基-敦北,2024-05-17,9237
1309,台達化,10,0,10,凱基-敦北,2024-05-17,9237
3030,德律,18,8,10,凱基-敦北,2024-05-17,9237
3231,緯創,12,2,10,凱基-敦北,2024-05-17,9237
5880,合庫金,10,0,10,凱基-敦北,2024-05-17,9237
8110,華東,10,0,10,凱基-敦北,2024-05-17,9237
2603,長榮,45,36,9,凱基-敦北,2024-05-17,9237
2884,玉山金,11,2,9,凱基-敦北,2024-05-17,9237
3047,訊舟,18,9,9,凱基-敦北,2024-05-17,9237
2337,旺宏,8,0,8,凱基-敦北,2024-05-17,9237
00795B,中信美國公債20年,7,0,7,凱基-敦北,2024-05-17,9237
2344,華邦電,7,0,7,凱基-敦北,2024-05-17,9237
6443,元晶,11,4,7,凱基-敦北,2024-05-17,9237
2101,南港,7,1,6,凱基-敦北,2024-05-17,9237
3043,科風,6,0,6,凱基-敦北,2024-05-17,9237
3363,上詮,7,2,5,凱基-敦北,2024-05-17,9237
2323,中環,5,0,5,凱基-敦北,2024-05-17,9237
3042,晶技,7,2,5,凱基-敦北,2024-05-17,9237
3338,泰碩,5,0,5,凱基-敦北,2024-05-17,9237
4952,凌通,5,0,5,凱基-敦北,2024-05-17,9237
6126,信音,5,0,5,凱基-敦北,2024-05-17,9237
6207,雷科,5,0,5,凱基-敦北,2024-05-17,9237
6414,樺漢,5,0,5,凱基-敦北,2024-05-17,9237
8454,富邦媒,5,0,5,凱基-敦北,2024-05-17,9237
2374,佳能,22,18,4,凱基-敦北,2024-05-17,9237
2356,英業達,7,3,4,凱基-敦北,2024-05-17,9237
1582,信錦,4,0,4,凱基-敦北,2024-05-17,9237
2489,瑞軒,4,0,4,凱基-敦北,2024-05-17,9237
2618,長榮航,100,17,83,凱基-敦北,2024-05-20,9237
00706L,期元大S＆P日圓正2,75,0,75,凱基-敦北,2024-05-20,9237
1815,富喬,37,0,37,凱基-敦北,2024-05-20,9237
2889,國票金,35,1,34,凱基-敦北,2024-05-20,9237
00940,元大台灣價值高息,57,24,33,凱基-敦北,2024-05-20,9237
00933B,國泰10Y+金融債,81,50,31,凱基-敦北,2024-05-20,9237
6005,群益證,30,0,30,凱基-敦北,2024-05-20,9237
00632R,元大台灣50反1,30,0,30,凱基-敦北,2024-05-20,9237
3052,夆典,30,0,30,凱基-敦北,2024-05-20,9237
6023,元大期,30,0,30,凱基-敦北,2024-05-20,9237
1108,幸福,29,0,29,凱基-敦北,2024-05-20,9237
2603,長榮,39,12,27,凱基-敦北,2024-05-20,9237
1609,大亞,26,2,24,凱基-敦北,2024-05-20,9237
00945B,凱基美國非投等債,20,0,20,凱基-敦北,2024-05-20,9237
4714,永捷,20,0,20,凱基-敦北,2024-05-20,9237
00712,復華富時不動產,19,0,19,凱基-敦北,2024-05-20,9237
2317,鴻海,25,6,19,凱基-敦北,2024-05-20,9237
2356,英業達,20,2,18,凱基-敦北,2024-05-20,9237
4414,如興,18,0,18,凱基-敦北,2024-05-20,9237
5009,榮剛,141,124,17,凱基-敦北,2024-05-20,9237
00679B,元大美債20年,16,0,16,凱基-敦北,2024-05-20,9237
00929,復華台灣科技優息,31,15,16,凱基-敦北,2024-05-20,9237
8996,高力,15,0,15,凱基-敦北,2024-05-20,9237
3714,富采,15,0,15,凱基-敦北,2024-05-20,9237
00687B,國泰20年美債,13,0,13,凱基-敦北,2024-05-20,9237
00665L,富邦�琤肭磪囓�2,13,0,13,凱基-敦北,2024-05-20,9237
3312,弘憶股,12,0,12,凱基-敦北,2024-05-20,9237
4967,十銓,13,1,12,凱基-敦北,2024-05-20,9237
3231,緯創,14,3,11,凱基-敦北,2024-05-20,9237
2382,廣達,12,1,11,凱基-敦北,2024-05-20,9237
00641R,富邦日本反1,10,0,10,凱基-敦北,2024-05-20,9237
00751B,元大AAA至A公司債,10,0,10,凱基-敦北,2024-05-20,9237
1522,堤維西,10,0,10,凱基-敦北,2024-05-20,9237
1529,樂事綠能,10,0,10,凱基-敦北,2024-05-20,9237
2597,潤弘,10,0,10,凱基-敦北,2024-05-20,9237
2887,台新金,16,6,10,凱基-敦北,2024-05-20,9237
3036,文曄,9,0,9,凱基-敦北,2024-05-20,9237
00936,台新永續高息中小,9,0,9,凱基-敦北,2024-05-20,9237
2609,陽明,12,4,8,凱基-敦北,2024-05-20,9237
00937B,群益ESG投等債20,8,0,8,凱基-敦北,2024-05-20,9237
3176,基亞,8,0,8,凱基-敦北,2024-05-20,9237
8299,群聯,8,0,8,凱基-敦北,2024-05-20,9237
3481,群創,9,2,7,凱基-敦北,2024-05-20,9237
00919,群益台灣精選高息,14,8,6,凱基-敦北,2024-05-20,9237
2351,順德,16,10,6,凱基-敦北,2024-05-20,9237
3042,晶技,41,35,6,凱基-敦北,2024-05-20,9237
3706,神達,15,9,6,凱基-敦北,2024-05-20,9237
4543,萬在,26,20,6,凱基-敦北,2024-05-20,9237
5014,建錩,6,0,6,凱基-敦北,2024-05-20,9237
6244,茂迪,6,0,6,凱基-敦北,2024-05-20,9237
2409,友達,156,0,156,凱基-敦北,2024-05-21,9237
2363,矽統,169,102,67,凱基-敦北,2024-05-21,9237
3481,群創,57,2,55,凱基-敦北,2024-05-21,9237
00665L,富邦�琤肭磪囓�2,54,0,54,凱基-敦北,2024-05-21,9237
00929,復華台灣科技優息,70,17,53,凱基-敦北,2024-05-21,9237
2889,國票金,54,2,52,凱基-敦北,2024-05-21,9237
1314,中石化,40,2,38,凱基-敦北,2024-05-21,9237
1608,華榮,41,3,38,凱基-敦北,2024-05-21,9237
1815,富喬,64,27,37,凱基-敦北,2024-05-21,9237
2368,金像電,43,8,35,凱基-敦北,2024-05-21,9237
3033,威健,34,0,34,凱基-敦北,2024-05-21,9237
1605,華新,37,4,33,凱基-敦北,2024-05-21,9237
9945,潤泰新,63,31,32,凱基-敦北,2024-05-21,9237
2027,大成鋼,34,4,30,凱基-敦北,2024-05-21,9237
2905,三商,30,0,30,凱基-敦北,2024-05-21,9237
00940,元大台灣價值高息,85,55,30,凱基-敦北,2024-05-21,9237
6005,群益證,44,15,29,凱基-敦北,2024-05-21,9237
00632R,元大台灣50反1,30,1,29,凱基-敦北,2024-05-21,9237
2352,佳世達,27,1,26,凱基-敦北,2024-05-21,9237
5371,中光電,26,0,26,凱基-敦北,2024-05-21,9237
6274,台燿,36,10,26,凱基-敦北,2024-05-21,9237
00753L,中信中國50正2,40,15,25,凱基-敦北,2024-05-21,9237
00937B,群益ESG投等債20,22,1,21,凱基-敦北,2024-05-21,9237
1217,愛之味,20,0,20,凱基-敦北,2024-05-21,9237
1108,幸福,20,1,19,凱基-敦北,2024-05-21,9237
3376,新日興,19,1,18,凱基-敦北,2024-05-21,9237
2618,長榮航,17,0,17,凱基-敦北,2024-05-21,9237
2312,金寶,18,1,17,凱基-敦北,2024-05-21,9237
00919,群益台灣精選高息,16,0,16,凱基-敦北,2024-05-21,9237
8059,凱碩,15,0,15,凱基-敦北,2024-05-21,9237
0056,元大高股息,14,0,14,凱基-敦北,2024-05-21,9237
2353,宏��,23,9,14,凱基-敦北,2024-05-21,9237
00878,國泰永續高股息,33,21,12,凱基-敦北,2024-05-21,9237
00918,大華優利高填息30,11,0,11,凱基-敦北,2024-05-21,9237
2883,凱基金,15,4,11,凱基-敦北,2024-05-21,9237
4967,十銓,18,7,11,凱基-敦北,2024-05-21,9237
00946,群益科技高息成長,11,1,10,凱基-敦北,2024-05-21,9237
1218,泰山,10,0,10,凱基-敦北,2024-05-21,9237
1313,聯成,10,0,10,凱基-敦北,2024-05-21,9237
2323,中環,10,0,10,凱基-敦北,2024-05-21,9237
2399,映泰,10,0,10,凱基-敦北,2024-05-21,9237
6023,元大期,10,0,10,凱基-敦北,2024-05-21,9237
8070,長華*,11,1,10,凱基-敦北,2024-05-21,9237
8358,金居,10,0,10,凱基-敦北,2024-05-21,9237
2892,第一金,10,0,10,凱基-敦北,2024-05-21,9237
2887,台新金,12,3,9,凱基-敦北,2024-05-21,9237
6863,永道-KY,10,1,9,凱基-敦北,2024-05-21,9237
4306,炎洲,8,0,8,凱基-敦北,2024-05-21,9237
2393,億光,8,0,8,凱基-敦北,2024-05-21,9237
00679B,元大美債20年,7,0,7,凱基-敦北,2024-05-21,9237
1809,中釉,319,149,170,凱基-敦北,2024-05-22,9237
2356,英業達,89,6,83,凱基-敦北,2024-05-22,9237
1108,幸福,65,0,65,凱基-敦北,2024-05-22,9237
2313,華通,68,5,63,凱基-敦北,2024-05-22,9237
2855,統一證,60,0,60,凱基-敦北,2024-05-22,9237
4533,協易機,57,5,52,凱基-敦北,2024-05-22,9237
6282,康舒,40,0,40,凱基-敦北,2024-05-22,9237
2880,華南金,35,0,35,凱基-敦北,2024-05-22,9237
6005,群益證,41,6,35,凱基-敦北,2024-05-22,9237
4543,萬在,36,3,33,凱基-敦北,2024-05-22,9237
2610,華航,30,1,29,凱基-敦北,2024-05-22,9237
4714,永捷,29,1,28,凱基-敦北,2024-05-22,9237
2002,中鋼,26,0,26,凱基-敦北,2024-05-22,9237
5371,中光電,52,27,25,凱基-敦北,2024-05-22,9237
1326,台化,20,0,20,凱基-敦北,2024-05-22,9237
2903,遠百,20,0,20,凱基-敦北,2024-05-22,9237
1217,愛之味,20,1,19,凱基-敦北,2024-05-22,9237
2867,三商壽,19,0,19,凱基-敦北,2024-05-22,9237
6274,台燿,43,25,18,凱基-敦北,2024-05-22,9237
1303,南亞,17,0,17,凱基-敦北,2024-05-22,9237
6190,萬泰科,44,27,17,凱基-敦北,2024-05-22,9237
00930,永豐ESG低碳高息,15,0,15,凱基-敦北,2024-05-22,9237
5301,寶得利,15,0,15,凱基-敦北,2024-05-22,9237
6546,正基,21,6,15,凱基-敦北,2024-05-22,9237
00679B,元大美債20年,14,0,14,凱基-敦北,2024-05-22,9237
5225,東科-KY,14,0,14,凱基-敦北,2024-05-22,9237
4979,華星光,23,10,13,凱基-敦北,2024-05-22,9237
6125,廣運,38,25,13,凱基-敦北,2024-05-22,9237
2486,一詮,13,0,13,凱基-敦北,2024-05-22,9237
00940,元大台灣價值高息,12,1,11,凱基-敦北,2024-05-22,9237
2889,國票金,10,0,10,凱基-敦北,2024-05-22,9237
00751B,元大AAA至A公司債,10,0,10,凱基-敦北,2024-05-22,9237
2027,大成鋼,12,2,10,凱基-敦北,2024-05-22,9237
2038,海光,10,0,10,凱基-敦北,2024-05-22,9237
2323,中環,10,0,10,凱基-敦北,2024-05-22,9237
2444,兆勁,10,0,10,凱基-敦北,2024-05-22,9237
2597,潤弘,10,0,10,凱基-敦北,2024-05-22,9237
8093,保銳,10,0,10,凱基-敦北,2024-05-22,9237
8383,千附,10,0,10,凱基-敦北,2024-05-22,9237
2501,國建,10,1,9,凱基-敦北,2024-05-22,9237
2105,正新,11,2,9,凱基-敦北,2024-05-22,9237
3441,聯一光,9,0,9,凱基-敦北,2024-05-22,9237
2362,藍天,8,0,8,凱基-敦北,2024-05-22,9237
2465,麗臺,12,4,8,凱基-敦北,2024-05-22,9237
3073,天方能源,8,0,8,凱基-敦北,2024-05-22,9237
6104,創惟,12,4,8,凱基-敦北,2024-05-22,9237
8163,達方,8,0,8,凱基-敦北,2024-05-22,9237
6863,永道-KY,10,3,7,凱基-敦北,2024-05-22,9237
2489,瑞軒,7,0,7,凱基-敦北,2024-05-22,9237
6558,興能高,7,0,7,凱基-敦北,2024-05-22,9237
2892,第一金,288,0,288,凱基-敦北,2024-05-23,9237
1314,中石化,112,0,112,凱基-敦北,2024-05-23,9237
00712,復華富時不動產,100,1,99,凱基-敦北,2024-05-23,9237
2883,凱基金,78,19,59,凱基-敦北,2024-05-23,9237
3481,群創,69,12,57,凱基-敦北,2024-05-23,9237
00632R,元大台灣50反1,50,0,50,凱基-敦北,2024-05-23,9237
2464,盟立,42,4,38,凱基-敦北,2024-05-23,9237
2453,凌群,37,1,36,凱基-敦北,2024-05-23,9237
6274,台燿,36,2,34,凱基-敦北,2024-05-23,9237
1321,大洋,40,8,32,凱基-敦北,2024-05-23,9237
00665L,富邦�琤肭磪囓�2,30,0,30,凱基-敦北,2024-05-23,9237
2002,中鋼,34,5,29,凱基-敦北,2024-05-23,9237
00946,群益科技高息成長,26,5,21,凱基-敦北,2024-05-23,9237
3013,晟銘電,51,30,21,凱基-敦北,2024-05-23,9237
2363,矽統,25,4,21,凱基-敦北,2024-05-23,9237
2331,精英,20,0,20,凱基-敦北,2024-05-23,9237
2404,漢唐,20,0,20,凱基-敦北,2024-05-23,9237
2889,國票金,20,0,20,凱基-敦北,2024-05-23,9237
6282,康舒,22,2,20,凱基-敦北,2024-05-23,9237
2009,第一銅,24,8,16,凱基-敦北,2024-05-23,9237
2313,華通,41,25,16,凱基-敦北,2024-05-23,9237
3047,訊舟,16,0,16,凱基-敦北,2024-05-23,9237
5364,力麗店,15,0,15,凱基-敦北,2024-05-23,9237
3260,威剛,22,8,14,凱基-敦北,2024-05-23,9237
2618,長榮航,19,5,14,凱基-敦北,2024-05-23,9237
00679B,元大美債20年,19,6,13,凱基-敦北,2024-05-23,9237
2409,友達,13,0,13,凱基-敦北,2024-05-23,9237
4979,華星光,38,25,13,凱基-敦北,2024-05-23,9237
00936,台新永續高息中小,12,0,12,凱基-敦北,2024-05-23,9237
2630,亞航,14,2,12,凱基-敦北,2024-05-23,9237
1609,大亞,11,0,11,凱基-敦北,2024-05-23,9237
2880,華南金,14,3,11,凱基-敦北,2024-05-23,9237
2597,潤弘,21,10,11,凱基-敦北,2024-05-23,9237
1326,台化,10,0,10,凱基-敦北,2024-05-23,9237
1808,潤隆,10,0,10,凱基-敦北,2024-05-23,9237
00753L,中信中國50正2,10,0,10,凱基-敦北,2024-05-23,9237
1503,士電,20,10,10,凱基-敦北,2024-05-23,9237
2329,華泰,10,0,10,凱基-敦北,2024-05-23,9237
2444,兆勁,10,0,10,凱基-敦北,2024-05-23,9237
2511,太子,10,0,10,凱基-敦北,2024-05-23,9237
4566,時碩工業,10,0,10,凱基-敦北,2024-05-23,9237
4908,前鼎,22,12,10,凱基-敦北,2024-05-23,9237
6023,元大期,10,0,10,凱基-敦北,2024-05-23,9237
6188,廣明,16,7,9,凱基-敦北,2024-05-23,9237
00933B,國泰10Y+金融債,22,13,9,凱基-敦北,2024-05-23,9237
2324,仁寶,48,39,9,凱基-敦北,2024-05-23,9237
2745,五福,9,0,9,凱基-敦北,2024-05-23,9237
3673,TPK-KY,8,0,8,凱基-敦北,2024-05-23,9237
3706,神達,10,2,8,凱基-敦北,2024-05-23,9237
5443,均豪,12,4,8,凱基-敦北,2024-05-23,9237
00712,復華富時不動產,131,0,131,凱基-敦北,2024-05-24,9237
1815,富喬,172,74,98,凱基-敦北,2024-05-24,9237
5371,中光電,152,103,49,凱基-敦北,2024-05-24,9237
2618,長榮航,62,14,48,凱基-敦北,2024-05-24,9237
6609,瀧澤科,47,0,47,凱基-敦北,2024-05-24,9237
8064,東捷,51,7,44,凱基-敦北,2024-05-24,9237
2009,第一銅,41,1,40,凱基-敦北,2024-05-24,9237
00937B,群益ESG投等債20,29,0,29,凱基-敦北,2024-05-24,9237
4979,華星光,44,15,29,凱基-敦北,2024-05-24,9237
2303,聯電,38,9,29,凱基-敦北,2024-05-24,9237
2609,陽明,34,5,29,凱基-敦北,2024-05-24,9237
00940,元大台灣價值高息,32,5,27,凱基-敦北,2024-05-24,9237
2392,正崴,30,3,27,凱基-敦北,2024-05-24,9237
3013,晟銘電,45,19,26,凱基-敦北,2024-05-24,9237
3694,海華,27,5,22,凱基-敦北,2024-05-24,9237
2610,華航,22,1,21,凱基-敦北,2024-05-24,9237
6234,高僑,39,18,21,凱基-敦北,2024-05-24,9237
00679B,元大美債20年,20,0,20,凱基-敦北,2024-05-24,9237
4967,十銓,36,19,17,凱基-敦北,2024-05-24,9237
2365,昆盈,96,84,12,凱基-敦北,2024-05-24,9237
1618,合機,11,0,11,凱基-敦北,2024-05-24,9237
2888,新光金,11,0,11,凱基-敦北,2024-05-24,9237
8926,台汽電,11,0,11,凱基-敦北,2024-05-24,9237
2884,玉山金,10,0,10,凱基-敦北,2024-05-24,9237
00915,凱基優選高股息30,10,0,10,凱基-敦北,2024-05-24,9237
00650L,復華香港正2,10,0,10,凱基-敦北,2024-05-24,9237
00632R,元大台灣50反1,10,0,10,凱基-敦北,2024-05-24,9237
1326,台化,10,0,10,凱基-敦北,2024-05-24,9237
1609,大亞,12,2,10,凱基-敦北,2024-05-24,9237
2834,臺企銀,10,0,10,凱基-敦北,2024-05-24,9237
2903,遠百,20,10,10,凱基-敦北,2024-05-24,9237
3376,新日興,13,3,10,凱基-敦北,2024-05-24,9237
5364,力麗店,10,0,10,凱基-敦北,2024-05-24,9237
5521,工信,10,0,10,凱基-敦北,2024-05-24,9237
8110,華東,10,0,10,凱基-敦北,2024-05-24,9237
2324,仁寶,32,22,10,凱基-敦北,2024-05-24,9237
00665L,富邦�琤肭磪囓�2,9,0,9,凱基-敦北,2024-05-24,9237
2353,宏��,54,45,9,凱基-敦北,2024-05-24,9237
3231,緯創,17,8,9,凱基-敦北,2024-05-24,9237
6188,廣明,23,15,8,凱基-敦北,2024-05-24,9237
00687B,國泰20年美債,7,0,7,凱基-敦北,2024-05-24,9237
2351,順德,23,16,7,凱基-敦北,2024-05-24,9237
00933B,國泰10Y+金融債,7,1,6,凱基-敦北,2024-05-24,9237
1219,福壽,6,0,6,凱基-敦北,2024-05-24,9237
2002,中鋼,6,0,6,凱基-敦北,2024-05-24,9237
2206,三陽工業,10,4,6,凱基-敦北,2024-05-24,9237
4543,萬在,31,25,6,凱基-敦北,2024-05-24,9237
2330,台積電,6,0,6,凱基-敦北,2024-05-24,9237
00926,凱基全球菁英55,5,0,5,凱基-敦北,2024-05-24,9237
00946,群益科技高息成長,7,2,5,凱基-敦北,2024-05-24,9237
1815,富喬,442,101,341,凱基-敦北,2024-05-27,9237
00946,群益科技高息成長,113,4,109,凱基-敦北,2024-05-27,9237
2906,高林,109,0,109,凱基-敦北,2024-05-27,9237
9945,潤泰新,83,13,70,凱基-敦北,2024-05-27,9237
1809,中釉,62,0,62,凱基-敦北,2024-05-27,9237
2903,遠百,62,0,62,凱基-敦北,2024-05-27,9237
2369,菱生,35,3,32,凱基-敦北,2024-05-27,9237
5371,中光電,73,42,31,凱基-敦北,2024-05-27,9237
3376,新日興,27,0,27,凱基-敦北,2024-05-27,9237
2353,宏��,52,27,25,凱基-敦北,2024-05-27,9237
00937B,群益ESG投等債20,37,12,25,凱基-敦北,2024-05-27,9237
3221,台嘉碩,25,0,25,凱基-敦北,2024-05-27,9237
2324,仁寶,32,7,25,凱基-敦北,2024-05-27,9237
2610,華航,25,3,22,凱基-敦北,2024-05-27,9237
2404,漢唐,20,0,20,凱基-敦北,2024-05-27,9237
5324,士開,20,0,20,凱基-敦北,2024-05-27,9237
9105,泰金寶-DR,24,4,20,凱基-敦北,2024-05-27,9237
2603,長榮,42,23,19,凱基-敦北,2024-05-27,9237
2401,凌陽,26,7,19,凱基-敦北,2024-05-27,9237
3306,鼎天,20,1,19,凱基-敦北,2024-05-27,9237
5347,世界,19,0,19,凱基-敦北,2024-05-27,9237
00882,中信中國高股息,18,0,18,凱基-敦北,2024-05-27,9237
2453,凌群,20,2,18,凱基-敦北,2024-05-27,9237
2002,中鋼,23,7,16,凱基-敦北,2024-05-27,9237
2363,矽統,67,52,15,凱基-敦北,2024-05-27,9237
1432,大魯閣,15,0,15,凱基-敦北,2024-05-27,9237
1736,喬山,15,0,15,凱基-敦北,2024-05-27,9237
2605,新興,15,0,15,凱基-敦北,2024-05-27,9237
5364,力麗店,15,0,15,凱基-敦北,2024-05-27,9237
1609,大亞,15,1,14,凱基-敦北,2024-05-27,9237
2313,華通,15,1,14,凱基-敦北,2024-05-27,9237
5452,佶優,17,3,14,凱基-敦北,2024-05-27,9237
8076,伍豐,14,0,14,凱基-敦北,2024-05-27,9237
8163,達方,12,0,12,凱基-敦北,2024-05-27,9237
3605,宏致,11,0,11,凱基-敦北,2024-05-27,9237
00915,凱基優選高股息30,14,4,10,凱基-敦北,2024-05-27,9237
4908,前鼎,13,3,10,凱基-敦北,2024-05-27,9237
00936,台新永續高息中小,10,0,10,凱基-敦北,2024-05-27,9237
2323,中環,10,0,10,凱基-敦北,2024-05-27,9237
2371,大同,12,2,10,凱基-敦北,2024-05-27,9237
3499,環天科,10,0,10,凱基-敦北,2024-05-27,9237
4714,永捷,13,3,10,凱基-敦北,2024-05-27,9237
4903,聯光通,10,0,10,凱基-敦北,2024-05-27,9237
6285,啟��,10,0,10,凱基-敦北,2024-05-27,9237
00665L,富邦�琤肭磪囓�2,10,1,9,凱基-敦北,2024-05-27,9237
3055,蔚華科,11,2,9,凱基-敦北,2024-05-27,9237
00933B,國泰10Y+金融債,8,0,8,凱基-敦北,2024-05-27,9237
2393,億光,8,0,8,凱基-敦北,2024-05-27,9237
6125,廣運,21,13,8,凱基-敦北,2024-05-27,9237
6609,瀧澤科,10,2,8,凱基-敦北,2024-05-27,9237
1101,台泥,101,0,101,凱基-敦北,2024-05-28,9237
00650L,復華香港正2,95,0,95,凱基-敦北,2024-05-28,9237
3305,昇貿,50,0,50,凱基-敦北,2024-05-28,9237
2882,國泰金,54,12,42,凱基-敦北,2024-05-28,9237
3231,緯創,98,58,40,凱基-敦北,2024-05-28,9237
00937B,群益ESG投等債20,39,0,39,凱基-敦北,2024-05-28,9237
6274,台燿,54,15,39,凱基-敦北,2024-05-28,9237
00919,群益台灣精選高息,46,10,36,凱基-敦北,2024-05-28,9237
3047,訊舟,40,5,35,凱基-敦北,2024-05-28,9237
3374,精材,29,1,28,凱基-敦北,2024-05-28,9237
5371,中光電,60,32,28,凱基-敦北,2024-05-28,9237
2611,志信,26,1,25,凱基-敦北,2024-05-28,9237
2368,金像電,62,40,22,凱基-敦北,2024-05-28,9237
00940,元大台灣價值高息,27,7,20,凱基-敦北,2024-05-28,9237
1809,中釉,20,0,20,凱基-敦北,2024-05-28,9237
2351,順德,33,13,20,凱基-敦北,2024-05-28,9237
2855,統一證,20,0,20,凱基-敦北,2024-05-28,9237
9945,潤泰新,20,0,20,凱基-敦北,2024-05-28,9237
4306,炎洲,20,1,19,凱基-敦北,2024-05-28,9237
00679B,元大美債20年,19,1,18,凱基-敦北,2024-05-28,9237
2615,萬海,27,9,18,凱基-敦北,2024-05-28,9237
2609,陽明,30,12,18,凱基-敦北,2024-05-28,9237
2886,兆豐金,14,0,14,凱基-敦北,2024-05-28,9237
3013,晟銘電,47,33,14,凱基-敦北,2024-05-28,9237
2641,正德,33,20,13,凱基-敦北,2024-05-28,9237
4533,協易機,13,1,12,凱基-敦北,2024-05-28,9237
8210,勤誠,11,0,11,凱基-敦北,2024-05-28,9237
00637L,元大滬深300正2,11,0,11,凱基-敦北,2024-05-28,9237
6163,華電網,11,0,11,凱基-敦北,2024-05-28,9237
2891,中信金,11,0,11,凱基-敦北,2024-05-28,9237
00885,富邦越南,10,0,10,凱基-敦北,2024-05-28,9237
2436,偉詮電,10,0,10,凱基-敦北,2024-05-28,9237
2610,華航,16,6,10,凱基-敦北,2024-05-28,9237
4960,誠美材,10,0,10,凱基-敦北,2024-05-28,9237
6197,佳必琪,10,0,10,凱基-敦北,2024-05-28,9237
6227,茂綸,11,1,10,凱基-敦北,2024-05-28,9237
6234,高僑,10,0,10,凱基-敦北,2024-05-28,9237
2353,宏��,30,20,10,凱基-敦北,2024-05-28,9237
2392,正崴,9,0,9,凱基-敦北,2024-05-28,9237
3017,奇鋐,20,12,8,凱基-敦北,2024-05-28,9237
6546,正基,8,0,8,凱基-敦北,2024-05-28,9237
6585,鼎基,8,0,8,凱基-敦北,2024-05-28,9237
6188,廣明,13,7,6,凱基-敦北,2024-05-28,9237
2301,光寶科,9,4,5,凱基-敦北,2024-05-28,9237
1303,南亞,9,4,5,凱基-敦北,2024-05-28,9237
2509,全坤建,5,0,5,凱基-敦北,2024-05-28,9237
2545,皇翔,5,0,5,凱基-敦北,2024-05-28,9237
3033,威健,5,0,5,凱基-敦北,2024-05-28,9237
6116,彩晶,5,0,5,凱基-敦北,2024-05-28,9237
8027,鈦昇,7,2,5,凱基-敦北,2024-05-28,9237
8096,擎亞,141,1,140,凱基-敦北,2024-05-29,9237
00937B,群益ESG投等債20,123,1,122,凱基-敦北,2024-05-29,9237
1314,中石化,75,0,75,凱基-敦北,2024-05-29,9237
5324,士開,68,0,68,凱基-敦北,2024-05-29,9237
00940,元大台灣價值高息,53,0,53,凱基-敦北,2024-05-29,9237
2354,鴻準,66,14,52,凱基-敦北,2024-05-29,9237
2349,錸德,48,0,48,凱基-敦北,2024-05-29,9237
00679B,元大美債20年,40,0,40,凱基-敦北,2024-05-29,9237
6189,豐藝,41,5,36,凱基-敦北,2024-05-29,9237
2353,宏��,36,1,35,凱基-敦北,2024-05-29,9237
1217,愛之味,50,15,35,凱基-敦北,2024-05-29,9237
1809,中釉,30,0,30,凱基-敦北,2024-05-29,9237
00919,群益台灣精選高息,28,0,28,凱基-敦北,2024-05-29,9237
2883,凱基金,30,2,28,凱基-敦北,2024-05-29,9237
3380,明泰,30,3,27,凱基-敦北,2024-05-29,9237
6125,廣運,72,46,26,凱基-敦北,2024-05-29,9237
2641,正德,46,20,26,凱基-敦北,2024-05-29,9237
3305,昇貿,55,30,25,凱基-敦北,2024-05-29,9237
2888,新光金,53,30,23,凱基-敦北,2024-05-29,9237
00936,台新永續高息中小,23,1,22,凱基-敦北,2024-05-29,9237
2014,中鴻,20,0,20,凱基-敦北,2024-05-29,9237
3498,陽程,20,0,20,凱基-敦北,2024-05-29,9237
9105,泰金寶-DR,46,26,20,凱基-敦北,2024-05-29,9237
00665L,富邦�琤肭磪囓�2,19,0,19,凱基-敦北,2024-05-29,9237
6591,動力-KY,17,0,17,凱基-敦北,2024-05-29,9237
2886,兆豐金,16,0,16,凱基-敦北,2024-05-29,9237
00933B,國泰10Y+金融債,18,2,16,凱基-敦北,2024-05-29,9237
2615,萬海,25,9,16,凱基-敦北,2024-05-29,9237
3062,建漢,17,1,16,凱基-敦北,2024-05-29,9237
5364,力麗店,16,0,16,凱基-敦北,2024-05-29,9237
3021,鴻名,15,0,15,凱基-敦北,2024-05-29,9237
1108,幸福,14,0,14,凱基-敦北,2024-05-29,9237
1785,光洋科,14,2,12,凱基-敦北,2024-05-29,9237
3006,晶豪科,23,11,12,凱基-敦北,2024-05-29,9237
3033,威健,12,0,12,凱基-敦北,2024-05-29,9237
3231,緯創,80,68,12,凱基-敦北,2024-05-29,9237
4714,永捷,32,21,11,凱基-敦北,2024-05-29,9237
00944,野村趨勢動能高息,11,0,11,凱基-敦北,2024-05-29,9237
2401,凌陽,14,3,11,凱基-敦北,2024-05-29,9237
2363,矽統,11,0,11,凱基-敦北,2024-05-29,9237
00687B,國泰20年美債,10,0,10,凱基-敦北,2024-05-29,9237
1321,大洋,10,0,10,凱基-敦北,2024-05-29,9237
1446,宏和,10,0,10,凱基-敦北,2024-05-29,9237
2614,東森,10,0,10,凱基-敦北,2024-05-29,9237
3466,德晉,10,0,10,凱基-敦北,2024-05-29,9237
3537,堡達,10,0,10,凱基-敦北,2024-05-29,9237
4716,大立,10,0,10,凱基-敦北,2024-05-29,9237
6005,群益證,10,0,10,凱基-敦北,2024-05-29,9237
6023,元大期,10,0,10,凱基-敦北,2024-05-29,9237
6435,大中,13,3,10,凱基-敦北,2024-05-29,9237
00929,復華台灣科技優息,101,0,101,凱基-敦北,2024-05-30,9237
00946,群益科技高息成長,83,6,77,凱基-敦北,2024-05-30,9237
2002,中鋼,71,0,71,凱基-敦北,2024-05-30,9237
9105,泰金寶-DR,119,54,65,凱基-敦北,2024-05-30,9237
6282,康舒,82,20,62,凱基-敦北,2024-05-30,9237
00676R,富邦臺灣加權反1,50,0,50,凱基-敦北,2024-05-30,9237
00937B,群益ESG投等債20,48,0,48,凱基-敦北,2024-05-30,9237
3062,建漢,40,0,40,凱基-敦北,2024-05-30,9237
6197,佳必琪,33,1,32,凱基-敦北,2024-05-30,9237
1815,富喬,68,37,31,凱基-敦北,2024-05-30,9237
4533,協易機,32,1,31,凱基-敦北,2024-05-30,9237
00632R,元大台灣50反1,30,0,30,凱基-敦北,2024-05-30,9237
2905,三商,30,0,30,凱基-敦北,2024-05-30,9237
3305,昇貿,30,0,30,凱基-敦北,2024-05-30,9237
2881,富邦金,30,2,28,凱基-敦北,2024-05-30,9237
3374,精材,50,25,25,凱基-敦北,2024-05-30,9237
2891,中信金,24,1,23,凱基-敦北,2024-05-30,9237
2371,大同,23,0,23,凱基-敦北,2024-05-30,9237
2363,矽統,24,2,22,凱基-敦北,2024-05-30,9237
2354,鴻準,23,3,20,凱基-敦北,2024-05-30,9237
2886,兆豐金,20,0,20,凱基-敦北,2024-05-30,9237
4714,永捷,20,0,20,凱基-敦北,2024-05-30,9237
6005,群益證,19,0,19,凱基-敦北,2024-05-30,9237
5230,雷笛克光學,15,1,14,凱基-敦北,2024-05-30,9237
1321,大洋,14,0,14,凱基-敦北,2024-05-30,9237
6274,台燿,22,9,13,凱基-敦北,2024-05-30,9237
5880,合庫金,13,0,13,凱基-敦北,2024-05-30,9237
00915,凱基優選高股息30,12,0,12,凱基-敦北,2024-05-30,9237
4979,華星光,22,10,12,凱基-敦北,2024-05-30,9237
1301,台塑,12,0,12,凱基-敦北,2024-05-30,9237
1319,東陽,12,0,12,凱基-敦北,2024-05-30,9237
00679B,元大美債20年,12,0,12,凱基-敦北,2024-05-30,9237
2618,長榮航,17,6,11,凱基-敦北,2024-05-30,9237
2867,三商壽,11,0,11,凱基-敦北,2024-05-30,9237
3481,群創,14,3,11,凱基-敦北,2024-05-30,9237
6104,創惟,11,0,11,凱基-敦北,2024-05-30,9237
1326,台化,11,0,11,凱基-敦北,2024-05-30,9237
00907,永豐優息存股,10,0,10,凱基-敦北,2024-05-30,9237
00896,中信綠能及電動車,10,0,10,凱基-敦北,2024-05-30,9237
00671R,富邦NASDAQ反1,10,0,10,凱基-敦北,2024-05-30,9237
00650L,復華香港正2,10,0,10,凱基-敦北,2024-05-30,9237
1217,愛之味,10,0,10,凱基-敦北,2024-05-30,9237
3290,東浦,10,0,10,凱基-敦北,2024-05-30,9237
3380,明泰,10,0,10,凱基-敦北,2024-05-30,9237
5608,四維航,10,0,10,凱基-敦北,2024-05-30,9237
6116,彩晶,10,0,10,凱基-敦北,2024-05-30,9237
6164,華興,10,0,10,凱基-敦北,2024-05-30,9237
2330,台積電,11,1,10,凱基-敦北,2024-05-30,9237
00751B,元大AAA至A公司債,9,0,9,凱基-敦北,2024-05-30,9237
1785,光洋科,10,1,9,凱基-敦北,2024-05-30,9237
00929,復華台灣科技優息,120,9,111,凱基-敦北,2024-05-31,9237
2367,燿華,101,5,96,凱基-敦北,2024-05-31,9237
00940,元大台灣價值高息,65,1,64,凱基-敦北,2024-05-31,9237
2609,陽明,114,59,55,凱基-敦北,2024-05-31,9237
2641,正德,94,43,51,凱基-敦北,2024-05-31,9237
2317,鴻海,59,10,49,凱基-敦北,2024-05-31,9237
00919,群益台灣精選高息,56,10,46,凱基-敦北,2024-05-31,9237
00648R,元大S＆P500反1,44,0,44,凱基-敦北,2024-05-31,9237
1316,上曜,41,4,37,凱基-敦北,2024-05-31,9237
2444,兆勁,28,0,28,凱基-敦北,2024-05-31,9237
3481,群創,27,0,27,凱基-敦北,2024-05-31,9237
1301,台塑,25,0,25,凱基-敦北,2024-05-31,9237
4906,正文,26,2,24,凱基-敦北,2024-05-31,9237
2597,潤弘,20,0,20,凱基-敦北,2024-05-31,9237
1307,三芳,20,0,20,凱基-敦北,2024-05-31,9237
2368,金像電,20,0,20,凱基-敦北,2024-05-31,9237
6265,方土昶,20,0,20,凱基-敦北,2024-05-31,9237
00946,群益科技高息成長,18,0,18,凱基-敦北,2024-05-31,9237
1319,東陽,21,3,18,凱基-敦北,2024-05-31,9237
1809,中釉,20,5,15,凱基-敦北,2024-05-31,9237
4979,華星光,33,20,13,凱基-敦北,2024-05-31,9237
1303,南亞,22,11,11,凱基-敦北,2024-05-31,9237
1326,台化,11,0,11,凱基-敦北,2024-05-31,9237
2002,中鋼,13,2,11,凱基-敦北,2024-05-31,9237
2409,友達,11,0,11,凱基-敦北,2024-05-31,9237
3042,晶技,18,7,11,凱基-敦北,2024-05-31,9237
00642U,期元大S＆P石油,10,0,10,凱基-敦北,2024-05-31,9237
00641R,富邦日本反1,10,0,10,凱基-敦北,2024-05-31,9237
2401,凌陽,10,0,10,凱基-敦北,2024-05-31,9237
2611,志信,10,0,10,凱基-敦北,2024-05-31,9237
2889,國票金,10,0,10,凱基-敦北,2024-05-31,9237
4513,福裕,10,0,10,凱基-敦北,2024-05-31,9237
5324,士開,10,0,10,凱基-敦北,2024-05-31,9237
3047,訊舟,14,4,10,凱基-敦北,2024-05-31,9237
4714,永捷,10,1,9,凱基-敦北,2024-05-31,9237
2454,聯發科,8,0,8,凱基-敦北,2024-05-31,9237
2243,宏旭-KY,8,0,8,凱基-敦北,2024-05-31,9237
3260,威剛,26,18,8,凱基-敦北,2024-05-31,9237
8070,長華*,9,1,8,凱基-敦北,2024-05-31,9237
2382,廣達,8,1,7,凱基-敦北,2024-05-31,9237
00690,兆豐藍籌30,7,0,7,凱基-敦北,2024-05-31,9237
00673R,期元大S＆P原油反1,7,0,7,凱基-敦北,2024-05-31,9237
1587,吉茂,7,0,7,凱基-敦北,2024-05-31,9237
3058,立德,7,0,7,凱基-敦北,2024-05-31,9237
2330,台積電,6,0,6,凱基-敦北,2024-05-31,9237
6446,藥華藥,6,0,6,凱基-敦北,2024-05-31,9237
1514,亞力,6,0,6,凱基-敦北,2024-05-31,9237
3312,弘憶股,172,166,6,凱基-敦北,2024-05-31,9237
6805,富世達,6,0,6,凱基-敦北,2024-05-31,9237
0050,元大台灣50,8,3,5,凱基-敦北,2024-05-31,9237
00937B,群益ESG投等債20,169,1,168,凱基-敦北,2024-06-03,9237
00940,元大台灣價值高息,88,17,71,凱基-敦北,2024-06-03,9237
3374,精材,90,31,59,凱基-敦北,2024-06-03,9237
00919,群益台灣精選高息,51,0,51,凱基-敦北,2024-06-03,9237
1473,台南,50,1,49,凱基-敦北,2024-06-03,9237
2349,錸德,51,5,46,凱基-敦北,2024-06-03,9237
00918,大華優利高填息30,35,0,35,凱基-敦北,2024-06-03,9237
2031,新光鋼,30,0,30,凱基-敦北,2024-06-03,9237
2351,順德,32,2,30,凱基-敦北,2024-06-03,9237
2905,三商,30,0,30,凱基-敦北,2024-06-03,9237
6274,台燿,39,12,27,凱基-敦北,2024-06-03,9237
8096,擎亞,28,1,27,凱基-敦北,2024-06-03,9237
2301,光寶科,31,6,25,凱基-敦北,2024-06-03,9237
2597,潤弘,25,0,25,凱基-敦北,2024-06-03,9237
2354,鴻準,28,7,21,凱基-敦北,2024-06-03,9237
8028,昇陽半導體,23,2,21,凱基-敦北,2024-06-03,9237
1303,南亞,40,20,20,凱基-敦北,2024-06-03,9237
1102,亞泥,25,5,20,凱基-敦北,2024-06-03,9237
8996,高力,20,0,20,凱基-敦北,2024-06-03,9237
2401,凌陽,20,1,19,凱基-敦北,2024-06-03,9237
5230,雷笛克光學,23,4,19,凱基-敦北,2024-06-03,9237
9933,中鼎,16,0,16,凱基-敦北,2024-06-03,9237
4306,炎洲,15,0,15,凱基-敦北,2024-06-03,9237
2105,正新,15,1,14,凱基-敦北,2024-06-03,9237
4909,新復興,15,1,14,凱基-敦北,2024-06-03,9237
3013,晟銘電,84,71,13,凱基-敦北,2024-06-03,9237
6005,群益證,13,0,13,凱基-敦北,2024-06-03,9237
00881,國泰台灣5G+,20,8,12,凱基-敦北,2024-06-03,9237
2641,正德,13,1,12,凱基-敦北,2024-06-03,9237
6609,瀧澤科,11,0,11,凱基-敦北,2024-06-03,9237
8227,巨有科技,11,0,11,凱基-敦北,2024-06-03,9237
2324,仁寶,13,2,11,凱基-敦北,2024-06-03,9237
4543,萬在,10,0,10,凱基-敦北,2024-06-03,9237
00650L,復華香港正2,10,0,10,凱基-敦北,2024-06-03,9237
1446,宏和,10,0,10,凱基-敦北,2024-06-03,9237
1506,正道,10,0,10,凱基-敦北,2024-06-03,9237
2340,台亞,10,0,10,凱基-敦北,2024-06-03,9237
2903,遠百,10,0,10,凱基-敦北,2024-06-03,9237
3715,定穎投控,11,1,10,凱基-敦北,2024-06-03,9237
6435,大中,9,0,9,凱基-敦北,2024-06-03,9237
1321,大洋,7,0,7,凱基-敦北,2024-06-03,9237
2449,京元電子,8,1,7,凱基-敦北,2024-06-03,9237
6227,茂綸,8,1,7,凱基-敦北,2024-06-03,9237
8936,國統,7,0,7,凱基-敦北,2024-06-03,9237
9934,成霖,8,1,7,凱基-敦北,2024-06-03,9237
2886,兆豐金,7,1,6,凱基-敦北,2024-06-03,9237
3563,牧德,6,0,6,凱基-敦北,2024-06-03,9237
4129,聯合,6,0,6,凱基-敦北,2024-06-03,9237
6830,汎銓,6,0,6,凱基-敦北,2024-06-03,9237
9941A,裕融甲特,6,0,6,凱基-敦北,2024-06-03,9237
1314,中石化,100,0,100,凱基-敦北,2024-06-04,9237
00937B,群益ESG投等債20,184,88,96,凱基-敦北,2024-06-04,9237
6188,廣明,65,2,63,凱基-敦北,2024-06-04,9237
2368,金像電,106,45,61,凱基-敦北,2024-06-04,9237
2312,金寶,58,0,58,凱基-敦北,2024-06-04,9237
4533,協易機,65,7,58,凱基-敦北,2024-06-04,9237
00918,大華優利高填息30,52,1,51,凱基-敦北,2024-06-04,9237
2337,旺宏,50,0,50,凱基-敦北,2024-06-04,9237
2363,矽統,79,30,49,凱基-敦北,2024-06-04,9237
3055,蔚華科,52,3,49,凱基-敦北,2024-06-04,9237
9945,潤泰新,50,5,45,凱基-敦北,2024-06-04,9237
2610,華航,45,3,42,凱基-敦北,2024-06-04,9237
2031,新光鋼,31,0,31,凱基-敦北,2024-06-04,9237
1473,台南,31,1,30,凱基-敦北,2024-06-04,9237
00919,群益台灣精選高息,29,0,29,凱基-敦北,2024-06-04,9237
6546,正基,56,28,28,凱基-敦北,2024-06-04,9237
6005,群益證,26,0,26,凱基-敦北,2024-06-04,9237
1102,亞泥,25,0,25,凱基-敦北,2024-06-04,9237
00720B,元大投資級公司債,24,0,24,凱基-敦北,2024-06-04,9237
3260,威剛,67,45,22,凱基-敦北,2024-06-04,9237
2317,鴻海,46,25,21,凱基-敦北,2024-06-04,9237
6125,廣運,54,36,18,凱基-敦北,2024-06-04,9237
2353,宏��,24,9,15,凱基-敦北,2024-06-04,9237
2344,華邦電,16,2,14,凱基-敦北,2024-06-04,9237
3321,同泰,14,0,14,凱基-敦北,2024-06-04,9237
1524,耿鼎,22,9,13,凱基-敦北,2024-06-04,9237
2324,仁寶,20,7,13,凱基-敦北,2024-06-04,9237
00929,復華台灣科技優息,11,0,11,凱基-敦北,2024-06-04,9237
2382,廣達,11,0,11,凱基-敦北,2024-06-04,9237
1313,聯成,12,1,11,凱基-敦北,2024-06-04,9237
2303,聯電,12,2,10,凱基-敦北,2024-06-04,9237
00882,中信中國高股息,10,0,10,凱基-敦北,2024-06-04,9237
1217,愛之味,10,0,10,凱基-敦北,2024-06-04,9237
1506,正道,10,0,10,凱基-敦北,2024-06-04,9237
2427,三商電,10,0,10,凱基-敦北,2024-06-04,9237
2641,正德,23,13,10,凱基-敦北,2024-06-04,9237
2891,中信金,10,0,10,凱基-敦北,2024-06-04,9237
3062,建漢,10,0,10,凱基-敦北,2024-06-04,9237
3290,東浦,10,0,10,凱基-敦北,2024-06-04,9237
5498,凱崴,10,0,10,凱基-敦北,2024-06-04,9237
6770,力積電,11,1,10,凱基-敦北,2024-06-04,9237
6689,伊雲谷,10,1,9,凱基-敦北,2024-06-04,9237
2537,聯上發,20,11,9,凱基-敦北,2024-06-04,9237
3202,樺晟,9,0,9,凱基-敦北,2024-06-04,9237
2464,盟立,9,0,9,凱基-敦北,2024-06-04,9237
1303,南亞,17,9,8,凱基-敦北,2024-06-04,9237
2486,一詮,9,1,8,凱基-敦北,2024-06-04,9237
8234,新漢,12,4,8,凱基-敦北,2024-06-04,9237
2002,中鋼,7,0,7,凱基-敦北,2024-06-04,9237
00712,復華富時不動產,7,0,7,凱基-敦北,2024-06-04,9237
3013,晟銘電,123,17,106,凱基-敦北,2024-06-05,9237
1718,中纖,102,0,102,凱基-敦北,2024-06-05,9237
1473,台南,77,0,77,凱基-敦北,2024-06-05,9237
00937B,群益ESG投等債20,70,10,60,凱基-敦北,2024-06-05,9237
2363,矽統,59,6,53,凱基-敦北,2024-06-05,9237
2031,新光鋼,42,0,42,凱基-敦北,2024-06-05,9237
00632R,元大台灣50反1,40,0,40,凱基-敦北,2024-06-05,9237
00929,復華台灣科技優息,53,23,30,凱基-敦北,2024-06-05,9237
2597,潤弘,30,0,30,凱基-敦北,2024-06-05,9237
00878,國泰永續高股息,25,2,23,凱基-敦北,2024-06-05,9237
00936,台新永續高息中小,22,0,22,凱基-敦北,2024-06-05,9237
4533,協易機,26,4,22,凱基-敦北,2024-06-05,9237
6274,台燿,25,4,21,凱基-敦北,2024-06-05,9237
00940,元大台灣價值高息,21,0,21,凱基-敦北,2024-06-05,9237
1471,首利,20,0,20,凱基-敦北,2024-06-05,9237
2905,三商,18,0,18,凱基-敦北,2024-06-05,9237
8996,高力,15,0,15,凱基-敦北,2024-06-05,9237
5340,建榮,14,0,14,凱基-敦北,2024-06-05,9237
2303,聯電,22,8,14,凱基-敦北,2024-06-05,9237
1217,愛之味,30,17,13,凱基-敦北,2024-06-05,9237
6446,藥華藥,14,2,12,凱基-敦北,2024-06-05,9237
00918,大華優利高填息30,12,0,12,凱基-敦北,2024-06-05,9237
3048,益登,14,2,12,凱基-敦北,2024-06-05,9237
3231,緯創,15,4,11,凱基-敦北,2024-06-05,9237
2354,鴻準,14,3,11,凱基-敦北,2024-06-05,9237
00712,復華富時不動產,10,0,10,凱基-敦北,2024-06-05,9237
1506,正道,10,0,10,凱基-敦北,2024-06-05,9237
1809,中釉,10,0,10,凱基-敦北,2024-06-05,9237
2438,翔耀,11,1,10,凱基-敦北,2024-06-05,9237
5443,均豪,10,0,10,凱基-敦北,2024-06-05,9237
8047,星雲,20,10,10,凱基-敦北,2024-06-05,9237
2356,英業達,9,0,9,凱基-敦北,2024-06-05,9237
2241,艾姆勒,9,0,9,凱基-敦北,2024-06-05,9237
2457,飛宏,11,2,9,凱基-敦北,2024-06-05,9237
00680L,元大美債20正2,8,0,8,凱基-敦北,2024-06-05,9237
00921,兆豐龍頭等權重,7,0,7,凱基-敦北,2024-06-05,9237
2417,圓剛,7,0,7,凱基-敦北,2024-06-05,9237
3030,德律,16,9,7,凱基-敦北,2024-06-05,9237
3372,典範,7,0,7,凱基-敦北,2024-06-05,9237
3564,其陽,7,0,7,凱基-敦北,2024-06-05,9237
5609,中菲行,7,0,7,凱基-敦北,2024-06-05,9237
6689,伊雲谷,8,1,7,凱基-敦北,2024-06-05,9237
00751B,元大AAA至A公司債,6,0,6,凱基-敦北,2024-06-05,9237
00740B,富邦全球投等債,6,0,6,凱基-敦北,2024-06-05,9237
00725B,國泰投資級公司債,6,0,6,凱基-敦北,2024-06-05,9237
00945B,凱基美國非投等債,6,0,6,凱基-敦北,2024-06-05,9237
2328,廣宇,10,4,6,凱基-敦北,2024-06-05,9237
6805,富世達,6,0,6,凱基-敦北,2024-06-05,9237
00724B,群益投資級金融債,5,0,5,凱基-敦北,2024-06-05,9237
00722B,群益投資級電信債,5,0,5,凱基-敦北,2024-06-05,9237
4532,瑞智,190,1,189,凱基-敦北,2024-06-06,9237
00937B,群益ESG投等債20,134,1,133,凱基-敦北,2024-06-06,9237
00632R,元大台灣50反1,104,0,104,凱基-敦北,2024-06-06,9237
1473,台南,100,8,92,凱基-敦北,2024-06-06,9237
3374,精材,79,27,52,凱基-敦北,2024-06-06,9237
2367,燿華,54,16,38,凱基-敦北,2024-06-06,9237
00687B,國泰20年美債,37,1,36,凱基-敦北,2024-06-06,9237
2464,盟立,36,4,32,凱基-敦北,2024-06-06,9237
00650L,復華香港正2,30,0,30,凱基-敦北,2024-06-06,9237
2606,裕民,30,0,30,凱基-敦北,2024-06-06,9237
00680L,元大美債20正2,30,3,27,凱基-敦北,2024-06-06,9237
00918,大華優利高填息30,24,1,23,凱基-敦北,2024-06-06,9237
4909,新復興,22,1,21,凱基-敦北,2024-06-06,9237
2634,漢翔,23,3,20,凱基-敦北,2024-06-06,9237
1471,首利,20,0,20,凱基-敦北,2024-06-06,9237
2404,漢唐,20,0,20,凱基-敦北,2024-06-06,9237
2476,鉅祥,20,0,20,凱基-敦北,2024-06-06,9237
2888,新光金,22,2,20,凱基-敦北,2024-06-06,9237
8155,博智,20,0,20,凱基-敦北,2024-06-06,9237
5340,建榮,35,17,18,凱基-敦北,2024-06-06,9237
00725B,國泰投資級公司債,17,0,17,凱基-敦北,2024-06-06,9237
2101,南港,21,4,17,凱基-敦北,2024-06-06,9237
2610,華航,34,17,17,凱基-敦北,2024-06-06,9237
6446,藥華藥,18,2,16,凱基-敦北,2024-06-06,9237
2609,陽明,75,60,15,凱基-敦北,2024-06-06,9237
3260,威剛,22,8,14,凱基-敦北,2024-06-06,9237
1108,幸福,12,0,12,凱基-敦北,2024-06-06,9237
1316,上曜,12,0,12,凱基-敦北,2024-06-06,9237
00679B,元大美債20年,12,1,11,凱基-敦北,2024-06-06,9237
1102,亞泥,10,0,10,凱基-敦北,2024-06-06,9237
2855,統一證,10,0,10,凱基-敦北,2024-06-06,9237
4114,健喬,10,0,10,凱基-敦北,2024-06-06,9237
00772B,中信高評級公司債,9,0,9,凱基-敦北,2024-06-06,9237
1560,中砂,11,2,9,凱基-敦北,2024-06-06,9237
2105,正新,10,1,9,凱基-敦北,2024-06-06,9237
2312,金寶,25,16,9,凱基-敦北,2024-06-06,9237
2611,志信,9,0,9,凱基-敦北,2024-06-06,9237
4726,永昕,9,0,9,凱基-敦北,2024-06-06,9237
00929,復華台灣科技優息,25,17,8,凱基-敦北,2024-06-06,9237
00751B,元大AAA至A公司債,8,0,8,凱基-敦北,2024-06-06,9237
1452,宏益,8,0,8,凱基-敦北,2024-06-06,9237
6207,雷科,8,0,8,凱基-敦北,2024-06-06,9237
00722B,群益投資級電信債,7,0,7,凱基-敦北,2024-06-06,9237
1522,堤維西,9,2,7,凱基-敦北,2024-06-06,9237
2353,宏��,22,15,7,凱基-敦北,2024-06-06,9237
00662,富邦NASDAQ,7,0,7,凱基-敦北,2024-06-06,9237
2371,大同,6,0,6,凱基-敦北,2024-06-06,9237
2438,翔耀,7,1,6,凱基-敦北,2024-06-06,9237
2515,中工,6,0,6,凱基-敦北,2024-06-06,9237
3511,矽瑪,6,0,6,凱基-敦北,2024-06-06,9237
5243,乙盛-KY,220,20,200,凱基-敦北,2024-06-07,9237
00946,群益科技高息成長,46,1,45,凱基-敦北,2024-06-07,9237
8039,台虹,45,0,45,凱基-敦北,2024-06-07,9237
4306,炎洲,35,1,34,凱基-敦北,2024-06-07,9237
3231,緯創,34,1,33,凱基-敦北,2024-06-07,9237
9945,潤泰新,64,33,31,凱基-敦北,2024-06-07,9237
2323,中環,30,0,30,凱基-敦北,2024-06-07,9237
00751B,元大AAA至A公司債,28,0,28,凱基-敦北,2024-06-07,9237
00637L,元大滬深300正2,25,1,24,凱基-敦北,2024-06-07,9237
2890,永豐金,23,0,23,凱基-敦北,2024-06-07,9237
00720B,元大投資級公司債,22,0,22,凱基-敦北,2024-06-07,9237
00918,大華優利高填息30,23,2,21,凱基-敦北,2024-06-07,9237
2344,華邦電,22,2,20,凱基-敦北,2024-06-07,9237
00881,國泰台灣5G+,20,0,20,凱基-敦北,2024-06-07,9237
4533,協易機,19,0,19,凱基-敦北,2024-06-07,9237
00878,國泰永續高股息,19,1,18,凱基-敦北,2024-06-07,9237
6782,視陽,17,0,17,凱基-敦北,2024-06-07,9237
8163,達方,19,2,17,凱基-敦北,2024-06-07,9237
2317,鴻海,23,6,17,凱基-敦北,2024-06-07,9237
3481,群創,17,2,15,凱基-敦北,2024-06-07,9237
00687B,國泰20年美債,15,2,13,凱基-敦北,2024-06-07,9237
1616,億泰,13,0,13,凱基-敦北,2024-06-07,9237
3675,德微,14,1,13,凱基-敦北,2024-06-07,9237
2881,富邦金,12,0,12,凱基-敦北,2024-06-07,9237
8110,華東,12,0,12,凱基-敦北,2024-06-07,9237
00936,台新永續高息中小,12,0,12,凱基-敦北,2024-06-07,9237
2101,南港,17,6,11,凱基-敦北,2024-06-07,9237
2401,凌陽,11,0,11,凱基-敦北,2024-06-07,9237
2888,新光金,50,39,11,凱基-敦北,2024-06-07,9237
1611,中電,10,0,10,凱基-敦北,2024-06-07,9237
2884,玉山金,20,10,10,凱基-敦北,2024-06-07,9237
3062,建漢,10,0,10,凱基-敦北,2024-06-07,9237
3122,笙泉,18,8,10,凱基-敦北,2024-06-07,9237
9946,三發地產,10,0,10,凱基-敦北,2024-06-07,9237
2303,聯電,10,1,9,凱基-敦北,2024-06-07,9237
00773B,中信優先金融債,9,0,9,凱基-敦北,2024-06-07,9237
2330,台積電,11,3,8,凱基-敦北,2024-06-07,9237
2356,英業達,9,1,8,凱基-敦北,2024-06-07,9237
00895,富邦未來車,8,0,8,凱基-敦北,2024-06-07,9237
1609,大亞,9,1,8,凱基-敦北,2024-06-07,9237
2312,金寶,14,6,8,凱基-敦北,2024-06-07,9237
2489,瑞軒,8,0,8,凱基-敦北,2024-06-07,9237
6546,正基,9,1,8,凱基-敦北,2024-06-07,9237
8027,鈦昇,8,0,8,凱基-敦北,2024-06-07,9237
00929,復華台灣科技優息,18,11,7,凱基-敦北,2024-06-07,9237
00724B,群益投資級金融債,7,0,7,凱基-敦北,2024-06-07,9237
00893,國泰智能電動車,7,0,7,凱基-敦北,2024-06-07,9237
2417,圓剛,7,0,7,凱基-敦北,2024-06-07,9237
3042,晶技,11,4,7,凱基-敦北,2024-06-07,9237
3048,益登,7,0,7,凱基-敦北,2024-06-07,9237
5243,乙盛-KY,376,86,290,凱基-敦北,2024-06-11,9237
00679B,元大美債20年,288,12,276,凱基-敦北,2024-06-11,9237
00919,群益台灣精選高息,212,1,211,凱基-敦北,2024-06-11,9237
3374,精材,233,46,187,凱基-敦北,2024-06-11,9237
00632R,元大台灣50反1,150,0,150,凱基-敦北,2024-06-11,9237
00937B,群益ESG投等債20,122,0,122,凱基-敦北,2024-06-11,9237
1570,力肯,100,0,100,凱基-敦北,2024-06-11,9237
2641,正德,130,33,97,凱基-敦北,2024-06-11,9237
00918,大華優利高填息30,72,0,72,凱基-敦北,2024-06-11,9237
00933B,國泰10Y+金融債,50,0,50,凱基-敦北,2024-06-11,9237
4979,華星光,90,41,49,凱基-敦北,2024-06-11,9237
2603,長榮,58,17,41,凱基-敦北,2024-06-11,9237
00687B,國泰20年美債,36,0,36,凱基-敦北,2024-06-11,9237
00940,元大台灣價值高息,53,21,32,凱基-敦北,2024-06-11,9237
2887,台新金,31,1,30,凱基-敦北,2024-06-11,9237
9946,三發地產,28,0,28,凱基-敦北,2024-06-11,9237
00929,復華台灣科技優息,59,32,27,凱基-敦北,2024-06-11,9237
00927,群益半導體收益,25,0,25,凱基-敦北,2024-06-11,9237
4306,炎洲,25,0,25,凱基-敦北,2024-06-11,9237
3047,訊舟,112,91,21,凱基-敦北,2024-06-11,9237
00751B,元大AAA至A公司債,20,0,20,凱基-敦北,2024-06-11,9237
00719B,元大美債1-3,20,0,20,凱基-敦北,2024-06-11,9237
2025,千興,20,0,20,凱基-敦北,2024-06-11,9237
6234,高僑,20,0,20,凱基-敦北,2024-06-11,9237
3231,緯創,18,1,17,凱基-敦北,2024-06-11,9237
00882,中信中國高股息,17,1,16,凱基-敦北,2024-06-11,9237
00907,永豐優息存股,15,0,15,凱基-敦北,2024-06-11,9237
2368,金像電,16,3,13,凱基-敦北,2024-06-11,9237
00931B,統一美債20年,13,0,13,凱基-敦北,2024-06-11,9237
2374,佳能,14,1,13,凱基-敦北,2024-06-11,9237
5263,智崴,15,2,13,凱基-敦北,2024-06-11,9237
2438,翔耀,12,0,12,凱基-敦北,2024-06-11,9237
1616,億泰,18,7,11,凱基-敦北,2024-06-11,9237
2498,宏達電,15,4,11,凱基-敦北,2024-06-11,9237
6116,彩晶,11,0,11,凱基-敦北,2024-06-11,9237
8996,高力,10,0,10,凱基-敦北,2024-06-11,9237
00936,台新永續高息中小,10,0,10,凱基-敦北,2024-06-11,9237
00651R,復華香港反1,10,0,10,凱基-敦北,2024-06-11,9237
1506,正道,10,0,10,凱基-敦北,2024-06-11,9237
2323,中環,10,0,10,凱基-敦北,2024-06-11,9237
2444,兆勁,10,0,10,凱基-敦北,2024-06-11,9237
2903,遠百,30,20,10,凱基-敦北,2024-06-11,9237
4401,東隆興,10,0,10,凱基-敦北,2024-06-11,9237
1609,大亞,15,5,10,凱基-敦北,2024-06-11,9237
2356,英業達,9,0,9,凱基-敦北,2024-06-11,9237
2476,鉅祥,9,0,9,凱基-敦北,2024-06-11,9237
00680L,元大美債20正2,74,65,9,凱基-敦北,2024-06-11,9237
00720B,元大投資級公司債,9,0,9,凱基-敦北,2024-06-11,9237
2515,中工,11,2,9,凱基-敦北,2024-06-11,9237
2376,技嘉,8,0,8,凱基-敦北,2024-06-11,9237
2886,兆豐金,481,0,481,凱基-敦北,2024-06-12,9237
00937B,群益ESG投等債20,245,0,245,凱基-敦北,2024-06-12,9237
00919,群益台灣精選高息,116,0,116,凱基-敦北,2024-06-12,9237
00940,元大台灣價值高息,69,5,64,凱基-敦北,2024-06-12,9237
1314,中石化,70,10,60,凱基-敦北,2024-06-12,9237
2504,國產,48,1,47,凱基-敦北,2024-06-12,9237
1618,合機,39,0,39,凱基-敦北,2024-06-12,9237
2609,陽明,76,44,32,凱基-敦北,2024-06-12,9237
2606,裕民,30,0,30,凱基-敦北,2024-06-12,9237
2615,萬海,37,10,27,凱基-敦北,2024-06-12,9237
00637L,元大滬深300正2,25,0,25,凱基-敦北,2024-06-12,9237
2637,慧洋-KY,52,27,25,凱基-敦北,2024-06-12,9237
00882,中信中國高股息,23,0,23,凱基-敦北,2024-06-12,9237
2367,燿華,54,31,23,凱基-敦北,2024-06-12,9237
4909,新復興,22,1,21,凱基-敦北,2024-06-12,9237
00687B,國泰20年美債,24,4,20,凱基-敦北,2024-06-12,9237
2025,千興,20,0,20,凱基-敦北,2024-06-12,9237
2323,中環,20,0,20,凱基-敦北,2024-06-12,9237
6156,松上,20,0,20,凱基-敦北,2024-06-12,9237
8039,台虹,20,0,20,凱基-敦北,2024-06-12,9237
5324,士開,19,0,19,凱基-敦北,2024-06-12,9237
3450,聯鈞,17,1,16,凱基-敦北,2024-06-12,9237
9945,潤泰新,30,15,15,凱基-敦北,2024-06-12,9237
2438,翔耀,15,0,15,凱基-敦北,2024-06-12,9237
4306,炎洲,15,0,15,凱基-敦北,2024-06-12,9237
2201,裕隆,14,0,14,凱基-敦北,2024-06-12,9237
00945B,凱基美國非投等債,33,19,14,凱基-敦北,2024-06-12,9237
1809,中釉,13,0,13,凱基-敦北,2024-06-12,9237
2356,英業達,15,2,13,凱基-敦北,2024-06-12,9237
2883,凱基金,30,17,13,凱基-敦北,2024-06-12,9237
9946,三發地產,13,0,13,凱基-敦北,2024-06-12,9237
0056,元大高股息,11,0,11,凱基-敦北,2024-06-12,9237
00918,大華優利高填息30,11,0,11,凱基-敦北,2024-06-12,9237
2303,聯電,13,2,11,凱基-敦北,2024-06-12,9237
6274,台燿,47,36,11,凱基-敦北,2024-06-12,9237
3229,晟鈦,10,0,10,凱基-敦北,2024-06-12,9237
6695,芯鼎,10,0,10,凱基-敦北,2024-06-12,9237
8091,翔名,10,0,10,凱基-敦北,2024-06-12,9237
3231,緯創,19,9,10,凱基-敦北,2024-06-12,9237
2464,盟立,12,3,9,凱基-敦北,2024-06-12,9237
5243,乙盛-KY,95,86,9,凱基-敦北,2024-06-12,9237
8996,高力,9,0,9,凱基-敦北,2024-06-12,9237
3305,昇貿,8,0,8,凱基-敦北,2024-06-12,9237
5498,凱崴,15,7,8,凱基-敦北,2024-06-12,9237
6116,彩晶,13,5,8,凱基-敦北,2024-06-12,9237
00751B,元大AAA至A公司債,7,0,7,凱基-敦北,2024-06-12,9237
00680L,元大美債20正2,16,10,6,凱基-敦北,2024-06-12,9237
00907,永豐優息存股,6,0,6,凱基-敦北,2024-06-12,9237
6166,凌華,7,1,6,凱基-敦北,2024-06-12,9237
00878,國泰永續高股息,5,0,5,凱基-敦北,2024-06-12,9237
2886,兆豐金,312,2,310,凱基-敦北,2024-06-13,9237
2368,金像電,73,0,73,凱基-敦北,2024-06-13,9237
9105,泰金寶-DR,50,1,49,凱基-敦北,2024-06-13,9237
00937B,群益ESG投等債20,43,0,43,凱基-敦北,2024-06-13,9237
2609,陽明,49,18,31,凱基-敦北,2024-06-13,9237
8096,擎亞,40,10,30,凱基-敦北,2024-06-13,9237
3231,緯創,30,4,26,凱基-敦北,2024-06-13,9237
4979,華星光,41,15,26,凱基-敦北,2024-06-13,9237
8064,東捷,21,0,21,凱基-敦北,2024-06-13,9237
00632R,元大台灣50反1,20,0,20,凱基-敦北,2024-06-13,9237
2504,國產,20,0,20,凱基-敦北,2024-06-13,9237
2543,皇昌,20,0,20,凱基-敦北,2024-06-13,9237
1609,大亞,21,2,19,凱基-敦北,2024-06-13,9237
2634,漢翔,19,0,19,凱基-敦北,2024-06-13,9237
00687B,國泰20年美債,20,2,18,凱基-敦北,2024-06-13,9237
5324,士開,18,0,18,凱基-敦北,2024-06-13,9237
2615,萬海,41,25,16,凱基-敦北,2024-06-13,9237
1722,台肥,16,0,16,凱基-敦北,2024-06-13,9237
6548,長科*,16,0,16,凱基-敦北,2024-06-13,9237
3390,旭軟,16,0,16,凱基-敦北,2024-06-13,9237
2330,台積電,18,5,13,凱基-敦北,2024-06-13,9237
1582,信錦,15,2,13,凱基-敦北,2024-06-13,9237
2025,千興,13,0,13,凱基-敦北,2024-06-13,9237
2201,裕隆,12,0,12,凱基-敦北,2024-06-13,9237
4908,前鼎,18,6,12,凱基-敦北,2024-06-13,9237
4991,環宇-KY,12,0,12,凱基-敦北,2024-06-13,9237
3260,威剛,18,7,11,凱基-敦北,2024-06-13,9237
1326,台化,10,0,10,凱基-敦北,2024-06-13,9237
1605,華新,10,0,10,凱基-敦北,2024-06-13,9237
2855,統一證,20,10,10,凱基-敦北,2024-06-13,9237
4432,銘旺實,10,0,10,凱基-敦北,2024-06-13,9237
1618,合機,10,0,10,凱基-敦北,2024-06-13,9237
6890,來億-KY,10,1,9,凱基-敦北,2024-06-13,9237
00946,群益科技高息成長,9,1,8,凱基-敦北,2024-06-13,9237
2105,正新,11,3,8,凱基-敦北,2024-06-13,9237
6125,廣運,13,5,8,凱基-敦北,2024-06-13,9237
8027,鈦昇,8,0,8,凱基-敦北,2024-06-13,9237
5263,智崴,35,28,7,凱基-敦北,2024-06-13,9237
2618,長榮航,15,8,7,凱基-敦北,2024-06-13,9237
0050,元大台灣50,7,0,7,凱基-敦北,2024-06-13,9237
00936,台新永續高息中小,7,1,6,凱基-敦北,2024-06-13,9237
2340,台亞,6,0,6,凱基-敦北,2024-06-13,9237
2891,中信金,6,0,6,凱基-敦北,2024-06-13,9237
6129,普誠,6,0,6,凱基-敦北,2024-06-13,9237
2317,鴻海,20,14,6,凱基-敦北,2024-06-13,9237
00923,群益台ESG低碳50,5,0,5,凱基-敦北,2024-06-13,9237
1522,堤維西,6,1,5,凱基-敦北,2024-06-13,9237
2020,美亞,5,0,5,凱基-敦北,2024-06-13,9237
2349,錸德,5,0,5,凱基-敦北,2024-06-13,9237
3217,優群,5,0,5,凱基-敦北,2024-06-13,9237
00937B,群益ESG投等債20,122,6,116,凱基-敦北,2024-06-14,9237
5243,乙盛-KY,103,4,99,凱基-敦北,2024-06-14,9237
912000,晨訊科-DR,70,0,70,凱基-敦北,2024-06-14,9237
2888,新光金,67,0,67,凱基-敦北,2024-06-14,9237
2392,正崴,53,18,35,凱基-敦北,2024-06-14,9237
3217,優群,35,0,35,凱基-敦北,2024-06-14,9237
2464,盟立,31,0,31,凱基-敦北,2024-06-14,9237
1101,台泥,30,2,28,凱基-敦北,2024-06-14,9237
8096,擎亞,59,33,26,凱基-敦北,2024-06-14,9237
4306,炎洲,21,0,21,凱基-敦北,2024-06-14,9237
6609,瀧澤科,21,0,21,凱基-敦北,2024-06-14,9237
2504,國產,20,0,20,凱基-敦北,2024-06-14,9237
1587,吉茂,17,2,15,凱基-敦北,2024-06-14,9237
00720B,元大投資級公司債,12,0,12,凱基-敦北,2024-06-14,9237
5355,佳總,12,0,12,凱基-敦北,2024-06-14,9237
00929,復華台灣科技優息,23,11,12,凱基-敦北,2024-06-14,9237
2634,漢翔,11,0,11,凱基-敦北,2024-06-14,9237
2371,大同,28,18,10,凱基-敦北,2024-06-14,9237
00948B,中信優息投資級債,10,0,10,凱基-敦北,2024-06-14,9237
00946,群益科技高息成長,10,0,10,凱基-敦北,2024-06-14,9237
1514,亞力,36,26,10,凱基-敦北,2024-06-14,9237
1786,科妍,10,0,10,凱基-敦北,2024-06-14,9237
2301,光寶科,12,2,10,凱基-敦北,2024-06-14,9237
8163,達方,10,0,10,凱基-敦北,2024-06-14,9237
9945,潤泰新,10,0,10,凱基-敦北,2024-06-14,9237
3055,蔚華科,10,0,10,凱基-敦北,2024-06-14,9237
8039,台虹,11,2,9,凱基-敦北,2024-06-14,9237
3035,智原,9,1,8,凱基-敦北,2024-06-14,9237
00918,大華優利高填息30,8,0,8,凱基-敦北,2024-06-14,9237
8011,台通,9,1,8,凱基-敦北,2024-06-14,9237
1513,中興電,21,13,8,凱基-敦北,2024-06-14,9237
1102,亞泥,7,0,7,凱基-敦北,2024-06-14,9237
1570,力肯,7,0,7,凱基-敦北,2024-06-14,9237
2020,美亞,7,0,7,凱基-敦北,2024-06-14,9237
3036,文曄,7,0,7,凱基-敦北,2024-06-14,9237
4714,永捷,8,1,7,凱基-敦北,2024-06-14,9237
6166,凌華,7,0,7,凱基-敦北,2024-06-14,9237
00712,復華富時不動產,6,0,6,凱基-敦北,2024-06-14,9237
3059,華晶科,6,0,6,凱基-敦北,2024-06-14,9237
3264,欣銓,6,0,6,凱基-敦北,2024-06-14,9237
4533,協易機,8,2,6,凱基-敦北,2024-06-14,9237
8028,昇陽半導體,6,0,6,凱基-敦北,2024-06-14,9237
2363,矽統,6,0,6,凱基-敦北,2024-06-14,9237
5347,世界,5,0,5,凱基-敦北,2024-06-14,9237
5871,中租-KY,5,0,5,凱基-敦北,2024-06-14,9237
00915,凱基優選高股息30,7,2,5,凱基-敦北,2024-06-14,9237
1313,聯成,5,0,5,凱基-敦北,2024-06-14,9237
3037,欣興,5,0,5,凱基-敦北,2024-06-14,9237
3202,樺晟,5,0,5,凱基-敦北,2024-06-14,9237
3313,斐成,5,0,5,凱基-敦北,2024-06-14,9237
2449,京元電子,280,48,232,凱基-敦北,2024-06-17,9237
1815,富喬,174,42,132,凱基-敦北,2024-06-17,9237
00937B,群益ESG投等債20,111,2,109,凱基-敦北,2024-06-17,9237
5243,乙盛-KY,89,24,65,凱基-敦北,2024-06-17,9237
2609,陽明,78,21,57,凱基-敦北,2024-06-17,9237
2438,翔耀,50,0,50,凱基-敦北,2024-06-17,9237
00918,大華優利高填息30,57,8,49,凱基-敦北,2024-06-17,9237
2368,金像電,45,1,44,凱基-敦北,2024-06-17,9237
3376,新日興,33,2,31,凱基-敦北,2024-06-17,9237
00929,復華台灣科技優息,29,5,24,凱基-敦北,2024-06-17,9237
00712,復華富時不動產,24,0,24,凱基-敦北,2024-06-17,9237
2515,中工,24,1,23,凱基-敦北,2024-06-17,9237
2303,聯電,28,6,22,凱基-敦北,2024-06-17,9237
4726,永昕,46,25,21,凱基-敦北,2024-06-17,9237
6830,汎銓,18,1,17,凱基-敦北,2024-06-17,9237
6890,來億-KY,20,4,16,凱基-敦北,2024-06-17,9237
4909,新復興,19,4,15,凱基-敦北,2024-06-17,9237
00679B,元大美債20年,18,6,12,凱基-敦北,2024-06-17,9237
2615,萬海,20,8,12,凱基-敦北,2024-06-17,9237
1605,華新,13,1,12,凱基-敦北,2024-06-17,9237
00936,台新永續高息中小,11,0,11,凱基-敦北,2024-06-17,9237
3030,德律,10,0,10,凱基-敦北,2024-06-17,9237
3260,威剛,14,4,10,凱基-敦北,2024-06-17,9237
1110,東泥,10,0,10,凱基-敦北,2024-06-17,9237
00941,中信上游半導體,10,0,10,凱基-敦北,2024-06-17,9237
3714,富采,10,0,10,凱基-敦北,2024-06-17,9237
4306,炎洲,10,0,10,凱基-敦北,2024-06-17,9237
911608,明輝-DR,10,0,10,凱基-敦北,2024-06-17,9237
2376,技嘉,9,0,9,凱基-敦北,2024-06-17,9237
2349,錸德,9,0,9,凱基-敦北,2024-06-17,9237
4533,協易機,11,2,9,凱基-敦北,2024-06-17,9237
2888,新光金,10,2,8,凱基-敦北,2024-06-17,9237
5009,榮剛,18,10,8,凱基-敦北,2024-06-17,9237
6535,順藥,10,2,8,凱基-敦北,2024-06-17,9237
8105,凌巨,8,0,8,凱基-敦北,2024-06-17,9237
8112,至上,14,7,7,凱基-敦北,2024-06-17,9237
00946,群益科技高息成長,7,0,7,凱基-敦北,2024-06-17,9237
00948B,中信優息投資級債,7,0,7,凱基-敦北,2024-06-17,9237
2312,金寶,9,2,7,凱基-敦北,2024-06-17,9237
6139,亞翔,21,14,7,凱基-敦北,2024-06-17,9237
9946,三發地產,7,0,7,凱基-敦北,2024-06-17,9237
1618,合機,14,8,6,凱基-敦北,2024-06-17,9237
2371,大同,17,11,6,凱基-敦北,2024-06-17,9237
2610,華航,6,0,6,凱基-敦北,2024-06-17,9237
3035,智原,17,11,6,凱基-敦北,2024-06-17,9237
6451,訊芯-KY,6,0,6,凱基-敦北,2024-06-17,9237
3481,群創,14,8,6,凱基-敦北,2024-06-17,9237
00939,統一台灣高息動能,6,0,6,凱基-敦北,2024-06-17,9237
00919,群益台灣精選高息,6,1,5,凱基-敦北,2024-06-17,9237
2382,廣達,8,3,5,凱基-敦北,2024-06-17,9237
2303,聯電,206,13,193,凱基-敦北,2024-06-18,9237
00937B,群益ESG投等債20,67,0,67,凱基-敦北,2024-06-18,9237
3163,波若威,81,17,64,凱基-敦北,2024-06-18,9237
8064,東捷,83,26,57,凱基-敦北,2024-06-18,9237
00687B,國泰20年美債,58,14,44,凱基-敦北,2024-06-18,9237
5439,高技,40,0,40,凱基-敦北,2024-06-18,9237
2641,正德,36,0,36,凱基-敦北,2024-06-18,9237
3048,益登,35,0,35,凱基-敦北,2024-06-18,9237
6166,凌華,30,0,30,凱基-敦北,2024-06-18,9237
911608,明輝-DR,33,3,30,凱基-敦北,2024-06-18,9237
00946,群益科技高息成長,32,3,29,凱基-敦北,2024-06-18,9237
3374,精材,34,6,28,凱基-敦北,2024-06-18,9237
6125,廣運,30,2,28,凱基-敦北,2024-06-18,9237
4123,晟德,26,1,25,凱基-敦北,2024-06-18,9237
00918,大華優利高填息30,33,9,24,凱基-敦北,2024-06-18,9237
1802,台玻,26,2,24,凱基-敦北,2024-06-18,9237
2438,翔耀,23,2,21,凱基-敦北,2024-06-18,9237
1815,富喬,78,58,20,凱基-敦北,2024-06-18,9237
4961,天鈺,20,0,20,凱基-敦北,2024-06-18,9237
00936,台新永續高息中小,30,11,19,凱基-敦北,2024-06-18,9237
00632R,元大台灣50反1,18,0,18,凱基-敦北,2024-06-18,9237
1609,大亞,17,1,16,凱基-敦北,2024-06-18,9237
2603,長榮,16,0,16,凱基-敦北,2024-06-18,9237
00712,復華富時不動產,16,0,16,凱基-敦北,2024-06-18,9237
1736,喬山,16,0,16,凱基-敦北,2024-06-18,9237
3006,晶豪科,23,8,15,凱基-敦北,2024-06-18,9237
3321,同泰,15,0,15,凱基-敦北,2024-06-18,9237
00679B,元大美債20年,18,4,14,凱基-敦北,2024-06-18,9237
2617,台航,13,0,13,凱基-敦北,2024-06-18,9237
1301,台塑,12,0,12,凱基-敦北,2024-06-18,9237
2392,正崴,14,2,12,凱基-敦北,2024-06-18,9237
8996,高力,24,13,11,凱基-敦北,2024-06-18,9237
1808,潤隆,11,0,11,凱基-敦北,2024-06-18,9237
00720B,元大投資級公司債,13,2,11,凱基-敦北,2024-06-18,9237
1101,台泥,10,0,10,凱基-敦北,2024-06-18,9237
00646,元大S＆P500,10,0,10,凱基-敦北,2024-06-18,9237
00942B,台新美A公司債20+,10,0,10,凱基-敦北,2024-06-18,9237
1806,冠軍,10,0,10,凱基-敦北,2024-06-18,9237
2444,兆勁,10,0,10,凱基-敦北,2024-06-18,9237
2504,國產,10,0,10,凱基-敦北,2024-06-18,9237
3297,杭特,10,0,10,凱基-敦北,2024-06-18,9237
5905,南仁湖,10,0,10,凱基-敦北,2024-06-18,9237
6156,松上,10,0,10,凱基-敦北,2024-06-18,9237
9945,潤泰新,11,1,10,凱基-敦北,2024-06-18,9237
4566,時碩工業,12,2,10,凱基-敦北,2024-06-18,9237
9103,美德醫療-DR,10,0,10,凱基-敦北,2024-06-18,9237
2049,上銀,21,12,9,凱基-敦北,2024-06-18,9237
2501,國建,10,1,9,凱基-敦北,2024-06-18,9237
4207,環泰,9,0,9,凱基-敦北,2024-06-18,9237
2312,金寶,8,0,8,凱基-敦北,2024-06-18,9237
00676R,富邦臺灣加權反1,100,0,100,凱基-敦北,2024-06-19,9237
00632R,元大台灣50反1,69,0,69,凱基-敦北,2024-06-19,9237
2352,佳世達,62,0,62,凱基-敦北,2024-06-19,9237
00936,台新永續高息中小,56,3,53,凱基-敦北,2024-06-19,9237
00680L,元大美債20正2,53,0,53,凱基-敦北,2024-06-19,9237
3105,穩懋,42,1,41,凱基-敦北,2024-06-19,9237
1301,台塑,40,3,37,凱基-敦北,2024-06-19,9237
4534,慶騰,31,0,31,凱基-敦北,2024-06-19,9237
2504,國產,40,10,30,凱基-敦北,2024-06-19,9237
6290,良維,26,0,26,凱基-敦北,2024-06-19,9237
00687B,國泰20年美債,27,4,23,凱基-敦北,2024-06-19,9237
4726,永昕,23,0,23,凱基-敦北,2024-06-19,9237
3481,群創,21,0,21,凱基-敦北,2024-06-19,9237
2356,英業達,33,12,21,凱基-敦北,2024-06-19,9237
00671R,富邦NASDAQ反1,20,0,20,凱基-敦北,2024-06-19,9237
1316,上曜,20,0,20,凱基-敦北,2024-06-19,9237
00679B,元大美債20年,30,11,19,凱基-敦北,2024-06-19,9237
6112,邁達特,19,1,18,凱基-敦北,2024-06-19,9237
2308,台達電,22,5,17,凱基-敦北,2024-06-19,9237
9105,泰金寶-DR,34,17,17,凱基-敦北,2024-06-19,9237
8299,群聯,15,0,15,凱基-敦北,2024-06-19,9237
00878,國泰永續高股息,18,4,14,凱基-敦北,2024-06-19,9237
2344,華邦電,14,0,14,凱基-敦北,2024-06-19,9237
6234,高僑,19,6,13,凱基-敦北,2024-06-19,9237
3030,德律,13,0,13,凱基-敦北,2024-06-19,9237
2617,台航,12,0,12,凱基-敦北,2024-06-19,9237
5530,龍巖,13,1,12,凱基-敦北,2024-06-19,9237
00946,群益科技高息成長,14,3,11,凱基-敦北,2024-06-19,9237
2476,鉅祥,11,0,11,凱基-敦北,2024-06-19,9237
5243,乙盛-KY,27,16,11,凱基-敦北,2024-06-19,9237
6116,彩晶,11,0,11,凱基-敦北,2024-06-19,9237
8112,至上,11,0,11,凱基-敦北,2024-06-19,9237
00940,元大台灣價值高息,17,6,11,凱基-敦北,2024-06-19,9237
3062,建漢,11,1,10,凱基-敦北,2024-06-19,9237
6117,迎廣,10,0,10,凱基-敦北,2024-06-19,9237
00929,復華台灣科技優息,41,32,9,凱基-敦北,2024-06-19,9237
2337,旺宏,9,0,9,凱基-敦北,2024-06-19,9237
5324,士開,9,0,9,凱基-敦北,2024-06-19,9237
5381,合正,9,0,9,凱基-敦北,2024-06-19,9237
5439,高技,10,1,9,凱基-敦北,2024-06-19,9237
1589,永冠-KY,8,0,8,凱基-敦北,2024-06-19,9237
2365,昆盈,10,2,8,凱基-敦北,2024-06-19,9237
4153,鈺緯,8,0,8,凱基-敦北,2024-06-19,9237
4566,時碩工業,14,6,8,凱基-敦北,2024-06-19,9237
3202,樺晟,7,0,7,凱基-敦北,2024-06-19,9237
6782,視陽,7,0,7,凱基-敦北,2024-06-19,9237
8234,新漢,7,0,7,凱基-敦北,2024-06-19,9237
2371,大同,20,13,7,凱基-敦北,2024-06-19,9237
3260,威剛,16,10,6,凱基-敦北,2024-06-19,9237
1795,美時,7,1,6,凱基-敦北,2024-06-19,9237
2449,京元電子,206,7,199,凱基-敦北,2024-06-20,9237
6217,中探針,103,3,100,凱基-敦北,2024-06-20,9237
8039,台虹,66,0,66,凱基-敦北,2024-06-20,9237
00687B,國泰20年美債,43,0,43,凱基-敦北,2024-06-20,9237
00680L,元大美債20正2,102,60,42,凱基-敦北,2024-06-20,9237
1802,台玻,36,0,36,凱基-敦北,2024-06-20,9237
00947,台新臺灣IC設計,32,0,32,凱基-敦北,2024-06-20,9237
5243,乙盛-KY,30,0,30,凱基-敦北,2024-06-20,9237
8027,鈦昇,44,14,30,凱基-敦北,2024-06-20,9237
6274,台燿,43,14,29,凱基-敦北,2024-06-20,9237
2365,昆盈,30,1,29,凱基-敦北,2024-06-20,9237
3035,智原,28,0,28,凱基-敦北,2024-06-20,9237
2330,台積電,30,2,28,凱基-敦北,2024-06-20,9237
3374,精材,28,1,27,凱基-敦北,2024-06-20,9237
4306,炎洲,27,1,26,凱基-敦北,2024-06-20,9237
2881,富邦金,26,1,25,凱基-敦北,2024-06-20,9237
2353,宏��,25,0,25,凱基-敦北,2024-06-20,9237
00632R,元大台灣50反1,23,0,23,凱基-敦北,2024-06-20,9237
2597,潤弘,22,0,22,凱基-敦北,2024-06-20,9237
2352,佳世達,21,0,21,凱基-敦北,2024-06-20,9237
5439,高技,25,5,20,凱基-敦北,2024-06-20,9237
00936,台新永續高息中小,18,0,18,凱基-敦北,2024-06-20,9237
5324,士開,17,0,17,凱基-敦北,2024-06-20,9237
6782,視陽,17,0,17,凱基-敦北,2024-06-20,9237
1609,大亞,16,0,16,凱基-敦北,2024-06-20,9237
00931B,統一美債20年,14,0,14,凱基-敦北,2024-06-20,9237
1217,愛之味,31,18,13,凱基-敦北,2024-06-20,9237
1316,上曜,13,0,13,凱基-敦北,2024-06-20,9237
8070,長華*,12,0,12,凱基-敦北,2024-06-20,9237
2316,楠梓電,14,2,12,凱基-敦北,2024-06-20,9237
2618,長榮航,11,0,11,凱基-敦北,2024-06-20,9237
00770,國泰北美科技,10,0,10,凱基-敦北,2024-06-20,9237
2348,海悅,10,0,10,凱基-敦北,2024-06-20,9237
2883B,凱基金乙特,10,0,10,凱基-敦北,2024-06-20,9237
6160,欣技,11,1,10,凱基-敦北,2024-06-20,9237
9933,中鼎,10,0,10,凱基-敦北,2024-06-20,9237
9105,泰金寶-DR,28,18,10,凱基-敦北,2024-06-20,9237
2312,金寶,11,2,9,凱基-敦北,2024-06-20,9237
4533,協易機,9,0,9,凱基-敦北,2024-06-20,9237
6449,鈺邦,8,0,8,凱基-敦北,2024-06-20,9237
00751B,元大AAA至A公司債,10,2,8,凱基-敦北,2024-06-20,9237
6637,醫影,8,0,8,凱基-敦北,2024-06-20,9237
3481,群創,8,0,8,凱基-敦北,2024-06-20,9237
4909,新復興,10,3,7,凱基-敦北,2024-06-20,9237
3483,力致,11,4,7,凱基-敦北,2024-06-20,9237
4153,鈺緯,7,0,7,凱基-敦北,2024-06-20,9237
3413,京鼎,7,0,7,凱基-敦北,2024-06-20,9237
3047,訊舟,9,2,7,凱基-敦北,2024-06-20,9237
1503,士電,12,6,6,凱基-敦北,2024-06-20,9237
00934,中信成長高股息,7,1,6,凱基-敦北,2024-06-20,9237
00937B,群益ESG投等債20,347,7,340,凱基-敦北,2024-06-21,9237
1108,幸福,200,0,200,凱基-敦北,2024-06-21,9237
00919,群益台灣精選高息,227,31,196,凱基-敦北,2024-06-21,9237
5388,中磊,112,0,112,凱基-敦北,2024-06-21,9237
2906,高林,102,0,102,凱基-敦北,2024-06-21,9237
00676R,富邦臺灣加權反1,100,0,100,凱基-敦北,2024-06-21,9237
3289,宜特,83,2,81,凱基-敦北,2024-06-21,9237
2504,國產,63,0,63,凱基-敦北,2024-06-21,9237
1303,南亞,55,0,55,凱基-敦北,2024-06-21,9237
2312,金寶,40,0,40,凱基-敦北,2024-06-21,9237
2412,中華電,40,0,40,凱基-敦北,2024-06-21,9237
2303,聯電,46,7,39,凱基-敦北,2024-06-21,9237
00933B,國泰10Y+金融債,43,10,33,凱基-敦北,2024-06-21,9237
1611,中電,40,10,30,凱基-敦北,2024-06-21,9237
2476,鉅祥,30,0,30,凱基-敦北,2024-06-21,9237
00929,復華台灣科技優息,35,11,24,凱基-敦北,2024-06-21,9237
1815,富喬,75,54,21,凱基-敦北,2024-06-21,9237
2365,昆盈,26,5,21,凱基-敦北,2024-06-21,9237
00642U,期元大S＆P石油,21,0,21,凱基-敦北,2024-06-21,9237
5603,陸海,20,0,20,凱基-敦北,2024-06-21,9237
6173,信昌電,21,1,20,凱基-敦北,2024-06-21,9237
8110,華東,20,0,20,凱基-敦北,2024-06-21,9237
2498,宏達電,22,3,19,凱基-敦北,2024-06-21,9237
00918,大華優利高填息30,20,2,18,凱基-敦北,2024-06-21,9237
6782,視陽,18,0,18,凱基-敦北,2024-06-21,9237
1321,大洋,15,0,15,凱基-敦北,2024-06-21,9237
6156,松上,15,0,15,凱基-敦北,2024-06-21,9237
00637L,元大滬深300正2,14,0,14,凱基-敦北,2024-06-21,9237
4306,炎洲,15,1,14,凱基-敦北,2024-06-21,9237
9105,泰金寶-DR,34,20,14,凱基-敦北,2024-06-21,9237
6269,台郡,20,6,14,凱基-敦北,2024-06-21,9237
5371,中光電,13,0,13,凱基-敦北,2024-06-21,9237
2368,金像電,39,27,12,凱基-敦北,2024-06-21,9237
6207,雷科,13,1,12,凱基-敦北,2024-06-21,9237
2606,裕民,11,0,11,凱基-敦北,2024-06-21,9237
1316,上曜,11,0,11,凱基-敦北,2024-06-21,9237
2002,中鋼,15,4,11,凱基-敦北,2024-06-21,9237
2392,正崴,14,3,11,凱基-敦北,2024-06-21,9237
1785,光洋科,27,17,10,凱基-敦北,2024-06-21,9237
6125,廣運,15,5,10,凱基-敦北,2024-06-21,9237
00719B,元大美債1-3,10,0,10,凱基-敦北,2024-06-21,9237
00852L,國泰美國道瓊正2,10,0,10,凱基-敦北,2024-06-21,9237
2038,海光,10,0,10,凱基-敦北,2024-06-21,9237
2444,兆勁,10,0,10,凱基-敦北,2024-06-21,9237
2506,太設,10,0,10,凱基-敦北,2024-06-21,9237
3628,盈正,10,0,10,凱基-敦北,2024-06-21,9237
2330,台積電,11,1,10,凱基-敦北,2024-06-21,9237
00936,台新永續高息中小,10,0,10,凱基-敦北,2024-06-21,9237
1727,中華化,12,3,9,凱基-敦北,2024-06-21,9237
2867,三商壽,11,2,9,凱基-敦北,2024-06-21,9237
1108,幸福,80,0,80,凱基-敦北,2024-06-24,9237
00937B,群益ESG投等債20,87,20,67,凱基-敦北,2024-06-24,9237
3047,訊舟,66,1,65,凱基-敦北,2024-06-24,9237
1785,光洋科,75,20,55,凱基-敦北,2024-06-24,9237
2618,長榮航,70,24,46,凱基-敦北,2024-06-24,9237
2349,錸德,45,0,45,凱基-敦北,2024-06-24,9237
00936,台新永續高息中小,39,0,39,凱基-敦北,2024-06-24,9237
2834,臺企銀,50,15,35,凱基-敦北,2024-06-24,9237
8096,擎亞,36,2,34,凱基-敦北,2024-06-24,9237
1802,台玻,38,5,33,凱基-敦北,2024-06-24,9237
2313,華通,34,2,32,凱基-敦北,2024-06-24,9237
00751B,元大AAA至A公司債,30,0,30,凱基-敦北,2024-06-24,9237
8027,鈦昇,41,11,30,凱基-敦北,2024-06-24,9237
00919,群益台灣精選高息,89,61,28,凱基-敦北,2024-06-24,9237
3481,群創,171,145,26,凱基-敦北,2024-06-24,9237
00632R,元大台灣50反1,40,15,25,凱基-敦北,2024-06-24,9237
1321,大洋,25,0,25,凱基-敦北,2024-06-24,9237
3324,雙鴻,26,1,25,凱基-敦北,2024-06-24,9237
2615,萬海,31,9,22,凱基-敦北,2024-06-24,9237
2409,友達,21,0,21,凱基-敦北,2024-06-24,9237
4566,時碩工業,23,2,21,凱基-敦北,2024-06-24,9237
8271,宇瞻,21,0,21,凱基-敦北,2024-06-24,9237
6164,華興,20,0,20,凱基-敦北,2024-06-24,9237
6695,芯鼎,20,1,19,凱基-敦北,2024-06-24,9237
9105,泰金寶-DR,34,15,19,凱基-敦北,2024-06-24,9237
2882,國泰金,20,2,18,凱基-敦北,2024-06-24,9237
3374,精材,19,1,18,凱基-敦北,2024-06-24,9237
00915,凱基優選高股息30,18,0,18,凱基-敦北,2024-06-24,9237
3289,宜特,23,5,18,凱基-敦北,2024-06-24,9237
8064,東捷,20,3,17,凱基-敦北,2024-06-24,9237
5324,士開,17,0,17,凱基-敦北,2024-06-24,9237
6285,啟��,17,0,17,凱基-敦北,2024-06-24,9237
00946,群益科技高息成長,17,0,17,凱基-敦北,2024-06-24,9237
2347,聯強,16,0,16,凱基-敦北,2024-06-24,9237
6770,力積電,16,0,16,凱基-敦北,2024-06-24,9237
3163,波若威,15,0,15,凱基-敦北,2024-06-24,9237
5014,建錩,15,0,15,凱基-敦北,2024-06-24,9237
9924,福興,15,0,15,凱基-敦北,2024-06-24,9237
3305,昇貿,15,0,15,凱基-敦北,2024-06-24,9237
2330,台積電,22,7,15,凱基-敦北,2024-06-24,9237
4108,懷特,15,1,14,凱基-敦北,2024-06-24,9237
6683,雍智科技,14,0,14,凱基-敦北,2024-06-24,9237
3060,銘異,12,0,12,凱基-敦北,2024-06-24,9237
6173,信昌電,30,19,11,凱基-敦北,2024-06-24,9237
8105,凌巨,13,2,11,凱基-敦北,2024-06-24,9237
2317,鴻海,22,11,11,凱基-敦北,2024-06-24,9237
3231,緯創,16,5,11,凱基-敦北,2024-06-24,9237
00933B,國泰10Y+金融債,20,10,10,凱基-敦北,2024-06-24,9237
1611,中電,10,0,10,凱基-敦北,2024-06-24,9237
2337,旺宏,10,0,10,凱基-敦北,2024-06-24,9237
3481,群創,465,78,387,凱基-敦北,2024-06-25,9237
2409,友達,152,0,152,凱基-敦北,2024-06-25,9237
8096,擎亞,104,0,104,凱基-敦北,2024-06-25,9237
1108,幸福,81,0,81,凱基-敦北,2024-06-25,9237
00937B,群益ESG投等債20,70,7,63,凱基-敦北,2024-06-25,9237
3305,昇貿,60,0,60,凱基-敦北,2024-06-25,9237
1815,富喬,253,203,50,凱基-敦北,2024-06-25,9237
5452,佶優,70,22,48,凱基-敦北,2024-06-25,9237
00936,台新永續高息中小,35,0,35,凱基-敦北,2024-06-25,9237
00945B,凱基美國非投等債,33,0,33,凱基-敦北,2024-06-25,9237
1314,中石化,31,0,31,凱基-敦北,2024-06-25,9237
3580,友威科,35,4,31,凱基-敦北,2024-06-25,9237
00929,復華台灣科技優息,40,9,31,凱基-敦北,2024-06-25,9237
2548,華固,30,0,30,凱基-敦北,2024-06-25,9237
2009,第一銅,30,0,30,凱基-敦北,2024-06-25,9237
2368,金像電,30,0,30,凱基-敦北,2024-06-25,9237
2444,兆勁,29,0,29,凱基-敦北,2024-06-25,9237
00940,元大台灣價值高息,34,11,23,凱基-敦北,2024-06-25,9237
1301,台塑,22,0,22,凱基-敦北,2024-06-25,9237
00632R,元大台灣50反1,100,80,20,凱基-敦北,2024-06-25,9237
5439,高技,100,80,20,凱基-敦北,2024-06-25,9237
8081,致新,20,0,20,凱基-敦北,2024-06-25,9237
9105,泰金寶-DR,49,29,20,凱基-敦北,2024-06-25,9237
9933,中鼎,20,0,20,凱基-敦北,2024-06-25,9237
00687B,國泰20年美債,21,2,19,凱基-敦北,2024-06-25,9237
2344,華邦電,18,0,18,凱基-敦北,2024-06-25,9237
00919,群益台灣精選高息,17,0,17,凱基-敦北,2024-06-25,9237
3029,零壹,35,19,16,凱基-敦北,2024-06-25,9237
00918,大華優利高填息30,15,0,15,凱基-敦北,2024-06-25,9237
8103,瀚荃,15,0,15,凱基-敦北,2024-06-25,9237
1101,台泥,18,5,13,凱基-敦北,2024-06-25,9237
8110,華東,23,10,13,凱基-敦北,2024-06-25,9237
2101,南港,12,0,12,凱基-敦北,2024-06-25,9237
3483,力致,13,1,12,凱基-敦北,2024-06-25,9237
2352,佳世達,14,3,11,凱基-敦北,2024-06-25,9237
3062,建漢,23,12,11,凱基-敦北,2024-06-25,9237
00947,台新臺灣IC設計,10,0,10,凱基-敦北,2024-06-25,9237
00641R,富邦日本反1,10,0,10,凱基-敦北,2024-06-25,9237
1504,東元,10,0,10,凱基-敦北,2024-06-25,9237
3498,陽程,10,0,10,凱基-敦北,2024-06-25,9237
4108,懷特,10,0,10,凱基-敦北,2024-06-25,9237
8105,凌巨,11,1,10,凱基-敦北,2024-06-25,9237
8271,宇瞻,10,0,10,凱基-敦北,2024-06-25,9237
3290,東浦,9,0,9,凱基-敦北,2024-06-25,9237
00680L,元大美債20正2,9,0,9,凱基-敦北,2024-06-25,9237
00650L,復華香港正2,8,0,8,凱基-敦北,2024-06-25,9237
00948B,中信優息投資級債,8,0,8,凱基-敦北,2024-06-25,9237
2324,仁寶,8,0,8,凱基-敦北,2024-06-25,9237
2464,盟立,8,0,8,凱基-敦北,2024-06-25,9237
6782,視陽,8,0,8,凱基-敦北,2024-06-25,9237
2449,京元電子,157,6,151,凱基-敦北,2024-06-26,9237
00632R,元大台灣50反1,65,0,65,凱基-敦北,2024-06-26,9237
2618,長榮航,100,53,47,凱基-敦北,2024-06-26,9237
8926,台汽電,42,0,42,凱基-敦北,2024-06-26,9237
5512,力麒,40,0,40,凱基-敦北,2024-06-26,9237
6163,華電網,32,0,32,凱基-敦北,2024-06-26,9237
2903,遠百,31,0,31,凱基-敦北,2024-06-26,9237
2906,高林,53,23,30,凱基-敦北,2024-06-26,9237
1301,台塑,27,0,27,凱基-敦北,2024-06-26,9237
00940,元大台灣價值高息,27,4,23,凱基-敦北,2024-06-26,9237
00671R,富邦NASDAQ反1,20,0,20,凱基-敦北,2024-06-26,9237
2516,新建,20,0,20,凱基-敦北,2024-06-26,9237
6449,鈺邦,24,7,17,凱基-敦北,2024-06-26,9237
00937B,群益ESG投等債20,16,0,16,凱基-敦北,2024-06-26,9237
00933B,國泰10Y+金融債,21,5,16,凱基-敦北,2024-06-26,9237
2444,兆勁,15,0,15,凱基-敦北,2024-06-26,9237
3580,友威科,15,0,15,凱基-敦北,2024-06-26,9237
6164,華興,15,0,15,凱基-敦北,2024-06-26,9237
00680L,元大美債20正2,14,0,14,凱基-敦北,2024-06-26,9237
2409,友達,14,0,14,凱基-敦北,2024-06-26,9237
3481,群創,18,4,14,凱基-敦北,2024-06-26,9237
00919,群益台灣精選高息,17,3,14,凱基-敦北,2024-06-26,9237
2371,大同,13,0,13,凱基-敦北,2024-06-26,9237
9105,泰金寶-DR,28,15,13,凱基-敦北,2024-06-26,9237
2609,陽明,13,0,13,凱基-敦北,2024-06-26,9237
5009,榮剛,12,0,12,凱基-敦北,2024-06-26,9237
2002,中鋼,13,1,12,凱基-敦北,2024-06-26,9237
00929,復華台灣科技優息,24,13,11,凱基-敦北,2024-06-26,9237
2301,光寶科,12,1,11,凱基-敦北,2024-06-26,9237
2884,玉山金,11,0,11,凱基-敦北,2024-06-26,9237
3312,弘憶股,17,6,11,凱基-敦北,2024-06-26,9237
3483,力致,12,1,11,凱基-敦北,2024-06-26,9237
00641R,富邦日本反1,10,0,10,凱基-敦北,2024-06-26,9237
3289,宜特,20,10,10,凱基-敦北,2024-06-26,9237
4976,佳凌,12,2,10,凱基-敦北,2024-06-26,9237
5905,南仁湖,10,0,10,凱基-敦北,2024-06-26,9237
6612,奈米醫材,10,0,10,凱基-敦北,2024-06-26,9237
9945,潤泰新,10,0,10,凱基-敦北,2024-06-26,9237
00936,台新永續高息中小,9,0,9,凱基-敦北,2024-06-26,9237
2615,萬海,10,1,9,凱基-敦北,2024-06-26,9237
00720B,元大投資級公司債,9,0,9,凱基-敦北,2024-06-26,9237
2347,聯強,11,2,9,凱基-敦北,2024-06-26,9237
3305,昇貿,19,10,9,凱基-敦北,2024-06-26,9237
6505,台塑化,8,0,8,凱基-敦北,2024-06-26,9237
2316,楠梓電,8,0,8,凱基-敦北,2024-06-26,9237
2374,佳能,9,1,8,凱基-敦北,2024-06-26,9237
2392,正崴,12,4,8,凱基-敦北,2024-06-26,9237
3689,湧德,8,0,8,凱基-敦北,2024-06-26,9237
4763,材料-KY,7,0,7,凱基-敦北,2024-06-26,9237
5443,均豪,10,3,7,凱基-敦北,2024-06-26,9237
2606,裕民,185,0,185,凱基-敦北,2024-06-27,9237
5243,乙盛-KY,261,108,153,凱基-敦北,2024-06-27,9237
00937B,群益ESG投等債20,127,6,121,凱基-敦北,2024-06-27,9237
4167,松瑞藥,67,2,65,凱基-敦北,2024-06-27,9237
4563,百德,35,0,35,凱基-敦北,2024-06-27,9237
6443,元晶,89,57,32,凱基-敦北,2024-06-27,9237
2368,金像電,32,1,31,凱基-敦北,2024-06-27,9237
5355,佳總,30,0,30,凱基-敦北,2024-06-27,9237
00929,復華台灣科技優息,25,0,25,凱基-敦北,2024-06-27,9237
00687B,國泰20年美債,23,0,23,凱基-敦北,2024-06-27,9237
3576,聯合再生,44,21,23,凱基-敦北,2024-06-27,9237
2885,元大金,22,0,22,凱基-敦北,2024-06-27,9237
2486,一詮,32,11,21,凱基-敦北,2024-06-27,9237
3050,鈺德,23,3,20,凱基-敦北,2024-06-27,9237
3374,精材,22,2,20,凱基-敦北,2024-06-27,9237
3035,智原,24,5,19,凱基-敦北,2024-06-27,9237
00936,台新永續高息中小,18,0,18,凱基-敦北,2024-06-27,9237
1432,大魯閣,24,6,18,凱基-敦北,2024-06-27,9237
2002,中鋼,22,4,18,凱基-敦北,2024-06-27,9237
00679B,元大美債20年,17,0,17,凱基-敦北,2024-06-27,9237
6806,森崴能源,95,78,17,凱基-敦北,2024-06-27,9237
5452,佶優,17,0,17,凱基-敦北,2024-06-27,9237
00933B,國泰10Y+金融債,22,6,16,凱基-敦北,2024-06-27,9237
4153,鈺緯,16,0,16,凱基-敦北,2024-06-27,9237
00919,群益台灣精選高息,15,0,15,凱基-敦北,2024-06-27,9237
9105,泰金寶-DR,27,13,14,凱基-敦北,2024-06-27,9237
00948B,中信優息投資級債,13,0,13,凱基-敦北,2024-06-27,9237
2888,新光金,13,0,13,凱基-敦北,2024-06-27,9237
00642U,期元大S＆P石油,12,0,12,凱基-敦北,2024-06-27,9237
6830,汎銓,12,0,12,凱基-敦北,2024-06-27,9237
4908,前鼎,12,1,11,凱基-敦北,2024-06-27,9237
1301,台塑,11,0,11,凱基-敦北,2024-06-27,9237
4976,佳凌,13,2,11,凱基-敦北,2024-06-27,9237
9945,潤泰新,11,0,11,凱基-敦北,2024-06-27,9237
00650L,復華香港正2,10,0,10,凱基-敦北,2024-06-27,9237
3305,昇貿,10,0,10,凱基-敦北,2024-06-27,9237
3715,定穎投控,11,1,10,凱基-敦北,2024-06-27,9237
6546,正基,10,0,10,凱基-敦北,2024-06-27,9237
4938,和碩,9,0,9,凱基-敦北,2024-06-27,9237
00940,元大台灣價值高息,23,14,9,凱基-敦北,2024-06-27,9237
1316,上曜,9,0,9,凱基-敦北,2024-06-27,9237
8064,東捷,19,11,8,凱基-敦北,2024-06-27,9237
00665L,富邦�琤肭磪囓�2,8,0,8,凱基-敦北,2024-06-27,9237
4532,瑞智,10,3,7,凱基-敦北,2024-06-27,9237
3047,訊舟,6,0,6,凱基-敦北,2024-06-27,9237
00680L,元大美債20正2,6,0,6,凱基-敦北,2024-06-27,9237
2388,威盛,6,0,6,凱基-敦北,2024-06-27,9237
2406,國碩,6,0,6,凱基-敦北,2024-06-27,9237
8096,擎亞,6,0,6,凱基-敦北,2024-06-27,9237
6139,亞翔,17,12,5,凱基-敦北,2024-06-27,9237
2337,旺宏,114,0,114,凱基-敦北,2024-06-28,9237
3576,聯合再生,92,22,70,凱基-敦北,2024-06-28,9237
00937B,群益ESG投等債20,79,13,66,凱基-敦北,2024-06-28,9237
4563,百德,55,0,55,凱基-敦北,2024-06-28,9237
3312,弘憶股,30,3,27,凱基-敦北,2024-06-28,9237
2363,矽統,26,0,26,凱基-敦北,2024-06-28,9237
6244,茂迪,33,11,22,凱基-敦北,2024-06-28,9237
00933B,國泰10Y+金融債,20,0,20,凱基-敦北,2024-06-28,9237
3520,華盈,20,0,20,凱基-敦北,2024-06-28,9237
3010,華立,19,0,19,凱基-敦北,2024-06-28,9237
2101,南港,17,0,17,凱基-敦北,2024-06-28,9237
6609,瀧澤科,20,3,17,凱基-敦北,2024-06-28,9237
2406,國碩,19,3,16,凱基-敦北,2024-06-28,9237
00940,元大台灣價值高息,23,8,15,凱基-敦北,2024-06-28,9237
1101,台泥,14,0,14,凱基-敦北,2024-06-28,9237
2441,超豐,14,0,14,凱基-敦北,2024-06-28,9237
00679B,元大美債20年,13,0,13,凱基-敦北,2024-06-28,9237
00936,台新永續高息中小,13,0,13,凱基-敦北,2024-06-28,9237
2352,佳世達,13,0,13,凱基-敦北,2024-06-28,9237
2618,長榮航,24,11,13,凱基-敦北,2024-06-28,9237
3062,建漢,13,0,13,凱基-敦北,2024-06-28,9237
2303,聯電,14,2,12,凱基-敦北,2024-06-28,9237
3374,精材,13,1,12,凱基-敦北,2024-06-28,9237
00895,富邦未來車,10,0,10,凱基-敦北,2024-06-28,9237
00641R,富邦日本反1,10,0,10,凱基-敦北,2024-06-28,9237
00671R,富邦NASDAQ反1,10,0,10,凱基-敦北,2024-06-28,9237
1616,億泰,10,0,10,凱基-敦北,2024-06-28,9237
2405,輔信,10,0,10,凱基-敦北,2024-06-28,9237
2906,高林,10,0,10,凱基-敦北,2024-06-28,9237
3048,益登,20,10,10,凱基-敦北,2024-06-28,9237
3057,喬鼎,10,0,10,凱基-敦北,2024-06-28,9237
3338,泰碩,10,0,10,凱基-敦北,2024-06-28,9237
5011,久陽,10,0,10,凱基-敦北,2024-06-28,9237
6026,福邦證,10,0,10,凱基-敦北,2024-06-28,9237
8996,高力,12,2,10,凱基-敦北,2024-06-28,9237
00665L,富邦�琤肭磪囓�2,9,0,9,凱基-敦北,2024-06-28,9237
3260,威剛,31,22,9,凱基-敦北,2024-06-28,9237
4720,德淵,10,1,9,凱基-敦北,2024-06-28,9237
2609,陽明,9,0,9,凱基-敦北,2024-06-28,9237
8069,元太,13,4,9,凱基-敦北,2024-06-28,9237
2610,華航,14,6,8,凱基-敦北,2024-06-28,9237
3030,德律,18,10,8,凱基-敦北,2024-06-28,9237
4167,松瑞藥,10,2,8,凱基-敦北,2024-06-28,9237
1609,大亞,8,1,7,凱基-敦北,2024-06-28,9237
2002,中鋼,7,0,7,凱基-敦北,2024-06-28,9237
3058,立德,7,0,7,凱基-敦北,2024-06-28,9237
1432,大魯閣,12,6,6,凱基-敦北,2024-06-28,9237
6683,雍智科技,6,0,6,凱基-敦北,2024-06-28,9237
8234,新漢,6,0,6,凱基-敦北,2024-06-28,9237
00919,群益台灣精選高息,6,0,6,凱基-敦北,2024-06-28,9237
1815,富喬,460,81,379,凱基-敦北,2024-07-01,9237
00937B,群益ESG投等債20,190,100,90,凱基-敦北,2024-07-01,9237
8213,志超,73,0,73,凱基-敦北,2024-07-01,9237
00929,復華台灣科技優息,72,0,72,凱基-敦北,2024-07-01,9237
4563,百德,50,0,50,凱基-敦北,2024-07-01,9237
00936,台新永續高息中小,40,0,40,凱基-敦北,2024-07-01,9237
2355,敬鵬,37,0,37,凱基-敦北,2024-07-01,9237
2352,佳世達,51,22,29,凱基-敦北,2024-07-01,9237
00687B,國泰20年美債,28,0,28,凱基-敦北,2024-07-01,9237
2609,陽明,28,2,26,凱基-敦北,2024-07-01,9237
3105,穩懋,29,4,25,凱基-敦北,2024-07-01,9237
6234,高僑,51,28,23,凱基-敦北,2024-07-01,9237
2367,燿華,23,0,23,凱基-敦北,2024-07-01,9237
6806,森崴能源,24,2,22,凱基-敦北,2024-07-01,9237
00948B,中信優息投資級債,20,0,20,凱基-敦北,2024-07-01,9237
2368,金像電,31,12,19,凱基-敦北,2024-07-01,9237
5324,士開,19,0,19,凱基-敦北,2024-07-01,9237
2883,凱基金,21,5,16,凱基-敦北,2024-07-01,9237
00679B,元大美債20年,26,11,15,凱基-敦北,2024-07-01,9237
006208,富邦台50,15,0,15,凱基-敦北,2024-07-01,9237
2382,廣達,15,0,15,凱基-敦北,2024-07-01,9237
3689,湧德,15,0,15,凱基-敦北,2024-07-01,9237
4726,永昕,16,1,15,凱基-敦北,2024-07-01,9237
8105,凌巨,25,10,15,凱基-敦北,2024-07-01,9237
2888,新光金,26,13,13,凱基-敦北,2024-07-01,9237
3374,精材,15,2,13,凱基-敦北,2024-07-01,9237
2618,長榮航,24,11,13,凱基-敦北,2024-07-01,9237
2406,國碩,15,3,12,凱基-敦北,2024-07-01,9237
6890,來億-KY,12,0,12,凱基-敦北,2024-07-01,9237
8081,致新,12,0,12,凱基-敦北,2024-07-01,9237
2317,鴻海,17,5,12,凱基-敦北,2024-07-01,9237
00946,群益科技高息成長,11,0,11,凱基-敦北,2024-07-01,9237
3047,訊舟,11,0,11,凱基-敦北,2024-07-01,9237
3122,笙泉,11,0,11,凱基-敦北,2024-07-01,9237
2404,漢唐,11,0,11,凱基-敦北,2024-07-01,9237
2906,高林,10,0,10,凱基-敦北,2024-07-01,9237
4533,協易機,10,0,10,凱基-敦北,2024-07-01,9237
4562,穎漢,10,0,10,凱基-敦北,2024-07-01,9237
6026,福邦證,10,0,10,凱基-敦北,2024-07-01,9237
1314,中石化,9,0,9,凱基-敦北,2024-07-01,9237
2103,台橡,9,0,9,凱基-敦北,2024-07-01,9237
6770,力積電,8,0,8,凱基-敦北,2024-07-01,9237
2313,華通,9,1,8,凱基-敦北,2024-07-01,9237
4167,松瑞藥,22,15,7,凱基-敦北,2024-07-01,9237
00637L,元大滬深300正2,7,0,7,凱基-敦北,2024-07-01,9237
2449,京元電子,26,20,6,凱基-敦北,2024-07-01,9237
2536,宏普,6,0,6,凱基-敦北,2024-07-01,9237
3033,威健,6,0,6,凱基-敦北,2024-07-01,9237
3264,欣銓,6,0,6,凱基-敦北,2024-07-01,9237
6290,良維,13,7,6,凱基-敦北,2024-07-01,9237
00937B,群益ESG投等債20,232,0,232,凱基-敦北,2024-07-02,9237
00934,中信成長高股息,108,5,103,凱基-敦北,2024-07-02,9237
1321,大洋,100,0,100,凱基-敦北,2024-07-02,9237
8096,擎亞,93,0,93,凱基-敦北,2024-07-02,9237
2406,國碩,64,8,56,凱基-敦北,2024-07-02,9237
2303,聯電,62,9,53,凱基-敦北,2024-07-02,9237
00929,復華台灣科技優息,51,0,51,凱基-敦北,2024-07-02,9237
4563,百德,40,0,40,凱基-敦北,2024-07-02,9237
2317,鴻海,51,12,39,凱基-敦北,2024-07-02,9237
00679B,元大美債20年,37,0,37,凱基-敦北,2024-07-02,9237
00632R,元大台灣50反1,30,0,30,凱基-敦北,2024-07-02,9237
2312,金寶,30,0,30,凱基-敦北,2024-07-02,9237
00919,群益台灣精選高息,28,2,26,凱基-敦北,2024-07-02,9237
5243,乙盛-KY,46,20,26,凱基-敦北,2024-07-02,9237
00933B,國泰10Y+金融債,25,0,25,凱基-敦北,2024-07-02,9237
2597,潤弘,25,0,25,凱基-敦北,2024-07-02,9237
6138,茂達,25,0,25,凱基-敦北,2024-07-02,9237
3374,精材,38,14,24,凱基-敦北,2024-07-02,9237
5347,世界,25,2,23,凱基-敦北,2024-07-02,9237
00936,台新永續高息中小,20,0,20,凱基-敦北,2024-07-02,9237
3059,華晶科,21,1,20,凱基-敦北,2024-07-02,9237
3713,新晶投控,20,0,20,凱基-敦北,2024-07-02,9237
1301,台塑,19,0,19,凱基-敦北,2024-07-02,9237
00891,中信關鍵半導體,19,0,19,凱基-敦北,2024-07-02,9237
8213,志超,18,0,18,凱基-敦北,2024-07-02,9237
2402,毅嘉,20,3,17,凱基-敦北,2024-07-02,9237
8064,東捷,26,11,15,凱基-敦北,2024-07-02,9237
1802,台玻,15,0,15,凱基-敦北,2024-07-02,9237
2548,華固,15,0,15,凱基-敦北,2024-07-02,9237
6126,信音,15,0,15,凱基-敦北,2024-07-02,9237
2405,輔信,15,1,14,凱基-敦北,2024-07-02,9237
2611,志信,14,0,14,凱基-敦北,2024-07-02,9237
00680L,元大美債20正2,13,0,13,凱基-敦北,2024-07-02,9237
2609,陽明,12,0,12,凱基-敦北,2024-07-02,9237
00720B,元大投資級公司債,11,0,11,凱基-敦北,2024-07-02,9237
0056,元大高股息,11,0,11,凱基-敦北,2024-07-02,9237
00918,大華優利高填息30,11,0,11,凱基-敦北,2024-07-02,9237
3703,欣陸,11,0,11,凱基-敦北,2024-07-02,9237
4306,炎洲,10,0,10,凱基-敦北,2024-07-02,9237
4562,穎漢,16,6,10,凱基-敦北,2024-07-02,9237
00641R,富邦日本反1,10,0,10,凱基-敦北,2024-07-02,9237
00946,群益科技高息成長,13,3,10,凱基-敦北,2024-07-02,9237
2101,南港,10,0,10,凱基-敦北,2024-07-02,9237
2367,燿華,16,6,10,凱基-敦北,2024-07-02,9237
3260,威剛,38,28,10,凱基-敦北,2024-07-02,9237
8086,宏捷科,10,0,10,凱基-敦北,2024-07-02,9237
6139,亞翔,49,40,9,凱基-敦北,2024-07-02,9237
00927,群益半導體收益,11,2,9,凱基-敦北,2024-07-02,9237
1227,佳格,9,1,8,凱基-敦北,2024-07-02,9237
2103,台橡,8,0,8,凱基-敦北,2024-07-02,9237
00687B,國泰20年美債,267,0,267,凱基-敦北,2024-07-03,9237
00905,FT臺灣Smart,216,0,216,凱基-敦北,2024-07-03,9237
6443,元晶,150,0,150,凱基-敦北,2024-07-03,9237
2641,正德,101,3,98,凱基-敦北,2024-07-03,9237
00934,中信成長高股息,83,0,83,凱基-敦北,2024-07-03,9237
2352,佳世達,56,5,51,凱基-敦北,2024-07-03,9237
2888,新光金,120,83,37,凱基-敦北,2024-07-03,9237
8039,台虹,34,0,34,凱基-敦北,2024-07-03,9237
6167,久正,33,1,32,凱基-敦北,2024-07-03,9237
6244,茂迪,58,26,32,凱基-敦北,2024-07-03,9237
00919,群益台灣精選高息,29,2,27,凱基-敦北,2024-07-03,9237
00927,群益半導體收益,23,0,23,凱基-敦北,2024-07-03,9237
2405,輔信,25,2,23,凱基-敦北,2024-07-03,9237
2317,鴻海,31,9,22,凱基-敦北,2024-07-03,9237
3374,精材,34,13,21,凱基-敦北,2024-07-03,9237
3713,新晶投控,20,0,20,凱基-敦北,2024-07-03,9237
00680L,元大美債20正2,19,0,19,凱基-敦北,2024-07-03,9237
6234,高僑,18,0,18,凱基-敦北,2024-07-03,9237
6126,信音,17,0,17,凱基-敦北,2024-07-03,9237
5443,均豪,27,10,17,凱基-敦北,2024-07-03,9237
6869,雲豹能源,15,0,15,凱基-敦北,2024-07-03,9237
2516,新建,15,0,15,凱基-敦北,2024-07-03,9237
1785,光洋科,23,9,14,凱基-敦北,2024-07-03,9237
2501,國建,13,0,13,凱基-敦北,2024-07-03,9237
6782,視陽,12,0,12,凱基-敦北,2024-07-03,9237
00948B,中信優息投資級債,12,0,12,凱基-敦北,2024-07-03,9237
00937B,群益ESG投等債20,12,0,12,凱基-敦北,2024-07-03,9237
1432,大魯閣,12,0,12,凱基-敦北,2024-07-03,9237
4958,臻鼎-KY,11,0,11,凱基-敦北,2024-07-03,9237
6284,佳邦,12,1,11,凱基-敦北,2024-07-03,9237
00671R,富邦NASDAQ反1,10,0,10,凱基-敦北,2024-07-03,9237
3042,晶技,17,7,10,凱基-敦北,2024-07-03,9237
3609,三一東林,10,0,10,凱基-敦北,2024-07-03,9237
4563,百德,10,0,10,凱基-敦北,2024-07-03,9237
6207,雷科,10,0,10,凱基-敦北,2024-07-03,9237
6477,安集,12,2,10,凱基-敦北,2024-07-03,9237
3455,由田,16,7,9,凱基-敦北,2024-07-03,9237
00674R,期元大S＆P黃金反1,9,0,9,凱基-敦北,2024-07-03,9237
2353,宏��,10,1,9,凱基-敦北,2024-07-03,9237
6188,廣明,13,4,9,凱基-敦北,2024-07-03,9237
2211,長榮鋼,8,0,8,凱基-敦北,2024-07-03,9237
1316,上曜,7,0,7,凱基-敦北,2024-07-03,9237
1802,台玻,7,0,7,凱基-敦北,2024-07-03,9237
2527,宏璟,7,0,7,凱基-敦北,2024-07-03,9237
8016,矽創,7,0,7,凱基-敦北,2024-07-03,9237
8064,東捷,12,5,7,凱基-敦北,2024-07-03,9237
00936,台新永續高息中小,6,0,6,凱基-敦北,2024-07-03,9237
4938,和碩,8,2,6,凱基-敦北,2024-07-03,9237
2603,長榮,6,0,6,凱基-敦北,2024-07-03,9237
3663,鑫科,6,0,6,凱基-敦北,2024-07-03,9237
00680L,元大美債20正2,100,21,79,凱基-敦北,2024-07-04,9237
2883,凱基金,81,17,64,凱基-敦北,2024-07-04,9237
3047,訊舟,130,71,59,凱基-敦北,2024-07-04,9237
2417,圓剛,56,3,53,凱基-敦北,2024-07-04,9237
6823,濾能,50,0,50,凱基-敦北,2024-07-04,9237
00934,中信成長高股息,46,0,46,凱基-敦北,2024-07-04,9237
2606,裕民,41,0,41,凱基-敦北,2024-07-04,9237
2489,瑞軒,33,1,32,凱基-敦北,2024-07-04,9237
3689,湧德,44,12,32,凱基-敦北,2024-07-04,9237
4976,佳凌,30,0,30,凱基-敦北,2024-07-04,9237
2618,長榮航,29,1,28,凱基-敦北,2024-07-04,9237
1217,愛之味,77,50,27,凱基-敦北,2024-07-04,9237
3321,同泰,25,0,25,凱基-敦北,2024-07-04,9237
6609,瀧澤科,25,0,25,凱基-敦北,2024-07-04,9237
5243,乙盛-KY,65,41,24,凱基-敦北,2024-07-04,9237
6274,台燿,28,4,24,凱基-敦北,2024-07-04,9237
3260,威剛,29,9,20,凱基-敦北,2024-07-04,9237
6278,台表科,21,1,20,凱基-敦北,2024-07-04,9237
6126,信音,18,0,18,凱基-敦北,2024-07-04,9237
6443,元晶,24,7,17,凱基-敦北,2024-07-04,9237
3615,安可,22,5,17,凱基-敦北,2024-07-04,9237
00857B,永豐20年美公債,16,0,16,凱基-敦北,2024-07-04,9237
2002,中鋼,20,4,16,凱基-敦北,2024-07-04,9237
00712,復華富時不動產,15,0,15,凱基-敦北,2024-07-04,9237
6698,旭暉應材,17,2,15,凱基-敦北,2024-07-04,9237
00936,台新永續高息中小,13,0,13,凱基-敦北,2024-07-04,9237
2444,兆勁,13,0,13,凱基-敦北,2024-07-04,9237
2412,中華電,13,0,13,凱基-敦北,2024-07-04,9237
1409,新纖,12,0,12,凱基-敦北,2024-07-04,9237
6177,達麗,12,0,12,凱基-敦北,2024-07-04,9237
00671R,富邦NASDAQ反1,11,0,11,凱基-敦北,2024-07-04,9237
5347,世界,10,0,10,凱基-敦北,2024-07-04,9237
00632R,元大台灣50反1,10,0,10,凱基-敦北,2024-07-04,9237
00641R,富邦日本反1,10,0,10,凱基-敦北,2024-07-04,9237
1609,大亞,16,6,10,凱基-敦北,2024-07-04,9237
2355,敬鵬,10,0,10,凱基-敦北,2024-07-04,9237
2515,中工,10,0,10,凱基-敦北,2024-07-04,9237
2634,漢翔,10,0,10,凱基-敦北,2024-07-04,9237
2903,遠百,10,0,10,凱基-敦北,2024-07-04,9237
2913,農林,10,0,10,凱基-敦北,2024-07-04,9237
5355,佳總,10,0,10,凱基-敦北,2024-07-04,9237
9939,宏全,10,0,10,凱基-敦北,2024-07-04,9237
00679B,元大美債20年,10,1,9,凱基-敦北,2024-07-04,9237
2103,台橡,9,0,9,凱基-敦北,2024-07-04,9237
2349,錸德,9,0,9,凱基-敦北,2024-07-04,9237
6231,系微,10,2,8,凱基-敦北,2024-07-04,9237
00687B,國泰20年美債,7,0,7,凱基-敦北,2024-07-04,9237
4142,國光生,7,0,7,凱基-敦北,2024-07-04,9237
6216,居易,7,0,7,凱基-敦北,2024-07-04,9237
6806,森崴能源,11,4,7,凱基-敦北,2024-07-04,9237
00945B,凱基美國非投等債,184,1,183,凱基-敦北,2024-07-05,9237
2888,新光金,61,5,56,凱基-敦北,2024-07-05,9237
3013,晟銘電,60,6,54,凱基-敦北,2024-07-05,9237
4566,時碩工業,51,0,51,凱基-敦北,2024-07-05,9237
3576,聯合再生,50,0,50,凱基-敦北,2024-07-05,9237
6244,茂迪,69,22,47,凱基-敦北,2024-07-05,9237
6217,中探針,40,3,37,凱基-敦北,2024-07-05,9237
3338,泰碩,45,11,34,凱基-敦北,2024-07-05,9237
5392,能率,34,2,32,凱基-敦北,2024-07-05,9237
6164,華興,30,0,30,凱基-敦北,2024-07-05,9237
00927,群益半導體收益,23,0,23,凱基-敦北,2024-07-05,9237
00934,中信成長高股息,24,2,22,凱基-敦北,2024-07-05,9237
00637L,元大滬深300正2,22,0,22,凱基-敦北,2024-07-05,9237
1609,大亞,22,1,21,凱基-敦北,2024-07-05,9237
2352,佳世達,20,0,20,凱基-敦北,2024-07-05,9237
3260,威剛,57,37,20,凱基-敦北,2024-07-05,9237
8028,昇陽半導體,26,6,20,凱基-敦北,2024-07-05,9237
00679B,元大美債20年,19,0,19,凱基-敦北,2024-07-05,9237
3030,德律,16,0,16,凱基-敦北,2024-07-05,9237
4958,臻鼎-KY,17,1,16,凱基-敦北,2024-07-05,9237
00931B,統一美債20年,14,0,14,凱基-敦北,2024-07-05,9237
1785,光洋科,19,5,14,凱基-敦北,2024-07-05,9237
8234,新漢,13,0,13,凱基-敦北,2024-07-05,9237
00937B,群益ESG投等債20,12,0,12,凱基-敦北,2024-07-05,9237
3289,宜特,12,1,11,凱基-敦北,2024-07-05,9237
4306,炎洲,12,1,11,凱基-敦北,2024-07-05,9237
5324,士開,11,0,11,凱基-敦北,2024-07-05,9237
6189,豐藝,11,0,11,凱基-敦北,2024-07-05,9237
00725B,國泰投資級公司債,10,0,10,凱基-敦北,2024-07-05,9237
1806,冠軍,10,0,10,凱基-敦北,2024-07-05,9237
2913,農林,10,0,10,凱基-敦北,2024-07-05,9237
3689,湧德,25,15,10,凱基-敦北,2024-07-05,9237
4128,中天,10,0,10,凱基-敦北,2024-07-05,9237
4167,松瑞藥,10,0,10,凱基-敦北,2024-07-05,9237
5490,同亨,10,0,10,凱基-敦北,2024-07-05,9237
6196,帆宣,10,0,10,凱基-敦北,2024-07-05,9237
6270,倍微,11,1,10,凱基-敦北,2024-07-05,9237
9105,泰金寶-DR,13,3,10,凱基-敦北,2024-07-05,9237
00909,國泰數位支付服務,10,1,9,凱基-敦北,2024-07-05,9237
2606,裕民,14,5,9,凱基-敦北,2024-07-05,9237
3450,聯鈞,29,20,9,凱基-敦北,2024-07-05,9237
2382,廣達,21,13,8,凱基-敦北,2024-07-05,9237
2105,正新,8,0,8,凱基-敦北,2024-07-05,9237
2883,凱基金,10,2,8,凱基-敦北,2024-07-05,9237
3362,先進光,9,1,8,凱基-敦北,2024-07-05,9237
2603,長榮,11,3,8,凱基-敦北,2024-07-05,9237
1569,濱川,7,0,7,凱基-敦北,2024-07-05,9237
2401,凌陽,22,15,7,凱基-敦北,2024-07-05,9237
2412,中華電,10,3,7,凱基-敦北,2024-07-05,9237
3609,三一東林,7,0,7,凱基-敦北,2024-07-05,9237
5328,華容,181,1,180,凱基-敦北,2024-07-08,9237
4532,瑞智,160,0,160,凱基-敦北,2024-07-08,9237
2906,高林,153,8,145,凱基-敦北,2024-07-08,9237
3019,亞光,103,0,103,凱基-敦北,2024-07-08,9237
2352,佳世達,100,20,80,凱基-敦北,2024-07-08,9237
9105,泰金寶-DR,49,1,48,凱基-敦北,2024-07-08,9237
1569,濱川,42,0,42,凱基-敦北,2024-07-08,9237
2634,漢翔,41,0,41,凱基-敦北,2024-07-08,9237
1454,台富,40,0,40,凱基-敦北,2024-07-08,9237
00934,中信成長高股息,36,0,36,凱基-敦北,2024-07-08,9237
2353,宏��,33,0,33,凱基-敦北,2024-07-08,9237
2365,昆盈,43,11,32,凱基-敦北,2024-07-08,9237
3059,華晶科,52,25,27,凱基-敦北,2024-07-08,9237
1809,中釉,26,0,26,凱基-敦北,2024-07-08,9237
3029,零壹,26,0,26,凱基-敦北,2024-07-08,9237
6234,高僑,26,0,26,凱基-敦北,2024-07-08,9237
2356,英業達,27,1,26,凱基-敦北,2024-07-08,9237
2406,國碩,24,0,24,凱基-敦北,2024-07-08,9237
00937B,群益ESG投等債20,21,0,21,凱基-敦北,2024-07-08,9237
3615,安可,20,0,20,凱基-敦北,2024-07-08,9237
3715,定穎投控,20,0,20,凱基-敦北,2024-07-08,9237
6164,華興,20,0,20,凱基-敦北,2024-07-08,9237
2392,正崴,32,13,19,凱基-敦北,2024-07-08,9237
2905,三商,18,0,18,凱基-敦北,2024-07-08,9237
4968,立積,17,0,17,凱基-敦北,2024-07-08,9237
2405,輔信,16,0,16,凱基-敦北,2024-07-08,9237
4533,協易機,16,0,16,凱基-敦北,2024-07-08,9237
00919,群益台灣精選高息,20,5,15,凱基-敦北,2024-07-08,9237
2464,盟立,17,3,14,凱基-敦北,2024-07-08,9237
3041,揚智,14,0,14,凱基-敦北,2024-07-08,9237
4967,十銓,28,15,13,凱基-敦北,2024-07-08,9237
2371,大同,13,0,13,凱基-敦北,2024-07-08,9237
8107,大億金茂,13,0,13,凱基-敦北,2024-07-08,9237
2809,京城銀,12,0,12,凱基-敦北,2024-07-08,9237
6117,迎廣,11,0,11,凱基-敦北,2024-07-08,9237
2101,南港,15,5,10,凱基-敦北,2024-07-08,9237
00904,新光臺灣半導體30,10,0,10,凱基-敦北,2024-07-08,9237
00725B,國泰投資級公司債,10,0,10,凱基-敦北,2024-07-08,9237
00720B,元大投資級公司債,10,0,10,凱基-敦北,2024-07-08,9237
00945B,凱基美國非投等債,11,1,10,凱基-敦北,2024-07-08,9237
1736,喬山,10,0,10,凱基-敦北,2024-07-08,9237
1802,台玻,10,0,10,凱基-敦北,2024-07-08,9237
2618,長榮航,11,1,10,凱基-敦北,2024-07-08,9237
3006,晶豪科,10,0,10,凱基-敦北,2024-07-08,9237
3481,群創,13,3,10,凱基-敦北,2024-07-08,9237
5009,榮剛,10,0,10,凱基-敦北,2024-07-08,9237
5310,天剛,10,0,10,凱基-敦北,2024-07-08,9237
6830,汎銓,32,22,10,凱基-敦北,2024-07-08,9237
9933,中鼎,10,0,10,凱基-敦北,2024-07-08,9237
3231,緯創,18,9,9,凱基-敦北,2024-07-08,9237
2882,國泰金,228,22,206,凱基-敦北,2024-07-09,9237
4906,正文,188,39,149,凱基-敦北,2024-07-09,9237
2888,新光金,159,49,110,凱基-敦北,2024-07-09,9237
6603,富強鑫,90,0,90,凱基-敦北,2024-07-09,9237
1718,中纖,84,0,84,凱基-敦北,2024-07-09,9237
9105,泰金寶-DR,125,59,66,凱基-敦北,2024-07-09,9237
3710,連展投控,69,15,54,凱基-敦北,2024-07-09,9237
2312,金寶,65,12,53,凱基-敦北,2024-07-09,9237
2610,華航,50,5,45,凱基-敦北,2024-07-09,9237
2855,統一證,40,0,40,凱基-敦北,2024-07-09,9237
00945B,凱基美國非投等債,39,0,39,凱基-敦北,2024-07-09,9237
6213,聯茂,33,1,32,凱基-敦北,2024-07-09,9237
1616,億泰,42,11,31,凱基-敦北,2024-07-09,9237
8028,昇陽半導體,33,2,31,凱基-敦北,2024-07-09,9237
2367,燿華,75,48,27,凱基-敦北,2024-07-09,9237
2317,鴻海,46,20,26,凱基-敦北,2024-07-09,9237
00936,台新永續高息中小,23,0,23,凱基-敦北,2024-07-09,9237
2354,鴻準,31,8,23,凱基-敦北,2024-07-09,9237
2609,陽明,72,50,22,凱基-敦北,2024-07-09,9237
1618,合機,30,9,21,凱基-敦北,2024-07-09,9237
1109,信大,21,0,21,凱基-敦北,2024-07-09,9237
00934,中信成長高股息,20,0,20,凱基-敦北,2024-07-09,9237
1217,愛之味,40,20,20,凱基-敦北,2024-07-09,9237
1528,恩德,19,0,19,凱基-敦北,2024-07-09,9237
2353,宏��,16,0,16,凱基-敦北,2024-07-09,9237
00646,元大S＆P500,15,0,15,凱基-敦北,2024-07-09,9237
1471,首利,15,0,15,凱基-敦北,2024-07-09,9237
2444,兆勁,15,0,15,凱基-敦北,2024-07-09,9237
6270,倍微,15,0,15,凱基-敦北,2024-07-09,9237
6830,汎銓,16,2,14,凱基-敦北,2024-07-09,9237
2368,金像電,83,70,13,凱基-敦北,2024-07-09,9237
2313,華通,13,1,12,凱基-敦北,2024-07-09,9237
00720B,元大投資級公司債,12,0,12,凱基-敦北,2024-07-09,9237
1432,大魯閣,12,1,11,凱基-敦北,2024-07-09,9237
3715,定穎投控,11,0,11,凱基-敦北,2024-07-09,9237
1785,光洋科,12,1,11,凱基-敦北,2024-07-09,9237
4153,鈺緯,10,0,10,凱基-敦北,2024-07-09,9237
5243,乙盛-KY,10,0,10,凱基-敦北,2024-07-09,9237
6143,振曜,10,0,10,凱基-敦北,2024-07-09,9237
6505,台塑化,10,0,10,凱基-敦北,2024-07-09,9237
8234,新漢,10,0,10,凱基-敦北,2024-07-09,9237
9933,中鼎,10,0,10,凱基-敦北,2024-07-09,9237
2615,萬海,12,2,10,凱基-敦北,2024-07-09,9237
2603,長榮,12,3,9,凱基-敦北,2024-07-09,9237
2349,錸德,10,1,9,凱基-敦北,2024-07-09,9237
00923,群益台ESG低碳50,9,0,9,凱基-敦北,2024-07-09,9237
00713,元大台灣高息低波,8,0,8,凱基-敦北,2024-07-09,9237
00712,復華富時不動產,8,0,8,凱基-敦北,2024-07-09,9237
3615,安可,10,2,8,凱基-敦北,2024-07-09,9237
6187,萬潤,8,0,8,凱基-敦北,2024-07-09,9237
00950B,凱基A級公司債,76,0,76,凱基-敦北,2024-07-10,9237
6213,聯茂,66,0,66,凱基-敦北,2024-07-10,9237
3047,訊舟,51,2,49,凱基-敦北,2024-07-10,9237
4532,瑞智,40,0,40,凱基-敦北,2024-07-10,9237
00934,中信成長高股息,41,3,38,凱基-敦北,2024-07-10,9237
2891,中信金,45,8,37,凱基-敦北,2024-07-10,9237
2609,陽明,44,14,30,凱基-敦北,2024-07-10,9237
9105,泰金寶-DR,64,34,30,凱基-敦北,2024-07-10,9237
3289,宜特,27,0,27,凱基-敦北,2024-07-10,9237
4535,至興,27,0,27,凱基-敦北,2024-07-10,9237
2449,京元電子,25,2,23,凱基-敦北,2024-07-10,9237
1326,台化,21,0,21,凱基-敦北,2024-07-10,9237
00929,復華台灣科技優息,32,11,21,凱基-敦北,2024-07-10,9237
2368,金像電,31,10,21,凱基-敦北,2024-07-10,9237
4979,華星光,45,25,20,凱基-敦北,2024-07-10,9237
4306,炎洲,20,0,20,凱基-敦北,2024-07-10,9237
4563,百德,20,0,20,凱基-敦北,2024-07-10,9237
1471,首利,20,1,19,凱基-敦北,2024-07-10,9237
3048,益登,21,3,18,凱基-敦北,2024-07-10,9237
3450,聯鈞,24,6,18,凱基-敦北,2024-07-10,9237
3363,上詮,16,0,16,凱基-敦北,2024-07-10,9237
5443,均豪,18,3,15,凱基-敦北,2024-07-10,9237
3481,群創,21,6,15,凱基-敦北,2024-07-10,9237
2603,長榮,15,0,15,凱基-敦北,2024-07-10,9237
1609,大亞,20,6,14,凱基-敦北,2024-07-10,9237
3163,波若威,18,4,14,凱基-敦北,2024-07-10,9237
00937B,群益ESG投等債20,14,1,13,凱基-敦北,2024-07-10,9237
3035,智原,15,2,13,凱基-敦北,2024-07-10,9237
00720B,元大投資級公司債,12,0,12,凱基-敦北,2024-07-10,9237
2367,燿華,25,13,12,凱基-敦北,2024-07-10,9237
00946,群益科技高息成長,12,1,11,凱基-敦北,2024-07-10,9237
4958,臻鼎-KY,11,0,11,凱基-敦北,2024-07-10,9237
2515,中工,10,0,10,凱基-敦北,2024-07-10,9237
3207,耀勝,10,0,10,凱基-敦北,2024-07-10,9237
4714,永捷,10,0,10,凱基-敦北,2024-07-10,9237
4945,陞達科技,10,0,10,凱基-敦北,2024-07-10,9237
5371,中光電,11,1,10,凱基-敦北,2024-07-10,9237
2401,凌陽,8,0,8,凱基-敦北,2024-07-10,9237
6753,龍德造船,8,0,8,凱基-敦北,2024-07-10,9237
6806,森崴能源,22,14,8,凱基-敦北,2024-07-10,9237
3062,建漢,8,0,8,凱基-敦北,2024-07-10,9237
3689,湧德,15,8,7,凱基-敦北,2024-07-10,9237
8099,大世科,7,0,7,凱基-敦北,2024-07-10,9237
1109,信大,6,0,6,凱基-敦北,2024-07-10,9237
2323,中環,6,0,6,凱基-敦北,2024-07-10,9237
4771,望隼,6,0,6,凱基-敦北,2024-07-10,9237
2618,長榮航,10,4,6,凱基-敦北,2024-07-10,9237
6207,雷科,6,0,6,凱基-敦北,2024-07-10,9237
3019,亞光,5,0,5,凱基-敦北,2024-07-10,9237
3013,晟銘電,16,11,5,凱基-敦北,2024-07-10,9237
2610,華航,121,6,115,凱基-敦北,2024-07-11,9237
2243,宏旭-KY,105,0,105,凱基-敦北,2024-07-11,9237
5905,南仁湖,81,1,80,凱基-敦北,2024-07-11,9237
4532,瑞智,70,0,70,凱基-敦北,2024-07-11,9237
00945B,凱基美國非投等債,52,0,52,凱基-敦北,2024-07-11,9237
2888,新光金,115,63,52,凱基-敦北,2024-07-11,9237
1785,光洋科,50,0,50,凱基-敦北,2024-07-11,9237
3711,日月光投控,51,3,48,凱基-敦北,2024-07-11,9237
8213,志超,45,0,45,凱基-敦北,2024-07-11,9237
1217,愛之味,50,9,41,凱基-敦北,2024-07-11,9237
3675,德微,38,0,38,凱基-敦北,2024-07-11,9237
6245,立端,36,0,36,凱基-敦北,2024-07-11,9237
3033,威健,35,1,34,凱基-敦北,2024-07-11,9237
00687B,國泰20年美債,28,0,28,凱基-敦北,2024-07-11,9237
00720B,元大投資級公司債,27,0,27,凱基-敦北,2024-07-11,9237
8096,擎亞,27,1,26,凱基-敦北,2024-07-11,9237
2603,長榮,24,0,24,凱基-敦北,2024-07-11,9237
00947,台新臺灣IC設計,22,0,22,凱基-敦北,2024-07-11,9237
00934,中信成長高股息,20,0,20,凱基-敦北,2024-07-11,9237
2323,中環,28,10,18,凱基-敦北,2024-07-11,9237
2340,台亞,50,32,18,凱基-敦北,2024-07-11,9237
2905,三商,18,0,18,凱基-敦北,2024-07-11,9237
2881,富邦金,20,2,18,凱基-敦北,2024-07-11,9237
3037,欣興,91,73,18,凱基-敦北,2024-07-11,9237
2301,光寶科,17,0,17,凱基-敦北,2024-07-11,9237
6187,萬潤,17,2,15,凱基-敦北,2024-07-11,9237
00696B,富邦美債20年,15,0,15,凱基-敦北,2024-07-11,9237
2444,兆勁,15,0,15,凱基-敦北,2024-07-11,9237
3607,谷崧,15,0,15,凱基-敦北,2024-07-11,9237
1795,美時,14,0,14,凱基-敦北,2024-07-11,9237
2609,陽明,18,4,14,凱基-敦北,2024-07-11,9237
3374,精材,27,14,13,凱基-敦北,2024-07-11,9237
5474,聰泰,14,1,13,凱基-敦北,2024-07-11,9237
2367,燿華,15,3,12,凱基-敦北,2024-07-11,9237
2382,廣達,15,3,12,凱基-敦北,2024-07-11,9237
8064,東捷,13,1,12,凱基-敦北,2024-07-11,9237
2402,毅嘉,12,0,12,凱基-敦北,2024-07-11,9237
2449,京元電子,31,20,11,凱基-敦北,2024-07-11,9237
1326,台化,11,0,11,凱基-敦北,2024-07-11,9237
2388,威盛,14,3,11,凱基-敦北,2024-07-11,9237
3048,益登,12,1,11,凱基-敦北,2024-07-11,9237
3312,弘憶股,11,0,11,凱基-敦北,2024-07-11,9237
1454,台富,10,0,10,凱基-敦北,2024-07-11,9237
1536,和大,11,1,10,凱基-敦北,2024-07-11,9237
2812,台中銀,10,0,10,凱基-敦北,2024-07-11,9237
2855,統一證,10,0,10,凱基-敦北,2024-07-11,9237
2889,國票金,11,1,10,凱基-敦北,2024-07-11,9237
4533,協易機,11,1,10,凱基-敦北,2024-07-11,9237
4974,亞泰,10,0,10,凱基-敦北,2024-07-11,9237
6244,茂迪,9,0,9,凱基-敦北,2024-07-11,9237
00929,復華台灣科技優息,147,2,145,凱基-敦北,2024-07-12,9237
2481,強茂,100,1,99,凱基-敦北,2024-07-12,9237
00632R,元大台灣50反1,100,15,85,凱基-敦北,2024-07-12,9237
4414,如興,80,0,80,凱基-敦北,2024-07-12,9237
00937B,群益ESG投等債20,72,1,71,凱基-敦北,2024-07-12,9237
00934,中信成長高股息,106,36,70,凱基-敦北,2024-07-12,9237
2243,宏旭-KY,66,0,66,凱基-敦北,2024-07-12,9237
2449,京元電子,66,2,64,凱基-敦北,2024-07-12,9237
2610,華航,62,1,61,凱基-敦北,2024-07-12,9237
6278,台表科,62,1,61,凱基-敦北,2024-07-12,9237
3037,欣興,75,24,51,凱基-敦北,2024-07-12,9237
00688L,國泰20年美債正2,50,0,50,凱基-敦北,2024-07-12,9237
6264,富裔,50,0,50,凱基-敦北,2024-07-12,9237
8086,宏捷科,51,1,50,凱基-敦北,2024-07-12,9237
6213,聯茂,46,0,46,凱基-敦北,2024-07-12,9237
00919,群益台灣精選高息,47,2,45,凱基-敦北,2024-07-12,9237
2368,金像電,49,9,40,凱基-敦北,2024-07-12,9237
2303,聯電,49,9,40,凱基-敦北,2024-07-12,9237
2317,鴻海,70,31,39,凱基-敦北,2024-07-12,9237
1103,嘉泥,38,0,38,凱基-敦北,2024-07-12,9237
00712,復華富時不動產,30,0,30,凱基-敦北,2024-07-12,9237
4532,瑞智,30,0,30,凱基-敦北,2024-07-12,9237
00679B,元大美債20年,30,2,28,凱基-敦北,2024-07-12,9237
6830,汎銓,24,0,24,凱基-敦北,2024-07-12,9237
00720B,元大投資級公司債,25,2,23,凱基-敦北,2024-07-12,9237
1316,上曜,23,0,23,凱基-敦北,2024-07-12,9237
2883,凱基金,24,2,22,凱基-敦北,2024-07-12,9237
00927,群益半導體收益,21,0,21,凱基-敦北,2024-07-12,9237
00753L,中信中國50正2,20,0,20,凱基-敦北,2024-07-12,9237
1104,環泥,20,0,20,凱基-敦北,2024-07-12,9237
3312,弘憶股,17,0,17,凱基-敦北,2024-07-12,9237
2609,陽明,88,72,16,凱基-敦北,2024-07-12,9237
3711,日月光投控,18,2,16,凱基-敦北,2024-07-12,9237
0056,元大高股息,17,2,15,凱基-敦北,2024-07-12,9237
2444,兆勁,15,0,15,凱基-敦北,2024-07-12,9237
3048,益登,15,0,15,凱基-敦北,2024-07-12,9237
8064,東捷,20,5,15,凱基-敦北,2024-07-12,9237
2330,台積電,17,2,15,凱基-敦北,2024-07-12,9237
2313,華通,16,2,14,凱基-敦北,2024-07-12,9237
2312,金寶,15,4,11,凱基-敦北,2024-07-12,9237
1785,光洋科,10,0,10,凱基-敦北,2024-07-12,9237
00680L,元大美債20正2,10,0,10,凱基-敦北,2024-07-12,9237
00935,野村臺灣新科技50,10,0,10,凱基-敦北,2024-07-12,9237
2029,盛餘,10,0,10,凱基-敦北,2024-07-12,9237
2316,楠梓電,10,0,10,凱基-敦北,2024-07-12,9237
2351,順德,11,1,10,凱基-敦北,2024-07-12,9237
4306,炎洲,10,0,10,凱基-敦北,2024-07-12,9237
4979,華星光,10,0,10,凱基-敦北,2024-07-12,9237
00905,FT臺灣Smart,9,0,9,凱基-敦北,2024-07-12,9237
006208,富邦台50,9,1,8,凱基-敦北,2024-07-12,9237
00934,中信成長高股息,180,12,168,凱基-敦北,2024-07-15,9237
2472,立隆電,131,21,110,凱基-敦北,2024-07-15,9237
00927,群益半導體收益,102,1,101,凱基-敦北,2024-07-15,9237
00937B,群益ESG投等債20,77,2,75,凱基-敦北,2024-07-15,9237
3290,東浦,50,0,50,凱基-敦北,2024-07-15,9237
2891,中信金,52,2,50,凱基-敦北,2024-07-15,9237
4532,瑞智,40,0,40,凱基-敦北,2024-07-15,9237
5243,乙盛-KY,49,13,36,凱基-敦北,2024-07-15,9237
2356,英業達,60,29,31,凱基-敦北,2024-07-15,9237
1727,中華化,30,0,30,凱基-敦北,2024-07-15,9237
2029,盛餘,30,0,30,凱基-敦北,2024-07-15,9237
6278,台表科,40,10,30,凱基-敦北,2024-07-15,9237
3481,群創,43,14,29,凱基-敦北,2024-07-15,9237
00929,復華台灣科技優息,26,0,26,凱基-敦北,2024-07-15,9237
2903,遠百,23,0,23,凱基-敦北,2024-07-15,9237
1608,華榮,21,1,20,凱基-敦北,2024-07-15,9237
00688L,國泰20年美債正2,20,0,20,凱基-敦北,2024-07-15,9237
1432,大魯閣,20,0,20,凱基-敦北,2024-07-15,9237
6175,立敦,20,1,19,凱基-敦北,2024-07-15,9237
2332,友訊,18,2,16,凱基-敦北,2024-07-15,9237
3045,台灣大,16,0,16,凱基-敦北,2024-07-15,9237
3454,晶睿,17,1,16,凱基-敦北,2024-07-15,9237
2444,兆勁,15,0,15,凱基-敦北,2024-07-15,9237
8213,志超,15,0,15,凱基-敦北,2024-07-15,9237
2461,光群雷,13,0,13,凱基-敦北,2024-07-15,9237
6830,汎銓,12,0,12,凱基-敦北,2024-07-15,9237
1108,幸福,11,0,11,凱基-敦北,2024-07-15,9237
2610,華航,11,0,11,凱基-敦北,2024-07-15,9237
6546,正基,17,6,11,凱基-敦北,2024-07-15,9237
9958,世紀鋼,11,0,11,凱基-敦北,2024-07-15,9237
00878,國泰永續高股息,12,1,11,凱基-敦北,2024-07-15,9237
2888,新光金,71,61,10,凱基-敦北,2024-07-15,9237
1217,愛之味,20,10,10,凱基-敦北,2024-07-15,9237
2409,友達,10,0,10,凱基-敦北,2024-07-15,9237
4564,元翎,10,0,10,凱基-敦北,2024-07-15,9237
4909,新復興,12,2,10,凱基-敦北,2024-07-15,9237
4960,誠美材,10,0,10,凱基-敦北,2024-07-15,9237
6829,千附精密,10,0,10,凱基-敦北,2024-07-15,9237
9910,豐泰,10,0,10,凱基-敦北,2024-07-15,9237
2883,凱基金,10,1,9,凱基-敦北,2024-07-15,9237
00936,台新永續高息中小,9,0,9,凱基-敦北,2024-07-15,9237
4123,晟德,10,1,9,凱基-敦北,2024-07-15,9237
2454,聯發科,8,0,8,凱基-敦北,2024-07-15,9237
0056,元大高股息,8,0,8,凱基-敦北,2024-07-15,9237
00905,FT臺灣Smart,8,0,8,凱基-敦北,2024-07-15,9237
6218,豪勉,8,0,8,凱基-敦北,2024-07-15,9237
2886,兆豐金,9,1,8,凱基-敦北,2024-07-15,9237
2392,正崴,16,8,8,凱基-敦北,2024-07-15,9237
00687B,國泰20年美債,7,0,7,凱基-敦北,2024-07-15,9237
1587,吉茂,8,1,7,凱基-敦北,2024-07-15,9237
2888,新光金,1525,32,1493,凱基-敦北,2024-07-16,9237
3045,台灣大,295,0,295,凱基-敦北,2024-07-16,9237
2449,京元電子,312,21,291,凱基-敦北,2024-07-16,9237
2472,立隆電,137,52,85,凱基-敦北,2024-07-16,9237
1718,中纖,84,0,84,凱基-敦北,2024-07-16,9237
2029,盛餘,73,0,73,凱基-敦北,2024-07-16,9237
6806,森崴能源,58,1,57,凱基-敦北,2024-07-16,9237
2243,宏旭-KY,51,1,50,凱基-敦北,2024-07-16,9237
00937B,群益ESG投等債20,74,30,44,凱基-敦北,2024-07-16,9237
3094,聯傑,41,0,41,凱基-敦北,2024-07-16,9237
6213,聯茂,42,1,41,凱基-敦北,2024-07-16,9237
2368,金像電,96,56,40,凱基-敦北,2024-07-16,9237
5905,南仁湖,42,3,39,凱基-敦北,2024-07-16,9237
0056,元大高股息,38,0,38,凱基-敦北,2024-07-16,9237
00934,中信成長高股息,31,0,31,凱基-敦北,2024-07-16,9237
2406,國碩,32,1,31,凱基-敦北,2024-07-16,9237
1471,首利,30,0,30,凱基-敦北,2024-07-16,9237
1515,力山,30,0,30,凱基-敦北,2024-07-16,9237
2891,中信金,28,3,25,凱基-敦北,2024-07-16,9237
00919,群益台灣精選高息,28,4,24,凱基-敦北,2024-07-16,9237
2317,鴻海,28,5,23,凱基-敦北,2024-07-16,9237
6278,台表科,21,0,21,凱基-敦北,2024-07-16,9237
2609,陽明,84,64,20,凱基-敦北,2024-07-16,9237
2610,華航,20,0,20,凱基-敦北,2024-07-16,9237
2897,王道銀行,20,0,20,凱基-敦北,2024-07-16,9237
3260,威剛,21,1,20,凱基-敦北,2024-07-16,9237
4532,瑞智,20,0,20,凱基-敦北,2024-07-16,9237
1217,愛之味,30,11,19,凱基-敦北,2024-07-16,9237
1108,幸福,18,0,18,凱基-敦北,2024-07-16,9237
2905,三商,18,0,18,凱基-敦北,2024-07-16,9237
00927,群益半導體收益,15,0,15,凱基-敦北,2024-07-16,9237
1313,聯成,15,0,15,凱基-敦北,2024-07-16,9237
3013,晟銘電,22,7,15,凱基-敦北,2024-07-16,9237
2211,長榮鋼,14,0,14,凱基-敦北,2024-07-16,9237
00936,台新永續高息中小,12,0,12,凱基-敦北,2024-07-16,9237
00882,中信中國高股息,14,2,12,凱基-敦北,2024-07-16,9237
2401,凌陽,14,2,12,凱基-敦北,2024-07-16,9237
2371,大同,11,0,11,凱基-敦北,2024-07-16,9237
2867,三商壽,11,0,11,凱基-敦北,2024-07-16,9237
3312,弘憶股,11,0,11,凱基-敦北,2024-07-16,9237
0050,元大台灣50,11,0,11,凱基-敦北,2024-07-16,9237
00905,FT臺灣Smart,12,1,11,凱基-敦北,2024-07-16,9237
00712,復華富時不動產,12,2,10,凱基-敦北,2024-07-16,9237
1312,國喬,10,0,10,凱基-敦北,2024-07-16,9237
1314,中石化,10,0,10,凱基-敦北,2024-07-16,9237
3092,鴻碩,10,0,10,凱基-敦北,2024-07-16,9237
6116,彩晶,10,0,10,凱基-敦北,2024-07-16,9237
8050,廣積,10,0,10,凱基-敦北,2024-07-16,9237
1529,樂事綠能,15,5,10,凱基-敦北,2024-07-16,9237
2409,友達,10,1,9,凱基-敦北,2024-07-16,9237
00937B,群益ESG投等債20,173,1,172,凱基-敦北,2024-07-17,9237
1108,幸福,93,0,93,凱基-敦北,2024-07-17,9237
3013,晟銘電,79,10,69,凱基-敦北,2024-07-17,9237
1608,華榮,64,2,62,凱基-敦北,2024-07-17,9237
00929,復華台灣科技優息,59,0,59,凱基-敦北,2024-07-17,9237
2887,台新金,54,2,52,凱基-敦北,2024-07-17,9237
3710,連展投控,50,0,50,凱基-敦北,2024-07-17,9237
2867,三商壽,47,0,47,凱基-敦北,2024-07-17,9237
8028,昇陽半導體,36,1,35,凱基-敦北,2024-07-17,9237
4979,華星光,34,1,33,凱基-敦北,2024-07-17,9237
5905,南仁湖,33,0,33,凱基-敦北,2024-07-17,9237
1609,大亞,51,20,31,凱基-敦北,2024-07-17,9237
1409,新纖,31,1,30,凱基-敦北,2024-07-17,9237
1532,勤美,30,0,30,凱基-敦北,2024-07-17,9237
5243,乙盛-KY,30,0,30,凱基-敦北,2024-07-17,9237
6127,九豪,30,0,30,凱基-敦北,2024-07-17,9237
3045,台灣大,29,0,29,凱基-敦北,2024-07-17,9237
3372,典範,34,9,25,凱基-敦北,2024-07-17,9237
6213,聯茂,25,1,24,凱基-敦北,2024-07-17,9237
4906,正文,23,0,23,凱基-敦北,2024-07-17,9237
3231,緯創,29,8,21,凱基-敦北,2024-07-17,9237
3260,威剛,22,1,21,凱基-敦北,2024-07-17,9237
2317,鴻海,49,28,21,凱基-敦北,2024-07-17,9237
9945,潤泰新,36,15,21,凱基-敦北,2024-07-17,9237
4956,光鋐,20,0,20,凱基-敦北,2024-07-17,9237
6806,森崴能源,21,1,20,凱基-敦北,2024-07-17,9237
00919,群益台灣精選高息,18,1,17,凱基-敦北,2024-07-17,9237
00934,中信成長高股息,16,0,16,凱基-敦北,2024-07-17,9237
3037,欣興,25,10,15,凱基-敦北,2024-07-17,9237
3052,夆典,15,0,15,凱基-敦北,2024-07-17,9237
8213,志超,15,0,15,凱基-敦北,2024-07-17,9237
2330,台積電,15,2,13,凱基-敦北,2024-07-17,9237
0056,元大高股息,14,2,12,凱基-敦北,2024-07-17,9237
1802,台玻,11,0,11,凱基-敦北,2024-07-17,9237
00632R,元大台灣50反1,20,10,10,凱基-敦北,2024-07-17,9237
00720B,元大投資級公司債,10,0,10,凱基-敦北,2024-07-17,9237
1591,駿吉-KY,10,0,10,凱基-敦北,2024-07-17,9237
2049,上銀,19,9,10,凱基-敦北,2024-07-17,9237
2401,凌陽,10,0,10,凱基-敦北,2024-07-17,9237
2515,中工,10,0,10,凱基-敦北,2024-07-17,9237
3207,耀勝,20,10,10,凱基-敦北,2024-07-17,9237
3454,晶睿,10,0,10,凱基-敦北,2024-07-17,9237
3673,TPK-KY,12,2,10,凱基-敦北,2024-07-17,9237
8289,泰藝,10,0,10,凱基-敦北,2024-07-17,9237
00936,台新永續高息中小,9,0,9,凱基-敦北,2024-07-17,9237
00878,國泰永續高股息,9,0,9,凱基-敦北,2024-07-17,9237
4760,勤凱,8,0,8,凱基-敦北,2024-07-17,9237
00881,國泰台灣5G+,7,0,7,凱基-敦北,2024-07-17,9237
1527,鑽全,7,0,7,凱基-敦北,2024-07-17,9237
2312,金寶,13,6,7,凱基-敦北,2024-07-17,9237
00937B,群益ESG投等債20,182,0,182,凱基-敦北,2024-07-18,9237
1314,中石化,110,2,108,凱基-敦北,2024-07-18,9237
3305,昇貿,62,1,61,凱基-敦北,2024-07-18,9237
00929,復華台灣科技優息,72,12,60,凱基-敦北,2024-07-18,9237
00933B,國泰10Y+金融債,58,0,58,凱基-敦北,2024-07-18,9237
2330,台積電,61,10,51,凱基-敦北,2024-07-18,9237
1108,幸福,50,0,50,凱基-敦北,2024-07-18,9237
3710,連展投控,50,0,50,凱基-敦北,2024-07-18,9237
00878,國泰永續高股息,42,3,39,凱基-敦北,2024-07-18,9237
00941,中信上游半導體,43,5,38,凱基-敦北,2024-07-18,9237
5452,佶優,37,2,35,凱基-敦北,2024-07-18,9237
00671R,富邦NASDAQ反1,34,0,34,凱基-敦北,2024-07-18,9237
2888,新光金,52,19,33,凱基-敦北,2024-07-18,9237
4303,信立,36,6,30,凱基-敦北,2024-07-18,9237
2317,鴻海,28,4,24,凱基-敦北,2024-07-18,9237
2368,金像電,43,20,23,凱基-敦北,2024-07-18,9237
00712,復華富時不動產,42,20,22,凱基-敦北,2024-07-18,9237
3078,僑威,20,0,20,凱基-敦北,2024-07-18,9237
3207,耀勝,20,0,20,凱基-敦北,2024-07-18,9237
00936,台新永續高息中小,16,0,16,凱基-敦北,2024-07-18,9237
3374,精材,18,2,16,凱基-敦北,2024-07-18,9237
2884,玉山金,19,3,16,凱基-敦北,2024-07-18,9237
2382,廣達,17,1,16,凱基-敦北,2024-07-18,9237
1527,鑽全,15,0,15,凱基-敦北,2024-07-18,9237
2312,金寶,14,0,14,凱基-敦北,2024-07-18,9237
2313,華通,14,0,14,凱基-敦北,2024-07-18,9237
00720B,元大投資級公司債,15,2,13,凱基-敦北,2024-07-18,9237
00946,群益科技高息成長,15,2,13,凱基-敦北,2024-07-18,9237
1301,台塑,17,5,12,凱基-敦北,2024-07-18,9237
6830,汎銓,12,0,12,凱基-敦北,2024-07-18,9237
6111,大宇資,11,0,11,凱基-敦北,2024-07-18,9237
2338,光罩,11,0,11,凱基-敦北,2024-07-18,9237
3583,辛耘,11,0,11,凱基-敦北,2024-07-18,9237
2887,台新金,10,0,10,凱基-敦北,2024-07-18,9237
00895,富邦未來車,10,0,10,凱基-敦北,2024-07-18,9237
00927,群益半導體收益,27,17,10,凱基-敦北,2024-07-18,9237
00935,野村臺灣新科技50,10,0,10,凱基-敦北,2024-07-18,9237
2613,中櫃,10,0,10,凱基-敦北,2024-07-18,9237
4958,臻鼎-KY,18,8,10,凱基-敦北,2024-07-18,9237
8213,志超,10,0,10,凱基-敦北,2024-07-18,9237
3062,建漢,10,0,10,凱基-敦北,2024-07-18,9237
3231,緯創,11,2,9,凱基-敦北,2024-07-18,9237
2883,凱基金,20,11,9,凱基-敦北,2024-07-18,9237
1303,南亞,11,2,9,凱基-敦北,2024-07-18,9237
00882,中信中國高股息,10,1,9,凱基-敦北,2024-07-18,9237
2610,華航,9,0,9,凱基-敦北,2024-07-18,9237
3260,威剛,12,3,9,凱基-敦北,2024-07-18,9237
4533,協易機,9,0,9,凱基-敦北,2024-07-18,9237
8473,山林水,11,2,9,凱基-敦北,2024-07-18,9237
9105,泰金寶-DR,9,0,9,凱基-敦北,2024-07-18,9237
00940,元大台灣價值高息,135,2,133,凱基-敦北,2024-07-19,9237
00632R,元大台灣50反1,118,0,118,凱基-敦北,2024-07-19,9237
2888,新光金,128,17,111,凱基-敦北,2024-07-19,9237
00919,群益台灣精選高息,87,4,83,凱基-敦北,2024-07-19,9237
00933B,國泰10Y+金融債,74,0,74,凱基-敦北,2024-07-19,9237
00929,復華台灣科技優息,63,3,60,凱基-敦北,2024-07-19,9237
1314,中石化,50,0,50,凱基-敦北,2024-07-19,9237
2547,日勝生,50,0,50,凱基-敦北,2024-07-19,9237
2801,彰銀,50,0,50,凱基-敦北,2024-07-19,9237
3305,昇貿,48,0,48,凱基-敦北,2024-07-19,9237
2905,三商,48,0,48,凱基-敦北,2024-07-19,9237
1609,大亞,54,9,45,凱基-敦北,2024-07-19,9237
2355,敬鵬,45,0,45,凱基-敦北,2024-07-19,9237
00934,中信成長高股息,41,1,40,凱基-敦北,2024-07-19,9237
2891,中信金,39,2,37,凱基-敦北,2024-07-19,9237
2330,台積電,46,11,35,凱基-敦北,2024-07-19,9237
00680L,元大美債20正2,35,0,35,凱基-敦北,2024-07-19,9237
2887,台新金,41,8,33,凱基-敦北,2024-07-19,9237
00664R,國泰臺灣加權反1,30,0,30,凱基-敦北,2024-07-19,9237
1471,首利,30,0,30,凱基-敦北,2024-07-19,9237
5309,系統電,30,0,30,凱基-敦北,2024-07-19,9237
00878,國泰永續高股息,34,6,28,凱基-敦北,2024-07-19,9237
8086,宏捷科,28,0,28,凱基-敦北,2024-07-19,9237
0056,元大高股息,27,0,27,凱基-敦北,2024-07-19,9237
1316,上曜,26,1,25,凱基-敦北,2024-07-19,9237
4958,臻鼎-KY,38,13,25,凱基-敦北,2024-07-19,9237
2344,華邦電,23,0,23,凱基-敦北,2024-07-19,9237
00937B,群益ESG投等債20,29,7,22,凱基-敦北,2024-07-19,9237
2317,鴻海,25,3,22,凱基-敦北,2024-07-19,9237
00665L,富邦�琤肭磪囓�2,21,0,21,凱基-敦北,2024-07-19,9237
00753L,中信中國50正2,20,0,20,凱基-敦北,2024-07-19,9237
1402,遠東新,20,0,20,凱基-敦北,2024-07-19,9237
2444,兆勁,20,0,20,凱基-敦北,2024-07-19,9237
5243,乙盛-KY,20,0,20,凱基-敦北,2024-07-19,9237
2332,友訊,20,1,19,凱基-敦北,2024-07-19,9237
2834,臺企銀,19,1,18,凱基-敦北,2024-07-19,9237
6116,彩晶,17,0,17,凱基-敦北,2024-07-19,9237
2303,聯電,16,0,16,凱基-敦北,2024-07-19,9237
9105,泰金寶-DR,16,0,16,凱基-敦北,2024-07-19,9237
00679B,元大美債20年,18,3,15,凱基-敦北,2024-07-19,9237
2323,中環,15,0,15,凱基-敦北,2024-07-19,9237
3260,威剛,16,1,15,凱基-敦北,2024-07-19,9237
0050,元大台灣50,16,1,15,凱基-敦北,2024-07-19,9237
6782,視陽,14,0,14,凱基-敦北,2024-07-19,9237
00905,FT臺灣Smart,13,0,13,凱基-敦北,2024-07-19,9237
00648R,元大S＆P500反1,12,0,12,凱基-敦北,2024-07-19,9237
00918,大華優利高填息30,11,0,11,凱基-敦北,2024-07-19,9237
2457,飛宏,11,0,11,凱基-敦北,2024-07-19,9237
2903,遠百,11,0,11,凱基-敦北,2024-07-19,9237
4726,永昕,36,25,11,凱基-敦北,2024-07-19,9237
00632R,元大台灣50反1,392,148,244,凱基-敦北,2024-07-22,9237
00934,中信成長高股息,124,0,124,凱基-敦北,2024-07-22,9237
3481,群創,155,55,100,凱基-敦北,2024-07-22,9237
8215,明基材,100,6,94,凱基-敦北,2024-07-22,9237
1718,中纖,84,0,84,凱基-敦北,2024-07-22,9237
1444,力麗,80,0,80,凱基-敦北,2024-07-22,9237
2426,鼎元,80,0,80,凱基-敦北,2024-07-22,9237
00940,元大台灣價值高息,142,70,72,凱基-敦北,2024-07-22,9237
00945B,凱基美國非投等債,53,0,53,凱基-敦北,2024-07-22,9237
2801,彰銀,50,0,50,凱基-敦北,2024-07-22,9237
1108,幸福,49,0,49,凱基-敦北,2024-07-22,9237
00929,復華台灣科技優息,139,92,47,凱基-敦北,2024-07-22,9237
6770,力積電,50,5,45,凱基-敦北,2024-07-22,9237
1314,中石化,36,0,36,凱基-敦北,2024-07-22,9237
00878,國泰永續高股息,46,10,36,凱基-敦北,2024-07-22,9237
2317,鴻海,46,13,33,凱基-敦北,2024-07-22,9237
3666,光耀,33,1,32,凱基-敦北,2024-07-22,9237
5512,力麒,43,16,27,凱基-敦北,2024-07-22,9237
8086,宏捷科,27,0,27,凱基-敦北,2024-07-22,9237
2520,冠德,31,4,27,凱基-敦北,2024-07-22,9237
6546,正基,38,12,26,凱基-敦北,2024-07-22,9237
0056,元大高股息,27,2,25,凱基-敦北,2024-07-22,9237
2371,大同,23,2,21,凱基-敦北,2024-07-22,9237
3013,晟銘電,25,4,21,凱基-敦北,2024-07-22,9237
1321,大洋,20,0,20,凱基-敦北,2024-07-22,9237
1402,遠東新,20,0,20,凱基-敦北,2024-07-22,9237
5309,系統電,20,0,20,凱基-敦北,2024-07-22,9237
00919,群益台灣精選高息,48,30,18,凱基-敦北,2024-07-22,9237
1611,中電,21,5,16,凱基-敦北,2024-07-22,9237
2501,國建,17,1,16,凱基-敦北,2024-07-22,9237
2101,南港,15,1,14,凱基-敦北,2024-07-22,9237
2885,元大金,11,0,11,凱基-敦北,2024-07-22,9237
3706,神達,12,1,11,凱基-敦北,2024-07-22,9237
2881,富邦金,13,3,10,凱基-敦北,2024-07-22,9237
8054,安國,14,4,10,凱基-敦北,2024-07-22,9237
00648R,元大S＆P500反1,10,0,10,凱基-敦北,2024-07-22,9237
5355,佳總,10,0,10,凱基-敦北,2024-07-22,9237
6278,台表科,10,0,10,凱基-敦北,2024-07-22,9237
00941,中信上游半導體,9,0,9,凱基-敦北,2024-07-22,9237
3675,德微,9,0,9,凱基-敦北,2024-07-22,9237
2891,中信金,13,4,9,凱基-敦北,2024-07-22,9237
2356,英業達,11,3,8,凱基-敦北,2024-07-22,9237
00933B,國泰10Y+金融債,11,3,8,凱基-敦北,2024-07-22,9237
00935,野村臺灣新科技50,8,0,8,凱基-敦北,2024-07-22,9237
3052,夆典,28,20,8,凱基-敦北,2024-07-22,9237
4303,信立,16,8,8,凱基-敦北,2024-07-22,9237
2313,華通,13,6,7,凱基-敦北,2024-07-22,9237
00947,台新臺灣IC設計,7,0,7,凱基-敦北,2024-07-22,9237
2906,高林,7,0,7,凱基-敦北,2024-07-22,9237
8473,山林水,104,97,7,凱基-敦北,2024-07-22,9237
3481,群創,163,4,159,凱基-敦北,2024-07-23,9237
00929,復華台灣科技優息,105,1,104,凱基-敦北,2024-07-23,9237
1540,喬福,69,0,69,凱基-敦北,2024-07-23,9237
2504,國產,112,44,68,凱基-敦北,2024-07-23,9237
00937B,群益ESG投等債20,56,0,56,凱基-敦北,2024-07-23,9237
6806,森崴能源,52,2,50,凱基-敦北,2024-07-23,9237
3322,建舜電,52,2,50,凱基-敦北,2024-07-23,9237
00632R,元大台灣50反1,48,0,48,凱基-敦北,2024-07-23,9237
8213,志超,35,0,35,凱基-敦北,2024-07-23,9237
4532,瑞智,20,0,20,凱基-敦北,2024-07-23,9237
2606,裕民,19,0,19,凱基-敦北,2024-07-23,9237
00687B,國泰20年美債,15,0,15,凱基-敦北,2024-07-23,9237
2888,新光金,52,37,15,凱基-敦北,2024-07-23,9237
0056,元大高股息,13,0,13,凱基-敦北,2024-07-23,9237
2408,南亞科,13,0,13,凱基-敦北,2024-07-23,9237
1584,精剛,12,0,12,凱基-敦北,2024-07-23,9237
5243,乙盛-KY,20,8,12,凱基-敦北,2024-07-23,9237
6877,鏵友益,12,0,12,凱基-敦北,2024-07-23,9237
9902,台火,12,0,12,凱基-敦北,2024-07-23,9237
2392,正崴,11,0,11,凱基-敦北,2024-07-23,9237
2464,盟立,13,2,11,凱基-敦北,2024-07-23,9237
00946,群益科技高息成長,10,0,10,凱基-敦北,2024-07-23,9237
3147,大綜,10,0,10,凱基-敦北,2024-07-23,9237
3666,光耀,10,0,10,凱基-敦北,2024-07-23,9237
3715,定穎投控,10,0,10,凱基-敦北,2024-07-23,9237
4108,懷特,10,0,10,凱基-敦北,2024-07-23,9237
6175,立敦,10,0,10,凱基-敦北,2024-07-23,9237
6278,台表科,15,5,10,凱基-敦北,2024-07-23,9237
3047,訊舟,39,30,9,凱基-敦北,2024-07-23,9237
00679B,元大美債20年,9,1,8,凱基-敦北,2024-07-23,9237
1815,富喬,11,3,8,凱基-敦北,2024-07-23,9237
1597,直得,8,0,8,凱基-敦北,2024-07-23,9237
1720,生達,10,3,7,凱基-敦北,2024-07-23,9237
2344,華邦電,7,0,7,凱基-敦北,2024-07-23,9237
6116,彩晶,7,0,7,凱基-敦北,2024-07-23,9237
3231,緯創,12,5,7,凱基-敦北,2024-07-23,9237
2543,皇昌,6,0,6,凱基-敦北,2024-07-23,9237
2409,友達,6,0,6,凱基-敦北,2024-07-23,9237
3673,TPK-KY,6,0,6,凱基-敦北,2024-07-23,9237
2330,台積電,6,1,5,凱基-敦北,2024-07-23,9237
00919,群益台灣精選高息,5,0,5,凱基-敦北,2024-07-23,9237
00934,中信成長高股息,5,0,5,凱基-敦北,2024-07-23,9237
1611,中電,5,0,5,凱基-敦北,2024-07-23,9237
2301,光寶科,23,18,5,凱基-敦北,2024-07-23,9237
2337,旺宏,5,0,5,凱基-敦北,2024-07-23,9237
2376,技嘉,5,0,5,凱基-敦北,2024-07-23,9237
2489,瑞軒,5,0,5,凱基-敦北,2024-07-23,9237
3122,笙泉,5,0,5,凱基-敦北,2024-07-23,9237
3207,耀勝,10,5,5,凱基-敦北,2024-07-23,9237
5340,建榮,5,0,5,凱基-敦北,2024-07-23,9237
00687B,國泰20年美債,237,0,237,凱基-敦北,2024-07-26,9237
5364,力麗店,76,0,76,凱基-敦北,2024-07-26,9237
00929,復華台灣科技優息,86,13,73,凱基-敦北,2024-07-26,9237
00940,元大台灣價值高息,72,0,72,凱基-敦北,2024-07-26,9237
00679B,元大美債20年,54,0,54,凱基-敦北,2024-07-26,9237
4566,時碩工業,52,0,52,凱基-敦北,2024-07-26,9237
6215,和椿,50,0,50,凱基-敦北,2024-07-26,9237
2330,台積電,47,1,46,凱基-敦北,2024-07-26,9237
00919,群益台灣精選高息,43,3,40,凱基-敦北,2024-07-26,9237
00753L,中信中國50正2,40,0,40,凱基-敦北,2024-07-26,9237
2303,聯電,39,0,39,凱基-敦北,2024-07-26,9237
9945,潤泰新,48,10,38,凱基-敦北,2024-07-26,9237
2002,中鋼,33,0,33,凱基-敦北,2024-07-26,9237
2368,金像電,41,10,31,凱基-敦北,2024-07-26,9237
1314,中石化,30,0,30,凱基-敦北,2024-07-26,9237
1532,勤美,28,0,28,凱基-敦北,2024-07-26,9237
00878,國泰永續高股息,33,7,26,凱基-敦北,2024-07-26,9237
2356,英業達,29,5,24,凱基-敦北,2024-07-26,9237
0050,元大台灣50,23,0,23,凱基-敦北,2024-07-26,9237
2884,玉山金,22,0,22,凱基-敦北,2024-07-26,9237
6830,汎銓,27,6,21,凱基-敦北,2024-07-26,9237
8213,志超,20,0,20,凱基-敦北,2024-07-26,9237
00941,中信上游半導體,19,0,19,凱基-敦北,2024-07-26,9237
2317,鴻海,30,11,19,凱基-敦北,2024-07-26,9237
3666,光耀,21,3,18,凱基-敦北,2024-07-26,9237
5243,乙盛-KY,18,0,18,凱基-敦北,2024-07-26,9237
00915,凱基優選高股息30,16,0,16,凱基-敦北,2024-07-26,9237
2906,高林,17,1,16,凱基-敦北,2024-07-26,9237
0056,元大高股息,16,0,16,凱基-敦北,2024-07-26,9237
2891,中信金,15,1,14,凱基-敦北,2024-07-26,9237
6005,群益證,13,0,13,凱基-敦北,2024-07-26,9237
3711,日月光投控,12,0,12,凱基-敦北,2024-07-26,9237
3105,穩懋,12,0,12,凱基-敦北,2024-07-26,9237
00650L,復華香港正2,10,0,10,凱基-敦北,2024-07-26,9237
00692,富邦公司治理,10,0,10,凱基-敦北,2024-07-26,9237
00951,台新日本半導體,10,0,10,凱基-敦北,2024-07-26,9237
2903,遠百,10,0,10,凱基-敦北,2024-07-26,9237
3207,耀勝,10,0,10,凱基-敦北,2024-07-26,9237
3211,順達,10,0,10,凱基-敦北,2024-07-26,9237
3305,昇貿,10,0,10,凱基-敦北,2024-07-26,9237
2382,廣達,11,1,10,凱基-敦北,2024-07-26,9237
2344,華邦電,9,0,9,凱基-敦北,2024-07-26,9237
4142,國光生,8,0,8,凱基-敦北,2024-07-26,9237
3673,TPK-KY,7,0,7,凱基-敦北,2024-07-26,9237
8937,合騏,7,0,7,凱基-敦北,2024-07-26,9237
00713,元大台灣高息低波,7,0,7,凱基-敦北,2024-07-26,9237
2352,佳世達,7,0,7,凱基-敦北,2024-07-26,9237
006208,富邦台50,7,0,7,凱基-敦北,2024-07-26,9237
2101,南港,7,0,7,凱基-敦北,2024-07-26,9237
3036,文曄,6,0,6,凱基-敦北,2024-07-26,9237
00632R,元大台灣50反1,284,0,284,凱基-敦北,2024-07-29,9237
3322,建舜電,142,0,142,凱基-敦北,2024-07-29,9237
00929,復華台灣科技優息,108,3,105,凱基-敦北,2024-07-29,9237
1532,勤美,83,36,47,凱基-敦北,2024-07-29,9237
00940,元大台灣價值高息,51,5,46,凱基-敦北,2024-07-29,9237
2368,金像電,40,0,40,凱基-敦北,2024-07-29,9237
2301,光寶科,40,6,34,凱基-敦北,2024-07-29,9237
2834,臺企銀,34,0,34,凱基-敦北,2024-07-29,9237
2449,京元電子,57,26,31,凱基-敦北,2024-07-29,9237
00730,富邦臺灣優質高息,30,0,30,凱基-敦北,2024-07-29,9237
5603,陸海,30,0,30,凱基-敦北,2024-07-29,9237
00878,國泰永續高股息,27,2,25,凱基-敦北,2024-07-29,9237
3321,同泰,25,2,23,凱基-敦北,2024-07-29,9237
2356,英業達,23,2,21,凱基-敦北,2024-07-29,9237
2887,台新金,21,0,21,凱基-敦北,2024-07-29,9237
5512,力麒,48,30,18,凱基-敦北,2024-07-29,9237
2891,中信金,18,2,16,凱基-敦北,2024-07-29,9237
3587,閎康,15,0,15,凱基-敦北,2024-07-29,9237
2542,興富發,23,9,14,凱基-敦北,2024-07-29,9237
3689,湧德,14,0,14,凱基-敦北,2024-07-29,9237
0056,元大高股息,13,0,13,凱基-敦北,2024-07-29,9237
2438,翔耀,13,0,13,凱基-敦北,2024-07-29,9237
2885,元大金,12,0,12,凱基-敦北,2024-07-29,9237
3078,僑威,12,0,12,凱基-敦北,2024-07-29,9237
00919,群益台灣精選高息,19,7,12,凱基-敦北,2024-07-29,9237
3481,群創,24,12,12,凱基-敦北,2024-07-29,9237
00712,復華富時不動產,11,0,11,凱基-敦北,2024-07-29,9237
9939,宏全,11,0,11,凱基-敦北,2024-07-29,9237
2392,正崴,14,4,10,凱基-敦北,2024-07-29,9237
00830,國泰費城半導體,10,0,10,凱基-敦北,2024-07-29,9237
00686R,群益臺灣加權反1,10,0,10,凱基-敦北,2024-07-29,9237
00641R,富邦日本反1,10,0,10,凱基-敦北,2024-07-29,9237
4108,懷特,10,0,10,凱基-敦北,2024-07-29,9237
4991,環宇-KY,10,0,10,凱基-敦北,2024-07-29,9237
8099,大世科,9,0,9,凱基-敦北,2024-07-29,9237
2884,玉山金,12,4,8,凱基-敦北,2024-07-29,9237
3105,穩懋,8,0,8,凱基-敦北,2024-07-29,9237
3163,波若威,9,1,8,凱基-敦北,2024-07-29,9237
6770,力積電,7,0,7,凱基-敦北,2024-07-29,9237
00934,中信成長高股息,7,0,7,凱基-敦北,2024-07-29,9237
00946,群益科技高息成長,7,0,7,凱基-敦北,2024-07-29,9237
3036,文曄,7,0,7,凱基-敦北,2024-07-29,9237
2303,聯電,6,0,6,凱基-敦北,2024-07-29,9237
00637L,元大滬深300正2,6,0,6,凱基-敦北,2024-07-29,9237
1432,大魯閣,6,0,6,凱基-敦北,2024-07-29,9237
6140,訊達,6,0,6,凱基-敦北,2024-07-29,9237
9105,泰金寶-DR,24,18,6,凱基-敦北,2024-07-29,9237
9958,世紀鋼,6,0,6,凱基-敦北,2024-07-29,9237
2382,廣達,5,0,5,凱基-敦北,2024-07-29,9237
2327,國巨,5,0,5,凱基-敦北,2024-07-29,9237
00937B,群益ESG投等債20,110,12,98,凱基-敦北,2024-07-30,9237
00940,元大台灣價值高息,82,8,74,凱基-敦北,2024-07-30,9237
2002,中鋼,59,0,59,凱基-敦北,2024-07-30,9237
00929,復華台灣科技優息,58,0,58,凱基-敦北,2024-07-30,9237
5309,系統電,118,63,55,凱基-敦北,2024-07-30,9237
00676R,富邦臺灣加權反1,50,0,50,凱基-敦北,2024-07-30,9237
00878,國泰永續高股息,41,0,41,凱基-敦北,2024-07-30,9237
00945B,凱基美國非投等債,37,0,37,凱基-敦北,2024-07-30,9237
00944,野村趨勢動能高息,32,0,32,凱基-敦北,2024-07-30,9237
1540,喬福,30,0,30,凱基-敦北,2024-07-30,9237
3481,群創,69,41,28,凱基-敦北,2024-07-30,9237
2355,敬鵬,26,0,26,凱基-敦北,2024-07-30,9237
00919,群益台灣精選高息,24,0,24,凱基-敦北,2024-07-30,9237
00687B,國泰20年美債,27,4,23,凱基-敦北,2024-07-30,9237
2891,中信金,33,11,22,凱基-敦北,2024-07-30,9237
2392,正崴,22,0,22,凱基-敦北,2024-07-30,9237
8064,東捷,36,15,21,凱基-敦北,2024-07-30,9237
6603,富強鑫,20,0,20,凱基-敦北,2024-07-30,9237
2344,華邦電,19,0,19,凱基-敦北,2024-07-30,9237
00637L,元大滬深300正2,16,0,16,凱基-敦北,2024-07-30,9237
00642U,期元大S＆P石油,15,0,15,凱基-敦北,2024-07-30,9237
1449,佳和,20,5,15,凱基-敦北,2024-07-30,9237
2029,盛餘,14,0,14,凱基-敦北,2024-07-30,9237
3189,景碩,15,2,13,凱基-敦北,2024-07-30,9237
9945,潤泰新,23,11,12,凱基-敦北,2024-07-30,9237
6806,森崴能源,11,0,11,凱基-敦北,2024-07-30,9237
2357,華碩,21,10,11,凱基-敦北,2024-07-30,9237
3037,欣興,25,14,11,凱基-敦北,2024-07-30,9237
6462,神盾,11,1,10,凱基-敦北,2024-07-30,9237
00679B,元大美債20年,41,31,10,凱基-敦北,2024-07-30,9237
00941,中信上游半導體,10,0,10,凱基-敦北,2024-07-30,9237
1584,精剛,10,0,10,凱基-敦北,2024-07-30,9237
2031,新光鋼,10,0,10,凱基-敦北,2024-07-30,9237
3260,威剛,10,0,10,凱基-敦北,2024-07-30,9237
8054,安國,10,0,10,凱基-敦北,2024-07-30,9237
0056,元大高股息,10,1,9,凱基-敦北,2024-07-30,9237
00946,群益科技高息成長,8,0,8,凱基-敦北,2024-07-30,9237
00680L,元大美債20正2,8,0,8,凱基-敦北,2024-07-30,9237
00915,凱基優選高股息30,7,0,7,凱基-敦北,2024-07-30,9237
00948B,中信優息投資級債,7,0,7,凱基-敦北,2024-07-30,9237
2881,富邦金,14,8,6,凱基-敦北,2024-07-30,9237
2834,臺企銀,8,2,6,凱基-敦北,2024-07-30,9237
2903,遠百,10,4,6,凱基-敦北,2024-07-30,9237
006208,富邦台50,6,0,6,凱基-敦北,2024-07-30,9237
6005,群益證,5,0,5,凱基-敦北,2024-07-30,9237
00882,中信中國高股息,5,0,5,凱基-敦北,2024-07-30,9237
00753L,中信中國50正2,5,0,5,凱基-敦北,2024-07-30,9237
00934,中信成長高股息,5,0,5,凱基-敦北,2024-07-30,9237
2316,楠梓電,5,0,5,凱基-敦北,2024-07-30,9237
2364,倫飛,10,5,5,凱基-敦北,2024-07-30,9237
00919,群益台灣精選高息,116,0,116,凱基-敦北,2024-07-31,9237
2368,金像電,90,1,89,凱基-敦北,2024-07-31,9237
00929,復華台灣科技優息,63,2,61,凱基-敦北,2024-07-31,9237
4566,時碩工業,50,0,50,凱基-敦北,2024-07-31,9237
6126,信音,50,0,50,凱基-敦北,2024-07-31,9237
00680L,元大美債20正2,40,2,38,凱基-敦北,2024-07-31,9237
00688L,國泰20年美債正2,32,0,32,凱基-敦北,2024-07-31,9237
3047,訊舟,54,22,32,凱基-敦北,2024-07-31,9237
00632R,元大台灣50反1,30,0,30,凱基-敦北,2024-07-31,9237
00679B,元大美債20年,23,1,22,凱基-敦北,2024-07-31,9237
4906,正文,31,10,21,凱基-敦北,2024-07-31,9237
2426,鼎元,20,0,20,凱基-敦北,2024-07-31,9237
2903,遠百,20,0,20,凱基-敦北,2024-07-31,9237
2354,鴻準,20,2,18,凱基-敦北,2024-07-31,9237
4510,高鋒,20,2,18,凱基-敦北,2024-07-31,9237
00947,台新臺灣IC設計,15,0,15,凱基-敦北,2024-07-31,9237
2344,華邦電,12,0,12,凱基-敦北,2024-07-31,9237
6830,汎銓,12,0,12,凱基-敦北,2024-07-31,9237
2301,光寶科,13,2,11,凱基-敦北,2024-07-31,9237
3105,穩懋,11,0,11,凱基-敦北,2024-07-31,9237
00946,群益科技高息成長,11,0,11,凱基-敦北,2024-07-31,9237
2906,高林,11,0,11,凱基-敦北,2024-07-31,9237
00951,台新日本半導體,10,0,10,凱基-敦北,2024-07-31,9237
2029,盛餘,10,0,10,凱基-敦北,2024-07-31,9237
3686,達能,10,0,10,凱基-敦北,2024-07-31,9237
6215,和椿,10,0,10,凱基-敦北,2024-07-31,9237
6505,台塑化,10,0,10,凱基-敦北,2024-07-31,9237
5371,中光電,9,0,9,凱基-敦北,2024-07-31,9237
6274,台燿,10,1,9,凱基-敦北,2024-07-31,9237
00706L,期元大S＆P日圓正2,10,2,8,凱基-敦北,2024-07-31,9237
00937B,群益ESG投等債20,8,0,8,凱基-敦北,2024-07-31,9237
2543,皇昌,10,2,8,凱基-敦北,2024-07-31,9237
0056,元大高股息,7,0,7,凱基-敦北,2024-07-31,9237
00687B,國泰20年美債,14,7,7,凱基-敦北,2024-07-31,9237
00934,中信成長高股息,7,0,7,凱基-敦北,2024-07-31,9237
5443,均豪,43,37,6,凱基-敦北,2024-07-31,9237
2382,廣達,10,4,6,凱基-敦北,2024-07-31,9237
3665,貿聯-KY,7,1,6,凱基-敦北,2024-07-31,9237
6235,華孚,6,0,6,凱基-敦北,2024-07-31,9237
00878,國泰永續高股息,5,0,5,凱基-敦北,2024-07-31,9237
00751B,元大AAA至A公司債,5,0,5,凱基-敦北,2024-07-31,9237
00715L,期街口布蘭特正2,5,0,5,凱基-敦北,2024-07-31,9237
00935,野村臺灣新科技50,5,0,5,凱基-敦北,2024-07-31,9237
2867,三商壽,5,0,5,凱基-敦北,2024-07-31,9237
6877,鏵友益,5,0,5,凱基-敦北,2024-07-31,9237
8213,志超,5,0,5,凱基-敦北,2024-07-31,9237
8436,大江,5,0,5,凱基-敦北,2024-07-31,9237
2330,台積電,6,1,5,凱基-敦北,2024-07-31,9237
00933B,國泰10Y+金融債,4,0,4,凱基-敦北,2024-07-31,9237
1717,長興,4,0,4,凱基-敦北,2024-07-31,9237
00878,國泰永續高股息,68,2,66,凱基-敦北,2024-08-01,9237
00680L,元大美債20正2,66,3,63,凱基-敦北,2024-08-01,9237
00919,群益台灣精選高息,66,12,54,凱基-敦北,2024-08-01,9237
2501,國建,50,1,49,凱基-敦北,2024-08-01,9237
00937B,群益ESG投等債20,92,45,47,凱基-敦北,2024-08-01,9237
2611,志信,42,0,42,凱基-敦北,2024-08-01,9237
2610,華航,40,0,40,凱基-敦北,2024-08-01,9237
3305,昇貿,40,0,40,凱基-敦北,2024-08-01,9237
00687B,國泰20年美債,34,5,29,凱基-敦北,2024-08-01,9237
6126,信音,25,0,25,凱基-敦北,2024-08-01,9237
3047,訊舟,24,0,24,凱基-敦北,2024-08-01,9237
9902,台火,26,2,24,凱基-敦北,2024-08-01,9237
00933B,國泰10Y+金融債,22,0,22,凱基-敦北,2024-08-01,9237
1513,中興電,20,0,20,凱基-敦北,2024-08-01,9237
1326,台化,20,0,20,凱基-敦北,2024-08-01,9237
2353,宏��,21,1,20,凱基-敦北,2024-08-01,9237
2905,三商,24,5,19,凱基-敦北,2024-08-01,9237
6175,立敦,18,0,18,凱基-敦北,2024-08-01,9237
3450,聯鈞,21,6,15,凱基-敦北,2024-08-01,9237
2337,旺宏,22,7,15,凱基-敦北,2024-08-01,9237
8054,安國,16,2,14,凱基-敦北,2024-08-01,9237
00934,中信成長高股息,18,4,14,凱基-敦北,2024-08-01,9237
00679B,元大美債20年,15,2,13,凱基-敦北,2024-08-01,9237
8064,東捷,15,2,13,凱基-敦北,2024-08-01,9237
4535,至興,12,0,12,凱基-敦北,2024-08-01,9237
8996,高力,15,3,12,凱基-敦北,2024-08-01,9237
2834,臺企銀,18,6,12,凱基-敦北,2024-08-01,9237
3019,亞光,12,1,11,凱基-敦北,2024-08-01,9237
1216,統一,10,0,10,凱基-敦北,2024-08-01,9237
00882,中信中國高股息,10,0,10,凱基-敦北,2024-08-01,9237
2363,矽統,15,5,10,凱基-敦北,2024-08-01,9237
3715,定穎投控,10,0,10,凱基-敦北,2024-08-01,9237
6282,康舒,10,0,10,凱基-敦北,2024-08-01,9237
6603,富強鑫,10,0,10,凱基-敦北,2024-08-01,9237
3324,雙鴻,10,1,9,凱基-敦北,2024-08-01,9237
00918,大華優利高填息30,9,1,8,凱基-敦北,2024-08-01,9237
4909,新復興,30,22,8,凱基-敦北,2024-08-01,9237
3231,緯創,16,9,7,凱基-敦北,2024-08-01,9237
00929,復華台灣科技優息,17,10,7,凱基-敦北,2024-08-01,9237
2603,長榮,9,2,7,凱基-敦北,2024-08-01,9237
00688L,國泰20年美債正2,7,0,7,凱基-敦北,2024-08-01,9237
00945B,凱基美國非投等債,7,0,7,凱基-敦北,2024-08-01,9237
00950B,凱基A級公司債,7,0,7,凱基-敦北,2024-08-01,9237
2903,遠百,7,0,7,凱基-敦北,2024-08-01,9237
1402,遠東新,6,0,6,凱基-敦北,2024-08-01,9237
2101,南港,6,0,6,凱基-敦北,2024-08-01,9237
2454,聯發科,6,1,5,凱基-敦北,2024-08-01,9237
00947,台新臺灣IC設計,5,0,5,凱基-敦北,2024-08-01,9237
2344,華邦電,5,0,5,凱基-敦北,2024-08-01,9237
2392,正崴,6,1,5,凱基-敦北,2024-08-01,9237
00632R,元大台灣50反1,301,115,186,凱基-敦北,2024-08-02,9237
00679B,元大美債20年,174,12,162,凱基-敦北,2024-08-02,9237
2368,金像電,109,34,75,凱基-敦北,2024-08-02,9237
4532,瑞智,70,0,70,凱基-敦北,2024-08-02,9237
8086,宏捷科,62,0,62,凱基-敦北,2024-08-02,9237
00687B,國泰20年美債,68,6,62,凱基-敦北,2024-08-02,9237
6213,聯茂,61,0,61,凱基-敦北,2024-08-02,9237
2317,鴻海,74,14,60,凱基-敦北,2024-08-02,9237
00940,元大台灣價值高息,61,3,58,凱基-敦北,2024-08-02,9237
00680L,元大美債20正2,54,0,54,凱基-敦北,2024-08-02,9237
00919,群益台灣精選高息,64,11,53,凱基-敦北,2024-08-02,9237
00929,復華台灣科技優息,60,11,49,凱基-敦北,2024-08-02,9237
00664R,國泰臺灣加權反1,45,0,45,凱基-敦北,2024-08-02,9237
1316,上曜,39,0,39,凱基-敦北,2024-08-02,9237
2609,陽明,48,10,38,凱基-敦北,2024-08-02,9237
6830,汎銓,36,0,36,凱基-敦北,2024-08-02,9237
00939,統一台灣高息動能,53,23,30,凱基-敦北,2024-08-02,9237
2330,台積電,34,4,30,凱基-敦北,2024-08-02,9237
6104,創惟,26,0,26,凱基-敦北,2024-08-02,9237
6215,和椿,26,0,26,凱基-敦北,2024-08-02,9237
00951,台新日本半導體,25,0,25,凱基-敦北,2024-08-02,9237
00936,台新永續高息中小,25,0,25,凱基-敦北,2024-08-02,9237
2444,兆勁,25,0,25,凱基-敦北,2024-08-02,9237
0050,元大台灣50,24,0,24,凱基-敦北,2024-08-02,9237
2905,三商,24,0,24,凱基-敦北,2024-08-02,9237
1513,中興電,23,0,23,凱基-敦北,2024-08-02,9237
1536,和大,30,7,23,凱基-敦北,2024-08-02,9237
8927,北基,23,0,23,凱基-敦北,2024-08-02,9237
1609,大亞,21,0,21,凱基-敦北,2024-08-02,9237
00751B,元大AAA至A公司債,20,0,20,凱基-敦北,2024-08-02,9237
00891,中信關鍵半導體,21,1,20,凱基-敦北,2024-08-02,9237
00950B,凱基A級公司債,20,0,20,凱基-敦北,2024-08-02,9237
1314,中石化,20,0,20,凱基-敦北,2024-08-02,9237
1540,喬福,21,1,20,凱基-敦北,2024-08-02,9237
2906,高林,20,0,20,凱基-敦北,2024-08-02,9237
0056,元大高股息,18,1,17,凱基-敦北,2024-08-02,9237
00933B,國泰10Y+金融債,21,4,17,凱基-敦北,2024-08-02,9237
6177,達麗,17,0,17,凱基-敦北,2024-08-02,9237
2356,英業達,16,0,16,凱基-敦北,2024-08-02,9237
2543,皇昌,16,0,16,凱基-敦北,2024-08-02,9237
2029,盛餘,15,0,15,凱基-敦北,2024-08-02,9237
2101,南港,17,2,15,凱基-敦北,2024-08-02,9237
4967,十銓,20,6,14,凱基-敦北,2024-08-02,9237
006208,富邦台50,13,0,13,凱基-敦北,2024-08-02,9237
00830,國泰費城半導體,14,1,13,凱基-敦北,2024-08-02,9237
00934,中信成長高股息,38,25,13,凱基-敦北,2024-08-02,9237
00654R,富邦印度反1,12,0,12,凱基-敦北,2024-08-02,9237
2409,友達,12,0,12,凱基-敦北,2024-08-02,9237
2520,冠德,11,0,11,凱基-敦北,2024-08-02,9237
9945,潤泰新,19,9,10,凱基-敦北,2024-08-02,9237
00632R,元大台灣50反1,771,221,550,凱基-敦北,2024-08-05,9237
00940,元大台灣價值高息,261,7,254,凱基-敦北,2024-08-05,9237
00919,群益台灣精選高息,206,30,176,凱基-敦北,2024-08-05,9237
4967,十銓,207,37,170,凱基-敦北,2024-08-05,9237
00929,復華台灣科技優息,319,163,156,凱基-敦北,2024-08-05,9237
1321,大洋,125,0,125,凱基-敦北,2024-08-05,9237
00878,國泰永續高股息,156,46,110,凱基-敦北,2024-08-05,9237
00669R,國泰美國道瓊反1,100,0,100,凱基-敦北,2024-08-05,9237
3481,群創,112,34,78,凱基-敦北,2024-08-05,9237
2317,鴻海,97,22,75,凱基-敦北,2024-08-05,9237
1314,中石化,60,0,60,凱基-敦北,2024-08-05,9237
2888,新光金,67,14,53,凱基-敦北,2024-08-05,9237
2834,臺企銀,44,0,44,凱基-敦北,2024-08-05,9237
2603,長榮,48,4,44,凱基-敦北,2024-08-05,9237
0050,元大台灣50,46,5,41,凱基-敦北,2024-08-05,9237
3518,柏騰,41,1,40,凱基-敦北,2024-08-05,9237
4532,瑞智,34,0,34,凱基-敦北,2024-08-05,9237
2355,敬鵬,30,0,30,凱基-敦北,2024-08-05,9237
2426,鼎元,30,0,30,凱基-敦北,2024-08-05,9237
6514,芮特-KY,26,0,26,凱基-敦北,2024-08-05,9237
00936,台新永續高息中小,26,0,26,凱基-敦北,2024-08-05,9237
00697B,元大美債7-10,25,0,25,凱基-敦北,2024-08-05,9237
2330,台積電,54,30,24,凱基-敦北,2024-08-05,9237
3666,光耀,24,0,24,凱基-敦北,2024-08-05,9237
006208,富邦台50,23,1,22,凱基-敦北,2024-08-05,9237
2206,三陽工業,22,1,21,凱基-敦北,2024-08-05,9237
2610,華航,21,0,21,凱基-敦北,2024-08-05,9237
2382,廣達,22,1,21,凱基-敦北,2024-08-05,9237
00944,野村趨勢動能高息,20,0,20,凱基-敦北,2024-08-05,9237
0056,元大高股息,49,30,19,凱基-敦北,2024-08-05,9237
00918,大華優利高填息30,19,0,19,凱基-敦北,2024-08-05,9237
00680L,元大美債20正2,29,10,19,凱基-敦北,2024-08-05,9237
2449,京元電子,22,3,19,凱基-敦北,2024-08-05,9237
2409,友達,18,0,18,凱基-敦北,2024-08-05,9237
2845,遠東銀,18,0,18,凱基-敦北,2024-08-05,9237
00934,中信成長高股息,27,10,17,凱基-敦北,2024-08-05,9237
00941,中信上游半導體,22,5,17,凱基-敦北,2024-08-05,9237
3207,耀勝,16,0,16,凱基-敦北,2024-08-05,9237
00881,國泰台灣5G+,21,6,15,凱基-敦北,2024-08-05,9237
2606,裕民,18,3,15,凱基-敦北,2024-08-05,9237
00915,凱基優選高股息30,14,0,14,凱基-敦北,2024-08-05,9237
00795B,中信美國公債20年,15,1,14,凱基-敦北,2024-08-05,9237
6147,頎邦,14,0,14,凱基-敦北,2024-08-05,9237
00923,群益台ESG低碳50,13,0,13,凱基-敦北,2024-08-05,9237
00935,野村臺灣新科技50,12,0,12,凱基-敦北,2024-08-05,9237
5324,士開,12,0,12,凱基-敦北,2024-08-05,9237
8937,合騏,12,0,12,凱基-敦北,2024-08-05,9237
00885,富邦越南,19,8,11,凱基-敦北,2024-08-05,9237
8069,元太,11,0,11,凱基-敦北,2024-08-05,9237
00932,兆豐永續高息等權,11,0,11,凱基-敦北,2024-08-05,9237
00632R,元大台灣50反1,1005,335,670,凱基-敦北,2024-08-06,9237
2355,敬鵬,250,1,249,凱基-敦北,2024-08-06,9237
5512,力麒,179,20,159,凱基-敦北,2024-08-06,9237
3481,群創,134,7,127,凱基-敦北,2024-08-06,9237
00676R,富邦臺灣加權反1,100,0,100,凱基-敦北,2024-08-06,9237
6175,立敦,59,6,53,凱基-敦北,2024-08-06,9237
1314,中石化,50,0,50,凱基-敦北,2024-08-06,9237
1321,大洋,50,0,50,凱基-敦北,2024-08-06,9237
2880,華南金,50,1,49,凱基-敦北,2024-08-06,9237
6215,和椿,49,0,49,凱基-敦北,2024-08-06,9237
00878,國泰永續高股息,93,50,43,凱基-敦北,2024-08-06,9237
00688L,國泰20年美債正2,42,0,42,凱基-敦北,2024-08-06,9237
5243,乙盛-KY,189,149,40,凱基-敦北,2024-08-06,9237
00900,富邦特選高股息30,45,5,40,凱基-敦北,2024-08-06,9237
00679B,元大美債20年,94,60,34,凱基-敦北,2024-08-06,9237
3666,光耀,29,0,29,凱基-敦北,2024-08-06,9237
1540,喬福,47,20,27,凱基-敦北,2024-08-06,9237
0050,元大台灣50,40,13,27,凱基-敦北,2024-08-06,9237
00935,野村臺灣新科技50,26,1,25,凱基-敦北,2024-08-06,9237
00919,群益台灣精選高息,33,10,23,凱基-敦北,2024-08-06,9237
2530,華建,21,0,21,凱基-敦北,2024-08-06,9237
1815,富喬,20,0,20,凱基-敦北,2024-08-06,9237
5364,力麗店,19,0,19,凱基-敦北,2024-08-06,9237
2888,新光金,32,15,17,凱基-敦北,2024-08-06,9237
00940,元大台灣價值高息,24,8,16,凱基-敦北,2024-08-06,9237
4535,至興,16,0,16,凱基-敦北,2024-08-06,9237
2609,陽明,16,2,14,凱基-敦北,2024-08-06,9237
2881,富邦金,21,8,13,凱基-敦北,2024-08-06,9237
2409,友達,13,0,13,凱基-敦北,2024-08-06,9237
2887,台新金,13,0,13,凱基-敦北,2024-08-06,9237
00936,台新永續高息中小,12,0,12,凱基-敦北,2024-08-06,9237
2617,台航,12,0,12,凱基-敦北,2024-08-06,9237
3374,精材,63,52,11,凱基-敦北,2024-08-06,9237
1536,和大,17,6,11,凱基-敦北,2024-08-06,9237
2338,光罩,11,0,11,凱基-敦北,2024-08-06,9237
2882,國泰金,11,0,11,凱基-敦北,2024-08-06,9237
00664R,國泰臺灣加權反1,10,0,10,凱基-敦北,2024-08-06,9237
00950B,凱基A級公司債,10,0,10,凱基-敦北,2024-08-06,9237
2354,鴻準,10,0,10,凱基-敦北,2024-08-06,9237
2495,普安,10,0,10,凱基-敦北,2024-08-06,9237
3540,曜越,10,0,10,凱基-敦北,2024-08-06,9237
4109,加捷生醫,10,0,10,凱基-敦北,2024-08-06,9237
8011,台通,10,0,10,凱基-敦北,2024-08-06,9237
2489,瑞軒,10,1,9,凱基-敦北,2024-08-06,9237
4958,臻鼎-KY,11,2,9,凱基-敦北,2024-08-06,9237
8027,鈦昇,8,0,8,凱基-敦北,2024-08-06,9237
4168,醣聯,15,7,8,凱基-敦北,2024-08-06,9237
4763,材料-KY,11,3,8,凱基-敦北,2024-08-06,9237
3037,欣興,12,5,7,凱基-敦北,2024-08-06,9237
6005,群益證,7,0,7,凱基-敦北,2024-08-06,9237
3481,群創,298,22,276,凱基-敦北,2024-08-07,9237
00929,復華台灣科技優息,79,2,77,凱基-敦北,2024-08-07,9237
00878,國泰永續高股息,76,0,76,凱基-敦北,2024-08-07,9237
00679B,元大美債20年,73,6,67,凱基-敦北,2024-08-07,9237
00918,大華優利高填息30,60,0,60,凱基-敦北,2024-08-07,9237
6175,立敦,69,11,58,凱基-敦北,2024-08-07,9237
00687B,國泰20年美債,72,20,52,凱基-敦北,2024-08-07,9237
00919,群益台灣精選高息,50,2,48,凱基-敦北,2024-08-07,9237
00941,中信上游半導體,50,3,47,凱基-敦北,2024-08-07,9237
0056,元大高股息,35,0,35,凱基-敦北,2024-08-07,9237
00688L,國泰20年美債正2,34,0,34,凱基-敦北,2024-08-07,9237
00680L,元大美債20正2,50,16,34,凱基-敦北,2024-08-07,9237
00900,富邦特選高股息30,30,0,30,凱基-敦北,2024-08-07,9237
5512,力麒,30,0,30,凱基-敦北,2024-08-07,9237
2317,鴻海,37,8,29,凱基-敦北,2024-08-07,9237
2426,鼎元,29,0,29,凱基-敦北,2024-08-07,9237
3047,訊舟,30,2,28,凱基-敦北,2024-08-07,9237
00936,台新永續高息中小,22,0,22,凱基-敦北,2024-08-07,9237
00915,凱基優選高股息30,21,1,20,凱基-敦北,2024-08-07,9237
4535,至興,20,0,20,凱基-敦北,2024-08-07,9237
3013,晟銘電,39,19,20,凱基-敦北,2024-08-07,9237
1447,力鵬,19,0,19,凱基-敦北,2024-08-07,9237
00641R,富邦日本反1,20,2,18,凱基-敦北,2024-08-07,9237
2243,宏旭-KY,15,0,15,凱基-敦北,2024-08-07,9237
2881,富邦金,18,4,14,凱基-敦北,2024-08-07,9237
8086,宏捷科,14,2,12,凱基-敦北,2024-08-07,9237
2609,陽明,26,14,12,凱基-敦北,2024-08-07,9237
2371,大同,12,1,11,凱基-敦北,2024-08-07,9237
2834,臺企銀,11,0,11,凱基-敦北,2024-08-07,9237
00647L,元大S＆P500正2,10,0,10,凱基-敦北,2024-08-07,9237
00632R,元大台灣50反1,244,234,10,凱基-敦北,2024-08-07,9237
00725B,國泰投資級公司債,10,0,10,凱基-敦北,2024-08-07,9237
00950B,凱基A級公司債,10,0,10,凱基-敦北,2024-08-07,9237
4967,十銓,10,0,10,凱基-敦北,2024-08-07,9237
5905,南仁湖,10,0,10,凱基-敦北,2024-08-07,9237
2312,金寶,10,1,9,凱基-敦北,2024-08-07,9237
2382,廣達,16,8,8,凱基-敦北,2024-08-07,9237
00945B,凱基美國非投等債,7,0,7,凱基-敦北,2024-08-07,9237
9105,泰金寶-DR,7,0,7,凱基-敦北,2024-08-07,9237
1216,統一,7,1,6,凱基-敦北,2024-08-07,9237
4540,全球傳動,6,0,6,凱基-敦北,2024-08-07,9237
8043,蜜望實,6,0,6,凱基-敦北,2024-08-07,9237
8076,伍豐,6,0,6,凱基-敦北,2024-08-07,9237
6643,M31,7,1,6,凱基-敦北,2024-08-07,9237
3037,欣興,10,5,5,凱基-敦北,2024-08-07,9237
00715L,期街口布蘭特正2,5,0,5,凱基-敦北,2024-08-07,9237
00931B,統一美債20年,5,0,5,凱基-敦北,2024-08-07,9237
00933B,國泰10Y+金融債,11,6,5,凱基-敦北,2024-08-07,9237
00940,元大台灣價值高息,26,21,5,凱基-敦北,2024-08-07,9237
00946,群益科技高息成長,5,0,5,凱基-敦北,2024-08-07,9237
2886,兆豐金,926,0,926,凱基-敦北,2024-08-08,9237
1102,亞泥,100,0,100,凱基-敦北,2024-08-08,9237
00878,國泰永續高股息,99,1,98,凱基-敦北,2024-08-08,9237
00940,元大台灣價值高息,90,13,77,凱基-敦北,2024-08-08,9237
00929,復華台灣科技優息,95,20,75,凱基-敦北,2024-08-08,9237
4532,瑞智,52,0,52,凱基-敦北,2024-08-08,9237
00679B,元大美債20年,32,0,32,凱基-敦北,2024-08-08,9237
00937B,群益ESG投等債20,47,15,32,凱基-敦北,2024-08-08,9237
2887,台新金,31,1,30,凱基-敦北,2024-08-08,9237
6274,台燿,28,2,26,凱基-敦北,2024-08-08,9237
0056,元大高股息,25,0,25,凱基-敦北,2024-08-08,9237
6213,聯茂,84,60,24,凱基-敦北,2024-08-08,9237
2317,鴻海,34,14,20,凱基-敦北,2024-08-08,9237
4566,時碩工業,21,2,19,凱基-敦北,2024-08-08,9237
00919,群益台灣精選高息,34,17,17,凱基-敦北,2024-08-08,9237
3518,柏騰,18,1,17,凱基-敦北,2024-08-08,9237
2891,中信金,20,4,16,凱基-敦北,2024-08-08,9237
2382,廣達,21,6,15,凱基-敦北,2024-08-08,9237
00687B,國泰20年美債,15,0,15,凱基-敦北,2024-08-08,9237
00950B,凱基A級公司債,15,0,15,凱基-敦北,2024-08-08,9237
6282,康舒,20,5,15,凱基-敦北,2024-08-08,9237
1326,台化,14,0,14,凱基-敦北,2024-08-08,9237
00688L,國泰20年美債正2,14,0,14,凱基-敦北,2024-08-08,9237
2882,國泰金,14,0,14,凱基-敦北,2024-08-08,9237
2834,臺企銀,14,1,13,凱基-敦北,2024-08-08,9237
4958,臻鼎-KY,13,0,13,凱基-敦北,2024-08-08,9237
00900,富邦特選高股息30,11,0,11,凱基-敦北,2024-08-08,9237
00772B,中信高評級公司債,11,0,11,凱基-敦北,2024-08-08,9237
00936,台新永續高息中小,11,0,11,凱基-敦北,2024-08-08,9237
00725B,國泰投資級公司債,10,0,10,凱基-敦北,2024-08-08,9237
6505,台塑化,10,0,10,凱基-敦北,2024-08-08,9237
00935,野村臺灣新科技50,10,0,10,凱基-敦北,2024-08-08,9237
1536,和大,10,0,10,凱基-敦北,2024-08-08,9237
2537,聯上發,10,0,10,凱基-敦北,2024-08-08,9237
6535,順藥,10,0,10,凱基-敦北,2024-08-08,9237
8086,宏捷科,10,0,10,凱基-敦北,2024-08-08,9237
8349,�矬�,10,0,10,凱基-敦北,2024-08-08,9237
00948B,中信優息投資級債,9,0,9,凱基-敦北,2024-08-08,9237
00647L,元大S＆P500正2,8,0,8,凱基-敦北,2024-08-08,9237
00923,群益台ESG低碳50,8,0,8,凱基-敦北,2024-08-08,9237
1736,喬山,8,0,8,凱基-敦北,2024-08-08,9237
2498,宏達電,8,0,8,凱基-敦北,2024-08-08,9237
00881,國泰台灣5G+,7,0,7,凱基-敦北,2024-08-08,9237
00951,台新日本半導體,7,0,7,凱基-敦北,2024-08-08,9237
2845,遠東銀,7,0,7,凱基-敦北,2024-08-08,9237
0050,元大台灣50,21,15,6,凱基-敦北,2024-08-08,9237
2617,台航,6,0,6,凱基-敦北,2024-08-08,9237
3663,鑫科,8,2,6,凱基-敦北,2024-08-08,9237
5443,均豪,7,1,6,凱基-敦北,2024-08-08,9237
9955,佳龍,6,0,6,凱基-敦北,2024-08-08,9237
00632R,元大台灣50反1,1293,232,1061,凱基-敦北,2024-08-09,9237
00878,國泰永續高股息,94,7,87,凱基-敦北,2024-08-09,9237
6179,亞通,96,9,87,凱基-敦北,2024-08-09,9237
00679B,元大美債20年,78,0,78,凱基-敦北,2024-08-09,9237
00937B,群益ESG投等債20,71,0,71,凱基-敦北,2024-08-09,9237
2368,金像電,84,26,58,凱基-敦北,2024-08-09,9237
2886,兆豐金,59,7,52,凱基-敦北,2024-08-09,9237
1303,南亞,48,6,42,凱基-敦北,2024-08-09,9237
3522,御嵿,41,0,41,凱基-敦北,2024-08-09,9237
5243,乙盛-KY,41,0,41,凱基-敦北,2024-08-09,9237
8086,宏捷科,40,0,40,凱基-敦北,2024-08-09,9237
2887,台新金,32,0,32,凱基-敦北,2024-08-09,9237
5202,力新,32,0,32,凱基-敦北,2024-08-09,9237
2515,中工,31,0,31,凱基-敦北,2024-08-09,9237
00696B,富邦美債20年,30,0,30,凱基-敦北,2024-08-09,9237
00680L,元大美債20正2,49,22,27,凱基-敦北,2024-08-09,9237
00929,復華台灣科技優息,35,15,20,凱基-敦北,2024-08-09,9237
00919,群益台灣精選高息,20,0,20,凱基-敦北,2024-08-09,9237
00687B,國泰20年美債,26,6,20,凱基-敦北,2024-08-09,9237
00948B,中信優息投資級債,19,0,19,凱基-敦北,2024-08-09,9237
1609,大亞,21,2,19,凱基-敦北,2024-08-09,9237
00950B,凱基A級公司債,15,0,15,凱基-敦北,2024-08-09,9237
3374,精材,15,0,15,凱基-敦北,2024-08-09,9237
00725B,國泰投資級公司債,14,0,14,凱基-敦北,2024-08-09,9237
00772B,中信高評級公司債,14,0,14,凱基-敦北,2024-08-09,9237
2637,慧洋-KY,12,0,12,凱基-敦北,2024-08-09,9237
00951,台新日本半導體,11,0,11,凱基-敦北,2024-08-09,9237
00946,群益科技高息成長,11,1,10,凱基-敦北,2024-08-09,9237
1616,億泰,10,0,10,凱基-敦北,2024-08-09,9237
2617,台航,10,0,10,凱基-敦北,2024-08-09,9237
2880,華南金,10,0,10,凱基-敦北,2024-08-09,9237
2606,裕民,9,0,9,凱基-敦北,2024-08-09,9237
00830,國泰費城半導體,10,2,8,凱基-敦北,2024-08-09,9237
2845,遠東銀,10,2,8,凱基-敦北,2024-08-09,9237
2609,陽明,16,8,8,凱基-敦北,2024-08-09,9237
2401,凌陽,11,4,7,凱基-敦北,2024-08-09,9237
4540,全球傳動,7,0,7,凱基-敦北,2024-08-09,9237
1316,上曜,20,14,6,凱基-敦北,2024-08-09,9237
6127,九豪,6,0,6,凱基-敦北,2024-08-09,9237
00918,大華優利高填息30,5,0,5,凱基-敦北,2024-08-09,9237
00933B,國泰10Y+金融債,5,0,5,凱基-敦北,2024-08-09,9237
00931B,統一美債20年,5,0,5,凱基-敦北,2024-08-09,9237
2388,威盛,5,0,5,凱基-敦北,2024-08-09,9237
3033,威健,10,5,5,凱基-敦北,2024-08-09,9237
4306,炎洲,5,0,5,凱基-敦北,2024-08-09,9237
5392,能率,5,0,5,凱基-敦北,2024-08-09,9237
6116,彩晶,5,0,5,凱基-敦北,2024-08-09,9237
6782,視陽,5,0,5,凱基-敦北,2024-08-09,9237
3010,華立,4,0,4,凱基-敦北,2024-08-09,9237
00647L,元大S＆P500正2,4,0,4,凱基-敦北,2024-08-09,9237
0056,元大高股息,112,0,112,凱基-敦北,2024-08-12,9237
2888,新光金,77,36,41,凱基-敦北,2024-08-12,9237
3037,欣興,49,13,36,凱基-敦北,2024-08-12,9237
00937B,群益ESG投等債20,41,5,36,凱基-敦北,2024-08-12,9237
00688L,國泰20年美債正2,36,0,36,凱基-敦北,2024-08-12,9237
1714,和桐,26,0,26,凱基-敦北,2024-08-12,9237
00679B,元大美債20年,50,25,25,凱基-敦北,2024-08-12,9237
5202,力新,22,0,22,凱基-敦北,2024-08-12,9237
00647L,元大S＆P500正2,19,0,19,凱基-敦北,2024-08-12,9237
2891,中信金,17,0,17,凱基-敦北,2024-08-12,9237
00687B,國泰20年美債,17,0,17,凱基-敦北,2024-08-12,9237
1736,喬山,15,0,15,凱基-敦北,2024-08-12,9237
2401,凌陽,21,7,14,凱基-敦北,2024-08-12,9237
3019,亞光,14,0,14,凱基-敦北,2024-08-12,9237
6830,汎銓,20,6,14,凱基-敦北,2024-08-12,9237
00900,富邦特選高股息30,13,0,13,凱基-敦北,2024-08-12,9237
2426,鼎元,11,0,11,凱基-敦北,2024-08-12,9237
00772B,中信高評級公司債,10,0,10,凱基-敦北,2024-08-12,9237
00670L,富邦NASDAQ正2,10,0,10,凱基-敦北,2024-08-12,9237
1785,光洋科,10,0,10,凱基-敦北,2024-08-12,9237
2031,新光鋼,10,0,10,凱基-敦北,2024-08-12,9237
2812,台中銀,10,0,10,凱基-敦北,2024-08-12,9237
4109,加捷生醫,10,0,10,凱基-敦北,2024-08-12,9237
6278,台表科,10,0,10,凱基-敦北,2024-08-12,9237
3522,御嵿,9,0,9,凱基-敦北,2024-08-12,9237
1455,集盛,8,0,8,凱基-敦北,2024-08-12,9237
2404,漢唐,10,2,8,凱基-敦北,2024-08-12,9237
5443,均豪,19,11,8,凱基-敦北,2024-08-12,9237
00919,群益台灣精選高息,7,0,7,凱基-敦北,2024-08-12,9237
3211,順達,7,0,7,凱基-敦北,2024-08-12,9237
3443,創意,9,2,7,凱基-敦北,2024-08-12,9237
00931B,統一美債20年,6,0,6,凱基-敦北,2024-08-12,9237
00915,凱基優選高股息30,6,0,6,凱基-敦北,2024-08-12,9237
3715,定穎投控,7,1,6,凱基-敦北,2024-08-12,9237
4513,福裕,19,13,6,凱基-敦北,2024-08-12,9237
6613,朋億*,6,0,6,凱基-敦北,2024-08-12,9237
00881,國泰台灣5G+,6,0,6,凱基-敦北,2024-08-12,9237
0050,元大台灣50,8,2,6,凱基-敦北,2024-08-12,9237
00878,國泰永續高股息,6,1,5,凱基-敦北,2024-08-12,9237
2543,皇昌,5,0,5,凱基-敦北,2024-08-12,9237
00947,台新臺灣IC設計,5,0,5,凱基-敦北,2024-08-12,9237
1216,統一,5,0,5,凱基-敦北,2024-08-12,9237
1217,愛之味,10,5,5,凱基-敦北,2024-08-12,9237
1806,冠軍,5,0,5,凱基-敦北,2024-08-12,9237
2243,宏旭-KY,5,0,5,凱基-敦北,2024-08-12,9237
2606,裕民,5,0,5,凱基-敦北,2024-08-12,9237
2885,元大金,5,0,5,凱基-敦北,2024-08-12,9237
3006,晶豪科,5,0,5,凱基-敦北,2024-08-12,9237
3501,維熹,5,0,5,凱基-敦北,2024-08-12,9237
3518,柏騰,5,0,5,凱基-敦北,2024-08-12,9237
00632R,元大台灣50反1,156,0,156,凱基-敦北,2024-08-13,9237
1301,台塑,54,1,53,凱基-敦北,2024-08-13,9237
2801,彰銀,51,0,51,凱基-敦北,2024-08-13,9237
00676R,富邦臺灣加權反1,50,0,50,凱基-敦北,2024-08-13,9237
2603,長榮,51,2,49,凱基-敦北,2024-08-13,9237
2880,華南金,49,0,49,凱基-敦北,2024-08-13,9237
2312,金寶,83,37,46,凱基-敦北,2024-08-13,9237
3013,晟銘電,73,30,43,凱基-敦北,2024-08-13,9237
1513,中興電,47,9,38,凱基-敦北,2024-08-13,9237
00929,復華台灣科技優息,38,1,37,凱基-敦北,2024-08-13,9237
2882,國泰金,40,3,37,凱基-敦北,2024-08-13,9237
00878,國泰永續高股息,25,0,25,凱基-敦北,2024-08-13,9237
1714,和桐,25,0,25,凱基-敦北,2024-08-13,9237
00936,台新永續高息中小,23,0,23,凱基-敦北,2024-08-13,9237
2834,臺企銀,21,0,21,凱基-敦北,2024-08-13,9237
2031,新光鋼,20,0,20,凱基-敦北,2024-08-13,9237
00881,國泰台灣5G+,17,0,17,凱基-敦北,2024-08-13,9237
00680L,元大美債20正2,17,0,17,凱基-敦北,2024-08-13,9237
00679B,元大美債20年,20,3,17,凱基-敦北,2024-08-13,9237
6830,汎銓,22,6,16,凱基-敦北,2024-08-13,9237
2371,大同,15,0,15,凱基-敦北,2024-08-13,9237
9945,潤泰新,16,2,14,凱基-敦北,2024-08-13,9237
00937B,群益ESG投等債20,13,0,13,凱基-敦北,2024-08-13,9237
2888,新光金,29,16,13,凱基-敦北,2024-08-13,9237
3374,精材,23,10,13,凱基-敦北,2024-08-13,9237
5880,合庫金,14,1,13,凱基-敦北,2024-08-13,9237
00720B,元大投資級公司債,11,0,11,凱基-敦北,2024-08-13,9237
3564,其陽,11,0,11,凱基-敦北,2024-08-13,9237
00715L,期街口布蘭特正2,10,0,10,凱基-敦北,2024-08-13,9237
00795B,中信美國公債20年,10,0,10,凱基-敦北,2024-08-13,9237
00637L,元大滬深300正2,10,0,10,凱基-敦北,2024-08-13,9237
4402,郡都開發,10,0,10,凱基-敦北,2024-08-13,9237
2634,漢翔,10,0,10,凱基-敦北,2024-08-13,9237
2363,矽統,10,0,10,凱基-敦北,2024-08-13,9237
1326,台化,9,0,9,凱基-敦北,2024-08-13,9237
4967,十銓,11,2,9,凱基-敦北,2024-08-13,9237
00654R,富邦印度反1,8,0,8,凱基-敦北,2024-08-13,9237
00712,復華富時不動產,8,0,8,凱基-敦北,2024-08-13,9237
1618,合機,26,18,8,凱基-敦北,2024-08-13,9237
4714,永捷,8,0,8,凱基-敦北,2024-08-13,9237
6207,雷科,48,41,7,凱基-敦北,2024-08-13,9237
2609,陽明,11,5,6,凱基-敦北,2024-08-13,9237
3231,緯創,17,11,6,凱基-敦北,2024-08-13,9237
2884,玉山金,6,0,6,凱基-敦北,2024-08-13,9237
4432,銘旺實,6,0,6,凱基-敦北,2024-08-13,9237
2615,萬海,9,3,6,凱基-敦北,2024-08-13,9237
2891,中信金,6,0,6,凱基-敦北,2024-08-13,9237
2359,所羅門,15,10,5,凱基-敦北,2024-08-13,9237
3576,聯合再生,5,0,5,凱基-敦北,2024-08-13,9237
6265,方土昶,5,0,5,凱基-敦北,2024-08-13,9237
2801,彰銀,145,2,143,凱基-敦北,2024-08-14,9237
2888,新光金,139,10,129,凱基-敦北,2024-08-14,9237
1714,和桐,73,0,73,凱基-敦北,2024-08-14,9237
00795B,中信美國公債20年,40,0,40,凱基-敦北,2024-08-14,9237
1570,力肯,40,0,40,凱基-敦北,2024-08-14,9237
2905,三商,40,0,40,凱基-敦北,2024-08-14,9237
2634,漢翔,30,0,30,凱基-敦北,2024-08-14,9237
00679B,元大美債20年,30,0,30,凱基-敦北,2024-08-14,9237
6104,創惟,28,0,28,凱基-敦北,2024-08-14,9237
1447,力鵬,27,0,27,凱基-敦北,2024-08-14,9237
2368,金像電,46,20,26,凱基-敦北,2024-08-14,9237
2515,中工,25,0,25,凱基-敦北,2024-08-14,9237
4563,百德,60,40,20,凱基-敦北,2024-08-14,9237
5243,乙盛-KY,20,0,20,凱基-敦北,2024-08-14,9237
2029,盛餘,18,0,18,凱基-敦北,2024-08-14,9237
00937B,群益ESG投等債20,16,0,16,凱基-敦北,2024-08-14,9237
00720B,元大投資級公司債,15,0,15,凱基-敦北,2024-08-14,9237
6895,宏碩系統,15,0,15,凱基-敦北,2024-08-14,9237
8064,東捷,28,14,14,凱基-敦北,2024-08-14,9237
00878,國泰永續高股息,17,4,13,凱基-敦北,2024-08-14,9237
8043,蜜望實,16,3,13,凱基-敦北,2024-08-14,9237
00669R,國泰美國道瓊反1,20,8,12,凱基-敦北,2024-08-14,9237
8096,擎亞,12,1,11,凱基-敦北,2024-08-14,9237
3037,欣興,20,9,11,凱基-敦北,2024-08-14,9237
00641R,富邦日本反1,10,0,10,凱基-敦北,2024-08-14,9237
00951,台新日本半導體,10,0,10,凱基-敦北,2024-08-14,9237
2031,新光鋼,10,0,10,凱基-敦北,2024-08-14,9237
2520,冠德,10,0,10,凱基-敦北,2024-08-14,9237
2617,台航,10,0,10,凱基-敦北,2024-08-14,9237
3202,樺晟,11,1,10,凱基-敦北,2024-08-14,9237
3207,耀勝,10,0,10,凱基-敦北,2024-08-14,9237
4564,元翎,10,0,10,凱基-敦北,2024-08-14,9237
4716,大立,10,0,10,凱基-敦北,2024-08-14,9237
9938,百和,15,5,10,凱基-敦北,2024-08-14,9237
1301,台塑,11,2,9,凱基-敦北,2024-08-14,9237
00670L,富邦NASDAQ正2,10,2,8,凱基-敦北,2024-08-14,9237
2880,華南金,10,2,8,凱基-敦北,2024-08-14,9237
2059,川湖,7,0,7,凱基-敦北,2024-08-14,9237
2609,陽明,9,3,6,凱基-敦北,2024-08-14,9237
3047,訊舟,7,1,6,凱基-敦北,2024-08-14,9237
3265,台星科,6,0,6,凱基-敦北,2024-08-14,9237
6830,汎銓,18,12,6,凱基-敦北,2024-08-14,9237
9955,佳龍,6,0,6,凱基-敦北,2024-08-14,9237
00706L,期元大S＆P日圓正2,5,0,5,凱基-敦北,2024-08-14,9237
00647L,元大S＆P500正2,5,0,5,凱基-敦北,2024-08-14,9237
00902,中信電池及儲能,5,0,5,凱基-敦北,2024-08-14,9237
2476,鉅祥,5,0,5,凱基-敦北,2024-08-14,9237
2881,富邦金,5,0,5,凱基-敦北,2024-08-14,9237
5251,天鉞電,5,0,5,凱基-敦北,2024-08-14,9237
6257,矽格,5,0,5,凱基-敦北,2024-08-14,9237
00795B,中信美國公債20年,181,0,181,凱基-敦北,2024-08-15,9237
8249,菱光,170,35,135,凱基-敦北,2024-08-15,9237
00632R,元大台灣50反1,85,0,85,凱基-敦北,2024-08-15,9237
00878,國泰永續高股息,62,1,61,凱基-敦北,2024-08-15,9237
2376,技嘉,35,0,35,凱基-敦北,2024-08-15,9237
00680L,元大美債20正2,32,0,32,凱基-敦北,2024-08-15,9237
00687B,國泰20年美債,34,2,32,凱基-敦北,2024-08-15,9237
00751B,元大AAA至A公司債,30,0,30,凱基-敦北,2024-08-15,9237
3013,晟銘電,35,6,29,凱基-敦北,2024-08-15,9237
00929,復華台灣科技優息,41,15,26,凱基-敦北,2024-08-15,9237
2886,兆豐金,25,0,25,凱基-敦北,2024-08-15,9237
00881,國泰台灣5G+,21,0,21,凱基-敦北,2024-08-15,9237
2881,富邦金,29,8,21,凱基-敦北,2024-08-15,9237
00900,富邦特選高股息30,24,3,21,凱基-敦北,2024-08-15,9237
2303,聯電,24,4,20,凱基-敦北,2024-08-15,9237
3498,陽程,20,0,20,凱基-敦北,2024-08-15,9237
2845,遠東銀,19,0,19,凱基-敦北,2024-08-15,9237
00670L,富邦NASDAQ正2,16,0,16,凱基-敦北,2024-08-15,9237
2880,華南金,15,0,15,凱基-敦北,2024-08-15,9237
00647L,元大S＆P500正2,13,0,13,凱基-敦北,2024-08-15,9237
2888,新光金,18,5,13,凱基-敦北,2024-08-15,9237
6830,汎銓,36,24,12,凱基-敦北,2024-08-15,9237
00891,中信關鍵半導體,11,0,11,凱基-敦北,2024-08-15,9237
2884,玉山金,13,2,11,凱基-敦北,2024-08-15,9237
00919,群益台灣精選高息,10,0,10,凱基-敦北,2024-08-15,9237
2349,錸德,10,0,10,凱基-敦北,2024-08-15,9237
2476,鉅祥,10,0,10,凱基-敦北,2024-08-15,9237
2605,新興,10,0,10,凱基-敦北,2024-08-15,9237
6877,鏵友益,10,0,10,凱基-敦北,2024-08-15,9237
2543,皇昌,10,0,10,凱基-敦北,2024-08-15,9237
8374,羅昇,82,73,9,凱基-敦北,2024-08-15,9237
1438,三地開發,10,1,9,凱基-敦北,2024-08-15,9237
2354,鴻準,10,1,9,凱基-敦北,2024-08-15,9237
2834,臺企銀,9,0,9,凱基-敦北,2024-08-15,9237
6282,康舒,9,0,9,凱基-敦北,2024-08-15,9237
2891,中信金,9,1,8,凱基-敦北,2024-08-15,9237
2867,三商壽,9,2,7,凱基-敦北,2024-08-15,9237
5371,中光電,21,15,6,凱基-敦北,2024-08-15,9237
00934,中信成長高股息,6,0,6,凱基-敦北,2024-08-15,9237
00926,凱基全球菁英55,6,0,6,凱基-敦北,2024-08-15,9237
2243,宏旭-KY,6,0,6,凱基-敦北,2024-08-15,9237
2617,台航,6,0,6,凱基-敦北,2024-08-15,9237
00940,元大台灣價值高息,6,1,5,凱基-敦北,2024-08-15,9237
3413,京鼎,6,1,5,凱基-敦北,2024-08-15,9237
1101,台泥,5,0,5,凱基-敦北,2024-08-15,9237
00731,復華富時高息低波,5,0,5,凱基-敦北,2024-08-15,9237
00915,凱基優選高股息30,5,0,5,凱基-敦北,2024-08-15,9237
1611,中電,5,0,5,凱基-敦北,2024-08-15,9237
2408,南亞科,6,1,5,凱基-敦北,2024-08-15,9237
3691,碩禾,5,0,5,凱基-敦北,2024-08-15,9237
00795B,中信美國公債20年,67,0,67,凱基-敦北,2024-08-16,9237
00688L,國泰20年美債正2,60,0,60,凱基-敦北,2024-08-16,9237
4523,永彰,51,0,51,凱基-敦北,2024-08-16,9237
00949,復華日本龍頭,42,0,42,凱基-敦北,2024-08-16,9237
1513,中興電,48,7,41,凱基-敦北,2024-08-16,9237
4912,聯德控股-KY,40,0,40,凱基-敦北,2024-08-16,9237
00933B,國泰10Y+金融債,41,5,36,凱基-敦北,2024-08-16,9237
2905,三商,40,4,36,凱基-敦北,2024-08-16,9237
2887,台新金,30,0,30,凱基-敦北,2024-08-16,9237
2888,新光金,50,20,30,凱基-敦北,2024-08-16,9237
00687B,國泰20年美債,38,10,28,凱基-敦北,2024-08-16,9237
00665L,富邦�琤肭磪囓�2,30,3,27,凱基-敦北,2024-08-16,9237
00878,國泰永續高股息,28,2,26,凱基-敦北,2024-08-16,9237
1316,上曜,52,31,21,凱基-敦北,2024-08-16,9237
00753L,中信中國50正2,20,0,20,凱基-敦北,2024-08-16,9237
00696B,富邦美債20年,20,0,20,凱基-敦北,2024-08-16,9237
2855,統一證,20,0,20,凱基-敦北,2024-08-16,9237
3211,順達,23,3,20,凱基-敦北,2024-08-16,9237
4564,元翎,20,0,20,凱基-敦北,2024-08-16,9237
8096,擎亞,20,0,20,凱基-敦北,2024-08-16,9237
2845,遠東銀,18,0,18,凱基-敦北,2024-08-16,9237
4979,華星光,19,2,17,凱基-敦北,2024-08-16,9237
9935,慶豐富,15,0,15,凱基-敦北,2024-08-16,9237
00936,台新永續高息中小,14,0,14,凱基-敦北,2024-08-16,9237
00632R,元大台灣50反1,50,37,13,凱基-敦北,2024-08-16,9237
3537,堡達,12,0,12,凱基-敦北,2024-08-16,9237
2880,華南金,11,0,11,凱基-敦北,2024-08-16,9237
3413,京鼎,19,8,11,凱基-敦北,2024-08-16,9237
8064,東捷,42,31,11,凱基-敦北,2024-08-16,9237
00641R,富邦日本反1,10,0,10,凱基-敦北,2024-08-16,9237
1785,光洋科,23,13,10,凱基-敦北,2024-08-16,9237
2031,新光鋼,10,0,10,凱基-敦北,2024-08-16,9237
2401,凌陽,11,1,10,凱基-敦北,2024-08-16,9237
5536,聖暉*,10,0,10,凱基-敦北,2024-08-16,9237
6290,良維,10,0,10,凱基-敦北,2024-08-16,9237
3665,貿聯-KY,15,5,10,凱基-敦北,2024-08-16,9237
5371,中光電,25,15,10,凱基-敦北,2024-08-16,9237
00907,永豐優息存股,9,0,9,凱基-敦北,2024-08-16,9237
00923,群益台ESG低碳50,9,0,9,凱基-敦北,2024-08-16,9237
1618,合機,10,1,9,凱基-敦北,2024-08-16,9237
2354,鴻準,10,1,9,凱基-敦北,2024-08-16,9237
6197,佳必琪,10,1,9,凱基-敦北,2024-08-16,9237
00679B,元大美債20年,43,35,8,凱基-敦北,2024-08-16,9237
3305,昇貿,8,0,8,凱基-敦北,2024-08-16,9237
3663,鑫科,9,1,8,凱基-敦北,2024-08-16,9237
6282,康舒,8,0,8,凱基-敦北,2024-08-16,9237
6451,訊芯-KY,7,0,7,凱基-敦北,2024-08-16,9237
00931B,統一美債20年,7,0,7,凱基-敦北,2024-08-16,9237
00712,復華富時不動產,7,0,7,凱基-敦北,2024-08-16,9237
3374,精材,32,26,6,凱基-敦北,2024-08-16,9237
00650L,復華香港正2,120,0,120,凱基-敦北,2024-08-19,9237
00679B,元大美債20年,96,0,96,凱基-敦北,2024-08-19,9237
5512,力麒,79,0,79,凱基-敦北,2024-08-19,9237
5484,慧友,36,2,34,凱基-敦北,2024-08-19,9237
2444,兆勁,30,0,30,凱基-敦北,2024-08-19,9237
5243,乙盛-KY,30,0,30,凱基-敦北,2024-08-19,9237
00772B,中信高評級公司債,26,0,26,凱基-敦北,2024-08-19,9237
00680L,元大美債20正2,20,0,20,凱基-敦北,2024-08-19,9237
3019,亞光,22,2,20,凱基-敦北,2024-08-19,9237
2881,富邦金,19,0,19,凱基-敦北,2024-08-19,9237
8028,昇陽半導體,18,5,13,凱基-敦北,2024-08-19,9237
00687B,國泰20年美債,14,2,12,凱基-敦北,2024-08-19,9237
00948B,中信優息投資級債,12,0,12,凱基-敦北,2024-08-19,9237
3312,弘憶股,13,2,11,凱基-敦北,2024-08-19,9237
00933B,國泰10Y+金融債,11,0,11,凱基-敦北,2024-08-19,9237
3013,晟銘電,40,29,11,凱基-敦北,2024-08-19,9237
4542,科嶠,21,10,11,凱基-敦北,2024-08-19,9237
1611,中電,10,0,10,凱基-敦北,2024-08-19,9237
2845,遠東銀,10,0,10,凱基-敦北,2024-08-19,9237
3167,大量,11,1,10,凱基-敦北,2024-08-19,9237
8011,台通,10,0,10,凱基-敦北,2024-08-19,9237
00919,群益台灣精選高息,11,1,10,凱基-敦北,2024-08-19,9237
3227,原相,9,0,9,凱基-敦北,2024-08-19,9237
2002,中鋼,8,0,8,凱基-敦北,2024-08-19,9237
00795B,中信美國公債20年,8,0,8,凱基-敦北,2024-08-19,9237
5355,佳總,8,0,8,凱基-敦北,2024-08-19,9237
2317,鴻海,14,7,7,凱基-敦北,2024-08-19,9237
00937B,群益ESG投等債20,12,5,7,凱基-敦北,2024-08-19,9237
3450,聯鈞,8,1,7,凱基-敦北,2024-08-19,9237
3587,閎康,12,5,7,凱基-敦北,2024-08-19,9237
6451,訊芯-KY,7,0,7,凱基-敦北,2024-08-19,9237
2371,大同,6,0,6,凱基-敦北,2024-08-19,9237
3030,德律,12,6,6,凱基-敦北,2024-08-19,9237
3455,由田,7,1,6,凱基-敦北,2024-08-19,9237
5905,南仁湖,6,0,6,凱基-敦北,2024-08-19,9237
1609,大亞,6,1,5,凱基-敦北,2024-08-19,9237
3324,雙鴻,5,0,5,凱基-敦北,2024-08-19,9237
3017,奇鋐,16,11,5,凱基-敦北,2024-08-19,9237
1536,和大,5,0,5,凱基-敦北,2024-08-19,9237
1618,合機,5,0,5,凱基-敦北,2024-08-19,9237
2029,盛餘,5,0,5,凱基-敦北,2024-08-19,9237
2354,鴻準,5,0,5,凱基-敦北,2024-08-19,9237
2745,五福,5,0,5,凱基-敦北,2024-08-19,9237
3617,碩天,5,0,5,凱基-敦北,2024-08-19,9237
3645,達邁,7,2,5,凱基-敦北,2024-08-19,9237
4513,福裕,13,8,5,凱基-敦北,2024-08-19,9237
6585,鼎基,5,0,5,凱基-敦北,2024-08-19,9237
6877,鏵友益,7,2,5,凱基-敦北,2024-08-19,9237
8936,國統,6,1,5,凱基-敦北,2024-08-19,9237
2890,永豐金,7,2,5,凱基-敦北,2024-08-19,9237
2368,金像電,90,5,85,凱基-敦北,2024-08-20,9237
00687B,國泰20年美債,75,0,75,凱基-敦北,2024-08-20,9237
5512,力麒,75,0,75,凱基-敦北,2024-08-20,9237
6188,廣明,66,1,65,凱基-敦北,2024-08-20,9237
00772B,中信高評級公司債,64,0,64,凱基-敦北,2024-08-20,9237
00795B,中信美國公債20年,55,0,55,凱基-敦北,2024-08-20,9237
2002,中鋼,54,0,54,凱基-敦北,2024-08-20,9237
00751B,元大AAA至A公司債,50,0,50,凱基-敦北,2024-08-20,9237
2882,國泰金,44,1,43,凱基-敦北,2024-08-20,9237
2891,中信金,41,0,41,凱基-敦北,2024-08-20,9237
3707,漢磊,51,11,40,凱基-敦北,2024-08-20,9237
00696B,富邦美債20年,35,0,35,凱基-敦北,2024-08-20,9237
1785,光洋科,158,128,30,凱基-敦北,2024-08-20,9237
4303,信立,30,0,30,凱基-敦北,2024-08-20,9237
9906,欣巴巴,24,0,24,凱基-敦北,2024-08-20,9237
5905,南仁湖,29,6,23,凱基-敦北,2024-08-20,9237
00940,元大台灣價值高息,26,5,21,凱基-敦北,2024-08-20,9237
2444,兆勁,20,0,20,凱基-敦北,2024-08-20,9237
3617,碩天,30,10,20,凱基-敦北,2024-08-20,9237
8011,台通,20,0,20,凱基-敦北,2024-08-20,9237
1326,台化,28,10,18,凱基-敦北,2024-08-20,9237
00688L,國泰20年美債正2,17,0,17,凱基-敦北,2024-08-20,9237
5443,均豪,32,16,16,凱基-敦北,2024-08-20,9237
00632R,元大台灣50反1,40,24,16,凱基-敦北,2024-08-20,9237
2062,橋椿,16,0,16,凱基-敦北,2024-08-20,9237
2543,皇昌,15,0,15,凱基-敦北,2024-08-20,9237
2029,盛餘,15,0,15,凱基-敦北,2024-08-20,9237
2356,英業達,17,2,15,凱基-敦北,2024-08-20,9237
8091,翔名,14,0,14,凱基-敦北,2024-08-20,9237
00680L,元大美債20正2,13,0,13,凱基-敦北,2024-08-20,9237
00948B,中信優息投資級債,13,0,13,凱基-敦北,2024-08-20,9237
00923,群益台ESG低碳50,16,4,12,凱基-敦北,2024-08-20,9237
2303,聯電,14,2,12,凱基-敦北,2024-08-20,9237
2367,燿華,12,0,12,凱基-敦北,2024-08-20,9237
00939,統一台灣高息動能,26,15,11,凱基-敦北,2024-08-20,9237
2402,毅嘉,11,0,11,凱基-敦北,2024-08-20,9237
2317,鴻海,12,2,10,凱基-敦北,2024-08-20,9237
2031,新光鋼,10,0,10,凱基-敦北,2024-08-20,9237
00919,群益台灣精選高息,15,6,9,凱基-敦北,2024-08-20,9237
2464,盟立,27,18,9,凱基-敦北,2024-08-20,9237
5243,乙盛-KY,10,1,9,凱基-敦北,2024-08-20,9237
00679B,元大美債20年,27,20,7,凱基-敦北,2024-08-20,9237
1446,宏和,7,0,7,凱基-敦北,2024-08-20,9237
2845,遠東銀,7,0,7,凱基-敦北,2024-08-20,9237
2520,冠德,11,5,6,凱基-敦北,2024-08-20,9237
6683,雍智科技,6,0,6,凱基-敦北,2024-08-20,9237
6877,鏵友益,6,0,6,凱基-敦北,2024-08-20,9237
2881,富邦金,7,1,6,凱基-敦北,2024-08-20,9237
2609,陽明,7,2,5,凱基-敦北,2024-08-20,9237
6770,力積電,5,0,5,凱基-敦北,2024-08-20,9237
2891,中信金,189,13,176,凱基-敦北,2024-08-21,9237
00953B,群益優選非投等債,70,0,70,凱基-敦北,2024-08-21,9237
1321,大洋,40,0,40,凱基-敦北,2024-08-21,9237
5512,力麒,40,0,40,凱基-敦北,2024-08-21,9237
00687B,國泰20年美債,39,2,37,凱基-敦北,2024-08-21,9237
2002,中鋼,36,0,36,凱基-敦北,2024-08-21,9237
00919,群益台灣精選高息,36,1,35,凱基-敦北,2024-08-21,9237
00679B,元大美債20年,40,5,35,凱基-敦北,2024-08-21,9237
1326,台化,36,4,32,凱基-敦北,2024-08-21,9237
3047,訊舟,126,99,27,凱基-敦北,2024-08-21,9237
00929,復華台灣科技優息,26,0,26,凱基-敦北,2024-08-21,9237
00713,元大台灣高息低波,24,0,24,凱基-敦北,2024-08-21,9237
00632R,元大台灣50反1,20,0,20,凱基-敦北,2024-08-21,9237
4912,聯德控股-KY,20,0,20,凱基-敦北,2024-08-21,9237
1609,大亞,27,8,19,凱基-敦北,2024-08-21,9237
9105,泰金寶-DR,15,0,15,凱基-敦北,2024-08-21,9237
2354,鴻準,19,5,14,凱基-敦北,2024-08-21,9237
8070,長華*,13,0,13,凱基-敦北,2024-08-21,9237
2356,英業達,13,1,12,凱基-敦北,2024-08-21,9237
00954,中信日本半導體,12,0,12,凱基-敦北,2024-08-21,9237
2801,彰銀,10,0,10,凱基-敦北,2024-08-21,9237
1449,佳和,10,0,10,凱基-敦北,2024-08-21,9237
2009,第一銅,10,0,10,凱基-敦北,2024-08-21,9237
6877,鏵友益,10,0,10,凱基-敦北,2024-08-21,9237
8064,東捷,16,6,10,凱基-敦北,2024-08-21,9237
8150,南茂,10,0,10,凱基-敦北,2024-08-21,9237
1301,台塑,11,3,8,凱基-敦北,2024-08-21,9237
00795B,中信美國公債20年,8,0,8,凱基-敦北,2024-08-21,9237
2408,南亞科,8,0,8,凱基-敦北,2024-08-21,9237
6117,迎廣,10,2,8,凱基-敦北,2024-08-21,9237
6265,方土昶,8,0,8,凱基-敦北,2024-08-21,9237
6830,汎銓,8,0,8,凱基-敦北,2024-08-21,9237
8043,蜜望實,8,1,7,凱基-敦北,2024-08-21,9237
00712,復華富時不動產,7,0,7,凱基-敦北,2024-08-21,9237
1582,信錦,7,0,7,凱基-敦北,2024-08-21,9237
2497,怡利電,7,0,7,凱基-敦北,2024-08-21,9237
3019,亞光,9,3,6,凱基-敦北,2024-08-21,9237
4979,華星光,6,0,6,凱基-敦北,2024-08-21,9237
9945,潤泰新,6,0,6,凱基-敦北,2024-08-21,9237
00918,大華優利高填息30,5,0,5,凱基-敦北,2024-08-21,9237
00725B,國泰投資級公司債,5,0,5,凱基-敦北,2024-08-21,9237
00927,群益半導體收益,5,0,5,凱基-敦北,2024-08-21,9237
2364,倫飛,5,0,5,凱基-敦北,2024-08-21,9237
2405,輔信,5,0,5,凱基-敦北,2024-08-21,9237
2444,兆勁,5,0,5,凱基-敦北,2024-08-21,9237
2527,宏璟,5,0,5,凱基-敦北,2024-08-21,9237
3163,波若威,9,4,5,凱基-敦北,2024-08-21,9237
3706,神達,5,0,5,凱基-敦北,2024-08-21,9237
5310,天剛,5,0,5,凱基-敦北,2024-08-21,9237
5871,中租-KY,5,0,5,凱基-敦北,2024-08-21,9237
00688L,國泰20年美債正2,86,0,86,凱基-敦北,2024-08-22,9237
5371,中光電,105,20,85,凱基-敦北,2024-08-22,9237
00929,復華台灣科技優息,54,2,52,凱基-敦北,2024-08-22,9237
2323,中環,51,0,51,凱基-敦北,2024-08-22,9237
00940,元大台灣價值高息,60,12,48,凱基-敦北,2024-08-22,9237
8091,翔名,39,0,39,凱基-敦北,2024-08-22,9237
2891,中信金,38,8,30,凱基-敦北,2024-08-22,9237
00680L,元大美債20正2,30,0,30,凱基-敦北,2024-08-22,9237
5452,佶優,31,3,28,凱基-敦北,2024-08-22,9237
5905,南仁湖,40,13,27,凱基-敦北,2024-08-22,9237
2444,兆勁,30,5,25,凱基-敦北,2024-08-22,9237
1717,長興,25,2,23,凱基-敦北,2024-08-22,9237
8070,長華*,24,1,23,凱基-敦北,2024-08-22,9237
00687B,國泰20年美債,20,0,20,凱基-敦北,2024-08-22,9237
2353,宏��,20,0,20,凱基-敦北,2024-08-22,9237
2368,金像電,20,0,20,凱基-敦北,2024-08-22,9237
6133,金橋,23,3,20,凱基-敦北,2024-08-22,9237
6188,廣明,27,7,20,凱基-敦北,2024-08-22,9237
8354,冠好,20,0,20,凱基-敦北,2024-08-22,9237
2002,中鋼,20,1,19,凱基-敦北,2024-08-22,9237
8064,東捷,17,0,17,凱基-敦北,2024-08-22,9237
1708,東鹼,17,0,17,凱基-敦北,2024-08-22,9237
3013,晟銘電,20,4,16,凱基-敦北,2024-08-22,9237
2349,錸德,228,214,14,凱基-敦北,2024-08-22,9237
2845,遠東銀,14,0,14,凱基-敦北,2024-08-22,9237
4716,大立,14,1,13,凱基-敦北,2024-08-22,9237
00948B,中信優息投資級債,12,0,12,凱基-敦北,2024-08-22,9237
8150,南茂,12,0,12,凱基-敦北,2024-08-22,9237
1514,亞力,18,7,11,凱基-敦北,2024-08-22,9237
2385,群光,13,2,11,凱基-敦北,2024-08-22,9237
2530,華建,11,0,11,凱基-敦北,2024-08-22,9237
6104,創惟,26,15,11,凱基-敦北,2024-08-22,9237
2548,華固,10,0,10,凱基-敦北,2024-08-22,9237
00905,FT臺灣Smart,10,0,10,凱基-敦北,2024-08-22,9237
00779B,凱基美債25+,10,0,10,凱基-敦北,2024-08-22,9237
1316,上曜,10,0,10,凱基-敦北,2024-08-22,9237
5225,東科-KY,10,0,10,凱基-敦北,2024-08-22,9237
2884,玉山金,10,0,10,凱基-敦北,2024-08-22,9237
2890,永豐金,8,0,8,凱基-敦北,2024-08-22,9237
1582,信錦,8,0,8,凱基-敦北,2024-08-22,9237
2429,銘旺科,8,0,8,凱基-敦北,2024-08-22,9237
6138,茂達,8,0,8,凱基-敦北,2024-08-22,9237
1721,三晃,10,3,7,凱基-敦北,2024-08-22,9237
2438,翔耀,7,0,7,凱基-敦北,2024-08-22,9237
4535,至興,7,0,7,凱基-敦北,2024-08-22,9237
6139,亞翔,24,17,7,凱基-敦北,2024-08-22,9237
1309,台達化,10,4,6,凱基-敦北,2024-08-22,9237
2101,南港,6,0,6,凱基-敦北,2024-08-22,9237
2356,英業達,6,0,6,凱基-敦北,2024-08-22,9237
2542,興富發,10,4,6,凱基-敦北,2024-08-22,9237
6282,康舒,84,20,64,凱基-敦北,2024-08-23,9237
2891,中信金,43,0,43,凱基-敦北,2024-08-23,9237
00632R,元大台灣50反1,42,0,42,凱基-敦北,2024-08-23,9237
1711,永光,48,9,39,凱基-敦北,2024-08-23,9237
00931B,統一美債20年,36,0,36,凱基-敦北,2024-08-23,9237
3666,光耀,35,0,35,凱基-敦北,2024-08-23,9237
2530,華建,33,0,33,凱基-敦北,2024-08-23,9237
3522,御嵿,30,0,30,凱基-敦北,2024-08-23,9237
1773,勝一,29,0,29,凱基-敦北,2024-08-23,9237
00680L,元大美債20正2,27,0,27,凱基-敦北,2024-08-23,9237
1316,上曜,22,0,22,凱基-敦北,2024-08-23,9237
2353,宏��,21,0,21,凱基-敦北,2024-08-23,9237
2887,台新金,33,12,21,凱基-敦北,2024-08-23,9237
1321,大洋,20,0,20,凱基-敦北,2024-08-23,9237
2444,兆勁,20,0,20,凱基-敦北,2024-08-23,9237
5243,乙盛-KY,20,0,20,凱基-敦北,2024-08-23,9237
8039,台虹,19,0,19,凱基-敦北,2024-08-23,9237
1326,台化,15,0,15,凱基-敦北,2024-08-23,9237
00688L,國泰20年美債正2,15,0,15,凱基-敦北,2024-08-23,9237
6210,慶生,15,0,15,凱基-敦北,2024-08-23,9237
1727,中華化,14,1,13,凱基-敦北,2024-08-23,9237
2845,遠東銀,12,0,12,凱基-敦北,2024-08-23,9237
5452,佶優,13,1,12,凱基-敦北,2024-08-23,9237
6505,台塑化,11,0,11,凱基-敦北,2024-08-23,9237
4540,全球傳動,13,2,11,凱基-敦北,2024-08-23,9237
2208,台船,10,0,10,凱基-敦北,2024-08-23,9237
2324,仁寶,10,0,10,凱基-敦北,2024-08-23,9237
5009,榮剛,10,0,10,凱基-敦北,2024-08-23,9237
5309,系統電,10,0,10,凱基-敦北,2024-08-23,9237
9105,泰金寶-DR,10,0,10,凱基-敦北,2024-08-23,9237
8089,康全電訊,10,0,10,凱基-敦北,2024-08-23,9237
8091,翔名,11,2,9,凱基-敦北,2024-08-23,9237
00687B,國泰20年美債,9,0,9,凱基-敦北,2024-08-23,9237
2349,錸德,15,7,8,凱基-敦北,2024-08-23,9237
2438,翔耀,8,0,8,凱基-敦北,2024-08-23,9237
6138,茂達,10,2,8,凱基-敦北,2024-08-23,9237
2401,凌陽,6,0,6,凱基-敦北,2024-08-23,9237
00795B,中信美國公債20年,6,0,6,凱基-敦北,2024-08-23,9237
00919,群益台灣精選高息,6,0,6,凱基-敦北,2024-08-23,9237
00918,大華優利高填息30,6,0,6,凱基-敦北,2024-08-23,9237
3528,安馳,6,0,6,凱基-敦北,2024-08-23,9237
8150,南茂,6,0,6,凱基-敦北,2024-08-23,9237
3189,景碩,6,1,5,凱基-敦北,2024-08-23,9237
00915,凱基優選高股息30,5,0,5,凱基-敦北,2024-08-23,9237
2610,華航,5,0,5,凱基-敦北,2024-08-23,9237
3019,亞光,5,0,5,凱基-敦北,2024-08-23,9237
3030,德律,5,0,5,凱基-敦北,2024-08-23,9237
3379,彬台,5,0,5,凱基-敦北,2024-08-23,9237
3663,鑫科,6,1,5,凱基-敦北,2024-08-23,9237
3673,TPK-KY,5,0,5,凱基-敦北,2024-08-23,9237
2888,新光金,618,176,442,凱基-敦北,2024-08-26,9237
2891,中信金,145,19,126,凱基-敦北,2024-08-26,9237
2002,中鋼,70,1,69,凱基-敦北,2024-08-26,9237
2906,高林,55,0,55,凱基-敦北,2024-08-26,9237
00650L,復華香港正2,50,0,50,凱基-敦北,2024-08-26,9237
4532,瑞智,49,0,49,凱基-敦北,2024-08-26,9237
4513,福裕,42,6,36,凱基-敦北,2024-08-26,9237
3047,訊舟,35,0,35,凱基-敦北,2024-08-26,9237
3707,漢磊,52,20,32,凱基-敦北,2024-08-26,9237
006201,元大富櫃50,33,3,30,凱基-敦北,2024-08-26,9237
3312,弘憶股,30,0,30,凱基-敦北,2024-08-26,9237
00706L,期元大S＆P日圓正2,25,0,25,凱基-敦北,2024-08-26,9237
2887,台新金,32,9,23,凱基-敦北,2024-08-26,9237
2368,金像電,71,50,21,凱基-敦北,2024-08-26,9237
2323,中環,20,0,20,凱基-敦北,2024-08-26,9237
3231,緯創,32,13,19,凱基-敦北,2024-08-26,9237
3013,晟銘電,21,2,19,凱基-敦北,2024-08-26,9237
1316,上曜,33,15,18,凱基-敦北,2024-08-26,9237
1319,東陽,21,4,17,凱基-敦北,2024-08-26,9237
1540,喬福,15,0,15,凱基-敦北,2024-08-26,9237
2356,英業達,15,0,15,凱基-敦北,2024-08-26,9237
3003,健和興,15,0,15,凱基-敦北,2024-08-26,9237
4561,健椿,15,0,15,凱基-敦北,2024-08-26,9237
8089,康全電訊,15,0,15,凱基-敦北,2024-08-26,9237
0050,元大台灣50,13,1,12,凱基-敦北,2024-08-26,9237
2409,友達,12,0,12,凱基-敦北,2024-08-26,9237
00720B,元大投資級公司債,10,0,10,凱基-敦北,2024-08-26,9237
00685L,群益臺灣加權正2,10,0,10,凱基-敦北,2024-08-26,9237
00675L,富邦臺灣加權正2,10,0,10,凱基-敦北,2024-08-26,9237
00713,元大台灣高息低波,10,0,10,凱基-敦北,2024-08-26,9237
1217,愛之味,30,20,10,凱基-敦北,2024-08-26,9237
2444,兆勁,10,0,10,凱基-敦北,2024-08-26,9237
3615,安可,11,1,10,凱基-敦北,2024-08-26,9237
5475,德宏,10,0,10,凱基-敦北,2024-08-26,9237
8249,菱光,10,0,10,凱基-敦北,2024-08-26,9237
3167,大量,9,0,9,凱基-敦北,2024-08-26,9237
2845,遠東銀,9,1,8,凱基-敦北,2024-08-26,9237
5452,佶優,11,3,8,凱基-敦北,2024-08-26,9237
8349,�矬�,8,0,8,凱基-敦北,2024-08-26,9237
8927,北基,8,0,8,凱基-敦北,2024-08-26,9237
6605,帝寶,8,0,8,凱基-敦北,2024-08-26,9237
2331,精英,8,1,7,凱基-敦北,2024-08-26,9237
4927,泰鼎-KY,7,0,7,凱基-敦北,2024-08-26,9237
5234,達興材料,7,0,7,凱基-敦北,2024-08-26,9237
6207,雷科,8,1,7,凱基-敦北,2024-08-26,9237
8064,東捷,70,64,6,凱基-敦北,2024-08-26,9237
4763,材料-KY,12,6,6,凱基-敦北,2024-08-26,9237
6667,信紘科,6,0,6,凱基-敦北,2024-08-26,9237
2614,東森,5,0,5,凱基-敦北,2024-08-26,9237
2630,亞航,5,0,5,凱基-敦北,2024-08-26,9237
00940,元大台灣價值高息,101,20,81,凱基-敦北,2024-08-27,9237
1108,幸福,65,9,56,凱基-敦北,2024-08-27,9237
6603,富強鑫,48,2,46,凱基-敦北,2024-08-27,9237
8121,越峰,40,0,40,凱基-敦北,2024-08-27,9237
2606,裕民,32,0,32,凱基-敦北,2024-08-27,9237
2399,映泰,31,1,30,凱基-敦北,2024-08-27,9237
2891,中信金,30,1,29,凱基-敦北,2024-08-27,9237
2515,中工,20,0,20,凱基-敦北,2024-08-27,9237
2617,台航,20,0,20,凱基-敦北,2024-08-27,9237
3481,群創,26,6,20,凱基-敦北,2024-08-27,9237
2357,華碩,20,1,19,凱基-敦北,2024-08-27,9237
2882,國泰金,23,6,17,凱基-敦北,2024-08-27,9237
2609,陽明,17,1,16,凱基-敦北,2024-08-27,9237
2449,京元電子,23,9,14,凱基-敦北,2024-08-27,9237
1210,大成,12,0,12,凱基-敦北,2024-08-27,9237
0056,元大高股息,12,0,12,凱基-敦北,2024-08-27,9237
00929,復華台灣科技優息,11,0,11,凱基-敦北,2024-08-27,9237
00878,國泰永續高股息,11,0,11,凱基-敦北,2024-08-27,9237
1584,精剛,12,1,11,凱基-敦北,2024-08-27,9237
6217,中探針,11,0,11,凱基-敦北,2024-08-27,9237
6197,佳必琪,11,0,11,凱基-敦北,2024-08-27,9237
00891,中信關鍵半導體,10,0,10,凱基-敦北,2024-08-27,9237
00753L,中信中國50正2,10,0,10,凱基-敦北,2024-08-27,9237
1527,鑽全,10,0,10,凱基-敦北,2024-08-27,9237
3033,威健,35,25,10,凱基-敦北,2024-08-27,9237
00918,大華優利高填息30,13,4,9,凱基-敦北,2024-08-27,9237
8150,南茂,9,0,9,凱基-敦北,2024-08-27,9237
2548,華固,10,1,9,凱基-敦北,2024-08-27,9237
00687B,國泰20年美債,8,0,8,凱基-敦北,2024-08-27,9237
00679B,元大美債20年,8,0,8,凱基-敦北,2024-08-27,9237
00680L,元大美債20正2,8,0,8,凱基-敦北,2024-08-27,9237
006201,元大富櫃50,8,0,8,凱基-敦北,2024-08-27,9237
2402,毅嘉,43,36,7,凱基-敦北,2024-08-27,9237
5364,力麗店,7,0,7,凱基-敦北,2024-08-27,9237
8028,昇陽半導體,23,16,7,凱基-敦北,2024-08-27,9237
2405,輔信,7,1,6,凱基-敦北,2024-08-27,9237
6667,信紘科,6,0,6,凱基-敦北,2024-08-27,9237
8111,立��,7,1,6,凱基-敦北,2024-08-27,9237
2330,台積電,5,0,5,凱基-敦北,2024-08-27,9237
6451,訊芯-KY,7,2,5,凱基-敦北,2024-08-27,9237
1319,東陽,16,11,5,凱基-敦北,2024-08-27,9237
00725B,國泰投資級公司債,5,0,5,凱基-敦北,2024-08-27,9237
1727,中華化,6,1,5,凱基-敦北,2024-08-27,9237
3490,單井,5,0,5,凱基-敦北,2024-08-27,9237
3706,神達,5,0,5,凱基-敦北,2024-08-27,9237
4147,中裕,5,0,5,凱基-敦北,2024-08-27,9237
8354,冠好,5,0,5,凱基-敦北,2024-08-27,9237
00690,兆豐藍籌30,4,0,4,凱基-敦北,2024-08-27,9237
2429,銘旺科,5,1,4,凱基-敦北,2024-08-27,9237
2504,國產,5,1,4,凱基-敦北,2024-08-27,9237
6016,康和證,98,0,98,凱基-敦北,2024-08-28,9237
00632R,元大台灣50反1,100,6,94,凱基-敦北,2024-08-28,9237
1314,中石化,60,0,60,凱基-敦北,2024-08-28,9237
8121,越峰,60,0,60,凱基-敦北,2024-08-28,9237
5452,佶優,52,1,51,凱基-敦北,2024-08-28,9237
6603,富強鑫,44,1,43,凱基-敦北,2024-08-28,9237
00878,國泰永續高股息,36,0,36,凱基-敦北,2024-08-28,9237
3710,連展投控,30,3,27,凱基-敦北,2024-08-28,9237
3294,英濟,25,0,25,凱基-敦北,2024-08-28,9237
6531,愛普*,25,0,25,凱基-敦北,2024-08-28,9237
00919,群益台灣精選高息,24,0,24,凱基-敦北,2024-08-28,9237
8070,長華*,29,5,24,凱基-敦北,2024-08-28,9237
2606,裕民,23,0,23,凱基-敦北,2024-08-28,9237
2382,廣達,25,3,22,凱基-敦北,2024-08-28,9237
6877,鏵友益,40,18,22,凱基-敦北,2024-08-28,9237
3363,上詮,43,22,21,凱基-敦北,2024-08-28,9237
00915,凱基優選高股息30,20,0,20,凱基-敦北,2024-08-28,9237
4532,瑞智,20,0,20,凱基-敦北,2024-08-28,9237
2886,兆豐金,17,0,17,凱基-敦北,2024-08-28,9237
1584,精剛,16,0,16,凱基-敦北,2024-08-28,9237
9934,成霖,16,0,16,凱基-敦北,2024-08-28,9237
8064,東捷,26,11,15,凱基-敦北,2024-08-28,9237
8091,翔名,26,11,15,凱基-敦北,2024-08-28,9237
5443,均豪,15,3,12,凱基-敦北,2024-08-28,9237
1316,上曜,12,0,12,凱基-敦北,2024-08-28,9237
3163,波若威,18,6,12,凱基-敦北,2024-08-28,9237
2891,中信金,16,5,11,凱基-敦北,2024-08-28,9237
00937B,群益ESG投等債20,15,4,11,凱基-敦北,2024-08-28,9237
1711,永光,16,5,11,凱基-敦北,2024-08-28,9237
2049,上銀,17,6,11,凱基-敦北,2024-08-28,9237
9935,慶豐富,11,0,11,凱基-敦北,2024-08-28,9237
3062,建漢,21,10,11,凱基-敦北,2024-08-28,9237
2368,金像電,10,0,10,凱基-敦北,2024-08-28,9237
00753L,中信中國50正2,10,0,10,凱基-敦北,2024-08-28,9237
4174,浩鼎,11,1,10,凱基-敦北,2024-08-28,9237
4564,元翎,10,0,10,凱基-敦北,2024-08-28,9237
8354,冠好,10,0,10,凱基-敦北,2024-08-28,9237
8374,羅昇,11,2,9,凱基-敦北,2024-08-28,9237
3481,群創,25,16,9,凱基-敦北,2024-08-28,9237
6104,創惟,16,8,8,凱基-敦北,2024-08-28,9237
1540,喬福,8,0,8,凱基-敦北,2024-08-28,9237
4561,健椿,8,1,7,凱基-敦北,2024-08-28,9237
3030,德律,7,0,7,凱基-敦北,2024-08-28,9237
5355,佳總,7,0,7,凱基-敦北,2024-08-28,9237
6788,華景電,8,1,7,凱基-敦北,2024-08-28,9237
8042,金山電,7,0,7,凱基-敦北,2024-08-28,9237
00679B,元大美債20年,8,2,6,凱基-敦北,2024-08-28,9237
8069,元太,6,0,6,凱基-敦北,2024-08-28,9237
3227,原相,7,1,6,凱基-敦北,2024-08-28,9237
00933B,國泰10Y+金融債,5,0,5,凱基-敦北,2024-08-28,9237
1314,中石化,120,10,110,凱基-敦北,2024-08-29,9237
1513,中興電,91,9,82,凱基-敦北,2024-08-29,9237
6016,康和證,82,0,82,凱基-敦北,2024-08-29,9237
1326,台化,42,0,42,凱基-敦北,2024-08-29,9237
00687B,國泰20年美債,48,16,32,凱基-敦北,2024-08-29,9237
00679B,元大美債20年,48,20,28,凱基-敦北,2024-08-29,9237
2323,中環,30,5,25,凱基-敦北,2024-08-29,9237
8085,福華,22,0,22,凱基-敦北,2024-08-29,9237
4741,泓瀚,20,0,20,凱基-敦北,2024-08-29,9237
6274,台燿,30,11,19,凱基-敦北,2024-08-29,9237
2891,中信金,19,1,18,凱基-敦北,2024-08-29,9237
00931B,統一美債20年,16,0,16,凱基-敦北,2024-08-29,9237
2382,廣達,18,2,16,凱基-敦北,2024-08-29,9237
3450,聯鈞,40,28,12,凱基-敦北,2024-08-29,9237
4711,永純,12,0,12,凱基-敦北,2024-08-29,9237
00878,國泰永續高股息,11,0,11,凱基-敦北,2024-08-29,9237
2881,富邦金,10,0,10,凱基-敦北,2024-08-29,9237
00753L,中信中國50正2,10,0,10,凱基-敦北,2024-08-29,9237
00720B,元大投資級公司債,10,0,10,凱基-敦北,2024-08-29,9237
2363,矽統,15,5,10,凱基-敦北,2024-08-29,9237
8071,能率網通,10,0,10,凱基-敦北,2024-08-29,9237
6290,良維,10,0,10,凱基-敦北,2024-08-29,9237
3564,其陽,9,0,9,凱基-敦北,2024-08-29,9237
8070,長華*,22,13,9,凱基-敦北,2024-08-29,9237
2417,圓剛,16,8,8,凱基-敦北,2024-08-29,9237
3666,光耀,8,0,8,凱基-敦北,2024-08-29,9237
00940,元大台灣價值高息,7,0,7,凱基-敦北,2024-08-29,9237
2425,承啟,7,1,6,凱基-敦北,2024-08-29,9237
6830,汎銓,36,30,6,凱基-敦北,2024-08-29,9237
2330,台積電,8,2,6,凱基-敦北,2024-08-29,9237
4526,東台,26,20,6,凱基-敦北,2024-08-29,9237
00950B,凱基A級公司債,5,0,5,凱基-敦北,2024-08-29,9237
00933B,國泰10Y+金融債,5,0,5,凱基-敦北,2024-08-29,9237
00637L,元大滬深300正2,5,0,5,凱基-敦北,2024-08-29,9237
00631L,元大台灣50正2,8,3,5,凱基-敦北,2024-08-29,9237
00725B,國泰投資級公司債,5,0,5,凱基-敦北,2024-08-29,9237
00773B,中信優先金融債,5,0,5,凱基-敦北,2024-08-29,9237
2438,翔耀,5,0,5,凱基-敦北,2024-08-29,9237
2476,鉅祥,5,0,5,凱基-敦北,2024-08-29,9237
2606,裕民,5,0,5,凱基-敦北,2024-08-29,9237
3308,聯德,14,9,5,凱基-敦北,2024-08-29,9237
4142,國光生,5,0,5,凱基-敦北,2024-08-29,9237
5905,南仁湖,8,3,5,凱基-敦北,2024-08-29,9237
6615,慧智,5,0,5,凱基-敦北,2024-08-29,9237
6658,聯策,5,0,5,凱基-敦北,2024-08-29,9237
6863,永道-KY,8,3,5,凱基-敦北,2024-08-29,9237
8107,大億金茂,5,0,5,凱基-敦北,2024-08-29,9237
2317,鴻海,14,9,5,凱基-敦北,2024-08-29,9237
6901,鑽石投資,4,0,4,凱基-敦北,2024-08-29,9237
00918,大華優利高填息30,6,2,4,凱基-敦北,2024-08-29,9237
3062,建漢,67,3,64,凱基-敦北,2024-08-30,9237
3666,光耀,32,0,32,凱基-敦北,2024-08-30,9237
6133,金橋,30,0,30,凱基-敦北,2024-08-30,9237
2367,燿華,44,16,28,凱基-敦北,2024-08-30,9237
2882,國泰金,25,1,24,凱基-敦北,2024-08-30,9237
00751B,元大AAA至A公司債,22,0,22,凱基-敦北,2024-08-30,9237
00688L,國泰20年美債正2,21,0,21,凱基-敦北,2024-08-30,9237
2888,新光金,114,93,21,凱基-敦北,2024-08-30,9237
1584,精剛,21,1,20,凱基-敦北,2024-08-30,9237
2323,中環,20,0,20,凱基-敦北,2024-08-30,9237
2368,金像電,21,1,20,凱基-敦北,2024-08-30,9237
5386,青雲,20,0,20,凱基-敦北,2024-08-30,9237
8064,東捷,26,10,16,凱基-敦北,2024-08-30,9237
3013,晟銘電,16,1,15,凱基-敦北,2024-08-30,9237
3213,茂訊,15,0,15,凱基-敦北,2024-08-30,9237
8071,能率網通,15,0,15,凱基-敦北,2024-08-30,9237
2353,宏��,15,1,14,凱基-敦北,2024-08-30,9237
4526,東台,15,3,12,凱基-敦北,2024-08-30,9237
3481,群創,16,5,11,凱基-敦北,2024-08-30,9237
2543,皇昌,22,12,10,凱基-敦北,2024-08-30,9237
00950B,凱基A級公司債,10,0,10,凱基-敦北,2024-08-30,9237
2606,裕民,10,0,10,凱基-敦北,2024-08-30,9237
4912,聯德控股-KY,10,0,10,凱基-敦北,2024-08-30,9237
4931,新盛力,10,0,10,凱基-敦北,2024-08-30,9237
5608,四維航,10,0,10,凱基-敦北,2024-08-30,9237
8155,博智,10,0,10,凱基-敦北,2024-08-30,9237
8926,台汽電,10,0,10,凱基-敦北,2024-08-30,9237
6215,和椿,12,3,9,凱基-敦北,2024-08-30,9237
2482,連宇,9,0,9,凱基-敦北,2024-08-30,9237
4303,信立,13,6,7,凱基-敦北,2024-08-30,9237
2382,廣達,9,4,5,凱基-敦北,2024-08-30,9237
00939,統一台灣高息動能,5,0,5,凱基-敦北,2024-08-30,9237
2204,中華,5,0,5,凱基-敦北,2024-08-30,9237
2405,輔信,6,1,5,凱基-敦北,2024-08-30,9237
2426,鼎元,5,0,5,凱基-敦北,2024-08-30,9237
2476,鉅祥,7,2,5,凱基-敦北,2024-08-30,9237
3047,訊舟,5,0,5,凱基-敦北,2024-08-30,9237
3217,優群,5,0,5,凱基-敦北,2024-08-30,9237
3437,榮創,5,0,5,凱基-敦北,2024-08-30,9237
3498,陽程,5,0,5,凱基-敦北,2024-08-30,9237
4563,百德,5,0,5,凱基-敦北,2024-08-30,9237
4714,永捷,10,5,5,凱基-敦北,2024-08-30,9237
6153,嘉聯益,5,0,5,凱基-敦北,2024-08-30,9237
6284,佳邦,5,0,5,凱基-敦北,2024-08-30,9237
6451,訊芯-KY,5,0,5,凱基-敦北,2024-08-30,9237
9934,成霖,5,0,5,凱基-敦北,2024-08-30,9237
3363,上詮,5,1,4,凱基-敦北,2024-08-30,9237
00631L,元大台灣50正2,4,0,4,凱基-敦北,2024-08-30,9237
2489,瑞軒,5,1,4,凱基-敦北,2024-08-30,9237
2617,台航,4,0,4,凱基-敦北,2024-08-30,9237
5512,力麒,80,0,80,凱基-敦北,2024-09-02,9237
2323,中環,50,0,50,凱基-敦北,2024-09-02,9237
00915,凱基優選高股息30,47,0,47,凱基-敦北,2024-09-02,9237
2449,京元電子,51,11,40,凱基-敦北,2024-09-02,9237
1815,富喬,30,0,30,凱基-敦北,2024-09-02,9237
00940,元大台灣價值高息,32,3,29,凱基-敦北,2024-09-02,9237
00680L,元大美債20正2,29,3,26,凱基-敦北,2024-09-02,9237
3666,光耀,23,0,23,凱基-敦北,2024-09-02,9237
00937B,群益ESG投等債20,20,0,20,凱基-敦北,2024-09-02,9237
2368,金像電,40,20,20,凱基-敦北,2024-09-02,9237
3522,御嵿,20,1,19,凱基-敦北,2024-09-02,9237
6803,崑鼎,18,0,18,凱基-敦北,2024-09-02,9237
00795B,中信美國公債20年,18,0,18,凱基-敦北,2024-09-02,9237
00687B,國泰20年美債,19,1,18,凱基-敦北,2024-09-02,9237
2002,中鋼,20,2,18,凱基-敦北,2024-09-02,9237
00931B,統一美債20年,20,4,16,凱基-敦北,2024-09-02,9237
3707,漢磊,16,0,16,凱基-敦北,2024-09-02,9237
8150,南茂,16,0,16,凱基-敦北,2024-09-02,9237
2243,宏旭-KY,15,0,15,凱基-敦北,2024-09-02,9237
1217,愛之味,37,23,14,凱基-敦北,2024-09-02,9237
00679B,元大美債20年,12,0,12,凱基-敦北,2024-09-02,9237
2353,宏��,11,0,11,凱基-敦北,2024-09-02,9237
2548,華固,11,0,11,凱基-敦北,2024-09-02,9237
00650L,復華香港正2,10,0,10,凱基-敦北,2024-09-02,9237
00753L,中信中國50正2,10,0,10,凱基-敦北,2024-09-02,9237
3518,柏騰,10,0,10,凱基-敦北,2024-09-02,9237
2537,聯上發,9,0,9,凱基-敦北,2024-09-02,9237
4564,元翎,11,2,9,凱基-敦北,2024-09-02,9237
00933B,國泰10Y+金融債,8,0,8,凱基-敦北,2024-09-02,9237
3231,緯創,20,12,8,凱基-敦北,2024-09-02,9237
6830,汎銓,74,66,8,凱基-敦北,2024-09-02,9237
00919,群益台灣精選高息,7,0,7,凱基-敦北,2024-09-02,9237
00948B,中信優息投資級債,7,0,7,凱基-敦北,2024-09-02,9237
00881,國泰台灣5G+,7,0,7,凱基-敦北,2024-09-02,9237
2495,普安,7,0,7,凱基-敦北,2024-09-02,9237
3390,旭軟,8,1,7,凱基-敦北,2024-09-02,9237
3481,群創,7,0,7,凱基-敦北,2024-09-02,9237
6782,視陽,7,0,7,凱基-敦北,2024-09-02,9237
2603,長榮,6,0,6,凱基-敦北,2024-09-02,9237
00637L,元大滬深300正2,6,0,6,凱基-敦北,2024-09-02,9237
3260,威剛,6,0,6,凱基-敦北,2024-09-02,9237
3624,光頡,8,2,6,凱基-敦北,2024-09-02,9237
4707,磐亞,6,0,6,凱基-敦北,2024-09-02,9237
6188,廣明,6,0,6,凱基-敦北,2024-09-02,9237
6207,雷科,18,12,6,凱基-敦北,2024-09-02,9237
8086,宏捷科,7,1,6,凱基-敦北,2024-09-02,9237
00642U,期元大S＆P石油,6,1,5,凱基-敦北,2024-09-02,9237
1609,大亞,5,0,5,凱基-敦北,2024-09-02,9237
3673,TPK-KY,6,1,5,凱基-敦北,2024-09-02,9237
4529,淳紳,5,0,5,凱基-敦北,2024-09-02,9237
00930,永豐ESG低碳高息,220,0,220,凱基-敦北,2024-09-03,9237
00919,群益台灣精選高息,113,1,112,凱基-敦北,2024-09-03,9237
3290,東浦,104,1,103,凱基-敦北,2024-09-03,9237
2888,新光金,226,162,64,凱基-敦北,2024-09-03,9237
2323,中環,60,0,60,凱基-敦北,2024-09-03,9237
5512,力麒,50,0,50,凱基-敦北,2024-09-03,9237
00878,國泰永續高股息,45,1,44,凱基-敦北,2024-09-03,9237
00915,凱基優選高股息30,41,0,41,凱基-敦北,2024-09-03,9237
00637L,元大滬深300正2,32,0,32,凱基-敦北,2024-09-03,9237
00918,大華優利高填息30,28,0,28,凱基-敦北,2024-09-03,9237
3666,光耀,26,0,26,凱基-敦北,2024-09-03,9237
2891,中信金,24,1,23,凱基-敦北,2024-09-03,9237
00937B,群益ESG投等債20,24,1,23,凱基-敦北,2024-09-03,9237
6231,系微,24,1,23,凱基-敦北,2024-09-03,9237
6290,良維,21,1,20,凱基-敦北,2024-09-03,9237
00687B,國泰20年美債,30,10,20,凱基-敦北,2024-09-03,9237
2834,臺企銀,20,0,20,凱基-敦北,2024-09-03,9237
3522,御嵿,19,0,19,凱基-敦北,2024-09-03,9237
2243,宏旭-KY,15,0,15,凱基-敦北,2024-09-03,9237
2883B,凱基金乙特,15,0,15,凱基-敦北,2024-09-03,9237
1326,台化,13,0,13,凱基-敦北,2024-09-03,9237
9945,潤泰新,12,0,12,凱基-敦北,2024-09-03,9237
00931B,統一美債20年,11,0,11,凱基-敦北,2024-09-03,9237
2609,陽明,11,0,11,凱基-敦北,2024-09-03,9237
00936,台新永續高息中小,11,0,11,凱基-敦北,2024-09-03,9237
00753L,中信中國50正2,10,0,10,凱基-敦北,2024-09-03,9237
00882,中信中國高股息,10,0,10,凱基-敦北,2024-09-03,9237
00891,中信關鍵半導體,10,0,10,凱基-敦北,2024-09-03,9237
00680L,元大美債20正2,10,0,10,凱基-敦北,2024-09-03,9237
00688L,國泰20年美債正2,10,0,10,凱基-敦北,2024-09-03,9237
1217,愛之味,10,0,10,凱基-敦北,2024-09-03,9237
2405,輔信,10,0,10,凱基-敦北,2024-09-03,9237
2610,華航,10,0,10,凱基-敦北,2024-09-03,9237
4306,炎洲,10,0,10,凱基-敦北,2024-09-03,9237
6753,龍德造船,10,0,10,凱基-敦北,2024-09-03,9237
3231,緯創,15,6,9,凱基-敦北,2024-09-03,9237
2429,銘旺科,8,0,8,凱基-敦北,2024-09-03,9237
6104,創惟,29,21,8,凱基-敦北,2024-09-03,9237
5443,均豪,13,5,8,凱基-敦北,2024-09-03,9237
00934,中信成長高股息,7,0,7,凱基-敦北,2024-09-03,9237
4535,至興,8,1,7,凱基-敦北,2024-09-03,9237
00945B,凱基美國非投等債,6,0,6,凱基-敦北,2024-09-03,9237
1815,富喬,6,0,6,凱基-敦北,2024-09-03,9237
2464,盟立,42,36,6,凱基-敦北,2024-09-03,9237
3213,茂訊,6,0,6,凱基-敦北,2024-09-03,9237
8027,鈦昇,14,8,6,凱基-敦北,2024-09-03,9237
8071,能率網通,7,1,6,凱基-敦北,2024-09-03,9237
00725B,國泰投資級公司債,5,0,5,凱基-敦北,2024-09-03,9237
1529,樂事綠能,5,0,5,凱基-敦北,2024-09-03,9237
1773,勝一,5,0,5,凱基-敦北,2024-09-03,9237
00915,凱基優選高股息30,87,0,87,凱基-敦北,2024-09-04,9237
5876,上海商銀,67,0,67,凱基-敦北,2024-09-04,9237
00881,國泰台灣5G+,53,0,53,凱基-敦北,2024-09-04,9237
00918,大華優利高填息30,51,1,50,凱基-敦北,2024-09-04,9237
2495,普安,50,0,50,凱基-敦北,2024-09-04,9237
00929,復華台灣科技優息,74,26,48,凱基-敦北,2024-09-04,9237
00937B,群益ESG投等債20,52,10,42,凱基-敦北,2024-09-04,9237
1301,台塑,41,0,41,凱基-敦北,2024-09-04,9237
00919,群益台灣精選高息,66,27,39,凱基-敦北,2024-09-04,9237
2882,國泰金,39,0,39,凱基-敦北,2024-09-04,9237
00878,國泰永續高股息,59,21,38,凱基-敦北,2024-09-04,9237
00671R,富邦NASDAQ反1,38,0,38,凱基-敦北,2024-09-04,9237
3037,欣興,43,7,36,凱基-敦北,2024-09-04,9237
00940,元大台灣價值高息,38,5,33,凱基-敦北,2024-09-04,9237
4142,國光生,33,0,33,凱基-敦北,2024-09-04,9237
1314,中石化,32,0,32,凱基-敦北,2024-09-04,9237
00664R,國泰臺灣加權反1,30,0,30,凱基-敦北,2024-09-04,9237
2497,怡利電,33,3,30,凱基-敦北,2024-09-04,9237
4532,瑞智,30,0,30,凱基-敦北,2024-09-04,9237
2368,金像電,28,1,27,凱基-敦北,2024-09-04,9237
8091,翔名,26,1,25,凱基-敦北,2024-09-04,9237
2881,富邦金,26,2,24,凱基-敦北,2024-09-04,9237
00648R,元大S＆P500反1,24,0,24,凱基-敦北,2024-09-04,9237
00933B,國泰10Y+金融債,24,0,24,凱基-敦北,2024-09-04,9237
2617,台航,24,0,24,凱基-敦北,2024-09-04,9237
3081,聯亞,25,1,24,凱基-敦北,2024-09-04,9237
1319,東陽,23,0,23,凱基-敦北,2024-09-04,9237
0050,元大台灣50,23,0,23,凱基-敦北,2024-09-04,9237
3303,岱稜,22,0,22,凱基-敦北,2024-09-04,9237
0056,元大高股息,23,1,22,凱基-敦北,2024-09-04,9237
2392,正崴,20,0,20,凱基-敦北,2024-09-04,9237
2476,鉅祥,20,0,20,凱基-敦北,2024-09-04,9237
2449,京元電子,29,9,20,凱基-敦北,2024-09-04,9237
00680L,元大美債20正2,20,0,20,凱基-敦北,2024-09-04,9237
1718,中纖,20,0,20,凱基-敦北,2024-09-04,9237
6282,康舒,20,0,20,凱基-敦北,2024-09-04,9237
6609,瀧澤科,22,2,20,凱基-敦北,2024-09-04,9237
2382,廣達,18,0,18,凱基-敦北,2024-09-04,9237
006208,富邦台50,16,0,16,凱基-敦北,2024-09-04,9237
2388,威盛,16,2,14,凱基-敦北,2024-09-04,9237
00891,中信關鍵半導體,13,0,13,凱基-敦北,2024-09-04,9237
2883,凱基金,12,0,12,凱基-敦北,2024-09-04,9237
2610,華航,12,0,12,凱基-敦北,2024-09-04,9237
8069,元太,12,1,11,凱基-敦北,2024-09-04,9237
6187,萬潤,13,2,11,凱基-敦北,2024-09-04,9237
1711,永光,11,0,11,凱基-敦北,2024-09-04,9237
2609,陽明,13,3,10,凱基-敦北,2024-09-04,9237
00954,中信日本半導體,10,0,10,凱基-敦北,2024-09-04,9237
1815,富喬,10,0,10,凱基-敦北,2024-09-04,9237
2340,台亞,10,0,10,凱基-敦北,2024-09-04,9237
1314,中石化,100,0,100,凱基-敦北,2024-09-05,9237
00919,群益台灣精選高息,72,0,72,凱基-敦北,2024-09-05,9237
00929,復華台灣科技優息,62,0,62,凱基-敦北,2024-09-05,9237
5243,乙盛-KY,70,10,60,凱基-敦北,2024-09-05,9237
00915,凱基優選高股息30,53,2,51,凱基-敦北,2024-09-05,9237
9935,慶豐富,39,0,39,凱基-敦北,2024-09-05,9237
4726,永昕,30,0,30,凱基-敦北,2024-09-05,9237
00687B,國泰20年美債,34,4,30,凱基-敦北,2024-09-05,9237
00679B,元大美債20年,30,5,25,凱基-敦北,2024-09-05,9237
00918,大華優利高填息30,26,1,25,凱基-敦北,2024-09-05,9237
3605,宏致,23,0,23,凱基-敦北,2024-09-05,9237
3062,建漢,42,20,22,凱基-敦北,2024-09-05,9237
1301,台塑,21,1,20,凱基-敦北,2024-09-05,9237
2548,華固,20,0,20,凱基-敦北,2024-09-05,9237
3303,岱稜,21,1,20,凱基-敦北,2024-09-05,9237
4534,慶騰,19,0,19,凱基-敦北,2024-09-05,9237
2317,鴻海,20,2,18,凱基-敦北,2024-09-05,9237
2883,凱基金,20,3,17,凱基-敦北,2024-09-05,9237
3047,訊舟,18,4,14,凱基-敦北,2024-09-05,9237
2368,金像電,20,7,13,凱基-敦北,2024-09-05,9237
00878,國泰永續高股息,17,4,13,凱基-敦北,2024-09-05,9237
3081,聯亞,13,0,13,凱基-敦北,2024-09-05,9237
4549,桓達,19,7,12,凱基-敦北,2024-09-05,9237
3481,群創,13,2,11,凱基-敦北,2024-09-05,9237
00715L,期街口布蘭特正2,11,0,11,凱基-敦北,2024-09-05,9237
1609,大亞,11,0,11,凱基-敦北,2024-09-05,9237
2610,華航,11,0,11,凱基-敦北,2024-09-05,9237
8227,巨有科技,11,0,11,凱基-敦北,2024-09-05,9237
2344,華邦電,11,1,10,凱基-敦北,2024-09-05,9237
2530,華建,10,0,10,凱基-敦北,2024-09-05,9237
2617,台航,10,0,10,凱基-敦北,2024-09-05,9237
4109,加捷生醫,10,0,10,凱基-敦北,2024-09-05,9237
4564,元翎,10,0,10,凱基-敦北,2024-09-05,9237
6218,豪勉,10,0,10,凱基-敦北,2024-09-05,9237
8091,翔名,12,2,10,凱基-敦北,2024-09-05,9237
8064,東捷,10,0,10,凱基-敦北,2024-09-05,9237
1513,中興電,11,2,9,凱基-敦北,2024-09-05,9237
1319,東陽,10,1,9,凱基-敦北,2024-09-05,9237
00641R,富邦日本反1,8,0,8,凱基-敦北,2024-09-05,9237
2438,翔耀,8,0,8,凱基-敦北,2024-09-05,9237
2353,宏��,7,0,7,凱基-敦北,2024-09-05,9237
8112,至上,7,0,7,凱基-敦北,2024-09-05,9237
00941,中信上游半導體,11,5,6,凱基-敦北,2024-09-05,9237
00940,元大台灣價值高息,6,0,6,凱基-敦北,2024-09-05,9237
2371,大同,6,0,6,凱基-敦北,2024-09-05,9237
2834,臺企銀,6,0,6,凱基-敦北,2024-09-05,9237
3548,兆利,10,4,6,凱基-敦北,2024-09-05,9237
00933B,國泰10Y+金融債,5,0,5,凱基-敦北,2024-09-05,9237
00953B,群益優選非投等債,5,0,5,凱基-敦北,2024-09-05,9237
1455,集盛,5,0,5,凱基-敦北,2024-09-05,9237
00632R,元大台灣50反1,225,0,225,凱基-敦北,2024-09-06,9237
1718,中纖,100,0,100,凱基-敦北,2024-09-06,9237
00680L,元大美債20正2,90,2,88,凱基-敦北,2024-09-06,9237
00688L,國泰20年美債正2,50,0,50,凱基-敦北,2024-09-06,9237
3062,建漢,43,1,42,凱基-敦北,2024-09-06,9237
6830,汎銓,40,0,40,凱基-敦北,2024-09-06,9237
3707,漢磊,36,1,35,凱基-敦北,2024-09-06,9237
00929,復華台灣科技優息,29,0,29,凱基-敦北,2024-09-06,9237
00915,凱基優選高股息30,38,10,28,凱基-敦北,2024-09-06,9237
2617,台航,27,0,27,凱基-敦北,2024-09-06,9237
00919,群益台灣精選高息,27,1,26,凱基-敦北,2024-09-06,9237
00952,凱基台灣AI50,30,5,25,凱基-敦北,2024-09-06,9237
8091,翔名,20,0,20,凱基-敦北,2024-09-06,9237
2887,台新金,21,4,17,凱基-敦北,2024-09-06,9237
2388,威盛,15,0,15,凱基-敦北,2024-09-06,9237
00679B,元大美債20年,19,4,15,凱基-敦北,2024-09-06,9237
1529,樂事綠能,15,0,15,凱基-敦北,2024-09-06,9237
1541,錩泰,15,0,15,凱基-敦北,2024-09-06,9237
2426,鼎元,15,0,15,凱基-敦北,2024-09-06,9237
3455,由田,14,1,13,凱基-敦北,2024-09-06,9237
3058,立德,12,0,12,凱基-敦北,2024-09-06,9237
00941,中信上游半導體,11,0,11,凱基-敦北,2024-09-06,9237
00954,中信日本半導體,10,0,10,凱基-敦北,2024-09-06,9237
00940,元大台灣價值高息,10,0,10,凱基-敦北,2024-09-06,9237
00713,元大台灣高息低波,11,1,10,凱基-敦北,2024-09-06,9237
2368,金像電,10,0,10,凱基-敦北,2024-09-06,9237
3617,碩天,10,0,10,凱基-敦北,2024-09-06,9237
6446,藥華藥,10,0,10,凱基-敦北,2024-09-06,9237
8011,台通,10,0,10,凱基-敦北,2024-09-06,9237
3227,原相,10,1,9,凱基-敦北,2024-09-06,9237
00779B,凱基美債25+,9,0,9,凱基-敦北,2024-09-06,9237
1314,中石化,10,2,8,凱基-敦北,2024-09-06,9237
2834,臺企銀,7,0,7,凱基-敦北,2024-09-06,9237
3081,聯亞,7,0,7,凱基-敦北,2024-09-06,9237
6207,雷科,8,1,7,凱基-敦北,2024-09-06,9237
00654R,富邦印度反1,6,0,6,凱基-敦北,2024-09-06,9237
2464,盟立,6,0,6,凱基-敦北,2024-09-06,9237
4529,淳紳,6,0,6,凱基-敦北,2024-09-06,9237
4549,桓達,7,1,6,凱基-敦北,2024-09-06,9237
5905,南仁湖,6,0,6,凱基-敦北,2024-09-06,9237
6163,華電網,6,0,6,凱基-敦北,2024-09-06,9237
1301,台塑,5,0,5,凱基-敦北,2024-09-06,9237
00953B,群益優選非投等債,5,0,5,凱基-敦北,2024-09-06,9237
1513,中興電,5,0,5,凱基-敦北,2024-09-06,9237
2444,兆勁,5,0,5,凱基-敦北,2024-09-06,9237
2467,志聖,5,0,5,凱基-敦北,2024-09-06,9237
2495,普安,5,0,5,凱基-敦北,2024-09-06,9237
2606,裕民,5,0,5,凱基-敦北,2024-09-06,9237
3047,訊舟,7,2,5,凱基-敦北,2024-09-06,9237
3306,鼎天,5,0,5,凱基-敦北,2024-09-06,9237
00687B,國泰20年美債,112,1,111,凱基-敦北,2024-09-09,9237
00919,群益台灣精選高息,84,3,81,凱基-敦北,2024-09-09,9237
5876,上海商銀,50,0,50,凱基-敦北,2024-09-09,9237
00937B,群益ESG投等債20,56,13,43,凱基-敦北,2024-09-09,9237
00915,凱基優選高股息30,49,10,39,凱基-敦北,2024-09-09,9237
1321,大洋,31,0,31,凱基-敦北,2024-09-09,9237
2881,富邦金,27,1,26,凱基-敦北,2024-09-09,9237
00878,國泰永續高股息,22,0,22,凱基-敦北,2024-09-09,9237
00753L,中信中國50正2,20,0,20,凱基-敦北,2024-09-09,9237
8076,伍豐,20,0,20,凱基-敦北,2024-09-09,9237
6207,雷科,29,10,19,凱基-敦北,2024-09-09,9237
00929,復華台灣科技優息,20,2,18,凱基-敦北,2024-09-09,9237
2497,怡利電,17,0,17,凱基-敦北,2024-09-09,9237
3051,力特,15,0,15,凱基-敦北,2024-09-09,9237
4979,華星光,15,1,14,凱基-敦北,2024-09-09,9237
00918,大華優利高填息30,14,2,12,凱基-敦北,2024-09-09,9237
3047,訊舟,12,0,12,凱基-敦北,2024-09-09,9237
6770,力積電,12,0,12,凱基-敦北,2024-09-09,9237
00665L,富邦�琤肭磪囓�2,11,0,11,凱基-敦北,2024-09-09,9237
2323,中環,10,0,10,凱基-敦北,2024-09-09,9237
2438,翔耀,10,0,10,凱基-敦北,2024-09-09,9237
3522,御嵿,10,0,10,凱基-敦北,2024-09-09,9237
4729,熒茂,11,1,10,凱基-敦北,2024-09-09,9237
8011,台通,10,0,10,凱基-敦北,2024-09-09,9237
2885,元大金,13,4,9,凱基-敦北,2024-09-09,9237
2606,裕民,9,0,9,凱基-敦北,2024-09-09,9237
2884,玉山金,10,1,9,凱基-敦北,2024-09-09,9237
3003,健和興,8,0,8,凱基-敦北,2024-09-09,9237
6279,胡連,8,0,8,凱基-敦北,2024-09-09,9237
6605,帝寶,8,0,8,凱基-敦北,2024-09-09,9237
00830,國泰費城半導體,7,0,7,凱基-敦北,2024-09-09,9237
4555,氣立,7,0,7,凱基-敦北,2024-09-09,9237
2382,廣達,7,1,6,凱基-敦北,2024-09-09,9237
00669R,國泰美國道瓊反1,6,0,6,凱基-敦北,2024-09-09,9237
2425,承啟,6,0,6,凱基-敦北,2024-09-09,9237
2228,劍麟,5,0,5,凱基-敦北,2024-09-09,9237
2233,宇隆,5,0,5,凱基-敦北,2024-09-09,9237
2444,兆勁,5,0,5,凱基-敦北,2024-09-09,9237
2543,皇昌,5,0,5,凱基-敦北,2024-09-09,9237
3416,融程電,5,0,5,凱基-敦北,2024-09-09,9237
4564,元翎,5,0,5,凱基-敦北,2024-09-09,9237
4741,泓瀚,5,0,5,凱基-敦北,2024-09-09,9237
4916,事欣科,5,0,5,凱基-敦北,2024-09-09,9237
6877,鏵友益,5,0,5,凱基-敦北,2024-09-09,9237
8071,能率網通,5,0,5,凱基-敦北,2024-09-09,9237
8091,翔名,5,0,5,凱基-敦北,2024-09-09,9237
2330,台積電,9,4,5,凱基-敦北,2024-09-09,9237
2317,鴻海,7,3,4,凱基-敦北,2024-09-09,9237
0056,元大高股息,4,0,4,凱基-敦北,2024-09-09,9237
1604,聲寶,4,0,4,凱基-敦北,2024-09-09,9237
3481,群創,51,4,47,凱基-敦北,2024-09-10,9237
00919,群益台灣精選高息,64,21,43,凱基-敦北,2024-09-10,9237
00878,國泰永續高股息,44,2,42,凱基-敦北,2024-09-10,9237
3518,柏騰,41,0,41,凱基-敦北,2024-09-10,9237
3013,晟銘電,38,0,38,凱基-敦北,2024-09-10,9237
4555,氣立,40,2,38,凱基-敦北,2024-09-10,9237
2609,陽明,33,1,32,凱基-敦北,2024-09-10,9237
5243,乙盛-KY,30,0,30,凱基-敦北,2024-09-10,9237
00929,復華台灣科技優息,48,20,28,凱基-敦北,2024-09-10,9237
2887,台新金,25,0,25,凱基-敦北,2024-09-10,9237
6104,創惟,56,32,24,凱基-敦北,2024-09-10,9237
00952,凱基台灣AI50,34,12,22,凱基-敦北,2024-09-10,9237
6282,康舒,22,0,22,凱基-敦北,2024-09-10,9237
1301,台塑,21,0,21,凱基-敦北,2024-09-10,9237
6163,華電網,22,1,21,凱基-敦北,2024-09-10,9237
8996,高力,23,2,21,凱基-敦北,2024-09-10,9237
00665L,富邦�琤肭磪囓�2,20,0,20,凱基-敦北,2024-09-10,9237
6609,瀧澤科,20,0,20,凱基-敦北,2024-09-10,9237
8091,翔名,18,0,18,凱基-敦北,2024-09-10,9237
6207,雷科,16,0,16,凱基-敦北,2024-09-10,9237
2382,廣達,13,0,13,凱基-敦北,2024-09-10,9237
00688L,國泰20年美債正2,13,0,13,凱基-敦北,2024-09-10,9237
00939,統一台灣高息動能,15,3,12,凱基-敦北,2024-09-10,9237
5258,虹堡,12,0,12,凱基-敦北,2024-09-10,9237
6830,汎銓,12,0,12,凱基-敦北,2024-09-10,9237
2368,金像電,11,0,11,凱基-敦北,2024-09-10,9237
00753L,中信中國50正2,10,0,10,凱基-敦北,2024-09-10,9237
3450,聯鈞,10,0,10,凱基-敦北,2024-09-10,9237
5905,南仁湖,10,0,10,凱基-敦北,2024-09-10,9237
8071,能率網通,10,0,10,凱基-敦北,2024-09-10,9237
00764B,群益25年美債,7,0,7,凱基-敦北,2024-09-10,9237
6770,力積電,7,0,7,凱基-敦北,2024-09-10,9237
9945,潤泰新,7,0,7,凱基-敦北,2024-09-10,9237
2228,劍麟,6,0,6,凱基-敦北,2024-09-10,9237
2617,台航,6,0,6,凱基-敦北,2024-09-10,9237
3413,京鼎,6,0,6,凱基-敦北,2024-09-10,9237
3645,達邁,6,0,6,凱基-敦北,2024-09-10,9237
5251,天鉞電,6,0,6,凱基-敦北,2024-09-10,9237
5324,士開,6,0,6,凱基-敦北,2024-09-10,9237
8042,金山電,6,0,6,凱基-敦北,2024-09-10,9237
2323,中環,5,0,5,凱基-敦北,2024-09-10,9237
2340,台亞,5,0,5,凱基-敦北,2024-09-10,9237
6117,迎廣,5,0,5,凱基-敦北,2024-09-10,9237
6683,雍智科技,8,3,5,凱基-敦北,2024-09-10,9237
6805,富世達,14,9,5,凱基-敦北,2024-09-10,9237
8064,東捷,5,0,5,凱基-敦北,2024-09-10,9237
8069,元太,5,0,5,凱基-敦北,2024-09-10,9237
2540,愛山林,19,15,4,凱基-敦北,2024-09-10,9237
2376,技嘉,4,0,4,凱基-敦北,2024-09-10,9237
1524,耿鼎,45,41,4,凱基-敦北,2024-09-10,9237
00772B,中信高評級公司債,51,0,51,凱基-敦北,2024-09-11,9237
3290,東浦,51,0,51,凱基-敦北,2024-09-11,9237
6530,創威,52,1,51,凱基-敦北,2024-09-11,9237
00937B,群益ESG投等債20,50,2,48,凱基-敦北,2024-09-11,9237
1711,永光,40,0,40,凱基-敦北,2024-09-11,9237
00687B,國泰20年美債,34,4,30,凱基-敦北,2024-09-11,9237
2002,中鋼,31,4,27,凱基-敦北,2024-09-11,9237
00688L,國泰20年美債正2,30,5,25,凱基-敦北,2024-09-11,9237
4906,正文,22,0,22,凱基-敦北,2024-09-11,9237
8011,台通,20,0,20,凱基-敦北,2024-09-11,9237
00919,群益台灣精選高息,20,0,20,凱基-敦北,2024-09-11,9237
00915,凱基優選高股息30,17,1,16,凱基-敦北,2024-09-11,9237
00929,復華台灣科技優息,16,0,16,凱基-敦北,2024-09-11,9237
00945B,凱基美國非投等債,16,0,16,凱基-敦北,2024-09-11,9237
2617,台航,15,0,15,凱基-敦北,2024-09-11,9237
2353,宏��,14,0,14,凱基-敦北,2024-09-11,9237
3374,精材,14,0,14,凱基-敦北,2024-09-11,9237
00878,國泰永續高股息,17,4,13,凱基-敦北,2024-09-11,9237
0056,元大高股息,12,0,12,凱基-敦北,2024-09-11,9237
2883,凱基金,12,0,12,凱基-敦北,2024-09-11,9237
4532,瑞智,11,0,11,凱基-敦北,2024-09-11,9237
00720B,元大投資級公司債,10,0,10,凱基-敦北,2024-09-11,9237
00957B,兆豐US優選投等債,10,0,10,凱基-敦北,2024-09-11,9237
00953B,群益優選非投等債,10,0,10,凱基-敦北,2024-09-11,9237
2354,鴻準,10,0,10,凱基-敦北,2024-09-11,9237
00764B,群益25年美債,9,0,9,凱基-敦北,2024-09-11,9237
1815,富喬,9,0,9,凱基-敦北,2024-09-11,9237
8249,菱光,50,41,9,凱基-敦北,2024-09-11,9237
2891,中信金,9,1,8,凱基-敦北,2024-09-11,9237
1307,三芳,8,0,8,凱基-敦北,2024-09-11,9237
4566,時碩工業,10,3,7,凱基-敦北,2024-09-11,9237
6605,帝寶,7,0,7,凱基-敦北,2024-09-11,9237
00679B,元大美債20年,12,6,6,凱基-敦北,2024-09-11,9237
00918,大華優利高填息30,7,1,6,凱基-敦北,2024-09-11,9237
6830,汎銓,32,26,6,凱基-敦北,2024-09-11,9237
6005,群益證,6,0,6,凱基-敦北,2024-09-11,9237
4979,華星光,9,4,5,凱基-敦北,2024-09-11,9237
6139,亞翔,7,2,5,凱基-敦北,2024-09-11,9237
00931B,統一美債20年,5,0,5,凱基-敦北,2024-09-11,9237
00648R,元大S＆P500反1,5,0,5,凱基-敦北,2024-09-11,9237
1513,中興電,5,0,5,凱基-敦北,2024-09-11,9237
2444,兆勁,5,0,5,凱基-敦北,2024-09-11,9237
2530,華建,5,0,5,凱基-敦北,2024-09-11,9237
2745,五福,5,0,5,凱基-敦北,2024-09-11,9237
3498,陽程,5,0,5,凱基-敦北,2024-09-11,9237
5871,中租-KY,5,0,5,凱基-敦北,2024-09-11,9237
6217,中探針,5,0,5,凱基-敦北,2024-09-11,9237
00713,元大台灣高息低波,4,0,4,凱基-敦北,2024-09-11,9237
00933B,國泰10Y+金融債,4,0,4,凱基-敦北,2024-09-11,9237
1604,聲寶,4,0,4,凱基-敦北,2024-09-11,9237
2891,中信金,115,0,115,凱基-敦北,2024-09-12,9237
1711,永光,83,7,76,凱基-敦北,2024-09-12,9237
3481,群創,50,0,50,凱基-敦北,2024-09-12,9237
2312,金寶,41,0,41,凱基-敦北,2024-09-12,9237
00680L,元大美債20正2,64,30,34,凱基-敦北,2024-09-12,9237
00940,元大台灣價值高息,30,0,30,凱基-敦北,2024-09-12,9237
5381,合正,30,0,30,凱基-敦北,2024-09-12,9237
2888,新光金,41,12,29,凱基-敦北,2024-09-12,9237
1584,精剛,23,0,23,凱基-敦北,2024-09-12,9237
00687B,國泰20年美債,29,7,22,凱基-敦北,2024-09-12,9237
00937B,群益ESG投等債20,67,50,17,凱基-敦北,2024-09-12,9237
00772B,中信高評級公司債,15,0,15,凱基-敦北,2024-09-12,9237
00679B,元大美債20年,23,9,14,凱基-敦北,2024-09-12,9237
3207,耀勝,20,6,14,凱基-敦北,2024-09-12,9237
00952,凱基台灣AI50,17,5,12,凱基-敦北,2024-09-12,9237
1307,三芳,12,0,12,凱基-敦北,2024-09-12,9237
6279,胡連,12,0,12,凱基-敦北,2024-09-12,9237
2489,瑞軒,11,0,11,凱基-敦北,2024-09-12,9237
8039,台虹,11,0,11,凱基-敦北,2024-09-12,9237
4977,眾達-KY,15,5,10,凱基-敦北,2024-09-12,9237
00641R,富邦日本反1,10,0,10,凱基-敦北,2024-09-12,9237
00648R,元大S＆P500反1,10,0,10,凱基-敦北,2024-09-12,9237
2031,新光鋼,10,0,10,凱基-敦北,2024-09-12,9237
2354,鴻準,10,0,10,凱基-敦北,2024-09-12,9237
4906,正文,10,0,10,凱基-敦北,2024-09-12,9237
3025,星通,9,0,9,凱基-敦北,2024-09-12,9237
00915,凱基優選高股息30,9,0,9,凱基-敦北,2024-09-12,9237
00764B,群益25年美債,7,0,7,凱基-敦北,2024-09-12,9237
4735,豪展,7,0,7,凱基-敦北,2024-09-12,9237
1319,東陽,6,0,6,凱基-敦北,2024-09-12,9237
1560,中砂,7,1,6,凱基-敦北,2024-09-12,9237
3312,弘憶股,10,4,6,凱基-敦北,2024-09-12,9237
3498,陽程,5,0,5,凱基-敦北,2024-09-12,9237
8042,金山電,5,0,5,凱基-敦北,2024-09-12,9237
9935,慶豐富,5,0,5,凱基-敦北,2024-09-12,9237
2887,台新金,6,1,5,凱基-敦北,2024-09-12,9237
6605,帝寶,4,0,4,凱基-敦北,2024-09-12,9237
00637L,元大滬深300正2,4,0,4,凱基-敦北,2024-09-12,9237
00921,兆豐龍頭等權重,4,0,4,凱基-敦北,2024-09-12,9237
00857B,永豐20年美公債,4,0,4,凱基-敦北,2024-09-12,9237
2228,劍麟,4,0,4,凱基-敦北,2024-09-12,9237
2399,映泰,90,86,4,凱基-敦北,2024-09-12,9237
2438,翔耀,4,0,4,凱基-敦北,2024-09-12,9237
2515,中工,4,0,4,凱基-敦北,2024-09-12,9237
2606,裕民,4,0,4,凱基-敦北,2024-09-12,9237
3548,兆利,4,0,4,凱基-敦北,2024-09-12,9237
8096,擎亞,4,0,4,凱基-敦北,2024-09-12,9237
8112,至上,4,0,4,凱基-敦北,2024-09-12,9237
00929,復華台灣科技優息,3,0,3,凱基-敦北,2024-09-12,9237
00931B,統一美債20年,3,0,3,凱基-敦北,2024-09-12,9237
00929,復華台灣科技優息,64,0,64,凱基-敦北,2024-09-13,9237
1711,永光,53,0,53,凱基-敦北,2024-09-13,9237
2368,金像電,31,0,31,凱基-敦北,2024-09-13,9237
00720B,元大投資級公司債,25,0,25,凱基-敦北,2024-09-13,9237
00948B,中信優息投資級債,20,0,20,凱基-敦北,2024-09-13,9237
5243,乙盛-KY,20,0,20,凱基-敦北,2024-09-13,9237
8091,翔名,16,0,16,凱基-敦北,2024-09-13,9237
00632R,元大台灣50反1,15,0,15,凱基-敦北,2024-09-13,9237
00931B,統一美債20年,13,0,13,凱基-敦北,2024-09-13,9237
6104,創惟,200,187,13,凱基-敦北,2024-09-13,9237
00713,元大台灣高息低波,12,0,12,凱基-敦北,2024-09-13,9237
6829,千附精密,17,5,12,凱基-敦北,2024-09-13,9237
8069,元太,11,0,11,凱基-敦北,2024-09-13,9237
2303,聯電,11,0,11,凱基-敦北,2024-09-13,9237
3081,聯亞,11,0,11,凱基-敦北,2024-09-13,9237
6530,創威,13,2,11,凱基-敦北,2024-09-13,9237
00753L,中信中國50正2,10,0,10,凱基-敦北,2024-09-13,9237
1319,東陽,16,6,10,凱基-敦北,2024-09-13,9237
2029,盛餘,10,0,10,凱基-敦北,2024-09-13,9237
2312,金寶,60,50,10,凱基-敦北,2024-09-13,9237
2354,鴻準,10,0,10,凱基-敦北,2024-09-13,9237
2903,遠百,10,0,10,凱基-敦北,2024-09-13,9237
3550,聯穎,18,8,10,凱基-敦北,2024-09-13,9237
4906,正文,10,0,10,凱基-敦北,2024-09-13,9237
2382,廣達,9,0,9,凱基-敦北,2024-09-13,9237
00919,群益台灣精選高息,10,2,8,凱基-敦北,2024-09-13,9237
00680L,元大美債20正2,8,0,8,凱基-敦北,2024-09-13,9237
2497,怡利電,21,14,7,凱基-敦北,2024-09-13,9237
0056,元大高股息,10,3,7,凱基-敦北,2024-09-13,9237
6535,順藥,7,0,7,凱基-敦北,2024-09-13,9237
3013,晟銘電,6,0,6,凱基-敦北,2024-09-13,9237
00918,大華優利高填息30,6,0,6,凱基-敦北,2024-09-13,9237
8011,台通,6,0,6,凱基-敦北,2024-09-13,9237
00936,台新永續高息中小,5,0,5,凱基-敦北,2024-09-13,9237
00882,中信中國高股息,5,0,5,凱基-敦北,2024-09-13,9237
1584,精剛,5,0,5,凱基-敦北,2024-09-13,9237
2540,愛山林,5,0,5,凱基-敦北,2024-09-13,9237
3324,雙鴻,5,0,5,凱基-敦北,2024-09-13,9237
8064,東捷,15,10,5,凱基-敦北,2024-09-13,9237
1326,台化,4,0,4,凱基-敦北,2024-09-13,9237
3227,原相,9,5,4,凱基-敦北,2024-09-13,9237
2376,技嘉,4,0,4,凱基-敦北,2024-09-13,9237
00764B,群益25年美債,4,0,4,凱基-敦北,2024-09-13,9237
1307,三芳,4,0,4,凱基-敦北,2024-09-13,9237
1773,勝一,11,7,4,凱基-敦北,2024-09-13,9237
3689,湧德,4,0,4,凱基-敦北,2024-09-13,9237
4566,時碩工業,4,0,4,凱基-敦北,2024-09-13,9237
6416,瑞祺電通,8,4,4,凱基-敦北,2024-09-13,9237
6683,雍智科技,4,0,4,凱基-敦北,2024-09-13,9237
00881,國泰台灣5G+,3,0,3,凱基-敦北,2024-09-13,9237
00945B,凱基美國非投等債,55,0,55,凱基-敦北,2024-09-16,9237
3062,建漢,49,6,43,凱基-敦北,2024-09-16,9237
2903,遠百,40,0,40,凱基-敦北,2024-09-16,9237
00929,復華台灣科技優息,39,3,36,凱基-敦北,2024-09-16,9237
3689,湧德,50,20,30,凱基-敦北,2024-09-16,9237
00751B,元大AAA至A公司債,25,0,25,凱基-敦北,2024-09-16,9237
3230,錦明,20,0,20,凱基-敦北,2024-09-16,9237
8996,高力,20,0,20,凱基-敦北,2024-09-16,9237
1301,台塑,19,0,19,凱基-敦北,2024-09-16,9237
6706,惠特,24,7,17,凱基-敦北,2024-09-16,9237
2444,兆勁,15,0,15,凱基-敦北,2024-09-16,9237
00919,群益台灣精選高息,15,1,14,凱基-敦北,2024-09-16,9237
00918,大華優利高填息30,12,0,12,凱基-敦北,2024-09-16,9237
00687B,國泰20年美債,18,6,12,凱基-敦北,2024-09-16,9237
2481,強茂,19,7,12,凱基-敦北,2024-09-16,9237
4968,立積,12,0,12,凱基-敦北,2024-09-16,9237
6530,創威,16,4,12,凱基-敦北,2024-09-16,9237
6829,千附精密,15,3,12,凱基-敦北,2024-09-16,9237
00937B,群益ESG投等債20,11,0,11,凱基-敦北,2024-09-16,9237
00680L,元大美債20正2,11,0,11,凱基-敦北,2024-09-16,9237
2883,凱基金,11,0,11,凱基-敦北,2024-09-16,9237
00688L,國泰20年美債正2,10,0,10,凱基-敦北,2024-09-16,9237
2476,鉅祥,10,0,10,凱基-敦北,2024-09-16,9237
6863,永道-KY,9,1,8,凱基-敦北,2024-09-16,9237
8039,台虹,7,0,7,凱基-敦北,2024-09-16,9237
00857B,永豐20年美公債,6,0,6,凱基-敦北,2024-09-16,9237
3581,博磊,6,0,6,凱基-敦北,2024-09-16,9237
6683,雍智科技,6,0,6,凱基-敦北,2024-09-16,9237
1101,台泥,5,0,5,凱基-敦北,2024-09-16,9237
3362,先進光,5,0,5,凱基-敦北,2024-09-16,9237
00953B,群益優選非投等債,5,0,5,凱基-敦北,2024-09-16,9237
00764B,群益25年美債,5,0,5,凱基-敦北,2024-09-16,9237
00648R,元大S＆P500反1,5,0,5,凱基-敦北,2024-09-16,9237
2382,廣達,6,1,5,凱基-敦北,2024-09-16,9237
2425,承啟,5,0,5,凱基-敦北,2024-09-16,9237
3615,安可,5,0,5,凱基-敦北,2024-09-16,9237
00631L,元大台灣50正2,5,1,4,凱基-敦北,2024-09-16,9237
00713,元大台灣高息低波,4,0,4,凱基-敦北,2024-09-16,9237
2438,翔耀,4,0,4,凱基-敦北,2024-09-16,9237
3048,益登,4,0,4,凱基-敦北,2024-09-16,9237
3714,富采,4,0,4,凱基-敦北,2024-09-16,9237
5475,德宏,4,0,4,凱基-敦北,2024-09-16,9237
8261,富鼎,4,0,4,凱基-敦北,2024-09-16,9237
2379,瑞昱,4,1,3,凱基-敦北,2024-09-16,9237
00946,群益科技高息成長,3,0,3,凱基-敦北,2024-09-16,9237
00795B,中信美國公債20年,3,0,3,凱基-敦北,2024-09-16,9237
00772B,中信高評級公司債,4,1,3,凱基-敦北,2024-09-16,9237
3040,遠見,3,0,3,凱基-敦北,2024-09-16,9237
3665,貿聯-KY,5,2,3,凱基-敦北,2024-09-16,9237
4908,前鼎,3,0,3,凱基-敦北,2024-09-16,9237
2892,第一金,600,9,591,凱基-敦北,2024-09-18,9237
2891,中信金,232,22,210,凱基-敦北,2024-09-18,9237
6104,創惟,108,24,84,凱基-敦北,2024-09-18,9237
00878,國泰永續高股息,45,0,45,凱基-敦北,2024-09-18,9237
3049,精金,43,0,43,凱基-敦北,2024-09-18,9237
00937B,群益ESG投等債20,40,0,40,凱基-敦北,2024-09-18,9237
1727,中華化,46,8,38,凱基-敦北,2024-09-18,9237
00929,復華台灣科技優息,37,0,37,凱基-敦北,2024-09-18,9237
00918,大華優利高填息30,35,0,35,凱基-敦北,2024-09-18,9237
3380,明泰,34,0,34,凱基-敦北,2024-09-18,9237
00650L,復華香港正2,30,0,30,凱基-敦北,2024-09-18,9237
6282,康舒,30,0,30,凱基-敦北,2024-09-18,9237
00687B,國泰20年美債,29,0,29,凱基-敦北,2024-09-18,9237
8937,合騏,28,2,26,凱基-敦北,2024-09-18,9237
1904,正隆,25,0,25,凱基-敦北,2024-09-18,9237
00958B,永豐ESG銀行債15,20,0,20,凱基-敦北,2024-09-18,9237
1217,愛之味,30,10,20,凱基-敦北,2024-09-18,9237
2331,精英,20,0,20,凱基-敦北,2024-09-18,9237
4716,大立,21,1,20,凱基-敦北,2024-09-18,9237
4903,聯光通,21,1,20,凱基-敦北,2024-09-18,9237
3013,晟銘電,23,5,18,凱基-敦北,2024-09-18,9237
00919,群益台灣精選高息,18,0,18,凱基-敦北,2024-09-18,9237
6187,萬潤,17,0,17,凱基-敦北,2024-09-18,9237
00935,野村臺灣新科技50,15,0,15,凱基-敦北,2024-09-18,9237
3550,聯穎,241,228,13,凱基-敦北,2024-09-18,9237
2881,富邦金,11,0,11,凱基-敦北,2024-09-18,9237
2617,台航,13,2,11,凱基-敦北,2024-09-18,9237
2368,金像電,10,0,10,凱基-敦北,2024-09-18,9237
00673R,期元大S＆P原油反1,10,0,10,凱基-敦北,2024-09-18,9237
8183,精星,10,0,10,凱基-敦北,2024-09-18,9237
00934,中信成長高股息,9,0,9,凱基-敦北,2024-09-18,9237
6609,瀧澤科,27,18,9,凱基-敦北,2024-09-18,9237
2371,大同,11,3,8,凱基-敦北,2024-09-18,9237
4979,華星光,32,24,8,凱基-敦北,2024-09-18,9237
00648R,元大S＆P500反1,8,0,8,凱基-敦北,2024-09-18,9237
00632R,元大台灣50反1,8,0,8,凱基-敦北,2024-09-18,9237
3141,晶宏,8,0,8,凱基-敦北,2024-09-18,9237
5314,世紀,8,0,8,凱基-敦北,2024-09-18,9237
6806,森崴能源,10,2,8,凱基-敦北,2024-09-18,9237
2317,鴻海,11,3,8,凱基-敦北,2024-09-18,9237
2497,怡利電,20,12,8,凱基-敦北,2024-09-18,9237
3666,光耀,7,0,7,凱基-敦北,2024-09-18,9237
4566,時碩工業,7,0,7,凱基-敦北,2024-09-18,9237
2313,華通,6,0,6,凱基-敦北,2024-09-18,9237
0056,元大高股息,6,0,6,凱基-敦北,2024-09-18,9237
00881,國泰台灣5G+,6,0,6,凱基-敦北,2024-09-18,9237
3374,精材,12,6,6,凱基-敦北,2024-09-18,9237
6215,和椿,6,0,6,凱基-敦北,2024-09-18,9237
6664,群翊,6,0,6,凱基-敦北,2024-09-18,9237
6756,威鋒電子,6,0,6,凱基-敦北,2024-09-18,9237
2892,第一金,641,0,641,凱基-敦北,2024-09-19,9237
6133,金橋,74,0,74,凱基-敦北,2024-09-19,9237
3290,東浦,68,1,67,凱基-敦北,2024-09-19,9237
00937B,群益ESG投等債20,57,1,56,凱基-敦北,2024-09-19,9237
2303,聯電,48,0,48,凱基-敦北,2024-09-19,9237
4401,東隆興,40,0,40,凱基-敦北,2024-09-19,9237
2062,橋椿,39,5,34,凱基-敦北,2024-09-19,9237
2444,兆勁,32,0,32,凱基-敦北,2024-09-19,9237
3062,建漢,43,11,32,凱基-敦北,2024-09-19,9237
00650L,復華香港正2,30,0,30,凱基-敦北,2024-09-19,9237
00929,復華台灣科技優息,29,0,29,凱基-敦北,2024-09-19,9237
00680L,元大美債20正2,30,1,29,凱基-敦北,2024-09-19,9237
6830,汎銓,93,69,24,凱基-敦北,2024-09-19,9237
00919,群益台灣精選高息,22,0,22,凱基-敦北,2024-09-19,9237
00687B,國泰20年美債,49,29,20,凱基-敦北,2024-09-19,9237
3363,上詮,21,1,20,凱基-敦北,2024-09-19,9237
1711,永光,22,3,19,凱基-敦北,2024-09-19,9237
00720B,元大投資級公司債,27,8,19,凱基-敦北,2024-09-19,9237
00948B,中信優息投資級債,18,0,18,凱基-敦北,2024-09-19,9237
3666,光耀,13,0,13,凱基-敦北,2024-09-19,9237
00688L,國泰20年美債正2,12,0,12,凱基-敦北,2024-09-19,9237
6546,正基,13,1,12,凱基-敦北,2024-09-19,9237
6869,雲豹能源,16,5,11,凱基-敦北,2024-09-19,9237
00950B,凱基A級公司債,10,0,10,凱基-敦北,2024-09-19,9237
1307,三芳,10,0,10,凱基-敦北,2024-09-19,9237
4714,永捷,10,0,10,凱基-敦北,2024-09-19,9237
6290,良維,10,0,10,凱基-敦北,2024-09-19,9237
00679B,元大美債20年,24,15,9,凱基-敦北,2024-09-19,9237
00641R,富邦日本反1,9,0,9,凱基-敦北,2024-09-19,9237
2399,映泰,18,9,9,凱基-敦北,2024-09-19,9237
4142,國光生,9,0,9,凱基-敦北,2024-09-19,9237
00648R,元大S＆P500反1,20,12,8,凱基-敦北,2024-09-19,9237
00918,大華優利高填息30,7,0,7,凱基-敦北,2024-09-19,9237
1776,展宇,7,0,7,凱基-敦北,2024-09-19,9237
8464,億豐,7,0,7,凱基-敦北,2024-09-19,9237
2834,臺企銀,6,0,6,凱基-敦北,2024-09-19,9237
4513,福裕,30,24,6,凱基-敦北,2024-09-19,9237
6451,訊芯-KY,6,0,6,凱基-敦北,2024-09-19,9237
00915,凱基優選高股息30,5,0,5,凱基-敦北,2024-09-19,9237
2606,裕民,5,0,5,凱基-敦北,2024-09-19,9237
3303,岱稜,5,0,5,凱基-敦北,2024-09-19,9237
8039,台虹,9,4,5,凱基-敦北,2024-09-19,9237
8042,金山電,5,0,5,凱基-敦北,2024-09-19,9237
1217,愛之味,14,10,4,凱基-敦北,2024-09-19,9237
2371,大同,11,7,4,凱基-敦北,2024-09-19,9237
2388,威盛,10,6,4,凱基-敦北,2024-09-19,9237
2617,台航,4,0,4,凱基-敦北,2024-09-19,9237
4908,前鼎,4,0,4,凱基-敦北,2024-09-19,9237
4968,立積,4,0,4,凱基-敦北,2024-09-19,9237
4977,眾達-KY,14,10,4,凱基-敦北,2024-09-19,9237
3481,群創,201,11,190,凱基-敦北,2024-09-20,9237
3290,東浦,67,0,67,凱基-敦北,2024-09-20,9237
00937B,群益ESG投等債20,55,0,55,凱基-敦北,2024-09-20,9237
00632R,元大台灣50反1,80,38,42,凱基-敦北,2024-09-20,9237
4979,華星光,44,5,39,凱基-敦北,2024-09-20,9237
9945,潤泰新,36,0,36,凱基-敦北,2024-09-20,9237
1904,正隆,34,0,34,凱基-敦北,2024-09-20,9237
00772B,中信高評級公司債,32,1,31,凱基-敦北,2024-09-20,9237
2399,映泰,84,56,28,凱基-敦北,2024-09-20,9237
00934,中信成長高股息,22,0,22,凱基-敦北,2024-09-20,9237
2408,南亞科,22,0,22,凱基-敦北,2024-09-20,9237
00946,群益科技高息成長,20,0,20,凱基-敦北,2024-09-20,9237
00648R,元大S＆P500反1,20,0,20,凱基-敦北,2024-09-20,9237
6194,育富,21,1,20,凱基-敦北,2024-09-20,9237
00665L,富邦�琤肭磪囓�2,30,12,18,凱基-敦北,2024-09-20,9237
00720B,元大投資級公司債,17,0,17,凱基-敦北,2024-09-20,9237
3049,精金,20,3,17,凱基-敦北,2024-09-20,9237
4908,前鼎,17,0,17,凱基-敦北,2024-09-20,9237
2002,中鋼,16,0,16,凱基-敦北,2024-09-20,9237
2444,兆勁,15,0,15,凱基-敦北,2024-09-20,9237
3498,陽程,15,0,15,凱基-敦北,2024-09-20,9237
6133,金橋,15,0,15,凱基-敦北,2024-09-20,9237
8096,擎亞,15,0,15,凱基-敦北,2024-09-20,9237
2883,凱基金,16,1,15,凱基-敦北,2024-09-20,9237
00919,群益台灣精選高息,15,0,15,凱基-敦北,2024-09-20,9237
2345,智邦,14,0,14,凱基-敦北,2024-09-20,9237
00637L,元大滬深300正2,12,0,12,凱基-敦北,2024-09-20,9237
00918,大華優利高填息30,26,15,11,凱基-敦北,2024-09-20,9237
2888,新光金,24,13,11,凱基-敦北,2024-09-20,9237
3189,景碩,13,2,11,凱基-敦北,2024-09-20,9237
3511,矽瑪,12,1,11,凱基-敦北,2024-09-20,9237
4716,大立,11,0,11,凱基-敦北,2024-09-20,9237
2464,盟立,32,22,10,凱基-敦北,2024-09-20,9237
4906,正文,10,0,10,凱基-敦北,2024-09-20,9237
5608,四維航,10,0,10,凱基-敦北,2024-09-20,9237
6290,良維,10,0,10,凱基-敦北,2024-09-20,9237
00915,凱基優選高股息30,9,0,9,凱基-敦北,2024-09-20,9237
1785,光洋科,11,2,9,凱基-敦北,2024-09-20,9237
1727,中華化,10,1,9,凱基-敦北,2024-09-20,9237
00960,野村全球航運龍頭,8,0,8,凱基-敦北,2024-09-20,9237
3354,律勝,8,0,8,凱基-敦北,2024-09-20,9237
3645,達邁,8,0,8,凱基-敦北,2024-09-20,9237
8064,東捷,53,45,8,凱基-敦北,2024-09-20,9237
00933B,國泰10Y+金融債,10,3,7,凱基-敦北,2024-09-20,9237
2101,南港,7,0,7,凱基-敦北,2024-09-20,9237
2347,聯強,8,1,7,凱基-敦北,2024-09-20,9237
2609,陽明,8,2,6,凱基-敦北,2024-09-20,9237
1316,上曜,6,0,6,凱基-敦北,2024-09-20,9237
1409,新纖,6,0,6,凱基-敦北,2024-09-20,9237
3149,正達,10,4,6,凱基-敦北,2024-09-20,9237
2888,新光金,234,37,197,凱基-敦北,2024-09-23,9237
00937B,群益ESG投等債20,74,0,74,凱基-敦北,2024-09-23,9237
00687B,國泰20年美債,68,3,65,凱基-敦北,2024-09-23,9237
6288,聯嘉,60,0,60,凱基-敦北,2024-09-23,9237
2597,潤弘,55,0,55,凱基-敦北,2024-09-23,9237
1904,正隆,48,0,48,凱基-敦北,2024-09-23,9237
00679B,元大美債20年,44,2,42,凱基-敦北,2024-09-23,9237
3689,湧德,41,0,41,凱基-敦北,2024-09-23,9237
00680L,元大美債20正2,100,62,38,凱基-敦北,2024-09-23,9237
00919,群益台灣精選高息,38,2,36,凱基-敦北,2024-09-23,9237
2449,京元電子,33,0,33,凱基-敦北,2024-09-23,9237
1711,永光,39,7,32,凱基-敦北,2024-09-23,9237
00650L,復華香港正2,30,0,30,凱基-敦北,2024-09-23,9237
1321,大洋,30,0,30,凱基-敦北,2024-09-23,9237
0056,元大高股息,22,0,22,凱基-敦北,2024-09-23,9237
00931B,統一美債20年,20,0,20,凱基-敦北,2024-09-23,9237
00772B,中信高評級公司債,20,0,20,凱基-敦北,2024-09-23,9237
00637L,元大滬深300正2,20,1,19,凱基-敦北,2024-09-23,9237
3645,達邁,27,8,19,凱基-敦北,2024-09-23,9237
00648R,元大S＆P500反1,15,0,15,凱基-敦北,2024-09-23,9237
3617,碩天,15,0,15,凱基-敦北,2024-09-23,9237
3011,今皓,15,0,15,凱基-敦北,2024-09-23,9237
2543,皇昌,15,1,14,凱基-敦北,2024-09-23,9237
2425,承啟,20,6,14,凱基-敦北,2024-09-23,9237
6411,晶焱,12,0,12,凱基-敦北,2024-09-23,9237
1314,中石化,11,0,11,凱基-敦北,2024-09-23,9237
1217,愛之味,20,10,10,凱基-敦北,2024-09-23,9237
1503,士電,10,0,10,凱基-敦北,2024-09-23,9237
1806,冠軍,10,0,10,凱基-敦北,2024-09-23,9237
2002,中鋼,15,5,10,凱基-敦北,2024-09-23,9237
5009,榮剛,10,0,10,凱基-敦北,2024-09-23,9237
6290,良維,10,0,10,凱基-敦北,2024-09-23,9237
2495,普安,8,0,8,凱基-敦北,2024-09-23,9237
6706,惠特,8,0,8,凱基-敦北,2024-09-23,9237
8064,東捷,9,1,8,凱基-敦北,2024-09-23,9237
8213,志超,8,0,8,凱基-敦北,2024-09-23,9237
3450,聯鈞,18,11,7,凱基-敦北,2024-09-23,9237
00641R,富邦日本反1,10,4,6,凱基-敦北,2024-09-23,9237
4549,桓達,6,0,6,凱基-敦北,2024-09-23,9237
4908,前鼎,6,0,6,凱基-敦北,2024-09-23,9237
5213,亞昕,6,0,6,凱基-敦北,2024-09-23,9237
00960,野村全球航運龍頭,5,0,5,凱基-敦北,2024-09-23,9237
00957B,兆豐US優選投等債,5,0,5,凱基-敦北,2024-09-23,9237
00751B,元大AAA至A公司債,5,0,5,凱基-敦北,2024-09-23,9237
2228,劍麟,12,7,5,凱基-敦北,2024-09-23,9237
2345,智邦,6,1,5,凱基-敦北,2024-09-23,9237
2382,廣達,5,0,5,凱基-敦北,2024-09-23,9237
3048,益登,5,0,5,凱基-敦北,2024-09-23,9237
3511,矽瑪,5,0,5,凱基-敦北,2024-09-23,9237
8415,大國鋼,5,0,5,凱基-敦北,2024-09-23,9237
00937B,群益ESG投等債20,132,0,132,凱基-敦北,2024-09-24,9237
1909,榮成,110,0,110,凱基-敦北,2024-09-24,9237
00680L,元大美債20正2,108,0,108,凱基-敦北,2024-09-24,9237
00632R,元大台灣50反1,100,0,100,凱基-敦北,2024-09-24,9237
2633,台灣高鐵,60,0,60,凱基-敦北,2024-09-24,9237
3167,大量,105,56,49,凱基-敦北,2024-09-24,9237
2313,華通,41,2,39,凱基-敦北,2024-09-24,9237
6197,佳必琪,35,1,34,凱基-敦北,2024-09-24,9237
1569,濱川,32,0,32,凱基-敦北,2024-09-24,9237
4303,信立,28,0,28,凱基-敦北,2024-09-24,9237
3689,湧德,41,17,24,凱基-敦北,2024-09-24,9237
2455,全新,23,1,22,凱基-敦北,2024-09-24,9237
2886,兆豐金,17,0,17,凱基-敦北,2024-09-24,9237
3537,堡達,17,0,17,凱基-敦北,2024-09-24,9237
2228,劍麟,21,5,16,凱基-敦北,2024-09-24,9237
5210,寶碩,15,0,15,凱基-敦北,2024-09-24,9237
00960,野村全球航運龍頭,12,0,12,凱基-敦北,2024-09-24,9237
2597,潤弘,11,0,11,凱基-敦北,2024-09-24,9237
00881,國泰台灣5G+,12,1,11,凱基-敦北,2024-09-24,9237
2405,輔信,10,0,10,凱基-敦北,2024-09-24,9237
3576,聯合再生,10,0,10,凱基-敦北,2024-09-24,9237
3705,永信,10,0,10,凱基-敦北,2024-09-24,9237
4906,正文,10,0,10,凱基-敦北,2024-09-24,9237
9938,百和,10,0,10,凱基-敦北,2024-09-24,9237
1721,三晃,9,0,9,凱基-敦北,2024-09-24,9237
3622,洋華,9,0,9,凱基-敦北,2024-09-24,9237
6715,嘉基,10,1,9,凱基-敦北,2024-09-24,9237
3013,晟銘電,15,6,9,凱基-敦北,2024-09-24,9237
2882,國泰金,12,3,9,凱基-敦北,2024-09-24,9237
2444,兆勁,8,0,8,凱基-敦北,2024-09-24,9237
8042,金山電,8,0,8,凱基-敦北,2024-09-24,9237
00929,復華台灣科技優息,8,1,7,凱基-敦北,2024-09-24,9237
2388,威盛,7,0,7,凱基-敦北,2024-09-24,9237
1584,精剛,8,2,6,凱基-敦北,2024-09-24,9237
6188,廣明,14,8,6,凱基-敦北,2024-09-24,9237
6768,志強-KY,9,3,6,凱基-敦北,2024-09-24,9237
2376,技嘉,5,0,5,凱基-敦北,2024-09-24,9237
3715,定穎投控,40,35,5,凱基-敦北,2024-09-24,9237
00931B,統一美債20年,12,7,5,凱基-敦北,2024-09-24,9237
2243,宏旭-KY,5,0,5,凱基-敦北,2024-09-24,9237
2436,偉詮電,27,22,5,凱基-敦北,2024-09-24,9237
2887,台新金,9,4,5,凱基-敦北,2024-09-24,9237
6005,群益證,5,0,5,凱基-敦北,2024-09-24,9237
6117,迎廣,5,0,5,凱基-敦北,2024-09-24,9237
6138,茂達,5,0,5,凱基-敦北,2024-09-24,9237
6698,旭暉應材,5,0,5,凱基-敦北,2024-09-24,9237
00952,凱基台灣AI50,4,0,4,凱基-敦北,2024-09-24,9237
2408,南亞科,4,0,4,凱基-敦北,2024-09-24,9237
3265,台星科,4,0,4,凱基-敦北,2024-09-24,9237
4549,桓達,12,8,4,凱基-敦北,2024-09-24,9237
00665L,富邦�琤肭磪囓�2,145,67,78,凱基-敦北,2024-09-25,9237
2601,益航,60,0,60,凱基-敦北,2024-09-25,9237
00720B,元大投資級公司債,56,1,55,凱基-敦北,2024-09-25,9237
2228,劍麟,52,0,52,凱基-敦北,2024-09-25,9237
00931B,統一美債20年,51,0,51,凱基-敦北,2024-09-25,9237
00937B,群益ESG投等債20,45,1,44,凱基-敦北,2024-09-25,9237
00679B,元大美債20年,23,0,23,凱基-敦北,2024-09-25,9237
00960,野村全球航運龍頭,23,1,22,凱基-敦北,2024-09-25,9237
3081,聯亞,62,41,21,凱基-敦北,2024-09-25,9237
1810,和成,20,0,20,凱基-敦北,2024-09-25,9237
2615,萬海,93,73,20,凱基-敦北,2024-09-25,9237
2855,統一證,20,0,20,凱基-敦北,2024-09-25,9237
8299,群聯,20,0,20,凱基-敦北,2024-09-25,9237
0056,元大高股息,21,2,19,凱基-敦北,2024-09-25,9237
5425,台半,16,0,16,凱基-敦北,2024-09-25,9237
00648R,元大S＆P500反1,15,0,15,凱基-敦北,2024-09-25,9237
2029,盛餘,15,0,15,凱基-敦北,2024-09-25,9237
2436,偉詮電,76,61,15,凱基-敦北,2024-09-25,9237
3715,定穎投控,63,48,15,凱基-敦北,2024-09-25,9237
2388,威盛,14,0,14,凱基-敦北,2024-09-25,9237
2888,新光金,30,16,14,凱基-敦北,2024-09-25,9237
3548,兆利,13,1,12,凱基-敦北,2024-09-25,9237
6706,惠特,12,0,12,凱基-敦北,2024-09-25,9237
00631L,元大台灣50正2,12,1,11,凱基-敦北,2024-09-25,9237
00950B,凱基A級公司債,10,0,10,凱基-敦北,2024-09-25,9237
00650L,復華香港正2,15,5,10,凱基-敦北,2024-09-25,9237
1909,榮成,10,0,10,凱基-敦北,2024-09-25,9237
2597,潤弘,10,0,10,凱基-敦北,2024-09-25,9237
3060,銘異,10,0,10,凱基-敦北,2024-09-25,9237
4903,聯光通,10,0,10,凱基-敦北,2024-09-25,9237
4906,正文,10,0,10,凱基-敦北,2024-09-25,9237
4772,台特化,21,11,10,凱基-敦北,2024-09-25,9237
1569,濱川,8,0,8,凱基-敦北,2024-09-25,9237
3040,遠見,8,0,8,凱基-敦北,2024-09-25,9237
5871,中租-KY,10,2,8,凱基-敦北,2024-09-25,9237
6021,美好證,8,0,8,凱基-敦北,2024-09-25,9237
6156,松上,7,0,7,凱基-敦北,2024-09-25,9237
2399,映泰,7,1,6,凱基-敦北,2024-09-25,9237
2481,強茂,17,11,6,凱基-敦北,2024-09-25,9237
3231,緯創,12,6,6,凱基-敦北,2024-09-25,9237
5907,大洋-KY,6,0,6,凱基-敦北,2024-09-25,9237
2884,玉山金,6,0,6,凱基-敦北,2024-09-25,9237
6151,晉倫,7,1,6,凱基-敦北,2024-09-25,9237
1301,台塑,13,8,5,凱基-敦北,2024-09-25,9237
00751B,元大AAA至A公司債,5,0,5,凱基-敦北,2024-09-25,9237
1584,精剛,5,0,5,凱基-敦北,2024-09-25,9237
2402,毅嘉,13,8,5,凱基-敦北,2024-09-25,9237
2444,兆勁,5,0,5,凱基-敦北,2024-09-25,9237
2881,富邦金,6,1,5,凱基-敦北,2024-09-25,9237
3537,堡達,5,0,5,凱基-敦北,2024-09-25,9237
3481,群創,602,55,547,凱基-敦北,2024-09-26,9237
00680L,元大美債20正2,115,0,115,凱基-敦北,2024-09-26,9237
00632R,元大台灣50反1,100,5,95,凱基-敦北,2024-09-26,9237
00937B,群益ESG投等債20,91,0,91,凱基-敦北,2024-09-26,9237
3189,景碩,60,8,52,凱基-敦北,2024-09-26,9237
00679B,元大美債20年,48,0,48,凱基-敦北,2024-09-26,9237
2597,潤弘,48,0,48,凱基-敦北,2024-09-26,9237
2313,華通,43,2,41,凱基-敦北,2024-09-26,9237
2415,錩新,40,0,40,凱基-敦北,2024-09-26,9237
00650L,復華香港正2,50,11,39,凱基-敦北,2024-09-26,9237
00960,野村全球航運龍頭,47,20,27,凱基-敦北,2024-09-26,9237
00931B,統一美債20年,20,0,20,凱基-敦北,2024-09-26,9237
00648R,元大S＆P500反1,20,0,20,凱基-敦北,2024-09-26,9237
2633,台灣高鐵,20,0,20,凱基-敦北,2024-09-26,9237
8070,長華*,20,0,20,凱基-敦北,2024-09-26,9237
00948B,中信優息投資級債,19,0,19,凱基-敦北,2024-09-26,9237
2367,燿華,19,2,17,凱基-敦北,2024-09-26,9237
00687B,國泰20年美債,36,21,15,凱基-敦北,2024-09-26,9237
1584,精剛,14,0,14,凱基-敦北,2024-09-26,9237
2371,大同,16,4,12,凱基-敦北,2024-09-26,9237
4931,新盛力,12,0,12,凱基-敦北,2024-09-26,9237
00751B,元大AAA至A公司債,11,0,11,凱基-敦北,2024-09-26,9237
6021,美好證,11,0,11,凱基-敦北,2024-09-26,9237
00753L,中信中國50正2,15,5,10,凱基-敦北,2024-09-26,9237
00696B,富邦美債20年,10,0,10,凱基-敦北,2024-09-26,9237
2345,智邦,10,0,10,凱基-敦北,2024-09-26,9237
2439,美律,11,1,10,凱基-敦北,2024-09-26,9237
2601,益航,10,0,10,凱基-敦北,2024-09-26,9237
4772,台特化,14,4,10,凱基-敦北,2024-09-26,9237
6271,同欣電,10,0,10,凱基-敦北,2024-09-26,9237
8996,高力,10,0,10,凱基-敦北,2024-09-26,9237
2362,藍天,10,0,10,凱基-敦北,2024-09-26,9237
0056,元大高股息,11,2,9,凱基-敦北,2024-09-26,9237
3035,智原,9,0,9,凱基-敦北,2024-09-26,9237
3450,聯鈞,12,3,9,凱基-敦北,2024-09-26,9237
6248,沛波,9,0,9,凱基-敦北,2024-09-26,9237
4906,正文,10,1,9,凱基-敦北,2024-09-26,9237
3019,亞光,9,1,8,凱基-敦北,2024-09-26,9237
8111,立��,19,11,8,凱基-敦北,2024-09-26,9237
4952,凌通,8,0,8,凱基-敦北,2024-09-26,9237
3673,TPK-KY,13,6,7,凱基-敦北,2024-09-26,9237
00946,群益科技高息成長,6,0,6,凱基-敦北,2024-09-26,9237
2365,昆盈,6,0,6,凱基-敦北,2024-09-26,9237
3014,聯陽,6,0,6,凱基-敦北,2024-09-26,9237
3360,尚立,6,0,6,凱基-敦北,2024-09-26,9237
4526,東台,6,0,6,凱基-敦北,2024-09-26,9237
5364,力麗店,6,0,6,凱基-敦北,2024-09-26,9237
8042,金山電,6,0,6,凱基-敦北,2024-09-26,9237
00642U,期元大S＆P石油,5,0,5,凱基-敦北,2024-09-26,9237
2444,兆勁,5,0,5,凱基-敦北,2024-09-26,9237
00687B,國泰20年美債,554,0,554,凱基-敦北,2024-09-27,9237
2601,益航,99,10,89,凱基-敦北,2024-09-27,9237
3058,立德,83,0,83,凱基-敦北,2024-09-27,9237
00632R,元大台灣50反1,56,0,56,凱基-敦北,2024-09-27,9237
00679B,元大美債20年,50,0,50,凱基-敦北,2024-09-27,9237
2002,中鋼,60,18,42,凱基-敦北,2024-09-27,9237
00753L,中信中國50正2,79,38,41,凱基-敦北,2024-09-27,9237
2464,盟立,42,2,40,凱基-敦北,2024-09-27,9237
2886,兆豐金,33,1,32,凱基-敦北,2024-09-27,9237
1310,台苯,31,0,31,凱基-敦北,2024-09-27,9237
006206,元大上證50,30,0,30,凱基-敦北,2024-09-27,9237
4952,凌通,30,0,30,凱基-敦北,2024-09-27,9237
3715,定穎投控,74,48,26,凱基-敦北,2024-09-27,9237
00772B,中信高評級公司債,21,0,21,凱基-敦北,2024-09-27,9237
6823,濾能,20,0,20,凱基-敦北,2024-09-27,9237
8111,立��,20,0,20,凱基-敦北,2024-09-27,9237
3167,大量,18,0,18,凱基-敦北,2024-09-27,9237
00878,國泰永續高股息,18,2,16,凱基-敦北,2024-09-27,9237
00650L,復華香港正2,20,5,15,凱基-敦北,2024-09-27,9237
2543,皇昌,15,0,15,凱基-敦北,2024-09-27,9237
3530,晶相光,15,0,15,凱基-敦北,2024-09-27,9237
6530,創威,15,0,15,凱基-敦北,2024-09-27,9237
8039,台虹,15,0,15,凱基-敦北,2024-09-27,9237
6188,廣明,22,8,14,凱基-敦北,2024-09-27,9237
00633L,富邦上証正2,13,0,13,凱基-敦北,2024-09-27,9237
6215,和椿,13,0,13,凱基-敦北,2024-09-27,9237
2609,陽明,50,37,13,凱基-敦北,2024-09-27,9237
00960,野村全球航運龍頭,13,1,12,凱基-敦北,2024-09-27,9237
00675L,富邦臺灣加權正2,11,0,11,凱基-敦北,2024-09-27,9237
5608,四維航,11,0,11,凱基-敦北,2024-09-27,9237
8042,金山電,11,0,11,凱基-敦北,2024-09-27,9237
8996,高力,11,0,11,凱基-敦北,2024-09-27,9237
00696B,富邦美債20年,10,0,10,凱基-敦北,2024-09-27,9237
00639,富邦深100,10,0,10,凱基-敦北,2024-09-27,9237
00648R,元大S＆P500反1,10,0,10,凱基-敦北,2024-09-27,9237
2345,智邦,11,1,10,凱基-敦北,2024-09-27,9237
2633,台灣高鐵,10,0,10,凱基-敦北,2024-09-27,9237
2892,第一金,10,0,10,凱基-敦北,2024-09-27,9237
3511,矽瑪,12,2,10,凱基-敦北,2024-09-27,9237
3617,碩天,10,0,10,凱基-敦北,2024-09-27,9237
6138,茂達,10,0,10,凱基-敦北,2024-09-27,9237
2388,威盛,10,0,10,凱基-敦北,2024-09-27,9237
5364,力麗店,9,0,9,凱基-敦北,2024-09-27,9237
2362,藍天,11,2,9,凱基-敦北,2024-09-27,9237
2353,宏��,8,0,8,凱基-敦北,2024-09-27,9237
5871,中租-KY,16,9,7,凱基-敦北,2024-09-27,9237
00647L,元大S＆P500正2,7,0,7,凱基-敦北,2024-09-27,9237
1304,台聚,10,3,7,凱基-敦北,2024-09-27,9237
2612,中航,7,0,7,凱基-敦北,2024-09-27,9237
1301,台塑,10,4,6,凱基-敦北,2024-09-27,9237
00632R,元大台灣50反1,310,117,193,凱基-敦北,2024-09-30,9237
00637L,元大滬深300正2,118,55,63,凱基-敦北,2024-09-30,9237
00937B,群益ESG投等債20,54,0,54,凱基-敦北,2024-09-30,9237
2888,新光金,55,6,49,凱基-敦北,2024-09-30,9237
2330,台積電,47,2,45,凱基-敦北,2024-09-30,9237
8086,宏捷科,44,0,44,凱基-敦北,2024-09-30,9237
6830,汎銓,42,3,39,凱基-敦北,2024-09-30,9237
00929,復華台灣科技優息,40,1,39,凱基-敦北,2024-09-30,9237
00679B,元大美債20年,44,6,38,凱基-敦北,2024-09-30,9237
2014,中鴻,48,10,38,凱基-敦北,2024-09-30,9237
00687B,國泰20年美債,32,0,32,凱基-敦北,2024-09-30,9237
6104,創惟,74,42,32,凱基-敦北,2024-09-30,9237
2609,陽明,34,3,31,凱基-敦北,2024-09-30,9237
1711,永光,127,97,30,凱基-敦北,2024-09-30,9237
2605,新興,27,0,27,凱基-敦北,2024-09-30,9237
3189,景碩,30,3,27,凱基-敦北,2024-09-30,9237
00931B,統一美債20年,23,0,23,凱基-敦北,2024-09-30,9237
00933B,國泰10Y+金融債,22,0,22,凱基-敦北,2024-09-30,9237
00720B,元大投資級公司債,22,1,21,凱基-敦北,2024-09-30,9237
1513,中興電,21,0,21,凱基-敦北,2024-09-30,9237
00891,中信關鍵半導體,20,0,20,凱基-敦北,2024-09-30,9237
1416,廣豐,20,0,20,凱基-敦北,2024-09-30,9237
2486,一詮,21,1,20,凱基-敦北,2024-09-30,9237
2317,鴻海,23,4,19,凱基-敦北,2024-09-30,9237
2615,萬海,26,9,17,凱基-敦北,2024-09-30,9237
00881,國泰台灣5G+,16,0,16,凱基-敦北,2024-09-30,9237
00945B,凱基美國非投等債,15,0,15,凱基-敦北,2024-09-30,9237
6806,森崴能源,13,0,13,凱基-敦北,2024-09-30,9237
2371,大同,12,0,12,凱基-敦北,2024-09-30,9237
2637,慧洋-KY,12,0,12,凱基-敦北,2024-09-30,9237
00919,群益台灣精選高息,21,10,11,凱基-敦北,2024-09-30,9237
2368,金像電,11,0,11,凱基-敦北,2024-09-30,9237
0050,元大台灣50,18,8,10,凱基-敦北,2024-09-30,9237
2903,遠百,10,0,10,凱基-敦北,2024-09-30,9237
00675L,富邦臺灣加權正2,10,1,9,凱基-敦北,2024-09-30,9237
2498,宏達電,11,2,9,凱基-敦北,2024-09-30,9237
4563,百德,9,0,9,凱基-敦北,2024-09-30,9237
2312,金寶,8,0,8,凱基-敦北,2024-09-30,9237
3257,虹冠電,10,2,8,凱基-敦北,2024-09-30,9237
0061,元大寶滬深,7,0,7,凱基-敦北,2024-09-30,9237
00948B,中信優息投資級債,7,0,7,凱基-敦北,2024-09-30,9237
1477,聚陽,7,0,7,凱基-敦北,2024-09-30,9237
3014,聯陽,7,0,7,凱基-敦北,2024-09-30,9237
6706,惠特,7,0,7,凱基-敦北,2024-09-30,9237
8039,台虹,7,0,7,凱基-敦北,2024-09-30,9237
2603,長榮,13,7,6,凱基-敦北,2024-09-30,9237
00752,中信中國50,6,0,6,凱基-敦北,2024-09-30,9237
3715,定穎投控,22,16,6,凱基-敦北,2024-09-30,9237
6151,晉倫,7,1,6,凱基-敦北,2024-09-30,9237
2356,英業達,5,0,5,凱基-敦北,2024-09-30,9237
00632R,元大台灣50反1,280,1,279,凱基-敦北,2024-10-01,9237
00919,群益台灣精選高息,99,0,99,凱基-敦北,2024-10-01,9237
2615,萬海,91,21,70,凱基-敦北,2024-10-01,9237
00680L,元大美債20正2,62,0,62,凱基-敦北,2024-10-01,9237
00637L,元大滬深300正2,60,14,46,凱基-敦北,2024-10-01,9237
8086,宏捷科,36,0,36,凱基-敦北,2024-10-01,9237
0056,元大高股息,34,2,32,凱基-敦北,2024-10-01,9237
4903,聯光通,49,19,30,凱基-敦北,2024-10-01,9237
00929,復華台灣科技優息,24,0,24,凱基-敦北,2024-10-01,9237
00665L,富邦�琤肭磪囓�2,23,0,23,凱基-敦北,2024-10-01,9237
2399,映泰,46,25,21,凱基-敦北,2024-10-01,9237
2613,中櫃,22,1,21,凱基-敦北,2024-10-01,9237
2371,大同,19,2,17,凱基-敦北,2024-10-01,9237
00753L,中信中國50正2,23,6,17,凱基-敦北,2024-10-01,9237
00679B,元大美債20年,15,0,15,凱基-敦北,2024-10-01,9237
00648R,元大S＆P500反1,15,0,15,凱基-敦北,2024-10-01,9237
6829,千附精密,16,1,15,凱基-敦北,2024-10-01,9237
00922,國泰台灣領袖50,13,0,13,凱基-敦北,2024-10-01,9237
00946,群益科技高息成長,11,0,11,凱基-敦北,2024-10-01,9237
2464,盟立,11,0,11,凱基-敦北,2024-10-01,9237
3530,晶相光,11,0,11,凱基-敦北,2024-10-01,9237
6770,力積電,11,0,11,凱基-敦北,2024-10-01,9237
00939,統一台灣高息動能,10,0,10,凱基-敦北,2024-10-01,9237
00641R,富邦日本反1,10,0,10,凱基-敦北,2024-10-01,9237
2023,燁輝,10,0,10,凱基-敦北,2024-10-01,9237
2486,一詮,10,0,10,凱基-敦北,2024-10-01,9237
2834,臺企銀,10,0,10,凱基-敦北,2024-10-01,9237
3313,斐成,10,0,10,凱基-敦北,2024-10-01,9237
3576,聯合再生,10,0,10,凱基-敦北,2024-10-01,9237
9907,統一實,10,0,10,凱基-敦北,2024-10-01,9237
00650L,復華香港正2,7,0,7,凱基-敦北,2024-10-01,9237
8042,金山電,7,0,7,凱基-敦北,2024-10-01,9237
8436,大江,7,0,7,凱基-敦北,2024-10-01,9237
00927,群益半導體收益,6,0,6,凱基-敦北,2024-10-01,9237
00878,國泰永續高股息,18,12,6,凱基-敦北,2024-10-01,9237
2884,玉山金,6,0,6,凱基-敦北,2024-10-01,9237
2330,台積電,7,2,5,凱基-敦北,2024-10-01,9237
6530,創威,5,0,5,凱基-敦北,2024-10-01,9237
1101,台泥,5,0,5,凱基-敦北,2024-10-01,9237
1584,精剛,5,0,5,凱基-敦北,2024-10-01,9237
4168,醣聯,5,0,5,凱基-敦北,2024-10-01,9237
6194,育富,5,0,5,凱基-敦北,2024-10-01,9237
6215,和椿,5,0,5,凱基-敦北,2024-10-01,9237
6854,錼創科技-KY創,5,0,5,凱基-敦北,2024-10-01,9237
8996,高力,5,0,5,凱基-敦北,2024-10-01,9237
1102,亞泥,5,0,5,凱基-敦北,2024-10-01,9237
1402,遠東新,5,0,5,凱基-敦北,2024-10-01,9237
00918,大華優利高填息30,9,5,4,凱基-敦北,2024-10-01,9237
2497,怡利電,4,0,4,凱基-敦北,2024-10-01,9237
3588,通嘉,4,0,4,凱基-敦北,2024-10-01,9237
0056,元大高股息,84,3,81,凱基-敦北,2024-10-04,9237
2426,鼎元,61,0,61,凱基-敦北,2024-10-04,9237
2609,陽明,78,19,59,凱基-敦北,2024-10-04,9237
2449,京元電子,52,2,50,凱基-敦北,2024-10-04,9237
00919,群益台灣精選高息,37,0,37,凱基-敦北,2024-10-04,9237
00650L,復華香港正2,57,21,36,凱基-敦北,2024-10-04,9237
3081,聯亞,83,47,36,凱基-敦北,2024-10-04,9237
2882,國泰金,33,1,32,凱基-敦北,2024-10-04,9237
2615,萬海,41,10,31,凱基-敦北,2024-10-04,9237
00940,元大台灣價值高息,58,33,25,凱基-敦北,2024-10-04,9237
8249,菱光,24,0,24,凱基-敦北,2024-10-04,9237
4903,聯光通,24,2,22,凱基-敦北,2024-10-04,9237
2393,億光,20,0,20,凱基-敦北,2024-10-04,9237
5210,寶碩,20,0,20,凱基-敦北,2024-10-04,9237
3581,博磊,19,0,19,凱基-敦北,2024-10-04,9237
6138,茂達,18,0,18,凱基-敦北,2024-10-04,9237
3374,精材,19,2,17,凱基-敦北,2024-10-04,9237
4716,大立,53,36,17,凱基-敦北,2024-10-04,9237
2610,華航,16,0,16,凱基-敦北,2024-10-04,9237
6194,育富,16,0,16,凱基-敦北,2024-10-04,9237
2368,金像電,15,0,15,凱基-敦北,2024-10-04,9237
00712,復華富時不動產,15,0,15,凱基-敦北,2024-10-04,9237
00720B,元大投資級公司債,14,0,14,凱基-敦北,2024-10-04,9237
00878,國泰永續高股息,13,0,13,凱基-敦北,2024-10-04,9237
00752,中信中國50,14,2,12,凱基-敦北,2024-10-04,9237
6274,台燿,12,0,12,凱基-敦北,2024-10-04,9237
2498,宏達電,13,1,12,凱基-敦北,2024-10-04,9237
00751B,元大AAA至A公司債,12,0,12,凱基-敦北,2024-10-04,9237
3013,晟銘電,12,1,11,凱基-敦北,2024-10-04,9237
00753L,中信中國50正2,132,121,11,凱基-敦北,2024-10-04,9237
00639,富邦深100,27,17,10,凱基-敦北,2024-10-04,9237
00933B,國泰10Y+金融債,15,5,10,凱基-敦北,2024-10-04,9237
2101,南港,10,0,10,凱基-敦北,2024-10-04,9237
2415,錩新,10,0,10,凱基-敦北,2024-10-04,9237
3588,通嘉,10,0,10,凱基-敦北,2024-10-04,9237
4168,醣聯,10,0,10,凱基-敦北,2024-10-04,9237
2382,廣達,9,0,9,凱基-敦北,2024-10-04,9237
6854,錼創科技-KY創,9,0,9,凱基-敦北,2024-10-04,9237
00929,復華台灣科技優息,8,0,8,凱基-敦北,2024-10-04,9237
8042,金山電,8,0,8,凱基-敦北,2024-10-04,9237
00882,中信中國高股息,53,45,8,凱基-敦北,2024-10-04,9237
00952,凱基台灣AI50,7,0,7,凱基-敦北,2024-10-04,9237
2402,毅嘉,7,0,7,凱基-敦北,2024-10-04,9237
00918,大華優利高填息30,6,0,6,凱基-敦北,2024-10-04,9237
3624,光頡,6,0,6,凱基-敦北,2024-10-04,9237
6284,佳邦,12,6,6,凱基-敦北,2024-10-04,9237
6425,易發,8,2,6,凱基-敦北,2024-10-04,9237
2603,長榮,28,22,6,凱基-敦北,2024-10-04,9237
2308,台達電,6,0,6,凱基-敦北,2024-10-04,9237
2884,玉山金,5,0,5,凱基-敦北,2024-10-04,9237
00931B,統一美債20年,170,0,170,凱基-敦北,2024-10-07,9237
00632R,元大台灣50反1,165,2,163,凱基-敦北,2024-10-07,9237
1314,中石化,122,0,122,凱基-敦北,2024-10-07,9237
00937B,群益ESG投等債20,118,13,105,凱基-敦北,2024-10-07,9237
3049,精金,95,0,95,凱基-敦北,2024-10-07,9237
00633L,富邦上証正2,51,0,51,凱基-敦北,2024-10-07,9237
00882,中信中國高股息,118,72,46,凱基-敦北,2024-10-07,9237
6186,新潤,40,0,40,凱基-敦北,2024-10-07,9237
6829,千附精密,31,0,31,凱基-敦北,2024-10-07,9237
00639,富邦深100,86,61,25,凱基-敦北,2024-10-07,9237
00753L,中信中國50正2,71,48,23,凱基-敦北,2024-10-07,9237
006206,元大上證50,24,2,22,凱基-敦北,2024-10-07,9237
3290,東浦,21,0,21,凱基-敦北,2024-10-07,9237
3141,晶宏,20,0,20,凱基-敦北,2024-10-07,9237
3207,耀勝,20,0,20,凱基-敦北,2024-10-07,9237
8091,翔名,20,0,20,凱基-敦北,2024-10-07,9237
00637L,元大滬深300正2,67,48,19,凱基-敦北,2024-10-07,9237
5243,乙盛-KY,20,1,19,凱基-敦北,2024-10-07,9237
2362,藍天,22,3,19,凱基-敦北,2024-10-07,9237
00725B,國泰投資級公司債,16,0,16,凱基-敦北,2024-10-07,9237
0056,元大高股息,25,9,16,凱基-敦北,2024-10-07,9237
2316,楠梓電,13,0,13,凱基-敦北,2024-10-07,9237
5230,雷笛克光學,14,1,13,凱基-敦北,2024-10-07,9237
00665L,富邦�琤肭磪囓�2,12,0,12,凱基-敦北,2024-10-07,9237
1605,華新,10,0,10,凱基-敦北,2024-10-07,9237
3013,晟銘電,24,14,10,凱基-敦北,2024-10-07,9237
00648R,元大S＆P500反1,10,0,10,凱基-敦北,2024-10-07,9237
1217,愛之味,30,20,10,凱基-敦北,2024-10-07,9237
1504,東元,10,0,10,凱基-敦北,2024-10-07,9237
3526,凡甲,10,0,10,凱基-敦北,2024-10-07,9237
2399,映泰,21,12,9,凱基-敦北,2024-10-07,9237
8111,立��,11,3,8,凱基-敦北,2024-10-07,9237
2609,陽明,13,5,8,凱基-敦北,2024-10-07,9237
00919,群益台灣精選高息,10,2,8,凱基-敦北,2024-10-07,9237
00752,中信中國50,12,5,7,凱基-敦北,2024-10-07,9237
3591,艾笛森,7,0,7,凱基-敦北,2024-10-07,9237
0061,元大寶滬深,7,1,6,凱基-敦北,2024-10-07,9237
00643,群益深証中小,6,0,6,凱基-敦北,2024-10-07,9237
1815,富喬,15,9,6,凱基-敦北,2024-10-07,9237
3715,定穎投控,25,19,6,凱基-敦北,2024-10-07,9237
00922,國泰台灣領袖50,5,0,5,凱基-敦北,2024-10-07,9237
2388,威盛,5,0,5,凱基-敦北,2024-10-07,9237
3556,禾瑞亞,5,0,5,凱基-敦北,2024-10-07,9237
4745,合富-KY,5,0,5,凱基-敦北,2024-10-07,9237
4903,聯光通,15,10,5,凱基-敦北,2024-10-07,9237
6919,康霈*,5,0,5,凱基-敦北,2024-10-07,9237
8996,高力,6,1,5,凱基-敦北,2024-10-07,9237
00960,野村全球航運龍頭,4,0,4,凱基-敦北,2024-10-07,9237
00642U,期元大S＆P石油,5,1,4,凱基-敦北,2024-10-07,9237
00680L,元大美債20正2,5,1,4,凱基-敦北,2024-10-07,9237
00753L,中信中國50正2,749,266,483,凱基-敦北,2024-10-08,9237
00931B,統一美債20年,112,0,112,凱基-敦北,2024-10-08,9237
3049,精金,71,2,69,凱基-敦北,2024-10-08,9237
00882,中信中國高股息,138,89,49,凱基-敦北,2024-10-08,9237
6104,創惟,129,80,49,凱基-敦北,2024-10-08,9237
2101,南港,47,5,42,凱基-敦北,2024-10-08,9237
2368,金像電,47,6,41,凱基-敦北,2024-10-08,9237
2399,映泰,52,15,37,凱基-敦北,2024-10-08,9237
0056,元大高股息,35,0,35,凱基-敦北,2024-10-08,9237
1432,大魯閣,30,0,30,凱基-敦北,2024-10-08,9237
00937B,群益ESG投等債20,28,0,28,凱基-敦北,2024-10-08,9237
6658,聯策,24,0,24,凱基-敦北,2024-10-08,9237
00725B,國泰投資級公司債,21,0,21,凱基-敦北,2024-10-08,9237
00671R,富邦NASDAQ反1,20,0,20,凱基-敦北,2024-10-08,9237
3290,東浦,22,2,20,凱基-敦北,2024-10-08,9237
00919,群益台灣精選高息,20,2,18,凱基-敦北,2024-10-08,9237
6284,佳邦,18,0,18,凱基-敦北,2024-10-08,9237
2014,中鴻,27,10,17,凱基-敦北,2024-10-08,9237
00933B,國泰10Y+金融債,15,0,15,凱基-敦北,2024-10-08,9237
4903,聯光通,43,28,15,凱基-敦北,2024-10-08,9237
6609,瀧澤科,15,0,15,凱基-敦北,2024-10-08,9237
2543,皇昌,15,1,14,凱基-敦北,2024-10-08,9237
00665L,富邦�琤肭磪囓�2,23,10,13,凱基-敦北,2024-10-08,9237
00887,永豐中國科技50大,13,0,13,凱基-敦北,2024-10-08,9237
6823,濾能,13,0,13,凱基-敦北,2024-10-08,9237
3033,威健,12,0,12,凱基-敦北,2024-10-08,9237
00922,國泰台灣領袖50,11,0,11,凱基-敦北,2024-10-08,9237
3189,景碩,13,2,11,凱基-敦北,2024-10-08,9237
00713,元大台灣高息低波,10,0,10,凱基-敦北,2024-10-08,9237
00720B,元大投資級公司債,10,0,10,凱基-敦北,2024-10-08,9237
1584,精剛,10,0,10,凱基-敦北,2024-10-08,9237
1808,潤隆,10,0,10,凱基-敦北,2024-10-08,9237
2610,華航,10,0,10,凱基-敦北,2024-10-08,9237
3450,聯鈞,11,1,10,凱基-敦北,2024-10-08,9237
6743,安普新,10,0,10,凱基-敦北,2024-10-08,9237
8996,高力,20,10,10,凱基-敦北,2024-10-08,9237
00712,復華富時不動產,11,2,9,凱基-敦北,2024-10-08,9237
2444,兆勁,9,0,9,凱基-敦北,2024-10-08,9237
2609,陽明,10,1,9,凱基-敦北,2024-10-08,9237
00948B,中信優息投資級債,7,0,7,凱基-敦北,2024-10-08,9237
2605,新興,7,0,7,凱基-敦北,2024-10-08,9237
00915,凱基優選高股息30,6,0,6,凱基-敦北,2024-10-08,9237
00752,中信中國50,7,1,6,凱基-敦北,2024-10-08,9237
1455,集盛,6,0,6,凱基-敦北,2024-10-08,9237
1721,三晃,6,0,6,凱基-敦北,2024-10-08,9237
2412,中華電,7,1,6,凱基-敦北,2024-10-08,9237
2425,承啟,6,0,6,凱基-敦北,2024-10-08,9237
6806,森崴能源,6,0,6,凱基-敦北,2024-10-08,9237
1402,遠東新,5,0,5,凱基-敦北,2024-10-08,9237
1702,南僑,6,1,5,凱基-敦北,2024-10-08,9237
00753L,中信中國50正2,497,67,430,凱基-敦北,2024-10-09,9237
00637L,元大滬深300正2,231,111,120,凱基-敦北,2024-10-09,9237
00639,富邦深100,139,22,117,凱基-敦北,2024-10-09,9237
1718,中纖,100,0,100,凱基-敦北,2024-10-09,9237
00632R,元大台灣50反1,106,10,96,凱基-敦北,2024-10-09,9237
1569,濱川,77,2,75,凱基-敦北,2024-10-09,9237
00650L,復華香港正2,61,7,54,凱基-敦北,2024-10-09,9237
2408,南亞科,49,2,47,凱基-敦北,2024-10-09,9237
00687B,國泰20年美債,47,0,47,凱基-敦北,2024-10-09,9237
2399,映泰,39,8,31,凱基-敦北,2024-10-09,9237
00937B,群益ESG投等債20,30,0,30,凱基-敦北,2024-10-09,9237
1217,愛之味,40,10,30,凱基-敦北,2024-10-09,9237
6830,汎銓,31,1,30,凱基-敦北,2024-10-09,9237
00940,元大台灣價值高息,29,0,29,凱基-敦北,2024-10-09,9237
2362,藍天,29,1,28,凱基-敦北,2024-10-09,9237
00633L,富邦上証正2,26,0,26,凱基-敦北,2024-10-09,9237
00680L,元大美債20正2,23,0,23,凱基-敦北,2024-10-09,9237
00688L,國泰20年美債正2,20,0,20,凱基-敦北,2024-10-09,9237
8215,明基材,19,0,19,凱基-敦北,2024-10-09,9237
2313,華通,18,1,17,凱基-敦北,2024-10-09,9237
2603,長榮,16,0,16,凱基-敦北,2024-10-09,9237
3447,展達,15,0,15,凱基-敦北,2024-10-09,9237
00952,凱基台灣AI50,13,0,13,凱基-敦北,2024-10-09,9237
3511,矽瑪,14,2,12,凱基-敦北,2024-10-09,9237
6188,廣明,12,0,12,凱基-敦北,2024-10-09,9237
2609,陽明,13,2,11,凱基-敦北,2024-10-09,9237
00915,凱基優選高股息30,11,0,11,凱基-敦北,2024-10-09,9237
6207,雷科,32,21,11,凱基-敦北,2024-10-09,9237
2476,鉅祥,10,0,10,凱基-敦北,2024-10-09,9237
00648R,元大S＆P500反1,10,0,10,凱基-敦北,2024-10-09,9237
00957B,兆豐US優選投等債,10,0,10,凱基-敦北,2024-10-09,9237
2409,友達,10,0,10,凱基-敦北,2024-10-09,9237
00655L,國泰中國A50正2,12,3,9,凱基-敦北,2024-10-09,9237
2888,新光金,85,76,9,凱基-敦北,2024-10-09,9237
0056,元大高股息,8,0,8,凱基-敦北,2024-10-09,9237
5443,均豪,9,1,8,凱基-敦北,2024-10-09,9237
00725B,國泰投資級公司債,8,0,8,凱基-敦北,2024-10-09,9237
1455,集盛,8,0,8,凱基-敦北,2024-10-09,9237
5347,世界,8,0,8,凱基-敦北,2024-10-09,9237
6104,創惟,129,121,8,凱基-敦北,2024-10-09,9237
3209,全科,26,19,7,凱基-敦北,2024-10-09,9237
00948B,中信優息投資級債,7,0,7,凱基-敦北,2024-10-09,9237
00918,大華優利高填息30,9,2,7,凱基-敦北,2024-10-09,9237
00752,中信中國50,7,0,7,凱基-敦北,2024-10-09,9237
00751B,元大AAA至A公司債,7,0,7,凱基-敦北,2024-10-09,9237
6108,競國,7,0,7,凱基-敦北,2024-10-09,9237
6788,華景電,7,0,7,凱基-敦北,2024-10-09,9237
2303,聯電,7,1,6,凱基-敦北,2024-10-09,9237
00715L,期街口布蘭特正2,10,4,6,凱基-敦北,2024-10-09,9237
1584,精剛,6,0,6,凱基-敦北,2024-10-09,9237
3049,精金,91,21,70,凱基-敦北,2024-10-11,9237
00725B,國泰投資級公司債,46,0,46,凱基-敦北,2024-10-11,9237
00937B,群益ESG投等債20,35,0,35,凱基-敦北,2024-10-11,9237
00929,復華台灣科技優息,31,0,31,凱基-敦北,2024-10-11,9237
3209,全科,35,10,25,凱基-敦北,2024-10-11,9237
00720B,元大投資級公司債,23,0,23,凱基-敦北,2024-10-11,9237
3714,富采,30,10,20,凱基-敦北,2024-10-11,9237
2317,鴻海,22,4,18,凱基-敦北,2024-10-11,9237
3047,訊舟,16,0,16,凱基-敦北,2024-10-11,9237
00687B,國泰20年美債,16,1,15,凱基-敦北,2024-10-11,9237
00706L,期元大S＆P日圓正2,15,0,15,凱基-敦北,2024-10-11,9237
2444,兆勁,15,0,15,凱基-敦北,2024-10-11,9237
2887,台新金,12,0,12,凱基-敦北,2024-10-11,9237
6177,達麗,11,0,11,凱基-敦北,2024-10-11,9237
6218,豪勉,11,0,11,凱基-敦北,2024-10-11,9237
00915,凱基優選高股息30,10,0,10,凱基-敦北,2024-10-11,9237
00753L,中信中國50正2,22,12,10,凱基-敦北,2024-10-11,9237
00680L,元大美債20正2,10,0,10,凱基-敦北,2024-10-11,9237
1806,冠軍,10,0,10,凱基-敦北,2024-10-11,9237
2610,華航,10,0,10,凱基-敦北,2024-10-11,9237
3346,麗清,10,0,10,凱基-敦北,2024-10-11,9237
3374,精材,11,1,10,凱基-敦北,2024-10-11,9237
3380,明泰,10,0,10,凱基-敦北,2024-10-11,9237
3666,光耀,10,0,10,凱基-敦北,2024-10-11,9237
4726,永昕,10,0,10,凱基-敦北,2024-10-11,9237
4967,十銓,10,0,10,凱基-敦北,2024-10-11,9237
6282,康舒,50,40,10,凱基-敦北,2024-10-11,9237
6290,良維,10,0,10,凱基-敦北,2024-10-11,9237
6609,瀧澤科,10,0,10,凱基-敦北,2024-10-11,9237
2421,建準,45,35,10,凱基-敦北,2024-10-11,9237
2486,一詮,10,1,9,凱基-敦北,2024-10-11,9237
6207,雷科,13,4,9,凱基-敦北,2024-10-11,9237
00919,群益台灣精選高息,8,0,8,凱基-敦北,2024-10-11,9237
00900,富邦特選高股息30,8,0,8,凱基-敦北,2024-10-11,9237
4906,正文,12,5,7,凱基-敦北,2024-10-11,9237
1440,南紡,6,0,6,凱基-敦北,2024-10-11,9237
2388,威盛,9,3,6,凱基-敦北,2024-10-11,9237
3060,銘異,6,0,6,凱基-敦北,2024-10-11,9237
4207,環泰,6,0,6,凱基-敦北,2024-10-11,9237
4987,科誠,6,0,6,凱基-敦北,2024-10-11,9237
6426,統新,8,2,6,凱基-敦北,2024-10-11,9237
2356,英業達,7,1,6,凱基-敦北,2024-10-11,9237
00648R,元大S＆P500反1,5,0,5,凱基-敦北,2024-10-11,9237
00696B,富邦美債20年,5,0,5,凱基-敦北,2024-10-11,9237
00773B,中信優先金融債,5,0,5,凱基-敦北,2024-10-11,9237
3014,聯陽,5,0,5,凱基-敦北,2024-10-11,9237
3591,艾笛森,12,7,5,凱基-敦北,2024-10-11,9237
6156,松上,5,0,5,凱基-敦北,2024-10-11,9237
8032,光菱,24,19,5,凱基-敦北,2024-10-11,9237
9921,巨大,5,0,5,凱基-敦北,2024-10-11,9237
00948B,中信優息投資級債,175,0,175,凱基-敦北,2024-10-14,9237
2312,金寶,115,24,91,凱基-敦北,2024-10-14,9237
00632R,元大台灣50反1,65,0,65,凱基-敦北,2024-10-14,9237
00922,國泰台灣領袖50,63,0,63,凱基-敦北,2024-10-14,9237
00937B,群益ESG投等債20,58,2,56,凱基-敦北,2024-10-14,9237
00887,永豐中國科技50大,51,0,51,凱基-敦北,2024-10-14,9237
2399,映泰,39,9,30,凱基-敦北,2024-10-14,9237
00696B,富邦美債20年,30,1,29,凱基-敦北,2024-10-14,9237
4903,聯光通,20,0,20,凱基-敦北,2024-10-14,9237
00915,凱基優選高股息30,18,0,18,凱基-敦北,2024-10-14,9237
00725B,國泰投資級公司債,26,10,16,凱基-敦北,2024-10-14,9237
3062,建漢,20,8,12,凱基-敦北,2024-10-14,9237
3447,展達,11,0,11,凱基-敦北,2024-10-14,9237
4908,前鼎,11,0,11,凱基-敦北,2024-10-14,9237
2419,仲琦,10,0,10,凱基-敦北,2024-10-14,9237
3049,精金,10,0,10,凱基-敦北,2024-10-14,9237
00891,中信關鍵半導體,9,0,9,凱基-敦北,2024-10-14,9237
6854,錼創科技-KY創,8,0,8,凱基-敦北,2024-10-14,9237
8096,擎亞,8,0,8,凱基-敦北,2024-10-14,9237
6546,正基,7,0,7,凱基-敦北,2024-10-14,9237
00680L,元大美債20正2,6,0,6,凱基-敦北,2024-10-14,9237
00648R,元大S＆P500反1,6,0,6,凱基-敦北,2024-10-14,9237
00960,野村全球航運龍頭,6,0,6,凱基-敦北,2024-10-14,9237
6231,系微,6,0,6,凱基-敦北,2024-10-14,9237
2363,矽統,5,0,5,凱基-敦北,2024-10-14,9237
3037,欣興,6,1,5,凱基-敦北,2024-10-14,9237
00919,群益台灣精選高息,12,7,5,凱基-敦北,2024-10-14,9237
00945B,凱基美國非投等債,5,0,5,凱基-敦北,2024-10-14,9237
1326,台化,5,0,5,凱基-敦北,2024-10-14,9237
1455,集盛,5,0,5,凱基-敦北,2024-10-14,9237
2425,承啟,6,1,5,凱基-敦北,2024-10-14,9237
3209,全科,7,2,5,凱基-敦北,2024-10-14,9237
3666,光耀,5,0,5,凱基-敦北,2024-10-14,9237
5284,jpp-KY,5,0,5,凱基-敦北,2024-10-14,9237
6234,高僑,5,0,5,凱基-敦北,2024-10-14,9237
6692,進能服,5,0,5,凱基-敦北,2024-10-14,9237
8064,東捷,5,0,5,凱基-敦北,2024-10-14,9237
8111,立��,136,131,5,凱基-敦北,2024-10-14,9237
2356,英業達,5,0,5,凱基-敦北,2024-10-14,9237
00878,國泰永續高股息,7,3,4,凱基-敦北,2024-10-14,9237
3711,日月光投控,4,0,4,凱基-敦北,2024-10-14,9237
1432,大魯閣,4,0,4,凱基-敦北,2024-10-14,9237
2886,兆豐金,4,0,4,凱基-敦北,2024-10-14,9237
3548,兆利,4,0,4,凱基-敦北,2024-10-14,9237
6642,富致,4,0,4,凱基-敦北,2024-10-14,9237
6743,安普新,4,0,4,凱基-敦北,2024-10-14,9237
2887,台新金,6,2,4,凱基-敦北,2024-10-14,9237
2609,陽明,6,3,3,凱基-敦北,2024-10-14,9237
4979,華星光,24,21,3,凱基-敦北,2024-10-14,9237
3013,晟銘電,11,8,3,凱基-敦北,2024-10-14,9237
2515,中工,350,0,350,凱基-敦北,2024-10-15,9237
00680L,元大美債20正2,107,0,107,凱基-敦北,2024-10-15,9237
00632R,元大台灣50反1,100,7,93,凱基-敦北,2024-10-15,9237
3290,東浦,79,1,78,凱基-敦北,2024-10-15,9237
00637L,元大滬深300正2,87,20,67,凱基-敦北,2024-10-15,9237
3062,建漢,51,1,50,凱基-敦北,2024-10-15,9237
2888,新光金,57,8,49,凱基-敦北,2024-10-15,9237
6830,汎銓,153,112,41,凱基-敦北,2024-10-15,9237
2453,凌群,34,0,34,凱基-敦北,2024-10-15,9237
00878,國泰永續高股息,32,0,32,凱基-敦北,2024-10-15,9237
5452,佶優,33,6,27,凱基-敦北,2024-10-15,9237
00679B,元大美債20年,28,3,25,凱基-敦北,2024-10-15,9237
00887,永豐中國科技50大,29,5,24,凱基-敦北,2024-10-15,9237
2615,萬海,21,0,21,凱基-敦北,2024-10-15,9237
2312,金寶,34,14,20,凱基-敦北,2024-10-15,9237
2368,金像電,20,0,20,凱基-敦北,2024-10-15,9237
3447,展達,20,0,20,凱基-敦北,2024-10-15,9237
4535,至興,18,0,18,凱基-敦北,2024-10-15,9237
3551,世禾,15,0,15,凱基-敦北,2024-10-15,9237
1513,中興電,21,8,13,凱基-敦北,2024-10-15,9237
3149,正達,14,1,13,凱基-敦北,2024-10-15,9237
6743,安普新,12,0,12,凱基-敦北,2024-10-15,9237
2399,映泰,18,7,11,凱基-敦北,2024-10-15,9237
2543,皇昌,11,0,11,凱基-敦北,2024-10-15,9237
8996,高力,11,0,11,凱基-敦北,2024-10-15,9237
00753L,中信中國50正2,19,9,10,凱基-敦北,2024-10-15,9237
00648R,元大S＆P500反1,10,0,10,凱基-敦北,2024-10-15,9237
2313,華通,10,0,10,凱基-敦北,2024-10-15,9237
6263,普萊德,10,0,10,凱基-敦北,2024-10-15,9237
8011,台通,10,0,10,凱基-敦北,2024-10-15,9237
00633L,富邦上証正2,11,2,9,凱基-敦北,2024-10-15,9237
4979,華星光,31,22,9,凱基-敦北,2024-10-15,9237
5388,中磊,17,9,8,凱基-敦北,2024-10-15,9237
00713,元大台灣高息低波,7,0,7,凱基-敦北,2024-10-15,9237
00937B,群益ESG投等債20,6,0,6,凱基-敦北,2024-10-15,9237
2425,承啟,8,2,6,凱基-敦北,2024-10-15,9237
2439,美律,6,0,6,凱基-敦北,2024-10-15,9237
8042,金山電,6,0,6,凱基-敦北,2024-10-15,9237
2421,建準,14,8,6,凱基-敦北,2024-10-15,9237
00919,群益台灣精選高息,5,0,5,凱基-敦北,2024-10-15,9237
00687B,國泰20年美債,5,0,5,凱基-敦北,2024-10-15,9237
00943,兆豐電子高息等權,5,0,5,凱基-敦北,2024-10-15,9237
00948B,中信優息投資級債,5,0,5,凱基-敦北,2024-10-15,9237
1457,宜進,5,0,5,凱基-敦北,2024-10-15,9237
3666,光耀,5,0,5,凱基-敦北,2024-10-15,9237
4716,大立,5,0,5,凱基-敦北,2024-10-15,9237
5272,笙科,5,0,5,凱基-敦北,2024-10-15,9237
6231,系微,7,2,5,凱基-敦北,2024-10-15,9237
6271,同欣電,5,0,5,凱基-敦北,2024-10-15,9237
6585,鼎基,5,0,5,凱基-敦北,2024-10-15,9237
5438,東友,137,12,125,凱基-敦北,2024-10-16,9237
1314,中石化,151,30,121,凱基-敦北,2024-10-16,9237
2888,新光金,100,2,98,凱基-敦北,2024-10-16,9237
0056,元大高股息,76,0,76,凱基-敦北,2024-10-16,9237
4535,至興,33,0,33,凱基-敦北,2024-10-16,9237
1321,大洋,30,0,30,凱基-敦北,2024-10-16,9237
2515,中工,30,0,30,凱基-敦北,2024-10-16,9237
2891,中信金,32,2,30,凱基-敦北,2024-10-16,9237
3714,富采,32,3,29,凱基-敦北,2024-10-16,9237
00937B,群益ESG投等債20,32,5,27,凱基-敦北,2024-10-16,9237
00878,國泰永續高股息,32,5,27,凱基-敦北,2024-10-16,9237
1217,愛之味,20,0,20,凱基-敦北,2024-10-16,9237
8032,光菱,20,0,20,凱基-敦北,2024-10-16,9237
2324,仁寶,17,0,17,凱基-敦北,2024-10-16,9237
3551,世禾,15,0,15,凱基-敦北,2024-10-16,9237
00680L,元大美債20正2,18,4,14,凱基-敦北,2024-10-16,9237
00934,中信成長高股息,14,0,14,凱基-敦北,2024-10-16,9237
2408,南亞科,14,0,14,凱基-敦北,2024-10-16,9237
00922,國泰台灣領袖50,13,0,13,凱基-敦北,2024-10-16,9237
00753L,中信中國50正2,310,300,10,凱基-敦北,2024-10-16,9237
2062,橋椿,10,0,10,凱基-敦北,2024-10-16,9237
2368,金像電,20,10,10,凱基-敦北,2024-10-16,9237
2482,連宇,10,0,10,凱基-敦北,2024-10-16,9237
4109,加捷生醫,10,0,10,凱基-敦北,2024-10-16,9237
4576,大銀微系統,12,2,10,凱基-敦北,2024-10-16,9237
3167,大量,11,1,10,凱基-敦北,2024-10-16,9237
1101,台泥,9,0,9,凱基-敦北,2024-10-16,9237
6188,廣明,15,6,9,凱基-敦北,2024-10-16,9237
8064,東捷,22,13,9,凱基-敦北,2024-10-16,9237
00882,中信中國高股息,8,0,8,凱基-敦北,2024-10-16,9237
6207,雷科,8,0,8,凱基-敦北,2024-10-16,9237
00915,凱基優選高股息30,8,0,8,凱基-敦北,2024-10-16,9237
00905,FT臺灣Smart,7,0,7,凱基-敦北,2024-10-16,9237
00687B,國泰20年美債,26,20,6,凱基-敦北,2024-10-16,9237
00919,群益台灣精選高息,7,2,5,凱基-敦北,2024-10-16,9237
2543,皇昌,5,0,5,凱基-敦北,2024-10-16,9237
00720B,元大投資級公司債,5,0,5,凱基-敦北,2024-10-16,9237
00941,中信上游半導體,5,0,5,凱基-敦北,2024-10-16,9237
00960,野村全球航運龍頭,5,0,5,凱基-敦北,2024-10-16,9237
2610,華航,7,2,5,凱基-敦北,2024-10-16,9237
3189,景碩,5,0,5,凱基-敦北,2024-10-16,9237
6229,研通,5,0,5,凱基-敦北,2024-10-16,9237
6231,系微,10,5,5,凱基-敦北,2024-10-16,9237
6271,同欣電,5,0,5,凱基-敦北,2024-10-16,9237
8011,台通,5,0,5,凱基-敦北,2024-10-16,9237
8042,金山電,5,0,5,凱基-敦北,2024-10-16,9237
8155,博智,5,0,5,凱基-敦北,2024-10-16,9237
8487,愛爾達-創,5,0,5,凱基-敦北,2024-10-16,9237
2609,陽明,6,1,5,凱基-敦北,2024-10-16,9237
6274,台燿,4,0,4,凱基-敦北,2024-10-16,9237
00650L,復華香港正2,195,0,195,凱基-敦北,2024-10-17,9237
1314,中石化,151,0,151,凱基-敦北,2024-10-17,9237
3149,正達,82,8,74,凱基-敦北,2024-10-17,9237
00656R,國泰中國A50反1,70,0,70,凱基-敦北,2024-10-17,9237
3290,東浦,60,0,60,凱基-敦北,2024-10-17,9237
00887,永豐中國科技50大,50,0,50,凱基-敦北,2024-10-17,9237
2891,中信金,30,0,30,凱基-敦北,2024-10-17,9237
3209,全科,35,6,29,凱基-敦北,2024-10-17,9237
4533,協易機,35,7,28,凱基-敦北,2024-10-17,9237
2515,中工,20,0,20,凱基-敦北,2024-10-17,9237
3037,欣興,22,5,17,凱基-敦北,2024-10-17,9237
00687B,國泰20年美債,18,2,16,凱基-敦北,2024-10-17,9237
2399,映泰,27,12,15,凱基-敦北,2024-10-17,9237
6546,正基,13,0,13,凱基-敦北,2024-10-17,9237
2303,聯電,12,0,12,凱基-敦北,2024-10-17,9237
6830,汎銓,36,24,12,凱基-敦北,2024-10-17,9237
3207,耀勝,11,0,11,凱基-敦北,2024-10-17,9237
2312,金寶,36,25,11,凱基-敦北,2024-10-17,9237
1217,愛之味,10,0,10,凱基-敦北,2024-10-17,9237
2020,美亞,10,0,10,凱基-敦北,2024-10-17,9237
2543,皇昌,10,0,10,凱基-敦北,2024-10-17,9237
3062,建漢,10,1,9,凱基-敦北,2024-10-17,9237
4535,至興,9,0,9,凱基-敦北,2024-10-17,9237
00922,國泰台灣領袖50,10,2,8,凱基-敦北,2024-10-17,9237
00753L,中信中國50正2,25,17,8,凱基-敦北,2024-10-17,9237
1528,恩德,28,20,8,凱基-敦北,2024-10-17,9237
8096,擎亞,8,0,8,凱基-敦北,2024-10-17,9237
00639,富邦深100,40,33,7,凱基-敦北,2024-10-17,9237
00941,中信上游半導體,7,0,7,凱基-敦北,2024-10-17,9237
00954,中信日本半導體,7,0,7,凱基-敦北,2024-10-17,9237
2330,台積電,8,1,7,凱基-敦北,2024-10-17,9237
00712,復華富時不動產,6,1,5,凱基-敦北,2024-10-17,9237
00680L,元大美債20正2,5,0,5,凱基-敦北,2024-10-17,9237
00937B,群益ESG投等債20,5,0,5,凱基-敦北,2024-10-17,9237
2009,第一銅,5,0,5,凱基-敦北,2024-10-17,9237
2236,百達-KY,5,0,5,凱基-敦北,2024-10-17,9237
3479,安勤,5,0,5,凱基-敦北,2024-10-17,9237
3615,安可,33,28,5,凱基-敦北,2024-10-17,9237
8021,尖點,5,0,5,凱基-敦北,2024-10-17,9237
8996,高力,10,5,5,凱基-敦北,2024-10-17,9237
6274,台燿,4,0,4,凱基-敦北,2024-10-17,9237
6782,視陽,4,0,4,凱基-敦北,2024-10-17,9237
00927,群益半導體收益,4,0,4,凱基-敦北,2024-10-17,9237
00725B,國泰投資級公司債,4,0,4,凱基-敦北,2024-10-17,9237
00679B,元大美債20年,4,0,4,凱基-敦北,2024-10-17,9237
1301,台塑,4,0,4,凱基-敦北,2024-10-17,9237
1326,台化,4,0,4,凱基-敦北,2024-10-17,9237
1409,新纖,4,0,4,凱基-敦北,2024-10-17,9237
2388,威盛,6,2,4,凱基-敦北,2024-10-17,9237
2481,強茂,4,0,4,凱基-敦北,2024-10-17,9237
5438,東友,186,34,152,凱基-敦北,2024-10-18,9237
00937B,群益ESG投等債20,140,21,119,凱基-敦北,2024-10-18,9237
00948B,中信優息投資級債,84,20,64,凱基-敦北,2024-10-18,9237
00680L,元大美債20正2,63,0,63,凱基-敦北,2024-10-18,9237
00632R,元大台灣50反1,166,110,56,凱基-敦北,2024-10-18,9237
0056,元大高股息,49,4,45,凱基-敦北,2024-10-18,9237
2303,聯電,32,0,32,凱基-敦北,2024-10-18,9237
00720B,元大投資級公司債,30,0,30,凱基-敦北,2024-10-18,9237
00957B,兆豐US優選投等債,30,0,30,凱基-敦北,2024-10-18,9237
2368,金像電,70,40,30,凱基-敦北,2024-10-18,9237
00679B,元大美債20年,29,0,29,凱基-敦北,2024-10-18,9237
00772B,中信高評級公司債,24,0,24,凱基-敦北,2024-10-18,9237
4561,健椿,25,1,24,凱基-敦北,2024-10-18,9237
3149,正達,25,2,23,凱基-敦北,2024-10-18,9237
00650L,復華香港正2,22,0,22,凱基-敦北,2024-10-18,9237
8111,立��,54,33,21,凱基-敦北,2024-10-18,9237
00687B,國泰20年美債,20,0,20,凱基-敦北,2024-10-18,9237
2618,長榮航,25,6,19,凱基-敦北,2024-10-18,9237
2332,友訊,21,5,16,凱基-敦北,2024-10-18,9237
8064,東捷,34,21,13,凱基-敦北,2024-10-18,9237
00753L,中信中國50正2,164,152,12,凱基-敦北,2024-10-18,9237
5347,世界,18,7,11,凱基-敦北,2024-10-18,9237
00934,中信成長高股息,10,0,10,凱基-敦北,2024-10-18,9237
2408,南亞科,10,0,10,凱基-敦北,2024-10-18,9237
5284,jpp-KY,10,0,10,凱基-敦北,2024-10-18,9237
6425,易發,10,0,10,凱基-敦北,2024-10-18,9237
6743,安普新,10,0,10,凱基-敦北,2024-10-18,9237
2888,新光金,10,1,9,凱基-敦北,2024-10-18,9237
4903,聯光通,9,0,9,凱基-敦北,2024-10-18,9237
6188,廣明,16,8,8,凱基-敦北,2024-10-18,9237
2449,京元電子,9,1,8,凱基-敦北,2024-10-18,9237
2312,金寶,45,37,8,凱基-敦北,2024-10-18,9237
2425,承啟,8,0,8,凱基-敦北,2024-10-18,9237
3379,彬台,9,2,7,凱基-敦北,2024-10-18,9237
00740B,富邦全球投等債,6,0,6,凱基-敦北,2024-10-18,9237
00725B,國泰投資級公司債,6,0,6,凱基-敦北,2024-10-18,9237
00756B,群益投等新興公債,6,0,6,凱基-敦北,2024-10-18,9237
00773B,中信優先金融債,6,0,6,凱基-敦北,2024-10-18,9237
2363,矽統,27,21,6,凱基-敦北,2024-10-18,9237
2402,毅嘉,6,0,6,凱基-敦北,2024-10-18,9237
00795B,中信美國公債20年,5,0,5,凱基-敦北,2024-10-18,9237
00954,中信日本半導體,5,0,5,凱基-敦北,2024-10-18,9237
1540,喬福,6,1,5,凱基-敦北,2024-10-18,9237
2388,威盛,5,0,5,凱基-敦北,2024-10-18,9237
2444,兆勁,5,0,5,凱基-敦北,2024-10-18,9237
3209,全科,35,30,5,凱基-敦北,2024-10-18,9237
3498,陽程,8,3,5,凱基-敦北,2024-10-18,9237
6108,競國,5,0,5,凱基-敦北,2024-10-18,9237
8032,光菱,5,0,5,凱基-敦北,2024-10-18,9237
8050,廣積,5,0,5,凱基-敦北,2024-10-18,9237
00948B,中信優息投資級債,114,0,114,凱基-敦北,2024-10-21,9237
00753L,中信中國50正2,146,37,109,凱基-敦北,2024-10-21,9237
1314,中石化,100,0,100,凱基-敦北,2024-10-21,9237
2888,新光金,101,20,81,凱基-敦北,2024-10-21,9237
00637L,元大滬深300正2,160,109,51,凱基-敦北,2024-10-21,9237
00937B,群益ESG投等債20,72,22,50,凱基-敦北,2024-10-21,9237
00946,群益科技高息成長,50,2,48,凱基-敦北,2024-10-21,9237
00720B,元大投資級公司債,38,1,37,凱基-敦北,2024-10-21,9237
6763,綠界科技*,35,1,34,凱基-敦北,2024-10-21,9237
2891,中信金,34,3,31,凱基-敦北,2024-10-21,9237
00687B,國泰20年美債,34,7,27,凱基-敦北,2024-10-21,9237
5284,jpp-KY,46,20,26,凱基-敦北,2024-10-21,9237
00632R,元大台灣50反1,25,0,25,凱基-敦北,2024-10-21,9237
8064,東捷,79,54,25,凱基-敦北,2024-10-21,9237
6830,汎銓,30,6,24,凱基-敦北,2024-10-21,9237
2303,聯電,21,1,20,凱基-敦北,2024-10-21,9237
00882,中信中國高股息,17,1,16,凱基-敦北,2024-10-21,9237
2634,漢翔,14,0,14,凱基-敦北,2024-10-21,9237
00915,凱基優選高股息30,13,0,13,凱基-敦北,2024-10-21,9237
1217,愛之味,23,10,13,凱基-敦北,2024-10-21,9237
3450,聯鈞,12,0,12,凱基-敦北,2024-10-21,9237
5876,上海商銀,11,0,11,凱基-敦北,2024-10-21,9237
00725B,國泰投資級公司債,11,0,11,凱基-敦北,2024-10-21,9237
2204,中華,10,0,10,凱基-敦北,2024-10-21,9237
00648R,元大S＆P500反1,10,0,10,凱基-敦北,2024-10-21,9237
1455,集盛,10,0,10,凱基-敦北,2024-10-21,9237
2101,南港,10,0,10,凱基-敦北,2024-10-21,9237
3479,安勤,10,0,10,凱基-敦北,2024-10-21,9237
00680L,元大美債20正2,10,1,9,凱基-敦北,2024-10-21,9237
2883,凱基金,9,1,8,凱基-敦北,2024-10-21,9237
2020,美亞,8,0,8,凱基-敦北,2024-10-21,9237
00905,FT臺灣Smart,7,0,7,凱基-敦北,2024-10-21,9237
2376,技嘉,7,0,7,凱基-敦北,2024-10-21,9237
00642U,期元大S＆P石油,6,0,6,凱基-敦北,2024-10-21,9237
00673R,期元大S＆P原油反1,6,0,6,凱基-敦北,2024-10-21,9237
2495,普安,6,0,6,凱基-敦北,2024-10-21,9237
3652,精聯,6,0,6,凱基-敦北,2024-10-21,9237
3481,群創,7,2,5,凱基-敦北,2024-10-21,9237
00877,復華中國5G,5,0,5,凱基-敦北,2024-10-21,9237
1326,台化,5,0,5,凱基-敦北,2024-10-21,9237
2236,百達-KY,6,1,5,凱基-敦北,2024-10-21,9237
2241,艾姆勒,5,0,5,凱基-敦北,2024-10-21,9237
2312,金寶,8,3,5,凱基-敦北,2024-10-21,9237
3048,益登,57,52,5,凱基-敦北,2024-10-21,9237
3289,宜特,7,2,5,凱基-敦北,2024-10-21,9237
3711,日月光投控,5,0,5,凱基-敦北,2024-10-21,9237
6244,茂迪,5,0,5,凱基-敦北,2024-10-21,9237
6854,錼創科技-KY創,5,0,5,凱基-敦北,2024-10-21,9237
2317,鴻海,14,9,5,凱基-敦北,2024-10-21,9237
00934,中信成長高股息,5,1,4,凱基-敦北,2024-10-21,9237
00937B,群益ESG投等債20,197,0,197,凱基-敦北,2024-10-22,9237
3049,精金,126,1,125,凱基-敦北,2024-10-22,9237
00948B,中信優息投資級債,89,0,89,凱基-敦北,2024-10-22,9237
1314,中石化,80,0,80,凱基-敦北,2024-10-22,9237
1815,富喬,70,1,69,凱基-敦北,2024-10-22,9237
00680L,元大美債20正2,59,0,59,凱基-敦北,2024-10-22,9237
00679B,元大美債20年,56,2,54,凱基-敦北,2024-10-22,9237
00687B,國泰20年美債,25,0,25,凱基-敦北,2024-10-22,9237
3715,定穎投控,21,3,18,凱基-敦北,2024-10-22,9237
00720B,元大投資級公司債,17,0,17,凱基-敦北,2024-10-22,9237
00957B,兆豐US優選投等債,14,0,14,凱基-敦北,2024-10-22,9237
2312,金寶,33,20,13,凱基-敦北,2024-10-22,9237
3149,正達,11,0,11,凱基-敦北,2024-10-22,9237
00795B,中信美國公債20年,10,0,10,凱基-敦北,2024-10-22,9237
2303,聯電,14,4,10,凱基-敦北,2024-10-22,9237
00930,永豐ESG低碳高息,10,0,10,凱基-敦北,2024-10-22,9237
00751B,元大AAA至A公司債,10,0,10,凱基-敦北,2024-10-22,9237
00725B,國泰投資級公司債,10,0,10,凱基-敦北,2024-10-22,9237
00688L,國泰20年美債正2,10,0,10,凱基-敦北,2024-10-22,9237
2444,兆勁,10,0,10,凱基-敦北,2024-10-22,9237
2903,遠百,10,0,10,凱基-敦北,2024-10-22,9237
4106,雃博,10,0,10,凱基-敦北,2024-10-22,9237
5498,凱崴,10,0,10,凱基-敦北,2024-10-22,9237
6126,信音,10,0,10,凱基-敦北,2024-10-22,9237
1477,聚陽,9,0,9,凱基-敦北,2024-10-22,9237
2354,鴻準,10,1,9,凱基-敦北,2024-10-22,9237
3031,佰鴻,17,10,7,凱基-敦北,2024-10-22,9237
6104,創惟,50,43,7,凱基-敦北,2024-10-22,9237
6185,幃翔,7,0,7,凱基-敦北,2024-10-22,9237
6197,佳必琪,10,3,7,凱基-敦北,2024-10-22,9237
00712,復華富時不動產,13,6,7,凱基-敦北,2024-10-22,9237
1519,華城,8,2,6,凱基-敦北,2024-10-22,9237
1326,台化,6,0,6,凱基-敦北,2024-10-22,9237
4979,華星光,11,5,6,凱基-敦北,2024-10-22,9237
8086,宏捷科,9,3,6,凱基-敦北,2024-10-22,9237
00878,國泰永續高股息,6,1,5,凱基-敦北,2024-10-22,9237
00722B,群益投資級電信債,5,0,5,凱基-敦北,2024-10-22,9237
00932,兆豐永續高息等權,5,0,5,凱基-敦北,2024-10-22,9237
1605,華新,5,0,5,凱基-敦北,2024-10-22,9237
2540,愛山林,5,0,5,凱基-敦北,2024-10-22,9237
2543,皇昌,25,20,5,凱基-敦北,2024-10-22,9237
3189,景碩,35,30,5,凱基-敦北,2024-10-22,9237
3479,安勤,5,0,5,凱基-敦北,2024-10-22,9237
4510,高鋒,5,0,5,凱基-敦北,2024-10-22,9237
2330,台積電,6,1,5,凱基-敦北,2024-10-22,9237
1513,中興電,4,0,4,凱基-敦北,2024-10-22,9237
2363,矽統,6,2,4,凱基-敦北,2024-10-22,9237
2884,玉山金,4,0,4,凱基-敦北,2024-10-22,9237
00929,復華台灣科技優息,4,0,4,凱基-敦北,2024-10-22,9237
00882,中信中國高股息,5,1,4,凱基-敦北,2024-10-22,9237
3290,東浦,84,7,77,凱基-敦北,2024-10-23,9237
00687B,國泰20年美債,65,0,65,凱基-敦北,2024-10-23,9237
00937B,群益ESG投等債20,62,0,62,凱基-敦北,2024-10-23,9237
00720B,元大投資級公司債,53,0,53,凱基-敦北,2024-10-23,9237
4576,大銀微系統,50,0,50,凱基-敦北,2024-10-23,9237
00712,復華富時不動產,49,0,49,凱基-敦北,2024-10-23,9237
3550,聯穎,33,0,33,凱基-敦北,2024-10-23,9237
00948B,中信優息投資級債,31,0,31,凱基-敦北,2024-10-23,9237
4558,寶緯,30,0,30,凱基-敦北,2024-10-23,9237
3031,佰鴻,34,11,23,凱基-敦北,2024-10-23,9237
00939,統一台灣高息動能,20,0,20,凱基-敦北,2024-10-23,9237
2368,金像電,20,0,20,凱基-敦北,2024-10-23,9237
6506,雙邦,20,0,20,凱基-敦北,2024-10-23,9237
1301,台塑,19,1,18,凱基-敦北,2024-10-23,9237
00882,中信中國高股息,20,3,17,凱基-敦北,2024-10-23,9237
2303,聯電,18,1,17,凱基-敦北,2024-10-23,9237
2543,皇昌,15,0,15,凱基-敦北,2024-10-23,9237
8096,擎亞,14,0,14,凱基-敦北,2024-10-23,9237
4561,健椿,12,0,12,凱基-敦北,2024-10-23,9237
4979,華星光,12,0,12,凱基-敦北,2024-10-23,9237
5425,台半,17,6,11,凱基-敦北,2024-10-23,9237
00688L,國泰20年美債正2,10,0,10,凱基-敦北,2024-10-23,9237
00934,中信成長高股息,10,0,10,凱基-敦北,2024-10-23,9237
1217,愛之味,20,10,10,凱基-敦北,2024-10-23,9237
2338,光罩,10,0,10,凱基-敦北,2024-10-23,9237
2618,長榮航,10,0,10,凱基-敦北,2024-10-23,9237
3710,連展投控,10,0,10,凱基-敦北,2024-10-23,9237
00940,元大台灣價值高息,21,12,9,凱基-敦北,2024-10-23,9237
00665L,富邦�琤肭磪囓�2,14,5,9,凱基-敦北,2024-10-23,9237
6185,幃翔,9,0,9,凱基-敦北,2024-10-23,9237
8086,宏捷科,9,0,9,凱基-敦北,2024-10-23,9237
00900,富邦特選高股息30,8,0,8,凱基-敦北,2024-10-23,9237
00927,群益半導體收益,8,0,8,凱基-敦北,2024-10-23,9237
3013,晟銘電,18,11,7,凱基-敦北,2024-10-23,9237
2834,臺企銀,7,0,7,凱基-敦北,2024-10-23,9237
00929,復華台灣科技優息,6,0,6,凱基-敦北,2024-10-23,9237
00725B,國泰投資級公司債,6,0,6,凱基-敦北,2024-10-23,9237
3450,聯鈞,31,25,6,凱基-敦北,2024-10-23,9237
3715,定穎投控,6,0,6,凱基-敦北,2024-10-23,9237
5483,中美晶,6,0,6,凱基-敦北,2024-10-23,9237
9802,鈺齊-KY,6,0,6,凱基-敦北,2024-10-23,9237
2313,華通,7,2,5,凱基-敦北,2024-10-23,9237
1477,聚陽,5,0,5,凱基-敦北,2024-10-23,9237
00680L,元大美債20正2,5,0,5,凱基-敦北,2024-10-23,9237
2497,怡利電,5,0,5,凱基-敦北,2024-10-23,9237
3447,展達,6,1,5,凱基-敦北,2024-10-23,9237
4908,前鼎,5,0,5,凱基-敦北,2024-10-23,9237
5388,中磊,6,1,5,凱基-敦北,2024-10-23,9237
6116,彩晶,5,0,5,凱基-敦北,2024-10-23,9237
6693,廣閎科,5,0,5,凱基-敦北,2024-10-23,9237
00637L,元大滬深300正2,134,80,54,凱基-敦北,2024-10-24,9237
00946,群益科技高息成長,51,0,51,凱基-敦北,2024-10-24,9237
4919,新唐,60,13,47,凱基-敦北,2024-10-24,9237
00753L,中信中國50正2,37,5,32,凱基-敦北,2024-10-24,9237
6104,創惟,47,16,31,凱基-敦北,2024-10-24,9237
2303,聯電,31,1,30,凱基-敦北,2024-10-24,9237
8111,立��,24,0,24,凱基-敦北,2024-10-24,9237
3049,精金,22,0,22,凱基-敦北,2024-10-24,9237
00882,中信中國高股息,20,0,20,凱基-敦北,2024-10-24,9237
1513,中興電,18,0,18,凱基-敦北,2024-10-24,9237
3149,正達,18,0,18,凱基-敦北,2024-10-24,9237
2425,承啟,17,0,17,凱基-敦北,2024-10-24,9237
2884,玉山金,17,0,17,凱基-敦北,2024-10-24,9237
6854,錼創科技-KY創,17,0,17,凱基-敦北,2024-10-24,9237
2883,凱基金,20,4,16,凱基-敦北,2024-10-24,9237
4162,智擎,15,1,14,凱基-敦北,2024-10-24,9237
2354,鴻準,25,13,12,凱基-敦北,2024-10-24,9237
2421,建準,17,5,12,凱基-敦北,2024-10-24,9237
0050,元大台灣50,11,0,11,凱基-敦北,2024-10-24,9237
4903,聯光通,11,0,11,凱基-敦北,2024-10-24,9237
3450,聯鈞,33,23,10,凱基-敦北,2024-10-24,9237
1217,愛之味,10,0,10,凱基-敦北,2024-10-24,9237
2368,金像電,10,0,10,凱基-敦北,2024-10-24,9237
2444,兆勁,10,0,10,凱基-敦北,2024-10-24,9237
2489,瑞軒,17,7,10,凱基-敦北,2024-10-24,9237
2845,遠東銀,10,0,10,凱基-敦北,2024-10-24,9237
3481,群創,11,1,10,凱基-敦北,2024-10-24,9237
4510,高鋒,10,0,10,凱基-敦北,2024-10-24,9237
6282,康舒,10,0,10,凱基-敦北,2024-10-24,9237
8011,台通,10,0,10,凱基-敦北,2024-10-24,9237
8068,全達,10,0,10,凱基-敦北,2024-10-24,9237
2543,皇昌,23,13,10,凱基-敦北,2024-10-24,9237
2317,鴻海,11,2,9,凱基-敦北,2024-10-24,9237
00919,群益台灣精選高息,9,1,8,凱基-敦北,2024-10-24,9237
2399,映泰,16,8,8,凱基-敦北,2024-10-24,9237
2382,廣達,10,2,8,凱基-敦北,2024-10-24,9237
00878,國泰永續高股息,7,0,7,凱基-敦北,2024-10-24,9237
3231,緯創,13,6,7,凱基-敦北,2024-10-24,9237
6185,幃翔,7,0,7,凱基-敦北,2024-10-24,9237
3324,雙鴻,8,1,7,凱基-敦北,2024-10-24,9237
0056,元大高股息,7,0,7,凱基-敦北,2024-10-24,9237
00954,中信日本半導體,6,0,6,凱基-敦北,2024-10-24,9237
00940,元大台灣價值高息,26,20,6,凱基-敦北,2024-10-24,9237
2887,台新金,6,0,6,凱基-敦北,2024-10-24,9237
4303,信立,6,0,6,凱基-敦北,2024-10-24,9237
2615,萬海,6,0,6,凱基-敦北,2024-10-24,9237
3037,欣興,5,0,5,凱基-敦北,2024-10-24,9237
00712,復華富時不動產,5,0,5,凱基-敦北,2024-10-24,9237
00690,兆豐藍籌30,5,0,5,凱基-敦北,2024-10-24,9237
2376,技嘉,5,0,5,凱基-敦北,2024-10-24,9237
00679B,元大美債20年,104,1,103,凱基-敦北,2024-10-25,9237
3149,正達,49,13,36,凱基-敦北,2024-10-25,9237
2399,映泰,38,3,35,凱基-敦北,2024-10-25,9237
3689,湧德,40,10,30,凱基-敦北,2024-10-25,9237
6451,訊芯-KY,21,0,21,凱基-敦北,2024-10-25,9237
4739,康普,20,0,20,凱基-敦北,2024-10-25,9237
2303,聯電,19,0,19,凱基-敦北,2024-10-25,9237
00891,中信關鍵半導體,18,0,18,凱基-敦北,2024-10-25,9237
3081,聯亞,50,33,17,凱基-敦北,2024-10-25,9237
5263,智崴,19,4,15,凱基-敦北,2024-10-25,9237
3715,定穎投控,18,4,14,凱基-敦北,2024-10-25,9237
4513,福裕,15,2,13,凱基-敦北,2024-10-25,9237
2606,裕民,12,0,12,凱基-敦北,2024-10-25,9237
3019,亞光,13,1,12,凱基-敦北,2024-10-25,9237
1217,愛之味,20,10,10,凱基-敦北,2024-10-25,9237
00948B,中信優息投資級債,10,0,10,凱基-敦北,2024-10-25,9237
00647L,元大S＆P500正2,10,0,10,凱基-敦北,2024-10-25,9237
00929,復華台灣科技優息,11,1,10,凱基-敦北,2024-10-25,9237
1815,富喬,10,0,10,凱基-敦北,2024-10-25,9237
2515,中工,10,0,10,凱基-敦北,2024-10-25,9237
3479,安勤,10,0,10,凱基-敦北,2024-10-25,9237
4903,聯光通,14,4,10,凱基-敦北,2024-10-25,9237
6658,聯策,19,9,10,凱基-敦北,2024-10-25,9237
8064,東捷,14,5,9,凱基-敦北,2024-10-25,9237
00937B,群益ESG投等債20,8,0,8,凱基-敦北,2024-10-25,9237
00882,中信中國高股息,10,2,8,凱基-敦北,2024-10-25,9237
4979,華星光,8,0,8,凱基-敦北,2024-10-25,9237
5324,士開,8,0,8,凱基-敦北,2024-10-25,9237
00933B,國泰10Y+金融債,7,0,7,凱基-敦北,2024-10-25,9237
2344,華邦電,6,0,6,凱基-敦北,2024-10-25,9237
00951,台新日本半導體,6,0,6,凱基-敦北,2024-10-25,9237
2449,京元電子,6,0,6,凱基-敦北,2024-10-25,9237
1806,冠軍,5,0,5,凱基-敦北,2024-10-25,9237
00878,國泰永續高股息,5,0,5,凱基-敦北,2024-10-25,9237
00952,凱基台灣AI50,5,0,5,凱基-敦北,2024-10-25,9237
00960,野村全球航運龍頭,5,0,5,凱基-敦北,2024-10-25,9237
00887,永豐中國科技50大,10,5,5,凱基-敦北,2024-10-25,9237
00650L,復華香港正2,5,0,5,凱基-敦北,2024-10-25,9237
3029,零壹,6,1,5,凱基-敦北,2024-10-25,9237
4533,協易機,5,0,5,凱基-敦北,2024-10-25,9237
6005,群益證,5,0,5,凱基-敦北,2024-10-25,9237
4743,合一,4,0,4,凱基-敦北,2024-10-25,9237
00720B,元大投資級公司債,4,0,4,凱基-敦北,2024-10-25,9237
0050,元大台灣50,4,0,4,凱基-敦北,2024-10-25,9237
2401,凌陽,5,1,4,凱基-敦北,2024-10-25,9237
2634,漢翔,4,0,4,凱基-敦北,2024-10-25,9237
2883B,凱基金乙特,4,0,4,凱基-敦北,2024-10-25,9237
3234,光環,4,0,4,凱基-敦北,2024-10-25,9237
4972,湯石照明,4,0,4,凱基-敦北,2024-10-25,9237
6235,華孚,5,1,4,凱基-敦北,2024-10-25,9237
00632R,元大台灣50反1,100,0,100,凱基-敦北,2024-10-28,9237
00937B,群益ESG投等債20,85,0,85,凱基-敦北,2024-10-28,9237
2369,菱生,71,0,71,凱基-敦北,2024-10-28,9237
3290,東浦,50,0,50,凱基-敦北,2024-10-28,9237
00687B,國泰20年美債,44,1,43,凱基-敦北,2024-10-28,9237
00688L,國泰20年美債正2,38,0,38,凱基-敦北,2024-10-28,9237
3081,聯亞,32,0,32,凱基-敦北,2024-10-28,9237
2646,星宇航空,32,4,28,凱基-敦北,2024-10-28,9237
6546,正基,25,0,25,凱基-敦北,2024-10-28,9237
8043,蜜望實,24,0,24,凱基-敦北,2024-10-28,9237
1815,富喬,23,1,22,凱基-敦北,2024-10-28,9237
00772B,中信高評級公司債,20,0,20,凱基-敦北,2024-10-28,9237
00950B,凱基A級公司債,20,0,20,凱基-敦北,2024-10-28,9237
2903,遠百,20,0,20,凱基-敦北,2024-10-28,9237
00948B,中信優息投資級債,19,0,19,凱基-敦北,2024-10-28,9237
2029,盛餘,17,0,17,凱基-敦北,2024-10-28,9237
3231,緯創,26,10,16,凱基-敦北,2024-10-28,9237
6104,創惟,25,9,16,凱基-敦北,2024-10-28,9237
8249,菱光,17,1,16,凱基-敦北,2024-10-28,9237
2615,萬海,17,2,15,凱基-敦北,2024-10-28,9237
00915,凱基優選高股息30,14,1,13,凱基-敦北,2024-10-28,9237
6770,力積電,12,0,12,凱基-敦北,2024-10-28,9237
00679B,元大美債20年,11,0,11,凱基-敦北,2024-10-28,9237
00637L,元大滬深300正2,67,56,11,凱基-敦北,2024-10-28,9237
3049,精金,11,0,11,凱基-敦北,2024-10-28,9237
00850,元大臺灣ESG永續,10,0,10,凱基-敦北,2024-10-28,9237
00641R,富邦日本反1,10,0,10,凱基-敦北,2024-10-28,9237
2476,鉅祥,10,0,10,凱基-敦北,2024-10-28,9237
3710,連展投控,10,0,10,凱基-敦北,2024-10-28,9237
6282,康舒,20,10,10,凱基-敦北,2024-10-28,9237
8039,台虹,10,0,10,凱基-敦北,2024-10-28,9237
4919,新唐,8,0,8,凱基-敦北,2024-10-28,9237
1314,中石化,8,0,8,凱基-敦北,2024-10-28,9237
00919,群益台灣精選高息,8,1,7,凱基-敦北,2024-10-28,9237
3037,欣興,13,6,7,凱基-敦北,2024-10-28,9237
8155,博智,7,0,7,凱基-敦北,2024-10-28,9237
00712,復華富時不動產,6,0,6,凱基-敦北,2024-10-28,9237
2356,英業達,6,0,6,凱基-敦北,2024-10-28,9237
2606,裕民,6,0,6,凱基-敦北,2024-10-28,9237
3715,定穎投控,6,0,6,凱基-敦北,2024-10-28,9237
2449,京元電子,5,0,5,凱基-敦北,2024-10-28,9237
00922,國泰台灣領袖50,5,0,5,凱基-敦北,2024-10-28,9237
00680L,元大美債20正2,5,0,5,凱基-敦北,2024-10-28,9237
00642U,期元大S＆P石油,5,0,5,凱基-敦北,2024-10-28,9237
1303,南亞,5,0,5,凱基-敦北,2024-10-28,9237
2329,華泰,5,0,5,凱基-敦北,2024-10-28,9237
3272,東碩,5,0,5,凱基-敦北,2024-10-28,9237
3607,谷崧,5,0,5,凱基-敦北,2024-10-28,9237
4168,醣聯,5,0,5,凱基-敦北,2024-10-28,9237
4533,協易機,5,0,5,凱基-敦北,2024-10-28,9237
00948B,中信優息投資級債,100,0,100,凱基-敦北,2024-10-29,9237
00712,復華富時不動產,50,0,50,凱基-敦北,2024-10-29,9237
00937B,群益ESG投等債20,42,1,41,凱基-敦北,2024-10-29,9237
8111,立��,53,12,41,凱基-敦北,2024-10-29,9237
00919,群益台灣精選高息,38,0,38,凱基-敦北,2024-10-29,9237
2609,陽明,43,8,35,凱基-敦北,2024-10-29,9237
2303,聯電,35,2,33,凱基-敦北,2024-10-29,9237
00959B,大華投等美債15Y+,30,0,30,凱基-敦北,2024-10-29,9237
3092,鴻碩,30,0,30,凱基-敦北,2024-10-29,9237
3290,東浦,30,0,30,凱基-敦北,2024-10-29,9237
2317,鴻海,31,8,23,凱基-敦北,2024-10-29,9237
00713,元大台灣高息低波,21,0,21,凱基-敦北,2024-10-29,9237
5386,青雲,20,0,20,凱基-敦北,2024-10-29,9237
2382,廣達,29,9,20,凱基-敦北,2024-10-29,9237
00878,國泰永續高股息,19,0,19,凱基-敦北,2024-10-29,9237
0056,元大高股息,19,1,18,凱基-敦北,2024-10-29,9237
2388,威盛,30,13,17,凱基-敦北,2024-10-29,9237
4167,松瑞藥,16,0,16,凱基-敦北,2024-10-29,9237
00929,復華台灣科技優息,25,10,15,凱基-敦北,2024-10-29,9237
00939,統一台灣高息動能,13,0,13,凱基-敦北,2024-10-29,9237
2420,新巨,12,0,12,凱基-敦北,2024-10-29,9237
4903,聯光通,11,0,11,凱基-敦北,2024-10-29,9237
2363,矽統,11,0,11,凱基-敦北,2024-10-29,9237
6451,訊芯-KY,10,0,10,凱基-敦北,2024-10-29,9237
00882,中信中國高股息,20,10,10,凱基-敦北,2024-10-29,9237
00637L,元大滬深300正2,102,92,10,凱基-敦北,2024-10-29,9237
00665L,富邦�琤肭磪囓�2,10,0,10,凱基-敦北,2024-10-29,9237
2392,正崴,10,0,10,凱基-敦北,2024-10-29,9237
2883,凱基金,11,1,10,凱基-敦北,2024-10-29,9237
2883B,凱基金乙特,10,0,10,凱基-敦北,2024-10-29,9237
6282,康舒,10,0,10,凱基-敦北,2024-10-29,9237
2368,金像電,29,20,9,凱基-敦北,2024-10-29,9237
00753L,中信中國50正2,19,10,9,凱基-敦北,2024-10-29,9237
6143,振曜,10,1,9,凱基-敦北,2024-10-29,9237
2236,百達-KY,9,1,8,凱基-敦北,2024-10-29,9237
2399,映泰,10,2,8,凱基-敦北,2024-10-29,9237
8032,光菱,24,16,8,凱基-敦北,2024-10-29,9237
9105,泰金寶-DR,7,0,7,凱基-敦北,2024-10-29,9237
6789,采鈺,6,0,6,凱基-敦北,2024-10-29,9237
00795B,中信美國公債20年,6,0,6,凱基-敦北,2024-10-29,9237
00687B,國泰20年美債,6,0,6,凱基-敦北,2024-10-29,9237
00952,凱基台灣AI50,6,0,6,凱基-敦北,2024-10-29,9237
1603,華電,6,0,6,凱基-敦北,2024-10-29,9237
2431,聯昌,7,1,6,凱基-敦北,2024-10-29,9237
3189,景碩,17,11,6,凱基-敦北,2024-10-29,9237
6133,金橋,192,186,6,凱基-敦北,2024-10-29,9237
6274,台燿,5,0,5,凱基-敦北,2024-10-29,9237
00941,中信上游半導體,5,0,5,凱基-敦北,2024-10-29,9237
00934,中信成長高股息,5,0,5,凱基-敦北,2024-10-29,9237
00679B,元大美債20年,5,0,5,凱基-敦北,2024-10-29,9237
00753L,中信中國50正2,216,0,216,凱基-敦北,2024-10-30,9237
4532,瑞智,80,0,80,凱基-敦北,2024-10-30,9237
6830,汎銓,36,0,36,凱基-敦北,2024-10-30,9237
00937B,群益ESG投等債20,31,0,31,凱基-敦北,2024-10-30,9237
8111,立��,31,0,31,凱基-敦北,2024-10-30,9237
9945,潤泰新,30,0,30,凱基-敦北,2024-10-30,9237
00637L,元大滬深300正2,32,5,27,凱基-敦北,2024-10-30,9237
3481,群創,28,2,26,凱基-敦北,2024-10-30,9237
00720B,元大投資級公司債,25,0,25,凱基-敦北,2024-10-30,9237
00939,統一台灣高息動能,24,0,24,凱基-敦北,2024-10-30,9237
00919,群益台灣精選高息,24,0,24,凱基-敦北,2024-10-30,9237
00948B,中信優息投資級債,22,0,22,凱基-敦北,2024-10-30,9237
00882,中信中國高股息,20,0,20,凱基-敦北,2024-10-30,9237
00656R,國泰中國A50反1,20,0,20,凱基-敦北,2024-10-30,9237
1321,大洋,20,0,20,凱基-敦北,2024-10-30,9237
2368,金像電,20,0,20,凱基-敦北,2024-10-30,9237
3325,旭品,30,10,20,凱基-敦北,2024-10-30,9237
2303,聯電,23,5,18,凱基-敦北,2024-10-30,9237
3021,鴻名,16,0,16,凱基-敦北,2024-10-30,9237
9105,泰金寶-DR,22,6,16,凱基-敦北,2024-10-30,9237
5522,遠雄,15,0,15,凱基-敦北,2024-10-30,9237
4903,聯光通,24,10,14,凱基-敦北,2024-10-30,9237
0050,元大台灣50,13,0,13,凱基-敦北,2024-10-30,9237
2327,國巨,13,0,13,凱基-敦北,2024-10-30,9237
6282,康舒,12,0,12,凱基-敦北,2024-10-30,9237
1217,愛之味,10,0,10,凱基-敦北,2024-10-30,9237
2402,毅嘉,12,2,10,凱基-敦北,2024-10-30,9237
6218,豪勉,10,0,10,凱基-敦北,2024-10-30,9237
6548,長科*,10,0,10,凱基-敦北,2024-10-30,9237
8183,精星,10,0,10,凱基-敦北,2024-10-30,9237
00675L,富邦臺灣加權正2,9,0,9,凱基-敦北,2024-10-30,9237
00929,復華台灣科技優息,9,2,7,凱基-敦北,2024-10-30,9237
00712,復華富時不動產,7,0,7,凱基-敦北,2024-10-30,9237
00665L,富邦�琤肭磪囓�2,7,0,7,凱基-敦北,2024-10-30,9237
8404,百和興業-KY,7,0,7,凱基-敦北,2024-10-30,9237
9934,成霖,7,0,7,凱基-敦北,2024-10-30,9237
2353,宏��,6,0,6,凱基-敦北,2024-10-30,9237
3581,博磊,6,0,6,凱基-敦北,2024-10-30,9237
2409,友達,5,0,5,凱基-敦北,2024-10-30,9237
2809,京城銀,5,0,5,凱基-敦北,2024-10-30,9237
2883B,凱基金乙特,5,0,5,凱基-敦北,2024-10-30,9237
2887,台新金,9,4,5,凱基-敦北,2024-10-30,9237
3217,優群,9,4,5,凱基-敦北,2024-10-30,9237
3227,原相,5,0,5,凱基-敦北,2024-10-30,9237
6530,創威,10,5,5,凱基-敦北,2024-10-30,9237
0056,元大高股息,4,0,4,凱基-敦北,2024-10-30,9237
6770,力積電,5,1,4,凱基-敦北,2024-10-30,9237
2646,星宇航空,4,0,4,凱基-敦北,2024-10-30,9237
1605,華新,4,0,4,凱基-敦北,2024-10-30,9237
2606,裕民,4,0,4,凱基-敦北,2024-10-30,9237
6770,力積電,116,0,116,凱基-敦北,2024-11-01,9237
00929,復華台灣科技優息,84,1,83,凱基-敦北,2024-11-01,9237
00939,統一台灣高息動能,80,2,78,凱基-敦北,2024-11-01,9237
00919,群益台灣精選高息,63,1,62,凱基-敦北,2024-11-01,9237
8044,網家,50,1,49,凱基-敦北,2024-11-01,9237
6197,佳必琪,40,0,40,凱基-敦北,2024-11-01,9237
2354,鴻準,55,19,36,凱基-敦北,2024-11-01,9237
2891,中信金,34,2,32,凱基-敦北,2024-11-01,9237
2204,中華,29,0,29,凱基-敦北,2024-11-01,9237
00687B,國泰20年美債,22,0,22,凱基-敦北,2024-11-01,9237
00878,國泰永續高股息,21,0,21,凱基-敦北,2024-11-01,9237
2543,皇昌,21,5,16,凱基-敦北,2024-11-01,9237
9945,潤泰新,15,0,15,凱基-敦北,2024-11-01,9237
2646,星宇航空,14,1,13,凱基-敦北,2024-11-01,9237
2303,聯電,19,6,13,凱基-敦北,2024-11-01,9237
00915,凱基優選高股息30,12,0,12,凱基-敦北,2024-11-01,9237
0056,元大高股息,14,3,11,凱基-敦北,2024-11-01,9237
1301,台塑,11,1,10,凱基-敦北,2024-11-01,9237
0050,元大台灣50,10,0,10,凱基-敦北,2024-11-01,9237
2317,鴻海,23,13,10,凱基-敦北,2024-11-01,9237
00900,富邦特選高股息30,12,2,10,凱基-敦北,2024-11-01,9237
00948B,中信優息投資級債,10,0,10,凱基-敦北,2024-11-01,9237
1321,大洋,10,0,10,凱基-敦北,2024-11-01,9237
3479,安勤,10,0,10,凱基-敦北,2024-11-01,9237
4903,聯光通,10,0,10,凱基-敦北,2024-11-01,9237
1815,富喬,12,3,9,凱基-敦北,2024-11-01,9237
6530,創威,10,1,9,凱基-敦北,2024-11-01,9237
8032,光菱,10,1,9,凱基-敦北,2024-11-01,9237
2330,台積電,11,2,9,凱基-敦北,2024-11-01,9237
00941,中信上游半導體,8,0,8,凱基-敦北,2024-11-01,9237
2884,玉山金,7,0,7,凱基-敦北,2024-11-01,9237
006208,富邦台50,7,0,7,凱基-敦北,2024-11-01,9237
00922,國泰台灣領袖50,6,0,6,凱基-敦北,2024-11-01,9237
2329,華泰,6,0,6,凱基-敦北,2024-11-01,9237
4938,和碩,6,0,6,凱基-敦北,2024-11-01,9237
2881,富邦金,5,0,5,凱基-敦北,2024-11-01,9237
00675L,富邦臺灣加權正2,5,0,5,凱基-敦北,2024-11-01,9237
2912,統一超,5,0,5,凱基-敦北,2024-11-01,9237
00662,富邦NASDAQ,5,0,5,凱基-敦北,2024-11-01,9237
00888,永豐台灣ESG,5,0,5,凱基-敦北,2024-11-01,9237
2444,兆勁,5,0,5,凱基-敦北,2024-11-01,9237
3325,旭品,5,0,5,凱基-敦北,2024-11-01,9237
6187,萬潤,5,0,5,凱基-敦北,2024-11-01,9237
8069,元太,11,7,4,凱基-敦北,2024-11-01,9237
1455,集盛,4,0,4,凱基-敦北,2024-11-01,9237
1477,聚陽,4,0,4,凱基-敦北,2024-11-01,9237
2539,櫻花建,4,0,4,凱基-敦北,2024-11-01,9237
2606,裕民,4,0,4,凱基-敦北,2024-11-01,9237
2597,潤弘,4,0,4,凱基-敦北,2024-11-01,9237
2887,台新金,4,1,3,凱基-敦北,2024-11-01,9237
00931B,統一美債20年,150,0,150,凱基-敦北,2024-11-04,9237
2312,金寶,110,29,81,凱基-敦北,2024-11-04,9237
00937B,群益ESG投等債20,77,6,71,凱基-敦北,2024-11-04,9237
00725B,國泰投資級公司債,56,0,56,凱基-敦北,2024-11-04,9237
00720B,元大投資級公司債,52,0,52,凱基-敦北,2024-11-04,9237
3049,精金,40,0,40,凱基-敦北,2024-11-04,9237
00878,國泰永續高股息,40,0,40,凱基-敦北,2024-11-04,9237
3021,鴻名,32,0,32,凱基-敦北,2024-11-04,9237
00953B,群益優選非投等債,31,0,31,凱基-敦北,2024-11-04,9237
2458,義隆,30,0,30,凱基-敦北,2024-11-04,9237
00679B,元大美債20年,29,0,29,凱基-敦北,2024-11-04,9237
2543,皇昌,25,0,25,凱基-敦北,2024-11-04,9237
2615,萬海,45,22,23,凱基-敦北,2024-11-04,9237
00919,群益台灣精選高息,42,21,21,凱基-敦北,2024-11-04,9237
6830,汎銓,20,0,20,凱基-敦北,2024-11-04,9237
00948B,中信優息投資級債,18,0,18,凱基-敦北,2024-11-04,9237
2609,陽明,28,12,16,凱基-敦北,2024-11-04,9237
00632R,元大台灣50反1,15,0,15,凱基-敦北,2024-11-04,9237
00637L,元大滬深300正2,67,52,15,凱基-敦北,2024-11-04,9237
00929,復華台灣科技優息,34,22,12,凱基-敦北,2024-11-04,9237
00712,復華富時不動產,11,0,11,凱基-敦北,2024-11-04,9237
2477,美隆電,11,0,11,凱基-敦北,2024-11-04,9237
00722B,群益投資級電信債,10,0,10,凱基-敦北,2024-11-04,9237
00945B,凱基美國非投等債,10,0,10,凱基-敦北,2024-11-04,9237
2444,兆勁,10,0,10,凱基-敦北,2024-11-04,9237
3005,神基,10,0,10,凱基-敦北,2024-11-04,9237
3149,正達,10,0,10,凱基-敦北,2024-11-04,9237
6806,森崴能源,10,0,10,凱基-敦北,2024-11-04,9237
3481,群創,10,1,9,凱基-敦北,2024-11-04,9237
9802,鈺齊-KY,9,0,9,凱基-敦北,2024-11-04,9237
00918,大華優利高填息30,8,0,8,凱基-敦北,2024-11-04,9237
3715,定穎投控,7,0,7,凱基-敦北,2024-11-04,9237
00795B,中信美國公債20年,6,0,6,凱基-敦北,2024-11-04,9237
3163,波若威,9,3,6,凱基-敦北,2024-11-04,9237
6854,錼創科技-KY創,6,0,6,凱基-敦北,2024-11-04,9237
6863,永道-KY,6,0,6,凱基-敦北,2024-11-04,9237
00687B,國泰20年美債,6,0,6,凱基-敦北,2024-11-04,9237
6271,同欣電,5,0,5,凱基-敦北,2024-11-04,9237
00939,統一台灣高息動能,5,0,5,凱基-敦北,2024-11-04,9237
1402,遠東新,5,0,5,凱基-敦北,2024-11-04,9237
2540,愛山林,5,0,5,凱基-敦北,2024-11-04,9237
2646,星宇航空,7,2,5,凱基-敦北,2024-11-04,9237
5202,力新,16,11,5,凱基-敦北,2024-11-04,9237
3231,緯創,15,11,4,凱基-敦北,2024-11-04,9237
2303,聯電,4,0,4,凱基-敦北,2024-11-04,9237
00751B,元大AAA至A公司債,4,0,4,凱基-敦北,2024-11-04,9237
00940,元大台灣價值高息,4,0,4,凱基-敦北,2024-11-04,9237
1565,精華,5,1,4,凱基-敦北,2024-11-04,9237
2329,華泰,5,1,4,凱基-敦北,2024-11-04,9237
2597,潤弘,4,0,4,凱基-敦北,2024-11-04,9237
00650L,復華香港正2,103,20,83,凱基-敦北,2024-11-05,9237
00959B,大華投等美債15Y+,50,0,50,凱基-敦北,2024-11-05,9237
00795B,中信美國公債20年,50,0,50,凱基-敦北,2024-11-05,9237
2243,宏旭-KY,50,0,50,凱基-敦北,2024-11-05,9237
5315,光聯,50,0,50,凱基-敦北,2024-11-05,9237
00637L,元大滬深300正2,161,113,48,凱基-敦北,2024-11-05,9237
00931B,統一美債20年,40,0,40,凱基-敦北,2024-11-05,9237
00679B,元大美債20年,34,0,34,凱基-敦北,2024-11-05,9237
3013,晟銘電,36,4,32,凱基-敦北,2024-11-05,9237
3230,錦明,30,0,30,凱基-敦北,2024-11-05,9237
3490,單井,30,0,30,凱基-敦北,2024-11-05,9237
2354,鴻準,42,14,28,凱基-敦北,2024-11-05,9237
1307,三芳,25,1,24,凱基-敦北,2024-11-05,9237
006208,富邦台50,22,0,22,凱基-敦北,2024-11-05,9237
2646,星宇航空,20,0,20,凱基-敦北,2024-11-05,9237
8044,網家,20,2,18,凱基-敦北,2024-11-05,9237
4991,環宇-KY,36,21,15,凱基-敦北,2024-11-05,9237
2303,聯電,15,3,12,凱基-敦北,2024-11-05,9237
00878,國泰永續高股息,16,5,11,凱基-敦北,2024-11-05,9237
4162,智擎,13,2,11,凱基-敦北,2024-11-05,9237
1605,華新,11,1,10,凱基-敦北,2024-11-05,9237
1217,愛之味,10,0,10,凱基-敦北,2024-11-05,9237
4903,聯光通,60,50,10,凱基-敦北,2024-11-05,9237
2597,潤弘,9,0,9,凱基-敦北,2024-11-05,9237
2606,裕民,8,0,8,凱基-敦北,2024-11-05,9237
3548,兆利,8,0,8,凱基-敦北,2024-11-05,9237
2399,映泰,7,0,7,凱基-敦北,2024-11-05,9237
00946,群益科技高息成長,6,0,6,凱基-敦北,2024-11-05,9237
00665L,富邦�琤肭磪囓�2,20,14,6,凱基-敦北,2024-11-05,9237
2637,慧洋-KY,10,4,6,凱基-敦北,2024-11-05,9237
00919,群益台灣精選高息,7,2,5,凱基-敦北,2024-11-05,9237
2888,新光金,5,0,5,凱基-敦北,2024-11-05,9237
00921,兆豐龍頭等權重,5,0,5,凱基-敦北,2024-11-05,9237
2371,大同,5,0,5,凱基-敦北,2024-11-05,9237
2543,皇昌,6,1,5,凱基-敦北,2024-11-05,9237
3441,聯一光,5,0,5,凱基-敦北,2024-11-05,9237
5426,振發,5,0,5,凱基-敦北,2024-11-05,9237
8011,台通,5,0,5,凱基-敦北,2024-11-05,9237
00929,復華台灣科技優息,5,0,5,凱基-敦北,2024-11-05,9237
1301,台塑,4,0,4,凱基-敦北,2024-11-05,9237
00891,中信關鍵半導體,4,0,4,凱基-敦北,2024-11-05,9237
00945B,凱基美國非投等債,4,0,4,凱基-敦北,2024-11-05,9237
00887,永豐中國科技50大,5,1,4,凱基-敦北,2024-11-05,9237
2408,南亞科,4,0,4,凱基-敦北,2024-11-05,9237
2495,普安,5,1,4,凱基-敦北,2024-11-05,9237
2891,中信金,4,0,4,凱基-敦北,2024-11-05,9237
6245,立端,4,0,4,凱基-敦北,2024-11-05,9237
00687B,國泰20年美債,3,0,3,凱基-敦北,2024-11-05,9237
2641,正德,3,0,3,凱基-敦北,2024-11-05,9237
2834,臺企銀,3,0,3,凱基-敦北,2024-11-05,9237
3149,正達,136,23,113,凱基-敦北,2024-11-06,9237
00679B,元大美債20年,92,5,87,凱基-敦北,2024-11-06,9237
00931B,統一美債20年,80,0,80,凱基-敦北,2024-11-06,9237
00687B,國泰20年美債,64,2,62,凱基-敦北,2024-11-06,9237
00887,永豐中國科技50大,43,1,42,凱基-敦北,2024-11-06,9237
00680L,元大美債20正2,40,0,40,凱基-敦北,2024-11-06,9237
00643,群益深証中小,40,0,40,凱基-敦北,2024-11-06,9237
3689,湧德,40,5,35,凱基-敦北,2024-11-06,9237
00637L,元大滬深300正2,117,83,34,凱基-敦北,2024-11-06,9237
6134,萬旭,48,16,32,凱基-敦北,2024-11-06,9237
00945B,凱基美國非投等債,30,0,30,凱基-敦北,2024-11-06,9237
2646,星宇航空,34,4,30,凱基-敦北,2024-11-06,9237
5315,光聯,30,0,30,凱基-敦北,2024-11-06,9237
6770,力積電,28,0,28,凱基-敦北,2024-11-06,9237
5438,東友,25,0,25,凱基-敦北,2024-11-06,9237
00665L,富邦�琤肭磪囓�2,40,16,24,凱基-敦北,2024-11-06,9237
4903,聯光通,24,1,23,凱基-敦北,2024-11-06,9237
00960,野村全球航運龍頭,20,0,20,凱基-敦北,2024-11-06,9237
00641R,富邦日本反1,19,0,19,凱基-敦北,2024-11-06,9237
2368,金像電,49,30,19,凱基-敦北,2024-11-06,9237
3013,晟銘電,46,27,19,凱基-敦北,2024-11-06,9237
8044,網家,20,1,19,凱基-敦北,2024-11-06,9237
1307,三芳,71,55,16,凱基-敦北,2024-11-06,9237
00648R,元大S＆P500反1,15,0,15,凱基-敦北,2024-11-06,9237
5426,振發,16,1,15,凱基-敦北,2024-11-06,9237
2356,英業達,75,62,13,凱基-敦北,2024-11-06,9237
00713,元大台灣高息低波,12,0,12,凱基-敦北,2024-11-06,9237
00753L,中信中國50正2,12,0,12,凱基-敦北,2024-11-06,9237
00688L,國泰20年美債正2,22,10,12,凱基-敦北,2024-11-06,9237
3021,鴻名,12,0,12,凱基-敦北,2024-11-06,9237
00918,大華優利高填息30,11,0,11,凱基-敦北,2024-11-06,9237
2606,裕民,11,0,11,凱基-敦北,2024-11-06,9237
00937B,群益ESG投等債20,15,5,10,凱基-敦北,2024-11-06,9237
0055,元大MSCI金融,10,0,10,凱基-敦北,2024-11-06,9237
00948B,中信優息投資級債,10,0,10,凱基-敦北,2024-11-06,9237
1802,台玻,10,0,10,凱基-敦北,2024-11-06,9237
2597,潤弘,10,0,10,凱基-敦北,2024-11-06,9237
2889,國票金,10,0,10,凱基-敦北,2024-11-06,9237
6245,立端,10,0,10,凱基-敦北,2024-11-06,9237
8403,盛弘,10,0,10,凱基-敦北,2024-11-06,9237
1432,大魯閣,10,0,10,凱基-敦北,2024-11-06,9237
00941,中信上游半導體,9,0,9,凱基-敦北,2024-11-06,9237
1321,大洋,9,0,9,凱基-敦北,2024-11-06,9237
2062,橋椿,9,0,9,凱基-敦北,2024-11-06,9237
3479,安勤,9,0,9,凱基-敦北,2024-11-06,9237
00929,復華台灣科技優息,10,3,7,凱基-敦北,2024-11-06,9237
2382,廣達,9,2,7,凱基-敦北,2024-11-06,9237
006208,富邦台50,6,0,6,凱基-敦北,2024-11-06,9237
3615,安可,8,2,6,凱基-敦北,2024-11-06,9237
6234,高僑,6,0,6,凱基-敦北,2024-11-06,9237
00632R,元大台灣50反1,104,0,104,凱基-敦北,2024-11-07,9237
1815,富喬,102,1,101,凱基-敦北,2024-11-07,9237
00665L,富邦�琤肭磪囓�2,85,14,71,凱基-敦北,2024-11-07,9237
00930,永豐ESG低碳高息,69,0,69,凱基-敦北,2024-11-07,9237
6245,立端,42,0,42,凱基-敦北,2024-11-07,9237
1321,大洋,35,0,35,凱基-敦北,2024-11-07,9237
8096,擎亞,35,0,35,凱基-敦北,2024-11-07,9237
6116,彩晶,30,0,30,凱基-敦北,2024-11-07,9237
00929,復華台灣科技優息,42,16,26,凱基-敦北,2024-11-07,9237
6770,力積電,27,3,24,凱基-敦北,2024-11-07,9237
00687B,國泰20年美債,31,10,21,凱基-敦北,2024-11-07,9237
1513,中興電,23,3,20,凱基-敦北,2024-11-07,9237
2049,上銀,20,1,19,凱基-敦北,2024-11-07,9237
00919,群益台灣精選高息,18,0,18,凱基-敦北,2024-11-07,9237
00878,國泰永續高股息,15,0,15,凱基-敦北,2024-11-07,9237
2014,中鴻,14,0,14,凱基-敦北,2024-11-07,9237
2354,鴻準,30,18,12,凱基-敦北,2024-11-07,9237
6830,汎銓,18,6,12,凱基-敦北,2024-11-07,9237
2615,萬海,12,0,12,凱基-敦北,2024-11-07,9237
2630,亞航,11,0,11,凱基-敦北,2024-11-07,9237
00648R,元大S＆P500反1,10,0,10,凱基-敦北,2024-11-07,9237
2062,橋椿,10,0,10,凱基-敦北,2024-11-07,9237
3711,日月光投控,12,2,10,凱基-敦北,2024-11-07,9237
4129,聯合,10,0,10,凱基-敦北,2024-11-07,9237
4903,聯光通,16,6,10,凱基-敦北,2024-11-07,9237
6187,萬潤,10,0,10,凱基-敦北,2024-11-07,9237
00688L,國泰20年美債正2,108,100,8,凱基-敦北,2024-11-07,9237
2357,華碩,8,0,8,凱基-敦北,2024-11-07,9237
5284,jpp-KY,7,0,7,凱基-敦北,2024-11-07,9237
2603,長榮,11,4,7,凱基-敦北,2024-11-07,9237
00680L,元大美債20正2,6,0,6,凱基-敦北,2024-11-07,9237
4909,新復興,6,0,6,凱基-敦北,2024-11-07,9237
4958,臻鼎-KY,6,0,6,凱基-敦北,2024-11-07,9237
6156,松上,6,0,6,凱基-敦北,2024-11-07,9237
8210,勤誠,5,0,5,凱基-敦北,2024-11-07,9237
00909,國泰數位支付服務,5,0,5,凱基-敦北,2024-11-07,9237
2444,兆勁,5,0,5,凱基-敦北,2024-11-07,9237
3227,原相,5,0,5,凱基-敦北,2024-11-07,9237
3631,晟楠,5,0,5,凱基-敦北,2024-11-07,9237
6139,亞翔,5,0,5,凱基-敦北,2024-11-07,9237
6282,康舒,6,1,5,凱基-敦北,2024-11-07,9237
8011,台通,6,1,5,凱基-敦北,2024-11-07,9237
00915,凱基優選高股息30,4,0,4,凱基-敦北,2024-11-07,9237
1307,三芳,4,0,4,凱基-敦北,2024-11-07,9237
2399,映泰,4,0,4,凱基-敦北,2024-11-07,9237
2606,裕民,4,0,4,凱基-敦北,2024-11-07,9237
3701,大眾控,4,0,4,凱基-敦北,2024-11-07,9237
5234,達興材料,4,0,4,凱基-敦北,2024-11-07,9237
1301,台塑,8,5,3,凱基-敦北,2024-11-07,9237
2303,聯電,20,17,3,凱基-敦北,2024-11-07,9237
8096,擎亞,152,35,117,凱基-敦北,2024-11-08,9237
8044,網家,60,0,60,凱基-敦北,2024-11-08,9237
00637L,元大滬深300正2,332,279,53,凱基-敦北,2024-11-08,9237
3211,順達,46,2,44,凱基-敦北,2024-11-08,9237
2392,正崴,46,5,41,凱基-敦北,2024-11-08,9237
00878,國泰永續高股息,52,15,37,凱基-敦北,2024-11-08,9237
3234,光環,35,8,27,凱基-敦北,2024-11-08,9237
3324,雙鴻,21,0,21,凱基-敦北,2024-11-08,9237
2062,橋椿,20,0,20,凱基-敦北,2024-11-08,9237
2353,宏��,19,1,18,凱基-敦北,2024-11-08,9237
4729,熒茂,22,5,17,凱基-敦北,2024-11-08,9237
6104,創惟,17,0,17,凱基-敦北,2024-11-08,9237
2543,皇昌,16,0,16,凱基-敦北,2024-11-08,9237
4967,十銓,15,0,15,凱基-敦北,2024-11-08,9237
00680L,元大美債20正2,17,2,15,凱基-敦北,2024-11-08,9237
1321,大洋,15,0,15,凱基-敦北,2024-11-08,9237
5225,東科-KY,15,0,15,凱基-敦北,2024-11-08,9237
6116,彩晶,15,0,15,凱基-敦北,2024-11-08,9237
2368,金像電,20,9,11,凱基-敦北,2024-11-08,9237
3163,波若威,11,0,11,凱基-敦北,2024-11-08,9237
1786,科妍,10,0,10,凱基-敦北,2024-11-08,9237
2303,聯電,16,6,10,凱基-敦北,2024-11-08,9237
4979,華星光,15,5,10,凱基-敦北,2024-11-08,9237
2421,建準,10,0,10,凱基-敦北,2024-11-08,9237
2889,國票金,10,0,10,凱基-敦北,2024-11-08,9237
3092,鴻碩,10,0,10,凱基-敦北,2024-11-08,9237
6288,聯嘉,10,0,10,凱基-敦北,2024-11-08,9237
2317,鴻海,15,5,10,凱基-敦北,2024-11-08,9237
6152,百一,9,0,9,凱基-敦北,2024-11-08,9237
3665,貿聯-KY,11,3,8,凱基-敦北,2024-11-08,9237
2646,星宇航空,7,0,7,凱基-敦北,2024-11-08,9237
2356,英業達,28,21,7,凱基-敦北,2024-11-08,9237
6282,康舒,7,0,7,凱基-敦北,2024-11-08,9237
00929,復華台灣科技優息,6,0,6,凱基-敦北,2024-11-08,9237
00679B,元大美債20年,7,1,6,凱基-敦北,2024-11-08,9237
1101B,台泥乙特,6,0,6,凱基-敦北,2024-11-08,9237
1536,和大,6,0,6,凱基-敦北,2024-11-08,9237
2314,台揚,7,1,6,凱基-敦北,2024-11-08,9237
2345,智邦,7,1,6,凱基-敦北,2024-11-08,9237
6830,汎銓,18,12,6,凱基-敦北,2024-11-08,9237
00900,富邦特選高股息30,5,0,5,凱基-敦北,2024-11-08,9237
8069,元太,9,4,5,凱基-敦北,2024-11-08,9237
1326,台化,5,0,5,凱基-敦北,2024-11-08,9237
2745,五福,5,0,5,凱基-敦北,2024-11-08,9237
3042,晶技,5,0,5,凱基-敦北,2024-11-08,9237
3044,健鼎,5,0,5,凱基-敦北,2024-11-08,9237
3550,聯穎,5,0,5,凱基-敦北,2024-11-08,9237
6505,台塑化,5,0,5,凱基-敦北,2024-11-08,9237
6791,虎門科技,5,0,5,凱基-敦北,2024-11-08,9237
1605,華新,5,0,5,凱基-敦北,2024-11-08,9237
8044,網家,100,0,100,凱基-敦北,2024-11-11,9237
3711,日月光投控,82,0,82,凱基-敦北,2024-11-11,9237
00753L,中信中國50正2,146,105,41,凱基-敦北,2024-11-11,9237
2399,映泰,89,51,38,凱基-敦北,2024-11-11,9237
2328,廣宇,35,0,35,凱基-敦北,2024-11-11,9237
00953B,群益優選非投等債,30,0,30,凱基-敦北,2024-11-11,9237
4729,熒茂,44,14,30,凱基-敦北,2024-11-11,9237
4303,信立,23,1,22,凱基-敦北,2024-11-11,9237
3231,緯創,36,14,22,凱基-敦北,2024-11-11,9237
1307,三芳,21,0,21,凱基-敦北,2024-11-11,9237
3013,晟銘電,76,55,21,凱基-敦北,2024-11-11,9237
2049,上銀,20,0,20,凱基-敦北,2024-11-11,9237
00948B,中信優息投資級債,20,0,20,凱基-敦北,2024-11-11,9237
6770,力積電,20,0,20,凱基-敦北,2024-11-11,9237
1326,台化,19,0,19,凱基-敦北,2024-11-11,9237
00878,國泰永續高股息,17,0,17,凱基-敦北,2024-11-11,9237
3049,精金,13,0,13,凱基-敦北,2024-11-11,9237
2104,國際中橡,12,0,12,凱基-敦北,2024-11-11,9237
2313,華通,12,0,12,凱基-敦北,2024-11-11,9237
2353,宏��,12,0,12,凱基-敦北,2024-11-11,9237
00637L,元大滬深300正2,133,123,10,凱基-敦北,2024-11-11,9237
1513,中興電,10,0,10,凱基-敦北,2024-11-11,9237
3290,東浦,10,0,10,凱基-敦北,2024-11-11,9237
3515,華擎,11,1,10,凱基-敦北,2024-11-11,9237
6163,華電網,10,0,10,凱基-敦北,2024-11-11,9237
6290,良維,10,0,10,凱基-敦北,2024-11-11,9237
6844,諾貝兒,10,0,10,凱基-敦北,2024-11-11,9237
8032,光菱,16,6,10,凱基-敦北,2024-11-11,9237
2609,陽明,9,0,9,凱基-敦北,2024-11-11,9237
8112,至上,8,0,8,凱基-敦北,2024-11-11,9237
2303,聯電,10,2,8,凱基-敦北,2024-11-11,9237
1321,大洋,8,0,8,凱基-敦北,2024-11-11,9237
2520,冠德,8,0,8,凱基-敦北,2024-11-11,9237
2615,萬海,11,4,7,凱基-敦北,2024-11-11,9237
1605,華新,9,2,7,凱基-敦北,2024-11-11,9237
00900,富邦特選高股息30,7,0,7,凱基-敦北,2024-11-11,9237
1584,精剛,7,0,7,凱基-敦北,2024-11-11,9237
2449,京元電子,6,0,6,凱基-敦北,2024-11-11,9237
5536,聖暉*,6,0,6,凱基-敦北,2024-11-11,9237
2337,旺宏,6,0,6,凱基-敦北,2024-11-11,9237
1201,味全,6,0,6,凱基-敦北,2024-11-11,9237
00915,凱基優選高股息30,6,0,6,凱基-敦北,2024-11-11,9237
5876,上海商銀,6,0,6,凱基-敦北,2024-11-11,9237
6517,保勝光學,6,0,6,凱基-敦北,2024-11-11,9237
00679B,元大美債20年,6,0,6,凱基-敦北,2024-11-11,9237
1229,聯華,5,0,5,凱基-敦北,2024-11-11,9237
00933B,國泰10Y+金融債,5,0,5,凱基-敦北,2024-11-11,9237
00650L,復華香港正2,5,0,5,凱基-敦北,2024-11-11,9237
2029,盛餘,5,0,5,凱基-敦北,2024-11-11,9237
2762,世界健身-KY,7,2,5,凱基-敦北,2024-11-11,9237
3706,神達,169,49,120,凱基-敦北,2024-11-12,9237
2892,第一金,124,10,114,凱基-敦北,2024-11-12,9237
2399,映泰,73,2,71,凱基-敦北,2024-11-12,9237
8044,網家,71,0,71,凱基-敦北,2024-11-12,9237
8096,擎亞,56,1,55,凱基-敦北,2024-11-12,9237
00878,國泰永續高股息,51,1,50,凱基-敦北,2024-11-12,9237
1307,三芳,40,0,40,凱基-敦北,2024-11-12,9237
2317,鴻海,38,1,37,凱基-敦北,2024-11-12,9237
2356,英業達,35,2,33,凱基-敦北,2024-11-12,9237
3711,日月光投控,32,0,32,凱基-敦北,2024-11-12,9237
00664R,國泰臺灣加權反1,30,0,30,凱基-敦北,2024-11-12,9237
6134,萬旭,48,18,30,凱基-敦北,2024-11-12,9237
2882,國泰金,25,0,25,凱基-敦北,2024-11-12,9237
00919,群益台灣精選高息,26,1,25,凱基-敦北,2024-11-12,9237
2444,兆勁,25,0,25,凱基-敦北,2024-11-12,9237
6830,汎銓,24,0,24,凱基-敦北,2024-11-12,9237
4903,聯光通,29,6,23,凱基-敦北,2024-11-12,9237
1321,大洋,22,0,22,凱基-敦北,2024-11-12,9237
2331,精英,22,0,22,凱基-敦北,2024-11-12,9237
0055,元大MSCI金融,21,0,21,凱基-敦北,2024-11-12,9237
6592,和潤企業,20,0,20,凱基-敦北,2024-11-12,9237
2609,陽明,59,39,20,凱基-敦北,2024-11-12,9237
6770,力積電,20,0,20,凱基-敦北,2024-11-12,9237
2354,鴻準,33,16,17,凱基-敦北,2024-11-12,9237
00915,凱基優選高股息30,17,0,17,凱基-敦北,2024-11-12,9237
0056,元大高股息,16,0,16,凱基-敦北,2024-11-12,9237
00675L,富邦臺灣加權正2,15,0,15,凱基-敦北,2024-11-12,9237
1314,中石化,14,0,14,凱基-敦北,2024-11-12,9237
2611,志信,14,0,14,凱基-敦北,2024-11-12,9237
5608,四維航,12,0,12,凱基-敦北,2024-11-12,9237
6505,台塑化,13,2,11,凱基-敦北,2024-11-12,9237
00929,復華台灣科技優息,13,3,10,凱基-敦北,2024-11-12,9237
2327,國巨,10,0,10,凱基-敦北,2024-11-12,9237
1584,精剛,10,0,10,凱基-敦北,2024-11-12,9237
1808,潤隆,10,0,10,凱基-敦北,2024-11-12,9237
2636,台驊控股,10,0,10,凱基-敦北,2024-11-12,9237
2371,大同,9,0,9,凱基-敦北,2024-11-12,9237
2883,凱基金,10,1,9,凱基-敦北,2024-11-12,9237
00637L,元大滬深300正2,99,91,8,凱基-敦北,2024-11-12,9237
00932,兆豐永續高息等權,8,0,8,凱基-敦北,2024-11-12,9237
2607,榮運,8,0,8,凱基-敦北,2024-11-12,9237
4968,立積,8,0,8,凱基-敦北,2024-11-12,9237
6104,創惟,17,9,8,凱基-敦北,2024-11-12,9237
6658,聯策,8,0,8,凱基-敦北,2024-11-12,9237
5871,中租-KY,7,0,7,凱基-敦北,2024-11-12,9237
5512,力麒,7,0,7,凱基-敦北,2024-11-12,9237
6197,佳必琪,7,0,7,凱基-敦北,2024-11-12,9237
00900,富邦特選高股息30,7,0,7,凱基-敦北,2024-11-12,9237
2421,建準,9,2,7,凱基-敦北,2024-11-12,9237
6207,雷科,9,2,7,凱基-敦北,2024-11-12,9237
00878,國泰永續高股息,57,0,57,凱基-敦北,2024-11-13,9237
00713,元大台灣高息低波,55,0,55,凱基-敦北,2024-11-13,9237
8044,網家,39,0,39,凱基-敦北,2024-11-13,9237
00937B,群益ESG投等債20,36,0,36,凱基-敦北,2024-11-13,9237
2882,國泰金,23,1,22,凱基-敦北,2024-11-13,9237
2029,盛餘,20,0,20,凱基-敦北,2024-11-13,9237
4916,事欣科,20,0,20,凱基-敦北,2024-11-13,9237
3013,晟銘電,68,50,18,凱基-敦北,2024-11-13,9237
6770,力積電,57,40,17,凱基-敦北,2024-11-13,9237
2476,鉅祥,15,0,15,凱基-敦北,2024-11-13,9237
2444,兆勁,15,0,15,凱基-敦北,2024-11-13,9237
3702A,大聯大甲特,15,0,15,凱基-敦北,2024-11-13,9237
8916,光隆,15,0,15,凱基-敦北,2024-11-13,9237
4168,醣聯,15,1,14,凱基-敦北,2024-11-13,9237
2636,台驊控股,12,0,12,凱基-敦北,2024-11-13,9237
2891,中信金,12,0,12,凱基-敦北,2024-11-13,9237
4931,新盛力,13,1,12,凱基-敦北,2024-11-13,9237
00753L,中信中國50正2,112,101,11,凱基-敦北,2024-11-13,9237
1605,華新,12,1,11,凱基-敦北,2024-11-13,9237
00675L,富邦臺灣加權正2,10,0,10,凱基-敦北,2024-11-13,9237
2387,精元,10,0,10,凱基-敦北,2024-11-13,9237
2399,映泰,31,21,10,凱基-敦北,2024-11-13,9237
4934,太極,10,0,10,凱基-敦北,2024-11-13,9237
2449,京元電子,9,0,9,凱基-敦北,2024-11-13,9237
00687B,國泰20年美債,9,0,9,凱基-敦北,2024-11-13,9237
6188,廣明,10,1,9,凱基-敦北,2024-11-13,9237
00665L,富邦�琤肭磪囓�2,29,21,8,凱基-敦北,2024-11-13,9237
0055,元大MSCI金融,7,0,7,凱基-敦北,2024-11-13,9237
1402,遠東新,7,0,7,凱基-敦北,2024-11-13,9237
2520,冠德,7,0,7,凱基-敦北,2024-11-13,9237
6005,群益證,6,0,6,凱基-敦北,2024-11-13,9237
00915,凱基優選高股息30,6,0,6,凱基-敦北,2024-11-13,9237
00647L,元大S＆P500正2,6,0,6,凱基-敦北,2024-11-13,9237
2356,英業達,8,2,6,凱基-敦北,2024-11-13,9237
6830,汎銓,42,36,6,凱基-敦北,2024-11-13,9237
9905,大華,6,0,6,凱基-敦北,2024-11-13,9237
0056,元大高股息,5,0,5,凱基-敦北,2024-11-13,9237
2330,台積電,5,0,5,凱基-敦北,2024-11-13,9237
00680L,元大美債20正2,5,0,5,凱基-敦北,2024-11-13,9237
00706L,期元大S＆P日圓正2,5,0,5,凱基-敦北,2024-11-13,9237
00715L,期街口布蘭特正2,5,0,5,凱基-敦北,2024-11-13,9237
1904,正隆,5,0,5,凱基-敦北,2024-11-13,9237
2606,裕民,5,0,5,凱基-敦北,2024-11-13,9237
2641,正德,5,0,5,凱基-敦北,2024-11-13,9237
3413,京鼎,5,0,5,凱基-敦北,2024-11-13,9237
3689,湧德,5,0,5,凱基-敦北,2024-11-13,9237
5871,中租-KY,5,0,5,凱基-敦北,2024-11-13,9237
00688L,國泰20年美債正2,4,0,4,凱基-敦北,2024-11-13,9237
2408,南亞科,4,0,4,凱基-敦北,2024-11-13,9237
2885,元大金,4,0,4,凱基-敦北,2024-11-13,9237
2892,第一金,503,0,503,凱基-敦北,2024-11-14,9237
2886,兆豐金,114,0,114,凱基-敦北,2024-11-14,9237
00878,國泰永續高股息,98,0,98,凱基-敦北,2024-11-14,9237
00857B,永豐20年美公債,80,0,80,凱基-敦北,2024-11-14,9237
00919,群益台灣精選高息,28,0,28,凱基-敦北,2024-11-14,9237
3037,欣興,35,8,27,凱基-敦北,2024-11-14,9237
3236,千如,22,0,22,凱基-敦北,2024-11-14,9237
4903,聯光通,22,0,22,凱基-敦北,2024-11-14,9237
6282,康舒,144,124,20,凱基-敦北,2024-11-14,9237
3706,神達,46,26,20,凱基-敦北,2024-11-14,9237
2618,長榮航,30,10,20,凱基-敦北,2024-11-14,9237
6151,晉倫,19,0,19,凱基-敦北,2024-11-14,9237
1217,愛之味,30,12,18,凱基-敦北,2024-11-14,9237
2392,正崴,22,6,16,凱基-敦北,2024-11-14,9237
6609,瀧澤科,16,0,16,凱基-敦北,2024-11-14,9237
00937B,群益ESG投等債20,15,0,15,凱基-敦北,2024-11-14,9237
0056,元大高股息,15,0,15,凱基-敦北,2024-11-14,9237
00929,復華台灣科技優息,19,6,13,凱基-敦北,2024-11-14,9237
00680L,元大美債20正2,16,3,13,凱基-敦北,2024-11-14,9237
2317,鴻海,13,0,13,凱基-敦北,2024-11-14,9237
2603,長榮,15,3,12,凱基-敦北,2024-11-14,9237
00940,元大台灣價值高息,11,0,11,凱基-敦北,2024-11-14,9237
6806,森崴能源,11,0,11,凱基-敦北,2024-11-14,9237
00922,國泰台灣領袖50,10,0,10,凱基-敦北,2024-11-14,9237
00899,FT潔淨能源,10,0,10,凱基-敦北,2024-11-14,9237
8183,精星,10,0,10,凱基-敦北,2024-11-14,9237
2382,廣達,9,0,9,凱基-敦北,2024-11-14,9237
0055,元大MSCI金融,9,0,9,凱基-敦北,2024-11-14,9237
2371,大同,9,0,9,凱基-敦北,2024-11-14,9237
4569,六方科-KY,9,0,9,凱基-敦北,2024-11-14,9237
3481,群創,8,0,8,凱基-敦北,2024-11-14,9237
6104,創惟,29,21,8,凱基-敦北,2024-11-14,9237
8064,東捷,38,30,8,凱基-敦北,2024-11-14,9237
9958,世紀鋼,7,0,7,凱基-敦北,2024-11-14,9237
2303,聯電,9,3,6,凱基-敦北,2024-11-14,9237
00915,凱基優選高股息30,6,0,6,凱基-敦北,2024-11-14,9237
2014,中鴻,6,0,6,凱基-敦北,2024-11-14,9237
0050,元大台灣50,5,0,5,凱基-敦北,2024-11-14,9237
3715,定穎投控,5,0,5,凱基-敦北,2024-11-14,9237
2476,鉅祥,5,0,5,凱基-敦北,2024-11-14,9237
1565,精華,5,0,5,凱基-敦北,2024-11-14,9237
2387,精元,15,10,5,凱基-敦北,2024-11-14,9237
2444,兆勁,5,0,5,凱基-敦北,2024-11-14,9237
2528,皇普,5,0,5,凱基-敦北,2024-11-14,9237
3005,神基,5,0,5,凱基-敦北,2024-11-14,9237
3576,聯合再生,5,0,5,凱基-敦北,2024-11-14,9237
3594,磐儀,5,0,5,凱基-敦北,2024-11-14,9237
4536,拓凱,5,0,5,凱基-敦北,2024-11-14,9237
4919,新唐,10,5,5,凱基-敦北,2024-11-14,9237
6190,萬泰科,5,0,5,凱基-敦北,2024-11-14,9237
00878,國泰永續高股息,361,13,348,凱基-敦北,2024-11-15,9237
00687B,國泰20年美債,133,7,126,凱基-敦北,2024-11-15,9237
3047,訊舟,70,0,70,凱基-敦北,2024-11-15,9237
2382,廣達,79,18,61,凱基-敦北,2024-11-15,9237
3712,永崴投控,51,1,50,凱基-敦北,2024-11-15,9237
3706,神達,94,49,45,凱基-敦北,2024-11-15,9237
8104,錸寶,40,4,36,凱基-敦北,2024-11-15,9237
0055,元大MSCI金融,34,0,34,凱基-敦北,2024-11-15,9237
3419,譁裕,25,0,25,凱基-敦北,2024-11-15,9237
3338,泰碩,26,2,24,凱基-敦北,2024-11-15,9237
2002,中鋼,30,7,23,凱基-敦北,2024-11-15,9237
3236,千如,22,0,22,凱基-敦北,2024-11-15,9237
2368,金像電,50,30,20,凱基-敦北,2024-11-15,9237
2345,智邦,19,1,18,凱基-敦北,2024-11-15,9237
6830,汎銓,31,13,18,凱基-敦北,2024-11-15,9237
2317,鴻海,28,11,17,凱基-敦北,2024-11-15,9237
2399,映泰,54,38,16,凱基-敦北,2024-11-15,9237
3702A,大聯大甲特,15,0,15,凱基-敦北,2024-11-15,9237
2303,聯電,14,0,14,凱基-敦北,2024-11-15,9237
2615,萬海,17,4,13,凱基-敦北,2024-11-15,9237
00895,富邦未來車,12,0,12,凱基-敦北,2024-11-15,9237
2356,英業達,12,0,12,凱基-敦北,2024-11-15,9237
00753L,中信中國50正2,121,110,11,凱基-敦北,2024-11-15,9237
2353,宏��,11,1,10,凱基-敦北,2024-11-15,9237
2412,中華電,10,0,10,凱基-敦北,2024-11-15,9237
3088,艾訊,10,0,10,凱基-敦北,2024-11-15,9237
3231,緯創,10,2,8,凱基-敦北,2024-11-15,9237
5309,系統電,47,39,8,凱基-敦北,2024-11-15,9237
2402,毅嘉,7,0,7,凱基-敦北,2024-11-15,9237
2887,台新金,7,0,7,凱基-敦北,2024-11-15,9237
6609,瀧澤科,7,0,7,凱基-敦北,2024-11-15,9237
0051,元大中型100,6,0,6,凱基-敦北,2024-11-15,9237
4168,醣聯,6,0,6,凱基-敦北,2024-11-15,9237
2606,裕民,6,0,6,凱基-敦北,2024-11-15,9237
2387,精元,5,0,5,凱基-敦北,2024-11-15,9237
2426,鼎元,5,0,5,凱基-敦北,2024-11-15,9237
4931,新盛力,25,20,5,凱基-敦北,2024-11-15,9237
6438,迅得,5,0,5,凱基-敦北,2024-11-15,9237
3293,鈊象,4,0,4,凱基-敦北,2024-11-15,9237
00891,中信關鍵半導體,4,0,4,凱基-敦北,2024-11-15,9237
1727,中華化,4,0,4,凱基-敦北,2024-11-15,9237
2409,友達,4,0,4,凱基-敦北,2024-11-15,9237
2520,冠德,4,0,4,凱基-敦北,2024-11-15,9237
2641,正德,4,0,4,凱基-敦北,2024-11-15,9237
4903,聯光通,4,0,4,凱基-敦北,2024-11-15,9237
2449,京元電子,6,3,3,凱基-敦北,2024-11-15,9237
3450,聯鈞,4,1,3,凱基-敦北,2024-11-15,9237
0056,元大高股息,7,4,3,凱基-敦北,2024-11-15,9237
3665,貿聯-KY,6,3,3,凱基-敦北,2024-11-15,9237
2489,瑞軒,5,2,3,凱基-敦北,2024-11-15,9237
8044,網家,101,0,101,凱基-敦北,2024-11-18,9237
00919,群益台灣精選高息,101,30,71,凱基-敦北,2024-11-18,9237
00878,國泰永續高股息,82,14,68,凱基-敦北,2024-11-18,9237
3062,建漢,51,0,51,凱基-敦北,2024-11-18,9237
00929,復華台灣科技優息,42,0,42,凱基-敦北,2024-11-18,9237
00948B,中信優息投資級債,35,0,35,凱基-敦北,2024-11-18,9237
2368,金像電,31,0,31,凱基-敦北,2024-11-18,9237
00887,永豐中國科技50大,26,0,26,凱基-敦北,2024-11-18,9237
3419,譁裕,26,0,26,凱基-敦北,2024-11-18,9237
6830,汎銓,36,13,23,凱基-敦北,2024-11-18,9237
2331,精英,21,0,21,凱基-敦北,2024-11-18,9237
1338,廣華-KY,20,0,20,凱基-敦北,2024-11-18,9237
3694,海華,20,0,20,凱基-敦北,2024-11-18,9237
3447,展達,17,0,17,凱基-敦北,2024-11-18,9237
3702A,大聯大甲特,15,0,15,凱基-敦北,2024-11-18,9237
2354,鴻準,95,82,13,凱基-敦北,2024-11-18,9237
3005,神基,12,0,12,凱基-敦北,2024-11-18,9237
6763,綠界科技*,14,2,12,凱基-敦北,2024-11-18,9237
00937B,群益ESG投等債20,21,10,11,凱基-敦北,2024-11-18,9237
1808,潤隆,10,0,10,凱基-敦北,2024-11-18,9237
3706,神達,33,23,10,凱基-敦北,2024-11-18,9237
5243,乙盛-KY,10,0,10,凱基-敦北,2024-11-18,9237
6160,欣技,10,0,10,凱基-敦北,2024-11-18,9237
1618,合機,9,0,9,凱基-敦北,2024-11-18,9237
00918,大華優利高填息30,8,0,8,凱基-敦北,2024-11-18,9237
00905,FT臺灣Smart,8,0,8,凱基-敦北,2024-11-18,9237
5386,青雲,9,1,8,凱基-敦北,2024-11-18,9237
2349,錸德,15,8,7,凱基-敦北,2024-11-18,9237
6104,創惟,17,10,7,凱基-敦北,2024-11-18,9237
2888,新光金,10,3,7,凱基-敦北,2024-11-18,9237
2892,第一金,32,26,6,凱基-敦北,2024-11-18,9237
00679B,元大美債20年,9,3,6,凱基-敦北,2024-11-18,9237
0050,元大台灣50,6,1,5,凱基-敦北,2024-11-18,9237
8996,高力,28,23,5,凱基-敦北,2024-11-18,9237
00963,中信全球高股息,5,0,5,凱基-敦北,2024-11-18,9237
1565,精華,7,2,5,凱基-敦北,2024-11-18,9237
1591,駿吉-KY,5,0,5,凱基-敦北,2024-11-18,9237
2328,廣宇,5,0,5,凱基-敦北,2024-11-18,9237
3044,健鼎,5,0,5,凱基-敦北,2024-11-18,9237
3236,千如,6,1,5,凱基-敦北,2024-11-18,9237
3356,奇偶,5,0,5,凱基-敦北,2024-11-18,9237
3689,湧德,8,3,5,凱基-敦北,2024-11-18,9237
4726,永昕,5,0,5,凱基-敦北,2024-11-18,9237
006208,富邦台50,4,0,4,凱基-敦北,2024-11-18,9237
2303,聯電,8,4,4,凱基-敦北,2024-11-18,9237
2344,華邦電,4,0,4,凱基-敦北,2024-11-18,9237
3518,柏騰,4,0,4,凱基-敦北,2024-11-18,9237
4168,醣聯,6,2,4,凱基-敦北,2024-11-18,9237
6691,洋基工程,4,0,4,凱基-敦北,2024-11-18,9237
2330,台積電,18,14,4,凱基-敦北,2024-11-18,9237
00634R,富邦上証反1,70,0,70,凱基-敦北,2024-11-19,9237
00637L,元大滬深300正2,131,78,53,凱基-敦北,2024-11-19,9237
3236,千如,51,0,51,凱基-敦北,2024-11-19,9237
2312,金寶,58,18,40,凱基-敦北,2024-11-19,9237
3419,譁裕,71,38,33,凱基-敦北,2024-11-19,9237
4977,眾達-KY,30,0,30,凱基-敦北,2024-11-19,9237
5243,乙盛-KY,26,1,25,凱基-敦北,2024-11-19,9237
00753L,中信中國50正2,20,0,20,凱基-敦北,2024-11-19,9237
2324,仁寶,21,1,20,凱基-敦北,2024-11-19,9237
2332,友訊,20,0,20,凱基-敦北,2024-11-19,9237
2834,臺企銀,22,2,20,凱基-敦北,2024-11-19,9237
3211,順達,18,0,18,凱基-敦北,2024-11-19,9237
3702A,大聯大甲特,15,0,15,凱基-敦北,2024-11-19,9237
1524,耿鼎,15,1,14,凱基-敦北,2024-11-19,9237
00752,中信中國50,13,0,13,凱基-敦北,2024-11-19,9237
2317,鴻海,16,5,11,凱基-敦北,2024-11-19,9237
3032,偉訓,121,110,11,凱基-敦北,2024-11-19,9237
2382,廣達,17,6,11,凱基-敦北,2024-11-19,9237
00639,富邦深100,10,0,10,凱基-敦北,2024-11-19,9237
00687B,國泰20年美債,10,0,10,凱基-敦北,2024-11-19,9237
2349,錸德,10,0,10,凱基-敦北,2024-11-19,9237
4906,正文,10,0,10,凱基-敦北,2024-11-19,9237
2354,鴻準,41,32,9,凱基-敦北,2024-11-19,9237
2329,華泰,11,2,9,凱基-敦北,2024-11-19,9237
3029,零壹,8,0,8,凱基-敦北,2024-11-19,9237
3413,京鼎,8,0,8,凱基-敦北,2024-11-19,9237
0050,元大台灣50,8,0,8,凱基-敦北,2024-11-19,9237
00932,兆豐永續高息等權,7,0,7,凱基-敦北,2024-11-19,9237
9105,泰金寶-DR,39,32,7,凱基-敦北,2024-11-19,9237
00940,元大台灣價值高息,7,0,7,凱基-敦北,2024-11-19,9237
9921,巨大,6,0,6,凱基-敦北,2024-11-19,9237
00891,中信關鍵半導體,6,0,6,凱基-敦北,2024-11-19,9237
2104,國際中橡,6,0,6,凱基-敦北,2024-11-19,9237
3231,緯創,20,15,5,凱基-敦北,2024-11-19,9237
00713,元大台灣高息低波,5,0,5,凱基-敦北,2024-11-19,9237
00963,中信全球高股息,5,0,5,凱基-敦北,2024-11-19,9237
1321,大洋,5,0,5,凱基-敦北,2024-11-19,9237
1786,科妍,5,0,5,凱基-敦北,2024-11-19,9237
2618,長榮航,6,1,5,凱基-敦北,2024-11-19,9237
3209,全科,13,8,5,凱基-敦北,2024-11-19,9237
4108,懷特,5,0,5,凱基-敦北,2024-11-19,9237
8091,翔名,5,0,5,凱基-敦北,2024-11-19,9237
2548,華固,5,0,5,凱基-敦北,2024-11-19,9237
6182,合晶,4,0,4,凱基-敦北,2024-11-19,9237
2457,飛宏,5,1,4,凱基-敦北,2024-11-19,9237
2477,美隆電,11,7,4,凱基-敦北,2024-11-19,9237
3450,聯鈞,6,2,4,凱基-敦北,2024-11-19,9237
3594,磐儀,5,1,4,凱基-敦北,2024-11-19,9237
00915,凱基優選高股息30,3,0,3,凱基-敦北,2024-11-19,9237
1319,東陽,3,0,3,凱基-敦北,2024-11-19,9237
3045,台灣大,253,0,253,凱基-敦北,2024-11-20,9237
2354,鴻準,151,44,107,凱基-敦北,2024-11-20,9237
00887,永豐中國科技50大,76,1,75,凱基-敦北,2024-11-20,9237
1587,吉茂,71,15,56,凱基-敦北,2024-11-20,9237
1815,富喬,73,23,50,凱基-敦北,2024-11-20,9237
2368,金像電,44,0,44,凱基-敦北,2024-11-20,9237
2356,英業達,43,1,42,凱基-敦北,2024-11-20,9237
2332,友訊,32,0,32,凱基-敦北,2024-11-20,9237
3231,緯創,34,4,30,凱基-敦北,2024-11-20,9237
1524,耿鼎,27,0,27,凱基-敦北,2024-11-20,9237
00945B,凱基美國非投等債,22,0,22,凱基-敦北,2024-11-20,9237
2328,廣宇,25,5,20,凱基-敦北,2024-11-20,9237
2477,美隆電,20,0,20,凱基-敦北,2024-11-20,9237
3015,全漢,20,0,20,凱基-敦北,2024-11-20,9237
3323,加百裕,28,9,19,凱基-敦北,2024-11-20,9237
00951,台新日本半導體,15,0,15,凱基-敦北,2024-11-20,9237
3236,千如,15,0,15,凱基-敦北,2024-11-20,9237
0056,元大高股息,14,0,14,凱基-敦北,2024-11-20,9237
3211,順達,13,0,13,凱基-敦北,2024-11-20,9237
00878,國泰永續高股息,12,0,12,凱基-敦北,2024-11-20,9237
00647L,元大S＆P500正2,12,0,12,凱基-敦北,2024-11-20,9237
3511,矽瑪,44,32,12,凱基-敦北,2024-11-20,9237
00713,元大台灣高息低波,11,0,11,凱基-敦北,2024-11-20,9237
3711,日月光投控,11,0,11,凱基-敦北,2024-11-20,9237
3032,偉訓,12,2,10,凱基-敦北,2024-11-20,9237
2609,陽明,99,91,8,凱基-敦北,2024-11-20,9237
2303,聯電,13,6,7,凱基-敦北,2024-11-20,9237
3037,欣興,6,0,6,凱基-敦北,2024-11-20,9237
00915,凱基優選高股息30,6,0,6,凱基-敦北,2024-11-20,9237
2413,環科,10,4,6,凱基-敦北,2024-11-20,9237
2524,京城,6,0,6,凱基-敦北,2024-11-20,9237
6129,普誠,6,0,6,凱基-敦北,2024-11-20,9237
00901,永豐智能車供應鏈,5,0,5,凱基-敦北,2024-11-20,9237
1303,南亞,5,0,5,凱基-敦北,2024-11-20,9237
1321,大洋,5,0,5,凱基-敦北,2024-11-20,9237
2405,輔信,6,1,5,凱基-敦北,2024-11-20,9237
2610,華航,5,0,5,凱基-敦北,2024-11-20,9237
4726,永昕,5,0,5,凱基-敦北,2024-11-20,9237
5536,聖暉*,6,1,5,凱基-敦北,2024-11-20,9237
2330,台積電,6,1,5,凱基-敦北,2024-11-20,9237
00960,野村全球航運龍頭,5,1,4,凱基-敦北,2024-11-20,9237
6177,達麗,4,0,4,凱基-敦北,2024-11-20,9237
6282,康舒,24,20,4,凱基-敦北,2024-11-20,9237
6509,聚和,4,0,4,凱基-敦北,2024-11-20,9237
8021,尖點,4,0,4,凱基-敦北,2024-11-20,9237
6187,萬潤,4,0,4,凱基-敦北,2024-11-20,9237
0050,元大台灣50,3,0,3,凱基-敦北,2024-11-20,9237
3665,貿聯-KY,5,2,3,凱基-敦北,2024-11-20,9237
006208,富邦台50,3,0,3,凱基-敦北,2024-11-20,9237
00881,國泰台灣5G+,3,0,3,凱基-敦北,2024-11-20,9237
1316,上曜,70,0,70,凱基-敦北,2024-11-21,9237
2610,華航,60,9,51,凱基-敦北,2024-11-21,9237
00919,群益台灣精選高息,26,0,26,凱基-敦北,2024-11-21,9237
1815,富喬,40,15,25,凱基-敦北,2024-11-21,9237
00937B,群益ESG投等債20,25,1,24,凱基-敦北,2024-11-21,9237
2636,台驊控股,24,0,24,凱基-敦北,2024-11-21,9237
3290,東浦,21,1,20,凱基-敦北,2024-11-21,9237
00878,國泰永續高股息,19,0,19,凱基-敦北,2024-11-21,9237
2204,中華,21,5,16,凱基-敦北,2024-11-21,9237
1314,中石化,15,0,15,凱基-敦北,2024-11-21,9237
3702A,大聯大甲特,13,0,13,凱基-敦北,2024-11-21,9237
3706,神達,23,10,13,凱基-敦北,2024-11-21,9237
2520,冠德,12,0,12,凱基-敦北,2024-11-21,9237
9105,泰金寶-DR,24,12,12,凱基-敦北,2024-11-21,9237
2002,中鋼,11,0,11,凱基-敦北,2024-11-21,9237
2345,智邦,11,0,11,凱基-敦北,2024-11-21,9237
00959B,大華投等美債15Y+,10,0,10,凱基-敦北,2024-11-21,9237
1321,大洋,10,0,10,凱基-敦北,2024-11-21,9237
1618,合機,10,0,10,凱基-敦北,2024-11-21,9237
3207,耀勝,12,2,10,凱基-敦北,2024-11-21,9237
3483,力致,10,0,10,凱基-敦北,2024-11-21,9237
3511,矽瑪,12,2,10,凱基-敦北,2024-11-21,9237
0056,元大高股息,9,0,9,凱基-敦北,2024-11-21,9237
1587,吉茂,29,20,9,凱基-敦北,2024-11-21,9237
2324,仁寶,9,1,8,凱基-敦北,2024-11-21,9237
2303,聯電,14,7,7,凱基-敦北,2024-11-21,9237
4931,新盛力,7,0,7,凱基-敦北,2024-11-21,9237
2330,台積電,7,0,7,凱基-敦北,2024-11-21,9237
3450,聯鈞,6,0,6,凱基-敦北,2024-11-21,9237
00943,兆豐電子高息等權,5,0,5,凱基-敦北,2024-11-21,9237
00934,中信成長高股息,5,0,5,凱基-敦北,2024-11-21,9237
00950B,凱基A級公司債,5,0,5,凱基-敦北,2024-11-21,9237
2313,華通,7,2,5,凱基-敦北,2024-11-21,9237
2495,普安,5,0,5,凱基-敦北,2024-11-21,9237
2615,萬海,15,10,5,凱基-敦北,2024-11-21,9237
3625,西勝,5,0,5,凱基-敦北,2024-11-21,9237
4168,醣聯,5,0,5,凱基-敦北,2024-11-21,9237
0050,元大台灣50,8,4,4,凱基-敦北,2024-11-21,9237
1786,科妍,4,0,4,凱基-敦北,2024-11-21,9237
2357,華碩,4,0,4,凱基-敦北,2024-11-21,9237
2457,飛宏,5,1,4,凱基-敦北,2024-11-21,9237
5388,中磊,4,0,4,凱基-敦北,2024-11-21,9237
6120,達運,5,1,4,凱基-敦北,2024-11-21,9237
6165,浪凡,4,0,4,凱基-敦北,2024-11-21,9237
6642,富致,4,0,4,凱基-敦北,2024-11-21,9237
2881,富邦金,4,0,4,凱基-敦北,2024-11-21,9237
2603,長榮,8,5,3,凱基-敦北,2024-11-21,9237
2353,宏��,4,1,3,凱基-敦北,2024-11-21,9237
3013,晟銘電,26,23,3,凱基-敦北,2024-11-21,9237
2308,台達電,20,17,3,凱基-敦北,2024-11-21,9237
00637L,元大滬深300正2,142,97,45,凱基-敦北,2024-11-22,9237
1815,富喬,81,39,42,凱基-敦北,2024-11-22,9237
3015,全漢,40,11,29,凱基-敦北,2024-11-22,9237
1314,中石化,25,0,25,凱基-敦北,2024-11-22,9237
2368,金像電,65,41,24,凱基-敦北,2024-11-22,9237
2867,三商壽,24,0,24,凱基-敦北,2024-11-22,9237
00959B,大華投等美債15Y+,23,0,23,凱基-敦北,2024-11-22,9237
3712,永崴投控,21,0,21,凱基-敦北,2024-11-22,9237
3081,聯亞,21,1,20,凱基-敦北,2024-11-22,9237
1471,首利,20,0,20,凱基-敦北,2024-11-22,9237
1809,中釉,21,1,20,凱基-敦北,2024-11-22,9237
6706,惠特,20,0,20,凱基-敦北,2024-11-22,9237
00632R,元大台灣50反1,15,0,15,凱基-敦北,2024-11-22,9237
2356,英業達,19,8,11,凱基-敦北,2024-11-22,9237
00656R,國泰中國A50反1,10,0,10,凱基-敦北,2024-11-22,9237
1569,濱川,11,1,10,凱基-敦北,2024-11-22,9237
4977,眾達-KY,10,0,10,凱基-敦北,2024-11-22,9237
2882,國泰金,10,0,10,凱基-敦北,2024-11-22,9237
5309,系統電,16,7,9,凱基-敦北,2024-11-22,9237
2002,中鋼,10,2,8,凱基-敦北,2024-11-22,9237
3041,揚智,8,0,8,凱基-敦北,2024-11-22,9237
3702A,大聯大甲特,7,0,7,凱基-敦北,2024-11-22,9237
6531,愛普*,7,0,7,凱基-敦北,2024-11-22,9237
8086,宏捷科,32,25,7,凱基-敦北,2024-11-22,9237
2408,南亞科,7,0,7,凱基-敦北,2024-11-22,9237
3323,加百裕,26,20,6,凱基-敦北,2024-11-22,9237
2524,京城,6,0,6,凱基-敦北,2024-11-22,9237
3037,欣興,11,5,6,凱基-敦北,2024-11-22,9237
2609,陽明,22,16,6,凱基-敦北,2024-11-22,9237
3511,矽瑪,12,7,5,凱基-敦北,2024-11-22,9237
5876,上海商銀,5,0,5,凱基-敦北,2024-11-22,9237
1326,台化,5,0,5,凱基-敦北,2024-11-22,9237
1618,合機,5,0,5,凱基-敦北,2024-11-22,9237
4168,醣聯,5,0,5,凱基-敦北,2024-11-22,9237
4991,環宇-KY,5,0,5,凱基-敦北,2024-11-22,9237
6806,森崴能源,5,0,5,凱基-敦北,2024-11-22,9237
8039,台虹,5,0,5,凱基-敦北,2024-11-22,9237
8091,翔名,5,0,5,凱基-敦北,2024-11-22,9237
2615,萬海,9,5,4,凱基-敦北,2024-11-22,9237
00937B,群益ESG投等債20,4,0,4,凱基-敦北,2024-11-22,9237
2204,中華,6,2,4,凱基-敦北,2024-11-22,9237
2367,燿華,11,7,4,凱基-敦北,2024-11-22,9237
2409,友達,4,0,4,凱基-敦北,2024-11-22,9237
2636,台驊控股,4,0,4,凱基-敦北,2024-11-22,9237
3376,新日興,4,0,4,凱基-敦北,2024-11-22,9237
0050,元大台灣50,8,4,4,凱基-敦北,2024-11-22,9237
2449,京元電子,13,9,4,凱基-敦北,2024-11-22,9237
0056,元大高股息,4,1,3,凱基-敦北,2024-11-22,9237
6282,康舒,3,0,3,凱基-敦北,2024-11-22,9237
3499,環天科,3,0,3,凱基-敦北,2024-11-22,9237
00753L,中信中國50正2,155,0,155,凱基-敦北,2024-11-25,9237
2371,大同,105,11,94,凱基-敦北,2024-11-25,9237
4729,熒茂,101,11,90,凱基-敦北,2024-11-25,9237
1809,中釉,40,0,40,凱基-敦北,2024-11-25,9237
5443,均豪,40,0,40,凱基-敦北,2024-11-25,9237
2204,中華,42,14,28,凱基-敦北,2024-11-25,9237
9105,泰金寶-DR,61,39,22,凱基-敦北,2024-11-25,9237
00905,FT臺灣Smart,20,0,20,凱基-敦北,2024-11-25,9237
4907,富宇,20,1,19,凱基-敦北,2024-11-25,9237
3211,順達,18,0,18,凱基-敦北,2024-11-25,9237
00887,永豐中國科技50大,16,0,16,凱基-敦北,2024-11-25,9237
00650L,復華香港正2,15,0,15,凱基-敦北,2024-11-25,9237
3481,群創,13,0,13,凱基-敦北,2024-11-25,9237
8086,宏捷科,24,11,13,凱基-敦北,2024-11-25,9237
00637L,元大滬深300正2,103,91,12,凱基-敦北,2024-11-25,9237
6005,群益證,12,0,12,凱基-敦北,2024-11-25,9237
6218,豪勉,11,0,11,凱基-敦北,2024-11-25,9237
3706,神達,47,36,11,凱基-敦北,2024-11-25,9237
00878,國泰永續高股息,11,1,10,凱基-敦北,2024-11-25,9237
00641R,富邦日本反1,20,10,10,凱基-敦北,2024-11-25,9237
2883B,凱基金乙特,10,0,10,凱基-敦北,2024-11-25,9237
1785,光洋科,9,0,9,凱基-敦北,2024-11-25,9237
3380,明泰,12,3,9,凱基-敦北,2024-11-25,9237
6205,詮欣,9,0,9,凱基-敦北,2024-11-25,9237
2354,鴻準,35,26,9,凱基-敦北,2024-11-25,9237
1815,富喬,33,24,9,凱基-敦北,2024-11-25,9237
2449,京元電子,9,1,8,凱基-敦北,2024-11-25,9237
6523,達爾膚,8,0,8,凱基-敦北,2024-11-25,9237
2444,兆勁,10,3,7,凱基-敦北,2024-11-25,9237
00665L,富邦�琤肭磪囓�2,6,0,6,凱基-敦北,2024-11-25,9237
2530,華建,6,0,6,凱基-敦北,2024-11-25,9237
2887,台新金,6,0,6,凱基-敦北,2024-11-25,9237
5876,上海商銀,5,0,5,凱基-敦北,2024-11-25,9237
2303,聯電,7,2,5,凱基-敦北,2024-11-25,9237
1587,吉茂,5,0,5,凱基-敦北,2024-11-25,9237
3005,神基,5,0,5,凱基-敦北,2024-11-25,9237
5353,台林,5,0,5,凱基-敦北,2024-11-25,9237
8011,台通,5,0,5,凱基-敦北,2024-11-25,9237
8091,翔名,5,0,5,凱基-敦北,2024-11-25,9237
2382,廣達,8,4,4,凱基-敦北,2024-11-25,9237
2618,長榮航,8,4,4,凱基-敦北,2024-11-25,9237
3032,偉訓,5,1,4,凱基-敦北,2024-11-25,9237
3354,律勝,4,0,4,凱基-敦北,2024-11-25,9237
5465,富驊,4,0,4,凱基-敦北,2024-11-25,9237
2881,富邦金,5,1,4,凱基-敦北,2024-11-25,9237
2330,台積電,4,1,3,凱基-敦北,2024-11-25,9237
6187,萬潤,3,0,3,凱基-敦北,2024-11-25,9237
6869,雲豹能源,3,0,3,凱基-敦北,2024-11-25,9237
2474,可成,4,1,3,凱基-敦北,2024-11-25,9237
2520,冠德,3,0,3,凱基-敦北,2024-11-25,9237
2368,金像電,125,25,100,凱基-敦北,2024-11-26,9237
5309,系統電,72,13,59,凱基-敦北,2024-11-26,9237
6104,創惟,49,9,40,凱基-敦北,2024-11-26,9237
2317,鴻海,39,7,32,凱基-敦北,2024-11-26,9237
2915,潤泰全,30,0,30,凱基-敦北,2024-11-26,9237
3702A,大聯大甲特,26,0,26,凱基-敦北,2024-11-26,9237
00937B,群益ESG投等債20,30,6,24,凱基-敦北,2024-11-26,9237
4916,事欣科,23,1,22,凱基-敦北,2024-11-26,9237
1321,大洋,20,0,20,凱基-敦北,2024-11-26,9237
00929,復華台灣科技優息,46,29,17,凱基-敦北,2024-11-26,9237
2371,大同,19,2,17,凱基-敦北,2024-11-26,9237
3236,千如,16,0,16,凱基-敦北,2024-11-26,9237
00878,國泰永續高股息,14,0,14,凱基-敦北,2024-11-26,9237
00915,凱基優選高股息30,14,0,14,凱基-敦北,2024-11-26,9237
00918,大華優利高填息30,13,0,13,凱基-敦北,2024-11-26,9237
3552,同致,12,0,12,凱基-敦北,2024-11-26,9237
6213,聯茂,12,0,12,凱基-敦北,2024-11-26,9237
6830,汎銓,12,0,12,凱基-敦北,2024-11-26,9237
2312,金寶,26,15,11,凱基-敦北,2024-11-26,9237
5880,合庫金,11,0,11,凱基-敦北,2024-11-26,9237
2886,兆豐金,11,0,11,凱基-敦北,2024-11-26,9237
6282,康舒,10,0,10,凱基-敦北,2024-11-26,9237
3081,聯亞,11,1,10,凱基-敦北,2024-11-26,9237
2331,精英,10,0,10,凱基-敦北,2024-11-26,9237
2444,兆勁,12,2,10,凱基-敦北,2024-11-26,9237
2867,三商壽,10,0,10,凱基-敦北,2024-11-26,9237
2892,第一金,10,0,10,凱基-敦北,2024-11-26,9237
3167,大量,10,0,10,凱基-敦北,2024-11-26,9237
4526,東台,16,6,10,凱基-敦北,2024-11-26,9237
2204,中華,22,12,10,凱基-敦北,2024-11-26,9237
3211,順達,9,0,9,凱基-敦北,2024-11-26,9237
2392,正崴,11,3,8,凱基-敦北,2024-11-26,9237
2376,技嘉,8,0,8,凱基-敦北,2024-11-26,9237
2530,華建,8,0,8,凱基-敦北,2024-11-26,9237
2618,長榮航,8,0,8,凱基-敦北,2024-11-26,9237
3231,緯創,17,9,8,凱基-敦北,2024-11-26,9237
2330,台積電,8,0,8,凱基-敦北,2024-11-26,9237
3450,聯鈞,7,0,7,凱基-敦北,2024-11-26,9237
00864B,中信美國公債0-1,6,0,6,凱基-敦北,2024-11-26,9237
00751B,元大AAA至A公司債,6,0,6,凱基-敦北,2024-11-26,9237
00720B,元大投資級公司債,6,0,6,凱基-敦北,2024-11-26,9237
6214,精誠,6,0,6,凱基-敦北,2024-11-26,9237
9105,泰金寶-DR,58,53,5,凱基-敦北,2024-11-26,9237
4927,泰鼎-KY,5,0,5,凱基-敦北,2024-11-26,9237
00713,元大台灣高息低波,4,0,4,凱基-敦北,2024-11-26,9237
2417,圓剛,7,3,4,凱基-敦北,2024-11-26,9237
4979,華星光,9,5,4,凱基-敦北,2024-11-26,9237
2382,廣達,3,0,3,凱基-敦北,2024-11-26,9237
1786,科妍,3,0,3,凱基-敦北,2024-11-26,9237
00930,永豐ESG低碳高息,3,0,3,凱基-敦北,2024-11-26,9237
4526,東台,125,15,110,凱基-敦北,2024-11-27,9237
0056,元大高股息,44,1,43,凱基-敦北,2024-11-27,9237
1815,富喬,59,17,42,凱基-敦北,2024-11-27,9237
2303,聯電,42,1,41,凱基-敦北,2024-11-27,9237
2915,潤泰全,40,0,40,凱基-敦北,2024-11-27,9237
2317,鴻海,48,10,38,凱基-敦北,2024-11-27,9237
2609,陽明,51,17,34,凱基-敦北,2024-11-27,9237
00918,大華優利高填息30,34,1,33,凱基-敦北,2024-11-27,9237
00878,國泰永續高股息,31,0,31,凱基-敦北,2024-11-27,9237
00945B,凱基美國非投等債,30,0,30,凱基-敦北,2024-11-27,9237
00915,凱基優選高股息30,27,0,27,凱基-敦北,2024-11-27,9237
00919,群益台灣精選高息,27,1,26,凱基-敦北,2024-11-27,9237
4979,華星光,31,6,25,凱基-敦北,2024-11-27,9237
1569,濱川,21,0,21,凱基-敦北,2024-11-27,9237
3289,宜特,21,0,21,凱基-敦北,2024-11-27,9237
2412,中華電,21,0,21,凱基-敦北,2024-11-27,9237
5243,乙盛-KY,20,0,20,凱基-敦北,2024-11-27,9237
6830,汎銓,17,0,17,凱基-敦北,2024-11-27,9237
2354,鴻準,33,16,17,凱基-敦北,2024-11-27,9237
4991,環宇-KY,18,2,16,凱基-敦北,2024-11-27,9237
3033,威健,16,0,16,凱基-敦北,2024-11-27,9237
6234,高僑,28,12,16,凱基-敦北,2024-11-27,9237
9105,泰金寶-DR,30,15,15,凱基-敦北,2024-11-27,9237
2369,菱生,15,0,15,凱基-敦北,2024-11-27,9237
2603,長榮,27,12,15,凱基-敦北,2024-11-27,9237
2344,華邦電,14,1,13,凱基-敦北,2024-11-27,9237
3236,千如,13,0,13,凱基-敦北,2024-11-27,9237
1504,東元,15,3,12,凱基-敦北,2024-11-27,9237
2332,友訊,15,3,12,凱基-敦北,2024-11-27,9237
3702A,大聯大甲特,12,0,12,凱基-敦北,2024-11-27,9237
00713,元大台灣高息低波,14,2,12,凱基-敦北,2024-11-27,9237
0050,元大台灣50,14,2,12,凱基-敦北,2024-11-27,9237
2002,中鋼,11,0,11,凱基-敦北,2024-11-27,9237
3090,日電貿,14,3,11,凱基-敦北,2024-11-27,9237
4916,事欣科,12,1,11,凱基-敦北,2024-11-27,9237
5871,中租-KY,11,0,11,凱基-敦北,2024-11-27,9237
2330,台積電,11,0,11,凱基-敦北,2024-11-27,9237
00648R,元大S＆P500反1,10,0,10,凱基-敦北,2024-11-27,9237
1217,愛之味,10,0,10,凱基-敦北,2024-11-27,9237
2634,漢翔,12,2,10,凱基-敦北,2024-11-27,9237
3162,精確,10,0,10,凱基-敦北,2024-11-27,9237
4726,永昕,10,0,10,凱基-敦北,2024-11-27,9237
6589,台康生技,10,0,10,凱基-敦北,2024-11-27,9237
8163,達方,56,46,10,凱基-敦北,2024-11-27,9237
2357,華碩,9,0,9,凱基-敦北,2024-11-27,9237
1303,南亞,9,0,9,凱基-敦北,2024-11-27,9237
1503,士電,9,0,9,凱基-敦北,2024-11-27,9237
00680L,元大美債20正2,10,2,8,凱基-敦北,2024-11-27,9237
6104,創惟,24,16,8,凱基-敦北,2024-11-27,9237
00887,永豐中國科技50大,12,5,7,凱基-敦北,2024-11-27,9237
0050,元大台灣50,246,0,246,凱基-敦北,2024-11-28,9237
00676R,富邦臺灣加權反1,150,0,150,凱基-敦北,2024-11-28,9237
00940,元大台灣價值高息,83,0,83,凱基-敦北,2024-11-28,9237
6134,萬旭,46,0,46,凱基-敦北,2024-11-28,9237
00887,永豐中國科技50大,36,1,35,凱基-敦北,2024-11-28,9237
2426,鼎元,33,0,33,凱基-敦北,2024-11-28,9237
00665L,富邦�琤肭磪囓�2,30,0,30,凱基-敦北,2024-11-28,9237
00948B,中信優息投資級債,30,0,30,凱基-敦北,2024-11-28,9237
8112,至上,30,0,30,凱基-敦北,2024-11-28,9237
2419,仲琦,34,6,28,凱基-敦北,2024-11-28,9237
6558,興能高,32,5,27,凱基-敦北,2024-11-28,9237
2330,台積電,26,1,25,凱基-敦北,2024-11-28,9237
2344,華邦電,30,5,25,凱基-敦北,2024-11-28,9237
00878,國泰永續高股息,21,0,21,凱基-敦北,2024-11-28,9237
2303,聯電,23,2,21,凱基-敦北,2024-11-28,9237
8044,網家,21,0,21,凱基-敦北,2024-11-28,9237
00919,群益台灣精選高息,30,10,20,凱基-敦北,2024-11-28,9237
0056,元大高股息,18,0,18,凱基-敦北,2024-11-28,9237
2354,鴻準,56,38,18,凱基-敦北,2024-11-28,9237
8111,立��,17,0,17,凱基-敦北,2024-11-28,9237
2371,大同,17,2,15,凱基-敦北,2024-11-28,9237
00929,復華台灣科技優息,16,2,14,凱基-敦北,2024-11-28,9237
2317,鴻海,25,11,14,凱基-敦北,2024-11-28,9237
00918,大華優利高填息30,13,0,13,凱基-敦北,2024-11-28,9237
00946,群益科技高息成長,11,0,11,凱基-敦北,2024-11-28,9237
9105,泰金寶-DR,24,14,10,凱基-敦北,2024-11-28,9237
00641R,富邦日本反1,10,0,10,凱基-敦北,2024-11-28,9237
2495,普安,10,0,10,凱基-敦北,2024-11-28,9237
3167,大量,10,0,10,凱基-敦北,2024-11-28,9237
3447,展達,10,0,10,凱基-敦北,2024-11-28,9237
3576,聯合再生,10,1,9,凱基-敦北,2024-11-28,9237
2367,燿華,7,0,7,凱基-敦北,2024-11-28,9237
4927,泰鼎-KY,7,0,7,凱基-敦北,2024-11-28,9237
1519,華城,8,2,6,凱基-敦北,2024-11-28,9237
2382,廣達,7,2,5,凱基-敦北,2024-11-28,9237
2618,長榮航,14,9,5,凱基-敦北,2024-11-28,9237
1531,高林股,5,0,5,凱基-敦北,2024-11-28,9237
2891,中信金,5,0,5,凱基-敦北,2024-11-28,9237
6770,力積電,6,1,5,凱基-敦北,2024-11-28,9237
8069,元太,5,0,5,凱基-敦北,2024-11-28,9237
8429,金麗-KY,5,0,5,凱基-敦北,2024-11-28,9237
3323,加百裕,7,2,5,凱基-敦北,2024-11-28,9237
00922,國泰台灣領袖50,4,0,4,凱基-敦北,2024-11-28,9237
2312,金寶,6,2,4,凱基-敦北,2024-11-28,9237
2392,正崴,5,1,4,凱基-敦北,2024-11-28,9237
2617,台航,4,0,4,凱基-敦北,2024-11-28,9237
6234,高僑,8,4,4,凱基-敦北,2024-11-28,9237
3711,日月光投控,4,0,4,凱基-敦北,2024-11-28,9237
2369,菱生,3,0,3,凱基-敦北,2024-11-28,9237
2605,新興,3,0,3,凱基-敦北,2024-11-28,9237
3706,神達,137,47,90,凱基-敦北,2024-11-29,9237
2915,潤泰全,40,0,40,凱基-敦北,2024-11-29,9237
00919,群益台灣精選高息,28,0,28,凱基-敦北,2024-11-29,9237
0050,元大台灣50,26,0,26,凱基-敦北,2024-11-29,9237
2344,華邦電,26,0,26,凱基-敦北,2024-11-29,9237
00929,復華台灣科技優息,25,0,25,凱基-敦北,2024-11-29,9237
2332,友訊,46,22,24,凱基-敦北,2024-11-29,9237
3419,譁裕,20,0,20,凱基-敦北,2024-11-29,9237
2330,台積電,18,1,17,凱基-敦北,2024-11-29,9237
2426,鼎元,34,17,17,凱基-敦北,2024-11-29,9237
00878,國泰永續高股息,15,0,15,凱基-敦北,2024-11-29,9237
2888,新光金,15,0,15,凱基-敦北,2024-11-29,9237
1301,台塑,15,2,13,凱基-敦北,2024-11-29,9237
3289,宜特,10,0,10,凱基-敦北,2024-11-29,9237
5355,佳總,10,0,10,凱基-敦北,2024-11-29,9237
2317,鴻海,16,7,9,凱基-敦北,2024-11-29,9237
00946,群益科技高息成長,9,0,9,凱基-敦北,2024-11-29,9237
00940,元大台灣價值高息,21,12,9,凱基-敦北,2024-11-29,9237
3236,千如,9,0,9,凱基-敦北,2024-11-29,9237
0056,元大高股息,14,6,8,凱基-敦北,2024-11-29,9237
2474,可成,10,2,8,凱基-敦北,2024-11-29,9237
2881,富邦金,7,0,7,凱基-敦北,2024-11-29,9237
2312,金寶,28,21,7,凱基-敦北,2024-11-29,9237
2548,華固,6,0,6,凱基-敦北,2024-11-29,9237
2382,廣達,12,6,6,凱基-敦北,2024-11-29,9237
00934,中信成長高股息,6,0,6,凱基-敦北,2024-11-29,9237
00665L,富邦�琤肭磪囓�2,6,0,6,凱基-敦北,2024-11-29,9237
3702A,大聯大甲特,6,0,6,凱基-敦北,2024-11-29,9237
8111,立��,6,0,6,凱基-敦北,2024-11-29,9237
00915,凱基優選高股息30,5,0,5,凱基-敦北,2024-11-29,9237
2882,國泰金,26,21,5,凱基-敦北,2024-11-29,9237
00687B,國泰20年美債,5,0,5,凱基-敦北,2024-11-29,9237
00684R,期元大美元指反1,5,0,5,凱基-敦北,2024-11-29,9237
1314,中石化,5,0,5,凱基-敦北,2024-11-29,9237
2472,立隆電,9,4,5,凱基-敦北,2024-11-29,9237
3060,銘異,5,0,5,凱基-敦北,2024-11-29,9237
4927,泰鼎-KY,5,0,5,凱基-敦北,2024-11-29,9237
006208,富邦台50,4,0,4,凱基-敦北,2024-11-29,9237
2211,長榮鋼,4,0,4,凱基-敦北,2024-11-29,9237
2301,光寶科,4,0,4,凱基-敦北,2024-11-29,9237
2884,玉山金,6,2,4,凱基-敦北,2024-11-29,9237
2609,陽明,14,10,4,凱基-敦北,2024-11-29,9237
2891,中信金,3,0,3,凱基-敦北,2024-11-29,9237
00713,元大台灣高息低波,3,0,3,凱基-敦北,2024-11-29,9237
00738U,期元大道瓊白銀,3,0,3,凱基-敦北,2024-11-29,9237
00632R,元大台灣50反1,3,0,3,凱基-敦北,2024-11-29,9237
1455,集盛,3,0,3,凱基-敦北,2024-11-29,9237
2308,台達電,4,1,3,凱基-敦北,2024-11-29,9237
2417,圓剛,3,0,3,凱基-敦北,2024-11-29,9237
4127,天良,3,0,3,凱基-敦北,2024-11-29,9237
00632R,元大台灣50反1,144,0,144,凱基-敦北,2024-12-02,9237
00676R,富邦臺灣加權反1,100,0,100,凱基-敦北,2024-12-02,9237
2312,金寶,98,5,93,凱基-敦北,2024-12-02,9237
3706,神達,66,3,63,凱基-敦北,2024-12-02,9237
3211,順達,46,5,41,凱基-敦北,2024-12-02,9237
1815,富喬,32,5,27,凱基-敦北,2024-12-02,9237
1785,光洋科,25,1,24,凱基-敦北,2024-12-02,9237
3236,千如,22,0,22,凱基-敦北,2024-12-02,9237
3702A,大聯大甲特,20,0,20,凱基-敦北,2024-12-02,9237
00713,元大台灣高息低波,19,0,19,凱基-敦北,2024-12-02,9237
00918,大華優利高填息30,18,0,18,凱基-敦北,2024-12-02,9237
3149,正達,18,0,18,凱基-敦北,2024-12-02,9237
1736,喬山,15,0,15,凱基-敦北,2024-12-02,9237
3003,健和興,15,0,15,凱基-敦北,2024-12-02,9237
4726,永昕,16,1,15,凱基-敦北,2024-12-02,9237
1449,佳和,12,0,12,凱基-敦北,2024-12-02,9237
3380,明泰,24,12,12,凱基-敦北,2024-12-02,9237
00878,國泰永續高股息,16,5,11,凱基-敦北,2024-12-02,9237
2317,鴻海,12,1,11,凱基-敦北,2024-12-02,9237
2354,鴻準,16,6,10,凱基-敦北,2024-12-02,9237
4123,晟德,10,0,10,凱基-敦北,2024-12-02,9237
1314,中石化,10,0,10,凱基-敦北,2024-12-02,9237
1321,大洋,10,0,10,凱基-敦北,2024-12-02,9237
3032,偉訓,10,0,10,凱基-敦北,2024-12-02,9237
3402,漢科,10,0,10,凱基-敦北,2024-12-02,9237
3576,聯合再生,10,0,10,凱基-敦北,2024-12-02,9237
4909,新復興,10,1,9,凱基-敦北,2024-12-02,9237
6134,萬旭,9,0,9,凱基-敦北,2024-12-02,9237
2002,中鋼,8,0,8,凱基-敦北,2024-12-02,9237
00915,凱基優選高股息30,7,0,7,凱基-敦北,2024-12-02,9237
00921,兆豐龍頭等權重,6,0,6,凱基-敦北,2024-12-02,9237
2474,可成,6,0,6,凱基-敦北,2024-12-02,9237
00665L,富邦�琤肭磪囓�2,5,0,5,凱基-敦北,2024-12-02,9237
2243,宏旭-KY,5,0,5,凱基-敦北,2024-12-02,9237
2351,順德,6,1,5,凱基-敦北,2024-12-02,9237
2356,英業達,5,0,5,凱基-敦北,2024-12-02,9237
4168,醣聯,5,0,5,凱基-敦北,2024-12-02,9237
6111,大宇資,5,0,5,凱基-敦北,2024-12-02,9237
2014,中鴻,4,0,4,凱基-敦北,2024-12-02,9237
2337,旺宏,4,0,4,凱基-敦北,2024-12-02,9237
2637,慧洋-KY,4,0,4,凱基-敦北,2024-12-02,9237
4157,太景*-KY,4,0,4,凱基-敦北,2024-12-02,9237
8021,尖點,4,0,4,凱基-敦北,2024-12-02,9237
8112,至上,8,4,4,凱基-敦北,2024-12-02,9237
00919,群益台灣精選高息,3,0,3,凱基-敦北,2024-12-02,9237
1536,和大,11,8,3,凱基-敦北,2024-12-02,9237
1582,信錦,3,0,3,凱基-敦北,2024-12-02,9237
1717,長興,3,0,3,凱基-敦北,2024-12-02,9237
2367,燿華,3,0,3,凱基-敦北,2024-12-02,9237
2634,漢翔,3,0,3,凱基-敦北,2024-12-02,9237
4904,遠傳,71,1,70,凱基-敦北,2024-12-03,9237
2444,兆勁,46,0,46,凱基-敦北,2024-12-03,9237
1321,大洋,40,0,40,凱基-敦北,2024-12-03,9237
1815,富喬,65,27,38,凱基-敦北,2024-12-03,9237
00918,大華優利高填息30,32,0,32,凱基-敦北,2024-12-03,9237
00878,國泰永續高股息,28,0,28,凱基-敦北,2024-12-03,9237
00919,群益台灣精選高息,47,21,26,凱基-敦北,2024-12-03,9237
00915,凱基優選高股息30,20,0,20,凱基-敦北,2024-12-03,9237
00650L,復華香港正2,20,0,20,凱基-敦北,2024-12-03,9237
6451,訊芯-KY,20,0,20,凱基-敦北,2024-12-03,9237
6550,北極星藥業-KY,19,0,19,凱基-敦北,2024-12-03,9237
6757,台灣虎航,21,3,18,凱基-敦北,2024-12-03,9237
3090,日電貿,17,0,17,凱基-敦北,2024-12-03,9237
00665L,富邦�琤肭磪囓�2,16,0,16,凱基-敦北,2024-12-03,9237
2402,毅嘉,19,3,16,凱基-敦北,2024-12-03,9237
4726,永昕,15,0,15,凱基-敦北,2024-12-03,9237
3628,盈正,14,0,14,凱基-敦北,2024-12-03,9237
5371,中光電,27,14,13,凱基-敦北,2024-12-03,9237
6732,昇佳電子,12,0,12,凱基-敦北,2024-12-03,9237
3416,融程電,12,0,12,凱基-敦北,2024-12-03,9237
3323,加百裕,10,0,10,凱基-敦北,2024-12-03,9237
3037,欣興,12,2,10,凱基-敦北,2024-12-03,9237
00712,復華富時不動產,10,0,10,凱基-敦北,2024-12-03,9237
00641R,富邦日本反1,10,0,10,凱基-敦北,2024-12-03,9237
2492,華新科,10,0,10,凱基-敦北,2024-12-03,9237
6127,九豪,12,2,10,凱基-敦北,2024-12-03,9237
6163,華電網,10,0,10,凱基-敦北,2024-12-03,9237
00909,國泰數位支付服務,9,0,9,凱基-敦北,2024-12-03,9237
3017,奇鋐,14,5,9,凱基-敦北,2024-12-03,9237
3231,緯創,15,7,8,凱基-敦北,2024-12-03,9237
2312,金寶,11,5,6,凱基-敦北,2024-12-03,9237
00713,元大台灣高息低波,6,0,6,凱基-敦北,2024-12-03,9237
1909,榮成,6,0,6,凱基-敦北,2024-12-03,9237
2419,仲琦,17,11,6,凱基-敦北,2024-12-03,9237
6962,ITH-KY,7,1,6,凱基-敦北,2024-12-03,9237
8215,明基材,6,0,6,凱基-敦北,2024-12-03,9237
2382,廣達,9,3,6,凱基-敦北,2024-12-03,9237
2317,鴻海,10,5,5,凱基-敦北,2024-12-03,9237
00905,FT臺灣Smart,5,0,5,凱基-敦北,2024-12-03,9237
00648R,元大S＆P500反1,5,0,5,凱基-敦北,2024-12-03,9237
1336,台翰,5,0,5,凱基-敦北,2024-12-03,9237
3042,晶技,5,0,5,凱基-敦北,2024-12-03,9237
4168,醣聯,5,0,5,凱基-敦北,2024-12-03,9237
6862,三集瑞-KY,5,0,5,凱基-敦北,2024-12-03,9237
4123,晟德,4,0,4,凱基-敦北,2024-12-03,9237
0056,元大高股息,4,0,4,凱基-敦北,2024-12-03,9237
1449,佳和,4,0,4,凱基-敦北,2024-12-03,9237
1466,聚隆,4,0,4,凱基-敦北,2024-12-03,9237
2367,燿華,14,10,4,凱基-敦北,2024-12-03,9237
5244,弘凱,5,1,4,凱基-敦北,2024-12-03,9237
6901,鑽石投資,206,0,206,凱基-敦北,2024-12-04,9237
5244,弘凱,41,1,40,凱基-敦北,2024-12-04,9237
00918,大華優利高填息30,27,0,27,凱基-敦北,2024-12-04,9237
1815,富喬,51,29,22,凱基-敦北,2024-12-04,9237
00937B,群益ESG投等債20,25,4,21,凱基-敦北,2024-12-04,9237
6245,立端,21,0,21,凱基-敦北,2024-12-04,9237
2486,一詮,21,1,20,凱基-敦北,2024-12-04,9237
2903,遠百,20,0,20,凱基-敦北,2024-12-04,9237
2344,華邦電,18,0,18,凱基-敦北,2024-12-04,9237
3015,全漢,15,1,14,凱基-敦北,2024-12-04,9237
3380,明泰,12,0,12,凱基-敦北,2024-12-04,9237
8171,天宇,13,1,12,凱基-敦北,2024-12-04,9237
2884,玉山金,11,0,11,凱基-敦北,2024-12-04,9237
00930,永豐ESG低碳高息,10,0,10,凱基-敦北,2024-12-04,9237
1217,愛之味,10,0,10,凱基-敦北,2024-12-04,9237
2852,第一保,10,0,10,凱基-敦北,2024-12-04,9237
5475,德宏,9,0,9,凱基-敦北,2024-12-04,9237
1303,南亞,8,0,8,凱基-敦北,2024-12-04,9237
1466,聚隆,8,0,8,凱基-敦北,2024-12-04,9237
2610,華航,22,14,8,凱基-敦北,2024-12-04,9237
2887,台新金,8,0,8,凱基-敦北,2024-12-04,9237
3628,盈正,8,0,8,凱基-敦北,2024-12-04,9237
00919,群益台灣精選高息,7,0,7,凱基-敦北,2024-12-04,9237
2891,中信金,9,2,7,凱基-敦北,2024-12-04,9237
00646,元大S＆P500,6,0,6,凱基-敦北,2024-12-04,9237
1605,華新,6,0,6,凱基-敦北,2024-12-04,9237
2524,京城,6,0,6,凱基-敦北,2024-12-04,9237
3003,健和興,6,0,6,凱基-敦北,2024-12-04,9237
8111,立��,6,0,6,凱基-敦北,2024-12-04,9237
8289,泰藝,6,0,6,凱基-敦北,2024-12-04,9237
2354,鴻準,23,17,6,凱基-敦北,2024-12-04,9237
00664R,國泰臺灣加權反1,5,0,5,凱基-敦北,2024-12-04,9237
00915,凱基優選高股息30,5,0,5,凱基-敦北,2024-12-04,9237
2062,橋椿,5,0,5,凱基-敦北,2024-12-04,9237
5371,中光電,4,0,4,凱基-敦北,2024-12-04,9237
00712,復華富時不動產,4,0,4,凱基-敦北,2024-12-04,9237
00751B,元大AAA至A公司債,4,0,4,凱基-敦北,2024-12-04,9237
00637L,元大滬深300正2,29,25,4,凱基-敦北,2024-12-04,9237
00943,兆豐電子高息等權,4,0,4,凱基-敦北,2024-12-04,9237
2301,光寶科,4,0,4,凱基-敦北,2024-12-04,9237
2419,仲琦,14,10,4,凱基-敦北,2024-12-04,9237
2527,宏璟,4,0,4,凱基-敦北,2024-12-04,9237
2888,新光金,17,13,4,凱基-敦北,2024-12-04,9237
3092,鴻碩,4,0,4,凱基-敦北,2024-12-04,9237
3163,波若威,7,3,4,凱基-敦北,2024-12-04,9237
3702A,大聯大甲特,4,0,4,凱基-敦北,2024-12-04,9237
2449,京元電子,4,1,3,凱基-敦北,2024-12-04,9237
1455,集盛,3,0,3,凱基-敦北,2024-12-04,9237
2492,華新科,5,2,3,凱基-敦北,2024-12-04,9237
2637,慧洋-KY,3,0,3,凱基-敦北,2024-12-04,9237
2888,新光金,185,5,180,凱基-敦北,2024-12-05,9237
00878,國泰永續高股息,157,3,154,凱基-敦北,2024-12-05,9237
00687B,國泰20年美債,82,2,80,凱基-敦北,2024-12-05,9237
3211,順達,62,13,49,凱基-敦北,2024-12-05,9237
8111,立��,46,1,45,凱基-敦北,2024-12-05,9237
2368,金像電,50,11,39,凱基-敦北,2024-12-05,9237
2618,長榮航,39,4,35,凱基-敦北,2024-12-05,9237
00919,群益台灣精選高息,38,3,35,凱基-敦北,2024-12-05,9237
3019,亞光,34,1,33,凱基-敦北,2024-12-05,9237
00918,大華優利高填息30,28,1,27,凱基-敦北,2024-12-05,9237
2392,正崴,26,0,26,凱基-敦北,2024-12-05,9237
2345,智邦,21,1,20,凱基-敦北,2024-12-05,9237
1217,愛之味,20,0,20,凱基-敦北,2024-12-05,9237
2356,英業達,20,0,20,凱基-敦北,2024-12-05,9237
3591,艾笛森,20,0,20,凱基-敦北,2024-12-05,9237
6592,和潤企業,20,0,20,凱基-敦北,2024-12-05,9237
3015,全漢,44,25,19,凱基-敦北,2024-12-05,9237
5309,系統電,48,29,19,凱基-敦北,2024-12-05,9237
4991,環宇-KY,30,11,19,凱基-敦北,2024-12-05,9237
2363,矽統,20,3,17,凱基-敦北,2024-12-05,9237
00909,國泰數位支付服務,18,1,17,凱基-敦北,2024-12-05,9237
4726,永昕,15,0,15,凱基-敦北,2024-12-05,9237
8176,智捷,15,0,15,凱基-敦北,2024-12-05,9237
2354,鴻準,43,30,13,凱基-敦北,2024-12-05,9237
2303,聯電,13,2,11,凱基-敦北,2024-12-05,9237
00887,永豐中國科技50大,11,0,11,凱基-敦北,2024-12-05,9237
3712,永崴投控,23,12,11,凱基-敦北,2024-12-05,9237
2887,台新金,10,0,10,凱基-敦北,2024-12-05,9237
6134,萬旭,10,0,10,凱基-敦北,2024-12-05,9237
6175,立敦,9,0,9,凱基-敦北,2024-12-05,9237
00915,凱基優選高股息30,9,0,9,凱基-敦北,2024-12-05,9237
1618,合機,10,1,9,凱基-敦北,2024-12-05,9237
2457,飛宏,10,1,9,凱基-敦北,2024-12-05,9237
2480,敦陽科,10,2,8,凱基-敦北,2024-12-05,9237
1301,台塑,8,0,8,凱基-敦北,2024-12-05,9237
1303,南亞,7,0,7,凱基-敦北,2024-12-05,9237
1595,川寶,7,0,7,凱基-敦北,2024-12-05,9237
2891,中信金,12,5,7,凱基-敦北,2024-12-05,9237
3376,新日興,13,6,7,凱基-敦北,2024-12-05,9237
4549,桓達,7,0,7,凱基-敦北,2024-12-05,9237
6757,台灣虎航,7,0,7,凱基-敦北,2024-12-05,9237
6830,汎銓,12,5,7,凱基-敦北,2024-12-05,9237
5371,中光電,7,1,6,凱基-敦北,2024-12-05,9237
3163,波若威,14,8,6,凱基-敦北,2024-12-05,9237
1519,華城,6,0,6,凱基-敦北,2024-12-05,9237
00930,永豐ESG低碳高息,6,0,6,凱基-敦北,2024-12-05,9237
2375,凱美,8,2,6,凱基-敦北,2024-12-05,9237
3090,日電貿,13,7,6,凱基-敦北,2024-12-05,9237
4931,新盛力,9,3,6,凱基-敦北,2024-12-05,9237
8404,百和興業-KY,6,0,6,凱基-敦北,2024-12-05,9237
2610,華航,454,6,448,凱基-敦北,2024-12-06,9237
2888,新光金,66,11,55,凱基-敦北,2024-12-06,9237
2368,金像電,108,58,50,凱基-敦北,2024-12-06,9237
5439,高技,51,1,50,凱基-敦北,2024-12-06,9237
3317,尼克森,61,21,40,凱基-敦北,2024-12-06,9237
00919,群益台灣精選高息,37,0,37,凱基-敦北,2024-12-06,9237
5328,華容,47,20,27,凱基-敦北,2024-12-06,9237
6127,九豪,26,0,26,凱基-敦北,2024-12-06,9237
1449,佳和,20,0,20,凱基-敦北,2024-12-06,9237
2405,輔信,20,0,20,凱基-敦北,2024-12-06,9237
2471,資通,20,0,20,凱基-敦北,2024-12-06,9237
3003,健和興,15,0,15,凱基-敦北,2024-12-06,9237
6134,萬旭,23,8,15,凱基-敦北,2024-12-06,9237
1815,富喬,20,6,14,凱基-敦北,2024-12-06,9237
2363,矽統,30,16,14,凱基-敦北,2024-12-06,9237
00909,國泰數位支付服務,12,0,12,凱基-敦北,2024-12-06,9237
2486,一詮,12,0,12,凱基-敦北,2024-12-06,9237
6830,汎銓,24,12,12,凱基-敦北,2024-12-06,9237
00918,大華優利高填息30,11,0,11,凱基-敦北,2024-12-06,9237
3088,艾訊,12,1,11,凱基-敦北,2024-12-06,9237
6138,茂達,10,0,10,凱基-敦北,2024-12-06,9237
1217,愛之味,20,10,10,凱基-敦北,2024-12-06,9237
1471,首利,15,5,10,凱基-敦北,2024-12-06,9237
3714,富采,10,0,10,凱基-敦北,2024-12-06,9237
3702A,大聯大甲特,9,0,9,凱基-敦北,2024-12-06,9237
8069,元太,18,10,8,凱基-敦北,2024-12-06,9237
00713,元大台灣高息低波,8,0,8,凱基-敦北,2024-12-06,9237
1605,華新,8,1,7,凱基-敦北,2024-12-06,9237
1736,喬山,7,0,7,凱基-敦北,2024-12-06,9237
00953B,群益優選非投等債,6,0,6,凱基-敦北,2024-12-06,9237
1218,泰山,6,0,6,凱基-敦北,2024-12-06,9237
3019,亞光,6,0,6,凱基-敦北,2024-12-06,9237
6163,華電網,6,0,6,凱基-敦北,2024-12-06,9237
1227,佳格,5,0,5,凱基-敦北,2024-12-06,9237
2351,順德,7,2,5,凱基-敦北,2024-12-06,9237
2495,普安,5,0,5,凱基-敦北,2024-12-06,9237
2527,宏璟,5,0,5,凱基-敦北,2024-12-06,9237
3031,佰鴻,5,0,5,凱基-敦北,2024-12-06,9237
6274,台燿,5,0,5,凱基-敦北,2024-12-06,9237
6689,伊雲谷,5,0,5,凱基-敦北,2024-12-06,9237
8054,安國,6,1,5,凱基-敦北,2024-12-06,9237
0056,元大高股息,10,5,5,凱基-敦北,2024-12-06,9237
3706,神達,23,19,4,凱基-敦北,2024-12-06,9237
8111,立��,7,3,4,凱基-敦北,2024-12-06,9237
4979,華星光,6,2,4,凱基-敦北,2024-12-06,9237
1303,南亞,4,0,4,凱基-敦北,2024-12-06,9237
1537,廣隆,5,1,4,凱基-敦北,2024-12-06,9237
2392,正崴,5,1,4,凱基-敦北,2024-12-06,9237
6104,創惟,17,13,4,凱基-敦北,2024-12-06,9237
6213,聯茂,4,0,4,凱基-敦北,2024-12-06,9237
1444,力麗,95,0,95,凱基-敦北,2024-12-09,9237
00919,群益台灣精選高息,73,2,71,凱基-敦北,2024-12-09,9237
5439,高技,70,0,70,凱基-敦北,2024-12-09,9237
2610,華航,149,82,67,凱基-敦北,2024-12-09,9237
3032,偉訓,44,4,40,凱基-敦北,2024-12-09,9237
00637L,元大滬深300正2,96,67,29,凱基-敦北,2024-12-09,9237
2405,輔信,25,0,25,凱基-敦北,2024-12-09,9237
1815,富喬,28,4,24,凱基-敦北,2024-12-09,9237
3702A,大聯大甲特,24,0,24,凱基-敦北,2024-12-09,9237
2324,仁寶,62,39,23,凱基-敦北,2024-12-09,9237
1321,大洋,22,0,22,凱基-敦北,2024-12-09,9237
6592,和潤企業,20,0,20,凱基-敦北,2024-12-09,9237
2915,潤泰全,20,0,20,凱基-敦北,2024-12-09,9237
6139,亞翔,20,0,20,凱基-敦北,2024-12-09,9237
2887,台新金,16,0,16,凱基-敦北,2024-12-09,9237
2543,皇昌,15,0,15,凱基-敦北,2024-12-09,9237
3207,耀勝,22,7,15,凱基-敦北,2024-12-09,9237
2354,鴻準,32,18,14,凱基-敦北,2024-12-09,9237
0056,元大高股息,19,5,14,凱基-敦北,2024-12-09,9237
3049,精金,15,2,13,凱基-敦北,2024-12-09,9237
00878,國泰永續高股息,12,0,12,凱基-敦北,2024-12-09,9237
6830,汎銓,12,0,12,凱基-敦北,2024-12-09,9237
2399,映泰,14,3,11,凱基-敦北,2024-12-09,9237
00918,大華優利高填息30,10,0,10,凱基-敦北,2024-12-09,9237
00938,凱基優選30,10,0,10,凱基-敦北,2024-12-09,9237
2367,燿華,10,0,10,凱基-敦北,2024-12-09,9237
3167,大量,10,0,10,凱基-敦北,2024-12-09,9237
5243,乙盛-KY,10,0,10,凱基-敦北,2024-12-09,9237
3706,神達,16,6,10,凱基-敦北,2024-12-09,9237
00937B,群益ESG投等債20,14,5,9,凱基-敦北,2024-12-09,9237
2371,大同,11,2,9,凱基-敦北,2024-12-09,9237
6462,神盾,12,3,9,凱基-敦北,2024-12-09,9237
2317,鴻海,11,2,9,凱基-敦北,2024-12-09,9237
2449,京元電子,10,2,8,凱基-敦北,2024-12-09,9237
00915,凱基優選高股息30,8,0,8,凱基-敦北,2024-12-09,9237
2471,資通,12,4,8,凱基-敦北,2024-12-09,9237
2615,萬海,14,6,8,凱基-敦北,2024-12-09,9237
3013,晟銘電,40,33,7,凱基-敦北,2024-12-09,9237
4931,新盛力,7,0,7,凱基-敦北,2024-12-09,9237
6560,欣普羅,7,0,7,凱基-敦北,2024-12-09,9237
9105,泰金寶-DR,12,6,6,凱基-敦北,2024-12-09,9237
3211,順達,32,26,6,凱基-敦北,2024-12-09,9237
2344,華邦電,5,0,5,凱基-敦北,2024-12-09,9237
1326,台化,5,0,5,凱基-敦北,2024-12-09,9237
8163,達方,5,0,5,凱基-敦北,2024-12-09,9237
00725B,國泰投資級公司債,5,0,5,凱基-敦北,2024-12-09,9237
1336,台翰,5,0,5,凱基-敦北,2024-12-09,9237
2328,廣宇,5,0,5,凱基-敦北,2024-12-09,9237
2884,玉山金,6,1,5,凱基-敦北,2024-12-09,9237
3003,健和興,5,0,5,凱基-敦北,2024-12-09,9237
1718,中纖,100,0,100,凱基-敦北,2024-12-10,9237
2368,金像電,61,1,60,凱基-敦北,2024-12-10,9237
6863,永道-KY,60,0,60,凱基-敦北,2024-12-10,9237
00878,國泰永續高股息,53,13,40,凱基-敦北,2024-12-10,9237
00919,群益台灣精選高息,38,0,38,凱基-敦北,2024-12-10,9237
00687B,國泰20年美債,38,0,38,凱基-敦北,2024-12-10,9237
0056,元大高股息,34,1,33,凱基-敦北,2024-12-10,9237
2915,潤泰全,30,0,30,凱基-敦北,2024-12-10,9237
2382,廣達,33,6,27,凱基-敦北,2024-12-10,9237
2609,陽明,41,19,22,凱基-敦北,2024-12-10,9237
3706,神達,131,110,21,凱基-敦北,2024-12-10,9237
00918,大華優利高填息30,21,0,21,凱基-敦北,2024-12-10,9237
2317,鴻海,22,2,20,凱基-敦北,2024-12-10,9237
2402,毅嘉,15,0,15,凱基-敦北,2024-12-10,9237
3013,晟銘電,15,0,15,凱基-敦北,2024-12-10,9237
00905,FT臺灣Smart,14,0,14,凱基-敦北,2024-12-10,9237
2887,台新金,15,2,13,凱基-敦北,2024-12-10,9237
00953B,群益優選非投等債,12,0,12,凱基-敦北,2024-12-10,9237
2520,冠德,13,1,12,凱基-敦北,2024-12-10,9237
00725B,國泰投資級公司債,13,1,12,凱基-敦北,2024-12-10,9237
2882,國泰金,11,0,11,凱基-敦北,2024-12-10,9237
6143,振曜,11,0,11,凱基-敦北,2024-12-10,9237
0061,元大寶滬深,10,0,10,凱基-敦北,2024-12-10,9237
2405,輔信,10,0,10,凱基-敦北,2024-12-10,9237
8054,安國,17,7,10,凱基-敦北,2024-12-10,9237
2399,映泰,19,10,9,凱基-敦北,2024-12-10,9237
4909,新復興,10,1,9,凱基-敦北,2024-12-10,9237
1524,耿鼎,8,0,8,凱基-敦北,2024-12-10,9237
1815,富喬,27,19,8,凱基-敦北,2024-12-10,9237
3024,憶聲,7,0,7,凱基-敦北,2024-12-10,9237
00922,國泰台灣領袖50,7,1,6,凱基-敦北,2024-12-10,9237
8112,至上,10,4,6,凱基-敦北,2024-12-10,9237
2449,京元電子,6,1,5,凱基-敦北,2024-12-10,9237
00909,國泰數位支付服務,8,3,5,凱基-敦北,2024-12-10,9237
3163,波若威,5,0,5,凱基-敦北,2024-12-10,9237
2342,茂矽,5,0,5,凱基-敦北,2024-12-10,9237
2388,威盛,5,0,5,凱基-敦北,2024-12-10,9237
4726,永昕,5,0,5,凱基-敦北,2024-12-10,9237
6274,台燿,5,0,5,凱基-敦北,2024-12-10,9237
9933,中鼎,5,0,5,凱基-敦北,2024-12-10,9237
2603,長榮,7,3,4,凱基-敦北,2024-12-10,9237
00772B,中信高評級公司債,5,1,4,凱基-敦北,2024-12-10,9237
1303,南亞,5,1,4,凱基-敦北,2024-12-10,9237
1321,大洋,4,0,4,凱基-敦北,2024-12-10,9237
2303,聯電,5,1,4,凱基-敦北,2024-12-10,9237
2356,英業達,5,1,4,凱基-敦北,2024-12-10,9237
2543,皇昌,5,1,4,凱基-敦北,2024-12-10,9237
3570,大塚,4,0,4,凱基-敦北,2024-12-10,9237
3702A,大聯大甲特,4,0,4,凱基-敦北,2024-12-10,9237
4931,新盛力,4,0,4,凱基-敦北,2024-12-10,9237
2610,華航,213,4,209,凱基-敦北,2024-12-11,9237
00918,大華優利高填息30,115,0,115,凱基-敦北,2024-12-11,9237
5439,高技,48,0,48,凱基-敦北,2024-12-11,9237
2382,廣達,36,0,36,凱基-敦北,2024-12-11,9237
2399,映泰,30,1,29,凱基-敦北,2024-12-11,9237
5371,中光電,58,30,28,凱基-敦北,2024-12-11,9237
2887,台新金,25,0,25,凱基-敦北,2024-12-11,9237
0056,元大高股息,24,0,24,凱基-敦北,2024-12-11,9237
00915,凱基優選高股息30,23,0,23,凱基-敦北,2024-12-11,9237
2915,潤泰全,20,0,20,凱基-敦北,2024-12-11,9237
2449,京元電子,17,0,17,凱基-敦北,2024-12-11,9237
3702A,大聯大甲特,17,0,17,凱基-敦北,2024-12-11,9237
3041,揚智,22,6,16,凱基-敦北,2024-12-11,9237
6770,力積電,13,0,13,凱基-敦北,2024-12-11,9237
2317,鴻海,30,17,13,凱基-敦北,2024-12-11,9237
00687B,國泰20年美債,13,1,12,凱基-敦北,2024-12-11,9237
2495,普安,12,0,12,凱基-敦北,2024-12-11,9237
2881,富邦金,12,0,12,凱基-敦北,2024-12-11,9237
2371,大同,12,1,11,凱基-敦北,2024-12-11,9237
5483,中美晶,11,0,11,凱基-敦北,2024-12-11,9237
2609,陽明,18,8,10,凱基-敦北,2024-12-11,9237
00713,元大台灣高息低波,10,0,10,凱基-敦北,2024-12-11,9237
1432,大魯閣,10,0,10,凱基-敦北,2024-12-11,9237
2838,聯邦銀,10,0,10,凱基-敦北,2024-12-11,9237
3591,艾笛森,11,1,10,凱基-敦北,2024-12-11,9237
5356,協益,10,0,10,凱基-敦北,2024-12-11,9237
6743,安普新,10,0,10,凱基-敦北,2024-12-11,9237
4909,新復興,48,39,9,凱基-敦北,2024-12-11,9237
00909,國泰數位支付服務,9,0,9,凱基-敦北,2024-12-11,9237
2330,台積電,10,1,9,凱基-敦北,2024-12-11,9237
00637L,元大滬深300正2,59,52,7,凱基-敦北,2024-12-11,9237
1519,華城,6,0,6,凱基-敦北,2024-12-11,9237
1722,台肥,6,0,6,凱基-敦北,2024-12-11,9237
2630,亞航,7,1,6,凱基-敦北,2024-12-11,9237
2886,兆豐金,6,0,6,凱基-敦北,2024-12-11,9237
3594,磐儀,15,9,6,凱基-敦北,2024-12-11,9237
00650L,復華香港正2,5,0,5,凱基-敦北,2024-12-11,9237
00725B,國泰投資級公司債,5,0,5,凱基-敦北,2024-12-11,9237
1326,台化,5,0,5,凱基-敦北,2024-12-11,9237
00937B,群益ESG投等債20,5,0,5,凱基-敦北,2024-12-11,9237
2617,台航,5,0,5,凱基-敦北,2024-12-11,9237
2883B,凱基金乙特,5,0,5,凱基-敦北,2024-12-11,9237
2885,元大金,5,0,5,凱基-敦北,2024-12-11,9237
2344,華邦電,16,11,5,凱基-敦北,2024-12-11,9237
6214,精誠,13,9,4,凱基-敦北,2024-12-11,9237
2408,南亞科,6,2,4,凱基-敦北,2024-12-11,9237
1314,中石化,5,1,4,凱基-敦北,2024-12-11,9237
3059,華晶科,4,0,4,凱基-敦北,2024-12-11,9237
3455,由田,4,0,4,凱基-敦北,2024-12-11,9237
5426,振發,4,0,4,凱基-敦北,2024-12-11,9237
2312,金寶,44,2,42,凱基-敦北,2024-12-12,9237
8044,網家,40,0,40,凱基-敦北,2024-12-12,9237
00918,大華優利高填息30,37,0,37,凱基-敦北,2024-12-12,9237
3207,耀勝,39,2,37,凱基-敦北,2024-12-12,9237
2354,鴻準,36,7,29,凱基-敦北,2024-12-12,9237
4561,健椿,25,0,25,凱基-敦北,2024-12-12,9237
00937B,群益ESG投等債20,25,1,24,凱基-敦北,2024-12-12,9237
00665L,富邦�琤肭磪囓�2,33,9,24,凱基-敦北,2024-12-12,9237
3413,京鼎,20,0,20,凱基-敦北,2024-12-12,9237
2368,金像電,22,2,20,凱基-敦北,2024-12-12,9237
1301,台塑,18,0,18,凱基-敦北,2024-12-12,9237
5426,振發,20,4,16,凱基-敦北,2024-12-12,9237
00919,群益台灣精選高息,14,0,14,凱基-敦北,2024-12-12,9237
00953B,群益優選非投等債,10,0,10,凱基-敦北,2024-12-12,9237
00641R,富邦日本反1,10,0,10,凱基-敦北,2024-12-12,9237
2399,映泰,10,0,10,凱基-敦北,2024-12-12,9237
4532,瑞智,10,0,10,凱基-敦北,2024-12-12,9237
2345,智邦,10,0,10,凱基-敦北,2024-12-12,9237
2367,燿華,10,0,10,凱基-敦北,2024-12-12,9237
2371,大同,9,0,9,凱基-敦北,2024-12-12,9237
2317,鴻海,12,3,9,凱基-敦北,2024-12-12,9237
1218,泰山,8,0,8,凱基-敦北,2024-12-12,9237
2468,華經,10,2,8,凱基-敦北,2024-12-12,9237
3628,盈正,8,0,8,凱基-敦北,2024-12-12,9237
3029,零壹,9,1,8,凱基-敦北,2024-12-12,9237
2348,海悅,9,1,8,凱基-敦北,2024-12-12,9237
5371,中光電,7,0,7,凱基-敦北,2024-12-12,9237
1303,南亞,7,0,7,凱基-敦北,2024-12-12,9237
1734,杏輝,6,0,6,凱基-敦北,2024-12-12,9237
5530,龍巖,6,0,6,凱基-敦北,2024-12-12,9237
6830,汎銓,6,0,6,凱基-敦北,2024-12-12,9237
00878,國泰永續高股息,5,0,5,凱基-敦北,2024-12-12,9237
1519,華城,5,0,5,凱基-敦北,2024-12-12,9237
1101,台泥,5,0,5,凱基-敦北,2024-12-12,9237
3447,展達,5,0,5,凱基-敦北,2024-12-12,9237
3702A,大聯大甲特,5,0,5,凱基-敦北,2024-12-12,9237
4933,友輝,5,0,5,凱基-敦北,2024-12-12,9237
9945,潤泰新,5,0,5,凱基-敦北,2024-12-12,9237
2383,台光電,10,5,5,凱基-敦北,2024-12-12,9237
2328,廣宇,22,18,4,凱基-敦北,2024-12-12,9237
2365,昆盈,4,0,4,凱基-敦北,2024-12-12,9237
3230,錦明,4,0,4,凱基-敦北,2024-12-12,9237
6214,精誠,4,0,4,凱基-敦北,2024-12-12,9237
6451,訊芯-KY,6,2,4,凱基-敦北,2024-12-12,9237
2303,聯電,8,5,3,凱基-敦北,2024-12-12,9237
00679B,元大美債20年,5,2,3,凱基-敦北,2024-12-12,9237
2236,百達-KY,3,0,3,凱基-敦北,2024-12-12,9237
2886,兆豐金,3,0,3,凱基-敦北,2024-12-12,9237
3234,光環,3,0,3,凱基-敦北,2024-12-12,9237
4951,精拓科,3,0,3,凱基-敦北,2024-12-12,9237
0056,元大高股息,239,0,239,凱基-敦北,2024-12-13,9237
00937B,群益ESG投等債20,162,5,157,凱基-敦北,2024-12-13,9237
00918,大華優利高填息30,77,6,71,凱基-敦北,2024-12-13,9237
00637L,元大滬深300正2,106,47,59,凱基-敦北,2024-12-13,9237
2328,廣宇,197,138,59,凱基-敦北,2024-12-13,9237
00915,凱基優選高股息30,52,1,51,凱基-敦北,2024-12-13,9237
3081,聯亞,53,13,40,凱基-敦北,2024-12-13,9237
00632R,元大台灣50反1,30,0,30,凱基-敦北,2024-12-13,9237
4503,金雨,30,0,30,凱基-敦北,2024-12-13,9237
3694,海華,20,0,20,凱基-敦北,2024-12-13,9237
5243,乙盛-KY,20,0,20,凱基-敦北,2024-12-13,9237
6438,迅得,20,0,20,凱基-敦北,2024-12-13,9237
2609,陽明,48,29,19,凱基-敦北,2024-12-13,9237
00929,復華台灣科技優息,20,1,19,凱基-敦北,2024-12-13,9237
00680L,元大美債20正2,18,0,18,凱基-敦北,2024-12-13,9237
6830,汎銓,24,6,18,凱基-敦北,2024-12-13,9237
2354,鴻準,24,8,16,凱基-敦北,2024-12-13,9237
00720B,元大投資級公司債,16,0,16,凱基-敦北,2024-12-13,9237
2371,大同,22,7,15,凱基-敦北,2024-12-13,9237
2382,廣達,13,0,13,凱基-敦北,2024-12-13,9237
2606,裕民,12,0,12,凱基-敦北,2024-12-13,9237
00713,元大台灣高息低波,12,0,12,凱基-敦北,2024-12-13,9237
00945B,凱基美國非投等債,11,0,11,凱基-敦北,2024-12-13,9237
00679B,元大美債20年,11,0,11,凱基-敦北,2024-12-13,9237
2809,京城銀,11,0,11,凱基-敦北,2024-12-13,9237
00725B,國泰投資級公司債,10,0,10,凱基-敦北,2024-12-13,9237
2108,南帝,10,0,10,凱基-敦北,2024-12-13,9237
2324,仁寶,10,0,10,凱基-敦北,2024-12-13,9237
2349,錸德,10,0,10,凱基-敦北,2024-12-13,9237
3712,永崴投控,10,0,10,凱基-敦北,2024-12-13,9237
4532,瑞智,10,0,10,凱基-敦北,2024-12-13,9237
4561,健椿,10,0,10,凱基-敦北,2024-12-13,9237
6589,台康生技,10,0,10,凱基-敦北,2024-12-13,9237
2887,台新金,10,1,9,凱基-敦北,2024-12-13,9237
00878,國泰永續高股息,9,0,9,凱基-敦北,2024-12-13,9237
6104,創惟,9,1,8,凱基-敦北,2024-12-13,9237
2317,鴻海,10,3,7,凱基-敦北,2024-12-13,9237
2408,南亞科,7,0,7,凱基-敦北,2024-12-13,9237
4909,新復興,7,0,7,凱基-敦北,2024-12-13,9237
1605,華新,7,0,7,凱基-敦北,2024-12-13,9237
6257,矽格,7,0,7,凱基-敦北,2024-12-13,9237
00665L,富邦�琤肭磪囓�2,6,0,6,凱基-敦北,2024-12-13,9237
2374,佳能,20,14,6,凱基-敦北,2024-12-13,9237
3037,欣興,7,1,6,凱基-敦北,2024-12-13,9237
3702A,大聯大甲特,6,0,6,凱基-敦北,2024-12-13,9237
8121,越峰,6,0,6,凱基-敦北,2024-12-13,9237
00933B,國泰10Y+金融債,5,0,5,凱基-敦北,2024-12-13,9237
3003,健和興,5,0,5,凱基-敦北,2024-12-13,9237
3058,立德,5,0,5,凱基-敦北,2024-12-13,9237
3149,正達,5,0,5,凱基-敦北,2024-12-13,9237
00632R,元大台灣50反1,155,8,147,凱基-敦北,2024-12-16,9237
2331,精英,132,0,132,凱基-敦北,2024-12-16,9237
1815,富喬,125,5,120,凱基-敦北,2024-12-16,9237
00720B,元大投資級公司債,82,0,82,凱基-敦北,2024-12-16,9237
00679B,元大美債20年,74,10,64,凱基-敦北,2024-12-16,9237
2888,新光金,102,43,59,凱基-敦北,2024-12-16,9237
8044,網家,55,0,55,凱基-敦北,2024-12-16,9237
00795B,中信美國公債20年,50,0,50,凱基-敦北,2024-12-16,9237
00725B,國泰投資級公司債,50,0,50,凱基-敦北,2024-12-16,9237
00919,群益台灣精選高息,41,0,41,凱基-敦北,2024-12-16,9237
2312,金寶,41,1,40,凱基-敦北,2024-12-16,9237
00948B,中信優息投資級債,60,20,40,凱基-敦北,2024-12-16,9237
6438,迅得,40,0,40,凱基-敦北,2024-12-16,9237
2374,佳能,54,15,39,凱基-敦北,2024-12-16,9237
2368,金像電,105,67,38,凱基-敦北,2024-12-16,9237
2444,兆勁,70,33,37,凱基-敦北,2024-12-16,9237
00918,大華優利高填息30,35,0,35,凱基-敦北,2024-12-16,9237
00915,凱基優選高股息30,36,2,34,凱基-敦北,2024-12-16,9237
9941,裕融,30,0,30,凱基-敦北,2024-12-16,9237
2317,鴻海,29,1,28,凱基-敦北,2024-12-16,9237
5438,東友,25,0,25,凱基-敦北,2024-12-16,9237
6282,康舒,24,0,24,凱基-敦北,2024-12-16,9237
6592,和潤企業,22,0,22,凱基-敦北,2024-12-16,9237
0056,元大高股息,22,0,22,凱基-敦北,2024-12-16,9237
2382,廣達,22,1,21,凱基-敦北,2024-12-16,9237
2903,遠百,20,0,20,凱基-敦北,2024-12-16,9237
3406,玉晶光,20,0,20,凱基-敦北,2024-12-16,9237
00680L,元大美債20正2,19,0,19,凱基-敦北,2024-12-16,9237
9105,泰金寶-DR,24,5,19,凱基-敦北,2024-12-16,9237
6234,高僑,24,8,16,凱基-敦北,2024-12-16,9237
00751B,元大AAA至A公司債,15,0,15,凱基-敦北,2024-12-16,9237
2344,華邦電,14,1,13,凱基-敦北,2024-12-16,9237
2363,矽統,13,0,13,凱基-敦北,2024-12-16,9237
3591,艾笛森,12,0,12,凱基-敦北,2024-12-16,9237
3037,欣興,12,1,11,凱基-敦北,2024-12-16,9237
2472,立隆電,10,0,10,凱基-敦北,2024-12-16,9237
00923,群益台ESG低碳50,10,0,10,凱基-敦北,2024-12-16,9237
3017,奇鋐,9,0,9,凱基-敦北,2024-12-16,9237
2887,台新金,8,0,8,凱基-敦北,2024-12-16,9237
2104,國際中橡,8,0,8,凱基-敦北,2024-12-16,9237
2606,裕民,8,0,8,凱基-敦北,2024-12-16,9237
4108,懷特,8,0,8,凱基-敦北,2024-12-16,9237
4726,永昕,10,2,8,凱基-敦北,2024-12-16,9237
00687B,國泰20年美債,7,0,7,凱基-敦北,2024-12-16,9237
00891,中信關鍵半導體,7,0,7,凱基-敦北,2024-12-16,9237
5309,系統電,8,1,7,凱基-敦北,2024-12-16,9237
8289,泰藝,7,0,7,凱基-敦北,2024-12-16,9237
2357,華碩,6,0,6,凱基-敦北,2024-12-16,9237
00893,國泰智能電動車,6,0,6,凱基-敦北,2024-12-16,9237
2449,京元電子,5,0,5,凱基-敦北,2024-12-16,9237
1216,統一,300,0,300,凱基-敦北,2024-12-17,9237
2609,陽明,69,10,59,凱基-敦北,2024-12-17,9237
00937B,群益ESG投等債20,60,10,50,凱基-敦北,2024-12-17,9237
8249,菱光,47,6,41,凱基-敦北,2024-12-17,9237
00951,台新日本半導體,30,0,30,凱基-敦北,2024-12-17,9237
1718,中纖,30,0,30,凱基-敦北,2024-12-17,9237
00905,FT臺灣Smart,29,0,29,凱基-敦北,2024-12-17,9237
00915,凱基優選高股息30,29,0,29,凱基-敦北,2024-12-17,9237
00680L,元大美債20正2,19,0,19,凱基-敦北,2024-12-17,9237
00751B,元大AAA至A公司債,14,0,14,凱基-敦北,2024-12-17,9237
2834,臺企銀,11,0,11,凱基-敦北,2024-12-17,9237
00772B,中信高評級公司債,10,0,10,凱基-敦北,2024-12-17,9237
1314,中石化,10,0,10,凱基-敦北,2024-12-17,9237
3003,健和興,10,0,10,凱基-敦北,2024-12-17,9237
3666,光耀,10,0,10,凱基-敦北,2024-12-17,9237
6425,易發,10,0,10,凱基-敦北,2024-12-17,9237
00725B,國泰投資級公司債,9,0,9,凱基-敦北,2024-12-17,9237
4991,環宇-KY,27,18,9,凱基-敦北,2024-12-17,9237
00713,元大台灣高息低波,8,0,8,凱基-敦北,2024-12-17,9237
2382,廣達,7,0,7,凱基-敦北,2024-12-17,9237
00933B,國泰10Y+金融債,7,0,7,凱基-敦北,2024-12-17,9237
00720B,元大投資級公司債,7,0,7,凱基-敦北,2024-12-17,9237
2883,凱基金,6,0,6,凱基-敦北,2024-12-17,9237
1326,台化,6,0,6,凱基-敦北,2024-12-17,9237
3511,矽瑪,6,0,6,凱基-敦北,2024-12-17,9237
00918,大華優利高填息30,15,10,5,凱基-敦北,2024-12-17,9237
2444,兆勁,5,0,5,凱基-敦北,2024-12-17,9237
4561,健椿,5,0,5,凱基-敦北,2024-12-17,9237
6190,萬泰科,5,0,5,凱基-敦北,2024-12-17,9237
9945,潤泰新,5,0,5,凱基-敦北,2024-12-17,9237
0056,元大高股息,6,1,5,凱基-敦北,2024-12-17,9237
2449,京元電子,4,0,4,凱基-敦北,2024-12-17,9237
00719B,元大美債1-3,4,0,4,凱基-敦北,2024-12-17,9237
2887,台新金,7,3,4,凱基-敦北,2024-12-17,9237
3628,盈正,4,0,4,凱基-敦北,2024-12-17,9237
5388,中磊,4,0,4,凱基-敦北,2024-12-17,9237
6257,矽格,4,0,4,凱基-敦北,2024-12-17,9237
00687B,國泰20年美債,3,0,3,凱基-敦北,2024-12-17,9237
1301,台塑,3,0,3,凱基-敦北,2024-12-17,9237
2308,台達電,3,0,3,凱基-敦北,2024-12-17,9237
1229,聯華,3,0,3,凱基-敦北,2024-12-17,9237
1734,杏輝,3,0,3,凱基-敦北,2024-12-17,9237
2301,光寶科,3,0,3,凱基-敦北,2024-12-17,9237
2390,云辰,3,0,3,凱基-敦北,2024-12-17,9237
2809,京城銀,3,0,3,凱基-敦北,2024-12-17,9237
2883B,凱基金乙特,3,0,3,凱基-敦北,2024-12-17,9237
3042,晶技,7,4,3,凱基-敦北,2024-12-17,9237
3227,原相,3,0,3,凱基-敦北,2024-12-17,9237
3702A,大聯大甲特,3,0,3,凱基-敦北,2024-12-17,9237
4127,天良,3,0,3,凱基-敦北,2024-12-17,9237
1216,統一,119,0,119,凱基-敦北,2024-12-18,9237
00919,群益台灣精選高息,54,0,54,凱基-敦北,2024-12-18,9237
2449,京元電子,52,4,48,凱基-敦北,2024-12-18,9237
2312,金寶,75,27,48,凱基-敦北,2024-12-18,9237
3511,矽瑪,47,0,47,凱基-敦北,2024-12-18,9237
00918,大華優利高填息30,38,0,38,凱基-敦北,2024-12-18,9237
6234,高僑,24,0,24,凱基-敦北,2024-12-18,9237
3236,千如,20,0,20,凱基-敦北,2024-12-18,9237
3264,欣銓,20,0,20,凱基-敦北,2024-12-18,9237
9105,泰金寶-DR,41,22,19,凱基-敦北,2024-12-18,9237
2618,長榮航,25,9,16,凱基-敦北,2024-12-18,9237
4510,高鋒,17,1,16,凱基-敦北,2024-12-18,9237
8096,擎亞,15,0,15,凱基-敦北,2024-12-18,9237
00753L,中信中國50正2,15,0,15,凱基-敦北,2024-12-18,9237
00937B,群益ESG投等債20,12,0,12,凱基-敦北,2024-12-18,9237
2609,陽明,19,8,11,凱基-敦北,2024-12-18,9237
3689,湧德,16,5,11,凱基-敦北,2024-12-18,9237
00948B,中信優息投資級債,10,0,10,凱基-敦北,2024-12-18,9237
00680L,元大美債20正2,10,0,10,凱基-敦北,2024-12-18,9237
00637L,元大滬深300正2,36,27,9,凱基-敦北,2024-12-18,9237
00712,復華富時不動產,8,0,8,凱基-敦北,2024-12-18,9237
1904,正隆,8,0,8,凱基-敦北,2024-12-18,9237
3702A,大聯大甲特,7,0,7,凱基-敦北,2024-12-18,9237
5371,中光電,13,6,7,凱基-敦北,2024-12-18,9237
2303,聯電,12,6,6,凱基-敦北,2024-12-18,9237
2891,中信金,8,3,5,凱基-敦北,2024-12-18,9237
00720B,元大投資級公司債,5,0,5,凱基-敦北,2024-12-18,9237
2374,佳能,25,20,5,凱基-敦北,2024-12-18,9237
2545,皇翔,5,0,5,凱基-敦北,2024-12-18,9237
2743,山富,5,0,5,凱基-敦北,2024-12-18,9237
3518,柏騰,5,0,5,凱基-敦北,2024-12-18,9237
5706,鳳凰,5,0,5,凱基-敦北,2024-12-18,9237
8929,富堡,5,0,5,凱基-敦北,2024-12-18,9237
3019,亞光,14,9,5,凱基-敦北,2024-12-18,9237
2354,鴻準,9,5,4,凱基-敦北,2024-12-18,9237
1609,大亞,4,0,4,凱基-敦北,2024-12-18,9237
2417,圓剛,4,0,4,凱基-敦北,2024-12-18,9237
4142,國光生,4,0,4,凱基-敦北,2024-12-18,9237
4974,亞泰,4,0,4,凱基-敦北,2024-12-18,9237
2317,鴻海,7,3,4,凱基-敦北,2024-12-18,9237
1101,台泥,3,0,3,凱基-敦北,2024-12-18,9237
00921,兆豐龍頭等權重,3,0,3,凱基-敦北,2024-12-18,9237
0056,元大高股息,3,0,3,凱基-敦北,2024-12-18,9237
2885,元大金,3,0,3,凱基-敦北,2024-12-18,9237
2905,三商,3,0,3,凱基-敦北,2024-12-18,9237
3380,明泰,3,0,3,凱基-敦北,2024-12-18,9237
4576,大銀微系統,4,1,3,凱基-敦北,2024-12-18,9237
6962,ITH-KY,5,2,3,凱基-敦北,2024-12-18,9237
3665,貿聯-KY,5,2,3,凱基-敦北,2024-12-18,9237
6690,安�硌穈T,2,0,2,凱基-敦北,2024-12-18,9237
00919,群益台灣精選高息,70,0,70,凱基-敦北,2024-12-19,9237
00940,元大台灣價值高息,60,0,60,凱基-敦北,2024-12-19,9237
2313,華通,54,5,49,凱基-敦北,2024-12-19,9237
2903,遠百,50,4,46,凱基-敦北,2024-12-19,9237
00937B,群益ESG投等債20,49,5,44,凱基-敦北,2024-12-19,9237
00688L,國泰20年美債正2,40,1,39,凱基-敦北,2024-12-19,9237
2882,國泰金,33,0,33,凱基-敦北,2024-12-19,9237
2331,精英,30,1,29,凱基-敦北,2024-12-19,9237
1301,台塑,28,2,26,凱基-敦北,2024-12-19,9237
2317,鴻海,26,0,26,凱基-敦北,2024-12-19,9237
00918,大華優利高填息30,25,3,22,凱基-敦北,2024-12-19,9237
00712,復華富時不動產,19,0,19,凱基-敦北,2024-12-19,9237
2327,國巨,20,1,19,凱基-敦北,2024-12-19,9237
00679B,元大美債20年,22,3,19,凱基-敦北,2024-12-19,9237
2891,中信金,19,2,17,凱基-敦北,2024-12-19,9237
6438,迅得,17,0,17,凱基-敦北,2024-12-19,9237
2468,華經,16,0,16,凱基-敦北,2024-12-19,9237
5243,乙盛-KY,27,11,16,凱基-敦北,2024-12-19,9237
3231,緯創,14,2,12,凱基-敦北,2024-12-19,9237
2029,盛餘,12,0,12,凱基-敦北,2024-12-19,9237
2354,鴻準,16,4,12,凱基-敦北,2024-12-19,9237
4526,東台,12,0,12,凱基-敦北,2024-12-19,9237
2382,廣達,12,1,11,凱基-敦北,2024-12-19,9237
00687B,國泰20年美債,14,3,11,凱基-敦北,2024-12-19,9237
00725B,國泰投資級公司債,11,0,11,凱基-敦北,2024-12-19,9237
1303,南亞,11,0,11,凱基-敦北,2024-12-19,9237
3236,千如,11,0,11,凱基-敦北,2024-12-19,9237
3260,威剛,11,0,11,凱基-敦北,2024-12-19,9237
4533,協易機,12,1,11,凱基-敦北,2024-12-19,9237
2609,陽明,17,6,11,凱基-敦北,2024-12-19,9237
2603,長榮,12,2,10,凱基-敦北,2024-12-19,9237
1217,愛之味,10,0,10,凱基-敦北,2024-12-19,9237
2883,凱基金,10,0,10,凱基-敦北,2024-12-19,9237
6830,汎銓,16,6,10,凱基-敦北,2024-12-19,9237
2368,金像電,50,41,9,凱基-敦北,2024-12-19,9237
2881,富邦金,8,0,8,凱基-敦北,2024-12-19,9237
00720B,元大投資級公司債,8,0,8,凱基-敦北,2024-12-19,9237
00770,國泰北美科技,8,0,8,凱基-敦北,2024-12-19,9237
8234,新漢,8,0,8,凱基-敦北,2024-12-19,9237
00878,國泰永續高股息,12,4,8,凱基-敦北,2024-12-19,9237
2887,台新金,7,0,7,凱基-敦北,2024-12-19,9237
1102,亞泥,7,0,7,凱基-敦北,2024-12-19,9237
0056,元大高股息,8,1,7,凱基-敦北,2024-12-19,9237
2618,長榮航,7,0,7,凱基-敦北,2024-12-19,9237
00830,國泰費城半導體,6,0,6,凱基-敦北,2024-12-19,9237
5309,系統電,6,0,6,凱基-敦北,2024-12-19,9237
6757,台灣虎航,6,0,6,凱基-敦北,2024-12-19,9237
0050,元大台灣50,7,1,6,凱基-敦北,2024-12-19,9237
2371,大同,5,0,5,凱基-敦北,2024-12-19,9237
00751B,元大AAA至A公司債,5,0,5,凱基-敦北,2024-12-19,9237
