Ticker,Name,buy,sell,diff,Branch,Date,Branch_Code
00878,國泰永續高股息,399,22,377,凱基-士林,2023-01-03,9238
2618,長榮航,334,92,242,凱基-士林,2023-01-03,9238
00637L,元大滬深300正2,213,17,196,凱基-士林,2023-01-03,9238
1605,華新,74,25,49,凱基-士林,2023-01-03,9238
9802,鈺齊-KY,35,2,33,凱基-士林,2023-01-03,9238
6235,華孚,73,44,29,凱基-士林,2023-01-03,9238
4114,健喬,28,1,27,凱基-士林,2023-01-03,9238
1101,台泥,25,0,25,凱基-士林,2023-01-03,9238
2317,鴻海,40,20,20,凱基-士林,2023-01-03,9238
5425,台半,16,0,16,凱基-士林,2023-01-03,9238
6231,系微,21,5,16,凱基-士林,2023-01-03,9238
4102,永日,15,0,15,凱基-士林,2023-01-03,9238
2603,長榮,13,0,13,凱基-士林,2023-01-03,9238
8038,長園科,13,0,13,凱基-士林,2023-01-03,9238
6150,撼訊,12,0,12,凱基-士林,2023-01-03,9238
2344,華邦電,11,0,11,凱基-士林,2023-01-03,9238
4171,瑞基,12,1,11,凱基-士林,2023-01-03,9238
2390,云辰,10,0,10,凱基-士林,2023-01-03,9238
00753L,中信中國50正2,10,0,10,凱基-士林,2023-01-03,9238
1810,和成,22,12,10,凱基-士林,2023-01-03,9238
2331,精英,20,10,10,凱基-士林,2023-01-03,9238
2505,國揚,10,0,10,凱基-士林,2023-01-03,9238
2399,映泰,13,3,10,凱基-士林,2023-01-03,9238
1312,國喬,10,1,9,凱基-士林,2023-01-03,9238
8069,元太,35,26,9,凱基-士林,2023-01-03,9238
1795,美時,7,0,7,凱基-士林,2023-01-03,9238
1304,台聚,6,0,6,凱基-士林,2023-01-03,9238
6283,淳安,6,0,6,凱基-士林,2023-01-03,9238
2882,國泰金,15,9,6,凱基-士林,2023-01-03,9238
2606,裕民,5,0,5,凱基-士林,2023-01-03,9238
8429,金麗-KY,5,0,5,凱基-士林,2023-01-03,9238
1447,力鵬,5,0,5,凱基-士林,2023-01-03,9238
1524,耿鼎,5,0,5,凱基-士林,2023-01-03,9238
1609,大亞,10,5,5,凱基-士林,2023-01-03,9238
2032,新鋼,6,1,5,凱基-士林,2023-01-03,9238
2515,中工,5,0,5,凱基-士林,2023-01-03,9238
2609,陽明,9,4,5,凱基-士林,2023-01-03,9238
2892,第一金,5,0,5,凱基-士林,2023-01-03,9238
6129,普誠,5,0,5,凱基-士林,2023-01-03,9238
6190,萬泰科,5,0,5,凱基-士林,2023-01-03,9238
9904,寶成,5,0,5,凱基-士林,2023-01-03,9238
1720,生達,5,1,4,凱基-士林,2023-01-03,9238
2465,麗臺,5,1,4,凱基-士林,2023-01-03,9238
2615,萬海,4,0,4,凱基-士林,2023-01-03,9238
3354,律勝,4,0,4,凱基-士林,2023-01-03,9238
3708,上緯投控,6,2,4,凱基-士林,2023-01-03,9238
0056,元大高股息,9,6,3,凱基-士林,2023-01-03,9238
5905,南仁湖,3,0,3,凱基-士林,2023-01-03,9238
1402,遠東新,4,1,3,凱基-士林,2023-01-03,9238
00679B,元大美債20年,3,0,3,凱基-士林,2023-01-03,9238
00632R,元大台灣50反1,304,0,304,凱基-士林,2023-01-04,9238
00878,國泰永續高股息,157,0,157,凱基-士林,2023-01-04,9238
3704,合勤控,91,10,81,凱基-士林,2023-01-04,9238
8171,天宇,69,4,65,凱基-士林,2023-01-04,9238
5425,台半,78,20,58,凱基-士林,2023-01-04,9238
1605,華新,140,90,50,凱基-士林,2023-01-04,9238
00715L,期街口布蘭特正2,39,0,39,凱基-士林,2023-01-04,9238
6118,建達,39,10,29,凱基-士林,2023-01-04,9238
2317,鴻海,28,1,27,凱基-士林,2023-01-04,9238
2014,中鴻,27,2,25,凱基-士林,2023-01-04,9238
5284,jpp-KY,25,0,25,凱基-士林,2023-01-04,9238
2617,台航,23,0,23,凱基-士林,2023-01-04,9238
2303,聯電,22,1,21,凱基-士林,2023-01-04,9238
2884,玉山金,22,2,20,凱基-士林,2023-01-04,9238
6283,淳安,20,0,20,凱基-士林,2023-01-04,9238
1101,台泥,15,0,15,凱基-士林,2023-01-04,9238
6180,橘子,18,4,14,凱基-士林,2023-01-04,9238
3432,台端,16,3,13,凱基-士林,2023-01-04,9238
2425,承啟,10,0,10,凱基-士林,2023-01-04,9238
1802,台玻,11,2,9,凱基-士林,2023-01-04,9238
2028,威致,10,1,9,凱基-士林,2023-01-04,9238
4167,松瑞藥,14,5,9,凱基-士林,2023-01-04,9238
6177,達麗,8,0,8,凱基-士林,2023-01-04,9238
6431,光麗-KY,8,0,8,凱基-士林,2023-01-04,9238
00893,國泰智能電動車,8,0,8,凱基-士林,2023-01-04,9238
1304,台聚,7,0,7,凱基-士林,2023-01-04,9238
2002,中鋼,6,0,6,凱基-士林,2023-01-04,9238
2609,陽明,9,3,6,凱基-士林,2023-01-04,9238
6244,茂迪,10,4,6,凱基-士林,2023-01-04,9238
4961,天鈺,7,2,5,凱基-士林,2023-01-04,9238
1440,南紡,5,0,5,凱基-士林,2023-01-04,9238
2441,超豐,5,0,5,凱基-士林,2023-01-04,9238
3013,晟銘電,5,0,5,凱基-士林,2023-01-04,9238
3027,盛達,5,0,5,凱基-士林,2023-01-04,9238
4906,正文,11,6,5,凱基-士林,2023-01-04,9238
1618,合機,4,0,4,凱基-士林,2023-01-04,9238
2401,凌陽,4,0,4,凱基-士林,2023-01-04,9238
4114,健喬,12,8,4,凱基-士林,2023-01-04,9238
6138,茂達,4,0,4,凱基-士林,2023-01-04,9238
6288,聯嘉,5,1,4,凱基-士林,2023-01-04,9238
1513,中興電,10,6,4,凱基-士林,2023-01-04,9238
6589,台康生技,4,1,3,凱基-士林,2023-01-04,9238
2615,萬海,8,5,3,凱基-士林,2023-01-04,9238
8046,南電,13,10,3,凱基-士林,2023-01-04,9238
00679B,元大美債20年,3,0,3,凱基-士林,2023-01-04,9238
4919,新唐,3,0,3,凱基-士林,2023-01-04,9238
2886,兆豐金,3,0,3,凱基-士林,2023-01-04,9238
3060,銘異,3,0,3,凱基-士林,2023-01-04,9238
1752,南光,3,0,3,凱基-士林,2023-01-04,9238
2308,台達電,4,1,3,凱基-士林,2023-01-04,9238
2313,華通,204,0,204,凱基-士林,2023-01-05,9238
1513,中興電,57,5,52,凱基-士林,2023-01-05,9238
1519,華城,47,9,38,凱基-士林,2023-01-05,9238
00715L,期街口布蘭特正2,32,0,32,凱基-士林,2023-01-05,9238
6180,橘子,36,5,31,凱基-士林,2023-01-05,9238
00637L,元大滬深300正2,53,24,29,凱基-士林,2023-01-05,9238
8038,長園科,22,0,22,凱基-士林,2023-01-05,9238
1810,和成,20,0,20,凱基-士林,2023-01-05,9238
2425,承啟,20,0,20,凱基-士林,2023-01-05,9238
6505,台塑化,20,0,20,凱基-士林,2023-01-05,9238
2108,南帝,20,1,19,凱基-士林,2023-01-05,9238
2317,鴻海,26,8,18,凱基-士林,2023-01-05,9238
2482,連宇,17,1,16,凱基-士林,2023-01-05,9238
00665L,富邦�琤肭磪囓�2,25,10,15,凱基-士林,2023-01-05,9238
4977,眾達-KY,19,4,15,凱基-士林,2023-01-05,9238
1319,東陽,13,0,13,凱基-士林,2023-01-05,9238
00878,國泰永續高股息,34,23,11,凱基-士林,2023-01-05,9238
1701,中化,12,1,11,凱基-士林,2023-01-05,9238
00664R,國泰臺灣加權反1,10,0,10,凱基-士林,2023-01-05,9238
1608,華榮,10,0,10,凱基-士林,2023-01-05,9238
2402,毅嘉,10,0,10,凱基-士林,2023-01-05,9238
1529,樂事綠能,10,1,9,凱基-士林,2023-01-05,9238
2603,長榮,12,3,9,凱基-士林,2023-01-05,9238
9958,世紀鋼,9,0,9,凱基-士林,2023-01-05,9238
3665,貿聯-KY,8,0,8,凱基-士林,2023-01-05,9238
2027,大成鋼,6,0,6,凱基-士林,2023-01-05,9238
2007,燁興,6,0,6,凱基-士林,2023-01-05,9238
2547,日勝生,6,0,6,凱基-士林,2023-01-05,9238
2609,陽明,7,1,6,凱基-士林,2023-01-05,9238
8996,高力,7,1,6,凱基-士林,2023-01-05,9238
2303,聯電,15,10,5,凱基-士林,2023-01-05,9238
8069,元太,18,13,5,凱基-士林,2023-01-05,9238
1444,力麗,11,6,5,凱基-士林,2023-01-05,9238
1234,黑松,5,0,5,凱基-士林,2023-01-05,9238
1216,統一,5,0,5,凱基-士林,2023-01-05,9238
1905,華紙,5,0,5,凱基-士林,2023-01-05,9238
3035,智原,6,1,5,凱基-士林,2023-01-05,9238
8044,網家,10,5,5,凱基-士林,2023-01-05,9238
8070,長華*,5,0,5,凱基-士林,2023-01-05,9238
8088,品安,5,0,5,凱基-士林,2023-01-05,9238
2401,凌陽,5,0,5,凱基-士林,2023-01-05,9238
00881,國泰台灣5G+,4,0,4,凱基-士林,2023-01-05,9238
2382,廣達,4,0,4,凱基-士林,2023-01-05,9238
8358,金居,12,8,4,凱基-士林,2023-01-05,9238
6488,環球晶,4,0,4,凱基-士林,2023-01-05,9238
1752,南光,4,0,4,凱基-士林,2023-01-05,9238
2069,運錩,4,0,4,凱基-士林,2023-01-05,9238
3017,奇鋐,4,0,4,凱基-士林,2023-01-05,9238
3354,律勝,4,0,4,凱基-士林,2023-01-05,9238
3552,同致,5,1,4,凱基-士林,2023-01-05,9238
00900,富邦特選高股息30,401,1,400,凱基-士林,2023-01-06,9238
1909,榮成,66,8,58,凱基-士林,2023-01-06,9238
00632R,元大台灣50反1,54,0,54,凱基-士林,2023-01-06,9238
00720B,元大投資級公司債,52,0,52,凱基-士林,2023-01-06,9238
2419,仲琦,45,1,44,凱基-士林,2023-01-06,9238
5353,台林,40,0,40,凱基-士林,2023-01-06,9238
3704,合勤控,33,12,21,凱基-士林,2023-01-06,9238
8289,泰藝,20,0,20,凱基-士林,2023-01-06,9238
2888,新光金,15,0,15,凱基-士林,2023-01-06,9238
8038,長園科,41,27,14,凱基-士林,2023-01-06,9238
1101,台泥,15,3,12,凱基-士林,2023-01-06,9238
00885,富邦越南,11,0,11,凱基-士林,2023-01-06,9238
2344,華邦電,10,0,10,凱基-士林,2023-01-06,9238
2618,長榮航,13,3,10,凱基-士林,2023-01-06,9238
1402,遠東新,10,0,10,凱基-士林,2023-01-06,9238
1718,中纖,10,0,10,凱基-士林,2023-01-06,9238
2038,海光,10,0,10,凱基-士林,2023-01-06,9238
2482,連宇,19,9,10,凱基-士林,2023-01-06,9238
2867,三商壽,10,0,10,凱基-士林,2023-01-06,9238
4114,健喬,18,8,10,凱基-士林,2023-01-06,9238
4906,正文,10,0,10,凱基-士林,2023-01-06,9238
3665,貿聯-KY,9,0,9,凱基-士林,2023-01-06,9238
6138,茂達,9,0,9,凱基-士林,2023-01-06,9238
2610,華航,10,2,8,凱基-士林,2023-01-06,9238
1524,耿鼎,8,0,8,凱基-士林,2023-01-06,9238
2014,中鴻,11,5,6,凱基-士林,2023-01-06,9238
1444,力麗,6,0,6,凱基-士林,2023-01-06,9238
4916,事欣科,6,0,6,凱基-士林,2023-01-06,9238
6589,台康生技,8,2,6,凱基-士林,2023-01-06,9238
1304,台聚,5,0,5,凱基-士林,2023-01-06,9238
1210,大成,5,0,5,凱基-士林,2023-01-06,9238
1467,南緯,5,0,5,凱基-士林,2023-01-06,9238
2409,友達,10,5,5,凱基-士林,2023-01-06,9238
2884,玉山金,5,0,5,凱基-士林,2023-01-06,9238
3162,精確,5,0,5,凱基-士林,2023-01-06,9238
3252,海灣,5,0,5,凱基-士林,2023-01-06,9238
3577,泓格,5,0,5,凱基-士林,2023-01-06,9238
6245,立端,5,0,5,凱基-士林,2023-01-06,9238
6570,維田,5,0,5,凱基-士林,2023-01-06,9238
2614,東森,4,0,4,凱基-士林,2023-01-06,9238
3714,富采,4,0,4,凱基-士林,2023-01-06,9238
00895,富邦未來車,5,1,4,凱基-士林,2023-01-06,9238
1810,和成,5,1,4,凱基-士林,2023-01-06,9238
3711,日月光投控,12,8,4,凱基-士林,2023-01-06,9238
5272,笙科,4,0,4,凱基-士林,2023-01-06,9238
6276,安鈦克,4,0,4,凱基-士林,2023-01-06,9238
2608,嘉里大榮,8,4,4,凱基-士林,2023-01-06,9238
2731,雄獅,3,0,3,凱基-士林,2023-01-06,9238
3272,東碩,3,0,3,凱基-士林,2023-01-06,9238
4739,康普,3,0,3,凱基-士林,2023-01-06,9238
00632R,元大台灣50反1,380,10,370,凱基-士林,2023-01-09,9238
2845,遠東銀,148,12,136,凱基-士林,2023-01-09,9238
00669R,國泰美國道瓊反1,50,0,50,凱基-士林,2023-01-09,9238
3535,晶彩科,45,0,45,凱基-士林,2023-01-09,9238
2603,長榮,33,1,32,凱基-士林,2023-01-09,9238
6283,淳安,31,0,31,凱基-士林,2023-01-09,9238
3594,磐儀,29,5,24,凱基-士林,2023-01-09,9238
1529,樂事綠能,25,5,20,凱基-士林,2023-01-09,9238
6121,新普,19,0,19,凱基-士林,2023-01-09,9238
2023,燁輝,20,1,19,凱基-士林,2023-01-09,9238
8086,宏捷科,22,3,19,凱基-士林,2023-01-09,9238
2886,兆豐金,20,3,17,凱基-士林,2023-01-09,9238
4916,事欣科,16,0,16,凱基-士林,2023-01-09,9238
6202,盛群,15,0,15,凱基-士林,2023-01-09,9238
00885,富邦越南,14,0,14,凱基-士林,2023-01-09,9238
1701,中化,16,3,13,凱基-士林,2023-01-09,9238
6451,訊芯-KY,13,0,13,凱基-士林,2023-01-09,9238
8358,金居,16,3,13,凱基-士林,2023-01-09,9238
2328,廣宇,12,0,12,凱基-士林,2023-01-09,9238
2314,台揚,11,0,11,凱基-士林,2023-01-09,9238
1513,中興電,15,5,10,凱基-士林,2023-01-09,9238
1712,興農,10,0,10,凱基-士林,2023-01-09,9238
2867,三商壽,10,0,10,凱基-士林,2023-01-09,9238
3687,歐買尬,10,0,10,凱基-士林,2023-01-09,9238
2027,大成鋼,10,1,9,凱基-士林,2023-01-09,9238
0061,元大寶滬深,9,0,9,凱基-士林,2023-01-09,9238
1605,華新,36,27,9,凱基-士林,2023-01-09,9238
1101,台泥,10,2,8,凱基-士林,2023-01-09,9238
2610,華航,12,5,7,凱基-士林,2023-01-09,9238
5608,四維航,7,0,7,凱基-士林,2023-01-09,9238
4147,中裕,7,0,7,凱基-士林,2023-01-09,9238
8171,天宇,17,10,7,凱基-士林,2023-01-09,9238
2324,仁寶,6,0,6,凱基-士林,2023-01-09,9238
3035,智原,11,5,6,凱基-士林,2023-01-09,9238
6139,亞翔,10,4,6,凱基-士林,2023-01-09,9238
2313,華通,12,6,6,凱基-士林,2023-01-09,9238
4961,天鈺,5,0,5,凱基-士林,2023-01-09,9238
00715L,期街口布蘭特正2,5,0,5,凱基-士林,2023-01-09,9238
00631L,元大台灣50正2,5,0,5,凱基-士林,2023-01-09,9238
00665L,富邦�琤肭磪囓�2,10,5,5,凱基-士林,2023-01-09,9238
1210,大成,10,5,5,凱基-士林,2023-01-09,9238
2338,光罩,6,1,5,凱基-士林,2023-01-09,9238
3094,聯傑,5,0,5,凱基-士林,2023-01-09,9238
3207,耀勝,55,50,5,凱基-士林,2023-01-09,9238
3527,聚積,5,0,5,凱基-士林,2023-01-09,9238
4743,合一,7,2,5,凱基-士林,2023-01-09,9238
6570,維田,5,0,5,凱基-士林,2023-01-09,9238
3686,達能,4,0,4,凱基-士林,2023-01-09,9238
6234,高僑,4,0,4,凱基-士林,2023-01-09,9238
3189,景碩,6,2,4,凱基-士林,2023-01-09,9238
4958,臻鼎-KY,302,0,302,凱基-士林,2023-01-10,9238
00878,國泰永續高股息,87,11,76,凱基-士林,2023-01-10,9238
6150,撼訊,50,0,50,凱基-士林,2023-01-10,9238
6139,亞翔,51,6,45,凱基-士林,2023-01-10,9238
2023,燁輝,36,0,36,凱基-士林,2023-01-10,9238
6160,欣技,30,0,30,凱基-士林,2023-01-10,9238
4931,新盛力,50,21,29,凱基-士林,2023-01-10,9238
4916,事欣科,24,0,24,凱基-士林,2023-01-10,9238
2482,連宇,27,6,21,凱基-士林,2023-01-10,9238
3594,磐儀,20,0,20,凱基-士林,2023-01-10,9238
1609,大亞,20,2,18,凱基-士林,2023-01-10,9238
1440,南紡,16,0,16,凱基-士林,2023-01-10,9238
2883,凱基金,18,2,16,凱基-士林,2023-01-10,9238
2890,永豐金,13,0,13,凱基-士林,2023-01-10,9238
2002,中鋼,17,6,11,凱基-士林,2023-01-10,9238
8996,高力,12,1,11,凱基-士林,2023-01-10,9238
00715L,期街口布蘭特正2,10,0,10,凱基-士林,2023-01-10,9238
2308,台達電,10,0,10,凱基-士林,2023-01-10,9238
2413,環科,10,0,10,凱基-士林,2023-01-10,9238
3356,奇偶,10,0,10,凱基-士林,2023-01-10,9238
5608,四維航,10,0,10,凱基-士林,2023-01-10,9238
5609,中菲行,10,0,10,凱基-士林,2023-01-10,9238
9907,統一實,10,0,10,凱基-士林,2023-01-10,9238
1101,台泥,10,1,9,凱基-士林,2023-01-10,9238
3715,定穎投控,10,1,9,凱基-士林,2023-01-10,9238
3706,神達,10,1,9,凱基-士林,2023-01-10,9238
3163,波若威,10,2,8,凱基-士林,2023-01-10,9238
3443,創意,11,3,8,凱基-士林,2023-01-10,9238
3624,光頡,9,1,8,凱基-士林,2023-01-10,9238
4952,凌通,8,0,8,凱基-士林,2023-01-10,9238
6770,力積電,10,2,8,凱基-士林,2023-01-10,9238
9962,有益,10,2,8,凱基-士林,2023-01-10,9238
3558,神準,7,0,7,凱基-士林,2023-01-10,9238
3577,泓格,7,0,7,凱基-士林,2023-01-10,9238
6443,元晶,8,1,7,凱基-士林,2023-01-10,9238
2313,華通,6,0,6,凱基-士林,2023-01-10,9238
2363,矽統,5,0,5,凱基-士林,2023-01-10,9238
5880,合庫金,11,6,5,凱基-士林,2023-01-10,9238
00665L,富邦�琤肭磪囓�2,5,0,5,凱基-士林,2023-01-10,9238
00895,富邦未來車,5,0,5,凱基-士林,2023-01-10,9238
1789,神隆,5,0,5,凱基-士林,2023-01-10,9238
2007,燁興,5,0,5,凱基-士林,2023-01-10,9238
2312,金寶,5,0,5,凱基-士林,2023-01-10,9238
2357,華碩,5,0,5,凱基-士林,2023-01-10,9238
2358,廷鑫,7,2,5,凱基-士林,2023-01-10,9238
2367,燿華,5,0,5,凱基-士林,2023-01-10,9238
2380,虹光,5,0,5,凱基-士林,2023-01-10,9238
3234,光環,5,0,5,凱基-士林,2023-01-10,9238
3527,聚積,5,0,5,凱基-士林,2023-01-10,9238
3686,達能,5,0,5,凱基-士林,2023-01-10,9238
1442,名軒,153,1,152,凱基-士林,2023-01-11,9238
1584,精剛,103,0,103,凱基-士林,2023-01-11,9238
5425,台半,100,0,100,凱基-士林,2023-01-11,9238
00632R,元大台灣50反1,310,220,90,凱基-士林,2023-01-11,9238
4906,正文,55,0,55,凱基-士林,2023-01-11,9238
2882,國泰金,41,1,40,凱基-士林,2023-01-11,9238
00885,富邦越南,35,2,33,凱基-士林,2023-01-11,9238
1605,華新,34,2,32,凱基-士林,2023-01-11,9238
5284,jpp-KY,42,20,22,凱基-士林,2023-01-11,9238
6609,瀧澤科,15,0,15,凱基-士林,2023-01-11,9238
4530,宏易,14,0,14,凱基-士林,2023-01-11,9238
4979,華星光,28,14,14,凱基-士林,2023-01-11,9238
5009,榮剛,19,5,14,凱基-士林,2023-01-11,9238
8928,鉅明,12,0,12,凱基-士林,2023-01-11,9238
2201,裕隆,20,9,11,凱基-士林,2023-01-11,9238
2457,飛宏,11,0,11,凱基-士林,2023-01-11,9238
2368,金像電,10,0,10,凱基-士林,2023-01-11,9238
2313,華通,12,2,10,凱基-士林,2023-01-11,9238
8076,伍豐,10,0,10,凱基-士林,2023-01-11,9238
8114,振樺電,10,0,10,凱基-士林,2023-01-11,9238
8996,高力,17,7,10,凱基-士林,2023-01-11,9238
3231,緯創,9,0,9,凱基-士林,2023-01-11,9238
6118,建達,10,1,9,凱基-士林,2023-01-11,9238
00878,國泰永續高股息,18,10,8,凱基-士林,2023-01-11,9238
3693,營邦,10,3,7,凱基-士林,2023-01-11,9238
4148,全宇生技-KY,7,0,7,凱基-士林,2023-01-11,9238
6415,矽力*-KY,7,0,7,凱基-士林,2023-01-11,9238
9933,中鼎,6,0,6,凱基-士林,2023-01-11,9238
3027,盛達,17,11,6,凱基-士林,2023-01-11,9238
3252,海灣,6,0,6,凱基-士林,2023-01-11,9238
4952,凌通,6,0,6,凱基-士林,2023-01-11,9238
6124,業強,6,0,6,凱基-士林,2023-01-11,9238
6431,光麗-KY,6,0,6,凱基-士林,2023-01-11,9238
8033,雷虎,7,1,6,凱基-士林,2023-01-11,9238
1608,華榮,12,7,5,凱基-士林,2023-01-11,9238
1709,和益,5,0,5,凱基-士林,2023-01-11,9238
2023,燁輝,5,0,5,凱基-士林,2023-01-11,9238
2358,廷鑫,5,0,5,凱基-士林,2023-01-11,9238
3081,聯亞,5,0,5,凱基-士林,2023-01-11,9238
4171,瑞基,5,0,5,凱基-士林,2023-01-11,9238
6706,惠特,5,0,5,凱基-士林,2023-01-11,9238
6712,長聖,6,1,5,凱基-士林,2023-01-11,9238
8049,晶采,5,0,5,凱基-士林,2023-01-11,9238
8088,品安,5,0,5,凱基-士林,2023-01-11,9238
8429,金麗-KY,5,0,5,凱基-士林,2023-01-11,9238
9802,鈺齊-KY,5,0,5,凱基-士林,2023-01-11,9238
2308,台達電,4,0,4,凱基-士林,2023-01-11,9238
2338,光罩,10,6,4,凱基-士林,2023-01-11,9238
2380,虹光,4,0,4,凱基-士林,2023-01-11,9238
3701,大眾控,4,0,4,凱基-士林,2023-01-11,9238
00637L,元大滬深300正2,611,212,399,凱基-士林,2023-01-12,9238
1605,華新,49,15,34,凱基-士林,2023-01-12,9238
00882,中信中國高股息,31,4,27,凱基-士林,2023-01-12,9238
6283,淳安,24,0,24,凱基-士林,2023-01-12,9238
2732,六角,24,2,22,凱基-士林,2023-01-12,9238
1721,三晃,20,0,20,凱基-士林,2023-01-12,9238
6288,聯嘉,20,0,20,凱基-士林,2023-01-12,9238
00903,富邦元宇宙,20,0,20,凱基-士林,2023-01-12,9238
2884,玉山金,20,0,20,凱基-士林,2023-01-12,9238
1752,南光,18,0,18,凱基-士林,2023-01-12,9238
3481,群創,17,0,17,凱基-士林,2023-01-12,9238
2328,廣宇,15,0,15,凱基-士林,2023-01-12,9238
00665L,富邦�琤肭磪囓�2,15,0,15,凱基-士林,2023-01-12,9238
2888,新光金,20,5,15,凱基-士林,2023-01-12,9238
00715L,期街口布蘭特正2,45,30,15,凱基-士林,2023-01-12,9238
2603,長榮,28,14,14,凱基-士林,2023-01-12,9238
00878,國泰永續高股息,16,3,13,凱基-士林,2023-01-12,9238
2748,雲品,12,0,12,凱基-士林,2023-01-12,9238
2317,鴻海,12,1,11,凱基-士林,2023-01-12,9238
2359,所羅門,11,0,11,凱基-士林,2023-01-12,9238
3704,合勤控,12,1,11,凱基-士林,2023-01-12,9238
1467,南緯,10,0,10,凱基-士林,2023-01-12,9238
2349,錸德,10,0,10,凱基-士林,2023-01-12,9238
2402,毅嘉,10,0,10,凱基-士林,2023-01-12,9238
3576,聯合再生,10,0,10,凱基-士林,2023-01-12,9238
4746,台耀,11,1,10,凱基-士林,2023-01-12,9238
2615,萬海,9,0,9,凱基-士林,2023-01-12,9238
3702,大聯大,9,0,9,凱基-士林,2023-01-12,9238
3594,磐儀,9,1,8,凱基-士林,2023-01-12,9238
5284,jpp-KY,18,10,8,凱基-士林,2023-01-12,9238
8076,伍豐,8,0,8,凱基-士林,2023-01-12,9238
4530,宏易,7,0,7,凱基-士林,2023-01-12,9238
4979,華星光,10,3,7,凱基-士林,2023-01-12,9238
6415,矽力*-KY,7,0,7,凱基-士林,2023-01-12,9238
5521,工信,6,0,6,凱基-士林,2023-01-12,9238
5608,四維航,6,0,6,凱基-士林,2023-01-12,9238
6712,長聖,11,5,6,凱基-士林,2023-01-12,9238
00631L,元大台灣50正2,6,0,6,凱基-士林,2023-01-12,9238
1440,南紡,5,0,5,凱基-士林,2023-01-12,9238
1210,大成,5,0,5,凱基-士林,2023-01-12,9238
00893,國泰智能電動車,5,0,5,凱基-士林,2023-01-12,9238
1304,台聚,10,5,5,凱基-士林,2023-01-12,9238
1709,和益,5,0,5,凱基-士林,2023-01-12,9238
2409,友達,5,0,5,凱基-士林,2023-01-12,9238
2890,永豐金,5,0,5,凱基-士林,2023-01-12,9238
3231,緯創,5,0,5,凱基-士林,2023-01-12,9238
4111,濟生,5,0,5,凱基-士林,2023-01-12,9238
4155,訊映,5,0,5,凱基-士林,2023-01-12,9238
4906,正文,7,2,5,凱基-士林,2023-01-12,9238
4916,事欣科,5,0,5,凱基-士林,2023-01-12,9238
00632R,元大台灣50反1,69,20,49,凱基-士林,2023-01-13,9238
3715,定穎投控,30,0,30,凱基-士林,2023-01-13,9238
3454,晶睿,61,41,20,凱基-士林,2023-01-13,9238
1609,大亞,20,0,20,凱基-士林,2023-01-13,9238
6285,啟��,21,1,20,凱基-士林,2023-01-13,9238
2368,金像電,30,10,20,凱基-士林,2023-01-13,9238
4164,承業醫,19,0,19,凱基-士林,2023-01-13,9238
2303,聯電,26,9,17,凱基-士林,2023-01-13,9238
00885,富邦越南,16,0,16,凱基-士林,2023-01-13,9238
5608,四維航,20,8,12,凱基-士林,2023-01-13,9238
00675L,富邦臺灣加權正2,10,0,10,凱基-士林,2023-01-13,9238
00706L,期元大S＆P日圓正2,10,0,10,凱基-士林,2023-01-13,9238
2402,毅嘉,10,0,10,凱基-士林,2023-01-13,9238
2413,環科,10,0,10,凱基-士林,2023-01-13,9238
9938,百和,10,0,10,凱基-士林,2023-01-13,9238
1560,中砂,10,1,9,凱基-士林,2023-01-13,9238
3176,基亞,9,0,9,凱基-士林,2023-01-13,9238
6288,聯嘉,9,0,9,凱基-士林,2023-01-13,9238
2617,台航,8,0,8,凱基-士林,2023-01-13,9238
3162,精確,8,0,8,凱基-士林,2023-01-13,9238
3516,亞帝歐,8,0,8,凱基-士林,2023-01-13,9238
6679,鈺太,8,0,8,凱基-士林,2023-01-13,9238
8028,昇陽半導體,10,2,8,凱基-士林,2023-01-13,9238
4916,事欣科,7,0,7,凱基-士林,2023-01-13,9238
00891,中信關鍵半導體,13,7,6,凱基-士林,2023-01-13,9238
3708,上緯投控,6,0,6,凱基-士林,2023-01-13,9238
4906,正文,9,3,6,凱基-士林,2023-01-13,9238
00905,FT臺灣Smart,6,0,6,凱基-士林,2023-01-13,9238
00903,富邦元宇宙,6,0,6,凱基-士林,2023-01-13,9238
2610,華航,11,5,6,凱基-士林,2023-01-13,9238
3673,TPK-KY,6,0,6,凱基-士林,2023-01-13,9238
5263,智崴,7,1,6,凱基-士林,2023-01-13,9238
6283,淳安,6,0,6,凱基-士林,2023-01-13,9238
8933,愛地雅,6,0,6,凱基-士林,2023-01-13,9238
2701,萬企,5,0,5,凱基-士林,2023-01-13,9238
3707,漢磊,5,0,5,凱基-士林,2023-01-13,9238
4171,瑞基,5,0,5,凱基-士林,2023-01-13,9238
5284,jpp-KY,5,0,5,凱基-士林,2023-01-13,9238
5388,中磊,5,0,5,凱基-士林,2023-01-13,9238
5452,佶優,5,0,5,凱基-士林,2023-01-13,9238
8429,金麗-KY,5,0,5,凱基-士林,2023-01-13,9238
00679B,元大美債20年,4,0,4,凱基-士林,2023-01-13,9238
00921,兆豐龍頭等權重,4,0,4,凱基-士林,2023-01-13,9238
2892,第一金,5,1,4,凱基-士林,2023-01-13,9238
3033,威健,4,0,4,凱基-士林,2023-01-13,9238
3042,晶技,4,0,4,凱基-士林,2023-01-13,9238
3234,光環,4,0,4,凱基-士林,2023-01-13,9238
3515,華擎,24,20,4,凱基-士林,2023-01-13,9238
6695,芯鼎,4,0,4,凱基-士林,2023-01-13,9238
2014,中鴻,7,4,3,凱基-士林,2023-01-13,9238
6245,立端,297,1,296,凱基-士林,2023-01-16,9238
1605,華新,131,17,114,凱基-士林,2023-01-16,9238
00632R,元大台灣50反1,110,2,108,凱基-士林,2023-01-16,9238
1304,台聚,102,1,101,凱基-士林,2023-01-16,9238
00751B,元大AAA至A公司債,27,0,27,凱基-士林,2023-01-16,9238
00673R,期元大S＆P原油反1,22,0,22,凱基-士林,2023-01-16,9238
1760,寶齡富錦,21,1,20,凱基-士林,2023-01-16,9238
5488,松普,37,21,16,凱基-士林,2023-01-16,9238
3526,凡甲,15,0,15,凱基-士林,2023-01-16,9238
6283,淳安,19,4,15,凱基-士林,2023-01-16,9238
2106,建大,12,0,12,凱基-士林,2023-01-16,9238
2609,陽明,12,2,10,凱基-士林,2023-01-16,9238
1341,富林-KY,10,0,10,凱基-士林,2023-01-16,9238
9907,統一實,10,0,10,凱基-士林,2023-01-16,9238
2002,中鋼,10,2,8,凱基-士林,2023-01-16,9238
6770,力積電,7,0,7,凱基-士林,2023-01-16,9238
5321,美而快,6,0,6,凱基-士林,2023-01-16,9238
9945,潤泰新,5,0,5,凱基-士林,2023-01-16,9238
1210,大成,5,0,5,凱基-士林,2023-01-16,9238
1308,亞聚,5,0,5,凱基-士林,2023-01-16,9238
00665L,富邦�琤肭磪囓�2,10,5,5,凱基-士林,2023-01-16,9238
00900,富邦特選高股息30,5,0,5,凱基-士林,2023-01-16,9238
00893,國泰智能電動車,5,0,5,凱基-士林,2023-01-16,9238
2108,南帝,5,0,5,凱基-士林,2023-01-16,9238
2327,國巨,5,0,5,凱基-士林,2023-01-16,9238
3027,盛達,5,0,5,凱基-士林,2023-01-16,9238
3535,晶彩科,5,0,5,凱基-士林,2023-01-16,9238
8932,智通*,5,0,5,凱基-士林,2023-01-16,9238
1802,台玻,8,4,4,凱基-士林,2023-01-16,9238
2882,國泰金,6,2,4,凱基-士林,2023-01-16,9238
3545,敦泰,3,0,3,凱基-士林,2023-01-16,9238
00770,國泰北美科技,3,0,3,凱基-士林,2023-01-16,9238
2014,中鴻,28,25,3,凱基-士林,2023-01-16,9238
2049,上銀,3,0,3,凱基-士林,2023-01-16,9238
2606,裕民,3,0,3,凱基-士林,2023-01-16,9238
3673,TPK-KY,3,0,3,凱基-士林,2023-01-16,9238
4106,雃博,3,0,3,凱基-士林,2023-01-16,9238
4162,智擎,4,1,3,凱基-士林,2023-01-16,9238
4958,臻鼎-KY,3,0,3,凱基-士林,2023-01-16,9238
5009,榮剛,3,0,3,凱基-士林,2023-01-16,9238
6141,柏承,3,0,3,凱基-士林,2023-01-16,9238
8086,宏捷科,6,3,3,凱基-士林,2023-01-16,9238
1560,中砂,3,0,3,凱基-士林,2023-01-16,9238
1337,再生-KY,2,0,2,凱基-士林,2023-01-16,9238
1336,台翰,2,0,2,凱基-士林,2023-01-16,9238
00637L,元大滬深300正2,8,6,2,凱基-士林,2023-01-16,9238
00633L,富邦上証正2,2,0,2,凱基-士林,2023-01-16,9238
1809,中釉,2,0,2,凱基-士林,2023-01-16,9238
2236,百達-KY,2,0,2,凱基-士林,2023-01-16,9238
2313,華通,3,1,2,凱基-士林,2023-01-16,9238
2482,連宇,100,0,100,凱基-士林,2023-01-17,9238
1304,台聚,100,2,98,凱基-士林,2023-01-17,9238
6150,撼訊,52,0,52,凱基-士林,2023-01-17,9238
3481,群創,50,0,50,凱基-士林,2023-01-17,9238
6180,橘子,49,5,44,凱基-士林,2023-01-17,9238
8358,金居,48,5,43,凱基-士林,2023-01-17,9238
00632R,元大台灣50反1,64,30,34,凱基-士林,2023-01-17,9238
6830,汎銓,23,0,23,凱基-士林,2023-01-17,9238
2201,裕隆,34,12,22,凱基-士林,2023-01-17,9238
1815,富喬,20,0,20,凱基-士林,2023-01-17,9238
2368,金像電,26,6,20,凱基-士林,2023-01-17,9238
2354,鴻準,14,0,14,凱基-士林,2023-01-17,9238
8028,昇陽半導體,13,0,13,凱基-士林,2023-01-17,9238
2834,臺企銀,13,0,13,凱基-士林,2023-01-17,9238
00679B,元大美債20年,11,0,11,凱基-士林,2023-01-17,9238
2317,鴻海,11,0,11,凱基-士林,2023-01-17,9238
1440,南紡,10,0,10,凱基-士林,2023-01-17,9238
1569,濱川,10,0,10,凱基-士林,2023-01-17,9238
5225,東科-KY,10,0,10,凱基-士林,2023-01-17,9238
6129,普誠,10,0,10,凱基-士林,2023-01-17,9238
6290,良維,11,1,10,凱基-士林,2023-01-17,9238
2465,麗臺,11,2,9,凱基-士林,2023-01-17,9238
4530,宏易,8,0,8,凱基-士林,2023-01-17,9238
00878,國泰永續高股息,13,5,8,凱基-士林,2023-01-17,9238
1101,台泥,8,1,7,凱基-士林,2023-01-17,9238
0061,元大寶滬深,6,0,6,凱基-士林,2023-01-17,9238
00637L,元大滬深300正2,27,21,6,凱基-士林,2023-01-17,9238
6283,淳安,6,0,6,凱基-士林,2023-01-17,9238
6719,力智,6,0,6,凱基-士林,2023-01-17,9238
2002,中鋼,10,4,6,凱基-士林,2023-01-17,9238
2324,仁寶,10,5,5,凱基-士林,2023-01-17,9238
3558,神準,5,0,5,凱基-士林,2023-01-17,9238
1210,大成,5,0,5,凱基-士林,2023-01-17,9238
00665L,富邦�琤肭磪囓�2,5,0,5,凱基-士林,2023-01-17,9238
2498,宏達電,6,1,5,凱基-士林,2023-01-17,9238
2597,潤弘,5,0,5,凱基-士林,2023-01-17,9238
4939,亞電,5,0,5,凱基-士林,2023-01-17,9238
4977,眾達-KY,15,10,5,凱基-士林,2023-01-17,9238
5263,智崴,6,1,5,凱基-士林,2023-01-17,9238
1909,榮成,5,1,4,凱基-士林,2023-01-17,9238
2412,中華電,4,0,4,凱基-士林,2023-01-17,9238
2601,益航,4,0,4,凱基-士林,2023-01-17,9238
4770,上品,4,0,4,凱基-士林,2023-01-17,9238
6116,彩晶,5,1,4,凱基-士林,2023-01-17,9238
6244,茂迪,6,2,4,凱基-士林,2023-01-17,9238
3037,欣興,6,3,3,凱基-士林,2023-01-17,9238
00770,國泰北美科技,3,0,3,凱基-士林,2023-01-17,9238
00701,國泰股利精選30,3,0,3,凱基-士林,2023-01-17,9238
2204,中華,6,3,3,凱基-士林,2023-01-17,9238
2399,映泰,4,1,3,凱基-士林,2023-01-17,9238
00637L,元大滬深300正2,444,1,443,凱基-士林,2023-01-30,9238
00632R,元大台灣50反1,368,0,368,凱基-士林,2023-01-30,9238
2303,聯電,412,178,234,凱基-士林,2023-01-30,9238
2603,長榮,214,0,214,凱基-士林,2023-01-30,9238
00655L,國泰中國A50正2,200,0,200,凱基-士林,2023-01-30,9238
2732,六角,170,7,163,凱基-士林,2023-01-30,9238
2834,臺企銀,41,0,41,凱基-士林,2023-01-30,9238
2801,彰銀,40,0,40,凱基-士林,2023-01-30,9238
6603,富強鑫,35,0,35,凱基-士林,2023-01-30,9238
2317,鴻海,36,5,31,凱基-士林,2023-01-30,9238
00720B,元大投資級公司債,27,0,27,凱基-士林,2023-01-30,9238
5284,jpp-KY,77,50,27,凱基-士林,2023-01-30,9238
9942,茂順,22,0,22,凱基-士林,2023-01-30,9238
3047,訊舟,21,0,21,凱基-士林,2023-01-30,9238
00664R,國泰臺灣加權反1,20,0,20,凱基-士林,2023-01-30,9238
1210,大成,20,0,20,凱基-士林,2023-01-30,9238
1529,樂事綠能,20,0,20,凱基-士林,2023-01-30,9238
00903,富邦元宇宙,18,0,18,凱基-士林,2023-01-30,9238
1305,華夏,15,0,15,凱基-士林,2023-01-30,9238
2328,廣宇,18,5,13,凱基-士林,2023-01-30,9238
2314,台揚,12,0,12,凱基-士林,2023-01-30,9238
8050,廣積,10,0,10,凱基-士林,2023-01-30,9238
3526,凡甲,9,0,9,凱基-士林,2023-01-30,9238
9958,世紀鋼,10,1,9,凱基-士林,2023-01-30,9238
1760,寶齡富錦,10,2,8,凱基-士林,2023-01-30,9238
2486,一詮,10,2,8,凱基-士林,2023-01-30,9238
2609,陽明,14,6,8,凱基-士林,2023-01-30,9238
3027,盛達,14,6,8,凱基-士林,2023-01-30,9238
1342,八貫,8,0,8,凱基-士林,2023-01-30,9238
00673R,期元大S＆P原油反1,7,0,7,凱基-士林,2023-01-30,9238
2066,世德,7,0,7,凱基-士林,2023-01-30,9238
2892,第一金,6,0,6,凱基-士林,2023-01-30,9238
00878,國泰永續高股息,20,14,6,凱基-士林,2023-01-30,9238
3533,嘉澤,5,0,5,凱基-士林,2023-01-30,9238
6712,長聖,5,0,5,凱基-士林,2023-01-30,9238
1903,士紙,5,0,5,凱基-士林,2023-01-30,9238
00895,富邦未來車,5,0,5,凱基-士林,2023-01-30,9238
1608,華榮,5,0,5,凱基-士林,2023-01-30,9238
1612,宏泰,5,0,5,凱基-士林,2023-01-30,9238
2038,海光,15,10,5,凱基-士林,2023-01-30,9238
2069,運錩,5,0,5,凱基-士林,2023-01-30,9238
3252,海灣,5,0,5,凱基-士林,2023-01-30,9238
3527,聚積,5,0,5,凱基-士林,2023-01-30,9238
4961,天鈺,5,0,5,凱基-士林,2023-01-30,9238
8432,東生華,5,0,5,凱基-士林,2023-01-30,9238
2308,台達電,7,2,5,凱基-士林,2023-01-30,9238
8069,元太,8,4,4,凱基-士林,2023-01-30,9238
1524,耿鼎,4,0,4,凱基-士林,2023-01-30,9238
2436,偉詮電,5,1,4,凱基-士林,2023-01-30,9238
2444,兆勁,4,0,4,凱基-士林,2023-01-30,9238
00637L,元大滬深300正2,302,6,296,凱基-士林,2023-01-31,9238
00632R,元大台灣50反1,305,109,196,凱基-士林,2023-01-31,9238
8105,凌巨,117,17,100,凱基-士林,2023-01-31,9238
00715L,期街口布蘭特正2,70,0,70,凱基-士林,2023-01-31,9238
00905,FT臺灣Smart,77,12,65,凱基-士林,2023-01-31,9238
6180,橘子,67,2,65,凱基-士林,2023-01-31,9238
2317,鴻海,91,38,53,凱基-士林,2023-01-31,9238
6443,元晶,38,9,29,凱基-士林,2023-01-31,9238
00891,中信關鍵半導體,27,1,26,凱基-士林,2023-01-31,9238
2834,臺企銀,22,0,22,凱基-士林,2023-01-31,9238
2892,第一金,21,0,21,凱基-士林,2023-01-31,9238
2006,東和鋼鐵,20,0,20,凱基-士林,2023-01-31,9238
2107,厚生,20,0,20,凱基-士林,2023-01-31,9238
3516,亞帝歐,19,0,19,凱基-士林,2023-01-31,9238
00878,國泰永續高股息,22,3,19,凱基-士林,2023-01-31,9238
2324,仁寶,15,0,15,凱基-士林,2023-01-31,9238
4743,合一,25,10,15,凱基-士林,2023-01-31,9238
2303,聯電,47,33,14,凱基-士林,2023-01-31,9238
2441,超豐,20,6,14,凱基-士林,2023-01-31,9238
2887,台新金,13,0,13,凱基-士林,2023-01-31,9238
8478,東哥遊艇,11,1,10,凱基-士林,2023-01-31,9238
4102,永日,10,0,10,凱基-士林,2023-01-31,9238
4402,郡都開發,10,0,10,凱基-士林,2023-01-31,9238
4916,事欣科,10,0,10,凱基-士林,2023-01-31,9238
5014,建錩,10,0,10,凱基-士林,2023-01-31,9238
8183,精星,10,0,10,凱基-士林,2023-01-31,9238
1519,華城,19,10,9,凱基-士林,2023-01-31,9238
2455,全新,9,0,9,凱基-士林,2023-01-31,9238
2208,台船,8,0,8,凱基-士林,2023-01-31,9238
2380,虹光,8,0,8,凱基-士林,2023-01-31,9238
2888,新光金,10,2,8,凱基-士林,2023-01-31,9238
3027,盛達,30,22,8,凱基-士林,2023-01-31,9238
3479,安勤,10,2,8,凱基-士林,2023-01-31,9238
4906,正文,8,0,8,凱基-士林,2023-01-31,9238
1402,遠東新,7,0,7,凱基-士林,2023-01-31,9238
2356,英業達,8,1,7,凱基-士林,2023-01-31,9238
6165,浪凡,7,0,7,凱基-士林,2023-01-31,9238
6245,立端,7,0,7,凱基-士林,2023-01-31,9238
6278,台表科,7,0,7,凱基-士林,2023-01-31,9238
8086,宏捷科,7,0,7,凱基-士林,2023-01-31,9238
2330,台積電,13,7,6,凱基-士林,2023-01-31,9238
3224,三顧,6,0,6,凱基-士林,2023-01-31,9238
3711,日月光投控,6,0,6,凱基-士林,2023-01-31,9238
2371,大同,5,0,5,凱基-士林,2023-01-31,9238
2421,建準,5,0,5,凱基-士林,2023-01-31,9238
2614,東森,5,0,5,凱基-士林,2023-01-31,9238
3356,奇偶,5,0,5,凱基-士林,2023-01-31,9238
4164,承業醫,5,0,5,凱基-士林,2023-01-31,9238
6449,鈺邦,5,0,5,凱基-士林,2023-01-31,9238
9942,茂順,5,0,5,凱基-士林,2023-01-31,9238
00632R,元大台灣50反1,202,5,197,凱基-士林,2023-02-01,9238
00637L,元大滬深300正2,118,19,99,凱基-士林,2023-02-01,9238
3481,群創,72,0,72,凱基-士林,2023-02-01,9238
4164,承業醫,60,6,54,凱基-士林,2023-02-01,9238
2033,佳大,50,0,50,凱基-士林,2023-02-01,9238
2486,一詮,33,0,33,凱基-士林,2023-02-01,9238
2317,鴻海,29,1,28,凱基-士林,2023-02-01,9238
2408,南亞科,23,0,23,凱基-士林,2023-02-01,9238
2618,長榮航,81,61,20,凱基-士林,2023-02-01,9238
00885,富邦越南,20,2,18,凱基-士林,2023-02-01,9238
2881,富邦金,23,8,15,凱基-士林,2023-02-01,9238
1210,大成,15,0,15,凱基-士林,2023-02-01,9238
3624,光頡,16,3,13,凱基-士林,2023-02-01,9238
6290,良維,13,1,12,凱基-士林,2023-02-01,9238
2890,永豐金,12,0,12,凱基-士林,2023-02-01,9238
00878,國泰永續高股息,12,0,12,凱基-士林,2023-02-01,9238
1609,大亞,19,7,12,凱基-士林,2023-02-01,9238
6278,台表科,12,0,12,凱基-士林,2023-02-01,9238
3434,哲固,11,0,11,凱基-士林,2023-02-01,9238
6213,聯茂,13,2,11,凱基-士林,2023-02-01,9238
1524,耿鼎,16,6,10,凱基-士林,2023-02-01,9238
00905,FT臺灣Smart,10,0,10,凱基-士林,2023-02-01,9238
2906,高林,10,0,10,凱基-士林,2023-02-01,9238
3044,健鼎,10,0,10,凱基-士林,2023-02-01,9238
3163,波若威,10,0,10,凱基-士林,2023-02-01,9238
5309,系統電,13,3,10,凱基-士林,2023-02-01,9238
5488,松普,10,0,10,凱基-士林,2023-02-01,9238
9105,泰金寶-DR,10,0,10,凱基-士林,2023-02-01,9238
6770,力積電,14,4,10,凱基-士林,2023-02-01,9238
2614,東森,10,1,9,凱基-士林,2023-02-01,9238
5388,中磊,10,1,9,凱基-士林,2023-02-01,9238
00900,富邦特選高股息30,9,0,9,凱基-士林,2023-02-01,9238
1584,精剛,15,7,8,凱基-士林,2023-02-01,9238
6235,華孚,10,2,8,凱基-士林,2023-02-01,9238
6431,光麗-KY,8,0,8,凱基-士林,2023-02-01,9238
8050,廣積,8,0,8,凱基-士林,2023-02-01,9238
2607,榮運,8,1,7,凱基-士林,2023-02-01,9238
3022,威強電,7,0,7,凱基-士林,2023-02-01,9238
4743,合一,8,1,7,凱基-士林,2023-02-01,9238
6125,廣運,7,0,7,凱基-士林,2023-02-01,9238
2834,臺企銀,6,0,6,凱基-士林,2023-02-01,9238
3479,安勤,7,1,6,凱基-士林,2023-02-01,9238
4167,松瑞藥,6,0,6,凱基-士林,2023-02-01,9238
4541,晟田,6,0,6,凱基-士林,2023-02-01,9238
00772B,中信高評級公司債,5,0,5,凱基-士林,2023-02-01,9238
2221,大甲,5,0,5,凱基-士林,2023-02-01,9238
2421,建準,5,0,5,凱基-士林,2023-02-01,9238
2497,怡利電,6,1,5,凱基-士林,2023-02-01,9238
2719,燦星旅,5,0,5,凱基-士林,2023-02-01,9238
2880,華南金,5,0,5,凱基-士林,2023-02-01,9238
2888,新光金,527,20,507,凱基-士林,2023-02-02,9238
00632R,元大台灣50反1,166,4,162,凱基-士林,2023-02-02,9238
6180,橘子,62,0,62,凱基-士林,2023-02-02,9238
00655L,國泰中國A50正2,50,0,50,凱基-士林,2023-02-02,9238
5258,虹堡,33,4,29,凱基-士林,2023-02-02,9238
2891,中信金,28,0,28,凱基-士林,2023-02-02,9238
3062,建漢,24,0,24,凱基-士林,2023-02-02,9238
1605,華新,31,9,22,凱基-士林,2023-02-02,9238
5009,榮剛,22,1,21,凱基-士林,2023-02-02,9238
00715L,期街口布蘭特正2,20,0,20,凱基-士林,2023-02-02,9238
6123,上奇,20,0,20,凱基-士林,2023-02-02,9238
6142,友勁,20,0,20,凱基-士林,2023-02-02,9238
9105,泰金寶-DR,20,0,20,凱基-士林,2023-02-02,9238
6213,聯茂,20,0,20,凱基-士林,2023-02-02,9238
4915,致伸,19,0,19,凱基-士林,2023-02-02,9238
2618,長榮航,21,3,18,凱基-士林,2023-02-02,9238
8069,元太,36,19,17,凱基-士林,2023-02-02,9238
6129,普誠,18,1,17,凱基-士林,2023-02-02,9238
2482,連宇,84,68,16,凱基-士林,2023-02-02,9238
6165,浪凡,65,49,16,凱基-士林,2023-02-02,9238
4977,眾達-KY,16,1,15,凱基-士林,2023-02-02,9238
4916,事欣科,15,0,15,凱基-士林,2023-02-02,9238
3027,盛達,20,6,14,凱基-士林,2023-02-02,9238
1341,富林-KY,13,0,13,凱基-士林,2023-02-02,9238
2609,陽明,67,54,13,凱基-士林,2023-02-02,9238
00885,富邦越南,13,0,13,凱基-士林,2023-02-02,9238
00878,國泰永續高股息,19,7,12,凱基-士林,2023-02-02,9238
1589,永冠-KY,15,3,12,凱基-士林,2023-02-02,9238
2009,第一銅,13,1,12,凱基-士林,2023-02-02,9238
3687,歐買尬,14,2,12,凱基-士林,2023-02-02,9238
6235,華孚,22,10,12,凱基-士林,2023-02-02,9238
2201,裕隆,28,17,11,凱基-士林,2023-02-02,9238
00903,富邦元宇宙,16,5,11,凱基-士林,2023-02-02,9238
6770,力積電,16,5,11,凱基-士林,2023-02-02,9238
4919,新唐,51,40,11,凱基-士林,2023-02-02,9238
00665L,富邦�琤肭磪囓�2,10,0,10,凱基-士林,2023-02-02,9238
1796,金穎生技,10,0,10,凱基-士林,2023-02-02,9238
2419,仲琦,11,1,10,凱基-士林,2023-02-02,9238
2607,榮運,10,0,10,凱基-士林,2023-02-02,9238
4102,永日,10,0,10,凱基-士林,2023-02-02,9238
6756,威鋒電子,12,2,10,凱基-士林,2023-02-02,9238
8038,長園科,10,0,10,凱基-士林,2023-02-02,9238
8930,青鋼,10,0,10,凱基-士林,2023-02-02,9238
2834,臺企銀,19,10,9,凱基-士林,2023-02-02,9238
8171,天宇,14,5,9,凱基-士林,2023-02-02,9238
1513,中興電,19,10,9,凱基-士林,2023-02-02,9238
2329,華泰,88,79,9,凱基-士林,2023-02-02,9238
5225,東科-KY,10,1,9,凱基-士林,2023-02-02,9238
5309,系統電,12,3,9,凱基-士林,2023-02-02,9238
6548,長科*,10,1,9,凱基-士林,2023-02-02,9238
9105,泰金寶-DR,566,10,556,凱基-士林,2023-02-03,9238
2034,允強,101,0,101,凱基-士林,2023-02-03,9238
2206,三陽工業,70,0,70,凱基-士林,2023-02-03,9238
6180,橘子,62,1,61,凱基-士林,2023-02-03,9238
1101,台泥,62,6,56,凱基-士林,2023-02-03,9238
2801,彰銀,50,0,50,凱基-士林,2023-02-03,9238
2329,華泰,51,2,49,凱基-士林,2023-02-03,9238
00715L,期街口布蘭特正2,41,0,41,凱基-士林,2023-02-03,9238
5258,虹堡,83,48,35,凱基-士林,2023-02-03,9238
00882,中信中國高股息,35,2,33,凱基-士林,2023-02-03,9238
00878,國泰永續高股息,40,7,33,凱基-士林,2023-02-03,9238
3013,晟銘電,40,8,32,凱基-士林,2023-02-03,9238
2882,國泰金,33,2,31,凱基-士林,2023-02-03,9238
2834,臺企銀,36,6,30,凱基-士林,2023-02-03,9238
2354,鴻準,32,2,30,凱基-士林,2023-02-03,9238
6235,華孚,31,3,28,凱基-士林,2023-02-03,9238
6589,台康生技,27,3,24,凱基-士林,2023-02-03,9238
9945,潤泰新,35,15,20,凱基-士林,2023-02-03,9238
3059,華晶科,20,0,20,凱基-士林,2023-02-03,9238
00885,富邦越南,19,0,19,凱基-士林,2023-02-03,9238
6104,創惟,30,11,19,凱基-士林,2023-02-03,9238
4977,眾達-KY,29,10,19,凱基-士林,2023-02-03,9238
2615,萬海,21,4,17,凱基-士林,2023-02-03,9238
00632R,元大台灣50反1,20,4,16,凱基-士林,2023-02-03,9238
4128,中天,15,0,15,凱基-士林,2023-02-03,9238
6173,信昌電,15,0,15,凱基-士林,2023-02-03,9238
2609,陽明,22,7,15,凱基-士林,2023-02-03,9238
1701,中化,15,1,14,凱基-士林,2023-02-03,9238
2317,鴻海,12,0,12,凱基-士林,2023-02-03,9238
2641,正德,32,20,12,凱基-士林,2023-02-03,9238
3339,泰谷,12,0,12,凱基-士林,2023-02-03,9238
4148,全宇生技-KY,12,0,12,凱基-士林,2023-02-03,9238
2002,中鋼,16,5,11,凱基-士林,2023-02-03,9238
2892,第一金,13,2,11,凱基-士林,2023-02-03,9238
3105,穩懋,12,1,11,凱基-士林,2023-02-03,9238
4168,醣聯,11,0,11,凱基-士林,2023-02-03,9238
4916,事欣科,11,0,11,凱基-士林,2023-02-03,9238
00665L,富邦�琤肭磪囓�2,10,0,10,凱基-士林,2023-02-03,9238
2906,高林,10,0,10,凱基-士林,2023-02-03,9238
3051,力特,13,3,10,凱基-士林,2023-02-03,9238
3432,台端,10,0,10,凱基-士林,2023-02-03,9238
6129,普誠,22,12,10,凱基-士林,2023-02-03,9238
6285,啟��,11,1,10,凱基-士林,2023-02-03,9238
6679,鈺太,10,0,10,凱基-士林,2023-02-03,9238
8076,伍豐,10,0,10,凱基-士林,2023-02-03,9238
6165,浪凡,31,22,9,凱基-士林,2023-02-03,9238
3693,營邦,12,4,8,凱基-士林,2023-02-03,9238
4123,晟德,8,0,8,凱基-士林,2023-02-03,9238
6223,旺矽,8,0,8,凱基-士林,2023-02-03,9238
8227,巨有科技,14,6,8,凱基-士林,2023-02-03,9238
2603,長榮,205,4,201,凱基-士林,2023-02-06,9238
00632R,元大台灣50反1,61,0,61,凱基-士林,2023-02-06,9238
6180,橘子,63,5,58,凱基-士林,2023-02-06,9238
6282,康舒,75,17,58,凱基-士林,2023-02-06,9238
1605,華新,71,20,51,凱基-士林,2023-02-06,9238
6477,安集,50,0,50,凱基-士林,2023-02-06,9238
6589,台康生技,51,2,49,凱基-士林,2023-02-06,9238
2609,陽明,62,16,46,凱基-士林,2023-02-06,9238
00878,國泰永續高股息,45,0,45,凱基-士林,2023-02-06,9238
2801,彰銀,31,0,31,凱基-士林,2023-02-06,9238
3693,營邦,30,0,30,凱基-士林,2023-02-06,9238
3588,通嘉,29,0,29,凱基-士林,2023-02-06,9238
00665L,富邦�琤肭磪囓�2,25,0,25,凱基-士林,2023-02-06,9238
1219,福壽,25,0,25,凱基-士林,2023-02-06,9238
6126,信音,22,0,22,凱基-士林,2023-02-06,9238
2883,凱基金,23,3,20,凱基-士林,2023-02-06,9238
4919,新唐,22,4,18,凱基-士林,2023-02-06,9238
6104,創惟,20,2,18,凱基-士林,2023-02-06,9238
2368,金像電,27,10,17,凱基-士林,2023-02-06,9238
8171,天宇,23,7,16,凱基-士林,2023-02-06,9238
4915,致伸,17,2,15,凱基-士林,2023-02-06,9238
2317,鴻海,19,5,14,凱基-士林,2023-02-06,9238
2049,上銀,16,2,14,凱基-士林,2023-02-06,9238
2380,虹光,14,0,14,凱基-士林,2023-02-06,9238
2929,淘帝-KY,13,0,13,凱基-士林,2023-02-06,9238
1101,台泥,12,0,12,凱基-士林,2023-02-06,9238
1783,和康生,16,4,12,凱基-士林,2023-02-06,9238
6188,廣明,15,3,12,凱基-士林,2023-02-06,9238
2881,富邦金,18,7,11,凱基-士林,2023-02-06,9238
2882,國泰金,16,5,11,凱基-士林,2023-02-06,9238
5309,系統電,11,0,11,凱基-士林,2023-02-06,9238
2486,一詮,11,1,10,凱基-士林,2023-02-06,9238
3059,華晶科,10,0,10,凱基-士林,2023-02-06,9238
3703,欣陸,10,0,10,凱基-士林,2023-02-06,9238
5353,台林,14,4,10,凱基-士林,2023-02-06,9238
6123,上奇,10,0,10,凱基-士林,2023-02-06,9238
00679B,元大美債20年,9,0,9,凱基-士林,2023-02-06,9238
2303,聯電,26,17,9,凱基-士林,2023-02-06,9238
4530,宏易,9,0,9,凱基-士林,2023-02-06,9238
4743,合一,10,1,9,凱基-士林,2023-02-06,9238
9939,宏全,9,0,9,凱基-士林,2023-02-06,9238
2344,華邦電,9,1,8,凱基-士林,2023-02-06,9238
6223,旺矽,8,0,8,凱基-士林,2023-02-06,9238
00895,富邦未來車,13,5,8,凱基-士林,2023-02-06,9238
6245,立端,11,3,8,凱基-士林,2023-02-06,9238
0056,元大高股息,8,1,7,凱基-士林,2023-02-06,9238
4123,晟德,7,0,7,凱基-士林,2023-02-06,9238
00882,中信中國高股息,12,6,6,凱基-士林,2023-02-06,9238
2888,新光金,16,10,6,凱基-士林,2023-02-06,9238
2002,中鋼,6,0,6,凱基-士林,2023-02-06,9238
2834,臺企銀,105,20,85,凱基-士林,2023-02-07,9238
1605,華新,59,18,41,凱基-士林,2023-02-07,9238
1752,南光,43,11,32,凱基-士林,2023-02-07,9238
00715L,期街口布蘭特正2,30,0,30,凱基-士林,2023-02-07,9238
2069,運錩,30,0,30,凱基-士林,2023-02-07,9238
2888,新光金,36,10,26,凱基-士林,2023-02-07,9238
6589,台康生技,24,3,21,凱基-士林,2023-02-07,9238
8933,愛地雅,20,0,20,凱基-士林,2023-02-07,9238
00751B,元大AAA至A公司債,18,0,18,凱基-士林,2023-02-07,9238
2344,華邦電,17,0,17,凱基-士林,2023-02-07,9238
2002,中鋼,18,3,15,凱基-士林,2023-02-07,9238
00878,國泰永續高股息,29,14,15,凱基-士林,2023-02-07,9238
5258,虹堡,21,7,14,凱基-士林,2023-02-07,9238
2884,玉山金,13,0,13,凱基-士林,2023-02-07,9238
9105,泰金寶-DR,12,0,12,凱基-士林,2023-02-07,9238
2603,長榮,13,1,12,凱基-士林,2023-02-07,9238
2881,富邦金,22,10,12,凱基-士林,2023-02-07,9238
1789,神隆,16,5,11,凱基-士林,2023-02-07,9238
2302,麗正,11,0,11,凱基-士林,2023-02-07,9238
00679B,元大美債20年,10,0,10,凱基-士林,2023-02-07,9238
00725B,國泰投資級公司債,10,0,10,凱基-士林,2023-02-07,9238
00773B,中信優先金融債,10,0,10,凱基-士林,2023-02-07,9238
00895,富邦未來車,10,0,10,凱基-士林,2023-02-07,9238
00893,國泰智能電動車,10,0,10,凱基-士林,2023-02-07,9238
1342,八貫,10,0,10,凱基-士林,2023-02-07,9238
2380,虹光,10,0,10,凱基-士林,2023-02-07,9238
4755,三福化,11,1,10,凱基-士林,2023-02-07,9238
6285,啟��,10,0,10,凱基-士林,2023-02-07,9238
6116,彩晶,10,0,10,凱基-士林,2023-02-07,9238
4906,正文,8,0,8,凱基-士林,2023-02-07,9238
2498,宏達電,14,7,7,凱基-士林,2023-02-07,9238
1795,美時,22,15,7,凱基-士林,2023-02-07,9238
3162,精確,7,0,7,凱基-士林,2023-02-07,9238
4162,智擎,7,0,7,凱基-士林,2023-02-07,9238
4916,事欣科,7,0,7,凱基-士林,2023-02-07,9238
5608,四維航,9,2,7,凱基-士林,2023-02-07,9238
6235,華孚,93,86,7,凱基-士林,2023-02-07,9238
6747,亨泰光,7,0,7,凱基-士林,2023-02-07,9238
1341,富林-KY,6,0,6,凱基-士林,2023-02-07,9238
6139,亞翔,7,1,6,凱基-士林,2023-02-07,9238
1701,中化,5,0,5,凱基-士林,2023-02-07,9238
2504,國產,5,0,5,凱基-士林,2023-02-07,9238
2618,長榮航,9,4,5,凱基-士林,2023-02-07,9238
2892,第一金,5,0,5,凱基-士林,2023-02-07,9238
3027,盛達,5,0,5,凱基-士林,2023-02-07,9238
4114,健喬,8,3,5,凱基-士林,2023-02-07,9238
4123,晟德,5,0,5,凱基-士林,2023-02-07,9238
6205,詮欣,5,0,5,凱基-士林,2023-02-07,9238
6830,汎銓,5,0,5,凱基-士林,2023-02-07,9238
6245,立端,7,3,4,凱基-士林,2023-02-07,9238
2834,臺企銀,130,5,125,凱基-士林,2023-02-08,9238
8171,天宇,103,11,92,凱基-士林,2023-02-08,9238
00878,國泰永續高股息,70,5,65,凱基-士林,2023-02-08,9238
2498,宏達電,76,21,55,凱基-士林,2023-02-08,9238
00885,富邦越南,51,0,51,凱基-士林,2023-02-08,9238
4114,健喬,62,20,42,凱基-士林,2023-02-08,9238
2867,三商壽,31,0,31,凱基-士林,2023-02-08,9238
3310,佳穎,29,0,29,凱基-士林,2023-02-08,9238
5425,台半,78,49,29,凱基-士林,2023-02-08,9238
2328,廣宇,28,0,28,凱基-士林,2023-02-08,9238
2023,燁輝,25,0,25,凱基-士林,2023-02-08,9238
00903,富邦元宇宙,24,0,24,凱基-士林,2023-02-08,9238
3162,精確,91,68,23,凱基-士林,2023-02-08,9238
3141,晶宏,23,2,21,凱基-士林,2023-02-08,9238
3447,展達,21,0,21,凱基-士林,2023-02-08,9238
1605,華新,53,33,20,凱基-士林,2023-02-08,9238
1101,台泥,23,3,20,凱基-士林,2023-02-08,9238
3479,安勤,20,2,18,凱基-士林,2023-02-08,9238
00893,國泰智能電動車,20,3,17,凱基-士林,2023-02-08,9238
5258,虹堡,18,1,17,凱基-士林,2023-02-08,9238
2329,華泰,21,5,16,凱基-士林,2023-02-08,9238
6274,台燿,16,0,16,凱基-士林,2023-02-08,9238
2883,凱基金,15,0,15,凱基-士林,2023-02-08,9238
6235,華孚,112,97,15,凱基-士林,2023-02-08,9238
3081,聯亞,18,4,14,凱基-士林,2023-02-08,9238
6443,元晶,14,0,14,凱基-士林,2023-02-08,9238
2069,運錩,13,0,13,凱基-士林,2023-02-08,9238
8033,雷虎,13,0,13,凱基-士林,2023-02-08,9238
2367,燿華,14,2,12,凱基-士林,2023-02-08,9238
4916,事欣科,12,0,12,凱基-士林,2023-02-08,9238
2881,富邦金,13,2,11,凱基-士林,2023-02-08,9238
2886,兆豐金,11,0,11,凱基-士林,2023-02-08,9238
2916,滿心,11,0,11,凱基-士林,2023-02-08,9238
00753L,中信中國50正2,10,0,10,凱基-士林,2023-02-08,9238
2301,光寶科,10,0,10,凱基-士林,2023-02-08,9238
2485,兆赫,10,0,10,凱基-士林,2023-02-08,9238
3045,台灣大,10,0,10,凱基-士林,2023-02-08,9238
3231,緯創,15,5,10,凱基-士林,2023-02-08,9238
3693,營邦,10,0,10,凱基-士林,2023-02-08,9238
3712,永崴投控,10,0,10,凱基-士林,2023-02-08,9238
6143,振曜,10,0,10,凱基-士林,2023-02-08,9238
6712,長聖,12,3,9,凱基-士林,2023-02-08,9238
2324,仁寶,9,0,9,凱基-士林,2023-02-08,9238
3444,利機,9,0,9,凱基-士林,2023-02-08,9238
5521,工信,9,0,9,凱基-士林,2023-02-08,9238
2399,映泰,9,0,9,凱基-士林,2023-02-08,9238
0056,元大高股息,14,6,8,凱基-士林,2023-02-08,9238
6117,迎廣,10,2,8,凱基-士林,2023-02-08,9238
2929,淘帝-KY,7,0,7,凱基-士林,2023-02-08,9238
5351,鈺創,11,4,7,凱基-士林,2023-02-08,9238
1437,勤益控,113,9,104,凱基-士林,2023-02-09,9238
00632R,元大台灣50反1,101,0,101,凱基-士林,2023-02-09,9238
2634,漢翔,79,8,71,凱基-士林,2023-02-09,9238
00916,國泰全球品牌50,58,0,58,凱基-士林,2023-02-09,9238
2834,臺企銀,50,0,50,凱基-士林,2023-02-09,9238
2388,威盛,57,18,39,凱基-士林,2023-02-09,9238
00878,國泰永續高股息,38,0,38,凱基-士林,2023-02-09,9238
6843,進典,33,0,33,凱基-士林,2023-02-09,9238
2201,裕隆,36,7,29,凱基-士林,2023-02-09,9238
4916,事欣科,24,0,24,凱基-士林,2023-02-09,9238
1519,華城,20,0,20,凱基-士林,2023-02-09,9238
2006,東和鋼鐵,20,0,20,凱基-士林,2023-02-09,9238
3090,日電貿,20,0,20,凱基-士林,2023-02-09,9238
3141,晶宏,30,11,19,凱基-士林,2023-02-09,9238
3481,群創,19,2,17,凱基-士林,2023-02-09,9238
2354,鴻準,17,1,16,凱基-士林,2023-02-09,9238
4128,中天,20,5,15,凱基-士林,2023-02-09,9238
6523,達爾膚,14,0,14,凱基-士林,2023-02-09,9238
2002,中鋼,13,0,13,凱基-士林,2023-02-09,9238
3686,達能,12,0,12,凱基-士林,2023-02-09,9238
5258,虹堡,19,7,12,凱基-士林,2023-02-09,9238
3516,亞帝歐,11,0,11,凱基-士林,2023-02-09,9238
2883,凱基金,12,2,10,凱基-士林,2023-02-09,9238
1701,中化,15,5,10,凱基-士林,2023-02-09,9238
1789,神隆,10,0,10,凱基-士林,2023-02-09,9238
2358,廷鑫,10,0,10,凱基-士林,2023-02-09,9238
2359,所羅門,12,2,10,凱基-士林,2023-02-09,9238
2485,兆赫,10,0,10,凱基-士林,2023-02-09,9238
3013,晟銘電,11,1,10,凱基-士林,2023-02-09,9238
3224,三顧,10,0,10,凱基-士林,2023-02-09,9238
3693,營邦,10,0,10,凱基-士林,2023-02-09,9238
6129,普誠,18,8,10,凱基-士林,2023-02-09,9238
6190,萬泰科,10,0,10,凱基-士林,2023-02-09,9238
6139,亞翔,10,1,9,凱基-士林,2023-02-09,9238
8068,全達,9,0,9,凱基-士林,2023-02-09,9238
2313,華通,8,0,8,凱基-士林,2023-02-09,9238
1539,巨庭,8,0,8,凱基-士林,2023-02-09,9238
6546,正基,9,1,8,凱基-士林,2023-02-09,9238
8289,泰藝,12,4,8,凱基-士林,2023-02-09,9238
1477,聚陽,7,0,7,凱基-士林,2023-02-09,9238
1529,樂事綠能,17,10,7,凱基-士林,2023-02-09,9238
3081,聯亞,7,0,7,凱基-士林,2023-02-09,9238
3374,精材,7,0,7,凱基-士林,2023-02-09,9238
4743,合一,24,17,7,凱基-士林,2023-02-09,9238
6509,聚和,12,5,7,凱基-士林,2023-02-09,9238
6245,立端,18,11,7,凱基-士林,2023-02-09,9238
6550,北極星藥業-KY,6,0,6,凱基-士林,2023-02-09,9238
3710,連展投控,6,0,6,凱基-士林,2023-02-09,9238
4148,全宇生技-KY,6,0,6,凱基-士林,2023-02-09,9238
4530,宏易,6,0,6,凱基-士林,2023-02-09,9238
00637L,元大滬深300正2,320,20,300,凱基-士林,2023-02-10,9238
00878,國泰永續高股息,103,3,100,凱基-士林,2023-02-10,9238
2891,中信金,96,5,91,凱基-士林,2023-02-10,9238
1721,三晃,70,0,70,凱基-士林,2023-02-10,9238
2401,凌陽,68,0,68,凱基-士林,2023-02-10,9238
6180,橘子,58,4,54,凱基-士林,2023-02-10,9238
4916,事欣科,45,0,45,凱基-士林,2023-02-10,9238
6589,台康生技,47,2,45,凱基-士林,2023-02-10,9238
6843,進典,45,0,45,凱基-士林,2023-02-10,9238
5425,台半,89,45,44,凱基-士林,2023-02-10,9238
6282,康舒,44,2,42,凱基-士林,2023-02-10,9238
00885,富邦越南,36,0,36,凱基-士林,2023-02-10,9238
6104,創惟,38,3,35,凱基-士林,2023-02-10,9238
1605,華新,68,37,31,凱基-士林,2023-02-10,9238
2618,長榮航,38,9,29,凱基-士林,2023-02-10,9238
2405,輔信,31,8,23,凱基-士林,2023-02-10,9238
4915,致伸,23,2,21,凱基-士林,2023-02-10,9238
1608,華榮,20,0,20,凱基-士林,2023-02-10,9238
1609,大亞,31,11,20,凱基-士林,2023-02-10,9238
2457,飛宏,20,0,20,凱基-士林,2023-02-10,9238
2367,燿華,19,0,19,凱基-士林,2023-02-10,9238
0056,元大高股息,18,0,18,凱基-士林,2023-02-10,9238
3481,群創,15,0,15,凱基-士林,2023-02-10,9238
2610,華航,27,12,15,凱基-士林,2023-02-10,9238
1210,大成,15,0,15,凱基-士林,2023-02-10,9238
5488,松普,15,0,15,凱基-士林,2023-02-10,9238
4130,健亞,14,0,14,凱基-士林,2023-02-10,9238
6509,聚和,17,4,13,凱基-士林,2023-02-10,9238
3479,安勤,12,0,12,凱基-士林,2023-02-10,9238
00772B,中信高評級公司債,12,0,12,凱基-士林,2023-02-10,9238
2314,台揚,11,0,11,凱基-士林,2023-02-10,9238
2484,希華,11,0,11,凱基-士林,2023-02-10,9238
3494,誠研,11,0,11,凱基-士林,2023-02-10,9238
5351,鈺創,11,0,11,凱基-士林,2023-02-10,9238
8171,天宇,18,7,11,凱基-士林,2023-02-10,9238
6274,台燿,10,0,10,凱基-士林,2023-02-10,9238
1519,華城,10,0,10,凱基-士林,2023-02-10,9238
2485,兆赫,10,0,10,凱基-士林,2023-02-10,9238
3221,台嘉碩,10,0,10,凱基-士林,2023-02-10,9238
3432,台端,10,0,10,凱基-士林,2023-02-10,9238
4438,廣越,10,0,10,凱基-士林,2023-02-10,9238
6277,宏正,10,0,10,凱基-士林,2023-02-10,9238
8105,凌巨,12,2,10,凱基-士林,2023-02-10,9238
8227,巨有科技,11,2,9,凱基-士林,2023-02-10,9238
1795,美時,14,5,9,凱基-士林,2023-02-10,9238
2368,金像電,19,10,9,凱基-士林,2023-02-10,9238
2425,承啟,11,2,9,凱基-士林,2023-02-10,9238
2888,新光金,24,15,9,凱基-士林,2023-02-10,9238
3374,精材,10,2,8,凱基-士林,2023-02-10,9238
6438,迅得,8,0,8,凱基-士林,2023-02-10,9238
3481,群創,286,2,284,凱基-士林,2023-02-13,9238
6142,友勁,110,0,110,凱基-士林,2023-02-13,9238
00632R,元大台灣50反1,100,0,100,凱基-士林,2023-02-13,9238
1217,愛之味,100,0,100,凱基-士林,2023-02-13,9238
1473,台南,56,0,56,凱基-士林,2023-02-13,9238
1437,勤益控,53,0,53,凱基-士林,2023-02-13,9238
2495,普安,51,1,50,凱基-士林,2023-02-13,9238
00885,富邦越南,47,0,47,凱基-士林,2023-02-13,9238
00679B,元大美債20年,31,0,31,凱基-士林,2023-02-13,9238
8349,�矬�,30,0,30,凱基-士林,2023-02-13,9238
2303,聯電,31,7,24,凱基-士林,2023-02-13,9238
2201,裕隆,22,0,22,凱基-士林,2023-02-13,9238
2409,友達,23,2,21,凱基-士林,2023-02-13,9238
3454,晶睿,59,38,21,凱基-士林,2023-02-13,9238
1701,中化,20,0,20,凱基-士林,2023-02-13,9238
2891,中信金,21,3,18,凱基-士林,2023-02-13,9238
2449,京元電子,17,0,17,凱基-士林,2023-02-13,9238
00905,FT臺灣Smart,17,0,17,凱基-士林,2023-02-13,9238
1609,大亞,21,5,16,凱基-士林,2023-02-13,9238
2413,環科,15,0,15,凱基-士林,2023-02-13,9238
4148,全宇生技-KY,15,0,15,凱基-士林,2023-02-13,9238
2610,華航,19,6,13,凱基-士林,2023-02-13,9238
2344,華邦電,14,1,13,凱基-士林,2023-02-13,9238
3081,聯亞,15,2,13,凱基-士林,2023-02-13,9238
2618,長榮航,16,4,12,凱基-士林,2023-02-13,9238
3162,精確,13,1,12,凱基-士林,2023-02-13,9238
3693,營邦,12,0,12,凱基-士林,2023-02-13,9238
8038,長園科,12,0,12,凱基-士林,2023-02-13,9238
1342,八貫,11,0,11,凱基-士林,2023-02-13,9238
1605,華新,24,14,10,凱基-士林,2023-02-13,9238
2038,海光,20,10,10,凱基-士林,2023-02-13,9238
2371,大同,10,0,10,凱基-士林,2023-02-13,9238
2485,兆赫,10,0,10,凱基-士林,2023-02-13,9238
3029,零壹,20,10,10,凱基-士林,2023-02-13,9238
4931,新盛力,14,4,10,凱基-士林,2023-02-13,9238
6266,泰詠,11,1,10,凱基-士林,2023-02-13,9238
6441,廣錠,10,0,10,凱基-士林,2023-02-13,9238
8390,金益鼎,10,0,10,凱基-士林,2023-02-13,9238
6234,高僑,10,0,10,凱基-士林,2023-02-13,9238
00878,國泰永續高股息,31,22,9,凱基-士林,2023-02-13,9238
3013,晟銘電,14,5,9,凱基-士林,2023-02-13,9238
1341,富林-KY,8,0,8,凱基-士林,2023-02-13,9238
2634,漢翔,21,13,8,凱基-士林,2023-02-13,9238
6770,力積電,8,1,7,凱基-士林,2023-02-13,9238
3289,宜特,7,0,7,凱基-士林,2023-02-13,9238
3715,定穎投控,7,0,7,凱基-士林,2023-02-13,9238
6290,良維,30,23,7,凱基-士林,2023-02-13,9238
00772B,中信高評級公司債,6,0,6,凱基-士林,2023-02-13,9238
2887,台新金,6,0,6,凱基-士林,2023-02-13,9238
6806,森崴能源,14,8,6,凱基-士林,2023-02-13,9238
00878,國泰永續高股息,258,55,203,凱基-士林,2023-02-14,9238
00637L,元大滬深300正2,106,3,103,凱基-士林,2023-02-14,9238
00632R,元大台灣50反1,134,66,68,凱基-士林,2023-02-14,9238
8409,商之器,62,0,62,凱基-士林,2023-02-14,9238
6180,橘子,57,1,56,凱基-士林,2023-02-14,9238
1721,三晃,50,0,50,凱基-士林,2023-02-14,9238
4906,正文,50,0,50,凱基-士林,2023-02-14,9238
00673R,期元大S＆P原油反1,42,0,42,凱基-士林,2023-02-14,9238
2023,燁輝,40,0,40,凱基-士林,2023-02-14,9238
3310,佳穎,31,0,31,凱基-士林,2023-02-14,9238
1217,愛之味,40,10,30,凱基-士林,2023-02-14,9238
3013,晟銘電,30,1,29,凱基-士林,2023-02-14,9238
3376,新日興,29,0,29,凱基-士林,2023-02-14,9238
4530,宏易,26,0,26,凱基-士林,2023-02-14,9238
3703,欣陸,25,0,25,凱基-士林,2023-02-14,9238
6104,創惟,23,1,22,凱基-士林,2023-02-14,9238
4114,健喬,28,7,21,凱基-士林,2023-02-14,9238
1810,和成,21,0,21,凱基-士林,2023-02-14,9238
2208,台船,21,0,21,凱基-士林,2023-02-14,9238
0056,元大高股息,22,2,20,凱基-士林,2023-02-14,9238
6643,M31,20,0,20,凱基-士林,2023-02-14,9238
2103,台橡,20,0,20,凱基-士林,2023-02-14,9238
2206,三陽工業,20,0,20,凱基-士林,2023-02-14,9238
4130,健亞,20,0,20,凱基-士林,2023-02-14,9238
5488,松普,19,0,19,凱基-士林,2023-02-14,9238
1605,華新,50,32,18,凱基-士林,2023-02-14,9238
6449,鈺邦,17,0,17,凱基-士林,2023-02-14,9238
8942,森鉅,17,0,17,凱基-士林,2023-02-14,9238
2388,威盛,16,0,16,凱基-士林,2023-02-14,9238
5608,四維航,16,0,16,凱基-士林,2023-02-14,9238
00885,富邦越南,15,0,15,凱基-士林,2023-02-14,9238
2328,廣宇,16,1,15,凱基-士林,2023-02-14,9238
3163,波若威,15,0,15,凱基-士林,2023-02-14,9238
2201,裕隆,14,1,13,凱基-士林,2023-02-14,9238
2313,華通,14,1,13,凱基-士林,2023-02-14,9238
00720B,元大投資級公司債,12,0,12,凱基-士林,2023-02-14,9238
00882,中信中國高股息,12,0,12,凱基-士林,2023-02-14,9238
4148,全宇生技-KY,19,7,12,凱基-士林,2023-02-14,9238
6552,易華電,12,0,12,凱基-士林,2023-02-14,9238
00891,中信關鍵半導體,12,0,12,凱基-士林,2023-02-14,9238
9904,寶成,20,9,11,凱基-士林,2023-02-14,9238
2884,玉山金,10,0,10,凱基-士林,2023-02-14,9238
8996,高力,11,1,10,凱基-士林,2023-02-14,9238
00679B,元大美債20年,10,0,10,凱基-士林,2023-02-14,9238
1717,長興,10,0,10,凱基-士林,2023-02-14,9238
3051,力特,10,0,10,凱基-士林,2023-02-14,9238
5243,乙盛-KY,10,0,10,凱基-士林,2023-02-14,9238
8215,明基材,10,1,9,凱基-士林,2023-02-14,9238
1539,巨庭,8,0,8,凱基-士林,2023-02-14,9238
3217,優群,8,0,8,凱基-士林,2023-02-14,9238
00878,國泰永續高股息,151,32,119,凱基-士林,2023-02-15,9238
2498,宏達電,120,33,87,凱基-士林,2023-02-15,9238
2330,台積電,73,9,64,凱基-士林,2023-02-15,9238
5425,台半,66,2,64,凱基-士林,2023-02-15,9238
2489,瑞軒,50,0,50,凱基-士林,2023-02-15,9238
5706,鳳凰,46,3,43,凱基-士林,2023-02-15,9238
3376,新日興,41,0,41,凱基-士林,2023-02-15,9238
8105,凌巨,42,3,39,凱基-士林,2023-02-15,9238
1101,台泥,57,28,29,凱基-士林,2023-02-15,9238
6266,泰詠,31,3,28,凱基-士林,2023-02-15,9238
0056,元大高股息,28,0,28,凱基-士林,2023-02-15,9238
8401,白紗科,25,0,25,凱基-士林,2023-02-15,9238
1752,南光,28,4,24,凱基-士林,2023-02-15,9238
00671R,富邦NASDAQ反1,23,0,23,凱基-士林,2023-02-15,9238
3162,精確,21,0,21,凱基-士林,2023-02-15,9238
00720B,元大投資級公司債,20,0,20,凱基-士林,2023-02-15,9238
2538,基泰,20,0,20,凱基-士林,2023-02-15,9238
2405,輔信,19,0,19,凱基-士林,2023-02-15,9238
2891,中信金,17,0,17,凱基-士林,2023-02-15,9238
3558,神準,16,0,16,凱基-士林,2023-02-15,9238
2388,威盛,15,0,15,凱基-士林,2023-02-15,9238
3516,亞帝歐,15,0,15,凱基-士林,2023-02-15,9238
3617,碩天,19,4,15,凱基-士林,2023-02-15,9238
4763,材料-KY,15,0,15,凱基-士林,2023-02-15,9238
2618,長榮航,16,1,15,凱基-士林,2023-02-15,9238
00679B,元大美債20年,14,0,14,凱基-士林,2023-02-15,9238
4530,宏易,14,0,14,凱基-士林,2023-02-15,9238
5309,系統電,16,3,13,凱基-士林,2023-02-15,9238
2881,富邦金,12,0,12,凱基-士林,2023-02-15,9238
4584,君帆,12,0,12,凱基-士林,2023-02-15,9238
2867,三商壽,11,0,11,凱基-士林,2023-02-15,9238
4906,正文,11,0,11,凱基-士林,2023-02-15,9238
2603,長榮,11,1,10,凱基-士林,2023-02-15,9238
2486,一詮,10,0,10,凱基-士林,2023-02-15,9238
1712,興農,10,0,10,凱基-士林,2023-02-15,9238
1795,美時,10,0,10,凱基-士林,2023-02-15,9238
2743,山富,15,5,10,凱基-士林,2023-02-15,9238
3374,精材,10,0,10,凱基-士林,2023-02-15,9238
1473,台南,10,1,9,凱基-士林,2023-02-15,9238
2883,凱基金,23,14,9,凱基-士林,2023-02-15,9238
00891,中信關鍵半導體,8,0,8,凱基-士林,2023-02-15,9238
3653,健策,11,3,8,凱基-士林,2023-02-15,9238
0050,元大台灣50,8,1,7,凱基-士林,2023-02-15,9238
2358,廷鑫,10,3,7,凱基-士林,2023-02-15,9238
1514,亞力,13,6,7,凱基-士林,2023-02-15,9238
6712,長聖,10,3,7,凱基-士林,2023-02-15,9238
2882,國泰金,6,0,6,凱基-士林,2023-02-15,9238
00885,富邦越南,6,0,6,凱基-士林,2023-02-15,9238
4977,眾達-KY,7,1,6,凱基-士林,2023-02-15,9238
1789,神隆,6,0,6,凱基-士林,2023-02-15,9238
00637L,元大滬深300正2,150,0,150,凱基-士林,2023-02-16,9238
00632R,元大台灣50反1,110,5,105,凱基-士林,2023-02-16,9238
2481,強茂,106,4,102,凱基-士林,2023-02-16,9238
00878,國泰永續高股息,76,11,65,凱基-士林,2023-02-16,9238
2471,資通,68,4,64,凱基-士林,2023-02-16,9238
3454,晶睿,84,23,61,凱基-士林,2023-02-16,9238
8105,凌巨,54,1,53,凱基-士林,2023-02-16,9238
6143,振曜,49,11,38,凱基-士林,2023-02-16,9238
00679B,元大美債20年,36,0,36,凱基-士林,2023-02-16,9238
3141,晶宏,46,12,34,凱基-士林,2023-02-16,9238
1519,華城,34,1,33,凱基-士林,2023-02-16,9238
6443,元晶,36,8,28,凱基-士林,2023-02-16,9238
1440,南紡,26,0,26,凱基-士林,2023-02-16,9238
1447,力鵬,25,0,25,凱基-士林,2023-02-16,9238
2332,友訊,24,0,24,凱基-士林,2023-02-16,9238
3149,正達,24,0,24,凱基-士林,2023-02-16,9238
6712,長聖,28,6,22,凱基-士林,2023-02-16,9238
1101,台泥,22,0,22,凱基-士林,2023-02-16,9238
00673R,期元大S＆P原油反1,17,0,17,凱基-士林,2023-02-16,9238
1760,寶齡富錦,39,22,17,凱基-士林,2023-02-16,9238
8016,矽創,17,0,17,凱基-士林,2023-02-16,9238
0056,元大高股息,20,4,16,凱基-士林,2023-02-16,9238
1536,和大,17,2,15,凱基-士林,2023-02-16,9238
3162,精確,15,0,15,凱基-士林,2023-02-16,9238
4530,宏易,14,0,14,凱基-士林,2023-02-16,9238
2014,中鴻,14,2,12,凱基-士林,2023-02-16,9238
2337,旺宏,12,0,12,凱基-士林,2023-02-16,9238
2367,燿華,11,0,11,凱基-士林,2023-02-16,9238
8069,元太,34,24,10,凱基-士林,2023-02-16,9238
3592,瑞鼎,10,0,10,凱基-士林,2023-02-16,9238
3224,三顧,20,10,10,凱基-士林,2023-02-16,9238
6282,康舒,74,64,10,凱基-士林,2023-02-16,9238
6835,圓裕,10,0,10,凱基-士林,2023-02-16,9238
9907,統一實,10,0,10,凱基-士林,2023-02-16,9238
9939,宏全,10,0,10,凱基-士林,2023-02-16,9238
9945,潤泰新,10,0,10,凱基-士林,2023-02-16,9238
2201,裕隆,38,28,10,凱基-士林,2023-02-16,9238
5488,松普,9,0,9,凱基-士林,2023-02-16,9238
9958,世紀鋼,10,1,9,凱基-士林,2023-02-16,9238
2027,大成鋼,9,0,9,凱基-士林,2023-02-16,9238
3034,聯詠,9,1,8,凱基-士林,2023-02-16,9238
3017,奇鋐,10,2,8,凱基-士林,2023-02-16,9238
3264,欣銓,8,0,8,凱基-士林,2023-02-16,9238
2884,玉山金,7,0,7,凱基-士林,2023-02-16,9238
3207,耀勝,77,70,7,凱基-士林,2023-02-16,9238
6547,高端疫苗,6,0,6,凱基-士林,2023-02-16,9238
2371,大同,6,0,6,凱基-士林,2023-02-16,9238
4584,君帆,6,0,6,凱基-士林,2023-02-16,9238
5608,四維航,6,0,6,凱基-士林,2023-02-16,9238
00676R,富邦臺灣加權反1,5,0,5,凱基-士林,2023-02-16,9238
6443,元晶,138,2,136,凱基-士林,2023-02-17,9238
4164,承業醫,129,7,122,凱基-士林,2023-02-17,9238
2889,國票金,102,0,102,凱基-士林,2023-02-17,9238
00637L,元大滬深300正2,100,0,100,凱基-士林,2023-02-17,9238
2618,長榮航,80,7,73,凱基-士林,2023-02-17,9238
1810,和成,54,0,54,凱基-士林,2023-02-17,9238
00878,國泰永續高股息,51,2,49,凱基-士林,2023-02-17,9238
5340,建榮,48,0,48,凱基-士林,2023-02-17,9238
00679B,元大美債20年,43,0,43,凱基-士林,2023-02-17,9238
00720B,元大投資級公司債,36,0,36,凱基-士林,2023-02-17,9238
2344,華邦電,41,7,34,凱基-士林,2023-02-17,9238
1342,八貫,37,4,33,凱基-士林,2023-02-17,9238
2610,華航,54,27,27,凱基-士林,2023-02-17,9238
2201,裕隆,30,4,26,凱基-士林,2023-02-17,9238
0056,元大高股息,25,0,25,凱基-士林,2023-02-17,9238
2834,臺企銀,25,0,25,凱基-士林,2023-02-17,9238
2014,中鴻,27,4,23,凱基-士林,2023-02-17,9238
8069,元太,57,36,21,凱基-士林,2023-02-17,9238
00751B,元大AAA至A公司債,20,0,20,凱基-士林,2023-02-17,9238
1721,三晃,20,0,20,凱基-士林,2023-02-17,9238
6187,萬潤,21,1,20,凱基-士林,2023-02-17,9238
8171,天宇,21,2,19,凱基-士林,2023-02-17,9238
1524,耿鼎,15,0,15,凱基-士林,2023-02-17,9238
1101,台泥,19,5,14,凱基-士林,2023-02-17,9238
6290,良維,60,46,14,凱基-士林,2023-02-17,9238
00772B,中信高評級公司債,13,0,13,凱基-士林,2023-02-17,9238
2881,富邦金,17,4,13,凱基-士林,2023-02-17,9238
1437,勤益控,15,3,12,凱基-士林,2023-02-17,9238
4960,誠美材,12,0,12,凱基-士林,2023-02-17,9238
2330,台積電,17,5,12,凱基-士林,2023-02-17,9238
00885,富邦越南,11,0,11,凱基-士林,2023-02-17,9238
2492,華新科,12,1,11,凱基-士林,2023-02-17,9238
9941,裕融,10,0,10,凱基-士林,2023-02-17,9238
3141,晶宏,12,2,10,凱基-士林,2023-02-17,9238
4155,訊映,10,0,10,凱基-士林,2023-02-17,9238
8271,宇瞻,10,0,10,凱基-士林,2023-02-17,9238
3037,欣興,14,5,9,凱基-士林,2023-02-17,9238
3432,台端,10,1,9,凱基-士林,2023-02-17,9238
3591,艾笛森,10,1,9,凱基-士林,2023-02-17,9238
5434,崇越,10,1,9,凱基-士林,2023-02-17,9238
6285,啟��,10,1,9,凱基-士林,2023-02-17,9238
2027,大成鋼,8,0,8,凱基-士林,2023-02-17,9238
8358,金居,10,2,8,凱基-士林,2023-02-17,9238
4916,事欣科,8,0,8,凱基-士林,2023-02-17,9238
6116,彩晶,50,42,8,凱基-士林,2023-02-17,9238
8043,蜜望實,13,5,8,凱基-士林,2023-02-17,9238
8222,寶一,15,7,8,凱基-士林,2023-02-17,9238
4919,新唐,12,5,7,凱基-士林,2023-02-17,9238
00680L,元大美債20正2,7,0,7,凱基-士林,2023-02-17,9238
2023,燁輝,7,0,7,凱基-士林,2023-02-17,9238
5353,台林,122,33,89,凱基-士林,2023-02-20,9238
4939,亞電,74,0,74,凱基-士林,2023-02-20,9238
3535,晶彩科,62,0,62,凱基-士林,2023-02-20,9238
3030,德律,62,2,60,凱基-士林,2023-02-20,9238
5425,台半,68,9,59,凱基-士林,2023-02-20,9238
8011,台通,45,1,44,凱基-士林,2023-02-20,9238
00885,富邦越南,41,0,41,凱基-士林,2023-02-20,9238
2208,台船,48,8,40,凱基-士林,2023-02-20,9238
00751B,元大AAA至A公司債,35,0,35,凱基-士林,2023-02-20,9238
00720B,元大投資級公司債,35,0,35,凱基-士林,2023-02-20,9238
2367,燿華,56,22,34,凱基-士林,2023-02-20,9238
00679B,元大美債20年,33,0,33,凱基-士林,2023-02-20,9238
1437,勤益控,29,1,28,凱基-士林,2023-02-20,9238
2486,一詮,40,14,26,凱基-士林,2023-02-20,9238
4916,事欣科,26,0,26,凱基-士林,2023-02-20,9238
0056,元大高股息,28,3,25,凱基-士林,2023-02-20,9238
3013,晟銘電,30,5,25,凱基-士林,2023-02-20,9238
4904,遠傳,24,0,24,凱基-士林,2023-02-20,9238
8271,宇瞻,20,0,20,凱基-士林,2023-02-20,9238
2482,連宇,19,0,19,凱基-士林,2023-02-20,9238
2329,華泰,17,0,17,凱基-士林,2023-02-20,9238
6205,詮欣,18,2,16,凱基-士林,2023-02-20,9238
1503,士電,20,5,15,凱基-士林,2023-02-20,9238
2485,兆赫,15,0,15,凱基-士林,2023-02-20,9238
3059,華晶科,15,0,15,凱基-士林,2023-02-20,9238
2618,長榮航,28,15,13,凱基-士林,2023-02-20,9238
3037,欣興,14,2,12,凱基-士林,2023-02-20,9238
00878,國泰永續高股息,30,18,12,凱基-士林,2023-02-20,9238
00902,中信電池及儲能,12,0,12,凱基-士林,2023-02-20,9238
2314,台揚,16,4,12,凱基-士林,2023-02-20,9238
4130,健亞,11,0,11,凱基-士林,2023-02-20,9238
9941,裕融,11,0,11,凱基-士林,2023-02-20,9238
00893,國泰智能電動車,10,0,10,凱基-士林,2023-02-20,9238
00891,中信關鍵半導體,14,4,10,凱基-士林,2023-02-20,9238
1477,聚陽,10,0,10,凱基-士林,2023-02-20,9238
2885,元大金,10,0,10,凱基-士林,2023-02-20,9238
3019,亞光,10,0,10,凱基-士林,2023-02-20,9238
3046,建��,10,0,10,凱基-士林,2023-02-20,9238
6213,聯茂,10,0,10,凱基-士林,2023-02-20,9238
1712,興農,10,0,10,凱基-士林,2023-02-20,9238
00882,中信中國高股息,12,3,9,凱基-士林,2023-02-20,9238
2498,宏達電,11,3,8,凱基-士林,2023-02-20,9238
2337,旺宏,10,2,8,凱基-士林,2023-02-20,9238
2489,瑞軒,20,12,8,凱基-士林,2023-02-20,9238
2441,超豐,7,0,7,凱基-士林,2023-02-20,9238
2732,六角,7,0,7,凱基-士林,2023-02-20,9238
5351,鈺創,7,0,7,凱基-士林,2023-02-20,9238
6284,佳邦,8,1,7,凱基-士林,2023-02-20,9238
6782,視陽,7,0,7,凱基-士林,2023-02-20,9238
8213,志超,7,0,7,凱基-士林,2023-02-20,9238
3535,晶彩科,140,0,140,凱基-士林,2023-02-21,9238
5258,虹堡,125,21,104,凱基-士林,2023-02-21,9238
2344,華邦電,82,2,80,凱基-士林,2023-02-21,9238
2379,瑞昱,81,2,79,凱基-士林,2023-02-21,9238
2618,長榮航,81,3,78,凱基-士林,2023-02-21,9238
2884,玉山金,94,21,73,凱基-士林,2023-02-21,9238
2486,一詮,60,0,60,凱基-士林,2023-02-21,9238
1789,神隆,42,0,42,凱基-士林,2023-02-21,9238
2610,華航,56,20,36,凱基-士林,2023-02-21,9238
3088,艾訊,68,37,31,凱基-士林,2023-02-21,9238
00632R,元大台灣50反1,30,0,30,凱基-士林,2023-02-21,9238
6235,華孚,61,31,30,凱基-士林,2023-02-21,9238
8011,台通,30,0,30,凱基-士林,2023-02-21,9238
3693,營邦,31,2,29,凱基-士林,2023-02-21,9238
2882,國泰金,26,0,26,凱基-士林,2023-02-21,9238
8222,寶一,40,14,26,凱基-士林,2023-02-21,9238
2023,燁輝,27,4,23,凱基-士林,2023-02-21,9238
2634,漢翔,25,2,23,凱基-士林,2023-02-21,9238
4939,亞電,21,0,21,凱基-士林,2023-02-21,9238
2883,凱基金,22,1,21,凱基-士林,2023-02-21,9238
3624,光頡,21,0,21,凱基-士林,2023-02-21,9238
00878,國泰永續高股息,24,4,20,凱基-士林,2023-02-21,9238
1444,力麗,20,0,20,凱基-士林,2023-02-21,9238
00671R,富邦NASDAQ反1,20,0,20,凱基-士林,2023-02-21,9238
1721,三晃,20,0,20,凱基-士林,2023-02-21,9238
3346,麗清,25,5,20,凱基-士林,2023-02-21,9238
2201,裕隆,22,3,19,凱基-士林,2023-02-21,9238
4557,永新-KY,20,1,19,凱基-士林,2023-02-21,9238
8046,南電,22,3,19,凱基-士林,2023-02-21,9238
6116,彩晶,20,3,17,凱基-士林,2023-02-21,9238
2888,新光金,37,20,17,凱基-士林,2023-02-21,9238
00751B,元大AAA至A公司債,14,0,14,凱基-士林,2023-02-21,9238
8171,天宇,58,45,13,凱基-士林,2023-02-21,9238
2367,燿華,12,0,12,凱基-士林,2023-02-21,9238
00725B,國泰投資級公司債,14,2,12,凱基-士林,2023-02-21,9238
4956,光鋐,12,0,12,凱基-士林,2023-02-21,9238
6150,撼訊,12,0,12,凱基-士林,2023-02-21,9238
2885,元大金,11,0,11,凱基-士林,2023-02-21,9238
00715L,期街口布蘭特正2,12,1,11,凱基-士林,2023-02-21,9238
1524,耿鼎,29,18,11,凱基-士林,2023-02-21,9238
1513,中興電,144,134,10,凱基-士林,2023-02-21,9238
1447,力鵬,10,0,10,凱基-士林,2023-02-21,9238
00891,中信關鍵半導體,13,3,10,凱基-士林,2023-02-21,9238
1417,嘉裕,10,0,10,凱基-士林,2023-02-21,9238
2359,所羅門,10,0,10,凱基-士林,2023-02-21,9238
2905,三商,10,0,10,凱基-士林,2023-02-21,9238
8289,泰藝,10,0,10,凱基-士林,2023-02-21,9238
2867,三商壽,15,6,9,凱基-士林,2023-02-21,9238
4904,遠傳,9,0,9,凱基-士林,2023-02-21,9238
8105,凌巨,16,7,9,凱基-士林,2023-02-21,9238
2889,國票金,452,0,452,凱基-士林,2023-02-22,9238
00878,國泰永續高股息,400,2,398,凱基-士林,2023-02-22,9238
1513,中興電,230,114,116,凱基-士林,2023-02-22,9238
5425,台半,114,27,87,凱基-士林,2023-02-22,9238
4744,皇將,85,0,85,凱基-士林,2023-02-22,9238
6150,撼訊,70,3,67,凱基-士林,2023-02-22,9238
3310,佳穎,61,0,61,凱基-士林,2023-02-22,9238
5381,合正,60,0,60,凱基-士林,2023-02-22,9238
6282,康舒,62,8,54,凱基-士林,2023-02-22,9238
2444,兆勁,53,0,53,凱基-士林,2023-02-22,9238
1709,和益,55,5,50,凱基-士林,2023-02-22,9238
1514,亞力,88,40,48,凱基-士林,2023-02-22,9238
3035,智原,51,5,46,凱基-士林,2023-02-22,9238
3522,御嵿,43,0,43,凱基-士林,2023-02-22,9238
2610,華航,47,13,34,凱基-士林,2023-02-22,9238
2883,凱基金,34,0,34,凱基-士林,2023-02-22,9238
4960,誠美材,30,0,30,凱基-士林,2023-02-22,9238
8033,雷虎,37,9,28,凱基-士林,2023-02-22,9238
3362,先進光,28,0,28,凱基-士林,2023-02-22,9238
00882,中信中國高股息,28,3,25,凱基-士林,2023-02-22,9238
3062,建漢,21,0,21,凱基-士林,2023-02-22,9238
2885,元大金,20,0,20,凱基-士林,2023-02-22,9238
1102,亞泥,20,0,20,凱基-士林,2023-02-22,9238
2033,佳大,20,0,20,凱基-士林,2023-02-22,9238
2328,廣宇,20,0,20,凱基-士林,2023-02-22,9238
3078,僑威,20,0,20,凱基-士林,2023-02-22,9238
3162,精確,61,41,20,凱基-士林,2023-02-22,9238
4961,天鈺,38,18,20,凱基-士林,2023-02-22,9238
1524,耿鼎,19,0,19,凱基-士林,2023-02-22,9238
6235,華孚,80,62,18,凱基-士林,2023-02-22,9238
2388,威盛,52,35,17,凱基-士林,2023-02-22,9238
2303,聯電,16,0,16,凱基-士林,2023-02-22,9238
3037,欣興,22,6,16,凱基-士林,2023-02-22,9238
6859,伯特光,16,0,16,凱基-士林,2023-02-22,9238
0056,元大高股息,14,0,14,凱基-士林,2023-02-22,9238
3419,譁裕,29,15,14,凱基-士林,2023-02-22,9238
4977,眾達-KY,23,9,14,凱基-士林,2023-02-22,9238
8028,昇陽半導體,14,0,14,凱基-士林,2023-02-22,9238
8105,凌巨,23,9,14,凱基-士林,2023-02-22,9238
8271,宇瞻,14,0,14,凱基-士林,2023-02-22,9238
00902,中信電池及儲能,13,0,13,凱基-士林,2023-02-22,9238
5512,力麒,26,13,13,凱基-士林,2023-02-22,9238
6118,建達,12,0,12,凱基-士林,2023-02-22,9238
2201,裕隆,13,2,11,凱基-士林,2023-02-22,9238
2066,世德,11,0,11,凱基-士林,2023-02-22,9238
2393,億光,11,0,11,凱基-士林,2023-02-22,9238
6190,萬泰科,11,0,11,凱基-士林,2023-02-22,9238
1721,三晃,10,0,10,凱基-士林,2023-02-22,9238
5880,合庫金,10,0,10,凱基-士林,2023-02-22,9238
6274,台燿,10,0,10,凱基-士林,2023-02-22,9238
8150,南茂,135,0,135,凱基-士林,2023-02-23,9238
1444,力麗,203,75,128,凱基-士林,2023-02-23,9238
2323,中環,90,0,90,凱基-士林,2023-02-23,9238
1447,力鵬,85,0,85,凱基-士林,2023-02-23,9238
00632R,元大台灣50反1,179,110,69,凱基-士林,2023-02-23,9238
1584,精剛,75,6,69,凱基-士林,2023-02-23,9238
00715L,期街口布蘭特正2,63,0,63,凱基-士林,2023-02-23,9238
6282,康舒,64,1,63,凱基-士林,2023-02-23,9238
1533,車王電,59,1,58,凱基-士林,2023-02-23,9238
00885,富邦越南,53,0,53,凱基-士林,2023-02-23,9238
6290,良維,50,9,41,凱基-士林,2023-02-23,9238
5381,合正,38,0,38,凱基-士林,2023-02-23,9238
1442,名軒,37,0,37,凱基-士林,2023-02-23,9238
3481,群創,51,16,35,凱基-士林,2023-02-23,9238
2201,裕隆,37,10,27,凱基-士林,2023-02-23,9238
2360,致茂,25,0,25,凱基-士林,2023-02-23,9238
3231,緯創,28,3,25,凱基-士林,2023-02-23,9238
5353,台林,24,0,24,凱基-士林,2023-02-23,9238
2701,萬企,25,3,22,凱基-士林,2023-02-23,9238
00664R,國泰臺灣加權反1,20,0,20,凱基-士林,2023-02-23,9238
1712,興農,20,0,20,凱基-士林,2023-02-23,9238
2102,泰豐,20,0,20,凱基-士林,2023-02-23,9238
6791,虎門科技,20,0,20,凱基-士林,2023-02-23,9238
8070,長華*,25,5,20,凱基-士林,2023-02-23,9238
8940,新天地,20,0,20,凱基-士林,2023-02-23,9238
9955,佳龍,20,0,20,凱基-士林,2023-02-23,9238
00751B,元大AAA至A公司債,29,10,19,凱基-士林,2023-02-23,9238
3380,明泰,28,9,19,凱基-士林,2023-02-23,9238
4744,皇將,20,1,19,凱基-士林,2023-02-23,9238
5704,老爺知,19,0,19,凱基-士林,2023-02-23,9238
2409,友達,19,0,19,凱基-士林,2023-02-23,9238
5009,榮剛,30,12,18,凱基-士林,2023-02-23,9238
2618,長榮航,19,2,17,凱基-士林,2023-02-23,9238
2867,三商壽,16,0,16,凱基-士林,2023-02-23,9238
2881,富邦金,16,0,16,凱基-士林,2023-02-23,9238
00679B,元大美債20年,15,0,15,凱基-士林,2023-02-23,9238
8050,廣積,16,1,15,凱基-士林,2023-02-23,9238
4956,光鋐,15,0,15,凱基-士林,2023-02-23,9238
4164,承業醫,17,2,15,凱基-士林,2023-02-23,9238
8234,新漢,53,38,15,凱基-士林,2023-02-23,9238
9105,泰金寶-DR,15,0,15,凱基-士林,2023-02-23,9238
6116,彩晶,12,0,12,凱基-士林,2023-02-23,9238
2884,玉山金,118,106,12,凱基-士林,2023-02-23,9238
3224,三顧,13,1,12,凱基-士林,2023-02-23,9238
3558,神準,43,31,12,凱基-士林,2023-02-23,9238
2607,榮運,11,0,11,凱基-士林,2023-02-23,9238
8093,保銳,11,0,11,凱基-士林,2023-02-23,9238
2303,聯電,20,10,10,凱基-士林,2023-02-23,9238
6570,維田,10,0,10,凱基-士林,2023-02-23,9238
00919,群益台灣精選高息,10,0,10,凱基-士林,2023-02-23,9238
4743,合一,74,4,70,凱基-士林,2023-02-24,9238
6843,進典,66,0,66,凱基-士林,2023-02-24,9238
1442,名軒,60,0,60,凱基-士林,2023-02-24,9238
1760,寶齡富錦,65,12,53,凱基-士林,2023-02-24,9238
2610,華航,71,23,48,凱基-士林,2023-02-24,9238
1721,三晃,40,0,40,凱基-士林,2023-02-24,9238
6244,茂迪,40,0,40,凱基-士林,2023-02-24,9238
00878,國泰永續高股息,34,0,34,凱基-士林,2023-02-24,9238
5701,劍湖山,33,0,33,凱基-士林,2023-02-24,9238
00882,中信中國高股息,32,0,32,凱基-士林,2023-02-24,9238
6116,彩晶,25,0,25,凱基-士林,2023-02-24,9238
00632R,元大台灣50反1,22,0,22,凱基-士林,2023-02-24,9238
8011,台通,20,0,20,凱基-士林,2023-02-24,9238
1609,大亞,20,0,20,凱基-士林,2023-02-24,9238
2474,可成,20,0,20,凱基-士林,2023-02-24,9238
6235,華孚,27,7,20,凱基-士林,2023-02-24,9238
6712,長聖,21,1,20,凱基-士林,2023-02-24,9238
00671R,富邦NASDAQ反1,20,0,20,凱基-士林,2023-02-24,9238
3037,欣興,28,9,19,凱基-士林,2023-02-24,9238
2211,長榮鋼,18,0,18,凱基-士林,2023-02-24,9238
1506,正道,20,3,17,凱基-士林,2023-02-24,9238
2014,中鴻,47,30,17,凱基-士林,2023-02-24,9238
3290,東浦,18,1,17,凱基-士林,2023-02-24,9238
00885,富邦越南,16,0,16,凱基-士林,2023-02-24,9238
5464,霖宏,16,0,16,凱基-士林,2023-02-24,9238
6570,維田,16,0,16,凱基-士林,2023-02-24,9238
6791,虎門科技,26,10,16,凱基-士林,2023-02-24,9238
3017,奇鋐,27,12,15,凱基-士林,2023-02-24,9238
3162,精確,15,0,15,凱基-士林,2023-02-24,9238
8033,雷虎,15,0,15,凱基-士林,2023-02-24,9238
0056,元大高股息,19,5,14,凱基-士林,2023-02-24,9238
1503,士電,15,1,14,凱基-士林,2023-02-24,9238
4744,皇將,14,0,14,凱基-士林,2023-02-24,9238
00637L,元大滬深300正2,16,3,13,凱基-士林,2023-02-24,9238
2607,榮運,13,0,13,凱基-士林,2023-02-24,9238
2867,三商壽,12,0,12,凱基-士林,2023-02-24,9238
1712,興農,11,0,11,凱基-士林,2023-02-24,9238
3310,佳穎,11,0,11,凱基-士林,2023-02-24,9238
4939,亞電,11,0,11,凱基-士林,2023-02-24,9238
2317,鴻海,10,0,10,凱基-士林,2023-02-24,9238
2347,聯強,10,0,10,凱基-士林,2023-02-24,9238
3105,穩懋,11,1,10,凱基-士林,2023-02-24,9238
5243,乙盛-KY,10,0,10,凱基-士林,2023-02-24,9238
5536,聖暉*,10,0,10,凱基-士林,2023-02-24,9238
8937,合騏,10,0,10,凱基-士林,2023-02-24,9238
2892,第一金,10,0,10,凱基-士林,2023-02-24,9238
3520,華盈,13,4,9,凱基-士林,2023-02-24,9238
5309,系統電,11,2,9,凱基-士林,2023-02-24,9238
8436,大江,20,11,9,凱基-士林,2023-02-24,9238
2882,國泰金,9,0,9,凱基-士林,2023-02-24,9238
2641,正德,205,4,201,凱基-士林,2023-03-01,9238
1101,台泥,144,6,138,凱基-士林,2023-03-01,9238
2498,宏達電,69,7,62,凱基-士林,2023-03-01,9238
00885,富邦越南,62,0,62,凱基-士林,2023-03-01,9238
2453,凌群,49,2,47,凱基-士林,2023-03-01,9238
00878,國泰永續高股息,41,3,38,凱基-士林,2023-03-01,9238
4147,中裕,35,0,35,凱基-士林,2023-03-01,9238
6104,創惟,33,0,33,凱基-士林,2023-03-01,9238
2601,益航,34,3,31,凱基-士林,2023-03-01,9238
1447,力鵬,30,0,30,凱基-士林,2023-03-01,9238
2317,鴻海,52,26,26,凱基-士林,2023-03-01,9238
2706,第一店,30,6,24,凱基-士林,2023-03-01,9238
3290,東浦,22,0,22,凱基-士林,2023-03-01,9238
3587,閎康,22,1,21,凱基-士林,2023-03-01,9238
8171,天宇,22,1,21,凱基-士林,2023-03-01,9238
1609,大亞,20,0,20,凱基-士林,2023-03-01,9238
2801,彰銀,20,0,20,凱基-士林,2023-03-01,9238
5243,乙盛-KY,20,0,20,凱基-士林,2023-03-01,9238
2014,中鴻,19,2,17,凱基-士林,2023-03-01,9238
1605,華新,44,27,17,凱基-士林,2023-03-01,9238
2371,大同,16,0,16,凱基-士林,2023-03-01,9238
5009,榮剛,16,0,16,凱基-士林,2023-03-01,9238
3673,TPK-KY,15,0,15,凱基-士林,2023-03-01,9238
6570,維田,16,1,15,凱基-士林,2023-03-01,9238
2408,南亞科,15,0,15,凱基-士林,2023-03-01,9238
2881,富邦金,16,2,14,凱基-士林,2023-03-01,9238
3008,大立光,14,0,14,凱基-士林,2023-03-01,9238
2337,旺宏,14,1,13,凱基-士林,2023-03-01,9238
2002,中鋼,15,3,12,凱基-士林,2023-03-01,9238
4167,松瑞藥,12,0,12,凱基-士林,2023-03-01,9238
1614,三洋電,11,0,11,凱基-士林,2023-03-01,9238
2637,慧洋-KY,17,6,11,凱基-士林,2023-03-01,9238
2882,國泰金,12,1,11,凱基-士林,2023-03-01,9238
2888,新光金,28,17,11,凱基-士林,2023-03-01,9238
1503,士電,10,0,10,凱基-士林,2023-03-01,9238
00713,元大台灣高息低波,10,0,10,凱基-士林,2023-03-01,9238
1522,堤維西,10,0,10,凱基-士林,2023-03-01,9238
1531,高林股,10,0,10,凱基-士林,2023-03-01,9238
4164,承業醫,10,0,10,凱基-士林,2023-03-01,9238
4744,皇將,10,0,10,凱基-士林,2023-03-01,9238
5225,東科-KY,10,0,10,凱基-士林,2023-03-01,9238
6712,長聖,13,3,10,凱基-士林,2023-03-01,9238
2609,陽明,10,1,9,凱基-士林,2023-03-01,9238
3006,晶豪科,9,0,9,凱基-士林,2023-03-01,9238
2607,榮運,9,0,9,凱基-士林,2023-03-01,9238
3362,先進光,9,0,9,凱基-士林,2023-03-01,9238
8234,新漢,8,0,8,凱基-士林,2023-03-01,9238
8033,雷虎,7,0,7,凱基-士林,2023-03-01,9238
3494,誠研,7,0,7,凱基-士林,2023-03-01,9238
6139,亞翔,18,11,7,凱基-士林,2023-03-01,9238
6142,友勁,96,3,93,凱基-士林,2023-03-02,9238
00878,國泰永續高股息,94,2,92,凱基-士林,2023-03-02,9238
8171,天宇,110,37,73,凱基-士林,2023-03-02,9238
4744,皇將,69,0,69,凱基-士林,2023-03-02,9238
1701,中化,60,3,57,凱基-士林,2023-03-02,9238
5452,佶優,106,64,42,凱基-士林,2023-03-02,9238
2328,廣宇,31,0,31,凱基-士林,2023-03-02,9238
3128,昇銳,28,0,28,凱基-士林,2023-03-02,9238
1721,三晃,22,0,22,凱基-士林,2023-03-02,9238
2033,佳大,22,0,22,凱基-士林,2023-03-02,9238
5425,台半,24,2,22,凱基-士林,2023-03-02,9238
3710,連展投控,20,0,20,凱基-士林,2023-03-02,9238
3162,精確,25,5,20,凱基-士林,2023-03-02,9238
1605,華新,89,70,19,凱基-士林,2023-03-02,9238
4147,中裕,20,1,19,凱基-士林,2023-03-02,9238
3703,欣陸,20,1,19,凱基-士林,2023-03-02,9238
4583,台灣精銳,18,0,18,凱基-士林,2023-03-02,9238
2498,宏達電,21,4,17,凱基-士林,2023-03-02,9238
2618,長榮航,22,5,17,凱基-士林,2023-03-02,9238
00751B,元大AAA至A公司債,17,0,17,凱基-士林,2023-03-02,9238
00712,復華富時不動產,16,0,16,凱基-士林,2023-03-02,9238
5203,訊連,16,0,16,凱基-士林,2023-03-02,9238
6146,耕興,16,0,16,凱基-士林,2023-03-02,9238
00679B,元大美債20年,15,0,15,凱基-士林,2023-03-02,9238
0056,元大高股息,16,2,14,凱基-士林,2023-03-02,9238
2409,友達,14,0,14,凱基-士林,2023-03-02,9238
2303,聯電,15,2,13,凱基-士林,2023-03-02,9238
2388,威盛,24,11,13,凱基-士林,2023-03-02,9238
2482,連宇,18,5,13,凱基-士林,2023-03-02,9238
3594,磐儀,15,2,13,凱基-士林,2023-03-02,9238
2888,新光金,15,3,12,凱基-士林,2023-03-02,9238
5536,聖暉*,13,1,12,凱基-士林,2023-03-02,9238
00713,元大台灣高息低波,11,0,11,凱基-士林,2023-03-02,9238
2495,普安,13,2,11,凱基-士林,2023-03-02,9238
00725B,國泰投資級公司債,10,0,10,凱基-士林,2023-03-02,9238
1531,高林股,10,0,10,凱基-士林,2023-03-02,9238
2332,友訊,10,0,10,凱基-士林,2023-03-02,9238
4906,正文,20,10,10,凱基-士林,2023-03-02,9238
8289,泰藝,10,0,10,凱基-士林,2023-03-02,9238
2601,益航,10,0,10,凱基-士林,2023-03-02,9238
1604,聲寶,9,0,9,凱基-士林,2023-03-02,9238
3346,麗清,21,12,9,凱基-士林,2023-03-02,9238
4155,訊映,25,16,9,凱基-士林,2023-03-02,9238
00772B,中信高評級公司債,8,0,8,凱基-士林,2023-03-02,9238
2701,萬企,9,1,8,凱基-士林,2023-03-02,9238
3310,佳穎,9,1,8,凱基-士林,2023-03-02,9238
6116,彩晶,8,0,8,凱基-士林,2023-03-02,9238
2884,玉山金,7,0,7,凱基-士林,2023-03-02,9238
5512,力麒,19,12,7,凱基-士林,2023-03-02,9238
6589,台康生技,7,0,7,凱基-士林,2023-03-02,9238
4510,高鋒,220,0,220,凱基-士林,2023-03-03,9238
4744,皇將,43,0,43,凱基-士林,2023-03-03,9238
4906,正文,40,0,40,凱基-士林,2023-03-03,9238
8926,台汽電,38,0,38,凱基-士林,2023-03-03,9238
2338,光罩,40,3,37,凱基-士林,2023-03-03,9238
2388,威盛,134,97,37,凱基-士林,2023-03-03,9238
5425,台半,179,149,30,凱基-士林,2023-03-03,9238
2897,王道銀行,30,0,30,凱基-士林,2023-03-03,9238
1708,東鹼,154,127,27,凱基-士林,2023-03-03,9238
1101,台泥,24,0,24,凱基-士林,2023-03-03,9238
2834,臺企銀,27,3,24,凱基-士林,2023-03-03,9238
6411,晶焱,24,0,24,凱基-士林,2023-03-03,9238
3141,晶宏,45,22,23,凱基-士林,2023-03-03,9238
2201,裕隆,23,1,22,凱基-士林,2023-03-03,9238
2637,慧洋-KY,24,2,22,凱基-士林,2023-03-03,9238
6235,華孚,37,15,22,凱基-士林,2023-03-03,9238
00885,富邦越南,22,0,22,凱基-士林,2023-03-03,9238
2419,仲琦,21,1,20,凱基-士林,2023-03-03,9238
2801,彰銀,20,0,20,凱基-士林,2023-03-03,9238
5210,寶碩,20,0,20,凱基-士林,2023-03-03,9238
1605,華新,41,22,19,凱基-士林,2023-03-03,9238
6443,元晶,20,2,18,凱基-士林,2023-03-03,9238
00772B,中信高評級公司債,16,0,16,凱基-士林,2023-03-03,9238
8432,東生華,16,0,16,凱基-士林,2023-03-03,9238
6531,愛普*,22,7,15,凱基-士林,2023-03-03,9238
8110,華東,21,6,15,凱基-士林,2023-03-03,9238
2641,正德,29,15,14,凱基-士林,2023-03-03,9238
00713,元大台灣高息低波,15,2,13,凱基-士林,2023-03-03,9238
1217,愛之味,13,0,13,凱基-士林,2023-03-03,9238
3594,磐儀,16,4,12,凱基-士林,2023-03-03,9238
2498,宏達電,18,7,11,凱基-士林,2023-03-03,9238
3481,群創,24,13,11,凱基-士林,2023-03-03,9238
00898,國泰基因免疫革命,10,0,10,凱基-士林,2023-03-03,9238
1527,鑽全,10,0,10,凱基-士林,2023-03-03,9238
1531,高林股,10,0,10,凱基-士林,2023-03-03,9238
3016,嘉晶,10,0,10,凱基-士林,2023-03-03,9238
6143,振曜,10,0,10,凱基-士林,2023-03-03,9238
8038,長園科,10,0,10,凱基-士林,2023-03-03,9238
8222,寶一,10,0,10,凱基-士林,2023-03-03,9238
00679B,元大美債20年,14,5,9,凱基-士林,2023-03-03,9238
3434,哲固,9,0,9,凱基-士林,2023-03-03,9238
6470,宇智,9,0,9,凱基-士林,2023-03-03,9238
3035,智原,15,6,9,凱基-士林,2023-03-03,9238
1802,台玻,8,0,8,凱基-士林,2023-03-03,9238
6118,建達,9,1,8,凱基-士林,2023-03-03,9238
9945,潤泰新,8,0,8,凱基-士林,2023-03-03,9238
2886,兆豐金,7,0,7,凱基-士林,2023-03-03,9238
4915,致伸,9,2,7,凱基-士林,2023-03-03,9238
2453,凌群,10,3,7,凱基-士林,2023-03-03,9238
3054,立萬利,7,0,7,凱基-士林,2023-03-03,9238
00632R,元大台灣50反1,2132,24,2108,凱基-士林,2023-03-06,9238
1762,中化生,122,0,122,凱基-士林,2023-03-06,9238
2031,新光鋼,50,0,50,凱基-士林,2023-03-06,9238
2374,佳能,57,12,45,凱基-士林,2023-03-06,9238
5309,系統電,43,0,43,凱基-士林,2023-03-06,9238
2344,華邦電,42,5,37,凱基-士林,2023-03-06,9238
2023,燁輝,40,4,36,凱基-士林,2023-03-06,9238
6470,宇智,36,0,36,凱基-士林,2023-03-06,9238
6485,點序,35,0,35,凱基-士林,2023-03-06,9238
00637L,元大滬深300正2,68,34,34,凱基-士林,2023-03-06,9238
1503,士電,35,2,33,凱基-士林,2023-03-06,9238
4956,光鋐,33,0,33,凱基-士林,2023-03-06,9238
6494,九齊,30,0,30,凱基-士林,2023-03-06,9238
5465,富驊,26,0,26,凱基-士林,2023-03-06,9238
00673R,期元大S＆P原油反1,25,0,25,凱基-士林,2023-03-06,9238
1514,亞力,24,2,22,凱基-士林,2023-03-06,9238
2609,陽明,27,7,20,凱基-士林,2023-03-06,9238
2892,第一金,20,0,20,凱基-士林,2023-03-06,9238
1217,愛之味,20,0,20,凱基-士林,2023-03-06,9238
2457,飛宏,33,13,20,凱基-士林,2023-03-06,9238
2701,萬企,20,0,20,凱基-士林,2023-03-06,9238
4744,皇將,20,0,20,凱基-士林,2023-03-06,9238
1605,華新,25,5,20,凱基-士林,2023-03-06,9238
2618,長榮航,19,1,18,凱基-士林,2023-03-06,9238
4743,合一,24,6,18,凱基-士林,2023-03-06,9238
8227,巨有科技,20,2,18,凱基-士林,2023-03-06,9238
2388,威盛,59,42,17,凱基-士林,2023-03-06,9238
2313,華通,16,0,16,凱基-士林,2023-03-06,9238
00664R,國泰臺灣加權反1,15,0,15,凱基-士林,2023-03-06,9238
2605,新興,18,4,14,凱基-士林,2023-03-06,9238
0056,元大高股息,20,6,14,凱基-士林,2023-03-06,9238
2884,玉山金,15,3,12,凱基-士林,2023-03-06,9238
3707,漢磊,12,0,12,凱基-士林,2023-03-06,9238
5203,訊連,12,0,12,凱基-士林,2023-03-06,9238
6770,力積電,21,9,12,凱基-士林,2023-03-06,9238
8088,品安,12,1,11,凱基-士林,2023-03-06,9238
8926,台汽電,10,0,10,凱基-士林,2023-03-06,9238
1531,高林股,10,0,10,凱基-士林,2023-03-06,9238
1539,巨庭,12,2,10,凱基-士林,2023-03-06,9238
1591,駿吉-KY,10,0,10,凱基-士林,2023-03-06,9238
2610,華航,15,5,10,凱基-士林,2023-03-06,9238
3081,聯亞,10,0,10,凱基-士林,2023-03-06,9238
3434,哲固,10,0,10,凱基-士林,2023-03-06,9238
3504,揚明光,11,1,10,凱基-士林,2023-03-06,9238
6174,安��,10,0,10,凱基-士林,2023-03-06,9238
6570,維田,10,0,10,凱基-士林,2023-03-06,9238
8942,森鉅,10,0,10,凱基-士林,2023-03-06,9238
4915,致伸,9,0,9,凱基-士林,2023-03-06,9238
6517,保勝光學,10,1,9,凱基-士林,2023-03-06,9238
00720B,元大投資級公司債,8,0,8,凱基-士林,2023-03-06,9238
4904,遠傳,65,0,65,凱基-士林,2023-03-07,9238
00673R,期元大S＆P原油反1,56,1,55,凱基-士林,2023-03-07,9238
2457,飛宏,155,103,52,凱基-士林,2023-03-07,9238
00632R,元大台灣50反1,49,10,39,凱基-士林,2023-03-07,9238
5309,系統電,37,0,37,凱基-士林,2023-03-07,9238
2201,裕隆,31,1,30,凱基-士林,2023-03-07,9238
8176,智捷,30,0,30,凱基-士林,2023-03-07,9238
6443,元晶,23,0,23,凱基-士林,2023-03-07,9238
00664R,國泰臺灣加權反1,23,0,23,凱基-士林,2023-03-07,9238
5243,乙盛-KY,22,0,22,凱基-士林,2023-03-07,9238
5452,佶優,22,0,22,凱基-士林,2023-03-07,9238
2618,長榮航,20,0,20,凱基-士林,2023-03-07,9238
2038,海光,20,0,20,凱基-士林,2023-03-07,9238
5351,鈺創,20,0,20,凱基-士林,2023-03-07,9238
5465,富驊,20,0,20,凱基-士林,2023-03-07,9238
8930,青鋼,20,0,20,凱基-士林,2023-03-07,9238
00878,國泰永續高股息,26,10,16,凱基-士林,2023-03-07,9238
00885,富邦越南,15,0,15,凱基-士林,2023-03-07,9238
4743,合一,22,7,15,凱基-士林,2023-03-07,9238
2617,台航,18,4,14,凱基-士林,2023-03-07,9238
2883,凱基金,14,1,13,凱基-士林,2023-03-07,9238
3479,安勤,20,7,13,凱基-士林,2023-03-07,9238
3687,歐買尬,14,1,13,凱基-士林,2023-03-07,9238
2409,友達,13,1,12,凱基-士林,2023-03-07,9238
6470,宇智,12,0,12,凱基-士林,2023-03-07,9238
1701,中化,11,0,11,凱基-士林,2023-03-07,9238
2537,聯上發,11,0,11,凱基-士林,2023-03-07,9238
2374,佳能,10,0,10,凱基-士林,2023-03-07,9238
1301,台塑,10,0,10,凱基-士林,2023-03-07,9238
00713,元大台灣高息低波,10,0,10,凱基-士林,2023-03-07,9238
2548,華固,10,0,10,凱基-士林,2023-03-07,9238
2614,東森,10,0,10,凱基-士林,2023-03-07,9238
3019,亞光,17,7,10,凱基-士林,2023-03-07,9238
3030,德律,10,0,10,凱基-士林,2023-03-07,9238
3434,哲固,10,0,10,凱基-士林,2023-03-07,9238
2344,華邦電,16,7,9,凱基-士林,2023-03-07,9238
1531,高林股,9,0,9,凱基-士林,2023-03-07,9238
1609,大亞,104,95,9,凱基-士林,2023-03-07,9238
2441,超豐,9,0,9,凱基-士林,2023-03-07,9238
8349,�矬�,9,0,9,凱基-士林,2023-03-07,9238
1438,三地開發,8,0,8,凱基-士林,2023-03-07,9238
3221,台嘉碩,8,0,8,凱基-士林,2023-03-07,9238
6596,寬宏藝術,8,0,8,凱基-士林,2023-03-07,9238
6116,彩晶,10,3,7,凱基-士林,2023-03-07,9238
00751B,元大AAA至A公司債,12,5,7,凱基-士林,2023-03-07,9238
3596,智易,7,0,7,凱基-士林,2023-03-07,9238
1513,中興電,16,9,7,凱基-士林,2023-03-07,9238
00720B,元大投資級公司債,6,0,6,凱基-士林,2023-03-07,9238
3576,聯合再生,8,2,6,凱基-士林,2023-03-07,9238
6712,長聖,8,2,6,凱基-士林,2023-03-07,9238
2883,凱基金,215,1,214,凱基-士林,2023-03-08,9238
1605,華新,238,27,211,凱基-士林,2023-03-08,9238
00637L,元大滬深300正2,165,9,156,凱基-士林,2023-03-08,9238
1609,大亞,127,24,103,凱基-士林,2023-03-08,9238
00632R,元大台灣50反1,100,0,100,凱基-士林,2023-03-08,9238
00882,中信中國高股息,50,0,50,凱基-士林,2023-03-08,9238
3511,矽瑪,50,0,50,凱基-士林,2023-03-08,9238
3481,群創,55,5,50,凱基-士林,2023-03-08,9238
1513,中興電,65,19,46,凱基-士林,2023-03-08,9238
2413,環科,45,0,45,凱基-士林,2023-03-08,9238
3289,宜特,47,2,45,凱基-士林,2023-03-08,9238
1101,台泥,46,1,45,凱基-士林,2023-03-08,9238
2481,強茂,52,9,43,凱基-士林,2023-03-08,9238
4979,華星光,44,1,43,凱基-士林,2023-03-08,9238
00885,富邦越南,42,0,42,凱基-士林,2023-03-08,9238
00715L,期街口布蘭特正2,38,0,38,凱基-士林,2023-03-08,9238
3003,健和興,36,3,33,凱基-士林,2023-03-08,9238
6799,來頡,33,1,32,凱基-士林,2023-03-08,9238
00671R,富邦NASDAQ反1,30,0,30,凱基-士林,2023-03-08,9238
3035,智原,31,1,30,凱基-士林,2023-03-08,9238
6190,萬泰科,39,9,30,凱基-士林,2023-03-08,9238
8383,千附,30,0,30,凱基-士林,2023-03-08,9238
8088,品安,27,0,27,凱基-士林,2023-03-08,9238
6290,良維,58,34,24,凱基-士林,2023-03-08,9238
2482,連宇,55,32,23,凱基-士林,2023-03-08,9238
4977,眾達-KY,29,7,22,凱基-士林,2023-03-08,9238
6235,華孚,35,13,22,凱基-士林,2023-03-08,9238
9907,統一實,26,5,21,凱基-士林,2023-03-08,9238
3013,晟銘電,36,16,20,凱基-士林,2023-03-08,9238
5009,榮剛,76,58,18,凱基-士林,2023-03-08,9238
5351,鈺創,17,0,17,凱基-士林,2023-03-08,9238
00878,國泰永續高股息,26,10,16,凱基-士林,2023-03-08,9238
2103,台橡,15,0,15,凱基-士林,2023-03-08,9238
3088,艾訊,16,1,15,凱基-士林,2023-03-08,9238
6113,亞矽,15,0,15,凱基-士林,2023-03-08,9238
2359,所羅門,31,18,13,凱基-士林,2023-03-08,9238
8033,雷虎,18,5,13,凱基-士林,2023-03-08,9238
1701,中化,12,0,12,凱基-士林,2023-03-08,9238
6509,聚和,12,0,12,凱基-士林,2023-03-08,9238
3265,台星科,12,1,11,凱基-士林,2023-03-08,9238
6515,穎崴,11,0,11,凱基-士林,2023-03-08,9238
0056,元大高股息,16,5,11,凱基-士林,2023-03-08,9238
1319,東陽,10,0,10,凱基-士林,2023-03-08,9238
00902,中信電池及儲能,10,0,10,凱基-士林,2023-03-08,9238
1531,高林股,10,0,10,凱基-士林,2023-03-08,9238
1591,駿吉-KY,10,0,10,凱基-士林,2023-03-08,9238
1810,和成,10,0,10,凱基-士林,2023-03-08,9238
3042,晶技,12,2,10,凱基-士林,2023-03-08,9238
3221,台嘉碩,10,0,10,凱基-士林,2023-03-08,9238
6213,聯茂,10,0,10,凱基-士林,2023-03-08,9238
2609,陽明,105,10,95,凱基-士林,2023-03-09,9238
2323,中環,90,0,90,凱基-士林,2023-03-09,9238
2457,飛宏,132,42,90,凱基-士林,2023-03-09,9238
1437,勤益控,75,0,75,凱基-士林,2023-03-09,9238
5465,富驊,66,0,66,凱基-士林,2023-03-09,9238
1513,中興電,112,52,60,凱基-士林,2023-03-09,9238
2883,凱基金,59,0,59,凱基-士林,2023-03-09,9238
3481,群創,63,8,55,凱基-士林,2023-03-09,9238
2476,鉅祥,51,1,50,凱基-士林,2023-03-09,9238
2201,裕隆,68,20,48,凱基-士林,2023-03-09,9238
3013,晟銘電,46,0,46,凱基-士林,2023-03-09,9238
2409,友達,39,3,36,凱基-士林,2023-03-09,9238
6129,普誠,46,11,35,凱基-士林,2023-03-09,9238
6116,彩晶,35,3,32,凱基-士林,2023-03-09,9238
1442,名軒,31,0,31,凱基-士林,2023-03-09,9238
00671R,富邦NASDAQ反1,30,0,30,凱基-士林,2023-03-09,9238
2359,所羅門,60,32,28,凱基-士林,2023-03-09,9238
1101,台泥,31,3,28,凱基-士林,2023-03-09,9238
2388,威盛,32,4,28,凱基-士林,2023-03-09,9238
2634,漢翔,34,6,28,凱基-士林,2023-03-09,9238
00715L,期街口布蘭特正2,25,0,25,凱基-士林,2023-03-09,9238
6257,矽格,30,5,25,凱基-士林,2023-03-09,9238
2368,金像電,28,6,22,凱基-士林,2023-03-09,9238
00878,國泰永續高股息,22,1,21,凱基-士林,2023-03-09,9238
1718,中纖,27,7,20,凱基-士林,2023-03-09,9238
3511,矽瑪,20,0,20,凱基-士林,2023-03-09,9238
5701,劍湖山,20,0,20,凱基-士林,2023-03-09,9238
3022,威強電,22,2,20,凱基-士林,2023-03-09,9238
2313,華通,18,0,18,凱基-士林,2023-03-09,9238
5351,鈺創,19,1,18,凱基-士林,2023-03-09,9238
6426,統新,18,0,18,凱基-士林,2023-03-09,9238
2208,台船,21,5,16,凱基-士林,2023-03-09,9238
2890,永豐金,16,0,16,凱基-士林,2023-03-09,9238
4952,凌通,15,0,15,凱基-士林,2023-03-09,9238
6124,業強,15,0,15,凱基-士林,2023-03-09,9238
1402,遠東新,14,0,14,凱基-士林,2023-03-09,9238
2347,聯強,14,0,14,凱基-士林,2023-03-09,9238
1609,大亞,37,23,14,凱基-士林,2023-03-09,9238
00900,富邦特選高股息30,13,1,12,凱基-士林,2023-03-09,9238
8289,泰藝,12,0,12,凱基-士林,2023-03-09,9238
2881,富邦金,11,0,11,凱基-士林,2023-03-09,9238
1536,和大,12,1,11,凱基-士林,2023-03-09,9238
1568,倉佑,11,0,11,凱基-士林,2023-03-09,9238
4147,中裕,11,0,11,凱基-士林,2023-03-09,9238
00720B,元大投資級公司債,10,0,10,凱基-士林,2023-03-09,9238
00670L,富邦NASDAQ正2,10,0,10,凱基-士林,2023-03-09,9238
1529,樂事綠能,10,0,10,凱基-士林,2023-03-09,9238
1531,高林股,10,0,10,凱基-士林,2023-03-09,9238
1591,駿吉-KY,10,0,10,凱基-士林,2023-03-09,9238
2801,彰銀,10,0,10,凱基-士林,2023-03-09,9238
00878,國泰永續高股息,118,0,118,凱基-士林,2023-03-10,9238
00715L,期街口布蘭特正2,117,0,117,凱基-士林,2023-03-10,9238
2897,王道銀行,102,3,99,凱基-士林,2023-03-10,9238
2883,凱基金,96,1,95,凱基-士林,2023-03-10,9238
5425,台半,202,107,95,凱基-士林,2023-03-10,9238
00713,元大台灣高息低波,76,1,75,凱基-士林,2023-03-10,9238
00882,中信中國高股息,64,0,64,凱基-士林,2023-03-10,9238
4979,華星光,63,0,63,凱基-士林,2023-03-10,9238
2476,鉅祥,61,0,61,凱基-士林,2023-03-10,9238
00637L,元大滬深300正2,60,4,56,凱基-士林,2023-03-10,9238
1101,台泥,56,5,51,凱基-士林,2023-03-10,9238
4916,事欣科,50,0,50,凱基-士林,2023-03-10,9238
2402,毅嘉,237,192,45,凱基-士林,2023-03-10,9238
2888,新光金,41,0,41,凱基-士林,2023-03-10,9238
8069,元太,45,5,40,凱基-士林,2023-03-10,9238
2882,國泰金,38,0,38,凱基-士林,2023-03-10,9238
2610,華航,54,17,37,凱基-士林,2023-03-10,9238
00923,群益台ESG低碳50,32,0,32,凱基-士林,2023-03-10,9238
2303,聯電,43,12,31,凱基-士林,2023-03-10,9238
2328,廣宇,31,0,31,凱基-士林,2023-03-10,9238
2618,長榮航,38,7,31,凱基-士林,2023-03-10,9238
1409,新纖,30,0,30,凱基-士林,2023-03-10,9238
2609,陽明,92,62,30,凱基-士林,2023-03-10,9238
5353,台林,30,1,29,凱基-士林,2023-03-10,9238
6282,康舒,42,13,29,凱基-士林,2023-03-10,9238
5258,虹堡,30,6,24,凱基-士林,2023-03-10,9238
2881,富邦金,33,10,23,凱基-士林,2023-03-10,9238
2344,華邦電,24,2,22,凱基-士林,2023-03-10,9238
2324,仁寶,22,0,22,凱基-士林,2023-03-10,9238
4904,遠傳,22,0,22,凱基-士林,2023-03-10,9238
3047,訊舟,21,0,21,凱基-士林,2023-03-10,9238
2371,大同,22,1,21,凱基-士林,2023-03-10,9238
3217,優群,23,2,21,凱基-士林,2023-03-10,9238
6116,彩晶,21,0,21,凱基-士林,2023-03-10,9238
2891,中信金,21,1,20,凱基-士林,2023-03-10,9238
1721,三晃,20,0,20,凱基-士林,2023-03-10,9238
9937,全國,20,0,20,凱基-士林,2023-03-10,9238
4915,致伸,19,0,19,凱基-士林,2023-03-10,9238
2317,鴻海,18,0,18,凱基-士林,2023-03-10,9238
4744,皇將,18,0,18,凱基-士林,2023-03-10,9238
0056,元大高股息,33,15,18,凱基-士林,2023-03-10,9238
2884,玉山金,17,0,17,凱基-士林,2023-03-10,9238
2409,友達,18,1,17,凱基-士林,2023-03-10,9238
2103,台橡,17,0,17,凱基-士林,2023-03-10,9238
2413,環科,18,1,17,凱基-士林,2023-03-10,9238
6770,力積電,21,5,16,凱基-士林,2023-03-10,9238
6290,良維,16,0,16,凱基-士林,2023-03-10,9238
3264,欣銓,16,0,16,凱基-士林,2023-03-10,9238
5347,世界,15,0,15,凱基-士林,2023-03-10,9238
2375,凱美,15,0,15,凱基-士林,2023-03-10,9238
2897,王道銀行,400,0,400,凱基-士林,2023-03-13,9238
00632R,元大台灣50反1,336,105,231,凱基-士林,2023-03-13,9238
2344,華邦電,134,10,124,凱基-士林,2023-03-13,9238
00878,國泰永續高股息,116,30,86,凱基-士林,2023-03-13,9238
3062,建漢,75,0,75,凱基-士林,2023-03-13,9238
5465,富驊,74,0,74,凱基-士林,2023-03-13,9238
5425,台半,62,2,60,凱基-士林,2023-03-13,9238
3264,欣銓,55,4,51,凱基-士林,2023-03-13,9238
6753,龍德造船,52,1,51,凱基-士林,2023-03-13,9238
3236,千如,48,0,48,凱基-士林,2023-03-13,9238
2482,連宇,53,5,48,凱基-士林,2023-03-13,9238
3046,建��,33,1,32,凱基-士林,2023-03-13,9238
00751B,元大AAA至A公司債,40,10,30,凱基-士林,2023-03-13,9238
6191,精成科,30,0,30,凱基-士林,2023-03-13,9238
8069,元太,35,9,26,凱基-士林,2023-03-13,9238
3272,東碩,26,0,26,凱基-士林,2023-03-13,9238
3078,僑威,25,0,25,凱基-士林,2023-03-13,9238
2457,飛宏,36,12,24,凱基-士林,2023-03-13,9238
2609,陽明,35,12,23,凱基-士林,2023-03-13,9238
5230,雷笛克光學,35,13,22,凱基-士林,2023-03-13,9238
2834,臺企銀,20,0,20,凱基-士林,2023-03-13,9238
3494,誠研,20,0,20,凱基-士林,2023-03-13,9238
00637L,元大滬深300正2,23,3,20,凱基-士林,2023-03-13,9238
2033,佳大,20,0,20,凱基-士林,2023-03-13,9238
3027,盛達,20,0,20,凱基-士林,2023-03-13,9238
5701,劍湖山,20,0,20,凱基-士林,2023-03-13,9238
8937,合騏,20,0,20,凱基-士林,2023-03-13,9238
9937,全國,20,0,20,凱基-士林,2023-03-13,9238
2888,新光金,21,2,19,凱基-士林,2023-03-13,9238
1721,三晃,20,2,18,凱基-士林,2023-03-13,9238
2371,大同,20,3,17,凱基-士林,2023-03-13,9238
00665L,富邦�琤肭磪囓�2,21,5,16,凱基-士林,2023-03-13,9238
2413,環科,52,36,16,凱基-士林,2023-03-13,9238
1591,駿吉-KY,15,0,15,凱基-士林,2023-03-13,9238
2388,威盛,63,48,15,凱基-士林,2023-03-13,9238
3176,基亞,13,0,13,凱基-士林,2023-03-13,9238
6182,合晶,14,1,13,凱基-士林,2023-03-13,9238
2636,台驊控股,17,5,12,凱基-士林,2023-03-13,9238
00679B,元大美債20年,11,0,11,凱基-士林,2023-03-13,9238
2606,裕民,12,1,11,凱基-士林,2023-03-13,9238
3481,群創,30,19,11,凱基-士林,2023-03-13,9238
00713,元大台灣高息低波,18,7,11,凱基-士林,2023-03-13,9238
00882,中信中國高股息,20,9,11,凱基-士林,2023-03-13,9238
6576,逸達,11,0,11,凱基-士林,2023-03-13,9238
2883,凱基金,13,3,10,凱基-士林,2023-03-13,9238
4979,華星光,12,2,10,凱基-士林,2023-03-13,9238
00688L,國泰20年美債正2,10,0,10,凱基-士林,2023-03-13,9238
3680,家登,10,0,10,凱基-士林,2023-03-13,9238
2401,凌陽,10,0,10,凱基-士林,2023-03-13,9238
2313,華通,9,0,9,凱基-士林,2023-03-13,9238
2897,王道銀行,200,0,200,凱基-士林,2023-03-14,9238
00878,國泰永續高股息,186,42,144,凱基-士林,2023-03-14,9238
2630,亞航,134,0,134,凱基-士林,2023-03-14,9238
00715L,期街口布蘭特正2,110,0,110,凱基-士林,2023-03-14,9238
2303,聯電,56,8,48,凱基-士林,2023-03-14,9238
2882,國泰金,41,0,41,凱基-士林,2023-03-14,9238
2888,新光金,41,2,39,凱基-士林,2023-03-14,9238
00885,富邦越南,29,0,29,凱基-士林,2023-03-14,9238
2618,長榮航,28,2,26,凱基-士林,2023-03-14,9238
2883,凱基金,25,0,25,凱基-士林,2023-03-14,9238
2317,鴻海,21,0,21,凱基-士林,2023-03-14,9238
00923,群益台ESG低碳50,21,0,21,凱基-士林,2023-03-14,9238
2324,仁寶,20,0,20,凱基-士林,2023-03-14,9238
00751B,元大AAA至A公司債,19,0,19,凱基-士林,2023-03-14,9238
2002,中鋼,20,1,19,凱基-士林,2023-03-14,9238
2610,華航,23,4,19,凱基-士林,2023-03-14,9238
9802,鈺齊-KY,17,0,17,凱基-士林,2023-03-14,9238
2427,三商電,15,0,15,凱基-士林,2023-03-14,9238
2834,臺企銀,15,0,15,凱基-士林,2023-03-14,9238
2889,國票金,15,0,15,凱基-士林,2023-03-14,9238
2409,友達,12,0,12,凱基-士林,2023-03-14,9238
3714,富采,12,0,12,凱基-士林,2023-03-14,9238
00680L,元大美債20正2,11,0,11,凱基-士林,2023-03-14,9238
2851,中再保,11,0,11,凱基-士林,2023-03-14,9238
2881,富邦金,11,0,11,凱基-士林,2023-03-14,9238
2891,中信金,10,0,10,凱基-士林,2023-03-14,9238
3176,基亞,10,0,10,凱基-士林,2023-03-14,9238
3211,順達,10,0,10,凱基-士林,2023-03-14,9238
2615,萬海,13,3,10,凱基-士林,2023-03-14,9238
3481,群創,21,12,9,凱基-士林,2023-03-14,9238
00712,復華富時不動產,9,0,9,凱基-士林,2023-03-14,9238
1101,台泥,11,2,9,凱基-士林,2023-03-14,9238
00637L,元大滬深300正2,224,215,9,凱基-士林,2023-03-14,9238
2645,長榮航太,10,1,9,凱基-士林,2023-03-14,9238
4916,事欣科,28,19,9,凱基-士林,2023-03-14,9238
8033,雷虎,10,1,9,凱基-士林,2023-03-14,9238
8105,凌巨,9,0,9,凱基-士林,2023-03-14,9238
2313,華通,8,0,8,凱基-士林,2023-03-14,9238
2328,廣宇,8,0,8,凱基-士林,2023-03-14,9238
4744,皇將,8,0,8,凱基-士林,2023-03-14,9238
2476,鉅祥,8,0,8,凱基-士林,2023-03-14,9238
00713,元大台灣高息低波,16,8,8,凱基-士林,2023-03-14,9238
1709,和益,9,1,8,凱基-士林,2023-03-14,9238
2327,國巨,7,0,7,凱基-士林,2023-03-14,9238
2471,資通,7,0,7,凱基-士林,2023-03-14,9238
4960,誠美材,6,0,6,凱基-士林,2023-03-14,9238
00882,中信中國高股息,9,3,6,凱基-士林,2023-03-14,9238
2308,台達電,6,0,6,凱基-士林,2023-03-14,9238
6213,聯茂,6,0,6,凱基-士林,2023-03-14,9238
1314,中石化,6,0,6,凱基-士林,2023-03-14,9238
2609,陽明,553,58,495,凱基-士林,2023-03-15,9238
00715L,期街口布蘭特正2,196,20,176,凱基-士林,2023-03-15,9238
2457,飛宏,131,13,118,凱基-士林,2023-03-15,9238
2884,玉山金,104,1,103,凱基-士林,2023-03-15,9238
2476,鉅祥,100,14,86,凱基-士林,2023-03-15,9238
2327,國巨,61,7,54,凱基-士林,2023-03-15,9238
8171,天宇,62,8,54,凱基-士林,2023-03-15,9238
2444,兆勁,51,0,51,凱基-士林,2023-03-15,9238
2801,彰銀,40,0,40,凱基-士林,2023-03-15,9238
2882,國泰金,40,3,37,凱基-士林,2023-03-15,9238
00772B,中信高評級公司債,36,0,36,凱基-士林,2023-03-15,9238
6282,康舒,33,2,31,凱基-士林,2023-03-15,9238
4931,新盛力,32,1,31,凱基-士林,2023-03-15,9238
2888,新光金,48,18,30,凱基-士林,2023-03-15,9238
3516,亞帝歐,25,0,25,凱基-士林,2023-03-15,9238
00878,國泰永續高股息,79,55,24,凱基-士林,2023-03-15,9238
00712,復華富時不動產,23,0,23,凱基-士林,2023-03-15,9238
2603,長榮,48,24,24,凱基-士林,2023-03-15,9238
2399,映泰,31,8,23,凱基-士林,2023-03-15,9238
2880,華南金,23,0,23,凱基-士林,2023-03-15,9238
2302,麗正,22,0,22,凱基-士林,2023-03-15,9238
6109,亞元,21,0,21,凱基-士林,2023-03-15,9238
2614,東森,20,0,20,凱基-士林,2023-03-15,9238
1721,三晃,20,0,20,凱基-士林,2023-03-15,9238
2105,正新,20,0,20,凱基-士林,2023-03-15,9238
2897,王道銀行,20,0,20,凱基-士林,2023-03-15,9238
4572,駐龍,20,0,20,凱基-士林,2023-03-15,9238
2887,台新金,18,0,18,凱基-士林,2023-03-15,9238
3434,哲固,16,0,16,凱基-士林,2023-03-15,9238
1316,上曜,15,0,15,凱基-士林,2023-03-15,9238
5381,合正,15,0,15,凱基-士林,2023-03-15,9238
6015,宏遠證,15,0,15,凱基-士林,2023-03-15,9238
2883,凱基金,15,0,15,凱基-士林,2023-03-15,9238
6235,華孚,13,0,13,凱基-士林,2023-03-15,9238
3176,基亞,13,0,13,凱基-士林,2023-03-15,9238
1301,台塑,12,0,12,凱基-士林,2023-03-15,9238
2617,台航,15,3,12,凱基-士林,2023-03-15,9238
1513,中興電,17,5,12,凱基-士林,2023-03-15,9238
1314,中石化,11,0,11,凱基-士林,2023-03-15,9238
5230,雷笛克光學,11,0,11,凱基-士林,2023-03-15,9238
8926,台汽電,11,0,11,凱基-士林,2023-03-15,9238
2889,國票金,29,18,11,凱基-士林,2023-03-15,9238
2371,大同,10,0,10,凱基-士林,2023-03-15,9238
00898,國泰基因免疫革命,10,0,10,凱基-士林,2023-03-15,9238
00671R,富邦NASDAQ反1,10,0,10,凱基-士林,2023-03-15,9238
6244,茂迪,13,3,10,凱基-士林,2023-03-15,9238
3138,耀登,17,8,9,凱基-士林,2023-03-15,9238
5512,力麒,9,0,9,凱基-士林,2023-03-15,9238
00679B,元大美債20年,8,0,8,凱基-士林,2023-03-15,9238
2881,富邦金,19,12,7,凱基-士林,2023-03-15,9238
00715L,期街口布蘭特正2,321,0,321,凱基-士林,2023-03-16,9238
3056,富華新,93,3,90,凱基-士林,2023-03-16,9238
00878,國泰永續高股息,102,24,78,凱基-士林,2023-03-16,9238
2891,中信金,64,0,64,凱基-士林,2023-03-16,9238
2603,長榮,74,12,62,凱基-士林,2023-03-16,9238
00642U,期元大S＆P石油,46,0,46,凱基-士林,2023-03-16,9238
2882,國泰金,47,5,42,凱基-士林,2023-03-16,9238
2542,興富發,61,20,41,凱基-士林,2023-03-16,9238
2867,三商壽,40,1,39,凱基-士林,2023-03-16,9238
2880,華南金,35,0,35,凱基-士林,2023-03-16,9238
1101,台泥,44,10,34,凱基-士林,2023-03-16,9238
00637L,元大滬深300正2,35,5,30,凱基-士林,2023-03-16,9238
2069,運錩,30,0,30,凱基-士林,2023-03-16,9238
6129,普誠,39,10,29,凱基-士林,2023-03-16,9238
1584,精剛,28,0,28,凱基-士林,2023-03-16,9238
8289,泰藝,26,0,26,凱基-士林,2023-03-16,9238
1711,永光,25,0,25,凱基-士林,2023-03-16,9238
1721,三晃,22,0,22,凱基-士林,2023-03-16,9238
00712,復華富時不動產,23,1,22,凱基-士林,2023-03-16,9238
1104,環泥,20,0,20,凱基-士林,2023-03-16,9238
2538,基泰,20,0,20,凱基-士林,2023-03-16,9238
5381,合正,20,0,20,凱基-士林,2023-03-16,9238
2618,長榮航,20,2,18,凱基-士林,2023-03-16,9238
6165,浪凡,18,0,18,凱基-士林,2023-03-16,9238
2884,玉山金,17,0,17,凱基-士林,2023-03-16,9238
2881,富邦金,17,1,16,凱基-士林,2023-03-16,9238
6282,康舒,17,1,16,凱基-士林,2023-03-16,9238
00713,元大台灣高息低波,22,7,15,凱基-士林,2023-03-16,9238
4931,新盛力,15,0,15,凱基-士林,2023-03-16,9238
6288,聯嘉,15,0,15,凱基-士林,2023-03-16,9238
6591,動力-KY,15,0,15,凱基-士林,2023-03-16,9238
8011,台通,15,0,15,凱基-士林,2023-03-16,9238
3162,精確,14,0,14,凱基-士林,2023-03-16,9238
5009,榮剛,14,0,14,凱基-士林,2023-03-16,9238
6550,北極星藥業-KY,25,11,14,凱基-士林,2023-03-16,9238
8105,凌巨,14,0,14,凱基-士林,2023-03-16,9238
2609,陽明,21,8,13,凱基-士林,2023-03-16,9238
2888,新光金,23,10,13,凱基-士林,2023-03-16,9238
2886,兆豐金,13,0,13,凱基-士林,2023-03-16,9238
2201,裕隆,29,17,12,凱基-士林,2023-03-16,9238
4155,訊映,13,1,12,凱基-士林,2023-03-16,9238
6109,亞元,12,0,12,凱基-士林,2023-03-16,9238
2399,映泰,14,3,11,凱基-士林,2023-03-16,9238
3062,建漢,26,15,11,凱基-士林,2023-03-16,9238
3673,TPK-KY,11,0,11,凱基-士林,2023-03-16,9238
6116,彩晶,12,1,11,凱基-士林,2023-03-16,9238
2027,大成鋼,10,0,10,凱基-士林,2023-03-16,9238
4916,事欣科,10,0,10,凱基-士林,2023-03-16,9238
1522,堤維西,10,0,10,凱基-士林,2023-03-16,9238
2313,華通,12,2,10,凱基-士林,2023-03-16,9238
2891,中信金,258,1,257,凱基-士林,2023-03-17,9238
00632R,元大台灣50反1,215,10,205,凱基-士林,2023-03-17,9238
00715L,期街口布蘭特正2,58,20,38,凱基-士林,2023-03-17,9238
1903,士紙,30,0,30,凱基-士林,2023-03-17,9238
3317,尼克森,30,0,30,凱基-士林,2023-03-17,9238
2880,華南金,23,0,23,凱基-士林,2023-03-17,9238
1101,台泥,20,0,20,凱基-士林,2023-03-17,9238
1102,亞泥,20,0,20,凱基-士林,2023-03-17,9238
2637,慧洋-KY,21,1,20,凱基-士林,2023-03-17,9238
6116,彩晶,20,0,20,凱基-士林,2023-03-17,9238
6205,詮欣,20,0,20,凱基-士林,2023-03-17,9238
2482,連宇,18,0,18,凱基-士林,2023-03-17,9238
6435,大中,16,0,16,凱基-士林,2023-03-17,9238
8261,富鼎,16,0,16,凱基-士林,2023-03-17,9238
2344,華邦電,15,0,15,凱基-士林,2023-03-17,9238
2438,翔耀,15,0,15,凱基-士林,2023-03-17,9238
5351,鈺創,15,0,15,凱基-士林,2023-03-17,9238
3479,安勤,14,0,14,凱基-士林,2023-03-17,9238
5203,訊連,19,5,14,凱基-士林,2023-03-17,9238
2883,凱基金,15,2,13,凱基-士林,2023-03-17,9238
1609,大亞,14,1,13,凱基-士林,2023-03-17,9238
3051,力特,13,0,13,凱基-士林,2023-03-17,9238
5299,杰力,13,0,13,凱基-士林,2023-03-17,9238
2455,全新,14,1,13,凱基-士林,2023-03-17,9238
2401,凌陽,14,2,12,凱基-士林,2023-03-17,9238
1319,東陽,11,0,11,凱基-士林,2023-03-17,9238
5515,建國,11,0,11,凱基-士林,2023-03-17,9238
3576,聯合再生,78,68,10,凱基-士林,2023-03-17,9238
2881,富邦金,23,13,10,凱基-士林,2023-03-17,9238
5483,中美晶,11,1,10,凱基-士林,2023-03-17,9238
1409,新纖,10,0,10,凱基-士林,2023-03-17,9238
2535,達欣工,10,0,10,凱基-士林,2023-03-17,9238
2548,華固,10,0,10,凱基-士林,2023-03-17,9238
2701,萬企,10,0,10,凱基-士林,2023-03-17,9238
2706,第一店,10,0,10,凱基-士林,2023-03-17,9238
2884,玉山金,10,0,10,凱基-士林,2023-03-17,9238
4979,華星光,20,10,10,凱基-士林,2023-03-17,9238
5009,榮剛,12,2,10,凱基-士林,2023-03-17,9238
5215,科嘉-KY,10,0,10,凱基-士林,2023-03-17,9238
6163,華電網,12,2,10,凱基-士林,2023-03-17,9238
5880,合庫金,9,0,9,凱基-士林,2023-03-17,9238
2890,永豐金,10,1,9,凱基-士林,2023-03-17,9238
3037,欣興,12,3,9,凱基-士林,2023-03-17,9238
3611,鼎翰,12,3,9,凱基-士林,2023-03-17,9238
1301,台塑,11,2,9,凱基-士林,2023-03-17,9238
2610,華航,11,3,8,凱基-士林,2023-03-17,9238
6719,力智,10,2,8,凱基-士林,2023-03-17,9238
1227,佳格,7,0,7,凱基-士林,2023-03-17,9238
1402,遠東新,7,0,7,凱基-士林,2023-03-17,9238
2313,華通,7,0,7,凱基-士林,2023-03-17,9238
1605,華新,256,26,230,凱基-士林,2023-03-20,9238
00715L,期街口布蘭特正2,198,20,178,凱基-士林,2023-03-20,9238
00637L,元大滬深300正2,192,52,140,凱基-士林,2023-03-20,9238
00885,富邦越南,93,5,88,凱基-士林,2023-03-20,9238
2888,新光金,57,0,57,凱基-士林,2023-03-20,9238
2103,台橡,42,0,42,凱基-士林,2023-03-20,9238
6290,良維,48,6,42,凱基-士林,2023-03-20,9238
3037,欣興,46,6,40,凱基-士林,2023-03-20,9238
2482,連宇,85,47,38,凱基-士林,2023-03-20,9238
00878,國泰永續高股息,42,5,37,凱基-士林,2023-03-20,9238
2636,台驊控股,36,0,36,凱基-士林,2023-03-20,9238
3711,日月光投控,35,0,35,凱基-士林,2023-03-20,9238
3027,盛達,34,0,34,凱基-士林,2023-03-20,9238
2882,國泰金,33,0,33,凱基-士林,2023-03-20,9238
2881,富邦金,31,1,30,凱基-士林,2023-03-20,9238
2481,強茂,37,13,24,凱基-士林,2023-03-20,9238
1308,亞聚,22,0,22,凱基-士林,2023-03-20,9238
00642U,期元大S＆P石油,21,0,21,凱基-士林,2023-03-20,9238
4979,華星光,23,2,21,凱基-士林,2023-03-20,9238
2603,長榮,24,4,20,凱基-士林,2023-03-20,9238
00632R,元大台灣50反1,20,2,18,凱基-士林,2023-03-20,9238
2891,中信金,18,0,18,凱基-士林,2023-03-20,9238
00882,中信中國高股息,17,0,17,凱基-士林,2023-03-20,9238
6788,華景電,16,0,16,凱基-士林,2023-03-20,9238
00712,復華富時不動產,15,0,15,凱基-士林,2023-03-20,9238
2880,華南金,15,0,15,凱基-士林,2023-03-20,9238
6442,光聖,15,1,14,凱基-士林,2023-03-20,9238
3675,德微,12,0,12,凱基-士林,2023-03-20,9238
8105,凌巨,12,0,12,凱基-士林,2023-03-20,9238
2359,所羅門,12,1,11,凱基-士林,2023-03-20,9238
5258,虹堡,10,0,10,凱基-士林,2023-03-20,9238
3078,僑威,10,0,10,凱基-士林,2023-03-20,9238
3520,華盈,10,0,10,凱基-士林,2023-03-20,9238
4580,捷流閥業,10,0,10,凱基-士林,2023-03-20,9238
6770,力積電,9,0,9,凱基-士林,2023-03-20,9238
00713,元大台灣高息低波,12,3,9,凱基-士林,2023-03-20,9238
9941,裕融,7,0,7,凱基-士林,2023-03-20,9238
006208,富邦台50,7,0,7,凱基-士林,2023-03-20,9238
3169,亞信,8,1,7,凱基-士林,2023-03-20,9238
2399,映泰,10,3,7,凱基-士林,2023-03-20,9238
3038,全台,11,4,7,凱基-士林,2023-03-20,9238
0050,元大台灣50,6,0,6,凱基-士林,2023-03-20,9238
2892,第一金,6,0,6,凱基-士林,2023-03-20,9238
2545,皇翔,6,0,6,凱基-士林,2023-03-20,9238
2637,慧洋-KY,6,0,6,凱基-士林,2023-03-20,9238
6510,精測,6,0,6,凱基-士林,2023-03-20,9238
8033,雷虎,11,5,6,凱基-士林,2023-03-20,9238
1210,大成,6,0,6,凱基-士林,2023-03-20,9238
3046,建��,14,8,6,凱基-士林,2023-03-20,9238
1711,永光,5,0,5,凱基-士林,2023-03-20,9238
1402,遠東新,257,0,257,凱基-士林,2023-03-21,9238
00885,富邦越南,77,0,77,凱基-士林,2023-03-21,9238
3322,建舜電,65,11,54,凱基-士林,2023-03-21,9238
2371,大同,51,1,50,凱基-士林,2023-03-21,9238
6233,旺玖,105,57,48,凱基-士林,2023-03-21,9238
5351,鈺創,40,0,40,凱基-士林,2023-03-21,9238
2436,偉詮電,37,0,37,凱基-士林,2023-03-21,9238
3481,群創,42,6,36,凱基-士林,2023-03-21,9238
2476,鉅祥,33,0,33,凱基-士林,2023-03-21,9238
2707,晶華,31,0,31,凱基-士林,2023-03-21,9238
8110,華東,30,0,30,凱基-士林,2023-03-21,9238
6806,森崴能源,28,3,25,凱基-士林,2023-03-21,9238
2382,廣達,25,1,24,凱基-士林,2023-03-21,9238
00712,復華富時不動產,21,0,21,凱基-士林,2023-03-21,9238
00878,國泰永續高股息,20,0,20,凱基-士林,2023-03-21,9238
9945,潤泰新,20,0,20,凱基-士林,2023-03-21,9238
6104,創惟,19,0,19,凱基-士林,2023-03-21,9238
2891,中信金,18,5,13,凱基-士林,2023-03-21,9238
00882,中信中國高股息,13,0,13,凱基-士林,2023-03-21,9238
1341,富林-KY,12,0,12,凱基-士林,2023-03-21,9238
1709,和益,12,0,12,凱基-士林,2023-03-21,9238
5009,榮剛,15,3,12,凱基-士林,2023-03-21,9238
1712,興農,11,0,11,凱基-士林,2023-03-21,9238
4934,太極,12,1,11,凱基-士林,2023-03-21,9238
2303,聯電,12,2,10,凱基-士林,2023-03-21,9238
1218,泰山,10,0,10,凱基-士林,2023-03-21,9238
00632R,元大台灣50反1,10,0,10,凱基-士林,2023-03-21,9238
2380,虹光,10,0,10,凱基-士林,2023-03-21,9238
6209,今國光,10,0,10,凱基-士林,2023-03-21,9238
6288,聯嘉,11,1,10,凱基-士林,2023-03-21,9238
6525,捷敏-KY,10,0,10,凱基-士林,2023-03-21,9238
6548,長科*,10,0,10,凱基-士林,2023-03-21,9238
8044,網家,10,0,10,凱基-士林,2023-03-21,9238
2457,飛宏,22,12,10,凱基-士林,2023-03-21,9238
2388,威盛,21,12,9,凱基-士林,2023-03-21,9238
2399,映泰,32,23,9,凱基-士林,2023-03-21,9238
2353,宏��,10,2,8,凱基-士林,2023-03-21,9238
2359,所羅門,8,1,7,凱基-士林,2023-03-21,9238
1609,大亞,8,1,7,凱基-士林,2023-03-21,9238
3217,優群,8,1,7,凱基-士林,2023-03-21,9238
6550,北極星藥業-KY,8,1,7,凱基-士林,2023-03-21,9238
00923,群益台ESG低碳50,6,0,6,凱基-士林,2023-03-21,9238
2443,昶虹,6,0,6,凱基-士林,2023-03-21,9238
4958,臻鼎-KY,6,0,6,凱基-士林,2023-03-21,9238
6191,精成科,13,7,6,凱基-士林,2023-03-21,9238
6533,晶心科,8,2,6,凱基-士林,2023-03-21,9238
4976,佳凌,22,16,6,凱基-士林,2023-03-21,9238
6163,華電網,9,3,6,凱基-士林,2023-03-21,9238
00673R,期元大S＆P原油反1,15,10,5,凱基-士林,2023-03-21,9238
2352,佳世達,5,0,5,凱基-士林,2023-03-21,9238
3062,建漢,150,0,150,凱基-士林,2023-03-22,9238
00632R,元大台灣50反1,142,47,95,凱基-士林,2023-03-22,9238
9945,潤泰新,56,2,54,凱基-士林,2023-03-22,9238
1314,中石化,50,5,45,凱基-士林,2023-03-22,9238
3434,哲固,45,0,45,凱基-士林,2023-03-22,9238
00830,國泰費城半導體,41,0,41,凱基-士林,2023-03-22,9238
6185,幃翔,35,0,35,凱基-士林,2023-03-22,9238
00673R,期元大S＆P原油反1,32,0,32,凱基-士林,2023-03-22,9238
3059,華晶科,43,12,31,凱基-士林,2023-03-22,9238
2457,飛宏,44,22,22,凱基-士林,2023-03-22,9238
8289,泰藝,22,1,21,凱基-士林,2023-03-22,9238
00878,國泰永續高股息,26,7,19,凱基-士林,2023-03-22,9238
3481,群創,18,0,18,凱基-士林,2023-03-22,9238
1305,華夏,15,0,15,凱基-士林,2023-03-22,9238
2453,凌群,31,17,14,凱基-士林,2023-03-22,9238
2882,國泰金,26,13,13,凱基-士林,2023-03-22,9238
3217,優群,12,0,12,凱基-士林,2023-03-22,9238
00712,復華富時不動產,12,0,12,凱基-士林,2023-03-22,9238
2401,凌陽,22,10,12,凱基-士林,2023-03-22,9238
1535,中宇,11,0,11,凱基-士林,2023-03-22,9238
6443,元晶,11,0,11,凱基-士林,2023-03-22,9238
1531,高林股,10,0,10,凱基-士林,2023-03-22,9238
1752,南光,10,0,10,凱基-士林,2023-03-22,9238
2017,官田鋼,10,0,10,凱基-士林,2023-03-22,9238
2427,三商電,21,11,10,凱基-士林,2023-03-22,9238
5512,力麒,12,2,10,凱基-士林,2023-03-22,9238
6174,安��,10,0,10,凱基-士林,2023-03-22,9238
6190,萬泰科,10,0,10,凱基-士林,2023-03-22,9238
6191,精成科,10,0,10,凱基-士林,2023-03-22,9238
6788,華景電,12,2,10,凱基-士林,2023-03-22,9238
8011,台通,10,0,10,凱基-士林,2023-03-22,9238
5258,虹堡,9,0,9,凱基-士林,2023-03-22,9238
3022,威強電,10,1,9,凱基-士林,2023-03-22,9238
6139,亞翔,16,7,9,凱基-士林,2023-03-22,9238
6182,合晶,13,4,9,凱基-士林,2023-03-22,9238
00679B,元大美債20年,8,0,8,凱基-士林,2023-03-22,9238
6290,良維,140,132,8,凱基-士林,2023-03-22,9238
3264,欣銓,8,0,8,凱基-士林,2023-03-22,9238
4906,正文,10,2,8,凱基-士林,2023-03-22,9238
4952,凌通,8,0,8,凱基-士林,2023-03-22,9238
6163,華電網,41,33,8,凱基-士林,2023-03-22,9238
1611,中電,7,0,7,凱基-士林,2023-03-22,9238
2302,麗正,7,0,7,凱基-士林,2023-03-22,9238
3207,耀勝,64,57,7,凱基-士林,2023-03-22,9238
5515,建國,7,0,7,凱基-士林,2023-03-22,9238
2344,華邦電,8,1,7,凱基-士林,2023-03-22,9238
2606,裕民,6,0,6,凱基-士林,2023-03-22,9238
00637L,元大滬深300正2,6,0,6,凱基-士林,2023-03-22,9238
1584,精剛,7,1,6,凱基-士林,2023-03-22,9238
2443,昶虹,6,0,6,凱基-士林,2023-03-22,9238
2542,興富發,149,0,149,凱基-士林,2023-03-23,9238
2515,中工,110,0,110,凱基-士林,2023-03-23,9238
2888,新光金,100,3,97,凱基-士林,2023-03-23,9238
3221,台嘉碩,93,38,55,凱基-士林,2023-03-23,9238
3294,英濟,50,0,50,凱基-士林,2023-03-23,9238
3481,群創,47,1,46,凱基-士林,2023-03-23,9238
5425,台半,48,3,45,凱基-士林,2023-03-23,9238
8105,凌巨,40,4,36,凱基-士林,2023-03-23,9238
2476,鉅祥,36,5,31,凱基-士林,2023-03-23,9238
6160,欣技,34,8,26,凱基-士林,2023-03-23,9238
1101,台泥,25,1,24,凱基-士林,2023-03-23,9238
2069,運錩,23,0,23,凱基-士林,2023-03-23,9238
3059,華晶科,22,0,22,凱基-士林,2023-03-23,9238
2399,映泰,22,1,21,凱基-士林,2023-03-23,9238
3653,健策,39,18,21,凱基-士林,2023-03-23,9238
2402,毅嘉,46,26,20,凱基-士林,2023-03-23,9238
1304,台聚,20,0,20,凱基-士林,2023-03-23,9238
3047,訊舟,20,0,20,凱基-士林,2023-03-23,9238
3322,建舜電,23,3,20,凱基-士林,2023-03-23,9238
5876,上海商銀,20,0,20,凱基-士林,2023-03-23,9238
2101,南港,19,0,19,凱基-士林,2023-03-23,9238
3434,哲固,15,0,15,凱基-士林,2023-03-23,9238
5309,系統電,15,0,15,凱基-士林,2023-03-23,9238
8996,高力,94,81,13,凱基-士林,2023-03-23,9238
00664R,國泰臺灣加權反1,13,0,13,凱基-士林,2023-03-23,9238
2313,華通,16,3,13,凱基-士林,2023-03-23,9238
1711,永光,13,0,13,凱基-士林,2023-03-23,9238
00720B,元大投資級公司債,12,0,12,凱基-士林,2023-03-23,9238
00885,富邦越南,12,0,12,凱基-士林,2023-03-23,9238
5289,宜鼎,14,2,12,凱基-士林,2023-03-23,9238
1609,大亞,11,0,11,凱基-士林,2023-03-23,9238
4770,上品,13,2,11,凱基-士林,2023-03-23,9238
6282,康舒,12,1,11,凱基-士林,2023-03-23,9238
1524,耿鼎,18,8,10,凱基-士林,2023-03-23,9238
1810,和成,10,0,10,凱基-士林,2023-03-23,9238
2374,佳能,10,0,10,凱基-士林,2023-03-23,9238
2401,凌陽,11,1,10,凱基-士林,2023-03-23,9238
3013,晟銘電,10,0,10,凱基-士林,2023-03-23,9238
3310,佳穎,10,0,10,凱基-士林,2023-03-23,9238
3447,展達,10,0,10,凱基-士林,2023-03-23,9238
5243,乙盛-KY,11,1,10,凱基-士林,2023-03-23,9238
6185,幃翔,10,0,10,凱基-士林,2023-03-23,9238
2303,聯電,24,14,10,凱基-士林,2023-03-23,9238
00751B,元大AAA至A公司債,9,0,9,凱基-士林,2023-03-23,9238
2201,裕隆,18,9,9,凱基-士林,2023-03-23,9238
6719,力智,9,0,9,凱基-士林,2023-03-23,9238
8171,天宇,15,6,9,凱基-士林,2023-03-23,9238
3479,安勤,12,3,9,凱基-士林,2023-03-23,9238
6116,彩晶,10,1,9,凱基-士林,2023-03-23,9238
6576,逸達,12,3,9,凱基-士林,2023-03-23,9238
00632R,元大台灣50反1,1034,82,952,凱基-士林,2023-03-24,9238
2542,興富發,297,1,296,凱基-士林,2023-03-24,9238
3025,星通,108,3,105,凱基-士林,2023-03-24,9238
4977,眾達-KY,51,0,51,凱基-士林,2023-03-24,9238
2388,威盛,62,16,46,凱基-士林,2023-03-24,9238
8926,台汽電,46,4,42,凱基-士林,2023-03-24,9238
3434,哲固,40,0,40,凱基-士林,2023-03-24,9238
00712,復華富時不動產,30,0,30,凱基-士林,2023-03-24,9238
3013,晟銘電,75,45,30,凱基-士林,2023-03-24,9238
6698,旭暉應材,30,0,30,凱基-士林,2023-03-24,9238
2367,燿華,27,1,26,凱基-士林,2023-03-24,9238
8234,新漢,40,15,25,凱基-士林,2023-03-24,9238
3362,先進光,24,0,24,凱基-士林,2023-03-24,9238
2603,長榮,24,0,24,凱基-士林,2023-03-24,9238
6138,茂達,21,0,21,凱基-士林,2023-03-24,9238
6494,九齊,20,0,20,凱基-士林,2023-03-24,9238
3406,玉晶光,24,5,19,凱基-士林,2023-03-24,9238
6134,萬旭,45,26,19,凱基-士林,2023-03-24,9238
2069,運錩,15,0,15,凱基-士林,2023-03-24,9238
1529,樂事綠能,13,0,13,凱基-士林,2023-03-24,9238
2002,中鋼,13,0,13,凱基-士林,2023-03-24,9238
5351,鈺創,13,0,13,凱基-士林,2023-03-24,9238
2303,聯電,12,0,12,凱基-士林,2023-03-24,9238
3501,維熹,12,0,12,凱基-士林,2023-03-24,9238
00720B,元大投資級公司債,11,0,11,凱基-士林,2023-03-24,9238
1609,大亞,48,37,11,凱基-士林,2023-03-24,9238
2401,凌陽,11,0,11,凱基-士林,2023-03-24,9238
3050,鈺德,11,0,11,凱基-士林,2023-03-24,9238
6231,系微,11,0,11,凱基-士林,2023-03-24,9238
6443,元晶,33,22,11,凱基-士林,2023-03-24,9238
2882,國泰金,16,6,10,凱基-士林,2023-03-24,9238
9904,寶成,10,0,10,凱基-士林,2023-03-24,9238
1531,高林股,10,0,10,凱基-士林,2023-03-24,9238
2390,云辰,10,0,10,凱基-士林,2023-03-24,9238
2489,瑞軒,10,0,10,凱基-士林,2023-03-24,9238
3169,亞信,10,0,10,凱基-士林,2023-03-24,9238
3447,展達,10,0,10,凱基-士林,2023-03-24,9238
6182,合晶,12,3,9,凱基-士林,2023-03-24,9238
9962,有益,9,0,9,凱基-士林,2023-03-24,9238
2344,華邦電,12,4,8,凱基-士林,2023-03-24,9238
1319,東陽,12,4,8,凱基-士林,2023-03-24,9238
2453,凌群,9,1,8,凱基-士林,2023-03-24,9238
2605,新興,10,2,8,凱基-士林,2023-03-24,9238
5450,南良,8,0,8,凱基-士林,2023-03-24,9238
6706,惠特,10,2,8,凱基-士林,2023-03-24,9238
3037,欣興,30,22,8,凱基-士林,2023-03-24,9238
2618,長榮航,7,0,7,凱基-士林,2023-03-24,9238
3062,建漢,8,1,7,凱基-士林,2023-03-24,9238
3217,優群,10,3,7,凱基-士林,2023-03-24,9238
6202,盛群,7,0,7,凱基-士林,2023-03-24,9238
2208,台船,190,8,182,凱基-士林,2023-03-27,9238
2344,華邦電,100,5,95,凱基-士林,2023-03-27,9238
2486,一詮,58,0,58,凱基-士林,2023-03-27,9238
00882,中信中國高股息,51,0,51,凱基-士林,2023-03-27,9238
6142,友勁,50,0,50,凱基-士林,2023-03-27,9238
1402,遠東新,45,1,44,凱基-士林,2023-03-27,9238
1101,台泥,54,13,41,凱基-士林,2023-03-27,9238
00715L,期街口布蘭特正2,39,0,39,凱基-士林,2023-03-27,9238
2413,環科,50,12,38,凱基-士林,2023-03-27,9238
2201,裕隆,35,0,35,凱基-士林,2023-03-27,9238
3715,定穎投控,37,3,34,凱基-士林,2023-03-27,9238
6116,彩晶,33,0,33,凱基-士林,2023-03-27,9238
2421,建準,28,3,25,凱基-士林,2023-03-27,9238
6288,聯嘉,24,3,21,凱基-士林,2023-03-27,9238
1531,高林股,20,0,20,凱基-士林,2023-03-27,9238
3025,星通,25,5,20,凱基-士林,2023-03-27,9238
3447,展達,20,0,20,凱基-士林,2023-03-27,9238
5701,劍湖山,20,0,20,凱基-士林,2023-03-27,9238
6416,瑞祺電通,20,0,20,凱基-士林,2023-03-27,9238
3017,奇鋐,30,11,19,凱基-士林,2023-03-27,9238
3664,安瑞-KY,20,1,19,凱基-士林,2023-03-27,9238
1605,華新,30,14,16,凱基-士林,2023-03-27,9238
3059,華晶科,17,1,16,凱基-士林,2023-03-27,9238
2399,映泰,15,0,15,凱基-士林,2023-03-27,9238
2340,台亞,75,61,14,凱基-士林,2023-03-27,9238
3703,欣陸,12,0,12,凱基-士林,2023-03-27,9238
8222,寶一,56,44,12,凱基-士林,2023-03-27,9238
2404,漢唐,15,4,11,凱基-士林,2023-03-27,9238
6226,光鼎,31,20,11,凱基-士林,2023-03-27,9238
2707,晶華,10,0,10,凱基-士林,2023-03-27,9238
3434,哲固,10,0,10,凱基-士林,2023-03-27,9238
6525,捷敏-KY,10,0,10,凱基-士林,2023-03-27,9238
6767,台微醫,10,0,10,凱基-士林,2023-03-27,9238
2641,正德,10,1,9,凱基-士林,2023-03-27,9238
2881,富邦金,10,1,9,凱基-士林,2023-03-27,9238
4129A,聯合甲特,9,0,9,凱基-士林,2023-03-27,9238
3491,昇達科,10,2,8,凱基-士林,2023-03-27,9238
6485,點序,8,0,8,凱基-士林,2023-03-27,9238
3714,富采,9,2,7,凱基-士林,2023-03-27,9238
00922,國泰台灣領袖50,27,20,7,凱基-士林,2023-03-27,9238
00642U,期元大S＆P石油,10,3,7,凱基-士林,2023-03-27,9238
1513,中興電,7,0,7,凱基-士林,2023-03-27,9238
1795,美時,7,0,7,凱基-士林,2023-03-27,9238
2888,新光金,9,2,7,凱基-士林,2023-03-27,9238
4530,宏易,7,0,7,凱基-士林,2023-03-27,9238
5512,力麒,11,4,7,凱基-士林,2023-03-27,9238
2330,台積電,7,0,7,凱基-士林,2023-03-27,9238
3576,聯合再生,7,1,6,凱基-士林,2023-03-27,9238
1524,耿鼎,15,9,6,凱基-士林,2023-03-27,9238
4746,台耀,6,0,6,凱基-士林,2023-03-27,9238
00923,群益台ESG低碳50,206,0,206,凱基-士林,2023-03-28,9238
2444,兆勁,120,0,120,凱基-士林,2023-03-28,9238
2342,茂矽,159,78,81,凱基-士林,2023-03-28,9238
1101,台泥,47,0,47,凱基-士林,2023-03-28,9238
00878,國泰永續高股息,46,1,45,凱基-士林,2023-03-28,9238
2401,凌陽,40,2,38,凱基-士林,2023-03-28,9238
6142,友勁,35,0,35,凱基-士林,2023-03-28,9238
2328,廣宇,31,0,31,凱基-士林,2023-03-28,9238
5309,系統電,31,0,31,凱基-士林,2023-03-28,9238
1108,幸福,30,0,30,凱基-士林,2023-03-28,9238
3059,華晶科,30,0,30,凱基-士林,2023-03-28,9238
8255,朋程,46,19,27,凱基-士林,2023-03-28,9238
4916,事欣科,26,0,26,凱基-士林,2023-03-28,9238
2303,聯電,29,5,24,凱基-士林,2023-03-28,9238
1524,耿鼎,35,11,24,凱基-士林,2023-03-28,9238
3715,定穎投控,75,51,24,凱基-士林,2023-03-28,9238
3149,正達,23,0,23,凱基-士林,2023-03-28,9238
6282,康舒,23,0,23,凱基-士林,2023-03-28,9238
2413,環科,30,8,22,凱基-士林,2023-03-28,9238
3707,漢磊,31,10,21,凱基-士林,2023-03-28,9238
2337,旺宏,20,0,20,凱基-士林,2023-03-28,9238
6116,彩晶,50,30,20,凱基-士林,2023-03-28,9238
4904,遠傳,21,1,20,凱基-士林,2023-03-28,9238
00922,國泰台灣領袖50,18,0,18,凱基-士林,2023-03-28,9238
2481,強茂,27,11,16,凱基-士林,2023-03-28,9238
3479,安勤,16,0,16,凱基-士林,2023-03-28,9238
00679B,元大美債20年,17,1,16,凱基-士林,2023-03-28,9238
2634,漢翔,24,9,15,凱基-士林,2023-03-28,9238
3037,欣興,22,7,15,凱基-士林,2023-03-28,9238
2455,全新,14,0,14,凱基-士林,2023-03-28,9238
2495,普安,13,0,13,凱基-士林,2023-03-28,9238
2340,台亞,15,2,13,凱基-士林,2023-03-28,9238
0056,元大高股息,17,4,13,凱基-士林,2023-03-28,9238
2498,宏達電,12,0,12,凱基-士林,2023-03-28,9238
2371,大同,13,1,12,凱基-士林,2023-03-28,9238
3231,緯創,21,9,12,凱基-士林,2023-03-28,9238
3703,欣陸,12,0,12,凱基-士林,2023-03-28,9238
6168,宏齊,16,4,12,凱基-士林,2023-03-28,9238
00900,富邦特選高股息30,11,0,11,凱基-士林,2023-03-28,9238
3189,景碩,11,0,11,凱基-士林,2023-03-28,9238
5289,宜鼎,12,1,11,凱基-士林,2023-03-28,9238
8033,雷虎,12,1,11,凱基-士林,2023-03-28,9238
9945,潤泰新,11,0,11,凱基-士林,2023-03-28,9238
00882,中信中國高股息,10,0,10,凱基-士林,2023-03-28,9238
1609,大亞,12,2,10,凱基-士林,2023-03-28,9238
1709,和益,10,0,10,凱基-士林,2023-03-28,9238
1752,南光,10,0,10,凱基-士林,2023-03-28,9238
2427,三商電,23,13,10,凱基-士林,2023-03-28,9238
3042,晶技,11,1,10,凱基-士林,2023-03-28,9238
6770,力積電,14,4,10,凱基-士林,2023-03-28,9238
8289,泰藝,88,8,80,凱基-士林,2023-03-29,9238
3715,定穎投控,90,23,67,凱基-士林,2023-03-29,9238
3356,奇偶,47,0,47,凱基-士林,2023-03-29,9238
2401,凌陽,31,0,31,凱基-士林,2023-03-29,9238
2701,萬企,29,0,29,凱基-士林,2023-03-29,9238
1618,合機,33,6,27,凱基-士林,2023-03-29,9238
2734,易飛網,27,3,24,凱基-士林,2023-03-29,9238
2317,鴻海,23,0,23,凱基-士林,2023-03-29,9238
8249,菱光,27,6,21,凱基-士林,2023-03-29,9238
1108,幸福,20,0,20,凱基-士林,2023-03-29,9238
4916,事欣科,20,1,19,凱基-士林,2023-03-29,9238
5309,系統電,15,0,15,凱基-士林,2023-03-29,9238
6180,橘子,15,0,15,凱基-士林,2023-03-29,9238
6235,華孚,15,0,15,凱基-士林,2023-03-29,9238
00673R,期元大S＆P原油反1,14,0,14,凱基-士林,2023-03-29,9238
3025,星通,14,0,14,凱基-士林,2023-03-29,9238
8105,凌巨,14,0,14,凱基-士林,2023-03-29,9238
2201,裕隆,13,0,13,凱基-士林,2023-03-29,9238
2498,宏達電,12,0,12,凱基-士林,2023-03-29,9238
3017,奇鋐,28,17,11,凱基-士林,2023-03-29,9238
5905,南仁湖,11,0,11,凱基-士林,2023-03-29,9238
3338,泰碩,11,0,11,凱基-士林,2023-03-29,9238
00903,富邦元宇宙,10,0,10,凱基-士林,2023-03-29,9238
1531,高林股,10,0,10,凱基-士林,2023-03-29,9238
2032,新鋼,10,0,10,凱基-士林,2023-03-29,9238
2340,台亞,19,9,10,凱基-士林,2023-03-29,9238
3594,磐儀,10,0,10,凱基-士林,2023-03-29,9238
5258,虹堡,16,7,9,凱基-士林,2023-03-29,9238
1101,台泥,11,2,9,凱基-士林,2023-03-29,9238
2331,精英,9,0,9,凱基-士林,2023-03-29,9238
3231,緯創,48,39,9,凱基-士林,2023-03-29,9238
3558,神準,10,1,9,凱基-士林,2023-03-29,9238
00753L,中信中國50正2,10,2,8,凱基-士林,2023-03-29,9238
2329,華泰,21,13,8,凱基-士林,2023-03-29,9238
3059,華晶科,10,2,8,凱基-士林,2023-03-29,9238
2867,三商壽,9,1,8,凱基-士林,2023-03-29,9238
00679B,元大美債20年,7,0,7,凱基-士林,2023-03-29,9238
1762,中化生,9,2,7,凱基-士林,2023-03-29,9238
6525,捷敏-KY,7,0,7,凱基-士林,2023-03-29,9238
7402,邑錡,10,3,7,凱基-士林,2023-03-29,9238
00922,國泰台灣領袖50,6,0,6,凱基-士林,2023-03-29,9238
6531,愛普*,10,4,6,凱基-士林,2023-03-29,9238
2101,南港,6,0,6,凱基-士林,2023-03-29,9238
2609,陽明,7,1,6,凱基-士林,2023-03-29,9238
2706,第一店,6,0,6,凱基-士林,2023-03-29,9238
3038,全台,6,0,6,凱基-士林,2023-03-29,9238
3105,穩懋,14,8,6,凱基-士林,2023-03-29,9238
3260,威剛,6,0,6,凱基-士林,2023-03-29,9238
6182,合晶,6,0,6,凱基-士林,2023-03-29,9238
6257,矽格,6,0,6,凱基-士林,2023-03-29,9238
1609,大亞,258,4,254,凱基-士林,2023-03-30,9238
2610,華航,118,0,118,凱基-士林,2023-03-30,9238
00715L,期街口布蘭特正2,110,0,110,凱基-士林,2023-03-30,9238
4971,IET-KY,59,0,59,凱基-士林,2023-03-30,9238
1712,興農,42,0,42,凱基-士林,2023-03-30,9238
4977,眾達-KY,44,7,37,凱基-士林,2023-03-30,9238
1101,台泥,36,0,36,凱基-士林,2023-03-30,9238
8249,菱光,25,0,25,凱基-士林,2023-03-30,9238
00631L,元大台灣50正2,30,6,24,凱基-士林,2023-03-30,9238
2889,國票金,23,0,23,凱基-士林,2023-03-30,9238
5475,德宏,20,0,20,凱基-士林,2023-03-30,9238
6443,元晶,24,4,20,凱基-士林,2023-03-30,9238
6485,點序,21,1,20,凱基-士林,2023-03-30,9238
6509,聚和,20,0,20,凱基-士林,2023-03-30,9238
6770,力積電,17,0,17,凱基-士林,2023-03-30,9238
00679B,元大美債20年,16,0,16,凱基-士林,2023-03-30,9238
2342,茂矽,17,2,15,凱基-士林,2023-03-30,9238
3711,日月光投控,15,1,14,凱基-士林,2023-03-30,9238
2888,新光金,12,0,12,凱基-士林,2023-03-30,9238
2882,國泰金,12,1,11,凱基-士林,2023-03-30,9238
1752,南光,11,0,11,凱基-士林,2023-03-30,9238
2637,慧洋-KY,11,0,11,凱基-士林,2023-03-30,9238
2009,第一銅,10,0,10,凱基-士林,2023-03-30,9238
2607,榮運,10,0,10,凱基-士林,2023-03-30,9238
5483,中美晶,10,1,9,凱基-士林,2023-03-30,9238
6244,茂迪,14,5,9,凱基-士林,2023-03-30,9238
8996,高力,10,1,9,凱基-士林,2023-03-30,9238
1795,美時,14,6,8,凱基-士林,2023-03-30,9238
3518,柏騰,12,4,8,凱基-士林,2023-03-30,9238
0056,元大高股息,9,1,8,凱基-士林,2023-03-30,9238
00882,中信中國高股息,11,3,8,凱基-士林,2023-03-30,9238
2484,希華,10,2,8,凱基-士林,2023-03-30,9238
6470,宇智,14,6,8,凱基-士林,2023-03-30,9238
6753,龍德造船,7,0,7,凱基-士林,2023-03-30,9238
2328,廣宇,12,5,7,凱基-士林,2023-03-30,9238
2867,三商壽,7,0,7,凱基-士林,2023-03-30,9238
5243,乙盛-KY,7,0,7,凱基-士林,2023-03-30,9238
5425,台半,8,1,7,凱基-士林,2023-03-30,9238
6180,橘子,7,0,7,凱基-士林,2023-03-30,9238
2399,映泰,6,0,6,凱基-士林,2023-03-30,9238
2427,三商電,16,10,6,凱基-士林,2023-03-30,9238
2641,正德,6,0,6,凱基-士林,2023-03-30,9238
4904,遠傳,6,0,6,凱基-士林,2023-03-30,9238
4979,華星光,13,7,6,凱基-士林,2023-03-30,9238
7402,邑錡,6,0,6,凱基-士林,2023-03-30,9238
00923,群益台ESG低碳50,6,0,6,凱基-士林,2023-03-30,9238
2534,宏盛,5,0,5,凱基-士林,2023-03-30,9238
00632R,元大台灣50反1,5,0,5,凱基-士林,2023-03-30,9238
1605,華新,20,15,5,凱基-士林,2023-03-30,9238
2030,彰源,5,0,5,凱基-士林,2023-03-30,9238
2302,麗正,83,1,82,凱基-士林,2023-03-31,9238
1609,大亞,68,1,67,凱基-士林,2023-03-31,9238
2515,中工,102,45,57,凱基-士林,2023-03-31,9238
3714,富采,52,10,42,凱基-士林,2023-03-31,9238
1710,東聯,42,0,42,凱基-士林,2023-03-31,9238
2457,飛宏,51,18,33,凱基-士林,2023-03-31,9238
4744,皇將,32,0,32,凱基-士林,2023-03-31,9238
6416,瑞祺電通,31,1,30,凱基-士林,2023-03-31,9238
5213,亞昕,20,0,20,凱基-士林,2023-03-31,9238
5608,四維航,22,2,20,凱基-士林,2023-03-31,9238
5351,鈺創,39,21,18,凱基-士林,2023-03-31,9238
1712,興農,19,3,16,凱基-士林,2023-03-31,9238
6411,晶焱,14,0,14,凱基-士林,2023-03-31,9238
2607,榮運,12,0,12,凱基-士林,2023-03-31,9238
5475,德宏,12,0,12,凱基-士林,2023-03-31,9238
2317,鴻海,12,1,11,凱基-士林,2023-03-31,9238
3037,欣興,15,4,11,凱基-士林,2023-03-31,9238
6770,力積電,10,0,10,凱基-士林,2023-03-31,9238
4958,臻鼎-KY,10,0,10,凱基-士林,2023-03-31,9238
2367,燿華,10,0,10,凱基-士林,2023-03-31,9238
3221,台嘉碩,10,0,10,凱基-士林,2023-03-31,9238
4128,中天,10,0,10,凱基-士林,2023-03-31,9238
4956,光鋐,10,0,10,凱基-士林,2023-03-31,9238
3443,創意,32,22,10,凱基-士林,2023-03-31,9238
2482,連宇,64,55,9,凱基-士林,2023-03-31,9238
1531,高林股,9,0,9,凱基-士林,2023-03-31,9238
1611,中電,18,9,9,凱基-士林,2023-03-31,9238
6443,元晶,11,2,9,凱基-士林,2023-03-31,9238
8466,美吉吉-KY,8,0,8,凱基-士林,2023-03-31,9238
2228,劍麟,7,0,7,凱基-士林,2023-03-31,9238
6259,百徽,7,0,7,凱基-士林,2023-03-31,9238
3035,智原,11,4,7,凱基-士林,2023-03-31,9238
00673R,期元大S＆P原油反1,6,0,6,凱基-士林,2023-03-31,9238
0061,元大寶滬深,6,0,6,凱基-士林,2023-03-31,9238
2453,凌群,7,1,6,凱基-士林,2023-03-31,9238
2753,八方雲集,6,0,6,凱基-士林,2023-03-31,9238
4953,緯軟,6,0,6,凱基-士林,2023-03-31,9238
8499,鼎炫-KY,6,0,6,凱基-士林,2023-03-31,9238
9955,佳龍,6,0,6,凱基-士林,2023-03-31,9238
2882,國泰金,8,2,6,凱基-士林,2023-03-31,9238
1605,華新,44,39,5,凱基-士林,2023-03-31,9238
2374,佳能,5,0,5,凱基-士林,2023-03-31,9238
3005,神基,5,0,5,凱基-士林,2023-03-31,9238
3011,今皓,5,0,5,凱基-士林,2023-03-31,9238
3362,先進光,6,1,5,凱基-士林,2023-03-31,9238
3508,位速,5,0,5,凱基-士林,2023-03-31,9238
3686,達能,5,0,5,凱基-士林,2023-03-31,9238
4557,永新-KY,5,0,5,凱基-士林,2023-03-31,9238
5284,jpp-KY,5,0,5,凱基-士林,2023-03-31,9238
6147,頎邦,5,0,5,凱基-士林,2023-03-31,9238
6116,彩晶,113,0,113,凱基-士林,2023-04-06,9238
2618,長榮航,106,0,106,凱基-士林,2023-04-06,9238
00673R,期元大S＆P原油反1,86,10,76,凱基-士林,2023-04-06,9238
2208,台船,146,70,76,凱基-士林,2023-04-06,9238
00922,國泰台灣領袖50,85,19,66,凱基-士林,2023-04-06,9238
2867,三商壽,59,5,54,凱基-士林,2023-04-06,9238
6235,華孚,52,8,44,凱基-士林,2023-04-06,9238
2344,華邦電,35,5,30,凱基-士林,2023-04-06,9238
1710,東聯,30,3,27,凱基-士林,2023-04-06,9238
2017,官田鋼,26,0,26,凱基-士林,2023-04-06,9238
8409,商之器,24,0,24,凱基-士林,2023-04-06,9238
8150,南茂,45,22,23,凱基-士林,2023-04-06,9238
2603,長榮,29,6,23,凱基-士林,2023-04-06,9238
6443,元晶,43,22,21,凱基-士林,2023-04-06,9238
5475,德宏,20,0,20,凱基-士林,2023-04-06,9238
6244,茂迪,20,0,20,凱基-士林,2023-04-06,9238
2107,厚生,20,0,20,凱基-士林,2023-04-06,9238
2317,鴻海,21,1,20,凱基-士林,2023-04-06,9238
8069,元太,19,0,19,凱基-士林,2023-04-06,9238
2337,旺宏,17,0,17,凱基-士林,2023-04-06,9238
1218,泰山,21,5,16,凱基-士林,2023-04-06,9238
8088,品安,17,1,16,凱基-士林,2023-04-06,9238
2328,廣宇,16,0,16,凱基-士林,2023-04-06,9238
2610,華航,19,3,16,凱基-士林,2023-04-06,9238
4744,皇將,16,2,14,凱基-士林,2023-04-06,9238
6477,安集,16,3,13,凱基-士林,2023-04-06,9238
2634,漢翔,12,0,12,凱基-士林,2023-04-06,9238
2637,慧洋-KY,17,5,12,凱基-士林,2023-04-06,9238
8466,美吉吉-KY,12,0,12,凱基-士林,2023-04-06,9238
00712,復華富時不動產,11,0,11,凱基-士林,2023-04-06,9238
00637L,元大滬深300正2,16,5,11,凱基-士林,2023-04-06,9238
5222,全訊,10,0,10,凱基-士林,2023-04-06,9238
2889,國票金,10,0,10,凱基-士林,2023-04-06,9238
8271,宇瞻,14,4,10,凱基-士林,2023-04-06,9238
8996,高力,10,0,10,凱基-士林,2023-04-06,9238
6770,力積電,10,1,9,凱基-士林,2023-04-06,9238
2233,宇隆,12,3,9,凱基-士林,2023-04-06,9238
4931,新盛力,10,1,9,凱基-士林,2023-04-06,9238
6576,逸達,10,1,9,凱基-士林,2023-04-06,9238
1101,台泥,9,0,9,凱基-士林,2023-04-06,9238
00631L,元大台灣50正2,8,0,8,凱基-士林,2023-04-06,9238
2338,光罩,9,1,8,凱基-士林,2023-04-06,9238
2427,三商電,15,7,8,凱基-士林,2023-04-06,9238
2609,陽明,8,0,8,凱基-士林,2023-04-06,9238
3322,建舜電,8,0,8,凱基-士林,2023-04-06,9238
6205,詮欣,8,0,8,凱基-士林,2023-04-06,9238
1517,利奇,7,0,7,凱基-士林,2023-04-06,9238
3059,華晶科,7,0,7,凱基-士林,2023-04-06,9238
3447,展達,7,0,7,凱基-士林,2023-04-06,9238
6531,愛普*,7,0,7,凱基-士林,2023-04-06,9238
2634,漢翔,210,1,209,凱基-士林,2023-04-07,9238
8409,商之器,142,24,118,凱基-士林,2023-04-07,9238
2867,三商壽,38,0,38,凱基-士林,2023-04-07,9238
1710,東聯,30,0,30,凱基-士林,2023-04-07,9238
2476,鉅祥,27,1,26,凱基-士林,2023-04-07,9238
6235,華孚,33,8,25,凱基-士林,2023-04-07,9238
1305,華夏,39,15,24,凱基-士林,2023-04-07,9238
2482,連宇,25,2,23,凱基-士林,2023-04-07,9238
8069,元太,25,2,23,凱基-士林,2023-04-07,9238
2485,兆赫,20,0,20,凱基-士林,2023-04-07,9238
5701,劍湖山,20,0,20,凱基-士林,2023-04-07,9238
6435,大中,20,0,20,凱基-士林,2023-04-07,9238
8028,昇陽半導體,32,12,20,凱基-士林,2023-04-07,9238
3056,富華新,19,1,18,凱基-士林,2023-04-07,9238
5222,全訊,18,2,16,凱基-士林,2023-04-07,9238
2208,台船,17,2,15,凱基-士林,2023-04-07,9238
2362,藍天,15,0,15,凱基-士林,2023-04-07,9238
2610,華航,15,0,15,凱基-士林,2023-04-07,9238
6179,亞通,15,0,15,凱基-士林,2023-04-07,9238
1218,泰山,14,0,14,凱基-士林,2023-04-07,9238
3189,景碩,14,0,14,凱基-士林,2023-04-07,9238
6213,聯茂,14,0,14,凱基-士林,2023-04-07,9238
8255,朋程,15,1,14,凱基-士林,2023-04-07,9238
1795,美時,20,7,13,凱基-士林,2023-04-07,9238
2748,雲品,12,0,12,凱基-士林,2023-04-07,9238
3211,順達,12,0,12,凱基-士林,2023-04-07,9238
4744,皇將,12,0,12,凱基-士林,2023-04-07,9238
00679B,元大美債20年,13,2,11,凱基-士林,2023-04-07,9238
00885,富邦越南,10,0,10,凱基-士林,2023-04-07,9238
1531,高林股,10,0,10,凱基-士林,2023-04-07,9238
2481,強茂,10,0,10,凱基-士林,2023-04-07,9238
2547,日勝生,10,0,10,凱基-士林,2023-04-07,9238
3221,台嘉碩,10,0,10,凱基-士林,2023-04-07,9238
4916,事欣科,10,0,10,凱基-士林,2023-04-07,9238
8088,品安,10,0,10,凱基-士林,2023-04-07,9238
00633L,富邦上証正2,9,0,9,凱基-士林,2023-04-07,9238
6576,逸達,9,0,9,凱基-士林,2023-04-07,9238
2443,昶虹,8,0,8,凱基-士林,2023-04-07,9238
5328,華容,8,0,8,凱基-士林,2023-04-07,9238
8024,佑華,8,0,8,凱基-士林,2023-04-07,9238
6160,欣技,8,1,7,凱基-士林,2023-04-07,9238
3059,華晶科,7,0,7,凱基-士林,2023-04-07,9238
5608,四維航,21,14,7,凱基-士林,2023-04-07,9238
00712,復華富時不動產,7,0,7,凱基-士林,2023-04-07,9238
3078,僑威,11,4,7,凱基-士林,2023-04-07,9238
6727,亞泰金屬,7,0,7,凱基-士林,2023-04-07,9238
8996,高力,7,0,7,凱基-士林,2023-04-07,9238
9907,統一實,10,3,7,凱基-士林,2023-04-07,9238
2457,飛宏,19,12,7,凱基-士林,2023-04-07,9238
6197,佳必琪,7,0,7,凱基-士林,2023-04-07,9238
2476,鉅祥,106,0,106,凱基-士林,2023-04-10,9238
6235,華孚,77,7,70,凱基-士林,2023-04-10,9238
1710,東聯,60,0,60,凱基-士林,2023-04-10,9238
1810,和成,58,0,58,凱基-士林,2023-04-10,9238
5425,台半,55,11,44,凱基-士林,2023-04-10,9238
6276,安鈦克,43,0,43,凱基-士林,2023-04-10,9238
4906,正文,50,10,40,凱基-士林,2023-04-10,9238
3701,大眾控,35,2,33,凱基-士林,2023-04-10,9238
3025,星通,31,1,30,凱基-士林,2023-04-10,9238
4919,新唐,29,0,29,凱基-士林,2023-04-10,9238
2356,英業達,32,6,26,凱基-士林,2023-04-10,9238
3062,建漢,20,0,20,凱基-士林,2023-04-10,9238
2498,宏達電,30,13,17,凱基-士林,2023-04-10,9238
00679B,元大美債20年,16,0,16,凱基-士林,2023-04-10,9238
4916,事欣科,15,0,15,凱基-士林,2023-04-10,9238
5701,劍湖山,15,0,15,凱基-士林,2023-04-10,9238
1319,東陽,14,0,14,凱基-士林,2023-04-10,9238
2610,華航,14,0,14,凱基-士林,2023-04-10,9238
8183,精星,20,7,13,凱基-士林,2023-04-10,9238
6753,龍德造船,14,2,12,凱基-士林,2023-04-10,9238
4566,時碩工業,12,0,12,凱基-士林,2023-04-10,9238
1605,華新,39,28,11,凱基-士林,2023-04-10,9238
8028,昇陽半導體,13,2,11,凱基-士林,2023-04-10,9238
3047,訊舟,10,0,10,凱基-士林,2023-04-10,9238
4744,皇將,10,0,10,凱基-士林,2023-04-10,9238
6435,大中,15,5,10,凱基-士林,2023-04-10,9238
6485,點序,10,0,10,凱基-士林,2023-04-10,9238
6525,捷敏-KY,10,0,10,凱基-士林,2023-04-10,9238
5475,德宏,10,0,10,凱基-士林,2023-04-10,9238
4958,臻鼎-KY,10,1,9,凱基-士林,2023-04-10,9238
8038,長園科,10,1,9,凱基-士林,2023-04-10,9238
8155,博智,9,0,9,凱基-士林,2023-04-10,9238
00673R,期元大S＆P原油反1,8,0,8,凱基-士林,2023-04-10,9238
1752,南光,8,0,8,凱基-士林,2023-04-10,9238
2305,全友,8,0,8,凱基-士林,2023-04-10,9238
6288,聯嘉,10,2,8,凱基-士林,2023-04-10,9238
6576,逸達,9,1,8,凱基-士林,2023-04-10,9238
8358,金居,7,0,7,凱基-士林,2023-04-10,9238
3680,家登,8,1,7,凱基-士林,2023-04-10,9238
8938,明安,7,0,7,凱基-士林,2023-04-10,9238
3034,聯詠,7,0,7,凱基-士林,2023-04-10,9238
2645,長榮航太,6,0,6,凱基-士林,2023-04-10,9238
1906,寶隆,6,0,6,凱基-士林,2023-04-10,9238
2340,台亞,6,0,6,凱基-士林,2023-04-10,9238
3661,世芯-KY,7,1,6,凱基-士林,2023-04-10,9238
4153,鈺緯,6,0,6,凱基-士林,2023-04-10,9238
5520,力泰,6,0,6,凱基-士林,2023-04-10,9238
6244,茂迪,8,2,6,凱基-士林,2023-04-10,9238
00720B,元大投資級公司債,5,0,5,凱基-士林,2023-04-10,9238
00882,中信中國高股息,5,0,5,凱基-士林,2023-04-10,9238
1532,勤美,55,0,55,凱基-士林,2023-04-11,9238
6753,龍德造船,61,7,54,凱基-士林,2023-04-11,9238
3441,聯一光,45,2,43,凱基-士林,2023-04-11,9238
00632R,元大台灣50反1,37,4,33,凱基-士林,2023-04-11,9238
5880,合庫金,31,1,30,凱基-士林,2023-04-11,9238
3207,耀勝,35,8,27,凱基-士林,2023-04-11,9238
3308,聯德,26,0,26,凱基-士林,2023-04-11,9238
6147,頎邦,26,0,26,凱基-士林,2023-04-11,9238
2303,聯電,26,1,25,凱基-士林,2023-04-11,9238
8150,南茂,45,20,25,凱基-士林,2023-04-11,9238
2515,中工,28,5,23,凱基-士林,2023-04-11,9238
9802,鈺齊-KY,30,10,20,凱基-士林,2023-04-11,9238
5258,虹堡,31,11,20,凱基-士林,2023-04-11,9238
1316,上曜,20,0,20,凱基-士林,2023-04-11,9238
2369,菱生,20,0,20,凱基-士林,2023-04-11,9238
3607,谷崧,25,5,20,凱基-士林,2023-04-11,9238
2317,鴻海,17,0,17,凱基-士林,2023-04-11,9238
00885,富邦越南,17,0,17,凱基-士林,2023-04-11,9238
1802,台玻,17,0,17,凱基-士林,2023-04-11,9238
2206,三陽工業,26,10,16,凱基-士林,2023-04-11,9238
6235,華孚,22,6,16,凱基-士林,2023-04-11,9238
6752,叡揚,20,5,15,凱基-士林,2023-04-11,9238
00902,中信電池及儲能,14,0,14,凱基-士林,2023-04-11,9238
00679B,元大美債20年,13,0,13,凱基-士林,2023-04-11,9238
2388,威盛,15,3,12,凱基-士林,2023-04-11,9238
1514,亞力,13,1,12,凱基-士林,2023-04-11,9238
1906,寶隆,11,0,11,凱基-士林,2023-04-11,9238
2101,南港,11,0,11,凱基-士林,2023-04-11,9238
3029,零壹,11,0,11,凱基-士林,2023-04-11,9238
00720B,元大投資級公司債,11,0,11,凱基-士林,2023-04-11,9238
6245,立端,35,25,10,凱基-士林,2023-04-11,9238
00881,國泰台灣5G+,10,0,10,凱基-士林,2023-04-11,9238
1752,南光,10,0,10,凱基-士林,2023-04-11,9238
1789,神隆,10,0,10,凱基-士林,2023-04-11,9238
2104,國際中橡,10,0,10,凱基-士林,2023-04-11,9238
2443,昶虹,10,0,10,凱基-士林,2023-04-11,9238
3041,揚智,10,0,10,凱基-士林,2023-04-11,9238
8070,長華*,10,0,10,凱基-士林,2023-04-11,9238
9105,泰金寶-DR,10,0,10,凱基-士林,2023-04-11,9238
1609,大亞,17,8,9,凱基-士林,2023-04-11,9238
6770,力積電,10,2,8,凱基-士林,2023-04-11,9238
1605,華新,36,28,8,凱基-士林,2023-04-11,9238
1734,杏輝,8,0,8,凱基-士林,2023-04-11,9238
2634,漢翔,9,1,8,凱基-士林,2023-04-11,9238
6141,柏承,8,0,8,凱基-士林,2023-04-11,9238
6203,海韻電,8,0,8,凱基-士林,2023-04-11,9238
6282,康舒,8,0,8,凱基-士林,2023-04-11,9238
00673R,期元大S＆P原油反1,7,0,7,凱基-士林,2023-04-11,9238
2233,宇隆,7,0,7,凱基-士林,2023-04-11,9238
5353,台林,7,0,7,凱基-士林,2023-04-11,9238
2515,中工,450,25,425,凱基-士林,2023-04-12,9238
00632R,元大台灣50反1,387,0,387,凱基-士林,2023-04-12,9238
1101,台泥,346,10,336,凱基-士林,2023-04-12,9238
4977,眾達-KY,120,62,58,凱基-士林,2023-04-12,9238
1906,寶隆,36,2,34,凱基-士林,2023-04-12,9238
2399,映泰,60,32,28,凱基-士林,2023-04-12,9238
3013,晟銘電,40,14,26,凱基-士林,2023-04-12,9238
6732,昇佳電子,28,5,23,凱基-士林,2023-04-12,9238
8069,元太,27,5,22,凱基-士林,2023-04-12,9238
6104,創惟,23,2,21,凱基-士林,2023-04-12,9238
2884,玉山金,20,0,20,凱基-士林,2023-04-12,9238
2107,厚生,20,0,20,凱基-士林,2023-04-12,9238
1618,合機,20,2,18,凱基-士林,2023-04-12,9238
6276,安鈦克,18,0,18,凱基-士林,2023-04-12,9238
8933,愛地雅,30,12,18,凱基-士林,2023-04-12,9238
00680L,元大美債20正2,17,0,17,凱基-士林,2023-04-12,9238
2405,輔信,25,8,17,凱基-士林,2023-04-12,9238
2101,南港,16,0,16,凱基-士林,2023-04-12,9238
3363,上詮,18,2,16,凱基-士林,2023-04-12,9238
2344,華邦電,17,3,14,凱基-士林,2023-04-12,9238
00637L,元大滬深300正2,17,3,14,凱基-士林,2023-04-12,9238
1517,利奇,15,1,14,凱基-士林,2023-04-12,9238
2313,華通,21,7,14,凱基-士林,2023-04-12,9238
2317,鴻海,14,1,13,凱基-士林,2023-04-12,9238
3005,神基,14,1,13,凱基-士林,2023-04-12,9238
00633L,富邦上証正2,11,0,11,凱基-士林,2023-04-12,9238
4967,十銓,31,21,10,凱基-士林,2023-04-12,9238
00882,中信中國高股息,10,0,10,凱基-士林,2023-04-12,9238
00673R,期元大S＆P原油反1,10,0,10,凱基-士林,2023-04-12,9238
2014,中鴻,10,0,10,凱基-士林,2023-04-12,9238
2362,藍天,10,0,10,凱基-士林,2023-04-12,9238
2460,建通,10,0,10,凱基-士林,2023-04-12,9238
2607,榮運,10,0,10,凱基-士林,2023-04-12,9238
3011,今皓,10,0,10,凱基-士林,2023-04-12,9238
5521,工信,35,25,10,凱基-士林,2023-04-12,9238
6152,百一,10,0,10,凱基-士林,2023-04-12,9238
9105,泰金寶-DR,10,0,10,凱基-士林,2023-04-12,9238
6753,龍德造船,13,4,9,凱基-士林,2023-04-12,9238
2457,飛宏,12,4,8,凱基-士林,2023-04-12,9238
2497,怡利電,8,0,8,凱基-士林,2023-04-12,9238
3006,晶豪科,14,6,8,凱基-士林,2023-04-12,9238
3441,聯一光,8,0,8,凱基-士林,2023-04-12,9238
6127,九豪,14,6,8,凱基-士林,2023-04-12,9238
2208,台船,10,3,7,凱基-士林,2023-04-12,9238
2610,華航,10,3,7,凱基-士林,2023-04-12,9238
8105,凌巨,7,0,7,凱基-士林,2023-04-12,9238
9945,潤泰新,10,3,7,凱基-士林,2023-04-12,9238
6245,立端,11,5,6,凱基-士林,2023-04-12,9238
1605,華新,10,4,6,凱基-士林,2023-04-12,9238
3714,富采,6,0,6,凱基-士林,2023-04-12,9238
3011,今皓,82,10,72,凱基-士林,2023-04-13,9238
2610,華航,93,38,55,凱基-士林,2023-04-13,9238
5309,系統電,51,0,51,凱基-士林,2023-04-13,9238
1605,華新,48,6,42,凱基-士林,2023-04-13,9238
2867,三商壽,54,20,34,凱基-士林,2023-04-13,9238
1609,大亞,51,18,33,凱基-士林,2023-04-13,9238
8069,元太,33,3,30,凱基-士林,2023-04-13,9238
00664R,國泰臺灣加權反1,30,0,30,凱基-士林,2023-04-13,9238
2337,旺宏,30,0,30,凱基-士林,2023-04-13,9238
4960,誠美材,30,2,28,凱基-士林,2023-04-13,9238
2883,凱基金,27,0,27,凱基-士林,2023-04-13,9238
3209,全科,26,0,26,凱基-士林,2023-04-13,9238
00673R,期元大S＆P原油反1,25,0,25,凱基-士林,2023-04-13,9238
8088,品安,44,19,25,凱基-士林,2023-04-13,9238
4916,事欣科,48,25,23,凱基-士林,2023-04-13,9238
2399,映泰,22,0,22,凱基-士林,2023-04-13,9238
2330,台積電,23,2,21,凱基-士林,2023-04-13,9238
2317,鴻海,23,2,21,凱基-士林,2023-04-13,9238
00919,群益台灣精選高息,20,0,20,凱基-士林,2023-04-13,9238
2634,漢翔,50,30,20,凱基-士林,2023-04-13,9238
2887,台新金,20,0,20,凱基-士林,2023-04-13,9238
1504,東元,47,28,19,凱基-士林,2023-04-13,9238
00720B,元大投資級公司債,17,0,17,凱基-士林,2023-04-13,9238
00712,復華富時不動產,17,0,17,凱基-士林,2023-04-13,9238
3260,威剛,17,0,17,凱基-士林,2023-04-13,9238
3441,聯一光,19,2,17,凱基-士林,2023-04-13,9238
00713,元大台灣高息低波,16,1,15,凱基-士林,2023-04-13,9238
3711,日月光投控,15,0,15,凱基-士林,2023-04-13,9238
00679B,元大美債20年,14,0,14,凱基-士林,2023-04-13,9238
2405,輔信,18,4,14,凱基-士林,2023-04-13,9238
5701,劍湖山,16,2,14,凱基-士林,2023-04-13,9238
2453,凌群,13,0,13,凱基-士林,2023-04-13,9238
00751B,元大AAA至A公司債,10,0,10,凱基-士林,2023-04-13,9238
1531,高林股,10,0,10,凱基-士林,2023-04-13,9238
2204,中華,10,0,10,凱基-士林,2023-04-13,9238
2486,一詮,12,2,10,凱基-士林,2023-04-13,9238
3051,力特,10,0,10,凱基-士林,2023-04-13,9238
4977,眾達-KY,122,112,10,凱基-士林,2023-04-13,9238
5351,鈺創,10,0,10,凱基-士林,2023-04-13,9238
00923,群益台ESG低碳50,9,0,9,凱基-士林,2023-04-13,9238
6435,大中,9,0,9,凱基-士林,2023-04-13,9238
3037,欣興,9,1,8,凱基-士林,2023-04-13,9238
00753L,中信中國50正2,8,0,8,凱基-士林,2023-04-13,9238
2369,菱生,8,0,8,凱基-士林,2023-04-13,9238
2324,仁寶,8,0,8,凱基-士林,2023-04-13,9238
00922,國泰台灣領袖50,7,0,7,凱基-士林,2023-04-13,9238
8112,至上,7,0,7,凱基-士林,2023-04-13,9238
1529,樂事綠能,11,4,7,凱基-士林,2023-04-13,9238
4129A,聯合甲特,7,0,7,凱基-士林,2023-04-13,9238
6111,大宇資,7,0,7,凱基-士林,2023-04-13,9238
2515,中工,514,41,473,凱基-士林,2023-04-14,9238
2382,廣達,201,0,201,凱基-士林,2023-04-14,9238
00632R,元大台灣50反1,130,0,130,凱基-士林,2023-04-14,9238
5880,合庫金,100,40,60,凱基-士林,2023-04-14,9238
6142,友勁,60,0,60,凱基-士林,2023-04-14,9238
2634,漢翔,108,58,50,凱基-士林,2023-04-14,9238
6237,驊訊,47,0,47,凱基-士林,2023-04-14,9238
2317,鴻海,48,8,40,凱基-士林,2023-04-14,9238
1108,幸福,30,0,30,凱基-士林,2023-04-14,9238
1409,新纖,30,0,30,凱基-士林,2023-04-14,9238
8933,愛地雅,30,0,30,凱基-士林,2023-04-14,9238
2303,聯電,29,0,29,凱基-士林,2023-04-14,9238
3545,敦泰,30,3,27,凱基-士林,2023-04-14,9238
3706,神達,25,0,25,凱基-士林,2023-04-14,9238
8349,�矬�,21,0,21,凱基-士林,2023-04-14,9238
4744,皇將,19,0,19,凱基-士林,2023-04-14,9238
00878,國泰永續高股息,20,3,17,凱基-士林,2023-04-14,9238
00680L,元大美債20正2,16,0,16,凱基-士林,2023-04-14,9238
00673R,期元大S＆P原油反1,14,0,14,凱基-士林,2023-04-14,9238
6259,百徽,14,0,14,凱基-士林,2023-04-14,9238
00712,復華富時不動產,13,0,13,凱基-士林,2023-04-14,9238
3661,世芯-KY,13,0,13,凱基-士林,2023-04-14,9238
5351,鈺創,16,3,13,凱基-士林,2023-04-14,9238
2367,燿華,12,0,12,凱基-士林,2023-04-14,9238
6167,久正,12,0,12,凱基-士林,2023-04-14,9238
00715L,期街口布蘭特正2,14,3,11,凱基-士林,2023-04-14,9238
1308,亞聚,11,0,11,凱基-士林,2023-04-14,9238
1762,中化生,11,0,11,凱基-士林,2023-04-14,9238
3324,雙鴻,11,0,11,凱基-士林,2023-04-14,9238
2002,中鋼,12,2,10,凱基-士林,2023-04-14,9238
2344,華邦電,10,0,10,凱基-士林,2023-04-14,9238
3008,大立光,10,0,10,凱基-士林,2023-04-14,9238
2484,希華,10,0,10,凱基-士林,2023-04-14,9238
1316,上曜,10,0,10,凱基-士林,2023-04-14,9238
00688L,國泰20年美債正2,10,0,10,凱基-士林,2023-04-14,9238
3178,公準,12,2,10,凱基-士林,2023-04-14,9238
3481,群創,28,18,10,凱基-士林,2023-04-14,9238
3715,定穎投控,16,6,10,凱基-士林,2023-04-14,9238
8070,長華*,10,0,10,凱基-士林,2023-04-14,9238
2409,友達,17,8,9,凱基-士林,2023-04-14,9238
4541,晟田,9,0,9,凱基-士林,2023-04-14,9238
6176,瑞儀,14,5,9,凱基-士林,2023-04-14,9238
6456,GIS-KY,12,3,9,凱基-士林,2023-04-14,9238
3231,緯創,19,11,8,凱基-士林,2023-04-14,9238
2206,三陽工業,10,2,8,凱基-士林,2023-04-14,9238
3516,亞帝歐,8,0,8,凱基-士林,2023-04-14,9238
5009,榮剛,20,12,8,凱基-士林,2023-04-14,9238
00679B,元大美債20年,11,3,8,凱基-士林,2023-04-14,9238
1608,華榮,15,8,7,凱基-士林,2023-04-14,9238
2481,強茂,7,0,7,凱基-士林,2023-04-14,9238
2515,中工,551,260,291,凱基-士林,2023-04-17,9238
6142,友勁,62,0,62,凱基-士林,2023-04-17,9238
3019,亞光,50,1,49,凱基-士林,2023-04-17,9238
1444,力麗,45,0,45,凱基-士林,2023-04-17,9238
4566,時碩工業,45,3,42,凱基-士林,2023-04-17,9238
5452,佶優,52,11,41,凱基-士林,2023-04-17,9238
00712,復華富時不動產,40,0,40,凱基-士林,2023-04-17,9238
6732,昇佳電子,32,0,32,凱基-士林,2023-04-17,9238
1316,上曜,30,0,30,凱基-士林,2023-04-17,9238
2906,高林,30,0,30,凱基-士林,2023-04-17,9238
00680L,元大美債20正2,28,0,28,凱基-士林,2023-04-17,9238
4744,皇將,28,0,28,凱基-士林,2023-04-17,9238
1514,亞力,25,2,23,凱基-士林,2023-04-17,9238
8088,品安,38,16,22,凱基-士林,2023-04-17,9238
2707,晶華,20,0,20,凱基-士林,2023-04-17,9238
2812,台中銀,20,0,20,凱基-士林,2023-04-17,9238
3089,億杰,20,0,20,凱基-士林,2023-04-17,9238
3147,大綜,20,0,20,凱基-士林,2023-04-17,9238
3441,聯一光,18,0,18,凱基-士林,2023-04-17,9238
00637L,元大滬深300正2,21,4,17,凱基-士林,2023-04-17,9238
6138,茂達,19,2,17,凱基-士林,2023-04-17,9238
00679B,元大美債20年,17,0,17,凱基-士林,2023-04-17,9238
2610,華航,32,16,16,凱基-士林,2023-04-17,9238
3481,群創,20,4,16,凱基-士林,2023-04-17,9238
2634,漢翔,67,51,16,凱基-士林,2023-04-17,9238
8081,致新,17,1,16,凱基-士林,2023-04-17,9238
6235,華孚,136,121,15,凱基-士林,2023-04-17,9238
2867,三商壽,23,9,14,凱基-士林,2023-04-17,9238
2369,菱生,13,0,13,凱基-士林,2023-04-17,9238
6456,GIS-KY,13,0,13,凱基-士林,2023-04-17,9238
3305,昇貿,17,5,12,凱基-士林,2023-04-17,9238
4967,十銓,13,1,12,凱基-士林,2023-04-17,9238
4934,太極,11,0,11,凱基-士林,2023-04-17,9238
6416,瑞祺電通,12,1,11,凱基-士林,2023-04-17,9238
1905,華紙,15,4,11,凱基-士林,2023-04-17,9238
3058,立德,12,1,11,凱基-士林,2023-04-17,9238
00919,群益台灣精選高息,10,0,10,凱基-士林,2023-04-17,9238
00882,中信中國高股息,10,0,10,凱基-士林,2023-04-17,9238
1618,合機,14,4,10,凱基-士林,2023-04-17,9238
2444,兆勁,10,0,10,凱基-士林,2023-04-17,9238
2743,山富,10,0,10,凱基-士林,2023-04-17,9238
4510,高鋒,10,0,10,凱基-士林,2023-04-17,9238
5475,德宏,10,0,10,凱基-士林,2023-04-17,9238
6435,大中,12,2,10,凱基-士林,2023-04-17,9238
8440,綠電,10,0,10,凱基-士林,2023-04-17,9238
1609,大亞,20,10,10,凱基-士林,2023-04-17,9238
3540,曜越,10,0,10,凱基-士林,2023-04-17,9238
5289,宜鼎,10,1,9,凱基-士林,2023-04-17,9238
1529,樂事綠能,12,3,9,凱基-士林,2023-04-17,9238
6167,久正,27,18,9,凱基-士林,2023-04-17,9238
2618,長榮航,368,0,368,凱基-士林,2023-04-18,9238
3037,欣興,261,8,253,凱基-士林,2023-04-18,9238
2515,中工,226,0,226,凱基-士林,2023-04-18,9238
6282,康舒,171,55,116,凱基-士林,2023-04-18,9238
2495,普安,135,30,105,凱基-士林,2023-04-18,9238
3481,群創,59,3,56,凱基-士林,2023-04-18,9238
00715L,期街口布蘭特正2,56,0,56,凱基-士林,2023-04-18,9238
6148,驊宏資,56,6,50,凱基-士林,2023-04-18,9238
3013,晟銘電,43,5,38,凱基-士林,2023-04-18,9238
6443,元晶,52,14,38,凱基-士林,2023-04-18,9238
1101,台泥,42,4,38,凱基-士林,2023-04-18,9238
00680L,元大美債20正2,39,5,34,凱基-士林,2023-04-18,9238
00679B,元大美債20年,33,0,33,凱基-士林,2023-04-18,9238
1609,大亞,36,4,32,凱基-士林,2023-04-18,9238
8091,翔名,34,2,32,凱基-士林,2023-04-18,9238
1417,嘉裕,30,0,30,凱基-士林,2023-04-18,9238
1752,南光,31,3,28,凱基-士林,2023-04-18,9238
3325,旭品,30,2,28,凱基-士林,2023-04-18,9238
6456,GIS-KY,33,9,24,凱基-士林,2023-04-18,9238
1514,亞力,33,10,23,凱基-士林,2023-04-18,9238
5531,鄉林,23,0,23,凱基-士林,2023-04-18,9238
2883,凱基金,22,1,21,凱基-士林,2023-04-18,9238
6179,亞通,21,0,21,凱基-士林,2023-04-18,9238
8069,元太,21,0,21,凱基-士林,2023-04-18,9238
00632R,元大台灣50反1,20,0,20,凱基-士林,2023-04-18,9238
5701,劍湖山,20,0,20,凱基-士林,2023-04-18,9238
2208,台船,24,5,19,凱基-士林,2023-04-18,9238
5009,榮剛,20,1,19,凱基-士林,2023-04-18,9238
2312,金寶,20,2,18,凱基-士林,2023-04-18,9238
4129,聯合,18,0,18,凱基-士林,2023-04-18,9238
2645,長榮航太,18,0,18,凱基-士林,2023-04-18,9238
0056,元大高股息,18,2,16,凱基-士林,2023-04-18,9238
2313,華通,23,8,15,凱基-士林,2023-04-18,9238
1533,車王電,15,1,14,凱基-士林,2023-04-18,9238
2610,華航,16,3,13,凱基-士林,2023-04-18,9238
1605,華新,32,19,13,凱基-士林,2023-04-18,9238
3441,聯一光,13,0,13,凱基-士林,2023-04-18,9238
3260,威剛,13,0,13,凱基-士林,2023-04-18,9238
00720B,元大投資級公司債,12,0,12,凱基-士林,2023-04-18,9238
2305,全友,12,0,12,凱基-士林,2023-04-18,9238
6259,百徽,11,0,11,凱基-士林,2023-04-18,9238
00751B,元大AAA至A公司債,10,0,10,凱基-士林,2023-04-18,9238
2337,旺宏,10,0,10,凱基-士林,2023-04-18,9238
2641,正德,10,0,10,凱基-士林,2023-04-18,9238
2801,彰銀,10,0,10,凱基-士林,2023-04-18,9238
4541,晟田,10,0,10,凱基-士林,2023-04-18,9238
6015,宏遠證,10,0,10,凱基-士林,2023-04-18,9238
6732,昇佳電子,10,0,10,凱基-士林,2023-04-18,9238
8033,雷虎,28,18,10,凱基-士林,2023-04-18,9238
00712,復華富時不動產,9,0,9,凱基-士林,2023-04-18,9238
6116,彩晶,301,38,263,凱基-士林,2023-04-19,9238
00637L,元大滬深300正2,290,44,246,凱基-士林,2023-04-19,9238
3221,台嘉碩,102,1,101,凱基-士林,2023-04-19,9238
3047,訊舟,332,247,85,凱基-士林,2023-04-19,9238
1810,和成,80,7,73,凱基-士林,2023-04-19,9238
3694,海華,68,0,68,凱基-士林,2023-04-19,9238
2337,旺宏,52,0,52,凱基-士林,2023-04-19,9238
2867,三商壽,54,5,49,凱基-士林,2023-04-19,9238
2495,普安,105,57,48,凱基-士林,2023-04-19,9238
2314,台揚,40,7,33,凱基-士林,2023-04-19,9238
2401,凌陽,33,0,33,凱基-士林,2023-04-19,9238
8222,寶一,40,8,32,凱基-士林,2023-04-19,9238
3003,健和興,31,2,29,凱基-士林,2023-04-19,9238
3714,富采,27,0,27,凱基-士林,2023-04-19,9238
2484,希華,27,1,26,凱基-士林,2023-04-19,9238
3059,華晶科,23,0,23,凱基-士林,2023-04-19,9238
5531,鄉林,21,0,21,凱基-士林,2023-04-19,9238
3019,亞光,20,0,20,凱基-士林,2023-04-19,9238
5251,天鉞電,20,0,20,凱基-士林,2023-04-19,9238
5351,鈺創,22,2,20,凱基-士林,2023-04-19,9238
2883,凱基金,26,6,20,凱基-士林,2023-04-19,9238
1720,生達,16,0,16,凱基-士林,2023-04-19,9238
2303,聯電,16,1,15,凱基-士林,2023-04-19,9238
1529,樂事綠能,24,9,15,凱基-士林,2023-04-19,9238
2313,華通,19,4,15,凱基-士林,2023-04-19,9238
2359,所羅門,18,4,14,凱基-士林,2023-04-19,9238
2330,台積電,14,0,14,凱基-士林,2023-04-19,9238
5353,台林,13,0,13,凱基-士林,2023-04-19,9238
2342,茂矽,15,2,13,凱基-士林,2023-04-19,9238
3362,先進光,13,1,12,凱基-士林,2023-04-19,9238
00715L,期街口布蘭特正2,11,0,11,凱基-士林,2023-04-19,9238
00752,中信中國50,11,0,11,凱基-士林,2023-04-19,9238
3419,譁裕,11,0,11,凱基-士林,2023-04-19,9238
5227,立凱-KY,11,0,11,凱基-士林,2023-04-19,9238
2498,宏達電,10,0,10,凱基-士林,2023-04-19,9238
1712,興農,10,0,10,凱基-士林,2023-04-19,9238
4976,佳凌,10,0,10,凱基-士林,2023-04-19,9238
00888,永豐台灣ESG,10,0,10,凱基-士林,2023-04-19,9238
00882,中信中國高股息,12,2,10,凱基-士林,2023-04-19,9238
1319,東陽,10,0,10,凱基-士林,2023-04-19,9238
1409,新纖,10,0,10,凱基-士林,2023-04-19,9238
1531,高林股,10,0,10,凱基-士林,2023-04-19,9238
2472,立隆電,10,0,10,凱基-士林,2023-04-19,9238
3260,威剛,10,0,10,凱基-士林,2023-04-19,9238
5880,合庫金,10,0,10,凱基-士林,2023-04-19,9238
8403,盛弘,10,0,10,凱基-士林,2023-04-19,9238
3380,明泰,9,0,9,凱基-士林,2023-04-19,9238
8105,凌巨,11,2,9,凱基-士林,2023-04-19,9238
2327,國巨,8,0,8,凱基-士林,2023-04-19,9238
2534,宏盛,8,0,8,凱基-士林,2023-04-19,9238
2495,普安,175,13,162,凱基-士林,2023-04-20,9238
00715L,期街口布蘭特正2,142,2,140,凱基-士林,2023-04-20,9238
5203,訊連,148,13,135,凱基-士林,2023-04-20,9238
1783,和康生,104,4,100,凱基-士林,2023-04-20,9238
6282,康舒,150,68,82,凱基-士林,2023-04-20,9238
2485,兆赫,65,0,65,凱基-士林,2023-04-20,9238
1532,勤美,60,0,60,凱基-士林,2023-04-20,9238
2401,凌陽,59,0,59,凱基-士林,2023-04-20,9238
1104,環泥,50,5,45,凱基-士林,2023-04-20,9238
4979,華星光,59,15,44,凱基-士林,2023-04-20,9238
3704,合勤控,37,1,36,凱基-士林,2023-04-20,9238
6443,元晶,37,1,36,凱基-士林,2023-04-20,9238
1721,三晃,50,16,34,凱基-士林,2023-04-20,9238
3071,協禧,30,0,30,凱基-士林,2023-04-20,9238
6179,亞通,30,0,30,凱基-士林,2023-04-20,9238
2476,鉅祥,100,71,29,凱基-士林,2023-04-20,9238
8105,凌巨,29,0,29,凱基-士林,2023-04-20,9238
9945,潤泰新,28,0,28,凱基-士林,2023-04-20,9238
6244,茂迪,35,9,26,凱基-士林,2023-04-20,9238
4953,緯軟,35,10,25,凱基-士林,2023-04-20,9238
2303,聯電,25,2,23,凱基-士林,2023-04-20,9238
3221,台嘉碩,24,2,22,凱基-士林,2023-04-20,9238
6134,萬旭,32,10,22,凱基-士林,2023-04-20,9238
1319,東陽,22,1,21,凱基-士林,2023-04-20,9238
6185,幃翔,21,0,21,凱基-士林,2023-04-20,9238
3419,譁裕,20,0,20,凱基-士林,2023-04-20,9238
6806,森崴能源,21,1,20,凱基-士林,2023-04-20,9238
6285,啟��,19,0,19,凱基-士林,2023-04-20,9238
1802,台玻,20,2,18,凱基-士林,2023-04-20,9238
8038,長園科,19,1,18,凱基-士林,2023-04-20,9238
2454,聯發科,17,0,17,凱基-士林,2023-04-20,9238
3289,宜特,16,0,16,凱基-士林,2023-04-20,9238
8222,寶一,47,31,16,凱基-士林,2023-04-20,9238
2610,華航,26,12,14,凱基-士林,2023-04-20,9238
4129,聯合,24,10,14,凱基-士林,2023-04-20,9238
00878,國泰永續高股息,45,32,13,凱基-士林,2023-04-20,9238
6770,力積電,16,3,13,凱基-士林,2023-04-20,9238
1618,合機,13,0,13,凱基-士林,2023-04-20,9238
3576,聯合再生,13,0,13,凱基-士林,2023-04-20,9238
3673,TPK-KY,13,0,13,凱基-士林,2023-04-20,9238
8289,泰藝,13,0,13,凱基-士林,2023-04-20,9238
00679B,元大美債20年,12,0,12,凱基-士林,2023-04-20,9238
2885,元大金,12,0,12,凱基-士林,2023-04-20,9238
3078,僑威,44,32,12,凱基-士林,2023-04-20,9238
2884,玉山金,12,0,12,凱基-士林,2023-04-20,9238
3694,海華,12,0,12,凱基-士林,2023-04-20,9238
4147,中裕,16,4,12,凱基-士林,2023-04-20,9238
00772B,中信高評級公司債,11,0,11,凱基-士林,2023-04-20,9238
5009,榮剛,37,26,11,凱基-士林,2023-04-20,9238
6456,GIS-KY,12,1,11,凱基-士林,2023-04-20,9238
00715L,期街口布蘭特正2,96,0,96,凱基-士林,2023-04-21,9238
2401,凌陽,74,0,74,凱基-士林,2023-04-21,9238
4906,正文,60,5,55,凱基-士林,2023-04-21,9238
2534,宏盛,52,0,52,凱基-士林,2023-04-21,9238
6167,久正,46,2,44,凱基-士林,2023-04-21,9238
3712,永崴投控,40,0,40,凱基-士林,2023-04-21,9238
3652,精聯,43,6,37,凱基-士林,2023-04-21,9238
6190,萬泰科,55,20,35,凱基-士林,2023-04-21,9238
2495,普安,35,2,33,凱基-士林,2023-04-21,9238
1532,勤美,31,0,31,凱基-士林,2023-04-21,9238
1609,大亞,33,2,31,凱基-士林,2023-04-21,9238
3306,鼎天,30,0,30,凱基-士林,2023-04-21,9238
4979,華星光,64,36,28,凱基-士林,2023-04-21,9238
3714,富采,26,0,26,凱基-士林,2023-04-21,9238
2405,輔信,26,0,26,凱基-士林,2023-04-21,9238
2610,華航,25,0,25,凱基-士林,2023-04-21,9238
2312,金寶,30,6,24,凱基-士林,2023-04-21,9238
3576,聯合再生,24,0,24,凱基-士林,2023-04-21,9238
1618,合機,24,4,20,凱基-士林,2023-04-21,9238
1714,和桐,20,0,20,凱基-士林,2023-04-21,9238
2033,佳大,20,0,20,凱基-士林,2023-04-21,9238
2421,建準,20,0,20,凱基-士林,2023-04-21,9238
2889,國票金,20,0,20,凱基-士林,2023-04-21,9238
2609,陽明,20,1,19,凱基-士林,2023-04-21,9238
4989,榮科,19,0,19,凱基-士林,2023-04-21,9238
8028,昇陽半導體,19,0,19,凱基-士林,2023-04-21,9238
6770,力積電,21,3,18,凱基-士林,2023-04-21,9238
2454,聯發科,21,3,18,凱基-士林,2023-04-21,9238
00720B,元大投資級公司債,18,0,18,凱基-士林,2023-04-21,9238
2206,三陽工業,35,17,18,凱基-士林,2023-04-21,9238
3715,定穎投控,29,11,18,凱基-士林,2023-04-21,9238
00772B,中信高評級公司債,18,0,18,凱基-士林,2023-04-21,9238
1721,三晃,24,7,17,凱基-士林,2023-04-21,9238
2485,兆赫,15,0,15,凱基-士林,2023-04-21,9238
6163,華電網,30,16,14,凱基-士林,2023-04-21,9238
2204,中華,15,1,14,凱基-士林,2023-04-21,9238
4958,臻鼎-KY,15,3,12,凱基-士林,2023-04-21,9238
5243,乙盛-KY,13,1,12,凱基-士林,2023-04-21,9238
6470,宇智,12,0,12,凱基-士林,2023-04-21,9238
8155,博智,13,2,11,凱基-士林,2023-04-21,9238
0056,元大高股息,11,0,11,凱基-士林,2023-04-21,9238
2337,旺宏,10,0,10,凱基-士林,2023-04-21,9238
8436,大江,13,3,10,凱基-士林,2023-04-21,9238
1531,高林股,10,0,10,凱基-士林,2023-04-21,9238
1905,華紙,10,0,10,凱基-士林,2023-04-21,9238
2069,運錩,10,0,10,凱基-士林,2023-04-21,9238
3236,千如,10,0,10,凱基-士林,2023-04-21,9238
6185,幃翔,10,0,10,凱基-士林,2023-04-21,9238
6672,騰輝電子-KY,10,0,10,凱基-士林,2023-04-21,9238
9907,統一實,10,0,10,凱基-士林,2023-04-21,9238
00632R,元大台灣50反1,118,0,118,凱基-士林,2023-04-24,9238
3037,欣興,104,7,97,凱基-士林,2023-04-24,9238
2484,希華,73,4,69,凱基-士林,2023-04-24,9238
00772B,中信高評級公司債,42,0,42,凱基-士林,2023-04-24,9238
00715L,期街口布蘭特正2,38,0,38,凱基-士林,2023-04-24,9238
2880,華南金,28,0,28,凱基-士林,2023-04-24,9238
2913,農林,131,104,27,凱基-士林,2023-04-24,9238
3071,協禧,36,9,27,凱基-士林,2023-04-24,9238
5490,同亨,25,0,25,凱基-士林,2023-04-24,9238
5425,台半,33,10,23,凱基-士林,2023-04-24,9238
2482,連宇,30,7,23,凱基-士林,2023-04-24,9238
3714,富采,25,2,23,凱基-士林,2023-04-24,9238
2413,環科,22,0,22,凱基-士林,2023-04-24,9238
6282,康舒,44,22,22,凱基-士林,2023-04-24,9238
2634,漢翔,41,20,21,凱基-士林,2023-04-24,9238
1752,南光,17,0,17,凱基-士林,2023-04-24,9238
00902,中信電池及儲能,16,0,16,凱基-士林,2023-04-24,9238
4968,立積,18,2,16,凱基-士林,2023-04-24,9238
00680L,元大美債20正2,15,0,15,凱基-士林,2023-04-24,9238
2031,新光鋼,15,0,15,凱基-士林,2023-04-24,9238
3306,鼎天,15,0,15,凱基-士林,2023-04-24,9238
6163,華電網,19,5,14,凱基-士林,2023-04-24,9238
4960,誠美材,17,4,13,凱基-士林,2023-04-24,9238
2455,全新,15,2,13,凱基-士林,2023-04-24,9238
2330,台積電,15,2,13,凱基-士林,2023-04-24,9238
3047,訊舟,12,0,12,凱基-士林,2023-04-24,9238
1504,東元,11,0,11,凱基-士林,2023-04-24,9238
4510,高鋒,20,9,11,凱基-士林,2023-04-24,9238
3059,華晶科,10,0,10,凱基-士林,2023-04-24,9238
4105,東洋,10,0,10,凱基-士林,2023-04-24,9238
5475,德宏,10,0,10,凱基-士林,2023-04-24,9238
6204,艾華,10,0,10,凱基-士林,2023-04-24,9238
9105,泰金寶-DR,10,0,10,凱基-士林,2023-04-24,9238
00679B,元大美債20年,9,0,9,凱基-士林,2023-04-24,9238
4916,事欣科,9,0,9,凱基-士林,2023-04-24,9238
6259,百徽,10,2,8,凱基-士林,2023-04-24,9238
2515,中工,8,0,8,凱基-士林,2023-04-24,9238
3481,群創,11,3,8,凱基-士林,2023-04-24,9238
0050,元大台灣50,8,0,8,凱基-士林,2023-04-24,9238
00878,國泰永續高股息,13,5,8,凱基-士林,2023-04-24,9238
0056,元大高股息,7,0,7,凱基-士林,2023-04-24,9238
00900,富邦特選高股息30,7,0,7,凱基-士林,2023-04-24,9238
2313,華通,8,1,7,凱基-士林,2023-04-24,9238
00633L,富邦上証正2,6,0,6,凱基-士林,2023-04-24,9238
2609,陽明,7,1,6,凱基-士林,2023-04-24,9238
8028,昇陽半導體,6,0,6,凱基-士林,2023-04-24,9238
00662,富邦NASDAQ,5,0,5,凱基-士林,2023-04-24,9238
4989,榮科,5,0,5,凱基-士林,2023-04-24,9238
2069,運錩,5,0,5,凱基-士林,2023-04-24,9238
2468,華經,5,0,5,凱基-士林,2023-04-24,9238
2401,凌陽,85,0,85,凱基-士林,2023-04-25,9238
00923,群益台ESG低碳50,80,0,80,凱基-士林,2023-04-25,9238
2327,國巨,68,0,68,凱基-士林,2023-04-25,9238
00878,國泰永續高股息,71,3,68,凱基-士林,2023-04-25,9238
00637L,元大滬深300正2,65,15,50,凱基-士林,2023-04-25,9238
3071,協禧,84,37,47,凱基-士林,2023-04-25,9238
1909,榮成,46,0,46,凱基-士林,2023-04-25,9238
1101,台泥,126,80,46,凱基-士林,2023-04-25,9238
4967,十銓,47,3,44,凱基-士林,2023-04-25,9238
6116,彩晶,40,0,40,凱基-士林,2023-04-25,9238
4979,華星光,38,4,34,凱基-士林,2023-04-25,9238
2610,華航,41,8,33,凱基-士林,2023-04-25,9238
1712,興農,30,0,30,凱基-士林,2023-04-25,9238
3576,聯合再生,30,0,30,凱基-士林,2023-04-25,9238
3715,定穎投控,31,2,29,凱基-士林,2023-04-25,9238
4566,時碩工業,30,2,28,凱基-士林,2023-04-25,9238
5425,台半,29,3,26,凱基-士林,2023-04-25,9238
2883,凱基金,36,11,25,凱基-士林,2023-04-25,9238
3516,亞帝歐,24,0,24,凱基-士林,2023-04-25,9238
3714,富采,23,0,23,凱基-士林,2023-04-25,9238
6259,百徽,21,0,21,凱基-士林,2023-04-25,9238
6732,昇佳電子,21,0,21,凱基-士林,2023-04-25,9238
00671R,富邦NASDAQ反1,20,0,20,凱基-士林,2023-04-25,9238
1503,士電,28,8,20,凱基-士林,2023-04-25,9238
1609,大亞,24,4,20,凱基-士林,2023-04-25,9238
2495,普安,25,5,20,凱基-士林,2023-04-25,9238
4741,泓瀚,20,0,20,凱基-士林,2023-04-25,9238
0056,元大高股息,32,12,20,凱基-士林,2023-04-25,9238
3481,群創,28,9,19,凱基-士林,2023-04-25,9238
00900,富邦特選高股息30,19,0,19,凱基-士林,2023-04-25,9238
4916,事欣科,26,8,18,凱基-士林,2023-04-25,9238
2344,華邦電,21,5,16,凱基-士林,2023-04-25,9238
2303,聯電,25,9,16,凱基-士林,2023-04-25,9238
2457,飛宏,26,11,15,凱基-士林,2023-04-25,9238
8105,凌巨,15,0,15,凱基-士林,2023-04-25,9238
00891,中信關鍵半導體,14,0,14,凱基-士林,2023-04-25,9238
6770,力積電,14,0,14,凱基-士林,2023-04-25,9238
2482,連宇,17,3,14,凱基-士林,2023-04-25,9238
4123,晟德,14,0,14,凱基-士林,2023-04-25,9238
5009,榮剛,51,37,14,凱基-士林,2023-04-25,9238
6443,元晶,21,8,13,凱基-士林,2023-04-25,9238
1215,卜蜂,12,0,12,凱基-士林,2023-04-25,9238
1504,東元,17,5,12,凱基-士林,2023-04-25,9238
1906,寶隆,12,0,12,凱基-士林,2023-04-25,9238
6282,康舒,19,7,12,凱基-士林,2023-04-25,9238
3059,華晶科,11,0,11,凱基-士林,2023-04-25,9238
3078,僑威,12,1,11,凱基-士林,2023-04-25,9238
6288,聯嘉,11,0,11,凱基-士林,2023-04-25,9238
6290,良維,11,1,10,凱基-士林,2023-04-25,9238
2312,金寶,10,0,10,凱基-士林,2023-04-25,9238
2337,旺宏,108,0,108,凱基-士林,2023-04-26,9238
00715L,期街口布蘭特正2,106,0,106,凱基-士林,2023-04-26,9238
2834,臺企銀,100,0,100,凱基-士林,2023-04-26,9238
5425,台半,63,2,61,凱基-士林,2023-04-26,9238
8403,盛弘,57,2,55,凱基-士林,2023-04-26,9238
3058,立德,52,0,52,凱基-士林,2023-04-26,9238
6625,必應,48,0,48,凱基-士林,2023-04-26,9238
2610,華航,48,10,38,凱基-士林,2023-04-26,9238
00637L,元大滬深300正2,26,1,25,凱基-士林,2023-04-26,9238
00712,復華富時不動產,24,0,24,凱基-士林,2023-04-26,9238
1710,東聯,27,5,22,凱基-士林,2023-04-26,9238
2633,台灣高鐵,20,0,20,凱基-士林,2023-04-26,9238
6412,群電,20,0,20,凱基-士林,2023-04-26,9238
6290,良維,19,0,19,凱基-士林,2023-04-26,9238
0056,元大高股息,18,0,18,凱基-士林,2023-04-26,9238
2002,中鋼,14,0,14,凱基-士林,2023-04-26,9238
00878,國泰永續高股息,16,2,14,凱基-士林,2023-04-26,9238
6829,千附精密,14,1,13,凱基-士林,2023-04-26,9238
8105,凌巨,15,2,13,凱基-士林,2023-04-26,9238
4967,十銓,15,3,12,凱基-士林,2023-04-26,9238
1609,大亞,22,11,11,凱基-士林,2023-04-26,9238
6416,瑞祺電通,11,0,11,凱基-士林,2023-04-26,9238
1316,上曜,10,0,10,凱基-士林,2023-04-26,9238
1531,高林股,10,0,10,凱基-士林,2023-04-26,9238
2449,京元電子,11,1,10,凱基-士林,2023-04-26,9238
3516,亞帝歐,10,0,10,凱基-士林,2023-04-26,9238
6182,合晶,10,0,10,凱基-士林,2023-04-26,9238
1108,幸福,11,1,10,凱基-士林,2023-04-26,9238
2609,陽明,10,1,9,凱基-士林,2023-04-26,9238
5009,榮剛,16,7,9,凱基-士林,2023-04-26,9238
2618,長榮航,8,0,8,凱基-士林,2023-04-26,9238
2471,資通,10,2,8,凱基-士林,2023-04-26,9238
9919,康那香,8,0,8,凱基-士林,2023-04-26,9238
2883,凱基金,10,3,7,凱基-士林,2023-04-26,9238
00680L,元大美債20正2,6,0,6,凱基-士林,2023-04-26,9238
2206,三陽工業,13,7,6,凱基-士林,2023-04-26,9238
3479,安勤,6,0,6,凱基-士林,2023-04-26,9238
4123,晟德,6,0,6,凱基-士林,2023-04-26,9238
8927,北基,6,0,6,凱基-士林,2023-04-26,9238
0050,元大台灣50,6,0,6,凱基-士林,2023-04-26,9238
1904,正隆,22,17,5,凱基-士林,2023-04-26,9238
2913,農林,20,15,5,凱基-士林,2023-04-26,9238
00655L,國泰中國A50正2,5,0,5,凱基-士林,2023-04-26,9238
2009,第一銅,5,0,5,凱基-士林,2023-04-26,9238
2027,大成鋼,5,0,5,凱基-士林,2023-04-26,9238
2606,裕民,5,0,5,凱基-士林,2023-04-26,9238
3027,盛達,5,0,5,凱基-士林,2023-04-26,9238
3499,環天科,5,0,5,凱基-士林,2023-04-26,9238
4102,永日,5,0,5,凱基-士林,2023-04-26,9238
4147,中裕,14,9,5,凱基-士林,2023-04-26,9238
00715L,期街口布蘭特正2,193,0,193,凱基-士林,2023-04-27,9238
2515,中工,116,0,116,凱基-士林,2023-04-27,9238
2630,亞航,108,12,96,凱基-士林,2023-04-27,9238
1609,大亞,46,1,45,凱基-士林,2023-04-27,9238
5425,台半,45,2,43,凱基-士林,2023-04-27,9238
2834,臺企銀,30,0,30,凱基-士林,2023-04-27,9238
1711,永光,41,15,26,凱基-士林,2023-04-27,9238
3576,聯合再生,23,0,23,凱基-士林,2023-04-27,9238
1789,神隆,20,0,20,凱基-士林,2023-04-27,9238
2609,陽明,16,0,16,凱基-士林,2023-04-27,9238
2401,凌陽,14,0,14,凱基-士林,2023-04-27,9238
00680L,元大美債20正2,13,0,13,凱基-士林,2023-04-27,9238
2204,中華,24,11,13,凱基-士林,2023-04-27,9238
2891,中信金,11,0,11,凱基-士林,2023-04-27,9238
3376,新日興,11,0,11,凱基-士林,2023-04-27,9238
2359,所羅門,10,0,10,凱基-士林,2023-04-27,9238
9105,泰金寶-DR,10,0,10,凱基-士林,2023-04-27,9238
2884,玉山金,9,0,9,凱基-士林,2023-04-27,9238
4566,時碩工業,9,0,9,凱基-士林,2023-04-27,9238
8038,長園科,9,0,9,凱基-士林,2023-04-27,9238
8072,陞泰,9,0,9,凱基-士林,2023-04-27,9238
00679B,元大美債20年,10,3,7,凱基-士林,2023-04-27,9238
6770,力積電,10,3,7,凱基-士林,2023-04-27,9238
2330,台積電,8,2,6,凱基-士林,2023-04-27,9238
2603,長榮,7,1,6,凱基-士林,2023-04-27,9238
1503,士電,8,2,6,凱基-士林,2023-04-27,9238
1513,中興電,7,1,6,凱基-士林,2023-04-27,9238
1605,華新,23,17,6,凱基-士林,2023-04-27,9238
6278,台表科,6,0,6,凱基-士林,2023-04-27,9238
6443,元晶,6,0,6,凱基-士林,2023-04-27,9238
2002,中鋼,7,1,6,凱基-士林,2023-04-27,9238
1321,大洋,5,0,5,凱基-士林,2023-04-27,9238
00751B,元大AAA至A公司債,5,0,5,凱基-士林,2023-04-27,9238
2402,毅嘉,5,0,5,凱基-士林,2023-04-27,9238
2413,環科,5,0,5,凱基-士林,2023-04-27,9238
3236,千如,5,0,5,凱基-士林,2023-04-27,9238
4979,華星光,19,14,5,凱基-士林,2023-04-27,9238
5490,同亨,5,0,5,凱基-士林,2023-04-27,9238
8088,品安,10,5,5,凱基-士林,2023-04-27,9238
0050,元大台灣50,4,0,4,凱基-士林,2023-04-27,9238
00712,復華富時不動產,4,0,4,凱基-士林,2023-04-27,9238
2409,友達,4,0,4,凱基-士林,2023-04-27,9238
1101,台泥,8,4,4,凱基-士林,2023-04-27,9238
00900,富邦特選高股息30,4,0,4,凱基-士林,2023-04-27,9238
1905,華紙,23,19,4,凱基-士林,2023-04-27,9238
2405,輔信,4,0,4,凱基-士林,2023-04-27,9238
2453,凌群,12,8,4,凱基-士林,2023-04-27,9238
6174,安��,4,0,4,凱基-士林,2023-04-27,9238
8093,保銳,4,0,4,凱基-士林,2023-04-27,9238
8105,凌巨,7,3,4,凱基-士林,2023-04-27,9238
00772B,中信高評級公司債,408,0,408,凱基-士林,2023-04-28,9238
3481,群創,116,3,113,凱基-士林,2023-04-28,9238
6167,久正,120,19,101,凱基-士林,2023-04-28,9238
5009,榮剛,117,18,99,凱基-士林,2023-04-28,9238
3363,上詮,52,4,48,凱基-士林,2023-04-28,9238
2409,友達,44,1,43,凱基-士林,2023-04-28,9238
8011,台通,40,0,40,凱基-士林,2023-04-28,9238
2610,華航,34,4,30,凱基-士林,2023-04-28,9238
3019,亞光,30,0,30,凱基-士林,2023-04-28,9238
5425,台半,25,1,24,凱基-士林,2023-04-28,9238
2881,富邦金,23,3,20,凱基-士林,2023-04-28,9238
8222,寶一,44,24,20,凱基-士林,2023-04-28,9238
00878,國泰永續高股息,19,0,19,凱基-士林,2023-04-28,9238
2880,華南金,16,0,16,凱基-士林,2023-04-28,9238
00680L,元大美債20正2,15,0,15,凱基-士林,2023-04-28,9238
6282,康舒,17,2,15,凱基-士林,2023-04-28,9238
2338,光罩,14,0,14,凱基-士林,2023-04-28,9238
2498,宏達電,14,0,14,凱基-士林,2023-04-28,9238
3516,亞帝歐,34,20,14,凱基-士林,2023-04-28,9238
4989,榮科,14,0,14,凱基-士林,2023-04-28,9238
2402,毅嘉,27,14,13,凱基-士林,2023-04-28,9238
3051,力特,13,0,13,凱基-士林,2023-04-28,9238
6443,元晶,12,0,12,凱基-士林,2023-04-28,9238
1904,正隆,12,1,11,凱基-士林,2023-04-28,9238
2851,中再保,11,0,11,凱基-士林,2023-04-28,9238
00900,富邦特選高股息30,11,0,11,凱基-士林,2023-04-28,9238
2388,威盛,13,2,11,凱基-士林,2023-04-28,9238
2618,長榮航,25,14,11,凱基-士林,2023-04-28,9238
2634,漢翔,20,9,11,凱基-士林,2023-04-28,9238
2890,永豐金,11,0,11,凱基-士林,2023-04-28,9238
00679B,元大美債20年,10,0,10,凱基-士林,2023-04-28,9238
1522,堤維西,10,0,10,凱基-士林,2023-04-28,9238
2022,聚亨,10,0,10,凱基-士林,2023-04-28,9238
3078,僑威,9,1,8,凱基-士林,2023-04-28,9238
4102,永日,10,2,8,凱基-士林,2023-04-28,9238
4746,台耀,8,0,8,凱基-士林,2023-04-28,9238
00720B,元大投資級公司債,7,0,7,凱基-士林,2023-04-28,9238
2206,三陽工業,19,12,7,凱基-士林,2023-04-28,9238
2884,玉山金,10,3,7,凱基-士林,2023-04-28,9238
3035,智原,9,2,7,凱基-士林,2023-04-28,9238
3089,億杰,7,0,7,凱基-士林,2023-04-28,9238
6190,萬泰科,7,0,7,凱基-士林,2023-04-28,9238
2313,華通,7,1,6,凱基-士林,2023-04-28,9238
3324,雙鴻,7,1,6,凱基-士林,2023-04-28,9238
8105,凌巨,6,0,6,凱基-士林,2023-04-28,9238
1342,八貫,5,0,5,凱基-士林,2023-04-28,9238
1734,杏輝,5,0,5,凱基-士林,2023-04-28,9238
1752,南光,10,5,5,凱基-士林,2023-04-28,9238
2337,旺宏,5,0,5,凱基-士林,2023-04-28,9238
2461,光群雷,5,0,5,凱基-士林,2023-04-28,9238
4173,久裕,148,0,148,凱基-士林,2023-05-02,9238
5009,榮剛,132,9,123,凱基-士林,2023-05-02,9238
1731,美吾華,120,0,120,凱基-士林,2023-05-02,9238
8403,盛弘,90,0,90,凱基-士林,2023-05-02,9238
3058,立德,63,2,61,凱基-士林,2023-05-02,9238
8171,天宇,50,1,49,凱基-士林,2023-05-02,9238
5425,台半,53,10,43,凱基-士林,2023-05-02,9238
6190,萬泰科,44,8,36,凱基-士林,2023-05-02,9238
1701,中化,36,1,35,凱基-士林,2023-05-02,9238
1802,台玻,35,3,32,凱基-士林,2023-05-02,9238
6185,幃翔,30,0,30,凱基-士林,2023-05-02,9238
2382,廣達,56,30,26,凱基-士林,2023-05-02,9238
6266,泰詠,32,6,26,凱基-士林,2023-05-02,9238
1784,訊聯,27,3,24,凱基-士林,2023-05-02,9238
00680L,元大美債20正2,26,5,21,凱基-士林,2023-05-02,9238
1905,華紙,29,9,20,凱基-士林,2023-05-02,9238
3019,亞光,20,0,20,凱基-士林,2023-05-02,9238
2485,兆赫,20,0,20,凱基-士林,2023-05-02,9238
2603,長榮,22,2,20,凱基-士林,2023-05-02,9238
00720B,元大投資級公司債,17,0,17,凱基-士林,2023-05-02,9238
6438,迅得,15,0,15,凱基-士林,2023-05-02,9238
3128,昇銳,15,0,15,凱基-士林,2023-05-02,9238
5222,全訊,14,0,14,凱基-士林,2023-05-02,9238
6288,聯嘉,13,0,13,凱基-士林,2023-05-02,9238
00679B,元大美債20年,13,1,12,凱基-士林,2023-05-02,9238
2884,玉山金,12,0,12,凱基-士林,2023-05-02,9238
1314,中石化,12,1,11,凱基-士林,2023-05-02,9238
2069,運錩,11,0,11,凱基-士林,2023-05-02,9238
4989,榮科,31,20,11,凱基-士林,2023-05-02,9238
2484,希華,10,0,10,凱基-士林,2023-05-02,9238
2637,慧洋-KY,10,0,10,凱基-士林,2023-05-02,9238
7402,邑錡,10,0,10,凱基-士林,2023-05-02,9238
8933,愛地雅,10,0,10,凱基-士林,2023-05-02,9238
9105,泰金寶-DR,10,0,10,凱基-士林,2023-05-02,9238
2504,國產,9,0,9,凱基-士林,2023-05-02,9238
3499,環天科,10,1,9,凱基-士林,2023-05-02,9238
2882,國泰金,29,21,8,凱基-士林,2023-05-02,9238
4904,遠傳,9,1,8,凱基-士林,2023-05-02,9238
5351,鈺創,8,0,8,凱基-士林,2023-05-02,9238
00878,國泰永續高股息,12,5,7,凱基-士林,2023-05-02,9238
1906,寶隆,7,0,7,凱基-士林,2023-05-02,9238
3576,聯合再生,7,0,7,凱基-士林,2023-05-02,9238
6259,百徽,7,0,7,凱基-士林,2023-05-02,9238
6285,啟��,9,2,7,凱基-士林,2023-05-02,9238
2609,陽明,6,0,6,凱基-士林,2023-05-02,9238
1605,華新,13,7,6,凱基-士林,2023-05-02,9238
1809,中釉,6,0,6,凱基-士林,2023-05-02,9238
2313,華通,6,0,6,凱基-士林,2023-05-02,9238
2482,連宇,35,29,6,凱基-士林,2023-05-02,9238
2881,富邦金,8,2,6,凱基-士林,2023-05-02,9238
2317,鴻海,327,10,317,凱基-士林,2023-05-03,9238
00878,國泰永續高股息,321,17,304,凱基-士林,2023-05-03,9238
00715L,期街口布蘭特正2,173,0,173,凱基-士林,2023-05-03,9238
8403,盛弘,113,3,110,凱基-士林,2023-05-03,9238
3058,立德,69,1,68,凱基-士林,2023-05-03,9238
8121,越峰,63,0,63,凱基-士林,2023-05-03,9238
00712,復華富時不動產,41,1,40,凱基-士林,2023-05-03,9238
3481,群創,33,8,25,凱基-士林,2023-05-03,9238
1905,華紙,65,42,23,凱基-士林,2023-05-03,9238
6288,聯嘉,21,0,21,凱基-士林,2023-05-03,9238
3030,德律,19,0,19,凱基-士林,2023-05-03,9238
3499,環天科,18,0,18,凱基-士林,2023-05-03,9238
5425,台半,17,0,17,凱基-士林,2023-05-03,9238
6829,千附精密,24,7,17,凱基-士林,2023-05-03,9238
2603,長榮,21,5,16,凱基-士林,2023-05-03,9238
2201,裕隆,15,0,15,凱基-士林,2023-05-03,9238
1444,力麗,15,0,15,凱基-士林,2023-05-03,9238
6290,良維,14,0,14,凱基-士林,2023-05-03,9238
5876,上海商銀,14,0,14,凱基-士林,2023-05-03,9238
1101,台泥,23,10,13,凱基-士林,2023-05-03,9238
1720,生達,12,0,12,凱基-士林,2023-05-03,9238
2439,美律,12,0,12,凱基-士林,2023-05-03,9238
2457,飛宏,19,7,12,凱基-士林,2023-05-03,9238
2344,華邦電,14,3,11,凱基-士林,2023-05-03,9238
1513,中興電,12,2,10,凱基-士林,2023-05-03,9238
00642U,期元大S＆P石油,10,0,10,凱基-士林,2023-05-03,9238
2485,兆赫,10,0,10,凱基-士林,2023-05-03,9238
3019,亞光,10,0,10,凱基-士林,2023-05-03,9238
3484,崧騰,10,0,10,凱基-士林,2023-05-03,9238
4744,皇將,10,0,10,凱基-士林,2023-05-03,9238
6282,康舒,13,3,10,凱基-士林,2023-05-03,9238
8105,凌巨,15,5,10,凱基-士林,2023-05-03,9238
6732,昇佳電子,9,0,9,凱基-士林,2023-05-03,9238
2023,燁輝,9,0,9,凱基-士林,2023-05-03,9238
2471,資通,11,2,9,凱基-士林,2023-05-03,9238
3324,雙鴻,10,2,8,凱基-士林,2023-05-03,9238
3128,昇銳,8,0,8,凱基-士林,2023-05-03,9238
6174,安��,8,0,8,凱基-士林,2023-05-03,9238
4915,致伸,23,15,8,凱基-士林,2023-05-03,9238
00753L,中信中國50正2,7,0,7,凱基-士林,2023-05-03,9238
1515,力山,10,3,7,凱基-士林,2023-05-03,9238
2337,旺宏,7,0,7,凱基-士林,2023-05-03,9238
3518,柏騰,11,4,7,凱基-士林,2023-05-03,9238
0056,元大高股息,6,0,6,凱基-士林,2023-05-03,9238
1514,亞力,10,4,6,凱基-士林,2023-05-03,9238
2409,友達,7,1,6,凱基-士林,2023-05-03,9238
2495,普安,6,0,6,凱基-士林,2023-05-03,9238
2634,漢翔,15,9,6,凱基-士林,2023-05-03,9238
2880,華南金,7,1,6,凱基-士林,2023-05-03,9238
3090,日電貿,6,0,6,凱基-士林,2023-05-03,9238
00715L,期街口布蘭特正2,177,10,167,凱基-士林,2023-05-04,9238
4173,久裕,150,0,150,凱基-士林,2023-05-04,9238
8403,盛弘,151,45,106,凱基-士林,2023-05-04,9238
6732,昇佳電子,100,0,100,凱基-士林,2023-05-04,9238
1721,三晃,120,20,100,凱基-士林,2023-05-04,9238
00632R,元大台灣50反1,100,3,97,凱基-士林,2023-05-04,9238
3518,柏騰,55,0,55,凱基-士林,2023-05-04,9238
3202,樺晟,35,0,35,凱基-士林,2023-05-04,9238
4931,新盛力,33,0,33,凱基-士林,2023-05-04,9238
00642U,期元大S＆P石油,31,0,31,凱基-士林,2023-05-04,9238
5222,全訊,36,5,31,凱基-士林,2023-05-04,9238
00687B,國泰20年美債,30,0,30,凱基-士林,2023-05-04,9238
00795B,中信美國公債20年,30,0,30,凱基-士林,2023-05-04,9238
3661,世芯-KY,27,0,27,凱基-士林,2023-05-04,9238
4114,健喬,26,1,25,凱基-士林,2023-05-04,9238
1711,永光,23,0,23,凱基-士林,2023-05-04,9238
00878,國泰永續高股息,23,3,20,凱基-士林,2023-05-04,9238
5351,鈺創,19,2,17,凱基-士林,2023-05-04,9238
3356,奇偶,17,1,16,凱基-士林,2023-05-04,9238
2489,瑞軒,20,5,15,凱基-士林,2023-05-04,9238
4916,事欣科,15,2,13,凱基-士林,2023-05-04,9238
00712,復華富時不動產,13,1,12,凱基-士林,2023-05-04,9238
2607,榮運,11,0,11,凱基-士林,2023-05-04,9238
5439,高技,11,0,11,凱基-士林,2023-05-04,9238
8085,福華,11,0,11,凱基-士林,2023-05-04,9238
6245,立端,11,1,10,凱基-士林,2023-05-04,9238
00893,國泰智能電動車,10,0,10,凱基-士林,2023-05-04,9238
00713,元大台灣高息低波,10,0,10,凱基-士林,2023-05-04,9238
5608,四維航,10,0,10,凱基-士林,2023-05-04,9238
00753L,中信中國50正2,9,0,9,凱基-士林,2023-05-04,9238
2230,泰茂,9,0,9,凱基-士林,2023-05-04,9238
2916,滿心,10,1,9,凱基-士林,2023-05-04,9238
6148,驊宏資,19,10,9,凱基-士林,2023-05-04,9238
2603,長榮,12,3,9,凱基-士林,2023-05-04,9238
2344,華邦電,12,4,8,凱基-士林,2023-05-04,9238
1710,東聯,7,0,7,凱基-士林,2023-05-04,9238
2453,凌群,10,3,7,凱基-士林,2023-05-04,9238
2609,陽明,17,10,7,凱基-士林,2023-05-04,9238
1513,中興電,10,4,6,凱基-士林,2023-05-04,9238
2867,三商壽,6,0,6,凱基-士林,2023-05-04,9238
4989,榮科,6,0,6,凱基-士林,2023-05-04,9238
6719,力智,6,0,6,凱基-士林,2023-05-04,9238
8183,精星,6,0,6,凱基-士林,2023-05-04,9238
2201,裕隆,5,0,5,凱基-士林,2023-05-04,9238
1434,福懋,5,0,5,凱基-士林,2023-05-04,9238
1319,東陽,9,4,5,凱基-士林,2023-05-04,9238
1612,宏泰,5,0,5,凱基-士林,2023-05-04,9238
2231,為升,5,0,5,凱基-士林,2023-05-04,9238
2367,燿華,5,0,5,凱基-士林,2023-05-04,9238
2641,正德,5,0,5,凱基-士林,2023-05-04,9238
1721,三晃,219,47,172,凱基-士林,2023-05-05,9238
5009,榮剛,57,3,54,凱基-士林,2023-05-05,9238
1904,正隆,63,11,52,凱基-士林,2023-05-05,9238
1605,華新,55,4,51,凱基-士林,2023-05-05,9238
8936,國統,53,5,48,凱基-士林,2023-05-05,9238
00715L,期街口布蘭特正2,57,10,47,凱基-士林,2023-05-05,9238
8930,青鋼,61,21,40,凱基-士林,2023-05-05,9238
6244,茂迪,38,2,36,凱基-士林,2023-05-05,9238
4931,新盛力,33,0,33,凱基-士林,2023-05-05,9238
4173,久裕,80,50,30,凱基-士林,2023-05-05,9238
00878,國泰永續高股息,30,3,27,凱基-士林,2023-05-05,9238
2344,華邦電,30,3,27,凱基-士林,2023-05-05,9238
1802,台玻,24,0,24,凱基-士林,2023-05-05,9238
00772B,中信高評級公司債,24,0,24,凱基-士林,2023-05-05,9238
1104,環泥,20,0,20,凱基-士林,2023-05-05,9238
1506,正道,20,0,20,凱基-士林,2023-05-05,9238
3202,樺晟,20,0,20,凱基-士林,2023-05-05,9238
1783,和康生,28,9,19,凱基-士林,2023-05-05,9238
3211,順達,20,2,18,凱基-士林,2023-05-05,9238
6138,茂達,18,0,18,凱基-士林,2023-05-05,9238
8215,明基材,19,1,18,凱基-士林,2023-05-05,9238
00679B,元大美債20年,15,0,15,凱基-士林,2023-05-05,9238
3706,神達,15,0,15,凱基-士林,2023-05-05,9238
5356,協益,27,12,15,凱基-士林,2023-05-05,9238
1609,大亞,25,11,14,凱基-士林,2023-05-05,9238
00720B,元大投資級公司債,14,0,14,凱基-士林,2023-05-05,9238
1529,樂事綠能,19,5,14,凱基-士林,2023-05-05,9238
3071,協禧,27,13,14,凱基-士林,2023-05-05,9238
3673,TPK-KY,13,0,13,凱基-士林,2023-05-05,9238
2353,宏��,15,2,13,凱基-士林,2023-05-05,9238
00795B,中信美國公債20年,12,0,12,凱基-士林,2023-05-05,9238
8420,明揚,12,0,12,凱基-士林,2023-05-05,9238
1305,華夏,14,3,11,凱基-士林,2023-05-05,9238
2913,農林,11,0,11,凱基-士林,2023-05-05,9238
2886,兆豐金,11,1,10,凱基-士林,2023-05-05,9238
00687B,國泰20年美債,10,0,10,凱基-士林,2023-05-05,9238
2881,富邦金,11,1,10,凱基-士林,2023-05-05,9238
1109,信大,9,0,9,凱基-士林,2023-05-05,9238
3128,昇銳,9,0,9,凱基-士林,2023-05-05,9238
3715,定穎投控,20,12,8,凱基-士林,2023-05-05,9238
00712,復華富時不動產,8,0,8,凱基-士林,2023-05-05,9238
1752,南光,24,17,7,凱基-士林,2023-05-05,9238
3236,千如,15,8,7,凱基-士林,2023-05-05,9238
3518,柏騰,7,0,7,凱基-士林,2023-05-05,9238
8091,翔名,6,0,6,凱基-士林,2023-05-05,9238
2480,敦陽科,5,0,5,凱基-士林,2023-05-05,9238
1504,東元,10,5,5,凱基-士林,2023-05-05,9238
2313,華通,5,0,5,凱基-士林,2023-05-05,9238
3011,今皓,5,0,5,凱基-士林,2023-05-05,9238
3029,零壹,8,3,5,凱基-士林,2023-05-05,9238
2887,台新金,78,8,70,凱基-士林,2023-05-08,9238
1721,三晃,60,0,60,凱基-士林,2023-05-08,9238
00878,國泰永續高股息,55,1,54,凱基-士林,2023-05-08,9238
2897,王道銀行,50,0,50,凱基-士林,2023-05-08,9238
2883,凱基金,51,14,37,凱基-士林,2023-05-08,9238
2618,長榮航,32,0,32,凱基-士林,2023-05-08,9238
4744,皇將,33,1,32,凱基-士林,2023-05-08,9238
2486,一詮,31,0,31,凱基-士林,2023-05-08,9238
3005,神基,27,1,26,凱基-士林,2023-05-08,9238
1314,中石化,22,0,22,凱基-士林,2023-05-08,9238
3703,欣陸,22,0,22,凱基-士林,2023-05-08,9238
3576,聯合再生,21,0,21,凱基-士林,2023-05-08,9238
3481,群創,19,0,19,凱基-士林,2023-05-08,9238
3231,緯創,23,5,18,凱基-士林,2023-05-08,9238
8033,雷虎,32,15,17,凱基-士林,2023-05-08,9238
1218,泰山,19,3,16,凱基-士林,2023-05-08,9238
6443,元晶,15,0,15,凱基-士林,2023-05-08,9238
3128,昇銳,14,0,14,凱基-士林,2023-05-08,9238
6125,廣運,14,0,14,凱基-士林,2023-05-08,9238
3714,富采,28,15,13,凱基-士林,2023-05-08,9238
1109,信大,11,0,11,凱基-士林,2023-05-08,9238
6112,邁達特,14,3,11,凱基-士林,2023-05-08,9238
1321,大洋,10,0,10,凱基-士林,2023-05-08,9238
1340,勝悅-KY,10,0,10,凱基-士林,2023-05-08,9238
1752,南光,10,0,10,凱基-士林,2023-05-08,9238
2916,滿心,10,0,10,凱基-士林,2023-05-08,9238
3051,力特,20,10,10,凱基-士林,2023-05-08,9238
6288,聯嘉,10,0,10,凱基-士林,2023-05-08,9238
9930,中聯資源,10,0,10,凱基-士林,2023-05-08,9238
8222,寶一,24,15,9,凱基-士林,2023-05-08,9238
8403,盛弘,29,20,9,凱基-士林,2023-05-08,9238
00680L,元大美債20正2,8,0,8,凱基-士林,2023-05-08,9238
1531,高林股,8,0,8,凱基-士林,2023-05-08,9238
3081,聯亞,8,0,8,凱基-士林,2023-05-08,9238
00687B,國泰20年美債,7,0,7,凱基-士林,2023-05-08,9238
2402,毅嘉,14,7,7,凱基-士林,2023-05-08,9238
2408,南亞科,6,0,6,凱基-士林,2023-05-08,9238
00632R,元大台灣50反1,6,0,6,凱基-士林,2023-05-08,9238
2634,漢翔,16,10,6,凱基-士林,2023-05-08,9238
3059,華晶科,6,0,6,凱基-士林,2023-05-08,9238
4148,全宇生技-KY,6,0,6,凱基-士林,2023-05-08,9238
5211,蒙恬,17,11,6,凱基-士林,2023-05-08,9238
5315,光聯,6,0,6,凱基-士林,2023-05-08,9238
5351,鈺創,6,0,6,凱基-士林,2023-05-08,9238
6712,長聖,6,0,6,凱基-士林,2023-05-08,9238
1795,美時,7,2,5,凱基-士林,2023-05-08,9238
4915,致伸,5,0,5,凱基-士林,2023-05-08,9238
2603,長榮,7,2,5,凱基-士林,2023-05-08,9238
1308,亞聚,5,0,5,凱基-士林,2023-05-08,9238
1709,和益,5,0,5,凱基-士林,2023-05-08,9238
1101,台泥,90,15,75,凱基-士林,2023-05-09,9238
1721,三晃,62,1,61,凱基-士林,2023-05-09,9238
2327,國巨,71,20,51,凱基-士林,2023-05-09,9238
2359,所羅門,56,7,49,凱基-士林,2023-05-09,9238
1504,東元,58,20,38,凱基-士林,2023-05-09,9238
1802,台玻,32,0,32,凱基-士林,2023-05-09,9238
3576,聯合再生,28,0,28,凱基-士林,2023-05-09,9238
6111,大宇資,27,0,27,凱基-士林,2023-05-09,9238
1795,美時,24,0,24,凱基-士林,2023-05-09,9238
1314,中石化,21,0,21,凱基-士林,2023-05-09,9238
1506,正道,20,0,20,凱基-士林,2023-05-09,9238
1714,和桐,20,0,20,凱基-士林,2023-05-09,9238
2897,王道銀行,20,0,20,凱基-士林,2023-05-09,9238
6185,幃翔,20,0,20,凱基-士林,2023-05-09,9238
3221,台嘉碩,19,0,19,凱基-士林,2023-05-09,9238
5425,台半,16,0,16,凱基-士林,2023-05-09,9238
2401,凌陽,16,0,16,凱基-士林,2023-05-09,9238
2480,敦陽科,15,0,15,凱基-士林,2023-05-09,9238
00878,國泰永續高股息,17,2,15,凱基-士林,2023-05-09,9238
5353,台林,14,0,14,凱基-士林,2023-05-09,9238
2371,大同,15,1,14,凱基-士林,2023-05-09,9238
6112,邁達特,27,14,13,凱基-士林,2023-05-09,9238
8403,盛弘,24,11,13,凱基-士林,2023-05-09,9238
3046,建��,34,22,12,凱基-士林,2023-05-09,9238
6477,安集,14,2,12,凱基-士林,2023-05-09,9238
00795B,中信美國公債20年,12,0,12,凱基-士林,2023-05-09,9238
6275,元山,15,3,12,凱基-士林,2023-05-09,9238
00679B,元大美債20年,15,3,12,凱基-士林,2023-05-09,9238
00720B,元大投資級公司債,11,0,11,凱基-士林,2023-05-09,9238
00751B,元大AAA至A公司債,11,0,11,凱基-士林,2023-05-09,9238
00680L,元大美債20正2,11,0,11,凱基-士林,2023-05-09,9238
1708,東鹼,11,0,11,凱基-士林,2023-05-09,9238
3058,立德,11,0,11,凱基-士林,2023-05-09,9238
2027,大成鋼,13,3,10,凱基-士林,2023-05-09,9238
00919,群益台灣精選高息,10,0,10,凱基-士林,2023-05-09,9238
00753L,中信中國50正2,10,0,10,凱基-士林,2023-05-09,9238
1711,永光,10,0,10,凱基-士林,2023-05-09,9238
2427,三商電,10,0,10,凱基-士林,2023-05-09,9238
2458,義隆,10,0,10,凱基-士林,2023-05-09,9238
2916,滿心,10,0,10,凱基-士林,2023-05-09,9238
3652,精聯,10,0,10,凱基-士林,2023-05-09,9238
6180,橘子,10,0,10,凱基-士林,2023-05-09,9238
6222,上揚,10,0,10,凱基-士林,2023-05-09,9238
2618,長榮航,10,1,9,凱基-士林,2023-05-09,9238
00673R,期元大S＆P原油反1,9,0,9,凱基-士林,2023-05-09,9238
2476,鉅祥,9,0,9,凱基-士林,2023-05-09,9238
3027,盛達,14,6,8,凱基-士林,2023-05-09,9238
8936,國統,8,0,8,凱基-士林,2023-05-09,9238
2457,飛宏,11,4,7,凱基-士林,2023-05-09,9238
4979,華星光,14,7,7,凱基-士林,2023-05-09,9238
2610,華航,310,84,226,凱基-士林,2023-05-10,9238
00632R,元大台灣50反1,90,6,84,凱基-士林,2023-05-10,9238
6244,茂迪,50,1,49,凱基-士林,2023-05-10,9238
00878,國泰永續高股息,58,12,46,凱基-士林,2023-05-10,9238
1721,三晃,30,0,30,凱基-士林,2023-05-10,9238
6840,東研信超,26,0,26,凱基-士林,2023-05-10,9238
5498,凱崴,24,0,24,凱基-士林,2023-05-10,9238
00753L,中信中國50正2,22,0,22,凱基-士林,2023-05-10,9238
3484,崧騰,22,0,22,凱基-士林,2023-05-10,9238
2352,佳世達,21,0,21,凱基-士林,2023-05-10,9238
3479,安勤,22,2,20,凱基-士林,2023-05-10,9238
2327,國巨,19,0,19,凱基-士林,2023-05-10,9238
3715,定穎投控,33,14,19,凱基-士林,2023-05-10,9238
2344,華邦電,42,24,18,凱基-士林,2023-05-10,9238
2481,強茂,20,2,18,凱基-士林,2023-05-10,9238
9939,宏全,19,3,16,凱基-士林,2023-05-10,9238
2457,飛宏,31,15,16,凱基-士林,2023-05-10,9238
3576,聯合再生,15,0,15,凱基-士林,2023-05-10,9238
2421,建準,31,17,14,凱基-士林,2023-05-10,9238
4726,永昕,14,0,14,凱基-士林,2023-05-10,9238
4979,華星光,26,12,14,凱基-士林,2023-05-10,9238
8403,盛弘,14,0,14,凱基-士林,2023-05-10,9238
3231,緯創,24,12,12,凱基-士林,2023-05-10,9238
00680L,元大美債20正2,11,0,11,凱基-士林,2023-05-10,9238
6182,合晶,11,0,11,凱基-士林,2023-05-10,9238
00881,國泰台灣5G+,10,0,10,凱基-士林,2023-05-10,9238
1310,台苯,10,0,10,凱基-士林,2023-05-10,9238
00882,中信中國高股息,10,0,10,凱基-士林,2023-05-10,9238
00637L,元大滬深300正2,250,240,10,凱基-士林,2023-05-10,9238
00687B,國泰20年美債,10,0,10,凱基-士林,2023-05-10,9238
2069,運錩,10,0,10,凱基-士林,2023-05-10,9238
3714,富采,10,0,10,凱基-士林,2023-05-10,9238
6274,台燿,10,0,10,凱基-士林,2023-05-10,9238
6733,博晟生醫,10,0,10,凱基-士林,2023-05-10,9238
00679B,元大美債20年,10,0,10,凱基-士林,2023-05-10,9238
2317,鴻海,10,1,9,凱基-士林,2023-05-10,9238
6271,同欣電,8,0,8,凱基-士林,2023-05-10,9238
6770,力積電,7,0,7,凱基-士林,2023-05-10,9238
2887,台新金,7,0,7,凱基-士林,2023-05-10,9238
2834,臺企銀,7,0,7,凱基-士林,2023-05-10,9238
3202,樺晟,8,1,7,凱基-士林,2023-05-10,9238
6204,艾華,7,0,7,凱基-士林,2023-05-10,9238
6806,森崴能源,33,26,7,凱基-士林,2023-05-10,9238
00712,復華富時不動產,26,19,7,凱基-士林,2023-05-10,9238
00690,兆豐藍籌30,6,0,6,凱基-士林,2023-05-10,9238
00673R,期元大S＆P原油反1,6,0,6,凱基-士林,2023-05-10,9238
1326,台化,6,0,6,凱基-士林,2023-05-10,9238
1742,台蠟,6,0,6,凱基-士林,2023-05-10,9238
3011,今皓,6,0,6,凱基-士林,2023-05-10,9238
3703,欣陸,6,0,6,凱基-士林,2023-05-10,9238
8930,青鋼,75,0,75,凱基-士林,2023-05-11,9238
3481,群創,52,0,52,凱基-士林,2023-05-11,9238
2337,旺宏,51,3,48,凱基-士林,2023-05-11,9238
1721,三晃,40,0,40,凱基-士林,2023-05-11,9238
1101,台泥,39,1,38,凱基-士林,2023-05-11,9238
1810,和成,39,4,35,凱基-士林,2023-05-11,9238
2916,滿心,30,0,30,凱基-士林,2023-05-11,9238
6282,康舒,31,1,30,凱基-士林,2023-05-11,9238
5425,台半,31,3,28,凱基-士林,2023-05-11,9238
2610,華航,49,22,27,凱基-士林,2023-05-11,9238
2834,臺企銀,24,0,24,凱基-士林,2023-05-11,9238
2867,三商壽,28,4,24,凱基-士林,2023-05-11,9238
4916,事欣科,24,0,24,凱基-士林,2023-05-11,9238
9907,統一實,25,2,23,凱基-士林,2023-05-11,9238
2634,漢翔,36,14,22,凱基-士林,2023-05-11,9238
3652,精聯,21,0,21,凱基-士林,2023-05-11,9238
1802,台玻,20,0,20,凱基-士林,2023-05-11,9238
5340,建榮,20,0,20,凱基-士林,2023-05-11,9238
2883,凱基金,19,0,19,凱基-士林,2023-05-11,9238
00680L,元大美債20正2,30,12,18,凱基-士林,2023-05-11,9238
1906,寶隆,18,0,18,凱基-士林,2023-05-11,9238
2401,凌陽,18,0,18,凱基-士林,2023-05-11,9238
3715,定穎投控,22,4,18,凱基-士林,2023-05-11,9238
6245,立端,19,2,17,凱基-士林,2023-05-11,9238
6283,淳安,17,0,17,凱基-士林,2023-05-11,9238
00632R,元大台灣50反1,12,0,12,凱基-士林,2023-05-11,9238
1109,信大,12,0,12,凱基-士林,2023-05-11,9238
6160,欣技,12,0,12,凱基-士林,2023-05-11,9238
9911,櫻花,12,0,12,凱基-士林,2023-05-11,9238
6790,永豐實,11,0,11,凱基-士林,2023-05-11,9238
4123,晟德,11,0,11,凱基-士林,2023-05-11,9238
2014,中鴻,10,0,10,凱基-士林,2023-05-11,9238
1316,上曜,10,0,10,凱基-士林,2023-05-11,9238
2312,金寶,10,0,10,凱基-士林,2023-05-11,9238
2409,友達,10,0,10,凱基-士林,2023-05-11,9238
3236,千如,10,0,10,凱基-士林,2023-05-11,9238
3617,碩天,10,0,10,凱基-士林,2023-05-11,9238
6278,台表科,10,0,10,凱基-士林,2023-05-11,9238
8088,品安,10,0,10,凱基-士林,2023-05-11,9238
2388,威盛,13,4,9,凱基-士林,2023-05-11,9238
2701,萬企,9,0,9,凱基-士林,2023-05-11,9238
1310,台苯,8,0,8,凱基-士林,2023-05-11,9238
2230,泰茂,8,0,8,凱基-士林,2023-05-11,9238
2887,台新金,8,0,8,凱基-士林,2023-05-11,9238
6180,橘子,8,0,8,凱基-士林,2023-05-11,9238
6288,聯嘉,8,0,8,凱基-士林,2023-05-11,9238
1795,美時,35,28,7,凱基-士林,2023-05-11,9238
1215,卜蜂,7,0,7,凱基-士林,2023-05-11,9238
1605,華新,7,0,7,凱基-士林,2023-05-11,9238
1609,大亞,9,2,7,凱基-士林,2023-05-11,9238
00632R,元大台灣50反1,998,9,989,凱基-士林,2023-05-12,9238
4958,臻鼎-KY,315,0,315,凱基-士林,2023-05-12,9238
00637L,元大滬深300正2,261,11,250,凱基-士林,2023-05-12,9238
00715L,期街口布蘭特正2,126,0,126,凱基-士林,2023-05-12,9238
2888,新光金,101,0,101,凱基-士林,2023-05-12,9238
3363,上詮,60,0,60,凱基-士林,2023-05-12,9238
2883,凱基金,59,0,59,凱基-士林,2023-05-12,9238
5351,鈺創,58,0,58,凱基-士林,2023-05-12,9238
1101,台泥,39,0,39,凱基-士林,2023-05-12,9238
3499,環天科,35,0,35,凱基-士林,2023-05-12,9238
6276,安鈦克,33,0,33,凱基-士林,2023-05-12,9238
2890,永豐金,31,0,31,凱基-士林,2023-05-12,9238
6282,康舒,30,0,30,凱基-士林,2023-05-12,9238
2069,運錩,29,0,29,凱基-士林,2023-05-12,9238
3481,群創,29,1,28,凱基-士林,2023-05-12,9238
2882,國泰金,28,0,28,凱基-士林,2023-05-12,9238
4129,聯合,18,0,18,凱基-士林,2023-05-12,9238
00882,中信中國高股息,20,5,15,凱基-士林,2023-05-12,9238
2915,潤泰全,15,0,15,凱基-士林,2023-05-12,9238
6790,永豐實,15,0,15,凱基-士林,2023-05-12,9238
1762,中化生,12,0,12,凱基-士林,2023-05-12,9238
2324,仁寶,14,2,12,凱基-士林,2023-05-12,9238
2405,輔信,11,0,11,凱基-士林,2023-05-12,9238
6285,啟��,16,5,11,凱基-士林,2023-05-12,9238
2485,兆赫,13,3,10,凱基-士林,2023-05-12,9238
3049,精金,10,0,10,凱基-士林,2023-05-12,9238
3322,建舜電,10,0,10,凱基-士林,2023-05-12,9238
5425,台半,11,1,10,凱基-士林,2023-05-12,9238
9105,泰金寶-DR,10,0,10,凱基-士林,2023-05-12,9238
2027,大成鋼,9,0,9,凱基-士林,2023-05-12,9238
6165,浪凡,9,0,9,凱基-士林,2023-05-12,9238
6719,力智,9,1,8,凱基-士林,2023-05-12,9238
2421,建準,9,2,7,凱基-士林,2023-05-12,9238
2609,陽明,9,2,7,凱基-士林,2023-05-12,9238
1417,嘉裕,6,0,6,凱基-士林,2023-05-12,9238
2457,飛宏,21,15,6,凱基-士林,2023-05-12,9238
4123,晟德,6,0,6,凱基-士林,2023-05-12,9238
4550,長佳,11,5,6,凱基-士林,2023-05-12,9238
6625,必應,6,0,6,凱基-士林,2023-05-12,9238
2834,臺企銀,6,1,5,凱基-士林,2023-05-12,9238
00902,中信電池及儲能,5,0,5,凱基-士林,2023-05-12,9238
2359,所羅門,5,0,5,凱基-士林,2023-05-12,9238
2495,普安,5,0,5,凱基-士林,2023-05-12,9238
2867,三商壽,5,0,5,凱基-士林,2023-05-12,9238
3058,立德,12,7,5,凱基-士林,2023-05-12,9238
3576,聯合再生,5,0,5,凱基-士林,2023-05-12,9238
4173,久裕,5,0,5,凱基-士林,2023-05-12,9238
8038,長園科,5,0,5,凱基-士林,2023-05-12,9238
8076,伍豐,5,0,5,凱基-士林,2023-05-12,9238
8930,青鋼,5,0,5,凱基-士林,2023-05-12,9238
00715L,期街口布蘭特正2,106,0,106,凱基-士林,2023-05-15,9238
6185,幃翔,59,0,59,凱基-士林,2023-05-15,9238
3499,環天科,49,0,49,凱基-士林,2023-05-15,9238
1445,大宇,47,0,47,凱基-士林,2023-05-15,9238
00878,國泰永續高股息,52,9,43,凱基-士林,2023-05-15,9238
6204,艾華,40,0,40,凱基-士林,2023-05-15,9238
2371,大同,105,74,31,凱基-士林,2023-05-15,9238
6139,亞翔,27,0,27,凱基-士林,2023-05-15,9238
3617,碩天,25,0,25,凱基-士林,2023-05-15,9238
1795,美時,23,1,22,凱基-士林,2023-05-15,9238
2851,中再保,20,0,20,凱基-士林,2023-05-15,9238
2897,王道銀行,20,0,20,凱基-士林,2023-05-15,9238
6167,久正,20,0,20,凱基-士林,2023-05-15,9238
2303,聯電,20,2,18,凱基-士林,2023-05-15,9238
1101,台泥,22,4,18,凱基-士林,2023-05-15,9238
9928,中視,15,0,15,凱基-士林,2023-05-15,9238
1310,台苯,17,3,14,凱基-士林,2023-05-15,9238
2022,聚亨,14,0,14,凱基-士林,2023-05-15,9238
2344,華邦電,12,0,12,凱基-士林,2023-05-15,9238
00882,中信中國高股息,14,2,12,凱基-士林,2023-05-15,9238
2331,精英,12,0,12,凱基-士林,2023-05-15,9238
3540,曜越,12,0,12,凱基-士林,2023-05-15,9238
1519,華城,28,16,12,凱基-士林,2023-05-15,9238
2338,光罩,11,0,11,凱基-士林,2023-05-15,9238
2913,農林,11,0,11,凱基-士林,2023-05-15,9238
1444,力麗,10,0,10,凱基-士林,2023-05-15,9238
1108,幸福,10,0,10,凱基-士林,2023-05-15,9238
1531,高林股,10,0,10,凱基-士林,2023-05-15,9238
2208,台船,22,12,10,凱基-士林,2023-05-15,9238
2485,兆赫,10,0,10,凱基-士林,2023-05-15,9238
5309,系統電,10,0,10,凱基-士林,2023-05-15,9238
5701,劍湖山,10,0,10,凱基-士林,2023-05-15,9238
5706,鳳凰,21,11,10,凱基-士林,2023-05-15,9238
8038,長園科,11,1,10,凱基-士林,2023-05-15,9238
2880,華南金,9,0,9,凱基-士林,2023-05-15,9238
1605,華新,21,12,9,凱基-士林,2023-05-15,9238
2495,普安,10,1,9,凱基-士林,2023-05-15,9238
3701,大眾控,9,0,9,凱基-士林,2023-05-15,9238
4116,明基醫,9,0,9,凱基-士林,2023-05-15,9238
4979,華星光,20,11,9,凱基-士林,2023-05-15,9238
2476,鉅祥,10,2,8,凱基-士林,2023-05-15,9238
4129,聯合,8,0,8,凱基-士林,2023-05-15,9238
8403,盛弘,8,0,8,凱基-士林,2023-05-15,9238
4743,合一,9,1,8,凱基-士林,2023-05-15,9238
00679B,元大美債20年,11,4,7,凱基-士林,2023-05-15,9238
00720B,元大投資級公司債,7,0,7,凱基-士林,2023-05-15,9238
6243,迅杰,7,0,7,凱基-士林,2023-05-15,9238
8420,明揚,7,0,7,凱基-士林,2023-05-15,9238
9944,新麗,7,0,7,凱基-士林,2023-05-15,9238
0061,元大寶滬深,6,0,6,凱基-士林,2023-05-15,9238
5328,華容,140,0,140,凱基-士林,2023-05-16,9238
4402,郡都開發,100,0,100,凱基-士林,2023-05-16,9238
5351,鈺創,61,0,61,凱基-士林,2023-05-16,9238
00680L,元大美債20正2,38,0,38,凱基-士林,2023-05-16,9238
00720B,元大投資級公司債,34,0,34,凱基-士林,2023-05-16,9238
2022,聚亨,31,0,31,凱基-士林,2023-05-16,9238
6753,龍德造船,30,4,26,凱基-士林,2023-05-16,9238
6152,百一,20,0,20,凱基-士林,2023-05-16,9238
9928,中視,15,0,15,凱基-士林,2023-05-16,9238
1709,和益,14,0,14,凱基-士林,2023-05-16,9238
2313,華通,13,0,13,凱基-士林,2023-05-16,9238
1101,台泥,18,7,11,凱基-士林,2023-05-16,9238
00632R,元大台灣50反1,11,0,11,凱基-士林,2023-05-16,9238
00773B,中信優先金融債,11,0,11,凱基-士林,2023-05-16,9238
2063,世鎧,10,0,10,凱基-士林,2023-05-16,9238
2323,中環,29,19,10,凱基-士林,2023-05-16,9238
6146,耕興,10,0,10,凱基-士林,2023-05-16,9238
6282,康舒,10,0,10,凱基-士林,2023-05-16,9238
00772B,中信高評級公司債,10,0,10,凱基-士林,2023-05-16,9238
00637L,元大滬深300正2,9,0,9,凱基-士林,2023-05-16,9238
6194,育富,11,2,9,凱基-士林,2023-05-16,9238
2887,台新金,16,8,8,凱基-士林,2023-05-16,9238
3363,上詮,42,35,7,凱基-士林,2023-05-16,9238
2609,陽明,12,6,6,凱基-士林,2023-05-16,9238
2885,元大金,6,0,6,凱基-士林,2023-05-16,9238
1310,台苯,6,0,6,凱基-士林,2023-05-16,9238
2471,資通,6,0,6,凱基-士林,2023-05-16,9238
2834,臺企銀,6,0,6,凱基-士林,2023-05-16,9238
6488,環球晶,6,0,6,凱基-士林,2023-05-16,9238
2317,鴻海,6,1,5,凱基-士林,2023-05-16,9238
3231,緯創,16,11,5,凱基-士林,2023-05-16,9238
1104,環泥,5,0,5,凱基-士林,2023-05-16,9238
00713,元大台灣高息低波,5,0,5,凱基-士林,2023-05-16,9238
1445,大宇,5,0,5,凱基-士林,2023-05-16,9238
1608,華榮,10,5,5,凱基-士林,2023-05-16,9238
1708,東鹼,5,0,5,凱基-士林,2023-05-16,9238
2208,台船,5,0,5,凱基-士林,2023-05-16,9238
3303,岱稜,5,0,5,凱基-士林,2023-05-16,9238
4804,大略-KY,5,0,5,凱基-士林,2023-05-16,9238
5381,合正,5,0,5,凱基-士林,2023-05-16,9238
6712,長聖,4,0,4,凱基-士林,2023-05-16,9238
2368,金像電,15,11,4,凱基-士林,2023-05-16,9238
2405,輔信,4,0,4,凱基-士林,2023-05-16,9238
2745,五福,4,0,4,凱基-士林,2023-05-16,9238
3308,聯德,4,0,4,凱基-士林,2023-05-16,9238
6112,邁達特,4,0,4,凱基-士林,2023-05-16,9238
6235,華孚,10,6,4,凱基-士林,2023-05-16,9238
4968,立積,3,0,3,凱基-士林,2023-05-16,9238
4919,新唐,3,0,3,凱基-士林,2023-05-16,9238
00877,復華中國5G,3,0,3,凱基-士林,2023-05-16,9238
4927,泰鼎-KY,107,2,105,凱基-士林,2023-05-17,9238
2603,長榮,67,1,66,凱基-士林,2023-05-17,9238
4402,郡都開發,59,0,59,凱基-士林,2023-05-17,9238
00680L,元大美債20正2,41,0,41,凱基-士林,2023-05-17,9238
5328,華容,41,0,41,凱基-士林,2023-05-17,9238
4967,十銓,39,2,37,凱基-士林,2023-05-17,9238
3499,環天科,30,0,30,凱基-士林,2023-05-17,9238
6689,伊雲谷,30,0,30,凱基-士林,2023-05-17,9238
6770,力積電,30,2,28,凱基-士林,2023-05-17,9238
00637L,元大滬深300正2,26,0,26,凱基-士林,2023-05-17,9238
00715L,期街口布蘭特正2,24,0,24,凱基-士林,2023-05-17,9238
00878,國泰永續高股息,46,26,20,凱基-士林,2023-05-17,9238
00664R,國泰臺灣加權反1,20,0,20,凱基-士林,2023-05-17,9238
3058,立德,26,6,20,凱基-士林,2023-05-17,9238
3701,大眾控,20,0,20,凱基-士林,2023-05-17,9238
4147,中裕,20,0,20,凱基-士林,2023-05-17,9238
2313,華通,18,0,18,凱基-士林,2023-05-17,9238
00712,復華富時不動產,17,0,17,凱基-士林,2023-05-17,9238
00772B,中信高評級公司債,17,0,17,凱基-士林,2023-05-17,9238
1727,中華化,17,1,16,凱基-士林,2023-05-17,9238
2323,中環,15,0,15,凱基-士林,2023-05-17,9238
3558,神準,75,61,14,凱基-士林,2023-05-17,9238
00882,中信中國高股息,12,0,12,凱基-士林,2023-05-17,9238
3363,上詮,26,14,12,凱基-士林,2023-05-17,9238
1504,東元,25,14,11,凱基-士林,2023-05-17,9238
00751B,元大AAA至A公司債,10,0,10,凱基-士林,2023-05-17,9238
00655L,國泰中國A50正2,10,0,10,凱基-士林,2023-05-17,9238
1531,高林股,10,0,10,凱基-士林,2023-05-17,9238
2812,台中銀,10,0,10,凱基-士林,2023-05-17,9238
00720B,元大投資級公司債,9,0,9,凱基-士林,2023-05-17,9238
6204,艾華,9,0,9,凱基-士林,2023-05-17,9238
8105,凌巨,10,1,9,凱基-士林,2023-05-17,9238
2722,夏都,8,0,8,凱基-士林,2023-05-17,9238
3059,華晶科,8,0,8,凱基-士林,2023-05-17,9238
8076,伍豐,11,3,8,凱基-士林,2023-05-17,9238
2303,聯電,9,2,7,凱基-士林,2023-05-17,9238
4979,華星光,14,7,7,凱基-士林,2023-05-17,9238
6285,啟��,6,0,6,凱基-士林,2023-05-17,9238
1605,華新,7,1,6,凱基-士林,2023-05-17,9238
2353,宏��,9,3,6,凱基-士林,2023-05-17,9238
3236,千如,11,5,6,凱基-士林,2023-05-17,9238
5469,瀚宇博,6,0,6,凱基-士林,2023-05-17,9238
00654R,富邦印度反1,5,0,5,凱基-士林,2023-05-17,9238
00633L,富邦上証正2,5,0,5,凱基-士林,2023-05-17,9238
2009,第一銅,5,0,5,凱基-士林,2023-05-17,9238
2332,友訊,5,0,5,凱基-士林,2023-05-17,9238
2834,臺企銀,10,5,5,凱基-士林,2023-05-17,9238
2885,元大金,5,0,5,凱基-士林,2023-05-17,9238
3006,晶豪科,14,9,5,凱基-士林,2023-05-17,9238
3202,樺晟,5,0,5,凱基-士林,2023-05-17,9238
2371,大同,155,11,144,凱基-士林,2023-05-18,9238
2618,長榮航,71,12,59,凱基-士林,2023-05-18,9238
3022,威強電,54,0,54,凱基-士林,2023-05-18,9238
2633,台灣高鐵,43,0,43,凱基-士林,2023-05-18,9238
1342,八貫,31,4,27,凱基-士林,2023-05-18,9238
3163,波若威,30,8,22,凱基-士林,2023-05-18,9238
2538,基泰,20,0,20,凱基-士林,2023-05-18,9238
2897,王道銀行,20,0,20,凱基-士林,2023-05-18,9238
5381,合正,20,0,20,凱基-士林,2023-05-18,9238
2401,凌陽,17,0,17,凱基-士林,2023-05-18,9238
2314,台揚,12,0,12,凱基-士林,2023-05-18,9238
4979,華星光,14,3,11,凱基-士林,2023-05-18,9238
5351,鈺創,12,1,11,凱基-士林,2023-05-18,9238
00673R,期元大S＆P原油反1,10,0,10,凱基-士林,2023-05-18,9238
00664R,國泰臺灣加權反1,10,0,10,凱基-士林,2023-05-18,9238
00632R,元大台灣50反1,30,20,10,凱基-士林,2023-05-18,9238
3038,全台,11,1,10,凱基-士林,2023-05-18,9238
3202,樺晟,10,0,10,凱基-士林,2023-05-18,9238
9945,潤泰新,14,4,10,凱基-士林,2023-05-18,9238
1101,台泥,10,0,10,凱基-士林,2023-05-18,9238
2332,友訊,7,0,7,凱基-士林,2023-05-18,9238
00751B,元大AAA至A公司債,6,0,6,凱基-士林,2023-05-18,9238
00885,富邦越南,6,0,6,凱基-士林,2023-05-18,9238
2009,第一銅,6,0,6,凱基-士林,2023-05-18,9238
2351,順德,8,2,6,凱基-士林,2023-05-18,9238
2634,漢翔,7,1,6,凱基-士林,2023-05-18,9238
00679B,元大美債20年,6,0,6,凱基-士林,2023-05-18,9238
00720B,元大投資級公司債,5,0,5,凱基-士林,2023-05-18,9238
4744,皇將,5,0,5,凱基-士林,2023-05-18,9238
00655L,國泰中國A50正2,10,5,5,凱基-士林,2023-05-18,9238
1609,大亞,13,8,5,凱基-士林,2023-05-18,9238
1752,南光,10,5,5,凱基-士林,2023-05-18,9238
2489,瑞軒,5,0,5,凱基-士林,2023-05-18,9238
2890,永豐金,5,0,5,凱基-士林,2023-05-18,9238
3014,聯陽,6,1,5,凱基-士林,2023-05-18,9238
3303,岱稜,5,0,5,凱基-士林,2023-05-18,9238
3317,尼克森,5,0,5,凱基-士林,2023-05-18,9238
3706,神達,5,0,5,凱基-士林,2023-05-18,9238
4163,鐿鈦,5,0,5,凱基-士林,2023-05-18,9238
4804,大略-KY,5,0,5,凱基-士林,2023-05-18,9238
6111,大宇資,5,0,5,凱基-士林,2023-05-18,9238
6140,訊達,5,0,5,凱基-士林,2023-05-18,9238
6206,飛捷,5,0,5,凱基-士林,2023-05-18,9238
6266,泰詠,5,0,5,凱基-士林,2023-05-18,9238
8033,雷虎,5,0,5,凱基-士林,2023-05-18,9238
8105,凌巨,5,0,5,凱基-士林,2023-05-18,9238
8222,寶一,19,14,5,凱基-士林,2023-05-18,9238
3443,創意,7,2,5,凱基-士林,2023-05-18,9238
2206,三陽工業,20,15,5,凱基-士林,2023-05-18,9238
2884,玉山金,4,0,4,凱基-士林,2023-05-18,9238
5328,華容,202,0,202,凱基-士林,2023-05-19,9238
00632R,元大台灣50反1,123,0,123,凱基-士林,2023-05-19,9238
3706,神達,130,11,119,凱基-士林,2023-05-19,9238
4543,萬在,110,0,110,凱基-士林,2023-05-19,9238
5009,榮剛,53,4,49,凱基-士林,2023-05-19,9238
2897,王道銀行,40,0,40,凱基-士林,2023-05-19,9238
2883,凱基金,50,12,38,凱基-士林,2023-05-19,9238
00637L,元大滬深300正2,45,10,35,凱基-士林,2023-05-19,9238
6282,康舒,96,65,31,凱基-士林,2023-05-19,9238
2851,中再保,30,0,30,凱基-士林,2023-05-19,9238
3022,威強電,27,0,27,凱基-士林,2023-05-19,9238
3035,智原,26,2,24,凱基-士林,2023-05-19,9238
3363,上詮,66,43,23,凱基-士林,2023-05-19,9238
6550,北極星藥業-KY,23,2,21,凱基-士林,2023-05-19,9238
1108,幸福,20,0,20,凱基-士林,2023-05-19,9238
1314,中石化,20,0,20,凱基-士林,2023-05-19,9238
1611,中電,20,0,20,凱基-士林,2023-05-19,9238
1717,長興,20,0,20,凱基-士林,2023-05-19,9238
2431,聯昌,20,0,20,凱基-士林,2023-05-19,9238
5880,合庫金,20,1,19,凱基-士林,2023-05-19,9238
5251,天鉞電,18,0,18,凱基-士林,2023-05-19,9238
2317,鴻海,18,1,17,凱基-士林,2023-05-19,9238
00720B,元大投資級公司債,17,1,16,凱基-士林,2023-05-19,9238
00882,中信中國高股息,21,5,16,凱基-士林,2023-05-19,9238
6288,聯嘉,16,0,16,凱基-士林,2023-05-19,9238
3202,樺晟,15,0,15,凱基-士林,2023-05-19,9238
3059,華晶科,14,0,14,凱基-士林,2023-05-19,9238
5351,鈺創,14,0,14,凱基-士林,2023-05-19,9238
2421,建準,25,12,13,凱基-士林,2023-05-19,9238
5706,鳳凰,36,23,13,凱基-士林,2023-05-19,9238
1513,中興電,23,11,12,凱基-士林,2023-05-19,9238
00679B,元大美債20年,10,0,10,凱基-士林,2023-05-19,9238
00664R,國泰臺灣加權反1,10,0,10,凱基-士林,2023-05-19,9238
00753L,中信中國50正2,10,0,10,凱基-士林,2023-05-19,9238
1218,泰山,10,0,10,凱基-士林,2023-05-19,9238
1608,華榮,10,0,10,凱基-士林,2023-05-19,9238
3558,神準,12,2,10,凱基-士林,2023-05-19,9238
5381,合正,10,0,10,凱基-士林,2023-05-19,9238
6753,龍德造船,13,3,10,凱基-士林,2023-05-19,9238
8038,長園科,10,0,10,凱基-士林,2023-05-19,9238
9928,中視,10,0,10,凱基-士林,2023-05-19,9238
2457,飛宏,37,28,9,凱基-士林,2023-05-19,9238
2453,凌群,9,0,9,凱基-士林,2023-05-19,9238
3058,立德,9,0,9,凱基-士林,2023-05-19,9238
5324,士開,10,1,9,凱基-士林,2023-05-19,9238
6243,迅杰,10,1,9,凱基-士林,2023-05-19,9238
8403,盛弘,9,0,9,凱基-士林,2023-05-19,9238
1905,華紙,8,0,8,凱基-士林,2023-05-19,9238
00900,富邦特選高股息30,8,0,8,凱基-士林,2023-05-19,9238
3056,富華新,8,0,8,凱基-士林,2023-05-19,9238
3494,誠研,200,0,200,凱基-士林,2023-05-22,9238
00715L,期街口布蘭特正2,110,0,110,凱基-士林,2023-05-22,9238
2303,聯電,59,4,55,凱基-士林,2023-05-22,9238
2382,廣達,52,5,47,凱基-士林,2023-05-22,9238
6167,久正,40,0,40,凱基-士林,2023-05-22,9238
2442,新美齊,41,2,39,凱基-士林,2023-05-22,9238
6485,點序,31,1,30,凱基-士林,2023-05-22,9238
1504,東元,48,18,30,凱基-士林,2023-05-22,9238
1795,美時,30,2,28,凱基-士林,2023-05-22,9238
2317,鴻海,20,0,20,凱基-士林,2023-05-22,9238
00687B,國泰20年美債,20,0,20,凱基-士林,2023-05-22,9238
2331,精英,24,5,19,凱基-士林,2023-05-22,9238
00882,中信中國高股息,18,0,18,凱基-士林,2023-05-22,9238
2368,金像電,33,15,18,凱基-士林,2023-05-22,9238
2618,長榮航,312,296,16,凱基-士林,2023-05-22,9238
1609,大亞,37,21,16,凱基-士林,2023-05-22,9238
1809,中釉,20,5,15,凱基-士林,2023-05-22,9238
2313,華通,17,2,15,凱基-士林,2023-05-22,9238
4563,百德,14,0,14,凱基-士林,2023-05-22,9238
3037,欣興,27,14,13,凱基-士林,2023-05-22,9238
8171,天宇,17,5,12,凱基-士林,2023-05-22,9238
4979,華星光,20,9,11,凱基-士林,2023-05-22,9238
6112,邁達特,21,10,11,凱基-士林,2023-05-22,9238
5009,榮剛,15,4,11,凱基-士林,2023-05-22,9238
1314,中石化,11,1,10,凱基-士林,2023-05-22,9238
5309,系統電,10,0,10,凱基-士林,2023-05-22,9238
9928,中視,10,0,10,凱基-士林,2023-05-22,9238
2371,大同,10,1,9,凱基-士林,2023-05-22,9238
2498,宏達電,12,3,9,凱基-士林,2023-05-22,9238
2634,漢翔,41,32,9,凱基-士林,2023-05-22,9238
00712,復華富時不動產,7,0,7,凱基-士林,2023-05-22,9238
2887,台新金,8,1,7,凱基-士林,2023-05-22,9238
00632R,元大台灣50反1,7,0,7,凱基-士林,2023-05-22,9238
00713,元大台灣高息低波,7,0,7,凱基-士林,2023-05-22,9238
1605,華新,16,10,6,凱基-士林,2023-05-22,9238
3044,健鼎,9,3,6,凱基-士林,2023-05-22,9238
3576,聯合再生,5,0,5,凱基-士林,2023-05-22,9238
1109,信大,5,0,5,凱基-士林,2023-05-22,9238
1402,遠東新,5,0,5,凱基-士林,2023-05-22,9238
1905,華紙,9,4,5,凱基-士林,2023-05-22,9238
2014,中鴻,5,0,5,凱基-士林,2023-05-22,9238
2031,新光鋼,5,0,5,凱基-士林,2023-05-22,9238
2736,富野,10,5,5,凱基-士林,2023-05-22,9238
3058,立德,5,0,5,凱基-士林,2023-05-22,9238
3706,神達,5,0,5,凱基-士林,2023-05-22,9238
4550,長佳,5,0,5,凱基-士林,2023-05-22,9238
5353,台林,5,0,5,凱基-士林,2023-05-22,9238
6259,百徽,5,0,5,凱基-士林,2023-05-22,9238
8227,巨有科技,4,0,4,凱基-士林,2023-05-22,9238
00885,富邦越南,4,0,4,凱基-士林,2023-05-22,9238
2371,大同,491,9,482,凱基-士林,2023-05-23,9238
2618,長榮航,228,51,177,凱基-士林,2023-05-23,9238
3494,誠研,148,1,147,凱基-士林,2023-05-23,9238
6179,亞通,60,0,60,凱基-士林,2023-05-23,9238
2368,金像電,59,1,58,凱基-士林,2023-05-23,9238
00637L,元大滬深300正2,58,7,51,凱基-士林,2023-05-23,9238
6116,彩晶,50,0,50,凱基-士林,2023-05-23,9238
5328,華容,62,13,49,凱基-士林,2023-05-23,9238
2634,漢翔,48,5,43,凱基-士林,2023-05-23,9238
2891,中信金,50,7,43,凱基-士林,2023-05-23,9238
8930,青鋼,40,0,40,凱基-士林,2023-05-23,9238
1437,勤益控,40,0,40,凱基-士林,2023-05-23,9238
00882,中信中國高股息,34,0,34,凱基-士林,2023-05-23,9238
6133,金橋,29,1,28,凱基-士林,2023-05-23,9238
8076,伍豐,27,5,22,凱基-士林,2023-05-23,9238
2022,聚亨,20,0,20,凱基-士林,2023-05-23,9238
3141,晶宏,19,0,19,凱基-士林,2023-05-23,9238
00720B,元大投資級公司債,18,0,18,凱基-士林,2023-05-23,9238
2338,光罩,18,0,18,凱基-士林,2023-05-23,9238
2362,藍天,16,0,16,凱基-士林,2023-05-23,9238
3481,群創,16,1,15,凱基-士林,2023-05-23,9238
3078,僑威,30,16,14,凱基-士林,2023-05-23,9238
1589,永冠-KY,14,2,12,凱基-士林,2023-05-23,9238
1717,長興,12,0,12,凱基-士林,2023-05-23,9238
6548,長科*,12,0,12,凱基-士林,2023-05-23,9238
1101,台泥,11,0,11,凱基-士林,2023-05-23,9238
2913,農林,11,0,11,凱基-士林,2023-05-23,9238
5243,乙盛-KY,13,2,11,凱基-士林,2023-05-23,9238
6223,旺矽,13,2,11,凱基-士林,2023-05-23,9238
00679B,元大美債20年,10,0,10,凱基-士林,2023-05-23,9238
1513,中興電,16,6,10,凱基-士林,2023-05-23,9238
00650L,復華香港正2,10,0,10,凱基-士林,2023-05-23,9238
2314,台揚,14,4,10,凱基-士林,2023-05-23,9238
2450,神腦,10,0,10,凱基-士林,2023-05-23,9238
2916,滿心,10,0,10,凱基-士林,2023-05-23,9238
3004,豐達科,10,0,10,凱基-士林,2023-05-23,9238
3032,偉訓,10,0,10,凱基-士林,2023-05-23,9238
3055,蔚華科,10,0,10,凱基-士林,2023-05-23,9238
3576,聯合再生,10,0,10,凱基-士林,2023-05-23,9238
5439,高技,10,0,10,凱基-士林,2023-05-23,9238
6733,博晟生醫,10,0,10,凱基-士林,2023-05-23,9238
00687B,國泰20年美債,9,0,9,凱基-士林,2023-05-23,9238
3308,聯德,11,3,8,凱基-士林,2023-05-23,9238
9945,潤泰新,8,0,8,凱基-士林,2023-05-23,9238
1504,東元,11,3,8,凱基-士林,2023-05-23,9238
1904,正隆,21,14,7,凱基-士林,2023-05-23,9238
6531,愛普*,7,0,7,凱基-士林,2023-05-23,9238
2458,義隆,7,1,6,凱基-士林,2023-05-23,9238
1310,台苯,8,2,6,凱基-士林,2023-05-23,9238
00632R,元大台灣50反1,6,0,6,凱基-士林,2023-05-23,9238
4543,萬在,120,3,117,凱基-士林,2023-05-24,9238
00882,中信中國高股息,90,4,86,凱基-士林,2023-05-24,9238
2427,三商電,86,0,86,凱基-士林,2023-05-24,9238
1785,光洋科,59,3,56,凱基-士林,2023-05-24,9238
1437,勤益控,47,1,46,凱基-士林,2023-05-24,9238
4155,訊映,67,25,42,凱基-士林,2023-05-24,9238
2442,新美齊,42,0,42,凱基-士林,2023-05-24,9238
2457,飛宏,85,44,41,凱基-士林,2023-05-24,9238
2888,新光金,40,1,39,凱基-士林,2023-05-24,9238
6288,聯嘉,36,0,36,凱基-士林,2023-05-24,9238
2851,中再保,35,0,35,凱基-士林,2023-05-24,9238
6133,金橋,35,1,34,凱基-士林,2023-05-24,9238
2834,臺企銀,32,0,32,凱基-士林,2023-05-24,9238
2399,映泰,120,94,26,凱基-士林,2023-05-24,9238
00753L,中信中國50正2,25,0,25,凱基-士林,2023-05-24,9238
3591,艾笛森,25,0,25,凱基-士林,2023-05-24,9238
00637L,元大滬深300正2,23,0,23,凱基-士林,2023-05-24,9238
3003,健和興,27,5,22,凱基-士林,2023-05-24,9238
00632R,元大台灣50反1,21,0,21,凱基-士林,2023-05-24,9238
1229,聯華,20,0,20,凱基-士林,2023-05-24,9238
2882,國泰金,21,1,20,凱基-士林,2023-05-24,9238
6282,康舒,30,10,20,凱基-士林,2023-05-24,9238
1101,台泥,26,7,19,凱基-士林,2023-05-24,9238
00878,國泰永續高股息,28,9,19,凱基-士林,2023-05-24,9238
3499,環天科,15,0,15,凱基-士林,2023-05-24,9238
3576,聯合再生,15,0,15,凱基-士林,2023-05-24,9238
3038,全台,15,1,14,凱基-士林,2023-05-24,9238
4564,元翎,15,1,14,凱基-士林,2023-05-24,9238
00679B,元大美債20年,18,4,14,凱基-士林,2023-05-24,9238
00665L,富邦�琤肭磪囓�2,13,0,13,凱基-士林,2023-05-24,9238
3363,上詮,19,6,13,凱基-士林,2023-05-24,9238
6245,立端,13,0,13,凱基-士林,2023-05-24,9238
6733,博晟生醫,13,0,13,凱基-士林,2023-05-24,9238
9907,統一實,25,13,12,凱基-士林,2023-05-24,9238
2338,光罩,12,0,12,凱基-士林,2023-05-24,9238
3029,零壹,12,1,11,凱基-士林,2023-05-24,9238
00720B,元大投資級公司債,10,0,10,凱基-士林,2023-05-24,9238
5347,世界,10,0,10,凱基-士林,2023-05-24,9238
1531,高林股,10,0,10,凱基-士林,2023-05-24,9238
2916,滿心,10,0,10,凱基-士林,2023-05-24,9238
5388,中磊,10,0,10,凱基-士林,2023-05-24,9238
1802,台玻,9,0,9,凱基-士林,2023-05-24,9238
4566,時碩工業,9,0,9,凱基-士林,2023-05-24,9238
2890,永豐金,9,0,9,凱基-士林,2023-05-24,9238
00713,元大台灣高息低波,9,1,8,凱基-士林,2023-05-24,9238
3149,正達,8,0,8,凱基-士林,2023-05-24,9238
3706,神達,10,2,8,凱基-士林,2023-05-24,9238
5425,台半,8,0,8,凱基-士林,2023-05-24,9238
00633L,富邦上証正2,7,0,7,凱基-士林,2023-05-24,9238
1503,士電,13,6,7,凱基-士林,2023-05-24,9238
2618,長榮航,675,423,252,凱基-士林,2023-05-25,9238
1437,勤益控,77,0,77,凱基-士林,2023-05-25,9238
00882,中信中國高股息,73,3,70,凱基-士林,2023-05-25,9238
00637L,元大滬深300正2,69,3,66,凱基-士林,2023-05-25,9238
1609,大亞,62,0,62,凱基-士林,2023-05-25,9238
1584,精剛,52,0,52,凱基-士林,2023-05-25,9238
2883,凱基金,51,1,50,凱基-士林,2023-05-25,9238
2485,兆赫,140,90,50,凱基-士林,2023-05-25,9238
6164,華興,31,4,27,凱基-士林,2023-05-25,9238
5258,虹堡,30,4,26,凱基-士林,2023-05-25,9238
3499,環天科,25,0,25,凱基-士林,2023-05-25,9238
2701,萬企,41,17,24,凱基-士林,2023-05-25,9238
8171,天宇,29,5,24,凱基-士林,2023-05-25,9238
2706,第一店,25,3,22,凱基-士林,2023-05-25,9238
2344,華邦電,22,1,21,凱基-士林,2023-05-25,9238
2630,亞航,24,3,21,凱基-士林,2023-05-25,9238
00650L,復華香港正2,20,0,20,凱基-士林,2023-05-25,9238
2031,新光鋼,20,0,20,凱基-士林,2023-05-25,9238
2888,新光金,20,0,20,凱基-士林,2023-05-25,9238
6167,久正,20,1,19,凱基-士林,2023-05-25,9238
00633L,富邦上証正2,18,0,18,凱基-士林,2023-05-25,9238
3576,聯合再生,16,0,16,凱基-士林,2023-05-25,9238
00673R,期元大S＆P原油反1,16,0,16,凱基-士林,2023-05-25,9238
4916,事欣科,16,0,16,凱基-士林,2023-05-25,9238
2882,國泰金,29,13,16,凱基-士林,2023-05-25,9238
2331,精英,29,14,15,凱基-士林,2023-05-25,9238
1101,台泥,16,1,15,凱基-士林,2023-05-25,9238
2617,台航,15,0,15,凱基-士林,2023-05-25,9238
2634,漢翔,16,1,15,凱基-士林,2023-05-25,9238
2548,華固,14,0,14,凱基-士林,2023-05-25,9238
00885,富邦越南,13,0,13,凱基-士林,2023-05-25,9238
2442,新美齊,13,0,13,凱基-士林,2023-05-25,9238
2891,中信金,13,0,13,凱基-士林,2023-05-25,9238
00712,復華富時不動產,13,0,13,凱基-士林,2023-05-25,9238
2887,台新金,12,0,12,凱基-士林,2023-05-25,9238
00720B,元大投資級公司債,14,2,12,凱基-士林,2023-05-25,9238
1721,三晃,12,0,12,凱基-士林,2023-05-25,9238
6259,百徽,12,0,12,凱基-士林,2023-05-25,9238
00753L,中信中國50正2,13,2,11,凱基-士林,2023-05-25,9238
4967,十銓,13,2,11,凱基-士林,2023-05-25,9238
2603,長榮,11,0,11,凱基-士林,2023-05-25,9238
1229,聯華,10,0,10,凱基-士林,2023-05-25,9238
1460,宏遠,10,0,10,凱基-士林,2023-05-25,9238
3707,漢磊,10,0,10,凱基-士林,2023-05-25,9238
6274,台燿,13,3,10,凱基-士林,2023-05-25,9238
6278,台表科,10,0,10,凱基-士林,2023-05-25,9238
8097,常珵,10,0,10,凱基-士林,2023-05-25,9238
8215,明基材,24,14,10,凱基-士林,2023-05-25,9238
00713,元大台灣高息低波,11,1,10,凱基-士林,2023-05-25,9238
2881,富邦金,11,3,8,凱基-士林,2023-05-25,9238
00632R,元大台灣50反1,1391,0,1391,凱基-士林,2023-05-26,9238
00715L,期街口布蘭特正2,114,0,114,凱基-士林,2023-05-26,9238
4543,萬在,97,0,97,凱基-士林,2023-05-26,9238
3481,群創,70,3,67,凱基-士林,2023-05-26,9238
00637L,元大滬深300正2,72,10,62,凱基-士林,2023-05-26,9238
3576,聯合再生,65,5,60,凱基-士林,2023-05-26,9238
1437,勤益控,45,0,45,凱基-士林,2023-05-26,9238
3499,環天科,40,0,40,凱基-士林,2023-05-26,9238
5608,四維航,40,0,40,凱基-士林,2023-05-26,9238
00712,復華富時不動產,32,0,32,凱基-士林,2023-05-26,9238
3049,精金,30,0,30,凱基-士林,2023-05-26,9238
1314,中石化,30,0,30,凱基-士林,2023-05-26,9238
6185,幃翔,30,0,30,凱基-士林,2023-05-26,9238
1721,三晃,27,0,27,凱基-士林,2023-05-26,9238
4564,元翎,41,14,27,凱基-士林,2023-05-26,9238
2548,華固,25,0,25,凱基-士林,2023-05-26,9238
00878,國泰永續高股息,34,9,25,凱基-士林,2023-05-26,9238
2633,台灣高鐵,24,0,24,凱基-士林,2023-05-26,9238
2630,亞航,25,1,24,凱基-士林,2023-05-26,9238
6288,聯嘉,24,0,24,凱基-士林,2023-05-26,9238
3231,緯創,572,548,24,凱基-士林,2023-05-26,9238
2371,大同,34,12,22,凱基-士林,2023-05-26,9238
2883,凱基金,40,18,22,凱基-士林,2023-05-26,9238
2331,精英,20,0,20,凱基-士林,2023-05-26,9238
3338,泰碩,20,0,20,凱基-士林,2023-05-26,9238
3071,協禧,19,0,19,凱基-士林,2023-05-26,9238
3715,定穎投控,18,1,17,凱基-士林,2023-05-26,9238
1312,國喬,20,5,15,凱基-士林,2023-05-26,9238
2317,鴻海,13,0,13,凱基-士林,2023-05-26,9238
2368,金像電,31,18,13,凱基-士林,2023-05-26,9238
6133,金橋,12,0,12,凱基-士林,2023-05-26,9238
2606,裕民,12,0,12,凱基-士林,2023-05-26,9238
6290,良維,12,0,12,凱基-士林,2023-05-26,9238
00650L,復華香港正2,12,0,12,凱基-士林,2023-05-26,9238
6187,萬潤,12,0,12,凱基-士林,2023-05-26,9238
00882,中信中國高股息,12,0,12,凱基-士林,2023-05-26,9238
2425,承啟,11,0,11,凱基-士林,2023-05-26,9238
1802,台玻,11,0,11,凱基-士林,2023-05-26,9238
00902,中信電池及儲能,10,0,10,凱基-士林,2023-05-26,9238
00753L,中信中國50正2,10,0,10,凱基-士林,2023-05-26,9238
00676R,富邦臺灣加權反1,10,0,10,凱基-士林,2023-05-26,9238
00687B,國泰20年美債,10,0,10,凱基-士林,2023-05-26,9238
1416,廣豐,10,0,10,凱基-士林,2023-05-26,9238
2495,普安,14,4,10,凱基-士林,2023-05-26,9238
2916,滿心,10,0,10,凱基-士林,2023-05-26,9238
3032,偉訓,10,0,10,凱基-士林,2023-05-26,9238
3227,原相,10,0,10,凱基-士林,2023-05-26,9238
3706,神達,10,0,10,凱基-士林,2023-05-26,9238
4130,健亞,12,2,10,凱基-士林,2023-05-26,9238
4426,利勤,10,0,10,凱基-士林,2023-05-26,9238
2618,長榮航,290,105,185,凱基-士林,2023-05-29,9238
00665L,富邦�琤肭磪囓�2,153,0,153,凱基-士林,2023-05-29,9238
4564,元翎,82,2,80,凱基-士林,2023-05-29,9238
3419,譁裕,61,2,59,凱基-士林,2023-05-29,9238
1608,華榮,69,27,42,凱基-士林,2023-05-29,9238
5425,台半,155,117,38,凱基-士林,2023-05-29,9238
00882,中信中國高股息,31,0,31,凱基-士林,2023-05-29,9238
2399,映泰,35,4,31,凱基-士林,2023-05-29,9238
2883,凱基金,34,5,29,凱基-士林,2023-05-29,9238
3518,柏騰,28,0,28,凱基-士林,2023-05-29,9238
2630,亞航,26,0,26,凱基-士林,2023-05-29,9238
2323,中環,25,1,24,凱基-士林,2023-05-29,9238
00637L,元大滬深300正2,23,0,23,凱基-士林,2023-05-29,9238
00632R,元大台灣50反1,42,20,22,凱基-士林,2023-05-29,9238
1314,中石化,22,0,22,凱基-士林,2023-05-29,9238
6125,廣運,31,9,22,凱基-士林,2023-05-29,9238
2867,三商壽,20,0,20,凱基-士林,2023-05-29,9238
6283,淳安,19,0,19,凱基-士林,2023-05-29,9238
6138,茂達,19,0,19,凱基-士林,2023-05-29,9238
00680L,元大美債20正2,18,0,18,凱基-士林,2023-05-29,9238
3231,緯創,232,214,18,凱基-士林,2023-05-29,9238
00687B,國泰20年美債,15,0,15,凱基-士林,2023-05-29,9238
00795B,中信美國公債20年,15,0,15,凱基-士林,2023-05-29,9238
6285,啟��,17,2,15,凱基-士林,2023-05-29,9238
3491,昇達科,18,4,14,凱基-士林,2023-05-29,9238
2376,技嘉,28,16,12,凱基-士林,2023-05-29,9238
1503,士電,19,7,12,凱基-士林,2023-05-29,9238
2834,臺企銀,12,0,12,凱基-士林,2023-05-29,9238
3131,弘塑,15,3,12,凱基-士林,2023-05-29,9238
00720B,元大投資級公司債,11,0,11,凱基-士林,2023-05-29,9238
4770,上品,11,0,11,凱基-士林,2023-05-29,9238
5340,建榮,11,0,11,凱基-士林,2023-05-29,9238
2421,建準,19,9,10,凱基-士林,2023-05-29,9238
00650L,復華香港正2,10,0,10,凱基-士林,2023-05-29,9238
1310,台苯,10,0,10,凱基-士林,2023-05-29,9238
2543,皇昌,10,0,10,凱基-士林,2023-05-29,9238
2881,富邦金,12,2,10,凱基-士林,2023-05-29,9238
3207,耀勝,40,30,10,凱基-士林,2023-05-29,9238
3624,光頡,13,3,10,凱基-士林,2023-05-29,9238
4804,大略-KY,10,0,10,凱基-士林,2023-05-29,9238
6288,聯嘉,12,2,10,凱基-士林,2023-05-29,9238
6672,騰輝電子-KY,10,0,10,凱基-士林,2023-05-29,9238
6753,龍德造船,10,0,10,凱基-士林,2023-05-29,9238
3163,波若威,77,68,9,凱基-士林,2023-05-29,9238
2547,日勝生,10,1,9,凱基-士林,2023-05-29,9238
00924,復華S＆P500成長,8,0,8,凱基-士林,2023-05-29,9238
2380,虹光,8,0,8,凱基-士林,2023-05-29,9238
6016,康和證,10,2,8,凱基-士林,2023-05-29,9238
00902,中信電池及儲能,7,0,7,凱基-士林,2023-05-29,9238
00679B,元大美債20年,7,0,7,凱基-士林,2023-05-29,9238
2329,華泰,250,1,249,凱基-士林,2023-05-30,9238
3025,星通,109,17,92,凱基-士林,2023-05-30,9238
5009,榮剛,58,0,58,凱基-士林,2023-05-30,9238
00753L,中信中國50正2,53,0,53,凱基-士林,2023-05-30,9238
9938,百和,50,0,50,凱基-士林,2023-05-30,9238
2427,三商電,50,0,50,凱基-士林,2023-05-30,9238
5340,建榮,59,19,40,凱基-士林,2023-05-30,9238
6133,金橋,40,0,40,凱基-士林,2023-05-30,9238
2634,漢翔,34,1,33,凱基-士林,2023-05-30,9238
2630,亞航,31,1,30,凱基-士林,2023-05-30,9238
00882,中信中國高股息,30,0,30,凱基-士林,2023-05-30,9238
2736,富野,30,1,29,凱基-士林,2023-05-30,9238
00632R,元大台灣50反1,28,0,28,凱基-士林,2023-05-30,9238
2882,國泰金,32,5,27,凱基-士林,2023-05-30,9238
8011,台通,33,7,26,凱基-士林,2023-05-30,9238
00715L,期街口布蘭特正2,28,3,25,凱基-士林,2023-05-30,9238
3032,偉訓,32,7,25,凱基-士林,2023-05-30,9238
00764B,群益25年美債,20,0,20,凱基-士林,2023-05-30,9238
3419,譁裕,20,0,20,凱基-士林,2023-05-30,9238
8059,凱碩,25,5,20,凱基-士林,2023-05-30,9238
8234,新漢,20,0,20,凱基-士林,2023-05-30,9238
1460,宏遠,19,0,19,凱基-士林,2023-05-30,9238
6223,旺矽,20,2,18,凱基-士林,2023-05-30,9238
8033,雷虎,18,0,18,凱基-士林,2023-05-30,9238
2495,普安,21,4,17,凱基-士林,2023-05-30,9238
00687B,國泰20年美債,16,0,16,凱基-士林,2023-05-30,9238
1310,台苯,16,0,16,凱基-士林,2023-05-30,9238
3231,緯創,55,40,15,凱基-士林,2023-05-30,9238
2344,華邦電,16,1,15,凱基-士林,2023-05-30,9238
00680L,元大美債20正2,15,0,15,凱基-士林,2023-05-30,9238
6235,華孚,15,0,15,凱基-士林,2023-05-30,9238
3576,聯合再生,14,0,14,凱基-士林,2023-05-30,9238
2883,凱基金,47,33,14,凱基-士林,2023-05-30,9238
2353,宏��,12,0,12,凱基-士林,2023-05-30,9238
3037,欣興,36,24,12,凱基-士林,2023-05-30,9238
2365,昆盈,12,0,12,凱基-士林,2023-05-30,9238
2380,虹光,12,0,12,凱基-士林,2023-05-30,9238
00878,國泰永續高股息,20,8,12,凱基-士林,2023-05-30,9238
00679B,元大美債20年,12,1,11,凱基-士林,2023-05-30,9238
2302,麗正,11,0,11,凱基-士林,2023-05-30,9238
8432,東生華,11,0,11,凱基-士林,2023-05-30,9238
2103,台橡,10,0,10,凱基-士林,2023-05-30,9238
2442,新美齊,10,0,10,凱基-士林,2023-05-30,9238
2916,滿心,10,0,10,凱基-士林,2023-05-30,9238
5425,台半,12,2,10,凱基-士林,2023-05-30,9238
5469,瀚宇博,10,0,10,凱基-士林,2023-05-30,9238
6150,撼訊,11,1,10,凱基-士林,2023-05-30,9238
1609,大亞,10,1,9,凱基-士林,2023-05-30,9238
3128,昇銳,10,1,9,凱基-士林,2023-05-30,9238
4916,事欣科,10,1,9,凱基-士林,2023-05-30,9238
2618,長榮航,351,44,307,凱基-士林,2023-05-31,9238
00715L,期街口布蘭特正2,227,0,227,凱基-士林,2023-05-31,9238
3499,環天科,80,0,80,凱基-士林,2023-05-31,9238
4927,泰鼎-KY,82,5,77,凱基-士林,2023-05-31,9238
00680L,元大美債20正2,55,0,55,凱基-士林,2023-05-31,9238
3051,力特,54,3,51,凱基-士林,2023-05-31,9238
4960,誠美材,50,1,49,凱基-士林,2023-05-31,9238
5425,台半,49,0,49,凱基-士林,2023-05-31,9238
2883,凱基金,49,2,47,凱基-士林,2023-05-31,9238
2457,飛宏,118,76,42,凱基-士林,2023-05-31,9238
3231,緯創,141,99,42,凱基-士林,2023-05-31,9238
3706,神達,52,28,24,凱基-士林,2023-05-31,9238
3704,合勤控,24,0,24,凱基-士林,2023-05-31,9238
3090,日電貿,22,0,22,凱基-士林,2023-05-31,9238
3141,晶宏,22,0,22,凱基-士林,2023-05-31,9238
3289,宜特,25,3,22,凱基-士林,2023-05-31,9238
2603,長榮,23,2,21,凱基-士林,2023-05-31,9238
6753,龍德造船,20,0,20,凱基-士林,2023-05-31,9238
00878,國泰永續高股息,33,15,18,凱基-士林,2023-05-31,9238
00882,中信中國高股息,28,10,18,凱基-士林,2023-05-31,9238
6235,華孚,32,15,17,凱基-士林,2023-05-31,9238
6116,彩晶,20,3,17,凱基-士林,2023-05-31,9238
5243,乙盛-KY,19,3,16,凱基-士林,2023-05-31,9238
0056,元大高股息,15,2,13,凱基-士林,2023-05-31,9238
3025,星通,81,68,13,凱基-士林,2023-05-31,9238
2345,智邦,13,1,12,凱基-士林,2023-05-31,9238
5351,鈺創,36,24,12,凱基-士林,2023-05-31,9238
1608,華榮,11,0,11,凱基-士林,2023-05-31,9238
2748,雲品,15,4,11,凱基-士林,2023-05-31,9238
3576,聯合再生,12,1,11,凱基-士林,2023-05-31,9238
00696B,富邦美債20年,10,0,10,凱基-士林,2023-05-31,9238
1326,台化,10,0,10,凱基-士林,2023-05-31,9238
2362,藍天,10,0,10,凱基-士林,2023-05-31,9238
2882,國泰金,10,0,10,凱基-士林,2023-05-31,9238
5531,鄉林,10,0,10,凱基-士林,2023-05-31,9238
9105,泰金寶-DR,10,0,10,凱基-士林,2023-05-31,9238
00637L,元大滬深300正2,9,0,9,凱基-士林,2023-05-31,9238
1727,中華化,10,1,9,凱基-士林,2023-05-31,9238
2399,映泰,16,7,9,凱基-士林,2023-05-31,9238
2705,六福,12,3,9,凱基-士林,2023-05-31,9238
4506,崇友,9,0,9,凱基-士林,2023-05-31,9238
6274,台燿,9,0,9,凱基-士林,2023-05-31,9238
2354,鴻準,8,0,8,凱基-士林,2023-05-31,9238
3515,華擎,9,1,8,凱基-士林,2023-05-31,9238
4995,晶達,8,0,8,凱基-士林,2023-05-31,9238
1101,台泥,16,8,8,凱基-士林,2023-05-31,9238
2615,萬海,7,0,7,凱基-士林,2023-05-31,9238
3518,柏騰,7,0,7,凱基-士林,2023-05-31,9238
5403,中菲,7,0,7,凱基-士林,2023-05-31,9238
6695,芯鼎,7,0,7,凱基-士林,2023-05-31,9238
2457,飛宏,173,30,143,凱基-士林,2023-06-01,9238
2331,精英,87,12,75,凱基-士林,2023-06-01,9238
00715L,期街口布蘭特正2,70,0,70,凱基-士林,2023-06-01,9238
8234,新漢,90,20,70,凱基-士林,2023-06-01,9238
8215,明基材,60,2,58,凱基-士林,2023-06-01,9238
2731,雄獅,64,7,57,凱基-士林,2023-06-01,9238
2630,亞航,59,11,48,凱基-士林,2023-06-01,9238
2105,正新,40,0,40,凱基-士林,2023-06-01,9238
5328,華容,35,1,34,凱基-士林,2023-06-01,9238
2323,中環,42,10,32,凱基-士林,2023-06-01,9238
4927,泰鼎-KY,35,5,30,凱基-士林,2023-06-01,9238
00637L,元大滬深300正2,31,2,29,凱基-士林,2023-06-01,9238
3324,雙鴻,35,10,25,凱基-士林,2023-06-01,9238
5258,虹堡,27,3,24,凱基-士林,2023-06-01,9238
2913,農林,25,3,22,凱基-士林,2023-06-01,9238
3419,譁裕,22,0,22,凱基-士林,2023-06-01,9238
2603,長榮,22,1,21,凱基-士林,2023-06-01,9238
6129,普誠,20,0,20,凱基-士林,2023-06-01,9238
6182,合晶,20,0,20,凱基-士林,2023-06-01,9238
6804,明係,19,1,18,凱基-士林,2023-06-01,9238
3363,上詮,20,3,17,凱基-士林,2023-06-01,9238
3260,威剛,22,5,17,凱基-士林,2023-06-01,9238
1109,信大,16,0,16,凱基-士林,2023-06-01,9238
2201,裕隆,24,9,15,凱基-士林,2023-06-01,9238
00764B,群益25年美債,15,0,15,凱基-士林,2023-06-01,9238
3163,波若威,29,14,15,凱基-士林,2023-06-01,9238
6282,康舒,60,45,15,凱基-士林,2023-06-01,9238
00878,國泰永續高股息,15,0,15,凱基-士林,2023-06-01,9238
2892,第一金,14,0,14,凱基-士林,2023-06-01,9238
2449,京元電子,14,0,14,凱基-士林,2023-06-01,9238
6188,廣明,15,1,14,凱基-士林,2023-06-01,9238
2515,中工,40,26,14,凱基-士林,2023-06-01,9238
1101,台泥,19,6,13,凱基-士林,2023-06-01,9238
2368,金像電,12,0,12,凱基-士林,2023-06-01,9238
3583,辛耘,12,0,12,凱基-士林,2023-06-01,9238
4915,致伸,12,0,12,凱基-士林,2023-06-01,9238
2408,南亞科,11,0,11,凱基-士林,2023-06-01,9238
2382,廣達,13,2,11,凱基-士林,2023-06-01,9238
00885,富邦越南,11,0,11,凱基-士林,2023-06-01,9238
2888,新光金,11,0,11,凱基-士林,2023-06-01,9238
00679B,元大美債20年,11,0,11,凱基-士林,2023-06-01,9238
2327,國巨,10,0,10,凱基-士林,2023-06-01,9238
00680L,元大美債20正2,10,0,10,凱基-士林,2023-06-01,9238
00650L,復華香港正2,10,0,10,凱基-士林,2023-06-01,9238
3038,全台,12,2,10,凱基-士林,2023-06-01,9238
3055,蔚華科,10,0,10,凱基-士林,2023-06-01,9238
3083,網龍,10,0,10,凱基-士林,2023-06-01,9238
3693,營邦,14,4,10,凱基-士林,2023-06-01,9238
4417,金洲,10,0,10,凱基-士林,2023-06-01,9238
6288,聯嘉,10,0,10,凱基-士林,2023-06-01,9238
2515,中工,184,4,180,凱基-士林,2023-06-02,9238
4979,華星光,145,8,137,凱基-士林,2023-06-02,9238
00632R,元大台灣50反1,118,4,114,凱基-士林,2023-06-02,9238
1513,中興電,113,29,84,凱基-士林,2023-06-02,9238
1905,華紙,110,38,72,凱基-士林,2023-06-02,9238
5328,華容,62,0,62,凱基-士林,2023-06-02,9238
2495,普安,52,0,52,凱基-士林,2023-06-02,9238
3231,緯創,226,178,48,凱基-士林,2023-06-02,9238
6789,采鈺,48,1,47,凱基-士林,2023-06-02,9238
2371,大同,46,9,37,凱基-士林,2023-06-02,9238
2457,飛宏,92,58,34,凱基-士林,2023-06-02,9238
00919,群益台灣精選高息,34,1,33,凱基-士林,2023-06-02,9238
2388,威盛,99,66,33,凱基-士林,2023-06-02,9238
6215,和椿,30,2,28,凱基-士林,2023-06-02,9238
3706,神達,51,23,28,凱基-士林,2023-06-02,9238
8215,明基材,25,0,25,凱基-士林,2023-06-02,9238
2328,廣宇,25,2,23,凱基-士林,2023-06-02,9238
3209,全科,21,0,21,凱基-士林,2023-06-02,9238
3149,正達,20,0,20,凱基-士林,2023-06-02,9238
4417,金洲,20,0,20,凱基-士林,2023-06-02,9238
2633,台灣高鐵,20,3,17,凱基-士林,2023-06-02,9238
8418,捷必勝-KY,16,0,16,凱基-士林,2023-06-02,9238
5386,青雲,16,1,15,凱基-士林,2023-06-02,9238
6550,北極星藥業-KY,15,0,15,凱基-士林,2023-06-02,9238
5258,虹堡,20,6,14,凱基-士林,2023-06-02,9238
3499,環天科,12,0,12,凱基-士林,2023-06-02,9238
4564,元翎,13,1,12,凱基-士林,2023-06-02,9238
00900,富邦特選高股息30,11,0,11,凱基-士林,2023-06-02,9238
2913,農林,16,5,11,凱基-士林,2023-06-02,9238
912000,晨訊科-DR,20,9,11,凱基-士林,2023-06-02,9238
2603,長榮,15,5,10,凱基-士林,2023-06-02,9238
00679B,元大美債20年,17,7,10,凱基-士林,2023-06-02,9238
1460,宏遠,10,0,10,凱基-士林,2023-06-02,9238
1734,杏輝,12,2,10,凱基-士林,2023-06-02,9238
6168,宏齊,11,1,10,凱基-士林,2023-06-02,9238
8011,台通,10,0,10,凱基-士林,2023-06-02,9238
3576,聯合再生,10,1,9,凱基-士林,2023-06-02,9238
4915,致伸,10,1,9,凱基-士林,2023-06-02,9238
2206,三陽工業,31,22,9,凱基-士林,2023-06-02,9238
2547,日勝生,10,2,8,凱基-士林,2023-06-02,9238
3006,晶豪科,12,4,8,凱基-士林,2023-06-02,9238
3305,昇貿,8,0,8,凱基-士林,2023-06-02,9238
00637L,元大滬深300正2,11,4,7,凱基-士林,2023-06-02,9238
1536,和大,7,0,7,凱基-士林,2023-06-02,9238
2614,東森,7,0,7,凱基-士林,2023-06-02,9238
2701,萬企,14,7,7,凱基-士林,2023-06-02,9238
3630,新鉅科,7,0,7,凱基-士林,2023-06-02,9238
00885,富邦越南,6,0,6,凱基-士林,2023-06-02,9238
1538,正峰,6,0,6,凱基-士林,2023-06-02,9238
2354,鴻準,12,6,6,凱基-士林,2023-06-02,9238
2618,長榮航,696,108,588,凱基-士林,2023-06-05,9238
4533,協易機,258,1,257,凱基-士林,2023-06-05,9238
3003,健和興,203,3,200,凱基-士林,2023-06-05,9238
2515,中工,340,168,172,凱基-士林,2023-06-05,9238
2353,宏��,98,4,94,凱基-士林,2023-06-05,9238
1513,中興電,94,17,77,凱基-士林,2023-06-05,9238
1437,勤益控,67,0,67,凱基-士林,2023-06-05,9238
2317,鴻海,64,17,47,凱基-士林,2023-06-05,9238
2913,農林,54,14,40,凱基-士林,2023-06-05,9238
00673R,期元大S＆P原油反1,38,0,38,凱基-士林,2023-06-05,9238
6160,欣技,34,1,33,凱基-士林,2023-06-05,9238
6789,采鈺,40,8,32,凱基-士林,2023-06-05,9238
8171,天宇,77,45,32,凱基-士林,2023-06-05,9238
6282,康舒,65,34,31,凱基-士林,2023-06-05,9238
2486,一詮,35,5,30,凱基-士林,2023-06-05,9238
1727,中華化,31,2,29,凱基-士林,2023-06-05,9238
2399,映泰,72,45,27,凱基-士林,2023-06-05,9238
4120,友華,25,0,25,凱基-士林,2023-06-05,9238
2449,京元電子,24,0,24,凱基-士林,2023-06-05,9238
6485,點序,23,0,23,凱基-士林,2023-06-05,9238
2344,華邦電,37,15,22,凱基-士林,2023-06-05,9238
3363,上詮,27,5,22,凱基-士林,2023-06-05,9238
3481,群創,224,204,20,凱基-士林,2023-06-05,9238
1789,神隆,20,0,20,凱基-士林,2023-06-05,9238
5222,全訊,22,2,20,凱基-士林,2023-06-05,9238
00679B,元大美債20年,20,0,20,凱基-士林,2023-06-05,9238
1612,宏泰,21,2,19,凱基-士林,2023-06-05,9238
2328,廣宇,30,12,18,凱基-士林,2023-06-05,9238
00878,國泰永續高股息,35,17,18,凱基-士林,2023-06-05,9238
1504,東元,32,15,17,凱基-士林,2023-06-05,9238
00919,群益台灣精選高息,16,0,16,凱基-士林,2023-06-05,9238
3202,樺晟,16,0,16,凱基-士林,2023-06-05,9238
5546,永固-KY,15,0,15,凱基-士林,2023-06-05,9238
6213,聯茂,15,0,15,凱基-士林,2023-06-05,9238
6548,長科*,15,0,15,凱基-士林,2023-06-05,9238
2352,佳世達,15,1,14,凱基-士林,2023-06-05,9238
1616,億泰,14,0,14,凱基-士林,2023-06-05,9238
2754,亞洲藏壽司,14,0,14,凱基-士林,2023-06-05,9238
8222,寶一,15,1,14,凱基-士林,2023-06-05,9238
2603,長榮,13,0,13,凱基-士林,2023-06-05,9238
3706,神達,22,9,13,凱基-士林,2023-06-05,9238
00632R,元大台灣50反1,13,0,13,凱基-士林,2023-06-05,9238
2330,台積電,12,0,12,凱基-士林,2023-06-05,9238
4129,聯合,14,2,12,凱基-士林,2023-06-05,9238
00900,富邦特選高股息30,11,0,11,凱基-士林,2023-06-05,9238
6235,華孚,17,6,11,凱基-士林,2023-06-05,9238
1712,興農,12,1,11,凱基-士林,2023-06-05,9238
2337,旺宏,11,1,10,凱基-士林,2023-06-05,9238
8996,高力,14,4,10,凱基-士林,2023-06-05,9238
2367,燿華,10,0,10,凱基-士林,2023-06-05,9238
1815,富喬,460,27,433,凱基-士林,2023-06-06,9238
4906,正文,92,1,91,凱基-士林,2023-06-06,9238
6133,金橋,65,0,65,凱基-士林,2023-06-06,9238
2482,連宇,60,0,60,凱基-士林,2023-06-06,9238
1445,大宇,53,0,53,凱基-士林,2023-06-06,9238
00679B,元大美債20年,46,0,46,凱基-士林,2023-06-06,9238
4123,晟德,44,1,43,凱基-士林,2023-06-06,9238
1437,勤益控,40,0,40,凱基-士林,2023-06-06,9238
1609,大亞,92,55,37,凱基-士林,2023-06-06,9238
00637L,元大滬深300正2,37,3,34,凱基-士林,2023-06-06,9238
1608,華榮,39,5,34,凱基-士林,2023-06-06,9238
2888,新光金,50,17,33,凱基-士林,2023-06-06,9238
2201,裕隆,35,4,31,凱基-士林,2023-06-06,9238
1219,福壽,30,0,30,凱基-士林,2023-06-06,9238
1907,永豐餘,35,9,26,凱基-士林,2023-06-06,9238
4726,永昕,28,2,26,凱基-士林,2023-06-06,9238
3406,玉晶光,25,2,23,凱基-士林,2023-06-06,9238
1806,冠軍,32,11,21,凱基-士林,2023-06-06,9238
2010,春源,20,0,20,凱基-士林,2023-06-06,9238
4162,智擎,20,0,20,凱基-士林,2023-06-06,9238
6185,幃翔,20,0,20,凱基-士林,2023-06-06,9238
2484,希華,20,1,19,凱基-士林,2023-06-06,9238
8171,天宇,20,1,19,凱基-士林,2023-06-06,9238
1605,華新,24,6,18,凱基-士林,2023-06-06,9238
2206,三陽工業,20,3,17,凱基-士林,2023-06-06,9238
3624,光頡,17,1,16,凱基-士林,2023-06-06,9238
6182,合晶,16,0,16,凱基-士林,2023-06-06,9238
00878,國泰永續高股息,29,14,15,凱基-士林,2023-06-06,9238
00913,兆豐台灣晶圓製造,15,0,15,凱基-士林,2023-06-06,9238
1314,中石化,15,0,15,凱基-士林,2023-06-06,9238
2427,三商電,314,299,15,凱基-士林,2023-06-06,9238
3231,緯創,41,26,15,凱基-士林,2023-06-06,9238
00720B,元大投資級公司債,14,0,14,凱基-士林,2023-06-06,9238
6116,彩晶,15,1,14,凱基-士林,2023-06-06,9238
1711,永光,13,0,13,凱基-士林,2023-06-06,9238
4129,聯合,25,12,13,凱基-士林,2023-06-06,9238
2314,台揚,12,0,12,凱基-士林,2023-06-06,9238
3038,全台,17,5,12,凱基-士林,2023-06-06,9238
3324,雙鴻,17,5,12,凱基-士林,2023-06-06,9238
00751B,元大AAA至A公司債,11,0,11,凱基-士林,2023-06-06,9238
3029,零壹,12,1,11,凱基-士林,2023-06-06,9238
3081,聯亞,11,0,11,凱基-士林,2023-06-06,9238
3062,建漢,11,0,11,凱基-士林,2023-06-06,9238
5009,榮剛,11,0,11,凱基-士林,2023-06-06,9238
6245,立端,14,4,10,凱基-士林,2023-06-06,9238
00922,國泰台灣領袖50,10,0,10,凱基-士林,2023-06-06,9238
00764B,群益25年美債,10,0,10,凱基-士林,2023-06-06,9238
2388,威盛,11,1,10,凱基-士林,2023-06-06,9238
3325,旭品,10,0,10,凱基-士林,2023-06-06,9238
3625,西勝,10,0,10,凱基-士林,2023-06-06,9238
5426,振發,292,2,290,凱基-士林,2023-06-07,9238
2618,長榮航,214,59,155,凱基-士林,2023-06-07,9238
2457,飛宏,173,21,152,凱基-士林,2023-06-07,9238
1815,富喬,157,71,86,凱基-士林,2023-06-07,9238
6282,康舒,63,14,49,凱基-士林,2023-06-07,9238
4989,榮科,34,0,34,凱基-士林,2023-06-07,9238
2399,映泰,37,7,30,凱基-士林,2023-06-07,9238
2906,高林,30,0,30,凱基-士林,2023-06-07,9238
3306,鼎天,30,0,30,凱基-士林,2023-06-07,9238
2454,聯發科,30,1,29,凱基-士林,2023-06-07,9238
1618,合機,66,39,27,凱基-士林,2023-06-07,9238
6165,浪凡,26,0,26,凱基-士林,2023-06-07,9238
1101,台泥,27,2,25,凱基-士林,2023-06-07,9238
8358,金居,29,4,25,凱基-士林,2023-06-07,9238
4906,正文,25,3,22,凱基-士林,2023-06-07,9238
00927,群益半導體收益,21,0,21,凱基-士林,2023-06-07,9238
1305,華夏,20,0,20,凱基-士林,2023-06-07,9238
1437,勤益控,20,0,20,凱基-士林,2023-06-07,9238
4927,泰鼎-KY,20,0,20,凱基-士林,2023-06-07,9238
4960,誠美材,20,0,20,凱基-士林,2023-06-07,9238
1616,億泰,19,0,19,凱基-士林,2023-06-07,9238
3711,日月光投控,26,9,17,凱基-士林,2023-06-07,9238
6214,精誠,15,0,15,凱基-士林,2023-06-07,9238
6248,沛波,15,0,15,凱基-士林,2023-06-07,9238
2455,全新,16,1,15,凱基-士林,2023-06-07,9238
6770,力積電,24,11,13,凱基-士林,2023-06-07,9238
3217,優群,17,4,13,凱基-士林,2023-06-07,9238
6125,廣運,27,15,12,凱基-士林,2023-06-07,9238
9955,佳龍,13,1,12,凱基-士林,2023-06-07,9238
2371,大同,12,1,11,凱基-士林,2023-06-07,9238
3693,營邦,14,3,11,凱基-士林,2023-06-07,9238
6223,旺矽,13,2,11,凱基-士林,2023-06-07,9238
2380,虹光,10,0,10,凱基-士林,2023-06-07,9238
3202,樺晟,10,0,10,凱基-士林,2023-06-07,9238
5210,寶碩,10,0,10,凱基-士林,2023-06-07,9238
6136,富爾特,10,0,10,凱基-士林,2023-06-07,9238
6182,合晶,10,0,10,凱基-士林,2023-06-07,9238
9942,茂順,10,0,10,凱基-士林,2023-06-07,9238
2204,中華,10,1,9,凱基-士林,2023-06-07,9238
2636,台驊控股,9,0,9,凱基-士林,2023-06-07,9238
3483,力致,14,5,9,凱基-士林,2023-06-07,9238
2368,金像電,20,11,9,凱基-士林,2023-06-07,9238
3062,建漢,12,4,8,凱基-士林,2023-06-07,9238
3704,合勤控,9,1,8,凱基-士林,2023-06-07,9238
5328,華容,10,2,8,凱基-士林,2023-06-07,9238
2409,友達,8,0,8,凱基-士林,2023-06-07,9238
2812,台中銀,7,0,7,凱基-士林,2023-06-07,9238
2606,裕民,7,0,7,凱基-士林,2023-06-07,9238
5706,鳳凰,33,26,7,凱基-士林,2023-06-07,9238
6204,艾華,7,0,7,凱基-士林,2023-06-07,9238
2382,廣達,71,3,68,凱基-士林,2023-06-08,9238
1605,華新,75,14,61,凱基-士林,2023-06-08,9238
6133,金橋,57,0,57,凱基-士林,2023-06-08,9238
2882,國泰金,49,1,48,凱基-士林,2023-06-08,9238
6125,廣運,47,4,43,凱基-士林,2023-06-08,9238
2344,華邦電,54,14,40,凱基-士林,2023-06-08,9238
2615,萬海,41,4,37,凱基-士林,2023-06-08,9238
4930,燦星網,40,3,37,凱基-士林,2023-06-08,9238
1618,合機,39,5,34,凱基-士林,2023-06-08,9238
1612,宏泰,46,15,31,凱基-士林,2023-06-08,9238
1201,味全,30,0,30,凱基-士林,2023-06-08,9238
4572,駐龍,31,1,30,凱基-士林,2023-06-08,9238
3051,力特,28,0,28,凱基-士林,2023-06-08,9238
2337,旺宏,27,0,27,凱基-士林,2023-06-08,9238
1437,勤益控,25,0,25,凱基-士林,2023-06-08,9238
00679B,元大美債20年,27,2,25,凱基-士林,2023-06-08,9238
3706,神達,94,70,24,凱基-士林,2023-06-08,9238
3037,欣興,45,21,24,凱基-士林,2023-06-08,9238
00720B,元大投資級公司債,23,0,23,凱基-士林,2023-06-08,9238
1907,永豐餘,24,1,23,凱基-士林,2023-06-08,9238
6185,幃翔,22,0,22,凱基-士林,2023-06-08,9238
1608,華榮,22,0,22,凱基-士林,2023-06-08,9238
3306,鼎天,21,0,21,凱基-士林,2023-06-08,9238
1809,中釉,20,0,20,凱基-士林,2023-06-08,9238
2486,一詮,29,10,19,凱基-士林,2023-06-08,9238
00751B,元大AAA至A公司債,18,0,18,凱基-士林,2023-06-08,9238
2327,國巨,18,0,18,凱基-士林,2023-06-08,9238
5469,瀚宇博,18,0,18,凱基-士林,2023-06-08,9238
8084,巨虹,19,1,18,凱基-士林,2023-06-08,9238
3131,弘塑,19,2,17,凱基-士林,2023-06-08,9238
2204,中華,19,2,17,凱基-士林,2023-06-08,9238
4739,康普,16,0,16,凱基-士林,2023-06-08,9238
00632R,元大台灣50反1,15,0,15,凱基-士林,2023-06-08,9238
1611,中電,15,0,15,凱基-士林,2023-06-08,9238
1789,神隆,15,0,15,凱基-士林,2023-06-08,9238
1815,富喬,15,0,15,凱基-士林,2023-06-08,9238
5512,力麒,30,15,15,凱基-士林,2023-06-08,9238
6789,采鈺,20,5,15,凱基-士林,2023-06-08,9238
6190,萬泰科,15,0,15,凱基-士林,2023-06-08,9238
1720,生達,14,0,14,凱基-士林,2023-06-08,9238
2305,全友,14,0,14,凱基-士林,2023-06-08,9238
2402,毅嘉,14,0,14,凱基-士林,2023-06-08,9238
4566,時碩工業,15,1,14,凱基-士林,2023-06-08,9238
8112,至上,15,1,14,凱基-士林,2023-06-08,9238
00919,群益台灣精選高息,13,0,13,凱基-士林,2023-06-08,9238
1519,華城,13,0,13,凱基-士林,2023-06-08,9238
3027,盛達,14,1,13,凱基-士林,2023-06-08,9238
4726,永昕,13,0,13,凱基-士林,2023-06-08,9238
1609,大亞,60,47,13,凱基-士林,2023-06-08,9238
2454,聯發科,16,3,13,凱基-士林,2023-06-08,9238
1307,三芳,91,2,89,凱基-士林,2023-06-09,9238
00715L,期街口布蘭特正2,80,0,80,凱基-士林,2023-06-09,9238
6235,華孚,78,0,78,凱基-士林,2023-06-09,9238
2482,連宇,77,4,73,凱基-士林,2023-06-09,9238
00919,群益台灣精選高息,63,0,63,凱基-士林,2023-06-09,9238
1802,台玻,72,10,62,凱基-士林,2023-06-09,9238
2618,長榮航,90,29,61,凱基-士林,2023-06-09,9238
2425,承啟,54,5,49,凱基-士林,2023-06-09,9238
8358,金居,65,17,48,凱基-士林,2023-06-09,9238
2401,凌陽,42,0,42,凱基-士林,2023-06-09,9238
4533,協易機,77,35,42,凱基-士林,2023-06-09,9238
2323,中環,56,16,40,凱基-士林,2023-06-09,9238
1608,華榮,41,2,39,凱基-士林,2023-06-09,9238
5309,系統電,36,0,36,凱基-士林,2023-06-09,9238
6202,盛群,33,2,31,凱基-士林,2023-06-09,9238
2327,國巨,29,0,29,凱基-士林,2023-06-09,9238
3481,群創,70,41,29,凱基-士林,2023-06-09,9238
1513,中興電,29,2,27,凱基-士林,2023-06-09,9238
2481,強茂,36,9,27,凱基-士林,2023-06-09,9238
6165,浪凡,27,0,27,凱基-士林,2023-06-09,9238
6285,啟��,26,1,25,凱基-士林,2023-06-09,9238
3499,環天科,25,0,25,凱基-士林,2023-06-09,9238
2609,陽明,21,0,21,凱基-士林,2023-06-09,9238
3325,旭品,29,8,21,凱基-士林,2023-06-09,9238
1611,中電,20,0,20,凱基-士林,2023-06-09,9238
1806,冠軍,20,0,20,凱基-士林,2023-06-09,9238
2884,玉山金,18,0,18,凱基-士林,2023-06-09,9238
2845,遠東銀,15,0,15,凱基-士林,2023-06-09,9238
3252,海灣,38,23,15,凱基-士林,2023-06-09,9238
4933,友輝,15,0,15,凱基-士林,2023-06-09,9238
6174,安��,25,10,15,凱基-士林,2023-06-09,9238
4739,康普,14,0,14,凱基-士林,2023-06-09,9238
3003,健和興,26,13,13,凱基-士林,2023-06-09,9238
1504,東元,17,5,12,凱基-士林,2023-06-09,9238
8210,勤誠,12,0,12,凱基-士林,2023-06-09,9238
8222,寶一,12,0,12,凱基-士林,2023-06-09,9238
2328,廣宇,11,0,11,凱基-士林,2023-06-09,9238
8234,新漢,13,2,11,凱基-士林,2023-06-09,9238
2851,中再保,10,0,10,凱基-士林,2023-06-09,9238
00852L,國泰美國道瓊正2,10,0,10,凱基-士林,2023-06-09,9238
1437,勤益控,10,0,10,凱基-士林,2023-06-09,9238
3013,晟銘電,16,6,10,凱基-士林,2023-06-09,9238
3419,譁裕,10,0,10,凱基-士林,2023-06-09,9238
8028,昇陽半導體,10,0,10,凱基-士林,2023-06-09,9238
9105,泰金寶-DR,10,0,10,凱基-士林,2023-06-09,9238
1709,和益,9,0,9,凱基-士林,2023-06-09,9238
6282,康舒,13,4,9,凱基-士林,2023-06-09,9238
6112,邁達特,10,2,8,凱基-士林,2023-06-09,9238
00922,國泰台灣領袖50,8,0,8,凱基-士林,2023-06-09,9238
00632R,元大台灣50反1,8,0,8,凱基-士林,2023-06-09,9238
2888,新光金,778,112,666,凱基-士林,2023-06-12,9238
3033,威健,252,1,251,凱基-士林,2023-06-12,9238
2313,華通,221,0,221,凱基-士林,2023-06-12,9238
00715L,期街口布蘭特正2,167,10,157,凱基-士林,2023-06-12,9238
2883,凱基金,104,0,104,凱基-士林,2023-06-12,9238
3481,群創,74,1,73,凱基-士林,2023-06-12,9238
00712,復華富時不動產,73,1,72,凱基-士林,2023-06-12,9238
2382,廣達,82,25,57,凱基-士林,2023-06-12,9238
6288,聯嘉,52,6,46,凱基-士林,2023-06-12,9238
00919,群益台灣精選高息,50,6,44,凱基-士林,2023-06-12,9238
1307,三芳,53,10,43,凱基-士林,2023-06-12,9238
2457,飛宏,58,20,38,凱基-士林,2023-06-12,9238
1802,台玻,33,0,33,凱基-士林,2023-06-12,9238
2327,國巨,31,1,30,凱基-士林,2023-06-12,9238
1609,大亞,35,8,27,凱基-士林,2023-06-12,9238
6133,金橋,28,1,27,凱基-士林,2023-06-12,9238
00895,富邦未來車,26,0,26,凱基-士林,2023-06-12,9238
1605,華新,38,13,25,凱基-士林,2023-06-12,9238
3362,先進光,25,1,24,凱基-士林,2023-06-12,9238
00687B,國泰20年美債,23,0,23,凱基-士林,2023-06-12,9238
1905,華紙,37,14,23,凱基-士林,2023-06-12,9238
2328,廣宇,22,0,22,凱基-士林,2023-06-12,9238
6139,亞翔,25,3,22,凱基-士林,2023-06-12,9238
3231,緯創,33,12,21,凱基-士林,2023-06-12,9238
1727,中華化,21,0,21,凱基-士林,2023-06-12,9238
6546,正基,22,1,21,凱基-士林,2023-06-12,9238
3499,環天科,20,0,20,凱基-士林,2023-06-12,9238
5531,鄉林,20,0,20,凱基-士林,2023-06-12,9238
8011,台通,20,0,20,凱基-士林,2023-06-12,9238
3015,全漢,19,1,18,凱基-士林,2023-06-12,9238
1314,中石化,20,2,18,凱基-士林,2023-06-12,9238
2421,建準,16,0,16,凱基-士林,2023-06-12,9238
1608,華榮,20,4,16,凱基-士林,2023-06-12,9238
4961,天鈺,17,2,15,凱基-士林,2023-06-12,9238
6185,幃翔,15,0,15,凱基-士林,2023-06-12,9238
2630,亞航,15,1,14,凱基-士林,2023-06-12,9238
3665,貿聯-KY,16,2,14,凱基-士林,2023-06-12,9238
1101,台泥,13,0,13,凱基-士林,2023-06-12,9238
1721,三晃,13,0,13,凱基-士林,2023-06-12,9238
1718,中纖,12,0,12,凱基-士林,2023-06-12,9238
8996,高力,12,0,12,凱基-士林,2023-06-12,9238
2439,美律,14,3,11,凱基-士林,2023-06-12,9238
2442,新美齊,11,0,11,凱基-士林,2023-06-12,9238
8261,富鼎,11,0,11,凱基-士林,2023-06-12,9238
9907,統一實,11,0,11,凱基-士林,2023-06-12,9238
9944,新麗,13,2,11,凱基-士林,2023-06-12,9238
3576,聯合再生,12,2,10,凱基-士林,2023-06-12,9238
00753L,中信中國50正2,10,0,10,凱基-士林,2023-06-12,9238
1732,毛寶,10,0,10,凱基-士林,2023-06-12,9238
6672,騰輝電子-KY,10,0,10,凱基-士林,2023-06-12,9238
00715L,期街口布蘭特正2,328,0,328,凱基-士林,2023-06-13,9238
5426,振發,137,21,116,凱基-士林,2023-06-13,9238
2888,新光金,120,13,107,凱基-士林,2023-06-13,9238
3306,鼎天,103,0,103,凱基-士林,2023-06-13,9238
5324,士開,98,0,98,凱基-士林,2023-06-13,9238
3346,麗清,56,3,53,凱基-士林,2023-06-13,9238
6546,正基,47,2,45,凱基-士林,2023-06-13,9238
8028,昇陽半導體,41,2,39,凱基-士林,2023-06-13,9238
2201,裕隆,33,1,32,凱基-士林,2023-06-13,9238
6165,浪凡,31,0,31,凱基-士林,2023-06-13,9238
00919,群益台灣精選高息,30,0,30,凱基-士林,2023-06-13,9238
1314,中石化,30,3,27,凱基-士林,2023-06-13,9238
1307,三芳,24,0,24,凱基-士林,2023-06-13,9238
2515,中工,22,0,22,凱基-士林,2023-06-13,9238
2313,華通,21,0,21,凱基-士林,2023-06-13,9238
00929,復華台灣科技優息,20,0,20,凱基-士林,2023-06-13,9238
1437,勤益控,20,0,20,凱基-士林,2023-06-13,9238
1714,和桐,20,0,20,凱基-士林,2023-06-13,9238
1815,富喬,16,0,16,凱基-士林,2023-06-13,9238
5533,皇鼎,15,0,15,凱基-士林,2023-06-13,9238
6148,驊宏資,18,3,15,凱基-士林,2023-06-13,9238
8034,榮群,15,0,15,凱基-士林,2023-06-13,9238
9944,新麗,15,0,15,凱基-士林,2023-06-13,9238
6122,擎邦,16,2,14,凱基-士林,2023-06-13,9238
5299,杰力,15,2,13,凱基-士林,2023-06-13,9238
6202,盛群,14,1,13,凱基-士林,2023-06-13,9238
00679B,元大美債20年,12,0,12,凱基-士林,2023-06-13,9238
1605,華新,14,2,12,凱基-士林,2023-06-13,9238
6799,來頡,12,0,12,凱基-士林,2023-06-13,9238
1711,永光,12,1,11,凱基-士林,2023-06-13,9238
2401,凌陽,17,6,11,凱基-士林,2023-06-13,9238
8038,長園科,11,0,11,凱基-士林,2023-06-13,9238
3576,聯合再生,15,5,10,凱基-士林,2023-06-13,9238
1104,環泥,10,0,10,凱基-士林,2023-06-13,9238
1316,上曜,10,0,10,凱基-士林,2023-06-13,9238
2028,威致,10,0,10,凱基-士林,2023-06-13,9238
2450,神腦,10,0,10,凱基-士林,2023-06-13,9238
9105,泰金寶-DR,10,0,10,凱基-士林,2023-06-13,9238
1802,台玻,13,4,9,凱基-士林,2023-06-13,9238
6417,韋僑,10,1,9,凱基-士林,2023-06-13,9238
8478,東哥遊艇,9,0,9,凱基-士林,2023-06-13,9238
6290,良維,10,2,8,凱基-士林,2023-06-13,9238
1101,台泥,8,0,8,凱基-士林,2023-06-13,9238
3324,雙鴻,9,1,8,凱基-士林,2023-06-13,9238
3202,樺晟,8,0,8,凱基-士林,2023-06-13,9238
3356,奇偶,7,0,7,凱基-士林,2023-06-13,9238
3481,群創,17,10,7,凱基-士林,2023-06-13,9238
00642U,期元大S＆P石油,8,2,6,凱基-士林,2023-06-13,9238
2031,新光鋼,6,0,6,凱基-士林,2023-06-13,9238
2404,漢唐,6,0,6,凱基-士林,2023-06-13,9238
3033,威健,252,8,244,凱基-士林,2023-06-14,9238
5324,士開,214,21,193,凱基-士林,2023-06-14,9238
2312,金寶,154,10,144,凱基-士林,2023-06-14,9238
3049,精金,101,0,101,凱基-士林,2023-06-14,9238
00895,富邦未來車,100,4,96,凱基-士林,2023-06-14,9238
3481,群創,89,6,83,凱基-士林,2023-06-14,9238
3062,建漢,80,0,80,凱基-士林,2023-06-14,9238
4906,正文,52,0,52,凱基-士林,2023-06-14,9238
2851,中再保,50,0,50,凱基-士林,2023-06-14,9238
2615,萬海,50,1,49,凱基-士林,2023-06-14,9238
3058,立德,48,2,46,凱基-士林,2023-06-14,9238
4533,協易機,112,71,41,凱基-士林,2023-06-14,9238
00900,富邦特選高股息30,41,5,36,凱基-士林,2023-06-14,9238
3025,星通,40,4,36,凱基-士林,2023-06-14,9238
8034,榮群,37,1,36,凱基-士林,2023-06-14,9238
5340,建榮,51,17,34,凱基-士林,2023-06-14,9238
00919,群益台灣精選高息,35,3,32,凱基-士林,2023-06-14,9238
2457,飛宏,36,4,32,凱基-士林,2023-06-14,9238
00632R,元大台灣50反1,35,5,30,凱基-士林,2023-06-14,9238
00882,中信中國高股息,27,0,27,凱基-士林,2023-06-14,9238
3454,晶睿,28,2,26,凱基-士林,2023-06-14,9238
2888,新光金,41,18,23,凱基-士林,2023-06-14,9238
3325,旭品,23,0,23,凱基-士林,2023-06-14,9238
8076,伍豐,55,32,23,凱基-士林,2023-06-14,9238
6282,康舒,27,5,22,凱基-士林,2023-06-14,9238
2349,錸德,22,2,20,凱基-士林,2023-06-14,9238
1307,三芳,19,0,19,凱基-士林,2023-06-14,9238
2352,佳世達,18,1,17,凱基-士林,2023-06-14,9238
1802,台玻,18,1,17,凱基-士林,2023-06-14,9238
2449,京元電子,20,3,17,凱基-士林,2023-06-14,9238
2609,陽明,24,7,17,凱基-士林,2023-06-14,9238
2427,三商電,15,0,15,凱基-士林,2023-06-14,9238
2820,華票,15,0,15,凱基-士林,2023-06-14,9238
5533,皇鼎,15,0,15,凱基-士林,2023-06-14,9238
6148,驊宏資,14,0,14,凱基-士林,2023-06-14,9238
3564,其陽,13,0,13,凱基-士林,2023-06-14,9238
8926,台汽電,15,3,12,凱基-士林,2023-06-14,9238
3046,建��,14,2,12,凱基-士林,2023-06-14,9238
1513,中興電,14,2,12,凱基-士林,2023-06-14,9238
4739,康普,12,0,12,凱基-士林,2023-06-14,9238
4968,立積,14,3,11,凱基-士林,2023-06-14,9238
3038,全台,12,1,11,凱基-士林,2023-06-14,9238
3189,景碩,12,1,11,凱基-士林,2023-06-14,9238
3563,牧德,16,5,11,凱基-士林,2023-06-14,9238
1101,台泥,11,1,10,凱基-士林,2023-06-14,9238
2201,裕隆,10,0,10,凱基-士林,2023-06-14,9238
1103,嘉泥,10,0,10,凱基-士林,2023-06-14,9238
5475,德宏,10,0,10,凱基-士林,2023-06-14,9238
6596,寬宏藝術,13,3,10,凱基-士林,2023-06-14,9238
6609,瀧澤科,10,0,10,凱基-士林,2023-06-14,9238
00632R,元大台灣50反1,2021,23,1998,凱基-士林,2023-06-15,9238
2312,金寶,120,0,120,凱基-士林,2023-06-15,9238
3189,景碩,84,2,82,凱基-士林,2023-06-15,9238
1201,味全,70,0,70,凱基-士林,2023-06-15,9238
2457,飛宏,68,6,62,凱基-士林,2023-06-15,9238
00715L,期街口布蘭特正2,148,88,60,凱基-士林,2023-06-15,9238
2485,兆赫,50,0,50,凱基-士林,2023-06-15,9238
6182,合晶,69,24,45,凱基-士林,2023-06-15,9238
0056,元大高股息,59,15,44,凱基-士林,2023-06-15,9238
8446,華研,37,1,36,凱基-士林,2023-06-15,9238
1560,中砂,41,7,34,凱基-士林,2023-06-15,9238
3325,旭品,34,0,34,凱基-士林,2023-06-15,9238
8076,伍豐,56,26,30,凱基-士林,2023-06-15,9238
2399,映泰,35,7,28,凱基-士林,2023-06-15,9238
6133,金橋,28,0,28,凱基-士林,2023-06-15,9238
2027,大成鋼,32,4,28,凱基-士林,2023-06-15,9238
3078,僑威,26,0,26,凱基-士林,2023-06-15,9238
8210,勤誠,58,34,24,凱基-士林,2023-06-15,9238
1326,台化,23,0,23,凱基-士林,2023-06-15,9238
2618,長榮航,591,569,22,凱基-士林,2023-06-15,9238
2331,精英,39,18,21,凱基-士林,2023-06-15,9238
2380,虹光,20,0,20,凱基-士林,2023-06-15,9238
6138,茂達,20,0,20,凱基-士林,2023-06-15,9238
3032,偉訓,19,0,19,凱基-士林,2023-06-15,9238
2884,玉山金,23,5,18,凱基-士林,2023-06-15,9238
3013,晟銘電,29,12,17,凱基-士林,2023-06-15,9238
3025,星通,31,14,17,凱基-士林,2023-06-15,9238
4116,明基醫,15,0,15,凱基-士林,2023-06-15,9238
1529,樂事綠能,26,12,14,凱基-士林,2023-06-15,9238
2002,中鋼,13,0,13,凱基-士林,2023-06-15,9238
1717,長興,13,0,13,凱基-士林,2023-06-15,9238
00706L,期元大S＆P日圓正2,13,0,13,凱基-士林,2023-06-15,9238
1531,高林股,13,0,13,凱基-士林,2023-06-15,9238
3147,大綜,13,0,13,凱基-士林,2023-06-15,9238
2352,佳世達,12,0,12,凱基-士林,2023-06-15,9238
3308,聯德,12,0,12,凱基-士林,2023-06-15,9238
4906,正文,18,6,12,凱基-士林,2023-06-15,9238
2329,華泰,26,15,11,凱基-士林,2023-06-15,9238
6125,廣運,14,4,10,凱基-士林,2023-06-15,9238
00637L,元大滬深300正2,29,19,10,凱基-士林,2023-06-15,9238
2349,錸德,10,0,10,凱基-士林,2023-06-15,9238
2537,聯上發,10,0,10,凱基-士林,2023-06-15,9238
5340,建榮,10,0,10,凱基-士林,2023-06-15,9238
5533,皇鼎,10,0,10,凱基-士林,2023-06-15,9238
6208,日揚,10,0,10,凱基-士林,2023-06-15,9238
9105,泰金寶-DR,10,0,10,凱基-士林,2023-06-15,9238
2317,鴻海,10,0,10,凱基-士林,2023-06-15,9238
6274,台燿,22,13,9,凱基-士林,2023-06-15,9238
1568,倉佑,14,5,9,凱基-士林,2023-06-15,9238
2888,新光金,19,10,9,凱基-士林,2023-06-15,9238
5512,力麒,390,1,389,凱基-士林,2023-06-16,9238
2365,昆盈,120,0,120,凱基-士林,2023-06-16,9238
2618,長榮航,167,67,100,凱基-士林,2023-06-16,9238
3481,群創,117,19,98,凱基-士林,2023-06-16,9238
2405,輔信,102,11,91,凱基-士林,2023-06-16,9238
3707,漢磊,80,0,80,凱基-士林,2023-06-16,9238
3019,亞光,74,1,73,凱基-士林,2023-06-16,9238
6770,力積電,69,0,69,凱基-士林,2023-06-16,9238
6279,胡連,64,0,64,凱基-士林,2023-06-16,9238
2201,裕隆,56,0,56,凱基-士林,2023-06-16,9238
2371,大同,100,46,54,凱基-士林,2023-06-16,9238
5521,工信,52,0,52,凱基-士林,2023-06-16,9238
2610,華航,346,298,48,凱基-士林,2023-06-16,9238
1605,華新,90,55,35,凱基-士林,2023-06-16,9238
00919,群益台灣精選高息,41,6,35,凱基-士林,2023-06-16,9238
2888,新光金,143,112,31,凱基-士林,2023-06-16,9238
2308,台達電,67,37,30,凱基-士林,2023-06-16,9238
4116,明基醫,28,0,28,凱基-士林,2023-06-16,9238
1609,大亞,41,13,28,凱基-士林,2023-06-16,9238
6133,金橋,26,0,26,凱基-士林,2023-06-16,9238
2897,王道銀行,23,0,23,凱基-士林,2023-06-16,9238
3032,偉訓,36,15,21,凱基-士林,2023-06-16,9238
1201,味全,20,0,20,凱基-士林,2023-06-16,9238
00632R,元大台灣50反1,30,10,20,凱基-士林,2023-06-16,9238
1907,永豐餘,20,0,20,凱基-士林,2023-06-16,9238
2812,台中銀,20,0,20,凱基-士林,2023-06-16,9238
6129,普誠,20,0,20,凱基-士林,2023-06-16,9238
2427,三商電,20,1,19,凱基-士林,2023-06-16,9238
2305,全友,18,0,18,凱基-士林,2023-06-16,9238
4526,東台,17,0,17,凱基-士林,2023-06-16,9238
00633L,富邦上証正2,16,0,16,凱基-士林,2023-06-16,9238
1437,勤益控,15,0,15,凱基-士林,2023-06-16,9238
5347,世界,18,4,14,凱基-士林,2023-06-16,9238
1721,三晃,14,0,14,凱基-士林,2023-06-16,9238
2103,台橡,14,0,14,凱基-士林,2023-06-16,9238
3356,奇偶,14,1,13,凱基-士林,2023-06-16,9238
2489,瑞軒,16,3,13,凱基-士林,2023-06-16,9238
3363,上詮,13,0,13,凱基-士林,2023-06-16,9238
1810,和成,17,5,12,凱基-士林,2023-06-16,9238
3027,盛達,15,3,12,凱基-士林,2023-06-16,9238
4961,天鈺,12,0,12,凱基-士林,2023-06-16,9238
1515,力山,19,8,11,凱基-士林,2023-06-16,9238
1477,聚陽,13,3,10,凱基-士林,2023-06-16,9238
2367,燿華,10,0,10,凱基-士林,2023-06-16,9238
2501,國建,10,0,10,凱基-士林,2023-06-16,9238
2736,富野,15,5,10,凱基-士林,2023-06-16,9238
2801,彰銀,10,0,10,凱基-士林,2023-06-16,9238
4583,台灣精銳,10,0,10,凱基-士林,2023-06-16,9238
4804,大略-KY,10,0,10,凱基-士林,2023-06-16,9238
5475,德宏,10,0,10,凱基-士林,2023-06-16,9238
00712,復華富時不動產,604,15,589,凱基-士林,2023-06-19,9238
2405,輔信,462,2,460,凱基-士林,2023-06-19,9238
3035,智原,353,6,347,凱基-士林,2023-06-19,9238
3701,大眾控,110,10,100,凱基-士林,2023-06-19,9238
2645,長榮航太,59,2,57,凱基-士林,2023-06-19,9238
6182,合晶,48,0,48,凱基-士林,2023-06-19,9238
2356,英業達,79,32,47,凱基-士林,2023-06-19,9238
2618,長榮航,84,41,43,凱基-士林,2023-06-19,9238
4967,十銓,220,178,42,凱基-士林,2023-06-19,9238
5347,世界,37,0,37,凱基-士林,2023-06-19,9238
6116,彩晶,48,14,34,凱基-士林,2023-06-19,9238
1440,南紡,33,0,33,凱基-士林,2023-06-19,9238
4533,協易機,32,1,31,凱基-士林,2023-06-19,9238
2634,漢翔,56,27,29,凱基-士林,2023-06-19,9238
1445,大宇,25,0,25,凱基-士林,2023-06-19,9238
2353,宏��,28,4,24,凱基-士林,2023-06-19,9238
3231,緯創,37,14,23,凱基-士林,2023-06-19,9238
1603,華電,22,0,22,凱基-士林,2023-06-19,9238
6282,康舒,23,2,21,凱基-士林,2023-06-19,9238
4960,誠美材,41,20,21,凱基-士林,2023-06-19,9238
3019,亞光,20,0,20,凱基-士林,2023-06-19,9238
5203,訊連,20,0,20,凱基-士林,2023-06-19,9238
1101,台泥,20,1,19,凱基-士林,2023-06-19,9238
8076,伍豐,19,2,17,凱基-士林,2023-06-19,9238
2603,長榮,16,0,16,凱基-士林,2023-06-19,9238
2388,威盛,25,10,15,凱基-士林,2023-06-19,9238
1437,勤益控,15,0,15,凱基-士林,2023-06-19,9238
2312,金寶,25,10,15,凱基-士林,2023-06-19,9238
2419,仲琦,15,0,15,凱基-士林,2023-06-19,9238
6204,艾華,14,0,14,凱基-士林,2023-06-19,9238
2882,國泰金,13,0,13,凱基-士林,2023-06-19,9238
1477,聚陽,13,1,12,凱基-士林,2023-06-19,9238
1605,華新,46,34,12,凱基-士林,2023-06-19,9238
8070,長華*,12,0,12,凱基-士林,2023-06-19,9238
1218,泰山,11,0,11,凱基-士林,2023-06-19,9238
00885,富邦越南,12,1,11,凱基-士林,2023-06-19,9238
2537,聯上發,13,2,11,凱基-士林,2023-06-19,9238
2615,萬海,11,0,11,凱基-士林,2023-06-19,9238
2851,中再保,11,0,11,凱基-士林,2023-06-19,9238
3006,晶豪科,11,0,11,凱基-士林,2023-06-19,9238
00632R,元大台灣50反1,10,0,10,凱基-士林,2023-06-19,9238
1308,亞聚,10,0,10,凱基-士林,2023-06-19,9238
1727,中華化,10,0,10,凱基-士林,2023-06-19,9238
2501,國建,10,0,10,凱基-士林,2023-06-19,9238
5258,虹堡,50,40,10,凱基-士林,2023-06-19,9238
6026,福邦證,10,0,10,凱基-士林,2023-06-19,9238
6570,維田,12,2,10,凱基-士林,2023-06-19,9238
8210,勤誠,15,5,10,凱基-士林,2023-06-19,9238
1907,永豐餘,12,3,9,凱基-士林,2023-06-19,9238
2482,連宇,20,11,9,凱基-士林,2023-06-19,9238
1471,首利,220,0,220,凱基-士林,2023-06-20,9238
3202,樺晟,217,8,209,凱基-士林,2023-06-20,9238
2340,台亞,228,47,181,凱基-士林,2023-06-20,9238
5425,台半,166,15,151,凱基-士林,2023-06-20,9238
3481,群創,151,53,98,凱基-士林,2023-06-20,9238
2323,中環,101,16,85,凱基-士林,2023-06-20,9238
6116,彩晶,104,54,50,凱基-士林,2023-06-20,9238
2883B,凱基金乙特,50,0,50,凱基-士林,2023-06-20,9238
0056,元大高股息,57,9,48,凱基-士林,2023-06-20,9238
6182,合晶,42,0,42,凱基-士林,2023-06-20,9238
6133,金橋,34,0,34,凱基-士林,2023-06-20,9238
2014,中鴻,31,0,31,凱基-士林,2023-06-20,9238
2382,廣達,33,4,29,凱基-士林,2023-06-20,9238
3019,亞光,25,0,25,凱基-士林,2023-06-20,9238
5347,世界,21,0,21,凱基-士林,2023-06-20,9238
5905,南仁湖,36,15,21,凱基-士林,2023-06-20,9238
1605,華新,24,4,20,凱基-士林,2023-06-20,9238
2017,官田鋼,20,0,20,凱基-士林,2023-06-20,9238
2461,光群雷,20,0,20,凱基-士林,2023-06-20,9238
8358,金居,19,0,19,凱基-士林,2023-06-20,9238
1802,台玻,20,1,19,凱基-士林,2023-06-20,9238
2329,華泰,20,1,19,凱基-士林,2023-06-20,9238
2409,友達,20,1,19,凱基-士林,2023-06-20,9238
6223,旺矽,19,2,17,凱基-士林,2023-06-20,9238
2468,華經,33,17,16,凱基-士林,2023-06-20,9238
2201,裕隆,17,2,15,凱基-士林,2023-06-20,9238
2454,聯發科,18,3,15,凱基-士林,2023-06-20,9238
1528,恩德,20,6,14,凱基-士林,2023-06-20,9238
2314,台揚,14,0,14,凱基-士林,2023-06-20,9238
2722,夏都,26,12,14,凱基-士林,2023-06-20,9238
6165,浪凡,14,0,14,凱基-士林,2023-06-20,9238
6147,頎邦,12,0,12,凱基-士林,2023-06-20,9238
6770,力積電,12,0,12,凱基-士林,2023-06-20,9238
8234,新漢,13,1,12,凱基-士林,2023-06-20,9238
3324,雙鴻,14,2,12,凱基-士林,2023-06-20,9238
2867,三商壽,11,0,11,凱基-士林,2023-06-20,9238
3056,富華新,11,0,11,凱基-士林,2023-06-20,9238
2327,國巨,10,0,10,凱基-士林,2023-06-20,9238
2312,金寶,16,6,10,凱基-士林,2023-06-20,9238
2368,金像電,17,7,10,凱基-士林,2023-06-20,9238
3046,建��,10,0,10,凱基-士林,2023-06-20,9238
1307,三芳,10,0,10,凱基-士林,2023-06-20,9238
1437,勤益控,10,0,10,凱基-士林,2023-06-20,9238
1727,中華化,10,0,10,凱基-士林,2023-06-20,9238
2515,中工,10,0,10,凱基-士林,2023-06-20,9238
3260,威剛,10,0,10,凱基-士林,2023-06-20,9238
6834,天二科技,10,0,10,凱基-士林,2023-06-20,9238
2457,飛宏,9,0,9,凱基-士林,2023-06-20,9238
1103,嘉泥,14,5,9,凱基-士林,2023-06-20,9238
1337,再生-KY,8,0,8,凱基-士林,2023-06-20,9238
8936,國統,130,23,107,凱基-士林,2023-06-21,9238
2412,中華電,100,0,100,凱基-士林,2023-06-21,9238
3202,樺晟,183,116,67,凱基-士林,2023-06-21,9238
2327,國巨,60,0,60,凱基-士林,2023-06-21,9238
2609,陽明,61,3,58,凱基-士林,2023-06-21,9238
2371,大同,82,26,56,凱基-士林,2023-06-21,9238
1528,恩德,54,5,49,凱基-士林,2023-06-21,9238
3027,盛達,50,10,40,凱基-士林,2023-06-21,9238
1522,堤維西,39,3,36,凱基-士林,2023-06-21,9238
2610,華航,53,30,23,凱基-士林,2023-06-21,9238
6182,合晶,23,1,22,凱基-士林,2023-06-21,9238
3540,曜越,20,0,20,凱基-士林,2023-06-21,9238
5484,慧友,20,0,20,凱基-士林,2023-06-21,9238
6133,金橋,20,0,20,凱基-士林,2023-06-21,9238
2888,新光金,20,1,19,凱基-士林,2023-06-21,9238
5353,台林,19,0,19,凱基-士林,2023-06-21,9238
00753L,中信中國50正2,18,0,18,凱基-士林,2023-06-21,9238
1727,中華化,20,3,17,凱基-士林,2023-06-21,9238
5531,鄉林,17,0,17,凱基-士林,2023-06-21,9238
1605,華新,19,3,16,凱基-士林,2023-06-21,9238
00919,群益台灣精選高息,16,0,16,凱基-士林,2023-06-21,9238
2603,長榮,17,2,15,凱基-士林,2023-06-21,9238
2421,建準,17,2,15,凱基-士林,2023-06-21,9238
2323,中環,28,13,15,凱基-士林,2023-06-21,9238
2705,六福,19,4,15,凱基-士林,2023-06-21,9238
5905,南仁湖,19,4,15,凱基-士林,2023-06-21,9238
00712,復華富時不動產,14,0,14,凱基-士林,2023-06-21,9238
3078,僑威,23,9,14,凱基-士林,2023-06-21,9238
3706,神達,24,10,14,凱基-士林,2023-06-21,9238
2736,富野,24,11,13,凱基-士林,2023-06-21,9238
1513,中興電,28,15,13,凱基-士林,2023-06-21,9238
1795,美時,13,0,13,凱基-士林,2023-06-21,9238
4967,十銓,14,1,13,凱基-士林,2023-06-21,9238
3673,TPK-KY,18,6,12,凱基-士林,2023-06-21,9238
2027,大成鋼,12,0,12,凱基-士林,2023-06-21,9238
3036,文曄,15,4,11,凱基-士林,2023-06-21,9238
4904,遠傳,11,0,11,凱基-士林,2023-06-21,9238
8064,東捷,10,0,10,凱基-士林,2023-06-21,9238
1307,三芳,10,0,10,凱基-士林,2023-06-21,9238
00673R,期元大S＆P原油反1,12,2,10,凱基-士林,2023-06-21,9238
00882,中信中國高股息,10,0,10,凱基-士林,2023-06-21,9238
3015,全漢,10,0,10,凱基-士林,2023-06-21,9238
5340,建榮,10,0,10,凱基-士林,2023-06-21,9238
6257,矽格,10,0,10,凱基-士林,2023-06-21,9238
3693,營邦,10,1,9,凱基-士林,2023-06-21,9238
3380,明泰,10,1,9,凱基-士林,2023-06-21,9238
4566,時碩工業,20,11,9,凱基-士林,2023-06-21,9238
4726,永昕,9,0,9,凱基-士林,2023-06-21,9238
1616,億泰,8,0,8,凱基-士林,2023-06-21,9238
2701,萬企,13,5,8,凱基-士林,2023-06-21,9238
00715L,期街口布蘭特正2,123,0,123,凱基-士林,2023-06-26,9238
00712,復華富時不動產,116,0,116,凱基-士林,2023-06-26,9238
8936,國統,190,90,100,凱基-士林,2023-06-26,9238
4566,時碩工業,110,16,94,凱基-士林,2023-06-26,9238
8034,榮群,72,2,70,凱基-士林,2023-06-26,9238
6282,康舒,72,16,56,凱基-士林,2023-06-26,9238
4533,協易機,50,0,50,凱基-士林,2023-06-26,9238
1802,台玻,53,15,38,凱基-士林,2023-06-26,9238
3481,群創,43,13,30,凱基-士林,2023-06-26,9238
8027,鈦昇,27,0,27,凱基-士林,2023-06-26,9238
2412,中華電,26,0,26,凱基-士林,2023-06-26,9238
2344,華邦電,28,3,25,凱基-士林,2023-06-26,9238
00929,復華台灣科技優息,23,0,23,凱基-士林,2023-06-26,9238
2495,普安,29,8,21,凱基-士林,2023-06-26,9238
5309,系統電,21,0,21,凱基-士林,2023-06-26,9238
5465,富驊,29,8,21,凱基-士林,2023-06-26,9238
3071,協禧,20,0,20,凱基-士林,2023-06-26,9238
1447,力鵬,19,0,19,凱基-士林,2023-06-26,9238
3032,偉訓,24,5,19,凱基-士林,2023-06-26,9238
1616,億泰,17,0,17,凱基-士林,2023-06-26,9238
6275,元山,17,0,17,凱基-士林,2023-06-26,9238
2356,英業達,23,8,15,凱基-士林,2023-06-26,9238
3380,明泰,14,0,14,凱基-士林,2023-06-26,9238
2002,中鋼,13,0,13,凱基-士林,2023-06-26,9238
0056,元大高股息,16,3,13,凱基-士林,2023-06-26,9238
00642U,期元大S＆P石油,13,0,13,凱基-士林,2023-06-26,9238
2382,廣達,41,29,12,凱基-士林,2023-06-26,9238
2887,台新金,12,0,12,凱基-士林,2023-06-26,9238
2303,聯電,27,16,11,凱基-士林,2023-06-26,9238
2736,富野,13,2,11,凱基-士林,2023-06-26,9238
00882,中信中國高股息,13,2,11,凱基-士林,2023-06-26,9238
1402,遠東新,11,0,11,凱基-士林,2023-06-26,9238
2354,鴻準,72,61,11,凱基-士林,2023-06-26,9238
2482,連宇,11,0,11,凱基-士林,2023-06-26,9238
5425,台半,17,6,11,凱基-士林,2023-06-26,9238
6203,海韻電,11,0,11,凱基-士林,2023-06-26,9238
1437,勤益控,10,0,10,凱基-士林,2023-06-26,9238
1711,永光,10,0,10,凱基-士林,2023-06-26,9238
2913,農林,12,2,10,凱基-士林,2023-06-26,9238
3540,曜越,10,0,10,凱基-士林,2023-06-26,9238
4916,事欣科,17,7,10,凱基-士林,2023-06-26,9238
5531,鄉林,10,0,10,凱基-士林,2023-06-26,9238
5533,皇鼎,10,0,10,凱基-士林,2023-06-26,9238
2421,建準,9,0,9,凱基-士林,2023-06-26,9238
2706,第一店,9,0,9,凱基-士林,2023-06-26,9238
2748,雲品,10,2,8,凱基-士林,2023-06-26,9238
2399,映泰,15,7,8,凱基-士林,2023-06-26,9238
2453,凌群,8,0,8,凱基-士林,2023-06-26,9238
2888,新光金,17,9,8,凱基-士林,2023-06-26,9238
8087,麗升能源,8,0,8,凱基-士林,2023-06-26,9238
2405,輔信,160,30,130,凱基-士林,2023-06-27,9238
1471,首利,105,0,105,凱基-士林,2023-06-27,9238
3056,富華新,102,1,101,凱基-士林,2023-06-27,9238
2303,聯電,83,6,77,凱基-士林,2023-06-27,9238
1742,台蠟,59,0,59,凱基-士林,2023-06-27,9238
5425,台半,50,1,49,凱基-士林,2023-06-27,9238
2344,華邦電,45,0,45,凱基-士林,2023-06-27,9238
2382,廣達,53,9,44,凱基-士林,2023-06-27,9238
3356,奇偶,66,22,44,凱基-士林,2023-06-27,9238
4916,事欣科,42,2,40,凱基-士林,2023-06-27,9238
3481,群創,40,0,40,凱基-士林,2023-06-27,9238
2610,華航,105,68,37,凱基-士林,2023-06-27,9238
2883,凱基金,39,3,36,凱基-士林,2023-06-27,9238
2323,中環,71,37,34,凱基-士林,2023-06-27,9238
3231,緯創,49,20,29,凱基-士林,2023-06-27,9238
1907,永豐餘,33,4,29,凱基-士林,2023-06-27,9238
2401,凌陽,31,6,25,凱基-士林,2023-06-27,9238
6231,系微,24,0,24,凱基-士林,2023-06-27,9238
3032,偉訓,24,3,21,凱基-士林,2023-06-27,9238
00878,國泰永續高股息,39,19,20,凱基-士林,2023-06-27,9238
2515,中工,20,1,19,凱基-士林,2023-06-27,9238
4566,時碩工業,19,0,19,凱基-士林,2023-06-27,9238
2317,鴻海,25,7,18,凱基-士林,2023-06-27,9238
1616,億泰,15,0,15,凱基-士林,2023-06-27,9238
2453,凌群,15,0,15,凱基-士林,2023-06-27,9238
2201,裕隆,14,0,14,凱基-士林,2023-06-27,9238
6204,艾華,14,0,14,凱基-士林,2023-06-27,9238
2365,昆盈,14,1,13,凱基-士林,2023-06-27,9238
2340,台亞,16,4,12,凱基-士林,2023-06-27,9238
1301,台塑,11,0,11,凱基-士林,2023-06-27,9238
5531,鄉林,21,10,11,凱基-士林,2023-06-27,9238
00637L,元大滬深300正2,20,10,10,凱基-士林,2023-06-27,9238
1437,勤益控,10,0,10,凱基-士林,2023-06-27,9238
1815,富喬,10,0,10,凱基-士林,2023-06-27,9238
2359,所羅門,11,1,10,凱基-士林,2023-06-27,9238
2442,新美齊,10,0,10,凱基-士林,2023-06-27,9238
3071,協禧,10,0,10,凱基-士林,2023-06-27,9238
3221,台嘉碩,10,0,10,凱基-士林,2023-06-27,9238
3540,曜越,11,1,10,凱基-士林,2023-06-27,9238
5876,上海商銀,10,0,10,凱基-士林,2023-06-27,9238
6015,宏遠證,10,0,10,凱基-士林,2023-06-27,9238
8070,長華*,10,0,10,凱基-士林,2023-06-27,9238
1612,宏泰,9,0,9,凱基-士林,2023-06-27,9238
4976,佳凌,10,1,9,凱基-士林,2023-06-27,9238
6167,久正,9,0,9,凱基-士林,2023-06-27,9238
6657,華安,10,1,9,凱基-士林,2023-06-27,9238
2482,連宇,9,0,9,凱基-士林,2023-06-27,9238
6188,廣明,8,0,8,凱基-士林,2023-06-27,9238
1319,東陽,14,6,8,凱基-士林,2023-06-27,9238
2369,菱生,8,0,8,凱基-士林,2023-06-27,9238
3033,威健,251,0,251,凱基-士林,2023-06-28,9238
00715L,期街口布蘭特正2,195,0,195,凱基-士林,2023-06-28,9238
00665L,富邦�琤肭磪囓�2,125,0,125,凱基-士林,2023-06-28,9238
2340,台亞,216,152,64,凱基-士林,2023-06-28,9238
4155,訊映,120,59,61,凱基-士林,2023-06-28,9238
4566,時碩工業,63,3,60,凱基-士林,2023-06-28,9238
3481,群創,62,7,55,凱基-士林,2023-06-28,9238
4147,中裕,51,2,49,凱基-士林,2023-06-28,9238
3260,威剛,53,12,41,凱基-士林,2023-06-28,9238
3434,哲固,35,0,35,凱基-士林,2023-06-28,9238
2014,中鴻,35,2,33,凱基-士林,2023-06-28,9238
2313,華通,40,7,33,凱基-士林,2023-06-28,9238
6282,康舒,34,3,31,凱基-士林,2023-06-28,9238
2371,大同,40,10,30,凱基-士林,2023-06-28,9238
5309,系統電,25,0,25,凱基-士林,2023-06-28,9238
00642U,期元大S＆P石油,23,0,23,凱基-士林,2023-06-28,9238
1314,中石化,22,0,22,凱基-士林,2023-06-28,9238
1471,首利,22,0,22,凱基-士林,2023-06-28,9238
2317,鴻海,24,3,21,凱基-士林,2023-06-28,9238
2634,漢翔,27,6,21,凱基-士林,2023-06-28,9238
1608,華榮,20,0,20,凱基-士林,2023-06-28,9238
2409,友達,22,2,20,凱基-士林,2023-06-28,9238
4960,誠美材,20,0,20,凱基-士林,2023-06-28,9238
3231,緯創,36,16,20,凱基-士林,2023-06-28,9238
5347,世界,18,0,18,凱基-士林,2023-06-28,9238
1513,中興電,24,6,18,凱基-士林,2023-06-28,9238
2368,金像電,23,6,17,凱基-士林,2023-06-28,9238
1605,華新,22,9,13,凱基-士林,2023-06-28,9238
4538,大詠城,13,0,13,凱基-士林,2023-06-28,9238
6180,橘子,13,0,13,凱基-士林,2023-06-28,9238
2892,第一金,12,0,12,凱基-士林,2023-06-28,9238
2323,中環,14,2,12,凱基-士林,2023-06-28,9238
3715,定穎投控,12,0,12,凱基-士林,2023-06-28,9238
5484,慧友,12,0,12,凱基-士林,2023-06-28,9238
3706,神達,11,0,11,凱基-士林,2023-06-28,9238
3443,創意,13,2,11,凱基-士林,2023-06-28,9238
1742,台蠟,11,0,11,凱基-士林,2023-06-28,9238
3576,聯合再生,11,0,11,凱基-士林,2023-06-28,9238
2603,長榮,12,2,10,凱基-士林,2023-06-28,9238
2352,佳世達,13,3,10,凱基-士林,2023-06-28,9238
3049,精金,10,0,10,凱基-士林,2023-06-28,9238
3322,建舜電,10,0,10,凱基-士林,2023-06-28,9238
4563,百德,10,0,10,凱基-士林,2023-06-28,9238
8996,高力,12,3,9,凱基-士林,2023-06-28,9238
1101,台泥,8,0,8,凱基-士林,2023-06-28,9238
2303,聯電,14,6,8,凱基-士林,2023-06-28,9238
1504,東元,14,6,8,凱基-士林,2023-06-28,9238
3312,弘憶股,8,0,8,凱基-士林,2023-06-28,9238
8478,東哥遊艇,8,0,8,凱基-士林,2023-06-28,9238
1783,和康生,9,2,7,凱基-士林,2023-06-28,9238
2105,正新,200,1,199,凱基-士林,2023-06-29,9238
1444,力麗,100,0,100,凱基-士林,2023-06-29,9238
2618,長榮航,119,29,90,凱基-士林,2023-06-29,9238
1504,東元,84,3,81,凱基-士林,2023-06-29,9238
2449,京元電子,81,0,81,凱基-士林,2023-06-29,9238
6753,龍德造船,56,0,56,凱基-士林,2023-06-29,9238
3481,群創,59,4,55,凱基-士林,2023-06-29,9238
2023,燁輝,50,0,50,凱基-士林,2023-06-29,9238
4563,百德,60,10,50,凱基-士林,2023-06-29,9238
1605,華新,48,1,47,凱基-士林,2023-06-29,9238
2888,新光金,51,12,39,凱基-士林,2023-06-29,9238
3707,漢磊,36,0,36,凱基-士林,2023-06-29,9238
8222,寶一,31,0,31,凱基-士林,2023-06-29,9238
4538,大詠城,30,0,30,凱基-士林,2023-06-29,9238
3260,威剛,61,32,29,凱基-士林,2023-06-29,9238
1802,台玻,36,8,28,凱基-士林,2023-06-29,9238
2610,華航,45,19,26,凱基-士林,2023-06-29,9238
8277,商丞,24,0,24,凱基-士林,2023-06-29,9238
2419,仲琦,40,18,22,凱基-士林,2023-06-29,9238
2303,聯電,34,13,21,凱基-士林,2023-06-29,9238
2368,金像電,28,7,21,凱基-士林,2023-06-29,9238
5531,鄉林,20,0,20,凱基-士林,2023-06-29,9238
6283,淳安,20,0,20,凱基-士林,2023-06-29,9238
1784,訊聯,20,1,19,凱基-士林,2023-06-29,9238
2027,大成鋼,20,1,19,凱基-士林,2023-06-29,9238
3687,歐買尬,20,1,19,凱基-士林,2023-06-29,9238
2342,茂矽,17,0,17,凱基-士林,2023-06-29,9238
6470,宇智,25,9,16,凱基-士林,2023-06-29,9238
2317,鴻海,18,5,13,凱基-士林,2023-06-29,9238
4164,承業醫,20,7,13,凱基-士林,2023-06-29,9238
2014,中鴻,12,0,12,凱基-士林,2023-06-29,9238
00885,富邦越南,12,0,12,凱基-士林,2023-06-29,9238
5347,世界,10,0,10,凱基-士林,2023-06-29,9238
00712,復華富時不動產,23,13,10,凱基-士林,2023-06-29,9238
1727,中華化,10,0,10,凱基-士林,2023-06-29,9238
2413,環科,11,1,10,凱基-士林,2023-06-29,9238
2542,興富發,10,0,10,凱基-士林,2023-06-29,9238
3051,力特,10,0,10,凱基-士林,2023-06-29,9238
4161,聿新科,10,0,10,凱基-士林,2023-06-29,9238
9962,有益,10,0,10,凱基-士林,2023-06-29,9238
4967,十銓,11,3,8,凱基-士林,2023-06-29,9238
00665L,富邦�琤肭磪囓�2,8,0,8,凱基-士林,2023-06-29,9238
4526,東台,12,4,8,凱基-士林,2023-06-29,9238
6125,廣運,8,0,8,凱基-士林,2023-06-29,9238
6182,合晶,36,28,8,凱基-士林,2023-06-29,9238
8076,伍豐,8,0,8,凱基-士林,2023-06-29,9238
2356,英業達,10,3,7,凱基-士林,2023-06-29,9238
2405,輔信,470,463,7,凱基-士林,2023-06-29,9238
2536,宏普,7,0,7,凱基-士林,2023-06-29,9238
3178,公準,7,0,7,凱基-士林,2023-06-29,9238
00632R,元大台灣50反1,309,18,291,凱基-士林,2023-06-30,9238
3665,貿聯-KY,121,0,121,凱基-士林,2023-06-30,9238
2344,華邦電,63,7,56,凱基-士林,2023-06-30,9238
4123,晟德,57,1,56,凱基-士林,2023-06-30,9238
00885,富邦越南,50,0,50,凱基-士林,2023-06-30,9238
1504,東元,49,3,46,凱基-士林,2023-06-30,9238
3078,僑威,45,0,45,凱基-士林,2023-06-30,9238
2609,陽明,92,59,33,凱基-士林,2023-06-30,9238
2610,華航,37,7,30,凱基-士林,2023-06-30,9238
9962,有益,30,0,30,凱基-士林,2023-06-30,9238
2105,正新,27,0,27,凱基-士林,2023-06-30,9238
2883,凱基金,26,0,26,凱基-士林,2023-06-30,9238
6125,廣運,36,10,26,凱基-士林,2023-06-30,9238
3025,星通,26,4,22,凱基-士林,2023-06-30,9238
3481,群創,32,11,21,凱基-士林,2023-06-30,9238
1809,中釉,20,0,20,凱基-士林,2023-06-30,9238
2369,菱生,20,0,20,凱基-士林,2023-06-30,9238
2906,高林,20,0,20,凱基-士林,2023-06-30,9238
5512,力麒,20,0,20,凱基-士林,2023-06-30,9238
3207,耀勝,48,32,16,凱基-士林,2023-06-30,9238
9919,康那香,15,0,15,凱基-士林,2023-06-30,9238
2402,毅嘉,19,6,13,凱基-士林,2023-06-30,9238
2888,新光金,35,23,12,凱基-士林,2023-06-30,9238
3011,今皓,12,0,12,凱基-士林,2023-06-30,9238
1905,華紙,12,1,11,凱基-士林,2023-06-30,9238
5706,鳳凰,12,2,10,凱基-士林,2023-06-30,9238
6591,動力-KY,10,0,10,凱基-士林,2023-06-30,9238
9105,泰金寶-DR,10,0,10,凱基-士林,2023-06-30,9238
2308,台達電,9,0,9,凱基-士林,2023-06-30,9238
1234,黑松,13,4,9,凱基-士林,2023-06-30,9238
00919,群益台灣精選高息,10,1,9,凱基-士林,2023-06-30,9238
3434,哲固,13,4,9,凱基-士林,2023-06-30,9238
6204,艾華,9,0,9,凱基-士林,2023-06-30,9238
2014,中鴻,8,0,8,凱基-士林,2023-06-30,9238
2482,連宇,10,2,8,凱基-士林,2023-06-30,9238
3706,神達,10,2,8,凱基-士林,2023-06-30,9238
8048,德勝,10,2,8,凱基-士林,2023-06-30,9238
00929,復華台灣科技優息,17,10,7,凱基-士林,2023-06-30,9238
3707,漢磊,7,0,7,凱基-士林,2023-06-30,9238
1795,美時,8,1,7,凱基-士林,2023-06-30,9238
3034,聯詠,10,4,6,凱基-士林,2023-06-30,9238
5434,崇越,6,0,6,凱基-士林,2023-06-30,9238
5425,台半,6,0,6,凱基-士林,2023-06-30,9238
2702,華園,6,0,6,凱基-士林,2023-06-30,9238
3682,亞太電,6,0,6,凱基-士林,2023-06-30,9238
4121,優盛,6,0,6,凱基-士林,2023-06-30,9238
6269,台郡,6,0,6,凱基-士林,2023-06-30,9238
6657,華安,6,0,6,凱基-士林,2023-06-30,9238
2303,聯電,11,6,5,凱基-士林,2023-06-30,9238
00687B,國泰20年美債,9,4,5,凱基-士林,2023-06-30,9238
6187,萬潤,252,2,250,凱基-士林,2023-07-03,9238
2331,精英,159,4,155,凱基-士林,2023-07-03,9238
2337,旺宏,99,0,99,凱基-士林,2023-07-03,9238
2382,廣達,95,26,69,凱基-士林,2023-07-03,9238
6770,力積電,69,2,67,凱基-士林,2023-07-03,9238
2405,輔信,101,45,56,凱基-士林,2023-07-03,9238
2010,春源,60,6,54,凱基-士林,2023-07-03,9238
6116,彩晶,50,0,50,凱基-士林,2023-07-03,9238
2332,友訊,51,2,49,凱基-士林,2023-07-03,9238
00929,復華台灣科技優息,50,11,39,凱基-士林,2023-07-03,9238
1802,台玻,38,2,36,凱基-士林,2023-07-03,9238
4155,訊映,46,12,34,凱基-士林,2023-07-03,9238
6156,松上,35,2,33,凱基-士林,2023-07-03,9238
3680,家登,33,0,33,凱基-士林,2023-07-03,9238
1905,華紙,40,9,31,凱基-士林,2023-07-03,9238
2457,飛宏,31,2,29,凱基-士林,2023-07-03,9238
2303,聯電,30,4,26,凱基-士林,2023-07-03,9238
00915,凱基優選高股息30,25,0,25,凱基-士林,2023-07-03,9238
4744,皇將,26,4,22,凱基-士林,2023-07-03,9238
1815,富喬,20,0,20,凱基-士林,2023-07-03,9238
4414,如興,20,0,20,凱基-士林,2023-07-03,9238
2356,英業達,33,14,19,凱基-士林,2023-07-03,9238
4123,晟德,19,1,18,凱基-士林,2023-07-03,9238
2308,台達電,21,3,18,凱基-士林,2023-07-03,9238
4116,明基醫,17,0,17,凱基-士林,2023-07-03,9238
4503,金雨,17,0,17,凱基-士林,2023-07-03,9238
6276,安鈦克,20,3,17,凱基-士林,2023-07-03,9238
2634,漢翔,21,5,16,凱基-士林,2023-07-03,9238
5521,工信,15,0,15,凱基-士林,2023-07-03,9238
6190,萬泰科,15,0,15,凱基-士林,2023-07-03,9238
6275,元山,26,11,15,凱基-士林,2023-07-03,9238
2368,金像電,44,29,15,凱基-士林,2023-07-03,9238
2867,三商壽,14,0,14,凱基-士林,2023-07-03,9238
3231,緯創,55,43,12,凱基-士林,2023-07-03,9238
1795,美時,12,1,11,凱基-士林,2023-07-03,9238
2014,中鴻,11,0,11,凱基-士林,2023-07-03,9238
2465,麗臺,11,0,11,凱基-士林,2023-07-03,9238
2486,一詮,18,7,11,凱基-士林,2023-07-03,9238
8105,凌巨,12,1,11,凱基-士林,2023-07-03,9238
6515,穎崴,14,3,11,凱基-士林,2023-07-03,9238
8358,金居,13,3,10,凱基-士林,2023-07-03,9238
1605,華新,21,11,10,凱基-士林,2023-07-03,9238
1201,味全,10,0,10,凱基-士林,2023-07-03,9238
2906,高林,10,0,10,凱基-士林,2023-07-03,9238
3207,耀勝,44,34,10,凱基-士林,2023-07-03,9238
5425,台半,10,1,9,凱基-士林,2023-07-03,9238
3078,僑威,16,7,9,凱基-士林,2023-07-03,9238
2888,新光金,14,5,9,凱基-士林,2023-07-03,9238
1560,中砂,8,0,8,凱基-士林,2023-07-03,9238
2312,金寶,11,3,8,凱基-士林,2023-07-03,9238
1528,恩德,367,72,295,凱基-士林,2023-07-04,9238
2312,金寶,334,61,273,凱基-士林,2023-07-04,9238
00712,復華富時不動產,203,0,203,凱基-士林,2023-07-04,9238
6282,康舒,160,58,102,凱基-士林,2023-07-04,9238
3071,協禧,90,5,85,凱基-士林,2023-07-04,9238
2888,新光金,82,10,72,凱基-士林,2023-07-04,9238
2603,長榮,123,52,71,凱基-士林,2023-07-04,9238
2338,光罩,77,6,71,凱基-士林,2023-07-04,9238
2354,鴻準,60,0,60,凱基-士林,2023-07-04,9238
00632R,元大台灣50反1,50,0,50,凱基-士林,2023-07-04,9238
00900,富邦特選高股息30,52,5,47,凱基-士林,2023-07-04,9238
2609,陽明,88,50,38,凱基-士林,2023-07-04,9238
2610,華航,47,9,38,凱基-士林,2023-07-04,9238
3011,今皓,40,2,38,凱基-士林,2023-07-04,9238
2317,鴻海,47,11,36,凱基-士林,2023-07-04,9238
5425,台半,34,1,33,凱基-士林,2023-07-04,9238
3078,僑威,31,0,31,凱基-士林,2023-07-04,9238
6182,合晶,30,0,30,凱基-士林,2023-07-04,9238
1802,台玻,29,1,28,凱基-士林,2023-07-04,9238
2485,兆赫,35,7,28,凱基-士林,2023-07-04,9238
8054,安國,25,0,25,凱基-士林,2023-07-04,9238
2419,仲琦,33,12,21,凱基-士林,2023-07-04,9238
1314,中石化,20,0,20,凱基-士林,2023-07-04,9238
6133,金橋,18,0,18,凱基-士林,2023-07-04,9238
5521,工信,15,0,15,凱基-士林,2023-07-04,9238
3042,晶技,14,0,14,凱基-士林,2023-07-04,9238
2337,旺宏,13,0,13,凱基-士林,2023-07-04,9238
2399,映泰,20,7,13,凱基-士林,2023-07-04,9238
3706,神達,27,14,13,凱基-士林,2023-07-04,9238
4157,太景*-KY,12,0,12,凱基-士林,2023-07-04,9238
1760,寶齡富錦,11,0,11,凱基-士林,2023-07-04,9238
3703,欣陸,11,0,11,凱基-士林,2023-07-04,9238
6153,嘉聯益,11,0,11,凱基-士林,2023-07-04,9238
0056,元大高股息,29,19,10,凱基-士林,2023-07-04,9238
1301,台塑,10,0,10,凱基-士林,2023-07-04,9238
1584,精剛,12,2,10,凱基-士林,2023-07-04,9238
2020,美亞,10,0,10,凱基-士林,2023-07-04,9238
2617,台航,10,0,10,凱基-士林,2023-07-04,9238
8482,商億-KY,10,0,10,凱基-士林,2023-07-04,9238
1609,大亞,11,1,10,凱基-士林,2023-07-04,9238
2425,承啟,9,0,9,凱基-士林,2023-07-04,9238
3576,聯合再生,10,2,8,凱基-士林,2023-07-04,9238
6285,啟��,11,3,8,凱基-士林,2023-07-04,9238
3056,富華新,8,0,8,凱基-士林,2023-07-04,9238
2357,華碩,7,0,7,凱基-士林,2023-07-04,9238
6188,廣明,15,8,7,凱基-士林,2023-07-04,9238
1409,新纖,7,0,7,凱基-士林,2023-07-04,9238
2371,大同,14,7,7,凱基-士林,2023-07-04,9238
5488,松普,7,0,7,凱基-士林,2023-07-04,9238
6223,旺矽,7,0,7,凱基-士林,2023-07-04,9238
3071,協禧,155,1,154,凱基-士林,2023-07-05,9238
2618,長榮航,211,67,144,凱基-士林,2023-07-05,9238
2371,大同,150,6,144,凱基-士林,2023-07-05,9238
3481,群創,105,2,103,凱基-士林,2023-07-05,9238
4906,正文,90,0,90,凱基-士林,2023-07-05,9238
4979,華星光,87,14,73,凱基-士林,2023-07-05,9238
2615,萬海,61,0,61,凱基-士林,2023-07-05,9238
1444,力麗,58,0,58,凱基-士林,2023-07-05,9238
5328,華容,56,0,56,凱基-士林,2023-07-05,9238
00882,中信中國高股息,53,0,53,凱基-士林,2023-07-05,9238
2610,華航,76,29,47,凱基-士林,2023-07-05,9238
2340,台亞,58,14,44,凱基-士林,2023-07-05,9238
2369,菱生,42,3,39,凱基-士林,2023-07-05,9238
2883,凱基金,39,0,39,凱基-士林,2023-07-05,9238
2303,聯電,33,1,32,凱基-士林,2023-07-05,9238
3551,世禾,31,0,31,凱基-士林,2023-07-05,9238
2010,春源,30,0,30,凱基-士林,2023-07-05,9238
3682,亞太電,30,0,30,凱基-士林,2023-07-05,9238
8936,國統,32,3,29,凱基-士林,2023-07-05,9238
1101,台泥,25,0,25,凱基-士林,2023-07-05,9238
3706,神達,24,0,24,凱基-士林,2023-07-05,9238
2609,陽明,121,97,24,凱基-士林,2023-07-05,9238
2382,廣達,49,26,23,凱基-士林,2023-07-05,9238
6167,久正,23,0,23,凱基-士林,2023-07-05,9238
3308,聯德,22,0,22,凱基-士林,2023-07-05,9238
3163,波若威,24,3,21,凱基-士林,2023-07-05,9238
4904,遠傳,21,0,21,凱基-士林,2023-07-05,9238
8358,金居,26,5,21,凱基-士林,2023-07-05,9238
2305,全友,20,0,20,凱基-士林,2023-07-05,9238
3062,建漢,20,0,20,凱基-士林,2023-07-05,9238
6122,擎邦,20,0,20,凱基-士林,2023-07-05,9238
4532,瑞智,20,1,19,凱基-士林,2023-07-05,9238
2838,聯邦銀,18,0,18,凱基-士林,2023-07-05,9238
6204,艾華,18,0,18,凱基-士林,2023-07-05,9238
2425,承啟,18,1,17,凱基-士林,2023-07-05,9238
2317,鴻海,25,8,17,凱基-士林,2023-07-05,9238
3665,貿聯-KY,16,0,16,凱基-士林,2023-07-05,9238
2867,三商壽,16,0,16,凱基-士林,2023-07-05,9238
3363,上詮,23,7,16,凱基-士林,2023-07-05,9238
3707,漢磊,13,0,13,凱基-士林,2023-07-05,9238
2888,新光金,318,306,12,凱基-士林,2023-07-05,9238
4958,臻鼎-KY,11,0,11,凱基-士林,2023-07-05,9238
6179,亞通,11,0,11,凱基-士林,2023-07-05,9238
8210,勤誠,13,3,10,凱基-士林,2023-07-05,9238
00706L,期元大S＆P日圓正2,10,0,10,凱基-士林,2023-07-05,9238
1515,力山,10,0,10,凱基-士林,2023-07-05,9238
2208,台船,10,0,10,凱基-士林,2023-07-05,9238
2442,新美齊,10,0,10,凱基-士林,2023-07-05,9238
2308,台達電,11,1,10,凱基-士林,2023-07-05,9238
3231,緯創,89,80,9,凱基-士林,2023-07-05,9238
2002,中鋼,1218,0,1218,凱基-士林,2023-07-06,9238
6290,良維,268,126,142,凱基-士林,2023-07-06,9238
6753,龍德造船,124,0,124,凱基-士林,2023-07-06,9238
1101,台泥,71,0,71,凱基-士林,2023-07-06,9238
2883,凱基金,74,10,64,凱基-士林,2023-07-06,9238
2014,中鴻,61,2,59,凱基-士林,2023-07-06,9238
6136,富爾特,53,0,53,凱基-士林,2023-07-06,9238
2382,廣達,87,37,50,凱基-士林,2023-07-06,9238
8215,明基材,44,1,43,凱基-士林,2023-07-06,9238
3062,建漢,40,2,38,凱基-士林,2023-07-06,9238
2317,鴻海,48,11,37,凱基-士林,2023-07-06,9238
00673R,期元大S＆P原油反1,34,0,34,凱基-士林,2023-07-06,9238
2888,新光金,34,0,34,凱基-士林,2023-07-06,9238
2330,台積電,34,2,32,凱基-士林,2023-07-06,9238
00665L,富邦�琤肭磪囓�2,30,0,30,凱基-士林,2023-07-06,9238
4566,時碩工業,35,8,27,凱基-士林,2023-07-06,9238
2812,台中銀,24,0,24,凱基-士林,2023-07-06,9238
1609,大亞,25,3,22,凱基-士林,2023-07-06,9238
5484,慧友,20,0,20,凱基-士林,2023-07-06,9238
1108,幸福,20,1,19,凱基-士林,2023-07-06,9238
4164,承業醫,20,1,19,凱基-士林,2023-07-06,9238
6133,金橋,18,0,18,凱基-士林,2023-07-06,9238
2409,友達,39,22,17,凱基-士林,2023-07-06,9238
5876,上海商銀,17,0,17,凱基-士林,2023-07-06,9238
2610,華航,23,7,16,凱基-士林,2023-07-06,9238
2609,陽明,45,31,14,凱基-士林,2023-07-06,9238
3665,貿聯-KY,15,1,14,凱基-士林,2023-07-06,9238
6472,保瑞,15,1,14,凱基-士林,2023-07-06,9238
00632R,元大台灣50反1,63,50,13,凱基-士林,2023-07-06,9238
1802,台玻,13,0,13,凱基-士林,2023-07-06,9238
2880,華南金,13,0,13,凱基-士林,2023-07-06,9238
6505,台塑化,12,0,12,凱基-士林,2023-07-06,9238
00919,群益台灣精選高息,11,0,11,凱基-士林,2023-07-06,9238
00688L,國泰20年美債正2,11,0,11,凱基-士林,2023-07-06,9238
00687B,國泰20年美債,11,0,11,凱基-士林,2023-07-06,9238
4958,臻鼎-KY,11,0,11,凱基-士林,2023-07-06,9238
9907,統一實,49,38,11,凱基-士林,2023-07-06,9238
1444,力麗,12,2,10,凱基-士林,2023-07-06,9238
1528,恩德,15,5,10,凱基-士林,2023-07-06,9238
1618,合機,10,0,10,凱基-士林,2023-07-06,9238
2349,錸德,10,0,10,凱基-士林,2023-07-06,9238
2405,輔信,10,0,10,凱基-士林,2023-07-06,9238
4503,金雨,10,0,10,凱基-士林,2023-07-06,9238
5465,富驊,10,0,10,凱基-士林,2023-07-06,9238
6168,宏齊,10,0,10,凱基-士林,2023-07-06,9238
8076,伍豐,13,3,10,凱基-士林,2023-07-06,9238
8093,保銳,10,0,10,凱基-士林,2023-07-06,9238
9105,泰金寶-DR,10,0,10,凱基-士林,2023-07-06,9238
9962,有益,10,0,10,凱基-士林,2023-07-06,9238
2885,元大金,9,0,9,凱基-士林,2023-07-06,9238
00632R,元大台灣50反1,247,45,202,凱基-士林,2023-07-07,9238
3481,群創,169,1,168,凱基-士林,2023-07-07,9238
4414,如興,145,0,145,凱基-士林,2023-07-07,9238
2485,兆赫,119,36,83,凱基-士林,2023-07-07,9238
6290,良維,65,0,65,凱基-士林,2023-07-07,9238
2329,華泰,64,0,64,凱基-士林,2023-07-07,9238
00882,中信中國高股息,65,5,60,凱基-士林,2023-07-07,9238
2344,華邦電,54,0,54,凱基-士林,2023-07-07,9238
6753,龍德造船,68,14,54,凱基-士林,2023-07-07,9238
3231,緯創,109,56,53,凱基-士林,2023-07-07,9238
6116,彩晶,50,0,50,凱基-士林,2023-07-07,9238
2002,中鋼,44,0,44,凱基-士林,2023-07-07,9238
5347,世界,43,0,43,凱基-士林,2023-07-07,9238
00665L,富邦�琤肭磪囓�2,43,0,43,凱基-士林,2023-07-07,9238
2421,建準,43,2,41,凱基-士林,2023-07-07,9238
5484,慧友,39,1,38,凱基-士林,2023-07-07,9238
6182,合晶,42,5,37,凱基-士林,2023-07-07,9238
8093,保銳,37,0,37,凱基-士林,2023-07-07,9238
2401,凌陽,26,0,26,凱基-士林,2023-07-07,9238
2442,新美齊,26,0,26,凱基-士林,2023-07-07,9238
3071,協禧,55,29,26,凱基-士林,2023-07-07,9238
2409,友達,22,0,22,凱基-士林,2023-07-07,9238
3673,TPK-KY,33,11,22,凱基-士林,2023-07-07,9238
5425,台半,21,1,20,凱基-士林,2023-07-07,9238
6133,金橋,20,0,20,凱基-士林,2023-07-07,9238
2313,華通,21,2,19,凱基-士林,2023-07-07,9238
3701,大眾控,19,0,19,凱基-士林,2023-07-07,9238
6148,驊宏資,20,1,19,凱基-士林,2023-07-07,9238
00650L,復華香港正2,18,0,18,凱基-士林,2023-07-07,9238
3062,建漢,21,3,18,凱基-士林,2023-07-07,9238
00929,復華台灣科技優息,17,0,17,凱基-士林,2023-07-07,9238
1201,味全,15,0,15,凱基-士林,2023-07-07,9238
3305,昇貿,16,1,15,凱基-士林,2023-07-07,9238
3483,力致,15,0,15,凱基-士林,2023-07-07,9238
00679B,元大美債20年,27,12,15,凱基-士林,2023-07-07,9238
1795,美時,17,3,14,凱基-士林,2023-07-07,9238
2834,臺企銀,14,0,14,凱基-士林,2023-07-07,9238
3665,貿聯-KY,14,0,14,凱基-士林,2023-07-07,9238
2610,華航,46,33,13,凱基-士林,2023-07-07,9238
3131,弘塑,14,1,13,凱基-士林,2023-07-07,9238
3060,銘異,13,0,13,凱基-士林,2023-07-07,9238
3552,同致,13,0,13,凱基-士林,2023-07-07,9238
2369,菱生,13,0,13,凱基-士林,2023-07-07,9238
2007,燁興,12,0,12,凱基-士林,2023-07-07,9238
2412,中華電,12,0,12,凱基-士林,2023-07-07,9238
3089,億杰,14,2,12,凱基-士林,2023-07-07,9238
6202,盛群,12,0,12,凱基-士林,2023-07-07,9238
4563,百德,12,0,12,凱基-士林,2023-07-07,9238
3035,智原,16,4,12,凱基-士林,2023-07-07,9238
6188,廣明,11,0,11,凱基-士林,2023-07-07,9238
3284,太普高,200,0,200,凱基-士林,2023-07-10,9238
2883,凱基金,182,27,155,凱基-士林,2023-07-10,9238
2371,大同,200,80,120,凱基-士林,2023-07-10,9238
2312,金寶,104,1,103,凱基-士林,2023-07-10,9238
2332,友訊,100,0,100,凱基-士林,2023-07-10,9238
1101,台泥,56,2,54,凱基-士林,2023-07-10,9238
3019,亞光,52,1,51,凱基-士林,2023-07-10,9238
2337,旺宏,42,0,42,凱基-士林,2023-07-10,9238
2645,長榮航太,44,4,40,凱基-士林,2023-07-10,9238
4532,瑞智,40,5,35,凱基-士林,2023-07-10,9238
2888,新光金,51,17,34,凱基-士林,2023-07-10,9238
2603,長榮,49,17,32,凱基-士林,2023-07-10,9238
6188,廣明,41,10,31,凱基-士林,2023-07-10,9238
1515,力山,40,10,30,凱基-士林,2023-07-10,9238
1806,冠軍,30,0,30,凱基-士林,2023-07-10,9238
6204,艾華,27,0,27,凱基-士林,2023-07-10,9238
3013,晟銘電,24,2,22,凱基-士林,2023-07-10,9238
4123,晟德,22,0,22,凱基-士林,2023-07-10,9238
2002,中鋼,21,0,21,凱基-士林,2023-07-10,9238
6116,彩晶,21,0,21,凱基-士林,2023-07-10,9238
5425,台半,25,5,20,凱基-士林,2023-07-10,9238
00929,復華台灣科技優息,20,0,20,凱基-士林,2023-07-10,9238
1471,首利,20,0,20,凱基-士林,2023-07-10,9238
6689,伊雲谷,21,1,20,凱基-士林,2023-07-10,9238
6165,浪凡,19,0,19,凱基-士林,2023-07-10,9238
3141,晶宏,17,1,16,凱基-士林,2023-07-10,9238
1802,台玻,16,0,16,凱基-士林,2023-07-10,9238
1605,華新,17,2,15,凱基-士林,2023-07-10,9238
8215,明基材,18,3,15,凱基-士林,2023-07-10,9238
8429,金麗-KY,15,0,15,凱基-士林,2023-07-10,9238
2027,大成鋼,15,1,14,凱基-士林,2023-07-10,9238
4909,新復興,14,0,14,凱基-士林,2023-07-10,9238
6016,康和證,14,0,14,凱基-士林,2023-07-10,9238
3025,星通,34,20,14,凱基-士林,2023-07-10,9238
9958,世紀鋼,14,0,14,凱基-士林,2023-07-10,9238
3231,緯創,38,24,14,凱基-士林,2023-07-10,9238
00878,國泰永續高股息,21,8,13,凱基-士林,2023-07-10,9238
2419,仲琦,17,5,12,凱基-士林,2023-07-10,9238
1210,大成,15,3,12,凱基-士林,2023-07-10,9238
00679B,元大美債20年,27,15,12,凱基-士林,2023-07-10,9238
00893,國泰智能電動車,12,1,11,凱基-士林,2023-07-10,9238
2049,上銀,11,0,11,凱基-士林,2023-07-10,9238
2401,凌陽,11,0,11,凱基-士林,2023-07-10,9238
2436,偉詮電,16,5,11,凱基-士林,2023-07-10,9238
2618,長榮航,25,14,11,凱基-士林,2023-07-10,9238
2489,瑞軒,11,1,10,凱基-士林,2023-07-10,9238
2317,鴻海,10,0,10,凱基-士林,2023-07-10,9238
00830,國泰費城半導體,10,0,10,凱基-士林,2023-07-10,9238
1533,車王電,10,0,10,凱基-士林,2023-07-10,9238
2228,劍麟,10,0,10,凱基-士林,2023-07-10,9238
2412,中華電,101,0,101,凱基-士林,2023-07-11,9238
2867,三商壽,95,0,95,凱基-士林,2023-07-11,9238
2332,友訊,60,0,60,凱基-士林,2023-07-11,9238
00680L,元大美債20正2,45,0,45,凱基-士林,2023-07-11,9238
5425,台半,58,17,41,凱基-士林,2023-07-11,9238
00673R,期元大S＆P原油反1,40,0,40,凱基-士林,2023-07-11,9238
2888,新光金,82,47,35,凱基-士林,2023-07-11,9238
2340,台亞,40,8,32,凱基-士林,2023-07-11,9238
9958,世紀鋼,30,0,30,凱基-士林,2023-07-11,9238
8093,保銳,29,0,29,凱基-士林,2023-07-11,9238
00713,元大台灣高息低波,30,3,27,凱基-士林,2023-07-11,9238
3234,光環,30,4,26,凱基-士林,2023-07-11,9238
0056,元大高股息,47,22,25,凱基-士林,2023-07-11,9238
3058,立德,25,0,25,凱基-士林,2023-07-11,9238
1528,恩德,31,7,24,凱基-士林,2023-07-11,9238
2603,長榮,25,2,23,凱基-士林,2023-07-11,9238
4953,緯軟,22,0,22,凱基-士林,2023-07-11,9238
00919,群益台灣精選高息,21,0,21,凱基-士林,2023-07-11,9238
1210,大成,21,0,21,凱基-士林,2023-07-11,9238
4909,新復興,21,0,21,凱基-士林,2023-07-11,9238
3131,弘塑,21,0,21,凱基-士林,2023-07-11,9238
2103,台橡,20,0,20,凱基-士林,2023-07-11,9238
4526,東台,28,8,20,凱基-士林,2023-07-11,9238
2515,中工,21,2,19,凱基-士林,2023-07-11,9238
3715,定穎投控,40,21,19,凱基-士林,2023-07-11,9238
2609,陽明,24,5,19,凱基-士林,2023-07-11,9238
4123,晟德,23,6,17,凱基-士林,2023-07-11,9238
4906,正文,17,0,17,凱基-士林,2023-07-11,9238
6182,合晶,18,1,17,凱基-士林,2023-07-11,9238
4934,太極,20,4,16,凱基-士林,2023-07-11,9238
1314,中石化,16,0,16,凱基-士林,2023-07-11,9238
2305,全友,16,0,16,凱基-士林,2023-07-11,9238
3062,建漢,20,5,15,凱基-士林,2023-07-11,9238
6282,康舒,18,3,15,凱基-士林,2023-07-11,9238
1101,台泥,14,1,13,凱基-士林,2023-07-11,9238
5340,建榮,13,0,13,凱基-士林,2023-07-11,9238
6204,艾華,13,0,13,凱基-士林,2023-07-11,9238
2618,長榮航,25,12,13,凱基-士林,2023-07-11,9238
3356,奇偶,15,3,12,凱基-士林,2023-07-11,9238
1471,首利,14,2,12,凱基-士林,2023-07-11,9238
1802,台玻,12,0,12,凱基-士林,2023-07-11,9238
3018,隆銘綠能,12,0,12,凱基-士林,2023-07-11,9238
2324,仁寶,12,0,12,凱基-士林,2023-07-11,9238
1308,亞聚,11,0,11,凱基-士林,2023-07-11,9238
2323,中環,20,9,11,凱基-士林,2023-07-11,9238
6234,高僑,11,0,11,凱基-士林,2023-07-11,9238
2371,大同,11,0,11,凱基-士林,2023-07-11,9238
6689,伊雲谷,11,0,11,凱基-士林,2023-07-11,9238
1752,南光,10,0,10,凱基-士林,2023-07-11,9238
1806,冠軍,10,0,10,凱基-士林,2023-07-11,9238
8210,勤誠,155,1,154,凱基-士林,2023-07-12,9238
2481,強茂,95,9,86,凱基-士林,2023-07-12,9238
1314,中石化,43,0,43,凱基-士林,2023-07-12,9238
2303,聯電,50,10,40,凱基-士林,2023-07-12,9238
6282,康舒,69,36,33,凱基-士林,2023-07-12,9238
2888,新光金,36,6,30,凱基-士林,2023-07-12,9238
1802,台玻,28,0,28,凱基-士林,2023-07-12,9238
00673R,期元大S＆P原油反1,25,0,25,凱基-士林,2023-07-12,9238
2201,裕隆,42,20,22,凱基-士林,2023-07-12,9238
6133,金橋,21,0,21,凱基-士林,2023-07-12,9238
5258,虹堡,21,1,20,凱基-士林,2023-07-12,9238
2107,厚生,20,0,20,凱基-士林,2023-07-12,9238
2892,第一金,22,2,20,凱基-士林,2023-07-12,9238
2906,高林,20,0,20,凱基-士林,2023-07-12,9238
8358,金居,32,13,19,凱基-士林,2023-07-12,9238
6165,浪凡,19,0,19,凱基-士林,2023-07-12,9238
1795,美時,19,1,18,凱基-士林,2023-07-12,9238
2603,長榮,23,6,17,凱基-士林,2023-07-12,9238
00919,群益台灣精選高息,16,0,16,凱基-士林,2023-07-12,9238
6118,建達,33,18,15,凱基-士林,2023-07-12,9238
2615,萬海,14,0,14,凱基-士林,2023-07-12,9238
4533,協易機,51,37,14,凱基-士林,2023-07-12,9238
00722B,群益投資級電信債,14,0,14,凱基-士林,2023-07-12,9238
1308,亞聚,14,0,14,凱基-士林,2023-07-12,9238
4968,立積,17,3,14,凱基-士林,2023-07-12,9238
6120,達運,20,6,14,凱基-士林,2023-07-12,9238
00929,復華台灣科技優息,14,0,14,凱基-士林,2023-07-12,9238
1337,再生-KY,13,0,13,凱基-士林,2023-07-12,9238
2701,萬企,13,0,13,凱基-士林,2023-07-12,9238
3564,其陽,13,0,13,凱基-士林,2023-07-12,9238
6244,茂迪,12,0,12,凱基-士林,2023-07-12,9238
2485,兆赫,12,1,11,凱基-士林,2023-07-12,9238
3576,聯合再生,10,0,10,凱基-士林,2023-07-12,9238
00773B,中信優先金融債,10,0,10,凱基-士林,2023-07-12,9238
1301,台塑,10,0,10,凱基-士林,2023-07-12,9238
1437,勤益控,10,0,10,凱基-士林,2023-07-12,9238
1711,永光,10,0,10,凱基-士林,2023-07-12,9238
1727,中華化,10,0,10,凱基-士林,2023-07-12,9238
3025,星通,12,2,10,凱基-士林,2023-07-12,9238
3051,力特,10,0,10,凱基-士林,2023-07-12,9238
1504,東元,11,2,9,凱基-士林,2023-07-12,9238
6202,盛群,10,1,9,凱基-士林,2023-07-12,9238
6204,艾華,9,0,9,凱基-士林,2023-07-12,9238
8996,高力,8,0,8,凱基-士林,2023-07-12,9238
2409,友達,8,0,8,凱基-士林,2023-07-12,9238
2442,新美齊,8,0,8,凱基-士林,2023-07-12,9238
2497,怡利電,8,0,8,凱基-士林,2023-07-12,9238
3013,晟銘電,8,0,8,凱基-士林,2023-07-12,9238
4173,久裕,8,0,8,凱基-士林,2023-07-12,9238
2891,中信金,10,3,7,凱基-士林,2023-07-12,9238
1584,精剛,200,0,200,凱基-士林,2023-07-13,9238
1605,華新,105,5,100,凱基-士林,2023-07-13,9238
2630,亞航,100,0,100,凱基-士林,2023-07-13,9238
2331,精英,93,13,80,凱基-士林,2023-07-13,9238
00720B,元大投資級公司債,61,0,61,凱基-士林,2023-07-13,9238
2834,臺企銀,54,11,43,凱基-士林,2023-07-13,9238
00639,富邦深100,40,0,40,凱基-士林,2023-07-13,9238
6182,合晶,57,21,36,凱基-士林,2023-07-13,9238
1513,中興電,39,5,34,凱基-士林,2023-07-13,9238
3217,優群,33,1,32,凱基-士林,2023-07-13,9238
3576,聯合再生,33,1,32,凱基-士林,2023-07-13,9238
00636,國泰中國A50,31,0,31,凱基-士林,2023-07-13,9238
1314,中石化,32,2,30,凱基-士林,2023-07-13,9238
2618,長榮航,70,42,28,凱基-士林,2023-07-13,9238
2812,台中銀,26,0,26,凱基-士林,2023-07-13,9238
4973,廣穎,26,1,25,凱基-士林,2023-07-13,9238
2481,強茂,26,2,24,凱基-士林,2023-07-13,9238
6282,康舒,26,2,24,凱基-士林,2023-07-13,9238
00673R,期元大S＆P原油反1,23,0,23,凱基-士林,2023-07-13,9238
5864,致和證,22,0,22,凱基-士林,2023-07-13,9238
1802,台玻,21,0,21,凱基-士林,2023-07-13,9238
4523,永彰,20,0,20,凱基-士林,2023-07-13,9238
6133,金橋,20,0,20,凱基-士林,2023-07-13,9238
6179,亞通,40,20,20,凱基-士林,2023-07-13,9238
6237,驊訊,20,0,20,凱基-士林,2023-07-13,9238
2329,華泰,22,2,20,凱基-士林,2023-07-13,9238
00930,永豐ESG低碳高息,18,0,18,凱基-士林,2023-07-13,9238
1614,三洋電,18,0,18,凱基-士林,2023-07-13,9238
2328,廣宇,34,16,18,凱基-士林,2023-07-13,9238
8016,矽創,20,2,18,凱基-士林,2023-07-13,9238
2353,宏��,26,9,17,凱基-士林,2023-07-13,9238
2705,六福,16,0,16,凱基-士林,2023-07-13,9238
2359,所羅門,22,7,15,凱基-士林,2023-07-13,9238
8150,南茂,15,0,15,凱基-士林,2023-07-13,9238
1618,合機,16,2,14,凱基-士林,2023-07-13,9238
1609,大亞,15,2,13,凱基-士林,2023-07-13,9238
2303,聯電,18,6,12,凱基-士林,2023-07-13,9238
5425,台半,13,1,12,凱基-士林,2023-07-13,9238
2363,矽統,12,0,12,凱基-士林,2023-07-13,9238
2369,菱生,15,3,12,凱基-士林,2023-07-13,9238
2457,飛宏,12,0,12,凱基-士林,2023-07-13,9238
1471,首利,13,2,11,凱基-士林,2023-07-13,9238
5347,世界,12,1,11,凱基-士林,2023-07-13,9238
6165,浪凡,11,0,11,凱基-士林,2023-07-13,9238
1515,力山,10,0,10,凱基-士林,2023-07-13,9238
1709,和益,10,0,10,凱基-士林,2023-07-13,9238
2020,美亞,10,0,10,凱基-士林,2023-07-13,9238
2732,六角,10,0,10,凱基-士林,2023-07-13,9238
3558,神準,19,9,10,凱基-士林,2023-07-13,9238
6244,茂迪,10,0,10,凱基-士林,2023-07-13,9238
00632R,元大台灣50反1,2001,286,1715,凱基-士林,2023-07-14,9238
00664R,國泰臺灣加權反1,200,75,125,凱基-士林,2023-07-14,9238
1605,華新,110,2,108,凱基-士林,2023-07-14,9238
2888,新光金,163,61,102,凱基-士林,2023-07-14,9238
1504,東元,106,9,97,凱基-士林,2023-07-14,9238
4906,正文,83,1,82,凱基-士林,2023-07-14,9238
2610,華航,125,48,77,凱基-士林,2023-07-14,9238
2312,金寶,85,14,71,凱基-士林,2023-07-14,9238
00720B,元大投資級公司債,71,0,71,凱基-士林,2023-07-14,9238
00673R,期元大S＆P原油反1,90,20,70,凱基-士林,2023-07-14,9238
2301,光寶科,233,170,63,凱基-士林,2023-07-14,9238
8076,伍豐,32,0,32,凱基-士林,2023-07-14,9238
3306,鼎天,28,1,27,凱基-士林,2023-07-14,9238
2313,華通,28,2,26,凱基-士林,2023-07-14,9238
00753L,中信中國50正2,28,3,25,凱基-士林,2023-07-14,9238
00882,中信中國高股息,32,10,22,凱基-士林,2023-07-14,9238
1471,首利,22,0,22,凱基-士林,2023-07-14,9238
2382,廣達,117,96,21,凱基-士林,2023-07-14,9238
6185,幃翔,21,0,21,凱基-士林,2023-07-14,9238
1201,味全,20,0,20,凱基-士林,2023-07-14,9238
2538,基泰,20,0,20,凱基-士林,2023-07-14,9238
2885,元大金,20,2,18,凱基-士林,2023-07-14,9238
3047,訊舟,20,3,17,凱基-士林,2023-07-14,9238
00773B,中信優先金融債,15,0,15,凱基-士林,2023-07-14,9238
2603,長榮,19,4,15,凱基-士林,2023-07-14,9238
6204,艾華,14,0,14,凱基-士林,2023-07-14,9238
8936,國統,23,10,13,凱基-士林,2023-07-14,9238
6664,群翊,12,0,12,凱基-士林,2023-07-14,9238
3558,神準,12,1,11,凱基-士林,2023-07-14,9238
2482,連宇,11,0,11,凱基-士林,2023-07-14,9238
6531,愛普*,12,1,11,凱基-士林,2023-07-14,9238
1219,福壽,13,3,10,凱基-士林,2023-07-14,9238
1614,三洋電,10,0,10,凱基-士林,2023-07-14,9238
4167,松瑞藥,10,0,10,凱基-士林,2023-07-14,9238
4804,大略-KY,10,0,10,凱基-士林,2023-07-14,9238
6190,萬泰科,12,2,10,凱基-士林,2023-07-14,9238
6257,矽格,10,0,10,凱基-士林,2023-07-14,9238
6558,興能高,10,0,10,凱基-士林,2023-07-14,9238
9110,越南控-DR,10,0,10,凱基-士林,2023-07-14,9238
4533,協易機,14,5,9,凱基-士林,2023-07-14,9238
5230,雷笛克光學,9,0,9,凱基-士林,2023-07-14,9238
8092,建暐,9,0,9,凱基-士林,2023-07-14,9238
00929,復華台灣科技優息,8,0,8,凱基-士林,2023-07-14,9238
2465,麗臺,8,0,8,凱基-士林,2023-07-14,9238
5706,鳳凰,15,7,8,凱基-士林,2023-07-14,9238
8021,尖點,17,9,8,凱基-士林,2023-07-14,9238
00722B,群益投資級電信債,7,0,7,凱基-士林,2023-07-14,9238
1319,東陽,8,1,7,凱基-士林,2023-07-14,9238
1402,遠東新,9,2,7,凱基-士林,2023-07-14,9238
2020,美亞,7,0,7,凱基-士林,2023-07-14,9238
2371,大同,239,13,226,凱基-士林,2023-07-17,9238
3306,鼎天,122,0,122,凱基-士林,2023-07-17,9238
1560,中砂,292,185,107,凱基-士林,2023-07-17,9238
00632R,元大台灣50反1,152,46,106,凱基-士林,2023-07-17,9238
3346,麗清,106,7,99,凱基-士林,2023-07-17,9238
00900,富邦特選高股息30,100,6,94,凱基-士林,2023-07-17,9238
00664R,國泰臺灣加權反1,90,0,90,凱基-士林,2023-07-17,9238
00929,復華台灣科技優息,87,0,87,凱基-士林,2023-07-17,9238
2312,金寶,107,20,87,凱基-士林,2023-07-17,9238
2461,光群雷,79,1,78,凱基-士林,2023-07-17,9238
2382,廣達,92,30,62,凱基-士林,2023-07-17,9238
00720B,元大投資級公司債,50,0,50,凱基-士林,2023-07-17,9238
00673R,期元大S＆P原油反1,49,0,49,凱基-士林,2023-07-17,9238
2527,宏璟,46,0,46,凱基-士林,2023-07-17,9238
2610,華航,74,30,44,凱基-士林,2023-07-17,9238
2329,華泰,40,6,34,凱基-士林,2023-07-17,9238
2801,彰銀,30,2,28,凱基-士林,2023-07-17,9238
1504,東元,77,49,28,凱基-士林,2023-07-17,9238
2201,裕隆,83,57,26,凱基-士林,2023-07-17,9238
3707,漢磊,26,0,26,凱基-士林,2023-07-17,9238
6259,百徽,25,0,25,凱基-士林,2023-07-17,9238
1402,遠東新,23,0,23,凱基-士林,2023-07-17,9238
00882,中信中國高股息,23,0,23,凱基-士林,2023-07-17,9238
5474,聰泰,23,0,23,凱基-士林,2023-07-17,9238
2851,中再保,22,0,22,凱基-士林,2023-07-17,9238
2457,飛宏,32,10,22,凱基-士林,2023-07-17,9238
3362,先進光,21,2,19,凱基-士林,2023-07-17,9238
6185,幃翔,20,2,18,凱基-士林,2023-07-17,9238
1471,首利,19,3,16,凱基-士林,2023-07-17,9238
6153,嘉聯益,22,6,16,凱基-士林,2023-07-17,9238
8038,長園科,16,0,16,凱基-士林,2023-07-17,9238
3265,台星科,17,2,15,凱基-士林,2023-07-17,9238
2486,一詮,16,2,14,凱基-士林,2023-07-17,9238
4973,廣穎,13,0,13,凱基-士林,2023-07-17,9238
6179,亞通,12,0,12,凱基-士林,2023-07-17,9238
6204,艾華,12,0,12,凱基-士林,2023-07-17,9238
1618,合機,12,1,11,凱基-士林,2023-07-17,9238
2607,榮運,11,0,11,凱基-士林,2023-07-17,9238
6190,萬泰科,18,7,11,凱基-士林,2023-07-17,9238
3231,緯創,29,18,11,凱基-士林,2023-07-17,9238
1785,光洋科,10,0,10,凱基-士林,2023-07-17,9238
1101,台泥,10,0,10,凱基-士林,2023-07-17,9238
00722B,群益投資級電信債,10,0,10,凱基-士林,2023-07-17,9238
3499,環天科,10,0,10,凱基-士林,2023-07-17,9238
3537,堡達,10,0,10,凱基-士林,2023-07-17,9238
3607,谷崧,10,0,10,凱基-士林,2023-07-17,9238
8070,長華*,10,0,10,凱基-士林,2023-07-17,9238
9105,泰金寶-DR,10,0,10,凱基-士林,2023-07-17,9238
1720,生達,10,0,10,凱基-士林,2023-07-17,9238
2705,六福,10,1,9,凱基-士林,2023-07-17,9238
2324,仁寶,1065,44,1021,凱基-士林,2023-07-18,9238
2332,友訊,340,20,320,凱基-士林,2023-07-18,9238
3481,群創,201,1,200,凱基-士林,2023-07-18,9238
1313,聯成,181,29,152,凱基-士林,2023-07-18,9238
9105,泰金寶-DR,256,105,151,凱基-士林,2023-07-18,9238
1605,華新,109,5,104,凱基-士林,2023-07-18,9238
00632R,元大台灣50反1,90,0,90,凱基-士林,2023-07-18,9238
00882,中信中國高股息,86,0,86,凱基-士林,2023-07-18,9238
3706,神達,198,118,80,凱基-士林,2023-07-18,9238
2201,裕隆,88,10,78,凱基-士林,2023-07-18,9238
6282,康舒,105,28,77,凱基-士林,2023-07-18,9238
00764B,群益25年美債,75,0,75,凱基-士林,2023-07-18,9238
1532,勤美,60,0,60,凱基-士林,2023-07-18,9238
00715L,期街口布蘭特正2,55,0,55,凱基-士林,2023-07-18,9238
2481,強茂,54,9,45,凱基-士林,2023-07-18,9238
4938,和碩,70,26,44,凱基-士林,2023-07-18,9238
00929,復華台灣科技優息,41,0,41,凱基-士林,2023-07-18,9238
4755,三福化,41,3,38,凱基-士林,2023-07-18,9238
2457,飛宏,36,0,36,凱基-士林,2023-07-18,9238
1108,幸福,30,0,30,凱基-士林,2023-07-18,9238
2442,新美齊,29,0,29,凱基-士林,2023-07-18,9238
2455,全新,30,1,29,凱基-士林,2023-07-18,9238
3362,先進光,35,7,28,凱基-士林,2023-07-18,9238
1802,台玻,26,0,26,凱基-士林,2023-07-18,9238
2331,精英,35,10,25,凱基-士林,2023-07-18,9238
2388,威盛,26,1,25,凱基-士林,2023-07-18,9238
3058,立德,25,0,25,凱基-士林,2023-07-18,9238
2409,友達,24,0,24,凱基-士林,2023-07-18,9238
1513,中興電,34,12,22,凱基-士林,2023-07-18,9238
2069,運錩,21,0,21,凱基-士林,2023-07-18,9238
8215,明基材,21,0,21,凱基-士林,2023-07-18,9238
00673R,期元大S＆P原油反1,20,0,20,凱基-士林,2023-07-18,9238
2538,基泰,20,0,20,凱基-士林,2023-07-18,9238
5531,鄉林,20,0,20,凱基-士林,2023-07-18,9238
6153,嘉聯益,20,0,20,凱基-士林,2023-07-18,9238
2312,金寶,160,141,19,凱基-士林,2023-07-18,9238
1522,堤維西,19,1,18,凱基-士林,2023-07-18,9238
2383,台光電,32,14,18,凱基-士林,2023-07-18,9238
3499,環天科,17,0,17,凱基-士林,2023-07-18,9238
2419,仲琦,32,16,16,凱基-士林,2023-07-18,9238
8076,伍豐,25,9,16,凱基-士林,2023-07-18,9238
6790,永豐實,15,0,15,凱基-士林,2023-07-18,9238
1528,恩德,15,0,15,凱基-士林,2023-07-18,9238
2316,楠梓電,15,0,15,凱基-士林,2023-07-18,9238
2340,台亞,18,3,15,凱基-士林,2023-07-18,9238
2882,國泰金,21,6,15,凱基-士林,2023-07-18,9238
3479,安勤,15,0,15,凱基-士林,2023-07-18,9238
6124,業強,16,2,14,凱基-士林,2023-07-18,9238
8358,金居,23,9,14,凱基-士林,2023-07-18,9238
6167,久正,13,0,13,凱基-士林,2023-07-18,9238
2324,仁寶,1710,40,1670,凱基-士林,2023-07-19,9238
3033,威健,250,6,244,凱基-士林,2023-07-19,9238
6235,華孚,170,41,129,凱基-士林,2023-07-19,9238
2332,友訊,135,29,106,凱基-士林,2023-07-19,9238
1605,華新,67,0,67,凱基-士林,2023-07-19,9238
2618,長榮航,69,7,62,凱基-士林,2023-07-19,9238
3289,宜特,60,2,58,凱基-士林,2023-07-19,9238
3706,神達,148,92,56,凱基-士林,2023-07-19,9238
2353,宏��,60,5,55,凱基-士林,2023-07-19,9238
2882,國泰金,52,0,52,凱基-士林,2023-07-19,9238
0056,元大高股息,65,14,51,凱基-士林,2023-07-19,9238
1342,八貫,50,0,50,凱基-士林,2023-07-19,9238
6179,亞通,50,3,47,凱基-士林,2023-07-19,9238
2610,華航,65,20,45,凱基-士林,2023-07-19,9238
3481,群創,50,5,45,凱基-士林,2023-07-19,9238
1313,聯成,47,4,43,凱基-士林,2023-07-19,9238
2301,光寶科,42,1,41,凱基-士林,2023-07-19,9238
6182,合晶,39,3,36,凱基-士林,2023-07-19,9238
2382,廣達,46,14,32,凱基-士林,2023-07-19,9238
4938,和碩,32,2,30,凱基-士林,2023-07-19,9238
2201,裕隆,30,0,30,凱基-士林,2023-07-19,9238
1101,台泥,43,14,29,凱基-士林,2023-07-19,9238
00929,復華台灣科技優息,39,11,28,凱基-士林,2023-07-19,9238
5483,中美晶,32,4,28,凱基-士林,2023-07-19,9238
2317,鴻海,28,3,25,凱基-士林,2023-07-19,9238
2887,台新金,25,0,25,凱基-士林,2023-07-19,9238
1609,大亞,26,1,25,凱基-士林,2023-07-19,9238
00882,中信中國高股息,25,0,25,凱基-士林,2023-07-19,9238
1802,台玻,24,0,24,凱基-士林,2023-07-19,9238
2374,佳能,25,1,24,凱基-士林,2023-07-19,9238
6188,廣明,24,0,24,凱基-士林,2023-07-19,9238
2401,凌陽,22,1,21,凱基-士林,2023-07-19,9238
3357,臺慶科,20,0,20,凱基-士林,2023-07-19,9238
1721,三晃,20,1,19,凱基-士林,2023-07-19,9238
00712,復華富時不動產,17,0,17,凱基-士林,2023-07-19,9238
2312,金寶,54,38,16,凱基-士林,2023-07-19,9238
2329,華泰,34,18,16,凱基-士林,2023-07-19,9238
2363,矽統,15,0,15,凱基-士林,2023-07-19,9238
3499,環天科,15,0,15,凱基-士林,2023-07-19,9238
3363,上詮,17,3,14,凱基-士林,2023-07-19,9238
3265,台星科,14,0,14,凱基-士林,2023-07-19,9238
3587,閎康,15,1,14,凱基-士林,2023-07-19,9238
3231,緯創,29,16,13,凱基-士林,2023-07-19,9238
1560,中砂,22,9,13,凱基-士林,2023-07-19,9238
8070,長華*,13,0,13,凱基-士林,2023-07-19,9238
1786,科妍,12,1,11,凱基-士林,2023-07-19,9238
2314,台揚,11,0,11,凱基-士林,2023-07-19,9238
2340,台亞,19,8,11,凱基-士林,2023-07-19,9238
2515,中工,11,0,11,凱基-士林,2023-07-19,9238
2633,台灣高鐵,11,0,11,凱基-士林,2023-07-19,9238
2324,仁寶,319,15,304,凱基-士林,2023-07-20,9238
2303,聯電,79,14,65,凱基-士林,2023-07-20,9238
3706,神達,111,50,61,凱基-士林,2023-07-20,9238
1605,華新,52,0,52,凱基-士林,2023-07-20,9238
2515,中工,45,5,40,凱基-士林,2023-07-20,9238
00764B,群益25年美債,35,0,35,凱基-士林,2023-07-20,9238
4533,協易機,37,2,35,凱基-士林,2023-07-20,9238
2206,三陽工業,38,4,34,凱基-士林,2023-07-20,9238
6182,合晶,36,5,31,凱基-士林,2023-07-20,9238
00929,復華台灣科技優息,30,1,29,凱基-士林,2023-07-20,9238
2316,楠梓電,42,15,27,凱基-士林,2023-07-20,9238
5425,台半,26,0,26,凱基-士林,2023-07-20,9238
2409,友達,29,4,25,凱基-士林,2023-07-20,9238
3037,欣興,29,6,23,凱基-士林,2023-07-20,9238
2402,毅嘉,101,78,23,凱基-士林,2023-07-20,9238
8403,盛弘,20,0,20,凱基-士林,2023-07-20,9238
3141,晶宏,39,20,19,凱基-士林,2023-07-20,9238
2481,強茂,16,0,16,凱基-士林,2023-07-20,9238
6104,創惟,29,13,16,凱基-士林,2023-07-20,9238
6242,立康,16,0,16,凱基-士林,2023-07-20,9238
1529,樂事綠能,21,8,13,凱基-士林,2023-07-20,9238
5474,聰泰,25,12,13,凱基-士林,2023-07-20,9238
8021,尖點,15,2,13,凱基-士林,2023-07-20,9238
6188,廣明,16,4,12,凱基-士林,2023-07-20,9238
2458,義隆,12,0,12,凱基-士林,2023-07-20,9238
1102,亞泥,11,0,11,凱基-士林,2023-07-20,9238
2352,佳世達,17,7,10,凱基-士林,2023-07-20,9238
00712,復華富時不動產,14,4,10,凱基-士林,2023-07-20,9238
1503,士電,14,4,10,凱基-士林,2023-07-20,9238
1560,中砂,25,15,10,凱基-士林,2023-07-20,9238
2347,聯強,10,0,10,凱基-士林,2023-07-20,9238
4804,大略-KY,10,0,10,凱基-士林,2023-07-20,9238
5469,瀚宇博,10,0,10,凱基-士林,2023-07-20,9238
6456,GIS-KY,10,0,10,凱基-士林,2023-07-20,9238
9962,有益,10,0,10,凱基-士林,2023-07-20,9238
2385,群光,9,0,9,凱基-士林,2023-07-20,9238
3071,協禧,9,0,9,凱基-士林,2023-07-20,9238
00882,中信中國高股息,11,2,9,凱基-士林,2023-07-20,9238
3038,全台,8,0,8,凱基-士林,2023-07-20,9238
3481,群創,60,52,8,凱基-士林,2023-07-20,9238
4908,前鼎,44,36,8,凱基-士林,2023-07-20,9238
1789,神隆,7,0,7,凱基-士林,2023-07-20,9238
5386,青雲,7,0,7,凱基-士林,2023-07-20,9238
6609,瀧澤科,7,0,7,凱基-士林,2023-07-20,9238
5483,中美晶,11,5,6,凱基-士林,2023-07-20,9238
6235,華孚,10,4,6,凱基-士林,2023-07-20,9238
2436,偉詮電,21,15,6,凱基-士林,2023-07-20,9238
2722,夏都,6,0,6,凱基-士林,2023-07-20,9238
3260,威剛,6,0,6,凱基-士林,2023-07-20,9238
6278,台表科,7,1,6,凱基-士林,2023-07-20,9238
1402,遠東新,314,0,314,凱基-士林,2023-07-21,9238
2323,中環,253,0,253,凱基-士林,2023-07-21,9238
3033,威健,155,1,154,凱基-士林,2023-07-21,9238
2371,大同,100,2,98,凱基-士林,2023-07-21,9238
2887,台新金,74,1,73,凱基-士林,2023-07-21,9238
2329,華泰,87,14,73,凱基-士林,2023-07-21,9238
2344,華邦電,69,7,62,凱基-士林,2023-07-21,9238
2303,聯電,64,12,52,凱基-士林,2023-07-21,9238
2327,國巨,51,1,50,凱基-士林,2023-07-21,9238
3049,精金,50,0,50,凱基-士林,2023-07-21,9238
5309,系統電,47,0,47,凱基-士林,2023-07-21,9238
1618,合機,40,0,40,凱基-士林,2023-07-21,9238
9945,潤泰新,32,0,32,凱基-士林,2023-07-21,9238
1513,中興電,42,11,31,凱基-士林,2023-07-21,9238
6278,台表科,28,2,26,凱基-士林,2023-07-21,9238
4123,晟德,25,1,24,凱基-士林,2023-07-21,9238
2915,潤泰全,23,0,23,凱基-士林,2023-07-21,9238
2382,廣達,72,50,22,凱基-士林,2023-07-21,9238
1504,東元,29,9,20,凱基-士林,2023-07-21,9238
2610,華航,44,24,20,凱基-士林,2023-07-21,9238
1305,華夏,21,1,20,凱基-士林,2023-07-21,9238
3234,光環,20,0,20,凱基-士林,2023-07-21,9238
3576,聯合再生,20,0,20,凱基-士林,2023-07-21,9238
6596,寬宏藝術,19,0,19,凱基-士林,2023-07-21,9238
6152,百一,22,4,18,凱基-士林,2023-07-21,9238
1101,台泥,29,12,17,凱基-士林,2023-07-21,9238
3037,欣興,23,6,17,凱基-士林,2023-07-21,9238
3265,台星科,16,0,16,凱基-士林,2023-07-21,9238
2330,台積電,28,13,15,凱基-士林,2023-07-21,9238
00929,復華台灣科技優息,18,4,14,凱基-士林,2023-07-21,9238
6689,伊雲谷,25,11,14,凱基-士林,2023-07-21,9238
00764B,群益25年美債,13,0,13,凱基-士林,2023-07-21,9238
2385,群光,13,0,13,凱基-士林,2023-07-21,9238
6182,合晶,13,0,13,凱基-士林,2023-07-21,9238
6732,昇佳電子,13,0,13,凱基-士林,2023-07-21,9238
4543,萬在,17,5,12,凱基-士林,2023-07-21,9238
5706,鳳凰,12,0,12,凱基-士林,2023-07-21,9238
6235,華孚,14,2,12,凱基-士林,2023-07-21,9238
6284,佳邦,12,0,12,凱基-士林,2023-07-21,9238
2409,友達,27,16,11,凱基-士林,2023-07-21,9238
00679B,元大美債20年,10,0,10,凱基-士林,2023-07-21,9238
2317,鴻海,10,0,10,凱基-士林,2023-07-21,9238
00642U,期元大S＆P石油,10,0,10,凱基-士林,2023-07-21,9238
5425,台半,17,7,10,凱基-士林,2023-07-21,9238
1514,亞力,12,2,10,凱基-士林,2023-07-21,9238
1904,正隆,10,0,10,凱基-士林,2023-07-21,9238
2010,春源,10,0,10,凱基-士林,2023-07-21,9238
2359,所羅門,10,0,10,凱基-士林,2023-07-21,9238
6874,倍力,10,0,10,凱基-士林,2023-07-21,9238
8076,伍豐,10,0,10,凱基-士林,2023-07-21,9238
2324,仁寶,359,14,345,凱基-士林,2023-07-24,9238
2371,大同,274,0,274,凱基-士林,2023-07-24,9238
2313,華通,225,0,225,凱基-士林,2023-07-24,9238
1584,精剛,102,0,102,凱基-士林,2023-07-24,9238
2201,裕隆,133,31,102,凱基-士林,2023-07-24,9238
2014,中鴻,90,7,83,凱基-士林,2023-07-24,9238
2461,光群雷,84,7,77,凱基-士林,2023-07-24,9238
3481,群創,65,0,65,凱基-士林,2023-07-24,9238
1504,東元,54,11,43,凱基-士林,2023-07-24,9238
3013,晟銘電,51,14,37,凱基-士林,2023-07-24,9238
2002,中鋼,34,0,34,凱基-士林,2023-07-24,9238
6182,合晶,32,0,32,凱基-士林,2023-07-24,9238
1314,中石化,32,0,32,凱基-士林,2023-07-24,9238
2331,精英,31,0,31,凱基-士林,2023-07-24,9238
4967,十銓,31,0,31,凱基-士林,2023-07-24,9238
00632R,元大台灣50反1,60,30,30,凱基-士林,2023-07-24,9238
1711,永光,30,0,30,凱基-士林,2023-07-24,9238
00673R,期元大S＆P原油反1,24,0,24,凱基-士林,2023-07-24,9238
2327,國巨,30,7,23,凱基-士林,2023-07-24,9238
2303,聯電,30,8,22,凱基-士林,2023-07-24,9238
6282,康舒,22,1,21,凱基-士林,2023-07-24,9238
1402,遠東新,21,0,21,凱基-士林,2023-07-24,9238
2890,永豐金,22,1,21,凱基-士林,2023-07-24,9238
00752,中信中國50,20,0,20,凱基-士林,2023-07-24,9238
1611,中電,20,0,20,凱基-士林,2023-07-24,9238
00885,富邦越南,35,15,20,凱基-士林,2023-07-24,9238
1802,台玻,17,0,17,凱基-士林,2023-07-24,9238
2409,友達,23,6,17,凱基-士林,2023-07-24,9238
00670L,富邦NASDAQ正2,15,0,15,凱基-士林,2023-07-24,9238
5258,虹堡,24,10,14,凱基-士林,2023-07-24,9238
2103,台橡,14,0,14,凱基-士林,2023-07-24,9238
1301,台塑,13,0,13,凱基-士林,2023-07-24,9238
2427,三商電,12,0,12,凱基-士林,2023-07-24,9238
5309,系統電,13,1,12,凱基-士林,2023-07-24,9238
6596,寬宏藝術,12,0,12,凱基-士林,2023-07-24,9238
1102,亞泥,11,0,11,凱基-士林,2023-07-24,9238
2330,台積電,12,2,10,凱基-士林,2023-07-24,9238
1904,正隆,15,5,10,凱基-士林,2023-07-24,9238
1305,華夏,10,0,10,凱基-士林,2023-07-24,9238
1217,愛之味,10,0,10,凱基-士林,2023-07-24,9238
1342,八貫,10,0,10,凱基-士林,2023-07-24,9238
1708,東鹼,10,0,10,凱基-士林,2023-07-24,9238
2349,錸德,10,0,10,凱基-士林,2023-07-24,9238
2476,鉅祥,15,5,10,凱基-士林,2023-07-24,9238
2630,亞航,10,0,10,凱基-士林,2023-07-24,9238
3535,晶彩科,10,0,10,凱基-士林,2023-07-24,9238
3576,聯合再生,10,0,10,凱基-士林,2023-07-24,9238
3703,欣陸,10,0,10,凱基-士林,2023-07-24,9238
4532,瑞智,15,5,10,凱基-士林,2023-07-24,9238
6133,金橋,10,0,10,凱基-士林,2023-07-24,9238
5009,榮剛,100,39,61,凱基-士林,2023-07-25,9238
2890,永豐金,50,0,50,凱基-士林,2023-07-25,9238
00679B,元大美債20年,48,1,47,凱基-士林,2023-07-25,9238
3702,大聯大,38,0,38,凱基-士林,2023-07-25,9238
2520,冠德,37,0,37,凱基-士林,2023-07-25,9238
00632R,元大台灣50反1,82,50,32,凱基-士林,2023-07-25,9238
6235,華孚,58,27,31,凱基-士林,2023-07-25,9238
00673R,期元大S＆P原油反1,29,0,29,凱基-士林,2023-07-25,9238
2486,一詮,30,1,29,凱基-士林,2023-07-25,9238
00753L,中信中國50正2,30,2,28,凱基-士林,2023-07-25,9238
00712,復華富時不動產,25,0,25,凱基-士林,2023-07-25,9238
5347,世界,24,1,23,凱基-士林,2023-07-25,9238
3055,蔚華科,29,6,23,凱基-士林,2023-07-25,9238
6116,彩晶,22,1,21,凱基-士林,2023-07-25,9238
8105,凌巨,32,11,21,凱基-士林,2023-07-25,9238
2382,廣達,117,96,21,凱基-士林,2023-07-25,9238
2010,春源,20,0,20,凱基-士林,2023-07-25,9238
3290,東浦,21,1,20,凱基-士林,2023-07-25,9238
4414,如興,20,0,20,凱基-士林,2023-07-25,9238
1587,吉茂,24,5,19,凱基-士林,2023-07-25,9238
4543,萬在,25,6,19,凱基-士林,2023-07-25,9238
4755,三福化,21,2,19,凱基-士林,2023-07-25,9238
3227,原相,28,11,17,凱基-士林,2023-07-25,9238
2883,凱基金,16,0,16,凱基-士林,2023-07-25,9238
5425,台半,16,0,16,凱基-士林,2023-07-25,9238
3576,聯合再生,16,0,16,凱基-士林,2023-07-25,9238
1402,遠東新,15,0,15,凱基-士林,2023-07-25,9238
1815,富喬,27,12,15,凱基-士林,2023-07-25,9238
2888,新光金,23,8,15,凱基-士林,2023-07-25,9238
3338,泰碩,24,11,13,凱基-士林,2023-07-25,9238
4123,晟德,13,0,13,凱基-士林,2023-07-25,9238
4967,十銓,12,0,12,凱基-士林,2023-07-25,9238
5452,佶優,14,2,12,凱基-士林,2023-07-25,9238
1904,正隆,11,0,11,凱基-士林,2023-07-25,9238
1905,華紙,29,18,11,凱基-士林,2023-07-25,9238
2312,金寶,36,25,11,凱基-士林,2023-07-25,9238
5457,宣德,11,0,11,凱基-士林,2023-07-25,9238
2301,光寶科,26,16,10,凱基-士林,2023-07-25,9238
00929,復華台灣科技優息,10,0,10,凱基-士林,2023-07-25,9238
2614,東森,10,0,10,凱基-士林,2023-07-25,9238
00633L,富邦上証正2,10,0,10,凱基-士林,2023-07-25,9238
1308,亞聚,10,0,10,凱基-士林,2023-07-25,9238
2316,楠梓電,16,6,10,凱基-士林,2023-07-25,9238
5328,華容,10,0,10,凱基-士林,2023-07-25,9238
6266,泰詠,10,0,10,凱基-士林,2023-07-25,9238
8103,瀚荃,10,0,10,凱基-士林,2023-07-25,9238
5880,合庫金,9,0,9,凱基-士林,2023-07-25,9238
2449,京元電子,9,0,9,凱基-士林,2023-07-25,9238
2465,麗臺,11,2,9,凱基-士林,2023-07-25,9238
2610,華航,32,24,8,凱基-士林,2023-07-25,9238
2031,新光鋼,176,0,176,凱基-士林,2023-07-26,9238
1560,中砂,139,0,139,凱基-士林,2023-07-26,9238
2801,彰銀,100,4,96,凱基-士林,2023-07-26,9238
6282,康舒,102,12,90,凱基-士林,2023-07-26,9238
1587,吉茂,86,0,86,凱基-士林,2023-07-26,9238
6170,統振,67,0,67,凱基-士林,2023-07-26,9238
6016,康和證,65,0,65,凱基-士林,2023-07-26,9238
6235,華孚,72,7,65,凱基-士林,2023-07-26,9238
2316,楠梓電,65,6,59,凱基-士林,2023-07-26,9238
1605,華新,54,0,54,凱基-士林,2023-07-26,9238
2329,華泰,66,19,47,凱基-士林,2023-07-26,9238
2888,新光金,99,52,47,凱基-士林,2023-07-26,9238
6182,合晶,44,0,44,凱基-士林,2023-07-26,9238
1101,台泥,39,2,37,凱基-士林,2023-07-26,9238
3416,融程電,35,0,35,凱基-士林,2023-07-26,9238
2344,華邦電,35,1,34,凱基-士林,2023-07-26,9238
6214,精誠,33,2,31,凱基-士林,2023-07-26,9238
3704,合勤控,33,3,30,凱基-士林,2023-07-26,9238
3338,泰碩,37,8,29,凱基-士林,2023-07-26,9238
1504,東元,61,33,28,凱基-士林,2023-07-26,9238
6188,廣明,55,28,27,凱基-士林,2023-07-26,9238
6841,長佳智能,28,2,26,凱基-士林,2023-07-26,9238
00722B,群益投資級電信債,25,0,25,凱基-士林,2023-07-26,9238
8936,國統,28,6,22,凱基-士林,2023-07-26,9238
00673R,期元大S＆P原油反1,25,4,21,凱基-士林,2023-07-26,9238
00713,元大台灣高息低波,20,0,20,凱基-士林,2023-07-26,9238
2501,國建,20,0,20,凱基-士林,2023-07-26,9238
00679B,元大美債20年,19,0,19,凱基-士林,2023-07-26,9238
2303,聯電,30,11,19,凱基-士林,2023-07-26,9238
3356,奇偶,18,0,18,凱基-士林,2023-07-26,9238
1229,聯華,17,0,17,凱基-士林,2023-07-26,9238
2354,鴻準,22,5,17,凱基-士林,2023-07-26,9238
2340,台亞,18,2,16,凱基-士林,2023-07-26,9238
3013,晟銘電,19,4,15,凱基-士林,2023-07-26,9238
00712,復華富時不動產,15,0,15,凱基-士林,2023-07-26,9238
8390,金益鼎,21,6,15,凱基-士林,2023-07-26,9238
2301,光寶科,36,21,15,凱基-士林,2023-07-26,9238
1314,中石化,14,0,14,凱基-士林,2023-07-26,9238
6657,華安,17,3,14,凱基-士林,2023-07-26,9238
1609,大亞,16,3,13,凱基-士林,2023-07-26,9238
3059,華晶科,22,10,12,凱基-士林,2023-07-26,9238
1608,華榮,14,2,12,凱基-士林,2023-07-26,9238
2399,映泰,12,0,12,凱基-士林,2023-07-26,9238
3217,優群,32,20,12,凱基-士林,2023-07-26,9238
00929,復華台灣科技優息,11,0,11,凱基-士林,2023-07-26,9238
2498,宏達電,11,0,11,凱基-士林,2023-07-26,9238
3038,全台,11,0,11,凱基-士林,2023-07-26,9238
3576,聯合再生,11,0,11,凱基-士林,2023-07-26,9238
5258,虹堡,10,0,10,凱基-士林,2023-07-26,9238
9958,世紀鋼,10,0,10,凱基-士林,2023-07-26,9238
2888,新光金,327,86,241,凱基-士林,2023-07-27,9238
4188,安克,54,0,54,凱基-士林,2023-07-27,9238
2618,長榮航,73,26,47,凱基-士林,2023-07-27,9238
8409,商之器,42,1,41,凱基-士林,2023-07-27,9238
00753L,中信中國50正2,40,3,37,凱基-士林,2023-07-27,9238
00673R,期元大S＆P原油反1,35,0,35,凱基-士林,2023-07-27,9238
00922,國泰台灣領袖50,27,0,27,凱基-士林,2023-07-27,9238
2890,永豐金,27,1,26,凱基-士林,2023-07-27,9238
2002,中鋼,27,2,25,凱基-士林,2023-07-27,9238
2329,華泰,45,20,25,凱基-士林,2023-07-27,9238
9939,宏全,23,0,23,凱基-士林,2023-07-27,9238
1504,東元,26,4,22,凱基-士林,2023-07-27,9238
3227,原相,22,0,22,凱基-士林,2023-07-27,9238
4533,協易機,30,11,19,凱基-士林,2023-07-27,9238
2471,資通,23,5,18,凱基-士林,2023-07-27,9238
2369,菱生,21,3,18,凱基-士林,2023-07-27,9238
6187,萬潤,19,3,16,凱基-士林,2023-07-27,9238
2340,台亞,17,1,16,凱基-士林,2023-07-27,9238
1905,華紙,32,16,16,凱基-士林,2023-07-27,9238
2376,技嘉,25,10,15,凱基-士林,2023-07-27,9238
1308,亞聚,15,0,15,凱基-士林,2023-07-27,9238
6166,凌華,16,1,15,凱基-士林,2023-07-27,9238
9958,世紀鋼,15,0,15,凱基-士林,2023-07-27,9238
2481,強茂,18,4,14,凱基-士林,2023-07-27,9238
3289,宜特,18,4,14,凱基-士林,2023-07-27,9238
6442,光聖,14,0,14,凱基-士林,2023-07-27,9238
2449,京元電子,13,0,13,凱基-士林,2023-07-27,9238
5285,界霖,15,2,13,凱基-士林,2023-07-27,9238
3217,優群,13,0,13,凱基-士林,2023-07-27,9238
00929,復華台灣科技優息,12,0,12,凱基-士林,2023-07-27,9238
6284,佳邦,12,0,12,凱基-士林,2023-07-27,9238
1522,堤維西,18,7,11,凱基-士林,2023-07-27,9238
2031,新光鋼,44,33,11,凱基-士林,2023-07-27,9238
3715,定穎投控,12,1,11,凱基-士林,2023-07-27,9238
8028,昇陽半導體,81,70,11,凱基-士林,2023-07-27,9238
6188,廣明,15,5,10,凱基-士林,2023-07-27,9238
2353,宏��,17,7,10,凱基-士林,2023-07-27,9238
0055,元大MSCI金融,10,0,10,凱基-士林,2023-07-27,9238
1612,宏泰,13,3,10,凱基-士林,2023-07-27,9238
3325,旭品,10,0,10,凱基-士林,2023-07-27,9238
3576,聯合再生,14,4,10,凱基-士林,2023-07-27,9238
6776,展�眥篕�,10,0,10,凱基-士林,2023-07-27,9238
8084,巨虹,10,0,10,凱基-士林,2023-07-27,9238
1609,大亞,11,2,9,凱基-士林,2023-07-27,9238
4979,華星光,32,23,9,凱基-士林,2023-07-27,9238
2421,建準,47,38,9,凱基-士林,2023-07-27,9238
6657,華安,9,0,9,凱基-士林,2023-07-27,9238
6683,雍智科技,9,0,9,凱基-士林,2023-07-27,9238
3583,辛耘,12,3,9,凱基-士林,2023-07-27,9238
1907,永豐餘,20,12,8,凱基-士林,2023-07-27,9238
00637L,元大滬深300正2,250,34,216,凱基-士林,2023-07-28,9238
1903,士紙,170,9,161,凱基-士林,2023-07-28,9238
2610,華航,90,11,79,凱基-士林,2023-07-28,9238
2890,永豐金,69,5,64,凱基-士林,2023-07-28,9238
6133,金橋,64,2,62,凱基-士林,2023-07-28,9238
00679B,元大美債20年,63,10,53,凱基-士林,2023-07-28,9238
2888,新光金,55,5,50,凱基-士林,2023-07-28,9238
00878,國泰永續高股息,88,40,48,凱基-士林,2023-07-28,9238
00720B,元大投資級公司債,46,0,46,凱基-士林,2023-07-28,9238
3046,建��,42,0,42,凱基-士林,2023-07-28,9238
4188,安克,36,0,36,凱基-士林,2023-07-28,9238
5475,德宏,33,0,33,凱基-士林,2023-07-28,9238
2027,大成鋼,42,12,30,凱基-士林,2023-07-28,9238
3260,威剛,29,0,29,凱基-士林,2023-07-28,9238
6657,華安,29,1,28,凱基-士林,2023-07-28,9238
4973,廣穎,37,10,27,凱基-士林,2023-07-28,9238
3231,緯創,74,51,23,凱基-士林,2023-07-28,9238
3675,德微,30,7,23,凱基-士林,2023-07-28,9238
4967,十銓,24,1,23,凱基-士林,2023-07-28,9238
5425,台半,29,8,21,凱基-士林,2023-07-28,9238
00902,中信電池及儲能,20,0,20,凱基-士林,2023-07-28,9238
00752,中信中國50,20,0,20,凱基-士林,2023-07-28,9238
1809,中釉,20,0,20,凱基-士林,2023-07-28,9238
4116,明基醫,21,1,20,凱基-士林,2023-07-28,9238
4960,誠美材,20,0,20,凱基-士林,2023-07-28,9238
8409,商之器,20,0,20,凱基-士林,2023-07-28,9238
3703,欣陸,18,0,18,凱基-士林,2023-07-28,9238
1402,遠東新,17,0,17,凱基-士林,2023-07-28,9238
6190,萬泰科,34,17,17,凱基-士林,2023-07-28,9238
8050,廣積,19,2,17,凱基-士林,2023-07-28,9238
3016,嘉晶,16,0,16,凱基-士林,2023-07-28,9238
8097,常珵,16,0,16,凱基-士林,2023-07-28,9238
1785,光洋科,17,2,15,凱基-士林,2023-07-28,9238
2002,中鋼,16,1,15,凱基-士林,2023-07-28,9238
4916,事欣科,15,0,15,凱基-士林,2023-07-28,9238
00687B,國泰20年美債,14,0,14,凱基-士林,2023-07-28,9238
00919,群益台灣精選高息,20,7,13,凱基-士林,2023-07-28,9238
1528,恩德,13,0,13,凱基-士林,2023-07-28,9238
2371,大同,13,0,13,凱基-士林,2023-07-28,9238
2201,裕隆,35,23,12,凱基-士林,2023-07-28,9238
4906,正文,12,0,12,凱基-士林,2023-07-28,9238
00929,復華台灣科技優息,14,2,12,凱基-士林,2023-07-28,9238
00772B,中信高評級公司債,12,0,12,凱基-士林,2023-07-28,9238
4953,緯軟,11,0,11,凱基-士林,2023-07-28,9238
5285,界霖,10,0,10,凱基-士林,2023-07-28,9238
2329,華泰,181,171,10,凱基-士林,2023-07-28,9238
1533,車王電,10,0,10,凱基-士林,2023-07-28,9238
1536,和大,10,0,10,凱基-士林,2023-07-28,9238
2402,毅嘉,11,1,10,凱基-士林,2023-07-28,9238
2485,兆赫,10,0,10,凱基-士林,2023-07-28,9238
2618,長榮航,400,75,325,凱基-士林,2023-07-31,9238
00720B,元大投資級公司債,160,0,160,凱基-士林,2023-07-31,9238
3481,群創,133,7,126,凱基-士林,2023-07-31,9238
3033,威健,106,4,102,凱基-士林,2023-07-31,9238
00900,富邦特選高股息30,101,0,101,凱基-士林,2023-07-31,9238
2324,仁寶,114,13,101,凱基-士林,2023-07-31,9238
2329,華泰,295,198,97,凱基-士林,2023-07-31,9238
4533,協易機,67,5,62,凱基-士林,2023-07-31,9238
2409,友達,76,17,59,凱基-士林,2023-07-31,9238
00632R,元大台灣50反1,60,1,59,凱基-士林,2023-07-31,9238
5392,能率,52,0,52,凱基-士林,2023-07-31,9238
3663,鑫科,48,0,48,凱基-士林,2023-07-31,9238
8097,常珵,47,0,47,凱基-士林,2023-07-31,9238
5469,瀚宇博,48,5,43,凱基-士林,2023-07-31,9238
3580,友威科,43,0,43,凱基-士林,2023-07-31,9238
6485,點序,43,0,43,凱基-士林,2023-07-31,9238
2382,廣達,149,107,42,凱基-士林,2023-07-31,9238
4563,百德,42,2,40,凱基-士林,2023-07-31,9238
1321,大洋,39,0,39,凱基-士林,2023-07-31,9238
2891,中信金,39,0,39,凱基-士林,2023-07-31,9238
3231,緯創,88,49,39,凱基-士林,2023-07-31,9238
3260,威剛,38,0,38,凱基-士林,2023-07-31,9238
2812,台中銀,38,1,37,凱基-士林,2023-07-31,9238
4919,新唐,41,5,36,凱基-士林,2023-07-31,9238
2471,資通,36,0,36,凱基-士林,2023-07-31,9238
2201,裕隆,70,36,34,凱基-士林,2023-07-31,9238
4979,華星光,49,17,32,凱基-士林,2023-07-31,9238
00673R,期元大S＆P原油反1,30,0,30,凱基-士林,2023-07-31,9238
00664R,國泰臺灣加權反1,30,0,30,凱基-士林,2023-07-31,9238
4116,明基醫,29,0,29,凱基-士林,2023-07-31,9238
5425,台半,28,3,25,凱基-士林,2023-07-31,9238
00712,復華富時不動產,25,0,25,凱基-士林,2023-07-31,9238
2344,華邦電,82,58,24,凱基-士林,2023-07-31,9238
2371,大同,40,18,22,凱基-士林,2023-07-31,9238
6133,金橋,18,0,18,凱基-士林,2023-07-31,9238
2462,良得電,20,2,18,凱基-士林,2023-07-31,9238
1528,恩德,17,0,17,凱基-士林,2023-07-31,9238
5258,虹堡,41,24,17,凱基-士林,2023-07-31,9238
00885,富邦越南,17,0,17,凱基-士林,2023-07-31,9238
1402,遠東新,16,0,16,凱基-士林,2023-07-31,9238
3264,欣銓,17,1,16,凱基-士林,2023-07-31,9238
2603,長榮,16,1,15,凱基-士林,2023-07-31,9238
1216,統一,15,0,15,凱基-士林,2023-07-31,9238
6657,華安,15,0,15,凱基-士林,2023-07-31,9238
2330,台積電,16,1,15,凱基-士林,2023-07-31,9238
2609,陽明,15,1,14,凱基-士林,2023-07-31,9238
2376,技嘉,20,5,15,凱基-士林,2023-07-31,9238
3583,辛耘,17,4,13,凱基-士林,2023-07-31,9238
3017,奇鋐,40,27,13,凱基-士林,2023-07-31,9238
9927,泰銘,15,2,13,凱基-士林,2023-07-31,9238
2312,金寶,79,12,67,凱基-士林,2023-08-01,9238
00632R,元大台灣50反1,60,0,60,凱基-士林,2023-08-01,9238
2388,威盛,82,25,57,凱基-士林,2023-08-01,9238
00679B,元大美債20年,55,0,55,凱基-士林,2023-08-01,9238
1528,恩德,49,0,49,凱基-士林,2023-08-01,9238
3217,優群,43,0,43,凱基-士林,2023-08-01,9238
5425,台半,46,5,41,凱基-士林,2023-08-01,9238
3580,友威科,40,0,40,凱基-士林,2023-08-01,9238
8097,常珵,40,0,40,凱基-士林,2023-08-01,9238
00885,富邦越南,40,5,35,凱基-士林,2023-08-01,9238
2401,凌陽,58,32,26,凱基-士林,2023-08-01,9238
2891,中信金,22,1,21,凱基-士林,2023-08-01,9238
6282,康舒,30,9,21,凱基-士林,2023-08-01,9238
1611,中電,20,0,20,凱基-士林,2023-08-01,9238
2471,資通,20,0,20,凱基-士林,2023-08-01,9238
2906,高林,20,0,20,凱基-士林,2023-08-01,9238
3338,泰碩,20,0,20,凱基-士林,2023-08-01,9238
1514,亞力,24,5,19,凱基-士林,2023-08-01,9238
6133,金橋,18,1,17,凱基-士林,2023-08-01,9238
00687B,國泰20年美債,32,16,16,凱基-士林,2023-08-01,9238
8021,尖點,16,0,16,凱基-士林,2023-08-01,9238
3011,今皓,15,0,15,凱基-士林,2023-08-01,9238
00712,復華富時不動產,14,0,14,凱基-士林,2023-08-01,9238
2027,大成鋼,14,0,14,凱基-士林,2023-08-01,9238
2492,華新科,15,1,14,凱基-士林,2023-08-01,9238
2352,佳世達,14,1,13,凱基-士林,2023-08-01,9238
4116,明基醫,13,0,13,凱基-士林,2023-08-01,9238
3576,聯合再生,13,0,13,凱基-士林,2023-08-01,9238
9958,世紀鋼,10,0,10,凱基-士林,2023-08-01,9238
2010,春源,10,0,10,凱基-士林,2023-08-01,9238
2028,威致,10,0,10,凱基-士林,2023-08-01,9238
2236,百達-KY,10,0,10,凱基-士林,2023-08-01,9238
2371,大同,10,0,10,凱基-士林,2023-08-01,9238
2485,兆赫,20,10,10,凱基-士林,2023-08-01,9238
3055,蔚華科,10,0,10,凱基-士林,2023-08-01,9238
3499,環天科,10,0,10,凱基-士林,2023-08-01,9238
6284,佳邦,10,0,10,凱基-士林,2023-08-01,9238
6456,GIS-KY,10,0,10,凱基-士林,2023-08-01,9238
5871,中租-KY,10,0,10,凱基-士林,2023-08-01,9238
2610,華航,21,12,9,凱基-士林,2023-08-01,9238
00929,復華台灣科技優息,10,1,9,凱基-士林,2023-08-01,9238
1905,華紙,16,7,9,凱基-士林,2023-08-01,9238
2637,慧洋-KY,11,2,9,凱基-士林,2023-08-01,9238
8076,伍豐,12,3,9,凱基-士林,2023-08-01,9238
8358,金居,17,8,9,凱基-士林,2023-08-01,9238
1903,士紙,10,2,8,凱基-士林,2023-08-01,9238
2408,南亞科,23,15,8,凱基-士林,2023-08-01,9238
00919,群益台灣精選高息,9,1,8,凱基-士林,2023-08-01,9238
1342,八貫,8,0,8,凱基-士林,2023-08-01,9238
1809,中釉,22,14,8,凱基-士林,2023-08-01,9238
00878,國泰永續高股息,408,65,343,凱基-士林,2023-08-02,9238
3481,群創,241,1,240,凱基-士林,2023-08-02,9238
5392,能率,77,0,77,凱基-士林,2023-08-02,9238
00923,群益台ESG低碳50,74,5,69,凱基-士林,2023-08-02,9238
00679B,元大美債20年,67,6,61,凱基-士林,2023-08-02,9238
3231,緯創,95,36,59,凱基-士林,2023-08-02,9238
00900,富邦特選高股息30,58,6,52,凱基-士林,2023-08-02,9238
2329,華泰,57,13,44,凱基-士林,2023-08-02,9238
2883,凱基金,41,0,41,凱基-士林,2023-08-02,9238
2382,廣達,62,23,39,凱基-士林,2023-08-02,9238
3558,神準,43,4,39,凱基-士林,2023-08-02,9238
2388,威盛,39,1,38,凱基-士林,2023-08-02,9238
6219,富旺,36,0,36,凱基-士林,2023-08-02,9238
6282,康舒,47,15,32,凱基-士林,2023-08-02,9238
00687B,國泰20年美債,31,0,31,凱基-士林,2023-08-02,9238
2888,新光金,241,211,30,凱基-士林,2023-08-02,9238
8409,商之器,30,0,30,凱基-士林,2023-08-02,9238
9945,潤泰新,30,0,30,凱基-士林,2023-08-02,9238
00929,復華台灣科技優息,33,4,29,凱基-士林,2023-08-02,9238
00673R,期元大S＆P原油反1,30,2,28,凱基-士林,2023-08-02,9238
4967,十銓,27,0,27,凱基-士林,2023-08-02,9238
1711,永光,25,0,25,凱基-士林,2023-08-02,9238
8121,越峰,25,0,25,凱基-士林,2023-08-02,9238
2356,英業達,37,13,24,凱基-士林,2023-08-02,9238
1802,台玻,41,18,23,凱基-士林,2023-08-02,9238
8097,常珵,22,0,22,凱基-士林,2023-08-02,9238
6188,廣明,30,9,21,凱基-士林,2023-08-02,9238
00671R,富邦NASDAQ反1,21,0,21,凱基-士林,2023-08-02,9238
3652,精聯,21,0,21,凱基-士林,2023-08-02,9238
4116,明基醫,21,0,21,凱基-士林,2023-08-02,9238
5452,佶優,24,3,21,凱基-士林,2023-08-02,9238
2409,友達,22,1,21,凱基-士林,2023-08-02,9238
020034,元大IC設計N,20,0,20,凱基-士林,2023-08-02,9238
1220,台榮,20,0,20,凱基-士林,2023-08-02,9238
3257,虹冠電,33,13,20,凱基-士林,2023-08-02,9238
1815,富喬,21,2,19,凱基-士林,2023-08-02,9238
3056,富華新,172,153,19,凱基-士林,2023-08-02,9238
2421,建準,18,0,18,凱基-士林,2023-08-02,9238
2481,強茂,18,0,18,凱基-士林,2023-08-02,9238
4960,誠美材,21,3,18,凱基-士林,2023-08-02,9238
2882,國泰金,17,1,16,凱基-士林,2023-08-02,9238
6753,龍德造船,17,1,16,凱基-士林,2023-08-02,9238
2609,陽明,16,2,14,凱基-士林,2023-08-02,9238
1101,台泥,14,0,14,凱基-士林,2023-08-02,9238
2301,光寶科,108,94,14,凱基-士林,2023-08-02,9238
00720B,元大投資級公司債,14,1,13,凱基-士林,2023-08-02,9238
00772B,中信高評級公司債,12,0,12,凱基-士林,2023-08-02,9238
1321,大洋,12,0,12,凱基-士林,2023-08-02,9238
1504,東元,14,2,12,凱基-士林,2023-08-02,9238
2485,兆赫,12,0,12,凱基-士林,2023-08-02,9238
1605,華新,593,23,570,凱基-士林,2023-08-04,9238
00680L,元大美債20正2,110,4,106,凱基-士林,2023-08-04,9238
00929,復華台灣科技優息,96,4,92,凱基-士林,2023-08-04,9238
2801,彰銀,91,0,91,凱基-士林,2023-08-04,9238
00720B,元大投資級公司債,71,0,71,凱基-士林,2023-08-04,9238
2891,中信金,58,0,58,凱基-士林,2023-08-04,9238
2344,華邦電,61,5,56,凱基-士林,2023-08-04,9238
3056,富華新,40,0,40,凱基-士林,2023-08-04,9238
8215,明基材,54,17,37,凱基-士林,2023-08-04,9238
1727,中華化,32,0,32,凱基-士林,2023-08-04,9238
00687B,國泰20年美債,29,0,29,凱基-士林,2023-08-04,9238
3325,旭品,38,10,28,凱基-士林,2023-08-04,9238
3163,波若威,33,7,26,凱基-士林,2023-08-04,9238
5425,台半,31,5,26,凱基-士林,2023-08-04,9238
00772B,中信高評級公司債,26,1,25,凱基-士林,2023-08-04,9238
00673R,期元大S＆P原油反1,25,0,25,凱基-士林,2023-08-04,9238
2103,台橡,25,0,25,凱基-士林,2023-08-04,9238
00679B,元大美債20年,63,40,23,凱基-士林,2023-08-04,9238
1305,華夏,21,0,21,凱基-士林,2023-08-04,9238
2427,三商電,20,0,20,凱基-士林,2023-08-04,9238
1785,光洋科,23,5,18,凱基-士林,2023-08-04,9238
2023,燁輝,20,3,17,凱基-士林,2023-08-04,9238
2884,玉山金,17,0,17,凱基-士林,2023-08-04,9238
00632R,元大台灣50反1,20,5,15,凱基-士林,2023-08-04,9238
00712,復華富時不動產,20,5,15,凱基-士林,2023-08-04,9238
2425,承啟,15,0,15,凱基-士林,2023-08-04,9238
2886,兆豐金,12,1,11,凱基-士林,2023-08-04,9238
2881,富邦金,11,0,11,凱基-士林,2023-08-04,9238
00891,中信關鍵半導體,11,0,11,凱基-士林,2023-08-04,9238
1609,大亞,28,17,11,凱基-士林,2023-08-04,9238
6218,豪勉,12,1,11,凱基-士林,2023-08-04,9238
00773B,中信優先金融債,11,0,11,凱基-士林,2023-08-04,9238
00900,富邦特選高股息30,10,0,10,凱基-士林,2023-08-04,9238
00768B,復華20年美債,10,0,10,凱基-士林,2023-08-04,9238
00752,中信中國50,10,0,10,凱基-士林,2023-08-04,9238
00722B,群益投資級電信債,10,0,10,凱基-士林,2023-08-04,9238
00636,國泰中國A50,10,0,10,凱基-士林,2023-08-04,9238
020034,元大IC設計N,10,0,10,凱基-士林,2023-08-04,9238
1723,中碳,10,0,10,凱基-士林,2023-08-04,9238
6117,迎廣,10,0,10,凱基-士林,2023-08-04,9238
6231,系微,14,4,10,凱基-士林,2023-08-04,9238
6799,來頡,10,0,10,凱基-士林,2023-08-04,9238
8930,青鋼,10,0,10,凱基-士林,2023-08-04,9238
00688L,國泰20年美債正2,9,0,9,凱基-士林,2023-08-04,9238
3576,聯合再生,9,0,9,凱基-士林,2023-08-04,9238
6126,信音,16,7,9,凱基-士林,2023-08-04,9238
6204,艾華,9,0,9,凱基-士林,2023-08-04,9238
8440,綠電,9,0,9,凱基-士林,2023-08-04,9238
2330,台積電,10,1,9,凱基-士林,2023-08-04,9238
1513,中興電,11,3,8,凱基-士林,2023-08-04,9238
1905,華紙,135,35,100,凱基-士林,2023-08-07,9238
00720B,元大投資級公司債,68,1,67,凱基-士林,2023-08-07,9238
00673R,期元大S＆P原油反1,60,2,58,凱基-士林,2023-08-07,9238
00929,復華台灣科技優息,52,2,50,凱基-士林,2023-08-07,9238
2201,裕隆,70,20,50,凱基-士林,2023-08-07,9238
2462,良得電,41,1,40,凱基-士林,2023-08-07,9238
5347,世界,33,1,32,凱基-士林,2023-08-07,9238
6753,龍德造船,33,1,32,凱基-士林,2023-08-07,9238
6278,台表科,31,0,31,凱基-士林,2023-08-07,9238
3289,宜特,33,4,29,凱基-士林,2023-08-07,9238
2301,光寶科,51,23,28,凱基-士林,2023-08-07,9238
00632R,元大台灣50反1,25,0,25,凱基-士林,2023-08-07,9238
4967,十銓,25,0,25,凱基-士林,2023-08-07,9238
6235,華孚,31,6,25,凱基-士林,2023-08-07,9238
1609,大亞,28,5,23,凱基-士林,2023-08-07,9238
5009,榮剛,24,2,22,凱基-士林,2023-08-07,9238
2103,台橡,22,0,22,凱基-士林,2023-08-07,9238
6284,佳邦,22,0,22,凱基-士林,2023-08-07,9238
6158,禾昌,21,0,21,凱基-士林,2023-08-07,9238
1108,幸福,30,10,20,凱基-士林,2023-08-07,9238
00664R,國泰臺灣加權反1,20,0,20,凱基-士林,2023-08-07,9238
2880,華南金,20,0,20,凱基-士林,2023-08-07,9238
3287,廣寰科,20,0,20,凱基-士林,2023-08-07,9238
00679B,元大美債20年,19,0,19,凱基-士林,2023-08-07,9238
3481,群創,21,2,19,凱基-士林,2023-08-07,9238
2409,友達,19,1,18,凱基-士林,2023-08-07,9238
2376,技嘉,50,32,18,凱基-士林,2023-08-07,9238
2610,華航,21,5,16,凱基-士林,2023-08-07,9238
1589,永冠-KY,15,0,15,凱基-士林,2023-08-07,9238
9927,泰銘,20,5,15,凱基-士林,2023-08-07,9238
6231,系微,18,4,14,凱基-士林,2023-08-07,9238
3017,奇鋐,16,3,13,凱基-士林,2023-08-07,9238
1504,東元,13,1,12,凱基-士林,2023-08-07,9238
3213,茂訊,12,0,12,凱基-士林,2023-08-07,9238
00772B,中信高評級公司債,12,1,11,凱基-士林,2023-08-07,9238
00764B,群益25年美債,10,0,10,凱基-士林,2023-08-07,9238
3680,家登,10,0,10,凱基-士林,2023-08-07,9238
8040,九暘,10,0,10,凱基-士林,2023-08-07,9238
2891,中信金,11,2,9,凱基-士林,2023-08-07,9238
2603,長榮,9,0,9,凱基-士林,2023-08-07,9238
00882,中信中國高股息,10,1,9,凱基-士林,2023-08-07,9238
2609,陽明,15,6,9,凱基-士林,2023-08-07,9238
6470,宇智,10,1,9,凱基-士林,2023-08-07,9238
6274,台燿,23,14,9,凱基-士林,2023-08-07,9238
00927,群益半導體收益,8,0,8,凱基-士林,2023-08-07,9238
3576,聯合再生,14,6,8,凱基-士林,2023-08-07,9238
5425,台半,8,0,8,凱基-士林,2023-08-07,9238
2312,金寶,15,8,7,凱基-士林,2023-08-07,9238
2464,盟立,10,3,7,凱基-士林,2023-08-07,9238
3293,鈊象,6,0,6,凱基-士林,2023-08-07,9238
1815,富喬,225,0,225,凱基-士林,2023-08-08,9238
2913,農林,225,18,207,凱基-士林,2023-08-08,9238
2618,長榮航,181,21,160,凱基-士林,2023-08-08,9238
1905,華紙,125,15,110,凱基-士林,2023-08-08,9238
00900,富邦特選高股息30,119,10,109,凱基-士林,2023-08-08,9238
2886,兆豐金,90,0,90,凱基-士林,2023-08-08,9238
00929,復華台灣科技優息,77,0,77,凱基-士林,2023-08-08,9238
2630,亞航,51,0,51,凱基-士林,2023-08-08,9238
3231,緯創,140,95,45,凱基-士林,2023-08-08,9238
2356,英業達,61,20,41,凱基-士林,2023-08-08,9238
4967,十銓,38,0,38,凱基-士林,2023-08-08,9238
2363,矽統,57,23,34,凱基-士林,2023-08-08,9238
2206,三陽工業,84,51,33,凱基-士林,2023-08-08,9238
00878,國泰永續高股息,70,40,30,凱基-士林,2023-08-08,9238
00632R,元大台灣50反1,30,0,30,凱基-士林,2023-08-08,9238
3706,神達,39,10,29,凱基-士林,2023-08-08,9238
2337,旺宏,27,0,27,凱基-士林,2023-08-08,9238
6284,佳邦,27,0,27,凱基-士林,2023-08-08,9238
2352,佳世達,26,0,26,凱基-士林,2023-08-08,9238
00923,群益台ESG低碳50,25,1,24,凱基-士林,2023-08-08,9238
8358,金居,24,1,23,凱基-士林,2023-08-08,9238
2303,聯電,28,6,22,凱基-士林,2023-08-08,9238
6133,金橋,22,0,22,凱基-士林,2023-08-08,9238
6231,系微,23,1,22,凱基-士林,2023-08-08,9238
00764B,群益25年美債,21,0,21,凱基-士林,2023-08-08,9238
2382,廣達,75,55,20,凱基-士林,2023-08-08,9238
1314,中石化,20,0,20,凱基-士林,2023-08-08,9238
2107,厚生,20,0,20,凱基-士林,2023-08-08,9238
4960,誠美材,20,0,20,凱基-士林,2023-08-08,9238
6548,長科*,20,0,20,凱基-士林,2023-08-08,9238
00673R,期元大S＆P原油反1,20,1,19,凱基-士林,2023-08-08,9238
5864,致和證,16,0,16,凱基-士林,2023-08-08,9238
2401,凌陽,15,1,14,凱基-士林,2023-08-08,9238
6799,來頡,14,0,14,凱基-士林,2023-08-08,9238
2027,大成鋼,14,2,12,凱基-士林,2023-08-08,9238
2344,華邦電,12,0,12,凱基-士林,2023-08-08,9238
1605,華新,173,162,11,凱基-士林,2023-08-08,9238
4123,晟德,14,3,11,凱基-士林,2023-08-08,9238
2201,裕隆,20,10,10,凱基-士林,2023-08-08,9238
3062,建漢,10,0,10,凱基-士林,2023-08-08,9238
00751B,元大AAA至A公司債,10,0,10,凱基-士林,2023-08-08,9238
00882,中信中國高股息,10,0,10,凱基-士林,2023-08-08,9238
1108,幸福,10,0,10,凱基-士林,2023-08-08,9238
1216,統一,10,0,10,凱基-士林,2023-08-08,9238
1723,中碳,10,0,10,凱基-士林,2023-08-08,9238
3287,廣寰科,10,0,10,凱基-士林,2023-08-08,9238
4976,佳凌,10,0,10,凱基-士林,2023-08-08,9238
8097,常珵,10,0,10,凱基-士林,2023-08-08,9238
2883,凱基金,9,0,9,凱基-士林,2023-08-08,9238
2890,永豐金,9,0,9,凱基-士林,2023-08-08,9238
00900,富邦特選高股息30,60,0,60,凱基-士林,2023-08-09,9238
3038,全台,54,0,54,凱基-士林,2023-08-09,9238
00929,復華台灣科技優息,56,3,53,凱基-士林,2023-08-09,9238
00665L,富邦�琤肭磪囓�2,53,0,53,凱基-士林,2023-08-09,9238
2886,兆豐金,50,0,50,凱基-士林,2023-08-09,9238
1528,恩德,48,0,48,凱基-士林,2023-08-09,9238
00632R,元大台灣50反1,45,1,44,凱基-士林,2023-08-09,9238
1905,華紙,50,8,42,凱基-士林,2023-08-09,9238
00882,中信中國高股息,42,0,42,凱基-士林,2023-08-09,9238
6188,廣明,41,2,39,凱基-士林,2023-08-09,9238
5425,台半,38,1,37,凱基-士林,2023-08-09,9238
00923,群益台ESG低碳50,35,0,35,凱基-士林,2023-08-09,9238
2344,華邦電,34,0,34,凱基-士林,2023-08-09,9238
2732,六角,30,0,30,凱基-士林,2023-08-09,9238
2906,高林,30,0,30,凱基-士林,2023-08-09,9238
3481,群創,39,10,29,凱基-士林,2023-08-09,9238
00931B,統一美債20年,62,40,22,凱基-士林,2023-08-09,9238
4960,誠美材,22,0,22,凱基-士林,2023-08-09,9238
9927,泰銘,24,4,20,凱基-士林,2023-08-09,9238
00891,中信關鍵半導體,20,0,20,凱基-士林,2023-08-09,9238
1522,堤維西,22,2,20,凱基-士林,2023-08-09,9238
1721,三晃,20,0,20,凱基-士林,2023-08-09,9238
2367,燿華,20,0,20,凱基-士林,2023-08-09,9238
6548,長科*,20,0,20,凱基-士林,2023-08-09,9238
2645,長榮航太,20,1,19,凱基-士林,2023-08-09,9238
4967,十銓,18,0,18,凱基-士林,2023-08-09,9238
3021,鴻名,17,0,17,凱基-士林,2023-08-09,9238
2618,長榮航,43,28,15,凱基-士林,2023-08-09,9238
3533,嘉澤,15,1,14,凱基-士林,2023-08-09,9238
8358,金居,14,0,14,凱基-士林,2023-08-09,9238
2002,中鋼,12,0,12,凱基-士林,2023-08-09,9238
1303,南亞,10,0,10,凱基-士林,2023-08-09,9238
2352,佳世達,37,27,10,凱基-士林,2023-08-09,9238
1605,華新,10,0,10,凱基-士林,2023-08-09,9238
2485,兆赫,10,0,10,凱基-士林,2023-08-09,9238
2890,永豐金,10,0,10,凱基-士林,2023-08-09,9238
4530,宏易,10,0,10,凱基-士林,2023-08-09,9238
4743,合一,12,2,10,凱基-士林,2023-08-09,9238
2363,矽統,14,4,10,凱基-士林,2023-08-09,9238
00885,富邦越南,22,12,10,凱基-士林,2023-08-09,9238
00679B,元大美債20年,9,0,9,凱基-士林,2023-08-09,9238
8027,鈦昇,9,0,9,凱基-士林,2023-08-09,9238
2453,凌群,8,0,8,凱基-士林,2023-08-09,9238
6799,來頡,8,0,8,凱基-士林,2023-08-09,9238
1802,台玻,154,146,8,凱基-士林,2023-08-09,9238
1514,亞力,12,5,7,凱基-士林,2023-08-09,9238
1608,華榮,7,0,7,凱基-士林,2023-08-09,9238
5880,合庫金,7,0,7,凱基-士林,2023-08-09,9238
6122,擎邦,8,1,7,凱基-士林,2023-08-09,9238
6147,頎邦,7,0,7,凱基-士林,2023-08-09,9238
2323,中環,345,0,345,凱基-士林,2023-08-10,9238
00929,復華台灣科技優息,214,2,212,凱基-士林,2023-08-10,9238
2324,仁寶,211,9,202,凱基-士林,2023-08-10,9238
2618,長榮航,193,27,166,凱基-士林,2023-08-10,9238
2913,農林,162,5,157,凱基-士林,2023-08-10,9238
1605,華新,121,1,120,凱基-士林,2023-08-10,9238
2329,華泰,120,22,98,凱基-士林,2023-08-10,9238
00665L,富邦�琤肭磪囓�2,130,40,90,凱基-士林,2023-08-10,9238
3481,群創,91,2,89,凱基-士林,2023-08-10,9238
5392,能率,85,0,85,凱基-士林,2023-08-10,9238
00878,國泰永續高股息,99,19,80,凱基-士林,2023-08-10,9238
5880,合庫金,72,0,72,凱基-士林,2023-08-10,9238
00900,富邦特選高股息30,60,5,55,凱基-士林,2023-08-10,9238
3038,全台,48,0,48,凱基-士林,2023-08-10,9238
3356,奇偶,46,1,45,凱基-士林,2023-08-10,9238
2382,廣達,81,37,44,凱基-士林,2023-08-10,9238
2409,友達,44,1,43,凱基-士林,2023-08-10,9238
2316,楠梓電,43,0,43,凱基-士林,2023-08-10,9238
8097,常珵,41,0,41,凱基-士林,2023-08-10,9238
1721,三晃,39,0,39,凱基-士林,2023-08-10,9238
2312,金寶,47,11,36,凱基-士林,2023-08-10,9238
8215,明基材,31,0,31,凱基-士林,2023-08-10,9238
00885,富邦越南,31,0,31,凱基-士林,2023-08-10,9238
00673R,期元大S＆P原油反1,40,10,30,凱基-士林,2023-08-10,9238
1437,勤益控,26,0,26,凱基-士林,2023-08-10,9238
020034,元大IC設計N,25,0,25,凱基-士林,2023-08-10,9238
5608,四維航,25,0,25,凱基-士林,2023-08-10,9238
6116,彩晶,25,0,25,凱基-士林,2023-08-10,9238
2886,兆豐金,27,3,24,凱基-士林,2023-08-10,9238
2338,光罩,22,0,22,凱基-士林,2023-08-10,9238
00919,群益台灣精選高息,21,0,21,凱基-士林,2023-08-10,9238
2399,映泰,21,0,21,凱基-士林,2023-08-10,9238
8112,至上,25,4,21,凱基-士林,2023-08-10,9238
1314,中石化,20,1,19,凱基-士林,2023-08-10,9238
1513,中興電,23,4,19,凱基-士林,2023-08-10,9238
3088,艾訊,18,0,18,凱基-士林,2023-08-10,9238
3518,柏騰,17,0,17,凱基-士林,2023-08-10,9238
3019,亞光,15,0,15,凱基-士林,2023-08-10,9238
8076,伍豐,15,0,15,凱基-士林,2023-08-10,9238
6111,大宇資,16,2,14,凱基-士林,2023-08-10,9238
2888,新光金,75,61,14,凱基-士林,2023-08-10,9238
1611,中電,20,6,14,凱基-士林,2023-08-10,9238
2353,宏��,13,0,13,凱基-士林,2023-08-10,9238
2610,華航,50,37,13,凱基-士林,2023-08-10,9238
1609,大亞,14,1,13,凱基-士林,2023-08-10,9238
2609,陽明,16,4,12,凱基-士林,2023-08-10,9238
00891,中信關鍵半導體,12,0,12,凱基-士林,2023-08-10,9238
1528,恩德,12,0,12,凱基-士林,2023-08-10,9238
3217,優群,12,0,12,凱基-士林,2023-08-10,9238
0056,元大高股息,22,10,12,凱基-士林,2023-08-10,9238
2401,凌陽,77,9,68,凱基-士林,2023-08-11,9238
00773B,中信優先金融債,51,0,51,凱基-士林,2023-08-11,9238
00878,國泰永續高股息,75,28,47,凱基-士林,2023-08-11,9238
00720B,元大投資級公司債,44,0,44,凱基-士林,2023-08-11,9238
2069,運錩,42,0,42,凱基-士林,2023-08-11,9238
2388,威盛,68,26,42,凱基-士林,2023-08-11,9238
00632R,元大台灣50反1,42,2,40,凱基-士林,2023-08-11,9238
00665L,富邦�琤肭磪囓�2,40,0,40,凱基-士林,2023-08-11,9238
1905,華紙,52,14,38,凱基-士林,2023-08-11,9238
00882,中信中國高股息,41,4,37,凱基-士林,2023-08-11,9238
2312,金寶,35,0,35,凱基-士林,2023-08-11,9238
6282,康舒,36,3,33,凱基-士林,2023-08-11,9238
8027,鈦昇,33,0,33,凱基-士林,2023-08-11,9238
2618,長榮航,66,33,33,凱基-士林,2023-08-11,9238
00931B,統一美債20年,42,10,32,凱基-士林,2023-08-11,9238
00706L,期元大S＆P日圓正2,32,0,32,凱基-士林,2023-08-11,9238
2883,凱基金,33,2,31,凱基-士林,2023-08-11,9238
2316,楠梓電,30,0,30,凱基-士林,2023-08-11,9238
3356,奇偶,27,0,27,凱基-士林,2023-08-11,9238
3231,緯創,63,37,26,凱基-士林,2023-08-11,9238
6165,浪凡,26,0,26,凱基-士林,2023-08-11,9238
6219,富旺,26,0,26,凱基-士林,2023-08-11,9238
2630,亞航,25,0,25,凱基-士林,2023-08-11,9238
2888,新光金,28,4,24,凱基-士林,2023-08-11,9238
5608,四維航,24,1,23,凱基-士林,2023-08-11,9238
00680L,元大美債20正2,28,6,22,凱基-士林,2023-08-11,9238
2014,中鴻,23,1,22,凱基-士林,2023-08-11,9238
3583,辛耘,26,5,21,凱基-士林,2023-08-11,9238
00652,富邦印度,20,0,20,凱基-士林,2023-08-11,9238
5534,長虹,20,0,20,凱基-士林,2023-08-11,9238
00772B,中信高評級公司債,19,0,19,凱基-士林,2023-08-11,9238
2301,光寶科,19,2,17,凱基-士林,2023-08-11,9238
2409,友達,17,0,17,凱基-士林,2023-08-11,9238
2002,中鋼,17,0,17,凱基-士林,2023-08-11,9238
00929,復華台灣科技優息,16,0,16,凱基-士林,2023-08-11,9238
1795,美時,15,1,14,凱基-士林,2023-08-11,9238
1609,大亞,16,2,14,凱基-士林,2023-08-11,9238
3163,波若威,14,0,14,凱基-士林,2023-08-11,9238
00679B,元大美債20年,11,0,11,凱基-士林,2023-08-11,9238
2027,大成鋼,11,0,11,凱基-士林,2023-08-11,9238
8942,森鉅,11,0,11,凱基-士林,2023-08-11,9238
3685,元創精密,14,3,11,凱基-士林,2023-08-11,9238
6231,系微,11,0,11,凱基-士林,2023-08-11,9238
6274,台燿,34,23,11,凱基-士林,2023-08-11,9238
6112,邁達特,10,0,10,凱基-士林,2023-08-11,9238
2363,矽統,28,18,10,凱基-士林,2023-08-11,9238
2504,國產,10,0,10,凱基-士林,2023-08-11,9238
3325,旭品,10,0,10,凱基-士林,2023-08-11,9238
00715L,期街口布蘭特正2,9,0,9,凱基-士林,2023-08-11,9238
00751B,元大AAA至A公司債,9,0,9,凱基-士林,2023-08-11,9238
2371,大同,355,0,355,凱基-士林,2023-08-14,9238
2834,臺企銀,147,0,147,凱基-士林,2023-08-14,9238
2883,凱基金,102,0,102,凱基-士林,2023-08-14,9238
00878,國泰永續高股息,108,11,97,凱基-士林,2023-08-14,9238
00929,復華台灣科技優息,82,1,81,凱基-士林,2023-08-14,9238
2913,農林,75,5,70,凱基-士林,2023-08-14,9238
2014,中鴻,43,0,43,凱基-士林,2023-08-14,9238
00900,富邦特選高股息30,37,0,37,凱基-士林,2023-08-14,9238
2344,華邦電,38,2,36,凱基-士林,2023-08-14,9238
00882,中信中國高股息,28,0,28,凱基-士林,2023-08-14,9238
2338,光罩,28,0,28,凱基-士林,2023-08-14,9238
00923,群益台ESG低碳50,28,1,27,凱基-士林,2023-08-14,9238
2305,全友,25,0,25,凱基-士林,2023-08-14,9238
2354,鴻準,25,0,25,凱基-士林,2023-08-14,9238
3576,聯合再生,21,0,21,凱基-士林,2023-08-14,9238
6133,金橋,21,0,21,凱基-士林,2023-08-14,9238
1528,恩德,20,0,20,凱基-士林,2023-08-14,9238
5608,四維航,20,1,19,凱基-士林,2023-08-14,9238
3062,建漢,25,7,18,凱基-士林,2023-08-14,9238
00919,群益台灣精選高息,18,0,18,凱基-士林,2023-08-14,9238
1708,東鹼,17,0,17,凱基-士林,2023-08-14,9238
2891,中信金,22,7,15,凱基-士林,2023-08-14,9238
020034,元大IC設計N,15,0,15,凱基-士林,2023-08-14,9238
1444,力麗,15,0,15,凱基-士林,2023-08-14,9238
2504,國產,15,0,15,凱基-士林,2023-08-14,9238
1314,中石化,14,0,14,凱基-士林,2023-08-14,9238
5351,鈺創,14,0,14,凱基-士林,2023-08-14,9238
3163,波若威,13,0,13,凱基-士林,2023-08-14,9238
2409,友達,14,1,13,凱基-士林,2023-08-14,9238
2367,燿華,13,0,13,凱基-士林,2023-08-14,9238
2890,永豐金,14,2,12,凱基-士林,2023-08-14,9238
1906,寶隆,12,0,12,凱基-士林,2023-08-14,9238
3019,亞光,15,4,11,凱基-士林,2023-08-14,9238
2353,宏��,16,5,11,凱基-士林,2023-08-14,9238
2303,聯電,29,18,11,凱基-士林,2023-08-14,9238
00665L,富邦�琤肭磪囓�2,10,0,10,凱基-士林,2023-08-14,9238
1604,聲寶,10,0,10,凱基-士林,2023-08-14,9238
2537,聯上發,10,0,10,凱基-士林,2023-08-14,9238
2880,華南金,10,0,10,凱基-士林,2023-08-14,9238
4530,宏易,10,0,10,凱基-士林,2023-08-14,9238
6122,擎邦,10,0,10,凱基-士林,2023-08-14,9238
6214,精誠,10,0,10,凱基-士林,2023-08-14,9238
3231,緯創,34,24,10,凱基-士林,2023-08-14,9238
3481,群創,17,8,9,凱基-士林,2023-08-14,9238
6005,群益證,9,0,9,凱基-士林,2023-08-14,9238
6274,台燿,28,20,8,凱基-士林,2023-08-14,9238
1513,中興電,12,4,8,凱基-士林,2023-08-14,9238
0050,元大台灣50,8,0,8,凱基-士林,2023-08-14,9238
00751B,元大AAA至A公司債,7,0,7,凱基-士林,2023-08-14,9238
2368,金像電,11,4,7,凱基-士林,2023-08-14,9238
00900,富邦特選高股息30,200,62,138,凱基-士林,2023-08-15,9238
00929,復華台灣科技優息,96,1,95,凱基-士林,2023-08-15,9238
2520,冠德,80,0,80,凱基-士林,2023-08-15,9238
00923,群益台ESG低碳50,70,0,70,凱基-士林,2023-08-15,9238
00878,國泰永續高股息,83,15,68,凱基-士林,2023-08-15,9238
3481,群創,68,12,56,凱基-士林,2023-08-15,9238
5483,中美晶,46,1,45,凱基-士林,2023-08-15,9238
00632R,元大台灣50反1,50,11,39,凱基-士林,2023-08-15,9238
3043,科風,41,2,39,凱基-士林,2023-08-15,9238
2365,昆盈,35,0,35,凱基-士林,2023-08-15,9238
00931B,統一美債20年,31,0,31,凱基-士林,2023-08-15,9238
2317,鴻海,39,9,30,凱基-士林,2023-08-15,9238
2887,台新金,27,0,27,凱基-士林,2023-08-15,9238
3058,立德,25,0,25,凱基-士林,2023-08-15,9238
2002,中鋼,20,0,20,凱基-士林,2023-08-15,9238
5347,世界,20,0,20,凱基-士林,2023-08-15,9238
3483,力致,22,2,20,凱基-士林,2023-08-15,9238
5457,宣德,20,0,20,凱基-士林,2023-08-15,9238
00679B,元大美債20年,19,0,19,凱基-士林,2023-08-15,9238
6770,力積電,21,4,17,凱基-士林,2023-08-15,9238
2834,臺企銀,17,0,17,凱基-士林,2023-08-15,9238
4530,宏易,17,0,17,凱基-士林,2023-08-15,9238
2883,凱基金,17,0,17,凱基-士林,2023-08-15,9238
3019,亞光,15,0,15,凱基-士林,2023-08-15,9238
00882,中信中國高股息,14,0,14,凱基-士林,2023-08-15,9238
2323,中環,17,3,14,凱基-士林,2023-08-15,9238
4916,事欣科,13,0,13,凱基-士林,2023-08-15,9238
00885,富邦越南,12,0,12,凱基-士林,2023-08-15,9238
2890,永豐金,12,0,12,凱基-士林,2023-08-15,9238
6282,康舒,17,5,12,凱基-士林,2023-08-15,9238
2884,玉山金,12,0,12,凱基-士林,2023-08-15,9238
00713,元大台灣高息低波,18,7,11,凱基-士林,2023-08-15,9238
2881,富邦金,10,0,10,凱基-士林,2023-08-15,9238
1604,聲寶,10,0,10,凱基-士林,2023-08-15,9238
00753L,中信中國50正2,10,0,10,凱基-士林,2023-08-15,9238
00671R,富邦NASDAQ反1,10,0,10,凱基-士林,2023-08-15,9238
1723,中碳,10,0,10,凱基-士林,2023-08-15,9238
3576,聯合再生,10,0,10,凱基-士林,2023-08-15,9238
8383,千附,10,0,10,凱基-士林,2023-08-15,9238
2201,裕隆,60,51,9,凱基-士林,2023-08-15,9238
4967,十銓,9,0,9,凱基-士林,2023-08-15,9238
5425,台半,10,1,9,凱基-士林,2023-08-15,9238
2891,中信金,14,6,8,凱基-士林,2023-08-15,9238
00907,永豐優息存股,8,0,8,凱基-士林,2023-08-15,9238
3206,志豐,8,0,8,凱基-士林,2023-08-15,9238
3056,富華新,8,0,8,凱基-士林,2023-08-15,9238
00712,復華富時不動產,7,0,7,凱基-士林,2023-08-15,9238
1904,正隆,7,0,7,凱基-士林,2023-08-15,9238
6285,啟��,11,4,7,凱基-士林,2023-08-15,9238
1102,亞泥,6,0,6,凱基-士林,2023-08-15,9238
2888,新光金,456,11,445,凱基-士林,2023-08-16,9238
00878,國泰永續高股息,87,6,81,凱基-士林,2023-08-16,9238
3706,神達,80,2,78,凱基-士林,2023-08-16,9238
00720B,元大投資級公司債,76,1,75,凱基-士林,2023-08-16,9238
8213,志超,74,5,69,凱基-士林,2023-08-16,9238
2303,聯電,69,4,65,凱基-士林,2023-08-16,9238
1402,遠東新,57,0,57,凱基-士林,2023-08-16,9238
2363,矽統,55,3,52,凱基-士林,2023-08-16,9238
2449,京元電子,60,12,48,凱基-士林,2023-08-16,9238
00772B,中信高評級公司債,36,0,36,凱基-士林,2023-08-16,9238
2891,中信金,40,11,29,凱基-士林,2023-08-16,9238
2002,中鋼,28,0,28,凱基-士林,2023-08-16,9238
2323,中環,26,0,26,凱基-士林,2023-08-16,9238
3481,群創,23,0,23,凱基-士林,2023-08-16,9238
00923,群益台ESG低碳50,22,0,22,凱基-士林,2023-08-16,9238
2312,金寶,28,6,22,凱基-士林,2023-08-16,9238
00712,復華富時不動產,44,22,22,凱基-士林,2023-08-16,9238
2610,華航,54,33,21,凱基-士林,2023-08-16,9238
2409,友達,22,2,20,凱基-士林,2023-08-16,9238
2609,陽明,22,3,19,凱基-士林,2023-08-16,9238
00900,富邦特選高股息30,18,0,18,凱基-士林,2023-08-16,9238
1802,台玻,20,2,18,凱基-士林,2023-08-16,9238
9919,康那香,18,1,17,凱基-士林,2023-08-16,9238
2317,鴻海,25,8,17,凱基-士林,2023-08-16,9238
00773B,中信優先金融債,16,0,16,凱基-士林,2023-08-16,9238
8210,勤誠,42,26,16,凱基-士林,2023-08-16,9238
2834,臺企銀,14,0,14,凱基-士林,2023-08-16,9238
2330,台積電,13,0,13,凱基-士林,2023-08-16,9238
2881,富邦金,12,0,12,凱基-士林,2023-08-16,9238
2880,華南金,12,0,12,凱基-士林,2023-08-16,9238
1301,台塑,14,2,12,凱基-士林,2023-08-16,9238
4533,協易機,13,1,12,凱基-士林,2023-08-16,9238
2548,華固,11,0,11,凱基-士林,2023-08-16,9238
2027,大成鋼,11,0,11,凱基-士林,2023-08-16,9238
2887,台新金,10,0,10,凱基-士林,2023-08-16,9238
00751B,元大AAA至A公司債,10,0,10,凱基-士林,2023-08-16,9238
00891,中信關鍵半導體,10,0,10,凱基-士林,2023-08-16,9238
1314,中石化,10,0,10,凱基-士林,2023-08-16,9238
2204,中華,10,0,10,凱基-士林,2023-08-16,9238
2634,漢翔,16,6,10,凱基-士林,2023-08-16,9238
3019,亞光,10,0,10,凱基-士林,2023-08-16,9238
3176,基亞,10,0,10,凱基-士林,2023-08-16,9238
3260,威剛,10,0,10,凱基-士林,2023-08-16,9238
3290,東浦,10,0,10,凱基-士林,2023-08-16,9238
5483,中美晶,10,0,10,凱基-士林,2023-08-16,9238
2884,玉山金,9,0,9,凱基-士林,2023-08-16,9238
2886,兆豐金,9,0,9,凱基-士林,2023-08-16,9238
00692,富邦公司治理,9,0,9,凱基-士林,2023-08-16,9238
1303,南亞,9,0,9,凱基-士林,2023-08-16,9238
1504,東元,11,2,9,凱基-士林,2023-08-16,9238
5425,台半,92,27,65,凱基-士林,2023-08-17,9238
3231,緯創,108,47,61,凱基-士林,2023-08-17,9238
00923,群益台ESG低碳50,49,1,48,凱基-士林,2023-08-17,9238
00878,國泰永續高股息,101,62,39,凱基-士林,2023-08-17,9238
00720B,元大投資級公司債,34,0,34,凱基-士林,2023-08-17,9238
00751B,元大AAA至A公司債,36,2,34,凱基-士林,2023-08-17,9238
00712,復華富時不動產,33,0,33,凱基-士林,2023-08-17,9238
00929,復華台灣科技優息,35,4,31,凱基-士林,2023-08-17,9238
2538,基泰,28,0,28,凱基-士林,2023-08-17,9238
6282,康舒,31,3,28,凱基-士林,2023-08-17,9238
2344,華邦電,31,6,25,凱基-士林,2023-08-17,9238
2883,凱基金,24,0,24,凱基-士林,2023-08-17,9238
2886,兆豐金,24,1,23,凱基-士林,2023-08-17,9238
2002,中鋼,22,0,22,凱基-士林,2023-08-17,9238
1108,幸福,20,0,20,凱基-士林,2023-08-17,9238
2427,三商電,20,0,20,凱基-士林,2023-08-17,9238
2891,中信金,19,0,19,凱基-士林,2023-08-17,9238
2303,聯電,37,18,19,凱基-士林,2023-08-17,9238
3290,東浦,21,2,19,凱基-士林,2023-08-17,9238
5009,榮剛,20,1,19,凱基-士林,2023-08-17,9238
5534,長虹,18,0,18,凱基-士林,2023-08-17,9238
5457,宣德,16,0,16,凱基-士林,2023-08-17,9238
6741,91APP*-KY,16,0,16,凱基-士林,2023-08-17,9238
00924,復華S＆P500成長,15,0,15,凱基-士林,2023-08-17,9238
2618,長榮航,24,9,15,凱基-士林,2023-08-17,9238
1301,台塑,14,0,14,凱基-士林,2023-08-17,9238
1722,台肥,14,0,14,凱基-士林,2023-08-17,9238
00795B,中信美國公債20年,18,4,14,凱基-士林,2023-08-17,9238
1314,中石化,13,0,13,凱基-士林,2023-08-17,9238
00679B,元大美債20年,23,10,13,凱基-士林,2023-08-17,9238
00772B,中信高評級公司債,14,2,12,凱基-士林,2023-08-17,9238
2913,農林,13,1,12,凱基-士林,2023-08-17,9238
3576,聯合再生,12,1,11,凱基-士林,2023-08-17,9238
2880,華南金,15,5,10,凱基-士林,2023-08-17,9238
5880,合庫金,10,0,10,凱基-士林,2023-08-17,9238
6126,信音,11,1,10,凱基-士林,2023-08-17,9238
2610,華航,25,16,9,凱基-士林,2023-08-17,9238
2888,新光金,20,11,9,凱基-士林,2023-08-17,9238
3325,旭品,11,2,9,凱基-士林,2023-08-17,9238
00902,中信電池及儲能,8,0,8,凱基-士林,2023-08-17,9238
00919,群益台灣精選高息,8,0,8,凱基-士林,2023-08-17,9238
6558,興能高,8,0,8,凱基-士林,2023-08-17,9238
6770,力積電,9,2,7,凱基-士林,2023-08-17,9238
00773B,中信優先金融債,6,0,6,凱基-士林,2023-08-17,9238
00713,元大台灣高息低波,8,2,6,凱基-士林,2023-08-17,9238
00665L,富邦�琤肭磪囓�2,10,4,6,凱基-士林,2023-08-17,9238
2409,友達,10,4,6,凱基-士林,2023-08-17,9238
3548,兆利,10,4,6,凱基-士林,2023-08-17,9238
3689,湧德,9,3,6,凱基-士林,2023-08-17,9238
4770,上品,8,2,6,凱基-士林,2023-08-17,9238
3078,僑威,195,21,174,凱基-士林,2023-08-18,9238
00632R,元大台灣50反1,150,0,150,凱基-士林,2023-08-18,9238
2303,聯電,134,24,110,凱基-士林,2023-08-18,9238
2399,映泰,89,5,84,凱基-士林,2023-08-18,9238
00929,復華台灣科技優息,90,7,83,凱基-士林,2023-08-18,9238
2401,凌陽,71,1,70,凱基-士林,2023-08-18,9238
2324,仁寶,77,21,56,凱基-士林,2023-08-18,9238
6548,長科*,55,1,54,凱基-士林,2023-08-18,9238
8011,台通,45,0,45,凱基-士林,2023-08-18,9238
00720B,元大投資級公司債,43,0,43,凱基-士林,2023-08-18,9238
4207,環泰,40,0,40,凱基-士林,2023-08-18,9238
3576,聯合再生,40,1,39,凱基-士林,2023-08-18,9238
3056,富華新,37,0,37,凱基-士林,2023-08-18,9238
5258,虹堡,36,0,36,凱基-士林,2023-08-18,9238
2538,基泰,35,0,35,凱基-士林,2023-08-18,9238
1101,台泥,23,0,23,凱基-士林,2023-08-18,9238
2344,華邦電,25,2,23,凱基-士林,2023-08-18,9238
9950,萬國通,22,0,22,凱基-士林,2023-08-18,9238
2495,普安,31,10,21,凱基-士林,2023-08-18,9238
9955,佳龍,21,0,21,凱基-士林,2023-08-18,9238
2352,佳世達,20,0,20,凱基-士林,2023-08-18,9238
4540,全球傳動,20,0,20,凱基-士林,2023-08-18,9238
3231,緯創,111,92,19,凱基-士林,2023-08-18,9238
6751,智聯服務,18,0,18,凱基-士林,2023-08-18,9238
00878,國泰永續高股息,128,110,18,凱基-士林,2023-08-18,9238
6285,啟��,22,5,17,凱基-士林,2023-08-18,9238
3715,定穎投控,23,7,16,凱基-士林,2023-08-18,9238
2636,台驊控股,20,4,16,凱基-士林,2023-08-18,9238
5340,建榮,28,12,16,凱基-士林,2023-08-18,9238
0056,元大高股息,29,14,15,凱基-士林,2023-08-18,9238
2409,友達,15,0,15,凱基-士林,2023-08-18,9238
3704,合勤控,15,1,14,凱基-士林,2023-08-18,9238
9939,宏全,13,0,13,凱基-士林,2023-08-18,9238
00795B,中信美國公債20年,13,0,13,凱基-士林,2023-08-18,9238
2027,大成鋼,12,0,12,凱基-士林,2023-08-18,9238
2601,益航,12,0,12,凱基-士林,2023-08-18,9238
1722,台肥,12,0,12,凱基-士林,2023-08-18,9238
3013,晟銘電,14,2,12,凱基-士林,2023-08-18,9238
3094,聯傑,13,1,12,凱基-士林,2023-08-18,9238
3290,東浦,12,0,12,凱基-士林,2023-08-18,9238
5425,台半,12,0,12,凱基-士林,2023-08-18,9238
8215,明基材,12,0,12,凱基-士林,2023-08-18,9238
8210,勤誠,19,8,11,凱基-士林,2023-08-18,9238
00679B,元大美債20年,11,0,11,凱基-士林,2023-08-18,9238
2382,廣達,62,51,11,凱基-士林,2023-08-18,9238
2308,台達電,11,1,10,凱基-士林,2023-08-18,9238
1711,永光,10,0,10,凱基-士林,2023-08-18,9238
1612,宏泰,10,0,10,凱基-士林,2023-08-18,9238
2103,台橡,10,0,10,凱基-士林,2023-08-18,9238
2501,國建,10,0,10,凱基-士林,2023-08-18,9238
2329,華泰,111,3,108,凱基-士林,2023-08-21,9238
2605,新興,101,0,101,凱基-士林,2023-08-21,9238
2399,映泰,93,0,93,凱基-士林,2023-08-21,9238
3706,神達,91,5,86,凱基-士林,2023-08-21,9238
2617,台航,67,0,67,凱基-士林,2023-08-21,9238
2606,裕民,66,1,65,凱基-士林,2023-08-21,9238
00632R,元大台灣50反1,71,20,51,凱基-士林,2023-08-21,9238
2637,慧洋-KY,47,0,47,凱基-士林,2023-08-21,9238
3516,亞帝歐,45,0,45,凱基-士林,2023-08-21,9238
6548,長科*,42,0,42,凱基-士林,2023-08-21,9238
2457,飛宏,38,4,34,凱基-士林,2023-08-21,9238
3043,科風,30,0,30,凱基-士林,2023-08-21,9238
2382,廣達,51,23,28,凱基-士林,2023-08-21,9238
3042,晶技,26,0,26,凱基-士林,2023-08-21,9238
6165,浪凡,24,0,24,凱基-士林,2023-08-21,9238
1301,台塑,23,0,23,凱基-士林,2023-08-21,9238
4306,炎洲,20,0,20,凱基-士林,2023-08-21,9238
00772B,中信高評級公司債,18,0,18,凱基-士林,2023-08-21,9238
3306,鼎天,167,149,18,凱基-士林,2023-08-21,9238
00929,復華台灣科技優息,18,1,17,凱基-士林,2023-08-21,9238
00753L,中信中國50正2,17,0,17,凱基-士林,2023-08-21,9238
2344,華邦電,18,1,17,凱基-士林,2023-08-21,9238
3491,昇達科,17,0,17,凱基-士林,2023-08-21,9238
2363,矽統,54,38,16,凱基-士林,2023-08-21,9238
1802,台玻,14,0,14,凱基-士林,2023-08-21,9238
3265,台星科,15,1,14,凱基-士林,2023-08-21,9238
00679B,元大美債20年,14,0,14,凱基-士林,2023-08-21,9238
00885,富邦越南,13,0,13,凱基-士林,2023-08-21,9238
3062,建漢,15,2,13,凱基-士林,2023-08-21,9238
5347,世界,12,0,12,凱基-士林,2023-08-21,9238
2436,偉詮電,12,0,12,凱基-士林,2023-08-21,9238
4123,晟德,12,0,12,凱基-士林,2023-08-21,9238
5009,榮剛,11,0,11,凱基-士林,2023-08-21,9238
6275,元山,18,7,11,凱基-士林,2023-08-21,9238
00882,中信中國高股息,10,0,10,凱基-士林,2023-08-21,9238
2886,兆豐金,10,0,10,凱基-士林,2023-08-21,9238
2368,金像電,17,7,10,凱基-士林,2023-08-21,9238
1464,得力,10,0,10,凱基-士林,2023-08-21,9238
1815,富喬,10,0,10,凱基-士林,2023-08-21,9238
2888,新光金,12,2,10,凱基-士林,2023-08-21,9238
6179,亞通,10,0,10,凱基-士林,2023-08-21,9238
6456,GIS-KY,10,0,10,凱基-士林,2023-08-21,9238
2317,鴻海,11,1,10,凱基-士林,2023-08-21,9238
6770,力積電,9,0,9,凱基-士林,2023-08-21,9238
1504,東元,10,1,9,凱基-士林,2023-08-21,9238
2027,大成鋼,8,0,8,凱基-士林,2023-08-21,9238
00665L,富邦�琤肭磪囓�2,8,0,8,凱基-士林,2023-08-21,9238
00687B,國泰20年美債,8,0,8,凱基-士林,2023-08-21,9238
1609,大亞,11,3,8,凱基-士林,2023-08-21,9238
1732,毛寶,8,0,8,凱基-士林,2023-08-21,9238
2399,映泰,135,3,132,凱基-士林,2023-08-22,9238
1444,力麗,120,12,108,凱基-士林,2023-08-22,9238
2892,第一金,100,0,100,凱基-士林,2023-08-22,9238
0056,元大高股息,105,14,91,凱基-士林,2023-08-22,9238
2618,長榮航,115,31,84,凱基-士林,2023-08-22,9238
00929,復華台灣科技優息,60,4,56,凱基-士林,2023-08-22,9238
2637,慧洋-KY,47,4,43,凱基-士林,2023-08-22,9238
4306,炎洲,40,0,40,凱基-士林,2023-08-22,9238
00706L,期元大S＆P日圓正2,33,0,33,凱基-士林,2023-08-22,9238
3576,聯合再生,53,20,33,凱基-士林,2023-08-22,9238
2316,楠梓電,32,0,32,凱基-士林,2023-08-22,9238
00720B,元大投資級公司債,30,0,30,凱基-士林,2023-08-22,9238
00665L,富邦�琤肭磪囓�2,30,0,30,凱基-士林,2023-08-22,9238
00664R,國泰臺灣加權反1,30,0,30,凱基-士林,2023-08-22,9238
1532,勤美,30,0,30,凱基-士林,2023-08-22,9238
2457,飛宏,30,1,29,凱基-士林,2023-08-22,9238
6219,富旺,28,0,28,凱基-士林,2023-08-22,9238
5880,合庫金,27,0,27,凱基-士林,2023-08-22,9238
2002,中鋼,24,0,24,凱基-士林,2023-08-22,9238
1526,日馳,24,0,24,凱基-士林,2023-08-22,9238
3706,神達,31,7,24,凱基-士林,2023-08-22,9238
4979,華星光,28,5,23,凱基-士林,2023-08-22,9238
00878,國泰永續高股息,40,17,23,凱基-士林,2023-08-22,9238
6179,亞通,23,0,23,凱基-士林,2023-08-22,9238
2371,大同,22,0,22,凱基-士林,2023-08-22,9238
9955,佳龍,21,0,21,凱基-士林,2023-08-22,9238
2324,仁寶,24,4,20,凱基-士林,2023-08-22,9238
2538,基泰,20,0,20,凱基-士林,2023-08-22,9238
2889,國票金,20,0,20,凱基-士林,2023-08-22,9238
00679B,元大美債20年,19,0,19,凱基-士林,2023-08-22,9238
2314,台揚,18,0,18,凱基-士林,2023-08-22,9238
4533,協易機,18,0,18,凱基-士林,2023-08-22,9238
3516,亞帝歐,17,0,17,凱基-士林,2023-08-22,9238
3231,緯創,57,40,17,凱基-士林,2023-08-22,9238
2634,漢翔,27,11,16,凱基-士林,2023-08-22,9238
2887,台新金,16,0,16,凱基-士林,2023-08-22,9238
3689,湧德,46,31,15,凱基-士林,2023-08-22,9238
2891,中信金,14,0,14,凱基-士林,2023-08-22,9238
1309,台達化,13,0,13,凱基-士林,2023-08-22,9238
4543,萬在,28,15,13,凱基-士林,2023-08-22,9238
6282,康舒,13,1,12,凱基-士林,2023-08-22,9238
00632R,元大台灣50反1,12,0,12,凱基-士林,2023-08-22,9238
3673,TPK-KY,14,2,12,凱基-士林,2023-08-22,9238
6165,浪凡,14,2,12,凱基-士林,2023-08-22,9238
2332,友訊,26,15,11,凱基-士林,2023-08-22,9238
1609,大亞,11,0,11,凱基-士林,2023-08-22,9238
3035,智原,13,2,11,凱基-士林,2023-08-22,9238
3042,晶技,14,3,11,凱基-士林,2023-08-22,9238
4904,遠傳,13,3,10,凱基-士林,2023-08-22,9238
00637L,元大滬深300正2,10,0,10,凱基-士林,2023-08-22,9238
00929,復華台灣科技優息,295,9,286,凱基-士林,2023-08-23,9238
2637,慧洋-KY,75,2,73,凱基-士林,2023-08-23,9238
2401,凌陽,60,2,58,凱基-士林,2023-08-23,9238
00632R,元大台灣50反1,40,0,40,凱基-士林,2023-08-23,9238
2618,長榮航,62,28,34,凱基-士林,2023-08-23,9238
5880,合庫金,30,0,30,凱基-士林,2023-08-23,9238
2371,大同,30,1,29,凱基-士林,2023-08-23,9238
2332,友訊,26,3,23,凱基-士林,2023-08-23,9238
00878,國泰永續高股息,31,8,23,凱基-士林,2023-08-23,9238
3483,力致,24,3,21,凱基-士林,2023-08-23,9238
2467,志聖,20,0,20,凱基-士林,2023-08-23,9238
3306,鼎天,21,1,20,凱基-士林,2023-08-23,9238
2014,中鴻,18,0,18,凱基-士林,2023-08-23,9238
2002,中鋼,18,1,17,凱基-士林,2023-08-23,9238
3051,力特,30,15,15,凱基-士林,2023-08-23,9238
6170,統振,18,3,15,凱基-士林,2023-08-23,9238
1101,台泥,13,0,13,凱基-士林,2023-08-23,9238
2606,裕民,13,0,13,凱基-士林,2023-08-23,9238
3042,晶技,11,0,11,凱基-士林,2023-08-23,9238
3071,協禧,18,7,11,凱基-士林,2023-08-23,9238
9945,潤泰新,10,0,10,凱基-士林,2023-08-23,9238
2607,榮運,10,0,10,凱基-士林,2023-08-23,9238
3257,虹冠電,10,0,10,凱基-士林,2023-08-23,9238
6108,競國,10,0,10,凱基-士林,2023-08-23,9238
9105,泰金寶-DR,10,0,10,凱基-士林,2023-08-23,9238
2883,凱基金,9,1,8,凱基-士林,2023-08-23,9238
3311,閎暉,8,0,8,凱基-士林,2023-08-23,9238
2374,佳能,8,1,7,凱基-士林,2023-08-23,9238
3380,明泰,12,5,7,凱基-士林,2023-08-23,9238
5876,上海商銀,7,0,7,凱基-士林,2023-08-23,9238
5483,中美晶,6,0,6,凱基-士林,2023-08-23,9238
2886,兆豐金,5,0,5,凱基-士林,2023-08-23,9238
1321,大洋,5,0,5,凱基-士林,2023-08-23,9238
1515,力山,5,0,5,凱基-士林,2023-08-23,9238
1612,宏泰,5,0,5,凱基-士林,2023-08-23,9238
2328,廣宇,5,0,5,凱基-士林,2023-08-23,9238
2331,精英,6,1,5,凱基-士林,2023-08-23,9238
3046,建��,5,0,5,凱基-士林,2023-08-23,9238
5464,霖宏,5,0,5,凱基-士林,2023-08-23,9238
8054,安國,5,0,5,凱基-士林,2023-08-23,9238
9907,統一實,5,0,5,凱基-士林,2023-08-23,9238
2610,華航,12,8,4,凱基-士林,2023-08-23,9238
006208,富邦台50,4,0,4,凱基-士林,2023-08-23,9238
4938,和碩,8,4,4,凱基-士林,2023-08-23,9238
1609,大亞,5,1,4,凱基-士林,2023-08-23,9238
2812,台中銀,4,0,4,凱基-士林,2023-08-23,9238
2884,玉山金,4,0,4,凱基-士林,2023-08-23,9238
6139,亞翔,13,9,4,凱基-士林,2023-08-23,9238
8069,元太,4,0,4,凱基-士林,2023-08-23,9238
9904,寶成,4,0,4,凱基-士林,2023-08-23,9238
5608,四維航,156,0,156,凱基-士林,2023-08-24,9238
6167,久正,152,0,152,凱基-士林,2023-08-24,9238
2887,台新金,100,0,100,凱基-士林,2023-08-24,9238
00919,群益台灣精選高息,90,0,90,凱基-士林,2023-08-24,9238
2637,慧洋-KY,90,0,90,凱基-士林,2023-08-24,9238
2886,兆豐金,83,2,81,凱基-士林,2023-08-24,9238
2371,大同,72,0,72,凱基-士林,2023-08-24,9238
00929,復華台灣科技優息,80,9,71,凱基-士林,2023-08-24,9238
3231,緯創,166,100,66,凱基-士林,2023-08-24,9238
3013,晟銘電,79,15,64,凱基-士林,2023-08-24,9238
00664R,國泰臺灣加權反1,60,0,60,凱基-士林,2023-08-24,9238
00712,復華富時不動產,52,1,51,凱基-士林,2023-08-24,9238
3715,定穎投控,55,8,47,凱基-士林,2023-08-24,9238
6117,迎廣,59,16,43,凱基-士林,2023-08-24,9238
3051,力特,57,18,39,凱基-士林,2023-08-24,9238
2363,矽統,152,116,36,凱基-士林,2023-08-24,9238
00637L,元大滬深300正2,62,26,36,凱基-士林,2023-08-24,9238
5371,中光電,37,4,33,凱基-士林,2023-08-24,9238
2882,國泰金,34,4,30,凱基-士林,2023-08-24,9238
8222,寶一,28,6,22,凱基-士林,2023-08-24,9238
1526,日馳,20,0,20,凱基-士林,2023-08-24,9238
8070,長華*,20,0,20,凱基-士林,2023-08-24,9238
6165,浪凡,18,0,18,凱基-士林,2023-08-24,9238
2324,仁寶,23,6,17,凱基-士林,2023-08-24,9238
2884,玉山金,15,0,15,凱基-士林,2023-08-24,9238
00931B,統一美債20年,21,6,15,凱基-士林,2023-08-24,9238
1722,台肥,14,2,12,凱基-士林,2023-08-24,9238
00900,富邦特選高股息30,12,0,12,凱基-士林,2023-08-24,9238
1802,台玻,15,3,12,凱基-士林,2023-08-24,9238
3706,神達,50,38,12,凱基-士林,2023-08-24,9238
4989,榮科,12,0,12,凱基-士林,2023-08-24,9238
2449,京元電子,57,46,11,凱基-士林,2023-08-24,9238
4164,承業醫,11,0,11,凱基-士林,2023-08-24,9238
2615,萬海,12,2,10,凱基-士林,2023-08-24,9238
00903,富邦元宇宙,10,0,10,凱基-士林,2023-08-24,9238
1321,大洋,10,0,10,凱基-士林,2023-08-24,9238
1789,神隆,10,0,10,凱基-士林,2023-08-24,9238
2538,基泰,10,0,10,凱基-士林,2023-08-24,9238
3576,聯合再生,10,0,10,凱基-士林,2023-08-24,9238
4121,優盛,10,0,10,凱基-士林,2023-08-24,9238
4306,炎洲,10,0,10,凱基-士林,2023-08-24,9238
4976,佳凌,10,0,10,凱基-士林,2023-08-24,9238
2609,陽明,10,1,9,凱基-士林,2023-08-24,9238
2419,仲琦,20,11,9,凱基-士林,2023-08-24,9238
3206,志豐,9,0,9,凱基-士林,2023-08-24,9238
9933,中鼎,9,0,9,凱基-士林,2023-08-24,9238
9939,宏全,10,1,9,凱基-士林,2023-08-24,9238
00927,群益半導體收益,8,0,8,凱基-士林,2023-08-24,9238
2399,映泰,12,4,8,凱基-士林,2023-08-24,9238
2421,建準,11,3,8,凱基-士林,2023-08-24,9238
2462,良得電,140,0,140,凱基-士林,2023-08-25,9238
2618,長榮航,135,9,126,凱基-士林,2023-08-25,9238
00878,國泰永續高股息,113,4,109,凱基-士林,2023-08-25,9238
00929,復華台灣科技優息,102,2,100,凱基-士林,2023-08-25,9238
00632R,元大台灣50反1,80,5,75,凱基-士林,2023-08-25,9238
3231,緯創,120,63,57,凱基-士林,2023-08-25,9238
3013,晟銘電,50,6,44,凱基-士林,2023-08-25,9238
2399,映泰,50,7,43,凱基-士林,2023-08-25,9238
3058,立德,32,0,32,凱基-士林,2023-08-25,9238
2457,飛宏,33,2,31,凱基-士林,2023-08-25,9238
2316,楠梓電,30,0,30,凱基-士林,2023-08-25,9238
3049,精金,30,0,30,凱基-士林,2023-08-25,9238
5371,中光電,32,5,27,凱基-士林,2023-08-25,9238
6117,迎廣,30,3,27,凱基-士林,2023-08-25,9238
4543,萬在,34,8,26,凱基-士林,2023-08-25,9238
2467,志聖,25,0,25,凱基-士林,2023-08-25,9238
2317,鴻海,24,2,22,凱基-士林,2023-08-25,9238
2834,臺企銀,21,0,21,凱基-士林,2023-08-25,9238
1526,日馳,20,0,20,凱基-士林,2023-08-25,9238
2436,偉詮電,20,0,20,凱基-士林,2023-08-25,9238
2356,英業達,122,103,19,凱基-士林,2023-08-25,9238
3516,亞帝歐,16,0,16,凱基-士林,2023-08-25,9238
6156,松上,20,4,16,凱基-士林,2023-08-25,9238
4763,材料-KY,19,4,15,凱基-士林,2023-08-25,9238
2330,台積電,19,5,14,凱基-士林,2023-08-25,9238
2887,台新金,13,0,13,凱基-士林,2023-08-25,9238
00919,群益台灣精選高息,11,0,11,凱基-士林,2023-08-25,9238
2885,元大金,11,0,11,凱基-士林,2023-08-25,9238
2892,第一金,11,0,11,凱基-士林,2023-08-25,9238
3035,智原,18,7,11,凱基-士林,2023-08-25,9238
3217,優群,11,0,11,凱基-士林,2023-08-25,9238
8927,北基,11,0,11,凱基-士林,2023-08-25,9238
2323,中環,10,0,10,凱基-士林,2023-08-25,9238
3564,其陽,10,0,10,凱基-士林,2023-08-25,9238
4533,協易機,11,1,10,凱基-士林,2023-08-25,9238
4541,晟田,10,0,10,凱基-士林,2023-08-25,9238
4804,大略-KY,10,0,10,凱基-士林,2023-08-25,9238
8222,寶一,10,0,10,凱基-士林,2023-08-25,9238
2382,廣達,36,26,10,凱基-士林,2023-08-25,9238
3138,耀登,9,0,9,凱基-士林,2023-08-25,9238
3163,波若威,10,1,9,凱基-士林,2023-08-25,9238
3706,神達,16,7,9,凱基-士林,2023-08-25,9238
5706,鳳凰,13,4,9,凱基-士林,2023-08-25,9238
3037,欣興,15,6,9,凱基-士林,2023-08-25,9238
1101,台泥,8,0,8,凱基-士林,2023-08-25,9238
2913,農林,11,3,8,凱基-士林,2023-08-25,9238
6173,信昌電,11,3,8,凱基-士林,2023-08-25,9238
1513,中興電,13,5,8,凱基-士林,2023-08-25,9238
0056,元大高股息,7,0,7,凱基-士林,2023-08-25,9238
2002,中鋼,7,0,7,凱基-士林,2023-08-25,9238
2485,兆赫,240,52,188,凱基-士林,2023-08-28,9238
00878,國泰永續高股息,115,5,110,凱基-士林,2023-08-28,9238
2371,大同,107,1,106,凱基-士林,2023-08-28,9238
2356,英業達,102,1,101,凱基-士林,2023-08-28,9238
6168,宏齊,81,7,74,凱基-士林,2023-08-28,9238
00929,復華台灣科技優息,73,8,65,凱基-士林,2023-08-28,9238
6117,迎廣,63,0,63,凱基-士林,2023-08-28,9238
3094,聯傑,74,17,57,凱基-士林,2023-08-28,9238
4906,正文,77,20,57,凱基-士林,2023-08-28,9238
1605,華新,56,0,56,凱基-士林,2023-08-28,9238
00919,群益台灣精選高息,49,0,49,凱基-士林,2023-08-28,9238
2399,映泰,47,0,47,凱基-士林,2023-08-28,9238
3013,晟銘電,54,13,41,凱基-士林,2023-08-28,9238
2462,良得電,40,0,40,凱基-士林,2023-08-28,9238
2886,兆豐金,40,2,38,凱基-士林,2023-08-28,9238
6125,廣運,35,2,33,凱基-士林,2023-08-28,9238
2363,矽統,55,22,33,凱基-士林,2023-08-28,9238
00923,群益台ESG低碳50,30,0,30,凱基-士林,2023-08-28,9238
1108,幸福,30,0,30,凱基-士林,2023-08-28,9238
6244,茂迪,30,1,29,凱基-士林,2023-08-28,9238
3231,緯創,56,28,28,凱基-士林,2023-08-28,9238
0056,元大高股息,33,6,27,凱基-士林,2023-08-28,9238
3138,耀登,25,0,25,凱基-士林,2023-08-28,9238
4543,萬在,28,4,24,凱基-士林,2023-08-28,9238
2449,京元電子,36,16,20,凱基-士林,2023-08-28,9238
00751B,元大AAA至A公司債,20,0,20,凱基-士林,2023-08-28,9238
5512,力麒,20,0,20,凱基-士林,2023-08-28,9238
8070,長華*,20,0,20,凱基-士林,2023-08-28,9238
3037,欣興,20,5,15,凱基-士林,2023-08-28,9238
1522,堤維西,15,0,15,凱基-士林,2023-08-28,9238
2328,廣宇,15,0,15,凱基-士林,2023-08-28,9238
4916,事欣科,15,0,15,凱基-士林,2023-08-28,9238
2610,華航,18,4,14,凱基-士林,2023-08-28,9238
2206,三陽工業,22,8,14,凱基-士林,2023-08-28,9238
4564,元翎,20,7,13,凱基-士林,2023-08-28,9238
2405,輔信,12,0,12,凱基-士林,2023-08-28,9238
5457,宣德,12,0,12,凱基-士林,2023-08-28,9238
00720B,元大投資級公司債,10,0,10,凱基-士林,2023-08-28,9238
00756B,群益投等新興公債,10,0,10,凱基-士林,2023-08-28,9238
00726B,國泰新興投等債,10,0,10,凱基-士林,2023-08-28,9238
1526,日馳,10,0,10,凱基-士林,2023-08-28,9238
2002,中鋼,10,0,10,凱基-士林,2023-08-28,9238
2027,大成鋼,10,0,10,凱基-士林,2023-08-28,9238
2374,佳能,40,30,10,凱基-士林,2023-08-28,9238
2834,臺企銀,20,10,10,凱基-士林,2023-08-28,9238
3088,艾訊,10,0,10,凱基-士林,2023-08-28,9238
2369,菱生,18,8,10,凱基-士林,2023-08-28,9238
00727B,國泰優選非投等債,10,0,10,凱基-士林,2023-08-28,9238
2618,長榮航,24,15,9,凱基-士林,2023-08-28,9238
2401,凌陽,12,3,9,凱基-士林,2023-08-28,9238
2002,中鋼,1158,140,1018,凱基-士林,2023-08-29,9238
00632R,元大台灣50反1,300,0,300,凱基-士林,2023-08-29,9238
00929,復華台灣科技優息,138,1,137,凱基-士林,2023-08-29,9238
2374,佳能,60,0,60,凱基-士林,2023-08-29,9238
00878,國泰永續高股息,40,0,40,凱基-士林,2023-08-29,9238
00720B,元大投資級公司債,40,0,40,凱基-士林,2023-08-29,9238
2462,良得電,38,1,37,凱基-士林,2023-08-29,9238
2316,楠梓電,35,0,35,凱基-士林,2023-08-29,9238
3094,聯傑,33,1,32,凱基-士林,2023-08-29,9238
6170,統振,36,10,26,凱基-士林,2023-08-29,9238
2834,臺企銀,22,0,22,凱基-士林,2023-08-29,9238
8222,寶一,26,5,21,凱基-士林,2023-08-29,9238
00751B,元大AAA至A公司債,20,0,20,凱基-士林,2023-08-29,9238
3260,威剛,20,0,20,凱基-士林,2023-08-29,9238
2331,精英,30,14,16,凱基-士林,2023-08-29,9238
3481,群創,16,0,16,凱基-士林,2023-08-29,9238
2363,矽統,162,147,15,凱基-士林,2023-08-29,9238
1445,大宇,15,0,15,凱基-士林,2023-08-29,9238
5284,jpp-KY,20,6,14,凱基-士林,2023-08-29,9238
8076,伍豐,13,0,13,凱基-士林,2023-08-29,9238
1514,亞力,14,2,12,凱基-士林,2023-08-29,9238
2007,燁興,12,0,12,凱基-士林,2023-08-29,9238
2449,京元電子,18,7,11,凱基-士林,2023-08-29,9238
1444,力麗,13,2,11,凱基-士林,2023-08-29,9238
3227,原相,16,5,11,凱基-士林,2023-08-29,9238
2610,華航,29,19,10,凱基-士林,2023-08-29,9238
2382,廣達,22,12,10,凱基-士林,2023-08-29,9238
00636,國泰中國A50,10,0,10,凱基-士林,2023-08-29,9238
00639,富邦深100,10,0,10,凱基-士林,2023-08-29,9238
00756B,群益投等新興公債,10,0,10,凱基-士林,2023-08-29,9238
00752,中信中國50,10,0,10,凱基-士林,2023-08-29,9238
00724B,群益投資級金融債,10,0,10,凱基-士林,2023-08-29,9238
3021,鴻名,10,0,10,凱基-士林,2023-08-29,9238
3516,亞帝歐,9,0,9,凱基-士林,2023-08-29,9238
3231,緯創,26,18,8,凱基-士林,2023-08-29,9238
2354,鴻準,8,0,8,凱基-士林,2023-08-29,9238
3706,神達,24,16,8,凱基-士林,2023-08-29,9238
2010,春源,13,5,8,凱基-士林,2023-08-29,9238
2369,菱生,10,2,8,凱基-士林,2023-08-29,9238
2317,鴻海,10,3,7,凱基-士林,2023-08-29,9238
00712,復華富時不動產,10,3,7,凱基-士林,2023-08-29,9238
1723,中碳,7,0,7,凱基-士林,2023-08-29,9238
3013,晟銘電,25,18,7,凱基-士林,2023-08-29,9238
4564,元翎,7,0,7,凱基-士林,2023-08-29,9238
6664,群翊,7,0,7,凱基-士林,2023-08-29,9238
4746,台耀,6,0,6,凱基-士林,2023-08-29,9238
2313,華通,7,1,6,凱基-士林,2023-08-29,9238
2634,漢翔,11,5,6,凱基-士林,2023-08-29,9238
4979,華星光,6,0,6,凱基-士林,2023-08-29,9238
8097,常珵,6,0,6,凱基-士林,2023-08-29,9238
6116,彩晶,174,38,136,凱基-士林,2023-08-30,9238
6188,廣明,77,2,75,凱基-士林,2023-08-30,9238
00878,國泰永續高股息,75,1,74,凱基-士林,2023-08-30,9238
5425,台半,80,10,70,凱基-士林,2023-08-30,9238
2630,亞航,56,0,56,凱基-士林,2023-08-30,9238
2816,旺旺保,46,1,45,凱基-士林,2023-08-30,9238
2618,長榮航,277,241,36,凱基-士林,2023-08-30,9238
3516,亞帝歐,36,0,36,凱基-士林,2023-08-30,9238
3706,神達,37,5,32,凱基-士林,2023-08-30,9238
2449,京元電子,35,3,32,凱基-士林,2023-08-30,9238
00773B,中信優先金融債,31,0,31,凱基-士林,2023-08-30,9238
1108,幸福,30,0,30,凱基-士林,2023-08-30,9238
00664R,國泰臺灣加權反1,30,0,30,凱基-士林,2023-08-30,9238
2457,飛宏,29,0,29,凱基-士林,2023-08-30,9238
3481,群創,33,5,28,凱基-士林,2023-08-30,9238
00751B,元大AAA至A公司債,20,0,20,凱基-士林,2023-08-30,9238
3533,嘉澤,21,1,20,凱基-士林,2023-08-30,9238
6170,統振,20,0,20,凱基-士林,2023-08-30,9238
3231,緯創,41,22,19,凱基-士林,2023-08-30,9238
4533,協易機,19,0,19,凱基-士林,2023-08-30,9238
2331,精英,44,27,17,凱基-士林,2023-08-30,9238
4763,材料-KY,19,2,17,凱基-士林,2023-08-30,9238
00929,復華台灣科技優息,21,5,16,凱基-士林,2023-08-30,9238
3257,虹冠電,26,11,15,凱基-士林,2023-08-30,9238
2834,臺企銀,14,1,13,凱基-士林,2023-08-30,9238
6126,信音,15,2,13,凱基-士林,2023-08-30,9238
00900,富邦特選高股息30,12,0,12,凱基-士林,2023-08-30,9238
00753L,中信中國50正2,11,0,11,凱基-士林,2023-08-30,9238
1591,駿吉-KY,10,0,10,凱基-士林,2023-08-30,9238
1702,南僑,10,0,10,凱基-士林,2023-08-30,9238
2353,宏��,10,0,10,凱基-士林,2023-08-30,9238
3227,原相,30,20,10,凱基-士林,2023-08-30,9238
5347,世界,10,1,9,凱基-士林,2023-08-30,9238
00637L,元大滬深300正2,9,0,9,凱基-士林,2023-08-30,9238
2609,陽明,10,1,9,凱基-士林,2023-08-30,9238
2645,長榮航太,8,0,8,凱基-士林,2023-08-30,9238
3325,旭品,21,13,8,凱基-士林,2023-08-30,9238
1903,士紙,7,0,7,凱基-士林,2023-08-30,9238
2354,鴻準,7,0,7,凱基-士林,2023-08-30,9238
3105,穩懋,7,0,7,凱基-士林,2023-08-30,9238
2201,裕隆,64,57,7,凱基-士林,2023-08-30,9238
00894,中信小資高價30,6,0,6,凱基-士林,2023-08-30,9238
00919,群益台灣精選高息,6,0,6,凱基-士林,2023-08-30,9238
3689,湧德,7,2,5,凱基-士林,2023-08-30,9238
1445,大宇,5,0,5,凱基-士林,2023-08-30,9238
1526,日馳,5,0,5,凱基-士林,2023-08-30,9238
1616,億泰,5,0,5,凱基-士林,2023-08-30,9238
2387,精元,5,0,5,凱基-士林,2023-08-30,9238
2464,盟立,5,0,5,凱基-士林,2023-08-30,9238
2538,基泰,5,0,5,凱基-士林,2023-08-30,9238
2511,太子,200,0,200,凱基-士林,2023-08-31,9238
3260,威剛,162,22,140,凱基-士林,2023-08-31,9238
2390,云辰,84,4,80,凱基-士林,2023-08-31,9238
2618,長榮航,297,237,60,凱基-士林,2023-08-31,9238
00919,群益台灣精選高息,55,0,55,凱基-士林,2023-08-31,9238
4967,十銓,58,7,51,凱基-士林,2023-08-31,9238
00929,復華台灣科技優息,50,3,47,凱基-士林,2023-08-31,9238
3149,正達,42,0,42,凱基-士林,2023-08-31,9238
2816,旺旺保,39,0,39,凱基-士林,2023-08-31,9238
2436,偉詮電,36,0,36,凱基-士林,2023-08-31,9238
2371,大同,35,0,35,凱基-士林,2023-08-31,9238
9904,寶成,32,0,32,凱基-士林,2023-08-31,9238
00878,國泰永續高股息,38,8,30,凱基-士林,2023-08-31,9238
6117,迎廣,28,0,28,凱基-士林,2023-08-31,9238
2337,旺宏,26,0,26,凱基-士林,2023-08-31,9238
2317,鴻海,26,3,23,凱基-士林,2023-08-31,9238
2834,臺企銀,22,0,22,凱基-士林,2023-08-31,9238
3706,神達,42,20,22,凱基-士林,2023-08-31,9238
2303,聯電,25,4,21,凱基-士林,2023-08-31,9238
2492,華新科,30,9,21,凱基-士林,2023-08-31,9238
1101,台泥,20,0,20,凱基-士林,2023-08-31,9238
1440,南紡,20,0,20,凱基-士林,2023-08-31,9238
1409,新纖,20,0,20,凱基-士林,2023-08-31,9238
5289,宜鼎,18,1,17,凱基-士林,2023-08-31,9238
2353,宏��,15,0,15,凱基-士林,2023-08-31,9238
2002,中鋼,14,0,14,凱基-士林,2023-08-31,9238
1605,華新,14,0,14,凱基-士林,2023-08-31,9238
2884,玉山金,13,0,13,凱基-士林,2023-08-31,9238
3712,永崴投控,10,0,10,凱基-士林,2023-08-31,9238
00719B,元大美債1-3,10,0,10,凱基-士林,2023-08-31,9238
1467,南緯,10,0,10,凱基-士林,2023-08-31,9238
2364,倫飛,10,0,10,凱基-士林,2023-08-31,9238
2801,彰銀,10,0,10,凱基-士林,2023-08-31,9238
3019,亞光,10,0,10,凱基-士林,2023-08-31,9238
5452,佶優,11,1,10,凱基-士林,2023-08-31,9238
6288,聯嘉,10,0,10,凱基-士林,2023-08-31,9238
6741,91APP*-KY,10,0,10,凱基-士林,2023-08-31,9238
8478,東哥遊艇,11,1,10,凱基-士林,2023-08-31,9238
2401,凌陽,15,6,9,凱基-士林,2023-08-31,9238
2883,凱基金,9,0,9,凱基-士林,2023-08-31,9238
5236,凌陽創新,9,0,9,凱基-士林,2023-08-31,9238
2355,敬鵬,12,3,9,凱基-士林,2023-08-31,9238
1402,遠東新,8,0,8,凱基-士林,2023-08-31,9238
2340,台亞,9,1,8,凱基-士林,2023-08-31,9238
1785,光洋科,8,1,7,凱基-士林,2023-08-31,9238
00637L,元大滬深300正2,10,3,7,凱基-士林,2023-08-31,9238
2344,華邦電,11,4,7,凱基-士林,2023-08-31,9238
2425,承啟,7,0,7,凱基-士林,2023-08-31,9238
6664,群翊,7,0,7,凱基-士林,2023-08-31,9238
8215,明基材,7,0,7,凱基-士林,2023-08-31,9238
00929,復華台灣科技優息,212,28,184,凱基-士林,2023-09-01,9238
2365,昆盈,100,0,100,凱基-士林,2023-09-01,9238
00878,國泰永續高股息,104,5,99,凱基-士林,2023-09-01,9238
00932,兆豐永續高息等權,76,30,46,凱基-士林,2023-09-01,9238
00720B,元大投資級公司債,50,6,44,凱基-士林,2023-09-01,9238
3576,聯合再生,41,0,41,凱基-士林,2023-09-01,9238
3043,科風,39,0,39,凱基-士林,2023-09-01,9238
00673R,期元大S＆P原油反1,38,0,38,凱基-士林,2023-09-01,9238
2337,旺宏,38,6,32,凱基-士林,2023-09-01,9238
5425,台半,30,0,30,凱基-士林,2023-09-01,9238
2382,廣達,30,1,29,凱基-士林,2023-09-01,9238
8358,金居,36,8,28,凱基-士林,2023-09-01,9238
3094,聯傑,42,15,27,凱基-士林,2023-09-01,9238
4967,十銓,28,1,27,凱基-士林,2023-09-01,9238
3231,緯創,73,46,27,凱基-士林,2023-09-01,9238
3706,神達,42,16,26,凱基-士林,2023-09-01,9238
3163,波若威,29,4,25,凱基-士林,2023-09-01,9238
6185,幃翔,21,0,21,凱基-士林,2023-09-01,9238
3419,譁裕,19,0,19,凱基-士林,2023-09-01,9238
3260,威剛,22,5,17,凱基-士林,2023-09-01,9238
2884,玉山金,16,0,16,凱基-士林,2023-09-01,9238
00919,群益台灣精選高息,16,0,16,凱基-士林,2023-09-01,9238
2329,華泰,24,8,16,凱基-士林,2023-09-01,9238
6168,宏齊,24,8,16,凱基-士林,2023-09-01,9238
0056,元大高股息,15,0,15,凱基-士林,2023-09-01,9238
1445,大宇,15,0,15,凱基-士林,2023-09-01,9238
2734,易飛網,15,0,15,凱基-士林,2023-09-01,9238
2402,毅嘉,39,25,14,凱基-士林,2023-09-01,9238
6117,迎廣,14,0,14,凱基-士林,2023-09-01,9238
6213,聯茂,21,7,14,凱基-士林,2023-09-01,9238
2401,凌陽,14,1,13,凱基-士林,2023-09-01,9238
2630,亞航,19,6,13,凱基-士林,2023-09-01,9238
2312,金寶,15,3,12,凱基-士林,2023-09-01,9238
4933,友輝,22,10,12,凱基-士林,2023-09-01,9238
5864,致和證,12,0,12,凱基-士林,2023-09-01,9238
3037,欣興,14,3,11,凱基-士林,2023-09-01,9238
1409,新纖,11,0,11,凱基-士林,2023-09-01,9238
8011,台通,11,0,11,凱基-士林,2023-09-01,9238
1467,南緯,30,20,10,凱基-士林,2023-09-01,9238
2206,三陽工業,21,11,10,凱基-士林,2023-09-01,9238
2323,中環,10,0,10,凱基-士林,2023-09-01,9238
2501,國建,13,3,10,凱基-士林,2023-09-01,9238
3011,今皓,10,0,10,凱基-士林,2023-09-01,9238
1519,華城,11,2,9,凱基-士林,2023-09-01,9238
8050,廣積,9,0,9,凱基-士林,2023-09-01,9238
8088,品安,12,3,9,凱基-士林,2023-09-01,9238
8097,常珵,9,0,9,凱基-士林,2023-09-01,9238
6285,啟��,9,0,9,凱基-士林,2023-09-01,9238
00922,國泰台灣領袖50,8,0,8,凱基-士林,2023-09-01,9238
2449,京元電子,10,2,8,凱基-士林,2023-09-01,9238
2371,大同,404,36,368,凱基-士林,2023-09-04,9238
2363,矽統,210,38,172,凱基-士林,2023-09-04,9238
00719B,元大美債1-3,120,0,120,凱基-士林,2023-09-04,9238
8011,台通,99,0,99,凱基-士林,2023-09-04,9238
4906,正文,141,51,90,凱基-士林,2023-09-04,9238
00632R,元大台灣50反1,65,0,65,凱基-士林,2023-09-04,9238
00664R,國泰臺灣加權反1,60,0,60,凱基-士林,2023-09-04,9238
00919,群益台灣精選高息,61,2,59,凱基-士林,2023-09-04,9238
2618,長榮航,74,17,57,凱基-士林,2023-09-04,9238
00878,國泰永續高股息,61,5,56,凱基-士林,2023-09-04,9238
2374,佳能,55,0,55,凱基-士林,2023-09-04,9238
5381,合正,86,33,53,凱基-士林,2023-09-04,9238
3062,建漢,50,1,49,凱基-士林,2023-09-04,9238
6127,九豪,48,0,48,凱基-士林,2023-09-04,9238
00637L,元大滬深300正2,50,3,47,凱基-士林,2023-09-04,9238
00751B,元大AAA至A公司債,41,3,38,凱基-士林,2023-09-04,9238
2497,怡利電,35,0,35,凱基-士林,2023-09-04,9238
2323,中環,34,0,34,凱基-士林,2023-09-04,9238
1721,三晃,30,0,30,凱基-士林,2023-09-04,9238
3231,緯創,52,23,29,凱基-士林,2023-09-04,9238
1101,台泥,31,3,28,凱基-士林,2023-09-04,9238
1609,大亞,26,1,25,凱基-士林,2023-09-04,9238
2354,鴻準,25,0,25,凱基-士林,2023-09-04,9238
2888,新光金,32,7,25,凱基-士林,2023-09-04,9238
2356,英業達,26,2,24,凱基-士林,2023-09-04,9238
2236,百達-KY,33,10,23,凱基-士林,2023-09-04,9238
2313,華通,25,2,23,凱基-士林,2023-09-04,9238
2369,菱生,29,6,23,凱基-士林,2023-09-04,9238
2312,金寶,23,1,22,凱基-士林,2023-09-04,9238
2892,第一金,21,0,21,凱基-士林,2023-09-04,9238
9945,潤泰新,32,11,21,凱基-士林,2023-09-04,9238
0061,元大寶滬深,20,0,20,凱基-士林,2023-09-04,9238
6168,宏齊,21,1,20,凱基-士林,2023-09-04,9238
00773B,中信優先金融債,19,0,19,凱基-士林,2023-09-04,9238
2367,燿華,20,1,19,凱基-士林,2023-09-04,9238
3481,群創,19,2,17,凱基-士林,2023-09-04,9238
00929,復華台灣科技優息,20,5,15,凱基-士林,2023-09-04,9238
00673R,期元大S＆P原油反1,15,0,15,凱基-士林,2023-09-04,9238
2634,漢翔,16,1,15,凱基-士林,2023-09-04,9238
3419,譁裕,15,0,15,凱基-士林,2023-09-04,9238
2630,亞航,14,0,14,凱基-士林,2023-09-04,9238
6117,迎廣,14,0,14,凱基-士林,2023-09-04,9238
6284,佳邦,15,1,14,凱基-士林,2023-09-04,9238
6213,聯茂,13,0,13,凱基-士林,2023-09-04,9238
00680L,元大美債20正2,13,0,13,凱基-士林,2023-09-04,9238
2409,友達,15,2,13,凱基-士林,2023-09-04,9238
2485,兆赫,115,102,13,凱基-士林,2023-09-04,9238
3290,東浦,19,6,13,凱基-士林,2023-09-04,9238
3701,大眾控,17,4,13,凱基-士林,2023-09-04,9238
00931B,統一美債20年,12,0,12,凱基-士林,2023-09-04,9238
2408,南亞科,250,0,250,凱基-士林,2023-09-05,9238
00929,復華台灣科技優息,118,28,90,凱基-士林,2023-09-05,9238
2618,長榮航,92,8,84,凱基-士林,2023-09-05,9238
1616,億泰,82,0,82,凱基-士林,2023-09-05,9238
6235,華孚,71,7,64,凱基-士林,2023-09-05,9238
2331,精英,80,22,58,凱基-士林,2023-09-05,9238
00878,國泰永續高股息,70,19,51,凱基-士林,2023-09-05,9238
9919,康那香,48,0,48,凱基-士林,2023-09-05,9238
00632R,元大台灣50反1,35,0,35,凱基-士林,2023-09-05,9238
3035,智原,33,3,30,凱基-士林,2023-09-05,9238
00673R,期元大S＆P原油反1,30,0,30,凱基-士林,2023-09-05,9238
00919,群益台灣精選高息,34,6,28,凱基-士林,2023-09-05,9238
6122,擎邦,39,11,28,凱基-士林,2023-09-05,9238
2027,大成鋼,26,0,26,凱基-士林,2023-09-05,9238
2409,友達,29,5,24,凱基-士林,2023-09-05,9238
1305,華夏,20,0,20,凱基-士林,2023-09-05,9238
2374,佳能,20,0,20,凱基-士林,2023-09-05,9238
2303,聯電,42,23,19,凱基-士林,2023-09-05,9238
2884,玉山金,18,0,18,凱基-士林,2023-09-05,9238
5258,虹堡,17,0,17,凱基-士林,2023-09-05,9238
1101,台泥,15,0,15,凱基-士林,2023-09-05,9238
2392,正崴,16,1,15,凱基-士林,2023-09-05,9238
3706,神達,25,10,15,凱基-士林,2023-09-05,9238
9907,統一實,15,0,15,凱基-士林,2023-09-05,9238
2630,亞航,14,0,14,凱基-士林,2023-09-05,9238
5457,宣德,17,3,14,凱基-士林,2023-09-05,9238
2313,華通,51,38,13,凱基-士林,2023-09-05,9238
00792B,群益A級公司債,12,0,12,凱基-士林,2023-09-05,9238
3675,德微,13,1,12,凱基-士林,2023-09-05,9238
6186,新潤,12,0,12,凱基-士林,2023-09-05,9238
9939,宏全,12,0,12,凱基-士林,2023-09-05,9238
3260,威剛,23,12,11,凱基-士林,2023-09-05,9238
1314,中石化,11,0,11,凱基-士林,2023-09-05,9238
2354,鴻準,26,15,11,凱基-士林,2023-09-05,9238
6443,元晶,11,0,11,凱基-士林,2023-09-05,9238
00900,富邦特選高股息30,10,0,10,凱基-士林,2023-09-05,9238
00915,凱基優選高股息30,25,15,10,凱基-士林,2023-09-05,9238
00752,中信中國50,10,0,10,凱基-士林,2023-09-05,9238
00639,富邦深100,10,0,10,凱基-士林,2023-09-05,9238
00636,國泰中國A50,10,0,10,凱基-士林,2023-09-05,9238
00932,兆豐永續高息等權,10,0,10,凱基-士林,2023-09-05,9238
2485,兆赫,22,12,10,凱基-士林,2023-09-05,9238
3346,麗清,10,0,10,凱基-士林,2023-09-05,9238
6173,信昌電,10,0,10,凱基-士林,2023-09-05,9238
8011,台通,10,0,10,凱基-士林,2023-09-05,9238
3231,緯創,22,13,9,凱基-士林,2023-09-05,9238
1605,華新,7,0,7,凱基-士林,2023-09-05,9238
2633,台灣高鐵,6,0,6,凱基-士林,2023-09-05,9238
2634,漢翔,9,3,6,凱基-士林,2023-09-05,9238
3356,奇偶,8,2,6,凱基-士林,2023-09-05,9238
00919,群益台灣精選高息,206,0,206,凱基-士林,2023-09-06,9238
00929,復華台灣科技優息,110,20,90,凱基-士林,2023-09-06,9238
3481,群創,100,17,83,凱基-士林,2023-09-06,9238
2409,友達,66,0,66,凱基-士林,2023-09-06,9238
2881,富邦金,54,0,54,凱基-士林,2023-09-06,9238
3062,建漢,50,0,50,凱基-士林,2023-09-06,9238
5488,松普,50,0,50,凱基-士林,2023-09-06,9238
1101,台泥,48,1,47,凱基-士林,2023-09-06,9238
3209,全科,40,0,40,凱基-士林,2023-09-06,9238
2312,金寶,38,0,38,凱基-士林,2023-09-06,9238
1802,台玻,42,6,36,凱基-士林,2023-09-06,9238
3094,聯傑,35,0,35,凱基-士林,2023-09-06,9238
3630,新鉅科,33,1,32,凱基-士林,2023-09-06,9238
2618,長榮航,39,8,31,凱基-士林,2023-09-06,9238
1314,中石化,31,0,31,凱基-士林,2023-09-06,9238
3576,聯合再生,41,10,31,凱基-士林,2023-09-06,9238
2402,毅嘉,36,8,28,凱基-士林,2023-09-06,9238
6158,禾昌,28,0,28,凱基-士林,2023-09-06,9238
3035,智原,77,50,27,凱基-士林,2023-09-06,9238
00915,凱基優選高股息30,42,16,26,凱基-士林,2023-09-06,9238
2027,大成鋼,26,2,24,凱基-士林,2023-09-06,9238
3706,神達,27,4,23,凱基-士林,2023-09-06,9238
9919,康那香,24,1,23,凱基-士林,2023-09-06,9238
8358,金居,30,8,22,凱基-士林,2023-09-06,9238
00679B,元大美債20年,22,0,22,凱基-士林,2023-09-06,9238
4935,茂林-KY,22,1,21,凱基-士林,2023-09-06,9238
6168,宏齊,23,2,21,凱基-士林,2023-09-06,9238
2033,佳大,20,0,20,凱基-士林,2023-09-06,9238
2511,太子,20,0,20,凱基-士林,2023-09-06,9238
2906,高林,20,0,20,凱基-士林,2023-09-06,9238
00751B,元大AAA至A公司債,18,0,18,凱基-士林,2023-09-06,9238
3693,營邦,23,6,17,凱基-士林,2023-09-06,9238
00931B,統一美債20年,16,0,16,凱基-士林,2023-09-06,9238
2344,華邦電,16,0,16,凱基-士林,2023-09-06,9238
6122,擎邦,36,20,16,凱基-士林,2023-09-06,9238
2630,亞航,15,0,15,凱基-士林,2023-09-06,9238
5215,科嘉-KY,15,0,15,凱基-士林,2023-09-06,9238
2884,玉山金,15,0,15,凱基-士林,2023-09-06,9238
6235,華孚,19,5,14,凱基-士林,2023-09-06,9238
00878,國泰永續高股息,21,8,13,凱基-士林,2023-09-06,9238
2317,鴻海,14,2,12,凱基-士林,2023-09-06,9238
3516,亞帝歐,12,0,12,凱基-士林,2023-09-06,9238
4933,友輝,12,0,12,凱基-士林,2023-09-06,9238
6547,高端疫苗,12,0,12,凱基-士林,2023-09-06,9238
6274,台燿,19,7,12,凱基-士林,2023-09-06,9238
2401,凌陽,16,5,11,凱基-士林,2023-09-06,9238
00923,群益台ESG低碳50,11,0,11,凱基-士林,2023-09-06,9238
2323,中環,14,3,11,凱基-士林,2023-09-06,9238
2331,精英,17,6,11,凱基-士林,2023-09-06,9238
5457,宣德,12,1,11,凱基-士林,2023-09-06,9238
00632R,元大台灣50反1,330,17,313,凱基-士林,2023-09-07,9238
00919,群益台灣精選高息,317,7,310,凱基-士林,2023-09-07,9238
4906,正文,245,7,238,凱基-士林,2023-09-07,9238
00719B,元大美債1-3,126,0,126,凱基-士林,2023-09-07,9238
3088,艾訊,122,0,122,凱基-士林,2023-09-07,9238
3033,威健,65,0,65,凱基-士林,2023-09-07,9238
00929,復華台灣科技優息,169,119,50,凱基-士林,2023-09-07,9238
3548,兆利,40,0,40,凱基-士林,2023-09-07,9238
1605,華新,33,0,33,凱基-士林,2023-09-07,9238
1802,台玻,40,7,33,凱基-士林,2023-09-07,9238
00715L,期街口布蘭特正2,100,70,30,凱基-士林,2023-09-07,9238
2897,王道銀行,30,0,30,凱基-士林,2023-09-07,9238
3481,群創,32,3,29,凱基-士林,2023-09-07,9238
2312,金寶,28,0,28,凱基-士林,2023-09-07,9238
2356,英業達,31,6,25,凱基-士林,2023-09-07,9238
3576,聯合再生,25,0,25,凱基-士林,2023-09-07,9238
2887,台新金,26,2,24,凱基-士林,2023-09-07,9238
2405,輔信,24,0,24,凱基-士林,2023-09-07,9238
00902,中信電池及儲能,20,0,20,凱基-士林,2023-09-07,9238
2906,高林,20,0,20,凱基-士林,2023-09-07,9238
2330,台積電,20,0,20,凱基-士林,2023-09-07,9238
00878,國泰永續高股息,23,3,20,凱基-士林,2023-09-07,9238
3231,緯創,27,8,19,凱基-士林,2023-09-07,9238
2402,毅嘉,20,1,19,凱基-士林,2023-09-07,9238
1314,中石化,20,2,18,凱基-士林,2023-09-07,9238
5425,台半,18,0,18,凱基-士林,2023-09-07,9238
2027,大成鋼,17,0,17,凱基-士林,2023-09-07,9238
3035,智原,24,7,17,凱基-士林,2023-09-07,9238
00915,凱基優選高股息30,53,37,16,凱基-士林,2023-09-07,9238
4916,事欣科,22,7,15,凱基-士林,2023-09-07,9238
2392,正崴,20,6,14,凱基-士林,2023-09-07,9238
2409,友達,17,3,14,凱基-士林,2023-09-07,9238
2618,長榮航,33,20,13,凱基-士林,2023-09-07,9238
00923,群益台ESG低碳50,13,0,13,凱基-士林,2023-09-07,9238
5381,合正,12,0,12,凱基-士林,2023-09-07,9238
4503,金雨,11,0,11,凱基-士林,2023-09-07,9238
1560,中砂,11,1,10,凱基-士林,2023-09-07,9238
2905,三商,10,0,10,凱基-士林,2023-09-07,9238
8112,至上,21,12,9,凱基-士林,2023-09-07,9238
1101,台泥,9,0,9,凱基-士林,2023-09-07,9238
1522,堤維西,11,2,9,凱基-士林,2023-09-07,9238
1707,葡萄王,10,1,9,凱基-士林,2023-09-07,9238
5443,均豪,10,1,9,凱基-士林,2023-09-07,9238
6235,華孚,12,3,9,凱基-士林,2023-09-07,9238
8358,金居,12,3,9,凱基-士林,2023-09-07,9238
4533,協易機,13,4,9,凱基-士林,2023-09-07,9238
00679B,元大美債20年,8,0,8,凱基-士林,2023-09-07,9238
2236,百達-KY,8,0,8,凱基-士林,2023-09-07,9238
2358,廷鑫,9,1,8,凱基-士林,2023-09-07,9238
2401,凌陽,8,0,8,凱基-士林,2023-09-07,9238
00919,群益台灣精選高息,281,1,280,凱基-士林,2023-09-08,9238
00929,復華台灣科技優息,159,26,133,凱基-士林,2023-09-08,9238
00719B,元大美債1-3,126,0,126,凱基-士林,2023-09-08,9238
2365,昆盈,100,0,100,凱基-士林,2023-09-08,9238
3062,建漢,91,0,91,凱基-士林,2023-09-08,9238
3033,威健,88,4,84,凱基-士林,2023-09-08,9238
00878,國泰永續高股息,53,0,53,凱基-士林,2023-09-08,9238
6235,華孚,48,6,42,凱基-士林,2023-09-08,9238
1605,華新,30,2,28,凱基-士林,2023-09-08,9238
5457,宣德,31,3,28,凱基-士林,2023-09-08,9238
1101,台泥,26,1,25,凱基-士林,2023-09-08,9238
1802,台玻,24,1,23,凱基-士林,2023-09-08,9238
2382,廣達,36,14,22,凱基-士林,2023-09-08,9238
4533,協易機,21,0,21,凱基-士林,2023-09-08,9238
00918,大華優利高填息30,19,0,19,凱基-士林,2023-09-08,9238
2402,毅嘉,54,35,19,凱基-士林,2023-09-08,9238
00679B,元大美債20年,18,0,18,凱基-士林,2023-09-08,9238
4123,晟德,18,1,17,凱基-士林,2023-09-08,9238
3706,神達,24,9,15,凱基-士林,2023-09-08,9238
2867,三商壽,15,0,15,凱基-士林,2023-09-08,9238
00915,凱基優選高股息30,15,1,14,凱基-士林,2023-09-08,9238
2313,華通,18,4,14,凱基-士林,2023-09-08,9238
3338,泰碩,16,2,14,凱基-士林,2023-09-08,9238
3704,合勤控,18,5,13,凱基-士林,2023-09-08,9238
2330,台積電,15,2,13,凱基-士林,2023-09-08,9238
2882,國泰金,31,19,12,凱基-士林,2023-09-08,9238
3567,逸昌,24,12,12,凱基-士林,2023-09-08,9238
3715,定穎投控,32,21,11,凱基-士林,2023-09-08,9238
00902,中信電池及儲能,11,0,11,凱基-士林,2023-09-08,9238
1514,亞力,14,3,11,凱基-士林,2023-09-08,9238
3481,群創,26,15,11,凱基-士林,2023-09-08,9238
00881,國泰台灣5G+,10,0,10,凱基-士林,2023-09-08,9238
2204,中華,12,2,10,凱基-士林,2023-09-08,9238
2883B,凱基金乙特,10,0,10,凱基-士林,2023-09-08,9238
4906,正文,15,5,10,凱基-士林,2023-09-08,9238
6243,迅杰,10,0,10,凱基-士林,2023-09-08,9238
3231,緯創,12,3,9,凱基-士林,2023-09-08,9238
1307,三芳,30,21,9,凱基-士林,2023-09-08,9238
2324,仁寶,11,2,9,凱基-士林,2023-09-08,9238
3693,營邦,9,1,8,凱基-士林,2023-09-08,9238
2887,台新金,8,0,8,凱基-士林,2023-09-08,9238
6417,韋僑,12,4,8,凱基-士林,2023-09-08,9238
2376,技嘉,17,10,7,凱基-士林,2023-09-08,9238
1445,大宇,7,0,7,凱基-士林,2023-09-08,9238
2884,玉山金,7,0,7,凱基-士林,2023-09-08,9238
3014,聯陽,10,3,7,凱基-士林,2023-09-08,9238
3564,其陽,7,0,7,凱基-士林,2023-09-08,9238
6191,精成科,13,6,7,凱基-士林,2023-09-08,9238
8086,宏捷科,9,2,7,凱基-士林,2023-09-08,9238
6278,台表科,7,0,7,凱基-士林,2023-09-08,9238
3481,群創,616,7,609,凱基-士林,2023-09-11,9238
2618,長榮航,316,54,262,凱基-士林,2023-09-11,9238
00919,群益台灣精選高息,310,66,244,凱基-士林,2023-09-11,9238
00929,復華台灣科技優息,147,22,125,凱基-士林,2023-09-11,9238
4906,正文,85,1,84,凱基-士林,2023-09-11,9238
2363,矽統,190,114,76,凱基-士林,2023-09-11,9238
3308,聯德,70,0,70,凱基-士林,2023-09-11,9238
00878,國泰永續高股息,157,90,67,凱基-士林,2023-09-11,9238
2312,金寶,70,7,63,凱基-士林,2023-09-11,9238
2376,技嘉,66,13,53,凱基-士林,2023-09-11,9238
2485,兆赫,71,20,51,凱基-士林,2023-09-11,9238
2316,楠梓電,50,0,50,凱基-士林,2023-09-11,9238
00915,凱基優選高股息30,48,2,46,凱基-士林,2023-09-11,9238
2630,亞航,53,8,45,凱基-士林,2023-09-11,9238
3479,安勤,43,0,43,凱基-士林,2023-09-11,9238
2888,新光金,42,0,42,凱基-士林,2023-09-11,9238
0056,元大高股息,50,13,37,凱基-士林,2023-09-11,9238
00637L,元大滬深300正2,36,0,36,凱基-士林,2023-09-11,9238
1762,中化生,36,0,36,凱基-士林,2023-09-11,9238
2204,中華,47,15,32,凱基-士林,2023-09-11,9238
2344,華邦電,30,0,30,凱基-士林,2023-09-11,9238
4960,誠美材,30,1,29,凱基-士林,2023-09-11,9238
2020,美亞,27,0,27,凱基-士林,2023-09-11,9238
2228,劍麟,25,0,25,凱基-士林,2023-09-11,9238
9928,中視,25,0,25,凱基-士林,2023-09-11,9238
00918,大華優利高填息30,25,1,24,凱基-士林,2023-09-11,9238
2382,廣達,42,19,23,凱基-士林,2023-09-11,9238
2913,農林,22,0,22,凱基-士林,2023-09-11,9238
2511,太子,20,0,20,凱基-士林,2023-09-11,9238
2883B,凱基金乙特,20,0,20,凱基-士林,2023-09-11,9238
6235,華孚,24,4,20,凱基-士林,2023-09-11,9238
1471,首利,38,20,18,凱基-士林,2023-09-11,9238
1802,台玻,26,8,18,凱基-士林,2023-09-11,9238
8033,雷虎,26,11,15,凱基-士林,2023-09-11,9238
1445,大宇,13,0,13,凱基-士林,2023-09-11,9238
3224,三顧,13,0,13,凱基-士林,2023-09-11,9238
3017,奇鋐,13,0,13,凱基-士林,2023-09-11,9238
1514,亞力,12,0,12,凱基-士林,2023-09-11,9238
1526,日馳,12,0,12,凱基-士林,2023-09-11,9238
2637,慧洋-KY,12,0,12,凱基-士林,2023-09-11,9238
3591,艾笛森,12,0,12,凱基-士林,2023-09-11,9238
5347,世界,11,0,11,凱基-士林,2023-09-11,9238
8050,廣積,16,5,11,凱基-士林,2023-09-11,9238
2603,長榮,12,1,11,凱基-士林,2023-09-11,9238
3706,神達,12,2,10,凱基-士林,2023-09-11,9238
6274,台燿,19,9,10,凱基-士林,2023-09-11,9238
00722B,群益投資級電信債,10,0,10,凱基-士林,2023-09-11,9238
00753L,中信中國50正2,10,0,10,凱基-士林,2023-09-11,9238
00751B,元大AAA至A公司債,10,0,10,凱基-士林,2023-09-11,9238
3088,艾訊,10,0,10,凱基-士林,2023-09-11,9238
3481,群創,435,3,432,凱基-士林,2023-09-12,9238
00919,群益台灣精選高息,357,5,352,凱基-士林,2023-09-12,9238
2538,基泰,108,12,96,凱基-士林,2023-09-12,9238
00929,復華台灣科技優息,110,15,95,凱基-士林,2023-09-12,9238
2485,兆赫,96,45,51,凱基-士林,2023-09-12,9238
3088,艾訊,38,0,38,凱基-士林,2023-09-12,9238
6235,華孚,38,2,36,凱基-士林,2023-09-12,9238
2382,廣達,38,8,30,凱基-士林,2023-09-12,9238
6282,康舒,65,39,26,凱基-士林,2023-09-12,9238
2354,鴻準,25,0,25,凱基-士林,2023-09-12,9238
00930,永豐ESG低碳高息,23,0,23,凱基-士林,2023-09-12,9238
2376,技嘉,36,14,22,凱基-士林,2023-09-12,9238
1305,華夏,20,0,20,凱基-士林,2023-09-12,9238
00915,凱基優選高股息30,19,0,19,凱基-士林,2023-09-12,9238
2356,英業達,30,13,17,凱基-士林,2023-09-12,9238
2367,燿華,20,3,17,凱基-士林,2023-09-12,9238
2401,凌陽,17,0,17,凱基-士林,2023-09-12,9238
3715,定穎投控,18,2,16,凱基-士林,2023-09-12,9238
00679B,元大美債20年,15,0,15,凱基-士林,2023-09-12,9238
3094,聯傑,15,0,15,凱基-士林,2023-09-12,9238
2020,美亞,15,1,14,凱基-士林,2023-09-12,9238
3231,緯創,24,11,13,凱基-士林,2023-09-12,9238
1445,大宇,13,0,13,凱基-士林,2023-09-12,9238
2618,長榮航,35,23,12,凱基-士林,2023-09-12,9238
9930,中聯資源,12,0,12,凱基-士林,2023-09-12,9238
1301,台塑,11,0,11,凱基-士林,2023-09-12,9238
1515,力山,12,1,11,凱基-士林,2023-09-12,9238
3625,西勝,11,0,11,凱基-士林,2023-09-12,9238
2363,矽統,44,33,11,凱基-士林,2023-09-12,9238
1308,亞聚,10,0,10,凱基-士林,2023-09-12,9238
00932,兆豐永續高息等權,10,0,10,凱基-士林,2023-09-12,9238
00768B,復華20年美債,10,0,10,凱基-士林,2023-09-12,9238
3605,宏致,10,0,10,凱基-士林,2023-09-12,9238
4564,元翎,10,0,10,凱基-士林,2023-09-12,9238
8011,台通,10,0,10,凱基-士林,2023-09-12,9238
6139,亞翔,9,0,9,凱基-士林,2023-09-12,9238
1618,合機,11,2,9,凱基-士林,2023-09-12,9238
2634,漢翔,10,1,9,凱基-士林,2023-09-12,9238
2427,三商電,13,5,8,凱基-士林,2023-09-12,9238
1524,耿鼎,11,3,8,凱基-士林,2023-09-12,9238
3516,亞帝歐,8,0,8,凱基-士林,2023-09-12,9238
5457,宣德,8,0,8,凱基-士林,2023-09-12,9238
6414,樺漢,7,0,7,凱基-士林,2023-09-12,9238
8349,�矬�,7,0,7,凱基-士林,2023-09-12,9238
00720B,元大投資級公司債,6,0,6,凱基-士林,2023-09-12,9238
00918,大華優利高填息30,8,2,6,凱基-士林,2023-09-12,9238
2882,國泰金,20,14,6,凱基-士林,2023-09-12,9238
6547,高端疫苗,6,0,6,凱基-士林,2023-09-12,9238
2498,宏達電,5,0,5,凱基-士林,2023-09-12,9238
2404,漢唐,5,0,5,凱基-士林,2023-09-12,9238
3481,群創,626,1,625,凱基-士林,2023-09-13,9238
00919,群益台灣精選高息,615,47,568,凱基-士林,2023-09-13,9238
2485,兆赫,147,7,140,凱基-士林,2023-09-13,9238
00915,凱基優選高股息30,61,5,56,凱基-士林,2023-09-13,9238
00929,復華台灣科技優息,57,8,49,凱基-士林,2023-09-13,9238
1560,中砂,43,1,42,凱基-士林,2023-09-13,9238
1524,耿鼎,149,116,33,凱基-士林,2023-09-13,9238
6153,嘉聯益,30,0,30,凱基-士林,2023-09-13,9238
2402,毅嘉,85,59,26,凱基-士林,2023-09-13,9238
00673R,期元大S＆P原油反1,40,15,25,凱基-士林,2023-09-13,9238
2303,聯電,28,4,24,凱基-士林,2023-09-13,9238
00878,國泰永續高股息,38,16,22,凱基-士林,2023-09-13,9238
1307,三芳,21,0,21,凱基-士林,2023-09-13,9238
1445,大宇,21,0,21,凱基-士林,2023-09-13,9238
00753L,中信中國50正2,20,0,20,凱基-士林,2023-09-13,9238
00671R,富邦NASDAQ反1,20,0,20,凱基-士林,2023-09-13,9238
1536,和大,20,0,20,凱基-士林,2023-09-13,9238
1810,和成,20,0,20,凱基-士林,2023-09-13,9238
3231,緯創,29,9,20,凱基-士林,2023-09-13,9238
00918,大華優利高填息30,19,0,19,凱基-士林,2023-09-13,9238
1614,三洋電,19,0,19,凱基-士林,2023-09-13,9238
3576,聯合再生,20,1,19,凱基-士林,2023-09-13,9238
3694,海華,24,5,19,凱基-士林,2023-09-13,9238
1568,倉佑,26,12,14,凱基-士林,2023-09-13,9238
2002,中鋼,13,0,13,凱基-士林,2023-09-13,9238
2618,長榮航,19,6,13,凱基-士林,2023-09-13,9238
2630,亞航,33,20,13,凱基-士林,2023-09-13,9238
2376,技嘉,20,8,12,凱基-士林,2023-09-13,9238
2313,華通,25,13,12,凱基-士林,2023-09-13,9238
5425,台半,29,18,11,凱基-士林,2023-09-13,9238
8050,廣積,12,1,11,凱基-士林,2023-09-13,9238
2059,川湖,10,0,10,凱基-士林,2023-09-13,9238
1515,力山,13,3,10,凱基-士林,2023-09-13,9238
2461,光群雷,20,10,10,凱基-士林,2023-09-13,9238
4934,太極,10,0,10,凱基-士林,2023-09-13,9238
6185,幃翔,10,0,10,凱基-士林,2023-09-13,9238
2401,凌陽,11,2,9,凱基-士林,2023-09-13,9238
2312,金寶,18,10,8,凱基-士林,2023-09-13,9238
2355,敬鵬,24,16,8,凱基-士林,2023-09-13,9238
3588,通嘉,8,0,8,凱基-士林,2023-09-13,9238
6235,華孚,10,2,8,凱基-士林,2023-09-13,9238
6285,啟��,11,3,8,凱基-士林,2023-09-13,9238
0056,元大高股息,8,0,8,凱基-士林,2023-09-13,9238
2020,美亞,10,3,7,凱基-士林,2023-09-13,9238
2884,玉山金,7,0,7,凱基-士林,2023-09-13,9238
3605,宏致,7,0,7,凱基-士林,2023-09-13,9238
4167,松瑞藥,7,0,7,凱基-士林,2023-09-13,9238
3037,欣興,13,7,6,凱基-士林,2023-09-13,9238
3013,晟銘電,6,0,6,凱基-士林,2023-09-13,9238
3504,揚明光,7,1,6,凱基-士林,2023-09-13,9238
00929,復華台灣科技優息,191,12,179,凱基-士林,2023-09-14,9238
00919,群益台灣精選高息,153,19,134,凱基-士林,2023-09-14,9238
00632R,元大台灣50反1,115,25,90,凱基-士林,2023-09-14,9238
00664R,國泰臺灣加權反1,90,0,90,凱基-士林,2023-09-14,9238
6235,華孚,71,6,65,凱基-士林,2023-09-14,9238
00673R,期元大S＆P原油反1,50,0,50,凱基-士林,2023-09-14,9238
1614,三洋電,40,0,40,凱基-士林,2023-09-14,9238
8358,金居,46,7,39,凱基-士林,2023-09-14,9238
2618,長榮航,51,12,39,凱基-士林,2023-09-14,9238
4979,華星光,61,26,35,凱基-士林,2023-09-14,9238
1471,首利,29,0,29,凱基-士林,2023-09-14,9238
2103,台橡,28,0,28,凱基-士林,2023-09-14,9238
2605,新興,32,5,27,凱基-士林,2023-09-14,9238
2867,三商壽,27,0,27,凱基-士林,2023-09-14,9238
2371,大同,41,16,25,凱基-士林,2023-09-14,9238
6127,九豪,48,24,24,凱基-士林,2023-09-14,9238
2023,燁輝,23,1,22,凱基-士林,2023-09-14,9238
1809,中釉,21,0,21,凱基-士林,2023-09-14,9238
2352,佳世達,26,6,20,凱基-士林,2023-09-14,9238
2515,中工,20,0,20,凱基-士林,2023-09-14,9238
8155,博智,30,10,20,凱基-士林,2023-09-14,9238
2812,台中銀,20,1,19,凱基-士林,2023-09-14,9238
2303,聯電,21,3,18,凱基-士林,2023-09-14,9238
1310,台苯,20,2,18,凱基-士林,2023-09-14,9238
8349,�矬�,18,0,18,凱基-士林,2023-09-14,9238
1445,大宇,17,0,17,凱基-士林,2023-09-14,9238
6732,昇佳電子,16,0,16,凱基-士林,2023-09-14,9238
3715,定穎投控,27,12,15,凱基-士林,2023-09-14,9238
3533,嘉澤,16,1,15,凱基-士林,2023-09-14,9238
2233,宇隆,30,16,14,凱基-士林,2023-09-14,9238
5243,乙盛-KY,14,0,14,凱基-士林,2023-09-14,9238
2405,輔信,20,7,13,凱基-士林,2023-09-14,9238
2615,萬海,20,7,13,凱基-士林,2023-09-14,9238
3706,神達,23,13,10,凱基-士林,2023-09-14,9238
00715L,期街口布蘭特正2,10,0,10,凱基-士林,2023-09-14,9238
1319,東陽,11,1,10,凱基-士林,2023-09-14,9238
2461,光群雷,10,0,10,凱基-士林,2023-09-14,9238
2501,國建,10,0,10,凱基-士林,2023-09-14,9238
3035,智原,16,7,9,凱基-士林,2023-09-14,9238
1515,力山,12,3,9,凱基-士林,2023-09-14,9238
00885,富邦越南,10,2,8,凱基-士林,2023-09-14,9238
5608,四維航,10,2,8,凱基-士林,2023-09-14,9238
00902,中信電池及儲能,7,0,7,凱基-士林,2023-09-14,9238
00891,中信關鍵半導體,7,0,7,凱基-士林,2023-09-14,9238
2059,川湖,7,0,7,凱基-士林,2023-09-14,9238
2641,正德,8,1,7,凱基-士林,2023-09-14,9238
2228,劍麟,9,3,6,凱基-士林,2023-09-14,9238
2610,華航,8,2,6,凱基-士林,2023-09-14,9238
6715,嘉基,37,31,6,凱基-士林,2023-09-14,9238
2892,第一金,6,0,6,凱基-士林,2023-09-14,9238
2371,大同,430,2,428,凱基-士林,2023-09-15,9238
00751B,元大AAA至A公司債,222,0,222,凱基-士林,2023-09-15,9238
00919,群益台灣精選高息,256,38,218,凱基-士林,2023-09-15,9238
00929,復華台灣科技優息,157,53,104,凱基-士林,2023-09-15,9238
2618,長榮航,120,25,95,凱基-士林,2023-09-15,9238
2485,兆赫,75,4,71,凱基-士林,2023-09-15,9238
3033,威健,52,0,52,凱基-士林,2023-09-15,9238
00719B,元大美債1-3,50,0,50,凱基-士林,2023-09-15,9238
4906,正文,62,13,49,凱基-士林,2023-09-15,9238
00772B,中信高評級公司債,43,0,43,凱基-士林,2023-09-15,9238
1802,台玻,41,0,41,凱基-士林,2023-09-15,9238
00673R,期元大S＆P原油反1,40,0,40,凱基-士林,2023-09-15,9238
00632R,元大台灣50反1,30,0,30,凱基-士林,2023-09-15,9238
2354,鴻準,32,5,27,凱基-士林,2023-09-15,9238
8358,金居,25,0,25,凱基-士林,2023-09-15,9238
2355,敬鵬,32,9,23,凱基-士林,2023-09-15,9238
2486,一詮,30,7,23,凱基-士林,2023-09-15,9238
00878,國泰永續高股息,24,2,22,凱基-士林,2023-09-15,9238
6168,宏齊,48,29,19,凱基-士林,2023-09-15,9238
3260,威剛,88,69,19,凱基-士林,2023-09-15,9238
8222,寶一,20,2,18,凱基-士林,2023-09-15,9238
2884,玉山金,17,0,17,凱基-士林,2023-09-15,9238
00892,富邦台灣半導體,21,5,16,凱基-士林,2023-09-15,9238
2317,鴻海,15,1,14,凱基-士林,2023-09-15,9238
1402,遠東新,14,0,14,凱基-士林,2023-09-15,9238
3005,神基,15,1,14,凱基-士林,2023-09-15,9238
6158,禾昌,28,14,14,凱基-士林,2023-09-15,9238
3003,健和興,13,0,13,凱基-士林,2023-09-15,9238
2609,陽明,64,51,13,凱基-士林,2023-09-15,9238
00915,凱基優選高股息30,18,6,12,凱基-士林,2023-09-15,9238
2002,中鋼,12,0,12,凱基-士林,2023-09-15,9238
8016,矽創,12,0,12,凱基-士林,2023-09-15,9238
2630,亞航,26,15,11,凱基-士林,2023-09-15,9238
3163,波若威,34,23,11,凱基-士林,2023-09-15,9238
3481,群創,232,221,11,凱基-士林,2023-09-15,9238
3324,雙鴻,16,5,11,凱基-士林,2023-09-15,9238
2376,技嘉,14,4,10,凱基-士林,2023-09-15,9238
6732,昇佳電子,11,1,10,凱基-士林,2023-09-15,9238
2030,彰源,10,0,10,凱基-士林,2023-09-15,9238
2312,金寶,10,0,10,凱基-士林,2023-09-15,9238
2405,輔信,18,8,10,凱基-士林,2023-09-15,9238
2883,凱基金,12,2,10,凱基-士林,2023-09-15,9238
2890,永豐金,10,0,10,凱基-士林,2023-09-15,9238
3042,晶技,12,2,10,凱基-士林,2023-09-15,9238
3516,亞帝歐,10,0,10,凱基-士林,2023-09-15,9238
4564,元翎,10,0,10,凱基-士林,2023-09-15,9238
5243,乙盛-KY,10,0,10,凱基-士林,2023-09-15,9238
8081,致新,10,0,10,凱基-士林,2023-09-15,9238
1339,昭輝,20,10,10,凱基-士林,2023-09-15,9238
3014,聯陽,12,2,10,凱基-士林,2023-09-15,9238
6188,廣明,250,0,250,凱基-士林,2023-09-18,9238
00919,群益台灣精選高息,161,0,161,凱基-士林,2023-09-18,9238
2356,英業達,122,0,122,凱基-士林,2023-09-18,9238
00929,復華台灣科技優息,116,3,113,凱基-士林,2023-09-18,9238
00878,國泰永續高股息,99,0,99,凱基-士林,2023-09-18,9238
2363,矽統,122,25,97,凱基-士林,2023-09-18,9238
1524,耿鼎,50,5,45,凱基-士林,2023-09-18,9238
2027,大成鋼,53,11,42,凱基-士林,2023-09-18,9238
3576,聯合再生,40,0,40,凱基-士林,2023-09-18,9238
1605,華新,43,10,33,凱基-士林,2023-09-18,9238
2025,千興,35,3,32,凱基-士林,2023-09-18,9238
6485,點序,31,1,30,凱基-士林,2023-09-18,9238
00931B,統一美債20年,29,0,29,凱基-士林,2023-09-18,9238
2354,鴻準,29,0,29,凱基-士林,2023-09-18,9238
00670L,富邦NASDAQ正2,27,0,27,凱基-士林,2023-09-18,9238
00679B,元大美債20年,26,0,26,凱基-士林,2023-09-18,9238
00673R,期元大S＆P原油反1,20,0,20,凱基-士林,2023-09-18,9238
2538,基泰,20,0,20,凱基-士林,2023-09-18,9238
4916,事欣科,20,0,20,凱基-士林,2023-09-18,9238
5608,四維航,20,0,20,凱基-士林,2023-09-18,9238
00687B,國泰20年美債,18,0,18,凱基-士林,2023-09-18,9238
00751B,元大AAA至A公司債,18,0,18,凱基-士林,2023-09-18,9238
6186,新潤,18,0,18,凱基-士林,2023-09-18,9238
1437,勤益控,16,0,16,凱基-士林,2023-09-18,9238
3037,欣興,16,1,15,凱基-士林,2023-09-18,9238
00772B,中信高評級公司債,13,0,13,凱基-士林,2023-09-18,9238
2103,台橡,13,0,13,凱基-士林,2023-09-18,9238
3481,群創,13,0,13,凱基-士林,2023-09-18,9238
00915,凱基優選高股息30,13,0,13,凱基-士林,2023-09-18,9238
00713,元大台灣高息低波,13,0,13,凱基-士林,2023-09-18,9238
2359,所羅門,12,0,12,凱基-士林,2023-09-18,9238
3078,僑威,13,1,12,凱基-士林,2023-09-18,9238
6715,嘉基,19,7,12,凱基-士林,2023-09-18,9238
4979,華星光,25,14,11,凱基-士林,2023-09-18,9238
00881,國泰台灣5G+,11,0,11,凱基-士林,2023-09-18,9238
3260,威剛,30,19,11,凱基-士林,2023-09-18,9238
4123,晟德,11,0,11,凱基-士林,2023-09-18,9238
5483,中美晶,10,0,10,凱基-士林,2023-09-18,9238
5511,德昌,10,0,10,凱基-士林,2023-09-18,9238
2330,台積電,10,0,10,凱基-士林,2023-09-18,9238
2376,技嘉,16,7,9,凱基-士林,2023-09-18,9238
2233,宇隆,12,3,9,凱基-士林,2023-09-18,9238
3324,雙鴻,9,0,9,凱基-士林,2023-09-18,9238
3701,大眾控,8,0,8,凱基-士林,2023-09-18,9238
2317,鴻海,10,2,8,凱基-士林,2023-09-18,9238
00795B,中信美國公債20年,8,0,8,凱基-士林,2023-09-18,9238
1707,葡萄王,8,0,8,凱基-士林,2023-09-18,9238
3038,全台,8,0,8,凱基-士林,2023-09-18,9238
3362,先進光,7,0,7,凱基-士林,2023-09-18,9238
00885,富邦越南,7,0,7,凱基-士林,2023-09-18,9238
00929,復華台灣科技優息,172,5,167,凱基-士林,2023-09-19,9238
00632R,元大台灣50反1,100,0,100,凱基-士林,2023-09-19,9238
3481,群創,64,0,64,凱基-士林,2023-09-19,9238
00878,國泰永續高股息,60,5,55,凱基-士林,2023-09-19,9238
3011,今皓,50,0,50,凱基-士林,2023-09-19,9238
3406,玉晶光,53,5,48,凱基-士林,2023-09-19,9238
1445,大宇,47,0,47,凱基-士林,2023-09-19,9238
4714,永捷,40,0,40,凱基-士林,2023-09-19,9238
2425,承啟,37,2,35,凱基-士林,2023-09-19,9238
2449,京元電子,40,6,34,凱基-士林,2023-09-19,9238
3049,精金,25,0,25,凱基-士林,2023-09-19,9238
00931B,統一美債20年,22,0,22,凱基-士林,2023-09-19,9238
6185,幃翔,20,0,20,凱基-士林,2023-09-19,9238
1522,堤維西,56,37,19,凱基-士林,2023-09-19,9238
2313,華通,65,48,17,凱基-士林,2023-09-19,9238
9958,世紀鋼,17,0,17,凱基-士林,2023-09-19,9238
2027,大成鋼,26,10,16,凱基-士林,2023-09-19,9238
3035,智原,23,7,16,凱基-士林,2023-09-19,9238
1605,華新,26,10,16,凱基-士林,2023-09-19,9238
5215,科嘉-KY,30,14,16,凱基-士林,2023-09-19,9238
0056,元大高股息,14,0,14,凱基-士林,2023-09-19,9238
6275,元山,14,0,14,凱基-士林,2023-09-19,9238
2328,廣宇,13,0,13,凱基-士林,2023-09-19,9238
00900,富邦特選高股息30,13,0,13,凱基-士林,2023-09-19,9238
1524,耿鼎,43,32,11,凱基-士林,2023-09-19,9238
2049,上銀,11,0,11,凱基-士林,2023-09-19,9238
4503,金雨,12,1,11,凱基-士林,2023-09-19,9238
6150,撼訊,11,0,11,凱基-士林,2023-09-19,9238
8034,榮群,12,1,11,凱基-士林,2023-09-19,9238
5347,世界,11,0,11,凱基-士林,2023-09-19,9238
00670L,富邦NASDAQ正2,10,0,10,凱基-士林,2023-09-19,9238
3356,奇偶,10,0,10,凱基-士林,2023-09-19,9238
4540,全球傳動,10,0,10,凱基-士林,2023-09-19,9238
8215,明基材,10,0,10,凱基-士林,2023-09-19,9238
4739,康普,9,0,9,凱基-士林,2023-09-19,9238
2303,聯電,8,0,8,凱基-士林,2023-09-19,9238
00921,兆豐龍頭等權重,8,0,8,凱基-士林,2023-09-19,9238
00919,群益台灣精選高息,98,90,8,凱基-士林,2023-09-19,9238
2436,偉詮電,17,9,8,凱基-士林,2023-09-19,9238
2603,長榮,10,2,8,凱基-士林,2023-09-19,9238
2867,三商壽,8,0,8,凱基-士林,2023-09-19,9238
6271,同欣電,10,2,8,凱基-士林,2023-09-19,9238
9921,巨大,7,0,7,凱基-士林,2023-09-19,9238
2390,云辰,7,0,7,凱基-士林,2023-09-19,9238
6186,新潤,7,0,7,凱基-士林,2023-09-19,9238
6451,訊芯-KY,8,1,7,凱基-士林,2023-09-19,9238
2330,台積電,7,0,7,凱基-士林,2023-09-19,9238
2515,中工,7,0,7,凱基-士林,2023-09-19,9238
4979,華星光,12,6,6,凱基-士林,2023-09-19,9238
2376,技嘉,11,5,6,凱基-士林,2023-09-19,9238
00919,群益台灣精選高息,191,16,175,凱基-士林,2023-09-20,9238
00929,復華台灣科技優息,228,68,160,凱基-士林,2023-09-20,9238
2367,燿華,173,57,116,凱基-士林,2023-09-20,9238
2354,鴻準,127,11,116,凱基-士林,2023-09-20,9238
2641,正德,71,4,67,凱基-士林,2023-09-20,9238
00878,國泰永續高股息,68,2,66,凱基-士林,2023-09-20,9238
3406,玉晶光,63,1,62,凱基-士林,2023-09-20,9238
2618,長榮航,77,15,62,凱基-士林,2023-09-20,9238
2536,宏普,49,0,49,凱基-士林,2023-09-20,9238
1524,耿鼎,47,0,47,凱基-士林,2023-09-20,9238
1445,大宇,53,20,33,凱基-士林,2023-09-20,9238
3081,聯亞,30,1,29,凱基-士林,2023-09-20,9238
3481,群創,85,57,28,凱基-士林,2023-09-20,9238
3122,笙泉,37,11,26,凱基-士林,2023-09-20,9238
3450,聯鈞,26,1,25,凱基-士林,2023-09-20,9238
6191,精成科,41,16,25,凱基-士林,2023-09-20,9238
2888,新光金,25,2,23,凱基-士林,2023-09-20,9238
2344,華邦電,24,2,22,凱基-士林,2023-09-20,9238
2603,長榮,35,14,21,凱基-士林,2023-09-20,9238
2017,官田鋼,21,0,21,凱基-士林,2023-09-20,9238
1605,華新,153,133,20,凱基-士林,2023-09-20,9238
2913,農林,20,0,20,凱基-士林,2023-09-20,9238
1108,幸福,20,0,20,凱基-士林,2023-09-20,9238
00715L,期街口布蘭特正2,20,0,20,凱基-士林,2023-09-20,9238
1810,和成,20,0,20,凱基-士林,2023-09-20,9238
2401,凌陽,22,5,17,凱基-士林,2023-09-20,9238
2882,國泰金,16,0,16,凱基-士林,2023-09-20,9238
6133,金橋,16,0,16,凱基-士林,2023-09-20,9238
2201,裕隆,21,6,15,凱基-士林,2023-09-20,9238
3094,聯傑,15,0,15,凱基-士林,2023-09-20,9238
8048,德勝,14,0,14,凱基-士林,2023-09-20,9238
2337,旺宏,16,3,13,凱基-士林,2023-09-20,9238
2356,英業達,23,10,13,凱基-士林,2023-09-20,9238
3276,宇環,14,1,13,凱基-士林,2023-09-20,9238
2330,台積電,14,1,13,凱基-士林,2023-09-20,9238
00900,富邦特選高股息30,22,10,12,凱基-士林,2023-09-20,9238
2883,凱基金,10,0,10,凱基-士林,2023-09-20,9238
00753L,中信中國50正2,10,0,10,凱基-士林,2023-09-20,9238
2027,大成鋼,10,0,10,凱基-士林,2023-09-20,9238
2355,敬鵬,12,2,10,凱基-士林,2023-09-20,9238
2851,中再保,10,0,10,凱基-士林,2023-09-20,9238
3419,譁裕,10,0,10,凱基-士林,2023-09-20,9238
6185,幃翔,10,0,10,凱基-士林,2023-09-20,9238
9105,泰金寶-DR,10,0,10,凱基-士林,2023-09-20,9238
3042,晶技,10,0,10,凱基-士林,2023-09-20,9238
8155,博智,9,0,9,凱基-士林,2023-09-20,9238
6799,來頡,9,0,9,凱基-士林,2023-09-20,9238
8088,品安,16,7,9,凱基-士林,2023-09-20,9238
00679B,元大美債20年,8,0,8,凱基-士林,2023-09-20,9238
6231,系微,8,0,8,凱基-士林,2023-09-20,9238
3706,神達,329,103,226,凱基-士林,2023-09-21,9238
00929,復華台灣科技優息,215,52,163,凱基-士林,2023-09-21,9238
2485,兆赫,154,11,143,凱基-士林,2023-09-21,9238
2882,國泰金,52,0,52,凱基-士林,2023-09-21,9238
2891,中信金,52,1,51,凱基-士林,2023-09-21,9238
00753L,中信中國50正2,43,0,43,凱基-士林,2023-09-21,9238
2354,鴻準,44,1,43,凱基-士林,2023-09-21,9238
1524,耿鼎,43,1,42,凱基-士林,2023-09-21,9238
2883,凱基金,41,0,41,凱基-士林,2023-09-21,9238
1101,台泥,36,0,36,凱基-士林,2023-09-21,9238
2337,旺宏,39,5,34,凱基-士林,2023-09-21,9238
1445,大宇,33,0,33,凱基-士林,2023-09-21,9238
2888,新光金,32,2,30,凱基-士林,2023-09-21,9238
3231,緯創,56,27,29,凱基-士林,2023-09-21,9238
0050,元大台灣50,29,0,29,凱基-士林,2023-09-21,9238
0056,元大高股息,28,0,28,凱基-士林,2023-09-21,9238
3481,群創,29,2,27,凱基-士林,2023-09-21,9238
2606,裕民,27,2,25,凱基-士林,2023-09-21,9238
3260,威剛,26,2,24,凱基-士林,2023-09-21,9238
2641,正德,24,1,23,凱基-士林,2023-09-21,9238
2880,華南金,22,0,22,凱基-士林,2023-09-21,9238
2884,玉山金,20,0,20,凱基-士林,2023-09-21,9238
2312,金寶,22,2,20,凱基-士林,2023-09-21,9238
3062,建漢,20,0,20,凱基-士林,2023-09-21,9238
6122,擎邦,20,0,20,凱基-士林,2023-09-21,9238
4979,華星光,40,21,19,凱基-士林,2023-09-21,9238
1810,和成,20,2,18,凱基-士林,2023-09-21,9238
2317,鴻海,20,2,18,凱基-士林,2023-09-21,9238
00923,群益台ESG低碳50,17,0,17,凱基-士林,2023-09-21,9238
2615,萬海,21,4,17,凱基-士林,2023-09-21,9238
2913,農林,20,3,17,凱基-士林,2023-09-21,9238
3058,立德,16,0,16,凱基-士林,2023-09-21,9238
2313,華通,32,17,15,凱基-士林,2023-09-21,9238
2002,中鋼,15,0,15,凱基-士林,2023-09-21,9238
2330,台積電,17,3,14,凱基-士林,2023-09-21,9238
3406,玉晶光,14,0,14,凱基-士林,2023-09-21,9238
4908,前鼎,15,1,14,凱基-士林,2023-09-21,9238
00900,富邦特選高股息30,13,0,13,凱基-士林,2023-09-21,9238
2303,聯電,23,10,13,凱基-士林,2023-09-21,9238
2204,中華,13,0,13,凱基-士林,2023-09-21,9238
9919,康那香,14,1,13,凱基-士林,2023-09-21,9238
3122,笙泉,20,8,12,凱基-士林,2023-09-21,9238
3325,旭品,12,0,12,凱基-士林,2023-09-21,9238
2881,富邦金,11,0,11,凱基-士林,2023-09-21,9238
2014,中鴻,16,5,11,凱基-士林,2023-09-21,9238
00751B,元大AAA至A公司債,11,0,11,凱基-士林,2023-09-21,9238
00795B,中信美國公債20年,11,0,11,凱基-士林,2023-09-21,9238
2027,大成鋼,12,1,11,凱基-士林,2023-09-21,9238
2834,臺企銀,10,0,10,凱基-士林,2023-09-21,9238
1108,幸福,10,0,10,凱基-士林,2023-09-21,9238
00680L,元大美債20正2,100,0,100,凱基-士林,2023-09-22,9238
00931B,統一美債20年,84,0,84,凱基-士林,2023-09-22,9238
00673R,期元大S＆P原油反1,52,0,52,凱基-士林,2023-09-22,9238
2606,裕民,51,4,47,凱基-士林,2023-09-22,9238
2637,慧洋-KY,43,2,41,凱基-士林,2023-09-22,9238
2462,良得電,40,0,40,凱基-士林,2023-09-22,9238
00751B,元大AAA至A公司債,36,0,36,凱基-士林,2023-09-22,9238
2882,國泰金,31,0,31,凱基-士林,2023-09-22,9238
00919,群益台灣精選高息,36,7,29,凱基-士林,2023-09-22,9238
2891,中信金,22,1,21,凱基-士林,2023-09-22,9238
1614,三洋電,20,0,20,凱基-士林,2023-09-22,9238
3163,波若威,29,11,18,凱基-士林,2023-09-22,9238
2883,凱基金,17,0,17,凱基-士林,2023-09-22,9238
1802,台玻,16,0,16,凱基-士林,2023-09-22,9238
2888,新光金,17,1,16,凱基-士林,2023-09-22,9238
00687B,國泰20年美債,15,0,15,凱基-士林,2023-09-22,9238
2367,燿華,69,54,15,凱基-士林,2023-09-22,9238
00795B,中信美國公債20年,13,0,13,凱基-士林,2023-09-22,9238
2392,正崴,12,0,12,凱基-士林,2023-09-22,9238
3058,立德,12,0,12,凱基-士林,2023-09-22,9238
1102,亞泥,12,1,11,凱基-士林,2023-09-22,9238
00885,富邦越南,11,0,11,凱基-士林,2023-09-22,9238
00898,國泰基因免疫革命,10,0,10,凱基-士林,2023-09-22,9238
00768B,復華20年美債,10,0,10,凱基-士林,2023-09-22,9238
00632R,元大台灣50反1,20,10,10,凱基-士林,2023-09-22,9238
00744B,國泰中國政金債5+,10,0,10,凱基-士林,2023-09-22,9238
00753L,中信中國50正2,10,0,10,凱基-士林,2023-09-22,9238
1618,合機,10,0,10,凱基-士林,2023-09-22,9238
2485,兆赫,11,1,10,凱基-士林,2023-09-22,9238
4142,國光生,10,0,10,凱基-士林,2023-09-22,9238
6214,精誠,10,0,10,凱基-士林,2023-09-22,9238
3548,兆利,10,1,9,凱基-士林,2023-09-22,9238
6168,宏齊,19,10,9,凱基-士林,2023-09-22,9238
9919,康那香,10,1,9,凱基-士林,2023-09-22,9238
00715L,期街口布蘭特正2,8,0,8,凱基-士林,2023-09-22,9238
2834,臺企銀,8,0,8,凱基-士林,2023-09-22,9238
5009,榮剛,12,4,8,凱基-士林,2023-09-22,9238
3363,上詮,11,3,8,凱基-士林,2023-09-22,9238
2880,華南金,8,0,8,凱基-士林,2023-09-22,9238
00679B,元大美債20年,29,22,7,凱基-士林,2023-09-22,9238
00772B,中信高評級公司債,7,0,7,凱基-士林,2023-09-22,9238
00902,中信電池及儲能,7,0,7,凱基-士林,2023-09-22,9238
2425,承啟,7,0,7,凱基-士林,2023-09-22,9238
00720B,元大投資級公司債,6,0,6,凱基-士林,2023-09-22,9238
6282,康舒,9,3,6,凱基-士林,2023-09-22,9238
0050,元大台灣50,6,0,6,凱基-士林,2023-09-22,9238
3035,智原,26,20,6,凱基-士林,2023-09-22,9238
2330,台積電,8,3,5,凱基-士林,2023-09-22,9238
2417,圓剛,5,0,5,凱基-士林,2023-09-22,9238
6609,瀧澤科,5,0,5,凱基-士林,2023-09-22,9238
4906,正文,329,15,314,凱基-士林,2023-09-25,9238
2367,燿華,165,14,151,凱基-士林,2023-09-25,9238
00632R,元大台灣50反1,90,0,90,凱基-士林,2023-09-25,9238
6282,康舒,69,1,68,凱基-士林,2023-09-25,9238
2618,長榮航,85,24,61,凱基-士林,2023-09-25,9238
2374,佳能,60,0,60,凱基-士林,2023-09-25,9238
2641,正德,72,12,60,凱基-士林,2023-09-25,9238
2606,裕民,51,0,51,凱基-士林,2023-09-25,9238
2461,光群雷,40,0,40,凱基-士林,2023-09-25,9238
6271,同欣電,71,32,39,凱基-士林,2023-09-25,9238
00929,復華台灣科技優息,41,7,34,凱基-士林,2023-09-25,9238
1605,華新,30,0,30,凱基-士林,2023-09-25,9238
2025,千興,30,0,30,凱基-士林,2023-09-25,9238
00679B,元大美債20年,28,0,28,凱基-士林,2023-09-25,9238
1101,台泥,28,2,26,凱基-士林,2023-09-25,9238
1305,華夏,20,0,20,凱基-士林,2023-09-25,9238
2401,凌陽,21,1,20,凱基-士林,2023-09-25,9238
6150,撼訊,20,0,20,凱基-士林,2023-09-25,9238
6531,愛普*,18,2,16,凱基-士林,2023-09-25,9238
3035,智原,32,17,15,凱基-士林,2023-09-25,9238
6485,點序,14,0,14,凱基-士林,2023-09-25,9238
2344,華邦電,14,3,11,凱基-士林,2023-09-25,9238
2317,鴻海,14,3,11,凱基-士林,2023-09-25,9238
2017,官田鋼,11,0,11,凱基-士林,2023-09-25,9238
2233,宇隆,11,0,11,凱基-士林,2023-09-25,9238
00744B,國泰中國政金債5+,10,0,10,凱基-士林,2023-09-25,9238
1708,東鹼,10,0,10,凱基-士林,2023-09-25,9238
6186,新潤,10,0,10,凱基-士林,2023-09-25,9238
6288,聯嘉,10,0,10,凱基-士林,2023-09-25,9238
6530,創威,12,2,10,凱基-士林,2023-09-25,9238
2887,台新金,10,1,9,凱基-士林,2023-09-25,9238
3217,優群,10,1,9,凱基-士林,2023-09-25,9238
2308,台達電,12,4,8,凱基-士林,2023-09-25,9238
2630,亞航,8,0,8,凱基-士林,2023-09-25,9238
00772B,中信高評級公司債,10,3,7,凱基-士林,2023-09-25,9238
1471,首利,7,0,7,凱基-士林,2023-09-25,9238
00751B,元大AAA至A公司債,7,0,7,凱基-士林,2023-09-25,9238
00885,富邦越南,7,0,7,凱基-士林,2023-09-25,9238
6442,光聖,12,5,7,凱基-士林,2023-09-25,9238
6715,嘉基,14,7,7,凱基-士林,2023-09-25,9238
3533,嘉澤,6,0,6,凱基-士林,2023-09-25,9238
00919,群益台灣精選高息,6,0,6,凱基-士林,2023-09-25,9238
4747,強生,6,0,6,凱基-士林,2023-09-25,9238
6104,創惟,6,0,6,凱基-士林,2023-09-25,9238
2363,矽統,62,56,6,凱基-士林,2023-09-25,9238
00720B,元大投資級公司債,5,0,5,凱基-士林,2023-09-25,9238
00673R,期元大S＆P原油反1,5,0,5,凱基-士林,2023-09-25,9238
1308,亞聚,5,0,5,凱基-士林,2023-09-25,9238
1526,日馳,5,0,5,凱基-士林,2023-09-25,9238
2323,中環,5,0,5,凱基-士林,2023-09-25,9238
4906,正文,132,1,131,凱基-士林,2023-09-26,9238
2367,燿華,106,4,102,凱基-士林,2023-09-26,9238
00929,復華台灣科技優息,47,0,47,凱基-士林,2023-09-26,9238
00679B,元大美債20年,45,2,43,凱基-士林,2023-09-26,9238
5351,鈺創,42,0,42,凱基-士林,2023-09-26,9238
1532,勤美,40,0,40,凱基-士林,2023-09-26,9238
2358,廷鑫,42,2,40,凱基-士林,2023-09-26,9238
00919,群益台灣精選高息,32,1,31,凱基-士林,2023-09-26,9238
00673R,期元大S＆P原油反1,30,0,30,凱基-士林,2023-09-26,9238
1721,三晃,30,0,30,凱基-士林,2023-09-26,9238
2634,漢翔,28,0,28,凱基-士林,2023-09-26,9238
00687B,國泰20年美債,27,0,27,凱基-士林,2023-09-26,9238
1515,力山,52,26,26,凱基-士林,2023-09-26,9238
6284,佳邦,25,0,25,凱基-士林,2023-09-26,9238
2882,國泰金,23,0,23,凱基-士林,2023-09-26,9238
2888,新光金,22,0,22,凱基-士林,2023-09-26,9238
6122,擎邦,27,5,22,凱基-士林,2023-09-26,9238
6288,聯嘉,22,0,22,凱基-士林,2023-09-26,9238
00878,國泰永續高股息,34,12,22,凱基-士林,2023-09-26,9238
5347,世界,21,1,20,凱基-士林,2023-09-26,9238
00720B,元大投資級公司債,20,0,20,凱基-士林,2023-09-26,9238
1305,華夏,20,0,20,凱基-士林,2023-09-26,9238
2313,華通,28,8,20,凱基-士林,2023-09-26,9238
3308,聯德,21,1,20,凱基-士林,2023-09-26,9238
2344,華邦電,46,27,19,凱基-士林,2023-09-26,9238
00885,富邦越南,19,0,19,凱基-士林,2023-09-26,9238
3481,群創,18,0,18,凱基-士林,2023-09-26,9238
3450,聯鈞,56,39,17,凱基-士林,2023-09-26,9238
2027,大成鋼,21,5,16,凱基-士林,2023-09-26,9238
4979,華星光,22,6,16,凱基-士林,2023-09-26,9238
5488,松普,16,0,16,凱基-士林,2023-09-26,9238
00751B,元大AAA至A公司債,14,0,14,凱基-士林,2023-09-26,9238
1524,耿鼎,51,37,14,凱基-士林,2023-09-26,9238
3264,欣銓,16,3,13,凱基-士林,2023-09-26,9238
2303,聯電,14,2,12,凱基-士林,2023-09-26,9238
1605,華新,11,0,11,凱基-士林,2023-09-26,9238
2515,中工,13,2,11,凱基-士林,2023-09-26,9238
5009,榮剛,11,0,11,凱基-士林,2023-09-26,9238
8050,廣積,11,0,11,凱基-士林,2023-09-26,9238
2618,長榮航,15,5,10,凱基-士林,2023-09-26,9238
3162,精確,10,0,10,凱基-士林,2023-09-26,9238
6185,幃翔,10,0,10,凱基-士林,2023-09-26,9238
6278,台表科,10,0,10,凱基-士林,2023-09-26,9238
6547,高端疫苗,10,0,10,凱基-士林,2023-09-26,9238
2330,台積電,9,0,9,凱基-士林,2023-09-26,9238
2610,華航,12,3,9,凱基-士林,2023-09-26,9238
00719B,元大美債1-3,9,0,9,凱基-士林,2023-09-26,9238
00712,復華富時不動產,9,0,9,凱基-士林,2023-09-26,9238
00902,中信電池及儲能,9,0,9,凱基-士林,2023-09-26,9238
2419,仲琦,9,0,9,凱基-士林,2023-09-26,9238
2367,燿華,106,0,106,凱基-士林,2023-09-27,9238
00719B,元大美債1-3,100,0,100,凱基-士林,2023-09-27,9238
00929,復華台灣科技優息,99,5,94,凱基-士林,2023-09-27,9238
1301,台塑,60,0,60,凱基-士林,2023-09-27,9238
00905,FT臺灣Smart,50,0,50,凱基-士林,2023-09-27,9238
3481,群創,48,10,38,凱基-士林,2023-09-27,9238
00673R,期元大S＆P原油反1,30,0,30,凱基-士林,2023-09-27,9238
2002,中鋼,31,2,29,凱基-士林,2023-09-27,9238
1445,大宇,27,0,27,凱基-士林,2023-09-27,9238
1802,台玻,26,0,26,凱基-士林,2023-09-27,9238
2618,長榮航,35,9,26,凱基-士林,2023-09-27,9238
8467,波力-KY,24,0,24,凱基-士林,2023-09-27,9238
00919,群益台灣精選高息,21,0,21,凱基-士林,2023-09-27,9238
4906,正文,21,0,21,凱基-士林,2023-09-27,9238
1611,中電,20,0,20,凱基-士林,2023-09-27,9238
2017,官田鋼,20,0,20,凱基-士林,2023-09-27,9238
00878,國泰永續高股息,19,0,19,凱基-士林,2023-09-27,9238
2337,旺宏,23,5,18,凱基-士林,2023-09-27,9238
2313,華通,28,10,18,凱基-士林,2023-09-27,9238
2606,裕民,21,3,18,凱基-士林,2023-09-27,9238
1339,昭輝,20,2,18,凱基-士林,2023-09-27,9238
2027,大成鋼,22,5,17,凱基-士林,2023-09-27,9238
00712,復華富時不動產,15,0,15,凱基-士林,2023-09-27,9238
0050,元大台灣50,16,1,15,凱基-士林,2023-09-27,9238
2014,中鴻,15,1,14,凱基-士林,2023-09-27,9238
2303,聯電,28,14,14,凱基-士林,2023-09-27,9238
3630,新鉅科,14,0,14,凱基-士林,2023-09-27,9238
6405,悅城,15,1,14,凱基-士林,2023-09-27,9238
2344,華邦電,14,2,12,凱基-士林,2023-09-27,9238
00679B,元大美債20年,11,0,11,凱基-士林,2023-09-27,9238
00720B,元大投資級公司債,11,0,11,凱基-士林,2023-09-27,9238
6191,精成科,18,7,11,凱基-士林,2023-09-27,9238
2883,凱基金,11,0,11,凱基-士林,2023-09-27,9238
1605,華新,13,2,11,凱基-士林,2023-09-27,9238
2355,敬鵬,11,0,11,凱基-士林,2023-09-27,9238
00636,國泰中國A50,10,0,10,凱基-士林,2023-09-27,9238
00752,中信中國50,10,0,10,凱基-士林,2023-09-27,9238
2612,中航,10,0,10,凱基-士林,2023-09-27,9238
6485,點序,10,0,10,凱基-士林,2023-09-27,9238
9945,潤泰新,10,0,10,凱基-士林,2023-09-27,9238
2356,英業達,10,1,9,凱基-士林,2023-09-27,9238
00931B,統一美債20年,9,0,9,凱基-士林,2023-09-27,9238
1314,中石化,9,0,9,凱基-士林,2023-09-27,9238
00882,中信中國高股息,8,0,8,凱基-士林,2023-09-27,9238
6182,合晶,8,0,8,凱基-士林,2023-09-27,9238
00932,兆豐永續高息等權,7,0,7,凱基-士林,2023-09-27,9238
1618,合機,23,16,7,凱基-士林,2023-09-27,9238
2888,新光金,7,0,7,凱基-士林,2023-09-27,9238
3138,耀登,7,0,7,凱基-士林,2023-09-27,9238
1612,宏泰,12,6,6,凱基-士林,2023-09-27,9238
00680L,元大美債20正2,120,0,120,凱基-士林,2023-09-28,9238
2367,燿華,107,4,103,凱基-士林,2023-09-28,9238
3715,定穎投控,117,20,97,凱基-士林,2023-09-28,9238
4979,華星光,81,0,81,凱基-士林,2023-09-28,9238
00673R,期元大S＆P原油反1,72,0,72,凱基-士林,2023-09-28,9238
00929,復華台灣科技優息,50,10,40,凱基-士林,2023-09-28,9238
2882,國泰金,45,6,39,凱基-士林,2023-09-28,9238
3017,奇鋐,39,11,28,凱基-士林,2023-09-28,9238
2363,矽統,70,42,28,凱基-士林,2023-09-28,9238
2408,南亞科,26,0,26,凱基-士林,2023-09-28,9238
3481,群創,26,0,26,凱基-士林,2023-09-28,9238
2344,華邦電,28,4,24,凱基-士林,2023-09-28,9238
4933,友輝,26,4,22,凱基-士林,2023-09-28,9238
2887,台新金,20,0,20,凱基-士林,2023-09-28,9238
00753L,中信中國50正2,20,0,20,凱基-士林,2023-09-28,9238
2501,國建,20,0,20,凱基-士林,2023-09-28,9238
3062,建漢,20,0,20,凱基-士林,2023-09-28,9238
5009,榮剛,20,0,20,凱基-士林,2023-09-28,9238
3694,海華,20,1,19,凱基-士林,2023-09-28,9238
2337,旺宏,22,3,19,凱基-士林,2023-09-28,9238
3669,圓展,26,8,18,凱基-士林,2023-09-28,9238
6133,金橋,16,0,16,凱基-士林,2023-09-28,9238
2201,裕隆,18,3,15,凱基-士林,2023-09-28,9238
00720B,元大投資級公司債,15,0,15,凱基-士林,2023-09-28,9238
2476,鉅祥,15,0,15,凱基-士林,2023-09-28,9238
3363,上詮,29,14,15,凱基-士林,2023-09-28,9238
8467,波力-KY,13,0,13,凱基-士林,2023-09-28,9238
3231,緯創,35,23,12,凱基-士林,2023-09-28,9238
00679B,元大美債20年,12,0,12,凱基-士林,2023-09-28,9238
00931B,統一美債20年,31,20,11,凱基-士林,2023-09-28,9238
2369,菱生,11,0,11,凱基-士林,2023-09-28,9238
8358,金居,13,2,11,凱基-士林,2023-09-28,9238
00885,富邦越南,11,0,11,凱基-士林,2023-09-28,9238
2543,皇昌,10,0,10,凱基-士林,2023-09-28,9238
6185,幃翔,10,0,10,凱基-士林,2023-09-28,9238
8050,廣積,11,1,10,凱基-士林,2023-09-28,9238
4532,瑞智,10,0,10,凱基-士林,2023-09-28,9238
1584,精剛,12,2,10,凱基-士林,2023-09-28,9238
2883,凱基金,12,3,9,凱基-士林,2023-09-28,9238
00712,復華富時不動產,8,0,8,凱基-士林,2023-09-28,9238
3576,聯合再生,10,2,8,凱基-士林,2023-09-28,9238
2353,宏��,8,1,7,凱基-士林,2023-09-28,9238
5351,鈺創,7,0,7,凱基-士林,2023-09-28,9238
5880,合庫金,7,0,7,凱基-士林,2023-09-28,9238
6405,悅城,7,0,7,凱基-士林,2023-09-28,9238
3533,嘉澤,6,0,6,凱基-士林,2023-09-28,9238
2542,興富發,6,0,6,凱基-士林,2023-09-28,9238
6290,良維,6,0,6,凱基-士林,2023-09-28,9238
00772B,中信高評級公司債,5,0,5,凱基-士林,2023-09-28,9238
2317,鴻海,9,3,6,凱基-士林,2023-09-28,9238
9938,百和,95,0,95,凱基-士林,2023-10-02,9238
2885,元大金,62,0,62,凱基-士林,2023-10-02,9238
00712,復華富時不動產,50,0,50,凱基-士林,2023-10-02,9238
00632R,元大台灣50反1,63,20,43,凱基-士林,2023-10-02,9238
6290,良維,59,17,42,凱基-士林,2023-10-02,9238
1605,華新,41,0,41,凱基-士林,2023-10-02,9238
3694,海華,41,0,41,凱基-士林,2023-10-02,9238
00878,國泰永續高股息,83,44,39,凱基-士林,2023-10-02,9238
2382,廣達,122,87,35,凱基-士林,2023-10-02,9238
2618,長榮航,34,5,29,凱基-士林,2023-10-02,9238
2606,裕民,44,16,28,凱基-士林,2023-10-02,9238
3701,大眾控,30,2,28,凱基-士林,2023-10-02,9238
00751B,元大AAA至A公司債,27,0,27,凱基-士林,2023-10-02,9238
1560,中砂,52,27,25,凱基-士林,2023-10-02,9238
1609,大亞,56,33,23,凱基-士林,2023-10-02,9238
00679B,元大美債20年,22,0,22,凱基-士林,2023-10-02,9238
3046,建��,25,3,22,凱基-士林,2023-10-02,9238
1305,華夏,21,0,21,凱基-士林,2023-10-02,9238
1108,幸福,20,0,20,凱基-士林,2023-10-02,9238
9958,世紀鋼,20,0,20,凱基-士林,2023-10-02,9238
1618,合機,18,0,18,凱基-士林,2023-10-02,9238
2380,虹光,20,2,18,凱基-士林,2023-10-02,9238
3325,旭品,18,1,17,凱基-士林,2023-10-02,9238
00764B,群益25年美債,15,0,15,凱基-士林,2023-10-02,9238
2834,臺企銀,15,0,15,凱基-士林,2023-10-02,9238
2331,精英,13,0,13,凱基-士林,2023-10-02,9238
8926,台汽電,13,0,13,凱基-士林,2023-10-02,9238
2201,裕隆,14,2,12,凱基-士林,2023-10-02,9238
2233,宇隆,12,0,12,凱基-士林,2023-10-02,9238
2457,飛宏,48,36,12,凱基-士林,2023-10-02,9238
3206,志豐,12,0,12,凱基-士林,2023-10-02,9238
00919,群益台灣精選高息,13,2,11,凱基-士林,2023-10-02,9238
2884,玉山金,11,0,11,凱基-士林,2023-10-02,9238
3576,聯合再生,11,0,11,凱基-士林,2023-10-02,9238
5225,東科-KY,12,1,11,凱基-士林,2023-10-02,9238
2204,中華,10,0,10,凱基-士林,2023-10-02,9238
2891,中信金,10,0,10,凱基-士林,2023-10-02,9238
6185,幃翔,10,0,10,凱基-士林,2023-10-02,9238
2883,凱基金,10,0,10,凱基-士林,2023-10-02,9238
2607,榮運,9,0,9,凱基-士林,2023-10-02,9238
2882,國泰金,10,1,9,凱基-士林,2023-10-02,9238
6418,詠昇,9,0,9,凱基-士林,2023-10-02,9238
00931B,統一美債20年,8,0,8,凱基-士林,2023-10-02,9238
00772B,中信高評級公司債,8,0,8,凱基-士林,2023-10-02,9238
00885,富邦越南,9,1,8,凱基-士林,2023-10-02,9238
8938,明安,8,0,8,凱基-士林,2023-10-02,9238
2603,長榮,9,1,8,凱基-士林,2023-10-02,9238
2206,三陽工業,8,1,7,凱基-士林,2023-10-02,9238
2409,友達,7,0,7,凱基-士林,2023-10-02,9238
6139,亞翔,13,6,7,凱基-士林,2023-10-02,9238
2365,昆盈,102,0,102,凱基-士林,2023-10-03,9238
3481,群創,100,4,96,凱基-士林,2023-10-03,9238
0056,元大高股息,85,0,85,凱基-士林,2023-10-03,9238
00882,中信中國高股息,57,0,57,凱基-士林,2023-10-03,9238
00878,國泰永續高股息,59,3,56,凱基-士林,2023-10-03,9238
00929,復華台灣科技優息,59,6,53,凱基-士林,2023-10-03,9238
2485,兆赫,52,0,52,凱基-士林,2023-10-03,9238
1316,上曜,50,0,50,凱基-士林,2023-10-03,9238
3694,海華,49,2,47,凱基-士林,2023-10-03,9238
2606,裕民,45,0,45,凱基-士林,2023-10-03,9238
9958,世紀鋼,45,1,44,凱基-士林,2023-10-03,9238
3234,光環,41,5,36,凱基-士林,2023-10-03,9238
2888,新光金,62,30,32,凱基-士林,2023-10-03,9238
5465,富驊,32,1,31,凱基-士林,2023-10-03,9238
6418,詠昇,30,0,30,凱基-士林,2023-10-03,9238
00922,國泰台灣領袖50,27,0,27,凱基-士林,2023-10-03,9238
1609,大亞,69,42,27,凱基-士林,2023-10-03,9238
00712,復華富時不動產,27,1,26,凱基-士林,2023-10-03,9238
00753L,中信中國50正2,25,0,25,凱基-士林,2023-10-03,9238
2882,國泰金,23,0,23,凱基-士林,2023-10-03,9238
00919,群益台灣精選高息,23,0,23,凱基-士林,2023-10-03,9238
3231,緯創,45,23,22,凱基-士林,2023-10-03,9238
2883,凱基金,21,0,21,凱基-士林,2023-10-03,9238
1305,華夏,20,0,20,凱基-士林,2023-10-03,9238
1809,中釉,20,0,20,凱基-士林,2023-10-03,9238
3576,聯合再生,20,0,20,凱基-士林,2023-10-03,9238
3707,漢磊,20,0,20,凱基-士林,2023-10-03,9238
2645,長榮航太,46,30,16,凱基-士林,2023-10-03,9238
2457,飛宏,57,42,15,凱基-士林,2023-10-03,9238
00720B,元大投資級公司債,19,5,14,凱基-士林,2023-10-03,9238
3017,奇鋐,21,8,13,凱基-士林,2023-10-03,9238
2382,廣達,30,17,13,凱基-士林,2023-10-03,9238
00679B,元大美債20年,11,0,11,凱基-士林,2023-10-03,9238
1605,華新,16,5,11,凱基-士林,2023-10-03,9238
2317,鴻海,12,1,11,凱基-士林,2023-10-03,9238
2634,漢翔,10,0,10,凱基-士林,2023-10-03,9238
2618,長榮航,26,16,10,凱基-士林,2023-10-03,9238
2368,金像電,28,18,10,凱基-士林,2023-10-03,9238
00905,FT臺灣Smart,10,0,10,凱基-士林,2023-10-03,9238
1618,合機,16,6,10,凱基-士林,2023-10-03,9238
3044,健鼎,15,5,10,凱基-士林,2023-10-03,9238
5243,乙盛-KY,10,0,10,凱基-士林,2023-10-03,9238
5493,三聯,10,0,10,凱基-士林,2023-10-03,9238
6185,幃翔,10,0,10,凱基-士林,2023-10-03,9238
2891,中信金,9,0,9,凱基-士林,2023-10-03,9238
2401,凌陽,10,1,9,凱基-士林,2023-10-03,9238
2412,中華電,10,1,9,凱基-士林,2023-10-03,9238
00931B,統一美債20年,11,2,9,凱基-士林,2023-10-03,9238
2354,鴻準,8,0,8,凱基-士林,2023-10-03,9238
00764B,群益25年美債,7,0,7,凱基-士林,2023-10-03,9238
3481,群創,72,1,71,凱基-士林,2023-10-04,9238
2886,兆豐金,48,0,48,凱基-士林,2023-10-04,9238
2606,裕民,47,1,46,凱基-士林,2023-10-04,9238
00931B,統一美債20年,44,0,44,凱基-士林,2023-10-04,9238
1605,華新,39,0,39,凱基-士林,2023-10-04,9238
2303,聯電,36,0,36,凱基-士林,2023-10-04,9238
6290,良維,37,2,35,凱基-士林,2023-10-04,9238
00670L,富邦NASDAQ正2,34,0,34,凱基-士林,2023-10-04,9238
00679B,元大美債20年,40,6,34,凱基-士林,2023-10-04,9238
00768B,復華20年美債,33,0,33,凱基-士林,2023-10-04,9238
2408,南亞科,30,1,29,凱基-士林,2023-10-04,9238
2882,國泰金,27,0,27,凱基-士林,2023-10-04,9238
5392,能率,25,1,24,凱基-士林,2023-10-04,9238
5009,榮剛,24,1,23,凱基-士林,2023-10-04,9238
00922,國泰台灣領袖50,22,0,22,凱基-士林,2023-10-04,9238
2368,金像電,35,14,21,凱基-士林,2023-10-04,9238
1216,統一,22,2,20,凱基-士林,2023-10-04,9238
2317,鴻海,20,0,20,凱基-士林,2023-10-04,9238
3591,艾笛森,20,0,20,凱基-士林,2023-10-04,9238
4726,永昕,20,0,20,凱基-士林,2023-10-04,9238
00929,復華台灣科技優息,20,0,20,凱基-士林,2023-10-04,9238
2891,中信金,23,3,20,凱基-士林,2023-10-04,9238
2884,玉山金,19,0,19,凱基-士林,2023-10-04,9238
00712,復華富時不動產,19,0,19,凱基-士林,2023-10-04,9238
2201,裕隆,20,2,18,凱基-士林,2023-10-04,9238
00919,群益台灣精選高息,18,0,18,凱基-士林,2023-10-04,9238
2887,台新金,17,0,17,凱基-士林,2023-10-04,9238
5880,合庫金,16,0,16,凱基-士林,2023-10-04,9238
2892,第一金,15,0,15,凱基-士林,2023-10-04,9238
00680L,元大美債20正2,15,0,15,凱基-士林,2023-10-04,9238
2485,兆赫,15,0,15,凱基-士林,2023-10-04,9238
2002,中鋼,19,5,14,凱基-士林,2023-10-04,9238
2883,凱基金,14,0,14,凱基-士林,2023-10-04,9238
3005,神基,16,2,14,凱基-士林,2023-10-04,9238
2409,友達,15,2,13,凱基-士林,2023-10-04,9238
00885,富邦越南,13,0,13,凱基-士林,2023-10-04,9238
00720B,元大投資級公司債,12,0,12,凱基-士林,2023-10-04,9238
5351,鈺創,12,0,12,凱基-士林,2023-10-04,9238
2352,佳世達,11,0,11,凱基-士林,2023-10-04,9238
2515,中工,11,0,11,凱基-士林,2023-10-04,9238
4123,晟德,11,0,11,凱基-士林,2023-10-04,9238
2498,宏達電,15,5,10,凱基-士林,2023-10-04,9238
2206,三陽工業,14,4,10,凱基-士林,2023-10-04,9238
6122,擎邦,10,0,10,凱基-士林,2023-10-04,9238
3707,漢磊,10,0,10,凱基-士林,2023-10-04,9238
00751B,元大AAA至A公司債,9,0,9,凱基-士林,2023-10-04,9238
2356,英業達,11,2,9,凱基-士林,2023-10-04,9238
00753L,中信中國50正2,9,0,9,凱基-士林,2023-10-04,9238
1519,華城,23,14,9,凱基-士林,2023-10-04,9238
2888,新光金,9,0,9,凱基-士林,2023-10-04,9238
2485,兆赫,174,1,173,凱基-士林,2023-10-05,9238
2340,台亞,154,0,154,凱基-士林,2023-10-05,9238
2618,長榮航,157,31,126,凱基-士林,2023-10-05,9238
3322,建舜電,93,7,86,凱基-士林,2023-10-05,9238
1445,大宇,81,0,81,凱基-士林,2023-10-05,9238
00673R,期元大S＆P原油反1,55,5,50,凱基-士林,2023-10-05,9238
2605,新興,40,11,29,凱基-士林,2023-10-05,9238
6288,聯嘉,32,3,29,凱基-士林,2023-10-05,9238
1101,台泥,32,4,28,凱基-士林,2023-10-05,9238
2354,鴻準,30,2,28,凱基-士林,2023-10-05,9238
3058,立德,28,0,28,凱基-士林,2023-10-05,9238
2313,華通,60,36,24,凱基-士林,2023-10-05,9238
3006,晶豪科,22,0,22,凱基-士林,2023-10-05,9238
2382,廣達,30,8,22,凱基-士林,2023-10-05,9238
2027,大成鋼,21,0,21,凱基-士林,2023-10-05,9238
00929,復華台灣科技優息,23,3,20,凱基-士林,2023-10-05,9238
1409,新纖,20,0,20,凱基-士林,2023-10-05,9238
3338,泰碩,20,0,20,凱基-士林,2023-10-05,9238
8933,愛地雅,20,0,20,凱基-士林,2023-10-05,9238
912000,晨訊科-DR,20,0,20,凱基-士林,2023-10-05,9238
2390,云辰,20,1,19,凱基-士林,2023-10-05,9238
3715,定穎投控,49,32,17,凱基-士林,2023-10-05,9238
00712,復華富時不動產,16,0,16,凱基-士林,2023-10-05,9238
9904,寶成,16,0,16,凱基-士林,2023-10-05,9238
9958,世紀鋼,13,0,13,凱基-士林,2023-10-05,9238
3017,奇鋐,15,2,13,凱基-士林,2023-10-05,9238
2883,凱基金,12,0,12,凱基-士林,2023-10-05,9238
00919,群益台灣精選高息,11,0,11,凱基-士林,2023-10-05,9238
1108,幸福,10,0,10,凱基-士林,2023-10-05,9238
2204,中華,10,0,10,凱基-士林,2023-10-05,9238
3059,華晶科,10,0,10,凱基-士林,2023-10-05,9238
3707,漢磊,10,0,10,凱基-士林,2023-10-05,9238
5321,美而快,11,1,10,凱基-士林,2023-10-05,9238
5392,能率,10,0,10,凱基-士林,2023-10-05,9238
3231,緯創,23,13,10,凱基-士林,2023-10-05,9238
3019,亞光,9,0,9,凱基-士林,2023-10-05,9238
8271,宇瞻,10,1,9,凱基-士林,2023-10-05,9238
3563,牧德,10,2,8,凱基-士林,2023-10-05,9238
6235,華孚,16,9,7,凱基-士林,2023-10-05,9238
2634,漢翔,11,4,7,凱基-士林,2023-10-05,9238
2888,新光金,12,5,7,凱基-士林,2023-10-05,9238
5864,致和證,7,0,7,凱基-士林,2023-10-05,9238
6442,光聖,11,4,7,凱基-士林,2023-10-05,9238
1402,遠東新,6,0,6,凱基-士林,2023-10-05,9238
00931B,統一美債20年,6,0,6,凱基-士林,2023-10-05,9238
2371,大同,9,3,6,凱基-士林,2023-10-05,9238
2406,國碩,6,0,6,凱基-士林,2023-10-05,9238
3206,志豐,6,0,6,凱基-士林,2023-10-05,9238
2887,台新金,6,0,6,凱基-士林,2023-10-05,9238
2376,技嘉,7,2,5,凱基-士林,2023-10-05,9238
6290,良維,91,10,81,凱基-士林,2023-10-06,9238
00929,復華台灣科技優息,66,0,66,凱基-士林,2023-10-06,9238
5309,系統電,62,2,60,凱基-士林,2023-10-06,9238
2442,新美齊,55,5,50,凱基-士林,2023-10-06,9238
9105,泰金寶-DR,52,18,34,凱基-士林,2023-10-06,9238
3032,偉訓,26,0,26,凱基-士林,2023-10-06,9238
2486,一詮,70,44,26,凱基-士林,2023-10-06,9238
1808,潤隆,25,0,25,凱基-士林,2023-10-06,9238
2392,正崴,25,0,25,凱基-士林,2023-10-06,9238
6187,萬潤,34,10,24,凱基-士林,2023-10-06,9238
3338,泰碩,19,0,19,凱基-士林,2023-10-06,9238
5321,美而快,19,0,19,凱基-士林,2023-10-06,9238
00919,群益台灣精選高息,16,0,16,凱基-士林,2023-10-06,9238
8215,明基材,16,0,16,凱基-士林,2023-10-06,9238
3701,大眾控,18,4,14,凱基-士林,2023-10-06,9238
1815,富喬,26,12,14,凱基-士林,2023-10-06,9238
2618,長榮航,17,3,14,凱基-士林,2023-10-06,9238
6170,統振,14,2,12,凱基-士林,2023-10-06,9238
00715L,期街口布蘭特正2,11,0,11,凱基-士林,2023-10-06,9238
3363,上詮,11,0,11,凱基-士林,2023-10-06,9238
6274,台燿,16,5,11,凱基-士林,2023-10-06,9238
2891,中信金,10,0,10,凱基-士林,2023-10-06,9238
6218,豪勉,10,0,10,凱基-士林,2023-10-06,9238
8093,保銳,10,0,10,凱基-士林,2023-10-06,9238
2376,技嘉,17,8,9,凱基-士林,2023-10-06,9238
00931B,統一美債20年,9,0,9,凱基-士林,2023-10-06,9238
00720B,元大投資級公司債,8,0,8,凱基-士林,2023-10-06,9238
6451,訊芯-KY,9,1,8,凱基-士林,2023-10-06,9238
1445,大宇,8,0,8,凱基-士林,2023-10-06,9238
2340,台亞,27,19,8,凱基-士林,2023-10-06,9238
2630,亞航,8,0,8,凱基-士林,2023-10-06,9238
3038,全台,8,0,8,凱基-士林,2023-10-06,9238
0056,元大高股息,9,2,7,凱基-士林,2023-10-06,9238
3081,聯亞,8,1,7,凱基-士林,2023-10-06,9238
3325,旭品,13,6,7,凱基-士林,2023-10-06,9238
2363,矽統,9,2,7,凱基-士林,2023-10-06,9238
6770,力積電,6,0,6,凱基-士林,2023-10-06,9238
2453,凌群,7,1,6,凱基-士林,2023-10-06,9238
4532,瑞智,6,0,6,凱基-士林,2023-10-06,9238
00679B,元大美債20年,5,0,5,凱基-士林,2023-10-06,9238
2834,臺企銀,5,0,5,凱基-士林,2023-10-06,9238
6531,愛普*,6,1,5,凱基-士林,2023-10-06,9238
00751B,元大AAA至A公司債,5,0,5,凱基-士林,2023-10-06,9238
1612,宏泰,5,0,5,凱基-士林,2023-10-06,9238
3276,宇環,6,1,5,凱基-士林,2023-10-06,9238
3707,漢磊,5,0,5,凱基-士林,2023-10-06,9238
4163,鐿鈦,5,0,5,凱基-士林,2023-10-06,9238
6235,華孚,5,0,5,凱基-士林,2023-10-06,9238
6442,光聖,6,1,5,凱基-士林,2023-10-06,9238
8440,綠電,5,0,5,凱基-士林,2023-10-06,9238
1445,大宇,136,0,136,凱基-士林,2023-10-11,9238
9950,萬國通,86,0,86,凱基-士林,2023-10-11,9238
3406,玉晶光,86,2,84,凱基-士林,2023-10-11,9238
00720B,元大投資級公司債,60,0,60,凱基-士林,2023-10-11,9238
3481,群創,53,2,51,凱基-士林,2023-10-11,9238
3231,緯創,75,24,51,凱基-士林,2023-10-11,9238
2850,新產,40,0,40,凱基-士林,2023-10-11,9238
00673R,期元大S＆P原油反1,37,0,37,凱基-士林,2023-10-11,9238
2618,長榮航,47,11,36,凱基-士林,2023-10-11,9238
2356,英業達,36,3,33,凱基-士林,2023-10-11,9238
3094,聯傑,32,1,31,凱基-士林,2023-10-11,9238
0056,元大高股息,40,12,28,凱基-士林,2023-10-11,9238
1471,首利,27,1,26,凱基-士林,2023-10-11,9238
1605,華新,31,5,26,凱基-士林,2023-10-11,9238
2465,麗臺,22,0,22,凱基-士林,2023-10-11,9238
5258,虹堡,21,1,20,凱基-士林,2023-10-11,9238
00726B,國泰新興投等債,20,0,20,凱基-士林,2023-10-11,9238
1809,中釉,20,0,20,凱基-士林,2023-10-11,9238
9938,百和,20,0,20,凱基-士林,2023-10-11,9238
2515,中工,17,0,17,凱基-士林,2023-10-11,9238
2344,華邦電,57,42,15,凱基-士林,2023-10-11,9238
2501,國建,15,0,15,凱基-士林,2023-10-11,9238
2308,台達電,16,2,14,凱基-士林,2023-10-11,9238
2603,長榮,14,2,12,凱基-士林,2023-10-11,9238
2467,志聖,11,0,11,凱基-士林,2023-10-11,9238
6442,光聖,11,0,11,凱基-士林,2023-10-11,9238
2609,陽明,14,3,11,凱基-士林,2023-10-11,9238
9958,世紀鋼,10,0,10,凱基-士林,2023-10-11,9238
1612,宏泰,10,0,10,凱基-士林,2023-10-11,9238
1815,富喬,13,3,10,凱基-士林,2023-10-11,9238
2892,第一金,11,1,10,凱基-士林,2023-10-11,9238
3224,三顧,10,0,10,凱基-士林,2023-10-11,9238
4714,永捷,10,0,10,凱基-士林,2023-10-11,9238
4967,十銓,48,38,10,凱基-士林,2023-10-11,9238
6209,今國光,10,0,10,凱基-士林,2023-10-11,9238
6438,迅得,10,0,10,凱基-士林,2023-10-11,9238
6757,台灣虎航,10,0,10,凱基-士林,2023-10-11,9238
8222,寶一,10,0,10,凱基-士林,2023-10-11,9238
1522,堤維西,20,10,10,凱基-士林,2023-10-11,9238
1786,科妍,10,1,9,凱基-士林,2023-10-11,9238
2476,鉅祥,10,1,9,凱基-士林,2023-10-11,9238
6133,金橋,11,2,9,凱基-士林,2023-10-11,9238
3037,欣興,9,0,9,凱基-士林,2023-10-11,9238
6170,統振,10,2,8,凱基-士林,2023-10-11,9238
1528,恩德,8,0,8,凱基-士林,2023-10-11,9238
5340,建榮,8,0,8,凱基-士林,2023-10-11,9238
6288,聯嘉,8,0,8,凱基-士林,2023-10-11,9238
00915,凱基優選高股息30,10,2,8,凱基-士林,2023-10-11,9238
00900,富邦特選高股息30,9,1,8,凱基-士林,2023-10-11,9238
00919,群益台灣精選高息,8,0,8,凱基-士林,2023-10-11,9238
00919,群益台灣精選高息,154,5,149,凱基-士林,2023-10-12,9238
6290,良維,95,5,90,凱基-士林,2023-10-12,9238
8110,華東,71,0,71,凱基-士林,2023-10-12,9238
00632R,元大台灣50反1,63,0,63,凱基-士林,2023-10-12,9238
2374,佳能,61,0,61,凱基-士林,2023-10-12,9238
2356,英業達,47,8,39,凱基-士林,2023-10-12,9238
3032,偉訓,35,0,35,凱基-士林,2023-10-12,9238
8930,青鋼,30,0,30,凱基-士林,2023-10-12,9238
1584,精剛,32,3,29,凱基-士林,2023-10-12,9238
2382,廣達,47,22,25,凱基-士林,2023-10-12,9238
6125,廣運,66,46,20,凱基-士林,2023-10-12,9238
1445,大宇,19,0,19,凱基-士林,2023-10-12,9238
6285,啟��,20,3,17,凱基-士林,2023-10-12,9238
6274,台燿,19,2,17,凱基-士林,2023-10-12,9238
00675L,富邦臺灣加權正2,17,0,17,凱基-士林,2023-10-12,9238
1802,台玻,17,1,16,凱基-士林,2023-10-12,9238
2883,凱基金,18,3,15,凱基-士林,2023-10-12,9238
00905,FT臺灣Smart,16,5,11,凱基-士林,2023-10-12,9238
5328,華容,11,0,11,凱基-士林,2023-10-12,9238
1720,生達,10,0,10,凱基-士林,2023-10-12,9238
2328,廣宇,10,0,10,凱基-士林,2023-10-12,9238
2542,興富發,10,0,10,凱基-士林,2023-10-12,9238
3017,奇鋐,11,1,10,凱基-士林,2023-10-12,9238
3062,建漢,11,1,10,凱基-士林,2023-10-12,9238
6122,擎邦,12,2,10,凱基-士林,2023-10-12,9238
6292,迅德,10,0,10,凱基-士林,2023-10-12,9238
0061,元大寶滬深,9,0,9,凱基-士林,2023-10-12,9238
3138,耀登,9,0,9,凱基-士林,2023-10-12,9238
4934,太極,9,0,9,凱基-士林,2023-10-12,9238
1324,地球,13,5,8,凱基-士林,2023-10-12,9238
2313,華通,14,7,7,凱基-士林,2023-10-12,9238
00712,復華富時不動產,6,0,6,凱基-士林,2023-10-12,9238
00631L,元大台灣50正2,6,0,6,凱基-士林,2023-10-12,9238
00772B,中信高評級公司債,5,0,5,凱基-士林,2023-10-12,9238
8390,金益鼎,5,0,5,凱基-士林,2023-10-12,9238
2301,光寶科,6,1,5,凱基-士林,2023-10-12,9238
2340,台亞,6,1,5,凱基-士林,2023-10-12,9238
2359,所羅門,5,0,5,凱基-士林,2023-10-12,9238
2399,映泰,16,11,5,凱基-士林,2023-10-12,9238
2427,三商電,5,0,5,凱基-士林,2023-10-12,9238
3078,僑威,5,0,5,凱基-士林,2023-10-12,9238
6577,勁豐,5,0,5,凱基-士林,2023-10-12,9238
5871,中租-KY,4,0,4,凱基-士林,2023-10-12,9238
3034,聯詠,4,0,4,凱基-士林,2023-10-12,9238
6840,東研信超,4,0,4,凱基-士林,2023-10-12,9238
8043,蜜望實,5,1,4,凱基-士林,2023-10-12,9238
2376,技嘉,9,5,4,凱基-士林,2023-10-12,9238
2887,台新金,4,0,4,凱基-士林,2023-10-12,9238
3037,欣興,4,0,4,凱基-士林,2023-10-12,9238
1609,大亞,3,0,3,凱基-士林,2023-10-12,9238
1605,華新,106,5,101,凱基-士林,2023-10-13,9238
00882,中信中國高股息,51,0,51,凱基-士林,2023-10-13,9238
2605,新興,52,2,50,凱基-士林,2023-10-13,9238
3202,樺晟,45,0,45,凱基-士林,2023-10-13,9238
2344,華邦電,51,11,40,凱基-士林,2023-10-13,9238
6188,廣明,40,1,39,凱基-士林,2023-10-13,9238
3576,聯合再生,40,2,38,凱基-士林,2023-10-13,9238
3450,聯鈞,47,11,36,凱基-士林,2023-10-13,9238
3231,緯創,44,17,27,凱基-士林,2023-10-13,9238
2382,廣達,42,16,26,凱基-士林,2023-10-13,9238
2363,矽統,173,151,22,凱基-士林,2023-10-13,9238
2882,國泰金,21,0,21,凱基-士林,2023-10-13,9238
00878,國泰永續高股息,27,10,17,凱基-士林,2023-10-13,9238
2324,仁寶,17,1,16,凱基-士林,2023-10-13,9238
2331,精英,16,0,16,凱基-士林,2023-10-13,9238
4908,前鼎,19,4,15,凱基-士林,2023-10-13,9238
0056,元大高股息,25,10,15,凱基-士林,2023-10-13,9238
6148,驊宏資,15,1,14,凱基-士林,2023-10-13,9238
8222,寶一,14,0,14,凱基-士林,2023-10-13,9238
2618,長榮航,17,3,14,凱基-士林,2023-10-13,9238
00929,復華台灣科技優息,15,2,13,凱基-士林,2023-10-13,9238
2301,光寶科,14,1,13,凱基-士林,2023-10-13,9238
3094,聯傑,20,7,13,凱基-士林,2023-10-13,9238
8076,伍豐,12,0,12,凱基-士林,2023-10-13,9238
2610,華航,14,2,12,凱基-士林,2023-10-13,9238
2887,台新金,10,0,10,凱基-士林,2023-10-13,9238
4906,正文,10,0,10,凱基-士林,2023-10-13,9238
00905,FT臺灣Smart,10,0,10,凱基-士林,2023-10-13,9238
00680L,元大美債20正2,10,0,10,凱基-士林,2023-10-13,9238
1909,榮成,11,1,10,凱基-士林,2023-10-13,9238
2501,國建,10,0,10,凱基-士林,2023-10-13,9238
6231,系微,11,1,10,凱基-士林,2023-10-13,9238
6443,元晶,10,0,10,凱基-士林,2023-10-13,9238
1595,川寶,9,0,9,凱基-士林,2023-10-13,9238
00720B,元大投資級公司債,9,0,9,凱基-士林,2023-10-13,9238
3037,欣興,11,3,8,凱基-士林,2023-10-13,9238
6170,統振,8,0,8,凱基-士林,2023-10-13,9238
8996,高力,9,1,8,凱基-士林,2023-10-13,9238
2329,華泰,8,1,7,凱基-士林,2023-10-13,9238
00931B,統一美債20年,8,1,7,凱基-士林,2023-10-13,9238
6411,晶焱,7,0,7,凱基-士林,2023-10-13,9238
2607,榮運,10,3,7,凱基-士林,2023-10-13,9238
2376,技嘉,23,17,6,凱基-士林,2023-10-13,9238
00673R,期元大S＆P原油反1,6,0,6,凱基-士林,2023-10-13,9238
2404,漢唐,6,0,6,凱基-士林,2023-10-13,9238
2855,統一證,6,0,6,凱基-士林,2023-10-13,9238
6712,長聖,6,0,6,凱基-士林,2023-10-13,9238
2881,富邦金,5,0,5,凱基-士林,2023-10-13,9238
1477,聚陽,7,2,5,凱基-士林,2023-10-13,9238
1445,大宇,5,0,5,凱基-士林,2023-10-13,9238
2344,華邦電,131,18,113,凱基-士林,2023-10-16,9238
1584,精剛,100,13,87,凱基-士林,2023-10-16,9238
2485,兆赫,86,0,86,凱基-士林,2023-10-16,9238
2316,楠梓電,60,0,60,凱基-士林,2023-10-16,9238
2374,佳能,60,0,60,凱基-士林,2023-10-16,9238
6148,驊宏資,46,0,46,凱基-士林,2023-10-16,9238
00673R,期元大S＆P原油反1,52,10,42,凱基-士林,2023-10-16,9238
00919,群益台灣精選高息,47,6,41,凱基-士林,2023-10-16,9238
1809,中釉,40,0,40,凱基-士林,2023-10-16,9238
2535,達欣工,40,0,40,凱基-士林,2023-10-16,9238
3450,聯鈞,37,0,37,凱基-士林,2023-10-16,9238
5351,鈺創,33,1,32,凱基-士林,2023-10-16,9238
2340,台亞,31,0,31,凱基-士林,2023-10-16,9238
3032,偉訓,31,0,31,凱基-士林,2023-10-16,9238
00923,群益台ESG低碳50,26,0,26,凱基-士林,2023-10-16,9238
4503,金雨,26,0,26,凱基-士林,2023-10-16,9238
2388,威盛,29,6,23,凱基-士林,2023-10-16,9238
2462,良得電,24,2,22,凱基-士林,2023-10-16,9238
4142,國光生,22,0,22,凱基-士林,2023-10-16,9238
5215,科嘉-KY,24,2,22,凱基-士林,2023-10-16,9238
4960,誠美材,25,4,21,凱基-士林,2023-10-16,9238
00922,國泰台灣領袖50,20,0,20,凱基-士林,2023-10-16,9238
6290,良維,21,1,20,凱基-士林,2023-10-16,9238
0056,元大高股息,22,2,20,凱基-士林,2023-10-16,9238
2332,友訊,20,0,20,凱基-士林,2023-10-16,9238
4532,瑞智,20,0,20,凱基-士林,2023-10-16,9238
2363,矽統,82,62,20,凱基-士林,2023-10-16,9238
2881,富邦金,21,2,19,凱基-士林,2023-10-16,9238
5258,虹堡,20,1,19,凱基-士林,2023-10-16,9238
2486,一詮,21,4,17,凱基-士林,2023-10-16,9238
6284,佳邦,17,0,17,凱基-士林,2023-10-16,9238
6684,安格,19,2,17,凱基-士林,2023-10-16,9238
1529,樂事綠能,22,6,16,凱基-士林,2023-10-16,9238
4967,十銓,24,8,16,凱基-士林,2023-10-16,9238
00882,中信中國高股息,25,10,15,凱基-士林,2023-10-16,9238
00719B,元大美債1-3,15,0,15,凱基-士林,2023-10-16,9238
3380,明泰,15,0,15,凱基-士林,2023-10-16,9238
6288,聯嘉,15,0,15,凱基-士林,2023-10-16,9238
2610,華航,31,17,14,凱基-士林,2023-10-16,9238
2324,仁寶,14,0,14,凱基-士林,2023-10-16,9238
2618,長榮航,35,21,14,凱基-士林,2023-10-16,9238
2201,裕隆,13,0,13,凱基-士林,2023-10-16,9238
2515,中工,53,40,13,凱基-士林,2023-10-16,9238
9950,萬國通,13,0,13,凱基-士林,2023-10-16,9238
00929,復華台灣科技優息,33,20,13,凱基-士林,2023-10-16,9238
2371,大同,13,0,13,凱基-士林,2023-10-16,9238
3231,緯創,28,16,12,凱基-士林,2023-10-16,9238
3346,麗清,11,0,11,凱基-士林,2023-10-16,9238
3202,樺晟,10,0,10,凱基-士林,2023-10-16,9238
00712,復華富時不動產,10,0,10,凱基-士林,2023-10-16,9238
00680L,元大美債20正2,115,5,110,凱基-士林,2023-10-17,9238
8936,國統,90,0,90,凱基-士林,2023-10-17,9238
1718,中纖,70,0,70,凱基-士林,2023-10-17,9238
00878,國泰永續高股息,90,23,67,凱基-士林,2023-10-17,9238
0056,元大高股息,56,4,52,凱基-士林,2023-10-17,9238
2353,宏��,52,3,49,凱基-士林,2023-10-17,9238
8176,智捷,50,6,44,凱基-士林,2023-10-17,9238
2462,良得電,66,26,40,凱基-士林,2023-10-17,9238
3450,聯鈞,36,1,35,凱基-士林,2023-10-17,9238
3481,群創,37,2,35,凱基-士林,2023-10-17,9238
3032,偉訓,31,0,31,凱基-士林,2023-10-17,9238
2374,佳能,30,0,30,凱基-士林,2023-10-17,9238
2485,兆赫,30,0,30,凱基-士林,2023-10-17,9238
2201,裕隆,31,3,28,凱基-士林,2023-10-17,9238
9105,泰金寶-DR,28,0,28,凱基-士林,2023-10-17,9238
2356,英業達,27,5,22,凱基-士林,2023-10-17,9238
00637L,元大滬深300正2,20,0,20,凱基-士林,2023-10-17,9238
2332,友訊,20,0,20,凱基-士林,2023-10-17,9238
00795B,中信美國公債20年,19,0,19,凱基-士林,2023-10-17,9238
00696B,富邦美債20年,17,0,17,凱基-士林,2023-10-17,9238
2634,漢翔,19,2,17,凱基-士林,2023-10-17,9238
6684,安格,17,0,17,凱基-士林,2023-10-17,9238
6284,佳邦,19,4,15,凱基-士林,2023-10-17,9238
1324,地球,20,6,14,凱基-士林,2023-10-17,9238
1504,東元,17,3,14,凱基-士林,2023-10-17,9238
6585,鼎基,13,0,13,凱基-士林,2023-10-17,9238
00929,復華台灣科技優息,34,22,12,凱基-士林,2023-10-17,9238
2352,佳世達,13,1,12,凱基-士林,2023-10-17,9238
2601,益航,12,0,12,凱基-士林,2023-10-17,9238
2618,長榮航,24,12,12,凱基-士林,2023-10-17,9238
6125,廣運,32,21,11,凱基-士林,2023-10-17,9238
1609,大亞,11,0,11,凱基-士林,2023-10-17,9238
2316,楠梓電,11,0,11,凱基-士林,2023-10-17,9238
2449,京元電子,25,14,11,凱基-士林,2023-10-17,9238
3406,玉晶光,13,2,11,凱基-士林,2023-10-17,9238
2233,宇隆,11,0,11,凱基-士林,2023-10-17,9238
2610,華航,13,3,10,凱基-士林,2023-10-17,9238
1307,三芳,10,0,10,凱基-士林,2023-10-17,9238
00932,兆豐永續高息等權,10,0,10,凱基-士林,2023-10-17,9238
00719B,元大美債1-3,10,0,10,凱基-士林,2023-10-17,9238
1608,華榮,10,0,10,凱基-士林,2023-10-17,9238
2312,金寶,10,0,10,凱基-士林,2023-10-17,9238
2371,大同,11,1,10,凱基-士林,2023-10-17,9238
2867,三商壽,10,0,10,凱基-士林,2023-10-17,9238
6209,今國光,10,0,10,凱基-士林,2023-10-17,9238
6442,光聖,24,14,10,凱基-士林,2023-10-17,9238
2376,技嘉,17,8,9,凱基-士林,2023-10-17,9238
4933,友輝,9,0,9,凱基-士林,2023-10-17,9238
8227,巨有科技,15,6,9,凱基-士林,2023-10-17,9238
1445,大宇,8,0,8,凱基-士林,2023-10-17,9238
00878,國泰永續高股息,237,12,225,凱基-士林,2023-10-18,9238
6188,廣明,121,4,117,凱基-士林,2023-10-18,9238
1605,華新,107,0,107,凱基-士林,2023-10-18,9238
00922,國泰台灣領袖50,91,0,91,凱基-士林,2023-10-18,9238
0056,元大高股息,98,8,90,凱基-士林,2023-10-18,9238
2485,兆赫,80,0,80,凱基-士林,2023-10-18,9238
8936,國統,60,0,60,凱基-士林,2023-10-18,9238
00929,復華台灣科技優息,55,1,54,凱基-士林,2023-10-18,9238
2888,新光金,54,0,54,凱基-士林,2023-10-18,9238
1584,精剛,50,0,50,凱基-士林,2023-10-18,9238
00726B,國泰新興投等債,40,0,40,凱基-士林,2023-10-18,9238
00919,群益台灣精選高息,72,37,35,凱基-士林,2023-10-18,9238
2486,一詮,35,0,35,凱基-士林,2023-10-18,9238
1101,台泥,35,0,35,凱基-士林,2023-10-18,9238
2344,華邦電,44,11,33,凱基-士林,2023-10-18,9238
3715,定穎投控,51,20,31,凱基-士林,2023-10-18,9238
00751B,元大AAA至A公司債,30,0,30,凱基-士林,2023-10-18,9238
4102,永日,31,3,28,凱基-士林,2023-10-18,9238
1802,台玻,27,0,27,凱基-士林,2023-10-18,9238
5439,高技,27,0,27,凱基-士林,2023-10-18,9238
6274,台燿,26,0,26,凱基-士林,2023-10-18,9238
2462,良得電,25,0,25,凱基-士林,2023-10-18,9238
2388,威盛,117,94,23,凱基-士林,2023-10-18,9238
3481,群創,34,12,22,凱基-士林,2023-10-18,9238
1611,中電,20,0,20,凱基-士林,2023-10-18,9238
1217,愛之味,20,0,20,凱基-士林,2023-10-18,9238
2543,皇昌,20,0,20,凱基-士林,2023-10-18,9238
00923,群益台ESG低碳50,20,1,19,凱基-士林,2023-10-18,9238
1815,富喬,20,1,19,凱基-士林,2023-10-18,9238
3706,神達,28,9,19,凱基-士林,2023-10-18,9238
4542,科嶠,18,0,18,凱基-士林,2023-10-18,9238
2382,廣達,32,14,18,凱基-士林,2023-10-18,9238
00932,兆豐永續高息等權,17,0,17,凱基-士林,2023-10-18,9238
2353,宏��,17,0,17,凱基-士林,2023-10-18,9238
4977,眾達-KY,18,1,17,凱基-士林,2023-10-18,9238
5258,虹堡,15,0,15,凱基-士林,2023-10-18,9238
2618,長榮航,37,23,14,凱基-士林,2023-10-18,9238
4503,金雨,17,3,14,凱基-士林,2023-10-18,9238
2610,華航,20,7,13,凱基-士林,2023-10-18,9238
1445,大宇,13,0,13,凱基-士林,2023-10-18,9238
2352,佳世達,18,6,12,凱基-士林,2023-10-18,9238
2371,大同,12,0,12,凱基-士林,2023-10-18,9238
5488,松普,12,0,12,凱基-士林,2023-10-18,9238
2313,華通,12,1,11,凱基-士林,2023-10-18,9238
2328,廣宇,11,0,11,凱基-士林,2023-10-18,9238
2476,鉅祥,11,0,11,凱基-士林,2023-10-18,9238
6133,金橋,12,1,11,凱基-士林,2023-10-18,9238
6233,旺玖,11,0,11,凱基-士林,2023-10-18,9238
00679B,元大美債20年,10,0,10,凱基-士林,2023-10-18,9238
8930,青鋼,10,0,10,凱基-士林,2023-10-18,9238
00933B,國泰10Y+金融債,315,4,311,凱基-士林,2023-10-19,9238
00878,國泰永續高股息,106,4,102,凱基-士林,2023-10-19,9238
2332,友訊,100,0,100,凱基-士林,2023-10-19,9238
0056,元大高股息,71,6,65,凱基-士林,2023-10-19,9238
1101,台泥,64,2,62,凱基-士林,2023-10-19,9238
2317,鴻海,61,1,60,凱基-士林,2023-10-19,9238
00756B,群益投等新興公債,60,0,60,凱基-士林,2023-10-19,9238
1584,精剛,51,0,51,凱基-士林,2023-10-19,9238
00673R,期元大S＆P原油反1,50,0,50,凱基-士林,2023-10-19,9238
00751B,元大AAA至A公司債,50,0,50,凱基-士林,2023-10-19,9238
2888,新光金,41,0,41,凱基-士林,2023-10-19,9238
2323,中環,40,0,40,凱基-士林,2023-10-19,9238
00882,中信中國高股息,70,31,39,凱基-士林,2023-10-19,9238
2816,旺旺保,40,7,33,凱基-士林,2023-10-19,9238
1445,大宇,32,0,32,凱基-士林,2023-10-19,9238
3325,旭品,32,0,32,凱基-士林,2023-10-19,9238
00720B,元大投資級公司債,30,0,30,凱基-士林,2023-10-19,9238
3231,緯創,45,16,29,凱基-士林,2023-10-19,9238
1305,華夏,21,0,21,凱基-士林,2023-10-19,9238
6165,浪凡,21,0,21,凱基-士林,2023-10-19,9238
00922,國泰台灣領袖50,18,0,18,凱基-士林,2023-10-19,9238
00915,凱基優選高股息30,18,3,15,凱基-士林,2023-10-19,9238
2002,中鋼,15,0,15,凱基-士林,2023-10-19,9238
00931B,統一美債20年,14,0,14,凱基-士林,2023-10-19,9238
00885,富邦越南,13,0,13,凱基-士林,2023-10-19,9238
2340,台亞,13,0,13,凱基-士林,2023-10-19,9238
3481,群創,44,31,13,凱基-士林,2023-10-19,9238
2498,宏達電,12,0,12,凱基-士林,2023-10-19,9238
00687B,國泰20年美債,12,0,12,凱基-士林,2023-10-19,9238
2356,英業達,27,15,12,凱基-士林,2023-10-19,9238
00902,中信電池及儲能,12,0,12,凱基-士林,2023-10-19,9238
2465,麗臺,12,0,12,凱基-士林,2023-10-19,9238
00688L,國泰20年美債正2,10,0,10,凱基-士林,2023-10-19,9238
00760B,復華新興企業債,10,0,10,凱基-士林,2023-10-19,9238
2485,兆赫,10,0,10,凱基-士林,2023-10-19,9238
2501,國建,10,0,10,凱基-士林,2023-10-19,9238
6129,普誠,25,15,10,凱基-士林,2023-10-19,9238
2208,台船,9,0,9,凱基-士林,2023-10-19,9238
00753L,中信中國50正2,8,0,8,凱基-士林,2023-10-19,9238
2486,一詮,8,0,8,凱基-士林,2023-10-19,9238
6482,弘煜科,8,0,8,凱基-士林,2023-10-19,9238
00772B,中信高評級公司債,7,0,7,凱基-士林,2023-10-19,9238
6237,驊訊,10,3,7,凱基-士林,2023-10-19,9238
0050,元大台灣50,7,1,6,凱基-士林,2023-10-19,9238
8210,勤誠,6,0,6,凱基-士林,2023-10-19,9238
1612,宏泰,6,0,6,凱基-士林,2023-10-19,9238
3044,健鼎,6,0,6,凱基-士林,2023-10-19,9238
4167,松瑞藥,6,0,6,凱基-士林,2023-10-19,9238
6219,富旺,6,0,6,凱基-士林,2023-10-19,9238
6472,保瑞,8,2,6,凱基-士林,2023-10-19,9238
4906,正文,100,0,100,凱基-士林,2023-10-20,9238
00933B,國泰10Y+金融債,110,20,90,凱基-士林,2023-10-20,9238
1605,華新,116,27,89,凱基-士林,2023-10-20,9238
00673R,期元大S＆P原油反1,63,0,63,凱基-士林,2023-10-20,9238
00878,國泰永續高股息,66,11,55,凱基-士林,2023-10-20,9238
1314,中石化,51,0,51,凱基-士林,2023-10-20,9238
2888,新光金,48,0,48,凱基-士林,2023-10-20,9238
2883,凱基金,39,1,38,凱基-士林,2023-10-20,9238
2486,一詮,37,0,37,凱基-士林,2023-10-20,9238
00712,復華富時不動產,36,0,36,凱基-士林,2023-10-20,9238
00795B,中信美國公債20年,31,0,31,凱基-士林,2023-10-20,9238
00919,群益台灣精選高息,26,0,26,凱基-士林,2023-10-20,9238
2303,聯電,40,15,25,凱基-士林,2023-10-20,9238
2002,中鋼,21,0,21,凱基-士林,2023-10-20,9238
1514,亞力,21,0,21,凱基-士林,2023-10-20,9238
2027,大成鋼,21,0,21,凱基-士林,2023-10-20,9238
2332,友訊,20,0,20,凱基-士林,2023-10-20,9238
3043,科風,20,0,20,凱基-士林,2023-10-20,9238
3450,聯鈞,18,0,18,凱基-士林,2023-10-20,9238
5351,鈺創,24,6,18,凱基-士林,2023-10-20,9238
2449,京元電子,32,14,18,凱基-士林,2023-10-20,9238
2887,台新金,19,2,17,凱基-士林,2023-10-20,9238
00915,凱基優選高股息30,21,5,16,凱基-士林,2023-10-20,9238
1101,台泥,14,0,14,凱基-士林,2023-10-20,9238
00715L,期街口布蘭特正2,16,2,14,凱基-士林,2023-10-20,9238
2884,玉山金,23,9,14,凱基-士林,2023-10-20,9238
3037,欣興,13,0,13,凱基-士林,2023-10-20,9238
6274,台燿,18,5,13,凱基-士林,2023-10-20,9238
2201,裕隆,21,9,12,凱基-士林,2023-10-20,9238
5871,中租-KY,13,1,12,凱基-士林,2023-10-20,9238
8210,勤誠,12,0,12,凱基-士林,2023-10-20,9238
2007,燁興,12,0,12,凱基-士林,2023-10-20,9238
00772B,中信高評級公司債,11,0,11,凱基-士林,2023-10-20,9238
2356,英業達,21,10,11,凱基-士林,2023-10-20,9238
2376,技嘉,25,14,11,凱基-士林,2023-10-20,9238
6547,高端疫苗,11,0,11,凱基-士林,2023-10-20,9238
00931B,統一美債20年,11,0,11,凱基-士林,2023-10-20,9238
00688L,國泰20年美債正2,10,0,10,凱基-士林,2023-10-20,9238
00756B,群益投等新興公債,10,0,10,凱基-士林,2023-10-20,9238
00918,大華優利高填息30,10,0,10,凱基-士林,2023-10-20,9238
1108,幸福,10,0,10,凱基-士林,2023-10-20,9238
2069,運錩,10,0,10,凱基-士林,2023-10-20,9238
5521,工信,10,0,10,凱基-士林,2023-10-20,9238
8110,華東,10,0,10,凱基-士林,2023-10-20,9238
00929,復華台灣科技優息,9,0,9,凱基-士林,2023-10-20,9238
2516,新建,9,0,9,凱基-士林,2023-10-20,9238
4743,合一,10,1,9,凱基-士林,2023-10-20,9238
6770,力積電,10,2,8,凱基-士林,2023-10-20,9238
00720B,元大投資級公司債,8,0,8,凱基-士林,2023-10-20,9238
00898,國泰基因免疫革命,8,0,8,凱基-士林,2023-10-20,9238
3481,群創,307,0,307,凱基-士林,2023-10-23,9238
3062,建漢,60,1,59,凱基-士林,2023-10-23,9238
2885,元大金,53,2,51,凱基-士林,2023-10-23,9238
00760B,復華新興企業債,50,0,50,凱基-士林,2023-10-23,9238
2882,國泰金,44,0,44,凱基-士林,2023-10-23,9238
00929,復華台灣科技優息,45,13,32,凱基-士林,2023-10-23,9238
00712,復華富時不動產,32,0,32,凱基-士林,2023-10-23,9238
3406,玉晶光,31,0,31,凱基-士林,2023-10-23,9238
2025,千興,30,0,30,凱基-士林,2023-10-23,9238
4102,永日,30,0,30,凱基-士林,2023-10-23,9238
6901,鑽石投資,30,1,29,凱基-士林,2023-10-23,9238
5457,宣德,24,0,24,凱基-士林,2023-10-23,9238
2337,旺宏,31,8,23,凱基-士林,2023-10-23,9238
0050,元大台灣50,22,1,21,凱基-士林,2023-10-23,9238
2888,新光金,22,2,20,凱基-士林,2023-10-23,9238
2905,三商,20,0,20,凱基-士林,2023-10-23,9238
6530,創威,20,0,20,凱基-士林,2023-10-23,9238
2002,中鋼,19,0,19,凱基-士林,2023-10-23,9238
3207,耀勝,18,0,18,凱基-士林,2023-10-23,9238
4503,金雨,18,0,18,凱基-士林,2023-10-23,9238
3715,定穎投控,21,3,18,凱基-士林,2023-10-23,9238
2353,宏��,20,4,16,凱基-士林,2023-10-23,9238
00680L,元大美債20正2,15,0,15,凱基-士林,2023-10-23,9238
6770,力積電,14,0,14,凱基-士林,2023-10-23,9238
2356,英業達,29,15,14,凱基-士林,2023-10-23,9238
00720B,元大投資級公司債,13,0,13,凱基-士林,2023-10-23,9238
00715L,期街口布蘭特正2,13,0,13,凱基-士林,2023-10-23,9238
1467,南緯,23,10,13,凱基-士林,2023-10-23,9238
2388,威盛,15,2,13,凱基-士林,2023-10-23,9238
1303,南亞,13,0,13,凱基-士林,2023-10-23,9238
4142,國光生,12,0,12,凱基-士林,2023-10-23,9238
4977,眾達-KY,13,1,12,凱基-士林,2023-10-23,9238
4743,合一,13,2,11,凱基-士林,2023-10-23,9238
2891,中信金,14,4,10,凱基-士林,2023-10-23,9238
00688L,國泰20年美債正2,10,0,10,凱基-士林,2023-10-23,9238
1789,神隆,10,0,10,凱基-士林,2023-10-23,9238
2610,華航,119,109,10,凱基-士林,2023-10-23,9238
1504,東元,10,1,9,凱基-士林,2023-10-23,9238
9105,泰金寶-DR,9,0,9,凱基-士林,2023-10-23,9238
00923,群益台ESG低碳50,9,0,9,凱基-士林,2023-10-23,9238
2881,富邦金,9,0,9,凱基-士林,2023-10-23,9238
00885,富邦越南,10,2,8,凱基-士林,2023-10-23,9238
00931B,統一美債20年,8,0,8,凱基-士林,2023-10-23,9238
1324,地球,36,28,8,凱基-士林,2023-10-23,9238
2427,三商電,11,3,8,凱基-士林,2023-10-23,9238
2816,旺旺保,19,11,8,凱基-士林,2023-10-23,9238
0056,元大高股息,32,25,7,凱基-士林,2023-10-23,9238
00687B,國泰20年美債,7,0,7,凱基-士林,2023-10-23,9238
00751B,元大AAA至A公司債,7,0,7,凱基-士林,2023-10-23,9238
6451,訊芯-KY,7,0,7,凱基-士林,2023-10-23,9238
3481,群創,61,0,61,凱基-士林,2023-10-24,9238
00878,國泰永續高股息,59,4,55,凱基-士林,2023-10-24,9238
00680L,元大美債20正2,50,0,50,凱基-士林,2023-10-24,9238
00712,復華富時不動產,33,0,33,凱基-士林,2023-10-24,9238
1721,三晃,33,0,33,凱基-士林,2023-10-24,9238
0056,元大高股息,37,11,26,凱基-士林,2023-10-24,9238
3260,威剛,27,2,25,凱基-士林,2023-10-24,9238
3406,玉晶光,22,0,22,凱基-士林,2023-10-24,9238
00756B,群益投等新興公債,20,0,20,凱基-士林,2023-10-24,9238
2885,元大金,20,0,20,凱基-士林,2023-10-24,9238
4977,眾達-KY,22,2,20,凱基-士林,2023-10-24,9238
8105,凌巨,21,1,20,凱基-士林,2023-10-24,9238
8150,南茂,20,0,20,凱基-士林,2023-10-24,9238
4908,前鼎,29,10,19,凱基-士林,2023-10-24,9238
3025,星通,25,6,19,凱基-士林,2023-10-24,9238
1760,寶齡富錦,18,0,18,凱基-士林,2023-10-24,9238
2317,鴻海,59,42,17,凱基-士林,2023-10-24,9238
2303,聯電,19,3,16,凱基-士林,2023-10-24,9238
2482,連宇,15,0,15,凱基-士林,2023-10-24,9238
2002,中鋼,16,2,14,凱基-士林,2023-10-24,9238
2834,臺企銀,15,3,12,凱基-士林,2023-10-24,9238
2887,台新金,12,0,12,凱基-士林,2023-10-24,9238
3078,僑威,13,2,11,凱基-士林,2023-10-24,9238
00642U,期元大S＆P石油,10,0,10,凱基-士林,2023-10-24,9238
00903,富邦元宇宙,10,0,10,凱基-士林,2023-10-24,9238
2359,所羅門,10,0,10,凱基-士林,2023-10-24,9238
3035,智原,10,0,10,凱基-士林,2023-10-24,9238
4714,永捷,20,10,10,凱基-士林,2023-10-24,9238
9105,泰金寶-DR,10,0,10,凱基-士林,2023-10-24,9238
6104,創惟,9,0,9,凱基-士林,2023-10-24,9238
00929,復華台灣科技優息,9,0,9,凱基-士林,2023-10-24,9238
2382,廣達,15,6,9,凱基-士林,2023-10-24,9238
1301,台塑,8,0,8,凱基-士林,2023-10-24,9238
2364,倫飛,8,0,8,凱基-士林,2023-10-24,9238
6120,達運,8,0,8,凱基-士林,2023-10-24,9238
2516,新建,7,0,7,凱基-士林,2023-10-24,9238
8390,金益鼎,7,0,7,凱基-士林,2023-10-24,9238
2367,燿華,14,8,6,凱基-士林,2023-10-24,9238
2883,凱基金,6,0,6,凱基-士林,2023-10-24,9238
3701,大眾控,9,3,6,凱基-士林,2023-10-24,9238
1216,統一,5,0,5,凱基-士林,2023-10-24,9238
2812,台中銀,5,0,5,凱基-士林,2023-10-24,9238
2881,富邦金,5,0,5,凱基-士林,2023-10-24,9238
3221,台嘉碩,5,0,5,凱基-士林,2023-10-24,9238
3224,三顧,6,1,5,凱基-士林,2023-10-24,9238
3526,凡甲,13,8,5,凱基-士林,2023-10-24,9238
6136,富爾特,5,0,5,凱基-士林,2023-10-24,9238
8044,網家,5,0,5,凱基-士林,2023-10-24,9238
5880,合庫金,4,0,4,凱基-士林,2023-10-24,9238
2412,中華電,5,1,4,凱基-士林,2023-10-24,9238
2610,華航,260,4,256,凱基-士林,2023-10-25,9238
2516,新建,130,7,123,凱基-士林,2023-10-25,9238
2337,旺宏,91,23,68,凱基-士林,2023-10-25,9238
1605,華新,151,104,47,凱基-士林,2023-10-25,9238
5425,台半,45,1,44,凱基-士林,2023-10-25,9238
00929,復華台灣科技優息,43,1,42,凱基-士林,2023-10-25,9238
2618,長榮航,49,7,42,凱基-士林,2023-10-25,9238
00756B,群益投等新興公債,40,0,40,凱基-士林,2023-10-25,9238
6168,宏齊,39,0,39,凱基-士林,2023-10-25,9238
9105,泰金寶-DR,46,14,32,凱基-士林,2023-10-25,9238
00710B,復華彭博非投等債,30,0,30,凱基-士林,2023-10-25,9238
2369,菱生,58,28,30,凱基-士林,2023-10-25,9238
1445,大宇,25,0,25,凱基-士林,2023-10-25,9238
2867,三商壽,21,0,21,凱基-士林,2023-10-25,9238
1524,耿鼎,31,12,19,凱基-士林,2023-10-25,9238
0050,元大台灣50,21,3,18,凱基-士林,2023-10-25,9238
2419,仲琦,17,0,17,凱基-士林,2023-10-25,9238
2344,華邦電,18,2,16,凱基-士林,2023-10-25,9238
2355,敬鵬,15,0,15,凱基-士林,2023-10-25,9238
6226,光鼎,15,0,15,凱基-士林,2023-10-25,9238
2889,國票金,14,0,14,凱基-士林,2023-10-25,9238
3035,智原,18,5,13,凱基-士林,2023-10-25,9238
00712,復華富時不動產,11,0,11,凱基-士林,2023-10-25,9238
00715L,期街口布蘭特正2,11,0,11,凱基-士林,2023-10-25,9238
2884,玉山金,11,0,11,凱基-士林,2023-10-25,9238
3122,笙泉,27,16,11,凱基-士林,2023-10-25,9238
4908,前鼎,17,6,11,凱基-士林,2023-10-25,9238
6442,光聖,11,0,11,凱基-士林,2023-10-25,9238
1503,士電,10,0,10,凱基-士林,2023-10-25,9238
2312,金寶,11,1,10,凱基-士林,2023-10-25,9238
2882,國泰金,10,0,10,凱基-士林,2023-10-25,9238
2892,第一金,10,0,10,凱基-士林,2023-10-25,9238
4714,永捷,10,0,10,凱基-士林,2023-10-25,9238
4944,兆遠,10,0,10,凱基-士林,2023-10-25,9238
5272,笙科,10,0,10,凱基-士林,2023-10-25,9238
5355,佳總,10,0,10,凱基-士林,2023-10-25,9238
00878,國泰永續高股息,9,0,9,凱基-士林,2023-10-25,9238
6292,迅德,9,0,9,凱基-士林,2023-10-25,9238
8112,至上,9,0,9,凱基-士林,2023-10-25,9238
3704,合勤控,23,14,9,凱基-士林,2023-10-25,9238
2886,兆豐金,8,0,8,凱基-士林,2023-10-25,9238
1104,環泥,8,0,8,凱基-士林,2023-10-25,9238
2329,華泰,10,2,8,凱基-士林,2023-10-25,9238
1101,台泥,8,0,8,凱基-士林,2023-10-25,9238
3231,緯創,21,13,8,凱基-士林,2023-10-25,9238
2834,臺企銀,7,0,7,凱基-士林,2023-10-25,9238
6257,矽格,13,6,7,凱基-士林,2023-10-25,9238
2317,鴻海,16,9,7,凱基-士林,2023-10-25,9238
2327,國巨,6,0,6,凱基-士林,2023-10-25,9238
3224,三顧,6,0,6,凱基-士林,2023-10-25,9238
2476,鉅祥,160,0,160,凱基-士林,2023-10-26,9238
00891,中信關鍵半導體,100,0,100,凱基-士林,2023-10-26,9238
2344,華邦電,117,18,99,凱基-士林,2023-10-26,9238
2610,華航,102,8,94,凱基-士林,2023-10-26,9238
4906,正文,66,0,66,凱基-士林,2023-10-26,9238
2337,旺宏,83,23,60,凱基-士林,2023-10-26,9238
2303,聯電,57,3,54,凱基-士林,2023-10-26,9238
3701,大眾控,52,0,52,凱基-士林,2023-10-26,9238
0050,元大台灣50,55,4,51,凱基-士林,2023-10-26,9238
6292,迅德,44,0,44,凱基-士林,2023-10-26,9238
5880,合庫金,44,2,42,凱基-士林,2023-10-26,9238
2462,良得電,40,0,40,凱基-士林,2023-10-26,9238
0056,元大高股息,41,3,38,凱基-士林,2023-10-26,9238
00929,復華台灣科技優息,42,8,34,凱基-士林,2023-10-26,9238
2436,偉詮電,38,5,33,凱基-士林,2023-10-26,9238
2867,三商壽,30,0,30,凱基-士林,2023-10-26,9238
00878,國泰永續高股息,40,10,30,凱基-士林,2023-10-26,9238
2618,長榮航,35,6,29,凱基-士林,2023-10-26,9238
1453,大將,25,0,25,凱基-士林,2023-10-26,9238
00712,復華富時不動產,25,0,25,凱基-士林,2023-10-26,9238
2515,中工,25,2,23,凱基-士林,2023-10-26,9238
3006,晶豪科,24,2,22,凱基-士林,2023-10-26,9238
2374,佳能,21,0,21,凱基-士林,2023-10-26,9238
00751B,元大AAA至A公司債,20,0,20,凱基-士林,2023-10-26,9238
8054,安國,20,2,18,凱基-士林,2023-10-26,9238
3406,玉晶光,17,0,17,凱基-士林,2023-10-26,9238
5351,鈺創,19,2,17,凱基-士林,2023-10-26,9238
00885,富邦越南,17,0,17,凱基-士林,2023-10-26,9238
00688L,國泰20年美債正2,16,0,16,凱基-士林,2023-10-26,9238
2329,華泰,25,9,16,凱基-士林,2023-10-26,9238
2233,宇隆,21,6,15,凱基-士林,2023-10-26,9238
2201,裕隆,14,0,14,凱基-士林,2023-10-26,9238
8358,金居,14,0,14,凱基-士林,2023-10-26,9238
2891,中信金,13,0,13,凱基-士林,2023-10-26,9238
3058,立德,12,0,12,凱基-士林,2023-10-26,9238
2834,臺企銀,14,2,12,凱基-士林,2023-10-26,9238
2330,台積電,14,2,12,凱基-士林,2023-10-26,9238
3481,群創,40,30,10,凱基-士林,2023-10-26,9238
5009,榮剛,10,0,10,凱基-士林,2023-10-26,9238
5439,高技,11,1,10,凱基-士林,2023-10-26,9238
6243,迅杰,10,0,10,凱基-士林,2023-10-26,9238
6585,鼎基,10,0,10,凱基-士林,2023-10-26,9238
2317,鴻海,9,0,9,凱基-士林,2023-10-26,9238
00687B,國泰20年美債,9,0,9,凱基-士林,2023-10-26,9238
1815,富喬,9,0,9,凱基-士林,2023-10-26,9238
2882,國泰金,11,2,9,凱基-士林,2023-10-26,9238
00715L,期街口布蘭特正2,10,2,8,凱基-士林,2023-10-26,9238
2402,毅嘉,9,1,8,凱基-士林,2023-10-26,9238
2905,三商,10,2,8,凱基-士林,2023-10-26,9238
3094,聯傑,8,0,8,凱基-士林,2023-10-26,9238
2618,長榮航,245,52,193,凱基-士林,2023-10-27,9238
00929,復華台灣科技優息,89,2,87,凱基-士林,2023-10-27,9238
4906,正文,65,5,60,凱基-士林,2023-10-27,9238
6113,亞矽,60,0,60,凱基-士林,2023-10-27,9238
2816,旺旺保,35,4,31,凱基-士林,2023-10-27,9238
2883,凱基金,26,0,26,凱基-士林,2023-10-27,9238
2344,華邦電,37,12,25,凱基-士林,2023-10-27,9238
2425,承啟,24,0,24,凱基-士林,2023-10-27,9238
6237,驊訊,27,3,24,凱基-士林,2023-10-27,9238
0056,元大高股息,28,6,22,凱基-士林,2023-10-27,9238
2337,旺宏,37,15,22,凱基-士林,2023-10-27,9238
6243,迅杰,27,5,22,凱基-士林,2023-10-27,9238
8358,金居,22,0,22,凱基-士林,2023-10-27,9238
6276,安鈦克,22,1,21,凱基-士林,2023-10-27,9238
00919,群益台灣精選高息,42,22,20,凱基-士林,2023-10-27,9238
2303,聯電,24,7,17,凱基-士林,2023-10-27,9238
3406,玉晶光,17,0,17,凱基-士林,2023-10-27,9238
3526,凡甲,29,12,17,凱基-士林,2023-10-27,9238
6139,亞翔,20,3,17,凱基-士林,2023-10-27,9238
00712,復華富時不動產,16,0,16,凱基-士林,2023-10-27,9238
6592,和潤企業,16,0,16,凱基-士林,2023-10-27,9238
2317,鴻海,15,0,15,凱基-士林,2023-10-27,9238
2390,云辰,309,294,15,凱基-士林,2023-10-27,9238
2482,連宇,15,0,15,凱基-士林,2023-10-27,9238
3363,上詮,15,0,15,凱基-士林,2023-10-27,9238
6112,邁達特,15,0,15,凱基-士林,2023-10-27,9238
3265,台星科,13,0,13,凱基-士林,2023-10-27,9238
2352,佳世達,16,5,11,凱基-士林,2023-10-27,9238
00902,中信電池及儲能,10,0,10,凱基-士林,2023-10-27,9238
00671R,富邦NASDAQ反1,10,0,10,凱基-士林,2023-10-27,9238
00632R,元大台灣50反1,10,0,10,凱基-士林,2023-10-27,9238
2204,中華,10,0,10,凱基-士林,2023-10-27,9238
5351,鈺創,10,0,10,凱基-士林,2023-10-27,9238
6274,台燿,11,1,10,凱基-士林,2023-10-27,9238
6492,生華科,10,0,10,凱基-士林,2023-10-27,9238
9105,泰金寶-DR,10,0,10,凱基-士林,2023-10-27,9238
2427,三商電,9,1,8,凱基-士林,2023-10-27,9238
4552,力達-KY,8,0,8,凱基-士林,2023-10-27,9238
2476,鉅祥,10,3,7,凱基-士林,2023-10-27,9238
6695,芯鼎,8,1,7,凱基-士林,2023-10-27,9238
9950,萬國通,7,0,7,凱基-士林,2023-10-27,9238
00885,富邦越南,7,0,7,凱基-士林,2023-10-27,9238
00878,國泰永續高股息,14,8,6,凱基-士林,2023-10-27,9238
2049,上銀,6,0,6,凱基-士林,2023-10-27,9238
3059,華晶科,18,12,6,凱基-士林,2023-10-27,9238
2891,中信金,5,0,5,凱基-士林,2023-10-27,9238
2454,聯發科,5,0,5,凱基-士林,2023-10-27,9238
00882,中信中國高股息,5,0,5,凱基-士林,2023-10-27,9238
1734,杏輝,5,0,5,凱基-士林,2023-10-27,9238
2369,菱生,7,2,5,凱基-士林,2023-10-27,9238
2317,鴻海,268,10,258,凱基-士林,2023-10-30,9238
2390,云辰,104,0,104,凱基-士林,2023-10-30,9238
2337,旺宏,108,15,93,凱基-士林,2023-10-30,9238
4960,誠美材,83,0,83,凱基-士林,2023-10-30,9238
2618,長榮航,54,3,51,凱基-士林,2023-10-30,9238
00751B,元大AAA至A公司債,46,0,46,凱基-士林,2023-10-30,9238
5880,合庫金,42,0,42,凱基-士林,2023-10-30,9238
6282,康舒,33,0,33,凱基-士林,2023-10-30,9238
5519,隆大,31,0,31,凱基-士林,2023-10-30,9238
4526,東台,30,0,30,凱基-士林,2023-10-30,9238
2888,新光金,28,0,28,凱基-士林,2023-10-30,9238
00929,復華台灣科技優息,30,4,26,凱基-士林,2023-10-30,9238
2476,鉅祥,37,12,25,凱基-士林,2023-10-30,9238
6290,良維,24,0,24,凱基-士林,2023-10-30,9238
2369,菱生,30,7,23,凱基-士林,2023-10-30,9238
9105,泰金寶-DR,21,0,21,凱基-士林,2023-10-30,9238
00712,復華富時不動產,21,0,21,凱基-士林,2023-10-30,9238
2485,兆赫,22,2,20,凱基-士林,2023-10-30,9238
6188,廣明,20,0,20,凱基-士林,2023-10-30,9238
6530,創威,20,0,20,凱基-士林,2023-10-30,9238
4123,晟德,19,0,19,凱基-士林,2023-10-30,9238
6133,金橋,18,0,18,凱基-士林,2023-10-30,9238
6442,光聖,22,5,17,凱基-士林,2023-10-30,9238
2883,凱基金,15,0,15,凱基-士林,2023-10-30,9238
3481,群創,21,6,15,凱基-士林,2023-10-30,9238
5425,台半,15,0,15,凱基-士林,2023-10-30,9238
6492,生華科,15,0,15,凱基-士林,2023-10-30,9238
4566,時碩工業,14,0,14,凱基-士林,2023-10-30,9238
6418,詠昇,16,2,14,凱基-士林,2023-10-30,9238
00720B,元大投資級公司債,14,2,12,凱基-士林,2023-10-30,9238
4908,前鼎,13,1,12,凱基-士林,2023-10-30,9238
0056,元大高股息,11,0,11,凱基-士林,2023-10-30,9238
1785,光洋科,11,1,10,凱基-士林,2023-10-30,9238
2002,中鋼,10,0,10,凱基-士林,2023-10-30,9238
2882,國泰金,10,0,10,凱基-士林,2023-10-30,9238
4111,濟生,10,0,10,凱基-士林,2023-10-30,9238
4168,醣聯,10,0,10,凱基-士林,2023-10-30,9238
5258,虹堡,11,1,10,凱基-士林,2023-10-30,9238
3617,碩天,11,1,10,凱基-士林,2023-10-30,9238
00764B,群益25年美債,9,0,9,凱基-士林,2023-10-30,9238
00919,群益台灣精選高息,8,0,8,凱基-士林,2023-10-30,9238
3094,聯傑,12,4,8,凱基-士林,2023-10-30,9238
00679B,元大美債20年,8,0,8,凱基-士林,2023-10-30,9238
1303,南亞,7,0,7,凱基-士林,2023-10-30,9238
2330,台積電,10,3,7,凱基-士林,2023-10-30,9238
00687B,國泰20年美債,7,0,7,凱基-士林,2023-10-30,9238
1532,勤美,7,0,7,凱基-士林,2023-10-30,9238
2313,華通,11,4,7,凱基-士林,2023-10-30,9238
8358,金居,12,5,7,凱基-士林,2023-10-30,9238
3037,欣興,7,1,6,凱基-士林,2023-10-30,9238
2390,云辰,170,0,170,凱基-士林,2023-10-31,9238
5519,隆大,60,0,60,凱基-士林,2023-10-31,9238
8054,安國,67,7,60,凱基-士林,2023-10-31,9238
2382,廣達,76,29,47,凱基-士林,2023-10-31,9238
4552,力達-KY,46,0,46,凱基-士林,2023-10-31,9238
2476,鉅祥,41,0,41,凱基-士林,2023-10-31,9238
6235,華孚,32,0,32,凱基-士林,2023-10-31,9238
1721,三晃,31,0,31,凱基-士林,2023-10-31,9238
6274,台燿,30,1,29,凱基-士林,2023-10-31,9238
2313,華通,73,45,28,凱基-士林,2023-10-31,9238
6216,居易,33,6,27,凱基-士林,2023-10-31,9238
0056,元大高股息,29,2,27,凱基-士林,2023-10-31,9238
6290,良維,23,0,23,凱基-士林,2023-10-31,9238
1815,富喬,26,3,23,凱基-士林,2023-10-31,9238
4164,承業醫,23,1,22,凱基-士林,2023-10-31,9238
3189,景碩,21,0,21,凱基-士林,2023-10-31,9238
2355,敬鵬,20,0,20,凱基-士林,2023-10-31,9238
2337,旺宏,18,0,18,凱基-士林,2023-10-31,9238
5521,工信,20,2,18,凱基-士林,2023-10-31,9238
00929,復華台灣科技優息,15,0,15,凱基-士林,2023-10-31,9238
1528,恩德,15,0,15,凱基-士林,2023-10-31,9238
2061,風青,15,0,15,凱基-士林,2023-10-31,9238
9105,泰金寶-DR,25,10,15,凱基-士林,2023-10-31,9238
1802,台玻,14,0,14,凱基-士林,2023-10-31,9238
2363,矽統,14,0,14,凱基-士林,2023-10-31,9238
00712,復華富時不動產,13,0,13,凱基-士林,2023-10-31,9238
2618,長榮航,23,10,13,凱基-士林,2023-10-31,9238
6186,新潤,13,0,13,凱基-士林,2023-10-31,9238
2542,興富發,13,0,13,凱基-士林,2023-10-31,9238
2376,技嘉,20,8,12,凱基-士林,2023-10-31,9238
2883,凱基金,24,12,12,凱基-士林,2023-10-31,9238
2887,台新金,12,0,12,凱基-士林,2023-10-31,9238
2388,威盛,24,13,11,凱基-士林,2023-10-31,9238
5880,合庫金,11,0,11,凱基-士林,2023-10-31,9238
00751B,元大AAA至A公司債,10,0,10,凱基-士林,2023-10-31,9238
1402,遠東新,10,0,10,凱基-士林,2023-10-31,9238
2501,國建,10,0,10,凱基-士林,2023-10-31,9238
6165,浪凡,10,0,10,凱基-士林,2023-10-31,9238
8942,森鉅,10,0,10,凱基-士林,2023-10-31,9238
00715L,期街口布蘭特正2,19,10,9,凱基-士林,2023-10-31,9238
1605,華新,15,6,9,凱基-士林,2023-10-31,9238
4162,智擎,10,1,9,凱基-士林,2023-10-31,9238
00670L,富邦NASDAQ正2,8,0,8,凱基-士林,2023-10-31,9238
00687B,國泰20年美債,8,0,8,凱基-士林,2023-10-31,9238
2344,華邦電,25,17,8,凱基-士林,2023-10-31,9238
2743,山富,11,3,8,凱基-士林,2023-10-31,9238
3060,銘異,8,0,8,凱基-士林,2023-10-31,9238
4168,醣聯,8,0,8,凱基-士林,2023-10-31,9238
00919,群益台灣精選高息,9,2,7,凱基-士林,2023-10-31,9238
2535,達欣工,7,0,7,凱基-士林,2023-10-31,9238
00934,中信成長高股息,177,0,177,凱基-士林,2023-11-01,9238
1605,華新,206,108,98,凱基-士林,2023-11-01,9238
6176,瑞儀,73,0,73,凱基-士林,2023-11-01,9238
1324,地球,58,1,57,凱基-士林,2023-11-01,9238
2436,偉詮電,55,1,54,凱基-士林,2023-11-01,9238
6290,良維,53,0,53,凱基-士林,2023-11-01,9238
2353,宏��,52,0,52,凱基-士林,2023-11-01,9238
2485,兆赫,53,1,52,凱基-士林,2023-11-01,9238
5519,隆大,40,0,40,凱基-士林,2023-11-01,9238
00929,復華台灣科技優息,58,19,39,凱基-士林,2023-11-01,9238
00680L,元大美債20正2,36,0,36,凱基-士林,2023-11-01,9238
3094,聯傑,32,0,32,凱基-士林,2023-11-01,9238
5272,笙科,32,0,32,凱基-士林,2023-11-01,9238
3025,星通,26,0,26,凱基-士林,2023-11-01,9238
00878,國泰永續高股息,75,51,24,凱基-士林,2023-11-01,9238
2025,千興,24,0,24,凱基-士林,2023-11-01,9238
3623,富晶通,67,44,23,凱基-士林,2023-11-01,9238
2344,華邦電,35,13,22,凱基-士林,2023-11-01,9238
2605,新興,21,0,21,凱基-士林,2023-11-01,9238
2401,凌陽,25,6,19,凱基-士林,2023-11-01,9238
5425,台半,19,0,19,凱基-士林,2023-11-01,9238
3043,科風,18,0,18,凱基-士林,2023-11-01,9238
6684,安格,18,0,18,凱基-士林,2023-11-01,9238
2409,友達,16,0,16,凱基-士林,2023-11-01,9238
2891,中信金,15,0,15,凱基-士林,2023-11-01,9238
00751B,元大AAA至A公司債,14,0,14,凱基-士林,2023-11-01,9238
4167,松瑞藥,22,8,14,凱基-士林,2023-11-01,9238
00688L,國泰20年美債正2,13,0,13,凱基-士林,2023-11-01,9238
00679B,元大美債20年,12,0,12,凱基-士林,2023-11-01,9238
2201,裕隆,11,0,11,凱基-士林,2023-11-01,9238
00756B,群益投等新興公債,10,0,10,凱基-士林,2023-11-01,9238
3260,威剛,12,2,10,凱基-士林,2023-11-01,9238
6139,亞翔,13,3,10,凱基-士林,2023-11-01,9238
4919,新唐,9,0,9,凱基-士林,2023-11-01,9238
2356,英業達,16,7,9,凱基-士林,2023-11-01,9238
0056,元大高股息,23,15,8,凱基-士林,2023-11-01,9238
2610,華航,405,397,8,凱基-士林,2023-11-01,9238
6231,系微,10,2,8,凱基-士林,2023-11-01,9238
00885,富邦越南,8,0,8,凱基-士林,2023-11-01,9238
00720B,元大投資級公司債,7,0,7,凱基-士林,2023-11-01,9238
2405,輔信,7,0,7,凱基-士林,2023-11-01,9238
2887,台新金,7,0,7,凱基-士林,2023-11-01,9238
3037,欣興,6,0,6,凱基-士林,2023-11-01,9238
4915,致伸,6,0,6,凱基-士林,2023-11-01,9238
1519,華城,11,5,6,凱基-士林,2023-11-01,9238
2027,大成鋼,6,0,6,凱基-士林,2023-11-01,9238
2358,廷鑫,6,0,6,凱基-士林,2023-11-01,9238
2542,興富發,6,0,6,凱基-士林,2023-11-01,9238
6593,台灣銘板,6,0,6,凱基-士林,2023-11-01,9238
6285,啟��,6,1,5,凱基-士林,2023-11-01,9238
2618,長榮航,356,16,340,凱基-士林,2023-11-02,9238
3481,群創,219,20,199,凱基-士林,2023-11-02,9238
00632R,元大台灣50反1,133,25,108,凱基-士林,2023-11-02,9238
2476,鉅祥,35,0,35,凱基-士林,2023-11-02,9238
00934,中信成長高股息,44,10,34,凱基-士林,2023-11-02,9238
1524,耿鼎,43,10,33,凱基-士林,2023-11-02,9238
5425,台半,31,0,31,凱基-士林,2023-11-02,9238
2380,虹光,30,0,30,凱基-士林,2023-11-02,9238
9105,泰金寶-DR,30,0,30,凱基-士林,2023-11-02,9238
00935,野村臺灣新科技50,26,0,26,凱基-士林,2023-11-02,9238
2031,新光鋼,25,0,25,凱基-士林,2023-11-02,9238
6290,良維,28,4,24,凱基-士林,2023-11-02,9238
3231,緯創,36,14,22,凱基-士林,2023-11-02,9238
00710B,復華彭博非投等債,20,0,20,凱基-士林,2023-11-02,9238
00885,富邦越南,15,2,13,凱基-士林,2023-11-02,9238
6235,華孚,12,0,12,凱基-士林,2023-11-02,9238
2363,矽統,22,11,11,凱基-士林,2023-11-02,9238
2201,裕隆,12,1,11,凱基-士林,2023-11-02,9238
1612,宏泰,10,0,10,凱基-士林,2023-11-02,9238
2392,正崴,10,0,10,凱基-士林,2023-11-02,9238
3515,華擎,10,0,10,凱基-士林,2023-11-02,9238
5225,東科-KY,9,0,9,凱基-士林,2023-11-02,9238
2303,聯電,22,14,8,凱基-士林,2023-11-02,9238
2316,楠梓電,9,1,8,凱基-士林,2023-11-02,9238
3006,晶豪科,15,7,8,凱基-士林,2023-11-02,9238
00900,富邦特選高股息30,7,0,7,凱基-士林,2023-11-02,9238
00680L,元大美債20正2,20,13,7,凱基-士林,2023-11-02,9238
2883,凱基金,8,2,6,凱基-士林,2023-11-02,9238
6278,台表科,6,0,6,凱基-士林,2023-11-02,9238
00631L,元大台灣50正2,7,1,6,凱基-士林,2023-11-02,9238
00712,復華富時不動產,6,1,5,凱基-士林,2023-11-02,9238
00687B,國泰20年美債,8,3,5,凱基-士林,2023-11-02,9238
2414,精技,5,0,5,凱基-士林,2023-11-02,9238
2501,國建,5,0,5,凱基-士林,2023-11-02,9238
2543,皇昌,5,0,5,凱基-士林,2023-11-02,9238
2643,捷迅,5,0,5,凱基-士林,2023-11-02,9238
4108,懷特,6,1,5,凱基-士林,2023-11-02,9238
4563,百德,5,0,5,凱基-士林,2023-11-02,9238
5381,合正,5,0,5,凱基-士林,2023-11-02,9238
6120,達運,5,0,5,凱基-士林,2023-11-02,9238
6585,鼎基,5,0,5,凱基-士林,2023-11-02,9238
8390,金益鼎,5,0,5,凱基-士林,2023-11-02,9238
00679B,元大美債20年,5,0,5,凱基-士林,2023-11-02,9238
3715,定穎投控,25,21,4,凱基-士林,2023-11-02,9238
2812,台中銀,4,0,4,凱基-士林,2023-11-02,9238
2887,台新金,10,6,4,凱基-士林,2023-11-02,9238
3702,大聯大,4,0,4,凱基-士林,2023-11-02,9238
6122,擎邦,4,0,4,凱基-士林,2023-11-02,9238
6284,佳邦,10,6,4,凱基-士林,2023-11-02,9238
8110,華東,6,2,4,凱基-士林,2023-11-02,9238
00632R,元大台灣50反1,145,0,145,凱基-士林,2023-11-03,9238
00919,群益台灣精選高息,88,0,88,凱基-士林,2023-11-03,9238
1815,富喬,114,31,83,凱基-士林,2023-11-03,9238
00934,中信成長高股息,70,2,68,凱基-士林,2023-11-03,9238
1449,佳和,73,13,60,凱基-士林,2023-11-03,9238
2485,兆赫,71,12,59,凱基-士林,2023-11-03,9238
9105,泰金寶-DR,50,0,50,凱基-士林,2023-11-03,9238
6116,彩晶,50,1,49,凱基-士林,2023-11-03,9238
2610,華航,75,28,47,凱基-士林,2023-11-03,9238
2317,鴻海,52,11,41,凱基-士林,2023-11-03,9238
00882,中信中國高股息,60,20,40,凱基-士林,2023-11-03,9238
00878,國泰永續高股息,46,9,37,凱基-士林,2023-11-03,9238
2313,華通,52,21,31,凱基-士林,2023-11-03,9238
4188,安克,36,5,31,凱基-士林,2023-11-03,9238
2867,三商壽,30,0,30,凱基-士林,2023-11-03,9238
8054,安國,24,0,24,凱基-士林,2023-11-03,9238
3062,建漢,23,0,23,凱基-士林,2023-11-03,9238
2329,華泰,25,5,20,凱基-士林,2023-11-03,9238
00687B,國泰20年美債,22,3,19,凱基-士林,2023-11-03,9238
4906,正文,19,1,18,凱基-士林,2023-11-03,9238
2476,鉅祥,17,0,17,凱基-士林,2023-11-03,9238
3548,兆利,20,3,17,凱基-士林,2023-11-03,9238
5521,工信,27,10,17,凱基-士林,2023-11-03,9238
2543,皇昌,16,1,15,凱基-士林,2023-11-03,9238
00679B,元大美債20年,15,1,14,凱基-士林,2023-11-03,9238
5258,虹堡,22,8,14,凱基-士林,2023-11-03,9238
2618,長榮航,341,327,14,凱基-士林,2023-11-03,9238
6492,生華科,15,2,13,凱基-士林,2023-11-03,9238
2337,旺宏,16,6,10,凱基-士林,2023-11-03,9238
2516,新建,10,0,10,凱基-士林,2023-11-03,9238
9938,百和,10,0,10,凱基-士林,2023-11-03,9238
1514,亞力,10,1,9,凱基-士林,2023-11-03,9238
3625,西勝,8,0,8,凱基-士林,2023-11-03,9238
2382,廣達,17,10,7,凱基-士林,2023-11-03,9238
1445,大宇,7,0,7,凱基-士林,2023-11-03,9238
6290,良維,7,0,7,凱基-士林,2023-11-03,9238
2458,義隆,8,2,6,凱基-士林,2023-11-03,9238
2328,廣宇,6,0,6,凱基-士林,2023-11-03,9238
4763,材料-KY,5,0,5,凱基-士林,2023-11-03,9238
1752,南光,5,0,5,凱基-士林,2023-11-03,9238
2061,風青,5,0,5,凱基-士林,2023-11-03,9238
2367,燿華,7,2,5,凱基-士林,2023-11-03,9238
2417,圓剛,5,0,5,凱基-士林,2023-11-03,9238
2501,國建,5,0,5,凱基-士林,2023-11-03,9238
3322,建舜電,7,2,5,凱基-士林,2023-11-03,9238
4108,懷特,5,0,5,凱基-士林,2023-11-03,9238
8150,南茂,5,0,5,凱基-士林,2023-11-03,9238
2454,聯發科,5,1,4,凱基-士林,2023-11-03,9238
8358,金居,4,0,4,凱基-士林,2023-11-03,9238
8046,南電,9,5,4,凱基-士林,2023-11-03,9238
00632R,元大台灣50反1,130,0,130,凱基-士林,2023-11-06,9238
00929,復華台灣科技優息,168,41,127,凱基-士林,2023-11-06,9238
00719B,元大美債1-3,120,0,120,凱基-士林,2023-11-06,9238
00687B,國泰20年美債,68,0,68,凱基-士林,2023-11-06,9238
1815,富喬,136,77,59,凱基-士林,2023-11-06,9238
3406,玉晶光,39,2,37,凱基-士林,2023-11-06,9238
3706,神達,38,1,37,凱基-士林,2023-11-06,9238
2371,大同,34,0,34,凱基-士林,2023-11-06,9238
5258,虹堡,115,83,32,凱基-士林,2023-11-06,9238
00919,群益台灣精選高息,42,11,31,凱基-士林,2023-11-06,9238
9105,泰金寶-DR,30,0,30,凱基-士林,2023-11-06,9238
00878,國泰永續高股息,32,4,28,凱基-士林,2023-11-06,9238
8054,安國,26,2,24,凱基-士林,2023-11-06,9238
1445,大宇,20,0,20,凱基-士林,2023-11-06,9238
9904,寶成,20,0,20,凱基-士林,2023-11-06,9238
2363,矽統,73,58,15,凱基-士林,2023-11-06,9238
4164,承業醫,15,0,15,凱基-士林,2023-11-06,9238
00720B,元大投資級公司債,14,0,14,凱基-士林,2023-11-06,9238
2313,華通,25,13,12,凱基-士林,2023-11-06,9238
2392,正崴,11,0,11,凱基-士林,2023-11-06,9238
00900,富邦特選高股息30,13,2,11,凱基-士林,2023-11-06,9238
2618,長榮航,20,10,10,凱基-士林,2023-11-06,9238
00898,國泰基因免疫革命,10,0,10,凱基-士林,2023-11-06,9238
1721,三晃,13,3,10,凱基-士林,2023-11-06,9238
2027,大成鋼,10,0,10,凱基-士林,2023-11-06,9238
2206,三陽工業,15,5,10,凱基-士林,2023-11-06,9238
2356,英業達,17,7,10,凱基-士林,2023-11-06,9238
2369,菱生,15,5,10,凱基-士林,2023-11-06,9238
00931B,統一美債20年,10,1,9,凱基-士林,2023-11-06,9238
6547,高端疫苗,10,1,9,凱基-士林,2023-11-06,9238
3030,德律,8,0,8,凱基-士林,2023-11-06,9238
6901,鑽石投資,8,0,8,凱基-士林,2023-11-06,9238
2634,漢翔,9,2,7,凱基-士林,2023-11-06,9238
3694,海華,7,0,7,凱基-士林,2023-11-06,9238
3704,合勤控,7,0,7,凱基-士林,2023-11-06,9238
00642U,期元大S＆P石油,6,0,6,凱基-士林,2023-11-06,9238
6657,華安,6,0,6,凱基-士林,2023-11-06,9238
1785,光洋科,6,0,6,凱基-士林,2023-11-06,9238
00885,富邦越南,5,0,5,凱基-士林,2023-11-06,9238
2408,南亞科,8,3,5,凱基-士林,2023-11-06,9238
00715L,期街口布蘭特正2,5,0,5,凱基-士林,2023-11-06,9238
00901,永豐智能車供應鏈,5,0,5,凱基-士林,2023-11-06,9238
00892,富邦台灣半導體,5,0,5,凱基-士林,2023-11-06,9238
00896,中信綠能及電動車,5,0,5,凱基-士林,2023-11-06,9238
00676R,富邦臺灣加權反1,5,0,5,凱基-士林,2023-11-06,9238
00680L,元大美債20正2,5,0,5,凱基-士林,2023-11-06,9238
1504,東元,5,0,5,凱基-士林,2023-11-06,9238
2834,臺企銀,5,0,5,凱基-士林,2023-11-06,9238
3038,全台,5,0,5,凱基-士林,2023-11-06,9238
3055,蔚華科,5,0,5,凱基-士林,2023-11-06,9238
4164,承業醫,127,30,97,凱基-士林,2023-11-07,9238
3481,群創,106,14,92,凱基-士林,2023-11-07,9238
3694,海華,86,7,79,凱基-士林,2023-11-07,9238
2618,長榮航,67,9,58,凱基-士林,2023-11-07,9238
00919,群益台灣精選高息,58,7,51,凱基-士林,2023-11-07,9238
3516,亞帝歐,52,12,40,凱基-士林,2023-11-07,9238
6116,彩晶,37,0,37,凱基-士林,2023-11-07,9238
00687B,國泰20年美債,34,1,33,凱基-士林,2023-11-07,9238
5531,鄉林,30,0,30,凱基-士林,2023-11-07,9238
00878,國泰永續高股息,31,4,27,凱基-士林,2023-11-07,9238
00934,中信成長高股息,28,2,26,凱基-士林,2023-11-07,9238
00929,復華台灣科技優息,28,7,21,凱基-士林,2023-11-07,9238
2515,中工,20,0,20,凱基-士林,2023-11-07,9238
6799,來頡,20,0,20,凱基-士林,2023-11-07,9238
8110,華東,18,1,17,凱基-士林,2023-11-07,9238
2388,威盛,17,2,15,凱基-士林,2023-11-07,9238
2344,華邦電,14,0,14,凱基-士林,2023-11-07,9238
2630,亞航,13,0,13,凱基-士林,2023-11-07,9238
3221,台嘉碩,13,1,12,凱基-士林,2023-11-07,9238
6770,力積電,11,0,11,凱基-士林,2023-11-07,9238
2303,聯電,22,11,11,凱基-士林,2023-11-07,9238
00756B,群益投等新興公債,10,0,10,凱基-士林,2023-11-07,9238
1313,聯成,10,0,10,凱基-士林,2023-11-07,9238
1568,倉佑,10,0,10,凱基-士林,2023-11-07,9238
2206,三陽工業,16,6,10,凱基-士林,2023-11-07,9238
2488,漢平,11,1,10,凱基-士林,2023-11-07,9238
3207,耀勝,48,38,10,凱基-士林,2023-11-07,9238
4744,皇將,10,0,10,凱基-士林,2023-11-07,9238
5301,寶得利,11,1,10,凱基-士林,2023-11-07,9238
9950,萬國通,10,0,10,凱基-士林,2023-11-07,9238
2392,正崴,9,0,9,凱基-士林,2023-11-07,9238
2634,漢翔,14,5,9,凱基-士林,2023-11-07,9238
2732,六角,9,0,9,凱基-士林,2023-11-07,9238
6143,振曜,10,1,9,凱基-士林,2023-11-07,9238
8054,安國,9,0,9,凱基-士林,2023-11-07,9238
2883,凱基金,8,0,8,凱基-士林,2023-11-07,9238
1445,大宇,8,0,8,凱基-士林,2023-11-07,9238
2882,國泰金,10,2,8,凱基-士林,2023-11-07,9238
6188,廣明,9,1,8,凱基-士林,2023-11-07,9238
6191,精成科,8,0,8,凱基-士林,2023-11-07,9238
2610,華航,13,6,7,凱基-士林,2023-11-07,9238
3704,合勤控,7,0,7,凱基-士林,2023-11-07,9238
00935,野村臺灣新科技50,6,0,6,凱基-士林,2023-11-07,9238
3037,欣興,8,2,6,凱基-士林,2023-11-07,9238
00900,富邦特選高股息30,7,1,6,凱基-士林,2023-11-07,9238
1519,華城,8,2,6,凱基-士林,2023-11-07,9238
6139,亞翔,7,1,6,凱基-士林,2023-11-07,9238
6592,和潤企業,6,0,6,凱基-士林,2023-11-07,9238
2317,鴻海,8,2,6,凱基-士林,2023-11-07,9238
2356,英業達,6,1,5,凱基-士林,2023-11-07,9238
1815,富喬,179,9,170,凱基-士林,2023-11-08,9238
00719B,元大美債1-3,120,0,120,凱基-士林,2023-11-08,9238
1605,華新,102,0,102,凱基-士林,2023-11-08,9238
3481,群創,101,30,71,凱基-士林,2023-11-08,9238
1314,中石化,70,0,70,凱基-士林,2023-11-08,9238
2618,長榮航,79,22,57,凱基-士林,2023-11-08,9238
2610,華航,63,6,57,凱基-士林,2023-11-08,9238
00715L,期街口布蘭特正2,71,17,54,凱基-士林,2023-11-08,9238
9105,泰金寶-DR,50,0,50,凱基-士林,2023-11-08,9238
00687B,國泰20年美債,44,0,44,凱基-士林,2023-11-08,9238
00929,復華台灣科技優息,77,37,40,凱基-士林,2023-11-08,9238
2363,矽統,88,54,34,凱基-士林,2023-11-08,9238
1560,中砂,35,1,34,凱基-士林,2023-11-08,9238
2303,聯電,45,13,32,凱基-士林,2023-11-08,9238
2390,云辰,30,0,30,凱基-士林,2023-11-08,9238
00673R,期元大S＆P原油反1,25,0,25,凱基-士林,2023-11-08,9238
00936,台新永續高息中小,70,49,21,凱基-士林,2023-11-08,9238
2883,凱基金,34,14,20,凱基-士林,2023-11-08,9238
00935,野村臺灣新科技50,20,0,20,凱基-士林,2023-11-08,9238
3484,崧騰,20,0,20,凱基-士林,2023-11-08,9238
3221,台嘉碩,17,0,17,凱基-士林,2023-11-08,9238
3260,威剛,19,2,17,凱基-士林,2023-11-08,9238
00878,國泰永續高股息,20,4,16,凱基-士林,2023-11-08,9238
00632R,元大台灣50反1,15,0,15,凱基-士林,2023-11-08,9238
3363,上詮,16,1,15,凱基-士林,2023-11-08,9238
8110,華東,26,11,15,凱基-士林,2023-11-08,9238
00679B,元大美債20年,13,0,13,凱基-士林,2023-11-08,9238
2337,旺宏,13,1,12,凱基-士林,2023-11-08,9238
2891,中信金,11,0,11,凱基-士林,2023-11-08,9238
3322,建舜電,16,5,11,凱基-士林,2023-11-08,9238
6197,佳必琪,11,0,11,凱基-士林,2023-11-08,9238
00919,群益台灣精選高息,14,3,11,凱基-士林,2023-11-08,9238
8358,金居,12,2,10,凱基-士林,2023-11-08,9238
00720B,元大投資級公司債,10,0,10,凱基-士林,2023-11-08,9238
00680L,元大美債20正2,10,0,10,凱基-士林,2023-11-08,9238
00795B,中信美國公債20年,10,0,10,凱基-士林,2023-11-08,9238
2449,京元電子,11,1,10,凱基-士林,2023-11-08,9238
5521,工信,15,5,10,凱基-士林,2023-11-08,9238
6122,擎邦,73,63,10,凱基-士林,2023-11-08,9238
8054,安國,10,0,10,凱基-士林,2023-11-08,9238
2301,光寶科,10,1,9,凱基-士林,2023-11-08,9238
2369,菱生,13,4,9,凱基-士林,2023-11-08,9238
2739,寒舍,10,1,9,凱基-士林,2023-11-08,9238
4108,懷特,9,0,9,凱基-士林,2023-11-08,9238
4167,松瑞藥,27,18,9,凱基-士林,2023-11-08,9238
6568,宏觀,9,0,9,凱基-士林,2023-11-08,9238
3013,晟銘電,14,6,8,凱基-士林,2023-11-08,9238
00892,富邦台灣半導體,10,2,8,凱基-士林,2023-11-08,9238
1445,大宇,7,0,7,凱基-士林,2023-11-08,9238
2204,中華,11,4,7,凱基-士林,2023-11-08,9238
00719B,元大美債1-3,120,0,120,凱基-士林,2023-11-09,9238
00680L,元大美債20正2,108,1,107,凱基-士林,2023-11-09,9238
1605,華新,102,0,102,凱基-士林,2023-11-09,9238
00632R,元大台灣50反1,100,0,100,凱基-士林,2023-11-09,9238
00715L,期街口布蘭特正2,84,0,84,凱基-士林,2023-11-09,9238
1314,中石化,58,0,58,凱基-士林,2023-11-09,9238
2610,華航,61,4,57,凱基-士林,2023-11-09,9238
5347,世界,47,0,47,凱基-士林,2023-11-09,9238
1324,地球,40,0,40,凱基-士林,2023-11-09,9238
00687B,國泰20年美債,34,0,34,凱基-士林,2023-11-09,9238
1815,富喬,52,20,32,凱基-士林,2023-11-09,9238
2025,千興,30,0,30,凱基-士林,2023-11-09,9238
2888,新光金,30,0,30,凱基-士林,2023-11-09,9238
6237,驊訊,30,0,30,凱基-士林,2023-11-09,9238
2337,旺宏,21,0,21,凱基-士林,2023-11-09,9238
00756B,群益投等新興公債,20,0,20,凱基-士林,2023-11-09,9238
2743,山富,21,1,20,凱基-士林,2023-11-09,9238
3206,志豐,20,0,20,凱基-士林,2023-11-09,9238
3484,崧騰,20,0,20,凱基-士林,2023-11-09,9238
2409,友達,19,0,19,凱基-士林,2023-11-09,9238
00936,台新永續高息中小,29,13,16,凱基-士林,2023-11-09,9238
8432,東生華,16,0,16,凱基-士林,2023-11-09,9238
5521,工信,15,0,15,凱基-士林,2023-11-09,9238
6125,廣運,15,0,15,凱基-士林,2023-11-09,9238
3306,鼎天,16,3,13,凱基-士林,2023-11-09,9238
00929,復華台灣科技優息,12,0,12,凱基-士林,2023-11-09,9238
2392,正崴,11,0,11,凱基-士林,2023-11-09,9238
2889,國票金,11,0,11,凱基-士林,2023-11-09,9238
3483,力致,23,12,11,凱基-士林,2023-11-09,9238
1307,三芳,10,0,10,凱基-士林,2023-11-09,9238
2887,台新金,10,0,10,凱基-士林,2023-11-09,9238
4557,永新-KY,10,0,10,凱基-士林,2023-11-09,9238
6558,興能高,10,0,10,凱基-士林,2023-11-09,9238
8034,榮群,11,1,10,凱基-士林,2023-11-09,9238
8105,凌巨,10,0,10,凱基-士林,2023-11-09,9238
2317,鴻海,17,7,10,凱基-士林,2023-11-09,9238
00878,國泰永續高股息,10,0,10,凱基-士林,2023-11-09,9238
00631L,元大台灣50正2,9,0,9,凱基-士林,2023-11-09,9238
2486,一詮,9,0,9,凱基-士林,2023-11-09,9238
8110,華東,9,0,9,凱基-士林,2023-11-09,9238
2329,華泰,32,24,8,凱基-士林,2023-11-09,9238
2427,三商電,8,0,8,凱基-士林,2023-11-09,9238
3122,笙泉,13,5,8,凱基-士林,2023-11-09,9238
3325,旭品,8,0,8,凱基-士林,2023-11-09,9238
8054,安國,8,0,8,凱基-士林,2023-11-09,9238
6442,光聖,12,5,7,凱基-士林,2023-11-09,9238
4763,材料-KY,7,0,7,凱基-士林,2023-11-09,9238
00915,凱基優選高股息30,8,1,7,凱基-士林,2023-11-09,9238
1445,大宇,7,0,7,凱基-士林,2023-11-09,9238
3260,威剛,18,11,7,凱基-士林,2023-11-09,9238
00719B,元大美債1-3,120,0,120,凱基-士林,2023-11-10,9238
2609,陽明,47,8,39,凱基-士林,2023-11-10,9238
4164,承業醫,35,0,35,凱基-士林,2023-11-10,9238
00680L,元大美債20正2,32,0,32,凱基-士林,2023-11-10,9238
6179,亞通,30,0,30,凱基-士林,2023-11-10,9238
4128,中天,33,3,30,凱基-士林,2023-11-10,9238
2610,華航,24,4,20,凱基-士林,2023-11-10,9238
00710B,復華彭博非投等債,20,0,20,凱基-士林,2023-11-10,9238
00726B,國泰新興投等債,20,0,20,凱基-士林,2023-11-10,9238
1307,三芳,22,2,20,凱基-士林,2023-11-10,9238
2402,毅嘉,22,3,19,凱基-士林,2023-11-10,9238
2515,中工,20,1,19,凱基-士林,2023-11-10,9238
2618,長榮航,26,10,16,凱基-士林,2023-11-10,9238
3228,金麗科,19,3,16,凱基-士林,2023-11-10,9238
2392,正崴,15,0,15,凱基-士林,2023-11-10,9238
8176,智捷,15,0,15,凱基-士林,2023-11-10,9238
6271,同欣電,13,0,13,凱基-士林,2023-11-10,9238
1445,大宇,13,0,13,凱基-士林,2023-11-10,9238
2356,英業達,21,8,13,凱基-士林,2023-11-10,9238
00878,國泰永續高股息,14,1,13,凱基-士林,2023-11-10,9238
3231,緯創,42,30,12,凱基-士林,2023-11-10,9238
2371,大同,11,0,11,凱基-士林,2023-11-10,9238
3484,崧騰,11,0,11,凱基-士林,2023-11-10,9238
2337,旺宏,14,4,10,凱基-士林,2023-11-10,9238
2889,國票金,10,0,10,凱基-士林,2023-11-10,9238
3308,聯德,10,0,10,凱基-士林,2023-11-10,9238
6116,彩晶,10,0,10,凱基-士林,2023-11-10,9238
00756B,群益投等新興公債,9,0,9,凱基-士林,2023-11-10,9238
2201,裕隆,8,0,8,凱基-士林,2023-11-10,9238
2303,聯電,8,0,8,凱基-士林,2023-11-10,9238
3038,全台,8,0,8,凱基-士林,2023-11-10,9238
3362,先進光,8,0,8,凱基-士林,2023-11-10,9238
3479,安勤,8,0,8,凱基-士林,2023-11-10,9238
5258,虹堡,21,14,7,凱基-士林,2023-11-10,9238
1760,寶齡富錦,7,0,7,凱基-士林,2023-11-10,9238
2408,南亞科,9,2,7,凱基-士林,2023-11-10,9238
6530,創威,10,3,7,凱基-士林,2023-11-10,9238
3363,上詮,12,5,7,凱基-士林,2023-11-10,9238
00885,富邦越南,7,0,7,凱基-士林,2023-11-10,9238
00919,群益台灣精選高息,11,4,7,凱基-士林,2023-11-10,9238
2331,精英,8,2,6,凱基-士林,2023-11-10,9238
1618,合機,6,0,6,凱基-士林,2023-11-10,9238
2399,映泰,7,1,6,凱基-士林,2023-11-10,9238
3406,玉晶光,8,2,6,凱基-士林,2023-11-10,9238
5309,系統電,6,0,6,凱基-士林,2023-11-10,9238
6245,立端,6,0,6,凱基-士林,2023-11-10,9238
2454,聯發科,5,0,5,凱基-士林,2023-11-10,9238
5871,中租-KY,5,0,5,凱基-士林,2023-11-10,9238
00902,中信電池及儲能,5,0,5,凱基-士林,2023-11-10,9238
00632R,元大台灣50反1,5,0,5,凱基-士林,2023-11-10,9238
00903,富邦元宇宙,82,0,82,凱基-士林,2023-11-13,9238
8034,榮群,81,0,81,凱基-士林,2023-11-13,9238
4164,承業醫,70,0,70,凱基-士林,2023-11-13,9238
00892,富邦台灣半導體,55,0,55,凱基-士林,2023-11-13,9238
3576,聯合再生,51,0,51,凱基-士林,2023-11-13,9238
00919,群益台灣精選高息,35,3,32,凱基-士林,2023-11-13,9238
2025,千興,30,0,30,凱基-士林,2023-11-13,9238
1108,幸福,27,0,27,凱基-士林,2023-11-13,9238
2618,長榮航,29,7,22,凱基-士林,2023-11-13,9238
6799,來頡,22,0,22,凱基-士林,2023-11-13,9238
5425,台半,21,0,21,凱基-士林,2023-11-13,9238
3062,建漢,18,0,18,凱基-士林,2023-11-13,9238
00632R,元大台灣50反1,16,0,16,凱基-士林,2023-11-13,9238
5521,工信,25,10,15,凱基-士林,2023-11-13,9238
8358,金居,21,8,13,凱基-士林,2023-11-13,9238
00687B,國泰20年美債,13,0,13,凱基-士林,2023-11-13,9238
6901,鑽石投資,14,1,13,凱基-士林,2023-11-13,9238
00679B,元大美債20年,12,0,12,凱基-士林,2023-11-13,9238
4763,材料-KY,11,0,11,凱基-士林,2023-11-13,9238
2352,佳世達,14,3,11,凱基-士林,2023-11-13,9238
00688L,國泰20年美債正2,11,0,11,凱基-士林,2023-11-13,9238
3483,力致,11,0,11,凱基-士林,2023-11-13,9238
4566,時碩工業,11,0,11,凱基-士林,2023-11-13,9238
00751B,元大AAA至A公司債,10,0,10,凱基-士林,2023-11-13,9238
4123,晟德,10,0,10,凱基-士林,2023-11-13,9238
5386,青雲,11,1,10,凱基-士林,2023-11-13,9238
2201,裕隆,10,1,9,凱基-士林,2023-11-13,9238
2303,聯電,21,12,9,凱基-士林,2023-11-13,9238
2515,中工,9,0,9,凱基-士林,2023-11-13,9238
3231,緯創,63,55,8,凱基-士林,2023-11-13,9238
2382,廣達,19,11,8,凱基-士林,2023-11-13,9238
1802,台玻,8,0,8,凱基-士林,2023-11-13,9238
6290,良維,11,3,8,凱基-士林,2023-11-13,9238
6139,亞翔,11,3,8,凱基-士林,2023-11-13,9238
6245,立端,12,4,8,凱基-士林,2023-11-13,9238
6603,富強鑫,10,2,8,凱基-士林,2023-11-13,9238
8436,大江,8,0,8,凱基-士林,2023-11-13,9238
00936,台新永續高息中小,7,0,7,凱基-士林,2023-11-13,9238
2488,漢平,7,0,7,凱基-士林,2023-11-13,9238
2610,華航,8,2,6,凱基-士林,2023-11-13,9238
00934,中信成長高股息,7,1,6,凱基-士林,2023-11-13,9238
1445,大宇,6,0,6,凱基-士林,2023-11-13,9238
1477,聚陽,6,0,6,凱基-士林,2023-11-13,9238
2337,旺宏,9,3,6,凱基-士林,2023-11-13,9238
6141,柏承,13,7,6,凱基-士林,2023-11-13,9238
6284,佳邦,6,0,6,凱基-士林,2023-11-13,9238
2377,微星,6,1,5,凱基-士林,2023-11-13,9238
00850,元大臺灣ESG永續,5,0,5,凱基-士林,2023-11-13,9238
00692,富邦公司治理,5,0,5,凱基-士林,2023-11-13,9238
00921,兆豐龍頭等權重,5,0,5,凱基-士林,2023-11-13,9238
1815,富喬,128,9,119,凱基-士林,2023-11-14,9238
3694,海華,100,1,99,凱基-士林,2023-11-14,9238
00719B,元大美債1-3,75,0,75,凱基-士林,2023-11-14,9238
00929,復華台灣科技優息,86,13,73,凱基-士林,2023-11-14,9238
2630,亞航,50,0,50,凱基-士林,2023-11-14,9238
2402,毅嘉,85,35,50,凱基-士林,2023-11-14,9238
00751B,元大AAA至A公司債,30,0,30,凱基-士林,2023-11-14,9238
3516,亞帝歐,30,0,30,凱基-士林,2023-11-14,9238
5531,鄉林,30,0,30,凱基-士林,2023-11-14,9238
00680L,元大美債20正2,25,0,25,凱基-士林,2023-11-14,9238
2618,長榮航,30,6,24,凱基-士林,2023-11-14,9238
00919,群益台灣精選高息,24,1,23,凱基-士林,2023-11-14,9238
3481,群創,32,9,23,凱基-士林,2023-11-14,9238
00933B,國泰10Y+金融債,20,0,20,凱基-士林,2023-11-14,9238
00882,中信中國高股息,20,0,20,凱基-士林,2023-11-14,9238
00712,復華富時不動產,20,0,20,凱基-士林,2023-11-14,9238
2392,正崴,21,1,20,凱基-士林,2023-11-14,9238
6282,康舒,19,0,19,凱基-士林,2023-11-14,9238
2417,圓剛,24,6,18,凱基-士林,2023-11-14,9238
3276,宇環,18,0,18,凱基-士林,2023-11-14,9238
2409,友達,17,0,17,凱基-士林,2023-11-14,9238
3483,力致,17,0,17,凱基-士林,2023-11-14,9238
6116,彩晶,16,0,16,凱基-士林,2023-11-14,9238
8054,安國,16,0,16,凱基-士林,2023-11-14,9238
1718,中纖,15,0,15,凱基-士林,2023-11-14,9238
1504,東元,15,1,14,凱基-士林,2023-11-14,9238
2903,遠百,14,0,14,凱基-士林,2023-11-14,9238
5425,台半,14,0,14,凱基-士林,2023-11-14,9238
2609,陽明,28,16,12,凱基-士林,2023-11-14,9238
1612,宏泰,12,0,12,凱基-士林,2023-11-14,9238
3545,敦泰,40,28,12,凱基-士林,2023-11-14,9238
2427,三商電,12,1,11,凱基-士林,2023-11-14,9238
2303,聯電,11,0,11,凱基-士林,2023-11-14,9238
8048,德勝,10,0,10,凱基-士林,2023-11-14,9238
00631L,元大台灣50正2,10,0,10,凱基-士林,2023-11-14,9238
00692,富邦公司治理,9,0,9,凱基-士林,2023-11-14,9238
2355,敬鵬,10,1,9,凱基-士林,2023-11-14,9238
3406,玉晶光,9,0,9,凱基-士林,2023-11-14,9238
4128,中天,9,0,9,凱基-士林,2023-11-14,9238
2883,凱基金,12,4,8,凱基-士林,2023-11-14,9238
4168,醣聯,8,0,8,凱基-士林,2023-11-14,9238
6625,必應,8,0,8,凱基-士林,2023-11-14,9238
00878,國泰永續高股息,11,4,7,凱基-士林,2023-11-14,9238
00850,元大臺灣ESG永續,7,0,7,凱基-士林,2023-11-14,9238
00642U,期元大S＆P石油,7,0,7,凱基-士林,2023-11-14,9238
3017,奇鋐,9,3,6,凱基-士林,2023-11-14,9238
1477,聚陽,6,0,6,凱基-士林,2023-11-14,9238
2515,中工,6,0,6,凱基-士林,2023-11-14,9238
6133,金橋,6,0,6,凱基-士林,2023-11-14,9238
6141,柏承,6,0,6,凱基-士林,2023-11-14,9238
2402,毅嘉,85,4,81,凱基-士林,2023-11-15,9238
3406,玉晶光,80,0,80,凱基-士林,2023-11-15,9238
00632R,元大台灣50反1,63,1,62,凱基-士林,2023-11-15,9238
2323,中環,56,0,56,凱基-士林,2023-11-15,9238
00712,復華富時不動產,55,2,53,凱基-士林,2023-11-15,9238
5425,台半,42,4,38,凱基-士林,2023-11-15,9238
3516,亞帝歐,31,0,31,凱基-士林,2023-11-15,9238
6213,聯茂,22,0,22,凱基-士林,2023-11-15,9238
1471,首利,21,0,21,凱基-士林,2023-11-15,9238
2345,智邦,29,8,21,凱基-士林,2023-11-15,9238
2419,仲琦,20,0,20,凱基-士林,2023-11-15,9238
2636,台驊控股,20,0,20,凱基-士林,2023-11-15,9238
00919,群益台灣精選高息,20,0,20,凱基-士林,2023-11-15,9238
6122,擎邦,42,25,17,凱基-士林,2023-11-15,9238
8358,金居,20,5,15,凱基-士林,2023-11-15,9238
2356,英業達,15,0,15,凱基-士林,2023-11-15,9238
2313,華通,26,12,14,凱基-士林,2023-11-15,9238
5258,虹堡,15,1,14,凱基-士林,2023-11-15,9238
2409,友達,50,36,14,凱基-士林,2023-11-15,9238
00935,野村臺灣新科技50,12,0,12,凱基-士林,2023-11-15,9238
8996,高力,17,5,12,凱基-士林,2023-11-15,9238
9945,潤泰新,12,1,11,凱基-士林,2023-11-15,9238
3324,雙鴻,12,1,11,凱基-士林,2023-11-15,9238
1445,大宇,10,0,10,凱基-士林,2023-11-15,9238
2427,三商電,10,0,10,凱基-士林,2023-11-15,9238
2501,國建,10,0,10,凱基-士林,2023-11-15,9238
2516,新建,10,0,10,凱基-士林,2023-11-15,9238
3483,力致,10,0,10,凱基-士林,2023-11-15,9238
5521,工信,10,0,10,凱基-士林,2023-11-15,9238
1568,倉佑,11,2,9,凱基-士林,2023-11-15,9238
5287,數字,8,0,8,凱基-士林,2023-11-15,9238
5452,佶優,8,0,8,凱基-士林,2023-11-15,9238
4938,和碩,13,6,7,凱基-士林,2023-11-15,9238
2417,圓剛,13,6,7,凱基-士林,2023-11-15,9238
2610,華航,15,8,7,凱基-士林,2023-11-15,9238
4763,材料-KY,9,2,7,凱基-士林,2023-11-15,9238
00933B,國泰10Y+金融債,21,15,6,凱基-士林,2023-11-15,9238
2353,宏��,7,1,6,凱基-士林,2023-11-15,9238
6150,撼訊,6,0,6,凱基-士林,2023-11-15,9238
3715,定穎投控,7,1,6,凱基-士林,2023-11-15,9238
8054,安國,10,5,5,凱基-士林,2023-11-15,9238
2634,漢翔,6,1,5,凱基-士林,2023-11-15,9238
4168,醣聯,5,0,5,凱基-士林,2023-11-15,9238
6127,九豪,5,0,5,凱基-士林,2023-11-15,9238
6592,和潤企業,5,0,5,凱基-士林,2023-11-15,9238
6615,慧智,5,0,5,凱基-士林,2023-11-15,9238
9105,泰金寶-DR,5,0,5,凱基-士林,2023-11-15,9238
4967,十銓,6,1,5,凱基-士林,2023-11-15,9238
4979,華星光,5,1,4,凱基-士林,2023-11-15,9238
3017,奇鋐,15,11,4,凱基-士林,2023-11-15,9238
2317,鴻海,337,5,332,凱基-士林,2023-11-16,9238
8176,智捷,112,0,112,凱基-士林,2023-11-16,9238
1445,大宇,97,0,97,凱基-士林,2023-11-16,9238
1605,華新,100,5,95,凱基-士林,2023-11-16,9238
2371,大同,146,85,61,凱基-士林,2023-11-16,9238
6901,鑽石投資,54,3,51,凱基-士林,2023-11-16,9238
2634,漢翔,50,1,49,凱基-士林,2023-11-16,9238
2344,華邦電,54,11,43,凱基-士林,2023-11-16,9238
1815,富喬,111,68,43,凱基-士林,2023-11-16,9238
4164,承業醫,35,0,35,凱基-士林,2023-11-16,9238
2402,毅嘉,36,3,33,凱基-士林,2023-11-16,9238
5521,工信,30,0,30,凱基-士林,2023-11-16,9238
00715L,期街口布蘭特正2,26,0,26,凱基-士林,2023-11-16,9238
1514,亞力,23,0,23,凱基-士林,2023-11-16,9238
6667,信紘科,28,5,23,凱基-士林,2023-11-16,9238
00632R,元大台灣50反1,22,0,22,凱基-士林,2023-11-16,9238
00679B,元大美債20年,22,0,22,凱基-士林,2023-11-16,9238
4960,誠美材,20,0,20,凱基-士林,2023-11-16,9238
6456,GIS-KY,36,17,19,凱基-士林,2023-11-16,9238
2417,圓剛,75,57,18,凱基-士林,2023-11-16,9238
6133,金橋,30,12,18,凱基-士林,2023-11-16,9238
00934,中信成長高股息,15,0,15,凱基-士林,2023-11-16,9238
2535,達欣工,15,0,15,凱基-士林,2023-11-16,9238
2736,富野,16,1,15,凱基-士林,2023-11-16,9238
3484,崧騰,15,0,15,凱基-士林,2023-11-16,9238
2356,英業達,14,1,13,凱基-士林,2023-11-16,9238
2382,廣達,14,2,12,凱基-士林,2023-11-16,9238
00673R,期元大S＆P原油反1,15,3,12,凱基-士林,2023-11-16,9238
8054,安國,13,1,12,凱基-士林,2023-11-16,9238
2352,佳世達,11,0,11,凱基-士林,2023-11-16,9238
2748,雲品,11,0,11,凱基-士林,2023-11-16,9238
3147,大綜,11,0,11,凱基-士林,2023-11-16,9238
1104,環泥,10,0,10,凱基-士林,2023-11-16,9238
00637L,元大滬深300正2,10,0,10,凱基-士林,2023-11-16,9238
00712,復華富時不動產,10,0,10,凱基-士林,2023-11-16,9238
6185,幃翔,11,1,10,凱基-士林,2023-11-16,9238
6558,興能高,10,0,10,凱基-士林,2023-11-16,9238
8936,國統,10,0,10,凱基-士林,2023-11-16,9238
00919,群益台灣精選高息,9,0,9,凱基-士林,2023-11-16,9238
2206,三陽工業,15,6,9,凱基-士林,2023-11-16,9238
2367,燿華,11,2,9,凱基-士林,2023-11-16,9238
3545,敦泰,11,2,9,凱基-士林,2023-11-16,9238
6016,康和證,9,0,9,凱基-士林,2023-11-16,9238
6274,台燿,12,3,9,凱基-士林,2023-11-16,9238
8110,華東,12,3,9,凱基-士林,2023-11-16,9238
6141,柏承,8,0,8,凱基-士林,2023-11-16,9238
3234,光環,7,0,7,凱基-士林,2023-11-16,9238
3450,聯鈞,7,0,7,凱基-士林,2023-11-16,9238
3231,緯創,40,34,6,凱基-士林,2023-11-16,9238
3516,亞帝歐,6,0,6,凱基-士林,2023-11-16,9238
00715L,期街口布蘭特正2,91,0,91,凱基-士林,2023-11-17,9238
2402,毅嘉,84,3,81,凱基-士林,2023-11-17,9238
1815,富喬,70,4,66,凱基-士林,2023-11-17,9238
6901,鑽石投資,53,2,51,凱基-士林,2023-11-17,9238
1445,大宇,45,0,45,凱基-士林,2023-11-17,9238
6165,浪凡,45,0,45,凱基-士林,2023-11-17,9238
6799,來頡,40,2,38,凱基-士林,2023-11-17,9238
00632R,元大台灣50反1,30,0,30,凱基-士林,2023-11-17,9238
6282,康舒,29,0,29,凱基-士林,2023-11-17,9238
3094,聯傑,27,0,27,凱基-士林,2023-11-17,9238
2603,長榮,23,0,23,凱基-士林,2023-11-17,9238
2609,陽明,20,0,20,凱基-士林,2023-11-17,9238
2349,錸德,20,0,20,凱基-士林,2023-11-17,9238
2884,玉山金,20,0,20,凱基-士林,2023-11-17,9238
2417,圓剛,30,12,18,凱基-士林,2023-11-17,9238
8110,華東,19,1,18,凱基-士林,2023-11-17,9238
2401,凌陽,29,13,16,凱基-士林,2023-11-17,9238
1742,台蠟,14,0,14,凱基-士林,2023-11-17,9238
2328,廣宇,14,0,14,凱基-士林,2023-11-17,9238
2605,新興,20,6,14,凱基-士林,2023-11-17,9238
00680L,元大美債20正2,12,0,12,凱基-士林,2023-11-17,9238
8054,安國,14,2,12,凱基-士林,2023-11-17,9238
00687B,國泰20年美債,11,0,11,凱基-士林,2023-11-17,9238
1220,台榮,11,0,11,凱基-士林,2023-11-17,9238
00931B,統一美債20年,10,0,10,凱基-士林,2023-11-17,9238
00676R,富邦臺灣加權反1,10,0,10,凱基-士林,2023-11-17,9238
1307,三芳,10,0,10,凱基-士林,2023-11-17,9238
5521,工信,20,10,10,凱基-士林,2023-11-17,9238
8034,榮群,13,3,10,凱基-士林,2023-11-17,9238
00720B,元大投資級公司債,9,0,9,凱基-士林,2023-11-17,9238
00637L,元大滬深300正2,14,5,9,凱基-士林,2023-11-17,9238
2739,寒舍,10,1,9,凱基-士林,2023-11-17,9238
00673R,期元大S＆P原油反1,8,0,8,凱基-士林,2023-11-17,9238
2706,第一店,15,7,8,凱基-士林,2023-11-17,9238
3017,奇鋐,10,2,8,凱基-士林,2023-11-17,9238
8176,智捷,8,0,8,凱基-士林,2023-11-17,9238
2883,凱基金,15,7,8,凱基-士林,2023-11-17,9238
00679B,元大美債20年,7,0,7,凱基-士林,2023-11-17,9238
3260,威剛,12,5,7,凱基-士林,2023-11-17,9238
2607,榮運,37,30,7,凱基-士林,2023-11-17,9238
2743,山富,7,0,7,凱基-士林,2023-11-17,9238
3516,亞帝歐,13,6,7,凱基-士林,2023-11-17,9238
5531,鄉林,7,0,7,凱基-士林,2023-11-17,9238
00712,復華富時不動產,6,0,6,凱基-士林,2023-11-17,9238
2344,華邦電,8,2,6,凱基-士林,2023-11-17,9238
00936,台新永續高息中小,16,10,6,凱基-士林,2023-11-17,9238
3483,力致,7,1,6,凱基-士林,2023-11-17,9238
5483,中美晶,6,0,6,凱基-士林,2023-11-17,9238
6146,耕興,6,0,6,凱基-士林,2023-11-17,9238
6712,長聖,6,0,6,凱基-士林,2023-11-17,9238
3481,群創,269,0,269,凱基-士林,2023-11-20,9238
2618,長榮航,961,777,184,凱基-士林,2023-11-20,9238
00720B,元大投資級公司債,54,0,54,凱基-士林,2023-11-20,9238
6901,鑽石投資,54,1,53,凱基-士林,2023-11-20,9238
00919,群益台灣精選高息,39,0,39,凱基-士林,2023-11-20,9238
2344,華邦電,48,13,35,凱基-士林,2023-11-20,9238
2436,偉詮電,36,1,35,凱基-士林,2023-11-20,9238
00726B,國泰新興投等債,30,0,30,凱基-士林,2023-11-20,9238
2421,建準,32,4,28,凱基-士林,2023-11-20,9238
2883,凱基金,27,0,27,凱基-士林,2023-11-20,9238
00882,中信中國高股息,25,0,25,凱基-士林,2023-11-20,9238
2610,華航,26,5,21,凱基-士林,2023-11-20,9238
6695,芯鼎,27,6,21,凱基-士林,2023-11-20,9238
00669R,國泰美國道瓊反1,20,0,20,凱基-士林,2023-11-20,9238
1445,大宇,20,0,20,凱基-士林,2023-11-20,9238
4968,立積,19,0,19,凱基-士林,2023-11-20,9238
2405,輔信,22,4,18,凱基-士林,2023-11-20,9238
4164,承業醫,16,0,16,凱基-士林,2023-11-20,9238
2308,台達電,15,0,15,凱基-士林,2023-11-20,9238
6613,朋億*,14,0,14,凱基-士林,2023-11-20,9238
3252,海灣,21,8,13,凱基-士林,2023-11-20,9238
6223,旺矽,13,0,13,凱基-士林,2023-11-20,9238
2382,廣達,18,5,13,凱基-士林,2023-11-20,9238
00679B,元大美債20年,11,0,11,凱基-士林,2023-11-20,9238
0056,元大高股息,13,2,11,凱基-士林,2023-11-20,9238
2258,鴻華先進-創,11,0,11,凱基-士林,2023-11-20,9238
6541,泰福-KY,10,0,10,凱基-士林,2023-11-20,9238
00751B,元大AAA至A公司債,10,0,10,凱基-士林,2023-11-20,9238
2867,三商壽,10,0,10,凱基-士林,2023-11-20,9238
4162,智擎,10,0,10,凱基-士林,2023-11-20,9238
6108,競國,12,2,10,凱基-士林,2023-11-20,9238
00885,富邦越南,13,4,9,凱基-士林,2023-11-20,9238
3035,智原,19,11,8,凱基-士林,2023-11-20,9238
3533,嘉澤,8,0,8,凱基-士林,2023-11-20,9238
2061,風青,8,0,8,凱基-士林,2023-11-20,9238
3356,奇偶,8,0,8,凱基-士林,2023-11-20,9238
00690,兆豐藍籌30,7,0,7,凱基-士林,2023-11-20,9238
00936,台新永續高息中小,7,0,7,凱基-士林,2023-11-20,9238
2314,台揚,7,0,7,凱基-士林,2023-11-20,9238
8034,榮群,10,3,7,凱基-士林,2023-11-20,9238
4763,材料-KY,6,0,6,凱基-士林,2023-11-20,9238
00935,野村臺灣新科技50,6,0,6,凱基-士林,2023-11-20,9238
4952,凌通,6,0,6,凱基-士林,2023-11-20,9238
2892,第一金,6,0,6,凱基-士林,2023-11-20,9238
1795,美時,6,1,5,凱基-士林,2023-11-20,9238
8054,安國,5,0,5,凱基-士林,2023-11-20,9238
1524,耿鼎,7,2,5,凱基-士林,2023-11-20,9238
2352,佳世達,6,1,5,凱基-士林,2023-11-20,9238
1319,東陽,5,0,5,凱基-士林,2023-11-20,9238
1314,中石化,5,0,5,凱基-士林,2023-11-20,9238
00632R,元大台灣50反1,2721,0,2721,凱基-士林,2023-11-21,9238
2618,長榮航,397,27,370,凱基-士林,2023-11-21,9238
4958,臻鼎-KY,335,0,335,凱基-士林,2023-11-21,9238
00772B,中信高評級公司債,70,0,70,凱基-士林,2023-11-21,9238
3276,宇環,62,0,62,凱基-士林,2023-11-21,9238
3285,微端,48,0,48,凱基-士林,2023-11-21,9238
00712,復華富時不動產,45,3,42,凱基-士林,2023-11-21,9238
6127,九豪,41,0,41,凱基-士林,2023-11-21,9238
6901,鑽石投資,47,6,41,凱基-士林,2023-11-21,9238
2409,友達,42,3,39,凱基-士林,2023-11-21,9238
3041,揚智,46,7,39,凱基-士林,2023-11-21,9238
6243,迅杰,42,4,38,凱基-士林,2023-11-21,9238
00773B,中信優先金融債,36,0,36,凱基-士林,2023-11-21,9238
3004,豐達科,35,0,35,凱基-士林,2023-11-21,9238
3025,星通,104,70,34,凱基-士林,2023-11-21,9238
5452,佶優,30,0,30,凱基-士林,2023-11-21,9238
8936,國統,29,3,26,凱基-士林,2023-11-21,9238
2367,燿華,50,24,26,凱基-士林,2023-11-21,9238
2371,大同,28,2,26,凱基-士林,2023-11-21,9238
00676R,富邦臺灣加權反1,25,0,25,凱基-士林,2023-11-21,9238
2634,漢翔,25,0,25,凱基-士林,2023-11-21,9238
3149,正達,27,2,25,凱基-士林,2023-11-21,9238
6558,興能高,29,4,25,凱基-士林,2023-11-21,9238
3402,漢科,21,0,21,凱基-士林,2023-11-21,9238
1109,信大,20,0,20,凱基-士林,2023-11-21,9238
6209,今國光,20,0,20,凱基-士林,2023-11-21,9238
8358,金居,18,0,18,凱基-士林,2023-11-21,9238
00751B,元大AAA至A公司債,17,0,17,凱基-士林,2023-11-21,9238
00934,中信成長高股息,18,2,16,凱基-士林,2023-11-21,9238
1904,正隆,16,0,16,凱基-士林,2023-11-21,9238
4906,正文,22,6,16,凱基-士林,2023-11-21,9238
3032,偉訓,15,0,15,凱基-士林,2023-11-21,9238
3419,譁裕,15,0,15,凱基-士林,2023-11-21,9238
6133,金橋,15,0,15,凱基-士林,2023-11-21,9238
00680L,元大美債20正2,15,1,14,凱基-士林,2023-11-21,9238
2603,長榮,14,0,14,凱基-士林,2023-11-21,9238
2329,華泰,19,6,13,凱基-士林,2023-11-21,9238
6141,柏承,12,0,12,凱基-士林,2023-11-21,9238
00891,中信關鍵半導體,14,3,11,凱基-士林,2023-11-21,9238
00929,復華台灣科技優息,30,19,11,凱基-士林,2023-11-21,9238
1504,東元,11,0,11,凱基-士林,2023-11-21,9238
3252,海灣,11,0,11,凱基-士林,2023-11-21,9238
8034,榮群,11,0,11,凱基-士林,2023-11-21,9238
00885,富邦越南,12,2,10,凱基-士林,2023-11-21,9238
6603,富強鑫,10,0,10,凱基-士林,2023-11-21,9238
2457,飛宏,11,1,10,凱基-士林,2023-11-21,9238
6799,來頡,12,2,10,凱基-士林,2023-11-21,9238
2328,廣宇,10,0,10,凱基-士林,2023-11-21,9238
6213,聯茂,11,1,10,凱基-士林,2023-11-21,9238
8927,北基,10,0,10,凱基-士林,2023-11-21,9238
3481,群創,123,0,123,凱基-士林,2023-11-22,9238
3005,神基,91,5,86,凱基-士林,2023-11-22,9238
2405,輔信,91,17,74,凱基-士林,2023-11-22,9238
3231,緯創,76,26,50,凱基-士林,2023-11-22,9238
1109,信大,48,0,48,凱基-士林,2023-11-22,9238
1445,大宇,48,0,48,凱基-士林,2023-11-22,9238
1802,台玻,40,0,40,凱基-士林,2023-11-22,9238
2884,玉山金,40,3,37,凱基-士林,2023-11-22,9238
00905,FT臺灣Smart,36,0,36,凱基-士林,2023-11-22,9238
2515,中工,40,5,35,凱基-士林,2023-11-22,9238
4909,新復興,35,0,35,凱基-士林,2023-11-22,9238
6799,來頡,30,0,30,凱基-士林,2023-11-22,9238
00919,群益台灣精選高息,27,0,27,凱基-士林,2023-11-22,9238
0056,元大高股息,28,2,26,凱基-士林,2023-11-22,9238
3004,豐達科,24,0,24,凱基-士林,2023-11-22,9238
00878,國泰永續高股息,23,0,23,凱基-士林,2023-11-22,9238
00631L,元大台灣50正2,22,0,22,凱基-士林,2023-11-22,9238
2409,友達,22,0,22,凱基-士林,2023-11-22,9238
2382,廣達,28,7,21,凱基-士林,2023-11-22,9238
00934,中信成長高股息,28,7,21,凱基-士林,2023-11-22,9238
6596,寬宏藝術,21,0,21,凱基-士林,2023-11-22,9238
8467,波力-KY,24,3,21,凱基-士林,2023-11-22,9238
4543,萬在,21,1,20,凱基-士林,2023-11-22,9238
00929,復華台灣科技優息,83,65,18,凱基-士林,2023-11-22,9238
2258,鴻華先進-創,18,0,18,凱基-士林,2023-11-22,9238
1815,富喬,85,67,18,凱基-士林,2023-11-22,9238
2303,聯電,38,21,17,凱基-士林,2023-11-22,9238
2457,飛宏,15,0,15,凱基-士林,2023-11-22,9238
4566,時碩工業,15,0,15,凱基-士林,2023-11-22,9238
1101,台泥,16,1,15,凱基-士林,2023-11-22,9238
00915,凱基優選高股息30,13,0,13,凱基-士林,2023-11-22,9238
1522,堤維西,14,1,13,凱基-士林,2023-11-22,9238
2353,宏��,13,1,12,凱基-士林,2023-11-22,9238
2376,技嘉,14,3,11,凱基-士林,2023-11-22,9238
00712,復華富時不動產,11,0,11,凱基-士林,2023-11-22,9238
2537,聯上發,21,10,11,凱基-士林,2023-11-22,9238
6517,保勝光學,11,0,11,凱基-士林,2023-11-22,9238
00935,野村臺灣新科技50,10,0,10,凱基-士林,2023-11-22,9238
1440,南紡,10,0,10,凱基-士林,2023-11-22,9238
2356,英業達,16,6,10,凱基-士林,2023-11-22,9238
2867,三商壽,10,0,10,凱基-士林,2023-11-22,9238
3017,奇鋐,13,3,10,凱基-士林,2023-11-22,9238
9105,泰金寶-DR,10,0,10,凱基-士林,2023-11-22,9238
6770,力積電,15,6,9,凱基-士林,2023-11-22,9238
2329,華泰,28,19,9,凱基-士林,2023-11-22,9238
2002,中鋼,10,1,9,凱基-士林,2023-11-22,9238
6901,鑽石投資,12,3,9,凱基-士林,2023-11-22,9238
3693,營邦,9,0,9,凱基-士林,2023-11-22,9238
5533,皇鼎,15,6,9,凱基-士林,2023-11-22,9238
6530,創威,11,2,9,凱基-士林,2023-11-22,9238
2317,鴻海,340,1,339,凱基-士林,2023-11-23,9238
1815,富喬,229,12,217,凱基-士林,2023-11-23,9238
00919,群益台灣精選高息,129,0,129,凱基-士林,2023-11-23,9238
00934,中信成長高股息,100,0,100,凱基-士林,2023-11-23,9238
2897,王道銀行,100,0,100,凱基-士林,2023-11-23,9238
3481,群創,99,1,98,凱基-士林,2023-11-23,9238
00929,復華台灣科技優息,95,0,95,凱基-士林,2023-11-23,9238
2363,矽統,71,19,52,凱基-士林,2023-11-23,9238
00715L,期街口布蘭特正2,51,0,51,凱基-士林,2023-11-23,9238
00710B,復華彭博非投等債,50,0,50,凱基-士林,2023-11-23,9238
3231,緯創,59,12,47,凱基-士林,2023-11-23,9238
2356,英業達,51,8,43,凱基-士林,2023-11-23,9238
6237,驊訊,45,2,43,凱基-士林,2023-11-23,9238
1109,信大,40,0,40,凱基-士林,2023-11-23,9238
2329,華泰,37,5,32,凱基-士林,2023-11-23,9238
4960,誠美材,31,0,31,凱基-士林,2023-11-23,9238
1402,遠東新,30,2,28,凱基-士林,2023-11-23,9238
5236,凌陽創新,28,1,27,凱基-士林,2023-11-23,9238
3583,辛耘,26,0,26,凱基-士林,2023-11-23,9238
00891,中信關鍵半導體,22,0,22,凱基-士林,2023-11-23,9238
4909,新復興,20,0,20,凱基-士林,2023-11-23,9238
6213,聯茂,20,0,20,凱基-士林,2023-11-23,9238
6276,安鈦克,20,0,20,凱基-士林,2023-11-23,9238
6129,普誠,27,9,18,凱基-士林,2023-11-23,9238
0056,元大高股息,17,0,17,凱基-士林,2023-11-23,9238
8103,瀚荃,15,0,15,凱基-士林,2023-11-23,9238
8054,安國,35,20,15,凱基-士林,2023-11-23,9238
6770,力積電,17,3,14,凱基-士林,2023-11-23,9238
1449,佳和,14,0,14,凱基-士林,2023-11-23,9238
2027,大成鋼,13,0,13,凱基-士林,2023-11-23,9238
3402,漢科,22,10,12,凱基-士林,2023-11-23,9238
2406,國碩,11,0,11,凱基-士林,2023-11-23,9238
3081,聯亞,11,0,11,凱基-士林,2023-11-23,9238
3694,海華,23,12,11,凱基-士林,2023-11-23,9238
00637L,元大滬深300正2,10,0,10,凱基-士林,2023-11-23,9238
2393,億光,10,0,10,凱基-士林,2023-11-23,9238
2427,三商電,10,0,10,凱基-士林,2023-11-23,9238
2887,台新金,10,0,10,凱基-士林,2023-11-23,9238
3049,精金,10,0,10,凱基-士林,2023-11-23,9238
4503,金雨,10,0,10,凱基-士林,2023-11-23,9238
6206,飛捷,10,0,10,凱基-士林,2023-11-23,9238
8436,大江,10,0,10,凱基-士林,2023-11-23,9238
1445,大宇,9,0,9,凱基-士林,2023-11-23,9238
3252,海灣,12,3,9,凱基-士林,2023-11-23,9238
3356,奇偶,9,0,9,凱基-士林,2023-11-23,9238
8068,全達,10,1,9,凱基-士林,2023-11-23,9238
2402,毅嘉,11,2,9,凱基-士林,2023-11-23,9238
6139,亞翔,12,3,9,凱基-士林,2023-11-23,9238
00680L,元大美債20正2,10,2,8,凱基-士林,2023-11-23,9238
2332,友訊,8,0,8,凱基-士林,2023-11-23,9238
2618,長榮航,392,27,365,凱基-士林,2023-11-24,9238
5521,工信,106,10,96,凱基-士林,2023-11-24,9238
00919,群益台灣精選高息,88,0,88,凱基-士林,2023-11-24,9238
1603,華電,109,22,87,凱基-士林,2023-11-24,9238
2476,鉅祥,103,20,83,凱基-士林,2023-11-24,9238
00751B,元大AAA至A公司債,71,0,71,凱基-士林,2023-11-24,9238
2327,國巨,62,5,57,凱基-士林,2023-11-24,9238
5425,台半,50,0,50,凱基-士林,2023-11-24,9238
6016,康和證,50,0,50,凱基-士林,2023-11-24,9238
2344,華邦電,50,3,47,凱基-士林,2023-11-24,9238
00929,復華台灣科技優息,37,2,35,凱基-士林,2023-11-24,9238
2888,新光金,42,15,27,凱基-士林,2023-11-24,9238
6237,驊訊,29,3,26,凱基-士林,2023-11-24,9238
2610,華航,27,3,24,凱基-士林,2023-11-24,9238
5351,鈺創,28,4,24,凱基-士林,2023-11-24,9238
2323,中環,22,0,22,凱基-士林,2023-11-24,9238
3005,神基,24,5,19,凱基-士林,2023-11-24,9238
3122,笙泉,20,1,19,凱基-士林,2023-11-24,9238
00922,國泰台灣領袖50,20,2,18,凱基-士林,2023-11-24,9238
6550,北極星藥業-KY,18,0,18,凱基-士林,2023-11-24,9238
3437,榮創,21,5,16,凱基-士林,2023-11-24,9238
2547,日勝生,15,0,15,凱基-士林,2023-11-24,9238
6015,宏遠證,15,0,15,凱基-士林,2023-11-24,9238
3004,豐達科,15,1,14,凱基-士林,2023-11-24,9238
00882,中信中國高股息,12,0,12,凱基-士林,2023-11-24,9238
00934,中信成長高股息,12,0,12,凱基-士林,2023-11-24,9238
6243,迅杰,15,3,12,凱基-士林,2023-11-24,9238
6122,擎邦,12,1,11,凱基-士林,2023-11-24,9238
6235,華孚,43,32,11,凱基-士林,2023-11-24,9238
2382,廣達,14,4,10,凱基-士林,2023-11-24,9238
6541,泰福-KY,10,0,10,凱基-士林,2023-11-24,9238
00935,野村臺灣新科技50,10,0,10,凱基-士林,2023-11-24,9238
1437,勤益控,10,0,10,凱基-士林,2023-11-24,9238
3049,精金,10,0,10,凱基-士林,2023-11-24,9238
4906,正文,10,0,10,凱基-士林,2023-11-24,9238
5243,乙盛-KY,10,0,10,凱基-士林,2023-11-24,9238
5388,中磊,10,0,10,凱基-士林,2023-11-24,9238
8033,雷虎,10,0,10,凱基-士林,2023-11-24,9238
9105,泰金寶-DR,10,0,10,凱基-士林,2023-11-24,9238
2883,凱基金,13,5,8,凱基-士林,2023-11-24,9238
00878,國泰永續高股息,8,0,8,凱基-士林,2023-11-24,9238
1605,華新,21,13,8,凱基-士林,2023-11-24,9238
2637,慧洋-KY,8,0,8,凱基-士林,2023-11-24,9238
2915,潤泰全,10,2,8,凱基-士林,2023-11-24,9238
2363,矽統,11,4,7,凱基-士林,2023-11-24,9238
3094,聯傑,10,3,7,凱基-士林,2023-11-24,9238
3178,公準,7,0,7,凱基-士林,2023-11-24,9238
8358,金居,7,0,7,凱基-士林,2023-11-24,9238
0056,元大高股息,7,1,6,凱基-士林,2023-11-24,9238
1471,首利,6,0,6,凱基-士林,2023-11-24,9238
6578,達邦蛋白,140,10,130,凱基-士林,2023-11-27,9238
00919,群益台灣精選高息,146,25,121,凱基-士林,2023-11-27,9238
00929,復華台灣科技優息,108,5,103,凱基-士林,2023-11-27,9238
2618,長榮航,109,8,101,凱基-士林,2023-11-27,9238
5347,世界,83,42,41,凱基-士林,2023-11-27,9238
3285,微端,39,0,39,凱基-士林,2023-11-27,9238
2883,凱基金,52,14,38,凱基-士林,2023-11-27,9238
1524,耿鼎,37,1,36,凱基-士林,2023-11-27,9238
00882,中信中國高股息,35,0,35,凱基-士林,2023-11-27,9238
00715L,期街口布蘭特正2,35,0,35,凱基-士林,2023-11-27,9238
00687B,國泰20年美債,33,0,33,凱基-士林,2023-11-27,9238
00722B,群益投資級電信債,30,0,30,凱基-士林,2023-11-27,9238
1445,大宇,30,0,30,凱基-士林,2023-11-27,9238
3094,聯傑,27,0,27,凱基-士林,2023-11-27,9238
2344,華邦電,26,0,26,凱基-士林,2023-11-27,9238
2356,英業達,26,0,26,凱基-士林,2023-11-27,9238
3356,奇偶,25,0,25,凱基-士林,2023-11-27,9238
3516,亞帝歐,23,1,22,凱基-士林,2023-11-27,9238
00773B,中信優先金融債,20,0,20,凱基-士林,2023-11-27,9238
2330,台積電,17,0,17,凱基-士林,2023-11-27,9238
3260,威剛,15,0,15,凱基-士林,2023-11-27,9238
6550,北極星藥業-KY,15,0,15,凱基-士林,2023-11-27,9238
9105,泰金寶-DR,15,0,15,凱基-士林,2023-11-27,9238
9927,泰銘,15,0,15,凱基-士林,2023-11-27,9238
3231,緯創,30,15,15,凱基-士林,2023-11-27,9238
3006,晶豪科,14,0,14,凱基-士林,2023-11-27,9238
2327,國巨,15,1,14,凱基-士林,2023-11-27,9238
5210,寶碩,14,0,14,凱基-士林,2023-11-27,9238
2382,廣達,17,3,14,凱基-士林,2023-11-27,9238
1809,中釉,12,0,12,凱基-士林,2023-11-27,9238
00679B,元大美債20年,11,0,11,凱基-士林,2023-11-27,9238
5258,虹堡,23,12,11,凱基-士林,2023-11-27,9238
8176,智捷,11,0,11,凱基-士林,2023-11-27,9238
2368,金像電,11,1,10,凱基-士林,2023-11-27,9238
1314,中石化,10,0,10,凱基-士林,2023-11-27,9238
2432,倚天酷��-創,10,0,10,凱基-士林,2023-11-27,9238
2459,敦吉,10,0,10,凱基-士林,2023-11-27,9238
5452,佶優,10,0,10,凱基-士林,2023-11-27,9238
8442,威宏-KY,10,0,10,凱基-士林,2023-11-27,9238
4114,健喬,20,11,9,凱基-士林,2023-11-27,9238
1720,生達,10,1,9,凱基-士林,2023-11-27,9238
2401,凌陽,11,2,9,凱基-士林,2023-11-27,9238
2645,長榮航太,10,1,9,凱基-士林,2023-11-27,9238
3673,TPK-KY,9,0,9,凱基-士林,2023-11-27,9238
4130,健亞,9,0,9,凱基-士林,2023-11-27,9238
6274,台燿,15,6,9,凱基-士林,2023-11-27,9238
0056,元大高股息,13,4,9,凱基-士林,2023-11-27,9238
00688L,國泰20年美債正2,8,0,8,凱基-士林,2023-11-27,9238
2542,興富發,8,0,8,凱基-士林,2023-11-27,9238
3010,華立,8,0,8,凱基-士林,2023-11-27,9238
1216,統一,65,0,65,凱基-士林,2023-11-28,9238
4956,光鋐,65,10,55,凱基-士林,2023-11-28,9238
00676R,富邦臺灣加權反1,50,0,50,凱基-士林,2023-11-28,9238
4113,聯上,35,0,35,凱基-士林,2023-11-28,9238
1514,亞力,59,24,35,凱基-士林,2023-11-28,9238
5347,世界,33,0,33,凱基-士林,2023-11-28,9238
2356,英業達,29,4,25,凱基-士林,2023-11-28,9238
2543,皇昌,25,0,25,凱基-士林,2023-11-28,9238
1612,宏泰,20,0,20,凱基-士林,2023-11-28,9238
2367,燿華,42,22,20,凱基-士林,2023-11-28,9238
1445,大宇,16,0,16,凱基-士林,2023-11-28,9238
9105,泰金寶-DR,15,0,15,凱基-士林,2023-11-28,9238
9927,泰銘,15,0,15,凱基-士林,2023-11-28,9238
00720B,元大投資級公司債,14,0,14,凱基-士林,2023-11-28,9238
6285,啟��,14,0,14,凱基-士林,2023-11-28,9238
1101,台泥,31,17,14,凱基-士林,2023-11-28,9238
3004,豐達科,12,0,12,凱基-士林,2023-11-28,9238
2303,聯電,16,5,11,凱基-士林,2023-11-28,9238
00632R,元大台灣50反1,11,0,11,凱基-士林,2023-11-28,9238
6695,芯鼎,18,7,11,凱基-士林,2023-11-28,9238
00903,富邦元宇宙,10,0,10,凱基-士林,2023-11-28,9238
1616,億泰,10,0,10,凱基-士林,2023-11-28,9238
2328,廣宇,10,0,10,凱基-士林,2023-11-28,9238
4102,永日,11,1,10,凱基-士林,2023-11-28,9238
6589,台康生技,11,1,10,凱基-士林,2023-11-28,9238
8183,精星,15,5,10,凱基-士林,2023-11-28,9238
6129,普誠,18,9,9,凱基-士林,2023-11-28,9238
3024,憶聲,10,1,9,凱基-士林,2023-11-28,9238
4142,國光生,10,1,9,凱基-士林,2023-11-28,9238
00751B,元大AAA至A公司債,8,0,8,凱基-士林,2023-11-28,9238
2882,國泰金,12,4,8,凱基-士林,2023-11-28,9238
6161,捷波,8,0,8,凱基-士林,2023-11-28,9238
2401,凌陽,15,8,7,凱基-士林,2023-11-28,9238
00710B,復華彭博非投等債,7,0,7,凱基-士林,2023-11-28,9238
2108,南帝,7,0,7,凱基-士林,2023-11-28,9238
4188,安克,7,0,7,凱基-士林,2023-11-28,9238
4763,材料-KY,7,0,7,凱基-士林,2023-11-28,9238
00919,群益台灣精選高息,11,4,7,凱基-士林,2023-11-28,9238
3231,緯創,25,19,6,凱基-士林,2023-11-28,9238
00665L,富邦�琤肭磪囓�2,6,0,6,凱基-士林,2023-11-28,9238
1701,中化,11,5,6,凱基-士林,2023-11-28,9238
2353,宏��,9,3,6,凱基-士林,2023-11-28,9238
3706,神達,10,4,6,凱基-士林,2023-11-28,9238
00915,凱基優選高股息30,5,0,5,凱基-士林,2023-11-28,9238
00931B,統一美債20年,5,0,5,凱基-士林,2023-11-28,9238
00686R,群益臺灣加權反1,5,0,5,凱基-士林,2023-11-28,9238
1815,富喬,5,0,5,凱基-士林,2023-11-28,9238
2597,潤弘,5,0,5,凱基-士林,2023-11-28,9238
2812,台中銀,5,0,5,凱基-士林,2023-11-28,9238
2890,永豐金,5,0,5,凱基-士林,2023-11-28,9238
4958,臻鼎-KY,338,0,338,凱基-士林,2023-11-29,9238
8054,安國,154,24,130,凱基-士林,2023-11-29,9238
00720B,元大投資級公司債,50,4,46,凱基-士林,2023-11-29,9238
2883,凱基金,86,43,43,凱基-士林,2023-11-29,9238
00922,國泰台灣領袖50,41,0,41,凱基-士林,2023-11-29,9238
00687B,國泰20年美債,39,5,34,凱基-士林,2023-11-29,9238
00773B,中信優先金融債,30,0,30,凱基-士林,2023-11-29,9238
00676R,富邦臺灣加權反1,40,10,30,凱基-士林,2023-11-29,9238
5608,四維航,28,5,23,凱基-士林,2023-11-29,9238
00680L,元大美債20正2,35,13,22,凱基-士林,2023-11-29,9238
4114,健喬,30,8,22,凱基-士林,2023-11-29,9238
00722B,群益投資級電信債,20,0,20,凱基-士林,2023-11-29,9238
1618,合機,25,6,19,凱基-士林,2023-11-29,9238
00712,復華富時不動產,17,0,17,凱基-士林,2023-11-29,9238
3704,合勤控,20,3,17,凱基-士林,2023-11-29,9238
00673R,期元大S＆P原油反1,16,0,16,凱基-士林,2023-11-29,9238
3041,揚智,16,0,16,凱基-士林,2023-11-29,9238
6243,迅杰,36,20,16,凱基-士林,2023-11-29,9238
4306,炎洲,15,0,15,凱基-士林,2023-11-29,9238
2382,廣達,22,8,14,凱基-士林,2023-11-29,9238
2002,中鋼,16,2,14,凱基-士林,2023-11-29,9238
5347,世界,16,3,13,凱基-士林,2023-11-29,9238
00710B,復華彭博非投等債,13,0,13,凱基-士林,2023-11-29,9238
3049,精金,13,0,13,凱基-士林,2023-11-29,9238
6558,興能高,13,0,13,凱基-士林,2023-11-29,9238
2409,友達,12,0,12,凱基-士林,2023-11-29,9238
3576,聯合再生,12,0,12,凱基-士林,2023-11-29,9238
6173,信昌電,15,3,12,凱基-士林,2023-11-29,9238
1101,台泥,16,4,12,凱基-士林,2023-11-29,9238
8034,榮群,11,0,11,凱基-士林,2023-11-29,9238
00751B,元大AAA至A公司債,10,0,10,凱基-士林,2023-11-29,9238
00892,富邦台灣半導體,10,0,10,凱基-士林,2023-11-29,9238
00706L,期元大S＆P日圓正2,10,0,10,凱基-士林,2023-11-29,9238
1582,信錦,10,0,10,凱基-士林,2023-11-29,9238
3004,豐達科,10,0,10,凱基-士林,2023-11-29,9238
3005,神基,10,0,10,凱基-士林,2023-11-29,9238
2618,長榮航,19,9,10,凱基-士林,2023-11-29,9238
2363,矽統,16,7,9,凱基-士林,2023-11-29,9238
00637L,元大滬深300正2,11,2,9,凱基-士林,2023-11-29,9238
2344,華邦電,29,20,9,凱基-士林,2023-11-29,9238
5009,榮剛,9,0,9,凱基-士林,2023-11-29,9238
8112,至上,52,44,8,凱基-士林,2023-11-29,9238
5351,鈺創,13,5,8,凱基-士林,2023-11-29,9238
3036,文曄,12,5,7,凱基-士林,2023-11-29,9238
6449,鈺邦,7,0,7,凱基-士林,2023-11-29,9238
00882,中信中國高股息,6,0,6,凱基-士林,2023-11-29,9238
6799,來頡,6,0,6,凱基-士林,2023-11-29,9238
1513,中興電,10,4,6,凱基-士林,2023-11-29,9238
6125,廣運,6,0,6,凱基-士林,2023-11-29,9238
1526,日馳,6,0,6,凱基-士林,2023-11-29,9238
1605,華新,493,200,293,凱基-士林,2023-11-30,9238
6179,亞通,120,0,120,凱基-士林,2023-11-30,9238
2465,麗臺,116,3,113,凱基-士林,2023-11-30,9238
00687B,國泰20年美債,93,0,93,凱基-士林,2023-11-30,9238
8201,無敵,87,0,87,凱基-士林,2023-11-30,9238
00882,中信中國高股息,86,10,76,凱基-士林,2023-11-30,9238
3024,憶聲,60,0,60,凱基-士林,2023-11-30,9238
00773B,中信優先金融債,50,0,50,凱基-士林,2023-11-30,9238
2618,長榮航,56,9,47,凱基-士林,2023-11-30,9238
4121,優盛,39,0,39,凱基-士林,2023-11-30,9238
2409,友達,35,0,35,凱基-士林,2023-11-30,9238
5425,台半,131,97,34,凱基-士林,2023-11-30,9238
00673R,期元大S＆P原油反1,32,0,32,凱基-士林,2023-11-30,9238
6753,龍德造船,28,0,28,凱基-士林,2023-11-30,9238
00675L,富邦臺灣加權正2,24,0,24,凱基-士林,2023-11-30,9238
2834,臺企銀,24,0,24,凱基-士林,2023-11-30,9238
2610,華航,27,4,23,凱基-士林,2023-11-30,9238
5347,世界,23,0,23,凱基-士林,2023-11-30,9238
3264,欣銓,29,6,23,凱基-士林,2023-11-30,9238
6122,擎邦,22,0,22,凱基-士林,2023-11-30,9238
2388,威盛,24,2,22,凱基-士林,2023-11-30,9238
00679B,元大美債20年,25,3,22,凱基-士林,2023-11-30,9238
8038,長園科,21,0,21,凱基-士林,2023-11-30,9238
1309,台達化,20,0,20,凱基-士林,2023-11-30,9238
5206,坤悅,20,0,20,凱基-士林,2023-11-30,9238
3231,緯創,55,37,18,凱基-士林,2023-11-30,9238
1477,聚陽,15,1,14,凱基-士林,2023-11-30,9238
00919,群益台灣精選高息,34,20,14,凱基-士林,2023-11-30,9238
00631L,元大台灣50正2,13,0,13,凱基-士林,2023-11-30,9238
3707,漢磊,13,0,13,凱基-士林,2023-11-30,9238
6257,矽格,32,19,13,凱基-士林,2023-11-30,9238
9919,康那香,18,5,13,凱基-士林,2023-11-30,9238
1110,東泥,12,0,12,凱基-士林,2023-11-30,9238
1402,遠東新,23,11,12,凱基-士林,2023-11-30,9238
2038,海光,12,0,12,凱基-士林,2023-11-30,9238
2201,裕隆,21,10,11,凱基-士林,2023-11-30,9238
00751B,元大AAA至A公司債,11,0,11,凱基-士林,2023-11-30,9238
2356,英業達,17,6,11,凱基-士林,2023-11-30,9238
3031,佰鴻,12,1,11,凱基-士林,2023-11-30,9238
00696B,富邦美債20年,10,0,10,凱基-士林,2023-11-30,9238
1307,三芳,10,0,10,凱基-士林,2023-11-30,9238
6591,動力-KY,10,0,10,凱基-士林,2023-11-30,9238
2353,宏��,13,4,9,凱基-士林,2023-11-30,9238
2028,威致,9,0,9,凱基-士林,2023-11-30,9238
3317,尼克森,11,2,9,凱基-士林,2023-11-30,9238
5009,榮剛,11,2,9,凱基-士林,2023-11-30,9238
2303,聯電,9,1,8,凱基-士林,2023-11-30,9238
3570,大塚,8,0,8,凱基-士林,2023-11-30,9238
6169,昱泉,8,0,8,凱基-士林,2023-11-30,9238
00933B,國泰10Y+金融債,17,10,7,凱基-士林,2023-11-30,9238
5328,華容,284,139,145,凱基-士林,2023-12-01,9238
2365,昆盈,100,1,99,凱基-士林,2023-12-01,9238
00715L,期街口布蘭特正2,82,0,82,凱基-士林,2023-12-01,9238
4420,光明,64,2,62,凱基-士林,2023-12-01,9238
00632R,元大台灣50反1,52,0,52,凱基-士林,2023-12-01,9238
00671R,富邦NASDAQ反1,50,0,50,凱基-士林,2023-12-01,9238
5009,榮剛,50,6,44,凱基-士林,2023-12-01,9238
2329,華泰,98,69,29,凱基-士林,2023-12-01,9238
2359,所羅門,29,3,26,凱基-士林,2023-12-01,9238
5272,笙科,26,0,26,凱基-士林,2023-12-01,9238
6139,亞翔,30,5,25,凱基-士林,2023-12-01,9238
2618,長榮航,40,17,23,凱基-士林,2023-12-01,9238
2332,友訊,22,0,22,凱基-士林,2023-12-01,9238
2891,中信金,22,0,22,凱基-士林,2023-12-01,9238
4114,健喬,42,20,22,凱基-士林,2023-12-01,9238
3481,群創,31,10,21,凱基-士林,2023-12-01,9238
6117,迎廣,47,26,21,凱基-士林,2023-12-01,9238
2323,中環,20,0,20,凱基-士林,2023-12-01,9238
2867,三商壽,20,0,20,凱基-士林,2023-12-01,9238
3163,波若威,21,1,20,凱基-士林,2023-12-01,9238
6179,亞通,20,0,20,凱基-士林,2023-12-01,9238
3041,揚智,21,2,19,凱基-士林,2023-12-01,9238
1514,亞力,20,3,17,凱基-士林,2023-12-01,9238
2002,中鋼,18,1,17,凱基-士林,2023-12-01,9238
6257,矽格,16,0,16,凱基-士林,2023-12-01,9238
5347,世界,15,0,15,凱基-士林,2023-12-01,9238
6456,GIS-KY,15,0,15,凱基-士林,2023-12-01,9238
6530,創威,16,2,14,凱基-士林,2023-12-01,9238
5258,虹堡,16,2,14,凱基-士林,2023-12-01,9238
00679B,元大美債20年,14,0,14,凱基-士林,2023-12-01,9238
2883,凱基金,16,2,14,凱基-士林,2023-12-01,9238
6108,競國,14,0,14,凱基-士林,2023-12-01,9238
6188,廣明,14,0,14,凱基-士林,2023-12-01,9238
6285,啟��,14,0,14,凱基-士林,2023-12-01,9238
6578,達邦蛋白,14,0,14,凱基-士林,2023-12-01,9238
2371,大同,15,2,13,凱基-士林,2023-12-01,9238
00680L,元大美債20正2,12,0,12,凱基-士林,2023-12-01,9238
4739,康普,12,0,12,凱基-士林,2023-12-01,9238
5880,合庫金,12,0,12,凱基-士林,2023-12-01,9238
00919,群益台灣精選高息,21,10,11,凱基-士林,2023-12-01,9238
00921,兆豐龍頭等權重,10,0,10,凱基-士林,2023-12-01,9238
00893,國泰智能電動車,10,0,10,凱基-士林,2023-12-01,9238
00888,永豐台灣ESG,10,0,10,凱基-士林,2023-12-01,9238
00881,國泰台灣5G+,10,0,10,凱基-士林,2023-12-01,9238
00932,兆豐永續高息等權,10,0,10,凱基-士林,2023-12-01,9238
1313,聯成,10,0,10,凱基-士林,2023-12-01,9238
1712,興農,10,0,10,凱基-士林,2023-12-01,9238
2884,玉山金,10,0,10,凱基-士林,2023-12-01,9238
3704,合勤控,24,14,10,凱基-士林,2023-12-01,9238
5521,工信,10,0,10,凱基-士林,2023-12-01,9238
00632R,元大台灣50反1,499,50,449,凱基-士林,2023-12-04,9238
2618,長榮航,346,84,262,凱基-士林,2023-12-04,9238
00715L,期街口布蘭特正2,110,0,110,凱基-士林,2023-12-04,9238
2883,凱基金,108,1,107,凱基-士林,2023-12-04,9238
6288,聯嘉,108,2,106,凱基-士林,2023-12-04,9238
2371,大同,100,0,100,凱基-士林,2023-12-04,9238
1785,光洋科,130,30,100,凱基-士林,2023-12-04,9238
2501,國建,100,0,100,凱基-士林,2023-12-04,9238
00918,大華優利高填息30,86,0,86,凱基-士林,2023-12-04,9238
4906,正文,81,5,76,凱基-士林,2023-12-04,9238
2405,輔信,58,0,58,凱基-士林,2023-12-04,9238
8183,精星,50,3,47,凱基-士林,2023-12-04,9238
00687B,國泰20年美債,41,0,41,凱基-士林,2023-12-04,9238
2409,友達,60,20,40,凱基-士林,2023-12-04,9238
4157,太景*-KY,50,10,40,凱基-士林,2023-12-04,9238
4121,優盛,44,5,39,凱基-士林,2023-12-04,9238
6233,旺玖,50,13,37,凱基-士林,2023-12-04,9238
3687,歐買尬,37,1,36,凱基-士林,2023-12-04,9238
1815,富喬,35,2,33,凱基-士林,2023-12-04,9238
00753L,中信中國50正2,32,0,32,凱基-士林,2023-12-04,9238
3163,波若威,32,1,31,凱基-士林,2023-12-04,9238
00929,復華台灣科技優息,38,11,27,凱基-士林,2023-12-04,9238
1101,台泥,36,9,27,凱基-士林,2023-12-04,9238
6578,達邦蛋白,30,8,22,凱基-士林,2023-12-04,9238
4420,光明,24,3,21,凱基-士林,2023-12-04,9238
2538,基泰,20,0,20,凱基-士林,2023-12-04,9238
2636,台驊控股,20,0,20,凱基-士林,2023-12-04,9238
1314,中石化,19,0,19,凱基-士林,2023-12-04,9238
1504,東元,20,1,19,凱基-士林,2023-12-04,9238
6182,合晶,20,1,19,凱基-士林,2023-12-04,9238
3689,湧德,18,0,18,凱基-士林,2023-12-04,9238
3086,華義,17,0,17,凱基-士林,2023-12-04,9238
2363,矽統,45,29,16,凱基-士林,2023-12-04,9238
00857B,永豐20年美公債,15,0,15,凱基-士林,2023-12-04,9238
3363,上詮,31,16,15,凱基-士林,2023-12-04,9238
6712,長聖,18,3,15,凱基-士林,2023-12-04,9238
5425,台半,15,0,15,凱基-士林,2023-12-04,9238
3231,緯創,33,19,14,凱基-士林,2023-12-04,9238
2201,裕隆,14,1,13,凱基-士林,2023-12-04,9238
1603,華電,14,1,13,凱基-士林,2023-12-04,9238
3450,聯鈞,13,0,13,凱基-士林,2023-12-04,9238
8176,智捷,13,0,13,凱基-士林,2023-12-04,9238
3483,力致,12,0,12,凱基-士林,2023-12-04,9238
3706,神達,16,5,11,凱基-士林,2023-12-04,9238
9938,百和,11,0,11,凱基-士林,2023-12-04,9238
2105,正新,12,1,11,凱基-士林,2023-12-04,9238
2356,英業達,17,6,11,凱基-士林,2023-12-04,9238
2607,榮運,19,8,11,凱基-士林,2023-12-04,9238
6271,同欣電,12,1,11,凱基-士林,2023-12-04,9238
6517,保勝光學,11,0,11,凱基-士林,2023-12-04,9238
3033,威健,75,0,75,凱基-士林,2023-12-05,9238
2618,長榮航,70,10,60,凱基-士林,2023-12-05,9238
0056,元大高股息,59,0,59,凱基-士林,2023-12-05,9238
2883,凱基金,59,2,57,凱基-士林,2023-12-05,9238
1309,台達化,50,0,50,凱基-士林,2023-12-05,9238
00751B,元大AAA至A公司債,44,0,44,凱基-士林,2023-12-05,9238
5347,世界,74,31,43,凱基-士林,2023-12-05,9238
00919,群益台灣精選高息,53,10,43,凱基-士林,2023-12-05,9238
9955,佳龍,39,1,38,凱基-士林,2023-12-05,9238
3231,緯創,49,13,36,凱基-士林,2023-12-05,9238
2617,台航,170,135,35,凱基-士林,2023-12-05,9238
1727,中華化,34,1,33,凱基-士林,2023-12-05,9238
8390,金益鼎,32,0,32,凱基-士林,2023-12-05,9238
3163,波若威,32,1,31,凱基-士林,2023-12-05,9238
2462,良得電,31,0,31,凱基-士林,2023-12-05,9238
00878,國泰永續高股息,40,9,31,凱基-士林,2023-12-05,9238
2344,華邦電,32,2,30,凱基-士林,2023-12-05,9238
2867,三商壽,30,0,30,凱基-士林,2023-12-05,9238
1603,華電,30,1,29,凱基-士林,2023-12-05,9238
00715L,期街口布蘭特正2,48,20,28,凱基-士林,2023-12-05,9238
8936,國統,31,3,28,凱基-士林,2023-12-05,9238
2363,矽統,40,13,27,凱基-士林,2023-12-05,9238
8088,品安,28,1,27,凱基-士林,2023-12-05,9238
00753L,中信中國50正2,25,0,25,凱基-士林,2023-12-05,9238
1718,中纖,25,0,25,凱基-士林,2023-12-05,9238
6179,亞通,25,0,25,凱基-士林,2023-12-05,9238
4114,健喬,22,0,22,凱基-士林,2023-12-05,9238
2408,南亞科,21,0,21,凱基-士林,2023-12-05,9238
6122,擎邦,23,3,20,凱基-士林,2023-12-05,9238
6241,易通展,20,0,20,凱基-士林,2023-12-05,9238
6799,來頡,20,0,20,凱基-士林,2023-12-05,9238
00650L,復華香港正2,20,0,20,凱基-士林,2023-12-05,9238
2612,中航,23,4,19,凱基-士林,2023-12-05,9238
00720B,元大投資級公司債,31,12,19,凱基-士林,2023-12-05,9238
2303,聯電,18,0,18,凱基-士林,2023-12-05,9238
9945,潤泰新,19,0,19,凱基-士林,2023-12-05,9238
1815,富喬,17,0,17,凱基-士林,2023-12-05,9238
2641,正德,34,17,17,凱基-士林,2023-12-05,9238
2882,國泰金,17,0,17,凱基-士林,2023-12-05,9238
1514,亞力,59,43,16,凱基-士林,2023-12-05,9238
3402,漢科,15,0,15,凱基-士林,2023-12-05,9238
6182,合晶,15,0,15,凱基-士林,2023-12-05,9238
2465,麗臺,14,0,14,凱基-士林,2023-12-05,9238
6194,育富,34,20,14,凱基-士林,2023-12-05,9238
00882,中信中國高股息,13,0,13,凱基-士林,2023-12-05,9238
4967,十銓,17,4,13,凱基-士林,2023-12-05,9238
00922,國泰台灣領袖50,13,0,13,凱基-士林,2023-12-05,9238
3010,華立,13,0,13,凱基-士林,2023-12-05,9238
1515,力山,12,0,12,凱基-士林,2023-12-05,9238
5210,寶碩,12,0,12,凱基-士林,2023-12-05,9238
2317,鴻海,304,0,304,凱基-士林,2023-12-06,9238
1309,台達化,226,0,226,凱基-士林,2023-12-06,9238
00919,群益台灣精選高息,107,5,102,凱基-士林,2023-12-06,9238
1506,正道,99,0,99,凱基-士林,2023-12-06,9238
3481,群創,248,151,97,凱基-士林,2023-12-06,9238
00680L,元大美債20正2,91,5,86,凱基-士林,2023-12-06,9238
2906,高林,80,0,80,凱基-士林,2023-12-06,9238
00937B,群益ESG投等債20,163,92,71,凱基-士林,2023-12-06,9238
2201,裕隆,65,0,65,凱基-士林,2023-12-06,9238
2641,正德,63,6,57,凱基-士林,2023-12-06,9238
00715L,期街口布蘭特正2,53,0,53,凱基-士林,2023-12-06,9238
1612,宏泰,57,10,47,凱基-士林,2023-12-06,9238
2489,瑞軒,47,0,47,凱基-士林,2023-12-06,9238
00676R,富邦臺灣加權反1,40,0,40,凱基-士林,2023-12-06,9238
00687B,國泰20年美債,50,10,40,凱基-士林,2023-12-06,9238
2618,長榮航,57,20,37,凱基-士林,2023-12-06,9238
4113,聯上,35,2,33,凱基-士林,2023-12-06,9238
4167,松瑞藥,41,12,29,凱基-士林,2023-12-06,9238
6143,振曜,26,3,23,凱基-士林,2023-12-06,9238
2303,聯電,23,0,23,凱基-士林,2023-12-06,9238
2417,圓剛,26,3,23,凱基-士林,2023-12-06,9238
00637L,元大滬深300正2,21,0,21,凱基-士林,2023-12-06,9238
1471,首利,20,0,20,凱基-士林,2023-12-06,9238
2636,台驊控股,20,0,20,凱基-士林,2023-12-06,9238
2845,遠東銀,20,0,20,凱基-士林,2023-12-06,9238
6186,新潤,20,0,20,凱基-士林,2023-12-06,9238
1781,合世,29,10,19,凱基-士林,2023-12-06,9238
00679B,元大美債20年,20,1,19,凱基-士林,2023-12-06,9238
1582,信錦,21,3,18,凱基-士林,2023-12-06,9238
3325,旭品,19,2,17,凱基-士林,2023-12-06,9238
3588,通嘉,32,15,17,凱基-士林,2023-12-06,9238
00929,復華台灣科技優息,26,12,14,凱基-士林,2023-12-06,9238
3673,TPK-KY,14,0,14,凱基-士林,2023-12-06,9238
2409,友達,13,0,13,凱基-士林,2023-12-06,9238
2888,新光金,13,0,13,凱基-士林,2023-12-06,9238
1409,新纖,12,0,12,凱基-士林,2023-12-06,9238
4168,醣聯,12,0,12,凱基-士林,2023-12-06,9238
00688L,國泰20年美債正2,11,0,11,凱基-士林,2023-12-06,9238
1529,樂事綠能,11,0,11,凱基-士林,2023-12-06,9238
6213,聯茂,10,0,10,凱基-士林,2023-12-06,9238
00665L,富邦�琤肭磪囓�2,10,0,10,凱基-士林,2023-12-06,9238
00650L,復華香港正2,10,0,10,凱基-士林,2023-12-06,9238
2323,中環,10,0,10,凱基-士林,2023-12-06,9238
3017,奇鋐,13,3,10,凱基-士林,2023-12-06,9238
3038,全台,10,0,10,凱基-士林,2023-12-06,9238
6146,耕興,10,0,10,凱基-士林,2023-12-06,9238
6591,動力-KY,10,0,10,凱基-士林,2023-12-06,9238
6598,ABC-KY,10,0,10,凱基-士林,2023-12-06,9238
8467,波力-KY,10,0,10,凱基-士林,2023-12-06,9238
2516,新建,10,0,10,凱基-士林,2023-12-06,9238
00919,群益台灣精選高息,168,1,167,凱基-士林,2023-12-07,9238
2630,亞航,150,1,149,凱基-士林,2023-12-07,9238
00665L,富邦�琤肭磪囓�2,130,0,130,凱基-士林,2023-12-07,9238
00931B,統一美債20年,136,9,127,凱基-士林,2023-12-07,9238
00720B,元大投資級公司債,124,3,121,凱基-士林,2023-12-07,9238
3481,群創,110,5,105,凱基-士林,2023-12-07,9238
2618,長榮航,143,67,76,凱基-士林,2023-12-07,9238
2317,鴻海,82,8,74,凱基-士林,2023-12-07,9238
6186,新潤,60,0,60,凱基-士林,2023-12-07,9238
00715L,期街口布蘭特正2,79,30,49,凱基-士林,2023-12-07,9238
2605,新興,46,5,41,凱基-士林,2023-12-07,9238
00650L,復華香港正2,40,0,40,凱基-士林,2023-12-07,9238
2867,三商壽,40,0,40,凱基-士林,2023-12-07,9238
00680L,元大美債20正2,69,33,36,凱基-士林,2023-12-07,9238
00712,復華富時不動產,34,0,34,凱基-士林,2023-12-07,9238
3041,揚智,37,5,32,凱基-士林,2023-12-07,9238
6672,騰輝電子-KY,32,0,32,凱基-士林,2023-12-07,9238
4114,健喬,31,0,31,凱基-士林,2023-12-07,9238
00687B,國泰20年美債,27,0,27,凱基-士林,2023-12-07,9238
1708,東鹼,29,3,26,凱基-士林,2023-12-07,9238
3540,曜越,26,0,26,凱基-士林,2023-12-07,9238
3443,創意,27,1,26,凱基-士林,2023-12-07,9238
1309,台達化,25,0,25,凱基-士林,2023-12-07,9238
2399,映泰,54,29,25,凱基-士林,2023-12-07,9238
2355,敬鵬,24,2,22,凱基-士林,2023-12-07,9238
3059,華晶科,25,4,21,凱基-士林,2023-12-07,9238
6695,芯鼎,21,0,21,凱基-士林,2023-12-07,9238
00688L,國泰20年美債正2,20,0,20,凱基-士林,2023-12-07,9238
2610,華航,30,10,20,凱基-士林,2023-12-07,9238
3062,建漢,21,1,20,凱基-士林,2023-12-07,9238
3306,鼎天,20,0,20,凱基-士林,2023-12-07,9238
9105,泰金寶-DR,20,0,20,凱基-士林,2023-12-07,9238
2425,承啟,27,7,20,凱基-士林,2023-12-07,9238
3419,譁裕,39,20,19,凱基-士林,2023-12-07,9238
6122,擎邦,20,1,19,凱基-士林,2023-12-07,9238
00882,中信中國高股息,26,8,18,凱基-士林,2023-12-07,9238
2888,新光金,17,0,17,凱基-士林,2023-12-07,9238
3450,聯鈞,16,0,16,凱基-士林,2023-12-07,9238
6148,驊宏資,16,0,16,凱基-士林,2023-12-07,9238
6237,驊訊,16,0,16,凱基-士林,2023-12-07,9238
6243,迅杰,16,0,16,凱基-士林,2023-12-07,9238
00679B,元大美債20年,15,0,15,凱基-士林,2023-12-07,9238
00753L,中信中國50正2,15,0,15,凱基-士林,2023-12-07,9238
6901,鑽石投資,15,0,15,凱基-士林,2023-12-07,9238
2330,台積電,15,1,14,凱基-士林,2023-12-07,9238
00929,復華台灣科技優息,14,0,14,凱基-士林,2023-12-07,9238
4967,十銓,18,4,14,凱基-士林,2023-12-07,9238
4561,健椿,19,5,14,凱基-士林,2023-12-07,9238
2641,正德,15,1,14,凱基-士林,2023-12-07,9238
4306,炎洲,15,2,13,凱基-士林,2023-12-07,9238
3481,群創,219,2,217,凱基-士林,2023-12-08,9238
00919,群益台灣精選高息,148,2,146,凱基-士林,2023-12-08,9238
00937B,群益ESG投等債20,120,0,120,凱基-士林,2023-12-08,9238
00676R,富邦臺灣加權反1,80,0,80,凱基-士林,2023-12-08,9238
1466,聚隆,80,10,70,凱基-士林,2023-12-08,9238
5425,台半,79,10,69,凱基-士林,2023-12-08,9238
00892,富邦台灣半導體,60,0,60,凱基-士林,2023-12-08,9238
9105,泰金寶-DR,58,2,56,凱基-士林,2023-12-08,9238
00878,國泰永續高股息,69,17,52,凱基-士林,2023-12-08,9238
2409,友達,51,0,51,凱基-士林,2023-12-08,9238
00680L,元大美債20正2,42,0,42,凱基-士林,2023-12-08,9238
3704,合勤控,42,0,42,凱基-士林,2023-12-08,9238
8040,九暘,42,0,42,凱基-士林,2023-12-08,9238
00900,富邦特選高股息30,50,11,39,凱基-士林,2023-12-08,9238
4939,亞電,48,10,38,凱基-士林,2023-12-08,9238
2641,正德,42,9,33,凱基-士林,2023-12-08,9238
00904,新光臺灣半導體30,30,0,30,凱基-士林,2023-12-08,9238
00929,復華台灣科技優息,32,2,30,凱基-士林,2023-12-08,9238
00632R,元大台灣50反1,29,0,29,凱基-士林,2023-12-08,9238
2888,新光金,28,0,28,凱基-士林,2023-12-08,9238
00891,中信關鍵半導體,30,3,27,凱基-士林,2023-12-08,9238
1781,合世,28,2,26,凱基-士林,2023-12-08,9238
3346,麗清,27,3,24,凱基-士林,2023-12-08,9238
00687B,國泰20年美債,23,0,23,凱基-士林,2023-12-08,9238
8466,美吉吉-KY,23,0,23,凱基-士林,2023-12-08,9238
6282,康舒,23,1,22,凱基-士林,2023-12-08,9238
2408,南亞科,21,0,21,凱基-士林,2023-12-08,9238
3545,敦泰,21,0,21,凱基-士林,2023-12-08,9238
00650L,復華香港正2,20,0,20,凱基-士林,2023-12-08,9238
2349,錸德,20,0,20,凱基-士林,2023-12-08,9238
2885,元大金,20,0,20,凱基-士林,2023-12-08,9238
2890,永豐金,20,0,20,凱基-士林,2023-12-08,9238
8088,品安,20,0,20,凱基-士林,2023-12-08,9238
2915,潤泰全,15,0,15,凱基-士林,2023-12-08,9238
00753L,中信中國50正2,15,0,15,凱基-士林,2023-12-08,9238
1506,正道,15,1,14,凱基-士林,2023-12-08,9238
3042,晶技,13,0,13,凱基-士林,2023-12-08,9238
1612,宏泰,19,6,13,凱基-士林,2023-12-08,9238
2425,承啟,14,1,13,凱基-士林,2023-12-08,9238
9951,皇田,13,0,13,凱基-士林,2023-12-08,9238
2374,佳能,12,0,12,凱基-士林,2023-12-08,9238
6443,元晶,17,5,12,凱基-士林,2023-12-08,9238
2314,台揚,13,2,11,凱基-士林,2023-12-08,9238
2367,燿華,12,1,11,凱基-士林,2023-12-08,9238
2399,映泰,21,10,11,凱基-士林,2023-12-08,9238
2634,漢翔,11,0,11,凱基-士林,2023-12-08,9238
5608,四維航,16,5,11,凱基-士林,2023-12-08,9238
6235,華孚,11,0,11,凱基-士林,2023-12-08,9238
00679B,元大美債20年,11,0,11,凱基-士林,2023-12-08,9238
00882,中信中國高股息,13,3,10,凱基-士林,2023-12-08,9238
2618,長榮航,208,9,199,凱基-士林,2023-12-11,9238
2405,輔信,144,3,141,凱基-士林,2023-12-11,9238
1524,耿鼎,133,21,112,凱基-士林,2023-12-11,9238
6180,橘子,97,0,97,凱基-士林,2023-12-11,9238
00919,群益台灣精選高息,102,13,89,凱基-士林,2023-12-11,9238
00882,中信中國高股息,87,0,87,凱基-士林,2023-12-11,9238
2356,英業達,98,12,86,凱基-士林,2023-12-11,9238
2025,千興,60,0,60,凱基-士林,2023-12-11,9238
3290,東浦,36,0,36,凱基-士林,2023-12-11,9238
4906,正文,45,10,35,凱基-士林,2023-12-11,9238
1605,華新,133,100,33,凱基-士林,2023-12-11,9238
2888,新光金,33,0,33,凱基-士林,2023-12-11,9238
3035,智原,34,1,33,凱基-士林,2023-12-11,9238
1220,台榮,30,0,30,凱基-士林,2023-12-11,9238
3516,亞帝歐,30,0,30,凱基-士林,2023-12-11,9238
2382,廣達,32,6,26,凱基-士林,2023-12-11,9238
2399,映泰,33,8,25,凱基-士林,2023-12-11,9238
3706,神達,35,12,23,凱基-士林,2023-12-11,9238
00650L,復華香港正2,22,0,22,凱基-士林,2023-12-11,9238
6188,廣明,21,0,21,凱基-士林,2023-12-11,9238
00680L,元大美債20正2,20,0,20,凱基-士林,2023-12-11,9238
9958,世紀鋼,20,0,20,凱基-士林,2023-12-11,9238
3260,威剛,27,8,19,凱基-士林,2023-12-11,9238
00937B,群益ESG投等債20,48,30,18,凱基-士林,2023-12-11,9238
3419,譁裕,18,0,18,凱基-士林,2023-12-11,9238
00753L,中信中國50正2,17,0,17,凱基-士林,2023-12-11,9238
00679B,元大美債20年,17,0,17,凱基-士林,2023-12-11,9238
2409,友達,20,4,16,凱基-士林,2023-12-11,9238
2883,凱基金,39,23,16,凱基-士林,2023-12-11,9238
00688L,國泰20年美債正2,15,0,15,凱基-士林,2023-12-11,9238
006206,元大上證50,15,0,15,凱基-士林,2023-12-11,9238
1342,八貫,15,0,15,凱基-士林,2023-12-11,9238
00752,中信中國50,14,0,14,凱基-士林,2023-12-11,9238
6186,新潤,14,0,14,凱基-士林,2023-12-11,9238
00637L,元大滬深300正2,12,0,12,凱基-士林,2023-12-11,9238
00687B,國泰20年美債,12,0,12,凱基-士林,2023-12-11,9238
2388,威盛,27,15,12,凱基-士林,2023-12-11,9238
3078,僑威,13,1,12,凱基-士林,2023-12-11,9238
2882,國泰金,12,0,12,凱基-士林,2023-12-11,9238
2881,富邦金,13,1,12,凱基-士林,2023-12-11,9238
3234,光環,12,1,11,凱基-士林,2023-12-11,9238
2002,中鋼,10,0,10,凱基-士林,2023-12-11,9238
1905,華紙,31,21,10,凱基-士林,2023-12-11,9238
3325,旭品,13,3,10,凱基-士林,2023-12-11,9238
00751B,元大AAA至A公司債,10,0,10,凱基-士林,2023-12-11,9238
2358,廷鑫,14,4,10,凱基-士林,2023-12-11,9238
2414,精技,10,0,10,凱基-士林,2023-12-11,9238
3141,晶宏,10,0,10,凱基-士林,2023-12-11,9238
4554,橙的,10,0,10,凱基-士林,2023-12-11,9238
4768,晶呈科技,10,0,10,凱基-士林,2023-12-11,9238
2317,鴻海,345,7,338,凱基-士林,2023-12-12,9238
3481,群創,300,3,297,凱基-士林,2023-12-12,9238
00919,群益台灣精選高息,152,5,147,凱基-士林,2023-12-12,9238
00632R,元大台灣50反1,104,0,104,凱基-士林,2023-12-12,9238
2618,長榮航,178,108,70,凱基-士林,2023-12-12,9238
00934,中信成長高股息,58,5,53,凱基-士林,2023-12-12,9238
1603,華電,61,13,48,凱基-士林,2023-12-12,9238
00931B,統一美債20年,54,11,43,凱基-士林,2023-12-12,9238
00676R,富邦臺灣加權反1,40,0,40,凱基-士林,2023-12-12,9238
2409,友達,37,0,37,凱基-士林,2023-12-12,9238
3028,增你強,40,3,37,凱基-士林,2023-12-12,9238
3346,麗清,44,12,32,凱基-士林,2023-12-12,9238
6282,康舒,30,1,29,凱基-士林,2023-12-12,9238
6122,擎邦,26,0,26,凱基-士林,2023-12-12,9238
9105,泰金寶-DR,25,0,25,凱基-士林,2023-12-12,9238
6546,正基,28,4,24,凱基-士林,2023-12-12,9238
5521,工信,45,21,24,凱基-士林,2023-12-12,9238
2382,廣達,32,9,23,凱基-士林,2023-12-12,9238
3032,偉訓,21,0,21,凱基-士林,2023-12-12,9238
00692,富邦公司治理,20,0,20,凱基-士林,2023-12-12,9238
2538,基泰,20,0,20,凱基-士林,2023-12-12,9238
2888,新光金,20,0,20,凱基-士林,2023-12-12,9238
4543,萬在,19,0,19,凱基-士林,2023-12-12,9238
3706,神達,17,0,17,凱基-士林,2023-12-12,9238
1612,宏泰,21,7,14,凱基-士林,2023-12-12,9238
1618,合機,26,12,14,凱基-士林,2023-12-12,9238
2399,映泰,16,2,14,凱基-士林,2023-12-12,9238
2402,毅嘉,38,24,14,凱基-士林,2023-12-12,9238
1342,八貫,13,0,13,凱基-士林,2023-12-12,9238
1616,億泰,12,0,12,凱基-士林,2023-12-12,9238
6426,統新,12,0,12,凱基-士林,2023-12-12,9238
00918,大華優利高填息30,12,1,11,凱基-士林,2023-12-12,9238
3540,曜越,11,0,11,凱基-士林,2023-12-12,9238
4554,橙的,21,10,11,凱基-士林,2023-12-12,9238
6186,新潤,11,0,11,凱基-士林,2023-12-12,9238
00720B,元大投資級公司債,10,0,10,凱基-士林,2023-12-12,9238
2474,可成,10,0,10,凱基-士林,2023-12-12,9238
2516,新建,10,0,10,凱基-士林,2023-12-12,9238
3515,華擎,10,0,10,凱基-士林,2023-12-12,9238
5465,富驊,10,0,10,凱基-士林,2023-12-12,9238
9945,潤泰新,10,0,10,凱基-士林,2023-12-12,9238
2363,矽統,19,10,9,凱基-士林,2023-12-12,9238
00885,富邦越南,10,1,9,凱基-士林,2023-12-12,9238
1324,地球,12,3,9,凱基-士林,2023-12-12,9238
1536,和大,9,0,9,凱基-士林,2023-12-12,9238
3163,波若威,9,0,9,凱基-士林,2023-12-12,9238
5243,乙盛-KY,10,1,9,凱基-士林,2023-12-12,9238
6672,騰輝電子-KY,9,0,9,凱基-士林,2023-12-12,9238
3287,廣寰科,13,5,8,凱基-士林,2023-12-12,9238
6133,金橋,8,0,8,凱基-士林,2023-12-12,9238
3481,群創,450,3,447,凱基-士林,2023-12-13,9238
3694,海華,220,17,203,凱基-士林,2023-12-13,9238
1618,合機,109,0,109,凱基-士林,2023-12-13,9238
00715L,期街口布蘭特正2,115,10,105,凱基-士林,2023-12-13,9238
00919,群益台灣精選高息,78,1,77,凱基-士林,2023-12-13,9238
00687B,國泰20年美債,72,0,72,凱基-士林,2023-12-13,9238
6282,康舒,61,0,61,凱基-士林,2023-12-13,9238
3024,憶聲,60,0,60,凱基-士林,2023-12-13,9238
2419,仲琦,69,11,58,凱基-士林,2023-12-13,9238
00636,國泰中國A50,55,0,55,凱基-士林,2023-12-13,9238
1217,愛之味,50,0,50,凱基-士林,2023-12-13,9238
2332,友訊,50,0,50,凱基-士林,2023-12-13,9238
2476,鉅祥,50,0,50,凱基-士林,2023-12-13,9238
3516,亞帝歐,45,0,45,凱基-士林,2023-12-13,9238
2609,陽明,54,12,42,凱基-士林,2023-12-13,9238
1605,華新,50,9,41,凱基-士林,2023-12-13,9238
5011,久陽,39,3,36,凱基-士林,2023-12-13,9238
00931B,統一美債20年,34,0,34,凱基-士林,2023-12-13,9238
2882,國泰金,34,0,34,凱基-士林,2023-12-13,9238
2883,凱基金,34,0,34,凱基-士林,2023-12-13,9238
00933B,國泰10Y+金融債,34,1,33,凱基-士林,2023-12-13,9238
6182,合晶,35,3,32,凱基-士林,2023-12-13,9238
2888,新光金,32,5,27,凱基-士林,2023-12-13,9238
6179,亞通,26,0,26,凱基-士林,2023-12-13,9238
00882,中信中國高股息,31,5,26,凱基-士林,2023-12-13,9238
1342,八貫,24,0,24,凱基-士林,2023-12-13,9238
00642U,期元大S＆P石油,22,0,22,凱基-士林,2023-12-13,9238
1608,華榮,20,0,20,凱基-士林,2023-12-13,9238
2812,台中銀,21,1,20,凱基-士林,2023-12-13,9238
3419,譁裕,20,0,20,凱基-士林,2023-12-13,9238
2002,中鋼,18,0,18,凱基-士林,2023-12-13,9238
4763,材料-KY,17,0,17,凱基-士林,2023-12-13,9238
2515,中工,29,13,16,凱基-士林,2023-12-13,9238
00915,凱基優選高股息30,14,0,14,凱基-士林,2023-12-13,9238
2618,長榮航,24,10,14,凱基-士林,2023-12-13,9238
4554,橙的,14,0,14,凱基-士林,2023-12-13,9238
3035,智原,17,4,13,凱基-士林,2023-12-13,9238
2371,大同,27,14,13,凱基-士林,2023-12-13,9238
2382,廣達,15,2,13,凱基-士林,2023-12-13,9238
00712,復華富時不動產,10,0,10,凱基-士林,2023-12-13,9238
00692,富邦公司治理,10,0,10,凱基-士林,2023-12-13,9238
00688L,國泰20年美債正2,20,10,10,凱基-士林,2023-12-13,9238
00934,中信成長高股息,10,0,10,凱基-士林,2023-12-13,9238
1309,台達化,10,0,10,凱基-士林,2023-12-13,9238
1437,勤益控,10,0,10,凱基-士林,2023-12-13,9238
5701,劍湖山,10,0,10,凱基-士林,2023-12-13,9238
6115,鎰勝,10,0,10,凱基-士林,2023-12-13,9238
6668,中揚光,13,3,10,凱基-士林,2023-12-13,9238
2027,大成鋼,11,2,9,凱基-士林,2023-12-13,9238
1521,大億,10,1,9,凱基-士林,2023-12-13,9238
2888,新光金,270,31,239,凱基-士林,2023-12-14,9238
00931B,統一美債20年,224,21,203,凱基-士林,2023-12-14,9238
2485,兆赫,127,1,126,凱基-士林,2023-12-14,9238
3481,群創,121,8,113,凱基-士林,2023-12-14,9238
00751B,元大AAA至A公司債,112,0,112,凱基-士林,2023-12-14,9238
2641,正德,104,3,101,凱基-士林,2023-12-14,9238
00919,群益台灣精選高息,100,11,89,凱基-士林,2023-12-14,9238
00929,復華台灣科技優息,103,20,83,凱基-士林,2023-12-14,9238
00687B,國泰20年美債,75,2,73,凱基-士林,2023-12-14,9238
2528,皇普,61,0,61,凱基-士林,2023-12-14,9238
00692,富邦公司治理,60,0,60,凱基-士林,2023-12-14,9238
1524,耿鼎,60,0,60,凱基-士林,2023-12-14,9238
8112,至上,74,15,59,凱基-士林,2023-12-14,9238
6179,亞通,55,0,55,凱基-士林,2023-12-14,9238
4109,加捷生醫,52,0,52,凱基-士林,2023-12-14,9238
00722B,群益投資級電信債,50,0,50,凱基-士林,2023-12-14,9238
00922,國泰台灣領袖50,50,4,46,凱基-士林,2023-12-14,9238
2402,毅嘉,54,14,40,凱基-士林,2023-12-14,9238
00882,中信中國高股息,31,0,31,凱基-士林,2023-12-14,9238
1815,富喬,32,1,31,凱基-士林,2023-12-14,9238
00636,國泰中國A50,30,0,30,凱基-士林,2023-12-14,9238
8933,愛地雅,30,0,30,凱基-士林,2023-12-14,9238
00830,國泰費城半導體,30,0,30,凱基-士林,2023-12-14,9238
3622,洋華,26,0,26,凱基-士林,2023-12-14,9238
00637L,元大滬深300正2,26,4,22,凱基-士林,2023-12-14,9238
1503,士電,30,9,21,凱基-士林,2023-12-14,9238
2610,華航,34,13,21,凱基-士林,2023-12-14,9238
00936,台新永續高息中小,20,0,20,凱基-士林,2023-12-14,9238
4768,晶呈科技,20,0,20,凱基-士林,2023-12-14,9238
5465,富驊,20,0,20,凱基-士林,2023-12-14,9238
5515,建國,54,34,20,凱基-士林,2023-12-14,9238
8011,台通,24,5,19,凱基-士林,2023-12-14,9238
8358,金居,20,1,19,凱基-士林,2023-12-14,9238
00712,復華富時不動產,22,3,19,凱基-士林,2023-12-14,9238
6292,迅德,27,9,18,凱基-士林,2023-12-14,9238
6120,達運,18,0,18,凱基-士林,2023-12-14,9238
2363,矽統,61,43,18,凱基-士林,2023-12-14,9238
00632R,元大台灣50反1,21,4,17,凱基-士林,2023-12-14,9238
5351,鈺創,23,6,17,凱基-士林,2023-12-14,9238
2102,泰豐,15,0,15,凱基-士林,2023-12-14,9238
2883,凱基金,81,66,15,凱基-士林,2023-12-14,9238
6799,來頡,15,0,15,凱基-士林,2023-12-14,9238
1437,勤益控,14,0,14,凱基-士林,2023-12-14,9238
2887,台新金,15,1,14,凱基-士林,2023-12-14,9238
6901,鑽石投資,14,0,14,凱基-士林,2023-12-14,9238
3051,力特,18,4,14,凱基-士林,2023-12-14,9238
3004,豐達科,13,0,13,凱基-士林,2023-12-14,9238
00888,永豐台灣ESG,12,0,12,凱基-士林,2023-12-14,9238
1737,臺鹽,12,0,12,凱基-士林,2023-12-14,9238
6245,立端,12,0,12,凱基-士林,2023-12-14,9238
00680L,元大美債20正2,211,16,195,凱基-士林,2023-12-15,9238
2002,中鋼,134,14,120,凱基-士林,2023-12-15,9238
2356,英業達,292,179,113,凱基-士林,2023-12-15,9238
1584,精剛,120,14,106,凱基-士林,2023-12-15,9238
5515,建國,137,34,103,凱基-士林,2023-12-15,9238
2323,中環,100,17,83,凱基-士林,2023-12-15,9238
1802,台玻,70,1,69,凱基-士林,2023-12-15,9238
2017,官田鋼,69,0,69,凱基-士林,2023-12-15,9238
3481,群創,83,20,63,凱基-士林,2023-12-15,9238
00679B,元大美債20年,60,4,56,凱基-士林,2023-12-15,9238
00673R,期元大S＆P原油反1,55,0,55,凱基-士林,2023-12-15,9238
2618,長榮航,66,13,53,凱基-士林,2023-12-15,9238
00915,凱基優選高股息30,52,1,51,凱基-士林,2023-12-15,9238
2331,精英,51,1,50,凱基-士林,2023-12-15,9238
00687B,國泰20年美債,50,1,49,凱基-士林,2023-12-15,9238
2363,矽統,125,77,48,凱基-士林,2023-12-15,9238
3062,建漢,41,0,41,凱基-士林,2023-12-15,9238
00934,中信成長高股息,37,0,37,凱基-士林,2023-12-15,9238
5371,中光電,35,0,35,凱基-士林,2023-12-15,9238
1712,興農,30,0,30,凱基-士林,2023-12-15,9238
2436,偉詮電,40,10,30,凱基-士林,2023-12-15,9238
8383,千附,30,0,30,凱基-士林,2023-12-15,9238
2371,大同,30,3,27,凱基-士林,2023-12-15,9238
00688L,國泰20年美債正2,25,0,25,凱基-士林,2023-12-15,9238
8110,華東,25,0,25,凱基-士林,2023-12-15,9238
00918,大華優利高填息30,24,1,23,凱基-士林,2023-12-15,9238
2328,廣宇,22,0,22,凱基-士林,2023-12-15,9238
00931B,統一美債20年,24,4,20,凱基-士林,2023-12-15,9238
1324,地球,20,0,20,凱基-士林,2023-12-15,9238
3019,亞光,20,0,20,凱基-士林,2023-12-15,9238
3035,智原,14,1,13,凱基-士林,2023-12-15,9238
3051,力特,39,26,13,凱基-士林,2023-12-15,9238
0050,元大台灣50,15,2,13,凱基-士林,2023-12-15,9238
4919,新唐,12,0,12,凱基-士林,2023-12-15,9238
00637L,元大滬深300正2,15,3,12,凱基-士林,2023-12-15,9238
8358,金居,12,0,12,凱基-士林,2023-12-15,9238
3715,定穎投控,15,3,12,凱基-士林,2023-12-15,9238
00885,富邦越南,19,8,11,凱基-士林,2023-12-15,9238
5521,工信,23,12,11,凱基-士林,2023-12-15,9238
00676R,富邦臺灣加權反1,10,0,10,凱基-士林,2023-12-15,9238
1616,億泰,10,0,10,凱基-士林,2023-12-15,9238
2103,台橡,10,0,10,凱基-士林,2023-12-15,9238
2641,正德,11,1,10,凱基-士林,2023-12-15,9238
4554,橙的,10,0,10,凱基-士林,2023-12-15,9238
4768,晶呈科技,10,0,10,凱基-士林,2023-12-15,9238
8467,波力-KY,10,0,10,凱基-士林,2023-12-15,9238
2359,所羅門,15,6,9,凱基-士林,2023-12-15,9238
2887,台新金,9,0,9,凱基-士林,2023-12-15,9238
5009,榮剛,39,30,9,凱基-士林,2023-12-15,9238
1809,中釉,10,2,8,凱基-士林,2023-12-15,9238
00688L,國泰20年美債正2,334,0,334,凱基-士林,2023-12-18,9238
00919,群益台灣精選高息,142,18,124,凱基-士林,2023-12-18,9238
2002,中鋼,291,181,110,凱基-士林,2023-12-18,9238
4915,致伸,101,0,101,凱基-士林,2023-12-18,9238
00929,復華台灣科技優息,135,45,90,凱基-士林,2023-12-18,9238
00882,中信中國高股息,72,0,72,凱基-士林,2023-12-18,9238
2069,運錩,70,4,66,凱基-士林,2023-12-18,9238
2528,皇普,59,0,59,凱基-士林,2023-12-18,9238
1605,華新,69,11,58,凱基-士林,2023-12-18,9238
00931B,統一美債20年,58,2,56,凱基-士林,2023-12-18,9238
00878,國泰永續高股息,58,6,52,凱基-士林,2023-12-18,9238
2027,大成鋼,57,9,48,凱基-士林,2023-12-18,9238
00937B,群益ESG投等債20,70,23,47,凱基-士林,2023-12-18,9238
9962,有益,56,10,46,凱基-士林,2023-12-18,9238
2891,中信金,50,4,46,凱基-士林,2023-12-18,9238
00680L,元大美債20正2,56,14,42,凱基-士林,2023-12-18,9238
2313,華通,41,0,41,凱基-士林,2023-12-18,9238
2371,大同,45,5,40,凱基-士林,2023-12-18,9238
1905,華紙,50,11,39,凱基-士林,2023-12-18,9238
2913,農林,56,20,36,凱基-士林,2023-12-18,9238
00935,野村臺灣新科技50,30,0,30,凱基-士林,2023-12-18,9238
00923,群益台ESG低碳50,30,0,30,凱基-士林,2023-12-18,9238
3499,環天科,39,9,30,凱基-士林,2023-12-18,9238
2610,華航,29,0,29,凱基-士林,2023-12-18,9238
8150,南茂,44,17,27,凱基-士林,2023-12-18,9238
1437,勤益控,25,0,25,凱基-士林,2023-12-18,9238
2520,冠德,25,0,25,凱基-士林,2023-12-18,9238
00712,復華富時不動產,24,2,22,凱基-士林,2023-12-18,9238
00687B,國泰20年美債,23,1,22,凱基-士林,2023-12-18,9238
4114,健喬,22,0,22,凱基-士林,2023-12-18,9238
00679B,元大美債20年,24,3,21,凱基-士林,2023-12-18,9238
2356,英業達,70,52,18,凱基-士林,2023-12-18,9238
2023,燁輝,37,19,18,凱基-士林,2023-12-18,9238
3036,文曄,17,0,17,凱基-士林,2023-12-18,9238
3694,海華,26,9,17,凱基-士林,2023-12-18,9238
00918,大華優利高填息30,18,2,16,凱基-士林,2023-12-18,9238
00881,國泰台灣5G+,20,4,16,凱基-士林,2023-12-18,9238
2014,中鴻,41,25,16,凱基-士林,2023-12-18,9238
2612,中航,22,6,16,凱基-士林,2023-12-18,9238
8048,德勝,16,0,16,凱基-士林,2023-12-18,9238
2204,中華,15,0,15,凱基-士林,2023-12-18,9238
4433,興采,15,0,15,凱基-士林,2023-12-18,9238
6182,合晶,16,3,13,凱基-士林,2023-12-18,9238
00720B,元大投資級公司債,13,0,13,凱基-士林,2023-12-18,9238
3289,宜特,12,0,12,凱基-士林,2023-12-18,9238
00715L,期街口布蘭特正2,11,0,11,凱基-士林,2023-12-18,9238
1440,南紡,11,0,11,凱基-士林,2023-12-18,9238
2883,凱基金,23,12,11,凱基-士林,2023-12-18,9238
6284,佳邦,13,2,11,凱基-士林,2023-12-18,9238
00905,FT臺灣Smart,10,0,10,凱基-士林,2023-12-18,9238
00934,中信成長高股息,158,5,153,凱基-士林,2023-12-19,9238
2618,長榮航,397,264,133,凱基-士林,2023-12-19,9238
00929,復華台灣科技優息,126,13,113,凱基-士林,2023-12-19,9238
2356,英業達,139,47,92,凱基-士林,2023-12-19,9238
3062,建漢,70,0,70,凱基-士林,2023-12-19,9238
2344,華邦電,78,8,70,凱基-士林,2023-12-19,9238
2476,鉅祥,50,2,48,凱基-士林,2023-12-19,9238
2528,皇普,40,0,40,凱基-士林,2023-12-19,9238
1605,華新,52,16,36,凱基-士林,2023-12-19,9238
00919,群益台灣精選高息,51,16,35,凱基-士林,2023-12-19,9238
00673R,期元大S＆P原油反1,35,0,35,凱基-士林,2023-12-19,9238
5347,世界,34,0,34,凱基-士林,2023-12-19,9238
4133,亞諾法,33,0,33,凱基-士林,2023-12-19,9238
1815,富喬,31,0,31,凱基-士林,2023-12-19,9238
2014,中鴻,54,23,31,凱基-士林,2023-12-19,9238
2022,聚亨,30,0,30,凱基-士林,2023-12-19,9238
2331,精英,22,0,22,凱基-士林,2023-12-19,9238
1305,華夏,21,0,21,凱基-士林,2023-12-19,9238
1314,中石化,30,10,20,凱基-士林,2023-12-19,9238
1471,首利,20,0,20,凱基-士林,2023-12-19,9238
2538,基泰,20,0,20,凱基-士林,2023-12-19,9238
6186,新潤,20,0,20,凱基-士林,2023-12-19,9238
6835,圓裕,20,0,20,凱基-士林,2023-12-19,9238
6672,騰輝電子-KY,18,0,18,凱基-士林,2023-12-19,9238
8112,至上,23,6,17,凱基-士林,2023-12-19,9238
00687B,國泰20年美債,37,21,16,凱基-士林,2023-12-19,9238
2371,大同,56,40,16,凱基-士林,2023-12-19,9238
2729,瓦城,15,0,15,凱基-士林,2023-12-19,9238
5210,寶碩,21,6,15,凱基-士林,2023-12-19,9238
00882,中信中國高股息,14,0,14,凱基-士林,2023-12-19,9238
00680L,元大美債20正2,17,3,14,凱基-士林,2023-12-19,9238
3260,威剛,14,0,14,凱基-士林,2023-12-19,9238
2882,國泰金,13,0,13,凱基-士林,2023-12-19,9238
2891,中信金,22,9,13,凱基-士林,2023-12-19,9238
6205,詮欣,13,0,13,凱基-士林,2023-12-19,9238
00891,中信關鍵半導體,12,0,12,凱基-士林,2023-12-19,9238
5351,鈺創,12,0,12,凱基-士林,2023-12-19,9238
2204,中華,11,0,11,凱基-士林,2023-12-19,9238
2449,京元電子,11,0,11,凱基-士林,2023-12-19,9238
00688L,國泰20年美債正2,10,0,10,凱基-士林,2023-12-19,9238
00652,富邦印度,10,0,10,凱基-士林,2023-12-19,9238
1616,億泰,10,0,10,凱基-士林,2023-12-19,9238
6116,彩晶,11,1,10,凱基-士林,2023-12-19,9238
6276,安鈦克,10,0,10,凱基-士林,2023-12-19,9238
8936,國統,10,0,10,凱基-士林,2023-12-19,9238
00885,富邦越南,12,2,10,凱基-士林,2023-12-19,9238
00881,國泰台灣5G+,10,0,10,凱基-士林,2023-12-19,9238
4420,光明,9,0,9,凱基-士林,2023-12-19,9238
6546,正基,11,2,9,凱基-士林,2023-12-19,9238
2801,彰銀,8,0,8,凱基-士林,2023-12-19,9238
00632R,元大台灣50反1,1497,0,1497,凱基-士林,2023-12-20,9238
2313,華通,188,7,181,凱基-士林,2023-12-20,9238
00929,復華台灣科技優息,100,5,95,凱基-士林,2023-12-20,9238
2516,新建,70,0,70,凱基-士林,2023-12-20,9238
2891,中信金,57,0,57,凱基-士林,2023-12-20,9238
00933B,國泰10Y+金融債,52,0,52,凱基-士林,2023-12-20,9238
00688L,國泰20年美債正2,50,0,50,凱基-士林,2023-12-20,9238
6139,亞翔,49,6,43,凱基-士林,2023-12-20,9238
2801,彰銀,41,0,41,凱基-士林,2023-12-20,9238
3390,旭軟,36,0,36,凱基-士林,2023-12-20,9238
00937B,群益ESG投等債20,69,35,34,凱基-士林,2023-12-20,9238
00673R,期元大S＆P原油反1,33,0,33,凱基-士林,2023-12-20,9238
2323,中環,35,2,33,凱基-士林,2023-12-20,9238
8085,福華,54,23,31,凱基-士林,2023-12-20,9238
3694,海華,31,1,30,凱基-士林,2023-12-20,9238
8112,至上,36,7,29,凱基-士林,2023-12-20,9238
1781,合世,26,0,26,凱基-士林,2023-12-20,9238
4402,郡都開發,24,0,24,凱基-士林,2023-12-20,9238
5210,寶碩,27,4,23,凱基-士林,2023-12-20,9238
2913,農林,22,0,22,凱基-士林,2023-12-20,9238
4133,亞諾法,21,1,20,凱基-士林,2023-12-20,9238
1905,華紙,32,15,17,凱基-士林,2023-12-20,9238
2330,台積電,23,6,17,凱基-士林,2023-12-20,9238
3499,環天科,16,1,15,凱基-士林,2023-12-20,9238
4306,炎洲,15,0,15,凱基-士林,2023-12-20,9238
4906,正文,15,0,15,凱基-士林,2023-12-20,9238
00919,群益台灣精選高息,32,19,13,凱基-士林,2023-12-20,9238
1605,華新,121,109,12,凱基-士林,2023-12-20,9238
2637,慧洋-KY,19,7,12,凱基-士林,2023-12-20,9238
1522,堤維西,14,2,12,凱基-士林,2023-12-20,9238
9919,康那香,13,2,11,凱基-士林,2023-12-20,9238
9945,潤泰新,11,0,11,凱基-士林,2023-12-20,9238
00935,野村臺灣新科技50,10,0,10,凱基-士林,2023-12-20,9238
00903,富邦元宇宙,10,0,10,凱基-士林,2023-12-20,9238
1437,勤益控,10,0,10,凱基-士林,2023-12-20,9238
1440,南紡,10,0,10,凱基-士林,2023-12-20,9238
2102,泰豐,10,0,10,凱基-士林,2023-12-20,9238
2820,華票,10,0,10,凱基-士林,2023-12-20,9238
2834,臺企銀,10,0,10,凱基-士林,2023-12-20,9238
6209,今國光,10,0,10,凱基-士林,2023-12-20,9238
00687B,國泰20年美債,14,5,9,凱基-士林,2023-12-20,9238
00881,國泰台灣5G+,10,1,9,凱基-士林,2023-12-20,9238
3479,安勤,9,0,9,凱基-士林,2023-12-20,9238
00891,中信關鍵半導體,8,0,8,凱基-士林,2023-12-20,9238
00631L,元大台灣50正2,8,0,8,凱基-士林,2023-12-20,9238
2633,台灣高鐵,8,0,8,凱基-士林,2023-12-20,9238
3006,晶豪科,12,4,8,凱基-士林,2023-12-20,9238
2884,玉山金,8,0,8,凱基-士林,2023-12-20,9238
00720B,元大投資級公司債,8,0,8,凱基-士林,2023-12-20,9238
2027,大成鋼,40,33,7,凱基-士林,2023-12-20,9238
9105,泰金寶-DR,503,65,438,凱基-士林,2023-12-21,9238
2331,精英,281,1,280,凱基-士林,2023-12-21,9238
00929,復華台灣科技優息,146,0,146,凱基-士林,2023-12-21,9238
2371,大同,111,1,110,凱基-士林,2023-12-21,9238
00919,群益台灣精選高息,125,23,102,凱基-士林,2023-12-21,9238
4402,郡都開發,95,0,95,凱基-士林,2023-12-21,9238
00937B,群益ESG投等債20,73,18,55,凱基-士林,2023-12-21,9238
2485,兆赫,50,0,50,凱基-士林,2023-12-21,9238
1319,東陽,41,0,41,凱基-士林,2023-12-21,9238
6443,元晶,53,12,41,凱基-士林,2023-12-21,9238
5210,寶碩,39,7,32,凱基-士林,2023-12-21,9238
2349,錸德,30,0,30,凱基-士林,2023-12-21,9238
2611,志信,32,2,30,凱基-士林,2023-12-21,9238
4915,致伸,31,1,30,凱基-士林,2023-12-21,9238
911868,同方友友-DR,30,0,30,凱基-士林,2023-12-21,9238
00923,群益台ESG低碳50,30,1,29,凱基-士林,2023-12-21,9238
2324,仁寶,65,37,28,凱基-士林,2023-12-21,9238
2312,金寶,27,0,27,凱基-士林,2023-12-21,9238
1522,堤維西,26,2,24,凱基-士林,2023-12-21,9238
00933B,國泰10Y+金融債,22,0,22,凱基-士林,2023-12-21,9238
6835,圓裕,32,10,22,凱基-士林,2023-12-21,9238
2885,元大金,22,1,21,凱基-士林,2023-12-21,9238
2002,中鋼,22,2,20,凱基-士林,2023-12-21,9238
6179,亞通,20,0,20,凱基-士林,2023-12-21,9238
00753L,中信中國50正2,15,0,15,凱基-士林,2023-12-21,9238
00878,國泰永續高股息,19,5,14,凱基-士林,2023-12-21,9238
1612,宏泰,24,10,14,凱基-士林,2023-12-21,9238
3706,神達,14,1,13,凱基-士林,2023-12-21,9238
1325,恆大,14,2,12,凱基-士林,2023-12-21,9238
1722,台肥,13,1,12,凱基-士林,2023-12-21,9238
1806,冠軍,12,0,12,凱基-士林,2023-12-21,9238
2605,新興,16,5,11,凱基-士林,2023-12-21,9238
2303,聯電,10,0,10,凱基-士林,2023-12-21,9238
1504,東元,10,0,10,凱基-士林,2023-12-21,9238
5289,宜鼎,10,0,10,凱基-士林,2023-12-21,9238
00692,富邦公司治理,10,0,10,凱基-士林,2023-12-21,9238
2329,華泰,12,2,10,凱基-士林,2023-12-21,9238
5876,上海商銀,10,0,10,凱基-士林,2023-12-21,9238
6194,育富,10,0,10,凱基-士林,2023-12-21,9238
6541,泰福-KY,20,10,10,凱基-士林,2023-12-21,9238
8034,榮群,10,0,10,凱基-士林,2023-12-21,9238
2886,兆豐金,10,1,9,凱基-士林,2023-12-21,9238
0056,元大高股息,12,3,9,凱基-士林,2023-12-21,9238
3576,聯合再生,10,2,8,凱基-士林,2023-12-21,9238
3058,立德,8,0,8,凱基-士林,2023-12-21,9238
1312,國喬,10,3,7,凱基-士林,2023-12-21,9238
6482,弘煜科,7,0,7,凱基-士林,2023-12-21,9238
2201,裕隆,7,1,6,凱基-士林,2023-12-21,9238
8086,宏捷科,10,4,6,凱基-士林,2023-12-21,9238
2412,中華電,6,0,6,凱基-士林,2023-12-21,9238
00931B,統一美債20年,204,13,191,凱基-士林,2023-12-22,9238
00937B,群益ESG投等債20,191,20,171,凱基-士林,2023-12-22,9238
00933B,國泰10Y+金融債,108,10,98,凱基-士林,2023-12-22,9238
3499,環天科,70,0,70,凱基-士林,2023-12-22,9238
9105,泰金寶-DR,64,3,61,凱基-士林,2023-12-22,9238
2313,華通,53,0,53,凱基-士林,2023-12-22,9238
2485,兆赫,60,10,50,凱基-士林,2023-12-22,9238
4109,加捷生醫,50,0,50,凱基-士林,2023-12-22,9238
00680L,元大美債20正2,43,0,43,凱基-士林,2023-12-22,9238
1314,中石化,43,0,43,凱基-士林,2023-12-22,9238
2801,彰銀,39,0,39,凱基-士林,2023-12-22,9238
4906,正文,45,17,28,凱基-士林,2023-12-22,9238
8085,福華,35,7,28,凱基-士林,2023-12-22,9238
2515,中工,27,1,26,凱基-士林,2023-12-22,9238
2340,台亞,25,0,25,凱基-士林,2023-12-22,9238
2331,精英,24,1,23,凱基-士林,2023-12-22,9238
00753L,中信中國50正2,22,0,22,凱基-士林,2023-12-22,9238
2069,運錩,21,0,21,凱基-士林,2023-12-22,9238
2812,台中銀,22,1,21,凱基-士林,2023-12-22,9238
6179,亞通,21,0,21,凱基-士林,2023-12-22,9238
3576,聯合再生,30,10,20,凱基-士林,2023-12-22,9238
6546,正基,27,7,20,凱基-士林,2023-12-22,9238
2609,陽明,106,88,18,凱基-士林,2023-12-22,9238
2882,國泰金,17,0,17,凱基-士林,2023-12-22,9238
2344,華邦電,44,28,16,凱基-士林,2023-12-22,9238
3624,光頡,16,0,16,凱基-士林,2023-12-22,9238
6835,圓裕,16,0,16,凱基-士林,2023-12-22,9238
2014,中鴻,20,5,15,凱基-士林,2023-12-22,9238
00688L,國泰20年美債正2,15,0,15,凱基-士林,2023-12-22,9238
3041,揚智,43,28,15,凱基-士林,2023-12-22,9238
2615,萬海,40,25,15,凱基-士林,2023-12-22,9238
6129,普誠,14,0,14,凱基-士林,2023-12-22,9238
2605,新興,13,0,13,凱基-士林,2023-12-22,9238
4114,健喬,15,2,13,凱基-士林,2023-12-22,9238
2449,京元電子,13,1,12,凱基-士林,2023-12-22,9238
5880,合庫金,14,2,12,凱基-士林,2023-12-22,9238
2634,漢翔,10,0,10,凱基-士林,2023-12-22,9238
00882,中信中國高股息,16,6,10,凱基-士林,2023-12-22,9238
00903,富邦元宇宙,10,0,10,凱基-士林,2023-12-22,9238
00726B,國泰新興投等債,10,0,10,凱基-士林,2023-12-22,9238
1616,億泰,10,0,10,凱基-士林,2023-12-22,9238
2371,大同,10,0,10,凱基-士林,2023-12-22,9238
2641,正德,12,2,10,凱基-士林,2023-12-22,9238
3059,華晶科,10,0,10,凱基-士林,2023-12-22,9238
3213,茂訊,11,1,10,凱基-士林,2023-12-22,9238
4306,炎洲,10,0,10,凱基-士林,2023-12-22,9238
6541,泰福-KY,10,0,10,凱基-士林,2023-12-22,9238
2324,仁寶,16,8,8,凱基-士林,2023-12-22,9238
2888,新光金,8,0,8,凱基-士林,2023-12-22,9238
4933,友輝,8,0,8,凱基-士林,2023-12-22,9238
00632R,元大台灣50反1,1497,0,1497,凱基-士林,2023-12-25,9238
00937B,群益ESG投等債20,288,1,287,凱基-士林,2023-12-25,9238
5521,工信,175,21,154,凱基-士林,2023-12-25,9238
2344,華邦電,126,16,110,凱基-士林,2023-12-25,9238
00931B,統一美債20年,101,0,101,凱基-士林,2023-12-25,9238
00919,群益台灣精選高息,99,2,97,凱基-士林,2023-12-25,9238
4906,正文,90,0,90,凱基-士林,2023-12-25,9238
00929,復華台灣科技優息,75,2,73,凱基-士林,2023-12-25,9238
2915,潤泰全,60,0,60,凱基-士林,2023-12-25,9238
3499,環天科,59,0,59,凱基-士林,2023-12-25,9238
00933B,國泰10Y+金融債,72,20,52,凱基-士林,2023-12-25,9238
2023,燁輝,53,1,52,凱基-士林,2023-12-25,9238
4973,廣穎,48,0,48,凱基-士林,2023-12-25,9238
3576,聯合再生,43,0,43,凱基-士林,2023-12-25,9238
6139,亞翔,62,21,41,凱基-士林,2023-12-25,9238
6550,北極星藥業-KY,42,2,40,凱基-士林,2023-12-25,9238
00715L,期街口布蘭特正2,38,0,38,凱基-士林,2023-12-25,9238
1605,華新,112,75,37,凱基-士林,2023-12-25,9238
2421,建準,47,18,29,凱基-士林,2023-12-25,9238
00934,中信成長高股息,27,0,27,凱基-士林,2023-12-25,9238
2356,英業達,83,57,26,凱基-士林,2023-12-25,9238
6182,合晶,26,0,26,凱基-士林,2023-12-25,9238
2324,仁寶,54,29,25,凱基-士林,2023-12-25,9238
9105,泰金寶-DR,25,0,25,凱基-士林,2023-12-25,9238
5289,宜鼎,20,0,20,凱基-士林,2023-12-25,9238
2353,宏��,46,27,19,凱基-士林,2023-12-25,9238
3373,熱映,17,0,17,凱基-士林,2023-12-25,9238
00637L,元大滬深300正2,15,0,15,凱基-士林,2023-12-25,9238
5210,寶碩,16,1,15,凱基-士林,2023-12-25,9238
5425,台半,34,19,15,凱基-士林,2023-12-25,9238
1314,中石化,20,7,13,凱基-士林,2023-12-25,9238
1532,勤美,12,0,12,凱基-士林,2023-12-25,9238
6835,圓裕,12,0,12,凱基-士林,2023-12-25,9238
2615,萬海,17,6,11,凱基-士林,2023-12-25,9238
8215,明基材,10,0,10,凱基-士林,2023-12-25,9238
2388,威盛,21,11,10,凱基-士林,2023-12-25,9238
00764B,群益25年美債,10,0,10,凱基-士林,2023-12-25,9238
00680L,元大美債20正2,13,3,10,凱基-士林,2023-12-25,9238
4804,大略-KY,10,0,10,凱基-士林,2023-12-25,9238
6133,金橋,10,0,10,凱基-士林,2023-12-25,9238
6541,泰福-KY,20,10,10,凱基-士林,2023-12-25,9238
8034,榮群,10,0,10,凱基-士林,2023-12-25,9238
0050,元大台灣50,10,1,9,凱基-士林,2023-12-25,9238
2609,陽明,92,83,9,凱基-士林,2023-12-25,9238
00888,永豐台灣ESG,10,1,9,凱基-士林,2023-12-25,9238
2732,六角,9,0,9,凱基-士林,2023-12-25,9238
2888,新光金,9,0,9,凱基-士林,2023-12-25,9238
5608,四維航,8,0,8,凱基-士林,2023-12-25,9238
6194,育富,8,0,8,凱基-士林,2023-12-25,9238
8088,品安,9,1,8,凱基-士林,2023-12-25,9238
00632R,元大台灣50反1,1497,0,1497,凱基-士林,2023-12-26,9238
2609,陽明,170,114,56,凱基-士林,2023-12-26,9238
5521,工信,51,1,50,凱基-士林,2023-12-26,9238
2610,華航,42,3,39,凱基-士林,2023-12-26,9238
00687B,國泰20年美債,35,0,35,凱基-士林,2023-12-26,9238
4906,正文,36,3,33,凱基-士林,2023-12-26,9238
00919,群益台灣精選高息,71,40,31,凱基-士林,2023-12-26,9238
2010,春源,30,0,30,凱基-士林,2023-12-26,9238
8171,天宇,30,0,30,凱基-士林,2023-12-26,9238
6835,圓裕,33,6,27,凱基-士林,2023-12-26,9238
3563,牧德,26,0,26,凱基-士林,2023-12-26,9238
00676R,富邦臺灣加權反1,22,0,22,凱基-士林,2023-12-26,9238
6182,合晶,21,0,21,凱基-士林,2023-12-26,9238
6117,迎廣,23,3,20,凱基-士林,2023-12-26,9238
8466,美吉吉-KY,15,0,15,凱基-士林,2023-12-26,9238
1536,和大,13,0,13,凱基-士林,2023-12-26,9238
00882,中信中國高股息,13,1,12,凱基-士林,2023-12-26,9238
6456,GIS-KY,14,2,12,凱基-士林,2023-12-26,9238
2618,長榮航,15,4,11,凱基-士林,2023-12-26,9238
5425,台半,12,1,11,凱基-士林,2023-12-26,9238
00888,永豐台灣ESG,10,0,10,凱基-士林,2023-12-26,9238
1309,台達化,10,0,10,凱基-士林,2023-12-26,9238
00935,野村臺灣新科技50,10,0,10,凱基-士林,2023-12-26,9238
3178,公準,10,0,10,凱基-士林,2023-12-26,9238
4173,久裕,10,0,10,凱基-士林,2023-12-26,9238
00931B,統一美債20年,9,0,9,凱基-士林,2023-12-26,9238
2915,潤泰全,10,1,9,凱基-士林,2023-12-26,9238
3704,合勤控,9,0,9,凱基-士林,2023-12-26,9238
4763,材料-KY,9,0,9,凱基-士林,2023-12-26,9238
6241,易通展,9,0,9,凱基-士林,2023-12-26,9238
00892,富邦台灣半導體,10,2,8,凱基-士林,2023-12-26,9238
2369,菱生,11,3,8,凱基-士林,2023-12-26,9238
6139,亞翔,11,3,8,凱基-士林,2023-12-26,9238
00937B,群益ESG投等債20,14,7,7,凱基-士林,2023-12-26,9238
4979,華星光,8,1,7,凱基-士林,2023-12-26,9238
00929,復華台灣科技優息,19,13,6,凱基-士林,2023-12-26,9238
1519,華城,25,19,6,凱基-士林,2023-12-26,9238
1809,中釉,6,0,6,凱基-士林,2023-12-26,9238
2363,矽統,15,9,6,凱基-士林,2023-12-26,9238
00878,國泰永續高股息,15,10,5,凱基-士林,2023-12-26,9238
2388,威盛,12,7,5,凱基-士林,2023-12-26,9238
2376,技嘉,8,3,5,凱基-士林,2023-12-26,9238
00662,富邦NASDAQ,5,0,5,凱基-士林,2023-12-26,9238
1806,冠軍,5,0,5,凱基-士林,2023-12-26,9238
1815,富喬,5,0,5,凱基-士林,2023-12-26,9238
2356,英業達,16,11,5,凱基-士林,2023-12-26,9238
2615,萬海,9,4,5,凱基-士林,2023-12-26,9238
3004,豐達科,5,0,5,凱基-士林,2023-12-26,9238
3038,全台,5,0,5,凱基-士林,2023-12-26,9238
3362,先進光,5,0,5,凱基-士林,2023-12-26,9238
00632R,元大台灣50反1,3507,0,3507,凱基-士林,2023-12-27,9238
00665L,富邦�琤肭磪囓�2,371,0,371,凱基-士林,2023-12-27,9238
5521,工信,300,0,300,凱基-士林,2023-12-27,9238
00937B,群益ESG投等債20,108,5,103,凱基-士林,2023-12-27,9238
00726B,國泰新興投等債,90,0,90,凱基-士林,2023-12-27,9238
3481,群創,89,14,75,凱基-士林,2023-12-27,9238
2365,昆盈,70,0,70,凱基-士林,2023-12-27,9238
00673R,期元大S＆P原油反1,54,0,54,凱基-士林,2023-12-27,9238
2618,長榮航,56,3,53,凱基-士林,2023-12-27,9238
2369,菱生,51,1,50,凱基-士林,2023-12-27,9238
00676R,富邦臺灣加權反1,42,0,42,凱基-士林,2023-12-27,9238
1589,永冠-KY,35,1,34,凱基-士林,2023-12-27,9238
1560,中砂,28,1,27,凱基-士林,2023-12-27,9238
5272,笙科,28,1,27,凱基-士林,2023-12-27,9238
4906,正文,26,0,26,凱基-士林,2023-12-27,9238
2408,南亞科,24,1,23,凱基-士林,2023-12-27,9238
1712,興農,22,0,22,凱基-士林,2023-12-27,9238
3122,笙泉,22,0,22,凱基-士林,2023-12-27,9238
8936,國統,26,8,18,凱基-士林,2023-12-27,9238
8358,金居,16,0,16,凱基-士林,2023-12-27,9238
6799,來頡,20,5,15,凱基-士林,2023-12-27,9238
1722,台肥,14,0,14,凱基-士林,2023-12-27,9238
3231,緯創,23,10,13,凱基-士林,2023-12-27,9238
2002,中鋼,22,9,13,凱基-士林,2023-12-27,9238
2362,藍天,13,0,13,凱基-士林,2023-12-27,9238
00919,群益台灣精選高息,18,5,13,凱基-士林,2023-12-27,9238
6753,龍德造船,12,0,12,凱基-士林,2023-12-27,9238
2889,國票金,16,5,11,凱基-士林,2023-12-27,9238
8054,安國,11,1,10,凱基-士林,2023-12-27,9238
00903,富邦元宇宙,10,0,10,凱基-士林,2023-12-27,9238
00753L,中信中國50正2,10,0,10,凱基-士林,2023-12-27,9238
006205,富邦上証,10,0,10,凱基-士林,2023-12-27,9238
1102,亞泥,10,0,10,凱基-士林,2023-12-27,9238
2542,興富發,10,0,10,凱基-士林,2023-12-27,9238
2745,五福,10,0,10,凱基-士林,2023-12-27,9238
3265,台星科,10,0,10,凱基-士林,2023-12-27,9238
3380,明泰,10,0,10,凱基-士林,2023-12-27,9238
4563,百德,10,0,10,凱基-士林,2023-12-27,9238
6161,捷波,10,0,10,凱基-士林,2023-12-27,9238
8039,台虹,16,6,10,凱基-士林,2023-12-27,9238
2891,中信金,10,0,10,凱基-士林,2023-12-27,9238
2316,楠梓電,9,0,9,凱基-士林,2023-12-27,9238
2363,矽統,26,17,9,凱基-士林,2023-12-27,9238
1321,大洋,8,0,8,凱基-士林,2023-12-27,9238
00687B,國泰20年美債,7,0,7,凱基-士林,2023-12-27,9238
2201,裕隆,7,0,7,凱基-士林,2023-12-27,9238
2419,仲琦,7,0,7,凱基-士林,2023-12-27,9238
8255,朋程,7,0,7,凱基-士林,2023-12-27,9238
2014,中鴻,9,3,6,凱基-士林,2023-12-27,9238
00882,中信中國高股息,12,6,6,凱基-士林,2023-12-27,9238
00937B,群益ESG投等債20,189,0,189,凱基-士林,2023-12-28,9238
2313,華通,110,1,109,凱基-士林,2023-12-28,9238
3024,憶聲,78,0,78,凱基-士林,2023-12-28,9238
00726B,國泰新興投等債,68,0,68,凱基-士林,2023-12-28,9238
00724B,群益投資級金融債,60,0,60,凱基-士林,2023-12-28,9238
00715L,期街口布蘭特正2,50,0,50,凱基-士林,2023-12-28,9238
2820,華票,50,0,50,凱基-士林,2023-12-28,9238
00687B,國泰20年美債,45,0,45,凱基-士林,2023-12-28,9238
00637L,元大滬深300正2,44,7,37,凱基-士林,2023-12-28,9238
00919,群益台灣精選高息,54,18,36,凱基-士林,2023-12-28,9238
5011,久陽,35,0,35,凱基-士林,2023-12-28,9238
6179,亞通,42,9,33,凱基-士林,2023-12-28,9238
3231,緯創,36,11,25,凱基-士林,2023-12-28,9238
6276,安鈦克,25,0,25,凱基-士林,2023-12-28,9238
1603,華電,20,0,20,凱基-士林,2023-12-28,9238
3706,神達,68,48,20,凱基-士林,2023-12-28,9238
5210,寶碩,21,2,19,凱基-士林,2023-12-28,9238
5515,建國,35,16,19,凱基-士林,2023-12-28,9238
6111,大宇資,19,0,19,凱基-士林,2023-12-28,9238
2356,英業達,57,39,18,凱基-士林,2023-12-28,9238
00632R,元大台灣50反1,16,0,16,凱基-士林,2023-12-28,9238
2436,偉詮電,24,8,16,凱基-士林,2023-12-28,9238
2606,裕民,16,0,16,凱基-士林,2023-12-28,9238
2618,長榮航,18,3,15,凱基-士林,2023-12-28,9238
00676R,富邦臺灣加權反1,15,0,15,凱基-士林,2023-12-28,9238
1589,永冠-KY,14,0,14,凱基-士林,2023-12-28,9238
3481,群創,19,6,13,凱基-士林,2023-12-28,9238
6541,泰福-KY,13,0,13,凱基-士林,2023-12-28,9238
2609,陽明,16,3,13,凱基-士林,2023-12-28,9238
00885,富邦越南,12,0,12,凱基-士林,2023-12-28,9238
3036,文曄,37,25,12,凱基-士林,2023-12-28,9238
1618,合機,11,0,11,凱基-士林,2023-12-28,9238
2610,華航,11,0,11,凱基-士林,2023-12-28,9238
6129,普誠,16,5,11,凱基-士林,2023-12-28,9238
2027,大成鋼,11,0,11,凱基-士林,2023-12-28,9238
3704,合勤控,10,0,10,凱基-士林,2023-12-28,9238
2031,新光鋼,10,0,10,凱基-士林,2023-12-28,9238
2204,中華,10,0,10,凱基-士林,2023-12-28,9238
3376,新日興,43,33,10,凱基-士林,2023-12-28,9238
3006,晶豪科,33,24,9,凱基-士林,2023-12-28,9238
2317,鴻海,13,4,9,凱基-士林,2023-12-28,9238
2633,台灣高鐵,10,1,9,凱基-士林,2023-12-28,9238
6269,台郡,9,0,9,凱基-士林,2023-12-28,9238
2421,建準,8,0,8,凱基-士林,2023-12-28,9238
2363,矽統,21,13,8,凱基-士林,2023-12-28,9238
3017,奇鋐,15,8,7,凱基-士林,2023-12-28,9238
6770,力積電,7,0,7,凱基-士林,2023-12-28,9238
6173,信昌電,7,0,7,凱基-士林,2023-12-28,9238
00934,中信成長高股息,7,0,7,凱基-士林,2023-12-28,9238
00662,富邦NASDAQ,6,0,6,凱基-士林,2023-12-28,9238
00937B,群益ESG投等債20,716,0,716,凱基-士林,2023-12-29,9238
00665L,富邦�琤肭磪囓�2,250,0,250,凱基-士林,2023-12-29,9238
00715L,期街口布蘭特正2,82,0,82,凱基-士林,2023-12-29,9238
2838,聯邦銀,71,0,71,凱基-士林,2023-12-29,9238
3706,神達,50,7,43,凱基-士林,2023-12-29,9238
00919,群益台灣精選高息,45,5,40,凱基-士林,2023-12-29,9238
2337,旺宏,36,4,32,凱基-士林,2023-12-29,9238
00929,復華台灣科技優息,34,3,31,凱基-士林,2023-12-29,9238
2344,華邦電,84,56,28,凱基-士林,2023-12-29,9238
2515,中工,32,7,25,凱基-士林,2023-12-29,9238
6835,圓裕,25,0,25,凱基-士林,2023-12-29,9238
3231,緯創,105,81,24,凱基-士林,2023-12-29,9238
4164,承業醫,22,0,22,凱基-士林,2023-12-29,9238
6117,迎廣,23,2,21,凱基-士林,2023-12-29,9238
2033,佳大,20,0,20,凱基-士林,2023-12-29,9238
2820,華票,20,0,20,凱基-士林,2023-12-29,9238
6185,幃翔,20,0,20,凱基-士林,2023-12-29,9238
9928,中視,20,0,20,凱基-士林,2023-12-29,9238
1513,中興電,20,1,19,凱基-士林,2023-12-29,9238
00680L,元大美債20正2,72,53,19,凱基-士林,2023-12-29,9238
3162,精確,24,5,19,凱基-士林,2023-12-29,9238
3006,晶豪科,21,4,17,凱基-士林,2023-12-29,9238
1268,漢來美食,16,0,16,凱基-士林,2023-12-29,9238
2352,佳世達,34,18,16,凱基-士林,2023-12-29,9238
1314,中石化,15,0,15,凱基-士林,2023-12-29,9238
8059,凱碩,15,0,15,凱基-士林,2023-12-29,9238
3714,富采,12,0,12,凱基-士林,2023-12-29,9238
00935,野村臺灣新科技50,11,0,11,凱基-士林,2023-12-29,9238
00687B,國泰20年美債,11,0,11,凱基-士林,2023-12-29,9238
1605,華新,11,0,11,凱基-士林,2023-12-29,9238
4945,陞達科技,11,0,11,凱基-士林,2023-12-29,9238
1325,恆大,11,0,11,凱基-士林,2023-12-29,9238
1609,大亞,11,1,10,凱基-士林,2023-12-29,9238
00888,永豐台灣ESG,10,0,10,凱基-士林,2023-12-29,9238
00764B,群益25年美債,10,0,10,凱基-士林,2023-12-29,9238
00934,中信成長高股息,10,0,10,凱基-士林,2023-12-29,9238
1301,台塑,10,0,10,凱基-士林,2023-12-29,9238
6266,泰詠,10,0,10,凱基-士林,2023-12-29,9238
6443,元晶,20,10,10,凱基-士林,2023-12-29,9238
6546,正基,11,1,10,凱基-士林,2023-12-29,9238
9802,鈺齊-KY,10,0,10,凱基-士林,2023-12-29,9238
00936,台新永續高息中小,10,0,10,凱基-士林,2023-12-29,9238
00637L,元大滬深300正2,11,1,10,凱基-士林,2023-12-29,9238
5521,工信,12,3,9,凱基-士林,2023-12-29,9238
1618,合機,8,0,8,凱基-士林,2023-12-29,9238
3479,安勤,8,0,8,凱基-士林,2023-12-29,9238
6753,龍德造船,8,0,8,凱基-士林,2023-12-29,9238
4770,上品,8,1,7,凱基-士林,2023-12-29,9238
8112,至上,6,0,6,凱基-士林,2023-12-29,9238
3588,通嘉,5,0,5,凱基-士林,2023-12-29,9238
00937B,群益ESG投等債20,191,0,191,凱基-士林,2024-01-02,9238
5521,工信,309,133,176,凱基-士林,2024-01-02,9238
2371,大同,100,0,100,凱基-士林,2024-01-02,9238
2352,佳世達,105,16,89,凱基-士林,2024-01-02,9238
6275,元山,70,4,66,凱基-士林,2024-01-02,9238
0056,元大高股息,71,6,65,凱基-士林,2024-01-02,9238
1612,宏泰,70,8,62,凱基-士林,2024-01-02,9238
00891,中信關鍵半導體,61,0,61,凱基-士林,2024-01-02,9238
3051,力特,52,0,52,凱基-士林,2024-01-02,9238
3231,緯創,73,22,51,凱基-士林,2024-01-02,9238
00665L,富邦�琤肭磪囓�2,50,0,50,凱基-士林,2024-01-02,9238
2476,鉅祥,50,0,50,凱基-士林,2024-01-02,9238
00929,復華台灣科技優息,51,1,50,凱基-士林,2024-01-02,9238
1437,勤益控,35,0,35,凱基-士林,2024-01-02,9238
2344,華邦電,37,5,32,凱基-士林,2024-01-02,9238
2897,王道銀行,32,0,32,凱基-士林,2024-01-02,9238
2486,一詮,52,21,31,凱基-士林,2024-01-02,9238
2607,榮運,31,0,31,凱基-士林,2024-01-02,9238
2303,聯電,38,7,31,凱基-士林,2024-01-02,9238
00934,中信成長高股息,34,6,28,凱基-士林,2024-01-02,9238
00919,群益台灣精選高息,46,20,26,凱基-士林,2024-01-02,9238
1447,力鵬,25,0,25,凱基-士林,2024-01-02,9238
00680L,元大美債20正2,30,6,24,凱基-士林,2024-01-02,9238
8110,華東,24,0,24,凱基-士林,2024-01-02,9238
00933B,國泰10Y+金融債,23,0,23,凱基-士林,2024-01-02,9238
2543,皇昌,23,0,23,凱基-士林,2024-01-02,9238
00935,野村臺灣新科技50,22,0,22,凱基-士林,2024-01-02,9238
9945,潤泰新,22,1,21,凱基-士林,2024-01-02,9238
2033,佳大,20,0,20,凱基-士林,2024-01-02,9238
2388,威盛,23,3,20,凱基-士林,2024-01-02,9238
6835,圓裕,26,6,20,凱基-士林,2024-01-02,9238
6753,龍德造船,19,0,19,凱基-士林,2024-01-02,9238
00687B,國泰20年美債,17,0,17,凱基-士林,2024-01-02,9238
3041,揚智,16,0,16,凱基-士林,2024-01-02,9238
9105,泰金寶-DR,15,0,15,凱基-士林,2024-01-02,9238
00679B,元大美債20年,20,6,14,凱基-士林,2024-01-02,9238
3322,建舜電,14,0,14,凱基-士林,2024-01-02,9238
6163,華電網,22,9,13,凱基-士林,2024-01-02,9238
8085,福華,14,1,13,凱基-士林,2024-01-02,9238
2363,矽統,12,0,12,凱基-士林,2024-01-02,9238
1477,聚陽,12,0,12,凱基-士林,2024-01-02,9238
2353,宏��,21,10,11,凱基-士林,2024-01-02,9238
5426,振發,17,6,11,凱基-士林,2024-01-02,9238
2362,藍天,11,1,10,凱基-士林,2024-01-02,9238
2880,華南金,10,0,10,凱基-士林,2024-01-02,9238
2882,國泰金,11,1,10,凱基-士林,2024-01-02,9238
5289,宜鼎,10,0,10,凱基-士林,2024-01-02,9238
8086,宏捷科,10,0,10,凱基-士林,2024-01-02,9238
1503,士電,12,3,9,凱基-士林,2024-01-02,9238
1722,台肥,9,0,9,凱基-士林,2024-01-02,9238
5521,工信,423,96,327,凱基-士林,2024-01-03,9238
00937B,群益ESG投等債20,163,0,163,凱基-士林,2024-01-03,9238
00715L,期街口布蘭特正2,101,0,101,凱基-士林,2024-01-03,9238
00665L,富邦�琤肭磪囓�2,79,0,79,凱基-士林,2024-01-03,9238
00929,復華台灣科技優息,93,16,77,凱基-士林,2024-01-03,9238
1907,永豐餘,76,1,75,凱基-士林,2024-01-03,9238
2641,正德,73,11,62,凱基-士林,2024-01-03,9238
00720B,元大投資級公司債,62,0,62,凱基-士林,2024-01-03,9238
3322,建舜電,57,1,56,凱基-士林,2024-01-03,9238
2303,聯電,63,8,55,凱基-士林,2024-01-03,9238
2906,高林,50,0,50,凱基-士林,2024-01-03,9238
00934,中信成長高股息,49,0,49,凱基-士林,2024-01-03,9238
9105,泰金寶-DR,61,20,41,凱基-士林,2024-01-03,9238
00919,群益台灣精選高息,53,13,40,凱基-士林,2024-01-03,9238
6770,力積電,38,0,38,凱基-士林,2024-01-03,9238
2331,精英,68,30,38,凱基-士林,2024-01-03,9238
5425,台半,35,0,35,凱基-士林,2024-01-03,9238
00935,野村臺灣新科技50,37,3,34,凱基-士林,2024-01-03,9238
3231,緯創,35,1,34,凱基-士林,2024-01-03,9238
00878,國泰永續高股息,30,0,30,凱基-士林,2024-01-03,9238
6244,茂迪,30,0,30,凱基-士林,2024-01-03,9238
3017,奇鋐,36,7,29,凱基-士林,2024-01-03,9238
6443,元晶,26,0,26,凱基-士林,2024-01-03,9238
3481,群創,26,1,25,凱基-士林,2024-01-03,9238
2362,藍天,32,7,25,凱基-士林,2024-01-03,9238
00923,群益台ESG低碳50,23,0,23,凱基-士林,2024-01-03,9238
2337,旺宏,24,1,23,凱基-士林,2024-01-03,9238
3004,豐達科,24,1,23,凱基-士林,2024-01-03,9238
00888,永豐台灣ESG,23,0,23,凱基-士林,2024-01-03,9238
2356,英業達,27,5,22,凱基-士林,2024-01-03,9238
2601,益航,22,0,22,凱基-士林,2024-01-03,9238
1447,力鵬,20,0,20,凱基-士林,2024-01-03,9238
2324,仁寶,22,3,19,凱基-士林,2024-01-03,9238
2882,國泰金,18,0,18,凱基-士林,2024-01-03,9238
3516,亞帝歐,26,8,18,凱基-士林,2024-01-03,9238
00713,元大台灣高息低波,18,1,17,凱基-士林,2024-01-03,9238
3019,亞光,20,3,17,凱基-士林,2024-01-03,9238
2355,敬鵬,20,4,16,凱基-士林,2024-01-03,9238
00936,台新永續高息中小,15,0,15,凱基-士林,2024-01-03,9238
2352,佳世達,15,1,14,凱基-士林,2024-01-03,9238
2409,友達,13,0,13,凱基-士林,2024-01-03,9238
2312,金寶,20,7,13,凱基-士林,2024-01-03,9238
2915,潤泰全,14,1,13,凱基-士林,2024-01-03,9238
3576,聯合再生,12,0,12,凱基-士林,2024-01-03,9238
00891,中信關鍵半導體,12,0,12,凱基-士林,2024-01-03,9238
3691,碩禾,12,0,12,凱基-士林,2024-01-03,9238
2330,台積電,15,4,11,凱基-士林,2024-01-03,9238
3006,晶豪科,12,1,11,凱基-士林,2024-01-03,9238
8383,千附,11,0,11,凱基-士林,2024-01-03,9238
6285,啟��,15,5,10,凱基-士林,2024-01-03,9238
5521,工信,120,11,109,凱基-士林,2024-01-04,9238
1795,美時,100,0,100,凱基-士林,2024-01-04,9238
00937B,群益ESG投等債20,76,0,76,凱基-士林,2024-01-04,9238
00929,復華台灣科技優息,63,0,63,凱基-士林,2024-01-04,9238
00680L,元大美債20正2,54,2,52,凱基-士林,2024-01-04,9238
3059,華晶科,42,0,42,凱基-士林,2024-01-04,9238
00927,群益半導體收益,41,0,41,凱基-士林,2024-01-04,9238
4906,正文,40,0,40,凱基-士林,2024-01-04,9238
5011,久陽,40,0,40,凱基-士林,2024-01-04,9238
2327,國巨,37,0,37,凱基-士林,2024-01-04,9238
0056,元大高股息,40,3,37,凱基-士林,2024-01-04,9238
3036,文曄,44,8,36,凱基-士林,2024-01-04,9238
5425,台半,35,0,35,凱基-士林,2024-01-04,9238
6169,昱泉,35,0,35,凱基-士林,2024-01-04,9238
3706,神達,34,1,33,凱基-士林,2024-01-04,9238
00679B,元大美債20年,32,0,32,凱基-士林,2024-01-04,9238
00655L,國泰中國A50正2,27,0,27,凱基-士林,2024-01-04,9238
3576,聯合再生,26,0,26,凱基-士林,2024-01-04,9238
00933B,國泰10Y+金融債,25,0,25,凱基-士林,2024-01-04,9238
00725B,國泰投資級公司債,20,0,20,凱基-士林,2024-01-04,9238
3322,建舜電,18,0,18,凱基-士林,2024-01-04,9238
6188,廣明,20,2,18,凱基-士林,2024-01-04,9238
6290,良維,24,7,17,凱基-士林,2024-01-04,9238
2618,長榮航,35,19,16,凱基-士林,2024-01-04,9238
2356,英業達,22,6,16,凱基-士林,2024-01-04,9238
00673R,期元大S＆P原油反1,16,0,16,凱基-士林,2024-01-04,9238
3017,奇鋐,17,1,16,凱基-士林,2024-01-04,9238
2303,聯電,28,13,15,凱基-士林,2024-01-04,9238
2344,華邦電,30,15,15,凱基-士林,2024-01-04,9238
4939,亞電,15,0,15,凱基-士林,2024-01-04,9238
00878,國泰永續高股息,14,0,14,凱基-士林,2024-01-04,9238
2601,益航,24,10,14,凱基-士林,2024-01-04,9238
6125,廣運,13,1,12,凱基-士林,2024-01-04,9238
2611,志信,21,9,12,凱基-士林,2024-01-04,9238
6271,同欣電,13,1,12,凱基-士林,2024-01-04,9238
2882,國泰金,11,0,11,凱基-士林,2024-01-04,9238
3019,亞光,11,0,11,凱基-士林,2024-01-04,9238
00930,永豐ESG低碳高息,10,0,10,凱基-士林,2024-01-04,9238
1314,中石化,10,0,10,凱基-士林,2024-01-04,9238
2007,燁興,10,0,10,凱基-士林,2024-01-04,9238
2204,中華,10,0,10,凱基-士林,2024-01-04,9238
2323,中環,20,10,10,凱基-士林,2024-01-04,9238
3006,晶豪科,12,2,10,凱基-士林,2024-01-04,9238
6147,頎邦,32,22,10,凱基-士林,2024-01-04,9238
6165,浪凡,10,0,10,凱基-士林,2024-01-04,9238
6275,元山,20,10,10,凱基-士林,2024-01-04,9238
8096,擎亞,17,7,10,凱基-士林,2024-01-04,9238
9904,寶成,10,0,10,凱基-士林,2024-01-04,9238
3037,欣興,10,1,9,凱基-士林,2024-01-04,9238
8383,千附,9,0,9,凱基-士林,2024-01-04,9238
00931B,統一美債20年,102,7,95,凱基-士林,2024-01-05,9238
2356,英業達,78,12,66,凱基-士林,2024-01-05,9238
3481,群創,171,109,62,凱基-士林,2024-01-05,9238
2641,正德,58,6,52,凱基-士林,2024-01-05,9238
4770,上品,45,0,45,凱基-士林,2024-01-05,9238
00919,群益台灣精選高息,41,0,41,凱基-士林,2024-01-05,9238
2014,中鴻,36,0,36,凱基-士林,2024-01-05,9238
2327,國巨,34,0,34,凱基-士林,2024-01-05,9238
2897,王道銀行,30,0,30,凱基-士林,2024-01-05,9238
2344,華邦電,57,31,26,凱基-士林,2024-01-05,9238
2605,新興,31,10,21,凱基-士林,2024-01-05,9238
2618,長榮航,114,94,20,凱基-士林,2024-01-05,9238
1466,聚隆,20,0,20,凱基-士林,2024-01-05,9238
00933B,國泰10Y+金融債,30,11,19,凱基-士林,2024-01-05,9238
2353,宏��,48,29,19,凱基-士林,2024-01-05,9238
2303,聯電,34,15,19,凱基-士林,2024-01-05,9238
00878,國泰永續高股息,19,0,19,凱基-士林,2024-01-05,9238
2387,精元,22,4,18,凱基-士林,2024-01-05,9238
8383,千附,17,0,17,凱基-士林,2024-01-05,9238
2606,裕民,32,18,14,凱基-士林,2024-01-05,9238
2201,裕隆,13,0,13,凱基-士林,2024-01-05,9238
0056,元大高股息,13,0,13,凱基-士林,2024-01-05,9238
6482,弘煜科,12,0,12,凱基-士林,2024-01-05,9238
9904,寶成,12,0,12,凱基-士林,2024-01-05,9238
00930,永豐ESG低碳高息,11,0,11,凱基-士林,2024-01-05,9238
3702,大聯大,10,0,10,凱基-士林,2024-01-05,9238
00753L,中信中國50正2,10,0,10,凱基-士林,2024-01-05,9238
6161,捷波,15,5,10,凱基-士林,2024-01-05,9238
6209,今國光,10,0,10,凱基-士林,2024-01-05,9238
6275,元山,10,0,10,凱基-士林,2024-01-05,9238
9945,潤泰新,11,1,10,凱基-士林,2024-01-05,9238
2610,華航,18,9,9,凱基-士林,2024-01-05,9238
00934,中信成長高股息,9,0,9,凱基-士林,2024-01-05,9238
3047,訊舟,15,7,8,凱基-士林,2024-01-05,9238
3630,新鉅科,10,2,8,凱基-士林,2024-01-05,9238
4747,強生,8,0,8,凱基-士林,2024-01-05,9238
6169,昱泉,10,2,8,凱基-士林,2024-01-05,9238
1605,華新,7,0,7,凱基-士林,2024-01-05,9238
5284,jpp-KY,7,0,7,凱基-士林,2024-01-05,9238
9925,新保,7,0,7,凱基-士林,2024-01-05,9238
9951,皇田,7,0,7,凱基-士林,2024-01-05,9238
2633,台灣高鐵,10,3,7,凱基-士林,2024-01-05,9238
2729,瓦城,6,0,6,凱基-士林,2024-01-05,9238
3207,耀勝,6,0,6,凱基-士林,2024-01-05,9238
3211,順達,6,0,6,凱基-士林,2024-01-05,9238
3701,大眾控,6,0,6,凱基-士林,2024-01-05,9238
5289,宜鼎,6,0,6,凱基-士林,2024-01-05,9238
2376,技嘉,7,2,5,凱基-士林,2024-01-05,9238
00636,國泰中國A50,5,0,5,凱基-士林,2024-01-05,9238
006205,富邦上証,5,0,5,凱基-士林,2024-01-05,9238
3481,群創,328,100,228,凱基-士林,2024-01-08,9238
00637L,元大滬深300正2,226,6,220,凱基-士林,2024-01-08,9238
6182,合晶,70,2,68,凱基-士林,2024-01-08,9238
2344,華邦電,44,7,37,凱基-士林,2024-01-08,9238
00929,復華台灣科技優息,83,53,30,凱基-士林,2024-01-08,9238
1314,中石化,30,2,28,凱基-士林,2024-01-08,9238
2303,聯電,40,13,27,凱基-士林,2024-01-08,9238
2449,京元電子,20,0,20,凱基-士林,2024-01-08,9238
6140,訊達,35,15,20,凱基-士林,2024-01-08,9238
9925,新保,20,0,20,凱基-士林,2024-01-08,9238
2409,友達,39,21,18,凱基-士林,2024-01-08,9238
00933B,國泰10Y+金融債,18,0,18,凱基-士林,2024-01-08,9238
00753L,中信中國50正2,23,5,18,凱基-士林,2024-01-08,9238
00882,中信中國高股息,16,0,16,凱基-士林,2024-01-08,9238
3017,奇鋐,16,1,15,凱基-士林,2024-01-08,9238
3516,亞帝歐,17,2,15,凱基-士林,2024-01-08,9238
6806,森崴能源,17,2,15,凱基-士林,2024-01-08,9238
2353,宏��,45,33,12,凱基-士林,2024-01-08,9238
1815,富喬,11,0,11,凱基-士林,2024-01-08,9238
3036,文曄,15,4,11,凱基-士林,2024-01-08,9238
9904,寶成,11,0,11,凱基-士林,2024-01-08,9238
5425,台半,10,0,10,凱基-士林,2024-01-08,9238
3706,神達,10,0,10,凱基-士林,2024-01-08,9238
006205,富邦上証,10,0,10,凱基-士林,2024-01-08,9238
2029,盛餘,10,0,10,凱基-士林,2024-01-08,9238
2476,鉅祥,10,0,10,凱基-士林,2024-01-08,9238
2915,潤泰全,10,0,10,凱基-士林,2024-01-08,9238
3236,千如,10,0,10,凱基-士林,2024-01-08,9238
4109,加捷生醫,10,0,10,凱基-士林,2024-01-08,9238
6531,愛普*,10,0,10,凱基-士林,2024-01-08,9238
2520,冠德,10,1,9,凱基-士林,2024-01-08,9238
4956,光鋐,11,2,9,凱基-士林,2024-01-08,9238
1522,堤維西,8,0,8,凱基-士林,2024-01-08,9238
2489,瑞軒,19,11,8,凱基-士林,2024-01-08,9238
2882,國泰金,10,2,8,凱基-士林,2024-01-08,9238
5210,寶碩,10,2,8,凱基-士林,2024-01-08,9238
2317,鴻海,10,2,8,凱基-士林,2024-01-08,9238
3030,德律,7,0,7,凱基-士林,2024-01-08,9238
4561,健椿,7,0,7,凱基-士林,2024-01-08,9238
8110,華東,7,0,7,凱基-士林,2024-01-08,9238
3025,星通,8,1,7,凱基-士林,2024-01-08,9238
6770,力積電,11,4,7,凱基-士林,2024-01-08,9238
8046,南電,6,0,6,凱基-士林,2024-01-08,9238
1445,大宇,6,0,6,凱基-士林,2024-01-08,9238
2442,新美齊,6,0,6,凱基-士林,2024-01-08,9238
2913,農林,6,0,6,凱基-士林,2024-01-08,9238
3520,華盈,6,0,6,凱基-士林,2024-01-08,9238
6245,立端,6,0,6,凱基-士林,2024-01-08,9238
8011,台通,6,0,6,凱基-士林,2024-01-08,9238
8358,金居,6,0,6,凱基-士林,2024-01-08,9238
2409,友達,178,15,163,凱基-士林,2024-01-09,9238
2324,仁寶,112,20,92,凱基-士林,2024-01-09,9238
2812,台中銀,80,0,80,凱基-士林,2024-01-09,9238
2618,長榮航,126,51,75,凱基-士林,2024-01-09,9238
00919,群益台灣精選高息,108,34,74,凱基-士林,2024-01-09,9238
6182,合晶,61,0,61,凱基-士林,2024-01-09,9238
00715L,期街口布蘭特正2,44,0,44,凱基-士林,2024-01-09,9238
2609,陽明,63,22,41,凱基-士林,2024-01-09,9238
00929,復華台灣科技優息,52,13,39,凱基-士林,2024-01-09,9238
2331,精英,33,1,32,凱基-士林,2024-01-09,9238
00927,群益半導體收益,31,0,31,凱基-士林,2024-01-09,9238
2312,金寶,31,0,31,凱基-士林,2024-01-09,9238
3017,奇鋐,33,3,30,凱基-士林,2024-01-09,9238
3481,群創,40,10,30,凱基-士林,2024-01-09,9238
2303,聯電,27,1,26,凱基-士林,2024-01-09,9238
3630,新鉅科,25,0,25,凱基-士林,2024-01-09,9238
2890,永豐金,24,0,24,凱基-士林,2024-01-09,9238
2501,國建,21,0,21,凱基-士林,2024-01-09,9238
6129,普誠,21,0,21,凱基-士林,2024-01-09,9238
3217,優群,30,10,20,凱基-士林,2024-01-09,9238
00937B,群益ESG投等債20,20,0,20,凱基-士林,2024-01-09,9238
1447,力鵬,20,0,20,凱基-士林,2024-01-09,9238
3059,華晶科,20,0,20,凱基-士林,2024-01-09,9238
4763,材料-KY,20,0,20,凱基-士林,2024-01-09,9238
3707,漢磊,20,1,19,凱基-士林,2024-01-09,9238
2634,漢翔,17,1,16,凱基-士林,2024-01-09,9238
0056,元大高股息,18,4,14,凱基-士林,2024-01-09,9238
2352,佳世達,20,8,12,凱基-士林,2024-01-09,9238
2236,百達-KY,12,0,12,凱基-士林,2024-01-09,9238
2356,英業達,27,15,12,凱基-士林,2024-01-09,9238
2337,旺宏,14,3,11,凱基-士林,2024-01-09,9238
9802,鈺齊-KY,11,0,11,凱基-士林,2024-01-09,9238
2427,三商電,14,3,11,凱基-士林,2024-01-09,9238
2317,鴻海,11,1,10,凱基-士林,2024-01-09,9238
2449,京元電子,10,0,10,凱基-士林,2024-01-09,9238
1108,幸福,10,0,10,凱基-士林,2024-01-09,9238
1314,中石化,30,20,10,凱基-士林,2024-01-09,9238
2472,立隆電,24,14,10,凱基-士林,2024-01-09,9238
5426,振發,13,3,10,凱基-士林,2024-01-09,9238
6005,群益證,10,0,10,凱基-士林,2024-01-09,9238
6415,矽力*-KY,10,0,10,凱基-士林,2024-01-09,9238
8358,金居,10,0,10,凱基-士林,2024-01-09,9238
2610,華航,10,1,9,凱基-士林,2024-01-09,9238
2888,新光金,9,0,9,凱基-士林,2024-01-09,9238
3441,聯一光,9,0,9,凱基-士林,2024-01-09,9238
6282,康舒,9,0,9,凱基-士林,2024-01-09,9238
00680L,元大美債20正2,8,0,8,凱基-士林,2024-01-09,9238
3287,廣寰科,13,5,8,凱基-士林,2024-01-09,9238
6133,金橋,8,0,8,凱基-士林,2024-01-09,9238
00878,國泰永續高股息,8,0,8,凱基-士林,2024-01-09,9238
00919,群益台灣精選高息,130,0,130,凱基-士林,2024-01-10,9238
2371,大同,186,73,113,凱基-士林,2024-01-10,9238
8011,台通,106,6,100,凱基-士林,2024-01-10,9238
2609,陽明,132,39,93,凱基-士林,2024-01-10,9238
3576,聯合再生,80,0,80,凱基-士林,2024-01-10,9238
00937B,群益ESG投等債20,62,0,62,凱基-士林,2024-01-10,9238
3322,建舜電,62,0,62,凱基-士林,2024-01-10,9238
6139,亞翔,59,1,58,凱基-士林,2024-01-10,9238
00645,富邦日本,50,0,50,凱基-士林,2024-01-10,9238
00929,復華台灣科技優息,43,0,43,凱基-士林,2024-01-10,9238
3481,群創,42,0,42,凱基-士林,2024-01-10,9238
00904,新光臺灣半導體30,41,0,41,凱基-士林,2024-01-10,9238
6185,幃翔,40,0,40,凱基-士林,2024-01-10,9238
00751B,元大AAA至A公司債,31,0,31,凱基-士林,2024-01-10,9238
00650L,復華香港正2,30,0,30,凱基-士林,2024-01-10,9238
00878,國泰永續高股息,30,0,30,凱基-士林,2024-01-10,9238
1605,華新,27,1,26,凱基-士林,2024-01-10,9238
2353,宏��,50,27,23,凱基-士林,2024-01-10,9238
2312,金寶,23,0,23,凱基-士林,2024-01-10,9238
0056,元大高股息,25,3,22,凱基-士林,2024-01-10,9238
2002,中鋼,21,0,21,凱基-士林,2024-01-10,9238
2352,佳世達,21,0,21,凱基-士林,2024-01-10,9238
00773B,中信優先金融債,20,0,20,凱基-士林,2024-01-10,9238
00753L,中信中國50正2,20,0,20,凱基-士林,2024-01-10,9238
00688L,國泰20年美債正2,20,0,20,凱基-士林,2024-01-10,9238
1314,中石化,20,0,20,凱基-士林,2024-01-10,9238
3516,亞帝歐,20,0,20,凱基-士林,2024-01-10,9238
6163,華電網,58,38,20,凱基-士林,2024-01-10,9238
1447,力鵬,18,0,18,凱基-士林,2024-01-10,9238
2344,華邦電,24,7,17,凱基-士林,2024-01-10,9238
1815,富喬,16,0,16,凱基-士林,2024-01-10,9238
3094,聯傑,15,0,15,凱基-士林,2024-01-10,9238
6133,金橋,16,1,15,凱基-士林,2024-01-10,9238
00712,復華富時不動產,15,1,14,凱基-士林,2024-01-10,9238
2303,聯電,22,8,14,凱基-士林,2024-01-10,9238
2376,技嘉,14,0,14,凱基-士林,2024-01-10,9238
00922,國泰台灣領袖50,14,0,14,凱基-士林,2024-01-10,9238
1342,八貫,14,0,14,凱基-士林,2024-01-10,9238
2356,英業達,23,9,14,凱基-士林,2024-01-10,9238
2885,元大金,14,0,14,凱基-士林,2024-01-10,9238
2610,華航,13,0,13,凱基-士林,2024-01-10,9238
3019,亞光,13,0,13,凱基-士林,2024-01-10,9238
6901,鑽石投資,13,0,13,凱基-士林,2024-01-10,9238
2101,南港,12,0,12,凱基-士林,2024-01-10,9238
2489,瑞軒,12,0,12,凱基-士林,2024-01-10,9238
3711,日月光投控,12,0,12,凱基-士林,2024-01-10,9238
4174,浩鼎,12,0,12,凱基-士林,2024-01-10,9238
5439,高技,12,0,12,凱基-士林,2024-01-10,9238
6182,合晶,12,0,12,凱基-士林,2024-01-10,9238
00680L,元大美債20正2,11,0,11,凱基-士林,2024-01-10,9238
00929,復華台灣科技優息,159,1,158,凱基-士林,2024-01-11,9238
2371,大同,139,4,135,凱基-士林,2024-01-11,9238
2329,華泰,154,30,124,凱基-士林,2024-01-11,9238
5521,工信,118,1,117,凱基-士林,2024-01-11,9238
00900,富邦特選高股息30,106,20,86,凱基-士林,2024-01-11,9238
00915,凱基優選高股息30,87,6,81,凱基-士林,2024-01-11,9238
3033,威健,87,9,78,凱基-士林,2024-01-11,9238
2408,南亞科,73,5,68,凱基-士林,2024-01-11,9238
00918,大華優利高填息30,65,0,65,凱基-士林,2024-01-11,9238
1815,富喬,60,16,44,凱基-士林,2024-01-11,9238
4109,加捷生醫,44,0,44,凱基-士林,2024-01-11,9238
5876,上海商銀,40,0,40,凱基-士林,2024-01-11,9238
2344,華邦電,50,11,39,凱基-士林,2024-01-11,9238
6120,達運,64,26,38,凱基-士林,2024-01-11,9238
6226,光鼎,39,2,37,凱基-士林,2024-01-11,9238
3094,聯傑,45,20,25,凱基-士林,2024-01-11,9238
00665L,富邦�琤肭磪囓�2,21,0,21,凱基-士林,2024-01-11,9238
1802,台玻,21,0,21,凱基-士林,2024-01-11,9238
2303,聯電,26,5,21,凱基-士林,2024-01-11,9238
00715L,期街口布蘭特正2,20,0,20,凱基-士林,2024-01-11,9238
2033,佳大,20,0,20,凱基-士林,2024-01-11,9238
2850,新產,18,0,18,凱基-士林,2024-01-11,9238
8089,康全電訊,17,0,17,凱基-士林,2024-01-11,9238
00937B,群益ESG投等債20,16,0,16,凱基-士林,2024-01-11,9238
2812,台中銀,21,5,16,凱基-士林,2024-01-11,9238
3032,偉訓,14,1,13,凱基-士林,2024-01-11,9238
4956,光鋐,38,25,13,凱基-士林,2024-01-11,9238
6684,安格,27,14,13,凱基-士林,2024-01-11,9238
2610,華航,12,1,11,凱基-士林,2024-01-11,9238
00919,群益台灣精選高息,13,2,11,凱基-士林,2024-01-11,9238
00927,群益半導體收益,11,0,11,凱基-士林,2024-01-11,9238
2890,永豐金,11,0,11,凱基-士林,2024-01-11,9238
3036,文曄,28,17,11,凱基-士林,2024-01-11,9238
2312,金寶,10,0,10,凱基-士林,2024-01-11,9238
4746,台耀,10,0,10,凱基-士林,2024-01-11,9238
6164,華興,20,10,10,凱基-士林,2024-01-11,9238
2409,友達,16,7,9,凱基-士林,2024-01-11,9238
2615,萬海,9,0,9,凱基-士林,2024-01-11,9238
3390,旭軟,11,2,9,凱基-士林,2024-01-11,9238
6139,亞翔,9,0,9,凱基-士林,2024-01-11,9238
6182,合晶,9,0,9,凱基-士林,2024-01-11,9238
0056,元大高股息,13,4,9,凱基-士林,2024-01-11,9238
5009,榮剛,8,0,8,凱基-士林,2024-01-11,9238
00680L,元大美債20正2,8,0,8,凱基-士林,2024-01-11,9238
2374,佳能,10,2,8,凱基-士林,2024-01-11,9238
2882,國泰金,8,0,8,凱基-士林,2024-01-11,9238
00687B,國泰20年美債,7,0,7,凱基-士林,2024-01-11,9238
1447,力鵬,7,0,7,凱基-士林,2024-01-11,9238
2486,一詮,10,3,7,凱基-士林,2024-01-11,9238
00770,國泰北美科技,6,0,6,凱基-士林,2024-01-11,9238
2371,大同,406,7,399,凱基-士林,2024-01-12,9238
4958,臻鼎-KY,335,0,335,凱基-士林,2024-01-12,9238
5425,台半,272,0,272,凱基-士林,2024-01-12,9238
00929,復華台灣科技優息,213,14,199,凱基-士林,2024-01-12,9238
00919,群益台灣精選高息,138,6,132,凱基-士林,2024-01-12,9238
1589,永冠-KY,100,0,100,凱基-士林,2024-01-12,9238
9105,泰金寶-DR,100,0,100,凱基-士林,2024-01-12,9238
1605,華新,58,6,52,凱基-士林,2024-01-12,9238
00930,永豐ESG低碳高息,50,0,50,凱基-士林,2024-01-12,9238
00882,中信中國高股息,56,6,50,凱基-士林,2024-01-12,9238
2618,長榮航,62,13,49,凱基-士林,2024-01-12,9238
3499,環天科,35,0,35,凱基-士林,2024-01-12,9238
6235,華孚,33,0,33,凱基-士林,2024-01-12,9238
5347,世界,32,0,32,凱基-士林,2024-01-12,9238
3036,文曄,87,55,32,凱基-士林,2024-01-12,9238
8105,凌巨,31,0,31,凱基-士林,2024-01-12,9238
6120,達運,34,4,30,凱基-士林,2024-01-12,9238
6182,合晶,30,4,26,凱基-士林,2024-01-12,9238
1515,力山,23,0,23,凱基-士林,2024-01-12,9238
0056,元大高股息,23,1,22,凱基-士林,2024-01-12,9238
1522,堤維西,22,0,22,凱基-士林,2024-01-12,9238
3481,群創,21,0,21,凱基-士林,2024-01-12,9238
2332,友訊,20,0,20,凱基-士林,2024-01-12,9238
3094,聯傑,20,0,20,凱基-士林,2024-01-12,9238
3576,聯合再生,20,0,20,凱基-士林,2024-01-12,9238
8222,寶一,20,1,19,凱基-士林,2024-01-12,9238
2312,金寶,20,2,18,凱基-士林,2024-01-12,9238
00687B,國泰20年美債,17,0,17,凱基-士林,2024-01-12,9238
2027,大成鋼,17,0,17,凱基-士林,2024-01-12,9238
2331,精英,20,3,17,凱基-士林,2024-01-12,9238
2344,華邦電,16,0,16,凱基-士林,2024-01-12,9238
4164,承業醫,15,0,15,凱基-士林,2024-01-12,9238
2890,永豐金,14,0,14,凱基-士林,2024-01-12,9238
8111,立��,14,0,14,凱基-士林,2024-01-12,9238
5426,振發,37,24,13,凱基-士林,2024-01-12,9238
00927,群益半導體收益,13,0,13,凱基-士林,2024-01-12,9238
3162,精確,12,0,12,凱基-士林,2024-01-12,9238
2388,威盛,17,5,12,凱基-士林,2024-01-12,9238
00673R,期元大S＆P原油反1,11,0,11,凱基-士林,2024-01-12,9238
2748,雲品,11,0,11,凱基-士林,2024-01-12,9238
2363,矽統,11,0,11,凱基-士林,2024-01-12,9238
2303,聯電,17,7,10,凱基-士林,2024-01-12,9238
1101,台泥,10,0,10,凱基-士林,2024-01-12,9238
3264,欣銓,11,1,10,凱基-士林,2024-01-12,9238
6541,泰福-KY,10,0,10,凱基-士林,2024-01-12,9238
8110,華東,11,1,10,凱基-士林,2024-01-12,9238
2324,仁寶,13,4,9,凱基-士林,2024-01-12,9238
4979,華星光,12,3,9,凱基-士林,2024-01-12,9238
2610,華航,11,3,8,凱基-士林,2024-01-12,9238
2408,南亞科,10,3,7,凱基-士林,2024-01-12,9238
00929,復華台灣科技優息,238,1,237,凱基-士林,2024-01-15,9238
00919,群益台灣精選高息,192,36,156,凱基-士林,2024-01-15,9238
00931B,統一美債20年,100,1,99,凱基-士林,2024-01-15,9238
9934,成霖,100,2,98,凱基-士林,2024-01-15,9238
1514,亞力,128,42,86,凱基-士林,2024-01-15,9238
00687B,國泰20年美債,87,5,82,凱基-士林,2024-01-15,9238
3062,建漢,70,1,69,凱基-士林,2024-01-15,9238
5425,台半,68,0,68,凱基-士林,2024-01-15,9238
6799,來頡,56,5,51,凱基-士林,2024-01-15,9238
00650L,復華香港正2,50,0,50,凱基-士林,2024-01-15,9238
6205,詮欣,40,0,40,凱基-士林,2024-01-15,9238
3622,洋華,43,4,39,凱基-士林,2024-01-15,9238
2888,新光金,25,0,25,凱基-士林,2024-01-15,9238
3231,緯創,46,22,24,凱基-士林,2024-01-15,9238
3017,奇鋐,24,2,22,凱基-士林,2024-01-15,9238
00937B,群益ESG投等債20,22,0,22,凱基-士林,2024-01-15,9238
2392,正崴,22,0,22,凱基-士林,2024-01-15,9238
2371,大同,71,50,21,凱基-士林,2024-01-15,9238
0056,元大高股息,22,3,19,凱基-士林,2024-01-15,9238
2352,佳世達,44,26,18,凱基-士林,2024-01-15,9238
2610,華航,19,1,18,凱基-士林,2024-01-15,9238
2618,長榮航,19,2,17,凱基-士林,2024-01-15,9238
6143,振曜,16,0,16,凱基-士林,2024-01-15,9238
2353,宏��,49,34,15,凱基-士林,2024-01-15,9238
2382,廣達,18,3,15,凱基-士林,2024-01-15,9238
00713,元大台灣高息低波,15,0,15,凱基-士林,2024-01-15,9238
2845,遠東銀,15,0,15,凱基-士林,2024-01-15,9238
6182,合晶,14,1,13,凱基-士林,2024-01-15,9238
0050,元大台灣50,13,1,12,凱基-士林,2024-01-15,9238
3715,定穎投控,23,11,12,凱基-士林,2024-01-15,9238
00757,統一FANG+,11,0,11,凱基-士林,2024-01-15,9238
3665,貿聯-KY,11,0,11,凱基-士林,2024-01-15,9238
2609,陽明,143,132,11,凱基-士林,2024-01-15,9238
2472,立隆電,10,0,10,凱基-士林,2024-01-15,9238
5347,世界,10,0,10,凱基-士林,2024-01-15,9238
6257,矽格,10,0,10,凱基-士林,2024-01-15,9238
2329,華泰,14,5,9,凱基-士林,2024-01-15,9238
6140,訊達,10,1,9,凱基-士林,2024-01-15,9238
6698,旭暉應材,11,2,9,凱基-士林,2024-01-15,9238
00927,群益半導體收益,8,0,8,凱基-士林,2024-01-15,9238
00915,凱基優選高股息30,8,0,8,凱基-士林,2024-01-15,9238
2612,中航,8,0,8,凱基-士林,2024-01-15,9238
3587,閎康,10,2,8,凱基-士林,2024-01-15,9238
6005,群益證,8,0,8,凱基-士林,2024-01-15,9238
2504,國產,7,0,7,凱基-士林,2024-01-15,9238
6139,亞翔,11,4,7,凱基-士林,2024-01-15,9238
6274,台燿,12,5,7,凱基-士林,2024-01-15,9238
9925,新保,7,0,7,凱基-士林,2024-01-15,9238
2409,友達,23,16,7,凱基-士林,2024-01-15,9238
2344,華邦電,53,47,6,凱基-士林,2024-01-15,9238
00904,新光臺灣半導體30,117,5,112,凱基-士林,2024-01-16,9238
5521,工信,101,0,101,凱基-士林,2024-01-16,9238
00931B,統一美債20年,100,0,100,凱基-士林,2024-01-16,9238
0056,元大高股息,151,52,99,凱基-士林,2024-01-16,9238
00751B,元大AAA至A公司債,73,0,73,凱基-士林,2024-01-16,9238
5347,世界,64,1,63,凱基-士林,2024-01-16,9238
3024,憶聲,60,0,60,凱基-士林,2024-01-16,9238
6205,詮欣,100,41,59,凱基-士林,2024-01-16,9238
00929,復華台灣科技優息,56,0,56,凱基-士林,2024-01-16,9238
6799,來頡,53,0,53,凱基-士林,2024-01-16,9238
00650L,復華香港正2,50,0,50,凱基-士林,2024-01-16,9238
2812,台中銀,50,0,50,凱基-士林,2024-01-16,9238
8021,尖點,50,0,50,凱基-士林,2024-01-16,9238
8096,擎亞,53,6,47,凱基-士林,2024-01-16,9238
2501,國建,45,0,45,凱基-士林,2024-01-16,9238
2883,凱基金,44,1,43,凱基-士林,2024-01-16,9238
2882,國泰金,40,0,40,凱基-士林,2024-01-16,9238
2888,新光金,40,0,40,凱基-士林,2024-01-16,9238
2344,華邦電,44,5,39,凱基-士林,2024-01-16,9238
5880,合庫金,31,0,31,凱基-士林,2024-01-16,9238
00927,群益半導體收益,31,0,31,凱基-士林,2024-01-16,9238
2337,旺宏,34,4,30,凱基-士林,2024-01-16,9238
2317,鴻海,31,2,29,凱基-士林,2024-01-16,9238
00919,群益台灣精選高息,25,0,25,凱基-士林,2024-01-16,9238
2405,輔信,41,16,25,凱基-士林,2024-01-16,9238
3017,奇鋐,30,6,24,凱基-士林,2024-01-16,9238
9945,潤泰新,24,0,24,凱基-士林,2024-01-16,9238
2890,永豐金,23,0,23,凱基-士林,2024-01-16,9238
00753L,中信中國50正2,22,0,22,凱基-士林,2024-01-16,9238
2603,長榮,28,6,22,凱基-士林,2024-01-16,9238
1608,華榮,20,0,20,凱基-士林,2024-01-16,9238
1514,亞力,20,1,19,凱基-士林,2024-01-16,9238
2371,大同,58,40,18,凱基-士林,2024-01-16,9238
5351,鈺創,36,20,16,凱基-士林,2024-01-16,9238
0050,元大台灣50,16,0,16,凱基-士林,2024-01-16,9238
2610,華航,17,2,15,凱基-士林,2024-01-16,9238
1305,華夏,15,0,15,凱基-士林,2024-01-16,9238
00878,國泰永續高股息,17,2,15,凱基-士林,2024-01-16,9238
2634,漢翔,14,0,14,凱基-士林,2024-01-16,9238
2324,仁寶,18,4,14,凱基-士林,2024-01-16,9238
2892,第一金,14,0,14,凱基-士林,2024-01-16,9238
2887,台新金,14,0,14,凱基-士林,2024-01-16,9238
1326,台化,13,0,13,凱基-士林,2024-01-16,9238
2002,中鋼,14,2,12,凱基-士林,2024-01-16,9238
2609,陽明,25,13,12,凱基-士林,2024-01-16,9238
6120,達運,28,16,12,凱基-士林,2024-01-16,9238
2486,一詮,33,22,11,凱基-士林,2024-01-16,9238
3038,全台,11,0,11,凱基-士林,2024-01-16,9238
6695,芯鼎,36,26,10,凱基-士林,2024-01-16,9238
6541,泰福-KY,10,0,10,凱基-士林,2024-01-16,9238
5425,台半,285,2,283,凱基-士林,2024-01-17,9238
2303,聯電,243,33,210,凱基-士林,2024-01-17,9238
00919,群益台灣精選高息,122,0,122,凱基-士林,2024-01-17,9238
00882,中信中國高股息,111,0,111,凱基-士林,2024-01-17,9238
2344,華邦電,129,20,109,凱基-士林,2024-01-17,9238
00650L,復華香港正2,103,0,103,凱基-士林,2024-01-17,9238
5521,工信,101,0,101,凱基-士林,2024-01-17,9238
9105,泰金寶-DR,106,5,101,凱基-士林,2024-01-17,9238
00931B,統一美債20年,100,0,100,凱基-士林,2024-01-17,9238
2208,台船,100,0,100,凱基-士林,2024-01-17,9238
00751B,元大AAA至A公司債,94,2,92,凱基-士林,2024-01-17,9238
2609,陽明,91,3,88,凱基-士林,2024-01-17,9238
0056,元大高股息,85,3,82,凱基-士林,2024-01-17,9238
00878,國泰永續高股息,76,1,75,凱基-士林,2024-01-17,9238
00929,復華台灣科技優息,74,1,73,凱基-士林,2024-01-17,9238
5347,世界,63,0,63,凱基-士林,2024-01-17,9238
2401,凌陽,63,2,61,凱基-士林,2024-01-17,9238
2888,新光金,55,0,55,凱基-士林,2024-01-17,9238
2337,旺宏,56,1,55,凱基-士林,2024-01-17,9238
3094,聯傑,54,0,54,凱基-士林,2024-01-17,9238
00900,富邦特選高股息30,52,0,52,凱基-士林,2024-01-17,9238
6505,台塑化,50,0,50,凱基-士林,2024-01-17,9238
2501,國建,50,4,46,凱基-士林,2024-01-17,9238
2834,臺企銀,38,0,38,凱基-士林,2024-01-17,9238
2002,中鋼,38,0,38,凱基-士林,2024-01-17,9238
2538,基泰,40,4,36,凱基-士林,2024-01-17,9238
3516,亞帝歐,33,0,33,凱基-士林,2024-01-17,9238
2317,鴻海,38,7,31,凱基-士林,2024-01-17,9238
1605,華新,40,10,30,凱基-士林,2024-01-17,9238
3019,亞光,30,0,30,凱基-士林,2024-01-17,9238
00680L,元大美債20正2,25,0,25,凱基-士林,2024-01-17,9238
00927,群益半導體收益,24,0,24,凱基-士林,2024-01-17,9238
2371,大同,124,100,24,凱基-士林,2024-01-17,9238
2633,台灣高鐵,23,0,23,凱基-士林,2024-01-17,9238
3576,聯合再生,23,0,23,凱基-士林,2024-01-17,9238
2436,偉詮電,20,0,20,凱基-士林,2024-01-17,9238
4939,亞電,20,0,20,凱基-士林,2024-01-17,9238
8085,福華,27,7,20,凱基-士林,2024-01-17,9238
0050,元大台灣50,19,0,19,凱基-士林,2024-01-17,9238
00753L,中信中國50正2,21,2,19,凱基-士林,2024-01-17,9238
1504,東元,20,1,19,凱基-士林,2024-01-17,9238
2890,永豐金,19,0,19,凱基-士林,2024-01-17,9238
00904,新光臺灣半導體30,22,4,18,凱基-士林,2024-01-17,9238
1301,台塑,17,0,17,凱基-士林,2024-01-17,9238
1609,大亞,17,0,17,凱基-士林,2024-01-17,9238
2356,英業達,22,7,15,凱基-士林,2024-01-17,9238
9945,潤泰新,15,0,15,凱基-士林,2024-01-17,9238
2328,廣宇,15,0,15,凱基-士林,2024-01-17,9238
2481,強茂,14,0,14,凱基-士林,2024-01-17,9238
00937B,群益ESG投等債20,14,0,14,凱基-士林,2024-01-17,9238
5425,台半,150,0,150,凱基-士林,2024-01-18,9238
3481,群創,267,150,117,凱基-士林,2024-01-18,9238
00688L,國泰20年美債正2,110,0,110,凱基-士林,2024-01-18,9238
4906,正文,100,2,98,凱基-士林,2024-01-18,9238
2324,仁寶,98,23,75,凱基-士林,2024-01-18,9238
00650L,復華香港正2,50,0,50,凱基-士林,2024-01-18,9238
00929,復華台灣科技優息,61,16,45,凱基-士林,2024-01-18,9238
00918,大華優利高填息30,41,0,41,凱基-士林,2024-01-18,9238
2303,聯電,54,17,37,凱基-士林,2024-01-18,9238
00882,中信中國高股息,36,0,36,凱基-士林,2024-01-18,9238
4960,誠美材,38,3,35,凱基-士林,2024-01-18,9238
3094,聯傑,30,0,30,凱基-士林,2024-01-18,9238
2888,新光金,27,0,27,凱基-士林,2024-01-18,9238
0056,元大高股息,31,6,25,凱基-士林,2024-01-18,9238
00637L,元大滬深300正2,41,18,23,凱基-士林,2024-01-18,9238
2371,大同,53,30,23,凱基-士林,2024-01-18,9238
6122,擎邦,21,0,21,凱基-士林,2024-01-18,9238
3231,緯創,45,25,20,凱基-士林,2024-01-18,9238
2882,國泰金,32,14,18,凱基-士林,2024-01-18,9238
1477,聚陽,17,0,17,凱基-士林,2024-01-18,9238
00919,群益台灣精選高息,16,0,16,凱基-士林,2024-01-18,9238
00937B,群益ESG投等債20,16,0,16,凱基-士林,2024-01-18,9238
00712,復華富時不動產,21,5,16,凱基-士林,2024-01-18,9238
1528,恩德,20,4,16,凱基-士林,2024-01-18,9238
5521,工信,16,0,16,凱基-士林,2024-01-18,9238
3036,文曄,43,28,15,凱基-士林,2024-01-18,9238
6274,台燿,15,0,15,凱基-士林,2024-01-18,9238
2405,輔信,14,1,13,凱基-士林,2024-01-18,9238
2327,國巨,17,5,12,凱基-士林,2024-01-18,9238
00892,富邦台灣半導體,12,0,12,凱基-士林,2024-01-18,9238
2313,華通,12,0,12,凱基-士林,2024-01-18,9238
6770,力積電,11,0,11,凱基-士林,2024-01-18,9238
2363,矽統,11,0,11,凱基-士林,2024-01-18,9238
6505,台塑化,11,0,11,凱基-士林,2024-01-18,9238
2002,中鋼,10,0,10,凱基-士林,2024-01-18,9238
00935,野村臺灣新科技50,10,0,10,凱基-士林,2024-01-18,9238
00753L,中信中國50正2,10,0,10,凱基-士林,2024-01-18,9238
2497,怡利電,10,0,10,凱基-士林,2024-01-18,9238
3217,優群,10,0,10,凱基-士林,2024-01-18,9238
5515,建國,10,0,10,凱基-士林,2024-01-18,9238
00679B,元大美債20年,9,0,9,凱基-士林,2024-01-18,9238
3037,欣興,11,2,9,凱基-士林,2024-01-18,9238
00751B,元大AAA至A公司債,9,0,9,凱基-士林,2024-01-18,9238
2401,凌陽,11,2,9,凱基-士林,2024-01-18,9238
2486,一詮,10,2,8,凱基-士林,2024-01-18,9238
3287,廣寰科,11,3,8,凱基-士林,2024-01-18,9238
6165,浪凡,8,0,8,凱基-士林,2024-01-18,9238
6173,信昌電,8,0,8,凱基-士林,2024-01-18,9238
8054,安國,8,0,8,凱基-士林,2024-01-18,9238
00687B,國泰20年美債,7,0,7,凱基-士林,2024-01-18,9238
00937B,群益ESG投等債20,365,0,365,凱基-士林,2024-01-19,9238
5425,台半,105,0,105,凱基-士林,2024-01-19,9238
2609,陽明,75,2,73,凱基-士林,2024-01-19,9238
2465,麗臺,55,2,53,凱基-士林,2024-01-19,9238
2883,凱基金,56,5,51,凱基-士林,2024-01-19,9238
00676R,富邦臺灣加權反1,45,0,45,凱基-士林,2024-01-19,9238
8936,國統,48,6,42,凱基-士林,2024-01-19,9238
2892,第一金,41,0,41,凱基-士林,2024-01-19,9238
8064,東捷,40,0,40,凱基-士林,2024-01-19,9238
00882,中信中國高股息,38,0,38,凱基-士林,2024-01-19,9238
00679B,元大美債20年,33,0,33,凱基-士林,2024-01-19,9238
1907,永豐餘,33,1,32,凱基-士林,2024-01-19,9238
6182,合晶,31,0,31,凱基-士林,2024-01-19,9238
00720B,元大投資級公司債,29,0,29,凱基-士林,2024-01-19,9238
2886,兆豐金,26,0,26,凱基-士林,2024-01-19,9238
5244,弘凱,25,0,25,凱基-士林,2024-01-19,9238
3036,文曄,36,12,24,凱基-士林,2024-01-19,9238
2002,中鋼,23,0,23,凱基-士林,2024-01-19,9238
6285,啟��,28,6,22,凱基-士林,2024-01-19,9238
00632R,元大台灣50反1,42,20,22,凱基-士林,2024-01-19,9238
2618,長榮航,26,6,20,凱基-士林,2024-01-19,9238
00931B,統一美債20年,18,0,18,凱基-士林,2024-01-19,9238
1447,力鵬,19,2,17,凱基-士林,2024-01-19,9238
6550,北極星藥業-KY,17,1,16,凱基-士林,2024-01-19,9238
3623,富晶通,16,1,15,凱基-士林,2024-01-19,9238
3013,晟銘電,21,7,14,凱基-士林,2024-01-19,9238
00929,復華台灣科技優息,16,3,13,凱基-士林,2024-01-19,9238
00751B,元大AAA至A公司債,13,0,13,凱基-士林,2024-01-19,9238
3533,嘉澤,12,0,12,凱基-士林,2024-01-19,9238
2881,富邦金,16,4,12,凱基-士林,2024-01-19,9238
2312,金寶,11,0,11,凱基-士林,2024-01-19,9238
6547,高端疫苗,11,0,11,凱基-士林,2024-01-19,9238
6415,矽力*-KY,11,1,10,凱基-士林,2024-01-19,9238
00664R,國泰臺灣加權反1,10,0,10,凱基-士林,2024-01-19,9238
2377,微星,13,3,10,凱基-士林,2024-01-19,9238
3530,晶相光,15,5,10,凱基-士林,2024-01-19,9238
2603,長榮,16,6,10,凱基-士林,2024-01-19,9238
006208,富邦台50,12,2,10,凱基-士林,2024-01-19,9238
2303,聯電,17,8,9,凱基-士林,2024-01-19,9238
00927,群益半導體收益,9,0,9,凱基-士林,2024-01-19,9238
5426,振發,42,33,9,凱基-士林,2024-01-19,9238
6143,振曜,9,0,9,凱基-士林,2024-01-19,9238
8215,明基材,9,0,9,凱基-士林,2024-01-19,9238
8028,昇陽半導體,9,0,9,凱基-士林,2024-01-19,9238
00631L,元大台灣50正2,10,2,8,凱基-士林,2024-01-19,9238
006206,元大上證50,8,0,8,凱基-士林,2024-01-19,9238
2489,瑞軒,8,0,8,凱基-士林,2024-01-19,9238
6168,宏齊,8,0,8,凱基-士林,2024-01-19,9238
3481,群創,48,40,8,凱基-士林,2024-01-19,9238
00933B,國泰10Y+金融債,8,0,8,凱基-士林,2024-01-19,9238
00680L,元大美債20正2,215,0,215,凱基-士林,2024-01-22,9238
2313,華通,127,6,121,凱基-士林,2024-01-22,9238
2476,鉅祥,120,0,120,凱基-士林,2024-01-22,9238
2329,華泰,160,53,107,凱基-士林,2024-01-22,9238
00676R,富邦臺灣加權反1,96,0,96,凱基-士林,2024-01-22,9238
4906,正文,79,8,71,凱基-士林,2024-01-22,9238
00882,中信中國高股息,57,0,57,凱基-士林,2024-01-22,9238
6205,詮欣,53,0,53,凱基-士林,2024-01-22,9238
4167,松瑞藥,52,0,52,凱基-士林,2024-01-22,9238
00650L,復華香港正2,50,0,50,凱基-士林,2024-01-22,9238
2324,仁寶,74,33,41,凱基-士林,2024-01-22,9238
00937B,群益ESG投等債20,40,0,40,凱基-士林,2024-01-22,9238
2906,高林,30,0,30,凱基-士林,2024-01-22,9238
00687B,國泰20年美債,29,0,29,凱基-士林,2024-01-22,9238
2402,毅嘉,30,2,28,凱基-士林,2024-01-22,9238
2618,長榮航,30,4,26,凱基-士林,2024-01-22,9238
00919,群益台灣精選高息,28,2,26,凱基-士林,2024-01-22,9238
6108,競國,25,0,25,凱基-士林,2024-01-22,9238
00923,群益台ESG低碳50,22,0,22,凱基-士林,2024-01-22,9238
1101,台泥,21,0,21,凱基-士林,2024-01-22,9238
00753L,中信中國50正2,21,0,21,凱基-士林,2024-01-22,9238
5347,世界,22,1,21,凱基-士林,2024-01-22,9238
6139,亞翔,23,2,21,凱基-士林,2024-01-22,9238
00664R,國泰臺灣加權反1,20,0,20,凱基-士林,2024-01-22,9238
2406,國碩,20,0,20,凱基-士林,2024-01-22,9238
2801,彰銀,20,0,20,凱基-士林,2024-01-22,9238
3339,泰谷,20,0,20,凱基-士林,2024-01-22,9238
4763,材料-KY,21,2,19,凱基-士林,2024-01-22,9238
5425,台半,19,0,19,凱基-士林,2024-01-22,9238
2388,威盛,22,4,18,凱基-士林,2024-01-22,9238
3051,力特,16,0,16,凱基-士林,2024-01-22,9238
2603,長榮,17,3,14,凱基-士林,2024-01-22,9238
8383,千附,13,0,13,凱基-士林,2024-01-22,9238
1560,中砂,12,0,12,凱基-士林,2024-01-22,9238
4912,聯德控股-KY,12,0,12,凱基-士林,2024-01-22,9238
6535,順藥,12,0,12,凱基-士林,2024-01-22,9238
5258,虹堡,11,0,11,凱基-士林,2024-01-22,9238
2884,玉山金,11,0,11,凱基-士林,2024-01-22,9238
2316,楠梓電,11,1,10,凱基-士林,2024-01-22,9238
3576,聯合再生,10,0,10,凱基-士林,2024-01-22,9238
3032,偉訓,41,32,9,凱基-士林,2024-01-22,9238
4770,上品,10,1,9,凱基-士林,2024-01-22,9238
4804,大略-KY,9,0,9,凱基-士林,2024-01-22,9238
1326,台化,9,0,9,凱基-士林,2024-01-22,9238
2887,台新金,8,0,8,凱基-士林,2024-01-22,9238
2419,仲琦,8,0,8,凱基-士林,2024-01-22,9238
6805,富世達,8,0,8,凱基-士林,2024-01-22,9238
8215,明基材,8,0,8,凱基-士林,2024-01-22,9238
9907,統一實,8,0,8,凱基-士林,2024-01-22,9238
2327,國巨,8,0,8,凱基-士林,2024-01-22,9238
00680L,元大美債20正2,122,4,118,凱基-士林,2024-01-23,9238
00687B,國泰20年美債,101,0,101,凱基-士林,2024-01-23,9238
8215,明基材,58,0,58,凱基-士林,2024-01-23,9238
00891,中信關鍵半導體,50,0,50,凱基-士林,2024-01-23,9238
00929,復華台灣科技優息,51,8,43,凱基-士林,2024-01-23,9238
2476,鉅祥,58,19,39,凱基-士林,2024-01-23,9238
3036,文曄,47,9,38,凱基-士林,2024-01-23,9238
3675,德微,33,0,33,凱基-士林,2024-01-23,9238
8936,國統,35,2,33,凱基-士林,2024-01-23,9238
00676R,富邦臺灣加權反1,30,0,30,凱基-士林,2024-01-23,9238
3189,景碩,31,1,30,凱基-士林,2024-01-23,9238
2382,廣達,24,2,22,凱基-士林,2024-01-23,9238
2329,華泰,31,10,21,凱基-士林,2024-01-23,9238
00733,富邦臺灣中小,20,0,20,凱基-士林,2024-01-23,9238
2617,台航,20,0,20,凱基-士林,2024-01-23,9238
5328,華容,20,0,20,凱基-士林,2024-01-23,9238
8383,千附,20,0,20,凱基-士林,2024-01-23,9238
8111,立��,24,5,19,凱基-士林,2024-01-23,9238
00919,群益台灣精選高息,23,5,18,凱基-士林,2024-01-23,9238
3037,欣興,20,2,18,凱基-士林,2024-01-23,9238
0061,元大寶滬深,15,0,15,凱基-士林,2024-01-23,9238
1513,中興電,15,1,14,凱基-士林,2024-01-23,9238
00633L,富邦上証正2,19,6,13,凱基-士林,2024-01-23,9238
1802,台玻,12,0,12,凱基-士林,2024-01-23,9238
00712,復華富時不動產,11,0,11,凱基-士林,2024-01-23,9238
2355,敬鵬,20,9,11,凱基-士林,2024-01-23,9238
910322,康師傅-DR,11,0,11,凱基-士林,2024-01-23,9238
2388,威盛,14,4,10,凱基-士林,2024-01-23,9238
5347,世界,10,0,10,凱基-士林,2024-01-23,9238
6233,旺玖,10,0,10,凱基-士林,2024-01-23,9238
2618,長榮航,11,2,9,凱基-士林,2024-01-23,9238
2377,微星,11,2,9,凱基-士林,2024-01-23,9238
2406,國碩,9,0,9,凱基-士林,2024-01-23,9238
2449,京元電子,10,1,9,凱基-士林,2024-01-23,9238
2610,華航,10,1,9,凱基-士林,2024-01-23,9238
2349,錸德,10,1,9,凱基-士林,2024-01-23,9238
00637L,元大滬深300正2,19,11,8,凱基-士林,2024-01-23,9238
2609,陽明,14,6,8,凱基-士林,2024-01-23,9238
3673,TPK-KY,10,2,8,凱基-士林,2024-01-23,9238
3017,奇鋐,13,6,7,凱基-士林,2024-01-23,9238
2376,技嘉,12,6,6,凱基-士林,2024-01-23,9238
2353,宏��,27,21,6,凱基-士林,2024-01-23,9238
2317,鴻海,12,6,6,凱基-士林,2024-01-23,9238
00673R,期元大S＆P原油反1,6,0,6,凱基-士林,2024-01-23,9238
3694,海華,6,0,6,凱基-士林,2024-01-23,9238
6140,訊達,14,8,6,凱基-士林,2024-01-23,9238
1444,力麗,5,0,5,凱基-士林,2024-01-23,9238
1618,合機,5,0,5,凱基-士林,2024-01-23,9238
2324,仁寶,32,27,5,凱基-士林,2024-01-23,9238
2885,元大金,5,0,5,凱基-士林,2024-01-23,9238
2618,長榮航,181,6,175,凱基-士林,2024-01-24,9238
5443,均豪,105,4,101,凱基-士林,2024-01-24,9238
00680L,元大美債20正2,82,5,77,凱基-士林,2024-01-24,9238
9105,泰金寶-DR,63,0,63,凱基-士林,2024-01-24,9238
00904,新光臺灣半導體30,60,0,60,凱基-士林,2024-01-24,9238
5521,工信,60,2,58,凱基-士林,2024-01-24,9238
00937B,群益ESG投等債20,55,0,55,凱基-士林,2024-01-24,9238
00900,富邦特選高股息30,52,0,52,凱基-士林,2024-01-24,9238
2915,潤泰全,50,0,50,凱基-士林,2024-01-24,9238
00637L,元大滬深300正2,57,10,47,凱基-士林,2024-01-24,9238
1815,富喬,48,1,47,凱基-士林,2024-01-24,9238
00664R,國泰臺灣加權反1,30,0,30,凱基-士林,2024-01-24,9238
00676R,富邦臺灣加權反1,27,0,27,凱基-士林,2024-01-24,9238
3615,安可,27,3,24,凱基-士林,2024-01-24,9238
2201,裕隆,23,1,22,凱基-士林,2024-01-24,9238
8028,昇陽半導體,25,4,21,凱基-士林,2024-01-24,9238
00752,中信中國50,20,0,20,凱基-士林,2024-01-24,9238
2906,高林,20,0,20,凱基-士林,2024-01-24,9238
3033,威健,31,12,19,凱基-士林,2024-01-24,9238
8089,康全電訊,24,5,19,凱基-士林,2024-01-24,9238
2390,云辰,19,0,19,凱基-士林,2024-01-24,9238
2363,矽統,18,0,18,凱基-士林,2024-01-24,9238
3189,景碩,48,30,18,凱基-士林,2024-01-24,9238
6143,振曜,18,0,18,凱基-士林,2024-01-24,9238
00679B,元大美債20年,14,0,14,凱基-士林,2024-01-24,9238
00633L,富邦上証正2,30,16,14,凱基-士林,2024-01-24,9238
2324,仁寶,16,2,14,凱基-士林,2024-01-24,9238
3055,蔚華科,62,49,13,凱基-士林,2024-01-24,9238
00632R,元大台灣50反1,12,0,12,凱基-士林,2024-01-24,9238
2417,圓剛,12,1,11,凱基-士林,2024-01-24,9238
3605,宏致,22,11,11,凱基-士林,2024-01-24,9238
2002,中鋼,10,0,10,凱基-士林,2024-01-24,9238
00688L,國泰20年美債正2,10,0,10,凱基-士林,2024-01-24,9238
1608,華榮,10,0,10,凱基-士林,2024-01-24,9238
2888,新光金,10,0,10,凱基-士林,2024-01-24,9238
3049,精金,10,0,10,凱基-士林,2024-01-24,9238
3437,榮創,10,0,10,凱基-士林,2024-01-24,9238
3483,力致,11,1,10,凱基-士林,2024-01-24,9238
3680,家登,10,1,9,凱基-士林,2024-01-24,9238
2611,志信,9,0,9,凱基-士林,2024-01-24,9238
6285,啟��,10,1,9,凱基-士林,2024-01-24,9238
2353,宏��,26,17,9,凱基-士林,2024-01-24,9238
1515,力山,8,0,8,凱基-士林,2024-01-24,9238
2610,華航,11,3,8,凱基-士林,2024-01-24,9238
3588,通嘉,11,3,8,凱基-士林,2024-01-24,9238
2454,聯發科,8,0,8,凱基-士林,2024-01-24,9238
5871,中租-KY,7,0,7,凱基-士林,2024-01-24,9238
1905,華紙,8,1,7,凱基-士林,2024-01-24,9238
5426,振發,14,7,7,凱基-士林,2024-01-24,9238
6526,達發,8,1,7,凱基-士林,2024-01-24,9238
00637L,元大滬深300正2,339,6,333,凱基-士林,2024-01-25,9238
5521,工信,108,1,107,凱基-士林,2024-01-25,9238
6177,達麗,49,0,49,凱基-士林,2024-01-25,9238
00687B,國泰20年美債,32,0,32,凱基-士林,2024-01-25,9238
3260,威剛,34,2,32,凱基-士林,2024-01-25,9238
2337,旺宏,30,1,29,凱基-士林,2024-01-25,9238
2204,中華,27,0,27,凱基-士林,2024-01-25,9238
2356,英業達,81,55,26,凱基-士林,2024-01-25,9238
00632R,元大台灣50反1,26,0,26,凱基-士林,2024-01-25,9238
8059,凱碩,23,0,23,凱基-士林,2024-01-25,9238
00931B,統一美債20年,21,0,21,凱基-士林,2024-01-25,9238
6239,力成,40,19,21,凱基-士林,2024-01-25,9238
8089,康全電訊,21,0,21,凱基-士林,2024-01-25,9238
9105,泰金寶-DR,76,55,21,凱基-士林,2024-01-25,9238
1712,興農,20,0,20,凱基-士林,2024-01-25,9238
2399,映泰,28,8,20,凱基-士林,2024-01-25,9238
3047,訊舟,29,9,20,凱基-士林,2024-01-25,9238
3437,榮創,20,0,20,凱基-士林,2024-01-25,9238
00679B,元大美債20年,20,0,20,凱基-士林,2024-01-25,9238
3231,緯創,46,28,18,凱基-士林,2024-01-25,9238
00937B,群益ESG投等債20,18,0,18,凱基-士林,2024-01-25,9238
00676R,富邦臺灣加權反1,15,0,15,凱基-士林,2024-01-25,9238
3002,歐格,15,0,15,凱基-士林,2024-01-25,9238
006205,富邦上証,14,0,14,凱基-士林,2024-01-25,9238
6140,訊達,29,15,14,凱基-士林,2024-01-25,9238
00688L,國泰20年美債正2,13,0,13,凱基-士林,2024-01-25,9238
6143,振曜,12,0,12,凱基-士林,2024-01-25,9238
00753L,中信中國50正2,12,0,12,凱基-士林,2024-01-25,9238
3419,譁裕,12,0,12,凱基-士林,2024-01-25,9238
2382,廣達,19,8,11,凱基-士林,2024-01-25,9238
00933B,國泰10Y+金融債,11,0,11,凱基-士林,2024-01-25,9238
5490,同亨,10,0,10,凱基-士林,2024-01-25,9238
00636,國泰中國A50,10,0,10,凱基-士林,2024-01-25,9238
3131,弘塑,10,0,10,凱基-士林,2024-01-25,9238
8358,金居,10,0,10,凱基-士林,2024-01-25,9238
2002,中鋼,9,0,9,凱基-士林,2024-01-25,9238
2457,飛宏,10,1,9,凱基-士林,2024-01-25,9238
6204,艾華,9,0,9,凱基-士林,2024-01-25,9238
910322,康師傅-DR,9,0,9,凱基-士林,2024-01-25,9238
4123,晟德,14,5,9,凱基-士林,2024-01-25,9238
6111,大宇資,9,1,8,凱基-士林,2024-01-25,9238
6125,廣運,8,0,8,凱基-士林,2024-01-25,9238
00673R,期元大S＆P原油反1,8,0,8,凱基-士林,2024-01-25,9238
2484,希華,8,0,8,凱基-士林,2024-01-25,9238
2486,一詮,8,0,8,凱基-士林,2024-01-25,9238
6805,富世達,8,0,8,凱基-士林,2024-01-25,9238
2368,金像電,17,9,8,凱基-士林,2024-01-25,9238
6243,迅杰,7,0,7,凱基-士林,2024-01-25,9238
8222,寶一,7,0,7,凱基-士林,2024-01-25,9238
00902,中信電池及儲能,7,0,7,凱基-士林,2024-01-25,9238
6177,達麗,571,0,571,凱基-士林,2024-01-26,9238
2303,聯電,195,7,188,凱基-士林,2024-01-26,9238
5521,工信,110,0,110,凱基-士林,2024-01-26,9238
4906,正文,159,55,104,凱基-士林,2024-01-26,9238
00637L,元大滬深300正2,101,0,101,凱基-士林,2024-01-26,9238
00753L,中信中國50正2,80,0,80,凱基-士林,2024-01-26,9238
3094,聯傑,50,0,50,凱基-士林,2024-01-26,9238
00878,國泰永續高股息,44,2,42,凱基-士林,2024-01-26,9238
3673,TPK-KY,46,6,40,凱基-士林,2024-01-26,9238
00933B,國泰10Y+金融債,37,0,37,凱基-士林,2024-01-26,9238
3706,神達,33,0,33,凱基-士林,2024-01-26,9238
3005,神基,32,0,32,凱基-士林,2024-01-26,9238
3033,威健,38,8,30,凱基-士林,2024-01-26,9238
00687B,國泰20年美債,27,0,27,凱基-士林,2024-01-26,9238
00937B,群益ESG投等債20,25,0,25,凱基-士林,2024-01-26,9238
3499,環天科,25,0,25,凱基-士林,2024-01-26,9238
3402,漢科,28,3,25,凱基-士林,2024-01-26,9238
2353,宏��,39,15,24,凱基-士林,2024-01-26,9238
0056,元大高股息,25,4,21,凱基-士林,2024-01-26,9238
1471,首利,20,0,20,凱基-士林,2024-01-26,9238
3576,聯合再生,20,1,19,凱基-士林,2024-01-26,9238
00919,群益台灣精選高息,68,50,18,凱基-士林,2024-01-26,9238
3217,優群,18,1,17,凱基-士林,2024-01-26,9238
8050,廣積,18,2,16,凱基-士林,2024-01-26,9238
3360,尚立,35,20,15,凱基-士林,2024-01-26,9238
6182,合晶,15,0,15,凱基-士林,2024-01-26,9238
00673R,期元大S＆P原油反1,14,0,14,凱基-士林,2024-01-26,9238
3694,海華,15,3,12,凱基-士林,2024-01-26,9238
00676R,富邦臺灣加權反1,12,0,12,凱基-士林,2024-01-26,9238
2882,國泰金,20,8,12,凱基-士林,2024-01-26,9238
3035,智原,13,1,12,凱基-士林,2024-01-26,9238
4123,晟德,12,0,12,凱基-士林,2024-01-26,9238
8059,凱碩,12,0,12,凱基-士林,2024-01-26,9238
2382,廣達,22,11,11,凱基-士林,2024-01-26,9238
4968,立積,15,5,10,凱基-士林,2024-01-26,9238
1303,南亞,12,1,11,凱基-士林,2024-01-26,9238
1301,台塑,12,2,10,凱基-士林,2024-01-26,9238
1326,台化,12,2,10,凱基-士林,2024-01-26,9238
1313,聯成,10,0,10,凱基-士林,2024-01-26,9238
1712,興農,10,0,10,凱基-士林,2024-01-26,9238
2399,映泰,10,0,10,凱基-士林,2024-01-26,9238
2474,可成,10,0,10,凱基-士林,2024-01-26,9238
2535,達欣工,10,0,10,凱基-士林,2024-01-26,9238
3042,晶技,10,0,10,凱基-士林,2024-01-26,9238
4939,亞電,10,0,10,凱基-士林,2024-01-26,9238
912000,晨訊科-DR,10,0,10,凱基-士林,2024-01-26,9238
8028,昇陽半導體,10,1,9,凱基-士林,2024-01-26,9238
00633L,富邦上証正2,11,3,8,凱基-士林,2024-01-26,9238
2324,仁寶,32,24,8,凱基-士林,2024-01-26,9238
3032,偉訓,8,0,8,凱基-士林,2024-01-26,9238
00637L,元大滬深300正2,460,5,455,凱基-士林,2024-01-29,9238
00687B,國泰20年美債,200,0,200,凱基-士林,2024-01-29,9238
4402,郡都開發,130,0,130,凱基-士林,2024-01-29,9238
2303,聯電,81,3,78,凱基-士林,2024-01-29,9238
00673R,期元大S＆P原油反1,56,0,56,凱基-士林,2024-01-29,9238
9105,泰金寶-DR,41,0,41,凱基-士林,2024-01-29,9238
2476,鉅祥,40,0,40,凱基-士林,2024-01-29,9238
1326,台化,39,2,37,凱基-士林,2024-01-29,9238
00937B,群益ESG投等債20,36,0,36,凱基-士林,2024-01-29,9238
00676R,富邦臺灣加權反1,35,0,35,凱基-士林,2024-01-29,9238
00933B,國泰10Y+金融債,35,0,35,凱基-士林,2024-01-29,9238
00665L,富邦�琤肭磪囓�2,30,0,30,凱基-士林,2024-01-29,9238
2915,潤泰全,30,0,30,凱基-士林,2024-01-29,9238
8932,智通*,30,0,30,凱基-士林,2024-01-29,9238
1303,南亞,30,1,29,凱基-士林,2024-01-29,9238
1301,台塑,27,0,27,凱基-士林,2024-01-29,9238
6505,台塑化,26,0,26,凱基-士林,2024-01-29,9238
2409,友達,27,1,26,凱基-士林,2024-01-29,9238
2337,旺宏,24,0,24,凱基-士林,2024-01-29,9238
1314,中石化,20,0,20,凱基-士林,2024-01-29,9238
6112,邁達特,22,4,18,凱基-士林,2024-01-29,9238
6799,來頡,20,2,18,凱基-士林,2024-01-29,9238
6143,振曜,17,0,17,凱基-士林,2024-01-29,9238
00753L,中信中國50正2,16,0,16,凱基-士林,2024-01-29,9238
1514,亞力,19,3,16,凱基-士林,2024-01-29,9238
6177,達麗,13,0,13,凱基-士林,2024-01-29,9238
2882,國泰金,12,0,12,凱基-士林,2024-01-29,9238
2201,裕隆,12,0,12,凱基-士林,2024-01-29,9238
5521,工信,12,0,12,凱基-士林,2024-01-29,9238
8215,明基材,23,12,11,凱基-士林,2024-01-29,9238
3231,緯創,47,37,10,凱基-士林,2024-01-29,9238
1312,國喬,10,0,10,凱基-士林,2024-01-29,9238
6005,群益證,10,0,10,凱基-士林,2024-01-29,9238
6530,創威,12,2,10,凱基-士林,2024-01-29,9238
6205,詮欣,10,1,9,凱基-士林,2024-01-29,9238
1309,台達化,10,1,9,凱基-士林,2024-01-29,9238
00772B,中信高評級公司債,26,17,9,凱基-士林,2024-01-29,9238
00929,復華台灣科技優息,24,15,9,凱基-士林,2024-01-29,9238
2371,大同,10,1,9,凱基-士林,2024-01-29,9238
6182,合晶,10,2,8,凱基-士林,2024-01-29,9238
3710,連展投控,8,0,8,凱基-士林,2024-01-29,9238
6139,亞翔,8,0,8,凱基-士林,2024-01-29,9238
8040,九暘,8,0,8,凱基-士林,2024-01-29,9238
1519,華城,14,7,7,凱基-士林,2024-01-29,9238
2401,凌陽,7,0,7,凱基-士林,2024-01-29,9238
6271,同欣電,12,5,7,凱基-士林,2024-01-29,9238
00902,中信電池及儲能,6,0,6,凱基-士林,2024-01-29,9238
2486,一詮,6,0,6,凱基-士林,2024-01-29,9238
2867,三商壽,23,17,6,凱基-士林,2024-01-29,9238
3587,閎康,6,0,6,凱基-士林,2024-01-29,9238
00680L,元大美債20正2,400,25,375,凱基-士林,2024-01-30,9238
00688L,國泰20年美債正2,190,0,190,凱基-士林,2024-01-30,9238
00720B,元大投資級公司債,171,0,171,凱基-士林,2024-01-30,9238
6177,達麗,117,0,117,凱基-士林,2024-01-30,9238
00751B,元大AAA至A公司債,85,0,85,凱基-士林,2024-01-30,9238
2886,兆豐金,66,0,66,凱基-士林,2024-01-30,9238
00937B,群益ESG投等債20,63,0,63,凱基-士林,2024-01-30,9238
00882,中信中國高股息,50,0,50,凱基-士林,2024-01-30,9238
5425,台半,48,0,48,凱基-士林,2024-01-30,9238
2344,華邦電,44,5,39,凱基-士林,2024-01-30,9238
2408,南亞科,36,0,36,凱基-士林,2024-01-30,9238
00933B,國泰10Y+金融債,37,1,36,凱基-士林,2024-01-30,9238
5347,世界,30,0,30,凱基-士林,2024-01-30,9238
4906,正文,40,10,30,凱基-士林,2024-01-30,9238
2465,麗臺,30,5,25,凱基-士林,2024-01-30,9238
3094,聯傑,25,0,25,凱基-士林,2024-01-30,9238
00757,統一FANG+,25,1,24,凱基-士林,2024-01-30,9238
3380,明泰,28,5,23,凱基-士林,2024-01-30,9238
9105,泰金寶-DR,22,0,22,凱基-士林,2024-01-30,9238
00679B,元大美債20年,20,0,20,凱基-士林,2024-01-30,9238
1447,力鵬,20,0,20,凱基-士林,2024-01-30,9238
2838,聯邦銀,20,0,20,凱基-士林,2024-01-30,9238
5608,四維航,21,1,20,凱基-士林,2024-01-30,9238
6182,合晶,20,1,19,凱基-士林,2024-01-30,9238
2002,中鋼,17,0,17,凱基-士林,2024-01-30,9238
3605,宏致,15,0,15,凱基-士林,2024-01-30,9238
1101,台泥,25,10,15,凱基-士林,2024-01-30,9238
8996,高力,17,3,14,凱基-士林,2024-01-30,9238
8064,東捷,19,6,13,凱基-士林,2024-01-30,9238
00637L,元大滬深300正2,12,0,12,凱基-士林,2024-01-30,9238
3673,TPK-KY,16,4,12,凱基-士林,2024-01-30,9238
5521,工信,17,5,12,凱基-士林,2024-01-30,9238
00687B,國泰20年美債,12,1,11,凱基-士林,2024-01-30,9238
2867,三商壽,11,0,11,凱基-士林,2024-01-30,9238
3033,威健,11,0,11,凱基-士林,2024-01-30,9238
4968,立積,12,1,11,凱基-士林,2024-01-30,9238
5210,寶碩,12,1,11,凱基-士林,2024-01-30,9238
5498,凱崴,11,0,11,凱基-士林,2024-01-30,9238
00681R,元大美債20反1,10,0,10,凱基-士林,2024-01-30,9238
00633L,富邦上証正2,14,4,10,凱基-士林,2024-01-30,9238
1789,神隆,10,0,10,凱基-士林,2024-01-30,9238
00929,復華台灣科技優息,11,2,9,凱基-士林,2024-01-30,9238
6770,力積電,9,0,9,凱基-士林,2024-01-30,9238
2882,國泰金,9,0,9,凱基-士林,2024-01-30,9238
8085,福華,22,13,9,凱基-士林,2024-01-30,9238
2748,雲品,10,2,8,凱基-士林,2024-01-30,9238
2887,台新金,8,0,8,凱基-士林,2024-01-30,9238
00918,大華優利高填息30,8,0,8,凱基-士林,2024-01-30,9238
00715L,期街口布蘭特正2,7,0,7,凱基-士林,2024-01-30,9238
00712,復華富時不動產,7,0,7,凱基-士林,2024-01-30,9238
2371,大同,290,7,283,凱基-士林,2024-01-31,9238
5521,工信,80,0,80,凱基-士林,2024-01-31,9238
00688L,國泰20年美債正2,51,0,51,凱基-士林,2024-01-31,9238
2331,精英,50,0,50,凱基-士林,2024-01-31,9238
00935,野村臺灣新科技50,40,0,40,凱基-士林,2024-01-31,9238
2303,聯電,44,4,40,凱基-士林,2024-01-31,9238
2356,英業達,71,33,38,凱基-士林,2024-01-31,9238
1447,力鵬,40,5,35,凱基-士林,2024-01-31,9238
2102,泰豐,31,0,31,凱基-士林,2024-01-31,9238
2436,偉詮電,30,0,30,凱基-士林,2024-01-31,9238
3694,海華,30,0,30,凱基-士林,2024-01-31,9238
00679B,元大美債20年,29,1,28,凱基-士林,2024-01-31,9238
3481,群創,29,4,25,凱基-士林,2024-01-31,9238
00687B,國泰20年美債,25,2,23,凱基-士林,2024-01-31,9238
6182,合晶,23,0,23,凱基-士林,2024-01-31,9238
3231,緯創,31,9,22,凱基-士林,2024-01-31,9238
00680L,元大美債20正2,22,1,21,凱基-士林,2024-01-31,9238
2369,菱生,58,37,21,凱基-士林,2024-01-31,9238
6805,富世達,31,10,21,凱基-士林,2024-01-31,9238
2812,台中銀,20,0,20,凱基-士林,2024-01-31,9238
6451,訊芯-KY,21,1,20,凱基-士林,2024-01-31,9238
00929,復華台灣科技優息,29,10,19,凱基-士林,2024-01-31,9238
00933B,國泰10Y+金融債,18,0,18,凱基-士林,2024-01-31,9238
4123,晟德,17,0,17,凱基-士林,2024-01-31,9238
2344,華邦電,14,0,14,凱基-士林,2024-01-31,9238
00637L,元大滬深300正2,14,0,14,凱基-士林,2024-01-31,9238
3715,定穎投控,13,0,13,凱基-士林,2024-01-31,9238
1722,台肥,13,0,13,凱基-士林,2024-01-31,9238
3706,神達,14,1,13,凱基-士林,2024-01-31,9238
8105,凌巨,13,0,13,凱基-士林,2024-01-31,9238
2330,台積電,15,2,13,凱基-士林,2024-01-31,9238
2609,陽明,25,14,11,凱基-士林,2024-01-31,9238
2002,中鋼,11,0,11,凱基-士林,2024-01-31,9238
00922,國泰台灣領袖50,11,0,11,凱基-士林,2024-01-31,9238
00753L,中信中國50正2,11,0,11,凱基-士林,2024-01-31,9238
1308,亞聚,11,0,11,凱基-士林,2024-01-31,9238
1802,台玻,11,0,11,凱基-士林,2024-01-31,9238
1815,富喬,11,0,11,凱基-士林,2024-01-31,9238
1101,台泥,11,0,11,凱基-士林,2024-01-31,9238
3036,文曄,11,0,11,凱基-士林,2024-01-31,9238
1304,台聚,10,0,10,凱基-士林,2024-01-31,9238
3211,順達,10,0,10,凱基-士林,2024-01-31,9238
00665L,富邦�琤肭磪囓�2,10,0,10,凱基-士林,2024-01-31,9238
1789,神隆,10,0,10,凱基-士林,2024-01-31,9238
2324,仁寶,12,2,10,凱基-士林,2024-01-31,9238
2406,國碩,10,0,10,凱基-士林,2024-01-31,9238
2417,圓剛,10,0,10,凱基-士林,2024-01-31,9238
2634,漢翔,11,1,10,凱基-士林,2024-01-31,9238
2732,六角,10,0,10,凱基-士林,2024-01-31,9238
4167,松瑞藥,10,0,10,凱基-士林,2024-01-31,9238
00929,復華台灣科技優息,157,0,157,凱基-士林,2024-02-01,9238
00904,新光臺灣半導體30,91,0,91,凱基-士林,2024-02-01,9238
2329,華泰,89,11,78,凱基-士林,2024-02-01,9238
00712,復華富時不動產,72,0,72,凱基-士林,2024-02-01,9238
2605,新興,70,0,70,凱基-士林,2024-02-01,9238
6188,廣明,40,0,40,凱基-士林,2024-02-01,9238
6205,詮欣,37,0,37,凱基-士林,2024-02-01,9238
2476,鉅祥,31,0,31,凱基-士林,2024-02-01,9238
3032,偉訓,29,1,28,凱基-士林,2024-02-01,9238
5258,虹堡,27,1,26,凱基-士林,2024-02-01,9238
5488,松普,21,0,21,凱基-士林,2024-02-01,9238
3481,群創,61,40,21,凱基-士林,2024-02-01,9238
6613,朋億*,20,0,20,凱基-士林,2024-02-01,9238
4933,友輝,16,0,16,凱基-士林,2024-02-01,9238
2356,英業達,35,20,15,凱基-士林,2024-02-01,9238
8473,山林水,15,0,15,凱基-士林,2024-02-01,9238
00919,群益台灣精選高息,24,10,14,凱基-士林,2024-02-01,9238
00937B,群益ESG投等債20,14,0,14,凱基-士林,2024-02-01,9238
6116,彩晶,14,0,14,凱基-士林,2024-02-01,9238
2637,慧洋-KY,15,3,12,凱基-士林,2024-02-01,9238
3294,英濟,12,0,12,凱基-士林,2024-02-01,9238
3312,弘憶股,12,1,11,凱基-士林,2024-02-01,9238
6265,方土昶,16,5,11,凱基-士林,2024-02-01,9238
2355,敬鵬,11,1,10,凱基-士林,2024-02-01,9238
00900,富邦特選高股息30,10,0,10,凱基-士林,2024-02-01,9238
00637L,元大滬深300正2,16,6,10,凱基-士林,2024-02-01,9238
1526,日馳,10,0,10,凱基-士林,2024-02-01,9238
1529,樂事綠能,26,16,10,凱基-士林,2024-02-01,9238
7402,邑錡,10,0,10,凱基-士林,2024-02-01,9238
2330,台積電,11,1,10,凱基-士林,2024-02-01,9238
2409,友達,32,23,9,凱基-士林,2024-02-01,9238
4303,信立,10,1,9,凱基-士林,2024-02-01,9238
6139,亞翔,11,2,9,凱基-士林,2024-02-01,9238
6550,北極星藥業-KY,14,5,9,凱基-士林,2024-02-01,9238
00665L,富邦�琤肭磪囓�2,13,5,8,凱基-士林,2024-02-01,9238
2365,昆盈,10,2,8,凱基-士林,2024-02-01,9238
2369,菱生,14,6,8,凱基-士林,2024-02-01,9238
3231,緯創,18,10,8,凱基-士林,2024-02-01,9238
2812,台中銀,47,40,7,凱基-士林,2024-02-01,9238
2382,廣達,12,6,6,凱基-士林,2024-02-01,9238
2421,建準,14,8,6,凱基-士林,2024-02-01,9238
6282,康舒,45,39,6,凱基-士林,2024-02-01,9238
8105,凌巨,6,0,6,凱基-士林,2024-02-01,9238
00878,國泰永續高股息,12,7,5,凱基-士林,2024-02-01,9238
00753L,中信中國50正2,5,0,5,凱基-士林,2024-02-01,9238
00891,中信關鍵半導體,5,0,5,凱基-士林,2024-02-01,9238
00650L,復華香港正2,10,5,5,凱基-士林,2024-02-01,9238
1582,信錦,5,0,5,凱基-士林,2024-02-01,9238
1718,中纖,5,0,5,凱基-士林,2024-02-01,9238
2867,三商壽,5,0,5,凱基-士林,2024-02-01,9238
5521,工信,166,1,165,凱基-士林,2024-02-02,9238
00929,復華台灣科技優息,120,10,110,凱基-士林,2024-02-02,9238
3094,聯傑,105,0,105,凱基-士林,2024-02-02,9238
00637L,元大滬深300正2,203,100,103,凱基-士林,2024-02-02,9238
00937B,群益ESG投等債20,77,10,67,凱基-士林,2024-02-02,9238
00878,國泰永續高股息,55,12,43,凱基-士林,2024-02-02,9238
00650L,復華香港正2,50,10,40,凱基-士林,2024-02-02,9238
00715L,期街口布蘭特正2,41,1,40,凱基-士林,2024-02-02,9238
2609,陽明,36,0,36,凱基-士林,2024-02-02,9238
00733,富邦臺灣中小,33,0,33,凱基-士林,2024-02-02,9238
00933B,國泰10Y+金融債,45,15,30,凱基-士林,2024-02-02,9238
6165,浪凡,30,0,30,凱基-士林,2024-02-02,9238
2634,漢翔,25,1,24,凱基-士林,2024-02-02,9238
6695,芯鼎,37,13,24,凱基-士林,2024-02-02,9238
1605,華新,23,0,23,凱基-士林,2024-02-02,9238
00882,中信中國高股息,26,5,21,凱基-士林,2024-02-02,9238
3563,牧德,21,0,21,凱基-士林,2024-02-02,9238
3036,文曄,32,11,21,凱基-士林,2024-02-02,9238
2408,南亞科,22,2,20,凱基-士林,2024-02-02,9238
2480,敦陽科,20,0,20,凱基-士林,2024-02-02,9238
4503,金雨,20,0,20,凱基-士林,2024-02-02,9238
5608,四維航,20,0,20,凱基-士林,2024-02-02,9238
2303,聯電,43,24,19,凱基-士林,2024-02-02,9238
3615,安可,27,8,19,凱基-士林,2024-02-02,9238
2356,英業達,32,13,19,凱基-士林,2024-02-02,9238
00900,富邦特選高股息30,18,0,18,凱基-士林,2024-02-02,9238
1603,華電,18,0,18,凱基-士林,2024-02-02,9238
2002,中鋼,21,5,16,凱基-士林,2024-02-02,9238
00753L,中信中國50正2,15,0,15,凱基-士林,2024-02-02,9238
3390,旭軟,15,0,15,凱基-士林,2024-02-02,9238
3711,日月光投控,20,5,15,凱基-士林,2024-02-02,9238
2603,長榮,15,1,14,凱基-士林,2024-02-02,9238
1504,東元,14,0,14,凱基-士林,2024-02-02,9238
2377,微星,19,6,13,凱基-士林,2024-02-02,9238
3260,威剛,12,0,12,凱基-士林,2024-02-02,9238
8085,福華,13,1,12,凱基-士林,2024-02-02,9238
00918,大華優利高填息30,14,3,11,凱基-士林,2024-02-02,9238
1609,大亞,11,0,11,凱基-士林,2024-02-02,9238
1815,富喬,11,0,11,凱基-士林,2024-02-02,9238
2352,佳世達,11,0,11,凱基-士林,2024-02-02,9238
00712,復華富時不動產,11,0,11,凱基-士林,2024-02-02,9238
00687B,國泰20年美債,13,3,10,凱基-士林,2024-02-02,9238
2442,新美齊,10,0,10,凱基-士林,2024-02-02,9238
2476,鉅祥,10,0,10,凱基-士林,2024-02-02,9238
2801,彰銀,10,0,10,凱基-士林,2024-02-02,9238
2892,第一金,10,0,10,凱基-士林,2024-02-02,9238
3033,威健,10,0,10,凱基-士林,2024-02-02,9238
3050,鈺德,13,3,10,凱基-士林,2024-02-02,9238
5258,虹堡,50,40,10,凱基-士林,2024-02-02,9238
2344,華邦電,11,2,9,凱基-士林,2024-02-02,9238
00720B,元大投資級公司債,150,10,140,凱基-士林,2024-02-05,9238
00751B,元大AAA至A公司債,124,30,94,凱基-士林,2024-02-05,9238
00715L,期街口布蘭特正2,71,0,71,凱基-士林,2024-02-05,9238
2301,光寶科,72,2,70,凱基-士林,2024-02-05,9238
00933B,國泰10Y+金融債,68,0,68,凱基-士林,2024-02-05,9238
6185,幃翔,50,0,50,凱基-士林,2024-02-05,9238
00636,國泰中國A50,50,1,49,凱基-士林,2024-02-05,9238
00937B,群益ESG投等債20,49,5,44,凱基-士林,2024-02-05,9238
00891,中信關鍵半導體,34,0,34,凱基-士林,2024-02-05,9238
00904,新光臺灣半導體30,30,0,30,凱基-士林,2024-02-05,9238
3036,文曄,47,18,29,凱基-士林,2024-02-05,9238
2365,昆盈,36,8,28,凱基-士林,2024-02-05,9238
2615,萬海,26,0,26,凱基-士林,2024-02-05,9238
3094,聯傑,25,0,25,凱基-士林,2024-02-05,9238
00679B,元大美債20年,40,16,24,凱基-士林,2024-02-05,9238
3530,晶相光,24,1,23,凱基-士林,2024-02-05,9238
2331,精英,21,0,21,凱基-士林,2024-02-05,9238
2312,金寶,20,0,20,凱基-士林,2024-02-05,9238
3481,群創,27,7,20,凱基-士林,2024-02-05,9238
5457,宣德,20,0,20,凱基-士林,2024-02-05,9238
2303,聯電,24,5,19,凱基-士林,2024-02-05,9238
4739,康普,17,0,17,凱基-士林,2024-02-05,9238
00687B,國泰20年美債,18,3,15,凱基-士林,2024-02-05,9238
00762,元大全球AI,15,0,15,凱基-士林,2024-02-05,9238
3050,鈺德,15,0,15,凱基-士林,2024-02-05,9238
00757,統一FANG+,14,0,14,凱基-士林,2024-02-05,9238
8085,福華,17,5,12,凱基-士林,2024-02-05,9238
1316,上曜,11,0,11,凱基-士林,2024-02-05,9238
1514,亞力,11,0,11,凱基-士林,2024-02-05,9238
0056,元大高股息,30,19,11,凱基-士林,2024-02-05,9238
1108,幸福,10,0,10,凱基-士林,2024-02-05,9238
2025,千興,10,0,10,凱基-士林,2024-02-05,9238
3535,晶彩科,10,0,10,凱基-士林,2024-02-05,9238
5289,宜鼎,10,0,10,凱基-士林,2024-02-05,9238
5521,工信,10,0,10,凱基-士林,2024-02-05,9238
3615,安可,10,1,9,凱基-士林,2024-02-05,9238
00650L,復華香港正2,8,0,8,凱基-士林,2024-02-05,9238
2610,華航,9,1,8,凱基-士林,2024-02-05,9238
4906,正文,10,2,8,凱基-士林,2024-02-05,9238
6806,森崴能源,8,0,8,凱基-士林,2024-02-05,9238
8390,金益鼎,8,0,8,凱基-士林,2024-02-05,9238
6202,盛群,7,0,7,凱基-士林,2024-02-05,9238
6589,台康生技,7,0,7,凱基-士林,2024-02-05,9238
2356,英業達,31,24,7,凱基-士林,2024-02-05,9238
8105,凌巨,7,0,7,凱基-士林,2024-02-05,9238
2363,矽統,6,0,6,凱基-士林,2024-02-05,9238
00935,野村臺灣新科技50,6,0,6,凱基-士林,2024-02-05,9238
2405,輔信,6,0,6,凱基-士林,2024-02-05,9238
6005,群益證,6,0,6,凱基-士林,2024-02-05,9238
6271,同欣電,6,0,6,凱基-士林,2024-02-05,9238
00937B,群益ESG投等債20,316,0,316,凱基-士林,2024-02-15,9238
00688L,國泰20年美債正2,157,0,157,凱基-士林,2024-02-15,9238
2641,正德,150,0,150,凱基-士林,2024-02-15,9238
00933B,國泰10Y+金融債,99,0,99,凱基-士林,2024-02-15,9238
00673R,期元大S＆P原油反1,71,0,71,凱基-士林,2024-02-15,9238
00680L,元大美債20正2,70,0,70,凱基-士林,2024-02-15,9238
00751B,元大AAA至A公司債,69,0,69,凱基-士林,2024-02-15,9238
00720B,元大投資級公司債,60,0,60,凱基-士林,2024-02-15,9238
00687B,國泰20年美債,71,14,57,凱基-士林,2024-02-15,9238
00676R,富邦臺灣加權反1,55,0,55,凱基-士林,2024-02-15,9238
1815,富喬,113,61,52,凱基-士林,2024-02-15,9238
00655L,國泰中國A50正2,53,3,50,凱基-士林,2024-02-15,9238
00632R,元大台灣50反1,48,0,48,凱基-士林,2024-02-15,9238
4714,永捷,52,7,45,凱基-士林,2024-02-15,9238
00633L,富邦上証正2,53,9,44,凱基-士林,2024-02-15,9238
4303,信立,40,0,40,凱基-士林,2024-02-15,9238
5521,工信,40,0,40,凱基-士林,2024-02-15,9238
6185,幃翔,40,0,40,凱基-士林,2024-02-15,9238
2543,皇昌,40,1,39,凱基-士林,2024-02-15,9238
00679B,元大美債20年,38,1,37,凱基-士林,2024-02-15,9238
2344,華邦電,87,52,35,凱基-士林,2024-02-15,9238
2061,風青,35,0,35,凱基-士林,2024-02-15,9238
2409,友達,36,1,35,凱基-士林,2024-02-15,9238
3294,英濟,48,13,35,凱基-士林,2024-02-15,9238
00712,復華富時不動產,48,15,33,凱基-士林,2024-02-15,9238
2324,仁寶,42,10,32,凱基-士林,2024-02-15,9238
2329,華泰,67,36,31,凱基-士林,2024-02-15,9238
1101,台泥,29,1,28,凱基-士林,2024-02-15,9238
2888,新光金,28,0,28,凱基-士林,2024-02-15,9238
1316,上曜,25,0,25,凱基-士林,2024-02-15,9238
6245,立端,24,0,24,凱基-士林,2024-02-15,9238
6180,橘子,23,0,23,凱基-士林,2024-02-15,9238
2408,南亞科,28,6,22,凱基-士林,2024-02-15,9238
2612,中航,20,0,20,凱基-士林,2024-02-15,9238
2838,聯邦銀,20,0,20,凱基-士林,2024-02-15,9238
3290,東浦,20,0,20,凱基-士林,2024-02-15,9238
00772B,中信高評級公司債,16,0,16,凱基-士林,2024-02-15,9238
00706L,期元大S＆P日圓正2,15,0,15,凱基-士林,2024-02-15,9238
6288,聯嘉,20,5,15,凱基-士林,2024-02-15,9238
3481,群創,41,27,14,凱基-士林,2024-02-15,9238
5490,同亨,12,0,12,凱基-士林,2024-02-15,9238
006208,富邦台50,21,10,11,凱基-士林,2024-02-15,9238
2883,凱基金,29,18,11,凱基-士林,2024-02-15,9238
1513,中興電,11,0,11,凱基-士林,2024-02-15,9238
00918,大華優利高填息30,19,8,11,凱基-士林,2024-02-15,9238
6770,力積電,11,0,11,凱基-士林,2024-02-15,9238
9925,新保,11,0,11,凱基-士林,2024-02-15,9238
00900,富邦特選高股息30,11,0,11,凱基-士林,2024-02-15,9238
3036,文曄,10,0,10,凱基-士林,2024-02-15,9238
00650L,復華香港正2,16,6,10,凱基-士林,2024-02-15,9238
00637L,元大滬深300正2,168,8,160,凱基-士林,2024-02-16,9238
2371,大同,194,55,139,凱基-士林,2024-02-16,9238
2329,華泰,128,7,121,凱基-士林,2024-02-16,9238
00720B,元大投資級公司債,105,0,105,凱基-士林,2024-02-16,9238
00688L,國泰20年美債正2,94,0,94,凱基-士林,2024-02-16,9238
00673R,期元大S＆P原油反1,82,0,82,凱基-士林,2024-02-16,9238
00904,新光臺灣半導體30,102,20,82,凱基-士林,2024-02-16,9238
00931B,統一美債20年,63,0,63,凱基-士林,2024-02-16,9238
2405,輔信,64,3,61,凱基-士林,2024-02-16,9238
6188,廣明,50,0,50,凱基-士林,2024-02-16,9238
00929,復華台灣科技優息,144,95,49,凱基-士林,2024-02-16,9238
00937B,群益ESG投等債20,43,0,43,凱基-士林,2024-02-16,9238
00919,群益台灣精選高息,61,22,39,凱基-士林,2024-02-16,9238
2408,南亞科,48,13,35,凱基-士林,2024-02-16,9238
00680L,元大美債20正2,34,0,34,凱基-士林,2024-02-16,9238
2367,燿華,35,2,33,凱基-士林,2024-02-16,9238
1608,華榮,32,0,32,凱基-士林,2024-02-16,9238
1316,上曜,30,0,30,凱基-士林,2024-02-16,9238
2331,精英,60,30,30,凱基-士林,2024-02-16,9238
00878,國泰永續高股息,44,14,30,凱基-士林,2024-02-16,9238
5425,台半,29,0,29,凱基-士林,2024-02-16,9238
00772B,中信高評級公司債,28,0,28,凱基-士林,2024-02-16,9238
2891,中信金,28,0,28,凱基-士林,2024-02-16,9238
00933B,國泰10Y+金融債,26,0,26,凱基-士林,2024-02-16,9238
3294,英濟,26,0,26,凱基-士林,2024-02-16,9238
2353,宏��,91,67,24,凱基-士林,2024-02-16,9238
2882,國泰金,23,0,23,凱基-士林,2024-02-16,9238
00679B,元大美債20年,30,7,23,凱基-士林,2024-02-16,9238
00751B,元大AAA至A公司債,22,0,22,凱基-士林,2024-02-16,9238
3017,奇鋐,28,8,20,凱基-士林,2024-02-16,9238
2228,劍麟,20,0,20,凱基-士林,2024-02-16,9238
2611,志信,20,0,20,凱基-士林,2024-02-16,9238
2303,聯電,21,1,20,凱基-士林,2024-02-16,9238
00687B,國泰20年美債,27,8,19,凱基-士林,2024-02-16,9238
2347,聯強,20,1,19,凱基-士林,2024-02-16,9238
2363,矽統,24,5,19,凱基-士林,2024-02-16,9238
00712,復華富時不動產,28,10,18,凱基-士林,2024-02-16,9238
00795B,中信美國公債20年,17,0,17,凱基-士林,2024-02-16,9238
2617,台航,15,0,15,凱基-士林,2024-02-16,9238
4120,友華,15,0,15,凱基-士林,2024-02-16,9238
8039,台虹,15,0,15,凱基-士林,2024-02-16,9238
8927,北基,15,0,15,凱基-士林,2024-02-16,9238
8429,金麗-KY,15,0,15,凱基-士林,2024-02-16,9238
1815,富喬,46,32,14,凱基-士林,2024-02-16,9238
2887,台新金,14,0,14,凱基-士林,2024-02-16,9238
4979,華星光,16,2,14,凱基-士林,2024-02-16,9238
6245,立端,14,0,14,凱基-士林,2024-02-16,9238
00891,中信關鍵半導體,14,1,13,凱基-士林,2024-02-16,9238
1802,台玻,20,7,13,凱基-士林,2024-02-16,9238
3363,上詮,18,5,13,凱基-士林,2024-02-16,9238
00937B,群益ESG投等債20,301,10,291,凱基-士林,2024-02-19,9238
1815,富喬,130,19,111,凱基-士林,2024-02-19,9238
2515,中工,122,13,109,凱基-士林,2024-02-19,9238
2408,南亞科,100,3,97,凱基-士林,2024-02-19,9238
00679B,元大美債20年,94,0,94,凱基-士林,2024-02-19,9238
2353,宏��,100,17,83,凱基-士林,2024-02-19,9238
00687B,國泰20年美債,74,2,72,凱基-士林,2024-02-19,9238
2882,國泰金,88,18,70,凱基-士林,2024-02-19,9238
8028,昇陽半導體,103,35,68,凱基-士林,2024-02-19,9238
4563,百德,55,0,55,凱基-士林,2024-02-19,9238
6271,同欣電,52,0,52,凱基-士林,2024-02-19,9238
5426,振發,58,16,42,凱基-士林,2024-02-19,9238
4303,信立,40,0,40,凱基-士林,2024-02-19,9238
2324,仁寶,37,2,35,凱基-士林,2024-02-19,9238
2457,飛宏,60,28,32,凱基-士林,2024-02-19,9238
2883,凱基金,42,12,30,凱基-士林,2024-02-19,9238
6126,信音,34,4,30,凱基-士林,2024-02-19,9238
2201,裕隆,45,18,27,凱基-士林,2024-02-19,9238
5425,台半,26,0,26,凱基-士林,2024-02-19,9238
6425,易發,26,0,26,凱基-士林,2024-02-19,9238
8096,擎亞,27,1,26,凱基-士林,2024-02-19,9238
00919,群益台灣精選高息,27,2,25,凱基-士林,2024-02-19,9238
00878,國泰永續高股息,27,3,24,凱基-士林,2024-02-19,9238
2365,昆盈,44,20,24,凱基-士林,2024-02-19,9238
00633L,富邦上証正2,31,10,21,凱基-士林,2024-02-19,9238
00632R,元大台灣50反1,21,0,21,凱基-士林,2024-02-19,9238
00933B,國泰10Y+金融債,26,5,21,凱基-士林,2024-02-19,9238
00665L,富邦�琤肭磪囓�2,40,20,20,凱基-士林,2024-02-19,9238
00927,群益半導體收益,20,0,20,凱基-士林,2024-02-19,9238
6122,擎邦,20,0,20,凱基-士林,2024-02-19,9238
6180,橘子,21,1,20,凱基-士林,2024-02-19,9238
1590,亞德客-KY,20,0,20,凱基-士林,2024-02-19,9238
3024,憶聲,18,0,18,凱基-士林,2024-02-19,9238
6173,信昌電,18,0,18,凱基-士林,2024-02-19,9238
1514,亞力,26,10,16,凱基-士林,2024-02-19,9238
5880,合庫金,15,0,15,凱基-士林,2024-02-19,9238
6695,芯鼎,16,1,15,凱基-士林,2024-02-19,9238
6770,力積電,16,1,15,凱基-士林,2024-02-19,9238
8215,明基材,25,10,15,凱基-士林,2024-02-19,9238
2465,麗臺,17,3,14,凱基-士林,2024-02-19,9238
3615,安可,14,0,14,凱基-士林,2024-02-19,9238
6139,亞翔,27,13,14,凱基-士林,2024-02-19,9238
8926,台汽電,14,1,13,凱基-士林,2024-02-19,9238
6282,康舒,42,29,13,凱基-士林,2024-02-19,9238
2303,聯電,26,14,12,凱基-士林,2024-02-19,9238
2356,英業達,30,18,12,凱基-士林,2024-02-19,9238
00753L,中信中國50正2,24,12,12,凱基-士林,2024-02-19,9238
6753,龍德造船,12,0,12,凱基-士林,2024-02-19,9238
00636,國泰中國A50,11,0,11,凱基-士林,2024-02-19,9238
5443,均豪,13,2,11,凱基-士林,2024-02-19,9238
2371,大同,241,103,138,凱基-士林,2024-02-20,9238
2365,昆盈,109,22,87,凱基-士林,2024-02-20,9238
4303,信立,65,0,65,凱基-士林,2024-02-20,9238
6188,廣明,72,11,61,凱基-士林,2024-02-20,9238
00673R,期元大S＆P原油反1,59,0,59,凱基-士林,2024-02-20,9238
00680L,元大美債20正2,58,0,58,凱基-士林,2024-02-20,9238
00900,富邦特選高股息30,60,6,54,凱基-士林,2024-02-20,9238
00878,國泰永續高股息,77,29,48,凱基-士林,2024-02-20,9238
3017,奇鋐,46,3,43,凱基-士林,2024-02-20,9238
6282,康舒,115,72,43,凱基-士林,2024-02-20,9238
00937B,群益ESG投等債20,37,0,37,凱基-士林,2024-02-20,9238
00676R,富邦臺灣加權反1,36,0,36,凱基-士林,2024-02-20,9238
00688L,國泰20年美債正2,36,0,36,凱基-士林,2024-02-20,9238
3231,緯創,49,14,35,凱基-士林,2024-02-20,9238
2344,華邦電,35,0,35,凱基-士林,2024-02-20,9238
00655L,國泰中國A50正2,33,0,33,凱基-士林,2024-02-20,9238
00933B,國泰10Y+金融債,33,0,33,凱基-士林,2024-02-20,9238
2460,建通,32,2,30,凱基-士林,2024-02-20,9238
2609,陽明,46,16,30,凱基-士林,2024-02-20,9238
2605,新興,30,4,26,凱基-士林,2024-02-20,9238
4167,松瑞藥,25,0,25,凱基-士林,2024-02-20,9238
2317,鴻海,33,9,24,凱基-士林,2024-02-20,9238
1618,合機,20,0,20,凱基-士林,2024-02-20,9238
1721,三晃,20,0,20,凱基-士林,2024-02-20,9238
1810,和成,20,0,20,凱基-士林,2024-02-20,9238
2427,三商電,20,0,20,凱基-士林,2024-02-20,9238
4142,國光生,20,0,20,凱基-士林,2024-02-20,9238
3481,群創,40,20,20,凱基-士林,2024-02-20,9238
6770,力積電,23,4,19,凱基-士林,2024-02-20,9238
00679B,元大美債20年,25,7,18,凱基-士林,2024-02-20,9238
00753L,中信中國50正2,23,5,18,凱基-士林,2024-02-20,9238
3036,文曄,17,0,17,凱基-士林,2024-02-20,9238
8110,華東,23,7,16,凱基-士林,2024-02-20,9238
00927,群益半導體收益,15,0,15,凱基-士林,2024-02-20,9238
2489,瑞軒,29,14,15,凱基-士林,2024-02-20,9238
3615,安可,15,0,15,凱基-士林,2024-02-20,9238
4714,永捷,162,147,15,凱基-士林,2024-02-20,9238
4726,永昕,15,0,15,凱基-士林,2024-02-20,9238
5426,振發,22,7,15,凱基-士林,2024-02-20,9238
8473,山林水,15,0,15,凱基-士林,2024-02-20,9238
6141,柏承,14,0,14,凱基-士林,2024-02-20,9238
1504,東元,22,9,13,凱基-士林,2024-02-20,9238
00712,復華富時不動產,12,0,12,凱基-士林,2024-02-20,9238
8215,明基材,23,11,12,凱基-士林,2024-02-20,9238
3227,原相,11,0,11,凱基-士林,2024-02-20,9238
2103,台橡,11,0,11,凱基-士林,2024-02-20,9238
2617,台航,11,0,11,凱基-士林,2024-02-20,9238
8086,宏捷科,16,5,11,凱基-士林,2024-02-20,9238
2376,技嘉,17,7,10,凱基-士林,2024-02-20,9238
6189,豐藝,10,0,10,凱基-士林,2024-02-20,9238
2515,中工,171,8,163,凱基-士林,2024-02-21,9238
00933B,國泰10Y+金融債,133,20,113,凱基-士林,2024-02-21,9238
6282,康舒,104,21,83,凱基-士林,2024-02-21,9238
00878,國泰永續高股息,119,50,69,凱基-士林,2024-02-21,9238
00937B,群益ESG投等債20,57,0,57,凱基-士林,2024-02-21,9238
9105,泰金寶-DR,109,53,56,凱基-士林,2024-02-21,9238
00673R,期元大S＆P原油反1,50,0,50,凱基-士林,2024-02-21,9238
00935,野村臺灣新科技50,50,0,50,凱基-士林,2024-02-21,9238
4563,百德,50,0,50,凱基-士林,2024-02-21,9238
00687B,國泰20年美債,40,0,40,凱基-士林,2024-02-21,9238
1316,上曜,40,1,39,凱基-士林,2024-02-21,9238
2353,宏��,48,10,38,凱基-士林,2024-02-21,9238
00919,群益台灣精選高息,45,9,36,凱基-士林,2024-02-21,9238
2331,精英,37,2,35,凱基-士林,2024-02-21,9238
6188,廣明,32,0,32,凱基-士林,2024-02-21,9238
00637L,元大滬深300正2,242,212,30,凱基-士林,2024-02-21,9238
3313,斐成,35,5,30,凱基-士林,2024-02-21,9238
3437,榮創,27,0,27,凱基-士林,2024-02-21,9238
2609,陽明,101,75,26,凱基-士林,2024-02-21,9238
3035,智原,34,9,25,凱基-士林,2024-02-21,9238
1802,台玻,30,5,25,凱基-士林,2024-02-21,9238
3047,訊舟,32,7,25,凱基-士林,2024-02-21,9238
2606,裕民,28,4,24,凱基-士林,2024-02-21,9238
2303,聯電,23,0,23,凱基-士林,2024-02-21,9238
00929,復華台灣科技優息,23,3,20,凱基-士林,2024-02-21,9238
1608,華榮,20,0,20,凱基-士林,2024-02-21,9238
3202,樺晟,20,0,20,凱基-士林,2024-02-21,9238
5258,虹堡,33,13,20,凱基-士林,2024-02-21,9238
6134,萬旭,20,0,20,凱基-士林,2024-02-21,9238
8473,山林水,20,0,20,凱基-士林,2024-02-21,9238
1305,華夏,20,1,19,凱基-士林,2024-02-21,9238
3481,群創,18,0,18,凱基-士林,2024-02-21,9238
00655L,國泰中國A50正2,40,22,18,凱基-士林,2024-02-21,9238
00633L,富邦上証正2,25,8,17,凱基-士林,2024-02-21,9238
6770,力積電,21,5,16,凱基-士林,2024-02-21,9238
5289,宜鼎,16,0,16,凱基-士林,2024-02-21,9238
3703,欣陸,15,0,15,凱基-士林,2024-02-21,9238
00680L,元大美債20正2,13,0,13,凱基-士林,2024-02-21,9238
2484,希華,31,18,13,凱基-士林,2024-02-21,9238
6174,安��,15,2,13,凱基-士林,2024-02-21,9238
1717,長興,13,1,12,凱基-士林,2024-02-21,9238
1808,潤隆,12,0,12,凱基-士林,2024-02-21,9238
3363,上詮,33,21,12,凱基-士林,2024-02-21,9238
2313,華通,15,4,11,凱基-士林,2024-02-21,9238
2887,台新金,11,0,11,凱基-士林,2024-02-21,9238
3078,僑威,11,0,11,凱基-士林,2024-02-21,9238
6005,群益證,11,0,11,凱基-士林,2024-02-21,9238
00756B,群益投等新興公債,10,0,10,凱基-士林,2024-02-21,9238
00764B,群益25年美債,10,0,10,凱基-士林,2024-02-21,9238
00690,兆豐藍籌30,10,0,10,凱基-士林,2024-02-21,9238
00637L,元大滬深300正2,413,272,141,凱基-士林,2024-02-22,9238
6227,茂綸,139,9,130,凱基-士林,2024-02-22,9238
00904,新光臺灣半導體30,100,0,100,凱基-士林,2024-02-22,9238
2303,聯電,75,6,69,凱基-士林,2024-02-22,9238
6282,康舒,63,1,62,凱基-士林,2024-02-22,9238
6186,新潤,56,0,56,凱基-士林,2024-02-22,9238
2489,瑞軒,51,4,47,凱基-士林,2024-02-22,9238
8110,華東,51,8,43,凱基-士林,2024-02-22,9238
2329,華泰,111,69,42,凱基-士林,2024-02-22,9238
00687B,國泰20年美債,41,0,41,凱基-士林,2024-02-22,9238
00878,國泰永續高股息,37,3,34,凱基-士林,2024-02-22,9238
00937B,群益ESG投等債20,33,0,33,凱基-士林,2024-02-22,9238
2883,凱基金,32,0,32,凱基-士林,2024-02-22,9238
8086,宏捷科,38,6,32,凱基-士林,2024-02-22,9238
00919,群益台灣精選高息,41,10,31,凱基-士林,2024-02-22,9238
00700,富邦�琤肭磪�,30,0,30,凱基-士林,2024-02-22,9238
2025,千興,30,0,30,凱基-士林,2024-02-22,9238
2421,建準,30,3,27,凱基-士林,2024-02-22,9238
00679B,元大美債20年,26,0,26,凱基-士林,2024-02-22,9238
8926,台汽電,54,29,25,凱基-士林,2024-02-22,9238
1529,樂事綠能,24,0,24,凱基-士林,2024-02-22,9238
3715,定穎投控,25,1,24,凱基-士林,2024-02-22,9238
00933B,國泰10Y+金融債,24,1,23,凱基-士林,2024-02-22,9238
8028,昇陽半導體,33,10,23,凱基-士林,2024-02-22,9238
2515,中工,22,0,22,凱基-士林,2024-02-22,9238
00712,復華富時不動產,21,0,21,凱基-士林,2024-02-22,9238
006208,富邦台50,23,2,21,凱基-士林,2024-02-22,9238
2208,台船,22,1,21,凱基-士林,2024-02-22,9238
2312,金寶,22,1,21,凱基-士林,2024-02-22,9238
9105,泰金寶-DR,41,20,21,凱基-士林,2024-02-22,9238
2376,技嘉,31,10,21,凱基-士林,2024-02-22,9238
00676R,富邦臺灣加權反1,20,0,20,凱基-士林,2024-02-22,9238
9945,潤泰新,23,3,20,凱基-士林,2024-02-22,9238
3588,通嘉,23,3,20,凱基-士林,2024-02-22,9238
00636,國泰中國A50,20,1,19,凱基-士林,2024-02-22,9238
1471,首利,20,1,19,凱基-士林,2024-02-22,9238
1513,中興電,23,5,18,凱基-士林,2024-02-22,9238
1618,合機,36,18,18,凱基-士林,2024-02-22,9238
4714,永捷,36,18,18,凱基-士林,2024-02-22,9238
4933,友輝,18,0,18,凱基-士林,2024-02-22,9238
6126,信音,27,10,17,凱基-士林,2024-02-22,9238
8182,加高,19,2,17,凱基-士林,2024-02-22,9238
6438,迅得,16,0,16,凱基-士林,2024-02-22,9238
5465,富驊,15,0,15,凱基-士林,2024-02-22,9238
00753L,中信中國50正2,30,16,14,凱基-士林,2024-02-22,9238
2618,長榮航,14,0,14,凱基-士林,2024-02-22,9238
3481,群創,17,3,14,凱基-士林,2024-02-22,9238
1316,上曜,31,19,12,凱基-士林,2024-02-22,9238
1560,中砂,14,2,12,凱基-士林,2024-02-22,9238
6139,亞翔,12,0,12,凱基-士林,2024-02-22,9238
1605,華新,208,0,208,凱基-士林,2024-02-23,9238
00637L,元大滬深300正2,200,0,200,凱基-士林,2024-02-23,9238
3033,威健,180,6,174,凱基-士林,2024-02-23,9238
00753L,中信中國50正2,108,14,94,凱基-士林,2024-02-23,9238
00919,群益台灣精選高息,87,4,83,凱基-士林,2024-02-23,9238
00937B,群益ESG投等債20,59,0,59,凱基-士林,2024-02-23,9238
2313,華通,71,24,47,凱基-士林,2024-02-23,9238
6167,久正,54,7,47,凱基-士林,2024-02-23,9238
2329,華泰,148,102,46,凱基-士林,2024-02-23,9238
1560,中砂,72,27,45,凱基-士林,2024-02-23,9238
00878,國泰永續高股息,53,11,42,凱基-士林,2024-02-23,9238
2032,新鋼,40,0,40,凱基-士林,2024-02-23,9238
8105,凌巨,40,0,40,凱基-士林,2024-02-23,9238
00923,群益台ESG低碳50,35,1,34,凱基-士林,2024-02-23,9238
00687B,國泰20年美債,33,0,33,凱基-士林,2024-02-23,9238
2408,南亞科,35,2,33,凱基-士林,2024-02-23,9238
00655L,國泰中國A50正2,33,0,33,凱基-士林,2024-02-23,9238
3122,笙泉,33,0,33,凱基-士林,2024-02-23,9238
6182,合晶,33,1,32,凱基-士林,2024-02-23,9238
3703,欣陸,30,0,30,凱基-士林,2024-02-23,9238
00633L,富邦上証正2,30,0,30,凱基-士林,2024-02-23,9238
00933B,國泰10Y+金融債,30,0,30,凱基-士林,2024-02-23,9238
5531,鄉林,30,0,30,凱基-士林,2024-02-23,9238
6290,良維,97,70,27,凱基-士林,2024-02-23,9238
2355,敬鵬,33,7,26,凱基-士林,2024-02-23,9238
5381,合正,27,1,26,凱基-士林,2024-02-23,9238
6133,金橋,26,0,26,凱基-士林,2024-02-23,9238
2888,新光金,25,0,25,凱基-士林,2024-02-23,9238
9945,潤泰新,25,0,25,凱基-士林,2024-02-23,9238
2353,宏��,37,14,23,凱基-士林,2024-02-23,9238
00891,中信關鍵半導體,22,0,22,凱基-士林,2024-02-23,9238
3231,緯創,38,17,21,凱基-士林,2024-02-23,9238
3437,榮創,32,11,21,凱基-士林,2024-02-23,9238
1314,中石化,20,0,20,凱基-士林,2024-02-23,9238
6186,新潤,20,0,20,凱基-士林,2024-02-23,9238
8215,明基材,22,2,20,凱基-士林,2024-02-23,9238
0056,元大高股息,21,3,18,凱基-士林,2024-02-23,9238
1101,台泥,33,16,17,凱基-士林,2024-02-23,9238
8064,東捷,43,26,17,凱基-士林,2024-02-23,9238
6112,邁達特,16,0,16,凱基-士林,2024-02-23,9238
6147,頎邦,39,23,16,凱基-士林,2024-02-23,9238
2539,櫻花建,15,0,15,凱基-士林,2024-02-23,9238
4906,正文,20,5,15,凱基-士林,2024-02-23,9238
6227,茂綸,58,43,15,凱基-士林,2024-02-23,9238
2610,華航,15,0,15,凱基-士林,2024-02-23,9238
00934,中信成長高股息,15,2,13,凱基-士林,2024-02-23,9238
2618,長榮航,19,7,12,凱基-士林,2024-02-23,9238
2002,中鋼,12,0,12,凱基-士林,2024-02-23,9238
1612,宏泰,12,0,12,凱基-士林,2024-02-23,9238
3044,健鼎,12,0,12,凱基-士林,2024-02-23,9238
00637L,元大滬深300正2,325,30,295,凱基-士林,2024-02-26,9238
00937B,群益ESG投等債20,142,0,142,凱基-士林,2024-02-26,9238
00655L,國泰中國A50正2,137,7,130,凱基-士林,2024-02-26,9238
1447,力鵬,75,0,75,凱基-士林,2024-02-26,9238
8085,福華,55,0,55,凱基-士林,2024-02-26,9238
1560,中砂,54,2,52,凱基-士林,2024-02-26,9238
5880,合庫金,51,0,51,凱基-士林,2024-02-26,9238
4526,東台,61,10,51,凱基-士林,2024-02-26,9238
2208,台船,50,0,50,凱基-士林,2024-02-26,9238
00929,復華台灣科技優息,102,52,50,凱基-士林,2024-02-26,9238
00878,國泰永續高股息,117,70,47,凱基-士林,2024-02-26,9238
1815,富喬,46,0,46,凱基-士林,2024-02-26,9238
00633L,富邦上証正2,44,0,44,凱基-士林,2024-02-26,9238
8383,千附,48,4,44,凱基-士林,2024-02-26,9238
3231,緯創,50,12,38,凱基-士林,2024-02-26,9238
2399,映泰,44,10,34,凱基-士林,2024-02-26,9238
2363,矽統,40,6,34,凱基-士林,2024-02-26,9238
6695,芯鼎,33,6,27,凱基-士林,2024-02-26,9238
3689,湧德,28,3,25,凱基-士林,2024-02-26,9238
6285,啟��,37,14,23,凱基-士林,2024-02-26,9238
2032,新鋼,22,0,22,凱基-士林,2024-02-26,9238
2312,金寶,22,0,22,凱基-士林,2024-02-26,9238
2344,華邦電,31,10,21,凱基-士林,2024-02-26,9238
2884,玉山金,21,0,21,凱基-士林,2024-02-26,9238
6188,廣明,22,1,21,凱基-士林,2024-02-26,9238
3221,台嘉碩,22,2,20,凱基-士林,2024-02-26,9238
8147,正淩,20,0,20,凱基-士林,2024-02-26,9238
2888,新光金,19,0,19,凱基-士林,2024-02-26,9238
2605,新興,28,9,19,凱基-士林,2024-02-26,9238
00882,中信中國高股息,19,3,16,凱基-士林,2024-02-26,9238
00650L,復華香港正2,16,0,16,凱基-士林,2024-02-26,9238
2002,中鋼,15,1,14,凱基-士林,2024-02-26,9238
5443,均豪,14,0,14,凱基-士林,2024-02-26,9238
4906,正文,14,1,13,凱基-士林,2024-02-26,9238
1710,東聯,22,10,12,凱基-士林,2024-02-26,9238
2303,聯電,12,1,11,凱基-士林,2024-02-26,9238
00665L,富邦�琤肭磪囓�2,20,10,10,凱基-士林,2024-02-26,9238
00706L,期元大S＆P日圓正2,10,0,10,凱基-士林,2024-02-26,9238
1440,南紡,10,0,10,凱基-士林,2024-02-26,9238
1802,台玻,10,0,10,凱基-士林,2024-02-26,9238
2404,漢唐,11,1,10,凱基-士林,2024-02-26,9238
3499,環天科,10,0,10,凱基-士林,2024-02-26,9238
5289,宜鼎,10,0,10,凱基-士林,2024-02-26,9238
5701,劍湖山,10,0,10,凱基-士林,2024-02-26,9238
8429,金麗-KY,10,0,10,凱基-士林,2024-02-26,9238
00919,群益台灣精選高息,16,6,10,凱基-士林,2024-02-26,9238
1720,生達,10,1,9,凱基-士林,2024-02-26,9238
1316,上曜,16,8,8,凱基-士林,2024-02-26,9238
2101,南港,7,0,7,凱基-士林,2024-02-26,9238
2369,菱生,7,0,7,凱基-士林,2024-02-26,9238
2331,精英,421,0,421,凱基-士林,2024-02-27,9238
2371,大同,156,9,147,凱基-士林,2024-02-27,9238
4915,致伸,100,1,99,凱基-士林,2024-02-27,9238
8085,福華,138,45,93,凱基-士林,2024-02-27,9238
00937B,群益ESG投等債20,85,0,85,凱基-士林,2024-02-27,9238
6237,驊訊,86,12,74,凱基-士林,2024-02-27,9238
00878,國泰永續高股息,77,11,66,凱基-士林,2024-02-27,9238
1316,上曜,80,14,66,凱基-士林,2024-02-27,9238
00673R,期元大S＆P原油反1,56,0,56,凱基-士林,2024-02-27,9238
1447,力鵬,51,0,51,凱基-士林,2024-02-27,9238
00632R,元大台灣50反1,50,0,50,凱基-士林,2024-02-27,9238
5487,通泰,50,0,50,凱基-士林,2024-02-27,9238
8047,星雲,67,19,48,凱基-士林,2024-02-27,9238
1101,台泥,50,4,46,凱基-士林,2024-02-27,9238
00688L,國泰20年美債正2,41,0,41,凱基-士林,2024-02-27,9238
3576,聯合再生,40,0,40,凱基-士林,2024-02-27,9238
6226,光鼎,40,1,39,凱基-士林,2024-02-27,9238
00680L,元大美債20正2,46,9,37,凱基-士林,2024-02-27,9238
3163,波若威,84,49,35,凱基-士林,2024-02-27,9238
00633L,富邦上証正2,40,6,34,凱基-士林,2024-02-27,9238
00655L,國泰中國A50正2,33,0,33,凱基-士林,2024-02-27,9238
2025,千興,30,0,30,凱基-士林,2024-02-27,9238
5531,鄉林,30,0,30,凱基-士林,2024-02-27,9238
00687B,國泰20年美債,28,0,28,凱基-士林,2024-02-27,9238
3037,欣興,37,10,27,凱基-士林,2024-02-27,9238
6668,中揚光,31,6,25,凱基-士林,2024-02-27,9238
2356,英業達,40,16,24,凱基-士林,2024-02-27,9238
6684,安格,46,22,24,凱基-士林,2024-02-27,9238
8936,國統,24,1,23,凱基-士林,2024-02-27,9238
2317,鴻海,25,2,23,凱基-士林,2024-02-27,9238
2382,廣達,36,14,22,凱基-士林,2024-02-27,9238
1802,台玻,22,0,22,凱基-士林,2024-02-27,9238
2313,華通,41,19,22,凱基-士林,2024-02-27,9238
00862B,中信投資級公司債,21,0,21,凱基-士林,2024-02-27,9238
00933B,國泰10Y+金融債,21,0,21,凱基-士林,2024-02-27,9238
3231,緯創,38,18,20,凱基-士林,2024-02-27,9238
5381,合正,31,11,20,凱基-士林,2024-02-27,9238
00637L,元大滬深300正2,63,43,20,凱基-士林,2024-02-27,9238
1414,東和,20,0,20,凱基-士林,2024-02-27,9238
2449,京元電子,20,0,20,凱基-士林,2024-02-27,9238
3437,榮創,22,6,16,凱基-士林,2024-02-27,9238
1314,中石化,57,42,15,凱基-士林,2024-02-27,9238
4147,中裕,23,8,15,凱基-士林,2024-02-27,9238
1529,樂事綠能,16,2,14,凱基-士林,2024-02-27,9238
1609,大亞,16,2,14,凱基-士林,2024-02-27,9238
3402,漢科,15,2,13,凱基-士林,2024-02-27,9238
00918,大華優利高填息30,13,0,13,凱基-士林,2024-02-27,9238
2367,燿華,14,1,13,凱基-士林,2024-02-27,9238
9105,泰金寶-DR,21,8,13,凱基-士林,2024-02-27,9238
3265,台星科,13,1,12,凱基-士林,2024-02-27,9238
6167,久正,260,10,250,凱基-士林,2024-02-29,9238
00655L,國泰中國A50正2,200,0,200,凱基-士林,2024-02-29,9238
00929,復華台灣科技優息,122,6,116,凱基-士林,2024-02-29,9238
2031,新光鋼,100,0,100,凱基-士林,2024-02-29,9238
00919,群益台灣精選高息,101,8,93,凱基-士林,2024-02-29,9238
00937B,群益ESG投等債20,88,0,88,凱基-士林,2024-02-29,9238
00878,國泰永續高股息,85,16,69,凱基-士林,2024-02-29,9238
00673R,期元大S＆P原油反1,50,0,50,凱基-士林,2024-02-29,9238
6282,康舒,77,30,47,凱基-士林,2024-02-29,9238
2331,精英,131,86,45,凱基-士林,2024-02-29,9238
6266,泰詠,50,6,44,凱基-士林,2024-02-29,9238
5347,世界,42,0,42,凱基-士林,2024-02-29,9238
00687B,國泰20年美債,39,0,39,凱基-士林,2024-02-29,9238
6182,合晶,35,0,35,凱基-士林,2024-02-29,9238
9105,泰金寶-DR,34,0,34,凱基-士林,2024-02-29,9238
8112,至上,42,9,33,凱基-士林,2024-02-29,9238
3481,群創,35,5,30,凱基-士林,2024-02-29,9238
2349,錸德,30,0,30,凱基-士林,2024-02-29,9238
5531,鄉林,30,0,30,凱基-士林,2024-02-29,9238
00706L,期元大S＆P日圓正2,30,4,26,凱基-士林,2024-02-29,9238
3540,曜越,28,2,26,凱基-士林,2024-02-29,9238
00772B,中信高評級公司債,25,0,25,凱基-士林,2024-02-29,9238
2301,光寶科,24,1,23,凱基-士林,2024-02-29,9238
6274,台燿,30,7,23,凱基-士林,2024-02-29,9238
8085,福華,63,41,22,凱基-士林,2024-02-29,9238
2884,玉山金,26,5,21,凱基-士林,2024-02-29,9238
6227,茂綸,58,37,21,凱基-士林,2024-02-29,9238
00712,復華富時不動產,22,2,20,凱基-士林,2024-02-29,9238
00651R,復華香港反1,20,0,20,凱基-士林,2024-02-29,9238
00933B,國泰10Y+金融債,21,1,20,凱基-士林,2024-02-29,9238
2367,燿華,20,0,20,凱基-士林,2024-02-29,9238
8028,昇陽半導體,20,0,20,凱基-士林,2024-02-29,9238
2606,裕民,22,3,19,凱基-士林,2024-02-29,9238
00882,中信中國高股息,26,7,19,凱基-士林,2024-02-29,9238
3024,憶聲,18,0,18,凱基-士林,2024-02-29,9238
8473,山林水,40,22,18,凱基-士林,2024-02-29,9238
1503,士電,24,6,18,凱基-士林,2024-02-29,9238
3128,昇銳,16,0,16,凱基-士林,2024-02-29,9238
3499,環天科,21,5,16,凱基-士林,2024-02-29,9238
8926,台汽電,69,53,16,凱基-士林,2024-02-29,9238
1321,大洋,15,0,15,凱基-士林,2024-02-29,9238
5351,鈺創,32,17,15,凱基-士林,2024-02-29,9238
6561,是方,15,0,15,凱基-士林,2024-02-29,9238
2489,瑞軒,12,0,12,凱基-士林,2024-02-29,9238
00650L,復華香港正2,20,8,12,凱基-士林,2024-02-29,9238
1727,中華化,13,1,12,凱基-士林,2024-02-29,9238
2337,旺宏,12,0,12,凱基-士林,2024-02-29,9238
3049,精金,12,0,12,凱基-士林,2024-02-29,9238
3324,雙鴻,31,19,12,凱基-士林,2024-02-29,9238
00680L,元大美債20正2,11,0,11,凱基-士林,2024-02-29,9238
2371,大同,382,147,235,凱基-士林,2024-03-01,9238
00753L,中信中國50正2,200,1,199,凱基-士林,2024-03-01,9238
00918,大華優利高填息30,114,2,112,凱基-士林,2024-03-01,9238
2331,精英,130,23,107,凱基-士林,2024-03-01,9238
00655L,國泰中國A50正2,100,0,100,凱基-士林,2024-03-01,9238
2313,華通,73,4,69,凱基-士林,2024-03-01,9238
1513,中興電,77,13,64,凱基-士林,2024-03-01,9238
5386,青雲,61,0,61,凱基-士林,2024-03-01,9238
2609,陽明,49,3,46,凱基-士林,2024-03-01,9238
6179,亞通,47,7,40,凱基-士林,2024-03-01,9238
3437,榮創,38,0,38,凱基-士林,2024-03-01,9238
2883,凱基金,39,2,37,凱基-士林,2024-03-01,9238
8085,福華,85,49,36,凱基-士林,2024-03-01,9238
2066,世德,35,0,35,凱基-士林,2024-03-01,9238
2421,建準,37,4,33,凱基-士林,2024-03-01,9238
00687B,國泰20年美債,31,0,31,凱基-士林,2024-03-01,9238
3605,宏致,36,5,31,凱基-士林,2024-03-01,9238
8936,國統,31,0,31,凱基-士林,2024-03-01,9238
6799,來頡,34,4,30,凱基-士林,2024-03-01,9238
6165,浪凡,28,0,28,凱基-士林,2024-03-01,9238
00933B,國泰10Y+金融債,31,4,27,凱基-士林,2024-03-01,9238
2409,友達,27,1,26,凱基-士林,2024-03-01,9238
2486,一詮,32,6,26,凱基-士林,2024-03-01,9238
4906,正文,25,0,25,凱基-士林,2024-03-01,9238
2356,英業達,27,3,24,凱基-士林,2024-03-01,9238
2303,聯電,34,10,24,凱基-士林,2024-03-01,9238
0056,元大高股息,24,2,22,凱基-士林,2024-03-01,9238
2618,長榮航,24,2,22,凱基-士林,2024-03-01,9238
2887,台新金,20,0,20,凱基-士林,2024-03-01,9238
2464,盟立,31,11,20,凱基-士林,2024-03-01,9238
3588,通嘉,23,3,20,凱基-士林,2024-03-01,9238
3499,環天科,24,5,19,凱基-士林,2024-03-01,9238
6742,澤米,19,0,19,凱基-士林,2024-03-01,9238
9945,潤泰新,19,0,19,凱基-士林,2024-03-01,9238
00679B,元大美債20年,21,4,17,凱基-士林,2024-03-01,9238
5244,弘凱,17,0,17,凱基-士林,2024-03-01,9238
6141,柏承,17,0,17,凱基-士林,2024-03-01,9238
1605,華新,17,0,17,凱基-士林,2024-03-01,9238
1342,八貫,19,3,16,凱基-士林,2024-03-01,9238
1314,中石化,17,1,16,凱基-士林,2024-03-01,9238
9105,泰金寶-DR,26,10,16,凱基-士林,2024-03-01,9238
00706L,期元大S＆P日圓正2,20,5,15,凱基-士林,2024-03-01,9238
2301,光寶科,15,1,14,凱基-士林,2024-03-01,9238
4770,上品,14,1,13,凱基-士林,2024-03-01,9238
2548,華固,15,2,13,凱基-士林,2024-03-01,9238
1609,大亞,17,5,12,凱基-士林,2024-03-01,9238
2834,臺企銀,12,0,12,凱基-士林,2024-03-01,9238
2855,統一證,11,0,11,凱基-士林,2024-03-01,9238
2888,新光金,10,0,10,凱基-士林,2024-03-01,9238
6770,力積電,10,0,10,凱基-士林,2024-03-01,9238
2371,大同,903,248,655,凱基-士林,2024-03-04,9238
4402,郡都開發,125,0,125,凱基-士林,2024-03-04,9238
00632R,元大台灣50反1,93,20,73,凱基-士林,2024-03-04,9238
2367,燿華,246,187,59,凱基-士林,2024-03-04,9238
00673R,期元大S＆P原油反1,56,0,56,凱基-士林,2024-03-04,9238
00929,復華台灣科技優息,103,48,55,凱基-士林,2024-03-04,9238
2344,華邦電,77,22,55,凱基-士林,2024-03-04,9238
1447,力鵬,50,0,50,凱基-士林,2024-03-04,9238
5244,弘凱,48,0,48,凱基-士林,2024-03-04,9238
1815,富喬,56,10,46,凱基-士林,2024-03-04,9238
00919,群益台灣精選高息,63,17,46,凱基-士林,2024-03-04,9238
3363,上詮,101,58,43,凱基-士林,2024-03-04,9238
2331,精英,50,9,41,凱基-士林,2024-03-04,9238
00676R,富邦臺灣加權反1,40,0,40,凱基-士林,2024-03-04,9238
00930,永豐ESG低碳高息,40,0,40,凱基-士林,2024-03-04,9238
00935,野村臺灣新科技50,40,0,40,凱基-士林,2024-03-04,9238
00757,統一FANG+,38,2,36,凱基-士林,2024-03-04,9238
00878,國泰永續高股息,44,9,35,凱基-士林,2024-03-04,9238
00900,富邦特選高股息30,42,7,35,凱基-士林,2024-03-04,9238
00933B,國泰10Y+金融債,39,4,35,凱基-士林,2024-03-04,9238
2637,慧洋-KY,30,0,30,凱基-士林,2024-03-04,9238
6456,GIS-KY,30,0,30,凱基-士林,2024-03-04,9238
2888,新光金,30,0,30,凱基-士林,2024-03-04,9238
00687B,國泰20年美債,27,0,27,凱基-士林,2024-03-04,9238
3499,環天科,23,0,23,凱基-士林,2024-03-04,9238
4303,信立,23,0,23,凱基-士林,2024-03-04,9238
3094,聯傑,21,0,21,凱基-士林,2024-03-04,9238
3706,神達,23,2,21,凱基-士林,2024-03-04,9238
2401,凌陽,20,0,20,凱基-士林,2024-03-04,9238
2528,皇普,20,0,20,凱基-士林,2024-03-04,9238
2206,三陽工業,22,4,18,凱基-士林,2024-03-04,9238
6139,亞翔,25,7,18,凱基-士林,2024-03-04,9238
9958,世紀鋼,29,12,17,凱基-士林,2024-03-04,9238
1314,中石化,15,0,15,凱基-士林,2024-03-04,9238
3078,僑威,15,0,15,凱基-士林,2024-03-04,9238
2002,中鋼,25,10,15,凱基-士林,2024-03-04,9238
3049,精金,14,0,14,凱基-士林,2024-03-04,9238
3481,群創,32,18,14,凱基-士林,2024-03-04,9238
3645,達邁,16,2,14,凱基-士林,2024-03-04,9238
8936,國統,18,4,14,凱基-士林,2024-03-04,9238
1101,台泥,15,2,13,凱基-士林,2024-03-04,9238
3047,訊舟,25,12,13,凱基-士林,2024-03-04,9238
6804,明係,13,0,13,凱基-士林,2024-03-04,9238
6282,康舒,19,7,12,凱基-士林,2024-03-04,9238
6757,台灣虎航,12,0,12,凱基-士林,2024-03-04,9238
8105,凌巨,12,0,12,凱基-士林,2024-03-04,9238
3437,榮創,21,10,11,凱基-士林,2024-03-04,9238
1316,上曜,14,3,11,凱基-士林,2024-03-04,9238
1609,大亞,19,8,11,凱基-士林,2024-03-04,9238
1789,神隆,11,0,11,凱基-士林,2024-03-04,9238
2371,大同,403,21,382,凱基-士林,2024-03-05,9238
9921,巨大,152,0,152,凱基-士林,2024-03-05,9238
00650L,復華香港正2,90,0,90,凱基-士林,2024-03-05,9238
2367,燿華,367,281,86,凱基-士林,2024-03-05,9238
00915,凱基優選高股息30,83,1,82,凱基-士林,2024-03-05,9238
00919,群益台灣精選高息,84,6,78,凱基-士林,2024-03-05,9238
8182,加高,71,0,71,凱基-士林,2024-03-05,9238
00632R,元大台灣50反1,60,0,60,凱基-士林,2024-03-05,9238
00882,中信中國高股息,58,12,46,凱基-士林,2024-03-05,9238
1316,上曜,54,8,46,凱基-士林,2024-03-05,9238
00933B,國泰10Y+金融債,48,4,44,凱基-士林,2024-03-05,9238
1321,大洋,40,0,40,凱基-士林,2024-03-05,9238
6185,幃翔,40,0,40,凱基-士林,2024-03-05,9238
8131,福懋科,40,0,40,凱基-士林,2024-03-05,9238
2002,中鋼,34,0,34,凱基-士林,2024-03-05,9238
00712,復華富時不動產,33,0,33,凱基-士林,2024-03-05,9238
3372,典範,45,14,31,凱基-士林,2024-03-05,9238
4123,晟德,30,0,30,凱基-士林,2024-03-05,9238
1301,台塑,26,1,25,凱基-士林,2024-03-05,9238
6290,良維,31,9,22,凱基-士林,2024-03-05,9238
2609,陽明,31,9,22,凱基-士林,2024-03-05,9238
3005,神基,23,2,21,凱基-士林,2024-03-05,9238
00687B,國泰20年美債,21,0,21,凱基-士林,2024-03-05,9238
1409,新纖,108,87,21,凱基-士林,2024-03-05,9238
2548,華固,23,2,21,凱基-士林,2024-03-05,9238
00918,大華優利高填息30,28,7,21,凱基-士林,2024-03-05,9238
6719,力智,20,0,20,凱基-士林,2024-03-05,9238
4503,金雨,20,0,20,凱基-士林,2024-03-05,9238
5244,弘凱,20,0,20,凱基-士林,2024-03-05,9238
8105,凌巨,21,1,20,凱基-士林,2024-03-05,9238
3673,TPK-KY,43,24,19,凱基-士林,2024-03-05,9238
2356,英業達,66,47,19,凱基-士林,2024-03-05,9238
6275,元山,24,7,17,凱基-士林,2024-03-05,9238
2883,凱基金,16,0,16,凱基-士林,2024-03-05,9238
2337,旺宏,18,2,16,凱基-士林,2024-03-05,9238
2610,華航,17,1,16,凱基-士林,2024-03-05,9238
2208,台船,15,0,15,凱基-士林,2024-03-05,9238
2449,京元電子,26,11,15,凱基-士林,2024-03-05,9238
2344,華邦電,15,1,14,凱基-士林,2024-03-05,9238
2887,台新金,14,0,14,凱基-士林,2024-03-05,9238
6165,浪凡,14,0,14,凱基-士林,2024-03-05,9238
2303,聯電,15,2,13,凱基-士林,2024-03-05,9238
3163,波若威,20,7,13,凱基-士林,2024-03-05,9238
3689,湧德,32,19,13,凱基-士林,2024-03-05,9238
9925,新保,13,0,13,凱基-士林,2024-03-05,9238
2888,新光金,12,0,12,凱基-士林,2024-03-05,9238
3041,揚智,12,0,12,凱基-士林,2024-03-05,9238
6127,九豪,18,6,12,凱基-士林,2024-03-05,9238
8271,宇瞻,12,0,12,凱基-士林,2024-03-05,9238
2211,長榮鋼,33,22,11,凱基-士林,2024-03-05,9238
00637L,元大滬深300正2,212,5,207,凱基-士林,2024-03-06,9238
2312,金寶,155,0,155,凱基-士林,2024-03-06,9238
00919,群益台灣精選高息,177,71,106,凱基-士林,2024-03-06,9238
4906,正文,105,4,101,凱基-士林,2024-03-06,9238
00753L,中信中國50正2,100,0,100,凱基-士林,2024-03-06,9238
3372,典範,91,2,89,凱基-士林,2024-03-06,9238
2332,友訊,81,0,81,凱基-士林,2024-03-06,9238
2371,大同,334,261,73,凱基-士林,2024-03-06,9238
3078,僑威,76,9,67,凱基-士林,2024-03-06,9238
00891,中信關鍵半導體,65,0,65,凱基-士林,2024-03-06,9238
00918,大華優利高填息30,61,3,58,凱基-士林,2024-03-06,9238
2344,華邦電,55,1,54,凱基-士林,2024-03-06,9238
00900,富邦特選高股息30,52,1,51,凱基-士林,2024-03-06,9238
00915,凱基優選高股息30,43,0,43,凱基-士林,2024-03-06,9238
2201,裕隆,35,0,35,凱基-士林,2024-03-06,9238
2882,國泰金,38,3,35,凱基-士林,2024-03-06,9238
00937B,群益ESG投等債20,72,41,31,凱基-士林,2024-03-06,9238
1314,中石化,30,0,30,凱基-士林,2024-03-06,9238
2427,三商電,30,0,30,凱基-士林,2024-03-06,9238
00927,群益半導體收益,25,0,25,凱基-士林,2024-03-06,9238
2329,華泰,33,9,24,凱基-士林,2024-03-06,9238
00904,新光臺灣半導體30,23,0,23,凱基-士林,2024-03-06,9238
1609,大亞,33,10,23,凱基-士林,2024-03-06,9238
6257,矽格,30,7,23,凱基-士林,2024-03-06,9238
6276,安鈦克,21,0,21,凱基-士林,2024-03-06,9238
4147,中裕,20,0,20,凱基-士林,2024-03-06,9238
5386,青雲,20,0,20,凱基-士林,2024-03-06,9238
6271,同欣電,20,0,20,凱基-士林,2024-03-06,9238
1513,中興電,37,17,20,凱基-士林,2024-03-06,9238
2535,達欣工,23,3,20,凱基-士林,2024-03-06,9238
00878,國泰永續高股息,26,7,19,凱基-士林,2024-03-06,9238
6217,中探針,21,3,18,凱基-士林,2024-03-06,9238
2417,圓剛,33,17,16,凱基-士林,2024-03-06,9238
1612,宏泰,15,0,15,凱基-士林,2024-03-06,9238
5465,富驊,16,1,15,凱基-士林,2024-03-06,9238
6629,泰金-KY,15,0,15,凱基-士林,2024-03-06,9238
1815,富喬,322,307,15,凱基-士林,2024-03-06,9238
00935,野村臺灣新科技50,16,2,14,凱基-士林,2024-03-06,9238
1101,台泥,14,0,14,凱基-士林,2024-03-06,9238
5388,中磊,30,17,13,凱基-士林,2024-03-06,9238
1301,台塑,12,0,12,凱基-士林,2024-03-06,9238
2020,美亞,12,0,12,凱基-士林,2024-03-06,9238
2486,一詮,37,26,11,凱基-士林,2024-03-06,9238
1514,亞力,23,12,11,凱基-士林,2024-03-06,9238
00687B,國泰20年美債,18,7,11,凱基-士林,2024-03-06,9238
2353,宏��,15,4,11,凱基-士林,2024-03-06,9238
6117,迎廣,15,4,11,凱基-士林,2024-03-06,9238
3062,建漢,18,8,10,凱基-士林,2024-03-06,9238
4968,立積,21,11,10,凱基-士林,2024-03-06,9238
3017,奇鋐,27,17,10,凱基-士林,2024-03-06,9238
00929,復華台灣科技優息,375,67,308,凱基-士林,2024-03-07,9238
00637L,元大滬深300正2,282,22,260,凱基-士林,2024-03-07,9238
00665L,富邦�琤肭磪囓�2,200,0,200,凱基-士林,2024-03-07,9238
2332,友訊,200,0,200,凱基-士林,2024-03-07,9238
2367,燿華,99,25,74,凱基-士林,2024-03-07,9238
6274,台燿,95,22,73,凱基-士林,2024-03-07,9238
1609,大亞,72,5,67,凱基-士林,2024-03-07,9238
4906,正文,81,16,65,凱基-士林,2024-03-07,9238
3481,群創,78,24,54,凱基-士林,2024-03-07,9238
6133,金橋,52,0,52,凱基-士林,2024-03-07,9238
2208,台船,51,0,51,凱基-士林,2024-03-07,9238
00673R,期元大S＆P原油反1,50,0,50,凱基-士林,2024-03-07,9238
00632R,元大台灣50反1,59,10,49,凱基-士林,2024-03-07,9238
3706,神達,51,2,49,凱基-士林,2024-03-07,9238
2313,華通,56,8,48,凱基-士林,2024-03-07,9238
3576,聯合再生,42,0,42,凱基-士林,2024-03-07,9238
00712,復華富時不動產,42,0,42,凱基-士林,2024-03-07,9238
2485,兆赫,51,10,41,凱基-士林,2024-03-07,9238
6179,亞通,48,8,40,凱基-士林,2024-03-07,9238
3231,緯創,37,5,32,凱基-士林,2024-03-07,9238
00915,凱基優選高股息30,38,7,31,凱基-士林,2024-03-07,9238
00661,元大日經225,30,0,30,凱基-士林,2024-03-07,9238
2543,皇昌,30,0,30,凱基-士林,2024-03-07,9238
00687B,國泰20年美債,29,0,29,凱基-士林,2024-03-07,9238
6141,柏承,29,0,29,凱基-士林,2024-03-07,9238
2206,三陽工業,28,0,28,凱基-士林,2024-03-07,9238
1504,東元,26,3,23,凱基-士林,2024-03-07,9238
1815,富喬,74,51,23,凱基-士林,2024-03-07,9238
3036,文曄,22,0,22,凱基-士林,2024-03-07,9238
1414,東和,20,0,20,凱基-士林,2024-03-07,9238
1529,樂事綠能,20,0,20,凱基-士林,2024-03-07,9238
6753,龍德造船,20,0,20,凱基-士林,2024-03-07,9238
8150,南茂,22,2,20,凱基-士林,2024-03-07,9238
2002,中鋼,18,0,18,凱基-士林,2024-03-07,9238
6005,群益證,24,7,17,凱基-士林,2024-03-07,9238
4743,合一,21,5,16,凱基-士林,2024-03-07,9238
2421,建準,17,0,17,凱基-士林,2024-03-07,9238
2108,南帝,16,0,16,凱基-士林,2024-03-07,9238
8034,榮群,16,0,16,凱基-士林,2024-03-07,9238
1316,上曜,35,20,15,凱基-士林,2024-03-07,9238
3050,鈺德,15,0,15,凱基-士林,2024-03-07,9238
4167,松瑞藥,15,0,15,凱基-士林,2024-03-07,9238
5521,工信,36,21,15,凱基-士林,2024-03-07,9238
3402,漢科,25,10,15,凱基-士林,2024-03-07,9238
2486,一詮,39,25,14,凱基-士林,2024-03-07,9238
1514,亞力,19,6,13,凱基-士林,2024-03-07,9238
2201,裕隆,13,0,13,凱基-士林,2024-03-07,9238
2634,漢翔,13,0,13,凱基-士林,2024-03-07,9238
3047,訊舟,13,0,13,凱基-士林,2024-03-07,9238
5522,遠雄,15,2,13,凱基-士林,2024-03-07,9238
3481,群創,162,16,146,凱基-士林,2024-03-08,9238
8105,凌巨,126,0,126,凱基-士林,2024-03-08,9238
2371,大同,207,83,124,凱基-士林,2024-03-08,9238
2332,友訊,114,0,114,凱基-士林,2024-03-08,9238
1301,台塑,124,10,114,凱基-士林,2024-03-08,9238
2501,國建,80,0,80,凱基-士林,2024-03-08,9238
00632R,元大台灣50反1,76,0,76,凱基-士林,2024-03-08,9238
3024,憶聲,75,4,71,凱基-士林,2024-03-08,9238
3033,威健,61,0,61,凱基-士林,2024-03-08,9238
3264,欣銓,61,2,59,凱基-士林,2024-03-08,9238
2344,華邦電,62,7,55,凱基-士林,2024-03-08,9238
2603,長榮,49,6,43,凱基-士林,2024-03-08,9238
00650L,復華香港正2,43,0,43,凱基-士林,2024-03-08,9238
3711,日月光投控,64,26,38,凱基-士林,2024-03-08,9238
3294,英濟,58,21,37,凱基-士林,2024-03-08,9238
8150,南茂,32,1,31,凱基-士林,2024-03-08,9238
6290,良維,30,0,30,凱基-士林,2024-03-08,9238
6271,同欣電,28,0,28,凱基-士林,2024-03-08,9238
8358,金居,30,2,28,凱基-士林,2024-03-08,9238
8933,愛地雅,29,1,28,凱基-士林,2024-03-08,9238
0056,元大高股息,38,10,28,凱基-士林,2024-03-08,9238
00937B,群益ESG投等債20,38,15,23,凱基-士林,2024-03-08,9238
2609,陽明,60,38,22,凱基-士林,2024-03-08,9238
2606,裕民,22,0,22,凱基-士林,2024-03-08,9238
3290,東浦,21,0,21,凱基-士林,2024-03-08,9238
00915,凱基優選高股息30,38,17,21,凱基-士林,2024-03-08,9238
5498,凱崴,24,3,21,凱基-士林,2024-03-08,9238
00676R,富邦臺灣加權反1,20,0,20,凱基-士林,2024-03-08,9238
00631L,元大台灣50正2,20,0,20,凱基-士林,2024-03-08,9238
1447,力鵬,20,0,20,凱基-士林,2024-03-08,9238
1517,利奇,25,5,20,凱基-士林,2024-03-08,9238
1721,三晃,20,0,20,凱基-士林,2024-03-08,9238
2812,台中銀,21,1,20,凱基-士林,2024-03-08,9238
5289,宜鼎,20,0,20,凱基-士林,2024-03-08,9238
6169,昱泉,20,0,20,凱基-士林,2024-03-08,9238
9934,成霖,20,0,20,凱基-士林,2024-03-08,9238
3163,波若威,20,1,19,凱基-士林,2024-03-08,9238
9105,泰金寶-DR,19,0,19,凱基-士林,2024-03-08,9238
6179,亞通,22,3,19,凱基-士林,2024-03-08,9238
9941,裕融,20,3,17,凱基-士林,2024-03-08,9238
2385,群光,17,0,17,凱基-士林,2024-03-08,9238
00637L,元大滬深300正2,22,5,17,凱基-士林,2024-03-08,9238
3706,神達,22,5,17,凱基-士林,2024-03-08,9238
00919,群益台灣精選高息,242,225,17,凱基-士林,2024-03-08,9238
5009,榮剛,16,0,16,凱基-士林,2024-03-08,9238
2409,友達,19,3,16,凱基-士林,2024-03-08,9238
4707,磐亞,16,0,16,凱基-士林,2024-03-08,9238
2352,佳世達,15,0,15,凱基-士林,2024-03-08,9238
6121,新普,15,0,15,凱基-士林,2024-03-08,9238
5426,振發,21,7,14,凱基-士林,2024-03-08,9238
00637L,元大滬深300正2,223,14,209,凱基-士林,2024-03-11,9238
00919,群益台灣精選高息,203,77,126,凱基-士林,2024-03-11,9238
2542,興富發,105,0,105,凱基-士林,2024-03-11,9238
00664R,國泰臺灣加權反1,100,0,100,凱基-士林,2024-03-11,9238
2605,新興,100,5,95,凱基-士林,2024-03-11,9238
00632R,元大台灣50反1,91,4,87,凱基-士林,2024-03-11,9238
2367,燿華,113,28,85,凱基-士林,2024-03-11,9238
2606,裕民,100,23,77,凱基-士林,2024-03-11,9238
4906,正文,68,0,68,凱基-士林,2024-03-11,9238
2603,長榮,60,5,55,凱基-士林,2024-03-11,9238
3325,旭品,57,5,52,凱基-士林,2024-03-11,9238
2889,國票金,60,9,51,凱基-士林,2024-03-11,9238
2618,長榮航,58,11,47,凱基-士林,2024-03-11,9238
3707,漢磊,47,7,40,凱基-士林,2024-03-11,9238
3576,聯合再生,40,1,39,凱基-士林,2024-03-11,9238
2371,大同,41,7,34,凱基-士林,2024-03-11,9238
1444,力麗,30,0,30,凱基-士林,2024-03-11,9238
2820,華票,30,0,30,凱基-士林,2024-03-11,9238
2867,三商壽,30,0,30,凱基-士林,2024-03-11,9238
0056,元大高股息,31,3,28,凱基-士林,2024-03-11,9238
9933,中鼎,30,3,27,凱基-士林,2024-03-11,9238
6285,啟��,25,0,25,凱基-士林,2024-03-11,9238
2516,新建,25,0,25,凱基-士林,2024-03-11,9238
6753,龍德造船,25,0,25,凱基-士林,2024-03-11,9238
2834,臺企銀,24,1,23,凱基-士林,2024-03-11,9238
00679B,元大美債20年,25,2,23,凱基-士林,2024-03-11,9238
2883,凱基金,146,125,21,凱基-士林,2024-03-11,9238
5289,宜鼎,20,0,20,凱基-士林,2024-03-11,9238
8085,福華,24,5,19,凱基-士林,2024-03-11,9238
00687B,國泰20年美債,17,2,15,凱基-士林,2024-03-11,9238
1409,新纖,25,10,15,凱基-士林,2024-03-11,9238
2634,漢翔,17,2,15,凱基-士林,2024-03-11,9238
2501,國建,15,0,15,凱基-士林,2024-03-11,9238
5425,台半,15,0,15,凱基-士林,2024-03-11,9238
1802,台玻,15,1,14,凱基-士林,2024-03-11,9238
2301,光寶科,15,3,12,凱基-士林,2024-03-11,9238
8932,智通*,12,0,12,凱基-士林,2024-03-11,9238
8299,群聯,11,0,11,凱基-士林,2024-03-11,9238
1515,力山,22,12,10,凱基-士林,2024-03-11,9238
1528,恩德,10,0,10,凱基-士林,2024-03-11,9238
2617,台航,10,0,10,凱基-士林,2024-03-11,9238
3038,全台,10,0,10,凱基-士林,2024-03-11,9238
6179,亞通,10,0,10,凱基-士林,2024-03-11,9238
2303,聯電,36,26,10,凱基-士林,2024-03-11,9238
5483,中美晶,11,2,9,凱基-士林,2024-03-11,9238
5202,力新,9,0,9,凱基-士林,2024-03-11,9238
5880,合庫金,10,1,9,凱基-士林,2024-03-11,9238
2888,新光金,10,2,8,凱基-士林,2024-03-11,9238
1303,南亞,8,0,8,凱基-士林,2024-03-11,9238
3163,波若威,31,23,8,凱基-士林,2024-03-11,9238
00918,大華優利高填息30,173,50,123,凱基-士林,2024-03-12,9238
2371,大同,132,15,117,凱基-士林,2024-03-12,9238
00632R,元大台灣50反1,115,0,115,凱基-士林,2024-03-12,9238
2332,友訊,100,0,100,凱基-士林,2024-03-12,9238
00687B,國泰20年美債,79,1,78,凱基-士林,2024-03-12,9238
2915,潤泰全,80,2,78,凱基-士林,2024-03-12,9238
5425,台半,65,0,65,凱基-士林,2024-03-12,9238
2409,友達,73,13,60,凱基-士林,2024-03-12,9238
3481,群創,66,6,60,凱基-士林,2024-03-12,9238
1582,信錦,77,18,59,凱基-士林,2024-03-12,9238
00919,群益台灣精選高息,69,20,49,凱基-士林,2024-03-12,9238
2367,燿華,82,38,44,凱基-士林,2024-03-12,9238
00929,復華台灣科技優息,65,23,42,凱基-士林,2024-03-12,9238
3034,聯詠,46,6,40,凱基-士林,2024-03-12,9238
2486,一詮,47,12,35,凱基-士林,2024-03-12,9238
2353,宏��,46,13,33,凱基-士林,2024-03-12,9238
00937B,群益ESG投等債20,38,5,33,凱基-士林,2024-03-12,9238
1220,台榮,30,0,30,凱基-士林,2024-03-12,9238
2066,世德,30,1,29,凱基-士林,2024-03-12,9238
2812,台中銀,27,0,27,凱基-士林,2024-03-12,9238
00933B,國泰10Y+金融債,26,0,26,凱基-士林,2024-03-12,9238
4906,正文,24,0,24,凱基-士林,2024-03-12,9238
2408,南亞科,29,5,24,凱基-士林,2024-03-12,9238
3231,緯創,36,15,21,凱基-士林,2024-03-12,9238
00857B,永豐20年美公債,21,0,21,凱基-士林,2024-03-12,9238
6742,澤米,33,12,21,凱基-士林,2024-03-12,9238
2359,所羅門,25,5,20,凱基-士林,2024-03-12,9238
00637L,元大滬深300正2,25,7,18,凱基-士林,2024-03-12,9238
2548,華固,18,0,18,凱基-士林,2024-03-12,9238
2889,國票金,20,2,18,凱基-士林,2024-03-12,9238
2609,陽明,23,6,17,凱基-士林,2024-03-12,9238
00751B,元大AAA至A公司債,20,5,15,凱基-士林,2024-03-12,9238
2881A,富邦特,15,0,15,凱基-士林,2024-03-12,9238
8927,北基,15,0,15,凱基-士林,2024-03-12,9238
3081,聯亞,14,0,14,凱基-士林,2024-03-12,9238
3041,揚智,13,0,13,凱基-士林,2024-03-12,9238
4420,光明,13,0,13,凱基-士林,2024-03-12,9238
6257,矽格,15,3,12,凱基-士林,2024-03-12,9238
9933,中鼎,12,0,12,凱基-士林,2024-03-12,9238
3036,文曄,22,11,11,凱基-士林,2024-03-12,9238
2399,映泰,24,13,11,凱基-士林,2024-03-12,9238
3450,聯鈞,11,0,11,凱基-士林,2024-03-12,9238
00712,復華富時不動產,11,0,11,凱基-士林,2024-03-12,9238
9941,裕融,20,10,10,凱基-士林,2024-03-12,9238
3707,漢磊,44,34,10,凱基-士林,2024-03-12,9238
00680L,元大美債20正2,12,2,10,凱基-士林,2024-03-12,9238
00830,國泰費城半導體,10,0,10,凱基-士林,2024-03-12,9238
3062,建漢,33,23,10,凱基-士林,2024-03-12,9238
3071,協禧,10,0,10,凱基-士林,2024-03-12,9238
4930,燦星網,12,2,10,凱基-士林,2024-03-12,9238
00937B,群益ESG投等債20,355,25,330,凱基-士林,2024-03-13,9238
00637L,元大滬深300正2,311,20,291,凱基-士林,2024-03-13,9238
1447,力鵬,140,0,140,凱基-士林,2024-03-13,9238
2344,華邦電,77,0,77,凱基-士林,2024-03-13,9238
00929,復華台灣科技優息,146,80,66,凱基-士林,2024-03-13,9238
00919,群益台灣精選高息,244,191,53,凱基-士林,2024-03-13,9238
3231,緯創,70,19,51,凱基-士林,2024-03-13,9238
1528,恩德,48,0,48,凱基-士林,2024-03-13,9238
1560,中砂,44,0,44,凱基-士林,2024-03-13,9238
1616,億泰,46,5,41,凱基-士林,2024-03-13,9238
2317,鴻海,129,91,38,凱基-士林,2024-03-13,9238
6742,澤米,37,0,37,凱基-士林,2024-03-13,9238
1802,台玻,36,0,36,凱基-士林,2024-03-13,9238
00900,富邦特選高股息30,101,68,33,凱基-士林,2024-03-13,9238
5607,遠雄港,30,0,30,凱基-士林,2024-03-13,9238
00933B,國泰10Y+金融債,33,5,28,凱基-士林,2024-03-13,9238
006208,富邦台50,28,0,28,凱基-士林,2024-03-13,9238
00680L,元大美債20正2,27,0,27,凱基-士林,2024-03-13,9238
3122,笙泉,24,0,24,凱基-士林,2024-03-13,9238
00687B,國泰20年美債,23,0,23,凱基-士林,2024-03-13,9238
8926,台汽電,49,27,22,凱基-士林,2024-03-13,9238
2066,世德,21,0,21,凱基-士林,2024-03-13,9238
2371,大同,91,70,21,凱基-士林,2024-03-13,9238
00639,富邦深100,20,0,20,凱基-士林,2024-03-13,9238
00857B,永豐20年美公債,20,0,20,凱基-士林,2024-03-13,9238
2867,三商壽,20,0,20,凱基-士林,2024-03-13,9238
1301,台塑,20,1,19,凱基-士林,2024-03-13,9238
2365,昆盈,21,3,18,凱基-士林,2024-03-13,9238
00720B,元大投資級公司債,23,5,18,凱基-士林,2024-03-13,9238
2903,遠百,20,2,18,凱基-士林,2024-03-13,9238
8040,九暘,20,3,17,凱基-士林,2024-03-13,9238
2476,鉅祥,16,0,16,凱基-士林,2024-03-13,9238
00661,元大日經225,15,0,15,凱基-士林,2024-03-13,9238
2337,旺宏,15,0,15,凱基-士林,2024-03-13,9238
2543,皇昌,15,0,15,凱基-士林,2024-03-13,9238
3707,漢磊,31,16,15,凱基-士林,2024-03-13,9238
8349,�矬�,15,0,15,凱基-士林,2024-03-13,9238
6190,萬泰科,14,0,14,凱基-士林,2024-03-13,9238
6224,聚鼎,14,0,14,凱基-士林,2024-03-13,9238
2408,南亞科,14,0,14,凱基-士林,2024-03-13,9238
2609,陽明,35,22,13,凱基-士林,2024-03-13,9238
2610,華航,13,0,13,凱基-士林,2024-03-13,9238
3543,州巧,13,0,13,凱基-士林,2024-03-13,9238
2882,國泰金,21,8,13,凱基-士林,2024-03-13,9238
2382,廣達,25,13,12,凱基-士林,2024-03-13,9238
6120,達運,12,0,12,凱基-士林,2024-03-13,9238
1514,亞力,57,46,11,凱基-士林,2024-03-13,9238
2328,廣宇,20,10,10,凱基-士林,2024-03-13,9238
6770,力積電,10,0,10,凱基-士林,2024-03-13,9238
00636,國泰中國A50,10,0,10,凱基-士林,2024-03-13,9238
00937B,群益ESG投等債20,632,135,497,凱基-士林,2024-03-14,9238
2889,國票金,406,29,377,凱基-士林,2024-03-14,9238
00919,群益台灣精選高息,305,62,243,凱基-士林,2024-03-14,9238
00918,大華優利高填息30,124,1,123,凱基-士林,2024-03-14,9238
00929,復華台灣科技優息,101,7,94,凱基-士林,2024-03-14,9238
00933B,國泰10Y+金融債,82,0,82,凱基-士林,2024-03-14,9238
00673R,期元大S＆P原油反1,56,0,56,凱基-士林,2024-03-14,9238
6139,亞翔,58,4,54,凱基-士林,2024-03-14,9238
1321,大洋,40,0,40,凱基-士林,2024-03-14,9238
1513,中興電,49,9,40,凱基-士林,2024-03-14,9238
2801,彰銀,40,5,35,凱基-士林,2024-03-14,9238
5011,久陽,32,0,32,凱基-士林,2024-03-14,9238
3576,聯合再生,32,0,32,凱基-士林,2024-03-14,9238
00915,凱基優選高股息30,44,14,30,凱基-士林,2024-03-14,9238
2486,一詮,47,20,27,凱基-士林,2024-03-14,9238
3005,神基,50,24,26,凱基-士林,2024-03-14,9238
2603,長榮,40,14,26,凱基-士林,2024-03-14,9238
2890,永豐金,30,6,24,凱基-士林,2024-03-14,9238
2101,南港,22,0,22,凱基-士林,2024-03-14,9238
2337,旺宏,22,0,22,凱基-士林,2024-03-14,9238
2344,華邦電,26,4,22,凱基-士林,2024-03-14,9238
8112,至上,28,6,22,凱基-士林,2024-03-14,9238
00679B,元大美債20年,21,0,21,凱基-士林,2024-03-14,9238
00857B,永豐20年美公債,20,0,20,凱基-士林,2024-03-14,9238
6016,康和證,20,0,20,凱基-士林,2024-03-14,9238
6616,特昇-KY,20,0,20,凱基-士林,2024-03-14,9238
2489,瑞軒,20,1,19,凱基-士林,2024-03-14,9238
8040,九暘,31,13,18,凱基-士林,2024-03-14,9238
2356,英業達,27,10,17,凱基-士林,2024-03-14,9238
2066,世德,15,0,15,凱基-士林,2024-03-14,9238
2363,矽統,17,3,14,凱基-士林,2024-03-14,9238
2885,元大金,34,20,14,凱基-士林,2024-03-14,9238
2301,光寶科,17,3,14,凱基-士林,2024-03-14,9238
3702,大聯大,14,1,13,凱基-士林,2024-03-14,9238
00891,中信關鍵半導體,13,0,13,凱基-士林,2024-03-14,9238
1802,台玻,13,0,13,凱基-士林,2024-03-14,9238
6187,萬潤,13,0,13,凱基-士林,2024-03-14,9238
9945,潤泰新,16,3,13,凱基-士林,2024-03-14,9238
1503,士電,43,31,12,凱基-士林,2024-03-14,9238
00927,群益半導體收益,12,0,12,凱基-士林,2024-03-14,9238
2472,立隆電,12,0,12,凱基-士林,2024-03-14,9238
2634,漢翔,12,0,12,凱基-士林,2024-03-14,9238
4905,台聯電,12,0,12,凱基-士林,2024-03-14,9238
8110,華東,12,0,12,凱基-士林,2024-03-14,9238
6285,啟��,22,10,12,凱基-士林,2024-03-14,9238
00650L,復華香港正2,12,1,11,凱基-士林,2024-03-14,9238
2206,三陽工業,11,0,11,凱基-士林,2024-03-14,9238
2606,裕民,11,0,11,凱基-士林,2024-03-14,9238
3711,日月光投控,11,0,11,凱基-士林,2024-03-14,9238
6770,力積電,10,0,10,凱基-士林,2024-03-14,9238
00937B,群益ESG投等債20,344,25,319,凱基-士林,2024-03-15,9238
00919,群益台灣精選高息,256,18,238,凱基-士林,2024-03-15,9238
2611,志信,183,10,173,凱基-士林,2024-03-15,9238
00933B,國泰10Y+金融債,138,0,138,凱基-士林,2024-03-15,9238
00753L,中信中國50正2,108,0,108,凱基-士林,2024-03-15,9238
00941,中信上游半導體,80,2,78,凱基-士林,2024-03-15,9238
2834,臺企銀,101,26,75,凱基-士林,2024-03-15,9238
1220,台榮,50,0,50,凱基-士林,2024-03-15,9238
3607,谷崧,50,0,50,凱基-士林,2024-03-15,9238
00687B,國泰20年美債,49,0,49,凱基-士林,2024-03-15,9238
2883,凱基金,43,2,41,凱基-士林,2024-03-15,9238
2330,台積電,38,0,38,凱基-士林,2024-03-15,9238
2609,陽明,33,2,31,凱基-士林,2024-03-15,9238
2603,長榮,37,6,31,凱基-士林,2024-03-15,9238
00679B,元大美債20年,31,0,31,凱基-士林,2024-03-15,9238
00680L,元大美債20正2,44,15,29,凱基-士林,2024-03-15,9238
2206,三陽工業,28,3,25,凱基-士林,2024-03-15,9238
1513,中興電,29,4,25,凱基-士林,2024-03-15,9238
1802,台玻,26,1,25,凱基-士林,2024-03-15,9238
2845,遠東銀,25,0,25,凱基-士林,2024-03-15,9238
00918,大華優利高填息30,23,0,23,凱基-士林,2024-03-15,9238
2353,宏��,25,2,23,凱基-士林,2024-03-15,9238
2344,華邦電,23,1,22,凱基-士林,2024-03-15,9238
2356,英業達,37,16,21,凱基-士林,2024-03-15,9238
5222,全訊,20,0,20,凱基-士林,2024-03-15,9238
2033,佳大,20,0,20,凱基-士林,2024-03-15,9238
2538,基泰,20,0,20,凱基-士林,2024-03-15,9238
2812,台中銀,20,0,20,凱基-士林,2024-03-15,9238
5608,四維航,20,0,20,凱基-士林,2024-03-15,9238
4770,上品,19,0,19,凱基-士林,2024-03-15,9238
2615,萬海,18,1,17,凱基-士林,2024-03-15,9238
00725B,國泰投資級公司債,17,0,17,凱基-士林,2024-03-15,9238
2066,世德,17,0,17,凱基-士林,2024-03-15,9238
2352,佳世達,19,2,17,凱基-士林,2024-03-15,9238
3372,典範,21,4,17,凱基-士林,2024-03-15,9238
2377,微星,22,6,16,凱基-士林,2024-03-15,9238
00688L,國泰20年美債正2,16,0,16,凱基-士林,2024-03-15,9238
6187,萬潤,17,1,16,凱基-士林,2024-03-15,9238
1618,合機,18,3,15,凱基-士林,2024-03-15,9238
2618,長榮航,18,6,12,凱基-士林,2024-03-15,9238
00751B,元大AAA至A公司債,12,0,12,凱基-士林,2024-03-15,9238
3010,華立,12,0,12,凱基-士林,2024-03-15,9238
3122,笙泉,12,0,12,凱基-士林,2024-03-15,9238
1313,聯成,11,0,11,凱基-士林,2024-03-15,9238
3025,星通,13,2,11,凱基-士林,2024-03-15,9238
3663,鑫科,11,0,11,凱基-士林,2024-03-15,9238
6182,合晶,12,1,11,凱基-士林,2024-03-15,9238
8105,凌巨,11,0,11,凱基-士林,2024-03-15,9238
00665L,富邦�琤肭磪囓�2,10,0,10,凱基-士林,2024-03-15,9238
6120,達運,10,0,10,凱基-士林,2024-03-15,9238
2867,三商壽,120,0,120,凱基-士林,2024-03-18,9238
00772B,中信高評級公司債,115,0,115,凱基-士林,2024-03-18,9238
00919,群益台灣精選高息,118,31,87,凱基-士林,2024-03-18,9238
2834,臺企銀,72,2,70,凱基-士林,2024-03-18,9238
00687B,國泰20年美債,51,0,51,凱基-士林,2024-03-18,9238
00673R,期元大S＆P原油反1,50,0,50,凱基-士林,2024-03-18,9238
00941,中信上游半導體,49,11,38,凱基-士林,2024-03-18,9238
00679B,元大美債20年,37,0,37,凱基-士林,2024-03-18,9238
1560,中砂,35,0,35,凱基-士林,2024-03-18,9238
2449,京元電子,41,6,35,凱基-士林,2024-03-18,9238
00937B,群益ESG投等債20,33,0,33,凱基-士林,2024-03-18,9238
2618,長榮航,34,3,31,凱基-士林,2024-03-18,9238
00751B,元大AAA至A公司債,30,0,30,凱基-士林,2024-03-18,9238
2897,王道銀行,30,0,30,凱基-士林,2024-03-18,9238
9907,統一實,30,0,30,凱基-士林,2024-03-18,9238
2888,新光金,31,3,28,凱基-士林,2024-03-18,9238
2812,台中銀,25,0,25,凱基-士林,2024-03-18,9238
00712,復華富時不動產,23,0,23,凱基-士林,2024-03-18,9238
3372,典範,23,0,23,凱基-士林,2024-03-18,9238
9945,潤泰新,22,0,22,凱基-士林,2024-03-18,9238
00857B,永豐20年美公債,20,0,20,凱基-士林,2024-03-18,9238
2516,新建,20,0,20,凱基-士林,2024-03-18,9238
4726,永昕,20,0,20,凱基-士林,2024-03-18,9238
8089,康全電訊,41,21,20,凱基-士林,2024-03-18,9238
00650L,復華香港正2,23,4,19,凱基-士林,2024-03-18,9238
2408,南亞科,18,0,18,凱基-士林,2024-03-18,9238
6753,龍德造船,20,2,18,凱基-士林,2024-03-18,9238
2002,中鋼,17,0,17,凱基-士林,2024-03-18,9238
00933B,國泰10Y+金融債,19,2,17,凱基-士林,2024-03-18,9238
2208,台船,19,2,17,凱基-士林,2024-03-18,9238
3234,光環,17,0,17,凱基-士林,2024-03-18,9238
2486,一詮,45,28,17,凱基-士林,2024-03-18,9238
2383,台光電,17,1,16,凱基-士林,2024-03-18,9238
6217,中探針,25,10,15,凱基-士林,2024-03-18,9238
3481,群創,94,80,14,凱基-士林,2024-03-18,9238
2303,聯電,27,15,12,凱基-士林,2024-03-18,9238
2409,友達,16,4,12,凱基-士林,2024-03-18,9238
6742,澤米,12,0,12,凱基-士林,2024-03-18,9238
00935,野村臺灣新科技50,16,5,11,凱基-士林,2024-03-18,9238
2357,華碩,12,2,10,凱基-士林,2024-03-18,9238
2382,廣達,35,25,10,凱基-士林,2024-03-18,9238
1532,勤美,10,0,10,凱基-士林,2024-03-18,9238
3260,威剛,10,0,10,凱基-士林,2024-03-18,9238
3499,環天科,10,0,10,凱基-士林,2024-03-18,9238
3576,聯合再生,10,0,10,凱基-士林,2024-03-18,9238
5521,工信,11,1,10,凱基-士林,2024-03-18,9238
6589,台康生技,14,4,10,凱基-士林,2024-03-18,9238
8105,凌巨,11,1,10,凱基-士林,2024-03-18,9238
8442,威宏-KY,10,0,10,凱基-士林,2024-03-18,9238
2887,台新金,10,0,10,凱基-士林,2024-03-18,9238
3481,群創,639,0,639,凱基-士林,2024-03-19,9238
00937B,群益ESG投等債20,498,40,458,凱基-士林,2024-03-19,9238
00679B,元大美債20年,130,1,129,凱基-士林,2024-03-19,9238
2867,三商壽,129,0,129,凱基-士林,2024-03-19,9238
00665L,富邦�琤肭磪囓�2,115,5,110,凱基-士林,2024-03-19,9238
2476,鉅祥,110,1,109,凱基-士林,2024-03-19,9238
00915,凱基優選高股息30,101,12,89,凱基-士林,2024-03-19,9238
00687B,國泰20年美債,55,0,55,凱基-士林,2024-03-19,9238
2834,臺企銀,52,1,51,凱基-士林,2024-03-19,9238
2888,新光金,51,0,51,凱基-士林,2024-03-19,9238
1220,台榮,40,0,40,凱基-士林,2024-03-19,9238
1528,恩德,30,0,30,凱基-士林,2024-03-19,9238
00637L,元大滬深300正2,45,16,29,凱基-士林,2024-03-19,9238
2344,華邦電,29,1,28,凱基-士林,2024-03-19,9238
6147,頎邦,57,30,27,凱基-士林,2024-03-19,9238
2637,慧洋-KY,28,4,24,凱基-士林,2024-03-19,9238
3050,鈺德,23,0,23,凱基-士林,2024-03-19,9238
3576,聯合再生,23,0,23,凱基-士林,2024-03-19,9238
00688L,國泰20年美債正2,21,0,21,凱基-士林,2024-03-19,9238
1471,首利,20,0,20,凱基-士林,2024-03-19,9238
6165,浪凡,20,0,20,凱基-士林,2024-03-19,9238
4961,天鈺,20,0,20,凱基-士林,2024-03-19,9238
9945,潤泰新,19,0,19,凱基-士林,2024-03-19,9238
2353,宏��,26,8,18,凱基-士林,2024-03-19,9238
8473,山林水,15,0,15,凱基-士林,2024-03-19,9238
2002,中鋼,15,0,15,凱基-士林,2024-03-19,9238
2355,敬鵬,12,0,12,凱基-士林,2024-03-19,9238
5443,均豪,20,8,12,凱基-士林,2024-03-19,9238
6125,廣運,12,1,11,凱基-士林,2024-03-19,9238
2880,華南金,11,0,11,凱基-士林,2024-03-19,9238
00919,群益台灣精選高息,69,59,10,凱基-士林,2024-03-19,9238
00696B,富邦美債20年,10,0,10,凱基-士林,2024-03-19,9238
00930,永豐ESG低碳高息,10,0,10,凱基-士林,2024-03-19,9238
00643,群益深証中小,10,0,10,凱基-士林,2024-03-19,9238
2460,建通,10,0,10,凱基-士林,2024-03-19,9238
2545,皇翔,10,0,10,凱基-士林,2024-03-19,9238
6182,合晶,30,20,10,凱基-士林,2024-03-19,9238
6742,澤米,10,0,10,凱基-士林,2024-03-19,9238
8040,九暘,10,0,10,凱基-士林,2024-03-19,9238
006208,富邦台50,9,0,9,凱基-士林,2024-03-19,9238
2313,華通,15,6,9,凱基-士林,2024-03-19,9238
3712,永崴投控,13,4,9,凱基-士林,2024-03-19,9238
4147,中裕,9,0,9,凱基-士林,2024-03-19,9238
2303,聯電,57,48,9,凱基-士林,2024-03-19,9238
8011,台通,10,2,8,凱基-士林,2024-03-19,9238
2408,南亞科,9,1,8,凱基-士林,2024-03-19,9238
2467,志聖,10,2,8,凱基-士林,2024-03-19,9238
3049,精金,8,0,8,凱基-士林,2024-03-19,9238
5009,榮剛,10,2,8,凱基-士林,2024-03-19,9238
5880,合庫金,9,1,8,凱基-士林,2024-03-19,9238
3481,群創,1510,48,1462,凱基-士林,2024-03-20,9238
2542,興富發,500,0,500,凱基-士林,2024-03-20,9238
00937B,群益ESG投等債20,272,25,247,凱基-士林,2024-03-20,9238
00882,中信中國高股息,229,4,225,凱基-士林,2024-03-20,9238
00939,統一台灣高息動能,271,52,219,凱基-士林,2024-03-20,9238
2618,長榮航,72,10,62,凱基-士林,2024-03-20,9238
00665L,富邦�琤肭磪囓�2,50,0,50,凱基-士林,2024-03-20,9238
1447,力鵬,50,0,50,凱基-士林,2024-03-20,9238
2332,友訊,50,0,50,凱基-士林,2024-03-20,9238
8110,華東,50,0,50,凱基-士林,2024-03-20,9238
00680L,元大美債20正2,50,1,49,凱基-士林,2024-03-20,9238
00687B,國泰20年美債,56,10,46,凱基-士林,2024-03-20,9238
2888,新光金,49,5,44,凱基-士林,2024-03-20,9238
00753L,中信中國50正2,40,0,40,凱基-士林,2024-03-20,9238
3062,建漢,40,1,39,凱基-士林,2024-03-20,9238
8234,新漢,43,5,38,凱基-士林,2024-03-20,9238
2867,三商壽,36,0,36,凱基-士林,2024-03-20,9238
2603,長榮,71,37,34,凱基-士林,2024-03-20,9238
00712,復華富時不動產,38,4,34,凱基-士林,2024-03-20,9238
1301,台塑,36,2,34,凱基-士林,2024-03-20,9238
6196,帆宣,33,1,32,凱基-士林,2024-03-20,9238
00650L,復華香港正2,30,0,30,凱基-士林,2024-03-20,9238
2609,陽明,36,7,29,凱基-士林,2024-03-20,9238
3059,華晶科,39,10,29,凱基-士林,2024-03-20,9238
3543,州巧,29,0,29,凱基-士林,2024-03-20,9238
3169,亞信,28,0,28,凱基-士林,2024-03-20,9238
6753,龍德造船,30,2,28,凱基-士林,2024-03-20,9238
2887,台新金,45,17,28,凱基-士林,2024-03-20,9238
2356,英業達,56,30,26,凱基-士林,2024-03-20,9238
4961,天鈺,25,1,24,凱基-士林,2024-03-20,9238
3036,文曄,28,5,23,凱基-士林,2024-03-20,9238
2303,聯電,45,23,22,凱基-士林,2024-03-20,9238
2313,華通,26,4,22,凱基-士林,2024-03-20,9238
00637L,元大滬深300正2,40,20,20,凱基-士林,2024-03-20,9238
2103,台橡,20,0,20,凱基-士林,2024-03-20,9238
2374,佳能,32,12,20,凱基-士林,2024-03-20,9238
6456,GIS-KY,20,0,20,凱基-士林,2024-03-20,9238
2376,技嘉,21,2,19,凱基-士林,2024-03-20,9238
1618,合機,25,6,19,凱基-士林,2024-03-20,9238
8383,千附,19,0,19,凱基-士林,2024-03-20,9238
3231,緯創,36,18,18,凱基-士林,2024-03-20,9238
00919,群益台灣精選高息,249,233,16,凱基-士林,2024-03-20,9238
2344,華邦電,17,2,15,凱基-士林,2024-03-20,9238
2382,廣達,23,8,15,凱基-士林,2024-03-20,9238
1321,大洋,15,0,15,凱基-士林,2024-03-20,9238
6278,台表科,15,0,15,凱基-士林,2024-03-20,9238
8086,宏捷科,17,3,14,凱基-士林,2024-03-20,9238
3022,威強電,13,0,13,凱基-士林,2024-03-20,9238
2002,中鋼,13,0,13,凱基-士林,2024-03-20,9238
1101,台泥,20,8,12,凱基-士林,2024-03-20,9238
00632R,元大台灣50反1,556,11,545,凱基-士林,2024-03-21,9238
00937B,群益ESG投等債20,407,1,406,凱基-士林,2024-03-21,9238
00939,統一台灣高息動能,207,24,183,凱基-士林,2024-03-21,9238
3059,華晶科,141,7,134,凱基-士林,2024-03-21,9238
2332,友訊,115,18,97,凱基-士林,2024-03-21,9238
3622,洋華,88,4,84,凱基-士林,2024-03-21,9238
00857B,永豐20年美公債,72,0,72,凱基-士林,2024-03-21,9238
00676R,富邦臺灣加權反1,66,0,66,凱基-士林,2024-03-21,9238
3024,憶聲,60,0,60,凱基-士林,2024-03-21,9238
2609,陽明,62,9,53,凱基-士林,2024-03-21,9238
8105,凌巨,52,2,50,凱基-士林,2024-03-21,9238
00900,富邦特選高股息30,60,15,45,凱基-士林,2024-03-21,9238
2618,長榮航,47,2,45,凱基-士林,2024-03-21,9238
00680L,元大美債20正2,43,0,43,凱基-士林,2024-03-21,9238
8096,擎亞,44,2,42,凱基-士林,2024-03-21,9238
6188,廣明,69,33,36,凱基-士林,2024-03-21,9238
2329,華泰,37,1,36,凱基-士林,2024-03-21,9238
2301,光寶科,43,12,31,凱基-士林,2024-03-21,9238
6275,元山,39,8,31,凱基-士林,2024-03-21,9238
2809,京城銀,30,0,30,凱基-士林,2024-03-21,9238
2356,英業達,51,22,29,凱基-士林,2024-03-21,9238
1528,恩德,25,0,25,凱基-士林,2024-03-21,9238
2405,輔信,24,1,23,凱基-士林,2024-03-21,9238
4551,智伸科,22,0,22,凱基-士林,2024-03-21,9238
2886,兆豐金,23,1,22,凱基-士林,2024-03-21,9238
00720B,元大投資級公司債,21,0,21,凱基-士林,2024-03-21,9238
2353,宏��,23,2,21,凱基-士林,2024-03-21,9238
1587,吉茂,20,0,20,凱基-士林,2024-03-21,9238
2482,連宇,20,0,20,凱基-士林,2024-03-21,9238
3033,威健,28,8,20,凱基-士林,2024-03-21,9238
5425,台半,19,0,19,凱基-士林,2024-03-21,9238
1609,大亞,26,9,17,凱基-士林,2024-03-21,9238
3372,典範,19,2,17,凱基-士林,2024-03-21,9238
8089,康全電訊,16,0,16,凱基-士林,2024-03-21,9238
00664R,國泰臺灣加權反1,15,0,15,凱基-士林,2024-03-21,9238
5465,富驊,15,0,15,凱基-士林,2024-03-21,9238
6456,GIS-KY,15,0,15,凱基-士林,2024-03-21,9238
8011,台通,25,10,15,凱基-士林,2024-03-21,9238
6443,元晶,16,2,14,凱基-士林,2024-03-21,9238
2449,京元電子,19,5,14,凱基-士林,2024-03-21,9238
00679B,元大美債20年,14,0,14,凱基-士林,2024-03-21,9238
2867,三商壽,14,0,14,凱基-士林,2024-03-21,9238
3029,零壹,13,0,13,凱基-士林,2024-03-21,9238
6147,頎邦,53,40,13,凱基-士林,2024-03-21,9238
00751B,元大AAA至A公司債,13,0,13,凱基-士林,2024-03-21,9238
00688L,國泰20年美債正2,12,0,12,凱基-士林,2024-03-21,9238
2439,美律,12,0,12,凱基-士林,2024-03-21,9238
00941,中信上游半導體,33,22,11,凱基-士林,2024-03-21,9238
00905,FT臺灣Smart,10,0,10,凱基-士林,2024-03-21,9238
1608,華榮,98,88,10,凱基-士林,2024-03-21,9238
00937B,群益ESG投等債20,221,45,176,凱基-士林,2024-03-22,9238
00904,新光臺灣半導體30,100,0,100,凱基-士林,2024-03-22,9238
2618,長榮航,61,2,59,凱基-士林,2024-03-22,9238
6753,龍德造船,56,1,55,凱基-士林,2024-03-22,9238
2317,鴻海,118,66,52,凱基-士林,2024-03-22,9238
5347,世界,88,40,48,凱基-士林,2024-03-22,9238
2303,聯電,51,11,40,凱基-士林,2024-03-22,9238
1528,恩德,40,0,40,凱基-士林,2024-03-22,9238
00715L,期街口布蘭特正2,40,2,38,凱基-士林,2024-03-22,9238
8473,山林水,37,0,37,凱基-士林,2024-03-22,9238
3322,建舜電,39,3,36,凱基-士林,2024-03-22,9238
00929,復華台灣科技優息,53,20,33,凱基-士林,2024-03-22,9238
00753L,中信中國50正2,31,1,30,凱基-士林,2024-03-22,9238
2374,佳能,32,2,30,凱基-士林,2024-03-22,9238
8064,東捷,32,2,30,凱基-士林,2024-03-22,9238
3005,神基,31,2,29,凱基-士林,2024-03-22,9238
4714,永捷,30,1,29,凱基-士林,2024-03-22,9238
2344,華邦電,46,18,28,凱基-士林,2024-03-22,9238
2353,宏��,69,41,28,凱基-士林,2024-03-22,9238
6196,帆宣,22,0,22,凱基-士林,2024-03-22,9238
00650L,復華香港正2,20,0,20,凱基-士林,2024-03-22,9238
1504,東元,22,2,20,凱基-士林,2024-03-22,9238
00857B,永豐20年美公債,19,0,19,凱基-士林,2024-03-22,9238
3704,合勤控,24,5,19,凱基-士林,2024-03-22,9238
6443,元晶,33,14,19,凱基-士林,2024-03-22,9238
2888,新光金,18,0,18,凱基-士林,2024-03-22,9238
2362,藍天,17,0,17,凱基-士林,2024-03-22,9238
5469,瀚宇博,17,1,16,凱基-士林,2024-03-22,9238
2637,慧洋-KY,17,1,16,凱基-士林,2024-03-22,9238
2882,國泰金,20,4,16,凱基-士林,2024-03-22,9238
3058,立德,15,0,15,凱基-士林,2024-03-22,9238
3083,網龍,15,0,15,凱基-士林,2024-03-22,9238
2354,鴻準,20,6,14,凱基-士林,2024-03-22,9238
00941,中信上游半導體,14,0,14,凱基-士林,2024-03-22,9238
00637L,元大滬深300正2,30,17,13,凱基-士林,2024-03-22,9238
2371,大同,18,5,13,凱基-士林,2024-03-22,9238
8150,南茂,15,2,13,凱基-士林,2024-03-22,9238
6176,瑞儀,13,0,13,凱基-士林,2024-03-22,9238
2887,台新金,12,0,12,凱基-士林,2024-03-22,9238
3231,緯創,43,31,12,凱基-士林,2024-03-22,9238
1477,聚陽,11,0,11,凱基-士林,2024-03-22,9238
3042,晶技,11,0,11,凱基-士林,2024-03-22,9238
1314,中石化,11,0,11,凱基-士林,2024-03-22,9238
6505,台塑化,10,0,10,凱基-士林,2024-03-22,9238
6462,神盾,10,0,10,凱基-士林,2024-03-22,9238
1104,環泥,10,0,10,凱基-士林,2024-03-22,9238
2460,建通,10,0,10,凱基-士林,2024-03-22,9238
2482,連宇,10,0,10,凱基-士林,2024-03-22,9238
2812,台中銀,10,0,10,凱基-士林,2024-03-22,9238
3305,昇貿,10,0,10,凱基-士林,2024-03-22,9238
00665L,富邦�琤肭磪囓�2,150,0,150,凱基-士林,2024-03-25,9238
2353,宏��,127,13,114,凱基-士林,2024-03-25,9238
3481,群創,102,4,98,凱基-士林,2024-03-25,9238
00919,群益台灣精選高息,107,13,94,凱基-士林,2024-03-25,9238
2356,英業達,131,70,61,凱基-士林,2024-03-25,9238
3024,憶聲,60,0,60,凱基-士林,2024-03-25,9238
6234,高僑,53,0,53,凱基-士林,2024-03-25,9238
00673R,期元大S＆P原油反1,50,0,50,凱基-士林,2024-03-25,9238
1612,宏泰,55,10,45,凱基-士林,2024-03-25,9238
6189,豐藝,51,8,43,凱基-士林,2024-03-25,9238
1319,東陽,41,0,41,凱基-士林,2024-03-25,9238
4746,台耀,40,0,40,凱基-士林,2024-03-25,9238
2618,長榮航,48,12,36,凱基-士林,2024-03-25,9238
3231,緯創,43,10,33,凱基-士林,2024-03-25,9238
2888,新光金,38,5,33,凱基-士林,2024-03-25,9238
3027,盛達,30,0,30,凱基-士林,2024-03-25,9238
00679B,元大美債20年,33,3,30,凱基-士林,2024-03-25,9238
1532,勤美,30,0,30,凱基-士林,2024-03-25,9238
2303,聯電,37,8,29,凱基-士林,2024-03-25,9238
1101,台泥,44,16,28,凱基-士林,2024-03-25,9238
2344,華邦電,29,6,23,凱基-士林,2024-03-25,9238
2374,佳能,27,4,23,凱基-士林,2024-03-25,9238
2328,廣宇,22,0,22,凱基-士林,2024-03-25,9238
00941,中信上游半導體,71,50,21,凱基-士林,2024-03-25,9238
2538,基泰,20,0,20,凱基-士林,2024-03-25,9238
2605,新興,20,0,20,凱基-士林,2024-03-25,9238
4804,大略-KY,20,0,20,凱基-士林,2024-03-25,9238
1608,華榮,20,1,19,凱基-士林,2024-03-25,9238
00751B,元大AAA至A公司債,20,2,18,凱基-士林,2024-03-25,9238
5347,世界,28,12,16,凱基-士林,2024-03-25,9238
00688L,國泰20年美債正2,15,0,15,凱基-士林,2024-03-25,9238
6443,元晶,17,2,15,凱基-士林,2024-03-25,9238
2201,裕隆,20,6,14,凱基-士林,2024-03-25,9238
3322,建舜電,14,0,14,凱基-士林,2024-03-25,9238
6120,達運,21,7,14,凱基-士林,2024-03-25,9238
2308,台達電,19,6,13,凱基-士林,2024-03-25,9238
2408,南亞科,15,3,12,凱基-士林,2024-03-25,9238
3141,晶宏,12,0,12,凱基-士林,2024-03-25,9238
00937B,群益ESG投等債20,11,0,11,凱基-士林,2024-03-25,9238
00680L,元大美債20正2,61,50,11,凱基-士林,2024-03-25,9238
1314,中石化,11,0,11,凱基-士林,2024-03-25,9238
2606,裕民,11,0,11,凱基-士林,2024-03-25,9238
6190,萬泰科,13,2,11,凱基-士林,2024-03-25,9238
2371,大同,98,87,11,凱基-士林,2024-03-25,9238
2359,所羅門,15,4,11,凱基-士林,2024-03-25,9238
6176,瑞儀,13,3,10,凱基-士林,2024-03-25,9238
3490,單井,10,0,10,凱基-士林,2024-03-25,9238
00715L,期街口布蘭特正2,10,0,10,凱基-士林,2024-03-25,9238
1618,合機,10,0,10,凱基-士林,2024-03-25,9238
2535,達欣工,10,0,10,凱基-士林,2024-03-25,9238
3481,群創,89,10,79,凱基-士林,2024-03-26,9238
2356,英業達,93,21,72,凱基-士林,2024-03-26,9238
2888,新光金,68,0,68,凱基-士林,2024-03-26,9238
2618,長榮航,64,1,63,凱基-士林,2024-03-26,9238
2889,國票金,56,0,56,凱基-士林,2024-03-26,9238
00937B,群益ESG投等債20,85,30,55,凱基-士林,2024-03-26,9238
2303,聯電,65,13,52,凱基-士林,2024-03-26,9238
2476,鉅祥,49,0,49,凱基-士林,2024-03-26,9238
1609,大亞,78,29,49,凱基-士林,2024-03-26,9238
2344,華邦電,46,2,44,凱基-士林,2024-03-26,9238
00939,統一台灣高息動能,60,17,43,凱基-士林,2024-03-26,9238
5347,世界,62,22,40,凱基-士林,2024-03-26,9238
9907,統一實,32,0,32,凱基-士林,2024-03-26,9238
1532,勤美,30,0,30,凱基-士林,2024-03-26,9238
00941,中信上游半導體,46,19,27,凱基-士林,2024-03-26,9238
1504,東元,32,6,26,凱基-士林,2024-03-26,9238
2630,亞航,21,0,21,凱基-士林,2024-03-26,9238
6141,柏承,21,0,21,凱基-士林,2024-03-26,9238
1587,吉茂,20,0,20,凱基-士林,2024-03-26,9238
2025,千興,20,0,20,凱基-士林,2024-03-26,9238
3032,偉訓,20,0,20,凱基-士林,2024-03-26,9238
3058,立德,21,1,20,凱基-士林,2024-03-26,9238
5608,四維航,20,0,20,凱基-士林,2024-03-26,9238
6425,易發,20,0,20,凱基-士林,2024-03-26,9238
2401,凌陽,18,0,18,凱基-士林,2024-03-26,9238
8064,東捷,24,6,18,凱基-士林,2024-03-26,9238
4168,醣聯,18,0,18,凱基-士林,2024-03-26,9238
4906,正文,16,0,16,凱基-士林,2024-03-26,9238
1444,力麗,15,0,15,凱基-士林,2024-03-26,9238
1529,樂事綠能,18,3,15,凱基-士林,2024-03-26,9238
3059,華晶科,21,6,15,凱基-士林,2024-03-26,9238
3122,笙泉,15,0,15,凱基-士林,2024-03-26,9238
2353,宏��,16,2,14,凱基-士林,2024-03-26,9238
2408,南亞科,34,20,14,凱基-士林,2024-03-26,9238
3027,盛達,14,0,14,凱基-士林,2024-03-26,9238
5521,工信,13,0,13,凱基-士林,2024-03-26,9238
2301,光寶科,14,2,12,凱基-士林,2024-03-26,9238
8040,九暘,13,1,12,凱基-士林,2024-03-26,9238
2352,佳世達,11,0,11,凱基-士林,2024-03-26,9238
2367,燿華,19,8,11,凱基-士林,2024-03-26,9238
2406,國碩,11,0,11,凱基-士林,2024-03-26,9238
4540,全球傳動,11,0,11,凱基-士林,2024-03-26,9238
2329,華泰,12,2,10,凱基-士林,2024-03-26,9238
6290,良維,18,8,10,凱基-士林,2024-03-26,9238
1785,光洋科,10,0,10,凱基-士林,2024-03-26,9238
00645,富邦日本,10,0,10,凱基-士林,2024-03-26,9238
1104,環泥,10,0,10,凱基-士林,2024-03-26,9238
1227,佳格,10,0,10,凱基-士林,2024-03-26,9238
1301,台塑,12,2,10,凱基-士林,2024-03-26,9238
2460,建通,10,0,10,凱基-士林,2024-03-26,9238
4533,協易機,80,5,75,凱基-士林,2024-03-27,9238
6133,金橋,62,0,62,凱基-士林,2024-03-27,9238
2344,華邦電,57,1,56,凱基-士林,2024-03-27,9238
00632R,元大台灣50反1,56,0,56,凱基-士林,2024-03-27,9238
2331,精英,50,2,48,凱基-士林,2024-03-27,9238
4979,華星光,41,0,41,凱基-士林,2024-03-27,9238
00882,中信中國高股息,41,0,41,凱基-士林,2024-03-27,9238
2476,鉅祥,40,0,40,凱基-士林,2024-03-27,9238
5371,中光電,38,6,32,凱基-士林,2024-03-27,9238
00885,富邦越南,30,0,30,凱基-士林,2024-03-27,9238
1532,勤美,30,0,30,凱基-士林,2024-03-27,9238
1802,台玻,30,0,30,凱基-士林,2024-03-27,9238
8423,保綠-KY,30,0,30,凱基-士林,2024-03-27,9238
3083,網龍,28,1,27,凱基-士林,2024-03-27,9238
4420,光明,27,0,27,凱基-士林,2024-03-27,9238
2301,光寶科,26,0,26,凱基-士林,2024-03-27,9238
1529,樂事綠能,28,3,25,凱基-士林,2024-03-27,9238
2371,大同,92,69,23,凱基-士林,2024-03-27,9238
6282,康舒,22,0,22,凱基-士林,2024-03-27,9238
2481,強茂,63,42,21,凱基-士林,2024-03-27,9238
00904,新光臺灣半導體30,21,0,21,凱基-士林,2024-03-27,9238
1457,宜進,20,0,20,凱基-士林,2024-03-27,9238
9925,新保,20,0,20,凱基-士林,2024-03-27,9238
9945,潤泰新,18,0,18,凱基-士林,2024-03-27,9238
2883,凱基金,60,42,18,凱基-士林,2024-03-27,9238
2889,國票金,16,0,16,凱基-士林,2024-03-27,9238
2206,三陽工業,15,0,15,凱基-士林,2024-03-27,9238
2867,三商壽,15,0,15,凱基-士林,2024-03-27,9238
00857B,永豐20年美公債,14,0,14,凱基-士林,2024-03-27,9238
2405,輔信,15,1,14,凱基-士林,2024-03-27,9238
4951,精拓科,14,0,14,凱基-士林,2024-03-27,9238
2401,凌陽,14,0,14,凱基-士林,2024-03-27,9238
00941,中信上游半導體,29,17,12,凱基-士林,2024-03-27,9238
1603,華電,24,12,12,凱基-士林,2024-03-27,9238
2367,燿華,18,6,12,凱基-士林,2024-03-27,9238
4526,東台,17,6,11,凱基-士林,2024-03-27,9238
8105,凌巨,11,0,11,凱基-士林,2024-03-27,9238
2359,所羅門,14,3,11,凱基-士林,2024-03-27,9238
2002,中鋼,11,1,10,凱基-士林,2024-03-27,9238
1904,正隆,10,0,10,凱基-士林,2024-03-27,9238
1440,南紡,10,0,10,凱基-士林,2024-03-27,9238
2427,三商電,10,0,10,凱基-士林,2024-03-27,9238
8086,宏捷科,10,0,10,凱基-士林,2024-03-27,9238
6139,亞翔,12,2,10,凱基-士林,2024-03-27,9238
4755,三福化,9,0,9,凱基-士林,2024-03-27,9238
2464,盟立,19,10,9,凱基-士林,2024-03-27,9238
2363,矽統,8,0,8,凱基-士林,2024-03-27,9238
3017,奇鋐,8,0,8,凱基-士林,2024-03-27,9238
2356,英業達,17,9,8,凱基-士林,2024-03-27,9238
4168,醣聯,9,1,8,凱基-士林,2024-03-27,9238
2331,精英,106,3,103,凱基-士林,2024-03-28,9238
2476,鉅祥,97,0,97,凱基-士林,2024-03-28,9238
5324,士開,83,5,78,凱基-士林,2024-03-28,9238
00680L,元大美債20正2,61,0,61,凱基-士林,2024-03-28,9238
00882,中信中國高股息,60,0,60,凱基-士林,2024-03-28,9238
2888,新光金,59,0,59,凱基-士林,2024-03-28,9238
8147,正淩,51,1,50,凱基-士林,2024-03-28,9238
5880,合庫金,50,1,49,凱基-士林,2024-03-28,9238
00941,中信上游半導體,50,8,42,凱基-士林,2024-03-28,9238
3706,神達,70,39,31,凱基-士林,2024-03-28,9238
3062,建漢,99,69,30,凱基-士林,2024-03-28,9238
6456,GIS-KY,31,2,29,凱基-士林,2024-03-28,9238
3450,聯鈞,30,2,28,凱基-士林,2024-03-28,9238
4127,天良,33,6,27,凱基-士林,2024-03-28,9238
6743,安普新,26,0,26,凱基-士林,2024-03-28,9238
3036,文曄,24,1,23,凱基-士林,2024-03-28,9238
4541,晟田,23,0,23,凱基-士林,2024-03-28,9238
6163,華電網,23,0,23,凱基-士林,2024-03-28,9238
8423,保綠-KY,22,0,22,凱基-士林,2024-03-28,9238
1815,富喬,23,3,20,凱基-士林,2024-03-28,9238
4533,協易機,20,0,20,凱基-士林,2024-03-28,9238
2486,一詮,20,1,19,凱基-士林,2024-03-28,9238
2882,國泰金,20,2,18,凱基-士林,2024-03-28,9238
5386,青雲,18,0,18,凱基-士林,2024-03-28,9238
2634,漢翔,22,4,18,凱基-士林,2024-03-28,9238
6133,金橋,17,0,17,凱基-士林,2024-03-28,9238
1609,大亞,19,3,16,凱基-士林,2024-03-28,9238
2354,鴻準,35,20,15,凱基-士林,2024-03-28,9238
2408,南亞科,16,1,15,凱基-士林,2024-03-28,9238
4976,佳凌,15,0,15,凱基-士林,2024-03-28,9238
6190,萬泰科,15,0,15,凱基-士林,2024-03-28,9238
8085,福華,26,11,15,凱基-士林,2024-03-28,9238
6770,力積電,16,2,14,凱基-士林,2024-03-28,9238
3406,玉晶光,25,11,14,凱基-士林,2024-03-28,9238
3481,群創,17,5,12,凱基-士林,2024-03-28,9238
1618,合機,14,2,12,凱基-士林,2024-03-28,9238
1718,中纖,22,10,12,凱基-士林,2024-03-28,9238
3703,欣陸,11,0,11,凱基-士林,2024-03-28,9238
4770,上品,11,0,11,凱基-士林,2024-03-28,9238
2489,瑞軒,10,0,10,凱基-士林,2024-03-28,9238
00719B,元大美債1-3,10,0,10,凱基-士林,2024-03-28,9238
1528,恩德,10,0,10,凱基-士林,2024-03-28,9238
2630,亞航,21,11,10,凱基-士林,2024-03-28,9238
5243,乙盛-KY,13,3,10,凱基-士林,2024-03-28,9238
5465,富驊,10,0,10,凱基-士林,2024-03-28,9238
6261,久元,10,0,10,凱基-士林,2024-03-28,9238
6416,瑞祺電通,10,0,10,凱基-士林,2024-03-28,9238
8222,寶一,24,14,10,凱基-士林,2024-03-28,9238
00939,統一台灣高息動能,34,25,9,凱基-士林,2024-03-28,9238
5483,中美晶,11,2,9,凱基-士林,2024-03-28,9238
00632R,元大台灣50反1,504,0,504,凱基-士林,2024-03-29,9238
00937B,群益ESG投等債20,106,0,106,凱基-士林,2024-03-29,9238
0056,元大高股息,100,4,96,凱基-士林,2024-03-29,9238
2476,鉅祥,82,0,82,凱基-士林,2024-03-29,9238
2317,鴻海,94,28,66,凱基-士林,2024-03-29,9238
6743,安普新,59,0,59,凱基-士林,2024-03-29,9238
2331,精英,50,13,37,凱基-士林,2024-03-29,9238
2324,仁寶,32,0,32,凱基-士林,2024-03-29,9238
6274,台燿,34,2,32,凱基-士林,2024-03-29,9238
6753,龍德造船,32,0,32,凱基-士林,2024-03-29,9238
1314,中石化,30,0,30,凱基-士林,2024-03-29,9238
6179,亞通,34,4,30,凱基-士林,2024-03-29,9238
2889,國票金,32,2,30,凱基-士林,2024-03-29,9238
00882,中信中國高股息,28,0,28,凱基-士林,2024-03-29,9238
1815,富喬,42,14,28,凱基-士林,2024-03-29,9238
2308,台達電,35,8,27,凱基-士林,2024-03-29,9238
2634,漢翔,26,3,23,凱基-士林,2024-03-29,9238
3481,群創,23,1,22,凱基-士林,2024-03-29,9238
2356,英業達,160,140,20,凱基-士林,2024-03-29,9238
2228,劍麟,22,2,20,凱基-士林,2024-03-29,9238
5202,力新,21,1,20,凱基-士林,2024-03-29,9238
8933,愛地雅,20,0,20,凱基-士林,2024-03-29,9238
9955,佳龍,20,0,20,凱基-士林,2024-03-29,9238
2603,長榮,35,15,20,凱基-士林,2024-03-29,9238
2301,光寶科,28,12,16,凱基-士林,2024-03-29,9238
5386,青雲,16,0,16,凱基-士林,2024-03-29,9238
2385,群光,15,0,15,凱基-士林,2024-03-29,9238
6257,矽格,15,1,14,凱基-士林,2024-03-29,9238
1609,大亞,17,4,13,凱基-士林,2024-03-29,9238
1618,合機,14,1,13,凱基-士林,2024-03-29,9238
3042,晶技,16,3,13,凱基-士林,2024-03-29,9238
00919,群益台灣精選高息,46,34,12,凱基-士林,2024-03-29,9238
1528,恩德,12,0,12,凱基-士林,2024-03-29,9238
3036,文曄,12,0,12,凱基-士林,2024-03-29,9238
8210,勤誠,12,0,12,凱基-士林,2024-03-29,9238
6442,光聖,10,0,10,凱基-士林,2024-03-29,9238
1513,中興電,25,15,10,凱基-士林,2024-03-29,9238
00752,中信中國50,10,0,10,凱基-士林,2024-03-29,9238
00665L,富邦�琤肭磪囓�2,10,0,10,凱基-士林,2024-03-29,9238
2888,新光金,10,0,10,凱基-士林,2024-03-29,9238
3390,旭軟,10,0,10,凱基-士林,2024-03-29,9238
4804,大略-KY,10,0,10,凱基-士林,2024-03-29,9238
00939,統一台灣高息動能,50,41,9,凱基-士林,2024-03-29,9238
00680L,元大美債20正2,9,0,9,凱基-士林,2024-03-29,9238
5471,松翰,10,1,9,凱基-士林,2024-03-29,9238
6416,瑞祺電通,10,1,9,凱基-士林,2024-03-29,9238
8096,擎亞,10,1,9,凱基-士林,2024-03-29,9238
00753L,中信中國50正2,8,0,8,凱基-士林,2024-03-29,9238
00662,富邦NASDAQ,8,0,8,凱基-士林,2024-03-29,9238
2408,南亞科,9,1,8,凱基-士林,2024-03-29,9238
2382,廣達,358,12,346,凱基-士林,2024-04-01,9238
2476,鉅祥,163,0,163,凱基-士林,2024-04-01,9238
2618,長榮航,178,36,142,凱基-士林,2024-04-01,9238
00637L,元大滬深300正2,120,10,110,凱基-士林,2024-04-01,9238
1815,富喬,103,9,94,凱基-士林,2024-04-01,9238
00939,統一台灣高息動能,67,0,67,凱基-士林,2024-04-01,9238
3481,群創,68,4,64,凱基-士林,2024-04-01,9238
2891,中信金,62,0,62,凱基-士林,2024-04-01,9238
5324,士開,60,0,60,凱基-士林,2024-04-01,9238
6179,亞通,56,5,51,凱基-士林,2024-04-01,9238
00941,中信上游半導體,46,0,46,凱基-士林,2024-04-01,9238
1301,台塑,51,7,44,凱基-士林,2024-04-01,9238
00676R,富邦臺灣加權反1,40,0,40,凱基-士林,2024-04-01,9238
3081,聯亞,40,0,40,凱基-士林,2024-04-01,9238
3231,緯創,59,20,39,凱基-士林,2024-04-01,9238
00937B,群益ESG投等債20,33,0,33,凱基-士林,2024-04-01,9238
2374,佳能,32,1,31,凱基-士林,2024-04-01,9238
2486,一詮,40,9,31,凱基-士林,2024-04-01,9238
3711,日月光投控,32,1,31,凱基-士林,2024-04-01,9238
2337,旺宏,30,1,29,凱基-士林,2024-04-01,9238
6695,芯鼎,25,0,25,凱基-士林,2024-04-01,9238
3707,漢磊,36,13,23,凱基-士林,2024-04-01,9238
00878,國泰永續高股息,24,1,23,凱基-士林,2024-04-01,9238
6443,元晶,35,12,23,凱基-士林,2024-04-01,9238
2371,大同,28,6,22,凱基-士林,2024-04-01,9238
1806,冠軍,21,0,21,凱基-士林,2024-04-01,9238
2538,基泰,21,0,21,凱基-士林,2024-04-01,9238
2834,臺企銀,21,0,21,凱基-士林,2024-04-01,9238
3576,聯合再生,20,0,20,凱基-士林,2024-04-01,9238
00679B,元大美債20年,19,0,19,凱基-士林,2024-04-01,9238
3036,文曄,18,0,18,凱基-士林,2024-04-01,9238
3032,偉訓,19,2,17,凱基-士林,2024-04-01,9238
6197,佳必琪,18,1,17,凱基-士林,2024-04-01,9238
8255,朋程,32,17,15,凱基-士林,2024-04-01,9238
2609,陽明,13,1,12,凱基-士林,2024-04-01,9238
2301,光寶科,12,0,12,凱基-士林,2024-04-01,9238
2603,長榮,15,4,11,凱基-士林,2024-04-01,9238
1303,南亞,12,1,11,凱基-士林,2024-04-01,9238
2352,佳世達,11,0,11,凱基-士林,2024-04-01,9238
1560,中砂,65,55,10,凱基-士林,2024-04-01,9238
2850,新產,10,0,10,凱基-士林,2024-04-01,9238
3010,華立,10,0,10,凱基-士林,2024-04-01,9238
3535,晶彩科,10,0,10,凱基-士林,2024-04-01,9238
6233,旺玖,10,0,10,凱基-士林,2024-04-01,9238
6530,創威,12,2,10,凱基-士林,2024-04-01,9238
2303,聯電,17,8,9,凱基-士林,2024-04-01,9238
1321,大洋,9,0,9,凱基-士林,2024-04-01,9238
2515,中工,11,2,9,凱基-士林,2024-04-01,9238
4127,天良,9,0,9,凱基-士林,2024-04-01,9238
2002,中鋼,11,3,8,凱基-士林,2024-04-01,9238
00632R,元大台灣50反1,1017,0,1017,凱基-士林,2024-04-02,9238
00940,元大台灣價值高息,231,28,203,凱基-士林,2024-04-02,9238
00937B,群益ESG投等債20,167,0,167,凱基-士林,2024-04-02,9238
2371,大同,180,14,166,凱基-士林,2024-04-02,9238
2323,中環,122,2,120,凱基-士林,2024-04-02,9238
00680L,元大美債20正2,101,0,101,凱基-士林,2024-04-02,9238
8473,山林水,62,0,62,凱基-士林,2024-04-02,9238
00941,中信上游半導體,59,0,59,凱基-士林,2024-04-02,9238
00655L,國泰中國A50正2,54,0,54,凱基-士林,2024-04-02,9238
8011,台通,50,2,48,凱基-士林,2024-04-02,9238
0056,元大高股息,44,1,43,凱基-士林,2024-04-02,9238
2618,長榮航,42,0,42,凱基-士林,2024-04-02,9238
00676R,富邦臺灣加權反1,35,0,35,凱基-士林,2024-04-02,9238
4557,永新-KY,35,0,35,凱基-士林,2024-04-02,9238
1815,富喬,36,6,30,凱基-士林,2024-04-02,9238
3402,漢科,30,0,30,凱基-士林,2024-04-02,9238
1560,中砂,58,29,29,凱基-士林,2024-04-02,9238
6753,龍德造船,27,0,27,凱基-士林,2024-04-02,9238
3036,文曄,26,0,26,凱基-士林,2024-04-02,9238
5521,工信,31,5,26,凱基-士林,2024-04-02,9238
00679B,元大美債20年,28,3,25,凱基-士林,2024-04-02,9238
00637L,元大滬深300正2,32,7,25,凱基-士林,2024-04-02,9238
2344,華邦電,31,6,25,凱基-士林,2024-04-02,9238
2324,仁寶,25,3,22,凱基-士林,2024-04-02,9238
2369,菱生,21,0,21,凱基-士林,2024-04-02,9238
00687B,國泰20年美債,22,2,20,凱基-士林,2024-04-02,9238
006206,元大上證50,20,0,20,凱基-士林,2024-04-02,9238
1303,南亞,22,3,19,凱基-士林,2024-04-02,9238
2002,中鋼,32,14,18,凱基-士林,2024-04-02,9238
00688L,國泰20年美債正2,18,0,18,凱基-士林,2024-04-02,9238
00919,群益台灣精選高息,25,8,17,凱基-士林,2024-04-02,9238
6275,元山,17,0,17,凱基-士林,2024-04-02,9238
2812,台中銀,17,0,17,凱基-士林,2024-04-02,9238
2409,友達,16,1,15,凱基-士林,2024-04-02,9238
3041,揚智,15,0,15,凱基-士林,2024-04-02,9238
6188,廣明,14,0,14,凱基-士林,2024-04-02,9238
00726B,國泰新興投等債,14,0,14,凱基-士林,2024-04-02,9238
6177,達麗,15,1,14,凱基-士林,2024-04-02,9238
2449,京元電子,15,1,14,凱基-士林,2024-04-02,9238
3017,奇鋐,17,4,13,凱基-士林,2024-04-02,9238
00929,復華台灣科技優息,43,31,12,凱基-士林,2024-04-02,9238
3059,華晶科,12,0,12,凱基-士林,2024-04-02,9238
8096,擎亞,15,4,11,凱基-士林,2024-04-02,9238
8110,華東,15,4,11,凱基-士林,2024-04-02,9238
00751B,元大AAA至A公司債,17,7,10,凱基-士林,2024-04-02,9238
00902,中信電池及儲能,10,0,10,凱基-士林,2024-04-02,9238
1504,東元,17,7,10,凱基-士林,2024-04-02,9238
1528,恩德,12,2,10,凱基-士林,2024-04-02,9238
1809,中釉,10,0,10,凱基-士林,2024-04-02,9238
2906,高林,10,0,10,凱基-士林,2024-04-02,9238
3587,閎康,128,0,128,凱基-士林,2024-04-03,9238
3481,群創,114,7,107,凱基-士林,2024-04-03,9238
2409,友達,77,1,76,凱基-士林,2024-04-03,9238
00673R,期元大S＆P原油反1,62,0,62,凱基-士林,2024-04-03,9238
00941,中信上游半導體,61,0,61,凱基-士林,2024-04-03,9238
2882,國泰金,62,3,59,凱基-士林,2024-04-03,9238
2344,華邦電,65,7,58,凱基-士林,2024-04-03,9238
00687B,國泰20年美債,57,0,57,凱基-士林,2024-04-03,9238
00929,復華台灣科技優息,60,10,50,凱基-士林,2024-04-03,9238
00679B,元大美債20年,33,2,31,凱基-士林,2024-04-03,9238
0056,元大高股息,29,1,28,凱基-士林,2024-04-03,9238
1815,富喬,43,15,28,凱基-士林,2024-04-03,9238
2002,中鋼,335,308,27,凱基-士林,2024-04-03,9238
6472,保瑞,30,3,27,凱基-士林,2024-04-03,9238
1101,台泥,32,7,25,凱基-士林,2024-04-03,9238
00665L,富邦�琤肭磪囓�2,25,1,24,凱基-士林,2024-04-03,9238
00878,國泰永續高股息,24,1,23,凱基-士林,2024-04-03,9238
3032,偉訓,24,1,23,凱基-士林,2024-04-03,9238
3036,文曄,28,5,23,凱基-士林,2024-04-03,9238
00650L,復華香港正2,23,1,22,凱基-士林,2024-04-03,9238
8088,品安,29,7,22,凱基-士林,2024-04-03,9238
2888,新光金,21,0,21,凱基-士林,2024-04-03,9238
5222,全訊,20,0,20,凱基-士林,2024-04-03,9238
2486,一詮,39,21,18,凱基-士林,2024-04-03,9238
1301,台塑,20,2,18,凱基-士林,2024-04-03,9238
4804,大略-KY,20,2,18,凱基-士林,2024-04-03,9238
00933B,國泰10Y+金融債,21,5,16,凱基-士林,2024-04-03,9238
00931B,統一美債20年,15,0,15,凱基-士林,2024-04-03,9238
00700,富邦�琤肭磪�,15,0,15,凱基-士林,2024-04-03,9238
2377,微星,15,0,15,凱基-士林,2024-04-03,9238
2402,毅嘉,15,0,15,凱基-士林,2024-04-03,9238
6152,百一,15,0,15,凱基-士林,2024-04-03,9238
8936,國統,15,0,15,凱基-士林,2024-04-03,9238
2356,英業達,27,13,14,凱基-士林,2024-04-03,9238
8064,東捷,45,31,14,凱基-士林,2024-04-03,9238
00902,中信電池及儲能,13,0,13,凱基-士林,2024-04-03,9238
2476,鉅祥,13,0,13,凱基-士林,2024-04-03,9238
6231,系微,14,1,13,凱基-士林,2024-04-03,9238
2610,華航,15,3,12,凱基-士林,2024-04-03,9238
2382,廣達,17,5,12,凱基-士林,2024-04-03,9238
2618,長榮航,12,0,12,凱基-士林,2024-04-03,9238
5347,世界,15,3,12,凱基-士林,2024-04-03,9238
4303,信立,14,2,12,凱基-士林,2024-04-03,9238
4533,協易機,11,0,11,凱基-士林,2024-04-03,9238
00891,中信關鍵半導體,11,0,11,凱基-士林,2024-04-03,9238
2371,大同,20,9,11,凱基-士林,2024-04-03,9238
2354,鴻準,11,1,10,凱基-士林,2024-04-03,9238
00919,群益台灣精選高息,20,10,10,凱基-士林,2024-04-03,9238
2501,國建,10,0,10,凱基-士林,2024-04-03,9238
3372,典範,10,0,10,凱基-士林,2024-04-03,9238
00632R,元大台灣50反1,1498,0,1498,凱基-士林,2024-04-08,9238
00688L,國泰20年美債正2,652,0,652,凱基-士林,2024-04-08,9238
5512,力麒,400,5,395,凱基-士林,2024-04-08,9238
00665L,富邦�琤肭磪囓�2,200,0,200,凱基-士林,2024-04-08,9238
1612,宏泰,190,10,180,凱基-士林,2024-04-08,9238
00937B,群益ESG投等債20,96,0,96,凱基-士林,2024-04-08,9238
4967,十銓,78,3,75,凱基-士林,2024-04-08,9238
9907,統一實,66,0,66,凱基-士林,2024-04-08,9238
3498,陽程,58,0,58,凱基-士林,2024-04-08,9238
00753L,中信中國50正2,56,3,53,凱基-士林,2024-04-08,9238
5425,台半,52,1,51,凱基-士林,2024-04-08,9238
00650L,復華香港正2,46,0,46,凱基-士林,2024-04-08,9238
00679B,元大美債20年,56,10,46,凱基-士林,2024-04-08,9238
2038,海光,49,4,45,凱基-士林,2024-04-08,9238
5347,世界,72,27,45,凱基-士林,2024-04-08,9238
00919,群益台灣精選高息,42,2,40,凱基-士林,2024-04-08,9238
00929,復華台灣科技優息,38,5,33,凱基-士林,2024-04-08,9238
2356,英業達,34,1,33,凱基-士林,2024-04-08,9238
3036,文曄,37,4,33,凱基-士林,2024-04-08,9238
6153,嘉聯益,30,0,30,凱基-士林,2024-04-08,9238
2354,鴻準,29,2,27,凱基-士林,2024-04-08,9238
5493,三聯,25,0,25,凱基-士林,2024-04-08,9238
3059,華晶科,30,6,24,凱基-士林,2024-04-08,9238
3071,協禧,20,0,20,凱基-士林,2024-04-08,9238
911608,明輝-DR,20,0,20,凱基-士林,2024-04-08,9238
4127,天良,19,0,19,凱基-士林,2024-04-08,9238
00687B,國泰20年美債,27,10,17,凱基-士林,2024-04-08,9238
3706,神達,13,0,13,凱基-士林,2024-04-08,9238
00933B,國泰10Y+金融債,12,0,12,凱基-士林,2024-04-08,9238
2371,大同,44,32,12,凱基-士林,2024-04-08,9238
4911,德英,12,0,12,凱基-士林,2024-04-08,9238
9802,鈺齊-KY,12,0,12,凱基-士林,2024-04-08,9238
6414,樺漢,11,0,11,凱基-士林,2024-04-08,9238
2539,櫻花建,16,5,11,凱基-士林,2024-04-08,9238
1477,聚陽,10,0,10,凱基-士林,2024-04-08,9238
2516,新建,10,0,10,凱基-士林,2024-04-08,9238
3265,台星科,13,3,10,凱基-士林,2024-04-08,9238
3312,弘憶股,10,0,10,凱基-士林,2024-04-08,9238
3543,州巧,10,0,10,凱基-士林,2024-04-08,9238
3576,聯合再生,10,0,10,凱基-士林,2024-04-08,9238
6207,雷科,31,21,10,凱基-士林,2024-04-08,9238
1785,光洋科,9,0,9,凱基-士林,2024-04-08,9238
2367,燿華,12,4,8,凱基-士林,2024-04-08,9238
9925,新保,8,0,8,凱基-士林,2024-04-08,9238
00931B,統一美債20年,7,0,7,凱基-士林,2024-04-08,9238
1524,耿鼎,7,0,7,凱基-士林,2024-04-08,9238
1796,金穎生技,7,0,7,凱基-士林,2024-04-08,9238
2486,一詮,10,3,7,凱基-士林,2024-04-08,9238
3450,聯鈞,7,0,7,凱基-士林,2024-04-08,9238
2382,廣達,10,3,7,凱基-士林,2024-04-08,9238
00632R,元大台灣50反1,5995,0,5995,凱基-士林,2024-04-09,9238
1795,美時,100,0,100,凱基-士林,2024-04-09,9238
1815,富喬,106,10,96,凱基-士林,2024-04-09,9238
2548,華固,60,0,60,凱基-士林,2024-04-09,9238
2324,仁寶,64,5,59,凱基-士林,2024-04-09,9238
00637L,元大滬深300正2,53,0,53,凱基-士林,2024-04-09,9238
00680L,元大美債20正2,55,2,53,凱基-士林,2024-04-09,9238
3231,緯創,65,17,48,凱基-士林,2024-04-09,9238
00676R,富邦臺灣加權反1,38,0,38,凱基-士林,2024-04-09,9238
00940,元大台灣價值高息,39,9,30,凱基-士林,2024-04-09,9238
3706,神達,27,0,27,凱基-士林,2024-04-09,9238
00941,中信上游半導體,27,0,27,凱基-士林,2024-04-09,9238
6189,豐藝,32,7,25,凱基-士林,2024-04-09,9238
3036,文曄,27,5,22,凱基-士林,2024-04-09,9238
3576,聯合再生,20,0,20,凱基-士林,2024-04-09,9238
6005,群益證,19,0,19,凱基-士林,2024-04-09,9238
2354,鴻準,25,7,18,凱基-士林,2024-04-09,9238
2382,廣達,24,6,18,凱基-士林,2024-04-09,9238
2374,佳能,22,4,18,凱基-士林,2024-04-09,9238
00939,統一台灣高息動能,16,0,16,凱基-士林,2024-04-09,9238
3167,大量,18,2,16,凱基-士林,2024-04-09,9238
8040,九暘,16,0,16,凱基-士林,2024-04-09,9238
1612,宏泰,27,12,15,凱基-士林,2024-04-09,9238
2010,春源,25,10,15,凱基-士林,2024-04-09,9238
6546,正基,15,1,14,凱基-士林,2024-04-09,9238
3260,威剛,13,0,13,凱基-士林,2024-04-09,9238
00937B,群益ESG投等債20,12,0,12,凱基-士林,2024-04-09,9238
2405,輔信,12,0,12,凱基-士林,2024-04-09,9238
3481,群創,79,68,11,凱基-士林,2024-04-09,9238
6257,矽格,11,0,11,凱基-士林,2024-04-09,9238
6290,良維,10,0,10,凱基-士林,2024-04-09,9238
00696B,富邦美債20年,10,0,10,凱基-士林,2024-04-09,9238
2070,精湛,10,0,10,凱基-士林,2024-04-09,9238
2460,建通,10,0,10,凱基-士林,2024-04-09,9238
8011,台通,13,4,9,凱基-士林,2024-04-09,9238
2313,華通,13,4,9,凱基-士林,2024-04-09,9238
2537,聯上發,9,0,9,凱基-士林,2024-04-09,9238
00919,群益台灣精選高息,11,3,8,凱基-士林,2024-04-09,9238
3176,基亞,8,0,8,凱基-士林,2024-04-09,9238
6743,安普新,8,0,8,凱基-士林,2024-04-09,9238
6840,東研信超,8,0,8,凱基-士林,2024-04-09,9238
6535,順藥,8,1,7,凱基-士林,2024-04-09,9238
1584,精剛,10,3,7,凱基-士林,2024-04-09,9238
3028,增你強,7,0,7,凱基-士林,2024-04-09,9238
3217,優群,7,0,7,凱基-士林,2024-04-09,9238
00878,國泰永續高股息,11,4,7,凱基-士林,2024-04-09,9238
00922,國泰台灣領袖50,6,0,6,凱基-士林,2024-04-09,9238
6753,龍德造船,9,3,6,凱基-士林,2024-04-09,9238
00679B,元大美債20年,6,0,6,凱基-士林,2024-04-09,9238
00733,富邦臺灣中小,5,0,5,凱基-士林,2024-04-09,9238
2634,漢翔,138,11,127,凱基-士林,2024-04-10,9238
00929,復華台灣科技優息,128,9,119,凱基-士林,2024-04-10,9238
4532,瑞智,101,1,100,凱基-士林,2024-04-10,9238
00940,元大台灣價值高息,104,9,95,凱基-士林,2024-04-10,9238
2641,正德,80,1,79,凱基-士林,2024-04-10,9238
2515,中工,522,458,64,凱基-士林,2024-04-10,9238
2382,廣達,65,4,61,凱基-士林,2024-04-10,9238
00878,國泰永續高股息,66,6,60,凱基-士林,2024-04-10,9238
00680L,元大美債20正2,49,0,49,凱基-士林,2024-04-10,9238
6244,茂迪,51,3,48,凱基-士林,2024-04-10,9238
9946,三發地產,46,1,45,凱基-士林,2024-04-10,9238
2371,大同,47,3,44,凱基-士林,2024-04-10,9238
6188,廣明,45,3,42,凱基-士林,2024-04-10,9238
1101,台泥,48,8,40,凱基-士林,2024-04-10,9238
2535,達欣工,37,0,37,凱基-士林,2024-04-10,9238
2838,聯邦銀,37,0,37,凱基-士林,2024-04-10,9238
00937B,群益ESG投等債20,33,0,33,凱基-士林,2024-04-10,9238
00632R,元大台灣50反1,30,0,30,凱基-士林,2024-04-10,9238
5227,立凱-KY,30,0,30,凱基-士林,2024-04-10,9238
6753,龍德造船,32,5,27,凱基-士林,2024-04-10,9238
6016,康和證,26,0,26,凱基-士林,2024-04-10,9238
2317,鴻海,41,17,24,凱基-士林,2024-04-10,9238
6462,神盾,24,0,24,凱基-士林,2024-04-10,9238
8085,福華,26,2,24,凱基-士林,2024-04-10,9238
00941,中信上游半導體,29,7,22,凱基-士林,2024-04-10,9238
3481,群創,34,13,21,凱基-士林,2024-04-10,9238
00664R,國泰臺灣加權反1,20,0,20,凱基-士林,2024-04-10,9238
2105,正新,20,1,19,凱基-士林,2024-04-10,9238
6215,和椿,21,2,19,凱基-士林,2024-04-10,9238
2356,英業達,40,21,19,凱基-士林,2024-04-10,9238
6770,力積電,25,9,16,凱基-士林,2024-04-10,9238
3059,華晶科,24,8,16,凱基-士林,2024-04-10,9238
4554,橙的,15,0,15,凱基-士林,2024-04-10,9238
2883,凱基金,18,3,15,凱基-士林,2024-04-10,9238
2376,技嘉,15,2,13,凱基-士林,2024-04-10,9238
2464,盟立,33,20,13,凱基-士林,2024-04-10,9238
8933,愛地雅,13,0,13,凱基-士林,2024-04-10,9238
1717,長興,22,10,12,凱基-士林,2024-04-10,9238
2401,凌陽,13,1,12,凱基-士林,2024-04-10,9238
1513,中興電,49,37,12,凱基-士林,2024-04-10,9238
3548,兆利,12,1,11,凱基-士林,2024-04-10,9238
2427,三商電,57,46,11,凱基-士林,2024-04-10,9238
3260,威剛,57,46,11,凱基-士林,2024-04-10,9238
1611,中電,10,0,10,凱基-士林,2024-04-10,9238
2520,冠德,10,0,10,凱基-士林,2024-04-10,9238
6156,松上,10,0,10,凱基-士林,2024-04-10,9238
8092,建暐,10,0,10,凱基-士林,2024-04-10,9238
2038,海光,11,1,10,凱基-士林,2024-04-10,9238
2609,陽明,19,10,9,凱基-士林,2024-04-10,9238
2206,三陽工業,10,1,9,凱基-士林,2024-04-10,9238
00688L,國泰20年美債正2,324,0,324,凱基-士林,2024-04-11,9238
3481,群創,253,8,245,凱基-士林,2024-04-11,9238
2888,新光金,209,5,204,凱基-士林,2024-04-11,9238
3062,建漢,200,0,200,凱基-士林,2024-04-11,9238
4906,正文,120,4,116,凱基-士林,2024-04-11,9238
00632R,元大台灣50反1,150,35,115,凱基-士林,2024-04-11,9238
2332,友訊,108,4,104,凱基-士林,2024-04-11,9238
2634,漢翔,108,16,92,凱基-士林,2024-04-11,9238
00937B,群益ESG投等債20,195,114,81,凱基-士林,2024-04-11,9238
00940,元大台灣價值高息,76,0,76,凱基-士林,2024-04-11,9238
2331,精英,75,1,74,凱基-士林,2024-04-11,9238
2303,聯電,74,0,74,凱基-士林,2024-04-11,9238
4714,永捷,125,61,64,凱基-士林,2024-04-11,9238
2317,鴻海,97,36,61,凱基-士林,2024-04-11,9238
00637L,元大滬深300正2,50,0,50,凱基-士林,2024-04-11,9238
00687B,國泰20年美債,126,77,49,凱基-士林,2024-04-11,9238
00712,復華富時不動產,41,0,41,凱基-士林,2024-04-11,9238
00941,中信上游半導體,40,0,40,凱基-士林,2024-04-11,9238
5425,台半,38,2,36,凱基-士林,2024-04-11,9238
1609,大亞,44,10,34,凱基-士林,2024-04-11,9238
00679B,元大美債20年,44,10,34,凱基-士林,2024-04-11,9238
6282,康舒,53,22,31,凱基-士林,2024-04-11,9238
6753,龍德造船,30,0,30,凱基-士林,2024-04-11,9238
00905,FT臺灣Smart,30,0,30,凱基-士林,2024-04-11,9238
1305,華夏,30,0,30,凱基-士林,2024-04-11,9238
00650L,復華香港正2,29,0,29,凱基-士林,2024-04-11,9238
1314,中石化,30,1,29,凱基-士林,2024-04-11,9238
2535,達欣工,27,0,27,凱基-士林,2024-04-11,9238
6727,亞泰金屬,30,3,27,凱基-士林,2024-04-11,9238
00939,統一台灣高息動能,24,1,23,凱基-士林,2024-04-11,9238
2313,華通,24,1,23,凱基-士林,2024-04-11,9238
00929,復華台灣科技優息,34,11,23,凱基-士林,2024-04-11,9238
8105,凌巨,22,1,21,凱基-士林,2024-04-11,9238
2427,三商電,23,2,21,凱基-士林,2024-04-11,9238
00719B,元大美債1-3,24,3,21,凱基-士林,2024-04-11,9238
00857B,永豐20年美公債,20,0,20,凱基-士林,2024-04-11,9238
2349,錸德,20,1,19,凱基-士林,2024-04-11,9238
00933B,國泰10Y+金融債,20,1,19,凱基-士林,2024-04-11,9238
6283,淳安,20,1,19,凱基-士林,2024-04-11,9238
3260,威剛,23,4,19,凱基-士林,2024-04-11,9238
1608,華榮,41,24,17,凱基-士林,2024-04-11,9238
2488,漢平,17,0,17,凱基-士林,2024-04-11,9238
4804,大略-KY,17,0,17,凱基-士林,2024-04-11,9238
00772B,中信高評級公司債,16,0,16,凱基-士林,2024-04-11,9238
2344,華邦電,17,1,16,凱基-士林,2024-04-11,9238
3013,晟銘電,31,15,16,凱基-士林,2024-04-11,9238
6188,廣明,22,6,16,凱基-士林,2024-04-11,9238
3231,緯創,29,13,16,凱基-士林,2024-04-11,9238
3706,神達,15,0,15,凱基-士林,2024-04-11,9238
00680L,元大美債20正2,15,0,15,凱基-士林,2024-04-11,9238
2618,長榮航,479,1,478,凱基-士林,2024-04-12,9238
2382,廣達,379,1,378,凱基-士林,2024-04-12,9238
3481,群創,138,44,94,凱基-士林,2024-04-12,9238
00937B,群益ESG投等債20,100,9,91,凱基-士林,2024-04-12,9238
2476,鉅祥,93,2,91,凱基-士林,2024-04-12,9238
1301,台塑,91,1,90,凱基-士林,2024-04-12,9238
2641,正德,101,21,80,凱基-士林,2024-04-12,9238
2371,大同,364,287,77,凱基-士林,2024-04-12,9238
2881A,富邦特,70,0,70,凱基-士林,2024-04-12,9238
2033,佳大,70,5,65,凱基-士林,2024-04-12,9238
2374,佳能,76,12,64,凱基-士林,2024-04-12,9238
6283,淳安,61,0,61,凱基-士林,2024-04-12,9238
2363,矽統,134,74,60,凱基-士林,2024-04-12,9238
6116,彩晶,55,0,55,凱基-士林,2024-04-12,9238
2002,中鋼,50,0,50,凱基-士林,2024-04-12,9238
2323,中環,50,0,50,凱基-士林,2024-04-12,9238
3557,嘉威,46,0,46,凱基-士林,2024-04-12,9238
00687B,國泰20年美債,39,0,39,凱基-士林,2024-04-12,9238
1455,集盛,40,1,39,凱基-士林,2024-04-12,9238
2883,凱基金,37,0,37,凱基-士林,2024-04-12,9238
00650L,復華香港正2,40,7,33,凱基-士林,2024-04-12,9238
2353,宏��,45,14,31,凱基-士林,2024-04-12,9238
2356,英業達,33,2,31,凱基-士林,2024-04-12,9238
1447,力鵬,28,0,28,凱基-士林,2024-04-12,9238
2344,華邦電,27,0,27,凱基-士林,2024-04-12,9238
2535,達欣工,25,0,25,凱基-士林,2024-04-12,9238
3162,精確,23,0,23,凱基-士林,2024-04-12,9238
00940,元大台灣價值高息,39,17,22,凱基-士林,2024-04-12,9238
6235,華孚,22,1,21,凱基-士林,2024-04-12,9238
1560,中砂,21,0,21,凱基-士林,2024-04-12,9238
3013,晟銘電,24,3,21,凱基-士林,2024-04-12,9238
2390,云辰,19,0,19,凱基-士林,2024-04-12,9238
0056,元大高股息,16,0,16,凱基-士林,2024-04-12,9238
2352,佳世達,17,1,16,凱基-士林,2024-04-12,9238
2488,漢平,15,0,15,凱基-士林,2024-04-12,9238
2888,新光金,18,5,13,凱基-士林,2024-04-12,9238
2834,臺企銀,13,0,13,凱基-士林,2024-04-12,9238
2885,元大金,12,0,12,凱基-士林,2024-04-12,9238
6133,金橋,12,0,12,凱基-士林,2024-04-12,9238
4526,東台,13,1,12,凱基-士林,2024-04-12,9238
2605,新興,12,1,11,凱基-士林,2024-04-12,9238
00927,群益半導體收益,10,0,10,凱基-士林,2024-04-12,9238
00795B,中信美國公債20年,10,0,10,凱基-士林,2024-04-12,9238
00665L,富邦�琤肭磪囓�2,10,0,10,凱基-士林,2024-04-12,9238
00700,富邦�琤肭磪�,10,0,10,凱基-士林,2024-04-12,9238
1570,力肯,10,0,10,凱基-士林,2024-04-12,9238
2836,高雄銀,10,0,10,凱基-士林,2024-04-12,9238
5009,榮剛,20,10,10,凱基-士林,2024-04-12,9238
8222,寶一,10,0,10,凱基-士林,2024-04-12,9238
2329,華泰,13,4,9,凱基-士林,2024-04-12,9238
6177,達麗,500,0,500,凱基-士林,2024-04-15,9238
2867,三商壽,351,26,325,凱基-士林,2024-04-15,9238
5521,工信,269,0,269,凱基-士林,2024-04-15,9238
00940,元大台灣價值高息,107,0,107,凱基-士林,2024-04-15,9238
00665L,富邦�琤肭磪囓�2,104,0,104,凱基-士林,2024-04-15,9238
00929,復華台灣科技優息,98,0,98,凱基-士林,2024-04-15,9238
2331,精英,244,150,94,凱基-士林,2024-04-15,9238
2371,大同,140,54,86,凱基-士林,2024-04-15,9238
00937B,群益ESG投等債20,84,0,84,凱基-士林,2024-04-15,9238
5511,德昌,83,0,83,凱基-士林,2024-04-15,9238
0056,元大高股息,81,12,69,凱基-士林,2024-04-15,9238
2344,華邦電,83,22,61,凱基-士林,2024-04-15,9238
2317,鴻海,55,9,46,凱基-士林,2024-04-15,9238
4960,誠美材,46,2,44,凱基-士林,2024-04-15,9238
3033,威健,41,0,41,凱基-士林,2024-04-15,9238
2888,新光金,40,0,40,凱基-士林,2024-04-15,9238
1608,華榮,48,10,38,凱基-士林,2024-04-15,9238
00680L,元大美債20正2,37,0,37,凱基-士林,2024-04-15,9238
00939,統一台灣高息動能,43,7,36,凱基-士林,2024-04-15,9238
1455,集盛,30,0,30,凱基-士林,2024-04-15,9238
00650L,復華香港正2,30,1,29,凱基-士林,2024-04-15,9238
5340,建榮,29,0,29,凱基-士林,2024-04-15,9238
2002,中鋼,31,3,28,凱基-士林,2024-04-15,9238
9907,統一實,27,0,27,凱基-士林,2024-04-15,9238
00919,群益台灣精選高息,34,7,27,凱基-士林,2024-04-15,9238
3576,聯合再生,27,1,26,凱基-士林,2024-04-15,9238
2388,威盛,28,3,25,凱基-士林,2024-04-15,9238
3543,州巧,25,0,25,凱基-士林,2024-04-15,9238
1101,台泥,36,12,24,凱基-士林,2024-04-15,9238
00927,群益半導體收益,22,0,22,凱基-士林,2024-04-15,9238
9105,泰金寶-DR,22,0,22,凱基-士林,2024-04-15,9238
00733,富邦臺灣中小,21,0,21,凱基-士林,2024-04-15,9238
2303,聯電,26,6,20,凱基-士林,2024-04-15,9238
1447,力鵬,20,0,20,凱基-士林,2024-04-15,9238
3312,弘憶股,29,9,20,凱基-士林,2024-04-15,9238
3622,洋華,24,4,20,凱基-士林,2024-04-15,9238
1453,大將,22,2,20,凱基-士林,2024-04-15,9238
1731,美吾華,18,0,18,凱基-士林,2024-04-15,9238
3059,華晶科,23,5,18,凱基-士林,2024-04-15,9238
2618,長榮航,18,1,17,凱基-士林,2024-04-15,9238
3260,威剛,20,3,17,凱基-士林,2024-04-15,9238
1513,中興電,41,24,17,凱基-士林,2024-04-15,9238
2359,所羅門,16,0,16,凱基-士林,2024-04-15,9238
2374,佳能,61,45,16,凱基-士林,2024-04-15,9238
2408,南亞科,19,4,15,凱基-士林,2024-04-15,9238
8070,長華*,15,0,15,凱基-士林,2024-04-15,9238
00941,中信上游半導體,15,1,14,凱基-士林,2024-04-15,9238
2313,華通,20,6,14,凱基-士林,2024-04-15,9238
2323,中環,15,2,13,凱基-士林,2024-04-15,9238
3032,偉訓,13,0,13,凱基-士林,2024-04-15,9238
2371,大同,558,27,531,凱基-士林,2024-04-16,9238
00940,元大台灣價值高息,351,1,350,凱基-士林,2024-04-16,9238
2331,精英,310,1,309,凱基-士林,2024-04-16,9238
00937B,群益ESG投等債20,265,3,262,凱基-士林,2024-04-16,9238
1101,台泥,243,30,213,凱基-士林,2024-04-16,9238
2317,鴻海,141,24,117,凱基-士林,2024-04-16,9238
00919,群益台灣精選高息,164,52,112,凱基-士林,2024-04-16,9238
00929,復華台灣科技優息,264,153,111,凱基-士林,2024-04-16,9238
5521,工信,104,6,98,凱基-士林,2024-04-16,9238
00632R,元大台灣50反1,95,17,78,凱基-士林,2024-04-16,9238
2344,華邦電,86,9,77,凱基-士林,2024-04-16,9238
2382,廣達,78,12,66,凱基-士林,2024-04-16,9238
3481,群創,1063,1001,62,凱基-士林,2024-04-16,9238
8054,安國,67,5,62,凱基-士林,2024-04-16,9238
2892,第一金,60,0,60,凱基-士林,2024-04-16,9238
2883,凱基金,57,1,56,凱基-士林,2024-04-16,9238
3231,緯創,62,6,56,凱基-士林,2024-04-16,9238
00878,國泰永續高股息,133,78,55,凱基-士林,2024-04-16,9238
00939,統一台灣高息動能,57,3,54,凱基-士林,2024-04-16,9238
00650L,復華香港正2,53,0,53,凱基-士林,2024-04-16,9238
9907,統一實,53,0,53,凱基-士林,2024-04-16,9238
00680L,元大美債20正2,72,20,52,凱基-士林,2024-04-16,9238
2352,佳世達,47,0,47,凱基-士林,2024-04-16,9238
9105,泰金寶-DR,57,12,45,凱基-士林,2024-04-16,9238
00934,中信成長高股息,50,8,42,凱基-士林,2024-04-16,9238
1528,恩德,36,0,36,凱基-士林,2024-04-16,9238
2897,王道銀行,36,0,36,凱基-士林,2024-04-16,9238
4958,臻鼎-KY,34,1,33,凱基-士林,2024-04-16,9238
2881,富邦金,34,2,32,凱基-士林,2024-04-16,9238
4915,致伸,31,0,31,凱基-士林,2024-04-16,9238
2867,三商壽,128,98,30,凱基-士林,2024-04-16,9238
00900,富邦特選高股息30,33,3,30,凱基-士林,2024-04-16,9238
2882,國泰金,36,7,29,凱基-士林,2024-04-16,9238
2527,宏璟,26,1,25,凱基-士林,2024-04-16,9238
2596,綠意,30,5,25,凱基-士林,2024-04-16,9238
2834,臺企銀,32,8,24,凱基-士林,2024-04-16,9238
2888,新光金,34,10,24,凱基-士林,2024-04-16,9238
4979,華星光,23,0,23,凱基-士林,2024-04-16,9238
6116,彩晶,23,0,23,凱基-士林,2024-04-16,9238
2838,聯邦銀,22,0,22,凱基-士林,2024-04-16,9238
2812,台中銀,21,0,21,凱基-士林,2024-04-16,9238
3706,神達,22,2,20,凱基-士林,2024-04-16,9238
1220,台榮,20,0,20,凱基-士林,2024-04-16,9238
2633,台灣高鐵,20,0,20,凱基-士林,2024-04-16,9238
1314,中石化,20,1,19,凱基-士林,2024-04-16,9238
2618,長榮航,19,1,18,凱基-士林,2024-04-16,9238
2356,英業達,55,38,17,凱基-士林,2024-04-16,9238
2548,華固,18,1,17,凱基-士林,2024-04-16,9238
00918,大華優利高填息30,21,4,17,凱基-士林,2024-04-16,9238
6770,力積電,36,20,16,凱基-士林,2024-04-16,9238
4167,松瑞藥,290,0,290,凱基-士林,2024-04-17,9238
00937B,群益ESG投等債20,181,0,181,凱基-士林,2024-04-17,9238
2867,三商壽,205,31,174,凱基-士林,2024-04-17,9238
0056,元大高股息,112,0,112,凱基-士林,2024-04-17,9238
00665L,富邦�琤肭磪囓�2,100,0,100,凱基-士林,2024-04-17,9238
00919,群益台灣精選高息,106,15,91,凱基-士林,2024-04-17,9238
2356,英業達,66,6,60,凱基-士林,2024-04-17,9238
2002,中鋼,58,3,55,凱基-士林,2024-04-17,9238
2540,愛山林,45,0,45,凱基-士林,2024-04-17,9238
00929,復華台灣科技優息,115,73,42,凱基-士林,2024-04-17,9238
4564,元翎,40,0,40,凱基-士林,2024-04-17,9238
1301,台塑,37,0,37,凱基-士林,2024-04-17,9238
3231,緯創,44,14,30,凱基-士林,2024-04-17,9238
8390,金益鼎,30,1,29,凱基-士林,2024-04-17,9238
00687B,國泰20年美債,28,1,27,凱基-士林,2024-04-17,9238
00915,凱基優選高股息30,26,0,26,凱基-士林,2024-04-17,9238
00650L,復華香港正2,31,5,26,凱基-士林,2024-04-17,9238
3481,群創,26,0,26,凱基-士林,2024-04-17,9238
8046,南電,25,0,25,凱基-士林,2024-04-17,9238
00720B,元大投資級公司債,24,0,24,凱基-士林,2024-04-17,9238
00679B,元大美債20年,23,0,23,凱基-士林,2024-04-17,9238
2382,廣達,29,9,20,凱基-士林,2024-04-17,9238
2408,南亞科,20,0,20,凱基-士林,2024-04-17,9238
1402,遠東新,20,0,20,凱基-士林,2024-04-17,9238
2331,精英,25,5,20,凱基-士林,2024-04-17,9238
3260,威剛,50,31,19,凱基-士林,2024-04-17,9238
6274,台燿,22,3,19,凱基-士林,2024-04-17,9238
3707,漢磊,20,1,19,凱基-士林,2024-04-17,9238
00940,元大台灣價值高息,34,16,18,凱基-士林,2024-04-17,9238
2881,富邦金,18,0,18,凱基-士林,2024-04-17,9238
6770,力積電,20,3,17,凱基-士林,2024-04-17,9238
2618,長榮航,18,2,16,凱基-士林,2024-04-17,9238
2634,漢翔,61,45,16,凱基-士林,2024-04-17,9238
6133,金橋,16,0,16,凱基-士林,2024-04-17,9238
00772B,中信高評級公司債,15,0,15,凱基-士林,2024-04-17,9238
00941,中信上游半導體,15,0,15,凱基-士林,2024-04-17,9238
00661,元大日經225,15,0,15,凱基-士林,2024-04-17,9238
3706,神達,17,2,15,凱基-士林,2024-04-17,9238
6185,幃翔,15,0,15,凱基-士林,2024-04-17,9238
1513,中興電,50,36,14,凱基-士林,2024-04-17,9238
2610,華航,14,0,14,凱基-士林,2024-04-17,9238
2303,聯電,27,14,13,凱基-士林,2024-04-17,9238
00680L,元大美債20正2,15,2,13,凱基-士林,2024-04-17,9238
1532,勤美,13,0,13,凱基-士林,2024-04-17,9238
2883,凱基金,15,2,13,凱基-士林,2024-04-17,9238
3058,立德,13,0,13,凱基-士林,2024-04-17,9238
00712,復華富時不動產,20,7,13,凱基-士林,2024-04-17,9238
2606,裕民,12,0,12,凱基-士林,2024-04-17,9238
00931B,統一美債20年,12,0,12,凱基-士林,2024-04-17,9238
2362,藍天,12,0,12,凱基-士林,2024-04-17,9238
00937B,群益ESG投等債20,170,50,120,凱基-士林,2024-04-18,9238
00637L,元大滬深300正2,120,2,118,凱基-士林,2024-04-18,9238
1532,勤美,116,1,115,凱基-士林,2024-04-18,9238
8028,昇陽半導體,102,0,102,凱基-士林,2024-04-18,9238
00632R,元大台灣50反1,93,0,93,凱基-士林,2024-04-18,9238
2515,中工,583,514,69,凱基-士林,2024-04-18,9238
00929,復華台灣科技優息,86,25,61,凱基-士林,2024-04-18,9238
2409,友達,62,4,58,凱基-士林,2024-04-18,9238
00941,中信上游半導體,51,0,51,凱基-士林,2024-04-18,9238
00940,元大台灣價值高息,54,6,48,凱基-士林,2024-04-18,9238
1301,台塑,32,0,32,凱基-士林,2024-04-18,9238
1810,和成,35,4,31,凱基-士林,2024-04-18,9238
1605,華新,204,176,28,凱基-士林,2024-04-18,9238
8046,南電,26,0,26,凱基-士林,2024-04-18,9238
4979,華星光,26,0,26,凱基-士林,2024-04-18,9238
3707,漢磊,76,51,25,凱基-士林,2024-04-18,9238
00679B,元大美債20年,22,0,22,凱基-士林,2024-04-18,9238
2520,冠德,25,4,21,凱基-士林,2024-04-18,9238
2543,皇昌,32,12,20,凱基-士林,2024-04-18,9238
5522,遠雄,20,0,20,凱基-士林,2024-04-18,9238
6133,金橋,20,0,20,凱基-士林,2024-04-18,9238
9105,泰金寶-DR,20,0,20,凱基-士林,2024-04-18,9238
6770,力積電,30,11,19,凱基-士林,2024-04-18,9238
6125,廣運,19,0,19,凱基-士林,2024-04-18,9238
2511,太子,25,7,18,凱基-士林,2024-04-18,9238
2356,英業達,34,17,17,凱基-士林,2024-04-18,9238
4714,永捷,20,4,16,凱基-士林,2024-04-18,9238
5880,合庫金,15,0,15,凱基-士林,2024-04-18,9238
2363,矽統,34,19,15,凱基-士林,2024-04-18,9238
2371,大同,86,71,15,凱基-士林,2024-04-18,9238
00661,元大日經225,15,0,15,凱基-士林,2024-04-18,9238
2103,台橡,15,0,15,凱基-士林,2024-04-18,9238
2514,龍邦,30,15,15,凱基-士林,2024-04-18,9238
6683,雍智科技,14,0,14,凱基-士林,2024-04-18,9238
2504,國產,16,4,12,凱基-士林,2024-04-18,9238
2603,長榮,23,11,12,凱基-士林,2024-04-18,9238
1529,樂事綠能,13,1,12,凱基-士林,2024-04-18,9238
2374,佳能,18,8,10,凱基-士林,2024-04-18,9238
2303,聯電,13,3,10,凱基-士林,2024-04-18,9238
2329,華泰,15,5,10,凱基-士林,2024-04-18,9238
1109,信大,10,0,10,凱基-士林,2024-04-18,9238
2208,台船,10,0,10,凱基-士林,2024-04-18,9238
3013,晟銘電,49,39,10,凱基-士林,2024-04-18,9238
4167,松瑞藥,10,0,10,凱基-士林,2024-04-18,9238
6026,福邦證,10,0,10,凱基-士林,2024-04-18,9238
6189,豐藝,10,0,10,凱基-士林,2024-04-18,9238
9911,櫻花,10,0,10,凱基-士林,2024-04-18,9238
2344,華邦電,11,2,9,凱基-士林,2024-04-18,9238
4526,東台,20,11,9,凱基-士林,2024-04-18,9238
8927,北基,9,0,9,凱基-士林,2024-04-18,9238
2634,漢翔,240,22,218,凱基-士林,2024-04-19,9238
00929,復華台灣科技優息,284,152,132,凱基-士林,2024-04-19,9238
00878,國泰永續高股息,142,11,131,凱基-士林,2024-04-19,9238
00940,元大台灣價值高息,182,62,120,凱基-士林,2024-04-19,9238
2331,精英,229,109,120,凱基-士林,2024-04-19,9238
2610,華航,95,0,95,凱基-士林,2024-04-19,9238
0056,元大高股息,108,17,91,凱基-士林,2024-04-19,9238
5347,世界,104,21,83,凱基-士林,2024-04-19,9238
2476,鉅祥,77,0,77,凱基-士林,2024-04-19,9238
8046,南電,71,0,71,凱基-士林,2024-04-19,9238
2606,裕民,91,20,71,凱基-士林,2024-04-19,9238
00941,中信上游半導體,71,1,70,凱基-士林,2024-04-19,9238
2515,中工,91,24,67,凱基-士林,2024-04-19,9238
2332,友訊,68,1,67,凱基-士林,2024-04-19,9238
00937B,群益ESG投等債20,86,20,66,凱基-士林,2024-04-19,9238
4743,合一,70,5,65,凱基-士林,2024-04-19,9238
00919,群益台灣精選高息,137,81,56,凱基-士林,2024-04-19,9238
1532,勤美,80,28,52,凱基-士林,2024-04-19,9238
1101,台泥,58,6,52,凱基-士林,2024-04-19,9238
2611,志信,51,0,51,凱基-士林,2024-04-19,9238
5512,力麒,69,18,51,凱基-士林,2024-04-19,9238
2382,廣達,57,7,50,凱基-士林,2024-04-19,9238
2356,英業達,58,9,49,凱基-士林,2024-04-19,9238
2303,聯電,63,15,48,凱基-士林,2024-04-19,9238
3711,日月光投控,51,5,46,凱基-士林,2024-04-19,9238
6290,良維,38,0,38,凱基-士林,2024-04-19,9238
1301,台塑,37,0,37,凱基-士林,2024-04-19,9238
1903,士紙,37,0,37,凱基-士林,2024-04-19,9238
2888,新光金,49,12,37,凱基-士林,2024-04-19,9238
3481,群創,47,10,37,凱基-士林,2024-04-19,9238
6185,幃翔,35,0,35,凱基-士林,2024-04-19,9238
2520,冠德,47,16,31,凱基-士林,2024-04-19,9238
6753,龍德造船,32,3,29,凱基-士林,2024-04-19,9238
00939,統一台灣高息動能,34,5,29,凱基-士林,2024-04-19,9238
2886,兆豐金,28,0,28,凱基-士林,2024-04-19,9238
2883,凱基金,28,0,28,凱基-士林,2024-04-19,9238
2330,台積電,71,44,27,凱基-士林,2024-04-19,9238
2890,永豐金,25,0,25,凱基-士林,2024-04-19,9238
00905,FT臺灣Smart,25,0,25,凱基-士林,2024-04-19,9238
00900,富邦特選高股息30,25,0,25,凱基-士林,2024-04-19,9238
00922,國泰台灣領袖50,24,0,24,凱基-士林,2024-04-19,9238
2101,南港,40,16,24,凱基-士林,2024-04-19,9238
2317,鴻海,40,19,21,凱基-士林,2024-04-19,9238
3013,晟銘電,44,24,20,凱基-士林,2024-04-19,9238
2412,中華電,20,0,20,凱基-士林,2024-04-19,9238
2880,華南金,20,0,20,凱基-士林,2024-04-19,9238
2929,淘帝-KY,20,0,20,凱基-士林,2024-04-19,9238
3706,神達,19,0,19,凱基-士林,2024-04-19,9238
00679B,元大美債20年,55,37,18,凱基-士林,2024-04-19,9238
2408,南亞科,18,0,18,凱基-士林,2024-04-19,9238
5521,工信,929,127,802,凱基-士林,2024-04-22,9238
00929,復華台灣科技優息,342,72,270,凱基-士林,2024-04-22,9238
2641,正德,244,5,239,凱基-士林,2024-04-22,9238
2543,皇昌,127,15,112,凱基-士林,2024-04-22,9238
00919,群益台灣精選高息,100,17,83,凱基-士林,2024-04-22,9238
1532,勤美,111,32,79,凱基-士林,2024-04-22,9238
00939,統一台灣高息動能,76,13,63,凱基-士林,2024-04-22,9238
2303,聯電,67,8,59,凱基-士林,2024-04-22,9238
00937B,群益ESG投等債20,103,45,58,凱基-士林,2024-04-22,9238
3481,群創,57,6,51,凱基-士林,2024-04-22,9238
00940,元大台灣價值高息,100,57,43,凱基-士林,2024-04-22,9238
2344,華邦電,45,5,40,凱基-士林,2024-04-22,9238
2515,中工,165,125,40,凱基-士林,2024-04-22,9238
2610,華航,43,4,39,凱基-士林,2024-04-22,9238
00715L,期街口布蘭特正2,33,0,33,凱基-士林,2024-04-22,9238
3231,緯創,70,39,31,凱基-士林,2024-04-22,9238
3706,神達,32,2,30,凱基-士林,2024-04-22,9238
8936,國統,49,23,26,凱基-士林,2024-04-22,9238
6770,力積電,26,0,26,凱基-士林,2024-04-22,9238
00679B,元大美債20年,24,0,24,凱基-士林,2024-04-22,9238
3703,欣陸,56,33,23,凱基-士林,2024-04-22,9238
2382,廣達,26,4,22,凱基-士林,2024-04-22,9238
2480,敦陽科,20,0,20,凱基-士林,2024-04-22,9238
2476,鉅祥,19,0,19,凱基-士林,2024-04-22,9238
2313,華通,25,7,18,凱基-士林,2024-04-22,9238
1608,華榮,35,17,18,凱基-士林,2024-04-22,9238
00661,元大日經225,15,0,15,凱基-士林,2024-04-22,9238
2331,精英,30,15,15,凱基-士林,2024-04-22,9238
2836,高雄銀,15,0,15,凱基-士林,2024-04-22,9238
6116,彩晶,14,0,14,凱基-士林,2024-04-22,9238
2618,長榮航,32,19,13,凱基-士林,2024-04-22,9238
6271,同欣電,13,0,13,凱基-士林,2024-04-22,9238
6290,良維,12,0,12,凱基-士林,2024-04-22,9238
9902,台火,11,0,11,凱基-士林,2024-04-22,9238
4743,合一,12,1,11,凱基-士林,2024-04-22,9238
6488,環球晶,10,0,10,凱基-士林,2024-04-22,9238
00756B,群益投等新興公債,10,0,10,凱基-士林,2024-04-22,9238
2106,建大,10,0,10,凱基-士林,2024-04-22,9238
3390,旭軟,10,0,10,凱基-士林,2024-04-22,9238
3711,日月光投控,11,1,10,凱基-士林,2024-04-22,9238
3490,單井,10,0,10,凱基-士林,2024-04-22,9238
1618,合機,12,3,9,凱基-士林,2024-04-22,9238
3563,牧德,10,1,9,凱基-士林,2024-04-22,9238
2409,友達,19,10,9,凱基-士林,2024-04-22,9238
2388,威盛,8,0,8,凱基-士林,2024-04-22,9238
4532,瑞智,9,1,8,凱基-士林,2024-04-22,9238
2308,台達電,9,2,7,凱基-士林,2024-04-22,9238
2611,志信,23,16,7,凱基-士林,2024-04-22,9238
5340,建榮,7,0,7,凱基-士林,2024-04-22,9238
5443,均豪,8,1,7,凱基-士林,2024-04-22,9238
2371,大同,518,47,471,凱基-士林,2024-04-23,9238
5521,工信,217,6,211,凱基-士林,2024-04-23,9238
1614,三洋電,107,0,107,凱基-士林,2024-04-23,9238
2331,精英,90,0,90,凱基-士林,2024-04-23,9238
2543,皇昌,86,0,86,凱基-士林,2024-04-23,9238
00929,復華台灣科技優息,79,1,78,凱基-士林,2024-04-23,9238
00940,元大台灣價值高息,73,20,53,凱基-士林,2024-04-23,9238
00941,中信上游半導體,44,0,44,凱基-士林,2024-04-23,9238
2409,友達,51,11,40,凱基-士林,2024-04-23,9238
00878,國泰永續高股息,59,24,35,凱基-士林,2024-04-23,9238
1605,華新,32,1,31,凱基-士林,2024-04-23,9238
6120,達運,31,1,30,凱基-士林,2024-04-23,9238
3357,臺慶科,24,0,24,凱基-士林,2024-04-23,9238
00919,群益台灣精選高息,24,1,23,凱基-士林,2024-04-23,9238
2103,台橡,20,0,20,凱基-士林,2024-04-23,9238
2547,日勝生,21,2,19,凱基-士林,2024-04-23,9238
2634,漢翔,22,4,18,凱基-士林,2024-04-23,9238
5324,士開,22,4,18,凱基-士林,2024-04-23,9238
5512,力麒,29,12,17,凱基-士林,2024-04-23,9238
1316,上曜,20,4,16,凱基-士林,2024-04-23,9238
2303,聯電,20,4,16,凱基-士林,2024-04-23,9238
2301,光寶科,18,3,15,凱基-士林,2024-04-23,9238
2313,華通,15,1,14,凱基-士林,2024-04-23,9238
1810,和成,13,0,13,凱基-士林,2024-04-23,9238
2889,國票金,17,4,13,凱基-士林,2024-04-23,9238
2476,鉅祥,12,0,12,凱基-士林,2024-04-23,9238
8054,安國,16,4,12,凱基-士林,2024-04-23,9238
6141,柏承,11,0,11,凱基-士林,2024-04-23,9238
8358,金居,11,0,11,凱基-士林,2024-04-23,9238
2542,興富發,12,2,10,凱基-士林,2024-04-23,9238
1608,華榮,17,7,10,凱基-士林,2024-04-23,9238
2511,太子,10,0,10,凱基-士林,2024-04-23,9238
00937B,群益ESG投等債20,20,11,9,凱基-士林,2024-04-23,9238
5701,劍湖山,8,0,8,凱基-士林,2024-04-23,9238
2641,正德,12,4,8,凱基-士林,2024-04-23,9238
00939,統一台灣高息動能,25,18,7,凱基-士林,2024-04-23,9238
9925,新保,7,0,7,凱基-士林,2024-04-23,9238
1609,大亞,15,8,7,凱基-士林,2024-04-23,9238
00935,野村臺灣新科技50,6,0,6,凱基-士林,2024-04-23,9238
2486,一詮,11,5,6,凱基-士林,2024-04-23,9238
2609,陽明,13,7,6,凱基-士林,2024-04-23,9238
3013,晟銘電,48,42,6,凱基-士林,2024-04-23,9238
3059,華晶科,11,5,6,凱基-士林,2024-04-23,9238
8064,東捷,8,2,6,凱基-士林,2024-04-23,9238
9939,宏全,6,0,6,凱基-士林,2024-04-23,9238
3312,弘憶股,8,2,6,凱基-士林,2024-04-23,9238
6125,廣運,10,4,6,凱基-士林,2024-04-23,9238
2367,燿華,8,2,6,凱基-士林,2024-04-23,9238
00942B,台新美A公司債20+,5,0,5,凱基-士林,2024-04-23,9238
1604,聲寶,5,0,5,凱基-士林,2024-04-23,9238
2303,聯電,164,42,122,凱基-士林,2024-04-24,9238
5243,乙盛-KY,90,0,90,凱基-士林,2024-04-24,9238
6192,巨路,64,0,64,凱基-士林,2024-04-24,9238
00632R,元大台灣50反1,61,0,61,凱基-士林,2024-04-24,9238
2610,華航,75,21,54,凱基-士林,2024-04-24,9238
3481,群創,253,210,43,凱基-士林,2024-04-24,9238
6182,合晶,42,0,42,凱基-士林,2024-04-24,9238
2545,皇翔,35,1,34,凱基-士林,2024-04-24,9238
2317,鴻海,107,74,33,凱基-士林,2024-04-24,9238
00687B,國泰20年美債,32,0,32,凱基-士林,2024-04-24,9238
1440,南紡,31,0,31,凱基-士林,2024-04-24,9238
8473,山林水,30,0,30,凱基-士林,2024-04-24,9238
6770,力積電,33,5,28,凱基-士林,2024-04-24,9238
1614,三洋電,27,0,27,凱基-士林,2024-04-24,9238
3576,聯合再生,31,4,27,凱基-士林,2024-04-24,9238
4123,晟德,26,0,26,凱基-士林,2024-04-24,9238
3363,上詮,25,0,25,凱基-士林,2024-04-24,9238
2509,全坤建,25,1,24,凱基-士林,2024-04-24,9238
2884,玉山金,20,0,20,凱基-士林,2024-04-24,9238
00664R,國泰臺灣加權反1,20,0,20,凱基-士林,2024-04-24,9238
2486,一詮,27,7,20,凱基-士林,2024-04-24,9238
2363,矽統,31,12,19,凱基-士林,2024-04-24,9238
00937B,群益ESG投等債20,18,0,18,凱基-士林,2024-04-24,9238
2886,兆豐金,16,0,16,凱基-士林,2024-04-24,9238
1526,日馳,20,5,15,凱基-士林,2024-04-24,9238
2606,裕民,14,0,14,凱基-士林,2024-04-24,9238
6186,新潤,14,0,14,凱基-士林,2024-04-24,9238
1532,勤美,14,1,13,凱基-士林,2024-04-24,9238
2891,中信金,13,1,12,凱基-士林,2024-04-24,9238
6215,和椿,23,11,12,凱基-士林,2024-04-24,9238
6668,中揚光,25,13,12,凱基-士林,2024-04-24,9238
00939,統一台灣高息動能,23,11,12,凱基-士林,2024-04-24,9238
00935,野村臺灣新科技50,11,0,11,凱基-士林,2024-04-24,9238
2605,新興,14,3,11,凱基-士林,2024-04-24,9238
2887,台新金,11,0,11,凱基-士林,2024-04-24,9238
00919,群益台灣精選高息,24,14,10,凱基-士林,2024-04-24,9238
2007,燁興,10,0,10,凱基-士林,2024-04-24,9238
2313,華通,12,2,10,凱基-士林,2024-04-24,9238
2511,太子,10,0,10,凱基-士林,2024-04-24,9238
2543,皇昌,10,0,10,凱基-士林,2024-04-24,9238
6552,易華電,10,0,10,凱基-士林,2024-04-24,9238
9945,潤泰新,11,2,9,凱基-士林,2024-04-24,9238
00891,中信關鍵半導體,8,0,8,凱基-士林,2024-04-24,9238
00933B,國泰10Y+金融債,8,0,8,凱基-士林,2024-04-24,9238
2427,三商電,13,5,8,凱基-士林,2024-04-24,9238
2547,日勝生,8,0,8,凱基-士林,2024-04-24,9238
8054,安國,26,18,8,凱基-士林,2024-04-24,9238
00679B,元大美債20年,11,4,7,凱基-士林,2024-04-24,9238
1909,榮成,7,0,7,凱基-士林,2024-04-24,9238
1560,中砂,7,0,7,凱基-士林,2024-04-24,9238
00937B,群益ESG投等債20,91,0,91,凱基-士林,2024-04-25,9238
00679B,元大美債20年,73,1,72,凱基-士林,2024-04-25,9238
00929,復華台灣科技優息,65,11,54,凱基-士林,2024-04-25,9238
2461,光群雷,50,0,50,凱基-士林,2024-04-25,9238
1101,台泥,45,0,45,凱基-士林,2024-04-25,9238
1445,大宇,35,0,35,凱基-士林,2024-04-25,9238
1560,中砂,32,3,29,凱基-士林,2024-04-25,9238
8083,瑞穎,28,0,28,凱基-士林,2024-04-25,9238
00919,群益台灣精選高息,25,1,24,凱基-士林,2024-04-25,9238
00940,元大台灣價值高息,24,0,24,凱基-士林,2024-04-25,9238
1504,東元,24,0,24,凱基-士林,2024-04-25,9238
1611,中電,20,0,20,凱基-士林,2024-04-25,9238
3363,上詮,23,3,20,凱基-士林,2024-04-25,9238
3338,泰碩,20,2,18,凱基-士林,2024-04-25,9238
2317,鴻海,47,30,17,凱基-士林,2024-04-25,9238
00680L,元大美債20正2,22,5,17,凱基-士林,2024-04-25,9238
1609,大亞,36,19,17,凱基-士林,2024-04-25,9238
2834,臺企銀,17,0,17,凱基-士林,2024-04-25,9238
3372,典範,17,0,17,凱基-士林,2024-04-25,9238
3543,州巧,16,0,16,凱基-士林,2024-04-25,9238
2886,兆豐金,15,0,15,凱基-士林,2024-04-25,9238
3231,緯創,21,6,15,凱基-士林,2024-04-25,9238
2514,龍邦,15,0,15,凱基-士林,2024-04-25,9238
3036,文曄,15,0,15,凱基-士林,2024-04-25,9238
3703,欣陸,17,2,15,凱基-士林,2024-04-25,9238
0056,元大高股息,14,0,14,凱基-士林,2024-04-25,9238
00687B,國泰20年美債,14,0,14,凱基-士林,2024-04-25,9238
3711,日月光投控,23,10,13,凱基-士林,2024-04-25,9238
6139,亞翔,13,0,13,凱基-士林,2024-04-25,9238
00878,國泰永續高股息,13,0,13,凱基-士林,2024-04-25,9238
6770,力積電,12,0,12,凱基-士林,2024-04-25,9238
00939,統一台灣高息動能,11,0,11,凱基-士林,2024-04-25,9238
5880,合庫金,11,0,11,凱基-士林,2024-04-25,9238
00922,國泰台灣領袖50,11,0,11,凱基-士林,2024-04-25,9238
2388,威盛,11,0,11,凱基-士林,2024-04-25,9238
2506,太設,11,0,11,凱基-士林,2024-04-25,9238
2605,新興,12,1,11,凱基-士林,2024-04-25,9238
6223,旺矽,11,0,11,凱基-士林,2024-04-25,9238
2382,廣達,26,16,10,凱基-士林,2024-04-25,9238
4804,大略-KY,10,0,10,凱基-士林,2024-04-25,9238
00713,元大台灣高息低波,11,1,10,凱基-士林,2024-04-25,9238
00885,富邦越南,10,0,10,凱基-士林,2024-04-25,9238
2545,皇翔,20,10,10,凱基-士林,2024-04-25,9238
2611,志信,10,0,10,凱基-士林,2024-04-25,9238
3557,嘉威,10,0,10,凱基-士林,2024-04-25,9238
3576,聯合再生,30,20,10,凱基-士林,2024-04-25,9238
8021,尖點,10,0,10,凱基-士林,2024-04-25,9238
9105,泰金寶-DR,10,0,10,凱基-士林,2024-04-25,9238
2887,台新金,9,0,9,凱基-士林,2024-04-25,9238
2356,英業達,9,0,9,凱基-士林,2024-04-25,9238
2371,大同,628,14,614,凱基-士林,2024-04-26,9238
00929,復華台灣科技優息,304,115,189,凱基-士林,2024-04-26,9238
3033,威健,140,3,137,凱基-士林,2024-04-26,9238
00878,國泰永續高股息,116,11,105,凱基-士林,2024-04-26,9238
6257,矽格,52,0,52,凱基-士林,2024-04-26,9238
2867,三商壽,50,0,50,凱基-士林,2024-04-26,9238
3363,上詮,101,60,41,凱基-士林,2024-04-26,9238
00937B,群益ESG投等債20,37,0,37,凱基-士林,2024-04-26,9238
6177,達麗,35,0,35,凱基-士林,2024-04-26,9238
00637L,元大滬深300正2,41,7,34,凱基-士林,2024-04-26,9238
3711,日月光投控,31,0,31,凱基-士林,2024-04-26,9238
00696B,富邦美債20年,30,0,30,凱基-士林,2024-04-26,9238
00679B,元大美債20年,29,0,29,凱基-士林,2024-04-26,9238
2515,中工,47,19,28,凱基-士林,2024-04-26,9238
1446,宏和,27,0,27,凱基-士林,2024-04-26,9238
6133,金橋,23,1,22,凱基-士林,2024-04-26,9238
00885,富邦越南,23,2,21,凱基-士林,2024-04-26,9238
00919,群益台灣精選高息,20,0,20,凱基-士林,2024-04-26,9238
2892,第一金,20,0,20,凱基-士林,2024-04-26,9238
5871,中租-KY,21,2,19,凱基-士林,2024-04-26,9238
3004,豐達科,20,1,19,凱基-士林,2024-04-26,9238
4714,永捷,18,0,18,凱基-士林,2024-04-26,9238
6186,新潤,21,3,18,凱基-士林,2024-04-26,9238
8033,雷虎,18,0,18,凱基-士林,2024-04-26,9238
1504,東元,18,1,17,凱基-士林,2024-04-26,9238
2476,鉅祥,16,0,16,凱基-士林,2024-04-26,9238
4533,協易機,21,5,16,凱基-士林,2024-04-26,9238
00687B,國泰20年美債,20,6,14,凱基-士林,2024-04-26,9238
3013,晟銘電,33,19,14,凱基-士林,2024-04-26,9238
2038,海光,13,0,13,凱基-士林,2024-04-26,9238
6197,佳必琪,18,5,13,凱基-士林,2024-04-26,9238
8054,安國,18,5,13,凱基-士林,2024-04-26,9238
3576,聯合再生,12,0,12,凱基-士林,2024-04-26,9238
1513,中興電,13,1,12,凱基-士林,2024-04-26,9238
2359,所羅門,25,13,12,凱基-士林,2024-04-26,9238
00942B,台新美A公司債20+,11,0,11,凱基-士林,2024-04-26,9238
00632R,元大台灣50反1,11,0,11,凱基-士林,2024-04-26,9238
1605,華新,64,53,11,凱基-士林,2024-04-26,9238
6005,群益證,11,0,11,凱基-士林,2024-04-26,9238
6274,台燿,19,8,11,凱基-士林,2024-04-26,9238
3017,奇鋐,18,8,10,凱基-士林,2024-04-26,9238
00751B,元大AAA至A公司債,10,0,10,凱基-士林,2024-04-26,9238
4564,元翎,10,0,10,凱基-士林,2024-04-26,9238
2388,威盛,10,1,9,凱基-士林,2024-04-26,9238
3035,智原,19,10,9,凱基-士林,2024-04-26,9238
2303,聯電,24,16,8,凱基-士林,2024-04-26,9238
2368,金像電,11,3,8,凱基-士林,2024-04-26,9238
2511,太子,13,5,8,凱基-士林,2024-04-26,9238
3260,威剛,8,0,8,凱基-士林,2024-04-26,9238
3706,神達,16,8,8,凱基-士林,2024-04-26,9238
00665L,富邦�琤肭磪囓�2,432,5,427,凱基-士林,2024-04-29,9238
00655L,國泰中國A50正2,400,6,394,凱基-士林,2024-04-29,9238
2618,長榮航,786,499,287,凱基-士林,2024-04-29,9238
1409,新纖,190,3,187,凱基-士林,2024-04-29,9238
5324,士開,138,12,126,凱基-士林,2024-04-29,9238
00637L,元大滬深300正2,245,120,125,凱基-士林,2024-04-29,9238
2610,華航,125,23,102,凱基-士林,2024-04-29,9238
00688L,國泰20年美債正2,100,0,100,凱基-士林,2024-04-29,9238
8033,雷虎,67,0,67,凱基-士林,2024-04-29,9238
00632R,元大台灣50反1,63,0,63,凱基-士林,2024-04-29,9238
1708,東鹼,55,0,55,凱基-士林,2024-04-29,9238
2891,中信金,117,62,55,凱基-士林,2024-04-29,9238
5512,力麒,67,20,47,凱基-士林,2024-04-29,9238
4532,瑞智,45,0,45,凱基-士林,2024-04-29,9238
2884,玉山金,100,55,45,凱基-士林,2024-04-29,9238
3363,上詮,58,16,42,凱基-士林,2024-04-29,9238
00885,富邦越南,41,0,41,凱基-士林,2024-04-29,9238
8473,山林水,46,10,36,凱基-士林,2024-04-29,9238
2545,皇翔,35,0,35,凱基-士林,2024-04-29,9238
1532,勤美,34,3,31,凱基-士林,2024-04-29,9238
6257,矽格,31,0,31,凱基-士林,2024-04-29,9238
2401,凌陽,30,1,29,凱基-士林,2024-04-29,9238
9925,新保,26,0,26,凱基-士林,2024-04-29,9238
1905,華紙,29,4,25,凱基-士林,2024-04-29,9238
2611,志信,25,2,23,凱基-士林,2024-04-29,9238
1446,宏和,23,0,23,凱基-士林,2024-04-29,9238
1218,泰山,20,0,20,凱基-士林,2024-04-29,9238
6770,力積電,26,6,20,凱基-士林,2024-04-29,9238
1587,吉茂,21,3,18,凱基-士林,2024-04-29,9238
5392,能率,18,0,18,凱基-士林,2024-04-29,9238
6005,群益證,21,3,18,凱基-士林,2024-04-29,9238
2476,鉅祥,17,0,17,凱基-士林,2024-04-29,9238
2887,台新金,16,0,16,凱基-士林,2024-04-29,9238
2633,台灣高鐵,15,0,15,凱基-士林,2024-04-29,9238
2515,中工,38,24,14,凱基-士林,2024-04-29,9238
5522,遠雄,11,0,11,凱基-士林,2024-04-29,9238
9907,統一實,11,0,11,凱基-士林,2024-04-29,9238
1109,信大,10,0,10,凱基-士林,2024-04-29,9238
1464,得力,10,0,10,凱基-士林,2024-04-29,9238
1810,和成,10,0,10,凱基-士林,2024-04-29,9238
2241,艾姆勒,10,0,10,凱基-士林,2024-04-29,9238
2514,龍邦,10,0,10,凱基-士林,2024-04-29,9238
5498,凱崴,10,0,10,凱基-士林,2024-04-29,9238
6215,和椿,18,8,10,凱基-士林,2024-04-29,9238
3402,漢科,11,1,10,凱基-士林,2024-04-29,9238
1609,大亞,20,10,10,凱基-士林,2024-04-29,9238
0061,元大寶滬深,9,0,9,凱基-士林,2024-04-29,9238
1522,堤維西,9,0,9,凱基-士林,2024-04-29,9238
1608,華榮,9,0,9,凱基-士林,2024-04-29,9238
1789,神隆,9,0,9,凱基-士林,2024-04-29,9238
3481,群創,1025,511,514,凱基-士林,2024-04-30,9238
1445,大宇,249,10,239,凱基-士林,2024-04-30,9238
2618,長榮航,200,65,135,凱基-士林,2024-04-30,9238
00929,復華台灣科技優息,139,8,131,凱基-士林,2024-04-30,9238
5009,榮剛,136,35,101,凱基-士林,2024-04-30,9238
8028,昇陽半導體,93,11,82,凱基-士林,2024-04-30,9238
2328,廣宇,48,2,46,凱基-士林,2024-04-30,9238
5324,士開,44,0,44,凱基-士林,2024-04-30,9238
2355,敬鵬,43,0,43,凱基-士林,2024-04-30,9238
00878,國泰永續高股息,41,3,38,凱基-士林,2024-04-30,9238
1314,中石化,60,23,37,凱基-士林,2024-04-30,9238
1532,勤美,36,0,36,凱基-士林,2024-04-30,9238
3005,神基,36,4,32,凱基-士林,2024-04-30,9238
00937B,群益ESG投等債20,32,2,30,凱基-士林,2024-04-30,9238
00715L,期街口布蘭特正2,30,0,30,凱基-士林,2024-04-30,9238
2543,皇昌,30,0,30,凱基-士林,2024-04-30,9238
00688L,國泰20年美債正2,29,0,29,凱基-士林,2024-04-30,9238
2880,華南金,37,8,29,凱基-士林,2024-04-30,9238
2884,玉山金,29,0,29,凱基-士林,2024-04-30,9238
5608,四維航,32,6,26,凱基-士林,2024-04-30,9238
9945,潤泰新,29,4,25,凱基-士林,2024-04-30,9238
00885,富邦越南,24,0,24,凱基-士林,2024-04-30,9238
00919,群益台灣精選高息,24,1,23,凱基-士林,2024-04-30,9238
6125,廣運,30,8,22,凱基-士林,2024-04-30,9238
00665L,富邦�琤肭磪囓�2,42,20,22,凱基-士林,2024-04-30,9238
2882,國泰金,23,2,21,凱基-士林,2024-04-30,9238
00700,富邦�琤肭磪�,20,0,20,凱基-士林,2024-04-30,9238
00676R,富邦臺灣加權反1,20,0,20,凱基-士林,2024-04-30,9238
1446,宏和,20,0,20,凱基-士林,2024-04-30,9238
4931,新盛力,20,0,20,凱基-士林,2024-04-30,9238
6548,長科*,21,1,20,凱基-士林,2024-04-30,9238
00940,元大台灣價值高息,25,6,19,凱基-士林,2024-04-30,9238
1608,華榮,21,2,19,凱基-士林,2024-04-30,9238
1217,愛之味,60,42,18,凱基-士林,2024-04-30,9238
00915,凱基優選高股息30,17,1,16,凱基-士林,2024-04-30,9238
2317,鴻海,27,11,16,凱基-士林,2024-04-30,9238
2356,英業達,16,1,15,凱基-士林,2024-04-30,9238
3372,典範,15,0,15,凱基-士林,2024-04-30,9238
5533,皇鼎,15,0,15,凱基-士林,2024-04-30,9238
6785,昱展新藥,15,0,15,凱基-士林,2024-04-30,9238
8033,雷虎,15,0,15,凱基-士林,2024-04-30,9238
3376,新日興,15,1,14,凱基-士林,2024-04-30,9238
1457,宜進,18,4,14,凱基-士林,2024-04-30,9238
1789,神隆,14,0,14,凱基-士林,2024-04-30,9238
4533,協易機,14,0,14,凱基-士林,2024-04-30,9238
6215,和椿,20,6,14,凱基-士林,2024-04-30,9238
1609,大亞,13,1,12,凱基-士林,2024-04-30,9238
2527,宏璟,11,0,11,凱基-士林,2024-04-30,9238
2371,大同,24,13,11,凱基-士林,2024-04-30,9238
2511,太子,11,0,11,凱基-士林,2024-04-30,9238
2891,中信金,220,24,196,凱基-士林,2024-05-02,9238
00878,國泰永續高股息,158,9,149,凱基-士林,2024-05-02,9238
2356,英業達,131,1,130,凱基-士林,2024-05-02,9238
00937B,群益ESG投等債20,119,0,119,凱基-士林,2024-05-02,9238
00637L,元大滬深300正2,114,14,100,凱基-士林,2024-05-02,9238
8383,千附,94,0,94,凱基-士林,2024-05-02,9238
00919,群益台灣精選高息,94,0,94,凱基-士林,2024-05-02,9238
1614,三洋電,92,2,90,凱基-士林,2024-05-02,9238
5009,榮剛,171,96,75,凱基-士林,2024-05-02,9238
3703,欣陸,74,11,63,凱基-士林,2024-05-02,9238
2610,華航,58,9,49,凱基-士林,2024-05-02,9238
2101,南港,55,7,48,凱基-士林,2024-05-02,9238
2889,國票金,48,1,47,凱基-士林,2024-05-02,9238
00665L,富邦�琤肭磪囓�2,70,30,40,凱基-士林,2024-05-02,9238
3481,群創,1538,1501,37,凱基-士林,2024-05-02,9238
00715L,期街口布蘭特正2,34,0,34,凱基-士林,2024-05-02,9238
00940,元大台灣價值高息,47,16,31,凱基-士林,2024-05-02,9238
2201,裕隆,38,8,30,凱基-士林,2024-05-02,9238
00632R,元大台灣50反1,29,2,27,凱基-士林,2024-05-02,9238
2603,長榮,35,10,25,凱基-士林,2024-05-02,9238
6239,力成,22,0,22,凱基-士林,2024-05-02,9238
8064,東捷,31,9,22,凱基-士林,2024-05-02,9238
1108,幸福,20,0,20,凱基-士林,2024-05-02,9238
00929,復華台灣科技優息,20,0,20,凱基-士林,2024-05-02,9238
1605,華新,17,0,17,凱基-士林,2024-05-02,9238
3060,銘異,19,3,16,凱基-士林,2024-05-02,9238
8085,福華,15,0,15,凱基-士林,2024-05-02,9238
00719B,元大美債1-3,15,0,15,凱基-士林,2024-05-02,9238
00706L,期元大S＆P日圓正2,14,0,14,凱基-士林,2024-05-02,9238
3306,鼎天,20,6,14,凱基-士林,2024-05-02,9238
2324,仁寶,13,0,13,凱基-士林,2024-05-02,9238
2609,陽明,18,5,13,凱基-士林,2024-05-02,9238
1445,大宇,12,0,12,凱基-士林,2024-05-02,9238
1905,華紙,15,3,12,凱基-士林,2024-05-02,9238
2611,志信,17,5,12,凱基-士林,2024-05-02,9238
6283,淳安,17,5,12,凱基-士林,2024-05-02,9238
6770,力積電,81,70,11,凱基-士林,2024-05-02,9238
00679B,元大美債20年,10,0,10,凱基-士林,2024-05-02,9238
00670L,富邦NASDAQ正2,10,0,10,凱基-士林,2024-05-02,9238
1533,車王電,10,0,10,凱基-士林,2024-05-02,9238
2355,敬鵬,10,0,10,凱基-士林,2024-05-02,9238
2547,日勝生,10,0,10,凱基-士林,2024-05-02,9238
2812,台中銀,10,0,10,凱基-士林,2024-05-02,9238
3526,凡甲,10,0,10,凱基-士林,2024-05-02,9238
3557,嘉威,10,0,10,凱基-士林,2024-05-02,9238
6113,亞矽,11,1,10,凱基-士林,2024-05-02,9238
6668,中揚光,10,0,10,凱基-士林,2024-05-02,9238
6785,昱展新藥,10,0,10,凱基-士林,2024-05-02,9238
9925,新保,10,0,10,凱基-士林,2024-05-02,9238
2363,矽統,32,22,10,凱基-士林,2024-05-02,9238
2618,長榮航,2188,462,1726,凱基-士林,2024-05-03,9238
2371,大同,561,35,526,凱基-士林,2024-05-03,9238
00878,國泰永續高股息,262,77,185,凱基-士林,2024-05-03,9238
00665L,富邦�琤肭磪囓�2,210,55,155,凱基-士林,2024-05-03,9238
00919,群益台灣精選高息,127,5,122,凱基-士林,2024-05-03,9238
00929,復華台灣科技優息,155,62,93,凱基-士林,2024-05-03,9238
1815,富喬,84,1,83,凱基-士林,2024-05-03,9238
8033,雷虎,66,0,66,凱基-士林,2024-05-03,9238
2102,泰豐,60,0,60,凱基-士林,2024-05-03,9238
4714,永捷,83,23,60,凱基-士林,2024-05-03,9238
1570,力肯,54,0,54,凱基-士林,2024-05-03,9238
9105,泰金寶-DR,53,0,53,凱基-士林,2024-05-03,9238
2331,精英,60,10,50,凱基-士林,2024-05-03,9238
00937B,群益ESG投等債20,40,0,40,凱基-士林,2024-05-03,9238
00715L,期街口布蘭特正2,40,2,38,凱基-士林,2024-05-03,9238
1316,上曜,50,14,36,凱基-士林,2024-05-03,9238
5324,士開,31,0,31,凱基-士林,2024-05-03,9238
2906,高林,30,0,30,凱基-士林,2024-05-03,9238
2501,國建,83,54,29,凱基-士林,2024-05-03,9238
2611,志信,29,0,29,凱基-士林,2024-05-03,9238
3312,弘憶股,30,1,29,凱基-士林,2024-05-03,9238
2344,華邦電,28,0,28,凱基-士林,2024-05-03,9238
2542,興富發,40,12,28,凱基-士林,2024-05-03,9238
8473,山林水,25,2,23,凱基-士林,2024-05-03,9238
00751B,元大AAA至A公司債,22,0,22,凱基-士林,2024-05-03,9238
2887,台新金,27,5,22,凱基-士林,2024-05-03,9238
3324,雙鴻,22,0,22,凱基-士林,2024-05-03,9238
2836,高雄銀,20,0,20,凱基-士林,2024-05-03,9238
4726,永昕,19,0,19,凱基-士林,2024-05-03,9238
5009,榮剛,24,5,19,凱基-士林,2024-05-03,9238
2308,台達電,30,12,18,凱基-士林,2024-05-03,9238
3231,緯創,21,4,17,凱基-士林,2024-05-03,9238
2020,美亞,18,1,17,凱基-士林,2024-05-03,9238
2634,漢翔,19,2,17,凱基-士林,2024-05-03,9238
2486,一詮,23,6,17,凱基-士林,2024-05-03,9238
1609,大亞,26,10,16,凱基-士林,2024-05-03,9238
2535,達欣工,26,10,16,凱基-士林,2024-05-03,9238
6120,達運,16,1,15,凱基-士林,2024-05-03,9238
1314,中石化,24,10,14,凱基-士林,2024-05-03,9238
1789,神隆,14,0,14,凱基-士林,2024-05-03,9238
9945,潤泰新,30,17,13,凱基-士林,2024-05-03,9238
1605,華新,13,0,13,凱基-士林,2024-05-03,9238
2233,宇隆,12,0,12,凱基-士林,2024-05-03,9238
2301,光寶科,13,1,12,凱基-士林,2024-05-03,9238
2328,廣宇,12,0,12,凱基-士林,2024-05-03,9238
5388,中磊,12,0,12,凱基-士林,2024-05-03,9238
3163,波若威,14,3,11,凱基-士林,2024-05-03,9238
3380,明泰,11,0,11,凱基-士林,2024-05-03,9238
3466,德晉,14,3,11,凱基-士林,2024-05-03,9238
5512,力麒,14,3,11,凱基-士林,2024-05-03,9238
3481,群創,1001,7,994,凱基-士林,2024-05-06,9238
00665L,富邦�琤肭磪囓�2,565,5,560,凱基-士林,2024-05-06,9238
2618,長榮航,251,21,230,凱基-士林,2024-05-06,9238
1101,台泥,140,4,136,凱基-士林,2024-05-06,9238
9105,泰金寶-DR,150,35,115,凱基-士林,2024-05-06,9238
2371,大同,111,35,76,凱基-士林,2024-05-06,9238
6901,鑽石投資,48,0,48,凱基-士林,2024-05-06,9238
3363,上詮,47,5,42,凱基-士林,2024-05-06,9238
3715,定穎投控,37,0,37,凱基-士林,2024-05-06,9238
00637L,元大滬深300正2,30,0,30,凱基-士林,2024-05-06,9238
3032,偉訓,30,0,30,凱基-士林,2024-05-06,9238
3706,神達,30,3,27,凱基-士林,2024-05-06,9238
00680L,元大美債20正2,26,0,26,凱基-士林,2024-05-06,9238
2482,連宇,25,0,25,凱基-士林,2024-05-06,9238
1609,大亞,24,0,24,凱基-士林,2024-05-06,9238
00679B,元大美債20年,24,0,24,凱基-士林,2024-05-06,9238
2888,新光金,58,36,22,凱基-士林,2024-05-06,9238
8442,威宏-KY,22,0,22,凱基-士林,2024-05-06,9238
00919,群益台灣精選高息,23,1,22,凱基-士林,2024-05-06,9238
2520,冠德,31,9,22,凱基-士林,2024-05-06,9238
00940,元大台灣價值高息,23,2,21,凱基-士林,2024-05-06,9238
3624,光頡,27,6,21,凱基-士林,2024-05-06,9238
9907,統一實,21,0,21,凱基-士林,2024-05-06,9238
00700,富邦�琤肭磪�,20,0,20,凱基-士林,2024-05-06,9238
00715L,期街口布蘭特正2,20,0,20,凱基-士林,2024-05-06,9238
00676R,富邦臺灣加權反1,20,0,20,凱基-士林,2024-05-06,9238
1220,台榮,20,0,20,凱基-士林,2024-05-06,9238
1446,宏和,22,2,20,凱基-士林,2024-05-06,9238
5009,榮剛,20,0,20,凱基-士林,2024-05-06,9238
6207,雷科,28,8,20,凱基-士林,2024-05-06,9238
00937B,群益ESG投等債20,19,0,19,凱基-士林,2024-05-06,9238
5498,凱崴,29,10,19,凱基-士林,2024-05-06,9238
5512,力麒,19,2,17,凱基-士林,2024-05-06,9238
2515,中工,25,9,16,凱基-士林,2024-05-06,9238
6757,台灣虎航,16,0,16,凱基-士林,2024-05-06,9238
3455,由田,21,6,15,凱基-士林,2024-05-06,9238
00632R,元大台灣50反1,43,30,13,凱基-士林,2024-05-06,9238
2611,志信,31,18,13,凱基-士林,2024-05-06,9238
3040,遠見,13,0,13,凱基-士林,2024-05-06,9238
9933,中鼎,15,2,13,凱基-士林,2024-05-06,9238
00650L,復華香港正2,12,0,12,凱基-士林,2024-05-06,9238
2014,中鴻,12,0,12,凱基-士林,2024-05-06,9238
8076,伍豐,12,0,12,凱基-士林,2024-05-06,9238
3703,欣陸,11,0,11,凱基-士林,2024-05-06,9238
4919,新唐,13,2,11,凱基-士林,2024-05-06,9238
3356,奇偶,11,0,11,凱基-士林,2024-05-06,9238
6451,訊芯-KY,16,5,11,凱基-士林,2024-05-06,9238
2308,台達電,13,2,11,凱基-士林,2024-05-06,9238
2449,京元電子,15,5,10,凱基-士林,2024-05-06,9238
1605,華新,62,52,10,凱基-士林,2024-05-06,9238
3481,群創,1826,0,1826,凱基-士林,2024-05-07,9238
3033,威健,215,2,213,凱基-士林,2024-05-07,9238
00929,復華台灣科技優息,248,52,196,凱基-士林,2024-05-07,9238
00937B,群益ESG投等債20,200,12,188,凱基-士林,2024-05-07,9238
00940,元大台灣價值高息,122,0,122,凱基-士林,2024-05-07,9238
3363,上詮,139,37,102,凱基-士林,2024-05-07,9238
2543,皇昌,85,3,82,凱基-士林,2024-05-07,9238
2317,鴻海,92,22,70,凱基-士林,2024-05-07,9238
00878,國泰永續高股息,85,16,69,凱基-士林,2024-05-07,9238
1570,力肯,66,0,66,凱基-士林,2024-05-07,9238
9945,潤泰新,71,15,56,凱基-士林,2024-05-07,9238
5009,榮剛,58,3,55,凱基-士林,2024-05-07,9238
6186,新潤,64,9,55,凱基-士林,2024-05-07,9238
1413,宏洲,50,0,50,凱基-士林,2024-05-07,9238
4726,永昕,50,1,49,凱基-士林,2024-05-07,9238
2331,精英,42,0,42,凱基-士林,2024-05-07,9238
2374,佳能,56,16,40,凱基-士林,2024-05-07,9238
2611,志信,43,5,38,凱基-士林,2024-05-07,9238
00632R,元大台灣50反1,65,30,35,凱基-士林,2024-05-07,9238
2641,正德,40,5,35,凱基-士林,2024-05-07,9238
1587,吉茂,32,1,31,凱基-士林,2024-05-07,9238
2476,鉅祥,32,1,31,凱基-士林,2024-05-07,9238
2888,新光金,45,15,30,凱基-士林,2024-05-07,9238
2845,遠東銀,29,0,29,凱基-士林,2024-05-07,9238
2618,長榮航,54,30,24,凱基-士林,2024-05-07,9238
2406,國碩,23,0,23,凱基-士林,2024-05-07,9238
2344,華邦電,28,6,22,凱基-士林,2024-05-07,9238
00915,凱基優選高股息30,23,1,22,凱基-士林,2024-05-07,9238
1440,南紡,21,0,21,凱基-士林,2024-05-07,9238
00715L,期街口布蘭特正2,20,0,20,凱基-士林,2024-05-07,9238
00680L,元大美債20正2,55,35,20,凱基-士林,2024-05-07,9238
1305,華夏,20,0,20,凱基-士林,2024-05-07,9238
2038,海光,20,0,20,凱基-士林,2024-05-07,9238
2388,威盛,20,0,20,凱基-士林,2024-05-07,9238
2915,潤泰全,20,0,20,凱基-士林,2024-05-07,9238
6417,韋僑,21,1,20,凱基-士林,2024-05-07,9238
00919,群益台灣精選高息,23,4,19,凱基-士林,2024-05-07,9238
6257,矽格,20,2,18,凱基-士林,2024-05-07,9238
2301,光寶科,17,0,17,凱基-士林,2024-05-07,9238
2515,中工,18,1,17,凱基-士林,2024-05-07,9238
1101,台泥,18,1,17,凱基-士林,2024-05-07,9238
2548,華固,20,4,16,凱基-士林,2024-05-07,9238
7402,邑錡,17,1,16,凱基-士林,2024-05-07,9238
5508,永信建,18,3,15,凱基-士林,2024-05-07,9238
2412,中華電,15,0,15,凱基-士林,2024-05-07,9238
3013,晟銘電,32,17,15,凱基-士林,2024-05-07,9238
2606,裕民,35,20,15,凱基-士林,2024-05-07,9238
2887,台新金,19,5,14,凱基-士林,2024-05-07,9238
3058,立德,14,0,14,凱基-士林,2024-05-07,9238
6456,GIS-KY,14,0,14,凱基-士林,2024-05-07,9238
00665L,富邦�琤肭磪囓�2,510,3,507,凱基-士林,2024-05-08,9238
2542,興富發,500,0,500,凱基-士林,2024-05-08,9238
2641,正德,176,55,121,凱基-士林,2024-05-08,9238
2515,中工,118,5,113,凱基-士林,2024-05-08,9238
2486,一詮,86,27,59,凱基-士林,2024-05-08,9238
00940,元大台灣價值高息,52,3,49,凱基-士林,2024-05-08,9238
5871,中租-KY,49,3,46,凱基-士林,2024-05-08,9238
2530,華建,44,5,39,凱基-士林,2024-05-08,9238
1314,中石化,35,0,35,凱基-士林,2024-05-08,9238
6290,良維,36,4,32,凱基-士林,2024-05-08,9238
00929,復華台灣科技優息,53,22,31,凱基-士林,2024-05-08,9238
2527,宏璟,27,0,27,凱基-士林,2024-05-08,9238
2603,長榮,43,17,26,凱基-士林,2024-05-08,9238
8033,雷虎,26,0,26,凱基-士林,2024-05-08,9238
1570,力肯,25,0,25,凱基-士林,2024-05-08,9238
2002,中鋼,25,1,24,凱基-士林,2024-05-08,9238
00632R,元大台灣50反1,21,0,21,凱基-士林,2024-05-08,9238
00919,群益台灣精選高息,19,0,19,凱基-士林,2024-05-08,9238
1609,大亞,31,13,18,凱基-士林,2024-05-08,9238
00937B,群益ESG投等債20,17,0,17,凱基-士林,2024-05-08,9238
3306,鼎天,25,8,17,凱基-士林,2024-05-08,9238
8234,新漢,18,2,16,凱基-士林,2024-05-08,9238
1524,耿鼎,15,0,15,凱基-士林,2024-05-08,9238
1504,東元,16,2,14,凱基-士林,2024-05-08,9238
1789,神隆,14,0,14,凱基-士林,2024-05-08,9238
5531,鄉林,14,0,14,凱基-士林,2024-05-08,9238
6185,幃翔,14,0,14,凱基-士林,2024-05-08,9238
9904,寶成,17,3,14,凱基-士林,2024-05-08,9238
2834,臺企銀,23,10,13,凱基-士林,2024-05-08,9238
2634,漢翔,15,2,13,凱基-士林,2024-05-08,9238
2348,海悅,12,0,12,凱基-士林,2024-05-08,9238
6727,亞泰金屬,12,0,12,凱基-士林,2024-05-08,9238
2412,中華電,13,1,12,凱基-士林,2024-05-08,9238
00679B,元大美債20年,13,1,12,凱基-士林,2024-05-08,9238
6282,康舒,11,0,11,凱基-士林,2024-05-08,9238
4909,新復興,14,3,11,凱基-士林,2024-05-08,9238
00687B,國泰20年美債,10,0,10,凱基-士林,2024-05-08,9238
00885,富邦越南,10,0,10,凱基-士林,2024-05-08,9238
1440,南紡,11,1,10,凱基-士林,2024-05-08,9238
2409,友達,10,0,10,凱基-士林,2024-05-08,9238
2450,神腦,10,0,10,凱基-士林,2024-05-08,9238
2501,國建,12,2,10,凱基-士林,2024-05-08,9238
2915,潤泰全,10,0,10,凱基-士林,2024-05-08,9238
3617,碩天,10,0,10,凱基-士林,2024-05-08,9238
4168,醣聯,10,0,10,凱基-士林,2024-05-08,9238
1220,台榮,10,0,10,凱基-士林,2024-05-08,9238
00918,大華優利高填息30,10,1,9,凱基-士林,2024-05-08,9238
1617,榮星,24,15,9,凱基-士林,2024-05-08,9238
3036,文曄,9,0,9,凱基-士林,2024-05-08,9238
2539,櫻花建,8,0,8,凱基-士林,2024-05-08,9238
1570,力肯,208,0,208,凱基-士林,2024-05-09,9238
2515,中工,127,2,125,凱基-士林,2024-05-09,9238
3036,文曄,88,5,83,凱基-士林,2024-05-09,9238
2344,華邦電,61,0,61,凱基-士林,2024-05-09,9238
00929,復華台灣科技優息,73,18,55,凱基-士林,2024-05-09,9238
3481,群創,66,13,53,凱基-士林,2024-05-09,9238
1108,幸福,50,0,50,凱基-士林,2024-05-09,9238
1618,合機,66,18,48,凱基-士林,2024-05-09,9238
2527,宏璟,47,0,47,凱基-士林,2024-05-09,9238
6207,雷科,50,3,47,凱基-士林,2024-05-09,9238
8048,德勝,44,0,44,凱基-士林,2024-05-09,9238
2449,京元電子,41,1,40,凱基-士林,2024-05-09,9238
6290,良維,41,1,40,凱基-士林,2024-05-09,9238
00944,野村趨勢動能高息,40,0,40,凱基-士林,2024-05-09,9238
1714,和桐,50,12,38,凱基-士林,2024-05-09,9238
6005,群益證,39,1,38,凱基-士林,2024-05-09,9238
2038,海光,35,0,35,凱基-士林,2024-05-09,9238
00934,中信成長高股息,34,0,34,凱基-士林,2024-05-09,9238
3041,揚智,33,0,33,凱基-士林,2024-05-09,9238
2889,國票金,31,0,31,凱基-士林,2024-05-09,9238
1612,宏泰,31,1,30,凱基-士林,2024-05-09,9238
1609,大亞,29,2,27,凱基-士林,2024-05-09,9238
2546,根基,26,0,26,凱基-士林,2024-05-09,9238
00940,元大台灣價值高息,25,0,25,凱基-士林,2024-05-09,9238
7402,邑錡,25,2,23,凱基-士林,2024-05-09,9238
6770,力積電,25,3,22,凱基-士林,2024-05-09,9238
2618,長榮航,33,13,20,凱基-士林,2024-05-09,9238
00878,國泰永續高股息,23,3,20,凱基-士林,2024-05-09,9238
00936,台新永續高息中小,20,0,20,凱基-士林,2024-05-09,9238
9925,新保,20,0,20,凱基-士林,2024-05-09,9238
00937B,群益ESG投等債20,29,10,19,凱基-士林,2024-05-09,9238
2371,大同,28,12,16,凱基-士林,2024-05-09,9238
2352,佳世達,18,2,16,凱基-士林,2024-05-09,9238
00676R,富邦臺灣加權反1,15,0,15,凱基-士林,2024-05-09,9238
9907,統一實,15,0,15,凱基-士林,2024-05-09,9238
3231,緯創,19,5,14,凱基-士林,2024-05-09,9238
3437,榮創,14,0,14,凱基-士林,2024-05-09,9238
3060,銘異,13,0,13,凱基-士林,2024-05-09,9238
8011,台通,14,1,13,凱基-士林,2024-05-09,9238
2408,南亞科,19,6,13,凱基-士林,2024-05-09,9238
6139,亞翔,16,4,12,凱基-士林,2024-05-09,9238
5880,合庫金,12,0,12,凱基-士林,2024-05-09,9238
2401,凌陽,13,1,12,凱基-士林,2024-05-09,9238
2850,新產,12,0,12,凱基-士林,2024-05-09,9238
4726,永昕,13,1,12,凱基-士林,2024-05-09,9238
4960,誠美材,20,8,12,凱基-士林,2024-05-09,9238
2637,慧洋-KY,14,2,12,凱基-士林,2024-05-09,9238
2363,矽統,87,75,12,凱基-士林,2024-05-09,9238
1440,南紡,21,10,11,凱基-士林,2024-05-09,9238
2101,南港,33,22,11,凱基-士林,2024-05-09,9238
00665L,富邦�琤肭磪囓�2,2036,1501,535,凱基-士林,2024-05-10,9238
00929,復華台灣科技優息,117,10,107,凱基-士林,2024-05-10,9238
2906,高林,102,0,102,凱基-士林,2024-05-10,9238
3033,威健,101,0,101,凱基-士林,2024-05-10,9238
00937B,群益ESG投等債20,120,20,100,凱基-士林,2024-05-10,9238
1714,和桐,100,0,100,凱基-士林,2024-05-10,9238
2618,長榮航,130,54,76,凱基-士林,2024-05-10,9238
2527,宏璟,70,0,70,凱基-士林,2024-05-10,9238
00946,群益科技高息成長,76,13,63,凱基-士林,2024-05-10,9238
00676R,富邦臺灣加權反1,55,0,55,凱基-士林,2024-05-10,9238
9105,泰金寶-DR,50,0,50,凱基-士林,2024-05-10,9238
3689,湧德,45,2,43,凱基-士林,2024-05-10,9238
2313,華通,79,37,42,凱基-士林,2024-05-10,9238
2371,大同,35,3,32,凱基-士林,2024-05-10,9238
1532,勤美,30,0,30,凱基-士林,2024-05-10,9238
3363,上詮,39,10,29,凱基-士林,2024-05-10,9238
2348,海悅,29,0,29,凱基-士林,2024-05-10,9238
3013,晟銘電,48,21,27,凱基-士林,2024-05-10,9238
5340,建榮,27,0,27,凱基-士林,2024-05-10,9238
3032,偉訓,26,0,26,凱基-士林,2024-05-10,9238
6192,巨路,25,0,25,凱基-士林,2024-05-10,9238
6215,和椿,29,5,24,凱基-士林,2024-05-10,9238
006208,富邦台50,20,0,20,凱基-士林,2024-05-10,9238
2331,精英,20,1,19,凱基-士林,2024-05-10,9238
6770,力積電,22,6,16,凱基-士林,2024-05-10,9238
6578,達邦蛋白,16,0,16,凱基-士林,2024-05-10,9238
2605,新興,23,9,14,凱基-士林,2024-05-10,9238
4916,事欣科,15,1,14,凱基-士林,2024-05-10,9238
0050,元大台灣50,15,2,13,凱基-士林,2024-05-10,9238
3481,群創,21,8,13,凱基-士林,2024-05-10,9238
6683,雍智科技,11,0,11,凱基-士林,2024-05-10,9238
6288,聯嘉,11,0,11,凱基-士林,2024-05-10,9238
2388,威盛,20,10,10,凱基-士林,2024-05-10,9238
00632R,元大台灣50反1,10,0,10,凱基-士林,2024-05-10,9238
1477,聚陽,10,0,10,凱基-士林,2024-05-10,9238
1568,倉佑,10,0,10,凱基-士林,2024-05-10,9238
2412,中華電,10,0,10,凱基-士林,2024-05-10,9238
6668,中揚光,10,0,10,凱基-士林,2024-05-10,9238
6785,昱展新藥,11,1,10,凱基-士林,2024-05-10,9238
9925,新保,10,0,10,凱基-士林,2024-05-10,9238
6116,彩晶,11,1,10,凱基-士林,2024-05-10,9238
2382,廣達,20,11,9,凱基-士林,2024-05-10,9238
00944,野村趨勢動能高息,9,0,9,凱基-士林,2024-05-10,9238
6834,天二科技,9,0,9,凱基-士林,2024-05-10,9238
2421,建準,8,0,8,凱基-士林,2024-05-10,9238
8936,國統,12,4,8,凱基-士林,2024-05-10,9238
1316,上曜,8,0,8,凱基-士林,2024-05-10,9238
2427,三商電,8,0,8,凱基-士林,2024-05-10,9238
2543,皇昌,10,2,8,凱基-士林,2024-05-10,9238
4533,協易機,10,2,8,凱基-士林,2024-05-10,9238
00665L,富邦�琤肭磪囓�2,860,42,818,凱基-士林,2024-05-13,9238
5521,工信,210,0,210,凱基-士林,2024-05-13,9238
00929,復華台灣科技優息,200,0,200,凱基-士林,2024-05-13,9238
2347,聯強,80,1,79,凱基-士林,2024-05-13,9238
1570,力肯,70,0,70,凱基-士林,2024-05-13,9238
2371,大同,108,42,66,凱基-士林,2024-05-13,9238
2618,長榮航,83,20,63,凱基-士林,2024-05-13,9238
3557,嘉威,61,0,61,凱基-士林,2024-05-13,9238
2002,中鋼,51,10,41,凱基-士林,2024-05-13,9238
00676R,富邦臺灣加權反1,40,0,40,凱基-士林,2024-05-13,9238
1108,幸福,40,0,40,凱基-士林,2024-05-13,9238
00679B,元大美債20年,33,0,33,凱基-士林,2024-05-13,9238
3047,訊舟,34,2,32,凱基-士林,2024-05-13,9238
00919,群益台灣精選高息,43,12,31,凱基-士林,2024-05-13,9238
9925,新保,27,0,27,凱基-士林,2024-05-13,9238
2641,正德,65,39,26,凱基-士林,2024-05-13,9238
3481,群創,45,19,26,凱基-士林,2024-05-13,9238
2882,國泰金,28,3,25,凱基-士林,2024-05-13,9238
3363,上詮,38,14,24,凱基-士林,2024-05-13,9238
2617,台航,30,7,23,凱基-士林,2024-05-13,9238
8033,雷虎,23,0,23,凱基-士林,2024-05-13,9238
1312,國喬,25,2,23,凱基-士林,2024-05-13,9238
2101,南港,22,0,22,凱基-士林,2024-05-13,9238
6141,柏承,19,0,19,凱基-士林,2024-05-13,9238
2023,燁輝,20,2,18,凱基-士林,2024-05-13,9238
2906,高林,18,0,18,凱基-士林,2024-05-13,9238
2891,中信金,41,25,16,凱基-士林,2024-05-13,9238
00725B,國泰投資級公司債,16,0,16,凱基-士林,2024-05-13,9238
00937B,群益ESG投等債20,16,0,16,凱基-士林,2024-05-13,9238
2606,裕民,71,55,16,凱基-士林,2024-05-13,9238
6596,寬宏藝術,14,0,14,凱基-士林,2024-05-13,9238
00878,國泰永續高股息,23,9,14,凱基-士林,2024-05-13,9238
2356,英業達,15,2,13,凱基-士林,2024-05-13,9238
1802,台玻,13,0,13,凱基-士林,2024-05-13,9238
2851,中再保,13,0,13,凱基-士林,2024-05-13,9238
00932,兆豐永續高息等權,11,0,11,凱基-士林,2024-05-13,9238
1609,大亞,35,24,11,凱基-士林,2024-05-13,9238
2313,華通,17,6,11,凱基-士林,2024-05-13,9238
5386,青雲,11,0,11,凱基-士林,2024-05-13,9238
6770,力積電,12,2,10,凱基-士林,2024-05-13,9238
2449,京元電子,10,0,10,凱基-士林,2024-05-13,9238
6290,良維,10,0,10,凱基-士林,2024-05-13,9238
00915,凱基優選高股息30,10,0,10,凱基-士林,2024-05-13,9238
006208,富邦台50,10,0,10,凱基-士林,2024-05-13,9238
1809,中釉,10,0,10,凱基-士林,2024-05-13,9238
2884,玉山金,10,0,10,凱基-士林,2024-05-13,9238
2892,第一金,10,0,10,凱基-士林,2024-05-13,9238
2883,凱基金,15,5,10,凱基-士林,2024-05-13,9238
3231,緯創,22,13,9,凱基-士林,2024-05-13,9238
3260,威剛,10,1,9,凱基-士林,2024-05-13,9238
2061,風青,126,0,126,凱基-士林,2024-05-14,9238
5521,工信,100,0,100,凱基-士林,2024-05-14,9238
00720B,元大投資級公司債,102,5,97,凱基-士林,2024-05-14,9238
3498,陽程,80,0,80,凱基-士林,2024-05-14,9238
2371,大同,74,13,61,凱基-士林,2024-05-14,9238
1570,力肯,60,0,60,凱基-士林,2024-05-14,9238
2101,南港,44,3,41,凱基-士林,2024-05-14,9238
2882,國泰金,41,0,41,凱基-士林,2024-05-14,9238
00929,復華台灣科技優息,51,10,41,凱基-士林,2024-05-14,9238
9925,新保,38,0,38,凱基-士林,2024-05-14,9238
00665L,富邦�琤肭磪囓�2,46,10,36,凱基-士林,2024-05-14,9238
2374,佳能,47,12,35,凱基-士林,2024-05-14,9238
8358,金居,40,6,34,凱基-士林,2024-05-14,9238
2486,一詮,55,22,33,凱基-士林,2024-05-14,9238
1108,幸福,30,0,30,凱基-士林,2024-05-14,9238
6139,亞翔,30,3,27,凱基-士林,2024-05-14,9238
2615,萬海,101,75,26,凱基-士林,2024-05-14,9238
4167,松瑞藥,25,1,24,凱基-士林,2024-05-14,9238
2884,玉山金,23,0,23,凱基-士林,2024-05-14,9238
2548,華固,21,0,21,凱基-士林,2024-05-14,9238
00664R,國泰臺灣加權反1,20,0,20,凱基-士林,2024-05-14,9238
1416,廣豐,20,0,20,凱基-士林,2024-05-14,9238
1611,中電,20,0,20,凱基-士林,2024-05-14,9238
4123,晟德,20,0,20,凱基-士林,2024-05-14,9238
5324,士開,20,0,20,凱基-士林,2024-05-14,9238
6757,台灣虎航,22,2,20,凱基-士林,2024-05-14,9238
3605,宏致,22,2,20,凱基-士林,2024-05-14,9238
00679B,元大美債20年,19,0,19,凱基-士林,2024-05-14,9238
8105,凌巨,20,1,19,凱基-士林,2024-05-14,9238
5531,鄉林,18,0,18,凱基-士林,2024-05-14,9238
00933B,國泰10Y+金融債,11,0,11,凱基-士林,2024-05-14,9238
6282,康舒,10,0,10,凱基-士林,2024-05-14,9238
1504,東元,13,3,10,凱基-士林,2024-05-14,9238
1809,中釉,20,10,10,凱基-士林,2024-05-14,9238
5425,台半,10,0,10,凱基-士林,2024-05-14,9238
6283,淳安,10,0,10,凱基-士林,2024-05-14,9238
6592,和潤企業,10,0,10,凱基-士林,2024-05-14,9238
1815,富喬,20,10,10,凱基-士林,2024-05-14,9238
2637,慧洋-KY,11,1,10,凱基-士林,2024-05-14,9238
3312,弘憶股,10,0,10,凱基-士林,2024-05-14,9238
4979,華星光,10,0,10,凱基-士林,2024-05-14,9238
00885,富邦越南,10,0,10,凱基-士林,2024-05-14,9238
3706,神達,29,19,10,凱基-士林,2024-05-14,9238
2362,藍天,21,12,9,凱基-士林,2024-05-14,9238
3060,銘異,11,2,9,凱基-士林,2024-05-14,9238
4716,大立,22,13,9,凱基-士林,2024-05-14,9238
5871,中租-KY,11,2,9,凱基-士林,2024-05-14,9238
8299,群聯,20,13,7,凱基-士林,2024-05-14,9238
00632R,元大台灣50反1,7,0,7,凱基-士林,2024-05-14,9238
00940,元大台灣價值高息,24,17,7,凱基-士林,2024-05-14,9238
00929,復華台灣科技優息,433,35,398,凱基-士林,2024-05-15,9238
00937B,群益ESG投等債20,315,0,315,凱基-士林,2024-05-15,9238
3024,憶聲,120,0,120,凱基-士林,2024-05-15,9238
00632R,元大台灣50反1,103,0,103,凱基-士林,2024-05-15,9238
2363,矽統,142,39,103,凱基-士林,2024-05-15,9238
2613,中櫃,94,5,89,凱基-士林,2024-05-15,9238
1570,力肯,80,0,80,凱基-士林,2024-05-15,9238
2528,皇普,80,0,80,凱基-士林,2024-05-15,9238
1473,台南,78,0,78,凱基-士林,2024-05-15,9238
3706,神達,77,2,75,凱基-士林,2024-05-15,9238
2356,英業達,58,6,52,凱基-士林,2024-05-15,9238
00878,國泰永續高股息,72,21,51,凱基-士林,2024-05-15,9238
1903,士紙,50,0,50,凱基-士林,2024-05-15,9238
2545,皇翔,50,0,50,凱基-士林,2024-05-15,9238
9904,寶成,50,1,49,凱基-士林,2024-05-15,9238
2332,友訊,57,9,48,凱基-士林,2024-05-15,9238
00919,群益台灣精選高息,56,16,40,凱基-士林,2024-05-15,9238
00676R,富邦臺灣加權反1,40,0,40,凱基-士林,2024-05-15,9238
2906,高林,50,10,40,凱基-士林,2024-05-15,9238
3047,訊舟,40,1,39,凱基-士林,2024-05-15,9238
00932,兆豐永續高息等權,34,0,34,凱基-士林,2024-05-15,9238
00885,富邦越南,31,0,31,凱基-士林,2024-05-15,9238
006208,富邦台50,29,0,29,凱基-士林,2024-05-15,9238
00679B,元大美債20年,28,0,28,凱基-士林,2024-05-15,9238
8463,潤泰材,27,0,27,凱基-士林,2024-05-15,9238
1783,和康生,24,0,24,凱基-士林,2024-05-15,9238
00940,元大台灣價值高息,28,5,23,凱基-士林,2024-05-15,9238
6141,柏承,22,0,22,凱基-士林,2024-05-15,9238
3691,碩禾,20,0,20,凱基-士林,2024-05-15,9238
4726,永昕,20,0,20,凱基-士林,2024-05-15,9238
00650L,復華香港正2,20,1,19,凱基-士林,2024-05-15,9238
2367,燿華,63,44,19,凱基-士林,2024-05-15,9238
4916,事欣科,19,0,19,凱基-士林,2024-05-15,9238
1612,宏泰,28,11,17,凱基-士林,2024-05-15,9238
4903,聯光通,23,6,17,凱基-士林,2024-05-15,9238
2348,海悅,16,0,16,凱基-士林,2024-05-15,9238
2449,京元電子,16,0,16,凱基-士林,2024-05-15,9238
2605,新興,17,1,16,凱基-士林,2024-05-15,9238
5009,榮剛,28,13,15,凱基-士林,2024-05-15,9238
9925,新保,15,0,15,凱基-士林,2024-05-15,9238
6770,力積電,14,0,14,凱基-士林,2024-05-15,9238
2038,海光,14,0,14,凱基-士林,2024-05-15,9238
3230,錦明,15,1,14,凱基-士林,2024-05-15,9238
8054,安國,19,7,12,凱基-士林,2024-05-15,9238
9958,世紀鋼,17,6,11,凱基-士林,2024-05-15,9238
1477,聚陽,11,0,11,凱基-士林,2024-05-15,9238
2548,華固,11,0,11,凱基-士林,2024-05-15,9238
4137,麗豐-KY,11,0,11,凱基-士林,2024-05-15,9238
8933,愛地雅,11,0,11,凱基-士林,2024-05-15,9238
0050,元大台灣50,17,6,11,凱基-士林,2024-05-15,9238
2371,大同,161,25,136,凱基-士林,2024-05-16,9238
1808,潤隆,70,2,68,凱基-士林,2024-05-16,9238
00632R,元大台灣50反1,59,0,59,凱基-士林,2024-05-16,9238
2382,廣達,64,13,51,凱基-士林,2024-05-16,9238
2540,愛山林,50,0,50,凱基-士林,2024-05-16,9238
6177,達麗,50,1,49,凱基-士林,2024-05-16,9238
9105,泰金寶-DR,35,0,35,凱基-士林,2024-05-16,9238
4979,華星光,28,0,28,凱基-士林,2024-05-16,9238
6187,萬潤,27,0,27,凱基-士林,2024-05-16,9238
00929,復華台灣科技優息,88,61,27,凱基-士林,2024-05-16,9238
2359,所羅門,38,15,23,凱基-士林,2024-05-16,9238
00753L,中信中國50正2,25,2,23,凱基-士林,2024-05-16,9238
3231,緯創,28,6,22,凱基-士林,2024-05-16,9238
2515,中工,21,0,21,凱基-士林,2024-05-16,9238
5284,jpp-KY,20,0,20,凱基-士林,2024-05-16,9238
00665L,富邦�琤肭磪囓�2,20,0,20,凱基-士林,2024-05-16,9238
1570,力肯,20,0,20,凱基-士林,2024-05-16,9238
5347,世界,50,30,20,凱基-士林,2024-05-16,9238
1101,台泥,22,5,17,凱基-士林,2024-05-16,9238
3450,聯鈞,21,4,17,凱基-士林,2024-05-16,9238
00878,國泰永續高股息,61,45,16,凱基-士林,2024-05-16,9238
3038,全台,20,5,15,凱基-士林,2024-05-16,9238
3390,旭軟,16,1,15,凱基-士林,2024-05-16,9238
6215,和椿,18,4,14,凱基-士林,2024-05-16,9238
8070,長華*,14,0,14,凱基-士林,2024-05-16,9238
2504,國產,21,9,12,凱基-士林,2024-05-16,9238
2367,燿華,27,16,11,凱基-士林,2024-05-16,9238
4960,誠美材,10,0,10,凱基-士林,2024-05-16,9238
00715L,期街口布蘭特正2,10,0,10,凱基-士林,2024-05-16,9238
00931B,統一美債20年,10,0,10,凱基-士林,2024-05-16,9238
1455,集盛,10,0,10,凱基-士林,2024-05-16,9238
1905,華紙,10,0,10,凱基-士林,2024-05-16,9238
2406,國碩,11,1,10,凱基-士林,2024-05-16,9238
4968,立積,10,0,10,凱基-士林,2024-05-16,9238
8093,保銳,10,0,10,凱基-士林,2024-05-16,9238
1532,勤美,14,4,10,凱基-士林,2024-05-16,9238
2356,英業達,70,60,10,凱基-士林,2024-05-16,9238
2204,中華,10,1,9,凱基-士林,2024-05-16,9238
2301,光寶科,9,0,9,凱基-士林,2024-05-16,9238
2464,盟立,14,5,9,凱基-士林,2024-05-16,9238
3041,揚智,14,5,9,凱基-士林,2024-05-16,9238
6274,台燿,14,5,9,凱基-士林,2024-05-16,9238
2317,鴻海,32,24,8,凱基-士林,2024-05-16,9238
00680L,元大美債20正2,10,2,8,凱基-士林,2024-05-16,9238
2038,海光,8,0,8,凱基-士林,2024-05-16,9238
3535,晶彩科,8,0,8,凱基-士林,2024-05-16,9238
3669,圓展,11,3,8,凱基-士林,2024-05-16,9238
9925,新保,8,0,8,凱基-士林,2024-05-16,9238
00918,大華優利高填息30,10,2,8,凱基-士林,2024-05-16,9238
4927,泰鼎-KY,7,0,7,凱基-士林,2024-05-16,9238
5392,能率,497,29,468,凱基-士林,2024-05-17,9238
2610,華航,499,70,429,凱基-士林,2024-05-17,9238
00929,復華台灣科技優息,369,16,353,凱基-士林,2024-05-17,9238
2881,富邦金,101,1,100,凱基-士林,2024-05-17,9238
1605,華新,88,7,81,凱基-士林,2024-05-17,9238
2618,長榮航,112,43,69,凱基-士林,2024-05-17,9238
00632R,元大台灣50反1,60,0,60,凱基-士林,2024-05-17,9238
2102,泰豐,60,0,60,凱基-士林,2024-05-17,9238
00878,國泰永續高股息,70,13,57,凱基-士林,2024-05-17,9238
2344,華邦電,47,0,47,凱基-士林,2024-05-17,9238
2349,錸德,87,50,37,凱基-士林,2024-05-17,9238
2609,陽明,37,5,32,凱基-士林,2024-05-17,9238
00673R,期元大S＆P原油反1,30,0,30,凱基-士林,2024-05-17,9238
00939,統一台灣高息動能,40,10,30,凱基-士林,2024-05-17,9238
1522,堤維西,30,0,30,凱基-士林,2024-05-17,9238
00946,群益科技高息成長,27,0,27,凱基-士林,2024-05-17,9238
2014,中鴻,25,3,22,凱基-士林,2024-05-17,9238
6257,矽格,36,15,21,凱基-士林,2024-05-17,9238
6182,合晶,25,5,20,凱基-士林,2024-05-17,9238
6770,力積電,22,3,19,凱基-士林,2024-05-17,9238
1802,台玻,20,2,18,凱基-士林,2024-05-17,9238
2489,瑞軒,32,14,18,凱基-士林,2024-05-17,9238
3312,弘憶股,42,25,17,凱基-士林,2024-05-17,9238
9925,新保,17,0,17,凱基-士林,2024-05-17,9238
2408,南亞科,29,14,15,凱基-士林,2024-05-17,9238
2241,艾姆勒,17,2,15,凱基-士林,2024-05-17,9238
00919,群益台灣精選高息,12,0,12,凱基-士林,2024-05-17,9238
00650L,復華香港正2,13,1,12,凱基-士林,2024-05-17,9238
5529,鉅陞,12,0,12,凱基-士林,2024-05-17,9238
1503,士電,11,0,11,凱基-士林,2024-05-17,9238
2101,南港,13,2,11,凱基-士林,2024-05-17,9238
2228,劍麟,11,0,11,凱基-士林,2024-05-17,9238
00915,凱基優選高股息30,10,0,10,凱基-士林,2024-05-17,9238
00931B,統一美債20年,10,0,10,凱基-士林,2024-05-17,9238
1717,長興,25,15,10,凱基-士林,2024-05-17,9238
2505,國揚,10,0,10,凱基-士林,2024-05-17,9238
2845,遠東銀,10,0,10,凱基-士林,2024-05-17,9238
2915,潤泰全,10,0,10,凱基-士林,2024-05-17,9238
3025,星通,10,0,10,凱基-士林,2024-05-17,9238
8011,台通,10,0,10,凱基-士林,2024-05-17,9238
8930,青鋼,10,0,10,凱基-士林,2024-05-17,9238
4909,新復興,17,7,10,凱基-士林,2024-05-17,9238
3037,欣興,20,10,10,凱基-士林,2024-05-17,9238
00679B,元大美債20年,9,0,9,凱基-士林,2024-05-17,9238
8033,雷虎,10,1,9,凱基-士林,2024-05-17,9238
2486,一詮,12,4,8,凱基-士林,2024-05-17,9238
2606,裕民,12,5,7,凱基-士林,2024-05-17,9238
00680L,元大美債20正2,7,0,7,凱基-士林,2024-05-17,9238
2204,中華,10,3,7,凱基-士林,2024-05-17,9238
2464,盟立,17,10,7,凱基-士林,2024-05-17,9238
00637L,元大滬深300正2,365,5,360,凱基-士林,2024-05-20,9238
00929,復華台灣科技優息,206,54,152,凱基-士林,2024-05-20,9238
00679B,元大美債20年,106,0,106,凱基-士林,2024-05-20,9238
5230,雷笛克光學,90,6,84,凱基-士林,2024-05-20,9238
00919,群益台灣精選高息,87,3,84,凱基-士林,2024-05-20,9238
2417,圓剛,76,0,76,凱基-士林,2024-05-20,9238
5512,力麒,76,1,75,凱基-士林,2024-05-20,9238
2317,鴻海,70,3,67,凱基-士林,2024-05-20,9238
2323,中環,55,0,55,凱基-士林,2024-05-20,9238
2881,富邦金,55,3,52,凱基-士林,2024-05-20,9238
00878,國泰永續高股息,61,10,51,凱基-士林,2024-05-20,9238
00632R,元大台灣50反1,40,0,40,凱基-士林,2024-05-20,9238
00933B,國泰10Y+金融債,32,0,32,凱基-士林,2024-05-20,9238
1504,東元,32,0,32,凱基-士林,2024-05-20,9238
2101,南港,35,5,30,凱基-士林,2024-05-20,9238
2356,英業達,28,2,26,凱基-士林,2024-05-20,9238
2204,中華,24,0,24,凱基-士林,2024-05-20,9238
2363,矽統,50,27,23,凱基-士林,2024-05-20,9238
2882,國泰金,33,11,22,凱基-士林,2024-05-20,9238
2449,京元電子,21,0,21,凱基-士林,2024-05-20,9238
1447,力鵬,20,0,20,凱基-士林,2024-05-20,9238
2038,海光,21,1,20,凱基-士林,2024-05-20,9238
6284,佳邦,17,0,17,凱基-士林,2024-05-20,9238
3231,緯創,18,2,16,凱基-士林,2024-05-20,9238
6901,鑽石投資,16,0,16,凱基-士林,2024-05-20,9238
2382,廣達,17,2,15,凱基-士林,2024-05-20,9238
3706,神達,16,2,14,凱基-士林,2024-05-20,9238
2374,佳能,56,42,14,凱基-士林,2024-05-20,9238
00687B,國泰20年美債,13,0,13,凱基-士林,2024-05-20,9238
00946,群益科技高息成長,25,12,13,凱基-士林,2024-05-20,9238
2362,藍天,15,2,13,凱基-士林,2024-05-20,9238
2867,三商壽,21,8,13,凱基-士林,2024-05-20,9238
1314,中石化,12,0,12,凱基-士林,2024-05-20,9238
2324,仁寶,12,0,12,凱基-士林,2024-05-20,9238
2882B,國泰金乙特,11,0,11,凱基-士林,2024-05-20,9238
00931B,統一美債20年,10,0,10,凱基-士林,2024-05-20,9238
1321,大洋,10,0,10,凱基-士林,2024-05-20,9238
2442,新美齊,10,0,10,凱基-士林,2024-05-20,9238
2905,三商,10,0,10,凱基-士林,2024-05-20,9238
3363,上詮,22,12,10,凱基-士林,2024-05-20,9238
4147,中裕,10,0,10,凱基-士林,2024-05-20,9238
4726,永昕,10,0,10,凱基-士林,2024-05-20,9238
5392,能率,29,19,10,凱基-士林,2024-05-20,9238
6616,特昇-KY,10,0,10,凱基-士林,2024-05-20,9238
6928,攸泰科技,10,0,10,凱基-士林,2024-05-20,9238
9925,新保,10,0,10,凱基-士林,2024-05-20,9238
9933,中鼎,11,1,10,凱基-士林,2024-05-20,9238
2313,華通,22,13,9,凱基-士林,2024-05-20,9238
00751B,元大AAA至A公司債,8,0,8,凱基-士林,2024-05-20,9238
2617,台航,10,2,8,凱基-士林,2024-05-20,9238
5521,工信,106,4,102,凱基-士林,2024-05-21,9238
5324,士開,62,0,62,凱基-士林,2024-05-21,9238
3537,堡達,59,0,59,凱基-士林,2024-05-21,9238
2371,大同,51,1,50,凱基-士林,2024-05-21,9238
1446,宏和,60,10,50,凱基-士林,2024-05-21,9238
2329,華泰,41,3,38,凱基-士林,2024-05-21,9238
00679B,元大美債20年,33,0,33,凱基-士林,2024-05-21,9238
1605,華新,54,21,33,凱基-士林,2024-05-21,9238
3673,TPK-KY,31,0,31,凱基-士林,2024-05-21,9238
1321,大洋,30,0,30,凱基-士林,2024-05-21,9238
2888,新光金,50,20,30,凱基-士林,2024-05-21,9238
3363,上詮,34,4,30,凱基-士林,2024-05-21,9238
2867,三商壽,43,16,27,凱基-士林,2024-05-21,9238
1608,華榮,31,4,27,凱基-士林,2024-05-21,9238
1514,亞力,26,0,26,凱基-士林,2024-05-21,9238
2634,漢翔,28,3,25,凱基-士林,2024-05-21,9238
9925,新保,25,0,25,凱基-士林,2024-05-21,9238
4716,大立,24,0,24,凱基-士林,2024-05-21,9238
1609,大亞,23,0,23,凱基-士林,2024-05-21,9238
2890,永豐金,20,0,20,凱基-士林,2024-05-21,9238
2886,兆豐金,20,0,20,凱基-士林,2024-05-21,9238
3338,泰碩,24,4,20,凱基-士林,2024-05-21,9238
6727,亞泰金屬,20,0,20,凱基-士林,2024-05-21,9238
2834,臺企銀,20,0,20,凱基-士林,2024-05-21,9238
5432,新門,20,2,18,凱基-士林,2024-05-21,9238
6187,萬潤,19,1,18,凱基-士林,2024-05-21,9238
6188,廣明,35,18,17,凱基-士林,2024-05-21,9238
00915,凱基優選高股息30,17,0,17,凱基-士林,2024-05-21,9238
2317,鴻海,16,0,16,凱基-士林,2024-05-21,9238
2603,長榮,17,0,17,凱基-士林,2024-05-21,9238
4147,中裕,17,1,16,凱基-士林,2024-05-21,9238
2302,麗正,15,0,15,凱基-士林,2024-05-21,9238
3303,岱稜,15,0,15,凱基-士林,2024-05-21,9238
3419,譁裕,15,0,15,凱基-士林,2024-05-21,9238
00937B,群益ESG投等債20,13,0,13,凱基-士林,2024-05-21,9238
1802,台玻,13,0,13,凱基-士林,2024-05-21,9238
2486,一詮,18,5,13,凱基-士林,2024-05-21,9238
6770,力積電,15,2,13,凱基-士林,2024-05-21,9238
2363,矽統,14,3,11,凱基-士林,2024-05-21,9238
3312,弘憶股,11,0,11,凱基-士林,2024-05-21,9238
1504,東元,11,0,11,凱基-士林,2024-05-21,9238
2905,三商,11,0,11,凱基-士林,2024-05-21,9238
3059,華晶科,12,1,11,凱基-士林,2024-05-21,9238
6126,信音,11,0,11,凱基-士林,2024-05-21,9238
3207,耀勝,11,1,10,凱基-士林,2024-05-21,9238
00773B,中信優先金融債,10,0,10,凱基-士林,2024-05-21,9238
1201,味全,10,0,10,凱基-士林,2024-05-21,9238
1314,中石化,10,0,10,凱基-士林,2024-05-21,9238
2007,燁興,10,0,10,凱基-士林,2024-05-21,9238
2915,潤泰全,11,1,10,凱基-士林,2024-05-21,9238
2371,大同,345,1,344,凱基-士林,2024-05-22,9238
2324,仁寶,194,47,147,凱基-士林,2024-05-22,9238
00632R,元大台灣50反1,106,0,106,凱基-士林,2024-05-22,9238
5521,工信,105,3,102,凱基-士林,2024-05-22,9238
2367,燿華,122,31,91,凱基-士林,2024-05-22,9238
2353,宏��,170,79,91,凱基-士林,2024-05-22,9238
1101,台泥,106,20,86,凱基-士林,2024-05-22,9238
2867,三商壽,73,6,67,凱基-士林,2024-05-22,9238
00676R,富邦臺灣加權反1,55,0,55,凱基-士林,2024-05-22,9238
8110,華東,56,2,54,凱基-士林,2024-05-22,9238
00664R,國泰臺灣加權反1,50,0,50,凱基-士林,2024-05-22,9238
2881,富邦金,41,0,41,凱基-士林,2024-05-22,9238
2891,中信金,41,2,39,凱基-士林,2024-05-22,9238
5014,建錩,35,0,35,凱基-士林,2024-05-22,9238
8438,昶昕,45,10,35,凱基-士林,2024-05-22,9238
2010,春源,31,0,31,凱基-士林,2024-05-22,9238
00665L,富邦�琤肭磪囓�2,30,0,30,凱基-士林,2024-05-22,9238
6138,茂達,31,1,30,凱基-士林,2024-05-22,9238
00937B,群益ESG投等債20,29,0,29,凱基-士林,2024-05-22,9238
2610,華航,83,57,26,凱基-士林,2024-05-22,9238
2515,中工,26,0,26,凱基-士林,2024-05-22,9238
00650L,復華香港正2,23,0,23,凱基-士林,2024-05-22,9238
2618,長榮航,38,15,23,凱基-士林,2024-05-22,9238
2002,中鋼,22,0,22,凱基-士林,2024-05-22,9238
2241,艾姆勒,22,0,22,凱基-士林,2024-05-22,9238
5324,士開,21,0,21,凱基-士林,2024-05-22,9238
2038,海光,20,0,20,凱基-士林,2024-05-22,9238
3576,聯合再生,30,10,20,凱基-士林,2024-05-22,9238
2009,第一銅,43,25,18,凱基-士林,2024-05-22,9238
2369,菱生,29,12,17,凱基-士林,2024-05-22,9238
00753L,中信中國50正2,16,0,16,凱基-士林,2024-05-22,9238
4168,醣聯,16,0,16,凱基-士林,2024-05-22,9238
1712,興農,15,0,15,凱基-士林,2024-05-22,9238
5426,振發,25,10,15,凱基-士林,2024-05-22,9238
2206,三陽工業,14,0,14,凱基-士林,2024-05-22,9238
6187,萬潤,15,1,14,凱基-士林,2024-05-22,9238
4533,協易機,24,11,13,凱基-士林,2024-05-22,9238
3019,亞光,13,0,13,凱基-士林,2024-05-22,9238
6125,廣運,62,49,13,凱基-士林,2024-05-22,9238
6188,廣明,22,10,12,凱基-士林,2024-05-22,9238
3032,偉訓,13,1,12,凱基-士林,2024-05-22,9238
3047,訊舟,26,14,12,凱基-士林,2024-05-22,9238
3666,光耀,12,0,12,凱基-士林,2024-05-22,9238
9945,潤泰新,15,3,12,凱基-士林,2024-05-22,9238
00933B,國泰10Y+金融債,11,0,11,凱基-士林,2024-05-22,9238
4545,銘鈺,11,0,11,凱基-士林,2024-05-22,9238
9955,佳龍,14,4,10,凱基-士林,2024-05-22,9238
00715L,期街口布蘭特正2,10,0,10,凱基-士林,2024-05-22,9238
00930,永豐ESG低碳高息,10,0,10,凱基-士林,2024-05-22,9238
2107,厚生,10,0,10,凱基-士林,2024-05-22,9238
3047,訊舟,209,1,208,凱基-士林,2024-05-23,9238
5521,工信,110,0,110,凱基-士林,2024-05-23,9238
8028,昇陽半導體,105,3,102,凱基-士林,2024-05-23,9238
00637L,元大滬深300正2,70,0,70,凱基-士林,2024-05-23,9238
1815,富喬,112,46,66,凱基-士林,2024-05-23,9238
2337,旺宏,62,0,62,凱基-士林,2024-05-23,9238
2528,皇普,50,0,50,凱基-士林,2024-05-23,9238
00632R,元大台灣50反1,52,10,42,凱基-士林,2024-05-23,9238
2356,英業達,43,4,39,凱基-士林,2024-05-23,9238
6182,合晶,36,0,36,凱基-士林,2024-05-23,9238
8071,能率網通,41,6,35,凱基-士林,2024-05-23,9238
2331,精英,66,33,33,凱基-士林,2024-05-23,9238
2014,中鴻,30,0,30,凱基-士林,2024-05-23,9238
5392,能率,39,9,30,凱基-士林,2024-05-23,9238
00664R,國泰臺灣加權反1,30,0,30,凱基-士林,2024-05-23,9238
1101,台泥,28,0,28,凱基-士林,2024-05-23,9238
00936,台新永續高息中小,23,0,23,凱基-士林,2024-05-23,9238
00670L,富邦NASDAQ正2,20,0,20,凱基-士林,2024-05-23,9238
00676R,富邦臺灣加權反1,40,20,20,凱基-士林,2024-05-23,9238
1321,大洋,20,0,20,凱基-士林,2024-05-23,9238
1447,力鵬,20,0,20,凱基-士林,2024-05-23,9238
1504,東元,20,0,20,凱基-士林,2024-05-23,9238
2101,南港,19,2,17,凱基-士林,2024-05-23,9238
3673,TPK-KY,17,0,17,凱基-士林,2024-05-23,9238
2009,第一銅,18,2,16,凱基-士林,2024-05-23,9238
5230,雷笛克光學,20,4,16,凱基-士林,2024-05-23,9238
2352,佳世達,15,0,15,凱基-士林,2024-05-23,9238
8107,大億金茂,15,0,15,凱基-士林,2024-05-23,9238
00918,大華優利高填息30,18,3,15,凱基-士林,2024-05-23,9238
2464,盟立,31,17,14,凱基-士林,2024-05-23,9238
2371,大同,29,15,14,凱基-士林,2024-05-23,9238
2105,正新,15,1,14,凱基-士林,2024-05-23,9238
2543,皇昌,19,5,14,凱基-士林,2024-05-23,9238
3694,海華,16,2,14,凱基-士林,2024-05-23,9238
2548,華固,12,0,12,凱基-士林,2024-05-23,9238
00650L,復華香港正2,12,0,12,凱基-士林,2024-05-23,9238
2885,元大金,12,0,12,凱基-士林,2024-05-23,9238
3666,光耀,13,1,12,凱基-士林,2024-05-23,9238
6213,聯茂,12,1,11,凱基-士林,2024-05-23,9238
3706,神達,25,14,11,凱基-士林,2024-05-23,9238
1319,東陽,10,0,10,凱基-士林,2024-05-23,9238
00715L,期街口布蘭特正2,10,0,10,凱基-士林,2024-05-23,9238
00680L,元大美債20正2,10,0,10,凱基-士林,2024-05-23,9238
1605,華新,11,1,10,凱基-士林,2024-05-23,9238
2103,台橡,10,0,10,凱基-士林,2024-05-23,9238
2313,華通,16,6,10,凱基-士林,2024-05-23,9238
2439,美律,10,0,10,凱基-士林,2024-05-23,9238
2485,兆赫,10,0,10,凱基-士林,2024-05-23,9238
2601,益航,10,0,10,凱基-士林,2024-05-23,9238
2812,台中銀,10,0,10,凱基-士林,2024-05-23,9238
2617,台航,300,5,295,凱基-士林,2024-05-24,9238
4979,華星光,223,55,168,凱基-士林,2024-05-24,9238
2340,台亞,161,3,158,凱基-士林,2024-05-24,9238
2489,瑞軒,204,78,126,凱基-士林,2024-05-24,9238
5230,雷笛克光學,95,3,92,凱基-士林,2024-05-24,9238
3363,上詮,217,127,90,凱基-士林,2024-05-24,9238
3047,訊舟,96,13,83,凱基-士林,2024-05-24,9238
2882,國泰金,100,22,78,凱基-士林,2024-05-24,9238
00753L,中信中國50正2,65,0,65,凱基-士林,2024-05-24,9238
00937B,群益ESG投等債20,82,30,52,凱基-士林,2024-05-24,9238
6414,樺漢,50,3,47,凱基-士林,2024-05-24,9238
0056,元大高股息,50,3,47,凱基-士林,2024-05-24,9238
2367,燿華,109,66,43,凱基-士林,2024-05-24,9238
00712,復華富時不動產,35,0,35,凱基-士林,2024-05-24,9238
2313,華通,27,0,27,凱基-士林,2024-05-24,9238
00650L,復華香港正2,23,0,23,凱基-士林,2024-05-24,9238
6182,合晶,23,0,23,凱基-士林,2024-05-24,9238
1516,川飛,23,2,21,凱基-士林,2024-05-24,9238
00909,國泰數位支付服務,20,0,20,凱基-士林,2024-05-24,9238
2486,一詮,66,46,20,凱基-士林,2024-05-24,9238
2891,中信金,20,1,19,凱基-士林,2024-05-24,9238
2365,昆盈,30,11,19,凱基-士林,2024-05-24,9238
3032,偉訓,35,16,19,凱基-士林,2024-05-24,9238
4123,晟德,17,0,17,凱基-士林,2024-05-24,9238
2303,聯電,34,18,16,凱基-士林,2024-05-24,9238
1301,台塑,18,2,16,凱基-士林,2024-05-24,9238
2867,三商壽,15,0,15,凱基-士林,2024-05-24,9238
00936,台新永續高息中小,15,0,15,凱基-士林,2024-05-24,9238
2442,新美齊,15,0,15,凱基-士林,2024-05-24,9238
3419,譁裕,15,0,15,凱基-士林,2024-05-24,9238
9925,新保,15,0,15,凱基-士林,2024-05-24,9238
6770,力積電,15,0,15,凱基-士林,2024-05-24,9238
2618,長榮航,19,5,14,凱基-士林,2024-05-24,9238
2392,正崴,76,62,14,凱基-士林,2024-05-24,9238
2329,華泰,17,3,14,凱基-士林,2024-05-24,9238
8358,金居,16,3,13,凱基-士林,2024-05-24,9238
2002,中鋼,13,0,13,凱基-士林,2024-05-24,9238
00929,復華台灣科技優息,29,16,13,凱基-士林,2024-05-24,9238
3023,信邦,12,0,12,凱基-士林,2024-05-24,9238
3312,弘憶股,32,20,12,凱基-士林,2024-05-24,9238
6214,精誠,11,0,11,凱基-士林,2024-05-24,9238
00945B,凱基美國非投等債,13,2,11,凱基-士林,2024-05-24,9238
3015,全漢,11,0,11,凱基-士林,2024-05-24,9238
3024,憶聲,14,3,11,凱基-士林,2024-05-24,9238
00933B,國泰10Y+金融債,11,0,11,凱基-士林,2024-05-24,9238
1608,華榮,13,3,10,凱基-士林,2024-05-24,9238
1809,中釉,10,0,10,凱基-士林,2024-05-24,9238
2337,旺宏,10,0,10,凱基-士林,2024-05-24,9238
2453,凌群,16,6,10,凱基-士林,2024-05-24,9238
2605,新興,11,1,10,凱基-士林,2024-05-24,9238
00632R,元大台灣50反1,4571,5,4566,凱基-士林,2024-05-27,9238
00937B,群益ESG投等債20,456,2,454,凱基-士林,2024-05-27,9238
1810,和成,300,1,299,凱基-士林,2024-05-27,9238
2905,三商,200,0,200,凱基-士林,2024-05-27,9238
2617,台航,201,3,198,凱基-士林,2024-05-27,9238
2489,瑞軒,145,29,116,凱基-士林,2024-05-27,9238
00664R,國泰臺灣加權反1,100,0,100,凱基-士林,2024-05-27,9238
5521,工信,100,0,100,凱基-士林,2024-05-27,9238
2641,正德,100,11,89,凱基-士林,2024-05-27,9238
6170,統振,85,0,85,凱基-士林,2024-05-27,9238
00946,群益科技高息成長,103,50,53,凱基-士林,2024-05-27,9238
6126,信音,50,2,48,凱基-士林,2024-05-27,9238
1809,中釉,57,10,47,凱基-士林,2024-05-27,9238
2888,新光金,46,0,46,凱基-士林,2024-05-27,9238
3231,緯創,58,14,44,凱基-士林,2024-05-27,9238
3357,臺慶科,60,19,41,凱基-士林,2024-05-27,9238
2882,國泰金,40,0,40,凱基-士林,2024-05-27,9238
00676R,富邦臺灣加權反1,40,0,40,凱基-士林,2024-05-27,9238
2340,台亞,42,2,40,凱基-士林,2024-05-27,9238
3088,艾訊,40,1,39,凱基-士林,2024-05-27,9238
2367,燿華,50,12,38,凱基-士林,2024-05-27,9238
2353,宏��,63,28,35,凱基-士林,2024-05-27,9238
2881,富邦金,32,1,31,凱基-士林,2024-05-27,9238
6160,欣技,30,0,30,凱基-士林,2024-05-27,9238
3605,宏致,59,31,28,凱基-士林,2024-05-27,9238
00929,復華台灣科技優息,49,21,28,凱基-士林,2024-05-27,9238
5324,士開,27,0,27,凱基-士林,2024-05-27,9238
5251,天鉞電,26,0,26,凱基-士林,2024-05-27,9238
1815,富喬,32,9,23,凱基-士林,2024-05-27,9238
3363,上詮,40,18,22,凱基-士林,2024-05-27,9238
2324,仁寶,27,6,21,凱基-士林,2024-05-27,9238
3481,群創,47,27,20,凱基-士林,2024-05-27,9238
2610,華航,21,1,20,凱基-士林,2024-05-27,9238
00650L,復華香港正2,20,0,20,凱基-士林,2024-05-27,9238
4720,德淵,20,0,20,凱基-士林,2024-05-27,9238
2201,裕隆,22,4,18,凱基-士林,2024-05-27,9238
2352,佳世達,20,3,17,凱基-士林,2024-05-27,9238
1301,台塑,17,0,17,凱基-士林,2024-05-27,9238
4561,健椿,18,1,17,凱基-士林,2024-05-27,9238
9105,泰金寶-DR,37,20,17,凱基-士林,2024-05-27,9238
2101,南港,15,0,15,凱基-士林,2024-05-27,9238
4726,永昕,15,0,15,凱基-士林,2024-05-27,9238
6505,台塑化,15,0,15,凱基-士林,2024-05-27,9238
2002,中鋼,13,0,13,凱基-士林,2024-05-27,9238
00919,群益台灣精選高息,20,7,13,凱基-士林,2024-05-27,9238
1802,台玻,14,2,12,凱基-士林,2024-05-27,9238
6005,群益證,12,0,12,凱基-士林,2024-05-27,9238
6616,特昇-KY,12,0,12,凱基-士林,2024-05-27,9238
00679B,元大美債20年,12,0,12,凱基-士林,2024-05-27,9238
2369,菱生,41,30,11,凱基-士林,2024-05-27,9238
00632R,元大台灣50反1,1025,1,1024,凱基-士林,2024-05-28,9238
00940,元大台灣價值高息,211,35,176,凱基-士林,2024-05-28,9238
1810,和成,152,0,152,凱基-士林,2024-05-28,9238
1809,中釉,119,0,119,凱基-士林,2024-05-28,9238
5353,台林,119,0,119,凱基-士林,2024-05-28,9238
3040,遠見,116,4,112,凱基-士林,2024-05-28,9238
2618,長榮航,138,38,100,凱基-士林,2024-05-28,9238
1785,光洋科,64,2,62,凱基-士林,2024-05-28,9238
00650L,復華香港正2,50,0,50,凱基-士林,2024-05-28,9238
2353,宏��,73,29,44,凱基-士林,2024-05-28,9238
00929,復華台灣科技優息,85,42,43,凱基-士林,2024-05-28,9238
2371,大同,42,0,42,凱基-士林,2024-05-28,9238
5425,台半,40,0,40,凱基-士林,2024-05-28,9238
00937B,群益ESG投等債20,37,0,37,凱基-士林,2024-05-28,9238
2027,大成鋼,28,0,28,凱基-士林,2024-05-28,9238
2883,凱基金,41,16,25,凱基-士林,2024-05-28,9238
2367,燿華,27,3,24,凱基-士林,2024-05-28,9238
3455,由田,24,0,24,凱基-士林,2024-05-28,9238
4716,大立,23,0,23,凱基-士林,2024-05-28,9238
6160,欣技,34,12,22,凱基-士林,2024-05-28,9238
2365,昆盈,25,4,21,凱基-士林,2024-05-28,9238
2882,國泰金,33,12,21,凱基-士林,2024-05-28,9238
00891,中信關鍵半導體,20,0,20,凱基-士林,2024-05-28,9238
3402,漢科,20,0,20,凱基-士林,2024-05-28,9238
4952,凌通,24,4,20,凱基-士林,2024-05-28,9238
6168,宏齊,29,10,19,凱基-士林,2024-05-28,9238
1522,堤維西,22,4,18,凱基-士林,2024-05-28,9238
1409,新纖,18,0,18,凱基-士林,2024-05-28,9238
2324,仁寶,23,7,16,凱基-士林,2024-05-28,9238
00751B,元大AAA至A公司債,15,0,15,凱基-士林,2024-05-28,9238
00933B,國泰10Y+金融債,15,0,15,凱基-士林,2024-05-28,9238
2208,台船,15,0,15,凱基-士林,2024-05-28,9238
6770,力積電,18,3,15,凱基-士林,2024-05-28,9238
00665L,富邦�琤肭磪囓�2,15,1,14,凱基-士林,2024-05-28,9238
00946,群益科技高息成長,14,0,14,凱基-士林,2024-05-28,9238
2891,中信金,16,2,14,凱基-士林,2024-05-28,9238
6188,廣明,21,8,13,凱基-士林,2024-05-28,9238
2464,盟立,20,7,13,凱基-士林,2024-05-28,9238
2486,一詮,49,36,13,凱基-士林,2024-05-28,9238
3689,湧德,20,8,12,凱基-士林,2024-05-28,9238
2615,萬海,13,2,11,凱基-士林,2024-05-28,9238
2382,廣達,30,19,11,凱基-士林,2024-05-28,9238
2601,益航,21,10,11,凱基-士林,2024-05-28,9238
3363,上詮,11,1,10,凱基-士林,2024-05-28,9238
2834,臺企銀,10,0,10,凱基-士林,2024-05-28,9238
00885,富邦越南,10,0,10,凱基-士林,2024-05-28,9238
00637L,元大滬深300正2,10,0,10,凱基-士林,2024-05-28,9238
4167,松瑞藥,10,0,10,凱基-士林,2024-05-28,9238
4543,萬在,10,0,10,凱基-士林,2024-05-28,9238
4804,大略-KY,10,0,10,凱基-士林,2024-05-28,9238
00933B,國泰10Y+金融債,273,0,273,凱基-士林,2024-05-29,9238
00632R,元大台灣50反1,190,0,190,凱基-士林,2024-05-29,9238
00929,復華台灣科技優息,183,41,142,凱基-士林,2024-05-29,9238
4979,華星光,253,132,121,凱基-士林,2024-05-29,9238
2353,宏��,128,24,104,凱基-士林,2024-05-29,9238
5426,振發,102,0,102,凱基-士林,2024-05-29,9238
00664R,國泰臺灣加權反1,100,0,100,凱基-士林,2024-05-29,9238
6160,欣技,111,21,90,凱基-士林,2024-05-29,9238
2401,凌陽,104,24,80,凱基-士林,2024-05-29,9238
3231,緯創,80,12,68,凱基-士林,2024-05-29,9238
2332,友訊,50,0,50,凱基-士林,2024-05-29,9238
3380,明泰,73,24,49,凱基-士林,2024-05-29,9238
2888,新光金,47,0,47,凱基-士林,2024-05-29,9238
2891,中信金,52,6,46,凱基-士林,2024-05-29,9238
00679B,元大美債20年,46,0,46,凱基-士林,2024-05-29,9238
1785,光洋科,69,31,38,凱基-士林,2024-05-29,9238
5353,台林,36,0,36,凱基-士林,2024-05-29,9238
6282,康舒,36,0,36,凱基-士林,2024-05-29,9238
3535,晶彩科,32,0,32,凱基-士林,2024-05-29,9238
2365,昆盈,44,12,32,凱基-士林,2024-05-29,9238
2002,中鋼,40,10,30,凱基-士林,2024-05-29,9238
2886,兆豐金,30,0,30,凱基-士林,2024-05-29,9238
00940,元大台灣價值高息,43,14,29,凱基-士林,2024-05-29,9238
3202,樺晟,31,2,29,凱基-士林,2024-05-29,9238
3041,揚智,28,0,28,凱基-士林,2024-05-29,9238
2367,燿華,32,5,27,凱基-士林,2024-05-29,9238
6239,力成,37,11,26,凱基-士林,2024-05-29,9238
3048,益登,41,16,25,凱基-士林,2024-05-29,9238
3047,訊舟,50,26,24,凱基-士林,2024-05-29,9238
2609,陽明,31,10,21,凱基-士林,2024-05-29,9238
1303,南亞,21,0,21,凱基-士林,2024-05-29,9238
3021,鴻名,20,0,20,凱基-士林,2024-05-29,9238
3221,台嘉碩,20,0,20,凱基-士林,2024-05-29,9238
3576,聯合再生,20,0,20,凱基-士林,2024-05-29,9238
2603,長榮,36,17,19,凱基-士林,2024-05-29,9238
00918,大華優利高填息30,20,1,19,凱基-士林,2024-05-29,9238
2101,南港,20,1,19,凱基-士林,2024-05-29,9238
2884,玉山金,20,3,17,凱基-士林,2024-05-29,9238
4919,新唐,27,10,17,凱基-士林,2024-05-29,9238
6189,豐藝,38,21,17,凱基-士林,2024-05-29,9238
6197,佳必琪,18,1,17,凱基-士林,2024-05-29,9238
6209,今國光,21,4,17,凱基-士林,2024-05-29,9238
00687B,國泰20年美債,26,10,16,凱基-士林,2024-05-29,9238
00919,群益台灣精選高息,30,15,15,凱基-士林,2024-05-29,9238
1516,川飛,15,0,15,凱基-士林,2024-05-29,9238
2402,毅嘉,15,0,15,凱基-士林,2024-05-29,9238
3306,鼎天,15,0,15,凱基-士林,2024-05-29,9238
6616,特昇-KY,15,0,15,凱基-士林,2024-05-29,9238
00751B,元大AAA至A公司債,14,0,14,凱基-士林,2024-05-29,9238
2313,華通,26,12,14,凱基-士林,2024-05-29,9238
00937B,群益ESG投等債20,169,0,169,凱基-士林,2024-05-30,9238
1810,和成,152,0,152,凱基-士林,2024-05-30,9238
2543,皇昌,111,2,109,凱基-士林,2024-05-30,9238
1516,川飛,117,13,104,凱基-士林,2024-05-30,9238
00940,元大台灣價值高息,93,8,85,凱基-士林,2024-05-30,9238
2618,長榮航,128,44,84,凱基-士林,2024-05-30,9238
5426,振發,77,1,76,凱基-士林,2024-05-30,9238
3021,鴻名,75,0,75,凱基-士林,2024-05-30,9238
2353,宏��,104,30,74,凱基-士林,2024-05-30,9238
8054,安國,112,38,74,凱基-士林,2024-05-30,9238
2363,矽統,74,4,70,凱基-士林,2024-05-30,9238
2392,正崴,73,3,70,凱基-士林,2024-05-30,9238
3040,遠見,82,19,63,凱基-士林,2024-05-30,9238
00929,復華台灣科技優息,94,34,60,凱基-士林,2024-05-30,9238
00664R,國泰臺灣加權反1,50,0,50,凱基-士林,2024-05-30,9238
6616,特昇-KY,53,7,46,凱基-士林,2024-05-30,9238
3231,緯創,50,6,44,凱基-士林,2024-05-30,9238
4716,大立,44,0,44,凱基-士林,2024-05-30,9238
2002,中鋼,44,0,44,凱基-士林,2024-05-30,9238
00918,大華優利高填息30,43,1,42,凱基-士林,2024-05-30,9238
00687B,國泰20年美債,40,0,40,凱基-士林,2024-05-30,9238
3217,優群,40,0,40,凱基-士林,2024-05-30,9238
6170,統振,40,0,40,凱基-士林,2024-05-30,9238
5512,力麒,35,0,35,凱基-士林,2024-05-30,9238
2344,華邦電,45,11,34,凱基-士林,2024-05-30,9238
2883,凱基金,34,0,34,凱基-士林,2024-05-30,9238
00688L,國泰20年美債正2,31,0,31,凱基-士林,2024-05-30,9238
3455,由田,30,0,30,凱基-士林,2024-05-30,9238
6548,長科*,34,5,29,凱基-士林,2024-05-30,9238
3036,文曄,26,0,26,凱基-士林,2024-05-30,9238
8105,凌巨,34,8,26,凱基-士林,2024-05-30,9238
2486,一詮,107,81,26,凱基-士林,2024-05-30,9238
00915,凱基優選高股息30,24,0,24,凱基-士林,2024-05-30,9238
2891,中信金,34,10,24,凱基-士林,2024-05-30,9238
4401,東隆興,24,0,24,凱基-士林,2024-05-30,9238
2745,五福,25,3,22,凱基-士林,2024-05-30,9238
2367,燿華,26,4,22,凱基-士林,2024-05-30,9238
00946,群益科技高息成長,21,0,21,凱基-士林,2024-05-30,9238
1614,三洋電,21,0,21,凱基-士林,2024-05-30,9238
2359,所羅門,26,5,21,凱基-士林,2024-05-30,9238
1473,台南,25,5,20,凱基-士林,2024-05-30,9238
2408,南亞科,20,0,20,凱基-士林,2024-05-30,9238
2313,華通,26,6,20,凱基-士林,2024-05-30,9238
1445,大宇,20,0,20,凱基-士林,2024-05-30,9238
2867,三商壽,20,0,20,凱基-士林,2024-05-30,9238
6185,幃翔,20,0,20,凱基-士林,2024-05-30,9238
00751B,元大AAA至A公司債,20,1,19,凱基-士林,2024-05-30,9238
4903,聯光通,20,2,18,凱基-士林,2024-05-30,9238
9925,新保,18,0,18,凱基-士林,2024-05-30,9238
2330,台積電,22,4,18,凱基-士林,2024-05-30,9238
1802,台玻,516,26,490,凱基-士林,2024-05-31,9238
4534,慶騰,206,1,205,凱基-士林,2024-05-31,9238
00665L,富邦�琤肭磪囓�2,140,0,140,凱基-士林,2024-05-31,9238
00929,復華台灣科技優息,173,42,131,凱基-士林,2024-05-31,9238
2328,廣宇,225,105,120,凱基-士林,2024-05-31,9238
00919,群益台灣精選高息,104,2,102,凱基-士林,2024-05-31,9238
9925,新保,102,0,102,凱基-士林,2024-05-31,9238
00882,中信中國高股息,93,2,91,凱基-士林,2024-05-31,9238
2609,陽明,148,68,80,凱基-士林,2024-05-31,9238
3040,遠見,71,0,71,凱基-士林,2024-05-31,9238
2344,華邦電,73,22,51,凱基-士林,2024-05-31,9238
6202,盛群,49,0,49,凱基-士林,2024-05-31,9238
6548,長科*,44,4,40,凱基-士林,2024-05-31,9238
2382,廣達,39,2,37,凱基-士林,2024-05-31,9238
2317,鴻海,50,14,36,凱基-士林,2024-05-31,9238
2371,大同,52,20,32,凱基-士林,2024-05-31,9238
1560,中砂,39,8,31,凱基-士林,2024-05-31,9238
6770,力積電,51,20,31,凱基-士林,2024-05-31,9238
3231,緯創,32,2,30,凱基-士林,2024-05-31,9238
00918,大華優利高填息30,27,0,27,凱基-士林,2024-05-31,9238
2356,英業達,27,1,26,凱基-士林,2024-05-31,9238
2002,中鋼,24,0,24,凱基-士林,2024-05-31,9238
2603,長榮,31,7,24,凱基-士林,2024-05-31,9238
6139,亞翔,23,0,23,凱基-士林,2024-05-31,9238
2615,萬海,25,4,21,凱基-士林,2024-05-31,9238
2303,聯電,29,9,20,凱基-士林,2024-05-31,9238
00715L,期街口布蘭特正2,20,0,20,凱基-士林,2024-05-31,9238
4121,優盛,20,0,20,凱基-士林,2024-05-31,9238
5324,士開,23,3,20,凱基-士林,2024-05-31,9238
6695,芯鼎,18,2,16,凱基-士林,2024-05-31,9238
1789,神隆,15,0,15,凱基-士林,2024-05-31,9238
2442,新美齊,15,0,15,凱基-士林,2024-05-31,9238
2489,瑞軒,15,0,15,凱基-士林,2024-05-31,9238
1102,亞泥,14,0,14,凱基-士林,2024-05-31,9238
6182,合晶,15,2,13,凱基-士林,2024-05-31,9238
5880,合庫金,13,0,13,凱基-士林,2024-05-31,9238
3312,弘憶股,34,21,13,凱基-士林,2024-05-31,9238
2324,仁寶,13,2,11,凱基-士林,2024-05-31,9238
1717,長興,10,0,10,凱基-士林,2024-05-31,9238
1815,富喬,25,15,10,凱基-士林,2024-05-31,9238
2482,連宇,10,0,10,凱基-士林,2024-05-31,9238
3374,精材,11,1,10,凱基-士林,2024-05-31,9238
3576,聯合再生,10,0,10,凱基-士林,2024-05-31,9238
5234,達興材料,10,0,10,凱基-士林,2024-05-31,9238
2610,華航,14,5,9,凱基-士林,2024-05-31,9238
1614,三洋電,9,0,9,凱基-士林,2024-05-31,9238
3048,益登,10,1,9,凱基-士林,2024-05-31,9238
4114,健喬,9,0,9,凱基-士林,2024-05-31,9238
6257,矽格,9,0,9,凱基-士林,2024-05-31,9238
2548,華固,9,1,8,凱基-士林,2024-05-31,9238
3481,群創,1007,13,994,凱基-士林,2024-06-03,9238
2312,金寶,500,8,492,凱基-士林,2024-06-03,9238
00929,復華台灣科技優息,198,43,155,凱基-士林,2024-06-03,9238
3356,奇偶,110,0,110,凱基-士林,2024-06-03,9238
1409,新纖,85,0,85,凱基-士林,2024-06-03,9238
4534,慶騰,100,36,64,凱基-士林,2024-06-03,9238
3005,神基,63,0,63,凱基-士林,2024-06-03,9238
2881,富邦金,50,3,47,凱基-士林,2024-06-03,9238
00946,群益科技高息成長,46,0,46,凱基-士林,2024-06-03,9238
4979,華星光,45,0,45,凱基-士林,2024-06-03,9238
2883,凱基金,47,14,33,凱基-士林,2024-06-03,9238
2353,宏��,74,42,32,凱基-士林,2024-06-03,9238
2495,普安,30,0,30,凱基-士林,2024-06-03,9238
2889,國票金,29,0,29,凱基-士林,2024-06-03,9238
2371,大同,51,24,27,凱基-士林,2024-06-03,9238
3354,律勝,25,0,25,凱基-士林,2024-06-03,9238
5230,雷笛克光學,24,0,24,凱基-士林,2024-06-03,9238
00941,中信上游半導體,23,0,23,凱基-士林,2024-06-03,9238
1303,南亞,21,0,21,凱基-士林,2024-06-03,9238
3217,優群,21,0,21,凱基-士林,2024-06-03,9238
00670L,富邦NASDAQ正2,20,0,20,凱基-士林,2024-06-03,9238
00751B,元大AAA至A公司債,20,0,20,凱基-士林,2024-06-03,9238
00919,群益台灣精選高息,20,0,20,凱基-士林,2024-06-03,9238
6274,台燿,28,8,20,凱基-士林,2024-06-03,9238
00918,大華優利高填息30,19,2,17,凱基-士林,2024-06-03,9238
4714,永捷,18,1,17,凱基-士林,2024-06-03,9238
1229,聯華,16,0,16,凱基-士林,2024-06-03,9238
3040,遠見,16,0,16,凱基-士林,2024-06-03,9238
2618,長榮航,21,6,15,凱基-士林,2024-06-03,9238
2313,華通,16,1,15,凱基-士林,2024-06-03,9238
4123,晟德,34,19,15,凱基-士林,2024-06-03,9238
9925,新保,15,0,15,凱基-士林,2024-06-03,9238
1605,華新,14,0,14,凱基-士林,2024-06-03,9238
2002,中鋼,14,0,14,凱基-士林,2024-06-03,9238
2337,旺宏,13,0,13,凱基-士林,2024-06-03,9238
8121,越峰,16,3,13,凱基-士林,2024-06-03,9238
5347,世界,25,13,12,凱基-士林,2024-06-03,9238
2608,嘉里大榮,13,1,12,凱基-士林,2024-06-03,9238
4538,大詠城,12,0,12,凱基-士林,2024-06-03,9238
1616,億泰,11,0,11,凱基-士林,2024-06-03,9238
2524,京城,11,0,11,凱基-士林,2024-06-03,9238
2610,華航,13,2,11,凱基-士林,2024-06-03,9238
5371,中光電,13,3,10,凱基-士林,2024-06-03,9238
2489,瑞軒,13,3,10,凱基-士林,2024-06-03,9238
00927,群益半導體收益,10,0,10,凱基-士林,2024-06-03,9238
2402,毅嘉,10,0,10,凱基-士林,2024-06-03,9238
2485,兆赫,15,5,10,凱基-士林,2024-06-03,9238
6160,欣技,10,0,10,凱基-士林,2024-06-03,9238
6616,特昇-KY,10,0,10,凱基-士林,2024-06-03,9238
8040,九暘,10,0,10,凱基-士林,2024-06-03,9238
3481,群創,2518,6,2512,凱基-士林,2024-06-04,9238
1802,台玻,489,41,448,凱基-士林,2024-06-04,9238
4534,慶騰,218,70,148,凱基-士林,2024-06-04,9238
00929,復華台灣科技優息,145,3,142,凱基-士林,2024-06-04,9238
00919,群益台灣精選高息,147,6,141,凱基-士林,2024-06-04,9238
2371,大同,115,7,108,凱基-士林,2024-06-04,9238
1301,台塑,106,1,105,凱基-士林,2024-06-04,9238
00918,大華優利高填息30,84,0,84,凱基-士林,2024-06-04,9238
5353,台林,89,6,83,凱基-士林,2024-06-04,9238
2344,華邦電,70,0,70,凱基-士林,2024-06-04,9238
6125,廣運,109,46,63,凱基-士林,2024-06-04,9238
2537,聯上發,67,6,61,凱基-士林,2024-06-04,9238
2102,泰豐,65,5,60,凱基-士林,2024-06-04,9238
3356,奇偶,62,2,60,凱基-士林,2024-06-04,9238
4561,健椿,59,0,59,凱基-士林,2024-06-04,9238
00936,台新永續高息中小,57,0,57,凱基-士林,2024-06-04,9238
2881,富邦金,50,0,50,凱基-士林,2024-06-04,9238
2301,光寶科,47,2,45,凱基-士林,2024-06-04,9238
00715L,期街口布蘭特正2,37,0,37,凱基-士林,2024-06-04,9238
6245,立端,39,2,37,凱基-士林,2024-06-04,9238
6227,茂綸,37,6,31,凱基-士林,2024-06-04,9238
3040,遠見,30,0,30,凱基-士林,2024-06-04,9238
6265,方土昶,30,0,30,凱基-士林,2024-06-04,9238
00637L,元大滬深300正2,30,1,29,凱基-士林,2024-06-04,9238
1303,南亞,30,2,28,凱基-士林,2024-06-04,9238
5230,雷笛克光學,33,6,27,凱基-士林,2024-06-04,9238
8147,正淩,27,1,26,凱基-士林,2024-06-04,9238
2365,昆盈,24,0,24,凱基-士林,2024-06-04,9238
2313,華通,30,6,24,凱基-士林,2024-06-04,9238
2884,玉山金,22,0,22,凱基-士林,2024-06-04,9238
9105,泰金寶-DR,71,50,21,凱基-士林,2024-06-04,9238
00882,中信中國高股息,23,3,20,凱基-士林,2024-06-04,9238
1314,中石化,20,0,20,凱基-士林,2024-06-04,9238
2547,日勝生,20,0,20,凱基-士林,2024-06-04,9238
6668,中揚光,20,0,20,凱基-士林,2024-06-04,9238
00878,國泰永續高股息,20,0,20,凱基-士林,2024-06-04,9238
2367,燿華,44,25,19,凱基-士林,2024-06-04,9238
2323,中環,17,0,17,凱基-士林,2024-06-04,9238
2363,矽統,29,13,16,凱基-士林,2024-06-04,9238
3260,威剛,17,1,16,凱基-士林,2024-06-04,9238
2543,皇昌,16,1,15,凱基-士林,2024-06-04,9238
3013,晟銘電,25,10,15,凱基-士林,2024-06-04,9238
3036,文曄,15,0,15,凱基-士林,2024-06-04,9238
3231,緯創,18,4,14,凱基-士林,2024-06-04,9238
2330,台積電,15,0,15,凱基-士林,2024-06-04,9238
2382,廣達,17,3,14,凱基-士林,2024-06-04,9238
2324,仁寶,14,1,13,凱基-士林,2024-06-04,9238
1568,倉佑,13,0,13,凱基-士林,2024-06-04,9238
3268,海德威,13,0,13,凱基-士林,2024-06-04,9238
2610,華航,20,8,12,凱基-士林,2024-06-04,9238
00929,復華台灣科技優息,186,30,156,凱基-士林,2024-06-05,9238
8047,星雲,109,0,109,凱基-士林,2024-06-05,9238
00940,元大台灣價值高息,115,19,96,凱基-士林,2024-06-05,9238
2609,陽明,143,50,93,凱基-士林,2024-06-05,9238
8942,森鉅,80,0,80,凱基-士林,2024-06-05,9238
5353,台林,80,3,77,凱基-士林,2024-06-05,9238
00936,台新永續高息中小,74,0,74,凱基-士林,2024-06-05,9238
5608,四維航,81,7,74,凱基-士林,2024-06-05,9238
3040,遠見,71,0,71,凱基-士林,2024-06-05,9238
4561,健椿,58,0,58,凱基-士林,2024-06-05,9238
1301,台塑,89,33,56,凱基-士林,2024-06-05,9238
2303,聯電,59,5,54,凱基-士林,2024-06-05,9238
2409,友達,67,18,49,凱基-士林,2024-06-05,9238
00715L,期街口布蘭特正2,48,0,48,凱基-士林,2024-06-05,9238
2867,三商壽,50,5,45,凱基-士林,2024-06-05,9238
1316,上曜,41,0,41,凱基-士林,2024-06-05,9238
6227,茂綸,42,2,40,凱基-士林,2024-06-05,9238
2486,一詮,56,18,38,凱基-士林,2024-06-05,9238
6245,立端,33,0,33,凱基-士林,2024-06-05,9238
3312,弘憶股,30,0,30,凱基-士林,2024-06-05,9238
2489,瑞軒,32,3,29,凱基-士林,2024-06-05,9238
3229,晟鈦,29,0,29,凱基-士林,2024-06-05,9238
2353,宏��,65,36,29,凱基-士林,2024-06-05,9238
4128,中天,31,4,27,凱基-士林,2024-06-05,9238
3564,其陽,40,14,26,凱基-士林,2024-06-05,9238
1447,力鵬,25,0,25,凱基-士林,2024-06-05,9238
1608,華榮,25,0,25,凱基-士林,2024-06-05,9238
2881,富邦金,30,7,23,凱基-士林,2024-06-05,9238
00919,群益台灣精選高息,29,6,23,凱基-士林,2024-06-05,9238
2328,廣宇,31,8,23,凱基-士林,2024-06-05,9238
9925,新保,23,0,23,凱基-士林,2024-06-05,9238
2331,精英,26,4,22,凱基-士林,2024-06-05,9238
6161,捷波,24,2,22,凱基-士林,2024-06-05,9238
2002,中鋼,22,1,21,凱基-士林,2024-06-05,9238
00878,國泰永續高股息,25,4,21,凱基-士林,2024-06-05,9238
2105,正新,23,3,20,凱基-士林,2024-06-05,9238
1321,大洋,20,0,20,凱基-士林,2024-06-05,9238
2025,千興,20,0,20,凱基-士林,2024-06-05,9238
2528,皇普,20,0,20,凱基-士林,2024-06-05,9238
4720,德淵,20,0,20,凱基-士林,2024-06-05,9238
6548,長科*,20,0,20,凱基-士林,2024-06-05,9238
2208,台船,20,0,20,凱基-士林,2024-06-05,9238
3171,炎洲流通,16,0,16,凱基-士林,2024-06-05,9238
8936,國統,17,1,16,凱基-士林,2024-06-05,9238
6189,豐藝,15,0,15,凱基-士林,2024-06-05,9238
00650L,復華香港正2,15,0,15,凱基-士林,2024-06-05,9238
3605,宏致,15,0,15,凱基-士林,2024-06-05,9238
2888,新光金,39,25,14,凱基-士林,2024-06-05,9238
6282,康舒,12,0,12,凱基-士林,2024-06-05,9238
2313,華通,13,1,12,凱基-士林,2024-06-05,9238
2882,國泰金,463,17,446,凱基-士林,2024-06-06,9238
1802,台玻,310,17,293,凱基-士林,2024-06-06,9238
00929,復華台灣科技優息,285,8,277,凱基-士林,2024-06-06,9238
2610,華航,387,133,254,凱基-士林,2024-06-06,9238
00676R,富邦臺灣加權反1,105,0,105,凱基-士林,2024-06-06,9238
00919,群益台灣精選高息,100,2,98,凱基-士林,2024-06-06,9238
2408,南亞科,92,10,82,凱基-士林,2024-06-06,9238
6290,良維,90,18,72,凱基-士林,2024-06-06,9238
2887,台新金,65,0,65,凱基-士林,2024-06-06,9238
6213,聯茂,63,3,60,凱基-士林,2024-06-06,9238
6155,鈞寶,55,0,55,凱基-士林,2024-06-06,9238
2881,富邦金,61,14,47,凱基-士林,2024-06-06,9238
4534,慶騰,55,10,45,凱基-士林,2024-06-06,9238
6133,金橋,45,0,45,凱基-士林,2024-06-06,9238
00632R,元大台灣50反1,244,200,44,凱基-士林,2024-06-06,9238
2392,正崴,42,1,41,凱基-士林,2024-06-06,9238
4114,健喬,41,0,41,凱基-士林,2024-06-06,9238
2812,台中銀,40,0,40,凱基-士林,2024-06-06,9238
3229,晟鈦,36,0,36,凱基-士林,2024-06-06,9238
1815,富喬,47,11,36,凱基-士林,2024-06-06,9238
1314,中石化,33,1,32,凱基-士林,2024-06-06,9238
00687B,國泰20年美債,46,14,32,凱基-士林,2024-06-06,9238
00936,台新永續高息中小,27,1,26,凱基-士林,2024-06-06,9238
00918,大華優利高填息30,25,0,25,凱基-士林,2024-06-06,9238
00680L,元大美債20正2,36,11,25,凱基-士林,2024-06-06,9238
2427,三商電,29,6,23,凱基-士林,2024-06-06,9238
6125,廣運,47,25,22,凱基-士林,2024-06-06,9238
2010,春源,22,0,22,凱基-士林,2024-06-06,9238
1568,倉佑,21,0,21,凱基-士林,2024-06-06,9238
6127,九豪,22,1,21,凱基-士林,2024-06-06,9238
2356,英業達,27,7,20,凱基-士林,2024-06-06,9238
00650L,復華香港正2,20,0,20,凱基-士林,2024-06-06,9238
1321,大洋,20,0,20,凱基-士林,2024-06-06,9238
6756,威鋒電子,20,0,20,凱基-士林,2024-06-06,9238
8942,森鉅,20,0,20,凱基-士林,2024-06-06,9238
1301,台塑,30,12,18,凱基-士林,2024-06-06,9238
5340,建榮,18,0,18,凱基-士林,2024-06-06,9238
6257,矽格,21,4,17,凱基-士林,2024-06-06,9238
2002,中鋼,27,10,17,凱基-士林,2024-06-06,9238
6550,北極星藥業-KY,25,9,16,凱基-士林,2024-06-06,9238
3202,樺晟,15,0,15,凱基-士林,2024-06-06,9238
3041,揚智,14,0,14,凱基-士林,2024-06-06,9238
3419,譁裕,14,0,14,凱基-士林,2024-06-06,9238
1440,南紡,13,0,13,凱基-士林,2024-06-06,9238
3673,TPK-KY,13,0,13,凱基-士林,2024-06-06,9238
8096,擎亞,13,1,12,凱基-士林,2024-06-06,9238
00878,國泰永續高股息,13,2,11,凱基-士林,2024-06-06,9238
8027,鈦昇,18,7,11,凱基-士林,2024-06-06,9238
3062,建漢,15,5,10,凱基-士林,2024-06-06,9238
00896,中信綠能及電動車,10,0,10,凱基-士林,2024-06-06,9238
00918,大華優利高填息30,133,1,132,凱基-士林,2024-06-07,9238
2610,華航,132,29,103,凱基-士林,2024-06-07,9238
2882,國泰金,86,4,82,凱基-士林,2024-06-07,9238
1712,興農,73,0,73,凱基-士林,2024-06-07,9238
00937B,群益ESG投等債20,71,1,70,凱基-士林,2024-06-07,9238
00936,台新永續高息中小,59,0,59,凱基-士林,2024-06-07,9238
6914,阜爾運通,57,0,57,凱基-士林,2024-06-07,9238
5425,台半,58,2,56,凱基-士林,2024-06-07,9238
00687B,國泰20年美債,51,0,51,凱基-士林,2024-06-07,9238
6548,長科*,49,0,49,凱基-士林,2024-06-07,9238
3379,彬台,34,0,34,凱基-士林,2024-06-07,9238
3231,緯創,40,7,33,凱基-士林,2024-06-07,9238
2356,英業達,54,21,33,凱基-士林,2024-06-07,9238
5324,士開,32,0,32,凱基-士林,2024-06-07,9238
2618,長榮航,70,41,29,凱基-士林,2024-06-07,9238
2344,華邦電,41,13,28,凱基-士林,2024-06-07,9238
2312,金寶,39,13,26,凱基-士林,2024-06-07,9238
8358,金居,35,9,26,凱基-士林,2024-06-07,9238
2367,燿華,28,5,23,凱基-士林,2024-06-07,9238
6125,廣運,23,2,21,凱基-士林,2024-06-07,9238
00632R,元大台灣50反1,21,0,21,凱基-士林,2024-06-07,9238
6417,韋僑,21,0,21,凱基-士林,2024-06-07,9238
2014,中鴻,20,0,20,凱基-士林,2024-06-07,9238
00680L,元大美債20正2,20,0,20,凱基-士林,2024-06-07,9238
00688L,國泰20年美債正2,20,0,20,凱基-士林,2024-06-07,9238
00673R,期元大S＆P原油反1,20,0,20,凱基-士林,2024-06-07,9238
00885,富邦越南,20,0,20,凱基-士林,2024-06-07,9238
6756,威鋒電子,20,0,20,凱基-士林,2024-06-07,9238
2353,宏��,23,3,20,凱基-士林,2024-06-07,9238
00915,凱基優選高股息30,23,4,19,凱基-士林,2024-06-07,9238
1229,聯華,19,0,19,凱基-士林,2024-06-07,9238
2497,怡利電,24,5,19,凱基-士林,2024-06-07,9238
3558,神準,16,0,16,凱基-士林,2024-06-07,9238
2867,三商壽,32,16,16,凱基-士林,2024-06-07,9238
3060,銘異,18,2,16,凱基-士林,2024-06-07,9238
3017,奇鋐,22,7,15,凱基-士林,2024-06-07,9238
3706,神達,14,0,14,凱基-士林,2024-06-07,9238
1568,倉佑,14,0,14,凱基-士林,2024-06-07,9238
6155,鈞寶,62,48,14,凱基-士林,2024-06-07,9238
00929,復華台灣科技優息,27,13,14,凱基-士林,2024-06-07,9238
2330,台積電,15,2,13,凱基-士林,2024-06-07,9238
2489,瑞軒,13,0,13,凱基-士林,2024-06-07,9238
2382,廣達,16,4,12,凱基-士林,2024-06-07,9238
2331,精英,12,0,12,凱基-士林,2024-06-07,9238
4906,正文,18,7,11,凱基-士林,2024-06-07,9238
2834,臺企銀,21,11,10,凱基-士林,2024-06-07,9238
00637L,元大滬深300正2,10,0,10,凱基-士林,2024-06-07,9238
2399,映泰,10,0,10,凱基-士林,2024-06-07,9238
3088,艾訊,11,1,10,凱基-士林,2024-06-07,9238
4804,大略-KY,10,0,10,凱基-士林,2024-06-07,9238
2515,中工,169,0,169,凱基-士林,2024-06-11,9238
5425,台半,181,67,114,凱基-士林,2024-06-11,9238
3481,群創,98,0,98,凱基-士林,2024-06-11,9238
2603,長榮,121,29,92,凱基-士林,2024-06-11,9238
2617,台航,156,77,79,凱基-士林,2024-06-11,9238
00918,大華優利高填息30,75,0,75,凱基-士林,2024-06-11,9238
00637L,元大滬深300正2,72,0,72,凱基-士林,2024-06-11,9238
2344,華邦電,68,0,68,凱基-士林,2024-06-11,9238
00687B,國泰20年美債,81,15,66,凱基-士林,2024-06-11,9238
2888,新光金,69,17,52,凱基-士林,2024-06-11,9238
1802,台玻,61,10,51,凱基-士林,2024-06-11,9238
2528,皇普,50,0,50,凱基-士林,2024-06-11,9238
00936,台新永續高息中小,45,0,45,凱基-士林,2024-06-11,9238
00919,群益台灣精選高息,61,17,44,凱基-士林,2024-06-11,9238
00878,國泰永續高股息,43,1,42,凱基-士林,2024-06-11,9238
5531,鄉林,37,1,36,凱基-士林,2024-06-11,9238
2543,皇昌,43,8,35,凱基-士林,2024-06-11,9238
00857B,永豐20年美公債,35,0,35,凱基-士林,2024-06-11,9238
1608,華榮,35,1,34,凱基-士林,2024-06-11,9238
2002,中鋼,33,0,33,凱基-士林,2024-06-11,9238
4979,華星光,49,16,33,凱基-士林,2024-06-11,9238
00680L,元大美債20正2,32,0,32,凱基-士林,2024-06-11,9238
2027,大成鋼,31,0,31,凱基-士林,2024-06-11,9238
1609,大亞,33,3,30,凱基-士林,2024-06-11,9238
2009,第一銅,46,20,26,凱基-士林,2024-06-11,9238
00929,復華台灣科技優息,114,89,25,凱基-士林,2024-06-11,9238
1773,勝一,23,0,23,凱基-士林,2024-06-11,9238
2371,大同,23,0,23,凱基-士林,2024-06-11,9238
3231,緯創,30,9,21,凱基-士林,2024-06-11,9238
3455,由田,25,4,21,凱基-士林,2024-06-11,9238
3564,其陽,22,1,21,凱基-士林,2024-06-11,9238
6589,台康生技,21,0,21,凱基-士林,2024-06-11,9238
2605,新興,225,204,21,凱基-士林,2024-06-11,9238
2812,台中銀,20,0,20,凱基-士林,2024-06-11,9238
1440,南紡,20,0,20,凱基-士林,2024-06-11,9238
3703,欣陸,20,0,20,凱基-士林,2024-06-11,9238
4534,慶騰,25,5,20,凱基-士林,2024-06-11,9238
8942,森鉅,20,0,20,凱基-士林,2024-06-11,9238
1229,聯華,18,0,18,凱基-士林,2024-06-11,9238
4967,十銓,48,30,18,凱基-士林,2024-06-11,9238
00679B,元大美債20年,17,0,17,凱基-士林,2024-06-11,9238
4123,晟德,17,0,17,凱基-士林,2024-06-11,9238
3558,神準,16,0,16,凱基-士林,2024-06-11,9238
5426,振發,16,0,16,凱基-士林,2024-06-11,9238
1301,台塑,15,0,15,凱基-士林,2024-06-11,9238
8121,越峰,15,0,15,凱基-士林,2024-06-11,9238
9925,新保,15,0,15,凱基-士林,2024-06-11,9238
1603,華電,14,0,14,凱基-士林,2024-06-11,9238
4562,穎漢,14,0,14,凱基-士林,2024-06-11,9238
8936,國統,34,20,14,凱基-士林,2024-06-11,9238
00948B,中信優息投資級債,100,2,98,凱基-士林,2024-06-12,9238
6589,台康生技,65,0,65,凱基-士林,2024-06-12,9238
4909,新復興,71,6,65,凱基-士林,2024-06-12,9238
00931B,統一美債20年,63,1,62,凱基-士林,2024-06-12,9238
3363,上詮,65,3,62,凱基-士林,2024-06-12,9238
00676R,富邦臺灣加權反1,60,0,60,凱基-士林,2024-06-12,9238
5263,智崴,60,2,58,凱基-士林,2024-06-12,9238
00687B,國泰20年美債,56,2,54,凱基-士林,2024-06-12,9238
00918,大華優利高填息30,47,0,47,凱基-士林,2024-06-12,9238
2344,華邦電,49,5,44,凱基-士林,2024-06-12,9238
00679B,元大美債20年,43,0,43,凱基-士林,2024-06-12,9238
2609,陽明,125,83,42,凱基-士林,2024-06-12,9238
2617,台航,42,0,42,凱基-士林,2024-06-12,9238
4113,聯上,43,1,42,凱基-士林,2024-06-12,9238
00940,元大台灣價值高息,65,24,41,凱基-士林,2024-06-12,9238
1773,勝一,33,0,33,凱基-士林,2024-06-12,9238
2905,三商,30,0,30,凱基-士林,2024-06-12,9238
6143,振曜,31,2,29,凱基-士林,2024-06-12,9238
2615,萬海,33,7,26,凱基-士林,2024-06-12,9238
2606,裕民,30,5,25,凱基-士林,2024-06-12,9238
00919,群益台灣精選高息,78,53,25,凱基-士林,2024-06-12,9238
3231,緯創,31,7,24,凱基-士林,2024-06-12,9238
6133,金橋,23,0,23,凱基-士林,2024-06-12,9238
0056,元大高股息,22,0,22,凱基-士林,2024-06-12,9238
1809,中釉,21,0,21,凱基-士林,2024-06-12,9238
4109,加捷生醫,23,2,21,凱基-士林,2024-06-12,9238
2353,宏��,42,22,20,凱基-士林,2024-06-12,9238
00688L,國泰20年美債正2,20,0,20,凱基-士林,2024-06-12,9238
2023,燁輝,20,0,20,凱基-士林,2024-06-12,9238
2543,皇昌,20,0,20,凱基-士林,2024-06-12,9238
2603,長榮,25,5,20,凱基-士林,2024-06-12,9238
8064,東捷,23,4,19,凱基-士林,2024-06-12,9238
00852L,國泰美國道瓊正2,17,0,17,凱基-士林,2024-06-12,9238
3036,文曄,19,2,17,凱基-士林,2024-06-12,9238
2020,美亞,16,0,16,凱基-士林,2024-06-12,9238
2038,海光,16,0,16,凱基-士林,2024-06-12,9238
8927,北基,16,0,16,凱基-士林,2024-06-12,9238
00937B,群益ESG投等債20,15,0,15,凱基-士林,2024-06-12,9238
6005,群益證,15,0,15,凱基-士林,2024-06-12,9238
6216,居易,15,1,14,凱基-士林,2024-06-12,9238
3481,群創,14,0,14,凱基-士林,2024-06-12,9238
2002,中鋼,13,0,13,凱基-士林,2024-06-12,9238
9945,潤泰新,13,0,13,凱基-士林,2024-06-12,9238
2374,佳能,21,9,12,凱基-士林,2024-06-12,9238
2371,大同,14,2,12,凱基-士林,2024-06-12,9238
2501,國建,13,1,12,凱基-士林,2024-06-12,9238
1605,華新,12,1,11,凱基-士林,2024-06-12,9238
1609,大亞,14,3,11,凱基-士林,2024-06-12,9238
2241,艾姆勒,15,4,11,凱基-士林,2024-06-12,9238
3419,譁裕,11,0,11,凱基-士林,2024-06-12,9238
2888,新光金,239,26,213,凱基-士林,2024-06-13,9238
00632R,元大台灣50反1,137,12,125,凱基-士林,2024-06-13,9238
2332,友訊,70,0,70,凱基-士林,2024-06-13,9238
4906,正文,69,6,63,凱基-士林,2024-06-13,9238
00948B,中信優息投資級債,59,0,59,凱基-士林,2024-06-13,9238
9925,新保,55,0,55,凱基-士林,2024-06-13,9238
2313,華通,71,21,50,凱基-士林,2024-06-13,9238
5324,士開,44,0,44,凱基-士林,2024-06-13,9238
00882,中信中國高股息,48,6,42,凱基-士林,2024-06-13,9238
4534,慶騰,36,0,36,凱基-士林,2024-06-13,9238
00947,台新臺灣IC設計,35,0,35,凱基-士林,2024-06-13,9238
2480,敦陽科,32,0,32,凱基-士林,2024-06-13,9238
1305,華夏,32,0,32,凱基-士林,2024-06-13,9238
1815,富喬,56,25,31,凱基-士林,2024-06-13,9238
00676R,富邦臺灣加權反1,30,0,30,凱基-士林,2024-06-13,9238
1301,台塑,31,1,30,凱基-士林,2024-06-13,9238
6689,伊雲谷,28,0,28,凱基-士林,2024-06-13,9238
2609,陽明,124,98,26,凱基-士林,2024-06-13,9238
6152,百一,22,0,22,凱基-士林,2024-06-13,9238
4123,晟德,22,1,21,凱基-士林,2024-06-13,9238
2359,所羅門,33,13,20,凱基-士林,2024-06-13,9238
2010,春源,20,0,20,凱基-士林,2024-06-13,9238
2038,海光,18,0,18,凱基-士林,2024-06-13,9238
9946,三發地產,16,0,16,凱基-士林,2024-06-13,9238
2387,精元,15,0,15,凱基-士林,2024-06-13,9238
3346,麗清,15,0,15,凱基-士林,2024-06-13,9238
3379,彬台,14,0,14,凱基-士林,2024-06-13,9238
00852L,國泰美國道瓊正2,30,17,13,凱基-士林,2024-06-13,9238
4726,永昕,15,3,12,凱基-士林,2024-06-13,9238
9940,信義,12,0,12,凱基-士林,2024-06-13,9238
8112,至上,14,2,12,凱基-士林,2024-06-13,9238
2367,燿華,17,6,11,凱基-士林,2024-06-13,9238
00927,群益半導體收益,12,1,11,凱基-士林,2024-06-13,9238
00929,復華台灣科技優息,95,84,11,凱基-士林,2024-06-13,9238
1802,台玻,10,0,10,凱基-士林,2024-06-13,9238
1310,台苯,10,0,10,凱基-士林,2024-06-13,9238
3071,協禧,10,0,10,凱基-士林,2024-06-13,9238
4157,太景*-KY,10,0,10,凱基-士林,2024-06-13,9238
9105,泰金寶-DR,30,20,10,凱基-士林,2024-06-13,9238
8040,九暘,10,0,10,凱基-士林,2024-06-13,9238
1101,台泥,9,0,9,凱基-士林,2024-06-13,9238
2867,三商壽,19,10,9,凱基-士林,2024-06-13,9238
6285,啟��,10,1,9,凱基-士林,2024-06-13,9238
5347,世界,34,25,9,凱基-士林,2024-06-13,9238
3706,神達,9,0,9,凱基-士林,2024-06-13,9238
2881,富邦金,10,2,8,凱基-士林,2024-06-13,9238
3048,益登,16,8,8,凱基-士林,2024-06-13,9238
6446,藥華藥,11,3,8,凱基-士林,2024-06-13,9238
2330,台積電,13,6,7,凱基-士林,2024-06-13,9238
6187,萬潤,7,0,7,凱基-士林,2024-06-13,9238
00940,元大台灣價值高息,286,59,227,凱基-士林,2024-06-14,9238
00939,統一台灣高息動能,200,4,196,凱基-士林,2024-06-14,9238
2371,大同,338,166,172,凱基-士林,2024-06-14,9238
2641,正德,102,6,96,凱基-士林,2024-06-14,9238
00936,台新永續高息中小,113,18,95,凱基-士林,2024-06-14,9238
3033,威健,85,0,85,凱基-士林,2024-06-14,9238
2610,華航,72,2,70,凱基-士林,2024-06-14,9238
00947,台新臺灣IC設計,67,0,67,凱基-士林,2024-06-14,9238
1815,富喬,67,9,58,凱基-士林,2024-06-14,9238
5522,遠雄,56,0,56,凱基-士林,2024-06-14,9238
8105,凌巨,50,0,50,凱基-士林,2024-06-14,9238
6806,森崴能源,50,4,46,凱基-士林,2024-06-14,9238
00915,凱基優選高股息30,43,0,43,凱基-士林,2024-06-14,9238
6116,彩晶,38,0,38,凱基-士林,2024-06-14,9238
2367,燿華,40,5,35,凱基-士林,2024-06-14,9238
00878,國泰永續高股息,27,0,27,凱基-士林,2024-06-14,9238
6770,力積電,35,8,27,凱基-士林,2024-06-14,9238
00929,復華台灣科技優息,68,41,27,凱基-士林,2024-06-14,9238
2486,一詮,41,15,26,凱基-士林,2024-06-14,9238
2353,宏��,31,7,24,凱基-士林,2024-06-14,9238
1513,中興電,50,28,22,凱基-士林,2024-06-14,9238
00927,群益半導體收益,21,0,21,凱基-士林,2024-06-14,9238
2392,正崴,49,28,21,凱基-士林,2024-06-14,9238
00676R,富邦臺灣加權反1,40,20,20,凱基-士林,2024-06-14,9238
2313,華通,19,1,18,凱基-士林,2024-06-14,9238
00637L,元大滬深300正2,16,0,16,凱基-士林,2024-06-14,9238
9946,三發地產,15,0,15,凱基-士林,2024-06-14,9238
2613,中櫃,14,0,14,凱基-士林,2024-06-14,9238
8147,正淩,15,1,14,凱基-士林,2024-06-14,9238
00948B,中信優息投資級債,13,0,13,凱基-士林,2024-06-14,9238
3481,群創,126,113,13,凱基-士林,2024-06-14,9238
6161,捷波,13,0,13,凱基-士林,2024-06-14,9238
8028,昇陽半導體,15,2,13,凱基-士林,2024-06-14,9238
3231,緯創,19,6,13,凱基-士林,2024-06-14,9238
00937B,群益ESG投等債20,32,20,12,凱基-士林,2024-06-14,9238
3376,新日興,22,10,12,凱基-士林,2024-06-14,9238
1609,大亞,43,31,12,凱基-士林,2024-06-14,9238
3706,神達,12,1,11,凱基-士林,2024-06-14,9238
6285,啟��,12,1,11,凱基-士林,2024-06-14,9238
00919,群益台灣精選高息,11,0,11,凱基-士林,2024-06-14,9238
00885,富邦越南,10,0,10,凱基-士林,2024-06-14,9238
00753L,中信中國50正2,10,0,10,凱基-士林,2024-06-14,9238
00680L,元大美債20正2,10,0,10,凱基-士林,2024-06-14,9238
00942B,台新美A公司債20+,10,0,10,凱基-士林,2024-06-14,9238
00944,野村趨勢動能高息,10,0,10,凱基-士林,2024-06-14,9238
1802,台玻,14,4,10,凱基-士林,2024-06-14,9238
1809,中釉,20,10,10,凱基-士林,2024-06-14,9238
2010,春源,10,0,10,凱基-士林,2024-06-14,9238
2022,聚亨,10,0,10,凱基-士林,2024-06-14,9238
2524,京城,10,0,10,凱基-士林,2024-06-14,9238
2353,宏��,209,43,166,凱基-士林,2024-06-17,9238
911868,同方友友-DR,153,0,153,凱基-士林,2024-06-17,9238
4113,聯上,97,0,97,凱基-士林,2024-06-17,9238
5340,建榮,95,4,91,凱基-士林,2024-06-17,9238
5009,榮剛,68,0,68,凱基-士林,2024-06-17,9238
2025,千興,61,0,61,凱基-士林,2024-06-17,9238
6188,廣明,56,3,53,凱基-士林,2024-06-17,9238
00915,凱基優選高股息30,56,3,53,凱基-士林,2024-06-17,9238
2515,中工,46,0,46,凱基-士林,2024-06-17,9238
4726,永昕,62,20,42,凱基-士林,2024-06-17,9238
00673R,期元大S＆P原油反1,40,0,40,凱基-士林,2024-06-17,9238
1321,大洋,40,0,40,凱基-士林,2024-06-17,9238
00940,元大台灣價值高息,47,8,39,凱基-士林,2024-06-17,9238
00918,大華優利高填息30,39,1,38,凱基-士林,2024-06-17,9238
1609,大亞,38,5,33,凱基-士林,2024-06-17,9238
5871,中租-KY,32,4,28,凱基-士林,2024-06-17,9238
00939,統一台灣高息動能,30,2,28,凱基-士林,2024-06-17,9238
2382,廣達,32,5,27,凱基-士林,2024-06-17,9238
5905,南仁湖,26,0,26,凱基-士林,2024-06-17,9238
2615,萬海,31,5,26,凱基-士林,2024-06-17,9238
2427,三商電,20,0,20,凱基-士林,2024-06-17,9238
2312,金寶,21,1,20,凱基-士林,2024-06-17,9238
2406,國碩,20,0,20,凱基-士林,2024-06-17,9238
8255,朋程,22,3,19,凱基-士林,2024-06-17,9238
2331,精英,20,1,19,凱基-士林,2024-06-17,9238
2884,玉山金,30,11,19,凱基-士林,2024-06-17,9238
3357,臺慶科,22,3,19,凱基-士林,2024-06-17,9238
00680L,元大美債20正2,20,2,18,凱基-士林,2024-06-17,9238
00937B,群益ESG投等債20,24,6,18,凱基-士林,2024-06-17,9238
00878,國泰永續高股息,23,6,17,凱基-士林,2024-06-17,9238
1503,士電,17,1,16,凱基-士林,2024-06-17,9238
3362,先進光,15,0,15,凱基-士林,2024-06-17,9238
3376,新日興,16,1,15,凱基-士林,2024-06-17,9238
911622,泰聚亨-DR,15,0,15,凱基-士林,2024-06-17,9238
9925,新保,15,0,15,凱基-士林,2024-06-17,9238
3231,緯創,17,3,14,凱基-士林,2024-06-17,9238
1618,合機,28,14,14,凱基-士林,2024-06-17,9238
2356,英業達,15,1,14,凱基-士林,2024-06-17,9238
3260,威剛,16,2,14,凱基-士林,2024-06-17,9238
4420,光明,13,0,13,凱基-士林,2024-06-17,9238
00919,群益台灣精選高息,13,1,12,凱基-士林,2024-06-17,9238
2609,陽明,67,55,12,凱基-士林,2024-06-17,9238
1514,亞力,38,27,11,凱基-士林,2024-06-17,9238
2313,華通,11,0,11,凱基-士林,2024-06-17,9238
3178,公準,12,1,11,凱基-士林,2024-06-17,9238
5522,遠雄,11,0,11,凱基-士林,2024-06-17,9238
6835,圓裕,11,0,11,凱基-士林,2024-06-17,9238
4306,炎洲,12,2,10,凱基-士林,2024-06-17,9238
2881,富邦金,10,0,10,凱基-士林,2024-06-17,9238
6230,尼得科超眾,10,0,10,凱基-士林,2024-06-17,9238
6282,康舒,851,147,704,凱基-士林,2024-06-18,9238
2371,大同,563,205,358,凱基-士林,2024-06-18,9238
5009,榮剛,210,11,199,凱基-士林,2024-06-18,9238
00632R,元大台灣50反1,192,55,137,凱基-士林,2024-06-18,9238
00929,復華台灣科技優息,226,94,132,凱基-士林,2024-06-18,9238
2323,中環,100,0,100,凱基-士林,2024-06-18,9238
00948B,中信優息投資級債,99,0,99,凱基-士林,2024-06-18,9238
1802,台玻,88,19,69,凱基-士林,2024-06-18,9238
2353,宏��,87,18,69,凱基-士林,2024-06-18,9238
8028,昇陽半導體,69,11,58,凱基-士林,2024-06-18,9238
9105,泰金寶-DR,55,0,55,凱基-士林,2024-06-18,9238
00673R,期元大S＆P原油反1,52,0,52,凱基-士林,2024-06-18,9238
8473,山林水,54,5,49,凱基-士林,2024-06-18,9238
00891,中信關鍵半導體,50,2,48,凱基-士林,2024-06-18,9238
6770,力積電,48,3,45,凱基-士林,2024-06-18,9238
00942B,台新美A公司債20+,44,0,44,凱基-士林,2024-06-18,9238
00676R,富邦臺灣加權反1,40,0,40,凱基-士林,2024-06-18,9238
6127,九豪,36,0,36,凱基-士林,2024-06-18,9238
3363,上詮,35,2,33,凱基-士林,2024-06-18,9238
1504,東元,34,3,31,凱基-士林,2024-06-18,9238
2025,千興,30,0,30,凱基-士林,2024-06-18,9238
00940,元大台灣價值高息,52,24,28,凱基-士林,2024-06-18,9238
2881,富邦金,31,6,25,凱基-士林,2024-06-18,9238
2538,基泰,23,0,23,凱基-士林,2024-06-18,9238
6548,長科*,22,0,22,凱基-士林,2024-06-18,9238
6841,長佳智能,28,6,22,凱基-士林,2024-06-18,9238
00885,富邦越南,20,0,20,凱基-士林,2024-06-18,9238
4566,時碩工業,23,3,20,凱基-士林,2024-06-18,9238
911868,同方友友-DR,70,50,20,凱基-士林,2024-06-18,9238
8086,宏捷科,21,1,20,凱基-士林,2024-06-18,9238
4906,正文,20,1,19,凱基-士林,2024-06-18,9238
1303,南亞,21,2,19,凱基-士林,2024-06-18,9238
00919,群益台灣精選高息,20,3,17,凱基-士林,2024-06-18,9238
00921,兆豐龍頭等權重,21,4,17,凱基-士林,2024-06-18,9238
00713,元大台灣高息低波,17,0,17,凱基-士林,2024-06-18,9238
00753L,中信中國50正2,15,0,15,凱基-士林,2024-06-18,9238
3202,樺晟,15,0,15,凱基-士林,2024-06-18,9238
8040,九暘,15,0,15,凱基-士林,2024-06-18,9238
3380,明泰,13,0,13,凱基-士林,2024-06-18,9238
2359,所羅門,15,3,12,凱基-士林,2024-06-18,9238
00936,台新永續高息中小,30,18,12,凱基-士林,2024-06-18,9238
1815,富喬,52,40,12,凱基-士林,2024-06-18,9238
2392,正崴,13,2,11,凱基-士林,2024-06-18,9238
9103,美德醫療-DR,24,13,11,凱基-士林,2024-06-18,9238
00918,大華優利高填息30,16,5,11,凱基-士林,2024-06-18,9238
00687B,國泰20年美債,16,6,10,凱基-士林,2024-06-18,9238
00680L,元大美債20正2,10,0,10,凱基-士林,2024-06-18,9238
1316,上曜,12,2,10,凱基-士林,2024-06-18,9238
1809,中釉,20,10,10,凱基-士林,2024-06-18,9238
2340,台亞,10,0,10,凱基-士林,2024-06-18,9238
00632R,元大台灣50反1,2408,40,2368,凱基-士林,2024-06-19,9238
2371,大同,700,6,694,凱基-士林,2024-06-19,9238
2617,台航,490,0,490,凱基-士林,2024-06-19,9238
1802,台玻,493,57,436,凱基-士林,2024-06-19,9238
3706,神達,276,62,214,凱基-士林,2024-06-19,9238
2323,中環,200,0,200,凱基-士林,2024-06-19,9238
8096,擎亞,112,12,100,凱基-士林,2024-06-19,9238
3036,文曄,102,6,96,凱基-士林,2024-06-19,9238
1314,中石化,95,0,95,凱基-士林,2024-06-19,9238
00940,元大台灣價值高息,107,43,64,凱基-士林,2024-06-19,9238
00936,台新永續高息中小,58,0,58,凱基-士林,2024-06-19,9238
4967,十銓,65,12,53,凱基-士林,2024-06-19,9238
00673R,期元大S＆P原油反1,53,0,53,凱基-士林,2024-06-19,9238
1815,富喬,56,22,34,凱基-士林,2024-06-19,9238
2002,中鋼,37,3,34,凱基-士林,2024-06-19,9238
4549,桓達,32,0,32,凱基-士林,2024-06-19,9238
3163,波若威,157,127,30,凱基-士林,2024-06-19,9238
3419,譁裕,30,0,30,凱基-士林,2024-06-19,9238
6164,華興,30,0,30,凱基-士林,2024-06-19,9238
6257,矽格,30,0,30,凱基-士林,2024-06-19,9238
8086,宏捷科,31,1,30,凱基-士林,2024-06-19,9238
6770,力積電,46,17,29,凱基-士林,2024-06-19,9238
3376,新日興,54,26,28,凱基-士林,2024-06-19,9238
00687B,國泰20年美債,28,0,28,凱基-士林,2024-06-19,9238
6133,金橋,28,0,28,凱基-士林,2024-06-19,9238
6548,長科*,31,3,28,凱基-士林,2024-06-19,9238
1503,士電,59,33,26,凱基-士林,2024-06-19,9238
8105,凌巨,27,2,25,凱基-士林,2024-06-19,9238
2515,中工,24,1,23,凱基-士林,2024-06-19,9238
6835,圓裕,22,0,22,凱基-士林,2024-06-19,9238
6697,東捷資訊,21,0,21,凱基-士林,2024-06-19,9238
8040,九暘,20,0,20,凱基-士林,2024-06-19,9238
911868,同方友友-DR,50,30,20,凱基-士林,2024-06-19,9238
5474,聰泰,19,0,19,凱基-士林,2024-06-19,9238
3062,建漢,18,1,17,凱基-士林,2024-06-19,9238
6141,柏承,17,0,17,凱基-士林,2024-06-19,9238
1301,台塑,16,0,16,凱基-士林,2024-06-19,9238
6190,萬泰科,30,15,15,凱基-士林,2024-06-19,9238
1504,東元,16,1,15,凱基-士林,2024-06-19,9238
2344,華邦電,22,9,13,凱基-士林,2024-06-19,9238
3202,樺晟,13,0,13,凱基-士林,2024-06-19,9238
6139,亞翔,13,0,13,凱基-士林,2024-06-19,9238
1785,光洋科,20,7,13,凱基-士林,2024-06-19,9238
2881,富邦金,23,10,13,凱基-士林,2024-06-19,9238
9945,潤泰新,12,0,12,凱基-士林,2024-06-19,9238
00712,復華富時不動產,12,0,12,凱基-士林,2024-06-19,9238
1471,首利,13,1,12,凱基-士林,2024-06-19,9238
3373,熱映,79,67,12,凱基-士林,2024-06-19,9238
3438,類比科,12,0,12,凱基-士林,2024-06-19,9238
3450,聯鈞,60,48,12,凱基-士林,2024-06-19,9238
00632R,元大台灣50反1,1074,29,1045,凱基-士林,2024-06-20,9238
2520,冠德,301,0,301,凱基-士林,2024-06-20,9238
00948B,中信優息投資級債,99,0,99,凱基-士林,2024-06-20,9238
4534,慶騰,90,3,87,凱基-士林,2024-06-20,9238
2888,新光金,71,6,65,凱基-士林,2024-06-20,9238
2409,友達,53,0,53,凱基-士林,2024-06-20,9238
2353,宏��,68,22,46,凱基-士林,2024-06-20,9238
00936,台新永續高息中小,45,0,45,凱基-士林,2024-06-20,9238
2881,富邦金,44,1,43,凱基-士林,2024-06-20,9238
8028,昇陽半導體,147,104,43,凱基-士林,2024-06-20,9238
3576,聯合再生,40,0,40,凱基-士林,2024-06-20,9238
2352,佳世達,40,3,37,凱基-士林,2024-06-20,9238
1802,台玻,59,23,36,凱基-士林,2024-06-20,9238
6548,長科*,31,0,31,凱基-士林,2024-06-20,9238
00915,凱基優選高股息30,35,5,30,凱基-士林,2024-06-20,9238
911868,同方友友-DR,30,0,30,凱基-士林,2024-06-20,9238
4549,桓達,30,1,29,凱基-士林,2024-06-20,9238
1447,力鵬,25,0,25,凱基-士林,2024-06-20,9238
6015,宏遠證,25,0,25,凱基-士林,2024-06-20,9238
6127,九豪,24,0,24,凱基-士林,2024-06-20,9238
2201,裕隆,26,3,23,凱基-士林,2024-06-20,9238
00933B,國泰10Y+金融債,21,0,21,凱基-士林,2024-06-20,9238
00650L,復華香港正2,31,10,21,凱基-士林,2024-06-20,9238
00715L,期街口布蘭特正2,20,0,20,凱基-士林,2024-06-20,9238
1440,南紡,20,0,20,凱基-士林,2024-06-20,9238
1471,首利,20,0,20,凱基-士林,2024-06-20,9238
6207,雷科,20,0,20,凱基-士林,2024-06-20,9238
00937B,群益ESG投等債20,18,0,18,凱基-士林,2024-06-20,9238
00947,台新臺灣IC設計,18,0,18,凱基-士林,2024-06-20,9238
00679B,元大美債20年,19,1,18,凱基-士林,2024-06-20,9238
1609,大亞,21,4,17,凱基-士林,2024-06-20,9238
5474,聰泰,17,0,17,凱基-士林,2024-06-20,9238
3481,群創,24,7,17,凱基-士林,2024-06-20,9238
4915,致伸,17,0,17,凱基-士林,2024-06-20,9238
00680L,元大美債20正2,16,0,16,凱基-士林,2024-06-20,9238
6869,雲豹能源,16,0,16,凱基-士林,2024-06-20,9238
5222,全訊,15,0,15,凱基-士林,2024-06-20,9238
3264,欣銓,15,0,15,凱基-士林,2024-06-20,9238
0050,元大台灣50,15,0,15,凱基-士林,2024-06-20,9238
2330,台積電,20,6,14,凱基-士林,2024-06-20,9238
2363,矽統,29,15,14,凱基-士林,2024-06-20,9238
6695,芯鼎,16,2,14,凱基-士林,2024-06-20,9238
8070,長華*,14,0,14,凱基-士林,2024-06-20,9238
4768,晶呈科技,13,0,13,凱基-士林,2024-06-20,9238
3376,新日興,21,8,13,凱基-士林,2024-06-20,9238
3675,德微,11,0,11,凱基-士林,2024-06-20,9238
2641,正德,10,0,10,凱基-士林,2024-06-20,9238
8033,雷虎,10,0,10,凱基-士林,2024-06-20,9238
1477,聚陽,10,1,9,凱基-士林,2024-06-20,9238
2615,萬海,13,4,9,凱基-士林,2024-06-20,9238
2542,興富發,410,1,409,凱基-士林,2024-06-21,9238
00919,群益台灣精選高息,283,17,266,凱基-士林,2024-06-21,9238
2489,瑞軒,326,64,262,凱基-士林,2024-06-21,9238
4534,慶騰,249,0,249,凱基-士林,2024-06-21,9238
4526,東台,170,6,164,凱基-士林,2024-06-21,9238
8085,福華,166,8,158,凱基-士林,2024-06-21,9238
00665L,富邦�琤肭磪囓�2,154,0,154,凱基-士林,2024-06-21,9238
00948B,中信優息投資級債,119,0,119,凱基-士林,2024-06-21,9238
00933B,國泰10Y+金融債,101,0,101,凱基-士林,2024-06-21,9238
00929,復華台灣科技優息,94,16,78,凱基-士林,2024-06-21,9238
6127,九豪,65,1,64,凱基-士林,2024-06-21,9238
2498,宏達電,60,3,57,凱基-士林,2024-06-21,9238
5608,四維航,52,0,52,凱基-士林,2024-06-21,9238
00673R,期元大S＆P原油反1,50,0,50,凱基-士林,2024-06-21,9238
911868,同方友友-DR,50,0,50,凱基-士林,2024-06-21,9238
2515,中工,45,0,45,凱基-士林,2024-06-21,9238
00936,台新永續高息中小,38,0,38,凱基-士林,2024-06-21,9238
8103,瀚荃,40,2,38,凱基-士林,2024-06-21,9238
2368,金像電,36,2,34,凱基-士林,2024-06-21,9238
2317,鴻海,43,10,33,凱基-士林,2024-06-21,9238
00632R,元大台灣50反1,60,28,32,凱基-士林,2024-06-21,9238
2025,千興,30,0,30,凱基-士林,2024-06-21,9238
2609,陽明,80,54,26,凱基-士林,2024-06-21,9238
1802,台玻,24,0,24,凱基-士林,2024-06-21,9238
5324,士開,23,0,23,凱基-士林,2024-06-21,9238
3163,波若威,25,2,23,凱基-士林,2024-06-21,9238
2369,菱生,21,0,21,凱基-士林,2024-06-21,9238
2356,英業達,23,3,20,凱基-士林,2024-06-21,9238
1414,東和,20,0,20,凱基-士林,2024-06-21,9238
2812,台中銀,20,0,20,凱基-士林,2024-06-21,9238
3217,優群,20,0,20,凱基-士林,2024-06-21,9238
912000,晨訊科-DR,40,20,20,凱基-士林,2024-06-21,9238
2504,國產,19,0,19,凱基-士林,2024-06-21,9238
5263,智崴,31,12,19,凱基-士林,2024-06-21,9238
3178,公準,18,0,18,凱基-士林,2024-06-21,9238
3024,憶聲,17,0,17,凱基-士林,2024-06-21,9238
00885,富邦越南,16,0,16,凱基-士林,2024-06-21,9238
1229,聯華,16,0,16,凱基-士林,2024-06-21,9238
9902,台火,15,0,15,凱基-士林,2024-06-21,9238
2344,華邦電,23,9,14,凱基-士林,2024-06-21,9238
4906,正文,19,5,14,凱基-士林,2024-06-21,9238
4768,晶呈科技,14,1,13,凱基-士林,2024-06-21,9238
2338,光罩,21,8,13,凱基-士林,2024-06-21,9238
00915,凱基優選高股息30,33,21,12,凱基-士林,2024-06-21,9238
2637,慧洋-KY,16,4,12,凱基-士林,2024-06-21,9238
3059,華晶科,14,2,12,凱基-士林,2024-06-21,9238
5443,均豪,19,7,12,凱基-士林,2024-06-21,9238
1529,樂事綠能,14,3,11,凱基-士林,2024-06-21,9238
2023,燁輝,11,0,11,凱基-士林,2024-06-21,9238
2371,大同,100,89,11,凱基-士林,2024-06-21,9238
3481,群創,362,99,263,凱基-士林,2024-06-24,9238
2610,華航,236,6,230,凱基-士林,2024-06-24,9238
3062,建漢,174,18,156,凱基-士林,2024-06-24,9238
2617,台航,151,0,151,凱基-士林,2024-06-24,9238
00929,復華台灣科技優息,257,143,114,凱基-士林,2024-06-24,9238
1802,台玻,81,3,78,凱基-士林,2024-06-24,9238
3047,訊舟,57,1,56,凱基-士林,2024-06-24,9238
00937B,群益ESG投等債20,53,0,53,凱基-士林,2024-06-24,9238
6176,瑞儀,50,2,48,凱基-士林,2024-06-24,9238
2382,廣達,53,7,46,凱基-士林,2024-06-24,9238
1727,中華化,39,0,39,凱基-士林,2024-06-24,9238
2374,佳能,40,5,35,凱基-士林,2024-06-24,9238
2363,矽統,34,2,32,凱基-士林,2024-06-24,9238
1229,聯華,30,0,30,凱基-士林,2024-06-24,9238
6770,力積電,33,6,27,凱基-士林,2024-06-24,9238
00919,群益台灣精選高息,103,77,26,凱基-士林,2024-06-24,9238
1301,台塑,28,2,26,凱基-士林,2024-06-24,9238
3622,洋華,25,0,25,凱基-士林,2024-06-24,9238
6127,九豪,30,5,25,凱基-士林,2024-06-24,9238
00936,台新永續高息中小,23,0,23,凱基-士林,2024-06-24,9238
3231,緯創,32,9,23,凱基-士林,2024-06-24,9238
00918,大華優利高填息30,22,0,22,凱基-士林,2024-06-24,9238
3373,熱映,32,10,22,凱基-士林,2024-06-24,9238
2331,精英,21,0,21,凱基-士林,2024-06-24,9238
2330,台積電,30,9,21,凱基-士林,2024-06-24,9238
00680L,元大美債20正2,20,0,20,凱基-士林,2024-06-24,9238
1809,中釉,20,0,20,凱基-士林,2024-06-24,9238
6548,長科*,21,1,20,凱基-士林,2024-06-24,9238
2408,南亞科,25,6,19,凱基-士林,2024-06-24,9238
2317,鴻海,35,18,17,凱基-士林,2024-06-24,9238
5608,四維航,16,0,16,凱基-士林,2024-06-24,9238
4123,晟德,15,0,15,凱基-士林,2024-06-24,9238
2324,仁寶,16,2,14,凱基-士林,2024-06-24,9238
4768,晶呈科技,14,0,14,凱基-士林,2024-06-24,9238
0050,元大台灣50,14,0,14,凱基-士林,2024-06-24,9238
1605,華新,13,0,13,凱基-士林,2024-06-24,9238
00915,凱基優選高股息30,12,0,12,凱基-士林,2024-06-24,9238
5328,華容,40,28,12,凱基-士林,2024-06-24,9238
8105,凌巨,23,11,12,凱基-士林,2024-06-24,9238
2609,陽明,43,31,12,凱基-士林,2024-06-24,9238
3025,星通,24,13,11,凱基-士林,2024-06-24,9238
1504,東元,11,0,11,凱基-士林,2024-06-24,9238
2409,友達,19,8,11,凱基-士林,2024-06-24,9238
6125,廣運,15,5,10,凱基-士林,2024-06-24,9238
2353,宏��,37,27,10,凱基-士林,2024-06-24,9238
1720,生達,10,0,10,凱基-士林,2024-06-24,9238
2480,敦陽科,10,0,10,凱基-士林,2024-06-24,9238
2634,漢翔,10,0,10,凱基-士林,2024-06-24,9238
3675,德微,10,0,10,凱基-士林,2024-06-24,9238
9925,新保,10,0,10,凱基-士林,2024-06-24,9238
3481,群創,268,107,161,凱基-士林,2024-06-25,9238
00947,台新臺灣IC設計,103,0,103,凱基-士林,2024-06-25,9238
4906,正文,102,0,102,凱基-士林,2024-06-25,9238
00673R,期元大S＆P原油反1,100,0,100,凱基-士林,2024-06-25,9238
4534,慶騰,86,10,76,凱基-士林,2024-06-25,9238
8110,華東,83,12,71,凱基-士林,2024-06-25,9238
1815,富喬,62,8,54,凱基-士林,2024-06-25,9238
00929,復華台灣科技優息,58,6,52,凱基-士林,2024-06-25,9238
00919,群益台灣精選高息,47,0,47,凱基-士林,2024-06-25,9238
00687B,國泰20年美債,44,0,44,凱基-士林,2024-06-25,9238
4726,永昕,45,2,43,凱基-士林,2024-06-25,9238
6548,長科*,41,0,41,凱基-士林,2024-06-25,9238
8942,森鉅,40,0,40,凱基-士林,2024-06-25,9238
2409,友達,34,0,34,凱基-士林,2024-06-25,9238
8033,雷虎,30,1,29,凱基-士林,2024-06-25,9238
9105,泰金寶-DR,28,2,26,凱基-士林,2024-06-25,9238
3450,聯鈞,49,23,26,凱基-士林,2024-06-25,9238
1802,台玻,34,10,24,凱基-士林,2024-06-25,9238
5009,榮剛,24,0,24,凱基-士林,2024-06-25,9238
3035,智原,26,2,24,凱基-士林,2024-06-25,9238
3037,欣興,21,0,21,凱基-士林,2024-06-25,9238
1447,力鵬,20,0,20,凱基-士林,2024-06-25,9238
2352,佳世達,29,10,19,凱基-士林,2024-06-25,9238
2888,新光金,20,1,19,凱基-士林,2024-06-25,9238
4420,光明,18,0,18,凱基-士林,2024-06-25,9238
00665L,富邦�琤肭磪囓�2,20,3,17,凱基-士林,2024-06-25,9238
00941,中信上游半導體,21,4,17,凱基-士林,2024-06-25,9238
2353,宏��,26,10,16,凱基-士林,2024-06-25,9238
6869,雲豹能源,31,15,16,凱基-士林,2024-06-25,9238
00940,元大台灣價值高息,20,5,15,凱基-士林,2024-06-25,9238
6214,精誠,15,0,15,凱基-士林,2024-06-25,9238
6231,系微,16,1,15,凱基-士林,2024-06-25,9238
2480,敦陽科,14,0,14,凱基-士林,2024-06-25,9238
2606,裕民,18,4,14,凱基-士林,2024-06-25,9238
2313,華通,25,12,13,凱基-士林,2024-06-25,9238
4768,晶呈科技,13,0,13,凱基-士林,2024-06-25,9238
6127,九豪,16,3,13,凱基-士林,2024-06-25,9238
1785,光洋科,32,20,12,凱基-士林,2024-06-25,9238
1301,台塑,13,1,12,凱基-士林,2024-06-25,9238
00915,凱基優選高股息30,14,2,12,凱基-士林,2024-06-25,9238
8064,東捷,18,6,12,凱基-士林,2024-06-25,9238
00830,國泰費城半導體,11,0,11,凱基-士林,2024-06-25,9238
2312,金寶,12,1,11,凱基-士林,2024-06-25,9238
2464,盟立,16,5,11,凱基-士林,2024-06-25,9238
2317,鴻海,33,23,10,凱基-士林,2024-06-25,9238
2548,華固,10,0,10,凱基-士林,2024-06-25,9238
2356,英業達,12,2,10,凱基-士林,2024-06-25,9238
00922,國泰台灣領袖50,10,0,10,凱基-士林,2024-06-25,9238
00753L,中信中國50正2,10,0,10,凱基-士林,2024-06-25,9238
3122,笙泉,10,0,10,凱基-士林,2024-06-25,9238
3062,建漢,115,5,110,凱基-士林,2024-06-26,9238
00948B,中信優息投資級債,105,0,105,凱基-士林,2024-06-26,9238
00944,野村趨勢動能高息,100,0,100,凱基-士林,2024-06-26,9238
8104,錸寶,94,1,93,凱基-士林,2024-06-26,9238
2371,大同,76,7,69,凱基-士林,2024-06-26,9238
2002,中鋼,61,0,61,凱基-士林,2024-06-26,9238
2480,敦陽科,56,0,56,凱基-士林,2024-06-26,9238
00940,元大台灣價值高息,62,8,54,凱基-士林,2024-06-26,9238
00679B,元大美債20年,54,1,53,凱基-士林,2024-06-26,9238
2369,菱生,50,0,50,凱基-士林,2024-06-26,9238
5009,榮剛,59,16,43,凱基-士林,2024-06-26,9238
2515,中工,41,0,41,凱基-士林,2024-06-26,9238
4167,松瑞藥,40,1,39,凱基-士林,2024-06-26,9238
2317,鴻海,52,14,38,凱基-士林,2024-06-26,9238
00632R,元大台灣50反1,35,3,32,凱基-士林,2024-06-26,9238
5871,中租-KY,31,0,31,凱基-士林,2024-06-26,9238
00919,群益台灣精選高息,29,0,29,凱基-士林,2024-06-26,9238
4526,東台,29,0,29,凱基-士林,2024-06-26,9238
2392,正崴,53,26,27,凱基-士林,2024-06-26,9238
910861,神州-DR,35,8,27,凱基-士林,2024-06-26,9238
1301,台塑,27,1,26,凱基-士林,2024-06-26,9238
4123,晟德,25,0,25,凱基-士林,2024-06-26,9238
8942,森鉅,25,0,25,凱基-士林,2024-06-26,9238
8028,昇陽半導體,34,9,25,凱基-士林,2024-06-26,9238
3289,宜特,56,32,24,凱基-士林,2024-06-26,9238
4938,和碩,23,1,22,凱基-士林,2024-06-26,9238
1795,美時,25,5,20,凱基-士林,2024-06-26,9238
9105,泰金寶-DR,37,17,20,凱基-士林,2024-06-26,9238
2812,台中銀,20,0,20,凱基-士林,2024-06-26,9238
5864,致和證,20,0,20,凱基-士林,2024-06-26,9238
8487,愛爾達-創,20,0,20,凱基-士林,2024-06-26,9238
2353,宏��,52,33,19,凱基-士林,2024-06-26,9238
2344,華邦電,24,6,18,凱基-士林,2024-06-26,9238
6127,九豪,19,2,17,凱基-士林,2024-06-26,9238
1609,大亞,19,3,16,凱基-士林,2024-06-26,9238
2883,凱基金,17,1,16,凱基-士林,2024-06-26,9238
1402,遠東新,17,2,15,凱基-士林,2024-06-26,9238
1802,台玻,35,20,15,凱基-士林,2024-06-26,9238
4157,太景*-KY,15,0,15,凱基-士林,2024-06-26,9238
6505,台塑化,15,0,15,凱基-士林,2024-06-26,9238
1720,生達,14,0,14,凱基-士林,2024-06-26,9238
2637,慧洋-KY,16,2,14,凱基-士林,2024-06-26,9238
3373,熱映,45,31,14,凱基-士林,2024-06-26,9238
4549,桓達,14,0,14,凱基-士林,2024-06-26,9238
2495,普安,14,1,13,凱基-士林,2024-06-26,9238
1785,光洋科,32,18,14,凱基-士林,2024-06-26,9238
1815,富喬,25,12,13,凱基-士林,2024-06-26,9238
00915,凱基優選高股息30,13,0,13,凱基-士林,2024-06-26,9238
00942B,台新美A公司債20+,12,0,12,凱基-士林,2024-06-26,9238
2890,永豐金,11,0,11,凱基-士林,2024-06-26,9238
3481,群創,1803,626,1177,凱基-士林,2024-06-27,9238
00632R,元大台灣50反1,115,3,112,凱基-士林,2024-06-27,9238
00680L,元大美債20正2,81,0,81,凱基-士林,2024-06-27,9238
3062,建漢,88,8,80,凱基-士林,2024-06-27,9238
2480,敦陽科,70,0,70,凱基-士林,2024-06-27,9238
8085,福華,68,11,57,凱基-士林,2024-06-27,9238
00929,復華台灣科技優息,44,0,44,凱基-士林,2024-06-27,9238
3419,譁裕,43,0,43,凱基-士林,2024-06-27,9238
00665L,富邦�琤肭磪囓�2,39,0,39,凱基-士林,2024-06-27,9238
00919,群益台灣精選高息,39,6,33,凱基-士林,2024-06-27,9238
6244,茂迪,34,3,31,凱基-士林,2024-06-27,9238
3312,弘憶股,53,22,31,凱基-士林,2024-06-27,9238
9136,巨騰-DR,30,0,30,凱基-士林,2024-06-27,9238
00882,中信中國高股息,32,4,28,凱基-士林,2024-06-27,9238
9103,美德醫療-DR,28,0,28,凱基-士林,2024-06-27,9238
1611,中電,28,2,26,凱基-士林,2024-06-27,9238
6116,彩晶,26,0,26,凱基-士林,2024-06-27,9238
6196,帆宣,25,0,25,凱基-士林,2024-06-27,9238
00688L,國泰20年美債正2,25,0,25,凱基-士林,2024-06-27,9238
1785,光洋科,76,52,24,凱基-士林,2024-06-27,9238
00947,台新臺灣IC設計,21,0,21,凱基-士林,2024-06-27,9238
6770,力積電,22,1,21,凱基-士林,2024-06-27,9238
1321,大洋,21,0,21,凱基-士林,2024-06-27,9238
1409,新纖,21,0,21,凱基-士林,2024-06-27,9238
1504,東元,21,0,21,凱基-士林,2024-06-27,9238
1455,集盛,20,0,20,凱基-士林,2024-06-27,9238
2605,新興,21,1,20,凱基-士林,2024-06-27,9238
912000,晨訊科-DR,35,15,20,凱基-士林,2024-06-27,9238
6243,迅杰,18,0,18,凱基-士林,2024-06-27,9238
8277,商丞,22,5,17,凱基-士林,2024-06-27,9238
2344,華邦電,17,1,16,凱基-士林,2024-06-27,9238
1316,上曜,16,0,16,凱基-士林,2024-06-27,9238
6125,廣運,16,0,16,凱基-士林,2024-06-27,9238
6547,高端疫苗,18,2,16,凱基-士林,2024-06-27,9238
1447,力鵬,15,0,15,凱基-士林,2024-06-27,9238
2812,台中銀,15,0,15,凱基-士林,2024-06-27,9238
6015,宏遠證,15,0,15,凱基-士林,2024-06-27,9238
6127,九豪,25,10,15,凱基-士林,2024-06-27,9238
2353,宏��,54,40,14,凱基-士林,2024-06-27,9238
00679B,元大美債20年,19,5,14,凱基-士林,2024-06-27,9238
2637,慧洋-KY,16,2,14,凱基-士林,2024-06-27,9238
4976,佳凌,21,7,14,凱基-士林,2024-06-27,9238
8104,錸寶,16,2,14,凱基-士林,2024-06-27,9238
2382,廣達,16,3,13,凱基-士林,2024-06-27,9238
1614,三洋電,13,0,13,凱基-士林,2024-06-27,9238
2548,華固,13,0,13,凱基-士林,2024-06-27,9238
2603,長榮,20,7,13,凱基-士林,2024-06-27,9238
0056,元大高股息,13,1,12,凱基-士林,2024-06-27,9238
00881,國泰台灣5G+,12,0,12,凱基-士林,2024-06-27,9238
2301,光寶科,14,2,12,凱基-士林,2024-06-27,9238
00632R,元大台灣50反1,1018,5,1013,凱基-士林,2024-06-28,9238
2641,正德,110,0,110,凱基-士林,2024-06-28,9238
00900,富邦特選高股息30,100,0,100,凱基-士林,2024-06-28,9238
00929,復華台灣科技優息,102,3,99,凱基-士林,2024-06-28,9238
3576,聯合再生,47,1,46,凱基-士林,2024-06-28,9238
2349,錸德,46,2,44,凱基-士林,2024-06-28,9238
4167,松瑞藥,43,0,43,凱基-士林,2024-06-28,9238
5347,世界,79,36,43,凱基-士林,2024-06-28,9238
4909,新復興,61,23,38,凱基-士林,2024-06-28,9238
2371,大同,35,1,34,凱基-士林,2024-06-28,9238
00940,元大台灣價值高息,94,62,32,凱基-士林,2024-06-28,9238
00937B,群益ESG投等債20,47,15,32,凱基-士林,2024-06-28,9238
2353,宏��,51,20,31,凱基-士林,2024-06-28,9238
00670L,富邦NASDAQ正2,30,0,30,凱基-士林,2024-06-28,9238
4726,永昕,33,3,30,凱基-士林,2024-06-28,9238
2515,中工,31,2,29,凱基-士林,2024-06-28,9238
6477,安集,31,4,27,凱基-士林,2024-06-28,9238
6182,合晶,27,1,26,凱基-士林,2024-06-28,9238
00936,台新永續高息中小,25,0,25,凱基-士林,2024-06-28,9238
2610,華航,22,0,22,凱基-士林,2024-06-28,9238
3062,建漢,27,5,22,凱基-士林,2024-06-28,9238
2609,陽明,31,10,21,凱基-士林,2024-06-28,9238
0056,元大高股息,20,0,20,凱基-士林,2024-06-28,9238
5014,建錩,20,0,20,凱基-士林,2024-06-28,9238
2409,友達,20,1,19,凱基-士林,2024-06-28,9238
2303,聯電,34,16,18,凱基-士林,2024-06-28,9238
1609,大亞,30,12,18,凱基-士林,2024-06-28,9238
2301,光寶科,16,0,16,凱基-士林,2024-06-28,9238
1316,上曜,17,2,15,凱基-士林,2024-06-28,9238
9946,三發地產,15,0,15,凱基-士林,2024-06-28,9238
5371,中光電,14,0,14,凱基-士林,2024-06-28,9238
2312,金寶,20,6,14,凱基-士林,2024-06-28,9238
2337,旺宏,14,0,14,凱基-士林,2024-06-28,9238
2406,國碩,50,37,13,凱基-士林,2024-06-28,9238
2605,新興,13,0,13,凱基-士林,2024-06-28,9238
3450,聯鈞,24,11,13,凱基-士林,2024-06-28,9238
4768,晶呈科技,13,0,13,凱基-士林,2024-06-28,9238
8085,福華,12,0,12,凱基-士林,2024-06-28,9238
2617,台航,12,0,12,凱基-士林,2024-06-28,9238
2637,慧洋-KY,12,0,12,凱基-士林,2024-06-28,9238
5474,聰泰,12,0,12,凱基-士林,2024-06-28,9238
6244,茂迪,48,36,12,凱基-士林,2024-06-28,9238
006208,富邦台50,11,0,11,凱基-士林,2024-06-28,9238
4714,永捷,11,0,11,凱基-士林,2024-06-28,9238
1785,光洋科,18,8,10,凱基-士林,2024-06-28,9238
00933B,國泰10Y+金融債,10,0,10,凱基-士林,2024-06-28,9238
00942B,台新美A公司債20+,11,1,10,凱基-士林,2024-06-28,9238
00903,富邦元宇宙,10,0,10,凱基-士林,2024-06-28,9238
00918,大華優利高填息30,10,0,10,凱基-士林,2024-06-28,9238
6196,帆宣,10,0,10,凱基-士林,2024-06-28,9238
00929,復華台灣科技優息,238,0,238,凱基-士林,2024-07-01,9238
3481,群創,214,19,195,凱基-士林,2024-07-01,9238
00937B,群益ESG投等債20,180,0,180,凱基-士林,2024-07-01,9238
2611,志信,169,11,158,凱基-士林,2024-07-01,9238
2480,敦陽科,139,0,139,凱基-士林,2024-07-01,9238
2882,國泰金,114,7,107,凱基-士林,2024-07-01,9238
3024,憶聲,102,15,87,凱基-士林,2024-07-01,9238
3708,上緯投控,88,4,84,凱基-士林,2024-07-01,9238
00632R,元大台灣50反1,70,0,70,凱基-士林,2024-07-01,9238
0056,元大高股息,72,5,67,凱基-士林,2024-07-01,9238
2313,華通,70,17,53,凱基-士林,2024-07-01,9238
00949,復華日本龍頭,53,0,53,凱基-士林,2024-07-01,9238
00720B,元大投資級公司債,52,0,52,凱基-士林,2024-07-01,9238
3033,威健,50,0,50,凱基-士林,2024-07-01,9238
00948B,中信優息投資級債,48,0,48,凱基-士林,2024-07-01,9238
2369,菱生,40,0,40,凱基-士林,2024-07-01,9238
2316,楠梓電,46,7,39,凱基-士林,2024-07-01,9238
00679B,元大美債20年,45,7,38,凱基-士林,2024-07-01,9238
2353,宏��,68,30,38,凱基-士林,2024-07-01,9238
1802,台玻,41,4,37,凱基-士林,2024-07-01,9238
00650L,復華香港正2,33,0,33,凱基-士林,2024-07-01,9238
00680L,元大美債20正2,33,0,33,凱基-士林,2024-07-01,9238
8110,華東,35,3,32,凱基-士林,2024-07-01,9238
6125,廣運,36,5,31,凱基-士林,2024-07-01,9238
00857B,永豐20年美公債,30,0,30,凱基-士林,2024-07-01,9238
00936,台新永續高息中小,24,0,24,凱基-士林,2024-07-01,9238
1229,聯華,24,0,24,凱基-士林,2024-07-01,9238
3686,達能,27,5,22,凱基-士林,2024-07-01,9238
3491,昇達科,21,0,21,凱基-士林,2024-07-01,9238
00676R,富邦臺灣加權反1,20,0,20,凱基-士林,2024-07-01,9238
5474,聰泰,20,1,19,凱基-士林,2024-07-01,9238
6163,華電網,20,1,19,凱基-士林,2024-07-01,9238
2883,凱基金,24,5,19,凱基-士林,2024-07-01,9238
5871,中租-KY,19,1,18,凱基-士林,2024-07-01,9238
2371,大同,25,7,18,凱基-士林,2024-07-01,9238
6869,雲豹能源,17,0,17,凱基-士林,2024-07-01,9238
00687B,國泰20年美債,17,1,16,凱基-士林,2024-07-01,9238
6285,啟��,15,0,15,凱基-士林,2024-07-01,9238
6877,鏵友益,15,0,15,凱基-士林,2024-07-01,9238
2606,裕民,16,2,14,凱基-士林,2024-07-01,9238
8234,新漢,14,0,14,凱基-士林,2024-07-01,9238
4919,新唐,19,6,13,凱基-士林,2024-07-01,9238
2352,佳世達,24,11,13,凱基-士林,2024-07-01,9238
2401,凌陽,13,0,13,凱基-士林,2024-07-01,9238
4720,德淵,12,0,12,凱基-士林,2024-07-01,9238
5009,榮剛,13,2,11,凱基-士林,2024-07-01,9238
9105,泰金寶-DR,20,9,11,凱基-士林,2024-07-01,9238
1303,南亞,10,0,10,凱基-士林,2024-07-01,9238
1473,台南,10,0,10,凱基-士林,2024-07-01,9238
1513,中興電,16,6,10,凱基-士林,2024-07-01,9238
3481,群創,1335,513,822,凱基-士林,2024-07-02,9238
00934,中信成長高股息,226,5,221,凱基-士林,2024-07-02,9238
2303,聯電,178,12,166,凱基-士林,2024-07-02,9238
00929,復華台灣科技優息,251,105,146,凱基-士林,2024-07-02,9238
2317,鴻海,110,29,81,凱基-士林,2024-07-02,9238
2641,正德,85,5,80,凱基-士林,2024-07-02,9238
3062,建漢,74,5,69,凱基-士林,2024-07-02,9238
00673R,期元大S＆P原油反1,50,0,50,凱基-士林,2024-07-02,9238
2480,敦陽科,47,0,47,凱基-士林,2024-07-02,9238
9105,泰金寶-DR,58,19,39,凱基-士林,2024-07-02,9238
2025,千興,30,0,30,凱基-士林,2024-07-02,9238
2406,國碩,55,25,30,凱基-士林,2024-07-02,9238
00712,復華富時不動產,29,0,29,凱基-士林,2024-07-02,9238
5871,中租-KY,29,0,29,凱基-士林,2024-07-02,9238
3231,緯創,30,2,28,凱基-士林,2024-07-02,9238
1815,富喬,30,6,24,凱基-士林,2024-07-02,9238
2316,楠梓電,25,1,24,凱基-士林,2024-07-02,9238
0056,元大高股息,26,2,24,凱基-士林,2024-07-02,9238
2363,矽統,23,0,23,凱基-士林,2024-07-02,9238
00857B,永豐20年美公債,20,0,20,凱基-士林,2024-07-02,9238
00680L,元大美債20正2,20,0,20,凱基-士林,2024-07-02,9238
9925,新保,20,0,20,凱基-士林,2024-07-02,9238
6770,力積電,26,7,19,凱基-士林,2024-07-02,9238
00942B,台新美A公司債20+,19,0,19,凱基-士林,2024-07-02,9238
8936,國統,34,16,18,凱基-士林,2024-07-02,9238
00949,復華日本龍頭,28,10,18,凱基-士林,2024-07-02,9238
1785,光洋科,21,3,18,凱基-士林,2024-07-02,9238
2344,華邦電,18,0,18,凱基-士林,2024-07-02,9238
2882,國泰金,24,6,18,凱基-士林,2024-07-02,9238
8064,東捷,30,13,17,凱基-士林,2024-07-02,9238
2353,宏��,23,8,15,凱基-士林,2024-07-02,9238
2402,毅嘉,24,9,15,凱基-士林,2024-07-02,9238
6196,帆宣,15,1,14,凱基-士林,2024-07-02,9238
3537,堡達,15,1,14,凱基-士林,2024-07-02,9238
00679B,元大美債20年,18,5,13,凱基-士林,2024-07-02,9238
3576,聯合再生,23,10,13,凱基-士林,2024-07-02,9238
1301,台塑,13,0,13,凱基-士林,2024-07-02,9238
2228,劍麟,15,2,13,凱基-士林,2024-07-02,9238
2883,凱基金,16,3,13,凱基-士林,2024-07-02,9238
3032,偉訓,13,0,13,凱基-士林,2024-07-02,9238
8277,商丞,27,14,13,凱基-士林,2024-07-02,9238
2412,中華電,12,0,12,凱基-士林,2024-07-02,9238
00688L,國泰20年美債正2,12,0,12,凱基-士林,2024-07-02,9238
2615,萬海,19,7,12,凱基-士林,2024-07-02,9238
5443,均豪,27,16,11,凱基-士林,2024-07-02,9238
6285,啟��,11,0,11,凱基-士林,2024-07-02,9238
1783,和康生,11,0,11,凱基-士林,2024-07-02,9238
3050,鈺德,22,11,11,凱基-士林,2024-07-02,9238
3498,陽程,13,2,11,凱基-士林,2024-07-02,9238
4109,加捷生醫,22,11,11,凱基-士林,2024-07-02,9238
2323,中環,532,15,517,凱基-士林,2024-07-03,9238
3033,威健,309,9,300,凱基-士林,2024-07-03,9238
00934,中信成長高股息,180,10,170,凱基-士林,2024-07-03,9238
6179,亞通,168,0,168,凱基-士林,2024-07-03,9238
2405,輔信,154,14,140,凱基-士林,2024-07-03,9238
00632R,元大台灣50反1,90,15,75,凱基-士林,2024-07-03,9238
9105,泰金寶-DR,345,286,59,凱基-士林,2024-07-03,9238
6443,元晶,88,41,47,凱基-士林,2024-07-03,9238
3062,建漢,69,27,42,凱基-士林,2024-07-03,9238
0056,元大高股息,53,12,41,凱基-士林,2024-07-03,9238
8114,振樺電,40,0,40,凱基-士林,2024-07-03,9238
2406,國碩,41,3,38,凱基-士林,2024-07-03,9238
2371,大同,39,1,38,凱基-士林,2024-07-03,9238
2402,毅嘉,48,14,34,凱基-士林,2024-07-03,9238
3049,精金,37,4,33,凱基-士林,2024-07-03,9238
3054,立萬利,34,4,30,凱基-士林,2024-07-03,9238
4534,慶騰,35,5,30,凱基-士林,2024-07-03,9238
00878,國泰永續高股息,37,7,30,凱基-士林,2024-07-03,9238
6166,凌華,40,11,29,凱基-士林,2024-07-03,9238
00946,群益科技高息成長,25,0,25,凱基-士林,2024-07-03,9238
2480,敦陽科,25,0,25,凱基-士林,2024-07-03,9238
00940,元大台灣價值高息,35,11,24,凱基-士林,2024-07-03,9238
2609,陽明,54,32,22,凱基-士林,2024-07-03,9238
3005,神基,23,2,21,凱基-士林,2024-07-03,9238
9925,新保,21,0,21,凱基-士林,2024-07-03,9238
1303,南亞,20,0,20,凱基-士林,2024-07-03,9238
2355,敬鵬,21,1,20,凱基-士林,2024-07-03,9238
5701,劍湖山,20,0,20,凱基-士林,2024-07-03,9238
2317,鴻海,27,7,20,凱基-士林,2024-07-03,9238
5347,世界,19,0,19,凱基-士林,2024-07-03,9238
1504,東元,20,1,19,凱基-士林,2024-07-03,9238
6477,安集,17,0,17,凱基-士林,2024-07-03,9238
00679B,元大美債20年,16,0,16,凱基-士林,2024-07-03,9238
3706,神達,19,4,15,凱基-士林,2024-07-03,9238
00919,群益台灣精選高息,18,3,15,凱基-士林,2024-07-03,9238
2347,聯強,14,0,14,凱基-士林,2024-07-03,9238
5871,中租-KY,12,1,11,凱基-士林,2024-07-03,9238
00933B,國泰10Y+金融債,18,7,11,凱基-士林,2024-07-03,9238
2633,台灣高鐵,10,0,10,凱基-士林,2024-07-03,9238
2354,鴻準,10,0,10,凱基-士林,2024-07-03,9238
00927,群益半導體收益,11,1,10,凱基-士林,2024-07-03,9238
00676R,富邦臺灣加權反1,10,0,10,凱基-士林,2024-07-03,9238
1321,大洋,10,0,10,凱基-士林,2024-07-03,9238
1477,聚陽,10,0,10,凱基-士林,2024-07-03,9238
1538,正峰,10,0,10,凱基-士林,2024-07-03,9238
1727,中華化,10,0,10,凱基-士林,2024-07-03,9238
2105,正新,10,0,10,凱基-士林,2024-07-03,9238
2515,中工,11,1,10,凱基-士林,2024-07-03,9238
2820,華票,10,0,10,凱基-士林,2024-07-03,9238
2906,高林,20,10,10,凱基-士林,2024-07-03,9238
00632R,元大台灣50反1,1320,52,1268,凱基-士林,2024-07-04,9238
00934,中信成長高股息,417,0,417,凱基-士林,2024-07-04,9238
00929,復華台灣科技優息,260,39,221,凱基-士林,2024-07-04,9238
5871,中租-KY,200,2,198,凱基-士林,2024-07-04,9238
2617,台航,100,0,100,凱基-士林,2024-07-04,9238
2412,中華電,100,0,100,凱基-士林,2024-07-04,9238
00676R,富邦臺灣加權反1,75,15,60,凱基-士林,2024-07-04,9238
4906,正文,55,1,54,凱基-士林,2024-07-04,9238
3033,威健,114,60,54,凱基-士林,2024-07-04,9238
8249,菱光,50,0,50,凱基-士林,2024-07-04,9238
8085,福華,44,0,44,凱基-士林,2024-07-04,9238
1815,富喬,55,15,40,凱基-士林,2024-07-04,9238
3047,訊舟,47,10,37,凱基-士林,2024-07-04,9238
8473,山林水,87,50,37,凱基-士林,2024-07-04,9238
6244,茂迪,44,10,34,凱基-士林,2024-07-04,9238
3443,創意,32,1,31,凱基-士林,2024-07-04,9238
4726,永昕,30,1,29,凱基-士林,2024-07-04,9238
1305,華夏,20,0,20,凱基-士林,2024-07-04,9238
4503,金雨,20,0,20,凱基-士林,2024-07-04,9238
4534,慶騰,20,0,20,凱基-士林,2024-07-04,9238
5014,建錩,20,0,20,凱基-士林,2024-07-04,9238
5474,聰泰,20,0,20,凱基-士林,2024-07-04,9238
3583,辛耘,22,2,20,凱基-士林,2024-07-04,9238
3450,聯鈞,41,23,18,凱基-士林,2024-07-04,9238
6257,矽格,20,2,18,凱基-士林,2024-07-04,9238
911868,同方友友-DR,18,0,18,凱基-士林,2024-07-04,9238
2406,國碩,143,126,17,凱基-士林,2024-07-04,9238
6477,安集,17,0,17,凱基-士林,2024-07-04,9238
2881,富邦金,26,9,17,凱基-士林,2024-07-04,9238
2338,光罩,27,11,16,凱基-士林,2024-07-04,9238
3236,千如,15,0,15,凱基-士林,2024-07-04,9238
2538,基泰,20,6,14,凱基-士林,2024-07-04,9238
6182,合晶,17,3,14,凱基-士林,2024-07-04,9238
6142,友勁,15,2,13,凱基-士林,2024-07-04,9238
2354,鴻準,33,20,13,凱基-士林,2024-07-04,9238
2353,宏��,16,3,13,凱基-士林,2024-07-04,9238
1802,台玻,12,0,12,凱基-士林,2024-07-04,9238
2915,潤泰全,14,2,12,凱基-士林,2024-07-04,9238
6698,旭暉應材,12,0,12,凱基-士林,2024-07-04,9238
8076,伍豐,12,0,12,凱基-士林,2024-07-04,9238
3231,緯創,14,3,11,凱基-士林,2024-07-04,9238
3714,富采,11,0,11,凱基-士林,2024-07-04,9238
4533,協易機,11,1,10,凱基-士林,2024-07-04,9238
00757,統一FANG+,10,0,10,凱基-士林,2024-07-04,9238
1220,台榮,10,0,10,凱基-士林,2024-07-04,9238
2409,友達,20,10,10,凱基-士林,2024-07-04,9238
2897,王道銀行,10,0,10,凱基-士林,2024-07-04,9238
3141,晶宏,10,0,10,凱基-士林,2024-07-04,9238
2610,華航,10,1,9,凱基-士林,2024-07-04,9238
00946,群益科技高息成長,10,1,9,凱基-士林,2024-07-04,9238
00688L,國泰20年美債正2,300,0,300,凱基-士林,2024-07-05,9238
00934,中信成長高股息,256,0,256,凱基-士林,2024-07-05,9238
00929,復華台灣科技優息,214,22,192,凱基-士林,2024-07-05,9238
00882,中信中國高股息,170,0,170,凱基-士林,2024-07-05,9238
2371,大同,132,15,117,凱基-士林,2024-07-05,9238
1536,和大,139,40,99,凱基-士林,2024-07-05,9238
5328,華容,100,5,95,凱基-士林,2024-07-05,9238
2618,長榮航,98,8,90,凱基-士林,2024-07-05,9238
4534,慶騰,88,0,88,凱基-士林,2024-07-05,9238
1806,冠軍,70,0,70,凱基-士林,2024-07-05,9238
2353,宏��,63,3,60,凱基-士林,2024-07-05,9238
2352,佳世達,53,2,51,凱基-士林,2024-07-05,9238
5871,中租-KY,51,0,51,凱基-士林,2024-07-05,9238
4532,瑞智,50,4,46,凱基-士林,2024-07-05,9238
3062,建漢,46,2,44,凱基-士林,2024-07-05,9238
3691,碩禾,54,15,39,凱基-士林,2024-07-05,9238
8039,台虹,41,2,39,凱基-士林,2024-07-05,9238
2889,國票金,37,0,37,凱基-士林,2024-07-05,9238
2312,金寶,40,6,34,凱基-士林,2024-07-05,9238
2025,千興,30,0,30,凱基-士林,2024-07-05,9238
2331,精英,32,2,30,凱基-士林,2024-07-05,9238
6770,力積電,29,0,29,凱基-士林,2024-07-05,9238
3374,精材,30,3,27,凱基-士林,2024-07-05,9238
00679B,元大美債20年,25,0,25,凱基-士林,2024-07-05,9238
8104,錸寶,27,3,24,凱基-士林,2024-07-05,9238
4588,玖鼎電力,23,0,23,凱基-士林,2024-07-05,9238
2888,新光金,46,25,21,凱基-士林,2024-07-05,9238
3615,安可,28,8,20,凱基-士林,2024-07-05,9238
2201,裕隆,20,0,20,凱基-士林,2024-07-05,9238
1220,台榮,20,0,20,凱基-士林,2024-07-05,9238
2887,台新金,20,0,20,凱基-士林,2024-07-05,9238
6026,福邦證,20,0,20,凱基-士林,2024-07-05,9238
2349,錸德,20,3,17,凱基-士林,2024-07-05,9238
00650L,復華香港正2,16,0,16,凱基-士林,2024-07-05,9238
2486,一詮,23,7,16,凱基-士林,2024-07-05,9238
3306,鼎天,22,6,16,凱基-士林,2024-07-05,9238
00927,群益半導體收益,15,0,15,凱基-士林,2024-07-05,9238
1504,東元,16,1,15,凱基-士林,2024-07-05,9238
2344,華邦電,15,0,15,凱基-士林,2024-07-05,9238
2606,裕民,15,0,15,凱基-士林,2024-07-05,9238
3645,達邁,15,0,15,凱基-士林,2024-07-05,9238
3036,文曄,14,0,14,凱基-士林,2024-07-05,9238
8112,至上,14,0,14,凱基-士林,2024-07-05,9238
9925,新保,14,0,14,凱基-士林,2024-07-05,9238
2317,鴻海,27,14,13,凱基-士林,2024-07-05,9238
5324,士開,13,0,13,凱基-士林,2024-07-05,9238
8201,無敵,13,0,13,凱基-士林,2024-07-05,9238
6191,精成科,12,0,12,凱基-士林,2024-07-05,9238
8105,凌巨,14,2,12,凱基-士林,2024-07-05,9238
2330,台積電,15,3,12,凱基-士林,2024-07-05,9238
00632R,元大台灣50反1,2124,5,2119,凱基-士林,2024-07-08,9238
6244,茂迪,260,0,260,凱基-士林,2024-07-08,9238
00882,中信中國高股息,259,3,256,凱基-士林,2024-07-08,9238
2393,億光,250,0,250,凱基-士林,2024-07-08,9238
00929,復華台灣科技優息,236,66,170,凱基-士林,2024-07-08,9238
1785,光洋科,210,48,162,凱基-士林,2024-07-08,9238
3481,群創,511,397,114,凱基-士林,2024-07-08,9238
2369,菱生,110,10,100,凱基-士林,2024-07-08,9238
00934,中信成長高股息,91,0,91,凱基-士林,2024-07-08,9238
2618,長榮航,82,18,64,凱基-士林,2024-07-08,9238
2353,宏��,67,8,59,凱基-士林,2024-07-08,9238
1568,倉佑,56,0,56,凱基-士林,2024-07-08,9238
2392,正崴,133,78,55,凱基-士林,2024-07-08,9238
5871,中租-KY,50,0,50,凱基-士林,2024-07-08,9238
2323,中環,52,5,47,凱基-士林,2024-07-08,9238
8438,昶昕,44,0,44,凱基-士林,2024-07-08,9238
2617,台航,59,16,43,凱基-士林,2024-07-08,9238
2382,廣達,53,12,41,凱基-士林,2024-07-08,9238
00676R,富邦臺灣加權反1,35,0,35,凱基-士林,2024-07-08,9238
3576,聯合再生,36,2,34,凱基-士林,2024-07-08,9238
2356,英業達,39,6,33,凱基-士林,2024-07-08,9238
2363,矽統,104,71,33,凱基-士林,2024-07-08,9238
911868,同方友友-DR,30,0,30,凱基-士林,2024-07-08,9238
6202,盛群,29,0,29,凱基-士林,2024-07-08,9238
8011,台通,36,9,27,凱基-士林,2024-07-08,9238
5471,松翰,36,10,26,凱基-士林,2024-07-08,9238
2406,國碩,27,3,24,凱基-士林,2024-07-08,9238
00936,台新永續高息中小,23,0,23,凱基-士林,2024-07-08,9238
2344,華邦電,23,0,23,凱基-士林,2024-07-08,9238
00949,復華日本龍頭,23,0,23,凱基-士林,2024-07-08,9238
2105,正新,23,0,23,凱基-士林,2024-07-08,9238
2637,慧洋-KY,28,5,23,凱基-士林,2024-07-08,9238
4420,光明,23,0,23,凱基-士林,2024-07-08,9238
00650L,復華香港正2,22,0,22,凱基-士林,2024-07-08,9238
2371,大同,23,1,22,凱基-士林,2024-07-08,9238
3703,欣陸,20,0,20,凱基-士林,2024-07-08,9238
1611,中電,20,0,20,凱基-士林,2024-07-08,9238
2025,千興,20,0,20,凱基-士林,2024-07-08,9238
2538,基泰,20,0,20,凱基-士林,2024-07-08,9238
3094,聯傑,30,10,20,凱基-士林,2024-07-08,9238
6192,巨路,20,0,20,凱基-士林,2024-07-08,9238
912000,晨訊科-DR,60,40,20,凱基-士林,2024-07-08,9238
3048,益登,23,4,19,凱基-士林,2024-07-08,9238
6189,豐藝,21,3,18,凱基-士林,2024-07-08,9238
2453,凌群,19,1,18,凱基-士林,2024-07-08,9238
8085,福華,17,0,17,凱基-士林,2024-07-08,9238
1809,中釉,32,16,16,凱基-士林,2024-07-08,9238
2609,陽明,43,28,15,凱基-士林,2024-07-08,9238
3045,台灣大,15,0,15,凱基-士林,2024-07-08,9238
3499,環天科,15,0,15,凱基-士林,2024-07-08,9238
3481,群創,1644,1083,561,凱基-士林,2024-07-09,9238
2405,輔信,232,52,180,凱基-士林,2024-07-09,9238
00929,復華台灣科技優息,165,1,164,凱基-士林,2024-07-09,9238
6244,茂迪,170,11,159,凱基-士林,2024-07-09,9238
00882,中信中國高股息,118,0,118,凱基-士林,2024-07-09,9238
5871,中租-KY,100,7,93,凱基-士林,2024-07-09,9238
9105,泰金寶-DR,140,50,90,凱基-士林,2024-07-09,9238
2480,敦陽科,70,0,70,凱基-士林,2024-07-09,9238
2353,宏��,83,18,65,凱基-士林,2024-07-09,9238
2367,燿華,98,34,64,凱基-士林,2024-07-09,9238
2323,中環,97,37,60,凱基-士林,2024-07-09,9238
2609,陽明,75,18,57,凱基-士林,2024-07-09,9238
6806,森崴能源,74,17,57,凱基-士林,2024-07-09,9238
2618,長榮航,67,13,54,凱基-士林,2024-07-09,9238
5521,工信,51,0,51,凱基-士林,2024-07-09,9238
2409,友達,50,1,49,凱基-士林,2024-07-09,9238
9925,新保,42,0,42,凱基-士林,2024-07-09,9238
2025,千興,40,0,40,凱基-士林,2024-07-09,9238
2617,台航,55,18,37,凱基-士林,2024-07-09,9238
3062,建漢,49,14,35,凱基-士林,2024-07-09,9238
00680L,元大美債20正2,38,6,32,凱基-士林,2024-07-09,9238
00934,中信成長高股息,35,4,31,凱基-士林,2024-07-09,9238
1515,力山,30,0,30,凱基-士林,2024-07-09,9238
9907,統一實,30,0,30,凱基-士林,2024-07-09,9238
2834,臺企銀,29,0,29,凱基-士林,2024-07-09,9238
2606,裕民,25,2,23,凱基-士林,2024-07-09,9238
2317,鴻海,38,15,23,凱基-士林,2024-07-09,9238
4157,太景*-KY,22,0,22,凱基-士林,2024-07-09,9238
6182,合晶,26,4,22,凱基-士林,2024-07-09,9238
2388,威盛,21,0,21,凱基-士林,2024-07-09,9238
00936,台新永續高息中小,21,0,21,凱基-士林,2024-07-09,9238
6546,正基,21,1,20,凱基-士林,2024-07-09,9238
2884,玉山金,20,0,20,凱基-士林,2024-07-09,9238
00693U,期街口S＆P黃豆,20,0,20,凱基-士林,2024-07-09,9238
1781,合世,20,0,20,凱基-士林,2024-07-09,9238
2103,台橡,20,0,20,凱基-士林,2024-07-09,9238
2349,錸德,28,8,20,凱基-士林,2024-07-09,9238
6573,虹揚-KY,20,0,20,凱基-士林,2024-07-09,9238
8916,光隆,20,0,20,凱基-士林,2024-07-09,9238
1785,光洋科,53,34,19,凱基-士林,2024-07-09,9238
3673,TPK-KY,22,3,19,凱基-士林,2024-07-09,9238
5608,四維航,19,0,19,凱基-士林,2024-07-09,9238
8358,金居,22,3,19,凱基-士林,2024-07-09,9238
3576,聯合再生,25,8,17,凱基-士林,2024-07-09,9238
3479,安勤,17,0,17,凱基-士林,2024-07-09,9238
3594,磐儀,21,4,17,凱基-士林,2024-07-09,9238
3047,訊舟,57,41,16,凱基-士林,2024-07-09,9238
2867,三商壽,22,6,16,凱基-士林,2024-07-09,9238
5309,系統電,60,45,15,凱基-士林,2024-07-09,9238
1229,聯華,15,0,15,凱基-士林,2024-07-09,9238
3481,群創,1464,993,471,凱基-士林,2024-07-10,9238
5871,中租-KY,101,0,101,凱基-士林,2024-07-10,9238
2617,台航,102,2,100,凱基-士林,2024-07-10,9238
2481,強茂,102,5,97,凱基-士林,2024-07-10,9238
4979,華星光,71,3,68,凱基-士林,2024-07-10,9238
00632R,元大台灣50反1,60,0,60,凱基-士林,2024-07-10,9238
6244,茂迪,155,97,58,凱基-士林,2024-07-10,9238
00934,中信成長高股息,89,34,55,凱基-士林,2024-07-10,9238
4420,光明,52,0,52,凱基-士林,2024-07-10,9238
6753,龍德造船,54,2,52,凱基-士林,2024-07-10,9238
2543,皇昌,52,3,49,凱基-士林,2024-07-10,9238
6290,良維,41,0,41,凱基-士林,2024-07-10,9238
1229,聯華,40,0,40,凱基-士林,2024-07-10,9238
1536,和大,52,17,35,凱基-士林,2024-07-10,9238
2845,遠東銀,34,0,34,凱基-士林,2024-07-10,9238
1201,味全,30,0,30,凱基-士林,2024-07-10,9238
2025,千興,50,20,30,凱基-士林,2024-07-10,9238
6188,廣明,29,2,27,凱基-士林,2024-07-10,9238
2392,正崴,39,15,24,凱基-士林,2024-07-10,9238
2317,鴻海,32,9,23,凱基-士林,2024-07-10,9238
9925,新保,21,0,21,凱基-士林,2024-07-10,9238
00676R,富邦臺灣加權反1,20,0,20,凱基-士林,2024-07-10,9238
3062,建漢,22,2,20,凱基-士林,2024-07-10,9238
5474,聰泰,20,0,20,凱基-士林,2024-07-10,9238
6185,幃翔,20,0,20,凱基-士林,2024-07-10,9238
9928,中視,20,0,20,凱基-士林,2024-07-10,9238
8104,錸寶,54,34,20,凱基-士林,2024-07-10,9238
00679B,元大美債20年,38,18,20,凱基-士林,2024-07-10,9238
1608,華榮,24,5,19,凱基-士林,2024-07-10,9238
1514,亞力,37,18,19,凱基-士林,2024-07-10,9238
3083,網龍,18,0,18,凱基-士林,2024-07-10,9238
00950B,凱基A級公司債,16,0,16,凱基-士林,2024-07-10,9238
4123,晟德,15,0,15,凱基-士林,2024-07-10,9238
2103,台橡,15,1,14,凱基-士林,2024-07-10,9238
3597,映興,14,0,14,凱基-士林,2024-07-10,9238
00929,復華台灣科技優息,30,17,13,凱基-士林,2024-07-10,9238
3037,欣興,15,2,13,凱基-士林,2024-07-10,9238
2405,輔信,73,61,12,凱基-士林,2024-07-10,9238
2313,華通,30,18,12,凱基-士林,2024-07-10,9238
5880,合庫金,12,0,12,凱基-士林,2024-07-10,9238
1303,南亞,12,0,12,凱基-士林,2024-07-10,9238
4904,遠傳,11,0,11,凱基-士林,2024-07-10,9238
00927,群益半導體收益,11,0,11,凱基-士林,2024-07-10,9238
1618,合機,14,3,11,凱基-士林,2024-07-10,9238
6546,正基,17,6,11,凱基-士林,2024-07-10,9238
0056,元大高股息,11,1,10,凱基-士林,2024-07-10,9238
6139,亞翔,10,0,10,凱基-士林,2024-07-10,9238
00693U,期街口S＆P黃豆,10,0,10,凱基-士林,2024-07-10,9238
00946,群益科技高息成長,10,0,10,凱基-士林,2024-07-10,9238
2892,第一金,10,0,10,凱基-士林,2024-07-10,9238
00632R,元大台灣50反1,1002,525,477,凱基-士林,2024-07-11,9238
00688L,國泰20年美債正2,262,0,262,凱基-士林,2024-07-11,9238
2888,新光金,193,24,169,凱基-士林,2024-07-11,9238
6244,茂迪,120,15,105,凱基-士林,2024-07-11,9238
2405,輔信,116,32,84,凱基-士林,2024-07-11,9238
2481,強茂,56,2,54,凱基-士林,2024-07-11,9238
00687B,國泰20年美債,41,1,40,凱基-士林,2024-07-11,9238
1447,力鵬,40,0,40,凱基-士林,2024-07-11,9238
2371,大同,44,5,39,凱基-士林,2024-07-11,9238
00676R,富邦臺灣加權反1,37,0,37,凱基-士林,2024-07-11,9238
9925,新保,35,0,35,凱基-士林,2024-07-11,9238
00945B,凱基美國非投等債,31,0,31,凱基-士林,2024-07-11,9238
2845,遠東銀,31,0,31,凱基-士林,2024-07-11,9238
6278,台表科,39,8,31,凱基-士林,2024-07-11,9238
6197,佳必琪,30,0,30,凱基-士林,2024-07-11,9238
4534,慶騰,29,1,28,凱基-士林,2024-07-11,9238
00679B,元大美債20年,28,0,28,凱基-士林,2024-07-11,9238
2317,鴻海,36,8,28,凱基-士林,2024-07-11,9238
2388,威盛,30,6,24,凱基-士林,2024-07-11,9238
2890,永豐金,24,0,24,凱基-士林,2024-07-11,9238
3058,立德,24,0,24,凱基-士林,2024-07-11,9238
3202,樺晟,24,0,24,凱基-士林,2024-07-11,9238
6179,亞通,24,1,23,凱基-士林,2024-07-11,9238
2886,兆豐金,22,0,22,凱基-士林,2024-07-11,9238
8358,金居,44,23,21,凱基-士林,2024-07-11,9238
00740B,富邦全球投等債,20,0,20,凱基-士林,2024-07-11,9238
00715L,期街口布蘭特正2,20,0,20,凱基-士林,2024-07-11,9238
2417,圓剛,20,0,20,凱基-士林,2024-07-11,9238
2464,盟立,20,0,20,凱基-士林,2024-07-11,9238
4420,光明,20,0,20,凱基-士林,2024-07-11,9238
5243,乙盛-KY,20,1,19,凱基-士林,2024-07-11,9238
9945,潤泰新,40,21,19,凱基-士林,2024-07-11,9238
1504,東元,18,0,18,凱基-士林,2024-07-11,9238
3094,聯傑,20,3,17,凱基-士林,2024-07-11,9238
2906,高林,17,1,16,凱基-士林,2024-07-11,9238
6189,豐藝,16,0,16,凱基-士林,2024-07-11,9238
2243,宏旭-KY,20,5,15,凱基-士林,2024-07-11,9238
3024,憶聲,15,0,15,凱基-士林,2024-07-11,9238
2427,三商電,14,0,14,凱基-士林,2024-07-11,9238
3363,上詮,18,4,14,凱基-士林,2024-07-11,9238
1785,光洋科,33,20,13,凱基-士林,2024-07-11,9238
2025,千興,30,17,13,凱基-士林,2024-07-11,9238
3062,建漢,53,40,13,凱基-士林,2024-07-11,9238
4549,桓達,25,13,12,凱基-士林,2024-07-11,9238
3450,聯鈞,26,14,12,凱基-士林,2024-07-11,9238
2363,矽統,47,36,11,凱基-士林,2024-07-11,9238
2329,華泰,14,3,11,凱基-士林,2024-07-11,9238
2020,美亞,11,0,11,凱基-士林,2024-07-11,9238
00934,中信成長高股息,44,33,11,凱基-士林,2024-07-11,9238
00681R,元大美債20反1,10,0,10,凱基-士林,2024-07-11,9238
00929,復華台灣科技優息,235,1,234,凱基-士林,2024-07-12,9238
00939,統一台灣高息動能,203,0,203,凱基-士林,2024-07-12,9238
00934,中信成長高股息,191,18,173,凱基-士林,2024-07-12,9238
1304,台聚,81,1,80,凱基-士林,2024-07-12,9238
2371,大同,65,0,65,凱基-士林,2024-07-12,9238
00687B,國泰20年美債,71,8,63,凱基-士林,2024-07-12,9238
1710,東聯,60,0,60,凱基-士林,2024-07-12,9238
00679B,元大美債20年,59,1,58,凱基-士林,2024-07-12,9238
00919,群益台灣精選高息,99,46,53,凱基-士林,2024-07-12,9238
2601,益航,50,0,50,凱基-士林,2024-07-12,9238
1312,國喬,50,1,49,凱基-士林,2024-07-12,9238
1308,亞聚,50,1,49,凱基-士林,2024-07-12,9238
9925,新保,42,0,42,凱基-士林,2024-07-12,9238
2303,聯電,45,5,40,凱基-士林,2024-07-12,9238
2317,鴻海,56,18,38,凱基-士林,2024-07-12,9238
2867,三商壽,74,36,38,凱基-士林,2024-07-12,9238
1529,樂事綠能,41,6,35,凱基-士林,2024-07-12,9238
2880,華南金,33,0,33,凱基-士林,2024-07-12,9238
2405,輔信,31,1,30,凱基-士林,2024-07-12,9238
6015,宏遠證,30,0,30,凱基-士林,2024-07-12,9238
00637L,元大滬深300正2,30,1,29,凱基-士林,2024-07-12,9238
2888,新光金,49,20,29,凱基-士林,2024-07-12,9238
2543,皇昌,27,0,27,凱基-士林,2024-07-12,9238
2313,華通,32,5,27,凱基-士林,2024-07-12,9238
3363,上詮,28,2,26,凱基-士林,2024-07-12,9238
6806,森崴能源,33,8,25,凱基-士林,2024-07-12,9238
4566,時碩工業,45,21,24,凱基-士林,2024-07-12,9238
6116,彩晶,42,19,23,凱基-士林,2024-07-12,9238
00905,FT臺灣Smart,20,0,20,凱基-士林,2024-07-12,9238
2388,威盛,20,0,20,凱基-士林,2024-07-12,9238
1785,光洋科,22,3,19,凱基-士林,2024-07-12,9238
6770,力積電,20,1,19,凱基-士林,2024-07-12,9238
00881,國泰台灣5G+,19,0,19,凱基-士林,2024-07-12,9238
2408,南亞科,20,1,19,凱基-士林,2024-07-12,9238
6244,茂迪,27,9,18,凱基-士林,2024-07-12,9238
1513,中興電,34,16,18,凱基-士林,2024-07-12,9238
2330,台積電,30,14,16,凱基-士林,2024-07-12,9238
6179,亞通,20,4,16,凱基-士林,2024-07-12,9238
3147,大綜,15,0,15,凱基-士林,2024-07-12,9238
3265,台星科,15,0,15,凱基-士林,2024-07-12,9238
3024,憶聲,14,0,14,凱基-士林,2024-07-12,9238
6282,康舒,18,4,14,凱基-士林,2024-07-12,9238
00927,群益半導體收益,15,2,13,凱基-士林,2024-07-12,9238
1815,富喬,12,0,12,凱基-士林,2024-07-12,9238
1316,上曜,20,8,12,凱基-士林,2024-07-12,9238
2883,凱基金,20,8,12,凱基-士林,2024-07-12,9238
3047,訊舟,17,5,12,凱基-士林,2024-07-12,9238
3163,波若威,13,2,11,凱基-士林,2024-07-12,9238
2889,國票金,12,1,11,凱基-士林,2024-07-12,9238
3630,新鉅科,12,1,11,凱基-士林,2024-07-12,9238
2891,中信金,535,17,518,凱基-士林,2024-07-15,9238
2542,興富發,428,115,313,凱基-士林,2024-07-15,9238
00664R,國泰臺灣加權反1,203,0,203,凱基-士林,2024-07-15,9238
1446,宏和,140,2,138,凱基-士林,2024-07-15,9238
00937B,群益ESG投等債20,122,0,122,凱基-士林,2024-07-15,9238
00929,復華台灣科技優息,121,6,115,凱基-士林,2024-07-15,9238
00688L,國泰20年美債正2,101,0,101,凱基-士林,2024-07-15,9238
1532,勤美,100,1,99,凱基-士林,2024-07-15,9238
1727,中華化,97,10,87,凱基-士林,2024-07-15,9238
00725B,國泰投資級公司債,83,6,77,凱基-士林,2024-07-15,9238
2313,華通,61,4,57,凱基-士林,2024-07-15,9238
2353,宏��,71,16,55,凱基-士林,2024-07-15,9238
2883,凱基金,62,8,54,凱基-士林,2024-07-15,9238
2344,華邦電,52,0,52,凱基-士林,2024-07-15,9238
3481,群創,1766,1715,51,凱基-士林,2024-07-15,9238
00934,中信成長高股息,50,0,50,凱基-士林,2024-07-15,9238
1720,生達,50,0,50,凱基-士林,2024-07-15,9238
6244,茂迪,55,5,50,凱基-士林,2024-07-15,9238
2312,金寶,76,28,48,凱基-士林,2024-07-15,9238
2382,廣達,52,5,47,凱基-士林,2024-07-15,9238
1409,新纖,45,0,45,凱基-士林,2024-07-15,9238
1303,南亞,42,1,41,凱基-士林,2024-07-15,9238
2480,敦陽科,40,0,40,凱基-士林,2024-07-15,9238
3147,大綜,65,25,40,凱基-士林,2024-07-15,9238
00919,群益台灣精選高息,36,3,33,凱基-士林,2024-07-15,9238
3062,建漢,31,1,30,凱基-士林,2024-07-15,9238
5309,系統電,36,6,30,凱基-士林,2024-07-15,9238
1608,華榮,41,12,29,凱基-士林,2024-07-15,9238
2617,台航,30,2,28,凱基-士林,2024-07-15,9238
3312,弘憶股,37,12,25,凱基-士林,2024-07-15,9238
0056,元大高股息,27,5,22,凱基-士林,2024-07-15,9238
6770,力積電,21,0,21,凱基-士林,2024-07-15,9238
6692,進能服,20,2,18,凱基-士林,2024-07-15,9238
1536,和大,21,3,18,凱基-士林,2024-07-15,9238
2885,元大金,21,4,17,凱基-士林,2024-07-15,9238
6005,群益證,18,2,16,凱基-士林,2024-07-15,9238
1229,聯華,15,0,15,凱基-士林,2024-07-15,9238
2332,友訊,55,40,15,凱基-士林,2024-07-15,9238
00878,國泰永續高股息,18,4,14,凱基-士林,2024-07-15,9238
3607,谷崧,31,18,13,凱基-士林,2024-07-15,9238
3019,亞光,21,8,13,凱基-士林,2024-07-15,9238
1597,直得,22,10,12,凱基-士林,2024-07-15,9238
3545,敦泰,12,0,12,凱基-士林,2024-07-15,9238
6125,廣運,13,1,12,凱基-士林,2024-07-15,9238
1513,中興電,29,18,11,凱基-士林,2024-07-15,9238
8085,福華,17,6,11,凱基-士林,2024-07-15,9238
3535,晶彩科,38,27,11,凱基-士林,2024-07-15,9238
2610,華航,30,20,10,凱基-士林,2024-07-15,9238
00632R,元大台灣50反1,30,20,10,凱基-士林,2024-07-15,9238
00935,野村臺灣新科技50,11,1,10,凱基-士林,2024-07-15,9238
3481,群創,614,15,599,凱基-士林,2024-07-16,9238
00664R,國泰臺灣加權反1,400,0,400,凱基-士林,2024-07-16,9238
6244,茂迪,110,22,88,凱基-士林,2024-07-16,9238
00929,復華台灣科技優息,87,5,82,凱基-士林,2024-07-16,9238
00937B,群益ESG投等債20,81,0,81,凱基-士林,2024-07-16,9238
3062,建漢,65,0,65,凱基-士林,2024-07-16,9238
00934,中信成長高股息,62,0,62,凱基-士林,2024-07-16,9238
3522,御嵿,60,0,60,凱基-士林,2024-07-16,9238
2485,兆赫,63,4,59,凱基-士林,2024-07-16,9238
00688L,國泰20年美債正2,50,0,50,凱基-士林,2024-07-16,9238
1303,南亞,50,0,50,凱基-士林,2024-07-16,9238
1446,宏和,55,5,50,凱基-士林,2024-07-16,9238
4167,松瑞藥,50,0,50,凱基-士林,2024-07-16,9238
1409,新纖,50,1,49,凱基-士林,2024-07-16,9238
8473,山林水,82,35,47,凱基-士林,2024-07-16,9238
00679B,元大美債20年,45,1,44,凱基-士林,2024-07-16,9238
00878,國泰永續高股息,48,5,43,凱基-士林,2024-07-16,9238
2543,皇昌,48,11,37,凱基-士林,2024-07-16,9238
2313,華通,47,12,35,凱基-士林,2024-07-16,9238
2317,鴻海,43,9,34,凱基-士林,2024-07-16,9238
00905,FT臺灣Smart,31,0,31,凱基-士林,2024-07-16,9238
3083,網龍,31,0,31,凱基-士林,2024-07-16,9238
3607,谷崧,31,1,30,凱基-士林,2024-07-16,9238
2883,凱基金,38,10,28,凱基-士林,2024-07-16,9238
00918,大華優利高填息30,27,0,27,凱基-士林,2024-07-16,9238
6598,ABC-KY,25,0,25,凱基-士林,2024-07-16,9238
9105,泰金寶-DR,25,0,25,凱基-士林,2024-07-16,9238
6179,亞通,24,0,24,凱基-士林,2024-07-16,9238
4420,光明,23,0,23,凱基-士林,2024-07-16,9238
2367,燿華,24,2,22,凱基-士林,2024-07-16,9238
2610,華航,25,4,21,凱基-士林,2024-07-16,9238
1316,上曜,21,0,21,凱基-士林,2024-07-16,9238
2356,英業達,40,19,21,凱基-士林,2024-07-16,9238
3372,典範,20,0,20,凱基-士林,2024-07-16,9238
00650L,復華香港正2,20,0,20,凱基-士林,2024-07-16,9238
1802,台玻,20,0,20,凱基-士林,2024-07-16,9238
3028,增你強,20,0,20,凱基-士林,2024-07-16,9238
3419,譁裕,29,9,20,凱基-士林,2024-07-16,9238
1213,大飲,19,0,19,凱基-士林,2024-07-16,9238
6139,亞翔,30,11,19,凱基-士林,2024-07-16,9238
2382,廣達,31,13,18,凱基-士林,2024-07-16,9238
1776,展宇,18,0,18,凱基-士林,2024-07-16,9238
1532,勤美,17,0,17,凱基-士林,2024-07-16,9238
0056,元大高股息,17,0,17,凱基-士林,2024-07-16,9238
6811,宏�硌穈T,17,1,16,凱基-士林,2024-07-16,9238
2891,中信金,18,2,16,凱基-士林,2024-07-16,9238
6187,萬潤,15,0,15,凱基-士林,2024-07-16,9238
00725B,國泰投資級公司債,15,0,15,凱基-士林,2024-07-16,9238
2405,輔信,16,1,15,凱基-士林,2024-07-16,9238
8085,福華,17,2,15,凱基-士林,2024-07-16,9238
00929,復華台灣科技優息,792,170,622,凱基-士林,2024-07-17,9238
2382,廣達,365,101,264,凱基-士林,2024-07-17,9238
3522,御嵿,203,0,203,凱基-士林,2024-07-17,9238
2371,大同,108,1,107,凱基-士林,2024-07-17,9238
2332,友訊,100,0,100,凱基-士林,2024-07-17,9238
9105,泰金寶-DR,126,35,91,凱基-士林,2024-07-17,9238
00679B,元大美債20年,90,18,72,凱基-士林,2024-07-17,9238
3221,台嘉碩,69,0,69,凱基-士林,2024-07-17,9238
4543,萬在,68,0,68,凱基-士林,2024-07-17,9238
00937B,群益ESG投等債20,62,1,61,凱基-士林,2024-07-17,9238
00934,中信成長高股息,62,7,55,凱基-士林,2024-07-17,9238
1447,力鵬,60,5,55,凱基-士林,2024-07-17,9238
6443,元晶,53,0,53,凱基-士林,2024-07-17,9238
00878,國泰永續高股息,53,2,51,凱基-士林,2024-07-17,9238
00882,中信中國高股息,47,0,47,凱基-士林,2024-07-17,9238
4906,正文,46,3,43,凱基-士林,2024-07-17,9238
5880,合庫金,42,0,42,凱基-士林,2024-07-17,9238
2887,台新金,45,8,37,凱基-士林,2024-07-17,9238
1605,華新,50,16,34,凱基-士林,2024-07-17,9238
00931B,統一美債20年,34,1,33,凱基-士林,2024-07-17,9238
2542,興富發,109,77,32,凱基-士林,2024-07-17,9238
5471,松翰,30,0,30,凱基-士林,2024-07-17,9238
9925,新保,30,0,30,凱基-士林,2024-07-17,9238
1102,亞泥,30,2,28,凱基-士林,2024-07-17,9238
00919,群益台灣精選高息,29,1,28,凱基-士林,2024-07-17,9238
3689,湧德,30,2,28,凱基-士林,2024-07-17,9238
2330,台積電,27,0,27,凱基-士林,2024-07-17,9238
1213,大飲,26,0,26,凱基-士林,2024-07-17,9238
2317,鴻海,38,12,26,凱基-士林,2024-07-17,9238
00950B,凱基A級公司債,25,0,25,凱基-士林,2024-07-17,9238
2489,瑞軒,29,4,25,凱基-士林,2024-07-17,9238
00720B,元大投資級公司債,25,0,25,凱基-士林,2024-07-17,9238
9958,世紀鋼,32,8,24,凱基-士林,2024-07-17,9238
2609,陽明,39,15,24,凱基-士林,2024-07-17,9238
6770,力積電,23,1,22,凱基-士林,2024-07-17,9238
5324,士開,22,0,22,凱基-士林,2024-07-17,9238
00680L,元大美債20正2,21,0,21,凱基-士林,2024-07-17,9238
2406,國碩,27,6,21,凱基-士林,2024-07-17,9238
8085,福華,22,1,21,凱基-士林,2024-07-17,9238
00852L,國泰美國道瓊正2,20,0,20,凱基-士林,2024-07-17,9238
1815,富喬,23,3,20,凱基-士林,2024-07-17,9238
6179,亞通,20,0,20,凱基-士林,2024-07-17,9238
2891,中信金,21,2,19,凱基-士林,2024-07-17,9238
2610,華航,22,3,19,凱基-士林,2024-07-17,9238
2617,台航,21,3,18,凱基-士林,2024-07-17,9238
6451,訊芯-KY,29,11,18,凱基-士林,2024-07-17,9238
0056,元大高股息,17,0,17,凱基-士林,2024-07-17,9238
8011,台通,35,18,17,凱基-士林,2024-07-17,9238
00687B,國泰20年美債,27,10,17,凱基-士林,2024-07-17,9238
2495,普安,16,0,16,凱基-士林,2024-07-17,9238
2382,廣達,638,4,634,凱基-士林,2024-07-18,9238
4958,臻鼎-KY,346,2,344,凱基-士林,2024-07-18,9238
3024,憶聲,234,5,229,凱基-士林,2024-07-18,9238
1584,精剛,216,3,213,凱基-士林,2024-07-18,9238
00934,中信成長高股息,69,0,69,凱基-士林,2024-07-18,9238
6692,進能服,63,2,61,凱基-士林,2024-07-18,9238
2317,鴻海,80,25,55,凱基-士林,2024-07-18,9238
8383,千附,52,0,52,凱基-士林,2024-07-18,9238
2501,國建,52,2,50,凱基-士林,2024-07-18,9238
2313,華通,54,5,49,凱基-士林,2024-07-18,9238
2486,一詮,54,5,49,凱基-士林,2024-07-18,9238
5324,士開,48,0,48,凱基-士林,2024-07-18,9238
6244,茂迪,62,16,46,凱基-士林,2024-07-18,9238
1717,長興,42,0,42,凱基-士林,2024-07-18,9238
2356,英業達,42,3,39,凱基-士林,2024-07-18,9238
00929,復華台灣科技優息,130,93,37,凱基-士林,2024-07-18,9238
3481,群創,1095,1059,36,凱基-士林,2024-07-18,9238
1513,中興電,34,2,32,凱基-士林,2024-07-18,9238
4167,松瑞藥,30,1,29,凱基-士林,2024-07-18,9238
6179,亞通,28,0,28,凱基-士林,2024-07-18,9238
1303,南亞,26,0,26,凱基-士林,2024-07-18,9238
6770,力積電,26,0,26,凱基-士林,2024-07-18,9238
2330,台積電,49,25,24,凱基-士林,2024-07-18,9238
2489,瑞軒,33,9,24,凱基-士林,2024-07-18,9238
2344,華邦電,28,4,24,凱基-士林,2024-07-18,9238
1213,大飲,24,0,24,凱基-士林,2024-07-18,9238
2360,致茂,23,0,23,凱基-士林,2024-07-18,9238
00919,群益台灣精選高息,63,40,23,凱基-士林,2024-07-18,9238
1776,展宇,22,0,22,凱基-士林,2024-07-18,9238
3230,錦明,23,1,22,凱基-士林,2024-07-18,9238
6241,易通展,22,0,22,凱基-士林,2024-07-18,9238
1709,和益,30,9,21,凱基-士林,2024-07-18,9238
2353,宏��,38,17,21,凱基-士林,2024-07-18,9238
00852L,國泰美國道瓊正2,20,0,20,凱基-士林,2024-07-18,9238
1597,直得,21,1,20,凱基-士林,2024-07-18,9238
4543,萬在,20,0,20,凱基-士林,2024-07-18,9238
00878,國泰永續高股息,33,13,20,凱基-士林,2024-07-18,9238
2449,京元電子,21,2,19,凱基-士林,2024-07-18,9238
4420,光明,17,0,17,凱基-士林,2024-07-18,9238
3037,欣興,24,7,17,凱基-士林,2024-07-18,9238
1815,富喬,65,49,16,凱基-士林,2024-07-18,9238
00670L,富邦NASDAQ正2,16,0,16,凱基-士林,2024-07-18,9238
1402,遠東新,16,0,16,凱基-士林,2024-07-18,9238
1611,中電,17,1,16,凱基-士林,2024-07-18,9238
3707,漢磊,16,0,16,凱基-士林,2024-07-18,9238
00881,國泰台灣5G+,16,0,16,凱基-士林,2024-07-18,9238
2610,華航,16,0,16,凱基-士林,2024-07-18,9238
00891,中信關鍵半導體,15,0,15,凱基-士林,2024-07-18,9238
2816,旺旺保,15,0,15,凱基-士林,2024-07-18,9238
3056,富華新,15,0,15,凱基-士林,2024-07-18,9238
00919,群益台灣精選高息,386,27,359,凱基-士林,2024-07-19,9238
3481,群創,561,261,300,凱基-士林,2024-07-19,9238
00680L,元大美債20正2,237,63,174,凱基-士林,2024-07-19,9238
2485,兆赫,160,0,160,凱基-士林,2024-07-19,9238
00929,復華台灣科技優息,246,94,152,凱基-士林,2024-07-19,9238
1717,長興,130,2,128,凱基-士林,2024-07-19,9238
2330,台積電,108,9,99,凱基-士林,2024-07-19,9238
9925,新保,95,0,95,凱基-士林,2024-07-19,9238
2344,華邦電,90,0,90,凱基-士林,2024-07-19,9238
2313,華通,85,3,82,凱基-士林,2024-07-19,9238
2892,第一金,57,3,54,凱基-士林,2024-07-19,9238
00650L,復華香港正2,46,0,46,凱基-士林,2024-07-19,9238
2409,友達,50,10,40,凱基-士林,2024-07-19,9238
2356,英業達,52,12,40,凱基-士林,2024-07-19,9238
3707,漢磊,40,0,40,凱基-士林,2024-07-19,9238
1802,台玻,39,0,39,凱基-士林,2024-07-19,9238
6182,合晶,37,0,37,凱基-士林,2024-07-19,9238
00878,國泰永續高股息,55,19,36,凱基-士林,2024-07-19,9238
2890,永豐金,33,0,33,凱基-士林,2024-07-19,9238
00881,國泰台灣5G+,37,5,32,凱基-士林,2024-07-19,9238
1314,中石化,42,10,32,凱基-士林,2024-07-19,9238
8936,國統,47,15,32,凱基-士林,2024-07-19,9238
2332,友訊,31,0,31,凱基-士林,2024-07-19,9238
6770,力積電,29,0,29,凱基-士林,2024-07-19,9238
00934,中信成長高股息,33,5,28,凱基-士林,2024-07-19,9238
6219,富旺,26,0,26,凱基-士林,2024-07-19,9238
1709,和益,58,33,25,凱基-士林,2024-07-19,9238
0056,元大高股息,25,1,24,凱基-士林,2024-07-19,9238
3016,嘉晶,24,0,24,凱基-士林,2024-07-19,9238
2353,宏��,43,19,24,凱基-士林,2024-07-19,9238
3147,大綜,35,12,23,凱基-士林,2024-07-19,9238
6535,順藥,23,1,22,凱基-士林,2024-07-19,9238
2812,台中銀,21,0,21,凱基-士林,2024-07-19,9238
3058,立德,21,0,21,凱基-士林,2024-07-19,9238
4123,晟德,31,10,21,凱基-士林,2024-07-19,9238
2014,中鴻,20,0,20,凱基-士林,2024-07-19,9238
2867,三商壽,36,16,20,凱基-士林,2024-07-19,9238
1447,力鵬,30,10,20,凱基-士林,2024-07-19,9238
2461,光群雷,20,0,20,凱基-士林,2024-07-19,9238
2515,中工,25,5,20,凱基-士林,2024-07-19,9238
3597,映興,20,0,20,凱基-士林,2024-07-19,9238
4720,德淵,20,0,20,凱基-士林,2024-07-19,9238
9907,統一實,20,0,20,凱基-士林,2024-07-19,9238
2408,南亞科,19,0,19,凱基-士林,2024-07-19,9238
6125,廣運,23,4,19,凱基-士林,2024-07-19,9238
2891,中信金,33,15,18,凱基-士林,2024-07-19,9238
1712,興農,18,0,18,凱基-士林,2024-07-19,9238
3673,TPK-KY,29,11,18,凱基-士林,2024-07-19,9238
8383,千附,18,0,18,凱基-士林,2024-07-19,9238
6116,彩晶,18,0,18,凱基-士林,2024-07-19,9238
2542,興富發,738,59,679,凱基-士林,2024-07-22,9238
3481,群創,314,26,288,凱基-士林,2024-07-22,9238
00919,群益台灣精選高息,287,17,270,凱基-士林,2024-07-22,9238
2382,廣達,215,5,210,凱基-士林,2024-07-22,9238
2356,英業達,171,11,160,凱基-士林,2024-07-22,9238
6244,茂迪,157,12,145,凱基-士林,2024-07-22,9238
00934,中信成長高股息,156,20,136,凱基-士林,2024-07-22,9238
2480,敦陽科,125,0,125,凱基-士林,2024-07-22,9238
2344,華邦電,100,5,95,凱基-士林,2024-07-22,9238
00878,國泰永續高股息,85,18,67,凱基-士林,2024-07-22,9238
9105,泰金寶-DR,78,14,64,凱基-士林,2024-07-22,9238
2303,聯電,74,12,62,凱基-士林,2024-07-22,9238
00937B,群益ESG投等債20,62,2,60,凱基-士林,2024-07-22,9238
00688L,國泰20年美債正2,50,0,50,凱基-士林,2024-07-22,9238
2515,中工,47,6,41,凱基-士林,2024-07-22,9238
9925,新保,40,0,40,凱基-士林,2024-07-22,9238
00946,群益科技高息成長,60,21,39,凱基-士林,2024-07-22,9238
2313,華通,37,0,37,凱基-士林,2024-07-22,9238
6692,進能服,35,1,34,凱基-士林,2024-07-22,9238
00940,元大台灣價值高息,48,16,32,凱基-士林,2024-07-22,9238
6125,廣運,31,1,30,凱基-士林,2024-07-22,9238
00857B,永豐20年美公債,30,0,30,凱基-士林,2024-07-22,9238
0056,元大高股息,35,6,29,凱基-士林,2024-07-22,9238
2002,中鋼,30,1,29,凱基-士林,2024-07-22,9238
00665L,富邦�琤肭磪囓�2,689,660,29,凱基-士林,2024-07-22,9238
2317,鴻海,69,41,28,凱基-士林,2024-07-22,9238
2330,台積電,44,18,26,凱基-士林,2024-07-22,9238
5880,合庫金,25,0,25,凱基-士林,2024-07-22,9238
00881,國泰台灣5G+,24,0,24,凱基-士林,2024-07-22,9238
1802,台玻,21,0,21,凱基-士林,2024-07-22,9238
2408,南亞科,21,1,20,凱基-士林,2024-07-22,9238
2103,台橡,20,0,20,凱基-士林,2024-07-22,9238
2371,大同,25,5,20,凱基-士林,2024-07-22,9238
00918,大華優利高填息30,19,0,19,凱基-士林,2024-07-22,9238
6116,彩晶,19,0,19,凱基-士林,2024-07-22,9238
00891,中信關鍵半導體,18,0,18,凱基-士林,2024-07-22,9238
1528,恩德,18,0,18,凱基-士林,2024-07-22,9238
00713,元大台灣高息低波,17,0,17,凱基-士林,2024-07-22,9238
8105,凌巨,17,0,17,凱基-士林,2024-07-22,9238
4420,光明,15,0,15,凱基-士林,2024-07-22,9238
4927,泰鼎-KY,21,6,15,凱基-士林,2024-07-22,9238
6179,亞通,26,11,15,凱基-士林,2024-07-22,9238
6829,千附精密,15,0,15,凱基-士林,2024-07-22,9238
2027,大成鋼,49,35,14,凱基-士林,2024-07-22,9238
2634,漢翔,14,1,13,凱基-士林,2024-07-22,9238
3705,永信,13,0,13,凱基-士林,2024-07-22,9238
6182,合晶,13,0,13,凱基-士林,2024-07-22,9238
9938,百和,13,0,13,凱基-士林,2024-07-22,9238
4906,正文,17,5,12,凱基-士林,2024-07-22,9238
1609,大亞,12,0,12,凱基-士林,2024-07-22,9238
00676R,富邦臺灣加權反1,500,0,500,凱基-士林,2024-07-23,9238
3481,群創,811,336,475,凱基-士林,2024-07-23,9238
5519,隆大,119,0,119,凱基-士林,2024-07-23,9238
6177,達麗,96,3,93,凱基-士林,2024-07-23,9238
00919,群益台灣精選高息,61,4,57,凱基-士林,2024-07-23,9238
00929,復華台灣科技優息,94,39,55,凱基-士林,2024-07-23,9238
00679B,元大美債20年,42,0,42,凱基-士林,2024-07-23,9238
3522,御嵿,42,0,42,凱基-士林,2024-07-23,9238
8104,錸寶,50,10,40,凱基-士林,2024-07-23,9238
6443,元晶,39,0,39,凱基-士林,2024-07-23,9238
00927,群益半導體收益,35,0,35,凱基-士林,2024-07-23,9238
1709,和益,33,2,31,凱基-士林,2024-07-23,9238
3189,景碩,57,27,30,凱基-士林,2024-07-23,9238
006208,富邦台50,33,4,29,凱基-士林,2024-07-23,9238
00918,大華優利高填息30,26,0,26,凱基-士林,2024-07-23,9238
6244,茂迪,35,10,25,凱基-士林,2024-07-23,9238
00680L,元大美債20正2,23,0,23,凱基-士林,2024-07-23,9238
00937B,群益ESG投等債20,20,0,20,凱基-士林,2024-07-23,9238
3052,夆典,20,0,20,凱基-士林,2024-07-23,9238
2409,友達,17,0,17,凱基-士林,2024-07-23,9238
2890,永豐金,20,3,17,凱基-士林,2024-07-23,9238
2915,潤泰全,22,6,16,凱基-士林,2024-07-23,9238
2408,南亞科,15,0,15,凱基-士林,2024-07-23,9238
1447,力鵬,25,10,15,凱基-士林,2024-07-23,9238
3580,友威科,26,11,15,凱基-士林,2024-07-23,9238
6116,彩晶,15,0,15,凱基-士林,2024-07-23,9238
1101,台泥,19,4,15,凱基-士林,2024-07-23,9238
2891,中信金,16,2,14,凱基-士林,2024-07-23,9238
5512,力麒,24,10,14,凱基-士林,2024-07-23,9238
1720,生達,14,1,13,凱基-士林,2024-07-23,9238
3227,原相,13,0,13,凱基-士林,2024-07-23,9238
00945B,凱基美國非投等債,15,3,12,凱基-士林,2024-07-23,9238
9938,百和,14,2,12,凱基-士林,2024-07-23,9238
6869,雲豹能源,14,3,11,凱基-士林,2024-07-23,9238
00940,元大台灣價值高息,26,15,11,凱基-士林,2024-07-23,9238
4956,光鋐,11,0,11,凱基-士林,2024-07-23,9238
00715L,期街口布蘭特正2,10,0,10,凱基-士林,2024-07-23,9238
00946,群益科技高息成長,17,7,10,凱基-士林,2024-07-23,9238
1708,東鹼,10,0,10,凱基-士林,2024-07-23,9238
2520,冠德,33,23,10,凱基-士林,2024-07-23,9238
2855,統一證,10,0,10,凱基-士林,2024-07-23,9238
4714,永捷,10,0,10,凱基-士林,2024-07-23,9238
2002,中鋼,10,0,10,凱基-士林,2024-07-23,9238
2317,鴻海,44,35,9,凱基-士林,2024-07-23,9238
2449,京元電子,16,6,10,凱基-士林,2024-07-23,9238
4903,聯光通,12,3,9,凱基-士林,2024-07-23,9238
0056,元大高股息,11,3,8,凱基-士林,2024-07-23,9238
3666,光耀,8,0,8,凱基-士林,2024-07-23,9238
6196,帆宣,8,0,8,凱基-士林,2024-07-23,9238
8349,�矬�,8,1,7,凱基-士林,2024-07-23,9238
2356,英業達,250,5,245,凱基-士林,2024-07-26,9238
1305,華夏,163,2,161,凱基-士林,2024-07-26,9238
2344,華邦電,113,0,113,凱基-士林,2024-07-26,9238
00937B,群益ESG投等債20,168,70,98,凱基-士林,2024-07-26,9238
2543,皇昌,70,0,70,凱基-士林,2024-07-26,9238
00679B,元大美債20年,57,2,55,凱基-士林,2024-07-26,9238
00951,台新日本半導體,52,0,52,凱基-士林,2024-07-26,9238
00940,元大台灣價值高息,49,1,48,凱基-士林,2024-07-26,9238
00878,國泰永續高股息,48,3,45,凱基-士林,2024-07-26,9238
2330,台積電,55,12,43,凱基-士林,2024-07-26,9238
2399,映泰,40,0,40,凱基-士林,2024-07-26,9238
2884,玉山金,38,0,38,凱基-士林,2024-07-26,9238
00680L,元大美債20正2,36,0,36,凱基-士林,2024-07-26,9238
3711,日月光投控,32,1,31,凱基-士林,2024-07-26,9238
2317,鴻海,55,25,30,凱基-士林,2024-07-26,9238
3062,建漢,36,6,30,凱基-士林,2024-07-26,9238
2305,全友,27,0,27,凱基-士林,2024-07-26,9238
2355,敬鵬,25,0,25,凱基-士林,2024-07-26,9238
2485,兆赫,25,2,23,凱基-士林,2024-07-26,9238
2891,中信金,24,1,23,凱基-士林,2024-07-26,9238
2349,錸德,226,204,22,凱基-士林,2024-07-26,9238
00918,大華優利高填息30,21,0,21,凱基-士林,2024-07-26,9238
6005,群益證,21,0,21,凱基-士林,2024-07-26,9238
3380,明泰,21,0,21,凱基-士林,2024-07-26,9238
00946,群益科技高息成長,18,0,18,凱基-士林,2024-07-26,9238
00949,復華日本龍頭,18,0,18,凱基-士林,2024-07-26,9238
2520,冠德,37,19,18,凱基-士林,2024-07-26,9238
00881,國泰台灣5G+,18,0,18,凱基-士林,2024-07-26,9238
00713,元大台灣高息低波,17,0,17,凱基-士林,2024-07-26,9238
00661,元大日經225,17,0,17,凱基-士林,2024-07-26,9238
6835,圓裕,15,0,15,凱基-士林,2024-07-26,9238
00941,中信上游半導體,14,0,14,凱基-士林,2024-07-26,9238
2461,光群雷,13,0,13,凱基-士林,2024-07-26,9238
00753L,中信中國50正2,13,0,13,凱基-士林,2024-07-26,9238
8926,台汽電,18,6,12,凱基-士林,2024-07-26,9238
3580,友威科,16,5,11,凱基-士林,2024-07-26,9238
3607,谷崧,11,0,11,凱基-士林,2024-07-26,9238
00934,中信成長高股息,15,4,11,凱基-士林,2024-07-26,9238
00933B,國泰10Y+金融債,12,1,11,凱基-士林,2024-07-26,9238
00725B,國泰投資級公司債,10,0,10,凱基-士林,2024-07-26,9238
8374,羅昇,10,0,10,凱基-士林,2024-07-26,9238
00892,富邦台灣半導體,10,0,10,凱基-士林,2024-07-26,9238
00923,群益台ESG低碳50,10,0,10,凱基-士林,2024-07-26,9238
00950B,凱基A級公司債,10,0,10,凱基-士林,2024-07-26,9238
1220,台榮,10,0,10,凱基-士林,2024-07-26,9238
1597,直得,10,0,10,凱基-士林,2024-07-26,9238
1608,華榮,11,1,10,凱基-士林,2024-07-26,9238
1611,中電,10,0,10,凱基-士林,2024-07-26,9238
1789,神隆,10,0,10,凱基-士林,2024-07-26,9238
2414,精技,10,0,10,凱基-士林,2024-07-26,9238
00632R,元大台灣50反1,170,5,165,凱基-士林,2024-07-29,9238
00929,復華台灣科技優息,178,114,64,凱基-士林,2024-07-29,9238
8936,國統,65,5,60,凱基-士林,2024-07-29,9238
8104,錸寶,53,3,50,凱基-士林,2024-07-29,9238
9907,統一實,50,0,50,凱基-士林,2024-07-29,9238
00878,國泰永續高股息,84,36,48,凱基-士林,2024-07-29,9238
2881,富邦金,51,11,40,凱基-士林,2024-07-29,9238
2617,台航,40,0,40,凱基-士林,2024-07-29,9238
0056,元大高股息,38,3,35,凱基-士林,2024-07-29,9238
3147,大綜,31,1,30,凱基-士林,2024-07-29,9238
2356,英業達,78,50,28,凱基-士林,2024-07-29,9238
3597,映興,26,0,26,凱基-士林,2024-07-29,9238
1528,恩德,24,0,24,凱基-士林,2024-07-29,9238
6282,康舒,24,1,23,凱基-士林,2024-07-29,9238
9958,世紀鋼,27,6,21,凱基-士林,2024-07-29,9238
00937B,群益ESG投等債20,20,0,20,凱基-士林,2024-07-29,9238
1314,中石化,50,30,20,凱基-士林,2024-07-29,9238
1532,勤美,20,0,20,凱基-士林,2024-07-29,9238
2633,台灣高鐵,22,2,20,凱基-士林,2024-07-29,9238
4726,永昕,20,0,20,凱基-士林,2024-07-29,9238
2305,全友,19,0,19,凱基-士林,2024-07-29,9238
3481,群創,227,208,19,凱基-士林,2024-07-29,9238
4420,光明,18,0,18,凱基-士林,2024-07-29,9238
2884,玉山金,16,0,16,凱基-士林,2024-07-29,9238
1809,中釉,30,15,15,凱基-士林,2024-07-29,9238
6770,力積電,14,0,14,凱基-士林,2024-07-29,9238
00940,元大台灣價值高息,26,12,14,凱基-士林,2024-07-29,9238
2367,燿華,13,0,13,凱基-士林,2024-07-29,9238
4174,浩鼎,13,0,13,凱基-士林,2024-07-29,9238
2353,宏��,18,6,12,凱基-士林,2024-07-29,9238
00946,群益科技高息成長,12,0,12,凱基-士林,2024-07-29,9238
00933B,國泰10Y+金融債,12,0,12,凱基-士林,2024-07-29,9238
8028,昇陽半導體,31,19,12,凱基-士林,2024-07-29,9238
3231,緯創,15,3,12,凱基-士林,2024-07-29,9238
2376,技嘉,11,0,11,凱基-士林,2024-07-29,9238
2002,中鋼,11,0,11,凱基-士林,2024-07-29,9238
2461,光群雷,11,0,11,凱基-士林,2024-07-29,9238
3498,陽程,16,5,11,凱基-士林,2024-07-29,9238
6244,茂迪,20,9,11,凱基-士林,2024-07-29,9238
6806,森崴能源,15,4,11,凱基-士林,2024-07-29,9238
8210,勤誠,11,0,11,凱基-士林,2024-07-29,9238
3372,典範,10,0,10,凱基-士林,2024-07-29,9238
1310,台苯,10,0,10,凱基-士林,2024-07-29,9238
1325,恆大,10,0,10,凱基-士林,2024-07-29,9238
2017,官田鋼,10,0,10,凱基-士林,2024-07-29,9238
2070,精湛,10,0,10,凱基-士林,2024-07-29,9238
2409,友達,20,10,10,凱基-士林,2024-07-29,9238
2506,太設,10,0,10,凱基-士林,2024-07-29,9238
3522,御嵿,10,0,10,凱基-士林,2024-07-29,9238
4804,大略-KY,10,0,10,凱基-士林,2024-07-29,9238
2356,英業達,352,63,289,凱基-士林,2024-07-30,9238
2344,華邦電,158,3,155,凱基-士林,2024-07-30,9238
00929,復華台灣科技優息,125,12,113,凱基-士林,2024-07-30,9238
2303,聯電,124,27,97,凱基-士林,2024-07-30,9238
00946,群益科技高息成長,77,1,76,凱基-士林,2024-07-30,9238
2609,陽明,76,12,64,凱基-士林,2024-07-30,9238
2883,凱基金,64,8,56,凱基-士林,2024-07-30,9238
00919,群益台灣精選高息,60,5,55,凱基-士林,2024-07-30,9238
00940,元大台灣價值高息,53,0,53,凱基-士林,2024-07-30,9238
1605,華新,51,0,51,凱基-士林,2024-07-30,9238
9105,泰金寶-DR,70,20,50,凱基-士林,2024-07-30,9238
00878,國泰永續高股息,78,28,50,凱基-士林,2024-07-30,9238
4420,光明,30,0,30,凱基-士林,2024-07-30,9238
3374,精材,46,16,30,凱基-士林,2024-07-30,9238
0050,元大台灣50,22,0,22,凱基-士林,2024-07-30,9238
00715L,期街口布蘭特正2,21,0,21,凱基-士林,2024-07-30,9238
5515,建國,55,34,21,凱基-士林,2024-07-30,9238
00882,中信中國高股息,20,0,20,凱基-士林,2024-07-30,9238
00937B,群益ESG投等債20,20,0,20,凱基-士林,2024-07-30,9238
2905,三商,20,0,20,凱基-士林,2024-07-30,9238
3535,晶彩科,20,0,20,凱基-士林,2024-07-30,9238
00915,凱基優選高股息30,19,0,19,凱基-士林,2024-07-30,9238
4960,誠美材,20,2,18,凱基-士林,2024-07-30,9238
00918,大華優利高填息30,18,0,18,凱基-士林,2024-07-30,9238
2891,中信金,18,1,17,凱基-士林,2024-07-30,9238
2382,廣達,24,7,17,凱基-士林,2024-07-30,9238
2330,台積電,24,8,16,凱基-士林,2024-07-30,9238
2312,金寶,18,3,15,凱基-士林,2024-07-30,9238
00713,元大台灣高息低波,15,1,14,凱基-士林,2024-07-30,9238
6163,華電網,13,0,13,凱基-士林,2024-07-30,9238
00631L,元大台灣50正2,13,0,13,凱基-士林,2024-07-30,9238
5522,遠雄,12,0,12,凱基-士林,2024-07-30,9238
00642U,期元大S＆P石油,11,0,11,凱基-士林,2024-07-30,9238
2489,瑞軒,27,16,11,凱基-士林,2024-07-30,9238
00679B,元大美債20年,12,2,10,凱基-士林,2024-07-30,9238
00670L,富邦NASDAQ正2,10,0,10,凱基-士林,2024-07-30,9238
00933B,國泰10Y+金融債,10,0,10,凱基-士林,2024-07-30,9238
1568,倉佑,10,0,10,凱基-士林,2024-07-30,9238
1789,神隆,10,0,10,凱基-士林,2024-07-30,9238
2354,鴻準,10,0,10,凱基-士林,2024-07-30,9238
2465,麗臺,10,0,10,凱基-士林,2024-07-30,9238
3713,新晶投控,10,0,10,凱基-士林,2024-07-30,9238
4804,大略-KY,10,0,10,凱基-士林,2024-07-30,9238
8043,蜜望實,10,0,10,凱基-士林,2024-07-30,9238
00945B,凱基美國非投等債,10,1,9,凱基-士林,2024-07-30,9238
2449,京元電子,10,1,9,凱基-士林,2024-07-30,9238
3706,神達,12,3,9,凱基-士林,2024-07-30,9238
1785,光洋科,13,5,8,凱基-士林,2024-07-30,9238
8054,安國,8,0,8,凱基-士林,2024-07-30,9238
00877,復華中國5G,8,0,8,凱基-士林,2024-07-30,9238
3481,群創,672,317,355,凱基-士林,2024-07-31,9238
2316,楠梓電,201,0,201,凱基-士林,2024-07-31,9238
2356,英業達,219,27,192,凱基-士林,2024-07-31,9238
00933B,國泰10Y+金融債,81,0,81,凱基-士林,2024-07-31,9238
2881,富邦金,85,7,78,凱基-士林,2024-07-31,9238
00878,國泰永續高股息,80,11,69,凱基-士林,2024-07-31,9238
2070,精湛,50,1,49,凱基-士林,2024-07-31,9238
2887,台新金,52,4,48,凱基-士林,2024-07-31,9238
00680L,元大美債20正2,62,15,47,凱基-士林,2024-07-31,9238
2371,大同,39,0,39,凱基-士林,2024-07-31,9238
00919,群益台灣精選高息,41,5,36,凱基-士林,2024-07-31,9238
3711,日月光投控,31,1,30,凱基-士林,2024-07-31,9238
2617,台航,30,0,30,凱基-士林,2024-07-31,9238
8064,東捷,41,18,23,凱基-士林,2024-07-31,9238
8358,金居,21,0,21,凱基-士林,2024-07-31,9238
2027,大成鋼,19,0,19,凱基-士林,2024-07-31,9238
00946,群益科技高息成長,18,0,18,凱基-士林,2024-07-31,9238
00940,元大台灣價值高息,18,1,17,凱基-士林,2024-07-31,9238
1597,直得,23,6,17,凱基-士林,2024-07-31,9238
2486,一詮,31,15,16,凱基-士林,2024-07-31,9238
4510,高鋒,20,4,16,凱基-士林,2024-07-31,9238
2489,瑞軒,27,11,16,凱基-士林,2024-07-31,9238
6274,台燿,21,6,15,凱基-士林,2024-07-31,9238
6899,創為精密,13,0,13,凱基-士林,2024-07-31,9238
2385,群光,11,0,11,凱基-士林,2024-07-31,9238
8105,凌巨,23,12,11,凱基-士林,2024-07-31,9238
6869,雲豹能源,14,3,11,凱基-士林,2024-07-31,9238
00712,復華富時不動產,11,0,11,凱基-士林,2024-07-31,9238
8028,昇陽半導體,34,24,10,凱基-士林,2024-07-31,9238
00918,大華優利高填息30,10,0,10,凱基-士林,2024-07-31,9238
00687B,國泰20年美債,13,3,10,凱基-士林,2024-07-31,9238
00706L,期元大S＆P日圓正2,10,0,10,凱基-士林,2024-07-31,9238
00939,統一台灣高息動能,10,0,10,凱基-士林,2024-07-31,9238
00948B,中信優息投資級債,10,0,10,凱基-士林,2024-07-31,9238
1587,吉茂,10,0,10,凱基-士林,2024-07-31,9238
1776,展宇,10,0,10,凱基-士林,2024-07-31,9238
2031,新光鋼,10,0,10,凱基-士林,2024-07-31,9238
3059,華晶科,10,0,10,凱基-士林,2024-07-31,9238
6185,幃翔,10,0,10,凱基-士林,2024-07-31,9238
00720B,元大投資級公司債,10,0,10,凱基-士林,2024-07-31,9238
3231,緯創,11,1,10,凱基-士林,2024-07-31,9238
00715L,期街口布蘭特正2,10,1,9,凱基-士林,2024-07-31,9238
2204,中華,10,1,9,凱基-士林,2024-07-31,9238
2365,昆盈,13,5,8,凱基-士林,2024-07-31,9238
1213,大飲,8,0,8,凱基-士林,2024-07-31,9238
1815,富喬,10,2,8,凱基-士林,2024-07-31,9238
1316,上曜,7,0,7,凱基-士林,2024-07-31,9238
2485,兆赫,7,0,7,凱基-士林,2024-07-31,9238
4160,訊聯基因,7,0,7,凱基-士林,2024-07-31,9238
6182,合晶,7,0,7,凱基-士林,2024-07-31,9238
2371,大同,216,43,173,凱基-士林,2024-08-01,9238
2382,廣達,166,12,154,凱基-士林,2024-08-01,9238
6182,合晶,66,5,61,凱基-士林,2024-08-01,9238
2845,遠東銀,60,1,59,凱基-士林,2024-08-01,9238
2617,台航,50,0,50,凱基-士林,2024-08-01,9238
2881,富邦金,60,11,49,凱基-士林,2024-08-01,9238
00948B,中信優息投資級債,40,0,40,凱基-士林,2024-08-01,9238
1314,中石化,50,10,40,凱基-士林,2024-08-01,9238
00937B,群益ESG投等債20,43,5,38,凱基-士林,2024-08-01,9238
3481,群創,200,165,35,凱基-士林,2024-08-01,9238
00878,國泰永續高股息,28,1,27,凱基-士林,2024-08-01,9238
5309,系統電,23,1,22,凱基-士林,2024-08-01,9238
2812,台中銀,21,1,20,凱基-士林,2024-08-01,9238
00687B,國泰20年美債,20,1,19,凱基-士林,2024-08-01,9238
00919,群益台灣精選高息,20,3,17,凱基-士林,2024-08-01,9238
2313,華通,21,4,17,凱基-士林,2024-08-01,9238
2887,台新金,26,10,16,凱基-士林,2024-08-01,9238
00632R,元大台灣50反1,135,120,15,凱基-士林,2024-08-01,9238
2891,中信金,15,0,15,凱基-士林,2024-08-01,9238
3047,訊舟,26,12,14,凱基-士林,2024-08-01,9238
2618,長榮航,14,0,14,凱基-士林,2024-08-01,9238
6757,台灣虎航,13,0,13,凱基-士林,2024-08-01,9238
0056,元大高股息,15,3,12,凱基-士林,2024-08-01,9238
2464,盟立,13,1,12,凱基-士林,2024-08-01,9238
2884,玉山金,11,0,11,凱基-士林,2024-08-01,9238
00915,凱基優選高股息30,21,10,11,凱基-士林,2024-08-01,9238
5364,力麗店,11,0,11,凱基-士林,2024-08-01,9238
6603,富強鑫,12,1,11,凱基-士林,2024-08-01,9238
00712,復華富時不動產,11,0,11,凱基-士林,2024-08-01,9238
00679B,元大美債20年,16,5,11,凱基-士林,2024-08-01,9238
3163,波若威,12,2,10,凱基-士林,2024-08-01,9238
006205,富邦上証,10,0,10,凱基-士林,2024-08-01,9238
00930,永豐ESG低碳高息,10,0,10,凱基-士林,2024-08-01,9238
1709,和益,10,0,10,凱基-士林,2024-08-01,9238
2547,日勝生,10,0,10,凱基-士林,2024-08-01,9238
2885,元大金,10,0,10,凱基-士林,2024-08-01,9238
3312,弘憶股,10,0,10,凱基-士林,2024-08-01,9238
5701,劍湖山,10,0,10,凱基-士林,2024-08-01,9238
8110,華東,10,0,10,凱基-士林,2024-08-01,9238
2883,凱基金,10,0,10,凱基-士林,2024-08-01,9238
5324,士開,9,0,9,凱基-士林,2024-08-01,9238
5512,力麒,11,2,9,凱基-士林,2024-08-01,9238
6126,信音,9,0,9,凱基-士林,2024-08-01,9238
8043,蜜望實,12,3,9,凱基-士林,2024-08-01,9238
00927,群益半導體收益,9,1,8,凱基-士林,2024-08-01,9238
5607,遠雄港,8,0,8,凱基-士林,2024-08-01,9238
9925,新保,8,0,8,凱基-士林,2024-08-01,9238
6841,長佳智能,7,0,7,凱基-士林,2024-08-01,9238
1101,台泥,7,0,7,凱基-士林,2024-08-01,9238
1720,生達,7,0,7,凱基-士林,2024-08-01,9238
2356,英業達,236,23,213,凱基-士林,2024-08-02,9238
00878,國泰永續高股息,119,5,114,凱基-士林,2024-08-02,9238
2371,大同,103,1,102,凱基-士林,2024-08-02,9238
2303,聯電,100,12,88,凱基-士林,2024-08-02,9238
2317,鴻海,114,29,85,凱基-士林,2024-08-02,9238
00940,元大台灣價值高息,82,0,82,凱基-士林,2024-08-02,9238
3711,日月光投控,76,2,74,凱基-士林,2024-08-02,9238
2330,台積電,72,8,64,凱基-士林,2024-08-02,9238
00640L,富邦日本正2,60,0,60,凱基-士林,2024-08-02,9238
2617,台航,100,40,60,凱基-士林,2024-08-02,9238
2891,中信金,55,0,55,凱基-士林,2024-08-02,9238
1321,大洋,50,0,50,凱基-士林,2024-08-02,9238
2812,台中銀,50,0,50,凱基-士林,2024-08-02,9238
00919,群益台灣精選高息,76,28,48,凱基-士林,2024-08-02,9238
00881,國泰台灣5G+,48,0,48,凱基-士林,2024-08-02,9238
00937B,群益ESG投等債20,60,16,44,凱基-士林,2024-08-02,9238
1316,上曜,46,5,41,凱基-士林,2024-08-02,9238
00720B,元大投資級公司債,52,11,41,凱基-士林,2024-08-02,9238
2355,敬鵬,40,0,40,凱基-士林,2024-08-02,9238
0050,元大台灣50,40,3,37,凱基-士林,2024-08-02,9238
2485,兆赫,37,0,37,凱基-士林,2024-08-02,9238
2845,遠東銀,37,0,37,凱基-士林,2024-08-02,9238
00679B,元大美債20年,38,4,34,凱基-士林,2024-08-02,9238
9938,百和,30,0,30,凱基-士林,2024-08-02,9238
2610,華航,28,0,28,凱基-士林,2024-08-02,9238
1303,南亞,27,0,27,凱基-士林,2024-08-02,9238
00949,復華日本龍頭,25,0,25,凱基-士林,2024-08-02,9238
2382,廣達,26,2,24,凱基-士林,2024-08-02,9238
2867,三商壽,34,12,22,凱基-士林,2024-08-02,9238
3037,欣興,33,11,22,凱基-士林,2024-08-02,9238
3059,華晶科,21,0,21,凱基-士林,2024-08-02,9238
4714,永捷,21,0,21,凱基-士林,2024-08-02,9238
1611,中電,20,0,20,凱基-士林,2024-08-02,9238
1809,中釉,20,0,20,凱基-士林,2024-08-02,9238
4726,永昕,20,0,20,凱基-士林,2024-08-02,9238
1440,南紡,18,0,18,凱基-士林,2024-08-02,9238
2031,新光鋼,18,0,18,凱基-士林,2024-08-02,9238
2409,友達,18,0,18,凱基-士林,2024-08-02,9238
2501,國建,20,2,18,凱基-士林,2024-08-02,9238
0056,元大高股息,40,22,18,凱基-士林,2024-08-02,9238
2337,旺宏,19,2,17,凱基-士林,2024-08-02,9238
2301,光寶科,50,33,17,凱基-士林,2024-08-02,9238
1447,力鵬,17,0,17,凱基-士林,2024-08-02,9238
2834,臺企銀,17,1,16,凱基-士林,2024-08-02,9238
6546,正基,15,0,15,凱基-士林,2024-08-02,9238
2543,皇昌,23,8,15,凱基-士林,2024-08-02,9238
6244,茂迪,15,0,15,凱基-士林,2024-08-02,9238
6288,聯嘉,15,0,15,凱基-士林,2024-08-02,9238
3481,群創,130,116,14,凱基-士林,2024-08-02,9238
00941,中信上游半導體,18,5,13,凱基-士林,2024-08-02,9238
2542,興富發,664,9,655,凱基-士林,2024-08-05,9238
00940,元大台灣價值高息,567,31,536,凱基-士林,2024-08-05,9238
00680L,元大美債20正2,378,23,355,凱基-士林,2024-08-05,9238
5880,合庫金,323,2,321,凱基-士林,2024-08-05,9238
00929,復華台灣科技優息,415,101,314,凱基-士林,2024-08-05,9238
00878,國泰永續高股息,299,24,275,凱基-士林,2024-08-05,9238
2317,鴻海,365,218,147,凱基-士林,2024-08-05,9238
2356,英業達,167,47,120,凱基-士林,2024-08-05,9238
2485,兆赫,100,0,100,凱基-士林,2024-08-05,9238
9907,統一實,80,0,80,凱基-士林,2024-08-05,9238
2480,敦陽科,75,0,75,凱基-士林,2024-08-05,9238
9105,泰金寶-DR,71,0,71,凱基-士林,2024-08-05,9238
2103,台橡,70,0,70,凱基-士林,2024-08-05,9238
00715L,期街口布蘭特正2,109,40,69,凱基-士林,2024-08-05,9238
2409,友達,69,0,69,凱基-士林,2024-08-05,9238
00679B,元大美債20年,88,25,63,凱基-士林,2024-08-05,9238
0056,元大高股息,91,30,61,凱基-士林,2024-08-05,9238
2303,聯電,110,54,56,凱基-士林,2024-08-05,9238
2330,台積電,91,36,55,凱基-士林,2024-08-05,9238
2891,中信金,54,4,50,凱基-士林,2024-08-05,9238
2610,華航,48,4,44,凱基-士林,2024-08-05,9238
2501,國建,43,1,42,凱基-士林,2024-08-05,9238
00640L,富邦日本正2,40,0,40,凱基-士林,2024-08-05,9238
3711,日月光投控,37,1,36,凱基-士林,2024-08-05,9238
00882,中信中國高股息,63,28,35,凱基-士林,2024-08-05,9238
1447,力鵬,35,0,35,凱基-士林,2024-08-05,9238
00881,國泰台灣5G+,34,0,34,凱基-士林,2024-08-05,9238
3231,緯創,38,4,34,凱基-士林,2024-08-05,9238
00850,元大臺灣ESG永續,34,2,32,凱基-士林,2024-08-05,9238
1444,力麗,32,0,32,凱基-士林,2024-08-05,9238
3374,精材,31,0,31,凱基-士林,2024-08-05,9238
3576,聯合再生,31,0,31,凱基-士林,2024-08-05,9238
1711,永光,30,0,30,凱基-士林,2024-08-05,9238
2812,台中銀,36,6,30,凱基-士林,2024-08-05,9238
1321,大洋,30,0,30,凱基-士林,2024-08-05,9238
6133,金橋,30,0,30,凱基-士林,2024-08-05,9238
2371,大同,48,19,29,凱基-士林,2024-08-05,9238
2887,台新金,36,8,28,凱基-士林,2024-08-05,9238
6186,新潤,27,0,27,凱基-士林,2024-08-05,9238
2515,中工,30,4,26,凱基-士林,2024-08-05,9238
6177,達麗,27,1,26,凱基-士林,2024-08-05,9238
6141,柏承,24,0,24,凱基-士林,2024-08-05,9238
00665L,富邦�琤肭磪囓�2,53,30,23,凱基-士林,2024-08-05,9238
2305,全友,22,0,22,凱基-士林,2024-08-05,9238
1326,台化,21,0,21,凱基-士林,2024-08-05,9238
00951,台新日本半導體,21,0,21,凱基-士林,2024-08-05,9238
1777,生泰,20,0,20,凱基-士林,2024-08-05,9238
2017,官田鋼,20,0,20,凱基-士林,2024-08-05,9238
3689,湧德,20,0,20,凱基-士林,2024-08-05,9238
8107,大億金茂,20,0,20,凱基-士林,2024-08-05,9238
00632R,元大台灣50反1,1722,9,1713,凱基-士林,2024-08-06,9238
00664R,國泰臺灣加權反1,800,0,800,凱基-士林,2024-08-06,9238
3481,群創,446,29,417,凱基-士林,2024-08-06,9238
00919,群益台灣精選高息,260,41,219,凱基-士林,2024-08-06,9238
2337,旺宏,189,4,185,凱基-士林,2024-08-06,9238
00878,國泰永續高股息,190,34,156,凱基-士林,2024-08-06,9238
2356,英業達,112,1,111,凱基-士林,2024-08-06,9238
0056,元大高股息,120,31,89,凱基-士林,2024-08-06,9238
2480,敦陽科,68,0,68,凱基-士林,2024-08-06,9238
2409,友達,63,8,55,凱基-士林,2024-08-06,9238
00675L,富邦臺灣加權正2,58,3,55,凱基-士林,2024-08-06,9238
1316,上曜,53,0,53,凱基-士林,2024-08-06,9238
2606,裕民,53,1,52,凱基-士林,2024-08-06,9238
6186,新潤,51,0,51,凱基-士林,2024-08-06,9238
00641R,富邦日本反1,50,0,50,凱基-士林,2024-08-06,9238
00929,復華台灣科技優息,396,347,49,凱基-士林,2024-08-06,9238
2371,大同,43,6,37,凱基-士林,2024-08-06,9238
3037,欣興,53,21,32,凱基-士林,2024-08-06,9238
6244,茂迪,50,20,30,凱基-士林,2024-08-06,9238
2317,鴻海,110,81,29,凱基-士林,2024-08-06,9238
1414,東和,25,0,25,凱基-士林,2024-08-06,9238
2610,華航,35,10,25,凱基-士林,2024-08-06,9238
00679B,元大美債20年,48,24,24,凱基-士林,2024-08-06,9238
00642U,期元大S＆P石油,23,0,23,凱基-士林,2024-08-06,9238
2349,錸德,28,5,23,凱基-士林,2024-08-06,9238
2405,輔信,21,0,21,凱基-士林,2024-08-06,9238
6163,華電網,22,1,21,凱基-士林,2024-08-06,9238
8110,華東,21,0,21,凱基-士林,2024-08-06,9238
00936,台新永續高息中小,20,0,20,凱基-士林,2024-08-06,9238
2305,全友,20,0,20,凱基-士林,2024-08-06,9238
2897,王道銀行,20,0,20,凱基-士林,2024-08-06,9238
9958,世紀鋼,26,8,18,凱基-士林,2024-08-06,9238
2359,所羅門,29,12,17,凱基-士林,2024-08-06,9238
3663,鑫科,24,7,17,凱基-士林,2024-08-06,9238
1213,大飲,16,0,16,凱基-士林,2024-08-06,9238
1718,中纖,16,0,16,凱基-士林,2024-08-06,9238
2313,華通,19,3,16,凱基-士林,2024-08-06,9238
2641,正德,16,0,16,凱基-士林,2024-08-06,9238
00881,國泰台灣5G+,33,18,15,凱基-士林,2024-08-06,9238
00661,元大日經225,15,0,15,凱基-士林,2024-08-06,9238
1809,中釉,15,0,15,凱基-士林,2024-08-06,9238
2362,藍天,15,0,15,凱基-士林,2024-08-06,9238
2888,新光金,40,25,15,凱基-士林,2024-08-06,9238
2812,台中銀,17,2,15,凱基-士林,2024-08-06,9238
006208,富邦台50,17,2,15,凱基-士林,2024-08-06,9238
2515,中工,17,3,14,凱基-士林,2024-08-06,9238
2617,台航,15,1,14,凱基-士林,2024-08-06,9238
2615,萬海,29,15,14,凱基-士林,2024-08-06,9238
6901,鑽石投資,15,2,13,凱基-士林,2024-08-06,9238
2618,長榮航,17,5,12,凱基-士林,2024-08-06,9238
2409,友達,220,3,217,凱基-士林,2024-08-07,9238
2641,正德,128,3,125,凱基-士林,2024-08-07,9238
00878,國泰永續高股息,126,8,118,凱基-士林,2024-08-07,9238
00680L,元大美債20正2,82,33,49,凱基-士林,2024-08-07,9238
00715L,期街口布蘭特正2,48,0,48,凱基-士林,2024-08-07,9238
2317,鴻海,75,33,42,凱基-士林,2024-08-07,9238
00728,第一金工業30,60,20,40,凱基-士林,2024-08-07,9238
2312,金寶,274,242,32,凱基-士林,2024-08-07,9238
0056,元大高股息,43,12,31,凱基-士林,2024-08-07,9238
2486,一詮,27,1,26,凱基-士林,2024-08-07,9238
00936,台新永續高息中小,25,0,25,凱基-士林,2024-08-07,9238
00915,凱基優選高股息30,29,5,24,凱基-士林,2024-08-07,9238
2233,宇隆,20,0,20,凱基-士林,2024-08-07,9238
1213,大飲,18,0,18,凱基-士林,2024-08-07,9238
8054,安國,22,5,17,凱基-士林,2024-08-07,9238
2881,富邦金,20,3,17,凱基-士林,2024-08-07,9238
006208,富邦台50,23,7,16,凱基-士林,2024-08-07,9238
00670L,富邦NASDAQ正2,15,0,15,凱基-士林,2024-08-07,9238
2382,廣達,34,20,14,凱基-士林,2024-08-07,9238
00688L,國泰20年美債正2,13,0,13,凱基-士林,2024-08-07,9238
00881,國泰台灣5G+,19,7,12,凱基-士林,2024-08-07,9238
00919,群益台灣精選高息,72,62,10,凱基-士林,2024-08-07,9238
1101,台泥,13,3,10,凱基-士林,2024-08-07,9238
00661,元大日經225,10,0,10,凱基-士林,2024-08-07,9238
4533,協易機,10,0,10,凱基-士林,2024-08-07,9238
5410,國眾,10,0,10,凱基-士林,2024-08-07,9238
6158,禾昌,10,0,10,凱基-士林,2024-08-07,9238
6179,亞通,10,0,10,凱基-士林,2024-08-07,9238
6727,亞泰金屬,10,0,10,凱基-士林,2024-08-07,9238
8105,凌巨,10,0,10,凱基-士林,2024-08-07,9238
6213,聯茂,13,4,9,凱基-士林,2024-08-07,9238
00902,中信電池及儲能,10,1,9,凱基-士林,2024-08-07,9238
2102,泰豐,9,0,9,凱基-士林,2024-08-07,9238
2412,中華電,10,1,9,凱基-士林,2024-08-07,9238
1503,士電,16,7,9,凱基-士林,2024-08-07,9238
2354,鴻準,11,2,9,凱基-士林,2024-08-07,9238
2897,王道銀行,10,2,8,凱基-士林,2024-08-07,9238
4540,全球傳動,8,0,8,凱基-士林,2024-08-07,9238
4720,德淵,20,12,8,凱基-士林,2024-08-07,9238
2886,兆豐金,7,0,7,凱基-士林,2024-08-07,9238
2887,台新金,7,0,7,凱基-士林,2024-08-07,9238
00927,群益半導體收益,7,0,7,凱基-士林,2024-08-07,9238
4903,聯光通,8,1,7,凱基-士林,2024-08-07,9238
2356,英業達,8,2,6,凱基-士林,2024-08-07,9238
9914,美利達,6,0,6,凱基-士林,2024-08-07,9238
1618,合機,6,0,6,凱基-士林,2024-08-07,9238
2891,中信金,6,0,6,凱基-士林,2024-08-07,9238
4147,中裕,6,0,6,凱基-士林,2024-08-07,9238
6598,ABC-KY,7,1,6,凱基-士林,2024-08-07,9238
6877,鏵友益,13,7,6,凱基-士林,2024-08-07,9238
00632R,元大台灣50反1,520,132,388,凱基-士林,2024-08-08,9238
00664R,國泰臺灣加權反1,200,0,200,凱基-士林,2024-08-08,9238
00937B,群益ESG投等債20,194,2,192,凱基-士林,2024-08-08,9238
2888,新光金,174,56,118,凱基-士林,2024-08-08,9238
5880,合庫金,92,0,92,凱基-士林,2024-08-08,9238
00929,復華台灣科技優息,108,27,81,凱基-士林,2024-08-08,9238
5481,新華,61,1,60,凱基-士林,2024-08-08,9238
2882,國泰金,58,2,56,凱基-士林,2024-08-08,9238
2886,兆豐金,57,1,56,凱基-士林,2024-08-08,9238
3017,奇鋐,52,1,51,凱基-士林,2024-08-08,9238
2344,華邦電,51,5,46,凱基-士林,2024-08-08,9238
00878,國泰永續高股息,56,11,45,凱基-士林,2024-08-08,9238
00919,群益台灣精選高息,48,10,38,凱基-士林,2024-08-08,9238
3035,智原,38,3,35,凱基-士林,2024-08-08,9238
2489,瑞軒,41,8,33,凱基-士林,2024-08-08,9238
2316,楠梓電,30,0,30,凱基-士林,2024-08-08,9238
2317,鴻海,56,27,29,凱基-士林,2024-08-08,9238
00940,元大台灣價值高息,48,20,28,凱基-士林,2024-08-08,9238
6141,柏承,28,0,28,凱基-士林,2024-08-08,9238
00675L,富邦臺灣加權正2,38,11,27,凱基-士林,2024-08-08,9238
2834,臺企銀,31,5,26,凱基-士林,2024-08-08,9238
2615,萬海,42,19,23,凱基-士林,2024-08-08,9238
00680L,元大美債20正2,23,0,23,凱基-士林,2024-08-08,9238
2025,千興,20,0,20,凱基-士林,2024-08-08,9238
2891,中信金,22,2,20,凱基-士林,2024-08-08,9238
3050,鈺德,20,0,20,凱基-士林,2024-08-08,9238
3484,崧騰,20,0,20,凱基-士林,2024-08-08,9238
00881,國泰台灣5G+,30,11,19,凱基-士林,2024-08-08,9238
2349,錸德,45,26,19,凱基-士林,2024-08-08,9238
2515,中工,20,1,19,凱基-士林,2024-08-08,9238
6753,龍德造船,21,2,19,凱基-士林,2024-08-08,9238
00631L,元大台灣50正2,19,0,19,凱基-士林,2024-08-08,9238
4540,全球傳動,30,12,18,凱基-士林,2024-08-08,9238
00648R,元大S＆P500反1,20,3,17,凱基-士林,2024-08-08,9238
00931B,統一美債20年,16,0,16,凱基-士林,2024-08-08,9238
2324,仁寶,16,0,16,凱基-士林,2024-08-08,9238
2609,陽明,21,5,16,凱基-士林,2024-08-08,9238
2356,英業達,17,2,15,凱基-士林,2024-08-08,9238
8040,九暘,15,0,15,凱基-士林,2024-08-08,9238
6770,力積電,15,0,15,凱基-士林,2024-08-08,9238
2881,富邦金,22,8,14,凱基-士林,2024-08-08,9238
00687B,國泰20年美債,21,7,14,凱基-士林,2024-08-08,9238
2409,友達,15,2,13,凱基-士林,2024-08-08,9238
2382,廣達,22,10,12,凱基-士林,2024-08-08,9238
2408,南亞科,17,5,12,凱基-士林,2024-08-08,9238
1503,士電,15,4,11,凱基-士林,2024-08-08,9238
3231,緯創,13,2,11,凱基-士林,2024-08-08,9238
00902,中信電池及儲能,11,0,11,凱基-士林,2024-08-08,9238
00688L,國泰20年美債正2,11,0,11,凱基-士林,2024-08-08,9238
00942B,台新美A公司債20+,11,0,11,凱基-士林,2024-08-08,9238
00946,群益科技高息成長,379,22,357,凱基-士林,2024-08-09,9238
2881,富邦金,216,7,209,凱基-士林,2024-08-09,9238
6274,台燿,203,4,199,凱基-士林,2024-08-09,9238
2882,國泰金,211,25,186,凱基-士林,2024-08-09,9238
00919,群益台灣精選高息,176,6,170,凱基-士林,2024-08-09,9238
00929,復華台灣科技優息,145,3,142,凱基-士林,2024-08-09,9238
00878,國泰永續高股息,129,31,98,凱基-士林,2024-08-09,9238
00680L,元大美債20正2,96,5,91,凱基-士林,2024-08-09,9238
00937B,群益ESG投等債20,124,47,77,凱基-士林,2024-08-09,9238
00857B,永豐20年美公債,50,0,50,凱基-士林,2024-08-09,9238
00632R,元大台灣50反1,224,180,44,凱基-士林,2024-08-09,9238
2886,兆豐金,50,14,36,凱基-士林,2024-08-09,9238
3673,TPK-KY,38,3,35,凱基-士林,2024-08-09,9238
2615,萬海,49,17,32,凱基-士林,2024-08-09,9238
00687B,國泰20年美債,36,5,31,凱基-士林,2024-08-09,9238
00679B,元大美債20年,40,11,29,凱基-士林,2024-08-09,9238
6288,聯嘉,27,0,27,凱基-士林,2024-08-09,9238
8358,金居,27,0,27,凱基-士林,2024-08-09,9238
6770,力積電,25,1,24,凱基-士林,2024-08-09,9238
1473,台南,20,0,20,凱基-士林,2024-08-09,9238
9902,台火,20,0,20,凱基-士林,2024-08-09,9238
2317,鴻海,49,29,20,凱基-士林,2024-08-09,9238
1809,中釉,20,1,19,凱基-士林,2024-08-09,9238
2609,陽明,25,8,17,凱基-士林,2024-08-09,9238
4909,新復興,39,24,15,凱基-士林,2024-08-09,9238
2801,彰銀,15,0,15,凱基-士林,2024-08-09,9238
4526,東台,16,1,15,凱基-士林,2024-08-09,9238
00753L,中信中國50正2,14,0,14,凱基-士林,2024-08-09,9238
2606,裕民,15,1,14,凱基-士林,2024-08-09,9238
2439,美律,13,0,13,凱基-士林,2024-08-09,9238
3105,穩懋,23,10,13,凱基-士林,2024-08-09,9238
6899,創為精密,13,0,13,凱基-士林,2024-08-09,9238
3037,欣興,17,5,12,凱基-士林,2024-08-09,9238
00688L,國泰20年美債正2,12,0,12,凱基-士林,2024-08-09,9238
3580,友威科,14,2,12,凱基-士林,2024-08-09,9238
2515,中工,13,2,11,凱基-士林,2024-08-09,9238
9105,泰金寶-DR,40,29,11,凱基-士林,2024-08-09,9238
00676R,富邦臺灣加權反1,10,0,10,凱基-士林,2024-08-09,9238
00665L,富邦�琤肭磪囓�2,10,0,10,凱基-士林,2024-08-09,9238
00661,元大日經225,10,0,10,凱基-士林,2024-08-09,9238
1440,南紡,10,0,10,凱基-士林,2024-08-09,9238
2906,高林,10,0,10,凱基-士林,2024-08-09,9238
3346,麗清,10,0,10,凱基-士林,2024-08-09,9238
5880,合庫金,10,0,10,凱基-士林,2024-08-09,9238
6509,聚和,10,0,10,凱基-士林,2024-08-09,9238
8147,正淩,10,0,10,凱基-士林,2024-08-09,9238
1519,華城,10,0,10,凱基-士林,2024-08-09,9238
6290,良維,10,0,10,凱基-士林,2024-08-09,9238
2891,中信金,20,10,10,凱基-士林,2024-08-09,9238
00942B,台新美A公司債20+,9,0,9,凱基-士林,2024-08-09,9238
3003,健和興,118,5,113,凱基-士林,2024-08-12,9238
00632R,元大台灣50反1,168,60,108,凱基-士林,2024-08-12,9238
00680L,元大美債20正2,100,0,100,凱基-士林,2024-08-12,9238
00929,復華台灣科技優息,110,25,85,凱基-士林,2024-08-12,9238
2891,中信金,74,10,64,凱基-士林,2024-08-12,9238
2881,富邦金,71,10,61,凱基-士林,2024-08-12,9238
2409,友達,111,52,59,凱基-士林,2024-08-12,9238
00878,國泰永續高股息,57,1,56,凱基-士林,2024-08-12,9238
1314,中石化,51,0,51,凱基-士林,2024-08-12,9238
2610,華航,52,2,50,凱基-士林,2024-08-12,9238
2476,鉅祥,50,2,48,凱基-士林,2024-08-12,9238
2609,陽明,83,48,35,凱基-士林,2024-08-12,9238
2316,楠梓電,30,0,30,凱基-士林,2024-08-12,9238
00679B,元大美債20年,25,0,25,凱基-士林,2024-08-12,9238
1463,強盛新,24,0,24,凱基-士林,2024-08-12,9238
1513,中興電,28,7,21,凱基-士林,2024-08-12,9238
00927,群益半導體收益,20,0,20,凱基-士林,2024-08-12,9238
1447,力鵬,20,0,20,凱基-士林,2024-08-12,9238
1727,中華化,20,0,20,凱基-士林,2024-08-12,9238
1802,台玻,20,0,20,凱基-士林,2024-08-12,9238
2889,國票金,20,0,20,凱基-士林,2024-08-12,9238
6185,幃翔,20,0,20,凱基-士林,2024-08-12,9238
4903,聯光通,18,0,18,凱基-士林,2024-08-12,9238
00665L,富邦�琤肭磪囓�2,17,0,17,凱基-士林,2024-08-12,9238
00687B,國泰20年美債,21,6,15,凱基-士林,2024-08-12,9238
1603,華電,15,0,15,凱基-士林,2024-08-12,9238
2489,瑞軒,24,9,15,凱基-士林,2024-08-12,9238
3501,維熹,15,0,15,凱基-士林,2024-08-12,9238
6770,力積電,15,1,14,凱基-士林,2024-08-12,9238
00931B,統一美債20年,15,2,13,凱基-士林,2024-08-12,9238
4153,鈺緯,13,0,13,凱基-士林,2024-08-12,9238
6215,和椿,19,8,11,凱基-士林,2024-08-12,9238
6899,創為精密,11,0,11,凱基-士林,2024-08-12,9238
00947,台新臺灣IC設計,10,0,10,凱基-士林,2024-08-12,9238
1540,喬福,10,0,10,凱基-士林,2024-08-12,9238
1587,吉茂,10,0,10,凱基-士林,2024-08-12,9238
2486,一詮,13,3,10,凱基-士林,2024-08-12,9238
8374,羅昇,14,5,9,凱基-士林,2024-08-12,9238
00936,台新永續高息中小,14,5,9,凱基-士林,2024-08-12,9238
1608,華榮,16,7,9,凱基-士林,2024-08-12,9238
00753L,中信中國50正2,8,0,8,凱基-士林,2024-08-12,9238
1213,大飲,8,0,8,凱基-士林,2024-08-12,9238
2061,風青,8,0,8,凱基-士林,2024-08-12,9238
2706,第一店,8,0,8,凱基-士林,2024-08-12,9238
6133,金橋,8,0,8,凱基-士林,2024-08-12,9238
2883,凱基金,8,0,8,凱基-士林,2024-08-12,9238
5351,鈺創,8,1,7,凱基-士林,2024-08-12,9238
5425,台半,7,0,7,凱基-士林,2024-08-12,9238
00857B,永豐20年美公債,6,0,6,凱基-士林,2024-08-12,9238
1532,勤美,6,0,6,凱基-士林,2024-08-12,9238
9904,寶成,710,0,710,凱基-士林,2024-08-13,9238
5880,合庫金,212,0,212,凱基-士林,2024-08-13,9238
00632R,元大台灣50反1,331,200,131,凱基-士林,2024-08-13,9238
00688L,國泰20年美債正2,50,0,50,凱基-士林,2024-08-13,9238
00679B,元大美債20年,46,0,46,凱基-士林,2024-08-13,9238
1314,中石化,45,1,44,凱基-士林,2024-08-13,9238
3003,健和興,46,5,41,凱基-士林,2024-08-13,9238
3673,TPK-KY,35,0,35,凱基-士林,2024-08-13,9238
2880,華南金,36,6,30,凱基-士林,2024-08-13,9238
00680L,元大美債20正2,30,0,30,凱基-士林,2024-08-13,9238
00881,國泰台灣5G+,31,1,30,凱基-士林,2024-08-13,9238
2888,新光金,28,4,24,凱基-士林,2024-08-13,9238
5324,士開,23,0,23,凱基-士林,2024-08-13,9238
00878,國泰永續高股息,22,1,21,凱基-士林,2024-08-13,9238
4526,東台,77,57,20,凱基-士林,2024-08-13,9238
2886,兆豐金,21,3,18,凱基-士林,2024-08-13,9238
00882,中信中國高股息,23,5,18,凱基-士林,2024-08-13,9238
2834,臺企銀,18,0,18,凱基-士林,2024-08-13,9238
00929,復華台灣科技優息,43,26,17,凱基-士林,2024-08-13,9238
2615,萬海,15,0,15,凱基-士林,2024-08-13,9238
2375,凱美,15,0,15,凱基-士林,2024-08-13,9238
1815,富喬,14,0,14,凱基-士林,2024-08-13,9238
2603,長榮,27,13,14,凱基-士林,2024-08-13,9238
2359,所羅門,26,12,14,凱基-士林,2024-08-13,9238
2449,京元電子,17,3,14,凱基-士林,2024-08-13,9238
00918,大華優利高填息30,18,5,13,凱基-士林,2024-08-13,9238
2374,佳能,17,6,11,凱基-士林,2024-08-13,9238
3481,群創,15,4,11,凱基-士林,2024-08-13,9238
3686,達能,11,0,11,凱基-士林,2024-08-13,9238
3691,碩禾,21,10,11,凱基-士林,2024-08-13,9238
4909,新復興,21,10,11,凱基-士林,2024-08-13,9238
5347,世界,11,0,11,凱基-士林,2024-08-13,9238
2892,第一金,10,0,10,凱基-士林,2024-08-13,9238
2027,大成鋼,10,0,10,凱基-士林,2024-08-13,9238
4523,永彰,10,0,10,凱基-士林,2024-08-13,9238
4743,合一,10,0,10,凱基-士林,2024-08-13,9238
3706,神達,9,0,9,凱基-士林,2024-08-13,9238
6257,矽格,9,0,9,凱基-士林,2024-08-13,9238
00919,群益台灣精選高息,8,0,8,凱基-士林,2024-08-13,9238
2486,一詮,8,1,7,凱基-士林,2024-08-13,9238
2801,彰銀,7,0,7,凱基-士林,2024-08-13,9238
8040,九暘,11,4,7,凱基-士林,2024-08-13,9238
00927,群益半導體收益,7,1,6,凱基-士林,2024-08-13,9238
3013,晟銘電,12,6,6,凱基-士林,2024-08-13,9238
3533,嘉澤,6,0,6,凱基-士林,2024-08-13,9238
4153,鈺緯,7,1,6,凱基-士林,2024-08-13,9238
1101,台泥,10,4,6,凱基-士林,2024-08-13,9238
3037,欣興,10,5,5,凱基-士林,2024-08-13,9238
2476,鉅祥,6,1,5,凱基-士林,2024-08-13,9238
00923,群益台ESG低碳50,5,0,5,凱基-士林,2024-08-13,9238
00687B,國泰20年美債,193,2,191,凱基-士林,2024-08-14,9238
00632R,元大台灣50反1,142,0,142,凱基-士林,2024-08-14,9238
9904,寶成,125,14,111,凱基-士林,2024-08-14,9238
00671R,富邦NASDAQ反1,100,0,100,凱基-士林,2024-08-14,9238
1101,台泥,84,6,78,凱基-士林,2024-08-14,9238
2007,燁興,90,20,70,凱基-士林,2024-08-14,9238
3481,群創,65,2,63,凱基-士林,2024-08-14,9238
00680L,元大美債20正2,58,0,58,凱基-士林,2024-08-14,9238
00679B,元大美債20年,54,0,54,凱基-士林,2024-08-14,9238
00933B,國泰10Y+金融債,42,0,42,凱基-士林,2024-08-14,9238
00900,富邦特選高股息30,39,2,37,凱基-士林,2024-08-14,9238
2617,台航,30,0,30,凱基-士林,2024-08-14,9238
2371,大同,30,0,30,凱基-士林,2024-08-14,9238
1213,大飲,29,0,29,凱基-士林,2024-08-14,9238
3050,鈺德,30,5,25,凱基-士林,2024-08-14,9238
6805,富世達,21,0,21,凱基-士林,2024-08-14,9238
6185,幃翔,20,0,20,凱基-士林,2024-08-14,9238
2867,三商壽,20,2,18,凱基-士林,2024-08-14,9238
8096,擎亞,29,11,18,凱基-士林,2024-08-14,9238
00881,國泰台灣5G+,29,13,16,凱基-士林,2024-08-14,9238
00937B,群益ESG投等債20,16,0,16,凱基-士林,2024-08-14,9238
6869,雲豹能源,19,4,15,凱基-士林,2024-08-14,9238
3019,亞光,34,19,15,凱基-士林,2024-08-14,9238
6244,茂迪,24,10,14,凱基-士林,2024-08-14,9238
00929,復華台灣科技優息,56,42,14,凱基-士林,2024-08-14,9238
2349,錸德,14,1,13,凱基-士林,2024-08-14,9238
6899,創為精密,13,0,13,凱基-士林,2024-08-14,9238
5243,乙盛-KY,12,0,12,凱基-士林,2024-08-14,9238
4726,永昕,11,0,11,凱基-士林,2024-08-14,9238
6126,信音,11,0,11,凱基-士林,2024-08-14,9238
1809,中釉,15,5,10,凱基-士林,2024-08-14,9238
2439,美律,10,0,10,凱基-士林,2024-08-14,9238
3663,鑫科,10,0,10,凱基-士林,2024-08-14,9238
5457,宣德,10,0,10,凱基-士林,2024-08-14,9238
6141,柏承,10,0,10,凱基-士林,2024-08-14,9238
4958,臻鼎-KY,12,2,10,凱基-士林,2024-08-14,9238
006208,富邦台50,9,0,9,凱基-士林,2024-08-14,9238
1447,力鵬,9,0,9,凱基-士林,2024-08-14,9238
1522,堤維西,10,1,9,凱基-士林,2024-08-14,9238
3048,益登,9,1,8,凱基-士林,2024-08-14,9238
1504,東元,9,1,8,凱基-士林,2024-08-14,9238
6770,力積電,10,2,8,凱基-士林,2024-08-14,9238
2356,英業達,10,3,7,凱基-士林,2024-08-14,9238
4967,十銓,7,0,7,凱基-士林,2024-08-14,9238
2002,中鋼,10,3,7,凱基-士林,2024-08-14,9238
00915,凱基優選高股息30,17,10,7,凱基-士林,2024-08-14,9238
1220,台榮,7,0,7,凱基-士林,2024-08-14,9238
2313,華通,14,7,7,凱基-士林,2024-08-14,9238
2442,新美齊,12,5,7,凱基-士林,2024-08-14,9238
2801,彰銀,12,5,7,凱基-士林,2024-08-14,9238
00637L,元大滬深300正2,404,0,404,凱基-士林,2024-08-15,9238
00687B,國泰20年美債,189,0,189,凱基-士林,2024-08-15,9238
00878,國泰永續高股息,238,122,116,凱基-士林,2024-08-15,9238
00882,中信中國高股息,106,0,106,凱基-士林,2024-08-15,9238
00900,富邦特選高股息30,98,1,97,凱基-士林,2024-08-15,9238
1785,光洋科,85,1,84,凱基-士林,2024-08-15,9238
5443,均豪,97,30,67,凱基-士林,2024-08-15,9238
1101,台泥,53,0,53,凱基-士林,2024-08-15,9238
1321,大洋,50,0,50,凱基-士林,2024-08-15,9238
5880,合庫金,80,40,40,凱基-士林,2024-08-15,9238
2371,大同,38,1,37,凱基-士林,2024-08-15,9238
2601,益航,30,0,30,凱基-士林,2024-08-15,9238
5425,台半,28,1,27,凱基-士林,2024-08-15,9238
5011,久陽,26,0,26,凱基-士林,2024-08-15,9238
2609,陽明,53,27,26,凱基-士林,2024-08-15,9238
3711,日月光投控,23,0,23,凱基-士林,2024-08-15,9238
00632R,元大台灣50反1,21,0,21,凱基-士林,2024-08-15,9238
00651R,復華香港反1,20,0,20,凱基-士林,2024-08-15,9238
00650L,復華香港正2,20,0,20,凱基-士林,2024-08-15,9238
1414,東和,20,0,20,凱基-士林,2024-08-15,9238
1447,力鵬,20,0,20,凱基-士林,2024-08-15,9238
2106,建大,20,0,20,凱基-士林,2024-08-15,9238
5364,力麗店,20,0,20,凱基-士林,2024-08-15,9238
3003,健和興,23,4,19,凱基-士林,2024-08-15,9238
6451,訊芯-KY,19,0,19,凱基-士林,2024-08-15,9238
6757,台灣虎航,19,0,19,凱基-士林,2024-08-15,9238
00919,群益台灣精選高息,23,5,18,凱基-士林,2024-08-15,9238
2442,新美齊,20,2,18,凱基-士林,2024-08-15,9238
2543,皇昌,21,3,18,凱基-士林,2024-08-15,9238
4540,全球傳動,25,8,17,凱基-士林,2024-08-15,9238
1513,中興電,19,3,16,凱基-士林,2024-08-15,9238
00679B,元大美債20年,23,7,16,凱基-士林,2024-08-15,9238
00661,元大日經225,15,0,15,凱基-士林,2024-08-15,9238
00779B,凱基美債25+,15,0,15,凱基-士林,2024-08-15,9238
00764B,群益25年美債,15,0,15,凱基-士林,2024-08-15,9238
00932,兆豐永續高息等權,15,0,15,凱基-士林,2024-08-15,9238
3231,緯創,16,2,14,凱基-士林,2024-08-15,9238
5469,瀚宇博,14,0,14,凱基-士林,2024-08-15,9238
1213,大飲,13,0,13,凱基-士林,2024-08-15,9238
1514,亞力,17,4,13,凱基-士林,2024-08-15,9238
6215,和椿,13,0,13,凱基-士林,2024-08-15,9238
00907,永豐優息存股,12,0,12,凱基-士林,2024-08-15,9238
2313,華通,17,5,12,凱基-士林,2024-08-15,9238
2349,錸德,19,7,12,凱基-士林,2024-08-15,9238
4938,和碩,12,0,12,凱基-士林,2024-08-15,9238
2539,櫻花建,12,1,11,凱基-士林,2024-08-15,9238
6770,力積電,11,0,11,凱基-士林,2024-08-15,9238
00881,國泰台灣5G+,15,5,10,凱基-士林,2024-08-15,9238
00712,復華富時不動產,10,0,10,凱基-士林,2024-08-15,9238
2820,華票,10,0,10,凱基-士林,2024-08-15,9238
2409,友達,541,117,424,凱基-士林,2024-08-16,9238
00637L,元大滬深300正2,969,566,403,凱基-士林,2024-08-16,9238
00632R,元大台灣50反1,494,119,375,凱基-士林,2024-08-16,9238
4566,時碩工業,349,58,291,凱基-士林,2024-08-16,9238
00680L,元大美債20正2,117,20,97,凱基-士林,2024-08-16,9238
4979,華星光,92,1,91,凱基-士林,2024-08-16,9238
2062,橋椿,59,5,54,凱基-士林,2024-08-16,9238
3036,文曄,50,0,50,凱基-士林,2024-08-16,9238
3033,威健,45,0,45,凱基-士林,2024-08-16,9238
00919,群益台灣精選高息,64,32,32,凱基-士林,2024-08-16,9238
00679B,元大美債20年,32,0,32,凱基-士林,2024-08-16,9238
1326,台化,30,0,30,凱基-士林,2024-08-16,9238
1785,光洋科,35,6,29,凱基-士林,2024-08-16,9238
2317,鴻海,58,31,27,凱基-士林,2024-08-16,9238
00687B,國泰20年美債,26,0,26,凱基-士林,2024-08-16,9238
6770,力積電,20,0,20,凱基-士林,2024-08-16,9238
00929,復華台灣科技優息,126,107,19,凱基-士林,2024-08-16,9238
8096,擎亞,44,25,19,凱基-士林,2024-08-16,9238
2615,萬海,31,13,18,凱基-士林,2024-08-16,9238
6451,訊芯-KY,23,5,18,凱基-士林,2024-08-16,9238
2365,昆盈,20,4,16,凱基-士林,2024-08-16,9238
6182,合晶,15,0,15,凱基-士林,2024-08-16,9238
2368,金像電,17,2,15,凱基-士林,2024-08-16,9238
00878,國泰永續高股息,53,38,15,凱基-士林,2024-08-16,9238
2371,大同,18,4,14,凱基-士林,2024-08-16,9238
2353,宏��,25,11,14,凱基-士林,2024-08-16,9238
8105,凌巨,15,1,14,凱基-士林,2024-08-16,9238
00688L,國泰20年美債正2,14,2,12,凱基-士林,2024-08-16,9238
4420,光明,12,0,12,凱基-士林,2024-08-16,9238
2337,旺宏,11,0,11,凱基-士林,2024-08-16,9238
3711,日月光投控,15,4,11,凱基-士林,2024-08-16,9238
4174,浩鼎,11,1,10,凱基-士林,2024-08-16,9238
00933B,國泰10Y+金融債,10,0,10,凱基-士林,2024-08-16,9238
01004T,土銀富邦R2,10,0,10,凱基-士林,2024-08-16,9238
1528,恩德,15,5,10,凱基-士林,2024-08-16,9238
2548,華固,10,0,10,凱基-士林,2024-08-16,9238
3260,威剛,10,0,10,凱基-士林,2024-08-16,9238
00713,元大台灣高息低波,10,0,10,凱基-士林,2024-08-16,9238
00891,中信關鍵半導體,9,0,9,凱基-士林,2024-08-16,9238
00881,國泰台灣5G+,12,3,9,凱基-士林,2024-08-16,9238
3105,穩懋,10,1,9,凱基-士林,2024-08-16,9238
4557,永新-KY,9,0,9,凱基-士林,2024-08-16,9238
6419,京晨科,9,0,9,凱基-士林,2024-08-16,9238
9958,世紀鋼,24,15,9,凱基-士林,2024-08-16,9238
00631L,元大台灣50正2,10,2,8,凱基-士林,2024-08-16,9238
1504,東元,11,3,8,凱基-士林,2024-08-16,9238
3663,鑫科,22,14,8,凱基-士林,2024-08-16,9238
6152,百一,8,0,8,凱基-士林,2024-08-16,9238
6177,達麗,10,2,8,凱基-士林,2024-08-16,9238
1569,濱川,12,5,7,凱基-士林,2024-08-16,9238
00637L,元大滬深300正2,240,0,240,凱基-士林,2024-08-19,9238
4979,華星光,118,5,113,凱基-士林,2024-08-19,9238
00687B,國泰20年美債,82,0,82,凱基-士林,2024-08-19,9238
4908,前鼎,71,0,71,凱基-士林,2024-08-19,9238
00882,中信中國高股息,60,5,55,凱基-士林,2024-08-19,9238
00929,復華台灣科技優息,147,103,44,凱基-士林,2024-08-19,9238
3047,訊舟,86,44,42,凱基-士林,2024-08-19,9238
00945B,凱基美國非投等債,39,0,39,凱基-士林,2024-08-19,9238
2371,大同,40,2,38,凱基-士林,2024-08-19,9238
00679B,元大美債20年,29,0,29,凱基-士林,2024-08-19,9238
2002,中鋼,28,0,28,凱基-士林,2024-08-19,9238
6188,廣明,59,34,25,凱基-士林,2024-08-19,9238
00665L,富邦�琤肭磪囓�2,25,0,25,凱基-士林,2024-08-19,9238
1447,力鵬,25,0,25,凱基-士林,2024-08-19,9238
6451,訊芯-KY,22,1,21,凱基-士林,2024-08-19,9238
6141,柏承,20,0,20,凱基-士林,2024-08-19,9238
8096,擎亞,48,30,18,凱基-士林,2024-08-19,9238
6841,長佳智能,16,0,16,凱基-士林,2024-08-19,9238
00931B,統一美債20年,15,0,15,凱基-士林,2024-08-19,9238
00715L,期街口布蘭特正2,17,2,15,凱基-士林,2024-08-19,9238
2354,鴻準,35,20,15,凱基-士林,2024-08-19,9238
3062,建漢,20,7,13,凱基-士林,2024-08-19,9238
4906,正文,26,13,13,凱基-士林,2024-08-19,9238
00753L,中信中國50正2,15,3,12,凱基-士林,2024-08-19,9238
2349,錸德,13,1,12,凱基-士林,2024-08-19,9238
2617,台航,11,0,11,凱基-士林,2024-08-19,9238
2891,中信金,11,0,11,凱基-士林,2024-08-19,9238
00680L,元大美債20正2,10,0,10,凱基-士林,2024-08-19,9238
1213,大飲,10,0,10,凱基-士林,2024-08-19,9238
1220,台榮,10,0,10,凱基-士林,2024-08-19,9238
3686,達能,10,0,10,凱基-士林,2024-08-19,9238
5701,劍湖山,10,0,10,凱基-士林,2024-08-19,9238
6895,宏碩系統,10,0,10,凱基-士林,2024-08-19,9238
8043,蜜望實,13,3,10,凱基-士林,2024-08-19,9238
8099,大世科,20,10,10,凱基-士林,2024-08-19,9238
2344,華邦電,10,1,9,凱基-士林,2024-08-19,9238
006206,元大上證50,9,0,9,凱基-士林,2024-08-19,9238
00795B,中信美國公債20年,9,0,9,凱基-士林,2024-08-19,9238
00857B,永豐20年美公債,9,0,9,凱基-士林,2024-08-19,9238
2427,三商電,11,2,9,凱基-士林,2024-08-19,9238
8147,正淩,9,0,9,凱基-士林,2024-08-19,9238
9105,泰金寶-DR,9,0,9,凱基-士林,2024-08-19,9238
3078,僑威,8,0,8,凱基-士林,2024-08-19,9238
00937B,群益ESG投等債20,43,35,8,凱基-士林,2024-08-19,9238
1611,中電,13,5,8,凱基-士林,2024-08-19,9238
2025,千興,8,0,8,凱基-士林,2024-08-19,9238
3019,亞光,30,22,8,凱基-士林,2024-08-19,9238
6182,合晶,8,0,8,凱基-士林,2024-08-19,9238
00900,富邦特選高股息30,8,0,8,凱基-士林,2024-08-19,9238
6233,旺玖,7,0,7,凱基-士林,2024-08-19,9238
2409,友達,507,8,499,凱基-士林,2024-08-20,9238
00937B,群益ESG投等債20,220,0,220,凱基-士林,2024-08-20,9238
00632R,元大台灣50反1,320,100,220,凱基-士林,2024-08-20,9238
00715L,期街口布蘭特正2,139,0,139,凱基-士林,2024-08-20,9238
2888,新光金,251,125,126,凱基-士林,2024-08-20,9238
00637L,元大滬深300正2,79,7,72,凱基-士林,2024-08-20,9238
6244,茂迪,75,5,70,凱基-士林,2024-08-20,9238
00651R,復華香港反1,50,0,50,凱基-士林,2024-08-20,9238
1785,光洋科,52,12,40,凱基-士林,2024-08-20,9238
00915,凱基優選高股息30,36,0,36,凱基-士林,2024-08-20,9238
00687B,國泰20年美債,39,4,35,凱基-士林,2024-08-20,9238
00650L,復華香港正2,26,0,26,凱基-士林,2024-08-20,9238
2515,中工,27,3,24,凱基-士林,2024-08-20,9238
00688L,國泰20年美債正2,23,0,23,凱基-士林,2024-08-20,9238
2543,皇昌,29,6,23,凱基-士林,2024-08-20,9238
3617,碩天,25,2,23,凱基-士林,2024-08-20,9238
2462,良得電,25,5,20,凱基-士林,2024-08-20,9238
8147,正淩,20,1,19,凱基-士林,2024-08-20,9238
00948B,中信優息投資級債,17,0,17,凱基-士林,2024-08-20,9238
2421,建準,16,0,16,凱基-士林,2024-08-20,9238
3339,泰谷,19,3,16,凱基-士林,2024-08-20,9238
2344,華邦電,50,37,13,凱基-士林,2024-08-20,9238
2609,陽明,15,2,13,凱基-士林,2024-08-20,9238
4916,事欣科,13,0,13,凱基-士林,2024-08-20,9238
00878,國泰永續高股息,21,8,13,凱基-士林,2024-08-20,9238
3450,聯鈞,22,10,12,凱基-士林,2024-08-20,9238
8110,華東,12,0,12,凱基-士林,2024-08-20,9238
8064,東捷,37,25,12,凱基-士林,2024-08-20,9238
2887,台新金,12,1,11,凱基-士林,2024-08-20,9238
8028,昇陽半導體,17,6,11,凱基-士林,2024-08-20,9238
2317,鴻海,19,9,10,凱基-士林,2024-08-20,9238
00665L,富邦�琤肭磪囓�2,10,0,10,凱基-士林,2024-08-20,9238
1314,中石化,10,0,10,凱基-士林,2024-08-20,9238
2369,菱生,10,0,10,凱基-士林,2024-08-20,9238
2427,三商電,10,0,10,凱基-士林,2024-08-20,9238
4979,華星光,15,5,10,凱基-士林,2024-08-20,9238
6152,百一,10,0,10,凱基-士林,2024-08-20,9238
6175,立敦,10,0,10,凱基-士林,2024-08-20,9238
8240,華宏,10,0,10,凱基-士林,2024-08-20,9238
00753L,中信中國50正2,10,0,10,凱基-士林,2024-08-20,9238
00679B,元大美債20年,9,0,9,凱基-士林,2024-08-20,9238
006206,元大上證50,9,0,9,凱基-士林,2024-08-20,9238
2359,所羅門,11,2,9,凱基-士林,2024-08-20,9238
2442,新美齊,10,1,9,凱基-士林,2024-08-20,9238
2891,中信金,9,0,9,凱基-士林,2024-08-20,9238
3047,訊舟,62,53,9,凱基-士林,2024-08-20,9238
00900,富邦特選高股息30,13,5,8,凱基-士林,2024-08-20,9238
6846,綠茵,8,0,8,凱基-士林,2024-08-20,9238
3312,弘憶股,33,26,7,凱基-士林,2024-08-20,9238
2520,冠德,7,0,7,凱基-士林,2024-08-20,9238
2409,友達,299,1,298,凱基-士林,2024-08-21,9238
2891,中信金,274,8,266,凱基-士林,2024-08-21,9238
00715L,期街口布蘭特正2,145,0,145,凱基-士林,2024-08-21,9238
00929,復華台灣科技優息,146,2,144,凱基-士林,2024-08-21,9238
00687B,國泰20年美債,76,0,76,凱基-士林,2024-08-21,9238
00650L,復華香港正2,70,0,70,凱基-士林,2024-08-21,9238
6120,達運,60,0,60,凱基-士林,2024-08-21,9238
00937B,群益ESG投等債20,52,0,52,凱基-士林,2024-08-21,9238
2420,新巨,50,0,50,凱基-士林,2024-08-21,9238
2476,鉅祥,52,5,47,凱基-士林,2024-08-21,9238
2617,台航,45,0,45,凱基-士林,2024-08-21,9238
3712,永崴投控,51,11,40,凱基-士林,2024-08-21,9238
00919,群益台灣精選高息,43,6,37,凱基-士林,2024-08-21,9238
00878,國泰永續高股息,38,7,31,凱基-士林,2024-08-21,9238
2317,鴻海,39,9,30,凱基-士林,2024-08-21,9238
3706,神達,26,0,26,凱基-士林,2024-08-21,9238
2543,皇昌,25,0,25,凱基-士林,2024-08-21,9238
2615,萬海,32,7,25,凱基-士林,2024-08-21,9238
00940,元大台灣價值高息,23,0,23,凱基-士林,2024-08-21,9238
2889,國票金,23,1,22,凱基-士林,2024-08-21,9238
00953B,群益優選非投等債,20,0,20,凱基-士林,2024-08-21,9238
1611,中電,20,0,20,凱基-士林,2024-08-21,9238
6143,振曜,20,0,20,凱基-士林,2024-08-21,9238
6179,亞通,20,0,20,凱基-士林,2024-08-21,9238
00680L,元大美債20正2,102,85,17,凱基-士林,2024-08-21,9238
00795B,中信美國公債20年,15,0,15,凱基-士林,2024-08-21,9238
1514,亞力,22,8,14,凱基-士林,2024-08-21,9238
2637,慧洋-KY,15,1,14,凱基-士林,2024-08-21,9238
00665L,富邦�琤肭磪囓�2,13,0,13,凱基-士林,2024-08-21,9238
2313,華通,13,1,12,凱基-士林,2024-08-21,9238
8064,東捷,16,4,12,凱基-士林,2024-08-21,9238
2881,富邦金,12,1,11,凱基-士林,2024-08-21,9238
6186,新潤,10,0,10,凱基-士林,2024-08-21,9238
1473,台南,10,0,10,凱基-士林,2024-08-21,9238
2337,旺宏,10,0,10,凱基-士林,2024-08-21,9238
2887,台新金,10,0,10,凱基-士林,2024-08-21,9238
3052,夆典,10,0,10,凱基-士林,2024-08-21,9238
3122,笙泉,10,0,10,凱基-士林,2024-08-21,9238
3691,碩禾,15,5,10,凱基-士林,2024-08-21,9238
6215,和椿,17,7,10,凱基-士林,2024-08-21,9238
0056,元大高股息,14,4,10,凱基-士林,2024-08-21,9238
3163,波若威,16,7,9,凱基-士林,2024-08-21,9238
6117,迎廣,9,0,9,凱基-士林,2024-08-21,9238
2464,盟立,9,0,9,凱基-士林,2024-08-21,9238
3339,泰谷,15,7,8,凱基-士林,2024-08-21,9238
2408,南亞科,7,0,7,凱基-士林,2024-08-21,9238
3379,彬台,7,0,7,凱基-士林,2024-08-21,9238
3551,世禾,7,0,7,凱基-士林,2024-08-21,9238
3686,達能,7,0,7,凱基-士林,2024-08-21,9238
00934,中信成長高股息,6,0,6,凱基-士林,2024-08-21,9238
00632R,元大台灣50反1,245,42,203,凱基-士林,2024-08-22,9238
3518,柏騰,202,4,198,凱基-士林,2024-08-22,9238
00953B,群益優選非投等債,152,0,152,凱基-士林,2024-08-22,9238
5425,台半,128,7,121,凱基-士林,2024-08-22,9238
00715L,期街口布蘭特正2,94,1,93,凱基-士林,2024-08-22,9238
2891,中信金,92,3,89,凱基-士林,2024-08-22,9238
3003,健和興,55,0,55,凱基-士林,2024-08-22,9238
2476,鉅祥,56,2,54,凱基-士林,2024-08-22,9238
2609,陽明,37,0,37,凱基-士林,2024-08-22,9238
3047,訊舟,57,20,37,凱基-士林,2024-08-22,9238
2371,大同,35,0,35,凱基-士林,2024-08-22,9238
1717,長興,46,13,33,凱基-士林,2024-08-22,9238
00937B,群益ESG投等債20,32,0,32,凱基-士林,2024-08-22,9238
6753,龍德造船,30,0,30,凱基-士林,2024-08-22,9238
00857B,永豐20年美公債,27,0,27,凱基-士林,2024-08-22,9238
1449,佳和,25,2,23,凱基-士林,2024-08-22,9238
2317,鴻海,33,12,21,凱基-士林,2024-08-22,9238
00878,國泰永續高股息,21,0,21,凱基-士林,2024-08-22,9238
2349,錸德,55,34,21,凱基-士林,2024-08-22,9238
00636,國泰中國A50,20,0,20,凱基-士林,2024-08-22,9238
00650L,復華香港正2,20,0,20,凱基-士林,2024-08-22,9238
1611,中電,20,0,20,凱基-士林,2024-08-22,9238
5608,四維航,20,0,20,凱基-士林,2024-08-22,9238
00680L,元大美債20正2,22,3,19,凱基-士林,2024-08-22,9238
00685L,群益臺灣加權正2,18,0,18,凱基-士林,2024-08-22,9238
6770,力積電,16,0,16,凱基-士林,2024-08-22,9238
2851,中再保,12,0,12,凱基-士林,2024-08-22,9238
00687B,國泰20年美債,24,13,11,凱基-士林,2024-08-22,9238
00940,元大台灣價值高息,13,2,11,凱基-士林,2024-08-22,9238
2405,輔信,11,0,11,凱基-士林,2024-08-22,9238
8096,擎亞,34,23,11,凱基-士林,2024-08-22,9238
00948B,中信優息投資級債,10,0,10,凱基-士林,2024-08-22,9238
1447,力鵬,10,0,10,凱基-士林,2024-08-22,9238
2543,皇昌,10,0,10,凱基-士林,2024-08-22,9238
4160,訊聯基因,10,0,10,凱基-士林,2024-08-22,9238
4804,大略-KY,10,0,10,凱基-士林,2024-08-22,9238
4979,華星光,11,1,10,凱基-士林,2024-08-22,9238
6877,鏵友益,10,0,10,凱基-士林,2024-08-22,9238
8383,千附,10,0,10,凱基-士林,2024-08-22,9238
8938,明安,10,0,10,凱基-士林,2024-08-22,9238
1605,華新,10,1,9,凱基-士林,2024-08-22,9238
00642U,期元大S＆P石油,8,0,8,凱基-士林,2024-08-22,9238
2633,台灣高鐵,8,0,8,凱基-士林,2024-08-22,9238
3141,晶宏,11,3,8,凱基-士林,2024-08-22,9238
3522,御嵿,8,0,8,凱基-士林,2024-08-22,9238
3686,達能,9,1,8,凱基-士林,2024-08-22,9238
6806,森崴能源,13,5,8,凱基-士林,2024-08-22,9238
2382,廣達,10,2,8,凱基-士林,2024-08-22,9238
2610,華航,9,1,8,凱基-士林,2024-08-22,9238
2509,全坤建,7,0,7,凱基-士林,2024-08-22,9238
00680L,元大美債20正2,289,20,269,凱基-士林,2024-08-23,9238
2303,聯電,112,2,110,凱基-士林,2024-08-23,9238
1321,大洋,82,0,82,凱基-士林,2024-08-23,9238
3615,安可,76,6,70,凱基-士林,2024-08-23,9238
1711,永光,77,13,64,凱基-士林,2024-08-23,9238
2801,彰銀,63,0,63,凱基-士林,2024-08-23,9238
00651R,復華香港反1,50,0,50,凱基-士林,2024-08-23,9238
00687B,國泰20年美債,44,0,44,凱基-士林,2024-08-23,9238
5452,佶優,41,2,39,凱基-士林,2024-08-23,9238
00919,群益台灣精選高息,58,23,35,凱基-士林,2024-08-23,9238
2208,台船,41,8,33,凱基-士林,2024-08-23,9238
6770,力積電,31,0,31,凱基-士林,2024-08-23,9238
0056,元大高股息,35,5,30,凱基-士林,2024-08-23,9238
2002,中鋼,30,0,30,凱基-士林,2024-08-23,9238
4534,慶騰,30,0,30,凱基-士林,2024-08-23,9238
5425,台半,29,0,29,凱基-士林,2024-08-23,9238
00915,凱基優選高股息30,27,0,27,凱基-士林,2024-08-23,9238
00940,元大台灣價值高息,21,0,21,凱基-士林,2024-08-23,9238
00636,國泰中國A50,20,0,20,凱基-士林,2024-08-23,9238
2356,英業達,22,2,20,凱基-士林,2024-08-23,9238
6185,幃翔,20,0,20,凱基-士林,2024-08-23,9238
4558,寶緯,20,4,16,凱基-士林,2024-08-23,9238
2330,台積電,17,3,14,凱基-士林,2024-08-23,9238
2615,萬海,16,2,14,凱基-士林,2024-08-23,9238
2890,永豐金,13,0,13,凱基-士林,2024-08-23,9238
2344,華邦電,15,2,13,凱基-士林,2024-08-23,9238
6163,華電網,13,0,13,凱基-士林,2024-08-23,9238
2442,新美齊,12,0,12,凱基-士林,2024-08-23,9238
00688L,國泰20年美債正2,12,0,12,凱基-士林,2024-08-23,9238
3663,鑫科,18,6,12,凱基-士林,2024-08-23,9238
2388,威盛,14,2,12,凱基-士林,2024-08-23,9238
00712,復華富時不動產,11,0,11,凱基-士林,2024-08-23,9238
2548,華固,11,0,11,凱基-士林,2024-08-23,9238
4916,事欣科,11,0,11,凱基-士林,2024-08-23,9238
6877,鏵友益,13,2,11,凱基-士林,2024-08-23,9238
2542,興富發,11,0,11,凱基-士林,2024-08-23,9238
1314,中石化,259,249,10,凱基-士林,2024-08-23,9238
1605,華新,10,0,10,凱基-士林,2024-08-23,9238
1708,東鹼,17,7,10,凱基-士林,2024-08-23,9238
1737,臺鹽,10,0,10,凱基-士林,2024-08-23,9238
2017,官田鋼,10,0,10,凱基-士林,2024-08-23,9238
2312,金寶,10,0,10,凱基-士林,2024-08-23,9238
2881,富邦金,10,0,10,凱基-士林,2024-08-23,9238
2882,國泰金,11,1,10,凱基-士林,2024-08-23,9238
3691,碩禾,15,5,10,凱基-士林,2024-08-23,9238
4720,德淵,10,0,10,凱基-士林,2024-08-23,9238
6807,峰源-KY,10,0,10,凱基-士林,2024-08-23,9238
8110,華東,10,0,10,凱基-士林,2024-08-23,9238
3163,波若威,14,5,9,凱基-士林,2024-08-23,9238
3715,定穎投控,10,1,9,凱基-士林,2024-08-23,9238
00637L,元大滬深300正2,318,0,318,凱基-士林,2024-08-26,9238
2888,新光金,736,546,190,凱基-士林,2024-08-26,9238
1409,新纖,184,0,184,凱基-士林,2024-08-26,9238
00680L,元大美債20正2,164,0,164,凱基-士林,2024-08-26,9238
00932,兆豐永續高息等權,106,0,106,凱基-士林,2024-08-26,9238
00673R,期元大S＆P原油反1,100,0,100,凱基-士林,2024-08-26,9238
2303,聯電,93,3,90,凱基-士林,2024-08-26,9238
00919,群益台灣精選高息,66,2,64,凱基-士林,2024-08-26,9238
00929,復華台灣科技優息,93,30,63,凱基-士林,2024-08-26,9238
00857B,永豐20年美公債,60,0,60,凱基-士林,2024-08-26,9238
006208,富邦台50,64,7,57,凱基-士林,2024-08-26,9238
2317,鴻海,67,11,56,凱基-士林,2024-08-26,9238
5425,台半,75,20,55,凱基-士林,2024-08-26,9238
2891,中信金,52,0,52,凱基-士林,2024-08-26,9238
00687B,國泰20年美債,54,12,42,凱基-士林,2024-08-26,9238
2228,劍麟,39,0,39,凱基-士林,2024-08-26,9238
2382,廣達,40,6,34,凱基-士林,2024-08-26,9238
5469,瀚宇博,31,3,28,凱基-士林,2024-08-26,9238
00948B,中信優息投資級債,27,0,27,凱基-士林,2024-08-26,9238
2409,友達,799,774,25,凱基-士林,2024-08-26,9238
2388,威盛,26,1,25,凱基-士林,2024-08-26,9238
00882,中信中國高股息,22,0,22,凱基-士林,2024-08-26,9238
8121,越峰,20,0,20,凱基-士林,2024-08-26,9238
5443,均豪,44,25,19,凱基-士林,2024-08-26,9238
1785,光洋科,27,8,19,凱基-士林,2024-08-26,9238
00878,國泰永續高股息,59,42,17,凱基-士林,2024-08-26,9238
00633L,富邦上証正2,16,0,16,凱基-士林,2024-08-26,9238
2305,全友,15,0,15,凱基-士林,2024-08-26,9238
4513,福裕,15,0,15,凱基-士林,2024-08-26,9238
00918,大華優利高填息30,15,0,15,凱基-士林,2024-08-26,9238
8028,昇陽半導體,25,11,14,凱基-士林,2024-08-26,9238
2344,華邦電,29,15,14,凱基-士林,2024-08-26,9238
2402,毅嘉,42,28,14,凱基-士林,2024-08-26,9238
2330,台積電,15,1,14,凱基-士林,2024-08-26,9238
00713,元大台灣高息低波,12,0,12,凱基-士林,2024-08-26,9238
2520,冠德,12,0,12,凱基-士林,2024-08-26,9238
3711,日月光投控,13,1,12,凱基-士林,2024-08-26,9238
2464,盟立,11,0,11,凱基-士林,2024-08-26,9238
9907,統一實,11,0,11,凱基-士林,2024-08-26,9238
00679B,元大美債20年,12,1,11,凱基-士林,2024-08-26,9238
8089,康全電訊,13,3,10,凱基-士林,2024-08-26,9238
2892,第一金,10,0,10,凱基-士林,2024-08-26,9238
00900,富邦特選高股息30,20,10,10,凱基-士林,2024-08-26,9238
00693U,期街口S＆P黃豆,10,0,10,凱基-士林,2024-08-26,9238
1721,三晃,10,0,10,凱基-士林,2024-08-26,9238
1796,金穎生技,10,0,10,凱基-士林,2024-08-26,9238
8358,金居,10,0,10,凱基-士林,2024-08-26,9238
2371,大同,13,4,9,凱基-士林,2024-08-26,9238
1213,大飲,9,0,9,凱基-士林,2024-08-26,9238
2427,三商電,10,1,9,凱基-士林,2024-08-26,9238
3481,群創,374,30,344,凱基-士林,2024-08-27,9238
9904,寶成,300,0,300,凱基-士林,2024-08-27,9238
2409,友達,250,0,250,凱基-士林,2024-08-27,9238
00673R,期元大S＆P原油反1,102,0,102,凱基-士林,2024-08-27,9238
00680L,元大美債20正2,99,0,99,凱基-士林,2024-08-27,9238
2891,中信金,121,43,78,凱基-士林,2024-08-27,9238
00857B,永豐20年美公債,60,0,60,凱基-士林,2024-08-27,9238
3498,陽程,43,3,40,凱基-士林,2024-08-27,9238
2417,圓剛,56,21,35,凱基-士林,2024-08-27,9238
00929,復華台灣科技優息,34,0,34,凱基-士林,2024-08-27,9238
00679B,元大美債20年,30,1,29,凱基-士林,2024-08-27,9238
00918,大華優利高填息30,24,0,24,凱基-士林,2024-08-27,9238
2399,映泰,33,9,24,凱基-士林,2024-08-27,9238
2425,承啟,24,0,24,凱基-士林,2024-08-27,9238
2303,聯電,22,0,22,凱基-士林,2024-08-27,9238
6152,百一,21,0,21,凱基-士林,2024-08-27,9238
3615,安可,22,1,21,凱基-士林,2024-08-27,9238
2609,陽明,20,0,20,凱基-士林,2024-08-27,9238
1447,力鵬,20,0,20,凱基-士林,2024-08-27,9238
2888,新光金,49,30,19,凱基-士林,2024-08-27,9238
1711,永光,27,8,19,凱基-士林,2024-08-27,9238
00937B,群益ESG投等債20,18,0,18,凱基-士林,2024-08-27,9238
8096,擎亞,46,29,17,凱基-士林,2024-08-27,9238
00633L,富邦上証正2,16,0,16,凱基-士林,2024-08-27,9238
8110,華東,16,0,16,凱基-士林,2024-08-27,9238
2317,鴻海,17,2,15,凱基-士林,2024-08-27,9238
00688L,國泰20年美債正2,14,0,14,凱基-士林,2024-08-27,9238
3019,亞光,24,10,14,凱基-士林,2024-08-27,9238
2377,微星,14,1,13,凱基-士林,2024-08-27,9238
2344,華邦電,28,15,13,凱基-士林,2024-08-27,9238
3033,威健,21,9,12,凱基-士林,2024-08-27,9238
00637L,元大滬深300正2,11,0,11,凱基-士林,2024-08-27,9238
00632R,元大台灣50反1,11,0,11,凱基-士林,2024-08-27,9238
2228,劍麟,11,0,11,凱基-士林,2024-08-27,9238
2408,南亞科,12,2,10,凱基-士林,2024-08-27,9238
2349,錸德,25,15,10,凱基-士林,2024-08-27,9238
00948B,中信優息投資級債,10,0,10,凱基-士林,2024-08-27,9238
1809,中釉,10,0,10,凱基-士林,2024-08-27,9238
2442,新美齊,10,0,10,凱基-士林,2024-08-27,9238
3149,正達,17,7,10,凱基-士林,2024-08-27,9238
3362,先進光,10,0,10,凱基-士林,2024-08-27,9238
2610,華航,11,2,9,凱基-士林,2024-08-27,9238
2618,長榮航,10,1,9,凱基-士林,2024-08-27,9238
4967,十銓,42,33,9,凱基-士林,2024-08-27,9238
00795B,中信美國公債20年,8,0,8,凱基-士林,2024-08-27,9238
2603,長榮,7,0,7,凱基-士林,2024-08-27,9238
2330,台積電,8,1,7,凱基-士林,2024-08-27,9238
1727,中華化,6,0,6,凱基-士林,2024-08-27,9238
2340,台亞,6,0,6,凱基-士林,2024-08-27,9238
2353,宏��,8,2,6,凱基-士林,2024-08-27,9238
6244,茂迪,130,0,130,凱基-士林,2024-08-28,9238
1727,中華化,116,14,102,凱基-士林,2024-08-28,9238
2891,中信金,83,6,77,凱基-士林,2024-08-28,9238
00878,國泰永續高股息,55,1,54,凱基-士林,2024-08-28,9238
00959B,大華投等美債15Y+,74,21,53,凱基-士林,2024-08-28,9238
1314,中石化,38,0,38,凱基-士林,2024-08-28,9238
2425,承啟,67,33,34,凱基-士林,2024-08-28,9238
2388,威盛,37,3,34,凱基-士林,2024-08-28,9238
6770,力積電,31,1,30,凱基-士林,2024-08-28,9238
00857B,永豐20年美公債,20,0,20,凱基-士林,2024-08-28,9238
00633L,富邦上証正2,22,3,19,凱基-士林,2024-08-28,9238
4906,正文,20,2,18,凱基-士林,2024-08-28,9238
00687B,國泰20年美債,18,0,18,凱基-士林,2024-08-28,9238
1785,光洋科,16,0,16,凱基-士林,2024-08-28,9238
0056,元大高股息,17,1,16,凱基-士林,2024-08-28,9238
8111,立��,18,3,15,凱基-士林,2024-08-28,9238
00918,大華優利高填息30,14,0,14,凱基-士林,2024-08-28,9238
2867,三商壽,45,33,12,凱基-士林,2024-08-28,9238
00882,中信中國高股息,11,0,11,凱基-士林,2024-08-28,9238
2402,毅嘉,14,3,11,凱基-士林,2024-08-28,9238
3522,御嵿,12,1,11,凱基-士林,2024-08-28,9238
00715L,期街口布蘭特正2,26,16,10,凱基-士林,2024-08-28,9238
006208,富邦台50,11,1,10,凱基-士林,2024-08-28,9238
00680L,元大美債20正2,10,0,10,凱基-士林,2024-08-28,9238
00637L,元大滬深300正2,10,0,10,凱基-士林,2024-08-28,9238
00636,國泰中國A50,10,0,10,凱基-士林,2024-08-28,9238
1568,倉佑,10,0,10,凱基-士林,2024-08-28,9238
2506,太設,10,0,10,凱基-士林,2024-08-28,9238
2633,台灣高鐵,10,0,10,凱基-士林,2024-08-28,9238
2897,王道銀行,10,0,10,凱基-士林,2024-08-28,9238
5386,青雲,10,0,10,凱基-士林,2024-08-28,9238
2465,麗臺,10,1,9,凱基-士林,2024-08-28,9238
6603,富強鑫,10,1,9,凱基-士林,2024-08-28,9238
2543,皇昌,19,11,8,凱基-士林,2024-08-28,9238
2356,英業達,10,2,8,凱基-士林,2024-08-28,9238
00632R,元大台灣50反1,8,0,8,凱基-士林,2024-08-28,9238
2376,技嘉,10,2,8,凱基-士林,2024-08-28,9238
2890,永豐金,8,0,8,凱基-士林,2024-08-28,9238
4540,全球傳動,8,0,8,凱基-士林,2024-08-28,9238
6284,佳邦,8,0,8,凱基-士林,2024-08-28,9238
8096,擎亞,18,10,8,凱基-士林,2024-08-28,9238
1711,永光,29,22,7,凱基-士林,2024-08-28,9238
5324,士開,7,0,7,凱基-士林,2024-08-28,9238
8358,金居,7,0,7,凱基-士林,2024-08-28,9238
9105,泰金寶-DR,9,3,6,凱基-士林,2024-08-28,9238
2401,凌陽,6,0,6,凱基-士林,2024-08-28,9238
00929,復華台灣科技優息,8,2,6,凱基-士林,2024-08-28,9238
1789,神隆,6,0,6,凱基-士林,2024-08-28,9238
2374,佳能,6,0,6,凱基-士林,2024-08-28,9238
2537,聯上發,11,5,6,凱基-士林,2024-08-28,9238
1314,中石化,284,11,273,凱基-士林,2024-08-29,9238
3481,群創,209,0,209,凱基-士林,2024-08-29,9238
00688L,國泰20年美債正2,72,0,72,凱基-士林,2024-08-29,9238
4526,東台,121,64,57,凱基-士林,2024-08-29,9238
2515,中工,57,4,53,凱基-士林,2024-08-29,9238
6127,九豪,51,0,51,凱基-士林,2024-08-29,9238
00680L,元大美債20正2,46,0,46,凱基-士林,2024-08-29,9238
6770,力積電,50,10,40,凱基-士林,2024-08-29,9238
00715L,期街口布蘭特正2,38,0,38,凱基-士林,2024-08-29,9238
00857B,永豐20年美公債,40,5,35,凱基-士林,2024-08-29,9238
2891,中信金,40,6,34,凱基-士林,2024-08-29,9238
3689,湧德,34,2,32,凱基-士林,2024-08-29,9238
00937B,群益ESG投等債20,28,0,28,凱基-士林,2024-08-29,9238
00687B,國泰20年美債,28,0,28,凱基-士林,2024-08-29,9238
4906,正文,33,6,27,凱基-士林,2024-08-29,9238
6111,大宇資,25,0,25,凱基-士林,2024-08-29,9238
8043,蜜望實,23,1,22,凱基-士林,2024-08-29,9238
00679B,元大美債20年,20,0,20,凱基-士林,2024-08-29,9238
2303,聯電,20,0,20,凱基-士林,2024-08-29,9238
6603,富強鑫,30,10,20,凱基-士林,2024-08-29,9238
2542,興富發,25,5,20,凱基-士林,2024-08-29,9238
5521,工信,20,0,20,凱基-士林,2024-08-29,9238
3015,全漢,21,3,18,凱基-士林,2024-08-29,9238
00919,群益台灣精選高息,20,4,16,凱基-士林,2024-08-29,9238
2353,宏��,16,0,16,凱基-士林,2024-08-29,9238
4510,高鋒,43,27,16,凱基-士林,2024-08-29,9238
3479,安勤,15,0,15,凱基-士林,2024-08-29,9238
00948B,中信優息投資級債,44,30,14,凱基-士林,2024-08-29,9238
4555,氣立,15,1,14,凱基-士林,2024-08-29,9238
6156,松上,15,1,14,凱基-士林,2024-08-29,9238
3163,波若威,23,9,14,凱基-士林,2024-08-29,9238
00895,富邦未來車,13,0,13,凱基-士林,2024-08-29,9238
00946,群益科技高息成長,18,5,13,凱基-士林,2024-08-29,9238
1609,大亞,14,1,13,凱基-士林,2024-08-29,9238
3450,聯鈞,52,39,13,凱基-士林,2024-08-29,9238
8011,台通,15,2,13,凱基-士林,2024-08-29,9238
3715,定穎投控,12,0,12,凱基-士林,2024-08-29,9238
6505,台塑化,12,0,12,凱基-士林,2024-08-29,9238
2464,盟立,16,5,11,凱基-士林,2024-08-29,9238
6284,佳邦,18,7,11,凱基-士林,2024-08-29,9238
2408,南亞科,20,10,10,凱基-士林,2024-08-29,9238
00934,中信成長高股息,13,3,10,凱基-士林,2024-08-29,9238
00918,大華優利高填息30,10,0,10,凱基-士林,2024-08-29,9238
00764B,群益25年美債,10,0,10,凱基-士林,2024-08-29,9238
00779B,凱基美債25+,10,0,10,凱基-士林,2024-08-29,9238
00650L,復華香港正2,10,0,10,凱基-士林,2024-08-29,9238
2820,華票,10,0,10,凱基-士林,2024-08-29,9238
3060,銘異,10,0,10,凱基-士林,2024-08-29,9238
5263,智崴,9,0,9,凱基-士林,2024-08-29,9238
4306,炎洲,8,0,8,凱基-士林,2024-08-29,9238
2426,鼎元,112,12,100,凱基-士林,2024-08-30,9238
3213,茂訊,58,0,58,凱基-士林,2024-08-30,9238
2228,劍麟,56,0,56,凱基-士林,2024-08-30,9238
2891,中信金,49,2,47,凱基-士林,2024-08-30,9238
00680L,元大美債20正2,65,19,46,凱基-士林,2024-08-30,9238
3363,上詮,51,7,44,凱基-士林,2024-08-30,9238
2542,興富發,150,110,40,凱基-士林,2024-08-30,9238
1540,喬福,33,3,30,凱基-士林,2024-08-30,9238
6603,富強鑫,28,1,27,凱基-士林,2024-08-30,9238
00882,中信中國高股息,30,4,26,凱基-士林,2024-08-30,9238
2062,橋椿,28,3,25,凱基-士林,2024-08-30,9238
1314,中石化,24,0,24,凱基-士林,2024-08-30,9238
6213,聯茂,28,4,24,凱基-士林,2024-08-30,9238
00795B,中信美國公債20年,22,0,22,凱基-士林,2024-08-30,9238
8096,擎亞,38,17,21,凱基-士林,2024-08-30,9238
00636,國泰中國A50,20,0,20,凱基-士林,2024-08-30,9238
2538,基泰,20,0,20,凱基-士林,2024-08-30,9238
4510,高鋒,32,12,20,凱基-士林,2024-08-30,9238
00687B,國泰20年美債,19,0,19,凱基-士林,2024-08-30,9238
6127,九豪,18,0,18,凱基-士林,2024-08-30,9238
3481,群創,35,18,17,凱基-士林,2024-08-30,9238
00753L,中信中國50正2,20,3,17,凱基-士林,2024-08-30,9238
3060,銘異,18,3,15,凱基-士林,2024-08-30,9238
4571,鈞興-KY,15,0,15,凱基-士林,2024-08-30,9238
3231,緯創,15,1,14,凱基-士林,2024-08-30,9238
1711,永光,31,17,14,凱基-士林,2024-08-30,9238
2367,燿華,27,14,13,凱基-士林,2024-08-30,9238
2425,承啟,13,0,13,凱基-士林,2024-08-30,9238
00878,國泰永續高股息,15,3,12,凱基-士林,2024-08-30,9238
00679B,元大美債20年,12,0,12,凱基-士林,2024-08-30,9238
4564,元翎,12,0,12,凱基-士林,2024-08-30,9238
00929,復華台灣科技優息,43,32,11,凱基-士林,2024-08-30,9238
2356,英業達,13,2,11,凱基-士林,2024-08-30,9238
2464,盟立,12,1,11,凱基-士林,2024-08-30,9238
00919,群益台灣精選高息,11,0,11,凱基-士林,2024-08-30,9238
1504,東元,10,0,10,凱基-士林,2024-08-30,9238
3032,偉訓,10,0,10,凱基-士林,2024-08-30,9238
6165,浪凡,10,0,10,凱基-士林,2024-08-30,9238
6509,聚和,10,0,10,凱基-士林,2024-08-30,9238
3714,富采,10,0,10,凱基-士林,2024-08-30,9238
4909,新復興,11,2,9,凱基-士林,2024-08-30,9238
2317,鴻海,14,5,9,凱基-士林,2024-08-30,9238
3047,訊舟,9,1,8,凱基-士林,2024-08-30,9238
3086,華義,8,0,8,凱基-士林,2024-08-30,9238
8147,正淩,8,0,8,凱基-士林,2024-08-30,9238
2618,長榮航,14,6,8,凱基-士林,2024-08-30,9238
6269,台郡,9,2,7,凱基-士林,2024-08-30,9238
3189,景碩,11,4,7,凱基-士林,2024-08-30,9238
3406,玉晶光,7,0,7,凱基-士林,2024-08-30,9238
2801,彰銀,7,0,7,凱基-士林,2024-08-30,9238
00937B,群益ESG投等債20,325,0,325,凱基-士林,2024-09-02,9238
3481,群創,180,10,170,凱基-士林,2024-09-02,9238
00919,群益台灣精選高息,153,2,151,凱基-士林,2024-09-02,9238
00715L,期街口布蘭特正2,121,0,121,凱基-士林,2024-09-02,9238
00929,復華台灣科技優息,114,14,100,凱基-士林,2024-09-02,9238
00882,中信中國高股息,87,0,87,凱基-士林,2024-09-02,9238
4306,炎洲,83,1,82,凱基-士林,2024-09-02,9238
00687B,國泰20年美債,84,6,78,凱基-士林,2024-09-02,9238
2520,冠德,78,12,66,凱基-士林,2024-09-02,9238
00688L,國泰20年美債正2,55,0,55,凱基-士林,2024-09-02,9238
2313,華通,58,6,52,凱基-士林,2024-09-02,9238
8473,山林水,50,0,50,凱基-士林,2024-09-02,9238
2542,興富發,80,34,46,凱基-士林,2024-09-02,9238
3149,正達,45,3,42,凱基-士林,2024-09-02,9238
6603,富強鑫,42,0,42,凱基-士林,2024-09-02,9238
8182,加高,40,0,40,凱基-士林,2024-09-02,9238
2409,友達,32,0,32,凱基-士林,2024-09-02,9238
00887,永豐中國科技50大,30,0,30,凱基-士林,2024-09-02,9238
3066,李洲,30,1,29,凱基-士林,2024-09-02,9238
00679B,元大美債20年,29,1,28,凱基-士林,2024-09-02,9238
00959B,大華投等美債15Y+,26,0,26,凱基-士林,2024-09-02,9238
1727,中華化,26,2,24,凱基-士林,2024-09-02,9238
1540,喬福,23,0,23,凱基-士林,2024-09-02,9238
1303,南亞,21,0,21,凱基-士林,2024-09-02,9238
6151,晉倫,21,0,21,凱基-士林,2024-09-02,9238
3689,湧德,24,4,20,凱基-士林,2024-09-02,9238
1515,力山,20,0,20,凱基-士林,2024-09-02,9238
9902,台火,20,0,20,凱基-士林,2024-09-02,9238
00878,國泰永續高股息,18,0,18,凱基-士林,2024-09-02,9238
8463,潤泰材,18,0,18,凱基-士林,2024-09-02,9238
1711,永光,29,13,16,凱基-士林,2024-09-02,9238
00934,中信成長高股息,16,0,16,凱基-士林,2024-09-02,9238
00795B,中信美國公債20年,16,0,16,凱基-士林,2024-09-02,9238
5474,聰泰,15,0,15,凱基-士林,2024-09-02,9238
2303,聯電,16,2,14,凱基-士林,2024-09-02,9238
1618,合機,18,4,14,凱基-士林,2024-09-02,9238
2317,鴻海,21,8,13,凱基-士林,2024-09-02,9238
2344,華邦電,13,1,12,凱基-士林,2024-09-02,9238
6111,大宇資,12,0,12,凱基-士林,2024-09-02,9238
1597,直得,15,4,11,凱基-士林,2024-09-02,9238
6706,惠特,17,6,11,凱基-士林,2024-09-02,9238
8096,擎亞,18,7,11,凱基-士林,2024-09-02,9238
2486,一詮,19,8,11,凱基-士林,2024-09-02,9238
00725B,國泰投資級公司債,10,0,10,凱基-士林,2024-09-02,9238
00669R,國泰美國道瓊反1,10,0,10,凱基-士林,2024-09-02,9238
2426,鼎元,12,2,10,凱基-士林,2024-09-02,9238
3051,力特,10,0,10,凱基-士林,2024-09-02,9238
3691,碩禾,15,5,10,凱基-士林,2024-09-02,9238
8070,長華*,20,10,10,凱基-士林,2024-09-02,9238
2603,長榮,9,0,9,凱基-士林,2024-09-02,9238
3481,群創,94,15,79,凱基-士林,2024-09-03,9238
8473,山林水,70,1,69,凱基-士林,2024-09-03,9238
2313,華通,63,4,59,凱基-士林,2024-09-03,9238
2344,華邦電,56,2,54,凱基-士林,2024-09-03,9238
2409,友達,52,2,50,凱基-士林,2024-09-03,9238
00919,群益台灣精選高息,46,1,45,凱基-士林,2024-09-03,9238
1605,華新,45,1,44,凱基-士林,2024-09-03,9238
6770,力積電,41,1,40,凱基-士林,2024-09-03,9238
00915,凱基優選高股息30,37,0,37,凱基-士林,2024-09-03,9238
1213,大飲,36,0,36,凱基-士林,2024-09-03,9238
00937B,群益ESG投等債20,35,0,35,凱基-士林,2024-09-03,9238
2357,華碩,32,0,32,凱基-士林,2024-09-03,9238
00687B,國泰20年美債,33,1,32,凱基-士林,2024-09-03,9238
1727,中華化,32,0,32,凱基-士林,2024-09-03,9238
2352,佳世達,30,1,29,凱基-士林,2024-09-03,9238
4583,台灣精銳,29,0,29,凱基-士林,2024-09-03,9238
1303,南亞,27,2,25,凱基-士林,2024-09-03,9238
2891,中信金,29,4,25,凱基-士林,2024-09-03,9238
1314,中石化,23,0,23,凱基-士林,2024-09-03,9238
8463,潤泰材,23,0,23,凱基-士林,2024-09-03,9238
00637L,元大滬深300正2,22,0,22,凱基-士林,2024-09-03,9238
4526,東台,32,10,22,凱基-士林,2024-09-03,9238
00918,大華優利高填息30,22,1,21,凱基-士林,2024-09-03,9238
2820,華票,20,0,20,凱基-士林,2024-09-03,9238
6163,華電網,20,0,20,凱基-士林,2024-09-03,9238
2497,怡利電,23,4,19,凱基-士林,2024-09-03,9238
00679B,元大美債20年,18,0,18,凱基-士林,2024-09-03,9238
2305,全友,16,0,16,凱基-士林,2024-09-03,9238
00795B,中信美國公債20年,15,0,15,凱基-士林,2024-09-03,9238
2007,燁興,15,0,15,凱基-士林,2024-09-03,9238
2812,台中銀,15,0,15,凱基-士林,2024-09-03,9238
6207,雷科,20,5,15,凱基-士林,2024-09-03,9238
6443,元晶,15,0,15,凱基-士林,2024-09-03,9238
8110,華東,15,0,15,凱基-士林,2024-09-03,9238
3715,定穎投控,25,10,15,凱基-士林,2024-09-03,9238
3062,建漢,14,0,14,凱基-士林,2024-09-03,9238
3047,訊舟,21,8,13,凱基-士林,2024-09-03,9238
4566,時碩工業,16,3,13,凱基-士林,2024-09-03,9238
6143,振曜,14,2,12,凱基-士林,2024-09-03,9238
00934,中信成長高股息,12,0,12,凱基-士林,2024-09-03,9238
1809,中釉,11,0,11,凱基-士林,2024-09-03,9238
1815,富喬,13,2,11,凱基-士林,2024-09-03,9238
3363,上詮,13,2,11,凱基-士林,2024-09-03,9238
2882,國泰金,13,2,11,凱基-士林,2024-09-03,9238
2890,永豐金,10,0,10,凱基-士林,2024-09-03,9238
00882,中信中國高股息,10,0,10,凱基-士林,2024-09-03,9238
00632R,元大台灣50反1,10,0,10,凱基-士林,2024-09-03,9238
006206,元大上證50,10,0,10,凱基-士林,2024-09-03,9238
00945B,凱基美國非投等債,10,0,10,凱基-士林,2024-09-03,9238
2367,燿華,24,14,10,凱基-士林,2024-09-03,9238
00715L,期街口布蘭特正2,212,2,210,凱基-士林,2024-09-04,9238
00878,國泰永續高股息,180,0,180,凱基-士林,2024-09-04,9238
00929,復華台灣科技優息,276,136,140,凱基-士林,2024-09-04,9238
00915,凱基優選高股息30,132,6,126,凱基-士林,2024-09-04,9238
00919,群益台灣精選高息,178,86,92,凱基-士林,2024-09-04,9238
2313,華通,89,7,82,凱基-士林,2024-09-04,9238
2353,宏��,85,12,73,凱基-士林,2024-09-04,9238
3481,群創,162,97,65,凱基-士林,2024-09-04,9238
00940,元大台灣價值高息,64,0,64,凱基-士林,2024-09-04,9238
00650L,復華香港正2,58,0,58,凱基-士林,2024-09-04,9238
2887,台新金,56,0,56,凱基-士林,2024-09-04,9238
00946,群益科技高息成長,56,0,56,凱基-士林,2024-09-04,9238
2382,廣達,61,14,47,凱基-士林,2024-09-04,9238
8033,雷虎,41,0,41,凱基-士林,2024-09-04,9238
0056,元大高股息,62,21,41,凱基-士林,2024-09-04,9238
00881,國泰台灣5G+,41,1,40,凱基-士林,2024-09-04,9238
00945B,凱基美國非投等債,33,0,33,凱基-士林,2024-09-04,9238
8463,潤泰材,34,1,33,凱基-士林,2024-09-04,9238
6603,富強鑫,30,0,30,凱基-士林,2024-09-04,9238
00934,中信成長高股息,29,0,29,凱基-士林,2024-09-04,9238
2337,旺宏,29,0,29,凱基-士林,2024-09-04,9238
2305,全友,28,0,28,凱基-士林,2024-09-04,9238
2330,台積電,39,12,27,凱基-士林,2024-09-04,9238
3617,碩天,25,2,23,凱基-士林,2024-09-04,9238
00951,台新日本半導體,23,0,23,凱基-士林,2024-09-04,9238
00918,大華優利高填息30,29,7,22,凱基-士林,2024-09-04,9238
1301,台塑,27,6,21,凱基-士林,2024-09-04,9238
2017,官田鋼,21,0,21,凱基-士林,2024-09-04,9238
2344,華邦電,23,3,20,凱基-士林,2024-09-04,9238
4720,德淵,20,0,20,凱基-士林,2024-09-04,9238
2303,聯電,33,14,19,凱基-士林,2024-09-04,9238
00955,中信日本商社,19,0,19,凱基-士林,2024-09-04,9238
1815,富喬,16,0,16,凱基-士林,2024-09-04,9238
2617,台航,16,0,16,凱基-士林,2024-09-04,9238
3037,欣興,21,5,16,凱基-士林,2024-09-04,9238
1312,國喬,20,5,15,凱基-士林,2024-09-04,9238
6127,九豪,15,0,15,凱基-士林,2024-09-04,9238
8383,千附,15,0,15,凱基-士林,2024-09-04,9238
6770,力積電,14,0,14,凱基-士林,2024-09-04,9238
4583,台灣精銳,15,1,14,凱基-士林,2024-09-04,9238
00922,國泰台灣領袖50,13,0,13,凱基-士林,2024-09-04,9238
2515,中工,15,2,13,凱基-士林,2024-09-04,9238
1711,永光,36,24,12,凱基-士林,2024-09-04,9238
2408,南亞科,18,6,12,凱基-士林,2024-09-04,9238
2890,永豐金,12,0,12,凱基-士林,2024-09-04,9238
00947,台新臺灣IC設計,12,0,12,凱基-士林,2024-09-04,9238
1809,中釉,12,0,12,凱基-士林,2024-09-04,9238
5460,同協,12,0,12,凱基-士林,2024-09-04,9238
6219,富旺,12,0,12,凱基-士林,2024-09-04,9238
1314,中石化,22,11,11,凱基-士林,2024-09-04,9238
2356,英業達,1217,141,1076,凱基-士林,2024-09-05,9238
2344,華邦電,244,1,243,凱基-士林,2024-09-05,9238
2409,友達,204,0,204,凱基-士林,2024-09-05,9238
00715L,期街口布蘭特正2,124,10,114,凱基-士林,2024-09-05,9238
00952,凱基台灣AI50,108,0,108,凱基-士林,2024-09-05,9238
2888,新光金,405,301,104,凱基-士林,2024-09-05,9238
00665L,富邦�琤肭磪囓�2,100,0,100,凱基-士林,2024-09-05,9238
2609,陽明,110,17,93,凱基-士林,2024-09-05,9238
2881,富邦金,91,5,86,凱基-士林,2024-09-05,9238
3481,群創,147,71,76,凱基-士林,2024-09-05,9238
6757,台灣虎航,97,23,74,凱基-士林,2024-09-05,9238
00650L,復華香港正2,56,1,55,凱基-士林,2024-09-05,9238
2313,華通,56,2,54,凱基-士林,2024-09-05,9238
1609,大亞,36,2,34,凱基-士林,2024-09-05,9238
00915,凱基優選高股息30,52,19,33,凱基-士林,2024-09-05,9238
00929,復華台灣科技優息,106,74,32,凱基-士林,2024-09-05,9238
3374,精材,37,5,32,凱基-士林,2024-09-05,9238
1727,中華化,36,7,29,凱基-士林,2024-09-05,9238
1539,巨庭,33,6,27,凱基-士林,2024-09-05,9238
3234,光環,25,0,25,凱基-士林,2024-09-05,9238
6505,台塑化,24,0,24,凱基-士林,2024-09-05,9238
00919,群益台灣精選高息,73,50,23,凱基-士林,2024-09-05,9238
2353,宏��,24,1,23,凱基-士林,2024-09-05,9238
2543,皇昌,22,0,22,凱基-士林,2024-09-05,9238
00687B,國泰20年美債,22,1,21,凱基-士林,2024-09-05,9238
2486,一詮,30,10,20,凱基-士林,2024-09-05,9238
6548,長科*,20,0,20,凱基-士林,2024-09-05,9238
00878,國泰永續高股息,29,10,19,凱基-士林,2024-09-05,9238
00882,中信中國高股息,18,0,18,凱基-士林,2024-09-05,9238
2312,金寶,22,5,17,凱基-士林,2024-09-05,9238
3062,建漢,17,0,17,凱基-士林,2024-09-05,9238
3580,友威科,19,2,17,凱基-士林,2024-09-05,9238
8096,擎亞,17,0,17,凱基-士林,2024-09-05,9238
2891,中信金,33,16,17,凱基-士林,2024-09-05,9238
3042,晶技,16,0,16,凱基-士林,2024-09-05,9238
00679B,元大美債20年,22,6,16,凱基-士林,2024-09-05,9238
00945B,凱基美國非投等債,15,0,15,凱基-士林,2024-09-05,9238
2812,台中銀,15,0,15,凱基-士林,2024-09-05,9238
9946,三發地產,15,0,15,凱基-士林,2024-09-05,9238
6770,力積電,18,4,14,凱基-士林,2024-09-05,9238
2426,鼎元,21,7,14,凱基-士林,2024-09-05,9238
5905,南仁湖,14,0,14,凱基-士林,2024-09-05,9238
2317,鴻海,69,56,13,凱基-士林,2024-09-05,9238
2402,毅嘉,18,5,13,凱基-士林,2024-09-05,9238
00946,群益科技高息成長,11,0,11,凱基-士林,2024-09-05,9238
2633,台灣高鐵,11,0,11,凱基-士林,2024-09-05,9238
6182,合晶,11,0,11,凱基-士林,2024-09-05,9238
00713,元大台灣高息低波,10,0,10,凱基-士林,2024-09-05,9238
00900,富邦特選高股息30,10,0,10,凱基-士林,2024-09-05,9238
1570,力肯,10,0,10,凱基-士林,2024-09-05,9238
3481,群創,128,0,128,凱基-士林,2024-09-06,9238
2337,旺宏,104,1,103,凱基-士林,2024-09-06,9238
00632R,元大台灣50反1,100,0,100,凱基-士林,2024-09-06,9238
00882,中信中國高股息,107,21,86,凱基-士林,2024-09-06,9238
00945B,凱基美國非投等債,60,0,60,凱基-士林,2024-09-06,9238
00918,大華優利高填息30,58,1,57,凱基-士林,2024-09-06,9238
2882,國泰金,48,12,36,凱基-士林,2024-09-06,9238
00679B,元大美債20年,37,5,32,凱基-士林,2024-09-06,9238
8937,合騏,30,0,30,凱基-士林,2024-09-06,9238
00680L,元大美債20正2,70,45,25,凱基-士林,2024-09-06,9238
2426,鼎元,45,21,24,凱基-士林,2024-09-06,9238
00935,野村臺灣新科技50,20,0,20,凱基-士林,2024-09-06,9238
2354,鴻準,20,0,20,凱基-士林,2024-09-06,9238
1815,富喬,26,8,18,凱基-士林,2024-09-06,9238
00952,凱基台灣AI50,28,10,18,凱基-士林,2024-09-06,9238
3213,茂訊,18,0,18,凱基-士林,2024-09-06,9238
8076,伍豐,16,1,15,凱基-士林,2024-09-06,9238
1213,大飲,15,0,15,凱基-士林,2024-09-06,9238
9946,三發地產,15,0,15,凱基-士林,2024-09-06,9238
1513,中興電,14,0,14,凱基-士林,2024-09-06,9238
2888,新光金,14,0,14,凱基-士林,2024-09-06,9238
2881,富邦金,15,2,13,凱基-士林,2024-09-06,9238
00715L,期街口布蘭特正2,18,5,13,凱基-士林,2024-09-06,9238
00642U,期元大S＆P石油,13,0,13,凱基-士林,2024-09-06,9238
00946,群益科技高息成長,12,0,12,凱基-士林,2024-09-06,9238
3711,日月光投控,11,0,11,凱基-士林,2024-09-06,9238
1582,信錦,11,0,11,凱基-士林,2024-09-06,9238
9945,潤泰新,11,0,11,凱基-士林,2024-09-06,9238
2027,大成鋼,10,0,10,凱基-士林,2024-09-06,9238
2017,官田鋼,10,0,10,凱基-士林,2024-09-06,9238
2501,國建,10,0,10,凱基-士林,2024-09-06,9238
2504,國產,10,0,10,凱基-士林,2024-09-06,9238
2527,宏璟,10,0,10,凱基-士林,2024-09-06,9238
6505,台塑化,14,4,10,凱基-士林,2024-09-06,9238
2317,鴻海,18,9,9,凱基-士林,2024-09-06,9238
00637L,元大滬深300正2,14,5,9,凱基-士林,2024-09-06,9238
00864B,中信美國公債0-1,9,0,9,凱基-士林,2024-09-06,9238
00725B,國泰投資級公司債,9,0,9,凱基-士林,2024-09-06,9238
00878,國泰永續高股息,17,8,9,凱基-士林,2024-09-06,9238
00687B,國泰20年美債,23,15,8,凱基-士林,2024-09-06,9238
00633L,富邦上証正2,9,1,8,凱基-士林,2024-09-06,9238
2610,華航,8,0,8,凱基-士林,2024-09-06,9238
2891,中信金,11,3,8,凱基-士林,2024-09-06,9238
2732,六角,7,0,7,凱基-士林,2024-09-06,9238
3081,聯亞,7,0,7,凱基-士林,2024-09-06,9238
6770,力積電,11,5,6,凱基-士林,2024-09-06,9238
1540,喬福,24,18,6,凱基-士林,2024-09-06,9238
3035,智原,10,4,6,凱基-士林,2024-09-06,9238
3234,光環,6,0,6,凱基-士林,2024-09-06,9238
4566,時碩工業,6,0,6,凱基-士林,2024-09-06,9238
2409,友達,690,2,688,凱基-士林,2024-09-09,9238
00919,群益台灣精選高息,199,3,196,凱基-士林,2024-09-09,9238
3673,TPK-KY,168,0,168,凱基-士林,2024-09-09,9238
00929,復華台灣科技優息,111,11,100,凱基-士林,2024-09-09,9238
6120,達運,100,0,100,凱基-士林,2024-09-09,9238
00715L,期街口布蘭特正2,75,0,75,凱基-士林,2024-09-09,9238
3481,群創,233,174,59,凱基-士林,2024-09-09,9238
2356,英業達,53,0,53,凱基-士林,2024-09-09,9238
2313,華通,54,4,50,凱基-士林,2024-09-09,9238
2485,兆赫,50,0,50,凱基-士林,2024-09-09,9238
3049,精金,50,0,50,凱基-士林,2024-09-09,9238
00687B,國泰20年美債,49,0,49,凱基-士林,2024-09-09,9238
6603,富強鑫,45,0,45,凱基-士林,2024-09-09,9238
2353,宏��,51,6,45,凱基-士林,2024-09-09,9238
6757,台灣虎航,40,0,40,凱基-士林,2024-09-09,9238
00915,凱基優選高股息30,47,8,39,凱基-士林,2024-09-09,9238
2228,劍麟,41,5,36,凱基-士林,2024-09-09,9238
1447,力鵬,30,0,30,凱基-士林,2024-09-09,9238
2317,鴻海,34,5,29,凱基-士林,2024-09-09,9238
6143,振曜,28,1,27,凱基-士林,2024-09-09,9238
2382,廣達,30,5,25,凱基-士林,2024-09-09,9238
00642U,期元大S＆P石油,23,0,23,凱基-士林,2024-09-09,9238
3081,聯亞,23,0,23,凱基-士林,2024-09-09,9238
00940,元大台灣價值高息,24,1,23,凱基-士林,2024-09-09,9238
00881,國泰台灣5G+,22,0,22,凱基-士林,2024-09-09,9238
00952,凱基台灣AI50,22,0,22,凱基-士林,2024-09-09,9238
00918,大華優利高填息30,20,0,20,凱基-士林,2024-09-09,9238
3213,茂訊,18,0,18,凱基-士林,2024-09-09,9238
2330,台積電,22,6,16,凱基-士林,2024-09-09,9238
00795B,中信美國公債20年,15,0,15,凱基-士林,2024-09-09,9238
1213,大飲,15,0,15,凱基-士林,2024-09-09,9238
2897,王道銀行,15,0,15,凱基-士林,2024-09-09,9238
8249,菱光,15,0,15,凱基-士林,2024-09-09,9238
6194,育富,22,7,15,凱基-士林,2024-09-09,9238
2002,中鋼,21,7,14,凱基-士林,2024-09-09,9238
0056,元大高股息,14,0,14,凱基-士林,2024-09-09,9238
1301,台塑,19,6,13,凱基-士林,2024-09-09,9238
6216,居易,13,0,13,凱基-士林,2024-09-09,9238
8040,九暘,13,0,13,凱基-士林,2024-09-09,9238
2609,陽明,12,0,12,凱基-士林,2024-09-09,9238
3231,緯創,16,4,12,凱基-士林,2024-09-09,9238
8033,雷虎,24,12,12,凱基-士林,2024-09-09,9238
2883,凱基金,12,1,11,凱基-士林,2024-09-09,9238
00934,中信成長高股息,41,30,11,凱基-士林,2024-09-09,9238
4303,信立,11,0,11,凱基-士林,2024-09-09,9238
00740B,富邦全球投等債,10,0,10,凱基-士林,2024-09-09,9238
00853B,統一美債10年Aa-,10,0,10,凱基-士林,2024-09-09,9238
00945B,凱基美國非投等債,10,0,10,凱基-士林,2024-09-09,9238
2027,大成鋼,10,0,10,凱基-士林,2024-09-09,9238
2891,中信金,12,2,10,凱基-士林,2024-09-09,9238
2356,英業達,523,0,523,凱基-士林,2024-09-10,9238
3481,群創,468,54,414,凱基-士林,2024-09-10,9238
00937B,群益ESG投等債20,315,10,305,凱基-士林,2024-09-10,9238
00948B,中信優息投資級債,303,0,303,凱基-士林,2024-09-10,9238
2344,華邦電,219,5,214,凱基-士林,2024-09-10,9238
2337,旺宏,114,4,110,凱基-士林,2024-09-10,9238
00650L,復華香港正2,103,0,103,凱基-士林,2024-09-10,9238
8473,山林水,80,0,80,凱基-士林,2024-09-10,9238
00945B,凱基美國非投等債,83,5,78,凱基-士林,2024-09-10,9238
1321,大洋,78,0,78,凱基-士林,2024-09-10,9238
00715L,期街口布蘭特正2,77,0,77,凱基-士林,2024-09-10,9238
00882,中信中國高股息,56,5,51,凱基-士林,2024-09-10,9238
1605,華新,51,0,51,凱基-士林,2024-09-10,9238
00929,復華台灣科技優息,52,4,48,凱基-士林,2024-09-10,9238
00679B,元大美債20年,51,19,32,凱基-士林,2024-09-10,9238
5309,系統電,31,0,31,凱基-士林,2024-09-10,9238
00878,國泰永續高股息,26,1,25,凱基-士林,2024-09-10,9238
00931B,統一美債20年,29,6,23,凱基-士林,2024-09-10,9238
3047,訊舟,25,3,22,凱基-士林,2024-09-10,9238
1213,大飲,21,0,21,凱基-士林,2024-09-10,9238
2601,益航,20,0,20,凱基-士林,2024-09-10,9238
4720,德淵,20,0,20,凱基-士林,2024-09-10,9238
2543,皇昌,39,20,19,凱基-士林,2024-09-10,9238
2882,國泰金,29,10,19,凱基-士林,2024-09-10,9238
2002,中鋼,22,4,18,凱基-士林,2024-09-10,9238
2313,華通,19,1,18,凱基-士林,2024-09-10,9238
5460,同協,18,1,17,凱基-士林,2024-09-10,9238
00940,元大台灣價值高息,17,0,17,凱基-士林,2024-09-10,9238
2388,威盛,16,0,16,凱基-士林,2024-09-10,9238
6185,幃翔,16,0,16,凱基-士林,2024-09-10,9238
0056,元大高股息,16,0,16,凱基-士林,2024-09-10,9238
00905,FT臺灣Smart,15,0,15,凱基-士林,2024-09-10,9238
2303,聯電,15,1,14,凱基-士林,2024-09-10,9238
2382,廣達,47,33,14,凱基-士林,2024-09-10,9238
2891,中信金,35,21,14,凱基-士林,2024-09-10,9238
9934,成霖,14,0,14,凱基-士林,2024-09-10,9238
00918,大華優利高填息30,14,0,14,凱基-士林,2024-09-10,9238
6505,台塑化,14,1,13,凱基-士林,2024-09-10,9238
3715,定穎投控,16,3,13,凱基-士林,2024-09-10,9238
3213,茂訊,12,0,12,凱基-士林,2024-09-10,9238
4935,茂林-KY,12,0,12,凱基-士林,2024-09-10,9238
8033,雷虎,13,1,12,凱基-士林,2024-09-10,9238
6753,龍德造船,12,0,12,凱基-士林,2024-09-10,9238
2449,京元電子,11,0,11,凱基-士林,2024-09-10,9238
2376,技嘉,11,0,11,凱基-士林,2024-09-10,9238
6108,競國,11,0,11,凱基-士林,2024-09-10,9238
6405,悅城,11,0,11,凱基-士林,2024-09-10,9238
9945,潤泰新,11,0,11,凱基-士林,2024-09-10,9238
8016,矽創,11,0,11,凱基-士林,2024-09-10,9238
2436,偉詮電,10,0,10,凱基-士林,2024-09-10,9238
00945B,凱基美國非投等債,226,0,226,凱基-士林,2024-09-11,9238
00680L,元大美債20正2,336,119,217,凱基-士林,2024-09-11,9238
00632R,元大台灣50反1,200,0,200,凱基-士林,2024-09-11,9238
00882,中信中國高股息,152,0,152,凱基-士林,2024-09-11,9238
00715L,期街口布蘭特正2,142,3,139,凱基-士林,2024-09-11,9238
00688L,國泰20年美債正2,273,134,139,凱基-士林,2024-09-11,9238
2228,劍麟,130,2,128,凱基-士林,2024-09-11,9238
00650L,復華香港正2,116,0,116,凱基-士林,2024-09-11,9238
00919,群益台灣精選高息,119,3,116,凱基-士林,2024-09-11,9238
4935,茂林-KY,101,4,97,凱基-士林,2024-09-11,9238
9105,泰金寶-DR,90,0,90,凱基-士林,2024-09-11,9238
6757,台灣虎航,81,0,81,凱基-士林,2024-09-11,9238
1101,台泥,60,0,60,凱基-士林,2024-09-11,9238
9934,成霖,56,0,56,凱基-士林,2024-09-11,9238
5356,協益,55,0,55,凱基-士林,2024-09-11,9238
00795B,中信美國公債20年,30,0,30,凱基-士林,2024-09-11,9238
3003,健和興,30,0,30,凱基-士林,2024-09-11,9238
00957B,兆豐US優選投等債,27,0,27,凱基-士林,2024-09-11,9238
00937B,群益ESG投等債20,27,2,25,凱基-士林,2024-09-11,9238
5880,合庫金,25,0,25,凱基-士林,2024-09-11,9238
00929,復華台灣科技優息,43,19,24,凱基-士林,2024-09-11,9238
4909,新復興,21,1,20,凱基-士林,2024-09-11,9238
3663,鑫科,18,0,18,凱基-士林,2024-09-11,9238
9904,寶成,20,2,18,凱基-士林,2024-09-11,9238
6127,九豪,17,0,17,凱基-士林,2024-09-11,9238
00915,凱基優選高股息30,16,0,16,凱基-士林,2024-09-11,9238
00941,中信上游半導體,23,7,16,凱基-士林,2024-09-11,9238
6248,沛波,16,0,16,凱基-士林,2024-09-11,9238
00952,凱基台灣AI50,16,0,16,凱基-士林,2024-09-11,9238
00940,元大台灣價值高息,15,0,15,凱基-士林,2024-09-11,9238
3047,訊舟,29,15,14,凱基-士林,2024-09-11,9238
2317,鴻海,18,5,13,凱基-士林,2024-09-11,9238
00679B,元大美債20年,18,5,13,凱基-士林,2024-09-11,9238
2442,新美齊,12,0,12,凱基-士林,2024-09-11,9238
9933,中鼎,11,0,11,凱基-士林,2024-09-11,9238
00725B,國泰投資級公司債,10,0,10,凱基-士林,2024-09-11,9238
1213,大飲,10,0,10,凱基-士林,2024-09-11,9238
1312,國喬,11,1,10,凱基-士林,2024-09-11,9238
1313,聯成,10,0,10,凱基-士林,2024-09-11,9238
4956,光鋐,10,0,10,凱基-士林,2024-09-11,9238
00878,國泰永續高股息,16,6,10,凱基-士林,2024-09-11,9238
00713,元大台灣高息低波,9,0,9,凱基-士林,2024-09-11,9238
0050,元大台灣50,7,0,7,凱基-士林,2024-09-11,9238
00712,復華富時不動產,7,0,7,凱基-士林,2024-09-11,9238
00948B,中信優息投資級債,7,0,7,凱基-士林,2024-09-11,9238
3042,晶技,8,1,7,凱基-士林,2024-09-11,9238
2610,華航,11,5,6,凱基-士林,2024-09-11,9238
2002,中鋼,6,0,6,凱基-士林,2024-09-11,9238
1308,亞聚,12,6,6,凱基-士林,2024-09-11,9238
2348,海悅,6,0,6,凱基-士林,2024-09-11,9238
3481,群創,964,3,961,凱基-士林,2024-09-12,9238
00915,凱基優選高股息30,107,15,92,凱基-士林,2024-09-12,9238
00945B,凱基美國非投等債,60,0,60,凱基-士林,2024-09-12,9238
00950B,凱基A級公司債,60,0,60,凱基-士林,2024-09-12,9238
00878,國泰永續高股息,59,2,57,凱基-士林,2024-09-12,9238
00632R,元大台灣50反1,250,200,50,凱基-士林,2024-09-12,9238
00687B,國泰20年美債,87,37,50,凱基-士林,2024-09-12,9238
00712,復華富時不動產,50,0,50,凱基-士林,2024-09-12,9238
2323,中環,50,0,50,凱基-士林,2024-09-12,9238
00946,群益科技高息成長,50,1,49,凱基-士林,2024-09-12,9238
00688L,國泰20年美債正2,45,0,45,凱基-士林,2024-09-12,9238
2891,中信金,38,0,38,凱基-士林,2024-09-12,9238
00929,復華台灣科技優息,48,16,32,凱基-士林,2024-09-12,9238
2881,富邦金,40,10,30,凱基-士林,2024-09-12,9238
9938,百和,29,0,29,凱基-士林,2024-09-12,9238
00637L,元大滬深300正2,28,0,28,凱基-士林,2024-09-12,9238
6143,振曜,28,1,27,凱基-士林,2024-09-12,9238
2887,台新金,35,10,25,凱基-士林,2024-09-12,9238
4977,眾達-KY,37,15,22,凱基-士林,2024-09-12,9238
2228,劍麟,22,1,21,凱基-士林,2024-09-12,9238
00633L,富邦上証正2,20,0,20,凱基-士林,2024-09-12,9238
2883,凱基金,18,1,17,凱基-士林,2024-09-12,9238
00919,群益台灣精選高息,16,0,16,凱基-士林,2024-09-12,9238
4566,時碩工業,27,11,16,凱基-士林,2024-09-12,9238
2618,長榮航,20,5,15,凱基-士林,2024-09-12,9238
1213,大飲,14,0,14,凱基-士林,2024-09-12,9238
4564,元翎,14,0,14,凱基-士林,2024-09-12,9238
5356,協益,14,0,14,凱基-士林,2024-09-12,9238
1539,巨庭,27,14,13,凱基-士林,2024-09-12,9238
2383,台光電,17,4,13,凱基-士林,2024-09-12,9238
5460,同協,36,23,13,凱基-士林,2024-09-12,9238
00948B,中信優息投資級債,10,0,10,凱基-士林,2024-09-12,9238
00931B,統一美債20年,10,0,10,凱基-士林,2024-09-12,9238
00881,國泰台灣5G+,23,13,10,凱基-士林,2024-09-12,9238
4711,永純,20,10,10,凱基-士林,2024-09-12,9238
5309,系統電,10,0,10,凱基-士林,2024-09-12,9238
3042,晶技,16,7,9,凱基-士林,2024-09-12,9238
4906,正文,10,1,9,凱基-士林,2024-09-12,9238
1727,中華化,13,5,8,凱基-士林,2024-09-12,9238
1303,南亞,9,1,8,凱基-士林,2024-09-12,9238
1540,喬福,14,7,7,凱基-士林,2024-09-12,9238
2543,皇昌,7,0,7,凱基-士林,2024-09-12,9238
6530,創威,22,15,7,凱基-士林,2024-09-12,9238
8114,振樺電,7,0,7,凱基-士林,2024-09-12,9238
5347,世界,6,1,5,凱基-士林,2024-09-12,9238
1709,和益,5,0,5,凱基-士林,2024-09-12,9238
2359,所羅門,5,0,5,凱基-士林,2024-09-12,9238
2497,怡利電,6,1,5,凱基-士林,2024-09-12,9238
3455,由田,6,1,5,凱基-士林,2024-09-12,9238
3607,谷崧,10,5,5,凱基-士林,2024-09-12,9238
3481,群創,114,3,111,凱基-士林,2024-09-13,9238
00919,群益台灣精選高息,110,0,110,凱基-士林,2024-09-13,9238
3605,宏致,110,1,109,凱基-士林,2024-09-13,9238
3003,健和興,100,0,100,凱基-士林,2024-09-13,9238
3550,聯穎,59,0,59,凱基-士林,2024-09-13,9238
00687B,國泰20年美債,63,16,47,凱基-士林,2024-09-13,9238
6698,旭暉應材,40,1,39,凱基-士林,2024-09-13,9238
2542,興富發,37,0,37,凱基-士林,2024-09-13,9238
00937B,群益ESG投等債20,36,0,36,凱基-士林,2024-09-13,9238
00929,復華台灣科技優息,48,14,34,凱基-士林,2024-09-13,9238
00940,元大台灣價值高息,25,0,25,凱基-士林,2024-09-13,9238
6603,富強鑫,25,1,24,凱基-士林,2024-09-13,9238
00931B,統一美債20年,23,0,23,凱基-士林,2024-09-13,9238
1785,光洋科,33,11,22,凱基-士林,2024-09-13,9238
3037,欣興,24,3,21,凱基-士林,2024-09-13,9238
00934,中信成長高股息,21,0,21,凱基-士林,2024-09-13,9238
9934,成霖,19,0,19,凱基-士林,2024-09-13,9238
1213,大飲,18,0,18,凱基-士林,2024-09-13,9238
2520,冠德,16,0,16,凱基-士林,2024-09-13,9238
00945B,凱基美國非投等債,15,0,15,凱基-士林,2024-09-13,9238
00878,國泰永續高股息,15,0,15,凱基-士林,2024-09-13,9238
6216,居易,15,0,15,凱基-士林,2024-09-13,9238
2303,聯電,15,1,14,凱基-士林,2024-09-13,9238
6194,育富,15,2,13,凱基-士林,2024-09-13,9238
4979,華星光,14,1,13,凱基-士林,2024-09-13,9238
5324,士開,12,0,12,凱基-士林,2024-09-13,9238
2388,威盛,27,15,12,凱基-士林,2024-09-13,9238
00679B,元大美債20年,15,3,12,凱基-士林,2024-09-13,9238
2364,倫飛,11,0,11,凱基-士林,2024-09-13,9238
00713,元大台灣高息低波,10,0,10,凱基-士林,2024-09-13,9238
00935,野村臺灣新科技50,10,0,10,凱基-士林,2024-09-13,9238
00950B,凱基A級公司債,10,0,10,凱基-士林,2024-09-13,9238
2332,友訊,10,0,10,凱基-士林,2024-09-13,9238
2444,兆勁,10,0,10,凱基-士林,2024-09-13,9238
4763,材料-KY,10,0,10,凱基-士林,2024-09-13,9238
4977,眾達-KY,16,7,9,凱基-士林,2024-09-13,9238
5347,世界,9,0,9,凱基-士林,2024-09-13,9238
3580,友威科,11,2,9,凱基-士林,2024-09-13,9238
8096,擎亞,25,16,9,凱基-士林,2024-09-13,9238
3455,由田,9,1,8,凱基-士林,2024-09-13,9238
8028,昇陽半導體,15,7,8,凱基-士林,2024-09-13,9238
4909,新復興,18,10,8,凱基-士林,2024-09-13,9238
8011,台通,21,14,7,凱基-士林,2024-09-13,9238
00918,大華優利高填息30,8,1,7,凱基-士林,2024-09-13,9238
2313,華通,9,2,7,凱基-士林,2024-09-13,9238
1587,吉茂,6,0,6,凱基-士林,2024-09-13,9238
3511,矽瑪,8,2,6,凱基-士林,2024-09-13,9238
4561,健椿,6,0,6,凱基-士林,2024-09-13,9238
5388,中磊,6,0,6,凱基-士林,2024-09-13,9238
6933,AMAX-KY,7,1,6,凱基-士林,2024-09-13,9238
3062,建漢,250,66,184,凱基-士林,2024-09-16,9238
00929,復華台灣科技優息,163,2,161,凱基-士林,2024-09-16,9238
00715L,期街口布蘭特正2,96,0,96,凱基-士林,2024-09-16,9238
00945B,凱基美國非投等債,93,0,93,凱基-士林,2024-09-16,9238
00919,群益台灣精選高息,73,10,63,凱基-士林,2024-09-16,9238
00915,凱基優選高股息30,60,3,57,凱基-士林,2024-09-16,9238
00953B,群益優選非投等債,50,0,50,凱基-士林,2024-09-16,9238
00680L,元大美債20正2,40,0,40,凱基-士林,2024-09-16,9238
00918,大華優利高填息30,39,0,39,凱基-士林,2024-09-16,9238
00713,元大台灣高息低波,39,1,38,凱基-士林,2024-09-16,9238
8085,福華,48,10,38,凱基-士林,2024-09-16,9238
2354,鴻準,40,3,37,凱基-士林,2024-09-16,9238
00688L,國泰20年美債正2,32,0,32,凱基-士林,2024-09-16,9238
3019,亞光,29,0,29,凱基-士林,2024-09-16,9238
00687B,國泰20年美債,45,18,27,凱基-士林,2024-09-16,9238
00934,中信成長高股息,25,1,24,凱基-士林,2024-09-16,9238
00937B,群益ESG投等債20,22,0,22,凱基-士林,2024-09-16,9238
00679B,元大美債20年,30,8,22,凱基-士林,2024-09-16,9238
8104,錸寶,20,0,20,凱基-士林,2024-09-16,9238
1539,巨庭,18,0,18,凱基-士林,2024-09-16,9238
5425,台半,16,0,16,凱基-士林,2024-09-16,9238
00632R,元大台灣50反1,15,0,15,凱基-士林,2024-09-16,9238
8096,擎亞,19,4,15,凱基-士林,2024-09-16,9238
3702,大聯大,14,0,14,凱基-士林,2024-09-16,9238
4967,十銓,13,0,13,凱基-士林,2024-09-16,9238
3147,大綜,12,0,12,凱基-士林,2024-09-16,9238
2609,陽明,14,3,11,凱基-士林,2024-09-16,9238
6290,良維,21,10,11,凱基-士林,2024-09-16,9238
2399,映泰,12,1,11,凱基-士林,2024-09-16,9238
3037,欣興,12,1,11,凱基-士林,2024-09-16,9238
2317,鴻海,20,9,11,凱基-士林,2024-09-16,9238
00943,兆豐電子高息等權,10,0,10,凱基-士林,2024-09-16,9238
6869,雲豹能源,11,1,10,凱基-士林,2024-09-16,9238
8089,康全電訊,9,0,9,凱基-士林,2024-09-16,9238
2344,華邦電,8,0,8,凱基-士林,2024-09-16,9238
2408,南亞科,10,2,8,凱基-士林,2024-09-16,9238
5225,東科-KY,8,0,8,凱基-士林,2024-09-16,9238
6770,力積電,10,2,8,凱基-士林,2024-09-16,9238
2610,華航,10,3,7,凱基-士林,2024-09-16,9238
3163,波若威,7,0,7,凱基-士林,2024-09-16,9238
3360,尚立,7,0,7,凱基-士林,2024-09-16,9238
5230,雷笛克光學,12,5,7,凱基-士林,2024-09-16,9238
1773,勝一,7,1,6,凱基-士林,2024-09-16,9238
00882,中信中國高股息,6,0,6,凱基-士林,2024-09-16,9238
2359,所羅門,8,2,6,凱基-士林,2024-09-16,9238
2382,廣達,6,0,6,凱基-士林,2024-09-16,9238
2745,五福,6,0,6,凱基-士林,2024-09-16,9238
3363,上詮,6,0,6,凱基-士林,2024-09-16,9238
3548,兆利,6,0,6,凱基-士林,2024-09-16,9238
2882,國泰金,6,0,6,凱基-士林,2024-09-16,9238
2356,英業達,187,0,187,凱基-士林,2024-09-18,9238
00929,復華台灣科技優息,186,5,181,凱基-士林,2024-09-18,9238
2888,新光金,157,47,110,凱基-士林,2024-09-18,9238
00665L,富邦�琤肭磪囓�2,100,0,100,凱基-士林,2024-09-18,9238
00687B,國泰20年美債,86,1,85,凱基-士林,2024-09-18,9238
5347,世界,83,0,83,凱基-士林,2024-09-18,9238
2354,鴻準,84,2,82,凱基-士林,2024-09-18,9238
2887,台新金,79,3,76,凱基-士林,2024-09-18,9238
00918,大華優利高填息30,76,5,71,凱基-士林,2024-09-18,9238
00915,凱基優選高股息30,73,3,70,凱基-士林,2024-09-18,9238
2344,華邦電,52,0,52,凱基-士林,2024-09-18,9238
1582,信錦,55,3,52,凱基-士林,2024-09-18,9238
00919,群益台灣精選高息,82,31,51,凱基-士林,2024-09-18,9238
00673R,期元大S＆P原油反1,50,0,50,凱基-士林,2024-09-18,9238
3360,尚立,50,2,48,凱基-士林,2024-09-18,9238
9934,成霖,46,2,44,凱基-士林,2024-09-18,9238
2603,長榮,43,5,38,凱基-士林,2024-09-18,9238
00680L,元大美債20正2,51,14,37,凱基-士林,2024-09-18,9238
3481,群創,46,10,36,凱基-士林,2024-09-18,9238
2889,國票金,31,0,31,凱基-士林,2024-09-18,9238
2313,華通,39,9,30,凱基-士林,2024-09-18,9238
3594,磐儀,30,0,30,凱基-士林,2024-09-18,9238
8096,擎亞,35,12,23,凱基-士林,2024-09-18,9238
2476,鉅祥,23,0,23,凱基-士林,2024-09-18,9238
00958B,永豐ESG銀行債15,22,0,22,凱基-士林,2024-09-18,9238
2367,燿華,21,0,21,凱基-士林,2024-09-18,9238
6770,力積電,21,1,20,凱基-士林,2024-09-18,9238
00878,國泰永續高股息,20,0,20,凱基-士林,2024-09-18,9238
00934,中信成長高股息,20,0,20,凱基-士林,2024-09-18,9238
3083,網龍,20,0,20,凱基-士林,2024-09-18,9238
4903,聯光通,46,26,20,凱基-士林,2024-09-18,9238
4958,臻鼎-KY,20,1,19,凱基-士林,2024-09-18,9238
8069,元太,21,2,19,凱基-士林,2024-09-18,9238
2486,一詮,25,6,19,凱基-士林,2024-09-18,9238
2303,聯電,17,1,16,凱基-士林,2024-09-18,9238
2426,鼎元,54,38,16,凱基-士林,2024-09-18,9238
1711,永光,22,7,15,凱基-士林,2024-09-18,9238
3716,中化控股,15,0,15,凱基-士林,2024-09-18,9238
3363,上詮,33,18,15,凱基-士林,2024-09-18,9238
00713,元大台灣高息低波,13,0,13,凱基-士林,2024-09-18,9238
00931B,統一美債20年,13,0,13,凱基-士林,2024-09-18,9238
00900,富邦特選高股息30,12,0,12,凱基-士林,2024-09-18,9238
5309,系統電,12,0,12,凱基-士林,2024-09-18,9238
8032,光菱,13,1,12,凱基-士林,2024-09-18,9238
2408,南亞科,16,5,11,凱基-士林,2024-09-18,9238
00891,中信關鍵半導體,11,0,11,凱基-士林,2024-09-18,9238
00795B,中信美國公債20年,11,0,11,凱基-士林,2024-09-18,9238
2399,映泰,19,8,11,凱基-士林,2024-09-18,9238
5443,均豪,11,0,11,凱基-士林,2024-09-18,9238
8110,華東,11,0,11,凱基-士林,2024-09-18,9238
00680L,元大美債20正2,284,15,269,凱基-士林,2024-09-19,9238
00919,群益台灣精選高息,189,12,177,凱基-士林,2024-09-19,9238
00929,復華台灣科技優息,75,2,73,凱基-士林,2024-09-19,9238
00915,凱基優選高股息30,76,4,72,凱基-士林,2024-09-19,9238
2243,宏旭-KY,53,0,53,凱基-士林,2024-09-19,9238
5438,東友,51,0,51,凱基-士林,2024-09-19,9238
00687B,國泰20年美債,43,9,34,凱基-士林,2024-09-19,9238
2881,富邦金,33,2,31,凱基-士林,2024-09-19,9238
00688L,國泰20年美債正2,54,25,29,凱基-士林,2024-09-19,9238
6290,良維,28,0,28,凱基-士林,2024-09-19,9238
8070,長華*,37,9,28,凱基-士林,2024-09-19,9238
00857B,永豐20年美公債,27,0,27,凱基-士林,2024-09-19,9238
2477,美隆電,25,0,25,凱基-士林,2024-09-19,9238
6127,九豪,25,0,25,凱基-士林,2024-09-19,9238
2408,南亞科,21,2,19,凱基-士林,2024-09-19,9238
2449,京元電子,18,0,18,凱基-士林,2024-09-19,9238
00950B,凱基A級公司債,15,0,15,凱基-士林,2024-09-19,9238
2891,中信金,17,2,15,凱基-士林,2024-09-19,9238
3231,緯創,15,1,14,凱基-士林,2024-09-19,9238
2520,冠德,13,0,13,凱基-士林,2024-09-19,9238
8032,光菱,24,12,12,凱基-士林,2024-09-19,9238
1513,中興電,12,0,12,凱基-士林,2024-09-19,9238
9934,成霖,12,0,12,凱基-士林,2024-09-19,9238
00945B,凱基美國非投等債,11,0,11,凱基-士林,2024-09-19,9238
1711,永光,17,7,10,凱基-士林,2024-09-19,9238
1785,光洋科,35,25,10,凱基-士林,2024-09-19,9238
2027,大成鋼,10,0,10,凱基-士林,2024-09-19,9238
2486,一詮,15,5,10,凱基-士林,2024-09-19,9238
3013,晟銘電,12,2,10,凱基-士林,2024-09-19,9238
3213,茂訊,10,0,10,凱基-士林,2024-09-19,9238
3597,映興,10,0,10,凱基-士林,2024-09-19,9238
6505,台塑化,10,0,10,凱基-士林,2024-09-19,9238
6770,力積電,11,1,10,凱基-士林,2024-09-19,9238
2337,旺宏,15,6,9,凱基-士林,2024-09-19,9238
00908,富邦入息REITs+,10,1,9,凱基-士林,2024-09-19,9238
00637L,元大滬深300正2,22,13,9,凱基-士林,2024-09-19,9238
2250,IKKA-KY,9,0,9,凱基-士林,2024-09-19,9238
8927,北基,10,1,9,凱基-士林,2024-09-19,9238
00937B,群益ESG投等債20,18,10,8,凱基-士林,2024-09-19,9238
3686,達能,8,0,8,凱基-士林,2024-09-19,9238
2615,萬海,7,0,7,凱基-士林,2024-09-19,9238
00952,凱基台灣AI50,7,0,7,凱基-士林,2024-09-19,9238
1455,集盛,7,0,7,凱基-士林,2024-09-19,9238
3062,建漢,25,18,7,凱基-士林,2024-09-19,9238
6443,元晶,7,0,7,凱基-士林,2024-09-19,9238
4979,華星光,12,5,7,凱基-士林,2024-09-19,9238
00931B,統一美債20年,6,0,6,凱基-士林,2024-09-19,9238
2351,順德,32,26,6,凱基-士林,2024-09-19,9238
2535,達欣工,6,0,6,凱基-士林,2024-09-19,9238
3380,明泰,6,0,6,凱基-士林,2024-09-19,9238
2542,興富發,516,5,511,凱基-士林,2024-09-20,9238
00919,群益台灣精選高息,307,61,246,凱基-士林,2024-09-20,9238
1785,光洋科,226,29,197,凱基-士林,2024-09-20,9238
00637L,元大滬深300正2,147,0,147,凱基-士林,2024-09-20,9238
5438,東友,79,0,79,凱基-士林,2024-09-20,9238
6186,新潤,73,0,73,凱基-士林,2024-09-20,9238
1711,永光,84,30,54,凱基-士林,2024-09-20,9238
1321,大洋,53,0,53,凱基-士林,2024-09-20,9238
2515,中工,50,0,50,凱基-士林,2024-09-20,9238
5243,乙盛-KY,52,2,50,凱基-士林,2024-09-20,9238
006208,富邦台50,46,1,45,凱基-士林,2024-09-20,9238
2887,台新金,41,0,41,凱基-士林,2024-09-20,9238
00915,凱基優選高股息30,40,0,40,凱基-士林,2024-09-20,9238
00679B,元大美債20年,47,7,40,凱基-士林,2024-09-20,9238
3062,建漢,143,110,33,凱基-士林,2024-09-20,9238
2317,鴻海,44,12,32,凱基-士林,2024-09-20,9238
00950B,凱基A級公司債,30,0,30,凱基-士林,2024-09-20,9238
1524,耿鼎,30,0,30,凱基-士林,2024-09-20,9238
6138,茂達,50,22,28,凱基-士林,2024-09-20,9238
00960,野村全球航運龍頭,26,0,26,凱基-士林,2024-09-20,9238
2889,國票金,26,0,26,凱基-士林,2024-09-20,9238
6284,佳邦,26,2,24,凱基-士林,2024-09-20,9238
8032,光菱,23,0,23,凱基-士林,2024-09-20,9238
1314,中石化,27,5,22,凱基-士林,2024-09-20,9238
1721,三晃,21,0,21,凱基-士林,2024-09-20,9238
3535,晶彩科,22,1,21,凱基-士林,2024-09-20,9238
2867,三商壽,19,0,19,凱基-士林,2024-09-20,9238
6127,九豪,19,0,19,凱基-士林,2024-09-20,9238
6899,創為精密,19,0,19,凱基-士林,2024-09-20,9238
3703,欣陸,20,2,18,凱基-士林,2024-09-20,9238
00680L,元大美債20正2,28,11,17,凱基-士林,2024-09-20,9238
4526,東台,25,8,17,凱基-士林,2024-09-20,9238
2881,富邦金,24,7,17,凱基-士林,2024-09-20,9238
3702,大聯大,16,0,16,凱基-士林,2024-09-20,9238
4306,炎洲,16,0,16,凱基-士林,2024-09-20,9238
3346,麗清,15,0,15,凱基-士林,2024-09-20,9238
00687B,國泰20年美債,17,3,14,凱基-士林,2024-09-20,9238
4716,大立,14,0,14,凱基-士林,2024-09-20,9238
00857B,永豐20年美公債,17,4,13,凱基-士林,2024-09-20,9238
1532,勤美,12,0,12,凱基-士林,2024-09-20,9238
1702,南僑,14,2,12,凱基-士林,2024-09-20,9238
00688L,國泰20年美債正2,11,0,11,凱基-士林,2024-09-20,9238
1463,強盛新,11,0,11,凱基-士林,2024-09-20,9238
2017,官田鋼,11,0,11,凱基-士林,2024-09-20,9238
3081,聯亞,12,1,11,凱基-士林,2024-09-20,9238
5222,全訊,11,0,11,凱基-士林,2024-09-20,9238
00948B,中信優息投資級債,10,0,10,凱基-士林,2024-09-20,9238
1213,大飲,10,0,10,凱基-士林,2024-09-20,9238
1446,宏和,10,0,10,凱基-士林,2024-09-20,9238
2107,厚生,10,0,10,凱基-士林,2024-09-20,9238
00679B,元大美債20年,138,12,126,凱基-士林,2024-09-23,9238
00680L,元大美債20正2,111,0,111,凱基-士林,2024-09-23,9238
2481,強茂,100,10,90,凱基-士林,2024-09-23,9238
00929,復華台灣科技優息,79,0,79,凱基-士林,2024-09-23,9238
6186,新潤,69,0,69,凱基-士林,2024-09-23,9238
3230,錦明,69,0,69,凱基-士林,2024-09-23,9238
00688L,國泰20年美債正2,51,0,51,凱基-士林,2024-09-23,9238
3049,精金,47,2,45,凱基-士林,2024-09-23,9238
1213,大飲,33,0,33,凱基-士林,2024-09-23,9238
1314,中石化,32,0,32,凱基-士林,2024-09-23,9238
00687B,國泰20年美債,31,0,31,凱基-士林,2024-09-23,9238
2609,陽明,38,7,31,凱基-士林,2024-09-23,9238
3040,遠見,29,0,29,凱基-士林,2024-09-23,9238
4720,德淵,26,0,26,凱基-士林,2024-09-23,9238
3607,谷崧,24,0,24,凱基-士林,2024-09-23,9238
5210,寶碩,20,1,19,凱基-士林,2024-09-23,9238
2543,皇昌,21,3,18,凱基-士林,2024-09-23,9238
2401,凌陽,22,4,18,凱基-士林,2024-09-23,9238
8027,鈦昇,32,15,17,凱基-士林,2024-09-23,9238
3580,友威科,24,8,16,凱基-士林,2024-09-23,9238
1702,南僑,15,0,15,凱基-士林,2024-09-23,9238
3213,茂訊,14,0,14,凱基-士林,2024-09-23,9238
5425,台半,16,2,14,凱基-士林,2024-09-23,9238
6138,茂達,60,47,13,凱基-士林,2024-09-23,9238
2425,承啟,21,9,12,凱基-士林,2024-09-23,9238
2881,富邦金,18,6,12,凱基-士林,2024-09-23,9238
2442,新美齊,11,0,11,凱基-士林,2024-09-23,9238
00937B,群益ESG投等債20,12,1,11,凱基-士林,2024-09-23,9238
3060,銘異,13,2,11,凱基-士林,2024-09-23,9238
4576,大銀微系統,13,2,11,凱基-士林,2024-09-23,9238
2027,大成鋼,10,0,10,凱基-士林,2024-09-23,9238
00950B,凱基A級公司債,10,0,10,凱基-士林,2024-09-23,9238
1321,大洋,10,0,10,凱基-士林,2024-09-23,9238
1708,東鹼,10,0,10,凱基-士林,2024-09-23,9238
1709,和益,13,3,10,凱基-士林,2024-09-23,9238
2031,新光鋼,10,0,10,凱基-士林,2024-09-23,9238
2420,新巨,11,1,10,凱基-士林,2024-09-23,9238
3499,環天科,10,0,10,凱基-士林,2024-09-23,9238
3622,洋華,11,1,10,凱基-士林,2024-09-23,9238
3706,神達,10,0,10,凱基-士林,2024-09-23,9238
5452,佶優,10,0,10,凱基-士林,2024-09-23,9238
6111,大宇資,10,0,10,凱基-士林,2024-09-23,9238
00720B,元大投資級公司債,9,0,9,凱基-士林,2024-09-23,9238
2062,橋椿,11,2,9,凱基-士林,2024-09-23,9238
1721,三晃,37,28,9,凱基-士林,2024-09-23,9238
1711,永光,15,6,9,凱基-士林,2024-09-23,9238
3324,雙鴻,9,1,8,凱基-士林,2024-09-23,9238
3062,建漢,10,2,8,凱基-士林,2024-09-23,9238
5371,中光電,9,1,8,凱基-士林,2024-09-23,9238
5905,南仁湖,8,0,8,凱基-士林,2024-09-23,9238
00680L,元大美債20正2,60,0,60,凱基-士林,2024-09-24,9238
00688L,國泰20年美債正2,57,0,57,凱基-士林,2024-09-24,9238
2344,華邦電,56,0,56,凱基-士林,2024-09-24,9238
1702,南僑,41,0,41,凱基-士林,2024-09-24,9238
00752,中信中國50,40,0,40,凱基-士林,2024-09-24,9238
00929,復華台灣科技優息,46,13,33,凱基-士林,2024-09-24,9238
00632R,元大台灣50反1,30,0,30,凱基-士林,2024-09-24,9238
3059,華晶科,30,0,30,凱基-士林,2024-09-24,9238
1524,耿鼎,31,2,29,凱基-士林,2024-09-24,9238
3049,精金,27,0,27,凱基-士林,2024-09-24,9238
3062,建漢,41,14,27,凱基-士林,2024-09-24,9238
2356,英業達,24,0,24,凱基-士林,2024-09-24,9238
3481,群創,23,0,23,凱基-士林,2024-09-24,9238
1709,和益,23,0,23,凱基-士林,2024-09-24,9238
3605,宏致,21,0,21,凱基-士林,2024-09-24,9238
0056,元大高股息,20,0,20,凱基-士林,2024-09-24,9238
00960,野村全球航運龍頭,21,4,17,凱基-士林,2024-09-24,9238
1711,永光,17,2,15,凱基-士林,2024-09-24,9238
00922,國泰台灣領袖50,15,0,15,凱基-士林,2024-09-24,9238
00830,國泰費城半導體,14,0,14,凱基-士林,2024-09-24,9238
2313,華通,21,7,14,凱基-士林,2024-09-24,9238
3167,大量,18,4,14,凱基-士林,2024-09-24,9238
00857B,永豐20年美公債,13,0,13,凱基-士林,2024-09-24,9238
6506,雙邦,37,24,13,凱基-士林,2024-09-24,9238
2425,承啟,24,12,12,凱基-士林,2024-09-24,9238
3450,聯鈞,25,13,12,凱基-士林,2024-09-24,9238
8032,光菱,12,0,12,凱基-士林,2024-09-24,9238
00631L,元大台灣50正2,11,0,11,凱基-士林,2024-09-24,9238
00679B,元大美債20年,10,0,10,凱基-士林,2024-09-24,9238
3033,威健,10,0,10,凱基-士林,2024-09-24,9238
3083,網龍,10,0,10,凱基-士林,2024-09-24,9238
3149,正達,54,44,10,凱基-士林,2024-09-24,9238
3691,碩禾,10,0,10,凱基-士林,2024-09-24,9238
4303,信立,13,3,10,凱基-士林,2024-09-24,9238
6216,居易,10,0,10,凱基-士林,2024-09-24,9238
2382,廣達,19,10,9,凱基-士林,2024-09-24,9238
00665L,富邦�琤肭磪囓�2,20,11,9,凱基-士林,2024-09-24,9238
1736,喬山,10,1,9,凱基-士林,2024-09-24,9238
5371,中光電,21,12,9,凱基-士林,2024-09-24,9238
1539,巨庭,8,0,8,凱基-士林,2024-09-24,9238
5481,新華,8,0,8,凱基-士林,2024-09-24,9238
6108,競國,8,0,8,凱基-士林,2024-09-24,9238
6873,泓德能源,8,0,8,凱基-士林,2024-09-24,9238
8107,大億金茂,8,0,8,凱基-士林,2024-09-24,9238
00878,國泰永續高股息,8,0,8,凱基-士林,2024-09-24,9238
2362,藍天,7,0,7,凱基-士林,2024-09-24,9238
6290,良維,7,0,7,凱基-士林,2024-09-24,9238
6425,易發,7,0,7,凱基-士林,2024-09-24,9238
6770,力積電,10,3,7,凱基-士林,2024-09-24,9238
00687B,國泰20年美債,7,1,6,凱基-士林,2024-09-24,9238
00937B,群益ESG投等債20,414,0,414,凱基-士林,2024-09-25,9238
1309,台達化,302,0,302,凱基-士林,2024-09-25,9238
00655L,國泰中國A50正2,240,2,238,凱基-士林,2024-09-25,9238
2476,鉅祥,102,1,101,凱基-士林,2024-09-25,9238
3305,昇貿,87,6,81,凱基-士林,2024-09-25,9238
3481,群創,79,0,79,凱基-士林,2024-09-25,9238
00687B,國泰20年美債,70,2,68,凱基-士林,2024-09-25,9238
1608,華榮,60,3,57,凱基-士林,2024-09-25,9238
2201,裕隆,57,0,57,凱基-士林,2024-09-25,9238
2243,宏旭-KY,50,0,50,凱基-士林,2024-09-25,9238
5425,台半,42,2,40,凱基-士林,2024-09-25,9238
006205,富邦上証,35,0,35,凱基-士林,2024-09-25,9238
00636,國泰中國A50,31,0,31,凱基-士林,2024-09-25,9238
00679B,元大美債20年,35,10,25,凱基-士林,2024-09-25,9238
00639,富邦深100,25,0,25,凱基-士林,2024-09-25,9238
1213,大飲,25,0,25,凱基-士林,2024-09-25,9238
2891,中信金,45,20,25,凱基-士林,2024-09-25,9238
00882,中信中國高股息,40,15,25,凱基-士林,2024-09-25,9238
5438,東友,22,0,22,凱基-士林,2024-09-25,9238
2352,佳世達,20,0,20,凱基-士林,2024-09-25,9238
3094,聯傑,25,5,20,凱基-士林,2024-09-25,9238
00960,野村全球航運龍頭,21,2,19,凱基-士林,2024-09-25,9238
9933,中鼎,17,0,17,凱基-士林,2024-09-25,9238
3550,聯穎,25,9,16,凱基-士林,2024-09-25,9238
00950B,凱基A級公司債,15,0,15,凱基-士林,2024-09-25,9238
2426,鼎元,20,5,15,凱基-士林,2024-09-25,9238
3227,原相,61,47,14,凱基-士林,2024-09-25,9238
00887,永豐中國科技50大,15,3,12,凱基-士林,2024-09-25,9238
8076,伍豐,17,5,12,凱基-士林,2024-09-25,9238
8183,精星,14,2,12,凱基-士林,2024-09-25,9238
006208,富邦台50,12,0,12,凱基-士林,2024-09-25,9238
00642U,期元大S＆P石油,11,0,11,凱基-士林,2024-09-25,9238
00922,國泰台灣領袖50,12,1,11,凱基-士林,2024-09-25,9238
1721,三晃,11,0,11,凱基-士林,2024-09-25,9238
2495,普安,17,6,11,凱基-士林,2024-09-25,9238
3033,威健,11,0,11,凱基-士林,2024-09-25,9238
3167,大量,11,0,11,凱基-士林,2024-09-25,9238
8032,光菱,11,0,11,凱基-士林,2024-09-25,9238
00700,富邦�琤肭磪�,10,0,10,凱基-士林,2024-09-25,9238
1445,大宇,10,0,10,凱基-士林,2024-09-25,9238
1447,力鵬,10,0,10,凱基-士林,2024-09-25,9238
3045,台灣大,10,0,10,凱基-士林,2024-09-25,9238
4720,德淵,10,0,10,凱基-士林,2024-09-25,9238
5439,高技,11,1,10,凱基-士林,2024-09-25,9238
5701,劍湖山,10,0,10,凱基-士林,2024-09-25,9238
6517,保勝光學,11,2,9,凱基-士林,2024-09-25,9238
8171,天宇,9,0,9,凱基-士林,2024-09-25,9238
8027,鈦昇,8,0,8,凱基-士林,2024-09-25,9238
1532,勤美,10,2,8,凱基-士林,2024-09-25,9238
2405,輔信,17,9,8,凱基-士林,2024-09-25,9238
3576,聯合再生,250,100,150,凱基-士林,2024-09-26,9238
2542,興富發,111,0,111,凱基-士林,2024-09-26,9238
00688L,國泰20年美債正2,104,13,91,凱基-士林,2024-09-26,9238
6244,茂迪,88,0,88,凱基-士林,2024-09-26,9238
00960,野村全球航運龍頭,55,3,52,凱基-士林,2024-09-26,9238
3213,茂訊,50,1,49,凱基-士林,2024-09-26,9238
00679B,元大美債20年,44,0,44,凱基-士林,2024-09-26,9238
00715L,期街口布蘭特正2,44,5,39,凱基-士林,2024-09-26,9238
00680L,元大美債20正2,46,9,37,凱基-士林,2024-09-26,9238
2408,南亞科,60,24,36,凱基-士林,2024-09-26,9238
2317,鴻海,42,10,32,凱基-士林,2024-09-26,9238
2312,金寶,30,0,30,凱基-士林,2024-09-26,9238
2485,兆赫,24,0,24,凱基-士林,2024-09-26,9238
3390,旭軟,24,0,24,凱基-士林,2024-09-26,9238
4549,桓達,24,1,23,凱基-士林,2024-09-26,9238
5438,東友,22,0,22,凱基-士林,2024-09-26,9238
6239,力成,21,1,20,凱基-士林,2024-09-26,9238
1309,台達化,20,0,20,凱基-士林,2024-09-26,9238
1473,台南,20,0,20,凱基-士林,2024-09-26,9238
9902,台火,20,0,20,凱基-士林,2024-09-26,9238
2367,燿華,21,2,19,凱基-士林,2024-09-26,9238
6719,力智,21,2,19,凱基-士林,2024-09-26,9238
006208,富邦台50,23,4,19,凱基-士林,2024-09-26,9238
1213,大飲,18,0,18,凱基-士林,2024-09-26,9238
2486,一詮,36,19,17,凱基-士林,2024-09-26,9238
2402,毅嘉,16,1,15,凱基-士林,2024-09-26,9238
2458,義隆,15,0,15,凱基-士林,2024-09-26,9238
5272,笙科,20,5,15,凱基-士林,2024-09-26,9238
9933,中鼎,15,0,15,凱基-士林,2024-09-26,9238
4564,元翎,13,0,13,凱基-士林,2024-09-26,9238
00687B,國泰20年美債,43,32,11,凱基-士林,2024-09-26,9238
2114,鑫永銓,11,0,11,凱基-士林,2024-09-26,9238
2313,華通,13,2,11,凱基-士林,2024-09-26,9238
3019,亞光,28,17,11,凱基-士林,2024-09-26,9238
8032,光菱,11,0,11,凱基-士林,2024-09-26,9238
00950B,凱基A級公司債,30,20,10,凱基-士林,2024-09-26,9238
2888,新光金,15,5,10,凱基-士林,2024-09-26,9238
2905,三商,10,0,10,凱基-士林,2024-09-26,9238
3062,建漢,10,0,10,凱基-士林,2024-09-26,9238
3522,御嵿,10,0,10,凱基-士林,2024-09-26,9238
3673,TPK-KY,13,3,10,凱基-士林,2024-09-26,9238
3710,連展投控,10,0,10,凱基-士林,2024-09-26,9238
6219,富旺,10,0,10,凱基-士林,2024-09-26,9238
8271,宇瞻,10,0,10,凱基-士林,2024-09-26,9238
00712,復華富時不動產,10,1,9,凱基-士林,2024-09-26,9238
00881,國泰台灣5G+,10,1,9,凱基-士林,2024-09-26,9238
4903,聯光通,9,0,9,凱基-士林,2024-09-26,9238
8171,天宇,9,0,9,凱基-士林,2024-09-26,9238
2382,廣達,13,4,9,凱基-士林,2024-09-26,9238
00675L,富邦臺灣加權正2,8,0,8,凱基-士林,2024-09-26,9238
00715L,期街口布蘭特正2,118,0,118,凱基-士林,2024-09-27,9238
00680L,元大美債20正2,120,11,109,凱基-士林,2024-09-27,9238
3050,鈺德,90,0,90,凱基-士林,2024-09-27,9238
2228,劍麟,81,0,81,凱基-士林,2024-09-27,9238
3213,茂訊,90,10,80,凱基-士林,2024-09-27,9238
2344,華邦電,71,1,70,凱基-士林,2024-09-27,9238
00687B,國泰20年美債,72,8,64,凱基-士林,2024-09-27,9238
00632R,元大台灣50反1,55,0,55,凱基-士林,2024-09-27,9238
2609,陽明,75,22,53,凱基-士林,2024-09-27,9238
4760,勤凱,45,0,45,凱基-士林,2024-09-27,9238
00752,中信中國50,40,2,38,凱基-士林,2024-09-27,9238
00679B,元大美債20年,46,11,35,凱基-士林,2024-09-27,9238
2201,裕隆,31,1,30,凱基-士林,2024-09-27,9238
3363,上詮,24,0,24,凱基-士林,2024-09-27,9238
2388,威盛,22,1,21,凱基-士林,2024-09-27,9238
00937B,群益ESG投等債20,30,9,21,凱基-士林,2024-09-27,9238
00960,野村全球航運龍頭,21,0,21,凱基-士林,2024-09-27,9238
00700,富邦�琤肭磪�,20,0,20,凱基-士林,2024-09-27,9238
1727,中華化,20,0,20,凱基-士林,2024-09-27,9238
2023,燁輝,52,32,20,凱基-士林,2024-09-27,9238
2106,建大,20,0,20,凱基-士林,2024-09-27,9238
6108,競國,20,0,20,凱基-士林,2024-09-27,9238
6138,茂達,20,2,18,凱基-士林,2024-09-27,9238
00636,國泰中國A50,17,0,17,凱基-士林,2024-09-27,9238
2353,宏��,17,0,17,凱基-士林,2024-09-27,9238
2891,中信金,31,15,16,凱基-士林,2024-09-27,9238
00882,中信中國高股息,42,27,15,凱基-士林,2024-09-27,9238
3605,宏致,16,1,15,凱基-士林,2024-09-27,9238
1213,大飲,14,0,14,凱基-士林,2024-09-27,9238
2610,華航,15,2,13,凱基-士林,2024-09-27,9238
3374,精材,14,1,13,凱基-士林,2024-09-27,9238
2362,藍天,16,3,13,凱基-士林,2024-09-27,9238
3711,日月光投控,21,8,13,凱基-士林,2024-09-27,9238
3032,偉訓,12,0,12,凱基-士林,2024-09-27,9238
6840,東研信超,12,0,12,凱基-士林,2024-09-27,9238
9934,成霖,12,0,12,凱基-士林,2024-09-27,9238
00946,群益科技高息成長,11,0,11,凱基-士林,2024-09-27,9238
3260,威剛,12,1,11,凱基-士林,2024-09-27,9238
4303,信立,11,0,11,凱基-士林,2024-09-27,9238
00919,群益台灣精選高息,12,2,10,凱基-士林,2024-09-27,9238
00639,富邦深100,10,0,10,凱基-士林,2024-09-27,9238
00948B,中信優息投資級債,10,0,10,凱基-士林,2024-09-27,9238
00950B,凱基A級公司債,10,0,10,凱基-士林,2024-09-27,9238
2905,三商,10,0,10,凱基-士林,2024-09-27,9238
3265,台星科,10,0,10,凱基-士林,2024-09-27,9238
4123,晟德,10,0,10,凱基-士林,2024-09-27,9238
5355,佳總,10,0,10,凱基-士林,2024-09-27,9238
00830,國泰費城半導體,10,1,9,凱基-士林,2024-09-27,9238
2025,千興,10,1,9,凱基-士林,2024-09-27,9238
2030,彰源,10,1,9,凱基-士林,2024-09-27,9238
00937B,群益ESG投等債20,209,26,183,凱基-士林,2024-09-30,9238
2344,華邦電,146,2,144,凱基-士林,2024-09-30,9238
1213,大飲,133,0,133,凱基-士林,2024-09-30,9238
00651R,復華香港反1,100,0,100,凱基-士林,2024-09-30,9238
00919,群益台灣精選高息,92,2,90,凱基-士林,2024-09-30,9238
2637,慧洋-KY,91,3,88,凱基-士林,2024-09-30,9238
00687B,國泰20年美債,76,1,75,凱基-士林,2024-09-30,9238
1217,愛之味,60,0,60,凱基-士林,2024-09-30,9238
00637L,元大滬深300正2,2677,2629,48,凱基-士林,2024-09-30,9238
2330,台積電,53,5,48,凱基-士林,2024-09-30,9238
2313,華通,45,1,44,凱基-士林,2024-09-30,9238
3363,上詮,51,7,44,凱基-士林,2024-09-30,9238
2106,建大,39,0,39,凱基-士林,2024-09-30,9238
8438,昶昕,36,0,36,凱基-士林,2024-09-30,9238
0056,元大高股息,32,0,32,凱基-士林,2024-09-30,9238
1909,榮成,30,0,30,凱基-士林,2024-09-30,9238
00946,群益科技高息成長,29,1,28,凱基-士林,2024-09-30,9238
3322,建舜電,27,0,27,凱基-士林,2024-09-30,9238
00881,國泰台灣5G+,25,1,24,凱基-士林,2024-09-30,9238
2303,聯電,26,2,24,凱基-士林,2024-09-30,9238
00713,元大台灣高息低波,22,0,22,凱基-士林,2024-09-30,9238
2356,英業達,24,2,22,凱基-士林,2024-09-30,9238
5438,東友,22,0,22,凱基-士林,2024-09-30,9238
3437,榮創,21,0,21,凱基-士林,2024-09-30,9238
00680L,元大美債20正2,20,0,20,凱基-士林,2024-09-30,9238
1473,台南,20,0,20,凱基-士林,2024-09-30,9238
2538,基泰,20,0,20,凱基-士林,2024-09-30,9238
00927,群益半導體收益,19,0,19,凱基-士林,2024-09-30,9238
2891,中信金,21,5,16,凱基-士林,2024-09-30,9238
2353,宏��,20,5,15,凱基-士林,2024-09-30,9238
4167,松瑞藥,15,0,15,凱基-士林,2024-09-30,9238
8040,九暘,15,0,15,凱基-士林,2024-09-30,9238
2884,玉山金,14,0,14,凱基-士林,2024-09-30,9238
9945,潤泰新,14,0,14,凱基-士林,2024-09-30,9238
2618,長榮航,18,4,14,凱基-士林,2024-09-30,9238
2317,鴻海,23,10,13,凱基-士林,2024-09-30,9238
3711,日月光投控,14,1,13,凱基-士林,2024-09-30,9238
00636,國泰中國A50,19,6,13,凱基-士林,2024-09-30,9238
6197,佳必琪,14,1,13,凱基-士林,2024-09-30,9238
00948B,中信優息投資級債,12,0,12,凱基-士林,2024-09-30,9238
2476,鉅祥,15,3,12,凱基-士林,2024-09-30,9238
2382,廣達,25,14,11,凱基-士林,2024-09-30,9238
00679B,元大美債20年,11,1,10,凱基-士林,2024-09-30,9238
00950B,凱基A級公司債,10,0,10,凱基-士林,2024-09-30,9238
1514,亞力,10,0,10,凱基-士林,2024-09-30,9238
2025,千興,20,10,10,凱基-士林,2024-09-30,9238
2374,佳能,10,0,10,凱基-士林,2024-09-30,9238
5243,乙盛-KY,10,0,10,凱基-士林,2024-09-30,9238
9934,成霖,10,0,10,凱基-士林,2024-09-30,9238
00940,元大台灣價值高息,12,3,9,凱基-士林,2024-09-30,9238
00637L,元大滬深300正2,329,74,255,凱基-士林,2024-10-01,9238
00665L,富邦�琤肭磪囓�2,321,76,245,凱基-士林,2024-10-01,9238
2613,中櫃,160,0,160,凱基-士林,2024-10-01,9238
00632R,元大台灣50反1,150,20,130,凱基-士林,2024-10-01,9238
00680L,元大美債20正2,107,0,107,凱基-士林,2024-10-01,9238
00687B,國泰20年美債,67,6,61,凱基-士林,2024-10-01,9238
00753L,中信中國50正2,55,5,50,凱基-士林,2024-10-01,9238
00919,群益台灣精選高息,51,2,49,凱基-士林,2024-10-01,9238
00650L,復華香港正2,50,1,49,凱基-士林,2024-10-01,9238
2540,愛山林,47,0,47,凱基-士林,2024-10-01,9238
1314,中石化,40,0,40,凱基-士林,2024-10-01,9238
2371,大同,40,3,37,凱基-士林,2024-10-01,9238
1605,華新,37,1,36,凱基-士林,2024-10-01,9238
3481,群創,32,3,29,凱基-士林,2024-10-01,9238
2888,新光金,40,12,28,凱基-士林,2024-10-01,9238
00720B,元大投資級公司債,26,0,26,凱基-士林,2024-10-01,9238
0056,元大高股息,26,1,25,凱基-士林,2024-10-01,9238
2476,鉅祥,25,0,25,凱基-士林,2024-10-01,9238
2327,國巨,24,0,24,凱基-士林,2024-10-01,9238
5438,東友,22,0,22,凱基-士林,2024-10-01,9238
2038,海光,21,0,21,凱基-士林,2024-10-01,9238
00922,國泰台灣領袖50,21,0,21,凱基-士林,2024-10-01,9238
8032,光菱,23,2,21,凱基-士林,2024-10-01,9238
1473,台南,20,0,20,凱基-士林,2024-10-01,9238
2409,友達,22,2,20,凱基-士林,2024-10-01,9238
2420,新巨,20,0,20,凱基-士林,2024-10-01,9238
2609,陽明,54,34,20,凱基-士林,2024-10-01,9238
1213,大飲,19,0,19,凱基-士林,2024-10-01,9238
2106,建大,18,0,18,凱基-士林,2024-10-01,9238
3702,大聯大,16,0,16,凱基-士林,2024-10-01,9238
2347,聯強,16,0,16,凱基-士林,2024-10-01,9238
2349,錸德,16,0,16,凱基-士林,2024-10-01,9238
00878,國泰永續高股息,20,5,15,凱基-士林,2024-10-01,9238
3499,環天科,15,0,15,凱基-士林,2024-10-01,9238
8438,昶昕,15,0,15,凱基-士林,2024-10-01,9238
2344,華邦電,14,0,14,凱基-士林,2024-10-01,9238
4763,材料-KY,14,0,14,凱基-士林,2024-10-01,9238
9105,泰金寶-DR,12,0,12,凱基-士林,2024-10-01,9238
00929,復華台灣科技優息,57,46,11,凱基-士林,2024-10-01,9238
00936,台新永續高息中小,14,3,11,凱基-士林,2024-10-01,9238
00713,元大台灣高息低波,12,1,11,凱基-士林,2024-10-01,9238
2408,南亞科,10,0,10,凱基-士林,2024-10-01,9238
006208,富邦台50,10,0,10,凱基-士林,2024-10-01,9238
00937B,群益ESG投等債20,10,0,10,凱基-士林,2024-10-01,9238
00948B,中信優息投資級債,10,0,10,凱基-士林,2024-10-01,9238
2323,中環,10,0,10,凱基-士林,2024-10-01,9238
3042,晶技,10,0,10,凱基-士林,2024-10-01,9238
3049,精金,10,0,10,凱基-士林,2024-10-01,9238
6244,茂迪,20,10,10,凱基-士林,2024-10-01,9238
3715,定穎投控,10,1,9,凱基-士林,2024-10-01,9238
00752,中信中國50,312,12,300,凱基-士林,2024-10-04,9238
00643,群益深証中小,300,0,300,凱基-士林,2024-10-04,9238
00651R,復華香港反1,200,0,200,凱基-士林,2024-10-04,9238
0061,元大寶滬深,178,0,178,凱基-士林,2024-10-04,9238
1702,南僑,152,1,151,凱基-士林,2024-10-04,9238
00636,國泰中國A50,109,8,101,凱基-士林,2024-10-04,9238
00673R,期元大S＆P原油反1,100,0,100,凱基-士林,2024-10-04,9238
00919,群益台灣精選高息,87,2,85,凱基-士林,2024-10-04,9238
2317,鴻海,115,43,72,凱基-士林,2024-10-04,9238
00665L,富邦�琤肭磪囓�2,233,163,70,凱基-士林,2024-10-04,9238
3708,上緯投控,71,1,70,凱基-士林,2024-10-04,9238
00680L,元大美債20正2,69,0,69,凱基-士林,2024-10-04,9238
00929,復華台灣科技優息,100,44,56,凱基-士林,2024-10-04,9238
00650L,復華香港正2,74,19,55,凱基-士林,2024-10-04,9238
00687B,國泰20年美債,56,2,54,凱基-士林,2024-10-04,9238
9934,成霖,48,0,48,凱基-士林,2024-10-04,9238
00922,國泰台灣領袖50,38,0,38,凱基-士林,2024-10-04,9238
2610,華航,39,2,37,凱基-士林,2024-10-04,9238
1213,大飲,35,0,35,凱基-士林,2024-10-04,9238
5438,東友,35,0,35,凱基-士林,2024-10-04,9238
2887,台新金,31,0,31,凱基-士林,2024-10-04,9238
1314,中石化,30,0,30,凱基-士林,2024-10-04,9238
00679B,元大美債20年,28,0,28,凱基-士林,2024-10-04,9238
2609,陽明,60,35,25,凱基-士林,2024-10-04,9238
2618,長榮航,29,7,22,凱基-士林,2024-10-04,9238
2603,長榮,26,4,22,凱基-士林,2024-10-04,9238
3045,台灣大,20,0,20,凱基-士林,2024-10-04,9238
3234,光環,27,7,20,凱基-士林,2024-10-04,9238
9902,台火,20,0,20,凱基-士林,2024-10-04,9238
2498,宏達電,38,18,20,凱基-士林,2024-10-04,9238
6138,茂達,35,17,18,凱基-士林,2024-10-04,9238
3062,建漢,29,13,16,凱基-士林,2024-10-04,9238
2353,宏��,20,5,15,凱基-士林,2024-10-04,9238
3607,谷崧,15,0,15,凱基-士林,2024-10-04,9238
2362,藍天,20,6,14,凱基-士林,2024-10-04,9238
0056,元大高股息,17,3,14,凱基-士林,2024-10-04,9238
00948B,中信優息投資級債,13,0,13,凱基-士林,2024-10-04,9238
2891,中信金,25,12,13,凱基-士林,2024-10-04,9238
00878,國泰永續高股息,18,5,13,凱基-士林,2024-10-04,9238
00751B,元大AAA至A公司債,12,0,12,凱基-士林,2024-10-04,9238
00720B,元大投資級公司債,12,0,12,凱基-士林,2024-10-04,9238
8032,光菱,12,0,12,凱基-士林,2024-10-04,9238
9933,中鼎,12,0,12,凱基-士林,2024-10-04,9238
2615,萬海,12,1,11,凱基-士林,2024-10-04,9238
00952,凱基台灣AI50,65,55,10,凱基-士林,2024-10-04,9238
2303,聯電,12,2,10,凱基-士林,2024-10-04,9238
2356,英業達,13,3,10,凱基-士林,2024-10-04,9238
5876,上海商銀,10,0,10,凱基-士林,2024-10-04,9238
006205,富邦上証,11,1,10,凱基-士林,2024-10-04,9238
1256,鮮活果汁-KY,10,0,10,凱基-士林,2024-10-04,9238
00882,中信中國高股息,980,373,607,凱基-士林,2024-10-07,9238
006207,復華滬深,316,1,315,凱基-士林,2024-10-07,9238
00637L,元大滬深300正2,1085,862,223,凱基-士林,2024-10-07,9238
2103,台橡,207,11,196,凱基-士林,2024-10-07,9238
00655L,國泰中國A50正2,140,0,140,凱基-士林,2024-10-07,9238
00665L,富邦�琤肭磪囓�2,172,41,131,凱基-士林,2024-10-07,9238
00651R,復華香港反1,100,0,100,凱基-士林,2024-10-07,9238
00680L,元大美債20正2,93,15,78,凱基-士林,2024-10-07,9238
00753L,中信中國50正2,197,132,65,凱基-士林,2024-10-07,9238
2344,華邦電,64,0,64,凱基-士林,2024-10-07,9238
1213,大飲,60,0,60,凱基-士林,2024-10-07,9238
00929,復華台灣科技優息,96,48,48,凱基-士林,2024-10-07,9238
2356,英業達,60,19,41,凱基-士林,2024-10-07,9238
00919,群益台灣精選高息,40,2,38,凱基-士林,2024-10-07,9238
3017,奇鋐,37,2,35,凱基-士林,2024-10-07,9238
00688L,國泰20年美債正2,30,0,30,凱基-士林,2024-10-07,9238
2323,中環,30,0,30,凱基-士林,2024-10-07,9238
00679B,元大美債20年,35,6,29,凱基-士林,2024-10-07,9238
2498,宏達電,29,1,28,凱基-士林,2024-10-07,9238
0056,元大高股息,33,9,24,凱基-士林,2024-10-07,9238
1307,三芳,24,0,24,凱基-士林,2024-10-07,9238
6530,創威,24,0,24,凱基-士林,2024-10-07,9238
00922,國泰台灣領袖50,23,0,23,凱基-士林,2024-10-07,9238
2313,華通,25,2,23,凱基-士林,2024-10-07,9238
2426,鼎元,23,0,23,凱基-士林,2024-10-07,9238
2888,新光金,60,38,22,凱基-士林,2024-10-07,9238
5438,東友,34,12,22,凱基-士林,2024-10-07,9238
2887,台新金,21,1,20,凱基-士林,2024-10-07,9238
3010,華立,20,0,20,凱基-士林,2024-10-07,9238
8411,福貞-KY,20,0,20,凱基-士林,2024-10-07,9238
1303,南亞,28,9,19,凱基-士林,2024-10-07,9238
6257,矽格,18,0,18,凱基-士林,2024-10-07,9238
3481,群創,21,4,17,凱基-士林,2024-10-07,9238
3049,精金,22,6,16,凱基-士林,2024-10-07,9238
2603,長榮,18,2,16,凱基-士林,2024-10-07,9238
2317,鴻海,57,42,15,凱基-士林,2024-10-07,9238
00687B,國泰20年美債,26,12,14,凱基-士林,2024-10-07,9238
1727,中華化,14,0,14,凱基-士林,2024-10-07,9238
2049,上銀,14,0,14,凱基-士林,2024-10-07,9238
4958,臻鼎-KY,13,1,12,凱基-士林,2024-10-07,9238
2014,中鴻,12,0,12,凱基-士林,2024-10-07,9238
2353,宏��,18,6,12,凱基-士林,2024-10-07,9238
3033,威健,11,0,11,凱基-士林,2024-10-07,9238
00725B,國泰投資級公司債,10,0,10,凱基-士林,2024-10-07,9238
00933B,國泰10Y+金融債,10,0,10,凱基-士林,2024-10-07,9238
1527,鑽全,10,0,10,凱基-士林,2024-10-07,9238
2495,普安,17,7,10,凱基-士林,2024-10-07,9238
3217,優群,11,1,10,凱基-士林,2024-10-07,9238
6244,茂迪,10,0,10,凱基-士林,2024-10-07,9238
8429,金麗-KY,37,27,10,凱基-士林,2024-10-07,9238
00673R,期元大S＆P原油反1,201,0,201,凱基-士林,2024-10-08,9238
00651R,復華香港反1,200,0,200,凱基-士林,2024-10-08,9238
3576,聯合再生,184,1,183,凱基-士林,2024-10-08,9238
00643,群益深証中小,159,0,159,凱基-士林,2024-10-08,9238
2354,鴻準,143,0,143,凱基-士林,2024-10-08,9238
2316,楠梓電,105,0,105,凱基-士林,2024-10-08,9238
00929,復華台灣科技優息,95,0,95,凱基-士林,2024-10-08,9238
00753L,中信中國50正2,134,68,66,凱基-士林,2024-10-08,9238
1314,中石化,66,3,63,凱基-士林,2024-10-08,9238
2371,大同,62,0,62,凱基-士林,2024-10-08,9238
6603,富強鑫,55,0,55,凱基-士林,2024-10-08,9238
1321,大洋,54,0,54,凱基-士林,2024-10-08,9238
3149,正達,57,6,51,凱基-士林,2024-10-08,9238
2363,矽統,106,58,48,凱基-士林,2024-10-08,9238
2442,新美齊,45,0,45,凱基-士林,2024-10-08,9238
2303,聯電,47,3,44,凱基-士林,2024-10-08,9238
00919,群益台灣精選高息,39,0,39,凱基-士林,2024-10-08,9238
0056,元大高股息,40,1,39,凱基-士林,2024-10-08,9238
1213,大飲,38,0,38,凱基-士林,2024-10-08,9238
00632R,元大台灣50反1,55,20,35,凱基-士林,2024-10-08,9238
00680L,元大美債20正2,130,97,33,凱基-士林,2024-10-08,9238
3231,緯創,33,1,32,凱基-士林,2024-10-08,9238
00639,富邦深100,30,0,30,凱基-士林,2024-10-08,9238
006207,復華滬深,30,0,30,凱基-士林,2024-10-08,9238
2356,英業達,30,1,29,凱基-士林,2024-10-08,9238
00688L,國泰20年美債正2,36,10,26,凱基-士林,2024-10-08,9238
00922,國泰台灣領袖50,23,0,23,凱基-士林,2024-10-08,9238
00720B,元大投資級公司債,18,0,18,凱基-士林,2024-10-08,9238
3037,欣興,18,1,17,凱基-士林,2024-10-08,9238
00937B,群益ESG投等債20,48,31,17,凱基-士林,2024-10-08,9238
00878,國泰永續高股息,17,0,17,凱基-士林,2024-10-08,9238
2106,建大,15,0,15,凱基-士林,2024-10-08,9238
4542,科嶠,17,2,15,凱基-士林,2024-10-08,9238
00934,中信成長高股息,14,0,14,凱基-士林,2024-10-08,9238
00751B,元大AAA至A公司債,13,0,13,凱基-士林,2024-10-08,9238
00940,元大台灣價值高息,15,2,13,凱基-士林,2024-10-08,9238
2399,映泰,26,14,12,凱基-士林,2024-10-08,9238
3479,安勤,12,0,12,凱基-士林,2024-10-08,9238
3711,日月光投控,13,1,12,凱基-士林,2024-10-08,9238
4763,材料-KY,14,2,12,凱基-士林,2024-10-08,9238
9934,成霖,12,0,12,凱基-士林,2024-10-08,9238
8112,至上,12,1,11,凱基-士林,2024-10-08,9238
2887,台新金,11,0,11,凱基-士林,2024-10-08,9238
5483,中美晶,11,0,11,凱基-士林,2024-10-08,9238
1785,光洋科,14,3,11,凱基-士林,2024-10-08,9238
1303,南亞,26,15,11,凱基-士林,2024-10-08,9238
3673,TPK-KY,11,0,11,凱基-士林,2024-10-08,9238
8111,立��,13,2,11,凱基-士林,2024-10-08,9238
2388,威盛,13,2,11,凱基-士林,2024-10-08,9238
3481,群創,14,4,10,凱基-士林,2024-10-08,9238
6603,富強鑫,111,2,109,凱基-士林,2024-10-09,9238
00651R,復華香港反1,105,1,104,凱基-士林,2024-10-09,9238
00650L,復華香港正2,108,7,101,凱基-士林,2024-10-09,9238
2442,新美齊,87,0,87,凱基-士林,2024-10-09,9238
00725B,國泰投資級公司債,76,0,76,凱基-士林,2024-10-09,9238
00882,中信中國高股息,79,10,69,凱基-士林,2024-10-09,9238
8021,尖點,68,0,68,凱基-士林,2024-10-09,9238
1321,大洋,65,0,65,凱基-士林,2024-10-09,9238
00752,中信中國50,60,1,59,凱基-士林,2024-10-09,9238
3576,聯合再生,52,0,52,凱基-士林,2024-10-09,9238
2332,友訊,44,0,44,凱基-士林,2024-10-09,9238
6284,佳邦,44,1,43,凱基-士林,2024-10-09,9238
00687B,國泰20年美債,55,14,41,凱基-士林,2024-10-09,9238
8358,金居,40,0,40,凱基-士林,2024-10-09,9238
2303,聯電,40,7,33,凱基-士林,2024-10-09,9238
2337,旺宏,32,0,32,凱基-士林,2024-10-09,9238
2371,大同,31,0,31,凱基-士林,2024-10-09,9238
00940,元大台灣價值高息,31,0,31,凱基-士林,2024-10-09,9238
6177,達麗,30,0,30,凱基-士林,2024-10-09,9238
2344,華邦電,28,0,28,凱基-士林,2024-10-09,9238
3691,碩禾,27,0,27,凱基-士林,2024-10-09,9238
2327,國巨,25,0,25,凱基-士林,2024-10-09,9238
6192,巨路,25,0,25,凱基-士林,2024-10-09,9238
1605,華新,24,0,24,凱基-士林,2024-10-09,9238
3450,聯鈞,46,24,22,凱基-士林,2024-10-09,9238
00753L,中信中國50正2,224,202,22,凱基-士林,2024-10-09,9238
2362,藍天,21,0,21,凱基-士林,2024-10-09,9238
6770,力積電,20,0,20,凱基-士林,2024-10-09,9238
1303,南亞,25,5,20,凱基-士林,2024-10-09,9238
2543,皇昌,22,2,20,凱基-士林,2024-10-09,9238
3703,欣陸,20,0,20,凱基-士林,2024-10-09,9238
8043,蜜望實,18,0,18,凱基-士林,2024-10-09,9238
8096,擎亞,25,7,18,凱基-士林,2024-10-09,9238
2436,偉詮電,16,0,16,凱基-士林,2024-10-09,9238
2609,陽明,17,2,15,凱基-士林,2024-10-09,9238
3036,文曄,15,0,15,凱基-士林,2024-10-09,9238
00952,凱基台灣AI50,16,2,14,凱基-士林,2024-10-09,9238
0056,元大高股息,17,3,14,凱基-士林,2024-10-09,9238
00915,凱基優選高股息30,14,1,13,凱基-士林,2024-10-09,9238
3048,益登,19,6,13,凱基-士林,2024-10-09,9238
5880,合庫金,13,0,13,凱基-士林,2024-10-09,9238
4979,華星光,26,13,13,凱基-士林,2024-10-09,9238
3481,群創,15,3,12,凱基-士林,2024-10-09,9238
2368,金像電,12,0,12,凱基-士林,2024-10-09,9238
2890,永豐金,12,0,12,凱基-士林,2024-10-09,9238
2449,京元電子,63,52,11,凱基-士林,2024-10-09,9238
0061,元大寶滬深,10,0,10,凱基-士林,2024-10-09,9238
00700,富邦�琤肭磪�,10,0,10,凱基-士林,2024-10-09,9238
00643,群益深証中小,10,0,10,凱基-士林,2024-10-09,9238
006206,元大上證50,10,0,10,凱基-士林,2024-10-09,9238
2344,華邦電,242,0,242,凱基-士林,2024-10-11,9238
00673R,期元大S＆P原油反1,204,0,204,凱基-士林,2024-10-11,9238
0056,元大高股息,95,1,94,凱基-士林,2024-10-11,9238
00679B,元大美債20年,84,0,84,凱基-士林,2024-10-11,9238
00665L,富邦�琤肭磪囓�2,79,7,72,凱基-士林,2024-10-11,9238
00725B,國泰投資級公司債,60,0,60,凱基-士林,2024-10-11,9238
3576,聯合再生,58,0,58,凱基-士林,2024-10-11,9238
8033,雷虎,51,0,51,凱基-士林,2024-10-11,9238
1213,大飲,49,0,49,凱基-士林,2024-10-11,9238
1785,光洋科,50,9,41,凱基-士林,2024-10-11,9238
00934,中信成長高股息,36,0,36,凱基-士林,2024-10-11,9238
00637L,元大滬深300正2,49,16,33,凱基-士林,2024-10-11,9238
3260,威剛,33,0,33,凱基-士林,2024-10-11,9238
00915,凱基優選高股息30,31,0,31,凱基-士林,2024-10-11,9238
00632R,元大台灣50反1,31,0,31,凱基-士林,2024-10-11,9238
00943,兆豐電子高息等權,30,0,30,凱基-士林,2024-10-11,9238
5258,虹堡,30,0,30,凱基-士林,2024-10-11,9238
2542,興富發,25,0,25,凱基-士林,2024-10-11,9238
2388,威盛,36,12,24,凱基-士林,2024-10-11,9238
2449,京元電子,42,21,21,凱基-士林,2024-10-11,9238
00639,富邦深100,20,0,20,凱基-士林,2024-10-11,9238
2420,新巨,20,0,20,凱基-士林,2024-10-11,9238
00687B,國泰20年美債,21,1,20,凱基-士林,2024-10-11,9238
1321,大洋,19,0,19,凱基-士林,2024-10-11,9238
2305,全友,19,0,19,凱基-士林,2024-10-11,9238
6290,良維,25,6,19,凱基-士林,2024-10-11,9238
2520,冠德,18,1,17,凱基-士林,2024-10-11,9238
3481,群創,15,0,15,凱基-士林,2024-10-11,9238
6167,久正,25,10,15,凱基-士林,2024-10-11,9238
4174,浩鼎,14,0,14,凱基-士林,2024-10-11,9238
1815,富喬,20,6,14,凱基-士林,2024-10-11,9238
2408,南亞科,13,0,13,凱基-士林,2024-10-11,9238
1721,三晃,21,8,13,凱基-士林,2024-10-11,9238
2615,萬海,13,0,13,凱基-士林,2024-10-11,9238
00878,國泰永續高股息,31,19,12,凱基-士林,2024-10-11,9238
3162,精確,23,11,12,凱基-士林,2024-10-11,9238
2356,英業達,13,1,12,凱基-士林,2024-10-11,9238
6127,九豪,12,0,12,凱基-士林,2024-10-11,9238
2027,大成鋼,11,0,11,凱基-士林,2024-10-11,9238
00713,元大台灣高息低波,11,0,11,凱基-士林,2024-10-11,9238
1514,亞力,11,0,11,凱基-士林,2024-10-11,9238
3041,揚智,10,0,10,凱基-士林,2024-10-11,9238
4906,正文,10,0,10,凱基-士林,2024-10-11,9238
2436,偉詮電,10,0,10,凱基-士林,2024-10-11,9238
3049,精金,22,12,10,凱基-士林,2024-10-11,9238
006206,元大上證50,10,0,10,凱基-士林,2024-10-11,9238
00636,國泰中國A50,10,0,10,凱基-士林,2024-10-11,9238
00933B,國泰10Y+金融債,10,0,10,凱基-士林,2024-10-11,9238
3322,建舜電,10,0,10,凱基-士林,2024-10-11,9238
2317,鴻海,34,24,10,凱基-士林,2024-10-11,9238
0056,元大高股息,111,1,110,凱基-士林,2024-10-14,9238
00887,永豐中國科技50大,72,0,72,凱基-士林,2024-10-14,9238
00632R,元大台灣50反1,72,0,72,凱基-士林,2024-10-14,9238
3481,群創,62,2,60,凱基-士林,2024-10-14,9238
3710,連展投控,67,12,55,凱基-士林,2024-10-14,9238
8404,百和興業-KY,50,0,50,凱基-士林,2024-10-14,9238
00679B,元大美債20年,63,22,41,凱基-士林,2024-10-14,9238
00730,富邦臺灣優質高息,35,0,35,凱基-士林,2024-10-14,9238
2312,金寶,48,13,35,凱基-士林,2024-10-14,9238
00753L,中信中國50正2,37,3,34,凱基-士林,2024-10-14,9238
6937,天虹,36,2,34,凱基-士林,2024-10-14,9238
9105,泰金寶-DR,56,24,32,凱基-士林,2024-10-14,9238
00639,富邦深100,40,10,30,凱基-士林,2024-10-14,9238
2888,新光金,26,0,26,凱基-士林,2024-10-14,9238
00943,兆豐電子高息等權,24,0,24,凱基-士林,2024-10-14,9238
00937B,群益ESG投等債20,23,0,23,凱基-士林,2024-10-14,9238
5364,力麗店,20,0,20,凱基-士林,2024-10-14,9238
2327,國巨,20,1,19,凱基-士林,2024-10-14,9238
2426,鼎元,21,2,19,凱基-士林,2024-10-14,9238
2409,友達,20,3,17,凱基-士林,2024-10-14,9238
5258,虹堡,17,0,17,凱基-士林,2024-10-14,9238
00636,國泰中國A50,15,0,15,凱基-士林,2024-10-14,9238
8927,北基,15,0,15,凱基-士林,2024-10-14,9238
6138,茂達,31,17,14,凱基-士林,2024-10-14,9238
00680L,元大美債20正2,13,0,13,凱基-士林,2024-10-14,9238
00651R,復華香港反1,13,0,13,凱基-士林,2024-10-14,9238
00945B,凱基美國非投等債,13,0,13,凱基-士林,2024-10-14,9238
00952,凱基台灣AI50,13,0,13,凱基-士林,2024-10-14,9238
1213,大飲,13,0,13,凱基-士林,2024-10-14,9238
006205,富邦上証,12,0,12,凱基-士林,2024-10-14,9238
2344,華邦電,34,22,12,凱基-士林,2024-10-14,9238
3374,精材,13,1,12,凱基-士林,2024-10-14,9238
8033,雷虎,13,1,12,凱基-士林,2024-10-14,9238
00725B,國泰投資級公司債,11,0,11,凱基-士林,2024-10-14,9238
1527,鑽全,11,0,11,凱基-士林,2024-10-14,9238
2356,英業達,11,0,11,凱基-士林,2024-10-14,9238
6168,宏齊,11,0,11,凱基-士林,2024-10-14,9238
006206,元大上證50,10,0,10,凱基-士林,2024-10-14,9238
2069,運錩,10,0,10,凱基-士林,2024-10-14,9238
9908,大台北,10,0,10,凱基-士林,2024-10-14,9238
00919,群益台灣精選高息,32,23,9,凱基-士林,2024-10-14,9238
8358,金居,9,0,9,凱基-士林,2024-10-14,9238
2305,全友,8,0,8,凱基-士林,2024-10-14,9238
5425,台半,8,0,8,凱基-士林,2024-10-14,9238
4956,光鋐,12,5,7,凱基-士林,2024-10-14,9238
2845,遠東銀,7,0,7,凱基-士林,2024-10-14,9238
00915,凱基優選高股息30,17,11,6,凱基-士林,2024-10-14,9238
00922,國泰台灣領袖50,6,0,6,凱基-士林,2024-10-14,9238
1618,合機,6,0,6,凱基-士林,2024-10-14,9238
2439,美律,6,0,6,凱基-士林,2024-10-14,9238
00632R,元大台灣50反1,116,0,116,凱基-士林,2024-10-15,9238
00680L,元大美債20正2,105,0,105,凱基-士林,2024-10-15,9238
00688L,國泰20年美債正2,70,0,70,凱基-士林,2024-10-15,9238
3003,健和興,60,0,60,凱基-士林,2024-10-15,9238
00650L,復華香港正2,59,0,59,凱基-士林,2024-10-15,9238
00940,元大台灣價值高息,99,44,55,凱基-士林,2024-10-15,9238
2312,金寶,102,48,54,凱基-士林,2024-10-15,9238
00687B,國泰20年美債,49,0,49,凱基-士林,2024-10-15,9238
1213,大飲,43,0,43,凱基-士林,2024-10-15,9238
3580,友威科,42,0,42,凱基-士林,2024-10-15,9238
1809,中釉,40,0,40,凱基-士林,2024-10-15,9238
00715L,期街口布蘭特正2,38,0,38,凱基-士林,2024-10-15,9238
00961,FT臺灣永續高息,92,55,37,凱基-士林,2024-10-15,9238
3149,正達,42,9,33,凱基-士林,2024-10-15,9238
00633L,富邦上証正2,34,1,33,凱基-士林,2024-10-15,9238
00665L,富邦�琤肭磪囓�2,30,0,30,凱基-士林,2024-10-15,9238
2409,友達,53,23,30,凱基-士林,2024-10-15,9238
1301,台塑,35,8,27,凱基-士林,2024-10-15,9238
00637L,元大滬深300正2,35,9,26,凱基-士林,2024-10-15,9238
00919,群益台灣精選高息,80,56,24,凱基-士林,2024-10-15,9238
5364,力麗店,22,0,22,凱基-士林,2024-10-15,9238
2402,毅嘉,21,0,21,凱基-士林,2024-10-15,9238
006208,富邦台50,29,9,20,凱基-士林,2024-10-15,9238
2331,精英,20,0,20,凱基-士林,2024-10-15,9238
2543,皇昌,24,4,20,凱基-士林,2024-10-15,9238
4956,光鋐,27,8,19,凱基-士林,2024-10-15,9238
00887,永豐中國科技50大,17,0,17,凱基-士林,2024-10-15,9238
00753L,中信中國50正2,17,0,17,凱基-士林,2024-10-15,9238
4564,元翎,16,0,16,凱基-士林,2024-10-15,9238
6108,競國,15,0,15,凱基-士林,2024-10-15,9238
6530,創威,16,1,15,凱基-士林,2024-10-15,9238
1609,大亞,12,0,12,凱基-士林,2024-10-15,9238
3709,鑫聯大投控,50,38,12,凱基-士林,2024-10-15,9238
4532,瑞智,12,1,11,凱基-士林,2024-10-15,9238
4583,台灣精銳,11,0,11,凱基-士林,2024-10-15,9238
00730,富邦臺灣優質高息,11,0,11,凱基-士林,2024-10-15,9238
2356,英業達,12,2,10,凱基-士林,2024-10-15,9238
2027,大成鋼,10,0,10,凱基-士林,2024-10-15,9238
00643,群益深証中小,10,0,10,凱基-士林,2024-10-15,9238
1321,大洋,10,0,10,凱基-士林,2024-10-15,9238
3691,碩禾,15,5,10,凱基-士林,2024-10-15,9238
5701,劍湖山,10,0,10,凱基-士林,2024-10-15,9238
6152,百一,10,0,10,凱基-士林,2024-10-15,9238
6185,幃翔,10,0,10,凱基-士林,2024-10-15,9238
6243,迅杰,10,0,10,凱基-士林,2024-10-15,9238
00725B,國泰投資級公司債,10,1,9,凱基-士林,2024-10-15,9238
5452,佶優,41,32,9,凱基-士林,2024-10-15,9238
0050,元大台灣50,10,2,8,凱基-士林,2024-10-15,9238
00915,凱基優選高股息30,8,0,8,凱基-士林,2024-10-15,9238
00679B,元大美債20年,9,1,8,凱基-士林,2024-10-15,9238
4906,正文,150,4,146,凱基-士林,2024-10-16,9238
00688L,國泰20年美債正2,110,0,110,凱基-士林,2024-10-16,9238
2228,劍麟,107,7,100,凱基-士林,2024-10-16,9238
8064,東捷,92,7,85,凱基-士林,2024-10-16,9238
0056,元大高股息,67,5,62,凱基-士林,2024-10-16,9238
00651R,復華香港反1,150,101,49,凱基-士林,2024-10-16,9238
3576,聯合再生,47,0,47,凱基-士林,2024-10-16,9238
00922,國泰台灣領袖50,51,11,40,凱基-士林,2024-10-16,9238
2420,新巨,40,0,40,凱基-士林,2024-10-16,9238
2344,華邦電,39,0,39,凱基-士林,2024-10-16,9238
00680L,元大美債20正2,47,11,36,凱基-士林,2024-10-16,9238
2888,新光金,35,3,32,凱基-士林,2024-10-16,9238
2363,矽統,38,6,32,凱基-士林,2024-10-16,9238
00637L,元大滬深300正2,31,1,30,凱基-士林,2024-10-16,9238
00933B,國泰10Y+金融債,40,10,30,凱基-士林,2024-10-16,9238
2023,燁輝,30,0,30,凱基-士林,2024-10-16,9238
2605,新興,30,3,27,凱基-士林,2024-10-16,9238
00929,復華台灣科技優息,65,39,26,凱基-士林,2024-10-16,9238
00687B,國泰20年美債,26,1,25,凱基-士林,2024-10-16,9238
2313,華通,44,20,24,凱基-士林,2024-10-16,9238
2485,兆赫,40,16,24,凱基-士林,2024-10-16,9238
2883,凱基金,34,12,22,凱基-士林,2024-10-16,9238
00937B,群益ESG投等債20,22,0,22,凱基-士林,2024-10-16,9238
00900,富邦特選高股息30,21,0,21,凱基-士林,2024-10-16,9238
1108,幸福,20,0,20,凱基-士林,2024-10-16,9238
1303,南亞,20,0,20,凱基-士林,2024-10-16,9238
2890,永豐金,20,0,20,凱基-士林,2024-10-16,9238
4909,新復興,21,2,19,凱基-士林,2024-10-16,9238
2408,南亞科,18,0,18,凱基-士林,2024-10-16,9238
3675,德微,19,1,18,凱基-士林,2024-10-16,9238
0061,元大寶滬深,17,0,17,凱基-士林,2024-10-16,9238
0050,元大台灣50,18,1,17,凱基-士林,2024-10-16,9238
00905,FT臺灣Smart,16,0,16,凱基-士林,2024-10-16,9238
00915,凱基優選高股息30,15,0,15,凱基-士林,2024-10-16,9238
2882,國泰金,17,3,14,凱基-士林,2024-10-16,9238
2425,承啟,23,9,14,凱基-士林,2024-10-16,9238
00919,群益台灣精選高息,26,14,12,凱基-士林,2024-10-16,9238
00878,國泰永續高股息,20,9,11,凱基-士林,2024-10-16,9238
2881,富邦金,10,0,10,凱基-士林,2024-10-16,9238
6770,力積電,12,2,10,凱基-士林,2024-10-16,9238
00952,凱基台灣AI50,10,0,10,凱基-士林,2024-10-16,9238
2905,三商,10,0,10,凱基-士林,2024-10-16,9238
3450,聯鈞,16,7,9,凱基-士林,2024-10-16,9238
4542,科嶠,10,1,9,凱基-士林,2024-10-16,9238
00887,永豐中國科技50大,12,3,9,凱基-士林,2024-10-16,9238
2464,盟立,10,1,9,凱基-士林,2024-10-16,9238
00715L,期街口布蘭特正2,29,20,9,凱基-士林,2024-10-16,9238
00679B,元大美債20年,8,0,8,凱基-士林,2024-10-16,9238
2606,裕民,10,2,8,凱基-士林,2024-10-16,9238
6763,綠界科技*,8,0,8,凱基-士林,2024-10-16,9238
00680L,元大美債20正2,128,0,128,凱基-士林,2024-10-17,9238
00651R,復華香港反1,100,0,100,凱基-士林,2024-10-17,9238
4906,正文,75,1,74,凱基-士林,2024-10-17,9238
00948B,中信優息投資級債,100,30,70,凱基-士林,2024-10-17,9238
3580,友威科,66,14,52,凱基-士林,2024-10-17,9238
00715L,期街口布蘭特正2,52,0,52,凱基-士林,2024-10-17,9238
6241,易通展,50,0,50,凱基-士林,2024-10-17,9238
00887,永豐中國科技50大,42,0,42,凱基-士林,2024-10-17,9238
00753L,中信中國50正2,37,0,37,凱基-士林,2024-10-17,9238
3049,精金,32,0,32,凱基-士林,2024-10-17,9238
0056,元大高股息,33,5,28,凱基-士林,2024-10-17,9238
00637L,元大滬深300正2,25,0,25,凱基-士林,2024-10-17,9238
00945B,凱基美國非投等債,25,0,25,凱基-士林,2024-10-17,9238
1727,中華化,21,0,21,凱基-士林,2024-10-17,9238
00639,富邦深100,30,10,20,凱基-士林,2024-10-17,9238
006206,元大上證50,20,0,20,凱基-士林,2024-10-17,9238
6584,南俊國際,20,0,20,凱基-士林,2024-10-17,9238
6609,瀧澤科,36,16,20,凱基-士林,2024-10-17,9238
3149,正達,20,1,19,凱基-士林,2024-10-17,9238
9105,泰金寶-DR,49,31,18,凱基-士林,2024-10-17,9238
6658,聯策,23,6,17,凱基-士林,2024-10-17,9238
2303,聯電,15,0,15,凱基-士林,2024-10-17,9238
2486,一詮,18,3,15,凱基-士林,2024-10-17,9238
3036,文曄,15,0,15,凱基-士林,2024-10-17,9238
2354,鴻準,16,2,14,凱基-士林,2024-10-17,9238
00905,FT臺灣Smart,14,0,14,凱基-士林,2024-10-17,9238
2399,映泰,17,4,13,凱基-士林,2024-10-17,9238
2601,益航,13,0,13,凱基-士林,2024-10-17,9238
00922,國泰台灣領袖50,22,10,12,凱基-士林,2024-10-17,9238
00665L,富邦�琤肭磪囓�2,12,0,12,凱基-士林,2024-10-17,9238
5452,佶優,20,8,12,凱基-士林,2024-10-17,9238
8111,立��,16,4,12,凱基-士林,2024-10-17,9238
4979,華星光,14,3,11,凱基-士林,2024-10-17,9238
00650L,復華香港正2,25,14,11,凱基-士林,2024-10-17,9238
1532,勤美,11,0,11,凱基-士林,2024-10-17,9238
2618,長榮航,16,5,11,凱基-士林,2024-10-17,9238
00929,復華台灣科技優息,58,47,11,凱基-士林,2024-10-17,9238
2420,新巨,10,0,10,凱基-士林,2024-10-17,9238
2820,華票,10,0,10,凱基-士林,2024-10-17,9238
3710,連展投控,10,0,10,凱基-士林,2024-10-17,9238
4977,眾達-KY,10,0,10,凱基-士林,2024-10-17,9238
8358,金居,10,0,10,凱基-士林,2024-10-17,9238
2482,連宇,10,0,10,凱基-士林,2024-10-17,9238
5876,上海商銀,10,0,10,凱基-士林,2024-10-17,9238
00934,中信成長高股息,13,4,9,凱基-士林,2024-10-17,9238
2374,佳能,16,7,9,凱基-士林,2024-10-17,9238
2485,兆赫,10,1,9,凱基-士林,2024-10-17,9238
8429,金麗-KY,15,6,9,凱基-士林,2024-10-17,9238
00687B,國泰20年美債,8,0,8,凱基-士林,2024-10-17,9238
00941,中信上游半導體,8,1,7,凱基-士林,2024-10-17,9238
00637L,元大滬深300正2,2148,10,2138,凱基-士林,2024-10-18,9238
3031,佰鴻,128,0,128,凱基-士林,2024-10-18,9238
00937B,群益ESG投等債20,123,0,123,凱基-士林,2024-10-18,9238
00688L,國泰20年美債正2,122,0,122,凱基-士林,2024-10-18,9238
00929,復華台灣科技優息,175,69,106,凱基-士林,2024-10-18,9238
2867,三商壽,104,3,101,凱基-士林,2024-10-18,9238
2344,華邦電,92,0,92,凱基-士林,2024-10-18,9238
00940,元大台灣價值高息,101,30,71,凱基-士林,2024-10-18,9238
2313,華通,51,0,51,凱基-士林,2024-10-18,9238
4906,正文,50,0,50,凱基-士林,2024-10-18,9238
2888,新光金,50,1,49,凱基-士林,2024-10-18,9238
00948B,中信優息投資級債,45,0,45,凱基-士林,2024-10-18,9238
2303,聯電,43,0,43,凱基-士林,2024-10-18,9238
00878,國泰永續高股息,54,12,42,凱基-士林,2024-10-18,9238
3231,緯創,43,11,32,凱基-士林,2024-10-18,9238
3013,晟銘電,58,27,31,凱基-士林,2024-10-18,9238
3691,碩禾,31,0,31,凱基-士林,2024-10-18,9238
00945B,凱基美國非投等債,29,0,29,凱基-士林,2024-10-18,9238
6548,長科*,30,1,29,凱基-士林,2024-10-18,9238
00687B,國泰20年美債,29,3,26,凱基-士林,2024-10-18,9238
00725B,國泰投資級公司債,25,0,25,凱基-士林,2024-10-18,9238
00887,永豐中國科技50大,29,5,24,凱基-士林,2024-10-18,9238
1513,中興電,22,0,22,凱基-士林,2024-10-18,9238
00941,中信上游半導體,21,0,21,凱基-士林,2024-10-18,9238
6219,富旺,21,0,21,凱基-士林,2024-10-18,9238
00959B,大華投等美債15Y+,30,10,20,凱基-士林,2024-10-18,9238
1305,華夏,20,0,20,凱基-士林,2024-10-18,9238
3591,艾笛森,20,0,20,凱基-士林,2024-10-18,9238
6789,采鈺,20,0,20,凱基-士林,2024-10-18,9238
3450,聯鈞,36,17,19,凱基-士林,2024-10-18,9238
2609,陽明,25,7,18,凱基-士林,2024-10-18,9238
00679B,元大美債20年,19,1,18,凱基-士林,2024-10-18,9238
6290,良維,18,1,17,凱基-士林,2024-10-18,9238
5347,世界,17,0,17,凱基-士林,2024-10-18,9238
2374,佳能,19,3,16,凱基-士林,2024-10-18,9238
2062,橋椿,16,0,16,凱基-士林,2024-10-18,9238
6274,台燿,15,0,15,凱基-士林,2024-10-18,9238
6829,千附精密,16,1,15,凱基-士林,2024-10-18,9238
1540,喬福,15,1,14,凱基-士林,2024-10-18,9238
2367,燿華,15,2,13,凱基-士林,2024-10-18,9238
6530,創威,13,0,13,凱基-士林,2024-10-18,9238
1321,大洋,12,0,12,凱基-士林,2024-10-18,9238
3037,欣興,15,3,12,凱基-士林,2024-10-18,9238
00715L,期街口布蘭特正2,11,0,11,凱基-士林,2024-10-18,9238
2363,矽統,26,16,10,凱基-士林,2024-10-18,9238
8039,台虹,10,0,10,凱基-士林,2024-10-18,9238
00639,富邦深100,20,10,10,凱基-士林,2024-10-18,9238
006206,元大上證50,10,0,10,凱基-士林,2024-10-18,9238
00931B,統一美債20年,10,0,10,凱基-士林,2024-10-18,9238
1532,勤美,10,0,10,凱基-士林,2024-10-18,9238
00632R,元大台灣50反1,265,0,265,凱基-士林,2024-10-21,9238
2881,富邦金,216,1,215,凱基-士林,2024-10-21,9238
00715L,期街口布蘭特正2,187,0,187,凱基-士林,2024-10-21,9238
2303,聯電,145,3,142,凱基-士林,2024-10-21,9238
00940,元大台灣價值高息,100,20,80,凱基-士林,2024-10-21,9238
00948B,中信優息投資級債,77,0,77,凱基-士林,2024-10-21,9238
00937B,群益ESG投等債20,138,77,61,凱基-士林,2024-10-21,9238
2316,楠梓電,62,1,61,凱基-士林,2024-10-21,9238
2420,新巨,54,0,54,凱基-士林,2024-10-21,9238
00905,FT臺灣Smart,58,7,51,凱基-士林,2024-10-21,9238
00753L,中信中國50正2,48,0,48,凱基-士林,2024-10-21,9238
00939,統一台灣高息動能,40,0,40,凱基-士林,2024-10-21,9238
2884,玉山金,33,0,33,凱基-士林,2024-10-21,9238
4113,聯上,30,0,30,凱基-士林,2024-10-21,9238
00882,中信中國高股息,40,10,30,凱基-士林,2024-10-21,9238
00959B,大華投等美債15Y+,30,0,30,凱基-士林,2024-10-21,9238
00915,凱基優選高股息30,35,6,29,凱基-士林,2024-10-21,9238
6548,長科*,30,1,29,凱基-士林,2024-10-21,9238
00687B,國泰20年美債,37,10,27,凱基-士林,2024-10-21,9238
1303,南亞,24,0,24,凱基-士林,2024-10-21,9238
2883,凱基金,26,2,24,凱基-士林,2024-10-21,9238
00679B,元大美債20年,40,17,23,凱基-士林,2024-10-21,9238
4555,氣立,21,0,21,凱基-士林,2024-10-21,9238
2371,大同,28,8,20,凱基-士林,2024-10-21,9238
912000,晨訊科-DR,20,0,20,凱基-士林,2024-10-21,9238
2495,普安,24,6,18,凱基-士林,2024-10-21,9238
00643,群益深証中小,15,0,15,凱基-士林,2024-10-21,9238
8201,無敵,15,0,15,凱基-士林,2024-10-21,9238
006208,富邦台50,14,0,14,凱基-士林,2024-10-21,9238
2882,國泰金,19,5,14,凱基-士林,2024-10-21,9238
3481,群創,18,5,13,凱基-士林,2024-10-21,9238
00931B,統一美債20年,12,0,12,凱基-士林,2024-10-21,9238
00751B,元大AAA至A公司債,12,0,12,凱基-士林,2024-10-21,9238
8085,福華,12,0,12,凱基-士林,2024-10-21,9238
3362,先進光,12,1,11,凱基-士林,2024-10-21,9238
2344,華邦電,40,30,10,凱基-士林,2024-10-21,9238
00752,中信中國50,10,0,10,凱基-士林,2024-10-21,9238
00706L,期元大S＆P日圓正2,10,0,10,凱基-士林,2024-10-21,9238
00941,中信上游半導體,10,0,10,凱基-士林,2024-10-21,9238
00950B,凱基A級公司債,10,0,10,凱基-士林,2024-10-21,9238
2038,海光,10,0,10,凱基-士林,2024-10-21,9238
3023,信邦,10,0,10,凱基-士林,2024-10-21,9238
6241,易通展,10,0,10,凱基-士林,2024-10-21,9238
0050,元大台灣50,10,0,10,凱基-士林,2024-10-21,9238
1711,永光,20,11,9,凱基-士林,2024-10-21,9238
2354,鴻準,9,0,9,凱基-士林,2024-10-21,9238
4979,華星光,8,0,8,凱基-士林,2024-10-21,9238
4999,鑫禾,8,0,8,凱基-士林,2024-10-21,9238
4576,大銀微系統,13,5,8,凱基-士林,2024-10-21,9238
00720B,元大投資級公司債,12,5,7,凱基-士林,2024-10-21,9238
00958B,永豐ESG銀行債15,302,0,302,凱基-士林,2024-10-22,9238
00937B,群益ESG投等債20,297,3,294,凱基-士林,2024-10-22,9238
4729,熒茂,162,4,158,凱基-士林,2024-10-22,9238
00680L,元大美債20正2,203,79,124,凱基-士林,2024-10-22,9238
00688L,國泰20年美債正2,120,1,119,凱基-士林,2024-10-22,9238
00687B,國泰20年美債,111,10,101,凱基-士林,2024-10-22,9238
00948B,中信優息投資級債,100,0,100,凱基-士林,2024-10-22,9238
2888,新光金,85,6,79,凱基-士林,2024-10-22,9238
00943,兆豐電子高息等權,76,0,76,凱基-士林,2024-10-22,9238
00679B,元大美債20年,62,4,58,凱基-士林,2024-10-22,9238
2327,國巨,51,0,51,凱基-士林,2024-10-22,9238
3303,岱稜,52,2,50,凱基-士林,2024-10-22,9238
00725B,國泰投資級公司債,42,0,42,凱基-士林,2024-10-22,9238
3290,東浦,121,82,39,凱基-士林,2024-10-22,9238
4555,氣立,35,0,35,凱基-士林,2024-10-22,9238
8438,昶昕,35,0,35,凱基-士林,2024-10-22,9238
00712,復華富時不動產,33,0,33,凱基-士林,2024-10-22,9238
00905,FT臺灣Smart,29,0,29,凱基-士林,2024-10-22,9238
1213,大飲,28,0,28,凱基-士林,2024-10-22,9238
8085,福華,28,0,28,凱基-士林,2024-10-22,9238
3715,定穎投控,47,22,25,凱基-士林,2024-10-22,9238
00753L,中信中國50正2,24,0,24,凱基-士林,2024-10-22,9238
2412,中華電,25,1,24,凱基-士林,2024-10-22,9238
00950B,凱基A級公司債,22,0,22,凱基-士林,2024-10-22,9238
3481,群創,27,5,22,凱基-士林,2024-10-22,9238
1597,直得,18,0,18,凱基-士林,2024-10-22,9238
3047,訊舟,22,5,17,凱基-士林,2024-10-22,9238
3691,碩禾,17,0,17,凱基-士林,2024-10-22,9238
5315,光聯,22,6,16,凱基-士林,2024-10-22,9238
3631,晟楠,15,0,15,凱基-士林,2024-10-22,9238
006208,富邦台50,14,0,14,凱基-士林,2024-10-22,9238
1301,台塑,14,0,14,凱基-士林,2024-10-22,9238
00881,國泰台灣5G+,17,3,14,凱基-士林,2024-10-22,9238
4583,台灣精銳,13,0,13,凱基-士林,2024-10-22,9238
00959B,大華投等美債15Y+,13,0,13,凱基-士林,2024-10-22,9238
3033,威健,13,0,13,凱基-士林,2024-10-22,9238
4722,國精化,13,0,13,凱基-士林,2024-10-22,9238
6241,易通展,13,0,13,凱基-士林,2024-10-22,9238
6742,澤米,18,5,13,凱基-士林,2024-10-22,9238
2344,華邦電,43,31,12,凱基-士林,2024-10-22,9238
6168,宏齊,15,3,12,凱基-士林,2024-10-22,9238
00878,國泰永續高股息,15,4,11,凱基-士林,2024-10-22,9238
1605,華新,11,0,11,凱基-士林,2024-10-22,9238
2367,燿華,11,0,11,凱基-士林,2024-10-22,9238
2883,凱基金,15,4,11,凱基-士林,2024-10-22,9238
4927,泰鼎-KY,11,0,11,凱基-士林,2024-10-22,9238
2408,南亞科,10,0,10,凱基-士林,2024-10-22,9238
00857B,永豐20年美公債,10,0,10,凱基-士林,2024-10-22,9238
1776,展宇,10,0,10,凱基-士林,2024-10-22,9238
2038,海光,10,0,10,凱基-士林,2024-10-22,9238
2303,聯電,271,1,270,凱基-士林,2024-10-23,9238
00958B,永豐ESG銀行債15,100,0,100,凱基-士林,2024-10-23,9238
4729,熒茂,81,4,77,凱基-士林,2024-10-23,9238
00655L,國泰中國A50正2,70,0,70,凱基-士林,2024-10-23,9238
1711,永光,70,2,68,凱基-士林,2024-10-23,9238
6727,亞泰金屬,59,6,53,凱基-士林,2024-10-23,9238
2420,新巨,44,0,44,凱基-士林,2024-10-23,9238
9105,泰金寶-DR,40,0,40,凱基-士林,2024-10-23,9238
2353,宏��,33,1,32,凱基-士林,2024-10-23,9238
00943,兆豐電子高息等權,30,0,30,凱基-士林,2024-10-23,9238
00878,國泰永續高股息,31,1,30,凱基-士林,2024-10-23,9238
00919,群益台灣精選高息,33,5,28,凱基-士林,2024-10-23,9238
2601,益航,52,24,28,凱基-士林,2024-10-23,9238
1785,光洋科,33,6,27,凱基-士林,2024-10-23,9238
00687B,國泰20年美債,34,8,26,凱基-士林,2024-10-23,9238
2327,國巨,25,0,25,凱基-士林,2024-10-23,9238
00753L,中信中國50正2,25,0,25,凱基-士林,2024-10-23,9238
5425,台半,28,3,25,凱基-士林,2024-10-23,9238
2543,皇昌,26,1,25,凱基-士林,2024-10-23,9238
1802,台玻,28,4,24,凱基-士林,2024-10-23,9238
00665L,富邦�琤肭磪囓�2,110,87,23,凱基-士林,2024-10-23,9238
2369,菱生,30,8,22,凱基-士林,2024-10-23,9238
6151,晉倫,28,6,22,凱基-士林,2024-10-23,9238
2344,華邦電,21,0,21,凱基-士林,2024-10-23,9238
1402,遠東新,20,0,20,凱基-士林,2024-10-23,9238
2884,玉山金,16,0,16,凱基-士林,2024-10-23,9238
00650L,復華香港正2,15,1,14,凱基-士林,2024-10-23,9238
2393,億光,18,4,14,凱基-士林,2024-10-23,9238
3033,威健,15,1,14,凱基-士林,2024-10-23,9238
1815,富喬,17,3,14,凱基-士林,2024-10-23,9238
2603,長榮,15,2,13,凱基-士林,2024-10-23,9238
3673,TPK-KY,13,0,13,凱基-士林,2024-10-23,9238
6126,信音,13,0,13,凱基-士林,2024-10-23,9238
1727,中華化,18,6,12,凱基-士林,2024-10-23,9238
3711,日月光投控,12,0,12,凱基-士林,2024-10-23,9238
6143,振曜,12,0,12,凱基-士林,2024-10-23,9238
6191,精成科,12,0,12,凱基-士林,2024-10-23,9238
00679B,元大美債20年,16,5,11,凱基-士林,2024-10-23,9238
00934,中信成長高股息,11,0,11,凱基-士林,2024-10-23,9238
2105,正新,11,0,11,凱基-士林,2024-10-23,9238
4903,聯光通,20,9,11,凱基-士林,2024-10-23,9238
6213,聯茂,22,11,11,凱基-士林,2024-10-23,9238
8064,東捷,22,11,11,凱基-士林,2024-10-23,9238
2618,長榮航,15,5,10,凱基-士林,2024-10-23,9238
2442,新美齊,10,0,10,凱基-士林,2024-10-23,9238
00959B,大華投等美債15Y+,10,0,10,凱基-士林,2024-10-23,9238
00961,FT臺灣永續高息,10,0,10,凱基-士林,2024-10-23,9238
1314,中石化,20,10,10,凱基-士林,2024-10-23,9238
1513,中興電,11,1,10,凱基-士林,2024-10-23,9238
1568,倉佑,10,0,10,凱基-士林,2024-10-23,9238
2344,華邦電,81,0,81,凱基-士林,2024-10-24,9238
4527,方土霖,68,0,68,凱基-士林,2024-10-24,9238
6151,晉倫,68,0,68,凱基-士林,2024-10-24,9238
2485,兆赫,60,0,60,凱基-士林,2024-10-24,9238
00688L,國泰20年美債正2,50,0,50,凱基-士林,2024-10-24,9238
3029,零壹,59,9,50,凱基-士林,2024-10-24,9238
2303,聯電,51,4,47,凱基-士林,2024-10-24,9238
00938,凱基優選30,47,5,42,凱基-士林,2024-10-24,9238
4906,正文,41,4,37,凱基-士林,2024-10-24,9238
0056,元大高股息,33,0,33,凱基-士林,2024-10-24,9238
00929,復華台灣科技優息,30,0,30,凱基-士林,2024-10-24,9238
2889,國票金,30,0,30,凱基-士林,2024-10-24,9238
6770,力積電,26,0,26,凱基-士林,2024-10-24,9238
00680L,元大美債20正2,55,30,25,凱基-士林,2024-10-24,9238
2610,華航,46,21,25,凱基-士林,2024-10-24,9238
2305,全友,24,0,24,凱基-士林,2024-10-24,9238
00878,國泰永續高股息,25,1,24,凱基-士林,2024-10-24,9238
00637L,元大滬深300正2,23,0,23,凱基-士林,2024-10-24,9238
1806,冠軍,33,10,23,凱基-士林,2024-10-24,9238
00919,群益台灣精選高息,23,1,22,凱基-士林,2024-10-24,9238
00650L,復華香港正2,23,3,20,凱基-士林,2024-10-24,9238
00934,中信成長高股息,20,0,20,凱基-士林,2024-10-24,9238
1436,華友聯,20,0,20,凱基-士林,2024-10-24,9238
2905,三商,20,0,20,凱基-士林,2024-10-24,9238
9934,成霖,20,0,20,凱基-士林,2024-10-24,9238
2888,新光金,38,20,18,凱基-士林,2024-10-24,9238
6530,創威,19,1,18,凱基-士林,2024-10-24,9238
1785,光洋科,23,7,16,凱基-士林,2024-10-24,9238
00882,中信中國高股息,15,0,15,凱基-士林,2024-10-24,9238
00937B,群益ESG投等債20,16,1,15,凱基-士林,2024-10-24,9238
3481,群創,15,1,14,凱基-士林,2024-10-24,9238
3551,世禾,31,18,13,凱基-士林,2024-10-24,9238
3450,聯鈞,31,18,13,凱基-士林,2024-10-24,9238
1513,中興電,14,1,13,凱基-士林,2024-10-24,9238
2420,新巨,12,0,12,凱基-士林,2024-10-24,9238
6163,華電網,12,0,12,凱基-士林,2024-10-24,9238
3581,博磊,11,0,11,凱基-士林,2024-10-24,9238
00665L,富邦�琤肭磪囓�2,16,5,11,凱基-士林,2024-10-24,9238
4989,榮科,11,0,11,凱基-士林,2024-10-24,9238
6288,聯嘉,13,2,11,凱基-士林,2024-10-24,9238
8021,尖點,11,0,11,凱基-士林,2024-10-24,9238
3447,展達,10,0,10,凱基-士林,2024-10-24,9238
00905,FT臺灣Smart,10,0,10,凱基-士林,2024-10-24,9238
00943,兆豐電子高息等權,10,0,10,凱基-士林,2024-10-24,9238
2641,正德,10,0,10,凱基-士林,2024-10-24,9238
3691,碩禾,10,0,10,凱基-士林,2024-10-24,9238
5876,上海商銀,10,0,10,凱基-士林,2024-10-24,9238
6609,瀧澤科,29,19,10,凱基-士林,2024-10-24,9238
2382,廣達,12,3,9,凱基-士林,2024-10-24,9238
2399,映泰,10,1,9,凱基-士林,2024-10-24,9238
00680L,元大美債20正2,240,0,240,凱基-士林,2024-10-25,9238
00632R,元大台灣50反1,100,0,100,凱基-士林,2024-10-25,9238
2344,華邦電,68,1,67,凱基-士林,2024-10-25,9238
2615,萬海,61,1,60,凱基-士林,2024-10-25,9238
2890,永豐金,50,0,50,凱基-士林,2024-10-25,9238
6235,華孚,52,3,49,凱基-士林,2024-10-25,9238
00959B,大華投等美債15Y+,35,0,35,凱基-士林,2024-10-25,9238
8021,尖點,56,23,33,凱基-士林,2024-10-25,9238
2482,連宇,32,0,32,凱基-士林,2024-10-25,9238
2323,中環,30,0,30,凱基-士林,2024-10-25,9238
4303,信立,30,0,30,凱基-士林,2024-10-25,9238
3213,茂訊,25,0,25,凱基-士林,2024-10-25,9238
00948B,中信優息投資級債,22,0,22,凱基-士林,2024-10-25,9238
4527,方土霖,30,8,22,凱基-士林,2024-10-25,9238
2017,官田鋼,21,0,21,凱基-士林,2024-10-25,9238
00878,國泰永續高股息,20,0,20,凱基-士林,2024-10-25,9238
2515,中工,20,0,20,凱基-士林,2024-10-25,9238
3230,錦明,19,0,19,凱基-士林,2024-10-25,9238
6770,力積電,28,11,17,凱基-士林,2024-10-25,9238
00937B,群益ESG投等債20,15,0,15,凱基-士林,2024-10-25,9238
1809,中釉,15,0,15,凱基-士林,2024-10-25,9238
00679B,元大美債20年,14,0,14,凱基-士林,2024-10-25,9238
2303,聯電,27,14,13,凱基-士林,2024-10-25,9238
8099,大世科,12,0,12,凱基-士林,2024-10-25,9238
8942,森鉅,12,0,12,凱基-士林,2024-10-25,9238
5202,力新,107,95,12,凱基-士林,2024-10-25,9238
1528,恩德,13,2,11,凱基-士林,2024-10-25,9238
1721,三晃,16,5,11,凱基-士林,2024-10-25,9238
3615,安可,11,0,11,凱基-士林,2024-10-25,9238
2312,金寶,16,6,10,凱基-士林,2024-10-25,9238
2374,佳能,18,8,10,凱基-士林,2024-10-25,9238
6937,天虹,10,0,10,凱基-士林,2024-10-25,9238
5263,智崴,10,1,9,凱基-士林,2024-10-25,9238
00941,中信上游半導體,10,1,9,凱基-士林,2024-10-25,9238
6742,澤米,9,0,9,凱基-士林,2024-10-25,9238
2316,楠梓電,8,0,8,凱基-士林,2024-10-25,9238
00650L,復華香港正2,10,3,7,凱基-士林,2024-10-25,9238
2449,京元電子,11,4,7,凱基-士林,2024-10-25,9238
3081,聯亞,7,0,7,凱基-士林,2024-10-25,9238
6215,和椿,7,0,7,凱基-士林,2024-10-25,9238
2489,瑞軒,18,12,6,凱基-士林,2024-10-25,9238
00940,元大台灣價值高息,6,0,6,凱基-士林,2024-10-25,9238
3707,漢磊,6,0,6,凱基-士林,2024-10-25,9238
4102,永日,6,0,6,凱基-士林,2024-10-25,9238
6213,聯茂,6,0,6,凱基-士林,2024-10-25,9238
6609,瀧澤科,27,21,6,凱基-士林,2024-10-25,9238
8201,無敵,6,0,6,凱基-士林,2024-10-25,9238
5234,達興材料,9,3,6,凱基-士林,2024-10-25,9238
2329,華泰,8,3,5,凱基-士林,2024-10-25,9238
00686R,群益臺灣加權反1,5,0,5,凱基-士林,2024-10-25,9238
2888,新光金,215,10,205,凱基-士林,2024-10-28,9238
00680L,元大美債20正2,209,11,198,凱基-士林,2024-10-28,9238
2477,美隆電,187,21,166,凱基-士林,2024-10-28,9238
00715L,期街口布蘭特正2,125,0,125,凱基-士林,2024-10-28,9238
2303,聯電,116,13,103,凱基-士林,2024-10-28,9238
6285,啟��,53,1,52,凱基-士林,2024-10-28,9238
2646,星宇航空,61,13,48,凱基-士林,2024-10-28,9238
00937B,群益ESG投等債20,40,1,39,凱基-士林,2024-10-28,9238
3060,銘異,38,0,38,凱基-士林,2024-10-28,9238
00650L,復華香港正2,34,0,34,凱基-士林,2024-10-28,9238
4303,信立,32,0,32,凱基-士林,2024-10-28,9238
2427,三商電,31,0,31,凱基-士林,2024-10-28,9238
6770,力積電,35,4,31,凱基-士林,2024-10-28,9238
00632R,元大台灣50反1,130,100,30,凱基-士林,2024-10-28,9238
4527,方土霖,30,0,30,凱基-士林,2024-10-28,9238
6227,茂綸,30,0,30,凱基-士林,2024-10-28,9238
2371,大同,31,2,29,凱基-士林,2024-10-28,9238
2405,輔信,25,0,25,凱基-士林,2024-10-28,9238
2883,凱基金,26,1,25,凱基-士林,2024-10-28,9238
1528,恩德,20,0,20,凱基-士林,2024-10-28,9238
2889,國票金,20,0,20,凱基-士林,2024-10-28,9238
00878,國泰永續高股息,24,5,19,凱基-士林,2024-10-28,9238
5443,均豪,20,1,19,凱基-士林,2024-10-28,9238
2312,金寶,20,3,17,凱基-士林,2024-10-28,9238
1584,精剛,16,0,16,凱基-士林,2024-10-28,9238
3689,湧德,16,0,16,凱基-士林,2024-10-28,9238
1307,三芳,15,0,15,凱基-士林,2024-10-28,9238
4977,眾達-KY,15,0,15,凱基-士林,2024-10-28,9238
2884,玉山金,14,0,14,凱基-士林,2024-10-28,9238
1815,富喬,14,0,14,凱基-士林,2024-10-28,9238
1540,喬福,14,0,14,凱基-士林,2024-10-28,9238
2486,一詮,24,10,14,凱基-士林,2024-10-28,9238
2399,映泰,21,7,14,凱基-士林,2024-10-28,9238
3715,定穎投控,13,0,13,凱基-士林,2024-10-28,9238
6235,華孚,14,1,13,凱基-士林,2024-10-28,9238
00882,中信中國高股息,15,2,13,凱基-士林,2024-10-28,9238
00688L,國泰20年美債正2,13,0,13,凱基-士林,2024-10-28,9238
6530,創威,22,9,13,凱基-士林,2024-10-28,9238
006208,富邦台50,14,1,13,凱基-士林,2024-10-28,9238
3363,上詮,17,6,11,凱基-士林,2024-10-28,9238
6288,聯嘉,19,9,10,凱基-士林,2024-10-28,9238
1809,中釉,10,0,10,凱基-士林,2024-10-28,9238
2305,全友,10,0,10,凱基-士林,2024-10-28,9238
2374,佳能,10,0,10,凱基-士林,2024-10-28,9238
3552,同致,16,6,10,凱基-士林,2024-10-28,9238
3691,碩禾,10,0,10,凱基-士林,2024-10-28,9238
4935,茂林-KY,11,1,10,凱基-士林,2024-10-28,9238
5904,寶雅,10,0,10,凱基-士林,2024-10-28,9238
6438,迅得,10,0,10,凱基-士林,2024-10-28,9238
3231,緯創,13,3,10,凱基-士林,2024-10-28,9238
00680L,元大美債20正2,232,0,232,凱基-士林,2024-10-29,9238
2413,環科,173,7,166,凱基-士林,2024-10-29,9238
00945B,凱基美國非投等債,151,25,126,凱基-士林,2024-10-29,9238
00715L,期街口布蘭特正2,91,0,91,凱基-士林,2024-10-29,9238
00929,復華台灣科技優息,101,22,79,凱基-士林,2024-10-29,9238
5469,瀚宇博,66,0,66,凱基-士林,2024-10-29,9238
2303,聯電,57,5,52,凱基-士林,2024-10-29,9238
00712,復華富時不動產,49,0,49,凱基-士林,2024-10-29,9238
00938,凱基優選30,40,0,40,凱基-士林,2024-10-29,9238
00946,群益科技高息成長,40,0,40,凱基-士林,2024-10-29,9238
0056,元大高股息,44,5,39,凱基-士林,2024-10-29,9238
2890,永豐金,38,1,37,凱基-士林,2024-10-29,9238
00878,國泰永續高股息,45,12,33,凱基-士林,2024-10-29,9238
00922,國泰台灣領袖50,32,0,32,凱基-士林,2024-10-29,9238
2887,台新金,30,0,30,凱基-士林,2024-10-29,9238
2476,鉅祥,27,0,27,凱基-士林,2024-10-29,9238
00679B,元大美債20年,25,0,25,凱基-士林,2024-10-29,9238
2611,志信,25,0,25,凱基-士林,2024-10-29,9238
00665L,富邦�琤肭磪囓�2,33,10,23,凱基-士林,2024-10-29,9238
00919,群益台灣精選高息,125,103,22,凱基-士林,2024-10-29,9238
5534,長虹,20,0,20,凱基-士林,2024-10-29,9238
6668,中揚光,20,0,20,凱基-士林,2024-10-29,9238
00725B,國泰投資級公司債,18,0,18,凱基-士林,2024-10-29,9238
2312,金寶,22,4,18,凱基-士林,2024-10-29,9238
00650L,復華香港正2,16,0,16,凱基-士林,2024-10-29,9238
2313,華通,33,17,16,凱基-士林,2024-10-29,9238
6937,天虹,16,0,16,凱基-士林,2024-10-29,9238
6284,佳邦,15,0,15,凱基-士林,2024-10-29,9238
6133,金橋,31,16,15,凱基-士林,2024-10-29,9238
5880,合庫金,14,0,14,凱基-士林,2024-10-29,9238
6202,盛群,13,0,13,凱基-士林,2024-10-29,9238
1213,大飲,12,0,12,凱基-士林,2024-10-29,9238
2353,宏��,12,0,12,凱基-士林,2024-10-29,9238
00935,野村臺灣新科技50,11,0,11,凱基-士林,2024-10-29,9238
3711,日月光投控,11,0,11,凱基-士林,2024-10-29,9238
6189,豐藝,12,1,11,凱基-士林,2024-10-29,9238
6288,聯嘉,13,2,11,凱基-士林,2024-10-29,9238
00713,元大台灣高息低波,11,0,11,凱基-士林,2024-10-29,9238
2884,玉山金,10,0,10,凱基-士林,2024-10-29,9238
2038,海光,10,0,10,凱基-士林,2024-10-29,9238
2305,全友,10,0,10,凱基-士林,2024-10-29,9238
3552,同致,11,1,10,凱基-士林,2024-10-29,9238
4167,松瑞藥,10,0,10,凱基-士林,2024-10-29,9238
6770,力積電,10,0,10,凱基-士林,2024-10-29,9238
006208,富邦台50,9,0,9,凱基-士林,2024-10-29,9238
6026,福邦證,9,0,9,凱基-士林,2024-10-29,9238
8044,網家,9,0,9,凱基-士林,2024-10-29,9238
2382,廣達,14,5,9,凱基-士林,2024-10-29,9238
3230,錦明,8,0,8,凱基-士林,2024-10-29,9238
3231,緯創,8,0,8,凱基-士林,2024-10-29,9238
2337,旺宏,132,1,131,凱基-士林,2024-10-30,9238
4906,正文,100,0,100,凱基-士林,2024-10-30,9238
2642,宅配通,72,0,72,凱基-士林,2024-10-30,9238
00715L,期街口布蘭特正2,70,0,70,凱基-士林,2024-10-30,9238
6821,聯寶,71,1,70,凱基-士林,2024-10-30,9238
00959B,大華投等美債15Y+,46,0,46,凱基-士林,2024-10-30,9238
00650L,復華香港正2,44,0,44,凱基-士林,2024-10-30,9238
0056,元大高股息,44,1,43,凱基-士林,2024-10-30,9238
3709,鑫聯大投控,42,0,42,凱基-士林,2024-10-30,9238
6548,長科*,40,0,40,凱基-士林,2024-10-30,9238
2344,華邦電,39,0,39,凱基-士林,2024-10-30,9238
6274,台燿,31,2,29,凱基-士林,2024-10-30,9238
00882,中信中國高股息,27,0,27,凱基-士林,2024-10-30,9238
00929,復華台灣科技優息,47,21,26,凱基-士林,2024-10-30,9238
00919,群益台灣精選高息,23,1,22,凱基-士林,2024-10-30,9238
2303,聯電,25,4,21,凱基-士林,2024-10-30,9238
00637L,元大滬深300正2,20,0,20,凱基-士林,2024-10-30,9238
00878,國泰永續高股息,19,4,15,凱基-士林,2024-10-30,9238
3710,連展投控,20,5,15,凱基-士林,2024-10-30,9238
2313,華通,17,3,14,凱基-士林,2024-10-30,9238
2368,金像電,13,0,13,凱基-士林,2024-10-30,9238
6163,華電網,12,0,12,凱基-士林,2024-10-30,9238
4919,新唐,21,9,12,凱基-士林,2024-10-30,9238
6133,金橋,11,0,11,凱基-士林,2024-10-30,9238
8438,昶昕,11,0,11,凱基-士林,2024-10-30,9238
2439,美律,10,0,10,凱基-士林,2024-10-30,9238
1447,力鵬,10,0,10,凱基-士林,2024-10-30,9238
2031,新光鋼,10,0,10,凱基-士林,2024-10-30,9238
4720,德淵,10,0,10,凱基-士林,2024-10-30,9238
5701,劍湖山,10,0,10,凱基-士林,2024-10-30,9238
6770,力積電,20,10,10,凱基-士林,2024-10-30,9238
1815,富喬,9,0,9,凱基-士林,2024-10-30,9238
2027,大成鋼,10,1,9,凱基-士林,2024-10-30,9238
2371,大同,16,8,8,凱基-士林,2024-10-30,9238
9955,佳龍,18,10,8,凱基-士林,2024-10-30,9238
00665L,富邦�琤肭磪囓�2,7,0,7,凱基-士林,2024-10-30,9238
2618,長榮航,7,0,7,凱基-士林,2024-10-30,9238
6271,同欣電,7,0,7,凱基-士林,2024-10-30,9238
2382,廣達,8,2,6,凱基-士林,2024-10-30,9238
00680L,元大美債20正2,6,0,6,凱基-士林,2024-10-30,9238
2327,國巨,9,3,6,凱基-士林,2024-10-30,9238
5880,合庫金,6,1,5,凱基-士林,2024-10-30,9238
5438,東友,5,0,5,凱基-士林,2024-10-30,9238
00950B,凱基A級公司債,5,0,5,凱基-士林,2024-10-30,9238
00712,復華富時不動產,5,0,5,凱基-士林,2024-10-30,9238
00706L,期元大S＆P日圓正2,5,0,5,凱基-士林,2024-10-30,9238
00900,富邦特選高股息30,5,0,5,凱基-士林,2024-10-30,9238
3481,群創,25,20,5,凱基-士林,2024-10-30,9238
3707,漢磊,5,0,5,凱基-士林,2024-10-30,9238
4977,眾達-KY,5,0,5,凱基-士林,2024-10-30,9238
5871,中租-KY,316,5,311,凱基-士林,2024-11-01,9238
2609,陽明,145,38,107,凱基-士林,2024-11-01,9238
00929,復華台灣科技優息,108,5,103,凱基-士林,2024-11-01,9238
00919,群益台灣精選高息,93,13,80,凱基-士林,2024-11-01,9238
00878,國泰永續高股息,82,9,73,凱基-士林,2024-11-01,9238
2337,旺宏,124,63,61,凱基-士林,2024-11-01,9238
00940,元大台灣價值高息,52,1,51,凱基-士林,2024-11-01,9238
2303,聯電,58,8,50,凱基-士林,2024-11-01,9238
6227,茂綸,39,0,39,凱基-士林,2024-11-01,9238
00937B,群益ESG投等債20,41,4,37,凱基-士林,2024-11-01,9238
2354,鴻準,123,91,32,凱基-士林,2024-11-01,9238
6821,聯寶,33,6,27,凱基-士林,2024-11-01,9238
6127,九豪,27,0,27,凱基-士林,2024-11-01,9238
00933B,國泰10Y+金融債,21,0,21,凱基-士林,2024-11-01,9238
2891,中信金,20,0,20,凱基-士林,2024-11-01,9238
1609,大亞,20,0,20,凱基-士林,2024-11-01,9238
0056,元大高股息,30,10,20,凱基-士林,2024-11-01,9238
2888,新光金,20,1,19,凱基-士林,2024-11-01,9238
2308,台達電,20,1,19,凱基-士林,2024-11-01,9238
8111,立��,23,5,18,凱基-士林,2024-11-01,9238
00637L,元大滬深300正2,17,0,17,凱基-士林,2024-11-01,9238
00959B,大華投等美債15Y+,16,0,16,凱基-士林,2024-11-01,9238
1307,三芳,24,8,16,凱基-士林,2024-11-01,9238
00918,大華優利高填息30,17,2,15,凱基-士林,2024-11-01,9238
6005,群益證,15,0,15,凱基-士林,2024-11-01,9238
6108,競國,17,2,15,凱基-士林,2024-11-01,9238
00713,元大台灣高息低波,15,0,15,凱基-士林,2024-11-01,9238
00938,凱基優選30,13,0,13,凱基-士林,2024-11-01,9238
2328,廣宇,74,61,13,凱基-士林,2024-11-01,9238
00830,國泰費城半導體,12,0,12,凱基-士林,2024-11-01,9238
3227,原相,12,0,12,凱基-士林,2024-11-01,9238
2884,玉山金,12,0,12,凱基-士林,2024-11-01,9238
2618,長榮航,19,8,11,凱基-士林,2024-11-01,9238
1721,三晃,11,0,11,凱基-士林,2024-11-01,9238
3466,德晉,11,0,11,凱基-士林,2024-11-01,9238
5230,雷笛克光學,11,0,11,凱基-士林,2024-11-01,9238
00753L,中信中國50正2,15,5,10,凱基-士林,2024-11-01,9238
5876,上海商銀,10,0,10,凱基-士林,2024-11-01,9238
00712,復華富時不動產,10,0,10,凱基-士林,2024-11-01,9238
8016,矽創,9,0,9,凱基-士林,2024-11-01,9238
00922,國泰台灣領袖50,9,0,9,凱基-士林,2024-11-01,9238
00642U,期元大S＆P石油,10,1,9,凱基-士林,2024-11-01,9238
1301,台塑,10,1,9,凱基-士林,2024-11-01,9238
2317,鴻海,22,13,9,凱基-士林,2024-11-01,9238
2883,凱基金,11,3,8,凱基-士林,2024-11-01,9238
3324,雙鴻,11,4,7,凱基-士林,2024-11-01,9238
00650L,復華香港正2,15,8,7,凱基-士林,2024-11-01,9238
3605,宏致,8,1,7,凱基-士林,2024-11-01,9238
9933,中鼎,7,0,7,凱基-士林,2024-11-01,9238
6770,力積電,9,2,7,凱基-士林,2024-11-01,9238
00958B,永豐ESG銀行債15,102,0,102,凱基-士林,2024-11-04,9238
1711,永光,86,0,86,凱基-士林,2024-11-04,9238
00878,國泰永續高股息,174,89,85,凱基-士林,2024-11-04,9238
00632R,元大台灣50反1,73,0,73,凱基-士林,2024-11-04,9238
6821,聯寶,71,0,71,凱基-士林,2024-11-04,9238
2303,聯電,61,1,60,凱基-士林,2024-11-04,9238
6227,茂綸,61,1,60,凱基-士林,2024-11-04,9238
00712,復華富時不動產,57,0,57,凱基-士林,2024-11-04,9238
00680L,元大美債20正2,54,0,54,凱基-士林,2024-11-04,9238
2615,萬海,64,10,54,凱基-士林,2024-11-04,9238
00937B,群益ESG投等債20,49,0,49,凱基-士林,2024-11-04,9238
3227,原相,51,3,48,凱基-士林,2024-11-04,9238
00643,群益深証中小,40,0,40,凱基-士林,2024-11-04,9238
2337,旺宏,30,1,29,凱基-士林,2024-11-04,9238
00933B,國泰10Y+金融債,21,1,20,凱基-士林,2024-11-04,9238
00650L,復華香港正2,20,0,20,凱基-士林,2024-11-04,9238
2543,皇昌,26,6,20,凱基-士林,2024-11-04,9238
00679B,元大美債20年,24,5,19,凱基-士林,2024-11-04,9238
2405,輔信,22,5,17,凱基-士林,2024-11-04,9238
3702,大聯大,17,0,17,凱基-士林,2024-11-04,9238
00952,凱基台灣AI50,15,0,15,凱基-士林,2024-11-04,9238
5202,力新,15,0,15,凱基-士林,2024-11-04,9238
00882,中信中國高股息,15,1,14,凱基-士林,2024-11-04,9238
2646,星宇航空,19,6,13,凱基-士林,2024-11-04,9238
2408,南亞科,13,0,13,凱基-士林,2024-11-04,9238
2328,廣宇,16,3,13,凱基-士林,2024-11-04,9238
00713,元大台灣高息低波,13,0,13,凱基-士林,2024-11-04,9238
2431,聯昌,13,0,13,凱基-士林,2024-11-04,9238
00953B,群益優選非投等債,12,0,12,凱基-士林,2024-11-04,9238
00930,永豐ESG低碳高息,13,1,12,凱基-士林,2024-11-04,9238
2485,兆赫,12,0,12,凱基-士林,2024-11-04,9238
6197,佳必琪,12,0,12,凱基-士林,2024-11-04,9238
5347,世界,10,0,10,凱基-士林,2024-11-04,9238
00941,中信上游半導體,10,0,10,凱基-士林,2024-11-04,9238
6770,力積電,12,2,10,凱基-士林,2024-11-04,9238
3062,建漢,19,9,10,凱基-士林,2024-11-04,9238
1815,富喬,9,0,9,凱基-士林,2024-11-04,9238
2329,華泰,11,2,9,凱基-士林,2024-11-04,9238
00687B,國泰20年美債,9,0,9,凱基-士林,2024-11-04,9238
00637L,元大滬深300正2,8,0,8,凱基-士林,2024-11-04,9238
2887,台新金,10,2,8,凱基-士林,2024-11-04,9238
5876,上海商銀,8,0,8,凱基-士林,2024-11-04,9238
6170,統振,8,0,8,凱基-士林,2024-11-04,9238
6244,茂迪,9,1,8,凱基-士林,2024-11-04,9238
00946,群益科技高息成長,7,0,7,凱基-士林,2024-11-04,9238
4549,桓達,9,2,7,凱基-士林,2024-11-04,9238
4991,環宇-KY,10,3,7,凱基-士林,2024-11-04,9238
00945B,凱基美國非投等債,6,0,6,凱基-士林,2024-11-04,9238
00932,兆豐永續高息等權,6,0,6,凱基-士林,2024-11-04,9238
00725B,國泰投資級公司債,6,0,6,凱基-士林,2024-11-04,9238
2303,聯電,133,24,109,凱基-士林,2024-11-05,9238
3705,永信,80,0,80,凱基-士林,2024-11-05,9238
00919,群益台灣精選高息,48,0,48,凱基-士林,2024-11-05,9238
00643,群益深証中小,45,0,45,凱基-士林,2024-11-05,9238
1504,東元,40,1,39,凱基-士林,2024-11-05,9238
00639,富邦深100,35,0,35,凱基-士林,2024-11-05,9238
00937B,群益ESG投等債20,33,0,33,凱基-士林,2024-11-05,9238
00940,元大台灣價值高息,30,0,30,凱基-士林,2024-11-05,9238
5521,工信,29,0,29,凱基-士林,2024-11-05,9238
00932,兆豐永續高息等權,28,0,28,凱基-士林,2024-11-05,9238
2344,華邦電,30,2,28,凱基-士林,2024-11-05,9238
6821,聯寶,26,0,26,凱基-士林,2024-11-05,9238
2314,台揚,30,5,25,凱基-士林,2024-11-05,9238
3711,日月光投控,24,0,24,凱基-士林,2024-11-05,9238
2330,台積電,27,4,23,凱基-士林,2024-11-05,9238
2476,鉅祥,23,0,23,凱基-士林,2024-11-05,9238
00915,凱基優選高股息30,22,0,22,凱基-士林,2024-11-05,9238
00878,國泰永續高股息,60,39,21,凱基-士林,2024-11-05,9238
2889,國票金,21,0,21,凱基-士林,2024-11-05,9238
3490,單井,23,2,21,凱基-士林,2024-11-05,9238
5315,光聯,26,5,21,凱基-士林,2024-11-05,9238
2420,新巨,20,0,20,凱基-士林,2024-11-05,9238
3714,富采,20,0,20,凱基-士林,2024-11-05,9238
00712,復華富時不動產,19,0,19,凱基-士林,2024-11-05,9238
00636,國泰中國A50,16,0,16,凱基-士林,2024-11-05,9238
2371,大同,17,1,16,凱基-士林,2024-11-05,9238
3702,大聯大,16,0,16,凱基-士林,2024-11-05,9238
2601,益航,30,15,15,凱基-士林,2024-11-05,9238
5876,上海商銀,14,0,14,凱基-士林,2024-11-05,9238
3025,星通,13,0,13,凱基-士林,2024-11-05,9238
2317,鴻海,21,8,13,凱基-士林,2024-11-05,9238
1605,華新,13,1,12,凱基-士林,2024-11-05,9238
3047,訊舟,13,2,11,凱基-士林,2024-11-05,9238
2885,元大金,13,2,11,凱基-士林,2024-11-05,9238
3450,聯鈞,37,26,11,凱基-士林,2024-11-05,9238
00752,中信中國50,10,0,10,凱基-士林,2024-11-05,9238
2305,全友,10,0,10,凱基-士林,2024-11-05,9238
2905,三商,10,0,10,凱基-士林,2024-11-05,9238
3230,錦明,11,1,10,凱基-士林,2024-11-05,9238
8070,長華*,20,10,10,凱基-士林,2024-11-05,9238
2884,玉山金,10,0,10,凱基-士林,2024-11-05,9238
1449,佳和,10,1,9,凱基-士林,2024-11-05,9238
2405,輔信,16,7,9,凱基-士林,2024-11-05,9238
4979,華星光,12,3,9,凱基-士林,2024-11-05,9238
5608,四維航,10,1,9,凱基-士林,2024-11-05,9238
6156,松上,10,1,9,凱基-士林,2024-11-05,9238
2888,新光金,9,0,9,凱基-士林,2024-11-05,9238
00930,永豐ESG低碳高息,8,0,8,凱基-士林,2024-11-05,9238
00725B,國泰投資級公司債,10,2,8,凱基-士林,2024-11-05,9238
2887,台新金,8,0,8,凱基-士林,2024-11-05,9238
4807,日成-KY,106,1,105,凱基-士林,2024-11-06,9238
2371,大同,105,32,73,凱基-士林,2024-11-06,9238
6244,茂迪,65,0,65,凱基-士林,2024-11-06,9238
00650L,復華香港正2,65,1,64,凱基-士林,2024-11-06,9238
00665L,富邦�琤肭磪囓�2,60,2,58,凱基-士林,2024-11-06,9238
1785,光洋科,48,3,45,凱基-士林,2024-11-06,9238
6706,惠特,49,7,42,凱基-士林,2024-11-06,9238
1436,華友聯,41,0,41,凱基-士林,2024-11-06,9238
3005,神基,40,1,39,凱基-士林,2024-11-06,9238
00688L,國泰20年美債正2,68,32,36,凱基-士林,2024-11-06,9238
2515,中工,30,0,30,凱基-士林,2024-11-06,9238
00878,國泰永續高股息,119,91,28,凱基-士林,2024-11-06,9238
6134,萬旭,25,0,25,凱基-士林,2024-11-06,9238
2330,台積電,31,8,23,凱基-士林,2024-11-06,9238
00753L,中信中國50正2,47,25,22,凱基-士林,2024-11-06,9238
00959B,大華投等美債15Y+,22,0,22,凱基-士林,2024-11-06,9238
2312,金寶,40,18,22,凱基-士林,2024-11-06,9238
3706,神達,36,15,21,凱基-士林,2024-11-06,9238
2884,玉山金,19,0,19,凱基-士林,2024-11-06,9238
00937B,群益ESG投等債20,20,1,19,凱基-士林,2024-11-06,9238
1815,富喬,33,16,17,凱基-士林,2024-11-06,9238
2431,聯昌,21,5,16,凱基-士林,2024-11-06,9238
2413,環科,15,0,15,凱基-士林,2024-11-06,9238
9933,中鼎,15,0,15,凱基-士林,2024-11-06,9238
2882,國泰金,16,1,15,凱基-士林,2024-11-06,9238
3049,精金,14,0,14,凱基-士林,2024-11-06,9238
8043,蜜望實,13,0,13,凱基-士林,2024-11-06,9238
1727,中華化,12,0,12,凱基-士林,2024-11-06,9238
2476,鉅祥,12,0,12,凱基-士林,2024-11-06,9238
6862,三集瑞-KY,12,0,12,凱基-士林,2024-11-06,9238
6156,松上,12,1,11,凱基-士林,2024-11-06,9238
3413,京鼎,12,1,11,凱基-士林,2024-11-06,9238
2886,兆豐金,10,0,10,凱基-士林,2024-11-06,9238
00632R,元大台灣50反1,10,0,10,凱基-士林,2024-11-06,9238
2313,華通,16,6,10,凱基-士林,2024-11-06,9238
2328,廣宇,10,0,10,凱基-士林,2024-11-06,9238
2633,台灣高鐵,10,0,10,凱基-士林,2024-11-06,9238
3466,德晉,15,5,10,凱基-士林,2024-11-06,9238
4991,環宇-KY,75,65,10,凱基-士林,2024-11-06,9238
4583,台灣精銳,10,0,10,凱基-士林,2024-11-06,9238
2883,凱基金,11,2,9,凱基-士林,2024-11-06,9238
6151,晉倫,11,2,9,凱基-士林,2024-11-06,9238
5347,世界,24,15,9,凱基-士林,2024-11-06,9238
2399,映泰,16,8,8,凱基-士林,2024-11-06,9238
4919,新唐,9,2,7,凱基-士林,2024-11-06,9238
00713,元大台灣高息低波,7,0,7,凱基-士林,2024-11-06,9238
1504,東元,7,0,7,凱基-士林,2024-11-06,9238
1560,中砂,7,0,7,凱基-士林,2024-11-06,9238
4420,光明,7,0,7,凱基-士林,2024-11-06,9238
4729,熒茂,7,0,7,凱基-士林,2024-11-06,9238
00643,群益深証中小,300,10,290,凱基-士林,2024-11-07,9238
006207,復華滬深,200,0,200,凱基-士林,2024-11-07,9238
5871,中租-KY,184,0,184,凱基-士林,2024-11-07,9238
1504,東元,80,11,69,凱基-士林,2024-11-07,9238
4807,日成-KY,72,4,68,凱基-士林,2024-11-07,9238
6244,茂迪,61,0,61,凱基-士林,2024-11-07,9238
00945B,凱基美國非投等債,60,0,60,凱基-士林,2024-11-07,9238
00646,元大S＆P500,51,0,51,凱基-士林,2024-11-07,9238
2401,凌陽,50,0,50,凱基-士林,2024-11-07,9238
5309,系統電,52,4,48,凱基-士林,2024-11-07,9238
00887,永豐中國科技50大,53,10,43,凱基-士林,2024-11-07,9238
2615,萬海,53,11,42,凱基-士林,2024-11-07,9238
1560,中砂,40,0,40,凱基-士林,2024-11-07,9238
8028,昇陽半導體,37,3,34,凱基-士林,2024-11-07,9238
00680L,元大美債20正2,32,0,32,凱基-士林,2024-11-07,9238
00632R,元大台灣50反1,30,0,30,凱基-士林,2024-11-07,9238
4967,十銓,26,0,26,凱基-士林,2024-11-07,9238
3231,緯創,32,6,26,凱基-士林,2024-11-07,9238
2312,金寶,53,28,25,凱基-士林,2024-11-07,9238
2890,永豐金,23,0,23,凱基-士林,2024-11-07,9238
00712,復華富時不動產,22,0,22,凱基-士林,2024-11-07,9238
1785,光洋科,23,2,21,凱基-士林,2024-11-07,9238
2371,大同,30,9,21,凱基-士林,2024-11-07,9238
2889,國票金,21,0,21,凱基-士林,2024-11-07,9238
2301,光寶科,20,0,20,凱基-士林,2024-11-07,9238
2464,盟立,20,0,20,凱基-士林,2024-11-07,9238
6706,惠特,26,6,20,凱基-士林,2024-11-07,9238
00650L,復華香港正2,20,3,17,凱基-士林,2024-11-07,9238
2609,陽明,20,3,17,凱基-士林,2024-11-07,9238
6216,居易,14,0,14,凱基-士林,2024-11-07,9238
9105,泰金寶-DR,44,30,14,凱基-士林,2024-11-07,9238
2892,第一金,14,0,14,凱基-士林,2024-11-07,9238
1536,和大,20,8,12,凱基-士林,2024-11-07,9238
00688L,國泰20年美債正2,11,0,11,凱基-士林,2024-11-07,9238
1540,喬福,14,3,11,凱基-士林,2024-11-07,9238
2646,星宇航空,11,0,11,凱基-士林,2024-11-07,9238
2880,華南金,11,0,11,凱基-士林,2024-11-07,9238
9955,佳龍,11,0,11,凱基-士林,2024-11-07,9238
00665L,富邦�琤肭磪囓�2,10,0,10,凱基-士林,2024-11-07,9238
00926,凱基全球菁英55,10,0,10,凱基-士林,2024-11-07,9238
2020,美亞,10,0,10,凱基-士林,2024-11-07,9238
2413,環科,10,0,10,凱基-士林,2024-11-07,9238
2438,翔耀,10,0,10,凱基-士林,2024-11-07,9238
2886,兆豐金,10,0,10,凱基-士林,2024-11-07,9238
3710,連展投控,10,0,10,凱基-士林,2024-11-07,9238
5386,青雲,18,8,10,凱基-士林,2024-11-07,9238
8044,網家,10,1,9,凱基-士林,2024-11-07,9238
006208,富邦台50,8,0,8,凱基-士林,2024-11-07,9238
2887,台新金,8,1,7,凱基-士林,2024-11-07,9238
3138,耀登,7,0,7,凱基-士林,2024-11-07,9238
2332,友訊,164,0,164,凱基-士林,2024-11-08,9238
2344,華邦電,117,0,117,凱基-士林,2024-11-08,9238
2426,鼎元,106,5,101,凱基-士林,2024-11-08,9238
00632R,元大台灣50反1,64,0,64,凱基-士林,2024-11-08,9238
2313,華通,61,1,60,凱基-士林,2024-11-08,9238
4906,正文,48,0,48,凱基-士林,2024-11-08,9238
3062,建漢,150,106,44,凱基-士林,2024-11-08,9238
4807,日成-KY,40,0,40,凱基-士林,2024-11-08,9238
00680L,元大美債20正2,35,1,34,凱基-士林,2024-11-08,9238
3163,波若威,44,12,32,凱基-士林,2024-11-08,9238
2606,裕民,32,1,31,凱基-士林,2024-11-08,9238
2353,宏��,29,0,29,凱基-士林,2024-11-08,9238
1802,台玻,31,2,29,凱基-士林,2024-11-08,9238
2520,冠德,31,2,29,凱基-士林,2024-11-08,9238
3033,威健,30,1,29,凱基-士林,2024-11-08,9238
4991,環宇-KY,33,7,26,凱基-士林,2024-11-08,9238
2409,友達,24,0,24,凱基-士林,2024-11-08,9238
3312,弘憶股,71,47,24,凱基-士林,2024-11-08,9238
2356,英業達,30,6,24,凱基-士林,2024-11-08,9238
3450,聯鈞,150,127,23,凱基-士林,2024-11-08,9238
00633L,富邦上証正2,40,17,23,凱基-士林,2024-11-08,9238
00679B,元大美債20年,22,0,22,凱基-士林,2024-11-08,9238
3037,欣興,26,4,22,凱基-士林,2024-11-08,9238
2609,陽明,42,21,21,凱基-士林,2024-11-08,9238
1735,日勝化,20,0,20,凱基-士林,2024-11-08,9238
1809,中釉,20,0,20,凱基-士林,2024-11-08,9238
2208,台船,20,0,20,凱基-士林,2024-11-08,9238
2302,麗正,20,0,20,凱基-士林,2024-11-08,9238
4526,東台,19,0,19,凱基-士林,2024-11-08,9238
2392,正崴,34,16,18,凱基-士林,2024-11-08,9238
8105,凌巨,17,0,17,凱基-士林,2024-11-08,9238
5525,順天,15,0,15,凱基-士林,2024-11-08,9238
6151,晉倫,31,16,15,凱基-士林,2024-11-08,9238
2887,台新金,15,0,15,凱基-士林,2024-11-08,9238
00915,凱基優選高股息30,16,2,14,凱基-士林,2024-11-08,9238
00882,中信中國高股息,14,0,14,凱基-士林,2024-11-08,9238
00946,群益科技高息成長,14,0,14,凱基-士林,2024-11-08,9238
1303,南亞,13,1,12,凱基-士林,2024-11-08,9238
2031,新光鋼,12,0,12,凱基-士林,2024-11-08,9238
3481,群創,27,16,11,凱基-士林,2024-11-08,9238
2485,兆赫,11,0,11,凱基-士林,2024-11-08,9238
5876,上海商銀,11,0,11,凱基-士林,2024-11-08,9238
2890,永豐金,10,0,10,凱基-士林,2024-11-08,9238
00878,國泰永續高股息,92,82,10,凱基-士林,2024-11-08,9238
1321,大洋,10,0,10,凱基-士林,2024-11-08,9238
1326,台化,10,0,10,凱基-士林,2024-11-08,9238
1440,南紡,10,0,10,凱基-士林,2024-11-08,9238
3047,訊舟,10,0,10,凱基-士林,2024-11-08,9238
3691,碩禾,10,0,10,凱基-士林,2024-11-08,9238
4167,松瑞藥,10,0,10,凱基-士林,2024-11-08,9238
00665L,富邦�琤肭磪囓�2,212,0,212,凱基-士林,2024-11-11,9238
3234,光環,114,2,112,凱基-士林,2024-11-11,9238
00650L,復華香港正2,112,5,107,凱基-士林,2024-11-11,9238
2337,旺宏,105,0,105,凱基-士林,2024-11-11,9238
00878,國泰永續高股息,72,0,72,凱基-士林,2024-11-11,9238
1605,華新,71,1,70,凱基-士林,2024-11-11,9238
6227,茂綸,68,5,63,凱基-士林,2024-11-11,9238
3576,聯合再生,58,0,58,凱基-士林,2024-11-11,9238
4306,炎洲,53,0,53,凱基-士林,2024-11-11,9238
2344,華邦電,52,0,52,凱基-士林,2024-11-11,9238
4906,正文,51,0,51,凱基-士林,2024-11-11,9238
2426,鼎元,50,0,50,凱基-士林,2024-11-11,9238
4958,臻鼎-KY,114,67,47,凱基-士林,2024-11-11,9238
3481,群創,43,1,42,凱基-士林,2024-11-11,9238
6151,晉倫,42,0,42,凱基-士林,2024-11-11,9238
2313,華通,52,11,41,凱基-士林,2024-11-11,9238
2890,永豐金,40,0,40,凱基-士林,2024-11-11,9238
6805,富世達,38,0,38,凱基-士林,2024-11-11,9238
00715L,期街口布蘭特正2,38,0,38,凱基-士林,2024-11-11,9238
2889,國票金,33,0,33,凱基-士林,2024-11-11,9238
00753L,中信中國50正2,29,0,29,凱基-士林,2024-11-11,9238
6706,惠特,28,0,28,凱基-士林,2024-11-11,9238
00679B,元大美債20年,32,5,27,凱基-士林,2024-11-11,9238
3078,僑威,27,0,27,凱基-士林,2024-11-11,9238
3303,岱稜,86,59,27,凱基-士林,2024-11-11,9238
2609,陽明,35,9,26,凱基-士林,2024-11-11,9238
4510,高鋒,24,0,24,凱基-士林,2024-11-11,9238
00882,中信中國高股息,38,15,23,凱基-士林,2024-11-11,9238
2891,中信金,27,4,23,凱基-士林,2024-11-11,9238
2885,元大金,21,0,21,凱基-士林,2024-11-11,9238
2392,正崴,26,6,20,凱基-士林,2024-11-11,9238
5876,上海商銀,20,0,20,凱基-士林,2024-11-11,9238
6005,群益證,20,0,20,凱基-士林,2024-11-11,9238
1301,台塑,31,12,19,凱基-士林,2024-11-11,9238
5009,榮剛,22,3,19,凱基-士林,2024-11-11,9238
2882,國泰金,19,1,18,凱基-士林,2024-11-11,9238
2542,興富發,17,0,17,凱基-士林,2024-11-11,9238
2324,仁寶,18,3,15,凱基-士林,2024-11-11,9238
3047,訊舟,19,4,15,凱基-士林,2024-11-11,9238
00919,群益台灣精選高息,21,7,14,凱基-士林,2024-11-11,9238
2303,聯電,17,3,14,凱基-士林,2024-11-11,9238
2834,臺企銀,14,0,14,凱基-士林,2024-11-11,9238
2436,偉詮電,12,0,12,凱基-士林,2024-11-11,9238
1582,信錦,12,0,12,凱基-士林,2024-11-11,9238
2330,台積電,15,3,12,凱基-士林,2024-11-11,9238
6290,良維,11,0,11,凱基-士林,2024-11-11,9238
4576,大銀微系統,12,1,11,凱基-士林,2024-11-11,9238
4807,日成-KY,11,0,11,凱基-士林,2024-11-11,9238
2027,大成鋼,11,1,10,凱基-士林,2024-11-11,9238
3591,艾笛森,10,0,10,凱基-士林,2024-11-11,9238
00878,國泰永續高股息,178,13,165,凱基-士林,2024-11-12,9238
00715L,期街口布蘭特正2,134,20,114,凱基-士林,2024-11-12,9238
2344,華邦電,107,0,107,凱基-士林,2024-11-12,9238
00665L,富邦�琤肭磪囓�2,94,0,94,凱基-士林,2024-11-12,9238
00909,國泰數位支付服務,81,0,81,凱基-士林,2024-11-12,9238
00943,兆豐電子高息等權,80,0,80,凱基-士林,2024-11-12,9238
00929,復華台灣科技優息,66,3,63,凱基-士林,2024-11-12,9238
3419,譁裕,56,0,56,凱基-士林,2024-11-12,9238
2436,偉詮電,40,0,40,凱基-士林,2024-11-12,9238
2002,中鋼,38,0,38,凱基-士林,2024-11-12,9238
9934,成霖,33,0,33,凱基-士林,2024-11-12,9238
0056,元大高股息,49,16,33,凱基-士林,2024-11-12,9238
00937B,群益ESG投等債20,40,8,32,凱基-士林,2024-11-12,9238
00650L,復華香港正2,36,4,32,凱基-士林,2024-11-12,9238
2890,永豐金,32,0,32,凱基-士林,2024-11-12,9238
2882,國泰金,33,2,31,凱基-士林,2024-11-12,9238
4931,新盛力,31,0,31,凱基-士林,2024-11-12,9238
2313,華通,28,1,27,凱基-士林,2024-11-12,9238
2883,凱基金,27,0,27,凱基-士林,2024-11-12,9238
00919,群益台灣精選高息,29,2,27,凱基-士林,2024-11-12,9238
2356,英業達,63,38,25,凱基-士林,2024-11-12,9238
00882,中信中國高股息,24,0,24,凱基-士林,2024-11-12,9238
00952,凱基台灣AI50,25,1,24,凱基-士林,2024-11-12,9238
0050,元大台灣50,24,1,23,凱基-士林,2024-11-12,9238
3711,日月光投控,21,0,21,凱基-士林,2024-11-12,9238
2353,宏��,20,0,20,凱基-士林,2024-11-12,9238
2374,佳能,20,0,20,凱基-士林,2024-11-12,9238
4726,永昕,20,0,20,凱基-士林,2024-11-12,9238
2892,第一金,19,0,19,凱基-士林,2024-11-12,9238
5871,中租-KY,18,0,18,凱基-士林,2024-11-12,9238
4123,晟德,17,0,17,凱基-士林,2024-11-12,9238
3312,弘憶股,15,0,15,凱基-士林,2024-11-12,9238
2615,萬海,17,3,14,凱基-士林,2024-11-12,9238
2887,台新金,13,0,13,凱基-士林,2024-11-12,9238
5880,合庫金,14,1,13,凱基-士林,2024-11-12,9238
3481,群創,15,2,13,凱基-士林,2024-11-12,9238
2603,長榮,15,2,13,凱基-士林,2024-11-12,9238
1301,台塑,19,7,12,凱基-士林,2024-11-12,9238
4533,協易機,12,0,12,凱基-士林,2024-11-12,9238
1727,中華化,13,2,11,凱基-士林,2024-11-12,9238
6005,群益證,11,0,11,凱基-士林,2024-11-12,9238
6269,台郡,11,0,11,凱基-士林,2024-11-12,9238
00887,永豐中國科技50大,10,0,10,凱基-士林,2024-11-12,9238
1314,中石化,11,1,10,凱基-士林,2024-11-12,9238
1321,大洋,10,0,10,凱基-士林,2024-11-12,9238
3149,正達,11,1,10,凱基-士林,2024-11-12,9238
3466,德晉,10,0,10,凱基-士林,2024-11-12,9238
3691,碩禾,10,0,10,凱基-士林,2024-11-12,9238
4583,台灣精銳,10,0,10,凱基-士林,2024-11-12,9238
4736,泰博,10,0,10,凱基-士林,2024-11-12,9238
00878,國泰永續高股息,200,7,193,凱基-士林,2024-11-13,9238
3481,群創,92,2,90,凱基-士林,2024-11-13,9238
00632R,元大台灣50反1,100,21,79,凱基-士林,2024-11-13,9238
00715L,期街口布蘭特正2,67,0,67,凱基-士林,2024-11-13,9238
00688L,國泰20年美債正2,60,0,60,凱基-士林,2024-11-13,9238
2883,凱基金,54,0,54,凱基-士林,2024-11-13,9238
2812,台中銀,51,0,51,凱基-士林,2024-11-13,9238
2314,台揚,40,0,40,凱基-士林,2024-11-13,9238
2317,鴻海,61,22,39,凱基-士林,2024-11-13,9238
00650L,復華香港正2,38,6,32,凱基-士林,2024-11-13,9238
5871,中租-KY,35,4,31,凱基-士林,2024-11-13,9238
4523,永彰,31,0,31,凱基-士林,2024-11-13,9238
8096,擎亞,30,1,29,凱基-士林,2024-11-13,9238
2303,聯電,33,5,28,凱基-士林,2024-11-13,9238
00915,凱基優選高股息30,52,24,28,凱基-士林,2024-11-13,9238
2882,國泰金,29,3,26,凱基-士林,2024-11-13,9238
6869,雲豹能源,29,4,25,凱基-士林,2024-11-13,9238
2890,永豐金,24,0,24,凱基-士林,2024-11-13,9238
2609,陽明,23,2,21,凱基-士林,2024-11-13,9238
2356,英業達,26,6,20,凱基-士林,2024-11-13,9238
6185,幃翔,20,0,20,凱基-士林,2024-11-13,9238
00887,永豐中國科技50大,20,0,20,凱基-士林,2024-11-13,9238
2228,劍麟,20,0,20,凱基-士林,2024-11-13,9238
0056,元大高股息,20,0,20,凱基-士林,2024-11-13,9238
00922,國泰台灣領袖50,23,4,19,凱基-士林,2024-11-13,9238
8011,台通,22,4,18,凱基-士林,2024-11-13,9238
2888,新光金,20,2,18,凱基-士林,2024-11-13,9238
3706,神達,88,70,18,凱基-士林,2024-11-13,9238
4979,華星光,20,3,17,凱基-士林,2024-11-13,9238
2353,宏��,16,1,15,凱基-士林,2024-11-13,9238
1307,三芳,15,0,15,凱基-士林,2024-11-13,9238
2330,台積電,15,1,14,凱基-士林,2024-11-13,9238
00937B,群益ESG投等債20,18,5,13,凱基-士林,2024-11-13,9238
2891,中信金,19,7,12,凱基-士林,2024-11-13,9238
2486,一詮,27,16,11,凱基-士林,2024-11-13,9238
1721,三晃,11,0,11,凱基-士林,2024-11-13,9238
2405,輔信,10,0,10,凱基-士林,2024-11-13,9238
6770,力積電,10,0,10,凱基-士林,2024-11-13,9238
00909,國泰數位支付服務,10,0,10,凱基-士林,2024-11-13,9238
00957B,兆豐US優選投等債,10,0,10,凱基-士林,2024-11-13,9238
2905,三商,10,0,10,凱基-士林,2024-11-13,9238
6592,和潤企業,10,0,10,凱基-士林,2024-11-13,9238
00929,復華台灣科技優息,11,2,9,凱基-士林,2024-11-13,9238
8054,安國,9,0,9,凱基-士林,2024-11-13,9238
1727,中華化,9,0,9,凱基-士林,2024-11-13,9238
2377,微星,10,1,9,凱基-士林,2024-11-13,9238
2027,大成鋼,10,2,8,凱基-士林,2024-11-13,9238
3013,晟銘電,24,16,8,凱基-士林,2024-11-13,9238
00679B,元大美債20年,8,0,8,凱基-士林,2024-11-13,9238
00706L,期元大S＆P日圓正2,8,0,8,凱基-士林,2024-11-13,9238
00878,國泰永續高股息,245,10,235,凱基-士林,2024-11-14,9238
6186,新潤,87,0,87,凱基-士林,2024-11-14,9238
9105,泰金寶-DR,109,26,83,凱基-士林,2024-11-14,9238
00665L,富邦�琤肭磪囓�2,69,15,54,凱基-士林,2024-11-14,9238
2812,台中銀,50,0,50,凱基-士林,2024-11-14,9238
2303,聯電,51,2,49,凱基-士林,2024-11-14,9238
3231,緯創,48,3,45,凱基-士林,2024-11-14,9238
2887,台新金,42,0,42,凱基-士林,2024-11-14,9238
0056,元大高股息,45,5,40,凱基-士林,2024-11-14,9238
1301,台塑,40,3,37,凱基-士林,2024-11-14,9238
00680L,元大美債20正2,45,10,35,凱基-士林,2024-11-14,9238
00753L,中信中國50正2,40,5,35,凱基-士林,2024-11-14,9238
5871,中租-KY,33,1,32,凱基-士林,2024-11-14,9238
3711,日月光投控,32,0,32,凱基-士林,2024-11-14,9238
00688L,國泰20年美債正2,29,0,29,凱基-士林,2024-11-14,9238
1303,南亞,24,1,23,凱基-士林,2024-11-14,9238
2481,強茂,21,0,21,凱基-士林,2024-11-14,9238
0055,元大MSCI金融,20,0,20,凱基-士林,2024-11-14,9238
1108,幸福,20,0,20,凱基-士林,2024-11-14,9238
3466,德晉,20,0,20,凱基-士林,2024-11-14,9238
3535,晶彩科,26,6,20,凱基-士林,2024-11-14,9238
6005,群益證,20,0,20,凱基-士林,2024-11-14,9238
00679B,元大美債20年,17,0,17,凱基-士林,2024-11-14,9238
4123,晟德,16,0,16,凱基-士林,2024-11-14,9238
2382,廣達,29,13,16,凱基-士林,2024-11-14,9238
00713,元大台灣高息低波,15,0,15,凱基-士林,2024-11-14,9238
2618,長榮航,36,21,15,凱基-士林,2024-11-14,9238
2356,英業達,23,8,15,凱基-士林,2024-11-14,9238
2634,漢翔,15,0,15,凱基-士林,2024-11-14,9238
2611,志信,20,5,15,凱基-士林,2024-11-14,9238
2609,陽明,17,3,14,凱基-士林,2024-11-14,9238
00919,群益台灣精選高息,27,15,12,凱基-士林,2024-11-14,9238
2890,永豐金,12,0,12,凱基-士林,2024-11-14,9238
9945,潤泰新,12,0,12,凱基-士林,2024-11-14,9238
2881,富邦金,11,0,11,凱基-士林,2024-11-14,9238
4807,日成-KY,92,81,11,凱基-士林,2024-11-14,9238
3037,欣興,15,5,10,凱基-士林,2024-11-14,9238
2408,南亞科,10,0,10,凱基-士林,2024-11-14,9238
6214,精誠,10,0,10,凱基-士林,2024-11-14,9238
00959B,大華投等美債15Y+,10,0,10,凱基-士林,2024-11-14,9238
1447,力鵬,10,0,10,凱基-士林,2024-11-14,9238
2436,偉詮電,10,0,10,凱基-士林,2024-11-14,9238
2449,京元電子,10,0,10,凱基-士林,2024-11-14,9238
3631,晟楠,10,0,10,凱基-士林,2024-11-14,9238
3691,碩禾,10,0,10,凱基-士林,2024-11-14,9238
6505,台塑化,10,0,10,凱基-士林,2024-11-14,9238
9934,成霖,10,0,10,凱基-士林,2024-11-14,9238
00930,永豐ESG低碳高息,9,0,9,凱基-士林,2024-11-14,9238
00881,國泰台灣5G+,9,0,9,凱基-士林,2024-11-14,9238
00918,大華優利高填息30,10,1,9,凱基-士林,2024-11-14,9238
00878,國泰永續高股息,303,0,303,凱基-士林,2024-11-15,9238
5398,慕康生醫,123,1,122,凱基-士林,2024-11-15,9238
2641,正德,111,2,109,凱基-士林,2024-11-15,9238
2609,陽明,116,38,78,凱基-士林,2024-11-15,9238
3231,緯創,67,8,59,凱基-士林,2024-11-15,9238
2324,仁寶,39,4,35,凱基-士林,2024-11-15,9238
00945B,凱基美國非投等債,32,0,32,凱基-士林,2024-11-15,9238
8085,福華,26,0,26,凱基-士林,2024-11-15,9238
2356,英業達,28,3,25,凱基-士林,2024-11-15,9238
3036,文曄,22,0,22,凱基-士林,2024-11-15,9238
0056,元大高股息,22,0,22,凱基-士林,2024-11-15,9238
2033,佳大,21,0,21,凱基-士林,2024-11-15,9238
00887,永豐中國科技50大,20,0,20,凱基-士林,2024-11-15,9238
1316,上曜,20,0,20,凱基-士林,2024-11-15,9238
3703,欣陸,20,0,20,凱基-士林,2024-11-15,9238
5258,虹堡,20,0,20,凱基-士林,2024-11-15,9238
00929,復華台灣科技優息,31,13,18,凱基-士林,2024-11-15,9238
2382,廣達,41,23,18,凱基-士林,2024-11-15,9238
00637L,元大滬深300正2,17,0,17,凱基-士林,2024-11-15,9238
4931,新盛力,30,13,17,凱基-士林,2024-11-15,9238
00932,兆豐永續高息等權,15,0,15,凱基-士林,2024-11-15,9238
3338,泰碩,17,3,14,凱基-士林,2024-11-15,9238
00922,國泰台灣領袖50,13,0,13,凱基-士林,2024-11-15,9238
0055,元大MSCI金融,16,4,12,凱基-士林,2024-11-15,9238
1587,吉茂,11,0,11,凱基-士林,2024-11-15,9238
6558,興能高,11,0,11,凱基-士林,2024-11-15,9238
00650L,復華香港正2,11,1,10,凱基-士林,2024-11-15,9238
00715L,期街口布蘭特正2,50,40,10,凱基-士林,2024-11-15,9238
00938,凱基優選30,10,0,10,凱基-士林,2024-11-15,9238
00961,FT臺灣永續高息,10,0,10,凱基-士林,2024-11-15,9238
2302,麗正,10,0,10,凱基-士林,2024-11-15,9238
2313,華通,10,0,10,凱基-士林,2024-11-15,9238
2543,皇昌,11,1,10,凱基-士林,2024-11-15,9238
4736,泰博,10,0,10,凱基-士林,2024-11-15,9238
5907,大洋-KY,25,15,10,凱基-士林,2024-11-15,9238
8040,九暘,10,0,10,凱基-士林,2024-11-15,9238
8421,旭源,10,0,10,凱基-士林,2024-11-15,9238
2405,輔信,10,1,9,凱基-士林,2024-11-15,9238
2461,光群雷,9,0,9,凱基-士林,2024-11-15,9238
6005,群益證,9,0,9,凱基-士林,2024-11-15,9238
3293,鈊象,8,0,8,凱基-士林,2024-11-15,9238
2301,光寶科,8,0,8,凱基-士林,2024-11-15,9238
2820,華票,8,0,8,凱基-士林,2024-11-15,9238
5309,系統電,10,2,8,凱基-士林,2024-11-15,9238
9103,美德醫療-DR,8,0,8,凱基-士林,2024-11-15,9238
2891,中信金,7,0,7,凱基-士林,2024-11-15,9238
2634,漢翔,11,4,7,凱基-士林,2024-11-15,9238
3013,晟銘電,14,7,7,凱基-士林,2024-11-15,9238
4977,眾達-KY,25,18,7,凱基-士林,2024-11-15,9238
5871,中租-KY,7,0,7,凱基-士林,2024-11-15,9238
00878,國泰永續高股息,314,173,141,凱基-士林,2024-11-18,9238
3032,偉訓,110,2,108,凱基-士林,2024-11-18,9238
2641,正德,95,0,95,凱基-士林,2024-11-18,9238
2881,富邦金,69,0,69,凱基-士林,2024-11-18,9238
00715L,期街口布蘭特正2,73,8,65,凱基-士林,2024-11-18,9238
6530,創威,65,0,65,凱基-士林,2024-11-18,9238
2426,鼎元,53,0,53,凱基-士林,2024-11-18,9238
2371,大同,52,14,38,凱基-士林,2024-11-18,9238
2891,中信金,44,13,31,凱基-士林,2024-11-18,9238
00830,國泰費城半導體,30,0,30,凱基-士林,2024-11-18,9238
00932,兆豐永續高息等權,32,2,30,凱基-士林,2024-11-18,9238
4906,正文,30,0,30,凱基-士林,2024-11-18,9238
6505,台塑化,26,0,26,凱基-士林,2024-11-18,9238
9934,成霖,26,0,26,凱基-士林,2024-11-18,9238
00915,凱基優選高股息30,25,0,25,凱基-士林,2024-11-18,9238
00919,群益台灣精選高息,24,0,24,凱基-士林,2024-11-18,9238
00918,大華優利高填息30,20,0,20,凱基-士林,2024-11-18,9238
00665L,富邦�琤肭磪囓�2,40,20,20,凱基-士林,2024-11-18,9238
1609,大亞,20,0,20,凱基-士林,2024-11-18,9238
5443,均豪,20,0,20,凱基-士林,2024-11-18,9238
8054,安國,20,0,20,凱基-士林,2024-11-18,9238
8112,至上,20,0,20,凱基-士林,2024-11-18,9238
2324,仁寶,57,38,19,凱基-士林,2024-11-18,9238
8040,九暘,19,0,19,凱基-士林,2024-11-18,9238
9908,大台北,20,1,19,凱基-士林,2024-11-18,9238
00679B,元大美債20年,19,2,17,凱基-士林,2024-11-18,9238
4123,晟德,16,0,16,凱基-士林,2024-11-18,9238
00937B,群益ESG投等債20,94,82,12,凱基-士林,2024-11-18,9238
00941,中信上游半導體,14,2,12,凱基-士林,2024-11-18,9238
3062,建漢,11,0,11,凱基-士林,2024-11-18,9238
00881,國泰台灣5G+,11,0,11,凱基-士林,2024-11-18,9238
2476,鉅祥,12,1,11,凱基-士林,2024-11-18,9238
3466,德晉,21,10,11,凱基-士林,2024-11-18,9238
00952,凱基台灣AI50,10,0,10,凱基-士林,2024-11-18,9238
1702,南僑,10,0,10,凱基-士林,2024-11-18,9238
2033,佳大,10,0,10,凱基-士林,2024-11-18,9238
2204,中華,10,0,10,凱基-士林,2024-11-18,9238
3711,日月光投控,11,1,10,凱基-士林,2024-11-18,9238
6274,台燿,10,0,10,凱基-士林,2024-11-18,9238
1608,華榮,10,0,10,凱基-士林,2024-11-18,9238
00713,元大台灣高息低波,10,0,10,凱基-士林,2024-11-18,9238
2376,技嘉,14,5,9,凱基-士林,2024-11-18,9238
00692,富邦公司治理,9,0,9,凱基-士林,2024-11-18,9238
2409,友達,10,1,9,凱基-士林,2024-11-18,9238
4979,華星光,9,0,9,凱基-士林,2024-11-18,9238
2603,長榮,9,0,9,凱基-士林,2024-11-18,9238
2382,廣達,11,3,8,凱基-士林,2024-11-18,9238
2606,裕民,9,1,8,凱基-士林,2024-11-18,9238
00891,中信關鍵半導體,7,0,7,凱基-士林,2024-11-18,9238
3675,德微,7,0,7,凱基-士林,2024-11-18,9238
2392,正崴,96,3,93,凱基-士林,2024-11-19,9238
2891,中信金,80,0,80,凱基-士林,2024-11-19,9238
9105,泰金寶-DR,118,50,68,凱基-士林,2024-11-19,9238
00637L,元大滬深300正2,63,6,57,凱基-士林,2024-11-19,9238
00937B,群益ESG投等債20,51,0,51,凱基-士林,2024-11-19,9238
006208,富邦台50,48,0,48,凱基-士林,2024-11-19,9238
00632R,元大台灣50反1,45,0,45,凱基-士林,2024-11-19,9238
00919,群益台灣精選高息,42,2,40,凱基-士林,2024-11-19,9238
2349,錸德,51,14,37,凱基-士林,2024-11-19,9238
2889,國票金,36,0,36,凱基-士林,2024-11-19,9238
00878,國泰永續高股息,110,79,31,凱基-士林,2024-11-19,9238
00915,凱基優選高股息30,29,0,29,凱基-士林,2024-11-19,9238
3481,群創,29,8,21,凱基-士林,2024-11-19,9238
2476,鉅祥,23,3,20,凱基-士林,2024-11-19,9238
6185,幃翔,20,0,20,凱基-士林,2024-11-19,9238
8085,福華,20,0,20,凱基-士林,2024-11-19,9238
6770,力積電,20,1,19,凱基-士林,2024-11-19,9238
8104,錸寶,22,5,17,凱基-士林,2024-11-19,9238
2884,玉山金,16,0,16,凱基-士林,2024-11-19,9238
2356,英業達,40,26,14,凱基-士林,2024-11-19,9238
00887,永豐中國科技50大,13,0,13,凱基-士林,2024-11-19,9238
2303,聯電,22,9,13,凱基-士林,2024-11-19,9238
00929,復華台灣科技優息,64,51,13,凱基-士林,2024-11-19,9238
00753L,中信中國50正2,22,10,12,凱基-士林,2024-11-19,9238
00905,FT臺灣Smart,12,0,12,凱基-士林,2024-11-19,9238
00926,凱基全球菁英55,10,0,10,凱基-士林,2024-11-19,9238
00947,台新臺灣IC設計,10,0,10,凱基-士林,2024-11-19,9238
00953B,群益優選非投等債,10,0,10,凱基-士林,2024-11-19,9238
2431,聯昌,10,0,10,凱基-士林,2024-11-19,9238
2929,淘帝-KY,30,20,10,凱基-士林,2024-11-19,9238
3019,亞光,19,9,10,凱基-士林,2024-11-19,9238
6505,台塑化,10,0,10,凱基-士林,2024-11-19,9238
9934,成霖,10,0,10,凱基-士林,2024-11-19,9238
2317,鴻海,18,8,10,凱基-士林,2024-11-19,9238
2838,聯邦銀,10,1,9,凱基-士林,2024-11-19,9238
00665L,富邦�琤肭磪囓�2,30,21,9,凱基-士林,2024-11-19,9238
3231,緯創,11,2,9,凱基-士林,2024-11-19,9238
1301,台塑,13,5,8,凱基-士林,2024-11-19,9238
2883,凱基金,9,1,8,凱基-士林,2024-11-19,9238
00891,中信關鍵半導體,7,0,7,凱基-士林,2024-11-19,9238
6862,三集瑞-KY,7,0,7,凱基-士林,2024-11-19,9238
2382,廣達,8,1,7,凱基-士林,2024-11-19,9238
1101,台泥,21,15,6,凱基-士林,2024-11-19,9238
3576,聯合再生,6,0,6,凱基-士林,2024-11-19,9238
4912,聯德控股-KY,6,0,6,凱基-士林,2024-11-19,9238
6150,撼訊,15,9,6,凱基-士林,2024-11-19,9238
00894,中信小資高價30,5,0,5,凱基-士林,2024-11-19,9238
1108,幸福,5,0,5,凱基-士林,2024-11-19,9238
1587,吉茂,7,2,5,凱基-士林,2024-11-19,9238
2007,燁興,5,0,5,凱基-士林,2024-11-19,9238
2880,華南金,100,0,100,凱基-士林,2024-11-20,9238
00937B,群益ESG投等債20,71,0,71,凱基-士林,2024-11-20,9238
2317,鴻海,63,1,62,凱基-士林,2024-11-20,9238
2485,兆赫,51,0,51,凱基-士林,2024-11-20,9238
2356,英業達,125,79,46,凱基-士林,2024-11-20,9238
2354,鴻準,73,29,44,凱基-士林,2024-11-20,9238
6558,興能高,38,3,35,凱基-士林,2024-11-20,9238
5521,工信,32,0,32,凱基-士林,2024-11-20,9238
5876,上海商銀,30,0,30,凱基-士林,2024-11-20,9238
00963,中信全球高股息,30,0,30,凱基-士林,2024-11-20,9238
3363,上詮,31,1,30,凱基-士林,2024-11-20,9238
2314,台揚,29,0,29,凱基-士林,2024-11-20,9238
3323,加百裕,34,6,28,凱基-士林,2024-11-20,9238
5871,中租-KY,26,0,26,凱基-士林,2024-11-20,9238
00929,復華台灣科技優息,29,5,24,凱基-士林,2024-11-20,9238
2881,富邦金,22,0,22,凱基-士林,2024-11-20,9238
2409,友達,21,0,21,凱基-士林,2024-11-20,9238
00919,群益台灣精選高息,50,30,20,凱基-士林,2024-11-20,9238
3231,緯創,20,0,20,凱基-士林,2024-11-20,9238
2425,承啟,20,1,19,凱基-士林,2024-11-20,9238
9934,成霖,18,0,18,凱基-士林,2024-11-20,9238
1301,台塑,21,4,17,凱基-士林,2024-11-20,9238
3594,磐儀,21,4,17,凱基-士林,2024-11-20,9238
1786,科妍,16,0,16,凱基-士林,2024-11-20,9238
2303,聯電,17,2,15,凱基-士林,2024-11-20,9238
2887,台新金,20,5,15,凱基-士林,2024-11-20,9238
3625,西勝,14,0,14,凱基-士林,2024-11-20,9238
9933,中鼎,14,0,14,凱基-士林,2024-11-20,9238
8210,勤誠,13,0,13,凱基-士林,2024-11-20,9238
1449,佳和,15,3,12,凱基-士林,2024-11-20,9238
6005,群益證,12,0,12,凱基-士林,2024-11-20,9238
6770,力積電,12,0,12,凱基-士林,2024-11-20,9238
3037,欣興,11,0,11,凱基-士林,2024-11-20,9238
5880,合庫金,11,0,11,凱基-士林,2024-11-20,9238
00688L,國泰20年美債正2,15,5,10,凱基-士林,2024-11-20,9238
2367,燿華,10,0,10,凱基-士林,2024-11-20,9238
3466,德晉,20,10,10,凱基-士林,2024-11-20,9238
4526,東台,10,0,10,凱基-士林,2024-11-20,9238
4720,德淵,10,0,10,凱基-士林,2024-11-20,9238
6548,長科*,10,0,10,凱基-士林,2024-11-20,9238
2349,錸德,70,61,9,凱基-士林,2024-11-20,9238
2495,普安,9,0,9,凱基-士林,2024-11-20,9238
6432,今展科,9,0,9,凱基-士林,2024-11-20,9238
1609,大亞,10,1,9,凱基-士林,2024-11-20,9238
00680L,元大美債20正2,8,0,8,凱基-士林,2024-11-20,9238
2324,仁寶,11,3,8,凱基-士林,2024-11-20,9238
3050,鈺德,13,5,8,凱基-士林,2024-11-20,9238
8085,福華,8,0,8,凱基-士林,2024-11-20,9238
2330,台積電,9,1,8,凱基-士林,2024-11-20,9238
00930,永豐ESG低碳高息,7,0,7,凱基-士林,2024-11-20,9238
1815,富喬,172,24,148,凱基-士林,2024-11-21,9238
2303,聯電,102,2,100,凱基-士林,2024-11-21,9238
2881,富邦金,88,1,87,凱基-士林,2024-11-21,9238
5880,合庫金,80,0,80,凱基-士林,2024-11-21,9238
2353,宏��,69,0,69,凱基-士林,2024-11-21,9238
5243,乙盛-KY,68,1,67,凱基-士林,2024-11-21,9238
3450,聯鈞,87,29,58,凱基-士林,2024-11-21,9238
8085,福華,57,0,57,凱基-士林,2024-11-21,9238
5876,上海商銀,46,0,46,凱基-士林,2024-11-21,9238
2882,國泰金,32,1,31,凱基-士林,2024-11-21,9238
00878,國泰永續高股息,34,3,31,凱基-士林,2024-11-21,9238
00952,凱基台灣AI50,30,0,30,凱基-士林,2024-11-21,9238
6185,幃翔,30,0,30,凱基-士林,2024-11-21,9238
6282,康舒,35,7,28,凱基-士林,2024-11-21,9238
2520,冠德,41,14,27,凱基-士林,2024-11-21,9238
00688L,國泰20年美債正2,25,0,25,凱基-士林,2024-11-21,9238
6770,力積電,23,0,23,凱基-士林,2024-11-21,9238
00919,群益台灣精選高息,21,0,21,凱基-士林,2024-11-21,9238
1303,南亞,22,3,19,凱基-士林,2024-11-21,9238
2368,金像電,21,5,16,凱基-士林,2024-11-21,9238
0056,元大高股息,17,1,16,凱基-士林,2024-11-21,9238
00915,凱基優選高股息30,26,10,16,凱基-士林,2024-11-21,9238
2618,長榮航,16,0,16,凱基-士林,2024-11-21,9238
2633,台灣高鐵,14,0,14,凱基-士林,2024-11-21,9238
1301,台塑,17,4,13,凱基-士林,2024-11-21,9238
00930,永豐ESG低碳高息,12,0,12,凱基-士林,2024-11-21,9238
2204,中華,56,44,12,凱基-士林,2024-11-21,9238
3594,磐儀,14,2,12,凱基-士林,2024-11-21,9238
006208,富邦台50,11,0,11,凱基-士林,2024-11-21,9238
2405,輔信,21,10,11,凱基-士林,2024-11-21,9238
00932,兆豐永續高息等權,10,0,10,凱基-士林,2024-11-21,9238
00926,凱基全球菁英55,10,0,10,凱基-士林,2024-11-21,9238
00963,中信全球高股息,10,0,10,凱基-士林,2024-11-21,9238
2538,基泰,10,0,10,凱基-士林,2024-11-21,9238
3466,德晉,10,0,10,凱基-士林,2024-11-21,9238
9933,中鼎,10,0,10,凱基-士林,2024-11-21,9238
2890,永豐金,10,0,10,凱基-士林,2024-11-21,9238
2233,宇隆,10,1,9,凱基-士林,2024-11-21,9238
2308,台達電,9,0,9,凱基-士林,2024-11-21,9238
2634,漢翔,8,0,8,凱基-士林,2024-11-21,9238
00929,復華台灣科技優息,11,3,8,凱基-士林,2024-11-21,9238
2317,鴻海,10,3,7,凱基-士林,2024-11-21,9238
3062,建漢,12,5,7,凱基-士林,2024-11-21,9238
2486,一詮,12,5,7,凱基-士林,2024-11-21,9238
1213,大飲,6,0,6,凱基-士林,2024-11-21,9238
3013,晟銘電,7,1,6,凱基-士林,2024-11-21,9238
4927,泰鼎-KY,6,0,6,凱基-士林,2024-11-21,9238
6609,瀧澤科,6,0,6,凱基-士林,2024-11-21,9238
6674,鋐寶科技,8,2,6,凱基-士林,2024-11-21,9238
8404,百和興業-KY,9,3,6,凱基-士林,2024-11-21,9238
00665L,富邦�琤肭磪囓�2,150,0,150,凱基-士林,2024-11-22,9238
2609,陽明,66,9,57,凱基-士林,2024-11-22,9238
3231,緯創,59,8,51,凱基-士林,2024-11-22,9238
5876,上海商銀,49,0,49,凱基-士林,2024-11-22,9238
5488,松普,40,0,40,凱基-士林,2024-11-22,9238
2409,友達,36,1,35,凱基-士林,2024-11-22,9238
00882,中信中國高股息,38,3,35,凱基-士林,2024-11-22,9238
4542,科嶠,33,0,33,凱基-士林,2024-11-22,9238
6770,力積電,31,0,31,凱基-士林,2024-11-22,9238
1314,中石化,41,10,31,凱基-士林,2024-11-22,9238
2349,錸德,30,1,29,凱基-士林,2024-11-22,9238
3702,大聯大,27,0,27,凱基-士林,2024-11-22,9238
6197,佳必琪,27,1,26,凱基-士林,2024-11-22,9238
3706,神達,138,114,24,凱基-士林,2024-11-22,9238
2317,鴻海,27,3,24,凱基-士林,2024-11-22,9238
1815,富喬,480,456,24,凱基-士林,2024-11-22,9238
1303,南亞,24,1,23,凱基-士林,2024-11-22,9238
3032,偉訓,34,12,22,凱基-士林,2024-11-22,9238
2885,元大金,21,0,21,凱基-士林,2024-11-22,9238
00953B,群益優選非投等債,20,0,20,凱基-士林,2024-11-22,9238
2033,佳大,20,0,20,凱基-士林,2024-11-22,9238
2845,遠東銀,20,0,20,凱基-士林,2024-11-22,9238
00637L,元大滬深300正2,31,12,19,凱基-士林,2024-11-22,9238
1301,台塑,22,4,18,凱基-士林,2024-11-22,9238
2486,一詮,17,3,14,凱基-士林,2024-11-22,9238
00757,統一FANG+,14,0,14,凱基-士林,2024-11-22,9238
2368,金像電,26,13,13,凱基-士林,2024-11-22,9238
2204,中華,13,1,12,凱基-士林,2024-11-22,9238
2881,富邦金,22,10,12,凱基-士林,2024-11-22,9238
3323,加百裕,13,1,12,凱基-士林,2024-11-22,9238
6129,普誠,12,0,12,凱基-士林,2024-11-22,9238
2324,仁寶,13,1,12,凱基-士林,2024-11-22,9238
2890,永豐金,10,0,10,凱基-士林,2024-11-22,9238
4566,時碩工業,10,0,10,凱基-士林,2024-11-22,9238
2633,台灣高鐵,10,0,10,凱基-士林,2024-11-22,9238
006208,富邦台50,13,3,10,凱基-士林,2024-11-22,9238
2615,萬海,15,6,9,凱基-士林,2024-11-22,9238
2891,中信金,11,2,9,凱基-士林,2024-11-22,9238
4720,德淵,9,0,9,凱基-士林,2024-11-22,9238
4956,光鋐,9,0,9,凱基-士林,2024-11-22,9238
3003,健和興,10,2,8,凱基-士林,2024-11-22,9238
8163,達方,9,1,8,凱基-士林,2024-11-22,9238
6176,瑞儀,7,0,7,凱基-士林,2024-11-22,9238
2233,宇隆,9,2,7,凱基-士林,2024-11-22,9238
3037,欣興,8,1,7,凱基-士林,2024-11-22,9238
4513,福裕,8,1,7,凱基-士林,2024-11-22,9238
6153,嘉聯益,7,0,7,凱基-士林,2024-11-22,9238
2382,廣達,11,4,7,凱基-士林,2024-11-22,9238
00679B,元大美債20年,6,0,6,凱基-士林,2024-11-22,9238
00752,中信中國50,6,0,6,凱基-士林,2024-11-22,9238
00680L,元大美債20正2,100,5,95,凱基-士林,2024-11-25,9238
9105,泰金寶-DR,120,34,86,凱基-士林,2024-11-25,9238
2371,大同,135,58,77,凱基-士林,2024-11-25,9238
00688L,國泰20年美債正2,100,40,60,凱基-士林,2024-11-25,9238
1611,中電,66,6,60,凱基-士林,2024-11-25,9238
6257,矽格,55,0,55,凱基-士林,2024-11-25,9238
2027,大成鋼,54,0,54,凱基-士林,2024-11-25,9238
00919,群益台灣精選高息,70,27,43,凱基-士林,2024-11-25,9238
6770,力積電,41,3,38,凱基-士林,2024-11-25,9238
2312,金寶,65,34,31,凱基-士林,2024-11-25,9238
2542,興富發,36,5,31,凱基-士林,2024-11-25,9238
3363,上詮,41,10,31,凱基-士林,2024-11-25,9238
2603,長榮,32,5,27,凱基-士林,2024-11-25,9238
2425,承啟,25,0,25,凱基-士林,2024-11-25,9238
5876,上海商銀,22,0,22,凱基-士林,2024-11-25,9238
4977,眾達-KY,29,7,22,凱基-士林,2024-11-25,9238
6129,普誠,21,0,21,凱基-士林,2024-11-25,9238
2889,國票金,20,0,20,凱基-士林,2024-11-25,9238
4716,大立,20,0,20,凱基-士林,2024-11-25,9238
2618,長榮航,22,3,19,凱基-士林,2024-11-25,9238
3450,聯鈞,29,10,19,凱基-士林,2024-11-25,9238
2885,元大金,17,0,17,凱基-士林,2024-11-25,9238
1560,中砂,17,1,16,凱基-士林,2024-11-25,9238
2356,英業達,18,2,16,凱基-士林,2024-11-25,9238
2349,錸德,25,10,15,凱基-士林,2024-11-25,9238
1402,遠東新,15,2,13,凱基-士林,2024-11-25,9238
2615,萬海,12,0,12,凱基-士林,2024-11-25,9238
00887,永豐中國科技50大,12,0,12,凱基-士林,2024-11-25,9238
2520,冠德,12,1,11,凱基-士林,2024-11-25,9238
2233,宇隆,12,2,10,凱基-士林,2024-11-25,9238
00882,中信中國高股息,15,5,10,凱基-士林,2024-11-25,9238
00650L,復華香港正2,10,0,10,凱基-士林,2024-11-25,9238
00712,復華富時不動產,10,0,10,凱基-士林,2024-11-25,9238
00679B,元大美債20年,20,11,9,凱基-士林,2024-11-25,9238
2489,瑞軒,10,1,9,凱基-士林,2024-11-25,9238
5438,東友,10,1,9,凱基-士林,2024-11-25,9238
1108,幸福,8,0,8,凱基-士林,2024-11-25,9238
2449,京元電子,9,1,8,凱基-士林,2024-11-25,9238
00930,永豐ESG低碳高息,7,0,7,凱基-士林,2024-11-25,9238
00907,永豐優息存股,7,0,7,凱基-士林,2024-11-25,9238
3030,德律,8,1,7,凱基-士林,2024-11-25,9238
3631,晟楠,7,0,7,凱基-士林,2024-11-25,9238
3090,日電貿,26,19,7,凱基-士林,2024-11-25,9238
4927,泰鼎-KY,9,3,6,凱基-士林,2024-11-25,9238
00937B,群益ESG投等債20,5,0,5,凱基-士林,2024-11-25,9238
00901,永豐智能車供應鏈,5,0,5,凱基-士林,2024-11-25,9238
00922,國泰台灣領袖50,5,0,5,凱基-士林,2024-11-25,9238
1215,卜蜂,5,0,5,凱基-士林,2024-11-25,9238
1336,台翰,5,0,5,凱基-士林,2024-11-25,9238
2376,技嘉,7,2,5,凱基-士林,2024-11-25,9238
3032,偉訓,108,7,101,凱基-士林,2024-11-26,9238
00715L,期街口布蘭特正2,103,10,93,凱基-士林,2024-11-26,9238
5309,系統電,74,2,72,凱基-士林,2024-11-26,9238
2317,鴻海,63,3,60,凱基-士林,2024-11-26,9238
2344,華邦電,52,0,52,凱基-士林,2024-11-26,9238
2303,聯電,83,31,52,凱基-士林,2024-11-26,9238
6443,元晶,41,0,41,凱基-士林,2024-11-26,9238
2023,燁輝,40,0,40,凱基-士林,2024-11-26,9238
2371,大同,208,172,36,凱基-士林,2024-11-26,9238
3049,精金,34,0,34,凱基-士林,2024-11-26,9238
2891,中信金,36,4,32,凱基-士林,2024-11-26,9238
6127,九豪,31,0,31,凱基-士林,2024-11-26,9238
2409,友達,31,1,30,凱基-士林,2024-11-26,9238
6770,力積電,33,3,30,凱基-士林,2024-11-26,9238
6706,惠特,30,1,29,凱基-士林,2024-11-26,9238
00878,國泰永續高股息,25,1,24,凱基-士林,2024-11-26,9238
4956,光鋐,24,0,24,凱基-士林,2024-11-26,9238
3706,神達,56,33,23,凱基-士林,2024-11-26,9238
4979,華星光,32,12,20,凱基-士林,2024-11-26,9238
2312,金寶,37,18,19,凱基-士林,2024-11-26,9238
2233,宇隆,19,1,18,凱基-士林,2024-11-26,9238
1710,東聯,15,0,15,凱基-士林,2024-11-26,9238
3078,僑威,15,0,15,凱基-士林,2024-11-26,9238
0056,元大高股息,26,12,14,凱基-士林,2024-11-26,9238
1802,台玻,25,11,14,凱基-士林,2024-11-26,9238
3138,耀登,13,0,13,凱基-士林,2024-11-26,9238
00929,復華台灣科技優息,13,0,13,凱基-士林,2024-11-26,9238
3090,日電貿,13,1,12,凱基-士林,2024-11-26,9238
4916,事欣科,17,5,12,凱基-士林,2024-11-26,9238
6213,聯茂,12,0,12,凱基-士林,2024-11-26,9238
3661,世芯-KY,11,0,11,凱基-士林,2024-11-26,9238
00686R,群益臺灣加權反1,10,0,10,凱基-士林,2024-11-26,9238
1533,車王電,10,0,10,凱基-士林,2024-11-26,9238
3303,岱稜,10,0,10,凱基-士林,2024-11-26,9238
4541,晟田,10,0,10,凱基-士林,2024-11-26,9238
8096,擎亞,10,0,10,凱基-士林,2024-11-26,9238
2330,台積電,9,1,8,凱基-士林,2024-11-26,9238
2615,萬海,8,0,8,凱基-士林,2024-11-26,9238
00951,台新日本半導體,8,0,8,凱基-士林,2024-11-26,9238
1524,耿鼎,11,3,8,凱基-士林,2024-11-26,9238
3029,零壹,31,23,8,凱基-士林,2024-11-26,9238
6505,台塑化,9,1,8,凱基-士林,2024-11-26,9238
9105,泰金寶-DR,13,5,8,凱基-士林,2024-11-26,9238
2881,富邦金,17,10,7,凱基-士林,2024-11-26,9238
4729,熒茂,7,0,7,凱基-士林,2024-11-26,9238
00915,凱基優選高股息30,17,10,7,凱基-士林,2024-11-26,9238
0050,元大台灣50,6,0,6,凱基-士林,2024-11-26,9238
2368,金像電,7,1,6,凱基-士林,2024-11-26,9238
2489,瑞軒,6,0,6,凱基-士林,2024-11-26,9238
2834,臺企銀,6,0,6,凱基-士林,2024-11-26,9238
1815,富喬,219,30,189,凱基-士林,2024-11-27,9238
9105,泰金寶-DR,164,12,152,凱基-士林,2024-11-27,9238
2603,長榮,139,13,126,凱基-士林,2024-11-27,9238
0056,元大高股息,114,1,113,凱基-士林,2024-11-27,9238
00919,群益台灣精選高息,119,19,100,凱基-士林,2024-11-27,9238
00878,國泰永續高股息,105,6,99,凱基-士林,2024-11-27,9238
3706,神達,103,25,78,凱基-士林,2024-11-27,9238
6770,力積電,77,0,77,凱基-士林,2024-11-27,9238
2881,富邦金,61,0,61,凱基-士林,2024-11-27,9238
00940,元大台灣價值高息,60,5,55,凱基-士林,2024-11-27,9238
2646,星宇航空,53,0,53,凱基-士林,2024-11-27,9238
2303,聯電,65,13,52,凱基-士林,2024-11-27,9238
2344,華邦電,53,1,52,凱基-士林,2024-11-27,9238
3714,富采,50,0,50,凱基-士林,2024-11-27,9238
2317,鴻海,64,14,50,凱基-士林,2024-11-27,9238
2542,興富發,45,0,45,凱基-士林,2024-11-27,9238
3402,漢科,38,0,38,凱基-士林,2024-11-27,9238
3437,榮創,35,0,35,凱基-士林,2024-11-27,9238
2393,億光,30,0,30,凱基-士林,2024-11-27,9238
2476,鉅祥,30,0,30,凱基-士林,2024-11-27,9238
2611,志信,29,0,29,凱基-士林,2024-11-27,9238
00929,復華台灣科技優息,28,1,27,凱基-士林,2024-11-27,9238
00943,兆豐電子高息等權,27,0,27,凱基-士林,2024-11-27,9238
2349,錸德,22,0,22,凱基-士林,2024-11-27,9238
2891,中信金,21,0,21,凱基-士林,2024-11-27,9238
2515,中工,20,0,20,凱基-士林,2024-11-27,9238
00918,大華優利高填息30,17,0,17,凱基-士林,2024-11-27,9238
3037,欣興,17,1,16,凱基-士林,2024-11-27,9238
5309,系統電,23,7,16,凱基-士林,2024-11-27,9238
00952,凱基台灣AI50,15,0,15,凱基-士林,2024-11-27,9238
1101,台泥,16,1,15,凱基-士林,2024-11-27,9238
2634,漢翔,16,1,15,凱基-士林,2024-11-27,9238
3025,星通,14,0,14,凱基-士林,2024-11-27,9238
3138,耀登,14,0,14,凱基-士林,2024-11-27,9238
2330,台積電,14,2,12,凱基-士林,2024-11-27,9238
00715L,期街口布蘭特正2,12,0,12,凱基-士林,2024-11-27,9238
3013,晟銘電,14,2,12,凱基-士林,2024-11-27,9238
8042,金山電,13,1,12,凱基-士林,2024-11-27,9238
9945,潤泰新,12,0,12,凱基-士林,2024-11-27,9238
2615,萬海,13,2,11,凱基-士林,2024-11-27,9238
00922,國泰台灣領袖50,11,0,11,凱基-士林,2024-11-27,9238
2444,兆勁,12,1,11,凱基-士林,2024-11-27,9238
2855,統一證,11,0,11,凱基-士林,2024-11-27,9238
6558,興能高,20,9,11,凱基-士林,2024-11-27,9238
6235,華孚,26,15,11,凱基-士林,2024-11-27,9238
00690,兆豐藍籌30,10,0,10,凱基-士林,2024-11-27,9238
00881,國泰台灣5G+,10,0,10,凱基-士林,2024-11-27,9238
00894,中信小資高價30,10,0,10,凱基-士林,2024-11-27,9238
00963,中信全球高股息,10,0,10,凱基-士林,2024-11-27,9238
2023,燁輝,10,0,10,凱基-士林,2024-11-27,9238
2332,友訊,256,60,196,凱基-士林,2024-11-28,9238
9105,泰金寶-DR,143,21,122,凱基-士林,2024-11-28,9238
2419,仲琦,138,19,119,凱基-士林,2024-11-28,9238
00929,復華台灣科技優息,99,2,97,凱基-士林,2024-11-28,9238
00878,國泰永續高股息,136,44,92,凱基-士林,2024-11-28,9238
00919,群益台灣精選高息,81,5,76,凱基-士林,2024-11-28,9238
00715L,期街口布蘭特正2,72,0,72,凱基-士林,2024-11-28,9238
3003,健和興,52,0,52,凱基-士林,2024-11-28,9238
2316,楠梓電,50,0,50,凱基-士林,2024-11-28,9238
2891,中信金,41,0,41,凱基-士林,2024-11-28,9238
00909,國泰數位支付服務,40,0,40,凱基-士林,2024-11-28,9238
2476,鉅祥,38,0,38,凱基-士林,2024-11-28,9238
5309,系統電,39,1,38,凱基-士林,2024-11-28,9238
2881,富邦金,37,1,36,凱基-士林,2024-11-28,9238
00940,元大台灣價值高息,32,0,32,凱基-士林,2024-11-28,9238
3591,艾笛森,42,10,32,凱基-士林,2024-11-28,9238
1802,台玻,46,17,29,凱基-士林,2024-11-28,9238
2887,台新金,26,0,26,凱基-士林,2024-11-28,9238
1301,台塑,24,1,23,凱基-士林,2024-11-28,9238
00943,兆豐電子高息等權,22,0,22,凱基-士林,2024-11-28,9238
2023,燁輝,20,0,20,凱基-士林,2024-11-28,9238
3711,日月光投控,20,1,19,凱基-士林,2024-11-28,9238
2317,鴻海,26,10,16,凱基-士林,2024-11-28,9238
00753L,中信中國50正2,15,0,15,凱基-士林,2024-11-28,9238
2324,仁寶,15,0,15,凱基-士林,2024-11-28,9238
2838,聯邦銀,15,0,15,凱基-士林,2024-11-28,9238
2344,華邦電,15,1,14,凱基-士林,2024-11-28,9238
00858,永豐美國500大,14,0,14,凱基-士林,2024-11-28,9238
00915,凱基優選高股息30,15,2,13,凱基-士林,2024-11-28,9238
3481,群創,13,0,13,凱基-士林,2024-11-28,9238
3419,譁裕,15,2,13,凱基-士林,2024-11-28,9238
6151,晉倫,13,0,13,凱基-士林,2024-11-28,9238
00922,國泰台灣領袖50,12,0,12,凱基-士林,2024-11-28,9238
2233,宇隆,16,4,12,凱基-士林,2024-11-28,9238
3031,佰鴻,12,0,12,凱基-士林,2024-11-28,9238
3138,耀登,12,0,12,凱基-士林,2024-11-28,9238
8105,凌巨,12,0,12,凱基-士林,2024-11-28,9238
4510,高鋒,99,87,12,凱基-士林,2024-11-28,9238
2376,技嘉,13,2,11,凱基-士林,2024-11-28,9238
6288,聯嘉,12,1,11,凱基-士林,2024-11-28,9238
00918,大華優利高填息30,10,0,10,凱基-士林,2024-11-28,9238
2615,萬海,15,5,10,凱基-士林,2024-11-28,9238
00857B,永豐20年美公債,10,0,10,凱基-士林,2024-11-28,9238
00648R,元大S＆P500反1,10,0,10,凱基-士林,2024-11-28,9238
00932,兆豐永續高息等權,10,0,10,凱基-士林,2024-11-28,9238
2312,金寶,35,25,10,凱基-士林,2024-11-28,9238
2444,兆勁,10,0,10,凱基-士林,2024-11-28,9238
2633,台灣高鐵,10,0,10,凱基-士林,2024-11-28,9238
2883,凱基金,10,0,10,凱基-士林,2024-11-28,9238
4157,太景*-KY,10,0,10,凱基-士林,2024-11-28,9238
2881,富邦金,65,11,54,凱基-士林,2024-11-29,9238
00940,元大台灣價值高息,53,3,50,凱基-士林,2024-11-29,9238
1301,台塑,48,1,47,凱基-士林,2024-11-29,9238
00953B,群益優選非投等債,36,0,36,凱基-士林,2024-11-29,9238
2393,億光,30,0,30,凱基-士林,2024-11-29,9238
2002,中鋼,25,0,25,凱基-士林,2024-11-29,9238
2317,鴻海,24,1,23,凱基-士林,2024-11-29,9238
2382,廣達,22,1,21,凱基-士林,2024-11-29,9238
00633L,富邦上証正2,20,0,20,凱基-士林,2024-11-29,9238
6185,幃翔,20,0,20,凱基-士林,2024-11-29,9238
0056,元大高股息,20,0,20,凱基-士林,2024-11-29,9238
2834,臺企銀,18,0,18,凱基-士林,2024-11-29,9238
00952,凱基台灣AI50,20,5,15,凱基-士林,2024-11-29,9238
2233,宇隆,14,0,14,凱基-士林,2024-11-29,9238
8210,勤誠,13,0,13,凱基-士林,2024-11-29,9238
9924,福興,13,0,13,凱基-士林,2024-11-29,9238
3013,晟銘電,44,33,11,凱基-士林,2024-11-29,9238
00665L,富邦�琤肭磪囓�2,10,0,10,凱基-士林,2024-11-29,9238
00926,凱基全球菁英55,10,0,10,凱基-士林,2024-11-29,9238
1303,南亞,10,0,10,凱基-士林,2024-11-29,9238
1721,三晃,20,10,10,凱基-士林,2024-11-29,9238
00919,群益台灣精選高息,13,3,10,凱基-士林,2024-11-29,9238
2330,台積電,10,1,9,凱基-士林,2024-11-29,9238
00929,復華台灣科技優息,10,1,9,凱基-士林,2024-11-29,9238
2419,仲琦,11,3,8,凱基-士林,2024-11-29,9238
2891,中信金,8,0,8,凱基-士林,2024-11-29,9238
5871,中租-KY,7,0,7,凱基-士林,2024-11-29,9238
00881,國泰台灣5G+,7,0,7,凱基-士林,2024-11-29,9238
2312,金寶,21,14,7,凱基-士林,2024-11-29,9238
2354,鴻準,22,15,7,凱基-士林,2024-11-29,9238
2356,英業達,28,22,6,凱基-士林,2024-11-29,9238
2637,慧洋-KY,6,0,6,凱基-士林,2024-11-29,9238
2303,聯電,15,9,6,凱基-士林,2024-11-29,9238
00909,國泰數位支付服務,6,0,6,凱基-士林,2024-11-29,9238
1102,亞泥,6,0,6,凱基-士林,2024-11-29,9238
2359,所羅門,7,1,6,凱基-士林,2024-11-29,9238
2883,凱基金,7,1,6,凱基-士林,2024-11-29,9238
4949,有成精密,6,0,6,凱基-士林,2024-11-29,9238
1101,台泥,7,2,5,凱基-士林,2024-11-29,9238
2887,台新金,6,1,5,凱基-士林,2024-11-29,9238
2915,潤泰全,10,5,5,凱基-士林,2024-11-29,9238
3230,錦明,5,0,5,凱基-士林,2024-11-29,9238
4743,合一,5,0,5,凱基-士林,2024-11-29,9238
6191,精成科,5,0,5,凱基-士林,2024-11-29,9238
6530,創威,15,10,5,凱基-士林,2024-11-29,9238
6841,長佳智能,5,0,5,凱基-士林,2024-11-29,9238
8171,天宇,14,9,5,凱基-士林,2024-11-29,9238
8929,富堡,5,0,5,凱基-士林,2024-11-29,9238
006208,富邦台50,5,0,5,凱基-士林,2024-11-29,9238
00713,元大台灣高息低波,4,0,4,凱基-士林,2024-11-29,9238
00632R,元大台灣50反1,500,0,500,凱基-士林,2024-12-02,9238
4534,慶騰,105,0,105,凱基-士林,2024-12-02,9238
2520,冠德,53,0,53,凱基-士林,2024-12-02,9238
3231,緯創,56,3,53,凱基-士林,2024-12-02,9238
2891,中信金,59,19,40,凱基-士林,2024-12-02,9238
00715L,期街口布蘭特正2,38,5,33,凱基-士林,2024-12-02,9238
5439,高技,31,4,27,凱基-士林,2024-12-02,9238
2317,鴻海,26,0,26,凱基-士林,2024-12-02,9238
3025,星通,43,19,24,凱基-士林,2024-12-02,9238
1307,三芳,20,0,20,凱基-士林,2024-12-02,9238
1608,華榮,19,0,19,凱基-士林,2024-12-02,9238
2929,淘帝-KY,16,0,16,凱基-士林,2024-12-02,9238
2408,南亞科,13,0,13,凱基-士林,2024-12-02,9238
3498,陽程,13,0,13,凱基-士林,2024-12-02,9238
6151,晉倫,13,0,13,凱基-士林,2024-12-02,9238
3030,德律,14,2,12,凱基-士林,2024-12-02,9238
6770,力積電,12,1,11,凱基-士林,2024-12-02,9238
2609,陽明,18,8,10,凱基-士林,2024-12-02,9238
2027,大成鋼,10,0,10,凱基-士林,2024-12-02,9238
1536,和大,94,84,10,凱基-士林,2024-12-02,9238
2444,兆勁,10,0,10,凱基-士林,2024-12-02,9238
6209,今國光,10,0,10,凱基-士林,2024-12-02,9238
6695,芯鼎,10,0,10,凱基-士林,2024-12-02,9238
1815,富喬,50,41,9,凱基-士林,2024-12-02,9238
006208,富邦台50,10,1,9,凱基-士林,2024-12-02,9238
1473,台南,9,0,9,凱基-士林,2024-12-02,9238
2301,光寶科,10,1,9,凱基-士林,2024-12-02,9238
3591,艾笛森,10,1,9,凱基-士林,2024-12-02,9238
4303,信立,11,2,9,凱基-士林,2024-12-02,9238
6288,聯嘉,11,2,9,凱基-士林,2024-12-02,9238
00918,大華優利高填息30,8,0,8,凱基-士林,2024-12-02,9238
00712,復華富時不動產,8,0,8,凱基-士林,2024-12-02,9238
6257,矽格,8,0,8,凱基-士林,2024-12-02,9238
8038,長園科,11,3,8,凱基-士林,2024-12-02,9238
2014,中鴻,7,0,7,凱基-士林,2024-12-02,9238
5871,中租-KY,7,0,7,凱基-士林,2024-12-02,9238
2302,麗正,8,1,7,凱基-士林,2024-12-02,9238
00665L,富邦�琤肭磪囓�2,11,5,6,凱基-士林,2024-12-02,9238
00637L,元大滬深300正2,6,0,6,凱基-士林,2024-12-02,9238
00753L,中信中國50正2,11,5,6,凱基-士林,2024-12-02,9238
00936,台新永續高息中小,6,0,6,凱基-士林,2024-12-02,9238
00943,兆豐電子高息等權,6,0,6,凱基-士林,2024-12-02,9238
00944,野村趨勢動能高息,6,0,6,凱基-士林,2024-12-02,9238
2356,英業達,15,9,6,凱基-士林,2024-12-02,9238
5907,大洋-KY,11,5,6,凱基-士林,2024-12-02,9238
9921,巨大,6,0,6,凱基-士林,2024-12-02,9238
1301,台塑,11,5,6,凱基-士林,2024-12-02,9238
1101,台泥,6,0,6,凱基-士林,2024-12-02,9238
6279,胡連,5,0,5,凱基-士林,2024-12-02,9238
4938,和碩,5,0,5,凱基-士林,2024-12-02,9238
3694,海華,111,3,108,凱基-士林,2024-12-03,9238
00919,群益台灣精選高息,205,99,106,凱基-士林,2024-12-03,9238
2886,兆豐金,100,2,98,凱基-士林,2024-12-03,9238
00715L,期街口布蘭特正2,89,5,84,凱基-士林,2024-12-03,9238
4534,慶騰,85,3,82,凱基-士林,2024-12-03,9238
00665L,富邦�琤肭磪囓�2,90,11,79,凱基-士林,2024-12-03,9238
00915,凱基優選高股息30,82,3,79,凱基-士林,2024-12-03,9238
8033,雷虎,88,25,63,凱基-士林,2024-12-03,9238
3437,榮創,60,0,60,凱基-士林,2024-12-03,9238
5443,均豪,45,0,45,凱基-士林,2024-12-03,9238
6869,雲豹能源,36,0,36,凱基-士林,2024-12-03,9238
00753L,中信中國50正2,34,11,23,凱基-士林,2024-12-03,9238
1802,台玻,27,5,22,凱基-士林,2024-12-03,9238
2317,鴻海,26,5,21,凱基-士林,2024-12-03,9238
5531,鄉林,20,0,20,凱基-士林,2024-12-03,9238
5608,四維航,20,0,20,凱基-士林,2024-12-03,9238
6695,芯鼎,20,0,20,凱基-士林,2024-12-03,9238
8085,福華,17,0,17,凱基-士林,2024-12-03,9238
3419,譁裕,16,0,16,凱基-士林,2024-12-03,9238
6151,晉倫,13,0,13,凱基-士林,2024-12-03,9238
1605,華新,14,2,12,凱基-士林,2024-12-03,9238
3029,零壹,11,0,11,凱基-士林,2024-12-03,9238
1815,富喬,19,9,10,凱基-士林,2024-12-03,9238
3045,台灣大,10,0,10,凱基-士林,2024-12-03,9238
00932,兆豐永續高息等權,10,0,10,凱基-士林,2024-12-03,9238
4974,亞泰,10,0,10,凱基-士林,2024-12-03,9238
00918,大華優利高填息30,10,1,9,凱基-士林,2024-12-03,9238
6180,橘子,9,0,9,凱基-士林,2024-12-03,9238
2609,陽明,19,10,9,凱基-士林,2024-12-03,9238
00900,富邦特選高股息30,10,2,8,凱基-士林,2024-12-03,9238
3234,光環,16,8,8,凱基-士林,2024-12-03,9238
8929,富堡,8,0,8,凱基-士林,2024-12-03,9238
6770,力積電,8,1,7,凱基-士林,2024-12-03,9238
1321,大洋,7,0,7,凱基-士林,2024-12-03,9238
3030,德律,7,0,7,凱基-士林,2024-12-03,9238
4909,新復興,8,1,7,凱基-士林,2024-12-03,9238
4977,眾達-KY,14,7,7,凱基-士林,2024-12-03,9238
6182,合晶,7,0,7,凱基-士林,2024-12-03,9238
006208,富邦台50,7,0,7,凱基-士林,2024-12-03,9238
9933,中鼎,6,0,6,凱基-士林,2024-12-03,9238
1504,東元,13,7,6,凱基-士林,2024-12-03,9238
2352,佳世達,6,0,6,凱基-士林,2024-12-03,9238
2615,萬海,7,1,6,凱基-士林,2024-12-03,9238
3303,岱稜,6,0,6,凱基-士林,2024-12-03,9238
8104,錸寶,6,0,6,凱基-士林,2024-12-03,9238
00927,群益半導體收益,8,2,6,凱基-士林,2024-12-03,9238
00909,國泰數位支付服務,5,0,5,凱基-士林,2024-12-03,9238
00933B,國泰10Y+金融債,5,0,5,凱基-士林,2024-12-03,9238
1618,合機,8,3,5,凱基-士林,2024-12-03,9238
2405,輔信,5,0,5,凱基-士林,2024-12-03,9238
4906,正文,131,0,131,凱基-士林,2024-12-04,9238
1802,台玻,150,74,76,凱基-士林,2024-12-04,9238
2891,中信金,54,0,54,凱基-士林,2024-12-04,9238
6962,ITH-KY,53,0,53,凱基-士林,2024-12-04,9238
2408,南亞科,53,1,52,凱基-士林,2024-12-04,9238
00937B,群益ESG投等債20,64,15,49,凱基-士林,2024-12-04,9238
2419,仲琦,47,7,40,凱基-士林,2024-12-04,9238
5465,富驊,40,0,40,凱基-士林,2024-12-04,9238
2337,旺宏,47,8,39,凱基-士林,2024-12-04,9238
00918,大華優利高填息30,38,5,33,凱基-士林,2024-12-04,9238
00963,中信全球高股息,30,0,30,凱基-士林,2024-12-04,9238
1785,光洋科,35,5,30,凱基-士林,2024-12-04,9238
2360,致茂,27,0,27,凱基-士林,2024-12-04,9238
2542,興富發,26,0,26,凱基-士林,2024-12-04,9238
2882,國泰金,28,2,26,凱基-士林,2024-12-04,9238
00915,凱基優選高股息30,27,5,22,凱基-士林,2024-12-04,9238
6770,力積電,27,7,20,凱基-士林,2024-12-04,9238
2062,橋椿,22,2,20,凱基-士林,2024-12-04,9238
2889,國票金,20,0,20,凱基-士林,2024-12-04,9238
6203,海韻電,20,0,20,凱基-士林,2024-12-04,9238
6197,佳必琪,23,4,19,凱基-士林,2024-12-04,9238
9105,泰金寶-DR,29,10,19,凱基-士林,2024-12-04,9238
2609,陽明,35,17,18,凱基-士林,2024-12-04,9238
3702,大聯大,18,0,18,凱基-士林,2024-12-04,9238
00933B,國泰10Y+金融債,18,0,18,凱基-士林,2024-12-04,9238
1605,華新,16,0,16,凱基-士林,2024-12-04,9238
6134,萬旭,15,0,15,凱基-士林,2024-12-04,9238
2618,長榮航,46,33,13,凱基-士林,2024-12-04,9238
2610,華航,15,2,13,凱基-士林,2024-12-04,9238
6706,惠特,26,14,12,凱基-士林,2024-12-04,9238
00882,中信中國高股息,12,0,12,凱基-士林,2024-12-04,9238
3040,遠見,12,0,12,凱基-士林,2024-12-04,9238
3498,陽程,12,0,12,凱基-士林,2024-12-04,9238
4534,慶騰,12,0,12,凱基-士林,2024-12-04,9238
4979,華星光,23,12,11,凱基-士林,2024-12-04,9238
00679B,元大美債20年,15,4,11,凱基-士林,2024-12-04,9238
3025,星通,22,11,11,凱基-士林,2024-12-04,9238
6213,聯茂,14,3,11,凱基-士林,2024-12-04,9238
00712,復華富時不動產,11,1,10,凱基-士林,2024-12-04,9238
1531,高林股,10,0,10,凱基-士林,2024-12-04,9238
2633,台灣高鐵,10,0,10,凱基-士林,2024-12-04,9238
3481,群創,12,2,10,凱基-士林,2024-12-04,9238
4716,大立,10,0,10,凱基-士林,2024-12-04,9238
8429,金麗-KY,10,0,10,凱基-士林,2024-12-04,9238
2426,鼎元,15,6,9,凱基-士林,2024-12-04,9238
6695,芯鼎,9,0,9,凱基-士林,2024-12-04,9238
8111,立��,12,3,9,凱基-士林,2024-12-04,9238
5309,系統電,59,50,9,凱基-士林,2024-12-04,9238
1591,駿吉-KY,8,0,8,凱基-士林,2024-12-04,9238
2371,大同,22,14,8,凱基-士林,2024-12-04,9238
00907,永豐優息存股,151,0,151,凱基-士林,2024-12-05,9238
5328,華容,132,24,108,凱基-士林,2024-12-05,9238
00715L,期街口布蘭特正2,82,1,81,凱基-士林,2024-12-05,9238
4534,慶騰,72,2,70,凱基-士林,2024-12-05,9238
4906,正文,60,0,60,凱基-士林,2024-12-05,9238
3003,健和興,53,0,53,凱基-士林,2024-12-05,9238
00917,中信特選金融,50,0,50,凱基-士林,2024-12-05,9238
6962,ITH-KY,48,0,48,凱基-士林,2024-12-05,9238
1303,南亞,54,8,46,凱基-士林,2024-12-05,9238
3374,精材,46,3,43,凱基-士林,2024-12-05,9238
2317,鴻海,50,7,43,凱基-士林,2024-12-05,9238
3563,牧德,42,0,42,凱基-士林,2024-12-05,9238
00915,凱基優選高股息30,42,5,37,凱基-士林,2024-12-05,9238
1605,華新,42,6,36,凱基-士林,2024-12-05,9238
2887,台新金,35,2,33,凱基-士林,2024-12-05,9238
00731,復華富時高息低波,30,0,30,凱基-士林,2024-12-05,9238
2889,國票金,30,0,30,凱基-士林,2024-12-05,9238
1815,富喬,53,25,28,凱基-士林,2024-12-05,9238
2303,聯電,33,6,27,凱基-士林,2024-12-05,9238
00637L,元大滬深300正2,21,0,21,凱基-士林,2024-12-05,9238
00953B,群益優選非投等債,20,0,20,凱基-士林,2024-12-05,9238
1514,亞力,20,0,20,凱基-士林,2024-12-05,9238
2444,兆勁,20,0,20,凱基-士林,2024-12-05,9238
2538,基泰,20,0,20,凱基-士林,2024-12-05,9238
4716,大立,20,0,20,凱基-士林,2024-12-05,9238
3419,譁裕,19,0,19,凱基-士林,2024-12-05,9238
1301,台塑,24,7,17,凱基-士林,2024-12-05,9238
2354,鴻準,87,70,17,凱基-士林,2024-12-05,9238
4977,眾達-KY,27,10,17,凱基-士林,2024-12-05,9238
6770,力積電,17,0,17,凱基-士林,2024-12-05,9238
6257,矽格,16,0,16,凱基-士林,2024-12-05,9238
4927,泰鼎-KY,16,0,16,凱基-士林,2024-12-05,9238
00753L,中信中國50正2,15,0,15,凱基-士林,2024-12-05,9238
1809,中釉,15,0,15,凱基-士林,2024-12-05,9238
2431,聯昌,14,0,14,凱基-士林,2024-12-05,9238
00918,大華優利高填息30,24,11,13,凱基-士林,2024-12-05,9238
2375,凱美,26,13,13,凱基-士林,2024-12-05,9238
8085,福華,13,0,13,凱基-士林,2024-12-05,9238
1326,台化,12,0,12,凱基-士林,2024-12-05,9238
2305,全友,12,0,12,凱基-士林,2024-12-05,9238
2609,陽明,16,4,12,凱基-士林,2024-12-05,9238
8240,華宏,12,0,12,凱基-士林,2024-12-05,9238
2360,致茂,11,0,11,凱基-士林,2024-12-05,9238
3481,群創,16,5,11,凱基-士林,2024-12-05,9238
3706,神達,74,63,11,凱基-士林,2024-12-05,9238
2472,立隆電,10,0,10,凱基-士林,2024-12-05,9238
00665L,富邦�琤肭磪囓�2,10,0,10,凱基-士林,2024-12-05,9238
2356,英業達,19,9,10,凱基-士林,2024-12-05,9238
1785,光洋科,9,0,9,凱基-士林,2024-12-05,9238
2312,金寶,23,14,9,凱基-士林,2024-12-05,9238
00664R,國泰臺灣加權反1,200,0,200,凱基-士林,2024-12-06,9238
00715L,期街口布蘭特正2,146,4,142,凱基-士林,2024-12-06,9238
4534,慶騰,111,0,111,凱基-士林,2024-12-06,9238
00953B,群益優選非投等債,103,0,103,凱基-士林,2024-12-06,9238
00941,中信上游半導體,83,0,83,凱基-士林,2024-12-06,9238
4906,正文,70,1,69,凱基-士林,2024-12-06,9238
8261,富鼎,67,1,66,凱基-士林,2024-12-06,9238
5202,力新,67,1,66,凱基-士林,2024-12-06,9238
00724B,群益投資級金融債,64,0,64,凱基-士林,2024-12-06,9238
5328,華容,67,5,62,凱基-士林,2024-12-06,9238
00918,大華優利高填息30,44,0,44,凱基-士林,2024-12-06,9238
00948B,中信優息投資級債,41,0,41,凱基-士林,2024-12-06,9238
3049,精金,34,0,34,凱基-士林,2024-12-06,9238
2542,興富發,36,3,33,凱基-士林,2024-12-06,9238
3694,海華,37,5,32,凱基-士林,2024-12-06,9238
2354,鴻準,57,26,31,凱基-士林,2024-12-06,9238
3704,合勤控,34,6,28,凱基-士林,2024-12-06,9238
0056,元大高股息,37,11,26,凱基-士林,2024-12-06,9238
3013,晟銘電,28,2,26,凱基-士林,2024-12-06,9238
4903,聯光通,26,0,26,凱基-士林,2024-12-06,9238
00753L,中信中國50正2,25,2,23,凱基-士林,2024-12-06,9238
1471,首利,21,0,21,凱基-士林,2024-12-06,9238
1609,大亞,20,0,20,凱基-士林,2024-12-06,9238
3078,僑威,20,0,20,凱基-士林,2024-12-06,9238
1447,力鵬,17,0,17,凱基-士林,2024-12-06,9238
2317,鴻海,24,8,16,凱基-士林,2024-12-06,9238
5309,系統電,17,1,16,凱基-士林,2024-12-06,9238
3062,建漢,16,0,16,凱基-士林,2024-12-06,9238
2405,輔信,27,12,15,凱基-士林,2024-12-06,9238
3202,樺晟,20,5,15,凱基-士林,2024-12-06,9238
3317,尼克森,16,2,14,凱基-士林,2024-12-06,9238
1815,富喬,38,24,14,凱基-士林,2024-12-06,9238
2002,中鋼,12,0,12,凱基-士林,2024-12-06,9238
00945B,凱基美國非投等債,12,0,12,凱基-士林,2024-12-06,9238
1342,八貫,13,1,12,凱基-士林,2024-12-06,9238
2885,元大金,12,0,12,凱基-士林,2024-12-06,9238
00712,復華富時不動產,11,0,11,凱基-士林,2024-12-06,9238
2375,凱美,35,24,11,凱基-士林,2024-12-06,9238
3303,岱稜,12,1,11,凱基-士林,2024-12-06,9238
5471,松翰,15,4,11,凱基-士林,2024-12-06,9238
2399,映泰,22,11,11,凱基-士林,2024-12-06,9238
2887,台新金,11,1,10,凱基-士林,2024-12-06,9238
00937B,群益ESG投等債20,10,0,10,凱基-士林,2024-12-06,9238
1570,力肯,10,0,10,凱基-士林,2024-12-06,9238
1762,中化生,10,0,10,凱基-士林,2024-12-06,9238
2838,聯邦銀,10,0,10,凱基-士林,2024-12-06,9238
3466,德晉,10,0,10,凱基-士林,2024-12-06,9238
3550,聯穎,10,0,10,凱基-士林,2024-12-06,9238
3597,映興,11,1,10,凱基-士林,2024-12-06,9238
4927,泰鼎-KY,10,0,10,凱基-士林,2024-12-06,9238
00715L,期街口布蘭特正2,192,10,182,凱基-士林,2024-12-09,9238
4906,正文,99,2,97,凱基-士林,2024-12-09,9238
5328,華容,69,8,61,凱基-士林,2024-12-09,9238
2332,友訊,50,0,50,凱基-士林,2024-12-09,9238
00953B,群益優選非投等債,42,0,42,凱基-士林,2024-12-09,9238
6588,東典光電,40,2,38,凱基-士林,2024-12-09,9238
6244,茂迪,34,0,34,凱基-士林,2024-12-09,9238
3437,榮創,30,0,30,凱基-士林,2024-12-09,9238
1815,富喬,32,3,29,凱基-士林,2024-12-09,9238
3202,樺晟,28,0,28,凱基-士林,2024-12-09,9238
2375,凱美,26,4,22,凱基-士林,2024-12-09,9238
3374,精材,34,13,21,凱基-士林,2024-12-09,9238
00918,大華優利高填息30,20,0,20,凱基-士林,2024-12-09,9238
2881,富邦金,20,1,19,凱基-士林,2024-12-09,9238
2610,華航,36,18,18,凱基-士林,2024-12-09,9238
3481,群創,18,0,18,凱基-士林,2024-12-09,9238
2317,鴻海,22,5,17,凱基-士林,2024-12-09,9238
6695,芯鼎,14,0,14,凱基-士林,2024-12-09,9238
3231,緯創,14,1,13,凱基-士林,2024-12-09,9238
2884,玉山金,14,1,13,凱基-士林,2024-12-09,9238
2344,華邦電,13,0,13,凱基-士林,2024-12-09,9238
00922,國泰台灣領袖50,12,0,12,凱基-士林,2024-12-09,9238
6151,晉倫,14,2,12,凱基-士林,2024-12-09,9238
00915,凱基優選高股息30,11,0,11,凱基-士林,2024-12-09,9238
00882,中信中國高股息,12,1,11,凱基-士林,2024-12-09,9238
5309,系統電,17,6,11,凱基-士林,2024-12-09,9238
00757,統一FANG+,10,0,10,凱基-士林,2024-12-09,9238
00951,台新日本半導體,10,0,10,凱基-士林,2024-12-09,9238
00960,野村全球航運龍頭,10,0,10,凱基-士林,2024-12-09,9238
2501,國建,10,0,10,凱基-士林,2024-12-09,9238
2834,臺企銀,10,0,10,凱基-士林,2024-12-09,9238
2887,台新金,10,0,10,凱基-士林,2024-12-09,9238
3550,聯穎,10,0,10,凱基-士林,2024-12-09,9238
3607,谷崧,10,0,10,凱基-士林,2024-12-09,9238
4716,大立,10,0,10,凱基-士林,2024-12-09,9238
4968,立積,10,0,10,凱基-士林,2024-12-09,9238
4977,眾達-KY,12,2,10,凱基-士林,2024-12-09,9238
5880,合庫金,10,0,10,凱基-士林,2024-12-09,9238
2421,建準,9,0,9,凱基-士林,2024-12-09,9238
3303,岱稜,10,1,9,凱基-士林,2024-12-09,9238
4908,前鼎,11,2,9,凱基-士林,2024-12-09,9238
3563,牧德,9,0,9,凱基-士林,2024-12-09,9238
2305,全友,8,0,8,凱基-士林,2024-12-09,9238
2438,翔耀,8,0,8,凱基-士林,2024-12-09,9238
6462,神盾,11,3,8,凱基-士林,2024-12-09,9238
00929,復華台灣科技優息,30,22,8,凱基-士林,2024-12-09,9238
0056,元大高股息,9,2,7,凱基-士林,2024-12-09,9238
8028,昇陽半導體,7,0,7,凱基-士林,2024-12-09,9238
1447,力鵬,34,28,6,凱基-士林,2024-12-09,9238
1531,高林股,6,0,6,凱基-士林,2024-12-09,9238
00655L,國泰中國A50正2,300,0,300,凱基-士林,2024-12-10,9238
2547,日勝生,124,5,119,凱基-士林,2024-12-10,9238
3714,富采,120,5,115,凱基-士林,2024-12-10,9238
00664R,國泰臺灣加權反1,100,0,100,凱基-士林,2024-12-10,9238
2646,星宇航空,71,1,70,凱基-士林,2024-12-10,9238
00918,大華優利高填息30,69,5,64,凱基-士林,2024-12-10,9238
9105,泰金寶-DR,57,1,56,凱基-士林,2024-12-10,9238
1785,光洋科,54,0,54,凱基-士林,2024-12-10,9238
00926,凱基全球菁英55,50,0,50,凱基-士林,2024-12-10,9238
4968,立積,66,18,48,凱基-士林,2024-12-10,9238
00665L,富邦�琤肭磪囓�2,108,74,34,凱基-士林,2024-12-10,9238
1326,台化,33,0,33,凱基-士林,2024-12-10,9238
6151,晉倫,31,0,31,凱基-士林,2024-12-10,9238
5243,乙盛-KY,30,0,30,凱基-士林,2024-12-10,9238
4956,光鋐,28,0,28,凱基-士林,2024-12-10,9238
3231,緯創,27,3,24,凱基-士林,2024-12-10,9238
00878,國泰永續高股息,30,5,25,凱基-士林,2024-12-10,9238
2609,陽明,51,27,24,凱基-士林,2024-12-10,9238
2883,凱基金,25,2,23,凱基-士林,2024-12-10,9238
4906,正文,22,0,22,凱基-士林,2024-12-10,9238
00905,FT臺灣Smart,30,10,20,凱基-士林,2024-12-10,9238
2409,友達,20,0,20,凱基-士林,2024-12-10,9238
2601,益航,30,10,20,凱基-士林,2024-12-10,9238
2356,英業達,29,10,19,凱基-士林,2024-12-10,9238
6835,圓裕,19,0,19,凱基-士林,2024-12-10,9238
1101,台泥,18,0,18,凱基-士林,2024-12-10,9238
2375,凱美,19,1,18,凱基-士林,2024-12-10,9238
3706,神達,90,73,17,凱基-士林,2024-12-10,9238
2615,萬海,20,3,17,凱基-士林,2024-12-10,9238
8096,擎亞,17,0,17,凱基-士林,2024-12-10,9238
2317,鴻海,24,9,15,凱基-士林,2024-12-10,9238
4510,高鋒,15,0,15,凱基-士林,2024-12-10,9238
6192,巨路,14,0,14,凱基-士林,2024-12-10,9238
8054,安國,17,3,14,凱基-士林,2024-12-10,9238
00713,元大台灣高息低波,15,2,13,凱基-士林,2024-12-10,9238
2885,元大金,13,0,13,凱基-士林,2024-12-10,9238
4991,環宇-KY,13,0,13,凱基-士林,2024-12-10,9238
1504,東元,12,0,12,凱基-士林,2024-12-10,9238
1708,東鹼,12,0,12,凱基-士林,2024-12-10,9238
2344,華邦電,18,6,12,凱基-士林,2024-12-10,9238
2405,輔信,12,0,12,凱基-士林,2024-12-10,9238
8028,昇陽半導體,14,2,12,凱基-士林,2024-12-10,9238
6937,天虹,11,0,11,凱基-士林,2024-12-10,9238
2444,兆勁,11,0,11,凱基-士林,2024-12-10,9238
3050,鈺德,12,1,11,凱基-士林,2024-12-10,9238
3303,岱稜,11,0,11,凱基-士林,2024-12-10,9238
2882,國泰金,11,0,11,凱基-士林,2024-12-10,9238
2330,台積電,10,0,10,凱基-士林,2024-12-10,9238
00923,群益台ESG低碳50,12,2,10,凱基-士林,2024-12-10,9238
00922,國泰台灣領袖50,10,0,10,凱基-士林,2024-12-10,9238
1402,遠東新,120,1,119,凱基-士林,2024-12-11,9238
00664R,國泰臺灣加權反1,100,0,100,凱基-士林,2024-12-11,9238
4968,立積,74,1,73,凱基-士林,2024-12-11,9238
00637L,元大滬深300正2,68,0,68,凱基-士林,2024-12-11,9238
3051,力特,60,5,55,凱基-士林,2024-12-11,9238
2344,華邦電,47,2,45,凱基-士林,2024-12-11,9238
00918,大華優利高填息30,45,0,45,凱基-士林,2024-12-11,9238
00915,凱基優選高股息30,41,0,41,凱基-士林,2024-12-11,9238
2303,聯電,38,1,37,凱基-士林,2024-12-11,9238
4720,德淵,35,0,35,凱基-士林,2024-12-11,9238
6151,晉倫,31,0,31,凱基-士林,2024-12-11,9238
2609,陽明,38,9,29,凱基-士林,2024-12-11,9238
6192,巨路,22,0,22,凱基-士林,2024-12-11,9238
3037,欣興,24,3,21,凱基-士林,2024-12-11,9238
1785,光洋科,23,2,21,凱基-士林,2024-12-11,9238
6243,迅杰,20,0,20,凱基-士林,2024-12-11,9238
1301,台塑,18,1,17,凱基-士林,2024-12-11,9238
00941,中信上游半導體,17,0,17,凱基-士林,2024-12-11,9238
2883,凱基金,20,4,16,凱基-士林,2024-12-11,9238
00940,元大台灣價值高息,22,6,16,凱基-士林,2024-12-11,9238
1449,佳和,17,2,15,凱基-士林,2024-12-11,9238
00753L,中信中國50正2,20,5,15,凱基-士林,2024-12-11,9238
1447,力鵬,15,0,15,凱基-士林,2024-12-11,9238
1473,台南,15,0,15,凱基-士林,2024-12-11,9238
4533,協易機,15,0,15,凱基-士林,2024-12-11,9238
2002,中鋼,14,0,14,凱基-士林,2024-12-11,9238
1815,富喬,52,38,14,凱基-士林,2024-12-11,9238
2354,鴻準,19,5,14,凱基-士林,2024-12-11,9238
3581,博磊,14,0,14,凱基-士林,2024-12-11,9238
2882,國泰金,17,4,13,凱基-士林,2024-12-11,9238
6214,精誠,17,5,12,凱基-士林,2024-12-11,9238
2618,長榮航,14,2,12,凱基-士林,2024-12-11,9238
2382,廣達,12,1,11,凱基-士林,2024-12-11,9238
2107,厚生,10,0,10,凱基-士林,2024-12-11,9238
3714,富采,10,0,10,凱基-士林,2024-12-11,9238
4908,前鼎,10,0,10,凱基-士林,2024-12-11,9238
2324,仁寶,10,0,10,凱基-士林,2024-12-11,9238
5871,中租-KY,9,0,9,凱基-士林,2024-12-11,9238
1213,大飲,9,0,9,凱基-士林,2024-12-11,9238
1727,中華化,9,0,9,凱基-士林,2024-12-11,9238
3702,大聯大,10,1,9,凱基-士林,2024-12-11,9238
6505,台塑化,12,3,9,凱基-士林,2024-12-11,9238
2610,華航,12,3,9,凱基-士林,2024-12-11,9238
2886,兆豐金,8,0,8,凱基-士林,2024-12-11,9238
2615,萬海,14,6,8,凱基-士林,2024-12-11,9238
1605,華新,8,0,8,凱基-士林,2024-12-11,9238
2887,台新金,8,0,8,凱基-士林,2024-12-11,9238
3211,順達,17,9,8,凱基-士林,2024-12-11,9238
3715,定穎投控,9,1,8,凱基-士林,2024-12-11,9238
4306,炎洲,8,0,8,凱基-士林,2024-12-11,9238
2303,聯電,72,5,67,凱基-士林,2024-12-12,9238
1301,台塑,67,0,67,凱基-士林,2024-12-12,9238
00918,大華優利高填息30,65,0,65,凱基-士林,2024-12-12,9238
00915,凱基優選高股息30,54,0,54,凱基-士林,2024-12-12,9238
00937B,群益ESG投等債20,52,0,52,凱基-士林,2024-12-12,9238
2002,中鋼,47,0,47,凱基-士林,2024-12-12,9238
1524,耿鼎,49,6,43,凱基-士林,2024-12-12,9238
2887,台新金,30,0,30,凱基-士林,2024-12-12,9238
00687B,國泰20年美債,25,0,25,凱基-士林,2024-12-12,9238
3202,樺晟,25,0,25,凱基-士林,2024-12-12,9238
2375,凱美,24,0,24,凱基-士林,2024-12-12,9238
2476,鉅祥,21,0,21,凱基-士林,2024-12-12,9238
4555,氣立,21,0,21,凱基-士林,2024-12-12,9238
2371,大同,22,2,20,凱基-士林,2024-12-12,9238
2367,燿華,20,0,20,凱基-士林,2024-12-12,9238
2538,基泰,20,0,20,凱基-士林,2024-12-12,9238
3041,揚智,25,6,19,凱基-士林,2024-12-12,9238
3029,零壹,27,9,18,凱基-士林,2024-12-12,9238
1326,台化,17,0,17,凱基-士林,2024-12-12,9238
00713,元大台灣高息低波,16,0,16,凱基-士林,2024-12-12,9238
2851,中再保,15,0,15,凱基-士林,2024-12-12,9238
3323,加百裕,15,0,15,凱基-士林,2024-12-12,9238
6220,岳豐,17,2,15,凱基-士林,2024-12-12,9238
2471,資通,29,16,13,凱基-士林,2024-12-12,9238
00969B,元大零息超長美債,12,0,12,凱基-士林,2024-12-12,9238
4736,泰博,12,0,12,凱基-士林,2024-12-12,9238
6695,芯鼎,13,1,12,凱基-士林,2024-12-12,9238
5439,高技,14,3,11,凱基-士林,2024-12-12,9238
1220,台榮,10,0,10,凱基-士林,2024-12-12,9238
3710,連展投控,10,0,10,凱基-士林,2024-12-12,9238
6928,攸泰科技,10,0,10,凱基-士林,2024-12-12,9238
3013,晟銘電,20,10,10,凱基-士林,2024-12-12,9238
00919,群益台灣精選高息,14,5,9,凱基-士林,2024-12-12,9238
2354,鴻準,26,17,9,凱基-士林,2024-12-12,9238
00882,中信中國高股息,10,1,9,凱基-士林,2024-12-12,9238
2312,金寶,10,1,9,凱基-士林,2024-12-12,9238
3563,牧德,9,0,9,凱基-士林,2024-12-12,9238
00878,國泰永續高股息,9,0,9,凱基-士林,2024-12-12,9238
00927,群益半導體收益,11,3,8,凱基-士林,2024-12-12,9238
00936,台新永續高息中小,10,2,8,凱基-士林,2024-12-12,9238
2305,全友,8,0,8,凱基-士林,2024-12-12,9238
2328,廣宇,31,23,8,凱基-士林,2024-12-12,9238
2362,藍天,8,0,8,凱基-士林,2024-12-12,9238
3032,偉訓,10,2,8,凱基-士林,2024-12-12,9238
5471,松翰,10,2,8,凱基-士林,2024-12-12,9238
6141,柏承,8,0,8,凱基-士林,2024-12-12,9238
3706,神達,74,66,8,凱基-士林,2024-12-12,9238
1446,宏和,7,0,7,凱基-士林,2024-12-12,9238
2236,百達-KY,8,1,7,凱基-士林,2024-12-12,9238
2609,陽明,12,5,7,凱基-士林,2024-12-12,9238
4906,正文,224,0,224,凱基-士林,2024-12-13,9238
1785,光洋科,233,32,201,凱基-士林,2024-12-13,9238
2323,中環,200,0,200,凱基-士林,2024-12-13,9238
3481,群創,128,0,128,凱基-士林,2024-12-13,9238
00688L,國泰20年美債正2,110,0,110,凱基-士林,2024-12-13,9238
00680L,元大美債20正2,108,0,108,凱基-士林,2024-12-13,9238
00919,群益台灣精選高息,101,2,99,凱基-士林,2024-12-13,9238
2303,聯電,89,12,77,凱基-士林,2024-12-13,9238
00637L,元大滬深300正2,75,0,75,凱基-士林,2024-12-13,9238
00915,凱基優選高股息30,67,1,66,凱基-士林,2024-12-13,9238
3296,勝德,66,2,64,凱基-士林,2024-12-13,9238
4991,環宇-KY,59,14,45,凱基-士林,2024-12-13,9238
4577,達航科技,41,5,36,凱基-士林,2024-12-13,9238
2356,英業達,43,7,36,凱基-士林,2024-12-13,9238
2883,凱基金,35,0,35,凱基-士林,2024-12-13,9238
3701,大眾控,32,2,30,凱基-士林,2024-12-13,9238
2371,大同,33,7,26,凱基-士林,2024-12-13,9238
00918,大華優利高填息30,34,11,23,凱基-士林,2024-12-13,9238
2317,鴻海,38,16,22,凱基-士林,2024-12-13,9238
3323,加百裕,24,2,22,凱基-士林,2024-12-13,9238
8358,金居,21,0,21,凱基-士林,2024-12-13,9238
00940,元大台灣價值高息,26,5,21,凱基-士林,2024-12-13,9238
8070,長華*,19,0,19,凱基-士林,2024-12-13,9238
3498,陽程,18,0,18,凱基-士林,2024-12-13,9238
4736,泰博,18,0,18,凱基-士林,2024-12-13,9238
00753L,中信中國50正2,16,0,16,凱基-士林,2024-12-13,9238
4927,泰鼎-KY,16,0,16,凱基-士林,2024-12-13,9238
5481,新華,21,5,16,凱基-士林,2024-12-13,9238
6770,力積電,22,7,15,凱基-士林,2024-12-13,9238
1802,台玻,15,0,15,凱基-士林,2024-12-13,9238
4720,德淵,20,5,15,凱基-士林,2024-12-13,9238
0056,元大高股息,15,1,14,凱基-士林,2024-12-13,9238
3202,樺晟,14,0,14,凱基-士林,2024-12-13,9238
4931,新盛力,15,2,13,凱基-士林,2024-12-13,9238
5289,宜鼎,13,0,13,凱基-士林,2024-12-13,9238
6185,幃翔,13,0,13,凱基-士林,2024-12-13,9238
2027,大成鋼,12,0,12,凱基-士林,2024-12-13,9238
2897B,王道銀乙特,12,0,12,凱基-士林,2024-12-13,9238
2353,宏��,11,0,11,凱基-士林,2024-12-13,9238
1609,大亞,11,0,11,凱基-士林,2024-12-13,9238
2637,慧洋-KY,11,0,11,凱基-士林,2024-12-13,9238
4956,光鋐,10,0,10,凱基-士林,2024-12-13,9238
2891,中信金,10,0,10,凱基-士林,2024-12-13,9238
00950B,凱基A級公司債,10,0,10,凱基-士林,2024-12-13,9238
1570,力肯,10,0,10,凱基-士林,2024-12-13,9238
1727,中華化,10,0,10,凱基-士林,2024-12-13,9238
1909,榮成,10,0,10,凱基-士林,2024-12-13,9238
2038,海光,10,0,10,凱基-士林,2024-12-13,9238
2328,廣宇,10,0,10,凱基-士林,2024-12-13,9238
2431,聯昌,10,0,10,凱基-士林,2024-12-13,9238
00680L,元大美債20正2,156,0,156,凱基-士林,2024-12-16,9238
00918,大華優利高填息30,82,3,79,凱基-士林,2024-12-16,9238
1815,富喬,71,1,70,凱基-士林,2024-12-16,9238
2317,鴻海,67,5,62,凱基-士林,2024-12-16,9238
3363,上詮,79,21,58,凱基-士林,2024-12-16,9238
3231,緯創,57,0,57,凱基-士林,2024-12-16,9238
00915,凱基優選高股息30,56,12,44,凱基-士林,2024-12-16,9238
2609,陽明,47,11,36,凱基-士林,2024-12-16,9238
00922,國泰台灣領袖50,36,1,35,凱基-士林,2024-12-16,9238
2520,冠德,35,0,35,凱基-士林,2024-12-16,9238
0056,元大高股息,35,0,35,凱基-士林,2024-12-16,9238
2890,永豐金,31,0,31,凱基-士林,2024-12-16,9238
4523,永彰,31,0,31,凱基-士林,2024-12-16,9238
3003,健和興,35,6,29,凱基-士林,2024-12-16,9238
00688L,國泰20年美債正2,25,0,25,凱基-士林,2024-12-16,9238
2637,慧洋-KY,25,0,25,凱基-士林,2024-12-16,9238
2476,鉅祥,24,0,24,凱基-士林,2024-12-16,9238
5439,高技,24,0,24,凱基-士林,2024-12-16,9238
9908,大台北,20,0,20,凱基-士林,2024-12-16,9238
00637L,元大滬深300正2,19,0,19,凱基-士林,2024-12-16,9238
6530,創威,17,0,17,凱基-士林,2024-12-16,9238
2344,華邦電,19,3,16,凱基-士林,2024-12-16,9238
2615,萬海,21,5,16,凱基-士林,2024-12-16,9238
2356,英業達,17,3,14,凱基-士林,2024-12-16,9238
8096,擎亞,14,0,14,凱基-士林,2024-12-16,9238
00940,元大台灣價值高息,34,20,14,凱基-士林,2024-12-16,9238
2382,廣達,17,3,14,凱基-士林,2024-12-16,9238
2002,中鋼,13,0,13,凱基-士林,2024-12-16,9238
2486,一詮,14,1,13,凱基-士林,2024-12-16,9238
9933,中鼎,13,0,13,凱基-士林,2024-12-16,9238
2641,正德,12,0,12,凱基-士林,2024-12-16,9238
8070,長華*,22,10,12,凱基-士林,2024-12-16,9238
00948B,中信優息投資級債,11,0,11,凱基-士林,2024-12-16,9238
4736,泰博,10,0,10,凱基-士林,2024-12-16,9238
00753L,中信中國50正2,10,0,10,凱基-士林,2024-12-16,9238
2103,台橡,10,0,10,凱基-士林,2024-12-16,9238
3466,德晉,10,0,10,凱基-士林,2024-12-16,9238
6209,今國光,10,1,9,凱基-士林,2024-12-16,9238
2374,佳能,23,14,9,凱基-士林,2024-12-16,9238
2376,技嘉,9,1,8,凱基-士林,2024-12-16,9238
6139,亞翔,8,0,8,凱基-士林,2024-12-16,9238
6214,精誠,9,1,8,凱基-士林,2024-12-16,9238
8249,菱光,8,0,8,凱基-士林,2024-12-16,9238
5483,中美晶,13,6,7,凱基-士林,2024-12-16,9238
6288,聯嘉,8,1,7,凱基-士林,2024-12-16,9238
2812,台中銀,7,0,7,凱基-士林,2024-12-16,9238
4968,立積,7,0,7,凱基-士林,2024-12-16,9238
6227,茂綸,9,2,7,凱基-士林,2024-12-16,9238
8042,金山電,15,8,7,凱基-士林,2024-12-16,9238
00679B,元大美債20年,7,0,7,凱基-士林,2024-12-16,9238
00937B,群益ESG投等債20,184,8,176,凱基-士林,2024-12-17,9238
1402,遠東新,106,0,106,凱基-士林,2024-12-17,9238
2419,仲琦,68,2,66,凱基-士林,2024-12-17,9238
00915,凱基優選高股息30,70,7,63,凱基-士林,2024-12-17,9238
5880,合庫金,54,5,49,凱基-士林,2024-12-17,9238
0056,元大高股息,43,0,43,凱基-士林,2024-12-17,9238
2883,凱基金,45,4,41,凱基-士林,2024-12-17,9238
2449,京元電子,43,5,38,凱基-士林,2024-12-17,9238
00933B,國泰10Y+金融債,35,0,35,凱基-士林,2024-12-17,9238
5876,上海商銀,34,0,34,凱基-士林,2024-12-17,9238
6770,力積電,30,0,30,凱基-士林,2024-12-17,9238
2834,臺企銀,29,0,29,凱基-士林,2024-12-17,9238
00918,大華優利高填息30,28,4,24,凱基-士林,2024-12-17,9238
2049,上銀,34,11,23,凱基-士林,2024-12-17,9238
2885,元大金,22,0,22,凱基-士林,2024-12-17,9238
4927,泰鼎-KY,22,1,21,凱基-士林,2024-12-17,9238
00926,凱基全球菁英55,20,0,20,凱基-士林,2024-12-17,9238
2882,國泰金,28,8,20,凱基-士林,2024-12-17,9238
9908,大台北,20,0,20,凱基-士林,2024-12-17,9238
6531,愛普*,23,4,19,凱基-士林,2024-12-17,9238
3591,艾笛森,18,0,18,凱基-士林,2024-12-17,9238
3702,大聯大,26,10,16,凱基-士林,2024-12-17,9238
2363,矽統,14,0,14,凱基-士林,2024-12-17,9238
1736,喬山,13,0,13,凱基-士林,2024-12-17,9238
4536,拓凱,13,0,13,凱基-士林,2024-12-17,9238
8374,羅昇,35,22,13,凱基-士林,2024-12-17,9238
00713,元大台灣高息低波,13,0,13,凱基-士林,2024-12-17,9238
00878,國泰永續高股息,12,0,12,凱基-士林,2024-12-17,9238
1314,中石化,12,0,12,凱基-士林,2024-12-17,9238
2061,風青,11,0,11,凱基-士林,2024-12-17,9238
2409,友達,11,0,11,凱基-士林,2024-12-17,9238
2886,兆豐金,10,0,10,凱基-士林,2024-12-17,9238
1438,三地開發,10,0,10,凱基-士林,2024-12-17,9238
2406,國碩,10,0,10,凱基-士林,2024-12-17,9238
2609,陽明,15,5,10,凱基-士林,2024-12-17,9238
2633,台灣高鐵,10,0,10,凱基-士林,2024-12-17,9238
2890,永豐金,10,0,10,凱基-士林,2024-12-17,9238
3481,群創,14,4,10,凱基-士林,2024-12-17,9238
4736,泰博,10,0,10,凱基-士林,2024-12-17,9238
6214,精誠,10,0,10,凱基-士林,2024-12-17,9238
6592,和潤企業,10,0,10,凱基-士林,2024-12-17,9238
2317,鴻海,17,8,9,凱基-士林,2024-12-17,9238
8249,菱光,24,16,8,凱基-士林,2024-12-17,9238
00757,統一FANG+,8,0,8,凱基-士林,2024-12-17,9238
1326,台化,8,0,8,凱基-士林,2024-12-17,9238
2312,金寶,9,1,8,凱基-士林,2024-12-17,9238
8033,雷虎,10,2,8,凱基-士林,2024-12-17,9238
1605,華新,8,0,8,凱基-士林,2024-12-17,9238
2324,仁寶,17,10,7,凱基-士林,2024-12-17,9238
2371,大同,14,7,7,凱基-士林,2024-12-17,9238
6151,晉倫,112,0,112,凱基-士林,2024-12-18,9238
00933B,國泰10Y+金融債,80,0,80,凱基-士林,2024-12-18,9238
2332,友訊,80,1,79,凱基-士林,2024-12-18,9238
9105,泰金寶-DR,68,0,68,凱基-士林,2024-12-18,9238
00937B,群益ESG投等債20,62,0,62,凱基-士林,2024-12-18,9238
5880,合庫金,65,10,55,凱基-士林,2024-12-18,9238
00665L,富邦�琤肭磪囓�2,50,0,50,凱基-士林,2024-12-18,9238
00701,國泰股利精選30,40,0,40,凱基-士林,2024-12-18,9238
6770,力積電,41,4,37,凱基-士林,2024-12-18,9238
5871,中租-KY,33,0,33,凱基-士林,2024-12-18,9238
00918,大華優利高填息30,30,1,29,凱基-士林,2024-12-18,9238
3059,華晶科,28,1,27,凱基-士林,2024-12-18,9238
5371,中光電,27,0,27,凱基-士林,2024-12-18,9238
3041,揚智,43,17,26,凱基-士林,2024-12-18,9238
2883,凱基金,25,0,25,凱基-士林,2024-12-18,9238
00919,群益台灣精選高息,98,74,24,凱基-士林,2024-12-18,9238
00712,復華富時不動產,19,0,19,凱基-士林,2024-12-18,9238
3231,緯創,17,0,17,凱基-士林,2024-12-18,9238
6227,茂綸,17,0,17,凱基-士林,2024-12-18,9238
3702,大聯大,16,0,16,凱基-士林,2024-12-18,9238
2603,長榮,15,0,15,凱基-士林,2024-12-18,9238
2354,鴻準,26,13,13,凱基-士林,2024-12-18,9238
2637,慧洋-KY,13,0,13,凱基-士林,2024-12-18,9238
00858,永豐美國500大,12,0,12,凱基-士林,2024-12-18,9238
2312,金寶,12,0,12,凱基-士林,2024-12-18,9238
3363,上詮,13,1,12,凱基-士林,2024-12-18,9238
9934,成霖,12,0,12,凱基-士林,2024-12-18,9238
00878,國泰永續高股息,17,6,11,凱基-士林,2024-12-18,9238
6603,富強鑫,10,0,10,凱基-士林,2024-12-18,9238
00945B,凱基美國非投等債,10,0,10,凱基-士林,2024-12-18,9238
00636,國泰中國A50,10,0,10,凱基-士林,2024-12-18,9238
3466,德晉,10,0,10,凱基-士林,2024-12-18,9238
3631,晟楠,10,0,10,凱基-士林,2024-12-18,9238
4533,協易機,10,0,10,凱基-士林,2024-12-18,9238
4747,強生,10,0,10,凱基-士林,2024-12-18,9238
4979,華星光,10,0,10,凱基-士林,2024-12-18,9238
2374,佳能,14,5,9,凱基-士林,2024-12-18,9238
4540,全球傳動,22,13,9,凱基-士林,2024-12-18,9238
00687B,國泰20年美債,10,1,9,凱基-士林,2024-12-18,9238
2867,三商壽,10,1,9,凱基-士林,2024-12-18,9238
2888,新光金,9,0,9,凱基-士林,2024-12-18,9238
3230,錦明,11,2,9,凱基-士林,2024-12-18,9238
3591,艾笛森,10,1,9,凱基-士林,2024-12-18,9238
4906,正文,16,7,9,凱基-士林,2024-12-18,9238
00915,凱基優選高股息30,8,0,8,凱基-士林,2024-12-18,9238
1314,中石化,11,4,7,凱基-士林,2024-12-18,9238
00963,中信全球高股息,7,0,7,凱基-士林,2024-12-18,9238
2885,元大金,7,0,7,凱基-士林,2024-12-18,9238
2344,華邦電,39,33,6,凱基-士林,2024-12-18,9238
3450,聯鈞,19,13,6,凱基-士林,2024-12-18,9238
00919,群益台灣精選高息,191,36,155,凱基-士林,2024-12-19,9238
1102,亞泥,140,0,140,凱基-士林,2024-12-19,9238
00939,統一台灣高息動能,100,1,99,凱基-士林,2024-12-19,9238
5388,中磊,72,12,60,凱基-士林,2024-12-19,9238
5880,合庫金,58,0,58,凱基-士林,2024-12-19,9238
00712,復華富時不動產,48,0,48,凱基-士林,2024-12-19,9238
2002,中鋼,47,0,47,凱基-士林,2024-12-19,9238
2883,凱基金,47,0,47,凱基-士林,2024-12-19,9238
00918,大華優利高填息30,43,5,38,凱基-士林,2024-12-19,9238
00878,國泰永續高股息,39,1,38,凱基-士林,2024-12-19,9238
2609,陽明,46,11,35,凱基-士林,2024-12-19,9238
00915,凱基優選高股息30,37,6,31,凱基-士林,2024-12-19,9238
1316,上曜,30,0,30,凱基-士林,2024-12-19,9238
00858,永豐美國500大,29,0,29,凱基-士林,2024-12-19,9238
5876,上海商銀,29,0,29,凱基-士林,2024-12-19,9238
4571,鈞興-KY,36,8,28,凱基-士林,2024-12-19,9238
2884,玉山金,27,0,27,凱基-士林,2024-12-19,9238
2890,永豐金,27,0,27,凱基-士林,2024-12-19,9238
1504,東元,26,0,26,凱基-士林,2024-12-19,9238
5531,鄉林,36,10,26,凱基-士林,2024-12-19,9238
6108,競國,25,0,25,凱基-士林,2024-12-19,9238
00937B,群益ESG投等債20,79,56,23,凱基-士林,2024-12-19,9238
2891,中信金,23,1,22,凱基-士林,2024-12-19,9238
00926,凱基全球菁英55,21,0,21,凱基-士林,2024-12-19,9238
1303,南亞,23,2,21,凱基-士林,2024-12-19,9238
00936,台新永續高息中小,20,0,20,凱基-士林,2024-12-19,9238
1108,幸福,20,0,20,凱基-士林,2024-12-19,9238
2476,鉅祥,20,0,20,凱基-士林,2024-12-19,9238
8028,昇陽半導體,27,7,20,凱基-士林,2024-12-19,9238
2317,鴻海,19,1,18,凱基-士林,2024-12-19,9238
00680L,元大美債20正2,144,129,15,凱基-士林,2024-12-19,9238
2838,聯邦銀,15,0,15,凱基-士林,2024-12-19,9238
2834,臺企銀,14,0,14,凱基-士林,2024-12-19,9238
00679B,元大美債20年,20,7,13,凱基-士林,2024-12-19,9238
3481,群創,12,0,12,凱基-士林,2024-12-19,9238
3702,大聯大,12,0,12,凱基-士林,2024-12-19,9238
4977,眾達-KY,23,11,12,凱基-士林,2024-12-19,9238
6835,圓裕,12,0,12,凱基-士林,2024-12-19,9238
1101,台泥,11,0,11,凱基-士林,2024-12-19,9238
00900,富邦特選高股息30,11,0,11,凱基-士林,2024-12-19,9238
00895,富邦未來車,11,0,11,凱基-士林,2024-12-19,9238
00959B,大華投等美債15Y+,11,0,11,凱基-士林,2024-12-19,9238
2633,台灣高鐵,21,10,11,凱基-士林,2024-12-19,9238
4979,華星光,22,11,11,凱基-士林,2024-12-19,9238
0056,元大高股息,17,6,11,凱基-士林,2024-12-19,9238
2303,聯電,18,8,10,凱基-士林,2024-12-19,9238
3035,智原,11,1,10,凱基-士林,2024-12-19,9238
2371,大同,25,15,10,凱基-士林,2024-12-19,9238
00688L,國泰20年美債正2,105,95,10,凱基-士林,2024-12-19,9238
1718,中纖,10,0,10,凱基-士林,2024-12-19,9238
