Ticker,Name,buy,sell,diff,Branch,Date,Branch_Code
00632R,元大台灣50反1,613,5,608,凱基-鳳山,2023-01-03,9274
00637L,元大滬深300正2,461,305,156,凱基-鳳山,2023-01-03,9274
2851,中再保,117,1,116,凱基-鳳山,2023-01-03,9274
2609,陽明,101,31,70,凱基-鳳山,2023-01-03,9274
1513,中興電,131,63,68,凱基-鳳山,2023-01-03,9274
4130,健亞,43,0,43,凱基-鳳山,2023-01-03,9274
2347,聯強,35,0,35,凱基-鳳山,2023-01-03,9274
4167,松瑞藥,39,4,35,凱基-鳳山,2023-01-03,9274
2603,長榮,56,26,30,凱基-鳳山,2023-01-03,9274
2882,國泰金,31,5,26,凱基-鳳山,2023-01-03,9274
2369,菱生,25,0,25,凱基-鳳山,2023-01-03,9274
2702,華園,25,0,25,凱基-鳳山,2023-01-03,9274
00878,國泰永續高股息,29,8,21,凱基-鳳山,2023-01-03,9274
6244,茂迪,22,1,21,凱基-鳳山,2023-01-03,9274
00673R,期元大S＆P原油反1,20,0,20,凱基-鳳山,2023-01-03,9274
00676R,富邦臺灣加權反1,20,0,20,凱基-鳳山,2023-01-03,9274
00680L,元大美債20正2,20,0,20,凱基-鳳山,2023-01-03,9274
1605,華新,32,12,20,凱基-鳳山,2023-01-03,9274
2317,鴻海,39,20,19,凱基-鳳山,2023-01-03,9274
1718,中纖,16,0,16,凱基-鳳山,2023-01-03,9274
1101,台泥,17,2,15,凱基-鳳山,2023-01-03,9274
2892,第一金,13,0,13,凱基-鳳山,2023-01-03,9274
2637,慧洋-KY,13,0,13,凱基-鳳山,2023-01-03,9274
3035,智原,15,2,13,凱基-鳳山,2023-01-03,9274
1701,中化,19,6,13,凱基-鳳山,2023-01-03,9274
00918,大華優利高填息30,10,0,10,凱基-鳳山,2023-01-03,9274
1467,南緯,10,0,10,凱基-鳳山,2023-01-03,9274
3033,威健,10,0,10,凱基-鳳山,2023-01-03,9274
3708,上緯投控,10,1,9,凱基-鳳山,2023-01-03,9274
2887,台新金,8,0,8,凱基-鳳山,2023-01-03,9274
2208,台船,7,0,7,凱基-鳳山,2023-01-03,9274
1342,八貫,8,2,6,凱基-鳳山,2023-01-03,9274
00720B,元大投資級公司債,6,0,6,凱基-鳳山,2023-01-03,9274
00881,國泰台灣5G+,5,0,5,凱基-鳳山,2023-01-03,9274
00664R,國泰臺灣加權反1,5,0,5,凱基-鳳山,2023-01-03,9274
00893,國泰智能電動車,5,0,5,凱基-鳳山,2023-01-03,9274
00900,富邦特選高股息30,5,0,5,凱基-鳳山,2023-01-03,9274
1907,永豐餘,5,0,5,凱基-鳳山,2023-01-03,9274
2498,宏達電,33,28,5,凱基-鳳山,2023-01-03,9274
2885,元大金,5,0,5,凱基-鳳山,2023-01-03,9274
2911,麗嬰房,5,0,5,凱基-鳳山,2023-01-03,9274
4306,炎洲,16,11,5,凱基-鳳山,2023-01-03,9274
5607,遠雄港,5,0,5,凱基-鳳山,2023-01-03,9274
6274,台燿,5,0,5,凱基-鳳山,2023-01-03,9274
6284,佳邦,5,0,5,凱基-鳳山,2023-01-03,9274
00898,國泰基因免疫革命,4,0,4,凱基-鳳山,2023-01-03,9274
3189,景碩,4,0,4,凱基-鳳山,2023-01-03,9274
4979,華星光,5,1,4,凱基-鳳山,2023-01-03,9274
6226,光鼎,4,0,4,凱基-鳳山,2023-01-03,9274
3481,群創,3,0,3,凱基-鳳山,2023-01-03,9274
00637L,元大滬深300正2,300,160,140,凱基-鳳山,2023-01-04,9274
6806,森崴能源,135,46,89,凱基-鳳山,2023-01-04,9274
0056,元大高股息,53,0,53,凱基-鳳山,2023-01-04,9274
00632R,元大台灣50反1,50,5,45,凱基-鳳山,2023-01-04,9274
2618,長榮航,43,2,41,凱基-鳳山,2023-01-04,9274
3189,景碩,38,0,38,凱基-鳳山,2023-01-04,9274
4167,松瑞藥,110,72,38,凱基-鳳山,2023-01-04,9274
2641,正德,30,0,30,凱基-鳳山,2023-01-04,9274
2317,鴻海,25,1,24,凱基-鳳山,2023-01-04,9274
6233,旺玖,22,0,22,凱基-鳳山,2023-01-04,9274
2929,淘帝-KY,20,0,20,凱基-鳳山,2023-01-04,9274
3710,連展投控,20,0,20,凱基-鳳山,2023-01-04,9274
00878,國泰永續高股息,33,14,19,凱基-鳳山,2023-01-04,9274
00715L,期街口布蘭特正2,18,0,18,凱基-鳳山,2023-01-04,9274
4306,炎洲,18,0,18,凱基-鳳山,2023-01-04,9274
2609,陽明,30,14,16,凱基-鳳山,2023-01-04,9274
00673R,期元大S＆P原油反1,35,20,15,凱基-鳳山,2023-01-04,9274
4114,健喬,19,6,13,凱基-鳳山,2023-01-04,9274
00720B,元大投資級公司債,12,0,12,凱基-鳳山,2023-01-04,9274
2014,中鴻,12,1,11,凱基-鳳山,2023-01-04,9274
8171,天宇,16,6,10,凱基-鳳山,2023-01-04,9274
6414,樺漢,11,2,9,凱基-鳳山,2023-01-04,9274
6477,安集,11,2,9,凱基-鳳山,2023-01-04,9274
2303,聯電,10,1,9,凱基-鳳山,2023-01-04,9274
1101,台泥,9,1,8,凱基-鳳山,2023-01-04,9274
2603,長榮,12,4,8,凱基-鳳山,2023-01-04,9274
00680L,元大美債20正2,27,20,7,凱基-鳳山,2023-01-04,9274
8046,南電,6,0,6,凱基-鳳山,2023-01-04,9274
0050,元大台灣50,6,0,6,凱基-鳳山,2023-01-04,9274
4128,中天,6,0,6,凱基-鳳山,2023-01-04,9274
2328,廣宇,9,3,6,凱基-鳳山,2023-01-04,9274
2498,宏達電,24,18,6,凱基-鳳山,2023-01-04,9274
6118,建達,13,8,5,凱基-鳳山,2023-01-04,9274
00893,國泰智能電動車,5,0,5,凱基-鳳山,2023-01-04,9274
1536,和大,5,0,5,凱基-鳳山,2023-01-04,9274
3149,正達,5,0,5,凱基-鳳山,2023-01-04,9274
3374,精材,5,0,5,凱基-鳳山,2023-01-04,9274
3466,德晉,10,5,5,凱基-鳳山,2023-01-04,9274
3545,敦泰,5,0,5,凱基-鳳山,2023-01-04,9274
6150,撼訊,6,1,5,凱基-鳳山,2023-01-04,9274
6462,神盾,5,0,5,凱基-鳳山,2023-01-04,9274
8996,高力,10,5,5,凱基-鳳山,2023-01-04,9274
2615,萬海,9,5,4,凱基-鳳山,2023-01-04,9274
2886,兆豐金,4,0,4,凱基-鳳山,2023-01-04,9274
2636,台驊控股,4,0,4,凱基-鳳山,2023-01-04,9274
1304,台聚,4,0,4,凱基-鳳山,2023-01-04,9274
00669R,國泰美國道瓊反1,4,0,4,凱基-鳳山,2023-01-04,9274
00916,國泰全球品牌50,4,0,4,凱基-鳳山,2023-01-04,9274
2368,金像電,5,1,4,凱基-鳳山,2023-01-04,9274
4979,華星光,5,1,4,凱基-鳳山,2023-01-04,9274
2845,遠東銀,250,0,250,凱基-鳳山,2023-01-05,9274
2409,友達,151,1,150,凱基-鳳山,2023-01-05,9274
4167,松瑞藥,175,49,126,凱基-鳳山,2023-01-05,9274
3419,譁裕,77,0,77,凱基-鳳山,2023-01-05,9274
2344,華邦電,46,9,37,凱基-鳳山,2023-01-05,9274
00715L,期街口布蘭特正2,32,0,32,凱基-鳳山,2023-01-05,9274
00706L,期元大S＆P日圓正2,30,0,30,凱基-鳳山,2023-01-05,9274
00720B,元大投資級公司債,21,0,21,凱基-鳳山,2023-01-05,9274
6233,旺玖,21,1,20,凱基-鳳山,2023-01-05,9274
00882,中信中國高股息,20,0,20,凱基-鳳山,2023-01-05,9274
00679B,元大美債20年,20,0,20,凱基-鳳山,2023-01-05,9274
6806,森崴能源,30,10,20,凱基-鳳山,2023-01-05,9274
3189,景碩,17,1,16,凱基-鳳山,2023-01-05,9274
1605,華新,18,3,15,凱基-鳳山,2023-01-05,9274
2618,長榮航,26,12,14,凱基-鳳山,2023-01-05,9274
00710B,復華彭博非投等債,13,0,13,凱基-鳳山,2023-01-05,9274
6443,元晶,17,5,12,凱基-鳳山,2023-01-05,9274
3017,奇鋐,12,0,12,凱基-鳳山,2023-01-05,9274
00773B,中信優先金融債,11,0,11,凱基-鳳山,2023-01-05,9274
2867,三商壽,11,0,11,凱基-鳳山,2023-01-05,9274
2610,華航,11,1,10,凱基-鳳山,2023-01-05,9274
00770,國泰北美科技,10,0,10,凱基-鳳山,2023-01-05,9274
2002,中鋼,10,0,10,凱基-鳳山,2023-01-05,9274
2104,國際中橡,10,0,10,凱基-鳳山,2023-01-05,9274
6167,久正,10,0,10,凱基-鳳山,2023-01-05,9274
5905,南仁湖,10,2,8,凱基-鳳山,2023-01-05,9274
0056,元大高股息,10,3,7,凱基-鳳山,2023-01-05,9274
1907,永豐餘,12,5,7,凱基-鳳山,2023-01-05,9274
2609,陽明,10,3,7,凱基-鳳山,2023-01-05,9274
4163,鐿鈦,7,0,7,凱基-鳳山,2023-01-05,9274
00712,復華富時不動產,6,0,6,凱基-鳳山,2023-01-05,9274
1905,華紙,6,0,6,凱基-鳳山,2023-01-05,9274
2014,中鴻,11,5,6,凱基-鳳山,2023-01-05,9274
2753,八方雲集,6,0,6,凱基-鳳山,2023-01-05,9274
4133,亞諾法,6,0,6,凱基-鳳山,2023-01-05,9274
2230,泰茂,6,0,6,凱基-鳳山,2023-01-05,9274
1409,新纖,5,0,5,凱基-鳳山,2023-01-05,9274
2368,金像電,7,2,5,凱基-鳳山,2023-01-05,9274
3149,正達,5,0,5,凱基-鳳山,2023-01-05,9274
8261,富鼎,5,0,5,凱基-鳳山,2023-01-05,9274
3515,華擎,6,1,5,凱基-鳳山,2023-01-05,9274
1305,華夏,4,0,4,凱基-鳳山,2023-01-05,9274
00688L,國泰20年美債正2,4,0,4,凱基-鳳山,2023-01-05,9274
00680L,元大美債20正2,4,0,4,凱基-鳳山,2023-01-05,9274
1504,東元,10,6,4,凱基-鳳山,2023-01-05,9274
3272,東碩,14,10,4,凱基-鳳山,2023-01-05,9274
3714,富采,4,0,4,凱基-鳳山,2023-01-05,9274
4746,台耀,5,1,4,凱基-鳳山,2023-01-05,9274
6533,晶心科,8,4,4,凱基-鳳山,2023-01-05,9274
00642U,期元大S＆P石油,3,0,3,凱基-鳳山,2023-01-05,9274
00665L,富邦�琤肭磪囓�2,505,0,505,凱基-鳳山,2023-01-06,9274
00637L,元大滬深300正2,604,429,175,凱基-鳳山,2023-01-06,9274
00632R,元大台灣50反1,234,114,120,凱基-鳳山,2023-01-06,9274
1101,台泥,63,12,51,凱基-鳳山,2023-01-06,9274
3419,譁裕,46,0,46,凱基-鳳山,2023-01-06,9274
4167,松瑞藥,98,60,38,凱基-鳳山,2023-01-06,9274
2609,陽明,75,48,27,凱基-鳳山,2023-01-06,9274
2481,強茂,26,0,26,凱基-鳳山,2023-01-06,9274
2748,雲品,42,17,25,凱基-鳳山,2023-01-06,9274
2495,普安,45,22,23,凱基-鳳山,2023-01-06,9274
00893,國泰智能電動車,22,0,22,凱基-鳳山,2023-01-06,9274
2883,凱基金,20,5,15,凱基-鳳山,2023-01-06,9274
6414,樺漢,15,0,15,凱基-鳳山,2023-01-06,9274
6806,森崴能源,15,2,13,凱基-鳳山,2023-01-06,9274
2317,鴻海,12,0,12,凱基-鳳山,2023-01-06,9274
2867,三商壽,12,0,12,凱基-鳳山,2023-01-06,9274
8089,康全電訊,13,1,12,凱基-鳳山,2023-01-06,9274
1519,華城,13,2,11,凱基-鳳山,2023-01-06,9274
2633,台灣高鐵,13,2,11,凱基-鳳山,2023-01-06,9274
6168,宏齊,11,0,11,凱基-鳳山,2023-01-06,9274
1314,中石化,10,0,10,凱基-鳳山,2023-01-06,9274
1525,江申,10,0,10,凱基-鳳山,2023-01-06,9274
2038,海光,10,0,10,凱基-鳳山,2023-01-06,9274
6220,岳豐,10,0,10,凱基-鳳山,2023-01-06,9274
00878,國泰永續高股息,17,9,8,凱基-鳳山,2023-01-06,9274
1305,華夏,10,2,8,凱基-鳳山,2023-01-06,9274
00680L,元大美債20正2,8,0,8,凱基-鳳山,2023-01-06,9274
2498,宏達電,13,5,8,凱基-鳳山,2023-01-06,9274
00712,復華富時不動產,7,0,7,凱基-鳳山,2023-01-06,9274
3363,上詮,11,4,7,凱基-鳳山,2023-01-06,9274
3711,日月光投控,14,7,7,凱基-鳳山,2023-01-06,9274
1316,上曜,6,0,6,凱基-鳳山,2023-01-06,9274
00720B,元大投資級公司債,16,10,6,凱基-鳳山,2023-01-06,9274
1802,台玻,6,0,6,凱基-鳳山,2023-01-06,9274
2642,宅配通,8,2,6,凱基-鳳山,2023-01-06,9274
3479,安勤,8,2,6,凱基-鳳山,2023-01-06,9274
1301,台塑,5,0,5,凱基-鳳山,2023-01-06,9274
1304,台聚,5,0,5,凱基-鳳山,2023-01-06,9274
00671R,富邦NASDAQ反1,5,0,5,凱基-鳳山,2023-01-06,9274
3017,奇鋐,5,0,5,凱基-鳳山,2023-01-06,9274
6116,彩晶,5,0,5,凱基-鳳山,2023-01-06,9274
8940,新天地,5,0,5,凱基-鳳山,2023-01-06,9274
2324,仁寶,5,0,5,凱基-鳳山,2023-01-06,9274
00885,富邦越南,5,1,4,凱基-鳳山,2023-01-06,9274
3169,亞信,7,3,4,凱基-鳳山,2023-01-06,9274
4746,台耀,6,2,4,凱基-鳳山,2023-01-06,9274
6244,茂迪,4,0,4,凱基-鳳山,2023-01-06,9274
6532,瑞耘,4,0,4,凱基-鳳山,2023-01-06,9274
6708,天擎,4,0,4,凱基-鳳山,2023-01-06,9274
2615,萬海,10,7,3,凱基-鳳山,2023-01-06,9274
00670L,富邦NASDAQ正2,129,0,129,凱基-鳳山,2023-01-09,9274
2409,友達,71,0,71,凱基-鳳山,2023-01-09,9274
00720B,元大投資級公司債,28,6,22,凱基-鳳山,2023-01-09,9274
00669R,國泰美國道瓊反1,20,0,20,凱基-鳳山,2023-01-09,9274
00706L,期元大S＆P日圓正2,20,0,20,凱基-鳳山,2023-01-09,9274
00673R,期元大S＆P原油反1,20,0,20,凱基-鳳山,2023-01-09,9274
6530,創威,31,11,20,凱基-鳳山,2023-01-09,9274
1514,亞力,15,1,14,凱基-鳳山,2023-01-09,9274
2915,潤泰全,16,4,12,凱基-鳳山,2023-01-09,9274
3419,譁裕,11,0,11,凱基-鳳山,2023-01-09,9274
2328,廣宇,10,0,10,凱基-鳳山,2023-01-09,9274
1524,耿鼎,10,0,10,凱基-鳳山,2023-01-09,9274
1609,大亞,10,0,10,凱基-鳳山,2023-01-09,9274
1718,中纖,10,0,10,凱基-鳳山,2023-01-09,9274
1733,五鼎,10,0,10,凱基-鳳山,2023-01-09,9274
3558,神準,10,0,10,凱基-鳳山,2023-01-09,9274
1605,華新,25,15,10,凱基-鳳山,2023-01-09,9274
00773B,中信優先金融債,10,1,9,凱基-鳳山,2023-01-09,9274
2208,台船,9,0,9,凱基-鳳山,2023-01-09,9274
6477,安集,10,1,9,凱基-鳳山,2023-01-09,9274
2889,國票金,10,2,8,凱基-鳳山,2023-01-09,9274
3545,敦泰,8,0,8,凱基-鳳山,2023-01-09,9274
00680L,元大美債20正2,7,0,7,凱基-鳳山,2023-01-09,9274
00772B,中信高評級公司債,7,0,7,凱基-鳳山,2023-01-09,9274
2748,雲品,13,6,7,凱基-鳳山,2023-01-09,9274
6550,北極星藥業-KY,12,5,7,凱基-鳳山,2023-01-09,9274
6176,瑞儀,6,0,6,凱基-鳳山,2023-01-09,9274
00752,中信中國50,6,0,6,凱基-鳳山,2023-01-09,9274
3029,零壹,6,0,6,凱基-鳳山,2023-01-09,9274
6806,森崴能源,6,0,6,凱基-鳳山,2023-01-09,9274
3141,晶宏,10,5,5,凱基-鳳山,2023-01-09,9274
2534,宏盛,5,0,5,凱基-鳳山,2023-01-09,9274
3163,波若威,6,1,5,凱基-鳳山,2023-01-09,9274
6129,普誠,13,8,5,凱基-鳳山,2023-01-09,9274
8033,雷虎,6,1,5,凱基-鳳山,2023-01-09,9274
1464,得力,4,0,4,凱基-鳳山,2023-01-09,9274
2369,菱生,4,0,4,凱基-鳳山,2023-01-09,9274
2614,東森,5,1,4,凱基-鳳山,2023-01-09,9274
2615,萬海,5,1,4,凱基-鳳山,2023-01-09,9274
2851,中再保,30,26,4,凱基-鳳山,2023-01-09,9274
3272,東碩,6,2,4,凱基-鳳山,2023-01-09,9274
6517,保勝光學,4,0,4,凱基-鳳山,2023-01-09,9274
006208,富邦台50,4,0,4,凱基-鳳山,2023-01-09,9274
2354,鴻準,6,2,4,凱基-鳳山,2023-01-09,9274
6531,愛普*,8,5,3,凱基-鳳山,2023-01-09,9274
1909,榮成,5,2,3,凱基-鳳山,2023-01-09,9274
2312,金寶,3,0,3,凱基-鳳山,2023-01-09,9274
2367,燿華,3,0,3,凱基-鳳山,2023-01-09,9274
2419,仲琦,4,1,3,凱基-鳳山,2023-01-09,9274
2441,超豐,3,0,3,凱基-鳳山,2023-01-09,9274
00665L,富邦�琤肭磪囓�2,107,12,95,凱基-鳳山,2023-01-10,9274
4167,松瑞藥,90,31,59,凱基-鳳山,2023-01-10,9274
2409,友達,67,22,45,凱基-鳳山,2023-01-10,9274
00632R,元大台灣50反1,25,0,25,凱基-鳳山,2023-01-10,9274
1718,中纖,24,0,24,凱基-鳳山,2023-01-10,9274
2504,國產,23,0,23,凱基-鳳山,2023-01-10,9274
1605,華新,36,17,19,凱基-鳳山,2023-01-10,9274
2201,裕隆,25,7,18,凱基-鳳山,2023-01-10,9274
00670L,富邦NASDAQ正2,16,0,16,凱基-鳳山,2023-01-10,9274
4114,健喬,19,3,16,凱基-鳳山,2023-01-10,9274
2618,長榮航,18,3,15,凱基-鳳山,2023-01-10,9274
2014,中鴻,20,6,14,凱基-鳳山,2023-01-10,9274
4743,合一,12,0,12,凱基-鳳山,2023-01-10,9274
3189,景碩,12,1,11,凱基-鳳山,2023-01-10,9274
1905,華紙,10,0,10,凱基-鳳山,2023-01-10,9274
2353,宏��,10,0,10,凱基-鳳山,2023-01-10,9274
2634,漢翔,10,0,10,凱基-鳳山,2023-01-10,9274
8289,泰藝,10,0,10,凱基-鳳山,2023-01-10,9274
00885,富邦越南,9,0,9,凱基-鳳山,2023-01-10,9274
8928,鉅明,9,0,9,凱基-鳳山,2023-01-10,9274
2609,陽明,19,11,8,凱基-鳳山,2023-01-10,9274
1513,中興電,34,27,7,凱基-鳳山,2023-01-10,9274
3037,欣興,8,1,7,凱基-鳳山,2023-01-10,9274
2468,華經,14,8,6,凱基-鳳山,2023-01-10,9274
3481,群創,12,6,6,凱基-鳳山,2023-01-10,9274
6182,合晶,9,3,6,凱基-鳳山,2023-01-10,9274
2884,玉山金,6,0,6,凱基-鳳山,2023-01-10,9274
00664R,國泰臺灣加權反1,5,0,5,凱基-鳳山,2023-01-10,9274
1519,華城,6,1,5,凱基-鳳山,2023-01-10,9274
2103,台橡,5,0,5,凱基-鳳山,2023-01-10,9274
4106,雃博,5,0,5,凱基-鳳山,2023-01-10,9274
5425,台半,10,5,5,凱基-鳳山,2023-01-10,9274
6235,華孚,5,0,5,凱基-鳳山,2023-01-10,9274
8024,佑華,5,0,5,凱基-鳳山,2023-01-10,9274
8033,雷虎,5,0,5,凱基-鳳山,2023-01-10,9274
8105,凌巨,7,2,5,凱基-鳳山,2023-01-10,9274
8112,至上,5,0,5,凱基-鳳山,2023-01-10,9274
8924,大田,5,0,5,凱基-鳳山,2023-01-10,9274
1464,得力,4,0,4,凱基-鳳山,2023-01-10,9274
1810,和成,4,0,4,凱基-鳳山,2023-01-10,9274
3272,東碩,4,0,4,凱基-鳳山,2023-01-10,9274
4306,炎洲,4,0,4,凱基-鳳山,2023-01-10,9274
6443,元晶,14,10,4,凱基-鳳山,2023-01-10,9274
5905,南仁湖,3,0,3,凱基-鳳山,2023-01-10,9274
00772B,中信高評級公司債,3,0,3,凱基-鳳山,2023-01-10,9274
1314,中石化,3,0,3,凱基-鳳山,2023-01-10,9274
1524,耿鼎,8,5,3,凱基-鳳山,2023-01-10,9274
2032,新鋼,3,0,3,凱基-鳳山,2023-01-10,9274
2338,光罩,4,1,3,凱基-鳳山,2023-01-10,9274
2615,萬海,4,1,3,凱基-鳳山,2023-01-10,9274
6116,彩晶,455,0,455,凱基-鳳山,2023-01-11,9274
00680L,元大美債20正2,403,0,403,凱基-鳳山,2023-01-11,9274
00688L,國泰20年美債正2,240,0,240,凱基-鳳山,2023-01-11,9274
2618,長榮航,210,69,141,凱基-鳳山,2023-01-11,9274
5880,合庫金,55,0,55,凱基-鳳山,2023-01-11,9274
1104,環泥,55,0,55,凱基-鳳山,2023-01-11,9274
2748,雲品,38,7,31,凱基-鳳山,2023-01-11,9274
2495,普安,26,0,26,凱基-鳳山,2023-01-11,9274
2889,國票金,27,1,26,凱基-鳳山,2023-01-11,9274
2882,國泰金,27,2,25,凱基-鳳山,2023-01-11,9274
6282,康舒,20,0,20,凱基-鳳山,2023-01-11,9274
00706L,期元大S＆P日圓正2,20,0,20,凱基-鳳山,2023-01-11,9274
00830,國泰費城半導體,20,0,20,凱基-鳳山,2023-01-11,9274
2610,華航,28,14,14,凱基-鳳山,2023-01-11,9274
2888,新光金,13,0,13,凱基-鳳山,2023-01-11,9274
6806,森崴能源,28,15,13,凱基-鳳山,2023-01-11,9274
00713,元大台灣高息低波,10,0,10,凱基-鳳山,2023-01-11,9274
2605,新興,10,0,10,凱基-鳳山,2023-01-11,9274
3466,德晉,10,0,10,凱基-鳳山,2023-01-11,9274
4168,醣聯,10,0,10,凱基-鳳山,2023-01-11,9274
2615,萬海,13,3,10,凱基-鳳山,2023-01-11,9274
0050,元大台灣50,9,0,9,凱基-鳳山,2023-01-11,9274
2609,陽明,16,7,9,凱基-鳳山,2023-01-11,9274
00679B,元大美債20年,30,22,8,凱基-鳳山,2023-01-11,9274
3444,利機,8,0,8,凱基-鳳山,2023-01-11,9274
4167,松瑞藥,12,4,8,凱基-鳳山,2023-01-11,9274
2482,連宇,11,4,7,凱基-鳳山,2023-01-11,9274
6274,台燿,13,6,7,凱基-鳳山,2023-01-11,9274
9105,泰金寶-DR,7,0,7,凱基-鳳山,2023-01-11,9274
00878,國泰永續高股息,23,16,7,凱基-鳳山,2023-01-11,9274
3516,亞帝歐,6,0,6,凱基-鳳山,2023-01-11,9274
3704,合勤控,8,2,6,凱基-鳳山,2023-01-11,9274
8150,南茂,6,0,6,凱基-鳳山,2023-01-11,9274
00752,中信中國50,5,0,5,凱基-鳳山,2023-01-11,9274
00773B,中信優先金融債,5,0,5,凱基-鳳山,2023-01-11,9274
00772B,中信高評級公司債,5,0,5,凱基-鳳山,2023-01-11,9274
1513,中興電,20,15,5,凱基-鳳山,2023-01-11,9274
2312,金寶,5,0,5,凱基-鳳山,2023-01-11,9274
5701,劍湖山,5,0,5,凱基-鳳山,2023-01-11,9274
3481,群創,31,26,5,凱基-鳳山,2023-01-11,9274
6533,晶心科,7,3,4,凱基-鳳山,2023-01-11,9274
2916,滿心,8,4,4,凱基-鳳山,2023-01-11,9274
1417,嘉裕,4,0,4,凱基-鳳山,2023-01-11,9274
2347,聯強,4,0,4,凱基-鳳山,2023-01-11,9274
2633,台灣高鐵,7,3,4,凱基-鳳山,2023-01-11,9274
4909,新復興,5,1,4,凱基-鳳山,2023-01-11,9274
6770,力積電,6,2,4,凱基-鳳山,2023-01-11,9274
8028,昇陽半導體,4,0,4,凱基-鳳山,2023-01-11,9274
9955,佳龍,4,0,4,凱基-鳳山,2023-01-11,9274
2317,鴻海,6,3,3,凱基-鳳山,2023-01-11,9274
6116,彩晶,865,0,865,凱基-鳳山,2023-01-12,9274
00637L,元大滬深300正2,720,0,720,凱基-鳳山,2023-01-12,9274
00673R,期元大S＆P原油反1,131,20,111,凱基-鳳山,2023-01-12,9274
4167,松瑞藥,69,8,61,凱基-鳳山,2023-01-12,9274
00680L,元大美債20正2,77,35,42,凱基-鳳山,2023-01-12,9274
2014,中鴻,56,17,39,凱基-鳳山,2023-01-12,9274
2887,台新金,47,10,37,凱基-鳳山,2023-01-12,9274
2609,陽明,39,11,28,凱基-鳳山,2023-01-12,9274
2884,玉山金,22,0,22,凱基-鳳山,2023-01-12,9274
3035,智原,33,11,22,凱基-鳳山,2023-01-12,9274
00905,FT臺灣Smart,21,0,21,凱基-鳳山,2023-01-12,9274
00706L,期元大S＆P日圓正2,20,0,20,凱基-鳳山,2023-01-12,9274
1762,中化生,20,0,20,凱基-鳳山,2023-01-12,9274
2603,長榮,20,2,18,凱基-鳳山,2023-01-12,9274
2882,國泰金,16,0,16,凱基-鳳山,2023-01-12,9274
8050,廣積,14,0,14,凱基-鳳山,2023-01-12,9274
8150,南茂,14,0,14,凱基-鳳山,2023-01-12,9274
00882,中信中國高股息,12,0,12,凱基-鳳山,2023-01-12,9274
0050,元大台灣50,11,0,11,凱基-鳳山,2023-01-12,9274
00665L,富邦�琤肭磪囓�2,135,124,11,凱基-鳳山,2023-01-12,9274
3189,景碩,12,1,11,凱基-鳳山,2023-01-12,9274
6129,普誠,15,4,11,凱基-鳳山,2023-01-12,9274
6244,茂迪,14,3,11,凱基-鳳山,2023-01-12,9274
1605,華新,23,12,11,凱基-鳳山,2023-01-12,9274
00642U,期元大S＆P石油,10,0,10,凱基-鳳山,2023-01-12,9274
1733,五鼎,10,0,10,凱基-鳳山,2023-01-12,9274
2511,太子,10,0,10,凱基-鳳山,2023-01-12,9274
2610,華航,17,7,10,凱基-鳳山,2023-01-12,9274
00752,中信中國50,8,0,8,凱基-鳳山,2023-01-12,9274
1503,士電,8,0,8,凱基-鳳山,2023-01-12,9274
2034,允強,8,0,8,凱基-鳳山,2023-01-12,9274
4128,中天,13,5,8,凱基-鳳山,2023-01-12,9274
2607,榮運,15,8,7,凱基-鳳山,2023-01-12,9274
1513,中興電,21,14,7,凱基-鳳山,2023-01-12,9274
8996,高力,7,1,6,凱基-鳳山,2023-01-12,9274
00907,永豐優息存股,6,0,6,凱基-鳳山,2023-01-12,9274
00679B,元大美債20年,6,0,6,凱基-鳳山,2023-01-12,9274
00664R,國泰臺灣加權反1,6,0,6,凱基-鳳山,2023-01-12,9274
2230,泰茂,11,5,6,凱基-鳳山,2023-01-12,9274
2495,普安,21,15,6,凱基-鳳山,2023-01-12,9274
4747,強生,6,0,6,凱基-鳳山,2023-01-12,9274
6443,元晶,7,1,6,凱基-鳳山,2023-01-12,9274
2409,友達,6,0,6,凱基-鳳山,2023-01-12,9274
2368,金像電,5,0,5,凱基-鳳山,2023-01-12,9274
00761B,國泰A級公司債,5,0,5,凱基-鳳山,2023-01-12,9274
00895,富邦未來車,5,0,5,凱基-鳳山,2023-01-12,9274
00885,富邦越南,6,1,5,凱基-鳳山,2023-01-12,9274
2103,台橡,5,0,5,凱基-鳳山,2023-01-12,9274
2482,連宇,8,3,5,凱基-鳳山,2023-01-12,9274
2753,八方雲集,5,0,5,凱基-鳳山,2023-01-12,9274
00665L,富邦�琤肭磪囓�2,800,211,589,凱基-鳳山,2023-01-13,9274
6116,彩晶,145,0,145,凱基-鳳山,2023-01-13,9274
00680L,元大美債20正2,99,30,69,凱基-鳳山,2023-01-13,9274
2317,鴻海,67,2,65,凱基-鳳山,2023-01-13,9274
00673R,期元大S＆P原油反1,82,30,52,凱基-鳳山,2023-01-13,9274
00706L,期元大S＆P日圓正2,52,0,52,凱基-鳳山,2023-01-13,9274
00688L,國泰20年美債正2,104,60,44,凱基-鳳山,2023-01-13,9274
2344,華邦電,40,0,40,凱基-鳳山,2023-01-13,9274
00632R,元大台灣50反1,44,10,34,凱基-鳳山,2023-01-13,9274
2312,金寶,24,0,24,凱基-鳳山,2023-01-13,9274
00664R,國泰臺灣加權反1,22,0,22,凱基-鳳山,2023-01-13,9274
8996,高力,22,6,16,凱基-鳳山,2023-01-13,9274
8046,南電,20,6,14,凱基-鳳山,2023-01-13,9274
0056,元大高股息,15,2,13,凱基-鳳山,2023-01-13,9274
6443,元晶,27,15,12,凱基-鳳山,2023-01-13,9274
00878,國泰永續高股息,12,2,10,凱基-鳳山,2023-01-13,9274
00891,中信關鍵半導體,10,0,10,凱基-鳳山,2023-01-13,9274
1522,堤維西,10,0,10,凱基-鳳山,2023-01-13,9274
1708,東鹼,11,1,10,凱基-鳳山,2023-01-13,9274
2753,八方雲集,10,0,10,凱基-鳳山,2023-01-13,9274
8064,東捷,9,0,9,凱基-鳳山,2023-01-13,9274
00671R,富邦NASDAQ反1,7,0,7,凱基-鳳山,2023-01-13,9274
3035,智原,13,6,7,凱基-鳳山,2023-01-13,9274
8050,廣積,13,6,7,凱基-鳳山,2023-01-13,9274
2419,仲琦,6,0,6,凱基-鳳山,2023-01-13,9274
2495,普安,18,12,6,凱基-鳳山,2023-01-13,9274
3419,譁裕,6,0,6,凱基-鳳山,2023-01-13,9274
3693,營邦,8,2,6,凱基-鳳山,2023-01-13,9274
2881,富邦金,7,1,6,凱基-鳳山,2023-01-13,9274
2465,麗臺,9,4,5,凱基-鳳山,2023-01-13,9274
2409,友達,5,0,5,凱基-鳳山,2023-01-13,9274
2515,中工,5,0,5,凱基-鳳山,2023-01-13,9274
2892,第一金,5,0,5,凱基-鳳山,2023-01-13,9274
8024,佑華,5,0,5,凱基-鳳山,2023-01-13,9274
3374,精材,9,5,4,凱基-鳳山,2023-01-13,9274
00770,國泰北美科技,4,0,4,凱基-鳳山,2023-01-13,9274
1443,立益物流,4,0,4,凱基-鳳山,2023-01-13,9274
1760,寶齡富錦,7,3,4,凱基-鳳山,2023-01-13,9274
2449,京元電子,4,0,4,凱基-鳳山,2023-01-13,9274
1305,華夏,6,2,4,凱基-鳳山,2023-01-13,9274
2313,華通,3,0,3,凱基-鳳山,2023-01-13,9274
1605,華新,3,0,3,凱基-鳳山,2023-01-13,9274
3264,欣銓,3,0,3,凱基-鳳山,2023-01-13,9274
6670,復盛應用,3,0,3,凱基-鳳山,2023-01-13,9274
6689,伊雲谷,3,0,3,凱基-鳳山,2023-01-13,9274
6756,威鋒電子,3,0,3,凱基-鳳山,2023-01-13,9274
8478,東哥遊艇,3,0,3,凱基-鳳山,2023-01-13,9274
2609,陽明,10,8,2,凱基-鳳山,2023-01-13,9274
2308,台達電,10,8,2,凱基-鳳山,2023-01-13,9274
2468,華經,34,32,2,凱基-鳳山,2023-01-13,9274
00680L,元大美債20正2,732,0,732,凱基-鳳山,2023-01-16,9274
00688L,國泰20年美債正2,386,0,386,凱基-鳳山,2023-01-16,9274
00637L,元大滬深300正2,460,100,360,凱基-鳳山,2023-01-16,9274
00673R,期元大S＆P原油反1,123,0,123,凱基-鳳山,2023-01-16,9274
6116,彩晶,111,2,109,凱基-鳳山,2023-01-16,9274
1718,中纖,30,0,30,凱基-鳳山,2023-01-16,9274
00882,中信中國高股息,26,0,26,凱基-鳳山,2023-01-16,9274
2317,鴻海,23,0,23,凱基-鳳山,2023-01-16,9274
2929,淘帝-KY,20,0,20,凱基-鳳山,2023-01-16,9274
3706,神達,20,0,20,凱基-鳳山,2023-01-16,9274
6122,擎邦,20,0,20,凱基-鳳山,2023-01-16,9274
8050,廣積,15,0,15,凱基-鳳山,2023-01-16,9274
00773B,中信優先金融債,13,0,13,凱基-鳳山,2023-01-16,9274
2312,金寶,13,0,13,凱基-鳳山,2023-01-16,9274
2358,廷鑫,17,5,12,凱基-鳳山,2023-01-16,9274
4114,健喬,16,4,12,凱基-鳳山,2023-01-16,9274
6139,亞翔,10,0,10,凱基-鳳山,2023-01-16,9274
5388,中磊,10,1,9,凱基-鳳山,2023-01-16,9274
2208,台船,7,0,7,凱基-鳳山,2023-01-16,9274
2338,光罩,6,0,6,凱基-鳳山,2023-01-16,9274
2369,菱生,6,0,6,凱基-鳳山,2023-01-16,9274
8089,康全電訊,7,1,6,凱基-鳳山,2023-01-16,9274
8033,雷虎,6,1,5,凱基-鳳山,2023-01-16,9274
2030,彰源,5,0,5,凱基-鳳山,2023-01-16,9274
00701,國泰股利精選30,5,0,5,凱基-鳳山,2023-01-16,9274
2867,三商壽,5,0,5,凱基-鳳山,2023-01-16,9274
5243,乙盛-KY,5,0,5,凱基-鳳山,2023-01-16,9274
6649,台生材,5,0,5,凱基-鳳山,2023-01-16,9274
8421,旭源,5,0,5,凱基-鳳山,2023-01-16,9274
2890,永豐金,6,2,4,凱基-鳳山,2023-01-16,9274
00772B,中信高評級公司債,4,0,4,凱基-鳳山,2023-01-16,9274
2014,中鴻,11,7,4,凱基-鳳山,2023-01-16,9274
2388,威盛,5,1,4,凱基-鳳山,2023-01-16,9274
3479,安勤,8,4,4,凱基-鳳山,2023-01-16,9274
4167,松瑞藥,8,4,4,凱基-鳳山,2023-01-16,9274
6443,元晶,7,3,4,凱基-鳳山,2023-01-16,9274
2609,陽明,15,12,3,凱基-鳳山,2023-01-16,9274
2753,八方雲集,5,2,3,凱基-鳳山,2023-01-16,9274
1476,儒鴻,3,0,3,凱基-鳳山,2023-01-16,9274
1809,中釉,3,0,3,凱基-鳳山,2023-01-16,9274
2009,第一銅,3,0,3,凱基-鳳山,2023-01-16,9274
2732,六角,5,2,3,凱基-鳳山,2023-01-16,9274
3504,揚明光,3,0,3,凱基-鳳山,2023-01-16,9274
3707,漢磊,5,2,3,凱基-鳳山,2023-01-16,9274
6712,長聖,3,0,3,凱基-鳳山,2023-01-16,9274
3034,聯詠,3,0,3,凱基-鳳山,2023-01-16,9274
2542,興富發,3,0,3,凱基-鳳山,2023-01-16,9274
1736,喬山,2,0,2,凱基-鳳山,2023-01-16,9274
1219,福壽,3,1,2,凱基-鳳山,2023-01-16,9274
1707,葡萄王,3,1,2,凱基-鳳山,2023-01-16,9274
00637L,元大滬深300正2,500,200,300,凱基-鳳山,2023-01-17,9274
00680L,元大美債20正2,161,0,161,凱基-鳳山,2023-01-17,9274
00673R,期元大S＆P原油反1,90,0,90,凱基-鳳山,2023-01-17,9274
6116,彩晶,83,0,83,凱基-鳳山,2023-01-17,9274
00878,國泰永續高股息,35,3,32,凱基-鳳山,2023-01-17,9274
00688L,國泰20年美債正2,30,0,30,凱基-鳳山,2023-01-17,9274
1513,中興電,57,27,30,凱基-鳳山,2023-01-17,9274
1718,中纖,30,0,30,凱基-鳳山,2023-01-17,9274
00882,中信中國高股息,29,0,29,凱基-鳳山,2023-01-17,9274
2317,鴻海,26,6,20,凱基-鳳山,2023-01-17,9274
00648R,元大S＆P500反1,20,0,20,凱基-鳳山,2023-01-17,9274
2358,廷鑫,20,1,19,凱基-鳳山,2023-01-17,9274
2609,陽明,24,6,18,凱基-鳳山,2023-01-17,9274
3037,欣興,18,0,18,凱基-鳳山,2023-01-17,9274
6770,力積電,17,1,16,凱基-鳳山,2023-01-17,9274
6112,邁達特,15,0,15,凱基-鳳山,2023-01-17,9274
2883,凱基金,15,2,13,凱基-鳳山,2023-01-17,9274
1101,台泥,20,8,12,凱基-鳳山,2023-01-17,9274
2607,榮運,12,0,12,凱基-鳳山,2023-01-17,9274
00664R,國泰臺灣加權反1,10,0,10,凱基-鳳山,2023-01-17,9274
2009,第一銅,10,0,10,凱基-鳳山,2023-01-17,9274
3046,建��,10,0,10,凱基-鳳山,2023-01-17,9274
3511,矽瑪,10,0,10,凱基-鳳山,2023-01-17,9274
4130,健亞,10,0,10,凱基-鳳山,2023-01-17,9274
8050,廣積,10,0,10,凱基-鳳山,2023-01-17,9274
2884,玉山金,8,0,8,凱基-鳳山,2023-01-17,9274
4114,健喬,10,2,8,凱基-鳳山,2023-01-17,9274
4128,中天,25,17,8,凱基-鳳山,2023-01-17,9274
8028,昇陽半導體,10,2,8,凱基-鳳山,2023-01-17,9274
2615,萬海,8,1,7,凱基-鳳山,2023-01-17,9274
00701,國泰股利精選30,6,0,6,凱基-鳳山,2023-01-17,9274
2495,普安,9,3,6,凱基-鳳山,2023-01-17,9274
3092,鴻碩,6,0,6,凱基-鳳山,2023-01-17,9274
3312,弘憶股,6,0,6,凱基-鳳山,2023-01-17,9274
6235,華孚,6,0,6,凱基-鳳山,2023-01-17,9274
00720B,元大投資級公司債,5,0,5,凱基-鳳山,2023-01-17,9274
00665L,富邦�琤肭磪囓�2,35,30,5,凱基-鳳山,2023-01-17,9274
2312,金寶,5,0,5,凱基-鳳山,2023-01-17,9274
3211,順達,5,0,5,凱基-鳳山,2023-01-17,9274
3481,群創,16,11,5,凱基-鳳山,2023-01-17,9274
5243,乙盛-KY,5,0,5,凱基-鳳山,2023-01-17,9274
6139,亞翔,5,0,5,凱基-鳳山,2023-01-17,9274
6167,久正,10,5,5,凱基-鳳山,2023-01-17,9274
6202,盛群,5,0,5,凱基-鳳山,2023-01-17,9274
6244,茂迪,5,0,5,凱基-鳳山,2023-01-17,9274
8044,網家,8,3,5,凱基-鳳山,2023-01-17,9274
8415,大國鋼,5,0,5,凱基-鳳山,2023-01-17,9274
1219,福壽,6,2,4,凱基-鳳山,2023-01-17,9274
1443,立益物流,7,3,4,凱基-鳳山,2023-01-17,9274
1464,得力,4,0,4,凱基-鳳山,2023-01-17,9274
2317,鴻海,154,69,85,凱基-鳳山,2023-01-30,9274
3481,群創,108,47,61,凱基-鳳山,2023-01-30,9274
6142,友勁,59,1,58,凱基-鳳山,2023-01-30,9274
00673R,期元大S＆P原油反1,53,0,53,凱基-鳳山,2023-01-30,9274
00632R,元大台灣50反1,51,0,51,凱基-鳳山,2023-01-30,9274
00680L,元大美債20正2,30,1,29,凱基-鳳山,2023-01-30,9274
2534,宏盛,30,2,28,凱基-鳳山,2023-01-30,9274
1514,亞力,27,3,24,凱基-鳳山,2023-01-30,9274
3691,碩禾,23,0,23,凱基-鳳山,2023-01-30,9274
00664R,國泰臺灣加權反1,20,0,20,凱基-鳳山,2023-01-30,9274
2748,雲品,25,5,20,凱基-鳳山,2023-01-30,9274
3362,先進光,20,0,20,凱基-鳳山,2023-01-30,9274
00878,國泰永續高股息,48,30,18,凱基-鳳山,2023-01-30,9274
2618,長榮航,53,36,17,凱基-鳳山,2023-01-30,9274
2609,陽明,30,13,17,凱基-鳳山,2023-01-30,9274
00720B,元大投資級公司債,15,0,15,凱基-鳳山,2023-01-30,9274
2468,華經,15,0,15,凱基-鳳山,2023-01-30,9274
2891,中信金,15,0,15,凱基-鳳山,2023-01-30,9274
9105,泰金寶-DR,15,0,15,凱基-鳳山,2023-01-30,9274
4707,磐亞,14,0,14,凱基-鳳山,2023-01-30,9274
2002,中鋼,25,12,13,凱基-鳳山,2023-01-30,9274
2208,台船,12,0,12,凱基-鳳山,2023-01-30,9274
1529,樂事綠能,11,0,11,凱基-鳳山,2023-01-30,9274
00706L,期元大S＆P日圓正2,10,0,10,凱基-鳳山,2023-01-30,9274
00679B,元大美債20年,10,1,9,凱基-鳳山,2023-01-30,9274
2615,萬海,9,0,9,凱基-鳳山,2023-01-30,9274
1305,華夏,15,6,9,凱基-鳳山,2023-01-30,9274
2603,長榮,12,3,9,凱基-鳳山,2023-01-30,9274
3265,台星科,12,4,8,凱基-鳳山,2023-01-30,9274
6605,帝寶,8,0,8,凱基-鳳山,2023-01-30,9274
1219,福壽,7,0,7,凱基-鳳山,2023-01-30,9274
2009,第一銅,10,3,7,凱基-鳳山,2023-01-30,9274
2812,台中銀,6,0,6,凱基-鳳山,2023-01-30,9274
6111,大宇資,6,0,6,凱基-鳳山,2023-01-30,9274
3006,晶豪科,8,2,6,凱基-鳳山,2023-01-30,9274
2451,創見,6,0,6,凱基-鳳山,2023-01-30,9274
00772B,中信高評級公司債,5,0,5,凱基-鳳山,2023-01-30,9274
00895,富邦未來車,5,0,5,凱基-鳳山,2023-01-30,9274
2368,金像電,5,0,5,凱基-鳳山,2023-01-30,9274
2402,毅嘉,5,0,5,凱基-鳳山,2023-01-30,9274
3455,由田,5,0,5,凱基-鳳山,2023-01-30,9274
4961,天鈺,5,0,5,凱基-鳳山,2023-01-30,9274
5388,中磊,5,0,5,凱基-鳳山,2023-01-30,9274
8087,麗升能源,5,0,5,凱基-鳳山,2023-01-30,9274
8104,錸寶,5,0,5,凱基-鳳山,2023-01-30,9274
8213,志超,5,0,5,凱基-鳳山,2023-01-30,9274
6411,晶焱,4,0,4,凱基-鳳山,2023-01-30,9274
00900,富邦特選高股息30,4,0,4,凱基-鳳山,2023-01-30,9274
1218,泰山,5,1,4,凱基-鳳山,2023-01-30,9274
2743,山富,4,0,4,凱基-鳳山,2023-01-30,9274
00665L,富邦�琤肭磪囓�2,720,114,606,凱基-鳳山,2023-01-31,9274
00637L,元大滬深300正2,340,100,240,凱基-鳳山,2023-01-31,9274
00905,FT臺灣Smart,108,0,108,凱基-鳳山,2023-01-31,9274
00885,富邦越南,72,10,62,凱基-鳳山,2023-01-31,9274
3576,聯合再生,60,0,60,凱基-鳳山,2023-01-31,9274
2887,台新金,110,50,60,凱基-鳳山,2023-01-31,9274
00680L,元大美債20正2,53,0,53,凱基-鳳山,2023-01-31,9274
00632R,元大台灣50反1,50,0,50,凱基-鳳山,2023-01-31,9274
00673R,期元大S＆P原油反1,49,1,48,凱基-鳳山,2023-01-31,9274
4167,松瑞藥,46,2,44,凱基-鳳山,2023-01-31,9274
00671R,富邦NASDAQ反1,32,0,32,凱基-鳳山,2023-01-31,9274
00670L,富邦NASDAQ正2,24,0,24,凱基-鳳山,2023-01-31,9274
3481,群創,111,87,24,凱基-鳳山,2023-01-31,9274
1305,華夏,24,2,22,凱基-鳳山,2023-01-31,9274
1528,恩德,20,0,20,凱基-鳳山,2023-01-31,9274
2534,宏盛,20,0,20,凱基-鳳山,2023-01-31,9274
2897,王道銀行,20,0,20,凱基-鳳山,2023-01-31,9274
1101,台泥,20,1,19,凱基-鳳山,2023-01-31,9274
00679B,元大美債20年,22,4,18,凱基-鳳山,2023-01-31,9274
2892,第一金,19,1,18,凱基-鳳山,2023-01-31,9274
8105,凌巨,25,7,18,凱基-鳳山,2023-01-31,9274
4128,中天,22,6,16,凱基-鳳山,2023-01-31,9274
00878,國泰永續高股息,19,4,15,凱基-鳳山,2023-01-31,9274
00907,永豐優息存股,13,0,13,凱基-鳳山,2023-01-31,9274
1909,榮成,20,7,13,凱基-鳳山,2023-01-31,9274
2444,兆勁,12,0,12,凱基-鳳山,2023-01-31,9274
4105,東洋,12,0,12,凱基-鳳山,2023-01-31,9274
4735,豪展,12,0,12,凱基-鳳山,2023-01-31,9274
2329,華泰,13,2,11,凱基-鳳山,2023-01-31,9274
8996,高力,71,60,11,凱基-鳳山,2023-01-31,9274
8478,東哥遊艇,13,3,10,凱基-鳳山,2023-01-31,9274
6104,創惟,10,0,10,凱基-鳳山,2023-01-31,9274
00648R,元大S＆P500反1,10,0,10,凱基-鳳山,2023-01-31,9274
00654R,富邦印度反1,10,0,10,凱基-鳳山,2023-01-31,9274
00688L,國泰20年美債正2,10,0,10,凱基-鳳山,2023-01-31,9274
4306,炎洲,17,7,10,凱基-鳳山,2023-01-31,9274
6649,台生材,10,0,10,凱基-鳳山,2023-01-31,9274
8213,志超,10,0,10,凱基-鳳山,2023-01-31,9274
8215,明基材,10,0,10,凱基-鳳山,2023-01-31,9274
2618,長榮航,10,1,9,凱基-鳳山,2023-01-31,9274
3027,盛達,29,21,8,凱基-鳳山,2023-01-31,9274
00893,國泰智能電動車,9,1,8,凱基-鳳山,2023-01-31,9274
2338,光罩,8,1,7,凱基-鳳山,2023-01-31,9274
3056,富華新,7,0,7,凱基-鳳山,2023-01-31,9274
4114,健喬,7,0,7,凱基-鳳山,2023-01-31,9274
2412,中華電,6,0,6,凱基-鳳山,2023-01-31,9274
2030,彰源,6,0,6,凱基-鳳山,2023-01-31,9274
2408,南亞科,8,2,6,凱基-鳳山,2023-01-31,9274
2596,綠意,6,0,6,凱基-鳳山,2023-01-31,9274
4979,華星光,48,42,6,凱基-鳳山,2023-01-31,9274
00637L,元大滬深300正2,509,213,296,凱基-鳳山,2023-02-01,9274
2884,玉山金,110,2,108,凱基-鳳山,2023-02-01,9274
00680L,元大美債20正2,100,0,100,凱基-鳳山,2023-02-01,9274
00673R,期元大S＆P原油反1,101,6,95,凱基-鳳山,2023-02-01,9274
00905,FT臺灣Smart,52,0,52,凱基-鳳山,2023-02-01,9274
2409,友達,53,3,50,凱基-鳳山,2023-02-01,9274
1609,大亞,77,28,49,凱基-鳳山,2023-02-01,9274
3576,聯合再生,45,0,45,凱基-鳳山,2023-02-01,9274
8996,高力,94,51,43,凱基-鳳山,2023-02-01,9274
2614,東森,40,1,39,凱基-鳳山,2023-02-01,9274
2915,潤泰全,35,3,32,凱基-鳳山,2023-02-01,9274
0056,元大高股息,29,2,27,凱基-鳳山,2023-02-01,9274
00688L,國泰20年美債正2,25,0,25,凱基-鳳山,2023-02-01,9274
2609,陽明,25,1,24,凱基-鳳山,2023-02-01,9274
6026,福邦證,20,0,20,凱基-鳳山,2023-02-01,9274
3037,欣興,25,7,18,凱基-鳳山,2023-02-01,9274
00878,國泰永續高股息,19,2,17,凱基-鳳山,2023-02-01,9274
6806,森崴能源,26,10,16,凱基-鳳山,2023-02-01,9274
00640L,富邦日本正2,15,0,15,凱基-鳳山,2023-02-01,9274
2890,永豐金,15,0,15,凱基-鳳山,2023-02-01,9274
1513,中興電,38,24,14,凱基-鳳山,2023-02-01,9274
6550,北極星藥業-KY,15,1,14,凱基-鳳山,2023-02-01,9274
2834,臺企銀,15,1,14,凱基-鳳山,2023-02-01,9274
8478,東哥遊艇,18,6,12,凱基-鳳山,2023-02-01,9274
1519,華城,17,5,12,凱基-鳳山,2023-02-01,9274
2009,第一銅,42,30,12,凱基-鳳山,2023-02-01,9274
00907,永豐優息存股,10,0,10,凱基-鳳山,2023-02-01,9274
00648R,元大S＆P500反1,10,0,10,凱基-鳳山,2023-02-01,9274
1309,台達化,10,0,10,凱基-鳳山,2023-02-01,9274
1810,和成,12,2,10,凱基-鳳山,2023-02-01,9274
2201,裕隆,16,6,10,凱基-鳳山,2023-02-01,9274
2607,榮運,10,0,10,凱基-鳳山,2023-02-01,9274
2851,中再保,10,0,10,凱基-鳳山,2023-02-01,9274
2889,國票金,10,0,10,凱基-鳳山,2023-02-01,9274
3481,群創,9,0,9,凱基-鳳山,2023-02-01,9274
9928,中視,9,0,9,凱基-鳳山,2023-02-01,9274
00662,富邦NASDAQ,8,0,8,凱基-鳳山,2023-02-01,9274
2208,台船,20,12,8,凱基-鳳山,2023-02-01,9274
2412,中華電,8,0,8,凱基-鳳山,2023-02-01,9274
5009,榮剛,15,7,8,凱基-鳳山,2023-02-01,9274
00772B,中信高評級公司債,7,0,7,凱基-鳳山,2023-02-01,9274
1701,中化,12,5,7,凱基-鳳山,2023-02-01,9274
6202,盛群,9,2,7,凱基-鳳山,2023-02-01,9274
00888,永豐台灣ESG,6,0,6,凱基-鳳山,2023-02-01,9274
1443,立益物流,6,0,6,凱基-鳳山,2023-02-01,9274
4164,承業醫,7,1,6,凱基-鳳山,2023-02-01,9274
8050,廣積,8,2,6,凱基-鳳山,2023-02-01,9274
5388,中磊,7,1,6,凱基-鳳山,2023-02-01,9274
2891,中信金,5,0,5,凱基-鳳山,2023-02-01,9274
00752,中信中國50,5,0,5,凱基-鳳山,2023-02-01,9274
00632R,元大台灣50反1,366,10,356,凱基-鳳山,2023-02-02,9274
00637L,元大滬深300正2,650,450,200,凱基-鳳山,2023-02-02,9274
00878,國泰永續高股息,105,1,104,凱基-鳳山,2023-02-02,9274
1513,中興電,106,39,67,凱基-鳳山,2023-02-02,9274
1609,大亞,83,16,67,凱基-鳳山,2023-02-02,9274
8222,寶一,65,3,62,凱基-鳳山,2023-02-02,9274
00882,中信中國高股息,61,0,61,凱基-鳳山,2023-02-02,9274
8105,凌巨,61,0,61,凱基-鳳山,2023-02-02,9274
00680L,元大美債20正2,85,25,60,凱基-鳳山,2023-02-02,9274
2889,國票金,57,3,54,凱基-鳳山,2023-02-02,9274
00773B,中信優先金融債,55,2,53,凱基-鳳山,2023-02-02,9274
6443,元晶,99,49,50,凱基-鳳山,2023-02-02,9274
00772B,中信高評級公司債,48,0,48,凱基-鳳山,2023-02-02,9274
00885,富邦越南,51,5,46,凱基-鳳山,2023-02-02,9274
2618,長榮航,48,6,42,凱基-鳳山,2023-02-02,9274
1711,永光,41,0,41,凱基-鳳山,2023-02-02,9274
2892,第一金,37,0,37,凱基-鳳山,2023-02-02,9274
3037,欣興,41,10,31,凱基-鳳山,2023-02-02,9274
2317,鴻海,46,16,30,凱基-鳳山,2023-02-02,9274
4157,太景*-KY,30,0,30,凱基-鳳山,2023-02-02,9274
2884,玉山金,33,5,28,凱基-鳳山,2023-02-02,9274
1605,華新,32,8,24,凱基-鳳山,2023-02-02,9274
2201,裕隆,30,6,24,凱基-鳳山,2023-02-02,9274
2881,富邦金,35,14,21,凱基-鳳山,2023-02-02,9274
2014,中鴻,25,4,21,凱基-鳳山,2023-02-02,9274
6477,安集,22,1,21,凱基-鳳山,2023-02-02,9274
6129,普誠,31,10,21,凱基-鳳山,2023-02-02,9274
2412,中華電,20,0,20,凱基-鳳山,2023-02-02,9274
3576,聯合再生,20,0,20,凱基-鳳山,2023-02-02,9274
3481,群創,33,15,18,凱基-鳳山,2023-02-02,9274
00671R,富邦NASDAQ反1,20,5,15,凱基-鳳山,2023-02-02,9274
00753L,中信中國50正2,15,0,15,凱基-鳳山,2023-02-02,9274
2883,凱基金,14,1,13,凱基-鳳山,2023-02-02,9274
4114,健喬,16,4,12,凱基-鳳山,2023-02-02,9274
2413,環科,14,2,12,凱基-鳳山,2023-02-02,9274
4979,華星光,16,5,11,凱基-鳳山,2023-02-02,9274
1762,中化生,10,0,10,凱基-鳳山,2023-02-02,9274
2105,正新,10,0,10,凱基-鳳山,2023-02-02,9274
2208,台船,13,4,9,凱基-鳳山,2023-02-02,9274
2323,中環,9,0,9,凱基-鳳山,2023-02-02,9274
2363,矽統,12,3,9,凱基-鳳山,2023-02-02,9274
4123,晟德,9,0,9,凱基-鳳山,2023-02-02,9274
3141,晶宏,14,5,9,凱基-鳳山,2023-02-02,9274
6806,森崴能源,20,12,8,凱基-鳳山,2023-02-02,9274
2324,仁寶,8,0,8,凱基-鳳山,2023-02-02,9274
8358,金居,18,10,8,凱基-鳳山,2023-02-02,9274
2801,彰銀,8,0,8,凱基-鳳山,2023-02-02,9274
2402,毅嘉,8,1,7,凱基-鳳山,2023-02-02,9274
2468,華經,19,12,7,凱基-鳳山,2023-02-02,9274
3704,合勤控,14,8,6,凱基-鳳山,2023-02-02,9274
6118,建達,442,122,320,凱基-鳳山,2023-02-03,9274
00680L,元大美債20正2,250,20,230,凱基-鳳山,2023-02-03,9274
00637L,元大滬深300正2,821,600,221,凱基-鳳山,2023-02-03,9274
1305,華夏,52,1,51,凱基-鳳山,2023-02-03,9274
00669R,國泰美國道瓊反1,50,0,50,凱基-鳳山,2023-02-03,9274
3189,景碩,48,0,48,凱基-鳳山,2023-02-03,9274
2409,友達,45,1,44,凱基-鳳山,2023-02-03,9274
2014,中鴻,43,0,43,凱基-鳳山,2023-02-03,9274
00878,國泰永續高股息,39,0,39,凱基-鳳山,2023-02-03,9274
2618,長榮航,46,7,39,凱基-鳳山,2023-02-03,9274
00642U,期元大S＆P石油,38,0,38,凱基-鳳山,2023-02-03,9274
00882,中信中國高股息,34,5,29,凱基-鳳山,2023-02-03,9274
2367,燿華,28,0,28,凱基-鳳山,2023-02-03,9274
3037,欣興,30,2,28,凱基-鳳山,2023-02-03,9274
6443,元晶,47,22,25,凱基-鳳山,2023-02-03,9274
2354,鴻準,24,1,23,凱基-鳳山,2023-02-03,9274
2615,萬海,52,32,20,凱基-鳳山,2023-02-03,9274
00665L,富邦�琤肭磪囓�2,40,20,20,凱基-鳳山,2023-02-03,9274
1417,嘉裕,20,0,20,凱基-鳳山,2023-02-03,9274
6122,擎邦,20,0,20,凱基-鳳山,2023-02-03,9274
6290,良維,22,2,20,凱基-鳳山,2023-02-03,9274
2884,玉山金,19,0,19,凱基-鳳山,2023-02-03,9274
2105,正新,18,0,18,凱基-鳳山,2023-02-03,9274
1314,中石化,47,30,17,凱基-鳳山,2023-02-03,9274
2458,義隆,15,0,15,凱基-鳳山,2023-02-03,9274
2317,鴻海,14,0,14,凱基-鳳山,2023-02-03,9274
6284,佳邦,13,0,13,凱基-鳳山,2023-02-03,9274
8234,新漢,20,7,13,凱基-鳳山,2023-02-03,9274
6282,康舒,16,4,12,凱基-鳳山,2023-02-03,9274
5309,系統電,11,0,11,凱基-鳳山,2023-02-03,9274
1605,華新,24,13,11,凱基-鳳山,2023-02-03,9274
2388,威盛,29,19,10,凱基-鳳山,2023-02-03,9274
00752,中信中國50,10,0,10,凱基-鳳山,2023-02-03,9274
00762,元大全球AI,10,0,10,凱基-鳳山,2023-02-03,9274
00671R,富邦NASDAQ反1,10,0,10,凱基-鳳山,2023-02-03,9274
00907,永豐優息存股,10,0,10,凱基-鳳山,2023-02-03,9274
1442,名軒,10,0,10,凱基-鳳山,2023-02-03,9274
3046,建��,10,0,10,凱基-鳳山,2023-02-03,9274
3221,台嘉碩,10,0,10,凱基-鳳山,2023-02-03,9274
5871A,中租-KY甲特,10,0,10,凱基-鳳山,2023-02-03,9274
6215,和椿,10,0,10,凱基-鳳山,2023-02-03,9274
9946,三發地產,10,0,10,凱基-鳳山,2023-02-03,9274
2364,倫飛,11,2,9,凱基-鳳山,2023-02-03,9274
3051,力特,10,1,9,凱基-鳳山,2023-02-03,9274
5608,四維航,11,2,9,凱基-鳳山,2023-02-03,9274
00881,國泰台灣5G+,8,0,8,凱基-鳳山,2023-02-03,9274
2888,新光金,8,0,8,凱基-鳳山,2023-02-03,9274
00654R,富邦印度反1,8,0,8,凱基-鳳山,2023-02-03,9274
1762,中化生,8,0,8,凱基-鳳山,2023-02-03,9274
2369,菱生,10,2,8,凱基-鳳山,2023-02-03,9274
00680L,元大美債20正2,419,2,417,凱基-鳳山,2023-02-06,9274
00688L,國泰20年美債正2,161,0,161,凱基-鳳山,2023-02-06,9274
00878,國泰永續高股息,157,6,151,凱基-鳳山,2023-02-06,9274
2888A,新光金甲特,110,0,110,凱基-鳳山,2023-02-06,9274
6116,彩晶,69,2,67,凱基-鳳山,2023-02-06,9274
3035,智原,77,27,50,凱基-鳳山,2023-02-06,9274
8105,凌巨,50,0,50,凱基-鳳山,2023-02-06,9274
00665L,富邦�琤肭磪囓�2,105,70,35,凱基-鳳山,2023-02-06,9274
00882,中信中國高股息,28,0,28,凱基-鳳山,2023-02-06,9274
2208,台船,31,3,28,凱基-鳳山,2023-02-06,9274
2603,長榮,28,1,27,凱基-鳳山,2023-02-06,9274
00885,富邦越南,27,1,26,凱基-鳳山,2023-02-06,9274
2609,陽明,47,24,23,凱基-鳳山,2023-02-06,9274
2038,海光,20,0,20,凱基-鳳山,2023-02-06,9274
2634,漢翔,22,3,19,凱基-鳳山,2023-02-06,9274
00891,中信關鍵半導體,18,0,18,凱基-鳳山,2023-02-06,9274
2481,強茂,16,1,15,凱基-鳳山,2023-02-06,9274
2344,華邦電,18,4,14,凱基-鳳山,2023-02-06,9274
00712,復華富時不動產,14,0,14,凱基-鳳山,2023-02-06,9274
2303,聯電,28,14,14,凱基-鳳山,2023-02-06,9274
2449,京元電子,15,1,14,凱基-鳳山,2023-02-06,9274
2352,佳世達,13,0,13,凱基-鳳山,2023-02-06,9274
2596,綠意,13,0,13,凱基-鳳山,2023-02-06,9274
3037,欣興,34,21,13,凱基-鳳山,2023-02-06,9274
2105,正新,12,0,12,凱基-鳳山,2023-02-06,9274
00642U,期元大S＆P石油,11,0,11,凱基-鳳山,2023-02-06,9274
2022,聚亨,11,0,11,凱基-鳳山,2023-02-06,9274
6274,台燿,11,0,11,凱基-鳳山,2023-02-06,9274
00918,大華優利高填息30,10,0,10,凱基-鳳山,2023-02-06,9274
00907,永豐優息存股,10,0,10,凱基-鳳山,2023-02-06,9274
00770,國泰北美科技,10,0,10,凱基-鳳山,2023-02-06,9274
00648R,元大S＆P500反1,10,0,10,凱基-鳳山,2023-02-06,9274
1762,中化生,10,0,10,凱基-鳳山,2023-02-06,9274
2330,台積電,11,1,10,凱基-鳳山,2023-02-06,9274
2801,彰銀,11,2,9,凱基-鳳山,2023-02-06,9274
0050,元大台灣50,10,1,9,凱基-鳳山,2023-02-06,9274
0056,元大高股息,10,2,8,凱基-鳳山,2023-02-06,9274
00706L,期元大S＆P日圓正2,8,0,8,凱基-鳳山,2023-02-06,9274
2886,兆豐金,7,0,7,凱基-鳳山,2023-02-06,9274
2002,中鋼,7,0,7,凱基-鳳山,2023-02-06,9274
2888,新光金,6,0,6,凱基-鳳山,2023-02-06,9274
00637L,元大滬深300正2,306,300,6,凱基-鳳山,2023-02-06,9274
1605,華新,20,14,6,凱基-鳳山,2023-02-06,9274
2323,中環,6,0,6,凱基-鳳山,2023-02-06,9274
3481,群創,30,24,6,凱基-鳳山,2023-02-06,9274
8454,富邦媒,6,0,6,凱基-鳳山,2023-02-06,9274
2482,連宇,29,23,6,凱基-鳳山,2023-02-06,9274
6235,華孚,14,9,5,凱基-鳳山,2023-02-06,9274
00632R,元大台灣50反1,5,0,5,凱基-鳳山,2023-02-06,9274
00903,富邦元宇宙,5,0,5,凱基-鳳山,2023-02-06,9274
00632R,元大台灣50反1,120,1,119,凱基-鳳山,2023-02-07,9274
6116,彩晶,121,8,113,凱基-鳳山,2023-02-07,9274
00680L,元大美債20正2,95,0,95,凱基-鳳山,2023-02-07,9274
4167,松瑞藥,69,1,68,凱基-鳳山,2023-02-07,9274
6118,建達,47,4,43,凱基-鳳山,2023-02-07,9274
2888A,新光金甲特,40,0,40,凱基-鳳山,2023-02-07,9274
00878,國泰永續高股息,64,28,36,凱基-鳳山,2023-02-07,9274
00688L,國泰20年美債正2,35,0,35,凱基-鳳山,2023-02-07,9274
0056,元大高股息,35,1,34,凱基-鳳山,2023-02-07,9274
5864,致和證,31,1,30,凱基-鳳山,2023-02-07,9274
00885,富邦越南,24,0,24,凱基-鳳山,2023-02-07,9274
1605,華新,38,15,23,凱基-鳳山,2023-02-07,9274
4142,國光生,30,7,23,凱基-鳳山,2023-02-07,9274
2317,鴻海,25,2,23,凱基-鳳山,2023-02-07,9274
2358,廷鑫,22,0,22,凱基-鳳山,2023-02-07,9274
2009,第一銅,20,0,20,凱基-鳳山,2023-02-07,9274
2314,台揚,20,0,20,凱基-鳳山,2023-02-07,9274
4744,皇將,20,0,20,凱基-鳳山,2023-02-07,9274
4960,誠美材,20,0,20,凱基-鳳山,2023-02-07,9274
6546,正基,20,0,20,凱基-鳳山,2023-02-07,9274
2201,裕隆,24,6,18,凱基-鳳山,2023-02-07,9274
1795,美時,36,19,17,凱基-鳳山,2023-02-07,9274
2596,綠意,18,1,17,凱基-鳳山,2023-02-07,9274
3006,晶豪科,23,7,16,凱基-鳳山,2023-02-07,9274
2103,台橡,16,0,16,凱基-鳳山,2023-02-07,9274
1512,瑞利,15,0,15,凱基-鳳山,2023-02-07,9274
2498,宏達電,32,18,14,凱基-鳳山,2023-02-07,9274
3049,精金,14,0,14,凱基-鳳山,2023-02-07,9274
6282,康舒,25,11,14,凱基-鳳山,2023-02-07,9274
00670L,富邦NASDAQ正2,13,0,13,凱基-鳳山,2023-02-07,9274
1314,中石化,14,1,13,凱基-鳳山,2023-02-07,9274
2610,華航,14,1,13,凱基-鳳山,2023-02-07,9274
00720B,元大投資級公司債,11,0,11,凱基-鳳山,2023-02-07,9274
2892,第一金,11,0,11,凱基-鳳山,2023-02-07,9274
6274,台燿,11,0,11,凱基-鳳山,2023-02-07,9274
6770,力積電,13,2,11,凱基-鳳山,2023-02-07,9274
1714,和桐,10,0,10,凱基-鳳山,2023-02-07,9274
1752,南光,28,18,10,凱基-鳳山,2023-02-07,9274
2891,中信金,10,0,10,凱基-鳳山,2023-02-07,9274
4102,永日,10,0,10,凱基-鳳山,2023-02-07,9274
8436,大江,11,2,9,凱基-鳳山,2023-02-07,9274
8121,越峰,9,0,9,凱基-鳳山,2023-02-07,9274
2105,正新,8,0,8,凱基-鳳山,2023-02-07,9274
2399,映泰,8,0,8,凱基-鳳山,2023-02-07,9274
2495,普安,8,0,8,凱基-鳳山,2023-02-07,9274
00882,中信中國高股息,7,0,7,凱基-鳳山,2023-02-07,9274
1701,中化,12,5,7,凱基-鳳山,2023-02-07,9274
4736,泰博,9,2,7,凱基-鳳山,2023-02-07,9274
6284,佳邦,7,0,7,凱基-鳳山,2023-02-07,9274
8358,金居,14,7,7,凱基-鳳山,2023-02-07,9274
00680L,元大美債20正2,304,0,304,凱基-鳳山,2023-02-08,9274
00878,國泰永續高股息,83,1,82,凱基-鳳山,2023-02-08,9274
00688L,國泰20年美債正2,62,0,62,凱基-鳳山,2023-02-08,9274
4167,松瑞藥,50,2,48,凱基-鳳山,2023-02-08,9274
2884,玉山金,41,0,41,凱基-鳳山,2023-02-08,9274
00665L,富邦�琤肭磪囓�2,360,320,40,凱基-鳳山,2023-02-08,9274
2881,富邦金,38,1,37,凱基-鳳山,2023-02-08,9274
00632R,元大台灣50反1,36,0,36,凱基-鳳山,2023-02-08,9274
2201,裕隆,35,4,31,凱基-鳳山,2023-02-08,9274
1402,遠東新,30,0,30,凱基-鳳山,2023-02-08,9274
1718,中纖,30,0,30,凱基-鳳山,2023-02-08,9274
6770,力積電,29,4,25,凱基-鳳山,2023-02-08,9274
2883,凱基金,25,1,24,凱基-鳳山,2023-02-08,9274
6235,華孚,54,30,24,凱基-鳳山,2023-02-08,9274
5227,立凱-KY,22,0,22,凱基-鳳山,2023-02-08,9274
2329,華泰,21,0,21,凱基-鳳山,2023-02-08,9274
6509,聚和,30,9,21,凱基-鳳山,2023-02-08,9274
1584,精剛,35,15,20,凱基-鳳山,2023-02-08,9274
00720B,元大投資級公司債,18,0,18,凱基-鳳山,2023-02-08,9274
5905,南仁湖,20,3,17,凱基-鳳山,2023-02-08,9274
3017,奇鋐,18,2,16,凱基-鳳山,2023-02-08,9274
5880,合庫金,15,0,15,凱基-鳳山,2023-02-08,9274
6213,聯茂,15,0,15,凱基-鳳山,2023-02-08,9274
2308,台達電,14,0,14,凱基-鳳山,2023-02-08,9274
2603,長榮,13,0,13,凱基-鳳山,2023-02-08,9274
00679B,元大美債20年,13,0,13,凱基-鳳山,2023-02-08,9274
2027,大成鋼,13,0,13,凱基-鳳山,2023-02-08,9274
2368,金像電,15,2,13,凱基-鳳山,2023-02-08,9274
6531,愛普*,15,3,12,凱基-鳳山,2023-02-08,9274
2481,強茂,12,0,12,凱基-鳳山,2023-02-08,9274
6414,樺漢,12,0,12,凱基-鳳山,2023-02-08,9274
1524,耿鼎,13,2,11,凱基-鳳山,2023-02-08,9274
3706,神達,11,0,11,凱基-鳳山,2023-02-08,9274
1605,華新,25,15,10,凱基-鳳山,2023-02-08,9274
00752,中信中國50,10,0,10,凱基-鳳山,2023-02-08,9274
1219,福壽,10,0,10,凱基-鳳山,2023-02-08,9274
1762,中化生,10,0,10,凱基-鳳山,2023-02-08,9274
6282,康舒,13,4,9,凱基-鳳山,2023-02-08,9274
3673,TPK-KY,9,0,9,凱基-鳳山,2023-02-08,9274
6217,中探針,9,0,9,凱基-鳳山,2023-02-08,9274
00905,FT臺灣Smart,8,0,8,凱基-鳳山,2023-02-08,9274
6443,元晶,9,1,8,凱基-鳳山,2023-02-08,9274
8927,北基,8,0,8,凱基-鳳山,2023-02-08,9274
00780B,國泰A級金融債,7,0,7,凱基-鳳山,2023-02-08,9274
1529,樂事綠能,10,3,7,凱基-鳳山,2023-02-08,9274
2609,陽明,12,5,7,凱基-鳳山,2023-02-08,9274
2888,新光金,7,0,7,凱基-鳳山,2023-02-08,9274
4979,華星光,9,2,7,凱基-鳳山,2023-02-08,9274
6165,浪凡,7,0,7,凱基-鳳山,2023-02-08,9274
8171,天宇,14,7,7,凱基-鳳山,2023-02-08,9274
00632R,元大台灣50反1,340,5,335,凱基-鳳山,2023-02-09,9274
4167,松瑞藥,166,10,156,凱基-鳳山,2023-02-09,9274
2317,鴻海,99,3,96,凱基-鳳山,2023-02-09,9274
00673R,期元大S＆P原油反1,92,0,92,凱基-鳳山,2023-02-09,9274
2344,華邦電,116,28,88,凱基-鳳山,2023-02-09,9274
2498,宏達電,62,26,36,凱基-鳳山,2023-02-09,9274
00878,國泰永續高股息,34,2,32,凱基-鳳山,2023-02-09,9274
1402,遠東新,30,0,30,凱基-鳳山,2023-02-09,9274
3035,智原,146,117,29,凱基-鳳山,2023-02-09,9274
4979,華星光,33,11,22,凱基-鳳山,2023-02-09,9274
2302,麗正,22,1,21,凱基-鳳山,2023-02-09,9274
8072,陞泰,21,0,21,凱基-鳳山,2023-02-09,9274
00720B,元大投資級公司債,20,0,20,凱基-鳳山,2023-02-09,9274
1442,名軒,20,0,20,凱基-鳳山,2023-02-09,9274
5388,中磊,20,0,20,凱基-鳳山,2023-02-09,9274
4529,淳紳,17,0,17,凱基-鳳山,2023-02-09,9274
00680L,元大美債20正2,16,0,16,凱基-鳳山,2023-02-09,9274
3576,聯合再生,21,6,15,凱基-鳳山,2023-02-09,9274
2413,環科,21,6,15,凱基-鳳山,2023-02-09,9274
4533,協易機,15,0,15,凱基-鳳山,2023-02-09,9274
00885,富邦越南,14,0,14,凱基-鳳山,2023-02-09,9274
2327,國巨,17,4,13,凱基-鳳山,2023-02-09,9274
6290,良維,15,2,13,凱基-鳳山,2023-02-09,9274
2308,台達電,11,0,11,凱基-鳳山,2023-02-09,9274
6150,撼訊,10,0,10,凱基-鳳山,2023-02-09,9274
00900,富邦特選高股息30,10,0,10,凱基-鳳山,2023-02-09,9274
00676R,富邦臺灣加權反1,10,0,10,凱基-鳳山,2023-02-09,9274
1512,瑞利,10,0,10,凱基-鳳山,2023-02-09,9274
2367,燿華,10,0,10,凱基-鳳山,2023-02-09,9274
2427,三商電,10,0,10,凱基-鳳山,2023-02-09,9274
3046,建��,11,1,10,凱基-鳳山,2023-02-09,9274
3419,譁裕,10,0,10,凱基-鳳山,2023-02-09,9274
3680,家登,10,0,10,凱基-鳳山,2023-02-09,9274
3710,連展投控,14,4,10,凱基-鳳山,2023-02-09,9274
2834,臺企銀,10,0,10,凱基-鳳山,2023-02-09,9274
2610,華航,9,0,9,凱基-鳳山,2023-02-09,9274
6550,北極星藥業-KY,21,12,9,凱基-鳳山,2023-02-09,9274
4736,泰博,9,0,9,凱基-鳳山,2023-02-09,9274
0061,元大寶滬深,8,0,8,凱基-鳳山,2023-02-09,9274
3444,利機,8,0,8,凱基-鳳山,2023-02-09,9274
4931,新盛力,90,82,8,凱基-鳳山,2023-02-09,9274
3481,群創,15,8,7,凱基-鳳山,2023-02-09,9274
2615,萬海,8,2,6,凱基-鳳山,2023-02-09,9274
00919,群益台灣精選高息,6,0,6,凱基-鳳山,2023-02-09,9274
00907,永豐優息存股,6,0,6,凱基-鳳山,2023-02-09,9274
00654R,富邦印度反1,6,0,6,凱基-鳳山,2023-02-09,9274
2468,華經,7,1,6,凱基-鳳山,2023-02-09,9274
2882,國泰金,6,0,6,凱基-鳳山,2023-02-09,9274
4128,中天,11,5,6,凱基-鳳山,2023-02-09,9274
4142,國光生,15,9,6,凱基-鳳山,2023-02-09,9274
6116,彩晶,203,0,203,凱基-鳳山,2023-02-10,9274
4167,松瑞藥,135,3,132,凱基-鳳山,2023-02-10,9274
00637L,元大滬深300正2,330,200,130,凱基-鳳山,2023-02-10,9274
00665L,富邦�琤肭磪囓�2,120,0,120,凱基-鳳山,2023-02-10,9274
2344,華邦電,72,8,64,凱基-鳳山,2023-02-10,9274
3594,磐儀,186,134,52,凱基-鳳山,2023-02-10,9274
00878,國泰永續高股息,99,54,45,凱基-鳳山,2023-02-10,9274
2610,華航,72,30,42,凱基-鳳山,2023-02-10,9274
3035,智原,116,76,40,凱基-鳳山,2023-02-10,9274
00902,中信電池及儲能,40,1,39,凱基-鳳山,2023-02-10,9274
2883,凱基金,36,0,36,凱基-鳳山,2023-02-10,9274
00671R,富邦NASDAQ反1,35,0,35,凱基-鳳山,2023-02-10,9274
1605,華新,43,11,32,凱基-鳳山,2023-02-10,9274
1513,中興電,79,50,29,凱基-鳳山,2023-02-10,9274
6217,中探針,31,2,29,凱基-鳳山,2023-02-10,9274
2201,裕隆,32,5,27,凱基-鳳山,2023-02-10,9274
0056,元大高股息,24,0,24,凱基-鳳山,2023-02-10,9274
5009,榮剛,24,2,22,凱基-鳳山,2023-02-10,9274
00753L,中信中國50正2,21,0,21,凱基-鳳山,2023-02-10,9274
2105,正新,21,0,21,凱基-鳳山,2023-02-10,9274
00679B,元大美債20年,20,0,20,凱基-鳳山,2023-02-10,9274
6153,嘉聯益,20,0,20,凱基-鳳山,2023-02-10,9274
00903,富邦元宇宙,20,0,20,凱基-鳳山,2023-02-10,9274
6266,泰詠,31,15,16,凱基-鳳山,2023-02-10,9274
6443,元晶,25,10,15,凱基-鳳山,2023-02-10,9274
3037,欣興,15,0,15,凱基-鳳山,2023-02-10,9274
6269,台郡,14,0,14,凱基-鳳山,2023-02-10,9274
2009,第一銅,14,0,14,凱基-鳳山,2023-02-10,9274
1314,中石化,13,0,13,凱基-鳳山,2023-02-10,9274
3444,利機,14,1,13,凱基-鳳山,2023-02-10,9274
2618,長榮航,15,3,12,凱基-鳳山,2023-02-10,9274
6274,台燿,24,12,12,凱基-鳳山,2023-02-10,9274
8358,金居,12,0,12,凱基-鳳山,2023-02-10,9274
00720B,元大投資級公司債,10,0,10,凱基-鳳山,2023-02-10,9274
2314,台揚,10,0,10,凱基-鳳山,2023-02-10,9274
2481,強茂,11,1,10,凱基-鳳山,2023-02-10,9274
2607,榮運,10,0,10,凱基-鳳山,2023-02-10,9274
2888,新光金,10,0,10,凱基-鳳山,2023-02-10,9274
3006,晶豪科,15,5,10,凱基-鳳山,2023-02-10,9274
6411,晶焱,10,0,10,凱基-鳳山,2023-02-10,9274
2208,台船,10,1,9,凱基-鳳山,2023-02-10,9274
2328,廣宇,13,4,9,凱基-鳳山,2023-02-10,9274
2457,飛宏,9,0,9,凱基-鳳山,2023-02-10,9274
2409,友達,9,1,8,凱基-鳳山,2023-02-10,9274
4306,炎洲,10,2,8,凱基-鳳山,2023-02-10,9274
5227,立凱-KY,9,1,8,凱基-鳳山,2023-02-10,9274
2453,凌群,146,139,7,凱基-鳳山,2023-02-10,9274
00680L,元大美債20正2,11,4,7,凱基-鳳山,2023-02-10,9274
00772B,中信高評級公司債,7,0,7,凱基-鳳山,2023-02-10,9274
00751B,元大AAA至A公司債,7,0,7,凱基-鳳山,2023-02-10,9274
6116,彩晶,175,2,173,凱基-鳳山,2023-02-13,9274
00680L,元大美債20正2,141,0,141,凱基-鳳山,2023-02-13,9274
00688L,國泰20年美債正2,140,0,140,凱基-鳳山,2023-02-13,9274
00878,國泰永續高股息,107,5,102,凱基-鳳山,2023-02-13,9274
00670L,富邦NASDAQ正2,86,0,86,凱基-鳳山,2023-02-13,9274
5009,榮剛,82,1,81,凱基-鳳山,2023-02-13,9274
2409,友達,77,4,73,凱基-鳳山,2023-02-13,9274
1314,中石化,40,0,40,凱基-鳳山,2023-02-13,9274
00632R,元大台灣50反1,50,10,40,凱基-鳳山,2023-02-13,9274
00673R,期元大S＆P原油反1,36,0,36,凱基-鳳山,2023-02-13,9274
6770,力積電,49,14,35,凱基-鳳山,2023-02-13,9274
2641,正德,30,0,30,凱基-鳳山,2023-02-13,9274
3481,群創,31,1,30,凱基-鳳山,2023-02-13,9274
2748,雲品,32,3,29,凱基-鳳山,2023-02-13,9274
1584,精剛,23,1,22,凱基-鳳山,2023-02-13,9274
2352,佳世達,22,0,22,凱基-鳳山,2023-02-13,9274
3217,優群,24,3,21,凱基-鳳山,2023-02-13,9274
6603,富強鑫,21,0,21,凱基-鳳山,2023-02-13,9274
00903,富邦元宇宙,20,0,20,凱基-鳳山,2023-02-13,9274
4979,華星光,24,4,20,凱基-鳳山,2023-02-13,9274
6122,擎邦,20,0,20,凱基-鳳山,2023-02-13,9274
00671R,富邦NASDAQ反1,38,20,18,凱基-鳳山,2023-02-13,9274
2358,廷鑫,18,0,18,凱基-鳳山,2023-02-13,9274
2881,富邦金,29,11,18,凱基-鳳山,2023-02-13,9274
00679B,元大美債20年,17,0,17,凱基-鳳山,2023-02-13,9274
00772B,中信高評級公司債,16,0,16,凱基-鳳山,2023-02-13,9274
2609,陽明,18,3,15,凱基-鳳山,2023-02-13,9274
1101,台泥,17,2,15,凱基-鳳山,2023-02-13,9274
6235,華孚,47,33,14,凱基-鳳山,2023-02-13,9274
1605,華新,16,3,13,凱基-鳳山,2023-02-13,9274
1444,力麗,12,0,12,凱基-鳳山,2023-02-13,9274
2392,正崴,12,0,12,凱基-鳳山,2023-02-13,9274
8033,雷虎,21,10,11,凱基-鳳山,2023-02-13,9274
00648R,元大S＆P500反1,10,0,10,凱基-鳳山,2023-02-13,9274
2312,金寶,11,1,10,凱基-鳳山,2023-02-13,9274
2427,三商電,10,0,10,凱基-鳳山,2023-02-13,9274
4564,元翎,10,0,10,凱基-鳳山,2023-02-13,9274
5546,永固-KY,10,0,10,凱基-鳳山,2023-02-13,9274
6129,普誠,10,0,10,凱基-鳳山,2023-02-13,9274
8155,博智,12,2,10,凱基-鳳山,2023-02-13,9274
2453,凌群,14,5,9,凱基-鳳山,2023-02-13,9274
1701,中化,16,8,8,凱基-鳳山,2023-02-13,9274
5608,四維航,8,0,8,凱基-鳳山,2023-02-13,9274
6217,中探針,10,2,8,凱基-鳳山,2023-02-13,9274
2889,國票金,7,0,7,凱基-鳳山,2023-02-13,9274
3024,憶聲,7,0,7,凱基-鳳山,2023-02-13,9274
3363,上詮,7,0,7,凱基-鳳山,2023-02-13,9274
4707,磐亞,7,0,7,凱基-鳳山,2023-02-13,9274
2303,聯電,15,9,6,凱基-鳳山,2023-02-13,9274
00907,永豐優息存股,6,0,6,凱基-鳳山,2023-02-13,9274
00878,國泰永續高股息,134,30,104,凱基-鳳山,2023-02-14,9274
00680L,元大美債20正2,82,0,82,凱基-鳳山,2023-02-14,9274
00632R,元大台灣50反1,67,0,67,凱基-鳳山,2023-02-14,9274
8222,寶一,86,36,50,凱基-鳳山,2023-02-14,9274
1513,中興電,104,55,49,凱基-鳳山,2023-02-14,9274
2504,國產,47,1,46,凱基-鳳山,2023-02-14,9274
2453,凌群,123,81,42,凱基-鳳山,2023-02-14,9274
00900,富邦特選高股息30,32,0,32,凱基-鳳山,2023-02-14,9274
3035,智原,66,40,26,凱基-鳳山,2023-02-14,9274
2884,玉山金,24,0,24,凱基-鳳山,2023-02-14,9274
00673R,期元大S＆P原油反1,23,0,23,凱基-鳳山,2023-02-14,9274
2314,台揚,17,0,17,凱基-鳳山,2023-02-14,9274
4114,健喬,39,22,17,凱基-鳳山,2023-02-14,9274
00675L,富邦臺灣加權正2,16,0,16,凱基-鳳山,2023-02-14,9274
3217,優群,15,0,15,凱基-鳳山,2023-02-14,9274
2891,中信金,17,2,15,凱基-鳳山,2023-02-14,9274
8234,新漢,15,0,15,凱基-鳳山,2023-02-14,9274
3527,聚積,11,0,11,凱基-鳳山,2023-02-14,9274
6756,威鋒電子,11,0,11,凱基-鳳山,2023-02-14,9274
6806,森崴能源,15,4,11,凱基-鳳山,2023-02-14,9274
00648R,元大S＆P500反1,10,0,10,凱基-鳳山,2023-02-14,9274
00671R,富邦NASDAQ反1,25,15,10,凱基-鳳山,2023-02-14,9274
1584,精剛,10,0,10,凱基-鳳山,2023-02-14,9274
2722,夏都,10,0,10,凱基-鳳山,2023-02-14,9274
3363,上詮,10,0,10,凱基-鳳山,2023-02-14,9274
3624,光頡,12,2,10,凱基-鳳山,2023-02-14,9274
1734,杏輝,9,0,9,凱基-鳳山,2023-02-14,9274
1720,生達,9,2,7,凱基-鳳山,2023-02-14,9274
3693,營邦,8,1,7,凱基-鳳山,2023-02-14,9274
6245,立端,13,6,7,凱基-鳳山,2023-02-14,9274
2364,倫飛,6,0,6,凱基-鳳山,2023-02-14,9274
2885,元大金,6,1,5,凱基-鳳山,2023-02-14,9274
00679B,元大美債20年,5,0,5,凱基-鳳山,2023-02-14,9274
8996,高力,21,16,5,凱基-鳳山,2023-02-14,9274
00637L,元大滬深300正2,5,0,5,凱基-鳳山,2023-02-14,9274
00772B,中信高評級公司債,5,0,5,凱基-鳳山,2023-02-14,9274
00752,中信中國50,5,0,5,凱基-鳳山,2023-02-14,9274
1785,光洋科,5,0,5,凱基-鳳山,2023-02-14,9274
2413,環科,5,0,5,凱基-鳳山,2023-02-14,9274
2427,三商電,5,0,5,凱基-鳳山,2023-02-14,9274
3289,宜特,7,2,5,凱基-鳳山,2023-02-14,9274
6789,采鈺,8,3,5,凱基-鳳山,2023-02-14,9274
8087,麗升能源,5,0,5,凱基-鳳山,2023-02-14,9274
9902,台火,5,0,5,凱基-鳳山,2023-02-14,9274
00720B,元大投資級公司債,4,0,4,凱基-鳳山,2023-02-14,9274
00882,中信中國高股息,4,0,4,凱基-鳳山,2023-02-14,9274
1342,八貫,15,11,4,凱基-鳳山,2023-02-14,9274
1442,名軒,4,0,4,凱基-鳳山,2023-02-14,9274
2596,綠意,4,0,4,凱基-鳳山,2023-02-14,9274
2883,凱基金,7,3,4,凱基-鳳山,2023-02-14,9274
3481,群創,375,36,339,凱基-鳳山,2023-02-15,9274
00673R,期元大S＆P原油反1,170,20,150,凱基-鳳山,2023-02-15,9274
2324,仁寶,150,0,150,凱基-鳳山,2023-02-15,9274
2610,華航,166,27,139,凱基-鳳山,2023-02-15,9274
00878,國泰永續高股息,122,13,109,凱基-鳳山,2023-02-15,9274
3035,智原,176,75,101,凱基-鳳山,2023-02-15,9274
00632R,元大台灣50反1,98,20,78,凱基-鳳山,2023-02-15,9274
6142,友勁,60,5,55,凱基-鳳山,2023-02-15,9274
2409,友達,93,48,45,凱基-鳳山,2023-02-15,9274
1101,台泥,49,10,39,凱基-鳳山,2023-02-15,9274
9945,潤泰新,30,0,30,凱基-鳳山,2023-02-15,9274
3013,晟銘電,31,4,27,凱基-鳳山,2023-02-15,9274
4114,健喬,28,4,24,凱基-鳳山,2023-02-15,9274
8050,廣積,23,1,22,凱基-鳳山,2023-02-15,9274
00692,富邦公司治理,17,0,17,凱基-鳳山,2023-02-15,9274
2603,長榮,29,14,15,凱基-鳳山,2023-02-15,9274
1512,瑞利,15,0,15,凱基-鳳山,2023-02-15,9274
3105,穩懋,15,1,14,凱基-鳳山,2023-02-15,9274
2330,台積電,20,7,13,凱基-鳳山,2023-02-15,9274
1609,大亞,26,14,12,凱基-鳳山,2023-02-15,9274
2014,中鴻,12,0,12,凱基-鳳山,2023-02-15,9274
00665L,富邦�琤肭磪囓�2,62,50,12,凱基-鳳山,2023-02-15,9274
00882,中信中國高股息,13,1,12,凱基-鳳山,2023-02-15,9274
2596,綠意,12,0,12,凱基-鳳山,2023-02-15,9274
2723,美食-KY,14,2,12,凱基-鳳山,2023-02-15,9274
2471,資通,26,14,12,凱基-鳳山,2023-02-15,9274
00772B,中信高評級公司債,11,0,11,凱基-鳳山,2023-02-15,9274
1219,福壽,11,0,11,凱基-鳳山,2023-02-15,9274
00900,富邦特選高股息30,11,0,11,凱基-鳳山,2023-02-15,9274
2834,臺企銀,11,0,11,凱基-鳳山,2023-02-15,9274
4306,炎洲,19,8,11,凱基-鳳山,2023-02-15,9274
00905,FT臺灣Smart,10,0,10,凱基-鳳山,2023-02-15,9274
00688L,國泰20年美債正2,10,0,10,凱基-鳳山,2023-02-15,9274
00680L,元大美債20正2,10,0,10,凱基-鳳山,2023-02-15,9274
00664R,國泰臺灣加權反1,10,0,10,凱基-鳳山,2023-02-15,9274
2882,國泰金,12,2,10,凱基-鳳山,2023-02-15,9274
1442,名軒,9,0,9,凱基-鳳山,2023-02-15,9274
3444,利機,10,1,9,凱基-鳳山,2023-02-15,9274
2881,富邦金,12,4,8,凱基-鳳山,2023-02-15,9274
00780B,國泰A級金融債,8,0,8,凱基-鳳山,2023-02-15,9274
3006,晶豪科,10,2,8,凱基-鳳山,2023-02-15,9274
4106,雃博,8,0,8,凱基-鳳山,2023-02-15,9274
8028,昇陽半導體,8,0,8,凱基-鳳山,2023-02-15,9274
1529,樂事綠能,30,22,8,凱基-鳳山,2023-02-15,9274
8033,雷虎,9,1,8,凱基-鳳山,2023-02-15,9274
00631L,元大台灣50正2,8,1,7,凱基-鳳山,2023-02-15,9274
2344,華邦電,8,1,7,凱基-鳳山,2023-02-15,9274
2468,華經,7,0,7,凱基-鳳山,2023-02-15,9274
2002,中鋼,6,0,6,凱基-鳳山,2023-02-15,9274
1451,年興,6,0,6,凱基-鳳山,2023-02-15,9274
4960,誠美材,576,116,460,凱基-鳳山,2023-02-16,9274
2897,王道銀行,160,5,155,凱基-鳳山,2023-02-16,9274
00673R,期元大S＆P原油反1,102,10,92,凱基-鳳山,2023-02-16,9274
00878,國泰永續高股息,105,51,54,凱基-鳳山,2023-02-16,9274
8033,雷虎,46,0,46,凱基-鳳山,2023-02-16,9274
1101,台泥,41,1,40,凱基-鳳山,2023-02-16,9274
1605,華新,140,100,40,凱基-鳳山,2023-02-16,9274
2014,中鴻,50,16,34,凱基-鳳山,2023-02-16,9274
6244,茂迪,35,1,34,凱基-鳳山,2023-02-16,9274
3710,連展投控,29,0,29,凱基-鳳山,2023-02-16,9274
3189,景碩,23,0,23,凱基-鳳山,2023-02-16,9274
4167,松瑞藥,25,3,22,凱基-鳳山,2023-02-16,9274
00679B,元大美債20年,20,0,20,凱基-鳳山,2023-02-16,9274
2369,菱生,21,1,20,凱基-鳳山,2023-02-16,9274
4744,皇將,20,0,20,凱基-鳳山,2023-02-16,9274
6550,北極星藥業-KY,23,4,19,凱基-鳳山,2023-02-16,9274
00632R,元大台灣50反1,21,3,18,凱基-鳳山,2023-02-16,9274
1733,五鼎,18,0,18,凱基-鳳山,2023-02-16,9274
2303,聯電,32,14,18,凱基-鳳山,2023-02-16,9274
2609,陽明,17,0,17,凱基-鳳山,2023-02-16,9274
3264,欣銓,17,0,17,凱基-鳳山,2023-02-16,9274
1708,東鹼,16,0,16,凱基-鳳山,2023-02-16,9274
00706L,期元大S＆P日圓正2,15,0,15,凱基-鳳山,2023-02-16,9274
00680L,元大美債20正2,14,0,14,凱基-鳳山,2023-02-16,9274
1342,八貫,26,12,14,凱基-鳳山,2023-02-16,9274
3356,奇偶,12,0,12,凱基-鳳山,2023-02-16,9274
3594,磐儀,13,1,12,凱基-鳳山,2023-02-16,9274
3591,艾笛森,12,1,11,凱基-鳳山,2023-02-16,9274
3037,欣興,32,21,11,凱基-鳳山,2023-02-16,9274
00676R,富邦臺灣加權反1,10,0,10,凱基-鳳山,2023-02-16,9274
00664R,國泰臺灣加權反1,10,0,10,凱基-鳳山,2023-02-16,9274
00751B,元大AAA至A公司債,10,0,10,凱基-鳳山,2023-02-16,9274
1529,樂事綠能,20,10,10,凱基-鳳山,2023-02-16,9274
2596,綠意,10,0,10,凱基-鳳山,2023-02-16,9274
2888,新光金,10,0,10,凱基-鳳山,2023-02-16,9274
3257,虹冠電,10,0,10,凱基-鳳山,2023-02-16,9274
5880,合庫金,10,0,10,凱基-鳳山,2023-02-16,9274
8227,巨有科技,9,0,9,凱基-鳳山,2023-02-16,9274
00772B,中信高評級公司債,9,0,9,凱基-鳳山,2023-02-16,9274
00631L,元大台灣50正2,9,0,9,凱基-鳳山,2023-02-16,9274
5706,鳳凰,14,5,9,凱基-鳳山,2023-02-16,9274
5386,青雲,9,1,8,凱基-鳳山,2023-02-16,9274
6026,福邦證,8,0,8,凱基-鳳山,2023-02-16,9274
6712,長聖,13,5,8,凱基-鳳山,2023-02-16,9274
8234,新漢,12,4,8,凱基-鳳山,2023-02-16,9274
2465,麗臺,7,0,7,凱基-鳳山,2023-02-16,9274
5905,南仁湖,8,1,7,凱基-鳳山,2023-02-16,9274
00892,富邦台灣半導體,6,0,6,凱基-鳳山,2023-02-16,9274
3027,盛達,9,3,6,凱基-鳳山,2023-02-16,9274
3090,日電貿,6,0,6,凱基-鳳山,2023-02-16,9274
00637L,元大滬深300正2,1050,400,650,凱基-鳳山,2023-02-17,9274
00673R,期元大S＆P原油反1,300,0,300,凱基-鳳山,2023-02-17,9274
3035,智原,199,33,166,凱基-鳳山,2023-02-17,9274
00671R,富邦NASDAQ反1,96,5,91,凱基-鳳山,2023-02-17,9274
00632R,元大台灣50反1,100,10,90,凱基-鳳山,2023-02-17,9274
2324,仁寶,71,0,71,凱基-鳳山,2023-02-17,9274
2368,金像電,50,1,49,凱基-鳳山,2023-02-17,9274
00665L,富邦�琤肭磪囓�2,32,0,32,凱基-鳳山,2023-02-17,9274
00679B,元大美債20年,32,0,32,凱基-鳳山,2023-02-17,9274
00680L,元大美債20正2,97,70,27,凱基-鳳山,2023-02-17,9274
6245,立端,35,9,26,凱基-鳳山,2023-02-17,9274
3466,德晉,25,0,25,凱基-鳳山,2023-02-17,9274
2618,長榮航,65,41,24,凱基-鳳山,2023-02-17,9274
8996,高力,30,7,23,凱基-鳳山,2023-02-17,9274
00713,元大台灣高息低波,20,0,20,凱基-鳳山,2023-02-17,9274
2736,富野,24,4,20,凱基-鳳山,2023-02-17,9274
3704,合勤控,20,0,20,凱基-鳳山,2023-02-17,9274
00670L,富邦NASDAQ正2,17,0,17,凱基-鳳山,2023-02-17,9274
6235,華孚,62,45,17,凱基-鳳山,2023-02-17,9274
3189,景碩,16,0,16,凱基-鳳山,2023-02-17,9274
6179,亞通,16,0,16,凱基-鳳山,2023-02-17,9274
2887,台新金,21,5,16,凱基-鳳山,2023-02-17,9274
00878,國泰永續高股息,56,42,14,凱基-鳳山,2023-02-17,9274
00882,中信中國高股息,13,0,13,凱基-鳳山,2023-02-17,9274
1442,名軒,13,0,13,凱基-鳳山,2023-02-17,9274
2481,強茂,13,0,13,凱基-鳳山,2023-02-17,9274
2327,國巨,19,6,13,凱基-鳳山,2023-02-17,9274
00888,永豐台灣ESG,12,0,12,凱基-鳳山,2023-02-17,9274
1817,凱撒衛,12,0,12,凱基-鳳山,2023-02-17,9274
3545,敦泰,12,0,12,凱基-鳳山,2023-02-17,9274
5905,南仁湖,24,13,11,凱基-鳳山,2023-02-17,9274
00895,富邦未來車,11,0,11,凱基-鳳山,2023-02-17,9274
6274,台燿,11,0,11,凱基-鳳山,2023-02-17,9274
00664R,國泰臺灣加權反1,10,0,10,凱基-鳳山,2023-02-17,9274
2305,全友,10,0,10,凱基-鳳山,2023-02-17,9274
2427,三商電,10,0,10,凱基-鳳山,2023-02-17,9274
2641,正德,10,0,10,凱基-鳳山,2023-02-17,9274
4945,陞達科技,10,0,10,凱基-鳳山,2023-02-17,9274
5371,中光電,10,1,9,凱基-鳳山,2023-02-17,9274
2412,中華電,9,0,9,凱基-鳳山,2023-02-17,9274
5525,順天,9,0,9,凱基-鳳山,2023-02-17,9274
2886,兆豐金,8,0,8,凱基-鳳山,2023-02-17,9274
6443,元晶,12,4,8,凱基-鳳山,2023-02-17,9274
6547,高端疫苗,8,0,8,凱基-鳳山,2023-02-17,9274
2330,台積電,11,3,8,凱基-鳳山,2023-02-17,9274
0056,元大高股息,7,0,7,凱基-鳳山,2023-02-17,9274
1314,中石化,10,3,7,凱基-鳳山,2023-02-17,9274
8043,蜜望實,9,2,7,凱基-鳳山,2023-02-17,9274
00893,國泰智能電動車,6,0,6,凱基-鳳山,2023-02-17,9274
2603,長榮,6,0,6,凱基-鳳山,2023-02-17,9274
2851,中再保,244,0,244,凱基-鳳山,2023-02-20,9274
3035,智原,163,69,94,凱基-鳳山,2023-02-20,9274
2885,元大金,69,0,69,凱基-鳳山,2023-02-20,9274
1314,中石化,82,13,69,凱基-鳳山,2023-02-20,9274
4526,東台,53,3,50,凱基-鳳山,2023-02-20,9274
2618,長榮航,191,147,44,凱基-鳳山,2023-02-20,9274
2610,華航,53,19,34,凱基-鳳山,2023-02-20,9274
4167,松瑞藥,30,0,30,凱基-鳳山,2023-02-20,9274
3665,貿聯-KY,29,1,28,凱基-鳳山,2023-02-20,9274
2329,華泰,27,0,27,凱基-鳳山,2023-02-20,9274
6235,華孚,69,43,26,凱基-鳳山,2023-02-20,9274
6266,泰詠,31,6,25,凱基-鳳山,2023-02-20,9274
2009,第一銅,22,1,21,凱基-鳳山,2023-02-20,9274
6234,高僑,20,0,20,凱基-鳳山,2023-02-20,9274
00903,富邦元宇宙,20,0,20,凱基-鳳山,2023-02-20,9274
00670L,富邦NASDAQ正2,29,9,20,凱基-鳳山,2023-02-20,9274
1442,名軒,20,0,20,凱基-鳳山,2023-02-20,9274
1444,力麗,20,0,20,凱基-鳳山,2023-02-20,9274
2707,晶華,20,0,20,凱基-鳳山,2023-02-20,9274
3224,三顧,22,2,20,凱基-鳳山,2023-02-20,9274
00665L,富邦�琤肭磪囓�2,23,5,18,凱基-鳳山,2023-02-20,9274
2441,超豐,18,0,18,凱基-鳳山,2023-02-20,9274
3189,景碩,18,0,18,凱基-鳳山,2023-02-20,9274
8050,廣積,20,2,18,凱基-鳳山,2023-02-20,9274
2344,華邦電,22,5,17,凱基-鳳山,2023-02-20,9274
8016,矽創,20,3,17,凱基-鳳山,2023-02-20,9274
00885,富邦越南,16,0,16,凱基-鳳山,2023-02-20,9274
00637L,元大滬深300正2,116,100,16,凱基-鳳山,2023-02-20,9274
3149,正達,16,0,16,凱基-鳳山,2023-02-20,9274
8028,昇陽半導體,20,4,16,凱基-鳳山,2023-02-20,9274
0056,元大高股息,19,4,15,凱基-鳳山,2023-02-20,9274
2712,遠雄來,15,0,15,凱基-鳳山,2023-02-20,9274
2884,玉山金,18,4,14,凱基-鳳山,2023-02-20,9274
2605,新興,15,3,12,凱基-鳳山,2023-02-20,9274
00772B,中信高評級公司債,11,0,11,凱基-鳳山,2023-02-20,9274
00902,中信電池及儲能,11,0,11,凱基-鳳山,2023-02-20,9274
8358,金居,15,4,11,凱基-鳳山,2023-02-20,9274
6120,達運,10,0,10,凱基-鳳山,2023-02-20,9274
2328,廣宇,10,0,10,凱基-鳳山,2023-02-20,9274
3163,波若威,10,0,10,凱基-鳳山,2023-02-20,9274
4934,太極,10,0,10,凱基-鳳山,2023-02-20,9274
00679B,元大美債20年,11,1,10,凱基-鳳山,2023-02-20,9274
1512,瑞利,10,0,10,凱基-鳳山,2023-02-20,9274
2633,台灣高鐵,10,0,10,凱基-鳳山,2023-02-20,9274
2702,華園,10,0,10,凱基-鳳山,2023-02-20,9274
2888,新光金,10,0,10,凱基-鳳山,2023-02-20,9274
3441,聯一光,10,0,10,凱基-鳳山,2023-02-20,9274
5512,力麒,16,6,10,凱基-鳳山,2023-02-20,9274
6177,達麗,10,0,10,凱基-鳳山,2023-02-20,9274
9105,泰金寶-DR,10,0,10,凱基-鳳山,2023-02-20,9274
3027,盛達,274,30,244,凱基-鳳山,2023-02-21,9274
00665L,富邦�琤肭磪囓�2,205,0,205,凱基-鳳山,2023-02-21,9274
00882,中信中國高股息,125,0,125,凱基-鳳山,2023-02-21,9274
00632R,元大台灣50反1,121,0,121,凱基-鳳山,2023-02-21,9274
6443,元晶,70,8,62,凱基-鳳山,2023-02-21,9274
2610,華航,64,9,55,凱基-鳳山,2023-02-21,9274
1108,幸福,53,7,46,凱基-鳳山,2023-02-21,9274
2618,長榮航,45,10,35,凱基-鳳山,2023-02-21,9274
4960,誠美材,39,4,35,凱基-鳳山,2023-02-21,9274
2453,凌群,32,3,29,凱基-鳳山,2023-02-21,9274
6756,威鋒電子,29,1,28,凱基-鳳山,2023-02-21,9274
2884,玉山金,89,62,27,凱基-鳳山,2023-02-21,9274
00751B,元大AAA至A公司債,24,0,24,凱基-鳳山,2023-02-21,9274
2457,飛宏,39,16,23,凱基-鳳山,2023-02-21,9274
1437,勤益控,23,1,22,凱基-鳳山,2023-02-21,9274
2430,燦坤,20,0,20,凱基-鳳山,2023-02-21,9274
4541,晟田,21,1,20,凱基-鳳山,2023-02-21,9274
4306,炎洲,37,18,19,凱基-鳳山,2023-02-21,9274
2882,國泰金,19,1,18,凱基-鳳山,2023-02-21,9274
8473,山林水,18,0,18,凱基-鳳山,2023-02-21,9274
2409,友達,26,10,16,凱基-鳳山,2023-02-21,9274
3704,合勤控,16,1,15,凱基-鳳山,2023-02-21,9274
6026,福邦證,17,2,15,凱基-鳳山,2023-02-21,9274
2201,裕隆,14,0,14,凱基-鳳山,2023-02-21,9274
2206,三陽工業,17,3,14,凱基-鳳山,2023-02-21,9274
2867,三商壽,12,0,12,凱基-鳳山,2023-02-21,9274
00679B,元大美債20年,13,1,12,凱基-鳳山,2023-02-21,9274
00878,國泰永續高股息,12,0,12,凱基-鳳山,2023-02-21,9274
5009,榮剛,16,5,11,凱基-鳳山,2023-02-21,9274
00903,富邦元宇宙,10,0,10,凱基-鳳山,2023-02-21,9274
2352,佳世達,10,0,10,凱基-鳳山,2023-02-21,9274
2406,國碩,10,0,10,凱基-鳳山,2023-02-21,9274
1525,江申,10,0,10,凱基-鳳山,2023-02-21,9274
2913,農林,10,0,10,凱基-鳳山,2023-02-21,9274
00772B,中信高評級公司債,10,1,9,凱基-鳳山,2023-02-21,9274
2380,虹光,8,0,8,凱基-鳳山,2023-02-21,9274
3013,晟銘電,11,3,8,凱基-鳳山,2023-02-21,9274
4102,永日,7,0,7,凱基-鳳山,2023-02-21,9274
00670L,富邦NASDAQ正2,7,0,7,凱基-鳳山,2023-02-21,9274
2367,燿華,7,0,7,凱基-鳳山,2023-02-21,9274
8064,東捷,7,0,7,凱基-鳳山,2023-02-21,9274
8150,南茂,10,3,7,凱基-鳳山,2023-02-21,9274
1513,中興電,53,46,7,凱基-鳳山,2023-02-21,9274
00725B,國泰投資級公司債,6,0,6,凱基-鳳山,2023-02-21,9274
00893,國泰智能電動車,6,0,6,凱基-鳳山,2023-02-21,9274
1103,嘉泥,7,1,6,凱基-鳳山,2023-02-21,9274
2014,中鴻,10,4,6,凱基-鳳山,2023-02-21,9274
3046,建��,9,3,6,凱基-鳳山,2023-02-21,9274
3432,台端,6,0,6,凱基-鳳山,2023-02-21,9274
8038,長園科,6,0,6,凱基-鳳山,2023-02-21,9274
00665L,富邦�琤肭磪囓�2,632,130,502,凱基-鳳山,2023-02-22,9274
00878,國泰永續高股息,131,20,111,凱基-鳳山,2023-02-22,9274
3035,智原,166,60,106,凱基-鳳山,2023-02-22,9274
2883,凱基金,106,1,105,凱基-鳳山,2023-02-22,9274
00632R,元大台灣50反1,116,43,73,凱基-鳳山,2023-02-22,9274
6282,康舒,92,24,68,凱基-鳳山,2023-02-22,9274
2618,長榮航,82,18,64,凱基-鳳山,2023-02-22,9274
00671R,富邦NASDAQ反1,58,10,48,凱基-鳳山,2023-02-22,9274
4961,天鈺,53,20,33,凱基-鳳山,2023-02-22,9274
3499,環天科,30,0,30,凱基-鳳山,2023-02-22,9274
3217,優群,30,3,27,凱基-鳳山,2023-02-22,9274
2027,大成鋼,25,0,25,凱基-鳳山,2023-02-22,9274
6288,聯嘉,26,1,25,凱基-鳳山,2023-02-22,9274
2413,環科,30,6,24,凱基-鳳山,2023-02-22,9274
00712,復華富時不動產,23,0,23,凱基-鳳山,2023-02-22,9274
1513,中興電,58,35,23,凱基-鳳山,2023-02-22,9274
1437,勤益控,21,0,21,凱基-鳳山,2023-02-22,9274
2887,台新金,21,0,21,凱基-鳳山,2023-02-22,9274
2481,強茂,21,1,20,凱基-鳳山,2023-02-22,9274
4915,致伸,20,0,20,凱基-鳳山,2023-02-22,9274
2303,聯電,23,5,18,凱基-鳳山,2023-02-22,9274
2388,威盛,27,11,16,凱基-鳳山,2023-02-22,9274
00654R,富邦印度反1,16,0,16,凱基-鳳山,2023-02-22,9274
4979,華星光,16,0,16,凱基-鳳山,2023-02-22,9274
1605,華新,31,15,16,凱基-鳳山,2023-02-22,9274
6477,安集,15,0,15,凱基-鳳山,2023-02-22,9274
2882,國泰金,14,0,14,凱基-鳳山,2023-02-22,9274
2495,普安,13,0,13,凱基-鳳山,2023-02-22,9274
2603,長榮,59,47,12,凱基-鳳山,2023-02-22,9274
1708,東鹼,11,0,11,凱基-鳳山,2023-02-22,9274
00637L,元大滬深300正2,211,200,11,凱基-鳳山,2023-02-22,9274
2327,國巨,11,0,11,凱基-鳳山,2023-02-22,9274
8050,廣積,14,3,11,凱基-鳳山,2023-02-22,9274
2379,瑞昱,13,3,10,凱基-鳳山,2023-02-22,9274
1506,正道,10,0,10,凱基-鳳山,2023-02-22,9274
2023,燁輝,10,0,10,凱基-鳳山,2023-02-22,9274
3037,欣興,16,7,9,凱基-鳳山,2023-02-22,9274
0056,元大高股息,16,7,9,凱基-鳳山,2023-02-22,9274
5880,合庫金,9,0,9,凱基-鳳山,2023-02-22,9274
4919,新唐,11,3,8,凱基-鳳山,2023-02-22,9274
00772B,中信高評級公司債,8,0,8,凱基-鳳山,2023-02-22,9274
2236,百達-KY,10,2,8,凱基-鳳山,2023-02-22,9274
2409,友達,11,3,8,凱基-鳳山,2023-02-22,9274
5608,四維航,9,1,8,凱基-鳳山,2023-02-22,9274
6116,彩晶,76,68,8,凱基-鳳山,2023-02-22,9274
00720B,元大投資級公司債,7,0,7,凱基-鳳山,2023-02-22,9274
00751B,元大AAA至A公司債,7,0,7,凱基-鳳山,2023-02-22,9274
1519,華城,27,20,7,凱基-鳳山,2023-02-22,9274
2323,中環,7,0,7,凱基-鳳山,2023-02-22,9274
4968,立積,8,1,7,凱基-鳳山,2023-02-22,9274
00637L,元大滬深300正2,500,200,300,凱基-鳳山,2023-02-23,9274
4960,誠美材,130,0,130,凱基-鳳山,2023-02-23,9274
6116,彩晶,129,6,123,凱基-鳳山,2023-02-23,9274
00715L,期街口布蘭特正2,90,0,90,凱基-鳳山,2023-02-23,9274
00632R,元大台灣50反1,70,0,70,凱基-鳳山,2023-02-23,9274
3481,群創,110,43,67,凱基-鳳山,2023-02-23,9274
2605,新興,91,27,64,凱基-鳳山,2023-02-23,9274
00670L,富邦NASDAQ正2,60,0,60,凱基-鳳山,2023-02-23,9274
00664R,國泰臺灣加權反1,55,0,55,凱基-鳳山,2023-02-23,9274
00642U,期元大S＆P石油,51,0,51,凱基-鳳山,2023-02-23,9274
3027,盛達,46,7,39,凱基-鳳山,2023-02-23,9274
1584,精剛,38,3,35,凱基-鳳山,2023-02-23,9274
4961,天鈺,43,11,32,凱基-鳳山,2023-02-23,9274
6282,康舒,34,2,32,凱基-鳳山,2023-02-23,9274
6266,泰詠,50,19,31,凱基-鳳山,2023-02-23,9274
2409,友達,27,1,26,凱基-鳳山,2023-02-23,9274
1708,東鹼,25,0,25,凱基-鳳山,2023-02-23,9274
8936,國統,33,10,23,凱基-鳳山,2023-02-23,9274
1718,中纖,20,0,20,凱基-鳳山,2023-02-23,9274
6186,新潤,20,0,20,凱基-鳳山,2023-02-23,9274
2603,長榮,39,20,19,凱基-鳳山,2023-02-23,9274
2705,六福,19,0,19,凱基-鳳山,2023-02-23,9274
2641,正德,30,12,18,凱基-鳳山,2023-02-23,9274
8033,雷虎,28,11,17,凱基-鳳山,2023-02-23,9274
2610,華航,18,1,17,凱基-鳳山,2023-02-23,9274
00712,復華富時不動產,16,0,16,凱基-鳳山,2023-02-23,9274
2002,中鋼,16,0,16,凱基-鳳山,2023-02-23,9274
2883,凱基金,14,0,14,凱基-鳳山,2023-02-23,9274
00773B,中信優先金融債,14,0,14,凱基-鳳山,2023-02-23,9274
2413,環科,20,6,14,凱基-鳳山,2023-02-23,9274
3516,亞帝歐,14,0,14,凱基-鳳山,2023-02-23,9274
6125,廣運,14,1,13,凱基-鳳山,2023-02-23,9274
2929,淘帝-KY,12,0,12,凱基-鳳山,2023-02-23,9274
3217,優群,13,1,12,凱基-鳳山,2023-02-23,9274
3576,聯合再生,12,0,12,凱基-鳳山,2023-02-23,9274
3691,碩禾,10,0,10,凱基-鳳山,2023-02-23,9274
00676R,富邦臺灣加權反1,10,0,10,凱基-鳳山,2023-02-23,9274
00681R,元大美債20反1,10,0,10,凱基-鳳山,2023-02-23,9274
00885,富邦越南,11,1,10,凱基-鳳山,2023-02-23,9274
1598,岱宇,10,0,10,凱基-鳳山,2023-02-23,9274
2009,第一銅,11,1,10,凱基-鳳山,2023-02-23,9274
3209,全科,10,0,10,凱基-鳳山,2023-02-23,9274
3224,三顧,10,0,10,凱基-鳳山,2023-02-23,9274
3416,融程電,10,0,10,凱基-鳳山,2023-02-23,9274
3680,家登,10,0,10,凱基-鳳山,2023-02-23,9274
6163,華電網,10,0,10,凱基-鳳山,2023-02-23,9274
00878,國泰永續高股息,13,4,9,凱基-鳳山,2023-02-23,9274
3694,海華,9,0,9,凱基-鳳山,2023-02-23,9274
6411,晶焱,10,1,9,凱基-鳳山,2023-02-23,9274
00720B,元大投資級公司債,8,0,8,凱基-鳳山,2023-02-23,9274
00637L,元大滬深300正2,579,300,279,凱基-鳳山,2023-02-24,9274
3652,精聯,240,0,240,凱基-鳳山,2023-02-24,9274
4960,誠美材,168,7,161,凱基-鳳山,2023-02-24,9274
00665L,富邦�琤肭磪囓�2,160,20,140,凱基-鳳山,2023-02-24,9274
5512,力麒,136,27,109,凱基-鳳山,2023-02-24,9274
5009,榮剛,62,3,59,凱基-鳳山,2023-02-24,9274
5443,均豪,47,0,47,凱基-鳳山,2023-02-24,9274
00878,國泰永續高股息,55,10,45,凱基-鳳山,2023-02-24,9274
2347,聯強,45,0,45,凱基-鳳山,2023-02-24,9274
00715L,期街口布蘭特正2,46,4,42,凱基-鳳山,2023-02-24,9274
8033,雷虎,43,4,39,凱基-鳳山,2023-02-24,9274
2618,長榮航,39,7,32,凱基-鳳山,2023-02-24,9274
8069,元太,32,3,29,凱基-鳳山,2023-02-24,9274
3024,憶聲,25,0,25,凱基-鳳山,2023-02-24,9274
2436,偉詮電,22,0,22,凱基-鳳山,2023-02-24,9274
00671R,富邦NASDAQ反1,20,0,20,凱基-鳳山,2023-02-24,9274
2023,燁輝,20,0,20,凱基-鳳山,2023-02-24,9274
3027,盛達,23,3,20,凱基-鳳山,2023-02-24,9274
6015,宏遠證,20,0,20,凱基-鳳山,2023-02-24,9274
6217,中探針,21,1,20,凱基-鳳山,2023-02-24,9274
4919,新唐,23,4,19,凱基-鳳山,2023-02-24,9274
00642U,期元大S＆P石油,20,1,19,凱基-鳳山,2023-02-24,9274
2317,鴻海,19,0,19,凱基-鳳山,2023-02-24,9274
6806,森崴能源,24,6,18,凱基-鳳山,2023-02-24,9274
3037,欣興,33,15,18,凱基-鳳山,2023-02-24,9274
1513,中興電,30,13,17,凱基-鳳山,2023-02-24,9274
1108,幸福,17,1,16,凱基-鳳山,2023-02-24,9274
3189,景碩,22,6,16,凱基-鳳山,2023-02-24,9274
3520,華盈,16,0,16,凱基-鳳山,2023-02-24,9274
2601,益航,19,6,13,凱基-鳳山,2023-02-24,9274
2610,華航,13,0,13,凱基-鳳山,2023-02-24,9274
5464,霖宏,13,0,13,凱基-鳳山,2023-02-24,9274
6026,福邦證,23,10,13,凱基-鳳山,2023-02-24,9274
5608,四維航,36,24,12,凱基-鳳山,2023-02-24,9274
00893,國泰智能電動車,11,0,11,凱基-鳳山,2023-02-24,9274
3527,聚積,11,0,11,凱基-鳳山,2023-02-24,9274
4961,天鈺,23,12,11,凱基-鳳山,2023-02-24,9274
6234,高僑,11,0,11,凱基-鳳山,2023-02-24,9274
1101,台泥,18,8,10,凱基-鳳山,2023-02-24,9274
2406,國碩,10,0,10,凱基-鳳山,2023-02-24,9274
1303,南亞,10,0,10,凱基-鳳山,2023-02-24,9274
00670L,富邦NASDAQ正2,10,0,10,凱基-鳳山,2023-02-24,9274
1525,江申,10,0,10,凱基-鳳山,2023-02-24,9274
1815,富喬,10,0,10,凱基-鳳山,2023-02-24,9274
2014,中鴻,15,5,10,凱基-鳳山,2023-02-24,9274
2105,正新,10,0,10,凱基-鳳山,2023-02-24,9274
3540,曜越,10,0,10,凱基-鳳山,2023-02-24,9274
4707,磐亞,10,0,10,凱基-鳳山,2023-02-24,9274
1519,華城,20,11,9,凱基-鳳山,2023-02-24,9274
2303,聯電,14,5,9,凱基-鳳山,2023-02-24,9274
2409,友達,228,3,225,凱基-鳳山,2023-03-01,9274
2605,新興,391,232,159,凱基-鳳山,2023-03-01,9274
2884,玉山金,146,1,145,凱基-鳳山,2023-03-01,9274
00673R,期元大S＆P原油反1,121,0,121,凱基-鳳山,2023-03-01,9274
6116,彩晶,79,5,74,凱基-鳳山,2023-03-01,9274
5512,力麒,91,20,71,凱基-鳳山,2023-03-01,9274
00720B,元大投資級公司債,61,0,61,凱基-鳳山,2023-03-01,9274
1605,華新,61,7,54,凱基-鳳山,2023-03-01,9274
00669R,國泰美國道瓊反1,45,0,45,凱基-鳳山,2023-03-01,9274
2014,中鴻,47,13,34,凱基-鳳山,2023-03-01,9274
3094,聯傑,36,6,30,凱基-鳳山,2023-03-01,9274
2002,中鋼,36,7,29,凱基-鳳山,2023-03-01,9274
3024,憶聲,26,0,26,凱基-鳳山,2023-03-01,9274
00903,富邦元宇宙,21,0,21,凱基-鳳山,2023-03-01,9274
2883,凱基金,21,0,21,凱基-鳳山,2023-03-01,9274
3481,群創,26,7,19,凱基-鳳山,2023-03-01,9274
00878,國泰永續高股息,49,30,19,凱基-鳳山,2023-03-01,9274
2492,華新科,16,0,16,凱基-鳳山,2023-03-01,9274
6217,中探針,13,0,13,凱基-鳳山,2023-03-01,9274
6245,立端,21,8,13,凱基-鳳山,2023-03-01,9274
1101,台泥,18,6,12,凱基-鳳山,2023-03-01,9274
2388,威盛,23,12,11,凱基-鳳山,2023-03-01,9274
00670L,富邦NASDAQ正2,11,0,11,凱基-鳳山,2023-03-01,9274
2481,強茂,11,0,11,凱基-鳳山,2023-03-01,9274
2360,致茂,10,0,10,凱基-鳳山,2023-03-01,9274
00712,復華富時不動產,10,0,10,凱基-鳳山,2023-03-01,9274
1444,力麗,10,0,10,凱基-鳳山,2023-03-01,9274
1584,精剛,10,0,10,凱基-鳳山,2023-03-01,9274
2353,宏��,10,0,10,凱基-鳳山,2023-03-01,9274
2488,漢平,10,0,10,凱基-鳳山,2023-03-01,9274
3712,永崴投控,10,0,10,凱基-鳳山,2023-03-01,9274
8088,品安,10,0,10,凱基-鳳山,2023-03-01,9274
6770,力積電,11,2,9,凱基-鳳山,2023-03-01,9274
3038,全台,10,1,9,凱基-鳳山,2023-03-01,9274
4564,元翎,9,0,9,凱基-鳳山,2023-03-01,9274
6548,長科*,9,0,9,凱基-鳳山,2023-03-01,9274
00882,中信中國高股息,10,2,8,凱基-鳳山,2023-03-01,9274
6266,泰詠,26,18,8,凱基-鳳山,2023-03-01,9274
8478,東哥遊艇,9,1,8,凱基-鳳山,2023-03-01,9274
1817,凱撒衛,7,0,7,凱基-鳳山,2023-03-01,9274
3027,盛達,29,22,7,凱基-鳳山,2023-03-01,9274
3045,台灣大,7,0,7,凱基-鳳山,2023-03-01,9274
4121,優盛,7,0,7,凱基-鳳山,2023-03-01,9274
6290,良維,7,0,7,凱基-鳳山,2023-03-01,9274
8033,雷虎,7,0,7,凱基-鳳山,2023-03-01,9274
8227,巨有科技,7,0,7,凱基-鳳山,2023-03-01,9274
00713,元大台灣高息低波,6,0,6,凱基-鳳山,2023-03-01,9274
00905,FT臺灣Smart,6,0,6,凱基-鳳山,2023-03-01,9274
2606,裕民,30,24,6,凱基-鳳山,2023-03-01,9274
2702,華園,6,0,6,凱基-鳳山,2023-03-01,9274
00637L,元大滬深300正2,270,6,264,凱基-鳳山,2023-03-02,9274
2884,玉山金,218,11,207,凱基-鳳山,2023-03-02,9274
2883,凱基金,82,0,82,凱基-鳳山,2023-03-02,9274
2409,友達,70,0,70,凱基-鳳山,2023-03-02,9274
00878,國泰永續高股息,88,27,61,凱基-鳳山,2023-03-02,9274
6116,彩晶,77,26,51,凱基-鳳山,2023-03-02,9274
6142,友勁,46,0,46,凱基-鳳山,2023-03-02,9274
2337,旺宏,48,5,43,凱基-鳳山,2023-03-02,9274
00632R,元大台灣50反1,40,0,40,凱基-鳳山,2023-03-02,9274
00712,復華富時不動產,30,0,30,凱基-鳳山,2023-03-02,9274
2634,漢翔,26,0,26,凱基-鳳山,2023-03-02,9274
2641,正德,43,17,26,凱基-鳳山,2023-03-02,9274
2891,中信金,25,0,25,凱基-鳳山,2023-03-02,9274
3481,群創,31,6,25,凱基-鳳山,2023-03-02,9274
3673,TPK-KY,21,0,21,凱基-鳳山,2023-03-02,9274
4960,誠美材,42,22,20,凱基-鳳山,2023-03-02,9274
6015,宏遠證,20,0,20,凱基-鳳山,2023-03-02,9274
2375,凱美,19,0,19,凱基-鳳山,2023-03-02,9274
3035,智原,30,12,18,凱基-鳳山,2023-03-02,9274
3024,憶聲,16,1,15,凱基-鳳山,2023-03-02,9274
2886,兆豐金,14,0,14,凱基-鳳山,2023-03-02,9274
2358,廷鑫,20,6,14,凱基-鳳山,2023-03-02,9274
2481,強茂,16,4,12,凱基-鳳山,2023-03-02,9274
2929,淘帝-KY,12,0,12,凱基-鳳山,2023-03-02,9274
6756,威鋒電子,12,0,12,凱基-鳳山,2023-03-02,9274
2892,第一金,12,0,12,凱基-鳳山,2023-03-02,9274
2442,新美齊,11,0,11,凱基-鳳山,2023-03-02,9274
3058,立德,11,0,11,凱基-鳳山,2023-03-02,9274
4915,致伸,13,2,11,凱基-鳳山,2023-03-02,9274
8089,康全電訊,11,0,11,凱基-鳳山,2023-03-02,9274
00679B,元大美債20年,10,0,10,凱基-鳳山,2023-03-02,9274
00681R,元大美債20反1,10,0,10,凱基-鳳山,2023-03-02,9274
00752,中信中國50,10,0,10,凱基-鳳山,2023-03-02,9274
00902,中信電池及儲能,10,0,10,凱基-鳳山,2023-03-02,9274
2236,百達-KY,20,10,10,凱基-鳳山,2023-03-02,9274
2611,志信,10,0,10,凱基-鳳山,2023-03-02,9274
1605,華新,52,42,10,凱基-鳳山,2023-03-02,9274
00893,國泰智能電動車,9,0,9,凱基-鳳山,2023-03-02,9274
00713,元大台灣高息低波,9,0,9,凱基-鳳山,2023-03-02,9274
2020,美亞,9,0,9,凱基-鳳山,2023-03-02,9274
8271,宇瞻,9,0,9,凱基-鳳山,2023-03-02,9274
3289,宜特,8,0,8,凱基-鳳山,2023-03-02,9274
3576,聯合再生,10,2,8,凱基-鳳山,2023-03-02,9274
3666,光耀,10,2,8,凱基-鳳山,2023-03-02,9274
6550,北極星藥業-KY,28,20,8,凱基-鳳山,2023-03-02,9274
2498,宏達電,13,6,7,凱基-鳳山,2023-03-02,9274
2606,裕民,18,11,7,凱基-鳳山,2023-03-02,9274
2617,台航,9,2,7,凱基-鳳山,2023-03-02,9274
2850,新產,7,0,7,凱基-鳳山,2023-03-02,9274
3217,優群,7,0,7,凱基-鳳山,2023-03-02,9274
00673R,期元大S＆P原油反1,501,0,501,凱基-鳳山,2023-03-03,9274
4960,誠美材,373,29,344,凱基-鳳山,2023-03-03,9274
00637L,元大滬深300正2,364,119,245,凱基-鳳山,2023-03-03,9274
00632R,元大台灣50反1,127,0,127,凱基-鳳山,2023-03-03,9274
3035,智原,138,57,81,凱基-鳳山,2023-03-03,9274
3481,群創,156,96,60,凱基-鳳山,2023-03-03,9274
2884,玉山金,53,1,52,凱基-鳳山,2023-03-03,9274
4167,松瑞藥,50,5,45,凱基-鳳山,2023-03-03,9274
1605,華新,46,10,36,凱基-鳳山,2023-03-03,9274
6142,友勁,34,0,34,凱基-鳳山,2023-03-03,9274
00878,國泰永續高股息,36,10,26,凱基-鳳山,2023-03-03,9274
6120,達運,22,0,22,凱基-鳳山,2023-03-03,9274
6443,元晶,23,1,22,凱基-鳳山,2023-03-03,9274
8105,凌巨,22,0,22,凱基-鳳山,2023-03-03,9274
2739,寒舍,21,0,21,凱基-鳳山,2023-03-03,9274
8176,智捷,21,0,21,凱基-鳳山,2023-03-03,9274
00681R,元大美債20反1,20,0,20,凱基-鳳山,2023-03-03,9274
1513,中興電,63,43,20,凱基-鳳山,2023-03-03,9274
2405,輔信,20,0,20,凱基-鳳山,2023-03-03,9274
8996,高力,19,0,19,凱基-鳳山,2023-03-03,9274
1342,八貫,26,7,19,凱基-鳳山,2023-03-03,9274
6841,長佳智能,19,0,19,凱基-鳳山,2023-03-03,9274
1810,和成,21,3,18,凱基-鳳山,2023-03-03,9274
5464,霖宏,18,0,18,凱基-鳳山,2023-03-03,9274
8227,巨有科技,22,5,17,凱基-鳳山,2023-03-03,9274
2201,裕隆,19,3,16,凱基-鳳山,2023-03-03,9274
00664R,國泰臺灣加權反1,15,0,15,凱基-鳳山,2023-03-03,9274
00885,富邦越南,17,3,14,凱基-鳳山,2023-03-03,9274
6133,金橋,14,0,14,凱基-鳳山,2023-03-03,9274
3652,精聯,102,90,12,凱基-鳳山,2023-03-03,9274
2891,中信金,13,2,11,凱基-鳳山,2023-03-03,9274
1476,儒鴻,12,1,11,凱基-鳳山,2023-03-03,9274
2413,環科,11,0,11,凱基-鳳山,2023-03-03,9274
3029,零壹,13,2,11,凱基-鳳山,2023-03-03,9274
3363,上詮,11,0,11,凱基-鳳山,2023-03-03,9274
3707,漢磊,15,5,10,凱基-鳳山,2023-03-03,9274
00706L,期元大S＆P日圓正2,10,0,10,凱基-鳳山,2023-03-03,9274
1522,堤維西,10,0,10,凱基-鳳山,2023-03-03,9274
2390,云辰,10,0,10,凱基-鳳山,2023-03-03,9274
2511,太子,10,0,10,凱基-鳳山,2023-03-03,9274
3710,連展投控,10,0,10,凱基-鳳山,2023-03-03,9274
4164,承業醫,13,3,10,凱基-鳳山,2023-03-03,9274
4707,磐亞,10,0,10,凱基-鳳山,2023-03-03,9274
5351,鈺創,12,2,10,凱基-鳳山,2023-03-03,9274
5439,高技,11,1,10,凱基-鳳山,2023-03-03,9274
3207,耀勝,15,6,9,凱基-鳳山,2023-03-03,9274
4747,強生,9,0,9,凱基-鳳山,2023-03-03,9274
6282,康舒,27,18,9,凱基-鳳山,2023-03-03,9274
2890,永豐金,8,0,8,凱基-鳳山,2023-03-03,9274
00773B,中信優先金融債,8,0,8,凱基-鳳山,2023-03-03,9274
4960,誠美材,730,30,700,凱基-鳳山,2023-03-06,9274
00753L,中信中國50正2,164,0,164,凱基-鳳山,2023-03-06,9274
00632R,元大台灣50反1,180,30,150,凱基-鳳山,2023-03-06,9274
00673R,期元大S＆P原油反1,150,40,110,凱基-鳳山,2023-03-06,9274
1101,台泥,121,17,104,凱基-鳳山,2023-03-06,9274
00637L,元大滬深300正2,361,272,89,凱基-鳳山,2023-03-06,9274
2609,陽明,92,23,69,凱基-鳳山,2023-03-06,9274
6282,康舒,272,208,64,凱基-鳳山,2023-03-06,9274
00878,國泰永續高股息,65,3,62,凱基-鳳山,2023-03-06,9274
3652,精聯,48,12,36,凱基-鳳山,2023-03-06,9274
8222,寶一,31,3,28,凱基-鳳山,2023-03-06,9274
8089,康全電訊,26,0,26,凱基-鳳山,2023-03-06,9274
2527,宏璟,25,0,25,凱基-鳳山,2023-03-06,9274
8996,高力,39,15,24,凱基-鳳山,2023-03-06,9274
00882,中信中國高股息,41,18,23,凱基-鳳山,2023-03-06,9274
2732,六角,26,3,23,凱基-鳳山,2023-03-06,9274
3363,上詮,22,0,22,凱基-鳳山,2023-03-06,9274
6770,力積電,35,14,21,凱基-鳳山,2023-03-06,9274
2542,興富發,20,1,19,凱基-鳳山,2023-03-06,9274
3264,欣銓,23,5,18,凱基-鳳山,2023-03-06,9274
2891,中信金,17,1,16,凱基-鳳山,2023-03-06,9274
00708L,期元大S＆P黃金正2,15,0,15,凱基-鳳山,2023-03-06,9274
4164,承業醫,18,3,15,凱基-鳳山,2023-03-06,9274
1215,卜蜂,14,0,14,凱基-鳳山,2023-03-06,9274
8358,金居,12,0,12,凱基-鳳山,2023-03-06,9274
00720B,元大投資級公司債,11,0,11,凱基-鳳山,2023-03-06,9274
2104,國際中橡,11,0,11,凱基-鳳山,2023-03-06,9274
3056,富華新,11,0,11,凱基-鳳山,2023-03-06,9274
3217,優群,11,0,11,凱基-鳳山,2023-03-06,9274
3516,亞帝歐,11,0,11,凱基-鳳山,2023-03-06,9274
4979,華星光,11,0,11,凱基-鳳山,2023-03-06,9274
00773B,中信優先金融債,10,0,10,凱基-鳳山,2023-03-06,9274
00706L,期元大S＆P日圓正2,10,0,10,凱基-鳳山,2023-03-06,9274
2812,台中銀,10,0,10,凱基-鳳山,2023-03-06,9274
2836,高雄銀,10,0,10,凱基-鳳山,2023-03-06,9274
6188,廣明,10,0,10,凱基-鳳山,2023-03-06,9274
2605,新興,12,2,10,凱基-鳳山,2023-03-06,9274
2886,兆豐金,10,1,9,凱基-鳳山,2023-03-06,9274
1708,東鹼,9,0,9,凱基-鳳山,2023-03-06,9274
0056,元大高股息,9,0,9,凱基-鳳山,2023-03-06,9274
2442,新美齊,9,0,9,凱基-鳳山,2023-03-06,9274
3024,憶聲,10,1,9,凱基-鳳山,2023-03-06,9274
3558,神準,12,4,8,凱基-鳳山,2023-03-06,9274
6216,居易,8,0,8,凱基-鳳山,2023-03-06,9274
9929,秋雨,8,0,8,凱基-鳳山,2023-03-06,9274
1539,巨庭,8,1,7,凱基-鳳山,2023-03-06,9274
2349,錸德,7,0,7,凱基-鳳山,2023-03-06,9274
2888,新光金,7,0,7,凱基-鳳山,2023-03-06,9274
2356,英業達,10,3,7,凱基-鳳山,2023-03-06,9274
3661,世芯-KY,9,3,6,凱基-鳳山,2023-03-06,9274
4960,誠美材,132,0,132,凱基-鳳山,2023-03-07,9274
00673R,期元大S＆P原油反1,179,122,57,凱基-鳳山,2023-03-07,9274
6116,彩晶,68,14,54,凱基-鳳山,2023-03-07,9274
8033,雷虎,56,2,54,凱基-鳳山,2023-03-07,9274
3022,威強電,53,2,51,凱基-鳳山,2023-03-07,9274
3013,晟銘電,73,26,47,凱基-鳳山,2023-03-07,9274
1101,台泥,47,2,45,凱基-鳳山,2023-03-07,9274
3035,智原,47,10,37,凱基-鳳山,2023-03-07,9274
00708L,期元大S＆P黃金正2,36,0,36,凱基-鳳山,2023-03-07,9274
00753L,中信中國50正2,83,49,34,凱基-鳳山,2023-03-07,9274
00878,國泰永續高股息,36,3,33,凱基-鳳山,2023-03-07,9274
1605,華新,101,72,29,凱基-鳳山,2023-03-07,9274
2891,中信金,33,4,29,凱基-鳳山,2023-03-07,9274
3481,群創,54,30,24,凱基-鳳山,2023-03-07,9274
1710,東聯,39,15,24,凱基-鳳山,2023-03-07,9274
2007,燁興,22,0,22,凱基-鳳山,2023-03-07,9274
00902,中信電池及儲能,21,0,21,凱基-鳳山,2023-03-07,9274
5425,台半,46,25,21,凱基-鳳山,2023-03-07,9274
00885,富邦越南,21,0,21,凱基-鳳山,2023-03-07,9274
2706,第一店,20,0,20,凱基-鳳山,2023-03-07,9274
1529,樂事綠能,21,2,19,凱基-鳳山,2023-03-07,9274
2405,輔信,21,2,19,凱基-鳳山,2023-03-07,9274
6245,立端,19,0,19,凱基-鳳山,2023-03-07,9274
2867,三商壽,20,2,18,凱基-鳳山,2023-03-07,9274
3363,上詮,17,0,17,凱基-鳳山,2023-03-07,9274
5512,力麒,22,5,17,凱基-鳳山,2023-03-07,9274
3105,穩懋,16,0,16,凱基-鳳山,2023-03-07,9274
00637L,元大滬深300正2,15,0,15,凱基-鳳山,2023-03-07,9274
2495,普安,17,3,14,凱基-鳳山,2023-03-07,9274
1810,和成,13,0,13,凱基-鳳山,2023-03-07,9274
6290,良維,13,1,12,凱基-鳳山,2023-03-07,9274
3356,奇偶,11,0,11,凱基-鳳山,2023-03-07,9274
2303,聯電,15,5,10,凱基-鳳山,2023-03-07,9274
2312,金寶,10,0,10,凱基-鳳山,2023-03-07,9274
2392,正崴,10,0,10,凱基-鳳山,2023-03-07,9274
2402,毅嘉,10,0,10,凱基-鳳山,2023-03-07,9274
3652,精聯,16,6,10,凱基-鳳山,2023-03-07,9274
3710,連展投控,10,0,10,凱基-鳳山,2023-03-07,9274
5202,力新,10,0,10,凱基-鳳山,2023-03-07,9274
5302,太欣,10,0,10,凱基-鳳山,2023-03-07,9274
6228,全譜,10,0,10,凱基-鳳山,2023-03-07,9274
8089,康全電訊,11,1,10,凱基-鳳山,2023-03-07,9274
8121,越峰,10,0,10,凱基-鳳山,2023-03-07,9274
4114,健喬,11,2,9,凱基-鳳山,2023-03-07,9274
6548,長科*,40,31,9,凱基-鳳山,2023-03-07,9274
3017,奇鋐,9,1,8,凱基-鳳山,2023-03-07,9274
2331,精英,8,0,8,凱基-鳳山,2023-03-07,9274
3576,聯合再生,11,3,8,凱基-鳳山,2023-03-07,9274
8112,至上,11,3,8,凱基-鳳山,2023-03-07,9274
1612,宏泰,7,0,7,凱基-鳳山,2023-03-07,9274
00632R,元大台灣50反1,300,0,300,凱基-鳳山,2023-03-08,9274
00637L,元大滬深300正2,240,15,225,凱基-鳳山,2023-03-08,9274
00665L,富邦�琤肭磪囓�2,134,0,134,凱基-鳳山,2023-03-08,9274
4960,誠美材,125,0,125,凱基-鳳山,2023-03-08,9274
1504,東元,123,4,119,凱基-鳳山,2023-03-08,9274
2884,玉山金,142,29,113,凱基-鳳山,2023-03-08,9274
8033,雷虎,113,26,87,凱基-鳳山,2023-03-08,9274
3013,晟銘電,293,240,53,凱基-鳳山,2023-03-08,9274
1101,台泥,52,1,51,凱基-鳳山,2023-03-08,9274
2352,佳世達,51,0,51,凱基-鳳山,2023-03-08,9274
6116,彩晶,74,31,43,凱基-鳳山,2023-03-08,9274
2344,華邦電,42,2,40,凱基-鳳山,2023-03-08,9274
6235,華孚,103,66,37,凱基-鳳山,2023-03-08,9274
2887,台新金,31,0,31,凱基-鳳山,2023-03-08,9274
2601,益航,30,0,30,凱基-鳳山,2023-03-08,9274
8096,擎亞,30,0,30,凱基-鳳山,2023-03-08,9274
5469,瀚宇博,26,0,26,凱基-鳳山,2023-03-08,9274
00720B,元大投資級公司債,22,0,22,凱基-鳳山,2023-03-08,9274
3673,TPK-KY,22,1,21,凱基-鳳山,2023-03-08,9274
3265,台星科,37,17,20,凱基-鳳山,2023-03-08,9274
2495,普安,21,1,20,凱基-鳳山,2023-03-08,9274
2527,宏璟,20,0,20,凱基-鳳山,2023-03-08,9274
3019,亞光,27,8,19,凱基-鳳山,2023-03-08,9274
1342,八貫,19,2,17,凱基-鳳山,2023-03-08,9274
3217,優群,17,0,17,凱基-鳳山,2023-03-08,9274
2201,裕隆,16,0,16,凱基-鳳山,2023-03-08,9274
4306,炎洲,16,0,16,凱基-鳳山,2023-03-08,9274
2430,燦坤,16,1,15,凱基-鳳山,2023-03-08,9274
8071,能率網通,15,0,15,凱基-鳳山,2023-03-08,9274
2498,宏達電,17,3,14,凱基-鳳山,2023-03-08,9274
5512,力麒,13,0,13,凱基-鳳山,2023-03-08,9274
00885,富邦越南,23,10,13,凱基-鳳山,2023-03-08,9274
8996,高力,28,16,12,凱基-鳳山,2023-03-08,9274
1584,精剛,14,2,12,凱基-鳳山,2023-03-08,9274
2609,陽明,23,11,12,凱基-鳳山,2023-03-08,9274
00893,國泰智能電動車,12,0,12,凱基-鳳山,2023-03-08,9274
00902,中信電池及儲能,12,0,12,凱基-鳳山,2023-03-08,9274
00878,國泰永續高股息,22,11,11,凱基-鳳山,2023-03-08,9274
00905,FT臺灣Smart,11,0,11,凱基-鳳山,2023-03-08,9274
4114,健喬,14,3,11,凱基-鳳山,2023-03-08,9274
9933,中鼎,11,0,11,凱基-鳳山,2023-03-08,9274
9939,宏全,11,0,11,凱基-鳳山,2023-03-08,9274
2603,長榮,41,31,10,凱基-鳳山,2023-03-08,9274
2606,裕民,10,0,10,凱基-鳳山,2023-03-08,9274
1444,力麗,10,0,10,凱基-鳳山,2023-03-08,9274
3362,先進光,44,34,10,凱基-鳳山,2023-03-08,9274
020028,元大特選電動車N,10,0,10,凱基-鳳山,2023-03-08,9274
020022,元大電動車N,10,0,10,凱基-鳳山,2023-03-08,9274
00671R,富邦NASDAQ反1,20,10,10,凱基-鳳山,2023-03-08,9274
2007,燁興,10,0,10,凱基-鳳山,2023-03-08,9274
00637L,元大滬深300正2,203,0,203,凱基-鳳山,2023-03-09,9274
2610,華航,192,13,179,凱基-鳳山,2023-03-09,9274
6770,力積電,184,11,173,凱基-鳳山,2023-03-09,9274
2618,長榮航,199,43,156,凱基-鳳山,2023-03-09,9274
6116,彩晶,173,33,140,凱基-鳳山,2023-03-09,9274
2408,南亞科,121,8,113,凱基-鳳山,2023-03-09,9274
2884,玉山金,112,5,107,凱基-鳳山,2023-03-09,9274
2359,所羅門,184,81,103,凱基-鳳山,2023-03-09,9274
3481,群創,93,12,81,凱基-鳳山,2023-03-09,9274
3209,全科,73,2,71,凱基-鳳山,2023-03-09,9274
00632R,元大台灣50反1,70,0,70,凱基-鳳山,2023-03-09,9274
4960,誠美材,65,0,65,凱基-鳳山,2023-03-09,9274
2409,友達,61,0,61,凱基-鳳山,2023-03-09,9274
00878,國泰永續高股息,61,2,59,凱基-鳳山,2023-03-09,9274
2344,華邦電,65,8,57,凱基-鳳山,2023-03-09,9274
3046,建��,95,45,50,凱基-鳳山,2023-03-09,9274
8996,高力,77,35,42,凱基-鳳山,2023-03-09,9274
1718,中纖,46,7,39,凱基-鳳山,2023-03-09,9274
3576,聯合再生,34,0,34,凱基-鳳山,2023-03-09,9274
6443,元晶,56,23,33,凱基-鳳山,2023-03-09,9274
6806,森崴能源,28,3,25,凱基-鳳山,2023-03-09,9274
8111,立��,25,1,24,凱基-鳳山,2023-03-09,9274
2352,佳世達,23,0,23,凱基-鳳山,2023-03-09,9274
1605,華新,28,5,23,凱基-鳳山,2023-03-09,9274
3363,上詮,22,0,22,凱基-鳳山,2023-03-09,9274
2890,永豐金,21,0,21,凱基-鳳山,2023-03-09,9274
2605,新興,21,0,21,凱基-鳳山,2023-03-09,9274
8936,國統,28,7,21,凱基-鳳山,2023-03-09,9274
1342,八貫,21,1,20,凱基-鳳山,2023-03-09,9274
3701,大眾控,21,1,20,凱基-鳳山,2023-03-09,9274
6233,旺玖,57,37,20,凱基-鳳山,2023-03-09,9274
2002,中鋼,23,3,20,凱基-鳳山,2023-03-09,9274
2449,京元電子,21,3,18,凱基-鳳山,2023-03-09,9274
2495,普安,24,7,17,凱基-鳳山,2023-03-09,9274
6282,康舒,43,28,15,凱基-鳳山,2023-03-09,9274
2317,鴻海,17,2,15,凱基-鳳山,2023-03-09,9274
2855,統一證,15,0,15,凱基-鳳山,2023-03-09,9274
6216,居易,15,0,15,凱基-鳳山,2023-03-09,9274
8222,寶一,21,6,15,凱基-鳳山,2023-03-09,9274
3105,穩懋,15,1,14,凱基-鳳山,2023-03-09,9274
3346,麗清,14,0,14,凱基-鳳山,2023-03-09,9274
00713,元大台灣高息低波,13,0,13,凱基-鳳山,2023-03-09,9274
2609,陽明,33,21,12,凱基-鳳山,2023-03-09,9274
1440,南紡,12,0,12,凱基-鳳山,2023-03-09,9274
3441,聯一光,12,0,12,凱基-鳳山,2023-03-09,9274
2883,凱基金,10,0,10,凱基-鳳山,2023-03-09,9274
1519,華城,21,11,10,凱基-鳳山,2023-03-09,9274
00669R,國泰美國道瓊反1,10,0,10,凱基-鳳山,2023-03-09,9274
1522,堤維西,10,0,10,凱基-鳳山,2023-03-09,9274
1569,濱川,10,0,10,凱基-鳳山,2023-03-09,9274
2359,所羅門,259,83,176,凱基-鳳山,2023-03-10,9274
00878,國泰永續高股息,186,17,169,凱基-鳳山,2023-03-10,9274
4960,誠美材,75,0,75,凱基-鳳山,2023-03-10,9274
2887,台新金,116,50,66,凱基-鳳山,2023-03-10,9274
4142,國光生,136,72,64,凱基-鳳山,2023-03-10,9274
1504,東元,79,18,61,凱基-鳳山,2023-03-10,9274
2344,華邦電,69,21,48,凱基-鳳山,2023-03-10,9274
2607,榮運,46,2,44,凱基-鳳山,2023-03-10,9274
00669R,國泰美國道瓊反1,41,0,41,凱基-鳳山,2023-03-10,9274
1519,華城,44,3,41,凱基-鳳山,2023-03-10,9274
2481,強茂,60,21,39,凱基-鳳山,2023-03-10,9274
2891,中信金,39,0,39,凱基-鳳山,2023-03-10,9274
1584,精剛,49,13,36,凱基-鳳山,2023-03-10,9274
1513,中興電,63,32,31,凱基-鳳山,2023-03-10,9274
4164,承業醫,33,2,31,凱基-鳳山,2023-03-10,9274
3035,智原,49,20,29,凱基-鳳山,2023-03-10,9274
00680L,元大美債20正2,30,1,29,凱基-鳳山,2023-03-10,9274
2409,友達,29,0,29,凱基-鳳山,2023-03-10,9274
2739,寒舍,29,0,29,凱基-鳳山,2023-03-10,9274
2882,國泰金,29,0,29,凱基-鳳山,2023-03-10,9274
2883,凱基金,29,1,28,凱基-鳳山,2023-03-10,9274
3576,聯合再生,25,0,25,凱基-鳳山,2023-03-10,9274
00715L,期街口布蘭特正2,23,0,23,凱基-鳳山,2023-03-10,9274
00665L,富邦�琤肭磪囓�2,193,170,23,凱基-鳳山,2023-03-10,9274
3209,全科,26,5,21,凱基-鳳山,2023-03-10,9274
8069,元太,21,1,20,凱基-鳳山,2023-03-10,9274
00637L,元大滬深300正2,35,15,20,凱基-鳳山,2023-03-10,9274
1314,中石化,20,0,20,凱基-鳳山,2023-03-10,9274
2104,國際中橡,20,0,20,凱基-鳳山,2023-03-10,9274
5608,四維航,27,7,20,凱基-鳳山,2023-03-10,9274
00713,元大台灣高息低波,19,0,19,凱基-鳳山,2023-03-10,9274
8111,立��,21,2,19,凱基-鳳山,2023-03-10,9274
2880,華南金,19,0,19,凱基-鳳山,2023-03-10,9274
00712,復華富時不動產,24,6,18,凱基-鳳山,2023-03-10,9274
3673,TPK-KY,18,0,18,凱基-鳳山,2023-03-10,9274
3029,零壹,50,32,18,凱基-鳳山,2023-03-10,9274
3017,奇鋐,17,0,17,凱基-鳳山,2023-03-10,9274
3707,漢磊,20,3,17,凱基-鳳山,2023-03-10,9274
1342,八貫,18,2,16,凱基-鳳山,2023-03-10,9274
5009,榮剛,19,3,16,凱基-鳳山,2023-03-10,9274
00654R,富邦印度反1,15,0,15,凱基-鳳山,2023-03-10,9274
1514,亞力,15,0,15,凱基-鳳山,2023-03-10,9274
1524,耿鼎,23,10,13,凱基-鳳山,2023-03-10,9274
3019,亞光,16,3,13,凱基-鳳山,2023-03-10,9274
6182,合晶,23,10,13,凱基-鳳山,2023-03-10,9274
6806,森崴能源,15,2,13,凱基-鳳山,2023-03-10,9274
2201,裕隆,15,3,12,凱基-鳳山,2023-03-10,9274
2368,金像電,14,2,12,凱基-鳳山,2023-03-10,9274
00753L,中信中國50正2,52,40,12,凱基-鳳山,2023-03-10,9274
00923,群益台ESG低碳50,17,5,12,凱基-鳳山,2023-03-10,9274
00878,國泰永續高股息,277,110,167,凱基-鳳山,2023-03-13,9274
2427,三商電,321,202,119,凱基-鳳山,2023-03-13,9274
4960,誠美材,117,0,117,凱基-鳳山,2023-03-13,9274
2888,新光金,113,1,112,凱基-鳳山,2023-03-13,9274
2892,第一金,102,8,94,凱基-鳳山,2023-03-13,9274
2609,陽明,145,69,76,凱基-鳳山,2023-03-13,9274
00642U,期元大S＆P石油,63,0,63,凱基-鳳山,2023-03-13,9274
2834,臺企銀,63,5,58,凱基-鳳山,2023-03-13,9274
2359,所羅門,123,65,58,凱基-鳳山,2023-03-13,9274
1504,東元,68,15,53,凱基-鳳山,2023-03-13,9274
2344,華邦電,55,5,50,凱基-鳳山,2023-03-13,9274
1102,亞泥,41,0,41,凱基-鳳山,2023-03-13,9274
00706L,期元大S＆P日圓正2,39,0,39,凱基-鳳山,2023-03-13,9274
1101,台泥,41,2,39,凱基-鳳山,2023-03-13,9274
00664R,國泰臺灣加權反1,34,0,34,凱基-鳳山,2023-03-13,9274
2884,玉山金,32,1,31,凱基-鳳山,2023-03-13,9274
00669R,國泰美國道瓊反1,28,0,28,凱基-鳳山,2023-03-13,9274
2460,建通,49,21,28,凱基-鳳山,2023-03-13,9274
2014,中鴻,30,4,26,凱基-鳳山,2023-03-13,9274
2353,宏��,32,7,25,凱基-鳳山,2023-03-13,9274
3380,明泰,26,1,25,凱基-鳳山,2023-03-13,9274
3481,群創,34,9,25,凱基-鳳山,2023-03-13,9274
6756,威鋒電子,25,2,23,凱基-鳳山,2023-03-13,9274
2891,中信金,22,0,22,凱基-鳳山,2023-03-13,9274
3217,優群,22,0,22,凱基-鳳山,2023-03-13,9274
6274,台燿,22,0,22,凱基-鳳山,2023-03-13,9274
2634,漢翔,29,12,17,凱基-鳳山,2023-03-13,9274
2739,寒舍,14,0,14,凱基-鳳山,2023-03-13,9274
2850,新產,14,0,14,凱基-鳳山,2023-03-13,9274
6234,高僑,15,1,14,凱基-鳳山,2023-03-13,9274
00715L,期街口布蘭特正2,16,3,13,凱基-鳳山,2023-03-13,9274
3035,智原,22,9,13,凱基-鳳山,2023-03-13,9274
4707,磐亞,13,0,13,凱基-鳳山,2023-03-13,9274
2881,富邦金,13,0,13,凱基-鳳山,2023-03-13,9274
5880,合庫金,11,0,11,凱基-鳳山,2023-03-13,9274
2527,宏璟,11,0,11,凱基-鳳山,2023-03-13,9274
3527,聚積,11,0,11,凱基-鳳山,2023-03-13,9274
6414,樺漢,11,0,11,凱基-鳳山,2023-03-13,9274
6239,力成,11,0,11,凱基-鳳山,2023-03-13,9274
8096,擎亞,10,0,10,凱基-鳳山,2023-03-13,9274
00751B,元大AAA至A公司債,10,0,10,凱基-鳳山,2023-03-13,9274
1519,華城,19,9,10,凱基-鳳山,2023-03-13,9274
2610,華航,18,8,10,凱基-鳳山,2023-03-13,9274
8222,寶一,13,3,10,凱基-鳳山,2023-03-13,9274
00713,元大台灣高息低波,9,0,9,凱基-鳳山,2023-03-13,9274
1314,中石化,19,10,9,凱基-鳳山,2023-03-13,9274
1810,和成,9,0,9,凱基-鳳山,2023-03-13,9274
2331,精英,10,1,9,凱基-鳳山,2023-03-13,9274
3432,台端,11,2,9,凱基-鳳山,2023-03-13,9274
6609,瀧澤科,9,0,9,凱基-鳳山,2023-03-13,9274
2427,三商電,495,178,317,凱基-鳳山,2023-03-14,9274
00878,國泰永續高股息,207,9,198,凱基-鳳山,2023-03-14,9274
2610,華航,117,7,110,凱基-鳳山,2023-03-14,9274
2618,長榮航,183,79,104,凱基-鳳山,2023-03-14,9274
1909,榮成,91,0,91,凱基-鳳山,2023-03-14,9274
2409,友達,79,3,76,凱基-鳳山,2023-03-14,9274
4960,誠美材,73,0,73,凱基-鳳山,2023-03-14,9274
2891,中信金,52,0,52,凱基-鳳山,2023-03-14,9274
2359,所羅門,58,8,50,凱基-鳳山,2023-03-14,9274
00680L,元大美債20正2,55,12,43,凱基-鳳山,2023-03-14,9274
4543,萬在,40,2,38,凱基-鳳山,2023-03-14,9274
2303,聯電,37,1,36,凱基-鳳山,2023-03-14,9274
2882,國泰金,39,4,35,凱基-鳳山,2023-03-14,9274
2880,華南金,34,0,34,凱基-鳳山,2023-03-14,9274
6116,彩晶,33,1,32,凱基-鳳山,2023-03-14,9274
6163,華電網,99,67,32,凱基-鳳山,2023-03-14,9274
2615,萬海,35,7,28,凱基-鳳山,2023-03-14,9274
00670L,富邦NASDAQ正2,27,0,27,凱基-鳳山,2023-03-14,9274
6274,台燿,26,0,26,凱基-鳳山,2023-03-14,9274
2027,大成鋼,43,17,26,凱基-鳳山,2023-03-14,9274
6122,擎邦,30,5,25,凱基-鳳山,2023-03-14,9274
00713,元大台灣高息低波,24,0,24,凱基-鳳山,2023-03-14,9274
5880,合庫金,24,0,24,凱基-鳳山,2023-03-14,9274
3481,群創,27,6,21,凱基-鳳山,2023-03-14,9274
0056,元大高股息,21,1,20,凱基-鳳山,2023-03-14,9274
00671R,富邦NASDAQ反1,20,0,20,凱基-鳳山,2023-03-14,9274
2892,第一金,20,2,18,凱基-鳳山,2023-03-14,9274
1314,中石化,24,6,18,凱基-鳳山,2023-03-14,9274
1504,東元,46,28,18,凱基-鳳山,2023-03-14,9274
2812,台中銀,17,0,17,凱基-鳳山,2023-03-14,9274
2460,建通,22,5,17,凱基-鳳山,2023-03-14,9274
2645,長榮航太,19,3,16,凱基-鳳山,2023-03-14,9274
6570,維田,16,0,16,凱基-鳳山,2023-03-14,9274
00706L,期元大S＆P日圓正2,15,0,15,凱基-鳳山,2023-03-14,9274
00715L,期街口布蘭特正2,15,0,15,凱基-鳳山,2023-03-14,9274
3217,優群,16,2,14,凱基-鳳山,2023-03-14,9274
2834,臺企銀,17,4,13,凱基-鳳山,2023-03-14,9274
00679B,元大美債20年,13,1,12,凱基-鳳山,2023-03-14,9274
00893,國泰智能電動車,12,0,12,凱基-鳳山,2023-03-14,9274
5351,鈺創,13,1,12,凱基-鳳山,2023-03-14,9274
6269,台郡,12,0,12,凱基-鳳山,2023-03-14,9274
8070,長華*,12,0,12,凱基-鳳山,2023-03-14,9274
0050,元大台灣50,11,0,11,凱基-鳳山,2023-03-14,9274
2388,威盛,24,13,11,凱基-鳳山,2023-03-14,9274
3093,港建*,11,0,11,凱基-鳳山,2023-03-14,9274
6177,達麗,11,0,11,凱基-鳳山,2023-03-14,9274
00771,元大US高息特別股,10,0,10,凱基-鳳山,2023-03-14,9274
1342,八貫,10,0,10,凱基-鳳山,2023-03-14,9274
1718,中纖,10,0,10,凱基-鳳山,2023-03-14,9274
2358,廷鑫,10,0,10,凱基-鳳山,2023-03-14,9274
00632R,元大台灣50反1,462,0,462,凱基-鳳山,2023-03-15,9274
00637L,元大滬深300正2,150,30,120,凱基-鳳山,2023-03-15,9274
00715L,期街口布蘭特正2,169,56,113,凱基-鳳山,2023-03-15,9274
6122,擎邦,125,30,95,凱基-鳳山,2023-03-15,9274
00878,國泰永續高股息,89,6,83,凱基-鳳山,2023-03-15,9274
6116,彩晶,87,11,76,凱基-鳳山,2023-03-15,9274
2890,永豐金,51,0,51,凱基-鳳山,2023-03-15,9274
2603,長榮,77,32,45,凱基-鳳山,2023-03-15,9274
2413,環科,38,0,38,凱基-鳳山,2023-03-15,9274
6125,廣運,61,25,36,凱基-鳳山,2023-03-15,9274
3380,明泰,34,3,31,凱基-鳳山,2023-03-15,9274
2855,統一證,30,0,30,凱基-鳳山,2023-03-15,9274
00712,復華富時不動產,23,0,23,凱基-鳳山,2023-03-15,9274
00713,元大台灣高息低波,21,0,21,凱基-鳳山,2023-03-15,9274
2020,美亞,21,0,21,凱基-鳳山,2023-03-15,9274
1467,南緯,20,0,20,凱基-鳳山,2023-03-15,9274
1584,精剛,20,0,20,凱基-鳳山,2023-03-15,9274
2607,榮運,22,3,19,凱基-鳳山,2023-03-15,9274
2453,凌群,46,29,17,凱基-鳳山,2023-03-15,9274
5880,合庫金,17,0,17,凱基-鳳山,2023-03-15,9274
2883,凱基金,19,4,15,凱基-鳳山,2023-03-15,9274
2614,東森,14,0,14,凱基-鳳山,2023-03-15,9274
2388,威盛,36,23,13,凱基-鳳山,2023-03-15,9274
3209,全科,24,12,12,凱基-鳳山,2023-03-15,9274
5258,虹堡,12,0,12,凱基-鳳山,2023-03-15,9274
3189,景碩,11,0,11,凱基-鳳山,2023-03-15,9274
2409,友達,11,0,11,凱基-鳳山,2023-03-15,9274
5309,系統電,11,0,11,凱基-鳳山,2023-03-15,9274
2882,國泰金,13,2,11,凱基-鳳山,2023-03-15,9274
2891,中信金,42,32,10,凱基-鳳山,2023-03-15,9274
2375,凱美,10,0,10,凱基-鳳山,2023-03-15,9274
3576,聯合再生,41,31,10,凱基-鳳山,2023-03-15,9274
4510,高鋒,10,0,10,凱基-鳳山,2023-03-15,9274
4976,佳凌,10,0,10,凱基-鳳山,2023-03-15,9274
6217,中探針,10,0,10,凱基-鳳山,2023-03-15,9274
7402,邑錡,10,0,10,凱基-鳳山,2023-03-15,9274
5512,力麒,10,0,10,凱基-鳳山,2023-03-15,9274
2457,飛宏,41,32,9,凱基-鳳山,2023-03-15,9274
00653L,富邦印度正2,9,0,9,凱基-鳳山,2023-03-15,9274
6799,來頡,13,4,9,凱基-鳳山,2023-03-15,9274
8454,富邦媒,8,0,8,凱基-鳳山,2023-03-15,9274
3701,大眾控,9,1,8,凱基-鳳山,2023-03-15,9274
3481,群創,18,11,7,凱基-鳳山,2023-03-15,9274
1810,和成,8,1,7,凱基-鳳山,2023-03-15,9274
2527,宏璟,7,0,7,凱基-鳳山,2023-03-15,9274
2880,華南金,6,0,6,凱基-鳳山,2023-03-15,9274
2312,金寶,11,5,6,凱基-鳳山,2023-03-15,9274
2313,華通,8,2,6,凱基-鳳山,2023-03-15,9274
2460,建通,12,6,6,凱基-鳳山,2023-03-15,9274
3162,精確,23,17,6,凱基-鳳山,2023-03-15,9274
2834,臺企銀,242,59,183,凱基-鳳山,2023-03-16,9274
2891,中信金,195,14,181,凱基-鳳山,2023-03-16,9274
00878,國泰永續高股息,178,17,161,凱基-鳳山,2023-03-16,9274
6116,彩晶,163,20,143,凱基-鳳山,2023-03-16,9274
2427,三商電,145,11,134,凱基-鳳山,2023-03-16,9274
1909,榮成,90,1,89,凱基-鳳山,2023-03-16,9274
2603,長榮,88,18,70,凱基-鳳山,2023-03-16,9274
1314,中石化,64,3,61,凱基-鳳山,2023-03-16,9274
2460,建通,51,8,43,凱基-鳳山,2023-03-16,9274
1444,力麗,40,0,40,凱基-鳳山,2023-03-16,9274
3035,智原,77,44,33,凱基-鳳山,2023-03-16,9274
2884,玉山金,206,175,31,凱基-鳳山,2023-03-16,9274
00642U,期元大S＆P石油,30,0,30,凱基-鳳山,2023-03-16,9274
00664R,國泰臺灣加權反1,30,0,30,凱基-鳳山,2023-03-16,9274
2481,強茂,39,9,30,凱基-鳳山,2023-03-16,9274
2888,新光金,27,0,27,凱基-鳳山,2023-03-16,9274
2609,陽明,43,16,27,凱基-鳳山,2023-03-16,9274
5880,合庫金,26,0,26,凱基-鳳山,2023-03-16,9274
2637,慧洋-KY,24,0,24,凱基-鳳山,2023-03-16,9274
4164,承業醫,45,21,24,凱基-鳳山,2023-03-16,9274
3058,立德,29,7,22,凱基-鳳山,2023-03-16,9274
1718,中纖,20,0,20,凱基-鳳山,2023-03-16,9274
1907,永豐餘,20,0,20,凱基-鳳山,2023-03-16,9274
5014,建錩,20,0,20,凱基-鳳山,2023-03-16,9274
5515,建國,20,2,18,凱基-鳳山,2023-03-16,9274
2615,萬海,27,11,16,凱基-鳳山,2023-03-16,9274
8112,至上,21,6,15,凱基-鳳山,2023-03-16,9274
2880,華南金,15,0,15,凱基-鳳山,2023-03-16,9274
00885,富邦越南,14,1,13,凱基-鳳山,2023-03-16,9274
6414,樺漢,13,0,13,凱基-鳳山,2023-03-16,9274
00679B,元大美債20年,13,0,13,凱基-鳳山,2023-03-16,9274
1101,台泥,13,0,13,凱基-鳳山,2023-03-16,9274
3056,富華新,34,21,13,凱基-鳳山,2023-03-16,9274
4707,磐亞,12,0,12,凱基-鳳山,2023-03-16,9274
8069,元太,19,8,11,凱基-鳳山,2023-03-16,9274
2453,凌群,46,35,11,凱基-鳳山,2023-03-16,9274
2881,富邦金,14,3,11,凱基-鳳山,2023-03-16,9274
2312,金寶,10,0,10,凱基-鳳山,2023-03-16,9274
2498,宏達電,12,2,10,凱基-鳳山,2023-03-16,9274
2601,益航,10,0,10,凱基-鳳山,2023-03-16,9274
2897,王道銀行,10,0,10,凱基-鳳山,2023-03-16,9274
5483,中美晶,10,0,10,凱基-鳳山,2023-03-16,9274
2885,元大金,9,0,9,凱基-鳳山,2023-03-16,9274
1584,精剛,39,30,9,凱基-鳳山,2023-03-16,9274
1316,上曜,12,3,9,凱基-鳳山,2023-03-16,9274
1409,新纖,10,1,9,凱基-鳳山,2023-03-16,9274
2850,新產,9,0,9,凱基-鳳山,2023-03-16,9274
00715L,期街口布蘭特正2,118,110,8,凱基-鳳山,2023-03-16,9274
1522,堤維西,9,1,8,凱基-鳳山,2023-03-16,9274
2457,飛宏,40,32,8,凱基-鳳山,2023-03-16,9274
2834,臺企銀,162,3,159,凱基-鳳山,2023-03-17,9274
2359,所羅門,176,21,155,凱基-鳳山,2023-03-17,9274
4906,正文,103,1,102,凱基-鳳山,2023-03-17,9274
2881,富邦金,76,3,73,凱基-鳳山,2023-03-17,9274
2609,陽明,77,5,72,凱基-鳳山,2023-03-17,9274
00632R,元大台灣50反1,106,50,56,凱基-鳳山,2023-03-17,9274
2891,中信金,52,4,48,凱基-鳳山,2023-03-17,9274
6116,彩晶,73,28,45,凱基-鳳山,2023-03-17,9274
2605,新興,46,5,41,凱基-鳳山,2023-03-17,9274
2610,華航,39,0,39,凱基-鳳山,2023-03-17,9274
3231,緯創,35,0,35,凱基-鳳山,2023-03-17,9274
1336,台翰,34,0,34,凱基-鳳山,2023-03-17,9274
2845,遠東銀,33,5,28,凱基-鳳山,2023-03-17,9274
2527,宏璟,25,0,25,凱基-鳳山,2023-03-17,9274
911868,同方友友-DR,23,0,23,凱基-鳳山,2023-03-17,9274
00878,國泰永續高股息,23,1,22,凱基-鳳山,2023-03-17,9274
1611,中電,23,2,21,凱基-鳳山,2023-03-17,9274
00664R,國泰臺灣加權反1,20,0,20,凱基-鳳山,2023-03-17,9274
00642U,期元大S＆P石油,20,0,20,凱基-鳳山,2023-03-17,9274
2495,普安,21,1,20,凱基-鳳山,2023-03-17,9274
2603,長榮,18,1,17,凱基-鳳山,2023-03-17,9274
6799,來頡,16,1,15,凱基-鳳山,2023-03-17,9274
5534,長虹,15,0,15,凱基-鳳山,2023-03-17,9274
00885,富邦越南,12,0,12,凱基-鳳山,2023-03-17,9274
00679B,元大美債20年,12,0,12,凱基-鳳山,2023-03-17,9274
00715L,期街口布蘭特正2,14,2,12,凱基-鳳山,2023-03-17,9274
00680L,元大美債20正2,12,0,12,凱基-鳳山,2023-03-17,9274
2801,彰銀,13,2,11,凱基-鳳山,2023-03-17,9274
6449,鈺邦,18,7,11,凱基-鳳山,2023-03-17,9274
2890,永豐金,10,0,10,凱基-鳳山,2023-03-17,9274
00676R,富邦臺灣加權反1,10,0,10,凱基-鳳山,2023-03-17,9274
1314,中石化,10,0,10,凱基-鳳山,2023-03-17,9274
1316,上曜,10,0,10,凱基-鳳山,2023-03-17,9274
2601,益航,10,0,10,凱基-鳳山,2023-03-17,9274
6243,迅杰,10,0,10,凱基-鳳山,2023-03-17,9274
9904,寶成,10,0,10,凱基-鳳山,2023-03-17,9274
9945,潤泰新,11,1,10,凱基-鳳山,2023-03-17,9274
00713,元大台灣高息低波,11,2,9,凱基-鳳山,2023-03-17,9274
6752,叡揚,9,0,9,凱基-鳳山,2023-03-17,9274
8101,華冠,9,0,9,凱基-鳳山,2023-03-17,9274
6125,廣運,10,1,9,凱基-鳳山,2023-03-17,9274
2007,燁興,8,0,8,凱基-鳳山,2023-03-17,9274
8358,金居,9,1,8,凱基-鳳山,2023-03-17,9274
2481,強茂,12,5,7,凱基-鳳山,2023-03-17,9274
2516,新建,7,0,7,凱基-鳳山,2023-03-17,9274
4114,健喬,7,0,7,凱基-鳳山,2023-03-17,9274
006208,富邦台50,8,1,7,凱基-鳳山,2023-03-17,9274
1584,精剛,6,0,6,凱基-鳳山,2023-03-17,9274
2884,玉山金,6,0,6,凱基-鳳山,2023-03-17,9274
6133,金橋,8,2,6,凱基-鳳山,2023-03-17,9274
2406,國碩,147,9,138,凱基-鳳山,2023-03-20,9274
00632R,元大台灣50反1,83,10,73,凱基-鳳山,2023-03-20,9274
00878,國泰永續高股息,62,0,62,凱基-鳳山,2023-03-20,9274
00674R,期元大S＆P黃金反1,61,0,61,凱基-鳳山,2023-03-20,9274
1605,華新,60,7,53,凱基-鳳山,2023-03-20,9274
00650L,復華香港正2,45,0,45,凱基-鳳山,2023-03-20,9274
2891,中信金,145,101,44,凱基-鳳山,2023-03-20,9274
1316,上曜,40,0,40,凱基-鳳山,2023-03-20,9274
00882,中信中國高股息,39,1,38,凱基-鳳山,2023-03-20,9274
8996,高力,62,26,36,凱基-鳳山,2023-03-20,9274
3035,智原,109,75,34,凱基-鳳山,2023-03-20,9274
8033,雷虎,38,4,34,凱基-鳳山,2023-03-20,9274
00885,富邦越南,37,4,33,凱基-鳳山,2023-03-20,9274
3005,神基,31,0,31,凱基-鳳山,2023-03-20,9274
2303,聯電,39,12,27,凱基-鳳山,2023-03-20,9274
2867,三商壽,35,10,25,凱基-鳳山,2023-03-20,9274
2881,富邦金,26,2,24,凱基-鳳山,2023-03-20,9274
1314,中石化,24,1,23,凱基-鳳山,2023-03-20,9274
1304,台聚,24,1,23,凱基-鳳山,2023-03-20,9274
2887,台新金,20,0,20,凱基-鳳山,2023-03-20,9274
00715L,期街口布蘭特正2,19,0,19,凱基-鳳山,2023-03-20,9274
1504,東元,24,8,16,凱基-鳳山,2023-03-20,9274
5483,中美晶,16,0,16,凱基-鳳山,2023-03-20,9274
6244,茂迪,59,44,15,凱基-鳳山,2023-03-20,9274
00642U,期元大S＆P石油,15,0,15,凱基-鳳山,2023-03-20,9274
00637L,元大滬深300正2,120,105,15,凱基-鳳山,2023-03-20,9274
2834,臺企銀,16,1,15,凱基-鳳山,2023-03-20,9274
3594,磐儀,22,7,15,凱基-鳳山,2023-03-20,9274
4976,佳凌,16,3,13,凱基-鳳山,2023-03-20,9274
3217,優群,13,0,13,凱基-鳳山,2023-03-20,9274
3209,全科,12,0,12,凱基-鳳山,2023-03-20,9274
1611,中電,11,0,11,凱基-鳳山,2023-03-20,9274
911868,同方友友-DR,11,0,11,凱基-鳳山,2023-03-20,9274
2882,國泰金,15,5,10,凱基-鳳山,2023-03-20,9274
00633L,富邦上証正2,11,1,10,凱基-鳳山,2023-03-20,9274
2358,廷鑫,10,0,10,凱基-鳳山,2023-03-20,9274
2614,東森,10,0,10,凱基-鳳山,2023-03-20,9274
3701,大眾控,10,0,10,凱基-鳳山,2023-03-20,9274
6125,廣運,10,0,10,凱基-鳳山,2023-03-20,9274
9962,有益,10,0,10,凱基-鳳山,2023-03-20,9274
2429,銘旺科,9,0,9,凱基-鳳山,2023-03-20,9274
3231,緯創,12,3,9,凱基-鳳山,2023-03-20,9274
00712,復華富時不動產,8,0,8,凱基-鳳山,2023-03-20,9274
2317,鴻海,8,0,8,凱基-鳳山,2023-03-20,9274
4532,瑞智,8,0,8,凱基-鳳山,2023-03-20,9274
5608,四維航,7,0,7,凱基-鳳山,2023-03-20,9274
00713,元大台灣高息低波,8,2,6,凱基-鳳山,2023-03-20,9274
4919,新唐,7,1,6,凱基-鳳山,2023-03-20,9274
5464,霖宏,6,0,6,凱基-鳳山,2023-03-20,9274
6770,力積電,34,28,6,凱基-鳳山,2023-03-20,9274
1504,東元,159,5,154,凱基-鳳山,2023-03-21,9274
6116,彩晶,136,33,103,凱基-鳳山,2023-03-21,9274
00632R,元大台灣50反1,85,0,85,凱基-鳳山,2023-03-21,9274
1710,東聯,60,0,60,凱基-鳳山,2023-03-21,9274
00688L,國泰20年美債正2,50,0,50,凱基-鳳山,2023-03-21,9274
2409,友達,57,12,45,凱基-鳳山,2023-03-21,9274
4906,正文,46,2,44,凱基-鳳山,2023-03-21,9274
6443,元晶,73,30,43,凱基-鳳山,2023-03-21,9274
00885,富邦越南,38,0,38,凱基-鳳山,2023-03-21,9274
8289,泰藝,42,4,38,凱基-鳳山,2023-03-21,9274
2406,國碩,35,0,35,凱基-鳳山,2023-03-21,9274
2888,新光金,25,0,25,凱基-鳳山,2023-03-21,9274
6274,台燿,25,3,22,凱基-鳳山,2023-03-21,9274
2881,富邦金,22,0,22,凱基-鳳山,2023-03-21,9274
1468,昶和,20,1,19,凱基-鳳山,2023-03-21,9274
1907,永豐餘,19,0,19,凱基-鳳山,2023-03-21,9274
1609,大亞,17,0,17,凱基-鳳山,2023-03-21,9274
2460,建通,16,0,16,凱基-鳳山,2023-03-21,9274
4934,太極,17,3,14,凱基-鳳山,2023-03-21,9274
3035,智原,47,34,13,凱基-鳳山,2023-03-21,9274
00751B,元大AAA至A公司債,12,0,12,凱基-鳳山,2023-03-21,9274
1810,和成,10,0,10,凱基-鳳山,2023-03-21,9274
00664R,國泰臺灣加權反1,10,0,10,凱基-鳳山,2023-03-21,9274
00680L,元大美債20正2,10,0,10,凱基-鳳山,2023-03-21,9274
2017,官田鋼,10,0,10,凱基-鳳山,2023-03-21,9274
2328,廣宇,10,0,10,凱基-鳳山,2023-03-21,9274
2387,精元,10,0,10,凱基-鳳山,2023-03-21,9274
2453,凌群,69,59,10,凱基-鳳山,2023-03-21,9274
911868,同方友友-DR,10,0,10,凱基-鳳山,2023-03-21,9274
9962,有益,10,0,10,凱基-鳳山,2023-03-21,9274
6776,展�眥篕�,10,0,10,凱基-鳳山,2023-03-21,9274
00878,國泰永續高股息,9,0,9,凱基-鳳山,2023-03-21,9274
2457,飛宏,39,30,9,凱基-鳳山,2023-03-21,9274
6266,泰詠,11,2,9,凱基-鳳山,2023-03-21,9274
6244,茂迪,26,18,8,凱基-鳳山,2023-03-21,9274
2388,威盛,19,11,8,凱基-鳳山,2023-03-21,9274
2887,台新金,8,0,8,凱基-鳳山,2023-03-21,9274
6163,華電網,11,3,8,凱基-鳳山,2023-03-21,9274
2332,友訊,7,0,7,凱基-鳳山,2023-03-21,9274
2303,聯電,28,21,7,凱基-鳳山,2023-03-21,9274
3694,海華,7,0,7,凱基-鳳山,2023-03-21,9274
00900,富邦特選高股息30,6,0,6,凱基-鳳山,2023-03-21,9274
3704,合勤控,6,0,6,凱基-鳳山,2023-03-21,9274
4961,天鈺,9,3,6,凱基-鳳山,2023-03-21,9274
5534,長虹,6,0,6,凱基-鳳山,2023-03-21,9274
2603,長榮,10,5,5,凱基-鳳山,2023-03-21,9274
5009,榮剛,6,1,5,凱基-鳳山,2023-03-21,9274
3029,零壹,34,29,5,凱基-鳳山,2023-03-21,9274
2610,華航,5,0,5,凱基-鳳山,2023-03-21,9274
5425,台半,10,5,5,凱基-鳳山,2023-03-21,9274
00632R,元大台灣50反1,162,0,162,凱基-鳳山,2023-03-22,9274
1519,華城,102,9,93,凱基-鳳山,2023-03-22,9274
1529,樂事綠能,159,66,93,凱基-鳳山,2023-03-22,9274
6116,彩晶,92,0,92,凱基-鳳山,2023-03-22,9274
1513,中興電,93,3,90,凱基-鳳山,2023-03-22,9274
00688L,國泰20年美債正2,50,0,50,凱基-鳳山,2023-03-22,9274
3715,定穎投控,37,1,36,凱基-鳳山,2023-03-22,9274
00680L,元大美債20正2,33,0,33,凱基-鳳山,2023-03-22,9274
3516,亞帝歐,33,0,33,凱基-鳳山,2023-03-22,9274
6548,長科*,33,3,30,凱基-鳳山,2023-03-22,9274
2204,中華,31,4,27,凱基-鳳山,2023-03-22,9274
3189,景碩,24,3,21,凱基-鳳山,2023-03-22,9274
1316,上曜,21,0,21,凱基-鳳山,2023-03-22,9274
2617,台航,20,0,20,凱基-鳳山,2023-03-22,9274
6234,高僑,20,0,20,凱基-鳳山,2023-03-22,9274
00642U,期元大S＆P石油,20,2,18,凱基-鳳山,2023-03-22,9274
2881,富邦金,20,2,18,凱基-鳳山,2023-03-22,9274
8289,泰藝,18,0,18,凱基-鳳山,2023-03-22,9274
8171,天宇,18,1,17,凱基-鳳山,2023-03-22,9274
6290,良維,19,2,17,凱基-鳳山,2023-03-22,9274
2527,宏璟,15,0,15,凱基-鳳山,2023-03-22,9274
1611,中電,14,0,14,凱基-鳳山,2023-03-22,9274
2302,麗正,19,5,14,凱基-鳳山,2023-03-22,9274
2457,飛宏,23,9,14,凱基-鳳山,2023-03-22,9274
3013,晟銘電,18,5,13,凱基-鳳山,2023-03-22,9274
2867,三商壽,12,0,12,凱基-鳳山,2023-03-22,9274
6288,聯嘉,16,4,12,凱基-鳳山,2023-03-22,9274
6104,創惟,11,0,11,凱基-鳳山,2023-03-22,9274
2430,燦坤,11,0,11,凱基-鳳山,2023-03-22,9274
2460,建通,11,0,11,凱基-鳳山,2023-03-22,9274
2834,臺企銀,26,15,11,凱基-鳳山,2023-03-22,9274
2880,華南金,10,0,10,凱基-鳳山,2023-03-22,9274
00664R,國泰臺灣加權反1,10,0,10,凱基-鳳山,2023-03-22,9274
00706L,期元大S＆P日圓正2,10,0,10,凱基-鳳山,2023-03-22,9274
1314,中石化,10,0,10,凱基-鳳山,2023-03-22,9274
2009,第一銅,10,0,10,凱基-鳳山,2023-03-22,9274
2472,立隆電,11,1,10,凱基-鳳山,2023-03-22,9274
2739,寒舍,10,0,10,凱基-鳳山,2023-03-22,9274
4168,醣聯,10,0,10,凱基-鳳山,2023-03-22,9274
00882,中信中國高股息,10,1,9,凱基-鳳山,2023-03-22,9274
3264,欣銓,10,1,9,凱基-鳳山,2023-03-22,9274
2891,中信金,9,0,9,凱基-鳳山,2023-03-22,9274
5388,中磊,9,0,9,凱基-鳳山,2023-03-22,9274
6719,力智,13,4,9,凱基-鳳山,2023-03-22,9274
8996,高力,11,2,9,凱基-鳳山,2023-03-22,9274
00679B,元大美債20年,14,6,8,凱基-鳳山,2023-03-22,9274
5353,台林,14,6,8,凱基-鳳山,2023-03-22,9274
8071,能率網通,8,0,8,凱基-鳳山,2023-03-22,9274
2453,凌群,32,25,7,凱基-鳳山,2023-03-22,9274
8069,元太,14,8,6,凱基-鳳山,2023-03-22,9274
3322,建舜電,305,46,259,凱基-鳳山,2023-03-23,9274
00632R,元大台灣50反1,120,0,120,凱基-鳳山,2023-03-23,9274
3481,群創,110,36,74,凱基-鳳山,2023-03-23,9274
2409,友達,66,1,65,凱基-鳳山,2023-03-23,9274
6235,華孚,52,1,51,凱基-鳳山,2023-03-23,9274
00650L,復華香港正2,45,0,45,凱基-鳳山,2023-03-23,9274
2421,建準,50,6,44,凱基-鳳山,2023-03-23,9274
2634,漢翔,53,14,39,凱基-鳳山,2023-03-23,9274
2883,凱基金,38,1,37,凱基-鳳山,2023-03-23,9274
1513,中興電,56,23,33,凱基-鳳山,2023-03-23,9274
2460,建通,32,2,30,凱基-鳳山,2023-03-23,9274
2303,聯電,30,1,29,凱基-鳳山,2023-03-23,9274
2481,強茂,37,10,27,凱基-鳳山,2023-03-23,9274
00878,國泰永續高股息,46,21,25,凱基-鳳山,2023-03-23,9274
00885,富邦越南,24,0,24,凱基-鳳山,2023-03-23,9274
2880,華南金,26,4,22,凱基-鳳山,2023-03-23,9274
2014,中鴻,25,3,22,凱基-鳳山,2023-03-23,9274
2427,三商電,20,0,20,凱基-鳳山,2023-03-23,9274
3516,亞帝歐,20,0,20,凱基-鳳山,2023-03-23,9274
2031,新光鋼,18,0,18,凱基-鳳山,2023-03-23,9274
2009,第一銅,17,0,17,凱基-鳳山,2023-03-23,9274
8936,國統,19,2,17,凱基-鳳山,2023-03-23,9274
5351,鈺創,33,16,17,凱基-鳳山,2023-03-23,9274
2027,大成鋼,16,0,16,凱基-鳳山,2023-03-23,9274
2603,長榮,22,7,15,凱基-鳳山,2023-03-23,9274
2618,長榮航,14,0,14,凱基-鳳山,2023-03-23,9274
2881,富邦金,17,3,14,凱基-鳳山,2023-03-23,9274
6244,茂迪,15,2,13,凱基-鳳山,2023-03-23,9274
6282,康舒,14,1,13,凱基-鳳山,2023-03-23,9274
2482,連宇,15,3,12,凱基-鳳山,2023-03-23,9274
3088,艾訊,12,0,12,凱基-鳳山,2023-03-23,9274
2617,台航,11,0,11,凱基-鳳山,2023-03-23,9274
3432,台端,21,10,11,凱基-鳳山,2023-03-23,9274
1524,耿鼎,12,2,10,凱基-鳳山,2023-03-23,9274
00664R,國泰臺灣加權反1,10,0,10,凱基-鳳山,2023-03-23,9274
00706L,期元大S＆P日圓正2,10,0,10,凱基-鳳山,2023-03-23,9274
1442,名軒,10,0,10,凱基-鳳山,2023-03-23,9274
4950,牧東,10,0,10,凱基-鳳山,2023-03-23,9274
6582,申豐,10,0,10,凱基-鳳山,2023-03-23,9274
8050,廣積,13,3,10,凱基-鳳山,2023-03-23,9274
2342,茂矽,9,0,9,凱基-鳳山,2023-03-23,9274
3162,精確,12,3,9,凱基-鳳山,2023-03-23,9274
00679B,元大美債20年,12,4,8,凱基-鳳山,2023-03-23,9274
2472,立隆電,8,0,8,凱基-鳳山,2023-03-23,9274
4934,太極,11,3,8,凱基-鳳山,2023-03-23,9274
2317,鴻海,13,5,8,凱基-鳳山,2023-03-23,9274
8996,高力,48,41,7,凱基-鳳山,2023-03-23,9274
2492,華新科,7,0,7,凱基-鳳山,2023-03-23,9274
2414,精技,7,0,7,凱基-鳳山,2023-03-23,9274
3290,東浦,8,1,7,凱基-鳳山,2023-03-23,9274
1313,聯成,102,0,102,凱基-鳳山,2023-03-24,9274
2609,陽明,97,7,90,凱基-鳳山,2023-03-24,9274
3499,環天科,82,3,79,凱基-鳳山,2023-03-24,9274
4909,新復興,60,0,60,凱基-鳳山,2023-03-24,9274
1531,高林股,43,0,43,凱基-鳳山,2023-03-24,9274
4915,致伸,42,1,41,凱基-鳳山,2023-03-24,9274
3013,晟銘電,91,55,36,凱基-鳳山,2023-03-24,9274
6548,長科*,35,4,31,凱基-鳳山,2023-03-24,9274
2886,兆豐金,30,2,28,凱基-鳳山,2023-03-24,9274
00708L,期元大S＆P黃金正2,24,0,24,凱基-鳳山,2023-03-24,9274
2360,致茂,23,0,23,凱基-鳳山,2023-03-24,9274
2427,三商電,22,0,22,凱基-鳳山,2023-03-24,9274
2881,富邦金,21,0,21,凱基-鳳山,2023-03-24,9274
2534,宏盛,20,0,20,凱基-鳳山,2023-03-24,9274
2460,建通,19,0,19,凱基-鳳山,2023-03-24,9274
8011,台通,18,0,18,凱基-鳳山,2023-03-24,9274
3714,富采,22,5,17,凱基-鳳山,2023-03-24,9274
6274,台燿,20,3,17,凱基-鳳山,2023-03-24,9274
3264,欣銓,17,1,16,凱基-鳳山,2023-03-24,9274
2891,中信金,20,5,15,凱基-鳳山,2023-03-24,9274
00752,中信中國50,15,0,15,凱基-鳳山,2023-03-24,9274
3516,亞帝歐,13,0,13,凱基-鳳山,2023-03-24,9274
6806,森崴能源,30,17,13,凱基-鳳山,2023-03-24,9274
2882,國泰金,14,1,13,凱基-鳳山,2023-03-24,9274
2430,燦坤,12,0,12,凱基-鳳山,2023-03-24,9274
2302,麗正,14,2,12,凱基-鳳山,2023-03-24,9274
2409,友達,14,3,11,凱基-鳳山,2023-03-24,9274
00712,復華富時不動產,10,0,10,凱基-鳳山,2023-03-24,9274
1432,大魯閣,10,0,10,凱基-鳳山,2023-03-24,9274
4102,永日,10,0,10,凱基-鳳山,2023-03-24,9274
00738U,期元大道瓊白銀,10,0,10,凱基-鳳山,2023-03-24,9274
00893,國泰智能電動車,10,0,10,凱基-鳳山,2023-03-24,9274
2337,旺宏,10,0,10,凱基-鳳山,2023-03-24,9274
2388,威盛,25,15,10,凱基-鳳山,2023-03-24,9274
2883,凱基金,20,10,10,凱基-鳳山,2023-03-24,9274
3363,上詮,13,3,10,凱基-鳳山,2023-03-24,9274
3652,精聯,10,0,10,凱基-鳳山,2023-03-24,9274
4168,醣聯,10,0,10,凱基-鳳山,2023-03-24,9274
6188,廣明,10,0,10,凱基-鳳山,2023-03-24,9274
6266,泰詠,10,0,10,凱基-鳳山,2023-03-24,9274
6863,永道-KY,11,1,10,凱基-鳳山,2023-03-24,9274
1529,樂事綠能,9,0,9,凱基-鳳山,2023-03-24,9274
6231,系微,10,1,9,凱基-鳳山,2023-03-24,9274
6443,元晶,31,22,9,凱基-鳳山,2023-03-24,9274
2457,飛宏,11,3,8,凱基-鳳山,2023-03-24,9274
00885,富邦越南,19,11,8,凱基-鳳山,2023-03-24,9274
2498,宏達電,13,5,8,凱基-鳳山,2023-03-24,9274
5321,美而快,8,0,8,凱基-鳳山,2023-03-24,9274
8996,高力,8,0,8,凱基-鳳山,2023-03-24,9274
2369,菱生,7,0,7,凱基-鳳山,2023-03-24,9274
00637L,元大滬深300正2,300,0,300,凱基-鳳山,2023-03-27,9274
6288,聯嘉,152,64,88,凱基-鳳山,2023-03-27,9274
6244,茂迪,63,17,46,凱基-鳳山,2023-03-27,9274
2344,華邦電,53,7,46,凱基-鳳山,2023-03-27,9274
4532,瑞智,45,0,45,凱基-鳳山,2023-03-27,9274
3035,智原,110,68,42,凱基-鳳山,2023-03-27,9274
2886,兆豐金,44,4,40,凱基-鳳山,2023-03-27,9274
1605,華新,55,23,32,凱基-鳳山,2023-03-27,9274
00882,中信中國高股息,27,0,27,凱基-鳳山,2023-03-27,9274
6163,華電網,30,6,24,凱基-鳳山,2023-03-27,9274
3363,上詮,22,0,22,凱基-鳳山,2023-03-27,9274
6756,威鋒電子,21,0,21,凱基-鳳山,2023-03-27,9274
2317,鴻海,32,11,21,凱基-鳳山,2023-03-27,9274
3481,群創,23,5,18,凱基-鳳山,2023-03-27,9274
3691,碩禾,15,0,15,凱基-鳳山,2023-03-27,9274
8121,越峰,23,9,14,凱基-鳳山,2023-03-27,9274
2603,長榮,36,23,13,凱基-鳳山,2023-03-27,9274
00679B,元大美債20年,13,0,13,凱基-鳳山,2023-03-27,9274
2204,中華,13,0,13,凱基-鳳山,2023-03-27,9274
2105,正新,12,0,12,凱基-鳳山,2023-03-27,9274
4909,新復興,12,0,12,凱基-鳳山,2023-03-27,9274
6235,華孚,20,8,12,凱基-鳳山,2023-03-27,9274
6806,森崴能源,42,30,12,凱基-鳳山,2023-03-27,9274
3056,富華新,12,1,11,凱基-鳳山,2023-03-27,9274
00893,國泰智能電動車,11,0,11,凱基-鳳山,2023-03-27,9274
1720,生達,11,0,11,凱基-鳳山,2023-03-27,9274
3189,景碩,11,0,11,凱基-鳳山,2023-03-27,9274
4979,華星光,20,9,11,凱基-鳳山,2023-03-27,9274
5225,東科-KY,11,0,11,凱基-鳳山,2023-03-27,9274
8089,康全電訊,11,0,11,凱基-鳳山,2023-03-27,9274
2201,裕隆,11,0,11,凱基-鳳山,2023-03-27,9274
2006,東和鋼鐵,10,0,10,凱基-鳳山,2023-03-27,9274
2314,台揚,10,0,10,凱基-鳳山,2023-03-27,9274
2436,偉詮電,10,0,10,凱基-鳳山,2023-03-27,9274
00664R,國泰臺灣加權反1,10,0,10,凱基-鳳山,2023-03-27,9274
00680L,元大美債20正2,10,0,10,凱基-鳳山,2023-03-27,9274
2515,中工,10,0,10,凱基-鳳山,2023-03-27,9274
3017,奇鋐,14,4,10,凱基-鳳山,2023-03-27,9274
3218,大學光,11,1,10,凱基-鳳山,2023-03-27,9274
3224,三顧,10,0,10,凱基-鳳山,2023-03-27,9274
5302,太欣,10,0,10,凱基-鳳山,2023-03-27,9274
6150,撼訊,10,0,10,凱基-鳳山,2023-03-27,9274
6161,捷波,13,3,10,凱基-鳳山,2023-03-27,9274
6167,久正,10,0,10,凱基-鳳山,2023-03-27,9274
6234,高僑,10,0,10,凱基-鳳山,2023-03-27,9274
6606,建德工業,10,0,10,凱基-鳳山,2023-03-27,9274
2615,萬海,11,2,9,凱基-鳳山,2023-03-27,9274
3714,富采,9,0,9,凱基-鳳山,2023-03-27,9274
6770,力積電,11,2,9,凱基-鳳山,2023-03-27,9274
00688L,國泰20年美債正2,9,0,9,凱基-鳳山,2023-03-27,9274
2834,臺企銀,148,12,136,凱基-鳳山,2023-03-28,9274
6116,彩晶,121,0,121,凱基-鳳山,2023-03-28,9274
00688L,國泰20年美債正2,100,0,100,凱基-鳳山,2023-03-28,9274
8996,高力,103,10,93,凱基-鳳山,2023-03-28,9274
2634,漢翔,104,13,91,凱基-鳳山,2023-03-28,9274
3363,上詮,69,0,69,凱基-鳳山,2023-03-28,9274
3035,智原,90,34,56,凱基-鳳山,2023-03-28,9274
3047,訊舟,53,0,53,凱基-鳳山,2023-03-28,9274
2421,建準,77,26,51,凱基-鳳山,2023-03-28,9274
2409,友達,51,0,51,凱基-鳳山,2023-03-28,9274
6134,萬旭,59,15,44,凱基-鳳山,2023-03-28,9274
3701,大眾控,31,0,31,凱基-鳳山,2023-03-28,9274
2886,兆豐金,27,3,24,凱基-鳳山,2023-03-28,9274
1605,華新,44,21,23,凱基-鳳山,2023-03-28,9274
8289,泰藝,64,42,22,凱基-鳳山,2023-03-28,9274
2430,燦坤,20,0,20,凱基-鳳山,2023-03-28,9274
00671R,富邦NASDAQ反1,30,10,20,凱基-鳳山,2023-03-28,9274
1316,上曜,20,0,20,凱基-鳳山,2023-03-28,9274
6161,捷波,20,0,20,凱基-鳳山,2023-03-28,9274
4979,華星光,56,37,19,凱基-鳳山,2023-03-28,9274
5608,四維航,20,1,19,凱基-鳳山,2023-03-28,9274
6168,宏齊,29,10,19,凱基-鳳山,2023-03-28,9274
2892,第一金,18,0,18,凱基-鳳山,2023-03-28,9274
8222,寶一,29,11,18,凱基-鳳山,2023-03-28,9274
00680L,元大美債20正2,17,0,17,凱基-鳳山,2023-03-28,9274
2888,新光金,17,0,17,凱基-鳳山,2023-03-28,9274
3682,亞太電,17,0,17,凱基-鳳山,2023-03-28,9274
3645,達邁,15,0,15,凱基-鳳山,2023-03-28,9274
2820,華票,12,0,12,凱基-鳳山,2023-03-28,9274
2609,陽明,15,4,11,凱基-鳳山,2023-03-28,9274
1522,堤維西,11,0,11,凱基-鳳山,2023-03-28,9274
1524,耿鼎,12,1,11,凱基-鳳山,2023-03-28,9274
3294,英濟,11,0,11,凱基-鳳山,2023-03-28,9274
2303,聯電,13,2,11,凱基-鳳山,2023-03-28,9274
00922,國泰台灣領袖50,20,10,10,凱基-鳳山,2023-03-28,9274
2102,泰豐,10,0,10,凱基-鳳山,2023-03-28,9274
2312,金寶,10,0,10,凱基-鳳山,2023-03-28,9274
2382,廣達,10,0,10,凱基-鳳山,2023-03-28,9274
3441,聯一光,10,0,10,凱基-鳳山,2023-03-28,9274
4934,太極,15,5,10,凱基-鳳山,2023-03-28,9274
6411,晶焱,11,1,10,凱基-鳳山,2023-03-28,9274
00713,元大台灣高息低波,12,3,9,凱基-鳳山,2023-03-28,9274
2353,宏��,10,1,9,凱基-鳳山,2023-03-28,9274
00679B,元大美債20年,15,7,8,凱基-鳳山,2023-03-28,9274
8050,廣積,8,0,8,凱基-鳳山,2023-03-28,9274
1584,精剛,8,0,8,凱基-鳳山,2023-03-28,9274
6282,康舒,9,1,8,凱基-鳳山,2023-03-28,9274
2453,凌群,28,21,7,凱基-鳳山,2023-03-28,9274
1101,台泥,7,0,7,凱基-鳳山,2023-03-28,9274
2610,華航,10,3,7,凱基-鳳山,2023-03-28,9274
6550,北極星藥業-KY,100,0,100,凱基-鳳山,2023-03-29,9274
8033,雷虎,83,3,80,凱基-鳳山,2023-03-29,9274
2886,兆豐金,60,2,58,凱基-鳳山,2023-03-29,9274
00740B,富邦全球投等債,51,0,51,凱基-鳳山,2023-03-29,9274
2344,華邦電,54,3,51,凱基-鳳山,2023-03-29,9274
2845,遠東銀,40,0,40,凱基-鳳山,2023-03-29,9274
3711,日月光投控,41,7,34,凱基-鳳山,2023-03-29,9274
2609,陽明,41,8,33,凱基-鳳山,2023-03-29,9274
3013,晟銘電,39,7,32,凱基-鳳山,2023-03-29,9274
2441,超豐,30,0,30,凱基-鳳山,2023-03-29,9274
6163,華電網,30,0,30,凱基-鳳山,2023-03-29,9274
00922,國泰台灣領袖50,29,0,29,凱基-鳳山,2023-03-29,9274
3027,盛達,29,3,26,凱基-鳳山,2023-03-29,9274
6274,台燿,25,1,24,凱基-鳳山,2023-03-29,9274
3035,智原,46,22,24,凱基-鳳山,2023-03-29,9274
2867,三商壽,22,0,22,凱基-鳳山,2023-03-29,9274
2208,台船,23,2,21,凱基-鳳山,2023-03-29,9274
00882,中信中國高股息,19,0,19,凱基-鳳山,2023-03-29,9274
1752,南光,20,1,19,凱基-鳳山,2023-03-29,9274
3706,神達,18,0,18,凱基-鳳山,2023-03-29,9274
3715,定穎投控,137,120,17,凱基-鳳山,2023-03-29,9274
6789,采鈺,16,0,16,凱基-鳳山,2023-03-29,9274
6235,華孚,26,10,16,凱基-鳳山,2023-03-29,9274
00680L,元大美債20正2,15,0,15,凱基-鳳山,2023-03-29,9274
3025,星通,14,0,14,凱基-鳳山,2023-03-29,9274
00885,富邦越南,11,0,11,凱基-鳳山,2023-03-29,9274
3363,上詮,22,11,11,凱基-鳳山,2023-03-29,9274
4167,松瑞藥,11,0,11,凱基-鳳山,2023-03-29,9274
6142,友勁,10,0,10,凱基-鳳山,2023-03-29,9274
1104,環泥,10,0,10,凱基-鳳山,2023-03-29,9274
00900,富邦特選高股息30,10,0,10,凱基-鳳山,2023-03-29,9274
1612,宏泰,10,0,10,凱基-鳳山,2023-03-29,9274
1810,和成,10,0,10,凱基-鳳山,2023-03-29,9274
2349,錸德,10,0,10,凱基-鳳山,2023-03-29,9274
2641,正德,10,0,10,凱基-鳳山,2023-03-29,9274
4533,協易機,10,0,10,凱基-鳳山,2023-03-29,9274
6116,彩晶,17,7,10,凱基-鳳山,2023-03-29,9274
8996,高力,14,4,10,凱基-鳳山,2023-03-29,9274
00679B,元大美債20年,14,5,9,凱基-鳳山,2023-03-29,9274
3447,展達,10,1,9,凱基-鳳山,2023-03-29,9274
6770,力積電,14,5,9,凱基-鳳山,2023-03-29,9274
00830,國泰費城半導體,8,0,8,凱基-鳳山,2023-03-29,9274
3673,TPK-KY,8,0,8,凱基-鳳山,2023-03-29,9274
4909,新復興,8,0,8,凱基-鳳山,2023-03-29,9274
3037,欣興,7,0,7,凱基-鳳山,2023-03-29,9274
5425,台半,12,5,7,凱基-鳳山,2023-03-29,9274
1504,東元,22,15,7,凱基-鳳山,2023-03-29,9274
6651,全宇昕,7,0,7,凱基-鳳山,2023-03-29,9274
1101,台泥,7,1,6,凱基-鳳山,2023-03-29,9274
3034,聯詠,6,0,6,凱基-鳳山,2023-03-29,9274
00632R,元大台灣50反1,120,0,120,凱基-鳳山,2023-03-30,9274
00688L,國泰20年美債正2,100,0,100,凱基-鳳山,2023-03-30,9274
3711,日月光投控,104,13,91,凱基-鳳山,2023-03-30,9274
00673R,期元大S＆P原油反1,60,0,60,凱基-鳳山,2023-03-30,9274
2886,兆豐金,61,3,58,凱基-鳳山,2023-03-30,9274
4960,誠美材,54,0,54,凱基-鳳山,2023-03-30,9274
2890,永豐金,50,0,50,凱基-鳳山,2023-03-30,9274
00712,復華富時不動產,41,0,41,凱基-鳳山,2023-03-30,9274
2359,所羅門,58,18,40,凱基-鳳山,2023-03-30,9274
2481,強茂,35,1,34,凱基-鳳山,2023-03-30,9274
00637L,元大滬深300正2,330,301,29,凱基-鳳山,2023-03-30,9274
6134,萬旭,28,1,27,凱基-鳳山,2023-03-30,9274
2891,中信金,71,50,21,凱基-鳳山,2023-03-30,9274
00922,國泰台灣領袖50,18,0,18,凱基-鳳山,2023-03-30,9274
00878,國泰永續高股息,47,30,17,凱基-鳳山,2023-03-30,9274
6285,啟��,24,7,17,凱基-鳳山,2023-03-30,9274
3481,群創,16,0,16,凱基-鳳山,2023-03-30,9274
6806,森崴能源,28,13,15,凱基-鳳山,2023-03-30,9274
8089,康全電訊,20,5,15,凱基-鳳山,2023-03-30,9274
4164,承業醫,16,1,15,凱基-鳳山,2023-03-30,9274
1605,華新,18,4,14,凱基-鳳山,2023-03-30,9274
4909,新復興,13,0,13,凱基-鳳山,2023-03-30,9274
2880,華南金,12,0,12,凱基-鳳山,2023-03-30,9274
2201,裕隆,12,0,12,凱基-鳳山,2023-03-30,9274
9105,泰金寶-DR,12,0,12,凱基-鳳山,2023-03-30,9274
00740B,富邦全球投等債,11,0,11,凱基-鳳山,2023-03-30,9274
2472,立隆電,12,1,11,凱基-鳳山,2023-03-30,9274
1720,生達,10,0,10,凱基-鳳山,2023-03-30,9274
2601,益航,10,0,10,凱基-鳳山,2023-03-30,9274
2867,三商壽,10,0,10,凱基-鳳山,2023-03-30,9274
3006,晶豪科,10,0,10,凱基-鳳山,2023-03-30,9274
3058,立德,10,0,10,凱基-鳳山,2023-03-30,9274
3035,智原,16,6,10,凱基-鳳山,2023-03-30,9274
2421,建準,23,15,8,凱基-鳳山,2023-03-30,9274
2883,凱基金,10,2,8,凱基-鳳山,2023-03-30,9274
2889,國票金,8,0,8,凱基-鳳山,2023-03-30,9274
2753,八方雲集,8,1,7,凱基-鳳山,2023-03-30,9274
00885,富邦越南,22,15,7,凱基-鳳山,2023-03-30,9274
00679B,元大美債20年,7,0,7,凱基-鳳山,2023-03-30,9274
2610,華航,10,3,7,凱基-鳳山,2023-03-30,9274
6244,茂迪,13,6,7,凱基-鳳山,2023-03-30,9274
2609,陽明,7,1,6,凱基-鳳山,2023-03-30,9274
2498,宏達電,10,4,6,凱基-鳳山,2023-03-30,9274
2801,彰銀,6,0,6,凱基-鳳山,2023-03-30,9274
4961,天鈺,6,0,6,凱基-鳳山,2023-03-30,9274
4979,華星光,28,22,6,凱基-鳳山,2023-03-30,9274
5475,德宏,8,2,6,凱基-鳳山,2023-03-30,9274
6770,力積電,6,0,6,凱基-鳳山,2023-03-30,9274
3056,富華新,6,0,6,凱基-鳳山,2023-03-30,9274
5243,乙盛-KY,5,0,5,凱基-鳳山,2023-03-30,9274
2609,陽明,73,6,67,凱基-鳳山,2023-03-31,9274
2834,臺企銀,84,29,55,凱基-鳳山,2023-03-31,9274
4960,誠美材,41,7,34,凱基-鳳山,2023-03-31,9274
2421,建準,38,5,33,凱基-鳳山,2023-03-31,9274
00673R,期元大S＆P原油反1,30,0,30,凱基-鳳山,2023-03-31,9274
2886,兆豐金,30,0,30,凱基-鳳山,2023-03-31,9274
1605,華新,41,14,27,凱基-鳳山,2023-03-31,9274
2472,立隆電,22,0,22,凱基-鳳山,2023-03-31,9274
8028,昇陽半導體,22,5,17,凱基-鳳山,2023-03-31,9274
3038,全台,20,4,16,凱基-鳳山,2023-03-31,9274
1304,台聚,13,0,13,凱基-鳳山,2023-03-31,9274
2402,毅嘉,15,2,13,凱基-鳳山,2023-03-31,9274
3025,星通,13,0,13,凱基-鳳山,2023-03-31,9274
4968,立積,11,0,11,凱基-鳳山,2023-03-31,9274
2457,飛宏,18,7,11,凱基-鳳山,2023-03-31,9274
6122,擎邦,30,19,11,凱基-鳳山,2023-03-31,9274
8089,康全電訊,11,0,11,凱基-鳳山,2023-03-31,9274
00772B,中信高評級公司債,10,0,10,凱基-鳳山,2023-03-31,9274
6806,森崴能源,11,1,10,凱基-鳳山,2023-03-31,9274
00751B,元大AAA至A公司債,10,0,10,凱基-鳳山,2023-03-31,9274
1786,科妍,10,0,10,凱基-鳳山,2023-03-31,9274
4533,協易機,10,0,10,凱基-鳳山,2023-03-31,9274
6248,沛波,10,0,10,凱基-鳳山,2023-03-31,9274
6274,台燿,16,6,10,凱基-鳳山,2023-03-31,9274
6485,點序,9,0,9,凱基-鳳山,2023-03-31,9274
2882,國泰金,9,0,9,凱基-鳳山,2023-03-31,9274
3044,健鼎,9,0,9,凱基-鳳山,2023-03-31,9274
3491,昇達科,24,15,9,凱基-鳳山,2023-03-31,9274
4909,新復興,9,0,9,凱基-鳳山,2023-03-31,9274
9946,三發地產,9,0,9,凱基-鳳山,2023-03-31,9274
00632R,元大台灣50反1,13,5,8,凱基-鳳山,2023-03-31,9274
3576,聯合再生,10,2,8,凱基-鳳山,2023-03-31,9274
8996,高力,12,5,7,凱基-鳳山,2023-03-31,9274
2413,環科,7,0,7,凱基-鳳山,2023-03-31,9274
2881,富邦金,7,0,7,凱基-鳳山,2023-03-31,9274
6443,元晶,8,2,6,凱基-鳳山,2023-03-31,9274
00738U,期元大道瓊白銀,10,4,6,凱基-鳳山,2023-03-31,9274
1611,中電,13,7,6,凱基-鳳山,2023-03-31,9274
2429,銘旺科,6,0,6,凱基-鳳山,2023-03-31,9274
2460,建通,6,0,6,凱基-鳳山,2023-03-31,9274
6606,建德工業,6,0,6,凱基-鳳山,2023-03-31,9274
6756,威鋒電子,6,0,6,凱基-鳳山,2023-03-31,9274
6770,力積電,6,0,6,凱基-鳳山,2023-03-31,9274
8176,智捷,6,0,6,凱基-鳳山,2023-03-31,9274
8111,立��,5,0,5,凱基-鳳山,2023-03-31,9274
8213,志超,5,0,5,凱基-鳳山,2023-03-31,9274
00885,富邦越南,5,0,5,凱基-鳳山,2023-03-31,9274
00669R,國泰美國道瓊反1,5,0,5,凱基-鳳山,2023-03-31,9274
2101,南港,5,0,5,凱基-鳳山,2023-03-31,9274
2419,仲琦,5,0,5,凱基-鳳山,2023-03-31,9274
00673R,期元大S＆P原油反1,610,3,607,凱基-鳳山,2023-04-06,9274
00637L,元大滬深300正2,212,6,206,凱基-鳳山,2023-04-06,9274
2618,長榮航,60,0,60,凱基-鳳山,2023-04-06,9274
4960,誠美材,50,0,50,凱基-鳳山,2023-04-06,9274
6756,威鋒電子,37,0,37,凱基-鳳山,2023-04-06,9274
00885,富邦越南,35,3,32,凱基-鳳山,2023-04-06,9274
5608,四維航,25,0,25,凱基-鳳山,2023-04-06,9274
8110,華東,25,0,25,凱基-鳳山,2023-04-06,9274
8069,元太,24,2,22,凱基-鳳山,2023-04-06,9274
00882,中信中國高股息,22,0,22,凱基-鳳山,2023-04-06,9274
2009,第一銅,20,0,20,凱基-鳳山,2023-04-06,9274
2369,菱生,20,0,20,凱基-鳳山,2023-04-06,9274
2476,鉅祥,20,0,20,凱基-鳳山,2023-04-06,9274
3447,展達,20,0,20,凱基-鳳山,2023-04-06,9274
3481,群創,23,3,20,凱基-鳳山,2023-04-06,9274
9946,三發地產,20,0,20,凱基-鳳山,2023-04-06,9274
1560,中砂,21,3,18,凱基-鳳山,2023-04-06,9274
4915,致伸,17,0,17,凱基-鳳山,2023-04-06,9274
6244,茂迪,19,3,16,凱基-鳳山,2023-04-06,9274
1314,中石化,15,0,15,凱基-鳳山,2023-04-06,9274
4746,台耀,16,2,14,凱基-鳳山,2023-04-06,9274
00922,國泰台灣領袖50,12,0,12,凱基-鳳山,2023-04-06,9274
2610,華航,15,3,12,凱基-鳳山,2023-04-06,9274
3049,精金,12,0,12,凱基-鳳山,2023-04-06,9274
4977,眾達-KY,12,0,12,凱基-鳳山,2023-04-06,9274
00902,中信電池及儲能,10,0,10,凱基-鳳山,2023-04-06,9274
2609,陽明,45,35,10,凱基-鳳山,2023-04-06,9274
1101,台泥,10,0,10,凱基-鳳山,2023-04-06,9274
2601,益航,10,0,10,凱基-鳳山,2023-04-06,9274
3437,榮創,10,0,10,凱基-鳳山,2023-04-06,9274
3596,智易,10,0,10,凱基-鳳山,2023-04-06,9274
00713,元大台灣高息低波,10,1,9,凱基-鳳山,2023-04-06,9274
00720B,元大投資級公司債,10,1,9,凱基-鳳山,2023-04-06,9274
00712,復華富時不動產,9,0,9,凱基-鳳山,2023-04-06,9274
2027,大成鋼,9,0,9,凱基-鳳山,2023-04-06,9274
5483,中美晶,10,1,9,凱基-鳳山,2023-04-06,9274
9955,佳龍,11,2,9,凱基-鳳山,2023-04-06,9274
00893,國泰智能電動車,8,0,8,凱基-鳳山,2023-04-06,9274
2542,興富發,8,0,8,凱基-鳳山,2023-04-06,9274
2344,華邦電,14,7,7,凱基-鳳山,2023-04-06,9274
2516,新建,7,0,7,凱基-鳳山,2023-04-06,9274
9105,泰金寶-DR,7,0,7,凱基-鳳山,2023-04-06,9274
0061,元大寶滬深,6,0,6,凱基-鳳山,2023-04-06,9274
00751B,元大AAA至A公司債,6,0,6,凱基-鳳山,2023-04-06,9274
2208,台船,9,3,6,凱基-鳳山,2023-04-06,9274
2915,潤泰全,6,0,6,凱基-鳳山,2023-04-06,9274
3032,偉訓,11,5,6,凱基-鳳山,2023-04-06,9274
6443,元晶,8,2,6,凱基-鳳山,2023-04-06,9274
5009,榮剛,6,1,5,凱基-鳳山,2023-04-06,9274
00891,中信關鍵半導體,5,0,5,凱基-鳳山,2023-04-06,9274
6548,長科*,118,9,109,凱基-鳳山,2023-04-07,9274
3011,今皓,69,0,69,凱基-鳳山,2023-04-07,9274
00673R,期元大S＆P原油反1,53,3,50,凱基-鳳山,2023-04-07,9274
2002,中鋼,43,2,41,凱基-鳳山,2023-04-07,9274
2351,順德,45,5,40,凱基-鳳山,2023-04-07,9274
2482,連宇,50,14,36,凱基-鳳山,2023-04-07,9274
3033,威健,30,0,30,凱基-鳳山,2023-04-07,9274
1529,樂事綠能,30,1,29,凱基-鳳山,2023-04-07,9274
00664R,國泰臺灣加權反1,40,12,28,凱基-鳳山,2023-04-07,9274
2421,建準,26,0,26,凱基-鳳山,2023-04-07,9274
4927,泰鼎-KY,22,0,22,凱基-鳳山,2023-04-07,9274
3704,合勤控,21,1,20,凱基-鳳山,2023-04-07,9274
6244,茂迪,26,7,19,凱基-鳳山,2023-04-07,9274
8069,元太,26,8,18,凱基-鳳山,2023-04-07,9274
00772B,中信高評級公司債,17,0,17,凱基-鳳山,2023-04-07,9274
00830,國泰費城半導體,17,0,17,凱基-鳳山,2023-04-07,9274
00679B,元大美債20年,20,4,16,凱基-鳳山,2023-04-07,9274
3499,環天科,17,1,16,凱基-鳳山,2023-04-07,9274
2867,三商壽,14,0,14,凱基-鳳山,2023-04-07,9274
3027,盛達,19,5,14,凱基-鳳山,2023-04-07,9274
3050,鈺德,13,0,13,凱基-鳳山,2023-04-07,9274
3189,景碩,13,0,13,凱基-鳳山,2023-04-07,9274
3682,亞太電,13,0,13,凱基-鳳山,2023-04-07,9274
6143,振曜,13,0,13,凱基-鳳山,2023-04-07,9274
00751B,元大AAA至A公司債,12,0,12,凱基-鳳山,2023-04-07,9274
4979,華星光,16,5,11,凱基-鳳山,2023-04-07,9274
6235,華孚,27,16,11,凱基-鳳山,2023-04-07,9274
0056,元大高股息,10,0,10,凱基-鳳山,2023-04-07,9274
00903,富邦元宇宙,10,0,10,凱基-鳳山,2023-04-07,9274
6547,高端疫苗,10,0,10,凱基-鳳山,2023-04-07,9274
1584,精剛,10,1,9,凱基-鳳山,2023-04-07,9274
2886,兆豐金,8,0,8,凱基-鳳山,2023-04-07,9274
6189,豐藝,8,0,8,凱基-鳳山,2023-04-07,9274
1760,寶齡富錦,10,2,8,凱基-鳳山,2023-04-07,9274
2027,大成鋼,8,1,7,凱基-鳳山,2023-04-07,9274
1301,台塑,7,0,7,凱基-鳳山,2023-04-07,9274
1718,中纖,7,0,7,凱基-鳳山,2023-04-07,9274
2364,倫飛,9,2,7,凱基-鳳山,2023-04-07,9274
2460,建通,7,0,7,凱基-鳳山,2023-04-07,9274
2884,玉山金,7,0,7,凱基-鳳山,2023-04-07,9274
6472,保瑞,11,4,7,凱基-鳳山,2023-04-07,9274
2889,國票金,6,0,6,凱基-鳳山,2023-04-07,9274
00725B,國泰投資級公司債,7,1,6,凱基-鳳山,2023-04-07,9274
1752,南光,16,10,6,凱基-鳳山,2023-04-07,9274
2485,兆赫,6,0,6,凱基-鳳山,2023-04-07,9274
3051,力特,6,0,6,凱基-鳳山,2023-04-07,9274
2834,臺企銀,5,0,5,凱基-鳳山,2023-04-07,9274
6217,中探針,5,0,5,凱基-鳳山,2023-04-07,9274
1609,大亞,19,14,5,凱基-鳳山,2023-04-07,9274
2409,友達,5,0,5,凱基-鳳山,2023-04-07,9274
00637L,元大滬深300正2,556,435,121,凱基-鳳山,2023-04-10,9274
3290,東浦,51,0,51,凱基-鳳山,2023-04-10,9274
6548,長科*,71,21,50,凱基-鳳山,2023-04-10,9274
3011,今皓,41,0,41,凱基-鳳山,2023-04-10,9274
4906,正文,42,1,41,凱基-鳳山,2023-04-10,9274
6209,今國光,34,2,32,凱基-鳳山,2023-04-10,9274
1529,樂事綠能,30,0,30,凱基-鳳山,2023-04-10,9274
2402,毅嘉,38,8,30,凱基-鳳山,2023-04-10,9274
3715,定穎投控,32,3,29,凱基-鳳山,2023-04-10,9274
9946,三發地產,29,0,29,凱基-鳳山,2023-04-10,9274
1609,大亞,30,6,24,凱基-鳳山,2023-04-10,9274
00635U,期元大S＆P黃金,23,0,23,凱基-鳳山,2023-04-10,9274
5452,佶優,20,0,20,凱基-鳳山,2023-04-10,9274
00632R,元大台灣50反1,20,0,20,凱基-鳳山,2023-04-10,9274
2460,建通,18,0,18,凱基-鳳山,2023-04-10,9274
8038,長園科,20,3,17,凱基-鳳山,2023-04-10,9274
2208,台船,24,7,17,凱基-鳳山,2023-04-10,9274
1760,寶齡富錦,15,2,13,凱基-鳳山,2023-04-10,9274
1504,東元,18,7,11,凱基-鳳山,2023-04-10,9274
6160,欣技,10,0,10,凱基-鳳山,2023-04-10,9274
4934,太極,10,0,10,凱基-鳳山,2023-04-10,9274
6234,高僑,10,0,10,凱基-鳳山,2023-04-10,9274
00922,國泰台灣領袖50,10,0,10,凱基-鳳山,2023-04-10,9274
1718,中纖,10,0,10,凱基-鳳山,2023-04-10,9274
2344,華邦電,15,5,10,凱基-鳳山,2023-04-10,9274
2349,錸德,10,0,10,凱基-鳳山,2023-04-10,9274
2641,正德,10,0,10,凱基-鳳山,2023-04-10,9274
3025,星通,24,14,10,凱基-鳳山,2023-04-10,9274
3466,德晉,10,0,10,凱基-鳳山,2023-04-10,9274
3710,連展投控,10,0,10,凱基-鳳山,2023-04-10,9274
5608,四維航,10,0,10,凱基-鳳山,2023-04-10,9274
8183,精星,10,0,10,凱基-鳳山,2023-04-10,9274
2603,長榮,14,4,10,凱基-鳳山,2023-04-10,9274
1315,達新,9,0,9,凱基-鳳山,2023-04-10,9274
2375,凱美,9,0,9,凱基-鳳山,2023-04-10,9274
2388,威盛,10,1,9,凱基-鳳山,2023-04-10,9274
6122,擎邦,20,11,9,凱基-鳳山,2023-04-10,9274
9942,茂順,12,3,9,凱基-鳳山,2023-04-10,9274
9945,潤泰新,9,0,9,凱基-鳳山,2023-04-10,9274
00679B,元大美債20年,10,2,8,凱基-鳳山,2023-04-10,9274
2371,大同,8,0,8,凱基-鳳山,2023-04-10,9274
6134,萬旭,8,0,8,凱基-鳳山,2023-04-10,9274
1605,華新,13,6,7,凱基-鳳山,2023-04-10,9274
00706L,期元大S＆P日圓正2,10,3,7,凱基-鳳山,2023-04-10,9274
3035,智原,19,12,7,凱基-鳳山,2023-04-10,9274
4908,前鼎,7,0,7,凱基-鳳山,2023-04-10,9274
1229,聯華,6,0,6,凱基-鳳山,2023-04-10,9274
00772B,中信高評級公司債,6,0,6,凱基-鳳山,2023-04-10,9274
00830,國泰費城半導體,6,0,6,凱基-鳳山,2023-04-10,9274
2337,旺宏,8,2,6,凱基-鳳山,2023-04-10,9274
6142,友勁,269,1,268,凱基-鳳山,2023-04-11,9274
00637L,元大滬深300正2,100,0,100,凱基-鳳山,2023-04-11,9274
00878,國泰永續高股息,88,8,80,凱基-鳳山,2023-04-11,9274
2460,建通,80,14,66,凱基-鳳山,2023-04-11,9274
00673R,期元大S＆P原油反1,65,1,64,凱基-鳳山,2023-04-11,9274
2867,三商壽,66,5,61,凱基-鳳山,2023-04-11,9274
2408,南亞科,70,10,60,凱基-鳳山,2023-04-11,9274
3011,今皓,57,2,55,凱基-鳳山,2023-04-11,9274
3710,連展投控,50,4,46,凱基-鳳山,2023-04-11,9274
3706,神達,35,0,35,凱基-鳳山,2023-04-11,9274
6122,擎邦,38,6,32,凱基-鳳山,2023-04-11,9274
1529,樂事綠能,33,2,31,凱基-鳳山,2023-04-11,9274
1104,環泥,30,0,30,凱基-鳳山,2023-04-11,9274
3035,智原,34,10,24,凱基-鳳山,2023-04-11,9274
2885,元大金,22,1,21,凱基-鳳山,2023-04-11,9274
00680L,元大美債20正2,21,0,21,凱基-鳳山,2023-04-11,9274
00632R,元大台灣50反1,32,12,20,凱基-鳳山,2023-04-11,9274
2206,三陽工業,37,17,20,凱基-鳳山,2023-04-11,9274
2481,強茂,20,0,20,凱基-鳳山,2023-04-11,9274
1504,東元,37,18,19,凱基-鳳山,2023-04-11,9274
6443,元晶,35,16,19,凱基-鳳山,2023-04-11,9274
6116,彩晶,20,5,15,凱基-鳳山,2023-04-11,9274
1503,士電,25,10,15,凱基-鳳山,2023-04-11,9274
2482,連宇,13,0,13,凱基-鳳山,2023-04-11,9274
3050,鈺德,12,0,12,凱基-鳳山,2023-04-11,9274
2002,中鋼,12,0,12,凱基-鳳山,2023-04-11,9274
2314,台揚,12,0,12,凱基-鳳山,2023-04-11,9274
2344,華邦電,57,45,12,凱基-鳳山,2023-04-11,9274
3380,明泰,11,0,11,凱基-鳳山,2023-04-11,9274
00919,群益台灣精選高息,10,0,10,凱基-鳳山,2023-04-11,9274
00679B,元大美債20年,10,0,10,凱基-鳳山,2023-04-11,9274
00751B,元大AAA至A公司債,10,0,10,凱基-鳳山,2023-04-11,9274
1309,台達化,10,0,10,凱基-鳳山,2023-04-11,9274
2402,毅嘉,17,7,10,凱基-鳳山,2023-04-11,9274
2929,淘帝-KY,10,0,10,凱基-鳳山,2023-04-11,9274
8996,高力,11,1,10,凱基-鳳山,2023-04-11,9274
9946,三發地產,10,0,10,凱基-鳳山,2023-04-11,9274
2457,飛宏,39,29,10,凱基-鳳山,2023-04-11,9274
1718,中纖,10,1,9,凱基-鳳山,2023-04-11,9274
4114,健喬,9,0,9,凱基-鳳山,2023-04-11,9274
4979,華星光,15,6,9,凱基-鳳山,2023-04-11,9274
3231,緯創,18,9,9,凱基-鳳山,2023-04-11,9274
8234,新漢,8,0,8,凱基-鳳山,2023-04-11,9274
00893,國泰智能電動車,10,3,7,凱基-鳳山,2023-04-11,9274
1524,耿鼎,7,0,7,凱基-鳳山,2023-04-11,9274
2317,鴻海,14,7,7,凱基-鳳山,2023-04-11,9274
2753,八方雲集,7,0,7,凱基-鳳山,2023-04-11,9274
1810,和成,6,0,6,凱基-鳳山,2023-04-11,9274
2027,大成鋼,6,0,6,凱基-鳳山,2023-04-11,9274
2409,友達,10,4,6,凱基-鳳山,2023-04-11,9274
3049,精金,470,10,460,凱基-鳳山,2023-04-12,9274
2460,建通,111,23,88,凱基-鳳山,2023-04-12,9274
00885,富邦越南,80,0,80,凱基-鳳山,2023-04-12,9274
00878,國泰永續高股息,83,7,76,凱基-鳳山,2023-04-12,9274
1101,台泥,69,3,66,凱基-鳳山,2023-04-12,9274
2409,友達,61,6,55,凱基-鳳山,2023-04-12,9274
2208,台船,62,14,48,凱基-鳳山,2023-04-12,9274
6127,九豪,47,2,45,凱基-鳳山,2023-04-12,9274
2610,華航,40,0,40,凱基-鳳山,2023-04-12,9274
2515,中工,115,76,39,凱基-鳳山,2023-04-12,9274
6116,彩晶,40,4,36,凱基-鳳山,2023-04-12,9274
6285,啟��,33,0,33,凱基-鳳山,2023-04-12,9274
3056,富華新,32,1,31,凱基-鳳山,2023-04-12,9274
4707,磐亞,30,0,30,凱基-鳳山,2023-04-12,9274
2867,三商壽,34,5,29,凱基-鳳山,2023-04-12,9274
3545,敦泰,38,9,29,凱基-鳳山,2023-04-12,9274
2104,國際中橡,30,3,27,凱基-鳳山,2023-04-12,9274
6142,友勁,61,34,27,凱基-鳳山,2023-04-12,9274
00673R,期元大S＆P原油反1,55,30,25,凱基-鳳山,2023-04-12,9274
00632R,元大台灣50反1,25,0,25,凱基-鳳山,2023-04-12,9274
2601,益航,25,0,25,凱基-鳳山,2023-04-12,9274
1584,精剛,48,24,24,凱基-鳳山,2023-04-12,9274
2427,三商電,24,0,24,凱基-鳳山,2023-04-12,9274
3011,今皓,27,3,24,凱基-鳳山,2023-04-12,9274
5328,華容,24,0,24,凱基-鳳山,2023-04-12,9274
6182,合晶,23,0,23,凱基-鳳山,2023-04-12,9274
3322,建舜電,22,1,21,凱基-鳳山,2023-04-12,9274
8033,雷虎,30,10,20,凱基-鳳山,2023-04-12,9274
00902,中信電池及儲能,20,2,18,凱基-鳳山,2023-04-12,9274
6188,廣明,19,1,18,凱基-鳳山,2023-04-12,9274
6235,華孚,44,26,18,凱基-鳳山,2023-04-12,9274
3483,力致,17,0,17,凱基-鳳山,2023-04-12,9274
3025,星通,31,15,16,凱基-鳳山,2023-04-12,9274
5351,鈺創,23,7,16,凱基-鳳山,2023-04-12,9274
9946,三發地產,16,0,16,凱基-鳳山,2023-04-12,9274
2929,淘帝-KY,20,5,15,凱基-鳳山,2023-04-12,9274
2317,鴻海,12,0,12,凱基-鳳山,2023-04-12,9274
3062,建漢,12,0,12,凱基-鳳山,2023-04-12,9274
4934,太極,14,2,12,凱基-鳳山,2023-04-12,9274
6546,正基,12,0,12,凱基-鳳山,2023-04-12,9274
2330,台積電,12,0,12,凱基-鳳山,2023-04-12,9274
00637L,元大滬深300正2,211,200,11,凱基-鳳山,2023-04-12,9274
2313,華通,11,0,11,凱基-鳳山,2023-04-12,9274
2399,映泰,11,0,11,凱基-鳳山,2023-04-12,9274
2890,永豐金,11,0,11,凱基-鳳山,2023-04-12,9274
3006,晶豪科,19,9,10,凱基-鳳山,2023-04-12,9274
1720,生達,10,0,10,凱基-鳳山,2023-04-12,9274
3652,精聯,10,0,10,凱基-鳳山,2023-04-12,9274
3710,連展投控,10,0,10,凱基-鳳山,2023-04-12,9274
6461,益得,10,0,10,凱基-鳳山,2023-04-12,9274
3049,精金,377,13,364,凱基-鳳山,2023-04-13,9274
2515,中工,385,93,292,凱基-鳳山,2023-04-13,9274
2409,友達,445,185,260,凱基-鳳山,2023-04-13,9274
2460,建通,217,90,127,凱基-鳳山,2023-04-13,9274
6163,華電網,274,163,111,凱基-鳳山,2023-04-13,9274
2344,華邦電,102,11,91,凱基-鳳山,2023-04-13,9274
3047,訊舟,63,0,63,凱基-鳳山,2023-04-13,9274
3499,環天科,110,54,56,凱基-鳳山,2023-04-13,9274
2886,兆豐金,60,6,54,凱基-鳳山,2023-04-13,9274
6443,元晶,45,0,45,凱基-鳳山,2023-04-13,9274
2481,強茂,33,0,33,凱基-鳳山,2023-04-13,9274
3013,晟銘電,33,2,31,凱基-鳳山,2023-04-13,9274
2482,連宇,30,0,30,凱基-鳳山,2023-04-13,9274
1314,中石化,30,0,30,凱基-鳳山,2023-04-13,9274
2069,運錩,30,0,30,凱基-鳳山,2023-04-13,9274
2406,國碩,30,0,30,凱基-鳳山,2023-04-13,9274
2367,燿華,28,0,28,凱基-鳳山,2023-04-13,9274
4960,誠美材,50,22,28,凱基-鳳山,2023-04-13,9274
2889,國票金,26,0,26,凱基-鳳山,2023-04-13,9274
1609,大亞,65,40,25,凱基-鳳山,2023-04-13,9274
6789,采鈺,23,0,23,凱基-鳳山,2023-04-13,9274
00673R,期元大S＆P原油反1,69,47,22,凱基-鳳山,2023-04-13,9274
1605,華新,40,19,21,凱基-鳳山,2023-04-13,9274
00665L,富邦�琤肭磪囓�2,20,0,20,凱基-鳳山,2023-04-13,9274
2023,燁輝,20,0,20,凱基-鳳山,2023-04-13,9274
2897,王道銀行,20,0,20,凱基-鳳山,2023-04-13,9274
4167,松瑞藥,20,0,20,凱基-鳳山,2023-04-13,9274
6122,擎邦,168,148,20,凱基-鳳山,2023-04-13,9274
00878,國泰永續高股息,19,0,19,凱基-鳳山,2023-04-13,9274
5309,系統電,19,0,19,凱基-鳳山,2023-04-13,9274
2206,三陽工業,29,11,18,凱基-鳳山,2023-04-13,9274
3035,智原,19,1,18,凱基-鳳山,2023-04-13,9274
2303,聯電,17,0,17,凱基-鳳山,2023-04-13,9274
00679B,元大美債20年,18,1,17,凱基-鳳山,2023-04-13,9274
3711,日月光投控,16,1,15,凱基-鳳山,2023-04-13,9274
2329,華泰,14,0,14,凱基-鳳山,2023-04-13,9274
00902,中信電池及儲能,13,0,13,凱基-鳳山,2023-04-13,9274
6244,茂迪,14,1,13,凱基-鳳山,2023-04-13,9274
2028,威致,12,0,12,凱基-鳳山,2023-04-13,9274
2885,元大金,12,0,12,凱基-鳳山,2023-04-13,9274
6753,龍德造船,16,4,12,凱基-鳳山,2023-04-13,9274
2408,南亞科,15,4,11,凱基-鳳山,2023-04-13,9274
2313,華通,11,0,11,凱基-鳳山,2023-04-13,9274
2472,立隆電,11,0,11,凱基-鳳山,2023-04-13,9274
3596,智易,11,0,11,凱基-鳳山,2023-04-13,9274
1101,台泥,12,2,10,凱基-鳳山,2023-04-13,9274
1503,士電,20,10,10,凱基-鳳山,2023-04-13,9274
00680L,元大美債20正2,10,0,10,凱基-鳳山,2023-04-13,9274
1720,生達,10,0,10,凱基-鳳山,2023-04-13,9274
2231,為升,10,0,10,凱基-鳳山,2023-04-13,9274
6152,百一,504,0,504,凱基-鳳山,2023-04-14,9274
00688L,國泰20年美債正2,220,0,220,凱基-鳳山,2023-04-14,9274
2460,建通,137,68,69,凱基-鳳山,2023-04-14,9274
2867,三商壽,51,0,51,凱基-鳳山,2023-04-14,9274
9946,三發地產,50,1,49,凱基-鳳山,2023-04-14,9274
3481,群創,116,69,47,凱基-鳳山,2023-04-14,9274
00632R,元大台灣50反1,41,0,41,凱基-鳳山,2023-04-14,9274
1229,聯華,40,0,40,凱基-鳳山,2023-04-14,9274
2634,漢翔,136,97,39,凱基-鳳山,2023-04-14,9274
2002,中鋼,36,0,36,凱基-鳳山,2023-04-14,9274
3011,今皓,34,0,34,凱基-鳳山,2023-04-14,9274
6191,精成科,33,0,33,凱基-鳳山,2023-04-14,9274
3545,敦泰,42,11,31,凱基-鳳山,2023-04-14,9274
6290,良維,29,1,28,凱基-鳳山,2023-04-14,9274
00680L,元大美債20正2,27,0,27,凱基-鳳山,2023-04-14,9274
2208,台船,186,159,27,凱基-鳳山,2023-04-14,9274
6770,力積電,26,1,25,凱基-鳳山,2023-04-14,9274
8936,國統,25,1,24,凱基-鳳山,2023-04-14,9274
1584,精剛,33,9,24,凱基-鳳山,2023-04-14,9274
00679B,元大美債20年,22,1,21,凱基-鳳山,2023-04-14,9274
1806,冠軍,21,0,21,凱基-鳳山,2023-04-14,9274
2481,強茂,22,4,18,凱基-鳳山,2023-04-14,9274
1101,台泥,21,3,18,凱基-鳳山,2023-04-14,9274
00878,國泰永續高股息,26,9,17,凱基-鳳山,2023-04-14,9274
3499,環天科,51,35,16,凱基-鳳山,2023-04-14,9274
3715,定穎投控,20,4,16,凱基-鳳山,2023-04-14,9274
6209,今國光,19,3,16,凱基-鳳山,2023-04-14,9274
00712,復華富時不動產,15,0,15,凱基-鳳山,2023-04-14,9274
3516,亞帝歐,14,0,14,凱基-鳳山,2023-04-14,9274
5011,久陽,14,0,14,凱基-鳳山,2023-04-14,9274
5351,鈺創,14,0,14,凱基-鳳山,2023-04-14,9274
2812,台中銀,14,0,14,凱基-鳳山,2023-04-14,9274
1513,中興電,26,13,13,凱基-鳳山,2023-04-14,9274
1718,中纖,15,2,13,凱基-鳳山,2023-04-14,9274
00752,中信中國50,12,0,12,凱基-鳳山,2023-04-14,9274
2472,立隆電,12,0,12,凱基-鳳山,2023-04-14,9274
3035,智原,15,3,12,凱基-鳳山,2023-04-14,9274
6026,福邦證,17,5,12,凱基-鳳山,2023-04-14,9274
6547,高端疫苗,16,5,11,凱基-鳳山,2023-04-14,9274
3189,景碩,11,0,11,凱基-鳳山,2023-04-14,9274
8011,台通,11,0,11,凱基-鳳山,2023-04-14,9274
8069,元太,12,1,11,凱基-鳳山,2023-04-14,9274
1712,興農,10,0,10,凱基-鳳山,2023-04-14,9274
2022,聚亨,10,0,10,凱基-鳳山,2023-04-14,9274
2305,全友,10,0,10,凱基-鳳山,2023-04-14,9274
2323,中環,10,0,10,凱基-鳳山,2023-04-14,9274
2601,益航,10,0,10,凱基-鳳山,2023-04-14,9274
3006,晶豪科,13,3,10,凱基-鳳山,2023-04-14,9274
8215,明基材,10,0,10,凱基-鳳山,2023-04-14,9274
1303,南亞,11,2,9,凱基-鳳山,2023-04-14,9274
4113,聯上,248,0,248,凱基-鳳山,2023-04-17,9274
6191,精成科,175,5,170,凱基-鳳山,2023-04-17,9274
3011,今皓,120,1,119,凱基-鳳山,2023-04-17,9274
3049,精金,92,0,92,凱基-鳳山,2023-04-17,9274
3481,群創,121,33,88,凱基-鳳山,2023-04-17,9274
3231,緯創,93,6,87,凱基-鳳山,2023-04-17,9274
2409,友達,85,0,85,凱基-鳳山,2023-04-17,9274
6116,彩晶,80,1,79,凱基-鳳山,2023-04-17,9274
2208,台船,162,89,73,凱基-鳳山,2023-04-17,9274
4433,興采,69,0,69,凱基-鳳山,2023-04-17,9274
2303,聯電,81,18,63,凱基-鳳山,2023-04-17,9274
2460,建通,237,178,59,凱基-鳳山,2023-04-17,9274
2359,所羅門,67,22,45,凱基-鳳山,2023-04-17,9274
4968,立積,45,9,36,凱基-鳳山,2023-04-17,9274
2427,三商電,32,0,32,凱基-鳳山,2023-04-17,9274
3290,東浦,32,0,32,凱基-鳳山,2023-04-17,9274
9946,三發地產,40,10,30,凱基-鳳山,2023-04-17,9274
2867,三商壽,30,4,26,凱基-鳳山,2023-04-17,9274
6138,茂達,24,0,24,凱基-鳳山,2023-04-17,9274
00673R,期元大S＆P原油反1,23,0,23,凱基-鳳山,2023-04-17,9274
6026,福邦證,33,10,23,凱基-鳳山,2023-04-17,9274
3363,上詮,30,8,22,凱基-鳳山,2023-04-17,9274
1605,華新,43,23,20,凱基-鳳山,2023-04-17,9274
2206,三陽工業,55,35,20,凱基-鳳山,2023-04-17,9274
00680L,元大美債20正2,19,0,19,凱基-鳳山,2023-04-17,9274
00712,復華富時不動產,18,0,18,凱基-鳳山,2023-04-17,9274
5328,華容,16,0,16,凱基-鳳山,2023-04-17,9274
2609,陽明,44,28,16,凱基-鳳山,2023-04-17,9274
00679B,元大美債20年,15,0,15,凱基-鳳山,2023-04-17,9274
1444,力麗,15,0,15,凱基-鳳山,2023-04-17,9274
8996,高力,21,6,15,凱基-鳳山,2023-04-17,9274
2618,長榮航,18,4,14,凱基-鳳山,2023-04-17,9274
3025,星通,24,11,13,凱基-鳳山,2023-04-17,9274
4909,新復興,15,3,12,凱基-鳳山,2023-04-17,9274
2634,漢翔,134,122,12,凱基-鳳山,2023-04-17,9274
8069,元太,11,0,11,凱基-鳳山,2023-04-17,9274
2312,金寶,19,8,11,凱基-鳳山,2023-04-17,9274
6244,茂迪,15,4,11,凱基-鳳山,2023-04-17,9274
2002,中鋼,12,2,10,凱基-鳳山,2023-04-17,9274
2542,興富發,10,0,10,凱基-鳳山,2023-04-17,9274
3207,耀勝,15,5,10,凱基-鳳山,2023-04-17,9274
3707,漢磊,10,0,10,凱基-鳳山,2023-04-17,9274
3715,定穎投控,10,0,10,凱基-鳳山,2023-04-17,9274
8213,志超,10,0,10,凱基-鳳山,2023-04-17,9274
8401,白紗科,10,0,10,凱基-鳳山,2023-04-17,9274
1513,中興電,37,28,9,凱基-鳳山,2023-04-17,9274
6122,擎邦,15,6,9,凱基-鳳山,2023-04-17,9274
2402,毅嘉,8,0,8,凱基-鳳山,2023-04-17,9274
3062,建漢,9,1,8,凱基-鳳山,2023-04-17,9274
00772B,中信高評級公司債,7,0,7,凱基-鳳山,2023-04-17,9274
2515,中工,645,40,605,凱基-鳳山,2023-04-18,9274
1444,力麗,533,40,493,凱基-鳳山,2023-04-18,9274
9935,慶豐富,372,0,372,凱基-鳳山,2023-04-18,9274
3049,精金,278,12,266,凱基-鳳山,2023-04-18,9274
2460,建通,312,141,171,凱基-鳳山,2023-04-18,9274
4113,聯上,99,0,99,凱基-鳳山,2023-04-18,9274
3481,群創,121,36,85,凱基-鳳山,2023-04-18,9274
2634,漢翔,127,55,72,凱基-鳳山,2023-04-18,9274
6152,百一,95,36,59,凱基-鳳山,2023-04-18,9274
6191,精成科,60,2,58,凱基-鳳山,2023-04-18,9274
00673R,期元大S＆P原油反1,49,0,49,凱基-鳳山,2023-04-18,9274
00878,國泰永續高股息,78,30,48,凱基-鳳山,2023-04-18,9274
3013,晟銘電,56,13,43,凱基-鳳山,2023-04-18,9274
9958,世紀鋼,45,3,42,凱基-鳳山,2023-04-18,9274
2748,雲品,54,15,39,凱基-鳳山,2023-04-18,9274
00680L,元大美債20正2,36,0,36,凱基-鳳山,2023-04-18,9274
2886,兆豐金,55,20,35,凱基-鳳山,2023-04-18,9274
2329,華泰,34,1,33,凱基-鳳山,2023-04-18,9274
3591,艾笛森,30,0,30,凱基-鳳山,2023-04-18,9274
8038,長園科,34,4,30,凱基-鳳山,2023-04-18,9274
2457,飛宏,53,27,26,凱基-鳳山,2023-04-18,9274
4967,十銓,34,9,25,凱基-鳳山,2023-04-18,9274
2427,三商電,52,28,24,凱基-鳳山,2023-04-18,9274
6179,亞通,24,0,24,凱基-鳳山,2023-04-18,9274
1605,華新,45,22,23,凱基-鳳山,2023-04-18,9274
2453,凌群,35,12,23,凱基-鳳山,2023-04-18,9274
3025,星通,29,6,23,凱基-鳳山,2023-04-18,9274
1710,東聯,21,0,21,凱基-鳳山,2023-04-18,9274
2027,大成鋼,21,1,20,凱基-鳳山,2023-04-18,9274
3011,今皓,20,0,20,凱基-鳳山,2023-04-18,9274
3516,亞帝歐,20,0,20,凱基-鳳山,2023-04-18,9274
6470,宇智,20,0,20,凱基-鳳山,2023-04-18,9274
3432,台端,17,0,17,凱基-鳳山,2023-04-18,9274
3545,敦泰,28,11,17,凱基-鳳山,2023-04-18,9274
00679B,元大美債20年,23,7,16,凱基-鳳山,2023-04-18,9274
00772B,中信高評級公司債,15,0,15,凱基-鳳山,2023-04-18,9274
0056,元大高股息,14,0,14,凱基-鳳山,2023-04-18,9274
1504,東元,19,5,14,凱基-鳳山,2023-04-18,9274
1718,中纖,14,0,14,凱基-鳳山,2023-04-18,9274
2344,華邦電,14,0,14,凱基-鳳山,2023-04-18,9274
3305,昇貿,15,2,13,凱基-鳳山,2023-04-18,9274
6548,長科*,13,0,13,凱基-鳳山,2023-04-18,9274
2610,華航,18,7,11,凱基-鳳山,2023-04-18,9274
5009,榮剛,12,1,11,凱基-鳳山,2023-04-18,9274
2231,為升,10,0,10,凱基-鳳山,2023-04-18,9274
3419,譁裕,10,0,10,凱基-鳳山,2023-04-18,9274
6509,聚和,10,0,10,凱基-鳳山,2023-04-18,9274
00773B,中信優先金融債,9,0,9,凱基-鳳山,2023-04-18,9274
00720B,元大投資級公司債,9,0,9,凱基-鳳山,2023-04-18,9274
3071,協禧,10,1,9,凱基-鳳山,2023-04-18,9274
3481,群創,521,24,497,凱基-鳳山,2023-04-19,9274
1810,和成,268,42,226,凱基-鳳山,2023-04-19,9274
00637L,元大滬深300正2,200,0,200,凱基-鳳山,2023-04-19,9274
2460,建通,174,45,129,凱基-鳳山,2023-04-19,9274
6152,百一,102,0,102,凱基-鳳山,2023-04-19,9274
9935,慶豐富,88,0,88,凱基-鳳山,2023-04-19,9274
2406,國碩,88,16,72,凱基-鳳山,2023-04-19,9274
3049,精金,69,0,69,凱基-鳳山,2023-04-19,9274
4979,華星光,86,27,59,凱基-鳳山,2023-04-19,9274
1417,嘉裕,52,0,52,凱基-鳳山,2023-04-19,9274
00878,國泰永續高股息,50,1,49,凱基-鳳山,2023-04-19,9274
3325,旭品,56,10,46,凱基-鳳山,2023-04-19,9274
3058,立德,49,9,40,凱基-鳳山,2023-04-19,9274
00673R,期元大S＆P原油反1,24,0,24,凱基-鳳山,2023-04-19,9274
2409,友達,23,0,23,凱基-鳳山,2023-04-19,9274
2317,鴻海,26,4,22,凱基-鳳山,2023-04-19,9274
4113,聯上,22,0,22,凱基-鳳山,2023-04-19,9274
00902,中信電池及儲能,20,0,20,凱基-鳳山,2023-04-19,9274
2208,台船,29,10,19,凱基-鳳山,2023-04-19,9274
6443,元晶,97,78,19,凱基-鳳山,2023-04-19,9274
2495,普安,69,52,17,凱基-鳳山,2023-04-19,9274
6185,幃翔,18,1,17,凱基-鳳山,2023-04-19,9274
8222,寶一,29,13,16,凱基-鳳山,2023-04-19,9274
00772B,中信高評級公司債,15,0,15,凱基-鳳山,2023-04-19,9274
1710,東聯,15,0,15,凱基-鳳山,2023-04-19,9274
2481,強茂,15,0,15,凱基-鳳山,2023-04-19,9274
8234,新漢,15,0,15,凱基-鳳山,2023-04-19,9274
4967,十銓,15,1,14,凱基-鳳山,2023-04-19,9274
2331,精英,15,1,14,凱基-鳳山,2023-04-19,9274
4164,承業醫,21,7,14,凱基-鳳山,2023-04-19,9274
2482,連宇,24,11,13,凱基-鳳山,2023-04-19,9274
3545,敦泰,13,0,13,凱基-鳳山,2023-04-19,9274
3576,聯合再生,33,20,13,凱基-鳳山,2023-04-19,9274
3305,昇貿,13,0,13,凱基-鳳山,2023-04-19,9274
3363,上詮,24,12,12,凱基-鳳山,2023-04-19,9274
0056,元大高股息,11,0,11,凱基-鳳山,2023-04-19,9274
3035,智原,14,3,11,凱基-鳳山,2023-04-19,9274
2455,全新,14,3,11,凱基-鳳山,2023-04-19,9274
2731,雄獅,15,4,11,凱基-鳳山,2023-04-19,9274
3673,TPK-KY,14,3,11,凱基-鳳山,2023-04-19,9274
6177,達麗,11,0,11,凱基-鳳山,2023-04-19,9274
6190,萬泰科,12,1,11,凱基-鳳山,2023-04-19,9274
2359,所羅門,33,22,11,凱基-鳳山,2023-04-19,9274
2641,正德,10,0,10,凱基-鳳山,2023-04-19,9274
1468,昶和,10,0,10,凱基-鳳山,2023-04-19,9274
1711,永光,10,0,10,凱基-鳳山,2023-04-19,9274
2104,國際中橡,10,0,10,凱基-鳳山,2023-04-19,9274
2888,新光金,12,2,10,凱基-鳳山,2023-04-19,9274
00680L,元大美債20正2,9,0,9,凱基-鳳山,2023-04-19,9274
1718,中纖,10,1,9,凱基-鳳山,2023-04-19,9274
6244,茂迪,192,47,145,凱基-鳳山,2023-04-20,9274
2460,建通,157,42,115,凱基-鳳山,2023-04-20,9274
2409,友達,103,1,102,凱基-鳳山,2023-04-20,9274
00673R,期元大S＆P原油反1,100,28,72,凱基-鳳山,2023-04-20,9274
6142,友勁,69,0,69,凱基-鳳山,2023-04-20,9274
00878,國泰永續高股息,71,8,63,凱基-鳳山,2023-04-20,9274
4979,華星光,109,47,62,凱基-鳳山,2023-04-20,9274
1907,永豐餘,64,3,61,凱基-鳳山,2023-04-20,9274
3032,偉訓,55,1,54,凱基-鳳山,2023-04-20,9274
4934,太極,54,7,47,凱基-鳳山,2023-04-20,9274
4113,聯上,44,0,44,凱基-鳳山,2023-04-20,9274
2412,中華電,42,0,42,凱基-鳳山,2023-04-20,9274
9935,慶豐富,34,0,34,凱基-鳳山,2023-04-20,9274
8183,精星,33,0,33,凱基-鳳山,2023-04-20,9274
9958,世紀鋼,52,19,33,凱基-鳳山,2023-04-20,9274
00637L,元大滬深300正2,432,400,32,凱基-鳳山,2023-04-20,9274
6548,長科*,44,12,32,凱基-鳳山,2023-04-20,9274
6163,華電網,31,1,30,凱基-鳳山,2023-04-20,9274
6191,精成科,27,0,27,凱基-鳳山,2023-04-20,9274
00882,中信中國高股息,22,0,22,凱基-鳳山,2023-04-20,9274
8234,新漢,22,0,22,凱基-鳳山,2023-04-20,9274
5371,中光電,23,1,22,凱基-鳳山,2023-04-20,9274
6443,元晶,58,37,21,凱基-鳳山,2023-04-20,9274
5608,四維航,21,0,21,凱基-鳳山,2023-04-20,9274
2104,國際中橡,20,0,20,凱基-鳳山,2023-04-20,9274
3652,精聯,21,1,20,凱基-鳳山,2023-04-20,9274
1524,耿鼎,21,3,18,凱基-鳳山,2023-04-20,9274
3673,TPK-KY,18,1,17,凱基-鳳山,2023-04-20,9274
1513,中興電,16,0,16,凱基-鳳山,2023-04-20,9274
2208,台船,22,6,16,凱基-鳳山,2023-04-20,9274
2634,漢翔,37,21,16,凱基-鳳山,2023-04-20,9274
00632R,元大台灣50反1,25,10,15,凱基-鳳山,2023-04-20,9274
1471,首利,15,0,15,凱基-鳳山,2023-04-20,9274
2484,希華,15,1,14,凱基-鳳山,2023-04-20,9274
3691,碩禾,16,2,14,凱基-鳳山,2023-04-20,9274
3017,奇鋐,15,2,13,凱基-鳳山,2023-04-20,9274
2601,益航,12,0,12,凱基-鳳山,2023-04-20,9274
4167,松瑞藥,13,1,12,凱基-鳳山,2023-04-20,9274
4747,強生,18,6,12,凱基-鳳山,2023-04-20,9274
6274,台燿,12,0,12,凱基-鳳山,2023-04-20,9274
8213,志超,20,8,12,凱基-鳳山,2023-04-20,9274
2609,陽明,38,27,11,凱基-鳳山,2023-04-20,9274
3078,僑威,24,13,11,凱基-鳳山,2023-04-20,9274
5465,富驊,21,10,11,凱基-鳳山,2023-04-20,9274
8111,立��,11,0,11,凱基-鳳山,2023-04-20,9274
8038,長園科,21,10,11,凱基-鳳山,2023-04-20,9274
00888,永豐台灣ESG,11,0,11,凱基-鳳山,2023-04-20,9274
00631L,元大台灣50正2,10,0,10,凱基-鳳山,2023-04-20,9274
00885,富邦越南,10,0,10,凱基-鳳山,2023-04-20,9274
00686R,群益臺灣加權反1,10,0,10,凱基-鳳山,2023-04-20,9274
1611,中電,316,69,247,凱基-鳳山,2023-04-21,9274
00637L,元大滬深300正2,230,0,230,凱基-鳳山,2023-04-21,9274
1810,和成,368,144,224,凱基-鳳山,2023-04-21,9274
1907,永豐餘,108,4,104,凱基-鳳山,2023-04-21,9274
2460,建通,145,53,92,凱基-鳳山,2023-04-21,9274
6142,友勁,69,0,69,凱基-鳳山,2023-04-21,9274
1417,嘉裕,45,1,44,凱基-鳳山,2023-04-21,9274
2891,中信金,144,100,44,凱基-鳳山,2023-04-21,9274
4979,華星光,151,115,36,凱基-鳳山,2023-04-21,9274
2495,普安,40,6,34,凱基-鳳山,2023-04-21,9274
2610,華航,44,12,32,凱基-鳳山,2023-04-21,9274
3011,今皓,39,7,32,凱基-鳳山,2023-04-21,9274
2328,廣宇,30,0,30,凱基-鳳山,2023-04-21,9274
00665L,富邦�琤肭磪囓�2,25,0,25,凱基-鳳山,2023-04-21,9274
2481,強茂,25,1,24,凱基-鳳山,2023-04-21,9274
00715L,期街口布蘭特正2,22,0,22,凱基-鳳山,2023-04-21,9274
2897,王道銀行,21,0,21,凱基-鳳山,2023-04-21,9274
3231,緯創,26,5,21,凱基-鳳山,2023-04-21,9274
3652,精聯,21,0,21,凱基-鳳山,2023-04-21,9274
3363,上詮,18,0,18,凱基-鳳山,2023-04-21,9274
4906,正文,33,16,17,凱基-鳳山,2023-04-21,9274
2104,國際中橡,16,0,16,凱基-鳳山,2023-04-21,9274
3058,立德,49,33,16,凱基-鳳山,2023-04-21,9274
6733,博晟生醫,17,1,16,凱基-鳳山,2023-04-21,9274
00922,國泰台灣領袖50,15,0,15,凱基-鳳山,2023-04-21,9274
8213,志超,15,0,15,凱基-鳳山,2023-04-21,9274
1909,榮成,21,7,14,凱基-鳳山,2023-04-21,9274
3071,協禧,14,0,14,凱基-鳳山,2023-04-21,9274
6279,胡連,14,0,14,凱基-鳳山,2023-04-21,9274
2030,彰源,13,0,13,凱基-鳳山,2023-04-21,9274
1219,福壽,13,0,13,凱基-鳳山,2023-04-21,9274
2748,雲品,15,2,13,凱基-鳳山,2023-04-21,9274
1609,大亞,15,3,12,凱基-鳳山,2023-04-21,9274
2606,裕民,12,0,12,凱基-鳳山,2023-04-21,9274
3059,華晶科,12,0,12,凱基-鳳山,2023-04-21,9274
2312,金寶,11,0,11,凱基-鳳山,2023-04-21,9274
2421,建準,11,0,11,凱基-鳳山,2023-04-21,9274
6218,豪勉,13,2,11,凱基-鳳山,2023-04-21,9274
8234,新漢,11,0,11,凱基-鳳山,2023-04-21,9274
2027,大成鋼,10,0,10,凱基-鳳山,2023-04-21,9274
1444,力麗,10,0,10,凱基-鳳山,2023-04-21,9274
2612,中航,10,0,10,凱基-鳳山,2023-04-21,9274
3015,全漢,10,0,10,凱基-鳳山,2023-04-21,9274
3062,建漢,11,1,10,凱基-鳳山,2023-04-21,9274
6167,久正,12,2,10,凱基-鳳山,2023-04-21,9274
6573,虹揚-KY,10,0,10,凱基-鳳山,2023-04-21,9274
6770,力積電,44,34,10,凱基-鳳山,2023-04-21,9274
8070,長華*,10,0,10,凱基-鳳山,2023-04-21,9274
8183,精星,10,0,10,凱基-鳳山,2023-04-21,9274
00830,國泰費城半導體,9,0,9,凱基-鳳山,2023-04-21,9274
1905,華紙,238,56,182,凱基-鳳山,2023-04-24,9274
0056,元大高股息,151,0,151,凱基-鳳山,2023-04-24,9274
6167,久正,85,3,82,凱基-鳳山,2023-04-24,9274
2460,建通,103,25,78,凱基-鳳山,2023-04-24,9274
2331,精英,70,0,70,凱基-鳳山,2023-04-24,9274
00637L,元大滬深300正2,42,0,42,凱基-鳳山,2023-04-24,9274
8033,雷虎,40,0,40,凱基-鳳山,2023-04-24,9274
2303,聯電,37,1,36,凱基-鳳山,2023-04-24,9274
2344,華邦電,44,10,34,凱基-鳳山,2023-04-24,9274
2027,大成鋼,29,0,29,凱基-鳳山,2023-04-24,9274
00665L,富邦�琤肭磪囓�2,25,0,25,凱基-鳳山,2023-04-24,9274
4566,時碩工業,26,2,24,凱基-鳳山,2023-04-24,9274
5371,中光電,25,1,24,凱基-鳳山,2023-04-24,9274
2314,台揚,23,0,23,凱基-鳳山,2023-04-24,9274
00882,中信中國高股息,22,0,22,凱基-鳳山,2023-04-24,9274
2610,華航,20,0,20,凱基-鳳山,2023-04-24,9274
2349,錸德,20,0,20,凱基-鳳山,2023-04-24,9274
2457,飛宏,27,7,20,凱基-鳳山,2023-04-24,9274
6470,宇智,15,0,15,凱基-鳳山,2023-04-24,9274
6198,瑞築,13,0,13,凱基-鳳山,2023-04-24,9274
1904,正隆,13,1,12,凱基-鳳山,2023-04-24,9274
00633L,富邦上証正2,11,0,11,凱基-鳳山,2023-04-24,9274
00651R,復華香港反1,18,7,11,凱基-鳳山,2023-04-24,9274
2897,王道銀行,11,0,11,凱基-鳳山,2023-04-24,9274
00713,元大台灣高息低波,11,1,10,凱基-鳳山,2023-04-24,9274
5351,鈺創,10,0,10,凱基-鳳山,2023-04-24,9274
1786,科妍,10,0,10,凱基-鳳山,2023-04-24,9274
3652,精聯,10,0,10,凱基-鳳山,2023-04-24,9274
4944,兆遠,10,0,10,凱基-鳳山,2023-04-24,9274
2913,農林,59,50,9,凱基-鳳山,2023-04-24,9274
00715L,期街口布蘭特正2,9,0,9,凱基-鳳山,2023-04-24,9274
00638R,元大滬深300反1,9,0,9,凱基-鳳山,2023-04-24,9274
0050,元大台灣50,9,0,9,凱基-鳳山,2023-04-24,9274
2609,陽明,8,0,8,凱基-鳳山,2023-04-24,9274
2371,大同,8,0,8,凱基-鳳山,2023-04-24,9274
2495,普安,15,7,8,凱基-鳳山,2023-04-24,9274
4931,新盛力,8,0,8,凱基-鳳山,2023-04-24,9274
6163,華電網,11,3,8,凱基-鳳山,2023-04-24,9274
00878,國泰永續高股息,26,19,7,凱基-鳳山,2023-04-24,9274
2409,友達,7,0,7,凱基-鳳山,2023-04-24,9274
5425,台半,10,3,7,凱基-鳳山,2023-04-24,9274
2731,雄獅,10,3,7,凱基-鳳山,2023-04-24,9274
3520,華盈,7,1,6,凱基-鳳山,2023-04-24,9274
1304,台聚,7,1,6,凱基-鳳山,2023-04-24,9274
1504,東元,7,1,6,凱基-鳳山,2023-04-24,9274
2375,凱美,6,0,6,凱基-鳳山,2023-04-24,9274
6150,撼訊,6,0,6,凱基-鳳山,2023-04-24,9274
2363,矽統,5,0,5,凱基-鳳山,2023-04-24,9274
00632R,元大台灣50反1,5,0,5,凱基-鳳山,2023-04-24,9274
00642U,期元大S＆P石油,5,0,5,凱基-鳳山,2023-04-24,9274
4960,誠美材,191,10,181,凱基-鳳山,2023-04-25,9274
3363,上詮,63,0,63,凱基-鳳山,2023-04-25,9274
2610,華航,56,1,55,凱基-鳳山,2023-04-25,9274
1810,和成,48,1,47,凱基-鳳山,2023-04-25,9274
2888,新光金,45,0,45,凱基-鳳山,2023-04-25,9274
0056,元大高股息,43,0,43,凱基-鳳山,2023-04-25,9274
2484,希華,40,0,40,凱基-鳳山,2023-04-25,9274
00665L,富邦�琤肭磪囓�2,38,0,38,凱基-鳳山,2023-04-25,9274
2423,固緯,38,3,35,凱基-鳳山,2023-04-25,9274
0050,元大台灣50,36,1,35,凱基-鳳山,2023-04-25,9274
2002,中鋼,34,0,34,凱基-鳳山,2023-04-25,9274
1310,台苯,44,10,34,凱基-鳳山,2023-04-25,9274
2634,漢翔,126,93,33,凱基-鳳山,2023-04-25,9274
6269,台郡,33,0,33,凱基-鳳山,2023-04-25,9274
00902,中信電池及儲能,30,0,30,凱基-鳳山,2023-04-25,9274
2027,大成鋼,31,1,30,凱基-鳳山,2023-04-25,9274
2303,聯電,35,8,27,凱基-鳳山,2023-04-25,9274
2312,金寶,26,0,26,凱基-鳳山,2023-04-25,9274
00881,國泰台灣5G+,24,0,24,凱基-鳳山,2023-04-25,9274
2913,農林,38,14,24,凱基-鳳山,2023-04-25,9274
00637L,元大滬深300正2,22,0,22,凱基-鳳山,2023-04-25,9274
4979,華星光,74,52,22,凱基-鳳山,2023-04-25,9274
6589,台康生技,22,1,21,凱基-鳳山,2023-04-25,9274
00671R,富邦NASDAQ反1,30,10,20,凱基-鳳山,2023-04-25,9274
3038,全台,20,0,20,凱基-鳳山,2023-04-25,9274
5371,中光電,23,4,19,凱基-鳳山,2023-04-25,9274
1503,士電,20,1,19,凱基-鳳山,2023-04-25,9274
6770,力積電,21,2,19,凱基-鳳山,2023-04-25,9274
2409,友達,19,1,18,凱基-鳳山,2023-04-25,9274
2337,旺宏,17,0,17,凱基-鳳山,2023-04-25,9274
00922,國泰台灣領袖50,17,2,15,凱基-鳳山,2023-04-25,9274
6209,今國光,22,7,15,凱基-鳳山,2023-04-25,9274
00878,國泰永續高股息,125,111,14,凱基-鳳山,2023-04-25,9274
00753L,中信中國50正2,14,0,14,凱基-鳳山,2023-04-25,9274
2419,仲琦,13,0,13,凱基-鳳山,2023-04-25,9274
2489,瑞軒,13,0,13,凱基-鳳山,2023-04-25,9274
3231,緯創,44,31,13,凱基-鳳山,2023-04-25,9274
1605,華新,33,21,12,凱基-鳳山,2023-04-25,9274
6443,元晶,17,5,12,凱基-鳳山,2023-04-25,9274
1513,中興電,18,6,12,凱基-鳳山,2023-04-25,9274
1909,榮成,13,1,12,凱基-鳳山,2023-04-25,9274
3481,群創,12,0,12,凱基-鳳山,2023-04-25,9274
8358,金居,12,0,12,凱基-鳳山,2023-04-25,9274
00772B,中信高評級公司債,11,0,11,凱基-鳳山,2023-04-25,9274
1326,台化,11,0,11,凱基-鳳山,2023-04-25,9274
2208,台船,14,3,11,凱基-鳳山,2023-04-25,9274
9929,秋雨,11,0,11,凱基-鳳山,2023-04-25,9274
00900,富邦特選高股息30,11,0,11,凱基-鳳山,2023-04-25,9274
8033,雷虎,15,5,10,凱基-鳳山,2023-04-25,9274
2330,台積電,12,2,10,凱基-鳳山,2023-04-25,9274
8222,寶一,135,22,113,凱基-鳳山,2023-04-26,9274
2460,建通,199,101,98,凱基-鳳山,2023-04-26,9274
1905,華紙,138,41,97,凱基-鳳山,2023-04-26,9274
1810,和成,53,1,52,凱基-鳳山,2023-04-26,9274
9904,寶成,45,0,45,凱基-鳳山,2023-04-26,9274
9935,慶豐富,36,0,36,凱基-鳳山,2023-04-26,9274
00885,富邦越南,35,0,35,凱基-鳳山,2023-04-26,9274
2913,農林,35,5,30,凱基-鳳山,2023-04-26,9274
2331,精英,30,0,30,凱基-鳳山,2023-04-26,9274
3715,定穎投控,30,0,30,凱基-鳳山,2023-04-26,9274
00712,復華富時不動產,23,0,23,凱基-鳳山,2023-04-26,9274
2610,華航,32,10,22,凱基-鳳山,2023-04-26,9274
2897,王道銀行,21,0,21,凱基-鳳山,2023-04-26,9274
2352,佳世達,21,1,20,凱基-鳳山,2023-04-26,9274
5371,中光電,20,0,20,凱基-鳳山,2023-04-26,9274
3711,日月光投控,17,0,17,凱基-鳳山,2023-04-26,9274
2423,固緯,15,1,14,凱基-鳳山,2023-04-26,9274
1101,台泥,28,14,14,凱基-鳳山,2023-04-26,9274
2609,陽明,17,4,13,凱基-鳳山,2023-04-26,9274
2303,聯電,15,2,13,凱基-鳳山,2023-04-26,9274
3264,欣銓,12,0,12,凱基-鳳山,2023-04-26,9274
0050,元大台灣50,12,0,12,凱基-鳳山,2023-04-26,9274
2888,新光金,12,1,11,凱基-鳳山,2023-04-26,9274
2409,友達,11,0,11,凱基-鳳山,2023-04-26,9274
3591,艾笛森,11,0,11,凱基-鳳山,2023-04-26,9274
2027,大成鋼,10,0,10,凱基-鳳山,2023-04-26,9274
00665L,富邦�琤肭磪囓�2,10,0,10,凱基-鳳山,2023-04-26,9274
00637L,元大滬深300正2,10,0,10,凱基-鳳山,2023-04-26,9274
8213,志超,10,0,10,凱基-鳳山,2023-04-26,9274
00878,國泰永續高股息,26,17,9,凱基-鳳山,2023-04-26,9274
2002,中鋼,9,0,9,凱基-鳳山,2023-04-26,9274
1709,和益,11,2,9,凱基-鳳山,2023-04-26,9274
4744,皇將,9,0,9,凱基-鳳山,2023-04-26,9274
006208,富邦台50,8,0,8,凱基-鳳山,2023-04-26,9274
00686R,群益臺灣加權反1,8,0,8,凱基-鳳山,2023-04-26,9274
1313,聯成,8,0,8,凱基-鳳山,2023-04-26,9274
2498,宏達電,11,3,8,凱基-鳳山,2023-04-26,9274
4113,聯上,8,0,8,凱基-鳳山,2023-04-26,9274
6209,今國光,11,3,8,凱基-鳳山,2023-04-26,9274
1605,華新,9,1,8,凱基-鳳山,2023-04-26,9274
6548,長科*,9,2,7,凱基-鳳山,2023-04-26,9274
00772B,中信高評級公司債,9,2,7,凱基-鳳山,2023-04-26,9274
00706L,期元大S＆P日圓正2,7,0,7,凱基-鳳山,2023-04-26,9274
2603,長榮,22,16,6,凱基-鳳山,2023-04-26,9274
2337,旺宏,6,0,6,凱基-鳳山,2023-04-26,9274
00830,國泰費城半導體,6,0,6,凱基-鳳山,2023-04-26,9274
00888,永豐台灣ESG,6,0,6,凱基-鳳山,2023-04-26,9274
00648R,元大S＆P500反1,6,0,6,凱基-鳳山,2023-04-26,9274
1708,東鹼,6,0,6,凱基-鳳山,2023-04-26,9274
2419,仲琦,6,0,6,凱基-鳳山,2023-04-26,9274
1721,三晃,226,65,161,凱基-鳳山,2023-04-27,9274
2409,友達,133,0,133,凱基-鳳山,2023-04-27,9274
2201,裕隆,128,40,88,凱基-鳳山,2023-04-27,9274
3049,精金,69,0,69,凱基-鳳山,2023-04-27,9274
2002,中鋼,53,0,53,凱基-鳳山,2023-04-27,9274
1718,中纖,40,0,40,凱基-鳳山,2023-04-27,9274
2460,建通,78,42,36,凱基-鳳山,2023-04-27,9274
2603,長榮,42,10,32,凱基-鳳山,2023-04-27,9274
00669R,國泰美國道瓊反1,32,0,32,凱基-鳳山,2023-04-27,9274
2885,元大金,30,0,30,凱基-鳳山,2023-04-27,9274
9935,慶豐富,30,0,30,凱基-鳳山,2023-04-27,9274
00715L,期街口布蘭特正2,23,0,23,凱基-鳳山,2023-04-27,9274
6142,友勁,23,1,22,凱基-鳳山,2023-04-27,9274
9934,成霖,20,0,20,凱基-鳳山,2023-04-27,9274
1789,神隆,23,4,19,凱基-鳳山,2023-04-27,9274
1336,台翰,18,0,18,凱基-鳳山,2023-04-27,9274
2888,新光金,18,0,18,凱基-鳳山,2023-04-27,9274
2609,陽明,20,3,17,凱基-鳳山,2023-04-27,9274
00665L,富邦�琤肭磪囓�2,16,0,16,凱基-鳳山,2023-04-27,9274
5880,合庫金,16,0,16,凱基-鳳山,2023-04-27,9274
4763,材料-KY,29,14,15,凱基-鳳山,2023-04-27,9274
00878,國泰永續高股息,20,6,14,凱基-鳳山,2023-04-27,9274
6116,彩晶,36,23,13,凱基-鳳山,2023-04-27,9274
00632R,元大台灣50反1,14,2,12,凱基-鳳山,2023-04-27,9274
2421,建準,12,0,12,凱基-鳳山,2023-04-27,9274
5371,中光電,11,0,11,凱基-鳳山,2023-04-27,9274
9907,統一實,11,0,11,凱基-鳳山,2023-04-27,9274
2801,彰銀,13,2,11,凱基-鳳山,2023-04-27,9274
6874,倍力,10,0,10,凱基-鳳山,2023-04-27,9274
00664R,國泰臺灣加權反1,10,0,10,凱基-鳳山,2023-04-27,9274
2069,運錩,10,0,10,凱基-鳳山,2023-04-27,9274
2897,王道銀行,11,1,10,凱基-鳳山,2023-04-27,9274
2911,麗嬰房,10,0,10,凱基-鳳山,2023-04-27,9274
6185,幃翔,10,0,10,凱基-鳳山,2023-04-27,9274
8240,華宏,10,0,10,凱基-鳳山,2023-04-27,9274
1731,美吾華,10,0,10,凱基-鳳山,2023-04-27,9274
1310,台苯,31,22,9,凱基-鳳山,2023-04-27,9274
1806,冠軍,10,1,9,凱基-鳳山,2023-04-27,9274
4541,晟田,15,6,9,凱基-鳳山,2023-04-27,9274
1605,華新,19,11,8,凱基-鳳山,2023-04-27,9274
1304,台聚,8,0,8,凱基-鳳山,2023-04-27,9274
2413,環科,9,1,8,凱基-鳳山,2023-04-27,9274
2498,宏達電,18,10,8,凱基-鳳山,2023-04-27,9274
4113,聯上,25,17,8,凱基-鳳山,2023-04-27,9274
8403,盛弘,38,30,8,凱基-鳳山,2023-04-27,9274
2489,瑞軒,9,2,7,凱基-鳳山,2023-04-27,9274
3017,奇鋐,12,5,7,凱基-鳳山,2023-04-27,9274
6282,康舒,17,10,7,凱基-鳳山,2023-04-27,9274
00885,富邦越南,6,0,6,凱基-鳳山,2023-04-27,9274
3105,穩懋,6,0,6,凱基-鳳山,2023-04-27,9274
6116,彩晶,608,21,587,凱基-鳳山,2023-04-28,9274
2409,友達,196,7,189,凱基-鳳山,2023-04-28,9274
6152,百一,186,1,185,凱基-鳳山,2023-04-28,9274
3049,精金,140,0,140,凱基-鳳山,2023-04-28,9274
3481,群創,115,10,105,凱基-鳳山,2023-04-28,9274
2421,建準,96,12,84,凱基-鳳山,2023-04-28,9274
2897,王道銀行,50,1,49,凱基-鳳山,2023-04-28,9274
3011,今皓,69,23,46,凱基-鳳山,2023-04-28,9274
1104,環泥,41,1,40,凱基-鳳山,2023-04-28,9274
2460,建通,75,36,39,凱基-鳳山,2023-04-28,9274
1810,和成,103,69,34,凱基-鳳山,2023-04-28,9274
00664R,國泰臺灣加權反1,30,0,30,凱基-鳳山,2023-04-28,9274
1721,三晃,239,209,30,凱基-鳳山,2023-04-28,9274
5439,高技,32,2,30,凱基-鳳山,2023-04-28,9274
00632R,元大台灣50反1,68,40,28,凱基-鳳山,2023-04-28,9274
1441,大東,27,0,27,凱基-鳳山,2023-04-28,9274
2801,彰銀,27,0,27,凱基-鳳山,2023-04-28,9274
1734,杏輝,28,2,26,凱基-鳳山,2023-04-28,9274
2022,聚亨,28,2,26,凱基-鳳山,2023-04-28,9274
00680L,元大美債20正2,23,0,23,凱基-鳳山,2023-04-28,9274
4968,立積,24,2,22,凱基-鳳山,2023-04-28,9274
3189,景碩,20,0,20,凱基-鳳山,2023-04-28,9274
3325,旭品,18,2,16,凱基-鳳山,2023-04-28,9274
5475,德宏,15,0,15,凱基-鳳山,2023-04-28,9274
00772B,中信高評級公司債,14,0,14,凱基-鳳山,2023-04-28,9274
8222,寶一,23,10,13,凱基-鳳山,2023-04-28,9274
1717,長興,13,0,13,凱基-鳳山,2023-04-28,9274
0056,元大高股息,19,7,12,凱基-鳳山,2023-04-28,9274
2442,新美齊,12,0,12,凱基-鳳山,2023-04-28,9274
6266,泰詠,17,6,11,凱基-鳳山,2023-04-28,9274
00713,元大台灣高息低波,11,0,11,凱基-鳳山,2023-04-28,9274
00679B,元大美債20年,60,49,11,凱基-鳳山,2023-04-28,9274
3264,欣銓,11,0,11,凱基-鳳山,2023-04-28,9274
4541,晟田,16,5,11,凱基-鳳山,2023-04-28,9274
1513,中興電,21,11,10,凱基-鳳山,2023-04-28,9274
1776,展宇,10,0,10,凱基-鳳山,2023-04-28,9274
3038,全台,10,0,10,凱基-鳳山,2023-04-28,9274
3346,麗清,10,0,10,凱基-鳳山,2023-04-28,9274
9934,成霖,10,0,10,凱基-鳳山,2023-04-28,9274
00712,復華富時不動產,9,0,9,凱基-鳳山,2023-04-28,9274
1711,永光,18,9,9,凱基-鳳山,2023-04-28,9274
3294,英濟,10,1,9,凱基-鳳山,2023-04-28,9274
6179,亞通,9,0,9,凱基-鳳山,2023-04-28,9274
00751B,元大AAA至A公司債,8,0,8,凱基-鳳山,2023-04-28,9274
1809,中釉,10,2,8,凱基-鳳山,2023-04-28,9274
3029,零壹,27,19,8,凱基-鳳山,2023-04-28,9274
5211,蒙恬,11,3,8,凱基-鳳山,2023-04-28,9274
3711,日月光投控,8,2,6,凱基-鳳山,2023-04-28,9274
00631L,元大台灣50正2,6,0,6,凱基-鳳山,2023-04-28,9274
4113,聯上,6,0,6,凱基-鳳山,2023-04-28,9274
2409,友達,165,4,161,凱基-鳳山,2023-05-02,9274
00751B,元大AAA至A公司債,151,0,151,凱基-鳳山,2023-05-02,9274
6234,高僑,280,138,142,凱基-鳳山,2023-05-02,9274
2201,裕隆,111,1,110,凱基-鳳山,2023-05-02,9274
00637L,元大滬深300正2,300,200,100,凱基-鳳山,2023-05-02,9274
2460,建通,111,17,94,凱基-鳳山,2023-05-02,9274
3011,今皓,105,22,83,凱基-鳳山,2023-05-02,9274
00720B,元大投資級公司債,81,0,81,凱基-鳳山,2023-05-02,9274
1909,榮成,81,0,81,凱基-鳳山,2023-05-02,9274
2618,長榮航,68,0,68,凱基-鳳山,2023-05-02,9274
6116,彩晶,74,16,58,凱基-鳳山,2023-05-02,9274
8403,盛弘,69,14,55,凱基-鳳山,2023-05-02,9274
00878,國泰永續高股息,66,12,54,凱基-鳳山,2023-05-02,9274
1810,和成,42,0,42,凱基-鳳山,2023-05-02,9274
2880,華南金,41,0,41,凱基-鳳山,2023-05-02,9274
2603,長榮,38,4,34,凱基-鳳山,2023-05-02,9274
2897,王道銀行,42,10,32,凱基-鳳山,2023-05-02,9274
2609,陽明,35,5,30,凱基-鳳山,2023-05-02,9274
00642U,期元大S＆P石油,30,1,29,凱基-鳳山,2023-05-02,9274
3591,艾笛森,30,1,29,凱基-鳳山,2023-05-02,9274
3363,上詮,30,3,27,凱基-鳳山,2023-05-02,9274
00680L,元大美債20正2,76,54,22,凱基-鳳山,2023-05-02,9274
4113,聯上,22,1,21,凱基-鳳山,2023-05-02,9274
3325,旭品,18,0,18,凱基-鳳山,2023-05-02,9274
00673R,期元大S＆P原油反1,15,0,15,凱基-鳳山,2023-05-02,9274
1809,中釉,15,0,15,凱基-鳳山,2023-05-02,9274
2515,中工,13,2,11,凱基-鳳山,2023-05-02,9274
6209,今國光,11,0,11,凱基-鳳山,2023-05-02,9274
6274,台燿,11,0,11,凱基-鳳山,2023-05-02,9274
3308,聯德,10,0,10,凱基-鳳山,2023-05-02,9274
00632R,元大台灣50反1,10,0,10,凱基-鳳山,2023-05-02,9274
2102,泰豐,10,0,10,凱基-鳳山,2023-05-02,9274
3033,威健,10,0,10,凱基-鳳山,2023-05-02,9274
3324,雙鴻,10,0,10,凱基-鳳山,2023-05-02,9274
3715,定穎投控,12,2,10,凱基-鳳山,2023-05-02,9274
6461,益得,10,0,10,凱基-鳳山,2023-05-02,9274
1529,樂事綠能,12,3,9,凱基-鳳山,2023-05-02,9274
1709,和益,10,1,9,凱基-鳳山,2023-05-02,9274
2885,元大金,9,0,9,凱基-鳳山,2023-05-02,9274
8105,凌巨,9,0,9,凱基-鳳山,2023-05-02,9274
2888,新光金,20,12,8,凱基-鳳山,2023-05-02,9274
3323,加百裕,10,2,8,凱基-鳳山,2023-05-02,9274
6163,華電網,10,2,8,凱基-鳳山,2023-05-02,9274
6477,安集,12,4,8,凱基-鳳山,2023-05-02,9274
6546,正基,8,0,8,凱基-鳳山,2023-05-02,9274
2634,漢翔,25,17,8,凱基-鳳山,2023-05-02,9274
00679B,元大美債20年,618,611,7,凱基-鳳山,2023-05-02,9274
2430,燦坤,7,0,7,凱基-鳳山,2023-05-02,9274
3528,安馳,8,1,7,凱基-鳳山,2023-05-02,9274
6125,廣運,7,0,7,凱基-鳳山,2023-05-02,9274
6116,彩晶,180,1,179,凱基-鳳山,2023-05-03,9274
3591,艾笛森,154,0,154,凱基-鳳山,2023-05-03,9274
00715L,期街口布蘭特正2,146,0,146,凱基-鳳山,2023-05-03,9274
1504,東元,85,7,78,凱基-鳳山,2023-05-03,9274
2460,建通,89,15,74,凱基-鳳山,2023-05-03,9274
2603,長榮,112,45,67,凱基-鳳山,2023-05-03,9274
2409,友達,72,9,63,凱基-鳳山,2023-05-03,9274
1101,台泥,88,27,61,凱基-鳳山,2023-05-03,9274
3363,上詮,60,4,56,凱基-鳳山,2023-05-03,9274
1514,亞力,72,23,49,凱基-鳳山,2023-05-03,9274
1905,華紙,135,94,41,凱基-鳳山,2023-05-03,9274
2812,台中銀,35,0,35,凱基-鳳山,2023-05-03,9274
2417,圓剛,116,81,35,凱基-鳳山,2023-05-03,9274
2888,新光金,35,0,35,凱基-鳳山,2023-05-03,9274
00712,復華富時不動產,33,0,33,凱基-鳳山,2023-05-03,9274
2421,建準,31,0,31,凱基-鳳山,2023-05-03,9274
2609,陽明,31,3,28,凱基-鳳山,2023-05-03,9274
00878,國泰永續高股息,78,51,27,凱基-鳳山,2023-05-03,9274
00637L,元大滬深300正2,126,100,26,凱基-鳳山,2023-05-03,9274
3231,緯創,24,1,23,凱基-鳳山,2023-05-03,9274
00772B,中信高評級公司債,23,0,23,凱基-鳳山,2023-05-03,9274
2913,農林,30,8,22,凱基-鳳山,2023-05-03,9274
3011,今皓,21,0,21,凱基-鳳山,2023-05-03,9274
00642U,期元大S＆P石油,20,2,18,凱基-鳳山,2023-05-03,9274
3338,泰碩,22,5,17,凱基-鳳山,2023-05-03,9274
2014,中鴻,16,0,16,凱基-鳳山,2023-05-03,9274
1104,環泥,28,13,15,凱基-鳳山,2023-05-03,9274
4510,高鋒,14,0,14,凱基-鳳山,2023-05-03,9274
00753L,中信中國50正2,13,0,13,凱基-鳳山,2023-05-03,9274
1701,中化,19,7,12,凱基-鳳山,2023-05-03,9274
6133,金橋,12,0,12,凱基-鳳山,2023-05-03,9274
2481,強茂,11,0,11,凱基-鳳山,2023-05-03,9274
3646,艾恩特,11,0,11,凱基-鳳山,2023-05-03,9274
00924,復華S＆P500成長,10,0,10,凱基-鳳山,2023-05-03,9274
1776,展宇,10,0,10,凱基-鳳山,2023-05-03,9274
2634,漢翔,29,19,10,凱基-鳳山,2023-05-03,9274
3078,僑威,10,0,10,凱基-鳳山,2023-05-03,9274
4111,濟生,12,2,10,凱基-鳳山,2023-05-03,9274
6290,良維,10,0,10,凱基-鳳山,2023-05-03,9274
8110,華東,10,0,10,凱基-鳳山,2023-05-03,9274
9919,康那香,10,0,10,凱基-鳳山,2023-05-03,9274
00706L,期元大S＆P日圓正2,9,0,9,凱基-鳳山,2023-05-03,9274
6160,欣技,9,0,9,凱基-鳳山,2023-05-03,9274
2884,玉山金,30,21,9,凱基-鳳山,2023-05-03,9274
2880,華南金,9,0,9,凱基-鳳山,2023-05-03,9274
1519,華城,24,16,8,凱基-鳳山,2023-05-03,9274
2615,萬海,8,0,8,凱基-鳳山,2023-05-03,9274
2883,凱基金,23,15,8,凱基-鳳山,2023-05-03,9274
6244,茂迪,8,0,8,凱基-鳳山,2023-05-03,9274
4967,十銓,10,2,8,凱基-鳳山,2023-05-03,9274
00715L,期街口布蘭特正2,176,2,174,凱基-鳳山,2023-05-04,9274
6142,友勁,142,0,142,凱基-鳳山,2023-05-04,9274
4111,濟生,86,0,86,凱基-鳳山,2023-05-04,9274
3231,緯創,86,15,71,凱基-鳳山,2023-05-04,9274
3591,艾笛森,66,0,66,凱基-鳳山,2023-05-04,9274
3033,威健,51,0,51,凱基-鳳山,2023-05-04,9274
2495,普安,62,21,41,凱基-鳳山,2023-05-04,9274
00878,國泰永續高股息,79,42,37,凱基-鳳山,2023-05-04,9274
00642U,期元大S＆P石油,35,0,35,凱基-鳳山,2023-05-04,9274
2885,元大金,35,0,35,凱基-鳳山,2023-05-04,9274
3011,今皓,34,0,34,凱基-鳳山,2023-05-04,9274
2460,建通,112,80,32,凱基-鳳山,2023-05-04,9274
2449,京元電子,30,3,27,凱基-鳳山,2023-05-04,9274
3013,晟銘電,25,0,25,凱基-鳳山,2023-05-04,9274
6274,台燿,22,0,22,凱基-鳳山,2023-05-04,9274
1718,中纖,20,0,20,凱基-鳳山,2023-05-04,9274
00712,復華富時不動產,20,0,20,凱基-鳳山,2023-05-04,9274
3323,加百裕,18,0,18,凱基-鳳山,2023-05-04,9274
2634,漢翔,24,8,16,凱基-鳳山,2023-05-04,9274
6185,幃翔,18,2,16,凱基-鳳山,2023-05-04,9274
8085,福華,14,0,14,凱基-鳳山,2023-05-04,9274
2897,王道銀行,13,0,13,凱基-鳳山,2023-05-04,9274
4968,立積,18,6,12,凱基-鳳山,2023-05-04,9274
00670L,富邦NASDAQ正2,11,0,11,凱基-鳳山,2023-05-04,9274
2481,強茂,11,0,11,凱基-鳳山,2023-05-04,9274
4979,華星光,13,2,11,凱基-鳳山,2023-05-04,9274
6167,久正,18,7,11,凱基-鳳山,2023-05-04,9274
2498,宏達電,10,0,10,凱基-鳳山,2023-05-04,9274
2515,中工,10,0,10,凱基-鳳山,2023-05-04,9274
3019,亞光,10,0,10,凱基-鳳山,2023-05-04,9274
6492,生華科,10,0,10,凱基-鳳山,2023-05-04,9274
3005,神基,17,8,9,凱基-鳳山,2023-05-04,9274
2603,長榮,26,17,9,凱基-鳳山,2023-05-04,9274
2485,兆赫,10,1,9,凱基-鳳山,2023-05-04,9274
3356,奇偶,29,20,9,凱基-鳳山,2023-05-04,9274
2609,陽明,12,4,8,凱基-鳳山,2023-05-04,9274
8454,富邦媒,8,0,8,凱基-鳳山,2023-05-04,9274
4121,優盛,16,8,8,凱基-鳳山,2023-05-04,9274
1442,名軒,8,0,8,凱基-鳳山,2023-05-04,9274
2409,友達,11,3,8,凱基-鳳山,2023-05-04,9274
6116,彩晶,18,10,8,凱基-鳳山,2023-05-04,9274
6282,康舒,8,0,8,凱基-鳳山,2023-05-04,9274
2009,第一銅,14,6,8,凱基-鳳山,2023-05-04,9274
2002,中鋼,7,0,7,凱基-鳳山,2023-05-04,9274
1522,堤維西,7,0,7,凱基-鳳山,2023-05-04,9274
1609,大亞,63,56,7,凱基-鳳山,2023-05-04,9274
2344,華邦電,7,0,7,凱基-鳳山,2023-05-04,9274
3128,昇銳,11,4,7,凱基-鳳山,2023-05-04,9274
6198,瑞築,7,0,7,凱基-鳳山,2023-05-04,9274
8222,寶一,15,8,7,凱基-鳳山,2023-05-04,9274
00715L,期街口布蘭特正2,125,0,125,凱基-鳳山,2023-05-05,9274
6005,群益證,110,0,110,凱基-鳳山,2023-05-05,9274
6142,友勁,93,0,93,凱基-鳳山,2023-05-05,9274
3715,定穎投控,73,1,72,凱基-鳳山,2023-05-05,9274
2460,建通,102,46,56,凱基-鳳山,2023-05-05,9274
4128,中天,51,0,51,凱基-鳳山,2023-05-05,9274
2883,凱基金,68,21,47,凱基-鳳山,2023-05-05,9274
2442,新美齊,45,0,45,凱基-鳳山,2023-05-05,9274
3363,上詮,49,4,45,凱基-鳳山,2023-05-05,9274
1307,三芳,34,0,34,凱基-鳳山,2023-05-05,9274
00878,國泰永續高股息,38,4,34,凱基-鳳山,2023-05-05,9274
1108,幸福,30,0,30,凱基-鳳山,2023-05-05,9274
2492,華新科,39,11,28,凱基-鳳山,2023-05-05,9274
4909,新復興,33,7,26,凱基-鳳山,2023-05-05,9274
6443,元晶,27,3,24,凱基-鳳山,2023-05-05,9274
8403,盛弘,43,20,23,凱基-鳳山,2023-05-05,9274
6191,精成科,73,52,21,凱基-鳳山,2023-05-05,9274
2885,元大金,20,0,20,凱基-鳳山,2023-05-05,9274
00712,復華富時不動產,21,3,18,凱基-鳳山,2023-05-05,9274
1611,中電,16,0,16,凱基-鳳山,2023-05-05,9274
3265,台星科,18,2,16,凱基-鳳山,2023-05-05,9274
1529,樂事綠能,23,7,16,凱基-鳳山,2023-05-05,9274
2201,裕隆,20,6,14,凱基-鳳山,2023-05-05,9274
2208,台船,19,5,14,凱基-鳳山,2023-05-05,9274
6770,力積電,13,0,13,凱基-鳳山,2023-05-05,9274
2353,宏��,12,0,12,凱基-鳳山,2023-05-05,9274
3624,光頡,12,0,12,凱基-鳳山,2023-05-05,9274
3481,群創,13,2,11,凱基-鳳山,2023-05-05,9274
2317,鴻海,10,0,10,凱基-鳳山,2023-05-05,9274
3693,營邦,14,4,10,凱基-鳳山,2023-05-05,9274
4161,聿新科,11,1,10,凱基-鳳山,2023-05-05,9274
6160,欣技,11,1,10,凱基-鳳山,2023-05-05,9274
8215,明基材,30,20,10,凱基-鳳山,2023-05-05,9274
0056,元大高股息,10,0,10,凱基-鳳山,2023-05-05,9274
00642U,期元大S＆P石油,10,1,9,凱基-鳳山,2023-05-05,9274
00679B,元大美債20年,10,1,9,凱基-鳳山,2023-05-05,9274
2344,華邦電,12,3,9,凱基-鳳山,2023-05-05,9274
4121,優盛,12,3,9,凱基-鳳山,2023-05-05,9274
00670L,富邦NASDAQ正2,8,0,8,凱基-鳳山,2023-05-05,9274
2388,威盛,9,1,8,凱基-鳳山,2023-05-05,9274
00885,富邦越南,7,0,7,凱基-鳳山,2023-05-05,9274
00852L,國泰美國道瓊正2,7,0,7,凱基-鳳山,2023-05-05,9274
4916,事欣科,7,0,7,凱基-鳳山,2023-05-05,9274
4114,健喬,19,12,7,凱基-鳳山,2023-05-05,9274
00830,國泰費城半導體,6,0,6,凱基-鳳山,2023-05-05,9274
2423,固緯,11,5,6,凱基-鳳山,2023-05-05,9274
3323,加百裕,6,0,6,凱基-鳳山,2023-05-05,9274
4113,聯上,6,0,6,凱基-鳳山,2023-05-05,9274
6129,普誠,7,1,6,凱基-鳳山,2023-05-05,9274
6148,驊宏資,12,6,6,凱基-鳳山,2023-05-05,9274
6185,幃翔,96,1,95,凱基-鳳山,2023-05-08,9274
2883,凱基金,122,43,79,凱基-鳳山,2023-05-08,9274
3363,上詮,114,38,76,凱基-鳳山,2023-05-08,9274
1605,華新,85,29,56,凱基-鳳山,2023-05-08,9274
00885,富邦越南,50,1,49,凱基-鳳山,2023-05-08,9274
2460,建通,46,12,34,凱基-鳳山,2023-05-08,9274
6191,精成科,34,0,34,凱基-鳳山,2023-05-08,9274
2317,鴻海,33,0,33,凱基-鳳山,2023-05-08,9274
6142,友勁,33,1,32,凱基-鳳山,2023-05-08,9274
5608,四維航,30,0,30,凱基-鳳山,2023-05-08,9274
6443,元晶,29,1,28,凱基-鳳山,2023-05-08,9274
8085,福華,30,4,26,凱基-鳳山,2023-05-08,9274
00642U,期元大S＆P石油,23,0,23,凱基-鳳山,2023-05-08,9274
2331,精英,21,1,20,凱基-鳳山,2023-05-08,9274
6153,嘉聯益,15,0,15,凱基-鳳山,2023-05-08,9274
3545,敦泰,32,19,13,凱基-鳳山,2023-05-08,9274
3419,譁裕,13,0,13,凱基-鳳山,2023-05-08,9274
1307,三芳,15,2,13,凱基-鳳山,2023-05-08,9274
2887,台新金,30,18,12,凱基-鳳山,2023-05-08,9274
4934,太極,11,0,11,凱基-鳳山,2023-05-08,9274
6125,廣運,14,3,11,凱基-鳳山,2023-05-08,9274
00637L,元大滬深300正2,310,300,10,凱基-鳳山,2023-05-08,9274
00720B,元大投資級公司債,10,0,10,凱基-鳳山,2023-05-08,9274
3013,晟銘電,10,0,10,凱基-鳳山,2023-05-08,9274
3036,文曄,10,0,10,凱基-鳳山,2023-05-08,9274
3481,群創,9,0,9,凱基-鳳山,2023-05-08,9274
00772B,中信高評級公司債,8,0,8,凱基-鳳山,2023-05-08,9274
2103,台橡,8,0,8,凱基-鳳山,2023-05-08,9274
3264,欣銓,8,0,8,凱基-鳳山,2023-05-08,9274
6218,豪勉,9,1,8,凱基-鳳山,2023-05-08,9274
2368,金像電,8,1,7,凱基-鳳山,2023-05-08,9274
2515,中工,8,1,7,凱基-鳳山,2023-05-08,9274
8064,東捷,7,0,7,凱基-鳳山,2023-05-08,9274
8099,大世科,7,0,7,凱基-鳳山,2023-05-08,9274
00712,復華富時不動產,6,0,6,凱基-鳳山,2023-05-08,9274
3714,富采,6,0,6,凱基-鳳山,2023-05-08,9274
00857B,永豐20年美公債,6,0,6,凱基-鳳山,2023-05-08,9274
1319,東陽,7,1,6,凱基-鳳山,2023-05-08,9274
1451,年興,6,0,6,凱基-鳳山,2023-05-08,9274
1727,中華化,6,0,6,凱基-鳳山,2023-05-08,9274
2371,大同,7,1,6,凱基-鳳山,2023-05-08,9274
3707,漢磊,6,0,6,凱基-鳳山,2023-05-08,9274
6589,台康生技,14,8,6,凱基-鳳山,2023-05-08,9274
9907,統一實,5,0,5,凱基-鳳山,2023-05-08,9274
00688L,國泰20年美債正2,5,0,5,凱基-鳳山,2023-05-08,9274
00751B,元大AAA至A公司債,5,0,5,凱基-鳳山,2023-05-08,9274
2102,泰豐,5,0,5,凱基-鳳山,2023-05-08,9274
2301,光寶科,5,0,5,凱基-鳳山,2023-05-08,9274
3323,加百裕,5,0,5,凱基-鳳山,2023-05-08,9274
3594,磐儀,5,0,5,凱基-鳳山,2023-05-08,9274
1905,華紙,128,32,96,凱基-鳳山,2023-05-09,9274
3046,建��,112,46,66,凱基-鳳山,2023-05-09,9274
6005,群益證,60,0,60,凱基-鳳山,2023-05-09,9274
6191,精成科,62,2,60,凱基-鳳山,2023-05-09,9274
00680L,元大美債20正2,71,12,59,凱基-鳳山,2023-05-09,9274
6244,茂迪,62,4,58,凱基-鳳山,2023-05-09,9274
2201,裕隆,55,4,51,凱基-鳳山,2023-05-09,9274
6142,友勁,37,1,36,凱基-鳳山,2023-05-09,9274
5439,高技,39,4,35,凱基-鳳山,2023-05-09,9274
2359,所羅門,30,0,30,凱基-鳳山,2023-05-09,9274
3071,協禧,50,20,30,凱基-鳳山,2023-05-09,9274
3591,艾笛森,41,12,29,凱基-鳳山,2023-05-09,9274
5465,富驊,42,13,29,凱基-鳳山,2023-05-09,9274
2460,建通,74,49,25,凱基-鳳山,2023-05-09,9274
00712,復華富時不動產,24,0,24,凱基-鳳山,2023-05-09,9274
2515,中工,30,9,21,凱基-鳳山,2023-05-09,9274
4113,聯上,21,0,21,凱基-鳳山,2023-05-09,9274
1718,中纖,20,0,20,凱基-鳳山,2023-05-09,9274
3049,精金,20,0,20,凱基-鳳山,2023-05-09,9274
00857B,永豐20年美公債,17,0,17,凱基-鳳山,2023-05-09,9274
6185,幃翔,24,8,16,凱基-鳳山,2023-05-09,9274
00751B,元大AAA至A公司債,15,0,15,凱基-鳳山,2023-05-09,9274
9929,秋雨,14,0,14,凱基-鳳山,2023-05-09,9274
00772B,中信高評級公司債,12,0,12,凱基-鳳山,2023-05-09,9274
6179,亞通,15,3,12,凱基-鳳山,2023-05-09,9274
00688L,國泰20年美債正2,11,0,11,凱基-鳳山,2023-05-09,9274
3576,聯合再生,11,0,11,凱基-鳳山,2023-05-09,9274
1513,中興電,39,28,11,凱基-鳳山,2023-05-09,9274
6548,長科*,10,0,10,凱基-鳳山,2023-05-09,9274
1717,長興,10,0,10,凱基-鳳山,2023-05-09,9274
6112,邁達特,41,31,10,凱基-鳳山,2023-05-09,9274
8289,泰藝,10,0,10,凱基-鳳山,2023-05-09,9274
1101,台泥,13,4,9,凱基-鳳山,2023-05-09,9274
00687B,國泰20年美債,9,0,9,凱基-鳳山,2023-05-09,9274
6290,良維,8,0,8,凱基-鳳山,2023-05-09,9274
1609,大亞,21,13,8,凱基-鳳山,2023-05-09,9274
00795B,中信美國公債20年,8,0,8,凱基-鳳山,2023-05-09,9274
00632R,元大台灣50反1,8,0,8,凱基-鳳山,2023-05-09,9274
2402,毅嘉,9,1,8,凱基-鳳山,2023-05-09,9274
2457,飛宏,19,11,8,凱基-鳳山,2023-05-09,9274
2801,彰銀,7,0,7,凱基-鳳山,2023-05-09,9274
00878,國泰永續高股息,8,1,7,凱基-鳳山,2023-05-09,9274
1514,亞力,8,1,7,凱基-鳳山,2023-05-09,9274
3715,定穎投控,33,27,6,凱基-鳳山,2023-05-09,9274
2419,仲琦,6,0,6,凱基-鳳山,2023-05-09,9274
3058,立德,11,5,6,凱基-鳳山,2023-05-09,9274
3062,建漢,6,0,6,凱基-鳳山,2023-05-09,9274
5328,華容,6,0,6,凱基-鳳山,2023-05-09,9274
6271,同欣電,6,0,6,凱基-鳳山,2023-05-09,9274
8234,新漢,6,0,6,凱基-鳳山,2023-05-09,9274
00637L,元大滬深300正2,534,100,434,凱基-鳳山,2023-05-10,9274
3363,上詮,117,14,103,凱基-鳳山,2023-05-10,9274
6116,彩晶,69,0,69,凱基-鳳山,2023-05-10,9274
00878,國泰永續高股息,67,0,67,凱基-鳳山,2023-05-10,9274
3231,緯創,68,12,56,凱基-鳳山,2023-05-10,9274
6274,台燿,52,2,50,凱基-鳳山,2023-05-10,9274
6142,友勁,70,23,47,凱基-鳳山,2023-05-10,9274
3715,定穎投控,48,11,37,凱基-鳳山,2023-05-10,9274
4967,十銓,61,25,36,凱基-鳳山,2023-05-10,9274
00857B,永豐20年美公債,27,0,27,凱基-鳳山,2023-05-10,9274
2495,普安,63,36,27,凱基-鳳山,2023-05-10,9274
00712,復華富時不動產,26,0,26,凱基-鳳山,2023-05-10,9274
8105,凌巨,30,4,26,凱基-鳳山,2023-05-10,9274
4906,正文,24,1,23,凱基-鳳山,2023-05-10,9274
3011,今皓,22,0,22,凱基-鳳山,2023-05-10,9274
3591,艾笛森,34,12,22,凱基-鳳山,2023-05-10,9274
2409,友達,21,0,21,凱基-鳳山,2023-05-10,9274
3071,協禧,25,4,21,凱基-鳳山,2023-05-10,9274
8085,福華,20,0,20,凱基-鳳山,2023-05-10,9274
1303,南亞,18,0,18,凱基-鳳山,2023-05-10,9274
5351,鈺創,16,0,16,凱基-鳳山,2023-05-10,9274
6290,良維,23,8,15,凱基-鳳山,2023-05-10,9274
8222,寶一,16,1,15,凱基-鳳山,2023-05-10,9274
2888,新光金,15,0,15,凱基-鳳山,2023-05-10,9274
6235,華孚,18,5,13,凱基-鳳山,2023-05-10,9274
0056,元大高股息,12,0,12,凱基-鳳山,2023-05-10,9274
5483,中美晶,12,0,12,凱基-鳳山,2023-05-10,9274
6770,力積電,11,0,11,凱基-鳳山,2023-05-10,9274
00632R,元大台灣50反1,10,0,10,凱基-鳳山,2023-05-10,9274
2102,泰豐,10,0,10,凱基-鳳山,2023-05-10,9274
4934,太極,20,10,10,凱基-鳳山,2023-05-10,9274
8924,大田,10,0,10,凱基-鳳山,2023-05-10,9274
1609,大亞,69,59,10,凱基-鳳山,2023-05-10,9274
00713,元大台灣高息低波,10,0,10,凱基-鳳山,2023-05-10,9274
1802,台玻,11,2,9,凱基-鳳山,2023-05-10,9274
1584,精剛,8,0,8,凱基-鳳山,2023-05-10,9274
1611,中電,9,1,8,凱基-鳳山,2023-05-10,9274
2460,建通,27,19,8,凱基-鳳山,2023-05-10,9274
3490,單井,8,0,8,凱基-鳳山,2023-05-10,9274
5258,虹堡,12,4,8,凱基-鳳山,2023-05-10,9274
2002,中鋼,8,1,7,凱基-鳳山,2023-05-10,9274
1905,華紙,7,0,7,凱基-鳳山,2023-05-10,9274
3532,台勝科,7,0,7,凱基-鳳山,2023-05-10,9274
6245,立端,11,4,7,凱基-鳳山,2023-05-10,9274
00679B,元大美債20年,6,0,6,凱基-鳳山,2023-05-10,9274
1434,福懋,6,0,6,凱基-鳳山,2023-05-10,9274
3583,辛耘,7,1,6,凱基-鳳山,2023-05-10,9274
4979,華星光,6,0,6,凱基-鳳山,2023-05-10,9274
5309,系統電,7,1,6,凱基-鳳山,2023-05-10,9274
3680,家登,5,0,5,凱基-鳳山,2023-05-10,9274
1810,和成,168,0,168,凱基-鳳山,2023-05-11,9274
8403,盛弘,122,7,115,凱基-鳳山,2023-05-11,9274
00878,國泰永續高股息,110,0,110,凱基-鳳山,2023-05-11,9274
00637L,元大滬深300正2,264,200,64,凱基-鳳山,2023-05-11,9274
2201,裕隆,87,28,59,凱基-鳳山,2023-05-11,9274
4121,優盛,90,33,57,凱基-鳳山,2023-05-11,9274
1609,大亞,53,15,38,凱基-鳳山,2023-05-11,9274
3024,憶聲,35,0,35,凱基-鳳山,2023-05-11,9274
1314,中石化,32,0,32,凱基-鳳山,2023-05-11,9274
2610,華航,29,0,29,凱基-鳳山,2023-05-11,9274
3062,建漢,30,4,26,凱基-鳳山,2023-05-11,9274
4126,太醫,24,0,24,凱基-鳳山,2023-05-11,9274
6160,欣技,35,13,22,凱基-鳳山,2023-05-11,9274
00773B,中信優先金融債,21,0,21,凱基-鳳山,2023-05-11,9274
6191,精成科,26,5,21,凱基-鳳山,2023-05-11,9274
6285,啟��,18,0,18,凱基-鳳山,2023-05-11,9274
1907,永豐餘,18,1,17,凱基-鳳山,2023-05-11,9274
3576,聯合再生,17,0,17,凱基-鳳山,2023-05-11,9274
4147,中裕,33,16,17,凱基-鳳山,2023-05-11,9274
1718,中纖,15,0,15,凱基-鳳山,2023-05-11,9274
2022,聚亨,15,0,15,凱基-鳳山,2023-05-11,9274
3624,光頡,16,1,15,凱基-鳳山,2023-05-11,9274
3664,安瑞-KY,15,0,15,凱基-鳳山,2023-05-11,9274
9907,統一實,14,0,14,凱基-鳳山,2023-05-11,9274
00713,元大台灣高息低波,14,0,14,凱基-鳳山,2023-05-11,9274
2312,金寶,14,0,14,凱基-鳳山,2023-05-11,9274
2460,建通,21,7,14,凱基-鳳山,2023-05-11,9274
4736,泰博,14,0,14,凱基-鳳山,2023-05-11,9274
2883,凱基金,13,1,12,凱基-鳳山,2023-05-11,9274
3481,群創,12,0,12,凱基-鳳山,2023-05-11,9274
1310,台苯,12,0,12,凱基-鳳山,2023-05-11,9274
2618,長榮航,15,4,11,凱基-鳳山,2023-05-11,9274
4934,太極,11,0,11,凱基-鳳山,2023-05-11,9274
1905,華紙,13,3,10,凱基-鳳山,2023-05-11,9274
2603,長榮,23,13,10,凱基-鳳山,2023-05-11,9274
4113,聯上,10,0,10,凱基-鳳山,2023-05-11,9274
4123,晟德,10,0,10,凱基-鳳山,2023-05-11,9274
2409,友達,9,0,9,凱基-鳳山,2023-05-11,9274
4503,金雨,67,58,9,凱基-鳳山,2023-05-11,9274
6116,彩晶,9,0,9,凱基-鳳山,2023-05-11,9274
6477,安集,9,0,9,凱基-鳳山,2023-05-11,9274
2515,中工,13,5,8,凱基-鳳山,2023-05-11,9274
5227,立凱-KY,8,0,8,凱基-鳳山,2023-05-11,9274
6122,擎邦,18,10,8,凱基-鳳山,2023-05-11,9274
2303,聯電,8,0,8,凱基-鳳山,2023-05-11,9274
1513,中興電,11,3,8,凱基-鳳山,2023-05-11,9274
9802,鈺齊-KY,7,0,7,凱基-鳳山,2023-05-11,9274
2344,華邦電,7,0,7,凱基-鳳山,2023-05-11,9274
1712,興農,7,0,7,凱基-鳳山,2023-05-11,9274
2881,富邦金,7,0,7,凱基-鳳山,2023-05-11,9274
2888,新光金,129,22,107,凱基-鳳山,2023-05-12,9274
6116,彩晶,69,0,69,凱基-鳳山,2023-05-12,9274
3591,艾笛森,67,0,67,凱基-鳳山,2023-05-12,9274
00642U,期元大S＆P石油,54,0,54,凱基-鳳山,2023-05-12,9274
00637L,元大滬深300正2,245,200,45,凱基-鳳山,2023-05-12,9274
00715L,期街口布蘭特正2,43,0,43,凱基-鳳山,2023-05-12,9274
2317,鴻海,32,0,32,凱基-鳳山,2023-05-12,9274
4746,台耀,32,0,32,凱基-鳳山,2023-05-12,9274
2867,三商壽,30,0,30,凱基-鳳山,2023-05-12,9274
6243,迅杰,30,0,30,凱基-鳳山,2023-05-12,9274
1101,台泥,35,5,30,凱基-鳳山,2023-05-12,9274
6191,精成科,26,2,24,凱基-鳳山,2023-05-12,9274
5009,榮剛,23,0,23,凱基-鳳山,2023-05-12,9274
2002,中鋼,33,11,22,凱基-鳳山,2023-05-12,9274
1608,華榮,21,1,20,凱基-鳳山,2023-05-12,9274
8033,雷虎,29,10,19,凱基-鳳山,2023-05-12,9274
4958,臻鼎-KY,17,0,17,凱基-鳳山,2023-05-12,9274
3032,偉訓,16,0,16,凱基-鳳山,2023-05-12,9274
3481,群創,27,12,15,凱基-鳳山,2023-05-12,9274
00679B,元大美債20年,15,0,15,凱基-鳳山,2023-05-12,9274
2460,建通,22,8,14,凱基-鳳山,2023-05-12,9274
00882,中信中國高股息,18,5,13,凱基-鳳山,2023-05-12,9274
2421,建準,15,2,13,凱基-鳳山,2023-05-12,9274
1609,大亞,15,2,13,凱基-鳳山,2023-05-12,9274
2303,聯電,12,1,11,凱基-鳳山,2023-05-12,9274
00631L,元大台灣50正2,10,0,10,凱基-鳳山,2023-05-12,9274
2349,錸德,10,0,10,凱基-鳳山,2023-05-12,9274
2883,凱基金,15,6,9,凱基-鳳山,2023-05-12,9274
3162,精確,12,3,9,凱基-鳳山,2023-05-12,9274
3576,聯合再生,11,2,9,凱基-鳳山,2023-05-12,9274
5534,長虹,9,0,9,凱基-鳳山,2023-05-12,9274
2409,友達,8,0,8,凱基-鳳山,2023-05-12,9274
9907,統一實,8,0,8,凱基-鳳山,2023-05-12,9274
00713,元大台灣高息低波,8,0,8,凱基-鳳山,2023-05-12,9274
1504,東元,9,1,8,凱基-鳳山,2023-05-12,9274
2402,毅嘉,10,2,8,凱基-鳳山,2023-05-12,9274
3058,立德,8,0,8,凱基-鳳山,2023-05-12,9274
4977,眾達-KY,8,0,8,凱基-鳳山,2023-05-12,9274
5425,台半,8,0,8,凱基-鳳山,2023-05-12,9274
6573,虹揚-KY,8,0,8,凱基-鳳山,2023-05-12,9274
00878,國泰永續高股息,7,0,7,凱基-鳳山,2023-05-12,9274
5439,高技,10,3,7,凱基-鳳山,2023-05-12,9274
2609,陽明,9,2,7,凱基-鳳山,2023-05-12,9274
0056,元大高股息,7,0,7,凱基-鳳山,2023-05-12,9274
8069,元太,12,6,6,凱基-鳳山,2023-05-12,9274
1528,恩德,6,0,6,凱基-鳳山,2023-05-12,9274
2495,普安,38,32,6,凱基-鳳山,2023-05-12,9274
2610,華航,6,0,6,凱基-鳳山,2023-05-12,9274
4564,元翎,6,0,6,凱基-鳳山,2023-05-12,9274
6235,華孚,34,28,6,凱基-鳳山,2023-05-12,9274
6142,友勁,136,0,136,凱基-鳳山,2023-05-15,9274
00878,國泰永續高股息,132,28,104,凱基-鳳山,2023-05-15,9274
2201,裕隆,89,8,81,凱基-鳳山,2023-05-15,9274
2460,建通,112,42,70,凱基-鳳山,2023-05-15,9274
00715L,期街口布蘭特正2,48,3,45,凱基-鳳山,2023-05-15,9274
3591,艾笛森,45,3,42,凱基-鳳山,2023-05-15,9274
3682,亞太電,40,0,40,凱基-鳳山,2023-05-15,9274
00919,群益台灣精選高息,31,0,31,凱基-鳳山,2023-05-15,9274
6288,聯嘉,41,12,29,凱基-鳳山,2023-05-15,9274
00642U,期元大S＆P石油,21,0,21,凱基-鳳山,2023-05-15,9274
00674R,期元大S＆P黃金反1,20,0,20,凱基-鳳山,2023-05-15,9274
2317,鴻海,21,3,18,凱基-鳳山,2023-05-15,9274
3035,智原,21,3,18,凱基-鳳山,2023-05-15,9274
6122,擎邦,39,22,17,凱基-鳳山,2023-05-15,9274
3516,亞帝歐,19,3,16,凱基-鳳山,2023-05-15,9274
1316,上曜,15,0,15,凱基-鳳山,2023-05-15,9274
00688L,國泰20年美債正2,14,0,14,凱基-鳳山,2023-05-15,9274
00679B,元大美債20年,13,0,13,凱基-鳳山,2023-05-15,9274
2206,三陽工業,24,12,12,凱基-鳳山,2023-05-15,9274
2303,聯電,12,0,12,凱基-鳳山,2023-05-15,9274
3576,聯合再生,12,1,11,凱基-鳳山,2023-05-15,9274
2481,強茂,11,0,11,凱基-鳳山,2023-05-15,9274
00706L,期元大S＆P日圓正2,10,0,10,凱基-鳳山,2023-05-15,9274
00725B,國泰投資級公司債,10,0,10,凱基-鳳山,2023-05-15,9274
2022,聚亨,10,0,10,凱基-鳳山,2023-05-15,9274
2630,亞航,11,1,10,凱基-鳳山,2023-05-15,9274
6191,精成科,12,2,10,凱基-鳳山,2023-05-15,9274
8112,至上,10,0,10,凱基-鳳山,2023-05-15,9274
3034,聯詠,12,2,10,凱基-鳳山,2023-05-15,9274
2634,漢翔,11,2,9,凱基-鳳山,2023-05-15,9274
2736,富野,34,25,9,凱基-鳳山,2023-05-15,9274
4123,晟德,10,1,9,凱基-鳳山,2023-05-15,9274
6596,寬宏藝術,9,0,9,凱基-鳳山,2023-05-15,9274
00680L,元大美債20正2,8,0,8,凱基-鳳山,2023-05-15,9274
1529,樂事綠能,10,2,8,凱基-鳳山,2023-05-15,9274
1905,華紙,13,5,8,凱基-鳳山,2023-05-15,9274
3490,單井,8,0,8,凱基-鳳山,2023-05-15,9274
00712,復華富時不動產,9,1,8,凱基-鳳山,2023-05-15,9274
3224,三顧,11,3,8,凱基-鳳山,2023-05-15,9274
2382,廣達,15,8,7,凱基-鳳山,2023-05-15,9274
2603,長榮,65,58,7,凱基-鳳山,2023-05-15,9274
3017,奇鋐,11,4,7,凱基-鳳山,2023-05-15,9274
3712,永崴投控,7,0,7,凱基-鳳山,2023-05-15,9274
6212,理銘,7,0,7,凱基-鳳山,2023-05-15,9274
2880,華南金,6,0,6,凱基-鳳山,2023-05-15,9274
6235,華孚,24,18,6,凱基-鳳山,2023-05-15,9274
3594,磐儀,5,0,5,凱基-鳳山,2023-05-15,9274
6207,雷科,5,0,5,凱基-鳳山,2023-05-15,9274
5531,鄉林,5,0,5,凱基-鳳山,2023-05-15,9274
4961,天鈺,4,0,4,凱基-鳳山,2023-05-15,9274
00669R,國泰美國道瓊反1,240,0,240,凱基-鳳山,2023-05-16,9274
2538,基泰,50,0,50,凱基-鳳山,2023-05-16,9274
2460,建通,79,32,47,凱基-鳳山,2023-05-16,9274
00878,國泰永續高股息,47,6,41,凱基-鳳山,2023-05-16,9274
8076,伍豐,41,6,35,凱基-鳳山,2023-05-16,9274
00900,富邦特選高股息30,27,0,27,凱基-鳳山,2023-05-16,9274
00680L,元大美債20正2,26,0,26,凱基-鳳山,2023-05-16,9274
6235,華孚,34,8,26,凱基-鳳山,2023-05-16,9274
00637L,元大滬深300正2,250,225,25,凱基-鳳山,2023-05-16,9274
00664R,國泰臺灣加權反1,22,0,22,凱基-鳳山,2023-05-16,9274
2323,中環,32,10,22,凱基-鳳山,2023-05-16,9274
6191,精成科,22,0,22,凱基-鳳山,2023-05-16,9274
2618,長榮航,32,10,22,凱基-鳳山,2023-05-16,9274
2609,陽明,28,7,21,凱基-鳳山,2023-05-16,9274
00725B,國泰投資級公司債,20,0,20,凱基-鳳山,2023-05-16,9274
2020,美亞,20,0,20,凱基-鳳山,2023-05-16,9274
6122,擎邦,20,0,20,凱基-鳳山,2023-05-16,9274
4138,曜亞,19,0,19,凱基-鳳山,2023-05-16,9274
3035,智原,30,12,18,凱基-鳳山,2023-05-16,9274
00679B,元大美債20年,21,4,17,凱基-鳳山,2023-05-16,9274
3078,僑威,66,51,15,凱基-鳳山,2023-05-16,9274
00885,富邦越南,15,1,14,凱基-鳳山,2023-05-16,9274
00795B,中信美國公債20年,14,0,14,凱基-鳳山,2023-05-16,9274
00688L,國泰20年美債正2,13,0,13,凱基-鳳山,2023-05-16,9274
9946,三發地產,13,0,13,凱基-鳳山,2023-05-16,9274
1101,台泥,13,0,13,凱基-鳳山,2023-05-16,9274
00712,復華富時不動產,16,4,12,凱基-鳳山,2023-05-16,9274
00857B,永豐20年美公債,12,0,12,凱基-鳳山,2023-05-16,9274
00772B,中信高評級公司債,12,0,12,凱基-鳳山,2023-05-16,9274
8069,元太,14,2,12,凱基-鳳山,2023-05-16,9274
1605,華新,11,0,11,凱基-鳳山,2023-05-16,9274
1529,樂事綠能,14,3,11,凱基-鳳山,2023-05-16,9274
6218,豪勉,11,0,11,凱基-鳳山,2023-05-16,9274
8112,至上,11,0,11,凱基-鳳山,2023-05-16,9274
3406,玉晶光,17,7,10,凱基-鳳山,2023-05-16,9274
2603,長榮,69,60,9,凱基-鳳山,2023-05-16,9274
2634,漢翔,10,1,9,凱基-鳳山,2023-05-16,9274
5880,合庫金,10,1,9,凱基-鳳山,2023-05-16,9274
2495,普安,55,46,9,凱基-鳳山,2023-05-16,9274
2633,台灣高鐵,11,2,9,凱基-鳳山,2023-05-16,9274
3704,合勤控,9,0,9,凱基-鳳山,2023-05-16,9274
1504,東元,26,18,8,凱基-鳳山,2023-05-16,9274
2317,鴻海,12,4,8,凱基-鳳山,2023-05-16,9274
5534,長虹,8,0,8,凱基-鳳山,2023-05-16,9274
6770,力積電,10,2,8,凱基-鳳山,2023-05-16,9274
00751B,元大AAA至A公司債,7,0,7,凱基-鳳山,2023-05-16,9274
2801,彰銀,8,1,7,凱基-鳳山,2023-05-16,9274
8996,高力,7,0,7,凱基-鳳山,2023-05-16,9274
4967,十銓,6,0,6,凱基-鳳山,2023-05-16,9274
2349,錸德,6,0,6,凱基-鳳山,2023-05-16,9274
2515,中工,209,0,209,凱基-鳳山,2023-05-17,9274
00632R,元大台灣50反1,124,0,124,凱基-鳳山,2023-05-17,9274
3049,精金,69,0,69,凱基-鳳山,2023-05-17,9274
00878,國泰永續高股息,73,20,53,凱基-鳳山,2023-05-17,9274
00637L,元大滬深300正2,147,100,47,凱基-鳳山,2023-05-17,9274
2634,漢翔,84,39,45,凱基-鳳山,2023-05-17,9274
6116,彩晶,43,0,43,凱基-鳳山,2023-05-17,9274
3207,耀勝,117,75,42,凱基-鳳山,2023-05-17,9274
2498,宏達電,50,10,40,凱基-鳳山,2023-05-17,9274
00857B,永豐20年美公債,38,0,38,凱基-鳳山,2023-05-17,9274
2457,飛宏,46,17,29,凱基-鳳山,2023-05-17,9274
2344,華邦電,45,17,28,凱基-鳳山,2023-05-17,9274
2460,建通,50,25,25,凱基-鳳山,2023-05-17,9274
2317,鴻海,26,3,23,凱基-鳳山,2023-05-17,9274
00751B,元大AAA至A公司債,20,0,20,凱基-鳳山,2023-05-17,9274
3516,亞帝歐,20,0,20,凱基-鳳山,2023-05-17,9274
6288,聯嘉,22,2,20,凱基-鳳山,2023-05-17,9274
4147,中裕,29,10,19,凱基-鳳山,2023-05-17,9274
5227,立凱-KY,17,1,16,凱基-鳳山,2023-05-17,9274
6163,華電網,21,5,16,凱基-鳳山,2023-05-17,9274
2201,裕隆,87,72,15,凱基-鳳山,2023-05-17,9274
3701,大眾控,20,5,15,凱基-鳳山,2023-05-17,9274
9946,三發地產,15,0,15,凱基-鳳山,2023-05-17,9274
6234,高僑,25,11,14,凱基-鳳山,2023-05-17,9274
00720B,元大投資級公司債,12,0,12,凱基-鳳山,2023-05-17,9274
3011,今皓,13,1,12,凱基-鳳山,2023-05-17,9274
9958,世紀鋼,12,0,12,凱基-鳳山,2023-05-17,9274
00882,中信中國高股息,11,0,11,凱基-鳳山,2023-05-17,9274
3037,欣興,27,16,11,凱基-鳳山,2023-05-17,9274
3715,定穎投控,20,9,11,凱基-鳳山,2023-05-17,9274
9935,慶豐富,11,0,11,凱基-鳳山,2023-05-17,9274
8446,華研,14,4,10,凱基-鳳山,2023-05-17,9274
00885,富邦越南,10,0,10,凱基-鳳山,2023-05-17,9274
1340,勝悅-KY,10,0,10,凱基-鳳山,2023-05-17,9274
1776,展宇,10,0,10,凱基-鳳山,2023-05-17,9274
2337,旺宏,10,0,10,凱基-鳳山,2023-05-17,9274
3265,台星科,10,0,10,凱基-鳳山,2023-05-17,9274
5531,鄉林,10,0,10,凱基-鳳山,2023-05-17,9274
2603,長榮,21,12,9,凱基-鳳山,2023-05-17,9274
4744,皇將,9,0,9,凱基-鳳山,2023-05-17,9274
00923,群益台ESG低碳50,8,0,8,凱基-鳳山,2023-05-17,9274
2731,雄獅,11,3,8,凱基-鳳山,2023-05-17,9274
3032,偉訓,10,2,8,凱基-鳳山,2023-05-17,9274
4120,友華,8,0,8,凱基-鳳山,2023-05-17,9274
00773B,中信優先金融債,7,0,7,凱基-鳳山,2023-05-17,9274
00772B,中信高評級公司債,7,0,7,凱基-鳳山,2023-05-17,9274
3268,海德威,7,0,7,凱基-鳳山,2023-05-17,9274
3680,家登,7,0,7,凱基-鳳山,2023-05-17,9274
3034,聯詠,8,2,6,凱基-鳳山,2023-05-17,9274
1210,大成,7,1,6,凱基-鳳山,2023-05-17,9274
6142,友勁,160,0,160,凱基-鳳山,2023-05-18,9274
6116,彩晶,69,1,68,凱基-鳳山,2023-05-18,9274
5880,合庫金,65,1,64,凱基-鳳山,2023-05-18,9274
2409,友達,54,0,54,凱基-鳳山,2023-05-18,9274
00882,中信中國高股息,53,0,53,凱基-鳳山,2023-05-18,9274
6005,群益證,51,0,51,凱基-鳳山,2023-05-18,9274
00632R,元大台灣50反1,98,48,50,凱基-鳳山,2023-05-18,9274
6112,邁達特,85,35,50,凱基-鳳山,2023-05-18,9274
3049,精金,41,0,41,凱基-鳳山,2023-05-18,9274
3596,智易,41,1,40,凱基-鳳山,2023-05-18,9274
2201,裕隆,90,58,32,凱基-鳳山,2023-05-18,9274
2887,台新金,31,0,31,凱基-鳳山,2023-05-18,9274
1718,中纖,25,0,25,凱基-鳳山,2023-05-18,9274
00680L,元大美債20正2,22,0,22,凱基-鳳山,2023-05-18,9274
2442,新美齊,22,1,21,凱基-鳳山,2023-05-18,9274
00664R,國泰臺灣加權反1,20,0,20,凱基-鳳山,2023-05-18,9274
2538,基泰,20,0,20,凱基-鳳山,2023-05-18,9274
00670L,富邦NASDAQ正2,18,0,18,凱基-鳳山,2023-05-18,9274
2498,宏達電,32,14,18,凱基-鳳山,2023-05-18,9274
3362,先進光,49,31,18,凱基-鳳山,2023-05-18,9274
2460,建通,44,27,17,凱基-鳳山,2023-05-18,9274
2630,亞航,23,7,16,凱基-鳳山,2023-05-18,9274
00688L,國泰20年美債正2,15,0,15,凱基-鳳山,2023-05-18,9274
2002,中鋼,21,6,15,凱基-鳳山,2023-05-18,9274
3483,力致,15,0,15,凱基-鳳山,2023-05-18,9274
00857B,永豐20年美公債,13,0,13,凱基-鳳山,2023-05-18,9274
3035,智原,13,0,13,凱基-鳳山,2023-05-18,9274
5009,榮剛,19,6,13,凱基-鳳山,2023-05-18,9274
6550,北極星藥業-KY,13,0,13,凱基-鳳山,2023-05-18,9274
1584,精剛,33,22,11,凱基-鳳山,2023-05-18,9274
1605,華新,18,7,11,凱基-鳳山,2023-05-18,9274
6143,振曜,11,0,11,凱基-鳳山,2023-05-18,9274
00885,富邦越南,10,0,10,凱基-鳳山,2023-05-18,9274
3011,今皓,17,7,10,凱基-鳳山,2023-05-18,9274
4934,太極,10,0,10,凱基-鳳山,2023-05-18,9274
6219,富旺,10,0,10,凱基-鳳山,2023-05-18,9274
8215,明基材,10,0,10,凱基-鳳山,2023-05-18,9274
6443,元晶,14,4,10,凱基-鳳山,2023-05-18,9274
6266,泰詠,11,2,9,凱基-鳳山,2023-05-18,9274
2603,長榮,10,1,9,凱基-鳳山,2023-05-18,9274
1310,台苯,10,2,8,凱基-鳳山,2023-05-18,9274
5388,中磊,9,1,8,凱基-鳳山,2023-05-18,9274
6163,華電網,12,4,8,凱基-鳳山,2023-05-18,9274
2801,彰銀,9,1,8,凱基-鳳山,2023-05-18,9274
2812,台中銀,7,0,7,凱基-鳳山,2023-05-18,9274
2495,普安,33,26,7,凱基-鳳山,2023-05-18,9274
3006,晶豪科,12,5,7,凱基-鳳山,2023-05-18,9274
8099,大世科,7,0,7,凱基-鳳山,2023-05-18,9274
4919,新唐,7,0,7,凱基-鳳山,2023-05-18,9274
00725B,國泰投資級公司債,6,0,6,凱基-鳳山,2023-05-18,9274
6770,力積電,171,6,165,凱基-鳳山,2023-05-19,9274
2453,凌群,142,22,120,凱基-鳳山,2023-05-19,9274
00632R,元大台灣50反1,120,2,118,凱基-鳳山,2023-05-19,9274
1513,中興電,96,24,72,凱基-鳳山,2023-05-19,9274
2515,中工,69,0,69,凱基-鳳山,2023-05-19,9274
3029,零壹,154,92,62,凱基-鳳山,2023-05-19,9274
1319,東陽,61,0,61,凱基-鳳山,2023-05-19,9274
2201,裕隆,60,13,47,凱基-鳳山,2023-05-19,9274
6288,聯嘉,46,1,45,凱基-鳳山,2023-05-19,9274
3363,上詮,231,187,44,凱基-鳳山,2023-05-19,9274
1608,華榮,46,2,44,凱基-鳳山,2023-05-19,9274
5009,榮剛,55,12,43,凱基-鳳山,2023-05-19,9274
00637L,元大滬深300正2,541,500,41,凱基-鳳山,2023-05-19,9274
6219,富旺,40,0,40,凱基-鳳山,2023-05-19,9274
3049,精金,33,0,33,凱基-鳳山,2023-05-19,9274
3591,艾笛森,37,10,27,凱基-鳳山,2023-05-19,9274
3011,今皓,36,10,26,凱基-鳳山,2023-05-19,9274
00690,兆豐藍籌30,24,1,23,凱基-鳳山,2023-05-19,9274
6244,茂迪,25,2,23,凱基-鳳山,2023-05-19,9274
00665L,富邦�琤肭磪囓�2,20,0,20,凱基-鳳山,2023-05-19,9274
6257,矽格,25,5,20,凱基-鳳山,2023-05-19,9274
3701,大眾控,18,0,18,凱基-鳳山,2023-05-19,9274
00680L,元大美債20正2,16,0,16,凱基-鳳山,2023-05-19,9274
6235,華孚,34,18,16,凱基-鳳山,2023-05-19,9274
9946,三發地產,16,0,16,凱基-鳳山,2023-05-19,9274
5324,士開,15,0,15,凱基-鳳山,2023-05-19,9274
6233,旺玖,15,0,15,凱基-鳳山,2023-05-19,9274
1519,華城,48,33,15,凱基-鳳山,2023-05-19,9274
2460,建通,41,27,14,凱基-鳳山,2023-05-19,9274
5381,合正,14,0,14,凱基-鳳山,2023-05-19,9274
2603,長榮,15,2,13,凱基-鳳山,2023-05-19,9274
2630,亞航,38,25,13,凱基-鳳山,2023-05-19,9274
00857B,永豐20年美公債,12,0,12,凱基-鳳山,2023-05-19,9274
00706L,期元大S＆P日圓正2,14,2,12,凱基-鳳山,2023-05-19,9274
00688L,國泰20年美債正2,12,0,12,凱基-鳳山,2023-05-19,9274
1802,台玻,12,0,12,凱基-鳳山,2023-05-19,9274
2481,強茂,12,0,12,凱基-鳳山,2023-05-19,9274
3516,亞帝歐,11,0,11,凱基-鳳山,2023-05-19,9274
6282,康舒,23,12,11,凱基-鳳山,2023-05-19,9274
2449,京元電子,11,1,10,凱基-鳳山,2023-05-19,9274
2538,基泰,10,0,10,凱基-鳳山,2023-05-19,9274
2867,三商壽,10,0,10,凱基-鳳山,2023-05-19,9274
3078,僑威,19,9,10,凱基-鳳山,2023-05-19,9274
9929,秋雨,10,0,10,凱基-鳳山,2023-05-19,9274
00795B,中信美國公債20年,9,0,9,凱基-鳳山,2023-05-19,9274
3003,健和興,19,10,9,凱基-鳳山,2023-05-19,9274
3419,譁裕,9,0,9,凱基-鳳山,2023-05-19,9274
00751B,元大AAA至A公司債,8,0,8,凱基-鳳山,2023-05-19,9274
2014,中鴻,11,3,8,凱基-鳳山,2023-05-19,9274
3260,威剛,8,0,8,凱基-鳳山,2023-05-19,9274
00680L,元大美債20正2,363,2,361,凱基-鳳山,2023-05-22,9274
6191,精成科,165,20,145,凱基-鳳山,2023-05-22,9274
5469,瀚宇博,115,17,98,凱基-鳳山,2023-05-22,9274
3706,神達,73,1,72,凱基-鳳山,2023-05-22,9274
4906,正文,71,0,71,凱基-鳳山,2023-05-22,9274
3011,今皓,71,13,58,凱基-鳳山,2023-05-22,9274
2834,臺企銀,50,1,49,凱基-鳳山,2023-05-22,9274
3035,智原,46,6,40,凱基-鳳山,2023-05-22,9274
8222,寶一,49,11,38,凱基-鳳山,2023-05-22,9274
9946,三發地產,29,0,29,凱基-鳳山,2023-05-22,9274
00720B,元大投資級公司債,27,0,27,凱基-鳳山,2023-05-22,9274
2867,三商壽,20,0,20,凱基-鳳山,2023-05-22,9274
6167,久正,22,2,20,凱基-鳳山,2023-05-22,9274
3037,欣興,35,17,18,凱基-鳳山,2023-05-22,9274
2303,聯電,17,0,17,凱基-鳳山,2023-05-22,9274
2887,台新金,19,2,17,凱基-鳳山,2023-05-22,9274
00679B,元大美債20年,25,8,17,凱基-鳳山,2023-05-22,9274
2634,漢翔,58,43,15,凱基-鳳山,2023-05-22,9274
5243,乙盛-KY,23,8,15,凱基-鳳山,2023-05-22,9274
00751B,元大AAA至A公司債,14,0,14,凱基-鳳山,2023-05-22,9274
2382,廣達,15,1,14,凱基-鳳山,2023-05-22,9274
00715L,期街口布蘭特正2,15,2,13,凱基-鳳山,2023-05-22,9274
00857B,永豐20年美公債,12,0,12,凱基-鳳山,2023-05-22,9274
3032,偉訓,27,16,11,凱基-鳳山,2023-05-22,9274
6223,旺矽,13,3,10,凱基-鳳山,2023-05-22,9274
00772B,中信高評級公司債,10,0,10,凱基-鳳山,2023-05-22,9274
00637L,元大滬深300正2,1210,1200,10,凱基-鳳山,2023-05-22,9274
1303,南亞,10,0,10,凱基-鳳山,2023-05-22,9274
1342,八貫,10,0,10,凱基-鳳山,2023-05-22,9274
1618,合機,16,6,10,凱基-鳳山,2023-05-22,9274
3558,神準,10,0,10,凱基-鳳山,2023-05-22,9274
6219,富旺,10,0,10,凱基-鳳山,2023-05-22,9274
6697,東捷資訊,10,0,10,凱基-鳳山,2023-05-22,9274
2460,建通,23,14,9,凱基-鳳山,2023-05-22,9274
2596,綠意,9,0,9,凱基-鳳山,2023-05-22,9274
4541,晟田,16,7,9,凱基-鳳山,2023-05-22,9274
4909,新復興,15,7,8,凱基-鳳山,2023-05-22,9274
00713,元大台灣高息低波,7,0,7,凱基-鳳山,2023-05-22,9274
2427,三商電,58,52,6,凱基-鳳山,2023-05-22,9274
6548,長科*,6,0,6,凱基-鳳山,2023-05-22,9274
00688L,國泰20年美債正2,6,0,6,凱基-鳳山,2023-05-22,9274
1503,士電,14,8,6,凱基-鳳山,2023-05-22,9274
1605,華新,7,1,6,凱基-鳳山,2023-05-22,9274
2103,台橡,6,0,6,凱基-鳳山,2023-05-22,9274
3268,海德威,6,0,6,凱基-鳳山,2023-05-22,9274
6188,廣明,6,0,6,凱基-鳳山,2023-05-22,9274
6477,安集,6,0,6,凱基-鳳山,2023-05-22,9274
6517,保勝光學,10,5,5,凱基-鳳山,2023-05-22,9274
1612,宏泰,5,0,5,凱基-鳳山,2023-05-22,9274
2412,中華電,5,0,5,凱基-鳳山,2023-05-22,9274
6142,友勁,207,0,207,凱基-鳳山,2023-05-23,9274
2442,新美齊,235,80,155,凱基-鳳山,2023-05-23,9274
00680L,元大美債20正2,118,27,91,凱基-鳳山,2023-05-23,9274
00688L,國泰20年美債正2,60,0,60,凱基-鳳山,2023-05-23,9274
00712,復華富時不動產,43,0,43,凱基-鳳山,2023-05-23,9274
3217,優群,34,0,34,凱基-鳳山,2023-05-23,9274
6116,彩晶,31,0,31,凱基-鳳山,2023-05-23,9274
00632R,元大台灣50反1,30,0,30,凱基-鳳山,2023-05-23,9274
1513,中興電,46,16,30,凱基-鳳山,2023-05-23,9274
00882,中信中國高股息,26,2,24,凱基-鳳山,2023-05-23,9274
2208,台船,24,1,23,凱基-鳳山,2023-05-23,9274
4906,正文,22,0,22,凱基-鳳山,2023-05-23,9274
00773B,中信優先金融債,20,0,20,凱基-鳳山,2023-05-23,9274
3038,全台,20,0,20,凱基-鳳山,2023-05-23,9274
3232,昱捷,20,0,20,凱基-鳳山,2023-05-23,9274
3576,聯合再生,21,2,19,凱基-鳳山,2023-05-23,9274
6274,台燿,20,1,19,凱基-鳳山,2023-05-23,9274
1101,台泥,16,0,16,凱基-鳳山,2023-05-23,9274
3231,緯創,21,7,14,凱基-鳳山,2023-05-23,9274
2731,雄獅,32,19,13,凱基-鳳山,2023-05-23,9274
6235,華孚,19,6,13,凱基-鳳山,2023-05-23,9274
6525,捷敏-KY,13,0,13,凱基-鳳山,2023-05-23,9274
1608,華榮,14,2,12,凱基-鳳山,2023-05-23,9274
4919,新唐,15,4,11,凱基-鳳山,2023-05-23,9274
2317,鴻海,12,1,11,凱基-鳳山,2023-05-23,9274
3059,華晶科,10,0,10,凱基-鳳山,2023-05-23,9274
2383,台光電,10,0,10,凱基-鳳山,2023-05-23,9274
1217,愛之味,10,0,10,凱基-鳳山,2023-05-23,9274
2323,中環,10,0,10,凱基-鳳山,2023-05-23,9274
2850,新產,10,0,10,凱基-鳳山,2023-05-23,9274
2867,三商壽,10,0,10,凱基-鳳山,2023-05-23,9274
3680,家登,10,0,10,凱基-鳳山,2023-05-23,9274
4976,佳凌,10,0,10,凱基-鳳山,2023-05-23,9274
5328,華容,10,0,10,凱基-鳳山,2023-05-23,9274
5469,瀚宇博,10,0,10,凱基-鳳山,2023-05-23,9274
6167,久正,10,0,10,凱基-鳳山,2023-05-23,9274
6197,佳必琪,24,14,10,凱基-鳳山,2023-05-23,9274
6219,富旺,10,0,10,凱基-鳳山,2023-05-23,9274
9958,世紀鋼,10,0,10,凱基-鳳山,2023-05-23,9274
2603,長榮,14,5,9,凱基-鳳山,2023-05-23,9274
2801,彰銀,9,0,9,凱基-鳳山,2023-05-23,9274
6160,欣技,13,4,9,凱基-鳳山,2023-05-23,9274
6485,點序,27,18,9,凱基-鳳山,2023-05-23,9274
2427,三商電,9,1,8,凱基-鳳山,2023-05-23,9274
3704,合勤控,8,0,8,凱基-鳳山,2023-05-23,9274
6266,泰詠,9,2,7,凱基-鳳山,2023-05-23,9274
1337,再生-KY,10,3,7,凱基-鳳山,2023-05-23,9274
6209,今國光,8,1,7,凱基-鳳山,2023-05-23,9274
2609,陽明,6,0,6,凱基-鳳山,2023-05-23,9274
00713,元大台灣高息低波,7,1,6,凱基-鳳山,2023-05-23,9274
00632R,元大台灣50反1,180,0,180,凱基-鳳山,2023-05-24,9274
2442,新美齊,204,54,150,凱基-鳳山,2023-05-24,9274
2634,漢翔,130,39,91,凱基-鳳山,2023-05-24,9274
00878,國泰永續高股息,84,0,84,凱基-鳳山,2023-05-24,9274
3363,上詮,100,19,81,凱基-鳳山,2023-05-24,9274
5469,瀚宇博,67,6,61,凱基-鳳山,2023-05-24,9274
00665L,富邦�琤肭磪囓�2,74,24,50,凱基-鳳山,2023-05-24,9274
6770,力積電,49,4,45,凱基-鳳山,2023-05-24,9274
1101,台泥,38,0,38,凱基-鳳山,2023-05-24,9274
00670L,富邦NASDAQ正2,35,0,35,凱基-鳳山,2023-05-24,9274
2457,飛宏,66,31,35,凱基-鳳山,2023-05-24,9274
3701,大眾控,72,39,33,凱基-鳳山,2023-05-24,9274
1513,中興電,38,6,32,凱基-鳳山,2023-05-24,9274
2867,三商壽,30,0,30,凱基-鳳山,2023-05-24,9274
3011,今皓,32,2,30,凱基-鳳山,2023-05-24,9274
2399,映泰,34,5,29,凱基-鳳山,2023-05-24,9274
6282,康舒,36,11,25,凱基-鳳山,2023-05-24,9274
3035,智原,25,1,24,凱基-鳳山,2023-05-24,9274
00637L,元大滬深300正2,222,200,22,凱基-鳳山,2023-05-24,9274
2888,新光金,19,0,19,凱基-鳳山,2023-05-24,9274
2376,技嘉,28,10,18,凱基-鳳山,2023-05-24,9274
00882,中信中國高股息,17,0,17,凱基-鳳山,2023-05-24,9274
1618,合機,27,10,17,凱基-鳳山,2023-05-24,9274
00687B,國泰20年美債,16,0,16,凱基-鳳山,2023-05-24,9274
2324,仁寶,18,2,16,凱基-鳳山,2023-05-24,9274
2515,中工,15,0,15,凱基-鳳山,2023-05-24,9274
6190,萬泰科,15,0,15,凱基-鳳山,2023-05-24,9274
3217,優群,14,0,14,凱基-鳳山,2023-05-24,9274
2427,三商電,16,2,14,凱基-鳳山,2023-05-24,9274
1337,再生-KY,13,0,13,凱基-鳳山,2023-05-24,9274
3036,文曄,13,0,13,凱基-鳳山,2023-05-24,9274
3591,艾笛森,57,44,13,凱基-鳳山,2023-05-24,9274
2371,大同,14,2,12,凱基-鳳山,2023-05-24,9274
3646,艾恩特,15,3,12,凱基-鳳山,2023-05-24,9274
00631L,元大台灣50正2,11,0,11,凱基-鳳山,2023-05-24,9274
1609,大亞,14,3,11,凱基-鳳山,2023-05-24,9274
2412,中華電,10,0,10,凱基-鳳山,2023-05-24,9274
5426,振發,10,0,10,凱基-鳳山,2023-05-24,9274
6235,華孚,14,4,10,凱基-鳳山,2023-05-24,9274
3625,西勝,9,0,9,凱基-鳳山,2023-05-24,9274
6550,北極星藥業-KY,11,2,9,凱基-鳳山,2023-05-24,9274
1809,中釉,10,2,8,凱基-鳳山,2023-05-24,9274
3490,單井,8,0,8,凱基-鳳山,2023-05-24,9274
00772B,中信高評級公司債,7,0,7,凱基-鳳山,2023-05-24,9274
4541,晟田,10,3,7,凱基-鳳山,2023-05-24,9274
2887,台新金,7,0,7,凱基-鳳山,2023-05-24,9274
2891,中信金,9,2,7,凱基-鳳山,2023-05-24,9274
00680L,元大美債20正2,10,4,6,凱基-鳳山,2023-05-24,9274
1504,東元,19,13,6,凱基-鳳山,2023-05-24,9274
3498,陽程,6,0,6,凱基-鳳山,2023-05-24,9274
00680L,元大美債20正2,285,89,196,凱基-鳳山,2023-05-25,9274
6116,彩晶,117,2,115,凱基-鳳山,2023-05-25,9274
3591,艾笛森,104,6,98,凱基-鳳山,2023-05-25,9274
2201,裕隆,269,184,85,凱基-鳳山,2023-05-25,9274
2515,中工,69,0,69,凱基-鳳山,2023-05-25,9274
2610,華航,85,16,69,凱基-鳳山,2023-05-25,9274
6164,華興,302,238,64,凱基-鳳山,2023-05-25,9274
2442,新美齊,60,0,60,凱基-鳳山,2023-05-25,9274
00632R,元大台灣50反1,100,40,60,凱基-鳳山,2023-05-25,9274
00882,中信中國高股息,60,0,60,凱基-鳳山,2023-05-25,9274
00928,中信上櫃ESG30,55,0,55,凱基-鳳山,2023-05-25,9274
3701,大眾控,80,26,54,凱基-鳳山,2023-05-25,9274
00665L,富邦�琤肭磪囓�2,52,0,52,凱基-鳳山,2023-05-25,9274
1101,台泥,54,10,44,凱基-鳳山,2023-05-25,9274
2867,三商壽,40,0,40,凱基-鳳山,2023-05-25,9274
9946,三發地產,38,1,37,凱基-鳳山,2023-05-25,9274
2634,漢翔,46,11,35,凱基-鳳山,2023-05-25,9274
00712,復華富時不動產,33,0,33,凱基-鳳山,2023-05-25,9274
2353,宏��,36,4,32,凱基-鳳山,2023-05-25,9274
00664R,國泰臺灣加權反1,30,0,30,凱基-鳳山,2023-05-25,9274
2883,凱基金,31,2,29,凱基-鳳山,2023-05-25,9274
6274,台燿,62,36,26,凱基-鳳山,2023-05-25,9274
1460,宏遠,30,5,25,凱基-鳳山,2023-05-25,9274
00852L,國泰美國道瓊正2,24,0,24,凱基-鳳山,2023-05-25,9274
6288,聯嘉,30,8,22,凱基-鳳山,2023-05-25,9274
2460,建通,39,19,20,凱基-鳳山,2023-05-25,9274
2611,志信,21,1,20,凱基-鳳山,2023-05-25,9274
4529,淳紳,18,0,18,凱基-鳳山,2023-05-25,9274
2371,大同,19,3,16,凱基-鳳山,2023-05-25,9274
2402,毅嘉,17,1,16,凱基-鳳山,2023-05-25,9274
2630,亞航,31,15,16,凱基-鳳山,2023-05-25,9274
5009,榮剛,17,1,16,凱基-鳳山,2023-05-25,9274
1589,永冠-KY,14,0,14,凱基-鳳山,2023-05-25,9274
5464,霖宏,16,2,14,凱基-鳳山,2023-05-25,9274
00679B,元大美債20年,14,0,14,凱基-鳳山,2023-05-25,9274
1337,再生-KY,13,1,12,凱基-鳳山,2023-05-25,9274
2498,宏達電,16,4,12,凱基-鳳山,2023-05-25,9274
3363,上詮,133,121,12,凱基-鳳山,2023-05-25,9274
2399,映泰,15,4,11,凱基-鳳山,2023-05-25,9274
00741B,富邦全球非投等債,11,0,11,凱基-鳳山,2023-05-25,9274
3217,優群,11,0,11,凱基-鳳山,2023-05-25,9274
8176,智捷,11,0,11,凱基-鳳山,2023-05-25,9274
2007,燁興,10,0,10,凱基-鳳山,2023-05-25,9274
2103,台橡,10,0,10,凱基-鳳山,2023-05-25,9274
3511,矽瑪,10,0,10,凱基-鳳山,2023-05-25,9274
4951,精拓科,10,0,10,凱基-鳳山,2023-05-25,9274
6126,信音,10,0,10,凱基-鳳山,2023-05-25,9274
8415,大國鋼,10,0,10,凱基-鳳山,2023-05-25,9274
8927,北基,10,0,10,凱基-鳳山,2023-05-25,9274
2706,第一店,15,6,9,凱基-鳳山,2023-05-25,9274
3481,群創,156,0,156,凱基-鳳山,2023-05-26,9274
1313,聯成,150,0,150,凱基-鳳山,2023-05-26,9274
2515,中工,140,0,140,凱基-鳳山,2023-05-26,9274
00653L,富邦印度正2,111,0,111,凱基-鳳山,2023-05-26,9274
2610,華航,118,36,82,凱基-鳳山,2023-05-26,9274
2323,中環,298,222,76,凱基-鳳山,2023-05-26,9274
3591,艾笛森,76,0,76,凱基-鳳山,2023-05-26,9274
5469,瀚宇博,72,4,68,凱基-鳳山,2023-05-26,9274
2495,普安,61,1,60,凱基-鳳山,2023-05-26,9274
6142,友勁,80,20,60,凱基-鳳山,2023-05-26,9274
2371,大同,56,2,54,凱基-鳳山,2023-05-26,9274
2834,臺企銀,52,0,52,凱基-鳳山,2023-05-26,9274
6235,華孚,53,2,51,凱基-鳳山,2023-05-26,9274
2014,中鴻,51,1,50,凱基-鳳山,2023-05-26,9274
2442,新美齊,154,109,45,凱基-鳳山,2023-05-26,9274
2736,富野,81,36,45,凱基-鳳山,2023-05-26,9274
00632R,元大台灣50反1,168,130,38,凱基-鳳山,2023-05-26,9274
2027,大成鋼,35,1,34,凱基-鳳山,2023-05-26,9274
6191,精成科,43,9,34,凱基-鳳山,2023-05-26,9274
00904,新光臺灣半導體30,30,0,30,凱基-鳳山,2023-05-26,9274
00852L,國泰美國道瓊正2,30,0,30,凱基-鳳山,2023-05-26,9274
6288,聯嘉,45,17,28,凱基-鳳山,2023-05-26,9274
0056,元大高股息,50,23,27,凱基-鳳山,2023-05-26,9274
2201,裕隆,36,11,25,凱基-鳳山,2023-05-26,9274
3035,智原,28,3,25,凱基-鳳山,2023-05-26,9274
00712,復華富時不動產,30,6,24,凱基-鳳山,2023-05-26,9274
2412,中華電,43,20,23,凱基-鳳山,2023-05-26,9274
6274,台燿,52,29,23,凱基-鳳山,2023-05-26,9274
00772B,中信高評級公司債,21,0,21,凱基-鳳山,2023-05-26,9274
5512,力麒,20,0,20,凱基-鳳山,2023-05-26,9274
4128,中天,21,3,18,凱基-鳳山,2023-05-26,9274
3078,僑威,22,4,18,凱基-鳳山,2023-05-26,9274
8033,雷虎,20,3,17,凱基-鳳山,2023-05-26,9274
00715L,期街口布蘭特正2,22,6,16,凱基-鳳山,2023-05-26,9274
2449,京元電子,23,7,16,凱基-鳳山,2023-05-26,9274
1711,永光,12,0,12,凱基-鳳山,2023-05-26,9274
3338,泰碩,14,2,12,凱基-鳳山,2023-05-26,9274
6150,撼訊,12,0,12,凱基-鳳山,2023-05-26,9274
2880,華南金,11,0,11,凱基-鳳山,2023-05-26,9274
6120,達運,11,0,11,凱基-鳳山,2023-05-26,9274
00882,中信中國高股息,17,7,10,凱基-鳳山,2023-05-26,9274
00687B,國泰20年美債,10,0,10,凱基-鳳山,2023-05-26,9274
3706,神達,10,0,10,凱基-鳳山,2023-05-26,9274
1325,恆大,10,0,10,凱基-鳳山,2023-05-26,9274
1474,弘裕,10,0,10,凱基-鳳山,2023-05-26,9274
2030,彰源,10,0,10,凱基-鳳山,2023-05-26,9274
2489,瑞軒,10,0,10,凱基-鳳山,2023-05-26,9274
4927,泰鼎-KY,10,0,10,凱基-鳳山,2023-05-26,9274
1905,華紙,9,0,9,凱基-鳳山,2023-05-26,9274
6217,中探針,11,2,9,凱基-鳳山,2023-05-26,9274
3049,精金,166,0,166,凱基-鳳山,2023-05-29,9274
6116,彩晶,138,6,132,凱基-鳳山,2023-05-29,9274
6191,精成科,133,4,129,凱基-鳳山,2023-05-29,9274
2371,大同,83,9,74,凱基-鳳山,2023-05-29,9274
1608,華榮,115,47,68,凱基-鳳山,2023-05-29,9274
2103,台橡,47,0,47,凱基-鳳山,2023-05-29,9274
3058,立德,53,6,47,凱基-鳳山,2023-05-29,9274
2421,建準,155,108,47,凱基-鳳山,2023-05-29,9274
4960,誠美材,35,0,35,凱基-鳳山,2023-05-29,9274
00852L,國泰美國道瓊正2,30,0,30,凱基-鳳山,2023-05-29,9274
2867,三商壽,30,0,30,凱基-鳳山,2023-05-29,9274
00665L,富邦�琤肭磪囓�2,29,0,29,凱基-鳳山,2023-05-29,9274
0056,元大高股息,37,10,27,凱基-鳳山,2023-05-29,9274
5529,鉅陞,27,0,27,凱基-鳳山,2023-05-29,9274
00680L,元大美債20正2,24,0,24,凱基-鳳山,2023-05-29,9274
2472,立隆電,24,2,22,凱基-鳳山,2023-05-29,9274
00882,中信中國高股息,27,6,21,凱基-鳳山,2023-05-29,9274
00636,國泰中國A50,21,0,21,凱基-鳳山,2023-05-29,9274
1905,華紙,34,13,21,凱基-鳳山,2023-05-29,9274
00895,富邦未來車,21,0,21,凱基-鳳山,2023-05-29,9274
1217,愛之味,20,0,20,凱基-鳳山,2023-05-29,9274
5324,士開,20,0,20,凱基-鳳山,2023-05-29,9274
8105,凌巨,20,0,20,凱基-鳳山,2023-05-29,9274
6147,頎邦,19,0,19,凱基-鳳山,2023-05-29,9274
6197,佳必琪,20,1,19,凱基-鳳山,2023-05-29,9274
8996,高力,23,5,18,凱基-鳳山,2023-05-29,9274
00712,復華富時不動產,17,0,17,凱基-鳳山,2023-05-29,9274
2883,凱基金,18,1,17,凱基-鳳山,2023-05-29,9274
3037,欣興,27,10,17,凱基-鳳山,2023-05-29,9274
2495,普安,31,15,16,凱基-鳳山,2023-05-29,9274
6218,豪勉,20,4,16,凱基-鳳山,2023-05-29,9274
1618,合機,15,0,15,凱基-鳳山,2023-05-29,9274
00670L,富邦NASDAQ正2,14,0,14,凱基-鳳山,2023-05-29,9274
00753L,中信中國50正2,14,0,14,凱基-鳳山,2023-05-29,9274
3202,樺晟,14,0,14,凱基-鳳山,2023-05-29,9274
3701,大眾控,43,29,14,凱基-鳳山,2023-05-29,9274
5469,瀚宇博,14,0,14,凱基-鳳山,2023-05-29,9274
3011,今皓,13,0,13,凱基-鳳山,2023-05-29,9274
2303,聯電,25,13,12,凱基-鳳山,2023-05-29,9274
9946,三發地產,12,0,12,凱基-鳳山,2023-05-29,9274
2382,廣達,12,0,12,凱基-鳳山,2023-05-29,9274
6414,樺漢,11,0,11,凱基-鳳山,2023-05-29,9274
00928,中信上櫃ESG30,12,1,11,凱基-鳳山,2023-05-29,9274
3265,台星科,23,12,11,凱基-鳳山,2023-05-29,9274
2002,中鋼,10,0,10,凱基-鳳山,2023-05-29,9274
00795B,中信美國公債20年,10,0,10,凱基-鳳山,2023-05-29,9274
2101,南港,10,0,10,凱基-鳳山,2023-05-29,9274
2498,宏達電,28,18,10,凱基-鳳山,2023-05-29,9274
4543,萬在,10,0,10,凱基-鳳山,2023-05-29,9274
8059,凱碩,10,0,10,凱基-鳳山,2023-05-29,9274
00632R,元大台灣50反1,160,0,160,凱基-鳳山,2023-05-30,9274
2618,長榮航,291,183,108,凱基-鳳山,2023-05-30,9274
00882,中信中國高股息,102,0,102,凱基-鳳山,2023-05-30,9274
1608,華榮,333,243,90,凱基-鳳山,2023-05-30,9274
2368,金像電,114,53,61,凱基-鳳山,2023-05-30,9274
8996,高力,99,41,58,凱基-鳳山,2023-05-30,9274
5443,均豪,40,0,40,凱基-鳳山,2023-05-30,9274
6288,聯嘉,40,0,40,凱基-鳳山,2023-05-30,9274
1609,大亞,41,2,39,凱基-鳳山,2023-05-30,9274
3032,偉訓,52,15,37,凱基-鳳山,2023-05-30,9274
4564,元翎,35,0,35,凱基-鳳山,2023-05-30,9274
6191,精成科,34,0,34,凱基-鳳山,2023-05-30,9274
5469,瀚宇博,32,2,30,凱基-鳳山,2023-05-30,9274
2883,凱基金,89,61,28,凱基-鳳山,2023-05-30,9274
00665L,富邦�琤肭磪囓�2,56,30,26,凱基-鳳山,2023-05-30,9274
5529,鉅陞,25,0,25,凱基-鳳山,2023-05-30,9274
0056,元大高股息,38,16,22,凱基-鳳山,2023-05-30,9274
5328,華容,21,0,21,凱基-鳳山,2023-05-30,9274
2356,英業達,135,115,20,凱基-鳳山,2023-05-30,9274
2002,中鋼,19,1,18,凱基-鳳山,2023-05-30,9274
00715L,期街口布蘭特正2,17,0,17,凱基-鳳山,2023-05-30,9274
6116,彩晶,17,0,17,凱基-鳳山,2023-05-30,9274
00670L,富邦NASDAQ正2,15,0,15,凱基-鳳山,2023-05-30,9274
8105,凌巨,15,0,15,凱基-鳳山,2023-05-30,9274
8176,智捷,13,0,13,凱基-鳳山,2023-05-30,9274
2481,強茂,12,0,12,凱基-鳳山,2023-05-30,9274
2611,志信,12,0,12,凱基-鳳山,2023-05-30,9274
2387,精元,11,0,11,凱基-鳳山,2023-05-30,9274
3035,智原,13,2,11,凱基-鳳山,2023-05-30,9274
3217,優群,11,0,11,凱基-鳳山,2023-05-30,9274
3701,大眾控,56,45,11,凱基-鳳山,2023-05-30,9274
00923,群益台ESG低碳50,20,10,10,凱基-鳳山,2023-05-30,9274
00712,復華富時不動產,10,0,10,凱基-鳳山,2023-05-30,9274
00903,富邦元宇宙,10,0,10,凱基-鳳山,2023-05-30,9274
2888,新光金,10,0,10,凱基-鳳山,2023-05-30,9274
3564,其陽,10,0,10,凱基-鳳山,2023-05-30,9274
4934,太極,12,2,10,凱基-鳳山,2023-05-30,9274
8277,商丞,10,0,10,凱基-鳳山,2023-05-30,9274
2457,飛宏,14,5,9,凱基-鳳山,2023-05-30,9274
00885,富邦越南,9,0,9,凱基-鳳山,2023-05-30,9274
4967,十銓,10,1,9,凱基-鳳山,2023-05-30,9274
3231,緯創,44,35,9,凱基-鳳山,2023-05-30,9274
2103,台橡,9,0,9,凱基-鳳山,2023-05-30,9274
2460,建通,18,9,9,凱基-鳳山,2023-05-30,9274
2882,國泰金,10,1,9,凱基-鳳山,2023-05-30,9274
6166,凌華,34,25,9,凱基-鳳山,2023-05-30,9274
6244,茂迪,10,1,9,凱基-鳳山,2023-05-30,9274
1513,中興電,9,1,8,凱基-鳳山,2023-05-30,9274
3202,樺晟,9,1,8,凱基-鳳山,2023-05-30,9274
2412,中華電,12,4,8,凱基-鳳山,2023-05-30,9274
1460,宏遠,116,5,111,凱基-鳳山,2023-05-31,9274
00715L,期街口布蘭特正2,99,0,99,凱基-鳳山,2023-05-31,9274
00882,中信中國高股息,117,20,97,凱基-鳳山,2023-05-31,9274
3032,偉訓,82,5,77,凱基-鳳山,2023-05-31,9274
5512,力麒,54,2,52,凱基-鳳山,2023-05-31,9274
2371,大同,73,29,44,凱基-鳳山,2023-05-31,9274
1907,永豐餘,32,2,30,凱基-鳳山,2023-05-31,9274
3591,艾笛森,42,12,30,凱基-鳳山,2023-05-31,9274
2376,技嘉,30,2,28,凱基-鳳山,2023-05-31,9274
00878,國泰永續高股息,30,3,27,凱基-鳳山,2023-05-31,9274
6274,台燿,27,1,26,凱基-鳳山,2023-05-31,9274
00665L,富邦�琤肭磪囓�2,60,35,25,凱基-鳳山,2023-05-31,9274
2460,建通,61,37,24,凱基-鳳山,2023-05-31,9274
3363,上詮,44,21,23,凱基-鳳山,2023-05-31,9274
2349,錸德,23,1,22,凱基-鳳山,2023-05-31,9274
2329,華泰,22,1,21,凱基-鳳山,2023-05-31,9274
3014,聯陽,20,0,20,凱基-鳳山,2023-05-31,9274
8088,品安,24,4,20,凱基-鳳山,2023-05-31,9274
2356,英業達,30,12,18,凱基-鳳山,2023-05-31,9274
4967,十銓,24,7,17,凱基-鳳山,2023-05-31,9274
2883,凱基金,20,6,14,凱基-鳳山,2023-05-31,9274
2408,南亞科,32,18,14,凱基-鳳山,2023-05-31,9274
3031,佰鴻,31,17,14,凱基-鳳山,2023-05-31,9274
2885,元大金,12,0,12,凱基-鳳山,2023-05-31,9274
2603,長榮,22,10,12,凱基-鳳山,2023-05-31,9274
00642U,期元大S＆P石油,12,0,12,凱基-鳳山,2023-05-31,9274
1524,耿鼎,12,0,12,凱基-鳳山,2023-05-31,9274
3035,智原,15,3,12,凱基-鳳山,2023-05-31,9274
4113,聯上,12,0,12,凱基-鳳山,2023-05-31,9274
00753L,中信中國50正2,11,0,11,凱基-鳳山,2023-05-31,9274
1909,榮成,11,0,11,凱基-鳳山,2023-05-31,9274
2630,亞航,14,3,11,凱基-鳳山,2023-05-31,9274
00688L,國泰20年美債正2,10,0,10,凱基-鳳山,2023-05-31,9274
2331,精英,10,0,10,凱基-鳳山,2023-05-31,9274
2353,宏��,10,0,10,凱基-鳳山,2023-05-31,9274
8271,宇瞻,11,1,10,凱基-鳳山,2023-05-31,9274
8926,台汽電,10,0,10,凱基-鳳山,2023-05-31,9274
3231,緯創,37,28,9,凱基-鳳山,2023-05-31,9274
2542,興富發,10,1,9,凱基-鳳山,2023-05-31,9274
3294,英濟,10,1,9,凱基-鳳山,2023-05-31,9274
3006,晶豪科,18,9,9,凱基-鳳山,2023-05-31,9274
2303,聯電,12,3,9,凱基-鳳山,2023-05-31,9274
2409,友達,10,2,8,凱基-鳳山,2023-05-31,9274
3016,嘉晶,8,0,8,凱基-鳳山,2023-05-31,9274
3701,大眾控,12,4,8,凱基-鳳山,2023-05-31,9274
6176,瑞儀,7,0,7,凱基-鳳山,2023-05-31,9274
00907,永豐優息存股,7,0,7,凱基-鳳山,2023-05-31,9274
2421,建準,9,2,7,凱基-鳳山,2023-05-31,9274
2705,六福,10,3,7,凱基-鳳山,2023-05-31,9274
3516,亞帝歐,7,0,7,凱基-鳳山,2023-05-31,9274
2881,富邦金,107,5,102,凱基-鳳山,2023-06-01,9274
00715L,期街口布蘭特正2,70,0,70,凱基-鳳山,2023-06-01,9274
6116,彩晶,74,10,64,凱基-鳳山,2023-06-01,9274
2460,建通,134,80,54,凱基-鳳山,2023-06-01,9274
3011,今皓,48,1,47,凱基-鳳山,2023-06-01,9274
2515,中工,218,177,41,凱基-鳳山,2023-06-01,9274
2303,聯電,34,2,32,凱基-鳳山,2023-06-01,9274
00642U,期元大S＆P石油,30,0,30,凱基-鳳山,2023-06-01,9274
1460,宏遠,30,0,30,凱基-鳳山,2023-06-01,9274
2409,友達,30,0,30,凱基-鳳山,2023-06-01,9274
6180,橘子,34,4,30,凱基-鳳山,2023-06-01,9274
2323,中環,152,131,21,凱基-鳳山,2023-06-01,9274
1711,永光,20,0,20,凱基-鳳山,2023-06-01,9274
2017,官田鋼,20,0,20,凱基-鳳山,2023-06-01,9274
1101,台泥,24,7,17,凱基-鳳山,2023-06-01,9274
6148,驊宏資,34,17,17,凱基-鳳山,2023-06-01,9274
00857B,永豐20年美公債,15,0,15,凱基-鳳山,2023-06-01,9274
6140,訊達,15,0,15,凱基-鳳山,2023-06-01,9274
00725B,國泰投資級公司債,14,0,14,凱基-鳳山,2023-06-01,9274
3217,優群,14,0,14,凱基-鳳山,2023-06-01,9274
4934,太極,23,9,14,凱基-鳳山,2023-06-01,9274
3528,安馳,13,0,13,凱基-鳳山,2023-06-01,9274
00919,群益台灣精選高息,13,0,13,凱基-鳳山,2023-06-01,9274
6271,同欣電,13,0,13,凱基-鳳山,2023-06-01,9274
6274,台燿,13,0,13,凱基-鳳山,2023-06-01,9274
2882,國泰金,18,6,12,凱基-鳳山,2023-06-01,9274
2883,凱基金,19,8,11,凱基-鳳山,2023-06-01,9274
6515,穎崴,11,0,11,凱基-鳳山,2023-06-01,9274
00885,富邦越南,11,1,10,凱基-鳳山,2023-06-01,9274
00655L,國泰中國A50正2,10,0,10,凱基-鳳山,2023-06-01,9274
1416,廣豐,10,0,10,凱基-鳳山,2023-06-01,9274
2867,三商壽,10,0,10,凱基-鳳山,2023-06-01,9274
3260,威剛,17,7,10,凱基-鳳山,2023-06-01,9274
3516,亞帝歐,10,0,10,凱基-鳳山,2023-06-01,9274
5905,南仁湖,10,0,10,凱基-鳳山,2023-06-01,9274
6152,百一,10,0,10,凱基-鳳山,2023-06-01,9274
6190,萬泰科,11,1,10,凱基-鳳山,2023-06-01,9274
6215,和椿,10,0,10,凱基-鳳山,2023-06-01,9274
6218,豪勉,10,0,10,凱基-鳳山,2023-06-01,9274
8112,至上,10,0,10,凱基-鳳山,2023-06-01,9274
8222,寶一,13,3,10,凱基-鳳山,2023-06-01,9274
3032,偉訓,25,17,8,凱基-鳳山,2023-06-01,9274
2486,一詮,35,28,7,凱基-鳳山,2023-06-01,9274
00712,復華富時不動產,7,0,7,凱基-鳳山,2023-06-01,9274
2454,聯發科,14,7,7,凱基-鳳山,2023-06-01,9274
1513,中興電,10,3,7,凱基-鳳山,2023-06-01,9274
6111,大宇資,16,9,7,凱基-鳳山,2023-06-01,9274
00679B,元大美債20年,6,0,6,凱基-鳳山,2023-06-01,9274
3013,晟銘電,72,66,6,凱基-鳳山,2023-06-01,9274
2330,台積電,6,0,6,凱基-鳳山,2023-06-01,9274
1609,大亞,75,12,63,凱基-鳳山,2023-06-02,9274
2460,建通,116,67,49,凱基-鳳山,2023-06-02,9274
3013,晟銘電,54,9,45,凱基-鳳山,2023-06-02,9274
1905,華紙,59,17,42,凱基-鳳山,2023-06-02,9274
00632R,元大台灣50反1,41,0,41,凱基-鳳山,2023-06-02,9274
2328,廣宇,40,3,37,凱基-鳳山,2023-06-02,9274
2337,旺宏,32,1,31,凱基-鳳山,2023-06-02,9274
2867,三商壽,30,0,30,凱基-鳳山,2023-06-02,9274
5443,均豪,30,0,30,凱基-鳳山,2023-06-02,9274
00885,富邦越南,32,3,29,凱基-鳳山,2023-06-02,9274
1319,東陽,28,1,27,凱基-鳳山,2023-06-02,9274
4564,元翎,27,0,27,凱基-鳳山,2023-06-02,9274
3011,今皓,25,0,25,凱基-鳳山,2023-06-02,9274
00712,復華富時不動產,35,10,25,凱基-鳳山,2023-06-02,9274
3202,樺晟,24,0,24,凱基-鳳山,2023-06-02,9274
00919,群益台灣精選高息,23,0,23,凱基-鳳山,2023-06-02,9274
2371,大同,31,9,22,凱基-鳳山,2023-06-02,9274
6282,康舒,53,33,20,凱基-鳳山,2023-06-02,9274
2356,英業達,65,46,19,凱基-鳳山,2023-06-02,9274
1584,精剛,17,0,17,凱基-鳳山,2023-06-02,9274
2388,威盛,36,19,17,凱基-鳳山,2023-06-02,9274
3231,緯創,80,65,15,凱基-鳳山,2023-06-02,9274
2382,廣達,38,23,15,凱基-鳳山,2023-06-02,9274
3682,亞太電,15,0,15,凱基-鳳山,2023-06-02,9274
8277,商丞,15,0,15,凱基-鳳山,2023-06-02,9274
1314,中石化,14,0,14,凱基-鳳山,2023-06-02,9274
6126,信音,14,0,14,凱基-鳳山,2023-06-02,9274
2367,燿華,13,0,13,凱基-鳳山,2023-06-02,9274
2455,全新,18,5,13,凱基-鳳山,2023-06-02,9274
2201,裕隆,16,4,12,凱基-鳳山,2023-06-02,9274
2352,佳世達,12,0,12,凱基-鳳山,2023-06-02,9274
1504,東元,44,32,12,凱基-鳳山,2023-06-02,9274
2383,台光電,13,1,12,凱基-鳳山,2023-06-02,9274
8358,金居,17,5,12,凱基-鳳山,2023-06-02,9274
2610,華航,117,105,12,凱基-鳳山,2023-06-02,9274
00713,元大台灣高息低波,13,2,11,凱基-鳳山,2023-06-02,9274
00720B,元大投資級公司債,11,0,11,凱基-鳳山,2023-06-02,9274
3035,智原,12,1,11,凱基-鳳山,2023-06-02,9274
2331,精英,22,11,11,凱基-鳳山,2023-06-02,9274
2369,菱生,11,0,11,凱基-鳳山,2023-06-02,9274
5009,榮剛,14,3,11,凱基-鳳山,2023-06-02,9274
3037,欣興,21,10,11,凱基-鳳山,2023-06-02,9274
00751B,元大AAA至A公司債,10,0,10,凱基-鳳山,2023-06-02,9274
3025,星通,12,2,10,凱基-鳳山,2023-06-02,9274
3062,建漢,10,0,10,凱基-鳳山,2023-06-02,9274
3630,新鉅科,10,0,10,凱基-鳳山,2023-06-02,9274
3680,家登,10,0,10,凱基-鳳山,2023-06-02,9274
6492,生華科,10,0,10,凱基-鳳山,2023-06-02,9274
6606,建德工業,10,0,10,凱基-鳳山,2023-06-02,9274
3006,晶豪科,12,2,10,凱基-鳳山,2023-06-02,9274
00725B,國泰投資級公司債,163,0,163,凱基-鳳山,2023-06-05,9274
1529,樂事綠能,208,102,106,凱基-鳳山,2023-06-05,9274
3707,漢磊,79,4,75,凱基-鳳山,2023-06-05,9274
1727,中華化,56,4,52,凱基-鳳山,2023-06-05,9274
00720B,元大投資級公司債,49,0,49,凱基-鳳山,2023-06-05,9274
00680L,元大美債20正2,53,6,47,凱基-鳳山,2023-06-05,9274
00712,復華富時不動產,46,3,43,凱基-鳳山,2023-06-05,9274
4960,誠美材,133,91,42,凱基-鳳山,2023-06-05,9274
2610,華航,66,24,42,凱基-鳳山,2023-06-05,9274
6274,台燿,54,15,39,凱基-鳳山,2023-06-05,9274
1319,東陽,67,32,35,凱基-鳳山,2023-06-05,9274
2460,建通,157,124,33,凱基-鳳山,2023-06-05,9274
00919,群益台灣精選高息,31,0,31,凱基-鳳山,2023-06-05,9274
4979,華星光,36,6,30,凱基-鳳山,2023-06-05,9274
1528,恩德,30,0,30,凱基-鳳山,2023-06-05,9274
00679B,元大美債20年,29,1,28,凱基-鳳山,2023-06-05,9274
00885,富邦越南,32,4,28,凱基-鳳山,2023-06-05,9274
2323,中環,34,6,28,凱基-鳳山,2023-06-05,9274
6244,茂迪,27,2,25,凱基-鳳山,2023-06-05,9274
2353,宏��,31,9,22,凱基-鳳山,2023-06-05,9274
2330,台積電,22,1,21,凱基-鳳山,2023-06-05,9274
4564,元翎,25,4,21,凱基-鳳山,2023-06-05,9274
2618,長榮航,120,99,21,凱基-鳳山,2023-06-05,9274
00921,兆豐龍頭等權重,20,0,20,凱基-鳳山,2023-06-05,9274
2027,大成鋼,30,11,19,凱基-鳳山,2023-06-05,9274
00882,中信中國高股息,18,0,18,凱基-鳳山,2023-06-05,9274
6180,橘子,22,5,17,凱基-鳳山,2023-06-05,9274
1608,華榮,16,1,15,凱基-鳳山,2023-06-05,9274
4108,懷特,15,0,15,凱基-鳳山,2023-06-05,9274
1504,東元,22,7,15,凱基-鳳山,2023-06-05,9274
1513,中興電,23,8,15,凱基-鳳山,2023-06-05,9274
1514,亞力,89,75,14,凱基-鳳山,2023-06-05,9274
4113,聯上,14,0,14,凱基-鳳山,2023-06-05,9274
4916,事欣科,20,6,14,凱基-鳳山,2023-06-05,9274
2303,聯電,13,0,13,凱基-鳳山,2023-06-05,9274
4714,永捷,13,0,13,凱基-鳳山,2023-06-05,9274
6126,信音,13,0,13,凱基-鳳山,2023-06-05,9274
2014,中鴻,19,7,12,凱基-鳳山,2023-06-05,9274
2201,裕隆,22,11,11,凱基-鳳山,2023-06-05,9274
6160,欣技,13,3,10,凱基-鳳山,2023-06-05,9274
00891,中信關鍵半導體,10,0,10,凱基-鳳山,2023-06-05,9274
00900,富邦特選高股息30,10,0,10,凱基-鳳山,2023-06-05,9274
00669R,國泰美國道瓊反1,10,0,10,凱基-鳳山,2023-06-05,9274
2023,燁輝,10,0,10,凱基-鳳山,2023-06-05,9274
2344,華邦電,13,3,10,凱基-鳳山,2023-06-05,9274
6016,康和證,10,0,10,凱基-鳳山,2023-06-05,9274
6133,金橋,15,5,10,凱基-鳳山,2023-06-05,9274
6167,久正,10,0,10,凱基-鳳山,2023-06-05,9274
8277,商丞,10,0,10,凱基-鳳山,2023-06-05,9274
3715,定穎投控,10,0,10,凱基-鳳山,2023-06-05,9274
2402,毅嘉,485,159,326,凱基-鳳山,2023-06-06,9274
4960,誠美材,95,0,95,凱基-鳳山,2023-06-06,9274
4931,新盛力,122,42,80,凱基-鳳山,2023-06-06,9274
2460,建通,174,110,64,凱基-鳳山,2023-06-06,9274
00632R,元大台灣50反1,55,0,55,凱基-鳳山,2023-06-06,9274
8933,愛地雅,50,0,50,凱基-鳳山,2023-06-06,9274
2353,宏��,53,5,48,凱基-鳳山,2023-06-06,9274
3591,艾笛森,51,6,45,凱基-鳳山,2023-06-06,9274
1609,大亞,94,49,45,凱基-鳳山,2023-06-06,9274
6116,彩晶,65,21,44,凱基-鳳山,2023-06-06,9274
2427,三商電,33,3,30,凱基-鳳山,2023-06-06,9274
2888,新光金,37,8,29,凱基-鳳山,2023-06-06,9274
00679B,元大美債20年,27,0,27,凱基-鳳山,2023-06-06,9274
8088,品安,26,1,25,凱基-鳳山,2023-06-06,9274
1301,台塑,20,0,20,凱基-鳳山,2023-06-06,9274
2312,金寶,20,0,20,凱基-鳳山,2023-06-06,9274
4564,元翎,20,0,20,凱基-鳳山,2023-06-06,9274
00713,元大台灣高息低波,19,0,19,凱基-鳳山,2023-06-06,9274
2705,六福,20,2,18,凱基-鳳山,2023-06-06,9274
00927,群益半導體收益,17,0,17,凱基-鳳山,2023-06-06,9274
2014,中鴻,18,1,17,凱基-鳳山,2023-06-06,9274
2317,鴻海,19,3,16,凱基-鳳山,2023-06-06,9274
6125,廣運,27,11,16,凱基-鳳山,2023-06-06,9274
6140,訊達,16,0,16,凱基-鳳山,2023-06-06,9274
8050,廣積,16,0,16,凱基-鳳山,2023-06-06,9274
4147,中裕,16,1,15,凱基-鳳山,2023-06-06,9274
2331,精英,15,0,15,凱基-鳳山,2023-06-06,9274
3189,景碩,17,2,15,凱基-鳳山,2023-06-06,9274
1444,力麗,15,1,14,凱基-鳳山,2023-06-06,9274
6191,精成科,20,6,14,凱基-鳳山,2023-06-06,9274
2812,台中銀,13,0,13,凱基-鳳山,2023-06-06,9274
3231,緯創,29,17,12,凱基-鳳山,2023-06-06,9274
2611,志信,14,2,12,凱基-鳳山,2023-06-06,9274
6288,聯嘉,11,0,11,凱基-鳳山,2023-06-06,9274
3546,宇峻,11,0,11,凱基-鳳山,2023-06-06,9274
4533,協易機,10,0,10,凱基-鳳山,2023-06-06,9274
3013,晟銘電,10,0,10,凱基-鳳山,2023-06-06,9274
00885,富邦越南,11,1,10,凱基-鳳山,2023-06-06,9274
1310,台苯,10,0,10,凱基-鳳山,2023-06-06,9274
2913,農林,11,1,10,凱基-鳳山,2023-06-06,9274
5546,永固-KY,10,0,10,凱基-鳳山,2023-06-06,9274
5905,南仁湖,10,0,10,凱基-鳳山,2023-06-06,9274
6219,富旺,10,0,10,凱基-鳳山,2023-06-06,9274
3014,聯陽,13,4,9,凱基-鳳山,2023-06-06,9274
8358,金居,12,3,9,凱基-鳳山,2023-06-06,9274
6282,康舒,38,29,9,凱基-鳳山,2023-06-06,9274
2371,大同,31,23,8,凱基-鳳山,2023-06-06,9274
2103,台橡,10,2,8,凱基-鳳山,2023-06-06,9274
2201,裕隆,10,2,8,凱基-鳳山,2023-06-06,9274
2601,益航,8,0,8,凱基-鳳山,2023-06-06,9274
4960,誠美材,791,74,717,凱基-鳳山,2023-06-07,9274
3231,緯創,151,28,123,凱基-鳳山,2023-06-07,9274
2402,毅嘉,120,42,78,凱基-鳳山,2023-06-07,9274
6219,富旺,76,0,76,凱基-鳳山,2023-06-07,9274
00715L,期街口布蘭特正2,54,2,52,凱基-鳳山,2023-06-07,9274
2460,建通,113,67,46,凱基-鳳山,2023-06-07,9274
00919,群益台灣精選高息,37,0,37,凱基-鳳山,2023-06-07,9274
3704,合勤控,36,0,36,凱基-鳳山,2023-06-07,9274
2882,國泰金,36,0,36,凱基-鳳山,2023-06-07,9274
6282,康舒,48,16,32,凱基-鳳山,2023-06-07,9274
1609,大亞,111,80,31,凱基-鳳山,2023-06-07,9274
6125,廣運,68,40,28,凱基-鳳山,2023-06-07,9274
2412,中華電,26,0,26,凱基-鳳山,2023-06-07,9274
4188,安克,23,0,23,凱基-鳳山,2023-06-07,9274
2457,飛宏,33,12,21,凱基-鳳山,2023-06-07,9274
1718,中纖,20,0,20,凱基-鳳山,2023-06-07,9274
2887,台新金,25,6,19,凱基-鳳山,2023-06-07,9274
1905,華紙,22,4,18,凱基-鳳山,2023-06-07,9274
1104,環泥,18,0,18,凱基-鳳山,2023-06-07,9274
2027,大成鋼,18,0,18,凱基-鳳山,2023-06-07,9274
2492,華新科,21,5,16,凱基-鳳山,2023-06-07,9274
2867,三商壽,20,4,16,凱基-鳳山,2023-06-07,9274
6134,萬旭,15,0,15,凱基-鳳山,2023-06-07,9274
2331,精英,19,6,13,凱基-鳳山,2023-06-07,9274
2486,一詮,20,7,13,凱基-鳳山,2023-06-07,9274
00830,國泰費城半導體,12,0,12,凱基-鳳山,2023-06-07,9274
2352,佳世達,13,1,12,凱基-鳳山,2023-06-07,9274
8155,博智,12,0,12,凱基-鳳山,2023-06-07,9274
1605,華新,22,11,11,凱基-鳳山,2023-06-07,9274
2014,中鴻,12,1,11,凱基-鳳山,2023-06-07,9274
00927,群益半導體收益,11,0,11,凱基-鳳山,2023-06-07,9274
00712,復華富時不動產,11,0,11,凱基-鳳山,2023-06-07,9274
3011,今皓,33,22,11,凱基-鳳山,2023-06-07,9274
4564,元翎,11,0,11,凱基-鳳山,2023-06-07,9274
6218,豪勉,15,4,11,凱基-鳳山,2023-06-07,9274
2409,友達,14,4,10,凱基-鳳山,2023-06-07,9274
00676R,富邦臺灣加權反1,10,0,10,凱基-鳳山,2023-06-07,9274
2025,千興,10,0,10,凱基-鳳山,2023-06-07,9274
2342,茂矽,10,0,10,凱基-鳳山,2023-06-07,9274
2358,廷鑫,10,0,10,凱基-鳳山,2023-06-07,9274
2467,志聖,12,2,10,凱基-鳳山,2023-06-07,9274
2745,五福,10,0,10,凱基-鳳山,2023-06-07,9274
3025,星通,51,41,10,凱基-鳳山,2023-06-07,9274
3078,僑威,23,13,10,凱基-鳳山,2023-06-07,9274
4543,萬在,10,0,10,凱基-鳳山,2023-06-07,9274
4726,永昕,10,0,10,凱基-鳳山,2023-06-07,9274
6266,泰詠,10,0,10,凱基-鳳山,2023-06-07,9274
6143,振曜,10,0,10,凱基-鳳山,2023-06-07,9274
1815,富喬,12,2,10,凱基-鳳山,2023-06-07,9274
1810,和成,10,1,9,凱基-鳳山,2023-06-07,9274
00680L,元大美債20正2,327,0,327,凱基-鳳山,2023-06-08,9274
4960,誠美材,409,177,232,凱基-鳳山,2023-06-08,9274
6770,力積電,148,0,148,凱基-鳳山,2023-06-08,9274
6116,彩晶,141,3,138,凱基-鳳山,2023-06-08,9274
2323,中環,107,11,96,凱基-鳳山,2023-06-08,9274
2402,毅嘉,126,33,93,凱基-鳳山,2023-06-08,9274
6274,台燿,73,1,72,凱基-鳳山,2023-06-08,9274
2344,華邦電,60,0,60,凱基-鳳山,2023-06-08,9274
1609,大亞,132,73,59,凱基-鳳山,2023-06-08,9274
2834,臺企銀,57,0,57,凱基-鳳山,2023-06-08,9274
3363,上詮,81,26,55,凱基-鳳山,2023-06-08,9274
00878,國泰永續高股息,65,14,51,凱基-鳳山,2023-06-08,9274
2883,凱基金,50,5,45,凱基-鳳山,2023-06-08,9274
2610,華航,40,7,33,凱基-鳳山,2023-06-08,9274
1605,華新,39,10,29,凱基-鳳山,2023-06-08,9274
4564,元翎,30,1,29,凱基-鳳山,2023-06-08,9274
00927,群益半導體收益,39,11,28,凱基-鳳山,2023-06-08,9274
2409,友達,26,0,26,凱基-鳳山,2023-06-08,9274
4977,眾達-KY,26,0,26,凱基-鳳山,2023-06-08,9274
3264,欣銓,28,3,25,凱基-鳳山,2023-06-08,9274
6282,康舒,59,36,23,凱基-鳳山,2023-06-08,9274
00919,群益台灣精選高息,23,1,22,凱基-鳳山,2023-06-08,9274
1104,環泥,22,0,22,凱基-鳳山,2023-06-08,9274
2023,燁輝,22,0,22,凱基-鳳山,2023-06-08,9274
6219,富旺,21,0,21,凱基-鳳山,2023-06-08,9274
3178,公準,20,0,20,凱基-鳳山,2023-06-08,9274
5529,鉅陞,20,0,20,凱基-鳳山,2023-06-08,9274
00679B,元大美債20年,20,1,19,凱基-鳳山,2023-06-08,9274
1528,恩德,20,1,19,凱基-鳳山,2023-06-08,9274
2492,華新科,17,0,17,凱基-鳳山,2023-06-08,9274
2460,建通,113,97,16,凱基-鳳山,2023-06-08,9274
3038,全台,16,0,16,凱基-鳳山,2023-06-08,9274
6209,今國光,16,0,16,凱基-鳳山,2023-06-08,9274
3037,欣興,27,12,15,凱基-鳳山,2023-06-08,9274
2887,台新金,35,20,15,凱基-鳳山,2023-06-08,9274
6188,廣明,16,3,13,凱基-鳳山,2023-06-08,9274
3032,偉訓,19,6,13,凱基-鳳山,2023-06-08,9274
3312,弘憶股,17,5,12,凱基-鳳山,2023-06-08,9274
6217,中探針,12,0,12,凱基-鳳山,2023-06-08,9274
2376,技嘉,15,3,12,凱基-鳳山,2023-06-08,9274
1907,永豐餘,17,6,11,凱基-鳳山,2023-06-08,9274
2102,泰豐,11,0,11,凱基-鳳山,2023-06-08,9274
2481,強茂,11,0,11,凱基-鳳山,2023-06-08,9274
3706,神達,15,4,11,凱基-鳳山,2023-06-08,9274
3715,定穎投控,11,0,11,凱基-鳳山,2023-06-08,9274
6285,啟��,31,20,11,凱基-鳳山,2023-06-08,9274
6288,聯嘉,14,3,11,凱基-鳳山,2023-06-08,9274
00713,元大台灣高息低波,11,0,11,凱基-鳳山,2023-06-08,9274
2337,旺宏,10,0,10,凱基-鳳山,2023-06-08,9274
00632R,元大台灣50反1,10,0,10,凱基-鳳山,2023-06-08,9274
2888,新光金,270,28,242,凱基-鳳山,2023-06-09,9274
2801,彰銀,101,1,100,凱基-鳳山,2023-06-09,9274
00919,群益台灣精選高息,95,1,94,凱基-鳳山,2023-06-09,9274
00715L,期街口布蘭特正2,67,0,67,凱基-鳳山,2023-06-09,9274
00929,復華台灣科技優息,127,63,64,凱基-鳳山,2023-06-09,9274
00670L,富邦NASDAQ正2,60,0,60,凱基-鳳山,2023-06-09,9274
9946,三發地產,50,0,50,凱基-鳳山,2023-06-09,9274
2610,華航,54,8,46,凱基-鳳山,2023-06-09,9274
8076,伍豐,36,3,33,凱基-鳳山,2023-06-09,9274
8928,鉅明,32,0,32,凱基-鳳山,2023-06-09,9274
6596,寬宏藝術,41,11,30,凱基-鳳山,2023-06-09,9274
1314,中石化,29,0,29,凱基-鳳山,2023-06-09,9274
4967,十銓,30,1,29,凱基-鳳山,2023-06-09,9274
00712,復華富時不動產,28,0,28,凱基-鳳山,2023-06-09,9274
1442,名軒,28,0,28,凱基-鳳山,2023-06-09,9274
1612,宏泰,27,2,25,凱基-鳳山,2023-06-09,9274
2618,長榮航,41,16,25,凱基-鳳山,2023-06-09,9274
3483,力致,24,0,24,凱基-鳳山,2023-06-09,9274
2349,錸德,23,0,23,凱基-鳳山,2023-06-09,9274
6438,迅得,23,0,23,凱基-鳳山,2023-06-09,9274
3033,威健,22,0,22,凱基-鳳山,2023-06-09,9274
9958,世紀鋼,37,16,21,凱基-鳳山,2023-06-09,9274
4121,優盛,21,1,20,凱基-鳳山,2023-06-09,9274
2495,普安,21,3,18,凱基-鳳山,2023-06-09,9274
2867,三商壽,15,0,15,凱基-鳳山,2023-06-09,9274
00631L,元大台灣50正2,14,0,14,凱基-鳳山,2023-06-09,9274
2536,宏普,14,0,14,凱基-鳳山,2023-06-09,9274
3346,麗清,14,0,14,凱基-鳳山,2023-06-09,9274
8038,長園科,16,2,14,凱基-鳳山,2023-06-09,9274
6625,必應,16,4,12,凱基-鳳山,2023-06-09,9274
1513,中興電,15,3,12,凱基-鳳山,2023-06-09,9274
3703,欣陸,12,0,12,凱基-鳳山,2023-06-09,9274
00713,元大台灣高息低波,11,0,11,凱基-鳳山,2023-06-09,9274
6441,廣錠,20,9,11,凱基-鳳山,2023-06-09,9274
2882,國泰金,10,0,10,凱基-鳳山,2023-06-09,9274
1762,中化生,10,0,10,凱基-鳳山,2023-06-09,9274
2009,第一銅,10,0,10,凱基-鳳山,2023-06-09,9274
2331,精英,10,0,10,凱基-鳳山,2023-06-09,9274
2630,亞航,32,22,10,凱基-鳳山,2023-06-09,9274
3014,聯陽,40,30,10,凱基-鳳山,2023-06-09,9274
6589,台康生技,10,0,10,凱基-鳳山,2023-06-09,9274
8171,天宇,10,0,10,凱基-鳳山,2023-06-09,9274
00692,富邦公司治理,9,0,9,凱基-鳳山,2023-06-09,9274
5608,四維航,9,0,9,凱基-鳳山,2023-06-09,9274
2382,廣達,17,8,9,凱基-鳳山,2023-06-09,9274
2352,佳世達,18,10,8,凱基-鳳山,2023-06-09,9274
2323,中環,8,0,8,凱基-鳳山,2023-06-09,9274
2449,京元電子,9,1,8,凱基-鳳山,2023-06-09,9274
2482,連宇,42,34,8,凱基-鳳山,2023-06-09,9274
3551,世禾,8,0,8,凱基-鳳山,2023-06-09,9274
2705,六福,513,80,433,凱基-鳳山,2023-06-12,9274
00632R,元大台灣50反1,200,0,200,凱基-鳳山,2023-06-12,9274
8928,鉅明,138,0,138,凱基-鳳山,2023-06-12,9274
00715L,期街口布蘭特正2,100,0,100,凱基-鳳山,2023-06-12,9274
5469,瀚宇博,87,4,83,凱基-鳳山,2023-06-12,9274
2888,新光金,127,45,82,凱基-鳳山,2023-06-12,9274
3231,緯創,108,34,74,凱基-鳳山,2023-06-12,9274
2442,新美齊,56,0,56,凱基-鳳山,2023-06-12,9274
6122,擎邦,176,121,55,凱基-鳳山,2023-06-12,9274
2883,凱基金,54,0,54,凱基-鳳山,2023-06-12,9274
1104,環泥,52,0,52,凱基-鳳山,2023-06-12,9274
2618,長榮航,121,71,50,凱基-鳳山,2023-06-12,9274
2332,友訊,50,1,49,凱基-鳳山,2023-06-12,9274
4960,誠美材,81,33,48,凱基-鳳山,2023-06-12,9274
00642U,期元大S＆P石油,40,0,40,凱基-鳳山,2023-06-12,9274
5905,南仁湖,40,0,40,凱基-鳳山,2023-06-12,9274
2460,建通,111,74,37,凱基-鳳山,2023-06-12,9274
00919,群益台灣精選高息,36,0,36,凱基-鳳山,2023-06-12,9274
3380,明泰,36,0,36,凱基-鳳山,2023-06-12,9274
00929,復華台灣科技優息,185,154,31,凱基-鳳山,2023-06-12,9274
2486,一詮,33,3,30,凱基-鳳山,2023-06-12,9274
2610,華航,36,9,27,凱基-鳳山,2023-06-12,9274
3363,上詮,71,44,27,凱基-鳳山,2023-06-12,9274
1612,宏泰,29,3,26,凱基-鳳山,2023-06-12,9274
2425,承啟,31,5,26,凱基-鳳山,2023-06-12,9274
2323,中環,30,6,24,凱基-鳳山,2023-06-12,9274
2303,聯電,37,14,23,凱基-鳳山,2023-06-12,9274
2630,亞航,39,17,22,凱基-鳳山,2023-06-12,9274
3033,威健,22,0,22,凱基-鳳山,2023-06-12,9274
6219,富旺,20,0,20,凱基-鳳山,2023-06-12,9274
6244,茂迪,21,2,19,凱基-鳳山,2023-06-12,9274
1806,冠軍,20,1,19,凱基-鳳山,2023-06-12,9274
4934,太極,20,2,18,凱基-鳳山,2023-06-12,9274
5531,鄉林,20,3,17,凱基-鳳山,2023-06-12,9274
0056,元大高股息,21,5,16,凱基-鳳山,2023-06-12,9274
1618,合機,16,0,16,凱基-鳳山,2023-06-12,9274
8038,長園科,16,0,16,凱基-鳳山,2023-06-12,9274
2388,威盛,22,7,15,凱基-鳳山,2023-06-12,9274
4564,元翎,15,0,15,凱基-鳳山,2023-06-12,9274
2399,映泰,16,2,14,凱基-鳳山,2023-06-12,9274
2356,英業達,21,7,14,凱基-鳳山,2023-06-12,9274
2480,敦陽科,13,0,13,凱基-鳳山,2023-06-12,9274
2027,大成鋼,13,0,13,凱基-鳳山,2023-06-12,9274
00712,復華富時不動產,19,7,12,凱基-鳳山,2023-06-12,9274
5340,建榮,12,0,12,凱基-鳳山,2023-06-12,9274
2886,兆豐金,11,0,11,凱基-鳳山,2023-06-12,9274
6274,台燿,12,1,11,凱基-鳳山,2023-06-12,9274
6515,穎崴,11,0,11,凱基-鳳山,2023-06-12,9274
2352,佳世達,13,2,11,凱基-鳳山,2023-06-12,9274
1475,業旺,10,0,10,凱基-鳳山,2023-06-12,9274
4960,誠美材,299,0,299,凱基-鳳山,2023-06-13,9274
8928,鉅明,248,0,248,凱基-鳳山,2023-06-13,9274
00715L,期街口布蘭特正2,191,0,191,凱基-鳳山,2023-06-13,9274
2460,建通,392,220,172,凱基-鳳山,2023-06-13,9274
00919,群益台灣精選高息,155,0,155,凱基-鳳山,2023-06-13,9274
3058,立德,103,2,101,凱基-鳳山,2023-06-13,9274
00712,復華富時不動產,90,0,90,凱基-鳳山,2023-06-13,9274
3231,緯創,201,117,84,凱基-鳳山,2023-06-13,9274
2888,新光金,86,19,67,凱基-鳳山,2023-06-13,9274
6148,驊宏資,149,86,63,凱基-鳳山,2023-06-13,9274
3094,聯傑,50,0,50,凱基-鳳山,2023-06-13,9274
3033,威健,43,0,43,凱基-鳳山,2023-06-13,9274
2867,三商壽,42,0,42,凱基-鳳山,2023-06-13,9274
3715,定穎投控,69,30,39,凱基-鳳山,2023-06-13,9274
2337,旺宏,45,7,38,凱基-鳳山,2023-06-13,9274
00929,復華台灣科技優息,50,19,31,凱基-鳳山,2023-06-13,9274
3591,艾笛森,28,0,28,凱基-鳳山,2023-06-13,9274
2356,英業達,86,58,28,凱基-鳳山,2023-06-13,9274
9958,世紀鋼,28,1,27,凱基-鳳山,2023-06-13,9274
2027,大成鋼,23,0,23,凱基-鳳山,2023-06-13,9274
2324,仁寶,29,7,22,凱基-鳳山,2023-06-13,9274
8046,南電,21,0,21,凱基-鳳山,2023-06-13,9274
1618,合機,20,0,20,凱基-鳳山,2023-06-13,9274
3325,旭品,20,0,20,凱基-鳳山,2023-06-13,9274
4108,懷特,18,0,18,凱基-鳳山,2023-06-13,9274
9945,潤泰新,17,0,17,凱基-鳳山,2023-06-13,9274
1612,宏泰,20,4,16,凱基-鳳山,2023-06-13,9274
00664R,國泰臺灣加權反1,15,0,15,凱基-鳳山,2023-06-13,9274
6274,台燿,16,1,15,凱基-鳳山,2023-06-13,9274
3481,群創,14,0,14,凱基-鳳山,2023-06-13,9274
6177,達麗,13,0,13,凱基-鳳山,2023-06-13,9274
3025,星通,33,21,12,凱基-鳳山,2023-06-13,9274
8038,長園科,13,1,12,凱基-鳳山,2023-06-13,9274
6218,豪勉,11,0,11,凱基-鳳山,2023-06-13,9274
6239,力成,12,1,11,凱基-鳳山,2023-06-13,9274
6550,北極星藥業-KY,31,20,11,凱基-鳳山,2023-06-13,9274
5381,合正,10,0,10,凱基-鳳山,2023-06-13,9274
00921,兆豐龍頭等權重,10,0,10,凱基-鳳山,2023-06-13,9274
1409,新纖,10,0,10,凱基-鳳山,2023-06-13,9274
1432,大魯閣,10,0,10,凱基-鳳山,2023-06-13,9274
1810,和成,10,0,10,凱基-鳳山,2023-06-13,9274
2312,金寶,10,0,10,凱基-鳳山,2023-06-13,9274
4138,曜亞,10,0,10,凱基-鳳山,2023-06-13,9274
4533,協易機,11,1,10,凱基-鳳山,2023-06-13,9274
4702,中美實,10,0,10,凱基-鳳山,2023-06-13,9274
4714,永捷,10,0,10,凱基-鳳山,2023-06-13,9274
4739,康普,10,0,10,凱基-鳳山,2023-06-13,9274
5347,世界,12,2,10,凱基-鳳山,2023-06-13,9274
6016,康和證,10,0,10,凱基-鳳山,2023-06-13,9274
6573,虹揚-KY,10,0,10,凱基-鳳山,2023-06-13,9274
00642U,期元大S＆P石油,200,3,197,凱基-鳳山,2023-06-14,9274
00919,群益台灣精選高息,154,0,154,凱基-鳳山,2023-06-14,9274
8928,鉅明,97,0,97,凱基-鳳山,2023-06-14,9274
9958,世紀鋼,87,18,69,凱基-鳳山,2023-06-14,9274
4960,誠美材,69,0,69,凱基-鳳山,2023-06-14,9274
00712,復華富時不動產,61,2,59,凱基-鳳山,2023-06-14,9274
1314,中石化,51,5,46,凱基-鳳山,2023-06-14,9274
3011,今皓,42,1,41,凱基-鳳山,2023-06-14,9274
6122,擎邦,46,13,33,凱基-鳳山,2023-06-14,9274
2460,建通,83,51,32,凱基-鳳山,2023-06-14,9274
4533,協易機,105,75,30,凱基-鳳山,2023-06-14,9274
1522,堤維西,68,38,30,凱基-鳳山,2023-06-14,9274
2409,友達,30,2,28,凱基-鳳山,2023-06-14,9274
2405,輔信,33,6,27,凱基-鳳山,2023-06-14,9274
2408,南亞科,36,10,26,凱基-鳳山,2023-06-14,9274
2436,偉詮電,26,0,26,凱基-鳳山,2023-06-14,9274
6163,華電網,24,1,23,凱基-鳳山,2023-06-14,9274
4510,高鋒,27,5,22,凱基-鳳山,2023-06-14,9274
6138,茂達,21,0,21,凱基-鳳山,2023-06-14,9274
1218,泰山,20,0,20,凱基-鳳山,2023-06-14,9274
1584,精剛,21,1,20,凱基-鳳山,2023-06-14,9274
3522,御嵿,20,0,20,凱基-鳳山,2023-06-14,9274
2888,新光金,25,6,19,凱基-鳳山,2023-06-14,9274
5608,四維航,20,1,19,凱基-鳳山,2023-06-14,9274
00632R,元大台灣50反1,18,0,18,凱基-鳳山,2023-06-14,9274
6288,聯嘉,24,6,18,凱基-鳳山,2023-06-14,9274
6239,力成,18,1,17,凱基-鳳山,2023-06-14,9274
2427,三商電,21,5,16,凱基-鳳山,2023-06-14,9274
2913,農林,16,0,16,凱基-鳳山,2023-06-14,9274
2337,旺宏,21,6,15,凱基-鳳山,2023-06-14,9274
1907,永豐餘,15,1,14,凱基-鳳山,2023-06-14,9274
2634,漢翔,16,2,14,凱基-鳳山,2023-06-14,9274
2882,國泰金,16,2,14,凱基-鳳山,2023-06-14,9274
3363,上詮,53,39,14,凱基-鳳山,2023-06-14,9274
3673,TPK-KY,15,1,14,凱基-鳳山,2023-06-14,9274
6219,富旺,14,0,14,凱基-鳳山,2023-06-14,9274
8050,廣積,23,9,14,凱基-鳳山,2023-06-14,9274
1504,東元,35,23,12,凱基-鳳山,2023-06-14,9274
1519,華城,14,2,12,凱基-鳳山,2023-06-14,9274
6577,勁豐,26,14,12,凱基-鳳山,2023-06-14,9274
00692,富邦公司治理,11,0,11,凱基-鳳山,2023-06-14,9274
1611,中電,14,3,11,凱基-鳳山,2023-06-14,9274
3308,聯德,11,0,11,凱基-鳳山,2023-06-14,9274
3630,新鉅科,15,4,11,凱基-鳳山,2023-06-14,9274
5236,凌陽創新,12,1,11,凱基-鳳山,2023-06-14,9274
3701,大眾控,11,0,11,凱基-鳳山,2023-06-14,9274
3481,群創,16,5,11,凱基-鳳山,2023-06-14,9274
1718,中纖,10,0,10,凱基-鳳山,2023-06-14,9274
2706,第一店,10,0,10,凱基-鳳山,2023-06-14,9274
3047,訊舟,10,0,10,凱基-鳳山,2023-06-14,9274
00712,復華富時不動產,133,4,129,凱基-鳳山,2023-06-15,9274
2705,六福,175,62,113,凱基-鳳山,2023-06-15,9274
2399,映泰,120,11,109,凱基-鳳山,2023-06-15,9274
1806,冠軍,116,9,107,凱基-鳳山,2023-06-15,9274
2460,建通,153,83,70,凱基-鳳山,2023-06-15,9274
00715L,期街口布蘭特正2,60,0,60,凱基-鳳山,2023-06-15,9274
2332,友訊,64,7,57,凱基-鳳山,2023-06-15,9274
1101,台泥,50,0,50,凱基-鳳山,2023-06-15,9274
1609,大亞,58,23,35,凱基-鳳山,2023-06-15,9274
1442,名軒,34,0,34,凱基-鳳山,2023-06-15,9274
2347,聯強,28,0,28,凱基-鳳山,2023-06-15,9274
3055,蔚華科,35,10,25,凱基-鳳山,2023-06-15,9274
6770,力積電,26,3,23,凱基-鳳山,2023-06-15,9274
6218,豪勉,22,0,22,凱基-鳳山,2023-06-15,9274
2356,英業達,95,73,22,凱基-鳳山,2023-06-15,9274
2706,第一店,21,0,21,凱基-鳳山,2023-06-15,9274
6166,凌華,22,2,20,凱基-鳳山,2023-06-15,9274
1316,上曜,20,0,20,凱基-鳳山,2023-06-15,9274
4977,眾達-KY,21,2,19,凱基-鳳山,2023-06-15,9274
9946,三發地產,18,0,18,凱基-鳳山,2023-06-15,9274
1608,華榮,30,14,16,凱基-鳳山,2023-06-15,9274
6219,富旺,16,0,16,凱基-鳳山,2023-06-15,9274
2618,長榮航,396,382,14,凱基-鳳山,2023-06-15,9274
3481,群創,22,9,13,凱基-鳳山,2023-06-15,9274
2401,凌陽,35,22,13,凱基-鳳山,2023-06-15,9274
3623,富晶通,12,0,12,凱基-鳳山,2023-06-15,9274
2442,新美齊,15,3,12,凱基-鳳山,2023-06-15,9274
3029,零壹,13,1,12,凱基-鳳山,2023-06-15,9274
6274,台燿,19,7,12,凱基-鳳山,2023-06-15,9274
1611,中電,16,4,12,凱基-鳳山,2023-06-15,9274
6577,勁豐,45,34,11,凱基-鳳山,2023-06-15,9274
2885,元大金,12,1,11,凱基-鳳山,2023-06-15,9274
2886,兆豐金,11,0,11,凱基-鳳山,2023-06-15,9274
6161,捷波,11,0,11,凱基-鳳山,2023-06-15,9274
6271,同欣電,12,1,11,凱基-鳳山,2023-06-15,9274
2352,佳世達,23,13,10,凱基-鳳山,2023-06-15,9274
00857B,永豐20年美公債,10,0,10,凱基-鳳山,2023-06-15,9274
1444,力麗,10,0,10,凱基-鳳山,2023-06-15,9274
1810,和成,10,0,10,凱基-鳳山,2023-06-15,9274
2204,中華,10,0,10,凱基-鳳山,2023-06-15,9274
2443,昶虹,10,0,10,凱基-鳳山,2023-06-15,9274
2457,飛宏,12,2,10,凱基-鳳山,2023-06-15,9274
3062,建漢,10,0,10,凱基-鳳山,2023-06-15,9274
3673,TPK-KY,10,0,10,凱基-鳳山,2023-06-15,9274
4739,康普,10,0,10,凱基-鳳山,2023-06-15,9274
4979,華星光,14,4,10,凱基-鳳山,2023-06-15,9274
5880,合庫金,11,1,10,凱基-鳳山,2023-06-15,9274
6163,華電網,10,0,10,凱基-鳳山,2023-06-15,9274
8201,無敵,10,0,10,凱基-鳳山,2023-06-15,9274
9904,寶成,10,0,10,凱基-鳳山,2023-06-15,9274
2359,所羅門,248,87,161,凱基-鳳山,2023-06-16,9274
2705,六福,108,1,107,凱基-鳳山,2023-06-16,9274
2618,長榮航,478,378,100,凱基-鳳山,2023-06-16,9274
2406,國碩,100,0,100,凱基-鳳山,2023-06-16,9274
2883,凱基金,142,53,89,凱基-鳳山,2023-06-16,9274
6282,康舒,115,30,85,凱基-鳳山,2023-06-16,9274
3701,大眾控,76,2,74,凱基-鳳山,2023-06-16,9274
2601,益航,73,0,73,凱基-鳳山,2023-06-16,9274
6438,迅得,67,2,65,凱基-鳳山,2023-06-16,9274
1605,華新,76,17,59,凱基-鳳山,2023-06-16,9274
2399,映泰,56,0,56,凱基-鳳山,2023-06-16,9274
2371,大同,118,63,55,凱基-鳳山,2023-06-16,9274
2460,建通,103,49,54,凱基-鳳山,2023-06-16,9274
00712,復華富時不動產,58,7,51,凱基-鳳山,2023-06-16,9274
8028,昇陽半導體,50,0,50,凱基-鳳山,2023-06-16,9274
4934,太極,52,3,49,凱基-鳳山,2023-06-16,9274
1722,台肥,46,1,45,凱基-鳳山,2023-06-16,9274
5236,凌陽創新,42,0,42,凱基-鳳山,2023-06-16,9274
00919,群益台灣精選高息,41,0,41,凱基-鳳山,2023-06-16,9274
3706,神達,60,23,37,凱基-鳳山,2023-06-16,9274
1609,大亞,166,129,37,凱基-鳳山,2023-06-16,9274
6244,茂迪,34,0,34,凱基-鳳山,2023-06-16,9274
2303,聯電,45,12,33,凱基-鳳山,2023-06-16,9274
2353,宏��,124,94,30,凱基-鳳山,2023-06-16,9274
6546,正基,29,0,29,凱基-鳳山,2023-06-16,9274
2014,中鴻,51,23,28,凱基-鳳山,2023-06-16,9274
2492,華新科,28,0,28,凱基-鳳山,2023-06-16,9274
3652,精聯,43,17,26,凱基-鳳山,2023-06-16,9274
3024,憶聲,25,0,25,凱基-鳳山,2023-06-16,9274
8932,智通*,30,5,25,凱基-鳳山,2023-06-16,9274
1442,名軒,24,0,24,凱基-鳳山,2023-06-16,9274
3591,艾笛森,25,1,24,凱基-鳳山,2023-06-16,9274
2344,華邦電,27,5,22,凱基-鳳山,2023-06-16,9274
2388,威盛,23,2,21,凱基-鳳山,2023-06-16,9274
3013,晟銘電,23,2,21,凱基-鳳山,2023-06-16,9274
00642U,期元大S＆P石油,20,0,20,凱基-鳳山,2023-06-16,9274
00680L,元大美債20正2,20,0,20,凱基-鳳山,2023-06-16,9274
2897,王道銀行,20,0,20,凱基-鳳山,2023-06-16,9274
6223,旺矽,22,2,20,凱基-鳳山,2023-06-16,9274
2495,普安,31,12,19,凱基-鳳山,2023-06-16,9274
1504,東元,59,41,18,凱基-鳳山,2023-06-16,9274
1519,華城,69,51,18,凱基-鳳山,2023-06-16,9274
1319,東陽,21,4,17,凱基-鳳山,2023-06-16,9274
2301,光寶科,20,3,17,凱基-鳳山,2023-06-16,9274
2801,彰銀,17,0,17,凱基-鳳山,2023-06-16,9274
00885,富邦越南,16,0,16,凱基-鳳山,2023-06-16,9274
2481,強茂,16,0,16,凱基-鳳山,2023-06-16,9274
2201,裕隆,16,1,15,凱基-鳳山,2023-06-16,9274
2882,國泰金,15,0,15,凱基-鳳山,2023-06-16,9274
9904,寶成,16,1,15,凱基-鳳山,2023-06-16,9274
00720B,元大投資級公司債,163,0,163,凱基-鳳山,2023-06-19,9274
1815,富喬,115,0,115,凱基-鳳山,2023-06-19,9274
2460,建通,158,83,75,凱基-鳳山,2023-06-19,9274
2468,華經,105,35,70,凱基-鳳山,2023-06-19,9274
8210,勤誠,61,3,58,凱基-鳳山,2023-06-19,9274
4960,誠美材,91,34,57,凱基-鳳山,2023-06-19,9274
2353,宏��,61,7,54,凱基-鳳山,2023-06-19,9274
3591,艾笛森,50,0,50,凱基-鳳山,2023-06-19,9274
2332,友訊,50,4,46,凱基-鳳山,2023-06-19,9274
6274,台燿,38,1,37,凱基-鳳山,2023-06-19,9274
6438,迅得,36,0,36,凱基-鳳山,2023-06-19,9274
6148,驊宏資,59,24,35,凱基-鳳山,2023-06-19,9274
00679B,元大美債20年,41,8,33,凱基-鳳山,2023-06-19,9274
5236,凌陽創新,34,1,33,凱基-鳳山,2023-06-19,9274
6770,力積電,50,18,32,凱基-鳳山,2023-06-19,9274
2312,金寶,38,8,30,凱基-鳳山,2023-06-19,9274
5469,瀚宇博,35,6,29,凱基-鳳山,2023-06-19,9274
1519,華城,50,23,27,凱基-鳳山,2023-06-19,9274
4157,太景*-KY,25,0,25,凱基-鳳山,2023-06-19,9274
2481,強茂,25,1,24,凱基-鳳山,2023-06-19,9274
2401,凌陽,28,4,24,凱基-鳳山,2023-06-19,9274
3231,緯創,43,19,24,凱基-鳳山,2023-06-19,9274
1504,東元,49,28,21,凱基-鳳山,2023-06-19,9274
6016,康和證,21,0,21,凱基-鳳山,2023-06-19,9274
00680L,元大美債20正2,20,0,20,凱基-鳳山,2023-06-19,9274
2324,仁寶,26,6,20,凱基-鳳山,2023-06-19,9274
3217,優群,20,1,19,凱基-鳳山,2023-06-19,9274
1612,宏泰,18,1,17,凱基-鳳山,2023-06-19,9274
3014,聯陽,17,0,17,凱基-鳳山,2023-06-19,9274
1301,台塑,16,0,16,凱基-鳳山,2023-06-19,9274
0056,元大高股息,18,2,16,凱基-鳳山,2023-06-19,9274
6128,上福,15,0,15,凱基-鳳山,2023-06-19,9274
9904,寶成,15,0,15,凱基-鳳山,2023-06-19,9274
1528,恩德,129,115,14,凱基-鳳山,2023-06-19,9274
1513,中興電,38,25,13,凱基-鳳山,2023-06-19,9274
00929,復華台灣科技優息,13,0,13,凱基-鳳山,2023-06-19,9274
2498,宏達電,13,0,13,凱基-鳳山,2023-06-19,9274
9958,世紀鋼,14,1,13,凱基-鳳山,2023-06-19,9274
1503,士電,23,11,12,凱基-鳳山,2023-06-19,9274
1471,首利,12,0,12,凱基-鳳山,2023-06-19,9274
1722,台肥,12,0,12,凱基-鳳山,2023-06-19,9274
6191,精成科,15,3,12,凱基-鳳山,2023-06-19,9274
00712,復華富時不動產,12,0,12,凱基-鳳山,2023-06-19,9274
2419,仲琦,11,0,11,凱基-鳳山,2023-06-19,9274
3062,建漢,12,1,11,凱基-鳳山,2023-06-19,9274
6577,勁豐,36,25,11,凱基-鳳山,2023-06-19,9274
3372,典範,10,0,10,凱基-鳳山,2023-06-19,9274
00637L,元大滬深300正2,20,10,10,凱基-鳳山,2023-06-19,9274
00706L,期元大S＆P日圓正2,10,0,10,凱基-鳳山,2023-06-19,9274
00795B,中信美國公債20年,11,1,10,凱基-鳳山,2023-06-19,9274
1528,恩德,1026,598,428,凱基-鳳山,2023-06-20,9274
00673R,期元大S＆P原油反1,304,0,304,凱基-鳳山,2023-06-20,9274
2888,新光金,256,25,231,凱基-鳳山,2023-06-20,9274
6116,彩晶,177,2,175,凱基-鳳山,2023-06-20,9274
2618,長榮航,269,109,160,凱基-鳳山,2023-06-20,9274
2460,建通,158,46,112,凱基-鳳山,2023-06-20,9274
3481,群創,173,78,95,凱基-鳳山,2023-06-20,9274
2634,漢翔,167,89,78,凱基-鳳山,2023-06-20,9274
2409,友達,78,17,61,凱基-鳳山,2023-06-20,9274
00712,復華富時不動產,68,8,60,凱基-鳳山,2023-06-20,9274
2368,金像電,60,3,57,凱基-鳳山,2023-06-20,9274
2867,三商壽,80,32,48,凱基-鳳山,2023-06-20,9274
3591,艾笛森,69,25,44,凱基-鳳山,2023-06-20,9274
1608,華榮,40,0,40,凱基-鳳山,2023-06-20,9274
1605,華新,43,6,37,凱基-鳳山,2023-06-20,9274
3701,大眾控,41,8,33,凱基-鳳山,2023-06-20,9274
1810,和成,31,0,31,凱基-鳳山,2023-06-20,9274
3014,聯陽,32,1,31,凱基-鳳山,2023-06-20,9274
5905,南仁湖,25,0,25,凱基-鳳山,2023-06-20,9274
2413,環科,21,0,21,凱基-鳳山,2023-06-20,9274
3532,台勝科,21,0,21,凱基-鳳山,2023-06-20,9274
2313,華通,20,0,20,凱基-鳳山,2023-06-20,9274
2201,裕隆,20,1,19,凱基-鳳山,2023-06-20,9274
4979,華星光,28,10,18,凱基-鳳山,2023-06-20,9274
1314,中石化,18,0,18,凱基-鳳山,2023-06-20,9274
1522,堤維西,19,2,17,凱基-鳳山,2023-06-20,9274
3252,海灣,23,6,17,凱基-鳳山,2023-06-20,9274
2454,聯發科,28,12,16,凱基-鳳山,2023-06-20,9274
2615,萬海,17,2,15,凱基-鳳山,2023-06-20,9274
2331,精英,30,15,15,凱基-鳳山,2023-06-20,9274
2468,華經,140,126,14,凱基-鳳山,2023-06-20,9274
9946,三發地產,13,0,13,凱基-鳳山,2023-06-20,9274
6214,精誠,13,0,13,凱基-鳳山,2023-06-20,9274
1319,東陽,13,1,12,凱基-鳳山,2023-06-20,9274
6244,茂迪,18,6,12,凱基-鳳山,2023-06-20,9274
1907,永豐餘,18,7,11,凱基-鳳山,2023-06-20,9274
2498,宏達電,11,0,11,凱基-鳳山,2023-06-20,9274
2382,廣達,18,7,11,凱基-鳳山,2023-06-20,9274
3231,緯創,32,22,10,凱基-鳳山,2023-06-20,9274
00713,元大台灣高息低波,10,0,10,凱基-鳳山,2023-06-20,9274
00670L,富邦NASDAQ正2,10,0,10,凱基-鳳山,2023-06-20,9274
3703,欣陸,10,0,10,凱基-鳳山,2023-06-20,9274
5009,榮剛,14,4,10,凱基-鳳山,2023-06-20,9274
6143,振曜,10,0,10,凱基-鳳山,2023-06-20,9274
6163,華電網,10,0,10,凱基-鳳山,2023-06-20,9274
6269,台郡,10,0,10,凱基-鳳山,2023-06-20,9274
3056,富華新,9,0,9,凱基-鳳山,2023-06-20,9274
2317,鴻海,13,4,9,凱基-鳳山,2023-06-20,9274
2427,三商電,10,1,9,凱基-鳳山,2023-06-20,9274
2449,京元電子,12,3,9,凱基-鳳山,2023-06-20,9274
3011,今皓,117,0,117,凱基-鳳山,2023-06-21,9274
1528,恩德,623,516,107,凱基-鳳山,2023-06-21,9274
00671R,富邦NASDAQ反1,100,0,100,凱基-鳳山,2023-06-21,9274
00929,復華台灣科技優息,95,2,93,凱基-鳳山,2023-06-21,9274
6120,達運,72,5,67,凱基-鳳山,2023-06-21,9274
3701,大眾控,64,0,64,凱基-鳳山,2023-06-21,9274
1718,中纖,61,0,61,凱基-鳳山,2023-06-21,9274
00878,國泰永續高股息,92,38,54,凱基-鳳山,2023-06-21,9274
8085,福華,52,2,50,凱基-鳳山,2023-06-21,9274
2014,中鴻,51,3,48,凱基-鳳山,2023-06-21,9274
1314,中石化,50,3,47,凱基-鳳山,2023-06-21,9274
2303,聯電,46,7,39,凱基-鳳山,2023-06-21,9274
2352,佳世達,40,1,39,凱基-鳳山,2023-06-21,9274
2634,漢翔,110,75,35,凱基-鳳山,2023-06-21,9274
2409,友達,43,11,32,凱基-鳳山,2023-06-21,9274
3707,漢磊,31,0,31,凱基-鳳山,2023-06-21,9274
3363,上詮,31,2,29,凱基-鳳山,2023-06-21,9274
2460,建通,89,68,21,凱基-鳳山,2023-06-21,9274
1316,上曜,20,0,20,凱基-鳳山,2023-06-21,9274
3564,其陽,20,0,20,凱基-鳳山,2023-06-21,9274
4916,事欣科,27,7,20,凱基-鳳山,2023-06-21,9274
9958,世紀鋼,19,0,19,凱基-鳳山,2023-06-21,9274
00885,富邦越南,20,2,18,凱基-鳳山,2023-06-21,9274
4543,萬在,22,5,17,凱基-鳳山,2023-06-21,9274
2615,萬海,15,0,15,凱基-鳳山,2023-06-21,9274
4952,凌通,15,0,15,凱基-鳳山,2023-06-21,9274
1907,永豐餘,27,13,14,凱基-鳳山,2023-06-21,9274
2609,陽明,25,12,13,凱基-鳳山,2023-06-21,9274
2449,京元電子,15,2,13,凱基-鳳山,2023-06-21,9274
00706L,期元大S＆P日圓正2,12,0,12,凱基-鳳山,2023-06-21,9274
2436,偉詮電,11,0,11,凱基-鳳山,2023-06-21,9274
2801,彰銀,12,1,11,凱基-鳳山,2023-06-21,9274
5905,南仁湖,11,0,11,凱基-鳳山,2023-06-21,9274
1514,亞力,14,3,11,凱基-鳳山,2023-06-21,9274
1444,力麗,10,0,10,凱基-鳳山,2023-06-21,9274
2495,普安,11,1,10,凱基-鳳山,2023-06-21,9274
3055,蔚華科,10,0,10,凱基-鳳山,2023-06-21,9274
3652,精聯,10,0,10,凱基-鳳山,2023-06-21,9274
4739,康普,10,0,10,凱基-鳳山,2023-06-21,9274
8112,至上,10,0,10,凱基-鳳山,2023-06-21,9274
2603,長榮,13,3,10,凱基-鳳山,2023-06-21,9274
00919,群益台灣精選高息,9,0,9,凱基-鳳山,2023-06-21,9274
00631L,元大台灣50正2,9,0,9,凱基-鳳山,2023-06-21,9274
2889,國票金,17,8,9,凱基-鳳山,2023-06-21,9274
1609,大亞,13,4,9,凱基-鳳山,2023-06-21,9274
2102,泰豐,9,0,9,凱基-鳳山,2023-06-21,9274
1436,華友聯,8,0,8,凱基-鳳山,2023-06-21,9274
3380,明泰,14,6,8,凱基-鳳山,2023-06-21,9274
5009,榮剛,8,0,8,凱基-鳳山,2023-06-21,9274
8932,智通*,8,0,8,凱基-鳳山,2023-06-21,9274
3481,群創,401,9,392,凱基-鳳山,2023-06-26,9274
1528,恩德,595,368,227,凱基-鳳山,2023-06-26,9274
6116,彩晶,173,2,171,凱基-鳳山,2023-06-26,9274
2881,富邦金,120,0,120,凱基-鳳山,2023-06-26,9274
00715L,期街口布蘭特正2,114,1,113,凱基-鳳山,2023-06-26,9274
2409,友達,115,2,113,凱基-鳳山,2023-06-26,9274
3014,聯陽,71,4,67,凱基-鳳山,2023-06-26,9274
6148,驊宏資,91,26,65,凱基-鳳山,2023-06-26,9274
2460,建通,173,110,63,凱基-鳳山,2023-06-26,9274
1605,華新,68,10,58,凱基-鳳山,2023-06-26,9274
9105,泰金寶-DR,62,6,56,凱基-鳳山,2023-06-26,9274
6120,達運,56,1,55,凱基-鳳山,2023-06-26,9274
2634,漢翔,52,5,47,凱基-鳳山,2023-06-26,9274
00653L,富邦印度正2,47,0,47,凱基-鳳山,2023-06-26,9274
1718,中纖,40,0,40,凱基-鳳山,2023-06-26,9274
6282,康舒,62,26,36,凱基-鳳山,2023-06-26,9274
6219,富旺,36,0,36,凱基-鳳山,2023-06-26,9274
00928,中信上櫃ESG30,35,0,35,凱基-鳳山,2023-06-26,9274
3380,明泰,36,1,35,凱基-鳳山,2023-06-26,9274
5236,凌陽創新,34,0,34,凱基-鳳山,2023-06-26,9274
00642U,期元大S＆P石油,33,0,33,凱基-鳳山,2023-06-26,9274
6125,廣運,54,21,33,凱基-鳳山,2023-06-26,9274
2745,五福,33,4,29,凱基-鳳山,2023-06-26,9274
1907,永豐餘,119,91,28,凱基-鳳山,2023-06-26,9274
1609,大亞,29,3,26,凱基-鳳山,2023-06-26,9274
3591,艾笛森,25,0,25,凱基-鳳山,2023-06-26,9274
1905,華紙,63,39,24,凱基-鳳山,2023-06-26,9274
2468,華經,23,0,23,凱基-鳳山,2023-06-26,9274
3665,貿聯-KY,25,4,21,凱基-鳳山,2023-06-26,9274
1402,遠東新,21,0,21,凱基-鳳山,2023-06-26,9274
2883,凱基金,21,0,21,凱基-鳳山,2023-06-26,9274
2867,三商壽,20,0,20,凱基-鳳山,2023-06-26,9274
3707,漢磊,21,2,19,凱基-鳳山,2023-06-26,9274
3231,緯創,32,14,18,凱基-鳳山,2023-06-26,9274
2888,新光金,42,25,17,凱基-鳳山,2023-06-26,9274
3033,威健,16,0,16,凱基-鳳山,2023-06-26,9274
2371,大同,33,18,15,凱基-鳳山,2023-06-26,9274
2489,瑞軒,15,0,15,凱基-鳳山,2023-06-26,9274
2743,山富,16,1,15,凱基-鳳山,2023-06-26,9274
3032,偉訓,19,4,15,凱基-鳳山,2023-06-26,9274
9946,三發地產,15,0,15,凱基-鳳山,2023-06-26,9274
6274,台燿,14,0,14,凱基-鳳山,2023-06-26,9274
1904,正隆,20,6,14,凱基-鳳山,2023-06-26,9274
2610,華航,40,26,14,凱基-鳳山,2023-06-26,9274
1513,中興電,18,5,13,凱基-鳳山,2023-06-26,9274
1504,東元,28,15,13,凱基-鳳山,2023-06-26,9274
2882,國泰金,13,0,13,凱基-鳳山,2023-06-26,9274
2002,中鋼,13,0,13,凱基-鳳山,2023-06-26,9274
5425,台半,13,0,13,凱基-鳳山,2023-06-26,9274
1785,光洋科,14,2,12,凱基-鳳山,2023-06-26,9274
6116,彩晶,291,2,289,凱基-鳳山,2023-06-27,9274
2610,華航,265,81,184,凱基-鳳山,2023-06-27,9274
1528,恩德,244,103,141,凱基-鳳山,2023-06-27,9274
2618,長榮航,238,118,120,凱基-鳳山,2023-06-27,9274
2881,富邦金,120,0,120,凱基-鳳山,2023-06-27,9274
6770,力積電,78,0,78,凱基-鳳山,2023-06-27,9274
6243,迅杰,57,0,57,凱基-鳳山,2023-06-27,9274
2460,建通,151,96,55,凱基-鳳山,2023-06-27,9274
00632R,元大台灣50反1,100,49,51,凱基-鳳山,2023-06-27,9274
6219,富旺,45,0,45,凱基-鳳山,2023-06-27,9274
2427,三商電,100,57,43,凱基-鳳山,2023-06-27,9274
2736,富野,42,0,42,凱基-鳳山,2023-06-27,9274
6120,達運,105,64,41,凱基-鳳山,2023-06-27,9274
1313,聯成,38,0,38,凱基-鳳山,2023-06-27,9274
3707,漢磊,35,0,35,凱基-鳳山,2023-06-27,9274
2436,偉詮電,30,0,30,凱基-鳳山,2023-06-27,9274
3701,大眾控,28,0,28,凱基-鳳山,2023-06-27,9274
2344,華邦電,34,8,26,凱基-鳳山,2023-06-27,9274
2356,英業達,31,7,24,凱基-鳳山,2023-06-27,9274
4157,太景*-KY,24,1,23,凱基-鳳山,2023-06-27,9274
6274,台燿,22,1,21,凱基-鳳山,2023-06-27,9274
00642U,期元大S＆P石油,20,0,20,凱基-鳳山,2023-06-27,9274
3591,艾笛森,22,2,20,凱基-鳳山,2023-06-27,9274
9934,成霖,20,0,20,凱基-鳳山,2023-06-27,9274
3038,全台,31,12,19,凱基-鳳山,2023-06-27,9274
3380,明泰,22,3,19,凱基-鳳山,2023-06-27,9274
4129,聯合,19,0,19,凱基-鳳山,2023-06-27,9274
1504,東元,21,3,18,凱基-鳳山,2023-06-27,9274
2303,聯電,49,32,17,凱基-鳳山,2023-06-27,9274
00919,群益台灣精選高息,19,2,17,凱基-鳳山,2023-06-27,9274
2409,友達,46,30,16,凱基-鳳山,2023-06-27,9274
00712,復華富時不動產,16,1,15,凱基-鳳山,2023-06-27,9274
2102,泰豐,15,0,15,凱基-鳳山,2023-06-27,9274
3306,鼎天,15,0,15,凱基-鳳山,2023-06-27,9274
6732,昇佳電子,15,0,15,凱基-鳳山,2023-06-27,9274
8112,至上,13,0,13,凱基-鳳山,2023-06-27,9274
8069,元太,15,2,13,凱基-鳳山,2023-06-27,9274
8996,高力,21,8,13,凱基-鳳山,2023-06-27,9274
2365,昆盈,13,0,13,凱基-鳳山,2023-06-27,9274
2745,五福,13,0,13,凱基-鳳山,2023-06-27,9274
3652,精聯,13,1,12,凱基-鳳山,2023-06-27,9274
00679B,元大美債20年,21,10,11,凱基-鳳山,2023-06-27,9274
00671R,富邦NASDAQ反1,11,0,11,凱基-鳳山,2023-06-27,9274
1810,和成,11,0,11,凱基-鳳山,2023-06-27,9274
3714,富采,11,0,11,凱基-鳳山,2023-06-27,9274
4503,金雨,14,3,11,凱基-鳳山,2023-06-27,9274
6015,宏遠證,11,0,11,凱基-鳳山,2023-06-27,9274
6223,旺矽,11,0,11,凱基-鳳山,2023-06-27,9274
6288,聯嘉,11,0,11,凱基-鳳山,2023-06-27,9274
8227,巨有科技,11,0,11,凱基-鳳山,2023-06-27,9274
00715L,期街口布蘭特正2,214,0,214,凱基-鳳山,2023-06-28,9274
00642U,期元大S＆P石油,212,0,212,凱基-鳳山,2023-06-28,9274
1528,恩德,441,270,171,凱基-鳳山,2023-06-28,9274
3715,定穎投控,99,10,89,凱基-鳳山,2023-06-28,9274
2323,中環,65,18,47,凱基-鳳山,2023-06-28,9274
5009,榮剛,47,0,47,凱基-鳳山,2023-06-28,9274
1301,台塑,43,0,43,凱基-鳳山,2023-06-28,9274
6116,彩晶,54,12,42,凱基-鳳山,2023-06-28,9274
3011,今皓,38,1,37,凱基-鳳山,2023-06-28,9274
2609,陽明,56,20,36,凱基-鳳山,2023-06-28,9274
2882,國泰金,35,6,29,凱基-鳳山,2023-06-28,9274
6111,大宇資,72,45,27,凱基-鳳山,2023-06-28,9274
4121,優盛,167,144,23,凱基-鳳山,2023-06-28,9274
2371,大同,43,20,23,凱基-鳳山,2023-06-28,9274
1513,中興電,35,13,22,凱基-鳳山,2023-06-28,9274
4541,晟田,22,0,22,凱基-鳳山,2023-06-28,9274
2376,技嘉,23,3,20,凱基-鳳山,2023-06-28,9274
2401,凌陽,20,0,20,凱基-鳳山,2023-06-28,9274
2460,建通,29,9,20,凱基-鳳山,2023-06-28,9274
4173,久裕,20,0,20,凱基-鳳山,2023-06-28,9274
5465,富驊,39,22,17,凱基-鳳山,2023-06-28,9274
2885,元大金,17,0,17,凱基-鳳山,2023-06-28,9274
2481,強茂,18,1,17,凱基-鳳山,2023-06-28,9274
6188,廣明,20,4,16,凱基-鳳山,2023-06-28,9274
5347,世界,14,0,14,凱基-鳳山,2023-06-28,9274
2913,農林,14,0,14,凱基-鳳山,2023-06-28,9274
3481,群創,31,17,14,凱基-鳳山,2023-06-28,9274
6589,台康生技,16,2,14,凱基-鳳山,2023-06-28,9274
4543,萬在,53,40,13,凱基-鳳山,2023-06-28,9274
2014,中鴻,13,0,13,凱基-鳳山,2023-06-28,9274
2634,漢翔,18,5,13,凱基-鳳山,2023-06-28,9274
3701,大眾控,12,0,12,凱基-鳳山,2023-06-28,9274
5706,鳳凰,16,4,12,凱基-鳳山,2023-06-28,9274
4533,協易機,12,0,12,凱基-鳳山,2023-06-28,9274
4919,新唐,11,0,11,凱基-鳳山,2023-06-28,9274
2337,旺宏,12,1,11,凱基-鳳山,2023-06-28,9274
1471,首利,18,7,11,凱基-鳳山,2023-06-28,9274
3078,僑威,28,17,11,凱基-鳳山,2023-06-28,9274
5351,鈺創,13,3,10,凱基-鳳山,2023-06-28,9274
00706L,期元大S＆P日圓正2,10,0,10,凱基-鳳山,2023-06-28,9274
1304,台聚,10,0,10,凱基-鳳山,2023-06-28,9274
1477,聚陽,11,1,10,凱基-鳳山,2023-06-28,9274
2314,台揚,10,0,10,凱基-鳳山,2023-06-28,9274
2867,三商壽,10,0,10,凱基-鳳山,2023-06-28,9274
3029,零壹,10,0,10,凱基-鳳山,2023-06-28,9274
4510,高鋒,11,1,10,凱基-鳳山,2023-06-28,9274
9105,泰金寶-DR,10,0,10,凱基-鳳山,2023-06-28,9274
6125,廣運,16,6,10,凱基-鳳山,2023-06-28,9274
2436,偉詮電,10,1,9,凱基-鳳山,2023-06-28,9274
1444,力麗,25,17,8,凱基-鳳山,2023-06-28,9274
3188,鑫龍騰,227,0,227,凱基-鳳山,2023-06-29,9274
1101,台泥,202,1,201,凱基-鳳山,2023-06-29,9274
2634,漢翔,88,8,80,凱基-鳳山,2023-06-29,9274
1714,和桐,80,0,80,凱基-鳳山,2023-06-29,9274
2618,長榮航,258,179,79,凱基-鳳山,2023-06-29,9274
6191,精成科,73,20,53,凱基-鳳山,2023-06-29,9274
4746,台耀,55,4,51,凱基-鳳山,2023-06-29,9274
2867,三商壽,30,0,30,凱基-鳳山,2023-06-29,9274
2610,華航,41,14,27,凱基-鳳山,2023-06-29,9274
2303,聯電,26,0,26,凱基-鳳山,2023-06-29,9274
2603,長榮,65,39,26,凱基-鳳山,2023-06-29,9274
2332,友訊,26,0,26,凱基-鳳山,2023-06-29,9274
2609,陽明,46,22,24,凱基-鳳山,2023-06-29,9274
1905,華紙,30,7,23,凱基-鳳山,2023-06-29,9274
3005,神基,22,0,22,凱基-鳳山,2023-06-29,9274
2888,新光金,21,0,21,凱基-鳳山,2023-06-29,9274
2474,可成,21,0,21,凱基-鳳山,2023-06-29,9274
2399,映泰,20,0,20,凱基-鳳山,2023-06-29,9274
2903,遠百,20,1,19,凱基-鳳山,2023-06-29,9274
6153,嘉聯益,23,4,19,凱基-鳳山,2023-06-29,9274
8996,高力,20,2,18,凱基-鳳山,2023-06-29,9274
1471,首利,19,2,17,凱基-鳳山,2023-06-29,9274
8121,越峰,17,0,17,凱基-鳳山,2023-06-29,9274
2401,凌陽,15,0,15,凱基-鳳山,2023-06-29,9274
1304,台聚,14,0,14,凱基-鳳山,2023-06-29,9274
4105,東洋,14,1,13,凱基-鳳山,2023-06-29,9274
1303,南亞,12,0,12,凱基-鳳山,2023-06-29,9274
3264,欣銓,12,0,12,凱基-鳳山,2023-06-29,9274
4967,十銓,12,0,12,凱基-鳳山,2023-06-29,9274
2371,大同,21,9,12,凱基-鳳山,2023-06-29,9274
3231,緯創,77,66,11,凱基-鳳山,2023-06-29,9274
2317,鴻海,12,1,11,凱基-鳳山,2023-06-29,9274
2419,仲琦,57,46,11,凱基-鳳山,2023-06-29,9274
8033,雷虎,10,0,10,凱基-鳳山,2023-06-29,9274
3548,兆利,10,0,10,凱基-鳳山,2023-06-29,9274
5452,佶優,10,0,10,凱基-鳳山,2023-06-29,9274
5531,鄉林,10,0,10,凱基-鳳山,2023-06-29,9274
6216,居易,10,0,10,凱基-鳳山,2023-06-29,9274
3056,富華新,10,1,9,凱基-鳳山,2023-06-29,9274
00918,大華優利高填息30,8,0,8,凱基-鳳山,2023-06-29,9274
1524,耿鼎,8,0,8,凱基-鳳山,2023-06-29,9274
2208,台船,9,1,8,凱基-鳳山,2023-06-29,9274
2460,建通,14,6,8,凱基-鳳山,2023-06-29,9274
3013,晟銘電,14,6,8,凱基-鳳山,2023-06-29,9274
6276,安鈦克,8,0,8,凱基-鳳山,2023-06-29,9274
1712,興農,7,0,7,凱基-鳳山,2023-06-29,9274
6244,茂迪,10,3,7,凱基-鳳山,2023-06-29,9274
6282,康舒,8,2,6,凱基-鳳山,2023-06-29,9274
00713,元大台灣高息低波,6,0,6,凱基-鳳山,2023-06-29,9274
2328,廣宇,11,5,6,凱基-鳳山,2023-06-29,9274
00680L,元大美債20正2,269,10,259,凱基-鳳山,2023-06-30,9274
6282,康舒,150,30,120,凱基-鳳山,2023-06-30,9274
00753L,中信中國50正2,100,0,100,凱基-鳳山,2023-06-30,9274
2323,中環,90,6,84,凱基-鳳山,2023-06-30,9274
2618,長榮航,127,45,82,凱基-鳳山,2023-06-30,9274
4979,華星光,150,68,82,凱基-鳳山,2023-06-30,9274
4113,聯上,81,0,81,凱基-鳳山,2023-06-30,9274
4157,太景*-KY,80,3,77,凱基-鳳山,2023-06-30,9274
2610,華航,88,14,74,凱基-鳳山,2023-06-30,9274
2344,華邦電,82,11,71,凱基-鳳山,2023-06-30,9274
2371,大同,64,10,54,凱基-鳳山,2023-06-30,9274
1714,和桐,50,0,50,凱基-鳳山,2023-06-30,9274
2356,英業達,39,3,36,凱基-鳳山,2023-06-30,9274
2460,建通,106,70,36,凱基-鳳山,2023-06-30,9274
4960,誠美材,30,0,30,凱基-鳳山,2023-06-30,9274
6116,彩晶,30,0,30,凱基-鳳山,2023-06-30,9274
2886,兆豐金,26,0,26,凱基-鳳山,2023-06-30,9274
1504,東元,27,2,25,凱基-鳳山,2023-06-30,9274
6219,富旺,28,3,25,凱基-鳳山,2023-06-30,9274
1605,華新,35,12,23,凱基-鳳山,2023-06-30,9274
2324,仁寶,22,0,22,凱基-鳳山,2023-06-30,9274
00637L,元大滬深300正2,1219,1199,20,凱基-鳳山,2023-06-30,9274
2834,臺企銀,20,0,20,凱基-鳳山,2023-06-30,9274
3715,定穎投控,20,0,20,凱基-鳳山,2023-06-30,9274
00679B,元大美債20年,18,0,18,凱基-鳳山,2023-06-30,9274
6111,大宇資,18,2,16,凱基-鳳山,2023-06-30,9274
2353,宏��,16,0,16,凱基-鳳山,2023-06-30,9274
2442,新美齊,26,10,16,凱基-鳳山,2023-06-30,9274
5452,佶優,21,5,16,凱基-鳳山,2023-06-30,9274
2534,宏盛,15,0,15,凱基-鳳山,2023-06-30,9274
3090,日電貿,15,0,15,凱基-鳳山,2023-06-30,9274
2303,聯電,17,4,13,凱基-鳳山,2023-06-30,9274
3045,台灣大,13,0,13,凱基-鳳山,2023-06-30,9274
00885,富邦越南,17,4,13,凱基-鳳山,2023-06-30,9274
2850,新產,13,0,13,凱基-鳳山,2023-06-30,9274
4121,優盛,14,1,13,凱基-鳳山,2023-06-30,9274
4532,瑞智,15,2,13,凱基-鳳山,2023-06-30,9274
3711,日月光投控,15,4,11,凱基-鳳山,2023-06-30,9274
4538,大詠城,12,1,11,凱基-鳳山,2023-06-30,9274
1815,富喬,10,0,10,凱基-鳳山,2023-06-30,9274
2474,可成,12,2,10,凱基-鳳山,2023-06-30,9274
2743,山富,10,0,10,凱基-鳳山,2023-06-30,9274
4934,太極,10,0,10,凱基-鳳山,2023-06-30,9274
4958,臻鼎-KY,10,0,10,凱基-鳳山,2023-06-30,9274
6285,啟��,12,2,10,凱基-鳳山,2023-06-30,9274
8034,榮群,12,2,10,凱基-鳳山,2023-06-30,9274
9907,統一實,10,0,10,凱基-鳳山,2023-06-30,9274
9934,成霖,10,0,10,凱基-鳳山,2023-06-30,9274
2615,萬海,15,5,10,凱基-鳳山,2023-06-30,9274
6125,廣運,12,3,9,凱基-鳳山,2023-06-30,9274
0056,元大高股息,146,6,140,凱基-鳳山,2023-07-03,9274
2892,第一金,107,0,107,凱基-鳳山,2023-07-03,9274
1905,華紙,114,10,104,凱基-鳳山,2023-07-03,9274
1528,恩德,148,46,102,凱基-鳳山,2023-07-03,9274
3014,聯陽,60,2,58,凱基-鳳山,2023-07-03,9274
8085,福華,59,1,58,凱基-鳳山,2023-07-03,9274
4907,富宇,53,0,53,凱基-鳳山,2023-07-03,9274
6122,擎邦,56,3,53,凱基-鳳山,2023-07-03,9274
3481,群創,55,4,51,凱基-鳳山,2023-07-03,9274
2303,聯電,58,12,46,凱基-鳳山,2023-07-03,9274
1712,興農,46,0,46,凱基-鳳山,2023-07-03,9274
4113,聯上,46,0,46,凱基-鳳山,2023-07-03,9274
5443,均豪,30,0,30,凱基-鳳山,2023-07-03,9274
2481,強茂,30,1,29,凱基-鳳山,2023-07-03,9274
2206,三陽工業,35,6,29,凱基-鳳山,2023-07-03,9274
4157,太景*-KY,29,3,26,凱基-鳳山,2023-07-03,9274
00885,富邦越南,25,0,25,凱基-鳳山,2023-07-03,9274
9958,世紀鋼,24,0,24,凱基-鳳山,2023-07-03,9274
2376,技嘉,29,6,23,凱基-鳳山,2023-07-03,9274
2515,中工,25,4,21,凱基-鳳山,2023-07-03,9274
00632R,元大台灣50反1,20,0,20,凱基-鳳山,2023-07-03,9274
1727,中華化,21,1,20,凱基-鳳山,2023-07-03,9274
2460,建通,106,86,20,凱基-鳳山,2023-07-03,9274
4510,高鋒,20,0,20,凱基-鳳山,2023-07-03,9274
8150,南茂,20,0,20,凱基-鳳山,2023-07-03,9274
1810,和成,20,1,19,凱基-鳳山,2023-07-03,9274
6190,萬泰科,20,1,19,凱基-鳳山,2023-07-03,9274
3483,力致,21,3,18,凱基-鳳山,2023-07-03,9274
2888,新光金,17,0,17,凱基-鳳山,2023-07-03,9274
3092,鴻碩,17,0,17,凱基-鳳山,2023-07-03,9274
6120,達運,67,51,16,凱基-鳳山,2023-07-03,9274
2734,易飛網,20,5,15,凱基-鳳山,2023-07-03,9274
3231,緯創,48,35,13,凱基-鳳山,2023-07-03,9274
6443,元晶,15,2,13,凱基-鳳山,2023-07-03,9274
2409,友達,16,4,12,凱基-鳳山,2023-07-03,9274
2745,五福,13,1,12,凱基-鳳山,2023-07-03,9274
9929,秋雨,12,0,12,凱基-鳳山,2023-07-03,9274
4977,眾達-KY,11,0,11,凱基-鳳山,2023-07-03,9274
6148,驊宏資,20,9,11,凱基-鳳山,2023-07-03,9274
6276,安鈦克,16,5,11,凱基-鳳山,2023-07-03,9274
6279,胡連,11,0,11,凱基-鳳山,2023-07-03,9274
8086,宏捷科,11,0,11,凱基-鳳山,2023-07-03,9274
8176,智捷,11,0,11,凱基-鳳山,2023-07-03,9274
2201,裕隆,11,1,10,凱基-鳳山,2023-07-03,9274
2428,興勤,10,0,10,凱基-鳳山,2023-07-03,9274
4934,太極,10,0,10,凱基-鳳山,2023-07-03,9274
6167,久正,10,0,10,凱基-鳳山,2023-07-03,9274
8034,榮群,10,0,10,凱基-鳳山,2023-07-03,9274
3045,台灣大,9,0,9,凱基-鳳山,2023-07-03,9274
1603,華電,10,1,9,凱基-鳳山,2023-07-03,9274
00929,復華台灣科技優息,156,0,156,凱基-鳳山,2023-07-04,9274
2603,長榮,373,250,123,凱基-鳳山,2023-07-04,9274
2892,第一金,108,0,108,凱基-鳳山,2023-07-04,9274
2609,陽明,213,115,98,凱基-鳳山,2023-07-04,9274
2401,凌陽,119,27,92,凱基-鳳山,2023-07-04,9274
3014,聯陽,114,22,92,凱基-鳳山,2023-07-04,9274
2399,映泰,206,135,71,凱基-鳳山,2023-07-04,9274
4113,聯上,71,0,71,凱基-鳳山,2023-07-04,9274
2206,三陽工業,90,25,65,凱基-鳳山,2023-07-04,9274
4157,太景*-KY,63,1,62,凱基-鳳山,2023-07-04,9274
1722,台肥,53,0,53,凱基-鳳山,2023-07-04,9274
2332,友訊,52,0,52,凱基-鳳山,2023-07-04,9274
1434,福懋,51,0,51,凱基-鳳山,2023-07-04,9274
2812,台中銀,50,0,50,凱基-鳳山,2023-07-04,9274
2867,三商壽,50,0,50,凱基-鳳山,2023-07-04,9274
1528,恩德,53,6,47,凱基-鳳山,2023-07-04,9274
2834,臺企銀,50,3,47,凱基-鳳山,2023-07-04,9274
3092,鴻碩,42,0,42,凱基-鳳山,2023-07-04,9274
2317,鴻海,55,14,41,凱基-鳳山,2023-07-04,9274
2888,新光金,42,3,39,凱基-鳳山,2023-07-04,9274
1712,興農,37,0,37,凱基-鳳山,2023-07-04,9274
1524,耿鼎,40,6,34,凱基-鳳山,2023-07-04,9274
2883,凱基金,39,6,33,凱基-鳳山,2023-07-04,9274
00687B,國泰20年美債,32,2,30,凱基-鳳山,2023-07-04,9274
9958,世紀鋼,44,15,29,凱基-鳳山,2023-07-04,9274
3025,星通,85,59,26,凱基-鳳山,2023-07-04,9274
4909,新復興,25,0,25,凱基-鳳山,2023-07-04,9274
2331,精英,40,16,24,凱基-鳳山,2023-07-04,9274
2801,彰銀,29,5,24,凱基-鳳山,2023-07-04,9274
3017,奇鋐,31,9,22,凱基-鳳山,2023-07-04,9274
2357,華碩,21,0,21,凱基-鳳山,2023-07-04,9274
6770,力積電,21,0,21,凱基-鳳山,2023-07-04,9274
3490,單井,20,0,20,凱基-鳳山,2023-07-04,9274
4707,磐亞,20,0,20,凱基-鳳山,2023-07-04,9274
0056,元大高股息,46,26,20,凱基-鳳山,2023-07-04,9274
2611,志信,18,0,18,凱基-鳳山,2023-07-04,9274
1513,中興電,27,10,17,凱基-鳳山,2023-07-04,9274
8155,博智,20,3,17,凱基-鳳山,2023-07-04,9274
2347,聯強,15,0,15,凱基-鳳山,2023-07-04,9274
4736,泰博,15,0,15,凱基-鳳山,2023-07-04,9274
4938,和碩,26,11,15,凱基-鳳山,2023-07-04,9274
6282,康舒,57,44,13,凱基-鳳山,2023-07-04,9274
2455,全新,13,0,13,凱基-鳳山,2023-07-04,9274
3013,晟銘電,37,24,13,凱基-鳳山,2023-07-04,9274
6125,廣運,23,10,13,凱基-鳳山,2023-07-04,9274
9907,統一實,13,0,13,凱基-鳳山,2023-07-04,9274
2481,強茂,12,0,12,凱基-鳳山,2023-07-04,9274
8227,巨有科技,13,1,12,凱基-鳳山,2023-07-04,9274
1603,華電,11,0,11,凱基-鳳山,2023-07-04,9274
5236,凌陽創新,11,0,11,凱基-鳳山,2023-07-04,9274
6116,彩晶,168,0,168,凱基-鳳山,2023-07-05,9274
3014,聯陽,130,2,128,凱基-鳳山,2023-07-05,9274
2892,第一金,107,0,107,凱基-鳳山,2023-07-05,9274
2401,凌陽,97,0,97,凱基-鳳山,2023-07-05,9274
4907,富宇,83,0,83,凱基-鳳山,2023-07-05,9274
3363,上詮,113,31,82,凱基-鳳山,2023-07-05,9274
2399,映泰,135,56,79,凱基-鳳山,2023-07-05,9274
00637L,元大滬深300正2,50,0,50,凱基-鳳山,2023-07-05,9274
9958,世紀鋼,56,8,48,凱基-鳳山,2023-07-05,9274
2610,華航,94,56,38,凱基-鳳山,2023-07-05,9274
00929,復華台灣科技優息,38,0,38,凱基-鳳山,2023-07-05,9274
2890,永豐金,38,0,38,凱基-鳳山,2023-07-05,9274
3591,艾笛森,105,67,38,凱基-鳳山,2023-07-05,9274
0056,元大高股息,43,6,37,凱基-鳳山,2023-07-05,9274
4909,新復興,37,0,37,凱基-鳳山,2023-07-05,9274
2609,陽明,372,336,36,凱基-鳳山,2023-07-05,9274
4977,眾達-KY,32,0,32,凱基-鳳山,2023-07-05,9274
2883,凱基金,39,10,29,凱基-鳳山,2023-07-05,9274
3689,湧德,30,1,29,凱基-鳳山,2023-07-05,9274
2867,三商壽,27,0,27,凱基-鳳山,2023-07-05,9274
2442,新美齊,25,0,25,凱基-鳳山,2023-07-05,9274
6282,康舒,45,22,23,凱基-鳳山,2023-07-05,9274
1522,堤維西,39,16,23,凱基-鳳山,2023-07-05,9274
3025,星通,24,1,23,凱基-鳳山,2023-07-05,9274
6133,金橋,25,2,23,凱基-鳳山,2023-07-05,9274
3231,緯創,50,28,22,凱基-鳳山,2023-07-05,9274
3481,群創,24,2,22,凱基-鳳山,2023-07-05,9274
4904,遠傳,22,0,22,凱基-鳳山,2023-07-05,9274
2025,千興,20,0,20,凱基-鳳山,2023-07-05,9274
2344,華邦電,22,3,19,凱基-鳳山,2023-07-05,9274
2887,台新金,30,11,19,凱基-鳳山,2023-07-05,9274
8996,高力,18,0,18,凱基-鳳山,2023-07-05,9274
2301,光寶科,25,7,18,凱基-鳳山,2023-07-05,9274
2323,中環,58,40,18,凱基-鳳山,2023-07-05,9274
2618,長榮航,190,173,17,凱基-鳳山,2023-07-05,9274
2356,英業達,41,24,17,凱基-鳳山,2023-07-05,9274
3380,明泰,16,1,15,凱基-鳳山,2023-07-05,9274
3056,富華新,16,1,15,凱基-鳳山,2023-07-05,9274
6125,廣運,16,1,15,凱基-鳳山,2023-07-05,9274
8112,至上,15,1,14,凱基-鳳山,2023-07-05,9274
00878,國泰永續高股息,26,12,14,凱基-鳳山,2023-07-05,9274
2408,南亞科,14,1,13,凱基-鳳山,2023-07-05,9274
8085,福華,13,0,13,凱基-鳳山,2023-07-05,9274
2324,仁寶,13,0,13,凱基-鳳山,2023-07-05,9274
5243,乙盛-KY,19,6,13,凱基-鳳山,2023-07-05,9274
2102,泰豐,12,0,12,凱基-鳳山,2023-07-05,9274
2369,菱生,19,7,12,凱基-鳳山,2023-07-05,9274
8358,金居,14,2,12,凱基-鳳山,2023-07-05,9274
1305,華夏,11,0,11,凱基-鳳山,2023-07-05,9274
4532,瑞智,11,0,11,凱基-鳳山,2023-07-05,9274
00882,中信中國高股息,422,0,422,凱基-鳳山,2023-07-06,9274
00673R,期元大S＆P原油反1,315,0,315,凱基-鳳山,2023-07-06,9274
00753L,中信中國50正2,268,0,268,凱基-鳳山,2023-07-06,9274
2881,富邦金,238,0,238,凱基-鳳山,2023-07-06,9274
3481,群創,244,33,211,凱基-鳳山,2023-07-06,9274
4414,如興,139,2,137,凱基-鳳山,2023-07-06,9274
00680L,元大美債20正2,108,10,98,凱基-鳳山,2023-07-06,9274
2892,第一金,86,0,86,凱基-鳳山,2023-07-06,9274
3483,力致,75,3,72,凱基-鳳山,2023-07-06,9274
2883,凱基金,77,6,71,凱基-鳳山,2023-07-06,9274
2610,華航,68,0,68,凱基-鳳山,2023-07-06,9274
4919,新唐,70,5,65,凱基-鳳山,2023-07-06,9274
8215,明基材,106,42,64,凱基-鳳山,2023-07-06,9274
1528,恩德,55,0,55,凱基-鳳山,2023-07-06,9274
1714,和桐,50,0,50,凱基-鳳山,2023-07-06,9274
00929,復華台灣科技優息,49,0,49,凱基-鳳山,2023-07-06,9274
2002,中鋼,47,0,47,凱基-鳳山,2023-07-06,9274
00679B,元大美債20年,47,0,47,凱基-鳳山,2023-07-06,9274
2890,永豐金,46,0,46,凱基-鳳山,2023-07-06,9274
2888,新光金,42,0,42,凱基-鳳山,2023-07-06,9274
4113,聯上,41,0,41,凱基-鳳山,2023-07-06,9274
2460,建通,197,156,41,凱基-鳳山,2023-07-06,9274
5009,榮剛,42,1,41,凱基-鳳山,2023-07-06,9274
00637L,元大滬深300正2,35,0,35,凱基-鳳山,2023-07-06,9274
2618,長榮航,54,20,34,凱基-鳳山,2023-07-06,9274
2880,華南金,32,0,32,凱基-鳳山,2023-07-06,9274
0056,元大高股息,38,8,30,凱基-鳳山,2023-07-06,9274
2442,新美齊,25,0,25,凱基-鳳山,2023-07-06,9274
2534,宏盛,25,0,25,凱基-鳳山,2023-07-06,9274
6122,擎邦,26,1,25,凱基-鳳山,2023-07-06,9274
3665,貿聯-KY,24,0,24,凱基-鳳山,2023-07-06,9274
4566,時碩工業,88,65,23,凱基-鳳山,2023-07-06,9274
5426,振發,25,2,23,凱基-鳳山,2023-07-06,9274
6770,力積電,23,1,22,凱基-鳳山,2023-07-06,9274
0050,元大台灣50,21,0,21,凱基-鳳山,2023-07-06,9274
00773B,中信優先金融債,20,0,20,凱基-鳳山,2023-07-06,9274
2101,南港,20,0,20,凱基-鳳山,2023-07-06,9274
2392,正崴,20,0,20,凱基-鳳山,2023-07-06,9274
2515,中工,20,0,20,凱基-鳳山,2023-07-06,9274
3673,TPK-KY,20,0,20,凱基-鳳山,2023-07-06,9274
3714,富采,20,0,20,凱基-鳳山,2023-07-06,9274
2382,廣達,24,4,20,凱基-鳳山,2023-07-06,9274
3013,晟銘電,73,54,19,凱基-鳳山,2023-07-06,9274
6505,台塑化,17,0,17,凱基-鳳山,2023-07-06,9274
1304,台聚,17,0,17,凱基-鳳山,2023-07-06,9274
9946,三發地產,17,0,17,凱基-鳳山,2023-07-06,9274
3037,欣興,17,2,15,凱基-鳳山,2023-07-06,9274
2603,長榮,116,100,16,凱基-鳳山,2023-07-06,9274
2025,千興,15,0,15,凱基-鳳山,2023-07-06,9274
2743,山富,15,0,15,凱基-鳳山,2023-07-06,9274
6550,北極星藥業-KY,267,0,267,凱基-鳳山,2023-07-07,9274
00680L,元大美債20正2,189,0,189,凱基-鳳山,2023-07-07,9274
6116,彩晶,170,14,156,凱基-鳳山,2023-07-07,9274
2409,友達,128,2,126,凱基-鳳山,2023-07-07,9274
1714,和桐,100,0,100,凱基-鳳山,2023-07-07,9274
00632R,元大台灣50反1,114,21,93,凱基-鳳山,2023-07-07,9274
2401,凌陽,99,20,79,凱基-鳳山,2023-07-07,9274
2340,台亞,107,34,73,凱基-鳳山,2023-07-07,9274
2610,華航,70,3,67,凱基-鳳山,2023-07-07,9274
2481,強茂,64,1,63,凱基-鳳山,2023-07-07,9274
2460,建通,484,425,59,凱基-鳳山,2023-07-07,9274
6191,精成科,53,2,51,凱基-鳳山,2023-07-07,9274
6122,擎邦,52,1,51,凱基-鳳山,2023-07-07,9274
0056,元大高股息,60,9,51,凱基-鳳山,2023-07-07,9274
3014,聯陽,51,1,50,凱基-鳳山,2023-07-07,9274
6117,迎廣,62,15,47,凱基-鳳山,2023-07-07,9274
4919,新唐,44,1,43,凱基-鳳山,2023-07-07,9274
2399,映泰,46,5,41,凱基-鳳山,2023-07-07,9274
2468,華經,90,50,40,凱基-鳳山,2023-07-07,9274
4414,如興,39,0,39,凱基-鳳山,2023-07-07,9274
8089,康全電訊,39,0,39,凱基-鳳山,2023-07-07,9274
2634,漢翔,38,1,37,凱基-鳳山,2023-07-07,9274
3481,群創,50,13,37,凱基-鳳山,2023-07-07,9274
2347,聯強,36,0,36,凱基-鳳山,2023-07-07,9274
1471,首利,37,5,32,凱基-鳳山,2023-07-07,9274
00673R,期元大S＆P原油反1,30,0,30,凱基-鳳山,2023-07-07,9274
2890,永豐金,30,0,30,凱基-鳳山,2023-07-07,9274
00929,復華台灣科技優息,28,0,28,凱基-鳳山,2023-07-07,9274
2402,毅嘉,30,2,28,凱基-鳳山,2023-07-07,9274
2344,華邦電,29,2,27,凱基-鳳山,2023-07-07,9274
2425,承啟,31,4,27,凱基-鳳山,2023-07-07,9274
4157,太景*-KY,27,0,27,凱基-鳳山,2023-07-07,9274
6125,廣運,26,1,25,凱基-鳳山,2023-07-07,9274
4113,聯上,25,0,25,凱基-鳳山,2023-07-07,9274
4907,富宇,25,0,25,凱基-鳳山,2023-07-07,9274
1301,台塑,26,2,24,凱基-鳳山,2023-07-07,9274
2331,精英,26,2,24,凱基-鳳山,2023-07-07,9274
4566,時碩工業,24,1,23,凱基-鳳山,2023-07-07,9274
6223,旺矽,26,3,23,凱基-鳳山,2023-07-07,9274
2609,陽明,30,8,22,凱基-鳳山,2023-07-07,9274
00878,國泰永續高股息,46,24,22,凱基-鳳山,2023-07-07,9274
2303,聯電,25,4,21,凱基-鳳山,2023-07-07,9274
2010,春源,21,0,21,凱基-鳳山,2023-07-07,9274
3042,晶技,20,0,20,凱基-鳳山,2023-07-07,9274
00928,中信上櫃ESG30,20,0,20,凱基-鳳山,2023-07-07,9274
2380,虹光,20,0,20,凱基-鳳山,2023-07-07,9274
5347,世界,20,0,20,凱基-鳳山,2023-07-07,9274
6202,盛群,20,0,20,凱基-鳳山,2023-07-07,9274
00679B,元大美債20年,19,0,19,凱基-鳳山,2023-07-07,9274
2883,凱基金,35,16,19,凱基-鳳山,2023-07-07,9274
6290,良維,200,1,199,凱基-鳳山,2023-07-10,9274
2603,長榮,264,94,170,凱基-鳳山,2023-07-10,9274
2888,新光金,108,5,103,凱基-鳳山,2023-07-10,9274
3013,晟銘電,77,0,77,凱基-鳳山,2023-07-10,9274
00673R,期元大S＆P原油反1,63,0,63,凱基-鳳山,2023-07-10,9274
00632R,元大台灣50反1,64,2,62,凱基-鳳山,2023-07-10,9274
4907,富宇,62,0,62,凱基-鳳山,2023-07-10,9274
2610,華航,78,22,56,凱基-鳳山,2023-07-10,9274
2883,凱基金,81,29,52,凱基-鳳山,2023-07-10,9274
00680L,元大美債20正2,51,0,51,凱基-鳳山,2023-07-10,9274
2886,兆豐金,51,1,50,凱基-鳳山,2023-07-10,9274
2340,台亞,54,17,37,凱基-鳳山,2023-07-10,9274
3027,盛達,28,1,27,凱基-鳳山,2023-07-10,9274
8089,康全電訊,26,0,26,凱基-鳳山,2023-07-10,9274
4533,協易機,22,0,22,凱基-鳳山,2023-07-10,9274
4919,新唐,21,0,21,凱基-鳳山,2023-07-10,9274
3042,晶技,21,0,21,凱基-鳳山,2023-07-10,9274
6016,康和證,25,4,21,凱基-鳳山,2023-07-10,9274
3706,神達,22,1,21,凱基-鳳山,2023-07-10,9274
00878,國泰永續高股息,31,11,20,凱基-鳳山,2023-07-10,9274
1301,台塑,21,1,20,凱基-鳳山,2023-07-10,9274
00679B,元大美債20年,20,0,20,凱基-鳳山,2023-07-10,9274
1604,聲寶,25,5,20,凱基-鳳山,2023-07-10,9274
4566,時碩工業,22,2,20,凱基-鳳山,2023-07-10,9274
00885,富邦越南,20,2,18,凱基-鳳山,2023-07-10,9274
6191,精成科,16,0,16,凱基-鳳山,2023-07-10,9274
2743,山富,18,3,15,凱基-鳳山,2023-07-10,9274
3014,聯陽,35,20,15,凱基-鳳山,2023-07-10,9274
8996,高力,15,0,15,凱基-鳳山,2023-07-10,9274
2618,長榮航,23,9,14,凱基-鳳山,2023-07-10,9274
2460,建通,64,50,14,凱基-鳳山,2023-07-10,9274
8255,朋程,20,6,14,凱基-鳳山,2023-07-10,9274
6770,力積電,14,2,12,凱基-鳳山,2023-07-10,9274
3163,波若威,23,11,12,凱基-鳳山,2023-07-10,9274
8215,明基材,18,6,12,凱基-鳳山,2023-07-10,9274
00882,中信中國高股息,12,0,12,凱基-鳳山,2023-07-10,9274
2880,華南金,10,0,10,凱基-鳳山,2023-07-10,9274
00773B,中信優先金融債,10,0,10,凱基-鳳山,2023-07-10,9274
1326,台化,10,0,10,凱基-鳳山,2023-07-10,9274
1434,福懋,10,0,10,凱基-鳳山,2023-07-10,9274
1710,東聯,10,0,10,凱基-鳳山,2023-07-10,9274
2025,千興,10,0,10,凱基-鳳山,2023-07-10,9274
2458,義隆,10,0,10,凱基-鳳山,2023-07-10,9274
3033,威健,12,2,10,凱基-鳳山,2023-07-10,9274
3591,艾笛森,10,0,10,凱基-鳳山,2023-07-10,9274
4934,太極,29,19,10,凱基-鳳山,2023-07-10,9274
6148,驊宏資,10,0,10,凱基-鳳山,2023-07-10,9274
6170,統振,10,0,10,凱基-鳳山,2023-07-10,9274
8110,華東,10,0,10,凱基-鳳山,2023-07-10,9274
9958,世紀鋼,19,9,10,凱基-鳳山,2023-07-10,9274
4526,東台,268,156,112,凱基-鳳山,2023-07-11,9274
1722,台肥,176,65,111,凱基-鳳山,2023-07-11,9274
2460,建通,141,44,97,凱基-鳳山,2023-07-11,9274
00680L,元大美債20正2,95,2,93,凱基-鳳山,2023-07-11,9274
3715,定穎投控,88,0,88,凱基-鳳山,2023-07-11,9274
1604,聲寶,151,89,62,凱基-鳳山,2023-07-11,9274
3576,聯合再生,61,0,61,凱基-鳳山,2023-07-11,9274
00679B,元大美債20年,60,0,60,凱基-鳳山,2023-07-11,9274
4960,誠美材,50,0,50,凱基-鳳山,2023-07-11,9274
00670L,富邦NASDAQ正2,53,3,50,凱基-鳳山,2023-07-11,9274
3666,光耀,52,3,49,凱基-鳳山,2023-07-11,9274
00706L,期元大S＆P日圓正2,46,0,46,凱基-鳳山,2023-07-11,9274
2603,長榮,84,47,37,凱基-鳳山,2023-07-11,9274
2883,凱基金,32,0,32,凱基-鳳山,2023-07-11,9274
9958,世紀鋼,50,18,32,凱基-鳳山,2023-07-11,9274
6219,富旺,36,6,30,凱基-鳳山,2023-07-11,9274
00929,復華台灣科技優息,28,0,28,凱基-鳳山,2023-07-11,9274
2201,裕隆,26,0,26,凱基-鳳山,2023-07-11,9274
1522,堤維西,33,8,25,凱基-鳳山,2023-07-11,9274
1605,華新,26,2,24,凱基-鳳山,2023-07-11,9274
1540,喬福,160,137,23,凱基-鳳山,2023-07-11,9274
4909,新復興,23,0,23,凱基-鳳山,2023-07-11,9274
2881,富邦金,31,9,22,凱基-鳳山,2023-07-11,9274
3014,聯陽,31,10,21,凱基-鳳山,2023-07-11,9274
2705,六福,21,0,21,凱基-鳳山,2023-07-11,9274
5439,高技,21,0,21,凱基-鳳山,2023-07-11,9274
00927,群益半導體收益,20,0,20,凱基-鳳山,2023-07-11,9274
3652,精聯,20,0,20,凱基-鳳山,2023-07-11,9274
1504,東元,27,8,19,凱基-鳳山,2023-07-11,9274
2634,漢翔,24,6,18,凱基-鳳山,2023-07-11,9274
00885,富邦越南,21,4,17,凱基-鳳山,2023-07-11,9274
3234,光環,20,3,17,凱基-鳳山,2023-07-11,9274
2609,陽明,20,4,16,凱基-鳳山,2023-07-11,9274
2834,臺企銀,15,0,15,凱基-鳳山,2023-07-11,9274
3176,基亞,14,0,14,凱基-鳳山,2023-07-11,9274
2312,金寶,22,9,13,凱基-鳳山,2023-07-11,9274
6125,廣運,17,4,13,凱基-鳳山,2023-07-11,9274
2105,正新,12,0,12,凱基-鳳山,2023-07-11,9274
1101,台泥,11,0,11,凱基-鳳山,2023-07-11,9274
5465,富驊,12,1,11,凱基-鳳山,2023-07-11,9274
6148,驊宏資,31,20,11,凱基-鳳山,2023-07-11,9274
2457,飛宏,17,7,10,凱基-鳳山,2023-07-11,9274
4919,新唐,21,11,10,凱基-鳳山,2023-07-11,9274
00673R,期元大S＆P原油反1,10,0,10,凱基-鳳山,2023-07-11,9274
00632R,元大台灣50反1,10,0,10,凱基-鳳山,2023-07-11,9274
1305,華夏,10,0,10,凱基-鳳山,2023-07-11,9274
4754,國碳科,10,0,10,凱基-鳳山,2023-07-11,9274
6271,同欣電,10,0,10,凱基-鳳山,2023-07-11,9274
6282,康舒,13,3,10,凱基-鳳山,2023-07-11,9274
8085,福華,10,0,10,凱基-鳳山,2023-07-11,9274
2312,金寶,123,5,118,凱基-鳳山,2023-07-12,9274
2329,華泰,159,53,106,凱基-鳳山,2023-07-12,9274
00632R,元大台灣50反1,103,0,103,凱基-鳳山,2023-07-12,9274
00905,FT臺灣Smart,72,3,69,凱基-鳳山,2023-07-12,9274
2460,建通,147,79,68,凱基-鳳山,2023-07-12,9274
2481,強茂,88,23,65,凱基-鳳山,2023-07-12,9274
2486,一詮,93,36,57,凱基-鳳山,2023-07-12,9274
00706L,期元大S＆P日圓正2,57,0,57,凱基-鳳山,2023-07-12,9274
2356,英業達,109,58,51,凱基-鳳山,2023-07-12,9274
2104,國際中橡,41,0,41,凱基-鳳山,2023-07-12,9274
00929,復華台灣科技優息,40,0,40,凱基-鳳山,2023-07-12,9274
4533,協易機,46,7,39,凱基-鳳山,2023-07-12,9274
2498,宏達電,43,6,37,凱基-鳳山,2023-07-12,9274
6219,富旺,38,2,36,凱基-鳳山,2023-07-12,9274
2323,中環,34,2,32,凱基-鳳山,2023-07-12,9274
2609,陽明,73,41,32,凱基-鳳山,2023-07-12,9274
2340,台亞,55,23,32,凱基-鳳山,2023-07-12,9274
3014,聯陽,29,3,26,凱基-鳳山,2023-07-12,9274
6290,良維,31,5,26,凱基-鳳山,2023-07-12,9274
3481,群創,38,12,26,凱基-鳳山,2023-07-12,9274
2368,金像電,30,5,25,凱基-鳳山,2023-07-12,9274
1101,台泥,25,1,24,凱基-鳳山,2023-07-12,9274
1584,精剛,23,0,23,凱基-鳳山,2023-07-12,9274
1540,喬福,21,0,21,凱基-鳳山,2023-07-12,9274
2331,精英,21,0,21,凱基-鳳山,2023-07-12,9274
2409,友達,26,5,21,凱基-鳳山,2023-07-12,9274
4306,炎洲,21,0,21,凱基-鳳山,2023-07-12,9274
3715,定穎投控,20,0,20,凱基-鳳山,2023-07-12,9274
1604,聲寶,23,4,19,凱基-鳳山,2023-07-12,9274
00679B,元大美債20年,16,0,16,凱基-鳳山,2023-07-12,9274
8033,雷虎,15,0,15,凱基-鳳山,2023-07-12,9274
00637L,元大滬深300正2,115,100,15,凱基-鳳山,2023-07-12,9274
4526,東台,50,35,15,凱基-鳳山,2023-07-12,9274
6505,台塑化,15,0,15,凱基-鳳山,2023-07-12,9274
1304,台聚,12,0,12,凱基-鳳山,2023-07-12,9274
3141,晶宏,13,1,12,凱基-鳳山,2023-07-12,9274
2303,聯電,14,2,12,凱基-鳳山,2023-07-12,9274
4532,瑞智,18,7,11,凱基-鳳山,2023-07-12,9274
5236,凌陽創新,12,1,11,凱基-鳳山,2023-07-12,9274
9929,秋雨,13,2,11,凱基-鳳山,2023-07-12,9274
2449,京元電子,18,7,11,凱基-鳳山,2023-07-12,9274
1802,台玻,10,0,10,凱基-鳳山,2023-07-12,9274
2030,彰源,10,0,10,凱基-鳳山,2023-07-12,9274
2034,允強,10,0,10,凱基-鳳山,2023-07-12,9274
2359,所羅門,26,16,10,凱基-鳳山,2023-07-12,9274
3026,禾伸堂,10,0,10,凱基-鳳山,2023-07-12,9274
3264,欣銓,10,0,10,凱基-鳳山,2023-07-12,9274
4909,新復興,10,0,10,凱基-鳳山,2023-07-12,9274
4919,新唐,13,3,10,凱基-鳳山,2023-07-12,9274
5009,榮剛,10,0,10,凱基-鳳山,2023-07-12,9274
2369,菱生,183,1,182,凱基-鳳山,2023-07-13,9274
00720B,元大投資級公司債,154,8,146,凱基-鳳山,2023-07-13,9274
3481,群創,133,21,112,凱基-鳳山,2023-07-13,9274
2618,長榮航,119,14,105,凱基-鳳山,2023-07-13,9274
9958,世紀鋼,117,35,82,凱基-鳳山,2023-07-13,9274
00632R,元大台灣50反1,71,12,59,凱基-鳳山,2023-07-13,9274
6290,良維,78,21,57,凱基-鳳山,2023-07-13,9274
2486,一詮,58,7,51,凱基-鳳山,2023-07-13,9274
3234,光環,52,1,51,凱基-鳳山,2023-07-13,9274
2892,第一金,50,2,48,凱基-鳳山,2023-07-13,9274
2356,英業達,110,69,41,凱基-鳳山,2023-07-13,9274
3062,建漢,35,0,35,凱基-鳳山,2023-07-13,9274
2609,陽明,48,21,27,凱基-鳳山,2023-07-13,9274
00673R,期元大S＆P原油反1,25,0,25,凱基-鳳山,2023-07-13,9274
2460,建通,44,21,23,凱基-鳳山,2023-07-13,9274
2352,佳世達,35,13,22,凱基-鳳山,2023-07-13,9274
6244,茂迪,25,3,22,凱基-鳳山,2023-07-13,9274
2884,玉山金,22,1,21,凱基-鳳山,2023-07-13,9274
3141,晶宏,20,0,20,凱基-鳳山,2023-07-13,9274
6223,旺矽,49,29,20,凱基-鳳山,2023-07-13,9274
9907,統一實,20,0,20,凱基-鳳山,2023-07-13,9274
2303,聯電,19,0,19,凱基-鳳山,2023-07-13,9274
1503,士電,20,2,18,凱基-鳳山,2023-07-13,9274
2481,強茂,22,5,17,凱基-鳳山,2023-07-13,9274
8033,雷虎,17,1,16,凱基-鳳山,2023-07-13,9274
6111,大宇資,34,18,16,凱基-鳳山,2023-07-13,9274
1301,台塑,16,0,16,凱基-鳳山,2023-07-13,9274
3035,智原,35,20,15,凱基-鳳山,2023-07-13,9274
2489,瑞軒,15,0,15,凱基-鳳山,2023-07-13,9274
4909,新復興,15,0,15,凱基-鳳山,2023-07-13,9274
8089,康全電訊,15,0,15,凱基-鳳山,2023-07-13,9274
8222,寶一,14,0,14,凱基-鳳山,2023-07-13,9274
1314,中石化,13,0,13,凱基-鳳山,2023-07-13,9274
1584,精剛,23,10,13,凱基-鳳山,2023-07-13,9274
1802,台玻,13,0,13,凱基-鳳山,2023-07-13,9274
5864,致和證,13,0,13,凱基-鳳山,2023-07-13,9274
00929,復華台灣科技優息,12,0,12,凱基-鳳山,2023-07-13,9274
3032,偉訓,34,22,12,凱基-鳳山,2023-07-13,9274
1101,台泥,12,1,11,凱基-鳳山,2023-07-13,9274
00878,國泰永續高股息,56,45,11,凱基-鳳山,2023-07-13,9274
00671R,富邦NASDAQ反1,11,0,11,凱基-鳳山,2023-07-13,9274
2882,國泰金,13,2,11,凱基-鳳山,2023-07-13,9274
6451,訊芯-KY,13,2,11,凱基-鳳山,2023-07-13,9274
1603,華電,10,0,10,凱基-鳳山,2023-07-13,9274
2537,聯上發,10,0,10,凱基-鳳山,2023-07-13,9274
3313,斐成,10,0,10,凱基-鳳山,2023-07-13,9274
3622,洋華,10,0,10,凱基-鳳山,2023-07-13,9274
3652,精聯,20,10,10,凱基-鳳山,2023-07-13,9274
3673,TPK-KY,11,1,10,凱基-鳳山,2023-07-13,9274
3715,定穎投控,10,0,10,凱基-鳳山,2023-07-13,9274
00671R,富邦NASDAQ反1,496,0,496,凱基-鳳山,2023-07-14,9274
2610,華航,250,53,197,凱基-鳳山,2023-07-14,9274
2618,長榮航,215,72,143,凱基-鳳山,2023-07-14,9274
2460,建通,203,64,139,凱基-鳳山,2023-07-14,9274
6005,群益證,136,3,133,凱基-鳳山,2023-07-14,9274
00720B,元大投資級公司債,111,0,111,凱基-鳳山,2023-07-14,9274
00680L,元大美債20正2,108,0,108,凱基-鳳山,2023-07-14,9274
1712,興農,100,0,100,凱基-鳳山,2023-07-14,9274
00930,永豐ESG低碳高息,68,0,68,凱基-鳳山,2023-07-14,9274
3591,艾笛森,53,0,53,凱基-鳳山,2023-07-14,9274
00712,復華富時不動產,56,4,52,凱基-鳳山,2023-07-14,9274
2888A,新光金甲特,50,0,50,凱基-鳳山,2023-07-14,9274
2419,仲琦,55,10,45,凱基-鳳山,2023-07-14,9274
3033,威健,52,8,44,凱基-鳳山,2023-07-14,9274
00929,復華台灣科技優息,45,7,38,凱基-鳳山,2023-07-14,9274
00637L,元大滬深300正2,35,0,35,凱基-鳳山,2023-07-14,9274
1722,台肥,33,0,33,凱基-鳳山,2023-07-14,9274
00673R,期元大S＆P原油反1,32,4,28,凱基-鳳山,2023-07-14,9274
3363,上詮,78,52,26,凱基-鳳山,2023-07-14,9274
3013,晟銘電,37,12,25,凱基-鳳山,2023-07-14,9274
8089,康全電訊,24,0,24,凱基-鳳山,2023-07-14,9274
6288,聯嘉,24,1,23,凱基-鳳山,2023-07-14,9274
2303,聯電,25,3,22,凱基-鳳山,2023-07-14,9274
5009,榮剛,26,5,21,凱基-鳳山,2023-07-14,9274
1471,首利,21,0,21,凱基-鳳山,2023-07-14,9274
8028,昇陽半導體,30,9,21,凱基-鳳山,2023-07-14,9274
2038,海光,20,0,20,凱基-鳳山,2023-07-14,9274
2915,潤泰全,20,0,20,凱基-鳳山,2023-07-14,9274
8050,廣積,20,0,20,凱基-鳳山,2023-07-14,9274
6191,精成科,20,1,19,凱基-鳳山,2023-07-14,9274
2301,光寶科,43,25,18,凱基-鳳山,2023-07-14,9274
5328,華容,18,0,18,凱基-鳳山,2023-07-14,9274
3037,欣興,30,12,18,凱基-鳳山,2023-07-14,9274
1905,華紙,18,2,16,凱基-鳳山,2023-07-14,9274
2399,映泰,25,10,15,凱基-鳳山,2023-07-14,9274
3706,神達,30,15,15,凱基-鳳山,2023-07-14,9274
2102,泰豐,14,0,14,凱基-鳳山,2023-07-14,9274
2882,國泰金,14,0,14,凱基-鳳山,2023-07-14,9274
3231,緯創,18,5,13,凱基-鳳山,2023-07-14,9274
00679B,元大美債20年,13,0,13,凱基-鳳山,2023-07-14,9274
9958,世紀鋼,128,115,13,凱基-鳳山,2023-07-14,9274
1603,華電,12,0,12,凱基-鳳山,2023-07-14,9274
2614,東森,12,0,12,凱基-鳳山,2023-07-14,9274
2324,仁寶,23,11,12,凱基-鳳山,2023-07-14,9274
00664R,國泰臺灣加權反1,10,0,10,凱基-鳳山,2023-07-14,9274
1718,中纖,10,0,10,凱基-鳳山,2023-07-14,9274
1731,美吾華,10,0,10,凱基-鳳山,2023-07-14,9274
2323,中環,18,8,10,凱基-鳳山,2023-07-14,9274
2880,華南金,10,0,10,凱基-鳳山,2023-07-14,9274
3287,廣寰科,10,0,10,凱基-鳳山,2023-07-14,9274
00673R,期元大S＆P原油反1,575,22,553,凱基-鳳山,2023-07-17,9274
2883,凱基金,194,19,175,凱基-鳳山,2023-07-17,9274
00632R,元大台灣50反1,163,6,157,凱基-鳳山,2023-07-17,9274
6282,康舒,171,67,104,凱基-鳳山,2023-07-17,9274
3014,聯陽,116,37,79,凱基-鳳山,2023-07-17,9274
2460,建通,153,99,54,凱基-鳳山,2023-07-17,9274
2888A,新光金甲特,48,0,48,凱基-鳳山,2023-07-17,9274
00706L,期元大S＆P日圓正2,46,0,46,凱基-鳳山,2023-07-17,9274
2812,台中銀,41,2,39,凱基-鳳山,2023-07-17,9274
8089,康全電訊,39,2,37,凱基-鳳山,2023-07-17,9274
2610,華航,187,151,36,凱基-鳳山,2023-07-17,9274
00930,永豐ESG低碳高息,36,0,36,凱基-鳳山,2023-07-17,9274
00929,復華台灣科技優息,45,9,36,凱基-鳳山,2023-07-17,9274
3338,泰碩,47,11,36,凱基-鳳山,2023-07-17,9274
3036,文曄,31,0,31,凱基-鳳山,2023-07-17,9274
0056,元大高股息,67,36,31,凱基-鳳山,2023-07-17,9274
00905,FT臺灣Smart,30,0,30,凱基-鳳山,2023-07-17,9274
1712,興農,30,0,30,凱基-鳳山,2023-07-17,9274
00720B,元大投資級公司債,29,0,29,凱基-鳳山,2023-07-17,9274
4960,誠美材,50,22,28,凱基-鳳山,2023-07-17,9274
3380,明泰,53,30,23,凱基-鳳山,2023-07-17,9274
2102,泰豐,22,0,22,凱基-鳳山,2023-07-17,9274
8028,昇陽半導體,23,1,22,凱基-鳳山,2023-07-17,9274
00712,復華富時不動產,22,0,22,凱基-鳳山,2023-07-17,9274
00669R,國泰美國道瓊反1,65,44,21,凱基-鳳山,2023-07-17,9274
2888,新光金,78,59,19,凱基-鳳山,2023-07-17,9274
3006,晶豪科,20,2,18,凱基-鳳山,2023-07-17,9274
5483,中美晶,22,4,18,凱基-鳳山,2023-07-17,9274
1210,大成,25,7,18,凱基-鳳山,2023-07-17,9274
2886,兆豐金,17,0,17,凱基-鳳山,2023-07-17,9274
4532,瑞智,29,12,17,凱基-鳳山,2023-07-17,9274
8936,國統,28,11,17,凱基-鳳山,2023-07-17,9274
2542,興富發,16,0,16,凱基-鳳山,2023-07-17,9274
3704,合勤控,34,18,16,凱基-鳳山,2023-07-17,9274
2328,廣宇,18,3,15,凱基-鳳山,2023-07-17,9274
2331,精英,42,27,15,凱基-鳳山,2023-07-17,9274
3689,湧德,35,20,15,凱基-鳳山,2023-07-17,9274
6111,大宇資,15,0,15,凱基-鳳山,2023-07-17,9274
1789,神隆,15,1,14,凱基-鳳山,2023-07-17,9274
2312,金寶,26,12,14,凱基-鳳山,2023-07-17,9274
4977,眾達-KY,21,7,14,凱基-鳳山,2023-07-17,9274
5236,凌陽創新,14,0,14,凱基-鳳山,2023-07-17,9274
8996,高力,20,6,14,凱基-鳳山,2023-07-17,9274
6235,華孚,14,1,13,凱基-鳳山,2023-07-17,9274
2208,台船,13,0,13,凱基-鳳山,2023-07-17,9274
2303,聯電,17,4,13,凱基-鳳山,2023-07-17,9274
3231,緯創,19,7,12,凱基-鳳山,2023-07-17,9274
2485,兆赫,20,8,12,凱基-鳳山,2023-07-17,9274
3027,盛達,23,12,11,凱基-鳳山,2023-07-17,9274
3325,旭品,21,10,11,凱基-鳳山,2023-07-17,9274
3706,神達,681,398,283,凱基-鳳山,2023-07-18,9274
2312,金寶,325,61,264,凱基-鳳山,2023-07-18,9274
00929,復華台灣科技優息,121,0,121,凱基-鳳山,2023-07-18,9274
2332,友訊,100,1,99,凱基-鳳山,2023-07-18,9274
5351,鈺創,96,0,96,凱基-鳳山,2023-07-18,9274
00712,復華富時不動產,103,20,83,凱基-鳳山,2023-07-18,9274
2880,華南金,75,5,70,凱基-鳳山,2023-07-18,9274
1514,亞力,203,136,67,凱基-鳳山,2023-07-18,9274
2324,仁寶,126,61,65,凱基-鳳山,2023-07-18,9274
9958,世紀鋼,70,8,62,凱基-鳳山,2023-07-18,9274
4938,和碩,180,120,60,凱基-鳳山,2023-07-18,9274
2460,建通,79,27,52,凱基-鳳山,2023-07-18,9274
2889,國票金,52,0,52,凱基-鳳山,2023-07-18,9274
5469,瀚宇博,45,1,44,凱基-鳳山,2023-07-18,9274
6274,台燿,49,5,44,凱基-鳳山,2023-07-18,9274
00882,中信中國高股息,42,0,42,凱基-鳳山,2023-07-18,9274
4960,誠美材,40,1,39,凱基-鳳山,2023-07-18,9274
2002,中鋼,39,4,35,凱基-鳳山,2023-07-18,9274
00905,FT臺灣Smart,30,0,30,凱基-鳳山,2023-07-18,9274
00895,富邦未來車,30,0,30,凱基-鳳山,2023-07-18,9274
1714,和桐,30,0,30,凱基-鳳山,2023-07-18,9274
2489,瑞軒,30,0,30,凱基-鳳山,2023-07-18,9274
2329,華泰,104,76,28,凱基-鳳山,2023-07-18,9274
2323,中環,29,1,28,凱基-鳳山,2023-07-18,9274
1513,中興電,39,12,27,凱基-鳳山,2023-07-18,9274
2867,三商壽,25,0,25,凱基-鳳山,2023-07-18,9274
2409,友達,24,0,24,凱基-鳳山,2023-07-18,9274
3591,艾笛森,23,0,23,凱基-鳳山,2023-07-18,9274
4173,久裕,25,2,23,凱基-鳳山,2023-07-18,9274
4906,正文,74,52,22,凱基-鳳山,2023-07-18,9274
1313,聯成,33,11,22,凱基-鳳山,2023-07-18,9274
00720B,元大投資級公司債,20,0,20,凱基-鳳山,2023-07-18,9274
3490,單井,20,0,20,凱基-鳳山,2023-07-18,9274
6117,迎廣,21,1,20,凱基-鳳山,2023-07-18,9274
00893,國泰智能電動車,20,1,19,凱基-鳳山,2023-07-18,9274
00679B,元大美債20年,19,0,19,凱基-鳳山,2023-07-18,9274
2340,台亞,33,14,19,凱基-鳳山,2023-07-18,9274
3689,湧德,19,1,18,凱基-鳳山,2023-07-18,9274
1314,中石化,17,0,17,凱基-鳳山,2023-07-18,9274
8011,台通,17,0,17,凱基-鳳山,2023-07-18,9274
4533,協易機,19,3,16,凱基-鳳山,2023-07-18,9274
2331,精英,31,16,15,凱基-鳳山,2023-07-18,9274
6188,廣明,75,61,14,凱基-鳳山,2023-07-18,9274
00680L,元大美債20正2,14,0,14,凱基-鳳山,2023-07-18,9274
00930,永豐ESG低碳高息,14,0,14,凱基-鳳山,2023-07-18,9274
2027,大成鋼,15,1,14,凱基-鳳山,2023-07-18,9274
2611,志信,14,0,14,凱基-鳳山,2023-07-18,9274
8936,國統,17,3,14,凱基-鳳山,2023-07-18,9274
5425,台半,15,1,14,凱基-鳳山,2023-07-18,9274
3045,台灣大,13,0,13,凱基-鳳山,2023-07-18,9274
00712,復華富時不動產,475,23,452,凱基-鳳山,2023-07-19,9274
00753L,中信中國50正2,233,0,233,凱基-鳳山,2023-07-19,9274
9105,泰金寶-DR,152,0,152,凱基-鳳山,2023-07-19,9274
2401,凌陽,107,1,106,凱基-鳳山,2023-07-19,9274
2353,宏��,145,41,104,凱基-鳳山,2023-07-19,9274
00680L,元大美債20正2,100,0,100,凱基-鳳山,2023-07-19,9274
2329,華泰,141,60,81,凱基-鳳山,2023-07-19,9274
4566,時碩工業,148,72,76,凱基-鳳山,2023-07-19,9274
00929,復華台灣科技優息,63,0,63,凱基-鳳山,2023-07-19,9274
3014,聯陽,69,9,60,凱基-鳳山,2023-07-19,9274
4979,華星光,72,12,60,凱基-鳳山,2023-07-19,9274
2303,聯電,54,1,53,凱基-鳳山,2023-07-19,9274
2489,瑞軒,50,0,50,凱基-鳳山,2023-07-19,9274
00632R,元大台灣50反1,60,15,45,凱基-鳳山,2023-07-19,9274
2867,三商壽,44,0,44,凱基-鳳山,2023-07-19,9274
2610,華航,60,18,42,凱基-鳳山,2023-07-19,9274
1471,首利,67,27,40,凱基-鳳山,2023-07-19,9274
00687B,國泰20年美債,32,0,32,凱基-鳳山,2023-07-19,9274
2460,建通,50,21,29,凱基-鳳山,2023-07-19,9274
6117,迎廣,29,0,29,凱基-鳳山,2023-07-19,9274
4919,新唐,33,4,29,凱基-鳳山,2023-07-19,9274
2201,裕隆,27,1,26,凱基-鳳山,2023-07-19,9274
2481,強茂,28,2,26,凱基-鳳山,2023-07-19,9274
3149,正達,27,2,25,凱基-鳳山,2023-07-19,9274
4967,十銓,25,0,25,凱基-鳳山,2023-07-19,9274
00882,中信中國高股息,30,6,24,凱基-鳳山,2023-07-19,9274
00720B,元大投資級公司債,22,0,22,凱基-鳳山,2023-07-19,9274
1584,精剛,23,2,21,凱基-鳳山,2023-07-19,9274
2382,廣達,45,25,20,凱基-鳳山,2023-07-19,9274
00696B,富邦美債20年,20,0,20,凱基-鳳山,2023-07-19,9274
00930,永豐ESG低碳高息,20,0,20,凱基-鳳山,2023-07-19,9274
3062,建漢,20,0,20,凱基-鳳山,2023-07-19,9274
5009,榮剛,20,0,20,凱基-鳳山,2023-07-19,9274
2324,仁寶,55,36,19,凱基-鳳山,2023-07-19,9274
1101,台泥,19,0,19,凱基-鳳山,2023-07-19,9274
6235,華孚,98,80,18,凱基-鳳山,2023-07-19,9274
6451,訊芯-KY,18,0,18,凱基-鳳山,2023-07-19,9274
6125,廣運,18,2,16,凱基-鳳山,2023-07-19,9274
2376,技嘉,24,9,15,凱基-鳳山,2023-07-19,9274
00637L,元大滬深300正2,115,100,15,凱基-鳳山,2023-07-19,9274
1503,士電,17,2,15,凱基-鳳山,2023-07-19,9274
2801,彰銀,18,3,15,凱基-鳳山,2023-07-19,9274
2881,富邦金,15,0,15,凱基-鳳山,2023-07-19,9274
2402,毅嘉,16,2,14,凱基-鳳山,2023-07-19,9274
2458,義隆,19,5,14,凱基-鳳山,2023-07-19,9274
2884,玉山金,17,3,14,凱基-鳳山,2023-07-19,9274
00713,元大台灣高息低波,13,0,13,凱基-鳳山,2023-07-19,9274
00919,群益台灣精選高息,19,6,13,凱基-鳳山,2023-07-19,9274
1609,大亞,20,7,13,凱基-鳳山,2023-07-19,9274
2603,長榮,65,52,13,凱基-鳳山,2023-07-19,9274
00665L,富邦�琤肭磪囓�2,874,0,874,凱基-鳳山,2023-07-20,9274
3706,神達,343,209,134,凱基-鳳山,2023-07-20,9274
00680L,元大美債20正2,100,4,96,凱基-鳳山,2023-07-20,9274
1102,亞泥,94,0,94,凱基-鳳山,2023-07-20,9274
2303,聯電,70,4,66,凱基-鳳山,2023-07-20,9274
1513,中興電,62,0,62,凱基-鳳山,2023-07-20,9274
00679B,元大美債20年,67,11,56,凱基-鳳山,2023-07-20,9274
00930,永豐ESG低碳高息,41,0,41,凱基-鳳山,2023-07-20,9274
3231,緯創,52,12,40,凱基-鳳山,2023-07-20,9274
00632R,元大台灣50反1,50,12,38,凱基-鳳山,2023-07-20,9274
2312,金寶,37,0,37,凱基-鳳山,2023-07-20,9274
4746,台耀,36,0,36,凱基-鳳山,2023-07-20,9274
3363,上詮,38,3,35,凱基-鳳山,2023-07-20,9274
8069,元太,35,0,35,凱基-鳳山,2023-07-20,9274
2353,宏��,75,41,34,凱基-鳳山,2023-07-20,9274
2461,光群雷,83,58,25,凱基-鳳山,2023-07-20,9274
4707,磐亞,20,0,20,凱基-鳳山,2023-07-20,9274
00631L,元大台灣50正2,18,0,18,凱基-鳳山,2023-07-20,9274
2458,義隆,18,0,18,凱基-鳳山,2023-07-20,9274
8926,台汽電,16,0,16,凱基-鳳山,2023-07-20,9274
2634,漢翔,23,7,16,凱基-鳳山,2023-07-20,9274
2880,華南金,15,0,15,凱基-鳳山,2023-07-20,9274
2025,千興,15,0,15,凱基-鳳山,2023-07-20,9274
6219,富旺,30,15,15,凱基-鳳山,2023-07-20,9274
1101,台泥,15,0,15,凱基-鳳山,2023-07-20,9274
00687B,國泰20年美債,14,1,13,凱基-鳳山,2023-07-20,9274
6770,力積電,22,9,13,凱基-鳳山,2023-07-20,9274
2405,輔信,26,13,13,凱基-鳳山,2023-07-20,9274
2460,建通,47,35,12,凱基-鳳山,2023-07-20,9274
3055,蔚華科,13,2,11,凱基-鳳山,2023-07-20,9274
8089,康全電訊,11,0,11,凱基-鳳山,2023-07-20,9274
6026,福邦證,10,0,10,凱基-鳳山,2023-07-20,9274
1789,神隆,13,3,10,凱基-鳳山,2023-07-20,9274
2017,官田鋼,10,0,10,凱基-鳳山,2023-07-20,9274
2527,宏璟,10,0,10,凱基-鳳山,2023-07-20,9274
2596,綠意,10,0,10,凱基-鳳山,2023-07-20,9274
3006,晶豪科,10,0,10,凱基-鳳山,2023-07-20,9274
3032,偉訓,13,3,10,凱基-鳳山,2023-07-20,9274
3289,宜特,10,0,10,凱基-鳳山,2023-07-20,9274
3325,旭品,10,0,10,凱基-鳳山,2023-07-20,9274
4130,健亞,10,0,10,凱基-鳳山,2023-07-20,9274
8112,至上,10,0,10,凱基-鳳山,2023-07-20,9274
9105,泰金寶-DR,10,0,10,凱基-鳳山,2023-07-20,9274
3033,威健,10,1,9,凱基-鳳山,2023-07-20,9274
00720B,元大投資級公司債,8,0,8,凱基-鳳山,2023-07-20,9274
2399,映泰,12,4,8,凱基-鳳山,2023-07-20,9274
2436,偉詮電,18,10,8,凱基-鳳山,2023-07-20,9274
2498,宏達電,8,0,8,凱基-鳳山,2023-07-20,9274
2344,華邦電,7,0,7,凱基-鳳山,2023-07-20,9274
3071,協禧,8,1,7,凱基-鳳山,2023-07-20,9274
00665L,富邦�琤肭磪囓�2,200,0,200,凱基-鳳山,2023-07-21,9274
1513,中興電,202,70,132,凱基-鳳山,2023-07-21,9274
4919,新唐,134,29,105,凱基-鳳山,2023-07-21,9274
00712,復華富時不動產,94,27,67,凱基-鳳山,2023-07-21,9274
00680L,元大美債20正2,100,36,64,凱基-鳳山,2023-07-21,9274
00673R,期元大S＆P原油反1,54,0,54,凱基-鳳山,2023-07-21,9274
00670L,富邦NASDAQ正2,50,0,50,凱基-鳳山,2023-07-21,9274
00631L,元大台灣50正2,51,2,49,凱基-鳳山,2023-07-21,9274
2498,宏達電,47,14,33,凱基-鳳山,2023-07-21,9274
4934,太極,35,2,33,凱基-鳳山,2023-07-21,9274
2449,京元電子,31,1,30,凱基-鳳山,2023-07-21,9274
00930,永豐ESG低碳高息,31,1,30,凱基-鳳山,2023-07-21,9274
1712,興農,30,1,29,凱基-鳳山,2023-07-21,9274
00671R,富邦NASDAQ反1,28,0,28,凱基-鳳山,2023-07-21,9274
3014,聯陽,73,45,28,凱基-鳳山,2023-07-21,9274
2603,長榮,31,3,28,凱基-鳳山,2023-07-21,9274
2852,第一保,25,0,25,凱基-鳳山,2023-07-21,9274
2206,三陽工業,31,6,25,凱基-鳳山,2023-07-21,9274
2609,陽明,32,8,24,凱基-鳳山,2023-07-21,9274
1102,亞泥,24,1,23,凱基-鳳山,2023-07-21,9274
2382,廣達,64,41,23,凱基-鳳山,2023-07-21,9274
2301,光寶科,43,21,22,凱基-鳳山,2023-07-21,9274
2349,錸德,22,0,22,凱基-鳳山,2023-07-21,9274
2883,凱基金,22,1,21,凱基-鳳山,2023-07-21,9274
00654R,富邦印度反1,20,0,20,凱基-鳳山,2023-07-21,9274
2330,台積電,24,5,19,凱基-鳳山,2023-07-21,9274
2303,聯電,24,6,18,凱基-鳳山,2023-07-21,9274
2399,映泰,34,17,17,凱基-鳳山,2023-07-21,9274
5880,合庫金,20,3,17,凱基-鳳山,2023-07-21,9274
2344,華邦電,16,0,16,凱基-鳳山,2023-07-21,9274
2460,建通,92,76,16,凱基-鳳山,2023-07-21,9274
1101,台泥,15,0,15,凱基-鳳山,2023-07-21,9274
2888,新光金,29,15,14,凱基-鳳山,2023-07-21,9274
1907,永豐餘,14,1,13,凱基-鳳山,2023-07-21,9274
3481,群創,53,41,12,凱基-鳳山,2023-07-21,9274
6274,台燿,13,1,12,凱基-鳳山,2023-07-21,9274
1605,華新,21,10,11,凱基-鳳山,2023-07-21,9274
3652,精聯,11,0,11,凱基-鳳山,2023-07-21,9274
5706,鳳凰,14,3,11,凱基-鳳山,2023-07-21,9274
8070,長華*,11,0,11,凱基-鳳山,2023-07-21,9274
3013,晟銘電,15,5,10,凱基-鳳山,2023-07-21,9274
2324,仁寶,18,8,10,凱基-鳳山,2023-07-21,9274
2420,新巨,10,0,10,凱基-鳳山,2023-07-21,9274
4707,磐亞,10,0,10,凱基-鳳山,2023-07-21,9274
3564,其陽,10,0,10,凱基-鳳山,2023-07-21,9274
3105,穩懋,10,1,9,凱基-鳳山,2023-07-21,9274
6505,台塑化,9,0,9,凱基-鳳山,2023-07-21,9274
6150,撼訊,10,1,9,凱基-鳳山,2023-07-21,9274
2527,宏璟,8,0,8,凱基-鳳山,2023-07-21,9274
00919,群益台灣精選高息,8,1,7,凱基-鳳山,2023-07-21,9274
00772B,中信高評級公司債,120,0,120,凱基-鳳山,2023-07-24,9274
3014,聯陽,101,0,101,凱基-鳳山,2023-07-24,9274
00665L,富邦�琤肭磪囓�2,100,0,100,凱基-鳳山,2023-07-24,9274
1513,中興電,105,15,90,凱基-鳳山,2023-07-24,9274
2460,建通,101,23,78,凱基-鳳山,2023-07-24,9274
2461,光群雷,112,48,64,凱基-鳳山,2023-07-24,9274
00631L,元大台灣50正2,52,0,52,凱基-鳳山,2023-07-24,9274
00670L,富邦NASDAQ正2,50,0,50,凱基-鳳山,2023-07-24,9274
2705,六福,50,0,50,凱基-鳳山,2023-07-24,9274
3706,神達,60,10,50,凱基-鳳山,2023-07-24,9274
3374,精材,51,2,49,凱基-鳳山,2023-07-24,9274
00679B,元大美債20年,46,2,44,凱基-鳳山,2023-07-24,9274
2027,大成鋼,40,0,40,凱基-鳳山,2023-07-24,9274
2888,新光金,40,0,40,凱基-鳳山,2023-07-24,9274
2887,台新金,39,2,37,凱基-鳳山,2023-07-24,9274
00687B,國泰20年美債,37,0,37,凱基-鳳山,2023-07-24,9274
4919,新唐,44,11,33,凱基-鳳山,2023-07-24,9274
1714,和桐,40,8,32,凱基-鳳山,2023-07-24,9274
2801,彰銀,31,0,31,凱基-鳳山,2023-07-24,9274
6274,台燿,56,25,31,凱基-鳳山,2023-07-24,9274
4707,磐亞,28,0,28,凱基-鳳山,2023-07-24,9274
4977,眾達-KY,27,0,27,凱基-鳳山,2023-07-24,9274
00673R,期元大S＆P原油反1,26,0,26,凱基-鳳山,2023-07-24,9274
3363,上詮,60,35,25,凱基-鳳山,2023-07-24,9274
4533,協易機,23,0,23,凱基-鳳山,2023-07-24,9274
3564,其陽,22,0,22,凱基-鳳山,2023-07-24,9274
6116,彩晶,32,10,22,凱基-鳳山,2023-07-24,9274
2324,仁寶,53,32,21,凱基-鳳山,2023-07-24,9274
2464,盟立,34,13,21,凱基-鳳山,2023-07-24,9274
2890,永豐金,22,1,21,凱基-鳳山,2023-07-24,9274
1101,台泥,33,13,20,凱基-鳳山,2023-07-24,9274
00929,復華台灣科技優息,28,8,20,凱基-鳳山,2023-07-24,9274
2104,國際中橡,20,0,20,凱基-鳳山,2023-07-24,9274
2892,第一金,20,0,20,凱基-鳳山,2023-07-24,9274
3004,豐達科,20,0,20,凱基-鳳山,2023-07-24,9274
4744,皇將,20,0,20,凱基-鳳山,2023-07-24,9274
2884,玉山金,30,11,19,凱基-鳳山,2023-07-24,9274
3037,欣興,32,13,19,凱基-鳳山,2023-07-24,9274
5880,合庫金,19,0,19,凱基-鳳山,2023-07-24,9274
3105,穩懋,17,0,17,凱基-鳳山,2023-07-24,9274
6288,聯嘉,17,1,16,凱基-鳳山,2023-07-24,9274
2462,良得電,14,0,14,凱基-鳳山,2023-07-24,9274
2618,長榮航,77,63,14,凱基-鳳山,2023-07-24,9274
3531,先益,14,0,14,凱基-鳳山,2023-07-24,9274
1217,愛之味,15,2,13,凱基-鳳山,2023-07-24,9274
2340,台亞,18,5,13,凱基-鳳山,2023-07-24,9274
2356,英業達,26,13,13,凱基-鳳山,2023-07-24,9274
8069,元太,12,0,12,凱基-鳳山,2023-07-24,9274
2498,宏達電,12,0,12,凱基-鳳山,2023-07-24,9274
6217,中探針,12,0,12,凱基-鳳山,2023-07-24,9274
00632R,元大台灣50反1,749,271,478,凱基-鳳山,2023-07-25,9274
2897,王道銀行,150,0,150,凱基-鳳山,2023-07-25,9274
00878,國泰永續高股息,113,57,56,凱基-鳳山,2023-07-25,9274
2301,光寶科,81,26,55,凱基-鳳山,2023-07-25,9274
3231,緯創,63,16,47,凱基-鳳山,2023-07-25,9274
9105,泰金寶-DR,47,0,47,凱基-鳳山,2023-07-25,9274
00720B,元大投資級公司債,46,0,46,凱基-鳳山,2023-07-25,9274
00930,永豐ESG低碳高息,42,0,42,凱基-鳳山,2023-07-25,9274
3014,聯陽,46,6,40,凱基-鳳山,2023-07-25,9274
2462,良得電,32,0,32,凱基-鳳山,2023-07-25,9274
1905,華紙,47,17,30,凱基-鳳山,2023-07-25,9274
4919,新唐,29,0,29,凱基-鳳山,2023-07-25,9274
2887,台新金,28,0,28,凱基-鳳山,2023-07-25,9274
8089,康全電訊,26,0,26,凱基-鳳山,2023-07-25,9274
1301,台塑,24,1,23,凱基-鳳山,2023-07-25,9274
2329,華泰,31,10,21,凱基-鳳山,2023-07-25,9274
3706,神達,129,108,21,凱基-鳳山,2023-07-25,9274
00680L,元大美債20正2,20,0,20,凱基-鳳山,2023-07-25,9274
2705,六福,20,0,20,凱基-鳳山,2023-07-25,9274
3071,協禧,35,17,18,凱基-鳳山,2023-07-25,9274
6188,廣明,62,44,18,凱基-鳳山,2023-07-25,9274
00712,復華富時不動產,17,0,17,凱基-鳳山,2023-07-25,9274
1604,聲寶,17,0,17,凱基-鳳山,2023-07-25,9274
1102,亞泥,17,0,17,凱基-鳳山,2023-07-25,9274
6116,彩晶,16,0,16,凱基-鳳山,2023-07-25,9274
1603,華電,16,1,15,凱基-鳳山,2023-07-25,9274
2481,強茂,15,0,15,凱基-鳳山,2023-07-25,9274
6125,廣運,26,12,14,凱基-鳳山,2023-07-25,9274
2324,仁寶,22,9,13,凱基-鳳山,2023-07-25,9274
3481,群創,22,9,13,凱基-鳳山,2023-07-25,9274
1618,合機,22,9,13,凱基-鳳山,2023-07-25,9274
2211,長榮鋼,12,0,12,凱基-鳳山,2023-07-25,9274
2382,廣達,46,34,12,凱基-鳳山,2023-07-25,9274
3227,原相,28,17,11,凱基-鳳山,2023-07-25,9274
8069,元太,13,2,11,凱基-鳳山,2023-07-25,9274
2457,飛宏,13,2,11,凱基-鳳山,2023-07-25,9274
2610,華航,82,71,11,凱基-鳳山,2023-07-25,9274
3033,威健,11,0,11,凱基-鳳山,2023-07-25,9274
3363,上詮,72,61,11,凱基-鳳山,2023-07-25,9274
2449,京元電子,12,2,10,凱基-鳳山,2023-07-25,9274
00679B,元大美債20年,10,0,10,凱基-鳳山,2023-07-25,9274
1342,八貫,10,0,10,凱基-鳳山,2023-07-25,9274
3094,聯傑,10,0,10,凱基-鳳山,2023-07-25,9274
3209,全科,10,0,10,凱基-鳳山,2023-07-25,9274
3312,弘憶股,10,0,10,凱基-鳳山,2023-07-25,9274
3322,建舜電,10,0,10,凱基-鳳山,2023-07-25,9274
3564,其陽,10,0,10,凱基-鳳山,2023-07-25,9274
4976,佳凌,10,0,10,凱基-鳳山,2023-07-25,9274
9945,潤泰新,10,0,10,凱基-鳳山,2023-07-25,9274
9951,皇田,10,0,10,凱基-鳳山,2023-07-25,9274
3481,群創,414,125,289,凱基-鳳山,2023-07-26,9274
2634,漢翔,121,0,121,凱基-鳳山,2023-07-26,9274
2344,華邦電,107,1,106,凱基-鳳山,2023-07-26,9274
3706,神達,102,9,93,凱基-鳳山,2023-07-26,9274
9945,潤泰新,90,1,89,凱基-鳳山,2023-07-26,9274
3591,艾笛森,75,1,74,凱基-鳳山,2023-07-26,9274
6275,元山,116,43,73,凱基-鳳山,2023-07-26,9274
5469,瀚宇博,55,3,52,凱基-鳳山,2023-07-26,9274
2481,強茂,49,0,49,凱基-鳳山,2023-07-26,9274
4919,新唐,45,3,42,凱基-鳳山,2023-07-26,9274
6120,達運,32,0,32,凱基-鳳山,2023-07-26,9274
00679B,元大美債20年,33,1,32,凱基-鳳山,2023-07-26,9274
00878,國泰永續高股息,39,8,31,凱基-鳳山,2023-07-26,9274
2897,王道銀行,32,1,31,凱基-鳳山,2023-07-26,9274
4532,瑞智,54,23,31,凱基-鳳山,2023-07-26,9274
2337,旺宏,33,3,30,凱基-鳳山,2023-07-26,9274
00680L,元大美債20正2,30,0,30,凱基-鳳山,2023-07-26,9274
2705,六福,30,0,30,凱基-鳳山,2023-07-26,9274
1609,大亞,35,6,29,凱基-鳳山,2023-07-26,9274
2801,彰銀,30,1,29,凱基-鳳山,2023-07-26,9274
1504,東元,72,46,26,凱基-鳳山,2023-07-26,9274
3363,上詮,116,90,26,凱基-鳳山,2023-07-26,9274
2002,中鋼,26,1,25,凱基-鳳山,2023-07-26,9274
00753L,中信中國50正2,23,0,23,凱基-鳳山,2023-07-26,9274
4707,磐亞,23,0,23,凱基-鳳山,2023-07-26,9274
1604,聲寶,22,0,22,凱基-鳳山,2023-07-26,9274
2457,飛宏,25,3,22,凱基-鳳山,2023-07-26,9274
2317,鴻海,27,5,22,凱基-鳳山,2023-07-26,9274
6770,力積電,21,0,21,凱基-鳳山,2023-07-26,9274
3227,原相,36,15,21,凱基-鳳山,2023-07-26,9274
3029,零壹,36,16,20,凱基-鳳山,2023-07-26,9274
00927,群益半導體收益,20,0,20,凱基-鳳山,2023-07-26,9274
6285,啟��,24,4,20,凱基-鳳山,2023-07-26,9274
4526,東台,20,0,20,凱基-鳳山,2023-07-26,9274
6104,創惟,43,24,19,凱基-鳳山,2023-07-26,9274
3711,日月光投控,23,4,19,凱基-鳳山,2023-07-26,9274
2495,普安,18,0,18,凱基-鳳山,2023-07-26,9274
2460,建通,45,28,17,凱基-鳳山,2023-07-26,9274
2461,光群雷,21,4,17,凱基-鳳山,2023-07-26,9274
00929,復華台灣科技優息,17,0,17,凱基-鳳山,2023-07-26,9274
6756,威鋒電子,16,0,16,凱基-鳳山,2023-07-26,9274
2884,玉山金,21,7,14,凱基-鳳山,2023-07-26,9274
2351,順德,14,1,13,凱基-鳳山,2023-07-26,9274
2371,大同,14,2,12,凱基-鳳山,2023-07-26,9274
3047,訊舟,12,0,12,凱基-鳳山,2023-07-26,9274
6288,聯嘉,12,0,12,凱基-鳳山,2023-07-26,9274
6282,康舒,43,31,12,凱基-鳳山,2023-07-26,9274
1618,合機,17,6,11,凱基-鳳山,2023-07-26,9274
020022,元大電動車N,10,0,10,凱基-鳳山,2023-07-26,9274
1587,吉茂,11,1,10,凱基-鳳山,2023-07-26,9274
00878,國泰永續高股息,111,21,90,凱基-鳳山,2023-07-27,9274
2884,玉山金,83,1,82,凱基-鳳山,2023-07-27,9274
6275,元山,140,97,43,凱基-鳳山,2023-07-27,9274
00637L,元大滬深300正2,230,187,43,凱基-鳳山,2023-07-27,9274
2886,兆豐金,55,16,39,凱基-鳳山,2023-07-27,9274
5469,瀚宇博,39,3,36,凱基-鳳山,2023-07-27,9274
5452,佶優,35,1,34,凱基-鳳山,2023-07-27,9274
2867,三商壽,50,20,30,凱基-鳳山,2023-07-27,9274
3363,上詮,58,29,29,凱基-鳳山,2023-07-27,9274
3231,緯創,45,18,27,凱基-鳳山,2023-07-27,9274
2460,建通,44,17,27,凱基-鳳山,2023-07-27,9274
2617,台航,23,0,23,凱基-鳳山,2023-07-27,9274
2405,輔信,34,13,21,凱基-鳳山,2023-07-27,9274
1471,首利,21,1,20,凱基-鳳山,2023-07-27,9274
2301,光寶科,45,27,18,凱基-鳳山,2023-07-27,9274
2399,映泰,17,2,15,凱基-鳳山,2023-07-27,9274
3591,艾笛森,54,39,15,凱基-鳳山,2023-07-27,9274
6015,宏遠證,18,3,15,凱基-鳳山,2023-07-27,9274
8201,無敵,20,5,15,凱基-鳳山,2023-07-27,9274
1907,永豐餘,41,27,14,凱基-鳳山,2023-07-27,9274
3338,泰碩,19,6,13,凱基-鳳山,2023-07-27,9274
2027,大成鋼,35,22,13,凱基-鳳山,2023-07-27,9274
0056,元大高股息,22,9,13,凱基-鳳山,2023-07-27,9274
2382,廣達,47,35,12,凱基-鳳山,2023-07-27,9274
00720B,元大投資級公司債,12,0,12,凱基-鳳山,2023-07-27,9274
2890,永豐金,14,2,12,凱基-鳳山,2023-07-27,9274
3037,欣興,13,2,11,凱基-鳳山,2023-07-27,9274
2340,台亞,25,14,11,凱基-鳳山,2023-07-27,9274
6282,康舒,52,41,11,凱基-鳳山,2023-07-27,9274
1434,福懋,10,0,10,凱基-鳳山,2023-07-27,9274
8176,智捷,10,0,10,凱基-鳳山,2023-07-27,9274
9934,成霖,10,0,10,凱基-鳳山,2023-07-27,9274
2317,鴻海,10,1,9,凱基-鳳山,2023-07-27,9274
00679B,元大美債20年,14,5,9,凱基-鳳山,2023-07-27,9274
2359,所羅門,13,4,9,凱基-鳳山,2023-07-27,9274
2462,良得電,10,1,9,凱基-鳳山,2023-07-27,9274
3715,定穎投控,11,2,9,凱基-鳳山,2023-07-27,9274
2887,台新金,11,3,8,凱基-鳳山,2023-07-27,9274
1305,華夏,8,0,8,凱基-鳳山,2023-07-27,9274
2425,承啟,18,10,8,凱基-鳳山,2023-07-27,9274
6116,彩晶,48,40,8,凱基-鳳山,2023-07-27,9274
2480,敦陽科,13,5,8,凱基-鳳山,2023-07-27,9274
1504,東元,14,7,7,凱基-鳳山,2023-07-27,9274
2356,英業達,27,20,7,凱基-鳳山,2023-07-27,9274
00713,元大台灣高息低波,7,0,7,凱基-鳳山,2023-07-27,9274
2618,長榮航,170,163,7,凱基-鳳山,2023-07-27,9274
4532,瑞智,10,3,7,凱基-鳳山,2023-07-27,9274
4919,新唐,48,41,7,凱基-鳳山,2023-07-27,9274
8271,宇瞻,12,5,7,凱基-鳳山,2023-07-27,9274
3583,辛耘,11,5,6,凱基-鳳山,2023-07-27,9274
00680L,元大美債20正2,274,0,274,凱基-鳳山,2023-07-28,9274
00688L,國泰20年美債正2,134,0,134,凱基-鳳山,2023-07-28,9274
3706,神達,95,3,92,凱基-鳳山,2023-07-28,9274
1471,首利,105,15,90,凱基-鳳山,2023-07-28,9274
4973,廣穎,62,1,61,凱基-鳳山,2023-07-28,9274
3591,艾笛森,59,0,59,凱基-鳳山,2023-07-28,9274
3014,聯陽,354,301,53,凱基-鳳山,2023-07-28,9274
00679B,元大美債20年,93,46,47,凱基-鳳山,2023-07-28,9274
00929,復華台灣科技優息,37,1,36,凱基-鳳山,2023-07-28,9274
4919,新唐,66,31,35,凱基-鳳山,2023-07-28,9274
6535,順藥,42,9,33,凱基-鳳山,2023-07-28,9274
6016,康和證,58,26,32,凱基-鳳山,2023-07-28,9274
2002,中鋼,55,24,31,凱基-鳳山,2023-07-28,9274
2617,台航,30,0,30,凱基-鳳山,2023-07-28,9274
3025,星通,30,1,29,凱基-鳳山,2023-07-28,9274
3363,上詮,69,40,29,凱基-鳳山,2023-07-28,9274
2610,華航,33,6,27,凱基-鳳山,2023-07-28,9274
6550,北極星藥業-KY,25,0,25,凱基-鳳山,2023-07-28,9274
2317,鴻海,25,0,25,凱基-鳳山,2023-07-28,9274
1727,中華化,22,0,22,凱基-鳳山,2023-07-28,9274
00720B,元大投資級公司債,21,0,21,凱基-鳳山,2023-07-28,9274
6288,聯嘉,23,2,21,凱基-鳳山,2023-07-28,9274
3033,威健,20,0,20,凱基-鳳山,2023-07-28,9274
2891,中信金,20,1,19,凱基-鳳山,2023-07-28,9274
2312,金寶,22,3,19,凱基-鳳山,2023-07-28,9274
1802,台玻,32,15,17,凱基-鳳山,2023-07-28,9274
00687B,國泰20年美債,17,0,17,凱基-鳳山,2023-07-28,9274
2027,大成鋼,48,31,17,凱基-鳳山,2023-07-28,9274
3234,光環,20,3,17,凱基-鳳山,2023-07-28,9274
2539,櫻花建,16,0,16,凱基-鳳山,2023-07-28,9274
4533,協易機,32,16,16,凱基-鳳山,2023-07-28,9274
2303,聯電,26,11,15,凱基-鳳山,2023-07-28,9274
8213,志超,15,0,15,凱基-鳳山,2023-07-28,9274
3035,智原,16,2,14,凱基-鳳山,2023-07-28,9274
00772B,中信高評級公司債,14,0,14,凱基-鳳山,2023-07-28,9274
2340,台亞,18,5,13,凱基-鳳山,2023-07-28,9274
2618,長榮航,34,21,13,凱基-鳳山,2023-07-28,9274
00722B,群益投資級電信債,12,0,12,凱基-鳳山,2023-07-28,9274
3105,穩懋,14,2,12,凱基-鳳山,2023-07-28,9274
3689,湧德,15,3,12,凱基-鳳山,2023-07-28,9274
1216,統一,11,0,11,凱基-鳳山,2023-07-28,9274
2889,國票金,30,19,11,凱基-鳳山,2023-07-28,9274
2356,英業達,23,13,10,凱基-鳳山,2023-07-28,9274
00706L,期元大S＆P日圓正2,10,0,10,凱基-鳳山,2023-07-28,9274
00850,元大臺灣ESG永續,10,0,10,凱基-鳳山,2023-07-28,9274
3516,亞帝歐,10,0,10,凱基-鳳山,2023-07-28,9274
4961,天鈺,10,1,9,凱基-鳳山,2023-07-28,9274
1504,東元,11,2,9,凱基-鳳山,2023-07-28,9274
00673R,期元大S＆P原油反1,9,0,9,凱基-鳳山,2023-07-28,9274
2605,新興,10,1,9,凱基-鳳山,2023-07-28,9274
00929,復華台灣科技優息,108,4,104,凱基-鳳山,2023-07-31,9274
2891,中信金,94,1,93,凱基-鳳山,2023-07-31,9274
2888,新光金,101,15,86,凱基-鳳山,2023-07-31,9274
2481,強茂,79,0,79,凱基-鳳山,2023-07-31,9274
3231,緯創,98,22,76,凱基-鳳山,2023-07-31,9274
2405,輔信,72,1,71,凱基-鳳山,2023-07-31,9274
2324,仁寶,59,5,54,凱基-鳳山,2023-07-31,9274
2867,三商壽,52,0,52,凱基-鳳山,2023-07-31,9274
2610,華航,57,13,44,凱基-鳳山,2023-07-31,9274
3014,聯陽,153,110,43,凱基-鳳山,2023-07-31,9274
2382,廣達,66,24,42,凱基-鳳山,2023-07-31,9274
3481,群創,64,23,41,凱基-鳳山,2023-07-31,9274
00706L,期元大S＆P日圓正2,40,0,40,凱基-鳳山,2023-07-31,9274
4707,磐亞,40,0,40,凱基-鳳山,2023-07-31,9274
0056,元大高股息,81,51,30,凱基-鳳山,2023-07-31,9274
6147,頎邦,30,0,30,凱基-鳳山,2023-07-31,9274
2883,凱基金,33,5,28,凱基-鳳山,2023-07-31,9274
2369,菱生,27,0,27,凱基-鳳山,2023-07-31,9274
3037,欣興,30,5,25,凱基-鳳山,2023-07-31,9274
3363,上詮,88,64,24,凱基-鳳山,2023-07-31,9274
2323,中環,26,4,22,凱基-鳳山,2023-07-31,9274
1815,富喬,39,17,22,凱基-鳳山,2023-07-31,9274
2002,中鋼,30,10,20,凱基-鳳山,2023-07-31,9274
4967,十銓,21,2,19,凱基-鳳山,2023-07-31,9274
2014,中鴻,25,6,19,凱基-鳳山,2023-07-31,9274
6269,台郡,19,0,19,凱基-鳳山,2023-07-31,9274
3689,湧德,30,12,18,凱基-鳳山,2023-07-31,9274
2352,佳世達,16,0,16,凱基-鳳山,2023-07-31,9274
3045,台灣大,16,0,16,凱基-鳳山,2023-07-31,9274
2337,旺宏,20,5,15,凱基-鳳山,2023-07-31,9274
2371,大同,19,4,15,凱基-鳳山,2023-07-31,9274
00795B,中信美國公債20年,15,0,15,凱基-鳳山,2023-07-31,9274
4123,晟德,16,1,15,凱基-鳳山,2023-07-31,9274
8089,康全電訊,15,0,15,凱基-鳳山,2023-07-31,9274
2409,友達,17,2,15,凱基-鳳山,2023-07-31,9274
00679B,元大美債20年,27,13,14,凱基-鳳山,2023-07-31,9274
00922,國泰台灣領袖50,14,0,14,凱基-鳳山,2023-07-31,9274
6161,捷波,14,0,14,凱基-鳳山,2023-07-31,9274
6285,啟��,36,22,14,凱基-鳳山,2023-07-31,9274
00930,永豐ESG低碳高息,13,0,13,凱基-鳳山,2023-07-31,9274
8201,無敵,12,0,12,凱基-鳳山,2023-07-31,9274
1503,士電,12,1,11,凱基-鳳山,2023-07-31,9274
00919,群益台灣精選高息,12,2,10,凱基-鳳山,2023-07-31,9274
6509,聚和,10,0,10,凱基-鳳山,2023-07-31,9274
4961,天鈺,10,0,10,凱基-鳳山,2023-07-31,9274
6441,廣錠,10,0,10,凱基-鳳山,2023-07-31,9274
4721,美琪瑪,10,0,10,凱基-鳳山,2023-07-31,9274
2357,華碩,14,4,10,凱基-鳳山,2023-07-31,9274
00720B,元大投資級公司債,10,0,10,凱基-鳳山,2023-07-31,9274
2030,彰源,10,0,10,凱基-鳳山,2023-07-31,9274
2324,仁寶,301,4,297,凱基-鳳山,2023-08-01,9274
6218,豪勉,195,75,120,凱基-鳳山,2023-08-01,9274
2329,華泰,116,3,113,凱基-鳳山,2023-08-01,9274
4919,新唐,111,3,108,凱基-鳳山,2023-08-01,9274
00795B,中信美國公債20年,90,0,90,凱基-鳳山,2023-08-01,9274
5469,瀚宇博,84,0,84,凱基-鳳山,2023-08-01,9274
3014,聯陽,104,26,78,凱基-鳳山,2023-08-01,9274
2382,廣達,118,56,62,凱基-鳳山,2023-08-01,9274
2363,矽統,269,212,57,凱基-鳳山,2023-08-01,9274
1301,台塑,56,7,49,凱基-鳳山,2023-08-01,9274
00929,復華台灣科技優息,43,0,43,凱基-鳳山,2023-08-01,9274
3189,景碩,46,8,38,凱基-鳳山,2023-08-01,9274
2617,台航,35,0,35,凱基-鳳山,2023-08-01,9274
2836,高雄銀,30,0,30,凱基-鳳山,2023-08-01,9274
2312,金寶,37,11,26,凱基-鳳山,2023-08-01,9274
2891,中信金,26,0,26,凱基-鳳山,2023-08-01,9274
6122,擎邦,25,0,25,凱基-鳳山,2023-08-01,9274
1905,華紙,33,10,23,凱基-鳳山,2023-08-01,9274
5203,訊連,26,4,22,凱基-鳳山,2023-08-01,9274
00706L,期元大S＆P日圓正2,20,0,20,凱基-鳳山,2023-08-01,9274
3163,波若威,43,24,19,凱基-鳳山,2023-08-01,9274
2344,華邦電,24,6,18,凱基-鳳山,2023-08-01,9274
3029,零壹,19,4,15,凱基-鳳山,2023-08-01,9274
3588,通嘉,23,8,15,凱基-鳳山,2023-08-01,9274
6213,聯茂,16,1,15,凱基-鳳山,2023-08-01,9274
0056,元大高股息,21,6,15,凱基-鳳山,2023-08-01,9274
6282,康舒,24,11,13,凱基-鳳山,2023-08-01,9274
00673R,期元大S＆P原油反1,13,0,13,凱基-鳳山,2023-08-01,9274
2401,凌陽,13,0,13,凱基-鳳山,2023-08-01,9274
2301,光寶科,36,24,12,凱基-鳳山,2023-08-01,9274
2885,元大金,12,0,12,凱基-鳳山,2023-08-01,9274
3673,TPK-KY,12,0,12,凱基-鳳山,2023-08-01,9274
2002,中鋼,11,0,11,凱基-鳳山,2023-08-01,9274
3003,健和興,11,0,11,凱基-鳳山,2023-08-01,9274
3033,威健,11,0,11,凱基-鳳山,2023-08-01,9274
6589,台康生技,11,0,11,凱基-鳳山,2023-08-01,9274
00925,新光標普電動車,10,0,10,凱基-鳳山,2023-08-01,9274
2027,大成鋼,10,0,10,凱基-鳳山,2023-08-01,9274
2390,云辰,10,0,10,凱基-鳳山,2023-08-01,9274
2495,普安,10,0,10,凱基-鳳山,2023-08-01,9274
2634,漢翔,13,3,10,凱基-鳳山,2023-08-01,9274
5328,華容,10,0,10,凱基-鳳山,2023-08-01,9274
5371,中光電,32,22,10,凱基-鳳山,2023-08-01,9274
5498,凱崴,10,0,10,凱基-鳳山,2023-08-01,9274
6411,晶焱,10,1,9,凱基-鳳山,2023-08-01,9274
6550,北極星藥業-KY,20,11,9,凱基-鳳山,2023-08-01,9274
00631L,元大台灣50正2,8,0,8,凱基-鳳山,2023-08-01,9274
3036,文曄,11,3,8,凱基-鳳山,2023-08-01,9274
8176,智捷,8,0,8,凱基-鳳山,2023-08-01,9274
3324,雙鴻,14,6,8,凱基-鳳山,2023-08-01,9274
2884,玉山金,403,0,403,凱基-鳳山,2023-08-02,9274
00753L,中信中國50正2,330,0,330,凱基-鳳山,2023-08-02,9274
3481,群創,163,18,145,凱基-鳳山,2023-08-02,9274
00878,國泰永續高股息,213,68,145,凱基-鳳山,2023-08-02,9274
00929,復華台灣科技優息,102,2,100,凱基-鳳山,2023-08-02,9274
5880,合庫金,93,1,92,凱基-鳳山,2023-08-02,9274
6016,康和證,65,0,65,凱基-鳳山,2023-08-02,9274
00923,群益台ESG低碳50,63,1,62,凱基-鳳山,2023-08-02,9274
2332,友訊,60,2,58,凱基-鳳山,2023-08-02,9274
1504,東元,58,2,56,凱基-鳳山,2023-08-02,9274
00688L,國泰20年美債正2,53,0,53,凱基-鳳山,2023-08-02,9274
2886,兆豐金,53,0,53,凱基-鳳山,2023-08-02,9274
2303,聯電,56,4,52,凱基-鳳山,2023-08-02,9274
4707,磐亞,50,0,50,凱基-鳳山,2023-08-02,9274
2891,中信金,47,0,47,凱基-鳳山,2023-08-02,9274
2888,新光金,56,10,46,凱基-鳳山,2023-08-02,9274
6218,豪勉,84,40,44,凱基-鳳山,2023-08-02,9274
0056,元大高股息,49,6,43,凱基-鳳山,2023-08-02,9274
00665L,富邦�琤肭磪囓�2,41,0,41,凱基-鳳山,2023-08-02,9274
3231,緯創,146,106,40,凱基-鳳山,2023-08-02,9274
6282,康舒,42,5,37,凱基-鳳山,2023-08-02,9274
00713,元大台灣高息低波,36,1,35,凱基-鳳山,2023-08-02,9274
2002,中鋼,34,0,34,凱基-鳳山,2023-08-02,9274
3014,聯陽,116,87,29,凱基-鳳山,2023-08-02,9274
00633L,富邦上証正2,31,3,28,凱基-鳳山,2023-08-02,9274
00907,永豐優息存股,28,0,28,凱基-鳳山,2023-08-02,9274
2324,仁寶,32,4,28,凱基-鳳山,2023-08-02,9274
6117,迎廣,28,1,27,凱基-鳳山,2023-08-02,9274
2030,彰源,26,0,26,凱基-鳳山,2023-08-02,9274
2363,矽統,60,34,26,凱基-鳳山,2023-08-02,9274
2409,友達,28,3,25,凱基-鳳山,2023-08-02,9274
5425,台半,25,0,25,凱基-鳳山,2023-08-02,9274
00631L,元大台灣50正2,24,0,24,凱基-鳳山,2023-08-02,9274
2356,英業達,60,37,23,凱基-鳳山,2023-08-02,9274
2340,台亞,33,10,23,凱基-鳳山,2023-08-02,9274
2913,農林,149,127,22,凱基-鳳山,2023-08-02,9274
00900,富邦特選高股息30,36,15,21,凱基-鳳山,2023-08-02,9274
00680L,元大美債20正2,35,14,21,凱基-鳳山,2023-08-02,9274
00795B,中信美國公債20年,20,0,20,凱基-鳳山,2023-08-02,9274
00706L,期元大S＆P日圓正2,20,0,20,凱基-鳳山,2023-08-02,9274
2617,台航,20,0,20,凱基-鳳山,2023-08-02,9274
3545,敦泰,20,0,20,凱基-鳳山,2023-08-02,9274
4934,太極,20,0,20,凱基-鳳山,2023-08-02,9274
00915,凱基優選高股息30,19,2,17,凱基-鳳山,2023-08-02,9274
3380,明泰,24,7,17,凱基-鳳山,2023-08-02,9274
5009,榮剛,19,2,17,凱基-鳳山,2023-08-02,9274
3264,欣銓,16,0,16,凱基-鳳山,2023-08-02,9274
00679B,元大美債20年,33,18,15,凱基-鳳山,2023-08-02,9274
2352,佳世達,23,8,15,凱基-鳳山,2023-08-02,9274
2317,鴻海,20,5,15,凱基-鳳山,2023-08-02,9274
00680L,元大美債20正2,239,2,237,凱基-鳳山,2023-08-04,9274
00929,復華台灣科技優息,184,5,179,凱基-鳳山,2023-08-04,9274
00673R,期元大S＆P原油反1,142,0,142,凱基-鳳山,2023-08-04,9274
00631L,元大台灣50正2,101,0,101,凱基-鳳山,2023-08-04,9274
00670L,富邦NASDAQ正2,100,0,100,凱基-鳳山,2023-08-04,9274
00688L,國泰20年美債正2,76,0,76,凱基-鳳山,2023-08-04,9274
00923,群益台ESG低碳50,79,8,71,凱基-鳳山,2023-08-04,9274
3047,訊舟,67,1,66,凱基-鳳山,2023-08-04,9274
8027,鈦昇,60,6,54,凱基-鳳山,2023-08-04,9274
00878,國泰永續高股息,91,37,54,凱基-鳳山,2023-08-04,9274
00795B,中信美國公債20年,54,0,54,凱基-鳳山,2023-08-04,9274
2353,宏��,54,5,49,凱基-鳳山,2023-08-04,9274
3231,緯創,206,159,47,凱基-鳳山,2023-08-04,9274
1605,華新,142,99,43,凱基-鳳山,2023-08-04,9274
00679B,元大美債20年,85,43,42,凱基-鳳山,2023-08-04,9274
5425,台半,42,0,42,凱基-鳳山,2023-08-04,9274
6274,台燿,48,8,40,凱基-鳳山,2023-08-04,9274
1609,大亞,57,21,36,凱基-鳳山,2023-08-04,9274
2344,華邦電,44,8,36,凱基-鳳山,2023-08-04,9274
1802,台玻,48,15,33,凱基-鳳山,2023-08-04,9274
00720B,元大投資級公司債,30,0,30,凱基-鳳山,2023-08-04,9274
2888A,新光金甲特,30,0,30,凱基-鳳山,2023-08-04,9274
2891,中信金,29,0,29,凱基-鳳山,2023-08-04,9274
4938,和碩,29,0,29,凱基-鳳山,2023-08-04,9274
6282,康舒,39,11,28,凱基-鳳山,2023-08-04,9274
2014,中鴻,32,7,25,凱基-鳳山,2023-08-04,9274
2498,宏達電,34,10,24,凱基-鳳山,2023-08-04,9274
1727,中華化,63,40,23,凱基-鳳山,2023-08-04,9274
8215,明基材,23,0,23,凱基-鳳山,2023-08-04,9274
1608,華榮,32,10,22,凱基-鳳山,2023-08-04,9274
00857B,永豐20年美公債,21,0,21,凱基-鳳山,2023-08-04,9274
2462,良得電,21,0,21,凱基-鳳山,2023-08-04,9274
9927,泰銘,26,5,21,凱基-鳳山,2023-08-04,9274
2338,光罩,25,5,20,凱基-鳳山,2023-08-04,9274
3024,憶聲,20,0,20,凱基-鳳山,2023-08-04,9274
2618,長榮航,22,5,17,凱基-鳳山,2023-08-04,9274
00900,富邦特選高股息30,16,0,16,凱基-鳳山,2023-08-04,9274
0056,元大高股息,20,6,14,凱基-鳳山,2023-08-04,9274
2610,華航,16,3,13,凱基-鳳山,2023-08-04,9274
1503,士電,12,0,12,凱基-鳳山,2023-08-04,9274
2312,金寶,26,14,12,凱基-鳳山,2023-08-04,9274
1216,統一,12,0,12,凱基-鳳山,2023-08-04,9274
00772B,中信高評級公司債,12,0,12,凱基-鳳山,2023-08-04,9274
2352,佳世達,18,6,12,凱基-鳳山,2023-08-04,9274
00882,中信中國高股息,20,9,11,凱基-鳳山,2023-08-04,9274
2481,強茂,12,1,11,凱基-鳳山,2023-08-04,9274
2913,農林,24,13,11,凱基-鳳山,2023-08-04,9274
00881,國泰台灣5G+,10,0,10,凱基-鳳山,2023-08-04,9274
5388,中磊,11,1,10,凱基-鳳山,2023-08-04,9274
00722B,群益投資級電信債,10,0,10,凱基-鳳山,2023-08-04,9274
00931B,統一美債20年,741,22,719,凱基-鳳山,2023-08-07,9274
00632R,元大台灣50反1,341,0,341,凱基-鳳山,2023-08-07,9274
00882,中信中國高股息,223,1,222,凱基-鳳山,2023-08-07,9274
2891,中信金,89,1,88,凱基-鳳山,2023-08-07,9274
3047,訊舟,81,0,81,凱基-鳳山,2023-08-07,9274
1513,中興電,82,3,79,凱基-鳳山,2023-08-07,9274
2801,彰銀,76,2,74,凱基-鳳山,2023-08-07,9274
5236,凌陽創新,66,3,63,凱基-鳳山,2023-08-07,9274
2890,永豐金,62,0,62,凱基-鳳山,2023-08-07,9274
00712,復華富時不動產,58,0,58,凱基-鳳山,2023-08-07,9274
1314,中石化,46,1,45,凱基-鳳山,2023-08-07,9274
3591,艾笛森,54,17,37,凱基-鳳山,2023-08-07,9274
5351,鈺創,30,0,30,凱基-鳳山,2023-08-07,9274
00679B,元大美債20年,33,5,28,凱基-鳳山,2023-08-07,9274
6120,達運,30,2,28,凱基-鳳山,2023-08-07,9274
5009,榮剛,27,1,26,凱基-鳳山,2023-08-07,9274
1905,華紙,46,21,25,凱基-鳳山,2023-08-07,9274
00670L,富邦NASDAQ正2,23,0,23,凱基-鳳山,2023-08-07,9274
2359,所羅門,21,0,21,凱基-鳳山,2023-08-07,9274
2497,怡利電,20,0,20,凱基-鳳山,2023-08-07,9274
00923,群益台ESG低碳50,24,5,19,凱基-鳳山,2023-08-07,9274
2419,仲琦,22,3,19,凱基-鳳山,2023-08-07,9274
4533,協易機,20,1,19,凱基-鳳山,2023-08-07,9274
6275,元山,21,2,19,凱基-鳳山,2023-08-07,9274
2913,農林,103,85,18,凱基-鳳山,2023-08-07,9274
1720,生達,17,0,17,凱基-鳳山,2023-08-07,9274
3004,豐達科,18,1,17,凱基-鳳山,2023-08-07,9274
8034,榮群,18,1,17,凱基-鳳山,2023-08-07,9274
9958,世紀鋼,17,0,17,凱基-鳳山,2023-08-07,9274
2603,長榮,31,15,16,凱基-鳳山,2023-08-07,9274
1310,台苯,16,0,16,凱基-鳳山,2023-08-07,9274
2312,金寶,16,0,16,凱基-鳳山,2023-08-07,9274
3380,明泰,18,2,16,凱基-鳳山,2023-08-07,9274
1609,大亞,18,3,15,凱基-鳳山,2023-08-07,9274
00929,復華台灣科技優息,14,0,14,凱基-鳳山,2023-08-07,9274
2317,鴻海,16,2,14,凱基-鳳山,2023-08-07,9274
4977,眾達-KY,13,0,13,凱基-鳳山,2023-08-07,9274
8050,廣積,30,17,13,凱基-鳳山,2023-08-07,9274
5388,中磊,13,1,12,凱基-鳳山,2023-08-07,9274
3033,威健,12,0,12,凱基-鳳山,2023-08-07,9274
4967,十銓,22,11,11,凱基-鳳山,2023-08-07,9274
00900,富邦特選高股息30,11,0,11,凱基-鳳山,2023-08-07,9274
3715,定穎投控,39,28,11,凱基-鳳山,2023-08-07,9274
00772B,中信高評級公司債,10,0,10,凱基-鳳山,2023-08-07,9274
2344,華邦電,10,0,10,凱基-鳳山,2023-08-07,9274
5483,中美晶,10,0,10,凱基-鳳山,2023-08-07,9274
8110,華東,10,0,10,凱基-鳳山,2023-08-07,9274
00830,國泰費城半導體,11,2,9,凱基-鳳山,2023-08-07,9274
2425,承啟,10,1,9,凱基-鳳山,2023-08-07,9274
2440,太空梭,9,0,9,凱基-鳳山,2023-08-07,9274
00673R,期元大S＆P原油反1,100,0,100,凱基-鳳山,2023-08-08,9274
00687B,國泰20年美債,97,0,97,凱基-鳳山,2023-08-08,9274
00900,富邦特選高股息30,87,0,87,凱基-鳳山,2023-08-08,9274
3047,訊舟,84,0,84,凱基-鳳山,2023-08-08,9274
2401,凌陽,66,0,66,凱基-鳳山,2023-08-08,9274
5236,凌陽創新,70,14,56,凱基-鳳山,2023-08-08,9274
3231,緯創,122,71,51,凱基-鳳山,2023-08-08,9274
3044,健鼎,58,12,46,凱基-鳳山,2023-08-08,9274
00929,復華台灣科技優息,36,0,36,凱基-鳳山,2023-08-08,9274
00650L,復華香港正2,30,0,30,凱基-鳳山,2023-08-08,9274
00923,群益台ESG低碳50,26,0,26,凱基-鳳山,2023-08-08,9274
4938,和碩,28,3,25,凱基-鳳山,2023-08-08,9274
00878,國泰永續高股息,31,6,25,凱基-鳳山,2023-08-08,9274
2880,華南金,21,0,21,凱基-鳳山,2023-08-08,9274
2356,英業達,101,81,20,凱基-鳳山,2023-08-08,9274
00637L,元大滬深300正2,120,100,20,凱基-鳳山,2023-08-08,9274
3014,聯陽,78,58,20,凱基-鳳山,2023-08-08,9274
1513,中興電,22,3,19,凱基-鳳山,2023-08-08,9274
00680L,元大美債20正2,38,20,18,凱基-鳳山,2023-08-08,9274
3704,合勤控,20,2,18,凱基-鳳山,2023-08-08,9274
4961,天鈺,19,1,18,凱基-鳳山,2023-08-08,9274
3092,鴻碩,17,0,17,凱基-鳳山,2023-08-08,9274
9958,世紀鋼,75,59,16,凱基-鳳山,2023-08-08,9274
2885,元大金,30,15,15,凱基-鳳山,2023-08-08,9274
2388,威盛,59,45,14,凱基-鳳山,2023-08-08,9274
2883,凱基金,16,2,14,凱基-鳳山,2023-08-08,9274
1234,黑松,14,0,14,凱基-鳳山,2023-08-08,9274
00931B,統一美債20年,64,50,14,凱基-鳳山,2023-08-08,9274
2303,聯電,20,6,14,凱基-鳳山,2023-08-08,9274
8201,無敵,13,0,13,凱基-鳳山,2023-08-08,9274
00679B,元大美債20年,175,163,12,凱基-鳳山,2023-08-08,9274
2027,大成鋼,14,2,12,凱基-鳳山,2023-08-08,9274
2801,彰銀,12,0,12,凱基-鳳山,2023-08-08,9274
3045,台灣大,12,0,12,凱基-鳳山,2023-08-08,9274
6841,長佳智能,12,0,12,凱基-鳳山,2023-08-08,9274
2376,技嘉,14,3,11,凱基-鳳山,2023-08-08,9274
6770,力積電,11,0,11,凱基-鳳山,2023-08-08,9274
6533,晶心科,11,0,11,凱基-鳳山,2023-08-08,9274
1101,台泥,10,0,10,凱基-鳳山,2023-08-08,9274
2353,宏��,13,3,10,凱基-鳳山,2023-08-08,9274
2637,慧洋-KY,10,0,10,凱基-鳳山,2023-08-08,9274
3033,威健,10,0,10,凱基-鳳山,2023-08-08,9274
3305,昇貿,10,0,10,凱基-鳳山,2023-08-08,9274
6216,居易,10,0,10,凱基-鳳山,2023-08-08,9274
2313,華通,11,2,9,凱基-鳳山,2023-08-08,9274
2359,所羅門,11,2,9,凱基-鳳山,2023-08-08,9274
6117,迎廣,11,2,9,凱基-鳳山,2023-08-08,9274
3037,欣興,11,3,8,凱基-鳳山,2023-08-08,9274
00930,永豐ESG低碳高息,8,0,8,凱基-鳳山,2023-08-08,9274
1905,華紙,11,3,8,凱基-鳳山,2023-08-08,9274
2002,中鋼,238,0,238,凱基-鳳山,2023-08-09,9274
00882,中信中國高股息,141,1,140,凱基-鳳山,2023-08-09,9274
2344,華邦電,110,0,110,凱基-鳳山,2023-08-09,9274
4906,正文,129,45,84,凱基-鳳山,2023-08-09,9274
00929,復華台灣科技優息,61,0,61,凱基-鳳山,2023-08-09,9274
3231,緯創,97,46,51,凱基-鳳山,2023-08-09,9274
2401,凌陽,75,32,43,凱基-鳳山,2023-08-09,9274
00900,富邦特選高股息30,44,3,41,凱基-鳳山,2023-08-09,9274
2481,強茂,32,0,32,凱基-鳳山,2023-08-09,9274
2801,彰銀,25,0,25,凱基-鳳山,2023-08-09,9274
1584,精剛,29,4,25,凱基-鳳山,2023-08-09,9274
8069,元太,24,0,24,凱基-鳳山,2023-08-09,9274
00931B,統一美債20年,92,68,24,凱基-鳳山,2023-08-09,9274
8996,高力,22,0,22,凱基-鳳山,2023-08-09,9274
00923,群益台ESG低碳50,24,2,22,凱基-鳳山,2023-08-09,9274
6182,合晶,22,0,22,凱基-鳳山,2023-08-09,9274
5880,合庫金,21,0,21,凱基-鳳山,2023-08-09,9274
3346,麗清,20,0,20,凱基-鳳山,2023-08-09,9274
1905,華紙,20,3,17,凱基-鳳山,2023-08-09,9274
2890,永豐金,36,21,15,凱基-鳳山,2023-08-09,9274
2340,台亞,15,1,14,凱基-鳳山,2023-08-09,9274
2913,農林,19,5,14,凱基-鳳山,2023-08-09,9274
00712,復華富時不動產,14,1,13,凱基-鳳山,2023-08-09,9274
3380,明泰,13,0,13,凱基-鳳山,2023-08-09,9274
4979,華星光,12,0,12,凱基-鳳山,2023-08-09,9274
5483,中美晶,11,0,11,凱基-鳳山,2023-08-09,9274
2530,華建,12,1,11,凱基-鳳山,2023-08-09,9274
8086,宏捷科,11,0,11,凱基-鳳山,2023-08-09,9274
00673R,期元大S＆P原油反1,10,0,10,凱基-鳳山,2023-08-09,9274
00902,中信電池及儲能,10,0,10,凱基-鳳山,2023-08-09,9274
2495,普安,10,0,10,凱基-鳳山,2023-08-09,9274
2834,臺企銀,10,0,10,凱基-鳳山,2023-08-09,9274
3003,健和興,10,0,10,凱基-鳳山,2023-08-09,9274
6104,創惟,10,0,10,凱基-鳳山,2023-08-09,9274
6156,松上,10,0,10,凱基-鳳山,2023-08-09,9274
6550,北極星藥業-KY,10,0,10,凱基-鳳山,2023-08-09,9274
2891,中信金,9,0,9,凱基-鳳山,2023-08-09,9274
2356,英業達,43,34,9,凱基-鳳山,2023-08-09,9274
6112,邁達特,9,0,9,凱基-鳳山,2023-08-09,9274
2316,楠梓電,12,4,8,凱基-鳳山,2023-08-09,9274
6275,元山,9,1,8,凱基-鳳山,2023-08-09,9274
2206,三陽工業,21,13,8,凱基-鳳山,2023-08-09,9274
1514,亞力,8,1,7,凱基-鳳山,2023-08-09,9274
6117,迎廣,7,0,7,凱基-鳳山,2023-08-09,9274
1101,台泥,7,0,7,凱基-鳳山,2023-08-09,9274
1504,東元,10,3,7,凱基-鳳山,2023-08-09,9274
2892,第一金,7,0,7,凱基-鳳山,2023-08-09,9274
6216,居易,7,0,7,凱基-鳳山,2023-08-09,9274
00878,國泰永續高股息,27,21,6,凱基-鳳山,2023-08-09,9274
2201,裕隆,9,3,6,凱基-鳳山,2023-08-09,9274
00931B,統一美債20年,153,0,153,凱基-鳳山,2023-08-10,9274
00637L,元大滬深300正2,100,0,100,凱基-鳳山,2023-08-10,9274
00878,國泰永續高股息,170,70,100,凱基-鳳山,2023-08-10,9274
00706L,期元大S＆P日圓正2,90,0,90,凱基-鳳山,2023-08-10,9274
2344,華邦電,93,3,90,凱基-鳳山,2023-08-10,9274
2610,華航,102,21,81,凱基-鳳山,2023-08-10,9274
00900,富邦特選高股息30,87,12,75,凱基-鳳山,2023-08-10,9274
3481,群創,106,31,75,凱基-鳳山,2023-08-10,9274
00929,復華台灣科技優息,74,1,73,凱基-鳳山,2023-08-10,9274
3231,緯創,230,164,66,凱基-鳳山,2023-08-10,9274
1513,中興電,74,14,60,凱基-鳳山,2023-08-10,9274
2409,友達,64,5,59,凱基-鳳山,2023-08-10,9274
9933,中鼎,60,1,59,凱基-鳳山,2023-08-10,9274
3715,定穎投控,57,3,54,凱基-鳳山,2023-08-10,9274
00679B,元大美債20年,311,266,45,凱基-鳳山,2023-08-10,9274
6443,元晶,43,0,43,凱基-鳳山,2023-08-10,9274
00928,中信上櫃ESG30,40,0,40,凱基-鳳山,2023-08-10,9274
4938,和碩,40,2,38,凱基-鳳山,2023-08-10,9274
2002,中鋼,35,0,35,凱基-鳳山,2023-08-10,9274
8069,元太,33,0,33,凱基-鳳山,2023-08-10,9274
00633L,富邦上証正2,31,2,29,凱基-鳳山,2023-08-10,9274
6112,邁達特,27,1,26,凱基-鳳山,2023-08-10,9274
2363,矽統,47,25,22,凱基-鳳山,2023-08-10,9274
2892,第一金,25,3,22,凱基-鳳山,2023-08-10,9274
4564,元翎,21,0,21,凱基-鳳山,2023-08-10,9274
2201,裕隆,20,0,20,凱基-鳳山,2023-08-10,9274
8215,明基材,20,0,20,凱基-鳳山,2023-08-10,9274
2609,陽明,23,4,19,凱基-鳳山,2023-08-10,9274
2449,京元電子,17,0,17,凱基-鳳山,2023-08-10,9274
2323,中環,17,0,17,凱基-鳳山,2023-08-10,9274
2376,技嘉,21,5,16,凱基-鳳山,2023-08-10,9274
1605,華新,17,1,16,凱基-鳳山,2023-08-10,9274
2834,臺企銀,16,0,16,凱基-鳳山,2023-08-10,9274
3673,TPK-KY,17,1,16,凱基-鳳山,2023-08-10,9274
2382,廣達,50,34,16,凱基-鳳山,2023-08-10,9274
2886,兆豐金,15,0,15,凱基-鳳山,2023-08-10,9274
00923,群益台ESG低碳50,21,6,15,凱基-鳳山,2023-08-10,9274
8070,長華*,20,5,15,凱基-鳳山,2023-08-10,9274
4958,臻鼎-KY,18,3,15,凱基-鳳山,2023-08-10,9274
2208,台船,20,6,14,凱基-鳳山,2023-08-10,9274
6282,康舒,52,38,14,凱基-鳳山,2023-08-10,9274
00673R,期元大S＆P原油反1,13,0,13,凱基-鳳山,2023-08-10,9274
1504,東元,12,0,12,凱基-鳳山,2023-08-10,9274
3032,偉訓,12,0,12,凱基-鳳山,2023-08-10,9274
1618,合機,14,2,12,凱基-鳳山,2023-08-10,9274
2324,仁寶,14,2,12,凱基-鳳山,2023-08-10,9274
3540,曜越,12,0,12,凱基-鳳山,2023-08-10,9274
8358,金居,17,5,12,凱基-鳳山,2023-08-10,9274
2883,凱基金,12,1,11,凱基-鳳山,2023-08-10,9274
1727,中華化,11,0,11,凱基-鳳山,2023-08-10,9274
00679B,元大美債20年,64,0,64,凱基-鳳山,2023-08-11,9274
00706L,期元大S＆P日圓正2,61,0,61,凱基-鳳山,2023-08-11,9274
00687B,國泰20年美債,329,279,50,凱基-鳳山,2023-08-11,9274
1714,和桐,50,0,50,凱基-鳳山,2023-08-11,9274
2867,三商壽,50,0,50,凱基-鳳山,2023-08-11,9274
6182,合晶,50,0,50,凱基-鳳山,2023-08-11,9274
00929,復華台灣科技優息,53,5,48,凱基-鳳山,2023-08-11,9274
00900,富邦特選高股息30,38,0,38,凱基-鳳山,2023-08-11,9274
3591,艾笛森,37,2,35,凱基-鳳山,2023-08-11,9274
6770,力積電,35,0,35,凱基-鳳山,2023-08-11,9274
2303,聯電,32,2,30,凱基-鳳山,2023-08-11,9274
2618,長榮航,159,129,30,凱基-鳳山,2023-08-11,9274
00931B,統一美債20年,29,0,29,凱基-鳳山,2023-08-11,9274
2892,第一金,29,0,29,凱基-鳳山,2023-08-11,9274
2317,鴻海,24,0,24,凱基-鳳山,2023-08-11,9274
8996,高力,30,6,24,凱基-鳳山,2023-08-11,9274
4958,臻鼎-KY,25,2,23,凱基-鳳山,2023-08-11,9274
2801,彰銀,24,3,21,凱基-鳳山,2023-08-11,9274
2883,凱基金,20,0,20,凱基-鳳山,2023-08-11,9274
4979,華星光,20,0,20,凱基-鳳山,2023-08-11,9274
3049,精金,20,0,20,凱基-鳳山,2023-08-11,9274
6125,廣運,25,5,20,凱基-鳳山,2023-08-11,9274
3055,蔚華科,23,3,20,凱基-鳳山,2023-08-11,9274
2516,新建,20,3,17,凱基-鳳山,2023-08-11,9274
3483,力致,20,7,13,凱基-鳳山,2023-08-11,9274
00930,永豐ESG低碳高息,12,0,12,凱基-鳳山,2023-08-11,9274
2427,三商電,15,3,12,凱基-鳳山,2023-08-11,9274
0056,元大高股息,26,15,11,凱基-鳳山,2023-08-11,9274
1909,榮成,11,0,11,凱基-鳳山,2023-08-11,9274
3532,台勝科,12,1,11,凱基-鳳山,2023-08-11,9274
6202,盛群,11,0,11,凱基-鳳山,2023-08-11,9274
00712,復華富時不動產,11,0,11,凱基-鳳山,2023-08-11,9274
00928,中信上櫃ESG30,10,0,10,凱基-鳳山,2023-08-11,9274
00752,中信中國50,10,0,10,凱基-鳳山,2023-08-11,9274
2614,東森,10,0,10,凱基-鳳山,2023-08-11,9274
2617,台航,10,0,10,凱基-鳳山,2023-08-11,9274
3260,威剛,11,1,10,凱基-鳳山,2023-08-11,9274
3264,欣銓,10,0,10,凱基-鳳山,2023-08-11,9274
9925,新保,10,0,10,凱基-鳳山,2023-08-11,9274
2634,漢翔,10,1,9,凱基-鳳山,2023-08-11,9274
4533,協易機,10,1,9,凱基-鳳山,2023-08-11,9274
6005,群益證,10,1,9,凱基-鳳山,2023-08-11,9274
5607,遠雄港,9,0,9,凱基-鳳山,2023-08-11,9274
0050,元大台灣50,10,1,9,凱基-鳳山,2023-08-11,9274
5880,合庫金,8,0,8,凱基-鳳山,2023-08-11,9274
2906,高林,8,0,8,凱基-鳳山,2023-08-11,9274
5534,長虹,8,0,8,凱基-鳳山,2023-08-11,9274
1608,華榮,7,0,7,凱基-鳳山,2023-08-11,9274
2049,上銀,7,0,7,凱基-鳳山,2023-08-11,9274
4934,太極,7,0,7,凱基-鳳山,2023-08-11,9274
00929,復華台灣科技優息,260,45,215,凱基-鳳山,2023-08-14,9274
2401,凌陽,119,5,114,凱基-鳳山,2023-08-14,9274
2344,華邦電,113,2,111,凱基-鳳山,2023-08-14,9274
00641R,富邦日本反1,100,0,100,凱基-鳳山,2023-08-14,9274
00878,國泰永續高股息,163,70,93,凱基-鳳山,2023-08-14,9274
00900,富邦特選高股息30,67,0,67,凱基-鳳山,2023-08-14,9274
3715,定穎投控,77,16,61,凱基-鳳山,2023-08-14,9274
1909,榮成,50,0,50,凱基-鳳山,2023-08-14,9274
2883,凱基金,58,16,42,凱基-鳳山,2023-08-14,9274
3231,緯創,165,128,37,凱基-鳳山,2023-08-14,9274
3591,艾笛森,39,2,37,凱基-鳳山,2023-08-14,9274
2363,矽統,72,38,34,凱基-鳳山,2023-08-14,9274
5608,四維航,32,0,32,凱基-鳳山,2023-08-14,9274
2002,中鋼,34,2,32,凱基-鳳山,2023-08-14,9274
9933,中鼎,30,0,30,凱基-鳳山,2023-08-14,9274
00923,群益台ESG低碳50,37,10,27,凱基-鳳山,2023-08-14,9274
2886,兆豐金,29,2,27,凱基-鳳山,2023-08-14,9274
2618,長榮航,48,24,24,凱基-鳳山,2023-08-14,9274
2891,中信金,31,7,24,凱基-鳳山,2023-08-14,9274
2206,三陽工業,29,5,24,凱基-鳳山,2023-08-14,9274
2014,中鴻,26,2,24,凱基-鳳山,2023-08-14,9274
1513,中興電,99,76,23,凱基-鳳山,2023-08-14,9274
00919,群益台灣精選高息,23,1,22,凱基-鳳山,2023-08-14,9274
6182,合晶,22,0,22,凱基-鳳山,2023-08-14,9274
00673R,期元大S＆P原油反1,20,0,20,凱基-鳳山,2023-08-14,9274
2356,英業達,33,14,19,凱基-鳳山,2023-08-14,9274
3014,聯陽,48,29,19,凱基-鳳山,2023-08-14,9274
0050,元大台灣50,18,1,17,凱基-鳳山,2023-08-14,9274
2834,臺企銀,20,3,17,凱基-鳳山,2023-08-14,9274
00679B,元大美債20年,17,0,17,凱基-鳳山,2023-08-14,9274
2906,高林,15,0,15,凱基-鳳山,2023-08-14,9274
4564,元翎,15,0,15,凱基-鳳山,2023-08-14,9274
8112,至上,18,3,15,凱基-鳳山,2023-08-14,9274
2609,陽明,15,1,14,凱基-鳳山,2023-08-14,9274
2884,玉山金,16,2,14,凱基-鳳山,2023-08-14,9274
2453,凌群,15,1,14,凱基-鳳山,2023-08-14,9274
3078,僑威,17,3,14,凱基-鳳山,2023-08-14,9274
00888,永豐台灣ESG,12,0,12,凱基-鳳山,2023-08-14,9274
1608,華榮,12,0,12,凱基-鳳山,2023-08-14,9274
2312,金寶,12,0,12,凱基-鳳山,2023-08-14,9274
6116,彩晶,52,40,12,凱基-鳳山,2023-08-14,9274
00915,凱基優選高股息30,11,0,11,凱基-鳳山,2023-08-14,9274
2329,華泰,13,2,11,凱基-鳳山,2023-08-14,9274
006208,富邦台50,11,0,11,凱基-鳳山,2023-08-14,9274
00928,中信上櫃ESG30,10,0,10,凱基-鳳山,2023-08-14,9274
1720,生達,11,1,10,凱基-鳳山,2023-08-14,9274
1785,光洋科,10,0,10,凱基-鳳山,2023-08-14,9274
1815,富喬,10,0,10,凱基-鳳山,2023-08-14,9274
2303,聯電,12,2,10,凱基-鳳山,2023-08-14,9274
2460,建通,10,0,10,凱基-鳳山,2023-08-14,9274
6116,彩晶,159,4,155,凱基-鳳山,2023-08-15,9274
00929,復華台灣科技優息,155,23,132,凱基-鳳山,2023-08-15,9274
00673R,期元大S＆P原油反1,130,0,130,凱基-鳳山,2023-08-15,9274
00900,富邦特選高股息30,140,18,122,凱基-鳳山,2023-08-15,9274
00923,群益台ESG低碳50,120,0,120,凱基-鳳山,2023-08-15,9274
2401,凌陽,65,1,64,凱基-鳳山,2023-08-15,9274
2481,強茂,47,0,47,凱基-鳳山,2023-08-15,9274
2883,凱基金,46,0,46,凱基-鳳山,2023-08-15,9274
2363,矽統,106,60,46,凱基-鳳山,2023-08-15,9274
2460,建通,238,194,44,凱基-鳳山,2023-08-15,9274
2891,中信金,36,0,36,凱基-鳳山,2023-08-15,9274
00679B,元大美債20年,31,0,31,凱基-鳳山,2023-08-15,9274
5443,均豪,30,0,30,凱基-鳳山,2023-08-15,9274
2340,台亞,61,33,28,凱基-鳳山,2023-08-15,9274
6182,合晶,30,2,28,凱基-鳳山,2023-08-15,9274
2618,長榮航,131,106,25,凱基-鳳山,2023-08-15,9274
2884,玉山金,25,0,25,凱基-鳳山,2023-08-15,9274
6112,邁達特,24,0,24,凱基-鳳山,2023-08-15,9274
2883B,凱基金乙特,22,0,22,凱基-鳳山,2023-08-15,9274
6274,台燿,24,2,22,凱基-鳳山,2023-08-15,9274
00712,復華富時不動產,21,0,21,凱基-鳳山,2023-08-15,9274
2337,旺宏,20,0,20,凱基-鳳山,2023-08-15,9274
2027,大成鋼,17,1,16,凱基-鳳山,2023-08-15,9274
1802,台玻,17,1,16,凱基-鳳山,2023-08-15,9274
2328,廣宇,17,1,16,凱基-鳳山,2023-08-15,9274
3037,欣興,22,6,16,凱基-鳳山,2023-08-15,9274
2617,台航,15,0,15,凱基-鳳山,2023-08-15,9274
00882,中信中國高股息,14,0,14,凱基-鳳山,2023-08-15,9274
3481,群創,25,12,13,凱基-鳳山,2023-08-15,9274
2892,第一金,12,0,12,凱基-鳳山,2023-08-15,9274
2014,中鴻,12,0,12,凱基-鳳山,2023-08-15,9274
3078,僑威,36,24,12,凱基-鳳山,2023-08-15,9274
2317,鴻海,35,23,12,凱基-鳳山,2023-08-15,9274
3483,力致,24,13,11,凱基-鳳山,2023-08-15,9274
2388,威盛,22,12,10,凱基-鳳山,2023-08-15,9274
2206,三陽工業,29,19,10,凱基-鳳山,2023-08-15,9274
1101,台泥,10,1,9,凱基-鳳山,2023-08-15,9274
3622,洋華,10,1,9,凱基-鳳山,2023-08-15,9274
6231,系微,9,0,9,凱基-鳳山,2023-08-15,9274
2382,廣達,90,82,8,凱基-鳳山,2023-08-15,9274
00931B,統一美債20年,8,0,8,凱基-鳳山,2023-08-15,9274
00907,永豐優息存股,7,0,7,凱基-鳳山,2023-08-15,9274
5608,四維航,7,0,7,凱基-鳳山,2023-08-15,9274
00632R,元大台灣50反1,10,3,7,凱基-鳳山,2023-08-15,9274
6770,力積電,6,0,6,凱基-鳳山,2023-08-15,9274
1605,華新,20,14,6,凱基-鳳山,2023-08-15,9274
6609,瀧澤科,6,0,6,凱基-鳳山,2023-08-15,9274
2383,台光電,7,1,6,凱基-鳳山,2023-08-15,9274
2886,兆豐金,6,1,5,凱基-鳳山,2023-08-15,9274
2880,華南金,6,0,6,凱基-鳳山,2023-08-15,9274
6116,彩晶,205,0,205,凱基-鳳山,2023-08-16,9274
2881,富邦金,141,0,141,凱基-鳳山,2023-08-16,9274
00878,國泰永續高股息,107,15,92,凱基-鳳山,2023-08-16,9274
2883,凱基金,110,19,91,凱基-鳳山,2023-08-16,9274
2409,友達,83,5,78,凱基-鳳山,2023-08-16,9274
2324,仁寶,154,88,66,凱基-鳳山,2023-08-16,9274
2618,長榮航,163,107,56,凱基-鳳山,2023-08-16,9274
3591,艾笛森,57,3,54,凱基-鳳山,2023-08-16,9274
00929,復華台灣科技優息,54,2,52,凱基-鳳山,2023-08-16,9274
00712,復華富時不動產,50,1,49,凱基-鳳山,2023-08-16,9274
3673,TPK-KY,49,0,49,凱基-鳳山,2023-08-16,9274
2303,聯電,53,8,45,凱基-鳳山,2023-08-16,9274
1101,台泥,51,9,42,凱基-鳳山,2023-08-16,9274
2323,中環,39,1,38,凱基-鳳山,2023-08-16,9274
2884,玉山金,38,5,33,凱基-鳳山,2023-08-16,9274
5469,瀚宇博,51,19,32,凱基-鳳山,2023-08-16,9274
2603,長榮,39,10,29,凱基-鳳山,2023-08-16,9274
2014,中鴻,23,0,23,凱基-鳳山,2023-08-16,9274
2317,鴻海,28,5,23,凱基-鳳山,2023-08-16,9274
8069,元太,22,0,22,凱基-鳳山,2023-08-16,9274
1301,台塑,22,0,22,凱基-鳳山,2023-08-16,9274
1519,華城,31,11,20,凱基-鳳山,2023-08-16,9274
00900,富邦特選高股息30,31,12,19,凱基-鳳山,2023-08-16,9274
2027,大成鋼,19,0,19,凱基-鳳山,2023-08-16,9274
00687B,國泰20年美債,21,3,18,凱基-鳳山,2023-08-16,9274
2743,山富,18,0,18,凱基-鳳山,2023-08-16,9274
00882,中信中國高股息,18,0,18,凱基-鳳山,2023-08-16,9274
00673R,期元大S＆P原油反1,20,3,17,凱基-鳳山,2023-08-16,9274
3044,健鼎,20,3,17,凱基-鳳山,2023-08-16,9274
2206,三陽工業,34,18,16,凱基-鳳山,2023-08-16,9274
8210,勤誠,20,5,15,凱基-鳳山,2023-08-16,9274
00888,永豐台灣ESG,14,0,14,凱基-鳳山,2023-08-16,9274
2002,中鋼,14,0,14,凱基-鳳山,2023-08-16,9274
3481,群創,13,0,13,凱基-鳳山,2023-08-16,9274
2316,楠梓電,17,5,12,凱基-鳳山,2023-08-16,9274
2892,第一金,12,0,12,凱基-鳳山,2023-08-16,9274
00680L,元大美債20正2,11,0,11,凱基-鳳山,2023-08-16,9274
3711,日月光投控,11,0,11,凱基-鳳山,2023-08-16,9274
1471,首利,17,6,11,凱基-鳳山,2023-08-16,9274
2344,華邦電,17,6,11,凱基-鳳山,2023-08-16,9274
2610,華航,42,31,11,凱基-鳳山,2023-08-16,9274
8936,國統,19,8,11,凱基-鳳山,2023-08-16,9274
9907,統一實,11,0,11,凱基-鳳山,2023-08-16,9274
00665L,富邦�琤肭磪囓�2,10,0,10,凱基-鳳山,2023-08-16,9274
00688L,國泰20年美債正2,10,0,10,凱基-鳳山,2023-08-16,9274
1304,台聚,10,0,10,凱基-鳳山,2023-08-16,9274
2906,高林,10,0,10,凱基-鳳山,2023-08-16,9274
3035,智原,16,6,10,凱基-鳳山,2023-08-16,9274
5880,合庫金,9,0,9,凱基-鳳山,2023-08-16,9274
00923,群益台ESG低碳50,19,10,9,凱基-鳳山,2023-08-16,9274
1314,中石化,170,5,165,凱基-鳳山,2023-08-17,9274
2881,富邦金,141,10,131,凱基-鳳山,2023-08-17,9274
3231,緯創,159,56,103,凱基-鳳山,2023-08-17,9274
00676R,富邦臺灣加權反1,100,0,100,凱基-鳳山,2023-08-17,9274
00931B,統一美債20年,78,0,78,凱基-鳳山,2023-08-17,9274
2329,華泰,79,10,69,凱基-鳳山,2023-08-17,9274
3591,艾笛森,79,17,62,凱基-鳳山,2023-08-17,9274
00929,復華台灣科技優息,59,2,57,凱基-鳳山,2023-08-17,9274
00878,國泰永續高股息,68,12,56,凱基-鳳山,2023-08-17,9274
00680L,元大美債20正2,51,0,51,凱基-鳳山,2023-08-17,9274
2911,麗嬰房,50,0,50,凱基-鳳山,2023-08-17,9274
4938,和碩,47,2,45,凱基-鳳山,2023-08-17,9274
00687B,國泰20年美債,45,2,43,凱基-鳳山,2023-08-17,9274
2301,光寶科,57,16,41,凱基-鳳山,2023-08-17,9274
9958,世紀鋼,60,22,38,凱基-鳳山,2023-08-17,9274
2458,義隆,39,2,37,凱基-鳳山,2023-08-17,9274
2344,華邦電,31,1,30,凱基-鳳山,2023-08-17,9274
2886,兆豐金,27,0,27,凱基-鳳山,2023-08-17,9274
2338,光罩,26,0,26,凱基-鳳山,2023-08-17,9274
2324,仁寶,97,71,26,凱基-鳳山,2023-08-17,9274
1303,南亞,23,0,23,凱基-鳳山,2023-08-17,9274
6414,樺漢,22,0,22,凱基-鳳山,2023-08-17,9274
1101,台泥,23,3,20,凱基-鳳山,2023-08-17,9274
1301,台塑,21,2,19,凱基-鳳山,2023-08-17,9274
3051,力特,24,8,16,凱基-鳳山,2023-08-17,9274
2402,毅嘉,24,9,15,凱基-鳳山,2023-08-17,9274
2610,華航,28,13,15,凱基-鳳山,2023-08-17,9274
1609,大亞,24,10,14,凱基-鳳山,2023-08-17,9274
4563,百德,14,0,14,凱基-鳳山,2023-08-17,9274
0056,元大高股息,34,21,13,凱基-鳳山,2023-08-17,9274
00712,復華富時不動產,18,5,13,凱基-鳳山,2023-08-17,9274
2883,凱基金,13,1,12,凱基-鳳山,2023-08-17,9274
00907,永豐優息存股,12,0,12,凱基-鳳山,2023-08-17,9274
00673R,期元大S＆P原油反1,20,8,12,凱基-鳳山,2023-08-17,9274
1304,台聚,12,0,12,凱基-鳳山,2023-08-17,9274
2884,玉山金,11,0,11,凱基-鳳山,2023-08-17,9274
4533,協易機,11,0,11,凱基-鳳山,2023-08-17,9274
1504,東元,13,2,11,凱基-鳳山,2023-08-17,9274
8069,元太,14,3,11,凱基-鳳山,2023-08-17,9274
00772B,中信高評級公司債,18,8,10,凱基-鳳山,2023-08-17,9274
6223,旺矽,10,0,10,凱基-鳳山,2023-08-17,9274
00688L,國泰20年美債正2,10,0,10,凱基-鳳山,2023-08-17,9274
00706L,期元大S＆P日圓正2,10,0,10,凱基-鳳山,2023-08-17,9274
1612,宏泰,10,0,10,凱基-鳳山,2023-08-17,9274
1785,光洋科,10,0,10,凱基-鳳山,2023-08-17,9274
2328,廣宇,10,0,10,凱基-鳳山,2023-08-17,9274
3033,威健,10,0,10,凱基-鳳山,2023-08-17,9274
3234,光環,10,0,10,凱基-鳳山,2023-08-17,9274
4967,十銓,10,0,10,凱基-鳳山,2023-08-17,9274
6120,達運,10,0,10,凱基-鳳山,2023-08-17,9274
00673R,期元大S＆P原油反1,250,0,250,凱基-鳳山,2023-08-18,9274
00885,富邦越南,186,33,153,凱基-鳳山,2023-08-18,9274
3706,神達,307,225,82,凱基-鳳山,2023-08-18,9274
3231,緯創,185,103,82,凱基-鳳山,2023-08-18,9274
0056,元大高股息,82,3,79,凱基-鳳山,2023-08-18,9274
3014,聯陽,110,33,77,凱基-鳳山,2023-08-18,9274
00929,復華台灣科技優息,68,1,67,凱基-鳳山,2023-08-18,9274
1471,首利,82,19,63,凱基-鳳山,2023-08-18,9274
3591,艾笛森,57,4,53,凱基-鳳山,2023-08-18,9274
9958,世紀鋼,56,3,53,凱基-鳳山,2023-08-18,9274
2610,華航,52,2,50,凱基-鳳山,2023-08-18,9274
2356,英業達,60,11,49,凱基-鳳山,2023-08-18,9274
2415,錩新,46,1,45,凱基-鳳山,2023-08-18,9274
2460,建通,73,33,40,凱基-鳳山,2023-08-18,9274
5469,瀚宇博,39,2,37,凱基-鳳山,2023-08-18,9274
2329,華泰,134,99,35,凱基-鳳山,2023-08-18,9274
8936,國統,38,3,35,凱基-鳳山,2023-08-18,9274
2382,廣達,102,68,34,凱基-鳳山,2023-08-18,9274
2355,敬鵬,40,7,33,凱基-鳳山,2023-08-18,9274
00900,富邦特選高股息30,33,1,32,凱基-鳳山,2023-08-18,9274
4207,環泰,30,0,30,凱基-鳳山,2023-08-18,9274
2458,義隆,38,11,27,凱基-鳳山,2023-08-18,9274
5236,凌陽創新,26,0,26,凱基-鳳山,2023-08-18,9274
00919,群益台灣精選高息,24,0,24,凱基-鳳山,2023-08-18,9274
1905,華紙,25,3,22,凱基-鳳山,2023-08-18,9274
00878,國泰永續高股息,183,162,21,凱基-鳳山,2023-08-18,9274
00923,群益台ESG低碳50,20,0,20,凱基-鳳山,2023-08-18,9274
00752,中信中國50,20,0,20,凱基-鳳山,2023-08-18,9274
2495,普安,20,0,20,凱基-鳳山,2023-08-18,9274
2851,中再保,18,0,18,凱基-鳳山,2023-08-18,9274
2363,矽統,110,94,16,凱基-鳳山,2023-08-18,9274
2014,中鴻,20,5,15,凱基-鳳山,2023-08-18,9274
1101,台泥,15,1,14,凱基-鳳山,2023-08-18,9274
4979,華星光,40,26,14,凱基-鳳山,2023-08-18,9274
2618,長榮航,43,30,13,凱基-鳳山,2023-08-18,9274
2883,凱基金,13,0,13,凱基-鳳山,2023-08-18,9274
3715,定穎投控,109,96,13,凱基-鳳山,2023-08-18,9274
2206,三陽工業,25,12,13,凱基-鳳山,2023-08-18,9274
3380,明泰,15,2,13,凱基-鳳山,2023-08-18,9274
4906,正文,27,14,13,凱基-鳳山,2023-08-18,9274
6126,信音,13,0,13,凱基-鳳山,2023-08-18,9274
2880,華南金,13,1,12,凱基-鳳山,2023-08-18,9274
2368,金像電,48,36,12,凱基-鳳山,2023-08-18,9274
00720B,元大投資級公司債,11,0,11,凱基-鳳山,2023-08-18,9274
2468,華經,11,0,11,凱基-鳳山,2023-08-18,9274
2497,怡利電,11,0,11,凱基-鳳山,2023-08-18,9274
3163,波若威,23,12,11,凱基-鳳山,2023-08-18,9274
6139,亞翔,15,5,10,凱基-鳳山,2023-08-18,9274
2884,玉山金,11,1,10,凱基-鳳山,2023-08-18,9274
1727,中華化,10,0,10,凱基-鳳山,2023-08-18,9274
00929,復華台灣科技優息,200,11,189,凱基-鳳山,2023-08-21,9274
2881,富邦金,150,5,145,凱基-鳳山,2023-08-21,9274
9934,成霖,116,0,116,凱基-鳳山,2023-08-21,9274
00637L,元大滬深300正2,100,0,100,凱基-鳳山,2023-08-21,9274
6116,彩晶,100,3,97,凱基-鳳山,2023-08-21,9274
00923,群益台ESG低碳50,307,211,96,凱基-鳳山,2023-08-21,9274
0056,元大高股息,79,0,79,凱基-鳳山,2023-08-21,9274
2405,輔信,70,0,70,凱基-鳳山,2023-08-21,9274
00712,復華富時不動產,62,1,61,凱基-鳳山,2023-08-21,9274
00632R,元大台灣50反1,50,0,50,凱基-鳳山,2023-08-21,9274
9933,中鼎,50,0,50,凱基-鳳山,2023-08-21,9274
1712,興農,48,0,48,凱基-鳳山,2023-08-21,9274
2460,建通,366,324,42,凱基-鳳山,2023-08-21,9274
00648R,元大S＆P500反1,40,0,40,凱基-鳳山,2023-08-21,9274
3706,神達,80,42,38,凱基-鳳山,2023-08-21,9274
3051,力特,42,5,37,凱基-鳳山,2023-08-21,9274
00687B,國泰20年美債,36,0,36,凱基-鳳山,2023-08-21,9274
2705,六福,30,0,30,凱基-鳳山,2023-08-21,9274
6112,邁達特,30,1,29,凱基-鳳山,2023-08-21,9274
3044,健鼎,34,7,27,凱基-鳳山,2023-08-21,9274
3306,鼎天,33,7,26,凱基-鳳山,2023-08-21,9274
00680L,元大美債20正2,26,0,26,凱基-鳳山,2023-08-21,9274
2415,錩新,24,0,24,凱基-鳳山,2023-08-21,9274
6139,亞翔,24,1,23,凱基-鳳山,2023-08-21,9274
2303,聯電,38,18,20,凱基-鳳山,2023-08-21,9274
00919,群益台灣精選高息,18,0,18,凱基-鳳山,2023-08-21,9274
8936,國統,18,3,15,凱基-鳳山,2023-08-21,9274
2409,友達,13,0,13,凱基-鳳山,2023-08-21,9274
2329,華泰,16,4,12,凱基-鳳山,2023-08-21,9274
4207,環泰,12,0,12,凱基-鳳山,2023-08-21,9274
4919,新唐,12,0,12,凱基-鳳山,2023-08-21,9274
6770,力積電,27,15,12,凱基-鳳山,2023-08-21,9274
3014,聯陽,11,0,11,凱基-鳳山,2023-08-21,9274
4938,和碩,11,0,11,凱基-鳳山,2023-08-21,9274
00888,永豐台灣ESG,10,0,10,凱基-鳳山,2023-08-21,9274
2002,中鋼,17,7,10,凱基-鳳山,2023-08-21,9274
2605,新興,17,7,10,凱基-鳳山,2023-08-21,9274
2030,彰源,10,0,10,凱基-鳳山,2023-08-21,9274
2481,強茂,10,0,10,凱基-鳳山,2023-08-21,9274
1815,富喬,10,1,9,凱基-鳳山,2023-08-21,9274
2457,飛宏,8,0,8,凱基-鳳山,2023-08-21,9274
2886,兆豐金,8,0,8,凱基-鳳山,2023-08-21,9274
3711,日月光投控,10,2,8,凱基-鳳山,2023-08-21,9274
2606,裕民,8,1,7,凱基-鳳山,2023-08-21,9274
2353,宏��,12,5,7,凱基-鳳山,2023-08-21,9274
1802,台玻,9,2,7,凱基-鳳山,2023-08-21,9274
2402,毅嘉,8,1,7,凱基-鳳山,2023-08-21,9274
2603,長榮,29,23,6,凱基-鳳山,2023-08-21,9274
2880,華南金,9,3,6,凱基-鳳山,2023-08-21,9274
5347,世界,6,0,6,凱基-鳳山,2023-08-21,9274
2460,建通,281,90,191,凱基-鳳山,2023-08-22,9274
00929,復華台灣科技優息,144,7,137,凱基-鳳山,2023-08-22,9274
2363,矽統,162,51,111,凱基-鳳山,2023-08-22,9274
9934,成霖,111,0,111,凱基-鳳山,2023-08-22,9274
2401,凌陽,165,77,88,凱基-鳳山,2023-08-22,9274
1513,中興電,85,8,77,凱基-鳳山,2023-08-22,9274
00885,富邦越南,58,7,51,凱基-鳳山,2023-08-22,9274
2324,仁寶,79,31,48,凱基-鳳山,2023-08-22,9274
2002,中鋼,40,2,38,凱基-鳳山,2023-08-22,9274
2382,廣達,76,39,37,凱基-鳳山,2023-08-22,9274
4707,磐亞,31,0,31,凱基-鳳山,2023-08-22,9274
2618,長榮航,116,96,20,凱基-鳳山,2023-08-22,9274
5607,遠雄港,20,0,20,凱基-鳳山,2023-08-22,9274
6167,久正,21,2,19,凱基-鳳山,2023-08-22,9274
2449,京元電子,47,29,18,凱基-鳳山,2023-08-22,9274
2883,凱基金,18,0,18,凱基-鳳山,2023-08-22,9274
0056,元大高股息,18,3,15,凱基-鳳山,2023-08-22,9274
00752,中信中國50,15,0,15,凱基-鳳山,2023-08-22,9274
2201,裕隆,15,1,14,凱基-鳳山,2023-08-22,9274
2455,全新,16,2,14,凱基-鳳山,2023-08-22,9274
2884,玉山金,13,0,13,凱基-鳳山,2023-08-22,9274
5880,合庫金,13,0,13,凱基-鳳山,2023-08-22,9274
1316,上曜,12,0,12,凱基-鳳山,2023-08-22,9274
1477,聚陽,18,6,12,凱基-鳳山,2023-08-22,9274
2743,山富,12,0,12,凱基-鳳山,2023-08-22,9274
2421,建準,23,11,12,凱基-鳳山,2023-08-22,9274
3325,旭品,13,2,11,凱基-鳳山,2023-08-22,9274
2834,臺企銀,10,0,10,凱基-鳳山,2023-08-22,9274
00706L,期元大S＆P日圓正2,10,0,10,凱基-鳳山,2023-08-22,9274
1447,力鵬,10,0,10,凱基-鳳山,2023-08-22,9274
1608,華榮,10,0,10,凱基-鳳山,2023-08-22,9274
5351,鈺創,10,0,10,凱基-鳳山,2023-08-22,9274
5469,瀚宇博,10,0,10,凱基-鳳山,2023-08-22,9274
6550,北極星藥業-KY,10,0,10,凱基-鳳山,2023-08-22,9274
2206,三陽工業,15,6,9,凱基-鳳山,2023-08-22,9274
2427,三商電,17,8,9,凱基-鳳山,2023-08-22,9274
2892,第一金,9,0,9,凱基-鳳山,2023-08-22,9274
3078,僑威,13,4,9,凱基-鳳山,2023-08-22,9274
00878,國泰永續高股息,84,76,8,凱基-鳳山,2023-08-22,9274
00643,群益深証中小,8,0,8,凱基-鳳山,2023-08-22,9274
3042,晶技,7,0,7,凱基-鳳山,2023-08-22,9274
1101,台泥,9,2,7,凱基-鳳山,2023-08-22,9274
2886,兆豐金,9,2,7,凱基-鳳山,2023-08-22,9274
3051,力特,42,35,7,凱基-鳳山,2023-08-22,9274
6231,系微,7,0,7,凱基-鳳山,2023-08-22,9274
2332,友訊,23,16,7,凱基-鳳山,2023-08-22,9274
2457,飛宏,13,7,6,凱基-鳳山,2023-08-22,9274
4906,正文,15,9,6,凱基-鳳山,2023-08-22,9274
1301,台塑,5,0,5,凱基-鳳山,2023-08-22,9274
5474,聰泰,5,0,5,凱基-鳳山,2023-08-22,9274
00929,復華台灣科技優息,134,5,129,凱基-鳳山,2023-08-23,9274
2460,建通,258,135,123,凱基-鳳山,2023-08-23,9274
3591,艾笛森,122,5,117,凱基-鳳山,2023-08-23,9274
2618,長榮航,131,33,98,凱基-鳳山,2023-08-23,9274
4532,瑞智,55,0,55,凱基-鳳山,2023-08-23,9274
00931B,統一美債20年,51,0,51,凱基-鳳山,2023-08-23,9274
1471,首利,60,9,51,凱基-鳳山,2023-08-23,9274
9933,中鼎,50,0,50,凱基-鳳山,2023-08-23,9274
2483,百容,78,30,48,凱基-鳳山,2023-08-23,9274
1326,台化,44,0,44,凱基-鳳山,2023-08-23,9274
9934,成霖,37,0,37,凱基-鳳山,2023-08-23,9274
2303,聯電,40,17,23,凱基-鳳山,2023-08-23,9274
2911,麗嬰房,21,0,21,凱基-鳳山,2023-08-23,9274
00673R,期元大S＆P原油反1,20,0,20,凱基-鳳山,2023-08-23,9274
2637,慧洋-KY,20,0,20,凱基-鳳山,2023-08-23,9274
2897,王道銀行,20,0,20,凱基-鳳山,2023-08-23,9274
5608,四維航,23,5,18,凱基-鳳山,2023-08-23,9274
6016,康和證,18,0,18,凱基-鳳山,2023-08-23,9274
2002,中鋼,19,2,17,凱基-鳳山,2023-08-23,9274
2883,凱基金,16,0,16,凱基-鳳山,2023-08-23,9274
00919,群益台灣精選高息,23,7,16,凱基-鳳山,2023-08-23,9274
3051,力特,69,53,16,凱基-鳳山,2023-08-23,9274
2881,富邦金,28,12,16,凱基-鳳山,2023-08-23,9274
2367,燿華,14,0,14,凱基-鳳山,2023-08-23,9274
00712,復華富時不動產,14,0,14,凱基-鳳山,2023-08-23,9274
1303,南亞,12,0,12,凱基-鳳山,2023-08-23,9274
00923,群益台ESG低碳50,12,0,12,凱基-鳳山,2023-08-23,9274
1513,中興電,15,3,12,凱基-鳳山,2023-08-23,9274
2892,第一金,12,0,12,凱基-鳳山,2023-08-23,9274
3013,晟銘電,41,29,12,凱基-鳳山,2023-08-23,9274
00885,富邦越南,12,1,11,凱基-鳳山,2023-08-23,9274
8069,元太,11,0,11,凱基-鳳山,2023-08-23,9274
2356,英業達,27,17,10,凱基-鳳山,2023-08-23,9274
00857B,永豐20年美公債,10,0,10,凱基-鳳山,2023-08-23,9274
00752,中信中國50,10,0,10,凱基-鳳山,2023-08-23,9274
00643,群益深証中小,10,0,10,凱基-鳳山,2023-08-23,9274
6282,康舒,23,13,10,凱基-鳳山,2023-08-23,9274
2301,光寶科,19,9,10,凱基-鳳山,2023-08-23,9274
3380,明泰,11,2,9,凱基-鳳山,2023-08-23,9274
8176,智捷,9,0,9,凱基-鳳山,2023-08-23,9274
9904,寶成,9,0,9,凱基-鳳山,2023-08-23,9274
9958,世紀鋼,27,18,9,凱基-鳳山,2023-08-23,9274
1101,台泥,9,1,8,凱基-鳳山,2023-08-23,9274
00650L,復華香港正2,8,0,8,凱基-鳳山,2023-08-23,9274
2344,華邦電,8,0,8,凱基-鳳山,2023-08-23,9274
3490,單井,8,0,8,凱基-鳳山,2023-08-23,9274
3689,湧德,10,2,8,凱基-鳳山,2023-08-23,9274
6167,久正,14,6,8,凱基-鳳山,2023-08-23,9274
4960,誠美材,13,5,8,凱基-鳳山,2023-08-23,9274
2014,中鴻,7,0,7,凱基-鳳山,2023-08-23,9274
00632R,元大台灣50反1,300,110,190,凱基-鳳山,2023-08-24,9274
2419,仲琦,182,55,127,凱基-鳳山,2023-08-24,9274
3591,艾笛森,96,10,86,凱基-鳳山,2023-08-24,9274
3702,大聯大,51,0,51,凱基-鳳山,2023-08-24,9274
3231,緯創,181,131,50,凱基-鳳山,2023-08-24,9274
00882,中信中國高股息,49,0,49,凱基-鳳山,2023-08-24,9274
5469,瀚宇博,90,42,48,凱基-鳳山,2023-08-24,9274
00919,群益台灣精選高息,46,0,46,凱基-鳳山,2023-08-24,9274
2458,義隆,37,0,37,凱基-鳳山,2023-08-24,9274
00878,國泰永續高股息,91,58,33,凱基-鳳山,2023-08-24,9274
3673,TPK-KY,30,0,30,凱基-鳳山,2023-08-24,9274
4532,瑞智,65,35,30,凱基-鳳山,2023-08-24,9274
00637L,元大滬深300正2,429,400,29,凱基-鳳山,2023-08-24,9274
3014,聯陽,59,32,27,凱基-鳳山,2023-08-24,9274
2883,凱基金,26,1,25,凱基-鳳山,2023-08-24,9274
2360,致茂,34,10,24,凱基-鳳山,2023-08-24,9274
6770,力積電,25,1,24,凱基-鳳山,2023-08-24,9274
00692,富邦公司治理,22,0,22,凱基-鳳山,2023-08-24,9274
1314,中石化,20,3,17,凱基-鳳山,2023-08-24,9274
00885,富邦越南,17,1,16,凱基-鳳山,2023-08-24,9274
2401,凌陽,22,6,16,凱基-鳳山,2023-08-24,9274
2303,聯電,17,2,15,凱基-鳳山,2023-08-24,9274
3035,智原,24,9,15,凱基-鳳山,2023-08-24,9274
6015,宏遠證,15,0,15,凱基-鳳山,2023-08-24,9274
2615,萬海,15,1,14,凱基-鳳山,2023-08-24,9274
2449,京元電子,28,14,14,凱基-鳳山,2023-08-24,9274
1584,精剛,20,6,14,凱基-鳳山,2023-08-24,9274
2880,華南金,24,11,13,凱基-鳳山,2023-08-24,9274
6188,廣明,13,1,12,凱基-鳳山,2023-08-24,9274
4906,正文,22,10,12,凱基-鳳山,2023-08-24,9274
6168,宏齊,14,2,12,凱基-鳳山,2023-08-24,9274
3706,神達,81,69,12,凱基-鳳山,2023-08-24,9274
2609,陽明,25,14,11,凱基-鳳山,2023-08-24,9274
2743,山富,13,2,11,凱基-鳳山,2023-08-24,9274
2886,兆豐金,10,0,10,凱基-鳳山,2023-08-24,9274
1101,台泥,10,0,10,凱基-鳳山,2023-08-24,9274
1711,永光,10,0,10,凱基-鳳山,2023-08-24,9274
2329,華泰,32,22,10,凱基-鳳山,2023-08-24,9274
3483,力致,13,3,10,凱基-鳳山,2023-08-24,9274
3701,大眾控,10,0,10,凱基-鳳山,2023-08-24,9274
6191,精成科,10,0,10,凱基-鳳山,2023-08-24,9274
5410,國眾,11,2,9,凱基-鳳山,2023-08-24,9274
00665L,富邦�琤肭磪囓�2,8,0,8,凱基-鳳山,2023-08-24,9274
00650L,復華香港正2,8,0,8,凱基-鳳山,2023-08-24,9274
1709,和益,8,0,8,凱基-鳳山,2023-08-24,9274
2603,長榮,12,4,8,凱基-鳳山,2023-08-24,9274
2637,慧洋-KY,8,0,8,凱基-鳳山,2023-08-24,9274
4960,誠美材,13,5,8,凱基-鳳山,2023-08-24,9274
6432,今展科,8,0,8,凱基-鳳山,2023-08-24,9274
2356,英業達,50,43,7,凱基-鳳山,2023-08-24,9274
00878,國泰永續高股息,160,0,160,凱基-鳳山,2023-08-25,9274
3231,緯創,191,46,145,凱基-鳳山,2023-08-25,9274
00712,復華富時不動產,105,0,105,凱基-鳳山,2023-08-25,9274
2485,兆赫,474,403,71,凱基-鳳山,2023-08-25,9274
2460,建通,222,157,65,凱基-鳳山,2023-08-25,9274
00676R,富邦臺灣加權反1,50,0,50,凱基-鳳山,2023-08-25,9274
00673R,期元大S＆P原油反1,50,0,50,凱基-鳳山,2023-08-25,9274
8112,至上,53,9,44,凱基-鳳山,2023-08-25,9274
2382,廣達,67,29,38,凱基-鳳山,2023-08-25,9274
2027,大成鋼,38,1,37,凱基-鳳山,2023-08-25,9274
00919,群益台灣精選高息,34,1,33,凱基-鳳山,2023-08-25,9274
2356,英業達,67,36,31,凱基-鳳山,2023-08-25,9274
00929,復華台灣科技優息,31,0,31,凱基-鳳山,2023-08-25,9274
2369,菱生,32,2,30,凱基-鳳山,2023-08-25,9274
2002,中鋼,31,2,29,凱基-鳳山,2023-08-25,9274
2353,宏��,30,3,27,凱基-鳳山,2023-08-25,9274
2038,海光,25,0,25,凱基-鳳山,2023-08-25,9274
2618,長榮航,55,32,23,凱基-鳳山,2023-08-25,9274
2455,全新,34,12,22,凱基-鳳山,2023-08-25,9274
2610,華航,31,9,22,凱基-鳳山,2023-08-25,9274
6168,宏齊,27,5,22,凱基-鳳山,2023-08-25,9274
9935,慶豐富,22,0,22,凱基-鳳山,2023-08-25,9274
2913,農林,20,0,20,凱基-鳳山,2023-08-25,9274
0056,元大高股息,18,0,18,凱基-鳳山,2023-08-25,9274
2884,玉山金,18,0,18,凱基-鳳山,2023-08-25,9274
2449,京元電子,32,14,18,凱基-鳳山,2023-08-25,9274
00923,群益台ESG低碳50,18,0,18,凱基-鳳山,2023-08-25,9274
3362,先進光,16,0,16,凱基-鳳山,2023-08-25,9274
5284,jpp-KY,19,4,15,凱基-鳳山,2023-08-25,9274
8110,華東,15,0,15,凱基-鳳山,2023-08-25,9274
2014,中鴻,12,0,12,凱基-鳳山,2023-08-25,9274
2641,正德,12,0,12,凱基-鳳山,2023-08-25,9274
4979,華星光,14,2,12,凱基-鳳山,2023-08-25,9274
6282,康舒,17,5,12,凱基-鳳山,2023-08-25,9274
8069,元太,12,0,12,凱基-鳳山,2023-08-25,9274
5236,凌陽創新,11,0,11,凱基-鳳山,2023-08-25,9274
9958,世紀鋼,18,7,11,凱基-鳳山,2023-08-25,9274
2301,光寶科,26,15,11,凱基-鳳山,2023-08-25,9274
1101,台泥,10,0,10,凱基-鳳山,2023-08-25,9274
2303,聯電,19,9,10,凱基-鳳山,2023-08-25,9274
1314,中石化,10,0,10,凱基-鳳山,2023-08-25,9274
6275,元山,17,7,10,凱基-鳳山,2023-08-25,9274
6589,台康生技,10,0,10,凱基-鳳山,2023-08-25,9274
8048,德勝,10,0,10,凱基-鳳山,2023-08-25,9274
1504,東元,9,0,9,凱基-鳳山,2023-08-25,9274
4543,萬在,53,44,9,凱基-鳳山,2023-08-25,9274
2317,鴻海,12,3,9,凱基-鳳山,2023-08-25,9274
2332,友訊,24,16,8,凱基-鳳山,2023-08-25,9274
2462,良得電,8,0,8,凱基-鳳山,2023-08-25,9274
2344,華邦電,7,0,7,凱基-鳳山,2023-08-25,9274
00878,國泰永續高股息,306,47,259,凱基-鳳山,2023-08-28,9274
2485,兆赫,318,66,252,凱基-鳳山,2023-08-28,9274
2460,建通,198,78,120,凱基-鳳山,2023-08-28,9274
2367,燿華,98,0,98,凱基-鳳山,2023-08-28,9274
5469,瀚宇博,94,0,94,凱基-鳳山,2023-08-28,9274
00637L,元大滬深300正2,100,17,83,凱基-鳳山,2023-08-28,9274
3591,艾笛森,78,0,78,凱基-鳳山,2023-08-28,9274
9934,成霖,74,0,74,凱基-鳳山,2023-08-28,9274
3231,緯創,98,27,71,凱基-鳳山,2023-08-28,9274
00919,群益台灣精選高息,70,3,67,凱基-鳳山,2023-08-28,9274
3673,TPK-KY,67,0,67,凱基-鳳山,2023-08-28,9274
00706L,期元大S＆P日圓正2,60,0,60,凱基-鳳山,2023-08-28,9274
2618,長榮航,59,15,44,凱基-鳳山,2023-08-28,9274
2382,廣達,57,25,32,凱基-鳳山,2023-08-28,9274
6167,久正,30,0,30,凱基-鳳山,2023-08-28,9274
9935,慶豐富,30,0,30,凱基-鳳山,2023-08-28,9274
5236,凌陽創新,28,0,28,凱基-鳳山,2023-08-28,9274
6122,擎邦,26,0,26,凱基-鳳山,2023-08-28,9274
2353,宏��,28,4,24,凱基-鳳山,2023-08-28,9274
2888A,新光金甲特,24,0,24,凱基-鳳山,2023-08-28,9274
3380,明泰,27,3,24,凱基-鳳山,2023-08-28,9274
2331,精英,84,62,22,凱基-鳳山,2023-08-28,9274
3363,上詮,23,2,21,凱基-鳳山,2023-08-28,9274
00857B,永豐20年美公債,20,0,20,凱基-鳳山,2023-08-28,9274
00643,群益深証中小,20,0,20,凱基-鳳山,2023-08-28,9274
1815,富喬,20,0,20,凱基-鳳山,2023-08-28,9274
3021,鴻名,20,0,20,凱基-鳳山,2023-08-28,9274
2867,三商壽,25,7,18,凱基-鳳山,2023-08-28,9274
4707,磐亞,17,0,17,凱基-鳳山,2023-08-28,9274
4934,太極,20,3,17,凱基-鳳山,2023-08-28,9274
2401,凌陽,19,7,12,凱基-鳳山,2023-08-28,9274
2415,錩新,11,0,11,凱基-鳳山,2023-08-28,9274
3564,其陽,11,0,11,凱基-鳳山,2023-08-28,9274
3234,光環,11,0,11,凱基-鳳山,2023-08-28,9274
3545,敦泰,10,0,10,凱基-鳳山,2023-08-28,9274
6188,廣明,16,6,10,凱基-鳳山,2023-08-28,9274
3715,定穎投控,18,8,10,凱基-鳳山,2023-08-28,9274
2014,中鴻,10,0,10,凱基-鳳山,2023-08-28,9274
2313,華通,10,0,10,凱基-鳳山,2023-08-28,9274
2462,良得電,10,0,10,凱基-鳳山,2023-08-28,9274
2617,台航,10,0,10,凱基-鳳山,2023-08-28,9274
3312,弘憶股,10,0,10,凱基-鳳山,2023-08-28,9274
00712,復華富時不動產,13,3,10,凱基-鳳山,2023-08-28,9274
2449,京元電子,14,5,9,凱基-鳳山,2023-08-28,9274
2323,中環,14,5,9,凱基-鳳山,2023-08-28,9274
3037,欣興,9,0,9,凱基-鳳山,2023-08-28,9274
4906,正文,41,32,9,凱基-鳳山,2023-08-28,9274
9105,泰金寶-DR,9,0,9,凱基-鳳山,2023-08-28,9274
0056,元大高股息,10,2,8,凱基-鳳山,2023-08-28,9274
3013,晟銘電,8,0,8,凱基-鳳山,2023-08-28,9274
00712,復華富時不動產,442,0,442,凱基-鳳山,2023-08-29,9274
2884,玉山金,151,0,151,凱基-鳳山,2023-08-29,9274
6116,彩晶,120,0,120,凱基-鳳山,2023-08-29,9274
2401,凌陽,102,2,100,凱基-鳳山,2023-08-29,9274
1513,中興電,77,4,73,凱基-鳳山,2023-08-29,9274
2303,聯電,93,21,72,凱基-鳳山,2023-08-29,9274
2460,建通,113,58,55,凱基-鳳山,2023-08-29,9274
2409,友達,50,0,50,凱基-鳳山,2023-08-29,9274
3044,健鼎,64,19,45,凱基-鳳山,2023-08-29,9274
4707,磐亞,42,0,42,凱基-鳳山,2023-08-29,9274
3673,TPK-KY,40,2,38,凱基-鳳山,2023-08-29,9274
3591,艾笛森,37,0,37,凱基-鳳山,2023-08-29,9274
6443,元晶,38,3,35,凱基-鳳山,2023-08-29,9274
3231,緯創,54,24,30,凱基-鳳山,2023-08-29,9274
6492,生華科,27,0,27,凱基-鳳山,2023-08-29,9274
8222,寶一,76,50,26,凱基-鳳山,2023-08-29,9274
5452,佶優,20,0,20,凱基-鳳山,2023-08-29,9274
2002,中鋼,19,2,17,凱基-鳳山,2023-08-29,9274
2611,志信,16,0,16,凱基-鳳山,2023-08-29,9274
2867,三商壽,15,0,15,凱基-鳳山,2023-08-29,9274
2363,矽統,112,97,15,凱基-鳳山,2023-08-29,9274
00929,復華台灣科技優息,20,6,14,凱基-鳳山,2023-08-29,9274
2317,鴻海,18,7,11,凱基-鳳山,2023-08-29,9274
2388,威盛,14,3,11,凱基-鳳山,2023-08-29,9274
1584,精剛,10,0,10,凱基-鳳山,2023-08-29,9274
2419,仲琦,13,3,10,凱基-鳳山,2023-08-29,9274
3049,精金,10,0,10,凱基-鳳山,2023-08-29,9274
2537,聯上發,10,1,9,凱基-鳳山,2023-08-29,9274
5880,合庫金,6,0,6,凱基-鳳山,2023-08-29,9274
1905,華紙,9,3,6,凱基-鳳山,2023-08-29,9274
2618,長榮航,124,118,6,凱基-鳳山,2023-08-29,9274
4919,新唐,6,0,6,凱基-鳳山,2023-08-29,9274
5340,建榮,12,6,6,凱基-鳳山,2023-08-29,9274
2356,英業達,11,6,5,凱基-鳳山,2023-08-29,9274
1471,首利,5,0,5,凱基-鳳山,2023-08-29,9274
2323,中環,25,20,5,凱基-鳳山,2023-08-29,9274
2641,正德,5,0,5,凱基-鳳山,2023-08-29,9274
6214,精誠,5,0,5,凱基-鳳山,2023-08-29,9274
00720B,元大投資級公司債,4,0,4,凱基-鳳山,2023-08-29,9274
00680L,元大美債20正2,4,0,4,凱基-鳳山,2023-08-29,9274
2911,麗嬰房,4,0,4,凱基-鳳山,2023-08-29,9274
5348,正能量智能,4,0,4,凱基-鳳山,2023-08-29,9274
6235,華孚,21,17,4,凱基-鳳山,2023-08-29,9274
6257,矽格,5,1,4,凱基-鳳山,2023-08-29,9274
8033,雷虎,6,2,4,凱基-鳳山,2023-08-29,9274
3324,雙鴻,3,0,3,凱基-鳳山,2023-08-29,9274
00679B,元大美債20年,3,0,3,凱基-鳳山,2023-08-29,9274
3583,辛耘,3,0,3,凱基-鳳山,2023-08-29,9274
2027,大成鋼,3,0,3,凱基-鳳山,2023-08-29,9274
2312,金寶,4,1,3,凱基-鳳山,2023-08-29,9274
6116,彩晶,555,2,553,凱基-鳳山,2023-08-30,9274
00655L,國泰中國A50正2,210,0,210,凱基-鳳山,2023-08-30,9274
00637L,元大滬深300正2,134,0,134,凱基-鳳山,2023-08-30,9274
9934,成霖,74,0,74,凱基-鳳山,2023-08-30,9274
00673R,期元大S＆P原油反1,72,0,72,凱基-鳳山,2023-08-30,9274
00919,群益台灣精選高息,58,1,57,凱基-鳳山,2023-08-30,9274
00632R,元大台灣50反1,50,2,48,凱基-鳳山,2023-08-30,9274
6217,中探針,42,2,40,凱基-鳳山,2023-08-30,9274
3338,泰碩,35,1,34,凱基-鳳山,2023-08-30,9274
2460,建通,89,56,33,凱基-鳳山,2023-08-30,9274
1568,倉佑,30,0,30,凱基-鳳山,2023-08-30,9274
1319,東陽,115,86,29,凱基-鳳山,2023-08-30,9274
2344,華邦電,25,3,22,凱基-鳳山,2023-08-30,9274
6173,信昌電,20,0,20,凱基-鳳山,2023-08-30,9274
3481,群創,30,10,20,凱基-鳳山,2023-08-30,9274
00929,復華台灣科技優息,21,9,12,凱基-鳳山,2023-08-30,9274
3591,艾笛森,12,0,12,凱基-鳳山,2023-08-30,9274
3706,神達,16,5,11,凱基-鳳山,2023-08-30,9274
1102,亞泥,10,0,10,凱基-鳳山,2023-08-30,9274
3088,艾訊,9,0,9,凱基-鳳山,2023-08-30,9274
4543,萬在,27,18,9,凱基-鳳山,2023-08-30,9274
2301,光寶科,19,11,8,凱基-鳳山,2023-08-30,9274
2014,中鴻,8,0,8,凱基-鳳山,2023-08-30,9274
2610,華航,8,0,8,凱基-鳳山,2023-08-30,9274
00680L,元大美債20正2,7,0,7,凱基-鳳山,2023-08-30,9274
5340,建榮,20,13,7,凱基-鳳山,2023-08-30,9274
2324,仁寶,12,6,6,凱基-鳳山,2023-08-30,9274
2022,聚亨,7,1,6,凱基-鳳山,2023-08-30,9274
2369,菱生,7,1,6,凱基-鳳山,2023-08-30,9274
2481,強茂,6,0,6,凱基-鳳山,2023-08-30,9274
2606,裕民,7,1,6,凱基-鳳山,2023-08-30,9274
3308,聯德,15,9,6,凱基-鳳山,2023-08-30,9274
6235,華孚,22,16,6,凱基-鳳山,2023-08-30,9274
2356,英業達,11,6,5,凱基-鳳山,2023-08-30,9274
00885,富邦越南,5,0,5,凱基-鳳山,2023-08-30,9274
2408,南亞科,5,0,5,凱基-鳳山,2023-08-30,9274
2419,仲琦,5,0,5,凱基-鳳山,2023-08-30,9274
2883B,凱基金乙特,5,0,5,凱基-鳳山,2023-08-30,9274
5009,榮剛,5,0,5,凱基-鳳山,2023-08-30,9274
8089,康全電訊,5,0,5,凱基-鳳山,2023-08-30,9274
8176,智捷,5,0,5,凱基-鳳山,2023-08-30,9274
2352,佳世達,4,0,4,凱基-鳳山,2023-08-30,9274
0050,元大台灣50,5,1,4,凱基-鳳山,2023-08-30,9274
2355,敬鵬,18,14,4,凱基-鳳山,2023-08-30,9274
2427,三商電,4,0,4,凱基-鳳山,2023-08-30,9274
2453,凌群,4,0,4,凱基-鳳山,2023-08-30,9274
3014,聯陽,24,20,4,凱基-鳳山,2023-08-30,9274
3325,旭品,5,1,4,凱基-鳳山,2023-08-30,9274
3438,類比科,4,0,4,凱基-鳳山,2023-08-30,9274
6244,茂迪,4,0,4,凱基-鳳山,2023-08-30,9274
00878,國泰永續高股息,278,97,181,凱基-鳳山,2023-08-31,9274
6116,彩晶,114,1,113,凱基-鳳山,2023-08-31,9274
1319,東陽,146,42,104,凱基-鳳山,2023-08-31,9274
00637L,元大滬深300正2,100,0,100,凱基-鳳山,2023-08-31,9274
2481,強茂,53,0,53,凱基-鳳山,2023-08-31,9274
3059,華晶科,54,2,52,凱基-鳳山,2023-08-31,9274
2618,長榮航,145,103,42,凱基-鳳山,2023-08-31,9274
2337,旺宏,38,9,29,凱基-鳳山,2023-08-31,9274
3591,艾笛森,28,0,28,凱基-鳳山,2023-08-31,9274
5452,佶優,22,0,22,凱基-鳳山,2023-08-31,9274
2355,敬鵬,27,7,20,凱基-鳳山,2023-08-31,9274
2367,燿華,18,0,18,凱基-鳳山,2023-08-31,9274
2331,精英,26,9,17,凱基-鳳山,2023-08-31,9274
2344,華邦電,19,3,16,凱基-鳳山,2023-08-31,9274
2610,華航,21,5,16,凱基-鳳山,2023-08-31,9274
3622,洋華,19,4,15,凱基-鳳山,2023-08-31,9274
5340,建榮,18,4,14,凱基-鳳山,2023-08-31,9274
3035,智原,13,1,12,凱基-鳳山,2023-08-31,9274
5225,東科-KY,11,0,11,凱基-鳳山,2023-08-31,9274
2834,臺企銀,15,4,11,凱基-鳳山,2023-08-31,9274
2880,華南金,11,1,10,凱基-鳳山,2023-08-31,9274
2412,中華電,10,0,10,凱基-鳳山,2023-08-31,9274
1540,喬福,10,0,10,凱基-鳳山,2023-08-31,9274
2002,中鋼,10,0,10,凱基-鳳山,2023-08-31,9274
4938,和碩,10,0,10,凱基-鳳山,2023-08-31,9274
8112,至上,10,0,10,凱基-鳳山,2023-08-31,9274
2887,台新金,9,0,9,凱基-鳳山,2023-08-31,9274
1101,台泥,9,0,9,凱基-鳳山,2023-08-31,9274
2888,新光金,11,2,9,凱基-鳳山,2023-08-31,9274
2906,高林,9,0,9,凱基-鳳山,2023-08-31,9274
00902,中信電池及儲能,8,0,8,凱基-鳳山,2023-08-31,9274
1513,中興電,12,4,8,凱基-鳳山,2023-08-31,9274
2332,友訊,10,2,8,凱基-鳳山,2023-08-31,9274
2401,凌陽,81,73,8,凱基-鳳山,2023-08-31,9274
4147,中裕,12,4,8,凱基-鳳山,2023-08-31,9274
2460,建通,10,3,7,凱基-鳳山,2023-08-31,9274
2633,台灣高鐵,7,0,7,凱基-鳳山,2023-08-31,9274
5880,合庫金,7,0,7,凱基-鳳山,2023-08-31,9274
8358,金居,17,10,7,凱基-鳳山,2023-08-31,9274
6547,高端疫苗,13,6,7,凱基-鳳山,2023-08-31,9274
3481,群創,8,1,7,凱基-鳳山,2023-08-31,9274
2312,金寶,6,0,6,凱基-鳳山,2023-08-31,9274
00751B,元大AAA至A公司債,6,0,6,凱基-鳳山,2023-08-31,9274
00923,群益台ESG低碳50,6,0,6,凱基-鳳山,2023-08-31,9274
2414,精技,7,1,6,凱基-鳳山,2023-08-31,9274
3056,富華新,6,0,6,凱基-鳳山,2023-08-31,9274
4934,太極,6,0,6,凱基-鳳山,2023-08-31,9274
5608,四維航,6,0,6,凱基-鳳山,2023-08-31,9274
6147,頎邦,10,4,6,凱基-鳳山,2023-08-31,9274
2330,台積電,5,0,5,凱基-鳳山,2023-08-31,9274
00907,永豐優息存股,373,2,371,凱基-鳳山,2023-09-01,9274
2884,玉山金,155,0,155,凱基-鳳山,2023-09-01,9274
3231,緯創,117,27,90,凱基-鳳山,2023-09-01,9274
1471,首利,84,1,83,凱基-鳳山,2023-09-01,9274
00919,群益台灣精選高息,75,0,75,凱基-鳳山,2023-09-01,9274
2498,宏達電,75,0,75,凱基-鳳山,2023-09-01,9274
1513,中興電,83,18,65,凱基-鳳山,2023-09-01,9274
3044,健鼎,68,6,62,凱基-鳳山,2023-09-01,9274
00673R,期元大S＆P原油反1,59,0,59,凱基-鳳山,2023-09-01,9274
2356,英業達,61,3,58,凱基-鳳山,2023-09-01,9274
00929,復華台灣科技優息,63,5,58,凱基-鳳山,2023-09-01,9274
2606,裕民,59,2,57,凱基-鳳山,2023-09-01,9274
1712,興農,56,0,56,凱基-鳳山,2023-09-01,9274
2618,長榮航,55,3,52,凱基-鳳山,2023-09-01,9274
2401,凌陽,57,13,44,凱基-鳳山,2023-09-01,9274
2337,旺宏,50,9,41,凱基-鳳山,2023-09-01,9274
3014,聯陽,31,0,31,凱基-鳳山,2023-09-01,9274
3176,基亞,30,0,30,凱基-鳳山,2023-09-01,9274
9958,世紀鋼,86,56,30,凱基-鳳山,2023-09-01,9274
2368,金像電,26,3,23,凱基-鳳山,2023-09-01,9274
1503,士電,25,3,22,凱基-鳳山,2023-09-01,9274
2329,華泰,54,38,16,凱基-鳳山,2023-09-01,9274
2457,飛宏,25,9,16,凱基-鳳山,2023-09-01,9274
3105,穩懋,14,0,14,凱基-鳳山,2023-09-01,9274
2892,第一金,14,1,13,凱基-鳳山,2023-09-01,9274
2014,中鴻,15,2,13,凱基-鳳山,2023-09-01,9274
2367,燿華,21,8,13,凱基-鳳山,2023-09-01,9274
2382,廣達,20,8,12,凱基-鳳山,2023-09-01,9274
1522,堤維西,13,2,11,凱基-鳳山,2023-09-01,9274
4532,瑞智,11,0,11,凱基-鳳山,2023-09-01,9274
6485,點序,14,3,11,凱基-鳳山,2023-09-01,9274
6282,康舒,12,2,10,凱基-鳳山,2023-09-01,9274
4157,太景*-KY,10,0,10,凱基-鳳山,2023-09-01,9274
5009,榮剛,11,1,10,凱基-鳳山,2023-09-01,9274
5351,鈺創,10,0,10,凱基-鳳山,2023-09-01,9274
6005,群益證,10,0,10,凱基-鳳山,2023-09-01,9274
8261,富鼎,10,0,10,凱基-鳳山,2023-09-01,9274
2344,華邦電,54,44,10,凱基-鳳山,2023-09-01,9274
4938,和碩,10,1,9,凱基-鳳山,2023-09-01,9274
1504,東元,9,0,9,凱基-鳳山,2023-09-01,9274
3228,金麗科,9,0,9,凱基-鳳山,2023-09-01,9274
3362,先進光,16,7,9,凱基-鳳山,2023-09-01,9274
8110,華東,10,1,9,凱基-鳳山,2023-09-01,9274
1519,華城,24,16,8,凱基-鳳山,2023-09-01,9274
3622,洋華,12,4,8,凱基-鳳山,2023-09-01,9274
8048,德勝,13,5,8,凱基-鳳山,2023-09-01,9274
8358,金居,9,1,8,凱基-鳳山,2023-09-01,9274
2376,技嘉,11,4,7,凱基-鳳山,2023-09-01,9274
3308,聯德,16,9,7,凱基-鳳山,2023-09-01,9274
6248,沛波,7,0,7,凱基-鳳山,2023-09-01,9274
00919,群益台灣精選高息,91,3,88,凱基-鳳山,2023-09-04,9274
2460,建通,66,0,66,凱基-鳳山,2023-09-04,9274
1712,興農,55,0,55,凱基-鳳山,2023-09-04,9274
1101,台泥,55,0,55,凱基-鳳山,2023-09-04,9274
3591,艾笛森,41,0,41,凱基-鳳山,2023-09-04,9274
1513,中興電,43,4,39,凱基-鳳山,2023-09-04,9274
2409,友達,39,1,38,凱基-鳳山,2023-09-04,9274
00931B,統一美債20年,38,0,38,凱基-鳳山,2023-09-04,9274
1504,東元,38,2,36,凱基-鳳山,2023-09-04,9274
2705,六福,30,0,30,凱基-鳳山,2023-09-04,9274
2851,中再保,30,0,30,凱基-鳳山,2023-09-04,9274
1444,力麗,25,0,25,凱基-鳳山,2023-09-04,9274
9958,世紀鋼,117,94,23,凱基-鳳山,2023-09-04,9274
3325,旭品,22,0,22,凱基-鳳山,2023-09-04,9274
3051,力特,42,21,21,凱基-鳳山,2023-09-04,9274
6285,啟��,22,2,20,凱基-鳳山,2023-09-04,9274
2419,仲琦,21,1,20,凱基-鳳山,2023-09-04,9274
00915,凱基優選高股息30,19,0,19,凱基-鳳山,2023-09-04,9274
3481,群創,19,0,19,凱基-鳳山,2023-09-04,9274
00679B,元大美債20年,14,0,14,凱基-鳳山,2023-09-04,9274
2457,飛宏,16,2,14,凱基-鳳山,2023-09-04,9274
8110,華東,16,2,14,凱基-鳳山,2023-09-04,9274
9935,慶豐富,14,0,14,凱基-鳳山,2023-09-04,9274
4919,新唐,14,0,14,凱基-鳳山,2023-09-04,9274
2881,富邦金,12,0,12,凱基-鳳山,2023-09-04,9274
2610,華航,12,0,12,凱基-鳳山,2023-09-04,9274
2892,第一金,12,0,12,凱基-鳳山,2023-09-04,9274
6173,信昌電,16,4,12,凱基-鳳山,2023-09-04,9274
5880,合庫金,11,0,11,凱基-鳳山,2023-09-04,9274
5381,合正,77,66,11,凱基-鳳山,2023-09-04,9274
2340,台亞,11,0,11,凱基-鳳山,2023-09-04,9274
5328,華容,13,2,11,凱基-鳳山,2023-09-04,9274
6418,詠昇,11,0,11,凱基-鳳山,2023-09-04,9274
2025,千興,10,0,10,凱基-鳳山,2023-09-04,9274
6104,創惟,11,1,10,凱基-鳳山,2023-09-04,9274
6550,北極星藥業-KY,10,0,10,凱基-鳳山,2023-09-04,9274
6592B,和潤企業乙特,10,0,10,凱基-鳳山,2023-09-04,9274
8176,智捷,10,0,10,凱基-鳳山,2023-09-04,9274
00857B,永豐20年美公債,9,0,9,凱基-鳳山,2023-09-04,9274
00713,元大台灣高息低波,15,6,9,凱基-鳳山,2023-09-04,9274
2402,毅嘉,48,40,8,凱基-鳳山,2023-09-04,9274
00918,大華優利高填息30,8,0,8,凱基-鳳山,2023-09-04,9274
2481,強茂,8,0,8,凱基-鳳山,2023-09-04,9274
6120,達運,8,0,8,凱基-鳳山,2023-09-04,9274
2645,長榮航太,8,0,8,凱基-鳳山,2023-09-04,9274
1313,聯成,10,3,7,凱基-鳳山,2023-09-04,9274
2329,華泰,15,8,7,凱基-鳳山,2023-09-04,9274
2618,長榮航,8,1,7,凱基-鳳山,2023-09-04,9274
2376,技嘉,10,4,6,凱基-鳳山,2023-09-04,9274
00687B,國泰20年美債,6,0,6,凱基-鳳山,2023-09-04,9274
3481,群創,1008,0,1008,凱基-鳳山,2023-09-05,9274
00929,復華台灣科技優息,248,13,235,凱基-鳳山,2023-09-05,9274
2891,中信金,111,2,109,凱基-鳳山,2023-09-05,9274
2344,華邦電,86,2,84,凱基-鳳山,2023-09-05,9274
3014,聯陽,179,99,80,凱基-鳳山,2023-09-05,9274
00919,群益台灣精選高息,80,2,78,凱基-鳳山,2023-09-05,9274
5876,上海商銀,64,0,64,凱基-鳳山,2023-09-05,9274
2881,富邦金,29,0,29,凱基-鳳山,2023-09-05,9274
00637L,元大滬深300正2,27,0,27,凱基-鳳山,2023-09-05,9274
6217,中探針,24,0,24,凱基-鳳山,2023-09-05,9274
2634,漢翔,28,5,23,凱基-鳳山,2023-09-05,9274
2324,仁寶,23,1,22,凱基-鳳山,2023-09-05,9274
2409,友達,22,0,22,凱基-鳳山,2023-09-05,9274
00932,兆豐永續高息等權,25,4,21,凱基-鳳山,2023-09-05,9274
3231,緯創,30,9,21,凱基-鳳山,2023-09-05,9274
2369,菱生,24,4,20,凱基-鳳山,2023-09-05,9274
6550,北極星藥業-KY,20,0,20,凱基-鳳山,2023-09-05,9274
1519,華城,23,5,18,凱基-鳳山,2023-09-05,9274
2618,長榮航,80,62,18,凱基-鳳山,2023-09-05,9274
3624,光頡,17,0,17,凱基-鳳山,2023-09-05,9274
1603,華電,16,0,16,凱基-鳳山,2023-09-05,9274
2888,新光金,20,4,16,凱基-鳳山,2023-09-05,9274
6533,晶心科,16,0,16,凱基-鳳山,2023-09-05,9274
3149,正達,15,0,15,凱基-鳳山,2023-09-05,9274
00915,凱基優選高股息30,16,2,14,凱基-鳳山,2023-09-05,9274
2312,金寶,39,25,14,凱基-鳳山,2023-09-05,9274
2421,建準,20,6,14,凱基-鳳山,2023-09-05,9274
6282,康舒,23,10,13,凱基-鳳山,2023-09-05,9274
2485,兆赫,20,7,13,凱基-鳳山,2023-09-05,9274
3176,基亞,13,0,13,凱基-鳳山,2023-09-05,9274
00679B,元大美債20年,12,0,12,凱基-鳳山,2023-09-05,9274
5009,榮剛,13,1,12,凱基-鳳山,2023-09-05,9274
6187,萬潤,12,0,12,凱基-鳳山,2023-09-05,9274
8039,台虹,12,0,12,凱基-鳳山,2023-09-05,9274
6188,廣明,11,0,11,凱基-鳳山,2023-09-05,9274
00680L,元大美債20正2,11,0,11,凱基-鳳山,2023-09-05,9274
1314,中石化,11,0,11,凱基-鳳山,2023-09-05,9274
2633,台灣高鐵,11,0,11,凱基-鳳山,2023-09-05,9274
5443,均豪,11,0,11,凱基-鳳山,2023-09-05,9274
6753,龍德造船,12,1,11,凱基-鳳山,2023-09-05,9274
9935,慶豐富,11,0,11,凱基-鳳山,2023-09-05,9274
5608,四維航,10,0,10,凱基-鳳山,2023-09-05,9274
2002,中鋼,10,0,10,凱基-鳳山,2023-09-05,9274
2880,華南金,10,0,10,凱基-鳳山,2023-09-05,9274
00753L,中信中國50正2,10,0,10,凱基-鳳山,2023-09-05,9274
2419,仲琦,10,0,10,凱基-鳳山,2023-09-05,9274
2883B,凱基金乙特,10,0,10,凱基-鳳山,2023-09-05,9274
3003,健和興,10,0,10,凱基-鳳山,2023-09-05,9274
3587,閎康,10,0,10,凱基-鳳山,2023-09-05,9274
4938,和碩,10,0,10,凱基-鳳山,2023-09-05,9274
3481,群創,1007,185,822,凱基-鳳山,2023-09-06,9274
00929,復華台灣科技優息,277,8,269,凱基-鳳山,2023-09-06,9274
00673R,期元大S＆P原油反1,174,0,174,凱基-鳳山,2023-09-06,9274
2313,華通,239,87,152,凱基-鳳山,2023-09-06,9274
2401,凌陽,131,5,126,凱基-鳳山,2023-09-06,9274
1513,中興電,104,0,104,凱基-鳳山,2023-09-06,9274
00932,兆豐永續高息等權,96,0,96,凱基-鳳山,2023-09-06,9274
00919,群益台灣精選高息,90,3,87,凱基-鳳山,2023-09-06,9274
2409,友達,115,31,84,凱基-鳳山,2023-09-06,9274
3014,聯陽,168,91,77,凱基-鳳山,2023-09-06,9274
9934,成霖,74,0,74,凱基-鳳山,2023-09-06,9274
00915,凱基優選高股息30,83,12,71,凱基-鳳山,2023-09-06,9274
00921,兆豐龍頭等權重,55,0,55,凱基-鳳山,2023-09-06,9274
3013,晟銘電,38,4,34,凱基-鳳山,2023-09-06,9274
1101,台泥,33,0,33,凱基-鳳山,2023-09-06,9274
5443,均豪,33,0,33,凱基-鳳山,2023-09-06,9274
2618,長榮航,59,30,29,凱基-鳳山,2023-09-06,9274
2457,飛宏,39,12,27,凱基-鳳山,2023-09-06,9274
9958,世紀鋼,84,57,27,凱基-鳳山,2023-09-06,9274
2363,矽統,89,62,27,凱基-鳳山,2023-09-06,9274
2883,凱基金,32,10,22,凱基-鳳山,2023-09-06,9274
6005,群益證,21,0,21,凱基-鳳山,2023-09-06,9274
6412,群電,23,2,21,凱基-鳳山,2023-09-06,9274
00931B,統一美債20年,21,1,20,凱基-鳳山,2023-09-06,9274
2324,仁寶,22,2,20,凱基-鳳山,2023-09-06,9274
2331,精英,21,2,19,凱基-鳳山,2023-09-06,9274
8436,大江,20,1,19,凱基-鳳山,2023-09-06,9274
2376,技嘉,23,4,19,凱基-鳳山,2023-09-06,9274
2634,漢翔,24,6,18,凱基-鳳山,2023-09-06,9274
3257,虹冠電,22,4,18,凱基-鳳山,2023-09-06,9274
1504,東元,16,0,16,凱基-鳳山,2023-09-06,9274
2611,志信,16,0,16,凱基-鳳山,2023-09-06,9274
2851,中再保,16,0,16,凱基-鳳山,2023-09-06,9274
2436,偉詮電,22,7,15,凱基-鳳山,2023-09-06,9274
2891,中信金,15,0,15,凱基-鳳山,2023-09-06,9274
1471,首利,15,1,14,凱基-鳳山,2023-09-06,9274
2485,兆赫,27,13,14,凱基-鳳山,2023-09-06,9274
5880,合庫金,13,0,13,凱基-鳳山,2023-09-06,9274
6188,廣明,16,3,13,凱基-鳳山,2023-09-06,9274
00918,大華優利高填息30,11,0,11,凱基-鳳山,2023-09-06,9274
2206,三陽工業,11,0,11,凱基-鳳山,2023-09-06,9274
2881,富邦金,11,1,10,凱基-鳳山,2023-09-06,9274
1727,中華化,10,0,10,凱基-鳳山,2023-09-06,9274
2375,凱美,10,0,10,凱基-鳳山,2023-09-06,9274
2888,新光金,10,0,10,凱基-鳳山,2023-09-06,9274
2913,農林,10,0,10,凱基-鳳山,2023-09-06,9274
4961,天鈺,14,4,10,凱基-鳳山,2023-09-06,9274
6016,康和證,10,0,10,凱基-鳳山,2023-09-06,9274
9105,泰金寶-DR,10,0,10,凱基-鳳山,2023-09-06,9274
00679B,元大美債20年,9,0,9,凱基-鳳山,2023-09-06,9274
00929,復華台灣科技優息,280,29,251,凱基-鳳山,2023-09-07,9274
00637L,元大滬深300正2,210,0,210,凱基-鳳山,2023-09-07,9274
3481,群創,190,1,189,凱基-鳳山,2023-09-07,9274
2313,華通,195,19,176,凱基-鳳山,2023-09-07,9274
00665L,富邦�琤肭磪囓�2,160,0,160,凱基-鳳山,2023-09-07,9274
2634,漢翔,133,3,130,凱基-鳳山,2023-09-07,9274
2002,中鋼,112,0,112,凱基-鳳山,2023-09-07,9274
6116,彩晶,111,0,111,凱基-鳳山,2023-09-07,9274
3264,欣銓,122,13,109,凱基-鳳山,2023-09-07,9274
1714,和桐,100,0,100,凱基-鳳山,2023-09-07,9274
2332,友訊,97,0,97,凱基-鳳山,2023-09-07,9274
2358,廷鑫,92,3,89,凱基-鳳山,2023-09-07,9274
3014,聯陽,395,326,69,凱基-鳳山,2023-09-07,9274
00915,凱基優選高股息30,43,0,43,凱基-鳳山,2023-09-07,9274
00773B,中信優先金融債,43,0,43,凱基-鳳山,2023-09-07,9274
2610,華航,43,2,41,凱基-鳳山,2023-09-07,9274
00932,兆豐永續高息等權,43,4,39,凱基-鳳山,2023-09-07,9274
5381,合正,40,1,39,凱基-鳳山,2023-09-07,9274
00878,國泰永續高股息,39,0,39,凱基-鳳山,2023-09-07,9274
00919,群益台灣精選高息,40,2,38,凱基-鳳山,2023-09-07,9274
9934,成霖,38,0,38,凱基-鳳山,2023-09-07,9274
5452,佶優,31,0,31,凱基-鳳山,2023-09-07,9274
2409,友達,38,13,25,凱基-鳳山,2023-09-07,9274
2884,玉山金,23,0,23,凱基-鳳山,2023-09-07,9274
8410,森田,21,0,21,凱基-鳳山,2023-09-07,9274
3071,協禧,21,1,20,凱基-鳳山,2023-09-07,9274
3047,訊舟,19,0,19,凱基-鳳山,2023-09-07,9274
3231,緯創,99,80,19,凱基-鳳山,2023-09-07,9274
00679B,元大美債20年,18,0,18,凱基-鳳山,2023-09-07,9274
2328,廣宇,17,0,17,凱基-鳳山,2023-09-07,9274
2880,華南金,15,0,15,凱基-鳳山,2023-09-07,9274
2618,長榮航,76,61,15,凱基-鳳山,2023-09-07,9274
4147,中裕,14,0,14,凱基-鳳山,2023-09-07,9274
00664R,國泰臺灣加權反1,13,0,13,凱基-鳳山,2023-09-07,9274
00673R,期元大S＆P原油反1,13,0,13,凱基-鳳山,2023-09-07,9274
2355,敬鵬,17,4,13,凱基-鳳山,2023-09-07,9274
00687B,國泰20年美債,12,0,12,凱基-鳳山,2023-09-07,9274
3707,漢磊,15,3,12,凱基-鳳山,2023-09-07,9274
5905,南仁湖,12,0,12,凱基-鳳山,2023-09-07,9274
00753L,中信中國50正2,11,0,11,凱基-鳳山,2023-09-07,9274
2399,映泰,11,0,11,凱基-鳳山,2023-09-07,9274
3088,艾訊,11,0,11,凱基-鳳山,2023-09-07,9274
5309,系統電,11,0,11,凱基-鳳山,2023-09-07,9274
5443,均豪,11,0,11,凱基-鳳山,2023-09-07,9274
6533,晶心科,12,1,11,凱基-鳳山,2023-09-07,9274
6125,廣運,10,0,10,凱基-鳳山,2023-09-07,9274
1471,首利,14,4,10,凱基-鳳山,2023-09-07,9274
2368,金像電,11,1,10,凱基-鳳山,2023-09-07,9274
3035,智原,14,4,10,凱基-鳳山,2023-09-07,9274
3591,艾笛森,10,0,10,凱基-鳳山,2023-09-07,9274
00929,復華台灣科技優息,247,48,199,凱基-鳳山,2023-09-08,9274
3481,群創,125,0,125,凱基-鳳山,2023-09-08,9274
00919,群益台灣精選高息,93,1,92,凱基-鳳山,2023-09-08,9274
00932,兆豐永續高息等權,63,0,63,凱基-鳳山,2023-09-08,9274
3706,神達,70,12,58,凱基-鳳山,2023-09-08,9274
2401,凌陽,59,6,53,凱基-鳳山,2023-09-08,9274
2705,六福,40,0,40,凱基-鳳山,2023-09-08,9274
3264,欣銓,40,2,38,凱基-鳳山,2023-09-08,9274
00915,凱基優選高股息30,37,0,37,凱基-鳳山,2023-09-08,9274
8069,元太,37,0,37,凱基-鳳山,2023-09-08,9274
1513,中興電,40,6,34,凱基-鳳山,2023-09-08,9274
2332,友訊,40,6,34,凱基-鳳山,2023-09-08,9274
2376,技嘉,39,6,33,凱基-鳳山,2023-09-08,9274
1101,台泥,34,4,30,凱基-鳳山,2023-09-08,9274
1313,聯成,30,0,30,凱基-鳳山,2023-09-08,9274
3260,威剛,30,2,28,凱基-鳳山,2023-09-08,9274
00637L,元大滬深300正2,25,0,25,凱基-鳳山,2023-09-08,9274
5348,正能量智能,25,2,23,凱基-鳳山,2023-09-08,9274
00918,大華優利高填息30,22,0,22,凱基-鳳山,2023-09-08,9274
2409,友達,22,0,22,凱基-鳳山,2023-09-08,9274
8112,至上,24,2,22,凱基-鳳山,2023-09-08,9274
0056,元大高股息,21,0,21,凱基-鳳山,2023-09-08,9274
6275,元山,20,0,20,凱基-鳳山,2023-09-08,9274
2489,瑞軒,18,0,18,凱基-鳳山,2023-09-08,9274
2888,新光金,21,4,17,凱基-鳳山,2023-09-08,9274
6266,泰詠,15,0,15,凱基-鳳山,2023-09-08,9274
6770,力積電,15,0,15,凱基-鳳山,2023-09-08,9274
8927,北基,14,0,14,凱基-鳳山,2023-09-08,9274
2887,台新金,14,1,13,凱基-鳳山,2023-09-08,9274
1449,佳和,13,0,13,凱基-鳳山,2023-09-08,9274
6147,頎邦,13,0,13,凱基-鳳山,2023-09-08,9274
2356,英業達,16,4,12,凱基-鳳山,2023-09-08,9274
3362,先進光,12,1,11,凱基-鳳山,2023-09-08,9274
4934,太極,11,0,11,凱基-鳳山,2023-09-08,9274
00900,富邦特選高股息30,11,1,10,凱基-鳳山,2023-09-08,9274
6188,廣明,13,3,10,凱基-鳳山,2023-09-08,9274
00923,群益台ESG低碳50,11,1,10,凱基-鳳山,2023-09-08,9274
00673R,期元大S＆P原油反1,10,0,10,凱基-鳳山,2023-09-08,9274
2634,漢翔,11,1,10,凱基-鳳山,2023-09-08,9274
2867,三商壽,10,0,10,凱基-鳳山,2023-09-08,9274
3363,上詮,23,13,10,凱基-鳳山,2023-09-08,9274
9105,泰金寶-DR,10,0,10,凱基-鳳山,2023-09-08,9274
2329,華泰,54,44,10,凱基-鳳山,2023-09-08,9274
2892,第一金,10,1,9,凱基-鳳山,2023-09-08,9274
2421,建準,12,3,9,凱基-鳳山,2023-09-08,9274
2462,良得電,9,0,9,凱基-鳳山,2023-09-08,9274
2641,正德,10,1,9,凱基-鳳山,2023-09-08,9274
6235,華孚,14,5,9,凱基-鳳山,2023-09-08,9274
6269,台郡,9,0,9,凱基-鳳山,2023-09-08,9274
8086,宏捷科,10,1,9,凱基-鳳山,2023-09-08,9274
00929,復華台灣科技優息,355,1,354,凱基-鳳山,2023-09-11,9274
3014,聯陽,565,269,296,凱基-鳳山,2023-09-11,9274
00878,國泰永續高股息,202,44,158,凱基-鳳山,2023-09-11,9274
00919,群益台灣精選高息,152,1,151,凱基-鳳山,2023-09-11,9274
00932,兆豐永續高息等權,100,8,92,凱基-鳳山,2023-09-11,9274
6116,彩晶,151,75,76,凱基-鳳山,2023-09-11,9274
8086,宏捷科,82,8,74,凱基-鳳山,2023-09-11,9274
00722B,群益投資級電信債,69,0,69,凱基-鳳山,2023-09-11,9274
00631L,元大台灣50正2,54,0,54,凱基-鳳山,2023-09-11,9274
2401,凌陽,58,5,53,凱基-鳳山,2023-09-11,9274
00915,凱基優選高股息30,51,0,51,凱基-鳳山,2023-09-11,9274
6125,廣運,54,4,50,凱基-鳳山,2023-09-11,9274
1513,中興電,48,2,46,凱基-鳳山,2023-09-11,9274
3062,建漢,38,0,38,凱基-鳳山,2023-09-11,9274
9934,成霖,37,0,37,凱基-鳳山,2023-09-11,9274
00918,大華優利高填息30,31,0,31,凱基-鳳山,2023-09-11,9274
3231,緯創,89,60,29,凱基-鳳山,2023-09-11,9274
2382,廣達,43,14,29,凱基-鳳山,2023-09-11,9274
2884,玉山金,27,0,27,凱基-鳳山,2023-09-11,9274
2352,佳世達,26,0,26,凱基-鳳山,2023-09-11,9274
6274,台燿,25,0,25,凱基-鳳山,2023-09-11,9274
3715,定穎投控,37,15,22,凱基-鳳山,2023-09-11,9274
2462,良得電,21,0,21,凱基-鳳山,2023-09-11,9274
2201,裕隆,20,0,20,凱基-鳳山,2023-09-11,9274
2363,矽統,79,61,18,凱基-鳳山,2023-09-11,9274
00931B,統一美債20年,18,0,18,凱基-鳳山,2023-09-11,9274
8936,國統,18,0,18,凱基-鳳山,2023-09-11,9274
5348,正能量智能,23,5,18,凱基-鳳山,2023-09-11,9274
3004,豐達科,24,8,16,凱基-鳳山,2023-09-11,9274
2324,仁寶,46,31,15,凱基-鳳山,2023-09-11,9274
00679B,元大美債20年,15,0,15,凱基-鳳山,2023-09-11,9274
6152,百一,15,0,15,凱基-鳳山,2023-09-11,9274
2356,英業達,21,6,15,凱基-鳳山,2023-09-11,9274
0056,元大高股息,18,3,15,凱基-鳳山,2023-09-11,9274
00713,元大台灣高息低波,14,0,14,凱基-鳳山,2023-09-11,9274
1519,華城,17,4,13,凱基-鳳山,2023-09-11,9274
6770,力積電,13,0,13,凱基-鳳山,2023-09-11,9274
2376,技嘉,23,11,12,凱基-鳳山,2023-09-11,9274
00900,富邦特選高股息30,17,5,12,凱基-鳳山,2023-09-11,9274
00857B,永豐20年美公債,12,0,12,凱基-鳳山,2023-09-11,9274
9958,世紀鋼,58,46,12,凱基-鳳山,2023-09-11,9274
8033,雷虎,15,3,12,凱基-鳳山,2023-09-11,9274
2634,漢翔,15,4,11,凱基-鳳山,2023-09-11,9274
2332,友訊,21,10,11,凱基-鳳山,2023-09-11,9274
2892,第一金,11,0,11,凱基-鳳山,2023-09-11,9274
6443,元晶,16,5,11,凱基-鳳山,2023-09-11,9274
1314,中石化,15,5,10,凱基-鳳山,2023-09-11,9274
4142,國光生,10,0,10,凱基-鳳山,2023-09-11,9274
00752,中信中國50,10,0,10,凱基-鳳山,2023-09-11,9274
1727,中華化,10,0,10,凱基-鳳山,2023-09-11,9274
6120,達運,668,212,456,凱基-鳳山,2023-09-12,9274
00929,復華台灣科技優息,278,0,278,凱基-鳳山,2023-09-12,9274
2618,長榮航,296,206,90,凱基-鳳山,2023-09-12,9274
1471,首利,93,4,89,凱基-鳳山,2023-09-12,9274
2331,精英,56,3,53,凱基-鳳山,2023-09-12,9274
6116,彩晶,53,0,53,凱基-鳳山,2023-09-12,9274
00631L,元大台灣50正2,44,0,44,凱基-鳳山,2023-09-12,9274
1524,耿鼎,74,32,42,凱基-鳳山,2023-09-12,9274
00919,群益台灣精選高息,44,3,41,凱基-鳳山,2023-09-12,9274
2460,建通,96,56,40,凱基-鳳山,2023-09-12,9274
3481,群創,42,4,38,凱基-鳳山,2023-09-12,9274
2409,友達,39,1,38,凱基-鳳山,2023-09-12,9274
2328,廣宇,30,0,30,凱基-鳳山,2023-09-12,9274
6770,力積電,30,0,30,凱基-鳳山,2023-09-12,9274
00878,國泰永續高股息,36,12,24,凱基-鳳山,2023-09-12,9274
6274,台燿,22,0,22,凱基-鳳山,2023-09-12,9274
8069,元太,21,0,21,凱基-鳳山,2023-09-12,9274
3363,上詮,37,16,21,凱基-鳳山,2023-09-12,9274
00931B,統一美債20年,21,0,21,凱基-鳳山,2023-09-12,9274
00885,富邦越南,20,0,20,凱基-鳳山,2023-09-12,9274
00882,中信中國高股息,20,0,20,凱基-鳳山,2023-09-12,9274
5452,佶優,20,0,20,凱基-鳳山,2023-09-12,9274
1319,東陽,20,5,15,凱基-鳳山,2023-09-12,9274
8436,大江,14,0,14,凱基-鳳山,2023-09-12,9274
4906,正文,20,7,13,凱基-鳳山,2023-09-12,9274
2633,台灣高鐵,12,0,12,凱基-鳳山,2023-09-12,9274
6176,瑞儀,15,3,12,凱基-鳳山,2023-09-12,9274
9958,世紀鋼,54,42,12,凱基-鳳山,2023-09-12,9274
3231,緯創,38,27,11,凱基-鳳山,2023-09-12,9274
3715,定穎投控,12,1,11,凱基-鳳山,2023-09-12,9274
00932,兆豐永續高息等權,12,1,11,凱基-鳳山,2023-09-12,9274
00673R,期元大S＆P原油反1,11,0,11,凱基-鳳山,2023-09-12,9274
2206,三陽工業,11,0,11,凱基-鳳山,2023-09-12,9274
2903,遠百,11,0,11,凱基-鳳山,2023-09-12,9274
6111,大宇資,11,1,10,凱基-鳳山,2023-09-12,9274
00752,中信中國50,10,0,10,凱基-鳳山,2023-09-12,9274
2358,廷鑫,43,33,10,凱基-鳳山,2023-09-12,9274
2457,飛宏,10,0,10,凱基-鳳山,2023-09-12,9274
00918,大華優利高填息30,10,1,9,凱基-鳳山,2023-09-12,9274
6187,萬潤,9,0,9,凱基-鳳山,2023-09-12,9274
2382,廣達,23,14,9,凱基-鳳山,2023-09-12,9274
5381,合正,24,16,8,凱基-鳳山,2023-09-12,9274
4977,眾達-KY,9,1,8,凱基-鳳山,2023-09-12,9274
6139,亞翔,8,0,8,凱基-鳳山,2023-09-12,9274
8089,康全電訊,8,0,8,凱基-鳳山,2023-09-12,9274
6125,廣運,19,11,8,凱基-鳳山,2023-09-12,9274
2883,凱基金,27,20,7,凱基-鳳山,2023-09-12,9274
2891,中信金,6,0,6,凱基-鳳山,2023-09-12,9274
2313,華通,64,58,6,凱基-鳳山,2023-09-12,9274
2332,友訊,10,4,6,凱基-鳳山,2023-09-12,9274
00919,群益台灣精選高息,326,1,325,凱基-鳳山,2023-09-13,9274
00929,復華台灣科技優息,187,9,178,凱基-鳳山,2023-09-13,9274
2888,新光金,51,0,51,凱基-鳳山,2023-09-13,9274
00637L,元大滬深300正2,50,0,50,凱基-鳳山,2023-09-13,9274
00671R,富邦NASDAQ反1,42,0,42,凱基-鳳山,2023-09-13,9274
2401,凌陽,42,2,40,凱基-鳳山,2023-09-13,9274
00751B,元大AAA至A公司債,30,0,30,凱基-鳳山,2023-09-13,9274
5351,鈺創,30,0,30,凱基-鳳山,2023-09-13,9274
1471,首利,39,10,29,凱基-鳳山,2023-09-13,9274
2634,漢翔,29,3,26,凱基-鳳山,2023-09-13,9274
8069,元太,36,10,26,凱基-鳳山,2023-09-13,9274
3044,健鼎,39,15,24,凱基-鳳山,2023-09-13,9274
6016,康和證,20,0,20,凱基-鳳山,2023-09-13,9274
6202,盛群,20,0,20,凱基-鳳山,2023-09-13,9274
2369,菱生,20,1,19,凱基-鳳山,2023-09-13,9274
1513,中興電,17,1,16,凱基-鳳山,2023-09-13,9274
2332,友訊,16,0,16,凱基-鳳山,2023-09-13,9274
3711,日月光投控,14,0,14,凱基-鳳山,2023-09-13,9274
6443,元晶,16,2,14,凱基-鳳山,2023-09-13,9274
5348,正能量智能,12,0,12,凱基-鳳山,2023-09-13,9274
8112,至上,20,8,12,凱基-鳳山,2023-09-13,9274
3380,明泰,11,0,11,凱基-鳳山,2023-09-13,9274
3532,台勝科,11,0,11,凱基-鳳山,2023-09-13,9274
6285,啟��,11,0,11,凱基-鳳山,2023-09-13,9274
9935,慶豐富,11,0,11,凱基-鳳山,2023-09-13,9274
00932,兆豐永續高息等權,10,0,10,凱基-鳳山,2023-09-13,9274
00673R,期元大S＆P原油反1,10,0,10,凱基-鳳山,2023-09-13,9274
00665L,富邦�琤肭磪囓�2,10,0,10,凱基-鳳山,2023-09-13,9274
2014,中鴻,10,0,10,凱基-鳳山,2023-09-13,9274
2316,楠梓電,10,0,10,凱基-鳳山,2023-09-13,9274
2405,輔信,16,6,10,凱基-鳳山,2023-09-13,9274
5309,系統電,10,0,10,凱基-鳳山,2023-09-13,9274
2498,宏達電,10,0,10,凱基-鳳山,2023-09-13,9274
00893,國泰智能電動車,9,0,9,凱基-鳳山,2023-09-13,9274
2834,臺企銀,10,1,9,凱基-鳳山,2023-09-13,9274
3591,艾笛森,9,0,9,凱基-鳳山,2023-09-13,9274
6756,威鋒電子,8,0,8,凱基-鳳山,2023-09-13,9274
2417,圓剛,8,0,8,凱基-鳳山,2023-09-13,9274
3260,威剛,15,7,8,凱基-鳳山,2023-09-13,9274
6152,百一,8,0,8,凱基-鳳山,2023-09-13,9274
2884,玉山金,7,0,7,凱基-鳳山,2023-09-13,9274
2353,宏��,7,1,6,凱基-鳳山,2023-09-13,9274
2449,京元電子,9,3,6,凱基-鳳山,2023-09-13,9274
3006,晶豪科,6,0,6,凱基-鳳山,2023-09-13,9274
4707,磐亞,6,0,6,凱基-鳳山,2023-09-13,9274
4915,致伸,10,4,6,凱基-鳳山,2023-09-13,9274
8076,伍豐,6,0,6,凱基-鳳山,2023-09-13,9274
9958,世紀鋼,10,4,6,凱基-鳳山,2023-09-13,9274
2889,國票金,6,0,6,凱基-鳳山,2023-09-13,9274
3231,緯創,36,31,5,凱基-鳳山,2023-09-13,9274
3062,建漢,372,2,370,凱基-鳳山,2023-09-14,9274
3481,群創,152,0,152,凱基-鳳山,2023-09-14,9274
00919,群益台灣精選高息,126,0,126,凱基-鳳山,2023-09-14,9274
1522,堤維西,242,135,107,凱基-鳳山,2023-09-14,9274
3685,元創精密,80,0,80,凱基-鳳山,2023-09-14,9274
00929,復華台灣科技優息,100,33,67,凱基-鳳山,2023-09-14,9274
00932,兆豐永續高息等權,51,0,51,凱基-鳳山,2023-09-14,9274
00921,兆豐龍頭等權重,50,0,50,凱基-鳳山,2023-09-14,9274
2303,聯電,43,3,40,凱基-鳳山,2023-09-14,9274
2888,新光金,40,0,40,凱基-鳳山,2023-09-14,9274
00885,富邦越南,41,2,39,凱基-鳳山,2023-09-14,9274
3591,艾笛森,38,0,38,凱基-鳳山,2023-09-14,9274
00930,永豐ESG低碳高息,30,0,30,凱基-鳳山,2023-09-14,9274
4919,新唐,38,10,28,凱基-鳳山,2023-09-14,9274
2331,精英,35,8,27,凱基-鳳山,2023-09-14,9274
2332,友訊,40,15,25,凱基-鳳山,2023-09-14,9274
00712,復華富時不動產,24,3,21,凱基-鳳山,2023-09-14,9274
1471,首利,25,5,20,凱基-鳳山,2023-09-14,9274
2313,華通,55,35,20,凱基-鳳山,2023-09-14,9274
1568,倉佑,27,7,20,凱基-鳳山,2023-09-14,9274
2610,華航,22,3,19,凱基-鳳山,2023-09-14,9274
3548,兆利,20,1,19,凱基-鳳山,2023-09-14,9274
6770,力積電,50,32,18,凱基-鳳山,2023-09-14,9274
2436,偉詮電,17,1,16,凱基-鳳山,2023-09-14,9274
2887,台新金,31,15,16,凱基-鳳山,2023-09-14,9274
2538,基泰,16,1,15,凱基-鳳山,2023-09-14,9274
2618,長榮航,13,0,13,凱基-鳳山,2023-09-14,9274
2371,大同,16,4,12,凱基-鳳山,2023-09-14,9274
2301,光寶科,12,2,10,凱基-鳳山,2023-09-14,9274
00752,中信中國50,10,0,10,凱基-鳳山,2023-09-14,9274
2383,台光電,10,0,10,凱基-鳳山,2023-09-14,9274
2419,仲琦,10,0,10,凱基-鳳山,2023-09-14,9274
3038,全台,10,0,10,凱基-鳳山,2023-09-14,9274
3325,旭品,10,0,10,凱基-鳳山,2023-09-14,9274
3450,聯鈞,16,6,10,凱基-鳳山,2023-09-14,9274
4147,中裕,19,9,10,凱基-鳳山,2023-09-14,9274
4934,太極,10,0,10,凱基-鳳山,2023-09-14,9274
3592,瑞鼎,9,0,9,凱基-鳳山,2023-09-14,9274
3624,光頡,10,1,9,凱基-鳳山,2023-09-14,9274
2402,毅嘉,13,5,8,凱基-鳳山,2023-09-14,9274
6216,居易,8,0,8,凱基-鳳山,2023-09-14,9274
6271,同欣電,13,5,8,凱基-鳳山,2023-09-14,9274
8936,國統,8,0,8,凱基-鳳山,2023-09-14,9274
8996,高力,8,0,8,凱基-鳳山,2023-09-14,9274
3189,景碩,7,0,7,凱基-鳳山,2023-09-14,9274
2025,千興,7,0,7,凱基-鳳山,2023-09-14,9274
2427,三商電,19,12,7,凱基-鳳山,2023-09-14,9274
4979,華星光,24,18,6,凱基-鳳山,2023-09-14,9274
2337,旺宏,6,0,6,凱基-鳳山,2023-09-14,9274
1409,新纖,6,0,6,凱基-鳳山,2023-09-14,9274
3481,群創,233,7,226,凱基-鳳山,2023-09-15,9274
00680L,元大美債20正2,211,0,211,凱基-鳳山,2023-09-15,9274
00929,復華台灣科技優息,158,5,153,凱基-鳳山,2023-09-15,9274
00918,大華優利高填息30,87,0,87,凱基-鳳山,2023-09-15,9274
2634,漢翔,85,16,69,凱基-鳳山,2023-09-15,9274
3062,建漢,75,8,67,凱基-鳳山,2023-09-15,9274
3490,單井,58,0,58,凱基-鳳山,2023-09-15,9274
3591,艾笛森,55,0,55,凱基-鳳山,2023-09-15,9274
2486,一詮,114,67,47,凱基-鳳山,2023-09-15,9274
3264,欣銓,48,3,45,凱基-鳳山,2023-09-15,9274
2888,新光金,40,0,40,凱基-鳳山,2023-09-15,9274
1477,聚陽,46,7,39,凱基-鳳山,2023-09-15,9274
2331,精英,74,37,37,凱基-鳳山,2023-09-15,9274
00931B,統一美債20年,30,0,30,凱基-鳳山,2023-09-15,9274
2610,華航,32,2,30,凱基-鳳山,2023-09-15,9274
00919,群益台灣精選高息,66,36,30,凱基-鳳山,2023-09-15,9274
2881,富邦金,29,0,29,凱基-鳳山,2023-09-15,9274
2618,長榮航,124,100,24,凱基-鳳山,2023-09-15,9274
2002,中鋼,26,2,24,凱基-鳳山,2023-09-15,9274
2834,臺企銀,20,0,20,凱基-鳳山,2023-09-15,9274
00857B,永豐20年美公債,19,0,19,凱基-鳳山,2023-09-15,9274
2884,玉山金,19,0,19,凱基-鳳山,2023-09-15,9274
6282,康舒,20,1,19,凱基-鳳山,2023-09-15,9274
00915,凱基優選高股息30,18,0,18,凱基-鳳山,2023-09-15,9274
3715,定穎投控,57,39,18,凱基-鳳山,2023-09-15,9274
2317,鴻海,17,0,17,凱基-鳳山,2023-09-15,9274
3231,緯創,40,23,17,凱基-鳳山,2023-09-15,9274
00924,復華S＆P500成長,15,0,15,凱基-鳳山,2023-09-15,9274
5608,四維航,66,51,15,凱基-鳳山,2023-09-15,9274
5465,富驊,15,1,14,凱基-鳳山,2023-09-15,9274
00932,兆豐永續高息等權,21,8,13,凱基-鳳山,2023-09-15,9274
1101,台泥,13,0,13,凱基-鳳山,2023-09-15,9274
00673R,期元大S＆P原油反1,13,0,13,凱基-鳳山,2023-09-15,9274
2356,英業達,14,2,12,凱基-鳳山,2023-09-15,9274
2367,燿華,19,7,12,凱基-鳳山,2023-09-15,9274
2402,毅嘉,19,7,12,凱基-鳳山,2023-09-15,9274
00679B,元大美債20年,12,0,12,凱基-鳳山,2023-09-15,9274
6125,廣運,13,2,11,凱基-鳳山,2023-09-15,9274
6213,聯茂,11,0,11,凱基-鳳山,2023-09-15,9274
2363,矽統,71,60,11,凱基-鳳山,2023-09-15,9274
00683L,期元大美元指正2,10,0,10,凱基-鳳山,2023-09-15,9274
00885,富邦越南,10,0,10,凱基-鳳山,2023-09-15,9274
1304,台聚,10,0,10,凱基-鳳山,2023-09-15,9274
1802,台玻,11,1,10,凱基-鳳山,2023-09-15,9274
2208,台船,10,0,10,凱基-鳳山,2023-09-15,9274
2462,良得電,43,33,10,凱基-鳳山,2023-09-15,9274
5348,正能量智能,13,3,10,凱基-鳳山,2023-09-15,9274
6261,久元,10,0,10,凱基-鳳山,2023-09-15,9274
6550,北極星藥業-KY,10,0,10,凱基-鳳山,2023-09-15,9274
4147,中裕,9,0,9,凱基-鳳山,2023-09-15,9274
00929,復華台灣科技優息,321,8,313,凱基-鳳山,2023-09-18,9274
3014,聯陽,785,537,248,凱基-鳳山,2023-09-18,9274
00919,群益台灣精選高息,174,8,166,凱基-鳳山,2023-09-18,9274
3481,群創,160,15,145,凱基-鳳山,2023-09-18,9274
00687B,國泰20年美債,121,0,121,凱基-鳳山,2023-09-18,9274
1605,華新,115,0,115,凱基-鳳山,2023-09-18,9274
00857B,永豐20年美公債,108,0,108,凱基-鳳山,2023-09-18,9274
3231,緯創,134,39,95,凱基-鳳山,2023-09-18,9274
2617,台航,82,3,79,凱基-鳳山,2023-09-18,9274
3264,欣銓,71,2,69,凱基-鳳山,2023-09-18,9274
00671R,富邦NASDAQ反1,66,0,66,凱基-鳳山,2023-09-18,9274
00878,國泰永續高股息,60,1,59,凱基-鳳山,2023-09-18,9274
2605,新興,138,84,54,凱基-鳳山,2023-09-18,9274
00773B,中信優先金融債,71,20,51,凱基-鳳山,2023-09-18,9274
00688L,國泰20年美債正2,50,0,50,凱基-鳳山,2023-09-18,9274
3062,建漢,48,4,44,凱基-鳳山,2023-09-18,9274
2363,矽統,71,32,39,凱基-鳳山,2023-09-18,9274
00931B,統一美債20年,39,0,39,凱基-鳳山,2023-09-18,9274
6217,中探針,36,0,36,凱基-鳳山,2023-09-18,9274
00751B,元大AAA至A公司債,34,0,34,凱基-鳳山,2023-09-18,9274
3380,明泰,33,1,32,凱基-鳳山,2023-09-18,9274
2324,仁寶,46,20,26,凱基-鳳山,2023-09-18,9274
00885,富邦越南,23,0,23,凱基-鳳山,2023-09-18,9274
2367,燿華,27,5,22,凱基-鳳山,2023-09-18,9274
3058,立德,21,0,21,凱基-鳳山,2023-09-18,9274
00673R,期元大S＆P原油反1,20,0,20,凱基-鳳山,2023-09-18,9274
2460,建通,20,0,20,凱基-鳳山,2023-09-18,9274
4721,美琪瑪,20,0,20,凱基-鳳山,2023-09-18,9274
6125,廣運,19,0,19,凱基-鳳山,2023-09-18,9274
00712,復華富時不動產,18,0,18,凱基-鳳山,2023-09-18,9274
00921,兆豐龍頭等權重,18,1,17,凱基-鳳山,2023-09-18,9274
3591,艾笛森,18,1,17,凱基-鳳山,2023-09-18,9274
2611,志信,16,0,16,凱基-鳳山,2023-09-18,9274
3257,虹冠電,15,0,15,凱基-鳳山,2023-09-18,9274
2344,華邦電,14,0,14,凱基-鳳山,2023-09-18,9274
00918,大華優利高填息30,14,0,14,凱基-鳳山,2023-09-18,9274
2382,廣達,20,6,14,凱基-鳳山,2023-09-18,9274
2354,鴻準,15,2,13,凱基-鳳山,2023-09-18,9274
2330,台積電,20,7,13,凱基-鳳山,2023-09-18,9274
3260,威剛,13,0,13,凱基-鳳山,2023-09-18,9274
1102,亞泥,12,0,12,凱基-鳳山,2023-09-18,9274
1319,東陽,17,5,12,凱基-鳳山,2023-09-18,9274
2317,鴻海,13,1,12,凱基-鳳山,2023-09-18,9274
4906,正文,11,0,11,凱基-鳳山,2023-09-18,9274
6223,旺矽,11,0,11,凱基-鳳山,2023-09-18,9274
00915,凱基優選高股息30,11,0,11,凱基-鳳山,2023-09-18,9274
2303,聯電,17,7,10,凱基-鳳山,2023-09-18,9274
00753L,中信中國50正2,10,0,10,凱基-鳳山,2023-09-18,9274
1471,首利,13,3,10,凱基-鳳山,2023-09-18,9274
3033,威健,10,0,10,凱基-鳳山,2023-09-18,9274
00902,中信電池及儲能,272,0,272,凱基-鳳山,2023-09-19,9274
3481,群創,133,3,130,凱基-鳳山,2023-09-19,9274
9904,寶成,94,0,94,凱基-鳳山,2023-09-19,9274
00712,復華富時不動產,80,6,74,凱基-鳳山,2023-09-19,9274
2460,建通,71,0,71,凱基-鳳山,2023-09-19,9274
2401,凌陽,70,0,70,凱基-鳳山,2023-09-19,9274
2634,漢翔,81,19,62,凱基-鳳山,2023-09-19,9274
00932,兆豐永續高息等權,62,1,61,凱基-鳳山,2023-09-19,9274
00921,兆豐龍頭等權重,58,0,58,凱基-鳳山,2023-09-19,9274
00929,復華台灣科技優息,86,33,53,凱基-鳳山,2023-09-19,9274
00919,群益台灣精選高息,45,3,42,凱基-鳳山,2023-09-19,9274
6153,嘉聯益,40,1,39,凱基-鳳山,2023-09-19,9274
9958,世紀鋼,54,20,34,凱基-鳳山,2023-09-19,9274
3673,TPK-KY,32,0,32,凱基-鳳山,2023-09-19,9274
8936,國統,27,0,27,凱基-鳳山,2023-09-19,9274
2388,威盛,35,11,24,凱基-鳳山,2023-09-19,9274
00671R,富邦NASDAQ反1,22,0,22,凱基-鳳山,2023-09-19,9274
2884,玉山金,24,3,21,凱基-鳳山,2023-09-19,9274
4721,美琪瑪,20,0,20,凱基-鳳山,2023-09-19,9274
5243,乙盛-KY,20,0,20,凱基-鳳山,2023-09-19,9274
2002,中鋼,19,0,19,凱基-鳳山,2023-09-19,9274
2605,新興,195,178,17,凱基-鳳山,2023-09-19,9274
2354,鴻準,31,15,16,凱基-鳳山,2023-09-19,9274
4979,華星光,22,6,16,凱基-鳳山,2023-09-19,9274
00885,富邦越南,15,0,15,凱基-鳳山,2023-09-19,9274
1471,首利,15,0,15,凱基-鳳山,2023-09-19,9274
3548,兆利,15,0,15,凱基-鳳山,2023-09-19,9274
3540,曜越,15,1,14,凱基-鳳山,2023-09-19,9274
3231,緯創,85,71,14,凱基-鳳山,2023-09-19,9274
1802,台玻,20,7,13,凱基-鳳山,2023-09-19,9274
3227,原相,14,1,13,凱基-鳳山,2023-09-19,9274
2353,宏��,12,0,12,凱基-鳳山,2023-09-19,9274
6217,中探針,12,0,12,凱基-鳳山,2023-09-19,9274
2330,台積電,12,0,12,凱基-鳳山,2023-09-19,9274
8050,廣積,12,1,11,凱基-鳳山,2023-09-19,9274
2609,陽明,16,5,11,凱基-鳳山,2023-09-19,9274
2887,台新金,13,2,11,凱基-鳳山,2023-09-19,9274
2331,精英,40,30,10,凱基-鳳山,2023-09-19,9274
3454,晶睿,10,0,10,凱基-鳳山,2023-09-19,9274
00643,群益深証中小,10,0,10,凱基-鳳山,2023-09-19,9274
2101,南港,10,0,10,凱基-鳳山,2023-09-19,9274
2610,華航,12,2,10,凱基-鳳山,2023-09-19,9274
2356,英業達,15,5,10,凱基-鳳山,2023-09-19,9274
3122,笙泉,11,1,10,凱基-鳳山,2023-09-19,9274
2611,志信,9,0,9,凱基-鳳山,2023-09-19,9274
6126,信音,9,0,9,凱基-鳳山,2023-09-19,9274
6770,力積電,10,1,9,凱基-鳳山,2023-09-19,9274
6829,千附精密,10,1,9,凱基-鳳山,2023-09-19,9274
6901,鑽石投資,13,4,9,凱基-鳳山,2023-09-19,9274
6112,邁達特,8,0,8,凱基-鳳山,2023-09-19,9274
00929,復華台灣科技優息,307,81,226,凱基-鳳山,2023-09-20,9274
3481,群創,141,0,141,凱基-鳳山,2023-09-20,9274
3673,TPK-KY,110,0,110,凱基-鳳山,2023-09-20,9274
2891,中信金,110,2,108,凱基-鳳山,2023-09-20,9274
3264,欣銓,120,13,107,凱基-鳳山,2023-09-20,9274
00919,群益台灣精選高息,125,30,95,凱基-鳳山,2023-09-20,9274
2367,燿華,363,286,77,凱基-鳳山,2023-09-20,9274
3014,聯陽,815,744,71,凱基-鳳山,2023-09-20,9274
2401,凌陽,68,9,59,凱基-鳳山,2023-09-20,9274
3037,欣興,60,6,54,凱基-鳳山,2023-09-20,9274
2883,凱基金,49,0,49,凱基-鳳山,2023-09-20,9274
00878,國泰永續高股息,58,13,45,凱基-鳳山,2023-09-20,9274
2313,華通,117,73,44,凱基-鳳山,2023-09-20,9274
2331,精英,45,2,43,凱基-鳳山,2023-09-20,9274
00932,兆豐永續高息等權,39,0,39,凱基-鳳山,2023-09-20,9274
5608,四維航,70,31,39,凱基-鳳山,2023-09-20,9274
4919,新唐,38,1,37,凱基-鳳山,2023-09-20,9274
3260,威剛,40,4,36,凱基-鳳山,2023-09-20,9274
3062,建漢,43,10,33,凱基-鳳山,2023-09-20,9274
00921,兆豐龍頭等權重,32,0,32,凱基-鳳山,2023-09-20,9274
4944,兆遠,31,0,31,凱基-鳳山,2023-09-20,9274
00671R,富邦NASDAQ反1,30,0,30,凱基-鳳山,2023-09-20,9274
2449,京元電子,44,16,28,凱基-鳳山,2023-09-20,9274
2801,彰銀,28,0,28,凱基-鳳山,2023-09-20,9274
6443,元晶,30,2,28,凱基-鳳山,2023-09-20,9274
3265,台星科,100,73,27,凱基-鳳山,2023-09-20,9274
1717,長興,20,0,20,凱基-鳳山,2023-09-20,9274
2610,華航,21,1,20,凱基-鳳山,2023-09-20,9274
2705,六福,20,0,20,凱基-鳳山,2023-09-20,9274
9958,世紀鋼,29,9,20,凱基-鳳山,2023-09-20,9274
00923,群益台ESG低碳50,19,0,19,凱基-鳳山,2023-09-20,9274
2460,建通,18,0,18,凱基-鳳山,2023-09-20,9274
8050,廣積,18,1,17,凱基-鳳山,2023-09-20,9274
5328,華容,15,0,15,凱基-鳳山,2023-09-20,9274
2354,鴻準,17,3,14,凱基-鳳山,2023-09-20,9274
00931B,統一美債20年,13,0,13,凱基-鳳山,2023-09-20,9274
2892,第一金,14,1,13,凱基-鳳山,2023-09-20,9274
2363,矽統,17,5,12,凱基-鳳山,2023-09-20,9274
00720B,元大投資級公司債,12,0,12,凱基-鳳山,2023-09-20,9274
2344,華邦電,14,2,12,凱基-鳳山,2023-09-20,9274
6770,力積電,12,0,12,凱基-鳳山,2023-09-20,9274
8936,國統,12,0,12,凱基-鳳山,2023-09-20,9274
2330,台積電,13,1,12,凱基-鳳山,2023-09-20,9274
00753L,中信中國50正2,11,0,11,凱基-鳳山,2023-09-20,9274
1304,台聚,11,0,11,凱基-鳳山,2023-09-20,9274
1101,台泥,10,0,10,凱基-鳳山,2023-09-20,9274
00680L,元大美債20正2,10,0,10,凱基-鳳山,2023-09-20,9274
00643,群益深証中小,10,0,10,凱基-鳳山,2023-09-20,9274
1540,喬福,10,0,10,凱基-鳳山,2023-09-20,9274
2027,大成鋼,11,1,10,凱基-鳳山,2023-09-20,9274
00671R,富邦NASDAQ反1,500,10,490,凱基-鳳山,2023-09-21,9274
2634,漢翔,192,2,190,凱基-鳳山,2023-09-21,9274
2884,玉山金,126,1,125,凱基-鳳山,2023-09-21,9274
0056,元大高股息,120,8,112,凱基-鳳山,2023-09-21,9274
2610,華航,106,11,95,凱基-鳳山,2023-09-21,9274
3673,TPK-KY,81,0,81,凱基-鳳山,2023-09-21,9274
00919,群益台灣精選高息,69,0,69,凱基-鳳山,2023-09-21,9274
2002,中鋼,63,0,63,凱基-鳳山,2023-09-21,9274
2329,華泰,52,0,52,凱基-鳳山,2023-09-21,9274
2367,燿華,150,106,44,凱基-鳳山,2023-09-21,9274
3665,貿聯-KY,44,1,43,凱基-鳳山,2023-09-21,9274
2460,建通,52,11,41,凱基-鳳山,2023-09-21,9274
1312A,國喬特,37,0,37,凱基-鳳山,2023-09-21,9274
3014,聯陽,721,686,35,凱基-鳳山,2023-09-21,9274
00679B,元大美債20年,33,0,33,凱基-鳳山,2023-09-21,9274
4721,美琪瑪,30,0,30,凱基-鳳山,2023-09-21,9274
2612,中航,30,3,27,凱基-鳳山,2023-09-21,9274
00753L,中信中國50正2,26,0,26,凱基-鳳山,2023-09-21,9274
5880,合庫金,26,0,26,凱基-鳳山,2023-09-21,9274
1101,台泥,26,1,25,凱基-鳳山,2023-09-21,9274
3017,奇鋐,24,1,23,凱基-鳳山,2023-09-21,9274
2363,矽統,51,28,23,凱基-鳳山,2023-09-21,9274
3706,神達,59,36,23,凱基-鳳山,2023-09-21,9274
2883,凱基金,23,2,21,凱基-鳳山,2023-09-21,9274
2354,鴻準,20,0,20,凱基-鳳山,2023-09-21,9274
6122,擎邦,20,0,20,凱基-鳳山,2023-09-21,9274
2474,可成,19,0,19,凱基-鳳山,2023-09-21,9274
2399,映泰,20,2,18,凱基-鳳山,2023-09-21,9274
2330,台積電,18,0,18,凱基-鳳山,2023-09-21,9274
2317,鴻海,14,0,14,凱基-鳳山,2023-09-21,9274
2887,台新金,16,2,14,凱基-鳳山,2023-09-21,9274
2618,長榮航,20,8,12,凱基-鳳山,2023-09-21,9274
00637L,元大滬深300正2,12,0,12,凱基-鳳山,2023-09-21,9274
5603,陸海,12,0,12,凱基-鳳山,2023-09-21,9274
3265,台星科,14,2,12,凱基-鳳山,2023-09-21,9274
2303,聯電,12,1,11,凱基-鳳山,2023-09-21,9274
4934,太極,11,0,11,凱基-鳳山,2023-09-21,9274
006208,富邦台50,10,0,10,凱基-鳳山,2023-09-21,9274
4919,新唐,10,0,10,凱基-鳳山,2023-09-21,9274
00752,中信中國50,10,0,10,凱基-鳳山,2023-09-21,9274
1608,華榮,10,0,10,凱基-鳳山,2023-09-21,9274
2356,英業達,12,2,10,凱基-鳳山,2023-09-21,9274
3701,大眾控,10,0,10,凱基-鳳山,2023-09-21,9274
4961,天鈺,10,0,10,凱基-鳳山,2023-09-21,9274
00923,群益台ESG低碳50,9,0,9,凱基-鳳山,2023-09-21,9274
00922,國泰台灣領袖50,9,0,9,凱基-鳳山,2023-09-21,9274
00932,兆豐永續高息等權,9,0,9,凱基-鳳山,2023-09-21,9274
2633,台灣高鐵,9,0,9,凱基-鳳山,2023-09-21,9274
8069,元太,10,1,9,凱基-鳳山,2023-09-21,9274
2880,華南金,8,0,8,凱基-鳳山,2023-09-21,9274
3014,聯陽,704,584,120,凱基-鳳山,2023-09-22,9274
00931B,統一美債20年,75,0,75,凱基-鳳山,2023-09-22,9274
00679B,元大美債20年,75,3,72,凱基-鳳山,2023-09-22,9274
2883,凱基金,69,0,69,凱基-鳳山,2023-09-22,9274
00857B,永豐20年美公債,56,0,56,凱基-鳳山,2023-09-22,9274
00712,復華富時不動產,52,0,52,凱基-鳳山,2023-09-22,9274
00773B,中信優先金融債,28,0,28,凱基-鳳山,2023-09-22,9274
1336,台翰,25,0,25,凱基-鳳山,2023-09-22,9274
2851,中再保,20,0,20,凱基-鳳山,2023-09-22,9274
1101,台泥,19,0,19,凱基-鳳山,2023-09-22,9274
00720B,元大投資級公司債,17,0,17,凱基-鳳山,2023-09-22,9274
00850,元大臺灣ESG永續,17,0,17,凱基-鳳山,2023-09-22,9274
00919,群益台灣精選高息,58,42,16,凱基-鳳山,2023-09-22,9274
2330,台積電,17,2,15,凱基-鳳山,2023-09-22,9274
00670L,富邦NASDAQ正2,15,0,15,凱基-鳳山,2023-09-22,9274
2002,中鋼,15,0,15,凱基-鳳山,2023-09-22,9274
8210,勤誠,14,0,14,凱基-鳳山,2023-09-22,9274
6117,迎廣,13,0,13,凱基-鳳山,2023-09-22,9274
2887,台新金,16,4,12,凱基-鳳山,2023-09-22,9274
2367,燿華,126,114,12,凱基-鳳山,2023-09-22,9274
6770,力積電,12,0,12,凱基-鳳山,2023-09-22,9274
00687B,國泰20年美債,11,0,11,凱基-鳳山,2023-09-22,9274
2344,華邦電,12,1,11,凱基-鳳山,2023-09-22,9274
3490,單井,11,0,11,凱基-鳳山,2023-09-22,9274
3591,艾笛森,11,0,11,凱基-鳳山,2023-09-22,9274
4938,和碩,11,0,11,凱基-鳳山,2023-09-22,9274
00673R,期元大S＆P原油反1,10,0,10,凱基-鳳山,2023-09-22,9274
00643,群益深証中小,10,0,10,凱基-鳳山,2023-09-22,9274
00915,凱基優選高股息30,10,0,10,凱基-鳳山,2023-09-22,9274
00891,中信關鍵半導體,10,0,10,凱基-鳳山,2023-09-22,9274
1568,倉佑,11,1,10,凱基-鳳山,2023-09-22,9274
2312,金寶,10,0,10,凱基-鳳山,2023-09-22,9274
3149,正達,11,1,10,凱基-鳳山,2023-09-22,9274
3339,泰谷,10,0,10,凱基-鳳山,2023-09-22,9274
4147,中裕,10,0,10,凱基-鳳山,2023-09-22,9274
5608,四維航,11,1,10,凱基-鳳山,2023-09-22,9274
2884,玉山金,9,0,9,凱基-鳳山,2023-09-22,9274
00923,群益台ESG低碳50,9,0,9,凱基-鳳山,2023-09-22,9274
1444,力麗,9,0,9,凱基-鳳山,2023-09-22,9274
2301,光寶科,11,3,8,凱基-鳳山,2023-09-22,9274
2618,長榮航,11,3,8,凱基-鳳山,2023-09-22,9274
2354,鴻準,10,2,8,凱基-鳳山,2023-09-22,9274
0056,元大高股息,13,5,8,凱基-鳳山,2023-09-22,9274
2303,聯電,9,1,8,凱基-鳳山,2023-09-22,9274
2834,臺企銀,7,0,7,凱基-鳳山,2023-09-22,9274
2801,彰銀,7,0,7,凱基-鳳山,2023-09-22,9274
00680L,元大美債20正2,7,0,7,凱基-鳳山,2023-09-22,9274
2206,三陽工業,9,2,7,凱基-鳳山,2023-09-22,9274
2352,佳世達,7,0,7,凱基-鳳山,2023-09-22,9274
2634,漢翔,11,4,7,凱基-鳳山,2023-09-22,9274
00648R,元大S＆P500反1,100,0,100,凱基-鳳山,2023-09-25,9274
2605,新興,101,5,96,凱基-鳳山,2023-09-25,9274
00712,復華富時不動產,85,0,85,凱基-鳳山,2023-09-25,9274
00679B,元大美債20年,56,12,44,凱基-鳳山,2023-09-25,9274
00919,群益台灣精選高息,42,5,37,凱基-鳳山,2023-09-25,9274
00929,復華台灣科技優息,47,18,29,凱基-鳳山,2023-09-25,9274
00885,富邦越南,27,0,27,凱基-鳳山,2023-09-25,9274
1101,台泥,23,0,23,凱基-鳳山,2023-09-25,9274
3346,麗清,18,0,18,凱基-鳳山,2023-09-25,9274
6274,台燿,28,11,17,凱基-鳳山,2023-09-25,9274
00878,國泰永續高股息,30,13,17,凱基-鳳山,2023-09-25,9274
1513,中興電,25,9,16,凱基-鳳山,2023-09-25,9274
2399,映泰,15,0,15,凱基-鳳山,2023-09-25,9274
4908,前鼎,16,1,15,凱基-鳳山,2023-09-25,9274
1568,倉佑,14,0,14,凱基-鳳山,2023-09-25,9274
6550,北極星藥業-KY,14,0,14,凱基-鳳山,2023-09-25,9274
2610,華航,23,10,13,凱基-鳳山,2023-09-25,9274
2355,敬鵬,15,3,12,凱基-鳳山,2023-09-25,9274
3037,欣興,13,2,11,凱基-鳳山,2023-09-25,9274
1312A,國喬特,11,0,11,凱基-鳳山,2023-09-25,9274
2834,臺企銀,10,0,10,凱基-鳳山,2023-09-25,9274
2009,第一銅,10,0,10,凱基-鳳山,2023-09-25,9274
2014,中鴻,10,0,10,凱基-鳳山,2023-09-25,9274
3483,力致,10,0,10,凱基-鳳山,2023-09-25,9274
3545,敦泰,30,20,10,凱基-鳳山,2023-09-25,9274
5340,建榮,10,0,10,凱基-鳳山,2023-09-25,9274
3013,晟銘電,12,3,9,凱基-鳳山,2023-09-25,9274
2851,中再保,14,5,9,凱基-鳳山,2023-09-25,9274
2345,智邦,8,0,8,凱基-鳳山,2023-09-25,9274
4944,兆遠,8,0,8,凱基-鳳山,2023-09-25,9274
8016,矽創,8,0,8,凱基-鳳山,2023-09-25,9274
00670L,富邦NASDAQ正2,7,0,7,凱基-鳳山,2023-09-25,9274
2388,威盛,13,7,6,凱基-鳳山,2023-09-25,9274
2316,楠梓電,12,6,6,凱基-鳳山,2023-09-25,9274
2330,台積電,5,0,5,凱基-鳳山,2023-09-25,9274
2376,技嘉,11,6,5,凱基-鳳山,2023-09-25,9274
9945,潤泰新,6,1,5,凱基-鳳山,2023-09-25,9274
2884,玉山金,5,0,5,凱基-鳳山,2023-09-25,9274
1605,華新,8,3,5,凱基-鳳山,2023-09-25,9274
2025,千興,5,0,5,凱基-鳳山,2023-09-25,9274
3583,辛耘,6,1,5,凱基-鳳山,2023-09-25,9274
4304,勝昱,5,0,5,凱基-鳳山,2023-09-25,9274
4542,科嶠,12,7,5,凱基-鳳山,2023-09-25,9274
8936,國統,15,10,5,凱基-鳳山,2023-09-25,9274
3322,建舜電,6,1,5,凱基-鳳山,2023-09-25,9274
2317,鴻海,4,0,4,凱基-鳳山,2023-09-25,9274
1618,合機,4,0,4,凱基-鳳山,2023-09-25,9274
2392,正崴,4,0,4,凱基-鳳山,2023-09-25,9274
2618,長榮航,15,11,4,凱基-鳳山,2023-09-25,9274
2637,慧洋-KY,10,6,4,凱基-鳳山,2023-09-25,9274
00679B,元大美債20年,125,5,120,凱基-鳳山,2023-09-26,9274
3014,聯陽,348,230,118,凱基-鳳山,2023-09-26,9274
00929,復華台灣科技優息,77,2,75,凱基-鳳山,2023-09-26,9274
00687B,國泰20年美債,55,0,55,凱基-鳳山,2023-09-26,9274
00857B,永豐20年美公債,52,0,52,凱基-鳳山,2023-09-26,9274
00680L,元大美債20正2,54,3,51,凱基-鳳山,2023-09-26,9274
00772B,中信高評級公司債,51,0,51,凱基-鳳山,2023-09-26,9274
0056,元大高股息,38,0,38,凱基-鳳山,2023-09-26,9274
00712,復華富時不動產,37,0,37,凱基-鳳山,2023-09-26,9274
00931B,統一美債20年,36,0,36,凱基-鳳山,2023-09-26,9274
2382,廣達,52,18,34,凱基-鳳山,2023-09-26,9274
3481,群創,35,1,34,凱基-鳳山,2023-09-26,9274
00878,國泰永續高股息,31,3,28,凱基-鳳山,2023-09-26,9274
00665L,富邦�琤肭磪囓�2,25,0,25,凱基-鳳山,2023-09-26,9274
2634,漢翔,27,6,21,凱基-鳳山,2023-09-26,9274
3545,敦泰,30,10,20,凱基-鳳山,2023-09-26,9274
1522,堤維西,52,33,19,凱基-鳳山,2023-09-26,9274
3346,麗清,19,0,19,凱基-鳳山,2023-09-26,9274
2363,矽統,54,38,16,凱基-鳳山,2023-09-26,9274
2887,台新金,18,2,16,凱基-鳳山,2023-09-26,9274
1568,倉佑,15,0,15,凱基-鳳山,2023-09-26,9274
2206,三陽工業,16,1,15,凱基-鳳山,2023-09-26,9274
00713,元大台灣高息低波,14,0,14,凱基-鳳山,2023-09-26,9274
2344,華邦電,14,0,14,凱基-鳳山,2023-09-26,9274
6732,昇佳電子,14,1,13,凱基-鳳山,2023-09-26,9274
3715,定穎投控,67,54,13,凱基-鳳山,2023-09-26,9274
2890,永豐金,13,1,12,凱基-鳳山,2023-09-26,9274
00905,FT臺灣Smart,11,0,11,凱基-鳳山,2023-09-26,9274
2208,台船,10,0,10,凱基-鳳山,2023-09-26,9274
2330,台積電,9,0,9,凱基-鳳山,2023-09-26,9274
2337,旺宏,9,0,9,凱基-鳳山,2023-09-26,9274
00900,富邦特選高股息30,10,2,8,凱基-鳳山,2023-09-26,9274
00720B,元大投資級公司債,8,0,8,凱基-鳳山,2023-09-26,9274
2892,第一金,8,0,8,凱基-鳳山,2023-09-26,9274
0050,元大台灣50,8,0,8,凱基-鳳山,2023-09-26,9274
2401,凌陽,7,0,7,凱基-鳳山,2023-09-26,9274
2427,三商電,21,14,7,凱基-鳳山,2023-09-26,9274
2460,建通,7,0,7,凱基-鳳山,2023-09-26,9274
6770,力積電,7,0,7,凱基-鳳山,2023-09-26,9274
2542,興富發,6,0,6,凱基-鳳山,2023-09-26,9274
3231,緯創,8,2,6,凱基-鳳山,2023-09-26,9274
00850,元大臺灣ESG永續,6,0,6,凱基-鳳山,2023-09-26,9274
00885,富邦越南,6,0,6,凱基-鳳山,2023-09-26,9274
00643,群益深証中小,6,0,6,凱基-鳳山,2023-09-26,9274
1339,昭輝,6,0,6,凱基-鳳山,2023-09-26,9274
2303,聯電,9,3,6,凱基-鳳山,2023-09-26,9274
2316,楠梓電,13,7,6,凱基-鳳山,2023-09-26,9274
3044,健鼎,6,0,6,凱基-鳳山,2023-09-26,9274
3709,鑫聯大投控,6,0,6,凱基-鳳山,2023-09-26,9274
4944,兆遠,6,0,6,凱基-鳳山,2023-09-26,9274
3481,群創,142,39,103,凱基-鳳山,2023-09-27,9274
00929,復華台灣科技優息,84,2,82,凱基-鳳山,2023-09-27,9274
00931B,統一美債20年,52,0,52,凱基-鳳山,2023-09-27,9274
00712,復華富時不動產,44,0,44,凱基-鳳山,2023-09-27,9274
00919,群益台灣精選高息,42,0,42,凱基-鳳山,2023-09-27,9274
3715,定穎投控,118,77,41,凱基-鳳山,2023-09-27,9274
2002,中鋼,62,22,40,凱基-鳳山,2023-09-27,9274
6770,力積電,40,0,40,凱基-鳳山,2023-09-27,9274
2884,玉山金,39,0,39,凱基-鳳山,2023-09-27,9274
2401,凌陽,38,0,38,凱基-鳳山,2023-09-27,9274
3062,建漢,38,0,38,凱基-鳳山,2023-09-27,9274
1560,中砂,39,6,33,凱基-鳳山,2023-09-27,9274
1524,耿鼎,29,3,26,凱基-鳳山,2023-09-27,9274
3591,艾笛森,26,0,26,凱基-鳳山,2023-09-27,9274
00673R,期元大S＆P原油反1,20,0,20,凱基-鳳山,2023-09-27,9274
2618,長榮航,21,3,18,凱基-鳳山,2023-09-27,9274
2358,廷鑫,18,1,17,凱基-鳳山,2023-09-27,9274
3545,敦泰,19,3,16,凱基-鳳山,2023-09-27,9274
00679B,元大美債20年,15,0,15,凱基-鳳山,2023-09-27,9274
1568,倉佑,15,0,15,凱基-鳳山,2023-09-27,9274
8936,國統,13,0,13,凱基-鳳山,2023-09-27,9274
00713,元大台灣高息低波,13,0,13,凱基-鳳山,2023-09-27,9274
2367,燿華,13,1,12,凱基-鳳山,2023-09-27,9274
9904,寶成,11,0,11,凱基-鳳山,2023-09-27,9274
2317,鴻海,16,6,10,凱基-鳳山,2023-09-27,9274
00687B,國泰20年美債,10,0,10,凱基-鳳山,2023-09-27,9274
1608,華榮,10,0,10,凱基-鳳山,2023-09-27,9274
2104,國際中橡,10,0,10,凱基-鳳山,2023-09-27,9274
2851,中再保,10,0,10,凱基-鳳山,2023-09-27,9274
2913,農林,10,0,10,凱基-鳳山,2023-09-27,9274
6108,競國,10,0,10,凱基-鳳山,2023-09-27,9274
6112,邁達特,10,0,10,凱基-鳳山,2023-09-27,9274
2303,聯電,9,0,9,凱基-鳳山,2023-09-27,9274
8420,明揚,58,49,9,凱基-鳳山,2023-09-27,9274
1471,首利,10,2,8,凱基-鳳山,2023-09-27,9274
1815,富喬,9,1,8,凱基-鳳山,2023-09-27,9274
2883,凱基金,11,3,8,凱基-鳳山,2023-09-27,9274
2887,台新金,11,3,8,凱基-鳳山,2023-09-27,9274
8299,群聯,8,0,8,凱基-鳳山,2023-09-27,9274
0056,元大高股息,7,0,7,凱基-鳳山,2023-09-27,9274
2313,華通,19,12,7,凱基-鳳山,2023-09-27,9274
2891,中信金,7,0,7,凱基-鳳山,2023-09-27,9274
8213,志超,7,0,7,凱基-鳳山,2023-09-27,9274
00715L,期街口布蘭特正2,6,0,6,凱基-鳳山,2023-09-27,9274
2641,正德,6,0,6,凱基-鳳山,2023-09-27,9274
2892,第一金,5,0,5,凱基-鳳山,2023-09-27,9274
00772B,中信高評級公司債,5,0,5,凱基-鳳山,2023-09-27,9274
00683L,期元大美元指正2,5,0,5,凱基-鳳山,2023-09-27,9274
00655L,國泰中國A50正2,5,0,5,凱基-鳳山,2023-09-27,9274
2017,官田鋼,5,0,5,凱基-鳳山,2023-09-27,9274
00673R,期元大S＆P原油反1,120,0,120,凱基-鳳山,2023-09-28,9274
3062,建漢,76,0,76,凱基-鳳山,2023-09-28,9274
2363,矽統,105,41,64,凱基-鳳山,2023-09-28,9274
3231,緯創,67,8,59,凱基-鳳山,2023-09-28,9274
2002,中鋼,56,3,53,凱基-鳳山,2023-09-28,9274
00680L,元大美債20正2,48,1,47,凱基-鳳山,2023-09-28,9274
00929,復華台灣科技優息,47,7,40,凱基-鳳山,2023-09-28,9274
3481,群創,41,3,38,凱基-鳳山,2023-09-28,9274
00679B,元大美債20年,31,0,31,凱基-鳳山,2023-09-28,9274
00931B,統一美債20年,27,0,27,凱基-鳳山,2023-09-28,9274
8213,志超,29,2,27,凱基-鳳山,2023-09-28,9274
9945,潤泰新,25,0,25,凱基-鳳山,2023-09-28,9274
6550,北極星藥業-KY,23,0,23,凱基-鳳山,2023-09-28,9274
3036,文曄,43,24,19,凱基-鳳山,2023-09-28,9274
00772B,中信高評級公司債,18,0,18,凱基-鳳山,2023-09-28,9274
2376,技嘉,25,7,18,凱基-鳳山,2023-09-28,9274
2401,凌陽,56,38,18,凱基-鳳山,2023-09-28,9274
2344,華邦電,16,0,16,凱基-鳳山,2023-09-28,9274
1301,台塑,15,0,15,凱基-鳳山,2023-09-28,9274
2609,陽明,17,2,15,凱基-鳳山,2023-09-28,9274
00713,元大台灣高息低波,15,0,15,凱基-鳳山,2023-09-28,9274
9958,世紀鋼,22,7,15,凱基-鳳山,2023-09-28,9274
2367,燿華,16,2,14,凱基-鳳山,2023-09-28,9274
2610,華航,17,3,14,凱基-鳳山,2023-09-28,9274
2356,英業達,13,1,12,凱基-鳳山,2023-09-28,9274
00923,群益台ESG低碳50,12,0,12,凱基-鳳山,2023-09-28,9274
2358,廷鑫,12,0,12,凱基-鳳山,2023-09-28,9274
2408,南亞科,17,5,12,凱基-鳳山,2023-09-28,9274
3013,晟銘電,12,1,11,凱基-鳳山,2023-09-28,9274
6285,啟��,11,0,11,凱基-鳳山,2023-09-28,9274
00753L,中信中國50正2,10,0,10,凱基-鳳山,2023-09-28,9274
1717,長興,10,0,10,凱基-鳳山,2023-09-28,9274
2104,國際中橡,10,0,10,凱基-鳳山,2023-09-28,9274
3059,華晶科,10,0,10,凱基-鳳山,2023-09-28,9274
4739,康普,10,0,10,凱基-鳳山,2023-09-28,9274
6188,廣明,10,0,10,凱基-鳳山,2023-09-28,9274
6269,台郡,10,0,10,凱基-鳳山,2023-09-28,9274
6441,廣錠,10,0,10,凱基-鳳山,2023-09-28,9274
3545,敦泰,20,11,9,凱基-鳳山,2023-09-28,9274
2324,仁寶,12,3,9,凱基-鳳山,2023-09-28,9274
2867,三商壽,10,1,9,凱基-鳳山,2023-09-28,9274
3014,聯陽,286,277,9,凱基-鳳山,2023-09-28,9274
5608,四維航,9,0,9,凱基-鳳山,2023-09-28,9274
1519,華城,22,14,8,凱基-鳳山,2023-09-28,9274
00720B,元大投資級公司債,8,0,8,凱基-鳳山,2023-09-28,9274
5432,新門,12,4,8,凱基-鳳山,2023-09-28,9274
2440,太空梭,8,0,8,凱基-鳳山,2023-09-28,9274
00712,復華富時不動產,36,29,7,凱基-鳳山,2023-09-28,9274
00751B,元大AAA至A公司債,8,1,7,凱基-鳳山,2023-09-28,9274
2201,裕隆,7,0,7,凱基-鳳山,2023-09-28,9274
3481,群創,154,22,132,凱基-鳳山,2023-10-02,9274
1101,台泥,82,0,82,凱基-鳳山,2023-10-02,9274
2485,兆赫,70,4,66,凱基-鳳山,2023-10-02,9274
2368,金像電,60,2,58,凱基-鳳山,2023-10-02,9274
2002,中鋼,44,1,43,凱基-鳳山,2023-10-02,9274
2409,友達,39,0,39,凱基-鳳山,2023-10-02,9274
00919,群益台灣精選高息,35,4,31,凱基-鳳山,2023-10-02,9274
2355,敬鵬,37,6,31,凱基-鳳山,2023-10-02,9274
2455,全新,28,1,27,凱基-鳳山,2023-10-02,9274
3014,聯陽,184,160,24,凱基-鳳山,2023-10-02,9274
00712,復華富時不動產,27,4,23,凱基-鳳山,2023-10-02,9274
2338,光罩,23,0,23,凱基-鳳山,2023-10-02,9274
2201,裕隆,22,0,22,凱基-鳳山,2023-10-02,9274
4944,兆遠,22,0,22,凱基-鳳山,2023-10-02,9274
6271,同欣電,22,0,22,凱基-鳳山,2023-10-02,9274
5608,四維航,21,0,21,凱基-鳳山,2023-10-02,9274
2344,華邦電,31,10,21,凱基-鳳山,2023-10-02,9274
4938,和碩,20,0,20,凱基-鳳山,2023-10-02,9274
2401,凌陽,38,19,19,凱基-鳳山,2023-10-02,9274
6168,宏齊,20,1,19,凱基-鳳山,2023-10-02,9274
2603,長榮,23,6,17,凱基-鳳山,2023-10-02,9274
2363,矽統,40,25,15,凱基-鳳山,2023-10-02,9274
2104,國際中橡,15,0,15,凱基-鳳山,2023-10-02,9274
3363,上詮,32,17,15,凱基-鳳山,2023-10-02,9274
00931B,統一美債20年,13,0,13,凱基-鳳山,2023-10-02,9274
2605,新興,13,0,13,凱基-鳳山,2023-10-02,9274
00772B,中信高評級公司債,12,0,12,凱基-鳳山,2023-10-02,9274
2891,中信金,13,1,12,凱基-鳳山,2023-10-02,9274
3305,昇貿,12,0,12,凱基-鳳山,2023-10-02,9274
3105,穩懋,12,1,11,凱基-鳳山,2023-10-02,9274
1905,華紙,14,3,11,凱基-鳳山,2023-10-02,9274
2609,陽明,13,3,10,凱基-鳳山,2023-10-02,9274
00915,凱基優選高股息30,10,0,10,凱基-鳳山,2023-10-02,9274
00752,中信中國50,10,0,10,凱基-鳳山,2023-10-02,9274
00665L,富邦�琤肭磪囓�2,10,0,10,凱基-鳳山,2023-10-02,9274
00655L,國泰中國A50正2,10,0,10,凱基-鳳山,2023-10-02,9274
1434,福懋,10,0,10,凱基-鳳山,2023-10-02,9274
1817,凱撒衛,10,0,10,凱基-鳳山,2023-10-02,9274
2457,飛宏,10,0,10,凱基-鳳山,2023-10-02,9274
2867,三商壽,10,0,10,凱基-鳳山,2023-10-02,9274
3615,安可,12,2,10,凱基-鳳山,2023-10-02,9274
8112,至上,10,0,10,凱基-鳳山,2023-10-02,9274
2888,新光金,20,11,9,凱基-鳳山,2023-10-02,9274
3308,聯德,10,1,9,凱基-鳳山,2023-10-02,9274
2331,精英,8,0,8,凱基-鳳山,2023-10-02,9274
1339,昭輝,14,6,8,凱基-鳳山,2023-10-02,9274
2408,南亞科,10,2,8,凱基-鳳山,2023-10-02,9274
2892,第一金,9,1,8,凱基-鳳山,2023-10-02,9274
00679B,元大美債20年,9,1,8,凱基-鳳山,2023-10-02,9274
2801,彰銀,7,0,7,凱基-鳳山,2023-10-02,9274
00637L,元大滬深300正2,241,0,241,凱基-鳳山,2023-10-03,9274
3013,晟銘電,169,5,164,凱基-鳳山,2023-10-03,9274
2002,中鋼,103,1,102,凱基-鳳山,2023-10-03,9274
3062,建漢,94,18,76,凱基-鳳山,2023-10-03,9274
3481,群創,149,75,74,凱基-鳳山,2023-10-03,9274
3231,緯創,94,31,63,凱基-鳳山,2023-10-03,9274
00929,復華台灣科技優息,89,28,61,凱基-鳳山,2023-10-03,9274
2888,新光金,54,1,53,凱基-鳳山,2023-10-03,9274
00857B,永豐20年美公債,52,0,52,凱基-鳳山,2023-10-03,9274
00688L,國泰20年美債正2,52,0,52,凱基-鳳山,2023-10-03,9274
4944,兆遠,49,7,42,凱基-鳳山,2023-10-03,9274
3264,欣銓,41,0,41,凱基-鳳山,2023-10-03,9274
2308,台達電,41,0,41,凱基-鳳山,2023-10-03,9274
00665L,富邦�琤肭磪囓�2,70,30,40,凱基-鳳山,2023-10-03,9274
9958,世紀鋼,31,2,29,凱基-鳳山,2023-10-03,9274
00922,國泰台灣領袖50,28,0,28,凱基-鳳山,2023-10-03,9274
00751B,元大AAA至A公司債,28,0,28,凱基-鳳山,2023-10-03,9274
2538,基泰,28,1,27,凱基-鳳山,2023-10-03,9274
00882,中信中國高股息,30,4,26,凱基-鳳山,2023-10-03,9274
2618,長榮航,32,8,24,凱基-鳳山,2023-10-03,9274
00679B,元大美債20年,22,0,22,凱基-鳳山,2023-10-03,9274
1301,台塑,20,0,20,凱基-鳳山,2023-10-03,9274
00648R,元大S＆P500反1,20,0,20,凱基-鳳山,2023-10-03,9274
1717,長興,20,0,20,凱基-鳳山,2023-10-03,9274
2884,玉山金,19,0,19,凱基-鳳山,2023-10-03,9274
2104,國際中橡,18,0,18,凱基-鳳山,2023-10-03,9274
2883,凱基金,17,0,17,凱基-鳳山,2023-10-03,9274
1612,宏泰,16,0,16,凱基-鳳山,2023-10-03,9274
00931B,統一美債20年,23,10,13,凱基-鳳山,2023-10-03,9274
2634,漢翔,12,0,12,凱基-鳳山,2023-10-03,9274
2891,中信金,12,0,12,凱基-鳳山,2023-10-03,9274
6485,點序,13,1,12,凱基-鳳山,2023-10-03,9274
00720B,元大投資級公司債,11,0,11,凱基-鳳山,2023-10-03,9274
00712,復華富時不動產,22,11,11,凱基-鳳山,2023-10-03,9274
2460,建通,11,0,11,凱基-鳳山,2023-10-03,9274
3450,聯鈞,17,6,11,凱基-鳳山,2023-10-03,9274
5864,致和證,10,0,10,凱基-鳳山,2023-10-03,9274
00673R,期元大S＆P原油反1,20,10,10,凱基-鳳山,2023-10-03,9274
1303,南亞,10,0,10,凱基-鳳山,2023-10-03,9274
1712,興農,10,0,10,凱基-鳳山,2023-10-03,9274
2365,昆盈,10,0,10,凱基-鳳山,2023-10-03,9274
4961,天鈺,10,0,10,凱基-鳳山,2023-10-03,9274
2014,中鴻,10,0,10,凱基-鳳山,2023-10-03,9274
1409,新纖,10,1,9,凱基-鳳山,2023-10-03,9274
5324,士開,9,0,9,凱基-鳳山,2023-10-03,9274
5607,遠雄港,9,0,9,凱基-鳳山,2023-10-03,9274
2363,矽統,16,8,8,凱基-鳳山,2023-10-03,9274
00905,FT臺灣Smart,8,0,8,凱基-鳳山,2023-10-03,9274
1513,中興電,9,1,8,凱基-鳳山,2023-10-03,9274
6005,群益證,8,0,8,凱基-鳳山,2023-10-03,9274
00637L,元大滬深300正2,100,0,100,凱基-鳳山,2023-10-04,9274
3481,群創,92,0,92,凱基-鳳山,2023-10-04,9274
5426,振發,60,2,58,凱基-鳳山,2023-10-04,9274
00857B,永豐20年美公債,52,0,52,凱基-鳳山,2023-10-04,9274
00688L,國泰20年美債正2,51,0,51,凱基-鳳山,2023-10-04,9274
2891,中信金,48,1,47,凱基-鳳山,2023-10-04,9274
00929,復華台灣科技優息,45,1,44,凱基-鳳山,2023-10-04,9274
3231,緯創,53,14,39,凱基-鳳山,2023-10-04,9274
3006,晶豪科,77,40,37,凱基-鳳山,2023-10-04,9274
2884,玉山金,35,0,35,凱基-鳳山,2023-10-04,9274
0056,元大高股息,35,3,32,凱基-鳳山,2023-10-04,9274
2892,第一金,29,0,29,凱基-鳳山,2023-10-04,9274
1303,南亞,28,0,28,凱基-鳳山,2023-10-04,9274
3062,建漢,38,10,28,凱基-鳳山,2023-10-04,9274
2353,宏��,29,2,27,凱基-鳳山,2023-10-04,9274
2881,富邦金,26,0,26,凱基-鳳山,2023-10-04,9274
00922,國泰台灣領袖50,24,0,24,凱基-鳳山,2023-10-04,9274
2002,中鋼,39,15,24,凱基-鳳山,2023-10-04,9274
00680L,元大美債20正2,23,0,23,凱基-鳳山,2023-10-04,9274
00772B,中信高評級公司債,22,0,22,凱基-鳳山,2023-10-04,9274
2880,華南金,21,0,21,凱基-鳳山,2023-10-04,9274
00720B,元大投資級公司債,21,0,21,凱基-鳳山,2023-10-04,9274
2104,國際中橡,21,0,21,凱基-鳳山,2023-10-04,9274
00632R,元大台灣50反1,25,5,20,凱基-鳳山,2023-10-04,9274
00683L,期元大美元指正2,20,0,20,凱基-鳳山,2023-10-04,9274
2380,虹光,20,1,19,凱基-鳳山,2023-10-04,9274
2887,台新金,18,0,18,凱基-鳳山,2023-10-04,9274
00751B,元大AAA至A公司債,18,0,18,凱基-鳳山,2023-10-04,9274
00679B,元大美債20年,27,11,16,凱基-鳳山,2023-10-04,9274
2344,華邦電,16,0,16,凱基-鳳山,2023-10-04,9274
2409,友達,15,0,15,凱基-鳳山,2023-10-04,9274
2460,建通,15,0,15,凱基-鳳山,2023-10-04,9274
9904,寶成,15,0,15,凱基-鳳山,2023-10-04,9274
2885,元大金,14,0,14,凱基-鳳山,2023-10-04,9274
00713,元大台灣高息低波,14,0,14,凱基-鳳山,2023-10-04,9274
1326,台化,14,0,14,凱基-鳳山,2023-10-04,9274
8936,國統,20,6,14,凱基-鳳山,2023-10-04,9274
00907,永豐優息存股,13,0,13,凱基-鳳山,2023-10-04,9274
1718,中纖,13,0,13,凱基-鳳山,2023-10-04,9274
1605,華新,12,0,12,凱基-鳳山,2023-10-04,9274
1216,統一,12,0,12,凱基-鳳山,2023-10-04,9274
2303,聯電,16,4,12,凱基-鳳山,2023-10-04,9274
2014,中鴻,12,0,12,凱基-鳳山,2023-10-04,9274
6550,北極星藥業-KY,12,0,12,凱基-鳳山,2023-10-04,9274
6005,群益證,11,0,11,凱基-鳳山,2023-10-04,9274
2368,金像電,13,2,11,凱基-鳳山,2023-10-04,9274
4909,新復興,11,0,11,凱基-鳳山,2023-10-04,9274
8213,志超,12,1,11,凱基-鳳山,2023-10-04,9274
2886,兆豐金,11,0,11,凱基-鳳山,2023-10-04,9274
00773B,中信優先金融債,10,0,10,凱基-鳳山,2023-10-04,9274
00680L,元大美債20正2,134,0,134,凱基-鳳山,2023-10-05,9274
00712,復華富時不動產,105,0,105,凱基-鳳山,2023-10-05,9274
9958,世紀鋼,104,1,103,凱基-鳳山,2023-10-05,9274
4564,元翎,81,2,79,凱基-鳳山,2023-10-05,9274
2618,長榮航,91,24,67,凱基-鳳山,2023-10-05,9274
2401,凌陽,86,48,38,凱基-鳳山,2023-10-05,9274
4919,新唐,37,0,37,凱基-鳳山,2023-10-05,9274
00688L,國泰20年美債正2,36,0,36,凱基-鳳山,2023-10-05,9274
3481,群創,32,0,32,凱基-鳳山,2023-10-05,9274
2883,凱基金,32,2,30,凱基-鳳山,2023-10-05,9274
2417,圓剛,191,162,29,凱基-鳳山,2023-10-05,9274
1609,大亞,27,0,27,凱基-鳳山,2023-10-05,9274
2884,玉山金,22,1,21,凱基-鳳山,2023-10-05,9274
2332,友訊,20,0,20,凱基-鳳山,2023-10-05,9274
3014,聯陽,252,232,20,凱基-鳳山,2023-10-05,9274
2317,鴻海,21,2,19,凱基-鳳山,2023-10-05,9274
00922,國泰台灣領袖50,18,0,18,凱基-鳳山,2023-10-05,9274
5258,虹堡,20,2,18,凱基-鳳山,2023-10-05,9274
2610,華航,27,13,14,凱基-鳳山,2023-10-05,9274
4967,十銓,15,1,14,凱基-鳳山,2023-10-05,9274
8213,志超,12,0,12,凱基-鳳山,2023-10-05,9274
2363,矽統,41,29,12,凱基-鳳山,2023-10-05,9274
5880,合庫金,11,0,11,凱基-鳳山,2023-10-05,9274
6782,視陽,11,0,11,凱基-鳳山,2023-10-05,9274
8086,宏捷科,11,1,10,凱基-鳳山,2023-10-05,9274
2419,仲琦,10,0,10,凱基-鳳山,2023-10-05,9274
6223,旺矽,10,0,10,凱基-鳳山,2023-10-05,9274
00751B,元大AAA至A公司債,10,0,10,凱基-鳳山,2023-10-05,9274
2331,精英,10,0,10,凱基-鳳山,2023-10-05,9274
3508,位速,10,0,10,凱基-鳳山,2023-10-05,9274
6770,力積電,12,2,10,凱基-鳳山,2023-10-05,9274
3715,定穎投控,40,31,9,凱基-鳳山,2023-10-05,9274
00753L,中信中國50正2,8,0,8,凱基-鳳山,2023-10-05,9274
6275,元山,9,1,8,凱基-鳳山,2023-10-05,9274
00665L,富邦�琤肭磪囓�2,7,0,7,凱基-鳳山,2023-10-05,9274
2313,華通,17,10,7,凱基-鳳山,2023-10-05,9274
2439,美律,7,0,7,凱基-鳳山,2023-10-05,9274
2891,中信金,8,1,7,凱基-鳳山,2023-10-05,9274
3122,笙泉,23,16,7,凱基-鳳山,2023-10-05,9274
00650L,復華香港正2,6,0,6,凱基-鳳山,2023-10-05,9274
2358,廷鑫,12,6,6,凱基-鳳山,2023-10-05,9274
3078,僑威,7,1,6,凱基-鳳山,2023-10-05,9274
6122,擎邦,7,1,6,凱基-鳳山,2023-10-05,9274
4979,華星光,6,0,6,凱基-鳳山,2023-10-05,9274
2633,台灣高鐵,5,0,5,凱基-鳳山,2023-10-05,9274
2388,威盛,10,5,5,凱基-鳳山,2023-10-05,9274
00931B,統一美債20年,5,0,5,凱基-鳳山,2023-10-05,9274
00929,復華台灣科技優息,5,0,5,凱基-鳳山,2023-10-05,9274
00655L,國泰中國A50正2,5,0,5,凱基-鳳山,2023-10-05,9274
2241,艾姆勒,5,0,5,凱基-鳳山,2023-10-05,9274
2442,新美齊,129,0,129,凱基-鳳山,2023-10-06,9274
00680L,元大美債20正2,122,0,122,凱基-鳳山,2023-10-06,9274
3035,智原,111,10,101,凱基-鳳山,2023-10-06,9274
2324,仁寶,85,0,85,凱基-鳳山,2023-10-06,9274
2417,圓剛,180,104,76,凱基-鳳山,2023-10-06,9274
5272,笙科,79,3,76,凱基-鳳山,2023-10-06,9274
00712,復華富時不動產,65,0,65,凱基-鳳山,2023-10-06,9274
6116,彩晶,50,0,50,凱基-鳳山,2023-10-06,9274
5426,振發,64,15,49,凱基-鳳山,2023-10-06,9274
9105,泰金寶-DR,38,0,38,凱基-鳳山,2023-10-06,9274
00919,群益台灣精選高息,37,0,37,凱基-鳳山,2023-10-06,9274
3264,欣銓,37,0,37,凱基-鳳山,2023-10-06,9274
2427,三商電,117,87,30,凱基-鳳山,2023-10-06,9274
3689,湧德,30,0,30,凱基-鳳山,2023-10-06,9274
3325,旭品,38,15,23,凱基-鳳山,2023-10-06,9274
2002,中鋼,23,0,23,凱基-鳳山,2023-10-06,9274
1102,亞泥,20,0,20,凱基-鳳山,2023-10-06,9274
00632R,元大台灣50反1,20,0,20,凱基-鳳山,2023-10-06,9274
00670L,富邦NASDAQ正2,20,2,18,凱基-鳳山,2023-10-06,9274
2317,鴻海,27,9,18,凱基-鳳山,2023-10-06,9274
00665L,富邦�琤肭磪囓�2,17,0,17,凱基-鳳山,2023-10-06,9274
00882,中信中國高股息,20,4,16,凱基-鳳山,2023-10-06,9274
6782,視陽,16,0,16,凱基-鳳山,2023-10-06,9274
00751B,元大AAA至A公司債,15,0,15,凱基-鳳山,2023-10-06,9274
2014,中鴻,15,0,15,凱基-鳳山,2023-10-06,9274
2329,華泰,23,8,15,凱基-鳳山,2023-10-06,9274
2390,云辰,15,0,15,凱基-鳳山,2023-10-06,9274
4533,協易機,15,0,15,凱基-鳳山,2023-10-06,9274
3481,群創,20,5,15,凱基-鳳山,2023-10-06,9274
6191,精成科,14,0,14,凱基-鳳山,2023-10-06,9274
00931B,統一美債20年,13,0,13,凱基-鳳山,2023-10-06,9274
00922,國泰台灣領袖50,13,0,13,凱基-鳳山,2023-10-06,9274
3051,力特,16,3,13,凱基-鳳山,2023-10-06,9274
8936,國統,13,0,13,凱基-鳳山,2023-10-06,9274
3540,曜越,12,0,12,凱基-鳳山,2023-10-06,9274
3231,緯創,26,15,11,凱基-鳳山,2023-10-06,9274
00715L,期街口布蘭特正2,11,0,11,凱基-鳳山,2023-10-06,9274
2468,華經,56,45,11,凱基-鳳山,2023-10-06,9274
3680,家登,22,11,11,凱基-鳳山,2023-10-06,9274
2637,慧洋-KY,11,1,10,凱基-鳳山,2023-10-06,9274
00772B,中信高評級公司債,10,0,10,凱基-鳳山,2023-10-06,9274
2303,聯電,11,1,10,凱基-鳳山,2023-10-06,9274
4763,材料-KY,11,1,10,凱基-鳳山,2023-10-06,9274
00753L,中信中國50正2,10,0,10,凱基-鳳山,2023-10-06,9274
00885,富邦越南,10,0,10,凱基-鳳山,2023-10-06,9274
2337,旺宏,10,0,10,凱基-鳳山,2023-10-06,9274
2905,三商,10,0,10,凱基-鳳山,2023-10-06,9274
4707,磐亞,10,0,10,凱基-鳳山,2023-10-06,9274
00900,富邦特選高股息30,8,0,8,凱基-鳳山,2023-10-06,9274
2367,燿華,10,2,8,凱基-鳳山,2023-10-06,9274
3231,緯創,149,26,123,凱基-鳳山,2023-10-11,9274
5272,笙科,115,1,114,凱基-鳳山,2023-10-11,9274
00637L,元大滬深300正2,100,0,100,凱基-鳳山,2023-10-11,9274
3481,群創,85,1,84,凱基-鳳山,2023-10-11,9274
2610,華航,63,0,63,凱基-鳳山,2023-10-11,9274
2460,建通,137,82,55,凱基-鳳山,2023-10-11,9274
00712,復華富時不動產,50,1,49,凱基-鳳山,2023-10-11,9274
00919,群益台灣精選高息,44,0,44,凱基-鳳山,2023-10-11,9274
3325,旭品,168,125,43,凱基-鳳山,2023-10-11,9274
2340,台亞,41,1,40,凱基-鳳山,2023-10-11,9274
2401,凌陽,38,0,38,凱基-鳳山,2023-10-11,9274
3062,建漢,56,18,38,凱基-鳳山,2023-10-11,9274
2313,華通,42,5,37,凱基-鳳山,2023-10-11,9274
4533,協易機,34,0,34,凱基-鳳山,2023-10-11,9274
00922,國泰台灣領袖50,40,11,29,凱基-鳳山,2023-10-11,9274
3591,艾笛森,37,9,28,凱基-鳳山,2023-10-11,9274
2417,圓剛,102,76,26,凱基-鳳山,2023-10-11,9274
3017,奇鋐,37,11,26,凱基-鳳山,2023-10-11,9274
2206,三陽工業,20,0,20,凱基-鳳山,2023-10-11,9274
4944,兆遠,20,1,19,凱基-鳳山,2023-10-11,9274
2382,廣達,45,27,18,凱基-鳳山,2023-10-11,9274
00673R,期元大S＆P原油反1,22,4,18,凱基-鳳山,2023-10-11,9274
3583,辛耘,19,1,18,凱基-鳳山,2023-10-11,9274
8936,國統,20,2,18,凱基-鳳山,2023-10-11,9274
00642U,期元大S＆P石油,17,0,17,凱基-鳳山,2023-10-11,9274
3715,定穎投控,22,5,17,凱基-鳳山,2023-10-11,9274
2915,潤泰全,17,0,17,凱基-鳳山,2023-10-11,9274
2611,志信,16,0,16,凱基-鳳山,2023-10-11,9274
3163,波若威,16,0,16,凱基-鳳山,2023-10-11,9274
4162,智擎,16,0,16,凱基-鳳山,2023-10-11,9274
8048,德勝,16,0,16,凱基-鳳山,2023-10-11,9274
3088,艾訊,15,0,15,凱基-鳳山,2023-10-11,9274
6530,創威,18,3,15,凱基-鳳山,2023-10-11,9274
1316,上曜,15,2,13,凱基-鳳山,2023-10-11,9274
3234,光環,12,0,12,凱基-鳳山,2023-10-11,9274
8222,寶一,12,0,12,凱基-鳳山,2023-10-11,9274
1304,台聚,21,10,11,凱基-鳳山,2023-10-11,9274
6782,視陽,11,0,11,凱基-鳳山,2023-10-11,9274
8069,元太,14,3,11,凱基-鳳山,2023-10-11,9274
2489,瑞軒,10,0,10,凱基-鳳山,2023-10-11,9274
2353,宏��,14,4,10,凱基-鳳山,2023-10-11,9274
6533,晶心科,11,1,10,凱基-鳳山,2023-10-11,9274
1536,和大,10,0,10,凱基-鳳山,2023-10-11,9274
2369,菱生,10,0,10,凱基-鳳山,2023-10-11,9274
2419,仲琦,10,0,10,凱基-鳳山,2023-10-11,9274
3078,僑威,10,0,10,凱基-鳳山,2023-10-11,9274
3615,安可,10,0,10,凱基-鳳山,2023-10-11,9274
4126,太醫,10,0,10,凱基-鳳山,2023-10-11,9274
8938,明安,10,0,10,凱基-鳳山,2023-10-11,9274
2025,千興,9,0,9,凱基-鳳山,2023-10-11,9274
3481,群創,311,4,307,凱基-鳳山,2023-10-12,9274
2460,建通,424,117,307,凱基-鳳山,2023-10-12,9274
00929,復華台灣科技優息,94,2,92,凱基-鳳山,2023-10-12,9274
2363,矽統,101,51,50,凱基-鳳山,2023-10-12,9274
3450,聯鈞,53,6,47,凱基-鳳山,2023-10-12,9274
00715L,期街口布蘭特正2,50,5,45,凱基-鳳山,2023-10-12,9274
1560,中砂,46,4,42,凱基-鳳山,2023-10-12,9274
2409,友達,40,5,35,凱基-鳳山,2023-10-12,9274
00712,復華富時不動產,35,0,35,凱基-鳳山,2023-10-12,9274
2408,南亞科,41,8,33,凱基-鳳山,2023-10-12,9274
00922,國泰台灣領袖50,41,10,31,凱基-鳳山,2023-10-12,9274
6191,精成科,32,2,30,凱基-鳳山,2023-10-12,9274
2356,英業達,36,8,28,凱基-鳳山,2023-10-12,9274
5469,瀚宇博,31,3,28,凱基-鳳山,2023-10-12,9274
4564,元翎,20,0,20,凱基-鳳山,2023-10-12,9274
2002,中鋼,16,0,16,凱基-鳳山,2023-10-12,9274
4162,智擎,13,0,13,凱基-鳳山,2023-10-12,9274
2731,雄獅,13,1,12,凱基-鳳山,2023-10-12,9274
3002,歐格,12,0,12,凱基-鳳山,2023-10-12,9274
2347,聯強,12,0,12,凱基-鳳山,2023-10-12,9274
00680L,元大美債20正2,17,6,11,凱基-鳳山,2023-10-12,9274
1720,生達,11,0,11,凱基-鳳山,2023-10-12,9274
6285,啟��,11,0,11,凱基-鳳山,2023-10-12,9274
3149,正達,10,0,10,凱基-鳳山,2023-10-12,9274
2102,泰豐,10,0,10,凱基-鳳山,2023-10-12,9274
2867,三商壽,10,0,10,凱基-鳳山,2023-10-12,9274
5608,四維航,10,0,10,凱基-鳳山,2023-10-12,9274
2352,佳世達,11,1,10,凱基-鳳山,2023-10-12,9274
2427,三商電,15,6,9,凱基-鳳山,2023-10-12,9274
8436,大江,9,0,9,凱基-鳳山,2023-10-12,9274
5348,正能量智能,10,2,8,凱基-鳳山,2023-10-12,9274
2399,映泰,8,1,7,凱基-鳳山,2023-10-12,9274
8016,矽創,11,4,7,凱基-鳳山,2023-10-12,9274
00878,國泰永續高股息,11,4,7,凱基-鳳山,2023-10-12,9274
00642U,期元大S＆P石油,6,0,6,凱基-鳳山,2023-10-12,9274
00919,群益台灣精選高息,6,0,6,凱基-鳳山,2023-10-12,9274
2527,宏璟,6,0,6,凱基-鳳山,2023-10-12,9274
3625,西勝,6,0,6,凱基-鳳山,2023-10-12,9274
8150,南茂,8,2,6,凱基-鳳山,2023-10-12,9274
3483,力致,12,6,6,凱基-鳳山,2023-10-12,9274
5880,合庫金,5,0,5,凱基-鳳山,2023-10-12,9274
1519,華城,9,4,5,凱基-鳳山,2023-10-12,9274
2312,金寶,5,0,5,凱基-鳳山,2023-10-12,9274
2348,海悅,5,0,5,凱基-鳳山,2023-10-12,9274
2468,華經,13,8,5,凱基-鳳山,2023-10-12,9274
2516,新建,5,0,5,凱基-鳳山,2023-10-12,9274
2605,新興,5,0,5,凱基-鳳山,2023-10-12,9274
3032,偉訓,5,0,5,凱基-鳳山,2023-10-12,9274
3325,旭品,8,3,5,凱基-鳳山,2023-10-12,9274
4550,長佳,5,0,5,凱基-鳳山,2023-10-12,9274
00637L,元大滬深300正2,200,0,200,凱基-鳳山,2023-10-13,9274
3481,群創,195,9,186,凱基-鳳山,2023-10-13,9274
2460,建通,196,82,114,凱基-鳳山,2023-10-13,9274
3014,聯陽,461,348,113,凱基-鳳山,2023-10-13,9274
2324,仁寶,90,3,87,凱基-鳳山,2023-10-13,9274
6117,迎廣,62,0,62,凱基-鳳山,2023-10-13,9274
2883,凱基金,59,0,59,凱基-鳳山,2023-10-13,9274
2610,華航,54,1,53,凱基-鳳山,2023-10-13,9274
3231,緯創,69,27,42,凱基-鳳山,2023-10-13,9274
1568,倉佑,43,2,41,凱基-鳳山,2023-10-13,9274
2382,廣達,67,28,39,凱基-鳳山,2023-10-13,9274
3035,智原,63,28,35,凱基-鳳山,2023-10-13,9274
00720B,元大投資級公司債,35,0,35,凱基-鳳山,2023-10-13,9274
2313,華通,50,16,34,凱基-鳳山,2023-10-13,9274
2417,圓剛,34,1,33,凱基-鳳山,2023-10-13,9274
0056,元大高股息,33,1,32,凱基-鳳山,2023-10-13,9274
4707,磐亞,30,0,30,凱基-鳳山,2023-10-13,9274
2383,台光電,23,2,21,凱基-鳳山,2023-10-13,9274
2353,宏��,21,0,21,凱基-鳳山,2023-10-13,9274
00919,群益台灣精選高息,20,0,20,凱基-鳳山,2023-10-13,9274
2369,菱生,20,0,20,凱基-鳳山,2023-10-13,9274
5607,遠雄港,20,0,20,凱基-鳳山,2023-10-13,9274
2618,長榮航,20,1,19,凱基-鳳山,2023-10-13,9274
1737,臺鹽,20,1,19,凱基-鳳山,2023-10-13,9274
00878,國泰永續高股息,21,2,19,凱基-鳳山,2023-10-13,9274
00888,永豐台灣ESG,18,0,18,凱基-鳳山,2023-10-13,9274
2884,玉山金,19,1,18,凱基-鳳山,2023-10-13,9274
2356,英業達,28,11,17,凱基-鳳山,2023-10-13,9274
2388,威盛,25,8,17,凱基-鳳山,2023-10-13,9274
3059,華晶科,17,0,17,凱基-鳳山,2023-10-13,9274
6284,佳邦,21,5,16,凱基-鳳山,2023-10-13,9274
00931B,統一美債20年,15,0,15,凱基-鳳山,2023-10-13,9274
8011,台通,15,0,15,凱基-鳳山,2023-10-13,9274
2201,裕隆,26,11,15,凱基-鳳山,2023-10-13,9274
3615,安可,15,1,14,凱基-鳳山,2023-10-13,9274
2301,光寶科,19,7,12,凱基-鳳山,2023-10-13,9274
5439,高技,29,17,12,凱基-鳳山,2023-10-13,9274
3032,偉訓,11,0,11,凱基-鳳山,2023-10-13,9274
3591,艾笛森,11,0,11,凱基-鳳山,2023-10-13,9274
6164,華興,11,0,11,凱基-鳳山,2023-10-13,9274
2363,矽統,177,166,11,凱基-鳳山,2023-10-13,9274
00715L,期街口布蘭特正2,10,0,10,凱基-鳳山,2023-10-13,9274
2427,三商電,14,4,10,凱基-鳳山,2023-10-13,9274
4934,太極,10,0,10,凱基-鳳山,2023-10-13,9274
3450,聯鈞,64,55,9,凱基-鳳山,2023-10-13,9274
3325,旭品,8,0,8,凱基-鳳山,2023-10-13,9274
00885,富邦越南,7,0,7,凱基-鳳山,2023-10-13,9274
1802,台玻,7,0,7,凱基-鳳山,2023-10-13,9274
2206,三陽工業,9,2,7,凱基-鳳山,2023-10-13,9274
3706,神達,20,13,7,凱基-鳳山,2023-10-13,9274
00712,復華富時不動產,189,0,189,凱基-鳳山,2023-10-16,9274
3481,群創,158,0,158,凱基-鳳山,2023-10-16,9274
2460,建通,194,80,114,凱基-鳳山,2023-10-16,9274
3062,建漢,130,25,105,凱基-鳳山,2023-10-16,9274
6770,力積電,75,2,73,凱基-鳳山,2023-10-16,9274
2618,長榮航,76,18,58,凱基-鳳山,2023-10-16,9274
1316,上曜,50,0,50,凱基-鳳山,2023-10-16,9274
3035,智原,103,55,48,凱基-鳳山,2023-10-16,9274
2303,聯電,53,11,42,凱基-鳳山,2023-10-16,9274
3380,明泰,41,0,41,凱基-鳳山,2023-10-16,9274
3014,聯陽,55,19,36,凱基-鳳山,2023-10-16,9274
2363,矽統,116,88,28,凱基-鳳山,2023-10-16,9274
00715L,期街口布蘭特正2,25,1,24,凱基-鳳山,2023-10-16,9274
9950,萬國通,25,1,24,凱基-鳳山,2023-10-16,9274
2610,華航,49,25,24,凱基-鳳山,2023-10-16,9274
0056,元大高股息,25,2,23,凱基-鳳山,2023-10-16,9274
2344,華邦電,61,41,20,凱基-鳳山,2023-10-16,9274
1305,華夏,20,0,20,凱基-鳳山,2023-10-16,9274
3231,緯創,62,43,19,凱基-鳳山,2023-10-16,9274
3450,聯鈞,17,0,17,凱基-鳳山,2023-10-16,9274
1529,樂事綠能,15,0,15,凱基-鳳山,2023-10-16,9274
4707,磐亞,15,0,15,凱基-鳳山,2023-10-16,9274
00679B,元大美債20年,13,0,13,凱基-鳳山,2023-10-16,9274
2367,燿華,13,0,13,凱基-鳳山,2023-10-16,9274
6605,帝寶,13,0,13,凱基-鳳山,2023-10-16,9274
00720B,元大投資級公司債,12,0,12,凱基-鳳山,2023-10-16,9274
00753L,中信中國50正2,12,0,12,凱基-鳳山,2023-10-16,9274
2515,中工,25,14,11,凱基-鳳山,2023-10-16,9274
2356,英業達,17,6,11,凱基-鳳山,2023-10-16,9274
2913,農林,11,0,11,凱基-鳳山,2023-10-16,9274
3260,威剛,15,4,11,凱基-鳳山,2023-10-16,9274
3037,欣興,11,0,11,凱基-鳳山,2023-10-16,9274
2382,廣達,17,6,11,凱基-鳳山,2023-10-16,9274
00919,群益台灣精選高息,13,3,10,凱基-鳳山,2023-10-16,9274
00637L,元大滬深300正2,10,0,10,凱基-鳳山,2023-10-16,9274
1540,喬福,12,2,10,凱基-鳳山,2023-10-16,9274
1568,倉佑,13,3,10,凱基-鳳山,2023-10-16,9274
3032,偉訓,10,0,10,凱基-鳳山,2023-10-16,9274
3227,原相,10,0,10,凱基-鳳山,2023-10-16,9274
3680,家登,10,0,10,凱基-鳳山,2023-10-16,9274
3706,神達,15,5,10,凱基-鳳山,2023-10-16,9274
4934,太極,10,0,10,凱基-鳳山,2023-10-16,9274
00929,復華台灣科技優息,110,100,10,凱基-鳳山,2023-10-16,9274
1605,華新,9,0,9,凱基-鳳山,2023-10-16,9274
2201,裕隆,11,3,8,凱基-鳳山,2023-10-16,9274
00922,國泰台灣領袖50,23,15,8,凱基-鳳山,2023-10-16,9274
3234,光環,8,0,8,凱基-鳳山,2023-10-16,9274
4944,兆遠,8,0,8,凱基-鳳山,2023-10-16,9274
5388,中磊,8,0,8,凱基-鳳山,2023-10-16,9274
2371,大同,9,2,7,凱基-鳳山,2023-10-16,9274
2460,建通,454,255,199,凱基-鳳山,2023-10-17,9274
3481,群創,144,0,144,凱基-鳳山,2023-10-17,9274
00929,復華台灣科技優息,148,8,140,凱基-鳳山,2023-10-17,9274
3062,建漢,175,71,104,凱基-鳳山,2023-10-17,9274
00878,國泰永續高股息,54,1,53,凱基-鳳山,2023-10-17,9274
00665L,富邦�琤肭磪囓�2,70,29,41,凱基-鳳山,2023-10-17,9274
00687B,國泰20年美債,41,0,41,凱基-鳳山,2023-10-17,9274
2888,新光金,40,0,40,凱基-鳳山,2023-10-17,9274
3264,欣銓,38,0,38,凱基-鳳山,2023-10-17,9274
8183,精星,39,1,38,凱基-鳳山,2023-10-17,9274
4979,華星光,48,12,36,凱基-鳳山,2023-10-17,9274
2303,聯電,126,92,34,凱基-鳳山,2023-10-17,9274
2344,華邦電,34,2,32,凱基-鳳山,2023-10-17,9274
3231,緯創,177,150,27,凱基-鳳山,2023-10-17,9274
2201,裕隆,25,0,25,凱基-鳳山,2023-10-17,9274
2417,圓剛,23,1,22,凱基-鳳山,2023-10-17,9274
00795B,中信美國公債20年,22,0,22,凱基-鳳山,2023-10-17,9274
00680L,元大美債20正2,21,0,21,凱基-鳳山,2023-10-17,9274
6530,創威,40,19,21,凱基-鳳山,2023-10-17,9274
1314,中石化,26,6,20,凱基-鳳山,2023-10-17,9274
2455,全新,18,0,18,凱基-鳳山,2023-10-17,9274
00919,群益台灣精選高息,17,0,17,凱基-鳳山,2023-10-17,9274
00931B,統一美債20年,17,0,17,凱基-鳳山,2023-10-17,9274
2329,華泰,20,3,17,凱基-鳳山,2023-10-17,9274
00679B,元大美債20年,15,0,15,凱基-鳳山,2023-10-17,9274
6116,彩晶,13,0,13,凱基-鳳山,2023-10-17,9274
3363,上詮,17,4,13,凱基-鳳山,2023-10-17,9274
00751B,元大AAA至A公司債,11,0,11,凱基-鳳山,2023-10-17,9274
1905,華紙,11,0,11,凱基-鳳山,2023-10-17,9274
2002,中鋼,16,5,11,凱基-鳳山,2023-10-17,9274
2369,菱生,24,13,11,凱基-鳳山,2023-10-17,9274
5608,四維航,11,0,11,凱基-鳳山,2023-10-17,9274
00688L,國泰20年美債正2,10,0,10,凱基-鳳山,2023-10-17,9274
00885,富邦越南,10,0,10,凱基-鳳山,2023-10-17,9274
1806,冠軍,10,0,10,凱基-鳳山,2023-10-17,9274
2312,金寶,10,0,10,凱基-鳳山,2023-10-17,9274
2367,燿華,10,0,10,凱基-鳳山,2023-10-17,9274
4763,材料-KY,10,0,10,凱基-鳳山,2023-10-17,9274
8436,大江,10,0,10,凱基-鳳山,2023-10-17,9274
4944,兆遠,9,0,9,凱基-鳳山,2023-10-17,9274
6213,聯茂,9,0,9,凱基-鳳山,2023-10-17,9274
8936,國統,30,21,9,凱基-鳳山,2023-10-17,9274
8048,德勝,16,7,9,凱基-鳳山,2023-10-17,9274
2399,映泰,11,2,9,凱基-鳳山,2023-10-17,9274
00720B,元大投資級公司債,8,0,8,凱基-鳳山,2023-10-17,9274
2427,三商電,7,0,7,凱基-鳳山,2023-10-17,9274
4977,眾達-KY,7,0,7,凱基-鳳山,2023-10-17,9274
3013,晟銘電,11,4,7,凱基-鳳山,2023-10-17,9274
2515,中工,11,4,7,凱基-鳳山,2023-10-17,9274
6806,森崴能源,6,0,6,凱基-鳳山,2023-10-17,9274
2303,聯電,290,132,158,凱基-鳳山,2023-10-18,9274
2369,菱生,166,33,133,凱基-鳳山,2023-10-18,9274
00878,國泰永續高股息,154,27,127,凱基-鳳山,2023-10-18,9274
00929,復華台灣科技優息,116,1,115,凱基-鳳山,2023-10-18,9274
00922,國泰台灣領袖50,89,0,89,凱基-鳳山,2023-10-18,9274
3014,聯陽,406,324,82,凱基-鳳山,2023-10-18,9274
2388,威盛,127,52,75,凱基-鳳山,2023-10-18,9274
2460,建通,104,31,73,凱基-鳳山,2023-10-18,9274
2883,凱基金,73,0,73,凱基-鳳山,2023-10-18,9274
00919,群益台灣精選高息,67,1,66,凱基-鳳山,2023-10-18,9274
6282,康舒,64,0,64,凱基-鳳山,2023-10-18,9274
2002,中鋼,63,0,63,凱基-鳳山,2023-10-18,9274
2867,三商壽,61,0,61,凱基-鳳山,2023-10-18,9274
0056,元大高股息,69,21,48,凱基-鳳山,2023-10-18,9274
3231,緯創,167,121,46,凱基-鳳山,2023-10-18,9274
3481,群創,48,3,45,凱基-鳳山,2023-10-18,9274
3062,建漢,40,0,40,凱基-鳳山,2023-10-18,9274
6770,力積電,42,2,40,凱基-鳳山,2023-10-18,9274
6168,宏齊,56,17,39,凱基-鳳山,2023-10-18,9274
00665L,富邦�琤肭磪囓�2,30,0,30,凱基-鳳山,2023-10-18,9274
3035,智原,63,37,26,凱基-鳳山,2023-10-18,9274
6274,台燿,27,1,26,凱基-鳳山,2023-10-18,9274
00923,群益台ESG低碳50,25,0,25,凱基-鳳山,2023-10-18,9274
00673R,期元大S＆P原油反1,24,0,24,凱基-鳳山,2023-10-18,9274
3260,威剛,50,28,22,凱基-鳳山,2023-10-18,9274
00905,FT臺灣Smart,21,0,21,凱基-鳳山,2023-10-18,9274
00680L,元大美債20正2,20,0,20,凱基-鳳山,2023-10-18,9274
1568,倉佑,20,0,20,凱基-鳳山,2023-10-18,9274
3022,威強電,20,0,20,凱基-鳳山,2023-10-18,9274
4564,元翎,20,0,20,凱基-鳳山,2023-10-18,9274
2408,南亞科,20,1,19,凱基-鳳山,2023-10-18,9274
2515,中工,18,0,18,凱基-鳳山,2023-10-18,9274
3041,揚智,20,2,18,凱基-鳳山,2023-10-18,9274
1101,台泥,18,0,18,凱基-鳳山,2023-10-18,9274
2206,三陽工業,15,0,15,凱基-鳳山,2023-10-18,9274
2486,一詮,18,3,15,凱基-鳳山,2023-10-18,9274
1815,富喬,18,4,14,凱基-鳳山,2023-10-18,9274
2412,中華電,14,0,14,凱基-鳳山,2023-10-18,9274
00713,元大台灣高息低波,12,0,12,凱基-鳳山,2023-10-18,9274
2618,長榮航,16,4,12,凱基-鳳山,2023-10-18,9274
00687B,國泰20年美債,11,0,11,凱基-鳳山,2023-10-18,9274
00772B,中信高評級公司債,11,0,11,凱基-鳳山,2023-10-18,9274
00720B,元大投資級公司債,11,0,11,凱基-鳳山,2023-10-18,9274
00931B,統一美債20年,21,10,11,凱基-鳳山,2023-10-18,9274
00751B,元大AAA至A公司債,11,0,11,凱基-鳳山,2023-10-18,9274
6223,旺矽,11,0,11,凱基-鳳山,2023-10-18,9274
00679B,元大美債20年,12,2,10,凱基-鳳山,2023-10-18,9274
00773B,中信優先金融債,10,0,10,凱基-鳳山,2023-10-18,9274
00885,富邦越南,10,0,10,凱基-鳳山,2023-10-18,9274
00722B,群益投資級電信債,10,0,10,凱基-鳳山,2023-10-18,9274
2460,建通,249,104,145,凱基-鳳山,2023-10-19,9274
0056,元大高股息,118,6,112,凱基-鳳山,2023-10-19,9274
2618,長榮航,100,3,97,凱基-鳳山,2023-10-19,9274
3715,定穎投控,119,42,77,凱基-鳳山,2023-10-19,9274
00933B,國泰10Y+金融債,102,32,70,凱基-鳳山,2023-10-19,9274
00665L,富邦�琤肭磪囓�2,66,0,66,凱基-鳳山,2023-10-19,9274
00637L,元大滬深300正2,62,0,62,凱基-鳳山,2023-10-19,9274
1568,倉佑,53,1,52,凱基-鳳山,2023-10-19,9274
00878,國泰永續高股息,66,15,51,凱基-鳳山,2023-10-19,9274
00687B,國泰20年美債,51,1,50,凱基-鳳山,2023-10-19,9274
00720B,元大投資級公司債,39,0,39,凱基-鳳山,2023-10-19,9274
3325,旭品,37,1,36,凱基-鳳山,2023-10-19,9274
00712,復華富時不動產,34,0,34,凱基-鳳山,2023-10-19,9274
3450,聯鈞,34,2,32,凱基-鳳山,2023-10-19,9274
9958,世紀鋼,33,4,29,凱基-鳳山,2023-10-19,9274
00680L,元大美債20正2,40,14,26,凱基-鳳山,2023-10-19,9274
00679B,元大美債20年,26,0,26,凱基-鳳山,2023-10-19,9274
4533,協易機,26,0,26,凱基-鳳山,2023-10-19,9274
00921,兆豐龍頭等權重,25,0,25,凱基-鳳山,2023-10-19,9274
00929,復華台灣科技優息,32,7,25,凱基-鳳山,2023-10-19,9274
2417,圓剛,25,1,24,凱基-鳳山,2023-10-19,9274
00893,國泰智能電動車,23,0,23,凱基-鳳山,2023-10-19,9274
1101,台泥,24,1,23,凱基-鳳山,2023-10-19,9274
00772B,中信高評級公司債,20,0,20,凱基-鳳山,2023-10-19,9274
2204,中華,20,0,20,凱基-鳳山,2023-10-19,9274
3694,海華,20,0,20,凱基-鳳山,2023-10-19,9274
2002,中鋼,19,0,19,凱基-鳳山,2023-10-19,9274
00885,富邦越南,19,0,19,凱基-鳳山,2023-10-19,9274
1560,中砂,18,1,17,凱基-鳳山,2023-10-19,9274
2409,友達,23,7,16,凱基-鳳山,2023-10-19,9274
00751B,元大AAA至A公司債,15,0,15,凱基-鳳山,2023-10-19,9274
1303,南亞,16,1,15,凱基-鳳山,2023-10-19,9274
1711,永光,15,0,15,凱基-鳳山,2023-10-19,9274
5348,正能量智能,15,0,15,凱基-鳳山,2023-10-19,9274
2610,華航,14,0,14,凱基-鳳山,2023-10-19,9274
00857B,永豐20年美公債,13,0,13,凱基-鳳山,2023-10-19,9274
6223,旺矽,12,0,12,凱基-鳳山,2023-10-19,9274
00922,國泰台灣領袖50,11,0,11,凱基-鳳山,2023-10-19,9274
1304,台聚,11,0,11,凱基-鳳山,2023-10-19,9274
2481,強茂,11,0,11,凱基-鳳山,2023-10-19,9274
4714,永捷,11,0,11,凱基-鳳山,2023-10-19,9274
2353,宏��,10,0,10,凱基-鳳山,2023-10-19,9274
00795B,中信美國公債20年,10,0,10,凱基-鳳山,2023-10-19,9274
00882,中信中國高股息,10,0,10,凱基-鳳山,2023-10-19,9274
1717,長興,11,1,10,凱基-鳳山,2023-10-19,9274
2069,運錩,10,0,10,凱基-鳳山,2023-10-19,9274
2486,一詮,10,0,10,凱基-鳳山,2023-10-19,9274
3037,欣興,10,0,10,凱基-鳳山,2023-10-19,9274
2317,鴻海,12,3,9,凱基-鳳山,2023-10-19,9274
00670L,富邦NASDAQ正2,9,0,9,凱基-鳳山,2023-10-19,9274
2460,建通,195,85,110,凱基-鳳山,2023-10-20,9274
00712,復華富時不動產,139,35,104,凱基-鳳山,2023-10-20,9274
00919,群益台灣精選高息,76,1,75,凱基-鳳山,2023-10-20,9274
00929,復華台灣科技優息,65,1,64,凱基-鳳山,2023-10-20,9274
2605,新興,100,44,56,凱基-鳳山,2023-10-20,9274
00878,國泰永續高股息,50,5,45,凱基-鳳山,2023-10-20,9274
3481,群創,45,0,45,凱基-鳳山,2023-10-20,9274
2323,中環,41,0,41,凱基-鳳山,2023-10-20,9274
8183,精星,39,0,39,凱基-鳳山,2023-10-20,9274
3041,揚智,50,13,37,凱基-鳳山,2023-10-20,9274
0056,元大高股息,34,0,34,凱基-鳳山,2023-10-20,9274
00673R,期元大S＆P原油反1,34,0,34,凱基-鳳山,2023-10-20,9274
2417,圓剛,78,44,34,凱基-鳳山,2023-10-20,9274
2353,宏��,31,0,31,凱基-鳳山,2023-10-20,9274
2883,凱基金,33,3,30,凱基-鳳山,2023-10-20,9274
1101,台泥,29,0,29,凱基-鳳山,2023-10-20,9274
3591,艾笛森,37,10,27,凱基-鳳山,2023-10-20,9274
2481,強茂,26,1,25,凱基-鳳山,2023-10-20,9274
2888,新光金,23,0,23,凱基-鳳山,2023-10-20,9274
3548,兆利,30,7,23,凱基-鳳山,2023-10-20,9274
6274,台燿,27,4,23,凱基-鳳山,2023-10-20,9274
00905,FT臺灣Smart,21,0,21,凱基-鳳山,2023-10-20,9274
6443,元晶,21,0,21,凱基-鳳山,2023-10-20,9274
3035,智原,36,16,20,凱基-鳳山,2023-10-20,9274
00665L,富邦�琤肭磪囓�2,20,0,20,凱基-鳳山,2023-10-20,9274
2014,中鴻,20,0,20,凱基-鳳山,2023-10-20,9274
3032,偉訓,20,0,20,凱基-鳳山,2023-10-20,9274
2610,華航,21,3,18,凱基-鳳山,2023-10-20,9274
2634,漢翔,21,3,18,凱基-鳳山,2023-10-20,9274
9950,萬國通,14,0,14,凱基-鳳山,2023-10-20,9274
00882,中信中國高股息,13,0,13,凱基-鳳山,2023-10-20,9274
2516,新建,13,0,13,凱基-鳳山,2023-10-20,9274
00670L,富邦NASDAQ正2,12,0,12,凱基-鳳山,2023-10-20,9274
2363,矽統,21,10,11,凱基-鳳山,2023-10-20,9274
2867,三商壽,11,0,11,凱基-鳳山,2023-10-20,9274
00679B,元大美債20年,10,0,10,凱基-鳳山,2023-10-20,9274
6530,創威,33,23,10,凱基-鳳山,2023-10-20,9274
00795B,中信美國公債20年,10,0,10,凱基-鳳山,2023-10-20,9274
2344,華邦電,11,1,10,凱基-鳳山,2023-10-20,9274
2367,燿華,10,0,10,凱基-鳳山,2023-10-20,9274
2412,中華電,10,0,10,凱基-鳳山,2023-10-20,9274
2457,飛宏,11,1,10,凱基-鳳山,2023-10-20,9274
4155,訊映,10,0,10,凱基-鳳山,2023-10-20,9274
6005,群益證,10,0,10,凱基-鳳山,2023-10-20,9274
2885,元大金,9,0,9,凱基-鳳山,2023-10-20,9274
2352,佳世達,15,6,9,凱基-鳳山,2023-10-20,9274
00885,富邦越南,9,0,9,凱基-鳳山,2023-10-20,9274
5351,鈺創,10,1,9,凱基-鳳山,2023-10-20,9274
6770,力積電,11,2,9,凱基-鳳山,2023-10-20,9274
6139,亞翔,11,2,9,凱基-鳳山,2023-10-20,9274
2460,建通,920,643,277,凱基-鳳山,2023-10-23,9274
2634,漢翔,151,0,151,凱基-鳳山,2023-10-23,9274
00637L,元大滬深300正2,115,0,115,凱基-鳳山,2023-10-23,9274
00929,復華台灣科技優息,95,3,92,凱基-鳳山,2023-10-23,9274
3062,建漢,84,0,84,凱基-鳳山,2023-10-23,9274
00712,復華富時不動產,84,0,84,凱基-鳳山,2023-10-23,9274
5425,台半,54,0,54,凱基-鳳山,2023-10-23,9274
2606,裕民,53,1,52,凱基-鳳山,2023-10-23,9274
3481,群創,111,69,42,凱基-鳳山,2023-10-23,9274
2317,鴻海,46,13,33,凱基-鳳山,2023-10-23,9274
3014,聯陽,331,299,32,凱基-鳳山,2023-10-23,9274
4919,新唐,32,0,32,凱基-鳳山,2023-10-23,9274
4304,勝昱,32,3,29,凱基-鳳山,2023-10-23,9274
2002,中鋼,28,1,27,凱基-鳳山,2023-10-23,9274
00665L,富邦�琤肭磪囓�2,27,0,27,凱基-鳳山,2023-10-23,9274
00795B,中信美國公債20年,25,0,25,凱基-鳳山,2023-10-23,9274
00922,國泰台灣領袖50,24,0,24,凱基-鳳山,2023-10-23,9274
0056,元大高股息,22,0,22,凱基-鳳山,2023-10-23,9274
2834,臺企銀,21,0,21,凱基-鳳山,2023-10-23,9274
3372,典範,20,0,20,凱基-鳳山,2023-10-23,9274
00687B,國泰20年美債,23,4,19,凱基-鳳山,2023-10-23,9274
8069,元太,20,1,19,凱基-鳳山,2023-10-23,9274
00679B,元大美債20年,17,0,17,凱基-鳳山,2023-10-23,9274
5348,正能量智能,17,0,17,凱基-鳳山,2023-10-23,9274
2402,毅嘉,25,9,16,凱基-鳳山,2023-10-23,9274
00878,國泰永續高股息,42,26,16,凱基-鳳山,2023-10-23,9274
2330,台積電,28,12,16,凱基-鳳山,2023-10-23,9274
00680L,元大美債20正2,15,0,15,凱基-鳳山,2023-10-23,9274
4162,智擎,21,6,15,凱基-鳳山,2023-10-23,9274
8016,矽創,32,17,15,凱基-鳳山,2023-10-23,9274
1324,地球,19,5,14,凱基-鳳山,2023-10-23,9274
00882,中信中國高股息,12,0,12,凱基-鳳山,2023-10-23,9274
5340,建榮,11,0,11,凱基-鳳山,2023-10-23,9274
1101,台泥,10,0,10,凱基-鳳山,2023-10-23,9274
00888,永豐台灣ESG,11,1,10,凱基-鳳山,2023-10-23,9274
1603,華電,10,0,10,凱基-鳳山,2023-10-23,9274
1604,聲寶,10,0,10,凱基-鳳山,2023-10-23,9274
2462,良得電,10,0,10,凱基-鳳山,2023-10-23,9274
2888,新光金,10,0,10,凱基-鳳山,2023-10-23,9274
5465,富驊,10,0,10,凱基-鳳山,2023-10-23,9274
6244,茂迪,10,0,10,凱基-鳳山,2023-10-23,9274
00751B,元大AAA至A公司債,9,0,9,凱基-鳳山,2023-10-23,9274
3078,僑威,9,0,9,凱基-鳳山,2023-10-23,9274
2379,瑞昱,9,2,7,凱基-鳳山,2023-10-23,9274
2883,凱基金,6,0,6,凱基-鳳山,2023-10-23,9274
1605,華新,6,0,6,凱基-鳳山,2023-10-23,9274
2102,泰豐,6,0,6,凱基-鳳山,2023-10-23,9274
3545,敦泰,11,5,6,凱基-鳳山,2023-10-23,9274
4714,永捷,6,0,6,凱基-鳳山,2023-10-23,9274
9919,康那香,10,4,6,凱基-鳳山,2023-10-23,9274
2460,建通,458,221,237,凱基-鳳山,2023-10-24,9274
3041,揚智,193,117,76,凱基-鳳山,2023-10-24,9274
2317,鴻海,78,4,74,凱基-鳳山,2023-10-24,9274
00712,復華富時不動產,60,5,55,凱基-鳳山,2023-10-24,9274
2352,佳世達,52,4,48,凱基-鳳山,2023-10-24,9274
3260,威剛,56,16,40,凱基-鳳山,2023-10-24,9274
2481,強茂,33,0,33,凱基-鳳山,2023-10-24,9274
00637L,元大滬深300正2,35,5,30,凱基-鳳山,2023-10-24,9274
2449,京元電子,28,4,24,凱基-鳳山,2023-10-24,9274
2363,矽統,33,10,23,凱基-鳳山,2023-10-24,9274
00715L,期街口布蘭特正2,22,0,22,凱基-鳳山,2023-10-24,9274
4128,中天,23,1,22,凱基-鳳山,2023-10-24,9274
6168,宏齊,27,6,21,凱基-鳳山,2023-10-24,9274
2002,中鋼,25,5,20,凱基-鳳山,2023-10-24,9274
3481,群創,20,0,20,凱基-鳳山,2023-10-24,9274
00671R,富邦NASDAQ反1,20,0,20,凱基-鳳山,2023-10-24,9274
2355,敬鵬,20,0,20,凱基-鳳山,2023-10-24,9274
2885,元大金,20,0,20,凱基-鳳山,2023-10-24,9274
2402,毅嘉,18,1,17,凱基-鳳山,2023-10-24,9274
2313,華通,24,8,16,凱基-鳳山,2023-10-24,9274
1609,大亞,15,0,15,凱基-鳳山,2023-10-24,9274
2369,菱生,274,259,15,凱基-鳳山,2023-10-24,9274
8011,台通,15,0,15,凱基-鳳山,2023-10-24,9274
00878,國泰永續高股息,17,4,13,凱基-鳳山,2023-10-24,9274
2883,凱基金,15,2,13,凱基-鳳山,2023-10-24,9274
9950,萬國通,14,1,13,凱基-鳳山,2023-10-24,9274
00919,群益台灣精選高息,14,3,11,凱基-鳳山,2023-10-24,9274
3122,笙泉,43,32,11,凱基-鳳山,2023-10-24,9274
2413,環科,10,0,10,凱基-鳳山,2023-10-24,9274
4157,太景*-KY,30,20,10,凱基-鳳山,2023-10-24,9274
1301,台塑,9,0,9,凱基-鳳山,2023-10-24,9274
00720B,元大投資級公司債,9,0,9,凱基-鳳山,2023-10-24,9274
00673R,期元大S＆P原油反1,12,3,9,凱基-鳳山,2023-10-24,9274
2834,臺企銀,12,3,9,凱基-鳳山,2023-10-24,9274
6770,力積電,9,0,9,凱基-鳳山,2023-10-24,9274
6274,台燿,12,4,8,凱基-鳳山,2023-10-24,9274
00679B,元大美債20年,1912,1905,7,凱基-鳳山,2023-10-24,9274
6244,茂迪,7,0,7,凱基-鳳山,2023-10-24,9274
00753L,中信中國50正2,6,0,6,凱基-鳳山,2023-10-24,9274
00688L,國泰20年美債正2,6,0,6,凱基-鳳山,2023-10-24,9274
1503,士電,6,0,6,凱基-鳳山,2023-10-24,9274
1568,倉佑,11,5,6,凱基-鳳山,2023-10-24,9274
1605,華新,7,1,6,凱基-鳳山,2023-10-24,9274
6188,廣明,6,0,6,凱基-鳳山,2023-10-24,9274
2014,中鴻,5,0,5,凱基-鳳山,2023-10-24,9274
00665L,富邦�琤肭磪囓�2,95,90,5,凱基-鳳山,2023-10-24,9274
0056,元大高股息,5,0,5,凱基-鳳山,2023-10-24,9274
00882,中信中國高股息,7,2,5,凱基-鳳山,2023-10-24,9274
2331,精英,5,0,5,凱基-鳳山,2023-10-24,9274
2417,圓剛,6,1,5,凱基-鳳山,2023-10-24,9274
1524,耿鼎,300,88,212,凱基-鳳山,2023-10-25,9274
2460,建通,266,104,162,凱基-鳳山,2023-10-25,9274
3062,建漢,114,0,114,凱基-鳳山,2023-10-25,9274
00680L,元大美債20正2,102,0,102,凱基-鳳山,2023-10-25,9274
00688L,國泰20年美債正2,102,0,102,凱基-鳳山,2023-10-25,9274
3481,群創,115,14,101,凱基-鳳山,2023-10-25,9274
9105,泰金寶-DR,67,10,57,凱基-鳳山,2023-10-25,9274
3231,緯創,73,22,51,凱基-鳳山,2023-10-25,9274
5876,上海商銀,50,0,50,凱基-鳳山,2023-10-25,9274
00878,國泰永續高股息,52,3,49,凱基-鳳山,2023-10-25,9274
00712,復華富時不動產,46,0,46,凱基-鳳山,2023-10-25,9274
1785,光洋科,61,19,42,凱基-鳳山,2023-10-25,9274
00715L,期街口布蘭特正2,41,0,41,凱基-鳳山,2023-10-25,9274
2461,光群雷,41,0,41,凱基-鳳山,2023-10-25,9274
2337,旺宏,37,4,33,凱基-鳳山,2023-10-25,9274
2317,鴻海,47,16,31,凱基-鳳山,2023-10-25,9274
3013,晟銘電,34,5,29,凱基-鳳山,2023-10-25,9274
00929,復華台灣科技優息,37,12,25,凱基-鳳山,2023-10-25,9274
2886,兆豐金,21,0,21,凱基-鳳山,2023-10-25,9274
8016,矽創,20,0,20,凱基-鳳山,2023-10-25,9274
2329,華泰,20,2,18,凱基-鳳山,2023-10-25,9274
4919,新唐,17,1,16,凱基-鳳山,2023-10-25,9274
1101,台泥,16,0,16,凱基-鳳山,2023-10-25,9274
2498,宏達電,17,3,14,凱基-鳳山,2023-10-25,9274
3035,智原,32,19,13,凱基-鳳山,2023-10-25,9274
2382,廣達,26,13,13,凱基-鳳山,2023-10-25,9274
2610,華航,13,1,12,凱基-鳳山,2023-10-25,9274
2618,長榮航,12,0,12,凱基-鳳山,2023-10-25,9274
8277,商丞,12,0,12,凱基-鳳山,2023-10-25,9274
00687B,國泰20年美債,12,1,11,凱基-鳳山,2023-10-25,9274
6147,頎邦,11,0,11,凱基-鳳山,2023-10-25,9274
5607,遠雄港,21,10,11,凱基-鳳山,2023-10-25,9274
1301,台塑,10,0,10,凱基-鳳山,2023-10-25,9274
3308,聯德,10,0,10,凱基-鳳山,2023-10-25,9274
3706,神達,10,0,10,凱基-鳳山,2023-10-25,9274
2892,第一金,10,0,10,凱基-鳳山,2023-10-25,9274
6505,台塑化,9,0,9,凱基-鳳山,2023-10-25,9274
6139,亞翔,16,8,8,凱基-鳳山,2023-10-25,9274
6292,迅德,8,0,8,凱基-鳳山,2023-10-25,9274
3025,星通,51,43,8,凱基-鳳山,2023-10-25,9274
2427,三商電,26,19,7,凱基-鳳山,2023-10-25,9274
1603,華電,6,0,6,凱基-鳳山,2023-10-25,9274
2884,玉山金,8,2,6,凱基-鳳山,2023-10-25,9274
2883,凱基金,6,0,6,凱基-鳳山,2023-10-25,9274
3163,波若威,7,1,6,凱基-鳳山,2023-10-25,9274
00931B,統一美債20年,5,0,5,凱基-鳳山,2023-10-25,9274
00902,中信電池及儲能,5,0,5,凱基-鳳山,2023-10-25,9274
1324,地球,10,5,5,凱基-鳳山,2023-10-25,9274
2441,超豐,5,0,5,凱基-鳳山,2023-10-25,9274
2516,新建,5,0,5,凱基-鳳山,2023-10-25,9274
2460,建通,417,118,299,凱基-鳳山,2023-10-26,9274
00929,復華台灣科技優息,168,35,133,凱基-鳳山,2023-10-26,9274
2344,華邦電,143,12,131,凱基-鳳山,2023-10-26,9274
2002,中鋼,60,0,60,凱基-鳳山,2023-10-26,9274
2417,圓剛,59,4,55,凱基-鳳山,2023-10-26,9274
2612,中航,50,0,50,凱基-鳳山,2023-10-26,9274
00878,國泰永續高股息,51,1,50,凱基-鳳山,2023-10-26,9274
3014,聯陽,400,352,48,凱基-鳳山,2023-10-26,9274
3481,群創,48,0,48,凱基-鳳山,2023-10-26,9274
2515,中工,52,5,47,凱基-鳳山,2023-10-26,9274
3062,建漢,84,37,47,凱基-鳳山,2023-10-26,9274
3231,緯創,122,76,46,凱基-鳳山,2023-10-26,9274
00922,國泰台灣領袖50,40,0,40,凱基-鳳山,2023-10-26,9274
2405,輔信,41,2,39,凱基-鳳山,2023-10-26,9274
8936,國統,43,7,36,凱基-鳳山,2023-10-26,9274
2206,三陽工業,35,2,33,凱基-鳳山,2023-10-26,9274
2303,聯電,58,27,31,凱基-鳳山,2023-10-26,9274
2317,鴻海,31,0,31,凱基-鳳山,2023-10-26,9274
1718,中纖,30,0,30,凱基-鳳山,2023-10-26,9274
2330,台積電,33,4,29,凱基-鳳山,2023-10-26,9274
2883,凱基金,28,0,28,凱基-鳳山,2023-10-26,9274
00885,富邦越南,25,0,25,凱基-鳳山,2023-10-26,9274
2637,慧洋-KY,30,6,24,凱基-鳳山,2023-10-26,9274
0056,元大高股息,47,24,23,凱基-鳳山,2023-10-26,9274
00687B,國泰20年美債,23,0,23,凱基-鳳山,2023-10-26,9274
3680,家登,25,2,23,凱基-鳳山,2023-10-26,9274
2610,華航,24,2,22,凱基-鳳山,2023-10-26,9274
9105,泰金寶-DR,22,0,22,凱基-鳳山,2023-10-26,9274
6237,驊訊,61,40,21,凱基-鳳山,2023-10-26,9274
00665L,富邦�琤肭磪囓�2,20,0,20,凱基-鳳山,2023-10-26,9274
2201,裕隆,21,1,20,凱基-鳳山,2023-10-26,9274
00670L,富邦NASDAQ正2,17,0,17,凱基-鳳山,2023-10-26,9274
2461,光群雷,15,0,15,凱基-鳳山,2023-10-26,9274
6664,群翊,15,0,15,凱基-鳳山,2023-10-26,9274
6515,穎崴,15,0,15,凱基-鳳山,2023-10-26,9274
8358,金居,13,0,13,凱基-鳳山,2023-10-26,9274
3032,偉訓,12,0,12,凱基-鳳山,2023-10-26,9274
1711,永光,12,1,11,凱基-鳳山,2023-10-26,9274
3588,通嘉,11,0,11,凱基-鳳山,2023-10-26,9274
1909,榮成,10,0,10,凱基-鳳山,2023-10-26,9274
3078,僑威,10,0,10,凱基-鳳山,2023-10-26,9274
6550,北極星藥業-KY,10,0,10,凱基-鳳山,2023-10-26,9274
0050,元大台灣50,10,0,10,凱基-鳳山,2023-10-26,9274
3037,欣興,14,4,10,凱基-鳳山,2023-10-26,9274
2633,台灣高鐵,9,0,9,凱基-鳳山,2023-10-26,9274
1604,聲寶,10,1,9,凱基-鳳山,2023-10-26,9274
1815,富喬,9,0,9,凱基-鳳山,2023-10-26,9274
2474,可成,14,5,9,凱基-鳳山,2023-10-26,9274
3491,昇達科,12,3,9,凱基-鳳山,2023-10-26,9274
6005,群益證,9,0,9,凱基-鳳山,2023-10-26,9274
3014,聯陽,469,219,250,凱基-鳳山,2023-10-27,9274
2460,建通,313,101,212,凱基-鳳山,2023-10-27,9274
00929,復華台灣科技優息,60,2,58,凱基-鳳山,2023-10-27,9274
3706,神達,56,1,55,凱基-鳳山,2023-10-27,9274
2412,中華電,49,0,49,凱基-鳳山,2023-10-27,9274
2390,云辰,40,4,36,凱基-鳳山,2023-10-27,9274
1524,耿鼎,33,3,30,凱基-鳳山,2023-10-27,9274
1456,怡華,25,0,25,凱基-鳳山,2023-10-27,9274
00921,兆豐龍頭等權重,22,0,22,凱基-鳳山,2023-10-27,9274
2317,鴻海,17,0,17,凱基-鳳山,2023-10-27,9274
00885,富邦越南,16,0,16,凱基-鳳山,2023-10-27,9274
00670L,富邦NASDAQ正2,15,0,15,凱基-鳳山,2023-10-27,9274
2880,華南金,15,0,15,凱基-鳳山,2023-10-27,9274
3325,旭品,34,20,14,凱基-鳳山,2023-10-27,9274
2344,華邦電,13,0,13,凱基-鳳山,2023-10-27,9274
2610,華航,13,0,13,凱基-鳳山,2023-10-27,9274
00919,群益台灣精選高息,13,0,13,凱基-鳳山,2023-10-27,9274
2486,一詮,14,2,12,凱基-鳳山,2023-10-27,9274
2645,長榮航太,12,0,12,凱基-鳳山,2023-10-27,9274
3260,威剛,21,9,12,凱基-鳳山,2023-10-27,9274
00631L,元大台灣50正2,11,0,11,凱基-鳳山,2023-10-27,9274
00712,復華富時不動產,11,0,11,凱基-鳳山,2023-10-27,9274
4142,國光生,10,0,10,凱基-鳳山,2023-10-27,9274
2102,泰豐,10,0,10,凱基-鳳山,2023-10-27,9274
2353,宏��,10,0,10,凱基-鳳山,2023-10-27,9274
2637,慧洋-KY,10,0,10,凱基-鳳山,2023-10-27,9274
6257,矽格,10,0,10,凱基-鳳山,2023-10-27,9274
1721,三晃,20,11,9,凱基-鳳山,2023-10-27,9274
3037,欣興,10,1,9,凱基-鳳山,2023-10-27,9274
2883,凱基金,16,7,9,凱基-鳳山,2023-10-27,9274
3346,麗清,8,0,8,凱基-鳳山,2023-10-27,9274
8016,矽創,8,0,8,凱基-鳳山,2023-10-27,9274
2439,美律,8,1,7,凱基-鳳山,2023-10-27,9274
3078,僑威,8,1,7,凱基-鳳山,2023-10-27,9274
5009,榮剛,7,0,7,凱基-鳳山,2023-10-27,9274
4162,智擎,10,3,7,凱基-鳳山,2023-10-27,9274
1216,統一,7,0,7,凱基-鳳山,2023-10-27,9274
2206,三陽工業,7,1,6,凱基-鳳山,2023-10-27,9274
3704,合勤控,6,0,6,凱基-鳳山,2023-10-27,9274
2002,中鋼,11,5,6,凱基-鳳山,2023-10-27,9274
2363,矽統,7,1,6,凱基-鳳山,2023-10-27,9274
8358,金居,8,2,6,凱基-鳳山,2023-10-27,9274
1339,昭輝,11,5,6,凱基-鳳山,2023-10-27,9274
2382,廣達,9,3,6,凱基-鳳山,2023-10-27,9274
2834,臺企銀,5,0,5,凱基-鳳山,2023-10-27,9274
2303,聯電,5,0,5,凱基-鳳山,2023-10-27,9274
3687,歐買尬,5,0,5,凱基-鳳山,2023-10-27,9274
1305,華夏,5,0,5,凱基-鳳山,2023-10-27,9274
1701,中化,6,1,5,凱基-鳳山,2023-10-27,9274
1815,富喬,8,3,5,凱基-鳳山,2023-10-27,9274
2515,中工,193,0,193,凱基-鳳山,2023-10-30,9274
2460,建通,248,124,124,凱基-鳳山,2023-10-30,9274
2317,鴻海,95,23,72,凱基-鳳山,2023-10-30,9274
00712,復華富時不動產,81,24,57,凱基-鳳山,2023-10-30,9274
2618,長榮航,54,0,54,凱基-鳳山,2023-10-30,9274
2344,華邦電,64,12,52,凱基-鳳山,2023-10-30,9274
6117,迎廣,77,28,49,凱基-鳳山,2023-10-30,9274
2356,英業達,45,8,37,凱基-鳳山,2023-10-30,9274
2485,兆赫,63,27,36,凱基-鳳山,2023-10-30,9274
2409,友達,42,7,35,凱基-鳳山,2023-10-30,9274
3481,群創,43,9,34,凱基-鳳山,2023-10-30,9274
6770,力積電,31,0,31,凱基-鳳山,2023-10-30,9274
2363,矽統,32,5,27,凱基-鳳山,2023-10-30,9274
2408,南亞科,25,0,25,凱基-鳳山,2023-10-30,9274
4960,誠美材,21,0,21,凱基-鳳山,2023-10-30,9274
00919,群益台灣精選高息,21,0,21,凱基-鳳山,2023-10-30,9274
00900,富邦特選高股息30,15,0,15,凱基-鳳山,2023-10-30,9274
3217,優群,15,0,15,凱基-鳳山,2023-10-30,9274
4906,正文,15,0,15,凱基-鳳山,2023-10-30,9274
2883,凱基金,17,3,14,凱基-鳳山,2023-10-30,9274
00885,富邦越南,14,0,14,凱基-鳳山,2023-10-30,9274
1101,台泥,14,1,13,凱基-鳳山,2023-10-30,9274
8110,華東,14,2,12,凱基-鳳山,2023-10-30,9274
2337,旺宏,18,7,11,凱基-鳳山,2023-10-30,9274
2885,元大金,11,0,11,凱基-鳳山,2023-10-30,9274
00687B,國泰20年美債,11,0,11,凱基-鳳山,2023-10-30,9274
1701,中化,11,0,11,凱基-鳳山,2023-10-30,9274
3276,宇環,11,0,11,凱基-鳳山,2023-10-30,9274
3576,聯合再生,14,4,10,凱基-鳳山,2023-10-30,9274
6005,群益證,10,0,10,凱基-鳳山,2023-10-30,9274
1471,首利,9,0,9,凱基-鳳山,2023-10-30,9274
2002,中鋼,9,0,9,凱基-鳳山,2023-10-30,9274
8054,安國,16,8,8,凱基-鳳山,2023-10-30,9274
2102,泰豐,8,0,8,凱基-鳳山,2023-10-30,9274
5439,高技,9,1,8,凱基-鳳山,2023-10-30,9274
00933B,國泰10Y+金融債,7,0,7,凱基-鳳山,2023-10-30,9274
1721,三晃,8,1,7,凱基-鳳山,2023-10-30,9274
2369,菱生,10,3,7,凱基-鳳山,2023-10-30,9274
5465,富驊,8,1,7,凱基-鳳山,2023-10-30,9274
2353,宏��,6,0,6,凱基-鳳山,2023-10-30,9274
00878,國泰永續高股息,10,5,5,凱基-鳳山,2023-10-30,9274
2637,慧洋-KY,5,0,5,凱基-鳳山,2023-10-30,9274
00720B,元大投資級公司債,5,0,5,凱基-鳳山,2023-10-30,9274
1339,昭輝,6,1,5,凱基-鳳山,2023-10-30,9274
2390,云辰,5,0,5,凱基-鳳山,2023-10-30,9274
2891,中信金,5,0,5,凱基-鳳山,2023-10-30,9274
3032,偉訓,5,0,5,凱基-鳳山,2023-10-30,9274
3669,圓展,5,0,5,凱基-鳳山,2023-10-30,9274
4532,瑞智,4,0,4,凱基-鳳山,2023-10-30,9274
1305,華夏,4,0,4,凱基-鳳山,2023-10-30,9274
2460,建通,391,170,221,凱基-鳳山,2023-10-31,9274
2515,中工,153,0,153,凱基-鳳山,2023-10-31,9274
00919,群益台灣精選高息,138,0,138,凱基-鳳山,2023-10-31,9274
2367,燿華,132,1,131,凱基-鳳山,2023-10-31,9274
2417,圓剛,175,86,89,凱基-鳳山,2023-10-31,9274
3094,聯傑,148,71,77,凱基-鳳山,2023-10-31,9274
3576,聯合再生,65,2,63,凱基-鳳山,2023-10-31,9274
00885,富邦越南,50,1,49,凱基-鳳山,2023-10-31,9274
00878,國泰永續高股息,54,6,48,凱基-鳳山,2023-10-31,9274
3041,揚智,44,0,44,凱基-鳳山,2023-10-31,9274
2344,華邦電,42,6,36,凱基-鳳山,2023-10-31,9274
2337,旺宏,46,10,36,凱基-鳳山,2023-10-31,9274
2406,國碩,34,1,33,凱基-鳳山,2023-10-31,9274
2485,兆赫,35,4,31,凱基-鳳山,2023-10-31,9274
0056,元大高股息,31,0,31,凱基-鳳山,2023-10-31,9274
00857B,永豐20年美公債,30,0,30,凱基-鳳山,2023-10-31,9274
2363,矽統,31,2,29,凱基-鳳山,2023-10-31,9274
4108,懷特,32,3,29,凱基-鳳山,2023-10-31,9274
1605,華新,26,0,26,凱基-鳳山,2023-10-31,9274
9958,世紀鋼,27,1,26,凱基-鳳山,2023-10-31,9274
2314,台揚,26,1,25,凱基-鳳山,2023-10-31,9274
3372,典範,23,0,23,凱基-鳳山,2023-10-31,9274
2801,彰銀,22,0,22,凱基-鳳山,2023-10-31,9274
00715L,期街口布蘭特正2,21,0,21,凱基-鳳山,2023-10-31,9274
6143,振曜,21,0,21,凱基-鳳山,2023-10-31,9274
1216,統一,26,5,21,凱基-鳳山,2023-10-31,9274
00676R,富邦臺灣加權反1,20,0,20,凱基-鳳山,2023-10-31,9274
1456,怡華,20,0,20,凱基-鳳山,2023-10-31,9274
8110,華東,18,0,18,凱基-鳳山,2023-10-31,9274
00922,國泰台灣領袖50,17,0,17,凱基-鳳山,2023-10-31,9274
6282,康舒,17,0,17,凱基-鳳山,2023-10-31,9274
00929,復華台灣科技優息,68,52,16,凱基-鳳山,2023-10-31,9274
00712,復華富時不動產,15,0,15,凱基-鳳山,2023-10-31,9274
1524,耿鼎,22,8,14,凱基-鳳山,2023-10-31,9274
3260,威剛,19,6,13,凱基-鳳山,2023-10-31,9274
6191,精成科,17,4,13,凱基-鳳山,2023-10-31,9274
6411,晶焱,13,0,13,凱基-鳳山,2023-10-31,9274
2618,長榮航,14,1,13,凱基-鳳山,2023-10-31,9274
2356,英業達,27,15,12,凱基-鳳山,2023-10-31,9274
2369,菱生,31,19,12,凱基-鳳山,2023-10-31,9274
2887,台新金,16,4,12,凱基-鳳山,2023-10-31,9274
6485,點序,12,0,12,凱基-鳳山,2023-10-31,9274
3231,緯創,25,14,11,凱基-鳳山,2023-10-31,9274
8054,安國,15,4,11,凱基-鳳山,2023-10-31,9274
6005,群益證,11,0,11,凱基-鳳山,2023-10-31,9274
3176,基亞,12,1,11,凱基-鳳山,2023-10-31,9274
5521,工信,15,4,11,凱基-鳳山,2023-10-31,9274
6285,啟��,11,0,11,凱基-鳳山,2023-10-31,9274
00930,永豐ESG低碳高息,10,0,10,凱基-鳳山,2023-10-31,9274
2208,台船,10,0,10,凱基-鳳山,2023-10-31,9274
2460,建通,283,125,158,凱基-鳳山,2023-11-01,9274
2515,中工,150,2,148,凱基-鳳山,2023-11-01,9274
3062,建漢,145,0,145,凱基-鳳山,2023-11-01,9274
00712,復華富時不動產,98,0,98,凱基-鳳山,2023-11-01,9274
2409,友達,70,2,68,凱基-鳳山,2023-11-01,9274
00687B,國泰20年美債,66,0,66,凱基-鳳山,2023-11-01,9274
2353,宏��,62,0,62,凱基-鳳山,2023-11-01,9274
6191,精成科,46,3,43,凱基-鳳山,2023-11-01,9274
00885,富邦越南,44,2,42,凱基-鳳山,2023-11-01,9274
00680L,元大美債20正2,30,0,30,凱基-鳳山,2023-11-01,9274
00679B,元大美債20年,138,110,28,凱基-鳳山,2023-11-01,9274
00715L,期街口布蘭特正2,28,0,28,凱基-鳳山,2023-11-01,9274
3014,聯陽,222,196,26,凱基-鳳山,2023-11-01,9274
00929,復華台灣科技優息,35,11,24,凱基-鳳山,2023-11-01,9274
0056,元大高股息,43,21,22,凱基-鳳山,2023-11-01,9274
00631L,元大台灣50正2,21,0,21,凱基-鳳山,2023-11-01,9274
1721,三晃,22,2,20,凱基-鳳山,2023-11-01,9274
2474,可成,19,0,19,凱基-鳳山,2023-11-01,9274
2485,兆赫,23,4,19,凱基-鳳山,2023-11-01,9274
2344,華邦電,17,1,16,凱基-鳳山,2023-11-01,9274
2610,華航,24,10,14,凱基-鳳山,2023-11-01,9274
00878,國泰永續高股息,21,7,14,凱基-鳳山,2023-11-01,9274
8110,華東,72,58,14,凱基-鳳山,2023-11-01,9274
2427,三商電,13,0,13,凱基-鳳山,2023-11-01,9274
2369,菱生,24,13,11,凱基-鳳山,2023-11-01,9274
2637,慧洋-KY,11,0,11,凱基-鳳山,2023-11-01,9274
3715,定穎投控,23,12,11,凱基-鳳山,2023-11-01,9274
00720B,元大投資級公司債,10,0,10,凱基-鳳山,2023-11-01,9274
00664R,國泰臺灣加權反1,10,0,10,凱基-鳳山,2023-11-01,9274
3276,宇環,10,0,10,凱基-鳳山,2023-11-01,9274
00933B,國泰10Y+金融債,8,0,8,凱基-鳳山,2023-11-01,9274
2358,廷鑫,10,2,8,凱基-鳳山,2023-11-01,9274
9105,泰金寶-DR,10,2,8,凱基-鳳山,2023-11-01,9274
2543,皇昌,6,0,6,凱基-鳳山,2023-11-01,9274
1216,統一,17,11,6,凱基-鳳山,2023-11-01,9274
00931B,統一美債20年,6,0,6,凱基-鳳山,2023-11-01,9274
1701,中化,6,0,6,凱基-鳳山,2023-11-01,9274
2412,中華電,6,0,6,凱基-鳳山,2023-11-01,9274
6276,安鈦克,35,29,6,凱基-鳳山,2023-11-01,9274
00934,中信成長高股息,27,22,5,凱基-鳳山,2023-11-01,9274
2892,第一金,5,0,5,凱基-鳳山,2023-11-01,9274
3483,力致,5,0,5,凱基-鳳山,2023-11-01,9274
6129,普誠,5,0,5,凱基-鳳山,2023-11-01,9274
6216,居易,6,1,5,凱基-鳳山,2023-11-01,9274
2368,金像電,5,0,5,凱基-鳳山,2023-11-01,9274
8054,安國,9,4,5,凱基-鳳山,2023-11-01,9274
2382,廣達,11,6,5,凱基-鳳山,2023-11-01,9274
4915,致伸,5,0,5,凱基-鳳山,2023-11-01,9274
00935,野村臺灣新科技50,4,0,4,凱基-鳳山,2023-11-01,9274
1342,八貫,4,0,4,凱基-鳳山,2023-11-01,9274
2460,建通,374,193,181,凱基-鳳山,2023-11-02,9274
2515,中工,87,19,68,凱基-鳳山,2023-11-02,9274
1723,中碳,41,1,40,凱基-鳳山,2023-11-02,9274
2461,光群雷,40,0,40,凱基-鳳山,2023-11-02,9274
00885,富邦越南,44,14,30,凱基-鳳山,2023-11-02,9274
2363,矽統,45,19,26,凱基-鳳山,2023-11-02,9274
00933B,國泰10Y+金融債,27,1,26,凱基-鳳山,2023-11-02,9274
2356,英業達,26,3,23,凱基-鳳山,2023-11-02,9274
2634,漢翔,24,3,21,凱基-鳳山,2023-11-02,9274
00934,中信成長高股息,21,1,20,凱基-鳳山,2023-11-02,9274
00688L,國泰20年美債正2,20,0,20,凱基-鳳山,2023-11-02,9274
6156,松上,21,1,20,凱基-鳳山,2023-11-02,9274
3362,先進光,20,0,20,凱基-鳳山,2023-11-02,9274
00712,復華富時不動產,20,1,19,凱基-鳳山,2023-11-02,9274
00878,國泰永續高股息,20,4,16,凱基-鳳山,2023-11-02,9274
6202,盛群,14,0,14,凱基-鳳山,2023-11-02,9274
2327,國巨,13,1,12,凱基-鳳山,2023-11-02,9274
2498,宏達電,11,0,11,凱基-鳳山,2023-11-02,9274
3591,艾笛森,11,0,11,凱基-鳳山,2023-11-02,9274
00715L,期街口布蘭特正2,30,20,10,凱基-鳳山,2023-11-02,9274
2332,友訊,10,0,10,凱基-鳳山,2023-11-02,9274
5351,鈺創,10,0,10,凱基-鳳山,2023-11-02,9274
6168,宏齊,11,1,10,凱基-鳳山,2023-11-02,9274
4304,勝昱,9,0,9,凱基-鳳山,2023-11-02,9274
3217,優群,11,3,8,凱基-鳳山,2023-11-02,9274
00679B,元大美債20年,14,7,7,凱基-鳳山,2023-11-02,9274
2301,光寶科,9,2,7,凱基-鳳山,2023-11-02,9274
3062,建漢,74,67,7,凱基-鳳山,2023-11-02,9274
3122,笙泉,10,3,7,凱基-鳳山,2023-11-02,9274
8110,華東,7,0,7,凱基-鳳山,2023-11-02,9274
2317,鴻海,8,2,6,凱基-鳳山,2023-11-02,9274
00921,兆豐龍頭等權重,6,0,6,凱基-鳳山,2023-11-02,9274
2201,裕隆,7,1,6,凱基-鳳山,2023-11-02,9274
2485,兆赫,10,4,6,凱基-鳳山,2023-11-02,9274
3704,合勤控,7,1,6,凱基-鳳山,2023-11-02,9274
6112,邁達特,6,0,6,凱基-鳳山,2023-11-02,9274
8215,明基材,6,0,6,凱基-鳳山,2023-11-02,9274
6116,彩晶,5,0,5,凱基-鳳山,2023-11-02,9274
3231,緯創,21,16,5,凱基-鳳山,2023-11-02,9274
1314,中石化,7,2,5,凱基-鳳山,2023-11-02,9274
00664R,國泰臺灣加權反1,5,0,5,凱基-鳳山,2023-11-02,9274
1720,生達,5,0,5,凱基-鳳山,2023-11-02,9274
3324,雙鴻,7,2,5,凱基-鳳山,2023-11-02,9274
3346,麗清,5,0,5,凱基-鳳山,2023-11-02,9274
5478,智冠,5,0,5,凱基-鳳山,2023-11-02,9274
6216,居易,6,1,5,凱基-鳳山,2023-11-02,9274
6244,茂迪,5,0,5,凱基-鳳山,2023-11-02,9274
8089,康全電訊,5,0,5,凱基-鳳山,2023-11-02,9274
9907,統一實,5,0,5,凱基-鳳山,2023-11-02,9274
6443,元晶,5,0,5,凱基-鳳山,2023-11-02,9274
00919,群益台灣精選高息,248,8,240,凱基-鳳山,2023-11-03,9274
2460,建通,342,160,182,凱基-鳳山,2023-11-03,9274
3014,聯陽,236,122,114,凱基-鳳山,2023-11-03,9274
2905,三商,102,5,97,凱基-鳳山,2023-11-03,9274
3481,群創,96,26,70,凱基-鳳山,2023-11-03,9274
00878,國泰永續高股息,60,11,49,凱基-鳳山,2023-11-03,9274
1101,台泥,50,4,46,凱基-鳳山,2023-11-03,9274
6530,創威,29,0,29,凱基-鳳山,2023-11-03,9274
2455,全新,30,4,26,凱基-鳳山,2023-11-03,9274
2498,宏達電,41,15,26,凱基-鳳山,2023-11-03,9274
00929,復華台灣科技優息,30,8,22,凱基-鳳山,2023-11-03,9274
2363,矽統,241,219,22,凱基-鳳山,2023-11-03,9274
00665L,富邦�琤肭磪囓�2,20,0,20,凱基-鳳山,2023-11-03,9274
4162,智擎,20,0,20,凱基-鳳山,2023-11-03,9274
5426,振發,20,0,20,凱基-鳳山,2023-11-03,9274
00935,野村臺灣新科技50,19,0,19,凱基-鳳山,2023-11-03,9274
5351,鈺創,23,4,19,凱基-鳳山,2023-11-03,9274
3231,緯創,25,7,18,凱基-鳳山,2023-11-03,9274
2313,華通,23,5,18,凱基-鳳山,2023-11-03,9274
3094,聯傑,23,6,17,凱基-鳳山,2023-11-03,9274
2888,新光金,16,0,16,凱基-鳳山,2023-11-03,9274
3372,典範,16,0,16,凱基-鳳山,2023-11-03,9274
6274,台燿,20,5,15,凱基-鳳山,2023-11-03,9274
3591,艾笛森,37,22,15,凱基-鳳山,2023-11-03,9274
2515,中工,19,5,14,凱基-鳳山,2023-11-03,9274
2317,鴻海,30,17,13,凱基-鳳山,2023-11-03,9274
00679B,元大美債20年,16,3,13,凱基-鳳山,2023-11-03,9274
2358,廷鑫,13,0,13,凱基-鳳山,2023-11-03,9274
1301,台塑,12,0,12,凱基-鳳山,2023-11-03,9274
2489,瑞軒,12,0,12,凱基-鳳山,2023-11-03,9274
6237,驊訊,15,4,11,凱基-鳳山,2023-11-03,9274
1717,長興,10,0,10,凱基-鳳山,2023-11-03,9274
1737,臺鹽,10,0,10,凱基-鳳山,2023-11-03,9274
2344,華邦電,12,2,10,凱基-鳳山,2023-11-03,9274
3701,大眾控,10,0,10,凱基-鳳山,2023-11-03,9274
2208,台船,10,1,9,凱基-鳳山,2023-11-03,9274
2439,美律,10,2,8,凱基-鳳山,2023-11-03,9274
00751B,元大AAA至A公司債,7,0,7,凱基-鳳山,2023-11-03,9274
2002,中鋼,13,6,7,凱基-鳳山,2023-11-03,9274
6446,藥華藥,9,2,7,凱基-鳳山,2023-11-03,9274
8215,明基材,7,0,7,凱基-鳳山,2023-11-03,9274
00934,中信成長高股息,30,24,6,凱基-鳳山,2023-11-03,9274
2601,益航,6,0,6,凱基-鳳山,2023-11-03,9274
3176,基亞,7,1,6,凱基-鳳山,2023-11-03,9274
4304,勝昱,6,0,6,凱基-鳳山,2023-11-03,9274
8089,康全電訊,6,0,6,凱基-鳳山,2023-11-03,9274
8150,南茂,8,2,6,凱基-鳳山,2023-11-03,9274
1720,生達,5,0,5,凱基-鳳山,2023-11-03,9274
2014,中鴻,5,0,5,凱基-鳳山,2023-11-03,9274
2104,國際中橡,5,0,5,凱基-鳳山,2023-11-03,9274
2460,建通,198,86,112,凱基-鳳山,2023-11-06,9274
00715L,期街口布蘭特正2,102,0,102,凱基-鳳山,2023-11-06,9274
00632R,元大台灣50反1,100,0,100,凱基-鳳山,2023-11-06,9274
1712,興農,70,0,70,凱基-鳳山,2023-11-06,9274
2461,光群雷,55,0,55,凱基-鳳山,2023-11-06,9274
00637L,元大滬深300正2,50,0,50,凱基-鳳山,2023-11-06,9274
00878,國泰永續高股息,55,6,49,凱基-鳳山,2023-11-06,9274
3715,定穎投控,63,21,42,凱基-鳳山,2023-11-06,9274
6226,光鼎,52,10,42,凱基-鳳山,2023-11-06,9274
2888,新光金,51,10,41,凱基-鳳山,2023-11-06,9274
00934,中信成長高股息,40,4,36,凱基-鳳山,2023-11-06,9274
00679B,元大美債20年,31,2,29,凱基-鳳山,2023-11-06,9274
2618,長榮航,58,30,28,凱基-鳳山,2023-11-06,9274
6530,創威,27,1,26,凱基-鳳山,2023-11-06,9274
00935,野村臺灣新科技50,24,1,23,凱基-鳳山,2023-11-06,9274
2388,威盛,91,69,22,凱基-鳳山,2023-11-06,9274
00687B,國泰20年美債,24,2,22,凱基-鳳山,2023-11-06,9274
3231,緯創,31,10,21,凱基-鳳山,2023-11-06,9274
00673R,期元大S＆P原油反1,20,2,18,凱基-鳳山,2023-11-06,9274
3105,穩懋,18,0,18,凱基-鳳山,2023-11-06,9274
00919,群益台灣精選高息,31,15,16,凱基-鳳山,2023-11-06,9274
8089,康全電訊,15,0,15,凱基-鳳山,2023-11-06,9274
2329,華泰,23,9,14,凱基-鳳山,2023-11-06,9274
1456,怡華,13,0,13,凱基-鳳山,2023-11-06,9274
2027,大成鋼,13,0,13,凱基-鳳山,2023-11-06,9274
00688L,國泰20年美債正2,12,0,12,凱基-鳳山,2023-11-06,9274
2314,台揚,12,1,11,凱基-鳳山,2023-11-06,9274
2356,英業達,19,8,11,凱基-鳳山,2023-11-06,9274
1314,中石化,10,0,10,凱基-鳳山,2023-11-06,9274
2002,中鋼,18,8,10,凱基-鳳山,2023-11-06,9274
2208,台船,10,0,10,凱基-鳳山,2023-11-06,9274
2867,三商壽,10,0,10,凱基-鳳山,2023-11-06,9274
2897,王道銀行,10,0,10,凱基-鳳山,2023-11-06,9274
5340,建榮,11,1,10,凱基-鳳山,2023-11-06,9274
6005,群益證,10,0,10,凱基-鳳山,2023-11-06,9274
8150,南茂,11,1,10,凱基-鳳山,2023-11-06,9274
8201,無敵,10,0,10,凱基-鳳山,2023-11-06,9274
2615,萬海,11,1,10,凱基-鳳山,2023-11-06,9274
1785,光洋科,9,0,9,凱基-鳳山,2023-11-06,9274
2486,一詮,13,4,9,凱基-鳳山,2023-11-06,9274
2317,鴻海,11,3,8,凱基-鳳山,2023-11-06,9274
00720B,元大投資級公司債,8,0,8,凱基-鳳山,2023-11-06,9274
6285,啟��,19,11,8,凱基-鳳山,2023-11-06,9274
2453,凌群,16,9,7,凱基-鳳山,2023-11-06,9274
00885,富邦越南,7,0,7,凱基-鳳山,2023-11-06,9274
1609,大亞,9,2,7,凱基-鳳山,2023-11-06,9274
1437,勤益控,10,4,6,凱基-鳳山,2023-11-06,9274
1504,東元,6,0,6,凱基-鳳山,2023-11-06,9274
1701,中化,6,0,6,凱基-鳳山,2023-11-06,9274
2369,菱生,13,7,6,凱基-鳳山,2023-11-06,9274
2460,建通,286,93,193,凱基-鳳山,2023-11-07,9274
00679B,元大美債20年,83,2,81,凱基-鳳山,2023-11-07,9274
3715,定穎投控,65,1,64,凱基-鳳山,2023-11-07,9274
00715L,期街口布蘭特正2,41,0,41,凱基-鳳山,2023-11-07,9274
3062,建漢,40,0,40,凱基-鳳山,2023-11-07,9274
2328,廣宇,34,0,34,凱基-鳳山,2023-11-07,9274
2498,宏達電,35,2,33,凱基-鳳山,2023-11-07,9274
3481,群創,44,13,31,凱基-鳳山,2023-11-07,9274
6530,創威,36,5,31,凱基-鳳山,2023-11-07,9274
2317,鴻海,31,5,26,凱基-鳳山,2023-11-07,9274
2409,友達,26,0,26,凱基-鳳山,2023-11-07,9274
2390,云辰,25,0,25,凱基-鳳山,2023-11-07,9274
8089,康全電訊,30,6,24,凱基-鳳山,2023-11-07,9274
00878,國泰永續高股息,32,10,22,凱基-鳳山,2023-11-07,9274
6226,光鼎,22,0,22,凱基-鳳山,2023-11-07,9274
3176,基亞,20,1,19,凱基-鳳山,2023-11-07,9274
5607,遠雄港,20,1,19,凱基-鳳山,2023-11-07,9274
8110,華東,29,10,19,凱基-鳳山,2023-11-07,9274
00631L,元大台灣50正2,18,0,18,凱基-鳳山,2023-11-07,9274
2002,中鋼,17,0,17,凱基-鳳山,2023-11-07,9274
8183,精星,15,0,15,凱基-鳳山,2023-11-07,9274
2884,玉山金,15,1,14,凱基-鳳山,2023-11-07,9274
2401,凌陽,38,25,13,凱基-鳳山,2023-11-07,9274
2359,所羅門,11,0,11,凱基-鳳山,2023-11-07,9274
2421,建準,58,47,11,凱基-鳳山,2023-11-07,9274
6202,盛群,12,1,11,凱基-鳳山,2023-11-07,9274
00929,復華台灣科技優息,11,1,10,凱基-鳳山,2023-11-07,9274
00665L,富邦�琤肭磪囓�2,10,0,10,凱基-鳳山,2023-11-07,9274
3265,台星科,10,0,10,凱基-鳳山,2023-11-07,9274
4707,磐亞,10,0,10,凱基-鳳山,2023-11-07,9274
4919,新唐,10,0,10,凱基-鳳山,2023-11-07,9274
6152,百一,10,0,10,凱基-鳳山,2023-11-07,9274
6233,旺玖,10,0,10,凱基-鳳山,2023-11-07,9274
9924,福興,10,0,10,凱基-鳳山,2023-11-07,9274
3548,兆利,11,2,9,凱基-鳳山,2023-11-07,9274
6237,驊訊,35,26,9,凱基-鳳山,2023-11-07,9274
1314,中石化,10,2,8,凱基-鳳山,2023-11-07,9274
2363,矽統,47,39,8,凱基-鳳山,2023-11-07,9274
2605,新興,7,0,7,凱基-鳳山,2023-11-07,9274
1731,美吾華,9,2,7,凱基-鳳山,2023-11-07,9274
3694,海華,9,2,7,凱基-鳳山,2023-11-07,9274
1324,地球,6,0,6,凱基-鳳山,2023-11-07,9274
1721,三晃,11,5,6,凱基-鳳山,2023-11-07,9274
2419,仲琦,6,0,6,凱基-鳳山,2023-11-07,9274
2610,華航,21,15,6,凱基-鳳山,2023-11-07,9274
4746,台耀,6,0,6,凱基-鳳山,2023-11-07,9274
2801,彰銀,10,4,6,凱基-鳳山,2023-11-07,9274
2482,連宇,5,0,5,凱基-鳳山,2023-11-07,9274
1456,怡華,5,0,5,凱基-鳳山,2023-11-07,9274
00934,中信成長高股息,5,0,5,凱基-鳳山,2023-11-07,9274
2515,中工,247,0,247,凱基-鳳山,2023-11-08,9274
2460,建通,228,68,160,凱基-鳳山,2023-11-08,9274
3481,群創,113,3,110,凱基-鳳山,2023-11-08,9274
2363,矽統,199,103,96,凱基-鳳山,2023-11-08,9274
1513,中興電,93,0,93,凱基-鳳山,2023-11-08,9274
00673R,期元大S＆P原油反1,102,18,84,凱基-鳳山,2023-11-08,9274
3062,建漢,76,0,76,凱基-鳳山,2023-11-08,9274
2014,中鴻,56,0,56,凱基-鳳山,2023-11-08,9274
6770,力積電,56,1,55,凱基-鳳山,2023-11-08,9274
2409,友達,50,0,50,凱基-鳳山,2023-11-08,9274
3715,定穎投控,57,8,49,凱基-鳳山,2023-11-08,9274
00715L,期街口布蘭特正2,50,7,43,凱基-鳳山,2023-11-08,9274
00712,復華富時不動產,40,0,40,凱基-鳳山,2023-11-08,9274
6290,良維,73,33,40,凱基-鳳山,2023-11-08,9274
2618,長榮航,104,73,31,凱基-鳳山,2023-11-08,9274
2610,華航,31,1,30,凱基-鳳山,2023-11-08,9274
6005,群益證,25,0,25,凱基-鳳山,2023-11-08,9274
1456,怡華,24,0,24,凱基-鳳山,2023-11-08,9274
1815,富喬,25,3,22,凱基-鳳山,2023-11-08,9274
2461,光群雷,21,0,21,凱基-鳳山,2023-11-08,9274
4938,和碩,21,0,21,凱基-鳳山,2023-11-08,9274
6187,萬潤,21,0,21,凱基-鳳山,2023-11-08,9274
1504,東元,20,0,20,凱基-鳳山,2023-11-08,9274
2305,全友,20,0,20,凱基-鳳山,2023-11-08,9274
4108,懷特,20,0,20,凱基-鳳山,2023-11-08,9274
5347,世界,32,12,20,凱基-鳳山,2023-11-08,9274
1714,和桐,19,0,19,凱基-鳳山,2023-11-08,9274
3041,揚智,18,0,18,凱基-鳳山,2023-11-08,9274
2337,旺宏,20,3,17,凱基-鳳山,2023-11-08,9274
2488,漢平,16,1,15,凱基-鳳山,2023-11-08,9274
2897,王道銀行,15,0,15,凱基-鳳山,2023-11-08,9274
2303,聯電,15,1,14,凱基-鳳山,2023-11-08,9274
5351,鈺創,13,0,13,凱基-鳳山,2023-11-08,9274
00929,復華台灣科技優息,35,23,12,凱基-鳳山,2023-11-08,9274
2388,威盛,28,16,12,凱基-鳳山,2023-11-08,9274
1471,首利,12,1,11,凱基-鳳山,2023-11-08,9274
1609,大亞,21,10,11,凱基-鳳山,2023-11-08,9274
3032,偉訓,26,15,11,凱基-鳳山,2023-11-08,9274
4162,智擎,20,9,11,凱基-鳳山,2023-11-08,9274
1608,華榮,10,0,10,凱基-鳳山,2023-11-08,9274
2208,台船,10,0,10,凱基-鳳山,2023-11-08,9274
3630,新鉅科,10,0,10,凱基-鳳山,2023-11-08,9274
5258,虹堡,16,6,10,凱基-鳳山,2023-11-08,9274
2883,凱基金,14,4,10,凱基-鳳山,2023-11-08,9274
3545,敦泰,29,20,9,凱基-鳳山,2023-11-08,9274
3234,光環,8,0,8,凱基-鳳山,2023-11-08,9274
3483,力致,11,3,8,凱基-鳳山,2023-11-08,9274
8046,南電,7,0,7,凱基-鳳山,2023-11-08,9274
2609,陽明,8,1,7,凱基-鳳山,2023-11-08,9274
3002,歐格,7,0,7,凱基-鳳山,2023-11-08,9274
3014,聯陽,609,261,348,凱基-鳳山,2023-11-09,9274
3481,群創,106,0,106,凱基-鳳山,2023-11-09,9274
2460,建通,141,45,96,凱基-鳳山,2023-11-09,9274
00936,台新永續高息中小,61,0,61,凱基-鳳山,2023-11-09,9274
2329,華泰,86,35,51,凱基-鳳山,2023-11-09,9274
3033,威健,50,0,50,凱基-鳳山,2023-11-09,9274
3264,欣銓,43,1,42,凱基-鳳山,2023-11-09,9274
00715L,期街口布蘭特正2,41,0,41,凱基-鳳山,2023-11-09,9274
2363,矽統,97,59,38,凱基-鳳山,2023-11-09,9274
3062,建漢,37,0,37,凱基-鳳山,2023-11-09,9274
00902,中信電池及儲能,35,0,35,凱基-鳳山,2023-11-09,9274
6143,振曜,33,0,33,凱基-鳳山,2023-11-09,9274
6116,彩晶,30,0,30,凱基-鳳山,2023-11-09,9274
1314,中石化,28,0,28,凱基-鳳山,2023-11-09,9274
2331,精英,33,7,26,凱基-鳳山,2023-11-09,9274
5608,四維航,24,0,24,凱基-鳳山,2023-11-09,9274
4167,松瑞藥,22,0,22,凱基-鳳山,2023-11-09,9274
4909,新復興,20,0,20,凱基-鳳山,2023-11-09,9274
6223,旺矽,20,0,20,凱基-鳳山,2023-11-09,9274
00885,富邦越南,20,1,19,凱基-鳳山,2023-11-09,9274
00720B,元大投資級公司債,21,2,19,凱基-鳳山,2023-11-09,9274
00929,復華台灣科技優息,34,21,13,凱基-鳳山,2023-11-09,9274
2390,云辰,12,0,12,凱基-鳳山,2023-11-09,9274
2498,宏達電,12,0,12,凱基-鳳山,2023-11-09,9274
4967,十銓,16,6,10,凱基-鳳山,2023-11-09,9274
1456,怡華,10,0,10,凱基-鳳山,2023-11-09,9274
2340,台亞,10,0,10,凱基-鳳山,2023-11-09,9274
2820,華票,10,0,10,凱基-鳳山,2023-11-09,9274
3276,宇環,10,0,10,凱基-鳳山,2023-11-09,9274
4414,如興,10,0,10,凱基-鳳山,2023-11-09,9274
5521,工信,10,0,10,凱基-鳳山,2023-11-09,9274
8072,陞泰,10,0,10,凱基-鳳山,2023-11-09,9274
2455,全新,11,2,9,凱基-鳳山,2023-11-09,9274
5348,正能量智能,9,0,9,凱基-鳳山,2023-11-09,9274
6530,創威,21,12,9,凱基-鳳山,2023-11-09,9274
6125,廣運,11,3,8,凱基-鳳山,2023-11-09,9274
6180,橘子,8,0,8,凱基-鳳山,2023-11-09,9274
3231,緯創,109,102,7,凱基-鳳山,2023-11-09,9274
2399,映泰,18,11,7,凱基-鳳山,2023-11-09,9274
1522,堤維西,36,30,6,凱基-鳳山,2023-11-09,9274
2484,希華,6,0,6,凱基-鳳山,2023-11-09,9274
3680,家登,9,3,6,凱基-鳳山,2023-11-09,9274
4104,佳醫,6,0,6,凱基-鳳山,2023-11-09,9274
4532,瑞智,6,0,6,凱基-鳳山,2023-11-09,9274
6292,迅德,6,0,6,凱基-鳳山,2023-11-09,9274
00688L,國泰20年美債正2,5,0,5,凱基-鳳山,2023-11-09,9274
2102,泰豐,5,0,5,凱基-鳳山,2023-11-09,9274
2208,台船,5,0,5,凱基-鳳山,2023-11-09,9274
2609,陽明,6,1,5,凱基-鳳山,2023-11-09,9274
3013,晟銘電,40,35,5,凱基-鳳山,2023-11-09,9274
3047,訊舟,563,0,563,凱基-鳳山,2023-11-10,9274
3231,緯創,158,37,121,凱基-鳳山,2023-11-10,9274
00687B,國泰20年美債,102,18,84,凱基-鳳山,2023-11-10,9274
3062,建漢,82,0,82,凱基-鳳山,2023-11-10,9274
2344,華邦電,56,0,56,凱基-鳳山,2023-11-10,9274
2903,遠百,50,0,50,凱基-鳳山,2023-11-10,9274
2460,建通,142,96,46,凱基-鳳山,2023-11-10,9274
00929,復華台灣科技優息,47,2,45,凱基-鳳山,2023-11-10,9274
6589,台康生技,27,0,27,凱基-鳳山,2023-11-10,9274
3715,定穎投控,28,3,25,凱基-鳳山,2023-11-10,9274
00878,國泰永續高股息,30,6,24,凱基-鳳山,2023-11-10,9274
4162,智擎,30,6,24,凱基-鳳山,2023-11-10,9274
00679B,元大美債20年,24,2,22,凱基-鳳山,2023-11-10,9274
4552,力達-KY,22,0,22,凱基-鳳山,2023-11-10,9274
00891,中信關鍵半導體,20,0,20,凱基-鳳山,2023-11-10,9274
00680L,元大美債20正2,16,0,16,凱基-鳳山,2023-11-10,9274
4304,勝昱,51,35,16,凱基-鳳山,2023-11-10,9274
00631L,元大台灣50正2,15,0,15,凱基-鳳山,2023-11-10,9274
1456,怡華,15,0,15,凱基-鳳山,2023-11-10,9274
1529,樂事綠能,15,0,15,凱基-鳳山,2023-11-10,9274
2201,裕隆,20,5,15,凱基-鳳山,2023-11-10,9274
3014,聯陽,306,291,15,凱基-鳳山,2023-11-10,9274
00751B,元大AAA至A公司債,14,0,14,凱基-鳳山,2023-11-10,9274
2615,萬海,16,2,14,凱基-鳳山,2023-11-10,9274
9958,世紀鋼,36,23,13,凱基-鳳山,2023-11-10,9274
00933B,國泰10Y+金融債,13,0,13,凱基-鳳山,2023-11-10,9274
6442,光聖,13,0,13,凱基-鳳山,2023-11-10,9274
6535,順藥,13,0,13,凱基-鳳山,2023-11-10,9274
8011,台通,13,0,13,凱基-鳳山,2023-11-10,9274
4743,合一,31,18,13,凱基-鳳山,2023-11-10,9274
00934,中信成長高股息,12,0,12,凱基-鳳山,2023-11-10,9274
2014,中鴻,12,0,12,凱基-鳳山,2023-11-10,9274
00850,元大臺灣ESG永續,11,0,11,凱基-鳳山,2023-11-10,9274
2390,云辰,11,0,11,凱基-鳳山,2023-11-10,9274
3591,艾笛森,11,0,11,凱基-鳳山,2023-11-10,9274
1437,勤益控,10,0,10,凱基-鳳山,2023-11-10,9274
1522,堤維西,12,2,10,凱基-鳳山,2023-11-10,9274
2488,漢平,10,0,10,凱基-鳳山,2023-11-10,9274
3045,台灣大,10,0,10,凱基-鳳山,2023-11-10,9274
6216,居易,12,2,10,凱基-鳳山,2023-11-10,9274
2382,廣達,11,2,9,凱基-鳳山,2023-11-10,9274
1216,統一,9,0,9,凱基-鳳山,2023-11-10,9274
1303,南亞,10,1,9,凱基-鳳山,2023-11-10,9274
2369,菱生,10,1,9,凱基-鳳山,2023-11-10,9274
2486,一詮,9,0,9,凱基-鳳山,2023-11-10,9274
6016,康和證,10,1,9,凱基-鳳山,2023-11-10,9274
1710,東聯,10,2,8,凱基-鳳山,2023-11-10,9274
2345,智邦,9,1,8,凱基-鳳山,2023-11-10,9274
2618,長榮航,48,40,8,凱基-鳳山,2023-11-10,9274
3706,神達,10,2,8,凱基-鳳山,2023-11-10,9274
3047,訊舟,340,0,340,凱基-鳳山,2023-11-13,9274
2634,漢翔,166,1,165,凱基-鳳山,2023-11-13,9274
2515,中工,111,4,107,凱基-鳳山,2023-11-13,9274
2618,長榮航,120,54,66,凱基-鳳山,2023-11-13,9274
3078,僑威,64,0,64,凱基-鳳山,2023-11-13,9274
00687B,國泰20年美債,61,2,59,凱基-鳳山,2023-11-13,9274
00878,國泰永續高股息,57,0,57,凱基-鳳山,2023-11-13,9274
2313,華通,110,56,54,凱基-鳳山,2023-11-13,9274
3481,群創,71,21,50,凱基-鳳山,2023-11-13,9274
2884,玉山金,46,1,45,凱基-鳳山,2023-11-13,9274
4552,力達-KY,40,0,40,凱基-鳳山,2023-11-13,9274
2329,華泰,39,6,33,凱基-鳳山,2023-11-13,9274
6156,松上,30,0,30,凱基-鳳山,2023-11-13,9274
4128,中天,30,2,28,凱基-鳳山,2023-11-13,9274
3591,艾笛森,46,20,26,凱基-鳳山,2023-11-13,9274
2460,建通,103,78,25,凱基-鳳山,2023-11-13,9274
4707,磐亞,20,0,20,凱基-鳳山,2023-11-13,9274
4909,新復興,25,5,20,凱基-鳳山,2023-11-13,9274
2883,凱基金,20,1,19,凱基-鳳山,2023-11-13,9274
2891,中信金,21,2,19,凱基-鳳山,2023-11-13,9274
2889,國票金,17,0,17,凱基-鳳山,2023-11-13,9274
00936,台新永續高息中小,16,0,16,凱基-鳳山,2023-11-13,9274
4979,華星光,16,0,16,凱基-鳳山,2023-11-13,9274
2382,廣達,31,15,16,凱基-鳳山,2023-11-13,9274
4934,太極,15,0,15,凱基-鳳山,2023-11-13,9274
6290,良維,22,7,15,凱基-鳳山,2023-11-13,9274
8940,新天地,15,0,15,凱基-鳳山,2023-11-13,9274
2425,承啟,12,0,12,凱基-鳳山,2023-11-13,9274
0056,元大高股息,16,5,11,凱基-鳳山,2023-11-13,9274
2609,陽明,16,5,11,凱基-鳳山,2023-11-13,9274
6901,鑽石投資,11,0,11,凱基-鳳山,2023-11-13,9274
2027,大成鋼,10,0,10,凱基-鳳山,2023-11-13,9274
3209,全科,10,0,10,凱基-鳳山,2023-11-13,9274
3324,雙鴻,10,0,10,凱基-鳳山,2023-11-13,9274
6016,康和證,10,0,10,凱基-鳳山,2023-11-13,9274
6116,彩晶,10,0,10,凱基-鳳山,2023-11-13,9274
3363,上詮,13,3,10,凱基-鳳山,2023-11-13,9274
2363,矽統,69,60,9,凱基-鳳山,2023-11-13,9274
2301,光寶科,10,1,9,凱基-鳳山,2023-11-13,9274
2369,菱生,23,14,9,凱基-鳳山,2023-11-13,9274
3017,奇鋐,15,6,9,凱基-鳳山,2023-11-13,9274
8150,南茂,11,2,9,凱基-鳳山,2023-11-13,9274
2812,台中銀,9,0,9,凱基-鳳山,2023-11-13,9274
00720B,元大投資級公司債,8,0,8,凱基-鳳山,2023-11-13,9274
1216,統一,8,0,8,凱基-鳳山,2023-11-13,9274
00929,復華台灣科技優息,43,35,8,凱基-鳳山,2023-11-13,9274
3014,聯陽,187,180,7,凱基-鳳山,2023-11-13,9274
00919,群益台灣精選高息,8,2,6,凱基-鳳山,2023-11-13,9274
3036,文曄,6,0,6,凱基-鳳山,2023-11-13,9274
2337,旺宏,9,3,6,凱基-鳳山,2023-11-13,9274
3231,緯創,109,8,101,凱基-鳳山,2023-11-14,9274
1714,和桐,99,0,99,凱基-鳳山,2023-11-14,9274
2605,新興,51,5,46,凱基-鳳山,2023-11-14,9274
2603,長榮,59,13,46,凱基-鳳山,2023-11-14,9274
00753L,中信中國50正2,40,0,40,凱基-鳳山,2023-11-14,9274
1524,耿鼎,38,0,38,凱基-鳳山,2023-11-14,9274
1515,力山,70,33,37,凱基-鳳山,2023-11-14,9274
00675L,富邦臺灣加權正2,32,0,32,凱基-鳳山,2023-11-14,9274
4128,中天,30,0,30,凱基-鳳山,2023-11-14,9274
4552,力達-KY,30,0,30,凱基-鳳山,2023-11-14,9274
6282,康舒,31,1,30,凱基-鳳山,2023-11-14,9274
1504,東元,28,0,28,凱基-鳳山,2023-11-14,9274
2618,長榮航,28,1,27,凱基-鳳山,2023-11-14,9274
2460,建通,62,36,26,凱基-鳳山,2023-11-14,9274
2610,華航,24,2,22,凱基-鳳山,2023-11-14,9274
00933B,國泰10Y+金融債,31,10,21,凱基-鳳山,2023-11-14,9274
2402,毅嘉,26,8,18,凱基-鳳山,2023-11-14,9274
2022,聚亨,17,0,17,凱基-鳳山,2023-11-14,9274
2515,中工,16,0,16,凱基-鳳山,2023-11-14,9274
2324,仁寶,16,1,15,凱基-鳳山,2023-11-14,9274
2337,旺宏,14,0,14,凱基-鳳山,2023-11-14,9274
8105,凌巨,13,0,13,凱基-鳳山,2023-11-14,9274
9945,潤泰新,13,0,13,凱基-鳳山,2023-11-14,9274
6415,矽力*-KY,16,4,12,凱基-鳳山,2023-11-14,9274
2427,三商電,12,0,12,凱基-鳳山,2023-11-14,9274
6589,台康生技,12,0,12,凱基-鳳山,2023-11-14,9274
00751B,元大AAA至A公司債,11,0,11,凱基-鳳山,2023-11-14,9274
8478,東哥遊艇,11,0,11,凱基-鳳山,2023-11-14,9274
9904,寶成,11,0,11,凱基-鳳山,2023-11-14,9274
00882,中信中國高股息,10,0,10,凱基-鳳山,2023-11-14,9274
2468,華經,10,0,10,凱基-鳳山,2023-11-14,9274
3209,全科,10,0,10,凱基-鳳山,2023-11-14,9274
3324,雙鴻,11,1,10,凱基-鳳山,2023-11-14,9274
6223,旺矽,10,0,10,凱基-鳳山,2023-11-14,9274
6270,倍微,10,0,10,凱基-鳳山,2023-11-14,9274
8210,勤誠,11,1,10,凱基-鳳山,2023-11-14,9274
2363,矽統,91,81,10,凱基-鳳山,2023-11-14,9274
2881,富邦金,10,0,10,凱基-鳳山,2023-11-14,9274
00890B,凱基ESG BBB債,9,0,9,凱基-鳳山,2023-11-14,9274
2601,益航,10,1,9,凱基-鳳山,2023-11-14,9274
3035,智原,15,6,9,凱基-鳳山,2023-11-14,9274
6116,彩晶,11,2,9,凱基-鳳山,2023-11-14,9274
00934,中信成長高股息,7,0,7,凱基-鳳山,2023-11-14,9274
8201,無敵,7,0,7,凱基-鳳山,2023-11-14,9274
00679B,元大美債20年,7,1,6,凱基-鳳山,2023-11-14,9274
2480,敦陽科,6,0,6,凱基-鳳山,2023-11-14,9274
2606,裕民,6,0,6,凱基-鳳山,2023-11-14,9274
3322,建舜電,10,4,6,凱基-鳳山,2023-11-14,9274
4906,正文,7,1,6,凱基-鳳山,2023-11-14,9274
6176,瑞儀,6,0,6,凱基-鳳山,2023-11-14,9274
3062,建漢,75,0,75,凱基-鳳山,2023-11-15,9274
2317,鴻海,83,9,74,凱基-鳳山,2023-11-15,9274
2634,漢翔,170,103,67,凱基-鳳山,2023-11-15,9274
00632R,元大台灣50反1,65,0,65,凱基-鳳山,2023-11-15,9274
2884,玉山金,59,0,59,凱基-鳳山,2023-11-15,9274
3264,欣銓,42,3,39,凱基-鳳山,2023-11-15,9274
3715,定穎投控,142,105,37,凱基-鳳山,2023-11-15,9274
2515,中工,37,1,36,凱基-鳳山,2023-11-15,9274
00934,中信成長高股息,32,0,32,凱基-鳳山,2023-11-15,9274
1524,耿鼎,34,4,30,凱基-鳳山,2023-11-15,9274
1568,倉佑,32,2,30,凱基-鳳山,2023-11-15,9274
2460,建通,72,44,28,凱基-鳳山,2023-11-15,9274
2417,圓剛,33,8,25,凱基-鳳山,2023-11-15,9274
3276,宇環,27,4,23,凱基-鳳山,2023-11-15,9274
6187,萬潤,44,23,21,凱基-鳳山,2023-11-15,9274
00706L,期元大S＆P日圓正2,20,0,20,凱基-鳳山,2023-11-15,9274
1618,合機,26,6,20,凱基-鳳山,2023-11-15,9274
00878,國泰永續高股息,41,21,20,凱基-鳳山,2023-11-15,9274
3035,智原,33,14,19,凱基-鳳山,2023-11-15,9274
00919,群益台灣精選高息,19,0,19,凱基-鳳山,2023-11-15,9274
00929,復華台灣科技優息,34,15,19,凱基-鳳山,2023-11-15,9274
8011,台通,20,2,18,凱基-鳳山,2023-11-15,9274
1905,華紙,18,2,16,凱基-鳳山,2023-11-15,9274
4908,前鼎,21,7,14,凱基-鳳山,2023-11-15,9274
5351,鈺創,21,7,14,凱基-鳳山,2023-11-15,9274
2356,英業達,41,29,12,凱基-鳳山,2023-11-15,9274
3450,聯鈞,12,1,11,凱基-鳳山,2023-11-15,9274
2353,宏��,14,3,11,凱基-鳳山,2023-11-15,9274
2425,承啟,11,0,11,凱基-鳳山,2023-11-15,9274
3260,威剛,17,6,11,凱基-鳳山,2023-11-15,9274
9934,成霖,11,0,11,凱基-鳳山,2023-11-15,9274
2486,一詮,11,0,11,凱基-鳳山,2023-11-15,9274
2357,華碩,10,0,10,凱基-鳳山,2023-11-15,9274
00850,元大臺灣ESG永續,10,0,10,凱基-鳳山,2023-11-15,9274
2332,友訊,10,0,10,凱基-鳳山,2023-11-15,9274
2611,志信,10,0,10,凱基-鳳山,2023-11-15,9274
3324,雙鴻,14,4,10,凱基-鳳山,2023-11-15,9274
6015,宏遠證,10,0,10,凱基-鳳山,2023-11-15,9274
8261,富鼎,11,1,10,凱基-鳳山,2023-11-15,9274
6125,廣運,9,0,9,凱基-鳳山,2023-11-15,9274
00680L,元大美債20正2,11,3,8,凱基-鳳山,2023-11-15,9274
020031,統一IC設計臺灣N,8,0,8,凱基-鳳山,2023-11-15,9274
1522,堤維西,9,1,8,凱基-鳳山,2023-11-15,9274
00885,富邦越南,60,53,7,凱基-鳳山,2023-11-15,9274
00795B,中信美國公債20年,7,0,7,凱基-鳳山,2023-11-15,9274
00679B,元大美債20年,11,4,7,凱基-鳳山,2023-11-15,9274
1609,大亞,8,1,7,凱基-鳳山,2023-11-15,9274
2369,菱生,23,16,7,凱基-鳳山,2023-11-15,9274
6216,居易,7,0,7,凱基-鳳山,2023-11-15,9274
8110,華東,13,6,7,凱基-鳳山,2023-11-15,9274
3231,緯創,152,10,142,凱基-鳳山,2023-11-16,9274
00637L,元大滬深300正2,130,0,130,凱基-鳳山,2023-11-16,9274
6005,群益證,71,0,71,凱基-鳳山,2023-11-16,9274
2027,大成鋼,53,2,51,凱基-鳳山,2023-11-16,9274
00632R,元大台灣50反1,50,0,50,凱基-鳳山,2023-11-16,9274
00673R,期元大S＆P原油反1,50,0,50,凱基-鳳山,2023-11-16,9274
00680L,元大美債20正2,41,0,41,凱基-鳳山,2023-11-16,9274
2417,圓剛,165,125,40,凱基-鳳山,2023-11-16,9274
2367,燿華,40,4,36,凱基-鳳山,2023-11-16,9274
2605,新興,36,0,36,凱基-鳳山,2023-11-16,9274
2888,新光金,30,0,30,凱基-鳳山,2023-11-16,9274
2363,矽統,85,59,26,凱基-鳳山,2023-11-16,9274
00878,國泰永續高股息,30,4,26,凱基-鳳山,2023-11-16,9274
2460,建通,70,46,24,凱基-鳳山,2023-11-16,9274
00712,復華富時不動產,62,40,22,凱基-鳳山,2023-11-16,9274
00882,中信中國高股息,21,0,21,凱基-鳳山,2023-11-16,9274
00933B,國泰10Y+金融債,20,0,20,凱基-鳳山,2023-11-16,9274
00715L,期街口布蘭特正2,20,0,20,凱基-鳳山,2023-11-16,9274
00720B,元大投資級公司債,19,0,19,凱基-鳳山,2023-11-16,9274
8240,華宏,19,0,19,凱基-鳳山,2023-11-16,9274
2610,華航,34,18,16,凱基-鳳山,2023-11-16,9274
00679B,元大美債20年,15,0,15,凱基-鳳山,2023-11-16,9274
2340,台亞,15,0,15,凱基-鳳山,2023-11-16,9274
5386,青雲,16,1,15,凱基-鳳山,2023-11-16,9274
8089,康全電訊,44,29,15,凱基-鳳山,2023-11-16,9274
1605,華新,18,4,14,凱基-鳳山,2023-11-16,9274
0056,元大高股息,34,21,13,凱基-鳳山,2023-11-16,9274
2488,漢平,13,0,13,凱基-鳳山,2023-11-16,9274
2364,倫飛,15,2,13,凱基-鳳山,2023-11-16,9274
00850,元大臺灣ESG永續,12,0,12,凱基-鳳山,2023-11-16,9274
00688L,國泰20年美債正2,12,0,12,凱基-鳳山,2023-11-16,9274
6667,信紘科,13,1,12,凱基-鳳山,2023-11-16,9274
00885,富邦越南,12,0,12,凱基-鳳山,2023-11-16,9274
00935,野村臺灣新科技50,12,0,12,凱基-鳳山,2023-11-16,9274
2369,菱生,29,17,12,凱基-鳳山,2023-11-16,9274
4919,新唐,17,5,12,凱基-鳳山,2023-11-16,9274
6456,GIS-KY,14,2,12,凱基-鳳山,2023-11-16,9274
4304,勝昱,15,4,11,凱基-鳳山,2023-11-16,9274
4961,天鈺,11,0,11,凱基-鳳山,2023-11-16,9274
00921,兆豐龍頭等權重,10,0,10,凱基-鳳山,2023-11-16,9274
1568,倉佑,10,0,10,凱基-鳳山,2023-11-16,9274
2316,楠梓電,10,0,10,凱基-鳳山,2023-11-16,9274
2601,益航,10,0,10,凱基-鳳山,2023-11-16,9274
3006,晶豪科,17,7,10,凱基-鳳山,2023-11-16,9274
3325,旭品,10,0,10,凱基-鳳山,2023-11-16,9274
6223,旺矽,10,0,10,凱基-鳳山,2023-11-16,9274
00687B,國泰20年美債,9,0,9,凱基-鳳山,2023-11-16,9274
00929,復華台灣科技優息,23,14,9,凱基-鳳山,2023-11-16,9274
2439,美律,10,1,9,凱基-鳳山,2023-11-16,9274
2352,佳世達,11,3,8,凱基-鳳山,2023-11-16,9274
2515,中工,147,0,147,凱基-鳳山,2023-11-17,9274
00632R,元大台灣50反1,70,0,70,凱基-鳳山,2023-11-17,9274
3036,文曄,67,2,65,凱基-鳳山,2023-11-17,9274
3013,晟銘電,73,12,61,凱基-鳳山,2023-11-17,9274
3715,定穎投控,253,193,60,凱基-鳳山,2023-11-17,9274
2610,華航,67,11,56,凱基-鳳山,2023-11-17,9274
00715L,期街口布蘭特正2,51,0,51,凱基-鳳山,2023-11-17,9274
00665L,富邦�琤肭磪囓�2,50,0,50,凱基-鳳山,2023-11-17,9274
2356,英業達,58,10,48,凱基-鳳山,2023-11-17,9274
00885,富邦越南,48,0,48,凱基-鳳山,2023-11-17,9274
2417,圓剛,45,0,45,凱基-鳳山,2023-11-17,9274
5347,世界,56,18,38,凱基-鳳山,2023-11-17,9274
3591,艾笛森,37,0,37,凱基-鳳山,2023-11-17,9274
00642U,期元大S＆P石油,31,0,31,凱基-鳳山,2023-11-17,9274
2495,普安,30,0,30,凱基-鳳山,2023-11-17,9274
2460,建通,60,32,28,凱基-鳳山,2023-11-17,9274
9958,世紀鋼,27,0,27,凱基-鳳山,2023-11-17,9274
00712,復華富時不動產,26,0,26,凱基-鳳山,2023-11-17,9274
2369,菱生,34,9,25,凱基-鳳山,2023-11-17,9274
6550,北極星藥業-KY,30,5,25,凱基-鳳山,2023-11-17,9274
3041,揚智,358,334,24,凱基-鳳山,2023-11-17,9274
2355,敬鵬,30,8,22,凱基-鳳山,2023-11-17,9274
2884,玉山金,20,0,20,凱基-鳳山,2023-11-17,9274
00935,野村臺灣新科技50,22,3,19,凱基-鳳山,2023-11-17,9274
3483,力致,20,2,18,凱基-鳳山,2023-11-17,9274
8069,元太,21,3,18,凱基-鳳山,2023-11-17,9274
8016,矽創,30,13,17,凱基-鳳山,2023-11-17,9274
2344,華邦電,21,5,16,凱基-鳳山,2023-11-17,9274
2641,正德,17,1,16,凱基-鳳山,2023-11-17,9274
2002,中鋼,18,3,15,凱基-鳳山,2023-11-17,9274
0056,元大高股息,15,1,14,凱基-鳳山,2023-11-17,9274
00679B,元大美債20年,14,0,14,凱基-鳳山,2023-11-17,9274
00688L,國泰20年美債正2,13,0,13,凱基-鳳山,2023-11-17,9274
2337,旺宏,15,2,13,凱基-鳳山,2023-11-17,9274
4128,中天,12,0,12,凱基-鳳山,2023-11-17,9274
2516,新建,25,13,12,凱基-鳳山,2023-11-17,9274
6284,佳邦,13,1,12,凱基-鳳山,2023-11-17,9274
2834,臺企銀,12,1,11,凱基-鳳山,2023-11-17,9274
1609,大亞,11,0,11,凱基-鳳山,2023-11-17,9274
2457,飛宏,13,2,11,凱基-鳳山,2023-11-17,9274
3217,優群,11,0,11,凱基-鳳山,2023-11-17,9274
00680L,元大美債20正2,10,0,10,凱基-鳳山,2023-11-17,9274
3260,威剛,11,1,10,凱基-鳳山,2023-11-17,9274
8101,華冠,10,0,10,凱基-鳳山,2023-11-17,9274
6274,台燿,13,3,10,凱基-鳳山,2023-11-17,9274
6243,迅杰,13,4,9,凱基-鳳山,2023-11-17,9274
00687B,國泰20年美債,8,0,8,凱基-鳳山,2023-11-17,9274
2427,三商電,8,0,8,凱基-鳳山,2023-11-17,9274
2801,彰銀,16,8,8,凱基-鳳山,2023-11-17,9274
3402,漢科,9,1,8,凱基-鳳山,2023-11-17,9274
2884,玉山金,200,9,191,凱基-鳳山,2023-11-20,9274
3094,聯傑,93,3,90,凱基-鳳山,2023-11-20,9274
2303,聯電,109,32,77,凱基-鳳山,2023-11-20,9274
2356,英業達,82,14,68,凱基-鳳山,2023-11-20,9274
3481,群創,161,96,65,凱基-鳳山,2023-11-20,9274
2618,長榮航,112,47,65,凱基-鳳山,2023-11-20,9274
3047,訊舟,65,1,64,凱基-鳳山,2023-11-20,9274
2344,華邦電,73,11,62,凱基-鳳山,2023-11-20,9274
3231,緯創,84,26,58,凱基-鳳山,2023-11-20,9274
2460,建通,108,53,55,凱基-鳳山,2023-11-20,9274
2317,鴻海,55,1,54,凱基-鳳山,2023-11-20,9274
00712,復華富時不動產,59,6,53,凱基-鳳山,2023-11-20,9274
6695,芯鼎,86,34,52,凱基-鳳山,2023-11-20,9274
2314,台揚,55,5,50,凱基-鳳山,2023-11-20,9274
6187,萬潤,50,0,50,凱基-鳳山,2023-11-20,9274
00637L,元大滬深300正2,40,0,40,凱基-鳳山,2023-11-20,9274
2516,新建,42,5,37,凱基-鳳山,2023-11-20,9274
2313,華通,57,23,34,凱基-鳳山,2023-11-20,9274
2641,正德,34,1,33,凱基-鳳山,2023-11-20,9274
00919,群益台灣精選高息,29,5,24,凱基-鳳山,2023-11-20,9274
00687B,國泰20年美債,23,0,23,凱基-鳳山,2023-11-20,9274
2201,裕隆,21,0,21,凱基-鳳山,2023-11-20,9274
00688L,國泰20年美債正2,20,0,20,凱基-鳳山,2023-11-20,9274
00923,群益台ESG低碳50,19,0,19,凱基-鳳山,2023-11-20,9274
2736,富野,80,61,19,凱基-鳳山,2023-11-20,9274
5439,高技,20,1,19,凱基-鳳山,2023-11-20,9274
6125,廣運,43,25,18,凱基-鳳山,2023-11-20,9274
2363,矽統,39,23,16,凱基-鳳山,2023-11-20,9274
00680L,元大美債20正2,15,0,15,凱基-鳳山,2023-11-20,9274
2409,友達,26,11,15,凱基-鳳山,2023-11-20,9274
3545,敦泰,29,15,14,凱基-鳳山,2023-11-20,9274
6491,晶碩,13,0,13,凱基-鳳山,2023-11-20,9274
00933B,國泰10Y+金融債,11,0,11,凱基-鳳山,2023-11-20,9274
1609,大亞,13,2,11,凱基-鳳山,2023-11-20,9274
2610,華航,14,3,11,凱基-鳳山,2023-11-20,9274
5452,佶優,11,0,11,凱基-鳳山,2023-11-20,9274
8034,榮群,12,1,11,凱基-鳳山,2023-11-20,9274
2603,長榮,10,0,10,凱基-鳳山,2023-11-20,9274
2312,金寶,12,2,10,凱基-鳳山,2023-11-20,9274
2449,京元電子,18,8,10,凱基-鳳山,2023-11-20,9274
3014,聯陽,35,25,10,凱基-鳳山,2023-11-20,9274
3025,星通,17,7,10,凱基-鳳山,2023-11-20,9274
3380,明泰,10,0,10,凱基-鳳山,2023-11-20,9274
6104,創惟,10,0,10,凱基-鳳山,2023-11-20,9274
8096,擎亞,10,0,10,凱基-鳳山,2023-11-20,9274
00679B,元大美債20年,9,0,9,凱基-鳳山,2023-11-20,9274
4931,新盛力,11,2,9,凱基-鳳山,2023-11-20,9274
3034,聯詠,12,4,8,凱基-鳳山,2023-11-20,9274
2547,日勝生,10,2,8,凱基-鳳山,2023-11-20,9274
3605,宏致,8,0,8,凱基-鳳山,2023-11-20,9274
2303,聯電,175,11,164,凱基-鳳山,2023-11-21,9274
3481,群創,162,10,152,凱基-鳳山,2023-11-21,9274
3591,艾笛森,119,1,118,凱基-鳳山,2023-11-21,9274
2867,三商壽,95,2,93,凱基-鳳山,2023-11-21,9274
00632R,元大台灣50反1,80,10,70,凱基-鳳山,2023-11-21,9274
2460,建通,109,49,60,凱基-鳳山,2023-11-21,9274
5347,世界,53,3,50,凱基-鳳山,2023-11-21,9274
3715,定穎投控,209,160,49,凱基-鳳山,2023-11-21,9274
3044,健鼎,48,2,46,凱基-鳳山,2023-11-21,9274
00712,復華富時不動產,51,6,45,凱基-鳳山,2023-11-21,9274
2352,佳世達,45,0,45,凱基-鳳山,2023-11-21,9274
00885,富邦越南,45,0,45,凱基-鳳山,2023-11-21,9274
00680L,元大美債20正2,35,3,32,凱基-鳳山,2023-11-21,9274
6243,迅杰,34,3,31,凱基-鳳山,2023-11-21,9274
3094,聯傑,30,0,30,凱基-鳳山,2023-11-21,9274
5258,虹堡,42,12,30,凱基-鳳山,2023-11-21,9274
4909,新復興,25,0,25,凱基-鳳山,2023-11-21,9274
8069,元太,31,6,25,凱基-鳳山,2023-11-21,9274
2405,輔信,42,17,25,凱基-鳳山,2023-11-21,9274
2329,華泰,30,6,24,凱基-鳳山,2023-11-21,9274
5351,鈺創,61,38,23,凱基-鳳山,2023-11-21,9274
2880,華南金,21,1,20,凱基-鳳山,2023-11-21,9274
3017,奇鋐,20,0,20,凱基-鳳山,2023-11-21,9274
6112,邁達特,20,0,20,凱基-鳳山,2023-11-21,9274
2834,臺企銀,22,3,19,凱基-鳳山,2023-11-21,9274
5533,皇鼎,18,0,18,凱基-鳳山,2023-11-21,9274
4915,致伸,15,0,15,凱基-鳳山,2023-11-21,9274
6550,北極星藥業-KY,12,0,12,凱基-鳳山,2023-11-21,9274
2313,華通,83,71,12,凱基-鳳山,2023-11-21,9274
3041,揚智,83,72,11,凱基-鳳山,2023-11-21,9274
2887,台新金,20,9,11,凱基-鳳山,2023-11-21,9274
00882,中信中國高股息,10,0,10,凱基-鳳山,2023-11-21,9274
2401,凌陽,11,1,10,凱基-鳳山,2023-11-21,9274
3013,晟銘電,16,6,10,凱基-鳳山,2023-11-21,9274
4401,東隆興,10,0,10,凱基-鳳山,2023-11-21,9274
6173,信昌電,10,0,10,凱基-鳳山,2023-11-21,9274
6237,驊訊,18,8,10,凱基-鳳山,2023-11-21,9274
8088,品安,10,0,10,凱基-鳳山,2023-11-21,9274
1717,長興,10,0,10,凱基-鳳山,2023-11-21,9274
00720B,元大投資級公司債,10,0,10,凱基-鳳山,2023-11-21,9274
2421,建準,11,2,9,凱基-鳳山,2023-11-21,9274
00679B,元大美債20年,9,0,9,凱基-鳳山,2023-11-21,9274
1504,東元,18,10,8,凱基-鳳山,2023-11-21,9274
3694,海華,13,5,8,凱基-鳳山,2023-11-21,9274
3707,漢磊,10,2,8,凱基-鳳山,2023-11-21,9274
2367,燿華,30,22,8,凱基-鳳山,2023-11-21,9274
00934,中信成長高股息,7,0,7,凱基-鳳山,2023-11-21,9274
2610,華航,28,21,7,凱基-鳳山,2023-11-21,9274
6005,群益證,10,3,7,凱基-鳳山,2023-11-21,9274
8150,南茂,7,0,7,凱基-鳳山,2023-11-21,9274
3481,群創,667,0,667,凱基-鳳山,2023-11-22,9274
3231,緯創,229,8,221,凱基-鳳山,2023-11-22,9274
00632R,元大台灣50反1,243,30,213,凱基-鳳山,2023-11-22,9274
5533,皇鼎,334,195,139,凱基-鳳山,2023-11-22,9274
6770,力積電,100,0,100,凱基-鳳山,2023-11-22,9274
00933B,國泰10Y+金融債,60,0,60,凱基-鳳山,2023-11-22,9274
2356,英業達,56,3,53,凱基-鳳山,2023-11-22,9274
2883,凱基金,72,19,53,凱基-鳳山,2023-11-22,9274
2610,華航,53,1,52,凱基-鳳山,2023-11-22,9274
2002,中鋼,38,1,37,凱基-鳳山,2023-11-22,9274
00706L,期元大S＆P日圓正2,32,0,32,凱基-鳳山,2023-11-22,9274
00688L,國泰20年美債正2,32,0,32,凱基-鳳山,2023-11-22,9274
3059,華晶科,47,15,32,凱基-鳳山,2023-11-22,9274
3041,揚智,78,47,31,凱基-鳳山,2023-11-22,9274
2352,佳世達,30,0,30,凱基-鳳山,2023-11-22,9274
2618,長榮航,95,67,28,凱基-鳳山,2023-11-22,9274
2324,仁寶,29,2,27,凱基-鳳山,2023-11-22,9274
3591,艾笛森,27,0,27,凱基-鳳山,2023-11-22,9274
6187,萬潤,28,5,23,凱基-鳳山,2023-11-22,9274
2353,宏��,22,0,22,凱基-鳳山,2023-11-22,9274
2313,華通,35,14,21,凱基-鳳山,2023-11-22,9274
8034,榮群,21,0,21,凱基-鳳山,2023-11-22,9274
00919,群益台灣精選高息,19,0,19,凱基-鳳山,2023-11-22,9274
3051,力特,21,2,19,凱基-鳳山,2023-11-22,9274
2376,技嘉,20,3,17,凱基-鳳山,2023-11-22,9274
2382,廣達,19,4,15,凱基-鳳山,2023-11-22,9274
00904,新光臺灣半導體30,15,0,15,凱基-鳳山,2023-11-22,9274
2017,官田鋼,15,0,15,凱基-鳳山,2023-11-22,9274
2023,燁輝,15,0,15,凱基-鳳山,2023-11-22,9274
2460,建通,42,27,15,凱基-鳳山,2023-11-22,9274
2867,三商壽,15,0,15,凱基-鳳山,2023-11-22,9274
9945,潤泰新,14,0,14,凱基-鳳山,2023-11-22,9274
1522,堤維西,14,0,14,凱基-鳳山,2023-11-22,9274
00929,復華台灣科技優息,16,2,14,凱基-鳳山,2023-11-22,9274
2301,光寶科,13,0,13,凱基-鳳山,2023-11-22,9274
00935,野村臺灣新科技50,13,0,13,凱基-鳳山,2023-11-22,9274
3044,健鼎,16,3,13,凱基-鳳山,2023-11-22,9274
5607,遠雄港,11,0,11,凱基-鳳山,2023-11-22,9274
6233,旺玖,12,1,11,凱基-鳳山,2023-11-22,9274
00720B,元大投資級公司債,20,10,10,凱基-鳳山,2023-11-22,9274
2069,運錩,10,0,10,凱基-鳳山,2023-11-22,9274
2388,威盛,22,12,10,凱基-鳳山,2023-11-22,9274
3217,優群,10,0,10,凱基-鳳山,2023-11-22,9274
4931,新盛力,10,0,10,凱基-鳳山,2023-11-22,9274
6491,晶碩,10,0,10,凱基-鳳山,2023-11-22,9274
1524,耿鼎,11,2,9,凱基-鳳山,2023-11-22,9274
00882,中信中國高股息,8,0,8,凱基-鳳山,2023-11-22,9274
2427,三商電,21,13,8,凱基-鳳山,2023-11-22,9274
2462,良得電,8,0,8,凱基-鳳山,2023-11-22,9274
3013,晟銘電,17,9,8,凱基-鳳山,2023-11-22,9274
3715,定穎投控,515,230,285,凱基-鳳山,2023-11-23,9274
3481,群創,236,15,221,凱基-鳳山,2023-11-23,9274
3062,建漢,84,0,84,凱基-鳳山,2023-11-23,9274
6237,驊訊,130,47,83,凱基-鳳山,2023-11-23,9274
5521,工信,82,0,82,凱基-鳳山,2023-11-23,9274
00919,群益台灣精選高息,73,0,73,凱基-鳳山,2023-11-23,9274
6139,亞翔,68,6,62,凱基-鳳山,2023-11-23,9274
5347,世界,74,18,56,凱基-鳳山,2023-11-23,9274
8054,安國,108,54,54,凱基-鳳山,2023-11-23,9274
2356,英業達,53,3,50,凱基-鳳山,2023-11-23,9274
2371,大同,60,13,47,凱基-鳳山,2023-11-23,9274
2352,佳世達,41,0,41,凱基-鳳山,2023-11-23,9274
3217,優群,42,6,36,凱基-鳳山,2023-11-23,9274
3014,聯陽,77,44,33,凱基-鳳山,2023-11-23,9274
3483,力致,38,9,29,凱基-鳳山,2023-11-23,9274
00929,復華台灣科技優息,30,2,28,凱基-鳳山,2023-11-23,9274
2374,佳能,33,5,28,凱基-鳳山,2023-11-23,9274
6282,康舒,118,91,27,凱基-鳳山,2023-11-23,9274
6278,台表科,25,0,25,凱基-鳳山,2023-11-23,9274
6187,萬潤,24,1,23,凱基-鳳山,2023-11-23,9274
6243,迅杰,94,72,22,凱基-鳳山,2023-11-23,9274
2488,漢平,20,0,20,凱基-鳳山,2023-11-23,9274
2457,飛宏,60,40,20,凱基-鳳山,2023-11-23,9274
1216,統一,22,3,19,凱基-鳳山,2023-11-23,9274
3450,聯鈞,24,5,19,凱基-鳳山,2023-11-23,9274
3078,僑威,41,23,18,凱基-鳳山,2023-11-23,9274
4707,磐亞,16,0,16,凱基-鳳山,2023-11-23,9274
2610,華航,34,18,16,凱基-鳳山,2023-11-23,9274
00706L,期元大S＆P日圓正2,15,0,15,凱基-鳳山,2023-11-23,9274
2344,華邦電,23,9,14,凱基-鳳山,2023-11-23,9274
6285,啟��,18,4,14,凱基-鳳山,2023-11-23,9274
3630,新鉅科,13,0,13,凱基-鳳山,2023-11-23,9274
00935,野村臺灣新科技50,11,0,11,凱基-鳳山,2023-11-23,9274
8016,矽創,17,6,11,凱基-鳳山,2023-11-23,9274
3122,笙泉,109,99,10,凱基-鳳山,2023-11-23,9274
00637L,元大滬深300正2,10,0,10,凱基-鳳山,2023-11-23,9274
2360,致茂,10,0,10,凱基-鳳山,2023-11-23,9274
2633,台灣高鐵,10,0,10,凱基-鳳山,2023-11-23,9274
3071,協禧,10,0,10,凱基-鳳山,2023-11-23,9274
4958,臻鼎-KY,10,0,10,凱基-鳳山,2023-11-23,9274
4967,十銓,15,5,10,凱基-鳳山,2023-11-23,9274
8476,台境*,10,0,10,凱基-鳳山,2023-11-23,9274
3035,智原,23,14,9,凱基-鳳山,2023-11-23,9274
3209,全科,10,1,9,凱基-鳳山,2023-11-23,9274
2355,敬鵬,10,2,8,凱基-鳳山,2023-11-23,9274
2405,輔信,10,2,8,凱基-鳳山,2023-11-23,9274
3041,揚智,16,8,8,凱基-鳳山,2023-11-23,9274
4906,正文,8,0,8,凱基-鳳山,2023-11-23,9274
4951,精拓科,8,0,8,凱基-鳳山,2023-11-23,9274
8358,金居,14,6,8,凱基-鳳山,2023-11-23,9274
3047,訊舟,270,0,270,凱基-鳳山,2023-11-24,9274
2515,中工,134,0,134,凱基-鳳山,2023-11-24,9274
00688L,國泰20年美債正2,100,0,100,凱基-鳳山,2023-11-24,9274
00857B,永豐20年美公債,100,0,100,凱基-鳳山,2023-11-24,9274
3481,群創,59,5,54,凱基-鳳山,2023-11-24,9274
3122,笙泉,45,2,43,凱基-鳳山,2023-11-24,9274
3062,建漢,38,1,37,凱基-鳳山,2023-11-24,9274
1721,三晃,36,0,36,凱基-鳳山,2023-11-24,9274
2371,大同,61,27,34,凱基-鳳山,2023-11-24,9274
3094,聯傑,66,33,33,凱基-鳳山,2023-11-24,9274
6443,元晶,33,0,33,凱基-鳳山,2023-11-24,9274
2201,裕隆,31,0,31,凱基-鳳山,2023-11-24,9274
2610,華航,84,53,31,凱基-鳳山,2023-11-24,9274
6237,驊訊,31,1,30,凱基-鳳山,2023-11-24,9274
2344,華邦電,30,0,30,凱基-鳳山,2023-11-24,9274
3591,艾笛森,33,4,29,凱基-鳳山,2023-11-24,9274
3046,建��,25,0,25,凱基-鳳山,2023-11-24,9274
6173,信昌電,23,1,22,凱基-鳳山,2023-11-24,9274
2356,英業達,21,1,20,凱基-鳳山,2023-11-24,9274
2484,希華,20,0,20,凱基-鳳山,2023-11-24,9274
2313,華通,183,163,20,凱基-鳳山,2023-11-24,9274
2427,三商電,20,3,17,凱基-鳳山,2023-11-24,9274
3701,大眾控,16,1,15,凱基-鳳山,2023-11-24,9274
6275,元山,15,0,15,凱基-鳳山,2023-11-24,9274
6510,精測,20,5,15,凱基-鳳山,2023-11-24,9274
00720B,元大投資級公司債,14,0,14,凱基-鳳山,2023-11-24,9274
2375,凱美,16,2,14,凱基-鳳山,2023-11-24,9274
2460,建通,44,30,14,凱基-鳳山,2023-11-24,9274
3006,晶豪科,17,3,14,凱基-鳳山,2023-11-24,9274
1809,中釉,13,0,13,凱基-鳳山,2023-11-24,9274
6117,迎廣,17,4,13,凱基-鳳山,2023-11-24,9274
2363,矽統,25,12,13,凱基-鳳山,2023-11-24,9274
2399,映泰,12,0,12,凱基-鳳山,2023-11-24,9274
3264,欣銓,12,0,12,凱基-鳳山,2023-11-24,9274
6282,康舒,22,10,12,凱基-鳳山,2023-11-24,9274
00885,富邦越南,12,0,12,凱基-鳳山,2023-11-24,9274
5230,雷笛克光學,12,1,11,凱基-鳳山,2023-11-24,9274
6112,邁達特,11,0,11,凱基-鳳山,2023-11-24,9274
2360,致茂,10,0,10,凱基-鳳山,2023-11-24,9274
2636,台驊控股,10,0,10,凱基-鳳山,2023-11-24,9274
3038,全台,10,0,10,凱基-鳳山,2023-11-24,9274
3209,全科,10,0,10,凱基-鳳山,2023-11-24,9274
2317,鴻海,19,10,9,凱基-鳳山,2023-11-24,9274
6168,宏齊,9,0,9,凱基-鳳山,2023-11-24,9274
1314,中石化,8,0,8,凱基-鳳山,2023-11-24,9274
2002,中鋼,22,14,8,凱基-鳳山,2023-11-24,9274
2329,華泰,8,1,7,凱基-鳳山,2023-11-24,9274
6271,同欣電,8,1,7,凱基-鳳山,2023-11-24,9274
8358,金居,7,0,7,凱基-鳳山,2023-11-24,9274
00878,國泰永續高股息,6,0,6,凱基-鳳山,2023-11-24,9274
2460,建通,423,205,218,凱基-鳳山,2023-11-27,9274
3047,訊舟,188,0,188,凱基-鳳山,2023-11-27,9274
3481,群創,174,1,173,凱基-鳳山,2023-11-27,9274
00665L,富邦�琤肭磪囓�2,155,0,155,凱基-鳳山,2023-11-27,9274
3231,緯創,146,21,125,凱基-鳳山,2023-11-27,9274
2705,六福,88,0,88,凱基-鳳山,2023-11-27,9274
00688L,國泰20年美債正2,60,0,60,凱基-鳳山,2023-11-27,9274
9958,世紀鋼,60,3,57,凱基-鳳山,2023-11-27,9274
3062,建漢,47,0,47,凱基-鳳山,2023-11-27,9274
2356,英業達,44,2,42,凱基-鳳山,2023-11-27,9274
2883,凱基金,41,0,41,凱基-鳳山,2023-11-27,9274
00919,群益台灣精選高息,40,0,40,凱基-鳳山,2023-11-27,9274
2515,中工,37,0,37,凱基-鳳山,2023-11-27,9274
3591,艾笛森,35,0,35,凱基-鳳山,2023-11-27,9274
2409,友達,39,5,34,凱基-鳳山,2023-11-27,9274
6237,驊訊,32,0,32,凱基-鳳山,2023-11-27,9274
8086,宏捷科,34,4,30,凱基-鳳山,2023-11-27,9274
5533,皇鼎,30,0,30,凱基-鳳山,2023-11-27,9274
00631L,元大台灣50正2,30,1,29,凱基-鳳山,2023-11-27,9274
8261,富鼎,30,1,29,凱基-鳳山,2023-11-27,9274
2816,旺旺保,32,6,26,凱基-鳳山,2023-11-27,9274
2618,長榮航,34,12,22,凱基-鳳山,2023-11-27,9274
2382,廣達,27,6,21,凱基-鳳山,2023-11-27,9274
8936,國統,21,0,21,凱基-鳳山,2023-11-27,9274
6179,亞通,20,0,20,凱基-鳳山,2023-11-27,9274
3528,安馳,20,0,20,凱基-鳳山,2023-11-27,9274
1514,亞力,34,15,19,凱基-鳳山,2023-11-27,9274
2606,裕民,22,4,18,凱基-鳳山,2023-11-27,9274
00637L,元大滬深300正2,17,0,17,凱基-鳳山,2023-11-27,9274
3176,基亞,17,0,17,凱基-鳳山,2023-11-27,9274
6274,台燿,18,1,17,凱基-鳳山,2023-11-27,9274
00720B,元大投資級公司債,16,0,16,凱基-鳳山,2023-11-27,9274
2330,台積電,15,0,15,凱基-鳳山,2023-11-27,9274
00931B,統一美債20年,15,0,15,凱基-鳳山,2023-11-27,9274
2482,連宇,15,0,15,凱基-鳳山,2023-11-27,9274
00679B,元大美債20年,16,2,14,凱基-鳳山,2023-11-27,9274
1216,統一,50,36,14,凱基-鳳山,2023-11-27,9274
00687B,國泰20年美債,13,0,13,凱基-鳳山,2023-11-27,9274
1701,中化,18,5,13,凱基-鳳山,2023-11-27,9274
2888,新光金,13,0,13,凱基-鳳山,2023-11-27,9274
00935,野村臺灣新科技50,12,0,12,凱基-鳳山,2023-11-27,9274
3038,全台,12,0,12,凱基-鳳山,2023-11-27,9274
00929,復華台灣科技優息,53,41,12,凱基-鳳山,2023-11-27,9274
5347,世界,15,4,11,凱基-鳳山,2023-11-27,9274
1708,東鹼,10,0,10,凱基-鳳山,2023-11-27,9274
3006,晶豪科,12,2,10,凱基-鳳山,2023-11-27,9274
6005,群益證,12,2,10,凱基-鳳山,2023-11-27,9274
6411,晶焱,10,0,10,凱基-鳳山,2023-11-27,9274
8076,伍豐,10,0,10,凱基-鳳山,2023-11-27,9274
00923,群益台ESG低碳50,9,0,9,凱基-鳳山,2023-11-27,9274
3047,訊舟,174,5,169,凱基-鳳山,2023-11-28,9274
3591,艾笛森,74,0,74,凱基-鳳山,2023-11-28,9274
4114,健喬,80,16,64,凱基-鳳山,2023-11-28,9274
2618,長榮航,84,28,56,凱基-鳳山,2023-11-28,9274
00637L,元大滬深300正2,55,0,55,凱基-鳳山,2023-11-28,9274
00885,富邦越南,46,0,46,凱基-鳳山,2023-11-28,9274
3062,建漢,40,0,40,凱基-鳳山,2023-11-28,9274
3715,定穎投控,144,109,35,凱基-鳳山,2023-11-28,9274
2603,長榮,33,0,33,凱基-鳳山,2023-11-28,9274
1101,台泥,41,12,29,凱基-鳳山,2023-11-28,9274
00919,群益台灣精選高息,26,0,26,凱基-鳳山,2023-11-28,9274
6243,迅杰,27,3,24,凱基-鳳山,2023-11-28,9274
3694,海華,21,0,21,凱基-鳳山,2023-11-28,9274
3041,揚智,27,7,20,凱基-鳳山,2023-11-28,9274
6187,萬潤,20,0,20,凱基-鳳山,2023-11-28,9274
8358,金居,20,1,19,凱基-鳳山,2023-11-28,9274
2355,敬鵬,34,16,18,凱基-鳳山,2023-11-28,9274
2353,宏��,17,1,16,凱基-鳳山,2023-11-28,9274
1312,國喬,20,5,15,凱基-鳳山,2023-11-28,9274
1732,毛寶,70,56,14,凱基-鳳山,2023-11-28,9274
3044,健鼎,15,1,14,凱基-鳳山,2023-11-28,9274
6112,邁達特,14,0,14,凱基-鳳山,2023-11-28,9274
2382,廣達,19,6,13,凱基-鳳山,2023-11-28,9274
00857B,永豐20年美公債,13,0,13,凱基-鳳山,2023-11-28,9274
2367,燿華,27,14,13,凱基-鳳山,2023-11-28,9274
2457,飛宏,13,0,13,凱基-鳳山,2023-11-28,9274
5347,世界,14,1,13,凱基-鳳山,2023-11-28,9274
1514,亞力,25,12,13,凱基-鳳山,2023-11-28,9274
1216,統一,35,24,11,凱基-鳳山,2023-11-28,9274
2888,新光金,11,0,11,凱基-鳳山,2023-11-28,9274
5351,鈺創,21,10,11,凱基-鳳山,2023-11-28,9274
2352,佳世達,10,0,10,凱基-鳳山,2023-11-28,9274
2461,光群雷,10,0,10,凱基-鳳山,2023-11-28,9274
3362,先進光,11,1,10,凱基-鳳山,2023-11-28,9274
3682,亞太電,10,0,10,凱基-鳳山,2023-11-28,9274
6182,合晶,10,0,10,凱基-鳳山,2023-11-28,9274
6204,艾華,16,6,10,凱基-鳳山,2023-11-28,9274
6282,康舒,11,1,10,凱基-鳳山,2023-11-28,9274
6491,晶碩,10,0,10,凱基-鳳山,2023-11-28,9274
9934,成霖,10,0,10,凱基-鳳山,2023-11-28,9274
2303,聯電,10,1,9,凱基-鳳山,2023-11-28,9274
00631L,元大台灣50正2,8,0,8,凱基-鳳山,2023-11-28,9274
2371,大同,44,36,8,凱基-鳳山,2023-11-28,9274
2637,慧洋-KY,11,3,8,凱基-鳳山,2023-11-28,9274
4304,勝昱,10,2,8,凱基-鳳山,2023-11-28,9274
8936,國統,10,2,8,凱基-鳳山,2023-11-28,9274
00712,復華富時不動產,9,3,6,凱基-鳳山,2023-11-28,9274
5905,南仁湖,6,0,6,凱基-鳳山,2023-11-28,9274
00706L,期元大S＆P日圓正2,5,0,5,凱基-鳳山,2023-11-28,9274
2360,致茂,5,0,5,凱基-鳳山,2023-11-28,9274
3481,群創,329,16,313,凱基-鳳山,2023-11-29,9274
00637L,元大滬深300正2,210,0,210,凱基-鳳山,2023-11-29,9274
2705,六福,112,0,112,凱基-鳳山,2023-11-29,9274
2369,菱生,115,52,63,凱基-鳳山,2023-11-29,9274
2460,建通,297,234,63,凱基-鳳山,2023-11-29,9274
00919,群益台灣精選高息,50,4,46,凱基-鳳山,2023-11-29,9274
00934,中信成長高股息,42,0,42,凱基-鳳山,2023-11-29,9274
5306,桂盟,40,0,40,凱基-鳳山,2023-11-29,9274
5608,四維航,38,2,36,凱基-鳳山,2023-11-29,9274
3591,艾笛森,33,0,33,凱基-鳳山,2023-11-29,9274
00882,中信中國高股息,29,0,29,凱基-鳳山,2023-11-29,9274
00665L,富邦�琤肭磪囓�2,99,75,24,凱基-鳳山,2023-11-29,9274
00679B,元大美債20年,23,1,22,凱基-鳳山,2023-11-29,9274
2427,三商電,21,0,21,凱基-鳳山,2023-11-29,9274
00720B,元大投資級公司債,21,0,21,凱基-鳳山,2023-11-29,9274
3036,文曄,23,3,20,凱基-鳳山,2023-11-29,9274
8034,榮群,20,0,20,凱基-鳳山,2023-11-29,9274
00931B,統一美債20年,20,3,17,凱基-鳳山,2023-11-29,9274
1905,華紙,18,1,17,凱基-鳳山,2023-11-29,9274
2606,裕民,20,3,17,凱基-鳳山,2023-11-29,9274
2303,聯電,18,1,17,凱基-鳳山,2023-11-29,9274
2383,台光電,19,3,16,凱基-鳳山,2023-11-29,9274
2363,矽統,31,15,16,凱基-鳳山,2023-11-29,9274
2409,友達,18,2,16,凱基-鳳山,2023-11-29,9274
00688L,國泰20年美債正2,15,0,15,凱基-鳳山,2023-11-29,9274
00631L,元大台灣50正2,18,3,15,凱基-鳳山,2023-11-29,9274
5388,中磊,20,5,15,凱基-鳳山,2023-11-29,9274
6282,康舒,17,3,14,凱基-鳳山,2023-11-29,9274
1216,統一,49,36,13,凱基-鳳山,2023-11-29,9274
2002,中鋼,39,26,13,凱基-鳳山,2023-11-29,9274
2610,華航,13,1,12,凱基-鳳山,2023-11-29,9274
1701,中化,13,1,12,凱基-鳳山,2023-11-29,9274
2375,凱美,13,1,12,凱基-鳳山,2023-11-29,9274
4532,瑞智,12,0,12,凱基-鳳山,2023-11-29,9274
6129,普誠,12,0,12,凱基-鳳山,2023-11-29,9274
00715L,期街口布蘭特正2,12,1,11,凱基-鳳山,2023-11-29,9274
00753L,中信中國50正2,24,13,11,凱基-鳳山,2023-11-29,9274
6161,捷波,12,1,11,凱基-鳳山,2023-11-29,9274
6782,視陽,11,0,11,凱基-鳳山,2023-11-29,9274
2834,臺企銀,11,0,11,凱基-鳳山,2023-11-29,9274
00933B,國泰10Y+金融債,10,0,10,凱基-鳳山,2023-11-29,9274
8936,國統,13,3,10,凱基-鳳山,2023-11-29,9274
00632R,元大台灣50反1,10,0,10,凱基-鳳山,2023-11-29,9274
00687B,國泰20年美債,10,0,10,凱基-鳳山,2023-11-29,9274
00857B,永豐20年美公債,10,0,10,凱基-鳳山,2023-11-29,9274
2605,新興,16,6,10,凱基-鳳山,2023-11-29,9274
2886,兆豐金,10,0,10,凱基-鳳山,2023-11-29,9274
3049,精金,10,0,10,凱基-鳳山,2023-11-29,9274
6191,精成科,10,0,10,凱基-鳳山,2023-11-29,9274
8466,美吉吉-KY,10,0,10,凱基-鳳山,2023-11-29,9274
2888,新光金,270,0,270,凱基-鳳山,2023-11-30,9274
3047,訊舟,278,16,262,凱基-鳳山,2023-11-30,9274
3481,群創,194,5,189,凱基-鳳山,2023-11-30,9274
1714,和桐,170,1,169,凱基-鳳山,2023-11-30,9274
2344,華邦電,202,132,70,凱基-鳳山,2023-11-30,9274
1815,富喬,59,0,59,凱基-鳳山,2023-11-30,9274
2451,創見,50,0,50,凱基-鳳山,2023-11-30,9274
00673R,期元大S＆P原油反1,53,7,46,凱基-鳳山,2023-11-30,9274
6282,康舒,51,7,44,凱基-鳳山,2023-11-30,9274
2002,中鋼,81,42,39,凱基-鳳山,2023-11-30,9274
3231,緯創,59,22,37,凱基-鳳山,2023-11-30,9274
00687B,國泰20年美債,55,23,32,凱基-鳳山,2023-11-30,9274
2460,建通,183,153,30,凱基-鳳山,2023-11-30,9274
2377,微星,36,7,29,凱基-鳳山,2023-11-30,9274
4442,竣邦-KY,28,0,28,凱基-鳳山,2023-11-30,9274
8411,福貞-KY,25,0,25,凱基-鳳山,2023-11-30,9274
1514,亞力,40,16,24,凱基-鳳山,2023-11-30,9274
4114,健喬,28,4,24,凱基-鳳山,2023-11-30,9274
00720B,元大投資級公司債,23,0,23,凱基-鳳山,2023-11-30,9274
00929,復華台灣科技優息,27,5,22,凱基-鳳山,2023-11-30,9274
00688L,國泰20年美債正2,22,0,22,凱基-鳳山,2023-11-30,9274
1312,國喬,20,0,20,凱基-鳳山,2023-11-30,9274
6156,松上,20,0,20,凱基-鳳山,2023-11-30,9274
6415,矽力*-KY,24,4,20,凱基-鳳山,2023-11-30,9274
2402,毅嘉,18,0,18,凱基-鳳山,2023-11-30,9274
2359,所羅門,60,42,18,凱基-鳳山,2023-11-30,9274
9958,世紀鋼,19,1,18,凱基-鳳山,2023-11-30,9274
2352,佳世達,20,3,17,凱基-鳳山,2023-11-30,9274
2610,華航,16,0,16,凱基-鳳山,2023-11-30,9274
5230,雷笛克光學,16,0,16,凱基-鳳山,2023-11-30,9274
3090,日電貿,15,0,15,凱基-鳳山,2023-11-30,9274
8011,台通,15,0,15,凱基-鳳山,2023-11-30,9274
00882,中信中國高股息,19,5,14,凱基-鳳山,2023-11-30,9274
5347,世界,21,7,14,凱基-鳳山,2023-11-30,9274
3059,華晶科,14,0,14,凱基-鳳山,2023-11-30,9274
3083,網龍,16,2,14,凱基-鳳山,2023-11-30,9274
2455,全新,16,2,14,凱基-鳳山,2023-11-30,9274
2201,裕隆,14,0,14,凱基-鳳山,2023-11-30,9274
8088,品安,13,0,13,凱基-鳳山,2023-11-30,9274
6125,廣運,14,2,12,凱基-鳳山,2023-11-30,9274
3591,艾笛森,12,0,12,凱基-鳳山,2023-11-30,9274
3552,同致,13,1,12,凱基-鳳山,2023-11-30,9274
9919,康那香,15,3,12,凱基-鳳山,2023-11-30,9274
00712,復華富時不動產,12,1,11,凱基-鳳山,2023-11-30,9274
00680L,元大美債20正2,23,12,11,凱基-鳳山,2023-11-30,9274
2427,三商電,11,0,11,凱基-鳳山,2023-11-30,9274
2618,長榮航,11,1,10,凱基-鳳山,2023-11-30,9274
00878,國泰永續高股息,11,1,10,凱基-鳳山,2023-11-30,9274
00931B,統一美債20年,10,0,10,凱基-鳳山,2023-11-30,9274
2305,全友,10,0,10,凱基-鳳山,2023-11-30,9274
4960,誠美材,1770,0,1770,凱基-鳳山,2023-12-01,9274
3481,群創,369,86,283,凱基-鳳山,2023-12-01,9274
3047,訊舟,158,0,158,凱基-鳳山,2023-12-01,9274
00688L,國泰20年美債正2,92,0,92,凱基-鳳山,2023-12-01,9274
00919,群益台灣精選高息,78,3,75,凱基-鳳山,2023-12-01,9274
3591,艾笛森,59,0,59,凱基-鳳山,2023-12-01,9274
5347,世界,50,1,49,凱基-鳳山,2023-12-01,9274
00680L,元大美債20正2,49,0,49,凱基-鳳山,2023-12-01,9274
3041,揚智,59,11,48,凱基-鳳山,2023-12-01,9274
00687B,國泰20年美債,54,10,44,凱基-鳳山,2023-12-01,9274
5426,振發,92,50,42,凱基-鳳山,2023-12-01,9274
2409,友達,45,7,38,凱基-鳳山,2023-12-01,9274
3062,建漢,37,0,37,凱基-鳳山,2023-12-01,9274
2605,新興,46,10,36,凱基-鳳山,2023-12-01,9274
2834,臺企銀,36,3,33,凱基-鳳山,2023-12-01,9274
2316,楠梓電,33,0,33,凱基-鳳山,2023-12-01,9274
1524,耿鼎,32,2,30,凱基-鳳山,2023-12-01,9274
2002,中鋼,42,13,29,凱基-鳳山,2023-12-01,9274
8089,康全電訊,63,35,28,凱基-鳳山,2023-12-01,9274
00670L,富邦NASDAQ正2,26,0,26,凱基-鳳山,2023-12-01,9274
00720B,元大投資級公司債,25,0,25,凱基-鳳山,2023-12-01,9274
00878,國泰永續高股息,29,4,25,凱基-鳳山,2023-12-01,9274
1101,台泥,28,4,24,凱基-鳳山,2023-12-01,9274
00637L,元大滬深300正2,20,0,20,凱基-鳳山,2023-12-01,9274
4121,優盛,20,0,20,凱基-鳳山,2023-12-01,9274
1605,華新,19,0,19,凱基-鳳山,2023-12-01,9274
2405,輔信,20,1,19,凱基-鳳山,2023-12-01,9274
6782,視陽,18,0,18,凱基-鳳山,2023-12-01,9274
00679B,元大美債20年,17,0,17,凱基-鳳山,2023-12-01,9274
2891,中信金,16,0,16,凱基-鳳山,2023-12-01,9274
00706L,期元大S＆P日圓正2,16,0,16,凱基-鳳山,2023-12-01,9274
00934,中信成長高股息,16,0,16,凱基-鳳山,2023-12-01,9274
1582,信錦,64,48,16,凱基-鳳山,2023-12-01,9274
3338,泰碩,17,1,16,凱基-鳳山,2023-12-01,9274
00933B,國泰10Y+金融債,15,0,15,凱基-鳳山,2023-12-01,9274
2884,玉山金,14,0,14,凱基-鳳山,2023-12-01,9274
2340,台亞,13,0,13,凱基-鳳山,2023-12-01,9274
2401,凌陽,16,3,13,凱基-鳳山,2023-12-01,9274
6510,精測,13,0,13,凱基-鳳山,2023-12-01,9274
1616,億泰,12,0,12,凱基-鳳山,2023-12-01,9274
2014,中鴻,12,0,12,凱基-鳳山,2023-12-01,9274
2883,凱基金,13,1,12,凱基-鳳山,2023-12-01,9274
9904,寶成,12,0,12,凱基-鳳山,2023-12-01,9274
3122,笙泉,12,1,11,凱基-鳳山,2023-12-01,9274
2887,台新金,11,1,10,凱基-鳳山,2023-12-01,9274
00936,台新永續高息中小,10,0,10,凱基-鳳山,2023-12-01,9274
00669R,國泰美國道瓊反1,10,0,10,凱基-鳳山,2023-12-01,9274
3615,安可,10,0,10,凱基-鳳山,2023-12-01,9274
2317,鴻海,18,9,9,凱基-鳳山,2023-12-01,9274
3036,文曄,10,1,9,凱基-鳳山,2023-12-01,9274
3047,訊舟,516,10,506,凱基-鳳山,2023-12-04,9274
2515,中工,119,0,119,凱基-鳳山,2023-12-04,9274
00715L,期街口布蘭特正2,115,0,115,凱基-鳳山,2023-12-04,9274
00679B,元大美債20年,122,9,113,凱基-鳳山,2023-12-04,9274
2355,敬鵬,128,16,112,凱基-鳳山,2023-12-04,9274
2460,建通,184,97,87,凱基-鳳山,2023-12-04,9274
1608,華榮,96,10,86,凱基-鳳山,2023-12-04,9274
5328,華容,88,3,85,凱基-鳳山,2023-12-04,9274
3715,定穎投控,104,43,61,凱基-鳳山,2023-12-04,9274
2618,長榮航,83,33,50,凱基-鳳山,2023-12-04,9274
2492,華新科,46,1,45,凱基-鳳山,2023-12-04,9274
2408,南亞科,46,2,44,凱基-鳳山,2023-12-04,9274
4533,協易機,49,10,39,凱基-鳳山,2023-12-04,9274
3013,晟銘電,50,14,36,凱基-鳳山,2023-12-04,9274
4919,新唐,37,1,36,凱基-鳳山,2023-12-04,9274
3306,鼎天,31,0,31,凱基-鳳山,2023-12-04,9274
3687,歐買尬,85,54,31,凱基-鳳山,2023-12-04,9274
3591,艾笛森,30,0,30,凱基-鳳山,2023-12-04,9274
4960,誠美材,30,0,30,凱基-鳳山,2023-12-04,9274
2883,凱基金,30,0,30,凱基-鳳山,2023-12-04,9274
1504,東元,33,4,29,凱基-鳳山,2023-12-04,9274
1568,倉佑,29,0,29,凱基-鳳山,2023-12-04,9274
3380,明泰,31,2,29,凱基-鳳山,2023-12-04,9274
4130,健亞,25,0,25,凱基-鳳山,2023-12-04,9274
6122,擎邦,46,21,25,凱基-鳳山,2023-12-04,9274
00933B,國泰10Y+金融債,23,0,23,凱基-鳳山,2023-12-04,9274
1313,聯成,23,0,23,凱基-鳳山,2023-12-04,9274
4442,竣邦-KY,23,0,23,凱基-鳳山,2023-12-04,9274
3706,神達,23,1,22,凱基-鳳山,2023-12-04,9274
00919,群益台灣精選高息,23,1,22,凱基-鳳山,2023-12-04,9274
2413,環科,20,0,20,凱基-鳳山,2023-12-04,9274
2476,鉅祥,20,0,20,凱基-鳳山,2023-12-04,9274
8213,志超,22,2,20,凱基-鳳山,2023-12-04,9274
9933,中鼎,21,1,20,凱基-鳳山,2023-12-04,9274
3583,辛耘,20,0,20,凱基-鳳山,2023-12-04,9274
2367,燿華,49,29,20,凱基-鳳山,2023-12-04,9274
00720B,元大投資級公司債,17,0,17,凱基-鳳山,2023-12-04,9274
8105,凌巨,17,0,17,凱基-鳳山,2023-12-04,9274
5469,瀚宇博,15,0,15,凱基-鳳山,2023-12-04,9274
2329,華泰,43,28,15,凱基-鳳山,2023-12-04,9274
9958,世紀鋼,14,1,13,凱基-鳳山,2023-12-04,9274
2615,萬海,18,5,13,凱基-鳳山,2023-12-04,9274
5009,榮剛,12,0,12,凱基-鳳山,2023-12-04,9274
6108,競國,12,0,12,凱基-鳳山,2023-12-04,9274
2609,陽明,45,33,12,凱基-鳳山,2023-12-04,9274
2317,鴻海,11,0,11,凱基-鳳山,2023-12-04,9274
3443,創意,11,0,11,凱基-鳳山,2023-12-04,9274
00885,富邦越南,18,7,11,凱基-鳳山,2023-12-04,9274
2359,所羅門,11,0,11,凱基-鳳山,2023-12-04,9274
3059,華晶科,13,2,11,凱基-鳳山,2023-12-04,9274
3047,訊舟,388,35,353,凱基-鳳山,2023-12-05,9274
3481,群創,377,55,322,凱基-鳳山,2023-12-05,9274
2641,正德,471,236,235,凱基-鳳山,2023-12-05,9274
4167,松瑞藥,284,180,104,凱基-鳳山,2023-12-05,9274
00857B,永豐20年美公債,100,0,100,凱基-鳳山,2023-12-05,9274
00882,中信中國高股息,97,2,95,凱基-鳳山,2023-12-05,9274
00680L,元大美債20正2,87,1,86,凱基-鳳山,2023-12-05,9274
00919,群益台灣精選高息,96,14,82,凱基-鳳山,2023-12-05,9274
1612,宏泰,76,0,76,凱基-鳳山,2023-12-05,9274
4939,亞電,55,0,55,凱基-鳳山,2023-12-05,9274
1608,華榮,52,0,52,凱基-鳳山,2023-12-05,9274
3062,建漢,49,0,49,凱基-鳳山,2023-12-05,9274
2612,中航,108,60,48,凱基-鳳山,2023-12-05,9274
3231,緯創,68,26,42,凱基-鳳山,2023-12-05,9274
3014,聯陽,42,1,41,凱基-鳳山,2023-12-05,9274
4919,新唐,43,2,41,凱基-鳳山,2023-12-05,9274
2867,三商壽,40,0,40,凱基-鳳山,2023-12-05,9274
5347,世界,34,0,34,凱基-鳳山,2023-12-05,9274
00642U,期元大S＆P石油,33,0,33,凱基-鳳山,2023-12-05,9274
00931B,統一美債20年,31,0,31,凱基-鳳山,2023-12-05,9274
3306,鼎天,32,1,31,凱基-鳳山,2023-12-05,9274
00665L,富邦�琤肭磪囓�2,30,0,30,凱基-鳳山,2023-12-05,9274
2606,裕民,61,32,29,凱基-鳳山,2023-12-05,9274
3013,晟銘電,59,33,26,凱基-鳳山,2023-12-05,9274
00687B,國泰20年美債,26,0,26,凱基-鳳山,2023-12-05,9274
3050,鈺德,33,7,26,凱基-鳳山,2023-12-05,9274
3260,威剛,29,3,26,凱基-鳳山,2023-12-05,9274
9904,寶成,25,0,25,凱基-鳳山,2023-12-05,9274
2618,長榮航,23,0,23,凱基-鳳山,2023-12-05,9274
1605,華新,35,14,21,凱基-鳳山,2023-12-05,9274
3035,智原,21,1,20,凱基-鳳山,2023-12-05,9274
3390,旭軟,23,3,20,凱基-鳳山,2023-12-05,9274
6742,澤米,20,0,20,凱基-鳳山,2023-12-05,9274
5471,松翰,19,0,19,凱基-鳳山,2023-12-05,9274
3380,明泰,25,7,18,凱基-鳳山,2023-12-05,9274
1781,合世,20,2,18,凱基-鳳山,2023-12-05,9274
1521,大億,17,0,17,凱基-鳳山,2023-12-05,9274
2301,光寶科,18,1,17,凱基-鳳山,2023-12-05,9274
1314,中石化,16,0,16,凱基-鳳山,2023-12-05,9274
2482,連宇,15,0,15,凱基-鳳山,2023-12-05,9274
6547,高端疫苗,15,0,15,凱基-鳳山,2023-12-05,9274
3078,僑威,17,3,14,凱基-鳳山,2023-12-05,9274
4442,竣邦-KY,14,0,14,凱基-鳳山,2023-12-05,9274
00720B,元大投資級公司債,13,0,13,凱基-鳳山,2023-12-05,9274
1325,恆大,43,31,12,凱基-鳳山,2023-12-05,9274
2515,中工,22,10,12,凱基-鳳山,2023-12-05,9274
2883,凱基金,18,7,11,凱基-鳳山,2023-12-05,9274
2344,華邦電,11,0,11,凱基-鳳山,2023-12-05,9274
2352,佳世達,11,0,11,凱基-鳳山,2023-12-05,9274
5009,榮剛,11,0,11,凱基-鳳山,2023-12-05,9274
3481,群創,646,4,642,凱基-鳳山,2023-12-06,9274
1714,和桐,170,0,170,凱基-鳳山,2023-12-06,9274
3047,訊舟,154,0,154,凱基-鳳山,2023-12-06,9274
2409,友達,106,2,104,凱基-鳳山,2023-12-06,9274
6770,力積電,100,1,99,凱基-鳳山,2023-12-06,9274
3122,笙泉,68,7,61,凱基-鳳山,2023-12-06,9274
00712,復華富時不動產,60,0,60,凱基-鳳山,2023-12-06,9274
00919,群益台灣精選高息,59,2,57,凱基-鳳山,2023-12-06,9274
5469,瀚宇博,50,0,50,凱基-鳳山,2023-12-06,9274
5426,振發,45,4,41,凱基-鳳山,2023-12-06,9274
2606,裕民,70,31,39,凱基-鳳山,2023-12-06,9274
2489,瑞軒,36,0,36,凱基-鳳山,2023-12-06,9274
1514,亞力,80,45,35,凱基-鳳山,2023-12-06,9274
2371,大同,42,14,28,凱基-鳳山,2023-12-06,9274
1781,合世,24,0,24,凱基-鳳山,2023-12-06,9274
2367,燿華,37,13,24,凱基-鳳山,2023-12-06,9274
1612,宏泰,24,1,23,凱基-鳳山,2023-12-06,9274
9958,世紀鋼,44,22,22,凱基-鳳山,2023-12-06,9274
5465,富驊,22,1,21,凱基-鳳山,2023-12-06,9274
00857B,永豐20年美公債,20,0,20,凱基-鳳山,2023-12-06,9274
00936,台新永續高息中小,30,10,20,凱基-鳳山,2023-12-06,9274
2637,慧洋-KY,27,9,18,凱基-鳳山,2023-12-06,9274
1513,中興電,42,25,17,凱基-鳳山,2023-12-06,9274
4915,致伸,17,0,17,凱基-鳳山,2023-12-06,9274
4162,智擎,16,0,16,凱基-鳳山,2023-12-06,9274
2618,長榮航,34,18,16,凱基-鳳山,2023-12-06,9274
3591,艾笛森,15,0,15,凱基-鳳山,2023-12-06,9274
00688L,國泰20年美債正2,14,0,14,凱基-鳳山,2023-12-06,9274
2457,飛宏,16,2,14,凱基-鳳山,2023-12-06,9274
3035,智原,36,23,13,凱基-鳳山,2023-12-06,9274
2419,仲琦,17,4,13,凱基-鳳山,2023-12-06,9274
00642U,期元大S＆P石油,13,0,13,凱基-鳳山,2023-12-06,9274
5328,華容,19,7,12,凱基-鳳山,2023-12-06,9274
2329,華泰,26,14,12,凱基-鳳山,2023-12-06,9274
2881,富邦金,11,0,11,凱基-鳳山,2023-12-06,9274
2363,矽統,14,3,11,凱基-鳳山,2023-12-06,9274
3583,辛耘,14,3,11,凱基-鳳山,2023-12-06,9274
4951,精拓科,11,0,11,凱基-鳳山,2023-12-06,9274
00680L,元大美債20正2,10,0,10,凱基-鳳山,2023-12-06,9274
1471,首利,10,0,10,凱基-鳳山,2023-12-06,9274
2358,廷鑫,10,0,10,凱基-鳳山,2023-12-06,9274
3545,敦泰,10,0,10,凱基-鳳山,2023-12-06,9274
6213,聯茂,11,1,10,凱基-鳳山,2023-12-06,9274
1529,樂事綠能,27,18,9,凱基-鳳山,2023-12-06,9274
5608,四維航,15,6,9,凱基-鳳山,2023-12-06,9274
5880,合庫金,10,1,9,凱基-鳳山,2023-12-06,9274
9933,中鼎,9,1,8,凱基-鳳山,2023-12-06,9274
00933B,國泰10Y+金融債,8,0,8,凱基-鳳山,2023-12-06,9274
1504,東元,23,15,8,凱基-鳳山,2023-12-06,9274
2027,大成鋼,8,0,8,凱基-鳳山,2023-12-06,9274
3481,群創,340,3,337,凱基-鳳山,2023-12-07,9274
3047,訊舟,323,0,323,凱基-鳳山,2023-12-07,9274
2641,正德,395,81,314,凱基-鳳山,2023-12-07,9274
00687B,國泰20年美債,178,0,178,凱基-鳳山,2023-12-07,9274
00919,群益台灣精選高息,187,19,168,凱基-鳳山,2023-12-07,9274
00937B,群益ESG投等債20,200,37,163,凱基-鳳山,2023-12-07,9274
1608,華榮,85,0,85,凱基-鳳山,2023-12-07,9274
1522,堤維西,124,59,65,凱基-鳳山,2023-12-07,9274
00680L,元大美債20正2,83,20,63,凱基-鳳山,2023-12-07,9274
2515,中工,60,0,60,凱基-鳳山,2023-12-07,9274
2399,映泰,73,15,58,凱基-鳳山,2023-12-07,9274
8112,至上,48,0,48,凱基-鳳山,2023-12-07,9274
2884,玉山金,56,8,48,凱基-鳳山,2023-12-07,9274
00715L,期街口布蘭特正2,45,2,43,凱基-鳳山,2023-12-07,9274
00679B,元大美債20年,56,18,38,凱基-鳳山,2023-12-07,9274
00882,中信中國高股息,32,0,32,凱基-鳳山,2023-12-07,9274
2605,新興,53,21,32,凱基-鳳山,2023-12-07,9274
00933B,國泰10Y+金融債,30,0,30,凱基-鳳山,2023-12-07,9274
2367,燿華,41,11,30,凱基-鳳山,2023-12-07,9274
6285,啟��,32,3,29,凱基-鳳山,2023-12-07,9274
00857B,永豐20年美公債,27,0,27,凱基-鳳山,2023-12-07,9274
2363,矽統,38,12,26,凱基-鳳山,2023-12-07,9274
2881,富邦金,23,0,23,凱基-鳳山,2023-12-07,9274
00688L,國泰20年美債正2,21,0,21,凱基-鳳山,2023-12-07,9274
2460,建通,202,181,21,凱基-鳳山,2023-12-07,9274
2316,楠梓電,20,0,20,凱基-鳳山,2023-12-07,9274
2352,佳世達,20,0,20,凱基-鳳山,2023-12-07,9274
2482,連宇,20,0,20,凱基-鳳山,2023-12-07,9274
3041,揚智,22,2,20,凱基-鳳山,2023-12-07,9274
3710,連展投控,20,0,20,凱基-鳳山,2023-12-07,9274
4426,利勤,20,0,20,凱基-鳳山,2023-12-07,9274
2356,英業達,19,1,18,凱基-鳳山,2023-12-07,9274
00918,大華優利高填息30,16,0,16,凱基-鳳山,2023-12-07,9274
0056,元大高股息,17,1,16,凱基-鳳山,2023-12-07,9274
00642U,期元大S＆P石油,15,0,15,凱基-鳳山,2023-12-07,9274
1513,中興電,24,9,15,凱基-鳳山,2023-12-07,9274
2241,艾姆勒,14,0,14,凱基-鳳山,2023-12-07,9274
00885,富邦越南,17,4,13,凱基-鳳山,2023-12-07,9274
1802,台玻,13,0,13,凱基-鳳山,2023-12-07,9274
2610,華航,37,25,12,凱基-鳳山,2023-12-07,9274
00772B,中信高評級公司債,12,0,12,凱基-鳳山,2023-12-07,9274
2314,台揚,20,8,12,凱基-鳳山,2023-12-07,9274
6243,迅杰,13,2,11,凱基-鳳山,2023-12-07,9274
00929,復華台灣科技優息,21,10,11,凱基-鳳山,2023-12-07,9274
1611,中電,15,4,11,凱基-鳳山,2023-12-07,9274
2419,仲琦,15,4,11,凱基-鳳山,2023-12-07,9274
5521,工信,11,0,11,凱基-鳳山,2023-12-07,9274
1781,合世,10,0,10,凱基-鳳山,2023-12-07,9274
2007,燁興,10,0,10,凱基-鳳山,2023-12-07,9274
6005,群益證,20,10,10,凱基-鳳山,2023-12-07,9274
3481,群創,377,3,374,凱基-鳳山,2023-12-08,9274
2641,正德,195,79,116,凱基-鳳山,2023-12-08,9274
00919,群益台灣精選高息,125,11,114,凱基-鳳山,2023-12-08,9274
2888,新光金,112,0,112,凱基-鳳山,2023-12-08,9274
00715L,期街口布蘭特正2,86,1,85,凱基-鳳山,2023-12-08,9274
2884,玉山金,90,6,84,凱基-鳳山,2023-12-08,9274
3047,訊舟,102,22,80,凱基-鳳山,2023-12-08,9274
4167,松瑞藥,78,12,66,凱基-鳳山,2023-12-08,9274
2409,友達,62,5,57,凱基-鳳山,2023-12-08,9274
00937B,群益ESG投等債20,78,22,56,凱基-鳳山,2023-12-08,9274
3078,僑威,63,12,51,凱基-鳳山,2023-12-08,9274
00688L,國泰20年美債正2,50,0,50,凱基-鳳山,2023-12-08,9274
00687B,國泰20年美債,40,0,40,凱基-鳳山,2023-12-08,9274
2515,中工,39,0,39,凱基-鳳山,2023-12-08,9274
3062,建漢,54,15,39,凱基-鳳山,2023-12-08,9274
00882,中信中國高股息,37,2,35,凱基-鳳山,2023-12-08,9274
00931B,統一美債20年,33,0,33,凱基-鳳山,2023-12-08,9274
2606,裕民,39,8,31,凱基-鳳山,2023-12-08,9274
00933B,國泰10Y+金融債,29,0,29,凱基-鳳山,2023-12-08,9274
1521,大億,29,0,29,凱基-鳳山,2023-12-08,9274
2605,新興,65,39,26,凱基-鳳山,2023-12-08,9274
2208,台船,25,0,25,凱基-鳳山,2023-12-08,9274
2369,菱生,21,0,21,凱基-鳳山,2023-12-08,9274
2882,國泰金,21,0,21,凱基-鳳山,2023-12-08,9274
00679B,元大美債20年,20,0,20,凱基-鳳山,2023-12-08,9274
2520,冠德,20,0,20,凱基-鳳山,2023-12-08,9274
3024,憶聲,20,0,20,凱基-鳳山,2023-12-08,9274
00706L,期元大S＆P日圓正2,18,0,18,凱基-鳳山,2023-12-08,9274
00680L,元大美債20正2,27,10,17,凱基-鳳山,2023-12-08,9274
2612,中航,17,0,17,凱基-鳳山,2023-12-08,9274
2368,金像電,16,0,16,凱基-鳳山,2023-12-08,9274
6243,迅杰,21,5,16,凱基-鳳山,2023-12-08,9274
2367,燿華,14,0,14,凱基-鳳山,2023-12-08,9274
6438,迅得,14,0,14,凱基-鳳山,2023-12-08,9274
1515,力山,13,0,13,凱基-鳳山,2023-12-08,9274
3715,定穎投控,10,0,10,凱基-鳳山,2023-12-08,9274
2027,大成鋼,33,23,10,凱基-鳳山,2023-12-08,9274
2365,昆盈,11,1,10,凱基-鳳山,2023-12-08,9274
6126,信音,10,0,10,凱基-鳳山,2023-12-08,9274
6510,精測,10,0,10,凱基-鳳山,2023-12-08,9274
2485,兆赫,10,1,9,凱基-鳳山,2023-12-08,9274
4909,新復興,11,2,9,凱基-鳳山,2023-12-08,9274
5608,四維航,14,5,9,凱基-鳳山,2023-12-08,9274
6216,居易,9,0,9,凱基-鳳山,2023-12-08,9274
00720B,元大投資級公司債,8,0,8,凱基-鳳山,2023-12-08,9274
2425,承啟,8,0,8,凱基-鳳山,2023-12-08,9274
2453,凌群,9,1,8,凱基-鳳山,2023-12-08,9274
5351,鈺創,17,10,7,凱基-鳳山,2023-12-08,9274
1612,宏泰,11,4,7,凱基-鳳山,2023-12-08,9274
2449,京元電子,9,2,7,凱基-鳳山,2023-12-08,9274
3047,訊舟,80,0,80,凱基-鳳山,2023-12-11,9274
00919,群益台灣精選高息,84,15,69,凱基-鳳山,2023-12-11,9274
00937B,群益ESG投等債20,55,2,53,凱基-鳳山,2023-12-11,9274
00687B,國泰20年美債,53,3,50,凱基-鳳山,2023-12-11,9274
3481,群創,60,11,49,凱基-鳳山,2023-12-11,9274
8089,康全電訊,51,14,37,凱基-鳳山,2023-12-11,9274
2002,中鋼,45,10,35,凱基-鳳山,2023-12-11,9274
1524,耿鼎,79,44,35,凱基-鳳山,2023-12-11,9274
1733,五鼎,35,0,35,凱基-鳳山,2023-12-11,9274
8112,至上,40,5,35,凱基-鳳山,2023-12-11,9274
00679B,元大美債20年,33,0,33,凱基-鳳山,2023-12-11,9274
3062,建漢,24,0,24,凱基-鳳山,2023-12-11,9274
3615,安可,28,4,24,凱基-鳳山,2023-12-11,9274
2605,新興,40,17,23,凱基-鳳山,2023-12-11,9274
2312,金寶,26,4,22,凱基-鳳山,2023-12-11,9274
3035,智原,24,4,20,凱基-鳳山,2023-12-11,9274
00680L,元大美債20正2,20,0,20,凱基-鳳山,2023-12-11,9274
1521,大億,20,0,20,凱基-鳳山,2023-12-11,9274
2801,彰銀,20,1,19,凱基-鳳山,2023-12-11,9274
2365,昆盈,22,3,19,凱基-鳳山,2023-12-11,9274
00929,復華台灣科技優息,23,6,17,凱基-鳳山,2023-12-11,9274
3231,緯創,39,22,17,凱基-鳳山,2023-12-11,9274
2313,華通,76,59,17,凱基-鳳山,2023-12-11,9274
00688L,國泰20年美債正2,16,0,16,凱基-鳳山,2023-12-11,9274
2891,中信金,20,4,16,凱基-鳳山,2023-12-11,9274
00882,中信中國高股息,61,46,15,凱基-鳳山,2023-12-11,9274
3694,海華,15,0,15,凱基-鳳山,2023-12-11,9274
00857B,永豐20年美公債,14,0,14,凱基-鳳山,2023-12-11,9274
2460,建通,220,206,14,凱基-鳳山,2023-12-11,9274
2317,鴻海,22,9,13,凱基-鳳山,2023-12-11,9274
2618,長榮航,114,101,13,凱基-鳳山,2023-12-11,9274
2388,威盛,15,3,12,凱基-鳳山,2023-12-11,9274
1568,倉佑,12,0,12,凱基-鳳山,2023-12-11,9274
2368,金像電,23,11,12,凱基-鳳山,2023-12-11,9274
3257,虹冠電,12,0,12,凱基-鳳山,2023-12-11,9274
4167,松瑞藥,33,21,12,凱基-鳳山,2023-12-11,9274
2359,所羅門,16,5,11,凱基-鳳山,2023-12-11,9274
2417,圓剛,12,1,11,凱基-鳳山,2023-12-11,9274
00918,大華優利高填息30,10,0,10,凱基-鳳山,2023-12-11,9274
00888,永豐台灣ESG,10,0,10,凱基-鳳山,2023-12-11,9274
1515,力山,21,11,10,凱基-鳳山,2023-12-11,9274
2488,漢平,25,15,10,凱基-鳳山,2023-12-11,9274
2617,台航,10,0,10,凱基-鳳山,2023-12-11,9274
2889,國票金,10,0,10,凱基-鳳山,2023-12-11,9274
4142,國光生,10,0,10,凱基-鳳山,2023-12-11,9274
6112,邁達特,10,0,10,凱基-鳳山,2023-12-11,9274
00934,中信成長高股息,10,1,9,凱基-鳳山,2023-12-11,9274
3078,僑威,12,4,8,凱基-鳳山,2023-12-11,9274
00662,富邦NASDAQ,8,0,8,凱基-鳳山,2023-12-11,9274
2208,台船,9,1,8,凱基-鳳山,2023-12-11,9274
3481,群創,1267,126,1141,凱基-鳳山,2023-12-12,9274
0056,元大高股息,157,0,157,凱基-鳳山,2023-12-12,9274
1101,台泥,107,0,107,凱基-鳳山,2023-12-12,9274
3047,訊舟,63,0,63,凱基-鳳山,2023-12-12,9274
1714,和桐,61,0,61,凱基-鳳山,2023-12-12,9274
4167,松瑞藥,52,2,50,凱基-鳳山,2023-12-12,9274
2605,新興,80,31,49,凱基-鳳山,2023-12-12,9274
3591,艾笛森,42,0,42,凱基-鳳山,2023-12-12,9274
2516,新建,41,0,41,凱基-鳳山,2023-12-12,9274
00712,復華富時不動產,41,4,37,凱基-鳳山,2023-12-12,9274
8011,台通,70,35,35,凱基-鳳山,2023-12-12,9274
2883,凱基金,34,1,33,凱基-鳳山,2023-12-12,9274
5533,皇鼎,30,0,30,凱基-鳳山,2023-12-12,9274
00918,大華優利高填息30,29,0,29,凱基-鳳山,2023-12-12,9274
5521,工信,63,35,28,凱基-鳳山,2023-12-12,9274
2476,鉅祥,27,0,27,凱基-鳳山,2023-12-12,9274
5328,華容,26,0,26,凱基-鳳山,2023-12-12,9274
6116,彩晶,25,0,25,凱基-鳳山,2023-12-12,9274
00935,野村臺灣新科技50,25,1,24,凱基-鳳山,2023-12-12,9274
2606,裕民,37,13,24,凱基-鳳山,2023-12-12,9274
00687B,國泰20年美債,24,1,23,凱基-鳳山,2023-12-12,9274
3231,緯創,23,2,21,凱基-鳳山,2023-12-12,9274
3380,明泰,56,37,19,凱基-鳳山,2023-12-12,9274
6187,萬潤,27,8,19,凱基-鳳山,2023-12-12,9274
8150,南茂,20,2,18,凱基-鳳山,2023-12-12,9274
2634,漢翔,17,1,16,凱基-鳳山,2023-12-12,9274
9958,世紀鋼,44,28,16,凱基-鳳山,2023-12-12,9274
2359,所羅門,17,3,14,凱基-鳳山,2023-12-12,9274
3257,虹冠電,14,0,14,凱基-鳳山,2023-12-12,9274
1718,中纖,18,5,13,凱基-鳳山,2023-12-12,9274
6143,振曜,13,0,13,凱基-鳳山,2023-12-12,9274
2206,三陽工業,13,1,12,凱基-鳳山,2023-12-12,9274
6156,松上,12,0,12,凱基-鳳山,2023-12-12,9274
2002,中鋼,11,0,11,凱基-鳳山,2023-12-12,9274
1618,合機,65,54,11,凱基-鳳山,2023-12-12,9274
2477,美隆電,11,0,11,凱基-鳳山,2023-12-12,9274
4909,新復興,13,3,10,凱基-鳳山,2023-12-12,9274
00680L,元大美債20正2,10,0,10,凱基-鳳山,2023-12-12,9274
1802,台玻,10,0,10,凱基-鳳山,2023-12-12,9274
2617,台航,10,0,10,凱基-鳳山,2023-12-12,9274
5009,榮剛,11,1,10,凱基-鳳山,2023-12-12,9274
6706,惠特,10,0,10,凱基-鳳山,2023-12-12,9274
3078,僑威,10,1,9,凱基-鳳山,2023-12-12,9274
00688L,國泰20年美債正2,8,0,8,凱基-鳳山,2023-12-12,9274
2399,映泰,12,4,8,凱基-鳳山,2023-12-12,9274
2515,中工,13,5,8,凱基-鳳山,2023-12-12,9274
3276,宇環,9,1,8,凱基-鳳山,2023-12-12,9274
2330,台積電,10,3,7,凱基-鳳山,2023-12-12,9274
2610,華航,32,25,7,凱基-鳳山,2023-12-12,9274
8068,全達,11,4,7,凱基-鳳山,2023-12-12,9274
3481,群創,619,203,416,凱基-鳳山,2023-12-13,9274
00715L,期街口布蘭特正2,299,3,296,凱基-鳳山,2023-12-13,9274
00919,群益台灣精選高息,87,14,73,凱基-鳳山,2023-12-13,9274
00929,復華台灣科技優息,94,28,66,凱基-鳳山,2023-12-13,9274
3231,緯創,84,19,65,凱基-鳳山,2023-12-13,9274
3591,艾笛森,52,0,52,凱基-鳳山,2023-12-13,9274
00918,大華優利高填息30,52,1,51,凱基-鳳山,2023-12-13,9274
1718,中纖,50,0,50,凱基-鳳山,2023-12-13,9274
2812,台中銀,50,2,48,凱基-鳳山,2023-12-13,9274
2002,中鋼,51,10,41,凱基-鳳山,2023-12-13,9274
1524,耿鼎,51,12,39,凱基-鳳山,2023-12-13,9274
3413,京鼎,39,0,39,凱基-鳳山,2023-12-13,9274
3706,神達,63,28,35,凱基-鳳山,2023-12-13,9274
6284,佳邦,34,0,34,凱基-鳳山,2023-12-13,9274
1503,士電,29,0,29,凱基-鳳山,2023-12-13,9274
3702,大聯大,27,1,26,凱基-鳳山,2023-12-13,9274
3035,智原,47,24,23,凱基-鳳山,2023-12-13,9274
2888,新光金,22,0,22,凱基-鳳山,2023-12-13,9274
4906,正文,27,6,21,凱基-鳳山,2023-12-13,9274
1616,億泰,20,0,20,凱基-鳳山,2023-12-13,9274
2489,瑞軒,20,0,20,凱基-鳳山,2023-12-13,9274
5011,久陽,29,9,20,凱基-鳳山,2023-12-13,9274
9105,泰金寶-DR,20,0,20,凱基-鳳山,2023-12-13,9274
00665L,富邦�琤肭磪囓�2,19,0,19,凱基-鳳山,2023-12-13,9274
1608,華榮,20,1,19,凱基-鳳山,2023-12-13,9274
2332,友訊,19,0,19,凱基-鳳山,2023-12-13,9274
2610,華航,63,44,19,凱基-鳳山,2023-12-13,9274
8411,福貞-KY,18,0,18,凱基-鳳山,2023-12-13,9274
00687B,國泰20年美債,18,1,17,凱基-鳳山,2023-12-13,9274
2634,漢翔,17,1,16,凱基-鳳山,2023-12-13,9274
6282,康舒,19,3,16,凱基-鳳山,2023-12-13,9274
2371,大同,19,3,16,凱基-鳳山,2023-12-13,9274
3630,新鉅科,20,5,15,凱基-鳳山,2023-12-13,9274
00882,中信中國高股息,14,0,14,凱基-鳳山,2023-12-13,9274
8936,國統,17,3,14,凱基-鳳山,2023-12-13,9274
00712,復華富時不動產,30,18,12,凱基-鳳山,2023-12-13,9274
00933B,國泰10Y+金融債,12,0,12,凱基-鳳山,2023-12-13,9274
1101,台泥,10,0,10,凱基-鳳山,2023-12-13,9274
00916,國泰全球品牌50,10,0,10,凱基-鳳山,2023-12-13,9274
00905,FT臺灣Smart,10,0,10,凱基-鳳山,2023-12-13,9274
00888,永豐台灣ESG,10,0,10,凱基-鳳山,2023-12-13,9274
00720B,元大投資級公司債,10,0,10,凱基-鳳山,2023-12-13,9274
2351,順德,10,0,10,凱基-鳳山,2023-12-13,9274
3050,鈺德,10,0,10,凱基-鳳山,2023-12-13,9274
4174,浩鼎,10,0,10,凱基-鳳山,2023-12-13,9274
5272,笙科,10,0,10,凱基-鳳山,2023-12-13,9274
6191,精成科,11,1,10,凱基-鳳山,2023-12-13,9274
8016,矽創,11,1,10,凱基-鳳山,2023-12-13,9274
8101,華冠,10,0,10,凱基-鳳山,2023-12-13,9274
2352,佳世達,12,3,9,凱基-鳳山,2023-12-13,9274
3481,群創,642,12,630,凱基-鳳山,2023-12-14,9274
3047,訊舟,218,16,202,凱基-鳳山,2023-12-14,9274
00919,群益台灣精選高息,214,48,166,凱基-鳳山,2023-12-14,9274
00937B,群益ESG投等債20,128,13,115,凱基-鳳山,2023-12-14,9274
2641,正德,113,13,100,凱基-鳳山,2023-12-14,9274
00933B,國泰10Y+金融債,86,0,86,凱基-鳳山,2023-12-14,9274
00687B,國泰20年美債,44,2,42,凱基-鳳山,2023-12-14,9274
1718,中纖,57,15,42,凱基-鳳山,2023-12-14,9274
00936,台新永續高息中小,39,1,38,凱基-鳳山,2023-12-14,9274
00688L,國泰20年美債正2,36,0,36,凱基-鳳山,2023-12-14,9274
00680L,元大美債20正2,73,42,31,凱基-鳳山,2023-12-14,9274
2615,萬海,31,1,30,凱基-鳳山,2023-12-14,9274
8085,福華,30,0,30,凱基-鳳山,2023-12-14,9274
3041,揚智,35,6,29,凱基-鳳山,2023-12-14,9274
2460,建通,161,133,28,凱基-鳳山,2023-12-14,9274
3702,大聯大,27,0,27,凱基-鳳山,2023-12-14,9274
4167,松瑞藥,29,2,27,凱基-鳳山,2023-12-14,9274
3413,京鼎,27,1,26,凱基-鳳山,2023-12-14,9274
2002,中鋼,24,0,24,凱基-鳳山,2023-12-14,9274
2882,國泰金,26,4,22,凱基-鳳山,2023-12-14,9274
00918,大華優利高填息30,22,2,20,凱基-鳳山,2023-12-14,9274
2889,國票金,23,4,19,凱基-鳳山,2023-12-14,9274
00679B,元大美債20年,54,35,19,凱基-鳳山,2023-12-14,9274
3059,華晶科,18,0,18,凱基-鳳山,2023-12-14,9274
1568,倉佑,16,0,16,凱基-鳳山,2023-12-14,9274
2606,裕民,21,5,16,凱基-鳳山,2023-12-14,9274
6669,緯穎,16,0,16,凱基-鳳山,2023-12-14,9274
8069,元太,16,0,16,凱基-鳳山,2023-12-14,9274
1603,華電,20,5,15,凱基-鳳山,2023-12-14,9274
3703,欣陸,15,0,15,凱基-鳳山,2023-12-14,9274
6005,群益證,15,0,15,凱基-鳳山,2023-12-14,9274
00751B,元大AAA至A公司債,13,0,13,凱基-鳳山,2023-12-14,9274
00934,中信成長高股息,15,2,13,凱基-鳳山,2023-12-14,9274
2610,華航,14,1,13,凱基-鳳山,2023-12-14,9274
3062,建漢,14,1,13,凱基-鳳山,2023-12-14,9274
1513,中興電,15,2,13,凱基-鳳山,2023-12-14,9274
00882,中信中國高股息,96,84,12,凱基-鳳山,2023-12-14,9274
2419,仲琦,18,6,12,凱基-鳳山,2023-12-14,9274
3211,順達,15,4,11,凱基-鳳山,2023-12-14,9274
6182,合晶,10,0,10,凱基-鳳山,2023-12-14,9274
1102,亞泥,10,0,10,凱基-鳳山,2023-12-14,9274
1312,國喬,10,0,10,凱基-鳳山,2023-12-14,9274
2612,中航,10,0,10,凱基-鳳山,2023-12-14,9274
2897,王道銀行,10,0,10,凱基-鳳山,2023-12-14,9274
3014,聯陽,14,4,10,凱基-鳳山,2023-12-14,9274
5521,工信,83,73,10,凱基-鳳山,2023-12-14,9274
5608,四維航,14,4,10,凱基-鳳山,2023-12-14,9274
3390,旭軟,9,0,9,凱基-鳳山,2023-12-14,9274
8054,安國,11,2,9,凱基-鳳山,2023-12-14,9274
8201,無敵,7,0,7,凱基-鳳山,2023-12-14,9274
2356,英業達,431,278,153,凱基-鳳山,2023-12-15,9274
00937B,群益ESG投等債20,160,11,149,凱基-鳳山,2023-12-15,9274
00679B,元大美債20年,151,7,144,凱基-鳳山,2023-12-15,9274
00919,群益台灣精選高息,196,55,141,凱基-鳳山,2023-12-15,9274
2363,矽統,249,152,97,凱基-鳳山,2023-12-15,9274
3481,群創,133,44,89,凱基-鳳山,2023-12-15,9274
3059,華晶科,104,18,86,凱基-鳳山,2023-12-15,9274
00918,大華優利高填息30,80,1,79,凱基-鳳山,2023-12-15,9274
4919,新唐,60,1,59,凱基-鳳山,2023-12-15,9274
2801,彰銀,55,0,55,凱基-鳳山,2023-12-15,9274
3413,京鼎,45,3,42,凱基-鳳山,2023-12-15,9274
00934,中信成長高股息,46,7,39,凱基-鳳山,2023-12-15,9274
2409,友達,40,1,39,凱基-鳳山,2023-12-15,9274
8089,康全電訊,101,63,38,凱基-鳳山,2023-12-15,9274
00687B,國泰20年美債,42,6,36,凱基-鳳山,2023-12-15,9274
2367,燿華,34,0,34,凱基-鳳山,2023-12-15,9274
9958,世紀鋼,152,119,33,凱基-鳳山,2023-12-15,9274
00885,富邦越南,35,5,30,凱基-鳳山,2023-12-15,9274
2103,台橡,30,0,30,凱基-鳳山,2023-12-15,9274
3217,優群,32,2,30,凱基-鳳山,2023-12-15,9274
2369,菱生,25,0,25,凱基-鳳山,2023-12-15,9274
00720B,元大投資級公司債,25,2,23,凱基-鳳山,2023-12-15,9274
1513,中興電,27,4,23,凱基-鳳山,2023-12-15,9274
3062,建漢,23,0,23,凱基-鳳山,2023-12-15,9274
5328,華容,23,0,23,凱基-鳳山,2023-12-15,9274
2882,國泰金,25,2,23,凱基-鳳山,2023-12-15,9274
2888,新光金,31,9,22,凱基-鳳山,2023-12-15,9274
2206,三陽工業,18,0,18,凱基-鳳山,2023-12-15,9274
1609,大亞,17,1,16,凱基-鳳山,2023-12-15,9274
6173,信昌電,16,0,16,凱基-鳳山,2023-12-15,9274
2201,裕隆,16,1,15,凱基-鳳山,2023-12-15,9274
00915,凱基優選高股息30,16,2,14,凱基-鳳山,2023-12-15,9274
4915,致伸,15,2,13,凱基-鳳山,2023-12-15,9274
6244,茂迪,13,0,13,凱基-鳳山,2023-12-15,9274
2029,盛餘,12,0,12,凱基-鳳山,2023-12-15,9274
2316,楠梓電,20,8,12,凱基-鳳山,2023-12-15,9274
3380,明泰,15,3,12,凱基-鳳山,2023-12-15,9274
1319,東陽,14,3,11,凱基-鳳山,2023-12-15,9274
5009,榮剛,12,1,11,凱基-鳳山,2023-12-15,9274
5425,台半,35,24,11,凱基-鳳山,2023-12-15,9274
3305,昇貿,10,0,10,凱基-鳳山,2023-12-15,9274
00634R,富邦上証反1,10,0,10,凱基-鳳山,2023-12-15,9274
00633L,富邦上証正2,11,1,10,凱基-鳳山,2023-12-15,9274
2332,友訊,10,0,10,凱基-鳳山,2023-12-15,9274
2547,日勝生,10,0,10,凱基-鳳山,2023-12-15,9274
3015,全漢,10,0,10,凱基-鳳山,2023-12-15,9274
3265,台星科,13,3,10,凱基-鳳山,2023-12-15,9274
5512,力麒,10,0,10,凱基-鳳山,2023-12-15,9274
6153,嘉聯益,10,0,10,凱基-鳳山,2023-12-15,9274
8046,南電,10,0,10,凱基-鳳山,2023-12-15,9274
3481,群創,193,2,191,凱基-鳳山,2023-12-18,9274
2356,英業達,251,107,144,凱基-鳳山,2023-12-18,9274
2014,中鴻,180,89,91,凱基-鳳山,2023-12-18,9274
00688L,國泰20年美債正2,92,12,80,凱基-鳳山,2023-12-18,9274
3014,聯陽,147,74,73,凱基-鳳山,2023-12-18,9274
00929,復華台灣科技優息,75,7,68,凱基-鳳山,2023-12-18,9274
2618,長榮航,81,29,52,凱基-鳳山,2023-12-18,9274
1718,中纖,45,0,45,凱基-鳳山,2023-12-18,9274
2515,中工,43,0,43,凱基-鳳山,2023-12-18,9274
00665L,富邦�琤肭磪囓�2,40,0,40,凱基-鳳山,2023-12-18,9274
6244,茂迪,41,1,40,凱基-鳳山,2023-12-18,9274
00680L,元大美債20正2,68,29,39,凱基-鳳山,2023-12-18,9274
1905,華紙,74,35,39,凱基-鳳山,2023-12-18,9274
2882,國泰金,33,0,33,凱基-鳳山,2023-12-18,9274
00751B,元大AAA至A公司債,31,0,31,凱基-鳳山,2023-12-18,9274
00937B,群益ESG投等債20,61,30,31,凱基-鳳山,2023-12-18,9274
4906,正文,30,0,30,凱基-鳳山,2023-12-18,9274
2363,矽統,42,14,28,凱基-鳳山,2023-12-18,9274
2369,菱生,25,0,25,凱基-鳳山,2023-12-18,9274
2324,仁寶,55,34,21,凱基-鳳山,2023-12-18,9274
6806,森崴能源,21,0,21,凱基-鳳山,2023-12-18,9274
00720B,元大投資級公司債,21,1,20,凱基-鳳山,2023-12-18,9274
00753L,中信中國50正2,20,0,20,凱基-鳳山,2023-12-18,9274
1312,國喬,20,0,20,凱基-鳳山,2023-12-18,9274
2023,燁輝,34,15,19,凱基-鳳山,2023-12-18,9274
2030,彰源,22,5,17,凱基-鳳山,2023-12-18,9274
2634,漢翔,18,1,17,凱基-鳳山,2023-12-18,9274
2617,台航,16,0,16,凱基-鳳山,2023-12-18,9274
00915,凱基優選高股息30,23,9,14,凱基-鳳山,2023-12-18,9274
1608,華榮,14,1,13,凱基-鳳山,2023-12-18,9274
2022,聚亨,37,25,12,凱基-鳳山,2023-12-18,9274
6122,擎邦,12,0,12,凱基-鳳山,2023-12-18,9274
2340,台亞,11,0,11,凱基-鳳山,2023-12-18,9274
2413,環科,12,1,11,凱基-鳳山,2023-12-18,9274
2505,國揚,11,0,11,凱基-鳳山,2023-12-18,9274
3324,雙鴻,11,0,11,凱基-鳳山,2023-12-18,9274
5347,世界,12,1,11,凱基-鳳山,2023-12-18,9274
00918,大華優利高填息30,19,9,10,凱基-鳳山,2023-12-18,9274
00733,富邦臺灣中小,10,0,10,凱基-鳳山,2023-12-18,9274
1584,精剛,10,0,10,凱基-鳳山,2023-12-18,9274
2332,友訊,10,0,10,凱基-鳳山,2023-12-18,9274
3013,晟銘電,10,0,10,凱基-鳳山,2023-12-18,9274
00713,元大台灣高息低波,11,2,9,凱基-鳳山,2023-12-18,9274
3017,奇鋐,9,0,9,凱基-鳳山,2023-12-18,9274
2457,飛宏,9,0,9,凱基-鳳山,2023-12-18,9274
2883,凱基金,9,0,9,凱基-鳳山,2023-12-18,9274
3623,富晶通,10,1,9,凱基-鳳山,2023-12-18,9274
8069,元太,9,0,9,凱基-鳳山,2023-12-18,9274
9958,世紀鋼,62,53,9,凱基-鳳山,2023-12-18,9274
2206,三陽工業,8,0,8,凱基-鳳山,2023-12-18,9274
3047,訊舟,496,6,490,凱基-鳳山,2023-12-19,9274
3481,群創,312,21,291,凱基-鳳山,2023-12-19,9274
2356,英業達,265,9,256,凱基-鳳山,2023-12-19,9274
00919,群益台灣精選高息,137,30,107,凱基-鳳山,2023-12-19,9274
1905,華紙,150,64,86,凱基-鳳山,2023-12-19,9274
00929,復華台灣科技優息,125,49,76,凱基-鳳山,2023-12-19,9274
00937B,群益ESG投等債20,82,8,74,凱基-鳳山,2023-12-19,9274
2516,新建,60,0,60,凱基-鳳山,2023-12-19,9274
3014,聯陽,236,176,60,凱基-鳳山,2023-12-19,9274
00688L,國泰20年美債正2,58,0,58,凱基-鳳山,2023-12-19,9274
00680L,元大美債20正2,58,5,53,凱基-鳳山,2023-12-19,9274
2460,建通,284,233,51,凱基-鳳山,2023-12-19,9274
1616,億泰,50,0,50,凱基-鳳山,2023-12-19,9274
0056,元大高股息,40,4,36,凱基-鳳山,2023-12-19,9274
3380,明泰,35,0,35,凱基-鳳山,2023-12-19,9274
00720B,元大投資級公司債,34,0,34,凱基-鳳山,2023-12-19,9274
6244,茂迪,32,0,32,凱基-鳳山,2023-12-19,9274
2609,陽明,112,81,31,凱基-鳳山,2023-12-19,9274
00933B,國泰10Y+金融債,30,0,30,凱基-鳳山,2023-12-19,9274
2371,大同,35,8,27,凱基-鳳山,2023-12-19,9274
2409,友達,27,0,27,凱基-鳳山,2023-12-19,9274
2882,國泰金,26,0,26,凱基-鳳山,2023-12-19,9274
4167,松瑞藥,30,4,26,凱基-鳳山,2023-12-19,9274
2618,長榮航,29,6,23,凱基-鳳山,2023-12-19,9274
2801,彰銀,22,0,22,凱基-鳳山,2023-12-19,9274
00706L,期元大S＆P日圓正2,22,0,22,凱基-鳳山,2023-12-19,9274
00918,大華優利高填息30,21,0,21,凱基-鳳山,2023-12-19,9274
00934,中信成長高股息,20,0,20,凱基-鳳山,2023-12-19,9274
1312,國喬,20,0,20,凱基-鳳山,2023-12-19,9274
4934,太極,35,15,20,凱基-鳳山,2023-12-19,9274
6126,信音,20,0,20,凱基-鳳山,2023-12-19,9274
2344,華邦電,23,4,19,凱基-鳳山,2023-12-19,9274
2313,華通,27,9,18,凱基-鳳山,2023-12-19,9274
3413,京鼎,16,0,16,凱基-鳳山,2023-12-19,9274
8016,矽創,16,0,16,凱基-鳳山,2023-12-19,9274
3591,艾笛森,15,0,15,凱基-鳳山,2023-12-19,9274
6112,邁達特,15,0,15,凱基-鳳山,2023-12-19,9274
6116,彩晶,15,0,15,凱基-鳳山,2023-12-19,9274
00679B,元大美債20年,17,3,14,凱基-鳳山,2023-12-19,9274
5011,久陽,14,0,14,凱基-鳳山,2023-12-19,9274
8112,至上,15,3,12,凱基-鳳山,2023-12-19,9274
1513,中興電,36,25,11,凱基-鳳山,2023-12-19,9274
2323,中環,11,0,11,凱基-鳳山,2023-12-19,9274
8227,巨有科技,11,0,11,凱基-鳳山,2023-12-19,9274
020031,統一IC設計臺灣N,10,0,10,凱基-鳳山,2023-12-19,9274
1464,得力,10,0,10,凱基-鳳山,2023-12-19,9274
2332,友訊,10,0,10,凱基-鳳山,2023-12-19,9274
2606,裕民,11,1,10,凱基-鳳山,2023-12-19,9274
2636,台驊控股,19,9,10,凱基-鳳山,2023-12-19,9274
4168,醣聯,10,0,10,凱基-鳳山,2023-12-19,9274
2884,玉山金,171,4,167,凱基-鳳山,2023-12-20,9274
00919,群益台灣精選高息,201,38,163,凱基-鳳山,2023-12-20,9274
00679B,元大美債20年,166,5,161,凱基-鳳山,2023-12-20,9274
00712,復華富時不動產,75,4,71,凱基-鳳山,2023-12-20,9274
8089,康全電訊,76,7,69,凱基-鳳山,2023-12-20,9274
00937B,群益ESG投等債20,73,10,63,凱基-鳳山,2023-12-20,9274
00680L,元大美債20正2,47,0,47,凱基-鳳山,2023-12-20,9274
9958,世紀鋼,51,7,44,凱基-鳳山,2023-12-20,9274
1312,國喬,37,0,37,凱基-鳳山,2023-12-20,9274
3006,晶豪科,38,2,36,凱基-鳳山,2023-12-20,9274
2891,中信金,35,3,32,凱基-鳳山,2023-12-20,9274
2002,中鋼,55,24,31,凱基-鳳山,2023-12-20,9274
00885,富邦越南,42,15,27,凱基-鳳山,2023-12-20,9274
3591,艾笛森,26,0,26,凱基-鳳山,2023-12-20,9274
6275,元山,25,0,25,凱基-鳳山,2023-12-20,9274
2371,大同,82,62,20,凱基-鳳山,2023-12-20,9274
00665L,富邦�琤肭磪囓�2,20,0,20,凱基-鳳山,2023-12-20,9274
1905,華紙,25,5,20,凱基-鳳山,2023-12-20,9274
2014,中鴻,76,58,18,凱基-鳳山,2023-12-20,9274
2369,菱生,17,0,17,凱基-鳳山,2023-12-20,9274
1618,合機,17,0,17,凱基-鳳山,2023-12-20,9274
00933B,國泰10Y+金融債,16,0,16,凱基-鳳山,2023-12-20,9274
00900,富邦特選高股息30,21,5,16,凱基-鳳山,2023-12-20,9274
2911,麗嬰房,16,0,16,凱基-鳳山,2023-12-20,9274
2618,長榮航,15,0,15,凱基-鳳山,2023-12-20,9274
00687B,國泰20年美債,26,12,14,凱基-鳳山,2023-12-20,9274
3217,優群,31,17,14,凱基-鳳山,2023-12-20,9274
1733,五鼎,14,0,14,凱基-鳳山,2023-12-20,9274
2365,昆盈,16,2,14,凱基-鳳山,2023-12-20,9274
2010,春源,19,5,14,凱基-鳳山,2023-12-20,9274
2882,國泰金,14,0,14,凱基-鳳山,2023-12-20,9274
3044,健鼎,13,0,13,凱基-鳳山,2023-12-20,9274
4919,新唐,13,0,13,凱基-鳳山,2023-12-20,9274
8936,國統,16,3,13,凱基-鳳山,2023-12-20,9274
3481,群創,37,25,12,凱基-鳳山,2023-12-20,9274
00720B,元大投資級公司債,13,2,11,凱基-鳳山,2023-12-20,9274
6799,來頡,15,4,11,凱基-鳳山,2023-12-20,9274
2017,官田鋼,10,0,10,凱基-鳳山,2023-12-20,9274
00924,復華S＆P500成長,10,0,10,凱基-鳳山,2023-12-20,9274
00936,台新永續高息中小,10,0,10,凱基-鳳山,2023-12-20,9274
2816,旺旺保,10,0,10,凱基-鳳山,2023-12-20,9274
2887,台新金,10,0,10,凱基-鳳山,2023-12-20,9274
3035,智原,14,5,9,凱基-鳳山,2023-12-20,9274
1218,泰山,10,1,9,凱基-鳳山,2023-12-20,9274
3711,日月光投控,11,2,9,凱基-鳳山,2023-12-20,9274
2892,第一金,10,1,9,凱基-鳳山,2023-12-20,9274
2301,光寶科,8,0,8,凱基-鳳山,2023-12-20,9274
2408,南亞科,9,1,8,凱基-鳳山,2023-12-20,9274
3213,茂訊,9,1,8,凱基-鳳山,2023-12-20,9274
5521,工信,12,5,7,凱基-鳳山,2023-12-20,9274
3047,訊舟,296,8,288,凱基-鳳山,2023-12-21,9274
00665L,富邦�琤肭磪囓�2,100,0,100,凱基-鳳山,2023-12-21,9274
8089,康全電訊,79,12,67,凱基-鳳山,2023-12-21,9274
1732,毛寶,58,0,58,凱基-鳳山,2023-12-21,9274
2515,中工,134,89,45,凱基-鳳山,2023-12-21,9274
00919,群益台灣精選高息,63,22,41,凱基-鳳山,2023-12-21,9274
9958,世紀鋼,46,7,39,凱基-鳳山,2023-12-21,9274
2409,友達,60,25,35,凱基-鳳山,2023-12-21,9274
2413,環科,34,0,34,凱基-鳳山,2023-12-21,9274
2324,仁寶,64,36,28,凱基-鳳山,2023-12-21,9274
3035,智原,36,8,28,凱基-鳳山,2023-12-21,9274
00772B,中信高評級公司債,26,0,26,凱基-鳳山,2023-12-21,9274
2201,裕隆,25,1,24,凱基-鳳山,2023-12-21,9274
00902,中信電池及儲能,23,0,23,凱基-鳳山,2023-12-21,9274
8085,福華,25,2,23,凱基-鳳山,2023-12-21,9274
00918,大華優利高填息30,22,1,21,凱基-鳳山,2023-12-21,9274
2014,中鴻,38,17,21,凱基-鳳山,2023-12-21,9274
4162,智擎,20,0,20,凱基-鳳山,2023-12-21,9274
2371,大同,20,1,19,凱基-鳳山,2023-12-21,9274
3264,欣銓,19,0,19,凱基-鳳山,2023-12-21,9274
2882,國泰金,19,0,19,凱基-鳳山,2023-12-21,9274
2449,京元電子,19,1,18,凱基-鳳山,2023-12-21,9274
6005,群益證,20,3,17,凱基-鳳山,2023-12-21,9274
6138,茂達,16,0,16,凱基-鳳山,2023-12-21,9274
2883,凱基金,25,10,15,凱基-鳳山,2023-12-21,9274
2323,中環,21,6,15,凱基-鳳山,2023-12-21,9274
00680L,元大美債20正2,15,0,15,凱基-鳳山,2023-12-21,9274
00937B,群益ESG投等債20,31,16,15,凱基-鳳山,2023-12-21,9274
1325,恆大,19,4,15,凱基-鳳山,2023-12-21,9274
6275,元山,15,0,15,凱基-鳳山,2023-12-21,9274
00929,復華台灣科技優息,77,62,15,凱基-鳳山,2023-12-21,9274
2303,聯電,15,0,15,凱基-鳳山,2023-12-21,9274
1308,亞聚,14,0,14,凱基-鳳山,2023-12-21,9274
2023,燁輝,15,2,13,凱基-鳳山,2023-12-21,9274
00878,國泰永續高股息,31,19,12,凱基-鳳山,2023-12-21,9274
3294,英濟,12,0,12,凱基-鳳山,2023-12-21,9274
8477,創業家,12,0,12,凱基-鳳山,2023-12-21,9274
8110,華東,264,252,12,凱基-鳳山,2023-12-21,9274
1712,興農,10,0,10,凱基-鳳山,2023-12-21,9274
2316,楠梓電,10,0,10,凱基-鳳山,2023-12-21,9274
2855,統一證,10,0,10,凱基-鳳山,2023-12-21,9274
00654R,富邦印度反1,10,0,10,凱基-鳳山,2023-12-21,9274
5471,松翰,10,0,10,凱基-鳳山,2023-12-21,9274
6112,邁達特,10,0,10,凱基-鳳山,2023-12-21,9274
3014,聯陽,114,105,9,凱基-鳳山,2023-12-21,9274
2353,宏��,57,48,9,凱基-鳳山,2023-12-21,9274
5521,工信,13,4,9,凱基-鳳山,2023-12-21,9274
2636,台驊控股,26,18,8,凱基-鳳山,2023-12-21,9274
2886,兆豐金,8,0,8,凱基-鳳山,2023-12-21,9274
2460,建通,56,48,8,凱基-鳳山,2023-12-21,9274
00688L,國泰20年美債正2,293,0,293,凱基-鳳山,2023-12-22,9274
2356,英業達,233,66,167,凱基-鳳山,2023-12-22,9274
4967,十銓,104,8,96,凱基-鳳山,2023-12-22,9274
2884,玉山金,68,0,68,凱基-鳳山,2023-12-22,9274
00857B,永豐20年美公債,50,0,50,凱基-鳳山,2023-12-22,9274
8089,康全電訊,51,1,50,凱基-鳳山,2023-12-22,9274
00937B,群益ESG投等債20,46,0,46,凱基-鳳山,2023-12-22,9274
3047,訊舟,234,191,43,凱基-鳳山,2023-12-22,9274
1503,士電,40,0,40,凱基-鳳山,2023-12-22,9274
2387,精元,37,0,37,凱基-鳳山,2023-12-22,9274
2641,正德,35,0,35,凱基-鳳山,2023-12-22,9274
00885,富邦越南,45,10,35,凱基-鳳山,2023-12-22,9274
00679B,元大美債20年,46,13,33,凱基-鳳山,2023-12-22,9274
2886,兆豐金,33,1,32,凱基-鳳山,2023-12-22,9274
00680L,元大美債20正2,57,25,32,凱基-鳳山,2023-12-22,9274
1314,中石化,32,1,31,凱基-鳳山,2023-12-22,9274
2460,建通,75,47,28,凱基-鳳山,2023-12-22,9274
1513,中興電,28,2,26,凱基-鳳山,2023-12-22,9274
2344,華邦電,64,39,25,凱基-鳳山,2023-12-22,9274
6116,彩晶,35,10,25,凱基-鳳山,2023-12-22,9274
00933B,國泰10Y+金融債,23,0,23,凱基-鳳山,2023-12-22,9274
1605,華新,26,3,23,凱基-鳳山,2023-12-22,9274
1732,毛寶,23,0,23,凱基-鳳山,2023-12-22,9274
6288,聯嘉,23,0,23,凱基-鳳山,2023-12-22,9274
2201,裕隆,38,15,23,凱基-鳳山,2023-12-22,9274
1303,南亞,20,0,20,凱基-鳳山,2023-12-22,9274
2331,精英,28,10,18,凱基-鳳山,2023-12-22,9274
8410,森田,18,0,18,凱基-鳳山,2023-12-22,9274
00687B,國泰20年美債,25,7,18,凱基-鳳山,2023-12-22,9274
8110,華東,18,2,16,凱基-鳳山,2023-12-22,9274
2615,萬海,67,52,15,凱基-鳳山,2023-12-22,9274
1608,華榮,15,0,15,凱基-鳳山,2023-12-22,9274
1733,五鼎,14,0,14,凱基-鳳山,2023-12-22,9274
1305,華夏,13,0,13,凱基-鳳山,2023-12-22,9274
2337,旺宏,13,0,13,凱基-鳳山,2023-12-22,9274
4190,佐登-KY,13,0,13,凱基-鳳山,2023-12-22,9274
6147,頎邦,14,1,13,凱基-鳳山,2023-12-22,9274
2605,新興,25,13,12,凱基-鳳山,2023-12-22,9274
00673R,期元大S＆P原油反1,12,0,12,凱基-鳳山,2023-12-22,9274
2355,敬鵬,13,1,12,凱基-鳳山,2023-12-22,9274
2007,燁興,11,0,11,凱基-鳳山,2023-12-22,9274
2313,華通,11,1,10,凱基-鳳山,2023-12-22,9274
00891,中信關鍵半導體,10,0,10,凱基-鳳山,2023-12-22,9274
00665L,富邦�琤肭磪囓�2,110,100,10,凱基-鳳山,2023-12-22,9274
1616,億泰,10,0,10,凱基-鳳山,2023-12-22,9274
2538,基泰,10,0,10,凱基-鳳山,2023-12-22,9274
2731,雄獅,10,0,10,凱基-鳳山,2023-12-22,9274
2880,華南金,10,0,10,凱基-鳳山,2023-12-22,9274
00929,復華台灣科技優息,35,26,9,凱基-鳳山,2023-12-22,9274
00756B,群益投等新興公債,9,0,9,凱基-鳳山,2023-12-22,9274
2615,萬海,260,146,114,凱基-鳳山,2023-12-25,9274
2609,陽明,346,243,103,凱基-鳳山,2023-12-25,9274
00665L,富邦�琤肭磪囓�2,100,0,100,凱基-鳳山,2023-12-25,9274
00919,群益台灣精選高息,87,1,86,凱基-鳳山,2023-12-25,9274
2324,仁寶,106,25,81,凱基-鳳山,2023-12-25,9274
1608,華榮,80,0,80,凱基-鳳山,2023-12-25,9274
2884,玉山金,76,2,74,凱基-鳳山,2023-12-25,9274
2610,華航,104,42,62,凱基-鳳山,2023-12-25,9274
2038,海光,59,0,59,凱基-鳳山,2023-12-25,9274
3047,訊舟,964,907,57,凱基-鳳山,2023-12-25,9274
2331,精英,54,3,51,凱基-鳳山,2023-12-25,9274
00878,國泰永續高股息,82,34,48,凱基-鳳山,2023-12-25,9274
00929,復華台灣科技優息,64,26,38,凱基-鳳山,2023-12-25,9274
2344,華邦電,34,3,31,凱基-鳳山,2023-12-25,9274
4906,正文,30,1,29,凱基-鳳山,2023-12-25,9274
0056,元大高股息,32,4,28,凱基-鳳山,2023-12-25,9274
2882,國泰金,27,0,27,凱基-鳳山,2023-12-25,9274
8240,華宏,27,0,27,凱基-鳳山,2023-12-25,9274
2413,環科,26,0,26,凱基-鳳山,2023-12-25,9274
2356,英業達,68,46,22,凱基-鳳山,2023-12-25,9274
5425,台半,30,9,21,凱基-鳳山,2023-12-25,9274
1312,國喬,20,0,20,凱基-鳳山,2023-12-25,9274
1337,再生-KY,20,0,20,凱基-鳳山,2023-12-25,9274
6290,良維,22,2,20,凱基-鳳山,2023-12-25,9274
8096,擎亞,21,2,19,凱基-鳳山,2023-12-25,9274
00885,富邦越南,20,2,18,凱基-鳳山,2023-12-25,9274
00937B,群益ESG投等債20,20,3,17,凱基-鳳山,2023-12-25,9274
3548,兆利,22,5,17,凱基-鳳山,2023-12-25,9274
2002,中鋼,22,7,15,凱基-鳳山,2023-12-25,9274
00915,凱基優選高股息30,15,0,15,凱基-鳳山,2023-12-25,9274
6143,振曜,15,0,15,凱基-鳳山,2023-12-25,9274
00713,元大台灣高息低波,15,0,15,凱基-鳳山,2023-12-25,9274
2032,新鋼,14,1,13,凱基-鳳山,2023-12-25,9274
2498,宏達電,23,10,13,凱基-鳳山,2023-12-25,9274
1336,台翰,12,0,12,凱基-鳳山,2023-12-25,9274
1521,大億,12,0,12,凱基-鳳山,2023-12-25,9274
3710,連展投控,12,0,12,凱基-鳳山,2023-12-25,9274
3588,通嘉,11,0,11,凱基-鳳山,2023-12-25,9274
2405,輔信,16,5,11,凱基-鳳山,2023-12-25,9274
8089,康全電訊,25,14,11,凱基-鳳山,2023-12-25,9274
2014,中鴻,29,19,10,凱基-鳳山,2023-12-25,9274
00673R,期元大S＆P原油反1,10,0,10,凱基-鳳山,2023-12-25,9274
1720,生達,14,4,10,凱基-鳳山,2023-12-25,9274
2030,彰源,10,0,10,凱基-鳳山,2023-12-25,9274
2105,正新,10,0,10,凱基-鳳山,2023-12-25,9274
2323,中環,10,0,10,凱基-鳳山,2023-12-25,9274
3704,合勤控,10,0,10,凱基-鳳山,2023-12-25,9274
4167,松瑞藥,10,0,10,凱基-鳳山,2023-12-25,9274
5347,世界,10,0,10,凱基-鳳山,2023-12-25,9274
8016,矽創,10,0,10,凱基-鳳山,2023-12-25,9274
00665L,富邦�琤肭磪囓�2,100,0,100,凱基-鳳山,2023-12-26,9274
00929,復華台灣科技優息,111,18,93,凱基-鳳山,2023-12-26,9274
2867,三商壽,70,0,70,凱基-鳳山,2023-12-26,9274
2387,精元,60,0,60,凱基-鳳山,2023-12-26,9274
6116,彩晶,52,5,47,凱基-鳳山,2023-12-26,9274
2352,佳世達,45,0,45,凱基-鳳山,2023-12-26,9274
00885,富邦越南,37,0,37,凱基-鳳山,2023-12-26,9274
6462,神盾,36,2,34,凱基-鳳山,2023-12-26,9274
2355,敬鵬,38,9,29,凱基-鳳山,2023-12-26,9274
6163,華電網,24,0,24,凱基-鳳山,2023-12-26,9274
2888,新光金,28,5,23,凱基-鳳山,2023-12-26,9274
2014,中鴻,24,1,23,凱基-鳳山,2023-12-26,9274
00715L,期街口布蘭特正2,22,0,22,凱基-鳳山,2023-12-26,9274
6127,九豪,25,3,22,凱基-鳳山,2023-12-26,9274
8085,福華,20,0,20,凱基-鳳山,2023-12-26,9274
3231,緯創,35,17,18,凱基-鳳山,2023-12-26,9274
00934,中信成長高股息,21,3,18,凱基-鳳山,2023-12-26,9274
2377,微星,24,7,17,凱基-鳳山,2023-12-26,9274
2007,燁興,17,0,17,凱基-鳳山,2023-12-26,9274
6143,振曜,16,0,16,凱基-鳳山,2023-12-26,9274
8069,元太,16,0,16,凱基-鳳山,2023-12-26,9274
00919,群益台灣精選高息,20,6,14,凱基-鳳山,2023-12-26,9274
2610,華航,18,4,14,凱基-鳳山,2023-12-26,9274
3545,敦泰,14,0,14,凱基-鳳山,2023-12-26,9274
2515,中工,20,6,14,凱基-鳳山,2023-12-26,9274
00936,台新永續高息中小,12,0,12,凱基-鳳山,2023-12-26,9274
3372,典範,12,0,12,凱基-鳳山,2023-12-26,9274
2353,宏��,65,53,12,凱基-鳳山,2023-12-26,9274
00931B,統一美債20年,11,0,11,凱基-鳳山,2023-12-26,9274
2020,美亞,13,2,11,凱基-鳳山,2023-12-26,9274
3530,晶相光,12,2,10,凱基-鳳山,2023-12-26,9274
2486,一詮,10,0,10,凱基-鳳山,2023-12-26,9274
00713,元大台灣高息低波,10,0,10,凱基-鳳山,2023-12-26,9274
1312,國喬,10,0,10,凱基-鳳山,2023-12-26,9274
2023,燁輝,10,0,10,凱基-鳳山,2023-12-26,9274
2359,所羅門,10,0,10,凱基-鳳山,2023-12-26,9274
5014,建錩,10,0,10,凱基-鳳山,2023-12-26,9274
5609,中菲行,10,0,10,凱基-鳳山,2023-12-26,9274
6108,競國,10,0,10,凱基-鳳山,2023-12-26,9274
6112,邁達特,10,0,10,凱基-鳳山,2023-12-26,9274
8049,晶采,10,0,10,凱基-鳳山,2023-12-26,9274
1524,耿鼎,12,3,9,凱基-鳳山,2023-12-26,9274
6187,萬潤,10,2,8,凱基-鳳山,2023-12-26,9274
00687B,國泰20年美債,8,0,8,凱基-鳳山,2023-12-26,9274
00712,復華富時不動產,9,1,8,凱基-鳳山,2023-12-26,9274
3094,聯傑,8,1,7,凱基-鳳山,2023-12-26,9274
5603,陸海,7,0,7,凱基-鳳山,2023-12-26,9274
00915,凱基優選高股息30,6,0,6,凱基-鳳山,2023-12-26,9274
5521,工信,6,0,6,凱基-鳳山,2023-12-26,9274
5478,智冠,19,14,5,凱基-鳳山,2023-12-26,9274
2387,精元,127,0,127,凱基-鳳山,2023-12-27,9274
00937B,群益ESG投等債20,179,62,117,凱基-鳳山,2023-12-27,9274
2405,輔信,132,24,108,凱基-鳳山,2023-12-27,9274
2801,彰銀,100,0,100,凱基-鳳山,2023-12-27,9274
9934,成霖,71,0,71,凱基-鳳山,2023-12-27,9274
2014,中鴻,72,17,55,凱基-鳳山,2023-12-27,9274
2610,華航,51,0,51,凱基-鳳山,2023-12-27,9274
3576,聯合再生,50,0,50,凱基-鳳山,2023-12-27,9274
2355,敬鵬,46,7,39,凱基-鳳山,2023-12-27,9274
3231,緯創,52,13,39,凱基-鳳山,2023-12-27,9274
2312,金寶,39,2,37,凱基-鳳山,2023-12-27,9274
2641,正德,34,2,32,凱基-鳳山,2023-12-27,9274
1718,中纖,29,0,29,凱基-鳳山,2023-12-27,9274
5347,世界,26,4,22,凱基-鳳山,2023-12-27,9274
5521,工信,22,0,22,凱基-鳳山,2023-12-27,9274
00636,國泰中國A50,20,0,20,凱基-鳳山,2023-12-27,9274
1312,國喬,20,0,20,凱基-鳳山,2023-12-27,9274
2618,長榮航,24,4,20,凱基-鳳山,2023-12-27,9274
9105,泰金寶-DR,20,0,20,凱基-鳳山,2023-12-27,9274
3014,聯陽,33,15,18,凱基-鳳山,2023-12-27,9274
9958,世紀鋼,25,8,17,凱基-鳳山,2023-12-27,9274
00706L,期元大S＆P日圓正2,15,0,15,凱基-鳳山,2023-12-27,9274
3049,精金,15,0,15,凱基-鳳山,2023-12-27,9274
6163,華電網,15,0,15,凱基-鳳山,2023-12-27,9274
6290,良維,16,2,14,凱基-鳳山,2023-12-27,9274
2324,仁寶,52,38,14,凱基-鳳山,2023-12-27,9274
00931B,統一美債20年,16,4,12,凱基-鳳山,2023-12-27,9274
3041,揚智,18,6,12,凱基-鳳山,2023-12-27,9274
5515,建國,11,0,11,凱基-鳳山,2023-12-27,9274
6133,金橋,11,0,11,凱基-鳳山,2023-12-27,9274
6187,萬潤,11,0,11,凱基-鳳山,2023-12-27,9274
00915,凱基優選高股息30,11,0,11,凱基-鳳山,2023-12-27,9274
2612,中航,10,0,10,凱基-鳳山,2023-12-27,9274
6182,合晶,11,1,10,凱基-鳳山,2023-12-27,9274
2029,盛餘,10,0,10,凱基-鳳山,2023-12-27,9274
2892,第一金,10,0,10,凱基-鳳山,2023-12-27,9274
8044,網家,10,0,10,凱基-鳳山,2023-12-27,9274
2886,兆豐金,11,1,10,凱基-鳳山,2023-12-27,9274
2363,矽統,12,3,9,凱基-鳳山,2023-12-27,9274
2462,良得電,9,0,9,凱基-鳳山,2023-12-27,9274
6129,普誠,19,10,9,凱基-鳳山,2023-12-27,9274
8110,華東,9,0,9,凱基-鳳山,2023-12-27,9274
3390,旭軟,17,8,9,凱基-鳳山,2023-12-27,9274
5210,寶碩,8,0,8,凱基-鳳山,2023-12-27,9274
00688L,國泰20年美債正2,7,0,7,凱基-鳳山,2023-12-27,9274
2891,中信金,31,24,7,凱基-鳳山,2023-12-27,9274
4979,華星光,7,1,6,凱基-鳳山,2023-12-27,9274
00933B,國泰10Y+金融債,6,0,6,凱基-鳳山,2023-12-27,9274
1305,華夏,6,0,6,凱基-鳳山,2023-12-27,9274
1503,士電,6,0,6,凱基-鳳山,2023-12-27,9274
3481,群創,277,25,252,凱基-鳳山,2023-12-28,9274
8096,擎亞,130,4,126,凱基-鳳山,2023-12-28,9274
00937B,群益ESG投等債20,112,0,112,凱基-鳳山,2023-12-28,9274
2344,華邦電,173,67,106,凱基-鳳山,2023-12-28,9274
2365,昆盈,109,22,87,凱基-鳳山,2023-12-28,9274
3047,訊舟,139,79,60,凱基-鳳山,2023-12-28,9274
2387,精元,58,1,57,凱基-鳳山,2023-12-28,9274
00712,復華富時不動產,43,0,43,凱基-鳳山,2023-12-28,9274
8069,元太,40,1,39,凱基-鳳山,2023-12-28,9274
2883,凱基金,50,13,37,凱基-鳳山,2023-12-28,9274
5351,鈺創,37,2,35,凱基-鳳山,2023-12-28,9274
00919,群益台灣精選高息,48,14,34,凱基-鳳山,2023-12-28,9274
1605,華新,34,2,32,凱基-鳳山,2023-12-28,9274
2867,三商壽,30,0,30,凱基-鳳山,2023-12-28,9274
3545,敦泰,29,4,25,凱基-鳳山,2023-12-28,9274
8089,康全電訊,77,52,25,凱基-鳳山,2023-12-28,9274
2356,英業達,87,64,23,凱基-鳳山,2023-12-28,9274
1612,宏泰,22,1,21,凱基-鳳山,2023-12-28,9274
00715L,期街口布蘭特正2,20,0,20,凱基-鳳山,2023-12-28,9274
2641,正德,20,0,20,凱基-鳳山,2023-12-28,9274
3017,奇鋐,21,1,20,凱基-鳳山,2023-12-28,9274
3035,智原,28,10,18,凱基-鳳山,2023-12-28,9274
00933B,國泰10Y+金融債,19,1,18,凱基-鳳山,2023-12-28,9274
2888,新光金,18,1,17,凱基-鳳山,2023-12-28,9274
2603,長榮,70,54,16,凱基-鳳山,2023-12-28,9274
4939,亞電,33,17,16,凱基-鳳山,2023-12-28,9274
2460,建通,50,35,15,凱基-鳳山,2023-12-28,9274
1608,華榮,14,0,14,凱基-鳳山,2023-12-28,9274
2014,中鴻,33,19,14,凱基-鳳山,2023-12-28,9274
3715,定穎投控,17,3,14,凱基-鳳山,2023-12-28,9274
3037,欣興,13,0,13,凱基-鳳山,2023-12-28,9274
2301,光寶科,13,0,13,凱基-鳳山,2023-12-28,9274
6156,松上,12,0,12,凱基-鳳山,2023-12-28,9274
6179,亞通,16,4,12,凱基-鳳山,2023-12-28,9274
3231,緯創,29,18,11,凱基-鳳山,2023-12-28,9274
3338,泰碩,22,11,11,凱基-鳳山,2023-12-28,9274
4164,承業醫,11,0,11,凱基-鳳山,2023-12-28,9274
2636,台驊控股,10,0,10,凱基-鳳山,2023-12-28,9274
2610,華航,24,14,10,凱基-鳳山,2023-12-28,9274
4190,佐登-KY,10,0,10,凱基-鳳山,2023-12-28,9274
2618,長榮航,14,5,9,凱基-鳳山,2023-12-28,9274
3058,立德,9,0,9,凱基-鳳山,2023-12-28,9274
6173,信昌電,10,1,9,凱基-鳳山,2023-12-28,9274
00918,大華優利高填息30,8,0,8,凱基-鳳山,2023-12-28,9274
00934,中信成長高股息,8,0,8,凱基-鳳山,2023-12-28,9274
2369,菱生,11,3,8,凱基-鳳山,2023-12-28,9274
3006,晶豪科,35,27,8,凱基-鳳山,2023-12-28,9274
2409,友達,20,13,7,凱基-鳳山,2023-12-28,9274
4104,佳醫,7,0,7,凱基-鳳山,2023-12-28,9274
9958,世紀鋼,11,4,7,凱基-鳳山,2023-12-28,9274
00937B,群益ESG投等債20,320,9,311,凱基-鳳山,2023-12-29,9274
00688L,國泰20年美債正2,158,0,158,凱基-鳳山,2023-12-29,9274
5521,工信,168,14,154,凱基-鳳山,2023-12-29,9274
3047,訊舟,298,163,135,凱基-鳳山,2023-12-29,9274
00933B,國泰10Y+金融債,130,42,88,凱基-鳳山,2023-12-29,9274
2387,精元,81,2,79,凱基-鳳山,2023-12-29,9274
3715,定穎投控,62,3,59,凱基-鳳山,2023-12-29,9274
2443,昶虹,48,0,48,凱基-鳳山,2023-12-29,9274
2609,陽明,100,58,42,凱基-鳳山,2023-12-29,9274
1608,華榮,40,2,38,凱基-鳳山,2023-12-29,9274
1503,士電,33,3,30,凱基-鳳山,2023-12-29,9274
5443,均豪,30,0,30,凱基-鳳山,2023-12-29,9274
00715L,期街口布蘭特正2,26,5,21,凱基-鳳山,2023-12-29,9274
2352,佳世達,112,91,21,凱基-鳳山,2023-12-29,9274
2460,建通,116,95,21,凱基-鳳山,2023-12-29,9274
00665L,富邦�琤肭磪囓�2,20,0,20,凱基-鳳山,2023-12-29,9274
6187,萬潤,21,2,19,凱基-鳳山,2023-12-29,9274
6290,良維,19,0,19,凱基-鳳山,2023-12-29,9274
8112,至上,19,2,17,凱基-鳳山,2023-12-29,9274
2303,聯電,25,9,16,凱基-鳳山,2023-12-29,9274
2324,仁寶,45,29,16,凱基-鳳山,2023-12-29,9274
3006,晶豪科,23,8,15,凱基-鳳山,2023-12-29,9274
1514,亞力,27,12,15,凱基-鳳山,2023-12-29,9274
3049,精金,15,0,15,凱基-鳳山,2023-12-29,9274
2362,藍天,16,2,14,凱基-鳳山,2023-12-29,9274
2371,大同,12,0,12,凱基-鳳山,2023-12-29,9274
2615,萬海,16,4,12,凱基-鳳山,2023-12-29,9274
1312,國喬,11,0,11,凱基-鳳山,2023-12-29,9274
2409,友達,28,17,11,凱基-鳳山,2023-12-29,9274
2323,中環,14,3,11,凱基-鳳山,2023-12-29,9274
00753L,中信中國50正2,10,0,10,凱基-鳳山,2023-12-29,9274
00885,富邦越南,10,0,10,凱基-鳳山,2023-12-29,9274
00934,中信成長高股息,10,0,10,凱基-鳳山,2023-12-29,9274
2610,華航,27,17,10,凱基-鳳山,2023-12-29,9274
2867,三商壽,10,0,10,凱基-鳳山,2023-12-29,9274
8110,華東,11,1,10,凱基-鳳山,2023-12-29,9274
6223,旺矽,10,1,9,凱基-鳳山,2023-12-29,9274
8069,元太,16,7,9,凱基-鳳山,2023-12-29,9274
2312,金寶,11,3,8,凱基-鳳山,2023-12-29,9274
2365,昆盈,13,5,8,凱基-鳳山,2023-12-29,9274
2337,旺宏,10,3,7,凱基-鳳山,2023-12-29,9274
6204,艾華,11,4,7,凱基-鳳山,2023-12-29,9274
00929,復華台灣科技優息,31,25,6,凱基-鳳山,2023-12-29,9274
00918,大華優利高填息30,6,0,6,凱基-鳳山,2023-12-29,9274
00637L,元大滬深300正2,6,0,6,凱基-鳳山,2023-12-29,9274
4924,欣厚-KY,6,0,6,凱基-鳳山,2023-12-29,9274
6732,昇佳電子,7,1,6,凱基-鳳山,2023-12-29,9274
2603,長榮,13,7,6,凱基-鳳山,2023-12-29,9274
3548,兆利,12,7,5,凱基-鳳山,2023-12-29,9274
2208,台船,5,0,5,凱基-鳳山,2023-12-29,9274
00937B,群益ESG投等債20,186,4,182,凱基-鳳山,2024-01-02,9274
00637L,元大滬深300正2,135,0,135,凱基-鳳山,2024-01-02,9274
3231,緯創,169,52,117,凱基-鳳山,2024-01-02,9274
00931B,統一美債20年,101,0,101,凱基-鳳山,2024-01-02,9274
2356,英業達,80,10,70,凱基-鳳山,2024-01-02,9274
8096,擎亞,87,21,66,凱基-鳳山,2024-01-02,9274
8089,康全電訊,77,17,60,凱基-鳳山,2024-01-02,9274
00712,復華富時不動產,60,0,60,凱基-鳳山,2024-01-02,9274
00929,復華台灣科技優息,53,1,52,凱基-鳳山,2024-01-02,9274
2615,萬海,64,12,52,凱基-鳳山,2024-01-02,9274
3005,神基,43,0,43,凱基-鳳山,2024-01-02,9274
00687B,國泰20年美債,44,3,41,凱基-鳳山,2024-01-02,9274
8054,安國,43,2,41,凱基-鳳山,2024-01-02,9274
00885,富邦越南,36,0,36,凱基-鳳山,2024-01-02,9274
00878,國泰永續高股息,37,4,33,凱基-鳳山,2024-01-02,9274
00680L,元大美債20正2,32,0,32,凱基-鳳山,2024-01-02,9274
00679B,元大美債20年,30,0,30,凱基-鳳山,2024-01-02,9274
6290,良維,40,14,26,凱基-鳳山,2024-01-02,9274
00688L,國泰20年美債正2,23,0,23,凱基-鳳山,2024-01-02,9274
3607,谷崧,21,0,21,凱基-鳳山,2024-01-02,9274
6233,旺玖,74,53,21,凱基-鳳山,2024-01-02,9274
9934,成霖,20,0,20,凱基-鳳山,2024-01-02,9274
2303,聯電,20,3,17,凱基-鳳山,2024-01-02,9274
3305,昇貿,16,0,16,凱基-鳳山,2024-01-02,9274
3162,精確,16,0,16,凱基-鳳山,2024-01-02,9274
1503,士電,24,9,15,凱基-鳳山,2024-01-02,9274
2641,正德,15,0,15,凱基-鳳山,2024-01-02,9274
8011,台通,17,3,14,凱基-鳳山,2024-01-02,9274
3402,漢科,17,3,14,凱基-鳳山,2024-01-02,9274
3014,聯陽,13,0,13,凱基-鳳山,2024-01-02,9274
00751B,元大AAA至A公司債,12,0,12,凱基-鳳山,2024-01-02,9274
00795B,中信美國公債20年,12,0,12,凱基-鳳山,2024-01-02,9274
3706,神達,15,3,12,凱基-鳳山,2024-01-02,9274
2382,廣達,19,8,11,凱基-鳳山,2024-01-02,9274
5425,台半,11,0,11,凱基-鳳山,2024-01-02,9274
00900,富邦特選高股息30,12,1,11,凱基-鳳山,2024-01-02,9274
00665L,富邦�琤肭磪囓�2,10,0,10,凱基-鳳山,2024-01-02,9274
00753L,中信中國50正2,10,0,10,凱基-鳳山,2024-01-02,9274
00715L,期街口布蘭特正2,10,0,10,凱基-鳳山,2024-01-02,9274
2331,精英,10,0,10,凱基-鳳山,2024-01-02,9274
3017,奇鋐,15,5,10,凱基-鳳山,2024-01-02,9274
5347,世界,11,1,10,凱基-鳳山,2024-01-02,9274
8463,潤泰材,10,0,10,凱基-鳳山,2024-01-02,9274
00915,凱基優選高股息30,9,0,9,凱基-鳳山,2024-01-02,9274
8046,南電,9,1,8,凱基-鳳山,2024-01-02,9274
2344,華邦電,23,16,7,凱基-鳳山,2024-01-02,9274
3588,通嘉,7,0,7,凱基-鳳山,2024-01-02,9274
6732,昇佳電子,8,1,7,凱基-鳳山,2024-01-02,9274
00934,中信成長高股息,7,0,7,凱基-鳳山,2024-01-02,9274
6188,廣明,7,1,6,凱基-鳳山,2024-01-02,9274
3481,群創,723,11,712,凱基-鳳山,2024-01-03,9274
00937B,群益ESG投等債20,137,0,137,凱基-鳳山,2024-01-03,9274
2303,聯電,112,12,100,凱基-鳳山,2024-01-03,9274
2618,長榮航,127,36,91,凱基-鳳山,2024-01-03,9274
00688L,國泰20年美債正2,58,0,58,凱基-鳳山,2024-01-03,9274
00919,群益台灣精選高息,69,11,58,凱基-鳳山,2024-01-03,9274
00878,國泰永續高股息,70,13,57,凱基-鳳山,2024-01-03,9274
2409,友達,46,3,43,凱基-鳳山,2024-01-03,9274
3047,訊舟,324,281,43,凱基-鳳山,2024-01-03,9274
8054,安國,61,19,42,凱基-鳳山,2024-01-03,9274
3591,艾笛森,40,0,40,凱基-鳳山,2024-01-03,9274
6290,良維,38,0,38,凱基-鳳山,2024-01-03,9274
2353,宏��,71,37,34,凱基-鳳山,2024-01-03,9274
2330,台積電,34,0,34,凱基-鳳山,2024-01-03,9274
00687B,國泰20年美債,33,0,33,凱基-鳳山,2024-01-03,9274
2362,藍天,50,17,33,凱基-鳳山,2024-01-03,9274
00881,國泰台灣5G+,32,0,32,凱基-鳳山,2024-01-03,9274
1471,首利,32,0,32,凱基-鳳山,2024-01-03,9274
0056,元大高股息,36,4,32,凱基-鳳山,2024-01-03,9274
00934,中信成長高股息,32,1,31,凱基-鳳山,2024-01-03,9274
2002,中鋼,31,1,30,凱基-鳳山,2024-01-03,9274
2356,英業達,28,4,24,凱基-鳳山,2024-01-03,9274
00923,群益台ESG低碳50,23,0,23,凱基-鳳山,2024-01-03,9274
00720B,元大投資級公司債,22,0,22,凱基-鳳山,2024-01-03,9274
5508,永信建,23,1,22,凱基-鳳山,2024-01-03,9274
2402,毅嘉,23,1,22,凱基-鳳山,2024-01-03,9274
6113,亞矽,24,2,22,凱基-鳳山,2024-01-03,9274
00712,復華富時不動產,31,10,21,凱基-鳳山,2024-01-03,9274
2387,精元,21,0,21,凱基-鳳山,2024-01-03,9274
3231,緯創,30,10,20,凱基-鳳山,2024-01-03,9274
2324,仁寶,38,20,18,凱基-鳳山,2024-01-03,9274
2883,凱基金,18,1,17,凱基-鳳山,2024-01-03,9274
2352,佳世達,18,2,16,凱基-鳳山,2024-01-03,9274
2457,飛宏,16,0,16,凱基-鳳山,2024-01-03,9274
2884,玉山金,16,0,16,凱基-鳳山,2024-01-03,9274
3024,憶聲,19,3,16,凱基-鳳山,2024-01-03,9274
9105,泰金寶-DR,16,0,16,凱基-鳳山,2024-01-03,9274
4190,佐登-KY,15,0,15,凱基-鳳山,2024-01-03,9274
1216,統一,12,0,12,凱基-鳳山,2024-01-03,9274
00929,復華台灣科技優息,128,116,12,凱基-鳳山,2024-01-03,9274
00922,國泰台灣領袖50,11,0,11,凱基-鳳山,2024-01-03,9274
00679B,元大美債20年,31,20,11,凱基-鳳山,2024-01-03,9274
5425,台半,11,0,11,凱基-鳳山,2024-01-03,9274
9945,潤泰新,11,0,11,凱基-鳳山,2024-01-03,9274
3260,威剛,13,2,11,凱基-鳳山,2024-01-03,9274
2365,昆盈,11,0,11,凱基-鳳山,2024-01-03,9274
006208,富邦台50,11,0,11,凱基-鳳山,2024-01-03,9274
00715L,期街口布蘭特正2,10,0,10,凱基-鳳山,2024-01-03,9274
020031,統一IC設計臺灣N,10,0,10,凱基-鳳山,2024-01-03,9274
1409,新纖,10,0,10,凱基-鳳山,2024-01-03,9274
3047,訊舟,905,544,361,凱基-鳳山,2024-01-04,9274
00929,復華台灣科技優息,151,0,151,凱基-鳳山,2024-01-04,9274
00937B,群益ESG投等債20,138,8,130,凱基-鳳山,2024-01-04,9274
3481,群創,137,24,113,凱基-鳳山,2024-01-04,9274
6140,訊達,192,90,102,凱基-鳳山,2024-01-04,9274
6213,聯茂,86,16,70,凱基-鳳山,2024-01-04,9274
6290,良維,115,47,68,凱基-鳳山,2024-01-04,9274
00637L,元大滬深300正2,59,0,59,凱基-鳳山,2024-01-04,9274
2618,長榮航,80,29,51,凱基-鳳山,2024-01-04,9274
2615,萬海,75,34,41,凱基-鳳山,2024-01-04,9274
2460,建通,125,87,38,凱基-鳳山,2024-01-04,9274
00927,群益半導體收益,35,0,35,凱基-鳳山,2024-01-04,9274
5521,工信,39,5,34,凱基-鳳山,2024-01-04,9274
00882,中信中國高股息,33,0,33,凱基-鳳山,2024-01-04,9274
00919,群益台灣精選高息,34,1,33,凱基-鳳山,2024-01-04,9274
6112,邁達特,33,0,33,凱基-鳳山,2024-01-04,9274
3673,TPK-KY,34,3,31,凱基-鳳山,2024-01-04,9274
00706L,期元大S＆P日圓正2,30,0,30,凱基-鳳山,2024-01-04,9274
1314,中石化,33,3,30,凱基-鳳山,2024-01-04,9274
2303,聯電,34,4,30,凱基-鳳山,2024-01-04,9274
3338,泰碩,36,7,29,凱基-鳳山,2024-01-04,9274
2038,海光,40,13,27,凱基-鳳山,2024-01-04,9274
8240,華宏,26,0,26,凱基-鳳山,2024-01-04,9274
2324,仁寶,30,8,22,凱基-鳳山,2024-01-04,9274
6120,達運,22,1,21,凱基-鳳山,2024-01-04,9274
6005,群益證,20,0,20,凱基-鳳山,2024-01-04,9274
1449,佳和,20,1,19,凱基-鳳山,2024-01-04,9274
1336,台翰,18,0,18,凱基-鳳山,2024-01-04,9274
2356,英業達,28,13,15,凱基-鳳山,2024-01-04,9274
2605,新興,27,12,15,凱基-鳳山,2024-01-04,9274
00753L,中信中國50正2,15,0,15,凱基-鳳山,2024-01-04,9274
2892,第一金,15,1,14,凱基-鳳山,2024-01-04,9274
2331,精英,17,3,14,凱基-鳳山,2024-01-04,9274
3380,明泰,14,1,13,凱基-鳳山,2024-01-04,9274
3581,博磊,12,0,12,凱基-鳳山,2024-01-04,9274
2002,中鋼,13,2,11,凱基-鳳山,2024-01-04,9274
8054,安國,10,0,10,凱基-鳳山,2024-01-04,9274
3305,昇貿,10,0,10,凱基-鳳山,2024-01-04,9274
006205,富邦上証,10,0,10,凱基-鳳山,2024-01-04,9274
1312,國喬,10,0,10,凱基-鳳山,2024-01-04,9274
2023,燁輝,10,0,10,凱基-鳳山,2024-01-04,9274
2201,裕隆,10,0,10,凱基-鳳山,2024-01-04,9274
2208,台船,10,0,10,凱基-鳳山,2024-01-04,9274
4973,廣穎,12,2,10,凱基-鳳山,2024-01-04,9274
5471,松翰,10,0,10,凱基-鳳山,2024-01-04,9274
6116,彩晶,10,0,10,凱基-鳳山,2024-01-04,9274
6164,華興,10,0,10,凱基-鳳山,2024-01-04,9274
6443,元晶,11,1,10,凱基-鳳山,2024-01-04,9274
3624,光頡,9,0,9,凱基-鳳山,2024-01-04,9274
8049,晶采,10,1,9,凱基-鳳山,2024-01-04,9274
2303,聯電,220,6,214,凱基-鳳山,2024-01-05,9274
6290,良維,153,6,147,凱基-鳳山,2024-01-05,9274
00680L,元大美債20正2,76,0,76,凱基-鳳山,2024-01-05,9274
00929,復華台灣科技優息,80,7,73,凱基-鳳山,2024-01-05,9274
00857B,永豐20年美公債,57,0,57,凱基-鳳山,2024-01-05,9274
00937B,群益ESG投等債20,48,0,48,凱基-鳳山,2024-01-05,9274
3047,訊舟,525,478,47,凱基-鳳山,2024-01-05,9274
00878,國泰永續高股息,46,1,45,凱基-鳳山,2024-01-05,9274
8089,康全電訊,50,6,44,凱基-鳳山,2024-01-05,9274
00679B,元大美債20年,42,4,38,凱基-鳳山,2024-01-05,9274
2356,英業達,56,20,36,凱基-鳳山,2024-01-05,9274
3390,旭軟,58,23,35,凱基-鳳山,2024-01-05,9274
5309,系統電,40,5,35,凱基-鳳山,2024-01-05,9274
00688L,國泰20年美債正2,43,10,33,凱基-鳳山,2024-01-05,9274
1325,恆大,64,32,32,凱基-鳳山,2024-01-05,9274
6285,啟��,30,0,30,凱基-鳳山,2024-01-05,9274
0056,元大高股息,29,0,29,凱基-鳳山,2024-01-05,9274
2353,宏��,56,28,28,凱基-鳳山,2024-01-05,9274
4919,新唐,27,0,27,凱基-鳳山,2024-01-05,9274
3217,優群,37,10,27,凱基-鳳山,2024-01-05,9274
00712,復華富時不動產,25,0,25,凱基-鳳山,2024-01-05,9274
00919,群益台灣精選高息,36,15,21,凱基-鳳山,2024-01-05,9274
5471,松翰,20,0,20,凱基-鳳山,2024-01-05,9274
00934,中信成長高股息,19,0,19,凱基-鳳山,2024-01-05,9274
2413,環科,17,0,17,凱基-鳳山,2024-01-05,9274
3338,泰碩,22,5,17,凱基-鳳山,2024-01-05,9274
00724B,群益投資級金融債,16,0,16,凱基-鳳山,2024-01-05,9274
00722B,群益投資級電信債,17,1,16,凱基-鳳山,2024-01-05,9274
00706L,期元大S＆P日圓正2,15,0,15,凱基-鳳山,2024-01-05,9274
2009,第一銅,15,0,15,凱基-鳳山,2024-01-05,9274
3380,明泰,30,18,12,凱基-鳳山,2024-01-05,9274
00795B,中信美國公債20年,12,0,12,凱基-鳳山,2024-01-05,9274
1314,中石化,12,0,12,凱基-鳳山,2024-01-05,9274
1565,精華,11,0,11,凱基-鳳山,2024-01-05,9274
2355,敬鵬,12,1,11,凱基-鳳山,2024-01-05,9274
5347,世界,12,1,11,凱基-鳳山,2024-01-05,9274
00720B,元大投資級公司債,10,0,10,凱基-鳳山,2024-01-05,9274
00636,國泰中國A50,10,0,10,凱基-鳳山,2024-01-05,9274
00632R,元大台灣50反1,10,0,10,凱基-鳳山,2024-01-05,9274
2029,盛餘,10,0,10,凱基-鳳山,2024-01-05,9274
2884,玉山金,10,0,10,凱基-鳳山,2024-01-05,9274
3264,欣銓,10,0,10,凱基-鳳山,2024-01-05,9274
4174,浩鼎,10,0,10,凱基-鳳山,2024-01-05,9274
5258,虹堡,10,0,10,凱基-鳳山,2024-01-05,9274
5351,鈺創,10,0,10,凱基-鳳山,2024-01-05,9274
6271,同欣電,10,0,10,凱基-鳳山,2024-01-05,9274
8011,台通,18,8,10,凱基-鳳山,2024-01-05,9274
2421,建準,12,3,9,凱基-鳳山,2024-01-05,9274
1336,台翰,9,0,9,凱基-鳳山,2024-01-05,9274
2206,三陽工業,9,0,9,凱基-鳳山,2024-01-05,9274
00919,群益台灣精選高息,292,6,286,凱基-鳳山,2024-01-08,9274
3047,訊舟,554,313,241,凱基-鳳山,2024-01-08,9274
00937B,群益ESG投等債20,150,13,137,凱基-鳳山,2024-01-08,9274
8096,擎亞,127,1,126,凱基-鳳山,2024-01-08,9274
00929,復華台灣科技優息,117,9,108,凱基-鳳山,2024-01-08,9274
2409,友達,139,69,70,凱基-鳳山,2024-01-08,9274
00687B,國泰20年美債,73,6,67,凱基-鳳山,2024-01-08,9274
00857B,永豐20年美公債,54,0,54,凱基-鳳山,2024-01-08,9274
8089,康全電訊,70,17,53,凱基-鳳山,2024-01-08,9274
2615,萬海,51,0,51,凱基-鳳山,2024-01-08,9274
6233,旺玖,51,1,50,凱基-鳳山,2024-01-08,9274
6005,群益證,60,12,48,凱基-鳳山,2024-01-08,9274
2413,環科,45,0,45,凱基-鳳山,2024-01-08,9274
2353,宏��,73,29,44,凱基-鳳山,2024-01-08,9274
4157,太景*-KY,43,0,43,凱基-鳳山,2024-01-08,9274
3014,聯陽,42,2,40,凱基-鳳山,2024-01-08,9274
3704,合勤控,40,0,40,凱基-鳳山,2024-01-08,9274
6290,良維,35,0,35,凱基-鳳山,2024-01-08,9274
00753L,中信中國50正2,29,0,29,凱基-鳳山,2024-01-08,9274
00679B,元大美債20年,32,3,29,凱基-鳳山,2024-01-08,9274
2460,建通,45,16,29,凱基-鳳山,2024-01-08,9274
0056,元大高股息,26,1,25,凱基-鳳山,2024-01-08,9274
8240,華宏,24,0,24,凱基-鳳山,2024-01-08,9274
3217,優群,31,9,22,凱基-鳳山,2024-01-08,9274
5871,中租-KY,21,0,21,凱基-鳳山,2024-01-08,9274
2387,精元,29,8,21,凱基-鳳山,2024-01-08,9274
8105,凌巨,21,0,21,凱基-鳳山,2024-01-08,9274
2369,菱生,20,0,20,凱基-鳳山,2024-01-08,9274
2388,威盛,26,7,19,凱基-鳳山,2024-01-08,9274
6770,力積電,24,7,17,凱基-鳳山,2024-01-08,9274
1733,五鼎,15,0,15,凱基-鳳山,2024-01-08,9274
6491,晶碩,15,0,15,凱基-鳳山,2024-01-08,9274
8477,創業家,15,0,15,凱基-鳳山,2024-01-08,9274
3017,奇鋐,16,2,14,凱基-鳳山,2024-01-08,9274
2355,敬鵬,14,1,13,凱基-鳳山,2024-01-08,9274
00933B,國泰10Y+金融債,12,0,12,凱基-鳳山,2024-01-08,9274
9945,潤泰新,12,0,12,凱基-鳳山,2024-01-08,9274
2489,瑞軒,31,20,11,凱基-鳳山,2024-01-08,9274
00795B,中信美國公債20年,11,0,11,凱基-鳳山,2024-01-08,9274
4919,新唐,11,0,11,凱基-鳳山,2024-01-08,9274
6164,華興,11,0,11,凱基-鳳山,2024-01-08,9274
3035,智原,18,7,11,凱基-鳳山,2024-01-08,9274
00637L,元大滬深300正2,10,0,10,凱基-鳳山,2024-01-08,9274
2365,昆盈,10,0,10,凱基-鳳山,2024-01-08,9274
2356,英業達,14,5,9,凱基-鳳山,2024-01-08,9274
8011,台通,16,7,9,凱基-鳳山,2024-01-08,9274
2038,海光,11,3,8,凱基-鳳山,2024-01-08,9274
2344,華邦電,22,14,8,凱基-鳳山,2024-01-08,9274
3706,神達,9,1,8,凱基-鳳山,2024-01-08,9274
2610,華航,14,6,8,凱基-鳳山,2024-01-08,9274
3481,群創,834,252,582,凱基-鳳山,2024-01-09,9274
00919,群益台灣精選高息,477,12,465,凱基-鳳山,2024-01-09,9274
3047,訊舟,433,2,431,凱基-鳳山,2024-01-09,9274
6290,良維,70,6,64,凱基-鳳山,2024-01-09,9274
2610,華航,57,1,56,凱基-鳳山,2024-01-09,9274
2609,陽明,189,140,49,凱基-鳳山,2024-01-09,9274
3014,聯陽,122,80,42,凱基-鳳山,2024-01-09,9274
2884,玉山金,41,0,41,凱基-鳳山,2024-01-09,9274
00929,復華台灣科技優息,51,10,41,凱基-鳳山,2024-01-09,9274
2353,宏��,78,40,38,凱基-鳳山,2024-01-09,9274
8111,立��,40,8,32,凱基-鳳山,2024-01-09,9274
6546,正基,32,2,30,凱基-鳳山,2024-01-09,9274
8085,福華,30,0,30,凱基-鳳山,2024-01-09,9274
2331,精英,44,15,29,凱基-鳳山,2024-01-09,9274
3380,明泰,29,0,29,凱基-鳳山,2024-01-09,9274
2014,中鴻,29,1,28,凱基-鳳山,2024-01-09,9274
2615,萬海,45,19,26,凱基-鳳山,2024-01-09,9274
5426,振發,28,4,24,凱基-鳳山,2024-01-09,9274
2421,建準,42,21,21,凱基-鳳山,2024-01-09,9274
2888,新光金,21,0,21,凱基-鳳山,2024-01-09,9274
3323,加百裕,20,0,20,凱基-鳳山,2024-01-09,9274
2359,所羅門,24,5,19,凱基-鳳山,2024-01-09,9274
0056,元大高股息,21,3,18,凱基-鳳山,2024-01-09,9274
2634,漢翔,19,2,17,凱基-鳳山,2024-01-09,9274
00720B,元大投資級公司債,24,8,16,凱基-鳳山,2024-01-09,9274
00937B,群益ESG投等債20,17,1,16,凱基-鳳山,2024-01-09,9274
1605,華新,14,0,14,凱基-鳳山,2024-01-09,9274
2891,中信金,20,6,14,凱基-鳳山,2024-01-09,9274
2317,鴻海,17,4,13,凱基-鳳山,2024-01-09,9274
1314,中石化,13,0,13,凱基-鳳山,2024-01-09,9274
1336,台翰,13,0,13,凱基-鳳山,2024-01-09,9274
2313,華通,13,1,12,凱基-鳳山,2024-01-09,9274
3706,神達,19,7,12,凱基-鳳山,2024-01-09,9274
6112,邁達特,12,0,12,凱基-鳳山,2024-01-09,9274
2377,微星,11,0,11,凱基-鳳山,2024-01-09,9274
3707,漢磊,11,0,11,凱基-鳳山,2024-01-09,9274
6120,達運,12,1,11,凱基-鳳山,2024-01-09,9274
6491,晶碩,12,1,11,凱基-鳳山,2024-01-09,9274
8410,森田,11,0,11,凱基-鳳山,2024-01-09,9274
1303,南亞,10,0,10,凱基-鳳山,2024-01-09,9274
00795B,中信美國公債20年,10,0,10,凱基-鳳山,2024-01-09,9274
00904,新光臺灣半導體30,10,0,10,凱基-鳳山,2024-01-09,9274
1616,億泰,10,0,10,凱基-鳳山,2024-01-09,9274
2427,三商電,11,1,10,凱基-鳳山,2024-01-09,9274
3317,尼克森,10,0,10,凱基-鳳山,2024-01-09,9274
3454,晶睿,10,0,10,凱基-鳳山,2024-01-09,9274
3532,台勝科,10,0,10,凱基-鳳山,2024-01-09,9274
4413,飛寶企業,13,3,10,凱基-鳳山,2024-01-09,9274
8240,華宏,10,0,10,凱基-鳳山,2024-01-09,9274
3338,泰碩,10,1,9,凱基-鳳山,2024-01-09,9274
3481,群創,547,48,499,凱基-鳳山,2024-01-10,9274
00919,群益台灣精選高息,326,36,290,凱基-鳳山,2024-01-10,9274
3047,訊舟,247,0,247,凱基-鳳山,2024-01-10,9274
2609,陽明,245,144,101,凱基-鳳山,2024-01-10,9274
6005,群益證,60,0,60,凱基-鳳山,2024-01-10,9274
00929,復華台灣科技優息,72,22,50,凱基-鳳山,2024-01-10,9274
2409,友達,44,6,38,凱基-鳳山,2024-01-10,9274
2356,英業達,89,53,36,凱基-鳳山,2024-01-10,9274
2615,萬海,50,15,35,凱基-鳳山,2024-01-10,9274
2312,金寶,34,0,34,凱基-鳳山,2024-01-10,9274
00637L,元大滬深300正2,33,0,33,凱基-鳳山,2024-01-10,9274
6112,邁達特,32,1,31,凱基-鳳山,2024-01-10,9274
2324,仁寶,39,9,30,凱基-鳳山,2024-01-10,9274
00904,新光臺灣半導體30,33,5,28,凱基-鳳山,2024-01-10,9274
6116,彩晶,26,1,25,凱基-鳳山,2024-01-10,9274
00751B,元大AAA至A公司債,24,0,24,凱基-鳳山,2024-01-10,9274
2007,燁興,21,0,21,凱基-鳳山,2024-01-10,9274
00720B,元大投資級公司債,21,0,21,凱基-鳳山,2024-01-10,9274
00665L,富邦�琤肭磪囓�2,20,0,20,凱基-鳳山,2024-01-10,9274
00632R,元大台灣50反1,20,0,20,凱基-鳳山,2024-01-10,9274
2362,藍天,20,0,20,凱基-鳳山,2024-01-10,9274
2618,長榮航,23,4,19,凱基-鳳山,2024-01-10,9274
3323,加百裕,19,0,19,凱基-鳳山,2024-01-10,9274
2014,中鴻,23,6,17,凱基-鳳山,2024-01-10,9274
2352,佳世達,23,8,15,凱基-鳳山,2024-01-10,9274
2498,宏達電,35,20,15,凱基-鳳山,2024-01-10,9274
2002,中鋼,31,17,14,凱基-鳳山,2024-01-10,9274
00933B,國泰10Y+金融債,13,0,13,凱基-鳳山,2024-01-10,9274
2317,鴻海,13,1,12,凱基-鳳山,2024-01-10,9274
00927,群益半導體收益,11,0,11,凱基-鳳山,2024-01-10,9274
6770,力積電,11,0,11,凱基-鳳山,2024-01-10,9274
1326,台化,10,0,10,凱基-鳳山,2024-01-10,9274
2610,華航,22,12,10,凱基-鳳山,2024-01-10,9274
2891,中信金,10,0,10,凱基-鳳山,2024-01-10,9274
3029,零壹,10,0,10,凱基-鳳山,2024-01-10,9274
5309,系統電,13,3,10,凱基-鳳山,2024-01-10,9274
8477,創業家,13,3,10,凱基-鳳山,2024-01-10,9274
2344,華邦電,10,1,9,凱基-鳳山,2024-01-10,9274
4529,淳紳,9,0,9,凱基-鳳山,2024-01-10,9274
5347,世界,10,1,9,凱基-鳳山,2024-01-10,9274
3231,緯創,17,9,8,凱基-鳳山,2024-01-10,9274
3545,敦泰,10,2,8,凱基-鳳山,2024-01-10,9274
4126,太醫,8,0,8,凱基-鳳山,2024-01-10,9274
6117,迎廣,10,2,8,凱基-鳳山,2024-01-10,9274
6202,盛群,10,2,8,凱基-鳳山,2024-01-10,9274
2888,新光金,13,6,7,凱基-鳳山,2024-01-10,9274
1616,億泰,6,0,6,凱基-鳳山,2024-01-10,9274
2455,全新,6,0,6,凱基-鳳山,2024-01-10,9274
2363,矽統,14,8,6,凱基-鳳山,2024-01-10,9274
00687B,國泰20年美債,6,0,6,凱基-鳳山,2024-01-10,9274
6120,達運,1104,617,487,凱基-鳳山,2024-01-11,9274
2460,建通,320,176,144,凱基-鳳山,2024-01-11,9274
3481,群創,634,498,136,凱基-鳳山,2024-01-11,9274
4956,光鋐,186,85,101,凱基-鳳山,2024-01-11,9274
00929,復華台灣科技優息,132,40,92,凱基-鳳山,2024-01-11,9274
00919,群益台灣精選高息,98,40,58,凱基-鳳山,2024-01-11,9274
9958,世紀鋼,73,24,49,凱基-鳳山,2024-01-11,9274
00891,中信關鍵半導體,38,0,38,凱基-鳳山,2024-01-11,9274
00885,富邦越南,35,0,35,凱基-鳳山,2024-01-11,9274
6290,良維,32,0,32,凱基-鳳山,2024-01-11,9274
2356,英業達,40,10,30,凱基-鳳山,2024-01-11,9274
1301,台塑,30,0,30,凱基-鳳山,2024-01-11,9274
2329,華泰,46,23,23,凱基-鳳山,2024-01-11,9274
2610,華航,35,12,23,凱基-鳳山,2024-01-11,9274
00688L,國泰20年美債正2,21,0,21,凱基-鳳山,2024-01-11,9274
00937B,群益ESG投等債20,17,0,17,凱基-鳳山,2024-01-11,9274
2882,國泰金,16,0,16,凱基-鳳山,2024-01-11,9274
00933B,國泰10Y+金融債,16,0,16,凱基-鳳山,2024-01-11,9274
1815,富喬,16,0,16,凱基-鳳山,2024-01-11,9274
2449,京元電子,16,1,15,凱基-鳳山,2024-01-11,9274
2038,海光,15,0,15,凱基-鳳山,2024-01-11,9274
2515,中工,25,10,15,凱基-鳳山,2024-01-11,9274
3078,僑威,15,0,15,凱基-鳳山,2024-01-11,9274
8050,廣積,27,15,12,凱基-鳳山,2024-01-11,9274
1216,統一,11,0,11,凱基-鳳山,2024-01-11,9274
00795B,中信美國公債20年,11,0,11,凱基-鳳山,2024-01-11,9274
2409,友達,16,5,11,凱基-鳳山,2024-01-11,9274
3715,定穎投控,11,0,11,凱基-鳳山,2024-01-11,9274
5607,遠雄港,11,0,11,凱基-鳳山,2024-01-11,9274
6237,驊訊,11,0,11,凱基-鳳山,2024-01-11,9274
2027,大成鋼,10,0,10,凱基-鳳山,2024-01-11,9274
2615,萬海,13,3,10,凱基-鳳山,2024-01-11,9274
00936,台新永續高息中小,10,0,10,凱基-鳳山,2024-01-11,9274
1711,永光,10,0,10,凱基-鳳山,2024-01-11,9274
2461,光群雷,10,0,10,凱基-鳳山,2024-01-11,9274
2890,永豐金,10,0,10,凱基-鳳山,2024-01-11,9274
6116,彩晶,35,25,10,凱基-鳳山,2024-01-11,9274
6213,聯茂,10,0,10,凱基-鳳山,2024-01-11,9274
2324,仁寶,26,16,10,凱基-鳳山,2024-01-11,9274
1618,合機,10,1,9,凱基-鳳山,2024-01-11,9274
1720,生達,10,1,9,凱基-鳳山,2024-01-11,9274
2022,聚亨,9,0,9,凱基-鳳山,2024-01-11,9274
2630,亞航,10,2,8,凱基-鳳山,2024-01-11,9274
9105,泰金寶-DR,8,0,8,凱基-鳳山,2024-01-11,9274
0056,元大高股息,7,0,7,凱基-鳳山,2024-01-11,9274
2399,映泰,12,5,7,凱基-鳳山,2024-01-11,9274
00680L,元大美債20正2,7,0,7,凱基-鳳山,2024-01-11,9274
00904,新光臺灣半導體30,10,3,7,凱基-鳳山,2024-01-11,9274
2002,中鋼,9,2,7,凱基-鳳山,2024-01-11,9274
4716,大立,7,0,7,凱基-鳳山,2024-01-11,9274
00929,復華台灣科技優息,292,4,288,凱基-鳳山,2024-01-12,9274
3481,群創,493,232,261,凱基-鳳山,2024-01-12,9274
4956,光鋐,267,59,208,凱基-鳳山,2024-01-12,9274
3047,訊舟,104,0,104,凱基-鳳山,2024-01-12,9274
9958,世紀鋼,116,29,87,凱基-鳳山,2024-01-12,9274
2329,華泰,63,8,55,凱基-鳳山,2024-01-12,9274
2883,凱基金,45,0,45,凱基-鳳山,2024-01-12,9274
2888,新光金,65,23,42,凱基-鳳山,2024-01-12,9274
00919,群益台灣精選高息,50,10,40,凱基-鳳山,2024-01-12,9274
3701,大眾控,36,0,36,凱基-鳳山,2024-01-12,9274
2353,宏��,55,20,35,凱基-鳳山,2024-01-12,9274
2344,華邦電,40,7,33,凱基-鳳山,2024-01-12,9274
00770,國泰北美科技,32,1,31,凱基-鳳山,2024-01-12,9274
00664R,國泰臺灣加權反1,30,0,30,凱基-鳳山,2024-01-12,9274
3217,優群,30,0,30,凱基-鳳山,2024-01-12,9274
3499,環天科,33,3,30,凱基-鳳山,2024-01-12,9274
2303,聯電,27,0,27,凱基-鳳山,2024-01-12,9274
6770,力積電,25,1,24,凱基-鳳山,2024-01-12,9274
2449,京元電子,41,18,23,凱基-鳳山,2024-01-12,9274
00637L,元大滬深300正2,23,0,23,凱基-鳳山,2024-01-12,9274
00933B,國泰10Y+金融債,20,0,20,凱基-鳳山,2024-01-12,9274
8034,榮群,21,3,18,凱基-鳳山,2024-01-12,9274
5426,振發,43,26,17,凱基-鳳山,2024-01-12,9274
3014,聯陽,37,21,16,凱基-鳳山,2024-01-12,9274
6116,彩晶,26,12,14,凱基-鳳山,2024-01-12,9274
8089,康全電訊,12,0,12,凱基-鳳山,2024-01-12,9274
1720,生達,12,1,11,凱基-鳳山,2024-01-12,9274
6533,晶心科,12,1,11,凱基-鳳山,2024-01-12,9274
00673R,期元大S＆P原油反1,10,0,10,凱基-鳳山,2024-01-12,9274
00632R,元大台灣50反1,10,0,10,凱基-鳳山,2024-01-12,9274
2405,輔信,10,0,10,凱基-鳳山,2024-01-12,9274
2430,燦坤,10,0,10,凱基-鳳山,2024-01-12,9274
4916,事欣科,10,0,10,凱基-鳳山,2024-01-12,9274
6112,邁達特,10,0,10,凱基-鳳山,2024-01-12,9274
6191,精成科,10,0,10,凱基-鳳山,2024-01-12,9274
5425,台半,13,4,9,凱基-鳳山,2024-01-12,9274
2359,所羅門,12,3,9,凱基-鳳山,2024-01-12,9274
6163,華電網,10,1,9,凱基-鳳山,2024-01-12,9274
6443,元晶,10,1,9,凱基-鳳山,2024-01-12,9274
00927,群益半導體收益,8,0,8,凱基-鳳山,2024-01-12,9274
00795B,中信美國公債20年,10,2,8,凱基-鳳山,2024-01-12,9274
2208,台船,18,10,8,凱基-鳳山,2024-01-12,9274
0056,元大高股息,22,15,7,凱基-鳳山,2024-01-12,9274
00937B,群益ESG投等債20,7,0,7,凱基-鳳山,2024-01-12,9274
2313,華通,10,3,7,凱基-鳳山,2024-01-12,9274
2610,華航,30,23,7,凱基-鳳山,2024-01-12,9274
3055,蔚華科,7,0,7,凱基-鳳山,2024-01-12,9274
3323,加百裕,7,0,7,凱基-鳳山,2024-01-12,9274
8096,擎亞,68,61,7,凱基-鳳山,2024-01-12,9274
00712,復華富時不動產,9,2,7,凱基-鳳山,2024-01-12,9274
3481,群創,501,321,180,凱基-鳳山,2024-01-15,9274
00929,復華台灣科技優息,82,20,62,凱基-鳳山,2024-01-15,9274
2610,華航,60,0,60,凱基-鳳山,2024-01-15,9274
2356,英業達,66,12,54,凱基-鳳山,2024-01-15,9274
00933B,國泰10Y+金融債,53,0,53,凱基-鳳山,2024-01-15,9274
00904,新光臺灣半導體30,29,0,29,凱基-鳳山,2024-01-15,9274
2406,國碩,30,1,29,凱基-鳳山,2024-01-15,9274
00937B,群益ESG投等債20,34,6,28,凱基-鳳山,2024-01-15,9274
2208,台船,25,1,24,凱基-鳳山,2024-01-15,9274
2324,仁寶,41,17,24,凱基-鳳山,2024-01-15,9274
2436,偉詮電,21,0,21,凱基-鳳山,2024-01-15,9274
00665L,富邦�琤肭磪囓�2,95,75,20,凱基-鳳山,2024-01-15,9274
2545,皇翔,20,0,20,凱基-鳳山,2024-01-15,9274
3324,雙鴻,20,0,20,凱基-鳳山,2024-01-15,9274
6274,台燿,21,1,20,凱基-鳳山,2024-01-15,9274
1618,合機,21,2,19,凱基-鳳山,2024-01-15,9274
6116,彩晶,23,4,19,凱基-鳳山,2024-01-15,9274
2383,台光電,21,3,18,凱基-鳳山,2024-01-15,9274
5478,智冠,22,5,17,凱基-鳳山,2024-01-15,9274
6443,元晶,19,2,17,凱基-鳳山,2024-01-15,9274
2634,漢翔,20,4,16,凱基-鳳山,2024-01-15,9274
00687B,國泰20年美債,35,19,16,凱基-鳳山,2024-01-15,9274
00753L,中信中國50正2,15,0,15,凱基-鳳山,2024-01-15,9274
2405,輔信,26,11,15,凱基-鳳山,2024-01-15,9274
0050,元大台灣50,15,0,15,凱基-鳳山,2024-01-15,9274
1529,樂事綠能,17,2,15,凱基-鳳山,2024-01-15,9274
1802,台玻,13,0,13,凱基-鳳山,2024-01-15,9274
3622,洋華,17,4,13,凱基-鳳山,2024-01-15,9274
2317,鴻海,12,0,12,凱基-鳳山,2024-01-15,9274
00927,群益半導體收益,12,0,12,凱基-鳳山,2024-01-15,9274
2748,雲品,12,0,12,凱基-鳳山,2024-01-15,9274
0056,元大高股息,11,0,11,凱基-鳳山,2024-01-15,9274
2313,華通,22,11,11,凱基-鳳山,2024-01-15,9274
2867,三商壽,11,0,11,凱基-鳳山,2024-01-15,9274
8112,至上,14,3,11,凱基-鳳山,2024-01-15,9274
2106,建大,10,0,10,凱基-鳳山,2024-01-15,9274
2399,映泰,10,0,10,凱基-鳳山,2024-01-15,9274
2497,怡利電,10,0,10,凱基-鳳山,2024-01-15,9274
9105,泰金寶-DR,10,0,10,凱基-鳳山,2024-01-15,9274
9907,統一實,10,0,10,凱基-鳳山,2024-01-15,9274
1609,大亞,39,30,9,凱基-鳳山,2024-01-15,9274
00688L,國泰20年美債正2,8,0,8,凱基-鳳山,2024-01-15,9274
2409,友達,17,9,8,凱基-鳳山,2024-01-15,9274
6290,良維,8,0,8,凱基-鳳山,2024-01-15,9274
8088,品安,8,0,8,凱基-鳳山,2024-01-15,9274
1301,台塑,7,0,7,凱基-鳳山,2024-01-15,9274
2883,凱基金,7,0,7,凱基-鳳山,2024-01-15,9274
3686,達能,7,0,7,凱基-鳳山,2024-01-15,9274
6125,廣運,12,5,7,凱基-鳳山,2024-01-15,9274
8069,元太,7,0,7,凱基-鳳山,2024-01-15,9274
0056,元大高股息,167,15,152,凱基-鳳山,2024-01-16,9274
00929,復華台灣科技優息,157,10,147,凱基-鳳山,2024-01-16,9274
2609,陽明,118,21,97,凱基-鳳山,2024-01-16,9274
4956,光鋐,221,129,92,凱基-鳳山,2024-01-16,9274
00665L,富邦�琤肭磪囓�2,630,540,90,凱基-鳳山,2024-01-16,9274
3047,訊舟,79,0,79,凱基-鳳山,2024-01-16,9274
6140,訊達,73,0,73,凱基-鳳山,2024-01-16,9274
00919,群益台灣精選高息,61,0,61,凱基-鳳山,2024-01-16,9274
6005,群益證,60,0,60,凱基-鳳山,2024-01-16,9274
00937B,群益ESG投等債20,55,0,55,凱基-鳳山,2024-01-16,9274
3055,蔚華科,53,1,52,凱基-鳳山,2024-01-16,9274
1806,冠軍,51,1,50,凱基-鳳山,2024-01-16,9274
2486,一詮,125,78,47,凱基-鳳山,2024-01-16,9274
2887,台新金,38,0,38,凱基-鳳山,2024-01-16,9274
9958,世紀鋼,117,79,38,凱基-鳳山,2024-01-16,9274
00679B,元大美債20年,33,3,30,凱基-鳳山,2024-01-16,9274
5426,振發,37,8,29,凱基-鳳山,2024-01-16,9274
00878,國泰永續高股息,28,0,28,凱基-鳳山,2024-01-16,9274
2002,中鋼,32,5,27,凱基-鳳山,2024-01-16,9274
6290,良維,27,0,27,凱基-鳳山,2024-01-16,9274
00904,新光臺灣半導體30,26,0,26,凱基-鳳山,2024-01-16,9274
2344,華邦電,28,2,26,凱基-鳳山,2024-01-16,9274
00632R,元大台灣50反1,25,0,25,凱基-鳳山,2024-01-16,9274
2356,英業達,32,7,25,凱基-鳳山,2024-01-16,9274
2610,華航,29,4,25,凱基-鳳山,2024-01-16,9274
1326,台化,21,0,21,凱基-鳳山,2024-01-16,9274
2312,金寶,25,4,21,凱基-鳳山,2024-01-16,9274
2449,京元電子,20,0,20,凱基-鳳山,2024-01-16,9274
8089,康全電訊,22,2,20,凱基-鳳山,2024-01-16,9274
9934,成霖,20,0,20,凱基-鳳山,2024-01-16,9274
2401,凌陽,28,9,19,凱基-鳳山,2024-01-16,9274
6219,富旺,27,8,19,凱基-鳳山,2024-01-16,9274
00933B,國泰10Y+金融債,18,0,18,凱基-鳳山,2024-01-16,9274
00858,永豐美國500大,17,0,17,凱基-鳳山,2024-01-16,9274
2615,萬海,28,11,17,凱基-鳳山,2024-01-16,9274
1314,中石化,16,0,16,凱基-鳳山,2024-01-16,9274
0050,元大台灣50,16,1,15,凱基-鳳山,2024-01-16,9274
00720B,元大投資級公司債,15,0,15,凱基-鳳山,2024-01-16,9274
6275,元山,15,0,15,凱基-鳳山,2024-01-16,9274
2883,凱基金,14,0,14,凱基-鳳山,2024-01-16,9274
6698,旭暉應材,15,1,14,凱基-鳳山,2024-01-16,9274
1513,中興電,24,11,13,凱基-鳳山,2024-01-16,9274
2330,台積電,13,0,13,凱基-鳳山,2024-01-16,9274
00927,群益半導體收益,12,0,12,凱基-鳳山,2024-01-16,9274
2633,台灣高鐵,12,0,12,凱基-鳳山,2024-01-16,9274
2888,新光金,12,0,12,凱基-鳳山,2024-01-16,9274
6695,芯鼎,35,23,12,凱基-鳳山,2024-01-16,9274
00664R,國泰臺灣加權反1,11,0,11,凱基-鳳山,2024-01-16,9274
3317,尼克森,11,0,11,凱基-鳳山,2024-01-16,9274
3591,艾笛森,11,0,11,凱基-鳳山,2024-01-16,9274
00882,中信中國高股息,442,0,442,凱基-鳳山,2024-01-17,9274
3481,群創,637,402,235,凱基-鳳山,2024-01-17,9274
00929,復華台灣科技優息,246,16,230,凱基-鳳山,2024-01-17,9274
00919,群益台灣精選高息,229,76,153,凱基-鳳山,2024-01-17,9274
0056,元大高股息,99,3,96,凱基-鳳山,2024-01-17,9274
2881,富邦金,94,0,94,凱基-鳳山,2024-01-17,9274
3694,海華,140,64,76,凱基-鳳山,2024-01-17,9274
3047,訊舟,74,2,72,凱基-鳳山,2024-01-17,9274
6290,良維,71,0,71,凱基-鳳山,2024-01-17,9274
6533,晶心科,70,3,67,凱基-鳳山,2024-01-17,9274
00679B,元大美債20年,74,19,55,凱基-鳳山,2024-01-17,9274
00878,國泰永續高股息,53,0,53,凱基-鳳山,2024-01-17,9274
2609,陽明,81,31,50,凱基-鳳山,2024-01-17,9274
4979,華星光,50,3,47,凱基-鳳山,2024-01-17,9274
8089,康全電訊,46,0,46,凱基-鳳山,2024-01-17,9274
00680L,元大美債20正2,55,12,43,凱基-鳳山,2024-01-17,9274
3354,律勝,43,4,39,凱基-鳳山,2024-01-17,9274
2356,英業達,60,25,35,凱基-鳳山,2024-01-17,9274
2344,華邦電,46,12,34,凱基-鳳山,2024-01-17,9274
2882,國泰金,42,8,34,凱基-鳳山,2024-01-17,9274
00720B,元大投資級公司債,32,0,32,凱基-鳳山,2024-01-17,9274
2867,三商壽,30,0,30,凱基-鳳山,2024-01-17,9274
2303,聯電,62,33,29,凱基-鳳山,2024-01-17,9274
1326,台化,30,1,29,凱基-鳳山,2024-01-17,9274
2883,凱基金,52,23,29,凱基-鳳山,2024-01-17,9274
00770,國泰北美科技,27,0,27,凱基-鳳山,2024-01-17,9274
00937B,群益ESG投等債20,26,0,26,凱基-鳳山,2024-01-17,9274
3591,艾笛森,26,0,26,凱基-鳳山,2024-01-17,9274
2002,中鋼,25,0,25,凱基-鳳山,2024-01-17,9274
2460,建通,49,25,24,凱基-鳳山,2024-01-17,9274
3014,聯陽,81,57,24,凱基-鳳山,2024-01-17,9274
6116,彩晶,23,0,23,凱基-鳳山,2024-01-17,9274
6770,力積電,26,3,23,凱基-鳳山,2024-01-17,9274
1605,華新,24,2,22,凱基-鳳山,2024-01-17,9274
00904,新光臺灣半導體30,23,1,22,凱基-鳳山,2024-01-17,9274
2408,南亞科,22,0,22,凱基-鳳山,2024-01-17,9274
00688L,國泰20年美債正2,20,0,20,凱基-鳳山,2024-01-17,9274
5880,合庫金,19,0,19,凱基-鳳山,2024-01-17,9274
2618,長榮航,36,17,19,凱基-鳳山,2024-01-17,9274
00753L,中信中國50正2,67,50,17,凱基-鳳山,2024-01-17,9274
2633,台灣高鐵,17,0,17,凱基-鳳山,2024-01-17,9274
2610,華航,16,0,16,凱基-鳳山,2024-01-17,9274
6005,群益證,16,0,16,凱基-鳳山,2024-01-17,9274
2376,技嘉,16,1,15,凱基-鳳山,2024-01-17,9274
1513,中興電,17,2,15,凱基-鳳山,2024-01-17,9274
020031,統一IC設計臺灣N,15,0,15,凱基-鳳山,2024-01-17,9274
2427,三商電,15,0,15,凱基-鳳山,2024-01-17,9274
2886,兆豐金,15,0,15,凱基-鳳山,2024-01-17,9274
2887,台新金,16,2,14,凱基-鳳山,2024-01-17,9274
2317,鴻海,15,1,14,凱基-鳳山,2024-01-17,9274
2208,台船,120,2,118,凱基-鳳山,2024-01-18,9274
00929,復華台灣科技優息,102,2,100,凱基-鳳山,2024-01-18,9274
9958,世紀鋼,112,26,86,凱基-鳳山,2024-01-18,9274
3047,訊舟,74,0,74,凱基-鳳山,2024-01-18,9274
6140,訊達,163,98,65,凱基-鳳山,2024-01-18,9274
00665L,富邦�琤肭磪囓�2,55,0,55,凱基-鳳山,2024-01-18,9274
00882,中信中國高股息,49,0,49,凱基-鳳山,2024-01-18,9274
2324,仁寶,55,11,44,凱基-鳳山,2024-01-18,9274
6243,迅杰,77,35,42,凱基-鳳山,2024-01-18,9274
2303,聯電,44,6,38,凱基-鳳山,2024-01-18,9274
4960,誠美材,41,4,37,凱基-鳳山,2024-01-18,9274
3312,弘憶股,36,0,36,凱基-鳳山,2024-01-18,9274
00671R,富邦NASDAQ反1,44,10,34,凱基-鳳山,2024-01-18,9274
2618,長榮航,44,11,33,凱基-鳳山,2024-01-18,9274
3050,鈺德,36,5,31,凱基-鳳山,2024-01-18,9274
2485,兆赫,52,25,27,凱基-鳳山,2024-01-18,9274
6290,良維,29,4,25,凱基-鳳山,2024-01-18,9274
00878,國泰永續高股息,87,62,25,凱基-鳳山,2024-01-18,9274
1528,恩德,29,6,23,凱基-鳳山,2024-01-18,9274
00679B,元大美債20年,22,0,22,凱基-鳳山,2024-01-18,9274
2891,中信金,25,3,22,凱基-鳳山,2024-01-18,9274
2887,台新金,21,0,21,凱基-鳳山,2024-01-18,9274
2352,佳世達,20,0,20,凱基-鳳山,2024-01-18,9274
2883,凱基金,22,2,20,凱基-鳳山,2024-01-18,9274
6269,台郡,20,0,20,凱基-鳳山,2024-01-18,9274
5426,振發,96,77,19,凱基-鳳山,2024-01-18,9274
6770,力積電,23,5,18,凱基-鳳山,2024-01-18,9274
2337,旺宏,18,0,18,凱基-鳳山,2024-01-18,9274
5425,台半,17,0,17,凱基-鳳山,2024-01-18,9274
00904,新光臺灣半導體30,19,2,17,凱基-鳳山,2024-01-18,9274
00712,復華富時不動產,16,0,16,凱基-鳳山,2024-01-18,9274
1101,台泥,16,1,15,凱基-鳳山,2024-01-18,9274
00631L,元大台灣50正2,14,0,14,凱基-鳳山,2024-01-18,9274
00933B,國泰10Y+金融債,16,2,14,凱基-鳳山,2024-01-18,9274
1314,中石化,14,0,14,凱基-鳳山,2024-01-18,9274
2882,國泰金,13,1,12,凱基-鳳山,2024-01-18,9274
6223,旺矽,14,2,12,凱基-鳳山,2024-01-18,9274
8016,矽創,12,0,12,凱基-鳳山,2024-01-18,9274
1326,台化,12,0,12,凱基-鳳山,2024-01-18,9274
2884,玉山金,12,0,12,凱基-鳳山,2024-01-18,9274
3217,優群,11,0,11,凱基-鳳山,2024-01-18,9274
4979,華星光,34,24,10,凱基-鳳山,2024-01-18,9274
2453,凌群,10,0,10,凱基-鳳山,2024-01-18,9274
1802,台玻,9,0,9,凱基-鳳山,2024-01-18,9274
1301,台塑,8,0,8,凱基-鳳山,2024-01-18,9274
2023,燁輝,8,0,8,凱基-鳳山,2024-01-18,9274
8110,華東,9,1,8,凱基-鳳山,2024-01-18,9274
2330,台積電,20,13,7,凱基-鳳山,2024-01-18,9274
2002,中鋼,12,5,7,凱基-鳳山,2024-01-18,9274
2201,裕隆,7,0,7,凱基-鳳山,2024-01-18,9274
4956,光鋐,245,76,169,凱基-鳳山,2024-01-19,9274
00679B,元大美債20年,129,3,126,凱基-鳳山,2024-01-19,9274
3047,訊舟,111,1,110,凱基-鳳山,2024-01-19,9274
00919,群益台灣精選高息,97,9,88,凱基-鳳山,2024-01-19,9274
00680L,元大美債20正2,82,0,82,凱基-鳳山,2024-01-19,9274
2409,友達,88,11,77,凱基-鳳山,2024-01-19,9274
2485,兆赫,126,50,76,凱基-鳳山,2024-01-19,9274
00929,復華台灣科技優息,63,2,61,凱基-鳳山,2024-01-19,9274
2603,長榮,93,40,53,凱基-鳳山,2024-01-19,9274
00904,新光臺灣半導體30,52,1,51,凱基-鳳山,2024-01-19,9274
5488,松普,50,0,50,凱基-鳳山,2024-01-19,9274
00665L,富邦�琤肭磪囓�2,50,0,50,凱基-鳳山,2024-01-19,9274
00917,中信特選金融,50,0,50,凱基-鳳山,2024-01-19,9274
3591,艾笛森,37,0,37,凱基-鳳山,2024-01-19,9274
00687B,國泰20年美債,35,0,35,凱基-鳳山,2024-01-19,9274
2883,凱基金,34,2,32,凱基-鳳山,2024-01-19,9274
00937B,群益ESG投等債20,32,0,32,凱基-鳳山,2024-01-19,9274
1514,亞力,28,1,27,凱基-鳳山,2024-01-19,9274
6187,萬潤,30,4,26,凱基-鳳山,2024-01-19,9274
6533,晶心科,26,0,26,凱基-鳳山,2024-01-19,9274
6120,達運,30,5,25,凱基-鳳山,2024-01-19,9274
2460,建通,25,0,25,凱基-鳳山,2024-01-19,9274
00632R,元大台灣50反1,20,0,20,凱基-鳳山,2024-01-19,9274
00688L,國泰20年美債正2,19,0,19,凱基-鳳山,2024-01-19,9274
9958,世紀鋼,56,37,19,凱基-鳳山,2024-01-19,9274
0056,元大高股息,24,6,18,凱基-鳳山,2024-01-19,9274
00885,富邦越南,17,0,17,凱基-鳳山,2024-01-19,9274
00795B,中信美國公債20年,17,0,17,凱基-鳳山,2024-01-19,9274
00931B,統一美債20年,16,0,16,凱基-鳳山,2024-01-19,9274
2002,中鋼,17,2,15,凱基-鳳山,2024-01-19,9274
8069,元太,15,0,15,凱基-鳳山,2024-01-19,9274
1312,國喬,15,0,15,凱基-鳳山,2024-01-19,9274
2606,裕民,14,0,14,凱基-鳳山,2024-01-19,9274
2892,第一金,14,0,14,凱基-鳳山,2024-01-19,9274
2486,一詮,15,1,14,凱基-鳳山,2024-01-19,9274
3264,欣銓,15,2,13,凱基-鳳山,2024-01-19,9274
6285,啟��,13,0,13,凱基-鳳山,2024-01-19,9274
2515,中工,12,0,12,凱基-鳳山,2024-01-19,9274
2027,大成鋼,12,0,12,凱基-鳳山,2024-01-19,9274
6282,康舒,12,1,11,凱基-鳳山,2024-01-19,9274
00933B,國泰10Y+金融債,11,0,11,凱基-鳳山,2024-01-19,9274
1711,永光,11,0,11,凱基-鳳山,2024-01-19,9274
2014,中鴻,13,2,11,凱基-鳳山,2024-01-19,9274
2489,瑞軒,11,0,11,凱基-鳳山,2024-01-19,9274
3324,雙鴻,11,0,11,凱基-鳳山,2024-01-19,9274
5347,世界,19,8,11,凱基-鳳山,2024-01-19,9274
00720B,元大投資級公司債,10,0,10,凱基-鳳山,2024-01-19,9274
1609,大亞,11,1,10,凱基-鳳山,2024-01-19,9274
6245,立端,11,1,10,凱基-鳳山,2024-01-19,9274
8210,勤誠,18,8,10,凱基-鳳山,2024-01-19,9274
3481,群創,1429,954,475,凱基-鳳山,2024-01-22,9274
4956,光鋐,356,98,258,凱基-鳳山,2024-01-22,9274
2515,中工,241,0,241,凱基-鳳山,2024-01-22,9274
2409,友達,144,15,129,凱基-鳳山,2024-01-22,9274
3623,富晶通,202,91,111,凱基-鳳山,2024-01-22,9274
00929,復華台灣科技優息,104,0,104,凱基-鳳山,2024-01-22,9274
2618,長榮航,80,7,73,凱基-鳳山,2024-01-22,9274
00882,中信中國高股息,65,0,65,凱基-鳳山,2024-01-22,9274
00665L,富邦�琤肭磪囓�2,155,90,65,凱基-鳳山,2024-01-22,9274
00753L,中信中國50正2,108,50,58,凱基-鳳山,2024-01-22,9274
2316,楠梓電,105,53,52,凱基-鳳山,2024-01-22,9274
2486,一詮,50,0,50,凱基-鳳山,2024-01-22,9274
00927,群益半導體收益,50,1,49,凱基-鳳山,2024-01-22,9274
00919,群益台灣精選高息,50,5,45,凱基-鳳山,2024-01-22,9274
3006,晶豪科,40,1,39,凱基-鳳山,2024-01-22,9274
4960,誠美材,37,0,37,凱基-鳳山,2024-01-22,9274
2609,陽明,69,38,31,凱基-鳳山,2024-01-22,9274
2002,中鋼,67,40,27,凱基-鳳山,2024-01-22,9274
2363,矽統,27,9,18,凱基-鳳山,2024-01-22,9274
3217,優群,18,0,18,凱基-鳳山,2024-01-22,9274
3059,華晶科,14,1,13,凱基-鳳山,2024-01-22,9274
2892,第一金,12,0,12,凱基-鳳山,2024-01-22,9274
00687B,國泰20年美債,12,0,12,凱基-鳳山,2024-01-22,9274
1303,南亞,13,1,12,凱基-鳳山,2024-01-22,9274
5452,佶優,12,0,12,凱基-鳳山,2024-01-22,9274
2867,三商壽,11,0,11,凱基-鳳山,2024-01-22,9274
6163,華電網,11,0,11,凱基-鳳山,2024-01-22,9274
2313,華通,11,1,10,凱基-鳳山,2024-01-22,9274
2911,麗嬰房,10,0,10,凱基-鳳山,2024-01-22,9274
3376,新日興,10,0,10,凱基-鳳山,2024-01-22,9274
5546,永固-KY,10,0,10,凱基-鳳山,2024-01-22,9274
8021,尖點,10,0,10,凱基-鳳山,2024-01-22,9274
6176,瑞儀,11,2,9,凱基-鳳山,2024-01-22,9274
6233,旺玖,10,1,9,凱基-鳳山,2024-01-22,9274
6550,北極星藥業-KY,10,1,9,凱基-鳳山,2024-01-22,9274
8299,群聯,13,4,9,凱基-鳳山,2024-01-22,9274
3055,蔚華科,10,2,8,凱基-鳳山,2024-01-22,9274
4529,淳紳,8,0,8,凱基-鳳山,2024-01-22,9274
2368,金像電,8,1,7,凱基-鳳山,2024-01-22,9274
2883,凱基金,7,0,7,凱基-鳳山,2024-01-22,9274
5347,世界,10,4,6,凱基-鳳山,2024-01-22,9274
00688L,國泰20年美債正2,6,0,6,凱基-鳳山,2024-01-22,9274
2887,台新金,6,0,6,凱基-鳳山,2024-01-22,9274
3032,偉訓,14,8,6,凱基-鳳山,2024-01-22,9274
6246,臺龍,6,0,6,凱基-鳳山,2024-01-22,9274
2379,瑞昱,10,5,5,凱基-鳳山,2024-01-22,9274
2634,漢翔,6,1,5,凱基-鳳山,2024-01-22,9274
00904,新光臺灣半導體30,5,0,5,凱基-鳳山,2024-01-22,9274
00752,中信中國50,5,0,5,凱基-鳳山,2024-01-22,9274
00715L,期街口布蘭特正2,5,0,5,凱基-鳳山,2024-01-22,9274
3059,華晶科,67,11,56,凱基-鳳山,2024-01-23,9274
3576,聯合再生,52,1,51,凱基-鳳山,2024-01-23,9274
00885,富邦越南,50,0,50,凱基-鳳山,2024-01-23,9274
5488,松普,50,0,50,凱基-鳳山,2024-01-23,9274
3437,榮創,50,2,48,凱基-鳳山,2024-01-23,9274
6120,達運,54,13,41,凱基-鳳山,2024-01-23,9274
00919,群益台灣精選高息,40,4,36,凱基-鳳山,2024-01-23,9274
3673,TPK-KY,30,0,30,凱基-鳳山,2024-01-23,9274
2303,聯電,34,5,29,凱基-鳳山,2024-01-23,9274
5258,虹堡,29,1,28,凱基-鳳山,2024-01-23,9274
00637L,元大滬深300正2,27,0,27,凱基-鳳山,2024-01-23,9274
2316,楠梓電,27,1,26,凱基-鳳山,2024-01-23,9274
00679B,元大美債20年,24,0,24,凱基-鳳山,2024-01-23,9274
2615,萬海,23,0,23,凱基-鳳山,2024-01-23,9274
2486,一詮,20,0,20,凱基-鳳山,2024-01-23,9274
2002,中鋼,19,0,19,凱基-鳳山,2024-01-23,9274
2329,華泰,22,4,18,凱基-鳳山,2024-01-23,9274
2449,京元電子,17,0,17,凱基-鳳山,2024-01-23,9274
2363,矽統,19,3,16,凱基-鳳山,2024-01-23,9274
1711,永光,15,0,15,凱基-鳳山,2024-01-23,9274
8096,擎亞,18,3,15,凱基-鳳山,2024-01-23,9274
0056,元大高股息,25,10,15,凱基-鳳山,2024-01-23,9274
2605,新興,15,2,13,凱基-鳳山,2024-01-23,9274
2611,志信,14,1,13,凱基-鳳山,2024-01-23,9274
1301,台塑,12,0,12,凱基-鳳山,2024-01-23,9274
5269,祥碩,12,0,12,凱基-鳳山,2024-01-23,9274
8089,康全電訊,211,199,12,凱基-鳳山,2024-01-23,9274
5426,振發,31,20,11,凱基-鳳山,2024-01-23,9274
1216,統一,11,0,11,凱基-鳳山,2024-01-23,9274
3217,優群,11,0,11,凱基-鳳山,2024-01-23,9274
3532,台勝科,11,0,11,凱基-鳳山,2024-01-23,9274
8410,森田,12,1,11,凱基-鳳山,2024-01-23,9274
2609,陽明,44,34,10,凱基-鳳山,2024-01-23,9274
00712,復華富時不動產,10,0,10,凱基-鳳山,2024-01-23,9274
00632R,元大台灣50反1,10,0,10,凱基-鳳山,2024-01-23,9274
1905,華紙,10,0,10,凱基-鳳山,2024-01-23,9274
2481,強茂,10,0,10,凱基-鳳山,2024-01-23,9274
3694,海華,15,5,10,凱基-鳳山,2024-01-23,9274
5515,建國,10,0,10,凱基-鳳山,2024-01-23,9274
6147,頎邦,15,5,10,凱基-鳳山,2024-01-23,9274
1720,生達,9,0,9,凱基-鳳山,2024-01-23,9274
2208,台船,9,0,9,凱基-鳳山,2024-01-23,9274
5443,均豪,10,1,9,凱基-鳳山,2024-01-23,9274
6111,大宇資,9,0,9,凱基-鳳山,2024-01-23,9274
8076,伍豐,9,0,9,凱基-鳳山,2024-01-23,9274
00687B,國泰20年美債,8,0,8,凱基-鳳山,2024-01-23,9274
1514,亞力,17,9,8,凱基-鳳山,2024-01-23,9274
2610,華航,9,1,8,凱基-鳳山,2024-01-23,9274
4129,聯合,9,1,8,凱基-鳳山,2024-01-23,9274
2888,新光金,16,9,7,凱基-鳳山,2024-01-23,9274
2884,玉山金,77,6,71,凱基-鳳山,2024-01-24,9274
6120,達運,67,5,62,凱基-鳳山,2024-01-24,9274
9105,泰金寶-DR,60,0,60,凱基-鳳山,2024-01-24,9274
9958,世紀鋼,66,6,60,凱基-鳳山,2024-01-24,9274
3615,安可,66,7,59,凱基-鳳山,2024-01-24,9274
2421,建準,59,2,57,凱基-鳳山,2024-01-24,9274
6290,良維,43,0,43,凱基-鳳山,2024-01-24,9274
1409,新纖,40,0,40,凱基-鳳山,2024-01-24,9274
00919,群益台灣精選高息,63,23,40,凱基-鳳山,2024-01-24,9274
3231,緯創,49,11,38,凱基-鳳山,2024-01-24,9274
00679B,元大美債20年,30,0,30,凱基-鳳山,2024-01-24,9274
00752,中信中國50,30,0,30,凱基-鳳山,2024-01-24,9274
2867,三商壽,30,0,30,凱基-鳳山,2024-01-24,9274
2324,仁寶,28,2,26,凱基-鳳山,2024-01-24,9274
8059,凱碩,30,6,24,凱基-鳳山,2024-01-24,9274
1301,台塑,21,0,21,凱基-鳳山,2024-01-24,9274
00933B,國泰10Y+金融債,21,0,21,凱基-鳳山,2024-01-24,9274
9934,成霖,20,0,20,凱基-鳳山,2024-01-24,9274
1319,東陽,20,1,19,凱基-鳳山,2024-01-24,9274
4956,光鋐,60,42,18,凱基-鳳山,2024-01-24,9274
2353,宏��,44,27,17,凱基-鳳山,2024-01-24,9274
00937B,群益ESG投等債20,30,15,15,凱基-鳳山,2024-01-24,9274
2405,輔信,15,0,15,凱基-鳳山,2024-01-24,9274
8908,欣雄,15,0,15,凱基-鳳山,2024-01-24,9274
00882,中信中國高股息,15,0,15,凱基-鳳山,2024-01-24,9274
8027,鈦昇,16,3,13,凱基-鳳山,2024-01-24,9274
2603,長榮,68,55,13,凱基-鳳山,2024-01-24,9274
00680L,元大美債20正2,12,0,12,凱基-鳳山,2024-01-24,9274
2390,云辰,11,0,11,凱基-鳳山,2024-01-24,9274
6196,帆宣,11,0,11,凱基-鳳山,2024-01-24,9274
2891,中信金,10,0,10,凱基-鳳山,2024-01-24,9274
00720B,元大投資級公司債,10,0,10,凱基-鳳山,2024-01-24,9274
00632R,元大台灣50反1,10,0,10,凱基-鳳山,2024-01-24,9274
2329,華泰,13,3,10,凱基-鳳山,2024-01-24,9274
3260,威剛,11,1,10,凱基-鳳山,2024-01-24,9274
3704,合勤控,10,0,10,凱基-鳳山,2024-01-24,9274
4707,磐亞,10,0,10,凱基-鳳山,2024-01-24,9274
5258,虹堡,10,0,10,凱基-鳳山,2024-01-24,9274
6168,宏齊,10,0,10,凱基-鳳山,2024-01-24,9274
8069,元太,10,0,10,凱基-鳳山,2024-01-24,9274
2408,南亞科,10,1,9,凱基-鳳山,2024-01-24,9274
00687B,國泰20年美債,8,0,8,凱基-鳳山,2024-01-24,9274
3545,敦泰,10,2,8,凱基-鳳山,2024-01-24,9274
3588,通嘉,13,5,8,凱基-鳳山,2024-01-24,9274
006205,富邦上証,7,0,7,凱基-鳳山,2024-01-24,9274
2356,英業達,49,42,7,凱基-鳳山,2024-01-24,9274
3037,欣興,8,1,7,凱基-鳳山,2024-01-24,9274
00931B,統一美債20年,6,0,6,凱基-鳳山,2024-01-24,9274
4953,緯軟,6,0,6,凱基-鳳山,2024-01-24,9274
5474,聰泰,11,5,6,凱基-鳳山,2024-01-24,9274
00632R,元大台灣50反1,100,0,100,凱基-鳳山,2024-01-25,9274
00706L,期元大S＆P日圓正2,80,0,80,凱基-鳳山,2024-01-25,9274
00679B,元大美債20年,75,0,75,凱基-鳳山,2024-01-25,9274
2353,宏��,92,22,70,凱基-鳳山,2024-01-25,9274
2329,華泰,53,10,43,凱基-鳳山,2024-01-25,9274
6113,亞矽,65,25,40,凱基-鳳山,2024-01-25,9274
6120,達運,52,13,39,凱基-鳳山,2024-01-25,9274
00724B,群益投資級金融債,37,0,37,凱基-鳳山,2024-01-25,9274
8089,康全電訊,41,6,35,凱基-鳳山,2024-01-25,9274
4956,光鋐,135,101,34,凱基-鳳山,2024-01-25,9274
00722B,群益投資級電信債,33,0,33,凱基-鳳山,2024-01-25,9274
6274,台燿,33,0,33,凱基-鳳山,2024-01-25,9274
2460,建通,34,2,32,凱基-鳳山,2024-01-25,9274
8096,擎亞,73,47,26,凱基-鳳山,2024-01-25,9274
00687B,國泰20年美債,31,7,24,凱基-鳳山,2024-01-25,9274
00673R,期元大S＆P原油反1,23,0,23,凱基-鳳山,2024-01-25,9274
2609,陽明,21,0,21,凱基-鳳山,2024-01-25,9274
4707,磐亞,21,0,21,凱基-鳳山,2024-01-25,9274
2883,凱基金,23,3,20,凱基-鳳山,2024-01-25,9274
3036,文曄,20,0,20,凱基-鳳山,2024-01-25,9274
9958,世紀鋼,193,174,19,凱基-鳳山,2024-01-25,9274
2356,英業達,40,21,19,凱基-鳳山,2024-01-25,9274
00795B,中信美國公債20年,18,0,18,凱基-鳳山,2024-01-25,9274
5309,系統電,20,3,17,凱基-鳳山,2024-01-25,9274
8105,凌巨,17,0,17,凱基-鳳山,2024-01-25,9274
00885,富邦越南,16,0,16,凱基-鳳山,2024-01-25,9274
00919,群益台灣精選高息,18,3,15,凱基-鳳山,2024-01-25,9274
3390,旭軟,14,1,13,凱基-鳳山,2024-01-25,9274
2308,台達電,11,0,11,凱基-鳳山,2024-01-25,9274
00929,復華台灣科技優息,11,0,11,凱基-鳳山,2024-01-25,9274
00933B,國泰10Y+金融債,21,10,11,凱基-鳳山,2024-01-25,9274
2025,千興,11,0,11,凱基-鳳山,2024-01-25,9274
2615,萬海,11,0,11,凱基-鳳山,2024-01-25,9274
3033,威健,11,0,11,凱基-鳳山,2024-01-25,9274
4526,東台,12,1,11,凱基-鳳山,2024-01-25,9274
4934,太極,11,0,11,凱基-鳳山,2024-01-25,9274
6265,方土昶,12,1,11,凱基-鳳山,2024-01-25,9274
5425,台半,10,0,10,凱基-鳳山,2024-01-25,9274
2360,致茂,10,0,10,凱基-鳳山,2024-01-25,9274
00665L,富邦�琤肭磪囓�2,10,0,10,凱基-鳳山,2024-01-25,9274
2332,友訊,10,0,10,凱基-鳳山,2024-01-25,9274
2344,華邦電,13,3,10,凱基-鳳山,2024-01-25,9274
2374,佳能,10,0,10,凱基-鳳山,2024-01-25,9274
3013,晟銘電,10,0,10,凱基-鳳山,2024-01-25,9274
4113,聯上,10,0,10,凱基-鳳山,2024-01-25,9274
4755,三福化,10,0,10,凱基-鳳山,2024-01-25,9274
4909,新復興,19,9,10,凱基-鳳山,2024-01-25,9274
6122,擎邦,11,1,10,凱基-鳳山,2024-01-25,9274
8908,欣雄,10,0,10,凱基-鳳山,2024-01-25,9274
2002,中鋼,14,5,9,凱基-鳳山,2024-01-25,9274
3047,訊舟,411,1,410,凱基-鳳山,2024-01-26,9274
3481,群創,3139,2956,183,凱基-鳳山,2024-01-26,9274
6270,倍微,250,83,167,凱基-鳳山,2024-01-26,9274
00720B,元大投資級公司債,158,0,158,凱基-鳳山,2024-01-26,9274
2501,國建,111,0,111,凱基-鳳山,2024-01-26,9274
2303,聯電,125,26,99,凱基-鳳山,2024-01-26,9274
00929,復華台灣科技優息,64,2,62,凱基-鳳山,2024-01-26,9274
6120,達運,231,175,56,凱基-鳳山,2024-01-26,9274
2208,台船,52,0,52,凱基-鳳山,2024-01-26,9274
8089,康全電訊,65,17,48,凱基-鳳山,2024-01-26,9274
9958,世紀鋼,81,38,43,凱基-鳳山,2024-01-26,9274
00878,國泰永續高股息,41,3,38,凱基-鳳山,2024-01-26,9274
00637L,元大滬深300正2,34,0,34,凱基-鳳山,2024-01-26,9274
2324,仁寶,38,8,30,凱基-鳳山,2024-01-26,9274
00715L,期街口布蘭特正2,50,20,30,凱基-鳳山,2024-01-26,9274
00882,中信中國高股息,39,12,27,凱基-鳳山,2024-01-26,9274
00937B,群益ESG投等債20,26,2,24,凱基-鳳山,2024-01-26,9274
3014,聯陽,24,0,24,凱基-鳳山,2024-01-26,9274
0056,元大高股息,24,1,23,凱基-鳳山,2024-01-26,9274
2618,長榮航,34,11,23,凱基-鳳山,2024-01-26,9274
2409,友達,27,4,23,凱基-鳳山,2024-01-26,9274
5483,中美晶,20,0,20,凱基-鳳山,2024-01-26,9274
2543,皇昌,21,2,19,凱基-鳳山,2024-01-26,9274
2609,陽明,74,56,18,凱基-鳳山,2024-01-26,9274
2486,一詮,20,2,18,凱基-鳳山,2024-01-26,9274
2377,微星,18,1,17,凱基-鳳山,2024-01-26,9274
3034,聯詠,22,7,15,凱基-鳳山,2024-01-26,9274
00679B,元大美債20年,14,0,14,凱基-鳳山,2024-01-26,9274
8059,凱碩,14,1,13,凱基-鳳山,2024-01-26,9274
2382,廣達,19,7,12,凱基-鳳山,2024-01-26,9274
00673R,期元大S＆P原油反1,12,0,12,凱基-鳳山,2024-01-26,9274
2520,冠德,12,0,12,凱基-鳳山,2024-01-26,9274
2331,精英,13,2,11,凱基-鳳山,2024-01-26,9274
3312,弘憶股,11,0,11,凱基-鳳山,2024-01-26,9274
6112,邁達特,11,0,11,凱基-鳳山,2024-01-26,9274
00935,野村臺灣新科技50,10,0,10,凱基-鳳山,2024-01-26,9274
006205,富邦上証,10,0,10,凱基-鳳山,2024-01-26,9274
2009,第一銅,10,0,10,凱基-鳳山,2024-01-26,9274
2890,永豐金,10,0,10,凱基-鳳山,2024-01-26,9274
3580,友威科,10,0,10,凱基-鳳山,2024-01-26,9274
00687B,國泰20年美債,15,6,9,凱基-鳳山,2024-01-26,9274
3694,海華,13,4,9,凱基-鳳山,2024-01-26,9274
3540,曜越,8,0,8,凱基-鳳山,2024-01-26,9274
4129,聯合,8,0,8,凱基-鳳山,2024-01-26,9274
6127,九豪,7,0,7,凱基-鳳山,2024-01-26,9274
2022,聚亨,6,0,6,凱基-鳳山,2024-01-26,9274
2301,光寶科,6,0,6,凱基-鳳山,2024-01-26,9274
6125,廣運,6,0,6,凱基-鳳山,2024-01-26,9274
00902,中信電池及儲能,5,0,5,凱基-鳳山,2024-01-26,9274
00918,大華優利高填息30,5,0,5,凱基-鳳山,2024-01-26,9274
3481,群創,842,490,352,凱基-鳳山,2024-01-29,9274
2409,友達,177,0,177,凱基-鳳山,2024-01-29,9274
00937B,群益ESG投等債20,132,0,132,凱基-鳳山,2024-01-29,9274
00687B,國泰20年美債,76,0,76,凱基-鳳山,2024-01-29,9274
00933B,國泰10Y+金融債,40,1,39,凱基-鳳山,2024-01-29,9274
3591,艾笛森,37,0,37,凱基-鳳山,2024-01-29,9274
00679B,元大美債20年,36,0,36,凱基-鳳山,2024-01-29,9274
8069,元太,42,7,35,凱基-鳳山,2024-01-29,9274
2542,興富發,30,0,30,凱基-鳳山,2024-01-29,9274
6290,良維,42,14,28,凱基-鳳山,2024-01-29,9274
2303,聯電,30,3,27,凱基-鳳山,2024-01-29,9274
2337,旺宏,22,1,21,凱基-鳳山,2024-01-29,9274
2641,正德,21,0,21,凱基-鳳山,2024-01-29,9274
4919,新唐,20,0,20,凱基-鳳山,2024-01-29,9274
6274,台燿,22,5,17,凱基-鳳山,2024-01-29,9274
00885,富邦越南,16,0,16,凱基-鳳山,2024-01-29,9274
3535,晶彩科,16,0,16,凱基-鳳山,2024-01-29,9274
00688L,國泰20年美債正2,15,0,15,凱基-鳳山,2024-01-29,9274
2408,南亞科,28,14,14,凱基-鳳山,2024-01-29,9274
5521,工信,14,2,12,凱基-鳳山,2024-01-29,9274
00931B,統一美債20年,11,0,11,凱基-鳳山,2024-01-29,9274
1101,台泥,11,0,11,凱基-鳳山,2024-01-29,9274
8087,麗升能源,11,0,11,凱基-鳳山,2024-01-29,9274
2633,台灣高鐵,11,0,11,凱基-鳳山,2024-01-29,9274
00665L,富邦�琤肭磪囓�2,10,0,10,凱基-鳳山,2024-01-29,9274
00751B,元大AAA至A公司債,10,0,10,凱基-鳳山,2024-01-29,9274
1312,國喬,10,0,10,凱基-鳳山,2024-01-29,9274
3086,華義,10,0,10,凱基-鳳山,2024-01-29,9274
5227,立凱-KY,10,0,10,凱基-鳳山,2024-01-29,9274
6116,彩晶,17,7,10,凱基-鳳山,2024-01-29,9274
2610,華航,15,6,9,凱基-鳳山,2024-01-29,9274
3706,神達,14,5,9,凱基-鳳山,2024-01-29,9274
2002,中鋼,9,1,8,凱基-鳳山,2024-01-29,9274
1301,台塑,11,4,7,凱基-鳳山,2024-01-29,9274
2208,台船,7,0,7,凱基-鳳山,2024-01-29,9274
00720B,元大投資級公司債,7,0,7,凱基-鳳山,2024-01-29,9274
6140,訊達,8,1,7,凱基-鳳山,2024-01-29,9274
2324,仁寶,15,8,7,凱基-鳳山,2024-01-29,9274
00673R,期元大S＆P原油反1,6,0,6,凱基-鳳山,2024-01-29,9274
00795B,中信美國公債20年,6,0,6,凱基-鳳山,2024-01-29,9274
2365,昆盈,7,1,6,凱基-鳳山,2024-01-29,9274
3021,鴻名,6,0,6,凱基-鳳山,2024-01-29,9274
3055,蔚華科,7,1,6,凱基-鳳山,2024-01-29,9274
3520,華盈,7,1,6,凱基-鳳山,2024-01-29,9274
3711,日月光投控,6,0,6,凱基-鳳山,2024-01-29,9274
8034,榮群,10,4,6,凱基-鳳山,2024-01-29,9274
3231,緯創,47,41,6,凱基-鳳山,2024-01-29,9274
2886,兆豐金,5,0,5,凱基-鳳山,2024-01-29,9274
1723,中碳,5,0,5,凱基-鳳山,2024-01-29,9274
2392,正崴,5,0,5,凱基-鳳山,2024-01-29,9274
3481,群創,1005,211,794,凱基-鳳山,2024-01-30,9274
3047,訊舟,320,119,201,凱基-鳳山,2024-01-30,9274
00687B,國泰20年美債,133,24,109,凱基-鳳山,2024-01-30,9274
2313,華通,59,1,58,凱基-鳳山,2024-01-30,9274
2618,長榮航,107,49,58,凱基-鳳山,2024-01-30,9274
00632R,元大台灣50反1,60,5,55,凱基-鳳山,2024-01-30,9274
6290,良維,57,2,55,凱基-鳳山,2024-01-30,9274
9958,世紀鋼,175,122,53,凱基-鳳山,2024-01-30,9274
00637L,元大滬深300正2,50,2,48,凱基-鳳山,2024-01-30,9274
00680L,元大美債20正2,55,7,48,凱基-鳳山,2024-01-30,9274
2611,志信,46,0,46,凱基-鳳山,2024-01-30,9274
2405,輔信,45,0,45,凱基-鳳山,2024-01-30,9274
00931B,統一美債20年,41,0,41,凱基-鳳山,2024-01-30,9274
2356,英業達,68,31,37,凱基-鳳山,2024-01-30,9274
2421,建準,49,13,36,凱基-鳳山,2024-01-30,9274
2409,友達,33,2,31,凱基-鳳山,2024-01-30,9274
8155,博智,31,1,30,凱基-鳳山,2024-01-30,9274
00937B,群益ESG投等債20,31,2,29,凱基-鳳山,2024-01-30,9274
8096,擎亞,34,9,25,凱基-鳳山,2024-01-30,9274
1513,中興電,25,1,24,凱基-鳳山,2024-01-30,9274
00712,復華富時不動產,23,0,23,凱基-鳳山,2024-01-30,9274
6217,中探針,19,0,19,凱基-鳳山,2024-01-30,9274
00753L,中信中國50正2,15,0,15,凱基-鳳山,2024-01-30,9274
3380,明泰,16,1,15,凱基-鳳山,2024-01-30,9274
2460,建通,16,1,15,凱基-鳳山,2024-01-30,9274
3034,聯詠,18,4,14,凱基-鳳山,2024-01-30,9274
2365,昆盈,22,8,14,凱基-鳳山,2024-01-30,9274
2610,華航,18,5,13,凱基-鳳山,2024-01-30,9274
4960,誠美材,19,6,13,凱基-鳳山,2024-01-30,9274
5871,中租-KY,13,0,13,凱基-鳳山,2024-01-30,9274
00919,群益台灣精選高息,15,3,12,凱基-鳳山,2024-01-30,9274
6770,力積電,14,2,12,凱基-鳳山,2024-01-30,9274
3037,欣興,12,0,12,凱基-鳳山,2024-01-30,9274
00929,復華台灣科技優息,27,15,12,凱基-鳳山,2024-01-30,9274
00715L,期街口布蘭特正2,12,0,12,凱基-鳳山,2024-01-30,9274
00688L,國泰20年美債正2,15,3,12,凱基-鳳山,2024-01-30,9274
00885,富邦越南,12,0,12,凱基-鳳山,2024-01-30,9274
00882,中信中國高股息,10,0,10,凱基-鳳山,2024-01-30,9274
00631L,元大台灣50正2,10,0,10,凱基-鳳山,2024-01-30,9274
00751B,元大AAA至A公司債,10,0,10,凱基-鳳山,2024-01-30,9274
2337,旺宏,11,1,10,凱基-鳳山,2024-01-30,9274
2520,冠德,10,0,10,凱基-鳳山,2024-01-30,9274
3294,英濟,10,0,10,凱基-鳳山,2024-01-30,9274
3499,環天科,10,0,10,凱基-鳳山,2024-01-30,9274
4934,太極,10,0,10,凱基-鳳山,2024-01-30,9274
8011,台通,12,2,10,凱基-鳳山,2024-01-30,9274
8064,東捷,10,0,10,凱基-鳳山,2024-01-30,9274
8234,新漢,10,0,10,凱基-鳳山,2024-01-30,9274
4933,友輝,10,0,10,凱基-鳳山,2024-01-30,9274
2014,中鴻,10,1,9,凱基-鳳山,2024-01-30,9274
3481,群創,857,233,624,凱基-鳳山,2024-01-31,9274
00929,復華台灣科技優息,136,3,133,凱基-鳳山,2024-01-31,9274
9958,世紀鋼,148,58,90,凱基-鳳山,2024-01-31,9274
3047,訊舟,68,5,63,凱基-鳳山,2024-01-31,9274
0056,元大高股息,54,0,54,凱基-鳳山,2024-01-31,9274
1316,上曜,27,0,27,凱基-鳳山,2024-01-31,9274
3615,安可,29,2,27,凱基-鳳山,2024-01-31,9274
4804,大略-KY,21,0,21,凱基-鳳山,2024-01-31,9274
2836,高雄銀,20,0,20,凱基-鳳山,2024-01-31,9274
3036,文曄,21,1,20,凱基-鳳山,2024-01-31,9274
00712,復華富時不動產,20,1,19,凱基-鳳山,2024-01-31,9274
3231,緯創,35,18,17,凱基-鳳山,2024-01-31,9274
8069,元太,17,2,15,凱基-鳳山,2024-01-31,9274
2486,一詮,21,7,14,凱基-鳳山,2024-01-31,9274
2002,中鋼,14,1,13,凱基-鳳山,2024-01-31,9274
1301,台塑,12,0,12,凱基-鳳山,2024-01-31,9274
3545,敦泰,11,0,11,凱基-鳳山,2024-01-31,9274
1309,台達化,11,0,11,凱基-鳳山,2024-01-31,9274
8096,擎亞,18,7,11,凱基-鳳山,2024-01-31,9274
2356,英業達,11,1,10,凱基-鳳山,2024-01-31,9274
3017,奇鋐,12,2,10,凱基-鳳山,2024-01-31,9274
00631L,元大台灣50正2,10,0,10,凱基-鳳山,2024-01-31,9274
00933B,國泰10Y+金融債,10,0,10,凱基-鳳山,2024-01-31,9274
00937B,群益ESG投等債20,10,0,10,凱基-鳳山,2024-01-31,9274
2344,華邦電,14,4,10,凱基-鳳山,2024-01-31,9274
2641,正德,10,0,10,凱基-鳳山,2024-01-31,9274
2867,三商壽,10,0,10,凱基-鳳山,2024-01-31,9274
006205,富邦上証,9,0,9,凱基-鳳山,2024-01-31,9274
3706,神達,19,10,9,凱基-鳳山,2024-01-31,9274
2330,台積電,10,2,8,凱基-鳳山,2024-01-31,9274
2329,華泰,23,15,8,凱基-鳳山,2024-01-31,9274
2352,佳世達,8,0,8,凱基-鳳山,2024-01-31,9274
4714,永捷,10,2,8,凱基-鳳山,2024-01-31,9274
4939,亞電,8,0,8,凱基-鳳山,2024-01-31,9274
6104,創惟,8,0,8,凱基-鳳山,2024-01-31,9274
2454,聯發科,11,3,8,凱基-鳳山,2024-01-31,9274
00637L,元大滬深300正2,7,0,7,凱基-鳳山,2024-01-31,9274
00680L,元大美債20正2,12,5,7,凱基-鳳山,2024-01-31,9274
1529,樂事綠能,7,0,7,凱基-鳳山,2024-01-31,9274
1540,喬福,7,0,7,凱基-鳳山,2024-01-31,9274
1711,永光,8,1,7,凱基-鳳山,2024-01-31,9274
2355,敬鵬,9,2,7,凱基-鳳山,2024-01-31,9274
2460,建通,7,0,7,凱基-鳳山,2024-01-31,9274
2498,宏達電,7,0,7,凱基-鳳山,2024-01-31,9274
2609,陽明,48,42,6,凱基-鳳山,2024-01-31,9274
6188,廣明,6,0,6,凱基-鳳山,2024-01-31,9274
6243,迅杰,15,9,6,凱基-鳳山,2024-01-31,9274
8064,東捷,7,1,6,凱基-鳳山,2024-01-31,9274
8936,國統,26,21,5,凱基-鳳山,2024-01-31,9274
3008,大立光,6,1,5,凱基-鳳山,2024-01-31,9274
3481,群創,546,289,257,凱基-鳳山,2024-02-01,9274
2409,友達,149,0,149,凱基-鳳山,2024-02-01,9274
6112,邁達特,56,0,56,凱基-鳳山,2024-02-01,9274
00878,國泰永續高股息,53,2,51,凱基-鳳山,2024-02-01,9274
4906,正文,108,58,50,凱基-鳳山,2024-02-01,9274
3312,弘憶股,47,1,46,凱基-鳳山,2024-02-01,9274
2834,臺企銀,41,0,41,凱基-鳳山,2024-02-01,9274
3297,杭特,43,2,41,凱基-鳳山,2024-02-01,9274
00665L,富邦�琤肭磪囓�2,40,0,40,凱基-鳳山,2024-02-01,9274
00933B,國泰10Y+金融債,40,0,40,凱基-鳳山,2024-02-01,9274
00885,富邦越南,37,0,37,凱基-鳳山,2024-02-01,9274
00712,復華富時不動產,38,1,37,凱基-鳳山,2024-02-01,9274
00929,復華台灣科技優息,37,0,37,凱基-鳳山,2024-02-01,9274
2812,台中銀,54,18,36,凱基-鳳山,2024-02-01,9274
2002,中鋼,26,0,26,凱基-鳳山,2024-02-01,9274
00937B,群益ESG投等債20,22,1,21,凱基-鳳山,2024-02-01,9274
00779B,凱基美債25+,20,0,20,凱基-鳳山,2024-02-01,9274
2382,廣達,18,0,18,凱基-鳳山,2024-02-01,9274
2460,建通,18,0,18,凱基-鳳山,2024-02-01,9274
1312,國喬,15,0,15,凱基-鳳山,2024-02-01,9274
3520,華盈,15,0,15,凱基-鳳山,2024-02-01,9274
1229,聯華,14,0,14,凱基-鳳山,2024-02-01,9274
2408,南亞科,16,3,13,凱基-鳳山,2024-02-01,9274
6116,彩晶,13,0,13,凱基-鳳山,2024-02-01,9274
3402,漢科,12,0,12,凱基-鳳山,2024-02-01,9274
2888,新光金,11,0,11,凱基-鳳山,2024-02-01,9274
00927,群益半導體收益,10,0,10,凱基-鳳山,2024-02-01,9274
1210,大成,10,0,10,凱基-鳳山,2024-02-01,9274
1718,中纖,10,0,10,凱基-鳳山,2024-02-01,9274
00882,中信中國高股息,8,0,8,凱基-鳳山,2024-02-01,9274
2025,千興,10,2,8,凱基-鳳山,2024-02-01,9274
6533,晶心科,7,0,7,凱基-鳳山,2024-02-01,9274
2376,技嘉,12,5,7,凱基-鳳山,2024-02-01,9274
2379,瑞昱,21,14,7,凱基-鳳山,2024-02-01,9274
3360,尚立,7,0,7,凱基-鳳山,2024-02-01,9274
4909,新復興,12,5,7,凱基-鳳山,2024-02-01,9274
6243,迅杰,16,9,7,凱基-鳳山,2024-02-01,9274
8936,國統,19,12,7,凱基-鳳山,2024-02-01,9274
3035,智原,18,12,6,凱基-鳳山,2024-02-01,9274
00935,野村臺灣新科技50,6,0,6,凱基-鳳山,2024-02-01,9274
1711,永光,9,3,6,凱基-鳳山,2024-02-01,9274
2314,台揚,6,0,6,凱基-鳳山,2024-02-01,9274
00670L,富邦NASDAQ正2,5,0,5,凱基-鳳山,2024-02-01,9274
1584,精剛,5,0,5,凱基-鳳山,2024-02-01,9274
2352,佳世達,5,0,5,凱基-鳳山,2024-02-01,9274
3338,泰碩,6,1,5,凱基-鳳山,2024-02-01,9274
3580,友威科,5,0,5,凱基-鳳山,2024-02-01,9274
4529,淳紳,5,0,5,凱基-鳳山,2024-02-01,9274
5328,華容,5,0,5,凱基-鳳山,2024-02-01,9274
6127,九豪,5,0,5,凱基-鳳山,2024-02-01,9274
3481,群創,1394,864,530,凱基-鳳山,2024-02-02,9274
00919,群益台灣精選高息,281,1,280,凱基-鳳山,2024-02-02,9274
00687B,國泰20年美債,209,0,209,凱基-鳳山,2024-02-02,9274
00665L,富邦�琤肭磪囓�2,120,0,120,凱基-鳳山,2024-02-02,9274
4956,光鋐,100,6,94,凱基-鳳山,2024-02-02,9274
2812,台中銀,92,1,91,凱基-鳳山,2024-02-02,9274
3297,杭特,103,40,63,凱基-鳳山,2024-02-02,9274
00712,復華富時不動產,57,10,47,凱基-鳳山,2024-02-02,9274
00680L,元大美債20正2,48,4,44,凱基-鳳山,2024-02-02,9274
2609,陽明,63,19,44,凱基-鳳山,2024-02-02,9274
00937B,群益ESG投等債20,39,1,38,凱基-鳳山,2024-02-02,9274
00637L,元大滬深300正2,28,0,28,凱基-鳳山,2024-02-02,9274
00878,國泰永續高股息,32,4,28,凱基-鳳山,2024-02-02,9274
1314,中石化,27,0,27,凱基-鳳山,2024-02-02,9274
4966,譜瑞-KY,26,0,26,凱基-鳳山,2024-02-02,9274
00915,凱基優選高股息30,20,0,20,凱基-鳳山,2024-02-02,9274
2867,三商壽,20,0,20,凱基-鳳山,2024-02-02,9274
9919,康那香,20,1,19,凱基-鳳山,2024-02-02,9274
2408,南亞科,19,1,18,凱基-鳳山,2024-02-02,9274
2303,聯電,26,8,18,凱基-鳳山,2024-02-02,9274
2603,長榮,111,94,17,凱基-鳳山,2024-02-02,9274
3363,上詮,22,6,16,凱基-鳳山,2024-02-02,9274
4714,永捷,19,3,16,凱基-鳳山,2024-02-02,9274
00929,復華台灣科技優息,37,21,16,凱基-鳳山,2024-02-02,9274
1582,信錦,19,4,15,凱基-鳳山,2024-02-02,9274
2340,台亞,15,0,15,凱基-鳳山,2024-02-02,9274
2610,華航,15,1,14,凱基-鳳山,2024-02-02,9274
4529,淳紳,24,10,14,凱基-鳳山,2024-02-02,9274
8069,元太,17,3,14,凱基-鳳山,2024-02-02,9274
2353,宏��,26,14,12,凱基-鳳山,2024-02-02,9274
2460,建通,12,0,12,凱基-鳳山,2024-02-02,9274
5347,世界,15,3,12,凱基-鳳山,2024-02-02,9274
2356,英業達,36,25,11,凱基-鳳山,2024-02-02,9274
3711,日月光投控,13,2,11,凱基-鳳山,2024-02-02,9274
00715L,期街口布蘭特正2,10,0,10,凱基-鳳山,2024-02-02,9274
006205,富邦上証,10,0,10,凱基-鳳山,2024-02-02,9274
00751B,元大AAA至A公司債,10,0,10,凱基-鳳山,2024-02-02,9274
1313,聯成,10,0,10,凱基-鳳山,2024-02-02,9274
1720,生達,10,0,10,凱基-鳳山,2024-02-02,9274
5515,建國,10,0,10,凱基-鳳山,2024-02-02,9274
6276,安鈦克,11,1,10,凱基-鳳山,2024-02-02,9274
6125,廣運,14,6,8,凱基-鳳山,2024-02-02,9274
00882,中信中國高股息,7,0,7,凱基-鳳山,2024-02-02,9274
2301,光寶科,7,0,7,凱基-鳳山,2024-02-02,9274
6684,安格,8,1,7,凱基-鳳山,2024-02-02,9274
00679B,元大美債20年,18,11,7,凱基-鳳山,2024-02-02,9274
2002,中鋼,6,0,6,凱基-鳳山,2024-02-02,9274
2884,玉山金,6,0,6,凱基-鳳山,2024-02-02,9274
00918,大華優利高填息30,8,2,6,凱基-鳳山,2024-02-02,9274
6164,華興,6,0,6,凱基-鳳山,2024-02-02,9274
00937B,群益ESG投等債20,253,5,248,凱基-鳳山,2024-02-05,9274
3047,訊舟,450,218,232,凱基-鳳山,2024-02-05,9274
00687B,國泰20年美債,191,3,188,凱基-鳳山,2024-02-05,9274
3481,群創,220,122,98,凱基-鳳山,2024-02-05,9274
00680L,元大美債20正2,132,42,90,凱基-鳳山,2024-02-05,9274
3591,艾笛森,151,67,84,凱基-鳳山,2024-02-05,9274
00929,復華台灣科技優息,91,11,80,凱基-鳳山,2024-02-05,9274
4714,永捷,85,13,72,凱基-鳳山,2024-02-05,9274
8054,安國,61,1,60,凱基-鳳山,2024-02-05,9274
3297,杭特,52,0,52,凱基-鳳山,2024-02-05,9274
00665L,富邦�琤肭磪囓�2,70,20,50,凱基-鳳山,2024-02-05,9274
00919,群益台灣精選高息,45,2,43,凱基-鳳山,2024-02-05,9274
2409,友達,42,0,42,凱基-鳳山,2024-02-05,9274
00712,復華富時不動產,41,0,41,凱基-鳳山,2024-02-05,9274
6533,晶心科,50,11,39,凱基-鳳山,2024-02-05,9274
2884,玉山金,33,0,33,凱基-鳳山,2024-02-05,9274
3360,尚立,35,2,33,凱基-鳳山,2024-02-05,9274
2892,第一金,31,0,31,凱基-鳳山,2024-02-05,9274
2329,華泰,42,12,30,凱基-鳳山,2024-02-05,9274
2303,聯電,41,13,28,凱基-鳳山,2024-02-05,9274
1101,台泥,24,0,24,凱基-鳳山,2024-02-05,9274
8089,康全電訊,107,83,24,凱基-鳳山,2024-02-05,9274
00715L,期街口布蘭特正2,22,0,22,凱基-鳳山,2024-02-05,9274
2365,昆盈,45,23,22,凱基-鳳山,2024-02-05,9274
00679B,元大美債20年,20,0,20,凱基-鳳山,2024-02-05,9274
5426,振發,39,22,17,凱基-鳳山,2024-02-05,9274
2027,大成鋼,16,0,16,凱基-鳳山,2024-02-05,9274
3217,優群,18,2,16,凱基-鳳山,2024-02-05,9274
9958,世紀鋼,160,144,16,凱基-鳳山,2024-02-05,9274
3530,晶相光,16,1,15,凱基-鳳山,2024-02-05,9274
6213,聯茂,20,5,15,凱基-鳳山,2024-02-05,9274
2887,台新金,15,0,15,凱基-鳳山,2024-02-05,9274
2405,輔信,14,0,14,凱基-鳳山,2024-02-05,9274
1528,恩德,35,22,13,凱基-鳳山,2024-02-05,9274
1609,大亞,13,0,13,凱基-鳳山,2024-02-05,9274
2883,凱基金,13,0,13,凱基-鳳山,2024-02-05,9274
2331,精英,12,0,12,凱基-鳳山,2024-02-05,9274
2419,仲琦,11,0,11,凱基-鳳山,2024-02-05,9274
3520,華盈,11,0,11,凱基-鳳山,2024-02-05,9274
00688L,國泰20年美債正2,10,0,10,凱基-鳳山,2024-02-05,9274
1506,正道,10,0,10,凱基-鳳山,2024-02-05,9274
1603,華電,10,0,10,凱基-鳳山,2024-02-05,9274
2007,燁興,10,0,10,凱基-鳳山,2024-02-05,9274
3704,合勤控,10,0,10,凱基-鳳山,2024-02-05,9274
3707,漢磊,10,0,10,凱基-鳳山,2024-02-05,9274
5272,笙科,10,0,10,凱基-鳳山,2024-02-05,9274
6165,浪凡,14,4,10,凱基-鳳山,2024-02-05,9274
6269,台郡,10,0,10,凱基-鳳山,2024-02-05,9274
6530,創威,10,0,10,凱基-鳳山,2024-02-05,9274
6684,安格,10,0,10,凱基-鳳山,2024-02-05,9274
3481,群創,1639,196,1443,凱基-鳳山,2024-02-15,9274
00937B,群益ESG投等債20,292,3,289,凱基-鳳山,2024-02-15,9274
00931B,統一美債20年,101,0,101,凱基-鳳山,2024-02-15,9274
00679B,元大美債20年,100,0,100,凱基-鳳山,2024-02-15,9274
00687B,國泰20年美債,84,0,84,凱基-鳳山,2024-02-15,9274
00933B,國泰10Y+金融債,85,2,83,凱基-鳳山,2024-02-15,9274
2344,華邦電,84,1,83,凱基-鳳山,2024-02-15,9274
2025,千興,70,4,66,凱基-鳳山,2024-02-15,9274
00712,復華富時不動產,72,7,65,凱基-鳳山,2024-02-15,9274
3234,光環,61,1,60,凱基-鳳山,2024-02-15,9274
1434,福懋,40,0,40,凱基-鳳山,2024-02-15,9274
00680L,元大美債20正2,168,129,39,凱基-鳳山,2024-02-15,9274
00665L,富邦�琤肭磪囓�2,51,13,38,凱基-鳳山,2024-02-15,9274
00673R,期元大S＆P原油反1,38,0,38,凱基-鳳山,2024-02-15,9274
00720B,元大投資級公司債,37,0,37,凱基-鳳山,2024-02-15,9274
6116,彩晶,30,0,30,凱基-鳳山,2024-02-15,9274
2408,南亞科,45,18,27,凱基-鳳山,2024-02-15,9274
6126,信音,60,35,25,凱基-鳳山,2024-02-15,9274
2002,中鋼,21,1,20,凱基-鳳山,2024-02-15,9274
3704,合勤控,20,0,20,凱基-鳳山,2024-02-15,9274
3189,景碩,20,1,19,凱基-鳳山,2024-02-15,9274
3706,神達,37,18,19,凱基-鳳山,2024-02-15,9274
2356,英業達,66,48,18,凱基-鳳山,2024-02-15,9274
6125,廣運,50,34,16,凱基-鳳山,2024-02-15,9274
5483,中美晶,17,1,16,凱基-鳳山,2024-02-15,9274
00878,國泰永續高股息,31,15,16,凱基-鳳山,2024-02-15,9274
00919,群益台灣精選高息,30,15,15,凱基-鳳山,2024-02-15,9274
3492,長盛,15,0,15,凱基-鳳山,2024-02-15,9274
4503,金雨,15,0,15,凱基-鳳山,2024-02-15,9274
00795B,中信美國公債20年,14,0,14,凱基-鳳山,2024-02-15,9274
00882,中信中國高股息,13,0,13,凱基-鳳山,2024-02-15,9274
00764B,群益25年美債,13,0,13,凱基-鳳山,2024-02-15,9274
2313,華通,16,3,13,凱基-鳳山,2024-02-15,9274
3535,晶彩科,13,0,13,凱基-鳳山,2024-02-15,9274
4303,信立,13,0,13,凱基-鳳山,2024-02-15,9274
1503,士電,17,7,10,凱基-鳳山,2024-02-15,9274
1618,合機,10,0,10,凱基-鳳山,2024-02-15,9274
1905,華紙,10,0,10,凱基-鳳山,2024-02-15,9274
2748,雲品,10,0,10,凱基-鳳山,2024-02-15,9274
2913,農林,10,0,10,凱基-鳳山,2024-02-15,9274
3058,立德,10,0,10,凱基-鳳山,2024-02-15,9274
4543,萬在,10,0,10,凱基-鳳山,2024-02-15,9274
4966,譜瑞-KY,21,11,10,凱基-鳳山,2024-02-15,9274
5347,世界,11,2,9,凱基-鳳山,2024-02-15,9274
2464,盟立,9,0,9,凱基-鳳山,2024-02-15,9274
3701,大眾控,18,9,9,凱基-鳳山,2024-02-15,9274
4162,智擎,10,1,9,凱基-鳳山,2024-02-15,9274
8097,常珵,9,0,9,凱基-鳳山,2024-02-15,9274
3013,晟銘電,14,6,8,凱基-鳳山,2024-02-15,9274
8050,廣積,8,0,8,凱基-鳳山,2024-02-15,9274
00937B,群益ESG投等債20,270,0,270,凱基-鳳山,2024-02-16,9274
1815,富喬,318,100,218,凱基-鳳山,2024-02-16,9274
00687B,國泰20年美債,102,3,99,凱基-鳳山,2024-02-16,9274
6290,良維,136,53,83,凱基-鳳山,2024-02-16,9274
2867,三商壽,70,0,70,凱基-鳳山,2024-02-16,9274
00933B,國泰10Y+金融債,63,0,63,凱基-鳳山,2024-02-16,9274
00929,復華台灣科技優息,102,51,51,凱基-鳳山,2024-02-16,9274
00715L,期街口布蘭特正2,77,28,49,凱基-鳳山,2024-02-16,9274
00706L,期元大S＆P日圓正2,43,0,43,凱基-鳳山,2024-02-16,9274
00680L,元大美債20正2,57,18,39,凱基-鳳山,2024-02-16,9274
00919,群益台灣精選高息,41,9,32,凱基-鳳山,2024-02-16,9274
00712,復華富時不動產,30,0,30,凱基-鳳山,2024-02-16,9274
8936,國統,42,15,27,凱基-鳳山,2024-02-16,9274
9904,寶成,27,2,25,凱基-鳳山,2024-02-16,9274
2892,第一金,25,0,25,凱基-鳳山,2024-02-16,9274
00688L,國泰20年美債正2,23,0,23,凱基-鳳山,2024-02-16,9274
3535,晶彩科,21,2,19,凱基-鳳山,2024-02-16,9274
3715,定穎投控,26,7,19,凱基-鳳山,2024-02-16,9274
3036,文曄,30,13,17,凱基-鳳山,2024-02-16,9274
00751B,元大AAA至A公司債,17,0,17,凱基-鳳山,2024-02-16,9274
4919,新唐,15,0,15,凱基-鳳山,2024-02-16,9274
00679B,元大美債20年,15,0,15,凱基-鳳山,2024-02-16,9274
00885,富邦越南,50,35,15,凱基-鳳山,2024-02-16,9274
3481,群創,109,94,15,凱基-鳳山,2024-02-16,9274
8011,台通,14,0,14,凱基-鳳山,2024-02-16,9274
2609,陽明,16,2,14,凱基-鳳山,2024-02-16,9274
5871,中租-KY,13,0,13,凱基-鳳山,2024-02-16,9274
1718,中纖,13,0,13,凱基-鳳山,2024-02-16,9274
5880,合庫金,13,0,13,凱基-鳳山,2024-02-16,9274
2303,聯電,16,4,12,凱基-鳳山,2024-02-16,9274
5340,建榮,13,1,12,凱基-鳳山,2024-02-16,9274
6120,達運,12,0,12,凱基-鳳山,2024-02-16,9274
6282,康舒,27,15,12,凱基-鳳山,2024-02-16,9274
3260,威剛,12,1,11,凱基-鳳山,2024-02-16,9274
6276,安鈦克,12,1,11,凱基-鳳山,2024-02-16,9274
8028,昇陽半導體,12,1,11,凱基-鳳山,2024-02-16,9274
1711,永光,10,0,10,凱基-鳳山,2024-02-16,9274
2007,燁興,10,0,10,凱基-鳳山,2024-02-16,9274
2023,燁輝,10,0,10,凱基-鳳山,2024-02-16,9274
2108,南帝,10,0,10,凱基-鳳山,2024-02-16,9274
2495,普安,10,0,10,凱基-鳳山,2024-02-16,9274
3607,谷崧,20,10,10,凱基-鳳山,2024-02-16,9274
4402,郡都開發,10,0,10,凱基-鳳山,2024-02-16,9274
6530,創威,12,2,10,凱基-鳳山,2024-02-16,9274
6743,安普新,10,0,10,凱基-鳳山,2024-02-16,9274
9958,世紀鋼,220,210,10,凱基-鳳山,2024-02-16,9274
2337,旺宏,10,0,10,凱基-鳳山,2024-02-16,9274
2888,新光金,11,1,10,凱基-鳳山,2024-02-16,9274
6284,佳邦,9,0,9,凱基-鳳山,2024-02-16,9274
8215,明基材,12,3,9,凱基-鳳山,2024-02-16,9274
6290,良維,516,168,348,凱基-鳳山,2024-02-19,9274
00937B,群益ESG投等債20,144,1,143,凱基-鳳山,2024-02-19,9274
6170,統振,117,0,117,凱基-鳳山,2024-02-19,9274
9958,世紀鋼,223,137,86,凱基-鳳山,2024-02-19,9274
2102,泰豐,80,0,80,凱基-鳳山,2024-02-19,9274
00665L,富邦�琤肭磪囓�2,76,0,76,凱基-鳳山,2024-02-19,9274
00680L,元大美債20正2,89,22,67,凱基-鳳山,2024-02-19,9274
00933B,國泰10Y+金融債,60,2,58,凱基-鳳山,2024-02-19,9274
6120,達運,56,2,54,凱基-鳳山,2024-02-19,9274
00919,群益台灣精選高息,57,5,52,凱基-鳳山,2024-02-19,9274
2369,菱生,88,39,49,凱基-鳳山,2024-02-19,9274
2313,華通,50,1,49,凱基-鳳山,2024-02-19,9274
2387,精元,46,0,46,凱基-鳳山,2024-02-19,9274
2867,三商壽,51,15,36,凱基-鳳山,2024-02-19,9274
3014,聯陽,40,4,36,凱基-鳳山,2024-02-19,9274
6533,晶心科,36,1,35,凱基-鳳山,2024-02-19,9274
00687B,國泰20年美債,33,1,32,凱基-鳳山,2024-02-19,9274
2537,聯上發,31,0,31,凱基-鳳山,2024-02-19,9274
3234,光環,30,0,30,凱基-鳳山,2024-02-19,9274
2356,英業達,58,28,30,凱基-鳳山,2024-02-19,9274
00679B,元大美債20年,30,0,30,凱基-鳳山,2024-02-19,9274
2353,宏��,55,25,30,凱基-鳳山,2024-02-19,9274
2382,廣達,38,8,30,凱基-鳳山,2024-02-19,9274
3305,昇貿,40,13,27,凱基-鳳山,2024-02-19,9274
00878,國泰永續高股息,45,21,24,凱基-鳳山,2024-02-19,9274
00673R,期元大S＆P原油反1,24,0,24,凱基-鳳山,2024-02-19,9274
3041,揚智,23,0,23,凱基-鳳山,2024-02-19,9274
6163,華電網,22,0,22,凱基-鳳山,2024-02-19,9274
8034,榮群,21,1,20,凱基-鳳山,2024-02-19,9274
8048,德勝,20,0,20,凱基-鳳山,2024-02-19,9274
8213,志超,20,0,20,凱基-鳳山,2024-02-19,9274
2301,光寶科,21,2,19,凱基-鳳山,2024-02-19,9274
2402,毅嘉,21,2,19,凱基-鳳山,2024-02-19,9274
8096,擎亞,83,64,19,凱基-鳳山,2024-02-19,9274
2457,飛宏,44,27,17,凱基-鳳山,2024-02-19,9274
3312,弘憶股,41,24,17,凱基-鳳山,2024-02-19,9274
4162,智擎,17,0,17,凱基-鳳山,2024-02-19,9274
4909,新復興,72,55,17,凱基-鳳山,2024-02-19,9274
3376,新日興,16,0,16,凱基-鳳山,2024-02-19,9274
00857B,永豐20年美公債,16,0,16,凱基-鳳山,2024-02-19,9274
2367,燿華,16,0,16,凱基-鳳山,2024-02-19,9274
00706L,期元大S＆P日圓正2,15,0,15,凱基-鳳山,2024-02-19,9274
8069,元太,15,0,15,凱基-鳳山,2024-02-19,9274
00720B,元大投資級公司債,14,0,14,凱基-鳳山,2024-02-19,9274
3691,碩禾,14,0,14,凱基-鳳山,2024-02-19,9274
3035,智原,17,4,13,凱基-鳳山,2024-02-19,9274
3483,力致,14,1,13,凱基-鳳山,2024-02-19,9274
6288,聯嘉,93,80,13,凱基-鳳山,2024-02-19,9274
9904,寶成,13,0,13,凱基-鳳山,2024-02-19,9274
3535,晶彩科,14,2,12,凱基-鳳山,2024-02-19,9274
3481,群創,539,223,316,凱基-鳳山,2024-02-20,9274
3041,揚智,165,47,118,凱基-鳳山,2024-02-20,9274
4960,誠美材,107,1,106,凱基-鳳山,2024-02-20,9274
00933B,國泰10Y+金融債,64,0,64,凱基-鳳山,2024-02-20,9274
3081,聯亞,66,2,64,凱基-鳳山,2024-02-20,9274
6282,康舒,84,22,62,凱基-鳳山,2024-02-20,9274
3450,聯鈞,48,11,37,凱基-鳳山,2024-02-20,9274
2102,泰豐,30,0,30,凱基-鳳山,2024-02-20,9274
2888,新光金,32,3,29,凱基-鳳山,2024-02-20,9274
2387,精元,29,0,29,凱基-鳳山,2024-02-20,9274
2458,義隆,30,1,29,凱基-鳳山,2024-02-20,9274
2883,凱基金,31,3,28,凱基-鳳山,2024-02-20,9274
2382,廣達,43,17,26,凱基-鳳山,2024-02-20,9274
00680L,元大美債20正2,25,0,25,凱基-鳳山,2024-02-20,9274
1314,中石化,25,1,24,凱基-鳳山,2024-02-20,9274
2537,聯上發,25,1,24,凱基-鳳山,2024-02-20,9274
00712,復華富時不動產,22,0,22,凱基-鳳山,2024-02-20,9274
3701,大眾控,21,0,21,凱基-鳳山,2024-02-20,9274
8210,勤誠,20,0,20,凱基-鳳山,2024-02-20,9274
9904,寶成,20,0,20,凱基-鳳山,2024-02-20,9274
3231,緯創,25,6,19,凱基-鳳山,2024-02-20,9274
00931B,統一美債20年,29,10,19,凱基-鳳山,2024-02-20,9274
6290,良維,327,308,19,凱基-鳳山,2024-02-20,9274
6806,森崴能源,22,3,19,凱基-鳳山,2024-02-20,9274
00937B,群益ESG投等債20,26,8,18,凱基-鳳山,2024-02-20,9274
00720B,元大投資級公司債,17,0,17,凱基-鳳山,2024-02-20,9274
1414,東和,19,2,17,凱基-鳳山,2024-02-20,9274
00878,國泰永續高股息,18,2,16,凱基-鳳山,2024-02-20,9274
2353,宏��,18,2,16,凱基-鳳山,2024-02-20,9274
2206,三陽工業,16,0,16,凱基-鳳山,2024-02-20,9274
2331,精英,16,0,16,凱基-鳳山,2024-02-20,9274
3712,永崴投控,49,33,16,凱基-鳳山,2024-02-20,9274
6141,柏承,16,0,16,凱基-鳳山,2024-02-20,9274
1304,台聚,15,0,15,凱基-鳳山,2024-02-20,9274
1447,力鵬,15,0,15,凱基-鳳山,2024-02-20,9274
8110,華東,33,18,15,凱基-鳳山,2024-02-20,9274
6207,雷科,14,0,14,凱基-鳳山,2024-02-20,9274
3360,尚立,13,0,13,凱基-鳳山,2024-02-20,9274
4303,信立,17,4,13,凱基-鳳山,2024-02-20,9274
9958,世紀鋼,25,13,12,凱基-鳳山,2024-02-20,9274
2609,陽明,19,8,11,凱基-鳳山,2024-02-20,9274
2332,友訊,17,6,11,凱基-鳳山,2024-02-20,9274
006205,富邦上証,10,0,10,凱基-鳳山,2024-02-20,9274
00632R,元大台灣50反1,10,0,10,凱基-鳳山,2024-02-20,9274
00665L,富邦�琤肭磪囓�2,30,20,10,凱基-鳳山,2024-02-20,9274
2027,大成鋼,10,0,10,凱基-鳳山,2024-02-20,9274
2401,凌陽,18,8,10,凱基-鳳山,2024-02-20,9274
2748,雲品,10,0,10,凱基-鳳山,2024-02-20,9274
3002,歐格,21,11,10,凱基-鳳山,2024-02-20,9274
3088,艾訊,10,0,10,凱基-鳳山,2024-02-20,9274
3481,群創,480,104,376,凱基-鳳山,2024-02-21,9274
3047,訊舟,1770,1412,358,凱基-鳳山,2024-02-21,9274
6164,華興,343,151,192,凱基-鳳山,2024-02-21,9274
00937B,群益ESG投等債20,160,0,160,凱基-鳳山,2024-02-21,9274
1316,上曜,152,67,85,凱基-鳳山,2024-02-21,9274
6578,達邦蛋白,99,25,74,凱基-鳳山,2024-02-21,9274
5355,佳總,55,0,55,凱基-鳳山,2024-02-21,9274
8064,東捷,57,4,53,凱基-鳳山,2024-02-21,9274
3437,榮創,55,3,52,凱基-鳳山,2024-02-21,9274
00687B,國泰20年美債,50,0,50,凱基-鳳山,2024-02-21,9274
5381,合正,51,2,49,凱基-鳳山,2024-02-21,9274
2612,中航,45,0,45,凱基-鳳山,2024-02-21,9274
00712,復華富時不動產,45,0,45,凱基-鳳山,2024-02-21,9274
2883,凱基金,39,0,39,凱基-鳳山,2024-02-21,9274
3701,大眾控,36,0,36,凱基-鳳山,2024-02-21,9274
3372,典範,39,5,34,凱基-鳳山,2024-02-21,9274
00929,復華台灣科技優息,41,8,33,凱基-鳳山,2024-02-21,9274
6533,晶心科,31,2,29,凱基-鳳山,2024-02-21,9274
6290,良維,243,215,28,凱基-鳳山,2024-02-21,9274
2303,聯電,29,3,26,凱基-鳳山,2024-02-21,9274
2476,鉅祥,36,12,24,凱基-鳳山,2024-02-21,9274
6282,康舒,28,5,23,凱基-鳳山,2024-02-21,9274
00679B,元大美債20年,23,0,23,凱基-鳳山,2024-02-21,9274
3694,海華,23,0,23,凱基-鳳山,2024-02-21,9274
1314,中石化,22,0,22,凱基-鳳山,2024-02-21,9274
6165,浪凡,22,0,22,凱基-鳳山,2024-02-21,9274
2412,中華電,20,0,20,凱基-鳳山,2024-02-21,9274
00933B,國泰10Y+金融債,20,0,20,凱基-鳳山,2024-02-21,9274
00680L,元大美債20正2,20,0,20,凱基-鳳山,2024-02-21,9274
2102,泰豐,20,0,20,凱基-鳳山,2024-02-21,9274
2867,三商壽,20,0,20,凱基-鳳山,2024-02-21,9274
2609,陽明,147,129,18,凱基-鳳山,2024-02-21,9274
2382,廣達,18,1,17,凱基-鳳山,2024-02-21,9274
1702,南僑,16,0,16,凱基-鳳山,2024-02-21,9274
1608,華榮,16,0,16,凱基-鳳山,2024-02-21,9274
00632R,元大台灣50反1,15,0,15,凱基-鳳山,2024-02-21,9274
00878,國泰永續高股息,30,15,15,凱基-鳳山,2024-02-21,9274
5443,均豪,32,19,13,凱基-鳳山,2024-02-21,9274
00688L,國泰20年美債正2,13,0,13,凱基-鳳山,2024-02-21,9274
2617,台航,20,7,13,凱基-鳳山,2024-02-21,9274
2888,新光金,32,19,13,凱基-鳳山,2024-02-21,9274
3034,聯詠,23,10,13,凱基-鳳山,2024-02-21,9274
1718,中纖,13,1,12,凱基-鳳山,2024-02-21,9274
2882,國泰金,11,0,11,凱基-鳳山,2024-02-21,9274
2605,新興,45,34,11,凱基-鳳山,2024-02-21,9274
00922,國泰台灣領袖50,11,0,11,凱基-鳳山,2024-02-21,9274
6237,驊訊,17,6,11,凱基-鳳山,2024-02-21,9274
6274,台燿,11,0,11,凱基-鳳山,2024-02-21,9274
6462,神盾,10,0,10,凱基-鳳山,2024-02-21,9274
2313,華通,10,0,10,凱基-鳳山,2024-02-21,9274
3481,群創,275,5,270,凱基-鳳山,2024-02-22,9274
2537,聯上發,259,0,259,凱基-鳳山,2024-02-22,9274
6164,華興,273,145,128,凱基-鳳山,2024-02-22,9274
00680L,元大美債20正2,123,0,123,凱基-鳳山,2024-02-22,9274
6290,良維,192,83,109,凱基-鳳山,2024-02-22,9274
2409,友達,102,0,102,凱基-鳳山,2024-02-22,9274
4956,光鋐,51,0,51,凱基-鳳山,2024-02-22,9274
3231,緯創,68,19,49,凱基-鳳山,2024-02-22,9274
1316,上曜,279,240,39,凱基-鳳山,2024-02-22,9274
00937B,群益ESG投等債20,41,3,38,凱基-鳳山,2024-02-22,9274
5284,jpp-KY,47,13,34,凱基-鳳山,2024-02-22,9274
3217,優群,75,42,33,凱基-鳳山,2024-02-22,9274
00795B,中信美國公債20年,31,0,31,凱基-鳳山,2024-02-22,9274
5272,笙科,32,1,31,凱基-鳳山,2024-02-22,9274
2515,中工,30,0,30,凱基-鳳山,2024-02-22,9274
00687B,國泰20年美債,35,6,29,凱基-鳳山,2024-02-22,9274
1809,中釉,32,6,26,凱基-鳳山,2024-02-22,9274
00900,富邦特選高股息30,30,4,26,凱基-鳳山,2024-02-22,9274
6270,倍微,25,0,25,凱基-鳳山,2024-02-22,9274
8182,加高,27,2,25,凱基-鳳山,2024-02-22,9274
2367,燿華,35,12,23,凱基-鳳山,2024-02-22,9274
4529,淳紳,23,0,23,凱基-鳳山,2024-02-22,9274
3044,健鼎,23,1,22,凱基-鳳山,2024-02-22,9274
00919,群益台灣精選高息,47,25,22,凱基-鳳山,2024-02-22,9274
2458,義隆,22,0,22,凱基-鳳山,2024-02-22,9274
8936,國統,24,2,22,凱基-鳳山,2024-02-22,9274
2356,英業達,44,22,22,凱基-鳳山,2024-02-22,9274
2312,金寶,28,7,21,凱基-鳳山,2024-02-22,9274
9958,世紀鋼,373,352,21,凱基-鳳山,2024-02-22,9274
00679B,元大美債20年,20,0,20,凱基-鳳山,2024-02-22,9274
1416,廣豐,20,0,20,凱基-鳳山,2024-02-22,9274
2324,仁寶,20,0,20,凱基-鳳山,2024-02-22,9274
00712,復華富時不動產,18,0,18,凱基-鳳山,2024-02-22,9274
4967,十銓,18,1,17,凱基-鳳山,2024-02-22,9274
2365,昆盈,20,3,17,凱基-鳳山,2024-02-22,9274
2371,大同,42,27,15,凱基-鳳山,2024-02-22,9274
3218,大學光,37,22,15,凱基-鳳山,2024-02-22,9274
2457,飛宏,14,1,13,凱基-鳳山,2024-02-22,9274
3027,盛達,13,0,13,凱基-鳳山,2024-02-22,9274
6530,創威,13,0,13,凱基-鳳山,2024-02-22,9274
00720B,元大投資級公司債,12,0,12,凱基-鳳山,2024-02-22,9274
00673R,期元大S＆P原油反1,12,0,12,凱基-鳳山,2024-02-22,9274
3483,力致,15,3,12,凱基-鳳山,2024-02-22,9274
2884,玉山金,12,1,11,凱基-鳳山,2024-02-22,9274
9907,統一實,10,0,10,凱基-鳳山,2024-02-22,9274
00664R,國泰臺灣加權反1,10,0,10,凱基-鳳山,2024-02-22,9274
00632R,元大台灣50反1,10,0,10,凱基-鳳山,2024-02-22,9274
00857B,永豐20年美公債,10,0,10,凱基-鳳山,2024-02-22,9274
1308,亞聚,10,0,10,凱基-鳳山,2024-02-22,9274
2612,中航,10,0,10,凱基-鳳山,2024-02-22,9274
3481,群創,827,39,788,凱基-鳳山,2024-02-23,9274
3047,訊舟,788,483,305,凱基-鳳山,2024-02-23,9274
2371,大同,121,13,108,凱基-鳳山,2024-02-23,9274
00937B,群益ESG投等債20,130,45,85,凱基-鳳山,2024-02-23,9274
00933B,國泰10Y+金融債,58,0,58,凱基-鳳山,2024-02-23,9274
3535,晶彩科,55,2,53,凱基-鳳山,2024-02-23,9274
5258,虹堡,107,57,50,凱基-鳳山,2024-02-23,9274
6164,華興,55,15,40,凱基-鳳山,2024-02-23,9274
00679B,元大美債20年,42,4,38,凱基-鳳山,2024-02-23,9274
2515,中工,36,1,35,凱基-鳳山,2024-02-23,9274
00795B,中信美國公債20年,31,0,31,凱基-鳳山,2024-02-23,9274
4956,光鋐,31,0,31,凱基-鳳山,2024-02-23,9274
6122,擎邦,31,0,31,凱基-鳳山,2024-02-23,9274
2356,英業達,56,26,30,凱基-鳳山,2024-02-23,9274
00687B,國泰20年美債,26,0,26,凱基-鳳山,2024-02-23,9274
00673R,期元大S＆P原油反1,26,0,26,凱基-鳳山,2024-02-23,9274
2387,精元,27,4,23,凱基-鳳山,2024-02-23,9274
6288,聯嘉,62,39,23,凱基-鳳山,2024-02-23,9274
2603,長榮,77,55,22,凱基-鳳山,2024-02-23,9274
1303,南亞,23,1,22,凱基-鳳山,2024-02-23,9274
00665L,富邦�琤肭磪囓�2,21,0,21,凱基-鳳山,2024-02-23,9274
3041,揚智,22,1,21,凱基-鳳山,2024-02-23,9274
1514,亞力,47,26,21,凱基-鳳山,2024-02-23,9274
3044,健鼎,22,2,20,凱基-鳳山,2024-02-23,9274
2882,國泰金,20,0,20,凱基-鳳山,2024-02-23,9274
2353,宏��,23,3,20,凱基-鳳山,2024-02-23,9274
2537,聯上發,22,2,20,凱基-鳳山,2024-02-23,9274
00878,國泰永續高股息,27,10,17,凱基-鳳山,2024-02-23,9274
2610,華航,17,1,16,凱基-鳳山,2024-02-23,9274
3715,定穎投控,23,8,15,凱基-鳳山,2024-02-23,9274
00688L,國泰20年美債正2,15,0,15,凱基-鳳山,2024-02-23,9274
6005,群益證,15,0,15,凱基-鳳山,2024-02-23,9274
2102,泰豐,15,0,15,凱基-鳳山,2024-02-23,9274
8930,青鋼,19,4,15,凱基-鳳山,2024-02-23,9274
1301,台塑,14,1,13,凱基-鳳山,2024-02-23,9274
2332,友訊,13,0,13,凱基-鳳山,2024-02-23,9274
8210,勤誠,15,2,13,凱基-鳳山,2024-02-23,9274
2324,仁寶,16,4,12,凱基-鳳山,2024-02-23,9274
3483,力致,12,0,12,凱基-鳳山,2024-02-23,9274
2486,一詮,13,2,11,凱基-鳳山,2024-02-23,9274
3581,博磊,11,0,11,凱基-鳳山,2024-02-23,9274
3663,鑫科,11,0,11,凱基-鳳山,2024-02-23,9274
9904,寶成,11,0,11,凱基-鳳山,2024-02-23,9274
3006,晶豪科,11,1,10,凱基-鳳山,2024-02-23,9274
00898,國泰基因免疫革命,10,0,10,凱基-鳳山,2024-02-23,9274
00632R,元大台灣50反1,10,0,10,凱基-鳳山,2024-02-23,9274
00637L,元大滬深300正2,10,0,10,凱基-鳳山,2024-02-23,9274
1309,台達化,10,0,10,凱基-鳳山,2024-02-23,9274
1409,新纖,10,0,10,凱基-鳳山,2024-02-23,9274
2633,台灣高鐵,10,0,10,凱基-鳳山,2024-02-23,9274
3481,群創,358,5,353,凱基-鳳山,2024-02-26,9274
6290,良維,847,579,268,凱基-鳳山,2024-02-26,9274
2387,精元,203,22,181,凱基-鳳山,2024-02-26,9274
4526,東台,176,53,123,凱基-鳳山,2024-02-26,9274
3701,大眾控,126,7,119,凱基-鳳山,2024-02-26,9274
00878,國泰永續高股息,127,24,103,凱基-鳳山,2024-02-26,9274
2313,華通,83,4,79,凱基-鳳山,2024-02-26,9274
3591,艾笛森,72,4,68,凱基-鳳山,2024-02-26,9274
2353,宏��,61,1,60,凱基-鳳山,2024-02-26,9274
8069,元太,56,1,55,凱基-鳳山,2024-02-26,9274
00891,中信關鍵半導體,50,0,50,凱基-鳳山,2024-02-26,9274
6274,台燿,49,1,48,凱基-鳳山,2024-02-26,9274
4563,百德,35,0,35,凱基-鳳山,2024-02-26,9274
1513,中興電,72,40,32,凱基-鳳山,2024-02-26,9274
4168,醣聯,30,0,30,凱基-鳳山,2024-02-26,9274
4956,光鋐,30,0,30,凱基-鳳山,2024-02-26,9274
9904,寶成,32,2,30,凱基-鳳山,2024-02-26,9274
00679B,元大美債20年,27,0,27,凱基-鳳山,2024-02-26,9274
2609,陽明,26,1,25,凱基-鳳山,2024-02-26,9274
2363,矽統,42,17,25,凱基-鳳山,2024-02-26,9274
3360,尚立,27,5,22,凱基-鳳山,2024-02-26,9274
00929,復華台灣科技優息,69,47,22,凱基-鳳山,2024-02-26,9274
9919,康那香,23,2,21,凱基-鳳山,2024-02-26,9274
5351,鈺創,19,1,18,凱基-鳳山,2024-02-26,9274
1815,富喬,21,6,15,凱基-鳳山,2024-02-26,9274
00706L,期元大S＆P日圓正2,15,0,15,凱基-鳳山,2024-02-26,9274
00665L,富邦�琤肭磪囓�2,35,20,15,凱基-鳳山,2024-02-26,9274
3002,歐格,15,0,15,凱基-鳳山,2024-02-26,9274
3006,晶豪科,16,2,14,凱基-鳳山,2024-02-26,9274
3260,威剛,20,6,14,凱基-鳳山,2024-02-26,9274
6530,創威,21,7,14,凱基-鳳山,2024-02-26,9274
00937B,群益ESG投等債20,24,11,13,凱基-鳳山,2024-02-26,9274
2409,友達,22,10,12,凱基-鳳山,2024-02-26,9274
2884,玉山金,12,0,12,凱基-鳳山,2024-02-26,9274
1710,東聯,15,3,12,凱基-鳳山,2024-02-26,9274
2376,技嘉,16,5,11,凱基-鳳山,2024-02-26,9274
3322,建舜電,12,1,11,凱基-鳳山,2024-02-26,9274
00751B,元大AAA至A公司債,11,0,11,凱基-鳳山,2024-02-26,9274
8110,華東,16,5,11,凱基-鳳山,2024-02-26,9274
3515,華擎,10,0,10,凱基-鳳山,2024-02-26,9274
1733,五鼎,10,0,10,凱基-鳳山,2024-02-26,9274
2332,友訊,10,0,10,凱基-鳳山,2024-02-26,9274
006205,富邦上証,10,0,10,凱基-鳳山,2024-02-26,9274
4109,加捷生醫,10,0,10,凱基-鳳山,2024-02-26,9274
5269,祥碩,10,0,10,凱基-鳳山,2024-02-26,9274
5344,立衛,11,1,10,凱基-鳳山,2024-02-26,9274
5457,宣德,10,0,10,凱基-鳳山,2024-02-26,9274
1605,華新,20,11,9,凱基-鳳山,2024-02-26,9274
3017,奇鋐,11,2,9,凱基-鳳山,2024-02-26,9274
1471,首利,15,6,9,凱基-鳳山,2024-02-26,9274
3047,訊舟,516,101,415,凱基-鳳山,2024-02-27,9274
1711,永光,439,168,271,凱基-鳳山,2024-02-27,9274
3481,群創,311,142,169,凱基-鳳山,2024-02-27,9274
00929,復華台灣科技優息,154,9,145,凱基-鳳山,2024-02-27,9274
4526,東台,165,29,136,凱基-鳳山,2024-02-27,9274
00937B,群益ESG投等債20,127,0,127,凱基-鳳山,2024-02-27,9274
6274,台燿,125,0,125,凱基-鳳山,2024-02-27,9274
2387,精元,127,2,125,凱基-鳳山,2024-02-27,9274
00878,國泰永續高股息,128,19,109,凱基-鳳山,2024-02-27,9274
00632R,元大台灣50反1,100,0,100,凱基-鳳山,2024-02-27,9274
9958,世紀鋼,199,107,92,凱基-鳳山,2024-02-27,9274
2883,凱基金,88,6,82,凱基-鳳山,2024-02-27,9274
00919,群益台灣精選高息,100,20,80,凱基-鳳山,2024-02-27,9274
00673R,期元大S＆P原油反1,90,10,80,凱基-鳳山,2024-02-27,9274
3231,緯創,110,30,80,凱基-鳳山,2024-02-27,9274
6216,居易,80,4,76,凱基-鳳山,2024-02-27,9274
4956,光鋐,62,0,62,凱基-鳳山,2024-02-27,9274
8096,擎亞,168,107,61,凱基-鳳山,2024-02-27,9274
6113,亞矽,127,67,60,凱基-鳳山,2024-02-27,9274
2882,國泰金,57,0,57,凱基-鳳山,2024-02-27,9274
00933B,國泰10Y+金融債,57,3,54,凱基-鳳山,2024-02-27,9274
9105,泰金寶-DR,60,7,53,凱基-鳳山,2024-02-27,9274
1605,華新,54,3,51,凱基-鳳山,2024-02-27,9274
3551,世禾,51,0,51,凱基-鳳山,2024-02-27,9274
00687B,國泰20年美債,45,0,45,凱基-鳳山,2024-02-27,9274
1815,富喬,76,37,39,凱基-鳳山,2024-02-27,9274
3591,艾笛森,37,0,37,凱基-鳳山,2024-02-27,9274
00918,大華優利高填息30,37,1,36,凱基-鳳山,2024-02-27,9274
2102,泰豐,35,0,35,凱基-鳳山,2024-02-27,9274
1316,上曜,80,47,33,凱基-鳳山,2024-02-27,9274
00665L,富邦�琤肭磪囓�2,32,0,32,凱基-鳳山,2024-02-27,9274
3227,原相,32,2,30,凱基-鳳山,2024-02-27,9274
3005,神基,35,6,29,凱基-鳳山,2024-02-27,9274
4529,淳紳,24,1,23,凱基-鳳山,2024-02-27,9274
3218,大學光,34,12,22,凱基-鳳山,2024-02-27,9274
00679B,元大美債20年,25,4,21,凱基-鳳山,2024-02-27,9274
6233,旺玖,44,24,20,凱基-鳳山,2024-02-27,9274
3380,明泰,20,0,20,凱基-鳳山,2024-02-27,9274
3596,智易,20,0,20,凱基-鳳山,2024-02-27,9274
6208,日揚,31,11,20,凱基-鳳山,2024-02-27,9274
6125,廣運,46,26,20,凱基-鳳山,2024-02-27,9274
00923,群益台ESG低碳50,19,0,19,凱基-鳳山,2024-02-27,9274
5871,中租-KY,19,0,19,凱基-鳳山,2024-02-27,9274
4162,智擎,17,0,17,凱基-鳳山,2024-02-27,9274
0056,元大高股息,17,0,17,凱基-鳳山,2024-02-27,9274
6244,茂迪,16,1,15,凱基-鳳山,2024-02-27,9274
6568,宏觀,15,0,15,凱基-鳳山,2024-02-27,9274
00795B,中信美國公債20年,14,0,14,凱基-鳳山,2024-02-27,9274
2002,中鋼,13,0,13,凱基-鳳山,2024-02-27,9274
5425,台半,13,0,13,凱基-鳳山,2024-02-27,9274
5452,佶優,1017,501,516,凱基-鳳山,2024-02-29,9274
00919,群益台灣精選高息,256,5,251,凱基-鳳山,2024-02-29,9274
6216,居易,210,0,210,凱基-鳳山,2024-02-29,9274
00933B,國泰10Y+金融債,194,0,194,凱基-鳳山,2024-02-29,9274
3481,群創,166,0,166,凱基-鳳山,2024-02-29,9274
2888,新光金,103,5,98,凱基-鳳山,2024-02-29,9274
2002,中鋼,96,2,94,凱基-鳳山,2024-02-29,9274
00937B,群益ESG投等債20,72,12,60,凱基-鳳山,2024-02-29,9274
2605,新興,75,15,60,凱基-鳳山,2024-02-29,9274
8422,可寧衛,60,0,60,凱基-鳳山,2024-02-29,9274
00687B,國泰20年美債,48,0,48,凱基-鳳山,2024-02-29,9274
3047,訊舟,45,0,45,凱基-鳳山,2024-02-29,9274
00712,復華富時不動產,52,8,44,凱基-鳳山,2024-02-29,9274
2329,華泰,57,15,42,凱基-鳳山,2024-02-29,9274
6274,台燿,56,14,42,凱基-鳳山,2024-02-29,9274
3227,原相,44,5,39,凱基-鳳山,2024-02-29,9274
9921,巨大,38,0,38,凱基-鳳山,2024-02-29,9274
3372,典範,33,0,33,凱基-鳳山,2024-02-29,9274
3701,大眾控,32,1,31,凱基-鳳山,2024-02-29,9274
2353,宏��,33,2,31,凱基-鳳山,2024-02-29,9274
2387,精元,31,1,30,凱基-鳳山,2024-02-29,9274
2891,中信金,30,0,30,凱基-鳳山,2024-02-29,9274
3014,聯陽,42,15,27,凱基-鳳山,2024-02-29,9274
00679B,元大美債20年,31,4,27,凱基-鳳山,2024-02-29,9274
2330,台積電,24,0,24,凱基-鳳山,2024-02-29,9274
0056,元大高股息,29,5,24,凱基-鳳山,2024-02-29,9274
2890,永豐金,22,0,22,凱基-鳳山,2024-02-29,9274
6116,彩晶,22,0,22,凱基-鳳山,2024-02-29,9274
2382,廣達,24,4,20,凱基-鳳山,2024-02-29,9274
2363,矽統,28,8,20,凱基-鳳山,2024-02-29,9274
00680L,元大美債20正2,18,0,18,凱基-鳳山,2024-02-29,9274
2312,金寶,16,0,16,凱基-鳳山,2024-02-29,9274
2102,泰豐,15,0,15,凱基-鳳山,2024-02-29,9274
5880,合庫金,15,0,15,凱基-鳳山,2024-02-29,9274
00665L,富邦�琤肭磪囓�2,14,0,14,凱基-鳳山,2024-02-29,9274
3702,大聯大,15,1,14,凱基-鳳山,2024-02-29,9274
2543,皇昌,13,0,13,凱基-鳳山,2024-02-29,9274
00882,中信中國高股息,12,0,12,凱基-鳳山,2024-02-29,9274
00673R,期元大S＆P原油反1,12,0,12,凱基-鳳山,2024-02-29,9274
2324,仁寶,23,11,12,凱基-鳳山,2024-02-29,9274
6233,旺玖,20,8,12,凱基-鳳山,2024-02-29,9274
3707,漢磊,12,0,12,凱基-鳳山,2024-02-29,9274
00772B,中信高評級公司債,11,0,11,凱基-鳳山,2024-02-29,9274
3338,泰碩,13,2,11,凱基-鳳山,2024-02-29,9274
6568,宏觀,11,0,11,凱基-鳳山,2024-02-29,9274
8110,華東,11,0,11,凱基-鳳山,2024-02-29,9274
8926,台汽電,45,34,11,凱基-鳳山,2024-02-29,9274
3055,蔚華科,11,0,11,凱基-鳳山,2024-02-29,9274
1522,堤維西,29,18,11,凱基-鳳山,2024-02-29,9274
3363,上詮,14,4,10,凱基-鳳山,2024-02-29,9274
00919,群益台灣精選高息,319,63,256,凱基-鳳山,2024-03-01,9274
3047,訊舟,200,2,198,凱基-鳳山,2024-03-01,9274
3360,尚立,199,10,189,凱基-鳳山,2024-03-01,9274
00918,大華優利高填息30,132,0,132,凱基-鳳山,2024-03-01,9274
2883,凱基金,102,0,102,凱基-鳳山,2024-03-01,9274
6216,居易,83,5,78,凱基-鳳山,2024-03-01,9274
00933B,國泰10Y+金融債,77,0,77,凱基-鳳山,2024-03-01,9274
6275,元山,47,1,46,凱基-鳳山,2024-03-01,9274
2363,矽統,51,5,46,凱基-鳳山,2024-03-01,9274
1305,華夏,40,0,40,凱基-鳳山,2024-03-01,9274
1316,上曜,87,47,40,凱基-鳳山,2024-03-01,9274
3708,上緯投控,41,2,39,凱基-鳳山,2024-03-01,9274
2387,精元,34,0,34,凱基-鳳山,2024-03-01,9274
3591,艾笛森,39,6,33,凱基-鳳山,2024-03-01,9274
3701,大眾控,33,0,33,凱基-鳳山,2024-03-01,9274
6290,良維,571,540,31,凱基-鳳山,2024-03-01,9274
2102,泰豐,30,0,30,凱基-鳳山,2024-03-01,9274
2327,國巨,29,0,29,凱基-鳳山,2024-03-01,9274
2355,敬鵬,29,0,29,凱基-鳳山,2024-03-01,9274
00931B,統一美債20年,34,6,28,凱基-鳳山,2024-03-01,9274
1815,富喬,43,15,28,凱基-鳳山,2024-03-01,9274
6112,邁達特,25,0,25,凱基-鳳山,2024-03-01,9274
00687B,國泰20年美債,23,0,23,凱基-鳳山,2024-03-01,9274
2329,華泰,30,8,22,凱基-鳳山,2024-03-01,9274
2369,菱生,22,0,22,凱基-鳳山,2024-03-01,9274
3071,協禧,56,34,22,凱基-鳳山,2024-03-01,9274
3189,景碩,21,0,21,凱基-鳳山,2024-03-01,9274
6568,宏觀,21,0,21,凱基-鳳山,2024-03-01,9274
00937B,群益ESG投等債20,40,20,20,凱基-鳳山,2024-03-01,9274
00688L,國泰20年美債正2,20,0,20,凱基-鳳山,2024-03-01,9274
2886,兆豐金,20,0,20,凱基-鳳山,2024-03-01,9274
5386,青雲,20,0,20,凱基-鳳山,2024-03-01,9274
6443,元晶,20,0,20,凱基-鳳山,2024-03-01,9274
1446,宏和,18,0,18,凱基-鳳山,2024-03-01,9274
2606,裕民,20,2,18,凱基-鳳山,2024-03-01,9274
9105,泰金寶-DR,18,0,18,凱基-鳳山,2024-03-01,9274
0056,元大高股息,39,21,18,凱基-鳳山,2024-03-01,9274
00675L,富邦臺灣加權正2,17,0,17,凱基-鳳山,2024-03-01,9274
1589,永冠-KY,16,1,15,凱基-鳳山,2024-03-01,9274
8085,福華,19,4,15,凱基-鳳山,2024-03-01,9274
8110,華東,18,3,15,凱基-鳳山,2024-03-01,9274
2609,陽明,19,5,14,凱基-鳳山,2024-03-01,9274
3231,緯創,42,28,14,凱基-鳳山,2024-03-01,9274
1101,台泥,16,2,14,凱基-鳳山,2024-03-01,9274
2618,長榮航,15,1,14,凱基-鳳山,2024-03-01,9274
2882,國泰金,14,0,14,凱基-鳳山,2024-03-01,9274
2409,友達,13,0,13,凱基-鳳山,2024-03-01,9274
2891,中信金,13,1,12,凱基-鳳山,2024-03-01,9274
4543,萬在,21,9,12,凱基-鳳山,2024-03-01,9274
5457,宣德,15,3,12,凱基-鳳山,2024-03-01,9274
6290,良維,429,114,315,凱基-鳳山,2024-03-04,9274
00918,大華優利高填息30,301,0,301,凱基-鳳山,2024-03-04,9274
1101,台泥,288,5,283,凱基-鳳山,2024-03-04,9274
6216,居易,150,0,150,凱基-鳳山,2024-03-04,9274
00937B,群益ESG投等債20,81,0,81,凱基-鳳山,2024-03-04,9274
6126,信音,85,4,81,凱基-鳳山,2024-03-04,9274
3591,艾笛森,74,1,73,凱基-鳳山,2024-03-04,9274
00665L,富邦�琤肭磪囓�2,112,40,72,凱基-鳳山,2024-03-04,9274
1303,南亞,69,0,69,凱基-鳳山,2024-03-04,9274
2812,台中銀,74,8,66,凱基-鳳山,2024-03-04,9274
3490,單井,76,10,66,凱基-鳳山,2024-03-04,9274
2609,陽明,175,111,64,凱基-鳳山,2024-03-04,9274
3231,緯創,88,32,56,凱基-鳳山,2024-03-04,9274
2363,矽統,56,4,52,凱基-鳳山,2024-03-04,9274
8085,福華,53,10,43,凱基-鳳山,2024-03-04,9274
4956,光鋐,41,0,41,凱基-鳳山,2024-03-04,9274
3356,奇偶,57,16,41,凱基-鳳山,2024-03-04,9274
5457,宣德,39,0,39,凱基-鳳山,2024-03-04,9274
6274,台燿,39,0,39,凱基-鳳山,2024-03-04,9274
2353,宏��,51,20,31,凱基-鳳山,2024-03-04,9274
2344,華邦電,36,7,29,凱基-鳳山,2024-03-04,9274
3306,鼎天,30,2,28,凱基-鳳山,2024-03-04,9274
9940,信義,26,0,26,凱基-鳳山,2024-03-04,9274
6266,泰詠,25,0,25,凱基-鳳山,2024-03-04,9274
2891,中信金,30,7,23,凱基-鳳山,2024-03-04,9274
2102,泰豐,21,0,21,凱基-鳳山,2024-03-04,9274
6568,宏觀,21,0,21,凱基-鳳山,2024-03-04,9274
6116,彩晶,20,0,20,凱基-鳳山,2024-03-04,9274
3284,太普高,20,0,20,凱基-鳳山,2024-03-04,9274
6265,方土昶,21,1,20,凱基-鳳山,2024-03-04,9274
1608,華榮,20,1,19,凱基-鳳山,2024-03-04,9274
2498,宏達電,23,4,19,凱基-鳳山,2024-03-04,9274
00679B,元大美債20年,21,3,18,凱基-鳳山,2024-03-04,9274
2387,精元,21,3,18,凱基-鳳山,2024-03-04,9274
2495,普安,18,0,18,凱基-鳳山,2024-03-04,9274
8277,商丞,20,3,17,凱基-鳳山,2024-03-04,9274
00882,中信中國高股息,20,5,15,凱基-鳳山,2024-03-04,9274
3338,泰碩,15,0,15,凱基-鳳山,2024-03-04,9274
00857B,永豐20年美公債,13,0,13,凱基-鳳山,2024-03-04,9274
1457,宜進,13,0,13,凱基-鳳山,2024-03-04,9274
3437,榮創,13,0,13,凱基-鳳山,2024-03-04,9274
2615,萬海,12,0,12,凱基-鳳山,2024-03-04,9274
1609,大亞,19,8,11,凱基-鳳山,2024-03-04,9274
2409,友達,14,3,11,凱基-鳳山,2024-03-04,9274
6530,創威,32,21,11,凱基-鳳山,2024-03-04,9274
8091,翔名,16,5,11,凱基-鳳山,2024-03-04,9274
8110,華東,11,0,11,凱基-鳳山,2024-03-04,9274
2457,飛宏,11,0,11,凱基-鳳山,2024-03-04,9274
00675L,富邦臺灣加權正2,10,0,10,凱基-鳳山,2024-03-04,9274
4919,新唐,18,8,10,凱基-鳳山,2024-03-04,9274
00712,復華富時不動產,129,0,129,凱基-鳳山,2024-03-05,9274
00929,復華台灣科技優息,136,15,121,凱基-鳳山,2024-03-05,9274
3047,訊舟,119,20,99,凱基-鳳山,2024-03-05,9274
3481,群創,649,556,93,凱基-鳳山,2024-03-05,9274
2537,聯上發,82,1,81,凱基-鳳山,2024-03-05,9274
1301,台塑,80,2,78,凱基-鳳山,2024-03-05,9274
3360,尚立,70,9,61,凱基-鳳山,2024-03-05,9274
5452,佶優,60,6,54,凱基-鳳山,2024-03-05,9274
2324,仁寶,58,8,50,凱基-鳳山,2024-03-05,9274
6104,創惟,47,0,47,凱基-鳳山,2024-03-05,9274
00937B,群益ESG投等債20,95,50,45,凱基-鳳山,2024-03-05,9274
6290,良維,182,145,37,凱基-鳳山,2024-03-05,9274
2460,建通,37,0,37,凱基-鳳山,2024-03-05,9274
3694,海華,39,3,36,凱基-鳳山,2024-03-05,9274
3264,欣銓,37,4,33,凱基-鳳山,2024-03-05,9274
00915,凱基優選高股息30,34,3,31,凱基-鳳山,2024-03-05,9274
6216,居易,31,0,31,凱基-鳳山,2024-03-05,9274
1467,南緯,28,0,28,凱基-鳳山,2024-03-05,9274
2329,華泰,31,4,27,凱基-鳳山,2024-03-05,9274
6568,宏觀,26,0,26,凱基-鳳山,2024-03-05,9274
00679B,元大美債20年,29,5,24,凱基-鳳山,2024-03-05,9274
8069,元太,25,1,24,凱基-鳳山,2024-03-05,9274
3406,玉晶光,25,1,24,凱基-鳳山,2024-03-05,9274
6116,彩晶,25,2,23,凱基-鳳山,2024-03-05,9274
2002,中鋼,21,0,21,凱基-鳳山,2024-03-05,9274
2834,臺企銀,22,1,21,凱基-鳳山,2024-03-05,9274
2355,敬鵬,20,0,20,凱基-鳳山,2024-03-05,9274
2363,矽統,21,1,20,凱基-鳳山,2024-03-05,9274
2385,群光,20,0,20,凱基-鳳山,2024-03-05,9274
3372,典範,25,5,20,凱基-鳳山,2024-03-05,9274
1513,中興電,45,26,19,凱基-鳳山,2024-03-05,9274
1101,台泥,21,2,19,凱基-鳳山,2024-03-05,9274
00904,新光臺灣半導體30,20,2,18,凱基-鳳山,2024-03-05,9274
00713,元大台灣高息低波,18,0,18,凱基-鳳山,2024-03-05,9274
2409,友達,17,1,16,凱基-鳳山,2024-03-05,9274
2498,宏達電,20,4,16,凱基-鳳山,2024-03-05,9274
00680L,元大美債20正2,16,0,16,凱基-鳳山,2024-03-05,9274
2313,華通,18,3,15,凱基-鳳山,2024-03-05,9274
2888,新光金,14,0,14,凱基-鳳山,2024-03-05,9274
3701,大眾控,15,1,14,凱基-鳳山,2024-03-05,9274
00687B,國泰20年美債,13,0,13,凱基-鳳山,2024-03-05,9274
2367,燿華,47,34,13,凱基-鳳山,2024-03-05,9274
00918,大華優利高填息30,19,7,12,凱基-鳳山,2024-03-05,9274
1504,東元,13,1,12,凱基-鳳山,2024-03-05,9274
00882,中信中國高股息,11,0,11,凱基-鳳山,2024-03-05,9274
1524,耿鼎,15,4,11,凱基-鳳山,2024-03-05,9274
5347,世界,11,0,11,凱基-鳳山,2024-03-05,9274
2884,玉山金,11,1,10,凱基-鳳山,2024-03-05,9274
2548,華固,10,0,10,凱基-鳳山,2024-03-05,9274
00631L,元大台灣50正2,10,0,10,凱基-鳳山,2024-03-05,9274
00919,群益台灣精選高息,331,4,327,凱基-鳳山,2024-03-06,9274
8436,大江,60,0,60,凱基-鳳山,2024-03-06,9274
8011,台通,152,93,59,凱基-鳳山,2024-03-06,9274
4956,光鋐,53,0,53,凱基-鳳山,2024-03-06,9274
00670L,富邦NASDAQ正2,51,0,51,凱基-鳳山,2024-03-06,9274
00918,大華優利高填息30,51,1,50,凱基-鳳山,2024-03-06,9274
3702,大聯大,52,2,50,凱基-鳳山,2024-03-06,9274
2464,盟立,59,10,49,凱基-鳳山,2024-03-06,9274
00830,國泰費城半導體,49,0,49,凱基-鳳山,2024-03-06,9274
2353,宏��,52,7,45,凱基-鳳山,2024-03-06,9274
00915,凱基優選高股息30,38,0,38,凱基-鳳山,2024-03-06,9274
2313,華通,58,23,35,凱基-鳳山,2024-03-06,9274
3591,艾笛森,35,0,35,凱基-鳳山,2024-03-06,9274
2002,中鋼,36,2,34,凱基-鳳山,2024-03-06,9274
2610,華航,33,0,33,凱基-鳳山,2024-03-06,9274
3231,緯創,45,15,30,凱基-鳳山,2024-03-06,9274
6116,彩晶,32,2,30,凱基-鳳山,2024-03-06,9274
2884,玉山金,29,1,28,凱基-鳳山,2024-03-06,9274
9907,統一實,28,0,28,凱基-鳳山,2024-03-06,9274
4306,炎洲,30,3,27,凱基-鳳山,2024-03-06,9274
3047,訊舟,45,19,26,凱基-鳳山,2024-03-06,9274
2883,凱基金,40,16,24,凱基-鳳山,2024-03-06,9274
2609,陽明,64,40,24,凱基-鳳山,2024-03-06,9274
00882,中信中國高股息,23,0,23,凱基-鳳山,2024-03-06,9274
2360,致茂,23,0,23,凱基-鳳山,2024-03-06,9274
00675L,富邦臺灣加權正2,22,0,22,凱基-鳳山,2024-03-06,9274
2408,南亞科,21,0,21,凱基-鳳山,2024-03-06,9274
00891,中信關鍵半導體,20,0,20,凱基-鳳山,2024-03-06,9274
8930,青鋼,20,0,20,凱基-鳳山,2024-03-06,9274
5388,中磊,24,5,19,凱基-鳳山,2024-03-06,9274
2329,華泰,20,2,18,凱基-鳳山,2024-03-06,9274
00937B,群益ESG投等債20,18,0,18,凱基-鳳山,2024-03-06,9274
1409,新纖,16,0,16,凱基-鳳山,2024-03-06,9274
2102,泰豐,16,0,16,凱基-鳳山,2024-03-06,9274
6216,居易,26,10,16,凱基-鳳山,2024-03-06,9274
6278,台表科,16,0,16,凱基-鳳山,2024-03-06,9274
4168,醣聯,15,0,15,凱基-鳳山,2024-03-06,9274
4533,協易機,61,46,15,凱基-鳳山,2024-03-06,9274
2887,台新金,16,2,14,凱基-鳳山,2024-03-06,9274
2882,國泰金,14,0,14,凱基-鳳山,2024-03-06,9274
5521,工信,23,10,13,凱基-鳳山,2024-03-06,9274
6217,中探針,17,4,13,凱基-鳳山,2024-03-06,9274
6530,創威,13,0,13,凱基-鳳山,2024-03-06,9274
2103,台橡,12,0,12,凱基-鳳山,2024-03-06,9274
2208,台船,12,0,12,凱基-鳳山,2024-03-06,9274
4804,大略-KY,12,0,12,凱基-鳳山,2024-03-06,9274
00933B,國泰10Y+金融債,12,0,12,凱基-鳳山,2024-03-06,9274
1514,亞力,26,15,11,凱基-鳳山,2024-03-06,9274
4906,正文,13,3,10,凱基-鳳山,2024-03-06,9274
1609,大亞,45,34,11,凱基-鳳山,2024-03-06,9274
3047,訊舟,321,22,299,凱基-鳳山,2024-03-07,9274
3481,群創,333,97,236,凱基-鳳山,2024-03-07,9274
6216,居易,180,0,180,凱基-鳳山,2024-03-07,9274
2387,精元,102,1,101,凱基-鳳山,2024-03-07,9274
3591,艾笛森,84,0,84,凱基-鳳山,2024-03-07,9274
6190,萬泰科,159,84,75,凱基-鳳山,2024-03-07,9274
2303,聯電,111,37,74,凱基-鳳山,2024-03-07,9274
8011,台通,116,45,71,凱基-鳳山,2024-03-07,9274
2605,新興,75,5,70,凱基-鳳山,2024-03-07,9274
6290,良維,88,21,67,凱基-鳳山,2024-03-07,9274
00675L,富邦臺灣加權正2,60,0,60,凱基-鳳山,2024-03-07,9274
00632R,元大台灣50反1,55,0,55,凱基-鳳山,2024-03-07,9274
00919,群益台灣精選高息,89,35,54,凱基-鳳山,2024-03-07,9274
2609,陽明,132,79,53,凱基-鳳山,2024-03-07,9274
00712,復華富時不動產,122,69,53,凱基-鳳山,2024-03-07,9274
1815,富喬,143,92,51,凱基-鳳山,2024-03-07,9274
8089,康全電訊,46,1,45,凱基-鳳山,2024-03-07,9274
00687B,國泰20年美債,51,9,42,凱基-鳳山,2024-03-07,9274
6282,康舒,39,0,39,凱基-鳳山,2024-03-07,9274
2102,泰豐,36,0,36,凱基-鳳山,2024-03-07,9274
2457,飛宏,34,2,32,凱基-鳳山,2024-03-07,9274
3306,鼎天,30,0,30,凱基-鳳山,2024-03-07,9274
2402,毅嘉,33,3,30,凱基-鳳山,2024-03-07,9274
4916,事欣科,27,0,27,凱基-鳳山,2024-03-07,9274
5328,華容,27,0,27,凱基-鳳山,2024-03-07,9274
5425,台半,28,1,27,凱基-鳳山,2024-03-07,9274
00670L,富邦NASDAQ正2,25,0,25,凱基-鳳山,2024-03-07,9274
3231,緯創,39,16,23,凱基-鳳山,2024-03-07,9274
00915,凱基優選高股息30,28,6,22,凱基-鳳山,2024-03-07,9274
2002,中鋼,22,0,22,凱基-鳳山,2024-03-07,9274
9907,統一實,22,1,21,凱基-鳳山,2024-03-07,9274
2331,精英,21,0,21,凱基-鳳山,2024-03-07,9274
3325,旭品,29,8,21,凱基-鳳山,2024-03-07,9274
3380,明泰,21,0,21,凱基-鳳山,2024-03-07,9274
2421,建準,25,5,20,凱基-鳳山,2024-03-07,9274
00665L,富邦�琤肭磪囓�2,40,20,20,凱基-鳳山,2024-03-07,9274
2612,中航,20,0,20,凱基-鳳山,2024-03-07,9274
4908,前鼎,21,1,20,凱基-鳳山,2024-03-07,9274
2486,一詮,27,8,19,凱基-鳳山,2024-03-07,9274
4167,松瑞藥,21,2,19,凱基-鳳山,2024-03-07,9274
2353,宏��,43,25,18,凱基-鳳山,2024-03-07,9274
3055,蔚華科,18,0,18,凱基-鳳山,2024-03-07,9274
4533,協易機,52,34,18,凱基-鳳山,2024-03-07,9274
5521,工信,124,107,17,凱基-鳳山,2024-03-07,9274
3078,僑威,18,2,16,凱基-鳳山,2024-03-07,9274
2417,圓剛,22,6,16,凱基-鳳山,2024-03-07,9274
2324,仁寶,21,6,15,凱基-鳳山,2024-03-07,9274
6213,聯茂,15,0,15,凱基-鳳山,2024-03-07,9274
6568,宏觀,15,0,15,凱基-鳳山,2024-03-07,9274
9105,泰金寶-DR,21,6,15,凱基-鳳山,2024-03-07,9274
5498,凱崴,1529,1100,429,凱基-鳳山,2024-03-08,9274
3231,緯創,139,19,120,凱基-鳳山,2024-03-08,9274
2014,中鴻,122,12,110,凱基-鳳山,2024-03-08,9274
3481,群創,207,99,108,凱基-鳳山,2024-03-08,9274
3591,艾笛森,84,0,84,凱基-鳳山,2024-03-08,9274
00915,凱基優選高股息30,83,2,81,凱基-鳳山,2024-03-08,9274
00919,群益台灣精選高息,395,322,73,凱基-鳳山,2024-03-08,9274
2611,志信,72,1,71,凱基-鳳山,2024-03-08,9274
3047,訊舟,124,58,66,凱基-鳳山,2024-03-08,9274
6216,居易,61,0,61,凱基-鳳山,2024-03-08,9274
1815,富喬,76,24,52,凱基-鳳山,2024-03-08,9274
3081,聯亞,62,10,52,凱基-鳳山,2024-03-08,9274
3006,晶豪科,52,5,47,凱基-鳳山,2024-03-08,9274
6844,諾貝兒,45,2,43,凱基-鳳山,2024-03-08,9274
2617,台航,40,1,39,凱基-鳳山,2024-03-08,9274
8069,元太,56,18,38,凱基-鳳山,2024-03-08,9274
00632R,元大台灣50反1,37,0,37,凱基-鳳山,2024-03-08,9274
2387,精元,49,13,36,凱基-鳳山,2024-03-08,9274
6274,台燿,89,56,33,凱基-鳳山,2024-03-08,9274
2109,華豐,31,1,30,凱基-鳳山,2024-03-08,9274
2883,凱基金,38,9,29,凱基-鳳山,2024-03-08,9274
00918,大華優利高填息30,36,8,28,凱基-鳳山,2024-03-08,9274
2399,映泰,27,0,27,凱基-鳳山,2024-03-08,9274
2609,陽明,39,12,27,凱基-鳳山,2024-03-08,9274
1702,南僑,25,0,25,凱基-鳳山,2024-03-08,9274
0050,元大台灣50,31,8,23,凱基-鳳山,2024-03-08,9274
1504,東元,25,3,22,凱基-鳳山,2024-03-08,9274
1560,中砂,22,1,21,凱基-鳳山,2024-03-08,9274
3324,雙鴻,30,9,21,凱基-鳳山,2024-03-08,9274
6112,邁達特,20,0,20,凱基-鳳山,2024-03-08,9274
2102,泰豐,20,0,20,凱基-鳳山,2024-03-08,9274
4934,太極,25,5,20,凱基-鳳山,2024-03-08,9274
8105,凌巨,25,6,19,凱基-鳳山,2024-03-08,9274
8096,擎亞,22,4,18,凱基-鳳山,2024-03-08,9274
00676R,富邦臺灣加權反1,18,0,18,凱基-鳳山,2024-03-08,9274
00679B,元大美債20年,29,11,18,凱基-鳳山,2024-03-08,9274
2353,宏��,24,7,17,凱基-鳳山,2024-03-08,9274
2331,精英,17,0,17,凱基-鳳山,2024-03-08,9274
2460,建通,18,1,17,凱基-鳳山,2024-03-08,9274
1326,台化,18,1,17,凱基-鳳山,2024-03-08,9274
2328,廣宇,16,0,16,凱基-鳳山,2024-03-08,9274
1513,中興電,29,13,16,凱基-鳳山,2024-03-08,9274
1416,廣豐,17,2,15,凱基-鳳山,2024-03-08,9274
2884,玉山金,16,1,15,凱基-鳳山,2024-03-08,9274
5347,世界,17,2,15,凱基-鳳山,2024-03-08,9274
8047,星雲,14,0,14,凱基-鳳山,2024-03-08,9274
00673R,期元大S＆P原油反1,14,0,14,凱基-鳳山,2024-03-08,9274
2103,台橡,24,10,14,凱基-鳳山,2024-03-08,9274
3338,泰碩,15,2,13,凱基-鳳山,2024-03-08,9274
3645,達邁,13,0,13,凱基-鳳山,2024-03-08,9274
00720B,元大投資級公司債,179,1,178,凱基-鳳山,2024-03-11,9274
00937B,群益ESG投等債20,184,60,124,凱基-鳳山,2024-03-11,9274
2618,長榮航,101,1,100,凱基-鳳山,2024-03-11,9274
3163,波若威,95,17,78,凱基-鳳山,2024-03-11,9274
2317,鴻海,122,48,74,凱基-鳳山,2024-03-11,9274
2367,燿華,102,34,68,凱基-鳳山,2024-03-11,9274
00687B,國泰20年美債,67,4,63,凱基-鳳山,2024-03-11,9274
8089,康全電訊,127,68,59,凱基-鳳山,2024-03-11,9274
6290,良維,56,2,54,凱基-鳳山,2024-03-11,9274
00930,永豐ESG低碳高息,52,0,52,凱基-鳳山,2024-03-11,9274
8105,凌巨,78,31,47,凱基-鳳山,2024-03-11,9274
5258,虹堡,36,0,36,凱基-鳳山,2024-03-11,9274
2611,志信,40,7,33,凱基-鳳山,2024-03-11,9274
2314,台揚,32,0,32,凱基-鳳山,2024-03-11,9274
1316,上曜,43,12,31,凱基-鳳山,2024-03-11,9274
2442,新美齊,31,0,31,凱基-鳳山,2024-03-11,9274
8096,擎亞,31,0,31,凱基-鳳山,2024-03-11,9274
6217,中探針,52,23,29,凱基-鳳山,2024-03-11,9274
6216,居易,35,9,26,凱基-鳳山,2024-03-11,9274
2617,台航,23,0,23,凱基-鳳山,2024-03-11,9274
2883,凱基金,48,27,21,凱基-鳳山,2024-03-11,9274
6844,諾貝兒,21,1,20,凱基-鳳山,2024-03-11,9274
00924,復華S＆P500成長,20,0,20,凱基-鳳山,2024-03-11,9274
2301,光寶科,18,0,18,凱基-鳳山,2024-03-11,9274
2402,毅嘉,23,5,18,凱基-鳳山,2024-03-11,9274
3264,欣銓,19,1,18,凱基-鳳山,2024-03-11,9274
00915,凱基優選高股息30,16,0,16,凱基-鳳山,2024-03-11,9274
2497,怡利電,16,0,16,凱基-鳳山,2024-03-11,9274
2543,皇昌,27,11,16,凱基-鳳山,2024-03-11,9274
6568,宏觀,16,0,16,凱基-鳳山,2024-03-11,9274
2363,矽統,18,2,16,凱基-鳳山,2024-03-11,9274
2330,台積電,18,2,16,凱基-鳳山,2024-03-11,9274
2888,新光金,15,0,15,凱基-鳳山,2024-03-11,9274
6462,神盾,17,2,15,凱基-鳳山,2024-03-11,9274
6548,長科*,15,0,15,凱基-鳳山,2024-03-11,9274
00929,復華台灣科技優息,67,53,14,凱基-鳳山,2024-03-11,9274
00712,復華富時不動產,16,2,14,凱基-鳳山,2024-03-11,9274
9958,世紀鋼,25,12,13,凱基-鳳山,2024-03-11,9274
2449,京元電子,21,8,13,凱基-鳳山,2024-03-11,9274
4533,協易機,39,26,13,凱基-鳳山,2024-03-11,9274
00676R,富邦臺灣加權反1,12,0,12,凱基-鳳山,2024-03-11,9274
2891,中信金,20,8,12,凱基-鳳山,2024-03-11,9274
3014,聯陽,16,4,12,凱基-鳳山,2024-03-11,9274
00919,群益台灣精選高息,86,74,12,凱基-鳳山,2024-03-11,9274
1513,中興電,20,9,11,凱基-鳳山,2024-03-11,9274
3047,訊舟,13,2,11,凱基-鳳山,2024-03-11,9274
4906,正文,12,1,11,凱基-鳳山,2024-03-11,9274
5880,合庫金,11,1,10,凱基-鳳山,2024-03-11,9274
00706L,期元大S＆P日圓正2,10,0,10,凱基-鳳山,2024-03-11,9274
00665L,富邦�琤肭磪囓�2,40,30,10,凱基-鳳山,2024-03-11,9274
6290,良維,436,214,222,凱基-鳳山,2024-03-12,9274
1303,南亞,97,1,96,凱基-鳳山,2024-03-12,9274
2605,新興,77,0,77,凱基-鳳山,2024-03-12,9274
5498,凱崴,299,224,75,凱基-鳳山,2024-03-12,9274
1301,台塑,68,1,67,凱基-鳳山,2024-03-12,9274
00830,國泰費城半導體,60,0,60,凱基-鳳山,2024-03-12,9274
00918,大華優利高填息30,59,0,59,凱基-鳳山,2024-03-12,9274
2486,一詮,54,3,51,凱基-鳳山,2024-03-12,9274
1316,上曜,175,136,39,凱基-鳳山,2024-03-12,9274
6197,佳必琪,40,1,39,凱基-鳳山,2024-03-12,9274
2109,華豐,30,0,30,凱基-鳳山,2024-03-12,9274
6116,彩晶,30,0,30,凱基-鳳山,2024-03-12,9274
00687B,國泰20年美債,26,0,26,凱基-鳳山,2024-03-12,9274
2313,華通,53,27,26,凱基-鳳山,2024-03-12,9274
00670L,富邦NASDAQ正2,26,0,26,凱基-鳳山,2024-03-12,9274
2102,泰豐,26,0,26,凱基-鳳山,2024-03-12,9274
2617,台航,20,0,20,凱基-鳳山,2024-03-12,9274
2883,凱基金,27,7,20,凱基-鳳山,2024-03-12,9274
6873,泓德能源,22,2,20,凱基-鳳山,2024-03-12,9274
8076,伍豐,20,0,20,凱基-鳳山,2024-03-12,9274
3231,緯創,47,27,20,凱基-鳳山,2024-03-12,9274
6217,中探針,18,0,18,凱基-鳳山,2024-03-12,9274
0056,元大高股息,26,8,18,凱基-鳳山,2024-03-12,9274
9945,潤泰新,17,0,17,凱基-鳳山,2024-03-12,9274
3006,晶豪科,17,1,16,凱基-鳳山,2024-03-12,9274
2376,技嘉,23,8,15,凱基-鳳山,2024-03-12,9274
00676R,富邦臺灣加權反1,15,0,15,凱基-鳳山,2024-03-12,9274
00632R,元大台灣50反1,14,0,14,凱基-鳳山,2024-03-12,9274
1514,亞力,28,15,13,凱基-鳳山,2024-03-12,9274
2344,華邦電,18,5,13,凱基-鳳山,2024-03-12,9274
6274,台燿,76,64,12,凱基-鳳山,2024-03-12,9274
2308,台達電,16,4,12,凱基-鳳山,2024-03-12,9274
00904,新光臺灣半導體30,27,15,12,凱基-鳳山,2024-03-12,9274
1732,毛寶,12,0,12,凱基-鳳山,2024-03-12,9274
2409,友達,20,8,12,凱基-鳳山,2024-03-12,9274
6126,信音,16,5,11,凱基-鳳山,2024-03-12,9274
00706L,期元大S＆P日圓正2,11,0,11,凱基-鳳山,2024-03-12,9274
3540,曜越,17,6,11,凱基-鳳山,2024-03-12,9274
00673R,期元大S＆P原油反1,10,0,10,凱基-鳳山,2024-03-12,9274
2025,千興,15,5,10,凱基-鳳山,2024-03-12,9274
2472,立隆電,10,0,10,凱基-鳳山,2024-03-12,9274
3033,威健,10,0,10,凱基-鳳山,2024-03-12,9274
3339,泰谷,10,0,10,凱基-鳳山,2024-03-12,9274
8422,可寧衛,10,0,10,凱基-鳳山,2024-03-12,9274
3338,泰碩,14,4,10,凱基-鳳山,2024-03-12,9274
00929,復華台灣科技優息,36,27,9,凱基-鳳山,2024-03-12,9274
00857B,永豐20年美公債,9,0,9,凱基-鳳山,2024-03-12,9274
1104,環泥,9,0,9,凱基-鳳山,2024-03-12,9274
1815,富喬,16,7,9,凱基-鳳山,2024-03-12,9274
1907,永豐餘,10,1,9,凱基-鳳山,2024-03-12,9274
00915,凱基優選高股息30,254,21,233,凱基-鳳山,2024-03-13,9274
3047,訊舟,211,2,209,凱基-鳳山,2024-03-13,9274
5498,凱崴,436,312,124,凱基-鳳山,2024-03-13,9274
3481,群創,226,115,111,凱基-鳳山,2024-03-13,9274
6216,居易,96,1,95,凱基-鳳山,2024-03-13,9274
00937B,群益ESG投等債20,81,2,79,凱基-鳳山,2024-03-13,9274
00757,統一FANG+,79,1,78,凱基-鳳山,2024-03-13,9274
2537,聯上發,71,0,71,凱基-鳳山,2024-03-13,9274
3231,緯創,98,31,67,凱基-鳳山,2024-03-13,9274
6190,萬泰科,56,1,55,凱基-鳳山,2024-03-13,9274
6274,台燿,63,10,53,凱基-鳳山,2024-03-13,9274
2486,一詮,64,14,50,凱基-鳳山,2024-03-13,9274
3081,聯亞,66,24,42,凱基-鳳山,2024-03-13,9274
2303,聯電,113,73,40,凱基-鳳山,2024-03-13,9274
6863,永道-KY,40,0,40,凱基-鳳山,2024-03-13,9274
2618,長榮航,56,17,39,凱基-鳳山,2024-03-13,9274
4529,淳紳,39,0,39,凱基-鳳山,2024-03-13,9274
00918,大華優利高填息30,41,3,38,凱基-鳳山,2024-03-13,9274
6217,中探針,38,0,38,凱基-鳳山,2024-03-13,9274
00679B,元大美債20年,30,0,30,凱基-鳳山,2024-03-13,9274
2354,鴻準,105,77,28,凱基-鳳山,2024-03-13,9274
1316,上曜,28,0,28,凱基-鳳山,2024-03-13,9274
6197,佳必琪,28,0,28,凱基-鳳山,2024-03-13,9274
2408,南亞科,29,2,27,凱基-鳳山,2024-03-13,9274
5880,合庫金,27,0,27,凱基-鳳山,2024-03-13,9274
2409,友達,51,25,26,凱基-鳳山,2024-03-13,9274
2890,永豐金,61,35,26,凱基-鳳山,2024-03-13,9274
8926,台汽電,42,17,25,凱基-鳳山,2024-03-13,9274
00933B,國泰10Y+金融債,25,0,25,凱基-鳳山,2024-03-13,9274
3041,揚智,29,4,25,凱基-鳳山,2024-03-13,9274
2344,華邦電,42,18,24,凱基-鳳山,2024-03-13,9274
00687B,國泰20年美債,26,3,23,凱基-鳳山,2024-03-13,9274
00680L,元大美債20正2,22,0,22,凱基-鳳山,2024-03-13,9274
00637L,元大滬深300正2,20,0,20,凱基-鳳山,2024-03-13,9274
3006,晶豪科,21,1,20,凱基-鳳山,2024-03-13,9274
00927,群益半導體收益,18,0,18,凱基-鳳山,2024-03-13,9274
3049,精金,17,0,17,凱基-鳳山,2024-03-13,9274
2002,中鋼,22,5,17,凱基-鳳山,2024-03-13,9274
6167,久正,16,0,16,凱基-鳳山,2024-03-13,9274
00929,復華台灣科技優息,49,34,15,凱基-鳳山,2024-03-13,9274
4714,永捷,18,3,15,凱基-鳳山,2024-03-13,9274
2102,泰豐,15,0,15,凱基-鳳山,2024-03-13,9274
3625,西勝,15,0,15,凱基-鳳山,2024-03-13,9274
0056,元大高股息,16,1,15,凱基-鳳山,2024-03-13,9274
2885,元大金,15,1,14,凱基-鳳山,2024-03-13,9274
1513,中興電,82,69,13,凱基-鳳山,2024-03-13,9274
00751B,元大AAA至A公司債,13,0,13,凱基-鳳山,2024-03-13,9274
3163,波若威,19,6,13,凱基-鳳山,2024-03-13,9274
3264,欣銓,14,1,13,凱基-鳳山,2024-03-13,9274
9945,潤泰新,12,0,12,凱基-鳳山,2024-03-13,9274
00919,群益台灣精選高息,373,38,335,凱基-鳳山,2024-03-14,9274
2537,聯上發,161,0,161,凱基-鳳山,2024-03-14,9274
2888,新光金,152,2,150,凱基-鳳山,2024-03-14,9274
2618,長榮航,233,90,143,凱基-鳳山,2024-03-14,9274
2387,精元,111,0,111,凱基-鳳山,2024-03-14,9274
6216,居易,96,5,91,凱基-鳳山,2024-03-14,9274
3047,訊舟,93,11,82,凱基-鳳山,2024-03-14,9274
3163,波若威,92,12,80,凱基-鳳山,2024-03-14,9274
3014,聯陽,78,0,78,凱基-鳳山,2024-03-14,9274
00680L,元大美債20正2,77,0,77,凱基-鳳山,2024-03-14,9274
00929,復華台灣科技優息,112,45,67,凱基-鳳山,2024-03-14,9274
00830,國泰費城半導體,66,0,66,凱基-鳳山,2024-03-14,9274
8089,康全電訊,70,10,60,凱基-鳳山,2024-03-14,9274
00679B,元大美債20年,60,1,59,凱基-鳳山,2024-03-14,9274
00688L,國泰20年美債正2,52,0,52,凱基-鳳山,2024-03-14,9274
2816,旺旺保,42,0,42,凱基-鳳山,2024-03-14,9274
6015,宏遠證,40,0,40,凱基-鳳山,2024-03-14,9274
00937B,群益ESG投等債20,44,5,39,凱基-鳳山,2024-03-14,9274
2617,台航,38,0,38,凱基-鳳山,2024-03-14,9274
2383,台光電,37,0,37,凱基-鳳山,2024-03-14,9274
00885,富邦越南,36,0,36,凱基-鳳山,2024-03-14,9274
00878,國泰永續高股息,76,44,32,凱基-鳳山,2024-03-14,9274
00933B,國泰10Y+金融債,29,0,29,凱基-鳳山,2024-03-14,9274
2354,鴻準,126,98,28,凱基-鳳山,2024-03-14,9274
3006,晶豪科,27,2,25,凱基-鳳山,2024-03-14,9274
1609,大亞,53,29,24,凱基-鳳山,2024-03-14,9274
6122,擎邦,23,1,22,凱基-鳳山,2024-03-14,9274
2356,英業達,24,3,21,凱基-鳳山,2024-03-14,9274
3010,華立,21,0,21,凱基-鳳山,2024-03-14,9274
00915,凱基優選高股息30,35,15,20,凱基-鳳山,2024-03-14,9274
2382,廣達,21,1,20,凱基-鳳山,2024-03-14,9274
4971,IET-KY,20,0,20,凱基-鳳山,2024-03-14,9274
6005,群益證,24,4,20,凱基-鳳山,2024-03-14,9274
5234,達興材料,23,4,19,凱基-鳳山,2024-03-14,9274
00857B,永豐20年美公債,19,0,19,凱基-鳳山,2024-03-14,9274
2603,長榮,44,26,18,凱基-鳳山,2024-03-14,9274
2367,燿華,25,7,18,凱基-鳳山,2024-03-14,9274
2845,遠東銀,19,1,18,凱基-鳳山,2024-03-14,9274
2881,富邦金,17,0,17,凱基-鳳山,2024-03-14,9274
2887,台新金,21,5,16,凱基-鳳山,2024-03-14,9274
00720B,元大投資級公司債,16,0,16,凱基-鳳山,2024-03-14,9274
00650L,復華香港正2,16,0,16,凱基-鳳山,2024-03-14,9274
2353,宏��,15,0,15,凱基-鳳山,2024-03-14,9274
2102,泰豐,15,0,15,凱基-鳳山,2024-03-14,9274
2449,京元電子,17,2,15,凱基-鳳山,2024-03-14,9274
2331,精英,14,0,14,凱基-鳳山,2024-03-14,9274
6274,台燿,46,33,13,凱基-鳳山,2024-03-14,9274
00673R,期元大S＆P原油反1,12,0,12,凱基-鳳山,2024-03-14,9274
3284,太普高,12,0,12,凱基-鳳山,2024-03-14,9274
00930,永豐ESG低碳高息,11,0,11,凱基-鳳山,2024-03-14,9274
00919,群益台灣精選高息,499,170,329,凱基-鳳山,2024-03-15,9274
1314,中石化,205,0,205,凱基-鳳山,2024-03-15,9274
00918,大華優利高填息30,147,6,141,凱基-鳳山,2024-03-15,9274
8011,台通,104,0,104,凱基-鳳山,2024-03-15,9274
6216,居易,101,2,99,凱基-鳳山,2024-03-15,9274
3047,訊舟,97,12,85,凱基-鳳山,2024-03-15,9274
2882,國泰金,86,3,83,凱基-鳳山,2024-03-15,9274
00680L,元大美債20正2,78,5,73,凱基-鳳山,2024-03-15,9274
1229,聯華,70,0,70,凱基-鳳山,2024-03-15,9274
2883,凱基金,73,14,59,凱基-鳳山,2024-03-15,9274
2537,聯上發,57,0,57,凱基-鳳山,2024-03-15,9274
00679B,元大美債20年,54,4,50,凱基-鳳山,2024-03-15,9274
8089,康全電訊,49,0,49,凱基-鳳山,2024-03-15,9274
00757,統一FANG+,47,0,47,凱基-鳳山,2024-03-15,9274
2609,陽明,64,21,43,凱基-鳳山,2024-03-15,9274
5905,南仁湖,42,0,42,凱基-鳳山,2024-03-15,9274
00941,中信上游半導體,323,283,40,凱基-鳳山,2024-03-15,9274
1316,上曜,52,12,40,凱基-鳳山,2024-03-15,9274
2109,華豐,40,0,40,凱基-鳳山,2024-03-15,9274
00670L,富邦NASDAQ正2,40,0,40,凱基-鳳山,2024-03-15,9274
6290,良維,73,36,37,凱基-鳳山,2024-03-15,9274
00673R,期元大S＆P原油反1,35,0,35,凱基-鳳山,2024-03-15,9274
2812,台中銀,32,2,30,凱基-鳳山,2024-03-15,9274
2892,第一金,30,0,30,凱基-鳳山,2024-03-15,9274
2367,燿華,29,0,29,凱基-鳳山,2024-03-15,9274
2884,玉山金,31,4,27,凱基-鳳山,2024-03-15,9274
00915,凱基優選高股息30,31,5,26,凱基-鳳山,2024-03-15,9274
2610,華航,26,0,26,凱基-鳳山,2024-03-15,9274
2603,長榮,126,100,26,凱基-鳳山,2024-03-15,9274
1815,富喬,27,2,25,凱基-鳳山,2024-03-15,9274
00830,國泰費城半導體,25,0,25,凱基-鳳山,2024-03-15,9274
6005,群益證,24,0,24,凱基-鳳山,2024-03-15,9274
6016,康和證,22,0,22,凱基-鳳山,2024-03-15,9274
00665L,富邦�琤肭磪囓�2,23,2,21,凱基-鳳山,2024-03-15,9274
1303,南亞,23,2,21,凱基-鳳山,2024-03-15,9274
2303,聯電,24,4,20,凱基-鳳山,2024-03-15,9274
2102,泰豐,20,0,20,凱基-鳳山,2024-03-15,9274
8064,東捷,20,0,20,凱基-鳳山,2024-03-15,9274
5871,中租-KY,21,2,19,凱基-鳳山,2024-03-15,9274
2330,台積電,30,11,19,凱基-鳳山,2024-03-15,9274
00688L,國泰20年美債正2,17,0,17,凱基-鳳山,2024-03-15,9274
00857B,永豐20年美公債,15,0,15,凱基-鳳山,2024-03-15,9274
2206,三陽工業,19,4,15,凱基-鳳山,2024-03-15,9274
6873,泓德能源,19,4,15,凱基-鳳山,2024-03-15,9274
6176,瑞儀,15,1,14,凱基-鳳山,2024-03-15,9274
2344,華邦電,17,3,14,凱基-鳳山,2024-03-15,9274
2356,英業達,21,7,14,凱基-鳳山,2024-03-15,9274
2542,興富發,14,0,14,凱基-鳳山,2024-03-15,9274
00712,復華富時不動產,19,5,14,凱基-鳳山,2024-03-15,9274
1319,東陽,13,0,13,凱基-鳳山,2024-03-15,9274
3481,群創,295,73,222,凱基-鳳山,2024-03-18,9274
2609,陽明,94,4,90,凱基-鳳山,2024-03-18,9274
2387,精元,95,10,85,凱基-鳳山,2024-03-18,9274
1303,南亞,82,7,75,凱基-鳳山,2024-03-18,9274
00919,群益台灣精選高息,89,29,60,凱基-鳳山,2024-03-18,9274
00929,復華台灣科技優息,84,31,53,凱基-鳳山,2024-03-18,9274
6844,諾貝兒,52,0,52,凱基-鳳山,2024-03-18,9274
00933B,國泰10Y+金融債,69,18,51,凱基-鳳山,2024-03-18,9274
2303,聯電,56,7,49,凱基-鳳山,2024-03-18,9274
00941,中信上游半導體,51,6,45,凱基-鳳山,2024-03-18,9274
2102,泰豐,42,0,42,凱基-鳳山,2024-03-18,9274
8011,台通,164,124,40,凱基-鳳山,2024-03-18,9274
00670L,富邦NASDAQ正2,38,0,38,凱基-鳳山,2024-03-18,9274
2002,中鋼,47,10,37,凱基-鳳山,2024-03-18,9274
1101,台泥,34,1,33,凱基-鳳山,2024-03-18,9274
00830,國泰費城半導體,29,0,29,凱基-鳳山,2024-03-18,9274
6274,台燿,35,7,28,凱基-鳳山,2024-03-18,9274
3047,訊舟,80,53,27,凱基-鳳山,2024-03-18,9274
3591,艾笛森,26,0,26,凱基-鳳山,2024-03-18,9274
2208,台船,28,3,25,凱基-鳳山,2024-03-18,9274
1609,大亞,32,8,24,凱基-鳳山,2024-03-18,9274
1108,幸福,22,0,22,凱基-鳳山,2024-03-18,9274
2352,佳世達,22,0,22,凱基-鳳山,2024-03-18,9274
4979,華星光,25,3,22,凱基-鳳山,2024-03-18,9274
9105,泰金寶-DR,22,0,22,凱基-鳳山,2024-03-18,9274
00712,復華富時不動產,22,0,22,凱基-鳳山,2024-03-18,9274
2891,中信金,23,1,22,凱基-鳳山,2024-03-18,9274
2408,南亞科,22,1,21,凱基-鳳山,2024-03-18,9274
00679B,元大美債20年,46,26,20,凱基-鳳山,2024-03-18,9274
2342,茂矽,20,0,20,凱基-鳳山,2024-03-18,9274
6189,豐藝,18,0,18,凱基-鳳山,2024-03-18,9274
00878,國泰永續高股息,29,11,18,凱基-鳳山,2024-03-18,9274
2323,中環,36,19,17,凱基-鳳山,2024-03-18,9274
2889,國票金,15,0,15,凱基-鳳山,2024-03-18,9274
6016,康和證,20,5,15,凱基-鳳山,2024-03-18,9274
00857B,永豐20年美公債,14,0,14,凱基-鳳山,2024-03-18,9274
00751B,元大AAA至A公司債,13,0,13,凱基-鳳山,2024-03-18,9274
00918,大華優利高填息30,16,4,12,凱基-鳳山,2024-03-18,9274
2867,三商壽,12,0,12,凱基-鳳山,2024-03-18,9274
5014,建錩,12,0,12,凱基-鳳山,2024-03-18,9274
2834,臺企銀,115,104,11,凱基-鳳山,2024-03-18,9274
00687B,國泰20年美債,11,0,11,凱基-鳳山,2024-03-18,9274
8059,凱碩,11,0,11,凱基-鳳山,2024-03-18,9274
3663,鑫科,11,0,11,凱基-鳳山,2024-03-18,9274
2329,華泰,39,28,11,凱基-鳳山,2024-03-18,9274
00924,復華S＆P500成長,10,0,10,凱基-鳳山,2024-03-18,9274
00688L,國泰20年美債正2,10,0,10,凱基-鳳山,2024-03-18,9274
00632R,元大台灣50反1,10,0,10,凱基-鳳山,2024-03-18,9274
1582,信錦,11,1,10,凱基-鳳山,2024-03-18,9274
2025,千興,10,0,10,凱基-鳳山,2024-03-18,9274
00919,群益台灣精選高息,320,43,277,凱基-鳳山,2024-03-19,9274
2105,正新,193,1,192,凱基-鳳山,2024-03-19,9274
3481,群創,175,41,134,凱基-鳳山,2024-03-19,9274
2836,高雄銀,121,5,116,凱基-鳳山,2024-03-19,9274
2610,華航,100,1,99,凱基-鳳山,2024-03-19,9274
2605,新興,100,6,94,凱基-鳳山,2024-03-19,9274
00937B,群益ESG投等債20,97,4,93,凱基-鳳山,2024-03-19,9274
2387,精元,108,25,83,凱基-鳳山,2024-03-19,9274
00687B,國泰20年美債,63,3,60,凱基-鳳山,2024-03-19,9274
3312,弘憶股,70,16,54,凱基-鳳山,2024-03-19,9274
2313,華通,40,4,36,凱基-鳳山,2024-03-19,9274
1229,聯華,34,0,34,凱基-鳳山,2024-03-19,9274
6844,諾貝兒,34,0,34,凱基-鳳山,2024-03-19,9274
2353,宏��,30,0,30,凱基-鳳山,2024-03-19,9274
3437,榮創,30,0,30,凱基-鳳山,2024-03-19,9274
00929,復華台灣科技優息,55,25,30,凱基-鳳山,2024-03-19,9274
2102,泰豐,28,0,28,凱基-鳳山,2024-03-19,9274
3047,訊舟,28,0,28,凱基-鳳山,2024-03-19,9274
00673R,期元大S＆P原油反1,25,0,25,凱基-鳳山,2024-03-19,9274
6873,泓德能源,22,0,22,凱基-鳳山,2024-03-19,9274
1449,佳和,20,0,20,凱基-鳳山,2024-03-19,9274
2002,中鋼,19,1,18,凱基-鳳山,2024-03-19,9274
2354,鴻準,46,28,18,凱基-鳳山,2024-03-19,9274
00830,國泰費城半導體,21,5,16,凱基-鳳山,2024-03-19,9274
00753L,中信中國50正2,16,0,16,凱基-鳳山,2024-03-19,9274
2356,英業達,31,15,16,凱基-鳳山,2024-03-19,9274
4108,懷特,16,0,16,凱基-鳳山,2024-03-19,9274
00941,中信上游半導體,45,30,15,凱基-鳳山,2024-03-19,9274
2323,中環,20,6,14,凱基-鳳山,2024-03-19,9274
3211,順達,15,1,14,凱基-鳳山,2024-03-19,9274
4971,IET-KY,14,0,14,凱基-鳳山,2024-03-19,9274
8936,國統,20,6,14,凱基-鳳山,2024-03-19,9274
1301,台塑,16,3,13,凱基-鳳山,2024-03-19,9274
00679B,元大美債20年,18,5,13,凱基-鳳山,2024-03-19,9274
2542,興富發,13,0,13,凱基-鳳山,2024-03-19,9274
4588,玖鼎電力,12,0,12,凱基-鳳山,2024-03-19,9274
00927,群益半導體收益,12,0,12,凱基-鳳山,2024-03-19,9274
2208,台船,19,7,12,凱基-鳳山,2024-03-19,9274
1216,統一,11,0,11,凱基-鳳山,2024-03-19,9274
2324,仁寶,18,7,11,凱基-鳳山,2024-03-19,9274
2816,旺旺保,11,0,11,凱基-鳳山,2024-03-19,9274
2377,微星,10,0,10,凱基-鳳山,2024-03-19,9274
2371,大同,14,4,10,凱基-鳳山,2024-03-19,9274
3050,鈺德,10,0,10,凱基-鳳山,2024-03-19,9274
3450,聯鈞,11,1,10,凱基-鳳山,2024-03-19,9274
3511,矽瑪,10,0,10,凱基-鳳山,2024-03-19,9274
9902,台火,10,0,10,凱基-鳳山,2024-03-19,9274
00933B,國泰10Y+金融債,10,1,9,凱基-鳳山,2024-03-19,9274
00891,中信關鍵半導體,10,1,9,凱基-鳳山,2024-03-19,9274
6168,宏齊,10,1,9,凱基-鳳山,2024-03-19,9274
00939,統一台灣高息動能,773,87,686,凱基-鳳山,2024-03-20,9274
6844,諾貝兒,124,0,124,凱基-鳳山,2024-03-20,9274
2356,英業達,91,19,72,凱基-鳳山,2024-03-20,9274
2605,新興,72,0,72,凱基-鳳山,2024-03-20,9274
3047,訊舟,68,0,68,凱基-鳳山,2024-03-20,9274
2618,長榮航,106,43,63,凱基-鳳山,2024-03-20,9274
2313,華通,85,32,53,凱基-鳳山,2024-03-20,9274
2344,華邦電,51,0,51,凱基-鳳山,2024-03-20,9274
6005,群益證,50,0,50,凱基-鳳山,2024-03-20,9274
00679B,元大美債20年,44,0,44,凱基-鳳山,2024-03-20,9274
1303,南亞,41,1,40,凱基-鳳山,2024-03-20,9274
00927,群益半導體收益,39,2,37,凱基-鳳山,2024-03-20,9274
3591,艾笛森,36,0,36,凱基-鳳山,2024-03-20,9274
6274,台燿,36,1,35,凱基-鳳山,2024-03-20,9274
2002,中鋼,42,9,33,凱基-鳳山,2024-03-20,9274
6163,華電網,32,0,32,凱基-鳳山,2024-03-20,9274
00673R,期元大S＆P原油反1,31,0,31,凱基-鳳山,2024-03-20,9274
1101,台泥,32,1,31,凱基-鳳山,2024-03-20,9274
00753L,中信中國50正2,30,0,30,凱基-鳳山,2024-03-20,9274
00937B,群益ESG投等債20,48,19,29,凱基-鳳山,2024-03-20,9274
1326,台化,29,0,29,凱基-鳳山,2024-03-20,9274
2880,華南金,24,0,24,凱基-鳳山,2024-03-20,9274
3481,群創,159,136,23,凱基-鳳山,2024-03-20,9274
2812,台中銀,30,9,21,凱基-鳳山,2024-03-20,9274
8034,榮群,22,1,21,凱基-鳳山,2024-03-20,9274
00688L,國泰20年美債正2,20,0,20,凱基-鳳山,2024-03-20,9274
2436,偉詮電,20,0,20,凱基-鳳山,2024-03-20,9274
3207,耀勝,37,17,20,凱基-鳳山,2024-03-20,9274
6177,達麗,22,2,20,凱基-鳳山,2024-03-20,9274
3312,弘憶股,23,5,18,凱基-鳳山,2024-03-20,9274
6438,迅得,18,0,18,凱基-鳳山,2024-03-20,9274
6443,元晶,20,2,18,凱基-鳳山,2024-03-20,9274
2886,兆豐金,20,4,16,凱基-鳳山,2024-03-20,9274
2354,鴻準,78,62,16,凱基-鳳山,2024-03-20,9274
2102,泰豐,15,0,15,凱基-鳳山,2024-03-20,9274
00857B,永豐20年美公債,14,0,14,凱基-鳳山,2024-03-20,9274
6215,和椿,16,3,13,凱基-鳳山,2024-03-20,9274
6290,良維,120,107,13,凱基-鳳山,2024-03-20,9274
6121,新普,13,1,12,凱基-鳳山,2024-03-20,9274
6770,力積電,11,0,11,凱基-鳳山,2024-03-20,9274
1597,直得,11,0,11,凱基-鳳山,2024-03-20,9274
8234,新漢,19,8,11,凱基-鳳山,2024-03-20,9274
1802,台玻,10,0,10,凱基-鳳山,2024-03-20,9274
2363,矽統,11,1,10,凱基-鳳山,2024-03-20,9274
2464,盟立,13,3,10,凱基-鳳山,2024-03-20,9274
2498,宏達電,10,0,10,凱基-鳳山,2024-03-20,9274
2836,高雄銀,10,0,10,凱基-鳳山,2024-03-20,9274
3540,曜越,15,5,10,凱基-鳳山,2024-03-20,9274
5011,久陽,10,0,10,凱基-鳳山,2024-03-20,9274
6873,泓德能源,10,0,10,凱基-鳳山,2024-03-20,9274
00919,群益台灣精選高息,373,44,329,凱基-鳳山,2024-03-21,9274
3047,訊舟,158,0,158,凱基-鳳山,2024-03-21,9274
6216,居易,113,1,112,凱基-鳳山,2024-03-21,9274
00939,統一台灣高息動能,298,187,111,凱基-鳳山,2024-03-21,9274
3591,艾笛森,83,0,83,凱基-鳳山,2024-03-21,9274
6290,良維,121,41,80,凱基-鳳山,2024-03-21,9274
1785,光洋科,86,12,74,凱基-鳳山,2024-03-21,9274
1301,台塑,61,0,61,凱基-鳳山,2024-03-21,9274
2387,精元,64,6,58,凱基-鳳山,2024-03-21,9274
8089,康全電訊,55,0,55,凱基-鳳山,2024-03-21,9274
00937B,群益ESG投等債20,62,11,51,凱基-鳳山,2024-03-21,9274
00857B,永豐20年美公債,49,0,49,凱基-鳳山,2024-03-21,9274
1312,國喬,50,1,49,凱基-鳳山,2024-03-21,9274
00679B,元大美債20年,46,0,46,凱基-鳳山,2024-03-21,9274
3005,神基,80,37,43,凱基-鳳山,2024-03-21,9274
00688L,國泰20年美債正2,38,0,38,凱基-鳳山,2024-03-21,9274
6844,諾貝兒,37,2,35,凱基-鳳山,2024-03-21,9274
4956,光鋐,33,0,33,凱基-鳳山,2024-03-21,9274
2332,友訊,34,2,32,凱基-鳳山,2024-03-21,9274
00687B,國泰20年美債,30,0,30,凱基-鳳山,2024-03-21,9274
2409,友達,30,1,29,凱基-鳳山,2024-03-21,9274
2402,毅嘉,30,1,29,凱基-鳳山,2024-03-21,9274
00878,國泰永續高股息,34,8,26,凱基-鳳山,2024-03-21,9274
1605,華新,27,3,24,凱基-鳳山,2024-03-21,9274
4938,和碩,26,5,21,凱基-鳳山,2024-03-21,9274
2014,中鴻,21,0,21,凱基-鳳山,2024-03-21,9274
1504,東元,36,16,20,凱基-鳳山,2024-03-21,9274
2845,遠東銀,20,0,20,凱基-鳳山,2024-03-21,9274
9933,中鼎,20,0,20,凱基-鳳山,2024-03-21,9274
3540,曜越,20,1,19,凱基-鳳山,2024-03-21,9274
3645,達邁,18,0,18,凱基-鳳山,2024-03-21,9274
8936,國統,29,11,18,凱基-鳳山,2024-03-21,9274
6217,中探針,22,5,17,凱基-鳳山,2024-03-21,9274
8047,星雲,18,1,17,凱基-鳳山,2024-03-21,9274
2208,台船,26,11,15,凱基-鳳山,2024-03-21,9274
2371,大同,29,14,15,凱基-鳳山,2024-03-21,9274
2511,太子,15,0,15,凱基-鳳山,2024-03-21,9274
2520,冠德,15,0,15,凱基-鳳山,2024-03-21,9274
2884,玉山金,20,6,14,凱基-鳳山,2024-03-21,9274
5483,中美晶,17,4,13,凱基-鳳山,2024-03-21,9274
2301,光寶科,20,7,13,凱基-鳳山,2024-03-21,9274
00680L,元大美債20正2,13,1,12,凱基-鳳山,2024-03-21,9274
4543,萬在,12,0,12,凱基-鳳山,2024-03-21,9274
1535,中宇,11,0,11,凱基-鳳山,2024-03-21,9274
2888,新光金,11,0,11,凱基-鳳山,2024-03-21,9274
3363,上詮,13,2,11,凱基-鳳山,2024-03-21,9274
5498,凱崴,21,10,11,凱基-鳳山,2024-03-21,9274
6191,精成科,15,4,11,凱基-鳳山,2024-03-21,9274
4576,大銀微系統,11,0,11,凱基-鳳山,2024-03-21,9274
3090,日電貿,11,0,11,凱基-鳳山,2024-03-21,9274
00665L,富邦�琤肭磪囓�2,870,730,140,凱基-鳳山,2024-03-22,9274
2354,鴻準,116,7,109,凱基-鳳山,2024-03-22,9274
6290,良維,131,23,108,凱基-鳳山,2024-03-22,9274
00939,統一台灣高息動能,146,44,102,凱基-鳳山,2024-03-22,9274
00712,復華富時不動產,81,7,74,凱基-鳳山,2024-03-22,9274
6005,群益證,60,0,60,凱基-鳳山,2024-03-22,9274
2471,資通,60,1,59,凱基-鳳山,2024-03-22,9274
2208,台船,53,1,52,凱基-鳳山,2024-03-22,9274
3591,艾笛森,52,0,52,凱基-鳳山,2024-03-22,9274
2406,國碩,61,14,47,凱基-鳳山,2024-03-22,9274
3083,網龍,47,0,47,凱基-鳳山,2024-03-22,9274
2883,凱基金,50,4,46,凱基-鳳山,2024-03-22,9274
2603,長榮,83,40,43,凱基-鳳山,2024-03-22,9274
00753L,中信中國50正2,38,0,38,凱基-鳳山,2024-03-22,9274
3548,兆利,36,0,36,凱基-鳳山,2024-03-22,9274
3014,聯陽,36,1,35,凱基-鳳山,2024-03-22,9274
2344,華邦電,62,27,35,凱基-鳳山,2024-03-22,9274
00937B,群益ESG投等債20,34,0,34,凱基-鳳山,2024-03-22,9274
2615,萬海,31,0,31,凱基-鳳山,2024-03-22,9274
6443,元晶,34,7,27,凱基-鳳山,2024-03-22,9274
6844,諾貝兒,25,0,25,凱基-鳳山,2024-03-22,9274
00919,群益台灣精選高息,155,131,24,凱基-鳳山,2024-03-22,9274
00751B,元大AAA至A公司債,20,0,20,凱基-鳳山,2024-03-22,9274
9958,世紀鋼,170,150,20,凱基-鳳山,2024-03-22,9274
2453,凌群,28,9,19,凱基-鳳山,2024-03-22,9274
3450,聯鈞,23,4,19,凱基-鳳山,2024-03-22,9274
8047,星雲,19,0,19,凱基-鳳山,2024-03-22,9274
00918,大華優利高填息30,42,23,19,凱基-鳳山,2024-03-22,9274
6505,台塑化,18,0,18,凱基-鳳山,2024-03-22,9274
5871,中租-KY,17,0,17,凱基-鳳山,2024-03-22,9274
00882,中信中國高股息,17,0,17,凱基-鳳山,2024-03-22,9274
8054,安國,19,3,16,凱基-鳳山,2024-03-22,9274
2888,新光金,20,4,16,凱基-鳳山,2024-03-22,9274
2376,技嘉,39,23,16,凱基-鳳山,2024-03-22,9274
2630,亞航,15,0,15,凱基-鳳山,2024-03-22,9274
00637L,元大滬深300正2,14,0,14,凱基-鳳山,2024-03-22,9274
8089,康全電訊,13,0,13,凱基-鳳山,2024-03-22,9274
1514,亞力,21,9,12,凱基-鳳山,2024-03-22,9274
2442,新美齊,11,0,11,凱基-鳳山,2024-03-22,9274
4303,信立,12,1,11,凱基-鳳山,2024-03-22,9274
6244,茂迪,18,7,11,凱基-鳳山,2024-03-22,9274
8150,南茂,11,0,11,凱基-鳳山,2024-03-22,9274
00650L,復華香港正2,10,0,10,凱基-鳳山,2024-03-22,9274
1102,亞泥,10,0,10,凱基-鳳山,2024-03-22,9274
1809,中釉,11,1,10,凱基-鳳山,2024-03-22,9274
2102,泰豐,10,0,10,凱基-鳳山,2024-03-22,9274
2505,國揚,11,1,10,凱基-鳳山,2024-03-22,9274
2812,台中銀,10,0,10,凱基-鳳山,2024-03-22,9274
3596,智易,10,0,10,凱基-鳳山,2024-03-22,9274
5328,華容,10,0,10,凱基-鳳山,2024-03-22,9274
00941,中信上游半導體,378,12,366,凱基-鳳山,2024-03-25,9274
00937B,群益ESG投等債20,231,0,231,凱基-鳳山,2024-03-25,9274
3481,群創,572,396,176,凱基-鳳山,2024-03-25,9274
00919,群益台灣精選高息,135,24,111,凱基-鳳山,2024-03-25,9274
2610,華航,105,0,105,凱基-鳳山,2024-03-25,9274
8089,康全電訊,93,0,93,凱基-鳳山,2024-03-25,9274
3047,訊舟,70,5,65,凱基-鳳山,2024-03-25,9274
6188,廣明,152,93,59,凱基-鳳山,2024-03-25,9274
6288,聯嘉,55,0,55,凱基-鳳山,2024-03-25,9274
2453,凌群,56,4,52,凱基-鳳山,2024-03-25,9274
4526,東台,56,6,50,凱基-鳳山,2024-03-25,9274
4529,淳紳,46,0,46,凱基-鳳山,2024-03-25,9274
2323,中環,40,0,40,凱基-鳳山,2024-03-25,9274
3014,聯陽,40,1,39,凱基-鳳山,2024-03-25,9274
00680L,元大美債20正2,50,13,37,凱基-鳳山,2024-03-25,9274
2387,精元,50,14,36,凱基-鳳山,2024-03-25,9274
00751B,元大AAA至A公司債,35,0,35,凱基-鳳山,2024-03-25,9274
8086,宏捷科,38,4,34,凱基-鳳山,2024-03-25,9274
1101,台泥,41,10,31,凱基-鳳山,2024-03-25,9274
00878,國泰永續高股息,39,10,29,凱基-鳳山,2024-03-25,9274
2367,燿華,52,25,27,凱基-鳳山,2024-03-25,9274
8936,國統,34,8,26,凱基-鳳山,2024-03-25,9274
00939,統一台灣高息動能,78,52,26,凱基-鳳山,2024-03-25,9274
2303,聯電,27,3,24,凱基-鳳山,2024-03-25,9274
00929,復華台灣科技優息,94,70,24,凱基-鳳山,2024-03-25,9274
6505,台塑化,26,2,24,凱基-鳳山,2024-03-25,9274
6177,達麗,20,0,20,凱基-鳳山,2024-03-25,9274
6770,力積電,20,0,20,凱基-鳳山,2024-03-25,9274
00679B,元大美債20年,22,3,19,凱基-鳳山,2024-03-25,9274
3540,曜越,20,1,19,凱基-鳳山,2024-03-25,9274
4956,光鋐,20,1,19,凱基-鳳山,2024-03-25,9274
3708,上緯投控,20,1,19,凱基-鳳山,2024-03-25,9274
3005,神基,38,20,18,凱基-鳳山,2024-03-25,9274
00857B,永豐20年美公債,27,11,16,凱基-鳳山,2024-03-25,9274
1603,華電,16,0,16,凱基-鳳山,2024-03-25,9274
3706,神達,20,4,16,凱基-鳳山,2024-03-25,9274
2605,新興,16,1,15,凱基-鳳山,2024-03-25,9274
6443,元晶,30,16,14,凱基-鳳山,2024-03-25,9274
4979,華星光,14,0,14,凱基-鳳山,2024-03-25,9274
00924,復華S＆P500成長,13,0,13,凱基-鳳山,2024-03-25,9274
2102,泰豐,13,0,13,凱基-鳳山,2024-03-25,9274
2301,光寶科,15,2,13,凱基-鳳山,2024-03-25,9274
4938,和碩,12,0,12,凱基-鳳山,2024-03-25,9274
00687B,國泰20年美債,12,0,12,凱基-鳳山,2024-03-25,9274
00935,野村臺灣新科技50,12,0,12,凱基-鳳山,2024-03-25,9274
2352,佳世達,30,18,12,凱基-鳳山,2024-03-25,9274
2511,太子,12,0,12,凱基-鳳山,2024-03-25,9274
1605,華新,14,3,11,凱基-鳳山,2024-03-25,9274
5498,凱崴,32,21,11,凱基-鳳山,2024-03-25,9274
2356,英業達,130,120,10,凱基-鳳山,2024-03-25,9274
3481,群創,514,104,410,凱基-鳳山,2024-03-26,9274
6290,良維,537,277,260,凱基-鳳山,2024-03-26,9274
00937B,群益ESG投等債20,157,13,144,凱基-鳳山,2024-03-26,9274
3047,訊舟,103,0,103,凱基-鳳山,2024-03-26,9274
2387,精元,99,1,98,凱基-鳳山,2024-03-26,9274
00919,群益台灣精選高息,185,119,66,凱基-鳳山,2024-03-26,9274
00939,統一台灣高息動能,158,96,62,凱基-鳳山,2024-03-26,9274
2609,陽明,75,14,61,凱基-鳳山,2024-03-26,9274
2888,新光金,65,6,59,凱基-鳳山,2024-03-26,9274
2401,凌陽,54,0,54,凱基-鳳山,2024-03-26,9274
00665L,富邦�琤肭磪囓�2,685,635,50,凱基-鳳山,2024-03-26,9274
2405,輔信,50,0,50,凱基-鳳山,2024-03-26,9274
3686,達能,50,0,50,凱基-鳳山,2024-03-26,9274
2603,長榮,92,45,47,凱基-鳳山,2024-03-26,9274
6216,居易,55,8,47,凱基-鳳山,2024-03-26,9274
2356,英業達,84,39,45,凱基-鳳山,2024-03-26,9274
5880,合庫金,45,0,45,凱基-鳳山,2024-03-26,9274
3231,緯創,53,10,43,凱基-鳳山,2024-03-26,9274
00679B,元大美債20年,40,0,40,凱基-鳳山,2024-03-26,9274
3062,建漢,44,5,39,凱基-鳳山,2024-03-26,9274
1609,大亞,60,21,39,凱基-鳳山,2024-03-26,9274
2102,泰豐,38,0,38,凱基-鳳山,2024-03-26,9274
2303,聯電,47,14,33,凱基-鳳山,2024-03-26,9274
1618,合機,63,31,32,凱基-鳳山,2024-03-26,9274
5498,凱崴,30,0,30,凱基-鳳山,2024-03-26,9274
2344,華邦電,29,0,29,凱基-鳳山,2024-03-26,9274
2353,宏��,34,6,28,凱基-鳳山,2024-03-26,9274
1560,中砂,42,16,26,凱基-鳳山,2024-03-26,9274
3264,欣銓,28,2,26,凱基-鳳山,2024-03-26,9274
6844,諾貝兒,25,0,25,凱基-鳳山,2024-03-26,9274
2388,威盛,86,62,24,凱基-鳳山,2024-03-26,9274
1513,中興電,69,47,22,凱基-鳳山,2024-03-26,9274
6770,力積電,41,20,21,凱基-鳳山,2024-03-26,9274
3312,弘憶股,26,6,20,凱基-鳳山,2024-03-26,9274
9902,台火,20,0,20,凱基-鳳山,2024-03-26,9274
2891,中信金,20,1,19,凱基-鳳山,2024-03-26,9274
3390,旭軟,20,1,19,凱基-鳳山,2024-03-26,9274
8016,矽創,27,8,19,凱基-鳳山,2024-03-26,9274
6274,台燿,51,33,18,凱基-鳳山,2024-03-26,9274
3059,華晶科,19,3,16,凱基-鳳山,2024-03-26,9274
6533,晶心科,15,0,15,凱基-鳳山,2024-03-26,9274
00680L,元大美債20正2,17,2,15,凱基-鳳山,2024-03-26,9274
1506,正道,15,0,15,凱基-鳳山,2024-03-26,9274
2611,志信,17,2,15,凱基-鳳山,2024-03-26,9274
9921,巨大,20,5,15,凱基-鳳山,2024-03-26,9274
4979,華星光,15,1,14,凱基-鳳山,2024-03-26,9274
6163,華電網,53,39,14,凱基-鳳山,2024-03-26,9274
1608,華榮,45,31,14,凱基-鳳山,2024-03-26,9274
2409,友達,25,12,13,凱基-鳳山,2024-03-26,9274
00751B,元大AAA至A公司債,12,0,12,凱基-鳳山,2024-03-26,9274
00939,統一台灣高息動能,177,9,168,凱基-鳳山,2024-03-27,9274
2371,大同,176,89,87,凱基-鳳山,2024-03-27,9274
00937B,群益ESG投等債20,67,0,67,凱基-鳳山,2024-03-27,9274
00919,群益台灣精選高息,129,65,64,凱基-鳳山,2024-03-27,9274
6190,萬泰科,64,5,59,凱基-鳳山,2024-03-27,9274
6120,達運,50,0,50,凱基-鳳山,2024-03-27,9274
0056,元大高股息,61,11,50,凱基-鳳山,2024-03-27,9274
9958,世紀鋼,49,1,48,凱基-鳳山,2024-03-27,9274
2387,精元,61,15,46,凱基-鳳山,2024-03-27,9274
00924,復華S＆P500成長,40,0,40,凱基-鳳山,2024-03-27,9274
00679B,元大美債20年,46,10,36,凱基-鳳山,2024-03-27,9274
2913,農林,35,1,34,凱基-鳳山,2024-03-27,9274
2367,燿華,42,8,34,凱基-鳳山,2024-03-27,9274
3490,單井,36,3,33,凱基-鳳山,2024-03-27,9274
4533,協易機,103,72,31,凱基-鳳山,2024-03-27,9274
00929,復華台灣科技優息,70,43,27,凱基-鳳山,2024-03-27,9274
00712,復華富時不動產,25,0,25,凱基-鳳山,2024-03-27,9274
2356,英業達,51,26,25,凱基-鳳山,2024-03-27,9274
3047,訊舟,26,2,24,凱基-鳳山,2024-03-27,9274
6215,和椿,25,2,23,凱基-鳳山,2024-03-27,9274
6290,良維,372,349,23,凱基-鳳山,2024-03-27,9274
2301,光寶科,21,1,20,凱基-鳳山,2024-03-27,9274
2385,群光,21,1,20,凱基-鳳山,2024-03-27,9274
6844,諾貝兒,21,1,20,凱基-鳳山,2024-03-27,9274
3708,上緯投控,24,5,19,凱基-鳳山,2024-03-27,9274
1609,大亞,29,10,19,凱基-鳳山,2024-03-27,9274
00941,中信上游半導體,49,31,18,凱基-鳳山,2024-03-27,9274
3518,柏騰,18,0,18,凱基-鳳山,2024-03-27,9274
3059,華晶科,18,2,16,凱基-鳳山,2024-03-27,9274
2102,泰豐,16,0,16,凱基-鳳山,2024-03-27,9274
2850,新產,16,0,16,凱基-鳳山,2024-03-27,9274
00857B,永豐20年美公債,15,0,15,凱基-鳳山,2024-03-27,9274
1513,中興電,28,13,15,凱基-鳳山,2024-03-27,9274
2392,正崴,17,3,14,凱基-鳳山,2024-03-27,9274
3231,緯創,22,8,14,凱基-鳳山,2024-03-27,9274
5452,佶優,14,0,14,凱基-鳳山,2024-03-27,9274
8033,雷虎,17,3,14,凱基-鳳山,2024-03-27,9274
2330,台積電,13,0,13,凱基-鳳山,2024-03-27,9274
3376,新日興,14,1,13,凱基-鳳山,2024-03-27,9274
2388,威盛,14,2,12,凱基-鳳山,2024-03-27,9274
1301,台塑,11,0,11,凱基-鳳山,2024-03-27,9274
00720B,元大投資級公司債,10,0,10,凱基-鳳山,2024-03-27,9274
1446,宏和,10,0,10,凱基-鳳山,2024-03-27,9274
3312,弘憶股,28,18,10,凱基-鳳山,2024-03-27,9274
6160,欣技,10,0,10,凱基-鳳山,2024-03-27,9274
2884,玉山金,10,1,9,凱基-鳳山,2024-03-27,9274
2303,聯電,13,4,9,凱基-鳳山,2024-03-27,9274
2505,國揚,10,1,9,凱基-鳳山,2024-03-27,9274
6770,力積電,9,0,9,凱基-鳳山,2024-03-27,9274
2103,台橡,8,0,8,凱基-鳳山,2024-03-27,9274
2354,鴻準,356,233,123,凱基-鳳山,2024-03-28,9274
3481,群創,163,53,110,凱基-鳳山,2024-03-28,9274
2883,凱基金,103,8,95,凱基-鳳山,2024-03-28,9274
8033,雷虎,70,5,65,凱基-鳳山,2024-03-28,9274
6290,良維,279,215,64,凱基-鳳山,2024-03-28,9274
2387,精元,63,2,61,凱基-鳳山,2024-03-28,9274
2337,旺宏,58,0,58,凱基-鳳山,2024-03-28,9274
2102,泰豐,57,0,57,凱基-鳳山,2024-03-28,9274
1504,東元,94,49,45,凱基-鳳山,2024-03-28,9274
4533,協易機,163,119,44,凱基-鳳山,2024-03-28,9274
00939,統一台灣高息動能,155,113,42,凱基-鳳山,2024-03-28,9274
2406,國碩,43,2,41,凱基-鳳山,2024-03-28,9274
00857B,永豐20年美公債,34,0,34,凱基-鳳山,2024-03-28,9274
00919,群益台灣精選高息,121,87,34,凱基-鳳山,2024-03-28,9274
5515,建國,33,1,32,凱基-鳳山,2024-03-28,9274
00882,中信中國高股息,29,0,29,凱基-鳳山,2024-03-28,9274
6190,萬泰科,27,0,27,凱基-鳳山,2024-03-28,9274
3706,神達,35,9,26,凱基-鳳山,2024-03-28,9274
5498,凱崴,26,0,26,凱基-鳳山,2024-03-28,9274
00937B,群益ESG投等債20,24,2,22,凱基-鳳山,2024-03-28,9274
4526,東台,33,11,22,凱基-鳳山,2024-03-28,9274
2369,菱生,20,0,20,凱基-鳳山,2024-03-28,9274
3014,聯陽,57,38,19,凱基-鳳山,2024-03-28,9274
2301,光寶科,35,17,18,凱基-鳳山,2024-03-28,9274
4714,永捷,29,12,17,凱基-鳳山,2024-03-28,9274
4915,致伸,29,12,17,凱基-鳳山,2024-03-28,9274
2515,中工,63,46,17,凱基-鳳山,2024-03-28,9274
1785,光洋科,23,6,17,凱基-鳳山,2024-03-28,9274
1612,宏泰,16,0,16,凱基-鳳山,2024-03-28,9274
2547,日勝生,15,0,15,凱基-鳳山,2024-03-28,9274
00637L,元大滬深300正2,14,0,14,凱基-鳳山,2024-03-28,9274
2376,技嘉,14,1,13,凱基-鳳山,2024-03-28,9274
00941,中信上游半導體,13,0,13,凱基-鳳山,2024-03-28,9274
3490,單井,12,0,12,凱基-鳳山,2024-03-28,9274
3540,曜越,11,0,11,凱基-鳳山,2024-03-28,9274
00935,野村臺灣新科技50,13,2,11,凱基-鳳山,2024-03-28,9274
1316,上曜,13,2,11,凱基-鳳山,2024-03-28,9274
1725,元禎,12,1,11,凱基-鳳山,2024-03-28,9274
2913,農林,11,0,11,凱基-鳳山,2024-03-28,9274
5471,松翰,11,0,11,凱基-鳳山,2024-03-28,9274
6188,廣明,16,6,10,凱基-鳳山,2024-03-28,9274
1608,華榮,16,6,10,凱基-鳳山,2024-03-28,9274
2103,台橡,10,0,10,凱基-鳳山,2024-03-28,9274
3059,華晶科,10,0,10,凱基-鳳山,2024-03-28,9274
3141,晶宏,10,0,10,凱基-鳳山,2024-03-28,9274
6191,精成科,15,5,10,凱基-鳳山,2024-03-28,9274
6217,中探針,10,0,10,凱基-鳳山,2024-03-28,9274
6223,旺矽,10,0,10,凱基-鳳山,2024-03-28,9274
2303,聯電,16,6,10,凱基-鳳山,2024-03-28,9274
8936,國統,23,14,9,凱基-鳳山,2024-03-28,9274
3047,訊舟,601,462,139,凱基-鳳山,2024-03-29,9274
3481,群創,308,183,125,凱基-鳳山,2024-03-29,9274
2834,臺企銀,123,1,122,凱基-鳳山,2024-03-29,9274
2354,鴻準,159,108,51,凱基-鳳山,2024-03-29,9274
3706,神達,48,3,45,凱基-鳳山,2024-03-29,9274
2102,泰豐,44,0,44,凱基-鳳山,2024-03-29,9274
3376,新日興,54,16,38,凱基-鳳山,2024-03-29,9274
2324,仁寶,40,3,37,凱基-鳳山,2024-03-29,9274
5309,系統電,67,31,36,凱基-鳳山,2024-03-29,9274
2317,鴻海,59,23,36,凱基-鳳山,2024-03-29,9274
6443,元晶,36,1,35,凱基-鳳山,2024-03-29,9274
6216,居易,33,0,33,凱基-鳳山,2024-03-29,9274
2387,精元,30,0,30,凱基-鳳山,2024-03-29,9274
2542,興富發,30,1,29,凱基-鳳山,2024-03-29,9274
3490,單井,27,0,27,凱基-鳳山,2024-03-29,9274
3576,聯合再生,26,0,26,凱基-鳳山,2024-03-29,9274
6274,台燿,32,8,24,凱基-鳳山,2024-03-29,9274
4552,力達-KY,21,0,21,凱基-鳳山,2024-03-29,9274
2328,廣宇,24,4,20,凱基-鳳山,2024-03-29,9274
1524,耿鼎,20,0,20,凱基-鳳山,2024-03-29,9274
5515,建國,20,1,19,凱基-鳳山,2024-03-29,9274
2353,宏��,30,13,17,凱基-鳳山,2024-03-29,9274
6844,諾貝兒,16,0,16,凱基-鳳山,2024-03-29,9274
2323,中環,16,1,15,凱基-鳳山,2024-03-29,9274
3708,上緯投控,23,8,15,凱基-鳳山,2024-03-29,9274
4967,十銓,15,0,15,凱基-鳳山,2024-03-29,9274
9958,世紀鋼,17,2,15,凱基-鳳山,2024-03-29,9274
1609,大亞,17,5,12,凱基-鳳山,2024-03-29,9274
9904,寶成,27,15,12,凱基-鳳山,2024-03-29,9274
00673R,期元大S＆P原油反1,11,0,11,凱基-鳳山,2024-03-29,9274
4526,東台,16,5,11,凱基-鳳山,2024-03-29,9274
3005,神基,15,4,11,凱基-鳳山,2024-03-29,9274
2206,三陽工業,16,6,10,凱基-鳳山,2024-03-29,9274
00680L,元大美債20正2,11,1,10,凱基-鳳山,2024-03-29,9274
2505,國揚,10,0,10,凱基-鳳山,2024-03-29,9274
2886,兆豐金,10,0,10,凱基-鳳山,2024-03-29,9274
2903,遠百,10,0,10,凱基-鳳山,2024-03-29,9274
3390,旭軟,10,0,10,凱基-鳳山,2024-03-29,9274
8059,凱碩,10,0,10,凱基-鳳山,2024-03-29,9274
8069,元太,12,2,10,凱基-鳳山,2024-03-29,9274
1527,鑽全,10,0,10,凱基-鳳山,2024-03-29,9274
4572,駐龍,9,0,9,凱基-鳳山,2024-03-29,9274
5425,台半,10,1,9,凱基-鳳山,2024-03-29,9274
6147,頎邦,11,2,9,凱基-鳳山,2024-03-29,9274
6695,芯鼎,12,3,9,凱基-鳳山,2024-03-29,9274
8016,矽創,9,0,9,凱基-鳳山,2024-03-29,9274
2630,亞航,9,1,8,凱基-鳳山,2024-03-29,9274
6550,北極星藥業-KY,8,0,8,凱基-鳳山,2024-03-29,9274
8908,欣雄,8,0,8,凱基-鳳山,2024-03-29,9274
1815,富喬,15,8,7,凱基-鳳山,2024-03-29,9274
00940,元大台灣價值高息,1225,491,734,凱基-鳳山,2024-04-01,9274
00937B,群益ESG投等債20,135,2,133,凱基-鳳山,2024-04-01,9274
2891,中信金,78,1,77,凱基-鳳山,2024-04-01,9274
3481,群創,76,2,74,凱基-鳳山,2024-04-01,9274
3014,聯陽,56,1,55,凱基-鳳山,2024-04-01,9274
2603,長榮,67,15,52,凱基-鳳山,2024-04-01,9274
2331,精英,60,8,52,凱基-鳳山,2024-04-01,9274
2371,大同,60,9,51,凱基-鳳山,2024-04-01,9274
9958,世紀鋼,120,71,49,凱基-鳳山,2024-04-01,9274
2881,富邦金,38,0,38,凱基-鳳山,2024-04-01,9274
6753,龍德造船,34,1,33,凱基-鳳山,2024-04-01,9274
9105,泰金寶-DR,30,0,30,凱基-鳳山,2024-04-01,9274
2883,凱基金,34,5,29,凱基-鳳山,2024-04-01,9274
00687B,國泰20年美債,28,0,28,凱基-鳳山,2024-04-01,9274
1806,冠軍,21,0,21,凱基-鳳山,2024-04-01,9274
8068,全達,20,0,20,凱基-鳳山,2024-04-01,9274
00712,復華富時不動產,21,2,19,凱基-鳳山,2024-04-01,9274
2888,新光金,20,2,18,凱基-鳳山,2024-04-01,9274
3231,緯創,40,22,18,凱基-鳳山,2024-04-01,9274
2449,京元電子,25,8,17,凱基-鳳山,2024-04-01,9274
2365,昆盈,17,0,17,凱基-鳳山,2024-04-01,9274
2382,廣達,33,17,16,凱基-鳳山,2024-04-01,9274
3666,光耀,15,0,15,凱基-鳳山,2024-04-01,9274
5515,建國,15,0,15,凱基-鳳山,2024-04-01,9274
6216,居易,20,5,15,凱基-鳳山,2024-04-01,9274
00919,群益台灣精選高息,70,56,14,凱基-鳳山,2024-04-01,9274
3711,日月光投控,21,7,14,凱基-鳳山,2024-04-01,9274
00679B,元大美債20年,12,0,12,凱基-鳳山,2024-04-01,9274
2867,三商壽,12,0,12,凱基-鳳山,2024-04-01,9274
3047,訊舟,12,0,12,凱基-鳳山,2024-04-01,9274
2537,聯上發,11,0,11,凱基-鳳山,2024-04-01,9274
6187,萬潤,14,3,11,凱基-鳳山,2024-04-01,9274
00751B,元大AAA至A公司債,20,10,10,凱基-鳳山,2024-04-01,9274
00706L,期元大S＆P日圓正2,10,0,10,凱基-鳳山,2024-04-01,9274
00665L,富邦�琤肭磪囓�2,10,0,10,凱基-鳳山,2024-04-01,9274
1609,大亞,20,10,10,凱基-鳳山,2024-04-01,9274
2208,台船,10,0,10,凱基-鳳山,2024-04-01,9274
3312,弘憶股,12,2,10,凱基-鳳山,2024-04-01,9274
6133,金橋,10,0,10,凱基-鳳山,2024-04-01,9274
8476,台境*,10,0,10,凱基-鳳山,2024-04-01,9274
4562,穎漢,9,0,9,凱基-鳳山,2024-04-01,9274
8016,矽創,9,0,9,凱基-鳳山,2024-04-01,9274
8046,南電,17,8,9,凱基-鳳山,2024-04-01,9274
00941,中信上游半導體,28,20,8,凱基-鳳山,2024-04-01,9274
3090,日電貿,8,0,8,凱基-鳳山,2024-04-01,9274
3356,奇偶,15,7,8,凱基-鳳山,2024-04-01,9274
6719,力智,10,2,8,凱基-鳳山,2024-04-01,9274
8033,雷虎,18,10,8,凱基-鳳山,2024-04-01,9274
00939,統一台灣高息動能,18,11,7,凱基-鳳山,2024-04-01,9274
2353,宏��,10,3,7,凱基-鳳山,2024-04-01,9274
00940,元大台灣價值高息,419,207,212,凱基-鳳山,2024-04-02,9274
00929,復華台灣科技優息,146,17,129,凱基-鳳山,2024-04-02,9274
00937B,群益ESG投等債20,98,0,98,凱基-鳳山,2024-04-02,9274
2641,正德,89,1,88,凱基-鳳山,2024-04-02,9274
2883,凱基金,65,1,64,凱基-鳳山,2024-04-02,9274
6290,良維,111,57,54,凱基-鳳山,2024-04-02,9274
2413,環科,42,0,42,凱基-鳳山,2024-04-02,9274
00680L,元大美債20正2,40,0,40,凱基-鳳山,2024-04-02,9274
2542,興富發,40,3,37,凱基-鳳山,2024-04-02,9274
2515,中工,62,29,33,凱基-鳳山,2024-04-02,9274
3490,單井,31,0,31,凱基-鳳山,2024-04-02,9274
2408,南亞科,41,11,30,凱基-鳳山,2024-04-02,9274
3231,緯創,53,24,29,凱基-鳳山,2024-04-02,9274
2834,臺企銀,29,0,29,凱基-鳳山,2024-04-02,9274
00751B,元大AAA至A公司債,28,0,28,凱基-鳳山,2024-04-02,9274
00933B,國泰10Y+金融債,28,0,28,凱基-鳳山,2024-04-02,9274
3047,訊舟,28,0,28,凱基-鳳山,2024-04-02,9274
3622,洋華,33,5,28,凱基-鳳山,2024-04-02,9274
6188,廣明,32,4,28,凱基-鳳山,2024-04-02,9274
00632R,元大台灣50反1,30,3,27,凱基-鳳山,2024-04-02,9274
4714,永捷,27,0,27,凱基-鳳山,2024-04-02,9274
2387,精元,26,0,26,凱基-鳳山,2024-04-02,9274
2409,友達,26,1,25,凱基-鳳山,2024-04-02,9274
6274,台燿,43,18,25,凱基-鳳山,2024-04-02,9274
2324,仁寶,26,1,25,凱基-鳳山,2024-04-02,9274
3450,聯鈞,25,1,24,凱基-鳳山,2024-04-02,9274
2356,英業達,29,5,24,凱基-鳳山,2024-04-02,9274
3715,定穎投控,26,4,22,凱基-鳳山,2024-04-02,9274
00919,群益台灣精選高息,28,6,22,凱基-鳳山,2024-04-02,9274
5309,系統電,31,10,21,凱基-鳳山,2024-04-02,9274
00720B,元大投資級公司債,20,0,20,凱基-鳳山,2024-04-02,9274
2354,鴻準,28,8,20,凱基-鳳山,2024-04-02,9274
2371,大同,24,4,20,凱基-鳳山,2024-04-02,9274
2906,高林,20,0,20,凱基-鳳山,2024-04-02,9274
3062,建漢,20,0,20,凱基-鳳山,2024-04-02,9274
2603,長榮,47,29,18,凱基-鳳山,2024-04-02,9274
8069,元太,20,2,18,凱基-鳳山,2024-04-02,9274
2867,三商壽,18,0,18,凱基-鳳山,2024-04-02,9274
2537,聯上發,30,13,17,凱基-鳳山,2024-04-02,9274
3260,威剛,17,0,17,凱基-鳳山,2024-04-02,9274
6288,聯嘉,41,24,17,凱基-鳳山,2024-04-02,9274
8064,東捷,17,1,16,凱基-鳳山,2024-04-02,9274
00687B,國泰20年美債,30,15,15,凱基-鳳山,2024-04-02,9274
00679B,元大美債20年,13,0,13,凱基-鳳山,2024-04-02,9274
8996,高力,15,2,13,凱基-鳳山,2024-04-02,9274
2344,華邦電,24,11,13,凱基-鳳山,2024-04-02,9274
2367,燿華,15,2,13,凱基-鳳山,2024-04-02,9274
3037,欣興,14,1,13,凱基-鳳山,2024-04-02,9274
8358,金居,24,11,13,凱基-鳳山,2024-04-02,9274
6414,樺漢,13,0,13,凱基-鳳山,2024-04-02,9274
3481,群創,511,1,510,凱基-鳳山,2024-04-03,9274
00929,復華台灣科技優息,219,12,207,凱基-鳳山,2024-04-03,9274
2002,中鋼,128,14,114,凱基-鳳山,2024-04-03,9274
00940,元大台灣價值高息,252,143,109,凱基-鳳山,2024-04-03,9274
2881,富邦金,87,2,85,凱基-鳳山,2024-04-03,9274
5443,均豪,100,17,83,凱基-鳳山,2024-04-03,9274
00679B,元大美債20年,64,0,64,凱基-鳳山,2024-04-03,9274
1802,台玻,60,1,59,凱基-鳳山,2024-04-03,9274
6285,啟��,59,0,59,凱基-鳳山,2024-04-03,9274
3047,訊舟,54,0,54,凱基-鳳山,2024-04-03,9274
00878,國泰永續高股息,57,4,53,凱基-鳳山,2024-04-03,9274
2387,精元,60,12,48,凱基-鳳山,2024-04-03,9274
00933B,國泰10Y+金融債,49,6,43,凱基-鳳山,2024-04-03,9274
2376,技嘉,37,6,31,凱基-鳳山,2024-04-03,9274
2354,鴻準,46,15,31,凱基-鳳山,2024-04-03,9274
00665L,富邦�琤肭磪囓�2,204,174,30,凱基-鳳山,2024-04-03,9274
6188,廣明,31,2,29,凱基-鳳山,2024-04-03,9274
1467,南緯,28,0,28,凱基-鳳山,2024-04-03,9274
2516,新建,28,0,28,凱基-鳳山,2024-04-03,9274
2382,廣達,30,2,28,凱基-鳳山,2024-04-03,9274
2891,中信金,27,2,25,凱基-鳳山,2024-04-03,9274
1609,大亞,27,2,25,凱基-鳳山,2024-04-03,9274
2501,國建,23,0,23,凱基-鳳山,2024-04-03,9274
2102,泰豐,22,0,22,凱基-鳳山,2024-04-03,9274
2603,長榮,49,28,21,凱基-鳳山,2024-04-03,9274
2014,中鴻,35,15,20,凱基-鳳山,2024-04-03,9274
00687B,國泰20年美債,20,0,20,凱基-鳳山,2024-04-03,9274
00936,台新永續高息中小,20,0,20,凱基-鳳山,2024-04-03,9274
2882,國泰金,21,2,19,凱基-鳳山,2024-04-03,9274
2308,台達電,20,1,19,凱基-鳳山,2024-04-03,9274
2537,聯上發,29,10,19,凱基-鳳山,2024-04-03,9274
3325,旭品,18,0,18,凱基-鳳山,2024-04-03,9274
00751B,元大AAA至A公司債,17,0,17,凱基-鳳山,2024-04-03,9274
2520,冠德,18,1,17,凱基-鳳山,2024-04-03,9274
2618,長榮航,18,1,17,凱基-鳳山,2024-04-03,9274
2885,元大金,20,3,17,凱基-鳳山,2024-04-03,9274
2353,宏��,16,0,16,凱基-鳳山,2024-04-03,9274
2365,昆盈,17,1,16,凱基-鳳山,2024-04-03,9274
2486,一詮,67,53,14,凱基-鳳山,2024-04-03,9274
0056,元大高股息,13,0,13,凱基-鳳山,2024-04-03,9274
00673R,期元大S＆P原油反1,13,0,13,凱基-鳳山,2024-04-03,9274
00680L,元大美債20正2,22,10,12,凱基-鳳山,2024-04-03,9274
2610,華航,12,0,12,凱基-鳳山,2024-04-03,9274
6112,邁達特,12,0,12,凱基-鳳山,2024-04-03,9274
6269,台郡,12,0,12,凱基-鳳山,2024-04-03,9274
00712,復華富時不動產,43,31,12,凱基-鳳山,2024-04-03,9274
6187,萬潤,13,2,11,凱基-鳳山,2024-04-03,9274
2884,玉山金,16,5,11,凱基-鳳山,2024-04-03,9274
1612,宏泰,11,0,11,凱基-鳳山,2024-04-03,9274
3545,敦泰,11,0,11,凱基-鳳山,2024-04-03,9274
00680L,元大美債20正2,193,0,193,凱基-鳳山,2024-04-08,9274
2881,富邦金,123,0,123,凱基-鳳山,2024-04-08,9274
00940,元大台灣價值高息,382,272,110,凱基-鳳山,2024-04-08,9274
00933B,國泰10Y+金融債,87,0,87,凱基-鳳山,2024-04-08,9274
00929,復華台灣科技優息,89,10,79,凱基-鳳山,2024-04-08,9274
00753L,中信中國50正2,61,0,61,凱基-鳳山,2024-04-08,9274
6290,良維,109,50,59,凱基-鳳山,2024-04-08,9274
00679B,元大美債20年,56,0,56,凱基-鳳山,2024-04-08,9274
2371,大同,58,3,55,凱基-鳳山,2024-04-08,9274
2102,泰豐,53,0,53,凱基-鳳山,2024-04-08,9274
00687B,國泰20年美債,41,5,36,凱基-鳳山,2024-04-08,9274
6166,凌華,40,4,36,凱基-鳳山,2024-04-08,9274
9907,統一實,35,0,35,凱基-鳳山,2024-04-08,9274
2354,鴻準,32,1,31,凱基-鳳山,2024-04-08,9274
2495,普安,31,0,31,凱基-鳳山,2024-04-08,9274
6112,邁達特,30,0,30,凱基-鳳山,2024-04-08,9274
00637L,元大滬深300正2,30,0,30,凱基-鳳山,2024-04-08,9274
00712,復華富時不動產,56,26,30,凱基-鳳山,2024-04-08,9274
5521,工信,24,0,24,凱基-鳳山,2024-04-08,9274
00919,群益台灣精選高息,60,37,23,凱基-鳳山,2024-04-08,9274
00939,統一台灣高息動能,23,2,21,凱基-鳳山,2024-04-08,9274
2331,精英,20,1,19,凱基-鳳山,2024-04-08,9274
2610,華航,20,1,19,凱基-鳳山,2024-04-08,9274
2323,中環,20,3,17,凱基-鳳山,2024-04-08,9274
3231,緯創,47,30,17,凱基-鳳山,2024-04-08,9274
00673R,期元大S＆P原油反1,16,0,16,凱基-鳳山,2024-04-08,9274
3047,訊舟,15,0,15,凱基-鳳山,2024-04-08,9274
8016,矽創,21,6,15,凱基-鳳山,2024-04-08,9274
8064,東捷,21,6,15,凱基-鳳山,2024-04-08,9274
3450,聯鈞,20,5,15,凱基-鳳山,2024-04-08,9274
2618,長榮航,17,3,14,凱基-鳳山,2024-04-08,9274
2534,宏盛,14,0,14,凱基-鳳山,2024-04-08,9274
00857B,永豐20年美公債,13,0,13,凱基-鳳山,2024-04-08,9274
6844,諾貝兒,14,1,13,凱基-鳳山,2024-04-08,9274
2504,國產,13,1,12,凱基-鳳山,2024-04-08,9274
2888,新光金,12,0,12,凱基-鳳山,2024-04-08,9274
2516,新建,11,0,11,凱基-鳳山,2024-04-08,9274
4908,前鼎,11,0,11,凱基-鳳山,2024-04-08,9274
2382,廣達,15,5,10,凱基-鳳山,2024-04-08,9274
1504,東元,13,3,10,凱基-鳳山,2024-04-08,9274
1711,永光,10,0,10,凱基-鳳山,2024-04-08,9274
2352,佳世達,10,0,10,凱基-鳳山,2024-04-08,9274
3305,昇貿,10,0,10,凱基-鳳山,2024-04-08,9274
3376,新日興,11,1,10,凱基-鳳山,2024-04-08,9274
3512,皇龍,11,1,10,凱基-鳳山,2024-04-08,9274
5443,均豪,34,24,10,凱基-鳳山,2024-04-08,9274
5531,鄉林,10,0,10,凱基-鳳山,2024-04-08,9274
8215,明基材,10,0,10,凱基-鳳山,2024-04-08,9274
00720B,元大投資級公司債,9,0,9,凱基-鳳山,2024-04-08,9274
00772B,中信高評級公司債,10,1,9,凱基-鳳山,2024-04-08,9274
00937B,群益ESG投等債20,242,33,209,凱基-鳳山,2024-04-09,9274
00929,復華台灣科技優息,150,28,122,凱基-鳳山,2024-04-09,9274
00712,復華富時不動產,82,1,81,凱基-鳳山,2024-04-09,9274
2354,鴻準,169,120,49,凱基-鳳山,2024-04-09,9274
6288,聯嘉,62,18,44,凱基-鳳山,2024-04-09,9274
6290,良維,238,195,43,凱基-鳳山,2024-04-09,9274
3231,緯創,67,32,35,凱基-鳳山,2024-04-09,9274
2102,泰豐,33,0,33,凱基-鳳山,2024-04-09,9274
1618,合機,42,11,31,凱基-鳳山,2024-04-09,9274
2368,金像電,32,1,31,凱基-鳳山,2024-04-09,9274
2328,廣宇,30,3,27,凱基-鳳山,2024-04-09,9274
00679B,元大美債20年,30,6,24,凱基-鳳山,2024-04-09,9274
2317,鴻海,54,33,21,凱基-鳳山,2024-04-09,9274
1316,上曜,26,5,21,凱基-鳳山,2024-04-09,9274
00632R,元大台灣50反1,20,0,20,凱基-鳳山,2024-04-09,9274
2867,三商壽,24,5,19,凱基-鳳山,2024-04-09,9274
00941,中信上游半導體,31,13,18,凱基-鳳山,2024-04-09,9274
2374,佳能,29,12,17,凱基-鳳山,2024-04-09,9274
6207,雷科,35,20,15,凱基-鳳山,2024-04-09,9274
00933B,國泰10Y+金融債,17,2,15,凱基-鳳山,2024-04-09,9274
1720,生達,15,0,15,凱基-鳳山,2024-04-09,9274
5340,建榮,15,0,15,凱基-鳳山,2024-04-09,9274
8111,立��,15,0,15,凱基-鳳山,2024-04-09,9274
6188,廣明,20,6,14,凱基-鳳山,2024-04-09,9274
8112,至上,46,32,14,凱基-鳳山,2024-04-09,9274
00751B,元大AAA至A公司債,14,0,14,凱基-鳳山,2024-04-09,9274
1612,宏泰,31,18,13,凱基-鳳山,2024-04-09,9274
00720B,元大投資級公司債,13,0,13,凱基-鳳山,2024-04-09,9274
00673R,期元大S＆P原油反1,13,0,13,凱基-鳳山,2024-04-09,9274
1101,台泥,15,2,13,凱基-鳳山,2024-04-09,9274
3312,弘憶股,14,1,13,凱基-鳳山,2024-04-09,9274
5213,亞昕,13,0,13,凱基-鳳山,2024-04-09,9274
00670L,富邦NASDAQ正2,12,0,12,凱基-鳳山,2024-04-09,9274
2376,技嘉,20,8,12,凱基-鳳山,2024-04-09,9274
2417,圓剛,12,0,12,凱基-鳳山,2024-04-09,9274
4543,萬在,31,19,12,凱基-鳳山,2024-04-09,9274
6844,諾貝兒,13,1,12,凱基-鳳山,2024-04-09,9274
1785,光洋科,11,0,11,凱基-鳳山,2024-04-09,9274
2365,昆盈,17,6,11,凱基-鳳山,2024-04-09,9274
2498,宏達電,11,0,11,凱基-鳳山,2024-04-09,9274
2501,國建,11,0,11,凱基-鳳山,2024-04-09,9274
6170,統振,11,0,11,凱基-鳳山,2024-04-09,9274
00918,大華優利高填息30,10,0,10,凱基-鳳山,2024-04-09,9274
00909,國泰數位支付服務,10,0,10,凱基-鳳山,2024-04-09,9274
2010,春源,11,1,10,凱基-鳳山,2024-04-09,9274
3437,榮創,10,0,10,凱基-鳳山,2024-04-09,9274
4716,大立,10,0,10,凱基-鳳山,2024-04-09,9274
4934,太極,10,0,10,凱基-鳳山,2024-04-09,9274
6015,宏遠證,10,0,10,凱基-鳳山,2024-04-09,9274
6875,國邑*,10,0,10,凱基-鳳山,2024-04-09,9274
3481,群創,929,157,772,凱基-鳳山,2024-04-10,9274
8096,擎亞,508,272,236,凱基-鳳山,2024-04-10,9274
00940,元大台灣價值高息,169,41,128,凱基-鳳山,2024-04-10,9274
2374,佳能,121,11,110,凱基-鳳山,2024-04-10,9274
2340,台亞,106,5,101,凱基-鳳山,2024-04-10,9274
2427,三商電,143,74,69,凱基-鳳山,2024-04-10,9274
1101,台泥,61,1,60,凱基-鳳山,2024-04-10,9274
2867,三商壽,60,0,60,凱基-鳳山,2024-04-10,9274
2387,精元,63,4,59,凱基-鳳山,2024-04-10,9274
00941,中信上游半導體,53,0,53,凱基-鳳山,2024-04-10,9274
6016,康和證,51,0,51,凱基-鳳山,2024-04-10,9274
2883,凱基金,40,2,38,凱基-鳳山,2024-04-10,9274
2888,新光金,40,4,36,凱基-鳳山,2024-04-10,9274
2329,華泰,71,37,34,凱基-鳳山,2024-04-10,9274
6244,茂迪,34,1,33,凱基-鳳山,2024-04-10,9274
2515,中工,99,67,32,凱基-鳳山,2024-04-10,9274
00936,台新永續高息中小,30,0,30,凱基-鳳山,2024-04-10,9274
3289,宜特,30,0,30,凱基-鳳山,2024-04-10,9274
2014,中鴻,33,4,29,凱基-鳳山,2024-04-10,9274
2367,燿華,29,4,25,凱基-鳳山,2024-04-10,9274
5340,建榮,25,0,25,凱基-鳳山,2024-04-10,9274
00712,復華富時不動產,29,5,24,凱基-鳳山,2024-04-10,9274
3576,聯合再生,30,6,24,凱基-鳳山,2024-04-10,9274
2002,中鋼,25,2,23,凱基-鳳山,2024-04-10,9274
00929,復華台灣科技優息,29,7,22,凱基-鳳山,2024-04-10,9274
00882,中信中國高股息,21,0,21,凱基-鳳山,2024-04-10,9274
2887,台新金,21,0,21,凱基-鳳山,2024-04-10,9274
2027,大成鋼,20,0,20,凱基-鳳山,2024-04-10,9274
6753,龍德造船,33,13,20,凱基-鳳山,2024-04-10,9274
2882,國泰金,20,0,20,凱基-鳳山,2024-04-10,9274
2486,一詮,40,22,18,凱基-鳳山,2024-04-10,9274
6274,台燿,23,5,18,凱基-鳳山,2024-04-10,9274
2356,英業達,31,13,18,凱基-鳳山,2024-04-10,9274
2408,南亞科,18,1,17,凱基-鳳山,2024-04-10,9274
1513,中興電,33,16,17,凱基-鳳山,2024-04-10,9274
00918,大華優利高填息30,16,0,16,凱基-鳳山,2024-04-10,9274
1536,和大,22,6,16,凱基-鳳山,2024-04-10,9274
3402,漢科,20,4,16,凱基-鳳山,2024-04-10,9274
6005,群益證,15,0,15,凱基-鳳山,2024-04-10,9274
1605,華新,29,14,15,凱基-鳳山,2024-04-10,9274
6207,雷科,15,1,14,凱基-鳳山,2024-04-10,9274
2316,楠梓電,16,4,12,凱基-鳳山,2024-04-10,9274
3062,建漢,12,0,12,凱基-鳳山,2024-04-10,9274
6186,新潤,12,0,12,凱基-鳳山,2024-04-10,9274
1808,潤隆,11,0,11,凱基-鳳山,2024-04-10,9274
1503,士電,18,7,11,凱基-鳳山,2024-04-10,9274
1789,神隆,11,0,11,凱基-鳳山,2024-04-10,9274
2102,泰豐,11,0,11,凱基-鳳山,2024-04-10,9274
2417,圓剛,11,0,11,凱基-鳳山,2024-04-10,9274
3176,基亞,11,0,11,凱基-鳳山,2024-04-10,9274
00680L,元大美債20正2,233,5,228,凱基-鳳山,2024-04-11,9274
00712,復華富時不動產,73,1,72,凱基-鳳山,2024-04-11,9274
00929,復華台灣科技優息,65,0,65,凱基-鳳山,2024-04-11,9274
3060,銘異,63,1,62,凱基-鳳山,2024-04-11,9274
2607,榮運,61,0,61,凱基-鳳山,2024-04-11,9274
2881,富邦金,62,8,54,凱基-鳳山,2024-04-11,9274
3372,典範,51,0,51,凱基-鳳山,2024-04-11,9274
2317,鴻海,109,63,46,凱基-鳳山,2024-04-11,9274
00937B,群益ESG投等債20,45,0,45,凱基-鳳山,2024-04-11,9274
2409,友達,40,0,40,凱基-鳳山,2024-04-11,9274
00679B,元大美債20年,39,0,39,凱基-鳳山,2024-04-11,9274
00940,元大台灣價值高息,84,45,39,凱基-鳳山,2024-04-11,9274
2515,中工,37,2,35,凱基-鳳山,2024-04-11,9274
2354,鴻準,36,4,32,凱基-鳳山,2024-04-11,9274
2605,新興,39,7,32,凱基-鳳山,2024-04-11,9274
00753L,中信中國50正2,30,0,30,凱基-鳳山,2024-04-11,9274
00751B,元大AAA至A公司債,30,0,30,凱基-鳳山,2024-04-11,9274
2313,華通,30,1,29,凱基-鳳山,2024-04-11,9274
2382,廣達,31,2,29,凱基-鳳山,2024-04-11,9274
3231,緯創,38,12,26,凱基-鳳山,2024-04-11,9274
4714,永捷,28,3,25,凱基-鳳山,2024-04-11,9274
8096,擎亞,293,269,24,凱基-鳳山,2024-04-11,9274
1101,台泥,39,16,23,凱基-鳳山,2024-04-11,9274
00941,中信上游半導體,30,8,22,凱基-鳳山,2024-04-11,9274
00919,群益台灣精選高息,31,9,22,凱基-鳳山,2024-04-11,9274
2329,華泰,38,16,22,凱基-鳳山,2024-04-11,9274
2371,大同,41,20,21,凱基-鳳山,2024-04-11,9274
2417,圓剛,21,0,21,凱基-鳳山,2024-04-11,9274
6844,諾貝兒,21,0,21,凱基-鳳山,2024-04-11,9274
1314,中石化,20,0,20,凱基-鳳山,2024-04-11,9274
1584,精剛,20,0,20,凱基-鳳山,2024-04-11,9274
00687B,國泰20年美債,20,1,19,凱基-鳳山,2024-04-11,9274
2406,國碩,75,57,18,凱基-鳳山,2024-04-11,9274
00637L,元大滬深300正2,30,13,17,凱基-鳳山,2024-04-11,9274
00927,群益半導體收益,17,0,17,凱基-鳳山,2024-04-11,9274
2387,精元,18,1,17,凱基-鳳山,2024-04-11,9274
3013,晟銘電,40,23,17,凱基-鳳山,2024-04-11,9274
1608,華榮,30,15,15,凱基-鳳山,2024-04-11,9274
2495,普安,15,0,15,凱基-鳳山,2024-04-11,9274
8033,雷虎,15,1,14,凱基-鳳山,2024-04-11,9274
1605,華新,18,5,13,凱基-鳳山,2024-04-11,9274
00673R,期元大S＆P原油反1,13,0,13,凱基-鳳山,2024-04-11,9274
00795B,中信美國公債20年,12,0,12,凱基-鳳山,2024-04-11,9274
2509,全坤建,13,1,12,凱基-鳳山,2024-04-11,9274
4133,亞諾法,12,0,12,凱基-鳳山,2024-04-11,9274
00857B,永豐20年美公債,11,0,11,凱基-鳳山,2024-04-11,9274
3615,安可,12,1,11,凱基-鳳山,2024-04-11,9274
6215,和椿,11,0,11,凱基-鳳山,2024-04-11,9274
3021,鴻名,11,0,11,凱基-鳳山,2024-04-11,9274
5521,工信,12,2,10,凱基-鳳山,2024-04-11,9274
00687B,國泰20年美債,120,10,110,凱基-鳳山,2024-04-12,9274
6216,居易,82,2,80,凱基-鳳山,2024-04-12,9274
2353,宏��,104,33,71,凱基-鳳山,2024-04-12,9274
00933B,國泰10Y+金融債,67,0,67,凱基-鳳山,2024-04-12,9274
00753L,中信中國50正2,65,0,65,凱基-鳳山,2024-04-12,9274
2883,凱基金,67,5,62,凱基-鳳山,2024-04-12,9274
6844,諾貝兒,57,0,57,凱基-鳳山,2024-04-12,9274
2323,中環,50,0,50,凱基-鳳山,2024-04-12,9274
00929,復華台灣科技優息,51,2,49,凱基-鳳山,2024-04-12,9274
00878,國泰永續高股息,50,2,48,凱基-鳳山,2024-04-12,9274
00937B,群益ESG投等債20,63,15,48,凱基-鳳山,2024-04-12,9274
00940,元大台灣價值高息,90,44,46,凱基-鳳山,2024-04-12,9274
00679B,元大美債20年,75,29,46,凱基-鳳山,2024-04-12,9274
2002,中鋼,53,9,44,凱基-鳳山,2024-04-12,9274
2014,中鴻,44,1,43,凱基-鳳山,2024-04-12,9274
2882,國泰金,42,0,42,凱基-鳳山,2024-04-12,9274
1101,台泥,72,30,42,凱基-鳳山,2024-04-12,9274
2889,國票金,40,0,40,凱基-鳳山,2024-04-12,9274
3615,安可,43,5,38,凱基-鳳山,2024-04-12,9274
1608,華榮,62,25,37,凱基-鳳山,2024-04-12,9274
3059,華晶科,68,32,36,凱基-鳳山,2024-04-12,9274
2506,太設,32,0,32,凱基-鳳山,2024-04-12,9274
2344,華邦電,33,4,29,凱基-鳳山,2024-04-12,9274
00919,群益台灣精選高息,38,15,23,凱基-鳳山,2024-04-12,9274
5340,建榮,23,1,22,凱基-鳳山,2024-04-12,9274
2363,矽統,213,191,22,凱基-鳳山,2024-04-12,9274
2891,中信金,21,0,21,凱基-鳳山,2024-04-12,9274
1301,台塑,21,0,21,凱基-鳳山,2024-04-12,9274
2888,新光金,21,0,21,凱基-鳳山,2024-04-12,9274
1303,南亞,20,0,20,凱基-鳳山,2024-04-12,9274
00665L,富邦�琤肭磪囓�2,162,142,20,凱基-鳳山,2024-04-12,9274
2108,南帝,20,0,20,凱基-鳳山,2024-04-12,9274
2314,台揚,20,0,20,凱基-鳳山,2024-04-12,9274
1605,華新,31,12,19,凱基-鳳山,2024-04-12,9274
6753,龍德造船,19,1,18,凱基-鳳山,2024-04-12,9274
8150,南茂,17,0,17,凱基-鳳山,2024-04-12,9274
00680L,元大美債20正2,35,20,15,凱基-鳳山,2024-04-12,9274
1617,榮星,15,0,15,凱基-鳳山,2024-04-12,9274
2610,華航,21,6,15,凱基-鳳山,2024-04-12,9274
2382,廣達,20,6,14,凱基-鳳山,2024-04-12,9274
2736,富野,16,2,14,凱基-鳳山,2024-04-12,9274
3450,聯鈞,15,1,14,凱基-鳳山,2024-04-12,9274
2537,聯上發,36,23,13,凱基-鳳山,2024-04-12,9274
2887,台新金,13,0,13,凱基-鳳山,2024-04-12,9274
3176,基亞,13,0,13,凱基-鳳山,2024-04-12,9274
6274,台燿,20,7,13,凱基-鳳山,2024-04-12,9274
5251,天鉞電,12,0,12,凱基-鳳山,2024-04-12,9274
0056,元大高股息,12,1,11,凱基-鳳山,2024-04-12,9274
00673R,期元大S＆P原油反1,10,0,10,凱基-鳳山,2024-04-12,9274
1528,恩德,10,0,10,凱基-鳳山,2024-04-12,9274
6290,良維,1288,1038,250,凱基-鳳山,2024-04-15,9274
00929,復華台灣科技優息,260,21,239,凱基-鳳山,2024-04-15,9274
3481,群創,225,16,209,凱基-鳳山,2024-04-15,9274
4960,誠美材,187,0,187,凱基-鳳山,2024-04-15,9274
00933B,國泰10Y+金融債,177,0,177,凱基-鳳山,2024-04-15,9274
00937B,群益ESG投等債20,119,5,114,凱基-鳳山,2024-04-15,9274
00940,元大台灣價值高息,140,43,97,凱基-鳳山,2024-04-15,9274
1605,華新,132,39,93,凱基-鳳山,2024-04-15,9274
2387,精元,68,2,66,凱基-鳳山,2024-04-15,9274
2371,大同,166,101,65,凱基-鳳山,2024-04-15,9274
2514,龍邦,61,1,60,凱基-鳳山,2024-04-15,9274
2883,凱基金,71,14,57,凱基-鳳山,2024-04-15,9274
2337,旺宏,53,0,53,凱基-鳳山,2024-04-15,9274
8011,台通,72,20,52,凱基-鳳山,2024-04-15,9274
8096,擎亞,53,1,52,凱基-鳳山,2024-04-15,9274
2344,華邦電,46,1,45,凱基-鳳山,2024-04-15,9274
3231,緯創,59,20,39,凱基-鳳山,2024-04-15,9274
2303,聯電,44,6,38,凱基-鳳山,2024-04-15,9274
2354,鴻準,40,3,37,凱基-鳳山,2024-04-15,9274
00878,國泰永續高股息,48,11,37,凱基-鳳山,2024-04-15,9274
6216,居易,37,0,37,凱基-鳳山,2024-04-15,9274
3047,訊舟,41,5,36,凱基-鳳山,2024-04-15,9274
6770,力積電,33,0,33,凱基-鳳山,2024-04-15,9274
2881,富邦金,33,1,32,凱基-鳳山,2024-04-15,9274
3081,聯亞,31,0,31,凱基-鳳山,2024-04-15,9274
6197,佳必琪,29,0,29,凱基-鳳山,2024-04-15,9274
2009,第一銅,34,8,26,凱基-鳳山,2024-04-15,9274
2313,華通,28,3,25,凱基-鳳山,2024-04-15,9274
00753L,中信中國50正2,265,240,25,凱基-鳳山,2024-04-15,9274
9958,世紀鋼,30,6,24,凱基-鳳山,2024-04-15,9274
3060,銘異,24,1,23,凱基-鳳山,2024-04-15,9274
2317,鴻海,46,23,23,凱基-鳳山,2024-04-15,9274
2369,菱生,27,4,23,凱基-鳳山,2024-04-15,9274
2388,威盛,32,10,22,凱基-鳳山,2024-04-15,9274
1612,宏泰,54,33,21,凱基-鳳山,2024-04-15,9274
6239,力成,21,1,20,凱基-鳳山,2024-04-15,9274
2314,台揚,20,0,20,凱基-鳳山,2024-04-15,9274
2367,燿華,42,23,19,凱基-鳳山,2024-04-15,9274
2609,陽明,53,34,19,凱基-鳳山,2024-04-15,9274
00927,群益半導體收益,19,0,19,凱基-鳳山,2024-04-15,9274
1609,大亞,68,50,18,凱基-鳳山,2024-04-15,9274
3615,安可,38,21,17,凱基-鳳山,2024-04-15,9274
3617,碩天,17,0,17,凱基-鳳山,2024-04-15,9274
9105,泰金寶-DR,17,0,17,凱基-鳳山,2024-04-15,9274
0056,元大高股息,27,11,16,凱基-鳳山,2024-04-15,9274
00939,統一台灣高息動能,26,10,16,凱基-鳳山,2024-04-15,9274
2014,中鴻,16,0,16,凱基-鳳山,2024-04-15,9274
2607,榮運,74,58,16,凱基-鳳山,2024-04-15,9274
2330,台積電,15,0,15,凱基-鳳山,2024-04-15,9274
2506,太設,15,0,15,凱基-鳳山,2024-04-15,9274
00940,元大台灣價值高息,438,40,398,凱基-鳳山,2024-04-16,9274
00632R,元大台灣50反1,427,68,359,凱基-鳳山,2024-04-16,9274
6290,良維,567,239,328,凱基-鳳山,2024-04-16,9274
00929,復華台灣科技優息,268,73,195,凱基-鳳山,2024-04-16,9274
00939,統一台灣高息動能,196,15,181,凱基-鳳山,2024-04-16,9274
00680L,元大美債20正2,172,3,169,凱基-鳳山,2024-04-16,9274
00937B,群益ESG投等債20,117,0,117,凱基-鳳山,2024-04-16,9274
2610,華航,101,1,100,凱基-鳳山,2024-04-16,9274
00878,國泰永續高股息,87,3,84,凱基-鳳山,2024-04-16,9274
2014,中鴻,78,2,76,凱基-鳳山,2024-04-16,9274
2891,中信金,87,18,69,凱基-鳳山,2024-04-16,9274
6190,萬泰科,55,0,55,凱基-鳳山,2024-04-16,9274
2408,南亞科,65,10,55,凱基-鳳山,2024-04-16,9274
2344,華邦電,51,0,51,凱基-鳳山,2024-04-16,9274
8085,福華,50,0,50,凱基-鳳山,2024-04-16,9274
2883,凱基金,103,56,47,凱基-鳳山,2024-04-16,9274
9958,世紀鋼,50,10,40,凱基-鳳山,2024-04-16,9274
2890,永豐金,41,1,40,凱基-鳳山,2024-04-16,9274
2882,國泰金,74,35,39,凱基-鳳山,2024-04-16,9274
2317,鴻海,129,91,38,凱基-鳳山,2024-04-16,9274
2371,大同,158,121,37,凱基-鳳山,2024-04-16,9274
5880,合庫金,36,0,36,凱基-鳳山,2024-04-16,9274
1609,大亞,109,73,36,凱基-鳳山,2024-04-16,9274
1616,億泰,40,5,35,凱基-鳳山,2024-04-16,9274
2888,新光金,38,3,35,凱基-鳳山,2024-04-16,9274
00712,復華富時不動產,33,0,33,凱基-鳳山,2024-04-16,9274
8121,越峰,32,0,32,凱基-鳳山,2024-04-16,9274
6197,佳必琪,32,0,32,凱基-鳳山,2024-04-16,9274
2303,聯電,34,5,29,凱基-鳳山,2024-04-16,9274
3312,弘憶股,47,19,28,凱基-鳳山,2024-04-16,9274
2887,台新金,30,5,25,凱基-鳳山,2024-04-16,9274
2002,中鋼,25,0,25,凱基-鳳山,2024-04-16,9274
4564,元翎,25,0,25,凱基-鳳山,2024-04-16,9274
2367,燿華,43,18,25,凱基-鳳山,2024-04-16,9274
00941,中信上游半導體,30,6,24,凱基-鳳山,2024-04-16,9274
1617,榮星,28,7,21,凱基-鳳山,2024-04-16,9274
2208,台船,21,0,21,凱基-鳳山,2024-04-16,9274
9105,泰金寶-DR,21,0,21,凱基-鳳山,2024-04-16,9274
00891,中信關鍵半導體,38,17,21,凱基-鳳山,2024-04-16,9274
2457,飛宏,22,2,20,凱基-鳳山,2024-04-16,9274
00751B,元大AAA至A公司債,19,0,19,凱基-鳳山,2024-04-16,9274
00933B,國泰10Y+金融債,24,6,18,凱基-鳳山,2024-04-16,9274
2331,精英,18,0,18,凱基-鳳山,2024-04-16,9274
2009,第一銅,33,16,17,凱基-鳳山,2024-04-16,9274
2498,宏達電,22,6,16,凱基-鳳山,2024-04-16,9274
00688L,國泰20年美債正2,15,0,15,凱基-鳳山,2024-04-16,9274
1314,中石化,15,0,15,凱基-鳳山,2024-04-16,9274
1587,吉茂,15,0,15,凱基-鳳山,2024-04-16,9274
00733,富邦臺灣中小,14,0,14,凱基-鳳山,2024-04-16,9274
2605,新興,14,0,14,凱基-鳳山,2024-04-16,9274
00937B,群益ESG投等債20,245,0,245,凱基-鳳山,2024-04-17,9274
2537,聯上發,241,14,227,凱基-鳳山,2024-04-17,9274
00919,群益台灣精選高息,231,19,212,凱基-鳳山,2024-04-17,9274
00940,元大台灣價值高息,135,20,115,凱基-鳳山,2024-04-17,9274
6290,良維,161,87,74,凱基-鳳山,2024-04-17,9274
1605,華新,121,58,63,凱基-鳳山,2024-04-17,9274
2880,華南金,57,0,57,凱基-鳳山,2024-04-17,9274
0056,元大高股息,59,3,56,凱基-鳳山,2024-04-17,9274
3617,碩天,49,0,49,凱基-鳳山,2024-04-17,9274
00905,FT臺灣Smart,48,0,48,凱基-鳳山,2024-04-17,9274
3231,緯創,62,17,45,凱基-鳳山,2024-04-17,9274
2867,三商壽,85,43,42,凱基-鳳山,2024-04-17,9274
00687B,國泰20年美債,45,4,41,凱基-鳳山,2024-04-17,9274
00679B,元大美債20年,41,1,40,凱基-鳳山,2024-04-17,9274
3372,典範,40,0,40,凱基-鳳山,2024-04-17,9274
2355,敬鵬,37,1,36,凱基-鳳山,2024-04-17,9274
00878,國泰永續高股息,37,3,34,凱基-鳳山,2024-04-17,9274
4402,郡都開發,30,0,30,凱基-鳳山,2024-04-17,9274
6190,萬泰科,81,51,30,凱基-鳳山,2024-04-17,9274
1303,南亞,29,0,29,凱基-鳳山,2024-04-17,9274
2371,大同,95,68,27,凱基-鳳山,2024-04-17,9274
2353,宏��,33,9,24,凱基-鳳山,2024-04-17,9274
2887,台新金,23,0,23,凱基-鳳山,2024-04-17,9274
00680L,元大美債20正2,22,0,22,凱基-鳳山,2024-04-17,9274
2356,英業達,27,6,21,凱基-鳳山,2024-04-17,9274
00922,國泰台灣領袖50,20,0,20,凱基-鳳山,2024-04-17,9274
1810,和成,19,0,19,凱基-鳳山,2024-04-17,9274
00751B,元大AAA至A公司債,19,0,19,凱基-鳳山,2024-04-17,9274
00933B,國泰10Y+金融債,19,1,18,凱基-鳳山,2024-04-17,9274
00720B,元大投資級公司債,18,0,18,凱基-鳳山,2024-04-17,9274
2884,玉山金,18,0,18,凱基-鳳山,2024-04-17,9274
2630,亞航,23,5,18,凱基-鳳山,2024-04-17,9274
5425,台半,18,0,18,凱基-鳳山,2024-04-17,9274
00670L,富邦NASDAQ正2,17,0,17,凱基-鳳山,2024-04-17,9274
00631L,元大台灣50正2,17,0,17,凱基-鳳山,2024-04-17,9274
2427,三商電,16,0,16,凱基-鳳山,2024-04-17,9274
6274,台燿,20,4,16,凱基-鳳山,2024-04-17,9274
1326,台化,16,1,15,凱基-鳳山,2024-04-17,9274
8473,山林水,16,1,15,凱基-鳳山,2024-04-17,9274
9105,泰金寶-DR,15,0,15,凱基-鳳山,2024-04-17,9274
8089,康全電訊,30,15,15,凱基-鳳山,2024-04-17,9274
3402,漢科,24,9,15,凱基-鳳山,2024-04-17,9274
2501,國建,30,16,14,凱基-鳳山,2024-04-17,9274
00927,群益半導體收益,14,0,14,凱基-鳳山,2024-04-17,9274
8069,元太,14,0,14,凱基-鳳山,2024-04-17,9274
00688L,國泰20年美債正2,13,0,13,凱基-鳳山,2024-04-17,9274
3013,晟銘電,16,3,13,凱基-鳳山,2024-04-17,9274
2382,廣達,19,7,12,凱基-鳳山,2024-04-17,9274
00830,國泰費城半導體,12,0,12,凱基-鳳山,2024-04-17,9274
6215,和椿,15,3,12,凱基-鳳山,2024-04-17,9274
2331,精英,200,2,198,凱基-鳳山,2024-04-18,9274
00937B,群益ESG投等債20,150,0,150,凱基-鳳山,2024-04-18,9274
2409,友達,106,12,94,凱基-鳳山,2024-04-18,9274
3372,典範,83,0,83,凱基-鳳山,2024-04-18,9274
2605,新興,71,0,71,凱基-鳳山,2024-04-18,9274
6290,良維,74,7,67,凱基-鳳山,2024-04-18,9274
1737,臺鹽,55,0,55,凱基-鳳山,2024-04-18,9274
8069,元太,54,0,54,凱基-鳳山,2024-04-18,9274
00929,復華台灣科技優息,58,6,52,凱基-鳳山,2024-04-18,9274
2034,允強,50,0,50,凱基-鳳山,2024-04-18,9274
1810,和成,49,1,48,凱基-鳳山,2024-04-18,9274
0056,元大高股息,50,2,48,凱基-鳳山,2024-04-18,9274
6770,力積電,51,5,46,凱基-鳳山,2024-04-18,9274
1609,大亞,69,25,44,凱基-鳳山,2024-04-18,9274
9933,中鼎,45,3,42,凱基-鳳山,2024-04-18,9274
2374,佳能,44,6,38,凱基-鳳山,2024-04-18,9274
2618,長榮航,54,16,38,凱基-鳳山,2024-04-18,9274
2501,國建,77,44,33,凱基-鳳山,2024-04-18,9274
8936,國統,41,10,31,凱基-鳳山,2024-04-18,9274
1605,華新,107,77,30,凱基-鳳山,2024-04-18,9274
3030,德律,29,0,29,凱基-鳳山,2024-04-18,9274
1612,宏泰,83,54,29,凱基-鳳山,2024-04-18,9274
2367,燿華,31,3,28,凱基-鳳山,2024-04-18,9274
2515,中工,306,278,28,凱基-鳳山,2024-04-18,9274
6274,台燿,58,32,26,凱基-鳳山,2024-04-18,9274
00931B,統一美債20年,26,0,26,凱基-鳳山,2024-04-18,9274
3047,訊舟,28,2,26,凱基-鳳山,2024-04-18,9274
00941,中信上游半導體,35,10,25,凱基-鳳山,2024-04-18,9274
3338,泰碩,26,2,24,凱基-鳳山,2024-04-18,9274
2457,飛宏,26,3,23,凱基-鳳山,2024-04-18,9274
2887,台新金,22,0,22,凱基-鳳山,2024-04-18,9274
2867,三商壽,35,14,21,凱基-鳳山,2024-04-18,9274
8473,山林水,29,8,21,凱基-鳳山,2024-04-18,9274
2379,瑞昱,20,0,20,凱基-鳳山,2024-04-18,9274
00918,大華優利高填息30,20,0,20,凱基-鳳山,2024-04-18,9274
2413,環科,20,0,20,凱基-鳳山,2024-04-18,9274
5531,鄉林,20,0,20,凱基-鳳山,2024-04-18,9274
4543,萬在,34,15,19,凱基-鳳山,2024-04-18,9274
1301,台塑,18,0,18,凱基-鳳山,2024-04-18,9274
2354,鴻準,18,0,18,凱基-鳳山,2024-04-18,9274
3617,碩天,17,0,17,凱基-鳳山,2024-04-18,9274
00632R,元大台灣50反1,16,0,16,凱基-鳳山,2024-04-18,9274
00712,復華富時不動產,16,0,16,凱基-鳳山,2024-04-18,9274
1802,台玻,16,0,16,凱基-鳳山,2024-04-18,9274
2303,聯電,17,2,15,凱基-鳳山,2024-04-18,9274
1535,中宇,21,6,15,凱基-鳳山,2024-04-18,9274
2888,新光金,20,5,15,凱基-鳳山,2024-04-18,9274
6125,廣運,40,25,15,凱基-鳳山,2024-04-18,9274
6844,諾貝兒,15,0,15,凱基-鳳山,2024-04-18,9274
00878,國泰永續高股息,14,0,14,凱基-鳳山,2024-04-18,9274
00929,復華台灣科技優息,290,63,227,凱基-鳳山,2024-04-19,9274
2303,聯電,194,12,182,凱基-鳳山,2024-04-19,9274
00940,元大台灣價值高息,327,146,181,凱基-鳳山,2024-04-19,9274
00937B,群益ESG投等債20,186,5,181,凱基-鳳山,2024-04-19,9274
3481,群創,357,212,145,凱基-鳳山,2024-04-19,9274
00878,國泰永續高股息,235,91,144,凱基-鳳山,2024-04-19,9274
2331,精英,179,44,135,凱基-鳳山,2024-04-19,9274
1810,和成,287,157,130,凱基-鳳山,2024-04-19,9274
3047,訊舟,132,4,128,凱基-鳳山,2024-04-19,9274
2610,華航,133,8,125,凱基-鳳山,2024-04-19,9274
2501,國建,140,23,117,凱基-鳳山,2024-04-19,9274
2014,中鴻,112,2,110,凱基-鳳山,2024-04-19,9274
1609,大亞,367,277,90,凱基-鳳山,2024-04-19,9274
00939,統一台灣高息動能,68,3,65,凱基-鳳山,2024-04-19,9274
2883,凱基金,63,1,62,凱基-鳳山,2024-04-19,9274
2330,台積電,58,6,52,凱基-鳳山,2024-04-19,9274
2408,南亞科,52,9,43,凱基-鳳山,2024-04-19,9274
2337,旺宏,49,7,42,凱基-鳳山,2024-04-19,9274
2401,凌陽,42,0,42,凱基-鳳山,2024-04-19,9274
6290,良維,76,34,42,凱基-鳳山,2024-04-19,9274
2834,臺企銀,63,22,41,凱基-鳳山,2024-04-19,9274
4157,太景*-KY,51,11,40,凱基-鳳山,2024-04-19,9274
2353,宏��,56,17,39,凱基-鳳山,2024-04-19,9274
1603,華電,132,94,38,凱基-鳳山,2024-04-19,9274
2618,長榮航,46,8,38,凱基-鳳山,2024-04-19,9274
1731,美吾華,32,0,32,凱基-鳳山,2024-04-19,9274
3034,聯詠,36,5,31,凱基-鳳山,2024-04-19,9274
1608,華榮,315,284,31,凱基-鳳山,2024-04-19,9274
5880,合庫金,31,1,30,凱基-鳳山,2024-04-19,9274
1710,東聯,30,0,30,凱基-鳳山,2024-04-19,9274
00891,中信關鍵半導體,29,0,29,凱基-鳳山,2024-04-19,9274
00675L,富邦臺灣加權正2,27,0,27,凱基-鳳山,2024-04-19,9274
3703,欣陸,26,1,25,凱基-鳳山,2024-04-19,9274
6844,諾貝兒,26,1,25,凱基-鳳山,2024-04-19,9274
8069,元太,24,0,24,凱基-鳳山,2024-04-19,9274
5515,建國,29,5,24,凱基-鳳山,2024-04-19,9274
2002,中鋼,30,7,23,凱基-鳳山,2024-04-19,9274
00712,復華富時不動產,34,12,22,凱基-鳳山,2024-04-19,9274
2356,英業達,48,28,20,凱基-鳳山,2024-04-19,9274
00720B,元大投資級公司債,20,0,20,凱基-鳳山,2024-04-19,9274
6202,盛群,20,0,20,凱基-鳳山,2024-04-19,9274
00919,群益台灣精選高息,111,92,19,凱基-鳳山,2024-04-19,9274
00885,富邦越南,19,0,19,凱基-鳳山,2024-04-19,9274
2547,日勝生,339,320,19,凱基-鳳山,2024-04-19,9274
3372,典範,20,2,18,凱基-鳳山,2024-04-19,9274
3617,碩天,19,1,18,凱基-鳳山,2024-04-19,9274
2344,華邦電,45,28,17,凱基-鳳山,2024-04-19,9274
9904,寶成,17,0,17,凱基-鳳山,2024-04-19,9274
00692,富邦公司治理,19,3,16,凱基-鳳山,2024-04-19,9274
2892,第一金,16,1,15,凱基-鳳山,2024-04-19,9274
00929,復華台灣科技優息,679,6,673,凱基-鳳山,2024-04-22,9274
5512,力麒,465,87,378,凱基-鳳山,2024-04-22,9274
3481,群創,319,16,303,凱基-鳳山,2024-04-22,9274
1617,榮星,324,70,254,凱基-鳳山,2024-04-22,9274
2303,聯電,275,27,248,凱基-鳳山,2024-04-22,9274
00715L,期街口布蘭特正2,161,0,161,凱基-鳳山,2024-04-22,9274
2367,燿華,162,4,158,凱基-鳳山,2024-04-22,9274
1618,合機,193,40,153,凱基-鳳山,2024-04-22,9274
1603,華電,181,71,110,凱基-鳳山,2024-04-22,9274
00919,群益台灣精選高息,108,7,101,凱基-鳳山,2024-04-22,9274
00680L,元大美債20正2,107,19,88,凱基-鳳山,2024-04-22,9274
2547,日勝生,426,343,83,凱基-鳳山,2024-04-22,9274
6190,萬泰科,82,0,82,凱基-鳳山,2024-04-22,9274
2371,大同,250,179,71,凱基-鳳山,2024-04-22,9274
8383,千附,60,0,60,凱基-鳳山,2024-04-22,9274
00940,元大台灣價值高息,137,83,54,凱基-鳳山,2024-04-22,9274
00937B,群益ESG投等債20,51,2,49,凱基-鳳山,2024-04-22,9274
2537,聯上發,69,22,47,凱基-鳳山,2024-04-22,9274
8473,山林水,118,74,44,凱基-鳳山,2024-04-22,9274
2014,中鴻,46,3,43,凱基-鳳山,2024-04-22,9274
2606,裕民,37,0,37,凱基-鳳山,2024-04-22,9274
00885,富邦越南,37,0,37,凱基-鳳山,2024-04-22,9274
3231,緯創,64,30,34,凱基-鳳山,2024-04-22,9274
2409,友達,34,1,33,凱基-鳳山,2024-04-22,9274
3576,聯合再生,40,7,33,凱基-鳳山,2024-04-22,9274
6844,諾貝兒,33,0,33,凱基-鳳山,2024-04-22,9274
00675L,富邦臺灣加權正2,35,3,32,凱基-鳳山,2024-04-22,9274
3047,訊舟,32,0,32,凱基-鳳山,2024-04-22,9274
9958,世紀鋼,30,2,28,凱基-鳳山,2024-04-22,9274
9933,中鼎,34,6,28,凱基-鳳山,2024-04-22,9274
3703,欣陸,92,65,27,凱基-鳳山,2024-04-22,9274
8069,元太,25,1,24,凱基-鳳山,2024-04-22,9274
2356,英業達,43,20,23,凱基-鳳山,2024-04-22,9274
3312,弘憶股,27,4,23,凱基-鳳山,2024-04-22,9274
9904,寶成,22,0,22,凱基-鳳山,2024-04-22,9274
2329,華泰,44,22,22,凱基-鳳山,2024-04-22,9274
2515,中工,318,297,21,凱基-鳳山,2024-04-22,9274
00712,復華富時不動產,21,0,21,凱基-鳳山,2024-04-22,9274
2369,菱生,21,0,21,凱基-鳳山,2024-04-22,9274
2401,凌陽,20,0,20,凱基-鳳山,2024-04-22,9274
4726,永昕,20,0,20,凱基-鳳山,2024-04-22,9274
5864,致和證,20,0,20,凱基-鳳山,2024-04-22,9274
1609,大亞,136,117,19,凱基-鳳山,2024-04-22,9274
6187,萬潤,22,3,19,凱基-鳳山,2024-04-22,9274
6125,廣運,38,22,16,凱基-鳳山,2024-04-22,9274
1608,華榮,130,114,16,凱基-鳳山,2024-04-22,9274
2061,風青,15,0,15,凱基-鳳山,2024-04-22,9274
1616,億泰,40,26,14,凱基-鳳山,2024-04-22,9274
1605,華新,22,9,13,凱基-鳳山,2024-04-22,9274
2605,新興,38,25,13,凱基-鳳山,2024-04-22,9274
1617,榮星,266,21,245,凱基-鳳山,2024-04-23,9274
00929,復華台灣科技優息,124,2,122,凱基-鳳山,2024-04-23,9274
00937B,群益ESG投等債20,105,19,86,凱基-鳳山,2024-04-23,9274
00940,元大台灣價值高息,66,5,61,凱基-鳳山,2024-04-23,9274
00919,群益台灣精選高息,277,235,42,凱基-鳳山,2024-04-23,9274
2520,冠德,43,5,38,凱基-鳳山,2024-04-23,9274
00675L,富邦臺灣加權正2,29,0,29,凱基-鳳山,2024-04-23,9274
2303,聯電,28,0,28,凱基-鳳山,2024-04-23,9274
3047,訊舟,26,0,26,凱基-鳳山,2024-04-23,9274
2515,中工,58,37,21,凱基-鳳山,2024-04-23,9274
1101,台泥,20,0,20,凱基-鳳山,2024-04-23,9274
00909,國泰數位支付服務,22,2,20,凱基-鳳山,2024-04-23,9274
2889,國票金,20,0,20,凱基-鳳山,2024-04-23,9274
6168,宏齊,20,0,20,凱基-鳳山,2024-04-23,9274
1314,中石化,22,3,19,凱基-鳳山,2024-04-23,9274
2301,光寶科,23,5,18,凱基-鳳山,2024-04-23,9274
8092,建暐,17,0,17,凱基-鳳山,2024-04-23,9274
3321,同泰,15,0,15,凱基-鳳山,2024-04-23,9274
2387,精元,15,0,15,凱基-鳳山,2024-04-23,9274
3014,聯陽,15,0,15,凱基-鳳山,2024-04-23,9274
8089,康全電訊,15,0,15,凱基-鳳山,2024-04-23,9274
00751B,元大AAA至A公司債,14,0,14,凱基-鳳山,2024-04-23,9274
2610,華航,23,9,14,凱基-鳳山,2024-04-23,9274
2543,皇昌,23,9,14,凱基-鳳山,2024-04-23,9274
2634,漢翔,30,16,14,凱基-鳳山,2024-04-23,9274
00885,富邦越南,13,0,13,凱基-鳳山,2024-04-23,9274
4714,永捷,13,0,13,凱基-鳳山,2024-04-23,9274
9934,成霖,20,7,13,凱基-鳳山,2024-04-23,9274
00679B,元大美債20年,13,1,12,凱基-鳳山,2024-04-23,9274
2382,廣達,14,2,12,凱基-鳳山,2024-04-23,9274
3015,全漢,17,5,12,凱基-鳳山,2024-04-23,9274
1905,華紙,14,2,12,凱基-鳳山,2024-04-23,9274
3083,網龍,11,0,11,凱基-鳳山,2024-04-23,9274
00939,統一台灣高息動能,10,0,10,凱基-鳳山,2024-04-23,9274
00918,大華優利高填息30,10,0,10,凱基-鳳山,2024-04-23,9274
2374,佳能,15,5,10,凱基-鳳山,2024-04-23,9274
2887,台新金,10,0,10,凱基-鳳山,2024-04-23,9274
6264,富裔,10,0,10,凱基-鳳山,2024-04-23,9274
2367,燿華,19,10,9,凱基-鳳山,2024-04-23,9274
2402,毅嘉,9,0,9,凱基-鳳山,2024-04-23,9274
2542,興富發,10,1,9,凱基-鳳山,2024-04-23,9274
6190,萬泰科,9,0,9,凱基-鳳山,2024-04-23,9274
2449,京元電子,14,5,9,凱基-鳳山,2024-04-23,9274
1440,南紡,22,14,8,凱基-鳳山,2024-04-23,9274
2882,國泰金,21,13,8,凱基-鳳山,2024-04-23,9274
6005,群益證,10,2,8,凱基-鳳山,2024-04-23,9274
00712,復華富時不動產,15,8,7,凱基-鳳山,2024-04-23,9274
00632R,元大台灣50反1,17,10,7,凱基-鳳山,2024-04-23,9274
5512,力麒,18,11,7,凱基-鳳山,2024-04-23,9274
00933B,國泰10Y+金融債,6,0,6,凱基-鳳山,2024-04-23,9274
3481,群創,2801,240,2561,凱基-鳳山,2024-04-24,9274
00687B,國泰20年美債,178,0,178,凱基-鳳山,2024-04-24,9274
2501,國建,134,76,58,凱基-鳳山,2024-04-24,9274
3047,訊舟,169,112,57,凱基-鳳山,2024-04-24,9274
2886,兆豐金,56,0,56,凱基-鳳山,2024-04-24,9274
00680L,元大美債20正2,52,0,52,凱基-鳳山,2024-04-24,9274
00637L,元大滬深300正2,50,0,50,凱基-鳳山,2024-04-24,9274
00857B,永豐20年美公債,47,0,47,凱基-鳳山,2024-04-24,9274
6290,良維,192,152,40,凱基-鳳山,2024-04-24,9274
2834,臺企銀,32,0,32,凱基-鳳山,2024-04-24,9274
00679B,元大美債20年,31,0,31,凱基-鳳山,2024-04-24,9274
2637,慧洋-KY,31,1,30,凱基-鳳山,2024-04-24,9274
2504,國產,32,4,28,凱基-鳳山,2024-04-24,9274
2409,友達,28,1,27,凱基-鳳山,2024-04-24,9274
1909,榮成,26,0,26,凱基-鳳山,2024-04-24,9274
2634,漢翔,25,0,25,凱基-鳳山,2024-04-24,9274
00878,國泰永續高股息,25,2,23,凱基-鳳山,2024-04-24,9274
3024,憶聲,20,0,20,凱基-鳳山,2024-04-24,9274
3284,太普高,20,1,19,凱基-鳳山,2024-04-24,9274
00937B,群益ESG投等債20,16,0,16,凱基-鳳山,2024-04-24,9274
2329,華泰,25,9,16,凱基-鳳山,2024-04-24,9274
2890,永豐金,16,0,16,凱基-鳳山,2024-04-24,9274
8011,台通,16,0,16,凱基-鳳山,2024-04-24,9274
8926,台汽電,16,0,16,凱基-鳳山,2024-04-24,9274
2387,精元,15,0,15,凱基-鳳山,2024-04-24,9274
1736,喬山,13,0,13,凱基-鳳山,2024-04-24,9274
1612,宏泰,21,10,11,凱基-鳳山,2024-04-24,9274
2611,志信,14,3,11,凱基-鳳山,2024-04-24,9274
2891,中信金,11,0,11,凱基-鳳山,2024-04-24,9274
3715,定穎投控,11,0,11,凱基-鳳山,2024-04-24,9274
00666R,富邦�琤肭磪齯�1,10,0,10,凱基-鳳山,2024-04-24,9274
00664R,國泰臺灣加權反1,10,0,10,凱基-鳳山,2024-04-24,9274
1216,統一,10,0,10,凱基-鳳山,2024-04-24,9274
1611,中電,10,0,10,凱基-鳳山,2024-04-24,9274
2332,友訊,10,0,10,凱基-鳳山,2024-04-24,9274
2489,瑞軒,11,1,10,凱基-鳳山,2024-04-24,9274
2610,華航,97,87,10,凱基-鳳山,2024-04-24,9274
4167,松瑞藥,10,0,10,凱基-鳳山,2024-04-24,9274
5324,士開,10,0,10,凱基-鳳山,2024-04-24,9274
5443,均豪,10,0,10,凱基-鳳山,2024-04-24,9274
6875,國邑*,10,0,10,凱基-鳳山,2024-04-24,9274
3686,達能,9,0,9,凱基-鳳山,2024-04-24,9274
00941,中信上游半導體,11,2,9,凱基-鳳山,2024-04-24,9274
3490,單井,10,1,9,凱基-鳳山,2024-04-24,9274
3576,聯合再生,10,1,9,凱基-鳳山,2024-04-24,9274
4903,聯光通,9,0,9,凱基-鳳山,2024-04-24,9274
00655L,國泰中國A50正2,8,0,8,凱基-鳳山,2024-04-24,9274
4303,信立,9,1,8,凱基-鳳山,2024-04-24,9274
4402,郡都開發,8,0,8,凱基-鳳山,2024-04-24,9274
6244,茂迪,13,5,8,凱基-鳳山,2024-04-24,9274
2618,長榮航,160,19,141,凱基-鳳山,2024-04-25,9274
00937B,群益ESG投等債20,87,0,87,凱基-鳳山,2024-04-25,9274
2371,大同,96,16,80,凱基-鳳山,2024-04-25,9274
00929,復華台灣科技優息,74,0,74,凱基-鳳山,2024-04-25,9274
3312,弘憶股,85,23,62,凱基-鳳山,2024-04-25,9274
00878,國泰永續高股息,50,0,50,凱基-鳳山,2024-04-25,9274
00687B,國泰20年美債,48,0,48,凱基-鳳山,2024-04-25,9274
2892,第一金,40,0,40,凱基-鳳山,2024-04-25,9274
3006,晶豪科,45,5,40,凱基-鳳山,2024-04-25,9274
6207,雷科,76,40,36,凱基-鳳山,2024-04-25,9274
5880,合庫金,34,0,34,凱基-鳳山,2024-04-25,9274
6290,良維,46,15,31,凱基-鳳山,2024-04-25,9274
3047,訊舟,27,0,27,凱基-鳳山,2024-04-25,9274
9958,世紀鋼,39,13,26,凱基-鳳山,2024-04-25,9274
2303,聯電,34,11,23,凱基-鳳山,2024-04-25,9274
2886,兆豐金,31,8,23,凱基-鳳山,2024-04-25,9274
2536,宏普,22,0,22,凱基-鳳山,2024-04-25,9274
6116,彩晶,21,0,21,凱基-鳳山,2024-04-25,9274
3231,緯創,27,6,21,凱基-鳳山,2024-04-25,9274
2537,聯上發,22,2,20,凱基-鳳山,2024-04-25,9274
2408,南亞科,20,0,20,凱基-鳳山,2024-04-25,9274
00939,統一台灣高息動能,18,0,18,凱基-鳳山,2024-04-25,9274
6176,瑞儀,23,6,17,凱基-鳳山,2024-04-25,9274
2317,鴻海,34,18,16,凱基-鳳山,2024-04-25,9274
00891,中信關鍵半導體,21,5,16,凱基-鳳山,2024-04-25,9274
1314,中石化,20,5,15,凱基-鳳山,2024-04-25,9274
2547,日勝生,15,0,15,凱基-鳳山,2024-04-25,9274
2308,台達電,17,2,15,凱基-鳳山,2024-04-25,9274
8996,高力,19,4,15,凱基-鳳山,2024-04-25,9274
3013,晟銘電,18,4,14,凱基-鳳山,2024-04-25,9274
00712,復華富時不動產,15,1,14,凱基-鳳山,2024-04-25,9274
9902,台火,14,0,14,凱基-鳳山,2024-04-25,9274
3234,光環,14,0,14,凱基-鳳山,2024-04-25,9274
4714,永捷,15,2,13,凱基-鳳山,2024-04-25,9274
6770,力積電,13,0,13,凱基-鳳山,2024-04-25,9274
5522,遠雄,12,0,12,凱基-鳳山,2024-04-25,9274
8105,凌巨,12,0,12,凱基-鳳山,2024-04-25,9274
2891,中信金,12,0,12,凱基-鳳山,2024-04-25,9274
2330,台積電,13,1,12,凱基-鳳山,2024-04-25,9274
2748,雲品,13,2,11,凱基-鳳山,2024-04-25,9274
2020,美亞,10,0,10,凱基-鳳山,2024-04-25,9274
2605,新興,10,0,10,凱基-鳳山,2024-04-25,9274
2701,萬企,10,0,10,凱基-鳳山,2024-04-25,9274
3284,太普高,10,0,10,凱基-鳳山,2024-04-25,9274
6005,群益證,10,0,10,凱基-鳳山,2024-04-25,9274
2880,華南金,10,0,10,凱基-鳳山,2024-04-25,9274
2498,宏達電,9,0,9,凱基-鳳山,2024-04-25,9274
5230,雷笛克光學,12,3,9,凱基-鳳山,2024-04-25,9274
6125,廣運,38,29,9,凱基-鳳山,2024-04-25,9274
8070,長華*,9,0,9,凱基-鳳山,2024-04-25,9274
00632R,元大台灣50反1,170,10,160,凱基-鳳山,2024-04-26,9274
00937B,群益ESG投等債20,155,0,155,凱基-鳳山,2024-04-26,9274
3231,緯創,75,5,70,凱基-鳳山,2024-04-26,9274
6290,良維,65,0,65,凱基-鳳山,2024-04-26,9274
00687B,國泰20年美債,65,11,54,凱基-鳳山,2024-04-26,9274
2536,宏普,97,45,52,凱基-鳳山,2024-04-26,9274
5381,合正,50,0,50,凱基-鳳山,2024-04-26,9274
6207,雷科,144,103,41,凱基-鳳山,2024-04-26,9274
8064,東捷,34,2,32,凱基-鳳山,2024-04-26,9274
5230,雷笛克光學,33,2,31,凱基-鳳山,2024-04-26,9274
5515,建國,43,12,31,凱基-鳳山,2024-04-26,9274
3617,碩天,30,0,30,凱基-鳳山,2024-04-26,9274
2867,三商壽,27,0,27,凱基-鳳山,2024-04-26,9274
00878,國泰永續高股息,25,0,25,凱基-鳳山,2024-04-26,9274
2363,矽統,35,12,23,凱基-鳳山,2024-04-26,9274
2486,一詮,31,10,21,凱基-鳳山,2024-04-26,9274
9945,潤泰新,36,15,21,凱基-鳳山,2024-04-26,9274
8210,勤誠,24,4,20,凱基-鳳山,2024-04-26,9274
8096,擎亞,20,1,19,凱基-鳳山,2024-04-26,9274
1608,華榮,34,16,18,凱基-鳳山,2024-04-26,9274
2887,台新金,18,0,18,凱基-鳳山,2024-04-26,9274
2359,所羅門,83,66,17,凱基-鳳山,2024-04-26,9274
2374,佳能,17,1,16,凱基-鳳山,2024-04-26,9274
2371,大同,61,45,16,凱基-鳳山,2024-04-26,9274
00882,中信中國高股息,31,16,15,凱基-鳳山,2024-04-26,9274
2331,精英,15,0,15,凱基-鳳山,2024-04-26,9274
00931B,統一美債20年,13,0,13,凱基-鳳山,2024-04-26,9274
3338,泰碩,25,12,13,凱基-鳳山,2024-04-26,9274
1101,台泥,12,0,12,凱基-鳳山,2024-04-26,9274
1440,南紡,23,11,12,凱基-鳳山,2024-04-26,9274
2534,宏盛,12,0,12,凱基-鳳山,2024-04-26,9274
6282,康舒,14,2,12,凱基-鳳山,2024-04-26,9274
2402,毅嘉,11,0,11,凱基-鳳山,2024-04-26,9274
3706,神達,28,17,11,凱基-鳳山,2024-04-26,9274
00933B,國泰10Y+金融債,12,2,10,凱基-鳳山,2024-04-26,9274
1708,東鹼,10,0,10,凱基-鳳山,2024-04-26,9274
2349,錸德,10,0,10,凱基-鳳山,2024-04-26,9274
2417,圓剛,10,0,10,凱基-鳳山,2024-04-26,9274
2489,瑞軒,10,0,10,凱基-鳳山,2024-04-26,9274
2630,亞航,12,2,10,凱基-鳳山,2024-04-26,9274
2736,富野,10,0,10,凱基-鳳山,2024-04-26,9274
3284,太普高,10,0,10,凱基-鳳山,2024-04-26,9274
3673,TPK-KY,10,0,10,凱基-鳳山,2024-04-26,9274
1612,宏泰,9,0,9,凱基-鳳山,2024-04-26,9274
3419,譁裕,9,0,9,凱基-鳳山,2024-04-26,9274
00773B,中信優先金融債,8,0,8,凱基-鳳山,2024-04-26,9274
1446,宏和,8,0,8,凱基-鳳山,2024-04-26,9274
1467,南緯,8,0,8,凱基-鳳山,2024-04-26,9274
2633,台灣高鐵,8,0,8,凱基-鳳山,2024-04-26,9274
3714,富采,11,3,8,凱基-鳳山,2024-04-26,9274
2641,正德,104,0,104,凱基-鳳山,2024-04-29,9274
2501,國建,116,28,88,凱基-鳳山,2024-04-29,9274
2610,華航,149,69,80,凱基-鳳山,2024-04-29,9274
2363,矽統,264,186,78,凱基-鳳山,2024-04-29,9274
00937B,群益ESG投等債20,82,5,77,凱基-鳳山,2024-04-29,9274
00929,復華台灣科技優息,110,41,69,凱基-鳳山,2024-04-29,9274
2888,新光金,108,51,57,凱基-鳳山,2024-04-29,9274
2511,太子,59,3,56,凱基-鳳山,2024-04-29,9274
2359,所羅門,60,8,52,凱基-鳳山,2024-04-29,9274
5381,合正,50,0,50,凱基-鳳山,2024-04-29,9274
2618,長榮航,104,67,37,凱基-鳳山,2024-04-29,9274
2609,陽明,104,68,36,凱基-鳳山,2024-04-29,9274
3481,群創,72,38,34,凱基-鳳山,2024-04-29,9274
2883,凱基金,36,4,32,凱基-鳳山,2024-04-29,9274
00752,中信中國50,31,0,31,凱基-鳳山,2024-04-29,9274
3715,定穎投控,41,10,31,凱基-鳳山,2024-04-29,9274
3372,典範,21,0,21,凱基-鳳山,2024-04-29,9274
2023,燁輝,21,1,20,凱基-鳳山,2024-04-29,9274
5450,南良,20,0,20,凱基-鳳山,2024-04-29,9274
2504,國產,24,5,19,凱基-鳳山,2024-04-29,9274
5515,建國,40,21,19,凱基-鳳山,2024-04-29,9274
8112,至上,21,5,16,凱基-鳳山,2024-04-29,9274
1453,大將,18,2,16,凱基-鳳山,2024-04-29,9274
00940,元大台灣價值高息,35,19,16,凱基-鳳山,2024-04-29,9274
3035,智原,16,1,15,凱基-鳳山,2024-04-29,9274
2603,長榮,52,38,14,凱基-鳳山,2024-04-29,9274
2449,京元電子,26,12,14,凱基-鳳山,2024-04-29,9274
6207,雷科,31,18,13,凱基-鳳山,2024-04-29,9274
3017,奇鋐,28,17,11,凱基-鳳山,2024-04-29,9274
2442,新美齊,13,2,11,凱基-鳳山,2024-04-29,9274
3047,訊舟,99,88,11,凱基-鳳山,2024-04-29,9274
3402,漢科,19,8,11,凱基-鳳山,2024-04-29,9274
6244,茂迪,11,0,11,凱基-鳳山,2024-04-29,9274
8940,新天地,11,0,11,凱基-鳳山,2024-04-29,9274
1304,台聚,10,0,10,凱基-鳳山,2024-04-29,9274
2509,全坤建,10,0,10,凱基-鳳山,2024-04-29,9274
3024,憶聲,10,0,10,凱基-鳳山,2024-04-29,9274
3041,揚智,10,0,10,凱基-鳳山,2024-04-29,9274
8110,華東,16,6,10,凱基-鳳山,2024-04-29,9274
8933,愛地雅,10,0,10,凱基-鳳山,2024-04-29,9274
9933,中鼎,12,2,10,凱基-鳳山,2024-04-29,9274
2352,佳世達,10,0,10,凱基-鳳山,2024-04-29,9274
1609,大亞,34,25,9,凱基-鳳山,2024-04-29,9274
1103,嘉泥,10,1,9,凱基-鳳山,2024-04-29,9274
2101,南港,22,13,9,凱基-鳳山,2024-04-29,9274
2739,寒舍,9,0,9,凱基-鳳山,2024-04-29,9274
1305,華夏,10,2,8,凱基-鳳山,2024-04-29,9274
2371,大同,33,25,8,凱基-鳳山,2024-04-29,9274
9945,潤泰新,30,22,8,凱基-鳳山,2024-04-29,9274
2313,華通,11,4,7,凱基-鳳山,2024-04-29,9274
3481,群創,739,69,670,凱基-鳳山,2024-04-30,9274
00929,復華台灣科技優息,109,3,106,凱基-鳳山,2024-04-30,9274
2610,華航,85,20,65,凱基-鳳山,2024-04-30,9274
3047,訊舟,118,55,63,凱基-鳳山,2024-04-30,9274
2515,中工,192,136,56,凱基-鳳山,2024-04-30,9274
00715L,期街口布蘭特正2,50,0,50,凱基-鳳山,2024-04-30,9274
4967,十銓,50,0,50,凱基-鳳山,2024-04-30,9274
1314,中石化,272,223,49,凱基-鳳山,2024-04-30,9274
2611,志信,82,33,49,凱基-鳳山,2024-04-30,9274
00675L,富邦臺灣加權正2,41,0,41,凱基-鳳山,2024-04-30,9274
8069,元太,38,0,38,凱基-鳳山,2024-04-30,9274
2816,旺旺保,37,0,37,凱基-鳳山,2024-04-30,9274
2537,聯上發,54,19,35,凱基-鳳山,2024-04-30,9274
00632R,元大台灣50反1,50,18,32,凱基-鳳山,2024-04-30,9274
3035,智原,34,4,30,凱基-鳳山,2024-04-30,9274
3390,旭軟,30,0,30,凱基-鳳山,2024-04-30,9274
3376,新日興,33,4,29,凱基-鳳山,2024-04-30,9274
2506,太設,22,0,22,凱基-鳳山,2024-04-30,9274
2427,三商電,24,3,21,凱基-鳳山,2024-04-30,9274
00665L,富邦�琤肭磪囓�2,20,0,20,凱基-鳳山,2024-04-30,9274
9933,中鼎,22,2,20,凱基-鳳山,2024-04-30,9274
00919,群益台灣精選高息,22,2,20,凱基-鳳山,2024-04-30,9274
1587,吉茂,20,2,18,凱基-鳳山,2024-04-30,9274
2317,鴻海,28,10,18,凱基-鳳山,2024-04-30,9274
1103,嘉泥,16,0,16,凱基-鳳山,2024-04-30,9274
5230,雷笛克光學,16,0,16,凱基-鳳山,2024-04-30,9274
1310,台苯,15,0,15,凱基-鳳山,2024-04-30,9274
2867,三商壽,17,2,15,凱基-鳳山,2024-04-30,9274
4533,協易機,21,6,15,凱基-鳳山,2024-04-30,9274
4402,郡都開發,14,0,14,凱基-鳳山,2024-04-30,9274
2883,凱基金,15,1,14,凱基-鳳山,2024-04-30,9274
00937B,群益ESG投等債20,13,0,13,凱基-鳳山,2024-04-30,9274
1536,和大,15,2,13,凱基-鳳山,2024-04-30,9274
3034,聯詠,12,0,12,凱基-鳳山,2024-04-30,9274
2457,飛宏,12,0,12,凱基-鳳山,2024-04-30,9274
2511,太子,23,11,12,凱基-鳳山,2024-04-30,9274
6166,凌華,12,0,12,凱基-鳳山,2024-04-30,9274
2102,泰豐,11,0,11,凱基-鳳山,2024-04-30,9274
5515,建國,11,0,11,凱基-鳳山,2024-04-30,9274
2890,永豐金,11,0,11,凱基-鳳山,2024-04-30,9274
00878,國泰永續高股息,10,0,10,凱基-鳳山,2024-04-30,9274
00940,元大台灣價值高息,20,10,10,凱基-鳳山,2024-04-30,9274
1218,泰山,10,0,10,凱基-鳳山,2024-04-30,9274
2356,英業達,12,2,10,凱基-鳳山,2024-04-30,9274
3041,揚智,10,0,10,凱基-鳳山,2024-04-30,9274
3055,蔚華科,10,0,10,凱基-鳳山,2024-04-30,9274
4561,健椿,10,0,10,凱基-鳳山,2024-04-30,9274
4976,佳凌,11,1,10,凱基-鳳山,2024-04-30,9274
5364,力麗店,10,0,10,凱基-鳳山,2024-04-30,9274
8933,愛地雅,10,0,10,凱基-鳳山,2024-04-30,9274
3481,群創,1431,30,1401,凱基-鳳山,2024-05-02,9274
8064,東捷,358,133,225,凱基-鳳山,2024-05-02,9274
00878,國泰永續高股息,113,22,91,凱基-鳳山,2024-05-02,9274
2615,萬海,86,5,81,凱基-鳳山,2024-05-02,9274
3312,弘憶股,64,13,51,凱基-鳳山,2024-05-02,9274
00680L,元大美債20正2,50,0,50,凱基-鳳山,2024-05-02,9274
5371,中光電,73,26,47,凱基-鳳山,2024-05-02,9274
00919,群益台灣精選高息,47,5,42,凱基-鳳山,2024-05-02,9274
00940,元大台灣價值高息,50,9,41,凱基-鳳山,2024-05-02,9274
3287,廣寰科,45,7,38,凱基-鳳山,2024-05-02,9274
5009,榮剛,78,40,38,凱基-鳳山,2024-05-02,9274
2609,陽明,68,32,36,凱基-鳳山,2024-05-02,9274
2401,凌陽,41,6,35,凱基-鳳山,2024-05-02,9274
3703,欣陸,49,18,31,凱基-鳳山,2024-05-02,9274
5251,天鉞電,33,2,31,凱基-鳳山,2024-05-02,9274
9902,台火,28,0,28,凱基-鳳山,2024-05-02,9274
2409,友達,25,1,24,凱基-鳳山,2024-05-02,9274
00712,復華富時不動產,25,4,21,凱基-鳳山,2024-05-02,9274
2505,國揚,22,1,21,凱基-鳳山,2024-05-02,9274
6177,達麗,69,48,21,凱基-鳳山,2024-05-02,9274
2308,台達電,22,2,20,凱基-鳳山,2024-05-02,9274
3390,旭軟,20,0,20,凱基-鳳山,2024-05-02,9274
4716,大立,20,0,20,凱基-鳳山,2024-05-02,9274
2356,英業達,28,10,18,凱基-鳳山,2024-05-02,9274
00929,復華台灣科技優息,18,0,18,凱基-鳳山,2024-05-02,9274
00937B,群益ESG投等債20,17,0,17,凱基-鳳山,2024-05-02,9274
2331,精英,18,1,17,凱基-鳳山,2024-05-02,9274
2009,第一銅,17,1,16,凱基-鳳山,2024-05-02,9274
8996,高力,21,5,16,凱基-鳳山,2024-05-02,9274
6223,旺矽,18,2,16,凱基-鳳山,2024-05-02,9274
2603,長榮,19,3,16,凱基-鳳山,2024-05-02,9274
3490,單井,15,0,15,凱基-鳳山,2024-05-02,9274
5230,雷笛克光學,16,1,15,凱基-鳳山,2024-05-02,9274
9946,三發地產,15,0,15,凱基-鳳山,2024-05-02,9274
2337,旺宏,15,0,15,凱基-鳳山,2024-05-02,9274
2323,中環,30,16,14,凱基-鳳山,2024-05-02,9274
2915,潤泰全,23,9,14,凱基-鳳山,2024-05-02,9274
2363,矽統,44,30,14,凱基-鳳山,2024-05-02,9274
0050,元大台灣50,14,0,14,凱基-鳳山,2024-05-02,9274
2610,華航,49,35,14,凱基-鳳山,2024-05-02,9274
00655L,國泰中國A50正2,13,0,13,凱基-鳳山,2024-05-02,9274
2101,南港,20,7,13,凱基-鳳山,2024-05-02,9274
2317,鴻海,21,9,12,凱基-鳳山,2024-05-02,9274
1216,統一,12,0,12,凱基-鳳山,2024-05-02,9274
5392,能率,12,0,12,凱基-鳳山,2024-05-02,9274
3363,上詮,12,1,11,凱基-鳳山,2024-05-02,9274
00688L,國泰20年美債正2,11,0,11,凱基-鳳山,2024-05-02,9274
6125,廣運,20,9,11,凱基-鳳山,2024-05-02,9274
6189,豐藝,17,6,11,凱基-鳳山,2024-05-02,9274
6244,茂迪,11,0,11,凱基-鳳山,2024-05-02,9274
8064,東捷,267,95,172,凱基-鳳山,2024-05-03,9274
3481,群創,155,2,153,凱基-鳳山,2024-05-03,9274
3231,緯創,154,13,141,凱基-鳳山,2024-05-03,9274
00937B,群益ESG投等債20,108,0,108,凱基-鳳山,2024-05-03,9274
2888,新光金,145,44,101,凱基-鳳山,2024-05-03,9274
2537,聯上發,123,30,93,凱基-鳳山,2024-05-03,9274
3047,訊舟,96,4,92,凱基-鳳山,2024-05-03,9274
00679B,元大美債20年,78,0,78,凱基-鳳山,2024-05-03,9274
2605,新興,73,0,73,凱基-鳳山,2024-05-03,9274
2887,台新金,84,21,63,凱基-鳳山,2024-05-03,9274
2359,所羅門,59,0,59,凱基-鳳山,2024-05-03,9274
00929,復華台灣科技優息,74,21,53,凱基-鳳山,2024-05-03,9274
1316,上曜,86,34,52,凱基-鳳山,2024-05-03,9274
2867,三商壽,50,0,50,凱基-鳳山,2024-05-03,9274
4714,永捷,77,30,47,凱基-鳳山,2024-05-03,9274
2337,旺宏,43,6,37,凱基-鳳山,2024-05-03,9274
3312,弘憶股,56,21,35,凱基-鳳山,2024-05-03,9274
2316,楠梓電,128,94,34,凱基-鳳山,2024-05-03,9274
3376,新日興,33,2,31,凱基-鳳山,2024-05-03,9274
00939,統一台灣高息動能,29,0,29,凱基-鳳山,2024-05-03,9274
2816,旺旺保,28,0,28,凱基-鳳山,2024-05-03,9274
5522,遠雄,37,9,28,凱基-鳳山,2024-05-03,9274
6223,旺矽,28,2,26,凱基-鳳山,2024-05-03,9274
00919,群益台灣精選高息,29,3,26,凱基-鳳山,2024-05-03,9274
2506,太設,29,5,24,凱基-鳳山,2024-05-03,9274
5519,隆大,28,4,24,凱基-鳳山,2024-05-03,9274
00878,國泰永續高股息,23,1,22,凱基-鳳山,2024-05-03,9274
00680L,元大美債20正2,22,0,22,凱基-鳳山,2024-05-03,9274
1608,華榮,26,4,22,凱基-鳳山,2024-05-03,9274
00687B,國泰20年美債,21,0,21,凱基-鳳山,2024-05-03,9274
6274,台燿,24,3,21,凱基-鳳山,2024-05-03,9274
00918,大華優利高填息30,20,0,20,凱基-鳳山,2024-05-03,9274
8076,伍豐,20,0,20,凱基-鳳山,2024-05-03,9274
9907,統一實,20,0,20,凱基-鳳山,2024-05-03,9274
00712,復華富時不動產,19,0,19,凱基-鳳山,2024-05-03,9274
00940,元大台灣價值高息,19,0,19,凱基-鳳山,2024-05-03,9274
2603,長榮,56,38,18,凱基-鳳山,2024-05-03,9274
2331,精英,32,15,17,凱基-鳳山,2024-05-03,9274
2363,矽統,32,16,16,凱基-鳳山,2024-05-03,9274
1413,宏洲,16,0,16,凱基-鳳山,2024-05-03,9274
4127,天良,17,1,16,凱基-鳳山,2024-05-03,9274
2611,志信,15,0,15,凱基-鳳山,2024-05-03,9274
00857B,永豐20年美公債,15,0,15,凱基-鳳山,2024-05-03,9274
5511,德昌,15,0,15,凱基-鳳山,2024-05-03,9274
8096,擎亞,34,20,14,凱基-鳳山,2024-05-03,9274
6271,同欣電,17,3,14,凱基-鳳山,2024-05-03,9274
2344,華邦電,22,9,13,凱基-鳳山,2024-05-03,9274
2913,農林,14,1,13,凱基-鳳山,2024-05-03,9274
3006,晶豪科,36,24,12,凱基-鳳山,2024-05-03,9274
4909,新復興,22,10,12,凱基-鳳山,2024-05-03,9274
2852,第一保,105,2,103,凱基-鳳山,2024-05-06,9274
8064,東捷,91,1,90,凱基-鳳山,2024-05-06,9274
1314,中石化,146,56,90,凱基-鳳山,2024-05-06,9274
1532,勤美,125,57,68,凱基-鳳山,2024-05-06,9274
6290,良維,68,0,68,凱基-鳳山,2024-05-06,9274
00937B,群益ESG投等債20,69,6,63,凱基-鳳山,2024-05-06,9274
3047,訊舟,69,23,46,凱基-鳳山,2024-05-06,9274
2511,太子,40,0,40,凱基-鳳山,2024-05-06,9274
00919,群益台灣精選高息,36,2,34,凱基-鳳山,2024-05-06,9274
3014,聯陽,34,0,34,凱基-鳳山,2024-05-06,9274
3372,典範,30,0,30,凱基-鳳山,2024-05-06,9274
9933,中鼎,31,1,30,凱基-鳳山,2024-05-06,9274
9945,潤泰新,44,17,27,凱基-鳳山,2024-05-06,9274
1101,台泥,32,5,27,凱基-鳳山,2024-05-06,9274
2449,京元電子,32,7,25,凱基-鳳山,2024-05-06,9274
6282,康舒,30,5,25,凱基-鳳山,2024-05-06,9274
2457,飛宏,21,0,21,凱基-鳳山,2024-05-06,9274
1477,聚陽,20,0,20,凱基-鳳山,2024-05-06,9274
2313,華通,20,0,20,凱基-鳳山,2024-05-06,9274
3287,廣寰科,22,2,20,凱基-鳳山,2024-05-06,9274
3521,鴻翊,20,0,20,凱基-鳳山,2024-05-06,9274
3704,合勤控,20,0,20,凱基-鳳山,2024-05-06,9274
8926,台汽電,21,1,20,凱基-鳳山,2024-05-06,9274
2534,宏盛,20,0,20,凱基-鳳山,2024-05-06,9274
00918,大華優利高填息30,60,42,18,凱基-鳳山,2024-05-06,9274
9902,台火,24,6,18,凱基-鳳山,2024-05-06,9274
3481,群創,23,6,17,凱基-鳳山,2024-05-06,9274
2834,臺企銀,23,6,17,凱基-鳳山,2024-05-06,9274
2883,凱基金,21,6,15,凱基-鳳山,2024-05-06,9274
2610,華航,17,2,15,凱基-鳳山,2024-05-06,9274
2611,志信,36,21,15,凱基-鳳山,2024-05-06,9274
6190,萬泰科,15,0,15,凱基-鳳山,2024-05-06,9274
3035,智原,15,1,14,凱基-鳳山,2024-05-06,9274
4303,信立,72,58,14,凱基-鳳山,2024-05-06,9274
6187,萬潤,14,0,14,凱基-鳳山,2024-05-06,9274
2501,國建,41,27,14,凱基-鳳山,2024-05-06,9274
6770,力積電,31,18,13,凱基-鳳山,2024-05-06,9274
00751B,元大AAA至A公司債,13,0,13,凱基-鳳山,2024-05-06,9274
5512,力麒,13,0,13,凱基-鳳山,2024-05-06,9274
00688L,國泰20年美債正2,12,0,12,凱基-鳳山,2024-05-06,9274
2409,友達,22,10,12,凱基-鳳山,2024-05-06,9274
3034,聯詠,14,2,12,凱基-鳳山,2024-05-06,9274
4153,鈺緯,12,0,12,凱基-鳳山,2024-05-06,9274
00679B,元大美債20年,11,0,11,凱基-鳳山,2024-05-06,9274
2618,長榮航,319,308,11,凱基-鳳山,2024-05-06,9274
1609,大亞,17,6,11,凱基-鳳山,2024-05-06,9274
00891,中信關鍵半導體,15,4,11,凱基-鳳山,2024-05-06,9274
00632R,元大台灣50反1,11,0,11,凱基-鳳山,2024-05-06,9274
2201,裕隆,26,15,11,凱基-鳳山,2024-05-06,9274
3236,千如,11,0,11,凱基-鳳山,2024-05-06,9274
5531,鄉林,244,134,110,凱基-鳳山,2024-05-07,9274
00679B,元大美債20年,102,4,98,凱基-鳳山,2024-05-07,9274
00937B,群益ESG投等債20,96,10,86,凱基-鳳山,2024-05-07,9274
2888,新光金,74,3,71,凱基-鳳山,2024-05-07,9274
00878,國泰永續高股息,84,25,59,凱基-鳳山,2024-05-07,9274
2501,國建,86,28,58,凱基-鳳山,2024-05-07,9274
00929,復華台灣科技優息,62,5,57,凱基-鳳山,2024-05-07,9274
6005,群益證,48,2,46,凱基-鳳山,2024-05-07,9274
2486,一詮,100,60,40,凱基-鳳山,2024-05-07,9274
1718,中纖,40,0,40,凱基-鳳山,2024-05-07,9274
8940,新天地,36,0,36,凱基-鳳山,2024-05-07,9274
3376,新日興,45,10,35,凱基-鳳山,2024-05-07,9274
00690,兆豐藍籌30,30,0,30,凱基-鳳山,2024-05-07,9274
4303,信立,39,11,28,凱基-鳳山,2024-05-07,9274
2317,鴻海,45,18,27,凱基-鳳山,2024-05-07,9274
2520,冠德,71,46,25,凱基-鳳山,2024-05-07,9274
3708,上緯投控,26,3,23,凱基-鳳山,2024-05-07,9274
5213,亞昕,23,1,22,凱基-鳳山,2024-05-07,9274
00919,群益台灣精選高息,25,4,21,凱基-鳳山,2024-05-07,9274
00918,大華優利高填息30,22,1,21,凱基-鳳山,2024-05-07,9274
1608,華榮,41,20,21,凱基-鳳山,2024-05-07,9274
2365,昆盈,21,0,21,凱基-鳳山,2024-05-07,9274
4967,十銓,25,4,21,凱基-鳳山,2024-05-07,9274
9907,統一實,21,0,21,凱基-鳳山,2024-05-07,9274
2834,臺企銀,22,2,20,凱基-鳳山,2024-05-07,9274
1618,合機,26,6,20,凱基-鳳山,2024-05-07,9274
5871,中租-KY,19,0,19,凱基-鳳山,2024-05-07,9274
2014,中鴻,22,3,19,凱基-鳳山,2024-05-07,9274
2324,仁寶,17,1,16,凱基-鳳山,2024-05-07,9274
2855,統一證,15,0,15,凱基-鳳山,2024-05-07,9274
2515,中工,30,15,15,凱基-鳳山,2024-05-07,9274
8033,雷虎,15,0,15,凱基-鳳山,2024-05-07,9274
3617,碩天,15,1,14,凱基-鳳山,2024-05-07,9274
2511,太子,26,13,13,凱基-鳳山,2024-05-07,9274
3706,神達,17,4,13,凱基-鳳山,2024-05-07,9274
00720B,元大投資級公司債,13,1,12,凱基-鳳山,2024-05-07,9274
2206,三陽工業,12,1,11,凱基-鳳山,2024-05-07,9274
1312,國喬,11,0,11,凱基-鳳山,2024-05-07,9274
1905,華紙,14,3,11,凱基-鳳山,2024-05-07,9274
2344,華邦電,29,18,11,凱基-鳳山,2024-05-07,9274
2408,南亞科,32,21,11,凱基-鳳山,2024-05-07,9274
8085,福華,11,0,11,凱基-鳳山,2024-05-07,9274
00885,富邦越南,10,0,10,凱基-鳳山,2024-05-07,9274
2241,艾姆勒,10,0,10,凱基-鳳山,2024-05-07,9274
2615,萬海,12,2,10,凱基-鳳山,2024-05-07,9274
3372,典範,10,0,10,凱基-鳳山,2024-05-07,9274
4164,承業醫,10,0,10,凱基-鳳山,2024-05-07,9274
8121,越峰,13,3,10,凱基-鳳山,2024-05-07,9274
1795,美時,11,2,9,凱基-鳳山,2024-05-07,9274
00712,復華富時不動產,13,3,10,凱基-鳳山,2024-05-07,9274
3481,群創,201,26,175,凱基-鳳山,2024-05-08,9274
1617,榮星,177,62,115,凱基-鳳山,2024-05-08,9274
2501,國建,181,76,105,凱基-鳳山,2024-05-08,9274
2881,富邦金,109,7,102,凱基-鳳山,2024-05-08,9274
00712,復華富時不動產,102,1,101,凱基-鳳山,2024-05-08,9274
2606,裕民,193,100,93,凱基-鳳山,2024-05-08,9274
5871,中租-KY,85,1,84,凱基-鳳山,2024-05-08,9274
00878,國泰永續高股息,36,4,32,凱基-鳳山,2024-05-08,9274
00929,復華台灣科技優息,31,2,29,凱基-鳳山,2024-05-08,9274
2409,友達,28,0,28,凱基-鳳山,2024-05-08,9274
2603,長榮,99,71,28,凱基-鳳山,2024-05-08,9274
5386,青雲,27,0,27,凱基-鳳山,2024-05-08,9274
1618,合機,33,7,26,凱基-鳳山,2024-05-08,9274
2888,新光金,90,66,24,凱基-鳳山,2024-05-08,9274
00795B,中信美國公債20年,23,0,23,凱基-鳳山,2024-05-08,9274
1101,台泥,20,0,20,凱基-鳳山,2024-05-08,9274
3013,晟銘電,27,8,19,凱基-鳳山,2024-05-08,9274
3706,神達,19,0,19,凱基-鳳山,2024-05-08,9274
6282,康舒,26,8,18,凱基-鳳山,2024-05-08,9274
2374,佳能,20,3,17,凱基-鳳山,2024-05-08,9274
8049,晶采,17,0,17,凱基-鳳山,2024-05-08,9274
2002,中鋼,17,1,16,凱基-鳳山,2024-05-08,9274
00856B,永豐1-3年美公債,15,0,15,凱基-鳳山,2024-05-08,9274
1305,華夏,15,0,15,凱基-鳳山,2024-05-08,9274
6117,迎廣,15,2,13,凱基-鳳山,2024-05-08,9274
2371,大同,64,51,13,凱基-鳳山,2024-05-08,9274
3036,文曄,12,0,12,凱基-鳳山,2024-05-08,9274
00932,兆豐永續高息等權,12,0,12,凱基-鳳山,2024-05-08,9274
00679B,元大美債20年,13,1,12,凱基-鳳山,2024-05-08,9274
1808,潤隆,11,0,11,凱基-鳳山,2024-05-08,9274
2417,圓剛,12,1,11,凱基-鳳山,2024-05-08,9274
6207,雷科,18,7,11,凱基-鳳山,2024-05-08,9274
00687B,國泰20年美債,11,0,11,凱基-鳳山,2024-05-08,9274
1442,名軒,11,1,10,凱基-鳳山,2024-05-08,9274
2109,華豐,10,0,10,凱基-鳳山,2024-05-08,9274
2208,台船,10,0,10,凱基-鳳山,2024-05-08,9274
3466,德晉,50,40,10,凱基-鳳山,2024-05-08,9274
00882,中信中國高股息,14,4,10,凱基-鳳山,2024-05-08,9274
2328,廣宇,80,71,9,凱基-鳳山,2024-05-08,9274
2851,中再保,11,2,9,凱基-鳳山,2024-05-08,9274
8011,台通,16,7,9,凱基-鳳山,2024-05-08,9274
2611,志信,64,56,8,凱基-鳳山,2024-05-08,9274
3450,聯鈞,11,3,8,凱基-鳳山,2024-05-08,9274
3550,聯穎,8,0,8,凱基-鳳山,2024-05-08,9274
6215,和椿,16,8,8,凱基-鳳山,2024-05-08,9274
8076,伍豐,8,0,8,凱基-鳳山,2024-05-08,9274
3034,聯詠,14,7,7,凱基-鳳山,2024-05-08,9274
8069,元太,8,1,7,凱基-鳳山,2024-05-08,9274
1514,亞力,31,24,7,凱基-鳳山,2024-05-08,9274
1815,富喬,13,6,7,凱基-鳳山,2024-05-08,9274
00937B,群益ESG投等債20,260,0,260,凱基-鳳山,2024-05-09,9274
2002,中鋼,203,5,198,凱基-鳳山,2024-05-09,9274
2371,大同,134,15,119,凱基-鳳山,2024-05-09,9274
2610,華航,205,127,78,凱基-鳳山,2024-05-09,9274
00688L,國泰20年美債正2,55,0,55,凱基-鳳山,2024-05-09,9274
2618,長榮航,120,70,50,凱基-鳳山,2024-05-09,9274
6279,胡連,50,0,50,凱基-鳳山,2024-05-09,9274
00940,元大台灣價值高息,44,0,44,凱基-鳳山,2024-05-09,9274
00878,國泰永續高股息,34,0,34,凱基-鳳山,2024-05-09,9274
6005,群益證,32,0,32,凱基-鳳山,2024-05-09,9274
3014,聯陽,31,0,31,凱基-鳳山,2024-05-09,9274
3521,鴻翊,30,0,30,凱基-鳳山,2024-05-09,9274
1721,三晃,30,2,28,凱基-鳳山,2024-05-09,9274
00929,復華台灣科技優息,45,17,28,凱基-鳳山,2024-05-09,9274
2511,太子,26,0,26,凱基-鳳山,2024-05-09,9274
00934,中信成長高股息,25,1,24,凱基-鳳山,2024-05-09,9274
2328,廣宇,25,1,24,凱基-鳳山,2024-05-09,9274
2851,中再保,26,2,24,凱基-鳳山,2024-05-09,9274
2601,益航,24,1,23,凱基-鳳山,2024-05-09,9274
3231,緯創,25,4,21,凱基-鳳山,2024-05-09,9274
1444,力麗,20,0,20,凱基-鳳山,2024-05-09,9274
2890,永豐金,20,0,20,凱基-鳳山,2024-05-09,9274
8926,台汽電,22,2,20,凱基-鳳山,2024-05-09,9274
00687B,國泰20年美債,20,1,19,凱基-鳳山,2024-05-09,9274
3034,聯詠,21,5,16,凱基-鳳山,2024-05-09,9274
2421,建準,21,5,16,凱基-鳳山,2024-05-09,9274
00915,凱基優選高股息30,14,0,14,凱基-鳳山,2024-05-09,9274
2449,京元電子,18,5,13,凱基-鳳山,2024-05-09,9274
3036,文曄,16,3,13,凱基-鳳山,2024-05-09,9274
00795B,中信美國公債20年,13,0,13,凱基-鳳山,2024-05-09,9274
1453,大將,13,0,13,凱基-鳳山,2024-05-09,9274
2605,新興,25,12,13,凱基-鳳山,2024-05-09,9274
2363,矽統,19,7,12,凱基-鳳山,2024-05-09,9274
1612,宏泰,12,0,12,凱基-鳳山,2024-05-09,9274
2101,南港,15,3,12,凱基-鳳山,2024-05-09,9274
3715,定穎投控,17,5,12,凱基-鳳山,2024-05-09,9274
5371,中光電,13,1,12,凱基-鳳山,2024-05-09,9274
5512,力麒,13,1,12,凱基-鳳山,2024-05-09,9274
1815,富喬,19,7,12,凱基-鳳山,2024-05-09,9274
2344,華邦電,11,0,11,凱基-鳳山,2024-05-09,9274
3706,神達,25,14,11,凱基-鳳山,2024-05-09,9274
00720B,元大投資級公司債,11,0,11,凱基-鳳山,2024-05-09,9274
00933B,國泰10Y+金融債,15,4,11,凱基-鳳山,2024-05-09,9274
2354,鴻準,22,11,11,凱基-鳳山,2024-05-09,9274
2408,南亞科,13,2,11,凱基-鳳山,2024-05-09,9274
2534,宏盛,11,0,11,凱基-鳳山,2024-05-09,9274
3686,達能,13,2,11,凱基-鳳山,2024-05-09,9274
4967,十銓,17,6,11,凱基-鳳山,2024-05-09,9274
2885,元大金,12,1,11,凱基-鳳山,2024-05-09,9274
5871,中租-KY,10,0,10,凱基-鳳山,2024-05-09,9274
1101,台泥,251,3,248,凱基-鳳山,2024-05-10,9274
00937B,群益ESG投等債20,220,1,219,凱基-鳳山,2024-05-10,9274
00929,復華台灣科技優息,179,0,179,凱基-鳳山,2024-05-10,9274
1532,勤美,81,10,71,凱基-鳳山,2024-05-10,9274
2002,中鋼,60,2,58,凱基-鳳山,2024-05-10,9274
2883,凱基金,81,24,57,凱基-鳳山,2024-05-10,9274
3047,訊舟,51,0,51,凱基-鳳山,2024-05-10,9274
1304,台聚,50,0,50,凱基-鳳山,2024-05-10,9274
1308,亞聚,50,0,50,凱基-鳳山,2024-05-10,9274
00946,群益科技高息成長,49,0,49,凱基-鳳山,2024-05-10,9274
2851,中再保,48,0,48,凱基-鳳山,2024-05-10,9274
2323,中環,34,1,33,凱基-鳳山,2024-05-10,9274
2371,大同,39,9,30,凱基-鳳山,2024-05-10,9274
00720B,元大投資級公司債,30,0,30,凱基-鳳山,2024-05-10,9274
00751B,元大AAA至A公司債,30,2,28,凱基-鳳山,2024-05-10,9274
2317,鴻海,33,6,27,凱基-鳳山,2024-05-10,9274
6274,台燿,29,4,25,凱基-鳳山,2024-05-10,9274
2313,華通,34,12,22,凱基-鳳山,2024-05-10,9274
9958,世紀鋼,42,21,21,凱基-鳳山,2024-05-10,9274
2365,昆盈,20,0,20,凱基-鳳山,2024-05-10,9274
2369,菱生,20,0,20,凱基-鳳山,2024-05-10,9274
2363,矽統,25,8,17,凱基-鳳山,2024-05-10,9274
2354,鴻準,22,6,16,凱基-鳳山,2024-05-10,9274
2014,中鴻,16,0,16,凱基-鳳山,2024-05-10,9274
3376,新日興,25,9,16,凱基-鳳山,2024-05-10,9274
4127,天良,22,7,15,凱基-鳳山,2024-05-10,9274
2885,元大金,20,5,15,凱基-鳳山,2024-05-10,9274
1723,中碳,14,0,14,凱基-鳳山,2024-05-10,9274
6005,群益證,16,3,13,凱基-鳳山,2024-05-10,9274
2439,美律,13,0,13,凱基-鳳山,2024-05-10,9274
8926,台汽電,14,2,12,凱基-鳳山,2024-05-10,9274
4128,中天,12,0,12,凱基-鳳山,2024-05-10,9274
2477,美隆電,12,0,12,凱基-鳳山,2024-05-10,9274
1305,華夏,12,0,12,凱基-鳳山,2024-05-10,9274
4949,有成精密,11,0,11,凱基-鳳山,2024-05-10,9274
9945,潤泰新,17,6,11,凱基-鳳山,2024-05-10,9274
00673R,期元大S＆P原油反1,10,0,10,凱基-鳳山,2024-05-10,9274
2367,燿華,20,10,10,凱基-鳳山,2024-05-10,9274
2816,旺旺保,10,0,10,凱基-鳳山,2024-05-10,9274
3338,泰碩,11,1,10,凱基-鳳山,2024-05-10,9274
3663,鑫科,10,0,10,凱基-鳳山,2024-05-10,9274
4909,新復興,10,0,10,凱基-鳳山,2024-05-10,9274
6550,北極星藥業-KY,10,0,10,凱基-鳳山,2024-05-10,9274
6757,台灣虎航,10,0,10,凱基-鳳山,2024-05-10,9274
8069,元太,11,1,10,凱基-鳳山,2024-05-10,9274
9105,泰金寶-DR,10,0,10,凱基-鳳山,2024-05-10,9274
1316,上曜,12,3,9,凱基-鳳山,2024-05-10,9274
1605,華新,14,5,9,凱基-鳳山,2024-05-10,9274
1718,中纖,14,5,9,凱基-鳳山,2024-05-10,9274
2630,亞航,10,1,9,凱基-鳳山,2024-05-10,9274
00937B,群益ESG投等債20,145,5,140,凱基-鳳山,2024-05-13,9274
6290,良維,119,0,119,凱基-鳳山,2024-05-13,9274
2641,正德,115,8,107,凱基-鳳山,2024-05-13,9274
2241,艾姆勒,133,31,102,凱基-鳳山,2024-05-13,9274
00679B,元大美債20年,87,3,84,凱基-鳳山,2024-05-13,9274
2883,凱基金,73,4,69,凱基-鳳山,2024-05-13,9274
2618,長榮航,134,78,56,凱基-鳳山,2024-05-13,9274
00929,復華台灣科技優息,152,98,54,凱基-鳳山,2024-05-13,9274
2867,三商壽,63,10,53,凱基-鳳山,2024-05-13,9274
3231,緯創,55,3,52,凱基-鳳山,2024-05-13,9274
2020,美亞,34,0,34,凱基-鳳山,2024-05-13,9274
2606,裕民,81,49,32,凱基-鳳山,2024-05-13,9274
5371,中光電,43,11,32,凱基-鳳山,2024-05-13,9274
6274,台燿,34,2,32,凱基-鳳山,2024-05-13,9274
2834,臺企銀,31,0,31,凱基-鳳山,2024-05-13,9274
2387,精元,30,0,30,凱基-鳳山,2024-05-13,9274
2349,錸德,24,0,24,凱基-鳳山,2024-05-13,9274
4967,十銓,25,2,23,凱基-鳳山,2024-05-13,9274
2891,中信金,37,16,21,凱基-鳳山,2024-05-13,9274
2851,中再保,27,6,21,凱基-鳳山,2024-05-13,9274
1795,美時,22,2,20,凱基-鳳山,2024-05-13,9274
1453,大將,20,0,20,凱基-鳳山,2024-05-13,9274
2314,台揚,20,0,20,凱基-鳳山,2024-05-13,9274
2340,台亞,20,0,20,凱基-鳳山,2024-05-13,9274
00632R,元大台灣50反1,71,52,19,凱基-鳳山,2024-05-13,9274
1609,大亞,26,7,19,凱基-鳳山,2024-05-13,9274
2317,鴻海,33,15,18,凱基-鳳山,2024-05-13,9274
2359,所羅門,22,6,16,凱基-鳳山,2024-05-13,9274
2354,鴻準,36,21,15,凱基-鳳山,2024-05-13,9274
00944,野村趨勢動能高息,16,1,15,凱基-鳳山,2024-05-13,9274
00715L,期街口布蘭特正2,14,0,14,凱基-鳳山,2024-05-13,9274
2609,陽明,135,121,14,凱基-鳳山,2024-05-13,9274
2634,漢翔,13,0,13,凱基-鳳山,2024-05-13,9274
2485,兆赫,12,0,12,凱基-鳳山,2024-05-13,9274
2605,新興,36,24,12,凱基-鳳山,2024-05-13,9274
2356,英業達,14,3,11,凱基-鳳山,2024-05-13,9274
1444,力麗,10,0,10,凱基-鳳山,2024-05-13,9274
1504,東元,10,0,10,凱基-鳳山,2024-05-13,9274
2511,太子,12,2,10,凱基-鳳山,2024-05-13,9274
2608,嘉里大榮,10,0,10,凱基-鳳山,2024-05-13,9274
2913,農林,10,0,10,凱基-鳳山,2024-05-13,9274
3049,精金,10,0,10,凱基-鳳山,2024-05-13,9274
6279,胡連,10,0,10,凱基-鳳山,2024-05-13,9274
2449,京元電子,9,0,9,凱基-鳳山,2024-05-13,9274
5475,德宏,9,0,9,凱基-鳳山,2024-05-13,9274
5519,隆大,11,2,9,凱基-鳳山,2024-05-13,9274
6163,華電網,10,1,9,凱基-鳳山,2024-05-13,9274
3390,旭軟,11,2,9,凱基-鳳山,2024-05-13,9274
00878,國泰永續高股息,11,3,8,凱基-鳳山,2024-05-13,9274
2409,友達,10,2,8,凱基-鳳山,2024-05-13,9274
2615,萬海,289,170,119,凱基-鳳山,2024-05-14,9274
00937B,群益ESG投等債20,97,0,97,凱基-鳳山,2024-05-14,9274
00878,國泰永續高股息,134,47,87,凱基-鳳山,2024-05-14,9274
4909,新復興,51,0,51,凱基-鳳山,2024-05-14,9274
00637L,元大滬深300正2,50,1,49,凱基-鳳山,2024-05-14,9274
4714,永捷,43,7,36,凱基-鳳山,2024-05-14,9274
6216,居易,31,0,31,凱基-鳳山,2024-05-14,9274
3231,緯創,30,1,29,凱基-鳳山,2024-05-14,9274
2515,中工,31,2,29,凱基-鳳山,2024-05-14,9274
2851,中再保,28,1,27,凱基-鳳山,2024-05-14,9274
2890,永豐金,26,0,26,凱基-鳳山,2024-05-14,9274
1313,聯成,25,0,25,凱基-鳳山,2024-05-14,9274
2317,鴻海,38,14,24,凱基-鳳山,2024-05-14,9274
5871,中租-KY,37,14,23,凱基-鳳山,2024-05-14,9274
00679B,元大美債20年,23,0,23,凱基-鳳山,2024-05-14,9274
00944,野村趨勢動能高息,23,0,23,凱基-鳳山,2024-05-14,9274
3284,太普高,24,2,22,凱基-鳳山,2024-05-14,9274
2323,中環,20,0,20,凱基-鳳山,2024-05-14,9274
2409,友達,20,0,20,凱基-鳳山,2024-05-14,9274
5009,榮剛,21,1,20,凱基-鳳山,2024-05-14,9274
5546,永固-KY,20,0,20,凱基-鳳山,2024-05-14,9274
9907,統一實,20,0,20,凱基-鳳山,2024-05-14,9274
2884,玉山金,21,1,20,凱基-鳳山,2024-05-14,9274
9945,潤泰新,27,8,19,凱基-鳳山,2024-05-14,9274
8112,至上,19,0,19,凱基-鳳山,2024-05-14,9274
3060,銘異,18,0,18,凱基-鳳山,2024-05-14,9274
2353,宏��,63,45,18,凱基-鳳山,2024-05-14,9274
00919,群益台灣精選高息,31,15,16,凱基-鳳山,2024-05-14,9274
2610,華航,30,14,16,凱基-鳳山,2024-05-14,9274
1314,中石化,16,0,16,凱基-鳳山,2024-05-14,9274
1101,台泥,15,0,15,凱基-鳳山,2024-05-14,9274
5392,能率,34,19,15,凱基-鳳山,2024-05-14,9274
4949,有成精密,14,0,14,凱基-鳳山,2024-05-14,9274
1718,中纖,15,1,14,凱基-鳳山,2024-05-14,9274
1522,堤維西,26,14,12,凱基-鳳山,2024-05-14,9274
6274,台燿,43,31,12,凱基-鳳山,2024-05-14,9274
00632R,元大台灣50反1,10,0,10,凱基-鳳山,2024-05-14,9274
2106,建大,10,0,10,凱基-鳳山,2024-05-14,9274
2236,百達-KY,10,0,10,凱基-鳳山,2024-05-14,9274
2836,高雄銀,10,0,10,凱基-鳳山,2024-05-14,9274
3013,晟銘電,11,1,10,凱基-鳳山,2024-05-14,9274
8069,元太,10,0,10,凱基-鳳山,2024-05-14,9274
00687B,國泰20年美債,10,1,9,凱基-鳳山,2024-05-14,9274
1582,信錦,10,1,9,凱基-鳳山,2024-05-14,9274
2834,臺企銀,12,3,9,凱基-鳳山,2024-05-14,9274
6166,凌華,10,1,9,凱基-鳳山,2024-05-14,9274
2882,國泰金,8,0,8,凱基-鳳山,2024-05-14,9274
3715,定穎投控,8,0,8,凱基-鳳山,2024-05-14,9274
2377,微星,10,2,8,凱基-鳳山,2024-05-14,9274
00940,元大台灣價值高息,42,35,7,凱基-鳳山,2024-05-14,9274
00882,中信中國高股息,386,14,372,凱基-鳳山,2024-05-15,9274
3481,群創,356,98,258,凱基-鳳山,2024-05-15,9274
00878,國泰永續高股息,341,154,187,凱基-鳳山,2024-05-15,9274
2880,華南金,102,2,100,凱基-鳳山,2024-05-15,9274
00929,復華台灣科技優息,156,67,89,凱基-鳳山,2024-05-15,9274
2367,燿華,121,39,82,凱基-鳳山,2024-05-15,9274
8112,至上,96,22,74,凱基-鳳山,2024-05-15,9274
2356,英業達,87,24,63,凱基-鳳山,2024-05-15,9274
00932,兆豐永續高息等權,53,0,53,凱基-鳳山,2024-05-15,9274
6290,良維,49,0,49,凱基-鳳山,2024-05-15,9274
00940,元大台灣價值高息,52,7,45,凱基-鳳山,2024-05-15,9274
5508,永信建,45,1,44,凱基-鳳山,2024-05-15,9274
00919,群益台灣精選高息,54,11,43,凱基-鳳山,2024-05-15,9274
3548,兆利,42,0,42,凱基-鳳山,2024-05-15,9274
2611,志信,42,1,41,凱基-鳳山,2024-05-15,9274
1314,中石化,39,5,34,凱基-鳳山,2024-05-15,9274
6282,康舒,34,0,34,凱基-鳳山,2024-05-15,9274
3034,聯詠,51,21,30,凱基-鳳山,2024-05-15,9274
3712,永崴投控,31,1,30,凱基-鳳山,2024-05-15,9274
2363,矽統,112,84,28,凱基-鳳山,2024-05-15,9274
2002,中鋼,27,0,27,凱基-鳳山,2024-05-15,9274
9958,世紀鋼,109,82,27,凱基-鳳山,2024-05-15,9274
2801,彰銀,26,1,25,凱基-鳳山,2024-05-15,9274
00937B,群益ESG投等債20,23,0,23,凱基-鳳山,2024-05-15,9274
00944,野村趨勢動能高息,21,0,21,凱基-鳳山,2024-05-15,9274
6188,廣明,38,17,21,凱基-鳳山,2024-05-15,9274
1570,力肯,20,0,20,凱基-鳳山,2024-05-15,9274
6509,聚和,20,0,20,凱基-鳳山,2024-05-15,9274
2515,中工,19,0,19,凱基-鳳山,2024-05-15,9274
6274,台燿,59,43,16,凱基-鳳山,2024-05-15,9274
4949,有成精密,15,0,15,凱基-鳳山,2024-05-15,9274
4960,誠美材,15,0,15,凱基-鳳山,2024-05-15,9274
8926,台汽電,15,0,15,凱基-鳳山,2024-05-15,9274
1532,勤美,19,5,14,凱基-鳳山,2024-05-15,9274
2371,大同,16,2,14,凱基-鳳山,2024-05-15,9274
2634,漢翔,18,4,14,凱基-鳳山,2024-05-15,9274
00936,台新永續高息中小,13,0,13,凱基-鳳山,2024-05-15,9274
1742,台蠟,13,0,13,凱基-鳳山,2024-05-15,9274
4915,致伸,13,0,13,凱基-鳳山,2024-05-15,9274
2618,長榮航,26,13,13,凱基-鳳山,2024-05-15,9274
2323,中環,27,15,12,凱基-鳳山,2024-05-15,9274
2537,聯上發,27,15,12,凱基-鳳山,2024-05-15,9274
2486,一詮,19,8,11,凱基-鳳山,2024-05-15,9274
2603,長榮,52,41,11,凱基-鳳山,2024-05-15,9274
00715L,期街口布蘭特正2,11,0,11,凱基-鳳山,2024-05-15,9274
1442,名軒,11,0,11,凱基-鳳山,2024-05-15,9274
2344,華邦電,13,2,11,凱基-鳳山,2024-05-15,9274
3050,鈺德,13,2,11,凱基-鳳山,2024-05-15,9274
6197,佳必琪,12,1,11,凱基-鳳山,2024-05-15,9274
00646,元大S＆P500,10,0,10,凱基-鳳山,2024-05-15,9274
00933B,國泰10Y+金融債,300,21,279,凱基-鳳山,2024-05-16,9274
00937B,群益ESG投等債20,254,15,239,凱基-鳳山,2024-05-16,9274
2356,英業達,165,23,142,凱基-鳳山,2024-05-16,9274
5371,中光電,108,5,103,凱基-鳳山,2024-05-16,9274
8096,擎亞,84,33,51,凱基-鳳山,2024-05-16,9274
2511,太子,65,22,43,凱基-鳳山,2024-05-16,9274
2359,所羅門,159,116,43,凱基-鳳山,2024-05-16,9274
00929,復華台灣科技優息,98,59,39,凱基-鳳山,2024-05-16,9274
3231,緯創,52,13,39,凱基-鳳山,2024-05-16,9274
1442,名軒,52,14,38,凱基-鳳山,2024-05-16,9274
2365,昆盈,70,32,38,凱基-鳳山,2024-05-16,9274
3617,碩天,47,17,30,凱基-鳳山,2024-05-16,9274
6125,廣運,41,12,29,凱基-鳳山,2024-05-16,9274
1608,華榮,65,38,27,凱基-鳳山,2024-05-16,9274
4909,新復興,22,0,22,凱基-鳳山,2024-05-16,9274
6290,良維,27,5,22,凱基-鳳山,2024-05-16,9274
2022,聚亨,20,0,20,凱基-鳳山,2024-05-16,9274
2353,宏��,25,6,19,凱基-鳳山,2024-05-16,9274
4966,譜瑞-KY,20,1,19,凱基-鳳山,2024-05-16,9274
2887,台新金,24,5,19,凱基-鳳山,2024-05-16,9274
2337,旺宏,20,4,16,凱基-鳳山,2024-05-16,9274
3024,憶聲,20,4,16,凱基-鳳山,2024-05-16,9274
6282,康舒,15,0,15,凱基-鳳山,2024-05-16,9274
00922,國泰台灣領袖50,14,0,14,凱基-鳳山,2024-05-16,9274
6215,和椿,25,11,14,凱基-鳳山,2024-05-16,9274
00632R,元大台灣50反1,12,0,12,凱基-鳳山,2024-05-16,9274
2543,皇昌,12,0,12,凱基-鳳山,2024-05-16,9274
3376,新日興,12,0,12,凱基-鳳山,2024-05-16,9274
00680L,元大美債20正2,30,19,11,凱基-鳳山,2024-05-16,9274
2329,華泰,16,5,11,凱基-鳳山,2024-05-16,9274
2882,國泰金,25,14,11,凱基-鳳山,2024-05-16,9274
00688L,國泰20年美債正2,10,0,10,凱基-鳳山,2024-05-16,9274
1218,泰山,10,0,10,凱基-鳳山,2024-05-16,9274
1305,華夏,11,1,10,凱基-鳳山,2024-05-16,9274
1313,聯成,10,0,10,凱基-鳳山,2024-05-16,9274
1325,恆大,10,0,10,凱基-鳳山,2024-05-16,9274
1528,恩德,10,0,10,凱基-鳳山,2024-05-16,9274
3221,台嘉碩,10,0,10,凱基-鳳山,2024-05-16,9274
3705,永信,10,0,10,凱基-鳳山,2024-05-16,9274
5511,德昌,10,0,10,凱基-鳳山,2024-05-16,9274
5515,建國,10,0,10,凱基-鳳山,2024-05-16,9274
6166,凌華,10,0,10,凱基-鳳山,2024-05-16,9274
2382,廣達,44,34,10,凱基-鳳山,2024-05-16,9274
006208,富邦台50,10,0,10,凱基-鳳山,2024-05-16,9274
1309,台達化,10,1,9,凱基-鳳山,2024-05-16,9274
9933,中鼎,29,20,9,凱基-鳳山,2024-05-16,9274
6550,北極星藥業-KY,8,0,8,凱基-鳳山,2024-05-16,9274
2354,鴻準,15,7,8,凱基-鳳山,2024-05-16,9274
00918,大華優利高填息30,10,2,8,凱基-鳳山,2024-05-16,9274
2009,第一銅,13,6,7,凱基-鳳山,2024-05-16,9274
3059,華晶科,274,104,170,凱基-鳳山,2024-05-17,9274
3047,訊舟,567,422,145,凱基-鳳山,2024-05-17,9274
00878,國泰永續高股息,145,5,140,凱基-鳳山,2024-05-17,9274
3481,群創,215,112,103,凱基-鳳山,2024-05-17,9274
00929,復華台灣科技優息,109,8,101,凱基-鳳山,2024-05-17,9274
2888,新光金,67,1,66,凱基-鳳山,2024-05-17,9274
6197,佳必琪,58,1,57,凱基-鳳山,2024-05-17,9274
00937B,群益ESG投等債20,56,1,55,凱基-鳳山,2024-05-17,9274
8069,元太,53,0,53,凱基-鳳山,2024-05-17,9274
2241,艾姆勒,54,3,51,凱基-鳳山,2024-05-17,9274
00857B,永豐20年美公債,50,0,50,凱基-鳳山,2024-05-17,9274
00946,群益科技高息成長,47,0,47,凱基-鳳山,2024-05-17,9274
3060,銘異,75,34,41,凱基-鳳山,2024-05-17,9274
00933B,國泰10Y+金融債,33,0,33,凱基-鳳山,2024-05-17,9274
2606,裕民,34,2,32,凱基-鳳山,2024-05-17,9274
3176,基亞,47,15,32,凱基-鳳山,2024-05-17,9274
2887,台新金,32,4,28,凱基-鳳山,2024-05-17,9274
5871,中租-KY,28,0,28,凱基-鳳山,2024-05-17,9274
2349,錸德,61,34,27,凱基-鳳山,2024-05-17,9274
2374,佳能,140,114,26,凱基-鳳山,2024-05-17,9274
2537,聯上發,49,23,26,凱基-鳳山,2024-05-17,9274
2367,燿華,96,71,25,凱基-鳳山,2024-05-17,9274
3576,聯合再生,47,23,24,凱基-鳳山,2024-05-17,9274
1815,富喬,27,5,22,凱基-鳳山,2024-05-17,9274
4167,松瑞藥,22,0,22,凱基-鳳山,2024-05-17,9274
6274,台燿,38,17,21,凱基-鳳山,2024-05-17,9274
00673R,期元大S＆P原油反1,20,0,20,凱基-鳳山,2024-05-17,9274
2534,宏盛,20,0,20,凱基-鳳山,2024-05-17,9274
2913,農林,20,0,20,凱基-鳳山,2024-05-17,9274
5546,永固-KY,20,0,20,凱基-鳳山,2024-05-17,9274
5706,鳳凰,21,1,20,凱基-鳳山,2024-05-17,9274
6443,元晶,25,5,20,凱基-鳳山,2024-05-17,9274
2501,國建,24,5,19,凱基-鳳山,2024-05-17,9274
3266,昇陽,19,0,19,凱基-鳳山,2024-05-17,9274
3231,緯創,26,8,18,凱基-鳳山,2024-05-17,9274
2317,鴻海,47,29,18,凱基-鳳山,2024-05-17,9274
2618,長榮航,45,30,15,凱基-鳳山,2024-05-17,9274
2408,南亞科,22,8,14,凱基-鳳山,2024-05-17,9274
8277,商丞,14,0,14,凱基-鳳山,2024-05-17,9274
1301,台塑,13,0,13,凱基-鳳山,2024-05-17,9274
6116,彩晶,15,2,13,凱基-鳳山,2024-05-17,9274
1305,華夏,12,0,12,凱基-鳳山,2024-05-17,9274
2406,國碩,18,6,12,凱基-鳳山,2024-05-17,9274
5508,永信建,14,2,12,凱基-鳳山,2024-05-17,9274
5519,隆大,15,3,12,凱基-鳳山,2024-05-17,9274
1514,亞力,15,4,11,凱基-鳳山,2024-05-17,9274
00688L,國泰20年美債正2,10,0,10,凱基-鳳山,2024-05-17,9274
2436,偉詮電,10,0,10,凱基-鳳山,2024-05-17,9274
2637,慧洋-KY,15,5,10,凱基-鳳山,2024-05-17,9274
4714,永捷,11,1,10,凱基-鳳山,2024-05-17,9274
2401,凌陽,279,28,251,凱基-鳳山,2024-05-20,9274
3231,緯創,122,8,114,凱基-鳳山,2024-05-20,9274
2867,三商壽,162,49,113,凱基-鳳山,2024-05-20,9274
00946,群益科技高息成長,107,2,105,凱基-鳳山,2024-05-20,9274
00929,復華台灣科技優息,94,4,90,凱基-鳳山,2024-05-20,9274
2618,長榮航,103,17,86,凱基-鳳山,2024-05-20,9274
2356,英業達,88,6,82,凱基-鳳山,2024-05-20,9274
5371,中光電,89,25,64,凱基-鳳山,2024-05-20,9274
2362,藍天,79,16,63,凱基-鳳山,2024-05-20,9274
2317,鴻海,61,4,57,凱基-鳳山,2024-05-20,9274
2367,燿華,137,85,52,凱基-鳳山,2024-05-20,9274
00878,國泰永續高股息,68,18,50,凱基-鳳山,2024-05-20,9274
3033,威健,52,3,49,凱基-鳳山,2024-05-20,9274
3294,英濟,119,75,44,凱基-鳳山,2024-05-20,9274
00679B,元大美債20年,39,1,38,凱基-鳳山,2024-05-20,9274
2329,華泰,34,2,32,凱基-鳳山,2024-05-20,9274
6216,居易,38,8,30,凱基-鳳山,2024-05-20,9274
4960,誠美材,140,111,29,凱基-鳳山,2024-05-20,9274
2736,富野,25,1,24,凱基-鳳山,2024-05-20,9274
00937B,群益ESG投等債20,23,0,23,凱基-鳳山,2024-05-20,9274
00919,群益台灣精選高息,23,0,23,凱基-鳳山,2024-05-20,9274
2101,南港,22,0,22,凱基-鳳山,2024-05-20,9274
5324,士開,21,0,21,凱基-鳳山,2024-05-20,9274
00673R,期元大S＆P原油反1,20,0,20,凱基-鳳山,2024-05-20,9274
2913,農林,20,0,20,凱基-鳳山,2024-05-20,9274
2882,國泰金,19,0,19,凱基-鳳山,2024-05-20,9274
2609,陽明,22,3,19,凱基-鳳山,2024-05-20,9274
1305,華夏,21,3,18,凱基-鳳山,2024-05-20,9274
2316,楠梓電,18,4,14,凱基-鳳山,2024-05-20,9274
2324,仁寶,13,0,13,凱基-鳳山,2024-05-20,9274
3176,基亞,13,0,13,凱基-鳳山,2024-05-20,9274
00915,凱基優選高股息30,12,0,12,凱基-鳳山,2024-05-20,9274
00933B,國泰10Y+金融債,13,1,12,凱基-鳳山,2024-05-20,9274
1504,東元,13,1,12,凱基-鳳山,2024-05-20,9274
2851,中再保,12,0,12,凱基-鳳山,2024-05-20,9274
8033,雷虎,12,0,12,凱基-鳳山,2024-05-20,9274
2323,中環,13,2,11,凱基-鳳山,2024-05-20,9274
5258,虹堡,11,0,11,凱基-鳳山,2024-05-20,9274
3234,光環,11,0,11,凱基-鳳山,2024-05-20,9274
00713,元大台灣高息低波,11,0,11,凱基-鳳山,2024-05-20,9274
00680L,元大美債20正2,10,0,10,凱基-鳳山,2024-05-20,9274
1201,味全,10,0,10,凱基-鳳山,2024-05-20,9274
1303,南亞,12,2,10,凱基-鳳山,2024-05-20,9274
4934,太極,10,0,10,凱基-鳳山,2024-05-20,9274
5364,力麗店,10,0,10,凱基-鳳山,2024-05-20,9274
6770,力積電,12,3,9,凱基-鳳山,2024-05-20,9274
00918,大華優利高填息30,10,1,9,凱基-鳳山,2024-05-20,9274
1563,巧新,9,0,9,凱基-鳳山,2024-05-20,9274
2467,志聖,13,4,9,凱基-鳳山,2024-05-20,9274
2743,山富,21,12,9,凱基-鳳山,2024-05-20,9274
2888,新光金,321,100,221,凱基-鳳山,2024-05-21,9274
3481,群創,246,76,170,凱基-鳳山,2024-05-21,9274
00929,復華台灣科技優息,121,4,117,凱基-鳳山,2024-05-21,9274
2891,中信金,194,105,89,凱基-鳳山,2024-05-21,9274
1605,華新,90,4,86,凱基-鳳山,2024-05-21,9274
00937B,群益ESG投等債20,57,3,54,凱基-鳳山,2024-05-21,9274
2365,昆盈,55,4,51,凱基-鳳山,2024-05-21,9274
2537,聯上發,52,2,50,凱基-鳳山,2024-05-21,9274
00878,國泰永續高股息,55,7,48,凱基-鳳山,2024-05-21,9274
2618,長榮航,55,10,45,凱基-鳳山,2024-05-21,9274
2392,正崴,75,32,43,凱基-鳳山,2024-05-21,9274
2362,藍天,42,0,42,凱基-鳳山,2024-05-21,9274
2367,燿華,182,141,41,凱基-鳳山,2024-05-21,9274
8112,至上,42,3,39,凱基-鳳山,2024-05-21,9274
00933B,國泰10Y+金融債,38,2,36,凱基-鳳山,2024-05-21,9274
2356,英業達,45,10,35,凱基-鳳山,2024-05-21,9274
2883,凱基金,41,7,34,凱基-鳳山,2024-05-21,9274
1612,宏泰,36,2,34,凱基-鳳山,2024-05-21,9274
2867,三商壽,58,26,32,凱基-鳳山,2024-05-21,9274
2317,鴻海,33,2,31,凱基-鳳山,2024-05-21,9274
5014,建錩,25,0,25,凱基-鳳山,2024-05-21,9274
00940,元大台灣價值高息,31,7,24,凱基-鳳山,2024-05-21,9274
2324,仁寶,25,3,22,凱基-鳳山,2024-05-21,9274
2460,建通,21,0,21,凱基-鳳山,2024-05-21,9274
2401,凌陽,45,24,21,凱基-鳳山,2024-05-21,9274
3437,榮創,20,0,20,凱基-鳳山,2024-05-21,9274
6514,芮特-KY,20,0,20,凱基-鳳山,2024-05-21,9274
2610,華航,42,23,19,凱基-鳳山,2024-05-21,9274
2515,中工,20,1,19,凱基-鳳山,2024-05-21,9274
1303,南亞,17,0,17,凱基-鳳山,2024-05-21,9274
2349,錸德,17,0,17,凱基-鳳山,2024-05-21,9274
1808,潤隆,16,0,16,凱基-鳳山,2024-05-21,9274
1313,聯成,16,0,16,凱基-鳳山,2024-05-21,9274
4533,協易機,34,18,16,凱基-鳳山,2024-05-21,9274
5521,工信,16,0,16,凱基-鳳山,2024-05-21,9274
2102,泰豐,15,0,15,凱基-鳳山,2024-05-21,9274
3305,昇貿,17,2,15,凱基-鳳山,2024-05-21,9274
2884,玉山金,16,1,15,凱基-鳳山,2024-05-21,9274
8033,雷虎,14,0,14,凱基-鳳山,2024-05-21,9274
2834,臺企銀,14,1,13,凱基-鳳山,2024-05-21,9274
2002,中鋼,13,0,13,凱基-鳳山,2024-05-21,9274
1305,華夏,13,0,13,凱基-鳳山,2024-05-21,9274
2409,友達,13,0,13,凱基-鳳山,2024-05-21,9274
2801,彰銀,13,0,13,凱基-鳳山,2024-05-21,9274
3010,華立,13,0,13,凱基-鳳山,2024-05-21,9274
5009,榮剛,12,0,12,凱基-鳳山,2024-05-21,9274
5258,虹堡,13,1,12,凱基-鳳山,2024-05-21,9274
2609,陽明,26,14,12,凱基-鳳山,2024-05-21,9274
8028,昇陽半導體,23,12,11,凱基-鳳山,2024-05-21,9274
2887,台新金,12,1,11,凱基-鳳山,2024-05-21,9274
3047,訊舟,1529,1268,261,凱基-鳳山,2024-05-22,9274
00632R,元大台灣50反1,217,23,194,凱基-鳳山,2024-05-22,9274
2881,富邦金,169,2,167,凱基-鳳山,2024-05-22,9274
4533,協易機,167,44,123,凱基-鳳山,2024-05-22,9274
8110,華東,93,3,90,凱基-鳳山,2024-05-22,9274
1815,富喬,201,113,88,凱基-鳳山,2024-05-22,9274
5871,中租-KY,60,1,59,凱基-鳳山,2024-05-22,9274
2888,新光金,57,0,57,凱基-鳳山,2024-05-22,9274
2515,中工,63,7,56,凱基-鳳山,2024-05-22,9274
6546,正基,59,4,55,凱基-鳳山,2024-05-22,9274
9105,泰金寶-DR,55,1,54,凱基-鳳山,2024-05-22,9274
2891,中信金,88,36,52,凱基-鳳山,2024-05-22,9274
3294,英濟,48,0,48,凱基-鳳山,2024-05-22,9274
2610,華航,62,17,45,凱基-鳳山,2024-05-22,9274
2241,艾姆勒,51,11,40,凱基-鳳山,2024-05-22,9274
3706,神達,49,11,38,凱基-鳳山,2024-05-22,9274
2002,中鋼,38,3,35,凱基-鳳山,2024-05-22,9274
4707,磐亞,30,0,30,凱基-鳳山,2024-05-22,9274
2014,中鴻,30,1,29,凱基-鳳山,2024-05-22,9274
4123,晟德,27,0,27,凱基-鳳山,2024-05-22,9274
2489,瑞軒,29,4,25,凱基-鳳山,2024-05-22,9274
1612,宏泰,31,8,23,凱基-鳳山,2024-05-22,9274
1809,中釉,21,0,21,凱基-鳳山,2024-05-22,9274
6207,雷科,31,10,21,凱基-鳳山,2024-05-22,9274
3360,尚立,25,5,20,凱基-鳳山,2024-05-22,9274
8011,台通,20,0,20,凱基-鳳山,2024-05-22,9274
8105,凌巨,20,0,20,凱基-鳳山,2024-05-22,9274
6125,廣運,65,46,19,凱基-鳳山,2024-05-22,9274
1795,美時,20,1,19,凱基-鳳山,2024-05-22,9274
3035,智原,20,1,19,凱基-鳳山,2024-05-22,9274
5392,能率,47,28,19,凱基-鳳山,2024-05-22,9274
3033,威健,23,6,17,凱基-鳳山,2024-05-22,9274
00715L,期街口布蘭特正2,15,0,15,凱基-鳳山,2024-05-22,9274
00885,富邦越南,20,5,15,凱基-鳳山,2024-05-22,9274
3689,湧德,15,0,15,凱基-鳳山,2024-05-22,9274
00639,富邦深100,14,0,14,凱基-鳳山,2024-05-22,9274
8071,能率網通,99,85,14,凱基-鳳山,2024-05-22,9274
4543,萬在,20,7,13,凱基-鳳山,2024-05-22,9274
6215,和椿,21,8,13,凱基-鳳山,2024-05-22,9274
1303,南亞,13,0,13,凱基-鳳山,2024-05-22,9274
00937B,群益ESG投等債20,13,0,13,凱基-鳳山,2024-05-22,9274
3520,華盈,31,18,13,凱基-鳳山,2024-05-22,9274
8121,越峰,13,0,13,凱基-鳳山,2024-05-22,9274
2027,大成鋼,14,1,13,凱基-鳳山,2024-05-22,9274
00933B,國泰10Y+金融債,37,25,12,凱基-鳳山,2024-05-22,9274
2618,長榮航,27,16,11,凱基-鳳山,2024-05-22,9274
6244,茂迪,11,0,11,凱基-鳳山,2024-05-22,9274
6538,倉和,11,0,11,凱基-鳳山,2024-05-22,9274
3163,波若威,22,11,11,凱基-鳳山,2024-05-22,9274
6770,力積電,28,17,11,凱基-鳳山,2024-05-22,9274
1714,和桐,405,3,402,凱基-鳳山,2024-05-23,9274
2014,中鴻,220,21,199,凱基-鳳山,2024-05-23,9274
3481,群創,367,191,176,凱基-鳳山,2024-05-23,9274
2881,富邦金,150,0,150,凱基-鳳山,2024-05-23,9274
1815,富喬,328,194,134,凱基-鳳山,2024-05-23,9274
00665L,富邦�琤肭磪囓�2,119,0,119,凱基-鳳山,2024-05-23,9274
3047,訊舟,957,842,115,凱基-鳳山,2024-05-23,9274
00940,元大台灣價值高息,142,36,106,凱基-鳳山,2024-05-23,9274
8071,能率網通,85,7,78,凱基-鳳山,2024-05-23,9274
00946,群益科技高息成長,88,11,77,凱基-鳳山,2024-05-23,9274
5508,永信建,75,0,75,凱基-鳳山,2024-05-23,9274
2002,中鋼,73,2,71,凱基-鳳山,2024-05-23,9274
2891,中信金,105,56,49,凱基-鳳山,2024-05-23,9274
2356,英業達,51,4,47,凱基-鳳山,2024-05-23,9274
2883,凱基金,54,7,47,凱基-鳳山,2024-05-23,9274
8110,華東,46,0,46,凱基-鳳山,2024-05-23,9274
2630,亞航,49,4,45,凱基-鳳山,2024-05-23,9274
2392,正崴,60,19,41,凱基-鳳山,2024-05-23,9274
5443,均豪,51,10,41,凱基-鳳山,2024-05-23,9274
2102,泰豐,40,0,40,凱基-鳳山,2024-05-23,9274
5392,能率,70,34,36,凱基-鳳山,2024-05-23,9274
2009,第一銅,63,30,33,凱基-鳳山,2024-05-23,9274
2409,友達,31,0,31,凱基-鳳山,2024-05-23,9274
3294,英濟,31,0,31,凱基-鳳山,2024-05-23,9274
2851,中再保,29,0,29,凱基-鳳山,2024-05-23,9274
6290,良維,30,1,29,凱基-鳳山,2024-05-23,9274
00937B,群益ESG投等債20,48,20,28,凱基-鳳山,2024-05-23,9274
2867,三商壽,57,30,27,凱基-鳳山,2024-05-23,9274
2610,華航,41,15,26,凱基-鳳山,2024-05-23,9274
2353,宏��,136,112,24,凱基-鳳山,2024-05-23,9274
2371,大同,34,10,24,凱基-鳳山,2024-05-23,9274
2365,昆盈,31,8,23,凱基-鳳山,2024-05-23,9274
8121,越峰,23,0,23,凱基-鳳山,2024-05-23,9274
00637L,元大滬深300正2,22,0,22,凱基-鳳山,2024-05-23,9274
912000,晨訊科-DR,22,0,22,凱基-鳳山,2024-05-23,9274
2349,錸德,22,0,22,凱基-鳳山,2024-05-23,9274
00632R,元大台灣50反1,21,0,21,凱基-鳳山,2024-05-23,9274
2324,仁寶,55,34,21,凱基-鳳山,2024-05-23,9274
2236,百達-KY,20,0,20,凱基-鳳山,2024-05-23,9274
2440,太空梭,20,0,20,凱基-鳳山,2024-05-23,9274
3705,永信,20,0,20,凱基-鳳山,2024-05-23,9274
5258,虹堡,20,0,20,凱基-鳳山,2024-05-23,9274
6274,台燿,22,2,20,凱基-鳳山,2024-05-23,9274
6216,居易,19,0,19,凱基-鳳山,2024-05-23,9274
8028,昇陽半導體,28,9,19,凱基-鳳山,2024-05-23,9274
3035,智原,17,0,17,凱基-鳳山,2024-05-23,9274
2241,艾姆勒,21,4,17,凱基-鳳山,2024-05-23,9274
2359,所羅門,69,53,16,凱基-鳳山,2024-05-23,9274
3540,曜越,16,0,16,凱基-鳳山,2024-05-23,9274
5871,中租-KY,15,0,15,凱基-鳳山,2024-05-23,9274
2392,正崴,197,19,178,凱基-鳳山,2024-05-24,9274
2888,新光金,117,5,112,凱基-鳳山,2024-05-24,9274
00937B,群益ESG投等債20,110,0,110,凱基-鳳山,2024-05-24,9274
2891,中信金,70,4,66,凱基-鳳山,2024-05-24,9274
00857B,永豐20年美公債,50,0,50,凱基-鳳山,2024-05-24,9274
5371,中光電,65,18,47,凱基-鳳山,2024-05-24,9274
00878,國泰永續高股息,60,23,37,凱基-鳳山,2024-05-24,9274
00929,復華台灣科技優息,71,35,36,凱基-鳳山,2024-05-24,9274
2486,一詮,84,49,35,凱基-鳳山,2024-05-24,9274
00637L,元大滬深300正2,34,0,34,凱基-鳳山,2024-05-24,9274
2303,聯電,48,15,33,凱基-鳳山,2024-05-24,9274
9958,世紀鋼,34,6,28,凱基-鳳山,2024-05-24,9274
2354,鴻準,37,9,28,凱基-鳳山,2024-05-24,9274
2618,長榮航,49,21,28,凱基-鳳山,2024-05-24,9274
00946,群益科技高息成長,26,0,26,凱基-鳳山,2024-05-24,9274
00646,元大S＆P500,26,1,25,凱基-鳳山,2024-05-24,9274
4190,佐登-KY,25,0,25,凱基-鳳山,2024-05-24,9274
3062,建漢,29,8,21,凱基-鳳山,2024-05-24,9274
2449,京元電子,21,1,20,凱基-鳳山,2024-05-24,9274
3050,鈺德,20,0,20,凱基-鳳山,2024-05-24,9274
6165,浪凡,20,0,20,凱基-鳳山,2024-05-24,9274
6274,台燿,23,4,19,凱基-鳳山,2024-05-24,9274
6190,萬泰科,26,8,18,凱基-鳳山,2024-05-24,9274
3706,神達,18,1,17,凱基-鳳山,2024-05-24,9274
00940,元大台灣價值高息,47,30,17,凱基-鳳山,2024-05-24,9274
6282,康舒,28,11,17,凱基-鳳山,2024-05-24,9274
6770,力積電,19,3,16,凱基-鳳山,2024-05-24,9274
2330,台積電,21,5,16,凱基-鳳山,2024-05-24,9274
2359,所羅門,35,20,15,凱基-鳳山,2024-05-24,9274
4707,磐亞,15,0,15,凱基-鳳山,2024-05-24,9274
00679B,元大美債20年,14,0,14,凱基-鳳山,2024-05-24,9274
2834,臺企銀,14,0,14,凱基-鳳山,2024-05-24,9274
6275,元山,15,1,14,凱基-鳳山,2024-05-24,9274
2610,華航,40,27,13,凱基-鳳山,2024-05-24,9274
3535,晶彩科,19,6,13,凱基-鳳山,2024-05-24,9274
2883,凱基金,41,28,13,凱基-鳳山,2024-05-24,9274
2324,仁寶,26,14,12,凱基-鳳山,2024-05-24,9274
00933B,國泰10Y+金融債,13,1,12,凱基-鳳山,2024-05-24,9274
00772B,中信高評級公司債,11,0,11,凱基-鳳山,2024-05-24,9274
1504,東元,12,1,11,凱基-鳳山,2024-05-24,9274
2613,中櫃,11,0,11,凱基-鳳山,2024-05-24,9274
6188,廣明,29,19,10,凱基-鳳山,2024-05-24,9274
6789,采鈺,11,1,10,凱基-鳳山,2024-05-24,9274
2313,華通,12,2,10,凱基-鳳山,2024-05-24,9274
1301,台塑,10,0,10,凱基-鳳山,2024-05-24,9274
2301,光寶科,69,59,10,凱基-鳳山,2024-05-24,9274
2547,日勝生,10,0,10,凱基-鳳山,2024-05-24,9274
3035,智原,15,5,10,凱基-鳳山,2024-05-24,9274
5880,合庫金,10,0,10,凱基-鳳山,2024-05-24,9274
6108,競國,10,0,10,凱基-鳳山,2024-05-24,9274
2401,凌陽,348,173,175,凱基-鳳山,2024-05-27,9274
2506,太設,100,0,100,凱基-鳳山,2024-05-27,9274
00712,復華富時不動產,100,3,97,凱基-鳳山,2024-05-27,9274
3490,單井,90,1,89,凱基-鳳山,2024-05-27,9274
9105,泰金寶-DR,80,1,79,凱基-鳳山,2024-05-27,9274
2489,瑞軒,118,44,74,凱基-鳳山,2024-05-27,9274
1714,和桐,74,1,73,凱基-鳳山,2024-05-27,9274
1815,富喬,408,344,64,凱基-鳳山,2024-05-27,9274
2881,富邦金,66,4,62,凱基-鳳山,2024-05-27,9274
2328,廣宇,62,1,61,凱基-鳳山,2024-05-27,9274
00946,群益科技高息成長,55,0,55,凱基-鳳山,2024-05-27,9274
2353,宏��,121,70,51,凱基-鳳山,2024-05-27,9274
00665L,富邦�琤肭磪囓�2,50,0,50,凱基-鳳山,2024-05-27,9274
2610,華航,60,12,48,凱基-鳳山,2024-05-27,9274
2363,矽統,122,76,46,凱基-鳳山,2024-05-27,9274
1301,台塑,47,1,46,凱基-鳳山,2024-05-27,9274
2609,陽明,94,48,46,凱基-鳳山,2024-05-27,9274
3706,神達,50,4,46,凱基-鳳山,2024-05-27,9274
2349,錸德,40,0,40,凱基-鳳山,2024-05-27,9274
2323,中環,42,3,39,凱基-鳳山,2024-05-27,9274
2618,長榮航,45,6,39,凱基-鳳山,2024-05-27,9274
8089,康全電訊,36,0,36,凱基-鳳山,2024-05-27,9274
3694,海華,34,0,34,凱基-鳳山,2024-05-27,9274
2611,志信,48,16,32,凱基-鳳山,2024-05-27,9274
00937B,群益ESG投等債20,35,6,29,凱基-鳳山,2024-05-27,9274
9958,世紀鋼,65,36,29,凱基-鳳山,2024-05-27,9274
2002,中鋼,59,36,23,凱基-鳳山,2024-05-27,9274
2514,龍邦,22,0,22,凱基-鳳山,2024-05-27,9274
6187,萬潤,21,0,21,凱基-鳳山,2024-05-27,9274
2505,國揚,20,0,20,凱基-鳳山,2024-05-27,9274
9934,成霖,20,0,20,凱基-鳳山,2024-05-27,9274
3221,台嘉碩,21,2,19,凱基-鳳山,2024-05-27,9274
3312,弘憶股,28,9,19,凱基-鳳山,2024-05-27,9274
3035,智原,16,0,16,凱基-鳳山,2024-05-27,9274
2313,華通,24,9,15,凱基-鳳山,2024-05-27,9274
9933,中鼎,15,0,15,凱基-鳳山,2024-05-27,9274
00679B,元大美債20年,24,10,14,凱基-鳳山,2024-05-27,9274
2303,聯電,50,36,14,凱基-鳳山,2024-05-27,9274
4726,永昕,14,0,14,凱基-鳳山,2024-05-27,9274
2027,大成鋼,16,3,13,凱基-鳳山,2024-05-27,9274
2417,圓剛,27,14,13,凱基-鳳山,2024-05-27,9274
00632R,元大台灣50反1,13,1,12,凱基-鳳山,2024-05-27,9274
2324,仁寶,31,19,12,凱基-鳳山,2024-05-27,9274
2355,敬鵬,12,0,12,凱基-鳳山,2024-05-27,9274
2367,燿華,60,48,12,凱基-鳳山,2024-05-27,9274
4111,濟生,12,0,12,凱基-鳳山,2024-05-27,9274
00878,國泰永續高股息,23,13,10,凱基-鳳山,2024-05-27,9274
1795,美時,11,1,10,凱基-鳳山,2024-05-27,9274
2851,中再保,10,0,10,凱基-鳳山,2024-05-27,9274
3024,憶聲,11,1,10,凱基-鳳山,2024-05-27,9274
2884,玉山金,129,1,128,凱基-鳳山,2024-05-28,9274
00680L,元大美債20正2,53,0,53,凱基-鳳山,2024-05-28,9274
1809,中釉,52,1,51,凱基-鳳山,2024-05-28,9274
2486,一詮,71,22,49,凱基-鳳山,2024-05-28,9274
2392,正崴,145,101,44,凱基-鳳山,2024-05-28,9274
2881,富邦金,51,9,42,凱基-鳳山,2024-05-28,9274
2365,昆盈,41,0,41,凱基-鳳山,2024-05-28,9274
2891,中信金,71,30,41,凱基-鳳山,2024-05-28,9274
1718,中纖,33,2,31,凱基-鳳山,2024-05-28,9274
6290,良維,47,17,30,凱基-鳳山,2024-05-28,9274
2002,中鋼,31,4,27,凱基-鳳山,2024-05-28,9274
911868,同方友友-DR,27,0,27,凱基-鳳山,2024-05-28,9274
2353,宏��,49,23,26,凱基-鳳山,2024-05-28,9274
00937B,群益ESG投等債20,30,5,25,凱基-鳳山,2024-05-28,9274
00665L,富邦�琤肭磪囓�2,23,0,23,凱基-鳳山,2024-05-28,9274
3481,群創,22,1,21,凱基-鳳山,2024-05-28,9274
3694,海華,22,1,21,凱基-鳳山,2024-05-28,9274
00646,元大S＆P500,20,0,20,凱基-鳳山,2024-05-28,9274
00946,群益科技高息成長,20,0,20,凱基-鳳山,2024-05-28,9274
2618,長榮航,48,28,20,凱基-鳳山,2024-05-28,9274
8110,華東,20,0,20,凱基-鳳山,2024-05-28,9274
2476,鉅祥,24,5,19,凱基-鳳山,2024-05-28,9274
2409,友達,20,3,17,凱基-鳳山,2024-05-28,9274
00632R,元大台灣50反1,17,0,17,凱基-鳳山,2024-05-28,9274
3545,敦泰,28,11,17,凱基-鳳山,2024-05-28,9274
2363,矽統,34,17,17,凱基-鳳山,2024-05-28,9274
6188,廣明,47,31,16,凱基-鳳山,2024-05-28,9274
3419,譁裕,16,0,16,凱基-鳳山,2024-05-28,9274
6274,台燿,15,0,15,凱基-鳳山,2024-05-28,9274
2603,長榮,62,47,15,凱基-鳳山,2024-05-28,9274
00933B,國泰10Y+金融債,14,0,14,凱基-鳳山,2024-05-28,9274
3163,波若威,18,4,14,凱基-鳳山,2024-05-28,9274
2301,光寶科,22,8,14,凱基-鳳山,2024-05-28,9274
2313,華通,13,0,13,凱基-鳳山,2024-05-28,9274
2009,第一銅,17,5,12,凱基-鳳山,2024-05-28,9274
6275,元山,27,16,11,凱基-鳳山,2024-05-28,9274
2330,台積電,12,1,11,凱基-鳳山,2024-05-28,9274
00915,凱基優選高股息30,12,1,11,凱基-鳳山,2024-05-28,9274
6227,茂綸,13,2,11,凱基-鳳山,2024-05-28,9274
8064,東捷,107,96,11,凱基-鳳山,2024-05-28,9274
8071,能率網通,11,0,11,凱基-鳳山,2024-05-28,9274
00679B,元大美債20年,27,17,10,凱基-鳳山,2024-05-28,9274
1909,榮成,10,0,10,凱基-鳳山,2024-05-28,9274
2439,美律,10,0,10,凱基-鳳山,2024-05-28,9274
4420,光明,10,0,10,凱基-鳳山,2024-05-28,9274
6141,柏承,10,0,10,凱基-鳳山,2024-05-28,9274
2481,強茂,10,0,10,凱基-鳳山,2024-05-28,9274
6207,雷科,28,18,10,凱基-鳳山,2024-05-28,9274
2887,台新金,9,0,9,凱基-鳳山,2024-05-28,9274
00878,國泰永續高股息,18,9,9,凱基-鳳山,2024-05-28,9274
3047,訊舟,1351,1048,303,凱基-鳳山,2024-05-29,9274
00937B,群益ESG投等債20,186,3,183,凱基-鳳山,2024-05-29,9274
2392,正崴,123,13,110,凱基-鳳山,2024-05-29,9274
5371,中光電,106,12,94,凱基-鳳山,2024-05-29,9274
3088,艾訊,83,6,77,凱基-鳳山,2024-05-29,9274
00929,復華台灣科技優息,128,59,69,凱基-鳳山,2024-05-29,9274
00919,群益台灣精選高息,81,16,65,凱基-鳳山,2024-05-29,9274
2881,富邦金,61,0,61,凱基-鳳山,2024-05-29,9274
00878,國泰永續高股息,65,5,60,凱基-鳳山,2024-05-29,9274
00946,群益科技高息成長,79,20,59,凱基-鳳山,2024-05-29,9274
00680L,元大美債20正2,57,0,57,凱基-鳳山,2024-05-29,9274
2883,凱基金,55,0,55,凱基-鳳山,2024-05-29,9274
2464,盟立,72,19,53,凱基-鳳山,2024-05-29,9274
2610,華航,72,20,52,凱基-鳳山,2024-05-29,9274
2489,瑞軒,99,48,51,凱基-鳳山,2024-05-29,9274
00940,元大台灣價值高息,55,5,50,凱基-鳳山,2024-05-29,9274
2353,宏��,73,25,48,凱基-鳳山,2024-05-29,9274
1229,聯華,46,0,46,凱基-鳳山,2024-05-29,9274
3035,智原,50,8,42,凱基-鳳山,2024-05-29,9274
00679B,元大美債20年,68,26,42,凱基-鳳山,2024-05-29,9274
2241,艾姆勒,40,0,40,凱基-鳳山,2024-05-29,9274
6207,雷科,40,1,39,凱基-鳳山,2024-05-29,9274
2888,新光金,45,7,38,凱基-鳳山,2024-05-29,9274
2891,中信金,115,82,33,凱基-鳳山,2024-05-29,9274
3231,緯創,61,29,32,凱基-鳳山,2024-05-29,9274
00882,中信中國高股息,31,0,31,凱基-鳳山,2024-05-29,9274
00885,富邦越南,30,0,30,凱基-鳳山,2024-05-29,9274
2314,台揚,31,1,30,凱基-鳳山,2024-05-29,9274
6216,居易,45,15,30,凱基-鳳山,2024-05-29,9274
6215,和椿,37,10,27,凱基-鳳山,2024-05-29,9274
2889,國票金,28,2,26,凱基-鳳山,2024-05-29,9274
2618,長榮航,58,32,26,凱基-鳳山,2024-05-29,9274
2317,鴻海,39,14,25,凱基-鳳山,2024-05-29,9274
2020,美亞,25,0,25,凱基-鳳山,2024-05-29,9274
2409,友達,27,2,25,凱基-鳳山,2024-05-29,9274
2615,萬海,25,1,24,凱基-鳳山,2024-05-29,9274
3380,明泰,36,13,23,凱基-鳳山,2024-05-29,9274
4952,凌通,29,6,23,凱基-鳳山,2024-05-29,9274
0050,元大台灣50,23,0,23,凱基-鳳山,2024-05-29,9274
6125,廣運,54,31,23,凱基-鳳山,2024-05-29,9274
3037,欣興,27,4,23,凱基-鳳山,2024-05-29,9274
2645,長榮航太,22,0,22,凱基-鳳山,2024-05-29,9274
1516,川飛,21,0,21,凱基-鳳山,2024-05-29,9274
3031,佰鴻,22,2,20,凱基-鳳山,2024-05-29,9274
5230,雷笛克光學,20,0,20,凱基-鳳山,2024-05-29,9274
6187,萬潤,22,2,20,凱基-鳳山,2024-05-29,9274
9934,成霖,20,0,20,凱基-鳳山,2024-05-29,9274
2884,玉山金,19,0,19,凱基-鳳山,2024-05-29,9274
2880,華南金,18,0,18,凱基-鳳山,2024-05-29,9274
6190,萬泰科,27,9,18,凱基-鳳山,2024-05-29,9274
00632R,元大台灣50反1,440,30,410,凱基-鳳山,2024-05-30,9274
2489,瑞軒,362,68,294,凱基-鳳山,2024-05-30,9274
1101,台泥,277,0,277,凱基-鳳山,2024-05-30,9274
3047,訊舟,858,633,225,凱基-鳳山,2024-05-30,9274
2405,輔信,325,169,156,凱基-鳳山,2024-05-30,9274
00937B,群益ESG投等債20,159,5,154,凱基-鳳山,2024-05-30,9274
1815,富喬,349,207,142,凱基-鳳山,2024-05-30,9274
2495,普安,124,28,96,凱基-鳳山,2024-05-30,9274
00679B,元大美債20年,86,10,76,凱基-鳳山,2024-05-30,9274
2401,凌陽,87,19,68,凱基-鳳山,2024-05-30,9274
3490,單井,67,1,66,凱基-鳳山,2024-05-30,9274
00940,元大台灣價值高息,60,0,60,凱基-鳳山,2024-05-30,9274
00915,凱基優選高股息30,59,0,59,凱基-鳳山,2024-05-30,9274
3033,威健,76,18,58,凱基-鳳山,2024-05-30,9274
2353,宏��,66,9,57,凱基-鳳山,2024-05-30,9274
6290,良維,169,119,50,凱基-鳳山,2024-05-30,9274
5512,力麒,50,0,50,凱基-鳳山,2024-05-30,9274
2891,中信金,47,2,45,凱基-鳳山,2024-05-30,9274
2883,凱基金,57,12,45,凱基-鳳山,2024-05-30,9274
2618,長榮航,53,10,43,凱基-鳳山,2024-05-30,9274
1301,台塑,43,0,43,凱基-鳳山,2024-05-30,9274
2425,承啟,45,3,42,凱基-鳳山,2024-05-30,9274
1303,南亞,39,0,39,凱基-鳳山,2024-05-30,9274
2328,廣宇,54,17,37,凱基-鳳山,2024-05-30,9274
6207,雷科,36,0,36,凱基-鳳山,2024-05-30,9274
2889,國票金,37,3,34,凱基-鳳山,2024-05-30,9274
2867,三商壽,46,12,34,凱基-鳳山,2024-05-30,9274
3088,艾訊,44,10,34,凱基-鳳山,2024-05-30,9274
2002,中鋼,31,1,30,凱基-鳳山,2024-05-30,9274
00939,統一台灣高息動能,29,0,29,凱基-鳳山,2024-05-30,9274
3545,敦泰,33,4,29,凱基-鳳山,2024-05-30,9274
4909,新復興,29,0,29,凱基-鳳山,2024-05-30,9274
2317,鴻海,42,13,29,凱基-鳳山,2024-05-30,9274
2888,新光金,45,17,28,凱基-鳳山,2024-05-30,9274
00933B,國泰10Y+金融債,27,0,27,凱基-鳳山,2024-05-30,9274
6269,台郡,27,1,26,凱基-鳳山,2024-05-30,9274
00665L,富邦�琤肭磪囓�2,25,0,25,凱基-鳳山,2024-05-30,9274
2610,華航,53,28,25,凱基-鳳山,2024-05-30,9274
6209,今國光,33,8,25,凱基-鳳山,2024-05-30,9274
2460,建通,21,0,21,凱基-鳳山,2024-05-30,9274
2834,臺企銀,21,0,21,凱基-鳳山,2024-05-30,9274
6182,合晶,22,1,21,凱基-鳳山,2024-05-30,9274
00637L,元大滬深300正2,20,0,20,凱基-鳳山,2024-05-30,9274
5880,合庫金,20,0,20,凱基-鳳山,2024-05-30,9274
00946,群益科技高息成長,20,0,20,凱基-鳳山,2024-05-30,9274
2606,裕民,23,3,20,凱基-鳳山,2024-05-30,9274
00929,復華台灣科技優息,62,44,18,凱基-鳳山,2024-05-30,9274
2330,台積電,18,1,17,凱基-鳳山,2024-05-30,9274
8110,華東,16,0,16,凱基-鳳山,2024-05-30,9274
2301,光寶科,24,8,16,凱基-鳳山,2024-05-30,9274
3312,弘憶股,174,58,116,凱基-鳳山,2024-05-31,9274
9958,世紀鋼,141,54,87,凱基-鳳山,2024-05-31,9274
2609,陽明,168,96,72,凱基-鳳山,2024-05-31,9274
00671R,富邦NASDAQ反1,62,0,62,凱基-鳳山,2024-05-31,9274
3048,益登,58,0,58,凱基-鳳山,2024-05-31,9274
00929,復華台灣科技優息,73,18,55,凱基-鳳山,2024-05-31,9274
3490,單井,58,3,55,凱基-鳳山,2024-05-31,9274
2615,萬海,55,2,53,凱基-鳳山,2024-05-31,9274
2489,瑞軒,59,11,48,凱基-鳳山,2024-05-31,9274
00946,群益科技高息成長,57,10,47,凱基-鳳山,2024-05-31,9274
3548,兆利,45,0,45,凱基-鳳山,2024-05-31,9274
00919,群益台灣精選高息,38,1,37,凱基-鳳山,2024-05-31,9274
2504,國產,48,12,36,凱基-鳳山,2024-05-31,9274
3088,艾訊,34,0,34,凱基-鳳山,2024-05-31,9274
2495,普安,33,0,33,凱基-鳳山,2024-05-31,9274
2002,中鋼,28,0,28,凱基-鳳山,2024-05-31,9274
3376,新日興,54,26,28,凱基-鳳山,2024-05-31,9274
5371,中光電,30,2,28,凱基-鳳山,2024-05-31,9274
6770,力積電,28,0,28,凱基-鳳山,2024-05-31,9274
3231,緯創,45,18,27,凱基-鳳山,2024-05-31,9274
2344,華邦電,25,0,25,凱基-鳳山,2024-05-31,9274
4714,永捷,24,0,24,凱基-鳳山,2024-05-31,9274
2527,宏璟,29,6,23,凱基-鳳山,2024-05-31,9274
00712,復華富時不動產,21,0,21,凱基-鳳山,2024-05-31,9274
00881,國泰台灣5G+,21,0,21,凱基-鳳山,2024-05-31,9274
00905,FT臺灣Smart,20,0,20,凱基-鳳山,2024-05-31,9274
3035,智原,22,2,20,凱基-鳳山,2024-05-31,9274
6182,合晶,20,0,20,凱基-鳳山,2024-05-31,9274
2331,精英,27,8,19,凱基-鳳山,2024-05-31,9274
2367,燿華,136,121,15,凱基-鳳山,2024-05-31,9274
2514,龍邦,20,5,15,凱基-鳳山,2024-05-31,9274
2736,富野,15,0,15,凱基-鳳山,2024-05-31,9274
3033,威健,15,0,15,凱基-鳳山,2024-05-31,9274
2317,鴻海,49,35,14,凱基-鳳山,2024-05-31,9274
4979,華星光,14,1,13,凱基-鳳山,2024-05-31,9274
00715L,期街口布蘭特正2,13,0,13,凱基-鳳山,2024-05-31,9274
6435,大中,13,0,13,凱基-鳳山,2024-05-31,9274
1815,富喬,153,141,12,凱基-鳳山,2024-05-31,9274
4967,十銓,16,4,12,凱基-鳳山,2024-05-31,9274
2382,廣達,32,21,11,凱基-鳳山,2024-05-31,9274
1301,台塑,11,0,11,凱基-鳳山,2024-05-31,9274
00918,大華優利高填息30,11,0,11,凱基-鳳山,2024-05-31,9274
00686R,群益臺灣加權反1,10,0,10,凱基-鳳山,2024-05-31,9274
3042,晶技,10,0,10,凱基-鳳山,2024-05-31,9274
3532,台勝科,10,0,10,凱基-鳳山,2024-05-31,9274
4562,穎漢,40,30,10,凱基-鳳山,2024-05-31,9274
5425,台半,10,0,10,凱基-鳳山,2024-05-31,9274
6173,信昌電,10,0,10,凱基-鳳山,2024-05-31,9274
8050,廣積,10,0,10,凱基-鳳山,2024-05-31,9274
2353,宏��,15,5,10,凱基-鳳山,2024-05-31,9274
00632R,元大台灣50反1,374,5,369,凱基-鳳山,2024-06-03,9274
00918,大華優利高填息30,284,1,283,凱基-鳳山,2024-06-03,9274
2014,中鴻,231,0,231,凱基-鳳山,2024-06-03,9274
3481,群創,200,23,177,凱基-鳳山,2024-06-03,9274
00712,復華富時不動產,89,9,80,凱基-鳳山,2024-06-03,9274
2401,凌陽,124,64,60,凱基-鳳山,2024-06-03,9274
00937B,群益ESG投等債20,64,7,57,凱基-鳳山,2024-06-03,9274
2425,承啟,61,5,56,凱基-鳳山,2024-06-03,9274
4123,晟德,54,0,54,凱基-鳳山,2024-06-03,9274
1714,和桐,50,0,50,凱基-鳳山,2024-06-03,9274
2610,華航,51,2,49,凱基-鳳山,2024-06-03,9274
00929,復華台灣科技優息,87,40,47,凱基-鳳山,2024-06-03,9274
2353,宏��,62,18,44,凱基-鳳山,2024-06-03,9274
1473,台南,55,12,43,凱基-鳳山,2024-06-03,9274
2323,中環,50,11,39,凱基-鳳山,2024-06-03,9274
9902,台火,35,0,35,凱基-鳳山,2024-06-03,9274
2615,萬海,75,42,33,凱基-鳳山,2024-06-03,9274
2354,鴻準,48,16,32,凱基-鳳山,2024-06-03,9274
4533,協易機,55,23,32,凱基-鳳山,2024-06-03,9274
9945,潤泰新,33,2,31,凱基-鳳山,2024-06-03,9274
2464,盟立,40,11,29,凱基-鳳山,2024-06-03,9274
2328,廣宇,58,30,28,凱基-鳳山,2024-06-03,9274
2605,新興,36,9,27,凱基-鳳山,2024-06-03,9274
2409,友達,24,0,24,凱基-鳳山,2024-06-03,9274
1229,聯華,21,0,21,凱基-鳳山,2024-06-03,9274
00637L,元大滬深300正2,20,0,20,凱基-鳳山,2024-06-03,9274
8070,長華*,21,2,19,凱基-鳳山,2024-06-03,9274
00858,永豐美國500大,18,0,18,凱基-鳳山,2024-06-03,9274
3437,榮創,17,0,17,凱基-鳳山,2024-06-03,9274
2356,英業達,26,9,17,凱基-鳳山,2024-06-03,9274
00878,國泰永續高股息,17,1,16,凱基-鳳山,2024-06-03,9274
6552,易華電,20,4,16,凱基-鳳山,2024-06-03,9274
8064,東捷,22,6,16,凱基-鳳山,2024-06-03,9274
6207,雷科,16,0,16,凱基-鳳山,2024-06-03,9274
2303,聯電,20,4,16,凱基-鳳山,2024-06-03,9274
00915,凱基優選高股息30,27,12,15,凱基-鳳山,2024-06-03,9274
0050,元大台灣50,16,2,14,凱基-鳳山,2024-06-03,9274
00830,國泰費城半導體,15,1,14,凱基-鳳山,2024-06-03,9274
00665L,富邦�琤肭磪囓�2,24,10,14,凱基-鳳山,2024-06-03,9274
2867,三商壽,16,2,14,凱基-鳳山,2024-06-03,9274
00905,FT臺灣Smart,13,0,13,凱基-鳳山,2024-06-03,9274
00882,中信中國高股息,25,12,13,凱基-鳳山,2024-06-03,9274
5364,力麗店,13,0,13,凱基-鳳山,2024-06-03,9274
8046,南電,13,0,13,凱基-鳳山,2024-06-03,9274
2515,中工,22,10,12,凱基-鳳山,2024-06-03,9274
2330,台積電,12,1,11,凱基-鳳山,2024-06-03,9274
5230,雷笛克光學,11,0,11,凱基-鳳山,2024-06-03,9274
6550,北極星藥業-KY,11,0,11,凱基-鳳山,2024-06-03,9274
00795B,中信美國公債20年,10,0,10,凱基-鳳山,2024-06-03,9274
1218,泰山,11,1,10,凱基-鳳山,2024-06-03,9274
2331,精英,586,219,367,凱基-鳳山,2024-06-04,9274
00632R,元大台灣50反1,200,0,200,凱基-鳳山,2024-06-04,9274
00929,復華台灣科技優息,144,12,132,凱基-鳳山,2024-06-04,9274
2401,凌陽,132,11,121,凱基-鳳山,2024-06-04,9274
1815,富喬,220,115,105,凱基-鳳山,2024-06-04,9274
00878,國泰永續高股息,109,6,103,凱基-鳳山,2024-06-04,9274
2888,新光金,110,23,87,凱基-鳳山,2024-06-04,9274
2344,華邦電,89,5,84,凱基-鳳山,2024-06-04,9274
00918,大華優利高填息30,63,0,63,凱基-鳳山,2024-06-04,9274
00919,群益台灣精選高息,60,0,60,凱基-鳳山,2024-06-04,9274
6125,廣運,134,74,60,凱基-鳳山,2024-06-04,9274
2354,鴻準,86,26,60,凱基-鳳山,2024-06-04,9274
5371,中光電,61,3,58,凱基-鳳山,2024-06-04,9274
2537,聯上發,75,18,57,凱基-鳳山,2024-06-04,9274
6207,雷科,56,0,56,凱基-鳳山,2024-06-04,9274
2317,鴻海,58,6,52,凱基-鳳山,2024-06-04,9274
2801,彰銀,50,0,50,凱基-鳳山,2024-06-04,9274
2353,宏��,66,17,49,凱基-鳳山,2024-06-04,9274
2002,中鋼,45,0,45,凱基-鳳山,2024-06-04,9274
00936,台新永續高息中小,148,108,40,凱基-鳳山,2024-06-04,9274
1314,中石化,45,7,38,凱基-鳳山,2024-06-04,9274
00937B,群益ESG投等債20,42,5,37,凱基-鳳山,2024-06-04,9274
4303,信立,36,0,36,凱基-鳳山,2024-06-04,9274
2356,英業達,36,1,35,凱基-鳳山,2024-06-04,9274
1305,華夏,31,0,31,凱基-鳳山,2024-06-04,9274
00715L,期街口布蘭特正2,29,0,29,凱基-鳳山,2024-06-04,9274
2014,中鴻,28,0,28,凱基-鳳山,2024-06-04,9274
2312,金寶,37,9,28,凱基-鳳山,2024-06-04,9274
2363,矽統,34,7,27,凱基-鳳山,2024-06-04,9274
2303,聯電,50,23,27,凱基-鳳山,2024-06-04,9274
4533,協易機,43,18,25,凱基-鳳山,2024-06-04,9274
00675L,富邦臺灣加權正2,24,0,24,凱基-鳳山,2024-06-04,9274
3013,晟銘電,32,9,23,凱基-鳳山,2024-06-04,9274
2409,友達,31,8,23,凱基-鳳山,2024-06-04,9274
6679,鈺太,23,0,23,凱基-鳳山,2024-06-04,9274
3376,新日興,31,11,20,凱基-鳳山,2024-06-04,9274
6215,和椿,31,11,20,凱基-鳳山,2024-06-04,9274
00713,元大台灣高息低波,20,0,20,凱基-鳳山,2024-06-04,9274
6443,元晶,21,1,20,凱基-鳳山,2024-06-04,9274
9907,統一實,20,0,20,凱基-鳳山,2024-06-04,9274
4543,萬在,26,6,20,凱基-鳳山,2024-06-04,9274
0050,元大台灣50,20,0,20,凱基-鳳山,2024-06-04,9274
2324,仁寶,26,7,19,凱基-鳳山,2024-06-04,9274
2027,大成鋼,21,2,19,凱基-鳳山,2024-06-04,9274
1802,台玻,42,25,17,凱基-鳳山,2024-06-04,9274
2489,瑞軒,22,5,17,凱基-鳳山,2024-06-04,9274
8069,元太,21,5,16,凱基-鳳山,2024-06-04,9274
00712,復華富時不動產,53,37,16,凱基-鳳山,2024-06-04,9274
00642U,期元大S＆P石油,16,0,16,凱基-鳳山,2024-06-04,9274
3231,緯創,24,9,15,凱基-鳳山,2024-06-04,9274
1714,和桐,200,0,200,凱基-鳳山,2024-06-05,9274
2331,精英,165,21,144,凱基-鳳山,2024-06-05,9274
2401,凌陽,154,32,122,凱基-鳳山,2024-06-05,9274
3376,新日興,152,71,81,凱基-鳳山,2024-06-05,9274
2349,錸德,114,35,79,凱基-鳳山,2024-06-05,9274
2867,三商壽,85,9,76,凱基-鳳山,2024-06-05,9274
00936,台新永續高息中小,168,102,66,凱基-鳳山,2024-06-05,9274
2427,三商電,101,42,59,凱基-鳳山,2024-06-05,9274
2399,映泰,56,0,56,凱基-鳳山,2024-06-05,9274
00878,國泰永續高股息,58,8,50,凱基-鳳山,2024-06-05,9274
00946,群益科技高息成長,48,0,48,凱基-鳳山,2024-06-05,9274
1229,聯華,46,0,46,凱基-鳳山,2024-06-05,9274
2353,宏��,56,11,45,凱基-鳳山,2024-06-05,9274
00929,復華台灣科技優息,60,19,41,凱基-鳳山,2024-06-05,9274
3372,典範,60,24,36,凱基-鳳山,2024-06-05,9274
4967,十銓,41,6,35,凱基-鳳山,2024-06-05,9274
3035,智原,37,3,34,凱基-鳳山,2024-06-05,9274
00712,復華富時不動產,74,40,34,凱基-鳳山,2024-06-05,9274
2314,台揚,34,0,34,凱基-鳳山,2024-06-05,9274
2457,飛宏,40,6,34,凱基-鳳山,2024-06-05,9274
00918,大華優利高填息30,34,0,34,凱基-鳳山,2024-06-05,9274
8277,商丞,33,0,33,凱基-鳳山,2024-06-05,9274
2344,華邦電,26,0,26,凱基-鳳山,2024-06-05,9274
2323,中環,46,21,25,凱基-鳳山,2024-06-05,9274
3011,今皓,24,0,24,凱基-鳳山,2024-06-05,9274
00830,國泰費城半導體,23,1,22,凱基-鳳山,2024-06-05,9274
2324,仁寶,22,0,22,凱基-鳳山,2024-06-05,9274
2392,正崴,31,9,22,凱基-鳳山,2024-06-05,9274
6116,彩晶,21,0,21,凱基-鳳山,2024-06-05,9274
00725B,國泰投資級公司債,20,0,20,凱基-鳳山,2024-06-05,9274
2303,聯電,23,3,20,凱基-鳳山,2024-06-05,9274
3149,正達,20,0,20,凱基-鳳山,2024-06-05,9274
6005,群益證,20,0,20,凱基-鳳山,2024-06-05,9274
3005,神基,19,1,18,凱基-鳳山,2024-06-05,9274
00942B,台新美A公司債20+,18,0,18,凱基-鳳山,2024-06-05,9274
2230,泰茂,18,0,18,凱基-鳳山,2024-06-05,9274
1314,中石化,16,0,16,凱基-鳳山,2024-06-05,9274
1473,台南,20,4,16,凱基-鳳山,2024-06-05,9274
3048,益登,143,127,16,凱基-鳳山,2024-06-05,9274
8089,康全電訊,16,0,16,凱基-鳳山,2024-06-05,9274
00919,群益台灣精選高息,19,3,16,凱基-鳳山,2024-06-05,9274
2636,台驊控股,18,3,15,凱基-鳳山,2024-06-05,9274
3221,台嘉碩,15,0,15,凱基-鳳山,2024-06-05,9274
2354,鴻準,41,26,15,凱基-鳳山,2024-06-05,9274
2449,京元電子,15,1,14,凱基-鳳山,2024-06-05,9274
3545,敦泰,20,6,14,凱基-鳳山,2024-06-05,9274
1597,直得,13,0,13,凱基-鳳山,2024-06-05,9274
2834,臺企銀,19,6,13,凱基-鳳山,2024-06-05,9274
1303,南亞,12,0,12,凱基-鳳山,2024-06-05,9274
2014,中鴻,12,0,12,凱基-鳳山,2024-06-05,9274
3047,訊舟,328,82,246,凱基-鳳山,2024-06-06,9274
1714,和桐,200,0,200,凱基-鳳山,2024-06-06,9274
00936,台新永續高息中小,189,0,189,凱基-鳳山,2024-06-06,9274
1815,富喬,213,40,173,凱基-鳳山,2024-06-06,9274
2401,凌陽,163,2,161,凱基-鳳山,2024-06-06,9274
1802,台玻,112,2,110,凱基-鳳山,2024-06-06,9274
2506,太設,101,0,101,凱基-鳳山,2024-06-06,9274
3013,晟銘電,115,19,96,凱基-鳳山,2024-06-06,9274
3481,群創,169,76,93,凱基-鳳山,2024-06-06,9274
2367,燿華,258,180,78,凱基-鳳山,2024-06-06,9274
00713,元大台灣高息低波,56,0,56,凱基-鳳山,2024-06-06,9274
2337,旺宏,50,0,50,凱基-鳳山,2024-06-06,9274
00933B,國泰10Y+金融債,45,0,45,凱基-鳳山,2024-06-06,9274
00930,永豐ESG低碳高息,44,0,44,凱基-鳳山,2024-06-06,9274
1229,聯華,42,0,42,凱基-鳳山,2024-06-06,9274
2834,臺企銀,45,4,41,凱基-鳳山,2024-06-06,9274
2392,正崴,39,1,38,凱基-鳳山,2024-06-06,9274
00946,群益科技高息成長,57,22,35,凱基-鳳山,2024-06-06,9274
4128,中天,37,2,35,凱基-鳳山,2024-06-06,9274
2387,精元,30,0,30,凱基-鳳山,2024-06-06,9274
6125,廣運,50,21,29,凱基-鳳山,2024-06-06,9274
8277,商丞,29,0,29,凱基-鳳山,2024-06-06,9274
2328,廣宇,46,19,27,凱基-鳳山,2024-06-06,9274
5608,四維航,31,4,27,凱基-鳳山,2024-06-06,9274
2353,宏��,38,12,26,凱基-鳳山,2024-06-06,9274
4303,信立,30,5,25,凱基-鳳山,2024-06-06,9274
00929,復華台灣科技優息,37,12,25,凱基-鳳山,2024-06-06,9274
2489,瑞軒,37,13,24,凱基-鳳山,2024-06-06,9274
00878,國泰永續高股息,27,3,24,凱基-鳳山,2024-06-06,9274
00942B,台新美A公司債20+,22,0,22,凱基-鳳山,2024-06-06,9274
3062,建漢,22,0,22,凱基-鳳山,2024-06-06,9274
5302,太欣,23,2,21,凱基-鳳山,2024-06-06,9274
6190,萬泰科,20,0,20,凱基-鳳山,2024-06-06,9274
6274,台燿,57,37,20,凱基-鳳山,2024-06-06,9274
3379,彬台,23,4,19,凱基-鳳山,2024-06-06,9274
6550,北極星藥業-KY,29,12,17,凱基-鳳山,2024-06-06,9274
5009,榮剛,16,0,16,凱基-鳳山,2024-06-06,9274
3035,智原,16,2,14,凱基-鳳山,2024-06-06,9274
00919,群益台灣精選高息,49,35,14,凱基-鳳山,2024-06-06,9274
3231,緯創,16,2,14,凱基-鳳山,2024-06-06,9274
2101,南港,20,7,13,凱基-鳳山,2024-06-06,9274
4564,元翎,13,0,13,凱基-鳳山,2024-06-06,9274
00720B,元大投資級公司債,13,1,12,凱基-鳳山,2024-06-06,9274
00937B,群益ESG投等債20,12,0,12,凱基-鳳山,2024-06-06,9274
2002,中鋼,11,0,11,凱基-鳳山,2024-06-06,9274
006208,富邦台50,17,7,10,凱基-鳳山,2024-06-06,9274
4961,天鈺,14,4,10,凱基-鳳山,2024-06-06,9274
2374,佳能,9,0,9,凱基-鳳山,2024-06-06,9274
1532,勤美,11,2,9,凱基-鳳山,2024-06-06,9274
2236,百達-KY,10,1,9,凱基-鳳山,2024-06-06,9274
00687B,國泰20年美債,511,0,511,凱基-鳳山,2024-06-07,9274
6290,良維,170,0,170,凱基-鳳山,2024-06-07,9274
00937B,群益ESG投等債20,110,5,105,凱基-鳳山,2024-06-07,9274
4123,晟德,107,3,104,凱基-鳳山,2024-06-07,9274
2486,一詮,141,41,100,凱基-鳳山,2024-06-07,9274
00637L,元大滬深300正2,76,0,76,凱基-鳳山,2024-06-07,9274
00929,復華台灣科技優息,84,15,69,凱基-鳳山,2024-06-07,9274
8085,福華,71,5,66,凱基-鳳山,2024-06-07,9274
3481,群創,82,22,60,凱基-鳳山,2024-06-07,9274
00675L,富邦臺灣加權正2,56,0,56,凱基-鳳山,2024-06-07,9274
2915,潤泰全,56,1,55,凱基-鳳山,2024-06-07,9274
3048,益登,130,78,52,凱基-鳳山,2024-06-07,9274
00713,元大台灣高息低波,52,0,52,凱基-鳳山,2024-06-07,9274
2331,精英,52,3,49,凱基-鳳山,2024-06-07,9274
00936,台新永續高息中小,44,0,44,凱基-鳳山,2024-06-07,9274
2482,連宇,46,4,42,凱基-鳳山,2024-06-07,9274
2511,太子,46,7,39,凱基-鳳山,2024-06-07,9274
8028,昇陽半導體,36,0,36,凱基-鳳山,2024-06-07,9274
1229,聯華,34,0,34,凱基-鳳山,2024-06-07,9274
3017,奇鋐,38,6,32,凱基-鳳山,2024-06-07,9274
1301,台塑,32,2,30,凱基-鳳山,2024-06-07,9274
4934,太極,30,0,30,凱基-鳳山,2024-06-07,9274
2367,燿華,176,147,29,凱基-鳳山,2024-06-07,9274
00933B,國泰10Y+金融債,38,11,27,凱基-鳳山,2024-06-07,9274
2867,三商壽,28,1,27,凱基-鳳山,2024-06-07,9274
2002,中鋼,28,2,26,凱基-鳳山,2024-06-07,9274
9902,台火,24,0,24,凱基-鳳山,2024-06-07,9274
1616,億泰,22,1,21,凱基-鳳山,2024-06-07,9274
00878,國泰永續高股息,24,3,21,凱基-鳳山,2024-06-07,9274
2609,陽明,167,147,20,凱基-鳳山,2024-06-07,9274
2353,宏��,24,4,20,凱基-鳳山,2024-06-07,9274
1326,台化,20,0,20,凱基-鳳山,2024-06-07,9274
3532,台勝科,26,6,20,凱基-鳳山,2024-06-07,9274
3231,緯創,51,32,19,凱基-鳳山,2024-06-07,9274
2615,萬海,62,45,17,凱基-鳳山,2024-06-07,9274
2313,華通,39,22,17,凱基-鳳山,2024-06-07,9274
8110,華東,17,0,17,凱基-鳳山,2024-06-07,9274
2611,志信,17,1,16,凱基-鳳山,2024-06-07,9274
1609,大亞,31,16,15,凱基-鳳山,2024-06-07,9274
5364,力麗店,15,0,15,凱基-鳳山,2024-06-07,9274
00918,大華優利高填息30,18,4,14,凱基-鳳山,2024-06-07,9274
8076,伍豐,14,0,14,凱基-鳳山,2024-06-07,9274
2888,新光金,47,33,14,凱基-鳳山,2024-06-07,9274
2356,英業達,14,0,14,凱基-鳳山,2024-06-07,9274
2330,台積電,17,4,13,凱基-鳳山,2024-06-07,9274
2317,鴻海,16,3,13,凱基-鳳山,2024-06-07,9274
00751B,元大AAA至A公司債,13,0,13,凱基-鳳山,2024-06-07,9274
3090,日電貿,13,0,13,凱基-鳳山,2024-06-07,9274
6163,華電網,14,1,13,凱基-鳳山,2024-06-07,9274
8033,雷虎,11,0,11,凱基-鳳山,2024-06-07,9274
1815,富喬,454,85,369,凱基-鳳山,2024-06-11,9274
00937B,群益ESG投等債20,251,5,246,凱基-鳳山,2024-06-11,9274
2609,陽明,486,278,208,凱基-鳳山,2024-06-11,9274
3481,群創,227,30,197,凱基-鳳山,2024-06-11,9274
00929,復華台灣科技優息,121,0,121,凱基-鳳山,2024-06-11,9274
00919,群益台灣精選高息,117,2,115,凱基-鳳山,2024-06-11,9274
00680L,元大美債20正2,114,2,112,凱基-鳳山,2024-06-11,9274
00679B,元大美債20年,92,0,92,凱基-鳳山,2024-06-11,9274
00687B,國泰20年美債,71,5,66,凱基-鳳山,2024-06-11,9274
2401,凌陽,65,1,64,凱基-鳳山,2024-06-11,9274
00918,大華優利高填息30,63,1,62,凱基-鳳山,2024-06-11,9274
1532,勤美,60,0,60,凱基-鳳山,2024-06-11,9274
00712,復華富時不動產,57,0,57,凱基-鳳山,2024-06-11,9274
3048,益登,56,1,55,凱基-鳳山,2024-06-11,9274
2515,中工,59,6,53,凱基-鳳山,2024-06-11,9274
00713,元大台灣高息低波,51,0,51,凱基-鳳山,2024-06-11,9274
6290,良維,91,42,49,凱基-鳳山,2024-06-11,9274
1301,台塑,46,0,46,凱基-鳳山,2024-06-11,9274
2301,光寶科,46,5,41,凱基-鳳山,2024-06-11,9274
3622,洋華,44,3,41,凱基-鳳山,2024-06-11,9274
3231,緯創,56,15,41,凱基-鳳山,2024-06-11,9274
1809,中釉,40,0,40,凱基-鳳山,2024-06-11,9274
2392,正崴,41,4,37,凱基-鳳山,2024-06-11,9274
4303,信立,38,1,37,凱基-鳳山,2024-06-11,9274
00936,台新永續高息中小,36,0,36,凱基-鳳山,2024-06-11,9274
2603,長榮,122,86,36,凱基-鳳山,2024-06-11,9274
9105,泰金寶-DR,33,0,33,凱基-鳳山,2024-06-11,9274
2615,萬海,158,127,31,凱基-鳳山,2024-06-11,9274
2486,一詮,313,282,31,凱基-鳳山,2024-06-11,9274
00933B,國泰10Y+金融債,30,0,30,凱基-鳳山,2024-06-11,9274
3706,神達,31,1,30,凱基-鳳山,2024-06-11,9274
2324,仁寶,32,3,29,凱基-鳳山,2024-06-11,9274
2027,大成鋼,28,0,28,凱基-鳳山,2024-06-11,9274
3490,單井,28,1,27,凱基-鳳山,2024-06-11,9274
2020,美亞,26,0,26,凱基-鳳山,2024-06-11,9274
8071,能率網通,24,0,24,凱基-鳳山,2024-06-11,9274
1316,上曜,137,114,23,凱基-鳳山,2024-06-11,9274
00878,國泰永續高股息,23,1,22,凱基-鳳山,2024-06-11,9274
2618,長榮航,48,27,21,凱基-鳳山,2024-06-11,9274
1514,亞力,24,4,20,凱基-鳳山,2024-06-11,9274
00921,兆豐龍頭等權重,20,0,20,凱基-鳳山,2024-06-11,9274
2002,中鋼,65,46,19,凱基-鳳山,2024-06-11,9274
2834,臺企銀,18,0,18,凱基-鳳山,2024-06-11,9274
1101,台泥,19,2,17,凱基-鳳山,2024-06-11,9274
1608,華榮,52,35,17,凱基-鳳山,2024-06-11,9274
2617,台航,50,33,17,凱基-鳳山,2024-06-11,9274
2851,中再保,17,0,17,凱基-鳳山,2024-06-11,9274
1802,台玻,16,0,16,凱基-鳳山,2024-06-11,9274
2331,精英,18,2,16,凱基-鳳山,2024-06-11,9274
4906,正文,24,8,16,凱基-鳳山,2024-06-11,9274
00673R,期元大S＆P原油反1,200,0,200,凱基-鳳山,2024-06-12,9274
00937B,群益ESG投等債20,169,5,164,凱基-鳳山,2024-06-12,9274
00933B,國泰10Y+金融債,162,0,162,凱基-鳳山,2024-06-12,9274
2891,中信金,120,0,120,凱基-鳳山,2024-06-12,9274
00919,群益台灣精選高息,132,30,102,凱基-鳳山,2024-06-12,9274
2301,光寶科,99,3,96,凱基-鳳山,2024-06-12,9274
2617,台航,75,2,73,凱基-鳳山,2024-06-12,9274
1909,榮成,70,0,70,凱基-鳳山,2024-06-12,9274
00948B,中信優息投資級債,69,0,69,凱基-鳳山,2024-06-12,9274
6290,良維,69,3,66,凱基-鳳山,2024-06-12,9274
00712,復華富時不動產,59,0,59,凱基-鳳山,2024-06-12,9274
00632R,元大台灣50反1,55,2,53,凱基-鳳山,2024-06-12,9274
2641,正德,49,0,49,凱基-鳳山,2024-06-12,9274
1609,大亞,54,5,49,凱基-鳳山,2024-06-12,9274
3231,緯創,47,8,39,凱基-鳳山,2024-06-12,9274
00918,大華優利高填息30,39,0,39,凱基-鳳山,2024-06-12,9274
2392,正崴,41,4,37,凱基-鳳山,2024-06-12,9274
1312,國喬,36,0,36,凱基-鳳山,2024-06-12,9274
2353,宏��,48,14,34,凱基-鳳山,2024-06-12,9274
6243,迅杰,34,0,34,凱基-鳳山,2024-06-12,9274
2324,仁寶,34,1,33,凱基-鳳山,2024-06-12,9274
2486,一詮,337,304,33,凱基-鳳山,2024-06-12,9274
5371,中光電,33,0,33,凱基-鳳山,2024-06-12,9274
00680L,元大美債20正2,30,0,30,凱基-鳳山,2024-06-12,9274
2888,新光金,35,5,30,凱基-鳳山,2024-06-12,9274
2615,萬海,91,65,26,凱基-鳳山,2024-06-12,9274
00631L,元大台灣50正2,25,0,25,凱基-鳳山,2024-06-12,9274
00688L,國泰20年美債正2,24,0,24,凱基-鳳山,2024-06-12,9274
0056,元大高股息,23,2,21,凱基-鳳山,2024-06-12,9274
8234,新漢,20,0,20,凱基-鳳山,2024-06-12,9274
1319,東陽,20,0,20,凱基-鳳山,2024-06-12,9274
00713,元大台灣高息低波,19,0,19,凱基-鳳山,2024-06-12,9274
6164,華興,31,12,19,凱基-鳳山,2024-06-12,9274
2002,中鋼,18,0,18,凱基-鳳山,2024-06-12,9274
00929,復華台灣科技優息,29,12,17,凱基-鳳山,2024-06-12,9274
00687B,國泰20年美債,16,1,15,凱基-鳳山,2024-06-12,9274
1314,中石化,42,27,15,凱基-鳳山,2024-06-12,9274
2409,友達,14,0,14,凱基-鳳山,2024-06-12,9274
2515,中工,16,2,14,凱基-鳳山,2024-06-12,9274
2356,英業達,44,31,13,凱基-鳳山,2024-06-12,9274
2613,中櫃,21,8,13,凱基-鳳山,2024-06-12,9274
2603,長榮,23,11,12,凱基-鳳山,2024-06-12,9274
1101,台泥,12,0,12,凱基-鳳山,2024-06-12,9274
1316,上曜,12,0,12,凱基-鳳山,2024-06-12,9274
5392,能率,12,0,12,凱基-鳳山,2024-06-12,9274
6472,保瑞,14,2,12,凱基-鳳山,2024-06-12,9274
8110,華東,12,0,12,凱基-鳳山,2024-06-12,9274
8111,立��,13,1,12,凱基-鳳山,2024-06-12,9274
9105,泰金寶-DR,21,9,12,凱基-鳳山,2024-06-12,9274
2408,南亞科,12,0,12,凱基-鳳山,2024-06-12,9274
3047,訊舟,616,369,247,凱基-鳳山,2024-06-13,9274
00933B,國泰10Y+金融債,217,0,217,凱基-鳳山,2024-06-13,9274
00937B,群益ESG投等債20,243,52,191,凱基-鳳山,2024-06-13,9274
1617,榮星,240,61,179,凱基-鳳山,2024-06-13,9274
3481,群創,150,2,148,凱基-鳳山,2024-06-13,9274
6290,良維,122,6,116,凱基-鳳山,2024-06-13,9274
2618,長榮航,110,5,105,凱基-鳳山,2024-06-13,9274
00946,群益科技高息成長,127,23,104,凱基-鳳山,2024-06-13,9274
2303,聯電,211,148,63,凱基-鳳山,2024-06-13,9274
6190,萬泰科,73,15,58,凱基-鳳山,2024-06-13,9274
00948B,中信優息投資級債,50,0,50,凱基-鳳山,2024-06-13,9274
2365,昆盈,56,6,50,凱基-鳳山,2024-06-13,9274
2367,燿華,66,19,47,凱基-鳳山,2024-06-13,9274
8936,國統,61,15,46,凱基-鳳山,2024-06-13,9274
00919,群益台灣精選高息,65,26,39,凱基-鳳山,2024-06-13,9274
1815,富喬,84,49,35,凱基-鳳山,2024-06-13,9274
006208,富邦台50,36,5,31,凱基-鳳山,2024-06-13,9274
1718,中纖,30,0,30,凱基-鳳山,2024-06-13,9274
00941,中信上游半導體,30,1,29,凱基-鳳山,2024-06-13,9274
6546,正基,29,2,27,凱基-鳳山,2024-06-13,9274
2354,鴻準,24,1,23,凱基-鳳山,2024-06-13,9274
2230,泰茂,36,15,21,凱基-鳳山,2024-06-13,9274
2324,仁寶,31,11,20,凱基-鳳山,2024-06-13,9274
3122,笙泉,19,0,19,凱基-鳳山,2024-06-13,9274
00936,台新永續高息中小,23,6,17,凱基-鳳山,2024-06-13,9274
2301,光寶科,18,2,16,凱基-鳳山,2024-06-13,9274
5258,虹堡,15,0,15,凱基-鳳山,2024-06-13,9274
1326,台化,15,0,15,凱基-鳳山,2024-06-13,9274
6125,廣運,24,9,15,凱基-鳳山,2024-06-13,9274
2850,新產,14,0,14,凱基-鳳山,2024-06-13,9274
8033,雷虎,13,0,13,凱基-鳳山,2024-06-13,9274
3324,雙鴻,28,15,13,凱基-鳳山,2024-06-13,9274
6005,群益證,14,1,13,凱基-鳳山,2024-06-13,9274
2495,普安,12,0,12,凱基-鳳山,2024-06-13,9274
6207,雷科,21,9,12,凱基-鳳山,2024-06-13,9274
2464,盟立,27,16,11,凱基-鳳山,2024-06-13,9274
8089,康全電訊,11,0,11,凱基-鳳山,2024-06-13,9274
3017,奇鋐,25,15,10,凱基-鳳山,2024-06-13,9274
00885,富邦越南,10,0,10,凱基-鳳山,2024-06-13,9274
00664R,國泰臺灣加權反1,10,0,10,凱基-鳳山,2024-06-13,9274
2371,大同,48,38,10,凱基-鳳山,2024-06-13,9274
3088,艾訊,10,0,10,凱基-鳳山,2024-06-13,9274
3284,太普高,13,3,10,凱基-鳳山,2024-06-13,9274
3419,譁裕,10,0,10,凱基-鳳山,2024-06-13,9274
6695,芯鼎,10,0,10,凱基-鳳山,2024-06-13,9274
2359,所羅門,26,17,9,凱基-鳳山,2024-06-13,9274
6216,居易,8,0,8,凱基-鳳山,2024-06-13,9274
00712,復華富時不動產,13,5,8,凱基-鳳山,2024-06-13,9274
00751B,元大AAA至A公司債,8,0,8,凱基-鳳山,2024-06-13,9274
2101,南港,10,2,8,凱基-鳳山,2024-06-13,9274
1101,台泥,273,107,166,凱基-鳳山,2024-06-14,9274
2401,凌陽,155,0,155,凱基-鳳山,2024-06-14,9274
2367,燿華,174,61,113,凱基-鳳山,2024-06-14,9274
00632R,元大台灣50反1,100,0,100,凱基-鳳山,2024-06-14,9274
2371,大同,128,32,96,凱基-鳳山,2024-06-14,9274
00929,復華台灣科技優息,91,8,83,凱基-鳳山,2024-06-14,9274
2392,正崴,757,681,76,凱基-鳳山,2024-06-14,9274
3047,訊舟,117,42,75,凱基-鳳山,2024-06-14,9274
3374,精材,126,51,75,凱基-鳳山,2024-06-14,9274
00942B,台新美A公司債20+,80,11,69,凱基-鳳山,2024-06-14,9274
2486,一詮,76,13,63,凱基-鳳山,2024-06-14,9274
2867,三商壽,57,3,54,凱基-鳳山,2024-06-14,9274
00936,台新永續高息中小,55,3,52,凱基-鳳山,2024-06-14,9274
2101,南港,52,0,52,凱基-鳳山,2024-06-14,9274
00713,元大台灣高息低波,50,0,50,凱基-鳳山,2024-06-14,9274
6546,正基,51,10,41,凱基-鳳山,2024-06-14,9274
2025,千興,40,0,40,凱基-鳳山,2024-06-14,9274
1603,華電,41,2,39,凱基-鳳山,2024-06-14,9274
3231,緯創,43,8,35,凱基-鳳山,2024-06-14,9274
2883,凱基金,42,8,34,凱基-鳳山,2024-06-14,9274
00946,群益科技高息成長,42,12,30,凱基-鳳山,2024-06-14,9274
1319,東陽,30,0,30,凱基-鳳山,2024-06-14,9274
4566,時碩工業,36,7,29,凱基-鳳山,2024-06-14,9274
6116,彩晶,31,3,28,凱基-鳳山,2024-06-14,9274
00919,群益台灣精選高息,29,3,26,凱基-鳳山,2024-06-14,9274
6016,康和證,25,0,25,凱基-鳳山,2024-06-14,9274
6215,和椿,26,2,24,凱基-鳳山,2024-06-14,9274
2022,聚亨,22,0,22,凱基-鳳山,2024-06-14,9274
2324,仁寶,22,1,21,凱基-鳳山,2024-06-14,9274
6805,富世達,22,2,20,凱基-鳳山,2024-06-14,9274
00885,富邦越南,20,0,20,凱基-鳳山,2024-06-14,9274
2492,華新科,26,6,20,凱基-鳳山,2024-06-14,9274
3704,合勤控,20,0,20,凱基-鳳山,2024-06-14,9274
2353,宏��,21,2,19,凱基-鳳山,2024-06-14,9274
2230,泰茂,19,0,19,凱基-鳳山,2024-06-14,9274
9958,世紀鋼,22,4,18,凱基-鳳山,2024-06-14,9274
2408,南亞科,18,0,18,凱基-鳳山,2024-06-14,9274
3050,鈺德,18,0,18,凱基-鳳山,2024-06-14,9274
2014,中鴻,17,0,17,凱基-鳳山,2024-06-14,9274
2301,光寶科,17,1,16,凱基-鳳山,2024-06-14,9274
2002,中鋼,19,3,16,凱基-鳳山,2024-06-14,9274
3312,弘憶股,17,1,16,凱基-鳳山,2024-06-14,9274
3545,敦泰,16,0,16,凱基-鳳山,2024-06-14,9274
8277,商丞,16,0,16,凱基-鳳山,2024-06-14,9274
4543,萬在,16,1,15,凱基-鳳山,2024-06-14,9274
00947,台新臺灣IC設計,19,4,15,凱基-鳳山,2024-06-14,9274
2344,華邦電,16,1,15,凱基-鳳山,2024-06-14,9274
2534,宏盛,15,0,15,凱基-鳳山,2024-06-14,9274
6161,捷波,15,0,15,凱基-鳳山,2024-06-14,9274
1316,上曜,18,4,14,凱基-鳳山,2024-06-14,9274
2881,富邦金,403,1,402,凱基-鳳山,2024-06-17,9274
00929,復華台灣科技優息,217,4,213,凱基-鳳山,2024-06-17,9274
00936,台新永續高息中小,243,36,207,凱基-鳳山,2024-06-17,9274
5864,致和證,184,0,184,凱基-鳳山,2024-06-17,9274
00712,復華富時不動產,187,20,167,凱基-鳳山,2024-06-17,9274
3374,精材,393,230,163,凱基-鳳山,2024-06-17,9274
2449,京元電子,124,13,111,凱基-鳳山,2024-06-17,9274
00918,大華優利高填息30,96,0,96,凱基-鳳山,2024-06-17,9274
00948B,中信優息投資級債,72,0,72,凱基-鳳山,2024-06-17,9274
1608,華榮,77,10,67,凱基-鳳山,2024-06-17,9274
00687B,國泰20年美債,79,12,67,凱基-鳳山,2024-06-17,9274
00680L,元大美債20正2,60,0,60,凱基-鳳山,2024-06-17,9274
1617,榮星,63,6,57,凱基-鳳山,2024-06-17,9274
1473,台南,52,0,52,凱基-鳳山,2024-06-17,9274
2371,大同,208,169,39,凱基-鳳山,2024-06-17,9274
3005,神基,41,3,38,凱基-鳳山,2024-06-17,9274
911868,同方友友-DR,30,0,30,凱基-鳳山,2024-06-17,9274
2515,中工,34,5,29,凱基-鳳山,2024-06-17,9274
6215,和椿,34,5,29,凱基-鳳山,2024-06-17,9274
2230,泰茂,28,1,27,凱基-鳳山,2024-06-17,9274
00947,台新臺灣IC設計,25,0,25,凱基-鳳山,2024-06-17,9274
2609,陽明,50,26,24,凱基-鳳山,2024-06-17,9274
1445,大宇,20,0,20,凱基-鳳山,2024-06-17,9274
2615,萬海,42,23,19,凱基-鳳山,2024-06-17,9274
1503,士電,40,21,19,凱基-鳳山,2024-06-17,9274
1584,精剛,20,1,19,凱基-鳳山,2024-06-17,9274
1612,宏泰,47,28,19,凱基-鳳山,2024-06-17,9274
3437,榮創,20,1,19,凱基-鳳山,2024-06-17,9274
6274,台燿,21,3,18,凱基-鳳山,2024-06-17,9274
9958,世紀鋼,206,189,17,凱基-鳳山,2024-06-17,9274
00933B,國泰10Y+金融債,18,2,16,凱基-鳳山,2024-06-17,9274
4306,炎洲,16,0,16,凱基-鳳山,2024-06-17,9274
2314,台揚,16,0,16,凱基-鳳山,2024-06-17,9274
1514,亞力,54,39,15,凱基-鳳山,2024-06-17,9274
5202,力新,15,0,15,凱基-鳳山,2024-06-17,9274
8071,能率網通,15,0,15,凱基-鳳山,2024-06-17,9274
006208,富邦台50,17,2,15,凱基-鳳山,2024-06-17,9274
2356,英業達,20,6,14,凱基-鳳山,2024-06-17,9274
2489,瑞軒,14,0,14,凱基-鳳山,2024-06-17,9274
6890,來億-KY,15,1,14,凱基-鳳山,2024-06-17,9274
2542,興富發,22,8,14,凱基-鳳山,2024-06-17,9274
1616,億泰,17,4,13,凱基-鳳山,2024-06-17,9274
1618,合機,34,21,13,凱基-鳳山,2024-06-17,9274
3047,訊舟,18,5,13,凱基-鳳山,2024-06-17,9274
1513,中興電,26,14,12,凱基-鳳山,2024-06-17,9274
9945,潤泰新,17,5,12,凱基-鳳山,2024-06-17,9274
3062,建漢,17,5,12,凱基-鳳山,2024-06-17,9274
2353,宏��,14,3,11,凱基-鳳山,2024-06-17,9274
2537,聯上發,19,8,11,凱基-鳳山,2024-06-17,9274
6189,豐藝,11,0,11,凱基-鳳山,2024-06-17,9274
1815,富喬,195,33,162,凱基-鳳山,2024-06-18,9274
6152,百一,163,1,162,凱基-鳳山,2024-06-18,9274
00918,大華優利高填息30,162,32,130,凱基-鳳山,2024-06-18,9274
00632R,元大台灣50反1,121,0,121,凱基-鳳山,2024-06-18,9274
3481,群創,293,183,110,凱基-鳳山,2024-06-18,9274
2887,台新金,100,0,100,凱基-鳳山,2024-06-18,9274
2506,太設,100,0,100,凱基-鳳山,2024-06-18,9274
00679B,元大美債20年,116,27,89,凱基-鳳山,2024-06-18,9274
2881,富邦金,80,4,76,凱基-鳳山,2024-06-18,9274
00937B,群益ESG投等債20,105,33,72,凱基-鳳山,2024-06-18,9274
5864,致和證,55,0,55,凱基-鳳山,2024-06-18,9274
2401,凌陽,55,0,55,凱基-鳳山,2024-06-18,9274
2324,仁寶,55,1,54,凱基-鳳山,2024-06-18,9274
1617,榮星,51,0,51,凱基-鳳山,2024-06-18,9274
2301,光寶科,52,4,48,凱基-鳳山,2024-06-18,9274
9105,泰金寶-DR,455,411,44,凱基-鳳山,2024-06-18,9274
00929,復華台灣科技優息,47,5,42,凱基-鳳山,2024-06-18,9274
3047,訊舟,46,6,40,凱基-鳳山,2024-06-18,9274
00687B,國泰20年美債,35,0,35,凱基-鳳山,2024-06-18,9274
2353,宏��,41,6,35,凱基-鳳山,2024-06-18,9274
1504,東元,38,4,34,凱基-鳳山,2024-06-18,9274
2388,威盛,40,7,33,凱基-鳳山,2024-06-18,9274
3374,精材,275,243,32,凱基-鳳山,2024-06-18,9274
00882,中信中國高股息,27,0,27,凱基-鳳山,2024-06-18,9274
2888,新光金,60,36,24,凱基-鳳山,2024-06-18,9274
8071,能率網通,30,6,24,凱基-鳳山,2024-06-18,9274
1326,台化,22,0,22,凱基-鳳山,2024-06-18,9274
1608,華榮,84,63,21,凱基-鳳山,2024-06-18,9274
4909,新復興,21,0,21,凱基-鳳山,2024-06-18,9274
2371,大同,38,17,21,凱基-鳳山,2024-06-18,9274
2317,鴻海,32,12,20,凱基-鳳山,2024-06-18,9274
3545,敦泰,20,0,20,凱基-鳳山,2024-06-18,9274
912000,晨訊科-DR,21,1,20,凱基-鳳山,2024-06-18,9274
6770,力積電,49,30,19,凱基-鳳山,2024-06-18,9274
2603,長榮,20,1,19,凱基-鳳山,2024-06-18,9274
2230,泰茂,18,0,18,凱基-鳳山,2024-06-18,9274
00942B,台新美A公司債20+,26,10,16,凱基-鳳山,2024-06-18,9274
1708,東鹼,15,0,15,凱基-鳳山,2024-06-18,9274
00713,元大台灣高息低波,14,0,14,凱基-鳳山,2024-06-18,9274
00919,群益台灣精選高息,22,8,14,凱基-鳳山,2024-06-18,9274
2464,盟立,19,5,14,凱基-鳳山,2024-06-18,9274
3231,緯創,20,6,14,凱基-鳳山,2024-06-18,9274
2363,矽統,29,16,13,凱基-鳳山,2024-06-18,9274
2420,新巨,20,7,13,凱基-鳳山,2024-06-18,9274
1101,台泥,25,12,13,凱基-鳳山,2024-06-18,9274
2031,新光鋼,22,9,13,凱基-鳳山,2024-06-18,9274
4562,穎漢,42,29,13,凱基-鳳山,2024-06-18,9274
3490,單井,12,0,12,凱基-鳳山,2024-06-18,9274
2356,英業達,19,7,12,凱基-鳳山,2024-06-18,9274
1513,中興電,14,3,11,凱基-鳳山,2024-06-18,9274
3481,群創,868,72,796,凱基-鳳山,2024-06-19,9274
1714,和桐,351,0,351,凱基-鳳山,2024-06-19,9274
2365,昆盈,410,110,300,凱基-鳳山,2024-06-19,9274
00929,復華台灣科技優息,377,128,249,凱基-鳳山,2024-06-19,9274
1229,聯華,111,0,111,凱基-鳳山,2024-06-19,9274
1611,中電,107,0,107,凱基-鳳山,2024-06-19,9274
00673R,期元大S＆P原油反1,105,0,105,凱基-鳳山,2024-06-19,9274
1815,富喬,237,135,102,凱基-鳳山,2024-06-19,9274
2887,台新金,106,10,96,凱基-鳳山,2024-06-19,9274
3374,精材,230,146,84,凱基-鳳山,2024-06-19,9274
9105,泰金寶-DR,63,0,63,凱基-鳳山,2024-06-19,9274
00946,群益科技高息成長,68,11,57,凱基-鳳山,2024-06-19,9274
3312,弘憶股,57,4,53,凱基-鳳山,2024-06-19,9274
1617,榮星,53,0,53,凱基-鳳山,2024-06-19,9274
00676R,富邦臺灣加權反1,50,0,50,凱基-鳳山,2024-06-19,9274
00632R,元大台灣50反1,61,12,49,凱基-鳳山,2024-06-19,9274
6207,雷科,49,2,47,凱基-鳳山,2024-06-19,9274
3548,兆利,46,0,46,凱基-鳳山,2024-06-19,9274
00936,台新永續高息中小,41,0,41,凱基-鳳山,2024-06-19,9274
3540,曜越,36,0,36,凱基-鳳山,2024-06-19,9274
00937B,群益ESG投等債20,40,5,35,凱基-鳳山,2024-06-19,9274
2401,凌陽,35,1,34,凱基-鳳山,2024-06-19,9274
2344,華邦電,50,21,29,凱基-鳳山,2024-06-19,9274
2618,長榮航,44,16,28,凱基-鳳山,2024-06-19,9274
2367,燿華,97,72,25,凱基-鳳山,2024-06-19,9274
911868,同方友友-DR,25,0,25,凱基-鳳山,2024-06-19,9274
9933,中鼎,28,3,25,凱基-鳳山,2024-06-19,9274
6216,居易,32,8,24,凱基-鳳山,2024-06-19,9274
6546,正基,27,3,24,凱基-鳳山,2024-06-19,9274
2356,英業達,56,32,24,凱基-鳳山,2024-06-19,9274
00713,元大台灣高息低波,22,0,22,凱基-鳳山,2024-06-19,9274
1702,南僑,20,0,20,凱基-鳳山,2024-06-19,9274
2301,光寶科,21,1,20,凱基-鳳山,2024-06-19,9274
2913,農林,20,0,20,凱基-鳳山,2024-06-19,9274
9907,統一實,20,0,20,凱基-鳳山,2024-06-19,9274
6282,康舒,22,3,19,凱基-鳳山,2024-06-19,9274
6274,台燿,18,0,18,凱基-鳳山,2024-06-19,9274
3062,建漢,60,42,18,凱基-鳳山,2024-06-19,9274
2641,正德,17,0,17,凱基-鳳山,2024-06-19,9274
3287,廣寰科,23,7,16,凱基-鳳山,2024-06-19,9274
4979,華星光,16,0,16,凱基-鳳山,2024-06-19,9274
00921,兆豐龍頭等權重,16,1,15,凱基-鳳山,2024-06-19,9274
1540,喬福,15,0,15,凱基-鳳山,2024-06-19,9274
6190,萬泰科,38,23,15,凱基-鳳山,2024-06-19,9274
5371,中光電,14,0,14,凱基-鳳山,2024-06-19,9274
2606,裕民,15,1,14,凱基-鳳山,2024-06-19,9274
5425,台半,14,0,14,凱基-鳳山,2024-06-19,9274
00712,復華富時不動產,13,0,13,凱基-鳳山,2024-06-19,9274
00687B,國泰20年美債,23,10,13,凱基-鳳山,2024-06-19,9274
2515,中工,14,1,13,凱基-鳳山,2024-06-19,9274
00946,群益科技高息成長,304,0,304,凱基-鳳山,2024-06-20,9274
2884,玉山金,128,1,127,凱基-鳳山,2024-06-20,9274
2486,一詮,112,5,107,凱基-鳳山,2024-06-20,9274
00948B,中信優息投資級債,106,0,106,凱基-鳳山,2024-06-20,9274
2363,矽統,119,28,91,凱基-鳳山,2024-06-20,9274
00687B,國泰20年美債,83,0,83,凱基-鳳山,2024-06-20,9274
1617,榮星,60,0,60,凱基-鳳山,2024-06-20,9274
8085,福華,58,1,57,凱基-鳳山,2024-06-20,9274
1714,和桐,52,0,52,凱基-鳳山,2024-06-20,9274
3376,新日興,43,0,43,凱基-鳳山,2024-06-20,9274
2605,新興,46,12,34,凱基-鳳山,2024-06-20,9274
00936,台新永續高息中小,36,2,34,凱基-鳳山,2024-06-20,9274
3312,弘憶股,67,34,33,凱基-鳳山,2024-06-20,9274
00940,元大台灣價值高息,47,16,31,凱基-鳳山,2024-06-20,9274
00937B,群益ESG投等債20,30,1,29,凱基-鳳山,2024-06-20,9274
9105,泰金寶-DR,29,0,29,凱基-鳳山,2024-06-20,9274
2353,宏��,30,3,27,凱基-鳳山,2024-06-20,9274
2409,友達,25,0,25,凱基-鳳山,2024-06-20,9274
2609,陽明,36,11,25,凱基-鳳山,2024-06-20,9274
1303,南亞,24,2,22,凱基-鳳山,2024-06-20,9274
1584,精剛,22,0,22,凱基-鳳山,2024-06-20,9274
3047,訊舟,53,32,21,凱基-鳳山,2024-06-20,9274
1718,中纖,20,0,20,凱基-鳳山,2024-06-20,9274
4503,金雨,20,0,20,凱基-鳳山,2024-06-20,9274
2887,台新金,34,14,20,凱基-鳳山,2024-06-20,9274
6901,鑽石投資,25,6,19,凱基-鳳山,2024-06-20,9274
00933B,國泰10Y+金融債,18,0,18,凱基-鳳山,2024-06-20,9274
2498,宏達電,22,6,16,凱基-鳳山,2024-06-20,9274
8033,雷虎,16,0,16,凱基-鳳山,2024-06-20,9274
2618,長榮航,17,2,15,凱基-鳳山,2024-06-20,9274
6533,晶心科,15,0,15,凱基-鳳山,2024-06-20,9274
3481,群創,30,15,15,凱基-鳳山,2024-06-20,9274
2881,富邦金,16,2,14,凱基-鳳山,2024-06-20,9274
00915,凱基優選高股息30,14,1,13,凱基-鳳山,2024-06-20,9274
00944,野村趨勢動能高息,13,0,13,凱基-鳳山,2024-06-20,9274
2610,華航,13,0,13,凱基-鳳山,2024-06-20,9274
6531,愛普*,19,6,13,凱基-鳳山,2024-06-20,9274
3034,聯詠,21,9,12,凱基-鳳山,2024-06-20,9274
2337,旺宏,15,3,12,凱基-鳳山,2024-06-20,9274
6216,居易,16,4,12,凱基-鳳山,2024-06-20,9274
00679B,元大美債20年,13,1,12,凱基-鳳山,2024-06-20,9274
1608,華榮,11,0,11,凱基-鳳山,2024-06-20,9274
2352,佳世達,12,1,11,凱基-鳳山,2024-06-20,9274
3090,日電貿,11,0,11,凱基-鳳山,2024-06-20,9274
2603,長榮,32,22,10,凱基-鳳山,2024-06-20,9274
2636,台驊控股,10,0,10,凱基-鳳山,2024-06-20,9274
2897,王道銀行,10,0,10,凱基-鳳山,2024-06-20,9274
4726,永昕,13,3,10,凱基-鳳山,2024-06-20,9274
6116,彩晶,10,0,10,凱基-鳳山,2024-06-20,9274
6538,倉和,10,0,10,凱基-鳳山,2024-06-20,9274
3374,精材,304,72,232,凱基-鳳山,2024-06-21,9274
00933B,國泰10Y+金融債,126,5,121,凱基-鳳山,2024-06-21,9274
2506,太設,101,0,101,凱基-鳳山,2024-06-21,9274
6152,百一,93,0,93,凱基-鳳山,2024-06-21,9274
00936,台新永續高息中小,79,0,79,凱基-鳳山,2024-06-21,9274
2317,鴻海,79,11,68,凱基-鳳山,2024-06-21,9274
2486,一詮,76,13,63,凱基-鳳山,2024-06-21,9274
2867,三商壽,105,45,60,凱基-鳳山,2024-06-21,9274
00680L,元大美債20正2,45,0,45,凱基-鳳山,2024-06-21,9274
00881,國泰台灣5G+,40,2,38,凱基-鳳山,2024-06-21,9274
1617,榮星,59,22,37,凱基-鳳山,2024-06-21,9274
6116,彩晶,53,21,32,凱基-鳳山,2024-06-21,9274
2605,新興,79,48,31,凱基-鳳山,2024-06-21,9274
00929,復華台灣科技優息,95,65,30,凱基-鳳山,2024-06-21,9274
1305,華夏,30,3,27,凱基-鳳山,2024-06-21,9274
2363,矽統,40,14,26,凱基-鳳山,2024-06-21,9274
2498,宏達電,34,8,26,凱基-鳳山,2024-06-21,9274
2002,中鋼,32,8,24,凱基-鳳山,2024-06-21,9274
3312,弘憶股,36,12,24,凱基-鳳山,2024-06-21,9274
2609,陽明,151,127,24,凱基-鳳山,2024-06-21,9274
2331,精英,25,3,22,凱基-鳳山,2024-06-21,9274
00687B,國泰20年美債,23,2,21,凱基-鳳山,2024-06-21,9274
1711,永光,21,0,21,凱基-鳳山,2024-06-21,9274
00670L,富邦NASDAQ正2,20,0,20,凱基-鳳山,2024-06-21,9274
00665L,富邦�琤肭磪囓�2,20,0,20,凱基-鳳山,2024-06-21,9274
3035,智原,22,3,19,凱基-鳳山,2024-06-21,9274
2476,鉅祥,19,0,19,凱基-鳳山,2024-06-21,9274
6274,台燿,19,0,19,凱基-鳳山,2024-06-21,9274
9105,泰金寶-DR,37,18,19,凱基-鳳山,2024-06-21,9274
1514,亞力,24,6,18,凱基-鳳山,2024-06-21,9274
00632R,元大台灣50反1,17,0,17,凱基-鳳山,2024-06-21,9274
8048,德勝,22,5,17,凱基-鳳山,2024-06-21,9274
2371,大同,19,3,16,凱基-鳳山,2024-06-21,9274
4526,東台,109,93,16,凱基-鳳山,2024-06-21,9274
4726,永昕,16,0,16,凱基-鳳山,2024-06-21,9274
00830,國泰費城半導體,15,0,15,凱基-鳳山,2024-06-21,9274
00942B,台新美A公司債20+,15,0,15,凱基-鳳山,2024-06-21,9274
6190,萬泰科,33,18,15,凱基-鳳山,2024-06-21,9274
6217,中探針,16,1,15,凱基-鳳山,2024-06-21,9274
2308,台達電,23,9,14,凱基-鳳山,2024-06-21,9274
00946,群益科技高息成長,13,0,13,凱基-鳳山,2024-06-21,9274
2324,仁寶,14,1,13,凱基-鳳山,2024-06-21,9274
3715,定穎投控,30,17,13,凱基-鳳山,2024-06-21,9274
00688L,國泰20年美債正2,12,0,12,凱基-鳳山,2024-06-21,9274
5425,台半,12,1,11,凱基-鳳山,2024-06-21,9274
00947,台新臺灣IC設計,11,0,11,凱基-鳳山,2024-06-21,9274
2023,燁輝,11,0,11,凱基-鳳山,2024-06-21,9274
2515,中工,23,12,11,凱基-鳳山,2024-06-21,9274
2612,中航,11,0,11,凱基-鳳山,2024-06-21,9274
3588,通嘉,22,11,11,凱基-鳳山,2024-06-21,9274
3481,群創,1478,1079,399,凱基-鳳山,2024-06-24,9274
00632R,元大台灣50反1,366,34,332,凱基-鳳山,2024-06-24,9274
00937B,群益ESG投等債20,294,2,292,凱基-鳳山,2024-06-24,9274
4526,東台,288,44,244,凱基-鳳山,2024-06-24,9274
00929,復華台灣科技優息,283,71,212,凱基-鳳山,2024-06-24,9274
00948B,中信優息投資級債,151,0,151,凱基-鳳山,2024-06-24,9274
2610,華航,129,9,120,凱基-鳳山,2024-06-24,9274
2409,友達,102,1,101,凱基-鳳山,2024-06-24,9274
3374,精材,94,2,92,凱基-鳳山,2024-06-24,9274
3062,建漢,202,115,87,凱基-鳳山,2024-06-24,9274
6530,創威,130,50,80,凱基-鳳山,2024-06-24,9274
8064,東捷,96,21,75,凱基-鳳山,2024-06-24,9274
2392,正崴,56,2,54,凱基-鳳山,2024-06-24,9274
00935,野村臺灣新科技50,52,0,52,凱基-鳳山,2024-06-24,9274
1101,台泥,51,0,51,凱基-鳳山,2024-06-24,9274
1617,榮星,51,0,51,凱基-鳳山,2024-06-24,9274
9105,泰金寶-DR,59,9,50,凱基-鳳山,2024-06-24,9274
6207,雷科,42,1,41,凱基-鳳山,2024-06-24,9274
00687B,國泰20年美債,40,0,40,凱基-鳳山,2024-06-24,9274
8085,福華,47,7,40,凱基-鳳山,2024-06-24,9274
1301,台塑,39,0,39,凱基-鳳山,2024-06-24,9274
00947,台新臺灣IC設計,36,0,36,凱基-鳳山,2024-06-24,9274
2369,菱生,42,10,32,凱基-鳳山,2024-06-24,9274
6290,良維,33,3,30,凱基-鳳山,2024-06-24,9274
8033,雷虎,39,11,28,凱基-鳳山,2024-06-24,9274
2317,鴻海,58,31,27,凱基-鳳山,2024-06-24,9274
2615,萬海,42,15,27,凱基-鳳山,2024-06-24,9274
2408,南亞科,30,3,27,凱基-鳳山,2024-06-24,9274
2353,宏��,28,3,25,凱基-鳳山,2024-06-24,9274
6733,博晟生醫,25,0,25,凱基-鳳山,2024-06-24,9274
3035,智原,29,4,25,凱基-鳳山,2024-06-24,9274
2401,凌陽,55,31,24,凱基-鳳山,2024-06-24,9274
2888,新光金,25,1,24,凱基-鳳山,2024-06-24,9274
6116,彩晶,43,20,23,凱基-鳳山,2024-06-24,9274
2344,華邦電,23,1,22,凱基-鳳山,2024-06-24,9274
00940,元大台灣價值高息,75,54,21,凱基-鳳山,2024-06-24,9274
1605,華新,21,0,21,凱基-鳳山,2024-06-24,9274
2363,矽統,44,23,21,凱基-鳳山,2024-06-24,9274
00934,中信成長高股息,20,0,20,凱基-鳳山,2024-06-24,9274
2356,英業達,25,6,19,凱基-鳳山,2024-06-24,9274
5426,振發,19,0,19,凱基-鳳山,2024-06-24,9274
1785,光洋科,64,46,18,凱基-鳳山,2024-06-24,9274
6152,百一,17,0,17,凱基-鳳山,2024-06-24,9274
3017,奇鋐,18,2,16,凱基-鳳山,2024-06-24,9274
3231,緯創,33,18,15,凱基-鳳山,2024-06-24,9274
2303,聯電,22,7,15,凱基-鳳山,2024-06-24,9274
5706,鳳凰,15,0,15,凱基-鳳山,2024-06-24,9274
6215,和椿,18,3,15,凱基-鳳山,2024-06-24,9274
2330,台積電,27,13,14,凱基-鳳山,2024-06-24,9274
8048,德勝,15,1,14,凱基-鳳山,2024-06-24,9274
3481,群創,1264,100,1164,凱基-鳳山,2024-06-25,9274
00937B,群益ESG投等債20,231,9,222,凱基-鳳山,2024-06-25,9274
00929,復華台灣科技優息,141,3,138,凱基-鳳山,2024-06-25,9274
2605,新興,78,0,78,凱基-鳳山,2024-06-25,9274
9105,泰金寶-DR,70,3,67,凱基-鳳山,2024-06-25,9274
00878,國泰永續高股息,67,17,50,凱基-鳳山,2024-06-25,9274
2883,凱基金,51,7,44,凱基-鳳山,2024-06-25,9274
5533,皇鼎,35,0,35,凱基-鳳山,2024-06-25,9274
00679B,元大美債20年,34,1,33,凱基-鳳山,2024-06-25,9274
2369,菱生,36,3,33,凱基-鳳山,2024-06-25,9274
2457,飛宏,32,0,32,凱基-鳳山,2024-06-25,9274
8277,商丞,30,0,30,凱基-鳳山,2024-06-25,9274
6869,雲豹能源,33,7,26,凱基-鳳山,2024-06-25,9274
6153,嘉聯益,23,0,23,凱基-鳳山,2024-06-25,9274
3580,友威科,30,8,22,凱基-鳳山,2024-06-25,9274
2885,元大金,23,1,22,凱基-鳳山,2024-06-25,9274
00918,大華優利高填息30,31,10,21,凱基-鳳山,2024-06-25,9274
00946,群益科技高息成長,22,1,21,凱基-鳳山,2024-06-25,9274
6207,雷科,22,2,20,凱基-鳳山,2024-06-25,9274
2834,臺企銀,16,0,16,凱基-鳳山,2024-06-25,9274
2230,泰茂,16,0,16,凱基-鳳山,2024-06-25,9274
2486,一詮,19,5,14,凱基-鳳山,2024-06-25,9274
6274,台燿,15,1,14,凱基-鳳山,2024-06-25,9274
3231,緯創,25,11,14,凱基-鳳山,2024-06-25,9274
2352,佳世達,27,14,13,凱基-鳳山,2024-06-25,9274
2344,華邦電,13,0,13,凱基-鳳山,2024-06-25,9274
2377,微星,13,0,13,凱基-鳳山,2024-06-25,9274
3025,星通,20,7,13,凱基-鳳山,2024-06-25,9274
1785,光洋科,45,33,12,凱基-鳳山,2024-06-25,9274
3037,欣興,13,1,12,凱基-鳳山,2024-06-25,9274
1314,中石化,18,6,12,凱基-鳳山,2024-06-25,9274
2002,中鋼,14,3,11,凱基-鳳山,2024-06-25,9274
2409,友達,17,6,11,凱基-鳳山,2024-06-25,9274
1303,南亞,11,0,11,凱基-鳳山,2024-06-25,9274
00933B,國泰10Y+金融債,10,0,10,凱基-鳳山,2024-06-25,9274
1227,佳格,10,0,10,凱基-鳳山,2024-06-25,9274
1305,華夏,10,0,10,凱基-鳳山,2024-06-25,9274
1597,直得,10,0,10,凱基-鳳山,2024-06-25,9274
2611,志信,10,0,10,凱基-鳳山,2024-06-25,9274
2867,三商壽,10,0,10,凱基-鳳山,2024-06-25,9274
3491,昇達科,10,0,10,凱基-鳳山,2024-06-25,9274
5452,佶優,234,224,10,凱基-鳳山,2024-06-25,9274
8261,富鼎,10,0,10,凱基-鳳山,2024-06-25,9274
8438,昶昕,10,0,10,凱基-鳳山,2024-06-25,9274
2603,長榮,10,1,9,凱基-鳳山,2024-06-25,9274
00947,台新臺灣IC設計,9,0,9,凱基-鳳山,2024-06-25,9274
2489,瑞軒,15,6,9,凱基-鳳山,2024-06-25,9274
4938,和碩,9,0,9,凱基-鳳山,2024-06-25,9274
2618,長榮航,13,4,9,凱基-鳳山,2024-06-25,9274
3042,晶技,10,1,9,凱基-鳳山,2024-06-25,9274
3535,晶彩科,301,157,144,凱基-鳳山,2024-06-26,9274
5452,佶優,163,48,115,凱基-鳳山,2024-06-26,9274
2486,一詮,95,20,75,凱基-鳳山,2024-06-26,9274
3615,安可,69,0,69,凱基-鳳山,2024-06-26,9274
00687B,國泰20年美債,76,15,61,凱基-鳳山,2024-06-26,9274
9105,泰金寶-DR,79,18,61,凱基-鳳山,2024-06-26,9274
2883,凱基金,56,0,56,凱基-鳳山,2024-06-26,9274
2353,宏��,52,1,51,凱基-鳳山,2024-06-26,9274
1229,聯華,50,0,50,凱基-鳳山,2024-06-26,9274
2409,友達,62,15,47,凱基-鳳山,2024-06-26,9274
00929,復華台灣科技優息,60,13,47,凱基-鳳山,2024-06-26,9274
2605,新興,114,79,35,凱基-鳳山,2024-06-26,9274
0056,元大高股息,32,0,32,凱基-鳳山,2024-06-26,9274
1303,南亞,46,14,32,凱基-鳳山,2024-06-26,9274
2401,凌陽,63,31,32,凱基-鳳山,2024-06-26,9274
00940,元大台灣價值高息,46,14,32,凱基-鳳山,2024-06-26,9274
911868,同方友友-DR,30,1,29,凱基-鳳山,2024-06-26,9274
3580,友威科,34,5,29,凱基-鳳山,2024-06-26,9274
2482,連宇,28,1,27,凱基-鳳山,2024-06-26,9274
00946,群益科技高息成長,26,0,26,凱基-鳳山,2024-06-26,9274
1314,中石化,35,14,21,凱基-鳳山,2024-06-26,9274
2884,玉山金,23,2,21,凱基-鳳山,2024-06-26,9274
00720B,元大投資級公司債,20,0,20,凱基-鳳山,2024-06-26,9274
3372,典範,26,6,20,凱基-鳳山,2024-06-26,9274
4967,十銓,21,1,20,凱基-鳳山,2024-06-26,9274
5351,鈺創,20,0,20,凱基-鳳山,2024-06-26,9274
2317,鴻海,59,39,20,凱基-鳳山,2024-06-26,9274
6770,力積電,20,1,19,凱基-鳳山,2024-06-26,9274
3217,優群,19,0,19,凱基-鳳山,2024-06-26,9274
6152,百一,41,23,18,凱基-鳳山,2024-06-26,9274
9904,寶成,17,0,17,凱基-鳳山,2024-06-26,9274
00918,大華優利高填息30,15,0,15,凱基-鳳山,2024-06-26,9274
6290,良維,16,1,15,凱基-鳳山,2024-06-26,9274
8076,伍豐,15,0,15,凱基-鳳山,2024-06-26,9274
2885,元大金,16,1,15,凱基-鳳山,2024-06-26,9274
8110,華東,19,5,14,凱基-鳳山,2024-06-26,9274
2324,仁寶,18,5,13,凱基-鳳山,2024-06-26,9274
00937B,群益ESG投等債20,56,43,13,凱基-鳳山,2024-06-26,9274
2344,華邦電,16,3,13,凱基-鳳山,2024-06-26,9274
4304,勝昱,13,0,13,凱基-鳳山,2024-06-26,9274
1301,台塑,24,12,12,凱基-鳳山,2024-06-26,9274
6957,裕慶-KY,12,0,12,凱基-鳳山,2024-06-26,9274
1532,勤美,12,0,12,凱基-鳳山,2024-06-26,9274
1815,富喬,21,9,12,凱基-鳳山,2024-06-26,9274
4958,臻鼎-KY,13,1,12,凱基-鳳山,2024-06-26,9274
5533,皇鼎,12,0,12,凱基-鳳山,2024-06-26,9274
00919,群益台灣精選高息,35,23,12,凱基-鳳山,2024-06-26,9274
6789,采鈺,11,0,11,凱基-鳳山,2024-06-26,9274
00936,台新永續高息中小,31,20,11,凱基-鳳山,2024-06-26,9274
2027,大成鋼,12,1,11,凱基-鳳山,2024-06-26,9274
3481,群創,214,56,158,凱基-鳳山,2024-06-27,9274
5452,佶優,130,13,117,凱基-鳳山,2024-06-27,9274
1714,和桐,75,0,75,凱基-鳳山,2024-06-27,9274
00929,復華台灣科技優息,104,36,68,凱基-鳳山,2024-06-27,9274
6152,百一,68,2,66,凱基-鳳山,2024-06-27,9274
6806,森崴能源,104,45,59,凱基-鳳山,2024-06-27,9274
4123,晟德,56,0,56,凱基-鳳山,2024-06-27,9274
4967,十銓,55,0,55,凱基-鳳山,2024-06-27,9274
8110,華東,71,16,55,凱基-鳳山,2024-06-27,9274
1101,台泥,57,5,52,凱基-鳳山,2024-06-27,9274
1609,大亞,69,21,48,凱基-鳳山,2024-06-27,9274
00919,群益台灣精選高息,66,20,46,凱基-鳳山,2024-06-27,9274
00679B,元大美債20年,55,10,45,凱基-鳳山,2024-06-27,9274
2883,凱基金,45,0,45,凱基-鳳山,2024-06-27,9274
9105,泰金寶-DR,46,1,45,凱基-鳳山,2024-06-27,9274
2501,國建,48,4,44,凱基-鳳山,2024-06-27,9274
2317,鴻海,54,13,41,凱基-鳳山,2024-06-27,9274
00687B,國泰20年美債,44,5,39,凱基-鳳山,2024-06-27,9274
2885,元大金,42,5,37,凱基-鳳山,2024-06-27,9274
1752,南光,37,2,35,凱基-鳳山,2024-06-27,9274
1605,華新,32,0,32,凱基-鳳山,2024-06-27,9274
8103,瀚荃,31,0,31,凱基-鳳山,2024-06-27,9274
8277,商丞,31,0,31,凱基-鳳山,2024-06-27,9274
2457,飛宏,30,0,30,凱基-鳳山,2024-06-27,9274
00937B,群益ESG投等債20,52,22,30,凱基-鳳山,2024-06-27,9274
6290,良維,27,3,24,凱基-鳳山,2024-06-27,9274
2489,瑞軒,30,7,23,凱基-鳳山,2024-06-27,9274
2382,廣達,21,2,19,凱基-鳳山,2024-06-27,9274
8092,建暐,18,0,18,凱基-鳳山,2024-06-27,9274
9136,巨騰-DR,18,1,17,凱基-鳳山,2024-06-27,9274
9904,寶成,18,1,17,凱基-鳳山,2024-06-27,9274
2352,佳世達,15,0,15,凱基-鳳山,2024-06-27,9274
6244,茂迪,55,40,15,凱基-鳳山,2024-06-27,9274
00680L,元大美債20正2,14,0,14,凱基-鳳山,2024-06-27,9274
1522,堤維西,14,0,14,凱基-鳳山,2024-06-27,9274
1303,南亞,13,0,13,凱基-鳳山,2024-06-27,9274
1785,光洋科,18,5,13,凱基-鳳山,2024-06-27,9274
1618,合機,13,0,13,凱基-鳳山,2024-06-27,9274
00935,野村臺灣新科技50,13,0,13,凱基-鳳山,2024-06-27,9274
00946,群益科技高息成長,12,0,12,凱基-鳳山,2024-06-27,9274
2515,中工,14,2,12,凱基-鳳山,2024-06-27,9274
2201,裕隆,12,0,12,凱基-鳳山,2024-06-27,9274
2301,光寶科,37,25,12,凱基-鳳山,2024-06-27,9274
3663,鑫科,61,50,11,凱基-鳳山,2024-06-27,9274
8210,勤誠,12,1,11,凱基-鳳山,2024-06-27,9274
2323,中環,15,5,10,凱基-鳳山,2024-06-27,9274
2392,正崴,19,9,10,凱基-鳳山,2024-06-27,9274
2464,盟立,19,9,10,凱基-鳳山,2024-06-27,9274
2505,國揚,10,0,10,凱基-鳳山,2024-06-27,9274
6560,欣普羅,10,0,10,凱基-鳳山,2024-06-27,9274
3481,群創,238,30,208,凱基-鳳山,2024-06-28,9274
2354,鴻準,194,16,178,凱基-鳳山,2024-06-28,9274
00929,復華台灣科技優息,114,2,112,凱基-鳳山,2024-06-28,9274
3062,建漢,108,9,99,凱基-鳳山,2024-06-28,9274
3338,泰碩,128,34,94,凱基-鳳山,2024-06-28,9274
2392,正崴,104,26,78,凱基-鳳山,2024-06-28,9274
2867,三商壽,84,6,78,凱基-鳳山,2024-06-28,9274
6152,百一,73,2,71,凱基-鳳山,2024-06-28,9274
3576,聯合再生,145,77,68,凱基-鳳山,2024-06-28,9274
00675L,富邦臺灣加權正2,64,0,64,凱基-鳳山,2024-06-28,9274
1809,中釉,60,0,60,凱基-鳳山,2024-06-28,9274
00919,群益台灣精選高息,57,1,56,凱基-鳳山,2024-06-28,9274
3050,鈺德,56,1,55,凱基-鳳山,2024-06-28,9274
00942B,台新美A公司債20+,54,0,54,凱基-鳳山,2024-06-28,9274
2303,聯電,55,6,49,凱基-鳳山,2024-06-28,9274
8277,商丞,42,0,42,凱基-鳳山,2024-06-28,9274
6244,茂迪,200,159,41,凱基-鳳山,2024-06-28,9274
2313,華通,44,4,40,凱基-鳳山,2024-06-28,9274
2401,凌陽,88,53,35,凱基-鳳山,2024-06-28,9274
2606,裕民,42,7,35,凱基-鳳山,2024-06-28,9274
2406,國碩,54,20,34,凱基-鳳山,2024-06-28,9274
2615,萬海,36,2,34,凱基-鳳山,2024-06-28,9274
3520,華盈,31,0,31,凱基-鳳山,2024-06-28,9274
5521,工信,31,0,31,凱基-鳳山,2024-06-28,9274
4967,十銓,34,5,29,凱基-鳳山,2024-06-28,9274
00946,群益科技高息成長,29,0,29,凱基-鳳山,2024-06-28,9274
1815,富喬,37,9,28,凱基-鳳山,2024-06-28,9274
4707,磐亞,30,2,28,凱基-鳳山,2024-06-28,9274
6182,合晶,29,1,28,凱基-鳳山,2024-06-28,9274
00679B,元大美債20年,31,4,27,凱基-鳳山,2024-06-28,9274
4526,東台,29,2,27,凱基-鳳山,2024-06-28,9274
3035,智原,30,5,25,凱基-鳳山,2024-06-28,9274
2301,光寶科,32,9,23,凱基-鳳山,2024-06-28,9274
2885,元大金,25,2,23,凱基-鳳山,2024-06-28,9274
1506,正道,21,0,21,凱基-鳳山,2024-06-28,9274
8440,綠電,53,32,21,凱基-鳳山,2024-06-28,9274
4934,太極,20,0,20,凱基-鳳山,2024-06-28,9274
00878,國泰永續高股息,19,0,19,凱基-鳳山,2024-06-28,9274
2230,泰茂,19,0,19,凱基-鳳山,2024-06-28,9274
2501,國建,28,9,19,凱基-鳳山,2024-06-28,9274
0056,元大高股息,21,2,19,凱基-鳳山,2024-06-28,9274
00947,台新臺灣IC設計,18,0,18,凱基-鳳山,2024-06-28,9274
1617,榮星,20,3,17,凱基-鳳山,2024-06-28,9274
00650L,復華香港正2,16,0,16,凱基-鳳山,2024-06-28,9274
00632R,元大台灣50反1,17,1,16,凱基-鳳山,2024-06-28,9274
00915,凱基優選高股息30,16,0,16,凱基-鳳山,2024-06-28,9274
6282,康舒,17,1,16,凱基-鳳山,2024-06-28,9274
1536,和大,20,5,15,凱基-鳳山,2024-06-28,9274
2069,運錩,15,0,15,凱基-鳳山,2024-06-28,9274
2349,錸德,44,29,15,凱基-鳳山,2024-06-28,9274
2301,光寶科,331,49,282,凱基-鳳山,2024-07-01,9274
3481,群創,170,2,168,凱基-鳳山,2024-07-01,9274
00687B,國泰20年美債,166,2,164,凱基-鳳山,2024-07-01,9274
00929,復華台灣科技優息,185,44,141,凱基-鳳山,2024-07-01,9274
00937B,群益ESG投等債20,115,11,104,凱基-鳳山,2024-07-01,9274
00679B,元大美債20年,102,1,101,凱基-鳳山,2024-07-01,9274
8105,凌巨,61,0,61,凱基-鳳山,2024-07-01,9274
2392,正崴,81,28,53,凱基-鳳山,2024-07-01,9274
2303,聯電,56,7,49,凱基-鳳山,2024-07-01,9274
2406,國碩,45,2,43,凱基-鳳山,2024-07-01,9274
8011,台通,42,0,42,凱基-鳳山,2024-07-01,9274
2605,新興,41,1,40,凱基-鳳山,2024-07-01,9274
8926,台汽電,40,0,40,凱基-鳳山,2024-07-01,9274
00857B,永豐20年美公債,39,0,39,凱基-鳳山,2024-07-01,9274
2317,鴻海,54,19,35,凱基-鳳山,2024-07-01,9274
00948B,中信優息投資級債,35,0,35,凱基-鳳山,2024-07-01,9274
2615,萬海,64,33,31,凱基-鳳山,2024-07-01,9274
3374,精材,37,11,26,凱基-鳳山,2024-07-01,9274
2365,昆盈,144,120,24,凱基-鳳山,2024-07-01,9274
00942B,台新美A公司債20+,25,3,22,凱基-鳳山,2024-07-01,9274
0056,元大高股息,24,2,22,凱基-鳳山,2024-07-01,9274
6890,來億-KY,29,7,22,凱基-鳳山,2024-07-01,9274
00881,國泰台灣5G+,20,0,20,凱基-鳳山,2024-07-01,9274
1781,合世,20,0,20,凱基-鳳山,2024-07-01,9274
3607,谷崧,20,0,20,凱基-鳳山,2024-07-01,9274
8096,擎亞,34,15,19,凱基-鳳山,2024-07-01,9274
2313,華通,50,32,18,凱基-鳳山,2024-07-01,9274
2354,鴻準,21,3,18,凱基-鳳山,2024-07-01,9274
1326,台化,18,0,18,凱基-鳳山,2024-07-01,9274
2230,泰茂,18,0,18,凱基-鳳山,2024-07-01,9274
2374,佳能,20,3,17,凱基-鳳山,2024-07-01,9274
4967,十銓,18,1,17,凱基-鳳山,2024-07-01,9274
2603,長榮,32,16,16,凱基-鳳山,2024-07-01,9274
6789,采鈺,17,2,15,凱基-鳳山,2024-07-01,9274
6213,聯茂,23,8,15,凱基-鳳山,2024-07-01,9274
6282,康舒,15,0,15,凱基-鳳山,2024-07-01,9274
3017,奇鋐,25,12,13,凱基-鳳山,2024-07-01,9274
1727,中華化,13,0,13,凱基-鳳山,2024-07-01,9274
3691,碩禾,14,1,13,凱基-鳳山,2024-07-01,9274
00933B,國泰10Y+金融債,18,5,13,凱基-鳳山,2024-07-01,9274
00688L,國泰20年美債正2,12,0,12,凱基-鳳山,2024-07-01,9274
2337,旺宏,22,10,12,凱基-鳳山,2024-07-01,9274
2349,錸德,49,37,12,凱基-鳳山,2024-07-01,9274
4566,時碩工業,39,27,12,凱基-鳳山,2024-07-01,9274
8112,至上,18,6,12,凱基-鳳山,2024-07-01,9274
2883,凱基金,52,40,12,凱基-鳳山,2024-07-01,9274
00795B,中信美國公債20年,11,0,11,凱基-鳳山,2024-07-01,9274
00931B,統一美債20年,11,0,11,凱基-鳳山,2024-07-01,9274
2324,仁寶,11,0,11,凱基-鳳山,2024-07-01,9274
3680,家登,11,0,11,凱基-鳳山,2024-07-01,9274
00934,中信成長高股息,542,0,542,凱基-鳳山,2024-07-02,9274
9105,泰金寶-DR,311,19,292,凱基-鳳山,2024-07-02,9274
2303,聯電,235,15,220,凱基-鳳山,2024-07-02,9274
2486,一詮,138,7,131,凱基-鳳山,2024-07-02,9274
00929,復華台灣科技優息,198,80,118,凱基-鳳山,2024-07-02,9274
0056,元大高股息,116,4,112,凱基-鳳山,2024-07-02,9274
00679B,元大美債20年,108,0,108,凱基-鳳山,2024-07-02,9274
5452,佶優,325,224,101,凱基-鳳山,2024-07-02,9274
4167,松瑞藥,82,0,82,凱基-鳳山,2024-07-02,9274
2618,長榮航,81,5,76,凱基-鳳山,2024-07-02,9274
00948B,中信優息投資級債,72,0,72,凱基-鳳山,2024-07-02,9274
3062,建漢,72,2,70,凱基-鳳山,2024-07-02,9274
00937B,群益ESG投等債20,48,0,48,凱基-鳳山,2024-07-02,9274
2392,正崴,61,16,45,凱基-鳳山,2024-07-02,9274
00885,富邦越南,43,1,42,凱基-鳳山,2024-07-02,9274
00942B,台新美A公司債20+,35,0,35,凱基-鳳山,2024-07-02,9274
3372,典範,36,1,35,凱基-鳳山,2024-07-02,9274
00687B,國泰20年美債,34,0,34,凱基-鳳山,2024-07-02,9274
1815,富喬,109,75,34,凱基-鳳山,2024-07-02,9274
2354,鴻準,56,24,32,凱基-鳳山,2024-07-02,9274
1301,台塑,30,2,28,凱基-鳳山,2024-07-02,9274
2301,光寶科,58,31,27,凱基-鳳山,2024-07-02,9274
1321,大洋,26,0,26,凱基-鳳山,2024-07-02,9274
2331,精英,32,6,26,凱基-鳳山,2024-07-02,9274
6770,力積電,37,11,26,凱基-鳳山,2024-07-02,9274
00936,台新永續高息中小,29,6,23,凱基-鳳山,2024-07-02,9274
6213,聯茂,47,24,23,凱基-鳳山,2024-07-02,9274
6285,啟��,22,0,22,凱基-鳳山,2024-07-02,9274
00935,野村臺灣新科技50,22,0,22,凱基-鳳山,2024-07-02,9274
1316,上曜,22,1,21,凱基-鳳山,2024-07-02,9274
8104,錸寶,24,3,21,凱基-鳳山,2024-07-02,9274
2609,陽明,30,10,20,凱基-鳳山,2024-07-02,9274
2103,台橡,20,0,20,凱基-鳳山,2024-07-02,9274
3615,安可,21,1,20,凱基-鳳山,2024-07-02,9274
3231,緯創,21,2,19,凱基-鳳山,2024-07-02,9274
2356,英業達,20,1,19,凱基-鳳山,2024-07-02,9274
00680L,元大美債20正2,17,0,17,凱基-鳳山,2024-07-02,9274
2369,菱生,20,3,17,凱基-鳳山,2024-07-02,9274
8112,至上,19,2,17,凱基-鳳山,2024-07-02,9274
6127,九豪,19,2,17,凱基-鳳山,2024-07-02,9274
006208,富邦台50,18,2,16,凱基-鳳山,2024-07-02,9274
00878,國泰永續高股息,18,2,16,凱基-鳳山,2024-07-02,9274
2501,國建,15,0,15,凱基-鳳山,2024-07-02,9274
3167,大量,21,6,15,凱基-鳳山,2024-07-02,9274
4562,穎漢,21,6,15,凱基-鳳山,2024-07-02,9274
00891,中信關鍵半導體,15,0,15,凱基-鳳山,2024-07-02,9274
2363,矽統,16,2,14,凱基-鳳山,2024-07-02,9274
2317,鴻海,106,91,15,凱基-鳳山,2024-07-02,9274
2913,農林,16,2,14,凱基-鳳山,2024-07-02,9274
5347,世界,24,10,14,凱基-鳳山,2024-07-02,9274
00934,中信成長高股息,241,1,240,凱基-鳳山,2024-07-03,9274
6152,百一,147,10,137,凱基-鳳山,2024-07-03,9274
5452,佶優,157,54,103,凱基-鳳山,2024-07-03,9274
1612,宏泰,86,0,86,凱基-鳳山,2024-07-03,9274
3060,銘異,100,18,82,凱基-鳳山,2024-07-03,9274
00937B,群益ESG投等債20,81,5,76,凱基-鳳山,2024-07-03,9274
3576,聯合再生,130,55,75,凱基-鳳山,2024-07-03,9274
2495,普安,55,2,53,凱基-鳳山,2024-07-03,9274
2867,三商壽,54,2,52,凱基-鳳山,2024-07-03,9274
2486,一詮,99,47,52,凱基-鳳山,2024-07-03,9274
6207,雷科,50,0,50,凱基-鳳山,2024-07-03,9274
3062,建漢,42,0,42,凱基-鳳山,2024-07-03,9274
00946,群益科技高息成長,40,1,39,凱基-鳳山,2024-07-03,9274
00933B,國泰10Y+金融債,38,0,38,凱基-鳳山,2024-07-03,9274
4906,正文,48,15,33,凱基-鳳山,2024-07-03,9274
3048,益登,52,22,30,凱基-鳳山,2024-07-03,9274
3312,弘憶股,36,7,29,凱基-鳳山,2024-07-03,9274
6290,良維,33,5,28,凱基-鳳山,2024-07-03,9274
2317,鴻海,44,18,26,凱基-鳳山,2024-07-03,9274
00688L,國泰20年美債正2,27,1,26,凱基-鳳山,2024-07-03,9274
00945B,凱基美國非投等債,25,0,25,凱基-鳳山,2024-07-03,9274
1815,富喬,54,30,24,凱基-鳳山,2024-07-03,9274
0056,元大高股息,25,2,23,凱基-鳳山,2024-07-03,9274
00919,群益台灣精選高息,24,2,22,凱基-鳳山,2024-07-03,9274
3376,新日興,26,5,21,凱基-鳳山,2024-07-03,9274
2354,鴻準,29,9,20,凱基-鳳山,2024-07-03,9274
3374,精材,80,60,20,凱基-鳳山,2024-07-03,9274
5328,華容,20,0,20,凱基-鳳山,2024-07-03,9274
2888,新光金,379,359,20,凱基-鳳山,2024-07-03,9274
2603,長榮,29,10,19,凱基-鳳山,2024-07-03,9274
2610,華航,31,13,18,凱基-鳳山,2024-07-03,9274
6672,騰輝電子-KY,19,1,18,凱基-鳳山,2024-07-03,9274
00936,台新永續高息中小,17,0,17,凱基-鳳山,2024-07-03,9274
3005,神基,49,32,17,凱基-鳳山,2024-07-03,9274
5469,瀚宇博,18,1,17,凱基-鳳山,2024-07-03,9274
6244,茂迪,47,30,17,凱基-鳳山,2024-07-03,9274
8110,華東,17,0,17,凱基-鳳山,2024-07-03,9274
00713,元大台灣高息低波,17,0,17,凱基-鳳山,2024-07-03,9274
3481,群創,23,7,16,凱基-鳳山,2024-07-03,9274
2405,輔信,17,2,15,凱基-鳳山,2024-07-03,9274
8121,越峰,15,0,15,凱基-鳳山,2024-07-03,9274
6890,來億-KY,21,6,15,凱基-鳳山,2024-07-03,9274
00931B,統一美債20年,14,0,14,凱基-鳳山,2024-07-03,9274
00949,復華日本龍頭,14,0,14,凱基-鳳山,2024-07-03,9274
2392,正崴,26,12,14,凱基-鳳山,2024-07-03,9274
3035,智原,34,21,13,凱基-鳳山,2024-07-03,9274
1418,東華,15,2,13,凱基-鳳山,2024-07-03,9274
8064,東捷,21,8,13,凱基-鳳山,2024-07-03,9274
00679B,元大美債20年,12,0,12,凱基-鳳山,2024-07-03,9274
3050,鈺德,12,0,12,凱基-鳳山,2024-07-03,9274
2883,凱基金,224,16,208,凱基-鳳山,2024-07-04,9274
4109,加捷生醫,297,201,96,凱基-鳳山,2024-07-04,9274
2405,輔信,103,29,74,凱基-鳳山,2024-07-04,9274
2230,泰茂,63,0,63,凱基-鳳山,2024-07-04,9274
1409,新纖,66,5,61,凱基-鳳山,2024-07-04,9274
2354,鴻準,121,65,56,凱基-鳳山,2024-07-04,9274
2609,陽明,76,26,50,凱基-鳳山,2024-07-04,9274
2881,富邦金,46,0,46,凱基-鳳山,2024-07-04,9274
4123,晟德,45,1,44,凱基-鳳山,2024-07-04,9274
00946,群益科技高息成長,41,0,41,凱基-鳳山,2024-07-04,9274
2355,敬鵬,42,4,38,凱基-鳳山,2024-07-04,9274
2495,普安,74,37,37,凱基-鳳山,2024-07-04,9274
2409,友達,45,12,33,凱基-鳳山,2024-07-04,9274
2867,三商壽,50,18,32,凱基-鳳山,2024-07-04,9274
3035,智原,38,7,31,凱基-鳳山,2024-07-04,9274
3189,景碩,31,0,31,凱基-鳳山,2024-07-04,9274
00934,中信成長高股息,31,0,31,凱基-鳳山,2024-07-04,9274
6142,友勁,34,3,31,凱基-鳳山,2024-07-04,9274
8390,金益鼎,30,6,24,凱基-鳳山,2024-07-04,9274
0056,元大高股息,45,22,23,凱基-鳳山,2024-07-04,9274
3221,台嘉碩,34,11,23,凱基-鳳山,2024-07-04,9274
2002,中鋼,21,0,21,凱基-鳳山,2024-07-04,9274
00632R,元大台灣50反1,21,0,21,凱基-鳳山,2024-07-04,9274
2353,宏��,22,2,20,凱基-鳳山,2024-07-04,9274
5425,台半,20,0,20,凱基-鳳山,2024-07-04,9274
8105,凌巨,20,0,20,凱基-鳳山,2024-07-04,9274
3047,訊舟,43,23,20,凱基-鳳山,2024-07-04,9274
5880,合庫金,20,0,20,凱基-鳳山,2024-07-04,9274
2851,中再保,19,0,19,凱基-鳳山,2024-07-04,9274
2412,中華電,19,1,18,凱基-鳳山,2024-07-04,9274
2027,大成鋼,18,0,18,凱基-鳳山,2024-07-04,9274
2610,華航,33,15,18,凱基-鳳山,2024-07-04,9274
4743,合一,17,0,17,凱基-鳳山,2024-07-04,9274
6152,百一,37,20,17,凱基-鳳山,2024-07-04,9274
00687B,國泰20年美債,18,2,16,凱基-鳳山,2024-07-04,9274
3516,亞帝歐,16,0,16,凱基-鳳山,2024-07-04,9274
6290,良維,19,4,15,凱基-鳳山,2024-07-04,9274
3045,台灣大,15,0,15,凱基-鳳山,2024-07-04,9274
5347,世界,81,66,15,凱基-鳳山,2024-07-04,9274
3043,科風,15,0,15,凱基-鳳山,2024-07-04,9274
8936,國統,15,1,14,凱基-鳳山,2024-07-04,9274
2615,萬海,25,11,14,凱基-鳳山,2024-07-04,9274
4967,十銓,14,0,14,凱基-鳳山,2024-07-04,9274
4976,佳凌,14,2,12,凱基-鳳山,2024-07-04,9274
3703,欣陸,13,2,11,凱基-鳳山,2024-07-04,9274
00673R,期元大S＆P原油反1,10,0,10,凱基-鳳山,2024-07-04,9274
1732,毛寶,10,0,10,凱基-鳳山,2024-07-04,9274
2332,友訊,10,0,10,凱基-鳳山,2024-07-04,9274
3521,鴻翊,10,0,10,凱基-鳳山,2024-07-04,9274
3050,鈺德,10,1,9,凱基-鳳山,2024-07-04,9274
3481,群創,533,105,428,凱基-鳳山,2024-07-05,9274
2301,光寶科,312,2,310,凱基-鳳山,2024-07-05,9274
2884,玉山金,149,0,149,凱基-鳳山,2024-07-05,9274
2356,英業達,134,43,91,凱基-鳳山,2024-07-05,9274
2349,錸德,107,17,90,凱基-鳳山,2024-07-05,9274
00934,中信成長高股息,55,0,55,凱基-鳳山,2024-07-05,9274
2328,廣宇,53,1,52,凱基-鳳山,2024-07-05,9274
2610,華航,58,7,51,凱基-鳳山,2024-07-05,9274
2618,長榮航,59,10,49,凱基-鳳山,2024-07-05,9274
6789,采鈺,88,44,44,凱基-鳳山,2024-07-05,9274
2615,萬海,50,7,43,凱基-鳳山,2024-07-05,9274
3049,精金,46,5,41,凱基-鳳山,2024-07-05,9274
3048,益登,43,3,40,凱基-鳳山,2024-07-05,9274
00679B,元大美債20年,39,0,39,凱基-鳳山,2024-07-05,9274
00740B,富邦全球投等債,37,0,37,凱基-鳳山,2024-07-05,9274
6126,信音,57,20,37,凱基-鳳山,2024-07-05,9274
9958,世紀鋼,37,3,34,凱基-鳳山,2024-07-05,9274
2323,中環,59,26,33,凱基-鳳山,2024-07-05,9274
2371,大同,33,5,28,凱基-鳳山,2024-07-05,9274
6278,台表科,39,11,28,凱基-鳳山,2024-07-05,9274
2885,元大金,33,6,27,凱基-鳳山,2024-07-05,9274
6127,九豪,35,10,25,凱基-鳳山,2024-07-05,9274
8390,金益鼎,28,3,25,凱基-鳳山,2024-07-05,9274
2609,陽明,35,10,25,凱基-鳳山,2024-07-05,9274
00929,復華台灣科技優息,23,1,22,凱基-鳳山,2024-07-05,9274
00885,富邦越南,21,0,21,凱基-鳳山,2024-07-05,9274
2101,南港,20,0,20,凱基-鳳山,2024-07-05,9274
3032,偉訓,20,0,20,凱基-鳳山,2024-07-05,9274
5392,能率,30,10,20,凱基-鳳山,2024-07-05,9274
6443,元晶,30,10,20,凱基-鳳山,2024-07-05,9274
5328,華容,20,1,19,凱基-鳳山,2024-07-05,9274
6431,光麗-KY,18,0,18,凱基-鳳山,2024-07-05,9274
3221,台嘉碩,16,0,16,凱基-鳳山,2024-07-05,9274
3576,聯合再生,26,10,16,凱基-鳳山,2024-07-05,9274
3673,TPK-KY,39,23,16,凱基-鳳山,2024-07-05,9274
1303,南亞,20,5,15,凱基-鳳山,2024-07-05,9274
00928,中信上櫃ESG30,15,0,15,凱基-鳳山,2024-07-05,9274
00891,中信關鍵半導體,15,0,15,凱基-鳳山,2024-07-05,9274
2834,臺企銀,15,0,15,凱基-鳳山,2024-07-05,9274
2812,台中銀,14,0,14,凱基-鳳山,2024-07-05,9274
1321,大洋,14,0,14,凱基-鳳山,2024-07-05,9274
00675L,富邦臺灣加權正2,20,7,13,凱基-鳳山,2024-07-05,9274
1506,正道,13,0,13,凱基-鳳山,2024-07-05,9274
2887,台新金,13,0,13,凱基-鳳山,2024-07-05,9274
2603,長榮,37,24,13,凱基-鳳山,2024-07-05,9274
2543,皇昌,20,7,13,凱基-鳳山,2024-07-05,9274
3037,欣興,12,0,12,凱基-鳳山,2024-07-05,9274
1504,東元,15,3,12,凱基-鳳山,2024-07-05,9274
2363,矽統,85,73,12,凱基-鳳山,2024-07-05,9274
00933B,國泰10Y+金融債,11,0,11,凱基-鳳山,2024-07-05,9274
3481,群創,783,438,345,凱基-鳳山,2024-07-08,9274
2486,一詮,752,573,179,凱基-鳳山,2024-07-08,9274
6207,雷科,173,2,171,凱基-鳳山,2024-07-08,9274
2406,國碩,131,2,129,凱基-鳳山,2024-07-08,9274
5452,佶優,405,283,122,凱基-鳳山,2024-07-08,9274
2427,三商電,203,90,113,凱基-鳳山,2024-07-08,9274
00632R,元大台灣50反1,105,0,105,凱基-鳳山,2024-07-08,9274
8105,凌巨,102,5,97,凱基-鳳山,2024-07-08,9274
00934,中信成長高股息,89,0,89,凱基-鳳山,2024-07-08,9274
2618,長榮航,119,31,88,凱基-鳳山,2024-07-08,9274
2605,新興,104,25,79,凱基-鳳山,2024-07-08,9274
5243,乙盛-KY,124,46,78,凱基-鳳山,2024-07-08,9274
2402,毅嘉,70,1,69,凱基-鳳山,2024-07-08,9274
00937B,群益ESG投等債20,53,4,49,凱基-鳳山,2024-07-08,9274
2501,國建,45,1,44,凱基-鳳山,2024-07-08,9274
2417,圓剛,112,73,39,凱基-鳳山,2024-07-08,9274
2409,友達,42,3,39,凱基-鳳山,2024-07-08,9274
2328,廣宇,41,3,38,凱基-鳳山,2024-07-08,9274
1727,中華化,37,0,37,凱基-鳳山,2024-07-08,9274
00946,群益科技高息成長,66,30,36,凱基-鳳山,2024-07-08,9274
2489,瑞軒,38,5,33,凱基-鳳山,2024-07-08,9274
00929,復華台灣科技優息,105,74,31,凱基-鳳山,2024-07-08,9274
3312,弘憶股,37,6,31,凱基-鳳山,2024-07-08,9274
2401,凌陽,35,8,27,凱基-鳳山,2024-07-08,9274
3338,泰碩,30,4,26,凱基-鳳山,2024-07-08,9274
2888,新光金,48,23,25,凱基-鳳山,2024-07-08,9274
2365,昆盈,75,52,23,凱基-鳳山,2024-07-08,9274
2312,金寶,25,2,23,凱基-鳳山,2024-07-08,9274
6217,中探針,42,19,23,凱基-鳳山,2024-07-08,9274
4564,元翎,26,4,22,凱基-鳳山,2024-07-08,9274
00905,FT臺灣Smart,23,2,21,凱基-鳳山,2024-07-08,9274
2611,志信,30,10,20,凱基-鳳山,2024-07-08,9274
9105,泰金寶-DR,52,33,19,凱基-鳳山,2024-07-08,9274
8028,昇陽半導體,45,26,19,凱基-鳳山,2024-07-08,9274
2748,雲品,19,0,19,凱基-鳳山,2024-07-08,9274
6443,元晶,24,5,19,凱基-鳳山,2024-07-08,9274
8390,金益鼎,70,51,19,凱基-鳳山,2024-07-08,9274
2498,宏達電,20,1,19,凱基-鳳山,2024-07-08,9274
2615,萬海,29,11,18,凱基-鳳山,2024-07-08,9274
6188,廣明,22,4,18,凱基-鳳山,2024-07-08,9274
6127,九豪,45,27,18,凱基-鳳山,2024-07-08,9274
1815,富喬,73,55,18,凱基-鳳山,2024-07-08,9274
8071,能率網通,25,7,18,凱基-鳳山,2024-07-08,9274
3535,晶彩科,38,20,18,凱基-鳳山,2024-07-08,9274
2353,宏��,17,0,17,凱基-鳳山,2024-07-08,9274
8092,建暐,22,5,17,凱基-鳳山,2024-07-08,9274
4960,誠美材,58,41,17,凱基-鳳山,2024-07-08,9274
4976,佳凌,21,5,16,凱基-鳳山,2024-07-08,9274
3374,精材,39,24,15,凱基-鳳山,2024-07-08,9274
5443,均豪,20,5,15,凱基-鳳山,2024-07-08,9274
2312,金寶,1391,992,399,凱基-鳳山,2024-07-09,9274
3481,群創,653,393,260,凱基-鳳山,2024-07-09,9274
1714,和桐,200,4,196,凱基-鳳山,2024-07-09,9274
5452,佶優,190,90,100,凱基-鳳山,2024-07-09,9274
2363,矽統,111,14,97,凱基-鳳山,2024-07-09,9274
3498,陽程,95,1,94,凱基-鳳山,2024-07-09,9274
3047,訊舟,270,187,83,凱基-鳳山,2024-07-09,9274
4960,誠美材,77,6,71,凱基-鳳山,2024-07-09,9274
00679B,元大美債20年,72,5,67,凱基-鳳山,2024-07-09,9274
2618,長榮航,67,4,63,凱基-鳳山,2024-07-09,9274
00919,群益台灣精選高息,76,14,62,凱基-鳳山,2024-07-09,9274
2353,宏��,79,18,61,凱基-鳳山,2024-07-09,9274
6152,百一,86,30,56,凱基-鳳山,2024-07-09,9274
006208,富邦台50,89,35,54,凱基-鳳山,2024-07-09,9274
00680L,元大美債20正2,50,0,50,凱基-鳳山,2024-07-09,9274
2834,臺企銀,48,0,48,凱基-鳳山,2024-07-09,9274
00885,富邦越南,43,0,43,凱基-鳳山,2024-07-09,9274
2501,國建,45,2,43,凱基-鳳山,2024-07-09,9274
3710,連展投控,46,3,43,凱基-鳳山,2024-07-09,9274
1229,聯華,42,0,42,凱基-鳳山,2024-07-09,9274
00937B,群益ESG投等債20,45,6,39,凱基-鳳山,2024-07-09,9274
00687B,國泰20年美債,38,1,37,凱基-鳳山,2024-07-09,9274
2354,鴻準,84,48,36,凱基-鳳山,2024-07-09,9274
3062,建漢,41,7,34,凱基-鳳山,2024-07-09,9274
00934,中信成長高股息,33,0,33,凱基-鳳山,2024-07-09,9274
00905,FT臺灣Smart,32,0,32,凱基-鳳山,2024-07-09,9274
3374,精材,424,392,32,凱基-鳳山,2024-07-09,9274
5469,瀚宇博,32,0,32,凱基-鳳山,2024-07-09,9274
2317,鴻海,72,41,31,凱基-鳳山,2024-07-09,9274
2208,台船,30,0,30,凱基-鳳山,2024-07-09,9274
4906,正文,40,11,29,凱基-鳳山,2024-07-09,9274
1785,光洋科,53,25,28,凱基-鳳山,2024-07-09,9274
2486,一詮,29,1,28,凱基-鳳山,2024-07-09,9274
00936,台新永續高息中小,28,0,28,凱基-鳳山,2024-07-09,9274
1718,中纖,28,0,28,凱基-鳳山,2024-07-09,9274
6116,彩晶,30,3,27,凱基-鳳山,2024-07-09,9274
2367,燿華,184,158,26,凱基-鳳山,2024-07-09,9274
2417,圓剛,31,6,25,凱基-鳳山,2024-07-09,9274
4976,佳凌,27,2,25,凱基-鳳山,2024-07-09,9274
3706,神達,24,0,24,凱基-鳳山,2024-07-09,9274
6153,嘉聯益,26,2,24,凱基-鳳山,2024-07-09,9274
2301,光寶科,32,8,24,凱基-鳳山,2024-07-09,9274
3707,漢磊,23,0,23,凱基-鳳山,2024-07-09,9274
00881,國泰台灣5G+,23,1,22,凱基-鳳山,2024-07-09,9274
00858,永豐美國500大,22,0,22,凱基-鳳山,2024-07-09,9274
2349,錸德,49,28,21,凱基-鳳山,2024-07-09,9274
2609,陽明,26,5,21,凱基-鳳山,2024-07-09,9274
00632R,元大台灣50反1,20,0,20,凱基-鳳山,2024-07-09,9274
1321,大洋,20,0,20,凱基-鳳山,2024-07-09,9274
2913,農林,20,0,20,凱基-鳳山,2024-07-09,9274
2349,錸德,366,1,365,凱基-鳳山,2024-07-10,9274
00934,中信成長高股息,291,5,286,凱基-鳳山,2024-07-10,9274
2392,正崴,215,113,102,凱基-鳳山,2024-07-10,9274
1785,光洋科,187,102,85,凱基-鳳山,2024-07-10,9274
2363,矽統,71,16,55,凱基-鳳山,2024-07-10,9274
00882,中信中國高股息,52,0,52,凱基-鳳山,2024-07-10,9274
00632R,元大台灣50反1,50,0,50,凱基-鳳山,2024-07-10,9274
00676R,富邦臺灣加權反1,50,0,50,凱基-鳳山,2024-07-10,9274
2867,三商壽,69,22,47,凱基-鳳山,2024-07-10,9274
1718,中纖,64,20,44,凱基-鳳山,2024-07-10,9274
3105,穩懋,46,3,43,凱基-鳳山,2024-07-10,9274
00885,富邦越南,40,2,38,凱基-鳳山,2024-07-10,9274
3231,緯創,43,7,36,凱基-鳳山,2024-07-10,9274
9105,泰金寶-DR,57,22,35,凱基-鳳山,2024-07-10,9274
8105,凌巨,49,15,34,凱基-鳳山,2024-07-10,9274
4958,臻鼎-KY,40,9,31,凱基-鳳山,2024-07-10,9274
2025,千興,29,0,29,凱基-鳳山,2024-07-10,9274
1618,合機,31,3,28,凱基-鳳山,2024-07-10,9274
6187,萬潤,37,9,28,凱基-鳳山,2024-07-10,9274
2317,鴻海,29,4,25,凱基-鳳山,2024-07-10,9274
3276,宇環,24,0,24,凱基-鳳山,2024-07-10,9274
3338,泰碩,34,10,24,凱基-鳳山,2024-07-10,9274
4714,永捷,24,0,24,凱基-鳳山,2024-07-10,9274
1101,台泥,24,1,23,凱基-鳳山,2024-07-10,9274
3035,智原,29,7,22,凱基-鳳山,2024-07-10,9274
8039,台虹,22,0,22,凱基-鳳山,2024-07-10,9274
00935,野村臺灣新科技50,27,6,21,凱基-鳳山,2024-07-10,9274
6770,力積電,22,1,21,凱基-鳳山,2024-07-10,9274
00950B,凱基A級公司債,31,11,20,凱基-鳳山,2024-07-10,9274
2324,仁寶,26,6,20,凱基-鳳山,2024-07-10,9274
2360,致茂,20,0,20,凱基-鳳山,2024-07-10,9274
3707,漢磊,20,0,20,凱基-鳳山,2024-07-10,9274
2401,凌陽,20,1,19,凱基-鳳山,2024-07-10,9274
2353,宏��,102,84,18,凱基-鳳山,2024-07-10,9274
6282,康舒,25,7,18,凱基-鳳山,2024-07-10,9274
00881,國泰台灣5G+,17,0,17,凱基-鳳山,2024-07-10,9274
00679B,元大美債20年,32,15,17,凱基-鳳山,2024-07-10,9274
6153,嘉聯益,17,1,16,凱基-鳳山,2024-07-10,9274
2406,國碩,15,0,15,凱基-鳳山,2024-07-10,9274
2611,志信,14,0,14,凱基-鳳山,2024-07-10,9274
8011,台通,20,7,13,凱基-鳳山,2024-07-10,9274
2405,輔信,41,29,12,凱基-鳳山,2024-07-10,9274
00936,台新永續高息中小,17,5,12,凱基-鳳山,2024-07-10,9274
1312,國喬,12,0,12,凱基-鳳山,2024-07-10,9274
3576,聯合再生,12,0,12,凱基-鳳山,2024-07-10,9274
2330,台積電,17,5,12,凱基-鳳山,2024-07-10,9274
2367,燿華,18,7,11,凱基-鳳山,2024-07-10,9274
4909,新復興,23,12,11,凱基-鳳山,2024-07-10,9274
6126,信音,11,0,11,凱基-鳳山,2024-07-10,9274
6127,九豪,11,0,11,凱基-鳳山,2024-07-10,9274
2888,新光金,1126,198,928,凱基-鳳山,2024-07-11,9274
00632R,元大台灣50反1,346,0,346,凱基-鳳山,2024-07-11,9274
9904,寶成,159,1,158,凱基-鳳山,2024-07-11,9274
00929,復華台灣科技優息,166,40,126,凱基-鳳山,2024-07-11,9274
00937B,群益ESG投等債20,118,1,117,凱基-鳳山,2024-07-11,9274
1714,和桐,71,0,71,凱基-鳳山,2024-07-11,9274
3450,聯鈞,74,14,60,凱基-鳳山,2024-07-11,9274
2618,長榮航,120,67,53,凱基-鳳山,2024-07-11,9274
2405,輔信,57,4,53,凱基-鳳山,2024-07-11,9274
5309,系統電,63,11,52,凱基-鳳山,2024-07-11,9274
1229,聯華,51,0,51,凱基-鳳山,2024-07-11,9274
00945B,凱基美國非投等債,50,0,50,凱基-鳳山,2024-07-11,9274
2392,正崴,205,156,49,凱基-鳳山,2024-07-11,9274
00919,群益台灣精選高息,56,9,47,凱基-鳳山,2024-07-11,9274
00687B,國泰20年美債,44,0,44,凱基-鳳山,2024-07-11,9274
2014,中鴻,42,0,42,凱基-鳳山,2024-07-11,9274
1718,中纖,35,0,35,凱基-鳳山,2024-07-11,9274
1609,大亞,43,10,33,凱基-鳳山,2024-07-11,9274
2354,鴻準,41,9,32,凱基-鳳山,2024-07-11,9274
4526,東台,32,0,32,凱基-鳳山,2024-07-11,9274
8110,華東,31,0,31,凱基-鳳山,2024-07-11,9274
00751B,元大AAA至A公司債,40,10,30,凱基-鳳山,2024-07-11,9274
2352,佳世達,43,14,29,凱基-鳳山,2024-07-11,9274
1608,華榮,30,2,28,凱基-鳳山,2024-07-11,9274
5439,高技,30,2,28,凱基-鳳山,2024-07-11,9274
2537,聯上發,35,10,25,凱基-鳳山,2024-07-11,9274
8358,金居,39,16,23,凱基-鳳山,2024-07-11,9274
1809,中釉,21,0,21,凱基-鳳山,2024-07-11,9274
2486,一詮,23,3,20,凱基-鳳山,2024-07-11,9274
2464,盟立,62,43,19,凱基-鳳山,2024-07-11,9274
2316,楠梓電,28,9,19,凱基-鳳山,2024-07-11,9274
00679B,元大美債20年,23,5,18,凱基-鳳山,2024-07-11,9274
0056,元大高股息,26,8,18,凱基-鳳山,2024-07-11,9274
1301,台塑,22,5,17,凱基-鳳山,2024-07-11,9274
00946,群益科技高息成長,17,0,17,凱基-鳳山,2024-07-11,9274
3290,東浦,19,2,17,凱基-鳳山,2024-07-11,9274
8064,東捷,28,12,16,凱基-鳳山,2024-07-11,9274
3033,威健,20,4,16,凱基-鳳山,2024-07-11,9274
4909,新復興,21,5,16,凱基-鳳山,2024-07-11,9274
00725B,國泰投資級公司債,15,0,15,凱基-鳳山,2024-07-11,9274
1536,和大,17,3,14,凱基-鳳山,2024-07-11,9274
2610,華航,22,8,14,凱基-鳳山,2024-07-11,9274
3711,日月光投控,19,5,14,凱基-鳳山,2024-07-11,9274
1532,勤美,15,2,13,凱基-鳳山,2024-07-11,9274
2887,台新金,23,10,13,凱基-鳳山,2024-07-11,9274
2362,藍天,15,2,13,凱基-鳳山,2024-07-11,9274
2382,廣達,22,10,12,凱基-鳳山,2024-07-11,9274
8390,金益鼎,12,0,12,凱基-鳳山,2024-07-11,9274
2108,南帝,12,0,12,凱基-鳳山,2024-07-11,9274
3276,宇環,11,0,11,凱基-鳳山,2024-07-11,9274
2888,新光金,661,139,522,凱基-鳳山,2024-07-12,9274
00937B,群益ESG投等債20,437,0,437,凱基-鳳山,2024-07-12,9274
1316,上曜,349,132,217,凱基-鳳山,2024-07-12,9274
00934,中信成長高股息,164,0,164,凱基-鳳山,2024-07-12,9274
2317,鴻海,118,26,92,凱基-鳳山,2024-07-12,9274
1529,樂事綠能,115,41,74,凱基-鳳山,2024-07-12,9274
2349,錸德,106,39,67,凱基-鳳山,2024-07-12,9274
4804,大略-KY,56,0,56,凱基-鳳山,2024-07-12,9274
1409,新纖,57,3,54,凱基-鳳山,2024-07-12,9274
6207,雷科,53,1,52,凱基-鳳山,2024-07-12,9274
3596,智易,45,1,44,凱基-鳳山,2024-07-12,9274
00919,群益台灣精選高息,116,73,43,凱基-鳳山,2024-07-12,9274
2303,聯電,50,7,43,凱基-鳳山,2024-07-12,9274
6189,豐藝,39,0,39,凱基-鳳山,2024-07-12,9274
00720B,元大投資級公司債,41,2,39,凱基-鳳山,2024-07-12,9274
2313,華通,39,3,36,凱基-鳳山,2024-07-12,9274
00927,群益半導體收益,36,0,36,凱基-鳳山,2024-07-12,9274
2834,臺企銀,32,0,32,凱基-鳳山,2024-07-12,9274
00679B,元大美債20年,52,21,31,凱基-鳳山,2024-07-12,9274
3149,正達,30,0,30,凱基-鳳山,2024-07-12,9274
00933B,國泰10Y+金融債,33,4,29,凱基-鳳山,2024-07-12,9274
00935,野村臺灣新科技50,28,0,28,凱基-鳳山,2024-07-12,9274
00881,國泰台灣5G+,27,0,27,凱基-鳳山,2024-07-12,9274
00712,復華富時不動產,46,19,27,凱基-鳳山,2024-07-12,9274
3711,日月光投控,23,1,22,凱基-鳳山,2024-07-12,9274
1809,中釉,24,3,21,凱基-鳳山,2024-07-12,9274
00891,中信關鍵半導體,21,1,20,凱基-鳳山,2024-07-12,9274
5452,佶優,35,15,20,凱基-鳳山,2024-07-12,9274
00949,復華日本龍頭,20,0,20,凱基-鳳山,2024-07-12,9274
2401,凌陽,65,45,20,凱基-鳳山,2024-07-12,9274
2537,聯上發,21,1,20,凱基-鳳山,2024-07-12,9274
2887,台新金,32,12,20,凱基-鳳山,2024-07-12,9274
0056,元大高股息,32,13,19,凱基-鳳山,2024-07-12,9274
00945B,凱基美國非投等債,19,0,19,凱基-鳳山,2024-07-12,9274
3630,新鉅科,21,3,18,凱基-鳳山,2024-07-12,9274
6443,元晶,26,9,17,凱基-鳳山,2024-07-12,9274
1617,榮星,17,0,17,凱基-鳳山,2024-07-12,9274
3105,穩懋,16,1,15,凱基-鳳山,2024-07-12,9274
3231,緯創,26,11,15,凱基-鳳山,2024-07-12,9274
2408,南亞科,15,0,15,凱基-鳳山,2024-07-12,9274
3374,精材,24,9,15,凱基-鳳山,2024-07-12,9274
3057,喬鼎,15,0,15,凱基-鳳山,2024-07-12,9274
6163,華電網,17,3,14,凱基-鳳山,2024-07-12,9274
2486,一詮,14,0,14,凱基-鳳山,2024-07-12,9274
8039,台虹,14,0,14,凱基-鳳山,2024-07-12,9274
9904,寶成,97,83,14,凱基-鳳山,2024-07-12,9274
00929,復華台灣科技優息,181,168,13,凱基-鳳山,2024-07-12,9274
5243,乙盛-KY,14,1,13,凱基-鳳山,2024-07-12,9274
4714,永捷,19,7,12,凱基-鳳山,2024-07-12,9274
2501,國建,12,0,12,凱基-鳳山,2024-07-12,9274
00934,中信成長高股息,203,24,179,凱基-鳳山,2024-07-15,9274
00933B,國泰10Y+金融債,160,1,159,凱基-鳳山,2024-07-15,9274
3481,群創,261,106,155,凱基-鳳山,2024-07-15,9274
0056,元大高股息,123,1,122,凱基-鳳山,2024-07-15,9274
1409,新纖,116,1,115,凱基-鳳山,2024-07-15,9274
2605,新興,80,1,79,凱基-鳳山,2024-07-15,9274
2312,金寶,113,35,78,凱基-鳳山,2024-07-15,9274
00929,復華台灣科技優息,84,10,74,凱基-鳳山,2024-07-15,9274
2891,中信金,88,16,72,凱基-鳳山,2024-07-15,9274
2409,友達,65,3,62,凱基-鳳山,2024-07-15,9274
00945B,凱基美國非投等債,51,0,51,凱基-鳳山,2024-07-15,9274
2888,新光金,53,3,50,凱基-鳳山,2024-07-15,9274
9105,泰金寶-DR,89,39,50,凱基-鳳山,2024-07-15,9274
1727,中華化,65,22,43,凱基-鳳山,2024-07-15,9274
00946,群益科技高息成長,40,1,39,凱基-鳳山,2024-07-15,9274
1718,中纖,38,0,38,凱基-鳳山,2024-07-15,9274
00687B,國泰20年美債,47,9,38,凱基-鳳山,2024-07-15,9274
1809,中釉,40,3,37,凱基-鳳山,2024-07-15,9274
2498,宏達電,34,0,34,凱基-鳳山,2024-07-15,9274
2885,元大金,33,0,33,凱基-鳳山,2024-07-15,9274
00919,群益台灣精選高息,44,11,33,凱基-鳳山,2024-07-15,9274
2489,瑞軒,93,61,32,凱基-鳳山,2024-07-15,9274
2401,凌陽,65,33,32,凱基-鳳山,2024-07-15,9274
00679B,元大美債20年,32,2,30,凱基-鳳山,2024-07-15,9274
2457,飛宏,30,0,30,凱基-鳳山,2024-07-15,9274
9945,潤泰新,36,13,23,凱基-鳳山,2024-07-15,9274
2610,華航,34,11,23,凱基-鳳山,2024-07-15,9274
8088,品安,23,0,23,凱基-鳳山,2024-07-15,9274
00878,國泰永續高股息,26,3,23,凱基-鳳山,2024-07-15,9274
2402,毅嘉,20,0,20,凱基-鳳山,2024-07-15,9274
2867,三商壽,46,26,20,凱基-鳳山,2024-07-15,9274
2464,盟立,51,32,19,凱基-鳳山,2024-07-15,9274
2382,廣達,22,3,19,凱基-鳳山,2024-07-15,9274
6770,力積電,20,2,18,凱基-鳳山,2024-07-15,9274
00905,FT臺灣Smart,30,12,18,凱基-鳳山,2024-07-15,9274
2303,聯電,25,8,17,凱基-鳳山,2024-07-15,9274
2392,正崴,35,18,17,凱基-鳳山,2024-07-15,9274
3016,嘉晶,28,12,16,凱基-鳳山,2024-07-15,9274
3035,智原,50,34,16,凱基-鳳山,2024-07-15,9274
00680L,元大美債20正2,33,18,15,凱基-鳳山,2024-07-15,9274
3706,神達,30,15,15,凱基-鳳山,2024-07-15,9274
1536,和大,28,14,14,凱基-鳳山,2024-07-15,9274
1617,榮星,17,3,14,凱基-鳳山,2024-07-15,9274
5213,亞昕,16,2,14,凱基-鳳山,2024-07-15,9274
2330,台積電,16,3,13,凱基-鳳山,2024-07-15,9274
5328,華容,13,0,13,凱基-鳳山,2024-07-15,9274
00632R,元大台灣50反1,13,0,13,凱基-鳳山,2024-07-15,9274
1611,中電,16,3,13,凱基-鳳山,2024-07-15,9274
2399,映泰,18,5,13,凱基-鳳山,2024-07-15,9274
6147,頎邦,13,0,13,凱基-鳳山,2024-07-15,9274
3710,連展投控,198,0,198,凱基-鳳山,2024-07-16,9274
3481,群創,280,107,173,凱基-鳳山,2024-07-16,9274
00937B,群益ESG投等債20,150,0,150,凱基-鳳山,2024-07-16,9274
00942B,台新美A公司債20+,116,0,116,凱基-鳳山,2024-07-16,9274
00934,中信成長高股息,101,1,100,凱基-鳳山,2024-07-16,9274
1609,大亞,156,76,80,凱基-鳳山,2024-07-16,9274
2312,金寶,136,58,78,凱基-鳳山,2024-07-16,9274
00929,復華台灣科技優息,61,0,61,凱基-鳳山,2024-07-16,9274
6152,百一,80,21,59,凱基-鳳山,2024-07-16,9274
00905,FT臺灣Smart,55,2,53,凱基-鳳山,2024-07-16,9274
2867,三商壽,53,4,49,凱基-鳳山,2024-07-16,9274
2317,鴻海,58,10,48,凱基-鳳山,2024-07-16,9274
00919,群益台灣精選高息,44,2,42,凱基-鳳山,2024-07-16,9274
2303,聯電,42,1,41,凱基-鳳山,2024-07-16,9274
2002,中鋼,38,0,38,凱基-鳳山,2024-07-16,9274
00878,國泰永續高股息,34,0,34,凱基-鳳山,2024-07-16,9274
1229,聯華,34,0,34,凱基-鳳山,2024-07-16,9274
2356,英業達,47,14,33,凱基-鳳山,2024-07-16,9274
8011,台通,155,122,33,凱基-鳳山,2024-07-16,9274
5452,佶優,32,0,32,凱基-鳳山,2024-07-16,9274
6207,雷科,37,6,31,凱基-鳳山,2024-07-16,9274
00945B,凱基美國非投等債,30,0,30,凱基-鳳山,2024-07-16,9274
1504,東元,29,0,29,凱基-鳳山,2024-07-16,9274
0056,元大高股息,27,0,27,凱基-鳳山,2024-07-16,9274
6127,九豪,32,7,25,凱基-鳳山,2024-07-16,9274
2367,燿華,25,1,24,凱基-鳳山,2024-07-16,9274
6187,萬潤,24,0,24,凱基-鳳山,2024-07-16,9274
2618,長榮航,24,1,23,凱基-鳳山,2024-07-16,9274
00679B,元大美債20年,30,7,23,凱基-鳳山,2024-07-16,9274
8110,華東,22,1,21,凱基-鳳山,2024-07-16,9274
2409,友達,21,1,20,凱基-鳳山,2024-07-16,9274
2884,玉山金,25,6,19,凱基-鳳山,2024-07-16,9274
1718,中纖,17,0,17,凱基-鳳山,2024-07-16,9274
8089,康全電訊,17,0,17,凱基-鳳山,2024-07-16,9274
2610,華航,24,8,16,凱基-鳳山,2024-07-16,9274
6443,元晶,16,0,16,凱基-鳳山,2024-07-16,9274
4714,永捷,16,0,16,凱基-鳳山,2024-07-16,9274
1529,樂事綠能,15,0,15,凱基-鳳山,2024-07-16,9274
00950B,凱基A級公司債,35,20,15,凱基-鳳山,2024-07-16,9274
2537,聯上發,25,10,15,凱基-鳳山,2024-07-16,9274
00936,台新永續高息中小,14,0,14,凱基-鳳山,2024-07-16,9274
2883,凱基金,18,4,14,凱基-鳳山,2024-07-16,9274
3016,嘉晶,17,3,14,凱基-鳳山,2024-07-16,9274
3071,協禧,14,0,14,凱基-鳳山,2024-07-16,9274
3312,弘憶股,15,1,14,凱基-鳳山,2024-07-16,9274
4526,東台,15,1,14,凱基-鳳山,2024-07-16,9274
4109,加捷生醫,22,9,13,凱基-鳳山,2024-07-16,9274
1313,聯成,14,1,13,凱基-鳳山,2024-07-16,9274
6290,良維,25,13,12,凱基-鳳山,2024-07-16,9274
2354,鴻準,23,12,11,凱基-鳳山,2024-07-16,9274
00929,復華台灣科技優息,285,2,283,凱基-鳳山,2024-07-17,9274
2421,建準,121,1,120,凱基-鳳山,2024-07-17,9274
3710,連展投控,100,1,99,凱基-鳳山,2024-07-17,9274
00937B,群益ESG投等債20,93,0,93,凱基-鳳山,2024-07-17,9274
2399,映泰,118,27,91,凱基-鳳山,2024-07-17,9274
00679B,元大美債20年,72,15,57,凱基-鳳山,2024-07-17,9274
2312,金寶,115,60,55,凱基-鳳山,2024-07-17,9274
006208,富邦台50,57,3,54,凱基-鳳山,2024-07-17,9274
6163,華電網,67,13,54,凱基-鳳山,2024-07-17,9274
1229,聯華,50,0,50,凱基-鳳山,2024-07-17,9274
3673,TPK-KY,49,0,49,凱基-鳳山,2024-07-17,9274
4123,晟德,49,2,47,凱基-鳳山,2024-07-17,9274
1504,東元,44,0,44,凱基-鳳山,2024-07-17,9274
6770,力積電,63,23,40,凱基-鳳山,2024-07-17,9274
2401,凌陽,94,55,39,凱基-鳳山,2024-07-17,9274
3035,智原,48,10,38,凱基-鳳山,2024-07-17,9274
00946,群益科技高息成長,38,0,38,凱基-鳳山,2024-07-17,9274
00712,復華富時不動產,70,33,37,凱基-鳳山,2024-07-17,9274
00927,群益半導體收益,36,0,36,凱基-鳳山,2024-07-17,9274
2888,新光金,47,14,33,凱基-鳳山,2024-07-17,9274
00933B,國泰10Y+金融債,33,0,33,凱基-鳳山,2024-07-17,9274
6152,百一,33,0,33,凱基-鳳山,2024-07-17,9274
3689,湧德,34,4,30,凱基-鳳山,2024-07-17,9274
9933,中鼎,30,0,30,凱基-鳳山,2024-07-17,9274
3294,英濟,32,4,28,凱基-鳳山,2024-07-17,9274
2301,光寶科,28,1,27,凱基-鳳山,2024-07-17,9274
0056,元大高股息,53,28,25,凱基-鳳山,2024-07-17,9274
00948B,中信優息投資級債,25,0,25,凱基-鳳山,2024-07-17,9274
2486,一詮,33,9,24,凱基-鳳山,2024-07-17,9274
6133,金橋,23,0,23,凱基-鳳山,2024-07-17,9274
00919,群益台灣精選高息,57,36,21,凱基-鳳山,2024-07-17,9274
3551,世禾,21,0,21,凱基-鳳山,2024-07-17,9274
8473,山林水,21,0,21,凱基-鳳山,2024-07-17,9274
00905,FT臺灣Smart,22,2,20,凱基-鳳山,2024-07-17,9274
4720,德淵,20,0,20,凱基-鳳山,2024-07-17,9274
00878,國泰永續高股息,20,1,19,凱基-鳳山,2024-07-17,9274
00945B,凱基美國非投等債,18,0,18,凱基-鳳山,2024-07-17,9274
2330,台積電,24,6,18,凱基-鳳山,2024-07-17,9274
4906,正文,21,4,17,凱基-鳳山,2024-07-17,9274
3231,緯創,35,18,17,凱基-鳳山,2024-07-17,9274
2376,技嘉,18,1,17,凱基-鳳山,2024-07-17,9274
2317,鴻海,36,19,17,凱基-鳳山,2024-07-17,9274
1718,中纖,18,2,16,凱基-鳳山,2024-07-17,9274
3090,日電貿,16,0,16,凱基-鳳山,2024-07-17,9274
2538,基泰,24,9,15,凱基-鳳山,2024-07-17,9274
2515,中工,16,2,14,凱基-鳳山,2024-07-17,9274
2363,矽統,15,1,14,凱基-鳳山,2024-07-17,9274
2303,聯電,22,9,13,凱基-鳳山,2024-07-17,9274
2892,第一金,12,0,12,凱基-鳳山,2024-07-17,9274
00935,野村臺灣新科技50,12,0,12,凱基-鳳山,2024-07-17,9274
00929,復華台灣科技優息,222,55,167,凱基-鳳山,2024-07-18,9274
2401,凌陽,107,0,107,凱基-鳳山,2024-07-18,9274
2881,富邦金,106,2,104,凱基-鳳山,2024-07-18,9274
2312,金寶,111,10,101,凱基-鳳山,2024-07-18,9274
1709,和益,150,52,98,凱基-鳳山,2024-07-18,9274
00680L,元大美債20正2,112,20,92,凱基-鳳山,2024-07-18,9274
4123,晟德,84,0,84,凱基-鳳山,2024-07-18,9274
00919,群益台灣精選高息,141,57,84,凱基-鳳山,2024-07-18,9274
2489,瑞軒,83,7,76,凱基-鳳山,2024-07-18,9274
2402,毅嘉,89,14,75,凱基-鳳山,2024-07-18,9274
8105,凌巨,179,105,74,凱基-鳳山,2024-07-18,9274
00878,國泰永續高股息,78,8,70,凱基-鳳山,2024-07-18,9274
3035,智原,74,4,70,凱基-鳳山,2024-07-18,9274
00675L,富邦臺灣加權正2,64,0,64,凱基-鳳山,2024-07-18,9274
2303,聯電,107,46,61,凱基-鳳山,2024-07-18,9274
2103,台橡,60,0,60,凱基-鳳山,2024-07-18,9274
00946,群益科技高息成長,57,2,55,凱基-鳳山,2024-07-18,9274
2421,建準,54,1,53,凱基-鳳山,2024-07-18,9274
6213,聯茂,52,0,52,凱基-鳳山,2024-07-18,9274
6163,華電網,78,27,51,凱基-鳳山,2024-07-18,9274
00632R,元大台灣50反1,50,1,49,凱基-鳳山,2024-07-18,9274
2317,鴻海,71,25,46,凱基-鳳山,2024-07-18,9274
2514,龍邦,46,0,46,凱基-鳳山,2024-07-18,9274
5512,力麒,71,29,42,凱基-鳳山,2024-07-18,9274
00679B,元大美債20年,42,2,40,凱基-鳳山,2024-07-18,9274
2002,中鋼,44,5,39,凱基-鳳山,2024-07-18,9274
00937B,群益ESG投等債20,61,22,39,凱基-鳳山,2024-07-18,9274
00927,群益半導體收益,37,0,37,凱基-鳳山,2024-07-18,9274
2356,英業達,50,13,37,凱基-鳳山,2024-07-18,9274
00905,FT臺灣Smart,36,0,36,凱基-鳳山,2024-07-18,9274
00881,國泰台灣5G+,33,1,32,凱基-鳳山,2024-07-18,9274
1101,台泥,46,14,32,凱基-鳳山,2024-07-18,9274
2457,飛宏,31,1,30,凱基-鳳山,2024-07-18,9274
3037,欣興,44,14,30,凱基-鳳山,2024-07-18,9274
8271,宇瞻,30,0,30,凱基-鳳山,2024-07-18,9274
6753,龍德造船,34,5,29,凱基-鳳山,2024-07-18,9274
2610,華航,29,1,28,凱基-鳳山,2024-07-18,9274
2349,錸德,30,2,28,凱基-鳳山,2024-07-18,9274
1504,東元,26,0,26,凱基-鳳山,2024-07-18,9274
6770,力積電,31,5,26,凱基-鳳山,2024-07-18,9274
2354,鴻準,30,5,25,凱基-鳳山,2024-07-18,9274
2313,華通,27,3,24,凱基-鳳山,2024-07-18,9274
3163,波若威,40,17,23,凱基-鳳山,2024-07-18,9274
3372,典範,30,7,23,凱基-鳳山,2024-07-18,9274
4906,正文,33,11,22,凱基-鳳山,2024-07-18,9274
9105,泰金寶-DR,51,29,22,凱基-鳳山,2024-07-18,9274
6290,良維,22,1,21,凱基-鳳山,2024-07-18,9274
2330,台積電,34,14,20,凱基-鳳山,2024-07-18,9274
2867,三商壽,20,0,20,凱基-鳳山,2024-07-18,9274
8089,康全電訊,20,0,20,凱基-鳳山,2024-07-18,9274
3481,群創,1305,403,902,凱基-鳳山,2024-07-19,9274
2419,仲琦,354,138,216,凱基-鳳山,2024-07-19,9274
00919,群益台灣精選高息,181,3,178,凱基-鳳山,2024-07-19,9274
00929,復華台灣科技優息,220,93,127,凱基-鳳山,2024-07-19,9274
6163,華電網,154,49,105,凱基-鳳山,2024-07-19,9274
00937B,群益ESG投等債20,123,21,102,凱基-鳳山,2024-07-19,9274
2883,凱基金,79,5,74,凱基-鳳山,2024-07-19,9274
2367,燿華,78,7,71,凱基-鳳山,2024-07-19,9274
2312,金寶,67,8,59,凱基-鳳山,2024-07-19,9274
3290,東浦,56,0,56,凱基-鳳山,2024-07-19,9274
1711,永光,55,0,55,凱基-鳳山,2024-07-19,9274
3490,單井,55,0,55,凱基-鳳山,2024-07-19,9274
2457,飛宏,52,0,52,凱基-鳳山,2024-07-19,9274
2402,毅嘉,187,137,50,凱基-鳳山,2024-07-19,9274
00675L,富邦臺灣加權正2,45,2,43,凱基-鳳山,2024-07-19,9274
00885,富邦越南,43,0,43,凱基-鳳山,2024-07-19,9274
1718,中纖,40,0,40,凱基-鳳山,2024-07-19,9274
2489,瑞軒,47,9,38,凱基-鳳山,2024-07-19,9274
6443,元晶,36,1,35,凱基-鳳山,2024-07-19,9274
00934,中信成長高股息,37,3,34,凱基-鳳山,2024-07-19,9274
2401,凌陽,33,0,33,凱基-鳳山,2024-07-19,9274
00940,元大台灣價值高息,73,43,30,凱基-鳳山,2024-07-19,9274
5243,乙盛-KY,30,0,30,凱基-鳳山,2024-07-19,9274
2330,台積電,41,11,30,凱基-鳳山,2024-07-19,9274
2834,臺企銀,29,0,29,凱基-鳳山,2024-07-19,9274
3374,精材,123,94,29,凱基-鳳山,2024-07-19,9274
2618,長榮航,29,2,27,凱基-鳳山,2024-07-19,9274
00918,大華優利高填息30,28,1,27,凱基-鳳山,2024-07-19,9274
00878,國泰永續高股息,58,33,25,凱基-鳳山,2024-07-19,9274
6152,百一,25,0,25,凱基-鳳山,2024-07-19,9274
6274,台燿,36,11,25,凱基-鳳山,2024-07-19,9274
0056,元大高股息,49,24,25,凱基-鳳山,2024-07-19,9274
00724B,群益投資級金融債,24,0,24,凱基-鳳山,2024-07-19,9274
2812,台中銀,24,0,24,凱基-鳳山,2024-07-19,9274
2344,華邦電,23,0,23,凱基-鳳山,2024-07-19,9274
00680L,元大美債20正2,26,5,21,凱基-鳳山,2024-07-19,9274
2356,英業達,44,23,21,凱基-鳳山,2024-07-19,9274
2409,友達,33,12,21,凱基-鳳山,2024-07-19,9274
3176,基亞,20,0,20,凱基-鳳山,2024-07-19,9274
2881,富邦金,24,5,19,凱基-鳳山,2024-07-19,9274
6116,彩晶,39,20,19,凱基-鳳山,2024-07-19,9274
2303,聯電,24,6,18,凱基-鳳山,2024-07-19,9274
2408,南亞科,17,0,17,凱基-鳳山,2024-07-19,9274
1232,大統益,17,0,17,凱基-鳳山,2024-07-19,9274
1314,中石化,17,0,17,凱基-鳳山,2024-07-19,9274
2421,建準,17,0,17,凱基-鳳山,2024-07-19,9274
6770,力積電,21,4,17,凱基-鳳山,2024-07-19,9274
8432,東生華,17,0,17,凱基-鳳山,2024-07-19,9274
00881,國泰台灣5G+,16,0,16,凱基-鳳山,2024-07-19,9274
2353,宏��,24,8,16,凱基-鳳山,2024-07-19,9274
2419,仲琦,354,54,300,凱基-鳳山,2024-07-22,9274
00680L,元大美債20正2,110,1,109,凱基-鳳山,2024-07-22,9274
1718,中纖,102,0,102,凱基-鳳山,2024-07-22,9274
2881,富邦金,106,10,96,凱基-鳳山,2024-07-22,9274
2801,彰銀,102,21,81,凱基-鳳山,2024-07-22,9274
00934,中信成長高股息,81,4,77,凱基-鳳山,2024-07-22,9274
00919,群益台灣精選高息,201,126,75,凱基-鳳山,2024-07-22,9274
2401,凌陽,92,20,72,凱基-鳳山,2024-07-22,9274
6207,雷科,99,28,71,凱基-鳳山,2024-07-22,9274
3035,智原,71,3,68,凱基-鳳山,2024-07-22,9274
00632R,元大台灣50反1,134,71,63,凱基-鳳山,2024-07-22,9274
2312,金寶,247,188,59,凱基-鳳山,2024-07-22,9274
3481,群創,699,651,48,凱基-鳳山,2024-07-22,9274
00940,元大台灣價值高息,206,159,47,凱基-鳳山,2024-07-22,9274
0056,元大高股息,111,68,43,凱基-鳳山,2024-07-22,9274
2421,建準,45,3,42,凱基-鳳山,2024-07-22,9274
00686R,群益臺灣加權反1,40,0,40,凱基-鳳山,2024-07-22,9274
00878,國泰永續高股息,122,82,40,凱基-鳳山,2024-07-22,9274
5243,乙盛-KY,35,0,35,凱基-鳳山,2024-07-22,9274
8473,山林水,164,130,34,凱基-鳳山,2024-07-22,9274
6274,台燿,34,0,34,凱基-鳳山,2024-07-22,9274
2317,鴻海,105,72,33,凱基-鳳山,2024-07-22,9274
1609,大亞,45,14,31,凱基-鳳山,2024-07-22,9274
6830,汎銓,30,0,30,凱基-鳳山,2024-07-22,9274
2301,光寶科,31,2,29,凱基-鳳山,2024-07-22,9274
9933,中鼎,30,2,28,凱基-鳳山,2024-07-22,9274
00937B,群益ESG投等債20,45,18,27,凱基-鳳山,2024-07-22,9274
00947,台新臺灣IC設計,26,0,26,凱基-鳳山,2024-07-22,9274
5512,力麒,52,27,25,凱基-鳳山,2024-07-22,9274
2884,玉山金,26,2,24,凱基-鳳山,2024-07-22,9274
00915,凱基優選高股息30,27,4,23,凱基-鳳山,2024-07-22,9274
2867,三商壽,23,0,23,凱基-鳳山,2024-07-22,9274
2405,輔信,21,1,20,凱基-鳳山,2024-07-22,9274
3176,基亞,20,0,20,凱基-鳳山,2024-07-22,9274
4903,聯光通,20,0,20,凱基-鳳山,2024-07-22,9274
00720B,元大投資級公司債,20,1,19,凱基-鳳山,2024-07-22,9274
6290,良維,20,1,19,凱基-鳳山,2024-07-22,9274
2618,長榮航,22,4,18,凱基-鳳山,2024-07-22,9274
2017,官田鋼,18,0,18,凱基-鳳山,2024-07-22,9274
2344,華邦電,39,22,17,凱基-鳳山,2024-07-22,9274
2303,聯電,19,2,17,凱基-鳳山,2024-07-22,9274
1815,富喬,17,0,17,凱基-鳳山,2024-07-22,9274
3058,立德,17,0,17,凱基-鳳山,2024-07-22,9274
3450,聯鈞,43,27,16,凱基-鳳山,2024-07-22,9274
00722B,群益投資級電信債,15,0,15,凱基-鳳山,2024-07-22,9274
00923,群益台ESG低碳50,15,0,15,凱基-鳳山,2024-07-22,9274
2610,華航,35,20,15,凱基-鳳山,2024-07-22,9274
6533,晶心科,15,0,15,凱基-鳳山,2024-07-22,9274
3374,精材,76,61,15,凱基-鳳山,2024-07-22,9274
00905,FT臺灣Smart,14,0,14,凱基-鳳山,2024-07-22,9274
6016,康和證,840,0,840,凱基-鳳山,2024-07-23,9274
3481,群創,484,59,425,凱基-鳳山,2024-07-23,9274
00929,復華台灣科技優息,349,95,254,凱基-鳳山,2024-07-23,9274
2409,友達,136,3,133,凱基-鳳山,2024-07-23,9274
8440,綠電,191,105,86,凱基-鳳山,2024-07-23,9274
00937B,群益ESG投等債20,77,0,77,凱基-鳳山,2024-07-23,9274
2399,映泰,105,31,74,凱基-鳳山,2024-07-23,9274
3062,建漢,73,5,68,凱基-鳳山,2024-07-23,9274
00933B,國泰10Y+金融債,65,0,65,凱基-鳳山,2024-07-23,9274
2419,仲琦,65,2,63,凱基-鳳山,2024-07-23,9274
00878,國泰永續高股息,73,26,47,凱基-鳳山,2024-07-23,9274
1529,樂事綠能,40,2,38,凱基-鳳山,2024-07-23,9274
00858,永豐美國500大,31,0,31,凱基-鳳山,2024-07-23,9274
6116,彩晶,33,3,30,凱基-鳳山,2024-07-23,9274
3049,精金,30,0,30,凱基-鳳山,2024-07-23,9274
0056,元大高股息,28,0,28,凱基-鳳山,2024-07-23,9274
00936,台新永續高息中小,28,0,28,凱基-鳳山,2024-07-23,9274
00687B,國泰20年美債,32,4,28,凱基-鳳山,2024-07-23,9274
4903,聯光通,26,0,26,凱基-鳳山,2024-07-23,9274
2349,錸德,25,0,25,凱基-鳳山,2024-07-23,9274
4303,信立,31,7,24,凱基-鳳山,2024-07-23,9274
4566,時碩工業,24,1,23,凱基-鳳山,2024-07-23,9274
2834,臺企銀,25,3,22,凱基-鳳山,2024-07-23,9274
00946,群益科技高息成長,22,0,22,凱基-鳳山,2024-07-23,9274
2449,京元電子,23,2,21,凱基-鳳山,2024-07-23,9274
00950B,凱基A級公司債,20,0,20,凱基-鳳山,2024-07-23,9274
2527,宏璟,21,1,20,凱基-鳳山,2024-07-23,9274
3490,單井,22,2,20,凱基-鳳山,2024-07-23,9274
6168,宏齊,20,0,20,凱基-鳳山,2024-07-23,9274
2312,金寶,22,4,18,凱基-鳳山,2024-07-23,9274
8110,華東,21,3,18,凱基-鳳山,2024-07-23,9274
4909,新復興,29,11,18,凱基-鳳山,2024-07-23,9274
2615,萬海,22,4,18,凱基-鳳山,2024-07-23,9274
2897,王道銀行,16,0,16,凱基-鳳山,2024-07-23,9274
2408,南亞科,19,4,15,凱基-鳳山,2024-07-23,9274
2344,華邦電,15,0,15,凱基-鳳山,2024-07-23,9274
2356,英業達,14,1,13,凱基-鳳山,2024-07-23,9274
2603,長榮,96,84,12,凱基-鳳山,2024-07-23,9274
2884,玉山金,14,2,12,凱基-鳳山,2024-07-23,9274
6244,茂迪,18,6,12,凱基-鳳山,2024-07-23,9274
2330,台積電,19,7,12,凱基-鳳山,2024-07-23,9274
00895,富邦未來車,11,0,11,凱基-鳳山,2024-07-23,9274
00795B,中信美國公債20年,11,0,11,凱基-鳳山,2024-07-23,9274
00712,復華富時不動產,17,6,11,凱基-鳳山,2024-07-23,9274
2353,宏��,13,2,11,凱基-鳳山,2024-07-23,9274
2855,統一證,11,0,11,凱基-鳳山,2024-07-23,9274
6598,ABC-KY,11,0,11,凱基-鳳山,2024-07-23,9274
1785,光洋科,14,3,11,凱基-鳳山,2024-07-23,9274
2303,聯電,14,4,10,凱基-鳳山,2024-07-23,9274
2360,致茂,10,0,10,凱基-鳳山,2024-07-23,9274
00933B,國泰10Y+金融債,715,10,705,凱基-鳳山,2024-07-26,9274
00712,復華富時不動產,225,3,222,凱基-鳳山,2024-07-26,9274
2486,一詮,201,12,189,凱基-鳳山,2024-07-26,9274
00878,國泰永續高股息,170,61,109,凱基-鳳山,2024-07-26,9274
8105,凌巨,109,1,108,凱基-鳳山,2024-07-26,9274
00919,群益台灣精選高息,108,3,105,凱基-鳳山,2024-07-26,9274
00680L,元大美債20正2,105,0,105,凱基-鳳山,2024-07-26,9274
3710,連展投控,103,3,100,凱基-鳳山,2024-07-26,9274
00934,中信成長高股息,82,0,82,凱基-鳳山,2024-07-26,9274
2349,錸德,106,40,66,凱基-鳳山,2024-07-26,9274
0056,元大高股息,65,1,64,凱基-鳳山,2024-07-26,9274
2419,仲琦,74,10,64,凱基-鳳山,2024-07-26,9274
3033,威健,63,0,63,凱基-鳳山,2024-07-26,9274
2884,玉山金,152,92,60,凱基-鳳山,2024-07-26,9274
00946,群益科技高息成長,44,0,44,凱基-鳳山,2024-07-26,9274
00637L,元大滬深300正2,39,0,39,凱基-鳳山,2024-07-26,9274
2356,英業達,53,16,37,凱基-鳳山,2024-07-26,9274
3673,TPK-KY,33,0,33,凱基-鳳山,2024-07-26,9274
1101,台泥,33,0,33,凱基-鳳山,2024-07-26,9274
2330,台積電,44,11,33,凱基-鳳山,2024-07-26,9274
6290,良維,34,2,32,凱基-鳳山,2024-07-26,9274
2634,漢翔,31,1,30,凱基-鳳山,2024-07-26,9274
3711,日月光投控,34,4,30,凱基-鳳山,2024-07-26,9274
2489,瑞軒,28,1,27,凱基-鳳山,2024-07-26,9274
2867,三商壽,27,0,27,凱基-鳳山,2024-07-26,9274
2834,臺企銀,22,0,22,凱基-鳳山,2024-07-26,9274
8033,雷虎,22,0,22,凱基-鳳山,2024-07-26,9274
2317,鴻海,49,28,21,凱基-鳳山,2024-07-26,9274
1540,喬福,30,9,21,凱基-鳳山,2024-07-26,9274
3062,建漢,26,5,21,凱基-鳳山,2024-07-26,9274
6005,群益證,20,0,20,凱基-鳳山,2024-07-26,9274
2891,中信金,38,20,18,凱基-鳳山,2024-07-26,9274
00931B,統一美債20年,18,0,18,凱基-鳳山,2024-07-26,9274
00951,台新日本半導體,24,6,18,凱基-鳳山,2024-07-26,9274
2421,建準,22,4,18,凱基-鳳山,2024-07-26,9274
4958,臻鼎-KY,27,10,17,凱基-鳳山,2024-07-26,9274
00918,大華優利高填息30,18,2,16,凱基-鳳山,2024-07-26,9274
00881,國泰台灣5G+,16,0,16,凱基-鳳山,2024-07-26,9274
4566,時碩工業,19,3,16,凱基-鳳山,2024-07-26,9274
5243,乙盛-KY,26,10,16,凱基-鳳山,2024-07-26,9274
00713,元大台灣高息低波,15,0,15,凱基-鳳山,2024-07-26,9274
2014,中鴻,14,0,14,凱基-鳳山,2024-07-26,9274
2886,兆豐金,14,0,14,凱基-鳳山,2024-07-26,9274
2338,光罩,14,0,14,凱基-鳳山,2024-07-26,9274
2344,華邦電,14,0,14,凱基-鳳山,2024-07-26,9274
1609,大亞,33,19,14,凱基-鳳山,2024-07-26,9274
8089,康全電訊,27,14,13,凱基-鳳山,2024-07-26,9274
2603,長榮,13,1,12,凱基-鳳山,2024-07-26,9274
00830,國泰費城半導體,12,0,12,凱基-鳳山,2024-07-26,9274
2337,旺宏,12,0,12,凱基-鳳山,2024-07-26,9274
2888,新光金,416,17,399,凱基-鳳山,2024-07-29,9274
00929,復華台灣科技優息,186,24,162,凱基-鳳山,2024-07-29,9274
3481,群創,625,501,124,凱基-鳳山,2024-07-29,9274
00937B,群益ESG投等債20,108,5,103,凱基-鳳山,2024-07-29,9274
00878,國泰永續高股息,100,11,89,凱基-鳳山,2024-07-29,9274
00687B,國泰20年美債,77,0,77,凱基-鳳山,2024-07-29,9274
00940,元大台灣價值高息,86,16,70,凱基-鳳山,2024-07-29,9274
00919,群益台灣精選高息,71,8,63,凱基-鳳山,2024-07-29,9274
4123,晟德,58,0,58,凱基-鳳山,2024-07-29,9274
00680L,元大美債20正2,54,0,54,凱基-鳳山,2024-07-29,9274
2867,三商壽,55,1,54,凱基-鳳山,2024-07-29,9274
00688L,國泰20年美債正2,50,0,50,凱基-鳳山,2024-07-29,9274
00725B,國泰投資級公司債,50,0,50,凱基-鳳山,2024-07-29,9274
00949,復華日本龍頭,50,0,50,凱基-鳳山,2024-07-29,9274
5309,系統電,56,6,50,凱基-鳳山,2024-07-29,9274
5608,四維航,50,1,49,凱基-鳳山,2024-07-29,9274
2892,第一金,48,2,46,凱基-鳳山,2024-07-29,9274
00946,群益科技高息成長,46,1,45,凱基-鳳山,2024-07-29,9274
0056,元大高股息,54,10,44,凱基-鳳山,2024-07-29,9274
2356,英業達,49,5,44,凱基-鳳山,2024-07-29,9274
6770,力積電,44,2,42,凱基-鳳山,2024-07-29,9274
2367,燿華,44,3,41,凱基-鳳山,2024-07-29,9274
2834,臺企銀,50,11,39,凱基-鳳山,2024-07-29,9274
3013,晟銘電,47,11,36,凱基-鳳山,2024-07-29,9274
00720B,元大投資級公司債,35,0,35,凱基-鳳山,2024-07-29,9274
5880,合庫金,37,2,35,凱基-鳳山,2024-07-29,9274
00933B,國泰10Y+金融債,31,1,30,凱基-鳳山,2024-07-29,9274
3312,弘憶股,35,5,30,凱基-鳳山,2024-07-29,9274
2884,玉山金,30,0,30,凱基-鳳山,2024-07-29,9274
00931B,統一美債20年,30,1,29,凱基-鳳山,2024-07-29,9274
00942B,台新美A公司債20+,28,0,28,凱基-鳳山,2024-07-29,9274
5515,建國,31,6,25,凱基-鳳山,2024-07-29,9274
1609,大亞,41,18,23,凱基-鳳山,2024-07-29,9274
2464,盟立,26,5,21,凱基-鳳山,2024-07-29,9274
2392,正崴,23,3,20,凱基-鳳山,2024-07-29,9274
3050,鈺德,20,0,20,凱基-鳳山,2024-07-29,9274
8926,台汽電,22,2,20,凱基-鳳山,2024-07-29,9274
00934,中信成長高股息,19,0,19,凱基-鳳山,2024-07-29,9274
6213,聯茂,46,27,19,凱基-鳳山,2024-07-29,9274
6598,ABC-KY,19,0,19,凱基-鳳山,2024-07-29,9274
00935,野村臺灣新科技50,18,0,18,凱基-鳳山,2024-07-29,9274
3706,神達,20,2,18,凱基-鳳山,2024-07-29,9274
00713,元大台灣高息低波,17,0,17,凱基-鳳山,2024-07-29,9274
00679B,元大美債20年,22,5,17,凱基-鳳山,2024-07-29,9274
1101,台泥,17,0,17,凱基-鳳山,2024-07-29,9274
2382,廣達,19,2,17,凱基-鳳山,2024-07-29,9274
6187,萬潤,16,0,16,凱基-鳳山,2024-07-29,9274
2344,華邦電,15,0,15,凱基-鳳山,2024-07-29,9274
2610,華航,43,28,15,凱基-鳳山,2024-07-29,9274
2353,宏��,15,1,14,凱基-鳳山,2024-07-29,9274
00905,FT臺灣Smart,802,0,802,凱基-鳳山,2024-07-30,9274
6016,康和證,401,0,401,凱基-鳳山,2024-07-30,9274
1314,中石化,125,0,125,凱基-鳳山,2024-07-30,9274
00940,元大台灣價值高息,88,5,83,凱基-鳳山,2024-07-30,9274
00878,國泰永續高股息,81,1,80,凱基-鳳山,2024-07-30,9274
00915,凱基優選高股息30,51,0,51,凱基-鳳山,2024-07-30,9274
1101,台泥,49,2,47,凱基-鳳山,2024-07-30,9274
2344,華邦電,54,13,41,凱基-鳳山,2024-07-30,9274
00929,復華台灣科技優息,142,104,38,凱基-鳳山,2024-07-30,9274
00946,群益科技高息成長,37,0,37,凱基-鳳山,2024-07-30,9274
00919,群益台灣精選高息,50,13,37,凱基-鳳山,2024-07-30,9274
5531,鄉林,36,0,36,凱基-鳳山,2024-07-30,9274
2363,矽統,44,9,35,凱基-鳳山,2024-07-30,9274
3062,建漢,32,2,30,凱基-鳳山,2024-07-30,9274
2303,聯電,31,3,28,凱基-鳳山,2024-07-30,9274
2371,大同,56,29,27,凱基-鳳山,2024-07-30,9274
6274,台燿,26,0,26,凱基-鳳山,2024-07-30,9274
00933B,國泰10Y+金融債,26,0,26,凱基-鳳山,2024-07-30,9274
00680L,元大美債20正2,40,18,22,凱基-鳳山,2024-07-30,9274
00688L,國泰20年美債正2,21,0,21,凱基-鳳山,2024-07-30,9274
1718,中纖,20,0,20,凱基-鳳山,2024-07-30,9274
2236,百達-KY,20,0,20,凱基-鳳山,2024-07-30,9274
2402,毅嘉,45,25,20,凱基-鳳山,2024-07-30,9274
6218,豪勉,20,0,20,凱基-鳳山,2024-07-30,9274
2892,第一金,20,0,20,凱基-鳳山,2024-07-30,9274
2489,瑞軒,25,8,17,凱基-鳳山,2024-07-30,9274
00949,復華日本龍頭,14,0,14,凱基-鳳山,2024-07-30,9274
2457,飛宏,13,0,13,凱基-鳳山,2024-07-30,9274
6116,彩晶,13,0,13,凱基-鳳山,2024-07-30,9274
2330,台積電,15,2,13,凱基-鳳山,2024-07-30,9274
6133,金橋,13,2,11,凱基-鳳山,2024-07-30,9274
2301,光寶科,11,1,10,凱基-鳳山,2024-07-30,9274
0056,元大高股息,33,23,10,凱基-鳳山,2024-07-30,9274
00882,中信中國高股息,10,0,10,凱基-鳳山,2024-07-30,9274
1815,富喬,11,1,10,凱基-鳳山,2024-07-30,9274
2421,建準,11,1,10,凱基-鳳山,2024-07-30,9274
5512,力麒,10,0,10,凱基-鳳山,2024-07-30,9274
5880,合庫金,10,0,10,凱基-鳳山,2024-07-30,9274
8104,錸寶,10,0,10,凱基-鳳山,2024-07-30,9274
1609,大亞,22,13,9,凱基-鳳山,2024-07-30,9274
2230,泰茂,9,0,9,凱基-鳳山,2024-07-30,9274
2610,華航,36,27,9,凱基-鳳山,2024-07-30,9274
00712,復華富時不動產,20,12,8,凱基-鳳山,2024-07-30,9274
1540,喬福,10,2,8,凱基-鳳山,2024-07-30,9274
3189,景碩,10,3,7,凱基-鳳山,2024-07-30,9274
1301,台塑,9,2,7,凱基-鳳山,2024-07-30,9274
00715L,期街口布蘭特正2,7,0,7,凱基-鳳山,2024-07-30,9274
1316,上曜,8,1,7,凱基-鳳山,2024-07-30,9274
1321,大洋,7,0,7,凱基-鳳山,2024-07-30,9274
2409,友達,17,10,7,凱基-鳳山,2024-07-30,9274
00905,FT臺灣Smart,600,0,600,凱基-鳳山,2024-07-31,9274
2409,友達,335,2,333,凱基-鳳山,2024-07-31,9274
2884,玉山金,149,2,147,凱基-鳳山,2024-07-31,9274
3481,群創,824,708,116,凱基-鳳山,2024-07-31,9274
00712,復華富時不動產,120,6,114,凱基-鳳山,2024-07-31,9274
00929,復華台灣科技優息,116,5,111,凱基-鳳山,2024-07-31,9274
00680L,元大美債20正2,75,0,75,凱基-鳳山,2024-07-31,9274
00679B,元大美債20年,72,3,69,凱基-鳳山,2024-07-31,9274
2401,凌陽,63,3,60,凱基-鳳山,2024-07-31,9274
1711,永光,106,49,57,凱基-鳳山,2024-07-31,9274
00637L,元大滬深300正2,61,7,54,凱基-鳳山,2024-07-31,9274
5309,系統電,62,8,54,凱基-鳳山,2024-07-31,9274
2486,一詮,182,129,53,凱基-鳳山,2024-07-31,9274
00937B,群益ESG投等債20,53,1,52,凱基-鳳山,2024-07-31,9274
00946,群益科技高息成長,54,2,52,凱基-鳳山,2024-07-31,9274
5243,乙盛-KY,45,0,45,凱基-鳳山,2024-07-31,9274
2230,泰茂,36,0,36,凱基-鳳山,2024-07-31,9274
2349,錸德,41,11,30,凱基-鳳山,2024-07-31,9274
6290,良維,30,0,30,凱基-鳳山,2024-07-31,9274
00933B,國泰10Y+金融債,26,0,26,凱基-鳳山,2024-07-31,9274
00919,群益台灣精選高息,25,0,25,凱基-鳳山,2024-07-31,9274
00934,中信成長高股息,31,6,25,凱基-鳳山,2024-07-31,9274
2301,光寶科,24,2,22,凱基-鳳山,2024-07-31,9274
1229,聯華,20,0,20,凱基-鳳山,2024-07-31,9274
4934,太極,20,0,20,凱基-鳳山,2024-07-31,9274
8089,康全電訊,17,0,17,凱基-鳳山,2024-07-31,9274
00687B,國泰20年美債,17,1,16,凱基-鳳山,2024-07-31,9274
2421,建準,16,0,16,凱基-鳳山,2024-07-31,9274
00857B,永豐20年美公債,15,0,15,凱基-鳳山,2024-07-31,9274
6147,頎邦,15,0,15,凱基-鳳山,2024-07-31,9274
00918,大華優利高填息30,13,0,13,凱基-鳳山,2024-07-31,9274
2834,臺企銀,14,2,12,凱基-鳳山,2024-07-31,9274
00945B,凱基美國非投等債,12,0,12,凱基-鳳山,2024-07-31,9274
2344,華邦電,14,3,11,凱基-鳳山,2024-07-31,9274
3037,欣興,24,13,11,凱基-鳳山,2024-07-31,9274
3711,日月光投控,12,1,11,凱基-鳳山,2024-07-31,9274
3715,定穎投控,29,18,11,凱基-鳳山,2024-07-31,9274
8033,雷虎,10,0,10,凱基-鳳山,2024-07-31,9274
3035,智原,15,5,10,凱基-鳳山,2024-07-31,9274
3058,立德,10,0,10,凱基-鳳山,2024-07-31,9274
3701,大眾控,10,0,10,凱基-鳳山,2024-07-31,9274
00688L,國泰20年美債正2,10,0,10,凱基-鳳山,2024-07-31,9274
0056,元大高股息,10,0,10,凱基-鳳山,2024-07-31,9274
00936,台新永續高息中小,10,1,9,凱基-鳳山,2024-07-31,9274
00939,統一台灣高息動能,9,0,9,凱基-鳳山,2024-07-31,9274
2392,正崴,10,1,9,凱基-鳳山,2024-07-31,9274
1806,冠軍,8,0,8,凱基-鳳山,2024-07-31,9274
2538,基泰,11,3,8,凱基-鳳山,2024-07-31,9274
3580,友威科,35,27,8,凱基-鳳山,2024-07-31,9274
5905,南仁湖,8,0,8,凱基-鳳山,2024-07-31,9274
3481,群創,319,203,116,凱基-鳳山,2024-08-01,9274
00937B,群益ESG投等債20,93,5,88,凱基-鳳山,2024-08-01,9274
2337,旺宏,102,17,85,凱基-鳳山,2024-08-01,9274
00712,復華富時不動產,70,1,69,凱基-鳳山,2024-08-01,9274
8089,康全電訊,68,0,68,凱基-鳳山,2024-08-01,9274
2442,新美齊,65,0,65,凱基-鳳山,2024-08-01,9274
00679B,元大美債20年,84,29,55,凱基-鳳山,2024-08-01,9274
00878,國泰永續高股息,61,10,51,凱基-鳳山,2024-08-01,9274
1316,上曜,69,24,45,凱基-鳳山,2024-08-01,9274
911868,同方友友-DR,86,49,37,凱基-鳳山,2024-08-01,9274
2489,瑞軒,51,15,36,凱基-鳳山,2024-08-01,9274
2349,錸德,74,39,35,凱基-鳳山,2024-08-01,9274
5364,力麗店,35,0,35,凱基-鳳山,2024-08-01,9274
2344,華邦電,35,2,33,凱基-鳳山,2024-08-01,9274
00882,中信中國高股息,30,0,30,凱基-鳳山,2024-08-01,9274
4916,事欣科,26,0,26,凱基-鳳山,2024-08-01,9274
00934,中信成長高股息,25,1,24,凱基-鳳山,2024-08-01,9274
00675L,富邦臺灣加權正2,22,0,22,凱基-鳳山,2024-08-01,9274
2313,華通,21,1,20,凱基-鳳山,2024-08-01,9274
2405,輔信,20,0,20,凱基-鳳山,2024-08-01,9274
4934,太極,20,0,20,凱基-鳳山,2024-08-01,9274
2867,三商壽,20,1,19,凱基-鳳山,2024-08-01,9274
3535,晶彩科,40,21,19,凱基-鳳山,2024-08-01,9274
2355,敬鵬,20,2,18,凱基-鳳山,2024-08-01,9274
3689,湧德,18,0,18,凱基-鳳山,2024-08-01,9274
1210,大成,17,0,17,凱基-鳳山,2024-08-01,9274
2892,第一金,16,0,16,凱基-鳳山,2024-08-01,9274
00931B,統一美債20年,15,0,15,凱基-鳳山,2024-08-01,9274
2884,玉山金,16,2,14,凱基-鳳山,2024-08-01,9274
6189,豐藝,15,2,13,凱基-鳳山,2024-08-01,9274
2330,台積電,23,11,12,凱基-鳳山,2024-08-01,9274
2891,中信金,32,20,12,凱基-鳳山,2024-08-01,9274
2363,矽統,22,11,11,凱基-鳳山,2024-08-01,9274
5443,均豪,17,6,11,凱基-鳳山,2024-08-01,9274
00933B,國泰10Y+金融債,11,0,11,凱基-鳳山,2024-08-01,9274
00948B,中信優息投資級債,11,0,11,凱基-鳳山,2024-08-01,9274
3518,柏騰,12,1,11,凱基-鳳山,2024-08-01,9274
00637L,元大滬深300正2,10,0,10,凱基-鳳山,2024-08-01,9274
00665L,富邦�琤肭磪囓�2,10,0,10,凱基-鳳山,2024-08-01,9274
2402,毅嘉,19,9,10,凱基-鳳山,2024-08-01,9274
2816,旺旺保,10,0,10,凱基-鳳山,2024-08-01,9274
3520,華盈,10,0,10,凱基-鳳山,2024-08-01,9274
3703,欣陸,10,0,10,凱基-鳳山,2024-08-01,9274
2429,銘旺科,10,0,10,凱基-鳳山,2024-08-01,9274
2887,台新金,14,5,9,凱基-鳳山,2024-08-01,9274
3450,聯鈞,23,14,9,凱基-鳳山,2024-08-01,9274
5392,能率,10,1,9,凱基-鳳山,2024-08-01,9274
2204,中華,10,1,9,凱基-鳳山,2024-08-01,9274
2367,燿華,11,3,8,凱基-鳳山,2024-08-01,9274
6187,萬潤,10,2,8,凱基-鳳山,2024-08-01,9274
00929,復華台灣科技優息,369,73,296,凱基-鳳山,2024-08-02,9274
2890,永豐金,256,0,256,凱基-鳳山,2024-08-02,9274
00919,群益台灣精選高息,189,1,188,凱基-鳳山,2024-08-02,9274
00878,國泰永續高股息,204,70,134,凱基-鳳山,2024-08-02,9274
2317,鴻海,172,40,132,凱基-鳳山,2024-08-02,9274
5531,鄉林,117,0,117,凱基-鳳山,2024-08-02,9274
00881,國泰台灣5G+,112,0,112,凱基-鳳山,2024-08-02,9274
00947,台新臺灣IC設計,103,0,103,凱基-鳳山,2024-08-02,9274
1101,台泥,103,29,74,凱基-鳳山,2024-08-02,9274
1718,中纖,73,0,73,凱基-鳳山,2024-08-02,9274
00949,復華日本龍頭,66,0,66,凱基-鳳山,2024-08-02,9274
00940,元大台灣價值高息,115,52,63,凱基-鳳山,2024-08-02,9274
2349,錸德,135,74,61,凱基-鳳山,2024-08-02,9274
6177,達麗,63,2,61,凱基-鳳山,2024-08-02,9274
00936,台新永續高息中小,54,0,54,凱基-鳳山,2024-08-02,9274
2371,大同,61,11,50,凱基-鳳山,2024-08-02,9274
2002,中鋼,49,0,49,凱基-鳳山,2024-08-02,9274
3189,景碩,53,5,48,凱基-鳳山,2024-08-02,9274
2301,光寶科,74,27,47,凱基-鳳山,2024-08-02,9274
00885,富邦越南,45,0,45,凱基-鳳山,2024-08-02,9274
2382,廣達,46,8,38,凱基-鳳山,2024-08-02,9274
00687B,國泰20年美債,65,29,36,凱基-鳳山,2024-08-02,9274
6274,台燿,50,15,35,凱基-鳳山,2024-08-02,9274
2392,正崴,36,2,34,凱基-鳳山,2024-08-02,9274
2515,中工,37,6,31,凱基-鳳山,2024-08-02,9274
00951,台新日本半導體,33,3,30,凱基-鳳山,2024-08-02,9274
8926,台汽電,30,0,30,凱基-鳳山,2024-08-02,9274
00946,群益科技高息成長,28,0,28,凱基-鳳山,2024-08-02,9274
2449,京元電子,28,0,28,凱基-鳳山,2024-08-02,9274
3231,緯創,31,4,27,凱基-鳳山,2024-08-02,9274
9945,潤泰新,34,9,25,凱基-鳳山,2024-08-02,9274
3062,建漢,25,1,24,凱基-鳳山,2024-08-02,9274
2303,聯電,33,11,22,凱基-鳳山,2024-08-02,9274
3037,欣興,31,9,22,凱基-鳳山,2024-08-02,9274
2886,兆豐金,22,0,22,凱基-鳳山,2024-08-02,9274
6770,力積電,27,5,22,凱基-鳳山,2024-08-02,9274
0056,元大高股息,42,21,21,凱基-鳳山,2024-08-02,9274
2356,英業達,28,7,21,凱基-鳳山,2024-08-02,9274
2329,華泰,20,0,20,凱基-鳳山,2024-08-02,9274
3593,力銘,20,0,20,凱基-鳳山,2024-08-02,9274
2365,昆盈,60,40,20,凱基-鳳山,2024-08-02,9274
00688L,國泰20年美債正2,19,0,19,凱基-鳳山,2024-08-02,9274
0050,元大台灣50,24,6,18,凱基-鳳山,2024-08-02,9274
00948B,中信優息投資級債,18,0,18,凱基-鳳山,2024-08-02,9274
6789,采鈺,18,0,18,凱基-鳳山,2024-08-02,9274
00891,中信關鍵半導體,17,0,17,凱基-鳳山,2024-08-02,9274
00923,群益台ESG低碳50,17,0,17,凱基-鳳山,2024-08-02,9274
2537,聯上發,49,32,17,凱基-鳳山,2024-08-02,9274
3663,鑫科,75,58,17,凱基-鳳山,2024-08-02,9274
5515,建國,17,0,17,凱基-鳳山,2024-08-02,9274
00940,元大台灣價值高息,879,96,783,凱基-鳳山,2024-08-05,9274
00688L,國泰20年美債正2,502,50,452,凱基-鳳山,2024-08-05,9274
00632R,元大台灣50反1,515,183,332,凱基-鳳山,2024-08-05,9274
00929,復華台灣科技優息,426,107,319,凱基-鳳山,2024-08-05,9274
2337,旺宏,267,8,259,凱基-鳳山,2024-08-05,9274
1714,和桐,250,0,250,凱基-鳳山,2024-08-05,9274
2014,中鴻,235,0,235,凱基-鳳山,2024-08-05,9274
00878,國泰永續高股息,288,99,189,凱基-鳳山,2024-08-05,9274
00950B,凱基A級公司債,202,20,182,凱基-鳳山,2024-08-05,9274
2867,三商壽,169,50,119,凱基-鳳山,2024-08-05,9274
00680L,元大美債20正2,148,30,118,凱基-鳳山,2024-08-05,9274
00881,國泰台灣5G+,105,0,105,凱基-鳳山,2024-08-05,9274
00919,群益台灣精選高息,194,102,92,凱基-鳳山,2024-08-05,9274
00946,群益科技高息成長,98,18,80,凱基-鳳山,2024-08-05,9274
2301,光寶科,156,80,76,凱基-鳳山,2024-08-05,9274
00679B,元大美債20年,86,15,71,凱基-鳳山,2024-08-05,9274
1909,榮成,141,70,71,凱基-鳳山,2024-08-05,9274
00715L,期街口布蘭特正2,62,0,62,凱基-鳳山,2024-08-05,9274
4564,元翎,60,0,60,凱基-鳳山,2024-08-05,9274
00936,台新永續高息中小,60,4,56,凱基-鳳山,2024-08-05,9274
3024,憶聲,56,0,56,凱基-鳳山,2024-08-05,9274
2881,富邦金,111,56,55,凱基-鳳山,2024-08-05,9274
2330,台積電,84,30,54,凱基-鳳山,2024-08-05,9274
00706L,期元大S＆P日圓正2,62,10,52,凱基-鳳山,2024-08-05,9274
2317,鴻海,106,56,50,凱基-鳳山,2024-08-05,9274
2457,飛宏,50,3,47,凱基-鳳山,2024-08-05,9274
2892,第一金,53,10,43,凱基-鳳山,2024-08-05,9274
2515,中工,40,2,38,凱基-鳳山,2024-08-05,9274
3189,景碩,85,50,35,凱基-鳳山,2024-08-05,9274
2421,建準,34,0,34,凱基-鳳山,2024-08-05,9274
1304,台聚,33,0,33,凱基-鳳山,2024-08-05,9274
00947,台新臺灣IC設計,32,0,32,凱基-鳳山,2024-08-05,9274
4114,健喬,30,0,30,凱基-鳳山,2024-08-05,9274
4543,萬在,30,0,30,凱基-鳳山,2024-08-05,9274
1314,中石化,31,2,29,凱基-鳳山,2024-08-05,9274
00687B,國泰20年美債,69,40,29,凱基-鳳山,2024-08-05,9274
6770,力積電,31,3,28,凱基-鳳山,2024-08-05,9274
006208,富邦台50,31,4,27,凱基-鳳山,2024-08-05,9274
5521,工信,30,3,27,凱基-鳳山,2024-08-05,9274
2409,友達,57,33,24,凱基-鳳山,2024-08-05,9274
3227,原相,24,0,24,凱基-鳳山,2024-08-05,9274
2834,臺企銀,27,4,23,凱基-鳳山,2024-08-05,9274
1301,台塑,43,20,23,凱基-鳳山,2024-08-05,9274
2349,錸德,32,9,23,凱基-鳳山,2024-08-05,9274
4303,信立,23,0,23,凱基-鳳山,2024-08-05,9274
5880,合庫金,32,9,23,凱基-鳳山,2024-08-05,9274
9105,泰金寶-DR,49,27,22,凱基-鳳山,2024-08-05,9274
2888,新光金,34,14,20,凱基-鳳山,2024-08-05,9274
6290,良維,19,0,19,凱基-鳳山,2024-08-05,9274
00779B,凱基美債25+,29,10,19,凱基-鳳山,2024-08-05,9274
00632R,元大台灣50反1,989,109,880,凱基-鳳山,2024-08-06,9274
00688L,國泰20年美債正2,485,24,461,凱基-鳳山,2024-08-06,9274
00929,復華台灣科技優息,333,138,195,凱基-鳳山,2024-08-06,9274
00679B,元大美債20年,152,20,132,凱基-鳳山,2024-08-06,9274
00712,復華富時不動產,112,4,108,凱基-鳳山,2024-08-06,9274
2816,旺旺保,69,0,69,凱基-鳳山,2024-08-06,9274
006208,富邦台50,84,17,67,凱基-鳳山,2024-08-06,9274
4564,元翎,63,1,62,凱基-鳳山,2024-08-06,9274
2337,旺宏,63,7,56,凱基-鳳山,2024-08-06,9274
00894,中信小資高價30,51,0,51,凱基-鳳山,2024-08-06,9274
00940,元大台灣價值高息,151,103,48,凱基-鳳山,2024-08-06,9274
3376,新日興,61,13,48,凱基-鳳山,2024-08-06,9274
6163,華電網,48,1,47,凱基-鳳山,2024-08-06,9274
2890,永豐金,50,4,46,凱基-鳳山,2024-08-06,9274
2834,臺企銀,47,1,46,凱基-鳳山,2024-08-06,9274
3481,群創,165,124,41,凱基-鳳山,2024-08-06,9274
3035,智原,53,15,38,凱基-鳳山,2024-08-06,9274
2317,鴻海,141,105,36,凱基-鳳山,2024-08-06,9274
2887,台新金,39,3,36,凱基-鳳山,2024-08-06,9274
00923,群益台ESG低碳50,39,3,36,凱基-鳳山,2024-08-06,9274
1316,上曜,46,14,32,凱基-鳳山,2024-08-06,9274
3312,弘憶股,76,44,32,凱基-鳳山,2024-08-06,9274
2615,萬海,42,11,31,凱基-鳳山,2024-08-06,9274
2367,燿華,35,6,29,凱基-鳳山,2024-08-06,9274
2464,盟立,49,20,29,凱基-鳳山,2024-08-06,9274
2867,三商壽,32,3,29,凱基-鳳山,2024-08-06,9274
3189,景碩,33,8,25,凱基-鳳山,2024-08-06,9274
00907,永豐優息存股,25,0,25,凱基-鳳山,2024-08-06,9274
1718,中纖,23,0,23,凱基-鳳山,2024-08-06,9274
00664R,國泰臺灣加權反1,27,5,22,凱基-鳳山,2024-08-06,9274
2609,陽明,58,36,22,凱基-鳳山,2024-08-06,9274
8110,華東,21,0,21,凱基-鳳山,2024-08-06,9274
00900,富邦特選高股息30,30,11,19,凱基-鳳山,2024-08-06,9274
3714,富采,20,1,19,凱基-鳳山,2024-08-06,9274
4303,信立,21,2,19,凱基-鳳山,2024-08-06,9274
3379,彬台,18,0,18,凱基-鳳山,2024-08-06,9274
1529,樂事綠能,20,3,17,凱基-鳳山,2024-08-06,9274
3049,精金,16,0,16,凱基-鳳山,2024-08-06,9274
0050,元大台灣50,25,9,16,凱基-鳳山,2024-08-06,9274
5880,合庫金,16,1,15,凱基-鳳山,2024-08-06,9274
00731,復華富時高息低波,15,0,15,凱基-鳳山,2024-08-06,9274
6290,良維,16,1,15,凱基-鳳山,2024-08-06,9274
2515,中工,20,6,14,凱基-鳳山,2024-08-06,9274
2409,友達,16,2,14,凱基-鳳山,2024-08-06,9274
2382,廣達,19,5,14,凱基-鳳山,2024-08-06,9274
2365,昆盈,33,20,13,凱基-鳳山,2024-08-06,9274
4729,熒茂,12,0,12,凱基-鳳山,2024-08-06,9274
9933,中鼎,12,0,12,凱基-鳳山,2024-08-06,9274
6531,愛普*,13,1,12,凱基-鳳山,2024-08-06,9274
00941,中信上游半導體,11,0,11,凱基-鳳山,2024-08-06,9274
00929,復華台灣科技優息,262,89,173,凱基-鳳山,2024-08-07,9274
00715L,期街口布蘭特正2,144,0,144,凱基-鳳山,2024-08-07,9274
2834,臺企銀,158,51,107,凱基-鳳山,2024-08-07,9274
00680L,元大美債20正2,172,103,69,凱基-鳳山,2024-08-07,9274
00632R,元大台灣50反1,142,82,60,凱基-鳳山,2024-08-07,9274
2317,鴻海,70,18,52,凱基-鳳山,2024-08-07,9274
2406,國碩,50,0,50,凱基-鳳山,2024-08-07,9274
00679B,元大美債20年,55,10,45,凱基-鳳山,2024-08-07,9274
2312,金寶,50,7,43,凱基-鳳山,2024-08-07,9274
3372,典範,42,0,42,凱基-鳳山,2024-08-07,9274
00878,國泰永續高股息,40,0,40,凱基-鳳山,2024-08-07,9274
6213,聯茂,39,2,37,凱基-鳳山,2024-08-07,9274
00885,富邦越南,32,0,32,凱基-鳳山,2024-08-07,9274
2501,國建,27,0,27,凱基-鳳山,2024-08-07,9274
00664R,國泰臺灣加權反1,25,0,25,凱基-鳳山,2024-08-07,9274
5905,南仁湖,25,0,25,凱基-鳳山,2024-08-07,9274
2886,兆豐金,24,0,24,凱基-鳳山,2024-08-07,9274
00712,復華富時不動產,24,0,24,凱基-鳳山,2024-08-07,9274
4909,新復興,23,3,20,凱基-鳳山,2024-08-07,9274
5521,工信,20,0,20,凱基-鳳山,2024-08-07,9274
0056,元大高股息,16,1,15,凱基-鳳山,2024-08-07,9274
8089,康全電訊,15,0,15,凱基-鳳山,2024-08-07,9274
00900,富邦特選高股息30,14,1,13,凱基-鳳山,2024-08-07,9274
00946,群益科技高息成長,14,2,12,凱基-鳳山,2024-08-07,9274
2402,毅嘉,13,1,12,凱基-鳳山,2024-08-07,9274
00947,台新臺灣IC設計,11,0,11,凱基-鳳山,2024-08-07,9274
1301,台塑,11,0,11,凱基-鳳山,2024-08-07,9274
3005,神基,11,0,11,凱基-鳳山,2024-08-07,9274
00637L,元大滬深300正2,10,0,10,凱基-鳳山,2024-08-07,9274
2537,聯上發,35,25,10,凱基-鳳山,2024-08-07,9274
2881,富邦金,10,0,10,凱基-鳳山,2024-08-07,9274
3686,達能,10,0,10,凱基-鳳山,2024-08-07,9274
4420,光明,10,0,10,凱基-鳳山,2024-08-07,9274
4707,磐亞,10,0,10,凱基-鳳山,2024-08-07,9274
4960,誠美材,10,0,10,凱基-鳳山,2024-08-07,9274
5531,鄉林,30,20,10,凱基-鳳山,2024-08-07,9274
6284,佳邦,10,0,10,凱基-鳳山,2024-08-07,9274
3037,欣興,11,2,9,凱基-鳳山,2024-08-07,9274
1513,中興電,21,11,10,凱基-鳳山,2024-08-07,9274
8046,南電,12,3,9,凱基-鳳山,2024-08-07,9274
2887,台新金,18,9,9,凱基-鳳山,2024-08-07,9274
2382,廣達,14,5,9,凱基-鳳山,2024-08-07,9274
00918,大華優利高填息30,8,0,8,凱基-鳳山,2024-08-07,9274
8028,昇陽半導體,9,1,8,凱基-鳳山,2024-08-07,9274
2408,南亞科,8,0,8,凱基-鳳山,2024-08-07,9274
2812,台中銀,7,0,7,凱基-鳳山,2024-08-07,9274
00935,野村臺灣新科技50,20,13,7,凱基-鳳山,2024-08-07,9274
0050,元大台灣50,28,21,7,凱基-鳳山,2024-08-07,9274
00902,中信電池及儲能,7,0,7,凱基-鳳山,2024-08-07,9274
00933B,國泰10Y+金融債,12,5,7,凱基-鳳山,2024-08-07,9274
00680L,元大美債20正2,228,0,228,凱基-鳳山,2024-08-08,9274
2337,旺宏,232,8,224,凱基-鳳山,2024-08-08,9274
00679B,元大美債20年,167,14,153,凱基-鳳山,2024-08-08,9274
00950B,凱基A級公司債,100,0,100,凱基-鳳山,2024-08-08,9274
00878,國泰永續高股息,116,18,98,凱基-鳳山,2024-08-08,9274
00900,富邦特選高股息30,83,0,83,凱基-鳳山,2024-08-08,9274
3481,群創,78,9,69,凱基-鳳山,2024-08-08,9274
2349,錸德,94,32,62,凱基-鳳山,2024-08-08,9274
00945B,凱基美國非投等債,50,0,50,凱基-鳳山,2024-08-08,9274
2409,友達,46,0,46,凱基-鳳山,2024-08-08,9274
2362,藍天,69,26,43,凱基-鳳山,2024-08-08,9274
00929,復華台灣科技優息,66,25,41,凱基-鳳山,2024-08-08,9274
2464,盟立,57,24,33,凱基-鳳山,2024-08-08,9274
3312,弘憶股,36,4,32,凱基-鳳山,2024-08-08,9274
2884,玉山金,31,0,31,凱基-鳳山,2024-08-08,9274
2356,英業達,40,14,26,凱基-鳳山,2024-08-08,9274
2603,長榮,40,14,26,凱基-鳳山,2024-08-08,9274
2834,臺企銀,31,7,24,凱基-鳳山,2024-08-08,9274
2886,兆豐金,31,8,23,凱基-鳳山,2024-08-08,9274
2867,三商壽,21,0,21,凱基-鳳山,2024-08-08,9274
00675L,富邦臺灣加權正2,40,20,20,凱基-鳳山,2024-08-08,9274
2101,南港,20,0,20,凱基-鳳山,2024-08-08,9274
2617,台航,20,0,20,凱基-鳳山,2024-08-08,9274
00946,群益科技高息成長,19,0,19,凱基-鳳山,2024-08-08,9274
00687B,國泰20年美債,19,1,18,凱基-鳳山,2024-08-08,9274
1569,濱川,23,5,18,凱基-鳳山,2024-08-08,9274
2609,陽明,35,17,18,凱基-鳳山,2024-08-08,9274
6274,台燿,30,13,17,凱基-鳳山,2024-08-08,9274
2392,正崴,19,3,16,凱基-鳳山,2024-08-08,9274
6187,萬潤,98,82,16,凱基-鳳山,2024-08-08,9274
2486,一詮,58,42,16,凱基-鳳山,2024-08-08,9274
3047,訊舟,24,9,15,凱基-鳳山,2024-08-08,9274
5364,力麗店,20,5,15,凱基-鳳山,2024-08-08,9274
8996,高力,19,4,15,凱基-鳳山,2024-08-08,9274
1326,台化,14,0,14,凱基-鳳山,2024-08-08,9274
4564,元翎,15,1,14,凱基-鳳山,2024-08-08,9274
911868,同方友友-DR,42,29,13,凱基-鳳山,2024-08-08,9274
3231,緯創,48,36,12,凱基-鳳山,2024-08-08,9274
2317,鴻海,54,42,12,凱基-鳳山,2024-08-08,9274
1301,台塑,32,21,11,凱基-鳳山,2024-08-08,9274
5607,遠雄港,11,0,11,凱基-鳳山,2024-08-08,9274
1227,佳格,11,0,11,凱基-鳳山,2024-08-08,9274
2888,新光金,13,2,11,凱基-鳳山,2024-08-08,9274
2382,廣達,31,20,11,凱基-鳳山,2024-08-08,9274
6213,聯茂,12,2,10,凱基-鳳山,2024-08-08,9274
00654R,富邦印度反1,10,0,10,凱基-鳳山,2024-08-08,9274
00948B,中信優息投資級債,10,0,10,凱基-鳳山,2024-08-08,9274
1314,中石化,10,0,10,凱基-鳳山,2024-08-08,9274
2014,中鴻,10,0,10,凱基-鳳山,2024-08-08,9274
2485,兆赫,10,0,10,凱基-鳳山,2024-08-08,9274
00937B,群益ESG投等債20,257,11,246,凱基-鳳山,2024-08-09,9274
00680L,元大美債20正2,239,0,239,凱基-鳳山,2024-08-09,9274
2618,長榮航,114,4,110,凱基-鳳山,2024-08-09,9274
00673R,期元大S＆P原油反1,100,0,100,凱基-鳳山,2024-08-09,9274
00945B,凱基美國非投等債,100,0,100,凱基-鳳山,2024-08-09,9274
2509,全坤建,99,0,99,凱基-鳳山,2024-08-09,9274
00688L,國泰20年美債正2,94,0,94,凱基-鳳山,2024-08-09,9274
00929,復華台灣科技優息,108,23,85,凱基-鳳山,2024-08-09,9274
3231,緯創,104,32,72,凱基-鳳山,2024-08-09,9274
2337,旺宏,94,27,67,凱基-鳳山,2024-08-09,9274
8028,昇陽半導體,56,4,52,凱基-鳳山,2024-08-09,9274
00950B,凱基A級公司債,50,0,50,凱基-鳳山,2024-08-09,9274
2421,建準,39,0,39,凱基-鳳山,2024-08-09,9274
2401,凌陽,40,10,30,凱基-鳳山,2024-08-09,9274
00946,群益科技高息成長,25,0,25,凱基-鳳山,2024-08-09,9274
9914,美利達,22,0,22,凱基-鳳山,2024-08-09,9274
2371,大同,32,13,19,凱基-鳳山,2024-08-09,9274
2353,宏��,22,4,18,凱基-鳳山,2024-08-09,9274
3037,欣興,19,2,17,凱基-鳳山,2024-08-09,9274
1316,上曜,18,1,17,凱基-鳳山,2024-08-09,9274
8271,宇瞻,18,1,17,凱基-鳳山,2024-08-09,9274
2365,昆盈,42,25,17,凱基-鳳山,2024-08-09,9274
00919,群益台灣精選高息,23,7,16,凱基-鳳山,2024-08-09,9274
00948B,中信優息投資級債,16,0,16,凱基-鳳山,2024-08-09,9274
2834,臺企銀,24,9,15,凱基-鳳山,2024-08-09,9274
00664R,國泰臺灣加權反1,15,0,15,凱基-鳳山,2024-08-09,9274
2402,毅嘉,26,11,15,凱基-鳳山,2024-08-09,9274
2489,瑞軒,60,45,15,凱基-鳳山,2024-08-09,9274
3017,奇鋐,18,3,15,凱基-鳳山,2024-08-09,9274
00936,台新永續高息中小,18,4,14,凱基-鳳山,2024-08-09,9274
00933B,國泰10Y+金融債,14,0,14,凱基-鳳山,2024-08-09,9274
8101,華冠,14,0,14,凱基-鳳山,2024-08-09,9274
2313,華通,17,4,13,凱基-鳳山,2024-08-09,9274
5309,系統電,15,2,13,凱基-鳳山,2024-08-09,9274
1536,和大,16,4,12,凱基-鳳山,2024-08-09,9274
0056,元大高股息,15,4,11,凱基-鳳山,2024-08-09,9274
00878,國泰永續高股息,29,19,10,凱基-鳳山,2024-08-09,9274
00905,FT臺灣Smart,13,3,10,凱基-鳳山,2024-08-09,9274
8299,群聯,10,0,10,凱基-鳳山,2024-08-09,9274
3044,健鼎,14,4,10,凱基-鳳山,2024-08-09,9274
3048,益登,43,33,10,凱基-鳳山,2024-08-09,9274
1609,大亞,29,20,9,凱基-鳳山,2024-08-09,9274
6285,啟��,18,9,9,凱基-鳳山,2024-08-09,9274
00720B,元大投資級公司債,9,0,9,凱基-鳳山,2024-08-09,9274
2439,美律,9,0,9,凱基-鳳山,2024-08-09,9274
3363,上詮,10,1,9,凱基-鳳山,2024-08-09,9274
4533,協易機,17,8,9,凱基-鳳山,2024-08-09,9274
00751B,元大AAA至A公司債,8,0,8,凱基-鳳山,2024-08-09,9274
00932,兆豐永續高息等權,8,0,8,凱基-鳳山,2024-08-09,9274
8096,擎亞,9,1,8,凱基-鳳山,2024-08-09,9274
00878,國泰永續高股息,325,13,312,凱基-鳳山,2024-08-12,9274
00673R,期元大S＆P原油反1,105,0,105,凱基-鳳山,2024-08-12,9274
00937B,群益ESG投等債20,107,18,89,凱基-鳳山,2024-08-12,9274
1301,台塑,93,6,87,凱基-鳳山,2024-08-12,9274
1513,中興電,77,22,55,凱基-鳳山,2024-08-12,9274
00948B,中信優息投資級債,50,0,50,凱基-鳳山,2024-08-12,9274
2489,瑞軒,153,109,44,凱基-鳳山,2024-08-12,9274
00923,群益台ESG低碳50,33,0,33,凱基-鳳山,2024-08-12,9274
5243,乙盛-KY,30,0,30,凱基-鳳山,2024-08-12,9274
00929,復華台灣科技優息,67,46,21,凱基-鳳山,2024-08-12,9274
2383,台光電,21,0,21,凱基-鳳山,2024-08-12,9274
2421,建準,24,4,20,凱基-鳳山,2024-08-12,9274
2610,華航,22,3,19,凱基-鳳山,2024-08-12,9274
2317,鴻海,49,31,18,凱基-鳳山,2024-08-12,9274
2884,玉山金,19,1,18,凱基-鳳山,2024-08-12,9274
2382,廣達,31,15,16,凱基-鳳山,2024-08-12,9274
2537,聯上發,17,1,16,凱基-鳳山,2024-08-12,9274
2883,凱基金,16,0,16,凱基-鳳山,2024-08-12,9274
2312,金寶,18,3,15,凱基-鳳山,2024-08-12,9274
4561,健椿,15,0,15,凱基-鳳山,2024-08-12,9274
00946,群益科技高息成長,15,1,14,凱基-鳳山,2024-08-12,9274
2062,橋椿,14,0,14,凱基-鳳山,2024-08-12,9274
6598,ABC-KY,14,0,14,凱基-鳳山,2024-08-12,9274
5351,鈺創,13,0,13,凱基-鳳山,2024-08-12,9274
00679B,元大美債20年,12,0,12,凱基-鳳山,2024-08-12,9274
2061,風青,12,0,12,凱基-鳳山,2024-08-12,9274
3260,威剛,12,0,12,凱基-鳳山,2024-08-12,9274
3289,宜特,12,0,12,凱基-鳳山,2024-08-12,9274
00795B,中信美國公債20年,11,0,11,凱基-鳳山,2024-08-12,9274
4526,東台,11,0,11,凱基-鳳山,2024-08-12,9274
00720B,元大投資級公司債,12,2,10,凱基-鳳山,2024-08-12,9274
00907,永豐優息存股,10,0,10,凱基-鳳山,2024-08-12,9274
2429,銘旺科,10,0,10,凱基-鳳山,2024-08-12,9274
2816,旺旺保,10,0,10,凱基-鳳山,2024-08-12,9274
2911,麗嬰房,29,20,9,凱基-鳳山,2024-08-12,9274
0050,元大台灣50,11,2,9,凱基-鳳山,2024-08-12,9274
00751B,元大AAA至A公司債,8,0,8,凱基-鳳山,2024-08-12,9274
00933B,國泰10Y+金融債,8,0,8,凱基-鳳山,2024-08-12,9274
00712,復華富時不動產,13,5,8,凱基-鳳山,2024-08-12,9274
2359,所羅門,20,13,7,凱基-鳳山,2024-08-12,9274
6285,啟��,13,6,7,凱基-鳳山,2024-08-12,9274
3339,泰谷,7,0,7,凱基-鳳山,2024-08-12,9274
4420,光明,7,0,7,凱基-鳳山,2024-08-12,9274
00662,富邦NASDAQ,6,0,6,凱基-鳳山,2024-08-12,9274
6901,鑽石投資,6,0,6,凱基-鳳山,2024-08-12,9274
2891,中信金,31,25,6,凱基-鳳山,2024-08-12,9274
2365,昆盈,42,37,5,凱基-鳳山,2024-08-12,9274
2412,中華電,5,0,5,凱基-鳳山,2024-08-12,9274
00830,國泰費城半導體,6,1,5,凱基-鳳山,2024-08-12,9274
1540,喬福,7,2,5,凱基-鳳山,2024-08-12,9274
00679B,元大美債20年,262,39,223,凱基-鳳山,2024-08-13,9274
00937B,群益ESG投等債20,178,5,173,凱基-鳳山,2024-08-13,9274
00948B,中信優息投資級債,93,0,93,凱基-鳳山,2024-08-13,9274
1303,南亞,74,0,74,凱基-鳳山,2024-08-13,9274
2880,華南金,73,3,70,凱基-鳳山,2024-08-13,9274
2406,國碩,55,3,52,凱基-鳳山,2024-08-13,9274
2609,陽明,56,11,45,凱基-鳳山,2024-08-13,9274
5905,南仁湖,43,0,43,凱基-鳳山,2024-08-13,9274
00712,復華富時不動產,30,0,30,凱基-鳳山,2024-08-13,9274
3189,景碩,31,2,29,凱基-鳳山,2024-08-13,9274
0056,元大高股息,40,13,27,凱基-鳳山,2024-08-13,9274
00900,富邦特選高股息30,36,10,26,凱基-鳳山,2024-08-13,9274
00795B,中信美國公債20年,23,0,23,凱基-鳳山,2024-08-13,9274
00931B,統一美債20年,21,0,21,凱基-鳳山,2024-08-13,9274
9958,世紀鋼,25,4,21,凱基-鳳山,2024-08-13,9274
00686R,群益臺灣加權反1,20,0,20,凱基-鳳山,2024-08-13,9274
00654R,富邦印度反1,20,0,20,凱基-鳳山,2024-08-13,9274
00637L,元大滬深300正2,18,0,18,凱基-鳳山,2024-08-13,9274
4304,勝昱,18,0,18,凱基-鳳山,2024-08-13,9274
00945B,凱基美國非投等債,17,0,17,凱基-鳳山,2024-08-13,9274
2365,昆盈,58,42,16,凱基-鳳山,2024-08-13,9274
3481,群創,21,5,16,凱基-鳳山,2024-08-13,9274
00687B,國泰20年美債,15,0,15,凱基-鳳山,2024-08-13,9274
1314,中石化,15,0,15,凱基-鳳山,2024-08-13,9274
3037,欣興,18,3,15,凱基-鳳山,2024-08-13,9274
5243,乙盛-KY,16,1,15,凱基-鳳山,2024-08-13,9274
6191,精成科,15,0,15,凱基-鳳山,2024-08-13,9274
6269,台郡,16,2,14,凱基-鳳山,2024-08-13,9274
5880,合庫金,13,0,13,凱基-鳳山,2024-08-13,9274
00673R,期元大S＆P原油反1,13,0,13,凱基-鳳山,2024-08-13,9274
2615,萬海,19,8,11,凱基-鳳山,2024-08-13,9274
2337,旺宏,11,0,11,凱基-鳳山,2024-08-13,9274
00907,永豐優息存股,11,0,11,凱基-鳳山,2024-08-13,9274
2329,華泰,11,0,11,凱基-鳳山,2024-08-13,9274
1570,力肯,10,0,10,凱基-鳳山,2024-08-13,9274
2368,金像電,11,1,10,凱基-鳳山,2024-08-13,9274
3167,大量,27,17,10,凱基-鳳山,2024-08-13,9274
4303,信立,12,2,10,凱基-鳳山,2024-08-13,9274
6133,金橋,10,0,10,凱基-鳳山,2024-08-13,9274
00888,永豐台灣ESG,8,0,8,凱基-鳳山,2024-08-13,9274
1312,國喬,10,2,8,凱基-鳳山,2024-08-13,9274
3518,柏騰,10,2,8,凱基-鳳山,2024-08-13,9274
00933B,國泰10Y+金融債,7,0,7,凱基-鳳山,2024-08-13,9274
00680L,元大美債20正2,7,0,7,凱基-鳳山,2024-08-13,9274
00881,國泰台灣5G+,7,0,7,凱基-鳳山,2024-08-13,9274
2915,潤泰全,7,0,7,凱基-鳳山,2024-08-13,9274
4561,健椿,21,14,7,凱基-鳳山,2024-08-13,9274
4979,華星光,8,1,7,凱基-鳳山,2024-08-13,9274
6505,台塑化,7,0,7,凱基-鳳山,2024-08-13,9274
2383,台光電,11,5,6,凱基-鳳山,2024-08-13,9274
00680L,元大美債20正2,416,35,381,凱基-鳳山,2024-08-14,9274
00632R,元大台灣50反1,235,100,135,凱基-鳳山,2024-08-14,9274
00687B,國泰20年美債,150,47,103,凱基-鳳山,2024-08-14,9274
00937B,群益ESG投等債20,101,2,99,凱基-鳳山,2024-08-14,9274
00679B,元大美債20年,62,5,57,凱基-鳳山,2024-08-14,9274
1101,台泥,105,50,55,凱基-鳳山,2024-08-14,9274
3481,群創,99,46,53,凱基-鳳山,2024-08-14,9274
9958,世紀鋼,88,37,51,凱基-鳳山,2024-08-14,9274
00878,國泰永續高股息,60,10,50,凱基-鳳山,2024-08-14,9274
8996,高力,55,5,50,凱基-鳳山,2024-08-14,9274
1301,台塑,65,25,40,凱基-鳳山,2024-08-14,9274
2405,輔信,32,0,32,凱基-鳳山,2024-08-14,9274
00665L,富邦�琤肭磪囓�2,200,170,30,凱基-鳳山,2024-08-14,9274
3048,益登,36,6,30,凱基-鳳山,2024-08-14,9274
3303,岱稜,36,13,23,凱基-鳳山,2024-08-14,9274
2891,中信金,122,100,22,凱基-鳳山,2024-08-14,9274
3189,景碩,25,3,22,凱基-鳳山,2024-08-14,9274
2367,燿華,32,10,22,凱基-鳳山,2024-08-14,9274
2014,中鴻,32,11,21,凱基-鳳山,2024-08-14,9274
00686R,群益臺灣加權反1,20,0,20,凱基-鳳山,2024-08-14,9274
1314,中石化,20,0,20,凱基-鳳山,2024-08-14,9274
8076,伍豐,21,1,20,凱基-鳳山,2024-08-14,9274
3050,鈺德,18,0,18,凱基-鳳山,2024-08-14,9274
3019,亞光,44,26,18,凱基-鳳山,2024-08-14,9274
2356,英業達,24,7,17,凱基-鳳山,2024-08-14,9274
6244,茂迪,17,1,16,凱基-鳳山,2024-08-14,9274
2421,建準,15,0,15,凱基-鳳山,2024-08-14,9274
6274,台燿,15,0,15,凱基-鳳山,2024-08-14,9274
00795B,中信美國公債20年,15,1,14,凱基-鳳山,2024-08-14,9274
4564,元翎,14,0,14,凱基-鳳山,2024-08-14,9274
2883,凱基金,53,40,13,凱基-鳳山,2024-08-14,9274
00712,復華富時不動產,23,10,13,凱基-鳳山,2024-08-14,9274
6117,迎廣,13,0,13,凱基-鳳山,2024-08-14,9274
2324,仁寶,13,1,12,凱基-鳳山,2024-08-14,9274
2515,中工,12,0,12,凱基-鳳山,2024-08-14,9274
00882,中信中國高股息,12,1,11,凱基-鳳山,2024-08-14,9274
00931B,統一美債20年,11,0,11,凱基-鳳山,2024-08-14,9274
2464,盟立,36,25,11,凱基-鳳山,2024-08-14,9274
8096,擎亞,31,20,11,凱基-鳳山,2024-08-14,9274
6446,藥華藥,12,2,10,凱基-鳳山,2024-08-14,9274
2615,萬海,13,3,10,凱基-鳳山,2024-08-14,9274
2049,上銀,10,0,10,凱基-鳳山,2024-08-14,9274
00664R,國泰臺灣加權反1,10,0,10,凱基-鳳山,2024-08-14,9274
00932,兆豐永續高息等權,10,0,10,凱基-鳳山,2024-08-14,9274
1570,力肯,10,0,10,凱基-鳳山,2024-08-14,9274
2062,橋椿,10,0,10,凱基-鳳山,2024-08-14,9274
2109,華豐,10,0,10,凱基-鳳山,2024-08-14,9274
2427,三商電,13,3,10,凱基-鳳山,2024-08-14,9274
3518,柏騰,10,0,10,凱基-鳳山,2024-08-14,9274
9938,百和,10,0,10,凱基-鳳山,2024-08-14,9274
00632R,元大台灣50反1,260,0,260,凱基-鳳山,2024-08-15,9274
00687B,國泰20年美債,216,3,213,凱基-鳳山,2024-08-15,9274
00679B,元大美債20年,141,23,118,凱基-鳳山,2024-08-15,9274
2891,中信金,201,100,101,凱基-鳳山,2024-08-15,9274
00712,復華富時不動產,63,0,63,凱基-鳳山,2024-08-15,9274
00688L,國泰20年美債正2,65,4,61,凱基-鳳山,2024-08-15,9274
00878,國泰永續高股息,92,34,58,凱基-鳳山,2024-08-15,9274
00900,富邦特選高股息30,57,0,57,凱基-鳳山,2024-08-15,9274
00940,元大台灣價值高息,54,5,49,凱基-鳳山,2024-08-15,9274
00929,復華台灣科技優息,81,44,37,凱基-鳳山,2024-08-15,9274
00932,兆豐永續高息等權,35,0,35,凱基-鳳山,2024-08-15,9274
2208,台船,34,0,34,凱基-鳳山,2024-08-15,9274
2887,台新金,35,2,33,凱基-鳳山,2024-08-15,9274
00937B,群益ESG投等債20,31,0,31,凱基-鳳山,2024-08-15,9274
00881,國泰台灣5G+,29,0,29,凱基-鳳山,2024-08-15,9274
00751B,元大AAA至A公司債,28,0,28,凱基-鳳山,2024-08-15,9274
00933B,國泰10Y+金融債,29,2,27,凱基-鳳山,2024-08-15,9274
2317,鴻海,64,41,23,凱基-鳳山,2024-08-15,9274
1301,台塑,23,0,23,凱基-鳳山,2024-08-15,9274
2439,美律,24,2,22,凱基-鳳山,2024-08-15,9274
00882,中信中國高股息,21,0,21,凱基-鳳山,2024-08-15,9274
2002,中鋼,24,3,21,凱基-鳳山,2024-08-15,9274
1314,中石化,20,0,20,凱基-鳳山,2024-08-15,9274
00948B,中信優息投資級債,19,0,19,凱基-鳳山,2024-08-15,9274
4540,全球傳動,20,1,19,凱基-鳳山,2024-08-15,9274
00764B,群益25年美債,15,0,15,凱基-鳳山,2024-08-15,9274
2883,凱基金,20,5,15,凱基-鳳山,2024-08-15,9274
3189,景碩,15,0,15,凱基-鳳山,2024-08-15,9274
5243,乙盛-KY,15,0,15,凱基-鳳山,2024-08-15,9274
00931B,統一美債20年,34,20,14,凱基-鳳山,2024-08-15,9274
2547,日勝生,14,0,14,凱基-鳳山,2024-08-15,9274
3663,鑫科,39,25,14,凱基-鳳山,2024-08-15,9274
006208,富邦台50,21,7,14,凱基-鳳山,2024-08-15,9274
00724B,群益投資級金融債,13,0,13,凱基-鳳山,2024-08-15,9274
00720B,元大投資級公司債,13,0,13,凱基-鳳山,2024-08-15,9274
2801,彰銀,21,8,13,凱基-鳳山,2024-08-15,9274
3607,谷崧,13,0,13,凱基-鳳山,2024-08-15,9274
00936,台新永續高息中小,12,0,12,凱基-鳳山,2024-08-15,9274
00696B,富邦美債20年,14,2,12,凱基-鳳山,2024-08-15,9274
1101,台泥,23,11,12,凱基-鳳山,2024-08-15,9274
1519,華城,13,2,11,凱基-鳳山,2024-08-15,9274
2489,瑞軒,35,25,10,凱基-鳳山,2024-08-15,9274
8299,群聯,10,0,10,凱基-鳳山,2024-08-15,9274
00918,大華優利高填息30,10,0,10,凱基-鳳山,2024-08-15,9274
1409,新纖,10,0,10,凱基-鳳山,2024-08-15,9274
2014,中鴻,10,0,10,凱基-鳳山,2024-08-15,9274
2109,華豐,10,0,10,凱基-鳳山,2024-08-15,9274
3712,永崴投控,10,0,10,凱基-鳳山,2024-08-15,9274
5481,新華,10,0,10,凱基-鳳山,2024-08-15,9274
2610,華航,12,3,9,凱基-鳳山,2024-08-15,9274
00929,復華台灣科技優息,447,12,435,凱基-鳳山,2024-08-16,9274
2344,華邦電,218,20,198,凱基-鳳山,2024-08-16,9274
00919,群益台灣精選高息,94,11,83,凱基-鳳山,2024-08-16,9274
00680L,元大美債20正2,86,14,72,凱基-鳳山,2024-08-16,9274
1229,聯華,68,0,68,凱基-鳳山,2024-08-16,9274
3231,緯創,65,1,64,凱基-鳳山,2024-08-16,9274
9958,世紀鋼,61,1,60,凱基-鳳山,2024-08-16,9274
00688L,國泰20年美債正2,58,1,57,凱基-鳳山,2024-08-16,9274
2816,旺旺保,54,0,54,凱基-鳳山,2024-08-16,9274
1714,和桐,50,0,50,凱基-鳳山,2024-08-16,9274
2401,凌陽,67,23,44,凱基-鳳山,2024-08-16,9274
00948B,中信優息投資級債,37,0,37,凱基-鳳山,2024-08-16,9274
00931B,統一美債20年,36,0,36,凱基-鳳山,2024-08-16,9274
6547,高端疫苗,36,0,36,凱基-鳳山,2024-08-16,9274
00923,群益台ESG低碳50,35,0,35,凱基-鳳山,2024-08-16,9274
00885,富邦越南,35,5,30,凱基-鳳山,2024-08-16,9274
2363,矽統,50,24,26,凱基-鳳山,2024-08-16,9274
5371,中光電,27,2,25,凱基-鳳山,2024-08-16,9274
8069,元太,32,7,25,凱基-鳳山,2024-08-16,9274
5481,新華,21,0,21,凱基-鳳山,2024-08-16,9274
3483,力致,20,0,20,凱基-鳳山,2024-08-16,9274
00937B,群益ESG投等債20,27,8,19,凱基-鳳山,2024-08-16,9274
2365,昆盈,38,20,18,凱基-鳳山,2024-08-16,9274
2371,大同,22,4,18,凱基-鳳山,2024-08-16,9274
2337,旺宏,34,17,17,凱基-鳳山,2024-08-16,9274
006208,富邦台50,30,13,17,凱基-鳳山,2024-08-16,9274
2349,錸德,20,4,16,凱基-鳳山,2024-08-16,9274
4526,東台,16,0,16,凱基-鳳山,2024-08-16,9274
2609,陽明,19,4,15,凱基-鳳山,2024-08-16,9274
9935,慶豐富,15,0,15,凱基-鳳山,2024-08-16,9274
2880,華南金,14,1,13,凱基-鳳山,2024-08-16,9274
3284,太普高,14,1,13,凱基-鳳山,2024-08-16,9274
4960,誠美材,12,0,12,凱基-鳳山,2024-08-16,9274
3450,聯鈞,15,4,11,凱基-鳳山,2024-08-16,9274
8096,擎亞,55,44,11,凱基-鳳山,2024-08-16,9274
00933B,國泰10Y+金融債,11,0,11,凱基-鳳山,2024-08-16,9274
3090,日電貿,11,0,11,凱基-鳳山,2024-08-16,9274
2486,一詮,18,7,11,凱基-鳳山,2024-08-16,9274
8150,南茂,11,0,11,凱基-鳳山,2024-08-16,9274
00664R,國泰臺灣加權反1,10,0,10,凱基-鳳山,2024-08-16,9274
00686R,群益臺灣加權反1,10,0,10,凱基-鳳山,2024-08-16,9274
2106,建大,10,0,10,凱基-鳳山,2024-08-16,9274
2543,皇昌,13,3,10,凱基-鳳山,2024-08-16,9274
6667,信紘科,12,2,10,凱基-鳳山,2024-08-16,9274
2323,中環,16,6,10,凱基-鳳山,2024-08-16,9274
3593,力銘,10,0,10,凱基-鳳山,2024-08-16,9274
6698,旭暉應材,10,0,10,凱基-鳳山,2024-08-16,9274
8101,華冠,10,0,10,凱基-鳳山,2024-08-16,9274
8374,羅昇,16,7,9,凱基-鳳山,2024-08-16,9274
00882,中信中國高股息,12,3,9,凱基-鳳山,2024-08-16,9274
00929,復華台灣科技優息,323,92,231,凱基-鳳山,2024-08-19,9274
00687B,國泰20年美債,141,21,120,凱基-鳳山,2024-08-19,9274
2344,華邦電,124,12,112,凱基-鳳山,2024-08-19,9274
00950B,凱基A級公司債,101,2,99,凱基-鳳山,2024-08-19,9274
1527,鑽全,74,13,61,凱基-鳳山,2024-08-19,9274
3231,緯創,53,4,49,凱基-鳳山,2024-08-19,9274
3048,益登,58,10,48,凱基-鳳山,2024-08-19,9274
2618,長榮航,32,0,32,凱基-鳳山,2024-08-19,9274
2337,旺宏,32,5,27,凱基-鳳山,2024-08-19,9274
2002,中鋼,30,6,24,凱基-鳳山,2024-08-19,9274
00933B,國泰10Y+金融債,24,0,24,凱基-鳳山,2024-08-19,9274
00632R,元大台灣50反1,25,2,23,凱基-鳳山,2024-08-19,9274
2323,中環,32,9,23,凱基-鳳山,2024-08-19,9274
3047,訊舟,115,93,22,凱基-鳳山,2024-08-19,9274
6156,松上,21,0,21,凱基-鳳山,2024-08-19,9274
2351,順德,20,0,20,凱基-鳳山,2024-08-19,9274
4564,元翎,25,5,20,凱基-鳳山,2024-08-19,9274
2363,矽統,22,4,18,凱基-鳳山,2024-08-19,9274
2354,鴻準,25,8,17,凱基-鳳山,2024-08-19,9274
00931B,統一美債20年,17,0,17,凱基-鳳山,2024-08-19,9274
3645,達邁,18,1,17,凱基-鳳山,2024-08-19,9274
00878,國泰永續高股息,21,6,15,凱基-鳳山,2024-08-19,9274
00712,復華富時不動產,18,3,15,凱基-鳳山,2024-08-19,9274
8028,昇陽半導體,21,6,15,凱基-鳳山,2024-08-19,9274
6188,廣明,24,9,15,凱基-鳳山,2024-08-19,9274
8096,擎亞,14,0,14,凱基-鳳山,2024-08-19,9274
2313,華通,13,0,13,凱基-鳳山,2024-08-19,9274
6213,聯茂,12,0,12,凱基-鳳山,2024-08-19,9274
00905,FT臺灣Smart,15,3,12,凱基-鳳山,2024-08-19,9274
00725B,國泰投資級公司債,12,0,12,凱基-鳳山,2024-08-19,9274
3189,景碩,13,1,12,凱基-鳳山,2024-08-19,9274
1584,精剛,12,0,12,凱基-鳳山,2024-08-19,9274
00731,復華富時高息低波,12,1,11,凱基-鳳山,2024-08-19,9274
2881,富邦金,11,0,11,凱基-鳳山,2024-08-19,9274
00795B,中信美國公債20年,11,0,11,凱基-鳳山,2024-08-19,9274
00680L,元大美債20正2,21,10,11,凱基-鳳山,2024-08-19,9274
00945B,凱基美國非投等債,12,1,11,凱基-鳳山,2024-08-19,9274
1711,永光,11,0,11,凱基-鳳山,2024-08-19,9274
5452,佶優,57,46,11,凱基-鳳山,2024-08-19,9274
1785,光洋科,15,4,11,凱基-鳳山,2024-08-19,9274
3062,建漢,39,28,11,凱基-鳳山,2024-08-19,9274
2329,華泰,10,0,10,凱基-鳳山,2024-08-19,9274
3005,神基,10,0,10,凱基-鳳山,2024-08-19,9274
6187,萬潤,9,0,9,凱基-鳳山,2024-08-19,9274
1570,力肯,10,1,9,凱基-鳳山,2024-08-19,9274
2017,官田鋼,9,0,9,凱基-鳳山,2024-08-19,9274
2330,台積電,10,2,8,凱基-鳳山,2024-08-19,9274
3006,晶豪科,12,4,8,凱基-鳳山,2024-08-19,9274
00900,富邦特選高股息30,8,0,8,凱基-鳳山,2024-08-19,9274
3019,亞光,22,14,8,凱基-鳳山,2024-08-19,9274
00715L,期街口布蘭特正2,217,11,206,凱基-鳳山,2024-08-20,9274
00923,群益台ESG低碳50,130,0,130,凱基-鳳山,2024-08-20,9274
2867,三商壽,72,0,72,凱基-鳳山,2024-08-20,9274
1785,光洋科,97,26,71,凱基-鳳山,2024-08-20,9274
2344,華邦電,67,10,57,凱基-鳳山,2024-08-20,9274
2392,正崴,61,20,41,凱基-鳳山,2024-08-20,9274
00632R,元大台灣50反1,70,30,40,凱基-鳳山,2024-08-20,9274
3706,神達,37,1,36,凱基-鳳山,2024-08-20,9274
00680L,元大美債20正2,122,90,32,凱基-鳳山,2024-08-20,9274
2362,藍天,45,15,30,凱基-鳳山,2024-08-20,9274
2356,英業達,38,10,28,凱基-鳳山,2024-08-20,9274
00679B,元大美債20年,27,0,27,凱基-鳳山,2024-08-20,9274
2317,鴻海,40,14,26,凱基-鳳山,2024-08-20,9274
8071,能率網通,25,0,25,凱基-鳳山,2024-08-20,9274
1101,台泥,22,0,22,凱基-鳳山,2024-08-20,9274
00882,中信中國高股息,20,0,20,凱基-鳳山,2024-08-20,9274
8076,伍豐,20,0,20,凱基-鳳山,2024-08-20,9274
6117,迎廣,30,11,19,凱基-鳳山,2024-08-20,9274
9958,世紀鋼,114,95,19,凱基-鳳山,2024-08-20,9274
8028,昇陽半導體,31,13,18,凱基-鳳山,2024-08-20,9274
4174,浩鼎,21,3,18,凱基-鳳山,2024-08-20,9274
5481,新華,18,0,18,凱基-鳳山,2024-08-20,9274
3013,晟銘電,33,15,18,凱基-鳳山,2024-08-20,9274
00931B,統一美債20年,17,0,17,凱基-鳳山,2024-08-20,9274
2355,敬鵬,17,0,17,凱基-鳳山,2024-08-20,9274
00878,國泰永續高股息,20,3,17,凱基-鳳山,2024-08-20,9274
3062,建漢,24,8,16,凱基-鳳山,2024-08-20,9274
2486,一詮,18,2,16,凱基-鳳山,2024-08-20,9274
00929,復華台灣科技優息,47,32,15,凱基-鳳山,2024-08-20,9274
2615,萬海,36,21,15,凱基-鳳山,2024-08-20,9274
1409,新纖,13,1,12,凱基-鳳山,2024-08-20,9274
2881,富邦金,17,7,10,凱基-鳳山,2024-08-20,9274
1717,長興,10,0,10,凱基-鳳山,2024-08-20,9274
00946,群益科技高息成長,10,0,10,凱基-鳳山,2024-08-20,9274
00948B,中信優息投資級債,10,0,10,凱基-鳳山,2024-08-20,9274
2323,中環,15,5,10,凱基-鳳山,2024-08-20,9274
5452,佶優,15,5,10,凱基-鳳山,2024-08-20,9274
6129,普誠,10,0,10,凱基-鳳山,2024-08-20,9274
9945,潤泰新,12,2,10,凱基-鳳山,2024-08-20,9274
00936,台新永續高息中小,9,0,9,凱基-鳳山,2024-08-20,9274
2352,佳世達,9,0,9,凱基-鳳山,2024-08-20,9274
2101,南港,8,0,8,凱基-鳳山,2024-08-20,9274
2883,凱基金,9,1,8,凱基-鳳山,2024-08-20,9274
3024,憶聲,8,0,8,凱基-鳳山,2024-08-20,9274
6244,茂迪,8,0,8,凱基-鳳山,2024-08-20,9274
8064,東捷,17,9,8,凱基-鳳山,2024-08-20,9274
1301,台塑,7,0,7,凱基-鳳山,2024-08-20,9274
2449,京元電子,10,3,7,凱基-鳳山,2024-08-20,9274
2537,聯上發,10,3,7,凱基-鳳山,2024-08-20,9274
3048,益登,8,1,7,凱基-鳳山,2024-08-20,9274
6016,康和證,998,0,998,凱基-鳳山,2024-08-21,9274
2888,新光金,656,267,389,凱基-鳳山,2024-08-21,9274
2891,中信金,309,31,278,凱基-鳳山,2024-08-21,9274
00632R,元大台灣50反1,151,0,151,凱基-鳳山,2024-08-21,9274
00953B,群益優選非投等債,136,4,132,凱基-鳳山,2024-08-21,9274
00937B,群益ESG投等債20,129,0,129,凱基-鳳山,2024-08-21,9274
2354,鴻準,122,5,117,凱基-鳳山,2024-08-21,9274
00929,復華台灣科技優息,113,2,111,凱基-鳳山,2024-08-21,9274
4979,華星光,77,8,69,凱基-鳳山,2024-08-21,9274
2344,華邦電,64,4,60,凱基-鳳山,2024-08-21,9274
2489,瑞軒,57,4,53,凱基-鳳山,2024-08-21,9274
00919,群益台灣精選高息,53,3,50,凱基-鳳山,2024-08-21,9274
3189,景碩,64,21,43,凱基-鳳山,2024-08-21,9274
2618,長榮航,42,0,42,凱基-鳳山,2024-08-21,9274
00940,元大台灣價值高息,58,25,33,凱基-鳳山,2024-08-21,9274
2313,華通,31,0,31,凱基-鳳山,2024-08-21,9274
6156,松上,30,0,30,凱基-鳳山,2024-08-21,9274
2356,英業達,39,10,29,凱基-鳳山,2024-08-21,9274
00948B,中信優息投資級債,29,0,29,凱基-鳳山,2024-08-21,9274
2401,凌陽,30,1,29,凱基-鳳山,2024-08-21,9274
8071,能率網通,31,2,29,凱基-鳳山,2024-08-21,9274
1529,樂事綠能,21,0,21,凱基-鳳山,2024-08-21,9274
2317,鴻海,22,2,20,凱基-鳳山,2024-08-21,9274
8054,安國,22,3,19,凱基-鳳山,2024-08-21,9274
8440,綠電,22,3,19,凱基-鳳山,2024-08-21,9274
00891,中信關鍵半導體,18,1,17,凱基-鳳山,2024-08-21,9274
2867,三商壽,61,44,17,凱基-鳳山,2024-08-21,9274
2330,台積電,17,0,17,凱基-鳳山,2024-08-21,9274
2365,昆盈,41,24,17,凱基-鳳山,2024-08-21,9274
2421,建準,16,1,15,凱基-鳳山,2024-08-21,9274
6533,晶心科,15,0,15,凱基-鳳山,2024-08-21,9274
1303,南亞,15,2,13,凱基-鳳山,2024-08-21,9274
2615,萬海,14,1,13,凱基-鳳山,2024-08-21,9274
5371,中光電,13,0,13,凱基-鳳山,2024-08-21,9274
6213,聯茂,13,0,13,凱基-鳳山,2024-08-21,9274
4906,正文,16,5,11,凱基-鳳山,2024-08-21,9274
8234,新漢,11,0,11,凱基-鳳山,2024-08-21,9274
9958,世紀鋼,30,20,10,凱基-鳳山,2024-08-21,9274
00712,復華富時不動產,10,0,10,凱基-鳳山,2024-08-21,9274
2408,南亞科,10,0,10,凱基-鳳山,2024-08-21,9274
3003,健和興,10,0,10,凱基-鳳山,2024-08-21,9274
6869,雲豹能源,26,16,10,凱基-鳳山,2024-08-21,9274
3374,精材,15,5,10,凱基-鳳山,2024-08-21,9274
2801,彰銀,10,0,10,凱基-鳳山,2024-08-21,9274
5263,智崴,10,1,9,凱基-鳳山,2024-08-21,9274
5481,新華,9,0,9,凱基-鳳山,2024-08-21,9274
4576,大銀微系統,9,0,9,凱基-鳳山,2024-08-21,9274
6187,萬潤,13,4,9,凱基-鳳山,2024-08-21,9274
1722,台肥,8,0,8,凱基-鳳山,2024-08-21,9274
2409,友達,10,2,8,凱基-鳳山,2024-08-21,9274
2349,錸德,738,459,279,凱基-鳳山,2024-08-22,9274
2890,永豐金,94,0,94,凱基-鳳山,2024-08-22,9274
00715L,期街口布蘭特正2,91,0,91,凱基-鳳山,2024-08-22,9274
2891,中信金,342,258,84,凱基-鳳山,2024-08-22,9274
00680L,元大美債20正2,108,42,66,凱基-鳳山,2024-08-22,9274
2881,富邦金,59,0,59,凱基-鳳山,2024-08-22,9274
6207,雷科,56,2,54,凱基-鳳山,2024-08-22,9274
4906,正文,52,1,51,凱基-鳳山,2024-08-22,9274
2317,鴻海,58,16,42,凱基-鳳山,2024-08-22,9274
00907,永豐優息存股,40,0,40,凱基-鳳山,2024-08-22,9274
00878,國泰永續高股息,41,3,38,凱基-鳳山,2024-08-22,9274
2062,橋椿,71,39,32,凱基-鳳山,2024-08-22,9274
2356,英業達,32,0,32,凱基-鳳山,2024-08-22,9274
2101,南港,30,0,30,凱基-鳳山,2024-08-22,9274
00687B,國泰20年美債,31,2,29,凱基-鳳山,2024-08-22,9274
8033,雷虎,30,2,28,凱基-鳳山,2024-08-22,9274
2489,瑞軒,62,35,27,凱基-鳳山,2024-08-22,9274
3450,聯鈞,27,1,26,凱基-鳳山,2024-08-22,9274
00953B,群益優選非投等債,26,5,21,凱基-鳳山,2024-08-22,9274
2867,三商壽,20,0,20,凱基-鳳山,2024-08-22,9274
1584,精剛,23,5,18,凱基-鳳山,2024-08-22,9274
2354,鴻準,22,6,16,凱基-鳳山,2024-08-22,9274
2421,建準,15,0,15,凱基-鳳山,2024-08-22,9274
4564,元翎,15,0,15,凱基-鳳山,2024-08-22,9274
5243,乙盛-KY,15,0,15,凱基-鳳山,2024-08-22,9274
5469,瀚宇博,15,0,15,凱基-鳳山,2024-08-22,9274
5880,合庫金,15,0,15,凱基-鳳山,2024-08-22,9274
00688L,國泰20年美債正2,13,0,13,凱基-鳳山,2024-08-22,9274
3047,訊舟,31,18,13,凱基-鳳山,2024-08-22,9274
5309,系統電,24,12,12,凱基-鳳山,2024-08-22,9274
8028,昇陽半導體,16,4,12,凱基-鳳山,2024-08-22,9274
8064,東捷,12,0,12,凱基-鳳山,2024-08-22,9274
9955,佳龍,12,0,12,凱基-鳳山,2024-08-22,9274
2367,燿華,11,0,11,凱基-鳳山,2024-08-22,9274
4979,華星光,12,1,11,凱基-鳳山,2024-08-22,9274
1321,大洋,10,0,10,凱基-鳳山,2024-08-22,9274
2020,美亞,10,0,10,凱基-鳳山,2024-08-22,9274
2401,凌陽,10,0,10,凱基-鳳山,2024-08-22,9274
3576,聯合再生,10,0,10,凱基-鳳山,2024-08-22,9274
6492,生華科,10,0,10,凱基-鳳山,2024-08-22,9274
8021,尖點,11,1,10,凱基-鳳山,2024-08-22,9274
8076,伍豐,10,0,10,凱基-鳳山,2024-08-22,9274
00881,國泰台灣5G+,10,1,9,凱基-鳳山,2024-08-22,9274
00679B,元大美債20年,16,7,9,凱基-鳳山,2024-08-22,9274
1710,東聯,10,2,8,凱基-鳳山,2024-08-22,9274
2374,佳能,8,0,8,凱基-鳳山,2024-08-22,9274
3441,聯一光,8,0,8,凱基-鳳山,2024-08-22,9274
6113,亞矽,10,2,8,凱基-鳳山,2024-08-22,9274
6117,迎廣,10,2,8,凱基-鳳山,2024-08-22,9274
9105,泰金寶-DR,18,10,8,凱基-鳳山,2024-08-22,9274
00937B,群益ESG投等債20,752,0,752,凱基-鳳山,2024-08-23,9274
2888,新光金,1494,791,703,凱基-鳳山,2024-08-23,9274
2208,台船,118,4,114,凱基-鳳山,2024-08-23,9274
00688L,國泰20年美債正2,111,0,111,凱基-鳳山,2024-08-23,9274
1721,三晃,688,603,85,凱基-鳳山,2024-08-23,9274
00687B,國泰20年美債,75,0,75,凱基-鳳山,2024-08-23,9274
2887,台新金,80,12,68,凱基-鳳山,2024-08-23,9274
00679B,元大美債20年,59,2,57,凱基-鳳山,2024-08-23,9274
2401,凌陽,59,3,56,凱基-鳳山,2024-08-23,9274
5452,佶優,101,45,56,凱基-鳳山,2024-08-23,9274
00948B,中信優息投資級債,48,0,48,凱基-鳳山,2024-08-23,9274
00929,復華台灣科技優息,48,2,46,凱基-鳳山,2024-08-23,9274
00680L,元大美債20正2,37,0,37,凱基-鳳山,2024-08-23,9274
0056,元大高股息,33,0,33,凱基-鳳山,2024-08-23,9274
2344,華邦電,32,1,31,凱基-鳳山,2024-08-23,9274
1409,新纖,30,0,30,凱基-鳳山,2024-08-23,9274
1456,怡華,30,0,30,凱基-鳳山,2024-08-23,9274
2489,瑞軒,40,10,30,凱基-鳳山,2024-08-23,9274
6235,華孚,30,0,30,凱基-鳳山,2024-08-23,9274
2615,萬海,33,4,29,凱基-鳳山,2024-08-23,9274
00712,復華富時不動產,25,0,25,凱基-鳳山,2024-08-23,9274
00878,國泰永續高股息,25,1,24,凱基-鳳山,2024-08-23,9274
1326,台化,23,1,22,凱基-鳳山,2024-08-23,9274
6282,康舒,21,1,20,凱基-鳳山,2024-08-23,9274
1536,和大,18,0,18,凱基-鳳山,2024-08-23,9274
2421,建準,22,6,16,凱基-鳳山,2024-08-23,9274
8076,伍豐,16,0,16,凱基-鳳山,2024-08-23,9274
8089,康全電訊,22,7,15,凱基-鳳山,2024-08-23,9274
3234,光環,15,0,15,凱基-鳳山,2024-08-23,9274
00936,台新永續高息中小,14,0,14,凱基-鳳山,2024-08-23,9274
00953B,群益優選非投等債,13,0,13,凱基-鳳山,2024-08-23,9274
00919,群益台灣精選高息,17,5,12,凱基-鳳山,2024-08-23,9274
4513,福裕,19,8,11,凱基-鳳山,2024-08-23,9274
2385,群光,11,0,11,凱基-鳳山,2024-08-23,9274
2882,國泰金,11,0,11,凱基-鳳山,2024-08-23,9274
3498,陽程,11,0,11,凱基-鳳山,2024-08-23,9274
4109,加捷生醫,11,0,11,凱基-鳳山,2024-08-23,9274
8050,廣積,11,0,11,凱基-鳳山,2024-08-23,9274
3455,由田,10,0,10,凱基-鳳山,2024-08-23,9274
4729,熒茂,12,2,10,凱基-鳳山,2024-08-23,9274
4945,陞達科技,10,0,10,凱基-鳳山,2024-08-23,9274
1321,大洋,10,0,10,凱基-鳳山,2024-08-23,9274
2353,宏��,11,1,10,凱基-鳳山,2024-08-23,9274
2429,銘旺科,10,0,10,凱基-鳳山,2024-08-23,9274
2505,國揚,10,0,10,凱基-鳳山,2024-08-23,9274
4919,新唐,10,0,10,凱基-鳳山,2024-08-23,9274
5483,中美晶,10,0,10,凱基-鳳山,2024-08-23,9274
6290,良維,10,0,10,凱基-鳳山,2024-08-23,9274
6578,達邦蛋白,10,0,10,凱基-鳳山,2024-08-23,9274
00927,群益半導體收益,11,2,9,凱基-鳳山,2024-08-23,9274
2888,新光金,4070,3776,294,凱基-鳳山,2024-08-26,9274
00937B,群益ESG投等債20,152,4,148,凱基-鳳山,2024-08-26,9274
00679B,元大美債20年,111,1,110,凱基-鳳山,2024-08-26,9274
00687B,國泰20年美債,164,60,104,凱基-鳳山,2024-08-26,9274
9958,世紀鋼,159,72,87,凱基-鳳山,2024-08-26,9274
00948B,中信優息投資級債,60,0,60,凱基-鳳山,2024-08-26,9274
00675L,富邦臺灣加權正2,52,0,52,凱基-鳳山,2024-08-26,9274
2890,永豐金,51,0,51,凱基-鳳山,2024-08-26,9274
2401,凌陽,45,0,45,凱基-鳳山,2024-08-26,9274
5452,佶優,85,43,42,凱基-鳳山,2024-08-26,9274
2409,友達,57,25,32,凱基-鳳山,2024-08-26,9274
2243,宏旭-KY,30,0,30,凱基-鳳山,2024-08-26,9274
4513,福裕,38,10,28,凱基-鳳山,2024-08-26,9274
2439,美律,25,0,25,凱基-鳳山,2024-08-26,9274
00632R,元大台灣50反1,25,0,25,凱基-鳳山,2024-08-26,9274
8089,康全電訊,25,1,24,凱基-鳳山,2024-08-26,9274
2867,三商壽,45,25,20,凱基-鳳山,2024-08-26,9274
1316,上曜,19,0,19,凱基-鳳山,2024-08-26,9274
6208,日揚,20,2,18,凱基-鳳山,2024-08-26,9274
2392,正崴,17,0,17,凱基-鳳山,2024-08-26,9274
2611,志信,17,0,17,凱基-鳳山,2024-08-26,9274
3047,訊舟,30,13,17,凱基-鳳山,2024-08-26,9274
00919,群益台灣精選高息,18,1,17,凱基-鳳山,2024-08-26,9274
2832,台產,15,0,15,凱基-鳳山,2024-08-26,9274
1519,華城,18,4,14,凱基-鳳山,2024-08-26,9274
8071,能率網通,20,6,14,凱基-鳳山,2024-08-26,9274
3013,晟銘電,20,7,13,凱基-鳳山,2024-08-26,9274
5263,智崴,12,0,12,凱基-鳳山,2024-08-26,9274
2886,兆豐金,16,5,11,凱基-鳳山,2024-08-26,9274
00931B,統一美債20年,11,0,11,凱基-鳳山,2024-08-26,9274
00878,國泰永續高股息,25,15,10,凱基-鳳山,2024-08-26,9274
8299,群聯,10,0,10,凱基-鳳山,2024-08-26,9274
1453,大將,10,0,10,凱基-鳳山,2024-08-26,9274
1456,怡華,10,0,10,凱基-鳳山,2024-08-26,9274
2316,楠梓電,11,1,10,凱基-鳳山,2024-08-26,9274
3587,閎康,10,0,10,凱基-鳳山,2024-08-26,9274
4576,大銀微系統,10,0,10,凱基-鳳山,2024-08-26,9274
6153,嘉聯益,10,0,10,凱基-鳳山,2024-08-26,9274
6405,悅城,11,1,10,凱基-鳳山,2024-08-26,9274
8927,北基,10,0,10,凱基-鳳山,2024-08-26,9274
1785,光洋科,25,15,10,凱基-鳳山,2024-08-26,9274
2323,中環,20,11,9,凱基-鳳山,2024-08-26,9274
2630,亞航,10,1,9,凱基-鳳山,2024-08-26,9274
5512,力麒,10,1,9,凱基-鳳山,2024-08-26,9274
2317,鴻海,17,9,8,凱基-鳳山,2024-08-26,9274
00953B,群益優選非投等債,8,0,8,凱基-鳳山,2024-08-26,9274
1536,和大,9,1,8,凱基-鳳山,2024-08-26,9274
2313,華通,10,2,8,凱基-鳳山,2024-08-26,9274
3056,富華新,8,0,8,凱基-鳳山,2024-08-26,9274
9136,巨騰-DR,8,0,8,凱基-鳳山,2024-08-26,9274
3481,群創,3066,2048,1018,凱基-鳳山,2024-08-27,9274
6015,宏遠證,170,0,170,凱基-鳳山,2024-08-27,9274
00687B,國泰20年美債,120,0,120,凱基-鳳山,2024-08-27,9274
00919,群益台灣精選高息,139,41,98,凱基-鳳山,2024-08-27,9274
2816,旺旺保,88,0,88,凱基-鳳山,2024-08-27,9274
00679B,元大美債20年,63,6,57,凱基-鳳山,2024-08-27,9274
2891,中信金,143,96,47,凱基-鳳山,2024-08-27,9274
2887,台新金,40,9,31,凱基-鳳山,2024-08-27,9274
2344,華邦電,31,3,28,凱基-鳳山,2024-08-27,9274
3036,文曄,26,0,26,凱基-鳳山,2024-08-27,9274
1456,怡華,25,0,25,凱基-鳳山,2024-08-27,9274
2880,華南金,23,0,23,凱基-鳳山,2024-08-27,9274
00936,台新永續高息中小,23,0,23,凱基-鳳山,2024-08-27,9274
5876,上海商銀,22,0,22,凱基-鳳山,2024-08-27,9274
00940,元大台灣價值高息,24,4,20,凱基-鳳山,2024-08-27,9274
4960,誠美材,20,0,20,凱基-鳳山,2024-08-27,9274
2603,長榮,28,8,20,凱基-鳳山,2024-08-27,9274
00881,國泰台灣5G+,19,0,19,凱基-鳳山,2024-08-27,9274
00931B,統一美債20年,19,0,19,凱基-鳳山,2024-08-27,9274
3490,單井,19,0,19,凱基-鳳山,2024-08-27,9274
2515,中工,18,0,18,凱基-鳳山,2024-08-27,9274
8089,康全電訊,21,3,18,凱基-鳳山,2024-08-27,9274
911868,同方友友-DR,17,0,17,凱基-鳳山,2024-08-27,9274
1301,台塑,17,1,16,凱基-鳳山,2024-08-27,9274
3615,安可,39,23,16,凱基-鳳山,2024-08-27,9274
2609,陽明,16,1,15,凱基-鳳山,2024-08-27,9274
2886,兆豐金,14,0,14,凱基-鳳山,2024-08-27,9274
2610,華航,15,1,14,凱基-鳳山,2024-08-27,9274
00673R,期元大S＆P原油反1,13,0,13,凱基-鳳山,2024-08-27,9274
2356,英業達,17,4,13,凱基-鳳山,2024-08-27,9274
3515,華擎,12,0,12,凱基-鳳山,2024-08-27,9274
5469,瀚宇博,14,2,12,凱基-鳳山,2024-08-27,9274
1316,上曜,11,0,11,凱基-鳳山,2024-08-27,9274
4147,中裕,11,0,11,凱基-鳳山,2024-08-27,9274
2317,鴻海,17,6,11,凱基-鳳山,2024-08-27,9274
1569,濱川,20,11,9,凱基-鳳山,2024-08-27,9274
2382,廣達,10,1,9,凱基-鳳山,2024-08-27,9274
2495,普安,10,1,9,凱基-鳳山,2024-08-27,9274
2303,聯電,9,1,8,凱基-鳳山,2024-08-27,9274
00680L,元大美債20正2,16,8,8,凱基-鳳山,2024-08-27,9274
2409,友達,8,0,8,凱基-鳳山,2024-08-27,9274
2851,中再保,8,0,8,凱基-鳳山,2024-08-27,9274
9904,寶成,8,0,8,凱基-鳳山,2024-08-27,9274
2882,國泰金,9,1,8,凱基-鳳山,2024-08-27,9274
2883,凱基金,7,0,7,凱基-鳳山,2024-08-27,9274
8027,鈦昇,11,4,7,凱基-鳳山,2024-08-27,9274
8028,昇陽半導體,23,16,7,凱基-鳳山,2024-08-27,9274
2349,錸德,20,13,7,凱基-鳳山,2024-08-27,9274
2002,中鋼,7,1,6,凱基-鳳山,2024-08-27,9274
6770,力積電,6,0,6,凱基-鳳山,2024-08-27,9274
00687B,國泰20年美債,116,0,116,凱基-鳳山,2024-08-28,9274
1721,三晃,98,0,98,凱基-鳳山,2024-08-28,9274
2888,新光金,281,193,88,凱基-鳳山,2024-08-28,9274
00772B,中信高評級公司債,72,0,72,凱基-鳳山,2024-08-28,9274
00679B,元大美債20年,57,0,57,凱基-鳳山,2024-08-28,9274
6015,宏遠證,55,3,52,凱基-鳳山,2024-08-28,9274
8039,台虹,46,4,42,凱基-鳳山,2024-08-28,9274
00929,復華台灣科技優息,42,3,39,凱基-鳳山,2024-08-28,9274
2867,三商壽,32,0,32,凱基-鳳山,2024-08-28,9274
2401,凌陽,30,1,29,凱基-鳳山,2024-08-28,9274
6282,康舒,29,0,29,凱基-鳳山,2024-08-28,9274
1711,永光,41,13,28,凱基-鳳山,2024-08-28,9274
2337,旺宏,36,8,28,凱基-鳳山,2024-08-28,9274
00680L,元大美債20正2,27,0,27,凱基-鳳山,2024-08-28,9274
8089,康全電訊,25,0,25,凱基-鳳山,2024-08-28,9274
2891,中信金,225,203,22,凱基-鳳山,2024-08-28,9274
3035,智原,22,0,22,凱基-鳳山,2024-08-28,9274
2405,輔信,23,2,21,凱基-鳳山,2024-08-28,9274
8070,長華*,27,7,20,凱基-鳳山,2024-08-28,9274
00673R,期元大S＆P原油反1,20,0,20,凱基-鳳山,2024-08-28,9274
00951,台新日本半導體,20,0,20,凱基-鳳山,2024-08-28,9274
8150,南茂,20,0,20,凱基-鳳山,2024-08-28,9274
9945,潤泰新,20,1,19,凱基-鳳山,2024-08-28,9274
00953B,群益優選非投等債,18,0,18,凱基-鳳山,2024-08-28,9274
2501,國建,20,2,18,凱基-鳳山,2024-08-28,9274
4714,永捷,20,3,17,凱基-鳳山,2024-08-28,9274
6207,雷科,22,5,17,凱基-鳳山,2024-08-28,9274
1303,南亞,16,0,16,凱基-鳳山,2024-08-28,9274
00633L,富邦上証正2,16,0,16,凱基-鳳山,2024-08-28,9274
00632R,元大台灣50反1,15,0,15,凱基-鳳山,2024-08-28,9274
6163,華電網,50,35,15,凱基-鳳山,2024-08-28,9274
6187,萬潤,20,5,15,凱基-鳳山,2024-08-28,9274
00933B,國泰10Y+金融債,16,2,14,凱基-鳳山,2024-08-28,9274
2371,大同,17,3,14,凱基-鳳山,2024-08-28,9274
3312,弘憶股,17,3,14,凱基-鳳山,2024-08-28,9274
00637L,元大滬深300正2,13,0,13,凱基-鳳山,2024-08-28,9274
4540,全球傳動,45,32,13,凱基-鳳山,2024-08-28,9274
8064,東捷,22,9,13,凱基-鳳山,2024-08-28,9274
00931B,統一美債20年,12,0,12,凱基-鳳山,2024-08-28,9274
8080,印鉐,12,0,12,凱基-鳳山,2024-08-28,9274
3363,上詮,27,16,11,凱基-鳳山,2024-08-28,9274
00688L,國泰20年美債正2,11,0,11,凱基-鳳山,2024-08-28,9274
2426,鼎元,14,3,11,凱基-鳳山,2024-08-28,9274
3221,台嘉碩,11,0,11,凱基-鳳山,2024-08-28,9274
8996,高力,15,4,11,凱基-鳳山,2024-08-28,9274
00878,國泰永續高股息,15,4,11,凱基-鳳山,2024-08-28,9274
5443,均豪,20,10,10,凱基-鳳山,2024-08-28,9274
00905,FT臺灣Smart,10,0,10,凱基-鳳山,2024-08-28,9274
020029,元大ESG高股息N,10,0,10,凱基-鳳山,2024-08-28,9274
2537,聯上發,10,0,10,凱基-鳳山,2024-08-28,9274
3481,群創,328,15,313,凱基-鳳山,2024-08-29,9274
00687B,國泰20年美債,151,0,151,凱基-鳳山,2024-08-29,9274
00937B,群益ESG投等債20,147,0,147,凱基-鳳山,2024-08-29,9274
00679B,元大美債20年,141,0,141,凱基-鳳山,2024-08-29,9274
1540,喬福,171,106,65,凱基-鳳山,2024-08-29,9274
3149,正達,78,19,59,凱基-鳳山,2024-08-29,9274
2891,中信金,352,301,51,凱基-鳳山,2024-08-29,9274
00919,群益台灣精選高息,45,6,39,凱基-鳳山,2024-08-29,9274
2883,凱基金,38,0,38,凱基-鳳山,2024-08-29,9274
4510,高鋒,215,180,35,凱基-鳳山,2024-08-29,9274
4906,正文,53,21,32,凱基-鳳山,2024-08-29,9274
00948B,中信優息投資級債,26,0,26,凱基-鳳山,2024-08-29,9274
6288,聯嘉,26,0,26,凱基-鳳山,2024-08-29,9274
2344,華邦電,34,9,25,凱基-鳳山,2024-08-29,9274
6533,晶心科,23,0,23,凱基-鳳山,2024-08-29,9274
1314,中石化,29,6,23,凱基-鳳山,2024-08-29,9274
00933B,國泰10Y+金融債,24,2,22,凱基-鳳山,2024-08-29,9274
1409,新纖,20,0,20,凱基-鳳山,2024-08-29,9274
8464,億豐,21,1,20,凱基-鳳山,2024-08-29,9274
5452,佶優,21,2,19,凱基-鳳山,2024-08-29,9274
00878,國泰永續高股息,19,2,17,凱基-鳳山,2024-08-29,9274
5443,均豪,44,27,17,凱基-鳳山,2024-08-29,9274
8926,台汽電,15,0,15,凱基-鳳山,2024-08-29,9274
2886,兆豐金,15,0,15,凱基-鳳山,2024-08-29,9274
6282,康舒,19,4,15,凱基-鳳山,2024-08-29,9274
2610,華航,14,0,14,凱基-鳳山,2024-08-29,9274
2615,萬海,20,6,14,凱基-鳳山,2024-08-29,9274
3312,弘憶股,17,3,14,凱基-鳳山,2024-08-29,9274
2330,台積電,14,1,13,凱基-鳳山,2024-08-29,9274
1618,合機,13,0,13,凱基-鳳山,2024-08-29,9274
2537,聯上發,13,0,13,凱基-鳳山,2024-08-29,9274
6890,來億-KY,14,1,13,凱基-鳳山,2024-08-29,9274
8039,台虹,18,5,13,凱基-鳳山,2024-08-29,9274
2349,錸德,45,33,12,凱基-鳳山,2024-08-29,9274
6175,立敦,12,0,12,凱基-鳳山,2024-08-29,9274
3231,緯創,23,12,11,凱基-鳳山,2024-08-29,9274
8927,北基,11,0,11,凱基-鳳山,2024-08-29,9274
1528,恩德,11,0,11,凱基-鳳山,2024-08-29,9274
00830,國泰費城半導體,10,0,10,凱基-鳳山,2024-08-29,9274
00931B,統一美債20年,10,0,10,凱基-鳳山,2024-08-29,9274
00940,元大台灣價值高息,10,0,10,凱基-鳳山,2024-08-29,9274
2231,為升,10,0,10,凱基-鳳山,2024-08-29,9274
2457,飛宏,10,0,10,凱基-鳳山,2024-08-29,9274
2543,皇昌,15,5,10,凱基-鳳山,2024-08-29,9274
2913,農林,10,0,10,凱基-鳳山,2024-08-29,9274
3593,力銘,10,0,10,凱基-鳳山,2024-08-29,9274
3615,安可,10,0,10,凱基-鳳山,2024-08-29,9274
4420,光明,10,0,10,凱基-鳳山,2024-08-29,9274
8089,康全電訊,10,0,10,凱基-鳳山,2024-08-29,9274
2402,毅嘉,19,9,10,凱基-鳳山,2024-08-29,9274
2888,新光金,1872,122,1750,凱基-鳳山,2024-08-30,9274
00939,統一台灣高息動能,150,1,149,凱基-鳳山,2024-08-30,9274
00679B,元大美債20年,119,2,117,凱基-鳳山,2024-08-30,9274
6015,宏遠證,110,0,110,凱基-鳳山,2024-08-30,9274
3312,弘憶股,93,3,90,凱基-鳳山,2024-08-30,9274
00688L,國泰20年美債正2,73,0,73,凱基-鳳山,2024-08-30,9274
6257,矽格,63,0,63,凱基-鳳山,2024-08-30,9274
2208,台船,51,1,50,凱基-鳳山,2024-08-30,9274
9958,世紀鋼,117,74,43,凱基-鳳山,2024-08-30,9274
5386,青雲,134,98,36,凱基-鳳山,2024-08-30,9274
3481,群創,116,83,33,凱基-鳳山,2024-08-30,9274
6156,松上,37,6,31,凱基-鳳山,2024-08-30,9274
1303,南亞,34,3,31,凱基-鳳山,2024-08-30,9274
8150,南茂,35,4,31,凱基-鳳山,2024-08-30,9274
2618,長榮航,30,0,30,凱基-鳳山,2024-08-30,9274
4510,高鋒,38,10,28,凱基-鳳山,2024-08-30,9274
6177,達麗,33,6,27,凱基-鳳山,2024-08-30,9274
2891,中信金,26,0,26,凱基-鳳山,2024-08-30,9274
00680L,元大美債20正2,26,0,26,凱基-鳳山,2024-08-30,9274
3037,欣興,29,4,25,凱基-鳳山,2024-08-30,9274
2362,藍天,24,0,24,凱基-鳳山,2024-08-30,9274
1711,永光,46,23,23,凱基-鳳山,2024-08-30,9274
4562,穎漢,27,4,23,凱基-鳳山,2024-08-30,9274
00751B,元大AAA至A公司債,22,0,22,凱基-鳳山,2024-08-30,9274
6282,康舒,29,7,22,凱基-鳳山,2024-08-30,9274
2834,臺企銀,22,3,19,凱基-鳳山,2024-08-30,9274
6016,康和證,20,1,19,凱基-鳳山,2024-08-30,9274
2014,中鴻,20,2,18,凱基-鳳山,2024-08-30,9274
4526,東台,61,44,17,凱基-鳳山,2024-08-30,9274
6449,鈺邦,17,0,17,凱基-鳳山,2024-08-30,9274
00687B,國泰20年美債,16,0,16,凱基-鳳山,2024-08-30,9274
2365,昆盈,20,4,16,凱基-鳳山,2024-08-30,9274
2354,鴻準,17,2,15,凱基-鳳山,2024-08-30,9274
2356,英業達,18,4,14,凱基-鳳山,2024-08-30,9274
1101,台泥,14,0,14,凱基-鳳山,2024-08-30,9274
6213,聯茂,16,3,13,凱基-鳳山,2024-08-30,9274
3049,精金,14,1,13,凱基-鳳山,2024-08-30,9274
3019,亞光,16,5,11,凱基-鳳山,2024-08-30,9274
1527,鑽全,11,0,11,凱基-鳳山,2024-08-30,9274
4147,中裕,11,0,11,凱基-鳳山,2024-08-30,9274
5481,新華,13,2,11,凱基-鳳山,2024-08-30,9274
2382,廣達,13,2,11,凱基-鳳山,2024-08-30,9274
2323,中環,10,0,10,凱基-鳳山,2024-08-30,9274
2425,承啟,65,55,10,凱基-鳳山,2024-08-30,9274
2601,益航,20,10,10,凱基-鳳山,2024-08-30,9274
2605,新興,10,0,10,凱基-鳳山,2024-08-30,9274
4561,健椿,92,82,10,凱基-鳳山,2024-08-30,9274
6126,信音,10,0,10,凱基-鳳山,2024-08-30,9274
6163,華電網,10,0,10,凱基-鳳山,2024-08-30,9274
00878,國泰永續高股息,13,4,9,凱基-鳳山,2024-08-30,9274
8105,凌巨,727,317,410,凱基-鳳山,2024-09-02,9274
00753L,中信中國50正2,402,3,399,凱基-鳳山,2024-09-02,9274
2888,新光金,336,16,320,凱基-鳳山,2024-09-02,9274
3481,群創,200,15,185,凱基-鳳山,2024-09-02,9274
00715L,期街口布蘭特正2,109,0,109,凱基-鳳山,2024-09-02,9274
00918,大華優利高填息30,94,0,94,凱基-鳳山,2024-09-02,9274
1101,台泥,69,0,69,凱基-鳳山,2024-09-02,9274
3149,正達,83,19,64,凱基-鳳山,2024-09-02,9274
00637L,元大滬深300正2,53,0,53,凱基-鳳山,2024-09-02,9274
00680L,元大美債20正2,77,24,53,凱基-鳳山,2024-09-02,9274
1539,巨庭,138,86,52,凱基-鳳山,2024-09-02,9274
00688L,國泰20年美債正2,55,5,50,凱基-鳳山,2024-09-02,9274
00950B,凱基A級公司債,50,0,50,凱基-鳳山,2024-09-02,9274
1456,怡華,50,0,50,凱基-鳳山,2024-09-02,9274
2609,陽明,47,7,40,凱基-鳳山,2024-09-02,9274
00687B,國泰20年美債,34,0,34,凱基-鳳山,2024-09-02,9274
00937B,群益ESG投等債20,33,0,33,凱基-鳳山,2024-09-02,9274
2886,兆豐金,32,1,31,凱基-鳳山,2024-09-02,9274
4566,時碩工業,36,8,28,凱基-鳳山,2024-09-02,9274
8996,高力,84,58,26,凱基-鳳山,2024-09-02,9274
4714,永捷,37,12,25,凱基-鳳山,2024-09-02,9274
00936,台新永續高息中小,24,0,24,凱基-鳳山,2024-09-02,9274
1314,中石化,23,0,23,凱基-鳳山,2024-09-02,9274
2313,華通,29,7,22,凱基-鳳山,2024-09-02,9274
2382,廣達,24,2,22,凱基-鳳山,2024-09-02,9274
6505,台塑化,23,2,21,凱基-鳳山,2024-09-02,9274
00713,元大台灣高息低波,21,0,21,凱基-鳳山,2024-09-02,9274
00751B,元大AAA至A公司債,20,0,20,凱基-鳳山,2024-09-02,9274
2367,燿華,23,3,20,凱基-鳳山,2024-09-02,9274
4513,福裕,23,3,20,凱基-鳳山,2024-09-02,9274
6609,瀧澤科,20,0,20,凱基-鳳山,2024-09-02,9274
2615,萬海,22,4,18,凱基-鳳山,2024-09-02,9274
00959B,大華投等美債15Y+,18,0,18,凱基-鳳山,2024-09-02,9274
2365,昆盈,21,4,17,凱基-鳳山,2024-09-02,9274
1303,南亞,17,0,17,凱基-鳳山,2024-09-02,9274
3356,奇偶,17,0,17,凱基-鳳山,2024-09-02,9274
4154,樂威科-KY,16,0,16,凱基-鳳山,2024-09-02,9274
2812,台中銀,16,1,15,凱基-鳳山,2024-09-02,9274
2603,長榮,17,2,15,凱基-鳳山,2024-09-02,9274
1312,國喬,15,0,15,凱基-鳳山,2024-09-02,9274
4174,浩鼎,15,0,15,凱基-鳳山,2024-09-02,9274
6526,達發,14,0,14,凱基-鳳山,2024-09-02,9274
1711,永光,17,3,14,凱基-鳳山,2024-09-02,9274
1326,台化,13,0,13,凱基-鳳山,2024-09-02,9274
3583,辛耘,13,1,12,凱基-鳳山,2024-09-02,9274
1530,亞崴,12,0,12,凱基-鳳山,2024-09-02,9274
1605,華新,12,0,12,凱基-鳳山,2024-09-02,9274
2887,台新金,16,4,12,凱基-鳳山,2024-09-02,9274
2312,金寶,12,1,11,凱基-鳳山,2024-09-02,9274
00633L,富邦上証正2,11,0,11,凱基-鳳山,2024-09-02,9274
00918,大華優利高填息30,284,4,280,凱基-鳳山,2024-09-03,9274
2344,華邦電,251,0,251,凱基-鳳山,2024-09-03,9274
4566,時碩工業,254,85,169,凱基-鳳山,2024-09-03,9274
00753L,中信中國50正2,140,0,140,凱基-鳳山,2024-09-03,9274
2014,中鴻,107,0,107,凱基-鳳山,2024-09-03,9274
00937B,群益ESG投等債20,112,6,106,凱基-鳳山,2024-09-03,9274
00919,群益台灣精選高息,110,11,99,凱基-鳳山,2024-09-03,9274
00680L,元大美債20正2,92,0,92,凱基-鳳山,2024-09-03,9274
2867,三商壽,91,1,90,凱基-鳳山,2024-09-03,9274
00687B,國泰20年美債,48,0,48,凱基-鳳山,2024-09-03,9274
4513,福裕,55,8,47,凱基-鳳山,2024-09-03,9274
2891,中信金,431,400,31,凱基-鳳山,2024-09-03,9274
6609,瀧澤科,47,22,25,凱基-鳳山,2024-09-03,9274
2002,中鋼,25,1,24,凱基-鳳山,2024-09-03,9274
3479,安勤,29,5,24,凱基-鳳山,2024-09-03,9274
2486,一詮,33,9,24,凱基-鳳山,2024-09-03,9274
9958,世紀鋼,23,1,22,凱基-鳳山,2024-09-03,9274
8089,康全電訊,27,5,22,凱基-鳳山,2024-09-03,9274
00633L,富邦上証正2,21,0,21,凱基-鳳山,2024-09-03,9274
2356,英業達,31,10,21,凱基-鳳山,2024-09-03,9274
2543,皇昌,22,2,20,凱基-鳳山,2024-09-03,9274
3037,欣興,21,2,19,凱基-鳳山,2024-09-03,9274
00915,凱基優選高股息30,16,0,16,凱基-鳳山,2024-09-03,9274
1326,台化,15,0,15,凱基-鳳山,2024-09-03,9274
2542,興富發,15,0,15,凱基-鳳山,2024-09-03,9274
2834,臺企銀,24,9,15,凱基-鳳山,2024-09-03,9274
3041,揚智,13,0,13,凱基-鳳山,2024-09-03,9274
2392,正崴,16,3,13,凱基-鳳山,2024-09-03,9274
00688L,國泰20年美債正2,17,5,12,凱基-鳳山,2024-09-03,9274
2405,輔信,12,0,12,凱基-鳳山,2024-09-03,9274
3490,單井,12,0,12,凱基-鳳山,2024-09-03,9274
3663,鑫科,12,0,12,凱基-鳳山,2024-09-03,9274
8027,鈦昇,21,9,12,凱基-鳳山,2024-09-03,9274
2312,金寶,12,1,11,凱基-鳳山,2024-09-03,9274
2420,新巨,18,7,11,凱基-鳳山,2024-09-03,9274
2836,高雄銀,11,0,11,凱基-鳳山,2024-09-03,9274
8076,伍豐,11,0,11,凱基-鳳山,2024-09-03,9274
6177,達麗,11,0,11,凱基-鳳山,2024-09-03,9274
00950B,凱基A級公司債,10,0,10,凱基-鳳山,2024-09-03,9274
00882,中信中國高股息,10,0,10,凱基-鳳山,2024-09-03,9274
00948B,中信優息投資級債,10,0,10,凱基-鳳山,2024-09-03,9274
1312,國喬,10,0,10,凱基-鳳山,2024-09-03,9274
2889,國票金,10,0,10,凱基-鳳山,2024-09-03,9274
2905,三商,10,0,10,凱基-鳳山,2024-09-03,9274
3163,波若威,14,4,10,凱基-鳳山,2024-09-03,9274
3047,訊舟,17,7,10,凱基-鳳山,2024-09-03,9274
2457,飛宏,10,0,10,凱基-鳳山,2024-09-03,9274
1409,新纖,10,0,10,凱基-鳳山,2024-09-03,9274
2885,元大金,9,0,9,凱基-鳳山,2024-09-03,9274
2367,燿華,45,36,9,凱基-鳳山,2024-09-03,9274
2888,新光金,527,48,479,凱基-鳳山,2024-09-04,9274
1314,中石化,229,8,221,凱基-鳳山,2024-09-04,9274
00715L,期街口布蘭特正2,213,5,208,凱基-鳳山,2024-09-04,9274
00929,復華台灣科技優息,208,19,189,凱基-鳳山,2024-09-04,9274
00940,元大台灣價值高息,210,33,177,凱基-鳳山,2024-09-04,9274
00919,群益台灣精選高息,171,8,163,凱基-鳳山,2024-09-04,9274
2891,中信金,150,0,150,凱基-鳳山,2024-09-04,9274
00878,國泰永續高股息,101,1,100,凱基-鳳山,2024-09-04,9274
00918,大華優利高填息30,191,92,99,凱基-鳳山,2024-09-04,9274
2883,凱基金,102,4,98,凱基-鳳山,2024-09-04,9274
2002,中鋼,68,2,66,凱基-鳳山,2024-09-04,9274
2607,榮運,66,0,66,凱基-鳳山,2024-09-04,9274
3490,單井,63,0,63,凱基-鳳山,2024-09-04,9274
00934,中信成長高股息,56,1,55,凱基-鳳山,2024-09-04,9274
3066,李洲,85,43,42,凱基-鳳山,2024-09-04,9274
1326,台化,39,0,39,凱基-鳳山,2024-09-04,9274
9105,泰金寶-DR,34,0,34,凱基-鳳山,2024-09-04,9274
0056,元大高股息,49,15,34,凱基-鳳山,2024-09-04,9274
006208,富邦台50,35,2,33,凱基-鳳山,2024-09-04,9274
2330,台積電,36,4,32,凱基-鳳山,2024-09-04,9274
2881,富邦金,37,5,32,凱基-鳳山,2024-09-04,9274
00946,群益科技高息成長,32,1,31,凱基-鳳山,2024-09-04,9274
2317,鴻海,44,18,26,凱基-鳳山,2024-09-04,9274
00881,國泰台灣5G+,25,0,25,凱基-鳳山,2024-09-04,9274
1434,福懋,24,0,24,凱基-鳳山,2024-09-04,9274
00631L,元大台灣50正2,36,12,24,凱基-鳳山,2024-09-04,9274
1304,台聚,23,0,23,凱基-鳳山,2024-09-04,9274
00951,台新日本半導體,23,0,23,凱基-鳳山,2024-09-04,9274
1316,上曜,25,2,23,凱基-鳳山,2024-09-04,9274
2344,華邦電,22,0,22,凱基-鳳山,2024-09-04,9274
6456,GIS-KY,22,0,22,凱基-鳳山,2024-09-04,9274
00632R,元大台灣50反1,270,249,21,凱基-鳳山,2024-09-04,9274
2409,友達,21,0,21,凱基-鳳山,2024-09-04,9274
4303,信立,21,0,21,凱基-鳳山,2024-09-04,9274
2834,臺企銀,26,5,21,凱基-鳳山,2024-09-04,9274
2880,華南金,20,0,20,凱基-鳳山,2024-09-04,9274
1456,怡華,20,0,20,凱基-鳳山,2024-09-04,9274
2601,益航,20,0,20,凱基-鳳山,2024-09-04,9274
6168,宏齊,20,0,20,凱基-鳳山,2024-09-04,9274
2402,毅嘉,50,33,17,凱基-鳳山,2024-09-04,9274
00945B,凱基美國非投等債,17,0,17,凱基-鳳山,2024-09-04,9274
00923,群益台ESG低碳50,18,2,16,凱基-鳳山,2024-09-04,9274
2331,精英,16,0,16,凱基-鳳山,2024-09-04,9274
4564,元翎,16,0,16,凱基-鳳山,2024-09-04,9274
6143,振曜,16,0,16,凱基-鳳山,2024-09-04,9274
6770,力積電,20,4,16,凱基-鳳山,2024-09-04,9274
00930,永豐ESG低碳高息,18,3,15,凱基-鳳山,2024-09-04,9274
8021,尖點,15,0,15,凱基-鳳山,2024-09-04,9274
00915,凱基優選高股息30,16,1,15,凱基-鳳山,2024-09-04,9274
0050,元大台灣50,18,3,15,凱基-鳳山,2024-09-04,9274
2888,新光金,619,42,577,凱基-鳳山,2024-09-05,9274
00919,群益台灣精選高息,160,0,160,凱基-鳳山,2024-09-05,9274
00715L,期街口布蘭特正2,142,1,141,凱基-鳳山,2024-09-05,9274
1539,巨庭,130,27,103,凱基-鳳山,2024-09-05,9274
00687B,國泰20年美債,103,7,96,凱基-鳳山,2024-09-05,9274
00940,元大台灣價值高息,84,5,79,凱基-鳳山,2024-09-05,9274
00918,大華優利高填息30,69,0,69,凱基-鳳山,2024-09-05,9274
00937B,群益ESG投等債20,66,3,63,凱基-鳳山,2024-09-05,9274
00929,復華台灣科技優息,62,1,61,凱基-鳳山,2024-09-05,9274
3481,群創,55,2,53,凱基-鳳山,2024-09-05,9274
1314,中石化,42,0,42,凱基-鳳山,2024-09-05,9274
2317,鴻海,50,11,39,凱基-鳳山,2024-09-05,9274
2801,彰銀,39,0,39,凱基-鳳山,2024-09-05,9274
8021,尖點,35,0,35,凱基-鳳山,2024-09-05,9274
00915,凱基優選高股息30,129,100,29,凱基-鳳山,2024-09-05,9274
00878,國泰永續高股息,29,0,29,凱基-鳳山,2024-09-05,9274
1326,台化,26,0,26,凱基-鳳山,2024-09-05,9274
2313,華通,26,0,26,凱基-鳳山,2024-09-05,9274
2002,中鋼,34,10,24,凱基-鳳山,2024-09-05,9274
00713,元大台灣高息低波,24,1,23,凱基-鳳山,2024-09-05,9274
6530,創威,46,25,21,凱基-鳳山,2024-09-05,9274
6288,聯嘉,18,0,18,凱基-鳳山,2024-09-05,9274
00951,台新日本半導體,17,0,17,凱基-鳳山,2024-09-05,9274
2349,錸德,19,2,17,凱基-鳳山,2024-09-05,9274
2610,華航,23,6,17,凱基-鳳山,2024-09-05,9274
00679B,元大美債20年,29,12,17,凱基-鳳山,2024-09-05,9274
1609,大亞,19,4,15,凱基-鳳山,2024-09-05,9274
911868,同方友友-DR,15,0,15,凱基-鳳山,2024-09-05,9274
4576,大銀微系統,17,2,15,凱基-鳳山,2024-09-05,9274
00930,永豐ESG低碳高息,14,0,14,凱基-鳳山,2024-09-05,9274
2356,英業達,14,0,14,凱基-鳳山,2024-09-05,9274
1301,台塑,19,5,14,凱基-鳳山,2024-09-05,9274
2344,華邦電,16,3,13,凱基-鳳山,2024-09-05,9274
2353,宏��,13,0,13,凱基-鳳山,2024-09-05,9274
00946,群益科技高息成長,13,0,13,凱基-鳳山,2024-09-05,9274
6770,力積電,17,4,13,凱基-鳳山,2024-09-05,9274
8277,商丞,14,1,13,凱基-鳳山,2024-09-05,9274
0056,元大高股息,12,0,12,凱基-鳳山,2024-09-05,9274
2402,毅嘉,13,1,12,凱基-鳳山,2024-09-05,9274
8070,長華*,16,5,11,凱基-鳳山,2024-09-05,9274
00712,復華富時不動產,11,0,11,凱基-鳳山,2024-09-05,9274
00932,兆豐永續高息等權,10,0,10,凱基-鳳山,2024-09-05,9274
2328,廣宇,10,0,10,凱基-鳳山,2024-09-05,9274
2426,鼎元,10,0,10,凱基-鳳山,2024-09-05,9274
2820,華票,10,0,10,凱基-鳳山,2024-09-05,9274
2883B,凱基金乙特,10,0,10,凱基-鳳山,2024-09-05,9274
3050,鈺德,10,0,10,凱基-鳳山,2024-09-05,9274
6207,雷科,22,12,10,凱基-鳳山,2024-09-05,9274
8111,立��,11,1,10,凱基-鳳山,2024-09-05,9274
2887,台新金,15,5,10,凱基-鳳山,2024-09-05,9274
00632R,元大台灣50反1,335,0,335,凱基-鳳山,2024-09-06,9274
1314,中石化,204,0,204,凱基-鳳山,2024-09-06,9274
00919,群益台灣精選高息,116,28,88,凱基-鳳山,2024-09-06,9274
8011,台通,67,5,62,凱基-鳳山,2024-09-06,9274
3189,景碩,46,1,45,凱基-鳳山,2024-09-06,9274
00929,復華台灣科技優息,42,0,42,凱基-鳳山,2024-09-06,9274
2609,陽明,40,1,39,凱基-鳳山,2024-09-06,9274
00715L,期街口布蘭特正2,37,0,37,凱基-鳳山,2024-09-06,9274
2002,中鋼,45,9,36,凱基-鳳山,2024-09-06,9274
00953B,群益優選非投等債,32,0,32,凱基-鳳山,2024-09-06,9274
4510,高鋒,65,43,22,凱基-鳳山,2024-09-06,9274
2344,華邦電,24,4,20,凱基-鳳山,2024-09-06,9274
4534,慶騰,20,0,20,凱基-鳳山,2024-09-06,9274
9136,巨騰-DR,19,0,19,凱基-鳳山,2024-09-06,9274
2883,凱基金,18,1,17,凱基-鳳山,2024-09-06,9274
2409,友達,16,0,16,凱基-鳳山,2024-09-06,9274
5481,新華,16,0,16,凱基-鳳山,2024-09-06,9274
00933B,國泰10Y+金融債,16,1,15,凱基-鳳山,2024-09-06,9274
2317,鴻海,20,7,13,凱基-鳳山,2024-09-06,9274
2464,盟立,27,14,13,凱基-鳳山,2024-09-06,9274
00931B,統一美債20年,12,0,12,凱基-鳳山,2024-09-06,9274
3284,太普高,17,5,12,凱基-鳳山,2024-09-06,9274
00951,台新日本半導體,12,0,12,凱基-鳳山,2024-09-06,9274
00937B,群益ESG投等債20,12,1,11,凱基-鳳山,2024-09-06,9274
1456,怡華,11,0,11,凱基-鳳山,2024-09-06,9274
2888,新光金,791,780,11,凱基-鳳山,2024-09-06,9274
9945,潤泰新,12,1,11,凱基-鳳山,2024-09-06,9274
00946,群益科技高息成長,11,1,10,凱基-鳳山,2024-09-06,9274
2014,中鴻,10,0,10,凱基-鳳山,2024-09-06,9274
3605,宏致,11,1,10,凱基-鳳山,2024-09-06,9274
6207,雷科,18,8,10,凱基-鳳山,2024-09-06,9274
9105,泰金寶-DR,10,0,10,凱基-鳳山,2024-09-06,9274
9958,世紀鋼,19,11,8,凱基-鳳山,2024-09-06,9274
00725B,國泰投資級公司債,8,0,8,凱基-鳳山,2024-09-06,9274
3498,陽程,8,0,8,凱基-鳳山,2024-09-06,9274
3017,奇鋐,10,3,7,凱基-鳳山,2024-09-06,9274
1795,美時,7,0,7,凱基-鳳山,2024-09-06,9274
3013,晟銘電,9,2,7,凱基-鳳山,2024-09-06,9274
3031,佰鴻,11,4,7,凱基-鳳山,2024-09-06,9274
2382,廣達,12,6,6,凱基-鳳山,2024-09-06,9274
2027,大成鋼,6,0,6,凱基-鳳山,2024-09-06,9274
3230,錦明,9,3,6,凱基-鳳山,2024-09-06,9274
3714,富采,7,1,6,凱基-鳳山,2024-09-06,9274
8064,東捷,7,1,6,凱基-鳳山,2024-09-06,9274
8086,宏捷科,6,0,6,凱基-鳳山,2024-09-06,9274
00878,國泰永續高股息,13,8,5,凱基-鳳山,2024-09-06,9274
1301,台塑,6,1,5,凱基-鳳山,2024-09-06,9274
3019,亞光,16,11,5,凱基-鳳山,2024-09-06,9274
3037,欣興,6,1,5,凱基-鳳山,2024-09-06,9274
00664R,國泰臺灣加權反1,5,0,5,凱基-鳳山,2024-09-06,9274
00680L,元大美債20正2,432,1,431,凱基-鳳山,2024-09-09,9274
2354,鴻準,109,0,109,凱基-鳳山,2024-09-09,9274
00919,群益台灣精選高息,139,41,98,凱基-鳳山,2024-09-09,9274
00940,元大台灣價值高息,80,9,71,凱基-鳳山,2024-09-09,9274
00929,復華台灣科技優息,125,56,69,凱基-鳳山,2024-09-09,9274
3481,群創,95,27,68,凱基-鳳山,2024-09-09,9274
00878,國泰永續高股息,57,2,55,凱基-鳳山,2024-09-09,9274
4956,光鋐,490,436,54,凱基-鳳山,2024-09-09,9274
2406,國碩,50,0,50,凱基-鳳山,2024-09-09,9274
2426,鼎元,54,4,50,凱基-鳳山,2024-09-09,9274
00715L,期街口布蘭特正2,48,0,48,凱基-鳳山,2024-09-09,9274
2382,廣達,47,0,47,凱基-鳳山,2024-09-09,9274
00687B,國泰20年美債,112,66,46,凱基-鳳山,2024-09-09,9274
5905,南仁湖,48,4,44,凱基-鳳山,2024-09-09,9274
3014,聯陽,48,5,43,凱基-鳳山,2024-09-09,9274
2881,富邦金,42,2,40,凱基-鳳山,2024-09-09,9274
2891,中信金,89,50,39,凱基-鳳山,2024-09-09,9274
2883,凱基金,53,19,34,凱基-鳳山,2024-09-09,9274
0056,元大高股息,37,4,33,凱基-鳳山,2024-09-09,9274
00631L,元大台灣50正2,37,10,27,凱基-鳳山,2024-09-09,9274
2609,陽明,26,1,25,凱基-鳳山,2024-09-09,9274
1326,台化,24,0,24,凱基-鳳山,2024-09-09,9274
3715,定穎投控,29,5,24,凱基-鳳山,2024-09-09,9274
00679B,元大美債20年,50,26,24,凱基-鳳山,2024-09-09,9274
2317,鴻海,25,4,21,凱基-鳳山,2024-09-09,9274
1464,得力,20,0,20,凱基-鳳山,2024-09-09,9274
5521,工信,20,0,20,凱基-鳳山,2024-09-09,9274
00637L,元大滬深300正2,19,0,19,凱基-鳳山,2024-09-09,9274
1569,濱川,20,1,19,凱基-鳳山,2024-09-09,9274
2867,三商壽,21,2,19,凱基-鳳山,2024-09-09,9274
00918,大華優利高填息30,17,0,17,凱基-鳳山,2024-09-09,9274
00881,國泰台灣5G+,17,0,17,凱基-鳳山,2024-09-09,9274
2832,台產,17,0,17,凱基-鳳山,2024-09-09,9274
2820,華票,16,0,16,凱基-鳳山,2024-09-09,9274
3231,緯創,19,3,16,凱基-鳳山,2024-09-09,9274
6505,台塑化,15,0,15,凱基-鳳山,2024-09-09,9274
00951,台新日本半導體,15,0,15,凱基-鳳山,2024-09-09,9274
1305,華夏,15,0,15,凱基-鳳山,2024-09-09,9274
9958,世紀鋼,15,0,15,凱基-鳳山,2024-09-09,9274
2353,宏��,17,2,15,凱基-鳳山,2024-09-09,9274
6609,瀧澤科,16,2,14,凱基-鳳山,2024-09-09,9274
2356,英業達,29,16,13,凱基-鳳山,2024-09-09,9274
3490,單井,13,0,13,凱基-鳳山,2024-09-09,9274
2486,一詮,15,2,13,凱基-鳳山,2024-09-09,9274
2002,中鋼,13,0,13,凱基-鳳山,2024-09-09,9274
1303,南亞,23,11,12,凱基-鳳山,2024-09-09,9274
2882,國泰金,12,0,12,凱基-鳳山,2024-09-09,9274
1540,喬福,17,6,11,凱基-鳳山,2024-09-09,9274
2618,長榮航,12,1,11,凱基-鳳山,2024-09-09,9274
2014,中鴻,10,0,10,凱基-鳳山,2024-09-09,9274
2888,新光金,606,130,476,凱基-鳳山,2024-09-10,9274
00680L,元大美債20正2,159,35,124,凱基-鳳山,2024-09-10,9274
4956,光鋐,304,189,115,凱基-鳳山,2024-09-10,9274
00918,大華優利高填息30,69,0,69,凱基-鳳山,2024-09-10,9274
6207,雷科,61,0,61,凱基-鳳山,2024-09-10,9274
00919,群益台灣精選高息,118,61,57,凱基-鳳山,2024-09-10,9274
8076,伍豐,55,1,54,凱基-鳳山,2024-09-10,9274
2382,廣達,66,15,51,凱基-鳳山,2024-09-10,9274
3481,群創,48,4,44,凱基-鳳山,2024-09-10,9274
2317,鴻海,58,18,40,凱基-鳳山,2024-09-10,9274
00885,富邦越南,38,0,38,凱基-鳳山,2024-09-10,9274
00878,國泰永續高股息,32,2,30,凱基-鳳山,2024-09-10,9274
00687B,國泰20年美債,30,3,27,凱基-鳳山,2024-09-10,9274
2301,光寶科,30,3,27,凱基-鳳山,2024-09-10,9274
8996,高力,47,23,24,凱基-鳳山,2024-09-10,9274
00952,凱基台灣AI50,22,0,22,凱基-鳳山,2024-09-10,9274
3231,緯創,29,9,20,凱基-鳳山,2024-09-10,9274
00632R,元大台灣50反1,20,0,20,凱基-鳳山,2024-09-10,9274
6235,華孚,20,0,20,凱基-鳳山,2024-09-10,9274
2514,龍邦,18,0,18,凱基-鳳山,2024-09-10,9274
00937B,群益ESG投等債20,31,14,17,凱基-鳳山,2024-09-10,9274
2360,致茂,17,0,17,凱基-鳳山,2024-09-10,9274
4989,榮科,17,0,17,凱基-鳳山,2024-09-10,9274
1717,長興,15,0,15,凱基-鳳山,2024-09-10,9274
1464,得力,15,0,15,凱基-鳳山,2024-09-10,9274
3014,聯陽,15,0,15,凱基-鳳山,2024-09-10,9274
1609,大亞,18,4,14,凱基-鳳山,2024-09-10,9274
2882,國泰金,12,0,12,凱基-鳳山,2024-09-10,9274
3037,欣興,14,2,12,凱基-鳳山,2024-09-10,9274
3041,揚智,12,0,12,凱基-鳳山,2024-09-10,9274
4526,東台,11,0,11,凱基-鳳山,2024-09-10,9274
00951,台新日本半導體,21,10,11,凱基-鳳山,2024-09-10,9274
1316,上曜,11,0,11,凱基-鳳山,2024-09-10,9274
2027,大成鋼,11,0,11,凱基-鳳山,2024-09-10,9274
4564,元翎,11,0,11,凱基-鳳山,2024-09-10,9274
00900,富邦特選高股息30,11,0,11,凱基-鳳山,2024-09-10,9274
1569,濱川,10,0,10,凱基-鳳山,2024-09-10,9274
3376,新日興,11,1,10,凱基-鳳山,2024-09-10,9274
5905,南仁湖,10,0,10,凱基-鳳山,2024-09-10,9274
00946,群益科技高息成長,9,0,9,凱基-鳳山,2024-09-10,9274
00881,國泰台灣5G+,9,0,9,凱基-鳳山,2024-09-10,9274
2002,中鋼,10,1,9,凱基-鳳山,2024-09-10,9274
2303,聯電,9,0,9,凱基-鳳山,2024-09-10,9274
2867,三商壽,9,0,9,凱基-鳳山,2024-09-10,9274
2883,凱基金,12,3,9,凱基-鳳山,2024-09-10,9274
1301,台塑,10,2,8,凱基-鳳山,2024-09-10,9274
00915,凱基優選高股息30,8,0,8,凱基-鳳山,2024-09-10,9274
6806,森崴能源,8,0,8,凱基-鳳山,2024-09-10,9274
6274,台燿,10,2,8,凱基-鳳山,2024-09-10,9274
6530,創威,30,22,8,凱基-鳳山,2024-09-10,9274
00632R,元大台灣50反1,70,0,70,凱基-鳳山,2024-09-11,9274
00715L,期街口布蘭特正2,66,15,51,凱基-鳳山,2024-09-11,9274
2883,凱基金,49,3,46,凱基-鳳山,2024-09-11,9274
00918,大華優利高填息30,40,0,40,凱基-鳳山,2024-09-11,9274
00919,群益台灣精選高息,35,1,34,凱基-鳳山,2024-09-11,9274
00687B,國泰20年美債,34,0,34,凱基-鳳山,2024-09-11,9274
9904,寶成,31,0,31,凱基-鳳山,2024-09-11,9274
00712,復華富時不動產,28,0,28,凱基-鳳山,2024-09-11,9274
00878,國泰永續高股息,27,1,26,凱基-鳳山,2024-09-11,9274
6443,元晶,25,0,25,凱基-鳳山,2024-09-11,9274
3284,太普高,24,0,24,凱基-鳳山,2024-09-11,9274
00915,凱基優選高股息30,24,0,24,凱基-鳳山,2024-09-11,9274
006208,富邦台50,22,0,22,凱基-鳳山,2024-09-11,9274
00940,元大台灣價值高息,22,0,22,凱基-鳳山,2024-09-11,9274
6838,台新藥,21,0,21,凱基-鳳山,2024-09-11,9274
1456,怡華,20,0,20,凱基-鳳山,2024-09-11,9274
9105,泰金寶-DR,20,0,20,凱基-鳳山,2024-09-11,9274
8021,尖點,19,0,19,凱基-鳳山,2024-09-11,9274
3014,聯陽,18,0,18,凱基-鳳山,2024-09-11,9274
5483,中美晶,18,0,18,凱基-鳳山,2024-09-11,9274
00921,兆豐龍頭等權重,18,1,17,凱基-鳳山,2024-09-11,9274
6152,百一,22,5,17,凱基-鳳山,2024-09-11,9274
2421,建準,16,0,16,凱基-鳳山,2024-09-11,9274
0056,元大高股息,17,1,16,凱基-鳳山,2024-09-11,9274
00929,復華台灣科技優息,17,4,13,凱基-鳳山,2024-09-11,9274
3715,定穎投控,17,4,13,凱基-鳳山,2024-09-11,9274
00907,永豐優息存股,12,0,12,凱基-鳳山,2024-09-11,9274
00931B,統一美債20年,41,30,11,凱基-鳳山,2024-09-11,9274
00933B,國泰10Y+金融債,11,0,11,凱基-鳳山,2024-09-11,9274
2605,新興,11,0,11,凱基-鳳山,2024-09-11,9274
2880,華南金,11,0,11,凱基-鳳山,2024-09-11,9274
3047,訊舟,19,8,11,凱基-鳳山,2024-09-11,9274
00882,中信中國高股息,21,10,11,凱基-鳳山,2024-09-11,9274
2356,英業達,10,0,10,凱基-鳳山,2024-09-11,9274
1513,中興電,13,3,10,凱基-鳳山,2024-09-11,9274
1527,鑽全,10,0,10,凱基-鳳山,2024-09-11,9274
4714,永捷,11,1,10,凱基-鳳山,2024-09-11,9274
00905,FT臺灣Smart,9,0,9,凱基-鳳山,2024-09-11,9274
4402,郡都開發,9,0,9,凱基-鳳山,2024-09-11,9274
2243,宏旭-KY,9,1,8,凱基-鳳山,2024-09-11,9274
6869,雲豹能源,8,0,8,凱基-鳳山,2024-09-11,9274
00688L,國泰20年美債正2,18,11,7,凱基-鳳山,2024-09-11,9274
1522,堤維西,10,3,7,凱基-鳳山,2024-09-11,9274
2062,橋椿,9,2,7,凱基-鳳山,2024-09-11,9274
3360,尚立,8,1,7,凱基-鳳山,2024-09-11,9274
2912,統一超,6,0,6,凱基-鳳山,2024-09-11,9274
00642U,期元大S＆P石油,6,0,6,凱基-鳳山,2024-09-11,9274
00934,中信成長高股息,6,0,6,凱基-鳳山,2024-09-11,9274
2439,美律,6,0,6,凱基-鳳山,2024-09-11,9274
2851,中再保,6,0,6,凱基-鳳山,2024-09-11,9274
3014,聯陽,90,2,88,凱基-鳳山,2024-09-12,9274
2464,盟立,72,4,68,凱基-鳳山,2024-09-12,9274
6285,啟��,61,0,61,凱基-鳳山,2024-09-12,9274
1336,台翰,60,0,60,凱基-鳳山,2024-09-12,9274
6152,百一,103,43,60,凱基-鳳山,2024-09-12,9274
00919,群益台灣精選高息,61,4,57,凱基-鳳山,2024-09-12,9274
00687B,國泰20年美債,61,11,50,凱基-鳳山,2024-09-12,9274
00915,凱基優選高股息30,48,0,48,凱基-鳳山,2024-09-12,9274
00688L,國泰20年美債正2,32,0,32,凱基-鳳山,2024-09-12,9274
2497,怡利電,40,8,32,凱基-鳳山,2024-09-12,9274
1326,台化,30,0,30,凱基-鳳山,2024-09-12,9274
6133,金橋,26,0,26,凱基-鳳山,2024-09-12,9274
6405,悅城,32,6,26,凱基-鳳山,2024-09-12,9274
4935,茂林-KY,22,0,22,凱基-鳳山,2024-09-12,9274
2618,長榮航,22,0,22,凱基-鳳山,2024-09-12,9274
00953B,群益優選非投等債,20,0,20,凱基-鳳山,2024-09-12,9274
8155,博智,20,1,19,凱基-鳳山,2024-09-12,9274
2408,南亞科,23,5,18,凱基-鳳山,2024-09-12,9274
2834,臺企銀,17,0,17,凱基-鳳山,2024-09-12,9274
3374,精材,18,2,16,凱基-鳳山,2024-09-12,9274
2313,華通,23,7,16,凱基-鳳山,2024-09-12,9274
00937B,群益ESG投等債20,17,2,15,凱基-鳳山,2024-09-12,9274
2014,中鴻,20,6,14,凱基-鳳山,2024-09-12,9274
00931B,統一美債20年,23,10,13,凱基-鳳山,2024-09-12,9274
00733,富邦臺灣中小,13,0,13,凱基-鳳山,2024-09-12,9274
2402,毅嘉,22,10,12,凱基-鳳山,2024-09-12,9274
8401,白紗科,11,0,11,凱基-鳳山,2024-09-12,9274
8299,群聯,10,0,10,凱基-鳳山,2024-09-12,9274
1312,國喬,10,0,10,凱基-鳳山,2024-09-12,9274
2889,國票金,10,0,10,凱基-鳳山,2024-09-12,9274
5481,新華,10,0,10,凱基-鳳山,2024-09-12,9274
6142,友勁,10,0,10,凱基-鳳山,2024-09-12,9274
6838,台新藥,10,0,10,凱基-鳳山,2024-09-12,9274
00905,FT臺灣Smart,10,1,9,凱基-鳳山,2024-09-12,9274
5347,世界,9,0,9,凱基-鳳山,2024-09-12,9274
8438,昶昕,9,0,9,凱基-鳳山,2024-09-12,9274
3189,景碩,21,12,9,凱基-鳳山,2024-09-12,9274
2891,中信金,17,8,9,凱基-鳳山,2024-09-12,9274
00679B,元大美債20年,9,0,9,凱基-鳳山,2024-09-12,9274
2887,台新金,12,4,8,凱基-鳳山,2024-09-12,9274
1569,濱川,8,0,8,凱基-鳳山,2024-09-12,9274
1785,光洋科,7,0,7,凱基-鳳山,2024-09-12,9274
3149,正達,7,0,7,凱基-鳳山,2024-09-12,9274
2540,愛山林,8,2,6,凱基-鳳山,2024-09-12,9274
00751B,元大AAA至A公司債,6,0,6,凱基-鳳山,2024-09-12,9274
1795,美時,6,0,6,凱基-鳳山,2024-09-12,9274
3481,群創,18,12,6,凱基-鳳山,2024-09-12,9274
3551,世禾,6,0,6,凱基-鳳山,2024-09-12,9274
4542,科嶠,6,0,6,凱基-鳳山,2024-09-12,9274
3227,原相,14,8,6,凱基-鳳山,2024-09-12,9274
00680L,元大美債20正2,255,0,255,凱基-鳳山,2024-09-13,9274
00918,大華優利高填息30,89,5,84,凱基-鳳山,2024-09-13,9274
00929,復華台灣科技優息,73,0,73,凱基-鳳山,2024-09-13,9274
00687B,國泰20年美債,58,0,58,凱基-鳳山,2024-09-13,9274
2399,映泰,59,18,41,凱基-鳳山,2024-09-13,9274
00930,永豐ESG低碳高息,40,0,40,凱基-鳳山,2024-09-13,9274
00948B,中信優息投資級債,30,0,30,凱基-鳳山,2024-09-13,9274
00931B,統一美債20年,29,0,29,凱基-鳳山,2024-09-13,9274
8011,台通,22,0,22,凱基-鳳山,2024-09-13,9274
2605,新興,20,0,20,凱基-鳳山,2024-09-13,9274
3049,精金,20,0,20,凱基-鳳山,2024-09-13,9274
4714,永捷,21,1,20,凱基-鳳山,2024-09-13,9274
00937B,群益ESG投等債20,15,0,15,凱基-鳳山,2024-09-13,9274
00751B,元大AAA至A公司債,15,0,15,凱基-鳳山,2024-09-13,9274
2365,昆盈,30,15,15,凱基-鳳山,2024-09-13,9274
3014,聯陽,15,0,15,凱基-鳳山,2024-09-13,9274
00679B,元大美債20年,16,2,14,凱基-鳳山,2024-09-13,9274
6279,胡連,14,1,13,凱基-鳳山,2024-09-13,9274
4979,華星光,32,19,13,凱基-鳳山,2024-09-13,9274
00878,國泰永續高股息,11,0,11,凱基-鳳山,2024-09-13,9274
2834,臺企銀,13,2,11,凱基-鳳山,2024-09-13,9274
2489,瑞軒,10,0,10,凱基-鳳山,2024-09-13,9274
1727,中華化,10,0,10,凱基-鳳山,2024-09-13,9274
2308,台達電,10,0,10,凱基-鳳山,2024-09-13,9274
2634,漢翔,10,0,10,凱基-鳳山,2024-09-13,9274
5452,佶優,10,0,10,凱基-鳳山,2024-09-13,9274
2609,陽明,14,5,9,凱基-鳳山,2024-09-13,9274
8070,長華*,22,13,9,凱基-鳳山,2024-09-13,9274
8039,台虹,10,2,8,凱基-鳳山,2024-09-13,9274
1540,喬福,37,29,8,凱基-鳳山,2024-09-13,9274
2317,鴻海,11,3,8,凱基-鳳山,2024-09-13,9274
1303,南亞,9,2,7,凱基-鳳山,2024-09-13,9274
00915,凱基優選高股息30,8,1,7,凱基-鳳山,2024-09-13,9274
1447,力鵬,8,1,7,凱基-鳳山,2024-09-13,9274
1569,濱川,7,0,7,凱基-鳳山,2024-09-13,9274
6643,M31,7,0,7,凱基-鳳山,2024-09-13,9274
00946,群益科技高息成長,7,1,6,凱基-鳳山,2024-09-13,9274
00950B,凱基A級公司債,6,0,6,凱基-鳳山,2024-09-13,9274
9958,世紀鋼,6,0,6,凱基-鳳山,2024-09-13,9274
00902,中信電池及儲能,5,0,5,凱基-鳳山,2024-09-13,9274
00720B,元大投資級公司債,5,0,5,凱基-鳳山,2024-09-13,9274
6122,擎邦,5,0,5,凱基-鳳山,2024-09-13,9274
8150,南茂,5,0,5,凱基-鳳山,2024-09-13,9274
8176,智捷,5,0,5,凱基-鳳山,2024-09-13,9274
3044,健鼎,4,0,4,凱基-鳳山,2024-09-13,9274
2883,凱基金,5,1,4,凱基-鳳山,2024-09-13,9274
00688L,國泰20年美債正2,6,2,4,凱基-鳳山,2024-09-13,9274
1711,永光,8,4,4,凱基-鳳山,2024-09-13,9274
3013,晟銘電,7,3,4,凱基-鳳山,2024-09-13,9274
3066,李洲,4,0,4,凱基-鳳山,2024-09-13,9274
00919,群益台灣精選高息,356,15,341,凱基-鳳山,2024-09-16,9274
00632R,元大台灣50反1,205,10,195,凱基-鳳山,2024-09-16,9274
00933B,國泰10Y+金融債,112,2,110,凱基-鳳山,2024-09-16,9274
2891,中信金,106,1,105,凱基-鳳山,2024-09-16,9274
00945B,凱基美國非投等債,65,5,60,凱基-鳳山,2024-09-16,9274
3607,谷崧,48,0,48,凱基-鳳山,2024-09-16,9274
00918,大華優利高填息30,41,0,41,凱基-鳳山,2024-09-16,9274
00751B,元大AAA至A公司債,40,0,40,凱基-鳳山,2024-09-16,9274
00931B,統一美債20年,35,0,35,凱基-鳳山,2024-09-16,9274
00929,復華台灣科技優息,46,12,34,凱基-鳳山,2024-09-16,9274
8996,高力,33,3,30,凱基-鳳山,2024-09-16,9274
6838,台新藥,22,0,22,凱基-鳳山,2024-09-16,9274
1307,三芳,20,0,20,凱基-鳳山,2024-09-16,9274
3050,鈺德,22,2,20,凱基-鳳山,2024-09-16,9274
6164,華興,20,0,20,凱基-鳳山,2024-09-16,9274
2313,華通,21,3,18,凱基-鳳山,2024-09-16,9274
2603,長榮,18,0,18,凱基-鳳山,2024-09-16,9274
2881,富邦金,20,2,18,凱基-鳳山,2024-09-16,9274
00878,國泰永續高股息,19,2,17,凱基-鳳山,2024-09-16,9274
00915,凱基優選高股息30,16,0,16,凱基-鳳山,2024-09-16,9274
2314,台揚,16,0,16,凱基-鳳山,2024-09-16,9274
1718,中纖,40,25,15,凱基-鳳山,2024-09-16,9274
00715L,期街口布蘭特正2,14,0,14,凱基-鳳山,2024-09-16,9274
1785,光洋科,49,35,14,凱基-鳳山,2024-09-16,9274
2393,億光,16,2,14,凱基-鳳山,2024-09-16,9274
3360,尚立,14,0,14,凱基-鳳山,2024-09-16,9274
00687B,國泰20年美債,84,71,13,凱基-鳳山,2024-09-16,9274
8074,鉅橡,15,2,13,凱基-鳳山,2024-09-16,9274
6120,達運,16,5,11,凱基-鳳山,2024-09-16,9274
2360,致茂,13,2,11,凱基-鳳山,2024-09-16,9274
1605,華新,10,0,10,凱基-鳳山,2024-09-16,9274
2431,聯昌,10,0,10,凱基-鳳山,2024-09-16,9274
2889,國票金,10,0,10,凱基-鳳山,2024-09-16,9274
3615,安可,10,0,10,凱基-鳳山,2024-09-16,9274
4746,台耀,10,0,10,凱基-鳳山,2024-09-16,9274
6279,胡連,10,0,10,凱基-鳳山,2024-09-16,9274
6742,澤米,10,0,10,凱基-鳳山,2024-09-16,9274
00900,富邦特選高股息30,10,1,9,凱基-鳳山,2024-09-16,9274
2392,正崴,9,0,9,凱基-鳳山,2024-09-16,9274
00688L,國泰20年美債正2,10,2,8,凱基-鳳山,2024-09-16,9274
2481,強茂,10,2,8,凱基-鳳山,2024-09-16,9274
00885,富邦越南,7,0,7,凱基-鳳山,2024-09-16,9274
4130,健亞,7,0,7,凱基-鳳山,2024-09-16,9274
5481,新華,9,2,7,凱基-鳳山,2024-09-16,9274
6770,力積電,8,1,7,凱基-鳳山,2024-09-16,9274
00857B,永豐20年美公債,6,0,6,凱基-鳳山,2024-09-16,9274
2337,旺宏,36,30,6,凱基-鳳山,2024-09-16,9274
2408,南亞科,6,0,6,凱基-鳳山,2024-09-16,9274
3037,欣興,6,0,6,凱基-鳳山,2024-09-16,9274
9105,泰金寶-DR,11,5,6,凱基-鳳山,2024-09-16,9274
00929,復華台灣科技優息,429,60,369,凱基-鳳山,2024-09-18,9274
00680L,元大美債20正2,491,136,355,凱基-鳳山,2024-09-18,9274
3550,聯穎,249,56,193,凱基-鳳山,2024-09-18,9274
2884,玉山金,123,1,122,凱基-鳳山,2024-09-18,9274
3481,群創,177,74,103,凱基-鳳山,2024-09-18,9274
00687B,國泰20年美債,101,9,92,凱基-鳳山,2024-09-18,9274
2409,友達,71,3,68,凱基-鳳山,2024-09-18,9274
00918,大華優利高填息30,62,0,62,凱基-鳳山,2024-09-18,9274
2477,美隆電,172,122,50,凱基-鳳山,2024-09-18,9274
2317,鴻海,52,9,43,凱基-鳳山,2024-09-18,9274
00919,群益台灣精選高息,70,27,43,凱基-鳳山,2024-09-18,9274
2337,旺宏,39,2,37,凱基-鳳山,2024-09-18,9274
1569,濱川,35,0,35,凱基-鳳山,2024-09-18,9274
2816,旺旺保,35,0,35,凱基-鳳山,2024-09-18,9274
1717,長興,64,29,35,凱基-鳳山,2024-09-18,9274
6443,元晶,36,3,33,凱基-鳳山,2024-09-18,9274
00713,元大台灣高息低波,25,1,24,凱基-鳳山,2024-09-18,9274
1314,中石化,26,3,23,凱基-鳳山,2024-09-18,9274
2426,鼎元,28,5,23,凱基-鳳山,2024-09-18,9274
6530,創威,50,28,22,凱基-鳳山,2024-09-18,9274
6838,台新藥,22,0,22,凱基-鳳山,2024-09-18,9274
3034,聯詠,22,1,21,凱基-鳳山,2024-09-18,9274
2312,金寶,20,0,20,凱基-鳳山,2024-09-18,9274
6104,創惟,25,5,20,凱基-鳳山,2024-09-18,9274
00763U,期街口道瓊銅,18,0,18,凱基-鳳山,2024-09-18,9274
6274,台燿,20,2,18,凱基-鳳山,2024-09-18,9274
0056,元大高股息,20,4,16,凱基-鳳山,2024-09-18,9274
00881,國泰台灣5G+,16,0,16,凱基-鳳山,2024-09-18,9274
00631L,元大台灣50正2,16,0,16,凱基-鳳山,2024-09-18,9274
00878,國泰永續高股息,31,16,15,凱基-鳳山,2024-09-18,9274
00948B,中信優息投資級債,16,0,16,凱基-鳳山,2024-09-18,9274
00931B,統一美債20年,15,0,15,凱基-鳳山,2024-09-18,9274
2313,華通,20,5,15,凱基-鳳山,2024-09-18,9274
4971,IET-KY,15,0,15,凱基-鳳山,2024-09-18,9274
00907,永豐優息存股,15,0,15,凱基-鳳山,2024-09-18,9274
3017,奇鋐,15,1,14,凱基-鳳山,2024-09-18,9274
3312,弘憶股,14,0,14,凱基-鳳山,2024-09-18,9274
5460,同協,18,4,14,凱基-鳳山,2024-09-18,9274
8039,台虹,14,0,14,凱基-鳳山,2024-09-18,9274
8111,立��,14,0,14,凱基-鳳山,2024-09-18,9274
1785,光洋科,51,38,13,凱基-鳳山,2024-09-18,9274
9904,寶成,13,0,13,凱基-鳳山,2024-09-18,9274
3062,建漢,26,14,12,凱基-鳳山,2024-09-18,9274
2349,錸德,24,12,12,凱基-鳳山,2024-09-18,9274
00933B,國泰10Y+金融債,12,0,12,凱基-鳳山,2024-09-18,9274
3607,谷崧,15,3,12,凱基-鳳山,2024-09-18,9274
3227,原相,17,6,11,凱基-鳳山,2024-09-18,9274
2408,南亞科,11,0,11,凱基-鳳山,2024-09-18,9274
2449,京元電子,11,0,11,凱基-鳳山,2024-09-18,9274
00751B,元大AAA至A公司債,10,0,10,凱基-鳳山,2024-09-18,9274
2515,中工,625,0,625,凱基-鳳山,2024-09-19,9274
00937B,群益ESG投等債20,146,17,129,凱基-鳳山,2024-09-19,9274
00915,凱基優選高股息30,64,0,64,凱基-鳳山,2024-09-19,9274
2477,美隆電,61,5,56,凱基-鳳山,2024-09-19,9274
00919,群益台灣精選高息,50,0,50,凱基-鳳山,2024-09-19,9274
00680L,元大美債20正2,69,24,45,凱基-鳳山,2024-09-19,9274
2401,凌陽,45,0,45,凱基-鳳山,2024-09-19,9274
3149,正達,41,1,40,凱基-鳳山,2024-09-19,9274
8011,台通,40,3,37,凱基-鳳山,2024-09-19,9274
2609,陽明,35,4,31,凱基-鳳山,2024-09-19,9274
3014,聯陽,31,1,30,凱基-鳳山,2024-09-19,9274
00885,富邦越南,30,0,30,凱基-鳳山,2024-09-19,9274
00918,大華優利高填息30,44,20,24,凱基-鳳山,2024-09-19,9274
2537,聯上發,23,1,22,凱基-鳳山,2024-09-19,9274
00929,復華台灣科技優息,37,16,21,凱基-鳳山,2024-09-19,9274
6443,元晶,20,0,20,凱基-鳳山,2024-09-19,9274
6838,台新藥,20,0,20,凱基-鳳山,2024-09-19,9274
8028,昇陽半導體,16,0,16,凱基-鳳山,2024-09-19,9274
00948B,中信優息投資級債,16,0,16,凱基-鳳山,2024-09-19,9274
00952,凱基台灣AI50,17,2,15,凱基-鳳山,2024-09-19,9274
00930,永豐ESG低碳高息,17,2,15,凱基-鳳山,2024-09-19,9274
2344,華邦電,13,1,12,凱基-鳳山,2024-09-19,9274
2426,鼎元,16,4,12,凱基-鳳山,2024-09-19,9274
6609,瀧澤科,24,12,12,凱基-鳳山,2024-09-19,9274
00713,元大台灣高息低波,11,0,11,凱基-鳳山,2024-09-19,9274
1569,濱川,11,0,11,凱基-鳳山,2024-09-19,9274
6216,居易,12,1,11,凱基-鳳山,2024-09-19,9274
00931B,統一美債20年,16,6,10,凱基-鳳山,2024-09-19,9274
0056,元大高股息,10,0,10,凱基-鳳山,2024-09-19,9274
00934,中信成長高股息,10,0,10,凱基-鳳山,2024-09-19,9274
00712,復華富時不動產,10,0,10,凱基-鳳山,2024-09-19,9274
2312,金寶,20,10,10,凱基-鳳山,2024-09-19,9274
6134,萬旭,10,0,10,凱基-鳳山,2024-09-19,9274
912000,晨訊科-DR,10,0,10,凱基-鳳山,2024-09-19,9274
3711,日月光投控,12,2,10,凱基-鳳山,2024-09-19,9274
00946,群益科技高息成長,10,1,9,凱基-鳳山,2024-09-19,9274
00688L,國泰20年美債正2,16,7,9,凱基-鳳山,2024-09-19,9274
00753L,中信中國50正2,13,4,9,凱基-鳳山,2024-09-19,9274
5230,雷笛克光學,9,0,9,凱基-鳳山,2024-09-19,9274
6150,撼訊,9,0,9,凱基-鳳山,2024-09-19,9274
6120,達運,8,0,8,凱基-鳳山,2024-09-19,9274
3583,辛耘,12,4,8,凱基-鳳山,2024-09-19,9274
4716,大立,20,12,8,凱基-鳳山,2024-09-19,9274
00857B,永豐20年美公債,8,1,7,凱基-鳳山,2024-09-19,9274
1609,大亞,9,2,7,凱基-鳳山,2024-09-19,9274
00933B,國泰10Y+金融債,7,0,7,凱基-鳳山,2024-09-19,9274
3013,晟銘電,15,8,7,凱基-鳳山,2024-09-19,9274
3260,威剛,7,0,7,凱基-鳳山,2024-09-19,9274
4956,光鋐,8,1,7,凱基-鳳山,2024-09-19,9274
4971,IET-KY,10,3,7,凱基-鳳山,2024-09-19,9274
00919,群益台灣精選高息,599,204,395,凱基-鳳山,2024-09-20,9274
00673R,期元大S＆P原油反1,300,0,300,凱基-鳳山,2024-09-20,9274
2515,中工,284,0,284,凱基-鳳山,2024-09-20,9274
00937B,群益ESG投等債20,211,20,191,凱基-鳳山,2024-09-20,9274
00929,復華台灣科技優息,209,28,181,凱基-鳳山,2024-09-20,9274
3550,聯穎,305,175,130,凱基-鳳山,2024-09-20,9274
2887,台新金,109,3,106,凱基-鳳山,2024-09-20,9274
2889,國票金,104,0,104,凱基-鳳山,2024-09-20,9274
2344,華邦電,105,1,104,凱基-鳳山,2024-09-20,9274
5905,南仁湖,87,7,80,凱基-鳳山,2024-09-20,9274
2891,中信金,138,73,65,凱基-鳳山,2024-09-20,9274
8070,長華*,71,12,59,凱基-鳳山,2024-09-20,9274
3014,聯陽,56,0,56,凱基-鳳山,2024-09-20,9274
00679B,元大美債20年,63,12,51,凱基-鳳山,2024-09-20,9274
1316,上曜,55,10,45,凱基-鳳山,2024-09-20,9274
8011,台通,42,0,42,凱基-鳳山,2024-09-20,9274
2477,美隆電,66,27,39,凱基-鳳山,2024-09-20,9274
00632R,元大台灣50反1,45,14,31,凱基-鳳山,2024-09-20,9274
2101,南港,32,2,30,凱基-鳳山,2024-09-20,9274
2401,凌陽,30,0,30,凱基-鳳山,2024-09-20,9274
9958,世紀鋼,79,49,30,凱基-鳳山,2024-09-20,9274
00930,永豐ESG低碳高息,27,0,27,凱基-鳳山,2024-09-20,9274
5483,中美晶,25,0,25,凱基-鳳山,2024-09-20,9274
2408,南亞科,22,0,22,凱基-鳳山,2024-09-20,9274
00753L,中信中國50正2,20,0,20,凱基-鳳山,2024-09-20,9274
1453,大將,20,0,20,凱基-鳳山,2024-09-20,9274
00907,永豐優息存股,22,3,19,凱基-鳳山,2024-09-20,9274
3312,弘憶股,20,1,19,凱基-鳳山,2024-09-20,9274
5534,長虹,21,2,19,凱基-鳳山,2024-09-20,9274
00915,凱基優選高股息30,20,2,18,凱基-鳳山,2024-09-20,9274
3230,錦明,22,4,18,凱基-鳳山,2024-09-20,9274
2464,盟立,60,43,17,凱基-鳳山,2024-09-20,9274
1785,光洋科,77,61,16,凱基-鳳山,2024-09-20,9274
8076,伍豐,20,4,16,凱基-鳳山,2024-09-20,9274
00885,富邦越南,30,15,15,凱基-鳳山,2024-09-20,9274
1709,和益,23,8,15,凱基-鳳山,2024-09-20,9274
2883,凱基金,24,9,15,凱基-鳳山,2024-09-20,9274
2349,錸德,14,0,14,凱基-鳳山,2024-09-20,9274
2816,旺旺保,13,0,13,凱基-鳳山,2024-09-20,9274
2356,英業達,16,4,12,凱基-鳳山,2024-09-20,9274
2355,敬鵬,12,0,12,凱基-鳳山,2024-09-20,9274
00680L,元大美債20正2,13,2,11,凱基-鳳山,2024-09-20,9274
2303,聯電,14,3,11,凱基-鳳山,2024-09-20,9274
4714,永捷,23,12,11,凱基-鳳山,2024-09-20,9274
2812,台中銀,10,0,10,凱基-鳳山,2024-09-20,9274
3209,全科,10,0,10,凱基-鳳山,2024-09-20,9274
6117,迎廣,10,0,10,凱基-鳳山,2024-09-20,9274
8213,志超,10,0,10,凱基-鳳山,2024-09-20,9274
00713,元大台灣高息低波,10,0,10,凱基-鳳山,2024-09-20,9274
3056,富華新,10,0,10,凱基-鳳山,2024-09-20,9274
00753L,中信中國50正2,200,0,200,凱基-鳳山,2024-09-23,9274
2515,中工,131,16,115,凱基-鳳山,2024-09-23,9274
00960,野村全球航運龍頭,104,0,104,凱基-鳳山,2024-09-23,9274
00955,中信日本商社,100,5,95,凱基-鳳山,2024-09-23,9274
00919,群益台灣精選高息,94,7,87,凱基-鳳山,2024-09-23,9274
1326,台化,57,2,55,凱基-鳳山,2024-09-23,9274
00954,中信日本半導體,50,0,50,凱基-鳳山,2024-09-23,9274
2344,華邦電,102,53,49,凱基-鳳山,2024-09-23,9274
3049,精金,50,2,48,凱基-鳳山,2024-09-23,9274
6506,雙邦,32,0,32,凱基-鳳山,2024-09-23,9274
00665L,富邦�琤肭磪囓�2,25,0,25,凱基-鳳山,2024-09-23,9274
4714,永捷,25,1,24,凱基-鳳山,2024-09-23,9274
4716,大立,33,12,21,凱基-鳳山,2024-09-23,9274
5905,南仁湖,20,0,20,凱基-鳳山,2024-09-23,9274
6603,富強鑫,17,0,17,凱基-鳳山,2024-09-23,9274
00929,復華台灣科技優息,18,2,16,凱基-鳳山,2024-09-23,9274
9105,泰金寶-DR,16,0,16,凱基-鳳山,2024-09-23,9274
2401,凌陽,30,15,15,凱基-鳳山,2024-09-23,9274
2421,建準,15,0,15,凱基-鳳山,2024-09-23,9274
1711,永光,34,20,14,凱基-鳳山,2024-09-23,9274
3450,聯鈞,19,5,14,凱基-鳳山,2024-09-23,9274
2888,新光金,219,205,14,凱基-鳳山,2024-09-23,9274
2317,鴻海,21,8,13,凱基-鳳山,2024-09-23,9274
2820,華票,14,1,13,凱基-鳳山,2024-09-23,9274
5481,新華,13,0,13,凱基-鳳山,2024-09-23,9274
6156,松上,13,0,13,凱基-鳳山,2024-09-23,9274
6552,易華電,16,3,13,凱基-鳳山,2024-09-23,9274
3176,基亞,11,0,11,凱基-鳳山,2024-09-23,9274
2330,台積電,13,3,10,凱基-鳳山,2024-09-23,9274
00958B,永豐ESG銀行債15,10,0,10,凱基-鳳山,2024-09-23,9274
2505,國揚,10,0,10,凱基-鳳山,2024-09-23,9274
2611,志信,10,0,10,凱基-鳳山,2024-09-23,9274
2812,台中銀,10,0,10,凱基-鳳山,2024-09-23,9274
6284,佳邦,10,0,10,凱基-鳳山,2024-09-23,9274
2425,承啟,54,45,9,凱基-鳳山,2024-09-23,9274
2488,漢平,9,0,9,凱基-鳳山,2024-09-23,9274
6415,矽力*-KY,18,9,9,凱基-鳳山,2024-09-23,9274
4707,磐亞,9,1,8,凱基-鳳山,2024-09-23,9274
8039,台虹,9,1,8,凱基-鳳山,2024-09-23,9274
1314,中石化,8,1,7,凱基-鳳山,2024-09-23,9274
1504,東元,7,0,7,凱基-鳳山,2024-09-23,9274
2426,鼎元,8,1,7,凱基-鳳山,2024-09-23,9274
5263,智崴,10,3,7,凱基-鳳山,2024-09-23,9274
6269,台郡,7,0,7,凱基-鳳山,2024-09-23,9274
3324,雙鴻,8,1,7,凱基-鳳山,2024-09-23,9274
4979,華星光,16,9,7,凱基-鳳山,2024-09-23,9274
3056,富華新,6,0,6,凱基-鳳山,2024-09-23,9274
00905,FT臺灣Smart,12,6,6,凱基-鳳山,2024-09-23,9274
00725B,國泰投資級公司債,6,0,6,凱基-鳳山,2024-09-23,9274
2439,美律,6,0,6,凱基-鳳山,2024-09-23,9274
3481,群創,182,18,164,凱基-鳳山,2024-09-24,9274
2399,映泰,146,53,93,凱基-鳳山,2024-09-24,9274
2344,華邦電,71,1,70,凱基-鳳山,2024-09-24,9274
1524,耿鼎,63,2,61,凱基-鳳山,2024-09-24,9274
5534,長虹,52,1,51,凱基-鳳山,2024-09-24,9274
8064,東捷,51,2,49,凱基-鳳山,2024-09-24,9274
1609,大亞,48,1,47,凱基-鳳山,2024-09-24,9274
2409,友達,45,2,43,凱基-鳳山,2024-09-24,9274
2891,中信金,141,100,41,凱基-鳳山,2024-09-24,9274
00929,復華台灣科技優息,52,13,39,凱基-鳳山,2024-09-24,9274
2610,華航,56,18,38,凱基-鳳山,2024-09-24,9274
00680L,元大美債20正2,70,42,28,凱基-鳳山,2024-09-24,9274
6177,達麗,32,5,27,凱基-鳳山,2024-09-24,9274
9105,泰金寶-DR,29,2,27,凱基-鳳山,2024-09-24,9274
00942B,台新美A公司債20+,25,0,25,凱基-鳳山,2024-09-24,9274
6274,台燿,22,1,21,凱基-鳳山,2024-09-24,9274
00937B,群益ESG投等債20,22,1,21,凱基-鳳山,2024-09-24,9274
2812,台中銀,20,0,20,凱基-鳳山,2024-09-24,9274
3014,聯陽,22,2,20,凱基-鳳山,2024-09-24,9274
4714,永捷,21,1,20,凱基-鳳山,2024-09-24,9274
2477,美隆電,30,13,17,凱基-鳳山,2024-09-24,9274
3605,宏致,27,10,17,凱基-鳳山,2024-09-24,9274
2609,陽明,81,65,16,凱基-鳳山,2024-09-24,9274
3035,智原,16,0,16,凱基-鳳山,2024-09-24,9274
00725B,國泰投資級公司債,15,0,15,凱基-鳳山,2024-09-24,9274
00919,群益台灣精選高息,21,8,13,凱基-鳳山,2024-09-24,9274
2542,興富發,15,2,13,凱基-鳳山,2024-09-24,9274
6143,振曜,13,0,13,凱基-鳳山,2024-09-24,9274
6257,矽格,20,7,13,凱基-鳳山,2024-09-24,9274
2634,漢翔,21,9,12,凱基-鳳山,2024-09-24,9274
3013,晟銘電,37,25,12,凱基-鳳山,2024-09-24,9274
0056,元大高股息,11,0,11,凱基-鳳山,2024-09-24,9274
6405,悅城,12,1,11,凱基-鳳山,2024-09-24,9274
2481,強茂,13,2,11,凱基-鳳山,2024-09-24,9274
1456,怡華,10,0,10,凱基-鳳山,2024-09-24,9274
2524,京城,14,4,10,凱基-鳳山,2024-09-24,9274
3564,其陽,11,1,10,凱基-鳳山,2024-09-24,9274
4174,浩鼎,10,0,10,凱基-鳳山,2024-09-24,9274
6506,雙邦,10,0,10,凱基-鳳山,2024-09-24,9274
3312,弘憶股,10,0,10,凱基-鳳山,2024-09-24,9274
00907,永豐優息存股,10,1,9,凱基-鳳山,2024-09-24,9274
2364,倫飛,11,3,8,凱基-鳳山,2024-09-24,9274
4113,聯上,8,0,8,凱基-鳳山,2024-09-24,9274
4402,郡都開發,8,0,8,凱基-鳳山,2024-09-24,9274
1785,光洋科,15,8,7,凱基-鳳山,2024-09-24,9274
2439,美律,7,0,7,凱基-鳳山,2024-09-24,9274
6446,藥華藥,6,0,6,凱基-鳳山,2024-09-24,9274
2388,威盛,10,4,6,凱基-鳳山,2024-09-24,9274
3374,精材,12,6,6,凱基-鳳山,2024-09-24,9274
00679B,元大美債20年,9,3,6,凱基-鳳山,2024-09-24,9274
00900,富邦特選高股息30,357,0,357,凱基-鳳山,2024-09-25,9274
2867,三商壽,105,0,105,凱基-鳳山,2024-09-25,9274
4707,磐亞,99,0,99,凱基-鳳山,2024-09-25,9274
00679B,元大美債20年,97,10,87,凱基-鳳山,2024-09-25,9274
2888,新光金,73,1,72,凱基-鳳山,2024-09-25,9274
2515,中工,57,0,57,凱基-鳳山,2024-09-25,9274
9958,世紀鋼,56,2,54,凱基-鳳山,2024-09-25,9274
00945B,凱基美國非投等債,53,2,51,凱基-鳳山,2024-09-25,9274
00665L,富邦�琤肭磪囓�2,50,0,50,凱基-鳳山,2024-09-25,9274
1303,南亞,50,1,49,凱基-鳳山,2024-09-25,9274
3481,群創,103,55,48,凱基-鳳山,2024-09-25,9274
00712,復華富時不動產,37,0,37,凱基-鳳山,2024-09-25,9274
00960,野村全球航運龍頭,32,0,32,凱基-鳳山,2024-09-25,9274
00922,國泰台灣領袖50,25,0,25,凱基-鳳山,2024-09-25,9274
00942B,台新美A公司債20+,25,0,25,凱基-鳳山,2024-09-25,9274
00931B,統一美債20年,24,0,24,凱基-鳳山,2024-09-25,9274
2605,新興,26,2,24,凱基-鳳山,2024-09-25,9274
2014,中鴻,26,4,22,凱基-鳳山,2024-09-25,9274
8047,星雲,22,0,22,凱基-鳳山,2024-09-25,9274
00655L,國泰中國A50正2,20,0,20,凱基-鳳山,2024-09-25,9274
00632R,元大台灣50反1,30,11,19,凱基-鳳山,2024-09-25,9274
2542,興富發,23,7,16,凱基-鳳山,2024-09-25,9274
4714,永捷,16,0,16,凱基-鳳山,2024-09-25,9274
1305,華夏,15,0,15,凱基-鳳山,2024-09-25,9274
2349,錸德,19,4,15,凱基-鳳山,2024-09-25,9274
00687B,國泰20年美債,35,21,14,凱基-鳳山,2024-09-25,9274
2303,聯電,20,6,14,凱基-鳳山,2024-09-25,9274
2354,鴻準,24,11,13,凱基-鳳山,2024-09-25,9274
6177,達麗,11,0,11,凱基-鳳山,2024-09-25,9274
4903,聯光通,22,11,11,凱基-鳳山,2024-09-25,9274
00675L,富邦臺灣加權正2,10,0,10,凱基-鳳山,2024-09-25,9274
00933B,國泰10Y+金融債,10,0,10,凱基-鳳山,2024-09-25,9274
00948B,中信優息投資級債,10,0,10,凱基-鳳山,2024-09-25,9274
6241,易通展,10,0,10,凱基-鳳山,2024-09-25,9274
6492,生華科,10,0,10,凱基-鳳山,2024-09-25,9274
6546,正基,14,4,10,凱基-鳳山,2024-09-25,9274
6805,富世達,10,0,10,凱基-鳳山,2024-09-25,9274
5880,合庫金,11,1,10,凱基-鳳山,2024-09-25,9274
1711,永光,15,6,9,凱基-鳳山,2024-09-25,9274
2228,劍麟,9,0,9,凱基-鳳山,2024-09-25,9274
2812,台中銀,10,1,9,凱基-鳳山,2024-09-25,9274
6442,光聖,11,2,9,凱基-鳳山,2024-09-25,9274
8064,東捷,14,5,9,凱基-鳳山,2024-09-25,9274
8410,森田,23,14,9,凱基-鳳山,2024-09-25,9274
2009,第一銅,10,1,9,凱基-鳳山,2024-09-25,9274
4526,東台,31,22,9,凱基-鳳山,2024-09-25,9274
1524,耿鼎,9,1,8,凱基-鳳山,2024-09-25,9274
3149,正達,23,15,8,凱基-鳳山,2024-09-25,9274
2509,全坤建,8,0,8,凱基-鳳山,2024-09-25,9274
2206,三陽工業,7,0,7,凱基-鳳山,2024-09-25,9274
00937B,群益ESG投等債20,852,0,852,凱基-鳳山,2024-09-26,9274
00753L,中信中國50正2,203,5,198,凱基-鳳山,2024-09-26,9274
00715L,期街口布蘭特正2,76,5,71,凱基-鳳山,2024-09-26,9274
6207,雷科,68,4,64,凱基-鳳山,2024-09-26,9274
2515,中工,62,0,62,凱基-鳳山,2024-09-26,9274
2365,昆盈,62,1,61,凱基-鳳山,2024-09-26,9274
2362,藍天,81,31,50,凱基-鳳山,2024-09-26,9274
2495,普安,50,0,50,凱基-鳳山,2024-09-26,9274
1301,台塑,52,5,47,凱基-鳳山,2024-09-26,9274
2355,敬鵬,43,1,42,凱基-鳳山,2024-09-26,9274
2353,宏��,43,2,41,凱基-鳳山,2024-09-26,9274
3062,建漢,37,1,36,凱基-鳳山,2024-09-26,9274
00679B,元大美債20年,70,35,35,凱基-鳳山,2024-09-26,9274
00688L,國泰20年美債正2,32,0,32,凱基-鳳山,2024-09-26,9274
00948B,中信優息投資級債,32,0,32,凱基-鳳山,2024-09-26,9274
00931B,統一美債20年,45,14,31,凱基-鳳山,2024-09-26,9274
6405,悅城,37,6,31,凱基-鳳山,2024-09-26,9274
00907,永豐優息存股,30,0,30,凱基-鳳山,2024-09-26,9274
2344,華邦電,136,106,30,凱基-鳳山,2024-09-26,9274
00960,野村全球航運龍頭,420,393,27,凱基-鳳山,2024-09-26,9274
00795B,中信美國公債20年,32,5,27,凱基-鳳山,2024-09-26,9274
00712,復華富時不動產,27,1,26,凱基-鳳山,2024-09-26,9274
2367,燿華,32,6,26,凱基-鳳山,2024-09-26,9274
2317,鴻海,40,15,25,凱基-鳳山,2024-09-26,9274
00942B,台新美A公司債20+,25,0,25,凱基-鳳山,2024-09-26,9274
3047,訊舟,26,1,25,凱基-鳳山,2024-09-26,9274
3312,弘憶股,25,0,25,凱基-鳳山,2024-09-26,9274
9958,世紀鋼,27,3,24,凱基-鳳山,2024-09-26,9274
2449,京元電子,25,2,23,凱基-鳳山,2024-09-26,9274
00650L,復華香港正2,20,0,20,凱基-鳳山,2024-09-26,9274
3564,其陽,20,0,20,凱基-鳳山,2024-09-26,9274
6969,成信實業*-創,20,0,20,凱基-鳳山,2024-09-26,9274
00632R,元大台灣50反1,19,0,19,凱基-鳳山,2024-09-26,9274
00687B,國泰20年美債,59,40,19,凱基-鳳山,2024-09-26,9274
3673,TPK-KY,40,23,17,凱基-鳳山,2024-09-26,9274
6548,長科*,16,0,16,凱基-鳳山,2024-09-26,9274
2421,建準,15,0,15,凱基-鳳山,2024-09-26,9274
5871,中租-KY,15,0,15,凱基-鳳山,2024-09-26,9274
4566,時碩工業,14,0,14,凱基-鳳山,2024-09-26,9274
00757,統一FANG+,13,0,13,凱基-鳳山,2024-09-26,9274
4526,東台,13,0,13,凱基-鳳山,2024-09-26,9274
5905,南仁湖,15,2,13,凱基-鳳山,2024-09-26,9274
00958B,永豐ESG銀行債15,12,0,12,凱基-鳳山,2024-09-26,9274
2312,金寶,17,5,12,凱基-鳳山,2024-09-26,9274
3576,聯合再生,12,0,12,凱基-鳳山,2024-09-26,9274
6134,萬旭,12,0,12,凱基-鳳山,2024-09-26,9274
00857B,永豐20年美公債,11,0,11,凱基-鳳山,2024-09-26,9274
2313,華通,11,0,11,凱基-鳳山,2024-09-26,9274
2408,南亞科,12,1,11,凱基-鳳山,2024-09-26,9274
6695,芯鼎,12,1,11,凱基-鳳山,2024-09-26,9274
00688L,國泰20年美債正2,215,0,215,凱基-鳳山,2024-09-27,9274
00679B,元大美債20年,190,47,143,凱基-鳳山,2024-09-27,9274
00687B,國泰20年美債,163,63,100,凱基-鳳山,2024-09-27,9274
00929,復華台灣科技優息,100,4,96,凱基-鳳山,2024-09-27,9274
00878,國泰永續高股息,73,17,56,凱基-鳳山,2024-09-27,9274
2867,三商壽,50,1,49,凱基-鳳山,2024-09-27,9274
3047,訊舟,53,8,45,凱基-鳳山,2024-09-27,9274
8064,東捷,62,20,42,凱基-鳳山,2024-09-27,9274
00715L,期街口布蘭特正2,39,1,38,凱基-鳳山,2024-09-27,9274
6443,元晶,55,18,37,凱基-鳳山,2024-09-27,9274
1785,光洋科,51,15,36,凱基-鳳山,2024-09-27,9274
6505,台塑化,41,7,34,凱基-鳳山,2024-09-27,9274
4174,浩鼎,34,0,34,凱基-鳳山,2024-09-27,9274
00960,野村全球航運龍頭,45,13,32,凱基-鳳山,2024-09-27,9274
00650L,復華香港正2,30,0,30,凱基-鳳山,2024-09-27,9274
00948B,中信優息投資級債,29,0,29,凱基-鳳山,2024-09-27,9274
00712,復華富時不動產,27,0,27,凱基-鳳山,2024-09-27,9274
1802,台玻,28,2,26,凱基-鳳山,2024-09-27,9274
00885,富邦越南,30,5,25,凱基-鳳山,2024-09-27,9274
2012,春雨,25,0,25,凱基-鳳山,2024-09-27,9274
3715,定穎投控,27,3,24,凱基-鳳山,2024-09-27,9274
3450,聯鈞,32,9,23,凱基-鳳山,2024-09-27,9274
2399,映泰,24,1,23,凱基-鳳山,2024-09-27,9274
8110,華東,21,0,21,凱基-鳳山,2024-09-27,9274
00942B,台新美A公司債20+,25,5,20,凱基-鳳山,2024-09-27,9274
4540,全球傳動,20,0,20,凱基-鳳山,2024-09-27,9274
00931B,統一美債20年,19,0,19,凱基-鳳山,2024-09-27,9274
9105,泰金寶-DR,19,0,19,凱基-鳳山,2024-09-27,9274
8028,昇陽半導體,44,25,19,凱基-鳳山,2024-09-27,9274
6274,台燿,22,5,17,凱基-鳳山,2024-09-27,9274
1319,東陽,17,1,16,凱基-鳳山,2024-09-27,9274
3041,揚智,22,6,16,凱基-鳳山,2024-09-27,9274
00937B,群益ESG投等債20,136,121,15,凱基-鳳山,2024-09-27,9274
00680L,元大美債20正2,15,0,15,凱基-鳳山,2024-09-27,9274
4714,永捷,15,0,15,凱基-鳳山,2024-09-27,9274
8021,尖點,15,0,15,凱基-鳳山,2024-09-27,9274
3163,波若威,17,3,14,凱基-鳳山,2024-09-27,9274
1305,華夏,14,0,14,凱基-鳳山,2024-09-27,9274
2464,盟立,26,12,14,凱基-鳳山,2024-09-27,9274
2603,長榮,22,9,13,凱基-鳳山,2024-09-27,9274
1304,台聚,18,6,12,凱基-鳳山,2024-09-27,9274
8111,立��,14,3,11,凱基-鳳山,2024-09-27,9274
2481,強茂,11,0,11,凱基-鳳山,2024-09-27,9274
3019,亞光,14,4,10,凱基-鳳山,2024-09-27,9274
00751B,元大AAA至A公司債,10,0,10,凱基-鳳山,2024-09-27,9274
00724B,群益投資級金融債,12,2,10,凱基-鳳山,2024-09-27,9274
00639,富邦深100,10,0,10,凱基-鳳山,2024-09-27,9274
00643,群益深証中小,10,0,10,凱基-鳳山,2024-09-27,9274
00958B,永豐ESG銀行債15,10,0,10,凱基-鳳山,2024-09-27,9274
1776,展宇,10,0,10,凱基-鳳山,2024-09-27,9274
3481,群創,1590,527,1063,凱基-鳳山,2024-09-30,9274
00919,群益台灣精選高息,220,17,203,凱基-鳳山,2024-09-30,9274
00665L,富邦�琤肭磪囓�2,166,0,166,凱基-鳳山,2024-09-30,9274
00929,復華台灣科技優息,198,33,165,凱基-鳳山,2024-09-30,9274
00940,元大台灣價值高息,139,3,136,凱基-鳳山,2024-09-30,9274
00939,統一台灣高息動能,101,0,101,凱基-鳳山,2024-09-30,9274
1303,南亞,100,0,100,凱基-鳳山,2024-09-30,9274
00632R,元大台灣50反1,130,45,85,凱基-鳳山,2024-09-30,9274
00878,國泰永續高股息,76,2,74,凱基-鳳山,2024-09-30,9274
00679B,元大美債20年,58,0,58,凱基-鳳山,2024-09-30,9274
00706L,期元大S＆P日圓正2,55,0,55,凱基-鳳山,2024-09-30,9274
3550,聯穎,60,5,55,凱基-鳳山,2024-09-30,9274
00945B,凱基美國非投等債,51,0,51,凱基-鳳山,2024-09-30,9274
2615,萬海,109,75,34,凱基-鳳山,2024-09-30,9274
00687B,國泰20年美債,32,0,32,凱基-鳳山,2024-09-30,9274
2605,新興,45,13,32,凱基-鳳山,2024-09-30,9274
00907,永豐優息存股,32,0,32,凱基-鳳山,2024-09-30,9274
2337,旺宏,40,8,32,凱基-鳳山,2024-09-30,9274
9907,統一實,31,0,31,凱基-鳳山,2024-09-30,9274
3041,揚智,31,1,30,凱基-鳳山,2024-09-30,9274
2609,陽明,123,97,26,凱基-鳳山,2024-09-30,9274
00891,中信關鍵半導體,25,0,25,凱基-鳳山,2024-09-30,9274
2330,台積電,25,1,24,凱基-鳳山,2024-09-30,9274
6770,力積電,26,4,22,凱基-鳳山,2024-09-30,9274
006208,富邦台50,28,7,21,凱基-鳳山,2024-09-30,9274
00885,富邦越南,20,0,20,凱基-鳳山,2024-09-30,9274
00688L,國泰20年美債正2,20,0,20,凱基-鳳山,2024-09-30,9274
6405,悅城,20,0,20,凱基-鳳山,2024-09-30,9274
00655L,國泰中國A50正2,18,0,18,凱基-鳳山,2024-09-30,9274
00927,群益半導體收益,16,0,16,凱基-鳳山,2024-09-30,9274
1314,中石化,16,0,16,凱基-鳳山,2024-09-30,9274
00725B,國泰投資級公司債,16,0,16,凱基-鳳山,2024-09-30,9274
00953B,群益優選非投等債,15,0,15,凱基-鳳山,2024-09-30,9274
6550,北極星藥業-KY,15,1,14,凱基-鳳山,2024-09-30,9274
0056,元大高股息,19,5,14,凱基-鳳山,2024-09-30,9274
00675L,富邦臺灣加權正2,12,0,12,凱基-鳳山,2024-09-30,9274
4526,東台,12,0,12,凱基-鳳山,2024-09-30,9274
1721,三晃,12,0,12,凱基-鳳山,2024-09-30,9274
2022,聚亨,11,0,11,凱基-鳳山,2024-09-30,9274
4142,國光生,11,0,11,凱基-鳳山,2024-09-30,9274
1514,亞力,14,4,10,凱基-鳳山,2024-09-30,9274
1717,長興,10,0,10,凱基-鳳山,2024-09-30,9274
00905,FT臺灣Smart,10,0,10,凱基-鳳山,2024-09-30,9274
00930,永豐ESG低碳高息,10,0,10,凱基-鳳山,2024-09-30,9274
00933B,國泰10Y+金融債,10,0,10,凱基-鳳山,2024-09-30,9274
2230,泰茂,10,0,10,凱基-鳳山,2024-09-30,9274
2641,正德,10,0,10,凱基-鳳山,2024-09-30,9274
2812,台中銀,10,0,10,凱基-鳳山,2024-09-30,9274
2851,中再保,10,0,10,凱基-鳳山,2024-09-30,9274
3551,世禾,10,0,10,凱基-鳳山,2024-09-30,9274
00665L,富邦�琤肭磪囓�2,340,89,251,凱基-鳳山,2024-10-01,9274
3481,群創,251,111,140,凱基-鳳山,2024-10-01,9274
00937B,群益ESG投等債20,122,10,112,凱基-鳳山,2024-10-01,9274
00952,凱基台灣AI50,102,5,97,凱基-鳳山,2024-10-01,9274
00679B,元大美債20年,140,65,75,凱基-鳳山,2024-10-01,9274
0056,元大高股息,70,0,70,凱基-鳳山,2024-10-01,9274
00940,元大台灣價值高息,84,20,64,凱基-鳳山,2024-10-01,9274
00878,國泰永續高股息,59,7,52,凱基-鳳山,2024-10-01,9274
2888,新光金,49,6,43,凱基-鳳山,2024-10-01,9274
2344,華邦電,49,16,33,凱基-鳳山,2024-10-01,9274
2401,凌陽,31,0,31,凱基-鳳山,2024-10-01,9274
00907,永豐優息存股,40,10,30,凱基-鳳山,2024-10-01,9274
00960,野村全球航運龍頭,30,0,30,凱基-鳳山,2024-10-01,9274
1101,台泥,60,30,30,凱基-鳳山,2024-10-01,9274
00885,富邦越南,32,5,27,凱基-鳳山,2024-10-01,9274
2613,中櫃,35,8,27,凱基-鳳山,2024-10-01,9274
00752,中信中國50,26,0,26,凱基-鳳山,2024-10-01,9274
5351,鈺創,26,0,26,凱基-鳳山,2024-10-01,9274
6838,台新藥,23,0,23,凱基-鳳山,2024-10-01,9274
00713,元大台灣高息低波,23,0,23,凱基-鳳山,2024-10-01,9274
00688L,國泰20年美債正2,24,3,21,凱基-鳳山,2024-10-01,9274
00939,統一台灣高息動能,21,0,21,凱基-鳳山,2024-10-01,9274
00795B,中信美國公債20年,20,0,20,凱基-鳳山,2024-10-01,9274
2436,偉詮電,22,2,20,凱基-鳳山,2024-10-01,9274
2034,允強,18,0,18,凱基-鳳山,2024-10-01,9274
00922,國泰台灣領袖50,22,5,17,凱基-鳳山,2024-10-01,9274
1727,中華化,18,2,16,凱基-鳳山,2024-10-01,9274
3305,昇貿,15,1,14,凱基-鳳山,2024-10-01,9274
00687B,國泰20年美債,19,6,13,凱基-鳳山,2024-10-01,9274
3047,訊舟,17,4,13,凱基-鳳山,2024-10-01,9274
00720B,元大投資級公司債,12,0,12,凱基-鳳山,2024-10-01,9274
2641,正德,12,0,12,凱基-鳳山,2024-10-01,9274
3576,聯合再生,16,4,12,凱基-鳳山,2024-10-01,9274
4142,國光生,11,0,11,凱基-鳳山,2024-10-01,9274
2605,新興,46,36,10,凱基-鳳山,2024-10-01,9274
2812,台中銀,10,0,10,凱基-鳳山,2024-10-01,9274
00675L,富邦臺灣加權正2,10,0,10,凱基-鳳山,2024-10-01,9274
2331,精英,10,0,10,凱基-鳳山,2024-10-01,9274
2851,中再保,10,0,10,凱基-鳳山,2024-10-01,9274
6237,驊訊,10,0,10,凱基-鳳山,2024-10-01,9274
8271,宇瞻,10,0,10,凱基-鳳山,2024-10-01,9274
1711,永光,11,2,9,凱基-鳳山,2024-10-01,9274
3058,立德,10,1,9,凱基-鳳山,2024-10-01,9274
2449,京元電子,12,3,9,凱基-鳳山,2024-10-01,9274
2399,映泰,33,25,8,凱基-鳳山,2024-10-01,9274
2801,彰銀,8,0,8,凱基-鳳山,2024-10-01,9274
1616,億泰,8,0,8,凱基-鳳山,2024-10-01,9274
6806,森崴能源,8,0,8,凱基-鳳山,2024-10-01,9274
00655L,國泰中國A50正2,7,0,7,凱基-鳳山,2024-10-01,9274
2425,承啟,9,2,7,凱基-鳳山,2024-10-01,9274
00673R,期元大S＆P原油反1,322,0,322,凱基-鳳山,2024-10-04,9274
6016,康和證,236,0,236,凱基-鳳山,2024-10-04,9274
00680L,元大美債20正2,177,35,142,凱基-鳳山,2024-10-04,9274
3062,建漢,146,10,136,凱基-鳳山,2024-10-04,9274
2609,陽明,200,86,114,凱基-鳳山,2024-10-04,9274
00632R,元大台灣50反1,121,10,111,凱基-鳳山,2024-10-04,9274
3481,群創,286,182,104,凱基-鳳山,2024-10-04,9274
00919,群益台灣精選高息,84,6,78,凱基-鳳山,2024-10-04,9274
2613,中櫃,171,95,76,凱基-鳳山,2024-10-04,9274
2464,盟立,61,5,56,凱基-鳳山,2024-10-04,9274
2615,萬海,115,64,51,凱基-鳳山,2024-10-04,9274
00940,元大台灣價值高息,56,9,47,凱基-鳳山,2024-10-04,9274
2344,華邦電,41,3,38,凱基-鳳山,2024-10-04,9274
6585,鼎基,36,0,36,凱基-鳳山,2024-10-04,9274
00918,大華優利高填息30,32,1,31,凱基-鳳山,2024-10-04,9274
00679B,元大美債20年,38,7,31,凱基-鳳山,2024-10-04,9274
9907,統一實,31,0,31,凱基-鳳山,2024-10-04,9274
3550,聯穎,31,1,30,凱基-鳳山,2024-10-04,9274
8249,菱光,66,36,30,凱基-鳳山,2024-10-04,9274
2337,旺宏,31,2,29,凱基-鳳山,2024-10-04,9274
2610,華航,49,20,29,凱基-鳳山,2024-10-04,9274
6838,台新藥,30,2,28,凱基-鳳山,2024-10-04,9274
00915,凱基優選高股息30,27,0,27,凱基-鳳山,2024-10-04,9274
00929,復華台灣科技優息,39,15,24,凱基-鳳山,2024-10-04,9274
00712,復華富時不動產,22,0,22,凱基-鳳山,2024-10-04,9274
2816,旺旺保,22,0,22,凱基-鳳山,2024-10-04,9274
6505,台塑化,22,1,21,凱基-鳳山,2024-10-04,9274
2603,長榮,63,42,21,凱基-鳳山,2024-10-04,9274
2498,宏達電,80,60,20,凱基-鳳山,2024-10-04,9274
2360,致茂,21,1,20,凱基-鳳山,2024-10-04,9274
1776,展宇,20,0,20,凱基-鳳山,2024-10-04,9274
3035,智原,20,0,20,凱基-鳳山,2024-10-04,9274
4729,熒茂,20,0,20,凱基-鳳山,2024-10-04,9274
5438,東友,21,1,20,凱基-鳳山,2024-10-04,9274
00878,國泰永續高股息,21,2,19,凱基-鳳山,2024-10-04,9274
1721,三晃,19,0,19,凱基-鳳山,2024-10-04,9274
2618,長榮航,20,1,19,凱基-鳳山,2024-10-04,9274
00960,野村全球航運龍頭,18,0,18,凱基-鳳山,2024-10-04,9274
00885,富邦越南,38,20,18,凱基-鳳山,2024-10-04,9274
5905,南仁湖,18,0,18,凱基-鳳山,2024-10-04,9274
0056,元大高股息,22,4,18,凱基-鳳山,2024-10-04,9274
2014,中鴻,20,3,17,凱基-鳳山,2024-10-04,9274
2449,京元電子,18,2,16,凱基-鳳山,2024-10-04,9274
2401,凌陽,16,0,16,凱基-鳳山,2024-10-04,9274
00688L,國泰20年美債正2,45,30,15,凱基-鳳山,2024-10-04,9274
2421,建準,15,0,15,凱基-鳳山,2024-10-04,9274
8028,昇陽半導體,15,0,15,凱基-鳳山,2024-10-04,9274
1609,大亞,14,0,14,凱基-鳳山,2024-10-04,9274
00952,凱基台灣AI50,14,0,14,凱基-鳳山,2024-10-04,9274
00725B,國泰投資級公司債,13,0,13,凱基-鳳山,2024-10-04,9274
1101,台泥,193,3,190,凱基-鳳山,2024-10-07,9274
2014,中鴻,159,1,158,凱基-鳳山,2024-10-07,9274
0056,元大高股息,112,0,112,凱基-鳳山,2024-10-07,9274
3062,建漢,107,0,107,凱基-鳳山,2024-10-07,9274
8011,台通,85,0,85,凱基-鳳山,2024-10-07,9274
00680L,元大美債20正2,134,50,84,凱基-鳳山,2024-10-07,9274
2356,英業達,94,17,77,凱基-鳳山,2024-10-07,9274
00937B,群益ESG投等債20,76,3,73,凱基-鳳山,2024-10-07,9274
00929,復華台灣科技優息,102,49,53,凱基-鳳山,2024-10-07,9274
00632R,元大台灣50反1,60,11,49,凱基-鳳山,2024-10-07,9274
3550,聯穎,54,6,48,凱基-鳳山,2024-10-07,9274
00915,凱基優選高股息30,58,15,43,凱基-鳳山,2024-10-07,9274
1314,中石化,43,1,42,凱基-鳳山,2024-10-07,9274
2103,台橡,42,5,37,凱基-鳳山,2024-10-07,9274
3481,群創,684,647,37,凱基-鳳山,2024-10-07,9274
00752,中信中國50,36,2,34,凱基-鳳山,2024-10-07,9274
2354,鴻準,38,5,33,凱基-鳳山,2024-10-07,9274
8996,高力,36,4,32,凱基-鳳山,2024-10-07,9274
00919,群益台灣精選高息,57,25,32,凱基-鳳山,2024-10-07,9274
2883,凱基金,35,4,31,凱基-鳳山,2024-10-07,9274
00753L,中信中國50正2,208,178,30,凱基-鳳山,2024-10-07,9274
4174,浩鼎,30,0,30,凱基-鳳山,2024-10-07,9274
6531,愛普*,30,0,30,凱基-鳳山,2024-10-07,9274
00679B,元大美債20年,65,36,29,凱基-鳳山,2024-10-07,9274
1802,台玻,34,5,29,凱基-鳳山,2024-10-07,9274
2353,宏��,29,0,29,凱基-鳳山,2024-10-07,9274
1303,南亞,35,10,25,凱基-鳳山,2024-10-07,9274
00933B,國泰10Y+金融債,22,0,22,凱基-鳳山,2024-10-07,9274
00922,國泰台灣領袖50,21,0,21,凱基-鳳山,2024-10-07,9274
00688L,國泰20年美債正2,25,5,20,凱基-鳳山,2024-10-07,9274
00878,國泰永續高股息,22,3,19,凱基-鳳山,2024-10-07,9274
2408,南亞科,18,0,18,凱基-鳳山,2024-10-07,9274
2615,萬海,48,30,18,凱基-鳳山,2024-10-07,9274
8249,菱光,50,32,18,凱基-鳳山,2024-10-07,9274
2603,長榮,19,2,17,凱基-鳳山,2024-10-07,9274
00877,復華中國5G,21,8,13,凱基-鳳山,2024-10-07,9274
3049,精金,40,27,13,凱基-鳳山,2024-10-07,9274
00712,復華富時不動產,12,0,12,凱基-鳳山,2024-10-07,9274
3529,力旺,32,20,12,凱基-鳳山,2024-10-07,9274
00713,元大台灣高息低波,11,0,11,凱基-鳳山,2024-10-07,9274
1301,台塑,10,0,10,凱基-鳳山,2024-10-07,9274
00931B,統一美債20年,10,0,10,凱基-鳳山,2024-10-07,9274
00918,大華優利高填息30,15,5,10,凱基-鳳山,2024-10-07,9274
1584,精剛,10,0,10,凱基-鳳山,2024-10-07,9274
2331,精英,10,0,10,凱基-鳳山,2024-10-07,9274
2515,中工,30,20,10,凱基-鳳山,2024-10-07,9274
2538,基泰,10,0,10,凱基-鳳山,2024-10-07,9274
2601,益航,10,0,10,凱基-鳳山,2024-10-07,9274
4935,茂林-KY,10,0,10,凱基-鳳山,2024-10-07,9274
6218,豪勉,11,1,10,凱基-鳳山,2024-10-07,9274
00665L,富邦�琤肭磪囓�2,640,226,414,凱基-鳳山,2024-10-08,9274
3481,群創,387,18,369,凱基-鳳山,2024-10-08,9274
00673R,期元大S＆P原油反1,220,0,220,凱基-鳳山,2024-10-08,9274
1314,中石化,207,11,196,凱基-鳳山,2024-10-08,9274
00637L,元大滬深300正2,414,244,170,凱基-鳳山,2024-10-08,9274
2845,遠東銀,115,0,115,凱基-鳳山,2024-10-08,9274
2891,中信金,112,4,108,凱基-鳳山,2024-10-08,9274
00882,中信中國高股息,190,83,107,凱基-鳳山,2024-10-08,9274
00929,復華台灣科技優息,129,27,102,凱基-鳳山,2024-10-08,9274
00680L,元大美債20正2,83,0,83,凱基-鳳山,2024-10-08,9274
00753L,中信中國50正2,263,186,77,凱基-鳳山,2024-10-08,9274
1101,台泥,70,0,70,凱基-鳳山,2024-10-08,9274
2401,凌陽,60,0,60,凱基-鳳山,2024-10-08,9274
2890,永豐金,50,0,50,凱基-鳳山,2024-10-08,9274
00679B,元大美債20年,57,9,48,凱基-鳳山,2024-10-08,9274
00919,群益台灣精選高息,52,6,46,凱基-鳳山,2024-10-08,9274
00887,永豐中國科技50大,35,3,32,凱基-鳳山,2024-10-08,9274
00940,元大台灣價值高息,28,0,28,凱基-鳳山,2024-10-08,9274
00922,國泰台灣領袖50,26,0,26,凱基-鳳山,2024-10-08,9274
3037,欣興,27,2,25,凱基-鳳山,2024-10-08,9274
6207,雷科,32,9,23,凱基-鳳山,2024-10-08,9274
1720,生達,22,0,22,凱基-鳳山,2024-10-08,9274
3014,聯陽,22,0,22,凱基-鳳山,2024-10-08,9274
5014,建錩,21,0,21,凱基-鳳山,2024-10-08,9274
2812,台中銀,20,0,20,凱基-鳳山,2024-10-08,9274
4174,浩鼎,20,0,20,凱基-鳳山,2024-10-08,9274
1514,亞力,19,0,19,凱基-鳳山,2024-10-08,9274
1815,富喬,20,1,19,凱基-鳳山,2024-10-08,9274
00907,永豐優息存股,18,0,18,凱基-鳳山,2024-10-08,9274
8011,台通,18,0,18,凱基-鳳山,2024-10-08,9274
00934,中信成長高股息,17,0,17,凱基-鳳山,2024-10-08,9274
2353,宏��,23,6,17,凱基-鳳山,2024-10-08,9274
4956,光鋐,19,2,17,凱基-鳳山,2024-10-08,9274
8039,台虹,23,6,17,凱基-鳳山,2024-10-08,9274
00688L,國泰20年美債正2,36,20,16,凱基-鳳山,2024-10-08,9274
00712,復華富時不動產,17,1,16,凱基-鳳山,2024-10-08,9274
3033,威健,16,0,16,凱基-鳳山,2024-10-08,9274
00948B,中信優息投資級債,15,0,15,凱基-鳳山,2024-10-08,9274
1776,展宇,15,0,15,凱基-鳳山,2024-10-08,9274
3036,文曄,16,1,15,凱基-鳳山,2024-10-08,9274
3591,艾笛森,15,0,15,凱基-鳳山,2024-10-08,9274
2317,鴻海,22,8,14,凱基-鳳山,2024-10-08,9274
2356,英業達,17,3,14,凱基-鳳山,2024-10-08,9274
2838,聯邦銀,13,0,13,凱基-鳳山,2024-10-08,9274
00633L,富邦上証正2,34,22,12,凱基-鳳山,2024-10-08,9274
8404,百和興業-KY,12,0,12,凱基-鳳山,2024-10-08,9274
00878,國泰永續高股息,14,2,12,凱基-鳳山,2024-10-08,9274
00947,台新臺灣IC設計,11,0,11,凱基-鳳山,2024-10-08,9274
3019,亞光,12,1,11,凱基-鳳山,2024-10-08,9274
2929,淘帝-KY,15,4,11,凱基-鳳山,2024-10-08,9274
00665L,富邦�琤肭磪囓�2,915,652,263,凱基-鳳山,2024-10-09,9274
2888,新光金,161,6,155,凱基-鳳山,2024-10-09,9274
00673R,期元大S＆P原油反1,100,0,100,凱基-鳳山,2024-10-09,9274
3550,聯穎,104,19,85,凱基-鳳山,2024-10-09,9274
00679B,元大美債20年,93,10,83,凱基-鳳山,2024-10-09,9274
1314,中石化,77,0,77,凱基-鳳山,2024-10-09,9274
3481,群創,102,48,54,凱基-鳳山,2024-10-09,9274
2367,燿華,56,2,54,凱基-鳳山,2024-10-09,9274
00937B,群益ESG投等債20,195,142,53,凱基-鳳山,2024-10-09,9274
00929,復華台灣科技優息,49,1,48,凱基-鳳山,2024-10-09,9274
2891,中信金,50,2,48,凱基-鳳山,2024-10-09,9274
2464,盟立,43,0,43,凱基-鳳山,2024-10-09,9274
2515,中工,40,0,40,凱基-鳳山,2024-10-09,9274
1718,中纖,37,0,37,凱基-鳳山,2024-10-09,9274
00687B,國泰20年美債,36,0,36,凱基-鳳山,2024-10-09,9274
2363,矽統,79,47,32,凱基-鳳山,2024-10-09,9274
00632R,元大台灣50反1,40,10,30,凱基-鳳山,2024-10-09,9274
2337,旺宏,30,0,30,凱基-鳳山,2024-10-09,9274
3049,精金,32,5,27,凱基-鳳山,2024-10-09,9274
9907,統一實,27,0,27,凱基-鳳山,2024-10-09,9274
00688L,國泰20年美債正2,26,0,26,凱基-鳳山,2024-10-09,9274
1605,華新,26,0,26,凱基-鳳山,2024-10-09,9274
00878,國泰永續高股息,31,6,25,凱基-鳳山,2024-10-09,9274
2609,陽明,29,4,25,凱基-鳳山,2024-10-09,9274
00933B,國泰10Y+金融債,24,0,24,凱基-鳳山,2024-10-09,9274
2610,華航,25,3,22,凱基-鳳山,2024-10-09,9274
9955,佳龍,21,0,21,凱基-鳳山,2024-10-09,9274
1101,台泥,20,0,20,凱基-鳳山,2024-10-09,9274
1316,上曜,20,0,20,凱基-鳳山,2024-10-09,9274
6117,迎廣,20,0,20,凱基-鳳山,2024-10-09,9274
3149,正達,35,15,20,凱基-鳳山,2024-10-09,9274
1301,台塑,20,1,19,凱基-鳳山,2024-10-09,9274
3209,全科,21,4,17,凱基-鳳山,2024-10-09,9274
00915,凱基優選高股息30,16,0,16,凱基-鳳山,2024-10-09,9274
3312,弘憶股,15,0,15,凱基-鳳山,2024-10-09,9274
8271,宇瞻,15,0,15,凱基-鳳山,2024-10-09,9274
00772B,中信高評級公司債,14,0,14,凱基-鳳山,2024-10-09,9274
3615,安可,34,20,14,凱基-鳳山,2024-10-09,9274
00919,群益台灣精選高息,21,8,13,凱基-鳳山,2024-10-09,9274
1907,永豐餘,12,0,12,凱基-鳳山,2024-10-09,9274
2425,承啟,14,2,12,凱基-鳳山,2024-10-09,9274
8074,鉅橡,13,1,12,凱基-鳳山,2024-10-09,9274
2303,聯電,12,1,11,凱基-鳳山,2024-10-09,9274
2401,凌陽,31,20,11,凱基-鳳山,2024-10-09,9274
2812,台中銀,11,0,11,凱基-鳳山,2024-10-09,9274
3354,律勝,14,3,11,凱基-鳳山,2024-10-09,9274
5014,建錩,11,0,11,凱基-鳳山,2024-10-09,9274
5328,華容,11,0,11,凱基-鳳山,2024-10-09,9274
5347,世界,13,2,11,凱基-鳳山,2024-10-09,9274
00680L,元大美債20正2,20,10,10,凱基-鳳山,2024-10-09,9274
1605,華新,271,0,271,凱基-鳳山,2024-10-11,9274
00882,中信中國高股息,210,11,199,凱基-鳳山,2024-10-11,9274
1721,三晃,197,60,137,凱基-鳳山,2024-10-11,9274
3481,群創,155,39,116,凱基-鳳山,2024-10-11,9274
3550,聯穎,129,27,102,凱基-鳳山,2024-10-11,9274
00673R,期元大S＆P原油反1,100,0,100,凱基-鳳山,2024-10-11,9274
2014,中鴻,100,0,100,凱基-鳳山,2024-10-11,9274
6207,雷科,81,7,74,凱基-鳳山,2024-10-11,9274
00878,國泰永續高股息,51,1,50,凱基-鳳山,2024-10-11,9274
8032,光菱,58,14,44,凱基-鳳山,2024-10-11,9274
2464,盟立,41,2,39,凱基-鳳山,2024-10-11,9274
6116,彩晶,27,0,27,凱基-鳳山,2024-10-11,9274
00688L,國泰20年美債正2,28,2,26,凱基-鳳山,2024-10-11,9274
00937B,群益ESG投等債20,27,3,24,凱基-鳳山,2024-10-11,9274
1316,上曜,33,11,22,凱基-鳳山,2024-10-11,9274
3447,展達,40,20,20,凱基-鳳山,2024-10-11,9274
4934,太極,20,0,20,凱基-鳳山,2024-10-11,9274
1305,華夏,20,1,19,凱基-鳳山,2024-10-11,9274
1582,信錦,19,0,19,凱基-鳳山,2024-10-11,9274
5483,中美晶,18,0,18,凱基-鳳山,2024-10-11,9274
1584,精剛,20,2,18,凱基-鳳山,2024-10-11,9274
3615,安可,50,32,18,凱基-鳳山,2024-10-11,9274
5438,東友,55,39,16,凱基-鳳山,2024-10-11,9274
8021,尖點,14,0,14,凱基-鳳山,2024-10-11,9274
00922,國泰台灣領袖50,13,0,13,凱基-鳳山,2024-10-11,9274
4906,正文,14,1,13,凱基-鳳山,2024-10-11,9274
4967,十銓,15,2,13,凱基-鳳山,2024-10-11,9274
3019,亞光,16,4,12,凱基-鳳山,2024-10-11,9274
00633L,富邦上証正2,13,1,12,凱基-鳳山,2024-10-11,9274
5011,久陽,12,0,12,凱基-鳳山,2024-10-11,9274
6609,瀧澤科,13,1,12,凱基-鳳山,2024-10-11,9274
4903,聯光通,16,5,11,凱基-鳳山,2024-10-11,9274
8089,康全電訊,14,3,11,凱基-鳳山,2024-10-11,9274
8111,立��,52,41,11,凱基-鳳山,2024-10-11,9274
00783,富邦中証500,10,0,10,凱基-鳳山,2024-10-11,9274
00772B,中信高評級公司債,12,2,10,凱基-鳳山,2024-10-11,9274
00948B,中信優息投資級債,10,0,10,凱基-鳳山,2024-10-11,9274
1720,生達,10,0,10,凱基-鳳山,2024-10-11,9274
2069,運錩,13,3,10,凱基-鳳山,2024-10-11,9274
2101,南港,10,0,10,凱基-鳳山,2024-10-11,9274
2201,裕隆,10,0,10,凱基-鳳山,2024-10-11,9274
2402,毅嘉,12,2,10,凱基-鳳山,2024-10-11,9274
2515,中工,10,0,10,凱基-鳳山,2024-10-11,9274
2534,宏盛,10,0,10,凱基-鳳山,2024-10-11,9274
2812,台中銀,10,0,10,凱基-鳳山,2024-10-11,9274
3312,弘憶股,10,0,10,凱基-鳳山,2024-10-11,9274
4142,國光生,10,0,10,凱基-鳳山,2024-10-11,9274
4174,浩鼎,10,0,10,凱基-鳳山,2024-10-11,9274
6405,悅城,13,3,10,凱基-鳳山,2024-10-11,9274
8926,台汽電,10,0,10,凱基-鳳山,2024-10-11,9274
00665L,富邦�琤肭磪囓�2,475,105,370,凱基-鳳山,2024-10-14,9274
00918,大華優利高填息30,228,4,224,凱基-鳳山,2024-10-14,9274
2312,金寶,217,72,145,凱基-鳳山,2024-10-14,9274
00887,永豐中國科技50大,72,0,72,凱基-鳳山,2024-10-14,9274
00687B,國泰20年美債,81,20,61,凱基-鳳山,2024-10-14,9274
9958,世紀鋼,97,42,55,凱基-鳳山,2024-10-14,9274
00753L,中信中國50正2,54,0,54,凱基-鳳山,2024-10-14,9274
1569,濱川,53,0,53,凱基-鳳山,2024-10-14,9274
2401,凌陽,45,0,45,凱基-鳳山,2024-10-14,9274
00929,復華台灣科技優息,75,32,43,凱基-鳳山,2024-10-14,9274
00712,復華富時不動產,40,0,40,凱基-鳳山,2024-10-14,9274
2891,中信金,49,11,38,凱基-鳳山,2024-10-14,9274
00943,兆豐電子高息等權,38,0,38,凱基-鳳山,2024-10-14,9274
1711,永光,38,0,38,凱基-鳳山,2024-10-14,9274
2406,國碩,30,0,30,凱基-鳳山,2024-10-14,9274
1301,台塑,33,4,29,凱基-鳳山,2024-10-14,9274
00757,統一FANG+,24,0,24,凱基-鳳山,2024-10-14,9274
2883,凱基金,25,2,23,凱基-鳳山,2024-10-14,9274
00922,國泰台灣領袖50,24,1,23,凱基-鳳山,2024-10-14,9274
3312,弘憶股,24,1,23,凱基-鳳山,2024-10-14,9274
5905,南仁湖,47,25,22,凱基-鳳山,2024-10-14,9274
0056,元大高股息,28,6,22,凱基-鳳山,2024-10-14,9274
00679B,元大美債20年,131,109,22,凱基-鳳山,2024-10-14,9274
00919,群益台灣精選高息,25,9,16,凱基-鳳山,2024-10-14,9274
00725B,國泰投資級公司債,16,0,16,凱基-鳳山,2024-10-14,9274
4967,十銓,20,4,16,凱基-鳳山,2024-10-14,9274
00882,中信中國高股息,171,155,16,凱基-鳳山,2024-10-14,9274
6143,振曜,16,1,15,凱基-鳳山,2024-10-14,9274
6443,元晶,15,0,15,凱基-鳳山,2024-10-14,9274
2464,盟立,18,3,15,凱基-鳳山,2024-10-14,9274
3715,定穎投控,25,10,15,凱基-鳳山,2024-10-14,9274
2610,華航,15,1,14,凱基-鳳山,2024-10-14,9274
3231,緯創,27,14,13,凱基-鳳山,2024-10-14,9274
2888,新光金,12,0,12,凱基-鳳山,2024-10-14,9274
2467,志聖,16,4,12,凱基-鳳山,2024-10-14,9274
00724B,群益投資級金融債,12,0,12,凱基-鳳山,2024-10-14,9274
2313,華通,14,2,12,凱基-鳳山,2024-10-14,9274
2618,長榮航,11,0,11,凱基-鳳山,2024-10-14,9274
3551,世禾,11,0,11,凱基-鳳山,2024-10-14,9274
1609,大亞,11,0,11,凱基-鳳山,2024-10-14,9274
00931B,統一美債20年,10,0,10,凱基-鳳山,2024-10-14,9274
8070,長華*,10,0,10,凱基-鳳山,2024-10-14,9274
1314,中石化,10,0,10,凱基-鳳山,2024-10-14,9274
1326,台化,12,2,10,凱基-鳳山,2024-10-14,9274
3686,達能,10,0,10,凱基-鳳山,2024-10-14,9274
4934,太極,10,0,10,凱基-鳳山,2024-10-14,9274
5438,東友,28,18,10,凱基-鳳山,2024-10-14,9274
6133,金橋,10,0,10,凱基-鳳山,2024-10-14,9274
00633L,富邦上証正2,12,3,9,凱基-鳳山,2024-10-14,9274
6187,萬潤,13,4,9,凱基-鳳山,2024-10-14,9274
00753L,中信中國50正2,759,9,750,凱基-鳳山,2024-10-15,9274
00665L,富邦�琤肭磪囓�2,163,0,163,凱基-鳳山,2024-10-15,9274
00637L,元大滬深300正2,87,3,84,凱基-鳳山,2024-10-15,9274
00679B,元大美債20年,81,1,80,凱基-鳳山,2024-10-15,9274
9958,世紀鋼,133,62,71,凱基-鳳山,2024-10-15,9274
1711,永光,67,2,65,凱基-鳳山,2024-10-15,9274
4956,光鋐,93,34,59,凱基-鳳山,2024-10-15,9274
00948B,中信優息投資級債,50,0,50,凱基-鳳山,2024-10-15,9274
2399,映泰,54,4,50,凱基-鳳山,2024-10-15,9274
00887,永豐中國科技50大,61,16,45,凱基-鳳山,2024-10-15,9274
00937B,群益ESG投等債20,55,12,43,凱基-鳳山,2024-10-15,9274
1326,台化,40,0,40,凱基-鳳山,2024-10-15,9274
2888,新光金,29,0,29,凱基-鳳山,2024-10-15,9274
1721,三晃,56,28,28,凱基-鳳山,2024-10-15,9274
00922,國泰台灣領袖50,48,21,27,凱基-鳳山,2024-10-15,9274
3037,欣興,23,1,22,凱基-鳳山,2024-10-15,9274
4903,聯光通,25,4,21,凱基-鳳山,2024-10-15,9274
8070,長華*,21,1,20,凱基-鳳山,2024-10-15,9274
2313,華通,20,1,19,凱基-鳳山,2024-10-15,9274
00712,復華富時不動產,20,2,18,凱基-鳳山,2024-10-15,9274
2633,台灣高鐵,20,2,18,凱基-鳳山,2024-10-15,9274
2615,萬海,20,3,17,凱基-鳳山,2024-10-15,9274
00687B,國泰20年美債,17,0,17,凱基-鳳山,2024-10-15,9274
00878,國泰永續高股息,22,5,17,凱基-鳳山,2024-10-15,9274
00943,兆豐電子高息等權,17,0,17,凱基-鳳山,2024-10-15,9274
3231,緯創,43,27,16,凱基-鳳山,2024-10-15,9274
1609,大亞,16,0,16,凱基-鳳山,2024-10-15,9274
2609,陽明,27,11,16,凱基-鳳山,2024-10-15,9274
1524,耿鼎,18,2,16,凱基-鳳山,2024-10-15,9274
00688L,國泰20年美債正2,20,5,15,凱基-鳳山,2024-10-15,9274
2401,凌陽,30,15,15,凱基-鳳山,2024-10-15,9274
2887,台新金,20,6,14,凱基-鳳山,2024-10-15,9274
4583,台灣精銳,16,2,14,凱基-鳳山,2024-10-15,9274
3149,正達,49,35,14,凱基-鳳山,2024-10-15,9274
1611,中電,13,0,13,凱基-鳳山,2024-10-15,9274
2303,聯電,14,1,13,凱基-鳳山,2024-10-15,9274
3025,星通,19,6,13,凱基-鳳山,2024-10-15,9274
00933B,國泰10Y+金融債,12,0,12,凱基-鳳山,2024-10-15,9274
5014,建錩,12,0,12,凱基-鳳山,2024-10-15,9274
2834,臺企銀,12,0,12,凱基-鳳山,2024-10-15,9274
00680L,元大美債20正2,11,0,11,凱基-鳳山,2024-10-15,9274
6546,正基,12,1,11,凱基-鳳山,2024-10-15,9274
3049,精金,15,4,11,凱基-鳳山,2024-10-15,9274
6187,萬潤,17,7,10,凱基-鳳山,2024-10-15,9274
00725B,國泰投資級公司債,10,0,10,凱基-鳳山,2024-10-15,9274
2105,正新,10,0,10,凱基-鳳山,2024-10-15,9274
2497,怡利電,10,0,10,凱基-鳳山,2024-10-15,9274
2812,台中銀,10,0,10,凱基-鳳山,2024-10-15,9274
8054,安國,15,5,10,凱基-鳳山,2024-10-15,9274
8089,康全電訊,10,0,10,凱基-鳳山,2024-10-15,9274
0056,元大高股息,121,3,118,凱基-鳳山,2024-10-16,9274
00946,群益科技高息成長,101,0,101,凱基-鳳山,2024-10-16,9274
00922,國泰台灣領袖50,100,0,100,凱基-鳳山,2024-10-16,9274
00679B,元大美債20年,111,28,83,凱基-鳳山,2024-10-16,9274
00637L,元大滬深300正2,125,67,58,凱基-鳳山,2024-10-16,9274
00937B,群益ESG投等債20,61,5,56,凱基-鳳山,2024-10-16,9274
00887,永豐中國科技50大,52,1,51,凱基-鳳山,2024-10-16,9274
00712,復華富時不動產,50,0,50,凱基-鳳山,2024-10-16,9274
3550,聯穎,83,39,44,凱基-鳳山,2024-10-16,9274
2891,中信金,48,6,42,凱基-鳳山,2024-10-16,9274
00725B,國泰投資級公司債,42,0,42,凱基-鳳山,2024-10-16,9274
2002,中鋼,50,10,40,凱基-鳳山,2024-10-16,9274
1301,台塑,34,0,34,凱基-鳳山,2024-10-16,9274
00919,群益台灣精選高息,35,3,32,凱基-鳳山,2024-10-16,9274
00948B,中信優息投資級債,31,0,31,凱基-鳳山,2024-10-16,9274
9907,統一實,31,0,31,凱基-鳳山,2024-10-16,9274
2317,鴻海,50,20,30,凱基-鳳山,2024-10-16,9274
00905,FT臺灣Smart,28,1,27,凱基-鳳山,2024-10-16,9274
3071,協禧,37,10,27,凱基-鳳山,2024-10-16,9274
6207,雷科,26,2,24,凱基-鳳山,2024-10-16,9274
2886,兆豐金,23,0,23,凱基-鳳山,2024-10-16,9274
6438,迅得,50,30,20,凱基-鳳山,2024-10-16,9274
00757,統一FANG+,19,0,19,凱基-鳳山,2024-10-16,9274
1101,台泥,20,1,19,凱基-鳳山,2024-10-16,9274
2609,陽明,26,7,19,凱基-鳳山,2024-10-16,9274
00830,國泰費城半導體,18,0,18,凱基-鳳山,2024-10-16,9274
3708,上緯投控,18,0,18,凱基-鳳山,2024-10-16,9274
6274,台燿,19,1,18,凱基-鳳山,2024-10-16,9274
6546,正基,20,3,17,凱基-鳳山,2024-10-16,9274
2426,鼎元,22,5,17,凱基-鳳山,2024-10-16,9274
2615,萬海,20,3,17,凱基-鳳山,2024-10-16,9274
00687B,國泰20年美債,21,5,16,凱基-鳳山,2024-10-16,9274
00753L,中信中國50正2,16,0,16,凱基-鳳山,2024-10-16,9274
00931B,統一美債20年,16,0,16,凱基-鳳山,2024-10-16,9274
006208,富邦台50,19,4,15,凱基-鳳山,2024-10-16,9274
5483,中美晶,15,0,15,凱基-鳳山,2024-10-16,9274
00665L,富邦�琤肭磪囓�2,15,0,15,凱基-鳳山,2024-10-16,9274
1513,中興電,14,1,13,凱基-鳳山,2024-10-16,9274
2603,長榮,66,53,13,凱基-鳳山,2024-10-16,9274
1721,三晃,18,7,11,凱基-鳳山,2024-10-16,9274
3591,艾笛森,14,3,11,凱基-鳳山,2024-10-16,9274
3714,富采,11,0,11,凱基-鳳山,2024-10-16,9274
8131,福懋科,11,0,11,凱基-鳳山,2024-10-16,9274
6679,鈺太,29,18,11,凱基-鳳山,2024-10-16,9274
2812,台中銀,10,0,10,凱基-鳳山,2024-10-16,9274
00951,台新日本半導體,10,0,10,凱基-鳳山,2024-10-16,9274
1312,國喬,10,0,10,凱基-鳳山,2024-10-16,9274
4174,浩鼎,10,0,10,凱基-鳳山,2024-10-16,9274
6143,振曜,10,0,10,凱基-鳳山,2024-10-16,9274
2881,富邦金,36,26,10,凱基-鳳山,2024-10-16,9274
2610,華航,90,17,73,凱基-鳳山,2024-10-17,9274
00680L,元大美債20正2,78,7,71,凱基-鳳山,2024-10-17,9274
00887,永豐中國科技50大,72,1,71,凱基-鳳山,2024-10-17,9274
9958,世紀鋼,153,90,63,凱基-鳳山,2024-10-17,9274
00885,富邦越南,51,0,51,凱基-鳳山,2024-10-17,9274
00950B,凱基A級公司債,50,0,50,凱基-鳳山,2024-10-17,9274
1528,恩德,46,4,42,凱基-鳳山,2024-10-17,9274
00679B,元大美債20年,45,4,41,凱基-鳳山,2024-10-17,9274
0056,元大高股息,40,1,39,凱基-鳳山,2024-10-17,9274
4979,華星光,46,8,38,凱基-鳳山,2024-10-17,9274
1319,東陽,35,0,35,凱基-鳳山,2024-10-17,9274
2399,映泰,43,9,34,凱基-鳳山,2024-10-17,9274
00688L,國泰20年美債正2,28,0,28,凱基-鳳山,2024-10-17,9274
2303,聯電,27,0,27,凱基-鳳山,2024-10-17,9274
00922,國泰台灣領袖50,52,28,24,凱基-鳳山,2024-10-17,9274
2615,萬海,51,28,23,凱基-鳳山,2024-10-17,9274
00830,國泰費城半導體,23,0,23,凱基-鳳山,2024-10-17,9274
3209,全科,25,2,23,凱基-鳳山,2024-10-17,9274
00637L,元大滬深300正2,22,0,22,凱基-鳳山,2024-10-17,9274
2891,中信金,29,8,21,凱基-鳳山,2024-10-17,9274
5452,佶優,44,24,20,凱基-鳳山,2024-10-17,9274
00905,FT臺灣Smart,25,5,20,凱基-鳳山,2024-10-17,9274
00632R,元大台灣50反1,20,0,20,凱基-鳳山,2024-10-17,9274
1742,台蠟,20,0,20,凱基-鳳山,2024-10-17,9274
2633,台灣高鐵,20,0,20,凱基-鳳山,2024-10-17,9274
8111,立��,26,9,17,凱基-鳳山,2024-10-17,9274
1540,喬福,33,16,17,凱基-鳳山,2024-10-17,9274
2330,台積電,20,3,17,凱基-鳳山,2024-10-17,9274
2421,建準,42,27,15,凱基-鳳山,2024-10-17,9274
3714,富采,16,1,15,凱基-鳳山,2024-10-17,9274
00882,中信中國高股息,15,1,14,凱基-鳳山,2024-10-17,9274
9105,泰金寶-DR,94,80,14,凱基-鳳山,2024-10-17,9274
1802,台玻,12,0,12,凱基-鳳山,2024-10-17,9274
6274,台燿,11,0,11,凱基-鳳山,2024-10-17,9274
3189,景碩,12,1,11,凱基-鳳山,2024-10-17,9274
2376,技嘉,16,6,10,凱基-鳳山,2024-10-17,9274
00642U,期元大S＆P石油,10,0,10,凱基-鳳山,2024-10-17,9274
00941,中信上游半導體,10,0,10,凱基-鳳山,2024-10-17,9274
00943,兆豐電子高息等權,10,0,10,凱基-鳳山,2024-10-17,9274
00960,野村全球航運龍頭,10,0,10,凱基-鳳山,2024-10-17,9274
3703,欣陸,10,0,10,凱基-鳳山,2024-10-17,9274
006208,富邦台50,10,1,9,凱基-鳳山,2024-10-17,9274
00753L,中信中國50正2,16,7,9,凱基-鳳山,2024-10-17,9274
1314,中石化,9,0,9,凱基-鳳山,2024-10-17,9274
3071,協禧,11,2,9,凱基-鳳山,2024-10-17,9274
3675,德微,10,1,9,凱基-鳳山,2024-10-17,9274
6668,中揚光,10,1,9,凱基-鳳山,2024-10-17,9274
2049,上銀,17,9,8,凱基-鳳山,2024-10-17,9274
00954,中信日本半導體,8,0,8,凱基-鳳山,2024-10-17,9274
2388,威盛,9,1,8,凱基-鳳山,2024-10-17,9274
3031,佰鴻,267,47,220,凱基-鳳山,2024-10-18,9274
00679B,元大美債20年,155,1,154,凱基-鳳山,2024-10-18,9274
2014,中鴻,177,42,135,凱基-鳳山,2024-10-18,9274
6207,雷科,78,0,78,凱基-鳳山,2024-10-18,9274
00919,群益台灣精選高息,83,10,73,凱基-鳳山,2024-10-18,9274
2888,新光金,70,1,69,凱基-鳳山,2024-10-18,9274
2449,京元電子,65,3,62,凱基-鳳山,2024-10-18,9274
00937B,群益ESG投等債20,61,0,61,凱基-鳳山,2024-10-18,9274
2401,凌陽,60,0,60,凱基-鳳山,2024-10-18,9274
2303,聯電,69,10,59,凱基-鳳山,2024-10-18,9274
5392,能率,61,3,58,凱基-鳳山,2024-10-18,9274
00934,中信成長高股息,41,0,41,凱基-鳳山,2024-10-18,9274
00948B,中信優息投資級債,40,0,40,凱基-鳳山,2024-10-18,9274
5347,世界,70,31,39,凱基-鳳山,2024-10-18,9274
00950B,凱基A級公司債,37,0,37,凱基-鳳山,2024-10-18,9274
2332,友訊,31,1,30,凱基-鳳山,2024-10-18,9274
1540,喬福,68,40,28,凱基-鳳山,2024-10-18,9274
1528,恩德,33,7,26,凱基-鳳山,2024-10-18,9274
00887,永豐中國科技50大,29,5,24,凱基-鳳山,2024-10-18,9274
2867,三商壽,24,0,24,凱基-鳳山,2024-10-18,9274
00687B,國泰20年美債,23,0,23,凱基-鳳山,2024-10-18,9274
2344,華邦電,23,0,23,凱基-鳳山,2024-10-18,9274
2313,華通,34,12,22,凱基-鳳山,2024-10-18,9274
3014,聯陽,21,0,21,凱基-鳳山,2024-10-18,9274
2349,錸德,50,29,21,凱基-鳳山,2024-10-18,9274
00673R,期元大S＆P原油反1,20,0,20,凱基-鳳山,2024-10-18,9274
1314,中石化,40,20,20,凱基-鳳山,2024-10-18,9274
6770,力積電,20,0,20,凱基-鳳山,2024-10-18,9274
00960,野村全球航運龍頭,19,0,19,凱基-鳳山,2024-10-18,9274
1721,三晃,32,15,17,凱基-鳳山,2024-10-18,9274
2312,金寶,28,11,17,凱基-鳳山,2024-10-18,9274
6531,愛普*,17,0,17,凱基-鳳山,2024-10-18,9274
2317,鴻海,25,10,15,凱基-鳳山,2024-10-18,9274
0056,元大高股息,17,1,16,凱基-鳳山,2024-10-18,9274
3450,聯鈞,19,5,14,凱基-鳳山,2024-10-18,9274
2486,一詮,13,2,11,凱基-鳳山,2024-10-18,9274
4934,太極,11,0,11,凱基-鳳山,2024-10-18,9274
3711,日月光投控,15,4,11,凱基-鳳山,2024-10-18,9274
00725B,國泰投資級公司債,11,1,10,凱基-鳳山,2024-10-18,9274
00772B,中信高評級公司債,10,0,10,凱基-鳳山,2024-10-18,9274
00757,統一FANG+,10,0,10,凱基-鳳山,2024-10-18,9274
2027,大成鋼,10,0,10,凱基-鳳山,2024-10-18,9274
3230,錦明,10,0,10,凱基-鳳山,2024-10-18,9274
3312,弘憶股,14,4,10,凱基-鳳山,2024-10-18,9274
6116,彩晶,10,0,10,凱基-鳳山,2024-10-18,9274
2495,普安,35,25,10,凱基-鳳山,2024-10-18,9274
00795B,中信美國公債20年,10,1,9,凱基-鳳山,2024-10-18,9274
00943,兆豐電子高息等權,10,1,9,凱基-鳳山,2024-10-18,9274
4562,穎漢,19,10,9,凱基-鳳山,2024-10-18,9274
9938,百和,10,1,9,凱基-鳳山,2024-10-18,9274
00753L,中信中國50正2,280,3,277,凱基-鳳山,2024-10-21,9274
00679B,元大美債20年,141,1,140,凱基-鳳山,2024-10-21,9274
3481,群創,149,43,106,凱基-鳳山,2024-10-21,9274
00680L,元大美債20正2,101,0,101,凱基-鳳山,2024-10-21,9274
00948B,中信優息投資級債,99,0,99,凱基-鳳山,2024-10-21,9274
2891,中信金,128,31,97,凱基-鳳山,2024-10-21,9274
1721,三晃,63,5,58,凱基-鳳山,2024-10-21,9274
2883,凱基金,64,9,55,凱基-鳳山,2024-10-21,9274
2303,聯電,56,3,53,凱基-鳳山,2024-10-21,9274
00905,FT臺灣Smart,38,0,38,凱基-鳳山,2024-10-21,9274
2421,建準,37,0,37,凱基-鳳山,2024-10-21,9274
00937B,群益ESG投等債20,36,0,36,凱基-鳳山,2024-10-21,9274
8039,台虹,30,2,28,凱基-鳳山,2024-10-21,9274
00772B,中信高評級公司債,27,0,27,凱基-鳳山,2024-10-21,9274
1101,台泥,26,0,26,凱基-鳳山,2024-10-21,9274
1303,南亞,25,0,25,凱基-鳳山,2024-10-21,9274
00929,復華台灣科技優息,58,36,22,凱基-鳳山,2024-10-21,9274
2323,中環,22,0,22,凱基-鳳山,2024-10-21,9274
2615,萬海,45,24,21,凱基-鳳山,2024-10-21,9274
00881,國泰台灣5G+,20,0,20,凱基-鳳山,2024-10-21,9274
00637L,元大滬深300正2,32,12,20,凱基-鳳山,2024-10-21,9274
00688L,國泰20年美債正2,20,0,20,凱基-鳳山,2024-10-21,9274
2204,中華,20,0,20,凱基-鳳山,2024-10-21,9274
2852,第一保,20,0,20,凱基-鳳山,2024-10-21,9274
2316,楠梓電,20,1,19,凱基-鳳山,2024-10-21,9274
6546,正基,20,1,19,凱基-鳳山,2024-10-21,9274
9958,世紀鋼,77,61,16,凱基-鳳山,2024-10-21,9274
2881,富邦金,15,0,15,凱基-鳳山,2024-10-21,9274
2885,元大金,14,0,14,凱基-鳳山,2024-10-21,9274
2610,華航,34,20,14,凱基-鳳山,2024-10-21,9274
4566,時碩工業,31,17,14,凱基-鳳山,2024-10-21,9274
5905,南仁湖,14,0,14,凱基-鳳山,2024-10-21,9274
00953B,群益優選非投等債,13,0,13,凱基-鳳山,2024-10-21,9274
3149,正達,41,28,13,凱基-鳳山,2024-10-21,9274
1314,中石化,14,2,12,凱基-鳳山,2024-10-21,9274
00715L,期街口布蘭特正2,15,3,12,凱基-鳳山,2024-10-21,9274
2002,中鋼,23,12,11,凱基-鳳山,2024-10-21,9274
8155,博智,11,0,11,凱基-鳳山,2024-10-21,9274
1301,台塑,14,4,10,凱基-鳳山,2024-10-21,9274
4128,中天,10,0,10,凱基-鳳山,2024-10-21,9274
3230,錦明,10,0,10,凱基-鳳山,2024-10-21,9274
00915,凱基優選高股息30,10,1,9,凱基-鳳山,2024-10-21,9274
2312,金寶,16,7,9,凱基-鳳山,2024-10-21,9274
3715,定穎投控,10,1,9,凱基-鳳山,2024-10-21,9274
5871,中租-KY,11,2,9,凱基-鳳山,2024-10-21,9274
0061,元大寶滬深,8,0,8,凱基-鳳山,2024-10-21,9274
00724B,群益投資級金融債,8,0,8,凱基-鳳山,2024-10-21,9274
4526,東台,14,6,8,凱基-鳳山,2024-10-21,9274
6269,台郡,8,0,8,凱基-鳳山,2024-10-21,9274
3711,日月光投控,7,0,7,凱基-鳳山,2024-10-21,9274
00679B,元大美債20年,369,16,353,凱基-鳳山,2024-10-22,9274
00680L,元大美債20正2,159,0,159,凱基-鳳山,2024-10-22,9274
3710,連展投控,140,1,139,凱基-鳳山,2024-10-22,9274
00948B,中信優息投資級債,191,55,136,凱基-鳳山,2024-10-22,9274
4729,熒茂,372,246,126,凱基-鳳山,2024-10-22,9274
00753L,中信中國50正2,101,0,101,凱基-鳳山,2024-10-22,9274
2332,友訊,98,0,98,凱基-鳳山,2024-10-22,9274
00688L,國泰20年美債正2,66,0,66,凱基-鳳山,2024-10-22,9274
2399,映泰,101,35,66,凱基-鳳山,2024-10-22,9274
00929,復華台灣科技優息,62,6,56,凱基-鳳山,2024-10-22,9274
1721,三晃,51,0,51,凱基-鳳山,2024-10-22,9274
1301,台塑,43,0,43,凱基-鳳山,2024-10-22,9274
00712,復華富時不動產,40,0,40,凱基-鳳山,2024-10-22,9274
1101,台泥,40,0,40,凱基-鳳山,2024-10-22,9274
2337,旺宏,52,15,37,凱基-鳳山,2024-10-22,9274
9958,世紀鋼,41,9,32,凱基-鳳山,2024-10-22,9274
00830,國泰費城半導體,30,0,30,凱基-鳳山,2024-10-22,9274
00665L,富邦�琤肭磪囓�2,30,0,30,凱基-鳳山,2024-10-22,9274
00943,兆豐電子高息等權,30,0,30,凱基-鳳山,2024-10-22,9274
00751B,元大AAA至A公司債,29,0,29,凱基-鳳山,2024-10-22,9274
00715L,期街口布蘭特正2,30,1,29,凱基-鳳山,2024-10-22,9274
00687B,國泰20年美債,43,16,27,凱基-鳳山,2024-10-22,9274
3615,安可,61,35,26,凱基-鳳山,2024-10-22,9274
4540,全球傳動,31,8,23,凱基-鳳山,2024-10-22,9274
00946,群益科技高息成長,51,28,23,凱基-鳳山,2024-10-22,9274
3062,建漢,25,2,23,凱基-鳳山,2024-10-22,9274
2344,華邦電,24,2,22,凱基-鳳山,2024-10-22,9274
2812,台中銀,20,0,20,凱基-鳳山,2024-10-22,9274
2330,台積電,25,7,18,凱基-鳳山,2024-10-22,9274
00724B,群益投資級金融債,18,0,18,凱基-鳳山,2024-10-22,9274
5263,智崴,20,2,18,凱基-鳳山,2024-10-22,9274
00922,國泰台灣領袖50,16,0,16,凱基-鳳山,2024-10-22,9274
1785,光洋科,19,3,16,凱基-鳳山,2024-10-22,9274
6546,正基,17,1,16,凱基-鳳山,2024-10-22,9274
2363,矽統,20,4,16,凱基-鳳山,2024-10-22,9274
2609,陽明,228,213,15,凱基-鳳山,2024-10-22,9274
2610,華航,37,22,15,凱基-鳳山,2024-10-22,9274
2615,萬海,43,29,14,凱基-鳳山,2024-10-22,9274
0056,元大高股息,17,4,13,凱基-鳳山,2024-10-22,9274
00632R,元大台灣50反1,32,20,12,凱基-鳳山,2024-10-22,9274
2421,建準,32,20,12,凱基-鳳山,2024-10-22,9274
00905,FT臺灣Smart,13,1,12,凱基-鳳山,2024-10-22,9274
3149,正達,22,11,11,凱基-鳳山,2024-10-22,9274
3376,新日興,12,1,11,凱基-鳳山,2024-10-22,9274
3141,晶宏,10,0,10,凱基-鳳山,2024-10-22,9274
1229,聯華,10,0,10,凱基-鳳山,2024-10-22,9274
6443,元晶,10,0,10,凱基-鳳山,2024-10-22,9274
00640L,富邦日本正2,10,0,10,凱基-鳳山,2024-10-22,9274
2387,精元,10,0,10,凱基-鳳山,2024-10-22,9274
2453,凌群,10,0,10,凱基-鳳山,2024-10-22,9274
3481,群創,591,287,304,凱基-鳳山,2024-10-23,9274
8249,菱光,264,115,149,凱基-鳳山,2024-10-23,9274
2883,凱基金,152,22,130,凱基-鳳山,2024-10-23,9274
00943,兆豐電子高息等權,120,0,120,凱基-鳳山,2024-10-23,9274
00937B,群益ESG投等債20,162,54,108,凱基-鳳山,2024-10-23,9274
2303,聯電,85,0,85,凱基-鳳山,2024-10-23,9274
9958,世紀鋼,98,26,72,凱基-鳳山,2024-10-23,9274
2891,中信金,72,1,71,凱基-鳳山,2024-10-23,9274
00680L,元大美債20正2,108,59,49,凱基-鳳山,2024-10-23,9274
00687B,國泰20年美債,48,2,46,凱基-鳳山,2024-10-23,9274
00948B,中信優息投資級債,41,0,41,凱基-鳳山,2024-10-23,9274
00878,國泰永續高股息,41,2,39,凱基-鳳山,2024-10-23,9274
6770,力積電,44,5,39,凱基-鳳山,2024-10-23,9274
00679B,元大美債20年,49,12,37,凱基-鳳山,2024-10-23,9274
00950B,凱基A級公司債,46,10,36,凱基-鳳山,2024-10-23,9274
2337,旺宏,34,0,34,凱基-鳳山,2024-10-23,9274
4714,永捷,41,7,34,凱基-鳳山,2024-10-23,9274
5347,世界,29,0,29,凱基-鳳山,2024-10-23,9274
2887,台新金,26,0,26,凱基-鳳山,2024-10-23,9274
1595,川寶,25,0,25,凱基-鳳山,2024-10-23,9274
00712,復華富時不動產,23,0,23,凱基-鳳山,2024-10-23,9274
3013,晟銘電,37,14,23,凱基-鳳山,2024-10-23,9274
3294,英濟,23,0,23,凱基-鳳山,2024-10-23,9274
3535,晶彩科,33,10,23,凱基-鳳山,2024-10-23,9274
00929,復華台灣科技優息,56,34,22,凱基-鳳山,2024-10-23,9274
2002,中鋼,24,4,20,凱基-鳳山,2024-10-23,9274
2601,益航,21,2,19,凱基-鳳山,2024-10-23,9274
8064,東捷,66,51,15,凱基-鳳山,2024-10-23,9274
0056,元大高股息,15,0,15,凱基-鳳山,2024-10-23,9274
1301,台塑,12,0,12,凱基-鳳山,2024-10-23,9274
00751B,元大AAA至A公司債,12,0,12,凱基-鳳山,2024-10-23,9274
1597,直得,12,0,12,凱基-鳳山,2024-10-23,9274
1718,中纖,12,0,12,凱基-鳳山,2024-10-23,9274
2392,正崴,13,1,12,凱基-鳳山,2024-10-23,9274
2426,鼎元,20,8,12,凱基-鳳山,2024-10-23,9274
5438,東友,11,0,11,凱基-鳳山,2024-10-23,9274
1466,聚隆,10,0,10,凱基-鳳山,2024-10-23,9274
2356,英業達,11,1,10,凱基-鳳山,2024-10-23,9274
2369,菱生,15,5,10,凱基-鳳山,2024-10-23,9274
2630,亞航,10,0,10,凱基-鳳山,2024-10-23,9274
2812,台中銀,10,0,10,凱基-鳳山,2024-10-23,9274
3675,德微,20,10,10,凱基-鳳山,2024-10-23,9274
8096,擎亞,12,2,10,凱基-鳳山,2024-10-23,9274
2464,盟立,20,11,9,凱基-鳳山,2024-10-23,9274
1809,中釉,10,1,9,凱基-鳳山,2024-10-23,9274
4729,熒茂,12,3,9,凱基-鳳山,2024-10-23,9274
6438,迅得,15,6,9,凱基-鳳山,2024-10-23,9274
00654R,富邦印度反1,8,0,8,凱基-鳳山,2024-10-23,9274
1609,大亞,8,0,8,凱基-鳳山,2024-10-23,9274
1734,杏輝,8,0,8,凱基-鳳山,2024-10-23,9274
2883,凱基金,171,7,164,凱基-鳳山,2024-10-24,9274
00932,兆豐永續高息等權,138,0,138,凱基-鳳山,2024-10-24,9274
6142,友勁,120,0,120,凱基-鳳山,2024-10-24,9274
1721,三晃,168,49,119,凱基-鳳山,2024-10-24,9274
00753L,中信中國50正2,103,0,103,凱基-鳳山,2024-10-24,9274
00907,永豐優息存股,100,0,100,凱基-鳳山,2024-10-24,9274
4716,大立,230,134,96,凱基-鳳山,2024-10-24,9274
3047,訊舟,91,7,84,凱基-鳳山,2024-10-24,9274
00680L,元大美債20正2,100,23,77,凱基-鳳山,2024-10-24,9274
1528,恩德,102,29,73,凱基-鳳山,2024-10-24,9274
0056,元大高股息,72,0,72,凱基-鳳山,2024-10-24,9274
00882,中信中國高股息,70,0,70,凱基-鳳山,2024-10-24,9274
00929,復華台灣科技優息,67,7,60,凱基-鳳山,2024-10-24,9274
2489,瑞軒,187,132,55,凱基-鳳山,2024-10-24,9274
2399,映泰,74,24,50,凱基-鳳山,2024-10-24,9274
00948B,中信優息投資級債,40,0,40,凱基-鳳山,2024-10-24,9274
2405,輔信,48,10,38,凱基-鳳山,2024-10-24,9274
2421,建準,35,0,35,凱基-鳳山,2024-10-24,9274
9958,世紀鋼,34,0,34,凱基-鳳山,2024-10-24,9274
00960,野村全球航運龍頭,30,2,28,凱基-鳳山,2024-10-24,9274
2881,富邦金,27,0,27,凱基-鳳山,2024-10-24,9274
2014,中鴻,26,0,26,凱基-鳳山,2024-10-24,9274
2317,鴻海,29,4,25,凱基-鳳山,2024-10-24,9274
00945B,凱基美國非投等債,30,8,22,凱基-鳳山,2024-10-24,9274
6770,力積電,25,4,21,凱基-鳳山,2024-10-24,9274
00915,凱基優選高股息30,21,1,20,凱基-鳳山,2024-10-24,9274
2327,國巨,21,1,20,凱基-鳳山,2024-10-24,9274
00688L,國泰20年美債正2,20,0,20,凱基-鳳山,2024-10-24,9274
6126,信音,20,0,20,凱基-鳳山,2024-10-24,9274
2497,怡利電,20,0,20,凱基-鳳山,2024-10-24,9274
2303,聯電,29,10,19,凱基-鳳山,2024-10-24,9274
3035,智原,20,2,18,凱基-鳳山,2024-10-24,9274
00938,凱基優選30,18,0,18,凱基-鳳山,2024-10-24,9274
00637L,元大滬深300正2,17,0,17,凱基-鳳山,2024-10-24,9274
00919,群益台灣精選高息,22,6,16,凱基-鳳山,2024-10-24,9274
9907,統一實,16,0,16,凱基-鳳山,2024-10-24,9274
2486,一詮,20,5,15,凱基-鳳山,2024-10-24,9274
4934,太極,15,0,15,凱基-鳳山,2024-10-24,9274
00772B,中信高評級公司債,14,0,14,凱基-鳳山,2024-10-24,9274
2009,第一銅,14,0,14,凱基-鳳山,2024-10-24,9274
2329,華泰,18,4,14,凱基-鳳山,2024-10-24,9274
2388,威盛,28,14,14,凱基-鳳山,2024-10-24,9274
3073,天方能源,16,2,14,凱基-鳳山,2024-10-24,9274
5905,南仁湖,14,0,14,凱基-鳳山,2024-10-24,9274
00946,群益科技高息成長,14,0,14,凱基-鳳山,2024-10-24,9274
00922,國泰台灣領袖50,14,1,13,凱基-鳳山,2024-10-24,9274
6763,綠界科技*,15,2,13,凱基-鳳山,2024-10-24,9274
1609,大亞,13,1,12,凱基-鳳山,2024-10-24,9274
1597,直得,14,2,12,凱基-鳳山,2024-10-24,9274
2481,強茂,14,2,12,凱基-鳳山,2024-10-24,9274
1528,恩德,273,172,101,凱基-鳳山,2024-10-25,9274
2883,凱基金,79,8,71,凱基-鳳山,2024-10-25,9274
4919,新唐,81,38,43,凱基-鳳山,2024-10-25,9274
00885,富邦越南,42,0,42,凱基-鳳山,2024-10-25,9274
00933B,國泰10Y+金融債,33,0,33,凱基-鳳山,2024-10-25,9274
1711,永光,36,3,33,凱基-鳳山,2024-10-25,9274
1595,川寶,32,0,32,凱基-鳳山,2024-10-25,9274
6207,雷科,32,0,32,凱基-鳳山,2024-10-25,9274
8155,博智,30,0,30,凱基-鳳山,2024-10-25,9274
3707,漢磊,31,1,30,凱基-鳳山,2024-10-25,9274
2337,旺宏,30,1,29,凱基-鳳山,2024-10-25,9274
2540,愛山林,29,0,29,凱基-鳳山,2024-10-25,9274
00937B,群益ESG投等債20,24,0,24,凱基-鳳山,2024-10-25,9274
2374,佳能,25,1,24,凱基-鳳山,2024-10-25,9274
2303,聯電,20,0,20,凱基-鳳山,2024-10-25,9274
8043,蜜望實,20,1,19,凱基-鳳山,2024-10-25,9274
6282,康舒,25,7,18,凱基-鳳山,2024-10-25,9274
00713,元大台灣高息低波,17,0,17,凱基-鳳山,2024-10-25,9274
00960,野村全球航運龍頭,16,0,16,凱基-鳳山,2024-10-25,9274
2845,遠東銀,15,0,15,凱基-鳳山,2024-10-25,9274
2356,英業達,22,8,14,凱基-鳳山,2024-10-25,9274
00679B,元大美債20年,13,0,13,凱基-鳳山,2024-10-25,9274
2495,普安,49,36,13,凱基-鳳山,2024-10-25,9274
2482,連宇,13,0,13,凱基-鳳山,2024-10-25,9274
00948B,中信優息投資級債,13,0,13,凱基-鳳山,2024-10-25,9274
3346,麗清,13,0,13,凱基-鳳山,2024-10-25,9274
3715,定穎投控,13,0,13,凱基-鳳山,2024-10-25,9274
6202,盛群,12,0,12,凱基-鳳山,2024-10-25,9274
8249,菱光,29,18,11,凱基-鳳山,2024-10-25,9274
2351,順德,12,1,11,凱基-鳳山,2024-10-25,9274
00712,復華富時不動產,11,0,11,凱基-鳳山,2024-10-25,9274
00680L,元大美債20正2,110,100,10,凱基-鳳山,2024-10-25,9274
00938,凱基優選30,18,8,10,凱基-鳳山,2024-10-25,9274
00959B,大華投等美債15Y+,10,0,10,凱基-鳳山,2024-10-25,9274
1536,和大,11,1,10,凱基-鳳山,2024-10-25,9274
2412,中華電,10,0,10,凱基-鳳山,2024-10-25,9274
2867,三商壽,10,0,10,凱基-鳳山,2024-10-25,9274
3520,華盈,10,0,10,凱基-鳳山,2024-10-25,9274
3535,晶彩科,10,0,10,凱基-鳳山,2024-10-25,9274
5607,遠雄港,10,0,10,凱基-鳳山,2024-10-25,9274
5876,上海商銀,10,0,10,凱基-鳳山,2024-10-25,9274
8011,台通,10,0,10,凱基-鳳山,2024-10-25,9274
8942,森鉅,10,0,10,凱基-鳳山,2024-10-25,9274
6197,佳必琪,12,2,10,凱基-鳳山,2024-10-25,9274
6821,聯寶,10,0,10,凱基-鳳山,2024-10-25,9274
2344,華邦電,16,7,9,凱基-鳳山,2024-10-25,9274
2329,華泰,12,3,9,凱基-鳳山,2024-10-25,9274
00949,復華日本龍頭,9,0,9,凱基-鳳山,2024-10-25,9274
9958,世紀鋼,11,2,9,凱基-鳳山,2024-10-25,9274
2439,美律,18,10,8,凱基-鳳山,2024-10-25,9274
1528,恩德,1178,402,776,凱基-鳳山,2024-10-28,9274
00680L,元大美債20正2,347,20,327,凱基-鳳山,2024-10-28,9274
2883,凱基金,168,10,158,凱基-鳳山,2024-10-28,9274
00946,群益科技高息成長,71,0,71,凱基-鳳山,2024-10-28,9274
2498,宏達電,66,0,66,凱基-鳳山,2024-10-28,9274
00637L,元大滬深300正2,60,8,52,凱基-鳳山,2024-10-28,9274
00950B,凱基A級公司債,45,0,45,凱基-鳳山,2024-10-28,9274
00959B,大華投等美債15Y+,42,0,42,凱基-鳳山,2024-10-28,9274
00932,兆豐永續高息等權,41,0,41,凱基-鳳山,2024-10-28,9274
2327,國巨,40,0,40,凱基-鳳山,2024-10-28,9274
2303,聯電,36,0,36,凱基-鳳山,2024-10-28,9274
00679B,元大美債20年,35,1,34,凱基-鳳山,2024-10-28,9274
00937B,群益ESG投等債20,35,2,33,凱基-鳳山,2024-10-28,9274
2646,星宇航空,57,25,32,凱基-鳳山,2024-10-28,9274
2401,凌陽,31,0,31,凱基-鳳山,2024-10-28,9274
3231,緯創,84,53,31,凱基-鳳山,2024-10-28,9274
2884,玉山金,30,0,30,凱基-鳳山,2024-10-28,9274
9103,美德醫療-DR,30,0,30,凱基-鳳山,2024-10-28,9274
2610,華航,40,12,28,凱基-鳳山,2024-10-28,9274
6213,聯茂,28,1,27,凱基-鳳山,2024-10-28,9274
00948B,中信優息投資級債,25,0,25,凱基-鳳山,2024-10-28,9274
2356,英業達,38,13,25,凱基-鳳山,2024-10-28,9274
2312,金寶,24,0,24,凱基-鳳山,2024-10-28,9274
00929,復華台灣科技優息,30,10,20,凱基-鳳山,2024-10-28,9274
00949,復華日本龍頭,20,0,20,凱基-鳳山,2024-10-28,9274
2027,大成鋼,20,0,20,凱基-鳳山,2024-10-28,9274
3710,連展投控,23,3,20,凱基-鳳山,2024-10-28,9274
3707,漢磊,20,0,20,凱基-鳳山,2024-10-28,9274
2349,錸德,17,0,17,凱基-鳳山,2024-10-28,9274
3044,健鼎,19,3,16,凱基-鳳山,2024-10-28,9274
3260,威剛,15,0,15,凱基-鳳山,2024-10-28,9274
00655L,國泰中國A50正2,15,0,15,凱基-鳳山,2024-10-28,9274
00712,復華富時不動產,15,0,15,凱基-鳳山,2024-10-28,9274
2421,建準,30,15,15,凱基-鳳山,2024-10-28,9274
00933B,國泰10Y+金融債,15,1,14,凱基-鳳山,2024-10-28,9274
00715L,期街口布蘭特正2,13,0,13,凱基-鳳山,2024-10-28,9274
5603,陸海,13,0,13,凱基-鳳山,2024-10-28,9274
3011,今皓,12,0,12,凱基-鳳山,2024-10-28,9274
3520,華盈,12,0,12,凱基-鳳山,2024-10-28,9274
2891,中信金,31,20,11,凱基-鳳山,2024-10-28,9274
8096,擎亞,12,1,11,凱基-鳳山,2024-10-28,9274
00751B,元大AAA至A公司債,10,0,10,凱基-鳳山,2024-10-28,9274
00688L,國泰20年美債正2,10,0,10,凱基-鳳山,2024-10-28,9274
1802,台玻,45,35,10,凱基-鳳山,2024-10-28,9274
6425,易發,10,0,10,凱基-鳳山,2024-10-28,9274
6859,伯特光,10,0,10,凱基-鳳山,2024-10-28,9274
8183,精星,11,1,10,凱基-鳳山,2024-10-28,9274
2615,萬海,86,76,10,凱基-鳳山,2024-10-28,9274
006208,富邦台50,9,0,9,凱基-鳳山,2024-10-28,9274
00885,富邦越南,9,0,9,凱基-鳳山,2024-10-28,9274
2431,聯昌,1316,763,553,凱基-鳳山,2024-10-29,9274
2413,環科,210,35,175,凱基-鳳山,2024-10-29,9274
00919,群益台灣精選高息,155,5,150,凱基-鳳山,2024-10-29,9274
6133,金橋,515,373,142,凱基-鳳山,2024-10-29,9274
3481,群創,215,103,112,凱基-鳳山,2024-10-29,9274
00929,復華台灣科技優息,139,36,103,凱基-鳳山,2024-10-29,9274
00940,元大台灣價值高息,79,0,79,凱基-鳳山,2024-10-29,9274
6207,雷科,64,0,64,凱基-鳳山,2024-10-29,9274
00715L,期街口布蘭特正2,57,0,57,凱基-鳳山,2024-10-29,9274
2303,聯電,58,2,56,凱基-鳳山,2024-10-29,9274
00932,兆豐永續高息等權,52,0,52,凱基-鳳山,2024-10-29,9274
00712,復華富時不動產,51,0,51,凱基-鳳山,2024-10-29,9274
1301,台塑,52,2,50,凱基-鳳山,2024-10-29,9274
00753L,中信中國50正2,58,12,46,凱基-鳳山,2024-10-29,9274
2344,華邦電,44,0,44,凱基-鳳山,2024-10-29,9274
00946,群益科技高息成長,41,0,41,凱基-鳳山,2024-10-29,9274
00953B,群益優選非投等債,40,0,40,凱基-鳳山,2024-10-29,9274
8107,大億金茂,42,5,37,凱基-鳳山,2024-10-29,9274
00878,國泰永續高股息,52,21,31,凱基-鳳山,2024-10-29,9274
00938,凱基優選30,38,7,31,凱基-鳳山,2024-10-29,9274
0056,元大高股息,31,4,27,凱基-鳳山,2024-10-29,9274
2646,星宇航空,31,4,27,凱基-鳳山,2024-10-29,9274
6213,聯茂,26,0,26,凱基-鳳山,2024-10-29,9274
00922,國泰台灣領袖50,24,1,23,凱基-鳳山,2024-10-29,9274
00907,永豐優息存股,23,0,23,凱基-鳳山,2024-10-29,9274
1711,永光,36,13,23,凱基-鳳山,2024-10-29,9274
2633,台灣高鐵,22,0,22,凱基-鳳山,2024-10-29,9274
3551,世禾,24,3,21,凱基-鳳山,2024-10-29,9274
4714,永捷,20,0,20,凱基-鳳山,2024-10-29,9274
2327,國巨,20,1,19,凱基-鳳山,2024-10-29,9274
00943,兆豐電子高息等權,18,0,18,凱基-鳳山,2024-10-29,9274
2392,正崴,24,6,18,凱基-鳳山,2024-10-29,9274
00881,國泰台灣5G+,17,0,17,凱基-鳳山,2024-10-29,9274
3715,定穎投控,21,4,17,凱基-鳳山,2024-10-29,9274
2313,華通,24,8,16,凱基-鳳山,2024-10-29,9274
2887,台新金,24,8,16,凱基-鳳山,2024-10-29,9274
2330,台積電,17,1,16,凱基-鳳山,2024-10-29,9274
2401,凌陽,15,0,15,凱基-鳳山,2024-10-29,9274
2409,友達,15,0,15,凱基-鳳山,2024-10-29,9274
00959B,大華投等美債15Y+,14,0,14,凱基-鳳山,2024-10-29,9274
6770,力積電,14,1,13,凱基-鳳山,2024-10-29,9274
2349,錸德,13,0,13,凱基-鳳山,2024-10-29,9274
2317,鴻海,33,21,12,凱基-鳳山,2024-10-29,9274
2515,中工,16,4,12,凱基-鳳山,2024-10-29,9274
2609,陽明,15,3,12,凱基-鳳山,2024-10-29,9274
2881,富邦金,13,1,12,凱基-鳳山,2024-10-29,9274
00918,大華優利高填息30,12,0,12,凱基-鳳山,2024-10-29,9274
00905,FT臺灣Smart,11,0,11,凱基-鳳山,2024-10-29,9274
1314,中石化,11,0,11,凱基-鳳山,2024-10-29,9274
00690,兆豐藍籌30,11,0,11,凱基-鳳山,2024-10-29,9274
2431,聯昌,633,370,263,凱基-鳳山,2024-10-30,9274
3481,群創,833,593,240,凱基-鳳山,2024-10-30,9274
5438,東友,276,105,171,凱基-鳳山,2024-10-30,9274
6133,金橋,275,154,121,凱基-鳳山,2024-10-30,9274
00959B,大華投等美債15Y+,81,0,81,凱基-鳳山,2024-10-30,9274
2405,輔信,108,27,81,凱基-鳳山,2024-10-30,9274
00715L,期街口布蘭特正2,80,0,80,凱基-鳳山,2024-10-30,9274
00878,國泰永續高股息,79,7,72,凱基-鳳山,2024-10-30,9274
00712,復華富時不動產,96,30,66,凱基-鳳山,2024-10-30,9274
00948B,中信優息投資級債,65,0,65,凱基-鳳山,2024-10-30,9274
00932,兆豐永續高息等權,60,0,60,凱基-鳳山,2024-10-30,9274
2890,永豐金,51,0,51,凱基-鳳山,2024-10-30,9274
2367,燿華,50,0,50,凱基-鳳山,2024-10-30,9274
2312,金寶,43,0,43,凱基-鳳山,2024-10-30,9274
2615,萬海,36,0,36,凱基-鳳山,2024-10-30,9274
00885,富邦越南,33,0,33,凱基-鳳山,2024-10-30,9274
2646,星宇航空,35,5,30,凱基-鳳山,2024-10-30,9274
2392,正崴,33,6,27,凱基-鳳山,2024-10-30,9274
2816,旺旺保,26,0,26,凱基-鳳山,2024-10-30,9274
2498,宏達電,23,0,23,凱基-鳳山,2024-10-30,9274
00940,元大台灣價值高息,23,1,22,凱基-鳳山,2024-10-30,9274
2421,建準,23,1,22,凱基-鳳山,2024-10-30,9274
3710,連展投控,21,0,21,凱基-鳳山,2024-10-30,9274
006208,富邦台50,32,12,20,凱基-鳳山,2024-10-30,9274
3055,蔚華科,20,0,20,凱基-鳳山,2024-10-30,9274
6284,佳邦,21,1,20,凱基-鳳山,2024-10-30,9274
00919,群益台灣精選高息,33,13,20,凱基-鳳山,2024-10-30,9274
2478,大毅,18,0,18,凱基-鳳山,2024-10-30,9274
0056,元大高股息,19,1,18,凱基-鳳山,2024-10-30,9274
2303,聯電,23,5,18,凱基-鳳山,2024-10-30,9274
3231,緯創,22,5,17,凱基-鳳山,2024-10-30,9274
1101,台泥,17,1,16,凱基-鳳山,2024-10-30,9274
00946,群益科技高息成長,20,5,15,凱基-鳳山,2024-10-30,9274
2027,大成鋼,15,0,15,凱基-鳳山,2024-10-30,9274
2401,凌陽,30,15,15,凱基-鳳山,2024-10-30,9274
6552,易華電,15,0,15,凱基-鳳山,2024-10-30,9274
8271,宇瞻,15,0,15,凱基-鳳山,2024-10-30,9274
00688L,國泰20年美債正2,14,0,14,凱基-鳳山,2024-10-30,9274
00665L,富邦�琤肭磪囓�2,14,0,14,凱基-鳳山,2024-10-30,9274
00637L,元大滬深300正2,26,13,13,凱基-鳳山,2024-10-30,9274
8044,網家,31,18,13,凱基-鳳山,2024-10-30,9274
00751B,元大AAA至A公司債,12,0,12,凱基-鳳山,2024-10-30,9274
1711,永光,12,0,12,凱基-鳳山,2024-10-30,9274
8064,東捷,15,3,12,凱基-鳳山,2024-10-30,9274
8249,菱光,11,0,11,凱基-鳳山,2024-10-30,9274
00953B,群益優選非投等債,11,0,11,凱基-鳳山,2024-10-30,9274
2368,金像電,11,0,11,凱基-鳳山,2024-10-30,9274
9958,世紀鋼,19,8,11,凱基-鳳山,2024-10-30,9274
6405,悅城,16,5,11,凱基-鳳山,2024-10-30,9274
1312,國喬,10,0,10,凱基-鳳山,2024-10-30,9274
2891,中信金,125,27,98,凱基-鳳山,2024-11-01,9274
2303,聯電,94,4,90,凱基-鳳山,2024-11-01,9274
1595,川寶,87,0,87,凱基-鳳山,2024-11-01,9274
2883,凱基金,76,0,76,凱基-鳳山,2024-11-01,9274
00878,國泰永續高股息,75,8,67,凱基-鳳山,2024-11-01,9274
1301,台塑,66,1,65,凱基-鳳山,2024-11-01,9274
00712,復華富時不動產,64,0,64,凱基-鳳山,2024-11-01,9274
00948B,中信優息投資級債,60,0,60,凱基-鳳山,2024-11-01,9274
00919,群益台灣精選高息,86,31,55,凱基-鳳山,2024-11-01,9274
2881,富邦金,44,0,44,凱基-鳳山,2024-11-01,9274
00932,兆豐永續高息等權,44,0,44,凱基-鳳山,2024-11-01,9274
1802,台玻,38,3,35,凱基-鳳山,2024-11-01,9274
00940,元大台灣價值高息,34,2,32,凱基-鳳山,2024-11-01,9274
2354,鴻準,176,146,30,凱基-鳳山,2024-11-01,9274
2317,鴻海,37,7,30,凱基-鳳山,2024-11-01,9274
3062,建漢,49,21,28,凱基-鳳山,2024-11-01,9274
1711,永光,31,5,26,凱基-鳳山,2024-11-01,9274
0056,元大高股息,24,2,22,凱基-鳳山,2024-11-01,9274
2633,台灣高鐵,20,0,20,凱基-鳳山,2024-11-01,9274
00915,凱基優選高股息30,19,0,19,凱基-鳳山,2024-11-01,9274
00946,群益科技高息成長,16,0,16,凱基-鳳山,2024-11-01,9274
00929,復華台灣科技優息,46,30,16,凱基-鳳山,2024-11-01,9274
2816,旺旺保,16,0,16,凱基-鳳山,2024-11-01,9274
2882,國泰金,17,1,16,凱基-鳳山,2024-11-01,9274
8069,元太,16,1,15,凱基-鳳山,2024-11-01,9274
00941,中信上游半導體,15,0,15,凱基-鳳山,2024-11-01,9274
3049,精金,16,1,15,凱基-鳳山,2024-11-01,9274
00670L,富邦NASDAQ正2,14,0,14,凱基-鳳山,2024-11-01,9274
00938,凱基優選30,14,0,14,凱基-鳳山,2024-11-01,9274
2886,兆豐金,14,0,14,凱基-鳳山,2024-11-01,9274
6606,建德工業,14,0,14,凱基-鳳山,2024-11-01,9274
6505,台塑化,12,0,12,凱基-鳳山,2024-11-01,9274
00692,富邦公司治理,11,0,11,凱基-鳳山,2024-11-01,9274
2409,友達,11,0,11,凱基-鳳山,2024-11-01,9274
2812,台中銀,11,0,11,凱基-鳳山,2024-11-01,9274
0050,元大台灣50,11,0,11,凱基-鳳山,2024-11-01,9274
2923,鼎固-KY,10,0,10,凱基-鳳山,2024-11-01,9274
3264,欣銓,10,0,10,凱基-鳳山,2024-11-01,9274
5351,鈺創,10,0,10,凱基-鳳山,2024-11-01,9274
6257,矽格,10,0,10,凱基-鳳山,2024-11-01,9274
6284,佳邦,10,0,10,凱基-鳳山,2024-11-01,9274
00679B,元大美債20年,13,4,9,凱基-鳳山,2024-11-01,9274
00959B,大華投等美債15Y+,10,1,9,凱基-鳳山,2024-11-01,9274
6186,新潤,9,0,9,凱基-鳳山,2024-11-01,9274
2382,廣達,23,15,8,凱基-鳳山,2024-11-01,9274
00918,大華優利高填息30,8,0,8,凱基-鳳山,2024-11-01,9274
00885,富邦越南,8,0,8,凱基-鳳山,2024-11-01,9274
00952,凱基台灣AI50,8,0,8,凱基-鳳山,2024-11-01,9274
8021,尖點,10,2,8,凱基-鳳山,2024-11-01,9274
8271,宇瞻,8,0,8,凱基-鳳山,2024-11-01,9274
00878,國泰永續高股息,157,7,150,凱基-鳳山,2024-11-04,9274
3481,群創,179,37,142,凱基-鳳山,2024-11-04,9274
3047,訊舟,137,18,119,凱基-鳳山,2024-11-04,9274
2413,環科,211,93,118,凱基-鳳山,2024-11-04,9274
00932,兆豐永續高息等權,114,0,114,凱基-鳳山,2024-11-04,9274
00712,復華富時不動產,160,90,70,凱基-鳳山,2024-11-04,9274
2609,陽明,77,13,64,凱基-鳳山,2024-11-04,9274
2303,聯電,67,5,62,凱基-鳳山,2024-11-04,9274
00679B,元大美債20年,56,0,56,凱基-鳳山,2024-11-04,9274
6133,金橋,213,165,48,凱基-鳳山,2024-11-04,9274
00948B,中信優息投資級債,45,0,45,凱基-鳳山,2024-11-04,9274
00632R,元大台灣50反1,40,4,36,凱基-鳳山,2024-11-04,9274
6126,信音,54,19,35,凱基-鳳山,2024-11-04,9274
1785,光洋科,32,0,32,凱基-鳳山,2024-11-04,9274
00940,元大台灣價值高息,140,109,31,凱基-鳳山,2024-11-04,9274
2401,凌陽,30,0,30,凱基-鳳山,2024-11-04,9274
3593,力銘,30,0,30,凱基-鳳山,2024-11-04,9274
2646,星宇航空,29,0,29,凱基-鳳山,2024-11-04,9274
00959B,大華投等美債15Y+,27,0,27,凱基-鳳山,2024-11-04,9274
3312,弘憶股,23,0,23,凱基-鳳山,2024-11-04,9274
00950B,凱基A級公司債,22,0,22,凱基-鳳山,2024-11-04,9274
00751B,元大AAA至A公司債,21,0,21,凱基-鳳山,2024-11-04,9274
1595,川寶,21,0,21,凱基-鳳山,2024-11-04,9274
2615,萬海,183,166,17,凱基-鳳山,2024-11-04,9274
3014,聯陽,17,0,17,凱基-鳳山,2024-11-04,9274
1605,華新,16,0,16,凱基-鳳山,2024-11-04,9274
6207,雷科,16,0,16,凱基-鳳山,2024-11-04,9274
3019,亞光,21,5,16,凱基-鳳山,2024-11-04,9274
6187,萬潤,32,17,15,凱基-鳳山,2024-11-04,9274
911868,同方友友-DR,15,0,15,凱基-鳳山,2024-11-04,9274
2613,中櫃,22,8,14,凱基-鳳山,2024-11-04,9274
00885,富邦越南,13,0,13,凱基-鳳山,2024-11-04,9274
00637L,元大滬深300正2,15,2,13,凱基-鳳山,2024-11-04,9274
1301,台塑,13,1,12,凱基-鳳山,2024-11-04,9274
00937B,群益ESG投等債20,29,17,12,凱基-鳳山,2024-11-04,9274
00654R,富邦印度反1,10,0,10,凱基-鳳山,2024-11-04,9274
2393,億光,10,0,10,凱基-鳳山,2024-11-04,9274
8027,鈦昇,10,0,10,凱基-鳳山,2024-11-04,9274
3062,建漢,27,17,10,凱基-鳳山,2024-11-04,9274
00687B,國泰20年美債,16,7,9,凱基-鳳山,2024-11-04,9274
8046,南電,10,1,9,凱基-鳳山,2024-11-04,9274
00943,兆豐電子高息等權,9,0,9,凱基-鳳山,2024-11-04,9274
3049,精金,27,18,9,凱基-鳳山,2024-11-04,9274
2883,凱基金,45,37,8,凱基-鳳山,2024-11-04,9274
2069,運錩,8,0,8,凱基-鳳山,2024-11-04,9274
3276,宇環,8,0,8,凱基-鳳山,2024-11-04,9274
4909,新復興,10,2,8,凱基-鳳山,2024-11-04,9274
5347,世界,9,2,7,凱基-鳳山,2024-11-04,9274
00915,凱基優選高股息30,7,0,7,凱基-鳳山,2024-11-04,9274
4903,聯光通,9,2,7,凱基-鳳山,2024-11-04,9274
5315,光聯,231,95,136,凱基-鳳山,2024-11-05,9274
00673R,期元大S＆P原油反1,100,0,100,凱基-鳳山,2024-11-05,9274
00932,兆豐永續高息等權,91,0,91,凱基-鳳山,2024-11-05,9274
00712,復華富時不動產,62,2,60,凱基-鳳山,2024-11-05,9274
1326,台化,55,1,54,凱基-鳳山,2024-11-05,9274
5460,同協,52,0,52,凱基-鳳山,2024-11-05,9274
00930,永豐ESG低碳高息,45,0,45,凱基-鳳山,2024-11-05,9274
00679B,元大美債20年,46,7,39,凱基-鳳山,2024-11-05,9274
3711,日月光投控,41,6,35,凱基-鳳山,2024-11-05,9274
2303,聯電,54,21,33,凱基-鳳山,2024-11-05,9274
00919,群益台灣精選高息,53,20,33,凱基-鳳山,2024-11-05,9274
6133,金橋,30,0,30,凱基-鳳山,2024-11-05,9274
2354,鴻準,117,94,23,凱基-鳳山,2024-11-05,9274
00878,國泰永續高股息,27,4,23,凱基-鳳山,2024-11-05,9274
00943,兆豐電子高息等權,23,0,23,凱基-鳳山,2024-11-05,9274
3049,精金,30,8,22,凱基-鳳山,2024-11-05,9274
5351,鈺創,21,0,21,凱基-鳳山,2024-11-05,9274
3550,聯穎,21,0,21,凱基-鳳山,2024-11-05,9274
00915,凱基優選高股息30,19,0,19,凱基-鳳山,2024-11-05,9274
00946,群益科技高息成長,19,1,18,凱基-鳳山,2024-11-05,9274
8089,康全電訊,25,7,18,凱基-鳳山,2024-11-05,9274
2317,鴻海,22,4,18,凱基-鳳山,2024-11-05,9274
3552,同致,17,0,17,凱基-鳳山,2024-11-05,9274
3593,力銘,16,0,16,凱基-鳳山,2024-11-05,9274
6126,信音,16,0,16,凱基-鳳山,2024-11-05,9274
00934,中信成長高股息,14,0,14,凱基-鳳山,2024-11-05,9274
3714,富采,13,0,13,凱基-鳳山,2024-11-05,9274
6187,萬潤,14,2,12,凱基-鳳山,2024-11-05,9274
6550,北極星藥業-KY,12,0,12,凱基-鳳山,2024-11-05,9274
9105,泰金寶-DR,12,0,12,凱基-鳳山,2024-11-05,9274
00948B,中信優息投資級債,11,0,11,凱基-鳳山,2024-11-05,9274
3013,晟銘電,13,2,11,凱基-鳳山,2024-11-05,9274
8088,品安,11,0,11,凱基-鳳山,2024-11-05,9274
2646,星宇航空,12,2,10,凱基-鳳山,2024-11-05,9274
00918,大華優利高填息30,15,5,10,凱基-鳳山,2024-11-05,9274
00670L,富邦NASDAQ正2,10,0,10,凱基-鳳山,2024-11-05,9274
00664R,國泰臺灣加權反1,10,0,10,凱基-鳳山,2024-11-05,9274
00947,台新臺灣IC設計,10,0,10,凱基-鳳山,2024-11-05,9274
2913,農林,10,0,10,凱基-鳳山,2024-11-05,9274
5425,台半,10,0,10,凱基-鳳山,2024-11-05,9274
2230,泰茂,9,0,9,凱基-鳳山,2024-11-05,9274
00937B,群益ESG投等債20,11,2,9,凱基-鳳山,2024-11-05,9274
2353,宏��,11,2,9,凱基-鳳山,2024-11-05,9274
1597,直得,12,4,8,凱基-鳳山,2024-11-05,9274
2344,華邦電,8,0,8,凱基-鳳山,2024-11-05,9274
3047,訊舟,14,6,8,凱基-鳳山,2024-11-05,9274
8271,宇瞻,8,0,8,凱基-鳳山,2024-11-05,9274
2027,大成鋼,7,0,7,凱基-鳳山,2024-11-05,9274
2618,長榮航,10,3,7,凱基-鳳山,2024-11-05,9274
2890,永豐金,6,0,6,凱基-鳳山,2024-11-05,9274
00680L,元大美債20正2,273,24,249,凱基-鳳山,2024-11-06,9274
3481,群創,230,8,222,凱基-鳳山,2024-11-06,9274
00878,國泰永續高股息,159,11,148,凱基-鳳山,2024-11-06,9274
2883,凱基金,170,23,147,凱基-鳳山,2024-11-06,9274
00679B,元大美債20年,120,0,120,凱基-鳳山,2024-11-06,9274
00673R,期元大S＆P原油反1,100,3,97,凱基-鳳山,2024-11-06,9274
00932,兆豐永續高息等權,63,0,63,凱基-鳳山,2024-11-06,9274
2888,新光金,60,0,60,凱基-鳳山,2024-11-06,9274
2303,聯電,74,17,57,凱基-鳳山,2024-11-06,9274
3231,緯創,117,61,56,凱基-鳳山,2024-11-06,9274
9907,統一實,52,0,52,凱基-鳳山,2024-11-06,9274
00712,復華富時不動產,41,0,41,凱基-鳳山,2024-11-06,9274
4956,光鋐,71,41,30,凱基-鳳山,2024-11-06,9274
00687B,國泰20年美債,79,53,26,凱基-鳳山,2024-11-06,9274
4904,遠傳,26,0,26,凱基-鳳山,2024-11-06,9274
00753L,中信中國50正2,27,3,24,凱基-鳳山,2024-11-06,9274
00688L,國泰20年美債正2,44,22,22,凱基-鳳山,2024-11-06,9274
00637L,元大滬深300正2,60,38,22,凱基-鳳山,2024-11-06,9274
6274,台燿,20,1,19,凱基-鳳山,2024-11-06,9274
2884,玉山金,18,0,18,凱基-鳳山,2024-11-06,9274
2413,環科,18,1,17,凱基-鳳山,2024-11-06,9274
2351,順德,15,0,15,凱基-鳳山,2024-11-06,9274
2331,精英,15,0,15,凱基-鳳山,2024-11-06,9274
2613,中櫃,21,6,15,凱基-鳳山,2024-11-06,9274
00905,FT臺灣Smart,17,5,12,凱基-鳳山,2024-11-06,9274
4807,日成-KY,15,3,12,凱基-鳳山,2024-11-06,9274
2834,臺企銀,10,0,10,凱基-鳳山,2024-11-06,9274
00882,中信中國高股息,25,15,10,凱基-鳳山,2024-11-06,9274
00665L,富邦�琤肭磪囓�2,10,0,10,凱基-鳳山,2024-11-06,9274
00948B,中信優息投資級債,10,0,10,凱基-鳳山,2024-11-06,9274
1711,永光,10,0,10,凱基-鳳山,2024-11-06,9274
2419,仲琦,73,63,10,凱基-鳳山,2024-11-06,9274
2618,長榮航,10,0,10,凱基-鳳山,2024-11-06,9274
2913,農林,10,0,10,凱基-鳳山,2024-11-06,9274
3035,智原,11,1,10,凱基-鳳山,2024-11-06,9274
3189,景碩,11,1,10,凱基-鳳山,2024-11-06,9274
6284,佳邦,10,0,10,凱基-鳳山,2024-11-06,9274
6552,易華電,11,1,10,凱基-鳳山,2024-11-06,9274
2399,映泰,26,17,9,凱基-鳳山,2024-11-06,9274
2486,一詮,10,1,9,凱基-鳳山,2024-11-06,9274
8070,長華*,14,5,9,凱基-鳳山,2024-11-06,9274
2603,長榮,40,32,8,凱基-鳳山,2024-11-06,9274
4128,中天,10,2,8,凱基-鳳山,2024-11-06,9274
1609,大亞,8,0,8,凱基-鳳山,2024-11-06,9274
8088,品安,8,0,8,凱基-鳳山,2024-11-06,9274
9904,寶成,8,0,8,凱基-鳳山,2024-11-06,9274
3045,台灣大,7,0,7,凱基-鳳山,2024-11-06,9274
6126,信音,22,15,7,凱基-鳳山,2024-11-06,9274
3706,神達,10,4,6,凱基-鳳山,2024-11-06,9274
4562,穎漢,9,3,6,凱基-鳳山,2024-11-06,9274
00673R,期元大S＆P原油反1,405,0,405,凱基-鳳山,2024-11-07,9274
00878,國泰永續高股息,243,15,228,凱基-鳳山,2024-11-07,9274
00632R,元大台灣50反1,106,0,106,凱基-鳳山,2024-11-07,9274
00680L,元大美債20正2,86,5,81,凱基-鳳山,2024-11-07,9274
2609,陽明,92,27,65,凱基-鳳山,2024-11-07,9274
1815,富喬,85,29,56,凱基-鳳山,2024-11-07,9274
2515,中工,50,0,50,凱基-鳳山,2024-11-07,9274
2103,台橡,41,0,41,凱基-鳳山,2024-11-07,9274
3013,晟銘電,84,44,40,凱基-鳳山,2024-11-07,9274
2615,萬海,64,28,36,凱基-鳳山,2024-11-07,9274
2431,聯昌,33,0,33,凱基-鳳山,2024-11-07,9274
00948B,中信優息投資級債,30,0,30,凱基-鳳山,2024-11-07,9274
00953B,群益優選非投等債,30,0,30,凱基-鳳山,2024-11-07,9274
2413,環科,25,0,25,凱基-鳳山,2024-11-07,9274
2540,愛山林,24,0,24,凱基-鳳山,2024-11-07,9274
6207,雷科,25,1,24,凱基-鳳山,2024-11-07,9274
3167,大量,27,5,22,凱基-鳳山,2024-11-07,9274
00675L,富邦臺灣加權正2,20,0,20,凱基-鳳山,2024-11-07,9274
2633,台灣高鐵,20,0,20,凱基-鳳山,2024-11-07,9274
3581,博磊,23,3,20,凱基-鳳山,2024-11-07,9274
5243,乙盛-KY,20,2,18,凱基-鳳山,2024-11-07,9274
6126,信音,16,0,16,凱基-鳳山,2024-11-07,9274
2014,中鴻,32,17,15,凱基-鳳山,2024-11-07,9274
00688L,國泰20年美債正2,15,0,15,凱基-鳳山,2024-11-07,9274
3035,智原,17,2,15,凱基-鳳山,2024-11-07,9274
00919,群益台灣精選高息,49,35,14,凱基-鳳山,2024-11-07,9274
2332,友訊,23,11,12,凱基-鳳山,2024-11-07,9274
3189,景碩,17,6,11,凱基-鳳山,2024-11-07,9274
6005,群益證,11,0,11,凱基-鳳山,2024-11-07,9274
2812,台中銀,10,0,10,凱基-鳳山,2024-11-07,9274
00664R,國泰臺灣加權反1,10,0,10,凱基-鳳山,2024-11-07,9274
00950B,凱基A級公司債,10,0,10,凱基-鳳山,2024-11-07,9274
2393,億光,10,0,10,凱基-鳳山,2024-11-07,9274
4714,永捷,10,0,10,凱基-鳳山,2024-11-07,9274
6116,彩晶,11,1,10,凱基-鳳山,2024-11-07,9274
6120,達運,10,0,10,凱基-鳳山,2024-11-07,9274
6550,北極星藥業-KY,10,0,10,凱基-鳳山,2024-11-07,9274
9907,統一實,10,0,10,凱基-鳳山,2024-11-07,9274
2399,映泰,25,15,10,凱基-鳳山,2024-11-07,9274
00687B,國泰20年美債,17,8,9,凱基-鳳山,2024-11-07,9274
1464,得力,9,0,9,凱基-鳳山,2024-11-07,9274
1524,耿鼎,10,1,9,凱基-鳳山,2024-11-07,9274
1605,華新,9,0,9,凱基-鳳山,2024-11-07,9274
2363,矽統,11,2,9,凱基-鳳山,2024-11-07,9274
6213,聯茂,18,9,9,凱基-鳳山,2024-11-07,9274
6288,聯嘉,11,3,8,凱基-鳳山,2024-11-07,9274
2611,志信,8,0,8,凱基-鳳山,2024-11-07,9274
3118,進階,8,0,8,凱基-鳳山,2024-11-07,9274
3701,大眾控,8,0,8,凱基-鳳山,2024-11-07,9274
6821,聯寶,8,0,8,凱基-鳳山,2024-11-07,9274
00673R,期元大S＆P原油反1,302,0,302,凱基-鳳山,2024-11-08,9274
3062,建漢,253,124,129,凱基-鳳山,2024-11-08,9274
2610,華航,149,37,112,凱基-鳳山,2024-11-08,9274
00943,兆豐電子高息等權,104,0,104,凱基-鳳山,2024-11-08,9274
00932,兆豐永續高息等權,71,0,71,凱基-鳳山,2024-11-08,9274
2401,凌陽,60,0,60,凱基-鳳山,2024-11-08,9274
2515,中工,60,0,60,凱基-鳳山,2024-11-08,9274
0056,元大高股息,75,17,58,凱基-鳳山,2024-11-08,9274
5460,同協,57,0,57,凱基-鳳山,2024-11-08,9274
3481,群創,183,129,54,凱基-鳳山,2024-11-08,9274
2349,錸德,50,2,48,凱基-鳳山,2024-11-08,9274
6207,雷科,46,0,46,凱基-鳳山,2024-11-08,9274
5347,世界,42,0,42,凱基-鳳山,2024-11-08,9274
2489,瑞軒,35,0,35,凱基-鳳山,2024-11-08,9274
3715,定穎投控,31,0,31,凱基-鳳山,2024-11-08,9274
00753L,中信中國50正2,36,5,31,凱基-鳳山,2024-11-08,9274
00655L,國泰中國A50正2,25,0,25,凱基-鳳山,2024-11-08,9274
6505,台塑化,24,0,24,凱基-鳳山,2024-11-08,9274
1708,東鹼,24,0,24,凱基-鳳山,2024-11-08,9274
2328,廣宇,25,3,22,凱基-鳳山,2024-11-08,9274
2388,威盛,25,3,22,凱基-鳳山,2024-11-08,9274
00662,富邦NASDAQ,21,0,21,凱基-鳳山,2024-11-08,9274
2313,華通,28,8,20,凱基-鳳山,2024-11-08,9274
00905,FT臺灣Smart,20,0,20,凱基-鳳山,2024-11-08,9274
2103,台橡,20,1,19,凱基-鳳山,2024-11-08,9274
3014,聯陽,19,1,18,凱基-鳳山,2024-11-08,9274
00929,復華台灣科技優息,40,23,17,凱基-鳳山,2024-11-08,9274
2332,友訊,17,0,17,凱基-鳳山,2024-11-08,9274
3037,欣興,17,0,17,凱基-鳳山,2024-11-08,9274
5014,建錩,15,0,15,凱基-鳳山,2024-11-08,9274
1466,聚隆,15,0,15,凱基-鳳山,2024-11-08,9274
00795B,中信美國公債20年,14,0,14,凱基-鳳山,2024-11-08,9274
1711,永光,14,1,13,凱基-鳳山,2024-11-08,9274
9105,泰金寶-DR,32,19,13,凱基-鳳山,2024-11-08,9274
3338,泰碩,12,0,12,凱基-鳳山,2024-11-08,9274
6182,合晶,12,0,12,凱基-鳳山,2024-11-08,9274
1101,台泥,12,1,11,凱基-鳳山,2024-11-08,9274
3227,原相,16,6,10,凱基-鳳山,2024-11-08,9274
2365,昆盈,10,0,10,凱基-鳳山,2024-11-08,9274
2495,普安,26,16,10,凱基-鳳山,2024-11-08,9274
2913,農林,10,0,10,凱基-鳳山,2024-11-08,9274
3060,銘異,10,0,10,凱基-鳳山,2024-11-08,9274
6163,華電網,10,0,10,凱基-鳳山,2024-11-08,9274
6438,迅得,10,0,10,凱基-鳳山,2024-11-08,9274
8027,鈦昇,11,2,9,凱基-鳳山,2024-11-08,9274
2344,華邦電,15,6,9,凱基-鳳山,2024-11-08,9274
2613,中櫃,12,3,9,凱基-鳳山,2024-11-08,9274
2303,聯電,29,20,9,凱基-鳳山,2024-11-08,9274
2731,雄獅,11,3,8,凱基-鳳山,2024-11-08,9274
1815,富喬,13,5,8,凱基-鳳山,2024-11-08,9274
3481,群創,253,44,209,凱基-鳳山,2024-11-11,9274
00932,兆豐永續高息等權,152,0,152,凱基-鳳山,2024-11-11,9274
2610,華航,77,9,68,凱基-鳳山,2024-11-11,9274
1569,濱川,66,1,65,凱基-鳳山,2024-11-11,9274
00878,國泰永續高股息,79,21,58,凱基-鳳山,2024-11-11,9274
2324,仁寶,53,4,49,凱基-鳳山,2024-11-11,9274
1449,佳和,231,183,48,凱基-鳳山,2024-11-11,9274
4916,事欣科,87,41,46,凱基-鳳山,2024-11-11,9274
00882,中信中國高股息,38,0,38,凱基-鳳山,2024-11-11,9274
3202,樺晟,37,0,37,凱基-鳳山,2024-11-11,9274
00665L,富邦�琤肭磪囓�2,33,1,32,凱基-鳳山,2024-11-11,9274
2515,中工,31,0,31,凱基-鳳山,2024-11-11,9274
6290,良維,35,5,30,凱基-鳳山,2024-11-11,9274
00938,凱基優選30,30,0,30,凱基-鳳山,2024-11-11,9274
3321,同泰,30,0,30,凱基-鳳山,2024-11-11,9274
2449,京元電子,33,6,27,凱基-鳳山,2024-11-11,9274
2609,陽明,29,3,26,凱基-鳳山,2024-11-11,9274
2406,國碩,21,0,21,凱基-鳳山,2024-11-11,9274
3535,晶彩科,21,0,21,凱基-鳳山,2024-11-11,9274
1314,中石化,21,1,20,凱基-鳳山,2024-11-11,9274
2431,聯昌,20,0,20,凱基-鳳山,2024-11-11,9274
1301,台塑,30,11,19,凱基-鳳山,2024-11-11,9274
00929,復華台灣科技優息,20,2,18,凱基-鳳山,2024-11-11,9274
1460,宏遠,18,0,18,凱基-鳳山,2024-11-11,9274
6179,亞通,18,0,18,凱基-鳳山,2024-11-11,9274
2312,金寶,17,0,17,凱基-鳳山,2024-11-11,9274
9958,世紀鋼,40,23,17,凱基-鳳山,2024-11-11,9274
00919,群益台灣精選高息,18,1,17,凱基-鳳山,2024-11-11,9274
3231,緯創,23,7,16,凱基-鳳山,2024-11-11,9274
00631L,元大台灣50正2,17,1,16,凱基-鳳山,2024-11-11,9274
00713,元大台灣高息低波,16,0,16,凱基-鳳山,2024-11-11,9274
0056,元大高股息,17,1,16,凱基-鳳山,2024-11-11,9274
00948B,中信優息投資級債,15,0,15,凱基-鳳山,2024-11-11,9274
2353,宏��,14,0,14,凱基-鳳山,2024-11-11,9274
2615,萬海,70,56,14,凱基-鳳山,2024-11-11,9274
1326,台化,12,0,12,凱基-鳳山,2024-11-11,9274
2646,星宇航空,12,0,12,凱基-鳳山,2024-11-11,9274
5488,松普,14,2,12,凱基-鳳山,2024-11-11,9274
00637L,元大滬深300正2,61,50,11,凱基-鳳山,2024-11-11,9274
1312,國喬,11,0,11,凱基-鳳山,2024-11-11,9274
2313,華通,11,0,11,凱基-鳳山,2024-11-11,9274
2884,玉山金,11,0,11,凱基-鳳山,2024-11-11,9274
2834,臺企銀,10,0,10,凱基-鳳山,2024-11-11,9274
1595,川寶,11,1,10,凱基-鳳山,2024-11-11,9274
2613,中櫃,10,0,10,凱基-鳳山,2024-11-11,9274
2913,農林,10,0,10,凱基-鳳山,2024-11-11,9274
3047,訊舟,38,28,10,凱基-鳳山,2024-11-11,9274
3607,谷崧,10,0,10,凱基-鳳山,2024-11-11,9274
6207,雷科,10,0,10,凱基-鳳山,2024-11-11,9274
00891,中信關鍵半導體,9,0,9,凱基-鳳山,2024-11-11,9274
2356,英業達,232,19,213,凱基-鳳山,2024-11-12,9274
3481,群創,204,5,199,凱基-鳳山,2024-11-12,9274
00878,國泰永續高股息,240,89,151,凱基-鳳山,2024-11-12,9274
2883,凱基金,164,20,144,凱基-鳳山,2024-11-12,9274
2515,中工,99,0,99,凱基-鳳山,2024-11-12,9274
0056,元大高股息,112,15,97,凱基-鳳山,2024-11-12,9274
00753L,中信中國50正2,87,9,78,凱基-鳳山,2024-11-12,9274
1314,中石化,67,0,67,凱基-鳳山,2024-11-12,9274
00932,兆豐永續高息等權,55,0,55,凱基-鳳山,2024-11-12,9274
5243,乙盛-KY,55,3,52,凱基-鳳山,2024-11-12,9274
1301,台塑,59,14,45,凱基-鳳山,2024-11-12,9274
00665L,富邦�琤肭磪囓�2,42,0,42,凱基-鳳山,2024-11-12,9274
1524,耿鼎,58,22,36,凱基-鳳山,2024-11-12,9274
2845,遠東銀,35,0,35,凱基-鳳山,2024-11-12,9274
00631L,元大台灣50正2,35,1,34,凱基-鳳山,2024-11-12,9274
00881,國泰台灣5G+,32,0,32,凱基-鳳山,2024-11-12,9274
1326,台化,31,0,31,凱基-鳳山,2024-11-12,9274
00637L,元大滬深300正2,67,37,30,凱基-鳳山,2024-11-12,9274
1312,國喬,30,0,30,凱基-鳳山,2024-11-12,9274
00915,凱基優選高股息30,30,2,28,凱基-鳳山,2024-11-12,9274
1595,川寶,28,0,28,凱基-鳳山,2024-11-12,9274
2303,聯電,31,4,27,凱基-鳳山,2024-11-12,9274
2615,萬海,50,23,27,凱基-鳳山,2024-11-12,9274
2884,玉山金,27,0,27,凱基-鳳山,2024-11-12,9274
00929,復華台灣科技優息,38,12,26,凱基-鳳山,2024-11-12,9274
2367,燿華,25,0,25,凱基-鳳山,2024-11-12,9274
00930,永豐ESG低碳高息,24,0,24,凱基-鳳山,2024-11-12,9274
00713,元大台灣高息低波,23,0,23,凱基-鳳山,2024-11-12,9274
5871,中租-KY,24,1,23,凱基-鳳山,2024-11-12,9274
00715L,期街口布蘭特正2,22,0,22,凱基-鳳山,2024-11-12,9274
2913,農林,22,0,22,凱基-鳳山,2024-11-12,9274
6257,矽格,22,0,22,凱基-鳳山,2024-11-12,9274
3149,正達,21,1,20,凱基-鳳山,2024-11-12,9274
00887,永豐中國科技50大,20,0,20,凱基-鳳山,2024-11-12,9274
2612,中航,21,1,20,凱基-鳳山,2024-11-12,9274
4174,浩鼎,20,0,20,凱基-鳳山,2024-11-12,9274
6456,GIS-KY,20,0,20,凱基-鳳山,2024-11-12,9274
9105,泰金寶-DR,20,0,20,凱基-鳳山,2024-11-12,9274
6274,台燿,20,0,20,凱基-鳳山,2024-11-12,9274
0061,元大寶滬深,17,0,17,凱基-鳳山,2024-11-12,9274
8476,台境*,15,0,15,凱基-鳳山,2024-11-12,9274
2330,台積電,23,8,15,凱基-鳳山,2024-11-12,9274
2887,台新金,14,0,14,凱基-鳳山,2024-11-12,9274
2317,鴻海,29,16,13,凱基-鳳山,2024-11-12,9274
00927,群益半導體收益,13,0,13,凱基-鳳山,2024-11-12,9274
00891,中信關鍵半導體,13,0,13,凱基-鳳山,2024-11-12,9274
3607,谷崧,13,0,13,凱基-鳳山,2024-11-12,9274
4303,信立,14,1,13,凱基-鳳山,2024-11-12,9274
00692,富邦公司治理,13,0,13,凱基-鳳山,2024-11-12,9274
00946,群益科技高息成長,21,9,12,凱基-鳳山,2024-11-12,9274
00878,國泰永續高股息,265,0,265,凱基-鳳山,2024-11-13,9274
00680L,元大美債20正2,109,0,109,凱基-鳳山,2024-11-13,9274
3481,群創,114,9,105,凱基-鳳山,2024-11-13,9274
00907,永豐優息存股,103,0,103,凱基-鳳山,2024-11-13,9274
00679B,元大美債20年,70,0,70,凱基-鳳山,2024-11-13,9274
00687B,國泰20年美債,68,1,67,凱基-鳳山,2024-11-13,9274
2646,星宇航空,60,1,59,凱基-鳳山,2024-11-13,9274
00753L,中信中國50正2,56,0,56,凱基-鳳山,2024-11-13,9274
00953B,群益優選非投等債,50,0,50,凱基-鳳山,2024-11-13,9274
6505,台塑化,50,2,48,凱基-鳳山,2024-11-13,9274
2515,中工,45,0,45,凱基-鳳山,2024-11-13,9274
006208,富邦台50,45,0,45,凱基-鳳山,2024-11-13,9274
00713,元大台灣高息低波,42,0,42,凱基-鳳山,2024-11-13,9274
00665L,富邦�琤肭磪囓�2,44,10,34,凱基-鳳山,2024-11-13,9274
00915,凱基優選高股息30,37,5,32,凱基-鳳山,2024-11-13,9274
00924,復華S＆P500成長,29,0,29,凱基-鳳山,2024-11-13,9274
2881,富邦金,29,2,27,凱基-鳳山,2024-11-13,9274
1449,佳和,37,10,27,凱基-鳳山,2024-11-13,9274
6290,良維,28,2,26,凱基-鳳山,2024-11-13,9274
2867,三商壽,25,0,25,凱基-鳳山,2024-11-13,9274
2330,台積電,24,0,24,凱基-鳳山,2024-11-13,9274
6288,聯嘉,35,13,22,凱基-鳳山,2024-11-13,9274
2323,中環,22,0,22,凱基-鳳山,2024-11-13,9274
0056,元大高股息,21,0,21,凱基-鳳山,2024-11-13,9274
00795B,中信美國公債20年,21,0,21,凱基-鳳山,2024-11-13,9274
00757,統一FANG+,20,0,20,凱基-鳳山,2024-11-13,9274
00733,富邦臺灣中小,20,0,20,凱基-鳳山,2024-11-13,9274
2851,中再保,20,0,20,凱基-鳳山,2024-11-13,9274
2834,臺企銀,31,12,19,凱基-鳳山,2024-11-13,9274
1101,台泥,60,41,19,凱基-鳳山,2024-11-13,9274
3014,聯陽,19,0,19,凱基-鳳山,2024-11-13,9274
3062,建漢,27,9,18,凱基-鳳山,2024-11-13,9274
2892,第一金,18,0,18,凱基-鳳山,2024-11-13,9274
2317,鴻海,17,0,17,凱基-鳳山,2024-11-13,9274
3013,晟銘電,54,37,17,凱基-鳳山,2024-11-13,9274
1301,台塑,20,3,17,凱基-鳳山,2024-11-13,9274
00943,兆豐電子高息等權,15,0,15,凱基-鳳山,2024-11-13,9274
2027,大成鋼,14,0,14,凱基-鳳山,2024-11-13,9274
5347,世界,14,1,13,凱基-鳳山,2024-11-13,9274
2891,中信金,28,15,13,凱基-鳳山,2024-11-13,9274
00637L,元大滬深300正2,94,81,13,凱基-鳳山,2024-11-13,9274
2104,國際中橡,12,0,12,凱基-鳳山,2024-11-13,9274
5871,中租-KY,12,0,12,凱基-鳳山,2024-11-13,9274
00940,元大台灣價值高息,22,11,11,凱基-鳳山,2024-11-13,9274
1714,和桐,11,0,11,凱基-鳳山,2024-11-13,9274
5609,中菲行,11,0,11,凱基-鳳山,2024-11-13,9274
00923,群益台ESG低碳50,10,0,10,凱基-鳳山,2024-11-13,9274
2241,艾姆勒,10,0,10,凱基-鳳山,2024-11-13,9274
2743,山富,10,0,10,凱基-鳳山,2024-11-13,9274
2812,台中銀,10,0,10,凱基-鳳山,2024-11-13,9274
00878,國泰永續高股息,502,7,495,凱基-鳳山,2024-11-14,9274
3149,正達,146,1,145,凱基-鳳山,2024-11-14,9274
00932,兆豐永續高息等權,112,0,112,凱基-鳳山,2024-11-14,9274
2405,輔信,112,1,111,凱基-鳳山,2024-11-14,9274
4931,新盛力,144,55,89,凱基-鳳山,2024-11-14,9274
2431,聯昌,156,80,76,凱基-鳳山,2024-11-14,9274
1314,中石化,75,3,72,凱基-鳳山,2024-11-14,9274
5309,系統電,78,6,72,凱基-鳳山,2024-11-14,9274
00680L,元大美債20正2,85,25,60,凱基-鳳山,2024-11-14,9274
1326,台化,61,1,60,凱基-鳳山,2024-11-14,9274
1714,和桐,60,0,60,凱基-鳳山,2024-11-14,9274
1712,興農,54,0,54,凱基-鳳山,2024-11-14,9274
00679B,元大美債20年,51,0,51,凱基-鳳山,2024-11-14,9274
2367,燿華,50,0,50,凱基-鳳山,2024-11-14,9274
00953B,群益優選非投等債,50,0,50,凱基-鳳山,2024-11-14,9274
2337,旺宏,44,0,44,凱基-鳳山,2024-11-14,9274
00665L,富邦�琤肭磪囓�2,52,10,42,凱基-鳳山,2024-11-14,9274
00937B,群益ESG投等債20,41,2,39,凱基-鳳山,2024-11-14,9274
0056,元大高股息,39,0,39,凱基-鳳山,2024-11-14,9274
1595,川寶,62,30,32,凱基-鳳山,2024-11-14,9274
2515,中工,30,0,30,凱基-鳳山,2024-11-14,9274
00915,凱基優選高股息30,32,5,27,凱基-鳳山,2024-11-14,9274
2883,凱基金,24,0,24,凱基-鳳山,2024-11-14,9274
5488,松普,30,8,22,凱基-鳳山,2024-11-14,9274
00631L,元大台灣50正2,31,10,21,凱基-鳳山,2024-11-14,9274
1210,大成,21,0,21,凱基-鳳山,2024-11-14,9274
00947,台新臺灣IC設計,20,0,20,凱基-鳳山,2024-11-14,9274
00946,群益科技高息成長,30,11,19,凱基-鳳山,2024-11-14,9274
00715L,期街口布蘭特正2,18,0,18,凱基-鳳山,2024-11-14,9274
2495,普安,62,45,17,凱基-鳳山,2024-11-14,9274
00713,元大台灣高息低波,17,0,17,凱基-鳳山,2024-11-14,9274
00891,中信關鍵半導體,16,0,16,凱基-鳳山,2024-11-14,9274
1301,台塑,43,27,16,凱基-鳳山,2024-11-14,9274
2449,京元電子,17,1,16,凱基-鳳山,2024-11-14,9274
2312,金寶,24,8,16,凱基-鳳山,2024-11-14,9274
2882,國泰金,16,0,16,凱基-鳳山,2024-11-14,9274
00688L,國泰20年美債正2,14,0,14,凱基-鳳山,2024-11-14,9274
1449,佳和,20,6,14,凱基-鳳山,2024-11-14,9274
2344,華邦電,14,0,14,凱基-鳳山,2024-11-14,9274
2354,鴻準,40,26,14,凱基-鳳山,2024-11-14,9274
2615,萬海,26,13,13,凱基-鳳山,2024-11-14,9274
00951,台新日本半導體,13,0,13,凱基-鳳山,2024-11-14,9274
5426,振發,14,1,13,凱基-鳳山,2024-11-14,9274
00930,永豐ESG低碳高息,12,0,12,凱基-鳳山,2024-11-14,9274
2887,台新金,13,1,12,凱基-鳳山,2024-11-14,9274
8011,台通,13,2,11,凱基-鳳山,2024-11-14,9274
00900,富邦特選高股息30,11,0,11,凱基-鳳山,2024-11-14,9274
2884,玉山金,11,0,11,凱基-鳳山,2024-11-14,9274
00929,復華台灣科技優息,61,51,10,凱基-鳳山,2024-11-14,9274
2812,台中銀,10,0,10,凱基-鳳山,2024-11-14,9274
00878,國泰永續高股息,241,4,237,凱基-鳳山,2024-11-15,9274
3323,加百裕,202,57,145,凱基-鳳山,2024-11-15,9274
5309,系統電,141,10,131,凱基-鳳山,2024-11-15,9274
00637L,元大滬深300正2,114,3,111,凱基-鳳山,2024-11-15,9274
00937B,群益ESG投等債20,47,0,47,凱基-鳳山,2024-11-15,9274
2382,廣達,51,17,34,凱基-鳳山,2024-11-15,9274
4904,遠傳,32,0,32,凱基-鳳山,2024-11-15,9274
6138,茂達,30,0,30,凱基-鳳山,2024-11-15,9274
1611,中電,38,10,28,凱基-鳳山,2024-11-15,9274
2303,聯電,33,6,27,凱基-鳳山,2024-11-15,9274
00919,群益台灣精選高息,27,3,24,凱基-鳳山,2024-11-15,9274
5534,長虹,24,0,24,凱基-鳳山,2024-11-15,9274
00706L,期元大S＆P日圓正2,20,0,20,凱基-鳳山,2024-11-15,9274
2495,普安,43,24,19,凱基-鳳山,2024-11-15,9274
3227,原相,20,4,16,凱基-鳳山,2024-11-15,9274
00915,凱基優選高股息30,16,1,15,凱基-鳳山,2024-11-15,9274
00633L,富邦上証正2,15,0,15,凱基-鳳山,2024-11-15,9274
00943,兆豐電子高息等權,14,0,14,凱基-鳳山,2024-11-15,9274
3017,奇鋐,16,4,12,凱基-鳳山,2024-11-15,9274
1303,南亞,12,0,12,凱基-鳳山,2024-11-15,9274
5905,南仁湖,15,3,12,凱基-鳳山,2024-11-15,9274
2834,臺企銀,11,0,11,凱基-鳳山,2024-11-15,9274
3706,神達,75,64,11,凱基-鳳山,2024-11-15,9274
00932,兆豐永續高息等權,10,0,10,凱基-鳳山,2024-11-15,9274
00960,野村全球航運龍頭,10,0,10,凱基-鳳山,2024-11-15,9274
2464,盟立,10,0,10,凱基-鳳山,2024-11-15,9274
6257,矽格,10,0,10,凱基-鳳山,2024-11-15,9274
6278,台表科,10,0,10,凱基-鳳山,2024-11-15,9274
2317,鴻海,40,30,10,凱基-鳳山,2024-11-15,9274
00670L,富邦NASDAQ正2,9,0,9,凱基-鳳山,2024-11-15,9274
00712,復華富時不動產,10,1,9,凱基-鳳山,2024-11-15,9274
3715,定穎投控,8,0,8,凱基-鳳山,2024-11-15,9274
00887,永豐中國科技50大,12,4,8,凱基-鳳山,2024-11-15,9274
2027,大成鋼,10,2,8,凱基-鳳山,2024-11-15,9274
00930,永豐ESG低碳高息,7,0,7,凱基-鳳山,2024-11-15,9274
2349,錸德,13,6,7,凱基-鳳山,2024-11-15,9274
3324,雙鴻,9,2,7,凱基-鳳山,2024-11-15,9274
1560,中砂,7,0,7,凱基-鳳山,2024-11-15,9274
0056,元大高股息,7,1,6,凱基-鳳山,2024-11-15,9274
3045,台灣大,6,0,6,凱基-鳳山,2024-11-15,9274
00692,富邦公司治理,6,0,6,凱基-鳳山,2024-11-15,9274
2489,瑞軒,6,0,6,凱基-鳳山,2024-11-15,9274
3576,聯合再生,7,1,6,凱基-鳳山,2024-11-15,9274
00675L,富邦臺灣加權正2,5,0,5,凱基-鳳山,2024-11-15,9274
6505,台塑化,5,0,5,凱基-鳳山,2024-11-15,9274
00655L,國泰中國A50正2,5,0,5,凱基-鳳山,2024-11-15,9274
00753L,中信中國50正2,5,0,5,凱基-鳳山,2024-11-15,9274
00852L,國泰美國道瓊正2,5,0,5,凱基-鳳山,2024-11-15,9274
3594,磐儀,5,0,5,凱基-鳳山,2024-11-15,9274
6190,萬泰科,5,0,5,凱基-鳳山,2024-11-15,9274
00878,國泰永續高股息,223,4,219,凱基-鳳山,2024-11-18,9274
8044,網家,194,55,139,凱基-鳳山,2024-11-18,9274
00715L,期街口布蘭特正2,72,0,72,凱基-鳳山,2024-11-18,9274
1307,三芳,47,0,47,凱基-鳳山,2024-11-18,9274
2412,中華電,45,0,45,凱基-鳳山,2024-11-18,9274
2312,金寶,52,10,42,凱基-鳳山,2024-11-18,9274
2421,建準,40,1,39,凱基-鳳山,2024-11-18,9274
3211,順達,39,2,37,凱基-鳳山,2024-11-18,9274
3090,日電貿,48,11,37,凱基-鳳山,2024-11-18,9274
2354,鴻準,49,12,37,凱基-鳳山,2024-11-18,9274
2881,富邦金,36,0,36,凱基-鳳山,2024-11-18,9274
5488,松普,31,0,31,凱基-鳳山,2024-11-18,9274
00932,兆豐永續高息等權,30,0,30,凱基-鳳山,2024-11-18,9274
00885,富邦越南,25,0,25,凱基-鳳山,2024-11-18,9274
3062,建漢,36,11,25,凱基-鳳山,2024-11-18,9274
00935,野村臺灣新科技50,23,0,23,凱基-鳳山,2024-11-18,9274
3706,神達,79,58,21,凱基-鳳山,2024-11-18,9274
0056,元大高股息,23,2,21,凱基-鳳山,2024-11-18,9274
1467,南緯,20,0,20,凱基-鳳山,2024-11-18,9274
2913,農林,20,0,20,凱基-鳳山,2024-11-18,9274
3014,聯陽,19,0,19,凱基-鳳山,2024-11-18,9274
00930,永豐ESG低碳高息,16,0,16,凱基-鳳山,2024-11-18,9274
00909,國泰數位支付服務,16,0,16,凱基-鳳山,2024-11-18,9274
3047,訊舟,29,14,15,凱基-鳳山,2024-11-18,9274
2066,世德,31,17,14,凱基-鳳山,2024-11-18,9274
2317,鴻海,29,16,13,凱基-鳳山,2024-11-18,9274
3209,全科,13,0,13,凱基-鳳山,2024-11-18,9274
2344,華邦電,12,0,12,凱基-鳳山,2024-11-18,9274
1326,台化,18,6,12,凱基-鳳山,2024-11-18,9274
6505,台塑化,14,3,11,凱基-鳳山,2024-11-18,9274
00960,野村全球航運龍頭,11,0,11,凱基-鳳山,2024-11-18,9274
8097,常珵,12,1,11,凱基-鳳山,2024-11-18,9274
00631L,元大台灣50正2,12,2,10,凱基-鳳山,2024-11-18,9274
1587,吉茂,10,0,10,凱基-鳳山,2024-11-18,9274
2406,國碩,10,0,10,凱基-鳳山,2024-11-18,9274
3033,威健,10,0,10,凱基-鳳山,2024-11-18,9274
6180,橘子,10,0,10,凱基-鳳山,2024-11-18,9274
6415,矽力*-KY,10,0,10,凱基-鳳山,2024-11-18,9274
2027,大成鋼,16,7,9,凱基-鳳山,2024-11-18,9274
00713,元大台灣高息低波,11,3,8,凱基-鳳山,2024-11-18,9274
2356,英業達,27,19,8,凱基-鳳山,2024-11-18,9274
00632R,元大台灣50反1,10,2,8,凱基-鳳山,2024-11-18,9274
2464,盟立,9,2,7,凱基-鳳山,2024-11-18,9274
3711,日月光投控,8,1,7,凱基-鳳山,2024-11-18,9274
8028,昇陽半導體,7,0,7,凱基-鳳山,2024-11-18,9274
2330,台積電,10,4,6,凱基-鳳山,2024-11-18,9274
3374,精材,11,5,6,凱基-鳳山,2024-11-18,9274
00911,兆豐洲際半導體,6,0,6,凱基-鳳山,2024-11-18,9274
2323,中環,6,0,6,凱基-鳳山,2024-11-18,9274
2360,致茂,6,0,6,凱基-鳳山,2024-11-18,9274
3481,群創,223,66,157,凱基-鳳山,2024-11-19,9274
2312,金寶,138,37,101,凱基-鳳山,2024-11-19,9274
1301,台塑,99,2,97,凱基-鳳山,2024-11-19,9274
2883,凱基金,71,0,71,凱基-鳳山,2024-11-19,9274
00637L,元大滬深300正2,90,32,58,凱基-鳳山,2024-11-19,9274
2431,聯昌,59,3,56,凱基-鳳山,2024-11-19,9274
00929,復華台灣科技優息,63,8,55,凱基-鳳山,2024-11-19,9274
3625,西勝,56,3,53,凱基-鳳山,2024-11-19,9274
2618,長榮航,49,2,47,凱基-鳳山,2024-11-19,9274
2929,淘帝-KY,38,0,38,凱基-鳳山,2024-11-19,9274
00878,國泰永續高股息,43,10,33,凱基-鳳山,2024-11-19,9274
1595,川寶,31,0,31,凱基-鳳山,2024-11-19,9274
2317,鴻海,41,17,24,凱基-鳳山,2024-11-19,9274
9105,泰金寶-DR,57,34,23,凱基-鳳山,2024-11-19,9274
2884,玉山金,21,0,21,凱基-鳳山,2024-11-19,9274
1711,永光,19,0,19,凱基-鳳山,2024-11-19,9274
1101,台泥,60,42,18,凱基-鳳山,2024-11-19,9274
00633L,富邦上証正2,13,0,13,凱基-鳳山,2024-11-19,9274
1314,中石化,15,2,13,凱基-鳳山,2024-11-19,9274
2027,大成鋼,18,5,13,凱基-鳳山,2024-11-19,9274
3231,緯創,17,5,12,凱基-鳳山,2024-11-19,9274
1326,台化,13,2,11,凱基-鳳山,2024-11-19,9274
3090,日電貿,11,0,11,凱基-鳳山,2024-11-19,9274
6438,迅得,15,4,11,凱基-鳳山,2024-11-19,9274
2881,富邦金,11,0,11,凱基-鳳山,2024-11-19,9274
00665L,富邦�琤肭磪囓�2,20,10,10,凱基-鳳山,2024-11-19,9274
00664R,國泰臺灣加權反1,10,0,10,凱基-鳳山,2024-11-19,9274
1447,力鵬,10,0,10,凱基-鳳山,2024-11-19,9274
2387,精元,13,3,10,凱基-鳳山,2024-11-19,9274
3118,進階,10,0,10,凱基-鳳山,2024-11-19,9274
3711,日月光投控,18,9,9,凱基-鳳山,2024-11-19,9274
2382,廣達,11,3,8,凱基-鳳山,2024-11-19,9274
8097,常珵,9,1,8,凱基-鳳山,2024-11-19,9274
00887,永豐中國科技50大,7,0,7,凱基-鳳山,2024-11-19,9274
6186,新潤,7,0,7,凱基-鳳山,2024-11-19,9274
00713,元大台灣高息低波,8,2,6,凱基-鳳山,2024-11-19,9274
2349,錸德,13,7,6,凱基-鳳山,2024-11-19,9274
6182,合晶,10,4,6,凱基-鳳山,2024-11-19,9274
2066,世德,16,10,6,凱基-鳳山,2024-11-19,9274
00670L,富邦NASDAQ正2,5,0,5,凱基-鳳山,2024-11-19,9274
00655L,國泰中國A50正2,5,0,5,凱基-鳳山,2024-11-19,9274
00937B,群益ESG投等債20,5,0,5,凱基-鳳山,2024-11-19,9274
1540,喬福,5,0,5,凱基-鳳山,2024-11-19,9274
2891,中信金,55,50,5,凱基-鳳山,2024-11-19,9274
3013,晟銘電,13,8,5,凱基-鳳山,2024-11-19,9274
3033,威健,5,0,5,凱基-鳳山,2024-11-19,9274
3041,揚智,5,0,5,凱基-鳳山,2024-11-19,9274
3490,單井,5,0,5,凱基-鳳山,2024-11-19,9274
5905,南仁湖,5,0,5,凱基-鳳山,2024-11-19,9274
6224,聚鼎,5,0,5,凱基-鳳山,2024-11-19,9274
3481,群創,361,50,311,凱基-鳳山,2024-11-20,9274
3323,加百裕,300,134,166,凱基-鳳山,2024-11-20,9274
2354,鴻準,127,20,107,凱基-鳳山,2024-11-20,9274
1101,台泥,114,20,94,凱基-鳳山,2024-11-20,9274
1303,南亞,76,0,76,凱基-鳳山,2024-11-20,9274
00932,兆豐永續高息等權,48,0,48,凱基-鳳山,2024-11-20,9274
9105,泰金寶-DR,62,19,43,凱基-鳳山,2024-11-20,9274
3625,西勝,37,0,37,凱基-鳳山,2024-11-20,9274
00929,復華台灣科技優息,38,4,34,凱基-鳳山,2024-11-20,9274
1301,台塑,32,0,32,凱基-鳳山,2024-11-20,9274
00632R,元大台灣50反1,30,0,30,凱基-鳳山,2024-11-20,9274
00680L,元大美債20正2,30,0,30,凱基-鳳山,2024-11-20,9274
2834,臺企銀,33,5,28,凱基-鳳山,2024-11-20,9274
2329,華泰,25,1,24,凱基-鳳山,2024-11-20,9274
00885,富邦越南,22,0,22,凱基-鳳山,2024-11-20,9274
5243,乙盛-KY,24,2,22,凱基-鳳山,2024-11-20,9274
00930,永豐ESG低碳高息,20,0,20,凱基-鳳山,2024-11-20,9274
2368,金像電,20,0,20,凱基-鳳山,2024-11-20,9274
2601,益航,20,0,20,凱基-鳳山,2024-11-20,9274
00915,凱基優選高股息30,19,0,19,凱基-鳳山,2024-11-20,9274
3014,聯陽,19,0,19,凱基-鳳山,2024-11-20,9274
3450,聯鈞,31,15,16,凱基-鳳山,2024-11-20,9274
3047,訊舟,49,33,16,凱基-鳳山,2024-11-20,9274
6558,興能高,16,0,16,凱基-鳳山,2024-11-20,9274
00940,元大台灣價值高息,15,0,15,凱基-鳳山,2024-11-20,9274
2349,錸德,33,18,15,凱基-鳳山,2024-11-20,9274
3360,尚立,15,0,15,凱基-鳳山,2024-11-20,9274
2392,正崴,15,2,13,凱基-鳳山,2024-11-20,9274
2066,世德,23,10,13,凱基-鳳山,2024-11-20,9274
3019,亞光,16,3,13,凱基-鳳山,2024-11-20,9274
2489,瑞軒,11,0,11,凱基-鳳山,2024-11-20,9274
2312,金寶,18,7,11,凱基-鳳山,2024-11-20,9274
00679B,元大美債20年,10,0,10,凱基-鳳山,2024-11-20,9274
3706,神達,101,91,10,凱基-鳳山,2024-11-20,9274
3062,建漢,13,3,10,凱基-鳳山,2024-11-20,9274
00948B,中信優息投資級債,10,0,10,凱基-鳳山,2024-11-20,9274
00959B,大華投等美債15Y+,10,0,10,凱基-鳳山,2024-11-20,9274
2449,京元電子,10,0,10,凱基-鳳山,2024-11-20,9274
2897,王道銀行,10,0,10,凱基-鳳山,2024-11-20,9274
5314,世紀,10,0,10,凱基-鳳山,2024-11-20,9274
6763,綠界科技*,10,0,10,凱基-鳳山,2024-11-20,9274
0056,元大高股息,14,4,10,凱基-鳳山,2024-11-20,9274
2605,新興,10,1,9,凱基-鳳山,2024-11-20,9274
8039,台虹,9,0,9,凱基-鳳山,2024-11-20,9274
2382,廣達,11,3,8,凱基-鳳山,2024-11-20,9274
00935,野村臺灣新科技50,8,0,8,凱基-鳳山,2024-11-20,9274
4535,至興,8,0,8,凱基-鳳山,2024-11-20,9274
2356,英業達,19,12,7,凱基-鳳山,2024-11-20,9274
3227,原相,7,0,7,凱基-鳳山,2024-11-20,9274
8929,富堡,7,0,7,凱基-鳳山,2024-11-20,9274
00878,國泰永續高股息,70,0,70,凱基-鳳山,2024-11-21,9274
2881,富邦金,51,1,50,凱基-鳳山,2024-11-21,9274
3014,聯陽,45,0,45,凱基-鳳山,2024-11-21,9274
2354,鴻準,59,20,39,凱基-鳳山,2024-11-21,9274
1101,台泥,80,41,39,凱基-鳳山,2024-11-21,9274
00929,復華台灣科技優息,41,5,36,凱基-鳳山,2024-11-21,9274
00919,群益台灣精選高息,31,0,31,凱基-鳳山,2024-11-21,9274
00637L,元大滬深300正2,30,0,30,凱基-鳳山,2024-11-21,9274
2204,中華,45,16,29,凱基-鳳山,2024-11-21,9274
2601,益航,27,0,27,凱基-鳳山,2024-11-21,9274
1301,台塑,30,5,25,凱基-鳳山,2024-11-21,9274
9907,統一實,25,0,25,凱基-鳳山,2024-11-21,9274
2314,台揚,20,0,20,凱基-鳳山,2024-11-21,9274
4934,太極,30,10,20,凱基-鳳山,2024-11-21,9274
3558,神準,19,1,18,凱基-鳳山,2024-11-21,9274
2890,永豐金,17,0,17,凱基-鳳山,2024-11-21,9274
8047,星雲,22,5,17,凱基-鳳山,2024-11-21,9274
2324,仁寶,16,2,14,凱基-鳳山,2024-11-21,9274
3705,永信,14,0,14,凱基-鳳山,2024-11-21,9274
2303,聯電,33,19,14,凱基-鳳山,2024-11-21,9274
6282,康舒,18,5,13,凱基-鳳山,2024-11-21,9274
2618,長榮航,14,3,11,凱基-鳳山,2024-11-21,9274
6550,北極星藥業-KY,11,0,11,凱基-鳳山,2024-11-21,9274
1321,大洋,10,0,10,凱基-鳳山,2024-11-21,9274
2105,正新,12,2,10,凱基-鳳山,2024-11-21,9274
2313,華通,10,0,10,凱基-鳳山,2024-11-21,9274
2323,中環,10,0,10,凱基-鳳山,2024-11-21,9274
0050,元大台灣50,10,0,10,凱基-鳳山,2024-11-21,9274
2812,台中銀,10,1,9,凱基-鳳山,2024-11-21,9274
1471,首利,13,5,8,凱基-鳳山,2024-11-21,9274
2066,世德,19,11,8,凱基-鳳山,2024-11-21,9274
4977,眾達-KY,13,5,8,凱基-鳳山,2024-11-21,9274
00941,中信上游半導體,7,0,7,凱基-鳳山,2024-11-21,9274
2349,錸德,26,19,7,凱基-鳳山,2024-11-21,9274
2431,聯昌,8,1,7,凱基-鳳山,2024-11-21,9274
00935,野村臺灣新科技50,6,0,6,凱基-鳳山,2024-11-21,9274
2317,鴻海,14,8,6,凱基-鳳山,2024-11-21,9274
00937B,群益ESG投等債20,6,0,6,凱基-鳳山,2024-11-21,9274
2027,大成鋼,11,5,6,凱基-鳳山,2024-11-21,9274
2439,美律,6,0,6,凱基-鳳山,2024-11-21,9274
00713,元大台灣高息低波,5,0,5,凱基-鳳山,2024-11-21,9274
00923,群益台ESG低碳50,5,0,5,凱基-鳳山,2024-11-21,9274
5871,中租-KY,5,0,5,凱基-鳳山,2024-11-21,9274
2360,致茂,5,0,5,凱基-鳳山,2024-11-21,9274
00934,中信成長高股息,5,0,5,凱基-鳳山,2024-11-21,9274
00885,富邦越南,5,0,5,凱基-鳳山,2024-11-21,9274
00882,中信中國高股息,5,0,5,凱基-鳳山,2024-11-21,9274
00946,群益科技高息成長,5,0,5,凱基-鳳山,2024-11-21,9274
00960,野村全球航運龍頭,5,0,5,凱基-鳳山,2024-11-21,9274
2329,華泰,5,0,5,凱基-鳳山,2024-11-21,9274
00953B,群益優選非投等債,116,0,116,凱基-鳳山,2024-11-22,9274
6282,康舒,78,1,77,凱基-鳳山,2024-11-22,9274
2609,陽明,102,28,74,凱基-鳳山,2024-11-22,9274
2867,三商壽,61,0,61,凱基-鳳山,2024-11-22,9274
2605,新興,31,0,31,凱基-鳳山,2024-11-22,9274
8085,福華,31,0,31,凱基-鳳山,2024-11-22,9274
3323,加百裕,110,84,26,凱基-鳳山,2024-11-22,9274
00637L,元大滬深300正2,77,52,25,凱基-鳳山,2024-11-22,9274
2331,精英,30,5,25,凱基-鳳山,2024-11-22,9274
3022,威強電,27,2,25,凱基-鳳山,2024-11-22,9274
3625,西勝,24,0,24,凱基-鳳山,2024-11-22,9274
3710,連展投控,24,0,24,凱基-鳳山,2024-11-22,9274
3027,盛達,36,15,21,凱基-鳳山,2024-11-22,9274
1466,聚隆,20,0,20,凱基-鳳山,2024-11-22,9274
8047,星雲,20,0,20,凱基-鳳山,2024-11-22,9274
00932,兆豐永續高息等權,33,15,18,凱基-鳳山,2024-11-22,9274
8104,錸寶,23,6,17,凱基-鳳山,2024-11-22,9274
2354,鴻準,45,29,16,凱基-鳳山,2024-11-22,9274
3015,全漢,16,0,16,凱基-鳳山,2024-11-22,9274
00632R,元大台灣50反1,15,0,15,凱基-鳳山,2024-11-22,9274
2349,錸德,26,12,14,凱基-鳳山,2024-11-22,9274
3211,順達,17,4,13,凱基-鳳山,2024-11-22,9274
0056,元大高股息,16,3,13,凱基-鳳山,2024-11-22,9274
8038,長園科,13,0,13,凱基-鳳山,2024-11-22,9274
2317,鴻海,16,3,13,凱基-鳳山,2024-11-22,9274
6438,迅得,14,2,12,凱基-鳳山,2024-11-22,9274
2891,中信金,113,101,12,凱基-鳳山,2024-11-22,9274
2885,元大金,12,0,12,凱基-鳳山,2024-11-22,9274
4974,亞泰,12,0,12,凱基-鳳山,2024-11-22,9274
00665L,富邦�琤肭磪囓�2,11,0,11,凱基-鳳山,2024-11-22,9274
00959B,大華投等美債15Y+,11,0,11,凱基-鳳山,2024-11-22,9274
1416,廣豐,11,0,11,凱基-鳳山,2024-11-22,9274
2303,聯電,18,7,11,凱基-鳳山,2024-11-22,9274
00878,國泰永續高股息,13,2,11,凱基-鳳山,2024-11-22,9274
00690,兆豐藍籌30,10,0,10,凱基-鳳山,2024-11-22,9274
00960,野村全球航運龍頭,10,0,10,凱基-鳳山,2024-11-22,9274
00664R,國泰臺灣加權反1,10,0,10,凱基-鳳山,2024-11-22,9274
00680L,元大美債20正2,10,0,10,凱基-鳳山,2024-11-22,9274
00948B,中信優息投資級債,20,10,10,凱基-鳳山,2024-11-22,9274
1605,華新,10,0,10,凱基-鳳山,2024-11-22,9274
1721,三晃,10,0,10,凱基-鳳山,2024-11-22,9274
3290,東浦,20,11,9,凱基-鳳山,2024-11-22,9274
2603,長榮,75,67,8,凱基-鳳山,2024-11-22,9274
00753L,中信中國50正2,8,0,8,凱基-鳳山,2024-11-22,9274
00633L,富邦上証正2,8,0,8,凱基-鳳山,2024-11-22,9274
3552,同致,8,0,8,凱基-鳳山,2024-11-22,9274
1611,中電,7,0,7,凱基-鳳山,2024-11-22,9274
2399,映泰,7,0,7,凱基-鳳山,2024-11-22,9274
2539,櫻花建,7,0,7,凱基-鳳山,2024-11-22,9274
8171,天宇,64,57,7,凱基-鳳山,2024-11-22,9274
00673R,期元大S＆P原油反1,600,0,600,凱基-鳳山,2024-11-25,9274
00753L,中信中國50正2,166,8,158,凱基-鳳山,2024-11-25,9274
00959B,大華投等美債15Y+,147,0,147,凱基-鳳山,2024-11-25,9274
2888,新光金,100,0,100,凱基-鳳山,2024-11-25,9274
2603,長榮,143,75,68,凱基-鳳山,2024-11-25,9274
9105,泰金寶-DR,105,38,67,凱基-鳳山,2024-11-25,9274
3481,群創,67,8,59,凱基-鳳山,2024-11-25,9274
9933,中鼎,45,0,45,凱基-鳳山,2024-11-25,9274
4960,誠美材,40,0,40,凱基-鳳山,2024-11-25,9274
2884,玉山金,36,5,31,凱基-鳳山,2024-11-25,9274
00953B,群益優選非投等債,25,0,25,凱基-鳳山,2024-11-25,9274
6443,元晶,30,5,25,凱基-鳳山,2024-11-25,9274
00637L,元大滬深300正2,62,38,24,凱基-鳳山,2024-11-25,9274
2605,新興,31,9,22,凱基-鳳山,2024-11-25,9274
2646,星宇航空,21,0,21,凱基-鳳山,2024-11-25,9274
00950B,凱基A級公司債,20,0,20,凱基-鳳山,2024-11-25,9274
8038,長園科,22,2,20,凱基-鳳山,2024-11-25,9274
00940,元大台灣價值高息,18,0,18,凱基-鳳山,2024-11-25,9274
2371,大同,25,7,18,凱基-鳳山,2024-11-25,9274
6546,正基,18,1,17,凱基-鳳山,2024-11-25,9274
4909,新復興,17,1,16,凱基-鳳山,2024-11-25,9274
2881,富邦金,16,0,16,凱基-鳳山,2024-11-25,9274
00946,群益科技高息成長,13,0,13,凱基-鳳山,2024-11-25,9274
2449,京元電子,19,6,13,凱基-鳳山,2024-11-25,9274
4956,光鋐,20,7,13,凱基-鳳山,2024-11-25,9274
00635U,期元大S＆P黃金,12,0,12,凱基-鳳山,2024-11-25,9274
3005,神基,12,0,12,凱基-鳳山,2024-11-25,9274
6120,達運,12,0,12,凱基-鳳山,2024-11-25,9274
8047,星雲,17,5,12,凱基-鳳山,2024-11-25,9274
2382,廣達,10,0,10,凱基-鳳山,2024-11-25,9274
00770,國泰北美科技,10,0,10,凱基-鳳山,2024-11-25,9274
1711,永光,15,5,10,凱基-鳳山,2024-11-25,9274
2405,輔信,20,10,10,凱基-鳳山,2024-11-25,9274
2485,兆赫,10,0,10,凱基-鳳山,2024-11-25,9274
3149,正達,16,6,10,凱基-鳳山,2024-11-25,9274
5488,松普,10,0,10,凱基-鳳山,2024-11-25,9274
6550,北極星藥業-KY,10,0,10,凱基-鳳山,2024-11-25,9274
2344,華邦電,10,0,10,凱基-鳳山,2024-11-25,9274
2354,鴻準,44,35,9,凱基-鳳山,2024-11-25,9274
1595,川寶,10,1,9,凱基-鳳山,2024-11-25,9274
00960,野村全球航運龍頭,8,0,8,凱基-鳳山,2024-11-25,9274
8171,天宇,33,25,8,凱基-鳳山,2024-11-25,9274
2367,燿華,16,9,7,凱基-鳳山,2024-11-25,9274
5007,三星,7,0,7,凱基-鳳山,2024-11-25,9274
5347,世界,7,0,7,凱基-鳳山,2024-11-25,9274
2330,台積電,7,1,6,凱基-鳳山,2024-11-25,9274
2066,世德,8,2,6,凱基-鳳山,2024-11-25,9274
2393,億光,6,0,6,凱基-鳳山,2024-11-25,9274
2891,中信金,7,1,6,凱基-鳳山,2024-11-25,9274
3317,尼克森,7,1,6,凱基-鳳山,2024-11-25,9274
6962,ITH-KY,133,9,124,凱基-鳳山,2024-11-26,9274
2409,友達,122,1,121,凱基-鳳山,2024-11-26,9274
5309,系統電,160,85,75,凱基-鳳山,2024-11-26,9274
1815,富喬,126,62,64,凱基-鳳山,2024-11-26,9274
2515,中工,60,0,60,凱基-鳳山,2024-11-26,9274
2371,大同,61,5,56,凱基-鳳山,2024-11-26,9274
1432,大魯閣,47,0,47,凱基-鳳山,2024-11-26,9274
6118,建達,46,0,46,凱基-鳳山,2024-11-26,9274
2317,鴻海,53,8,45,凱基-鳳山,2024-11-26,9274
3323,加百裕,63,22,41,凱基-鳳山,2024-11-26,9274
2392,正崴,65,25,40,凱基-鳳山,2024-11-26,9274
00878,國泰永續高股息,39,0,39,凱基-鳳山,2024-11-26,9274
2344,華邦電,38,0,38,凱基-鳳山,2024-11-26,9274
8171,天宇,32,0,32,凱基-鳳山,2024-11-26,9274
6282,康舒,30,0,30,凱基-鳳山,2024-11-26,9274
2615,萬海,55,25,30,凱基-鳳山,2024-11-26,9274
1718,中纖,30,4,26,凱基-鳳山,2024-11-26,9274
9105,泰金寶-DR,55,30,25,凱基-鳳山,2024-11-26,9274
2498,宏達電,23,0,23,凱基-鳳山,2024-11-26,9274
00935,野村臺灣新科技50,22,0,22,凱基-鳳山,2024-11-26,9274
3558,神準,21,0,21,凱基-鳳山,2024-11-26,9274
6505,台塑化,21,0,21,凱基-鳳山,2024-11-26,9274
3231,緯創,27,6,21,凱基-鳳山,2024-11-26,9274
00950B,凱基A級公司債,20,0,20,凱基-鳳山,2024-11-26,9274
2340,台亞,20,0,20,凱基-鳳山,2024-11-26,9274
00946,群益科技高息成長,16,0,16,凱基-鳳山,2024-11-26,9274
8429,金麗-KY,16,0,16,凱基-鳳山,2024-11-26,9274
2354,鴻準,18,3,15,凱基-鳳山,2024-11-26,9274
2881,富邦金,15,0,15,凱基-鳳山,2024-11-26,9274
00631L,元大台灣50正2,21,6,15,凱基-鳳山,2024-11-26,9274
00915,凱基優選高股息30,15,0,15,凱基-鳳山,2024-11-26,9274
3625,西勝,15,0,15,凱基-鳳山,2024-11-26,9274
4934,太極,15,0,15,凱基-鳳山,2024-11-26,9274
00918,大華優利高填息30,14,0,14,凱基-鳳山,2024-11-26,9274
2324,仁寶,45,32,13,凱基-鳳山,2024-11-26,9274
2426,鼎元,15,2,13,凱基-鳳山,2024-11-26,9274
3706,神達,53,41,12,凱基-鳳山,2024-11-26,9274
2066,世德,12,0,12,凱基-鳳山,2024-11-26,9274
1314,中石化,15,4,11,凱基-鳳山,2024-11-26,9274
00900,富邦特選高股息30,10,0,10,凱基-鳳山,2024-11-26,9274
00953B,群益優選非投等債,10,0,10,凱基-鳳山,2024-11-26,9274
1595,川寶,11,1,10,凱基-鳳山,2024-11-26,9274
1808,潤隆,10,0,10,凱基-鳳山,2024-11-26,9274
2367,燿華,11,1,10,凱基-鳳山,2024-11-26,9274
2890,永豐金,10,0,10,凱基-鳳山,2024-11-26,9274
6288,聯嘉,10,0,10,凱基-鳳山,2024-11-26,9274
6770,力積電,17,7,10,凱基-鳳山,2024-11-26,9274
9904,寶成,14,4,10,凱基-鳳山,2024-11-26,9274
2330,台積電,10,0,10,凱基-鳳山,2024-11-26,9274
2845,遠東銀,10,1,9,凱基-鳳山,2024-11-26,9274
3481,群創,211,24,187,凱基-鳳山,2024-11-27,9274
00878,國泰永續高股息,156,1,155,凱基-鳳山,2024-11-27,9274
00919,群益台灣精選高息,147,0,147,凱基-鳳山,2024-11-27,9274
2392,正崴,211,74,137,凱基-鳳山,2024-11-27,9274
2515,中工,108,0,108,凱基-鳳山,2024-11-27,9274
00937B,群益ESG投等債20,100,0,100,凱基-鳳山,2024-11-27,9274
5309,系統電,108,28,80,凱基-鳳山,2024-11-27,9274
3710,連展投控,89,10,79,凱基-鳳山,2024-11-27,9274
2204,中華,66,10,56,凱基-鳳山,2024-11-27,9274
0056,元大高股息,53,0,53,凱基-鳳山,2024-11-27,9274
3014,聯陽,51,0,51,凱基-鳳山,2024-11-27,9274
6142,友勁,50,0,50,凱基-鳳山,2024-11-27,9274
2303,聯電,51,8,43,凱基-鳳山,2024-11-27,9274
2324,仁寶,69,31,38,凱基-鳳山,2024-11-27,9274
00940,元大台灣價值高息,34,3,31,凱基-鳳山,2024-11-27,9274
6288,聯嘉,32,2,30,凱基-鳳山,2024-11-27,9274
00632R,元大台灣50反1,31,2,29,凱基-鳳山,2024-11-27,9274
2371,大同,42,14,28,凱基-鳳山,2024-11-27,9274
00935,野村臺灣新科技50,27,1,26,凱基-鳳山,2024-11-27,9274
1718,中纖,30,4,26,凱基-鳳山,2024-11-27,9274
00938,凱基優選30,24,1,23,凱基-鳳山,2024-11-27,9274
9105,泰金寶-DR,37,16,21,凱基-鳳山,2024-11-27,9274
1301,台塑,20,0,20,凱基-鳳山,2024-11-27,9274
3558,神準,23,3,20,凱基-鳳山,2024-11-27,9274
5488,松普,20,0,20,凱基-鳳山,2024-11-27,9274
9103,美德醫療-DR,20,0,20,凱基-鳳山,2024-11-27,9274
00927,群益半導體收益,18,0,18,凱基-鳳山,2024-11-27,9274
00918,大華優利高填息30,18,0,18,凱基-鳳山,2024-11-27,9274
2027,大成鋼,23,5,18,凱基-鳳山,2024-11-27,9274
2317,鴻海,34,17,17,凱基-鳳山,2024-11-27,9274
2356,英業達,34,17,17,凱基-鳳山,2024-11-27,9274
5905,南仁湖,17,0,17,凱基-鳳山,2024-11-27,9274
00631L,元大台灣50正2,18,1,17,凱基-鳳山,2024-11-27,9274
2881,富邦金,16,0,16,凱基-鳳山,2024-11-27,9274
00923,群益台ESG低碳50,16,0,16,凱基-鳳山,2024-11-27,9274
1708,東鹼,16,0,16,凱基-鳳山,2024-11-27,9274
1536,和大,30,14,16,凱基-鳳山,2024-11-27,9274
3231,緯創,30,15,15,凱基-鳳山,2024-11-27,9274
2603,長榮,148,133,15,凱基-鳳山,2024-11-27,9274
00715L,期街口布蘭特正2,15,0,15,凱基-鳳山,2024-11-27,9274
00891,中信關鍵半導體,15,0,15,凱基-鳳山,2024-11-27,9274
3035,智原,14,0,14,凱基-鳳山,2024-11-27,9274
2486,一詮,14,0,14,凱基-鳳山,2024-11-27,9274
6116,彩晶,15,1,14,凱基-鳳山,2024-11-27,9274
6962,ITH-KY,31,17,14,凱基-鳳山,2024-11-27,9274
1540,喬福,29,16,13,凱基-鳳山,2024-11-27,9274
4562,穎漢,57,44,13,凱基-鳳山,2024-11-27,9274
6546,正基,18,5,13,凱基-鳳山,2024-11-27,9274
8033,雷虎,13,0,13,凱基-鳳山,2024-11-27,9274
00915,凱基優選高股息30,13,0,13,凱基-鳳山,2024-11-27,9274
00937B,群益ESG投等債20,300,15,285,凱基-鳳山,2024-11-28,9274
8171,天宇,209,15,194,凱基-鳳山,2024-11-28,9274
00919,群益台灣精選高息,175,0,175,凱基-鳳山,2024-11-28,9274
2312,金寶,257,160,97,凱基-鳳山,2024-11-28,9274
0056,元大高股息,69,1,68,凱基-鳳山,2024-11-28,9274
4510,高鋒,158,96,62,凱基-鳳山,2024-11-28,9274
5309,系統電,66,5,61,凱基-鳳山,2024-11-28,9274
00943,兆豐電子高息等權,55,0,55,凱基-鳳山,2024-11-28,9274
2412,中華電,51,0,51,凱基-鳳山,2024-11-28,9274
00940,元大台灣價值高息,46,2,44,凱基-鳳山,2024-11-28,9274
00922,國泰台灣領袖50,44,1,43,凱基-鳳山,2024-11-28,9274
2354,鴻準,37,5,32,凱基-鳳山,2024-11-28,9274
00950B,凱基A級公司債,30,0,30,凱基-鳳山,2024-11-28,9274
2409,友達,30,1,29,凱基-鳳山,2024-11-28,9274
2066,世德,43,15,28,凱基-鳳山,2024-11-28,9274
1815,富喬,82,56,26,凱基-鳳山,2024-11-28,9274
00878,國泰永續高股息,90,64,26,凱基-鳳山,2024-11-28,9274
1718,中纖,26,0,26,凱基-鳳山,2024-11-28,9274
00720B,元大投資級公司債,25,0,25,凱基-鳳山,2024-11-28,9274
00725B,國泰投資級公司債,25,1,24,凱基-鳳山,2024-11-28,9274
1314,中石化,20,0,20,凱基-鳳山,2024-11-28,9274
3323,加百裕,28,8,20,凱基-鳳山,2024-11-28,9274
2615,萬海,25,7,18,凱基-鳳山,2024-11-28,9274
4971,IET-KY,26,9,17,凱基-鳳山,2024-11-28,9274
00907,永豐優息存股,15,0,15,凱基-鳳山,2024-11-28,9274
2402,毅嘉,16,1,15,凱基-鳳山,2024-11-28,9274
00915,凱基優選高股息30,14,0,14,凱基-鳳山,2024-11-28,9274
2882,國泰金,13,0,13,凱基-鳳山,2024-11-28,9274
2881,富邦金,13,1,12,凱基-鳳山,2024-11-28,9274
2489,瑞軒,13,1,12,凱基-鳳山,2024-11-28,9274
3231,緯創,16,5,11,凱基-鳳山,2024-11-28,9274
00934,中信成長高股息,11,0,11,凱基-鳳山,2024-11-28,9274
00918,大華優利高填息30,10,0,10,凱基-鳳山,2024-11-28,9274
1605,華新,10,0,10,凱基-鳳山,2024-11-28,9274
2495,普安,14,4,10,凱基-鳳山,2024-11-28,9274
4402,郡都開發,10,0,10,凱基-鳳山,2024-11-28,9274
4934,太極,10,0,10,凱基-鳳山,2024-11-28,9274
4960,誠美材,10,0,10,凱基-鳳山,2024-11-28,9274
5244,弘凱,10,0,10,凱基-鳳山,2024-11-28,9274
9934,成霖,10,0,10,凱基-鳳山,2024-11-28,9274
00700,富邦�琤肭磪�,9,0,9,凱基-鳳山,2024-11-28,9274
1326,台化,10,1,9,凱基-鳳山,2024-11-28,9274
3043,科風,9,0,9,凱基-鳳山,2024-11-28,9274
2317,鴻海,23,14,9,凱基-鳳山,2024-11-28,9274
2303,聯電,24,15,9,凱基-鳳山,2024-11-28,9274
00935,野村臺灣新科技50,8,0,8,凱基-鳳山,2024-11-28,9274
1301,台塑,14,6,8,凱基-鳳山,2024-11-28,9274
2332,友訊,43,35,8,凱基-鳳山,2024-11-28,9274
3088,艾訊,9,1,8,凱基-鳳山,2024-11-28,9274
0050,元大台灣50,8,0,8,凱基-鳳山,2024-11-28,9274
2609,陽明,145,23,122,凱基-鳳山,2024-11-29,9274
2887,台新金,115,2,113,凱基-鳳山,2024-11-29,9274
2834,臺企銀,76,1,75,凱基-鳳山,2024-11-29,9274
00937B,群益ESG投等債20,90,16,74,凱基-鳳山,2024-11-29,9274
6962,ITH-KY,66,1,65,凱基-鳳山,2024-11-29,9274
00878,國泰永續高股息,71,11,60,凱基-鳳山,2024-11-29,9274
1815,富喬,104,56,48,凱基-鳳山,2024-11-29,9274
2312,金寶,80,36,44,凱基-鳳山,2024-11-29,9274
00919,群益台灣精選高息,65,29,36,凱基-鳳山,2024-11-29,9274
1301,台塑,55,20,35,凱基-鳳山,2024-11-29,9274
9907,統一實,32,0,32,凱基-鳳山,2024-11-29,9274
3047,訊舟,29,2,27,凱基-鳳山,2024-11-29,9274
2344,華邦電,30,5,25,凱基-鳳山,2024-11-29,9274
2888,新光金,23,0,23,凱基-鳳山,2024-11-29,9274
2303,聯電,25,4,21,凱基-鳳山,2024-11-29,9274
2330,台積電,25,4,21,凱基-鳳山,2024-11-29,9274
1304,台聚,20,0,20,凱基-鳳山,2024-11-29,9274
9105,泰金寶-DR,47,27,20,凱基-鳳山,2024-11-29,9274
00922,國泰台灣領袖50,16,0,16,凱基-鳳山,2024-11-29,9274
3231,緯創,19,4,15,凱基-鳳山,2024-11-29,9274
2002,中鋼,30,15,15,凱基-鳳山,2024-11-29,9274
2354,鴻準,32,17,15,凱基-鳳山,2024-11-29,9274
00692,富邦公司治理,15,0,15,凱基-鳳山,2024-11-29,9274
4402,郡都開發,15,0,15,凱基-鳳山,2024-11-29,9274
2882,國泰金,27,12,15,凱基-鳳山,2024-11-29,9274
2317,鴻海,29,16,13,凱基-鳳山,2024-11-29,9274
1326,台化,16,3,13,凱基-鳳山,2024-11-29,9274
6505,台塑化,12,1,11,凱基-鳳山,2024-11-29,9274
00751B,元大AAA至A公司債,10,0,10,凱基-鳳山,2024-11-29,9274
1102,亞泥,10,0,10,凱基-鳳山,2024-11-29,9274
2867,三商壽,10,0,10,凱基-鳳山,2024-11-29,9274
6859,伯特光,10,0,10,凱基-鳳山,2024-11-29,9274
00960,野村全球航運龍頭,9,0,9,凱基-鳳山,2024-11-29,9274
1605,華新,16,7,9,凱基-鳳山,2024-11-29,9274
3419,譁裕,10,1,9,凱基-鳳山,2024-11-29,9274
0050,元大台灣50,9,0,9,凱基-鳳山,2024-11-29,9274
2881,富邦金,9,0,9,凱基-鳳山,2024-11-29,9274
2911,麗嬰房,8,0,8,凱基-鳳山,2024-11-29,9274
3090,日電貿,9,1,8,凱基-鳳山,2024-11-29,9274
00655L,國泰中國A50正2,7,0,7,凱基-鳳山,2024-11-29,9274
2014,中鴻,9,2,7,凱基-鳳山,2024-11-29,9274
00918,大華優利高填息30,6,0,6,凱基-鳳山,2024-11-29,9274
2501,國建,6,0,6,凱基-鳳山,2024-11-29,9274
2801,彰銀,6,0,6,凱基-鳳山,2024-11-29,9274
8163,達方,10,4,6,凱基-鳳山,2024-11-29,9274
2356,英業達,11,6,5,凱基-鳳山,2024-11-29,9274
00720B,元大投資級公司債,5,0,5,凱基-鳳山,2024-11-29,9274
1416,廣豐,5,0,5,凱基-鳳山,2024-11-29,9274
2031,新光鋼,5,0,5,凱基-鳳山,2024-11-29,9274
3029,零壹,6,1,5,凱基-鳳山,2024-11-29,9274
00918,大華優利高填息30,250,0,250,凱基-鳳山,2024-12-02,9274
00642U,期元大S＆P石油,201,0,201,凱基-鳳山,2024-12-02,9274
1101,台泥,141,10,131,凱基-鳳山,2024-12-02,9274
00953B,群益優選非投等債,50,0,50,凱基-鳳山,2024-12-02,9274
2312,金寶,88,42,46,凱基-鳳山,2024-12-02,9274
6962,ITH-KY,53,11,42,凱基-鳳山,2024-12-02,9274
00878,國泰永續高股息,38,3,35,凱基-鳳山,2024-12-02,9274
00950B,凱基A級公司債,30,0,30,凱基-鳳山,2024-12-02,9274
4934,太極,30,0,30,凱基-鳳山,2024-12-02,9274
5309,系統電,85,57,28,凱基-鳳山,2024-12-02,9274
00943,兆豐電子高息等權,31,7,24,凱基-鳳山,2024-12-02,9274
1314,中石化,24,0,24,凱基-鳳山,2024-12-02,9274
5328,華容,42,19,23,凱基-鳳山,2024-12-02,9274
2495,普安,25,3,22,凱基-鳳山,2024-12-02,9274
2603,長榮,53,32,21,凱基-鳳山,2024-12-02,9274
6288,聯嘉,21,0,21,凱基-鳳山,2024-12-02,9274
2344,華邦電,24,3,21,凱基-鳳山,2024-12-02,9274
2337,旺宏,20,0,20,凱基-鳳山,2024-12-02,9274
00922,國泰台灣領袖50,20,1,19,凱基-鳳山,2024-12-02,9274
1708,東鹼,17,0,17,凱基-鳳山,2024-12-02,9274
1711,永光,15,0,15,凱基-鳳山,2024-12-02,9274
2323,中環,16,2,14,凱基-鳳山,2024-12-02,9274
3234,光環,16,2,14,凱基-鳳山,2024-12-02,9274
2444,兆勁,16,2,14,凱基-鳳山,2024-12-02,9274
2929,淘帝-KY,13,0,13,凱基-鳳山,2024-12-02,9274
2354,鴻準,24,11,13,凱基-鳳山,2024-12-02,9274
5438,東友,13,1,12,凱基-鳳山,2024-12-02,9274
3013,晟銘電,11,0,11,凱基-鳳山,2024-12-02,9274
00637L,元大滬深300正2,13,2,11,凱基-鳳山,2024-12-02,9274
2066,世德,26,15,11,凱基-鳳山,2024-12-02,9274
3231,緯創,14,3,11,凱基-鳳山,2024-12-02,9274
00664R,國泰臺灣加權反1,10,0,10,凱基-鳳山,2024-12-02,9274
4123,晟德,18,9,9,凱基-鳳山,2024-12-02,9274
1308,亞聚,9,0,9,凱基-鳳山,2024-12-02,9274
006208,富邦台50,8,0,8,凱基-鳳山,2024-12-02,9274
00932,兆豐永續高息等權,8,0,8,凱基-鳳山,2024-12-02,9274
2399,映泰,8,0,8,凱基-鳳山,2024-12-02,9274
6530,創威,8,0,8,凱基-鳳山,2024-12-02,9274
6558,興能高,17,10,7,凱基-鳳山,2024-12-02,9274
6488,環球晶,10,3,7,凱基-鳳山,2024-12-02,9274
2834,臺企銀,7,0,7,凱基-鳳山,2024-12-02,9274
1587,吉茂,10,3,7,凱基-鳳山,2024-12-02,9274
1808,潤隆,7,0,7,凱基-鳳山,2024-12-02,9274
2356,英業達,7,0,7,凱基-鳳山,2024-12-02,9274
2408,南亞科,7,0,7,凱基-鳳山,2024-12-02,9274
3689,湧德,10,3,7,凱基-鳳山,2024-12-02,9274
2646,星宇航空,7,1,6,凱基-鳳山,2024-12-02,9274
2402,毅嘉,13,7,6,凱基-鳳山,2024-12-02,9274
6120,達運,6,0,6,凱基-鳳山,2024-12-02,9274
7705,三商餐飲,6,0,6,凱基-鳳山,2024-12-02,9274
00878,國泰永續高股息,146,19,127,凱基-鳳山,2024-12-03,9274
00953B,群益優選非投等債,126,0,126,凱基-鳳山,2024-12-03,9274
2014,中鴻,109,6,103,凱基-鳳山,2024-12-03,9274
00642U,期元大S＆P石油,100,0,100,凱基-鳳山,2024-12-03,9274
00919,群益台灣精選高息,98,1,97,凱基-鳳山,2024-12-03,9274
6962,ITH-KY,73,1,72,凱基-鳳山,2024-12-03,9274
2303,聯電,72,4,68,凱基-鳳山,2024-12-03,9274
00918,大華優利高填息30,55,1,54,凱基-鳳山,2024-12-03,9274
2887,台新金,53,1,52,凱基-鳳山,2024-12-03,9274
00946,群益科技高息成長,53,1,52,凱基-鳳山,2024-12-03,9274
00757,統一FANG+,48,0,48,凱基-鳳山,2024-12-03,9274
2371,大同,33,0,33,凱基-鳳山,2024-12-03,9274
8171,天宇,34,1,33,凱基-鳳山,2024-12-03,9274
00932,兆豐永續高息等權,30,0,30,凱基-鳳山,2024-12-03,9274
00637L,元大滬深300正2,50,22,28,凱基-鳳山,2024-12-03,9274
3090,日電貿,33,8,25,凱基-鳳山,2024-12-03,9274
5309,系統電,36,12,24,凱基-鳳山,2024-12-03,9274
2317,鴻海,26,4,22,凱基-鳳山,2024-12-03,9274
2347,聯強,22,0,22,凱基-鳳山,2024-12-03,9274
4303,信立,22,1,21,凱基-鳳山,2024-12-03,9274
3014,聯陽,19,0,19,凱基-鳳山,2024-12-03,9274
2301,光寶科,20,2,18,凱基-鳳山,2024-12-03,9274
1565,精華,17,0,17,凱基-鳳山,2024-12-03,9274
2646,星宇航空,20,5,15,凱基-鳳山,2024-12-03,9274
00632R,元大台灣50反1,15,0,15,凱基-鳳山,2024-12-03,9274
00715L,期街口布蘭特正2,15,0,15,凱基-鳳山,2024-12-03,9274
2349,錸德,16,1,15,凱基-鳳山,2024-12-03,9274
2363,矽統,16,1,15,凱基-鳳山,2024-12-03,9274
2392,正崴,21,6,15,凱基-鳳山,2024-12-03,9274
2354,鴻準,16,2,14,凱基-鳳山,2024-12-03,9274
4991,環宇-KY,20,6,14,凱基-鳳山,2024-12-03,9274
1524,耿鼎,16,5,11,凱基-鳳山,2024-12-03,9274
2408,南亞科,12,1,11,凱基-鳳山,2024-12-03,9274
5244,弘凱,15,4,11,凱基-鳳山,2024-12-03,9274
00882,中信中國高股息,10,0,10,凱基-鳳山,2024-12-03,9274
2066,世德,23,13,10,凱基-鳳山,2024-12-03,9274
2332,友訊,10,0,10,凱基-鳳山,2024-12-03,9274
3498,陽程,10,0,10,凱基-鳳山,2024-12-03,9274
4904,遠傳,10,0,10,凱基-鳳山,2024-12-03,9274
6548,長科*,12,2,10,凱基-鳳山,2024-12-03,9274
8096,擎亞,10,0,10,凱基-鳳山,2024-12-03,9274
00926,凱基全球菁英55,8,0,8,凱基-鳳山,2024-12-03,9274
2867,三商壽,10,2,8,凱基-鳳山,2024-12-03,9274
00915,凱基優選高股息30,9,2,7,凱基-鳳山,2024-12-03,9274
2454,聯發科,7,0,7,凱基-鳳山,2024-12-03,9274
3704,合勤控,7,0,7,凱基-鳳山,2024-12-03,9274
2314,台揚,6,0,6,凱基-鳳山,2024-12-03,9274
2365,昆盈,6,0,6,凱基-鳳山,2024-12-03,9274
6425,易發,11,5,6,凱基-鳳山,2024-12-03,9274
1708,東鹼,5,0,5,凱基-鳳山,2024-12-03,9274
00673R,期元大S＆P原油反1,201,0,201,凱基-鳳山,2024-12-04,9274
1101,台泥,142,6,136,凱基-鳳山,2024-12-04,9274
00680L,元大美債20正2,80,0,80,凱基-鳳山,2024-12-04,9274
00919,群益台灣精選高息,123,49,74,凱基-鳳山,2024-12-04,9274
2312,金寶,57,1,56,凱基-鳳山,2024-12-04,9274
6546,正基,72,17,55,凱基-鳳山,2024-12-04,9274
6962,ITH-KY,33,0,33,凱基-鳳山,2024-12-04,9274
3372,典範,30,0,30,凱基-鳳山,2024-12-04,9274
00918,大華優利高填息30,29,0,29,凱基-鳳山,2024-12-04,9274
2610,華航,44,19,25,凱基-鳳山,2024-12-04,9274
2349,錸德,26,3,23,凱基-鳳山,2024-12-04,9274
2547,日勝生,23,0,23,凱基-鳳山,2024-12-04,9274
8047,星雲,20,0,20,凱基-鳳山,2024-12-04,9274
3323,加百裕,52,32,20,凱基-鳳山,2024-12-04,9274
5371,中光電,23,4,19,凱基-鳳山,2024-12-04,9274
2881,富邦金,19,0,19,凱基-鳳山,2024-12-04,9274
1605,華新,21,2,19,凱基-鳳山,2024-12-04,9274
2062,橋椿,18,1,17,凱基-鳳山,2024-12-04,9274
3024,憶聲,16,0,16,凱基-鳳山,2024-12-04,9274
2887,台新金,18,3,15,凱基-鳳山,2024-12-04,9274
2408,南亞科,16,2,14,凱基-鳳山,2024-12-04,9274
2609,陽明,20,7,13,凱基-鳳山,2024-12-04,9274
2344,華邦電,29,16,13,凱基-鳳山,2024-12-04,9274
2352,佳世達,13,1,12,凱基-鳳山,2024-12-04,9274
6180,橘子,12,0,12,凱基-鳳山,2024-12-04,9274
2891,中信金,15,3,12,凱基-鳳山,2024-12-04,9274
1326,台化,11,0,11,凱基-鳳山,2024-12-04,9274
3380,明泰,11,0,11,凱基-鳳山,2024-12-04,9274
00927,群益半導體收益,10,0,10,凱基-鳳山,2024-12-04,9274
00946,群益科技高息成長,10,0,10,凱基-鳳山,2024-12-04,9274
1316,上曜,10,0,10,凱基-鳳山,2024-12-04,9274
1718,中纖,10,0,10,凱基-鳳山,2024-12-04,9274
2431,聯昌,10,0,10,凱基-鳳山,2024-12-04,9274
9945,潤泰新,10,0,10,凱基-鳳山,2024-12-04,9274
2014,中鴻,10,1,9,凱基-鳳山,2024-12-04,9274
2405,輔信,10,1,9,凱基-鳳山,2024-12-04,9274
4743,合一,11,2,9,凱基-鳳山,2024-12-04,9274
6757,台灣虎航,14,5,9,凱基-鳳山,2024-12-04,9274
3548,兆利,9,0,9,凱基-鳳山,2024-12-04,9274
1711,永光,8,0,8,凱基-鳳山,2024-12-04,9274
6505,台塑化,8,0,8,凱基-鳳山,2024-12-04,9274
3088,艾訊,8,0,8,凱基-鳳山,2024-12-04,9274
3264,欣銓,8,0,8,凱基-鳳山,2024-12-04,9274
4303,信立,14,6,8,凱基-鳳山,2024-12-04,9274
8111,立��,14,6,8,凱基-鳳山,2024-12-04,9274
3706,神達,89,81,8,凱基-鳳山,2024-12-04,9274
2204,中華,8,1,7,凱基-鳳山,2024-12-04,9274
00770,國泰北美科技,7,0,7,凱基-鳳山,2024-12-04,9274
2066,世德,17,10,7,凱基-鳳山,2024-12-04,9274
2314,台揚,8,1,7,凱基-鳳山,2024-12-04,9274
00757,統一FANG+,99,0,99,凱基-鳳山,2024-12-05,9274
8171,天宇,89,7,82,凱基-鳳山,2024-12-05,9274
00715L,期街口布蘭特正2,59,0,59,凱基-鳳山,2024-12-05,9274
00919,群益台灣精選高息,56,9,47,凱基-鳳山,2024-12-05,9274
00915,凱基優選高股息30,45,0,45,凱基-鳳山,2024-12-05,9274
6168,宏齊,45,0,45,凱基-鳳山,2024-12-05,9274
4931,新盛力,89,53,36,凱基-鳳山,2024-12-05,9274
9907,統一實,35,0,35,凱基-鳳山,2024-12-05,9274
6558,興能高,48,17,31,凱基-鳳山,2024-12-05,9274
3003,健和興,35,4,31,凱基-鳳山,2024-12-05,9274
00664R,國泰臺灣加權反1,30,0,30,凱基-鳳山,2024-12-05,9274
1718,中纖,30,0,30,凱基-鳳山,2024-12-05,9274
00953B,群益優選非投等債,30,1,29,凱基-鳳山,2024-12-05,9274
2375,凱美,50,23,27,凱基-鳳山,2024-12-05,9274
00918,大華優利高填息30,26,0,26,凱基-鳳山,2024-12-05,9274
3090,日電貿,101,76,25,凱基-鳳山,2024-12-05,9274
1815,富喬,102,80,22,凱基-鳳山,2024-12-05,9274
3558,神準,37,15,22,凱基-鳳山,2024-12-05,9274
1316,上曜,21,0,21,凱基-鳳山,2024-12-05,9274
3481,群創,25,4,21,凱基-鳳山,2024-12-05,9274
1714,和桐,20,0,20,凱基-鳳山,2024-12-05,9274
2066,世德,46,26,20,凱基-鳳山,2024-12-05,9274
1569,濱川,20,1,19,凱基-鳳山,2024-12-05,9274
6173,信昌電,25,6,19,凱基-鳳山,2024-12-05,9274
00885,富邦越南,16,0,16,凱基-鳳山,2024-12-05,9274
2312,金寶,22,6,16,凱基-鳳山,2024-12-05,9274
2929,淘帝-KY,16,0,16,凱基-鳳山,2024-12-05,9274
00637L,元大滬深300正2,16,1,15,凱基-鳳山,2024-12-05,9274
6505,台塑化,16,3,13,凱基-鳳山,2024-12-05,9274
3211,順達,32,20,12,凱基-鳳山,2024-12-05,9274
00907,永豐優息存股,12,0,12,凱基-鳳山,2024-12-05,9274
5328,華容,33,21,12,凱基-鳳山,2024-12-05,9274
2353,宏��,11,0,11,凱基-鳳山,2024-12-05,9274
1449,佳和,12,1,11,凱基-鳳山,2024-12-05,9274
2329,華泰,11,0,11,凱基-鳳山,2024-12-05,9274
6770,力積電,11,0,11,凱基-鳳山,2024-12-05,9274
9946,三發地產,11,0,11,凱基-鳳山,2024-12-05,9274
6488,環球晶,10,0,10,凱基-鳳山,2024-12-05,9274
6859,伯特光,10,0,10,凱基-鳳山,2024-12-05,9274
00633L,富邦上証正2,10,0,10,凱基-鳳山,2024-12-05,9274
1101,台泥,20,10,10,凱基-鳳山,2024-12-05,9274
1102,亞泥,10,0,10,凱基-鳳山,2024-12-05,9274
1447,力鵬,10,0,10,凱基-鳳山,2024-12-05,9274
1721,三晃,10,0,10,凱基-鳳山,2024-12-05,9274
1722,台肥,10,0,10,凱基-鳳山,2024-12-05,9274
3498,陽程,10,0,10,凱基-鳳山,2024-12-05,9274
4934,太極,10,0,10,凱基-鳳山,2024-12-05,9274
5353,台林,10,0,10,凱基-鳳山,2024-12-05,9274
6180,橘子,10,0,10,凱基-鳳山,2024-12-05,9274
3015,全漢,9,0,9,凱基-鳳山,2024-12-05,9274
00953B,群益優選非投等債,67,0,67,凱基-鳳山,2024-12-06,9274
00715L,期街口布蘭特正2,60,0,60,凱基-鳳山,2024-12-06,9274
6174,安��,57,0,57,凱基-鳳山,2024-12-06,9274
3078,僑威,48,4,44,凱基-鳳山,2024-12-06,9274
3090,日電貿,42,1,41,凱基-鳳山,2024-12-06,9274
9933,中鼎,33,0,33,凱基-鳳山,2024-12-06,9274
8171,天宇,34,2,32,凱基-鳳山,2024-12-06,9274
2801,彰銀,30,0,30,凱基-鳳山,2024-12-06,9274
3511,矽瑪,28,0,28,凱基-鳳山,2024-12-06,9274
3625,西勝,32,5,27,凱基-鳳山,2024-12-06,9274
1569,濱川,29,3,26,凱基-鳳山,2024-12-06,9274
2375,凱美,38,14,24,凱基-鳳山,2024-12-06,9274
1416,廣豐,33,10,23,凱基-鳳山,2024-12-06,9274
8044,網家,21,0,21,凱基-鳳山,2024-12-06,9274
2468,華經,22,2,20,凱基-鳳山,2024-12-06,9274
1605,華新,46,27,19,凱基-鳳山,2024-12-06,9274
3014,聯陽,19,0,19,凱基-鳳山,2024-12-06,9274
1815,富喬,35,17,18,凱基-鳳山,2024-12-06,9274
8069,元太,19,1,18,凱基-鳳山,2024-12-06,9274
5438,東友,70,52,18,凱基-鳳山,2024-12-06,9274
6112,邁達特,23,5,18,凱基-鳳山,2024-12-06,9274
00918,大華優利高填息30,18,0,18,凱基-鳳山,2024-12-06,9274
5202,力新,17,0,17,凱基-鳳山,2024-12-06,9274
00941,中信上游半導體,16,0,16,凱基-鳳山,2024-12-06,9274
1102,亞泥,16,0,16,凱基-鳳山,2024-12-06,9274
0056,元大高股息,18,3,15,凱基-鳳山,2024-12-06,9274
00926,凱基全球菁英55,14,0,14,凱基-鳳山,2024-12-06,9274
2029,盛餘,14,0,14,凱基-鳳山,2024-12-06,9274
3591,艾笛森,14,0,14,凱基-鳳山,2024-12-06,9274
2444,兆勁,18,5,13,凱基-鳳山,2024-12-06,9274
2204,中華,11,0,11,凱基-鳳山,2024-12-06,9274
1802,台玻,12,1,11,凱基-鳳山,2024-12-06,9274
2102,泰豐,11,0,11,凱基-鳳山,2024-12-06,9274
2313,華通,11,0,11,凱基-鳳山,2024-12-06,9274
2405,輔信,22,11,11,凱基-鳳山,2024-12-06,9274
6416,瑞祺電通,11,0,11,凱基-鳳山,2024-12-06,9274
00946,群益科技高息成長,10,0,10,凱基-鳳山,2024-12-06,9274
2425,承啟,10,0,10,凱基-鳳山,2024-12-06,9274
3043,科風,15,5,10,凱基-鳳山,2024-12-06,9274
3455,由田,10,0,10,凱基-鳳山,2024-12-06,9274
4108,懷特,10,0,10,凱基-鳳山,2024-12-06,9274
4934,太極,10,0,10,凱基-鳳山,2024-12-06,9274
3447,展達,10,0,10,凱基-鳳山,2024-12-06,9274
3706,神達,71,62,9,凱基-鳳山,2024-12-06,9274
6274,台燿,9,0,9,凱基-鳳山,2024-12-06,9274
2066,世德,29,20,9,凱基-鳳山,2024-12-06,9274
4919,新唐,13,4,9,凱基-鳳山,2024-12-06,9274
8111,立��,24,15,9,凱基-鳳山,2024-12-06,9274
6127,九豪,8,0,8,凱基-鳳山,2024-12-06,9274
2314,台揚,8,0,8,凱基-鳳山,2024-12-06,9274
00715L,期街口布蘭特正2,117,0,117,凱基-鳳山,2024-12-09,9274
3481,群創,122,5,117,凱基-鳳山,2024-12-09,9274
00712,復華富時不動產,100,0,100,凱基-鳳山,2024-12-09,9274
2349,錸德,69,0,69,凱基-鳳山,2024-12-09,9274
2332,友訊,65,0,65,凱基-鳳山,2024-12-09,9274
00757,統一FANG+,67,5,62,凱基-鳳山,2024-12-09,9274
00918,大華優利高填息30,56,7,49,凱基-鳳山,2024-12-09,9274
3707,漢磊,40,0,40,凱基-鳳山,2024-12-09,9274
2354,鴻準,77,41,36,凱基-鳳山,2024-12-09,9274
8042,金山電,68,32,36,凱基-鳳山,2024-12-09,9274
5202,力新,35,3,32,凱基-鳳山,2024-12-09,9274
2646,星宇航空,31,0,31,凱基-鳳山,2024-12-09,9274
1569,濱川,29,0,29,凱基-鳳山,2024-12-09,9274
2002,中鋼,30,1,29,凱基-鳳山,2024-12-09,9274
2066,世德,32,6,26,凱基-鳳山,2024-12-09,9274
2375,凱美,26,1,25,凱基-鳳山,2024-12-09,9274
00932,兆豐永續高息等權,25,0,25,凱基-鳳山,2024-12-09,9274
6174,安��,23,0,23,凱基-鳳山,2024-12-09,9274
2317,鴻海,26,3,23,凱基-鳳山,2024-12-09,9274
2471,資通,28,6,22,凱基-鳳山,2024-12-09,9274
00953B,群益優選非投等債,21,0,21,凱基-鳳山,2024-12-09,9274
1312,國喬,21,0,21,凱基-鳳山,2024-12-09,9274
4991,環宇-KY,23,3,20,凱基-鳳山,2024-12-09,9274
0056,元大高股息,20,0,20,凱基-鳳山,2024-12-09,9274
1785,光洋科,36,18,18,凱基-鳳山,2024-12-09,9274
2409,友達,16,0,16,凱基-鳳山,2024-12-09,9274
8171,天宇,38,23,15,凱基-鳳山,2024-12-09,9274
3090,日電貿,20,7,13,凱基-鳳山,2024-12-09,9274
1416,廣豐,12,0,12,凱基-鳳山,2024-12-09,9274
6140,訊達,12,0,12,凱基-鳳山,2024-12-09,9274
2489,瑞軒,11,0,11,凱基-鳳山,2024-12-09,9274
2886,兆豐金,12,1,11,凱基-鳳山,2024-12-09,9274
5244,弘凱,11,0,11,凱基-鳳山,2024-12-09,9274
6288,聯嘉,21,10,11,凱基-鳳山,2024-12-09,9274
8011,台通,11,0,11,凱基-鳳山,2024-12-09,9274
8064,東捷,12,1,11,凱基-鳳山,2024-12-09,9274
2885,元大金,13,2,11,凱基-鳳山,2024-12-09,9274
00912,中信臺灣智慧50,10,0,10,凱基-鳳山,2024-12-09,9274
1708,東鹼,10,0,10,凱基-鳳山,2024-12-09,9274
3049,精金,11,1,10,凱基-鳳山,2024-12-09,9274
3498,陽程,10,0,10,凱基-鳳山,2024-12-09,9274
00915,凱基優選高股息30,10,0,10,凱基-鳳山,2024-12-09,9274
00852L,國泰美國道瓊正2,9,0,9,凱基-鳳山,2024-12-09,9274
3047,訊舟,10,1,9,凱基-鳳山,2024-12-09,9274
6585,鼎基,9,0,9,凱基-鳳山,2024-12-09,9274
8086,宏捷科,9,0,9,凱基-鳳山,2024-12-09,9274
2392,正崴,9,1,8,凱基-鳳山,2024-12-09,9274
2495,普安,8,0,8,凱基-鳳山,2024-12-09,9274
4979,華星光,27,19,8,凱基-鳳山,2024-12-09,9274
1303,南亞,10,3,7,凱基-鳳山,2024-12-09,9274
00753L,中信中國50正2,1029,904,125,凱基-鳳山,2024-12-10,9274
00919,群益台灣精選高息,113,10,103,凱基-鳳山,2024-12-10,9274
1449,佳和,67,3,64,凱基-鳳山,2024-12-10,9274
1101,台泥,80,20,60,凱基-鳳山,2024-12-10,9274
00664R,國泰臺灣加權反1,55,0,55,凱基-鳳山,2024-12-10,9274
8042,金山電,164,116,48,凱基-鳳山,2024-12-10,9274
2609,陽明,96,50,46,凱基-鳳山,2024-12-10,9274
2066,世德,43,0,43,凱基-鳳山,2024-12-10,9274
00878,國泰永續高股息,47,5,42,凱基-鳳山,2024-12-10,9274
3706,神達,89,58,31,凱基-鳳山,2024-12-10,9274
2317,鴻海,37,7,30,凱基-鳳山,2024-12-10,9274
00918,大華優利高填息30,46,16,30,凱基-鳳山,2024-12-10,9274
2618,長榮航,34,4,30,凱基-鳳山,2024-12-10,9274
2367,燿華,27,0,27,凱基-鳳山,2024-12-10,9274
00937B,群益ESG投等債20,23,0,23,凱基-鳳山,2024-12-10,9274
1569,濱川,22,0,22,凱基-鳳山,2024-12-10,9274
00680L,元大美債20正2,20,0,20,凱基-鳳山,2024-12-10,9274
6141,柏承,24,4,20,凱基-鳳山,2024-12-10,9274
2489,瑞軒,20,1,19,凱基-鳳山,2024-12-10,9274
0056,元大高股息,22,4,18,凱基-鳳山,2024-12-10,9274
2349,錸德,20,4,16,凱基-鳳山,2024-12-10,9274
00907,永豐優息存股,15,0,15,凱基-鳳山,2024-12-10,9274
00926,凱基全球菁英55,18,3,15,凱基-鳳山,2024-12-10,9274
1303,南亞,13,0,13,凱基-鳳山,2024-12-10,9274
1524,耿鼎,22,9,13,凱基-鳳山,2024-12-10,9274
2399,映泰,15,2,13,凱基-鳳山,2024-12-10,9274
1605,華新,15,3,12,凱基-鳳山,2024-12-10,9274
2850,新產,12,0,12,凱基-鳳山,2024-12-10,9274
00687B,國泰20年美債,11,0,11,凱基-鳳山,2024-12-10,9274
00713,元大台灣高息低波,11,0,11,凱基-鳳山,2024-12-10,9274
00915,凱基優選高股息30,11,0,11,凱基-鳳山,2024-12-10,9274
00740B,富邦全球投等債,10,0,10,凱基-鳳山,2024-12-10,9274
1314,中石化,10,0,10,凱基-鳳山,2024-12-10,9274
1714,和桐,10,0,10,凱基-鳳山,2024-12-10,9274
2312,金寶,16,6,10,凱基-鳳山,2024-12-10,9274
5347,世界,10,0,10,凱基-鳳山,2024-12-10,9274
2356,英業達,17,8,9,凱基-鳳山,2024-12-10,9274
2405,輔信,9,0,9,凱基-鳳山,2024-12-10,9274
5907,大洋-KY,13,4,9,凱基-鳳山,2024-12-10,9274
6757,台灣虎航,8,0,8,凱基-鳳山,2024-12-10,9274
2062,橋椿,8,0,8,凱基-鳳山,2024-12-10,9274
2303,聯電,11,3,8,凱基-鳳山,2024-12-10,9274
3580,友威科,8,0,8,凱基-鳳山,2024-12-10,9274
5488,松普,8,0,8,凱基-鳳山,2024-12-10,9274
6112,邁達特,10,2,8,凱基-鳳山,2024-12-10,9274
00675L,富邦臺灣加權正2,7,0,7,凱基-鳳山,2024-12-10,9274
2605,新興,7,0,7,凱基-鳳山,2024-12-10,9274
2354,鴻準,13,7,6,凱基-鳳山,2024-12-10,9274
00720B,元大投資級公司債,6,0,6,凱基-鳳山,2024-12-10,9274
0061,元大寶滬深,6,0,6,凱基-鳳山,2024-12-10,9274
00919,群益台灣精選高息,111,8,103,凱基-鳳山,2024-12-11,9274
00918,大華優利高填息30,62,0,62,凱基-鳳山,2024-12-11,9274
2312,金寶,57,0,57,凱基-鳳山,2024-12-11,9274
9933,中鼎,50,0,50,凱基-鳳山,2024-12-11,9274
2002,中鋼,50,2,48,凱基-鳳山,2024-12-11,9274
2344,華邦電,50,2,48,凱基-鳳山,2024-12-11,9274
2102,泰豐,44,0,44,凱基-鳳山,2024-12-11,9274
00940,元大台灣價值高息,43,0,43,凱基-鳳山,2024-12-11,9274
00757,統一FANG+,40,1,39,凱基-鳳山,2024-12-11,9274
6770,力積電,40,4,36,凱基-鳳山,2024-12-11,9274
00885,富邦越南,35,0,35,凱基-鳳山,2024-12-11,9274
006208,富邦台50,35,0,35,凱基-鳳山,2024-12-11,9274
00680L,元大美債20正2,40,10,30,凱基-鳳山,2024-12-11,9274
1714,和桐,30,0,30,凱基-鳳山,2024-12-11,9274
4303,信立,41,11,30,凱基-鳳山,2024-12-11,9274
00878,國泰永續高股息,43,13,30,凱基-鳳山,2024-12-11,9274
2317,鴻海,32,6,26,凱基-鳳山,2024-12-11,9274
00915,凱基優選高股息30,24,0,24,凱基-鳳山,2024-12-11,9274
2891,中信金,22,0,22,凱基-鳳山,2024-12-11,9274
1565,精華,23,1,22,凱基-鳳山,2024-12-11,9274
6757,台灣虎航,26,4,22,凱基-鳳山,2024-12-11,9274
1303,南亞,21,0,21,凱基-鳳山,2024-12-11,9274
1301,台塑,27,7,20,凱基-鳳山,2024-12-11,9274
00675L,富邦臺灣加權正2,22,2,20,凱基-鳳山,2024-12-11,9274
6962,ITH-KY,20,0,20,凱基-鳳山,2024-12-11,9274
8042,金山電,22,3,19,凱基-鳳山,2024-12-11,9274
00679B,元大美債20年,17,0,17,凱基-鳳山,2024-12-11,9274
1569,濱川,18,1,17,凱基-鳳山,2024-12-11,9274
6834,天二科技,16,0,16,凱基-鳳山,2024-12-11,9274
1101,台泥,82,66,16,凱基-鳳山,2024-12-11,9274
2425,承啟,15,0,15,凱基-鳳山,2024-12-11,9274
2495,普安,15,0,15,凱基-鳳山,2024-12-11,9274
6141,柏承,15,0,15,凱基-鳳山,2024-12-11,9274
00631L,元大台灣50正2,18,5,13,凱基-鳳山,2024-12-11,9274
00713,元大台灣高息低波,13,0,13,凱基-鳳山,2024-12-11,9274
00662,富邦NASDAQ,13,0,13,凱基-鳳山,2024-12-11,9274
2887,台新金,13,0,13,凱基-鳳山,2024-12-11,9274
2345,智邦,15,3,12,凱基-鳳山,2024-12-11,9274
00665L,富邦�琤肭磪囓�2,12,0,12,凱基-鳳山,2024-12-11,9274
1608,華榮,11,0,11,凱基-鳳山,2024-12-11,9274
2014,中鴻,11,0,11,凱基-鳳山,2024-12-11,9274
6505,台塑化,14,4,10,凱基-鳳山,2024-12-11,9274
2330,台積電,15,5,10,凱基-鳳山,2024-12-11,9274
00907,永豐優息存股,10,0,10,凱基-鳳山,2024-12-11,9274
6156,松上,10,0,10,凱基-鳳山,2024-12-11,9274
6213,聯茂,25,15,10,凱基-鳳山,2024-12-11,9274
6548,長科*,10,0,10,凱基-鳳山,2024-12-11,9274
1326,台化,11,2,9,凱基-鳳山,2024-12-11,9274
00937B,群益ESG投等債20,11,2,9,凱基-鳳山,2024-12-11,9274
2066,世德,9,0,9,凱基-鳳山,2024-12-11,9274
00673R,期元大S＆P原油反1,601,0,601,凱基-鳳山,2024-12-12,9274
00915,凱基優選高股息30,214,9,205,凱基-鳳山,2024-12-12,9274
2883,凱基金,135,19,116,凱基-鳳山,2024-12-12,9274
00687B,國泰20年美債,109,1,108,凱基-鳳山,2024-12-12,9274
6757,台灣虎航,63,3,60,凱基-鳳山,2024-12-12,9274
00919,群益台灣精選高息,59,7,52,凱基-鳳山,2024-12-12,9274
2312,金寶,63,15,48,凱基-鳳山,2024-12-12,9274
8070,長華*,50,3,47,凱基-鳳山,2024-12-12,9274
00753L,中信中國50正2,51,7,44,凱基-鳳山,2024-12-12,9274
2102,泰豐,44,0,44,凱基-鳳山,2024-12-12,9274
2002,中鋼,40,2,38,凱基-鳳山,2024-12-12,9274
00679B,元大美債20年,36,0,36,凱基-鳳山,2024-12-12,9274
6213,聯茂,34,2,32,凱基-鳳山,2024-12-12,9274
00680L,元大美債20正2,29,0,29,凱基-鳳山,2024-12-12,9274
00918,大華優利高填息30,27,0,27,凱基-鳳山,2024-12-12,9274
6770,力積電,27,1,26,凱基-鳳山,2024-12-12,9274
2609,陽明,82,56,26,凱基-鳳山,2024-12-12,9274
2303,聯電,32,10,22,凱基-鳳山,2024-12-12,9274
00665L,富邦�琤肭磪囓�2,22,0,22,凱基-鳳山,2024-12-12,9274
1301,台塑,30,9,21,凱基-鳳山,2024-12-12,9274
6962,ITH-KY,21,0,21,凱基-鳳山,2024-12-12,9274
8042,金山電,21,0,21,凱基-鳳山,2024-12-12,9274
6141,柏承,20,0,20,凱基-鳳山,2024-12-12,9274
1569,濱川,19,0,19,凱基-鳳山,2024-12-12,9274
2375,凱美,25,6,19,凱基-鳳山,2024-12-12,9274
1303,南亞,17,0,17,凱基-鳳山,2024-12-12,9274
1101,台泥,20,3,17,凱基-鳳山,2024-12-12,9274
1714,和桐,15,0,15,凱基-鳳山,2024-12-12,9274
6684,安格,15,0,15,凱基-鳳山,2024-12-12,9274
2354,鴻準,23,10,13,凱基-鳳山,2024-12-12,9274
6288,聯嘉,13,0,13,凱基-鳳山,2024-12-12,9274
5371,中光電,15,3,12,凱基-鳳山,2024-12-12,9274
6550,北極星藥業-KY,11,0,11,凱基-鳳山,2024-12-12,9274
2615,萬海,66,55,11,凱基-鳳山,2024-12-12,9274
00878,國泰永續高股息,17,7,10,凱基-鳳山,2024-12-12,9274
00887,永豐中國科技50大,15,5,10,凱基-鳳山,2024-12-12,9274
00752,中信中國50,10,0,10,凱基-鳳山,2024-12-12,9274
1711,永光,10,0,10,凱基-鳳山,2024-12-12,9274
2314,台揚,10,0,10,凱基-鳳山,2024-12-12,9274
2329,華泰,10,0,10,凱基-鳳山,2024-12-12,9274
2913,農林,11,1,10,凱基-鳳山,2024-12-12,9274
3312,弘憶股,20,10,10,凱基-鳳山,2024-12-12,9274
3707,漢磊,10,0,10,凱基-鳳山,2024-12-12,9274
5425,台半,10,0,10,凱基-鳳山,2024-12-12,9274
2344,華邦電,10,0,10,凱基-鳳山,2024-12-12,9274
0056,元大高股息,10,1,9,凱基-鳳山,2024-12-12,9274
4979,華星光,13,4,9,凱基-鳳山,2024-12-12,9274
5905,南仁湖,9,0,9,凱基-鳳山,2024-12-12,9274
00688L,國泰20年美債正2,8,0,8,凱基-鳳山,2024-12-12,9274
2408,南亞科,8,0,8,凱基-鳳山,2024-12-12,9274
00919,群益台灣精選高息,826,18,808,凱基-鳳山,2024-12-13,9274
00673R,期元大S＆P原油反1,203,0,203,凱基-鳳山,2024-12-13,9274
00680L,元大美債20正2,150,0,150,凱基-鳳山,2024-12-13,9274
00918,大華優利高填息30,127,0,127,凱基-鳳山,2024-12-13,9274
00937B,群益ESG投等債20,81,0,81,凱基-鳳山,2024-12-13,9274
2498,宏達電,65,2,63,凱基-鳳山,2024-12-13,9274
00637L,元大滬深300正2,61,0,61,凱基-鳳山,2024-12-13,9274
00948B,中信優息投資級債,55,0,55,凱基-鳳山,2024-12-13,9274
00665L,富邦�琤肭磪囓�2,49,0,49,凱基-鳳山,2024-12-13,9274
4956,光鋐,40,0,40,凱基-鳳山,2024-12-13,9274
6167,久正,40,0,40,凱基-鳳山,2024-12-13,9274
00968B,元大優息投等債,37,0,37,凱基-鳳山,2024-12-13,9274
2002,中鋼,40,3,37,凱基-鳳山,2024-12-13,9274
1714,和桐,35,0,35,凱基-鳳山,2024-12-13,9274
2102,泰豐,35,0,35,凱基-鳳山,2024-12-13,9274
6757,台灣虎航,38,3,35,凱基-鳳山,2024-12-13,9274
0056,元大高股息,35,1,34,凱基-鳳山,2024-12-13,9274
2618,長榮航,29,0,29,凱基-鳳山,2024-12-13,9274
1605,華新,28,0,28,凱基-鳳山,2024-12-13,9274
6558,興能高,34,9,25,凱基-鳳山,2024-12-13,9274
2359,所羅門,33,9,24,凱基-鳳山,2024-12-13,9274
3312,弘憶股,30,6,24,凱基-鳳山,2024-12-13,9274
2312,金寶,26,2,24,凱基-鳳山,2024-12-13,9274
3037,欣興,23,1,22,凱基-鳳山,2024-12-13,9274
1712,興農,22,0,22,凱基-鳳山,2024-12-13,9274
1569,濱川,23,2,21,凱基-鳳山,2024-12-13,9274
2356,英業達,20,0,20,凱基-鳳山,2024-12-13,9274
6288,聯嘉,20,0,20,凱基-鳳山,2024-12-13,9274
00757,統一FANG+,27,8,19,凱基-鳳山,2024-12-13,9274
2317,鴻海,23,4,19,凱基-鳳山,2024-12-13,9274
2887,台新金,18,0,18,凱基-鳳山,2024-12-13,9274
8171,天宇,18,0,18,凱基-鳳山,2024-12-13,9274
2883,凱基金,25,7,18,凱基-鳳山,2024-12-13,9274
2066,世德,17,0,17,凱基-鳳山,2024-12-13,9274
6141,柏承,17,0,17,凱基-鳳山,2024-12-13,9274
00713,元大台灣高息低波,16,0,16,凱基-鳳山,2024-12-13,9274
00922,國泰台灣領袖50,15,0,15,凱基-鳳山,2024-12-13,9274
00752,中信中國50,15,0,15,凱基-鳳山,2024-12-13,9274
3706,神達,67,53,14,凱基-鳳山,2024-12-13,9274
8271,宇瞻,13,0,13,凱基-鳳山,2024-12-13,9274
2867,三商壽,12,0,12,凱基-鳳山,2024-12-13,9274
1301,台塑,31,19,12,凱基-鳳山,2024-12-13,9274
00679B,元大美債20年,12,0,12,凱基-鳳山,2024-12-13,9274
00688L,國泰20年美債正2,12,0,12,凱基-鳳山,2024-12-13,9274
1528,恩德,12,0,12,凱基-鳳山,2024-12-13,9274
3090,日電貿,12,0,12,凱基-鳳山,2024-12-13,9274
6589,台康生技,12,0,12,凱基-鳳山,2024-12-13,9274
2345,智邦,13,1,12,凱基-鳳山,2024-12-13,9274
8070,長華*,11,0,11,凱基-鳳山,2024-12-13,9274
2408,南亞科,13,2,11,凱基-鳳山,2024-12-13,9274
00918,大華優利高填息30,236,0,236,凱基-鳳山,2024-12-16,9274
00919,群益台灣精選高息,202,13,189,凱基-鳳山,2024-12-16,9274
00673R,期元大S＆P原油反1,115,0,115,凱基-鳳山,2024-12-16,9274
8042,金山電,111,6,105,凱基-鳳山,2024-12-16,9274
00940,元大台灣價值高息,92,4,88,凱基-鳳山,2024-12-16,9274
2002,中鋼,51,5,46,凱基-鳳山,2024-12-16,9274
6207,雷科,41,0,41,凱基-鳳山,2024-12-16,9274
2317,鴻海,43,6,37,凱基-鳳山,2024-12-16,9274
9105,泰金寶-DR,185,152,33,凱基-鳳山,2024-12-16,9274
00926,凱基全球菁英55,31,0,31,凱基-鳳山,2024-12-16,9274
2449,京元電子,35,7,28,凱基-鳳山,2024-12-16,9274
00722B,群益投資級電信債,27,0,27,凱基-鳳山,2024-12-16,9274
6290,良維,26,0,26,凱基-鳳山,2024-12-16,9274
00937B,群益ESG投等債20,23,0,23,凱基-鳳山,2024-12-16,9274
5439,高技,29,6,23,凱基-鳳山,2024-12-16,9274
00878,國泰永續高股息,43,21,22,凱基-鳳山,2024-12-16,9274
2102,泰豐,22,0,22,凱基-鳳山,2024-12-16,9274
2363,矽統,25,5,20,凱基-鳳山,2024-12-16,9274
00664R,國泰臺灣加權反1,20,0,20,凱基-鳳山,2024-12-16,9274
4927,泰鼎-KY,20,0,20,凱基-鳳山,2024-12-16,9274
2303,聯電,34,14,20,凱基-鳳山,2024-12-16,9274
00687B,國泰20年美債,19,0,19,凱基-鳳山,2024-12-16,9274
00724B,群益投資級金融債,19,0,19,凱基-鳳山,2024-12-16,9274
2344,華邦電,33,14,19,凱基-鳳山,2024-12-16,9274
2421,建準,17,0,17,凱基-鳳山,2024-12-16,9274
3062,建漢,25,8,17,凱基-鳳山,2024-12-16,9274
2609,陽明,174,157,17,凱基-鳳山,2024-12-16,9274
0056,元大高股息,68,53,15,凱基-鳳山,2024-12-16,9274
00688L,國泰20年美債正2,15,0,15,凱基-鳳山,2024-12-16,9274
00665L,富邦�琤肭磪囓�2,15,0,15,凱基-鳳山,2024-12-16,9274
6558,興能高,85,71,14,凱基-鳳山,2024-12-16,9274
00921,兆豐龍頭等權重,12,0,12,凱基-鳳山,2024-12-16,9274
00946,群益科技高息成長,12,0,12,凱基-鳳山,2024-12-16,9274
3017,奇鋐,12,0,12,凱基-鳳山,2024-12-16,9274
00680L,元大美債20正2,11,0,11,凱基-鳳山,2024-12-16,9274
1301,台塑,25,15,10,凱基-鳳山,2024-12-16,9274
2367,燿華,11,1,10,凱基-鳳山,2024-12-16,9274
2374,佳能,15,5,10,凱基-鳳山,2024-12-16,9274
3003,健和興,10,0,10,凱基-鳳山,2024-12-16,9274
8401,白紗科,10,0,10,凱基-鳳山,2024-12-16,9274
3260,威剛,11,1,10,凱基-鳳山,2024-12-16,9274
2615,萬海,15,5,10,凱基-鳳山,2024-12-16,9274
00757,統一FANG+,9,0,9,凱基-鳳山,2024-12-16,9274
6141,柏承,35,26,9,凱基-鳳山,2024-12-16,9274
2354,鴻準,9,0,9,凱基-鳳山,2024-12-16,9274
00713,元大台灣高息低波,9,1,8,凱基-鳳山,2024-12-16,9274
3037,欣興,12,4,8,凱基-鳳山,2024-12-16,9274
00959B,大華投等美債15Y+,8,0,8,凱基-鳳山,2024-12-16,9274
6288,聯嘉,10,2,8,凱基-鳳山,2024-12-16,9274
6770,力積電,22,14,8,凱基-鳳山,2024-12-16,9274
3481,群創,392,7,385,凱基-鳳山,2024-12-17,9274
00918,大華優利高填息30,199,0,199,凱基-鳳山,2024-12-17,9274
2883,凱基金,159,0,159,凱基-鳳山,2024-12-17,9274
00673R,期元大S＆P原油反1,98,0,98,凱基-鳳山,2024-12-17,9274
00919,群益台灣精選高息,122,47,75,凱基-鳳山,2024-12-17,9274
2374,佳能,95,20,75,凱基-鳳山,2024-12-17,9274
9945,潤泰新,62,1,61,凱基-鳳山,2024-12-17,9274
2890,永豐金,52,1,51,凱基-鳳山,2024-12-17,9274
2449,京元電子,43,2,41,凱基-鳳山,2024-12-17,9274
1101,台泥,150,110,40,凱基-鳳山,2024-12-17,9274
0056,元大高股息,46,8,38,凱基-鳳山,2024-12-17,9274
2102,泰豐,33,0,33,凱基-鳳山,2024-12-17,9274
6757,台灣虎航,53,23,30,凱基-鳳山,2024-12-17,9274
00915,凱基優選高股息30,35,6,29,凱基-鳳山,2024-12-17,9274
5880,合庫金,34,8,26,凱基-鳳山,2024-12-17,9274
2303,聯電,41,15,26,凱基-鳳山,2024-12-17,9274
8042,金山電,37,12,25,凱基-鳳山,2024-12-17,9274
00937B,群益ESG投等債20,24,0,24,凱基-鳳山,2024-12-17,9274
2409,友達,24,0,24,凱基-鳳山,2024-12-17,9274
2609,陽明,280,257,23,凱基-鳳山,2024-12-17,9274
00757,統一FANG+,33,10,23,凱基-鳳山,2024-12-17,9274
2002,中鋼,22,1,21,凱基-鳳山,2024-12-17,9274
2884,玉山金,21,0,21,凱基-鳳山,2024-12-17,9274
4919,新唐,21,0,21,凱基-鳳山,2024-12-17,9274
6770,力積電,22,1,21,凱基-鳳山,2024-12-17,9274
9934,成霖,20,0,20,凱基-鳳山,2024-12-17,9274
2317,鴻海,42,23,19,凱基-鳳山,2024-12-17,9274
2408,南亞科,28,10,18,凱基-鳳山,2024-12-17,9274
2354,鴻準,18,1,17,凱基-鳳山,2024-12-17,9274
8401,白紗科,16,0,16,凱基-鳳山,2024-12-17,9274
2882,國泰金,16,2,14,凱基-鳳山,2024-12-17,9274
00679B,元大美債20年,13,0,13,凱基-鳳山,2024-12-17,9274
3324,雙鴻,16,3,13,凱基-鳳山,2024-12-17,9274
2801,彰銀,13,0,13,凱基-鳳山,2024-12-17,9274
2464,盟立,15,3,12,凱基-鳳山,2024-12-17,9274
00713,元大台灣高息低波,19,7,12,凱基-鳳山,2024-12-17,9274
00960,野村全球航運龍頭,11,0,11,凱基-鳳山,2024-12-17,9274
2486,一詮,11,0,11,凱基-鳳山,2024-12-17,9274
00938,凱基優選30,10,0,10,凱基-鳳山,2024-12-17,9274
2534,宏盛,10,0,10,凱基-鳳山,2024-12-17,9274
2633,台灣高鐵,10,0,10,凱基-鳳山,2024-12-17,9274
4906,正文,10,0,10,凱基-鳳山,2024-12-17,9274
6168,宏齊,10,0,10,凱基-鳳山,2024-12-17,9274
2458,義隆,10,0,10,凱基-鳳山,2024-12-17,9274
2027,大成鋼,9,0,9,凱基-鳳山,2024-12-17,9274
2379,瑞昱,8,0,8,凱基-鳳山,2024-12-17,9274
6116,彩晶,10,2,8,凱基-鳳山,2024-12-17,9274
2834,臺企銀,13,6,7,凱基-鳳山,2024-12-17,9274
2301,光寶科,7,0,7,凱基-鳳山,2024-12-17,9274
2014,中鴻,7,0,7,凱基-鳳山,2024-12-17,9274
00918,大華優利高填息30,92,1,91,凱基-鳳山,2024-12-18,9274
00878,國泰永續高股息,68,3,65,凱基-鳳山,2024-12-18,9274
2515,中工,52,0,52,凱基-鳳山,2024-12-18,9274
9105,泰金寶-DR,75,24,51,凱基-鳳山,2024-12-18,9274
00679B,元大美債20年,50,0,50,凱基-鳳山,2024-12-18,9274
00937B,群益ESG投等債20,52,6,46,凱基-鳳山,2024-12-18,9274
2332,友訊,32,0,32,凱基-鳳山,2024-12-18,9274
5871,中租-KY,27,2,25,凱基-鳳山,2024-12-18,9274
2887,台新金,25,0,25,凱基-鳳山,2024-12-18,9274
2354,鴻準,24,2,22,凱基-鳳山,2024-12-18,9274
2002,中鋼,23,1,22,凱基-鳳山,2024-12-18,9274
2609,陽明,84,64,20,凱基-鳳山,2024-12-18,9274
8021,尖點,22,2,20,凱基-鳳山,2024-12-18,9274
0056,元大高股息,20,0,20,凱基-鳳山,2024-12-18,9274
3706,神達,71,53,18,凱基-鳳山,2024-12-18,9274
00915,凱基優選高股息30,16,0,16,凱基-鳳山,2024-12-18,9274
00960,野村全球航運龍頭,16,0,16,凱基-鳳山,2024-12-18,9274
2303,聯電,34,18,16,凱基-鳳山,2024-12-18,9274
2312,金寶,17,1,16,凱基-鳳山,2024-12-18,9274
1304,台聚,15,0,15,凱基-鳳山,2024-12-18,9274
6531,愛普*,32,17,15,凱基-鳳山,2024-12-18,9274
4510,高鋒,27,13,14,凱基-鳳山,2024-12-18,9274
5880,合庫金,14,0,14,凱基-鳳山,2024-12-18,9274
5905,南仁湖,13,0,13,凱基-鳳山,2024-12-18,9274
2344,華邦電,30,18,12,凱基-鳳山,2024-12-18,9274
00926,凱基全球菁英55,12,0,12,凱基-鳳山,2024-12-18,9274
2356,英業達,20,8,12,凱基-鳳山,2024-12-18,9274
2606,裕民,12,0,12,凱基-鳳山,2024-12-18,9274
1303,南亞,11,0,11,凱基-鳳山,2024-12-18,9274
1569,濱川,11,0,11,凱基-鳳山,2024-12-18,9274
2102,泰豐,11,0,11,凱基-鳳山,2024-12-18,9274
2328,廣宇,13,2,11,凱基-鳳山,2024-12-18,9274
2882,國泰金,11,0,11,凱基-鳳山,2024-12-18,9274
5328,華容,11,0,11,凱基-鳳山,2024-12-18,9274
2204,中華,10,0,10,凱基-鳳山,2024-12-18,9274
2534,宏盛,10,0,10,凱基-鳳山,2024-12-18,9274
2892,第一金,10,0,10,凱基-鳳山,2024-12-18,9274
4306,炎洲,10,0,10,凱基-鳳山,2024-12-18,9274
4534,慶騰,10,0,10,凱基-鳳山,2024-12-18,9274
4576,大銀微系統,25,16,9,凱基-鳳山,2024-12-18,9274
00757,統一FANG+,18,10,8,凱基-鳳山,2024-12-18,9274
2883,凱基金,10,2,8,凱基-鳳山,2024-12-18,9274
00713,元大台灣高息低波,7,0,7,凱基-鳳山,2024-12-18,9274
4979,華星光,27,20,7,凱基-鳳山,2024-12-18,9274
3017,奇鋐,9,2,7,凱基-鳳山,2024-12-18,9274
2014,中鴻,7,0,7,凱基-鳳山,2024-12-18,9274
2471,資通,17,10,7,凱基-鳳山,2024-12-18,9274
2633,台灣高鐵,7,0,7,凱基-鳳山,2024-12-18,9274
2368,金像電,10,3,7,凱基-鳳山,2024-12-18,9274
2363,矽統,9,3,6,凱基-鳳山,2024-12-18,9274
00918,大華優利高填息30,287,0,287,凱基-鳳山,2024-12-19,9274
3481,群創,376,204,172,凱基-鳳山,2024-12-19,9274
3323,加百裕,244,160,84,凱基-鳳山,2024-12-19,9274
2609,陽明,125,56,69,凱基-鳳山,2024-12-19,9274
9958,世紀鋼,62,2,60,凱基-鳳山,2024-12-19,9274
00919,群益台灣精選高息,102,46,56,凱基-鳳山,2024-12-19,9274
00948B,中信優息投資級債,54,0,54,凱基-鳳山,2024-12-19,9274
6558,興能高,69,22,47,凱基-鳳山,2024-12-19,9274
00679B,元大美債20年,324,279,45,凱基-鳳山,2024-12-19,9274
2102,泰豐,44,0,44,凱基-鳳山,2024-12-19,9274
00712,復華富時不動產,43,5,38,凱基-鳳山,2024-12-19,9274
00953B,群益優選非投等債,31,0,31,凱基-鳳山,2024-12-19,9274
8042,金山電,37,8,29,凱基-鳳山,2024-12-19,9274
2881,富邦金,28,1,27,凱基-鳳山,2024-12-19,9274
00664R,國泰臺灣加權反1,25,0,25,凱基-鳳山,2024-12-19,9274
00950B,凱基A級公司債,25,0,25,凱基-鳳山,2024-12-19,9274
5243,乙盛-KY,25,1,24,凱基-鳳山,2024-12-19,9274
2883,凱基金,34,10,24,凱基-鳳山,2024-12-19,9274
0056,元大高股息,26,4,22,凱基-鳳山,2024-12-19,9274
1301,台塑,28,6,22,凱基-鳳山,2024-12-19,9274
2887,台新金,21,0,21,凱基-鳳山,2024-12-19,9274
2618,長榮航,20,0,20,凱基-鳳山,2024-12-19,9274
2911,麗嬰房,20,0,20,凱基-鳳山,2024-12-19,9274
2317,鴻海,25,6,19,凱基-鳳山,2024-12-19,9274
3264,欣銓,18,1,17,凱基-鳳山,2024-12-19,9274
3035,智原,19,2,17,凱基-鳳山,2024-12-19,9274
2354,鴻準,16,0,16,凱基-鳳山,2024-12-19,9274
3019,亞光,56,40,16,凱基-鳳山,2024-12-19,9274
1305,華夏,15,0,15,凱基-鳳山,2024-12-19,9274
2371,大同,15,0,15,凱基-鳳山,2024-12-19,9274
00878,國泰永續高股息,45,31,14,凱基-鳳山,2024-12-19,9274
00937B,群益ESG投等債20,14,0,14,凱基-鳳山,2024-12-19,9274
2409,友達,14,0,14,凱基-鳳山,2024-12-19,9274
00927,群益半導體收益,14,0,14,凱基-鳳山,2024-12-19,9274
2002,中鋼,17,3,14,凱基-鳳山,2024-12-19,9274
00946,群益科技高息成長,13,0,13,凱基-鳳山,2024-12-19,9274
2312,金寶,15,2,13,凱基-鳳山,2024-12-19,9274
2606,裕民,13,0,13,凱基-鳳山,2024-12-19,9274
00692,富邦公司治理,12,0,12,凱基-鳳山,2024-12-19,9274
00665L,富邦�琤肭磪囓�2,12,0,12,凱基-鳳山,2024-12-19,9274
1325,恆大,12,0,12,凱基-鳳山,2024-12-19,9274
8044,網家,13,1,12,凱基-鳳山,2024-12-19,9274
2892,第一金,11,0,11,凱基-鳳山,2024-12-19,9274
00680L,元大美債20正2,11,0,11,凱基-鳳山,2024-12-19,9274
2888,新光金,13,2,11,凱基-鳳山,2024-12-19,9274
4105,東洋,11,0,11,凱基-鳳山,2024-12-19,9274
8070,長華*,12,1,11,凱基-鳳山,2024-12-19,9274
4540,全球傳動,11,0,11,凱基-鳳山,2024-12-19,9274
2330,台積電,14,3,11,凱基-鳳山,2024-12-19,9274
2458,義隆,10,0,10,凱基-鳳山,2024-12-19,9274
