Ticker,Name,buy,sell,diff,Branch,Date,Branch_Code
2801,彰銀,51,0,51,凱基-北門,2023-01-03,9283
00632R,元大台灣50反1,50,0,50,凱基-北門,2023-01-03,9283
1519,華城,45,7,38,凱基-北門,2023-01-03,9283
00673R,期元大S＆P原油反1,31,0,31,凱基-北門,2023-01-03,9283
5905,南仁湖,27,2,25,凱基-北門,2023-01-03,9283
00679B,元大美債20年,20,0,20,凱基-北門,2023-01-03,9283
00670L,富邦NASDAQ正2,20,0,20,凱基-北門,2023-01-03,9283
00706L,期元大S＆P日圓正2,20,0,20,凱基-北門,2023-01-03,9283
4716,大立,20,0,20,凱基-北門,2023-01-03,9283
4911,德英,15,0,15,凱基-北門,2023-01-03,9283
8046,南電,17,2,15,凱基-北門,2023-01-03,9283
2303,聯電,21,7,14,凱基-北門,2023-01-03,9283
3481,群創,13,0,13,凱基-北門,2023-01-03,9283
6550,北極星藥業-KY,12,0,12,凱基-北門,2023-01-03,9283
2382,廣達,11,0,11,凱基-北門,2023-01-03,9283
2401,凌陽,10,0,10,凱基-北門,2023-01-03,9283
2887,台新金,10,0,10,凱基-北門,2023-01-03,9283
00720B,元大投資級公司債,9,0,9,凱基-北門,2023-01-03,9283
2317,鴻海,11,2,9,凱基-北門,2023-01-03,9283
3454,晶睿,9,1,8,凱基-北門,2023-01-03,9283
1101,台泥,7,0,7,凱基-北門,2023-01-03,9283
1529,樂事綠能,8,2,6,凱基-北門,2023-01-03,9283
1301,台塑,7,1,6,凱基-北門,2023-01-03,9283
1605,華新,12,6,6,凱基-北門,2023-01-03,9283
00878,國泰永續高股息,12,6,6,凱基-北門,2023-01-03,9283
4114,健喬,7,2,5,凱基-北門,2023-01-03,9283
00669R,國泰美國道瓊反1,5,0,5,凱基-北門,2023-01-03,9283
00902,中信電池及儲能,5,0,5,凱基-北門,2023-01-03,9283
1722,台肥,5,0,5,凱基-北門,2023-01-03,9283
2603,長榮,6,1,5,凱基-北門,2023-01-03,9283
2923,鼎固-KY,5,0,5,凱基-北門,2023-01-03,9283
3057,喬鼎,5,0,5,凱基-北門,2023-01-03,9283
4167,松瑞藥,5,0,5,凱基-北門,2023-01-03,9283
4563,百德,5,0,5,凱基-北門,2023-01-03,9283
6111,大宇資,9,4,5,凱基-北門,2023-01-03,9283
6531,愛普*,5,0,5,凱基-北門,2023-01-03,9283
6695,芯鼎,5,0,5,凱基-北門,2023-01-03,9283
1402,遠東新,4,0,4,凱基-北門,2023-01-03,9283
2379,瑞昱,4,0,4,凱基-北門,2023-01-03,9283
2399,映泰,9,5,4,凱基-北門,2023-01-03,9283
2882,國泰金,10,6,4,凱基-北門,2023-01-03,9283
5608,四維航,5,1,4,凱基-北門,2023-01-03,9283
5704,老爺知,4,0,4,凱基-北門,2023-01-03,9283
6488,環球晶,5,1,4,凱基-北門,2023-01-03,9283
6589,台康生技,6,2,4,凱基-北門,2023-01-03,9283
6180,橘子,9,5,4,凱基-北門,2023-01-03,9283
00680L,元大美債20正2,3,0,3,凱基-北門,2023-01-03,9283
2023,燁輝,4,1,3,凱基-北門,2023-01-03,9283
2885,元大金,3,0,3,凱基-北門,2023-01-03,9283
3576,聯合再生,4,1,3,凱基-北門,2023-01-03,9283
00671R,富邦NASDAQ反1,200,0,200,凱基-北門,2023-01-04,9283
4171,瑞基,37,1,36,凱基-北門,2023-01-04,9283
00715L,期街口布蘭特正2,31,2,29,凱基-北門,2023-01-04,9283
6109,亞元,26,0,26,凱基-北門,2023-01-04,9283
6550,北極星藥業-KY,22,0,22,凱基-北門,2023-01-04,9283
4716,大立,20,0,20,凱基-北門,2023-01-04,9283
2609,陽明,17,0,17,凱基-北門,2023-01-04,9283
2603,長榮,15,1,14,凱基-北門,2023-01-04,9283
2884,玉山金,13,0,13,凱基-北門,2023-01-04,9283
3454,晶睿,13,1,12,凱基-北門,2023-01-04,9283
2637,慧洋-KY,13,1,12,凱基-北門,2023-01-04,9283
1584,精剛,11,0,11,凱基-北門,2023-01-04,9283
5351,鈺創,12,1,11,凱基-北門,2023-01-04,9283
2014,中鴻,10,0,10,凱基-北門,2023-01-04,9283
3465,進泰電子,10,0,10,凱基-北門,2023-01-04,9283
3706,神達,10,0,10,凱基-北門,2023-01-04,9283
6508,惠光,10,0,10,凱基-北門,2023-01-04,9283
4114,健喬,8,0,8,凱基-北門,2023-01-04,9283
8046,南電,18,10,8,凱基-北門,2023-01-04,9283
00642U,期元大S＆P石油,7,0,7,凱基-北門,2023-01-04,9283
2328,廣宇,6,0,6,凱基-北門,2023-01-04,9283
2634,漢翔,6,0,6,凱基-北門,2023-01-04,9283
3682,亞太電,6,0,6,凱基-北門,2023-01-04,9283
4979,華星光,6,0,6,凱基-北門,2023-01-04,9283
6235,華孚,30,24,6,凱基-北門,2023-01-04,9283
6472,保瑞,6,0,6,凱基-北門,2023-01-04,9283
2317,鴻海,7,1,6,凱基-北門,2023-01-04,9283
00902,中信電池及儲能,5,0,5,凱基-北門,2023-01-04,9283
1907,永豐餘,5,0,5,凱基-北門,2023-01-04,9283
2388,威盛,6,1,5,凱基-北門,2023-01-04,9283
3362,先進光,6,1,5,凱基-北門,2023-01-04,9283
5608,四維航,6,1,5,凱基-北門,2023-01-04,9283
00830,國泰費城半導體,5,1,4,凱基-北門,2023-01-04,9283
3037,欣興,9,5,4,凱基-北門,2023-01-04,9283
3322,建舜電,4,0,4,凱基-北門,2023-01-04,9283
4167,松瑞藥,4,0,4,凱基-北門,2023-01-04,9283
3481,群創,4,1,3,凱基-北門,2023-01-04,9283
00651R,復華香港反1,3,0,3,凱基-北門,2023-01-04,9283
00895,富邦未來車,3,0,3,凱基-北門,2023-01-04,9283
1533,車王電,3,0,3,凱基-北門,2023-01-04,9283
2358,廷鑫,3,0,3,凱基-北門,2023-01-04,9283
2610,華航,3,0,3,凱基-北門,2023-01-04,9283
2636,台驊控股,3,0,3,凱基-北門,2023-01-04,9283
2723,美食-KY,4,1,3,凱基-北門,2023-01-04,9283
3035,智原,5,2,3,凱基-北門,2023-01-04,9283
5243,乙盛-KY,3,0,3,凱基-北門,2023-01-04,9283
5443,均豪,3,0,3,凱基-北門,2023-01-04,9283
6669,緯穎,3,0,3,凱基-北門,2023-01-04,9283
2454,聯發科,3,0,3,凱基-北門,2023-01-04,9283
1503,士電,4,2,2,凱基-北門,2023-01-04,9283
00665L,富邦�琤肭磪囓�2,112,1,111,凱基-北門,2023-01-05,9283
00715L,期街口布蘭特正2,50,3,47,凱基-北門,2023-01-05,9283
00720B,元大投資級公司債,26,0,26,凱基-北門,2023-01-05,9283
00680L,元大美債20正2,17,0,17,凱基-北門,2023-01-05,9283
00679B,元大美債20年,23,7,16,凱基-北門,2023-01-05,9283
1609,大亞,15,0,15,凱基-北門,2023-01-05,9283
6109,亞元,14,0,14,凱基-北門,2023-01-05,9283
1907,永豐餘,13,0,13,凱基-北門,2023-01-05,9283
2359,所羅門,11,0,11,凱基-北門,2023-01-05,9283
6533,晶心科,11,0,11,凱基-北門,2023-01-05,9283
3047,訊舟,10,0,10,凱基-北門,2023-01-05,9283
1584,精剛,10,0,10,凱基-北門,2023-01-05,9283
9945,潤泰新,10,0,10,凱基-北門,2023-01-05,9283
00882,中信中國高股息,10,1,9,凱基-北門,2023-01-05,9283
2888,新光金,10,1,9,凱基-北門,2023-01-05,9283
3346,麗清,8,0,8,凱基-北門,2023-01-05,9283
3558,神準,8,0,8,凱基-北門,2023-01-05,9283
3454,晶睿,7,0,7,凱基-北門,2023-01-05,9283
6719,力智,7,0,7,凱基-北門,2023-01-05,9283
8091,翔名,6,0,6,凱基-北門,2023-01-05,9283
1909,榮成,6,0,6,凱基-北門,2023-01-05,9283
8401,白紗科,6,0,6,凱基-北門,2023-01-05,9283
2317,鴻海,6,0,6,凱基-北門,2023-01-05,9283
3027,盛達,5,0,5,凱基-北門,2023-01-05,9283
1336,台翰,5,0,5,凱基-北門,2023-01-05,9283
00642U,期元大S＆P石油,5,0,5,凱基-北門,2023-01-05,9283
1815,富喬,5,0,5,凱基-北門,2023-01-05,9283
6531,愛普*,5,0,5,凱基-北門,2023-01-05,9283
6550,北極星藥業-KY,5,0,5,凱基-北門,2023-01-05,9283
6741,91APP*-KY,10,5,5,凱基-北門,2023-01-05,9283
4114,健喬,6,2,4,凱基-北門,2023-01-05,9283
5351,鈺創,9,5,4,凱基-北門,2023-01-05,9283
00897,富邦基因免疫生技,4,0,4,凱基-北門,2023-01-05,9283
1342,八貫,12,8,4,凱基-北門,2023-01-05,9283
3004,豐達科,5,1,4,凱基-北門,2023-01-05,9283
2498,宏達電,17,14,3,凱基-北門,2023-01-05,9283
6443,元晶,4,1,3,凱基-北門,2023-01-05,9283
1444,力麗,4,1,3,凱基-北門,2023-01-05,9283
1513,中興電,25,22,3,凱基-北門,2023-01-05,9283
00712,復華富時不動產,3,0,3,凱基-北門,2023-01-05,9283
00651R,復華香港反1,3,0,3,凱基-北門,2023-01-05,9283
1536,和大,3,0,3,凱基-北門,2023-01-05,9283
2014,中鴻,3,0,3,凱基-北門,2023-01-05,9283
2337,旺宏,4,1,3,凱基-北門,2023-01-05,9283
2485,兆赫,3,0,3,凱基-北門,2023-01-05,9283
3515,華擎,5,2,3,凱基-北門,2023-01-05,9283
5258,虹堡,3,0,3,凱基-北門,2023-01-05,9283
2884,玉山金,3,0,3,凱基-北門,2023-01-05,9283
3189,景碩,3,1,2,凱基-北門,2023-01-05,9283
3035,智原,2,0,2,凱基-北門,2023-01-05,9283
6202,盛群,31,0,31,凱基-北門,2023-01-06,9283
5475,德宏,30,0,30,凱基-北門,2023-01-06,9283
00720B,元大投資級公司債,21,0,21,凱基-北門,2023-01-06,9283
4167,松瑞藥,19,0,19,凱基-北門,2023-01-06,9283
6589,台康生技,19,1,18,凱基-北門,2023-01-06,9283
00642U,期元大S＆P石油,15,0,15,凱基-北門,2023-01-06,9283
1519,華城,13,0,13,凱基-北門,2023-01-06,9283
00706L,期元大S＆P日圓正2,12,0,12,凱基-北門,2023-01-06,9283
2303,聯電,26,15,11,凱基-北門,2023-01-06,9283
00680L,元大美債20正2,11,0,11,凱基-北門,2023-01-06,9283
1529,樂事綠能,12,1,11,凱基-北門,2023-01-06,9283
2460,建通,10,0,10,凱基-北門,2023-01-06,9283
2834,臺企銀,10,0,10,凱基-北門,2023-01-06,9283
3704,合勤控,12,2,10,凱基-北門,2023-01-06,9283
6550,北極星藥業-KY,11,2,9,凱基-北門,2023-01-06,9283
00632R,元大台灣50反1,8,0,8,凱基-北門,2023-01-06,9283
5608,四維航,8,0,8,凱基-北門,2023-01-06,9283
8401,白紗科,8,0,8,凱基-北門,2023-01-06,9283
8476,台境*,9,1,8,凱基-北門,2023-01-06,9283
2034,允強,10,3,7,凱基-北門,2023-01-06,9283
4114,健喬,29,22,7,凱基-北門,2023-01-06,9283
00679B,元大美債20年,6,0,6,凱基-北門,2023-01-06,9283
00715L,期街口布蘭特正2,6,0,6,凱基-北門,2023-01-06,9283
1467,南緯,8,3,5,凱基-北門,2023-01-06,9283
2007,燁興,5,0,5,凱基-北門,2023-01-06,9283
2923,鼎固-KY,5,0,5,凱基-北門,2023-01-06,9283
3481,群創,6,1,5,凱基-北門,2023-01-06,9283
4534,慶騰,5,0,5,凱基-北門,2023-01-06,9283
5009,榮剛,5,0,5,凱基-北門,2023-01-06,9283
6109,亞元,5,0,5,凱基-北門,2023-01-06,9283
9938,百和,5,0,5,凱基-北門,2023-01-06,9283
1609,大亞,4,0,4,凱基-北門,2023-01-06,9283
3041,揚智,4,0,4,凱基-北門,2023-01-06,9283
6215,和椿,4,0,4,凱基-北門,2023-01-06,9283
8046,南電,14,10,4,凱基-北門,2023-01-06,9283
8105,凌巨,4,0,4,凱基-北門,2023-01-06,9283
2308,台達電,3,0,3,凱基-北門,2023-01-06,9283
1210,大成,3,0,3,凱基-北門,2023-01-06,9283
2201,裕隆,15,12,3,凱基-北門,2023-01-06,9283
2243,宏旭-KY,4,1,3,凱基-北門,2023-01-06,9283
2891,中信金,5,2,3,凱基-北門,2023-01-06,9283
3443,創意,9,6,3,凱基-北門,2023-01-06,9283
5258,虹堡,5,2,3,凱基-北門,2023-01-06,9283
6104,創惟,5,2,3,凱基-北門,2023-01-06,9283
8033,雷虎,4,1,3,凱基-北門,2023-01-06,9283
00878,國泰永續高股息,2,0,2,凱基-北門,2023-01-06,9283
00882,中信中國高股息,2,0,2,凱基-北門,2023-01-06,9283
00752,中信中國50,2,0,2,凱基-北門,2023-01-06,9283
00670L,富邦NASDAQ正2,2,0,2,凱基-北門,2023-01-06,9283
00664R,國泰臺灣加權反1,2,0,2,凱基-北門,2023-01-06,9283
2883B,凱基金乙特,100,0,100,凱基-北門,2023-01-09,9283
1701,中化,100,46,54,凱基-北門,2023-01-09,9283
1217,愛之味,40,0,40,凱基-北門,2023-01-09,9283
8069,元太,44,7,37,凱基-北門,2023-01-09,9283
00830,國泰費城半導體,36,6,30,凱基-北門,2023-01-09,9283
00632R,元大台灣50反1,27,0,27,凱基-北門,2023-01-09,9283
00680L,元大美債20正2,30,4,26,凱基-北門,2023-01-09,9283
00882,中信中國高股息,25,0,25,凱基-北門,2023-01-09,9283
5488,松普,25,0,25,凱基-北門,2023-01-09,9283
4167,松瑞藥,20,1,19,凱基-北門,2023-01-09,9283
2883,凱基金,17,0,17,凱基-北門,2023-01-09,9283
2007,燁興,12,0,12,凱基-北門,2023-01-09,9283
2345,智邦,11,0,11,凱基-北門,2023-01-09,9283
00664R,國泰臺灣加權反1,11,0,11,凱基-北門,2023-01-09,9283
3520,華盈,9,0,9,凱基-北門,2023-01-09,9283
1909,榮成,10,1,9,凱基-北門,2023-01-09,9283
2634,漢翔,9,0,9,凱基-北門,2023-01-09,9283
6266,泰詠,8,0,8,凱基-北門,2023-01-09,9283
4911,德英,6,0,6,凱基-北門,2023-01-09,9283
6176,瑞儀,5,0,5,凱基-北門,2023-01-09,9283
4979,華星光,5,0,5,凱基-北門,2023-01-09,9283
2313,華通,5,0,5,凱基-北門,2023-01-09,9283
2353,宏��,5,0,5,凱基-北門,2023-01-09,9283
00902,中信電池及儲能,5,0,5,凱基-北門,2023-01-09,9283
2460,建通,5,0,5,凱基-北門,2023-01-09,9283
3083,網龍,5,0,5,凱基-北門,2023-01-09,9283
3178,公準,5,0,5,凱基-北門,2023-01-09,9283
3594,磐儀,5,0,5,凱基-北門,2023-01-09,9283
6274,台燿,14,9,5,凱基-北門,2023-01-09,9283
6770,力積電,13,8,5,凱基-北門,2023-01-09,9283
8105,凌巨,7,2,5,凱基-北門,2023-01-09,9283
8464,億豐,5,0,5,凱基-北門,2023-01-09,9283
00720B,元大投資級公司債,4,0,4,凱基-北門,2023-01-09,9283
2609,陽明,3,0,3,凱基-北門,2023-01-09,9283
1605,華新,31,28,3,凱基-北門,2023-01-09,9283
2328,廣宇,13,10,3,凱基-北門,2023-01-09,9283
00900,富邦特選高股息30,3,0,3,凱基-北門,2023-01-09,9283
00893,國泰智能電動車,3,0,3,凱基-北門,2023-01-09,9283
1409,新纖,3,0,3,凱基-北門,2023-01-09,9283
2368,金像電,4,1,3,凱基-北門,2023-01-09,9283
2643,捷迅,3,0,3,凱基-北門,2023-01-09,9283
3558,神準,3,0,3,凱基-北門,2023-01-09,9283
6411,晶焱,3,0,3,凱基-北門,2023-01-09,9283
6515,穎崴,6,3,3,凱基-北門,2023-01-09,9283
2929,淘帝-KY,2,0,2,凱基-北門,2023-01-09,9283
3499,環天科,2,0,2,凱基-北門,2023-01-09,9283
3591,艾笛森,2,0,2,凱基-北門,2023-01-09,9283
3707,漢磊,2,0,2,凱基-北門,2023-01-09,9283
1708,東鹼,2,0,2,凱基-北門,2023-01-09,9283
1722,台肥,2,0,2,凱基-北門,2023-01-09,9283
4167,松瑞藥,30,0,30,凱基-北門,2023-01-10,9283
2313,華通,26,0,26,凱基-北門,2023-01-10,9283
0056,元大高股息,30,7,23,凱基-北門,2023-01-10,9283
2338,光罩,30,18,12,凱基-北門,2023-01-10,9283
4743,合一,15,5,10,凱基-北門,2023-01-10,9283
8028,昇陽半導體,13,4,9,凱基-北門,2023-01-10,9283
00773B,中信優先金融債,7,0,7,凱基-北門,2023-01-10,9283
3479,安勤,12,5,7,凱基-北門,2023-01-10,9283
8104,錸寶,6,0,6,凱基-北門,2023-01-10,9283
00680L,元大美債20正2,15,9,6,凱基-北門,2023-01-10,9283
1104,環泥,6,0,6,凱基-北門,2023-01-10,9283
00882,中信中國高股息,10,5,5,凱基-北門,2023-01-10,9283
00900,富邦特選高股息30,5,0,5,凱基-北門,2023-01-10,9283
00670L,富邦NASDAQ正2,5,0,5,凱基-北門,2023-01-10,9283
2228,劍麟,5,0,5,凱基-北門,2023-01-10,9283
3576,聯合再生,5,0,5,凱基-北門,2023-01-10,9283
00693U,期街口S＆P黃豆,4,0,4,凱基-北門,2023-01-10,9283
00632R,元大台灣50反1,4,0,4,凱基-北門,2023-01-10,9283
2103,台橡,4,0,4,凱基-北門,2023-01-10,9283
3594,磐儀,4,0,4,凱基-北門,2023-01-10,9283
5347,世界,9,5,4,凱基-北門,2023-01-10,9283
2884,玉山金,5,1,4,凱基-北門,2023-01-10,9283
6111,大宇資,3,0,3,凱基-北門,2023-01-10,9283
6182,合晶,3,0,3,凱基-北門,2023-01-10,9283
00650L,復華香港正2,3,0,3,凱基-北門,2023-01-10,9283
2484,希華,4,1,3,凱基-北門,2023-01-10,9283
2702,華園,3,0,3,凱基-北門,2023-01-10,9283
3362,先進光,3,0,3,凱基-北門,2023-01-10,9283
3504,揚明光,3,0,3,凱基-北門,2023-01-10,9283
4129,聯合,3,0,3,凱基-北門,2023-01-10,9283
6589,台康生技,5,2,3,凱基-北門,2023-01-10,9283
6612,奈米醫材,3,0,3,凱基-北門,2023-01-10,9283
00878,國泰永續高股息,10,8,2,凱基-北門,2023-01-10,9283
3141,晶宏,4,2,2,凱基-北門,2023-01-10,9283
8171,天宇,2,0,2,凱基-北門,2023-01-10,9283
2867,三商壽,2,0,2,凱基-北門,2023-01-10,9283
3228,金麗科,6,4,2,凱基-北門,2023-01-10,9283
8299,群聯,2,0,2,凱基-北門,2023-01-10,9283
6443,元晶,3,1,2,凱基-北門,2023-01-10,9283
6558,興能高,2,0,2,凱基-北門,2023-01-10,9283
00664R,國泰臺灣加權反1,2,0,2,凱基-北門,2023-01-10,9283
1309,台達化,2,0,2,凱基-北門,2023-01-10,9283
1308,亞聚,2,0,2,凱基-北門,2023-01-10,9283
1101,台泥,2,0,2,凱基-北門,2023-01-10,9283
00786B,元大10年IG銀行債,2,0,2,凱基-北門,2023-01-10,9283
00895,富邦未來車,5,3,2,凱基-北門,2023-01-10,9283
1402,遠東新,2,0,2,凱基-北門,2023-01-10,9283
1701,中化,3,1,2,凱基-北門,2023-01-10,9283
1733,五鼎,2,0,2,凱基-北門,2023-01-10,9283
2106,建大,2,0,2,凱基-北門,2023-01-10,9283
2323,中環,55,0,55,凱基-北門,2023-01-11,9283
6150,撼訊,50,0,50,凱基-北門,2023-01-11,9283
1519,華城,50,0,50,凱基-北門,2023-01-11,9283
2313,華通,41,0,41,凱基-北門,2023-01-11,9283
2358,廷鑫,46,15,31,凱基-北門,2023-01-11,9283
4979,華星光,36,24,12,凱基-北門,2023-01-11,9283
3704,合勤控,16,5,11,凱基-北門,2023-01-11,9283
8038,長園科,10,0,10,凱基-北門,2023-01-11,9283
1568,倉佑,10,0,10,凱基-北門,2023-01-11,9283
00786B,元大10年IG銀行債,10,0,10,凱基-北門,2023-01-11,9283
6274,台燿,10,0,10,凱基-北門,2023-01-11,9283
4911,德英,8,0,8,凱基-北門,2023-01-11,9283
2027,大成鋼,8,1,7,凱基-北門,2023-01-11,9283
2360,致茂,7,0,7,凱基-北門,2023-01-11,9283
2851,中再保,7,0,7,凱基-北門,2023-01-11,9283
4114,健喬,6,0,6,凱基-北門,2023-01-11,9283
4904,遠傳,6,0,6,凱基-北門,2023-01-11,9283
8046,南電,12,7,5,凱基-北門,2023-01-11,9283
00753L,中信中國50正2,5,0,5,凱基-北門,2023-01-11,9283
2228,劍麟,5,0,5,凱基-北門,2023-01-11,9283
2368,金像電,5,0,5,凱基-北門,2023-01-11,9283
2430,燦坤,5,0,5,凱基-北門,2023-01-11,9283
2633,台灣高鐵,5,0,5,凱基-北門,2023-01-11,9283
3628,盈正,5,0,5,凱基-北門,2023-01-11,9283
6533,晶心科,8,3,5,凱基-北門,2023-01-11,9283
5009,榮剛,7,2,5,凱基-北門,2023-01-11,9283
8091,翔名,4,0,4,凱基-北門,2023-01-11,9283
1101,台泥,5,1,4,凱基-北門,2023-01-11,9283
9941,裕融,10,6,4,凱基-北門,2023-01-11,9283
5871,中租-KY,5,1,4,凱基-北門,2023-01-11,9283
00878,國泰永續高股息,7,3,4,凱基-北門,2023-01-11,9283
2359,所羅門,4,0,4,凱基-北門,2023-01-11,9283
3515,華擎,4,0,4,凱基-北門,2023-01-11,9283
3558,神準,6,2,4,凱基-北門,2023-01-11,9283
4770,上品,5,1,4,凱基-北門,2023-01-11,9283
8074,鉅橡,4,0,4,凱基-北門,2023-01-11,9283
1795,美時,7,4,3,凱基-北門,2023-01-11,9283
1307,三芳,3,0,3,凱基-北門,2023-01-11,9283
2352,佳世達,3,0,3,凱基-北門,2023-01-11,9283
2886,兆豐金,3,0,3,凱基-北門,2023-01-11,9283
2897,王道銀行,5,2,3,凱基-北門,2023-01-11,9283
3045,台灣大,3,0,3,凱基-北門,2023-01-11,9283
3189,景碩,3,0,3,凱基-北門,2023-01-11,9283
3231,緯創,5,2,3,凱基-北門,2023-01-11,9283
4977,眾達-KY,4,1,3,凱基-北門,2023-01-11,9283
2881,富邦金,4,2,2,凱基-北門,2023-01-11,9283
3305,昇貿,2,0,2,凱基-北門,2023-01-11,9283
3419,譁裕,2,0,2,凱基-北門,2023-01-11,9283
4129,聯合,2,0,2,凱基-北門,2023-01-11,9283
4908,前鼎,2,0,2,凱基-北門,2023-01-11,9283
00665L,富邦�琤肭磪囓�2,200,0,200,凱基-北門,2023-01-12,9283
1605,華新,129,25,104,凱基-北門,2023-01-12,9283
1229,聯華,50,0,50,凱基-北門,2023-01-12,9283
8150,南茂,50,0,50,凱基-北門,2023-01-12,9283
6472,保瑞,31,3,28,凱基-北門,2023-01-12,9283
00882,中信中國高股息,31,4,27,凱基-北門,2023-01-12,9283
3687,歐買尬,25,0,25,凱基-北門,2023-01-12,9283
8401,白紗科,21,0,21,凱基-北門,2023-01-12,9283
1301,台塑,20,0,20,凱基-北門,2023-01-12,9283
4119,旭富,20,0,20,凱基-北門,2023-01-12,9283
1701,中化,20,2,18,凱基-北門,2023-01-12,9283
2890,永豐金,15,3,12,凱基-北門,2023-01-12,9283
8069,元太,17,6,11,凱基-北門,2023-01-12,9283
3492,長盛,10,0,10,凱基-北門,2023-01-12,9283
3675,德微,11,1,10,凱基-北門,2023-01-12,9283
00673R,期元大S＆P原油反1,12,3,9,凱基-北門,2023-01-12,9283
00633L,富邦上証正2,7,0,7,凱基-北門,2023-01-12,9283
00897,富邦基因免疫生技,7,0,7,凱基-北門,2023-01-12,9283
3105,穩懋,13,6,7,凱基-北門,2023-01-12,9283
020023,元大櫃買半導體N,6,0,6,凱基-北門,2023-01-12,9283
8255,朋程,8,2,6,凱基-北門,2023-01-12,9283
4162,智擎,7,1,6,凱基-北門,2023-01-12,9283
2345,智邦,5,0,5,凱基-北門,2023-01-12,9283
5880,合庫金,5,0,5,凱基-北門,2023-01-12,9283
6708,天擎,5,0,5,凱基-北門,2023-01-12,9283
2317,鴻海,4,0,4,凱基-北門,2023-01-12,9283
6550,北極星藥業-KY,4,0,4,凱基-北門,2023-01-12,9283
1909,榮成,3,0,3,凱基-北門,2023-01-12,9283
2342,茂矽,6,3,3,凱基-北門,2023-01-12,9283
2468,華經,9,6,3,凱基-北門,2023-01-12,9283
2609,陽明,3,0,3,凱基-北門,2023-01-12,9283
4128,中天,3,0,3,凱基-北門,2023-01-12,9283
6104,創惟,4,1,3,凱基-北門,2023-01-12,9283
6148,驊宏資,3,0,3,凱基-北門,2023-01-12,9283
6274,台燿,9,6,3,凱基-北門,2023-01-12,9283
6741,91APP*-KY,4,1,3,凱基-北門,2023-01-12,9283
8033,雷虎,3,0,3,凱基-北門,2023-01-12,9283
8931,大汽電,3,0,3,凱基-北門,2023-01-12,9283
6182,合晶,2,0,2,凱基-北門,2023-01-12,9283
3045,台灣大,2,0,2,凱基-北門,2023-01-12,9283
5871,中租-KY,5,3,2,凱基-北門,2023-01-12,9283
1310,台苯,2,0,2,凱基-北門,2023-01-12,9283
1304,台聚,2,0,2,凱基-北門,2023-01-12,9283
1504,東元,2,0,2,凱基-北門,2023-01-12,9283
00679B,元大美債20年,3,1,2,凱基-北門,2023-01-12,9283
1609,大亞,2,0,2,凱基-北門,2023-01-12,9283
1733,五鼎,2,0,2,凱基-北門,2023-01-12,9283
2103,台橡,2,0,2,凱基-北門,2023-01-12,9283
2328,廣宇,2,0,2,凱基-北門,2023-01-12,9283
2338,光罩,29,27,2,凱基-北門,2023-01-12,9283
00830,國泰費城半導體,100,1,99,凱基-北門,2023-01-13,9283
1528,恩德,59,0,59,凱基-北門,2023-01-13,9283
1612,宏泰,50,0,50,凱基-北門,2023-01-13,9283
020031,統一IC設計臺灣N,34,0,34,凱基-北門,2023-01-13,9283
00673R,期元大S＆P原油反1,21,0,21,凱基-北門,2023-01-13,9283
00680L,元大美債20正2,18,0,18,凱基-北門,2023-01-13,9283
2002,中鋼,20,2,18,凱基-北門,2023-01-13,9283
2303,聯電,34,22,12,凱基-北門,2023-01-13,9283
3443,創意,22,11,11,凱基-北門,2023-01-13,9283
00900,富邦特選高股息30,10,0,10,凱基-北門,2023-01-13,9283
1785,光洋科,10,0,10,凱基-北門,2023-01-13,9283
2609,陽明,10,0,10,凱基-北門,2023-01-13,9283
3265,台星科,10,0,10,凱基-北門,2023-01-13,9283
6472,保瑞,11,1,10,凱基-北門,2023-01-13,9283
9105,泰金寶-DR,10,0,10,凱基-北門,2023-01-13,9283
3149,正達,8,1,7,凱基-北門,2023-01-13,9283
8069,元太,7,0,7,凱基-北門,2023-01-13,9283
2498,宏達電,11,5,6,凱基-北門,2023-01-13,9283
020023,元大櫃買半導體N,6,0,6,凱基-北門,2023-01-13,9283
3362,先進光,6,0,6,凱基-北門,2023-01-13,9283
8421,旭源,6,0,6,凱基-北門,2023-01-13,9283
3105,穩懋,9,3,6,凱基-北門,2023-01-13,9283
00632R,元大台灣50反1,25,20,5,凱基-北門,2023-01-13,9283
00733,富邦臺灣中小,5,0,5,凱基-北門,2023-01-13,9283
2342,茂矽,6,1,5,凱基-北門,2023-01-13,9283
2483,百容,5,0,5,凱基-北門,2023-01-13,9283
5263,智崴,4,0,4,凱基-北門,2023-01-13,9283
00753L,中信中國50正2,5,1,4,凱基-北門,2023-01-13,9283
4911,德英,4,0,4,凱基-北門,2023-01-13,9283
5321,美而快,4,0,4,凱基-北門,2023-01-13,9283
6443,元晶,6,2,4,凱基-北門,2023-01-13,9283
5871,中租-KY,3,0,3,凱基-北門,2023-01-13,9283
2313,華通,5,2,3,凱基-北門,2023-01-13,9283
00882,中信中國高股息,3,0,3,凱基-北門,2023-01-13,9283
00664R,國泰臺灣加權反1,3,0,3,凱基-北門,2023-01-13,9283
2328,廣宇,3,0,3,凱基-北門,2023-01-13,9283
2405,輔信,3,0,3,凱基-北門,2023-01-13,9283
3504,揚明光,3,0,3,凱基-北門,2023-01-13,9283
6708,天擎,3,0,3,凱基-北門,2023-01-13,9283
8038,長園科,4,1,3,凱基-北門,2023-01-13,9283
8050,廣積,5,2,3,凱基-北門,2023-01-13,9283
2812,台中銀,2,0,2,凱基-北門,2023-01-13,9283
3163,波若威,2,0,2,凱基-北門,2023-01-13,9283
3704,合勤控,3,1,2,凱基-北門,2023-01-13,9283
3707,漢磊,2,0,2,凱基-北門,2023-01-13,9283
4906,正文,3,1,2,凱基-北門,2023-01-13,9283
4976,佳凌,2,0,2,凱基-北門,2023-01-13,9283
6182,合晶,3,1,2,凱基-北門,2023-01-13,9283
1314,中石化,2,0,2,凱基-北門,2023-01-13,9283
00662,富邦NASDAQ,2,0,2,凱基-北門,2023-01-13,9283
00770,國泰北美科技,75,2,73,凱基-北門,2023-01-16,9283
020031,統一IC設計臺灣N,70,0,70,凱基-北門,2023-01-16,9283
00673R,期元大S＆P原油反1,48,0,48,凱基-北門,2023-01-16,9283
6550,北極星藥業-KY,26,1,25,凱基-北門,2023-01-16,9283
6155,鈞寶,19,0,19,凱基-北門,2023-01-16,9283
8421,旭源,15,1,14,凱基-北門,2023-01-16,9283
1760,寶齡富錦,12,0,12,凱基-北門,2023-01-16,9283
2332,友訊,12,0,12,凱基-北門,2023-01-16,9283
6150,撼訊,12,0,12,凱基-北門,2023-01-16,9283
00882,中信中國高股息,12,1,11,凱基-北門,2023-01-16,9283
00680L,元大美債20正2,10,0,10,凱基-北門,2023-01-16,9283
2338,光罩,21,12,9,凱基-北門,2023-01-16,9283
8358,金居,10,2,8,凱基-北門,2023-01-16,9283
00885,富邦越南,8,1,7,凱基-北門,2023-01-16,9283
4938,和碩,8,1,7,凱基-北門,2023-01-16,9283
2609,陽明,8,1,7,凱基-北門,2023-01-16,9283
00720B,元大投資級公司債,6,0,6,凱基-北門,2023-01-16,9283
4915,致伸,6,0,6,凱基-北門,2023-01-16,9283
3591,艾笛森,5,0,5,凱基-北門,2023-01-16,9283
4114,健喬,10,5,5,凱基-北門,2023-01-16,9283
2303,聯電,11,6,5,凱基-北門,2023-01-16,9283
2603,長榮,7,2,5,凱基-北門,2023-01-16,9283
4989,榮科,5,0,5,凱基-北門,2023-01-16,9283
9941,裕融,5,1,4,凱基-北門,2023-01-16,9283
1783,和康生,4,0,4,凱基-北門,2023-01-16,9283
2485,兆赫,4,0,4,凱基-北門,2023-01-16,9283
4979,華星光,5,1,4,凱基-北門,2023-01-16,9283
1104,環泥,4,0,4,凱基-北門,2023-01-16,9283
00676R,富邦臺灣加權反1,5,1,4,凱基-北門,2023-01-16,9283
2850,新產,4,0,4,凱基-北門,2023-01-16,9283
8091,翔名,4,0,4,凱基-北門,2023-01-16,9283
2482,連宇,3,0,3,凱基-北門,2023-01-16,9283
00877,復華中國5G,3,0,3,凱基-北門,2023-01-16,9283
00679B,元大美債20年,3,0,3,凱基-北門,2023-01-16,9283
00632R,元大台灣50反1,4,1,3,凱基-北門,2023-01-16,9283
4123,晟德,3,0,3,凱基-北門,2023-01-16,9283
5243,乙盛-KY,3,0,3,凱基-北門,2023-01-16,9283
6213,聯茂,9,6,3,凱基-北門,2023-01-16,9283
1101,台泥,33,31,2,凱基-北門,2023-01-16,9283
1708,東鹼,2,0,2,凱基-北門,2023-01-16,9283
2457,飛宏,2,0,2,凱基-北門,2023-01-16,9283
2461,光群雷,2,0,2,凱基-北門,2023-01-16,9283
2498,宏達電,2,0,2,凱基-北門,2023-01-16,9283
3019,亞光,2,0,2,凱基-北門,2023-01-16,9283
3128,昇銳,2,0,2,凱基-北門,2023-01-16,9283
3576,聯合再生,2,0,2,凱基-北門,2023-01-16,9283
4129,聯合,2,0,2,凱基-北門,2023-01-16,9283
5014,建錩,2,0,2,凱基-北門,2023-01-16,9283
00651R,復華香港反1,2,0,2,凱基-北門,2023-01-16,9283
00638R,元大滬深300反1,2,0,2,凱基-北門,2023-01-16,9283
2634,漢翔,115,9,106,凱基-北門,2023-01-17,9283
00632R,元大台灣50反1,55,0,55,凱基-北門,2023-01-17,9283
4162,智擎,30,0,30,凱基-北門,2023-01-17,9283
2006,東和鋼鐵,30,1,29,凱基-北門,2023-01-17,9283
5905,南仁湖,23,0,23,凱基-北門,2023-01-17,9283
4119,旭富,21,0,21,凱基-北門,2023-01-17,9283
1529,樂事綠能,21,2,19,凱基-北門,2023-01-17,9283
00882,中信中國高股息,19,1,18,凱基-北門,2023-01-17,9283
6550,北極星藥業-KY,18,0,18,凱基-北門,2023-01-17,9283
2409,友達,15,0,15,凱基-北門,2023-01-17,9283
2834,臺企銀,12,0,12,凱基-北門,2023-01-17,9283
4743,合一,13,1,12,凱基-北門,2023-01-17,9283
00673R,期元大S＆P原油反1,13,1,12,凱基-北門,2023-01-17,9283
3443,創意,14,3,11,凱基-北門,2023-01-17,9283
1336,台翰,10,0,10,凱基-北門,2023-01-17,9283
2358,廷鑫,10,0,10,凱基-北門,2023-01-17,9283
3661,世芯-KY,11,1,10,凱基-北門,2023-01-17,9283
3006,晶豪科,8,0,8,凱基-北門,2023-01-17,9283
9945,潤泰新,8,0,8,凱基-北門,2023-01-17,9283
00633L,富邦上証正2,7,0,7,凱基-北門,2023-01-17,9283
00905,FT臺灣Smart,8,1,7,凱基-北門,2023-01-17,9283
2633,台灣高鐵,7,0,7,凱基-北門,2023-01-17,9283
1734,杏輝,6,0,6,凱基-北門,2023-01-17,9283
4167,松瑞藥,7,1,6,凱基-北門,2023-01-17,9283
5871,中租-KY,6,1,5,凱基-北門,2023-01-17,9283
6712,長聖,5,0,5,凱基-北門,2023-01-17,9283
00751B,元大AAA至A公司債,5,0,5,凱基-北門,2023-01-17,9283
1785,光洋科,5,0,5,凱基-北門,2023-01-17,9283
2481,強茂,5,0,5,凱基-北門,2023-01-17,9283
2883,凱基金,5,0,5,凱基-北門,2023-01-17,9283
3705,永信,5,0,5,凱基-北門,2023-01-17,9283
6508,惠光,5,0,5,凱基-北門,2023-01-17,9283
6515,穎崴,5,0,5,凱基-北門,2023-01-17,9283
6770,力積電,5,1,4,凱基-北門,2023-01-17,9283
8171,天宇,4,0,4,凱基-北門,2023-01-17,9283
2002,中鋼,5,1,4,凱基-北門,2023-01-17,9283
2228,劍麟,4,0,4,凱基-北門,2023-01-17,9283
2610,華航,4,0,4,凱基-北門,2023-01-17,9283
6111,大宇資,5,1,4,凱基-北門,2023-01-17,9283
6806,森崴能源,4,0,4,凱基-北門,2023-01-17,9283
0056,元大高股息,6,3,3,凱基-北門,2023-01-17,9283
3189,景碩,4,1,3,凱基-北門,2023-01-17,9283
00712,復華富時不動產,3,0,3,凱基-北門,2023-01-17,9283
2342,茂矽,3,0,3,凱基-北門,2023-01-17,9283
2498,宏達電,5,2,3,凱基-北門,2023-01-17,9283
3576,聯合再生,3,0,3,凱基-北門,2023-01-17,9283
8473,山林水,3,0,3,凱基-北門,2023-01-17,9283
2884,玉山金,2,0,2,凱基-北門,2023-01-17,9283
1307,三芳,2,0,2,凱基-北門,2023-01-17,9283
1402,遠東新,2,0,2,凱基-北門,2023-01-17,9283
020023,元大櫃買半導體N,350,0,350,凱基-北門,2023-01-30,9283
00895,富邦未來車,76,8,68,凱基-北門,2023-01-30,9283
00632R,元大台灣50反1,119,51,68,凱基-北門,2023-01-30,9283
00665L,富邦�琤肭磪囓�2,60,1,59,凱基-北門,2023-01-30,9283
2610,華航,51,0,51,凱基-北門,2023-01-30,9283
2633,台灣高鐵,21,0,21,凱基-北門,2023-01-30,9283
6550,北極星藥業-KY,21,1,20,凱基-北門,2023-01-30,9283
2317,鴻海,20,0,20,凱基-北門,2023-01-30,9283
2618,長榮航,26,7,19,凱基-北門,2023-01-30,9283
6472,保瑞,11,0,11,凱基-北門,2023-01-30,9283
1236,宏亞,10,0,10,凱基-北門,2023-01-30,9283
2613,中櫃,10,0,10,凱基-北門,2023-01-30,9283
3264,欣銓,10,0,10,凱基-北門,2023-01-30,9283
6517,保勝光學,10,0,10,凱基-北門,2023-01-30,9283
2388,威盛,11,1,10,凱基-北門,2023-01-30,9283
00664R,國泰臺灣加權反1,8,0,8,凱基-北門,2023-01-30,9283
1312,國喬,8,0,8,凱基-北門,2023-01-30,9283
1513,中興電,12,4,8,凱基-北門,2023-01-30,9283
2882,國泰金,10,2,8,凱基-北門,2023-01-30,9283
2812,台中銀,8,0,8,凱基-北門,2023-01-30,9283
00679B,元大美債20年,8,0,8,凱基-北門,2023-01-30,9283
1305,華夏,7,0,7,凱基-北門,2023-01-30,9283
2634,漢翔,7,0,7,凱基-北門,2023-01-30,9283
2911,麗嬰房,6,0,6,凱基-北門,2023-01-30,9283
3406,玉晶光,6,0,6,凱基-北門,2023-01-30,9283
00673R,期元大S＆P原油反1,5,0,5,凱基-北門,2023-01-30,9283
2006,東和鋼鐵,5,0,5,凱基-北門,2023-01-30,9283
6245,立端,5,0,5,凱基-北門,2023-01-30,9283
00720B,元大投資級公司債,4,0,4,凱基-北門,2023-01-30,9283
2891,中信金,4,0,4,凱基-北門,2023-01-30,9283
5351,鈺創,4,0,4,凱基-北門,2023-01-30,9283
00905,FT臺灣Smart,10,7,3,凱基-北門,2023-01-30,9283
2061,風青,3,0,3,凱基-北門,2023-01-30,9283
2905,三商,3,0,3,凱基-北門,2023-01-30,9283
3705,永信,3,0,3,凱基-北門,2023-01-30,9283
4129,聯合,3,0,3,凱基-北門,2023-01-30,9283
6581,鋼聯,3,0,3,凱基-北門,2023-01-30,9283
00882,中信中國高股息,6,4,2,凱基-北門,2023-01-30,9283
6768,志強-KY,2,0,2,凱基-北門,2023-01-30,9283
3035,智原,2,0,2,凱基-北門,2023-01-30,9283
00676R,富邦臺灣加權反1,4,2,2,凱基-北門,2023-01-30,9283
00633L,富邦上証正2,5,3,2,凱基-北門,2023-01-30,9283
1216,統一,3,1,2,凱基-北門,2023-01-30,9283
2038,海光,2,0,2,凱基-北門,2023-01-30,9283
2351,順德,3,1,2,凱基-北門,2023-01-30,9283
2465,麗臺,2,0,2,凱基-北門,2023-01-30,9283
2485,兆赫,2,0,2,凱基-北門,2023-01-30,9283
3006,晶豪科,2,0,2,凱基-北門,2023-01-30,9283
3518,柏騰,2,0,2,凱基-北門,2023-01-30,9283
4123,晟德,2,0,2,凱基-北門,2023-01-30,9283
00632R,元大台灣50反1,165,5,160,凱基-北門,2023-01-31,9283
2634,漢翔,110,0,110,凱基-北門,2023-01-31,9283
9945,潤泰新,100,0,100,凱基-北門,2023-01-31,9283
2356,英業達,52,0,52,凱基-北門,2023-01-31,9283
2340,台亞,41,8,33,凱基-北門,2023-01-31,9283
2323,中環,40,10,30,凱基-北門,2023-01-31,9283
00715L,期街口布蘭特正2,36,10,26,凱基-北門,2023-01-31,9283
00905,FT臺灣Smart,23,0,23,凱基-北門,2023-01-31,9283
2014,中鴻,23,0,23,凱基-北門,2023-01-31,9283
00878,國泰永續高股息,20,1,19,凱基-北門,2023-01-31,9283
2834,臺企銀,18,0,18,凱基-北門,2023-01-31,9283
6279,胡連,16,1,15,凱基-北門,2023-01-31,9283
2032,新鋼,14,0,14,凱基-北門,2023-01-31,9283
5871,中租-KY,13,0,13,凱基-北門,2023-01-31,9283
00665L,富邦�琤肭磪囓�2,13,0,13,凱基-北門,2023-01-31,9283
3289,宜特,15,4,11,凱基-北門,2023-01-31,9283
1608,華榮,11,0,11,凱基-北門,2023-01-31,9283
2023,燁輝,10,0,10,凱基-北門,2023-01-31,9283
4129,聯合,10,0,10,凱基-北門,2023-01-31,9283
6187,萬潤,10,0,10,凱基-北門,2023-01-31,9283
2892,第一金,9,0,9,凱基-北門,2023-01-31,9283
2460,建通,20,11,9,凱基-北門,2023-01-31,9283
4576,大銀微系統,10,1,9,凱基-北門,2023-01-31,9283
3587,閎康,10,1,9,凱基-北門,2023-01-31,9283
6129,普誠,9,1,8,凱基-北門,2023-01-31,9283
2038,海光,7,0,7,凱基-北門,2023-01-31,9283
4961,天鈺,11,4,7,凱基-北門,2023-01-31,9283
6180,橘子,9,2,7,凱基-北門,2023-01-31,9283
00633L,富邦上証正2,6,0,6,凱基-北門,2023-01-31,9283
2228,劍麟,6,0,6,凱基-北門,2023-01-31,9283
2912,統一超,6,0,6,凱基-北門,2023-01-31,9283
1312,國喬,5,0,5,凱基-北門,2023-01-31,9283
00900,富邦特選高股息30,5,0,5,凱基-北門,2023-01-31,9283
1701,中化,5,0,5,凱基-北門,2023-01-31,9283
2103,台橡,5,0,5,凱基-北門,2023-01-31,9283
2413,環科,5,0,5,凱基-北門,2023-01-31,9283
3017,奇鋐,5,0,5,凱基-北門,2023-01-31,9283
6517,保勝光學,5,0,5,凱基-北門,2023-01-31,9283
0050,元大台灣50,6,2,4,凱基-北門,2023-01-31,9283
1210,大成,4,0,4,凱基-北門,2023-01-31,9283
00712,復華富時不動產,4,0,4,凱基-北門,2023-01-31,9283
00885,富邦越南,4,0,4,凱基-北門,2023-01-31,9283
2022,聚亨,4,0,4,凱基-北門,2023-01-31,9283
4915,致伸,5,1,4,凱基-北門,2023-01-31,9283
5474,聰泰,4,0,4,凱基-北門,2023-01-31,9283
5880,合庫金,3,0,3,凱基-北門,2023-01-31,9283
2886,兆豐金,3,0,3,凱基-北門,2023-01-31,9283
00753L,中信中國50正2,11,8,3,凱基-北門,2023-01-31,9283
1529,樂事綠能,5,2,3,凱基-北門,2023-01-31,9283
2408,南亞科,3,0,3,凱基-北門,2023-01-31,9283
2340,台亞,179,1,178,凱基-北門,2023-02-01,9283
1708,東鹼,102,1,101,凱基-北門,2023-02-01,9283
6550,北極星藥業-KY,101,1,100,凱基-北門,2023-02-01,9283
00728,第一金工業30,50,0,50,凱基-北門,2023-02-01,9283
2881,富邦金,50,1,49,凱基-北門,2023-02-01,9283
8105,凌巨,43,10,33,凱基-北門,2023-02-01,9283
2358,廷鑫,21,0,21,凱基-北門,2023-02-01,9283
00632R,元大台灣50反1,25,5,20,凱基-北門,2023-02-01,9283
2371,大同,20,0,20,凱基-北門,2023-02-01,9283
1310,台苯,17,0,17,凱基-北門,2023-02-01,9283
00673R,期元大S＆P原油反1,21,5,16,凱基-北門,2023-02-01,9283
3708,上緯投控,15,1,14,凱基-北門,2023-02-01,9283
4977,眾達-KY,15,1,14,凱基-北門,2023-02-01,9283
4968,立積,15,2,13,凱基-北門,2023-02-01,9283
2338,光罩,22,11,11,凱基-北門,2023-02-01,9283
5388,中磊,11,0,11,凱基-北門,2023-02-01,9283
2106,建大,10,0,10,凱基-北門,2023-02-01,9283
2221,大甲,10,0,10,凱基-北門,2023-02-01,9283
2867,三商壽,10,0,10,凱基-北門,2023-02-01,9283
3044,健鼎,10,0,10,凱基-北門,2023-02-01,9283
3264,欣銓,10,0,10,凱基-北門,2023-02-01,9283
5340,建榮,10,0,10,凱基-北門,2023-02-01,9283
6830,汎銓,10,0,10,凱基-北門,2023-02-01,9283
9924,福興,10,0,10,凱基-北門,2023-02-01,9283
1524,耿鼎,13,3,10,凱基-北門,2023-02-01,9283
00882,中信中國高股息,10,1,9,凱基-北門,2023-02-01,9283
2614,東森,11,2,9,凱基-北門,2023-02-01,9283
3324,雙鴻,9,1,8,凱基-北門,2023-02-01,9283
1513,中興電,24,17,7,凱基-北門,2023-02-01,9283
00905,FT臺灣Smart,7,0,7,凱基-北門,2023-02-01,9283
00878,國泰永續高股息,6,0,6,凱基-北門,2023-02-01,9283
00633L,富邦上証正2,6,0,6,凱基-北門,2023-02-01,9283
2009,第一銅,14,8,6,凱基-北門,2023-02-01,9283
2455,全新,6,0,6,凱基-北門,2023-02-01,9283
3715,定穎投控,6,0,6,凱基-北門,2023-02-01,9283
00679B,元大美債20年,5,0,5,凱基-北門,2023-02-01,9283
1722,台肥,5,0,5,凱基-北門,2023-02-01,9283
2317,鴻海,6,1,5,凱基-北門,2023-02-01,9283
3682,亞太電,5,0,5,凱基-北門,2023-02-01,9283
4576,大銀微系統,5,0,5,凱基-北門,2023-02-01,9283
8261,富鼎,8,3,5,凱基-北門,2023-02-01,9283
2363,矽統,4,0,4,凱基-北門,2023-02-01,9283
2482,連宇,11,7,4,凱基-北門,2023-02-01,9283
4904,遠傳,4,0,4,凱基-北門,2023-02-01,9283
4906,正文,4,0,4,凱基-北門,2023-02-01,9283
6411,晶焱,5,1,4,凱基-北門,2023-02-01,9283
6150,撼訊,3,0,3,凱基-北門,2023-02-01,9283
1584,精剛,25,22,3,凱基-北門,2023-02-01,9283
2634,漢翔,3,0,3,凱基-北門,2023-02-01,9283
1309,台達化,3,0,3,凱基-北門,2023-02-01,9283
2618,長榮航,120,10,110,凱基-北門,2023-02-02,9283
3027,盛達,61,0,61,凱基-北門,2023-02-02,9283
00830,國泰費城半導體,51,4,47,凱基-北門,2023-02-02,9283
00878,國泰永續高股息,44,1,43,凱基-北門,2023-02-02,9283
00885,富邦越南,58,17,41,凱基-北門,2023-02-02,9283
00715L,期街口布蘭特正2,40,1,39,凱基-北門,2023-02-02,9283
2201,裕隆,48,20,28,凱基-北門,2023-02-02,9283
1314,中石化,27,0,27,凱基-北門,2023-02-02,9283
4426,利勤,14,0,14,凱基-北門,2023-02-02,9283
3013,晟銘電,12,0,12,凱基-北門,2023-02-02,9283
00903,富邦元宇宙,22,11,11,凱基-北門,2023-02-02,9283
6550,北極星藥業-KY,12,1,11,凱基-北門,2023-02-02,9283
1701,中化,10,0,10,凱基-北門,2023-02-02,9283
2002,中鋼,10,0,10,凱基-北門,2023-02-02,9283
2613,中櫃,10,0,10,凱基-北門,2023-02-02,9283
2615,萬海,10,0,10,凱基-北門,2023-02-02,9283
6122,擎邦,10,0,10,凱基-北門,2023-02-02,9283
6175,立敦,30,20,10,凱基-北門,2023-02-02,9283
6472,保瑞,10,0,10,凱基-北門,2023-02-02,9283
6517,保勝光學,10,0,10,凱基-北門,2023-02-02,9283
4114,健喬,14,5,9,凱基-北門,2023-02-02,9283
2413,環科,9,0,9,凱基-北門,2023-02-02,9283
8255,朋程,8,0,8,凱基-北門,2023-02-02,9283
3207,耀勝,20,13,7,凱基-北門,2023-02-02,9283
5871,中租-KY,6,0,6,凱基-北門,2023-02-02,9283
1528,恩德,6,0,6,凱基-北門,2023-02-02,9283
2317,鴻海,7,1,6,凱基-北門,2023-02-02,9283
2338,光罩,14,8,6,凱基-北門,2023-02-02,9283
4919,新唐,10,5,5,凱基-北門,2023-02-02,9283
00671R,富邦NASDAQ反1,5,0,5,凱基-北門,2023-02-02,9283
2363,矽統,5,0,5,凱基-北門,2023-02-02,9283
2834,臺企銀,6,1,5,凱基-北門,2023-02-02,9283
2884,玉山金,5,0,5,凱基-北門,2023-02-02,9283
3081,聯亞,5,0,5,凱基-北門,2023-02-02,9283
3128,昇銳,5,0,5,凱基-北門,2023-02-02,9283
3163,波若威,6,1,5,凱基-北門,2023-02-02,9283
3390,旭軟,5,0,5,凱基-北門,2023-02-02,9283
4543,萬在,5,0,5,凱基-北門,2023-02-02,9283
6546,正基,5,0,5,凱基-北門,2023-02-02,9283
8050,廣積,5,0,5,凱基-北門,2023-02-02,9283
8222,寶一,5,0,5,凱基-北門,2023-02-02,9283
1101,台泥,4,0,4,凱基-北門,2023-02-02,9283
00633L,富邦上証正2,4,0,4,凱基-北門,2023-02-02,9283
2368,金像電,5,1,4,凱基-北門,2023-02-02,9283
2369,菱生,4,0,4,凱基-北門,2023-02-02,9283
00882,中信中國高股息,4,0,4,凱基-北門,2023-02-02,9283
6643,M31,4,1,3,凱基-北門,2023-02-02,9283
00642U,期元大S＆P石油,3,0,3,凱基-北門,2023-02-02,9283
00679B,元大美債20年,3,0,3,凱基-北門,2023-02-02,9283
1342,八貫,7,4,3,凱基-北門,2023-02-02,9283
020031,統一IC設計臺灣N,300,0,300,凱基-北門,2023-02-03,9283
00665L,富邦�琤肭磪囓�2,100,0,100,凱基-北門,2023-02-03,9283
00715L,期街口布蘭特正2,69,0,69,凱基-北門,2023-02-03,9283
5009,榮剛,52,0,52,凱基-北門,2023-02-03,9283
6226,光鼎,40,0,40,凱基-北門,2023-02-03,9283
6116,彩晶,36,3,33,凱基-北門,2023-02-03,9283
00679B,元大美債20年,30,0,30,凱基-北門,2023-02-03,9283
2618,長榮航,35,5,30,凱基-北門,2023-02-03,9283
00642U,期元大S＆P石油,26,0,26,凱基-北門,2023-02-03,9283
1701,中化,25,1,24,凱基-北門,2023-02-03,9283
2610,華航,21,0,21,凱基-北門,2023-02-03,9283
00770,國泰北美科技,20,0,20,凱基-北門,2023-02-03,9283
2014,中鴻,20,0,20,凱基-北門,2023-02-03,9283
00878,國泰永續高股息,22,2,20,凱基-北門,2023-02-03,9283
2352,佳世達,20,1,19,凱基-北門,2023-02-03,9283
2436,偉詮電,26,9,17,凱基-北門,2023-02-03,9283
00882,中信中國高股息,17,0,17,凱基-北門,2023-02-03,9283
4979,華星光,15,0,15,凱基-北門,2023-02-03,9283
3443,創意,21,6,15,凱基-北門,2023-02-03,9283
1216,統一,11,0,11,凱基-北門,2023-02-03,9283
1718,中纖,10,0,10,凱基-北門,2023-02-03,9283
4551,智伸科,10,0,10,凱基-北門,2023-02-03,9283
4977,眾達-KY,13,4,9,凱基-北門,2023-02-03,9283
00885,富邦越南,8,0,8,凱基-北門,2023-02-03,9283
2230,泰茂,22,14,8,凱基-北門,2023-02-03,9283
2317,鴻海,9,1,8,凱基-北門,2023-02-03,9283
00680L,元大美債20正2,7,0,7,凱基-北門,2023-02-03,9283
3264,欣銓,10,3,7,凱基-北門,2023-02-03,9283
6109,亞元,20,13,7,凱基-北門,2023-02-03,9283
8038,長園科,7,1,6,凱基-北門,2023-02-03,9283
00753L,中信中國50正2,6,0,6,凱基-北門,2023-02-03,9283
2884,玉山金,6,0,6,凱基-北門,2023-02-03,9283
3128,昇銳,6,0,6,凱基-北門,2023-02-03,9283
5351,鈺創,27,21,6,凱基-北門,2023-02-03,9283
8933,愛地雅,6,0,6,凱基-北門,2023-02-03,9283
2201,裕隆,38,33,5,凱基-北門,2023-02-03,9283
2369,菱生,5,0,5,凱基-北門,2023-02-03,9283
2409,友達,5,0,5,凱基-北門,2023-02-03,9283
2484,希華,7,2,5,凱基-北門,2023-02-03,9283
3083,網龍,5,0,5,凱基-北門,2023-02-03,9283
4906,正文,5,0,5,凱基-北門,2023-02-03,9283
8374,羅昇,5,0,5,凱基-北門,2023-02-03,9283
6550,北極星藥業-KY,10,5,5,凱基-北門,2023-02-03,9283
00671R,富邦NASDAQ反1,4,0,4,凱基-北門,2023-02-03,9283
2363,矽統,4,0,4,凱基-北門,2023-02-03,9283
2889,國票金,5,1,4,凱基-北門,2023-02-03,9283
2891,中信金,6,2,4,凱基-北門,2023-02-03,9283
4968,立積,4,0,4,凱基-北門,2023-02-03,9283
6118,建達,28,24,4,凱基-北門,2023-02-03,9283
6122,擎邦,4,0,4,凱基-北門,2023-02-03,9283
00632R,元大台灣50反1,310,0,310,凱基-北門,2023-02-06,9283
00715L,期街口布蘭特正2,62,0,62,凱基-北門,2023-02-06,9283
0056,元大高股息,54,0,54,凱基-北門,2023-02-06,9283
2323,中環,50,0,50,凱基-北門,2023-02-06,9283
6167,久正,50,0,50,凱基-北門,2023-02-06,9283
00878,國泰永續高股息,55,17,38,凱基-北門,2023-02-06,9283
2884,玉山金,18,0,18,凱基-北門,2023-02-06,9283
8050,廣積,20,4,16,凱基-北門,2023-02-06,9283
3013,晟銘電,17,2,15,凱基-北門,2023-02-06,9283
1524,耿鼎,13,1,12,凱基-北門,2023-02-06,9283
2812,台中銀,10,0,10,凱基-北門,2023-02-06,9283
3624,光頡,10,0,10,凱基-北門,2023-02-06,9283
8478,東哥遊艇,12,3,9,凱基-北門,2023-02-06,9283
00679B,元大美債20年,8,0,8,凱基-北門,2023-02-06,9283
2615,萬海,9,1,8,凱基-北門,2023-02-06,9283
1752,南光,10,3,7,凱基-北門,2023-02-06,9283
2603,長榮,7,0,7,凱基-北門,2023-02-06,9283
00642U,期元大S＆P石油,7,0,7,凱基-北門,2023-02-06,9283
2344,華邦電,11,4,7,凱基-北門,2023-02-06,9283
9938,百和,7,0,7,凱基-北門,2023-02-06,9283
00720B,元大投資級公司債,6,0,6,凱基-北門,2023-02-06,9283
1513,中興電,7,1,6,凱基-北門,2023-02-06,9283
2481,強茂,6,0,6,凱基-北門,2023-02-06,9283
3217,優群,6,0,6,凱基-北門,2023-02-06,9283
5258,虹堡,15,9,6,凱基-北門,2023-02-06,9283
00664R,國泰臺灣加權反1,5,0,5,凱基-北門,2023-02-06,9283
2017,官田鋼,5,0,5,凱基-北門,2023-02-06,9283
2038,海光,5,0,5,凱基-北門,2023-02-06,9283
2347,聯強,5,0,5,凱基-北門,2023-02-06,9283
3704,合勤控,10,5,5,凱基-北門,2023-02-06,9283
5388,中磊,5,0,5,凱基-北門,2023-02-06,9283
6508,惠光,5,0,5,凱基-北門,2023-02-06,9283
6517,保勝光學,5,0,5,凱基-北門,2023-02-06,9283
2609,陽明,5,1,4,凱基-北門,2023-02-06,9283
00761B,國泰A級公司債,4,0,4,凱基-北門,2023-02-06,9283
5243,乙盛-KY,4,0,4,凱基-北門,2023-02-06,9283
6285,啟��,4,0,4,凱基-北門,2023-02-06,9283
1708,東鹼,4,0,4,凱基-北門,2023-02-06,9283
00882,中信中國高股息,4,0,4,凱基-北門,2023-02-06,9283
3588,通嘉,6,3,3,凱基-北門,2023-02-06,9283
00918,大華優利高填息30,3,0,3,凱基-北門,2023-02-06,9283
00665L,富邦�琤肭磪囓�2,3,0,3,凱基-北門,2023-02-06,9283
00770,國泰北美科技,3,0,3,凱基-北門,2023-02-06,9283
00799B,國泰A級醫療債,3,0,3,凱基-北門,2023-02-06,9283
1522,堤維西,3,0,3,凱基-北門,2023-02-06,9283
1584,精剛,3,0,3,凱基-北門,2023-02-06,9283
1806,冠軍,3,0,3,凱基-北門,2023-02-06,9283
2388,威盛,69,66,3,凱基-北門,2023-02-06,9283
2484,希華,3,0,3,凱基-北門,2023-02-06,9283
3702,大聯大,3,0,3,凱基-北門,2023-02-06,9283
6548,長科*,100,0,100,凱基-北門,2023-02-07,9283
00715L,期街口布蘭特正2,82,7,75,凱基-北門,2023-02-07,9283
2313,華通,52,3,49,凱基-北門,2023-02-07,9283
2812,台中銀,34,0,34,凱基-北門,2023-02-07,9283
00878,國泰永續高股息,26,0,26,凱基-北門,2023-02-07,9283
2883,凱基金,22,0,22,凱基-北門,2023-02-07,9283
2892,第一金,21,0,21,凱基-北門,2023-02-07,9283
2025,千興,20,0,20,凱基-北門,2023-02-07,9283
2388,威盛,20,0,20,凱基-北門,2023-02-07,9283
00882,中信中國高股息,20,0,20,凱基-北門,2023-02-07,9283
2498,宏達電,28,9,19,凱基-北門,2023-02-07,9283
2884,玉山金,16,0,16,凱基-北門,2023-02-07,9283
2891,中信金,14,0,14,凱基-北門,2023-02-07,9283
6116,彩晶,13,0,13,凱基-北門,2023-02-07,9283
00680L,元大美債20正2,11,0,11,凱基-北門,2023-02-07,9283
2201,裕隆,12,1,11,凱基-北門,2023-02-07,9283
3047,訊舟,11,0,11,凱基-北門,2023-02-07,9283
4911,德英,12,1,11,凱基-北門,2023-02-07,9283
2458,義隆,10,0,10,凱基-北門,2023-02-07,9283
6715,嘉基,10,0,10,凱基-北門,2023-02-07,9283
2460,建通,9,0,9,凱基-北門,2023-02-07,9283
6138,茂達,8,0,8,凱基-北門,2023-02-07,9283
00885,富邦越南,7,0,7,凱基-北門,2023-02-07,9283
00679B,元大美債20年,6,0,6,凱基-北門,2023-02-07,9283
00725B,國泰投資級公司債,6,0,6,凱基-北門,2023-02-07,9283
00633L,富邦上証正2,6,0,6,凱基-北門,2023-02-07,9283
1752,南光,28,22,6,凱基-北門,2023-02-07,9283
2888,新光金,6,0,6,凱基-北門,2023-02-07,9283
5351,鈺創,7,1,6,凱基-北門,2023-02-07,9283
00890B,凱基ESG BBB債,5,0,5,凱基-北門,2023-02-07,9283
2006,東和鋼鐵,5,0,5,凱基-北門,2023-02-07,9283
2618,長榮航,5,0,5,凱基-北門,2023-02-07,9283
6517,保勝光學,5,0,5,凱基-北門,2023-02-07,9283
8478,東哥遊艇,7,2,5,凱基-北門,2023-02-07,9283
00881,國泰台灣5G+,5,0,5,凱基-北門,2023-02-07,9283
1102,亞泥,5,0,5,凱基-北門,2023-02-07,9283
00830,國泰費城半導體,5,0,5,凱基-北門,2023-02-07,9283
3706,神達,5,0,5,凱基-北門,2023-02-07,9283
2609,陽明,4,0,4,凱基-北門,2023-02-07,9283
6282,康舒,21,17,4,凱基-北門,2023-02-07,9283
2886,兆豐金,4,0,4,凱基-北門,2023-02-07,9283
6104,創惟,7,3,4,凱基-北門,2023-02-07,9283
6189,豐藝,4,0,4,凱基-北門,2023-02-07,9283
8112,至上,4,0,4,凱基-北門,2023-02-07,9283
2457,飛宏,4,0,4,凱基-北門,2023-02-07,9283
0056,元大高股息,4,1,3,凱基-北門,2023-02-07,9283
00751B,元大AAA至A公司債,3,0,3,凱基-北門,2023-02-07,9283
2368,金像電,3,0,3,凱基-北門,2023-02-07,9283
2409,友達,6,3,3,凱基-北門,2023-02-07,9283
4114,健喬,7,4,3,凱基-北門,2023-02-07,9283
2618,長榮航,203,0,203,凱基-北門,2023-02-08,9283
020031,統一IC設計臺灣N,150,0,150,凱基-北門,2023-02-08,9283
00830,國泰費城半導體,50,11,39,凱基-北門,2023-02-08,9283
00885,富邦越南,35,0,35,凱基-北門,2023-02-08,9283
2025,千興,34,0,34,凱基-北門,2023-02-08,9283
5251,天鉞電,30,0,30,凱基-北門,2023-02-08,9283
6167,久正,27,0,27,凱基-北門,2023-02-08,9283
2409,友達,44,24,20,凱基-北門,2023-02-08,9283
00878,國泰永續高股息,21,2,19,凱基-北門,2023-02-08,9283
3264,欣銓,20,1,19,凱基-北門,2023-02-08,9283
2884,玉山金,17,0,17,凱基-北門,2023-02-08,9283
00882,中信中國高股息,15,1,14,凱基-北門,2023-02-08,9283
3049,精金,14,0,14,凱基-北門,2023-02-08,9283
2892,第一金,13,0,13,凱基-北門,2023-02-08,9283
6125,廣運,12,0,12,凱基-北門,2023-02-08,9283
6235,華孚,31,20,11,凱基-北門,2023-02-08,9283
00673R,期元大S＆P原油反1,10,0,10,凱基-北門,2023-02-08,9283
2302,麗正,10,0,10,凱基-北門,2023-02-08,9283
2345,智邦,10,0,10,凱基-北門,2023-02-08,9283
4426,利勤,9,0,9,凱基-北門,2023-02-08,9283
2489,瑞軒,8,0,8,凱基-北門,2023-02-08,9283
2890,永豐金,8,0,8,凱基-北門,2023-02-08,9283
4746,台耀,11,3,8,凱基-北門,2023-02-08,9283
6446,藥華藥,8,0,8,凱基-北門,2023-02-08,9283
8046,南電,8,0,8,凱基-北門,2023-02-08,9283
2009,第一銅,16,9,7,凱基-北門,2023-02-08,9283
3128,昇銳,9,2,7,凱基-北門,2023-02-08,9283
4938,和碩,7,0,7,凱基-北門,2023-02-08,9283
4977,眾達-KY,11,5,6,凱基-北門,2023-02-08,9283
5351,鈺創,9,3,6,凱基-北門,2023-02-08,9283
8050,廣積,7,1,6,凱基-北門,2023-02-08,9283
2881,富邦金,5,0,5,凱基-北門,2023-02-08,9283
3163,波若威,5,0,5,凱基-北門,2023-02-08,9283
4104,佳醫,5,0,5,凱基-北門,2023-02-08,9283
4142,國光生,5,0,5,凱基-北門,2023-02-08,9283
6104,創惟,4,0,4,凱基-北門,2023-02-08,9283
5871,中租-KY,5,1,4,凱基-北門,2023-02-08,9283
00877,復華中國5G,4,0,4,凱基-北門,2023-02-08,9283
00795B,中信美國公債20年,4,0,4,凱基-北門,2023-02-08,9283
1506,正道,4,0,4,凱基-北門,2023-02-08,9283
2027,大成鋼,4,0,4,凱基-北門,2023-02-08,9283
2353,宏��,6,2,4,凱基-北門,2023-02-08,9283
2498,宏達電,79,75,4,凱基-北門,2023-02-08,9283
9938,百和,4,0,4,凱基-北門,2023-02-08,9283
2049,上銀,6,2,4,凱基-北門,2023-02-08,9283
00679B,元大美債20年,4,0,4,凱基-北門,2023-02-08,9283
1524,耿鼎,3,0,3,凱基-北門,2023-02-08,9283
2609,陽明,3,0,3,凱基-北門,2023-02-08,9283
00693U,期街口S＆P黃豆,3,0,3,凱基-北門,2023-02-08,9283
00671R,富邦NASDAQ反1,3,0,3,凱基-北門,2023-02-08,9283
00878,國泰永續高股息,127,0,127,凱基-北門,2023-02-09,9283
2393,億光,31,0,31,凱基-北門,2023-02-09,9283
00715L,期街口布蘭特正2,75,51,24,凱基-北門,2023-02-09,9283
2634,漢翔,25,3,22,凱基-北門,2023-02-09,9283
6116,彩晶,20,0,20,凱基-北門,2023-02-09,9283
00882,中信中國高股息,18,0,18,凱基-北門,2023-02-09,9283
6741,91APP*-KY,18,0,18,凱基-北門,2023-02-09,9283
00673R,期元大S＆P原油反1,13,0,13,凱基-北門,2023-02-09,9283
1605,華新,12,0,12,凱基-北門,2023-02-09,9283
2834,臺企銀,10,0,10,凱基-北門,2023-02-09,9283
1714,和桐,10,0,10,凱基-北門,2023-02-09,9283
2618,長榮航,10,0,10,凱基-北門,2023-02-09,9283
3545,敦泰,10,0,10,凱基-北門,2023-02-09,9283
4956,光鋐,10,0,10,凱基-北門,2023-02-09,9283
6270,倍微,10,0,10,凱基-北門,2023-02-09,9283
6550,北極星藥業-KY,11,2,9,凱基-北門,2023-02-09,9283
5340,建榮,8,0,8,凱基-北門,2023-02-09,9283
6245,立端,10,3,7,凱基-北門,2023-02-09,9283
8105,凌巨,7,0,7,凱基-北門,2023-02-09,9283
2607,榮運,9,3,6,凱基-北門,2023-02-09,9283
8489,三貝德,6,0,6,凱基-北門,2023-02-09,9283
00885,富邦越南,6,1,5,凱基-北門,2023-02-09,9283
1310,台苯,5,0,5,凱基-北門,2023-02-09,9283
00751B,元大AAA至A公司債,5,0,5,凱基-北門,2023-02-09,9283
1432,大魯閣,5,0,5,凱基-北門,2023-02-09,9283
2368,金像電,5,0,5,凱基-北門,2023-02-09,9283
2812,台中銀,5,0,5,凱基-北門,2023-02-09,9283
3305,昇貿,5,0,5,凱基-北門,2023-02-09,9283
8478,東哥遊艇,5,0,5,凱基-北門,2023-02-09,9283
3706,神達,5,0,5,凱基-北門,2023-02-09,9283
2892,第一金,4,0,4,凱基-北門,2023-02-09,9283
00830,國泰費城半導體,4,0,4,凱基-北門,2023-02-09,9283
6138,茂達,5,1,4,凱基-北門,2023-02-09,9283
00693U,期街口S＆P黃豆,4,0,4,凱基-北門,2023-02-09,9283
1609,大亞,4,0,4,凱基-北門,2023-02-09,9283
2344,華邦電,7,3,4,凱基-北門,2023-02-09,9283
6235,華孚,40,36,4,凱基-北門,2023-02-09,9283
9938,百和,4,0,4,凱基-北門,2023-02-09,9283
00890B,凱基ESG BBB債,3,0,3,凱基-北門,2023-02-09,9283
006208,富邦台50,3,0,3,凱基-北門,2023-02-09,9283
2228,劍麟,3,0,3,凱基-北門,2023-02-09,9283
2388,威盛,9,6,3,凱基-北門,2023-02-09,9283
2408,南亞科,4,1,3,凱基-北門,2023-02-09,9283
2883,凱基金,7,4,3,凱基-北門,2023-02-09,9283
3321,同泰,3,0,3,凱基-北門,2023-02-09,9283
6113,亞矽,3,0,3,凱基-北門,2023-02-09,9283
6217,中探針,3,0,3,凱基-北門,2023-02-09,9283
8222,寶一,3,0,3,凱基-北門,2023-02-09,9283
9802,鈺齊-KY,3,0,3,凱基-北門,2023-02-09,9283
9951,皇田,3,0,3,凱基-北門,2023-02-09,9283
00878,國泰永續高股息,85,11,74,凱基-北門,2023-02-10,9283
3028,增你強,50,0,50,凱基-北門,2023-02-10,9283
2884,玉山金,51,5,46,凱基-北門,2023-02-10,9283
6167,久正,32,0,32,凱基-北門,2023-02-10,9283
00720B,元大投資級公司債,25,0,25,凱基-北門,2023-02-10,9283
00885,富邦越南,24,1,23,凱基-北門,2023-02-10,9283
2354,鴻準,20,0,20,凱基-北門,2023-02-10,9283
2610,華航,15,0,15,凱基-北門,2023-02-10,9283
00715L,期街口布蘭特正2,18,3,15,凱基-北門,2023-02-10,9283
4977,眾達-KY,23,8,15,凱基-北門,2023-02-10,9283
4558,寶緯,14,0,14,凱基-北門,2023-02-10,9283
2812,台中銀,13,0,13,凱基-北門,2023-02-10,9283
00680L,元大美債20正2,13,0,13,凱基-北門,2023-02-10,9283
3356,奇偶,12,0,12,凱基-北門,2023-02-10,9283
2891,中信金,12,1,11,凱基-北門,2023-02-10,9283
5222,全訊,11,0,11,凱基-北門,2023-02-10,9283
00893,國泰智能電動車,10,0,10,凱基-北門,2023-02-10,9283
5475,德宏,10,0,10,凱基-北門,2023-02-10,9283
6187,萬潤,11,1,10,凱基-北門,2023-02-10,9283
1605,華新,10,1,9,凱基-北門,2023-02-10,9283
4915,致伸,9,0,9,凱基-北門,2023-02-10,9283
2498,宏達電,12,3,9,凱基-北門,2023-02-10,9283
3207,耀勝,12,3,9,凱基-北門,2023-02-10,9283
1701,中化,11,2,9,凱基-北門,2023-02-10,9283
8349,�矬�,10,1,9,凱基-北門,2023-02-10,9283
8091,翔名,10,2,8,凱基-北門,2023-02-10,9283
6116,彩晶,8,0,8,凱基-北門,2023-02-10,9283
00753L,中信中國50正2,8,0,8,凱基-北門,2023-02-10,9283
1514,亞力,8,0,8,凱基-北門,2023-02-10,9283
2413,環科,10,2,8,凱基-北門,2023-02-10,9283
2888,新光金,8,0,8,凱基-北門,2023-02-10,9283
2338,光罩,7,0,7,凱基-北門,2023-02-10,9283
2880,華南金,6,0,6,凱基-北門,2023-02-10,9283
3128,昇銳,7,1,6,凱基-北門,2023-02-10,9283
3004,豐達科,6,0,6,凱基-北門,2023-02-10,9283
2867,三商壽,6,0,6,凱基-北門,2023-02-10,9283
2929,淘帝-KY,5,0,5,凱基-北門,2023-02-10,9283
8038,長園科,5,0,5,凱基-北門,2023-02-10,9283
00751B,元大AAA至A公司債,5,0,5,凱基-北門,2023-02-10,9283
00725B,國泰投資級公司債,5,0,5,凱基-北門,2023-02-10,9283
1752,南光,8,3,5,凱基-北門,2023-02-10,9283
2025,千興,5,0,5,凱基-北門,2023-02-10,9283
2484,希華,7,2,5,凱基-北門,2023-02-10,9283
2618,長榮航,5,0,5,凱基-北門,2023-02-10,9283
4130,健亞,17,12,5,凱基-北門,2023-02-10,9283
6770,力積電,6,1,5,凱基-北門,2023-02-10,9283
2609,陽明,5,0,5,凱基-北門,2023-02-10,9283
00712,復華富時不動產,5,0,5,凱基-北門,2023-02-10,9283
0056,元大高股息,7,3,4,凱基-北門,2023-02-10,9283
6550,北極星藥業-KY,7,3,4,凱基-北門,2023-02-10,9283
1701,中化,71,4,67,凱基-北門,2023-02-13,9283
00878,國泰永續高股息,73,14,59,凱基-北門,2023-02-13,9283
00905,FT臺灣Smart,50,0,50,凱基-北門,2023-02-13,9283
0056,元大高股息,27,1,26,凱基-北門,2023-02-13,9283
00885,富邦越南,25,0,25,凱基-北門,2023-02-13,9283
00673R,期元大S＆P原油反1,25,0,25,凱基-北門,2023-02-13,9283
2402,毅嘉,21,0,21,凱基-北門,2023-02-13,9283
00679B,元大美債20年,21,0,21,凱基-北門,2023-02-13,9283
2352,佳世達,20,0,20,凱基-北門,2023-02-13,9283
2537,聯上發,20,1,19,凱基-北門,2023-02-13,9283
6603,富強鑫,20,2,18,凱基-北門,2023-02-13,9283
00720B,元大投資級公司債,17,0,17,凱基-北門,2023-02-13,9283
4163,鐿鈦,15,0,15,凱基-北門,2023-02-13,9283
3028,增你強,12,0,12,凱基-北門,2023-02-13,9283
2303,聯電,13,1,12,凱基-北門,2023-02-13,9283
1584,精剛,12,1,11,凱基-北門,2023-02-13,9283
2634,漢翔,19,8,11,凱基-北門,2023-02-13,9283
4113,聯上,10,0,10,凱基-北門,2023-02-13,9283
2892,第一金,10,1,9,凱基-北門,2023-02-13,9283
00772B,中信高評級公司債,8,0,8,凱基-北門,2023-02-13,9283
6277,宏正,8,0,8,凱基-北門,2023-02-13,9283
3615,安可,7,0,7,凱基-北門,2023-02-13,9283
00893,國泰智能電動車,6,0,6,凱基-北門,2023-02-13,9283
6274,台燿,6,0,6,凱基-北門,2023-02-13,9283
2883,凱基金,5,0,5,凱基-北門,2023-02-13,9283
2103,台橡,5,0,5,凱基-北門,2023-02-13,9283
4938,和碩,10,5,5,凱基-北門,2023-02-13,9283
1808,潤隆,6,2,4,凱基-北門,2023-02-13,9283
4770,上品,4,0,4,凱基-北門,2023-02-13,9283
8069,元太,5,1,4,凱基-北門,2023-02-13,9283
1605,華新,4,1,3,凱基-北門,2023-02-13,9283
3037,欣興,3,0,3,凱基-北門,2023-02-13,9283
00830,國泰費城半導體,4,1,3,凱基-北門,2023-02-13,9283
00900,富邦特選高股息30,3,0,3,凱基-北門,2023-02-13,9283
2344,華邦電,4,1,3,凱基-北門,2023-02-13,9283
2538,基泰,3,0,3,凱基-北門,2023-02-13,9283
2891,中信金,3,0,3,凱基-北門,2023-02-13,9283
6235,華孚,6,3,3,凱基-北門,2023-02-13,9283
00751B,元大AAA至A公司債,3,0,3,凱基-北門,2023-02-13,9283
2022,聚亨,3,0,3,凱基-北門,2023-02-13,9283
2468,華經,4,1,3,凱基-北門,2023-02-13,9283
3515,華擎,5,2,3,凱基-北門,2023-02-13,9283
4915,致伸,3,0,3,凱基-北門,2023-02-13,9283
5388,中磊,3,0,3,凱基-北門,2023-02-13,9283
2851,中再保,2,0,2,凱基-北門,2023-02-13,9283
1524,耿鼎,3,1,2,凱基-北門,2023-02-13,9283
2401,凌陽,2,0,2,凱基-北門,2023-02-13,9283
2406,國碩,2,0,2,凱基-北門,2023-02-13,9283
2449,京元電子,2,0,2,凱基-北門,2023-02-13,9283
2890,永豐金,2,0,2,凱基-北門,2023-02-13,9283
00905,FT臺灣Smart,50,0,50,凱基-北門,2023-02-14,9283
6282,康舒,43,0,43,凱基-北門,2023-02-14,9283
00882,中信中國高股息,21,2,19,凱基-北門,2023-02-14,9283
3661,世芯-KY,19,2,17,凱基-北門,2023-02-14,9283
8050,廣積,18,2,16,凱基-北門,2023-02-14,9283
4129,聯合,15,0,15,凱基-北門,2023-02-14,9283
2323,中環,13,0,13,凱基-北門,2023-02-14,9283
2328,廣宇,12,0,12,凱基-北門,2023-02-14,9283
1605,華新,17,6,11,凱基-北門,2023-02-14,9283
2405,輔信,10,0,10,凱基-北門,2023-02-14,9283
8112,至上,10,0,10,凱基-北門,2023-02-14,9283
4743,合一,11,2,9,凱基-北門,2023-02-14,9283
1701,中化,11,2,9,凱基-北門,2023-02-14,9283
2313,華通,10,1,9,凱基-北門,2023-02-14,9283
6182,合晶,10,1,9,凱基-北門,2023-02-14,9283
6605,帝寶,11,2,9,凱基-北門,2023-02-14,9283
2884,玉山金,13,4,9,凱基-北門,2023-02-14,9283
8255,朋程,8,0,8,凱基-北門,2023-02-14,9283
2634,漢翔,8,0,8,凱基-北門,2023-02-14,9283
4931,新盛力,8,0,8,凱基-北門,2023-02-14,9283
00878,國泰永續高股息,16,8,8,凱基-北門,2023-02-14,9283
4977,眾達-KY,7,0,7,凱基-北門,2023-02-14,9283
5258,虹堡,12,5,7,凱基-北門,2023-02-14,9283
6116,彩晶,7,0,7,凱基-北門,2023-02-14,9283
1514,亞力,6,0,6,凱基-北門,2023-02-14,9283
00720B,元大投資級公司債,6,0,6,凱基-北門,2023-02-14,9283
4726,永昕,6,0,6,凱基-北門,2023-02-14,9283
6180,橘子,8,3,5,凱基-北門,2023-02-14,9283
2014,中鴻,5,0,5,凱基-北門,2023-02-14,9283
2891,中信金,5,0,5,凱基-北門,2023-02-14,9283
00794B,群益7+中國政金債,5,0,5,凱基-北門,2023-02-14,9283
00642U,期元大S＆P石油,5,0,5,凱基-北門,2023-02-14,9283
2356,英業達,5,0,5,凱基-北門,2023-02-14,9283
3044,健鼎,5,0,5,凱基-北門,2023-02-14,9283
3615,安可,5,0,5,凱基-北門,2023-02-14,9283
3665,貿聯-KY,5,0,5,凱基-北門,2023-02-14,9283
6266,泰詠,5,0,5,凱基-北門,2023-02-14,9283
6550,北極星藥業-KY,6,1,5,凱基-北門,2023-02-14,9283
6579,研揚,5,0,5,凱基-北門,2023-02-14,9283
1783,和康生,6,2,4,凱基-北門,2023-02-14,9283
2498,宏達電,5,1,4,凱基-北門,2023-02-14,9283
2885,元大金,4,0,4,凱基-北門,2023-02-14,9283
3419,譁裕,4,0,4,凱基-北門,2023-02-14,9283
00885,富邦越南,4,0,4,凱基-北門,2023-02-14,9283
2453,凌群,15,11,4,凱基-北門,2023-02-14,9283
3305,昇貿,5,1,4,凱基-北門,2023-02-14,9283
3702,大聯大,4,0,4,凱基-北門,2023-02-14,9283
5608,四維航,4,0,4,凱基-北門,2023-02-14,9283
4128,中天,3,0,3,凱基-北門,2023-02-14,9283
1609,大亞,3,0,3,凱基-北門,2023-02-14,9283
2344,華邦電,141,1,140,凱基-北門,2023-02-15,9283
00878,國泰永續高股息,73,10,63,凱基-北門,2023-02-15,9283
2743,山富,30,0,30,凱基-北門,2023-02-15,9283
1722,台肥,19,0,19,凱基-北門,2023-02-15,9283
00891,中信關鍵半導體,21,2,19,凱基-北門,2023-02-15,9283
2409,友達,15,1,14,凱基-北門,2023-02-15,9283
5905,南仁湖,14,1,13,凱基-北門,2023-02-15,9283
2882,國泰金,12,0,12,凱基-北門,2023-02-15,9283
1611,中電,10,0,10,凱基-北門,2023-02-15,9283
6167,久正,10,0,10,凱基-北門,2023-02-15,9283
00720B,元大投資級公司債,10,0,10,凱基-北門,2023-02-15,9283
00715L,期街口布蘭特正2,60,50,10,凱基-北門,2023-02-15,9283
1529,樂事綠能,10,0,10,凱基-北門,2023-02-15,9283
2302,麗正,10,0,10,凱基-北門,2023-02-15,9283
3028,增你強,10,0,10,凱基-北門,2023-02-15,9283
5285,界霖,14,4,10,凱基-北門,2023-02-15,9283
0050,元大台灣50,10,2,8,凱基-北門,2023-02-15,9283
6182,合晶,7,0,7,凱基-北門,2023-02-15,9283
00633L,富邦上証正2,7,0,7,凱基-北門,2023-02-15,9283
2329,華泰,6,0,6,凱基-北門,2023-02-15,9283
3490,單井,6,0,6,凱基-北門,2023-02-15,9283
00882,中信中國高股息,6,0,6,凱基-北門,2023-02-15,9283
5347,世界,8,2,6,凱基-北門,2023-02-15,9283
1752,南光,6,0,6,凱基-北門,2023-02-15,9283
2498,宏達電,13,8,5,凱基-北門,2023-02-15,9283
00642U,期元大S＆P石油,5,0,5,凱基-北門,2023-02-15,9283
00692,富邦公司治理,5,0,5,凱基-北門,2023-02-15,9283
00905,FT臺灣Smart,5,0,5,凱基-北門,2023-02-15,9283
1325,恆大,5,0,5,凱基-北門,2023-02-15,9283
2402,毅嘉,12,7,5,凱基-北門,2023-02-15,9283
2880,華南金,4,0,4,凱基-北門,2023-02-15,9283
00897,富邦基因免疫生技,4,0,4,凱基-北門,2023-02-15,9283
00894,中信小資高價30,4,0,4,凱基-北門,2023-02-15,9283
00904,新光臺灣半導體30,4,0,4,凱基-北門,2023-02-15,9283
2492,華新科,4,0,4,凱基-北門,2023-02-15,9283
3504,揚明光,4,0,4,凱基-北門,2023-02-15,9283
3511,矽瑪,5,1,4,凱基-北門,2023-02-15,9283
3653,健策,4,0,4,凱基-北門,2023-02-15,9283
5007,三星,4,0,4,凱基-北門,2023-02-15,9283
6109,亞元,4,0,4,凱基-北門,2023-02-15,9283
6282,康舒,4,0,4,凱基-北門,2023-02-15,9283
1519,華城,7,3,4,凱基-北門,2023-02-15,9283
3035,智原,4,1,3,凱基-北門,2023-02-15,9283
3710,連展投控,3,0,3,凱基-北門,2023-02-15,9283
1783,和康生,6,3,3,凱基-北門,2023-02-15,9283
2017,官田鋼,3,0,3,凱基-北門,2023-02-15,9283
2729,瓦城,3,0,3,凱基-北門,2023-02-15,9283
3062,建漢,3,0,3,凱基-北門,2023-02-15,9283
3265,台星科,3,0,3,凱基-北門,2023-02-15,9283
3704,合勤控,4,1,3,凱基-北門,2023-02-15,9283
6446,藥華藥,52,0,52,凱基-北門,2023-02-16,9283
6472,保瑞,49,1,48,凱基-北門,2023-02-16,9283
00878,國泰永續高股息,48,0,48,凱基-北門,2023-02-16,9283
2601,益航,40,0,40,凱基-北門,2023-02-16,9283
1611,中電,30,0,30,凱基-北門,2023-02-16,9283
1605,華新,39,17,22,凱基-北門,2023-02-16,9283
2302,麗正,20,0,20,凱基-北門,2023-02-16,9283
00679B,元大美債20年,18,0,18,凱基-北門,2023-02-16,9283
00673R,期元大S＆P原油反1,17,0,17,凱基-北門,2023-02-16,9283
1722,台肥,16,0,16,凱基-北門,2023-02-16,9283
6104,創惟,12,0,12,凱基-北門,2023-02-16,9283
5351,鈺創,12,1,11,凱基-北門,2023-02-16,9283
2049,上銀,11,0,11,凱基-北門,2023-02-16,9283
6477,安集,11,0,11,凱基-北門,2023-02-16,9283
2405,輔信,10,0,10,凱基-北門,2023-02-16,9283
00632R,元大台灣50反1,10,0,10,凱基-北門,2023-02-16,9283
5340,建榮,10,0,10,凱基-北門,2023-02-16,9283
5706,鳳凰,13,3,10,凱基-北門,2023-02-16,9283
6173,信昌電,10,0,10,凱基-北門,2023-02-16,9283
1514,亞力,9,0,9,凱基-北門,2023-02-16,9283
1701,中化,11,2,9,凱基-北門,2023-02-16,9283
3454,晶睿,15,6,9,凱基-北門,2023-02-16,9283
4417,金洲,8,0,8,凱基-北門,2023-02-16,9283
3037,欣興,10,3,7,凱基-北門,2023-02-16,9283
2317,鴻海,7,0,7,凱基-北門,2023-02-16,9283
4939,亞電,6,0,6,凱基-北門,2023-02-16,9283
4915,致伸,6,0,6,凱基-北門,2023-02-16,9283
8421,旭源,7,1,6,凱基-北門,2023-02-16,9283
3661,世芯-KY,5,0,5,凱基-北門,2023-02-16,9283
3041,揚智,5,0,5,凱基-北門,2023-02-16,9283
5410,國眾,5,0,5,凱基-北門,2023-02-16,9283
2504,國產,5,0,5,凱基-北門,2023-02-16,9283
2887,台新金,5,0,5,凱基-北門,2023-02-16,9283
3128,昇銳,8,3,5,凱基-北門,2023-02-16,9283
3141,晶宏,7,2,5,凱基-北門,2023-02-16,9283
3372,典範,5,0,5,凱基-北門,2023-02-16,9283
3704,合勤控,6,1,5,凱基-北門,2023-02-16,9283
8374,羅昇,5,0,5,凱基-北門,2023-02-16,9283
8401,白紗科,5,0,5,凱基-北門,2023-02-16,9283
2330,台積電,5,0,5,凱基-北門,2023-02-16,9283
6223,旺矽,4,0,4,凱基-北門,2023-02-16,9283
5512,力麒,4,0,4,凱基-北門,2023-02-16,9283
2888,新光金,5,1,4,凱基-北門,2023-02-16,9283
3105,穩懋,4,0,4,凱基-北門,2023-02-16,9283
5285,界霖,6,2,4,凱基-北門,2023-02-16,9283
6806,森崴能源,5,1,4,凱基-北門,2023-02-16,9283
2891,中信金,5,1,4,凱基-北門,2023-02-16,9283
2328,廣宇,6,3,3,凱基-北門,2023-02-16,9283
3490,單井,3,0,3,凱基-北門,2023-02-16,9283
2732,六角,4,1,3,凱基-北門,2023-02-16,9283
00878,國泰永續高股息,69,8,61,凱基-北門,2023-02-17,9283
2025,千興,41,0,41,凱基-北門,2023-02-17,9283
6129,普誠,35,0,35,凱基-北門,2023-02-17,9283
6616,特昇-KY,30,0,30,凱基-北門,2023-02-17,9283
3037,欣興,26,2,24,凱基-北門,2023-02-17,9283
2323,中環,28,6,22,凱基-北門,2023-02-17,9283
00715L,期街口布蘭特正2,20,1,19,凱基-北門,2023-02-17,9283
8940,新天地,20,1,19,凱基-北門,2023-02-17,9283
00679B,元大美債20年,18,0,18,凱基-北門,2023-02-17,9283
6446,藥華藥,17,0,17,凱基-北門,2023-02-17,9283
6167,久正,14,0,14,凱基-北門,2023-02-17,9283
2330,台積電,15,2,13,凱基-北門,2023-02-17,9283
00885,富邦越南,12,0,12,凱基-北門,2023-02-17,9283
0050,元大台灣50,11,0,11,凱基-北門,2023-02-17,9283
1506,正道,10,0,10,凱基-北門,2023-02-17,9283
00637L,元大滬深300正2,10,0,10,凱基-北門,2023-02-17,9283
00706L,期元大S＆P日圓正2,10,0,10,凱基-北門,2023-02-17,9283
2405,輔信,10,0,10,凱基-北門,2023-02-17,9283
8421,旭源,10,0,10,凱基-北門,2023-02-17,9283
00680L,元大美債20正2,9,0,9,凱基-北門,2023-02-17,9283
00830,國泰費城半導體,8,0,8,凱基-北門,2023-02-17,9283
6187,萬潤,10,2,8,凱基-北門,2023-02-17,9283
00708L,期元大S＆P黃金正2,7,0,7,凱基-北門,2023-02-17,9283
2497,怡利電,7,0,7,凱基-北門,2023-02-17,9283
3062,建漢,10,3,7,凱基-北門,2023-02-17,9283
2504,國產,6,0,6,凱基-北門,2023-02-17,9283
00751B,元大AAA至A公司債,6,0,6,凱基-北門,2023-02-17,9283
00795B,中信美國公債20年,6,0,6,凱基-北門,2023-02-17,9283
5871,中租-KY,5,0,5,凱基-北門,2023-02-17,9283
3540,曜越,5,0,5,凱基-北門,2023-02-17,9283
00642U,期元大S＆P石油,5,0,5,凱基-北門,2023-02-17,9283
2610,華航,16,11,5,凱基-北門,2023-02-17,9283
2903,遠百,5,0,5,凱基-北門,2023-02-17,9283
6269,台郡,4,0,4,凱基-北門,2023-02-17,9283
3034,聯詠,5,1,4,凱基-北門,2023-02-17,9283
2344,華邦電,8,4,4,凱基-北門,2023-02-17,9283
00720B,元大投資級公司債,4,0,4,凱基-北門,2023-02-17,9283
2888,新光金,4,0,4,凱基-北門,2023-02-17,9283
00772B,中信高評級公司債,3,0,3,凱基-北門,2023-02-17,9283
0056,元大高股息,4,1,3,凱基-北門,2023-02-17,9283
1218,泰山,3,0,3,凱基-北門,2023-02-17,9283
1722,台肥,3,0,3,凱基-北門,2023-02-17,9283
1907,永豐餘,3,0,3,凱基-北門,2023-02-17,9283
5608,四維航,4,1,3,凱基-北門,2023-02-17,9283
6509,聚和,3,0,3,凱基-北門,2023-02-17,9283
00650L,復華香港正2,3,0,3,凱基-北門,2023-02-17,9283
2201,裕隆,14,11,3,凱基-北門,2023-02-17,9283
3466,德晉,3,0,3,凱基-北門,2023-02-17,9283
3532,台勝科,3,0,3,凱基-北門,2023-02-17,9283
4572,駐龍,3,0,3,凱基-北門,2023-02-17,9283
00632R,元大台灣50反1,350,6,344,凱基-北門,2023-02-20,9283
1701,中化,92,0,92,凱基-北門,2023-02-20,9283
2017,官田鋼,40,2,38,凱基-北門,2023-02-20,9283
2014,中鴻,38,5,33,凱基-北門,2023-02-20,9283
00715L,期街口布蘭特正2,28,0,28,凱基-北門,2023-02-20,9283
2201,裕隆,30,4,26,凱基-北門,2023-02-20,9283
00902,中信電池及儲能,25,0,25,凱基-北門,2023-02-20,9283
8028,昇陽半導體,20,0,20,凱基-北門,2023-02-20,9283
6446,藥華藥,18,0,18,凱基-北門,2023-02-20,9283
6282,康舒,15,0,15,凱基-北門,2023-02-20,9283
00642U,期元大S＆P石油,14,0,14,凱基-北門,2023-02-20,9283
2642,宅配通,14,0,14,凱基-北門,2023-02-20,9283
2883,凱基金,13,0,13,凱基-北門,2023-02-20,9283
4915,致伸,13,0,13,凱基-北門,2023-02-20,9283
6265,方土昶,22,9,13,凱基-北門,2023-02-20,9283
00679B,元大美債20年,12,0,12,凱基-北門,2023-02-20,9283
2885,元大金,11,0,11,凱基-北門,2023-02-20,9283
2867,三商壽,11,0,11,凱基-北門,2023-02-20,9283
2884,玉山金,12,1,11,凱基-北門,2023-02-20,9283
2405,輔信,10,0,10,凱基-北門,2023-02-20,9283
1612,宏泰,10,0,10,凱基-北門,2023-02-20,9283
2889,國票金,10,0,10,凱基-北門,2023-02-20,9283
4164,承業醫,10,0,10,凱基-北門,2023-02-20,9283
6116,彩晶,15,6,9,凱基-北門,2023-02-20,9283
2417,圓剛,8,1,7,凱基-北門,2023-02-20,9283
1605,華新,13,6,7,凱基-北門,2023-02-20,9283
2345,智邦,6,0,6,凱基-北門,2023-02-20,9283
5704,老爺知,11,5,6,凱基-北門,2023-02-20,9283
2618,長榮航,11,6,5,凱基-北門,2023-02-20,9283
6129,普誠,5,0,5,凱基-北門,2023-02-20,9283
8096,擎亞,5,0,5,凱基-北門,2023-02-20,9283
8215,明基材,5,0,5,凱基-北門,2023-02-20,9283
1337,再生-KY,5,0,5,凱基-北門,2023-02-20,9283
2025,千興,5,0,5,凱基-北門,2023-02-20,9283
2891,中信金,10,5,5,凱基-北門,2023-02-20,9283
00680L,元大美債20正2,5,0,5,凱基-北門,2023-02-20,9283
5285,界霖,6,1,5,凱基-北門,2023-02-20,9283
6550,北極星藥業-KY,6,1,5,凱基-北門,2023-02-20,9283
6741,91APP*-KY,10,5,5,凱基-北門,2023-02-20,9283
8255,朋程,5,0,5,凱基-北門,2023-02-20,9283
3049,精金,5,1,4,凱基-北門,2023-02-20,9283
1229,聯華,4,0,4,凱基-北門,2023-02-20,9283
2706,第一店,7,3,4,凱基-北門,2023-02-20,9283
6541,泰福-KY,4,0,4,凱基-北門,2023-02-20,9283
6220,岳豐,3,0,3,凱基-北門,2023-02-20,9283
2812,台中銀,3,0,3,凱基-北門,2023-02-20,9283
00903,富邦元宇宙,3,0,3,凱基-北門,2023-02-20,9283
2305,全友,4,1,3,凱基-北門,2023-02-20,9283
2732,六角,3,0,3,凱基-北門,2023-02-20,9283
3094,聯傑,3,0,3,凱基-北門,2023-02-20,9283
1437,勤益控,104,2,102,凱基-北門,2023-02-21,9283
6116,彩晶,42,6,36,凱基-北門,2023-02-21,9283
2812,台中銀,21,0,21,凱基-北門,2023-02-21,9283
2929,淘帝-KY,20,0,20,凱基-北門,2023-02-21,9283
4903,聯光通,20,0,20,凱基-北門,2023-02-21,9283
5258,虹堡,25,5,20,凱基-北門,2023-02-21,9283
4977,眾達-KY,22,4,18,凱基-北門,2023-02-21,9283
00715L,期街口布蘭特正2,17,0,17,凱基-北門,2023-02-21,9283
3078,僑威,16,0,16,凱基-北門,2023-02-21,9283
2610,華航,16,2,14,凱基-北門,2023-02-21,9283
2017,官田鋼,20,6,14,凱基-北門,2023-02-21,9283
1605,華新,20,6,14,凱基-北門,2023-02-21,9283
2867,三商壽,15,2,13,凱基-北門,2023-02-21,9283
6187,萬潤,13,0,13,凱基-北門,2023-02-21,9283
4915,致伸,12,0,12,凱基-北門,2023-02-21,9283
6446,藥華藥,11,0,11,凱基-北門,2023-02-21,9283
00665L,富邦�琤肭磪囓�2,10,0,10,凱基-北門,2023-02-21,9283
2201,裕隆,35,25,10,凱基-北門,2023-02-21,9283
3594,磐儀,13,3,10,凱基-北門,2023-02-21,9283
00679B,元大美債20年,10,1,9,凱基-北門,2023-02-21,9283
00878,國泰永續高股息,10,1,9,凱基-北門,2023-02-21,9283
2419,仲琦,10,1,9,凱基-北門,2023-02-21,9283
2884,玉山金,44,35,9,凱基-北門,2023-02-21,9283
8105,凌巨,8,0,8,凱基-北門,2023-02-21,9283
6285,啟��,7,0,7,凱基-北門,2023-02-21,9283
2609,陽明,23,16,7,凱基-北門,2023-02-21,9283
2634,漢翔,10,3,7,凱基-北門,2023-02-21,9283
6182,合晶,8,1,7,凱基-北門,2023-02-21,9283
6509,聚和,12,5,7,凱基-北門,2023-02-21,9283
00900,富邦特選高股息30,6,0,6,凱基-北門,2023-02-21,9283
00897,富邦基因免疫生技,6,0,6,凱基-北門,2023-02-21,9283
00712,復華富時不動產,6,0,6,凱基-北門,2023-02-21,9283
00751B,元大AAA至A公司債,6,0,6,凱基-北門,2023-02-21,9283
2701,萬企,6,0,6,凱基-北門,2023-02-21,9283
5410,國眾,6,0,6,凱基-北門,2023-02-21,9283
6541,泰福-KY,6,0,6,凱基-北門,2023-02-21,9283
6550,北極星藥業-KY,6,0,6,凱基-北門,2023-02-21,9283
00725B,國泰投資級公司債,5,0,5,凱基-北門,2023-02-21,9283
3062,建漢,5,0,5,凱基-北門,2023-02-21,9283
4534,慶騰,5,0,5,凱基-北門,2023-02-21,9283
6114,久威,5,0,5,凱基-北門,2023-02-21,9283
6288,聯嘉,8,3,5,凱基-北門,2023-02-21,9283
8046,南電,6,2,4,凱基-北門,2023-02-21,9283
0056,元大高股息,5,1,4,凱基-北門,2023-02-21,9283
00830,國泰費城半導體,4,0,4,凱基-北門,2023-02-21,9283
2228,劍麟,4,0,4,凱基-北門,2023-02-21,9283
3321,同泰,4,0,4,凱基-北門,2023-02-21,9283
4114,健喬,5,1,4,凱基-北門,2023-02-21,9283
6189,豐藝,4,0,4,凱基-北門,2023-02-21,9283
6277,宏正,4,0,4,凱基-北門,2023-02-21,9283
00878,國泰永續高股息,68,5,63,凱基-北門,2023-02-22,9283
2303,聯電,62,0,62,凱基-北門,2023-02-22,9283
8111,立��,22,0,22,凱基-北門,2023-02-22,9283
8069,元太,24,2,22,凱基-北門,2023-02-22,9283
2102,泰豐,20,0,20,凱基-北門,2023-02-22,9283
00902,中信電池及儲能,20,0,20,凱基-北門,2023-02-22,9283
2615,萬海,22,4,18,凱基-北門,2023-02-22,9283
4977,眾達-KY,21,4,17,凱基-北門,2023-02-22,9283
00900,富邦特選高股息30,17,1,16,凱基-北門,2023-02-22,9283
2338,光罩,16,0,16,凱基-北門,2023-02-22,9283
00720B,元大投資級公司債,16,0,16,凱基-北門,2023-02-22,9283
00679B,元大美債20年,18,3,15,凱基-北門,2023-02-22,9283
2330,台積電,15,1,14,凱基-北門,2023-02-22,9283
1519,華城,27,13,14,凱基-北門,2023-02-22,9283
2460,建通,14,0,14,凱基-北門,2023-02-22,9283
2618,長榮航,15,1,14,凱基-北門,2023-02-22,9283
0050,元大台灣50,11,0,11,凱基-北門,2023-02-22,9283
3037,欣興,14,3,11,凱基-北門,2023-02-22,9283
6265,方土昶,11,0,11,凱基-北門,2023-02-22,9283
6550,北極星藥業-KY,11,0,11,凱基-北門,2023-02-22,9283
2498,宏達電,12,1,11,凱基-北門,2023-02-22,9283
3058,立德,10,0,10,凱基-北門,2023-02-22,9283
3545,敦泰,10,0,10,凱基-北門,2023-02-22,9283
00905,FT臺灣Smart,9,0,9,凱基-北門,2023-02-22,9283
6670,復盛應用,9,0,9,凱基-北門,2023-02-22,9283
00894,中信小資高價30,9,0,9,凱基-北門,2023-02-22,9283
2890,永豐金,8,0,8,凱基-北門,2023-02-22,9283
00751B,元大AAA至A公司債,8,0,8,凱基-北門,2023-02-22,9283
3558,神準,8,0,8,凱基-北門,2023-02-22,9283
6235,華孚,28,20,8,凱基-北門,2023-02-22,9283
1524,耿鼎,7,0,7,凱基-北門,2023-02-22,9283
2344,華邦電,7,0,7,凱基-北門,2023-02-22,9283
6282,康舒,10,3,7,凱基-北門,2023-02-22,9283
2736,富野,15,8,7,凱基-北門,2023-02-22,9283
5225,東科-KY,6,0,6,凱基-北門,2023-02-22,9283
8046,南電,6,0,6,凱基-北門,2023-02-22,9283
0056,元大高股息,8,2,6,凱基-北門,2023-02-22,9283
00830,國泰費城半導體,5,0,5,凱基-北門,2023-02-22,9283
2504,國產,5,0,5,凱基-北門,2023-02-22,9283
4931,新盛力,5,0,5,凱基-北門,2023-02-22,9283
5425,台半,6,1,5,凱基-北門,2023-02-22,9283
00680L,元大美債20正2,5,0,5,凱基-北門,2023-02-22,9283
00665L,富邦�琤肭磪囓�2,6,1,5,凱基-北門,2023-02-22,9283
2375,凱美,5,0,5,凱基-北門,2023-02-22,9283
2882,國泰金,5,0,5,凱基-北門,2023-02-22,9283
6245,立端,8,3,5,凱基-北門,2023-02-22,9283
6790,永豐實,5,0,5,凱基-北門,2023-02-22,9283
8222,寶一,5,0,5,凱基-北門,2023-02-22,9283
00881,國泰台灣5G+,5,0,5,凱基-北門,2023-02-22,9283
00885,富邦越南,5,1,4,凱基-北門,2023-02-22,9283
2537,聯上發,105,0,105,凱基-北門,2023-02-23,9283
00715L,期街口布蘭特正2,96,0,96,凱基-北門,2023-02-23,9283
3380,明泰,90,1,89,凱基-北門,2023-02-23,9283
2601,益航,51,0,51,凱基-北門,2023-02-23,9283
2534,宏盛,50,0,50,凱基-北門,2023-02-23,9283
3481,群創,56,7,49,凱基-北門,2023-02-23,9283
3432,台端,50,1,49,凱基-北門,2023-02-23,9283
00642U,期元大S＆P石油,31,0,31,凱基-北門,2023-02-23,9283
2369,菱生,30,0,30,凱基-北門,2023-02-23,9283
2358,廷鑫,30,0,30,凱基-北門,2023-02-23,9283
00632R,元大台灣50反1,21,0,21,凱基-北門,2023-02-23,9283
2409,友達,21,1,20,凱基-北門,2023-02-23,9283
1506,正道,20,0,20,凱基-北門,2023-02-23,9283
00885,富邦越南,30,10,20,凱基-北門,2023-02-23,9283
6138,茂達,17,1,16,凱基-北門,2023-02-23,9283
1708,東鹼,16,0,16,凱基-北門,2023-02-23,9283
3454,晶睿,16,0,16,凱基-北門,2023-02-23,9283
8033,雷虎,15,0,15,凱基-北門,2023-02-23,9283
00878,國泰永續高股息,16,1,15,凱基-北門,2023-02-23,9283
5351,鈺創,18,4,14,凱基-北門,2023-02-23,9283
3594,磐儀,32,19,13,凱基-北門,2023-02-23,9283
2637,慧洋-KY,22,9,13,凱基-北門,2023-02-23,9283
6257,矽格,13,1,12,凱基-北門,2023-02-23,9283
2329,華泰,11,0,11,凱基-北門,2023-02-23,9283
2702,華園,11,0,11,凱基-北門,2023-02-23,9283
6277,宏正,11,0,11,凱基-北門,2023-02-23,9283
00720B,元大投資級公司債,10,0,10,凱基-北門,2023-02-23,9283
2338,光罩,22,12,10,凱基-北門,2023-02-23,9283
2484,希華,10,0,10,凱基-北門,2023-02-23,9283
3041,揚智,10,0,10,凱基-北門,2023-02-23,9283
5452,佶優,10,0,10,凱基-北門,2023-02-23,9283
5512,力麒,10,0,10,凱基-北門,2023-02-23,9283
2610,華航,13,3,10,凱基-北門,2023-02-23,9283
2845,遠東銀,10,0,10,凱基-北門,2023-02-23,9283
3028,增你強,10,0,10,凱基-北門,2023-02-23,9283
3346,麗清,10,0,10,凱基-北門,2023-02-23,9283
4106,雃博,10,0,10,凱基-北門,2023-02-23,9283
8016,矽創,12,3,9,凱基-北門,2023-02-23,9283
00751B,元大AAA至A公司債,10,1,9,凱基-北門,2023-02-23,9283
2347,聯強,10,1,9,凱基-北門,2023-02-23,9283
2883,凱基金,11,3,8,凱基-北門,2023-02-23,9283
2882,國泰金,9,1,8,凱基-北門,2023-02-23,9283
6109,亞元,8,0,8,凱基-北門,2023-02-23,9283
6508,惠光,7,0,7,凱基-北門,2023-02-23,9283
6104,創惟,10,3,7,凱基-北門,2023-02-23,9283
4979,華星光,10,4,6,凱基-北門,2023-02-23,9283
00679B,元大美債20年,8,2,6,凱基-北門,2023-02-23,9283
8050,廣積,8,2,6,凱基-北門,2023-02-23,9283
2643,捷迅,6,0,6,凱基-北門,2023-02-23,9283
3046,建��,6,0,6,凱基-北門,2023-02-23,9283
00680L,元大美債20正2,93,0,93,凱基-北門,2023-02-24,9283
2812,台中銀,40,1,39,凱基-北門,2023-02-24,9283
00882,中信中國高股息,41,6,35,凱基-北門,2023-02-24,9283
2014,中鴻,37,2,35,凱基-北門,2023-02-24,9283
2369,菱生,30,0,30,凱基-北門,2023-02-24,9283
00885,富邦越南,29,0,29,凱基-北門,2023-02-24,9283
2425,承啟,30,4,26,凱基-北門,2023-02-24,9283
2634,漢翔,35,10,25,凱基-北門,2023-02-24,9283
00878,國泰永續高股息,25,0,25,凱基-北門,2023-02-24,9283
8050,廣積,24,3,21,凱基-北門,2023-02-24,9283
3037,欣興,20,3,17,凱基-北門,2023-02-24,9283
00715L,期街口布蘭特正2,32,15,17,凱基-北門,2023-02-24,9283
2409,友達,30,15,15,凱基-北門,2023-02-24,9283
2845,遠東銀,15,0,15,凱基-北門,2023-02-24,9283
4129,聯合,15,0,15,凱基-北門,2023-02-24,9283
1605,華新,14,0,14,凱基-北門,2023-02-24,9283
8033,雷虎,13,0,13,凱基-北門,2023-02-24,9283
1584,精剛,22,10,12,凱基-北門,2023-02-24,9283
3014,聯陽,12,0,12,凱基-北門,2023-02-24,9283
1506,正道,11,0,11,凱基-北門,2023-02-24,9283
6603,富強鑫,11,0,11,凱基-北門,2023-02-24,9283
1701,中化,10,0,10,凱基-北門,2023-02-24,9283
2498,宏達電,16,6,10,凱基-北門,2023-02-24,9283
00900,富邦特選高股息30,10,0,10,凱基-北門,2023-02-24,9283
1336,台翰,10,0,10,凱基-北門,2023-02-24,9283
6201,亞弘電,10,0,10,凱基-北門,2023-02-24,9283
8349,�矬�,10,0,10,凱基-北門,2023-02-24,9283
6026,福邦證,10,0,10,凱基-北門,2023-02-24,9283
2739,寒舍,9,0,9,凱基-北門,2023-02-24,9283
8473,山林水,9,0,9,凱基-北門,2023-02-24,9283
9935,慶豐富,8,0,8,凱基-北門,2023-02-24,9283
3088,艾訊,8,0,8,凱基-北門,2023-02-24,9283
00679B,元大美債20年,11,3,8,凱基-北門,2023-02-24,9283
00753L,中信中國50正2,7,0,7,凱基-北門,2023-02-24,9283
2358,廷鑫,7,0,7,凱基-北門,2023-02-24,9283
2317,鴻海,6,0,6,凱基-北門,2023-02-24,9283
8150,南茂,7,1,6,凱基-北門,2023-02-24,9283
2460,建通,6,0,6,凱基-北門,2023-02-24,9283
5450,南良,6,0,6,凱基-北門,2023-02-24,9283
00881,國泰台灣5G+,6,0,6,凱基-北門,2023-02-24,9283
5512,力麒,10,4,6,凱基-北門,2023-02-24,9283
2345,智邦,7,1,6,凱基-北門,2023-02-24,9283
5353,台林,5,0,5,凱基-北門,2023-02-24,9283
2107,厚生,6,1,5,凱基-北門,2023-02-24,9283
2885,元大金,5,0,5,凱基-北門,2023-02-24,9283
3540,曜越,5,0,5,凱基-北門,2023-02-24,9283
6104,創惟,7,2,5,凱基-北門,2023-02-24,9283
00633L,富邦上証正2,5,0,5,凱基-北門,2023-02-24,9283
00650L,復華香港正2,5,0,5,凱基-北門,2023-02-24,9283
00687B,國泰20年美債,5,0,5,凱基-北門,2023-02-24,9283
6541,泰福-KY,55,0,55,凱基-北門,2023-03-01,9283
3576,聯合再生,51,0,51,凱基-北門,2023-03-01,9283
2014,中鴻,43,0,43,凱基-北門,2023-03-01,9283
2504,國產,35,0,35,凱基-北門,2023-03-01,9283
2888,新光金,24,0,24,凱基-北門,2023-03-01,9283
1101,台泥,23,2,21,凱基-北門,2023-03-01,9283
1584,精剛,21,0,21,凱基-北門,2023-03-01,9283
2845,遠東銀,20,0,20,凱基-北門,2023-03-01,9283
00878,國泰永續高股息,48,29,19,凱基-北門,2023-03-01,9283
2201,裕隆,19,1,18,凱基-北門,2023-03-01,9283
00637L,元大滬深300正2,20,3,17,凱基-北門,2023-03-01,9283
2002,中鋼,15,0,15,凱基-北門,2023-03-01,9283
00693U,期街口S＆P黃豆,15,0,15,凱基-北門,2023-03-01,9283
2633,台灣高鐵,15,0,15,凱基-北門,2023-03-01,9283
5009,榮剛,14,0,14,凱基-北門,2023-03-01,9283
1605,華新,49,35,14,凱基-北門,2023-03-01,9283
1708,東鹼,14,0,14,凱基-北門,2023-03-01,9283
00885,富邦越南,16,2,14,凱基-北門,2023-03-01,9283
6266,泰詠,19,5,14,凱基-北門,2023-03-01,9283
2637,慧洋-KY,20,7,13,凱基-北門,2023-03-01,9283
1519,華城,13,0,13,凱基-北門,2023-03-01,9283
00882,中信中國高股息,13,1,12,凱基-北門,2023-03-01,9283
2618,長榮航,13,1,12,凱基-北門,2023-03-01,9283
2408,南亞科,11,0,11,凱基-北門,2023-03-01,9283
2409,友達,11,1,10,凱基-北門,2023-03-01,9283
00905,FT臺灣Smart,10,0,10,凱基-北門,2023-03-01,9283
4916,事欣科,9,0,9,凱基-北門,2023-03-01,9283
00633L,富邦上証正2,9,0,9,凱基-北門,2023-03-01,9283
00900,富邦特選高股息30,8,0,8,凱基-北門,2023-03-01,9283
1506,正道,8,0,8,凱基-北門,2023-03-01,9283
2601,益航,17,10,7,凱基-北門,2023-03-01,9283
8033,雷虎,7,0,7,凱基-北門,2023-03-01,9283
8088,品安,6,0,6,凱基-北門,2023-03-01,9283
00751B,元大AAA至A公司債,6,0,6,凱基-北門,2023-03-01,9283
2388,威盛,20,14,6,凱基-北門,2023-03-01,9283
4174,浩鼎,6,0,6,凱基-北門,2023-03-01,9283
2885,元大金,6,0,6,凱基-北門,2023-03-01,9283
3481,群創,8,3,5,凱基-北門,2023-03-01,9283
8150,南茂,6,1,5,凱基-北門,2023-03-01,9283
0056,元大高股息,5,0,5,凱基-北門,2023-03-01,9283
1336,台翰,5,0,5,凱基-北門,2023-03-01,9283
1533,車王電,5,0,5,凱基-北門,2023-03-01,9283
2360,致茂,5,0,5,凱基-北門,2023-03-01,9283
2537,聯上發,5,0,5,凱基-北門,2023-03-01,9283
3652,精聯,5,0,5,凱基-北門,2023-03-01,9283
4804,大略-KY,5,0,5,凱基-北門,2023-03-01,9283
4919,新唐,5,0,5,凱基-北門,2023-03-01,9283
6109,亞元,5,0,5,凱基-北門,2023-03-01,9283
6180,橘子,5,0,5,凱基-北門,2023-03-01,9283
6277,宏正,5,0,5,凱基-北門,2023-03-01,9283
2834,臺企銀,78,1,77,凱基-北門,2023-03-02,9283
00878,國泰永續高股息,68,4,64,凱基-北門,2023-03-02,9283
2891,中信金,45,0,45,凱基-北門,2023-03-02,9283
6116,彩晶,30,0,30,凱基-北門,2023-03-02,9283
00712,復華富時不動產,20,0,20,凱基-北門,2023-03-02,9283
3661,世芯-KY,19,0,19,凱基-北門,2023-03-02,9283
2601,益航,22,4,18,凱基-北門,2023-03-02,9283
00632R,元大台灣50反1,17,0,17,凱基-北門,2023-03-02,9283
00679B,元大美債20年,17,0,17,凱基-北門,2023-03-02,9283
00673R,期元大S＆P原油反1,16,0,16,凱基-北門,2023-03-02,9283
3454,晶睿,61,45,16,凱基-北門,2023-03-02,9283
2457,飛宏,16,3,13,凱基-北門,2023-03-02,9283
00897,富邦基因免疫生技,13,0,13,凱基-北門,2023-03-02,9283
2812,台中銀,15,2,13,凱基-北門,2023-03-02,9283
1101,台泥,12,0,12,凱基-北門,2023-03-02,9283
3163,波若威,12,0,12,凱基-北門,2023-03-02,9283
5608,四維航,26,15,11,凱基-北門,2023-03-02,9283
4433,興采,11,0,11,凱基-北門,2023-03-02,9283
2498,宏達電,12,2,10,凱基-北門,2023-03-02,9283
1701,中化,10,0,10,凱基-北門,2023-03-02,9283
3078,僑威,10,0,10,凱基-北門,2023-03-02,9283
2230,泰茂,13,5,8,凱基-北門,2023-03-02,9283
6245,立端,9,1,8,凱基-北門,2023-03-02,9283
1514,亞力,7,0,7,凱基-北門,2023-03-02,9283
2605,新興,13,6,7,凱基-北門,2023-03-02,9283
2201,裕隆,12,5,7,凱基-北門,2023-03-02,9283
2618,長榮航,7,0,7,凱基-北門,2023-03-02,9283
6508,惠光,9,2,7,凱基-北門,2023-03-02,9283
00687B,國泰20年美債,6,0,6,凱基-北門,2023-03-02,9283
00751B,元大AAA至A公司債,6,0,6,凱基-北門,2023-03-02,9283
2748,雲品,9,3,6,凱基-北門,2023-03-02,9283
3481,群創,7,1,6,凱基-北門,2023-03-02,9283
00772B,中信高評級公司債,5,0,5,凱基-北門,2023-03-02,9283
1215,卜蜂,6,1,5,凱基-北門,2023-03-02,9283
2504,國產,5,0,5,凱基-北門,2023-03-02,9283
00882,中信中國高股息,6,1,5,凱基-北門,2023-03-02,9283
1210,大成,9,4,5,凱基-北門,2023-03-02,9283
2358,廷鑫,5,0,5,凱基-北門,2023-03-02,9283
2633,台灣高鐵,5,0,5,凱基-北門,2023-03-02,9283
2845,遠東銀,5,0,5,凱基-北門,2023-03-02,9283
4906,正文,5,0,5,凱基-北門,2023-03-02,9283
6109,亞元,5,0,5,凱基-北門,2023-03-02,9283
8289,泰藝,5,0,5,凱基-北門,2023-03-02,9283
2892,第一金,5,0,5,凱基-北門,2023-03-02,9283
2882,國泰金,5,1,4,凱基-北門,2023-03-02,9283
2886,兆豐金,4,0,4,凱基-北門,2023-03-02,9283
1316,上曜,4,0,4,凱基-北門,2023-03-02,9283
00720B,元大投資級公司債,4,0,4,凱基-北門,2023-03-02,9283
5328,華容,4,0,4,凱基-北門,2023-03-02,9283
6180,橘子,5,1,4,凱基-北門,2023-03-02,9283
2025,千興,707,0,707,凱基-北門,2023-03-03,9283
2834,臺企銀,139,6,133,凱基-北門,2023-03-03,9283
6245,立端,107,1,106,凱基-北門,2023-03-03,9283
2367,燿華,80,0,80,凱基-北門,2023-03-03,9283
6550,北極星藥業-KY,61,0,61,凱基-北門,2023-03-03,9283
00885,富邦越南,54,7,47,凱基-北門,2023-03-03,9283
00632R,元大台灣50反1,38,0,38,凱基-北門,2023-03-03,9283
00680L,元大美債20正2,34,2,32,凱基-北門,2023-03-03,9283
2845,遠東銀,27,0,27,凱基-北門,2023-03-03,9283
4433,興采,17,0,17,凱基-北門,2023-03-03,9283
00720B,元大投資級公司債,16,0,16,凱基-北門,2023-03-03,9283
00664R,國泰臺灣加權反1,15,0,15,凱基-北門,2023-03-03,9283
00673R,期元大S＆P原油反1,15,0,15,凱基-北門,2023-03-03,9283
00878,國泰永續高股息,20,7,13,凱基-北門,2023-03-03,9283
3594,磐儀,12,0,12,凱基-北門,2023-03-03,9283
3564,其陽,12,0,12,凱基-北門,2023-03-03,9283
4163,鐿鈦,13,1,12,凱基-北門,2023-03-03,9283
3027,盛達,11,0,11,凱基-北門,2023-03-03,9283
2722,夏都,16,5,11,凱基-北門,2023-03-03,9283
3661,世芯-KY,14,4,10,凱基-北門,2023-03-03,9283
2329,華泰,11,1,10,凱基-北門,2023-03-03,9283
2352,佳世達,10,0,10,凱基-北門,2023-03-03,9283
2504,國產,10,0,10,凱基-北門,2023-03-03,9283
00679B,元大美債20年,10,0,10,凱基-北門,2023-03-03,9283
3011,今皓,10,0,10,凱基-北門,2023-03-03,9283
8069,元太,10,1,9,凱基-北門,2023-03-03,9283
2498,宏達電,11,2,9,凱基-北門,2023-03-03,9283
2388,威盛,67,58,9,凱基-北門,2023-03-03,9283
2610,華航,9,0,9,凱基-北門,2023-03-03,9283
4167,松瑞藥,11,2,9,凱基-北門,2023-03-03,9283
6148,驊宏資,9,0,9,凱基-北門,2023-03-03,9283
6605,帝寶,8,0,8,凱基-北門,2023-03-03,9283
3128,昇銳,15,7,8,凱基-北門,2023-03-03,9283
3264,欣銓,10,2,8,凱基-北門,2023-03-03,9283
3558,神準,8,1,7,凱基-北門,2023-03-03,9283
3481,群創,24,18,6,凱基-北門,2023-03-03,9283
00897,富邦基因免疫生技,6,0,6,凱基-北門,2023-03-03,9283
6589,台康生技,9,3,6,凱基-北門,2023-03-03,9283
6741,91APP*-KY,6,0,6,凱基-北門,2023-03-03,9283
1210,大成,8,2,6,凱基-北門,2023-03-03,9283
2332,友訊,8,3,5,凱基-北門,2023-03-03,9283
6161,捷波,5,0,5,凱基-北門,2023-03-03,9283
1336,台翰,5,0,5,凱基-北門,2023-03-03,9283
1529,樂事綠能,5,0,5,凱基-北門,2023-03-03,9283
2201,裕隆,5,0,5,凱基-北門,2023-03-03,9283
2228,劍麟,5,0,5,凱基-北門,2023-03-03,9283
2642,宅配通,5,0,5,凱基-北門,2023-03-03,9283
2888,新光金,5,0,5,凱基-北門,2023-03-03,9283
3706,神達,5,0,5,凱基-北門,2023-03-03,9283
6277,宏正,5,0,5,凱基-北門,2023-03-03,9283
2025,千興,790,0,790,凱基-北門,2023-03-06,9283
6142,友勁,150,0,150,凱基-北門,2023-03-06,9283
3481,群創,115,13,102,凱基-北門,2023-03-06,9283
00882,中信中國高股息,40,1,39,凱基-北門,2023-03-06,9283
00673R,期元大S＆P原油反1,34,0,34,凱基-北門,2023-03-06,9283
1752,南光,35,2,33,凱基-北門,2023-03-06,9283
2340,台亞,29,0,29,凱基-北門,2023-03-06,9283
2634,漢翔,28,0,28,凱基-北門,2023-03-06,9283
2313,華通,34,7,27,凱基-北門,2023-03-06,9283
00905,FT臺灣Smart,25,4,21,凱基-北門,2023-03-06,9283
2034,允強,20,0,20,凱基-北門,2023-03-06,9283
3707,漢磊,16,0,16,凱基-北門,2023-03-06,9283
4433,興采,15,0,15,凱基-北門,2023-03-06,9283
6187,萬潤,15,0,15,凱基-北門,2023-03-06,9283
0056,元大高股息,19,4,15,凱基-北門,2023-03-06,9283
1708,東鹼,14,0,14,凱基-北門,2023-03-06,9283
2486,一詮,18,5,13,凱基-北門,2023-03-06,9283
8473,山林水,13,0,13,凱基-北門,2023-03-06,9283
8069,元太,14,1,13,凱基-北門,2023-03-06,9283
3441,聯一光,12,0,12,凱基-北門,2023-03-06,9283
2388,威盛,18,7,11,凱基-北門,2023-03-06,9283
6446,藥華藥,11,0,11,凱基-北門,2023-03-06,9283
3455,由田,10,0,10,凱基-北門,2023-03-06,9283
1524,耿鼎,10,0,10,凱基-北門,2023-03-06,9283
1529,樂事綠能,10,0,10,凱基-北門,2023-03-06,9283
2419,仲琦,10,0,10,凱基-北門,2023-03-06,9283
2637,慧洋-KY,9,0,9,凱基-北門,2023-03-06,9283
2409,友達,21,12,9,凱基-北門,2023-03-06,9283
6282,康舒,16,7,9,凱基-北門,2023-03-06,9283
00878,國泰永續高股息,16,8,8,凱基-北門,2023-03-06,9283
00753L,中信中國50正2,8,0,8,凱基-北門,2023-03-06,9283
6245,立端,9,1,8,凱基-北門,2023-03-06,9283
1605,華新,21,14,7,凱基-北門,2023-03-06,9283
4919,新唐,14,7,7,凱基-北門,2023-03-06,9283
6116,彩晶,9,2,7,凱基-北門,2023-03-06,9283
6196,帆宣,8,1,7,凱基-北門,2023-03-06,9283
6548,長科*,10,3,7,凱基-北門,2023-03-06,9283
6550,北極星藥業-KY,7,0,7,凱基-北門,2023-03-06,9283
2337,旺宏,6,0,6,凱基-北門,2023-03-06,9283
00680L,元大美債20正2,29,23,6,凱基-北門,2023-03-06,9283
2408,南亞科,6,0,6,凱基-北門,2023-03-06,9283
2538,基泰,6,0,6,凱基-北門,2023-03-06,9283
6770,力積電,6,1,5,凱基-北門,2023-03-06,9283
1760,寶齡富錦,9,4,5,凱基-北門,2023-03-06,9283
4916,事欣科,5,0,5,凱基-北門,2023-03-06,9283
6161,捷波,5,0,5,凱基-北門,2023-03-06,9283
8050,廣積,6,1,5,凱基-北門,2023-03-06,9283
2880,華南金,5,0,5,凱基-北門,2023-03-06,9283
1219,福壽,5,0,5,凱基-北門,2023-03-06,9283
1460,宏遠,5,0,5,凱基-北門,2023-03-06,9283
2025,千興,260,0,260,凱基-北門,2023-03-07,9283
00673R,期元大S＆P原油反1,52,0,52,凱基-北門,2023-03-07,9283
00885,富邦越南,46,0,46,凱基-北門,2023-03-07,9283
00878,國泰永續高股息,45,5,40,凱基-北門,2023-03-07,9283
6472,保瑞,38,1,37,凱基-北門,2023-03-07,9283
00679B,元大美債20年,29,0,29,凱基-北門,2023-03-07,9283
6234,高僑,30,3,27,凱基-北門,2023-03-07,9283
1440,南紡,25,0,25,凱基-北門,2023-03-07,9283
00902,中信電池及儲能,20,0,20,凱基-北門,2023-03-07,9283
2605,新興,17,1,16,凱基-北門,2023-03-07,9283
6245,立端,16,1,15,凱基-北門,2023-03-07,9283
3033,威健,13,0,13,凱基-北門,2023-03-07,9283
2457,飛宏,31,18,13,凱基-北門,2023-03-07,9283
6220,岳豐,15,2,13,凱基-北門,2023-03-07,9283
2425,承啟,12,0,12,凱基-北門,2023-03-07,9283
4433,興采,12,0,12,凱基-北門,2023-03-07,9283
6683,雍智科技,11,0,11,凱基-北門,2023-03-07,9283
3169,亞信,11,0,11,凱基-北門,2023-03-07,9283
6517,保勝光學,11,0,11,凱基-北門,2023-03-07,9283
8069,元太,12,1,11,凱基-北門,2023-03-07,9283
2371,大同,10,0,10,凱基-北門,2023-03-07,9283
6603,富強鑫,10,0,10,凱基-北門,2023-03-07,9283
6282,康舒,12,3,9,凱基-北門,2023-03-07,9283
8936,國統,9,0,9,凱基-北門,2023-03-07,9283
3481,群創,12,4,8,凱基-北門,2023-03-07,9283
1307,三芳,8,0,8,凱基-北門,2023-03-07,9283
00905,FT臺灣Smart,10,2,8,凱基-北門,2023-03-07,9283
2460,建通,8,0,8,凱基-北門,2023-03-07,9283
2482,連宇,11,3,8,凱基-北門,2023-03-07,9283
6589,台康生技,7,0,7,凱基-北門,2023-03-07,9283
5258,虹堡,14,8,6,凱基-北門,2023-03-07,9283
6161,捷波,6,0,6,凱基-北門,2023-03-07,9283
4915,致伸,6,1,5,凱基-北門,2023-03-07,9283
1460,宏遠,5,0,5,凱基-北門,2023-03-07,9283
1516,川飛,5,0,5,凱基-北門,2023-03-07,9283
1529,樂事綠能,5,0,5,凱基-北門,2023-03-07,9283
2104,國際中橡,5,0,5,凱基-北門,2023-03-07,9283
2722,夏都,8,3,5,凱基-北門,2023-03-07,9283
2748,雲品,6,1,5,凱基-北門,2023-03-07,9283
3708,上緯投控,5,0,5,凱基-北門,2023-03-07,9283
5608,四維航,5,0,5,凱基-北門,2023-03-07,9283
6140,訊達,5,0,5,凱基-北門,2023-03-07,9283
6290,良維,15,10,5,凱基-北門,2023-03-07,9283
2603,長榮,6,1,5,凱基-北門,2023-03-07,9283
00720B,元大投資級公司債,4,0,4,凱基-北門,2023-03-07,9283
1101,台泥,4,0,4,凱基-北門,2023-03-07,9283
1210,大成,4,0,4,凱基-北門,2023-03-07,9283
00633L,富邦上証正2,6,2,4,凱基-北門,2023-03-07,9283
00632R,元大台灣50反1,9,5,4,凱基-北門,2023-03-07,9283
3037,欣興,5,1,4,凱基-北門,2023-03-07,9283
5531,鄉林,100,0,100,凱基-北門,2023-03-08,9283
6472,保瑞,61,0,61,凱基-北門,2023-03-08,9283
00715L,期街口布蘭特正2,53,0,53,凱基-北門,2023-03-08,9283
1460,宏遠,50,0,50,凱基-北門,2023-03-08,9283
00673R,期元大S＆P原油反1,35,1,34,凱基-北門,2023-03-08,9283
00885,富邦越南,31,0,31,凱基-北門,2023-03-08,9283
1605,華新,41,10,31,凱基-北門,2023-03-08,9283
3305,昇貿,30,0,30,凱基-北門,2023-03-08,9283
6133,金橋,29,0,29,凱基-北門,2023-03-08,9283
3706,神達,28,1,27,凱基-北門,2023-03-08,9283
00680L,元大美債20正2,25,0,25,凱基-北門,2023-03-08,9283
00708L,期元大S＆P黃金正2,24,0,24,凱基-北門,2023-03-08,9283
00923,群益台ESG低碳50,33,10,23,凱基-北門,2023-03-08,9283
6788,華景電,20,0,20,凱基-北門,2023-03-08,9283
6589,台康生技,19,0,19,凱基-北門,2023-03-08,9283
5009,榮剛,53,36,17,凱基-北門,2023-03-08,9283
00882,中信中國高股息,16,0,16,凱基-北門,2023-03-08,9283
00637L,元大滬深300正2,15,0,15,凱基-北門,2023-03-08,9283
2482,連宇,32,17,15,凱基-北門,2023-03-08,9283
3454,晶睿,17,3,14,凱基-北門,2023-03-08,9283
2743,山富,13,0,13,凱基-北門,2023-03-08,9283
2497,怡利電,14,3,11,凱基-北門,2023-03-08,9283
2605,新興,11,0,11,凱基-北門,2023-03-08,9283
00632R,元大台灣50反1,10,0,10,凱基-北門,2023-03-08,9283
00642U,期元大S＆P石油,10,0,10,凱基-北門,2023-03-08,9283
00664R,國泰臺灣加權反1,10,0,10,凱基-北門,2023-03-08,9283
00888,永豐台灣ESG,10,0,10,凱基-北門,2023-03-08,9283
2201,裕隆,15,5,10,凱基-北門,2023-03-08,9283
2606,裕民,31,21,10,凱基-北門,2023-03-08,9283
2855,統一證,10,0,10,凱基-北門,2023-03-08,9283
2929,淘帝-KY,10,0,10,凱基-北門,2023-03-08,9283
4162,智擎,10,0,10,凱基-北門,2023-03-08,9283
4543,萬在,10,0,10,凱基-北門,2023-03-08,9283
4919,新唐,11,1,10,凱基-北門,2023-03-08,9283
5452,佶優,10,0,10,凱基-北門,2023-03-08,9283
6548,長科*,14,4,10,凱基-北門,2023-03-08,9283
8111,立��,12,3,9,凱基-北門,2023-03-08,9283
2498,宏達電,10,1,9,凱基-北門,2023-03-08,9283
2344,華邦電,8,0,8,凱基-北門,2023-03-08,9283
3558,神準,8,0,8,凱基-北門,2023-03-08,9283
6576,逸達,8,0,8,凱基-北門,2023-03-08,9283
2634,漢翔,25,17,8,凱基-北門,2023-03-08,9283
00878,國泰永續高股息,6,0,6,凱基-北門,2023-03-08,9283
00902,中信電池及儲能,6,0,6,凱基-北門,2023-03-08,9283
00679B,元大美債20年,6,0,6,凱基-北門,2023-03-08,9283
00665L,富邦�琤肭磪囓�2,6,0,6,凱基-北門,2023-03-08,9283
2888,新光金,6,0,6,凱基-北門,2023-03-08,9283
4939,亞電,6,0,6,凱基-北門,2023-03-08,9283
4967,十銓,8,2,6,凱基-北門,2023-03-08,9283
6770,力積電,11,5,6,凱基-北門,2023-03-08,9283
2834,臺企銀,238,0,238,凱基-北門,2023-03-09,9283
2618,長榮航,208,2,206,凱基-北門,2023-03-09,9283
5531,鄉林,200,0,200,凱基-北門,2023-03-09,9283
2444,兆勁,80,0,80,凱基-北門,2023-03-09,9283
00715L,期街口布蘭特正2,47,1,46,凱基-北門,2023-03-09,9283
3289,宜特,32,0,32,凱基-北門,2023-03-09,9283
1303,南亞,31,0,31,凱基-北門,2023-03-09,9283
00633L,富邦上証正2,30,0,30,凱基-北門,2023-03-09,9283
1460,宏遠,30,0,30,凱基-北門,2023-03-09,9283
1536,和大,31,1,30,凱基-北門,2023-03-09,9283
1605,華新,33,3,30,凱基-北門,2023-03-09,9283
6505,台塑化,30,0,30,凱基-北門,2023-03-09,9283
2317,鴻海,27,0,27,凱基-北門,2023-03-09,9283
2408,南亞科,27,0,27,凱基-北門,2023-03-09,9283
00637L,元大滬深300正2,20,0,20,凱基-北門,2023-03-09,9283
00655L,國泰中國A50正2,20,0,20,凱基-北門,2023-03-09,9283
3035,智原,24,4,20,凱基-北門,2023-03-09,9283
00895,富邦未來車,19,0,19,凱基-北門,2023-03-09,9283
3481,群創,26,7,19,凱基-北門,2023-03-09,9283
00664R,國泰臺灣加權反1,16,0,16,凱基-北門,2023-03-09,9283
4979,華星光,21,7,14,凱基-北門,2023-03-09,9283
1529,樂事綠能,14,0,14,凱基-北門,2023-03-09,9283
2419,仲琦,14,0,14,凱基-北門,2023-03-09,9283
2409,友達,12,0,12,凱基-北門,2023-03-09,9283
6233,旺玖,13,1,12,凱基-北門,2023-03-09,9283
8069,元太,21,10,11,凱基-北門,2023-03-09,9283
3443,創意,13,2,11,凱基-北門,2023-03-09,9283
2338,光罩,11,0,11,凱基-北門,2023-03-09,9283
2402,毅嘉,15,4,11,凱基-北門,2023-03-09,9283
6806,森崴能源,12,1,11,凱基-北門,2023-03-09,9283
2484,希華,11,1,10,凱基-北門,2023-03-09,9283
3545,敦泰,11,1,10,凱基-北門,2023-03-09,9283
6223,旺矽,11,1,10,凱基-北門,2023-03-09,9283
00642U,期元大S＆P石油,10,0,10,凱基-北門,2023-03-09,9283
2034,允強,10,0,10,凱基-北門,2023-03-09,9283
2368,金像電,14,4,10,凱基-北門,2023-03-09,9283
2610,華航,12,2,10,凱基-北門,2023-03-09,9283
3022,威強電,12,2,10,凱基-北門,2023-03-09,9283
6140,訊達,10,0,10,凱基-北門,2023-03-09,9283
2453,凌群,11,1,10,凱基-北門,2023-03-09,9283
8091,翔名,9,0,9,凱基-北門,2023-03-09,9283
00738U,期元大道瓊白銀,9,0,9,凱基-北門,2023-03-09,9283
2880,華南金,8,0,8,凱基-北門,2023-03-09,9283
00679B,元大美債20年,7,0,7,凱基-北門,2023-03-09,9283
3011,今皓,7,0,7,凱基-北門,2023-03-09,9283
6443,元晶,12,5,7,凱基-北門,2023-03-09,9283
6548,長科*,12,5,7,凱基-北門,2023-03-09,9283
00680L,元大美債20正2,6,0,6,凱基-北門,2023-03-09,9283
6109,亞元,6,0,6,凱基-北門,2023-03-09,9283
2609,陽明,10,5,5,凱基-北門,2023-03-09,9283
00715L,期街口布蘭特正2,124,1,123,凱基-北門,2023-03-10,9283
2883,凱基金,107,29,78,凱基-北門,2023-03-10,9283
00878,國泰永續高股息,83,10,73,凱基-北門,2023-03-10,9283
6788,華景電,75,5,70,凱基-北門,2023-03-10,9283
2610,華航,61,0,61,凱基-北門,2023-03-10,9283
00632R,元大台灣50反1,76,21,55,凱基-北門,2023-03-10,9283
2618,長榮航,44,1,43,凱基-北門,2023-03-10,9283
2834,臺企銀,39,0,39,凱基-北門,2023-03-10,9283
1609,大亞,33,0,33,凱基-北門,2023-03-10,9283
1605,華新,30,2,28,凱基-北門,2023-03-10,9283
4977,眾達-KY,34,6,28,凱基-北門,2023-03-10,9283
6245,立端,30,2,28,凱基-北門,2023-03-10,9283
6830,汎銓,28,0,28,凱基-北門,2023-03-10,9283
00642U,期元大S＆P石油,26,0,26,凱基-北門,2023-03-10,9283
1722,台肥,25,0,25,凱基-北門,2023-03-10,9283
0056,元大高股息,50,25,25,凱基-北門,2023-03-10,9283
00900,富邦特選高股息30,25,1,24,凱基-北門,2023-03-10,9283
3594,磐儀,21,0,21,凱基-北門,2023-03-10,9283
00633L,富邦上証正2,27,6,21,凱基-北門,2023-03-10,9283
00720B,元大投資級公司債,20,0,20,凱基-北門,2023-03-10,9283
00664R,國泰臺灣加權反1,20,0,20,凱基-北門,2023-03-10,9283
2034,允強,20,0,20,凱基-北門,2023-03-10,9283
5289,宜鼎,21,1,20,凱基-北門,2023-03-10,9283
00655L,國泰中國A50正2,25,6,19,凱基-北門,2023-03-10,9283
8091,翔名,19,0,19,凱基-北門,2023-03-10,9283
6770,力積電,19,1,18,凱基-北門,2023-03-10,9283
1215,卜蜂,18,0,18,凱基-北門,2023-03-10,9283
2406,國碩,19,1,18,凱基-北門,2023-03-10,9283
2888,新光金,18,0,18,凱基-北門,2023-03-10,9283
2504,國產,15,0,15,凱基-北門,2023-03-10,9283
2642,宅配通,14,0,14,凱基-北門,2023-03-10,9283
8069,元太,25,12,13,凱基-北門,2023-03-10,9283
2609,陽明,64,51,13,凱基-北門,2023-03-10,9283
00923,群益台ESG低碳50,13,0,13,凱基-北門,2023-03-10,9283
00713,元大台灣高息低波,12,0,12,凱基-北門,2023-03-10,9283
1701,中化,14,2,12,凱基-北門,2023-03-10,9283
6279,胡連,12,0,12,凱基-北門,2023-03-10,9283
2498,宏達電,12,0,12,凱基-北門,2023-03-10,9283
2330,台積電,11,0,11,凱基-北門,2023-03-10,9283
00882,中信中國高股息,11,0,11,凱基-北門,2023-03-10,9283
2497,怡利電,14,3,11,凱基-北門,2023-03-10,9283
3289,宜特,14,3,11,凱基-北門,2023-03-10,9283
6532,瑞耘,11,0,11,凱基-北門,2023-03-10,9283
00637L,元大滬深300正2,12,1,11,凱基-北門,2023-03-10,9283
00897,富邦基因免疫生技,11,0,11,凱基-北門,2023-03-10,9283
2419,仲琦,11,0,11,凱基-北門,2023-03-10,9283
5706,鳳凰,22,11,11,凱基-北門,2023-03-10,9283
2014,中鴻,10,0,10,凱基-北門,2023-03-10,9283
00902,中信電池及儲能,10,0,10,凱基-北門,2023-03-10,9283
00905,FT臺灣Smart,10,0,10,凱基-北門,2023-03-10,9283
00878,國泰永續高股息,219,12,207,凱基-北門,2023-03-13,9283
00680L,元大美債20正2,70,11,59,凱基-北門,2023-03-13,9283
00712,復華富時不動產,58,0,58,凱基-北門,2023-03-13,9283
2413,環科,46,10,36,凱基-北門,2023-03-13,9283
00885,富邦越南,37,4,33,凱基-北門,2023-03-13,9283
1522,堤維西,32,0,32,凱基-北門,2023-03-13,9283
2884,玉山金,33,2,31,凱基-北門,2023-03-13,9283
6167,久正,30,0,30,凱基-北門,2023-03-13,9283
5388,中磊,30,1,29,凱基-北門,2023-03-13,9283
00679B,元大美債20年,27,0,27,凱基-北門,2023-03-13,9283
00902,中信電池及儲能,25,0,25,凱基-北門,2023-03-13,9283
0056,元大高股息,25,1,24,凱基-北門,2023-03-13,9283
2888,新光金,25,1,24,凱基-北門,2023-03-13,9283
8040,九暘,24,0,24,凱基-北門,2023-03-13,9283
3455,由田,20,0,20,凱基-北門,2023-03-13,9283
00633L,富邦上証正2,18,0,18,凱基-北門,2023-03-13,9283
2482,連宇,38,21,17,凱基-北門,2023-03-13,9283
00895,富邦未來車,15,0,15,凱基-北門,2023-03-13,9283
2419,仲琦,16,1,15,凱基-北門,2023-03-13,9283
2609,陽明,29,16,13,凱基-北門,2023-03-13,9283
00637L,元大滬深300正2,13,0,13,凱基-北門,2023-03-13,9283
6109,亞元,15,2,13,凱基-北門,2023-03-13,9283
6235,華孚,22,9,13,凱基-北門,2023-03-13,9283
00857B,永豐20年美公債,12,0,12,凱基-北門,2023-03-13,9283
1325,恆大,13,1,12,凱基-北門,2023-03-13,9283
2634,漢翔,12,0,12,凱基-北門,2023-03-13,9283
3520,華盈,16,4,12,凱基-北門,2023-03-13,9283
00674R,期元大S＆P黃金反1,11,0,11,凱基-北門,2023-03-13,9283
3661,世芯-KY,18,7,11,凱基-北門,2023-03-13,9283
8255,朋程,11,0,11,凱基-北門,2023-03-13,9283
00655L,國泰中國A50正2,10,0,10,凱基-北門,2023-03-13,9283
00780B,國泰A級金融債,10,0,10,凱基-北門,2023-03-13,9283
6603,富強鑫,10,0,10,凱基-北門,2023-03-13,9283
2103,台橡,9,0,9,凱基-北門,2023-03-13,9283
2610,華航,11,2,9,凱基-北門,2023-03-13,9283
00715L,期街口布蘭特正2,49,41,8,凱基-北門,2023-03-13,9283
6841,長佳智能,7,0,7,凱基-北門,2023-03-13,9283
00687B,國泰20年美債,7,0,7,凱基-北門,2023-03-13,9283
1319,東陽,7,0,7,凱基-北門,2023-03-13,9283
2417,圓剛,6,0,6,凱基-北門,2023-03-13,9283
3163,波若威,21,15,6,凱基-北門,2023-03-13,9283
4977,眾達-KY,8,2,6,凱基-北門,2023-03-13,9283
2457,飛宏,48,43,5,凱基-北門,2023-03-13,9283
2812,台中銀,5,0,5,凱基-北門,2023-03-13,9283
2891,中信金,6,1,5,凱基-北門,2023-03-13,9283
00664R,國泰臺灣加權反1,5,0,5,凱基-北門,2023-03-13,9283
00772B,中信高評級公司債,5,0,5,凱基-北門,2023-03-13,9283
00683L,期元大美元指正2,5,0,5,凱基-北門,2023-03-13,9283
1524,耿鼎,10,5,5,凱基-北門,2023-03-13,9283
3466,德晉,5,0,5,凱基-北門,2023-03-13,9283
00715L,期街口布蘭特正2,140,8,132,凱基-北門,2023-03-14,9283
2883,凱基金,124,20,104,凱基-北門,2023-03-14,9283
2801,彰銀,101,0,101,凱基-北門,2023-03-14,9283
00753L,中信中國50正2,61,1,60,凱基-北門,2023-03-14,9283
00885,富邦越南,57,2,55,凱基-北門,2023-03-14,9283
1460,宏遠,50,0,50,凱基-北門,2023-03-14,9283
3481,群創,54,5,49,凱基-北門,2023-03-14,9283
2618,長榮航,55,6,49,凱基-北門,2023-03-14,9283
2891,中信金,48,0,48,凱基-北門,2023-03-14,9283
00878,國泰永續高股息,96,53,43,凱基-北門,2023-03-14,9283
00655L,國泰中國A50正2,40,0,40,凱基-北門,2023-03-14,9283
2313,華通,35,1,34,凱基-北門,2023-03-14,9283
00637L,元大滬深300正2,34,0,34,凱基-北門,2023-03-14,9283
00633L,富邦上証正2,41,8,33,凱基-北門,2023-03-14,9283
6788,華景電,30,1,29,凱基-北門,2023-03-14,9283
00679B,元大美債20年,28,0,28,凱基-北門,2023-03-14,9283
00650L,復華香港正2,27,2,25,凱基-北門,2023-03-14,9283
2610,華航,36,11,25,凱基-北門,2023-03-14,9283
8105,凌巨,25,1,24,凱基-北門,2023-03-14,9283
0056,元大高股息,23,3,20,凱基-北門,2023-03-14,9283
00642U,期元大S＆P石油,18,0,18,凱基-北門,2023-03-14,9283
2880,華南金,16,0,16,凱基-北門,2023-03-14,9283
00687B,國泰20年美債,16,0,16,凱基-北門,2023-03-14,9283
2834,臺企銀,19,5,14,凱基-北門,2023-03-14,9283
1785,光洋科,14,1,13,凱基-北門,2023-03-14,9283
2427,三商電,12,0,12,凱基-北門,2023-03-14,9283
00713,元大台灣高息低波,12,0,12,凱基-北門,2023-03-14,9283
2409,友達,11,0,11,凱基-北門,2023-03-14,9283
00680L,元大美債20正2,20,9,11,凱基-北門,2023-03-14,9283
9907,統一實,21,10,11,凱基-北門,2023-03-14,9283
2486,一詮,12,2,10,凱基-北門,2023-03-14,9283
2390,云辰,10,0,10,凱基-北門,2023-03-14,9283
5289,宜鼎,10,0,10,凱基-北門,2023-03-14,9283
6603,富強鑫,10,0,10,凱基-北門,2023-03-14,9283
6770,力積電,9,0,9,凱基-北門,2023-03-14,9283
1609,大亞,11,3,8,凱基-北門,2023-03-14,9283
2888,新光金,13,5,8,凱基-北門,2023-03-14,9283
6274,台燿,8,0,8,凱基-北門,2023-03-14,9283
2887,台新金,8,0,8,凱基-北門,2023-03-14,9283
2504,國產,7,0,7,凱基-北門,2023-03-14,9283
3289,宜特,7,0,7,凱基-北門,2023-03-14,9283
00665L,富邦�琤肭磪囓�2,10,3,7,凱基-北門,2023-03-14,9283
00902,中信電池及儲能,7,0,7,凱基-北門,2023-03-14,9283
2034,允強,7,0,7,凱基-北門,2023-03-14,9283
2886,兆豐金,7,0,7,凱基-北門,2023-03-14,9283
3704,合勤控,7,0,7,凱基-北門,2023-03-14,9283
6541,泰福-KY,7,0,7,凱基-北門,2023-03-14,9283
1101,台泥,6,0,6,凱基-北門,2023-03-14,9283
2328,廣宇,6,0,6,凱基-北門,2023-03-14,9283
00857B,永豐20年美公債,6,0,6,凱基-北門,2023-03-14,9283
00632R,元大台灣50反1,335,30,305,凱基-北門,2023-03-15,9283
00715L,期街口布蘭特正2,136,3,133,凱基-北門,2023-03-15,9283
00712,復華富時不動產,117,0,117,凱基-北門,2023-03-15,9283
00706L,期元大S＆P日圓正2,100,0,100,凱基-北門,2023-03-15,9283
2888,新光金,53,5,48,凱基-北門,2023-03-15,9283
00878,國泰永續高股息,45,0,45,凱基-北門,2023-03-15,9283
00885,富邦越南,40,1,39,凱基-北門,2023-03-15,9283
2834,臺企銀,43,5,38,凱基-北門,2023-03-15,9283
2025,千興,35,0,35,凱基-北門,2023-03-15,9283
3289,宜特,36,1,35,凱基-北門,2023-03-15,9283
00637L,元大滬深300正2,25,1,24,凱基-北門,2023-03-15,9283
2603,長榮,36,12,24,凱基-北門,2023-03-15,9283
2614,東森,20,0,20,凱基-北門,2023-03-15,9283
3494,誠研,20,0,20,凱基-北門,2023-03-15,9283
00655L,國泰中國A50正2,20,0,20,凱基-北門,2023-03-15,9283
00642U,期元大S＆P石油,14,0,14,凱基-北門,2023-03-15,9283
8105,凌巨,40,26,14,凱基-北門,2023-03-15,9283
00679B,元大美債20年,13,0,13,凱基-北門,2023-03-15,9283
8936,國統,11,0,11,凱基-北門,2023-03-15,9283
2883,凱基金,12,1,11,凱基-北門,2023-03-15,9283
00664R,國泰臺灣加權反1,11,0,11,凱基-北門,2023-03-15,9283
2867,三商壽,11,0,11,凱基-北門,2023-03-15,9283
2618,長榮航,10,0,10,凱基-北門,2023-03-15,9283
00633L,富邦上証正2,10,0,10,凱基-北門,2023-03-15,9283
00687B,國泰20年美債,10,0,10,凱基-北門,2023-03-15,9283
1568,倉佑,10,0,10,凱基-北門,2023-03-15,9283
2886,兆豐金,10,0,10,凱基-北門,2023-03-15,9283
3703,欣陸,10,0,10,凱基-北門,2023-03-15,9283
2880,華南金,9,0,9,凱基-北門,2023-03-15,9283
2884,玉山金,8,0,8,凱基-北門,2023-03-15,9283
5608,四維航,8,0,8,凱基-北門,2023-03-15,9283
5425,台半,11,4,7,凱基-北門,2023-03-15,9283
00857B,永豐20年美公債,7,0,7,凱基-北門,2023-03-15,9283
2915,潤泰全,6,0,6,凱基-北門,2023-03-15,9283
2615,萬海,9,3,6,凱基-北門,2023-03-15,9283
4916,事欣科,6,0,6,凱基-北門,2023-03-15,9283
1325,恆大,6,0,6,凱基-北門,2023-03-15,9283
4157,太景*-KY,6,0,6,凱基-北門,2023-03-15,9283
5285,界霖,6,0,6,凱基-北門,2023-03-15,9283
6477,安集,6,0,6,凱基-北門,2023-03-15,9283
2027,大成鋼,9,4,5,凱基-北門,2023-03-15,9283
2419,仲琦,11,6,5,凱基-北門,2023-03-15,9283
2882,國泰金,5,0,5,凱基-北門,2023-03-15,9283
4426,利勤,5,0,5,凱基-北門,2023-03-15,9283
6112,邁達特,5,0,5,凱基-北門,2023-03-15,9283
9907,統一實,5,0,5,凱基-北門,2023-03-15,9283
2891,中信金,12,7,5,凱基-北門,2023-03-15,9283
00751B,元大AAA至A公司債,4,0,4,凱基-北門,2023-03-15,9283
2504,國產,5,1,4,凱基-北門,2023-03-15,9283
2601,益航,4,0,4,凱基-北門,2023-03-15,9283
00878,國泰永續高股息,382,0,382,凱基-北門,2023-03-16,9283
2867,三商壽,210,0,210,凱基-北門,2023-03-16,9283
00715L,期街口布蘭特正2,144,2,142,凱基-北門,2023-03-16,9283
2834,臺企銀,166,37,129,凱基-北門,2023-03-16,9283
3481,群創,116,7,109,凱基-北門,2023-03-16,9283
2017,官田鋼,106,0,106,凱基-北門,2023-03-16,9283
00753L,中信中國50正2,82,1,81,凱基-北門,2023-03-16,9283
00680L,元大美債20正2,79,11,68,凱基-北門,2023-03-16,9283
00673R,期元大S＆P原油反1,70,20,50,凱基-北門,2023-03-16,9283
00633L,富邦上証正2,49,10,39,凱基-北門,2023-03-16,9283
00655L,國泰中國A50正2,40,10,30,凱基-北門,2023-03-16,9283
2885,元大金,31,3,28,凱基-北門,2023-03-16,9283
00882,中信中國高股息,28,0,28,凱基-北門,2023-03-16,9283
00885,富邦越南,28,4,24,凱基-北門,2023-03-16,9283
00642U,期元大S＆P石油,72,50,22,凱基-北門,2023-03-16,9283
2880,華南金,22,1,21,凱基-北門,2023-03-16,9283
6167,久正,20,0,20,凱基-北門,2023-03-16,9283
2349,錸德,20,0,20,凱基-北門,2023-03-16,9283
6244,茂迪,32,12,20,凱基-北門,2023-03-16,9283
00637L,元大滬深300正2,20,0,20,凱基-北門,2023-03-16,9283
2618,長榮航,21,2,19,凱基-北門,2023-03-16,9283
2886,兆豐金,16,0,16,凱基-北門,2023-03-16,9283
2891,中信金,17,2,15,凱基-北門,2023-03-16,9283
2103,台橡,15,0,15,凱基-北門,2023-03-16,9283
2504,國產,15,0,15,凱基-北門,2023-03-16,9283
0056,元大高股息,21,7,14,凱基-北門,2023-03-16,9283
2888,新光金,16,2,14,凱基-北門,2023-03-16,9283
2419,仲琦,13,1,12,凱基-北門,2023-03-16,9283
00713,元大台灣高息低波,12,0,12,凱基-北門,2023-03-16,9283
6550,北極星藥業-KY,12,1,11,凱基-北門,2023-03-16,9283
2104,國際中橡,10,0,10,凱基-北門,2023-03-16,9283
2312,金寶,10,0,10,凱基-北門,2023-03-16,9283
2457,飛宏,37,27,10,凱基-北門,2023-03-16,9283
2605,新興,16,6,10,凱基-北門,2023-03-16,9283
00671R,富邦NASDAQ反1,10,0,10,凱基-北門,2023-03-16,9283
2610,華航,15,5,10,凱基-北門,2023-03-16,9283
3289,宜特,9,1,8,凱基-北門,2023-03-16,9283
3520,華盈,8,0,8,凱基-北門,2023-03-16,9283
1314,中石化,8,0,8,凱基-北門,2023-03-16,9283
1762,中化生,8,0,8,凱基-北門,2023-03-16,9283
00772B,中信高評級公司債,8,0,8,凱基-北門,2023-03-16,9283
2887,台新金,7,0,7,凱基-北門,2023-03-16,9283
6112,邁達特,7,0,7,凱基-北門,2023-03-16,9283
1722,台肥,7,0,7,凱基-北門,2023-03-16,9283
3019,亞光,7,0,7,凱基-北門,2023-03-16,9283
3062,建漢,7,0,7,凱基-北門,2023-03-16,9283
8341,日友,7,0,7,凱基-北門,2023-03-16,9283
5871,中租-KY,6,0,6,凱基-北門,2023-03-16,9283
2352,佳世達,6,0,6,凱基-北門,2023-03-16,9283
6443,元晶,6,0,6,凱基-北門,2023-03-16,9283
2834,臺企銀,140,1,139,凱基-北門,2023-03-17,9283
3289,宜特,110,0,110,凱基-北門,2023-03-17,9283
3022,威強電,80,0,80,凱基-北門,2023-03-17,9283
00885,富邦越南,70,1,69,凱基-北門,2023-03-17,9283
00715L,期街口布蘭特正2,59,9,50,凱基-北門,2023-03-17,9283
00679B,元大美債20年,49,5,44,凱基-北門,2023-03-17,9283
00772B,中信高評級公司債,35,1,34,凱基-北門,2023-03-17,9283
5531,鄉林,31,0,31,凱基-北門,2023-03-17,9283
3594,磐儀,27,7,20,凱基-北門,2023-03-17,9283
00712,復華富時不動產,19,0,19,凱基-北門,2023-03-17,9283
00687B,國泰20年美債,17,0,17,凱基-北門,2023-03-17,9283
00632R,元大台灣50反1,15,0,15,凱基-北門,2023-03-17,9283
4526,東台,15,0,15,凱基-北門,2023-03-17,9283
2017,官田鋼,15,1,14,凱基-北門,2023-03-17,9283
3035,智原,20,7,13,凱基-北門,2023-03-17,9283
00878,國泰永續高股息,13,0,13,凱基-北門,2023-03-17,9283
3630,新鉅科,12,0,12,凱基-北門,2023-03-17,9283
2891,中信金,11,0,11,凱基-北門,2023-03-17,9283
5452,佶優,11,0,11,凱基-北門,2023-03-17,9283
2360,致茂,10,0,10,凱基-北門,2023-03-17,9283
6116,彩晶,10,0,10,凱基-北門,2023-03-17,9283
6603,富強鑫,10,0,10,凱基-北門,2023-03-17,9283
6799,來頡,10,0,10,凱基-北門,2023-03-17,9283
2603,長榮,12,3,9,凱基-北門,2023-03-17,9283
6125,廣運,10,2,8,凱基-北門,2023-03-17,9283
1722,台肥,7,0,7,凱基-北門,2023-03-17,9283
2328,廣宇,7,0,7,凱基-北門,2023-03-17,9283
6220,岳豐,8,1,7,凱基-北門,2023-03-17,9283
00713,元大台灣高息低波,6,0,6,凱基-北門,2023-03-17,9283
2880,華南金,6,0,6,凱基-北門,2023-03-17,9283
3708,上緯投控,7,1,6,凱基-北門,2023-03-17,9283
4967,十銓,6,0,6,凱基-北門,2023-03-17,9283
6477,安集,6,0,6,凱基-北門,2023-03-17,9283
2915,潤泰全,5,0,5,凱基-北門,2023-03-17,9283
3028,增你強,6,1,5,凱基-北門,2023-03-17,9283
00664R,國泰臺灣加權反1,5,0,5,凱基-北門,2023-03-17,9283
2388,威盛,20,15,5,凱基-北門,2023-03-17,9283
2605,新興,5,0,5,凱基-北門,2023-03-17,9283
2610,華航,10,5,5,凱基-北門,2023-03-17,9283
2885,元大金,5,0,5,凱基-北門,2023-03-17,9283
1101,台泥,5,0,5,凱基-北門,2023-03-17,9283
2884,玉山金,4,0,4,凱基-北門,2023-03-17,9283
1108,幸福,8,4,4,凱基-北門,2023-03-17,9283
00642U,期元大S＆P石油,4,0,4,凱基-北門,2023-03-17,9283
1609,大亞,4,0,4,凱基-北門,2023-03-17,9283
2634,漢翔,4,0,4,凱基-北門,2023-03-17,9283
6182,合晶,6,2,4,凱基-北門,2023-03-17,9283
8936,國統,4,0,4,凱基-北門,2023-03-17,9283
2892,第一金,3,0,3,凱基-北門,2023-03-17,9283
00902,中信電池及儲能,8,5,3,凱基-北門,2023-03-17,9283
00715L,期街口布蘭特正2,100,12,88,凱基-北門,2023-03-20,9283
00753L,中信中國50正2,85,1,84,凱基-北門,2023-03-20,9283
00885,富邦越南,63,0,63,凱基-北門,2023-03-20,9283
00878,國泰永續高股息,52,2,50,凱基-北門,2023-03-20,9283
00633L,富邦上証正2,47,5,42,凱基-北門,2023-03-20,9283
6231,系微,72,39,33,凱基-北門,2023-03-20,9283
2330,台積電,31,0,31,凱基-北門,2023-03-20,9283
1609,大亞,32,3,29,凱基-北門,2023-03-20,9283
4916,事欣科,25,2,23,凱基-北門,2023-03-20,9283
6532,瑞耘,21,0,21,凱基-北門,2023-03-20,9283
00637L,元大滬深300正2,20,0,20,凱基-北門,2023-03-20,9283
00655L,國泰中國A50正2,20,0,20,凱基-北門,2023-03-20,9283
5258,虹堡,22,6,16,凱基-北門,2023-03-20,9283
00713,元大台灣高息低波,16,1,15,凱基-北門,2023-03-20,9283
2328,廣宇,15,0,15,凱基-北門,2023-03-20,9283
2495,普安,15,0,15,凱基-北門,2023-03-20,9283
4977,眾達-KY,18,4,14,凱基-北門,2023-03-20,9283
5531,鄉林,14,0,14,凱基-北門,2023-03-20,9283
3583,辛耘,14,1,13,凱基-北門,2023-03-20,9283
2002,中鋼,13,0,13,凱基-北門,2023-03-20,9283
00679B,元大美債20年,13,2,11,凱基-北門,2023-03-20,9283
9945,潤泰新,13,2,11,凱基-北門,2023-03-20,9283
9941,裕融,11,0,11,凱基-北門,2023-03-20,9283
8050,廣積,12,1,11,凱基-北門,2023-03-20,9283
2882,國泰金,10,0,10,凱基-北門,2023-03-20,9283
00751B,元大AAA至A公司債,15,5,10,凱基-北門,2023-03-20,9283
2617,台航,10,0,10,凱基-北門,2023-03-20,9283
3038,全台,10,0,10,凱基-北門,2023-03-20,9283
6799,來頡,10,0,10,凱基-北門,2023-03-20,9283
8111,立��,10,0,10,凱基-北門,2023-03-20,9283
00772B,中信高評級公司債,10,0,10,凱基-北門,2023-03-20,9283
2618,長榮航,8,0,8,凱基-北門,2023-03-20,9283
3686,達能,10,2,8,凱基-北門,2023-03-20,9283
1605,華新,11,3,8,凱基-北門,2023-03-20,9283
2359,所羅門,11,4,7,凱基-北門,2023-03-20,9283
2915,潤泰全,7,0,7,凱基-北門,2023-03-20,9283
00857B,永豐20年美公債,7,0,7,凱基-北門,2023-03-20,9283
3289,宜特,7,0,7,凱基-北門,2023-03-20,9283
3373,熱映,7,0,7,凱基-北門,2023-03-20,9283
3576,聯合再生,8,1,7,凱基-北門,2023-03-20,9283
2812,台中銀,7,0,7,凱基-北門,2023-03-20,9283
00761B,國泰A級公司債,6,0,6,凱基-北門,2023-03-20,9283
2317,鴻海,6,0,6,凱基-北門,2023-03-20,9283
6841,長佳智能,6,0,6,凱基-北門,2023-03-20,9283
2881,富邦金,5,0,5,凱基-北門,2023-03-20,9283
3264,欣銓,6,1,5,凱基-北門,2023-03-20,9283
2605,新興,5,0,5,凱基-北門,2023-03-20,9283
0050,元大台灣50,5,0,5,凱基-北門,2023-03-20,9283
00640L,富邦日本正2,5,0,5,凱基-北門,2023-03-20,9283
00665L,富邦�琤肭磪囓�2,5,0,5,凱基-北門,2023-03-20,9283
5531,鄉林,55,0,55,凱基-北門,2023-03-21,9283
00878,國泰永續高股息,42,0,42,凱基-北門,2023-03-21,9283
1609,大亞,47,5,42,凱基-北門,2023-03-21,9283
9955,佳龍,30,0,30,凱基-北門,2023-03-21,9283
00679B,元大美債20年,29,4,25,凱基-北門,2023-03-21,9283
4953,緯軟,24,0,24,凱基-北門,2023-03-21,9283
2413,環科,23,0,23,凱基-北門,2023-03-21,9283
00882,中信中國高股息,21,0,21,凱基-北門,2023-03-21,9283
00751B,元大AAA至A公司債,20,0,20,凱基-北門,2023-03-21,9283
6129,普誠,28,8,20,凱基-北門,2023-03-21,9283
3715,定穎投控,20,0,20,凱基-北門,2023-03-21,9283
00715L,期街口布蘭特正2,20,4,16,凱基-北門,2023-03-21,9283
5439,高技,16,0,16,凱基-北門,2023-03-21,9283
00669R,國泰美國道瓊反1,15,0,15,凱基-北門,2023-03-21,9283
2610,華航,15,0,15,凱基-北門,2023-03-21,9283
8112,至上,20,5,15,凱基-北門,2023-03-21,9283
2891,中信金,14,0,14,凱基-北門,2023-03-21,9283
3545,敦泰,31,17,14,凱基-北門,2023-03-21,9283
3481,群創,15,3,12,凱基-北門,2023-03-21,9283
4967,十銓,12,0,12,凱基-北門,2023-03-21,9283
00687B,國泰20年美債,11,0,11,凱基-北門,2023-03-21,9283
3189,景碩,12,1,11,凱基-北門,2023-03-21,9283
3455,由田,10,0,10,凱基-北門,2023-03-21,9283
2460,建通,10,0,10,凱基-北門,2023-03-21,9283
4960,誠美材,10,0,10,凱基-北門,2023-03-21,9283
00902,中信電池及儲能,11,2,9,凱基-北門,2023-03-21,9283
6274,台燿,29,20,9,凱基-北門,2023-03-21,9283
9945,潤泰新,10,1,9,凱基-北門,2023-03-21,9283
2495,普安,8,0,8,凱基-北門,2023-03-21,9283
3594,磐儀,13,5,8,凱基-北門,2023-03-21,9283
00885,富邦越南,7,0,7,凱基-北門,2023-03-21,9283
2834,臺企銀,12,5,7,凱基-北門,2023-03-21,9283
2812,台中銀,8,2,6,凱基-北門,2023-03-21,9283
2881,富邦金,6,0,6,凱基-北門,2023-03-21,9283
4979,華星光,7,1,6,凱基-北門,2023-03-21,9283
5009,榮剛,8,3,5,凱基-北門,2023-03-21,9283
5871,中租-KY,5,0,5,凱基-北門,2023-03-21,9283
1101,台泥,6,1,5,凱基-北門,2023-03-21,9283
2359,所羅門,6,1,5,凱基-北門,2023-03-21,9283
2419,仲琦,5,0,5,凱基-北門,2023-03-21,9283
2722,夏都,5,0,5,凱基-北門,2023-03-21,9283
3027,盛達,5,0,5,凱基-北門,2023-03-21,9283
5011,久陽,5,0,5,凱基-北門,2023-03-21,9283
5328,華容,5,0,5,凱基-北門,2023-03-21,9283
5452,佶優,5,0,5,凱基-北門,2023-03-21,9283
8163,達方,5,0,5,凱基-北門,2023-03-21,9283
8938,明安,5,0,5,凱基-北門,2023-03-21,9283
3209,全科,6,1,5,凱基-北門,2023-03-21,9283
2409,友達,4,0,4,凱基-北門,2023-03-21,9283
2303,聯電,4,0,4,凱基-北門,2023-03-21,9283
6231,系微,122,2,120,凱基-北門,2023-03-22,9283
6167,久正,72,0,72,凱基-北門,2023-03-22,9283
0056,元大高股息,33,0,33,凱基-北門,2023-03-22,9283
3501,維熹,31,0,31,凱基-北門,2023-03-22,9283
00679B,元大美債20年,25,0,25,凱基-北門,2023-03-22,9283
5608,四維航,22,1,21,凱基-北門,2023-03-22,9283
2883,凱基金,22,1,21,凱基-北門,2023-03-22,9283
00885,富邦越南,20,0,20,凱基-北門,2023-03-22,9283
6245,立端,20,0,20,凱基-北門,2023-03-22,9283
9955,佳龍,20,0,20,凱基-北門,2023-03-22,9283
2481,強茂,27,9,18,凱基-北門,2023-03-22,9283
2027,大成鋼,17,0,17,凱基-北門,2023-03-22,9283
2457,飛宏,63,47,16,凱基-北門,2023-03-22,9283
1733,五鼎,12,0,12,凱基-北門,2023-03-22,9283
00878,國泰永續高股息,13,1,12,凱基-北門,2023-03-22,9283
2344,華邦電,11,0,11,凱基-北門,2023-03-22,9283
2402,毅嘉,42,31,11,凱基-北門,2023-03-22,9283
2891,中信金,11,0,11,凱基-北門,2023-03-22,9283
6532,瑞耘,10,0,10,凱基-北門,2023-03-22,9283
00664R,國泰臺灣加權反1,10,0,10,凱基-北門,2023-03-22,9283
3024,憶聲,10,0,10,凱基-北門,2023-03-22,9283
3038,全台,10,0,10,凱基-北門,2023-03-22,9283
3207,耀勝,10,0,10,凱基-北門,2023-03-22,9283
6248,沛波,10,0,10,凱基-北門,2023-03-22,9283
4167,松瑞藥,10,3,7,凱基-北門,2023-03-22,9283
00648R,元大S＆P500反1,7,0,7,凱基-北門,2023-03-22,9283
3594,磐儀,10,3,7,凱基-北門,2023-03-22,9283
6244,茂迪,10,3,7,凱基-北門,2023-03-22,9283
2915,潤泰全,6,0,6,凱基-北門,2023-03-22,9283
3236,千如,8,2,6,凱基-北門,2023-03-22,9283
5011,久陽,6,0,6,凱基-北門,2023-03-22,9283
5258,虹堡,18,12,6,凱基-北門,2023-03-22,9283
6150,撼訊,6,0,6,凱基-北門,2023-03-22,9283
2017,官田鋼,10,5,5,凱基-北門,2023-03-22,9283
2107,厚生,5,0,5,凱基-北門,2023-03-22,9283
2230,泰茂,7,2,5,凱基-北門,2023-03-22,9283
3322,建舜電,7,2,5,凱基-北門,2023-03-22,9283
3490,單井,5,0,5,凱基-北門,2023-03-22,9283
3687,歐買尬,5,0,5,凱基-北門,2023-03-22,9283
4113,聯上,5,0,5,凱基-北門,2023-03-22,9283
6182,合晶,20,15,5,凱基-北門,2023-03-22,9283
8033,雷虎,5,0,5,凱基-北門,2023-03-22,9283
8938,明安,5,0,5,凱基-北門,2023-03-22,9283
1605,華新,5,0,5,凱基-北門,2023-03-22,9283
2409,友達,4,0,4,凱基-北門,2023-03-22,9283
4906,正文,4,0,4,凱基-北門,2023-03-22,9283
1101,台泥,6,2,4,凱基-北門,2023-03-22,9283
00671R,富邦NASDAQ反1,4,0,4,凱基-北門,2023-03-22,9283
2427,三商電,11,7,4,凱基-北門,2023-03-22,9283
2453,凌群,7,3,4,凱基-北門,2023-03-22,9283
00632R,元大台灣50反1,64,3,61,凱基-北門,2023-03-23,9283
00679B,元大美債20年,45,6,39,凱基-北門,2023-03-23,9283
2605,新興,31,0,31,凱基-北門,2023-03-23,9283
2408,南亞科,29,2,27,凱基-北門,2023-03-23,9283
3481,群創,39,13,26,凱基-北門,2023-03-23,9283
1524,耿鼎,26,5,21,凱基-北門,2023-03-23,9283
8289,泰藝,17,0,17,凱基-北門,2023-03-23,9283
2637,慧洋-KY,17,0,17,凱基-北門,2023-03-23,9283
00885,富邦越南,16,0,16,凱基-北門,2023-03-23,9283
4953,緯軟,16,0,16,凱基-北門,2023-03-23,9283
6741,91APP*-KY,16,1,15,凱基-北門,2023-03-23,9283
8222,寶一,14,0,14,凱基-北門,2023-03-23,9283
6271,同欣電,12,0,12,凱基-北門,2023-03-23,9283
4961,天鈺,12,0,12,凱基-北門,2023-03-23,9283
00882,中信中國高股息,11,0,11,凱基-北門,2023-03-23,9283
00680L,元大美債20正2,11,0,11,凱基-北門,2023-03-23,9283
3402,漢科,11,0,11,凱基-北門,2023-03-23,9283
2419,仲琦,10,0,10,凱基-北門,2023-03-23,9283
3294,英濟,12,2,10,凱基-北門,2023-03-23,9283
3501,維熹,10,0,10,凱基-北門,2023-03-23,9283
6202,盛群,11,1,10,凱基-北門,2023-03-23,9283
8088,品安,10,0,10,凱基-北門,2023-03-23,9283
8016,矽創,10,0,10,凱基-北門,2023-03-23,9283
5608,四維航,9,0,9,凱基-北門,2023-03-23,9283
1342,八貫,12,4,8,凱基-北門,2023-03-23,9283
6161,捷波,8,0,8,凱基-北門,2023-03-23,9283
6274,台燿,9,2,7,凱基-北門,2023-03-23,9283
5483,中美晶,6,0,6,凱基-北門,2023-03-23,9283
6533,晶心科,6,0,6,凱基-北門,2023-03-23,9283
2313,華通,6,0,6,凱基-北門,2023-03-23,9283
2417,圓剛,6,0,6,凱基-北門,2023-03-23,9283
5285,界霖,20,14,6,凱基-北門,2023-03-23,9283
6231,系微,8,2,6,凱基-北門,2023-03-23,9283
6492,生華科,6,0,6,凱基-北門,2023-03-23,9283
6415,矽力*-KY,5,0,5,凱基-北門,2023-03-23,9283
4721,美琪瑪,5,0,5,凱基-北門,2023-03-23,9283
1101,台泥,8,3,5,凱基-北門,2023-03-23,9283
2884,玉山金,5,0,5,凱基-北門,2023-03-23,9283
3520,華盈,5,0,5,凱基-北門,2023-03-23,9283
6776,展�眥篕�,5,0,5,凱基-北門,2023-03-23,9283
8415,大國鋼,5,0,5,凱基-北門,2023-03-23,9283
8930,青鋼,40,35,5,凱基-北門,2023-03-23,9283
9955,佳龍,6,1,5,凱基-北門,2023-03-23,9283
2609,陽明,5,0,5,凱基-北門,2023-03-23,9283
00898,國泰基因免疫革命,4,0,4,凱基-北門,2023-03-23,9283
1440,南紡,4,0,4,凱基-北門,2023-03-23,9283
2344,華邦電,6,2,4,凱基-北門,2023-03-23,9283
2329,華泰,4,0,4,凱基-北門,2023-03-23,9283
6223,旺矽,7,3,4,凱基-北門,2023-03-23,9283
0056,元大高股息,8,4,4,凱基-北門,2023-03-23,9283
8069,元太,67,4,63,凱基-北門,2023-03-24,9283
2436,偉詮電,47,1,46,凱基-北門,2023-03-24,9283
2880,華南金,43,0,43,凱基-北門,2023-03-24,9283
2344,華邦電,39,4,35,凱基-北門,2023-03-24,9283
3501,維熹,32,0,32,凱基-北門,2023-03-24,9283
6122,擎邦,38,9,29,凱基-北門,2023-03-24,9283
2634,漢翔,27,2,25,凱基-北門,2023-03-24,9283
00679B,元大美債20年,23,0,23,凱基-北門,2023-03-24,9283
3022,威強電,20,0,20,凱基-北門,2023-03-24,9283
5285,界霖,21,1,20,凱基-北門,2023-03-24,9283
6248,沛波,20,0,20,凱基-北門,2023-03-24,9283
2482,連宇,17,0,17,凱基-北門,2023-03-24,9283
3289,宜特,15,0,15,凱基-北門,2023-03-24,9283
3373,熱映,13,0,13,凱基-北門,2023-03-24,9283
00712,復華富時不動產,13,0,13,凱基-北門,2023-03-24,9283
2427,三商電,13,0,13,凱基-北門,2023-03-24,9283
3005,神基,16,3,13,凱基-北門,2023-03-24,9283
2342,茂矽,12,0,12,凱基-北門,2023-03-24,9283
2303,聯電,12,1,11,凱基-北門,2023-03-24,9283
3038,全台,11,0,11,凱基-北門,2023-03-24,9283
8215,明基材,11,0,11,凱基-北門,2023-03-24,9283
3583,辛耘,11,0,11,凱基-北門,2023-03-24,9283
4536,拓凱,10,0,10,凱基-北門,2023-03-24,9283
3682,亞太電,10,0,10,凱基-北門,2023-03-24,9283
4961,天鈺,10,0,10,凱基-北門,2023-03-24,9283
8415,大國鋼,10,0,10,凱基-北門,2023-03-24,9283
2610,華航,10,1,9,凱基-北門,2023-03-24,9283
6446,藥華藥,11,2,9,凱基-北門,2023-03-24,9283
2618,長榮航,9,1,8,凱基-北門,2023-03-24,9283
3189,景碩,8,0,8,凱基-北門,2023-03-24,9283
2883,凱基金,7,0,7,凱基-北門,2023-03-24,9283
00902,中信電池及儲能,6,0,6,凱基-北門,2023-03-24,9283
3669,圓展,6,0,6,凱基-北門,2023-03-24,9283
4702,中美實,12,6,6,凱基-北門,2023-03-24,9283
6415,矽力*-KY,6,0,6,凱基-北門,2023-03-24,9283
3661,世芯-KY,8,2,6,凱基-北門,2023-03-24,9283
9941,裕融,5,0,5,凱基-北門,2023-03-24,9283
1786,科妍,5,0,5,凱基-北門,2023-03-24,9283
3390,旭軟,5,0,5,凱基-北門,2023-03-24,9283
00640L,富邦日本正2,5,0,5,凱基-北門,2023-03-24,9283
00857B,永豐20年美公債,5,0,5,凱基-北門,2023-03-24,9283
00751B,元大AAA至A公司債,5,0,5,凱基-北門,2023-03-24,9283
2491,吉祥全,5,0,5,凱基-北門,2023-03-24,9283
2637,慧洋-KY,8,3,5,凱基-北門,2023-03-24,9283
3231,緯創,10,5,5,凱基-北門,2023-03-24,9283
4906,正文,5,0,5,凱基-北門,2023-03-24,9283
6192,巨路,8,3,5,凱基-北門,2023-03-24,9283
8234,新漢,6,1,5,凱基-北門,2023-03-24,9283
6235,華孚,8,3,5,凱基-北門,2023-03-24,9283
2812,台中銀,4,0,4,凱基-北門,2023-03-24,9283
2340,台亞,166,87,79,凱基-北門,2023-03-27,9283
00753L,中信中國50正2,80,2,78,凱基-北門,2023-03-27,9283
00665L,富邦�琤肭磪囓�2,37,0,37,凱基-北門,2023-03-27,9283
2009,第一銅,34,0,34,凱基-北門,2023-03-27,9283
00882,中信中國高股息,31,2,29,凱基-北門,2023-03-27,9283
00680L,元大美債20正2,30,1,29,凱基-北門,2023-03-27,9283
6167,久正,28,0,28,凱基-北門,2023-03-27,9283
4432,銘旺實,21,0,21,凱基-北門,2023-03-27,9283
2801,彰銀,20,0,20,凱基-北門,2023-03-27,9283
5258,虹堡,37,17,20,凱基-北門,2023-03-27,9283
3682,亞太電,16,0,16,凱基-北門,2023-03-27,9283
2025,千興,20,5,15,凱基-北門,2023-03-27,9283
6244,茂迪,55,40,15,凱基-北門,2023-03-27,9283
1605,華新,24,10,14,凱基-北門,2023-03-27,9283
4979,華星光,15,1,14,凱基-北門,2023-03-27,9283
6279,胡連,14,0,14,凱基-北門,2023-03-27,9283
1101,台泥,28,15,13,凱基-北門,2023-03-27,9283
3037,欣興,17,5,12,凱基-北門,2023-03-27,9283
4977,眾達-KY,12,0,12,凱基-北門,2023-03-27,9283
2317,鴻海,12,0,12,凱基-北門,2023-03-27,9283
1612,宏泰,15,4,11,凱基-北門,2023-03-27,9283
3704,合勤控,11,0,11,凱基-北門,2023-03-27,9283
1460,宏遠,10,0,10,凱基-北門,2023-03-27,9283
1514,亞力,10,0,10,凱基-北門,2023-03-27,9283
2030,彰源,10,0,10,凱基-北門,2023-03-27,9283
2486,一詮,10,0,10,凱基-北門,2023-03-27,9283
2460,建通,10,0,10,凱基-北門,2023-03-27,9283
2388,威盛,9,0,9,凱基-北門,2023-03-27,9283
2402,毅嘉,16,7,9,凱基-北門,2023-03-27,9283
2408,南亞科,10,1,9,凱基-北門,2023-03-27,9283
6770,力積電,8,0,8,凱基-北門,2023-03-27,9283
1609,大亞,31,23,8,凱基-北門,2023-03-27,9283
2206,三陽工業,9,1,8,凱基-北門,2023-03-27,9283
2328,廣宇,10,2,8,凱基-北門,2023-03-27,9283
5236,凌陽創新,7,0,7,凱基-北門,2023-03-27,9283
6698,旭暉應材,36,29,7,凱基-北門,2023-03-27,9283
00878,國泰永續高股息,10,3,7,凱基-北門,2023-03-27,9283
1584,精剛,12,5,7,凱基-北門,2023-03-27,9283
3035,智原,10,3,7,凱基-北門,2023-03-27,9283
00725B,國泰投資級公司債,6,0,6,凱基-北門,2023-03-27,9283
2376,技嘉,6,0,6,凱基-北門,2023-03-27,9283
8112,至上,6,0,6,凱基-北門,2023-03-27,9283
6841,長佳智能,6,0,6,凱基-北門,2023-03-27,9283
6138,茂達,6,1,5,凱基-北門,2023-03-27,9283
00772B,中信高評級公司債,5,0,5,凱基-北門,2023-03-27,9283
00761B,國泰A級公司債,5,0,5,凱基-北門,2023-03-27,9283
2017,官田鋼,5,0,5,凱基-北門,2023-03-27,9283
2482,連宇,40,35,5,凱基-北門,2023-03-27,9283
3230,錦明,5,0,5,凱基-北門,2023-03-27,9283
4967,十銓,7,2,5,凱基-北門,2023-03-27,9283
2634,漢翔,206,14,192,凱基-北門,2023-03-28,9283
3289,宜特,82,0,82,凱基-北門,2023-03-28,9283
6550,北極星藥業-KY,81,1,80,凱基-北門,2023-03-28,9283
00679B,元大美債20年,53,0,53,凱基-北門,2023-03-28,9283
00902,中信電池及儲能,50,0,50,凱基-北門,2023-03-28,9283
00632R,元大台灣50反1,48,0,48,凱基-北門,2023-03-28,9283
6152,百一,32,1,31,凱基-北門,2023-03-28,9283
2605,新興,22,0,22,凱基-北門,2023-03-28,9283
1342,八貫,38,18,20,凱基-北門,2023-03-28,9283
1460,宏遠,20,1,19,凱基-北門,2023-03-28,9283
6235,華孚,30,11,19,凱基-北門,2023-03-28,9283
8222,寶一,31,14,17,凱基-北門,2023-03-28,9283
00687B,國泰20年美債,16,0,16,凱基-北門,2023-03-28,9283
3481,群創,21,5,16,凱基-北門,2023-03-28,9283
3624,光頡,20,4,16,凱基-北門,2023-03-28,9283
6142,友勁,15,0,15,凱基-北門,2023-03-28,9283
5222,全訊,15,0,15,凱基-北門,2023-03-28,9283
00882,中信中國高股息,16,4,12,凱基-北門,2023-03-28,9283
8936,國統,12,0,12,凱基-北門,2023-03-28,9283
00888,永豐台灣ESG,11,0,11,凱基-北門,2023-03-28,9283
4953,緯軟,12,1,11,凱基-北門,2023-03-28,9283
00650L,復華香港正2,10,0,10,凱基-北門,2023-03-28,9283
1533,車王電,10,0,10,凱基-北門,2023-03-28,9283
3704,合勤控,10,0,10,凱基-北門,2023-03-28,9283
3710,連展投控,10,0,10,凱基-北門,2023-03-28,9283
8069,元太,25,16,9,凱基-北門,2023-03-28,9283
2009,第一銅,9,0,9,凱基-北門,2023-03-28,9283
2498,宏達電,9,0,9,凱基-北門,2023-03-28,9283
00772B,中信高評級公司債,8,0,8,凱基-北門,2023-03-28,9283
2340,台亞,10,2,8,凱基-北門,2023-03-28,9283
2457,飛宏,45,37,8,凱基-北門,2023-03-28,9283
2482,連宇,7,0,7,凱基-北門,2023-03-28,9283
2610,華航,7,0,7,凱基-北門,2023-03-28,9283
5450,南良,7,0,7,凱基-北門,2023-03-28,9283
1504,東元,8,1,7,凱基-北門,2023-03-28,9283
3037,欣興,8,2,6,凱基-北門,2023-03-28,9283
2317,鴻海,6,0,6,凱基-北門,2023-03-28,9283
2489,瑞軒,6,0,6,凱基-北門,2023-03-28,9283
2637,慧洋-KY,6,0,6,凱基-北門,2023-03-28,9283
3236,千如,6,0,6,凱基-北門,2023-03-28,9283
3362,先進光,9,3,6,凱基-北門,2023-03-28,9283
5203,訊連,6,0,6,凱基-北門,2023-03-28,9283
5285,界霖,6,0,6,凱基-北門,2023-03-28,9283
5425,台半,12,6,6,凱基-北門,2023-03-28,9283
2812,台中銀,6,0,6,凱基-北門,2023-03-28,9283
8938,明安,6,1,5,凱基-北門,2023-03-28,9283
00725B,國泰投資級公司債,5,0,5,凱基-北門,2023-03-28,9283
00761B,國泰A級公司債,5,0,5,凱基-北門,2023-03-28,9283
2337,旺宏,5,0,5,凱基-北門,2023-03-28,9283
2603,長榮,5,0,5,凱基-北門,2023-03-28,9283
00706L,期元大S＆P日圓正2,100,0,100,凱基-北門,2023-03-29,9283
4119,旭富,30,0,30,凱基-北門,2023-03-29,9283
2408,南亞科,27,0,27,凱基-北門,2023-03-29,9283
3682,亞太電,23,0,23,凱基-北門,2023-03-29,9283
2009,第一銅,22,0,22,凱基-北門,2023-03-29,9283
2030,彰源,20,0,20,凱基-北門,2023-03-29,9283
2801,彰銀,20,0,20,凱基-北門,2023-03-29,9283
3693,營邦,17,2,15,凱基-北門,2023-03-29,9283
2329,華泰,22,8,14,凱基-北門,2023-03-29,9283
6245,立端,13,1,12,凱基-北門,2023-03-29,9283
00679B,元大美債20年,11,0,11,凱基-北門,2023-03-29,9283
00882,中信中國高股息,10,0,10,凱基-北門,2023-03-29,9283
1460,宏遠,10,0,10,凱基-北門,2023-03-29,9283
3289,宜特,9,0,9,凱基-北門,2023-03-29,9283
6508,惠光,10,1,9,凱基-北門,2023-03-29,9283
5258,虹堡,39,31,8,凱基-北門,2023-03-29,9283
5353,台林,9,2,7,凱基-北門,2023-03-29,9283
2349,錸德,6,0,6,凱基-北門,2023-03-29,9283
00772B,中信高評級公司債,6,0,6,凱基-北門,2023-03-29,9283
2402,毅嘉,23,17,6,凱基-北門,2023-03-29,9283
5203,訊連,6,0,6,凱基-北門,2023-03-29,9283
6770,力積電,5,0,5,凱基-北門,2023-03-29,9283
9945,潤泰新,5,0,5,凱基-北門,2023-03-29,9283
5483,中美晶,5,0,5,凱基-北門,2023-03-29,9283
2436,偉詮電,5,0,5,凱基-北門,2023-03-29,9283
2460,建通,5,0,5,凱基-北門,2023-03-29,9283
2609,陽明,8,3,5,凱基-北門,2023-03-29,9283
1584,精剛,5,0,5,凱基-北門,2023-03-29,9283
2303,聯電,10,5,5,凱基-北門,2023-03-29,9283
1101,台泥,4,0,4,凱基-北門,2023-03-29,9283
5425,台半,4,0,4,凱基-北門,2023-03-29,9283
00720B,元大投資級公司債,4,0,4,凱基-北門,2023-03-29,9283
3029,零壹,5,1,4,凱基-北門,2023-03-29,9283
4907,富宇,4,0,4,凱基-北門,2023-03-29,9283
6148,驊宏資,5,1,4,凱基-北門,2023-03-29,9283
6274,台燿,6,2,4,凱基-北門,2023-03-29,9283
2455,全新,27,23,4,凱基-北門,2023-03-29,9283
3105,穩懋,5,1,4,凱基-北門,2023-03-29,9283
9908,大台北,4,0,4,凱基-北門,2023-03-29,9283
00753L,中信中國50正2,64,61,3,凱基-北門,2023-03-29,9283
00898,國泰基因免疫革命,3,0,3,凱基-北門,2023-03-29,9283
00687B,國泰20年美債,3,0,3,凱基-北門,2023-03-29,9283
2615,萬海,4,1,3,凱基-北門,2023-03-29,9283
3128,昇銳,3,0,3,凱基-北門,2023-03-29,9283
5251,天鉞電,3,0,3,凱基-北門,2023-03-29,9283
6112,邁達特,3,0,3,凱基-北門,2023-03-29,9283
8033,雷虎,3,0,3,凱基-北門,2023-03-29,9283
8046,南電,4,1,3,凱基-北門,2023-03-29,9283
8110,華東,3,0,3,凱基-北門,2023-03-29,9283
8234,新漢,3,0,3,凱基-北門,2023-03-29,9283
00753L,中信中國50正2,78,26,52,凱基-北門,2023-03-30,9283
00706L,期元大S＆P日圓正2,50,0,50,凱基-北門,2023-03-30,9283
5531,鄉林,25,0,25,凱基-北門,2023-03-30,9283
2344,華邦電,45,22,23,凱基-北門,2023-03-30,9283
00882,中信中國高股息,23,0,23,凱基-北門,2023-03-30,9283
2457,飛宏,46,24,22,凱基-北門,2023-03-30,9283
2882,國泰金,21,0,21,凱基-北門,2023-03-30,9283
2891,中信金,21,0,21,凱基-北門,2023-03-30,9283
00679B,元大美債20年,18,0,18,凱基-北門,2023-03-30,9283
2009,第一銅,15,0,15,凱基-北門,2023-03-30,9283
1584,精剛,14,0,14,凱基-北門,2023-03-30,9283
6133,金橋,19,6,13,凱基-北門,2023-03-30,9283
2455,全新,10,0,10,凱基-北門,2023-03-30,9283
00720B,元大投資級公司債,10,0,10,凱基-北門,2023-03-30,9283
3217,優群,10,0,10,凱基-北門,2023-03-30,9283
3706,神達,10,0,10,凱基-北門,2023-03-30,9283
6161,捷波,10,0,10,凱基-北門,2023-03-30,9283
6416,瑞祺電通,10,0,10,凱基-北門,2023-03-30,9283
00633L,富邦上証正2,8,0,8,凱基-北門,2023-03-30,9283
5871,中租-KY,7,0,7,凱基-北門,2023-03-30,9283
4432,銘旺實,7,0,7,凱基-北門,2023-03-30,9283
2230,泰茂,6,0,6,凱基-北門,2023-03-30,9283
2317,鴻海,9,3,6,凱基-北門,2023-03-30,9283
3272,東碩,8,2,6,凱基-北門,2023-03-30,9283
4168,醣聯,6,0,6,凱基-北門,2023-03-30,9283
6129,普誠,6,0,6,凱基-北門,2023-03-30,9283
1460,宏遠,5,0,5,凱基-北門,2023-03-30,9283
00894,中信小資高價30,5,0,5,凱基-北門,2023-03-30,9283
00673R,期元大S＆P原油反1,6,1,5,凱基-北門,2023-03-30,9283
00693U,期街口S＆P黃豆,5,0,5,凱基-北門,2023-03-30,9283
1722,台肥,5,0,5,凱基-北門,2023-03-30,9283
1762,中化生,6,1,5,凱基-北門,2023-03-30,9283
2025,千興,5,0,5,凱基-北門,2023-03-30,9283
3583,辛耘,5,0,5,凱基-北門,2023-03-30,9283
4207,環泰,5,0,5,凱基-北門,2023-03-30,9283
8415,大國鋼,5,0,5,凱基-北門,2023-03-30,9283
6533,晶心科,5,0,5,凱基-北門,2023-03-30,9283
6248,沛波,5,0,5,凱基-北門,2023-03-30,9283
6231,系微,5,0,5,凱基-北門,2023-03-30,9283
0056,元大高股息,5,0,5,凱基-北門,2023-03-30,9283
1760,寶齡富錦,5,1,4,凱基-北門,2023-03-30,9283
2495,普安,4,0,4,凱基-北門,2023-03-30,9283
2618,長榮航,4,0,4,凱基-北門,2023-03-30,9283
4995,晶達,4,0,4,凱基-北門,2023-03-30,9283
2603,長榮,4,0,4,凱基-北門,2023-03-30,9283
4564,元翎,3,0,3,凱基-北門,2023-03-30,9283
6446,藥華藥,3,0,3,凱基-北門,2023-03-30,9283
00642U,期元大S＆P石油,3,0,3,凱基-北門,2023-03-30,9283
1314,中石化,3,0,3,凱基-北門,2023-03-30,9283
1229,聯華,3,0,3,凱基-北門,2023-03-30,9283
00712,復華富時不動產,51,0,51,凱基-北門,2023-03-31,9283
00706L,期元大S＆P日圓正2,50,0,50,凱基-北門,2023-03-31,9283
2834,臺企銀,42,6,36,凱基-北門,2023-03-31,9283
2009,第一銅,24,1,23,凱基-北門,2023-03-31,9283
00673R,期元大S＆P原油反1,20,0,20,凱基-北門,2023-03-31,9283
5603,陸海,20,0,20,凱基-北門,2023-03-31,9283
3022,威強電,17,3,14,凱基-北門,2023-03-31,9283
2457,飛宏,28,16,12,凱基-北門,2023-03-31,9283
0056,元大高股息,12,1,11,凱基-北門,2023-03-31,9283
2329,華泰,11,0,11,凱基-北門,2023-03-31,9283
00908,富邦入息REITs+,10,0,10,凱基-北門,2023-03-31,9283
00882,中信中國高股息,10,0,10,凱基-北門,2023-03-31,9283
1240,茂生農經,10,0,10,凱基-北門,2023-03-31,9283
1460,宏遠,10,0,10,凱基-北門,2023-03-31,9283
1536,和大,10,0,10,凱基-北門,2023-03-31,9283
3231,緯創,11,3,8,凱基-北門,2023-03-31,9283
2233,宇隆,7,0,7,凱基-北門,2023-03-31,9283
0050,元大台灣50,6,0,6,凱基-北門,2023-03-31,9283
1806,冠軍,6,0,6,凱基-北門,2023-03-31,9283
4995,晶達,6,0,6,凱基-北門,2023-03-31,9283
6285,啟��,8,2,6,凱基-北門,2023-03-31,9283
2889,國票金,5,0,5,凱基-北門,2023-03-31,9283
4526,東台,5,0,5,凱基-北門,2023-03-31,9283
00632R,元大台灣50反1,5,0,5,凱基-北門,2023-03-31,9283
2417,圓剛,5,0,5,凱基-北門,2023-03-31,9283
4911,德英,5,0,5,凱基-北門,2023-03-31,9283
5258,虹堡,8,3,5,凱基-北門,2023-03-31,9283
6274,台燿,5,0,5,凱基-北門,2023-03-31,9283
8222,寶一,5,0,5,凱基-北門,2023-03-31,9283
9941,裕融,6,1,5,凱基-北門,2023-03-31,9283
6414,樺漢,11,6,5,凱基-北門,2023-03-31,9283
1605,華新,39,34,5,凱基-北門,2023-03-31,9283
1513,中興電,5,1,4,凱基-北門,2023-03-31,9283
2419,仲琦,4,0,4,凱基-北門,2023-03-31,9283
4915,致伸,4,0,4,凱基-北門,2023-03-31,9283
6194,育富,8,4,4,凱基-北門,2023-03-31,9283
00679B,元大美債20年,3,0,3,凱基-北門,2023-03-31,9283
3081,聯亞,4,1,3,凱基-北門,2023-03-31,9283
8050,廣積,4,1,3,凱基-北門,2023-03-31,9283
00687B,國泰20年美債,3,0,3,凱基-北門,2023-03-31,9283
00857B,永豐20年美公債,3,0,3,凱基-北門,2023-03-31,9283
00772B,中信高評級公司債,3,0,3,凱基-北門,2023-03-31,9283
1762,中化生,3,0,3,凱基-北門,2023-03-31,9283
2402,毅嘉,4,1,3,凱基-北門,2023-03-31,9283
2606,裕民,12,9,3,凱基-北門,2023-03-31,9283
2891,中信金,3,0,3,凱基-北門,2023-03-31,9283
3390,旭軟,3,0,3,凱基-北門,2023-03-31,9283
4157,太景*-KY,3,0,3,凱基-北門,2023-03-31,9283
6548,長科*,26,23,3,凱基-北門,2023-03-31,9283
9904,寶成,3,0,3,凱基-北門,2023-03-31,9283
00680L,元大美債20正2,133,8,125,凱基-北門,2023-04-06,9283
00673R,期元大S＆P原油反1,118,0,118,凱基-北門,2023-04-06,9283
4906,正文,60,1,59,凱基-北門,2023-04-06,9283
00902,中信電池及儲能,40,0,40,凱基-北門,2023-04-06,9283
2009,第一銅,29,0,29,凱基-北門,2023-04-06,9283
2408,南亞科,27,1,26,凱基-北門,2023-04-06,9283
2312,金寶,19,0,19,凱基-北門,2023-04-06,9283
6472,保瑞,18,0,18,凱基-北門,2023-04-06,9283
3024,憶聲,12,0,12,凱基-北門,2023-04-06,9283
1460,宏遠,21,10,11,凱基-北門,2023-04-06,9283
1609,大亞,14,3,11,凱基-北門,2023-04-06,9283
6603,富強鑫,10,0,10,凱基-北門,2023-04-06,9283
3038,全台,10,0,10,凱基-北門,2023-04-06,9283
3479,安勤,13,3,10,凱基-北門,2023-04-06,9283
4207,環泰,10,0,10,凱基-北門,2023-04-06,9283
6125,廣運,10,0,10,凱基-北門,2023-04-06,9283
6248,沛波,10,0,10,凱基-北門,2023-04-06,9283
2201,裕隆,19,10,9,凱基-北門,2023-04-06,9283
2027,大成鋼,8,0,8,凱基-北門,2023-04-06,9283
2328,廣宇,10,2,8,凱基-北門,2023-04-06,9283
2606,裕民,9,1,8,凱基-北門,2023-04-06,9283
3058,立德,10,2,8,凱基-北門,2023-04-06,9283
2883,凱基金,6,0,6,凱基-北門,2023-04-06,9283
5871,中租-KY,6,0,6,凱基-北門,2023-04-06,9283
2495,普安,6,0,6,凱基-北門,2023-04-06,9283
3006,晶豪科,7,1,6,凱基-北門,2023-04-06,9283
5309,系統電,11,5,6,凱基-北門,2023-04-06,9283
6505,台塑化,6,0,6,凱基-北門,2023-04-06,9283
6541,泰福-KY,6,0,6,凱基-北門,2023-04-06,9283
4939,亞電,6,0,6,凱基-北門,2023-04-06,9283
2867,三商壽,6,0,6,凱基-北門,2023-04-06,9283
00882,中信中國高股息,5,0,5,凱基-北門,2023-04-06,9283
4432,銘旺實,5,0,5,凱基-北門,2023-04-06,9283
2208,台船,8,3,5,凱基-北門,2023-04-06,9283
2314,台揚,5,0,5,凱基-北門,2023-04-06,9283
1301,台塑,5,0,5,凱基-北門,2023-04-06,9283
00640L,富邦日本正2,5,0,5,凱基-北門,2023-04-06,9283
00772B,中信高評級公司債,5,0,5,凱基-北門,2023-04-06,9283
1514,亞力,5,0,5,凱基-北門,2023-04-06,9283
1785,光洋科,7,2,5,凱基-北門,2023-04-06,9283
2368,金像電,6,1,5,凱基-北門,2023-04-06,9283
3092,鴻碩,5,0,5,凱基-北門,2023-04-06,9283
6118,建達,5,0,5,凱基-北門,2023-04-06,9283
6245,立端,5,0,5,凱基-北門,2023-04-06,9283
00878,國泰永續高股息,8,3,5,凱基-北門,2023-04-06,9283
2337,旺宏,5,1,4,凱基-北門,2023-04-06,9283
2454,聯發科,6,2,4,凱基-北門,2023-04-06,9283
2603,長榮,4,0,4,凱基-北門,2023-04-06,9283
2002,中鋼,4,0,4,凱基-北門,2023-04-06,9283
00900,富邦特選高股息30,4,0,4,凱基-北門,2023-04-06,9283
1101,台泥,100,0,100,凱基-北門,2023-04-07,9283
5351,鈺創,80,5,75,凱基-北門,2023-04-07,9283
1312,國喬,60,0,60,凱基-北門,2023-04-07,9283
2317,鴻海,50,0,50,凱基-北門,2023-04-07,9283
2867,三商壽,36,0,36,凱基-北門,2023-04-07,9283
00673R,期元大S＆P原油反1,33,0,33,凱基-北門,2023-04-07,9283
00680L,元大美債20正2,33,0,33,凱基-北門,2023-04-07,9283
3035,智原,32,2,30,凱基-北門,2023-04-07,9283
2009,第一銅,21,1,20,凱基-北門,2023-04-07,9283
2328,廣宇,15,0,15,凱基-北門,2023-04-07,9283
00772B,中信高評級公司債,15,0,15,凱基-北門,2023-04-07,9283
8390,金益鼎,16,2,14,凱基-北門,2023-04-07,9283
8096,擎亞,14,0,14,凱基-北門,2023-04-07,9283
3022,威強電,20,7,13,凱基-北門,2023-04-07,9283
2027,大成鋼,12,0,12,凱基-北門,2023-04-07,9283
6472,保瑞,11,0,11,凱基-北門,2023-04-07,9283
2609,陽明,19,8,11,凱基-北門,2023-04-07,9283
4526,東台,10,0,10,凱基-北門,2023-04-07,9283
1524,耿鼎,11,1,10,凱基-北門,2023-04-07,9283
1611,中電,12,2,10,凱基-北門,2023-04-07,9283
2371,大同,10,0,10,凱基-北門,2023-04-07,9283
6148,驊宏資,16,6,10,凱基-北門,2023-04-07,9283
2201,裕隆,10,0,10,凱基-北門,2023-04-07,9283
2851,中再保,10,0,10,凱基-北門,2023-04-07,9283
3062,建漢,10,0,10,凱基-北門,2023-04-07,9283
4938,和碩,10,0,10,凱基-北門,2023-04-07,9283
4939,亞電,10,0,10,凱基-北門,2023-04-07,9283
5309,系統電,11,1,10,凱基-北門,2023-04-07,9283
6592,和潤企業,10,0,10,凱基-北門,2023-04-07,9283
1536,和大,10,1,9,凱基-北門,2023-04-07,9283
3209,全科,9,0,9,凱基-北門,2023-04-07,9283
2436,偉詮電,11,2,9,凱基-北門,2023-04-07,9283
3577,泓格,10,1,9,凱基-北門,2023-04-07,9283
4911,德英,9,0,9,凱基-北門,2023-04-07,9283
6589,台康生技,9,0,9,凱基-北門,2023-04-07,9283
2884,玉山金,11,3,8,凱基-北門,2023-04-07,9283
2314,台揚,8,0,8,凱基-北門,2023-04-07,9283
3708,上緯投控,6,0,6,凱基-北門,2023-04-07,9283
2030,彰源,5,0,5,凱基-北門,2023-04-07,9283
2065,世豐,5,0,5,凱基-北門,2023-04-07,9283
2460,建通,5,0,5,凱基-北門,2023-04-07,9283
3594,磐儀,5,0,5,凱基-北門,2023-04-07,9283
6770,力積電,5,0,5,凱基-北門,2023-04-07,9283
8182,加高,5,0,5,凱基-北門,2023-04-07,9283
9941,裕融,5,0,5,凱基-北門,2023-04-07,9283
2603,長榮,19,14,5,凱基-北門,2023-04-07,9283
4943,康控-KY,5,0,5,凱基-北門,2023-04-07,9283
1102,亞泥,5,0,5,凱基-北門,2023-04-07,9283
3231,緯創,5,0,5,凱基-北門,2023-04-07,9283
3289,宜特,4,0,4,凱基-北門,2023-04-07,9283
1316,上曜,323,4,319,凱基-北門,2023-04-10,9283
00706L,期元大S＆P日圓正2,200,0,200,凱基-北門,2023-04-10,9283
2408,南亞科,67,0,67,凱基-北門,2023-04-10,9283
1609,大亞,53,2,51,凱基-北門,2023-04-10,9283
8112,至上,50,0,50,凱基-北門,2023-04-10,9283
1312,國喬,35,0,35,凱基-北門,2023-04-10,9283
4526,東台,20,0,20,凱基-北門,2023-04-10,9283
00679B,元大美債20年,20,0,20,凱基-北門,2023-04-10,9283
8476,台境*,19,0,19,凱基-北門,2023-04-10,9283
6550,北極星藥業-KY,19,1,18,凱基-北門,2023-04-10,9283
00673R,期元大S＆P原油反1,17,0,17,凱基-北門,2023-04-10,9283
2230,泰茂,16,1,15,凱基-北門,2023-04-10,9283
6237,驊訊,13,0,13,凱基-北門,2023-04-10,9283
3363,上詮,12,0,12,凱基-北門,2023-04-10,9283
5483,中美晶,13,1,12,凱基-北門,2023-04-10,9283
8415,大國鋼,11,0,11,凱基-北門,2023-04-10,9283
6196,帆宣,10,0,10,凱基-北門,2023-04-10,9283
6284,佳邦,10,0,10,凱基-北門,2023-04-10,9283
00772B,中信高評級公司債,15,6,9,凱基-北門,2023-04-10,9283
2314,台揚,9,1,8,凱基-北門,2023-04-10,9283
00751B,元大AAA至A公司債,8,0,8,凱基-北門,2023-04-10,9283
2317,鴻海,10,2,8,凱基-北門,2023-04-10,9283
5011,久陽,9,1,8,凱基-北門,2023-04-10,9283
3022,威強電,10,3,7,凱基-北門,2023-04-10,9283
00687B,國泰20年美債,7,0,7,凱基-北門,2023-04-10,9283
0050,元大台灣50,6,0,6,凱基-北門,2023-04-10,9283
00712,復華富時不動產,6,0,6,凱基-北門,2023-04-10,9283
2356,英業達,7,1,6,凱基-北門,2023-04-10,9283
2402,毅嘉,18,12,6,凱基-北門,2023-04-10,9283
2539,櫻花建,6,0,6,凱基-北門,2023-04-10,9283
5258,虹堡,12,6,6,凱基-北門,2023-04-10,9283
2645,長榮航太,5,0,5,凱基-北門,2023-04-10,9283
00761B,國泰A級公司債,5,0,5,凱基-北門,2023-04-10,9283
2484,希華,5,0,5,凱基-北門,2023-04-10,9283
3163,波若威,5,0,5,凱基-北門,2023-04-10,9283
8091,翔名,5,0,5,凱基-北門,2023-04-10,9283
1101,台泥,5,1,4,凱基-北門,2023-04-10,9283
5608,四維航,11,7,4,凱基-北門,2023-04-10,9283
00857B,永豐20年美公債,4,0,4,凱基-北門,2023-04-10,9283
1524,耿鼎,4,0,4,凱基-北門,2023-04-10,9283
2344,華邦電,12,8,4,凱基-北門,2023-04-10,9283
2351,順德,5,1,4,凱基-北門,2023-04-10,9283
2362,藍天,4,0,4,凱基-北門,2023-04-10,9283
3025,星通,17,13,4,凱基-北門,2023-04-10,9283
3715,定穎投控,8,4,4,凱基-北門,2023-04-10,9283
6143,振曜,4,0,4,凱基-北門,2023-04-10,9283
9958,世紀鋼,6,2,4,凱基-北門,2023-04-10,9283
3035,智原,5,2,3,凱基-北門,2023-04-10,9283
3545,敦泰,3,0,3,凱基-北門,2023-04-10,9283
6220,岳豐,3,0,3,凱基-北門,2023-04-10,9283
00673R,期元大S＆P原油反1,73,0,73,凱基-北門,2023-04-11,9283
00706L,期元大S＆P日圓正2,50,0,50,凱基-北門,2023-04-11,9283
6245,立端,42,1,41,凱基-北門,2023-04-11,9283
1316,上曜,35,0,35,凱基-北門,2023-04-11,9283
00665L,富邦�琤肭磪囓�2,24,0,24,凱基-北門,2023-04-11,9283
5426,振發,20,0,20,凱基-北門,2023-04-11,9283
2492,華新科,17,0,17,凱基-北門,2023-04-11,9283
3088,艾訊,15,0,15,凱基-北門,2023-04-11,9283
2634,漢翔,25,11,14,凱基-北門,2023-04-11,9283
1612,宏泰,15,3,12,凱基-北門,2023-04-11,9283
00885,富邦越南,11,0,11,凱基-北門,2023-04-11,9283
3231,緯創,11,0,11,凱基-北門,2023-04-11,9283
2880,華南金,10,0,10,凱基-北門,2023-04-11,9283
3450,聯鈞,10,0,10,凱基-北門,2023-04-11,9283
4432,銘旺實,10,0,10,凱基-北門,2023-04-11,9283
5321,美而快,10,0,10,凱基-北門,2023-04-11,9283
5328,華容,12,2,10,凱基-北門,2023-04-11,9283
6133,金橋,10,0,10,凱基-北門,2023-04-11,9283
6191,精成科,10,1,9,凱基-北門,2023-04-11,9283
8261,富鼎,9,0,9,凱基-北門,2023-04-11,9283
6789,采鈺,9,1,8,凱基-北門,2023-04-11,9283
2457,飛宏,19,11,8,凱基-北門,2023-04-11,9283
3558,神準,8,0,8,凱基-北門,2023-04-11,9283
3577,泓格,8,1,7,凱基-北門,2023-04-11,9283
2303,聯電,7,0,7,凱基-北門,2023-04-11,9283
00632R,元大台灣50反1,6,0,6,凱基-北門,2023-04-11,9283
2027,大成鋼,6,0,6,凱基-北門,2023-04-11,9283
6244,茂迪,6,0,6,凱基-北門,2023-04-11,9283
8050,廣積,6,0,6,凱基-北門,2023-04-11,9283
00761B,國泰A級公司債,5,0,5,凱基-北門,2023-04-11,9283
00664R,國泰臺灣加權反1,5,0,5,凱基-北門,2023-04-11,9283
00655L,國泰中國A50正2,5,0,5,凱基-北門,2023-04-11,9283
1504,東元,21,16,5,凱基-北門,2023-04-11,9283
1611,中電,5,0,5,凱基-北門,2023-04-11,9283
2230,泰茂,5,0,5,凱基-北門,2023-04-11,9283
3027,盛達,5,0,5,凱基-北門,2023-04-11,9283
3236,千如,6,1,5,凱基-北門,2023-04-11,9283
6182,合晶,5,0,5,凱基-北門,2023-04-11,9283
6492,生華科,5,0,5,凱基-北門,2023-04-11,9283
3035,智原,6,1,5,凱基-北門,2023-04-11,9283
00671R,富邦NASDAQ反1,4,0,4,凱基-北門,2023-04-11,9283
3094,聯傑,4,0,4,凱基-北門,2023-04-11,9283
3682,亞太電,5,1,4,凱基-北門,2023-04-11,9283
9802,鈺齊-KY,4,0,4,凱基-北門,2023-04-11,9283
00641R,富邦日本反1,3,0,3,凱基-北門,2023-04-11,9283
00720B,元大投資級公司債,3,0,3,凱基-北門,2023-04-11,9283
2388,威盛,3,0,3,凱基-北門,2023-04-11,9283
2539,櫻花建,3,0,3,凱基-北門,2023-04-11,9283
2606,裕民,4,1,3,凱基-北門,2023-04-11,9283
2633,台灣高鐵,3,0,3,凱基-北門,2023-04-11,9283
1316,上曜,263,0,263,凱基-北門,2023-04-12,9283
00673R,期元大S＆P原油反1,82,0,82,凱基-北門,2023-04-12,9283
00706L,期元大S＆P日圓正2,50,0,50,凱基-北門,2023-04-12,9283
4433,興采,40,0,40,凱基-北門,2023-04-12,9283
9945,潤泰新,34,0,34,凱基-北門,2023-04-12,9283
00680L,元大美債20正2,36,4,32,凱基-北門,2023-04-12,9283
6182,合晶,24,1,23,凱基-北門,2023-04-12,9283
00761B,國泰A級公司債,20,0,20,凱基-北門,2023-04-12,9283
2489,瑞軒,20,0,20,凱基-北門,2023-04-12,9283
1101,台泥,24,5,19,凱基-北門,2023-04-12,9283
1584,精剛,27,8,19,凱基-北門,2023-04-12,9283
8390,金益鼎,20,4,16,凱基-北門,2023-04-12,9283
3312,弘憶股,15,0,15,凱基-北門,2023-04-12,9283
00679B,元大美債20年,13,0,13,凱基-北門,2023-04-12,9283
3037,欣興,11,0,11,凱基-北門,2023-04-12,9283
2885,元大金,11,0,11,凱基-北門,2023-04-12,9283
00751B,元大AAA至A公司債,10,0,10,凱基-北門,2023-04-12,9283
2030,彰源,10,0,10,凱基-北門,2023-04-12,9283
2436,偉詮電,11,1,10,凱基-北門,2023-04-12,9283
2605,新興,10,0,10,凱基-北門,2023-04-12,9283
6205,詮欣,10,0,10,凱基-北門,2023-04-12,9283
6233,旺玖,10,0,10,凱基-北門,2023-04-12,9283
6266,泰詠,17,7,10,凱基-北門,2023-04-12,9283
8222,寶一,18,8,10,凱基-北門,2023-04-12,9283
2014,中鴻,10,1,9,凱基-北門,2023-04-12,9283
8088,品安,21,12,9,凱基-北門,2023-04-12,9283
2492,華新科,11,3,8,凱基-北門,2023-04-12,9283
4536,拓凱,8,0,8,凱基-北門,2023-04-12,9283
8091,翔名,8,1,7,凱基-北門,2023-04-12,9283
2883,凱基金,8,1,7,凱基-北門,2023-04-12,9283
3056,富華新,7,1,6,凱基-北門,2023-04-12,9283
0050,元大台灣50,6,0,6,凱基-北門,2023-04-12,9283
2317,鴻海,6,0,6,凱基-北門,2023-04-12,9283
6472,保瑞,6,0,6,凱基-北門,2023-04-12,9283
00633L,富邦上証正2,6,0,6,凱基-北門,2023-04-12,9283
2495,普安,6,0,6,凱基-北門,2023-04-12,9283
3209,全科,6,0,6,凱基-北門,2023-04-12,9283
5425,台半,9,3,6,凱基-北門,2023-04-12,9283
2025,千興,5,0,5,凱基-北門,2023-04-12,9283
1314,中石化,5,0,5,凱基-北門,2023-04-12,9283
1326,台化,5,0,5,凱基-北門,2023-04-12,9283
1611,中電,10,5,5,凱基-北門,2023-04-12,9283
3673,TPK-KY,5,0,5,凱基-北門,2023-04-12,9283
6592,和潤企業,5,0,5,凱基-北門,2023-04-12,9283
3481,群創,20,15,5,凱基-北門,2023-04-12,9283
00878,國泰永續高股息,10,6,4,凱基-北門,2023-04-12,9283
4968,立積,6,2,4,凱基-北門,2023-04-12,9283
2402,毅嘉,5,1,4,凱基-北門,2023-04-12,9283
3081,聯亞,4,0,4,凱基-北門,2023-04-12,9283
4566,時碩工業,4,0,4,凱基-北門,2023-04-12,9283
1316,上曜,488,0,488,凱基-北門,2023-04-13,9283
00673R,期元大S＆P原油反1,81,25,56,凱基-北門,2023-04-13,9283
1609,大亞,52,10,42,凱基-北門,2023-04-13,9283
2417,圓剛,25,0,25,凱基-北門,2023-04-13,9283
5512,力麒,22,0,22,凱基-北門,2023-04-13,9283
6265,方土昶,20,0,20,凱基-北門,2023-04-13,9283
3231,緯創,20,2,18,凱基-北門,2023-04-13,9283
5222,全訊,43,27,16,凱基-北門,2023-04-13,9283
2457,飛宏,72,59,13,凱基-北門,2023-04-13,9283
6770,力積電,14,1,13,凱基-北門,2023-04-13,9283
6182,合晶,12,0,12,凱基-北門,2023-04-13,9283
8210,勤誠,12,0,12,凱基-北門,2023-04-13,9283
3171,炎洲流通,11,0,11,凱基-北門,2023-04-13,9283
00655L,國泰中國A50正2,15,5,10,凱基-北門,2023-04-13,9283
00637L,元大滬深300正2,10,0,10,凱基-北門,2023-04-13,9283
1319,東陽,10,0,10,凱基-北門,2023-04-13,9283
1611,中電,10,0,10,凱基-北門,2023-04-13,9283
1618,合機,10,0,10,凱基-北門,2023-04-13,9283
2329,華泰,10,0,10,凱基-北門,2023-04-13,9283
2368,金像電,11,1,10,凱基-北門,2023-04-13,9283
2486,一詮,10,0,10,凱基-北門,2023-04-13,9283
3441,聯一光,10,0,10,凱基-北門,2023-04-13,9283
1513,中興電,25,16,9,凱基-北門,2023-04-13,9283
3576,聯合再生,11,2,9,凱基-北門,2023-04-13,9283
00633L,富邦上証正2,10,1,9,凱基-北門,2023-04-13,9283
3312,弘憶股,12,3,9,凱基-北門,2023-04-13,9283
6163,華電網,14,5,9,凱基-北門,2023-04-13,9283
4541,晟田,12,3,9,凱基-北門,2023-04-13,9283
3711,日月光投控,8,0,8,凱基-北門,2023-04-13,9283
2330,台積電,9,1,8,凱基-北門,2023-04-13,9283
1504,東元,16,8,8,凱基-北門,2023-04-13,9283
6443,元晶,11,3,8,凱基-北門,2023-04-13,9283
6541,泰福-KY,8,0,8,凱基-北門,2023-04-13,9283
00923,群益台ESG低碳50,7,0,7,凱基-北門,2023-04-13,9283
2478,大毅,8,1,7,凱基-北門,2023-04-13,9283
3006,晶豪科,9,2,7,凱基-北門,2023-04-13,9283
5009,榮剛,23,16,7,凱基-北門,2023-04-13,9283
8110,華東,12,5,7,凱基-北門,2023-04-13,9283
2206,三陽工業,7,1,6,凱基-北門,2023-04-13,9283
0050,元大台灣50,6,1,5,凱基-北門,2023-04-13,9283
0056,元大高股息,6,0,6,凱基-北門,2023-04-13,9283
6104,創惟,6,1,5,凱基-北門,2023-04-13,9283
2313,華通,7,2,5,凱基-北門,2023-04-13,9283
00753L,中信中國50正2,87,82,5,凱基-北門,2023-04-13,9283
00712,復華富時不動產,5,0,5,凱基-北門,2023-04-13,9283
2009,第一銅,5,0,5,凱基-北門,2023-04-13,9283
2337,旺宏,5,0,5,凱基-北門,2023-04-13,9283
2338,光罩,7,2,5,凱基-北門,2023-04-13,9283
2344,華邦電,7,2,5,凱基-北門,2023-04-13,9283
3558,神準,5,0,5,凱基-北門,2023-04-13,9283
6142,友勁,100,1,99,凱基-北門,2023-04-14,9283
4510,高鋒,90,0,90,凱基-北門,2023-04-14,9283
00679B,元大美債20年,59,0,59,凱基-北門,2023-04-14,9283
00687B,國泰20年美債,57,0,57,凱基-北門,2023-04-14,9283
1319,東陽,52,1,51,凱基-北門,2023-04-14,9283
2431,聯昌,50,0,50,凱基-北門,2023-04-14,9283
2883B,凱基金乙特,50,0,50,凱基-北門,2023-04-14,9283
020034,元大IC設計N,40,0,40,凱基-北門,2023-04-14,9283
1806,冠軍,40,0,40,凱基-北門,2023-04-14,9283
2547,日勝生,30,0,30,凱基-北門,2023-04-14,9283
6770,力積電,30,2,28,凱基-北門,2023-04-14,9283
00772B,中信高評級公司債,27,0,27,凱基-北門,2023-04-14,9283
3419,譁裕,26,0,26,凱基-北門,2023-04-14,9283
00632R,元大台灣50反1,21,0,21,凱基-北門,2023-04-14,9283
1618,合機,21,0,21,凱基-北門,2023-04-14,9283
00715L,期街口布蘭特正2,20,0,20,凱基-北門,2023-04-14,9283
3443,創意,22,2,20,凱基-北門,2023-04-14,9283
1720,生達,19,0,19,凱基-北門,2023-04-14,9283
2883,凱基金,21,4,17,凱基-北門,2023-04-14,9283
00720B,元大投資級公司債,17,0,17,凱基-北門,2023-04-14,9283
1323,永裕,15,0,15,凱基-北門,2023-04-14,9283
2208,台船,26,12,14,凱基-北門,2023-04-14,9283
8383,千附,16,2,14,凱基-北門,2023-04-14,9283
1513,中興電,20,7,13,凱基-北門,2023-04-14,9283
3481,群創,13,0,13,凱基-北門,2023-04-14,9283
1514,亞力,12,0,12,凱基-北門,2023-04-14,9283
6461,益得,12,0,12,凱基-北門,2023-04-14,9283
2634,漢翔,87,75,12,凱基-北門,2023-04-14,9283
8936,國統,12,1,11,凱基-北門,2023-04-14,9283
2702,華園,10,0,10,凱基-北門,2023-04-14,9283
2820,華票,10,0,10,凱基-北門,2023-04-14,9283
4526,東台,10,0,10,凱基-北門,2023-04-14,9283
6116,彩晶,10,0,10,凱基-北門,2023-04-14,9283
6205,詮欣,10,0,10,凱基-北門,2023-04-14,9283
6277,宏正,10,0,10,凱基-北門,2023-04-14,9283
3041,揚智,9,0,9,凱基-北門,2023-04-14,9283
3545,敦泰,10,1,9,凱基-北門,2023-04-14,9283
6550,北極星藥業-KY,9,0,9,凱基-北門,2023-04-14,9283
6589,台康生技,9,1,8,凱基-北門,2023-04-14,9283
5534,長虹,14,7,7,凱基-北門,2023-04-14,9283
6160,欣技,11,4,7,凱基-北門,2023-04-14,9283
00878,國泰永續高股息,10,3,7,凱基-北門,2023-04-14,9283
2107,厚生,6,0,6,凱基-北門,2023-04-14,9283
2460,建通,6,0,6,凱基-北門,2023-04-14,9283
2478,大毅,12,6,6,凱基-北門,2023-04-14,9283
00706L,期元大S＆P日圓正2,5,0,5,凱基-北門,2023-04-14,9283
1519,華城,9,4,5,凱基-北門,2023-04-14,9283
1789,神隆,5,0,5,凱基-北門,2023-04-14,9283
2329,華泰,8,3,5,凱基-北門,2023-04-14,9283
2352,佳世達,5,0,5,凱基-北門,2023-04-14,9283
5014,建錩,110,0,110,凱基-北門,2023-04-17,9283
00706L,期元大S＆P日圓正2,100,5,95,凱基-北門,2023-04-17,9283
5353,台林,55,1,54,凱基-北門,2023-04-17,9283
1720,生達,50,0,50,凱基-北門,2023-04-17,9283
00772B,中信高評級公司債,32,1,31,凱基-北門,2023-04-17,9283
4908,前鼎,30,0,30,凱基-北門,2023-04-17,9283
1605,華新,34,5,29,凱基-北門,2023-04-17,9283
00679B,元大美債20年,26,0,26,凱基-北門,2023-04-17,9283
1701,中化,25,0,25,凱基-北門,2023-04-17,9283
00885,富邦越南,22,0,22,凱基-北門,2023-04-17,9283
2547,日勝生,20,0,20,凱基-北門,2023-04-17,9283
3049,精金,20,0,20,凱基-北門,2023-04-17,9283
3705,永信,20,0,20,凱基-北門,2023-04-17,9283
5512,力麒,20,0,20,凱基-北門,2023-04-17,9283
2402,毅嘉,17,0,17,凱基-北門,2023-04-17,9283
6180,橘子,15,0,15,凱基-北門,2023-04-17,9283
1777,生泰,15,0,15,凱基-北門,2023-04-17,9283
3266,昇陽,12,0,12,凱基-北門,2023-04-17,9283
1711,永光,11,0,11,凱基-北門,2023-04-17,9283
6446,藥華藥,11,0,11,凱基-北門,2023-04-17,9283
1519,華城,16,6,10,凱基-北門,2023-04-17,9283
1597,直得,10,0,10,凱基-北門,2023-04-17,9283
2034,允強,10,0,10,凱基-北門,2023-04-17,9283
2485,兆赫,10,0,10,凱基-北門,2023-04-17,9283
3029,零壹,17,7,10,凱基-北門,2023-04-17,9283
3443,創意,13,3,10,凱基-北門,2023-04-17,9283
4142,國光生,10,0,10,凱基-北門,2023-04-17,9283
5469,瀚宇博,10,0,10,凱基-北門,2023-04-17,9283
6472,保瑞,10,0,10,凱基-北門,2023-04-17,9283
2481,強茂,11,2,9,凱基-北門,2023-04-17,9283
3594,磐儀,9,0,9,凱基-北門,2023-04-17,9283
6509,聚和,7,0,7,凱基-北門,2023-04-17,9283
00687B,國泰20年美債,7,0,7,凱基-北門,2023-04-17,9283
2313,華通,10,3,7,凱基-北門,2023-04-17,9283
3708,上緯投控,7,0,7,凱基-北門,2023-04-17,9283
5355,佳總,7,0,7,凱基-北門,2023-04-17,9283
6130,上亞科技,7,0,7,凱基-北門,2023-04-17,9283
6284,佳邦,7,0,7,凱基-北門,2023-04-17,9283
6547,高端疫苗,9,2,7,凱基-北門,2023-04-17,9283
5371,中光電,8,1,7,凱基-北門,2023-04-17,9283
00634R,富邦上証反1,6,0,6,凱基-北門,2023-04-17,9283
2312,金寶,6,0,6,凱基-北門,2023-04-17,9283
2457,飛宏,69,63,6,凱基-北門,2023-04-17,9283
2634,漢翔,68,62,6,凱基-北門,2023-04-17,9283
5309,系統電,6,0,6,凱基-北門,2023-04-17,9283
6443,元晶,7,1,6,凱基-北門,2023-04-17,9283
2449,京元電子,5,0,5,凱基-北門,2023-04-17,9283
00902,中信電池及儲能,5,0,5,凱基-北門,2023-04-17,9283
00923,群益台ESG低碳50,5,0,5,凱基-北門,2023-04-17,9283
2236,百達-KY,5,0,5,凱基-北門,2023-04-17,9283
00679B,元大美債20年,90,1,89,凱基-北門,2023-04-18,9283
020034,元大IC設計N,50,0,50,凱基-北門,2023-04-18,9283
6108,競國,40,0,40,凱基-北門,2023-04-18,9283
00687B,國泰20年美債,39,0,39,凱基-北門,2023-04-18,9283
2012,春雨,36,0,36,凱基-北門,2023-04-18,9283
00772B,中信高評級公司債,33,0,33,凱基-北門,2023-04-18,9283
5014,建錩,30,0,30,凱基-北門,2023-04-18,9283
6182,合晶,27,0,27,凱基-北門,2023-04-18,9283
2332,友訊,22,0,22,凱基-北門,2023-04-18,9283
1785,光洋科,21,0,21,凱基-北門,2023-04-18,9283
2614,東森,20,0,20,凱基-北門,2023-04-18,9283
2605,新興,20,0,20,凱基-北門,2023-04-18,9283
3360,尚立,20,0,20,凱基-北門,2023-04-18,9283
5353,台林,24,4,20,凱基-北門,2023-04-18,9283
6142,友勁,20,0,20,凱基-北門,2023-04-18,9283
6129,普誠,26,8,18,凱基-北門,2023-04-18,9283
2634,漢翔,47,31,16,凱基-北門,2023-04-18,9283
2408,南亞科,16,1,15,凱基-北門,2023-04-18,9283
3441,聯一光,15,0,15,凱基-北門,2023-04-18,9283
3594,磐儀,15,1,14,凱基-北門,2023-04-18,9283
6130,上亞科技,12,0,12,凱基-北門,2023-04-18,9283
6533,晶心科,20,8,12,凱基-北門,2023-04-18,9283
00720B,元大投資級公司債,11,0,11,凱基-北門,2023-04-18,9283
2471,資通,14,3,11,凱基-北門,2023-04-18,9283
6104,創惟,12,1,11,凱基-北門,2023-04-18,9283
1597,直得,10,0,10,凱基-北門,2023-04-18,9283
2029,盛餘,10,0,10,凱基-北門,2023-04-18,9283
2374,佳能,10,0,10,凱基-北門,2023-04-18,9283
3046,建��,12,2,10,凱基-北門,2023-04-18,9283
3466,德晉,10,0,10,凱基-北門,2023-04-18,9283
3661,世芯-KY,10,0,10,凱基-北門,2023-04-18,9283
2453,凌群,12,3,9,凱基-北門,2023-04-18,9283
3577,泓格,9,0,9,凱基-北門,2023-04-18,9283
6266,泰詠,10,1,9,凱基-北門,2023-04-18,9283
6550,北極星藥業-KY,10,1,9,凱基-北門,2023-04-18,9283
6282,康舒,14,5,9,凱基-北門,2023-04-18,9283
00751B,元大AAA至A公司債,8,0,8,凱基-北門,2023-04-18,9283
1104,環泥,8,0,8,凱基-北門,2023-04-18,9283
1701,中化,8,0,8,凱基-北門,2023-04-18,9283
2338,光罩,8,0,8,凱基-北門,2023-04-18,9283
2413,環科,15,7,8,凱基-北門,2023-04-18,9283
1524,耿鼎,8,1,7,凱基-北門,2023-04-18,9283
3013,晟銘電,9,2,7,凱基-北門,2023-04-18,9283
00632R,元大台灣50反1,6,0,6,凱基-北門,2023-04-18,9283
00900,富邦特選高股息30,6,0,6,凱基-北門,2023-04-18,9283
00885,富邦越南,6,0,6,凱基-北門,2023-04-18,9283
2610,華航,8,2,6,凱基-北門,2023-04-18,9283
3025,星通,11,5,6,凱基-北門,2023-04-18,9283
3363,上詮,8,2,6,凱基-北門,2023-04-18,9283
4909,新復興,6,0,6,凱基-北門,2023-04-18,9283
1316,上曜,250,0,250,凱基-北門,2023-04-19,9283
00673R,期元大S＆P原油反1,151,0,151,凱基-北門,2023-04-19,9283
00679B,元大美債20年,99,0,99,凱基-北門,2023-04-19,9283
5014,建錩,80,0,80,凱基-北門,2023-04-19,9283
2408,南亞科,33,0,33,凱基-北門,2023-04-19,9283
3704,合勤控,48,16,32,凱基-北門,2023-04-19,9283
00751B,元大AAA至A公司債,30,0,30,凱基-北門,2023-04-19,9283
1701,中化,30,0,30,凱基-北門,2023-04-19,9283
2886,兆豐金,30,7,23,凱基-北門,2023-04-19,9283
00720B,元大投資級公司債,21,0,21,凱基-北門,2023-04-19,9283
8105,凌巨,20,0,20,凱基-北門,2023-04-19,9283
2402,毅嘉,23,4,19,凱基-北門,2023-04-19,9283
6239,力成,17,0,17,凱基-北門,2023-04-19,9283
3038,全台,16,0,16,凱基-北門,2023-04-19,9283
6130,上亞科技,16,0,16,凱基-北門,2023-04-19,9283
0056,元大高股息,12,0,12,凱基-北門,2023-04-19,9283
00715L,期街口布蘭特正2,11,0,11,凱基-北門,2023-04-19,9283
2330,台積電,10,0,10,凱基-北門,2023-04-19,9283
00885,富邦越南,12,2,10,凱基-北門,2023-04-19,9283
2460,建通,10,0,10,凱基-北門,2023-04-19,9283
2489,瑞軒,10,0,10,凱基-北門,2023-04-19,9283
2603,長榮,22,12,10,凱基-北門,2023-04-19,9283
2605,新興,10,0,10,凱基-北門,2023-04-19,9283
3356,奇偶,10,0,10,凱基-北門,2023-04-19,9283
5353,台林,10,0,10,凱基-北門,2023-04-19,9283
6142,友勁,10,0,10,凱基-北門,2023-04-19,9283
6185,幃翔,10,0,10,凱基-北門,2023-04-19,9283
6508,惠光,10,0,10,凱基-北門,2023-04-19,9283
3037,欣興,10,1,9,凱基-北門,2023-04-19,9283
3576,聯合再生,25,16,9,凱基-北門,2023-04-19,9283
00900,富邦特選高股息30,9,0,9,凱基-北門,2023-04-19,9283
1714,和桐,8,0,8,凱基-北門,2023-04-19,9283
1460,宏遠,8,0,8,凱基-北門,2023-04-19,9283
6242,立康,8,0,8,凱基-北門,2023-04-19,9283
6770,力積電,10,2,8,凱基-北門,2023-04-19,9283
00712,復華富時不動產,7,0,7,凱基-北門,2023-04-19,9283
1101,台泥,7,0,7,凱基-北門,2023-04-19,9283
00923,群益台ESG低碳50,7,0,7,凱基-北門,2023-04-19,9283
1513,中興電,11,4,7,凱基-北門,2023-04-19,9283
1720,生達,7,0,7,凱基-北門,2023-04-19,9283
2313,華通,9,2,7,凱基-北門,2023-04-19,9283
2444,兆勁,10,3,7,凱基-北門,2023-04-19,9283
2492,華新科,7,0,7,凱基-北門,2023-04-19,9283
5512,力麒,12,5,7,凱基-北門,2023-04-19,9283
6443,元晶,34,27,7,凱基-北門,2023-04-19,9283
3189,景碩,6,0,6,凱基-北門,2023-04-19,9283
6488,環球晶,6,0,6,凱基-北門,2023-04-19,9283
4743,合一,7,1,6,凱基-北門,2023-04-19,9283
5258,虹堡,11,6,5,凱基-北門,2023-04-19,9283
3305,昇貿,5,0,5,凱基-北門,2023-04-19,9283
1316,上曜,145,20,125,凱基-北門,2023-04-20,9283
00687B,國泰20年美債,79,0,79,凱基-北門,2023-04-20,9283
00715L,期街口布蘭特正2,72,0,72,凱基-北門,2023-04-20,9283
6148,驊宏資,65,14,51,凱基-北門,2023-04-20,9283
4979,華星光,52,1,51,凱基-北門,2023-04-20,9283
00885,富邦越南,33,0,33,凱基-北門,2023-04-20,9283
2408,南亞科,33,0,33,凱基-北門,2023-04-20,9283
2444,兆勁,30,0,30,凱基-北門,2023-04-20,9283
00632R,元大台灣50反1,30,4,26,凱基-北門,2023-04-20,9283
2409,友達,23,0,23,凱基-北門,2023-04-20,9283
0056,元大高股息,29,8,21,凱基-北門,2023-04-20,9283
1528,恩德,20,0,20,凱基-北門,2023-04-20,9283
6830,汎銓,20,0,20,凱基-北門,2023-04-20,9283
8121,越峰,20,0,20,凱基-北門,2023-04-20,9283
3481,群創,38,21,17,凱基-北門,2023-04-20,9283
2460,建通,15,0,15,凱基-北門,2023-04-20,9283
6235,華孚,20,6,14,凱基-北門,2023-04-20,9283
00720B,元大投資級公司債,13,0,13,凱基-北門,2023-04-20,9283
4114,健喬,15,2,13,凱基-北門,2023-04-20,9283
00642U,期元大S＆P石油,13,1,12,凱基-北門,2023-04-20,9283
1101,台泥,12,1,11,凱基-北門,2023-04-20,9283
2471,資通,18,7,11,凱基-北門,2023-04-20,9283
4167,松瑞藥,11,0,11,凱基-北門,2023-04-20,9283
00773B,中信優先金融債,10,0,10,凱基-北門,2023-04-20,9283
00693U,期街口S＆P黃豆,10,0,10,凱基-北門,2023-04-20,9283
1618,合機,10,0,10,凱基-北門,2023-04-20,9283
1906,寶隆,10,0,10,凱基-北門,2023-04-20,9283
2515,中工,10,0,10,凱基-北門,2023-04-20,9283
3686,達能,10,0,10,凱基-北門,2023-04-20,9283
4977,眾達-KY,10,0,10,凱基-北門,2023-04-20,9283
6026,福邦證,10,0,10,凱基-北門,2023-04-20,9283
6108,競國,10,0,10,凱基-北門,2023-04-20,9283
6142,友勁,10,0,10,凱基-北門,2023-04-20,9283
6288,聯嘉,12,2,10,凱基-北門,2023-04-20,9283
5289,宜鼎,9,0,9,凱基-北門,2023-04-20,9283
6182,合晶,10,1,9,凱基-北門,2023-04-20,9283
6508,惠光,10,1,9,凱基-北門,2023-04-20,9283
6712,長聖,11,2,9,凱基-北門,2023-04-20,9283
6691,洋基工程,9,0,9,凱基-北門,2023-04-20,9283
2457,飛宏,44,36,8,凱基-北門,2023-04-20,9283
2498,宏達電,8,0,8,凱基-北門,2023-04-20,9283
2634,漢翔,10,2,8,凱基-北門,2023-04-20,9283
5371,中光電,8,0,8,凱基-北門,2023-04-20,9283
3078,僑威,27,19,8,凱基-北門,2023-04-20,9283
3092,鴻碩,14,7,7,凱基-北門,2023-04-20,9283
1605,華新,7,0,7,凱基-北門,2023-04-20,9283
5258,虹堡,9,2,7,凱基-北門,2023-04-20,9283
8936,國統,17,10,7,凱基-北門,2023-04-20,9283
1608,華榮,7,1,6,凱基-北門,2023-04-20,9283
00671R,富邦NASDAQ反1,6,0,6,凱基-北門,2023-04-20,9283
3047,訊舟,151,0,151,凱基-北門,2023-04-21,9283
6182,合晶,83,3,80,凱基-北門,2023-04-21,9283
00715L,期街口布蘭特正2,56,0,56,凱基-北門,2023-04-21,9283
2012,春雨,34,0,34,凱基-北門,2023-04-21,9283
1907,永豐餘,47,15,32,凱基-北門,2023-04-21,9283
00713,元大台灣高息低波,31,0,31,凱基-北門,2023-04-21,9283
00680L,元大美債20正2,33,2,31,凱基-北門,2023-04-21,9283
2515,中工,22,0,22,凱基-北門,2023-04-21,9283
00885,富邦越南,20,0,20,凱基-北門,2023-04-21,9283
7402,邑錡,20,0,20,凱基-北門,2023-04-21,9283
00693U,期街口S＆P黃豆,15,0,15,凱基-北門,2023-04-21,9283
3231,緯創,30,15,15,凱基-北門,2023-04-21,9283
3707,漢磊,12,0,12,凱基-北門,2023-04-21,9283
2483,百容,13,1,12,凱基-北門,2023-04-21,9283
00720B,元大投資級公司債,11,0,11,凱基-北門,2023-04-21,9283
2201,裕隆,11,0,11,凱基-北門,2023-04-21,9283
4977,眾達-KY,11,0,11,凱基-北門,2023-04-21,9283
6733,博晟生醫,11,0,11,凱基-北門,2023-04-21,9283
3078,僑威,11,1,10,凱基-北門,2023-04-21,9283
00706L,期元大S＆P日圓正2,10,0,10,凱基-北門,2023-04-21,9283
00686R,群益臺灣加權反1,10,0,10,凱基-北門,2023-04-21,9283
4979,華星光,53,43,10,凱基-北門,2023-04-21,9283
6205,詮欣,10,0,10,凱基-北門,2023-04-21,9283
6485,點序,10,0,10,凱基-北門,2023-04-21,9283
00642U,期元大S＆P石油,10,1,9,凱基-北門,2023-04-21,9283
8210,勤誠,9,0,9,凱基-北門,2023-04-21,9283
00894,中信小資高價30,10,2,8,凱基-北門,2023-04-21,9283
6712,長聖,8,0,8,凱基-北門,2023-04-21,9283
2329,華泰,7,0,7,凱基-北門,2023-04-21,9283
2408,南亞科,7,0,7,凱基-北門,2023-04-21,9283
3006,晶豪科,9,2,7,凱基-北門,2023-04-21,9283
4576,大銀微系統,7,0,7,凱基-北門,2023-04-21,9283
5009,榮剛,17,10,7,凱基-北門,2023-04-21,9283
6770,力積電,12,6,6,凱基-北門,2023-04-21,9283
6592,和潤企業,6,0,6,凱基-北門,2023-04-21,9283
00632R,元大台灣50反1,10,4,6,凱基-北門,2023-04-21,9283
2342,茂矽,6,0,6,凱基-北門,2023-04-21,9283
1560,中砂,8,2,6,凱基-北門,2023-04-21,9283
6691,洋基工程,6,0,6,凱基-北門,2023-04-21,9283
6719,力智,5,0,5,凱基-北門,2023-04-21,9283
1611,中電,45,40,5,凱基-北門,2023-04-21,9283
2014,中鴻,5,0,5,凱基-北門,2023-04-21,9283
2415,錩新,5,0,5,凱基-北門,2023-04-21,9283
2484,希華,5,0,5,凱基-北門,2023-04-21,9283
3317,尼克森,5,0,5,凱基-北門,2023-04-21,9283
3356,奇偶,5,0,5,凱基-北門,2023-04-21,9283
3380,明泰,6,1,5,凱基-北門,2023-04-21,9283
4114,健喬,5,0,5,凱基-北門,2023-04-21,9283
4167,松瑞藥,5,0,5,凱基-北門,2023-04-21,9283
4726,永昕,5,0,5,凱基-北門,2023-04-21,9283
5460,同協,86,0,86,凱基-北門,2023-04-24,9283
1316,上曜,54,0,54,凱基-北門,2023-04-24,9283
3047,訊舟,30,0,30,凱基-北門,2023-04-24,9283
2344,華邦電,29,1,28,凱基-北門,2023-04-24,9283
6182,合晶,40,12,28,凱基-北門,2023-04-24,9283
00664R,國泰臺灣加權反1,20,0,20,凱基-北門,2023-04-24,9283
1312,國喬,16,0,16,凱基-北門,2023-04-24,9283
2634,漢翔,33,18,15,凱基-北門,2023-04-24,9283
2012,春雨,13,0,13,凱基-北門,2023-04-24,9283
8222,寶一,14,4,10,凱基-北門,2023-04-24,9283
00632R,元大台灣50反1,10,0,10,凱基-北門,2023-04-24,9283
00693U,期街口S＆P黃豆,10,0,10,凱基-北門,2023-04-24,9283
00686R,群益臺灣加權反1,10,0,10,凱基-北門,2023-04-24,9283
2332,友訊,10,0,10,凱基-北門,2023-04-24,9283
6142,友勁,10,0,10,凱基-北門,2023-04-24,9283
5608,四維航,9,0,9,凱基-北門,2023-04-24,9283
6167,久正,10,1,9,凱基-北門,2023-04-24,9283
2618,長榮航,8,1,7,凱基-北門,2023-04-24,9283
3704,合勤控,9,2,7,凱基-北門,2023-04-24,9283
6446,藥華藥,9,2,7,凱基-北門,2023-04-24,9283
00878,國泰永續高股息,9,2,7,凱基-北門,2023-04-24,9283
00712,復華富時不動產,7,1,6,凱基-北門,2023-04-24,9283
2495,普安,6,0,6,凱基-北門,2023-04-24,9283
6282,康舒,12,6,6,凱基-北門,2023-04-24,9283
1108,幸福,5,0,5,凱基-北門,2023-04-24,9283
1301,台塑,5,0,5,凱基-北門,2023-04-24,9283
00679B,元大美債20年,5,0,5,凱基-北門,2023-04-24,9283
1533,車王電,5,0,5,凱基-北門,2023-04-24,9283
2027,大成鋼,5,0,5,凱基-北門,2023-04-24,9283
2313,華通,5,0,5,凱基-北門,2023-04-24,9283
2417,圓剛,5,0,5,凱基-北門,2023-04-24,9283
3058,立德,5,0,5,凱基-北門,2023-04-24,9283
3479,安勤,5,0,5,凱基-北門,2023-04-24,9283
3682,亞太電,5,0,5,凱基-北門,2023-04-24,9283
6134,萬旭,5,0,5,凱基-北門,2023-04-24,9283
6168,宏齊,5,0,5,凱基-北門,2023-04-24,9283
6205,詮欣,5,0,5,凱基-北門,2023-04-24,9283
6443,元晶,8,3,5,凱基-北門,2023-04-24,9283
6547,高端疫苗,6,1,5,凱基-北門,2023-04-24,9283
6591,動力-KY,5,0,5,凱基-北門,2023-04-24,9283
6712,長聖,6,1,5,凱基-北門,2023-04-24,9283
0050,元大台灣50,4,0,4,凱基-北門,2023-04-24,9283
00687B,國泰20年美債,4,0,4,凱基-北門,2023-04-24,9283
1504,東元,4,0,4,凱基-北門,2023-04-24,9283
2228,劍麟,4,0,4,凱基-北門,2023-04-24,9283
3013,晟銘電,5,1,4,凱基-北門,2023-04-24,9283
3362,先進光,4,0,4,凱基-北門,2023-04-24,9283
5009,榮剛,4,0,4,凱基-北門,2023-04-24,9283
6141,柏承,4,0,4,凱基-北門,2023-04-24,9283
6194,育富,4,0,4,凱基-北門,2023-04-24,9283
2344,華邦電,232,1,231,凱基-北門,2023-04-25,9283
3047,訊舟,146,0,146,凱基-北門,2023-04-25,9283
00878,國泰永續高股息,72,0,72,凱基-北門,2023-04-25,9283
1605,華新,55,1,54,凱基-北門,2023-04-25,9283
2618,長榮航,54,5,49,凱基-北門,2023-04-25,9283
1316,上曜,51,10,41,凱基-北門,2023-04-25,9283
2610,華航,39,0,39,凱基-北門,2023-04-25,9283
00680L,元大美債20正2,35,0,35,凱基-北門,2023-04-25,9283
3022,威強電,35,0,35,凱基-北門,2023-04-25,9283
00902,中信電池及儲能,30,0,30,凱基-北門,2023-04-25,9283
7402,邑錡,30,0,30,凱基-北門,2023-04-25,9283
00632R,元大台灣50反1,50,22,28,凱基-北門,2023-04-25,9283
6116,彩晶,30,2,28,凱基-北門,2023-04-25,9283
1709,和益,24,0,24,凱基-北門,2023-04-25,9283
0050,元大台灣50,21,0,21,凱基-北門,2023-04-25,9283
2882,國泰金,20,0,20,凱基-北門,2023-04-25,9283
5426,振發,20,0,20,凱基-北門,2023-04-25,9283
6141,柏承,20,0,20,凱基-北門,2023-04-25,9283
1460,宏遠,19,0,19,凱基-北門,2023-04-25,9283
2641,正德,19,0,19,凱基-北門,2023-04-25,9283
2330,台積電,21,2,19,凱基-北門,2023-04-25,9283
3481,群創,15,0,15,凱基-北門,2023-04-25,9283
6532,瑞耘,15,0,15,凱基-北門,2023-04-25,9283
2408,南亞科,14,0,14,凱基-北門,2023-04-25,9283
5460,同協,14,0,14,凱基-北門,2023-04-25,9283
00637L,元大滬深300正2,12,0,12,凱基-北門,2023-04-25,9283
6456,GIS-KY,12,0,12,凱基-北門,2023-04-25,9283
8046,南電,12,0,12,凱基-北門,2023-04-25,9283
8050,廣積,15,3,12,凱基-北門,2023-04-25,9283
2303,聯電,13,2,11,凱基-北門,2023-04-25,9283
1785,光洋科,11,0,11,凱基-北門,2023-04-25,9283
1904,正隆,14,3,11,凱基-北門,2023-04-25,9283
3715,定穎投控,11,0,11,凱基-北門,2023-04-25,9283
4979,華星光,11,0,11,凱基-北門,2023-04-25,9283
2002,中鋼,10,0,10,凱基-北門,2023-04-25,9283
1712,興農,10,0,10,凱基-北門,2023-04-25,9283
4915,致伸,10,0,10,凱基-北門,2023-04-25,9283
2611,志信,10,0,10,凱基-北門,2023-04-25,9283
00655L,國泰中國A50正2,10,0,10,凱基-北門,2023-04-25,9283
00919,群益台灣精選高息,10,0,10,凱基-北門,2023-04-25,9283
1533,車王電,10,0,10,凱基-北門,2023-04-25,9283
1710,東聯,11,1,10,凱基-北門,2023-04-25,9283
2102,泰豐,10,0,10,凱基-北門,2023-04-25,9283
2515,中工,10,0,10,凱基-北門,2023-04-25,9283
4977,眾達-KY,10,0,10,凱基-北門,2023-04-25,9283
6026,福邦證,10,0,10,凱基-北門,2023-04-25,9283
6125,廣運,10,0,10,凱基-北門,2023-04-25,9283
6194,育富,10,0,10,凱基-北門,2023-04-25,9283
00923,群益台ESG低碳50,9,0,9,凱基-北門,2023-04-25,9283
2368,金像電,9,0,9,凱基-北門,2023-04-25,9283
00715L,期街口布蘭特正2,62,0,62,凱基-北門,2023-04-26,9283
00885,富邦越南,60,5,55,凱基-北門,2023-04-26,9283
3047,訊舟,30,0,30,凱基-北門,2023-04-26,9283
00680L,元大美債20正2,58,30,28,凱基-北門,2023-04-26,9283
4915,致伸,25,0,25,凱基-北門,2023-04-26,9283
5531,鄉林,25,0,25,凱基-北門,2023-04-26,9283
1108,幸福,21,1,20,凱基-北門,2023-04-26,9283
5353,台林,21,1,20,凱基-北門,2023-04-26,9283
3022,威強電,15,0,15,凱基-北門,2023-04-26,9283
2408,南亞科,14,0,14,凱基-北門,2023-04-26,9283
2495,普安,18,5,13,凱基-北門,2023-04-26,9283
4908,前鼎,13,0,13,凱基-北門,2023-04-26,9283
0056,元大高股息,11,0,11,凱基-北門,2023-04-26,9283
00878,國泰永續高股息,11,0,11,凱基-北門,2023-04-26,9283
00633L,富邦上証正2,14,3,11,凱基-北門,2023-04-26,9283
00902,中信電池及儲能,10,0,10,凱基-北門,2023-04-26,9283
1460,宏遠,10,0,10,凱基-北門,2023-04-26,9283
2027,大成鋼,10,0,10,凱基-北門,2023-04-26,9283
3360,尚立,10,0,10,凱基-北門,2023-04-26,9283
6229,研通,40,30,10,凱基-北門,2023-04-26,9283
6548,長科*,10,0,10,凱基-北門,2023-04-26,9283
2330,台積電,10,0,10,凱基-北門,2023-04-26,9283
2303,聯電,15,7,8,凱基-北門,2023-04-26,9283
2002,中鋼,6,0,6,凱基-北門,2023-04-26,9283
006208,富邦台50,6,0,6,凱基-北門,2023-04-26,9283
2444,兆勁,6,0,6,凱基-北門,2023-04-26,9283
2515,中工,6,0,6,凱基-北門,2023-04-26,9283
6194,育富,6,0,6,凱基-北門,2023-04-26,9283
8222,寶一,9,3,6,凱基-北門,2023-04-26,9283
6282,康舒,12,7,5,凱基-北門,2023-04-26,9283
2609,陽明,5,0,5,凱基-北門,2023-04-26,9283
00919,群益台灣精選高息,5,0,5,凱基-北門,2023-04-26,9283
020034,元大IC設計N,5,0,5,凱基-北門,2023-04-26,9283
020023,元大櫃買半導體N,5,0,5,凱基-北門,2023-04-26,9283
00773B,中信優先金融債,5,0,5,凱基-北門,2023-04-26,9283
2201,裕隆,7,2,5,凱基-北門,2023-04-26,9283
2417,圓剛,5,0,5,凱基-北門,2023-04-26,9283
2486,一詮,5,0,5,凱基-北門,2023-04-26,9283
2489,瑞軒,10,5,5,凱基-北門,2023-04-26,9283
3419,譁裕,7,2,5,凱基-北門,2023-04-26,9283
3432,台端,5,0,5,凱基-北門,2023-04-26,9283
3583,辛耘,5,0,5,凱基-北門,2023-04-26,9283
4977,眾達-KY,5,0,5,凱基-北門,2023-04-26,9283
6541,泰福-KY,7,2,5,凱基-北門,2023-04-26,9283
8415,大國鋼,5,0,5,凱基-北門,2023-04-26,9283
5203,訊連,5,0,5,凱基-北門,2023-04-26,9283
00712,復華富時不動產,4,0,4,凱基-北門,2023-04-26,9283
1312,國喬,4,0,4,凱基-北門,2023-04-26,9283
1777,生泰,4,0,4,凱基-北門,2023-04-26,9283
2337,旺宏,4,0,4,凱基-北門,2023-04-26,9283
00715L,期街口布蘭特正2,144,0,144,凱基-北門,2023-04-27,9283
3047,訊舟,70,0,70,凱基-北門,2023-04-27,9283
00680L,元大美債20正2,40,0,40,凱基-北門,2023-04-27,9283
00642U,期元大S＆P石油,32,0,32,凱基-北門,2023-04-27,9283
9904,寶成,32,0,32,凱基-北門,2023-04-27,9283
3022,威強電,30,0,30,凱基-北門,2023-04-27,9283
1709,和益,30,4,26,凱基-北門,2023-04-27,9283
00720B,元大投資級公司債,23,0,23,凱基-北門,2023-04-27,9283
4743,合一,21,1,20,凱基-北門,2023-04-27,9283
1301,台塑,22,2,20,凱基-北門,2023-04-27,9283
2605,新興,15,0,15,凱基-北門,2023-04-27,9283
00924,復華S＆P500成長,20,6,14,凱基-北門,2023-04-27,9283
4121,優盛,15,1,14,凱基-北門,2023-04-27,9283
5009,榮剛,27,14,13,凱基-北門,2023-04-27,9283
5876,上海商銀,12,0,12,凱基-北門,2023-04-27,9283
1504,東元,16,5,11,凱基-北門,2023-04-27,9283
1444,力麗,10,0,10,凱基-北門,2023-04-27,9283
6142,友勁,10,0,10,凱基-北門,2023-04-27,9283
2317,鴻海,9,0,9,凱基-北門,2023-04-27,9283
3071,協禧,9,0,9,凱基-北門,2023-04-27,9283
4167,松瑞藥,10,1,9,凱基-北門,2023-04-27,9283
1104,環泥,8,0,8,凱基-北門,2023-04-27,9283
2409,友達,7,0,7,凱基-北門,2023-04-27,9283
1308,亞聚,6,0,6,凱基-北門,2023-04-27,9283
2630,亞航,6,0,6,凱基-北門,2023-04-27,9283
4432,銘旺實,6,0,6,凱基-北門,2023-04-27,9283
6194,育富,6,0,6,凱基-北門,2023-04-27,9283
8150,南茂,6,0,6,凱基-北門,2023-04-27,9283
2890,永豐金,5,0,5,凱基-北門,2023-04-27,9283
1533,車王電,5,0,5,凱基-北門,2023-04-27,9283
1806,冠軍,5,0,5,凱基-北門,2023-04-27,9283
2303,聯電,11,6,5,凱基-北門,2023-04-27,9283
2495,普安,5,0,5,凱基-北門,2023-04-27,9283
6122,擎邦,6,1,5,凱基-北門,2023-04-27,9283
6173,信昌電,5,0,5,凱基-北門,2023-04-27,9283
6244,茂迪,9,5,4,凱基-北門,2023-04-27,9283
2603,長榮,5,1,4,凱基-北門,2023-04-27,9283
00675L,富邦臺灣加權正2,4,0,4,凱基-北門,2023-04-27,9283
2337,旺宏,4,0,4,凱基-北門,2023-04-27,9283
2610,華航,4,0,4,凱基-北門,2023-04-27,9283
2884,玉山金,4,0,4,凱基-北門,2023-04-27,9283
3545,敦泰,5,1,4,凱基-北門,2023-04-27,9283
8110,華東,4,0,4,凱基-北門,2023-04-27,9283
3037,欣興,4,1,3,凱基-北門,2023-04-27,9283
00881,國泰台灣5G+,5,2,3,凱基-北門,2023-04-27,9283
1460,宏遠,5,2,3,凱基-北門,2023-04-27,9283
2027,大成鋼,3,0,3,凱基-北門,2023-04-27,9283
2342,茂矽,3,0,3,凱基-北門,2023-04-27,9283
2484,希華,4,1,3,凱基-北門,2023-04-27,9283
3038,全台,3,0,3,凱基-北門,2023-04-27,9283
00632R,元大台灣50反1,81,4,77,凱基-北門,2023-04-28,9283
00679B,元大美債20年,66,0,66,凱基-北門,2023-04-28,9283
3029,零壹,55,5,50,凱基-北門,2023-04-28,9283
00633L,富邦上証正2,58,11,47,凱基-北門,2023-04-28,9283
2867,三商壽,50,10,40,凱基-北門,2023-04-28,9283
1777,生泰,30,0,30,凱基-北門,2023-04-28,9283
00877,復華中國5G,25,1,24,凱基-北門,2023-04-28,9283
00720B,元大投資級公司債,21,0,21,凱基-北門,2023-04-28,9283
6830,汎銓,20,0,20,凱基-北門,2023-04-28,9283
2103,台橡,15,0,15,凱基-北門,2023-04-28,9283
3032,偉訓,15,0,15,凱基-北門,2023-04-28,9283
2880,華南金,15,0,15,凱基-北門,2023-04-28,9283
6266,泰詠,14,1,13,凱基-北門,2023-04-28,9283
3661,世芯-KY,13,0,13,凱基-北門,2023-04-28,9283
2609,陽明,15,3,12,凱基-北門,2023-04-28,9283
2498,宏達電,17,5,12,凱基-北門,2023-04-28,9283
6104,創惟,26,14,12,凱基-北門,2023-04-28,9283
8383,千附,12,0,12,凱基-北門,2023-04-28,9283
2515,中工,11,0,11,凱基-北門,2023-04-28,9283
1460,宏遠,10,0,10,凱基-北門,2023-04-28,9283
00853B,統一美債10年Aa-,10,0,10,凱基-北門,2023-04-28,9283
2034,允強,10,0,10,凱基-北門,2023-04-28,9283
2913,農林,11,1,10,凱基-北門,2023-04-28,9283
3583,辛耘,10,0,10,凱基-北門,2023-04-28,9283
6288,聯嘉,15,5,10,凱基-北門,2023-04-28,9283
00902,中信電池及儲能,10,1,9,凱基-北門,2023-04-28,9283
2423,固緯,7,0,7,凱基-北門,2023-04-28,9283
00903,富邦元宇宙,6,0,6,凱基-北門,2023-04-28,9283
1752,南光,16,10,6,凱基-北門,2023-04-28,9283
00893,國泰智能電動車,5,0,5,凱基-北門,2023-04-28,9283
4128,中天,5,0,5,凱基-北門,2023-04-28,9283
4432,銘旺實,5,0,5,凱基-北門,2023-04-28,9283
5452,佶優,5,0,5,凱基-北門,2023-04-28,9283
1519,華城,9,5,4,凱基-北門,2023-04-28,9283
2637,慧洋-KY,5,1,4,凱基-北門,2023-04-28,9283
2890,永豐金,4,0,4,凱基-北門,2023-04-28,9283
3558,神準,4,0,4,凱基-北門,2023-04-28,9283
4716,大立,4,0,4,凱基-北門,2023-04-28,9283
1101,台泥,4,0,4,凱基-北門,2023-04-28,9283
006208,富邦台50,3,0,3,凱基-北門,2023-04-28,9283
00882,中信中國高股息,4,1,3,凱基-北門,2023-04-28,9283
00923,群益台ESG低碳50,3,0,3,凱基-北門,2023-04-28,9283
1701,中化,5,2,3,凱基-北門,2023-04-28,9283
3078,僑威,3,0,3,凱基-北門,2023-04-28,9283
3081,聯亞,3,0,3,凱基-北門,2023-04-28,9283
3711,日月光投控,3,0,3,凱基-北門,2023-04-28,9283
4743,合一,3,0,3,凱基-北門,2023-04-28,9283
6108,競國,3,0,3,凱基-北門,2023-04-28,9283
8358,金居,4,1,3,凱基-北門,2023-04-28,9283
6541,泰福-KY,3,0,3,凱基-北門,2023-04-28,9283
3501,維熹,51,0,51,凱基-北門,2023-05-02,9283
3047,訊舟,50,0,50,凱基-北門,2023-05-02,9283
4121,優盛,46,4,42,凱基-北門,2023-05-02,9283
2344,華邦電,38,2,36,凱基-北門,2023-05-02,9283
2605,新興,25,0,25,凱基-北門,2023-05-02,9283
3022,威強電,25,0,25,凱基-北門,2023-05-02,9283
00878,國泰永續高股息,24,1,23,凱基-北門,2023-05-02,9283
0056,元大高股息,21,0,21,凱基-北門,2023-05-02,9283
4127,天良,20,0,20,凱基-北門,2023-05-02,9283
3481,群創,20,2,18,凱基-北門,2023-05-02,9283
2634,漢翔,30,13,17,凱基-北門,2023-05-02,9283
00720B,元大投資級公司債,14,0,14,凱基-北門,2023-05-02,9283
2913,農林,21,7,14,凱基-北門,2023-05-02,9283
2603,長榮,17,4,13,凱基-北門,2023-05-02,9283
2206,三陽工業,30,18,12,凱基-北門,2023-05-02,9283
2890,永豐金,12,0,12,凱基-北門,2023-05-02,9283
1701,中化,11,0,11,凱基-北門,2023-05-02,9283
2489,瑞軒,11,0,11,凱基-北門,2023-05-02,9283
3587,閎康,10,0,10,凱基-北門,2023-05-02,9283
2880,華南金,10,0,10,凱基-北門,2023-05-02,9283
00799B,國泰A級醫療債,10,0,10,凱基-北門,2023-05-02,9283
2375,凱美,10,0,10,凱基-北門,2023-05-02,9283
2609,陽明,10,0,10,凱基-北門,2023-05-02,9283
2801,彰銀,10,0,10,凱基-北門,2023-05-02,9283
3032,偉訓,10,0,10,凱基-北門,2023-05-02,9283
3360,尚立,10,0,10,凱基-北門,2023-05-02,9283
4102,永日,10,0,10,凱基-北門,2023-05-02,9283
6142,友勁,10,0,10,凱基-北門,2023-05-02,9283
911868,同方友友-DR,10,0,10,凱基-北門,2023-05-02,9283
4541,晟田,17,7,10,凱基-北門,2023-05-02,9283
2884,玉山金,8,0,8,凱基-北門,2023-05-02,9283
00753L,中信中國50正2,8,0,8,凱基-北門,2023-05-02,9283
4526,東台,8,0,8,凱基-北門,2023-05-02,9283
2881,富邦金,7,0,7,凱基-北門,2023-05-02,9283
2601,益航,7,0,7,凱基-北門,2023-05-02,9283
2882,國泰金,7,0,7,凱基-北門,2023-05-02,9283
1326,台化,6,0,6,凱基-北門,2023-05-02,9283
2022,聚亨,8,2,6,凱基-北門,2023-05-02,9283
8121,越峰,6,0,6,凱基-北門,2023-05-02,9283
020023,元大櫃買半導體N,5,0,5,凱基-北門,2023-05-02,9283
00788B,元大10年IG電能債,5,0,5,凱基-北門,2023-05-02,9283
00655L,國泰中國A50正2,5,0,5,凱基-北門,2023-05-02,9283
1907,永豐餘,5,0,5,凱基-北門,2023-05-02,9283
3011,今皓,5,0,5,凱基-北門,2023-05-02,9283
4104,佳醫,5,0,5,凱基-北門,2023-05-02,9283
5009,榮剛,9,4,5,凱基-北門,2023-05-02,9283
6163,華電網,5,0,5,凱基-北門,2023-05-02,9283
1720,生達,7,3,4,凱基-北門,2023-05-02,9283
1734,杏輝,4,0,4,凱基-北門,2023-05-02,9283
2457,飛宏,44,40,4,凱基-北門,2023-05-02,9283
00715L,期街口布蘭特正2,74,6,68,凱基-北門,2023-05-03,9283
5381,合正,50,0,50,凱基-北門,2023-05-03,9283
3047,訊舟,43,0,43,凱基-北門,2023-05-03,9283
1316,上曜,37,0,37,凱基-北門,2023-05-03,9283
00642U,期元大S＆P石油,33,0,33,凱基-北門,2023-05-03,9283
2603,長榮,34,3,31,凱基-北門,2023-05-03,9283
2489,瑞軒,30,0,30,凱基-北門,2023-05-03,9283
1104,環泥,26,1,25,凱基-北門,2023-05-03,9283
3481,群創,27,4,23,凱基-北門,2023-05-03,9283
2605,新興,21,0,21,凱基-北門,2023-05-03,9283
2890,永豐金,20,0,20,凱基-北門,2023-05-03,9283
5864,致和證,20,0,20,凱基-北門,2023-05-03,9283
00712,復華富時不動產,17,0,17,凱基-北門,2023-05-03,9283
6163,華電網,17,1,16,凱基-北門,2023-05-03,9283
2504,國產,14,0,14,凱基-北門,2023-05-03,9283
2308,台達電,11,0,11,凱基-北門,2023-05-03,9283
2745,五福,11,0,11,凱基-北門,2023-05-03,9283
00713,元大台灣高息低波,11,1,10,凱基-北門,2023-05-03,9283
2444,兆勁,10,0,10,凱基-北門,2023-05-03,9283
3049,精金,10,0,10,凱基-北門,2023-05-03,9283
4916,事欣科,16,6,10,凱基-北門,2023-05-03,9283
6142,友勁,10,0,10,凱基-北門,2023-05-03,9283
2498,宏達電,7,0,7,凱基-北門,2023-05-03,9283
2867,三商壽,7,0,7,凱基-北門,2023-05-03,9283
5388,中磊,6,0,6,凱基-北門,2023-05-03,9283
00633L,富邦上証正2,6,0,6,凱基-北門,2023-05-03,9283
00665L,富邦�琤肭磪囓�2,6,0,6,凱基-北門,2023-05-03,9283
2103,台橡,6,0,6,凱基-北門,2023-05-03,9283
3032,偉訓,6,0,6,凱基-北門,2023-05-03,9283
3035,智原,17,11,6,凱基-北門,2023-05-03,9283
8222,寶一,23,17,6,凱基-北門,2023-05-03,9283
00655L,國泰中國A50正2,5,0,5,凱基-北門,2023-05-03,9283
1504,東元,5,0,5,凱基-北門,2023-05-03,9283
1533,車王電,5,0,5,凱基-北門,2023-05-03,9283
2360,致茂,5,0,5,凱基-北門,2023-05-03,9283
2368,金像電,5,0,5,凱基-北門,2023-05-03,9283
2485,兆赫,5,0,5,凱基-北門,2023-05-03,9283
2637,慧洋-KY,5,0,5,凱基-北門,2023-05-03,9283
5469,瀚宇博,5,0,5,凱基-北門,2023-05-03,9283
2208,台船,6,2,4,凱基-北門,2023-05-03,9283
2486,一詮,5,1,4,凱基-北門,2023-05-03,9283
3025,星通,4,0,4,凱基-北門,2023-05-03,9283
3078,僑威,7,3,4,凱基-北門,2023-05-03,9283
3558,神準,4,0,4,凱基-北門,2023-05-03,9283
4541,晟田,8,4,4,凱基-北門,2023-05-03,9283
1513,中興電,4,0,4,凱基-北門,2023-05-03,9283
6806,森崴能源,7,3,4,凱基-北門,2023-05-03,9283
1101,台泥,11,8,3,凱基-北門,2023-05-03,9283
5871,中租-KY,3,0,3,凱基-北門,2023-05-03,9283
00637L,元大滬深300正2,3,0,3,凱基-北門,2023-05-03,9283
00715L,期街口布蘭特正2,192,25,167,凱基-北門,2023-05-04,9283
1701,中化,125,1,124,凱基-北門,2023-05-04,9283
912000,晨訊科-DR,99,0,99,凱基-北門,2023-05-04,9283
3029,零壹,55,0,55,凱基-北門,2023-05-04,9283
3047,訊舟,50,0,50,凱基-北門,2023-05-04,9283
00878,國泰永續高股息,30,1,29,凱基-北門,2023-05-04,9283
00642U,期元大S＆P石油,26,0,26,凱基-北門,2023-05-04,9283
6282,康舒,25,0,25,凱基-北門,2023-05-04,9283
4121,優盛,19,2,17,凱基-北門,2023-05-04,9283
3673,TPK-KY,18,2,16,凱基-北門,2023-05-04,9283
2489,瑞軒,20,4,16,凱基-北門,2023-05-04,9283
2103,台橡,12,0,12,凱基-北門,2023-05-04,9283
4977,眾達-KY,13,1,12,凱基-北門,2023-05-04,9283
2605,新興,11,0,11,凱基-北門,2023-05-04,9283
2610,華航,16,5,11,凱基-北門,2023-05-04,9283
2890,永豐金,11,0,11,凱基-北門,2023-05-04,9283
4906,正文,11,0,11,凱基-北門,2023-05-04,9283
1104,環泥,10,0,10,凱基-北門,2023-05-04,9283
6142,友勁,10,0,10,凱基-北門,2023-05-04,9283
6606,建德工業,10,0,10,凱基-北門,2023-05-04,9283
2344,華邦電,10,1,9,凱基-北門,2023-05-04,9283
2401,凌陽,10,2,8,凱基-北門,2023-05-04,9283
2615,萬海,9,1,8,凱基-北門,2023-05-04,9283
2645,長榮航太,8,0,8,凱基-北門,2023-05-04,9283
3078,僑威,8,0,8,凱基-北門,2023-05-04,9283
3594,磐儀,8,0,8,凱基-北門,2023-05-04,9283
2883,凱基金,11,4,7,凱基-北門,2023-05-04,9283
2897,王道銀行,7,0,7,凱基-北門,2023-05-04,9283
3006,晶豪科,7,0,7,凱基-北門,2023-05-04,9283
3356,奇偶,9,2,7,凱基-北門,2023-05-04,9283
2603,長榮,38,32,6,凱基-北門,2023-05-04,9283
4167,松瑞藥,6,0,6,凱基-北門,2023-05-04,9283
6541,泰福-KY,6,0,6,凱基-北門,2023-05-04,9283
1608,華榮,7,1,6,凱基-北門,2023-05-04,9283
2002,中鋼,5,0,5,凱基-北門,2023-05-04,9283
1210,大成,5,0,5,凱基-北門,2023-05-04,9283
00888,永豐台灣ESG,5,0,5,凱基-北門,2023-05-04,9283
00633L,富邦上証正2,6,1,5,凱基-北門,2023-05-04,9283
2406,國碩,5,0,5,凱基-北門,2023-05-04,9283
2417,圓剛,6,1,5,凱基-北門,2023-05-04,9283
2486,一詮,5,0,5,凱基-北門,2023-05-04,9283
2617,台航,5,0,5,凱基-北門,2023-05-04,9283
3062,建漢,5,0,5,凱基-北門,2023-05-04,9283
3272,東碩,5,0,5,凱基-北門,2023-05-04,9283
3583,辛耘,5,0,5,凱基-北門,2023-05-04,9283
3661,世芯-KY,5,0,5,凱基-北門,2023-05-04,9283
3682,亞太電,5,0,5,凱基-北門,2023-05-04,9283
4755,三福化,5,0,5,凱基-北門,2023-05-04,9283
6279,胡連,5,0,5,凱基-北門,2023-05-04,9283
8390,金益鼎,10,5,5,凱基-北門,2023-05-04,9283
00715L,期街口布蘭特正2,133,46,87,凱基-北門,2023-05-05,9283
6477,安集,41,1,40,凱基-北門,2023-05-05,9283
00633L,富邦上証正2,31,1,30,凱基-北門,2023-05-05,9283
2867,三商壽,30,0,30,凱基-北門,2023-05-05,9283
6167,久正,30,0,30,凱基-北門,2023-05-05,9283
020034,元大IC設計N,20,0,20,凱基-北門,2023-05-05,9283
00878,國泰永續高股息,18,0,18,凱基-北門,2023-05-05,9283
2897,王道銀行,16,0,16,凱基-北門,2023-05-05,9283
4167,松瑞藥,15,0,15,凱基-北門,2023-05-05,9283
2201,裕隆,16,1,15,凱基-北門,2023-05-05,9283
2408,南亞科,14,0,14,凱基-北門,2023-05-05,9283
00642U,期元大S＆P石油,13,0,13,凱基-北門,2023-05-05,9283
1504,東元,19,6,13,凱基-北門,2023-05-05,9283
00753L,中信中國50正2,12,0,12,凱基-北門,2023-05-05,9283
2103,台橡,12,0,12,凱基-北門,2023-05-05,9283
6129,普誠,12,0,12,凱基-北門,2023-05-05,9283
6269,台郡,12,0,12,凱基-北門,2023-05-05,9283
2457,飛宏,43,32,11,凱基-北門,2023-05-05,9283
6209,今國光,12,1,11,凱基-北門,2023-05-05,9283
00772B,中信高評級公司債,10,0,10,凱基-北門,2023-05-05,9283
00720B,元大投資級公司債,10,0,10,凱基-北門,2023-05-05,9283
00664R,國泰臺灣加權反1,10,0,10,凱基-北門,2023-05-05,9283
00681R,元大美債20反1,10,0,10,凱基-北門,2023-05-05,9283
1526,日馳,10,0,10,凱基-北門,2023-05-05,9283
3583,辛耘,10,0,10,凱基-北門,2023-05-05,9283
4417,金洲,10,0,10,凱基-北門,2023-05-05,9283
5465,富驊,10,0,10,凱基-北門,2023-05-05,9283
6142,友勁,10,0,10,凱基-北門,2023-05-05,9283
1734,杏輝,9,0,9,凱基-北門,2023-05-05,9283
6592,和潤企業,7,0,7,凱基-北門,2023-05-05,9283
00712,復華富時不動產,7,0,7,凱基-北門,2023-05-05,9283
1905,華紙,13,7,6,凱基-北門,2023-05-05,9283
2637,慧洋-KY,6,0,6,凱基-北門,2023-05-05,9283
1314,中石化,6,0,6,凱基-北門,2023-05-05,9283
3078,僑威,6,0,6,凱基-北門,2023-05-05,9283
3372,典範,6,0,6,凱基-北門,2023-05-05,9283
6244,茂迪,9,3,6,凱基-北門,2023-05-05,9283
1609,大亞,51,45,6,凱基-北門,2023-05-05,9283
00751B,元大AAA至A公司債,5,0,5,凱基-北門,2023-05-05,9283
2204,中華,6,1,5,凱基-北門,2023-05-05,9283
2417,圓剛,6,1,5,凱基-北門,2023-05-05,9283
3006,晶豪科,5,0,5,凱基-北門,2023-05-05,9283
9955,佳龍,8,3,5,凱基-北門,2023-05-05,9283
2353,宏��,6,2,4,凱基-北門,2023-05-05,9283
2634,漢翔,8,4,4,凱基-北門,2023-05-05,9283
3033,威健,4,0,4,凱基-北門,2023-05-05,9283
3338,泰碩,12,8,4,凱基-北門,2023-05-05,9283
3576,聯合再生,4,0,4,凱基-北門,2023-05-05,9283
5009,榮剛,8,4,4,凱基-北門,2023-05-05,9283
5222,全訊,4,0,4,凱基-北門,2023-05-05,9283
2408,南亞科,49,0,49,凱基-北門,2023-05-08,9283
2812,台中銀,40,0,40,凱基-北門,2023-05-08,9283
6152,百一,40,0,40,凱基-北門,2023-05-08,9283
1101,台泥,32,2,30,凱基-北門,2023-05-08,9283
2609,陽明,31,2,29,凱基-北門,2023-05-08,9283
00715L,期街口布蘭特正2,55,28,27,凱基-北門,2023-05-08,9283
1605,華新,31,5,26,凱基-北門,2023-05-08,9283
5465,富驊,25,0,25,凱基-北門,2023-05-08,9283
5353,台林,43,21,22,凱基-北門,2023-05-08,9283
00772B,中信高評級公司債,20,0,20,凱基-北門,2023-05-08,9283
2614,東森,20,0,20,凱基-北門,2023-05-08,9283
2867,三商壽,20,0,20,凱基-北門,2023-05-08,9283
6830,汎銓,20,0,20,凱基-北門,2023-05-08,9283
1307,三芳,19,0,19,凱基-北門,2023-05-08,9283
2883,凱基金,26,7,19,凱基-北門,2023-05-08,9283
2206,三陽工業,16,0,16,凱基-北門,2023-05-08,9283
2492,華新科,19,3,16,凱基-北門,2023-05-08,9283
00632R,元大台灣50反1,14,0,14,凱基-北門,2023-05-08,9283
00680L,元大美債20正2,15,1,14,凱基-北門,2023-05-08,9283
00878,國泰永續高股息,13,1,12,凱基-北門,2023-05-08,9283
00720B,元大投資級公司債,12,0,12,凱基-北門,2023-05-08,9283
2359,所羅門,12,0,12,凱基-北門,2023-05-08,9283
8415,大國鋼,12,0,12,凱基-北門,2023-05-08,9283
00882,中信中國高股息,15,5,10,凱基-北門,2023-05-08,9283
2103,台橡,10,0,10,凱基-北門,2023-05-08,9283
6205,詮欣,10,0,10,凱基-北門,2023-05-08,9283
6214,精誠,10,0,10,凱基-北門,2023-05-08,9283
6606,建德工業,10,0,10,凱基-北門,2023-05-08,9283
3231,緯創,16,6,10,凱基-北門,2023-05-08,9283
3661,世芯-KY,20,10,10,凱基-北門,2023-05-08,9283
2605,新興,8,0,8,凱基-北門,2023-05-08,9283
2915,潤泰全,10,2,8,凱基-北門,2023-05-08,9283
3071,協禧,10,2,8,凱基-北門,2023-05-08,9283
3078,僑威,11,4,7,凱基-北門,2023-05-08,9283
3290,東浦,7,0,7,凱基-北門,2023-05-08,9283
3430,奇鈦科,7,0,7,凱基-北門,2023-05-08,9283
6180,橘子,10,3,7,凱基-北門,2023-05-08,9283
6443,元晶,10,3,7,凱基-北門,2023-05-08,9283
9955,佳龍,6,0,6,凱基-北門,2023-05-08,9283
2331,精英,5,0,5,凱基-北門,2023-05-08,9283
2897,王道銀行,5,0,5,凱基-北門,2023-05-08,9283
3481,群創,6,1,5,凱基-北門,2023-05-08,9283
3703,欣陸,5,0,5,凱基-北門,2023-05-08,9283
4121,優盛,5,0,5,凱基-北門,2023-05-08,9283
6101,寬魚國際,5,0,5,凱基-北門,2023-05-08,9283
6532,瑞耘,5,0,5,凱基-北門,2023-05-08,9283
6790,永豐實,5,0,5,凱基-北門,2023-05-08,9283
6806,森崴能源,5,0,5,凱基-北門,2023-05-08,9283
2890,永豐金,10,6,4,凱基-北門,2023-05-08,9283
2460,建通,4,0,4,凱基-北門,2023-05-08,9283
3715,定穎投控,200,4,196,凱基-北門,2023-05-09,9283
912000,晨訊科-DR,101,0,101,凱基-北門,2023-05-09,9283
00751B,元大AAA至A公司債,64,0,64,凱基-北門,2023-05-09,9283
00679B,元大美債20年,61,0,61,凱基-北門,2023-05-09,9283
1101,台泥,43,0,43,凱基-北門,2023-05-09,9283
00720B,元大投資級公司債,38,0,38,凱基-北門,2023-05-09,9283
00680L,元大美債20正2,34,0,34,凱基-北門,2023-05-09,9283
1701,中化,51,20,31,凱基-北門,2023-05-09,9283
3047,訊舟,31,0,31,凱基-北門,2023-05-09,9283
00712,復華富時不動產,25,0,25,凱基-北門,2023-05-09,9283
2371,大同,20,0,20,凱基-北門,2023-05-09,9283
2915,潤泰全,20,0,20,凱基-北門,2023-05-09,9283
6830,汎銓,20,0,20,凱基-北門,2023-05-09,9283
00902,中信電池及儲能,15,0,15,凱基-北門,2023-05-09,9283
6477,安集,15,0,15,凱基-北門,2023-05-09,9283
1609,大亞,17,3,14,凱基-北門,2023-05-09,9283
2406,國碩,13,0,13,凱基-北門,2023-05-09,9283
3545,敦泰,14,1,13,凱基-北門,2023-05-09,9283
1786,科妍,12,0,12,凱基-北門,2023-05-09,9283
4167,松瑞藥,12,0,12,凱基-北門,2023-05-09,9283
1219,福壽,11,1,10,凱基-北門,2023-05-09,9283
2027,大成鋼,11,1,10,凱基-北門,2023-05-09,9283
2547,日勝生,10,0,10,凱基-北門,2023-05-09,9283
2897,王道銀行,10,0,10,凱基-北門,2023-05-09,9283
4564,元翎,10,0,10,凱基-北門,2023-05-09,9283
6026,福邦證,10,0,10,凱基-北門,2023-05-09,9283
6242,立康,10,0,10,凱基-北門,2023-05-09,9283
9105,泰金寶-DR,10,0,10,凱基-北門,2023-05-09,9283
2103,台橡,9,0,9,凱基-北門,2023-05-09,9283
2913,農林,21,12,9,凱基-北門,2023-05-09,9283
3576,聯合再生,8,0,8,凱基-北門,2023-05-09,9283
3558,神準,10,2,8,凱基-北門,2023-05-09,9283
2413,環科,7,0,7,凱基-北門,2023-05-09,9283
3682,亞太電,7,0,7,凱基-北門,2023-05-09,9283
2417,圓剛,6,0,6,凱基-北門,2023-05-09,9283
00674R,期元大S＆P黃金反1,6,0,6,凱基-北門,2023-05-09,9283
2436,偉詮電,6,0,6,凱基-北門,2023-05-09,9283
2484,希華,6,0,6,凱基-北門,2023-05-09,9283
2605,新興,6,0,6,凱基-北門,2023-05-09,9283
6179,亞通,6,0,6,凱基-北門,2023-05-09,9283
9933,中鼎,6,0,6,凱基-北門,2023-05-09,9283
00885,富邦越南,5,0,5,凱基-北門,2023-05-09,9283
8104,錸寶,5,0,5,凱基-北門,2023-05-09,9283
8436,大江,5,0,5,凱基-北門,2023-05-09,9283
2634,漢翔,19,15,4,凱基-北門,2023-05-09,9283
00650L,復華香港正2,4,0,4,凱基-北門,2023-05-09,9283
1584,精剛,6,2,4,凱基-北門,2023-05-09,9283
2206,三陽工業,5,1,4,凱基-北門,2023-05-09,9283
4566,時碩工業,4,0,4,凱基-北門,2023-05-09,9283
4541,晟田,4,1,3,凱基-北門,2023-05-09,9283
00679B,元大美債20年,32,0,32,凱基-北門,2023-05-10,9283
2303,聯電,31,0,31,凱基-北門,2023-05-10,9283
00894,中信小資高價30,30,0,30,凱基-北門,2023-05-10,9283
2882,國泰金,30,1,29,凱基-北門,2023-05-10,9283
00633L,富邦上証正2,28,0,28,凱基-北門,2023-05-10,9283
00680L,元大美債20正2,22,0,22,凱基-北門,2023-05-10,9283
00878,國泰永續高股息,21,0,21,凱基-北門,2023-05-10,9283
00687B,國泰20年美債,21,0,21,凱基-北門,2023-05-10,9283
00751B,元大AAA至A公司債,15,0,15,凱基-北門,2023-05-10,9283
00720B,元大投資級公司債,12,0,12,凱基-北門,2023-05-10,9283
2489,瑞軒,12,0,12,凱基-北門,2023-05-10,9283
1101,台泥,13,2,11,凱基-北門,2023-05-10,9283
3231,緯創,22,11,11,凱基-北門,2023-05-10,9283
2890,永豐金,10,0,10,凱基-北門,2023-05-10,9283
5511,德昌,10,0,10,凱基-北門,2023-05-10,9283
2897,王道銀行,10,2,8,凱基-北門,2023-05-10,9283
0050,元大台灣50,7,0,7,凱基-北門,2023-05-10,9283
00674R,期元大S＆P黃金反1,7,0,7,凱基-北門,2023-05-10,9283
1720,生達,12,5,7,凱基-北門,2023-05-10,9283
8091,翔名,7,0,7,凱基-北門,2023-05-10,9283
2330,台積電,6,0,6,凱基-北門,2023-05-10,9283
1340,勝悅-KY,6,0,6,凱基-北門,2023-05-10,9283
00905,FT臺灣Smart,5,0,5,凱基-北門,2023-05-10,9283
1440,南紡,6,1,5,凱基-北門,2023-05-10,9283
2313,華通,5,0,5,凱基-北門,2023-05-10,9283
2542,興富發,5,0,5,凱基-北門,2023-05-10,9283
3583,辛耘,5,0,5,凱基-北門,2023-05-10,9283
6589,台康生技,5,0,5,凱基-北門,2023-05-10,9283
6806,森崴能源,7,2,5,凱基-北門,2023-05-10,9283
00673R,期元大S＆P原油反1,5,1,4,凱基-北門,2023-05-10,9283
1460,宏遠,4,0,4,凱基-北門,2023-05-10,9283
2103,台橡,4,0,4,凱基-北門,2023-05-10,9283
3071,協禧,6,2,4,凱基-北門,2023-05-10,9283
4979,華星光,4,0,4,凱基-北門,2023-05-10,9283
6523,達爾膚,4,0,4,凱基-北門,2023-05-10,9283
6532,瑞耘,4,0,4,凱基-北門,2023-05-10,9283
6770,力積電,4,0,4,凱基-北門,2023-05-10,9283
8121,越峰,4,0,4,凱基-北門,2023-05-10,9283
8938,明安,4,0,4,凱基-北門,2023-05-10,9283
3037,欣興,3,0,3,凱基-北門,2023-05-10,9283
2881,富邦金,3,0,3,凱基-北門,2023-05-10,9283
2387,精元,3,0,3,凱基-北門,2023-05-10,9283
2609,陽明,7,4,3,凱基-北門,2023-05-10,9283
00891,中信關鍵半導體,3,0,3,凱基-北門,2023-05-10,9283
00715L,期街口布蘭特正2,11,8,3,凱基-北門,2023-05-10,9283
00650L,復華香港正2,3,0,3,凱基-北門,2023-05-10,9283
1597,直得,3,0,3,凱基-北門,2023-05-10,9283
1905,華紙,7,4,3,凱基-北門,2023-05-10,9283
2352,佳世達,3,0,3,凱基-北門,2023-05-10,9283
2365,昆盈,3,0,3,凱基-北門,2023-05-10,9283
3047,訊舟,90,0,90,凱基-北門,2023-05-11,9283
00712,復華富時不動產,83,0,83,凱基-北門,2023-05-11,9283
1701,中化,33,0,33,凱基-北門,2023-05-11,9283
1609,大亞,35,2,33,凱基-北門,2023-05-11,9283
2897,王道銀行,30,0,30,凱基-北門,2023-05-11,9283
3189,景碩,25,0,25,凱基-北門,2023-05-11,9283
00878,國泰永續高股息,32,9,23,凱基-北門,2023-05-11,9283
1522,堤維西,22,0,22,凱基-北門,2023-05-11,9283
2408,南亞科,21,0,21,凱基-北門,2023-05-11,9283
2883,凱基金,21,0,21,凱基-北門,2023-05-11,9283
6142,友勁,20,0,20,凱基-北門,2023-05-11,9283
1720,生達,17,0,17,凱基-北門,2023-05-11,9283
00715L,期街口布蘭特正2,28,13,15,凱基-北門,2023-05-11,9283
2504,國產,15,0,15,凱基-北門,2023-05-11,9283
4908,前鼎,15,0,15,凱基-北門,2023-05-11,9283
6285,啟��,15,0,15,凱基-北門,2023-05-11,9283
0056,元大高股息,14,0,14,凱基-北門,2023-05-11,9283
2457,飛宏,68,55,13,凱基-北門,2023-05-11,9283
4550,長佳,13,0,13,凱基-北門,2023-05-11,9283
1460,宏遠,12,0,12,凱基-北門,2023-05-11,9283
3032,偉訓,12,0,12,凱基-北門,2023-05-11,9283
2743,山富,11,0,11,凱基-北門,2023-05-11,9283
2890,永豐金,10,0,10,凱基-北門,2023-05-11,9283
00751B,元大AAA至A公司債,10,0,10,凱基-北門,2023-05-11,9283
1519,華城,10,0,10,凱基-北門,2023-05-11,9283
2332,友訊,10,0,10,凱基-北門,2023-05-11,9283
4906,正文,10,0,10,凱基-北門,2023-05-11,9283
5706,鳳凰,10,0,10,凱基-北門,2023-05-11,9283
6288,聯嘉,10,0,10,凱基-北門,2023-05-11,9283
6469,大樹,10,0,10,凱基-北門,2023-05-11,9283
2359,所羅門,14,5,9,凱基-北門,2023-05-11,9283
5009,榮剛,16,7,9,凱基-北門,2023-05-11,9283
5258,虹堡,16,8,8,凱基-北門,2023-05-11,9283
6218,豪勉,10,2,8,凱基-北門,2023-05-11,9283
6541,泰福-KY,8,0,8,凱基-北門,2023-05-11,9283
9933,中鼎,8,0,8,凱基-北門,2023-05-11,9283
2609,陽明,9,1,8,凱基-北門,2023-05-11,9283
00923,群益台ESG低碳50,7,0,7,凱基-北門,2023-05-11,9283
1734,杏輝,7,0,7,凱基-北門,2023-05-11,9283
3296,勝德,7,0,7,凱基-北門,2023-05-11,9283
3622,洋華,7,0,7,凱基-北門,2023-05-11,9283
8091,翔名,8,1,7,凱基-北門,2023-05-11,9283
1597,直得,6,0,6,凱基-北門,2023-05-11,9283
3011,今皓,8,2,6,凱基-北門,2023-05-11,9283
4503,金雨,6,0,6,凱基-北門,2023-05-11,9283
6443,元晶,11,5,6,凱基-北門,2023-05-11,9283
9907,統一實,6,0,6,凱基-北門,2023-05-11,9283
1217,愛之味,5,0,5,凱基-北門,2023-05-11,9283
1440,南紡,5,0,5,凱基-北門,2023-05-11,9283
00830,國泰費城半導體,5,0,5,凱基-北門,2023-05-11,9283
00712,復華富時不動產,237,0,237,凱基-北門,2023-05-12,9283
00715L,期街口布蘭特正2,53,1,52,凱基-北門,2023-05-12,9283
020034,元大IC設計N,45,0,45,凱基-北門,2023-05-12,9283
1101,台泥,33,0,33,凱基-北門,2023-05-12,9283
00674R,期元大S＆P黃金反1,31,0,31,凱基-北門,2023-05-12,9283
00900,富邦特選高股息30,20,0,20,凱基-北門,2023-05-12,9283
1701,中化,20,0,20,凱基-北門,2023-05-12,9283
4432,銘旺實,20,0,20,凱基-北門,2023-05-12,9283
2890,永豐金,16,0,16,凱基-北門,2023-05-12,9283
5706,鳳凰,15,0,15,凱基-北門,2023-05-12,9283
2897,王道銀行,14,0,14,凱基-北門,2023-05-12,9283
2886,兆豐金,43,30,13,凱基-北門,2023-05-12,9283
2409,友達,14,2,12,凱基-北門,2023-05-12,9283
2743,山富,17,5,12,凱基-北門,2023-05-12,9283
3576,聯合再生,12,1,11,凱基-北門,2023-05-12,9283
00633L,富邦上証正2,11,0,11,凱基-北門,2023-05-12,9283
00923,群益台ESG低碳50,10,0,10,凱基-北門,2023-05-12,9283
2601,益航,10,0,10,凱基-北門,2023-05-12,9283
3209,全科,10,0,10,凱基-北門,2023-05-12,9283
4167,松瑞藥,10,0,10,凱基-北門,2023-05-12,9283
0056,元大高股息,9,0,9,凱基-北門,2023-05-12,9283
1609,大亞,16,7,9,凱基-北門,2023-05-12,9283
3615,安可,10,1,9,凱基-北門,2023-05-12,9283
8349,�矬�,8,0,8,凱基-北門,2023-05-12,9283
2408,南亞科,7,0,7,凱基-北門,2023-05-12,9283
4550,長佳,7,0,7,凱基-北門,2023-05-12,9283
2317,鴻海,13,6,7,凱基-北門,2023-05-12,9283
00637L,元大滬深300正2,6,0,6,凱基-北門,2023-05-12,9283
1720,生達,6,0,6,凱基-北門,2023-05-12,9283
00882,中信中國高股息,5,0,5,凱基-北門,2023-05-12,9283
00673R,期元大S＆P原油反1,10,5,5,凱基-北門,2023-05-12,9283
00655L,國泰中國A50正2,5,0,5,凱基-北門,2023-05-12,9283
00632R,元大台灣50反1,5,0,5,凱基-北門,2023-05-12,9283
2402,毅嘉,5,0,5,凱基-北門,2023-05-12,9283
2610,華航,5,0,5,凱基-北門,2023-05-12,9283
2916,滿心,5,0,5,凱基-北門,2023-05-12,9283
3622,洋華,5,0,5,凱基-北門,2023-05-12,9283
5531,鄉林,25,20,5,凱基-北門,2023-05-12,9283
8938,明安,8,3,5,凱基-北門,2023-05-12,9283
00878,國泰永續高股息,5,0,5,凱基-北門,2023-05-12,9283
3058,立德,6,1,5,凱基-北門,2023-05-12,9283
006208,富邦台50,4,0,4,凱基-北門,2023-05-12,9283
1742,台蠟,4,0,4,凱基-北門,2023-05-12,9283
1760,寶齡富錦,4,0,4,凱基-北門,2023-05-12,9283
2495,普安,4,0,4,凱基-北門,2023-05-12,9283
3017,奇鋐,5,1,4,凱基-北門,2023-05-12,9283
4916,事欣科,4,0,4,凱基-北門,2023-05-12,9283
6194,育富,4,0,4,凱基-北門,2023-05-12,9283
8011,台通,5,1,4,凱基-北門,2023-05-12,9283
6469,大樹,3,0,3,凱基-北門,2023-05-12,9283
00715L,期街口布蘭特正2,38,8,30,凱基-北門,2023-05-15,9283
00680L,元大美債20正2,23,0,23,凱基-北門,2023-05-15,9283
1316,上曜,20,0,20,凱基-北門,2023-05-15,9283
8046,南電,19,0,19,凱基-北門,2023-05-15,9283
00679B,元大美債20年,15,0,15,凱基-北門,2023-05-15,9283
2317,鴻海,15,1,14,凱基-北門,2023-05-15,9283
00720B,元大投資級公司債,13,0,13,凱基-北門,2023-05-15,9283
1101,台泥,23,10,13,凱基-北門,2023-05-15,9283
00642U,期元大S＆P石油,11,0,11,凱基-北門,2023-05-15,9283
1905,華紙,15,4,11,凱基-北門,2023-05-15,9283
6191,精成科,11,0,11,凱基-北門,2023-05-15,9283
2303,聯電,11,0,11,凱基-北門,2023-05-15,9283
00923,群益台ESG低碳50,10,0,10,凱基-北門,2023-05-15,9283
00761B,國泰A級公司債,10,0,10,凱基-北門,2023-05-15,9283
00725B,國泰投資級公司債,10,0,10,凱基-北門,2023-05-15,9283
6122,擎邦,14,4,10,凱基-北門,2023-05-15,9283
2457,飛宏,83,74,9,凱基-北門,2023-05-15,9283
2605,新興,10,1,9,凱基-北門,2023-05-15,9283
5498,凱崴,9,0,9,凱基-北門,2023-05-15,9283
6541,泰福-KY,8,0,8,凱基-北門,2023-05-15,9283
00712,復華富時不動產,6,0,6,凱基-北門,2023-05-15,9283
3622,洋華,6,0,6,凱基-北門,2023-05-15,9283
5258,虹堡,14,8,6,凱基-北門,2023-05-15,9283
00751B,元大AAA至A公司債,6,0,6,凱基-北門,2023-05-15,9283
2356,英業達,6,0,6,凱基-北門,2023-05-15,9283
5871,中租-KY,6,0,6,凱基-北門,2023-05-15,9283
1513,中興電,10,5,5,凱基-北門,2023-05-15,9283
4741,泓瀚,20,15,5,凱基-北門,2023-05-15,9283
4979,華星光,5,0,5,凱基-北門,2023-05-15,9283
2103,台橡,4,0,4,凱基-北門,2023-05-15,9283
2489,瑞軒,4,0,4,凱基-北門,2023-05-15,9283
2609,陽明,11,7,4,凱基-北門,2023-05-15,9283
2634,漢翔,4,0,4,凱基-北門,2023-05-15,9283
2731,雄獅,10,6,4,凱基-北門,2023-05-15,9283
4916,事欣科,4,0,4,凱基-北門,2023-05-15,9283
6141,柏承,4,0,4,凱基-北門,2023-05-15,9283
8038,長園科,4,0,4,凱基-北門,2023-05-15,9283
8213,志超,4,0,4,凱基-北門,2023-05-15,9283
8936,國統,4,0,4,凱基-北門,2023-05-15,9283
9945,潤泰新,4,0,4,凱基-北門,2023-05-15,9283
6139,亞翔,4,0,4,凱基-北門,2023-05-15,9283
00888,永豐台灣ESG,4,0,4,凱基-北門,2023-05-15,9283
8091,翔名,3,0,3,凱基-北門,2023-05-15,9283
00637L,元大滬深300正2,4,1,3,凱基-北門,2023-05-15,9283
2022,聚亨,3,0,3,凱基-北門,2023-05-15,9283
2393,億光,4,1,3,凱基-北門,2023-05-15,9283
3025,星通,4,1,3,凱基-北門,2023-05-15,9283
3078,僑威,3,0,3,凱基-北門,2023-05-15,9283
3209,全科,3,0,3,凱基-北門,2023-05-15,9283
3376,新日興,3,0,3,凱基-北門,2023-05-15,9283
2101,南港,55,0,55,凱基-北門,2023-05-16,9283
00680L,元大美債20正2,50,0,50,凱基-北門,2023-05-16,9283
3029,零壹,51,2,49,凱基-北門,2023-05-16,9283
00751B,元大AAA至A公司債,31,0,31,凱基-北門,2023-05-16,9283
00772B,中信高評級公司債,30,0,30,凱基-北門,2023-05-16,9283
2734,易飛網,25,0,25,凱基-北門,2023-05-16,9283
2317,鴻海,21,0,21,凱基-北門,2023-05-16,9283
00679B,元大美債20年,20,0,20,凱基-北門,2023-05-16,9283
1586,和勤,20,0,20,凱基-北門,2023-05-16,9283
5706,鳳凰,24,4,20,凱基-北門,2023-05-16,9283
9943,好樂迪,20,1,19,凱基-北門,2023-05-16,9283
00720B,元大投資級公司債,17,0,17,凱基-北門,2023-05-16,9283
2303,聯電,22,6,16,凱基-北門,2023-05-16,9283
00761B,國泰A級公司債,20,5,15,凱基-北門,2023-05-16,9283
6218,豪勉,13,0,13,凱基-北門,2023-05-16,9283
1720,生達,11,0,11,凱基-北門,2023-05-16,9283
1314,中石化,10,0,10,凱基-北門,2023-05-16,9283
6541,泰福-KY,10,0,10,凱基-北門,2023-05-16,9283
8076,伍豐,19,9,10,凱基-北門,2023-05-16,9283
00799B,國泰A級醫療債,8,0,8,凱基-北門,2023-05-16,9283
8435,鉅邁,7,0,7,凱基-北門,2023-05-16,9283
2413,環科,7,0,7,凱基-北門,2023-05-16,9283
3443,創意,10,3,7,凱基-北門,2023-05-16,9283
3209,全科,7,0,7,凱基-北門,2023-05-16,9283
6469,大樹,5,0,5,凱基-北門,2023-05-16,9283
00902,中信電池及儲能,5,0,5,凱基-北門,2023-05-16,9283
00687B,國泰20年美債,5,0,5,凱基-北門,2023-05-16,9283
3058,立德,5,0,5,凱基-北門,2023-05-16,9283
4129,聯合,5,0,5,凱基-北門,2023-05-16,9283
6830,汎銓,5,0,5,凱基-北門,2023-05-16,9283
3010,華立,5,0,5,凱基-北門,2023-05-16,9283
1905,華紙,44,40,4,凱基-北門,2023-05-16,9283
2423,固緯,4,0,4,凱基-北門,2023-05-16,9283
1337,再生-KY,3,0,3,凱基-北門,2023-05-16,9283
2313,華通,4,1,3,凱基-北門,2023-05-16,9283
2331,精英,4,1,3,凱基-北門,2023-05-16,9283
2606,裕民,3,0,3,凱基-北門,2023-05-16,9283
4155,訊映,3,0,3,凱基-北門,2023-05-16,9283
4939,亞電,3,0,3,凱基-北門,2023-05-16,9283
6101,寬魚國際,3,0,3,凱基-北門,2023-05-16,9283
6446,藥華藥,3,0,3,凱基-北門,2023-05-16,9283
9928,中視,3,0,3,凱基-北門,2023-05-16,9283
9933,中鼎,3,0,3,凱基-北門,2023-05-16,9283
1503,士電,5,2,3,凱基-北門,2023-05-16,9283
2492,華新科,3,1,2,凱基-北門,2023-05-16,9283
1340,勝悅-KY,2,0,2,凱基-北門,2023-05-16,9283
2103,台橡,2,0,2,凱基-北門,2023-05-16,9283
2312,金寶,2,0,2,凱基-北門,2023-05-16,9283
2408,南亞科,21,19,2,凱基-北門,2023-05-16,9283
3479,安勤,5,3,2,凱基-北門,2023-05-16,9283
2025,千興,220,0,220,凱基-北門,2023-05-17,9283
00632R,元大台灣50反1,97,1,96,凱基-北門,2023-05-17,9283
2344,華邦電,81,2,79,凱基-北門,2023-05-17,9283
3715,定穎投控,59,2,57,凱基-北門,2023-05-17,9283
00878,國泰永續高股息,48,4,44,凱基-北門,2023-05-17,9283
2851,中再保,40,0,40,凱基-北門,2023-05-17,9283
00712,復華富時不動產,31,2,29,凱基-北門,2023-05-17,9283
2820,華票,24,0,24,凱基-北門,2023-05-17,9283
2206,三陽工業,45,22,23,凱基-北門,2023-05-17,9283
00751B,元大AAA至A公司債,19,0,19,凱基-北門,2023-05-17,9283
1795,美時,19,2,17,凱基-北門,2023-05-17,9283
2303,聯電,29,13,16,凱基-北門,2023-05-17,9283
3209,全科,14,0,14,凱基-北門,2023-05-17,9283
00720B,元大投資級公司債,12,0,12,凱基-北門,2023-05-17,9283
2913,農林,12,0,12,凱基-北門,2023-05-17,9283
3558,神準,17,6,11,凱基-北門,2023-05-17,9283
00664R,國泰臺灣加權反1,10,0,10,凱基-北門,2023-05-17,9283
1220,台榮,10,0,10,凱基-北門,2023-05-17,9283
2722,夏都,15,5,10,凱基-北門,2023-05-17,9283
4526,東台,10,0,10,凱基-北門,2023-05-17,9283
9919,康那香,10,0,10,凱基-北門,2023-05-17,9283
00674R,期元大S＆P黃金反1,10,2,8,凱基-北門,2023-05-17,9283
00679B,元大美債20年,7,0,7,凱基-北門,2023-05-17,9283
6285,啟��,10,3,7,凱基-北門,2023-05-17,9283
00687B,國泰20年美債,6,0,6,凱基-北門,2023-05-17,9283
00671R,富邦NASDAQ反1,6,0,6,凱基-北門,2023-05-17,9283
2413,環科,7,1,6,凱基-北門,2023-05-17,9283
3034,聯詠,6,1,5,凱基-北門,2023-05-17,9283
1584,精剛,7,2,5,凱基-北門,2023-05-17,9283
2457,飛宏,75,70,5,凱基-北門,2023-05-17,9283
3363,上詮,7,2,5,凱基-北門,2023-05-17,9283
5465,富驊,5,0,5,凱基-北門,2023-05-17,9283
5511,德昌,5,0,5,凱基-北門,2023-05-17,9283
6712,長聖,5,0,5,凱基-北門,2023-05-17,9283
8076,伍豐,8,3,5,凱基-北門,2023-05-17,9283
00655L,國泰中國A50正2,4,0,4,凱基-北門,2023-05-17,9283
2402,毅嘉,4,0,4,凱基-北門,2023-05-17,9283
4147,中裕,6,2,4,凱基-北門,2023-05-17,9283
4741,泓瀚,5,1,4,凱基-北門,2023-05-17,9283
6118,建達,4,0,4,凱基-北門,2023-05-17,9283
6443,元晶,5,1,4,凱基-北門,2023-05-17,9283
8050,廣積,3,0,3,凱基-北門,2023-05-17,9283
00772B,中信高評級公司債,3,0,3,凱基-北門,2023-05-17,9283
00633L,富邦上証正2,3,0,3,凱基-北門,2023-05-17,9283
1617,榮星,5,2,3,凱基-北門,2023-05-17,9283
1909,榮成,3,0,3,凱基-北門,2023-05-17,9283
2027,大成鋼,3,0,3,凱基-北門,2023-05-17,9283
2313,華通,3,0,3,凱基-北門,2023-05-17,9283
2337,旺宏,3,0,3,凱基-北門,2023-05-17,9283
2485,兆赫,3,0,3,凱基-北門,2023-05-17,9283
00687B,國泰20年美債,100,0,100,凱基-北門,2023-05-18,9283
00632R,元大台灣50反1,98,0,98,凱基-北門,2023-05-18,9283
2025,千興,31,0,31,凱基-北門,2023-05-18,9283
00674R,期元大S＆P黃金反1,30,0,30,凱基-北門,2023-05-18,9283
3481,群創,35,6,29,凱基-北門,2023-05-18,9283
8046,南電,21,0,21,凱基-北門,2023-05-18,9283
00795B,中信美國公債20年,20,0,20,凱基-北門,2023-05-18,9283
1304,台聚,20,0,20,凱基-北門,2023-05-18,9283
00712,復華富時不動產,22,3,19,凱基-北門,2023-05-18,9283
00680L,元大美債20正2,17,0,17,凱基-北門,2023-05-18,9283
5511,德昌,17,0,17,凱基-北門,2023-05-18,9283
6180,橘子,15,0,15,凱基-北門,2023-05-18,9283
00679B,元大美債20年,15,1,14,凱基-北門,2023-05-18,9283
3058,立德,16,2,14,凱基-北門,2023-05-18,9283
1802,台玻,10,0,10,凱基-北門,2023-05-18,9283
3443,創意,11,1,10,凱基-北門,2023-05-18,9283
4968,立積,13,3,10,凱基-北門,2023-05-18,9283
6532,瑞耘,10,0,10,凱基-北門,2023-05-18,9283
8271,宇瞻,10,0,10,凱基-北門,2023-05-18,9283
5706,鳳凰,10,1,9,凱基-北門,2023-05-18,9283
2536,宏普,8,0,8,凱基-北門,2023-05-18,9283
00725B,國泰投資級公司債,7,0,7,凱基-北門,2023-05-18,9283
3704,合勤控,7,0,7,凱基-北門,2023-05-18,9283
1513,中興電,10,4,6,凱基-北門,2023-05-18,9283
2734,易飛網,8,2,6,凱基-北門,2023-05-18,9283
00720B,元大投資級公司債,5,0,5,凱基-北門,2023-05-18,9283
00788B,元大10年IG電能債,5,0,5,凱基-北門,2023-05-18,9283
00761B,國泰A級公司債,5,0,5,凱基-北門,2023-05-18,9283
1220,台榮,5,0,5,凱基-北門,2023-05-18,9283
3339,泰谷,5,0,5,凱基-北門,2023-05-18,9283
3376,新日興,5,0,5,凱基-北門,2023-05-18,9283
3583,辛耘,5,0,5,凱基-北門,2023-05-18,9283
4147,中裕,5,0,5,凱基-北門,2023-05-18,9283
6116,彩晶,5,0,5,凱基-北門,2023-05-18,9283
6139,亞翔,11,6,5,凱基-北門,2023-05-18,9283
2023,燁輝,4,0,4,凱基-北門,2023-05-18,9283
2402,毅嘉,4,0,4,凱基-北門,2023-05-18,9283
2457,飛宏,51,47,4,凱基-北門,2023-05-18,9283
2618,長榮航,12,8,4,凱基-北門,2023-05-18,9283
2731,雄獅,7,3,4,凱基-北門,2023-05-18,9283
3260,威剛,5,1,4,凱基-北門,2023-05-18,9283
3308,聯德,4,0,4,凱基-北門,2023-05-18,9283
3712,永崴投控,4,0,4,凱基-北門,2023-05-18,9283
5312,寶島科,4,0,4,凱基-北門,2023-05-18,9283
5608,四維航,4,0,4,凱基-北門,2023-05-18,9283
6231,系微,4,0,4,凱基-北門,2023-05-18,9283
6584,南俊國際,4,0,4,凱基-北門,2023-05-18,9283
6733,博晟生醫,4,0,4,凱基-北門,2023-05-18,9283
8222,寶一,11,7,4,凱基-北門,2023-05-18,9283
00751B,元大AAA至A公司債,4,0,4,凱基-北門,2023-05-18,9283
00712,復華富時不動產,116,0,116,凱基-北門,2023-05-19,9283
00632R,元大台灣50反1,84,0,84,凱基-北門,2023-05-19,9283
5009,榮剛,53,10,43,凱基-北門,2023-05-19,9283
2457,飛宏,69,29,40,凱基-北門,2023-05-19,9283
00680L,元大美債20正2,38,0,38,凱基-北門,2023-05-19,9283
2453,凌群,48,12,36,凱基-北門,2023-05-19,9283
00687B,國泰20年美債,28,0,28,凱基-北門,2023-05-19,9283
4931,新盛力,29,6,23,凱基-北門,2023-05-19,9283
3006,晶豪科,21,0,21,凱基-北門,2023-05-19,9283
2317,鴻海,17,0,17,凱基-北門,2023-05-19,9283
00633L,富邦上証正2,16,1,15,凱基-北門,2023-05-19,9283
2719,燦星旅,15,0,15,凱基-北門,2023-05-19,9283
8358,金居,15,0,15,凱基-北門,2023-05-19,9283
3041,揚智,14,0,14,凱基-北門,2023-05-19,9283
00655L,國泰中國A50正2,13,0,13,凱基-北門,2023-05-19,9283
1905,華紙,16,3,13,凱基-北門,2023-05-19,9283
3540,曜越,14,1,13,凱基-北門,2023-05-19,9283
1504,東元,21,8,13,凱基-北門,2023-05-19,9283
3558,神準,14,2,12,凱基-北門,2023-05-19,9283
3049,精金,12,0,12,凱基-北門,2023-05-19,9283
6163,華電網,22,10,12,凱基-北門,2023-05-19,9283
5511,德昌,11,0,11,凱基-北門,2023-05-19,9283
00902,中信電池及儲能,10,0,10,凱基-北門,2023-05-19,9283
00637L,元大滬深300正2,10,0,10,凱基-北門,2023-05-19,9283
00645,富邦日本,10,0,10,凱基-北門,2023-05-19,9283
6123,上奇,10,0,10,凱基-北門,2023-05-19,9283
9910,豐泰,10,0,10,凱基-北門,2023-05-19,9283
1514,亞力,9,0,9,凱基-北門,2023-05-19,9283
00669R,國泰美國道瓊反1,9,0,9,凱基-北門,2023-05-19,9283
1513,中興電,15,7,8,凱基-北門,2023-05-19,9283
4744,皇將,8,0,8,凱基-北門,2023-05-19,9283
3209,全科,7,0,7,凱基-北門,2023-05-19,9283
4147,中裕,7,0,7,凱基-北門,2023-05-19,9283
5258,虹堡,7,1,6,凱基-北門,2023-05-19,9283
5312,寶島科,6,0,6,凱基-北門,2023-05-19,9283
6129,普誠,7,1,6,凱基-北門,2023-05-19,9283
00706L,期元大S＆P日圓正2,5,0,5,凱基-北門,2023-05-19,9283
00753L,中信中國50正2,5,0,5,凱基-北門,2023-05-19,9283
1904,正隆,5,0,5,凱基-北門,2023-05-19,9283
2442,新美齊,6,1,5,凱基-北門,2023-05-19,9283
3546,宇峻,5,0,5,凱基-北門,2023-05-19,9283
3682,亞太電,5,0,5,凱基-北門,2023-05-19,9283
6244,茂迪,6,1,5,凱基-北門,2023-05-19,9283
00882,中信中國高股息,4,0,4,凱基-北門,2023-05-19,9283
6472,保瑞,4,0,4,凱基-北門,2023-05-19,9283
3044,健鼎,4,0,4,凱基-北門,2023-05-19,9283
00772B,中信高評級公司債,4,0,4,凱基-北門,2023-05-19,9283
2399,映泰,5,1,4,凱基-北門,2023-05-19,9283
2402,毅嘉,5,1,4,凱基-北門,2023-05-19,9283
4426,利勤,4,0,4,凱基-北門,2023-05-19,9283
2834,臺企銀,400,0,400,凱基-北門,2023-05-22,9283
2618,長榮航,237,29,208,凱基-北門,2023-05-22,9283
2025,千興,55,0,55,凱基-北門,2023-05-22,9283
2303,聯電,32,1,31,凱基-北門,2023-05-22,9283
00674R,期元大S＆P黃金反1,30,0,30,凱基-北門,2023-05-22,9283
1616,億泰,30,0,30,凱基-北門,2023-05-22,9283
00687B,國泰20年美債,24,0,24,凱基-北門,2023-05-22,9283
00715L,期街口布蘭特正2,23,0,23,凱基-北門,2023-05-22,9283
8046,南電,22,0,22,凱基-北門,2023-05-22,9283
2457,飛宏,41,21,20,凱基-北門,2023-05-22,9283
5511,德昌,19,2,17,凱基-北門,2023-05-22,9283
00751B,元大AAA至A公司債,15,0,15,凱基-北門,2023-05-22,9283
00680L,元大美債20正2,14,0,14,凱基-北門,2023-05-22,9283
3481,群創,32,19,13,凱基-北門,2023-05-22,9283
2206,三陽工業,16,3,13,凱基-北門,2023-05-22,9283
00679B,元大美債20年,13,1,12,凱基-北門,2023-05-22,9283
8390,金益鼎,12,0,12,凱基-北門,2023-05-22,9283
2421,建準,13,2,11,凱基-北門,2023-05-22,9283
6541,泰福-KY,11,0,11,凱基-北門,2023-05-22,9283
2444,兆勁,10,0,10,凱基-北門,2023-05-22,9283
5706,鳳凰,11,1,10,凱基-北門,2023-05-22,9283
6142,友勁,10,0,10,凱基-北門,2023-05-22,9283
6235,華孚,14,4,10,凱基-北門,2023-05-22,9283
00702,國泰標普低波高息,9,0,9,凱基-北門,2023-05-22,9283
2103,台橡,9,0,9,凱基-北門,2023-05-22,9283
2891,中信金,10,1,9,凱基-北門,2023-05-22,9283
3037,欣興,11,3,8,凱基-北門,2023-05-22,9283
2890,永豐金,10,2,8,凱基-北門,2023-05-22,9283
1568,倉佑,7,0,7,凱基-北門,2023-05-22,9283
2736,富野,10,3,7,凱基-北門,2023-05-22,9283
9802,鈺齊-KY,7,0,7,凱基-北門,2023-05-22,9283
4550,長佳,6,0,6,凱基-北門,2023-05-22,9283
6188,廣明,7,1,6,凱基-北門,2023-05-22,9283
00683L,期元大美元指正2,5,0,5,凱基-北門,2023-05-22,9283
2382,廣達,5,0,5,凱基-北門,2023-05-22,9283
2913,農林,5,0,5,凱基-北門,2023-05-22,9283
3035,智原,5,0,5,凱基-北門,2023-05-22,9283
3038,全台,9,4,5,凱基-北門,2023-05-22,9283
8201,無敵,5,0,5,凱基-北門,2023-05-22,9283
00772B,中信高評級公司債,4,0,4,凱基-北門,2023-05-22,9283
2031,新光鋼,4,0,4,凱基-北門,2023-05-22,9283
3209,全科,4,0,4,凱基-北門,2023-05-22,9283
3447,展達,4,0,4,凱基-北門,2023-05-22,9283
2603,長榮,5,1,4,凱基-北門,2023-05-22,9283
6469,大樹,3,0,3,凱基-北門,2023-05-22,9283
00795B,中信美國公債20年,3,0,3,凱基-北門,2023-05-22,9283
1314,中石化,3,0,3,凱基-北門,2023-05-22,9283
1519,華城,12,9,3,凱基-北門,2023-05-22,9283
1569,濱川,3,0,3,凱基-北門,2023-05-22,9283
2313,華通,4,1,3,凱基-北門,2023-05-22,9283
00712,復華富時不動產,201,0,201,凱基-北門,2023-05-23,9283
2618,長榮航,401,308,93,凱基-北門,2023-05-23,9283
1701,中化,50,0,50,凱基-北門,2023-05-23,9283
00674R,期元大S＆P黃金反1,35,0,35,凱基-北門,2023-05-23,9283
00924,復華S＆P500成長,30,0,30,凱基-北門,2023-05-23,9283
5511,德昌,30,0,30,凱基-北門,2023-05-23,9283
00770,國泰北美科技,29,0,29,凱基-北門,2023-05-23,9283
00687B,國泰20年美債,29,0,29,凱基-北門,2023-05-23,9283
3231,緯創,26,1,25,凱基-北門,2023-05-23,9283
00680L,元大美債20正2,26,2,24,凱基-北門,2023-05-23,9283
1710,東聯,21,0,21,凱基-北門,2023-05-23,9283
6229,研通,21,0,21,凱基-北門,2023-05-23,9283
2025,千興,20,0,20,凱基-北門,2023-05-23,9283
5531,鄉林,29,10,19,凱基-北門,2023-05-23,9283
2610,華航,29,10,19,凱基-北門,2023-05-23,9283
00830,國泰費城半導體,18,0,18,凱基-北門,2023-05-23,9283
6161,捷波,15,0,15,凱基-北門,2023-05-23,9283
00751B,元大AAA至A公司債,14,0,14,凱基-北門,2023-05-23,9283
1785,光洋科,13,2,11,凱基-北門,2023-05-23,9283
00720B,元大投資級公司債,10,0,10,凱基-北門,2023-05-23,9283
6205,詮欣,10,0,10,凱基-北門,2023-05-23,9283
00655L,國泰中國A50正2,9,0,9,凱基-北門,2023-05-23,9283
2103,台橡,9,0,9,凱基-北門,2023-05-23,9283
2442,新美齊,14,5,9,凱基-北門,2023-05-23,9283
00878,國泰永續高股息,16,8,8,凱基-北門,2023-05-23,9283
00753L,中信中國50正2,8,0,8,凱基-北門,2023-05-23,9283
2355,敬鵬,8,0,8,凱基-北門,2023-05-23,9283
2745,五福,9,1,8,凱基-北門,2023-05-23,9283
3622,洋華,8,0,8,凱基-北門,2023-05-23,9283
8390,金益鼎,7,0,7,凱基-北門,2023-05-23,9283
2305,全友,6,0,6,凱基-北門,2023-05-23,9283
1609,大亞,7,1,6,凱基-北門,2023-05-23,9283
2313,華通,6,1,5,凱基-北門,2023-05-23,9283
2705,六福,5,0,5,凱基-北門,2023-05-23,9283
3705,永信,5,0,5,凱基-北門,2023-05-23,9283
4541,晟田,13,8,5,凱基-北門,2023-05-23,9283
1513,中興電,20,16,4,凱基-北門,2023-05-23,9283
00772B,中信高評級公司債,4,0,4,凱基-北門,2023-05-23,9283
1101,台泥,4,0,4,凱基-北門,2023-05-23,9283
1504,東元,5,1,4,凱基-北門,2023-05-23,9283
2014,中鴻,4,0,4,凱基-北門,2023-05-23,9283
2408,南亞科,4,0,4,凱基-北門,2023-05-23,9283
2486,一詮,4,0,4,凱基-北門,2023-05-23,9283
2712,遠雄來,6,2,4,凱基-北門,2023-05-23,9283
4130,健亞,6,2,4,凱基-北門,2023-05-23,9283
4550,長佳,4,0,4,凱基-北門,2023-05-23,9283
6469,大樹,3,0,3,凱基-北門,2023-05-23,9283
6235,華孚,11,8,3,凱基-北門,2023-05-23,9283
1418,東華,4,1,3,凱基-北門,2023-05-23,9283
1413,宏洲,3,0,3,凱基-北門,2023-05-23,9283
2399,映泰,111,14,97,凱基-北門,2023-05-24,9283
0056,元大高股息,78,0,78,凱基-北門,2023-05-24,9283
00674R,期元大S＆P黃金反1,66,0,66,凱基-北門,2023-05-24,9283
1460,宏遠,47,7,40,凱基-北門,2023-05-24,9283
00882,中信中國高股息,37,0,37,凱基-北門,2023-05-24,9283
4564,元翎,27,1,26,凱基-北門,2023-05-24,9283
1905,華紙,41,16,25,凱基-北門,2023-05-24,9283
00679B,元大美債20年,25,0,25,凱基-北門,2023-05-24,9283
2634,漢翔,27,5,22,凱基-北門,2023-05-24,9283
00878,國泰永續高股息,25,3,22,凱基-北門,2023-05-24,9283
2511,太子,20,0,20,凱基-北門,2023-05-24,9283
00637L,元大滬深300正2,20,0,20,凱基-北門,2023-05-24,9283
3189,景碩,21,1,20,凱基-北門,2023-05-24,9283
3576,聯合再生,20,0,20,凱基-北門,2023-05-24,9283
6229,研通,20,0,20,凱基-北門,2023-05-24,9283
1220,台榮,16,0,16,凱基-北門,2023-05-24,9283
00655L,國泰中國A50正2,16,0,16,凱基-北門,2023-05-24,9283
00633L,富邦上証正2,15,1,14,凱基-北門,2023-05-24,9283
2107,厚生,14,0,14,凱基-北門,2023-05-24,9283
00680L,元大美債20正2,11,0,11,凱基-北門,2023-05-24,9283
2890,永豐金,11,0,11,凱基-北門,2023-05-24,9283
6472,保瑞,12,2,10,凱基-北門,2023-05-24,9283
00924,復華S＆P500成長,10,0,10,凱基-北門,2023-05-24,9283
3035,智原,10,0,10,凱基-北門,2023-05-24,9283
3206,志豐,10,0,10,凱基-北門,2023-05-24,9283
3564,其陽,10,0,10,凱基-北門,2023-05-24,9283
4102,永日,10,0,10,凱基-北門,2023-05-24,9283
4127,天良,10,0,10,凱基-北門,2023-05-24,9283
4916,事欣科,10,0,10,凱基-北門,2023-05-24,9283
6161,捷波,10,0,10,凱基-北門,2023-05-24,9283
8215,明基材,10,0,10,凱基-北門,2023-05-24,9283
1304,台聚,9,0,9,凱基-北門,2023-05-24,9283
2103,台橡,9,0,9,凱基-北門,2023-05-24,9283
2834,臺企銀,50,42,8,凱基-北門,2023-05-24,9283
4934,太極,8,0,8,凱基-北門,2023-05-24,9283
00751B,元大AAA至A公司債,7,0,7,凱基-北門,2023-05-24,9283
00665L,富邦�琤肭磪囓�2,7,0,7,凱基-北門,2023-05-24,9283
1464,得力,8,1,7,凱基-北門,2023-05-24,9283
2355,敬鵬,7,0,7,凱基-北門,2023-05-24,9283
2706,第一店,7,0,7,凱基-北門,2023-05-24,9283
2328,廣宇,9,3,6,凱基-北門,2023-05-24,9283
2610,華航,11,5,6,凱基-北門,2023-05-24,9283
5258,虹堡,9,3,6,凱基-北門,2023-05-24,9283
5706,鳳凰,7,1,6,凱基-北門,2023-05-24,9283
6535,順藥,6,0,6,凱基-北門,2023-05-24,9283
2886,兆豐金,5,0,5,凱基-北門,2023-05-24,9283
00673R,期元大S＆P原油反1,5,0,5,凱基-北門,2023-05-24,9283
1605,華新,5,0,5,凱基-北門,2023-05-24,9283
2719,燦星旅,5,0,5,凱基-北門,2023-05-24,9283
2745,五福,5,0,5,凱基-北門,2023-05-24,9283
00632R,元大台灣50反1,54,0,54,凱基-北門,2023-05-25,9283
1701,中化,50,13,37,凱基-北門,2023-05-25,9283
00882,中信中國高股息,37,0,37,凱基-北門,2023-05-25,9283
00773B,中信優先金融債,31,0,31,凱基-北門,2023-05-25,9283
2885,元大金,31,0,31,凱基-北門,2023-05-25,9283
2851,中再保,30,0,30,凱基-北門,2023-05-25,9283
00712,復華富時不動產,23,0,23,凱基-北門,2023-05-25,9283
2025,千興,23,0,23,凱基-北門,2023-05-25,9283
2457,飛宏,54,34,20,凱基-北門,2023-05-25,9283
5009,榮剛,20,2,18,凱基-北門,2023-05-25,9283
00655L,國泰中國A50正2,17,0,17,凱基-北門,2023-05-25,9283
2402,毅嘉,18,2,16,凱基-北門,2023-05-25,9283
4426,利勤,16,0,16,凱基-北門,2023-05-25,9283
00637L,元大滬深300正2,15,0,15,凱基-北門,2023-05-25,9283
1514,亞力,15,1,14,凱基-北門,2023-05-25,9283
6164,華興,15,2,13,凱基-北門,2023-05-25,9283
2891,中信金,22,10,12,凱基-北門,2023-05-25,9283
2884,玉山金,11,0,11,凱基-北門,2023-05-25,9283
2317,鴻海,11,0,11,凱基-北門,2023-05-25,9283
00902,中信電池及儲能,10,0,10,凱基-北門,2023-05-25,9283
00633L,富邦上証正2,11,1,10,凱基-北門,2023-05-25,9283
00674R,期元大S＆P黃金反1,10,0,10,凱基-北門,2023-05-25,9283
2890,永豐金,10,0,10,凱基-北門,2023-05-25,9283
3206,志豐,10,0,10,凱基-北門,2023-05-25,9283
5465,富驊,10,0,10,凱基-北門,2023-05-25,9283
8011,台通,10,0,10,凱基-北門,2023-05-25,9283
8358,金居,27,17,10,凱基-北門,2023-05-25,9283
2308,台達電,10,0,10,凱基-北門,2023-05-25,9283
1786,科妍,9,0,9,凱基-北門,2023-05-25,9283
4967,十銓,14,5,9,凱基-北門,2023-05-25,9283
1513,中興電,19,11,8,凱基-北門,2023-05-25,9283
3706,神達,10,2,8,凱基-北門,2023-05-25,9283
6446,藥華藥,9,1,8,凱基-北門,2023-05-25,9283
2880,華南金,8,0,8,凱基-北門,2023-05-25,9283
00680L,元大美債20正2,7,0,7,凱基-北門,2023-05-25,9283
2881,富邦金,7,0,7,凱基-北門,2023-05-25,9283
00713,元大台灣高息低波,6,0,6,凱基-北門,2023-05-25,9283
2017,官田鋼,6,0,6,凱基-北門,2023-05-25,9283
2355,敬鵬,6,0,6,凱基-北門,2023-05-25,9283
1101,台泥,7,1,6,凱基-北門,2023-05-25,9283
2371,大同,16,10,6,凱基-北門,2023-05-25,9283
3481,群創,6,1,5,凱基-北門,2023-05-25,9283
00645,富邦日本,5,0,5,凱基-北門,2023-05-25,9283
00665L,富邦�琤肭磪囓�2,5,0,5,凱基-北門,2023-05-25,9283
1220,台榮,5,0,5,凱基-北門,2023-05-25,9283
1234,黑松,5,0,5,凱基-北門,2023-05-25,9283
1519,華城,11,6,5,凱基-北門,2023-05-25,9283
2413,環科,5,0,5,凱基-北門,2023-05-25,9283
3419,譁裕,6,1,5,凱基-北門,2023-05-25,9283
4550,長佳,5,0,5,凱基-北門,2023-05-25,9283
6770,力積電,154,2,152,凱基-北門,2023-05-26,9283
912000,晨訊科-DR,128,0,128,凱基-北門,2023-05-26,9283
00687B,國泰20年美債,86,0,86,凱基-北門,2023-05-26,9283
00632R,元大台灣50反1,121,40,81,凱基-北門,2023-05-26,9283
00715L,期街口布蘭特正2,52,2,50,凱基-北門,2023-05-26,9283
1316,上曜,50,0,50,凱基-北門,2023-05-26,9283
3013,晟銘電,60,11,49,凱基-北門,2023-05-26,9283
2618,長榮航,132,86,46,凱基-北門,2023-05-26,9283
00857B,永豐20年美公債,35,0,35,凱基-北門,2023-05-26,9283
00664R,國泰臺灣加權反1,30,0,30,凱基-北門,2023-05-26,9283
1220,台榮,26,0,26,凱基-北門,2023-05-26,9283
00655L,國泰中國A50正2,24,0,24,凱基-北門,2023-05-26,9283
00633L,富邦上証正2,25,1,24,凱基-北門,2023-05-26,9283
00637L,元大滬深300正2,21,0,21,凱基-北門,2023-05-26,9283
3209,全科,21,0,21,凱基-北門,2023-05-26,9283
00712,復華富時不動產,20,0,20,凱基-北門,2023-05-26,9283
5511,德昌,20,0,20,凱基-北門,2023-05-26,9283
6125,廣運,21,1,20,凱基-北門,2023-05-26,9283
6834,天二科技,20,0,20,凱基-北門,2023-05-26,9283
2408,南亞科,18,0,18,凱基-北門,2023-05-26,9283
00902,中信電池及儲能,15,0,15,凱基-北門,2023-05-26,9283
2421,建準,37,22,15,凱基-北門,2023-05-26,9283
2637,慧洋-KY,15,0,15,凱基-北門,2023-05-26,9283
5905,南仁湖,15,0,15,凱基-北門,2023-05-26,9283
8215,明基材,15,0,15,凱基-北門,2023-05-26,9283
5009,榮剛,13,0,13,凱基-北門,2023-05-26,9283
00674R,期元大S＆P黃金反1,13,1,12,凱基-北門,2023-05-26,9283
2890,永豐金,12,1,11,凱基-北門,2023-05-26,9283
3062,建漢,12,1,11,凱基-北門,2023-05-26,9283
00696B,富邦美債20年,10,0,10,凱基-北門,2023-05-26,9283
2809,京城銀,10,0,10,凱基-北門,2023-05-26,9283
2812,台中銀,10,0,10,凱基-北門,2023-05-26,9283
3041,揚智,10,0,10,凱基-北門,2023-05-26,9283
3481,群創,10,0,10,凱基-北門,2023-05-26,9283
3564,其陽,10,0,10,凱基-北門,2023-05-26,9283
4127,天良,10,0,10,凱基-北門,2023-05-26,9283
2355,敬鵬,9,0,9,凱基-北門,2023-05-26,9283
3078,僑威,12,3,9,凱基-北門,2023-05-26,9283
3661,世芯-KY,10,1,9,凱基-北門,2023-05-26,9283
2887,台新金,11,3,8,凱基-北門,2023-05-26,9283
00688L,國泰20年美債正2,8,0,8,凱基-北門,2023-05-26,9283
5439,高技,10,2,8,凱基-北門,2023-05-26,9283
5876,上海商銀,8,0,8,凱基-北門,2023-05-26,9283
2313,華通,11,3,8,凱基-北門,2023-05-26,9283
2022,聚亨,7,0,7,凱基-北門,2023-05-26,9283
2352,佳世達,9,2,7,凱基-北門,2023-05-26,9283
2888,新光金,7,0,7,凱基-北門,2023-05-26,9283
00751B,元大AAA至A公司債,6,0,6,凱基-北門,2023-05-26,9283
2331,精英,13,7,6,凱基-北門,2023-05-26,9283
3094,聯傑,8,2,6,凱基-北門,2023-05-26,9283
1609,大亞,54,0,54,凱基-北門,2023-05-29,9283
3029,零壹,52,1,51,凱基-北門,2023-05-29,9283
1460,宏遠,50,0,50,凱基-北門,2023-05-29,9283
00687B,國泰20年美債,35,0,35,凱基-北門,2023-05-29,9283
00720B,元大投資級公司債,33,0,33,凱基-北門,2023-05-29,9283
6770,力積電,33,1,32,凱基-北門,2023-05-29,9283
6180,橘子,30,0,30,凱基-北門,2023-05-29,9283
00902,中信電池及儲能,25,0,25,凱基-北門,2023-05-29,9283
00679B,元大美債20年,21,0,21,凱基-北門,2023-05-29,9283
00633L,富邦上証正2,23,3,20,凱基-北門,2023-05-29,9283
00696B,富邦美債20年,20,0,20,凱基-北門,2023-05-29,9283
2034,允強,20,0,20,凱基-北門,2023-05-29,9283
6715,嘉基,20,0,20,凱基-北門,2023-05-29,9283
2408,南亞科,15,0,15,凱基-北門,2023-05-29,9283
6104,創惟,14,0,14,凱基-北門,2023-05-29,9283
00795B,中信美國公債20年,13,0,13,凱基-北門,2023-05-29,9283
00673R,期元大S＆P原油反1,12,0,12,凱基-北門,2023-05-29,9283
00857B,永豐20年美公債,10,0,10,凱基-北門,2023-05-29,9283
1220,台榮,10,0,10,凱基-北門,2023-05-29,9283
2431,聯昌,10,0,10,凱基-北門,2023-05-29,9283
2889,國票金,10,0,10,凱基-北門,2023-05-29,9283
4915,致伸,11,1,10,凱基-北門,2023-05-29,9283
5864,致和證,10,0,10,凱基-北門,2023-05-29,9283
6269,台郡,10,0,10,凱基-北門,2023-05-29,9283
8358,金居,10,0,10,凱基-北門,2023-05-29,9283
6546,正基,10,2,8,凱基-北門,2023-05-29,9283
2495,普安,8,0,8,凱基-北門,2023-05-29,9283
2883,凱基金,9,1,8,凱基-北門,2023-05-29,9283
2881,富邦金,8,1,7,凱基-北門,2023-05-29,9283
2022,聚亨,7,0,7,凱基-北門,2023-05-29,9283
2103,台橡,7,0,7,凱基-北門,2023-05-29,9283
2605,新興,7,0,7,凱基-北門,2023-05-29,9283
3006,晶豪科,25,18,7,凱基-北門,2023-05-29,9283
3169,亞信,9,2,7,凱基-北門,2023-05-29,9283
3189,景碩,7,1,6,凱基-北門,2023-05-29,9283
8996,高力,7,1,6,凱基-北門,2023-05-29,9283
2610,華航,57,51,6,凱基-北門,2023-05-29,9283
00674R,期元大S＆P黃金反1,5,0,5,凱基-北門,2023-05-29,9283
1447,力鵬,5,0,5,凱基-北門,2023-05-29,9283
2340,台亞,5,0,5,凱基-北門,2023-05-29,9283
3583,辛耘,7,2,5,凱基-北門,2023-05-29,9283
4711,永純,5,0,5,凱基-北門,2023-05-29,9283
00712,復華富時不動產,5,1,4,凱基-北門,2023-05-29,9283
1101,台泥,4,0,4,凱基-北門,2023-05-29,9283
2382,廣達,6,2,4,凱基-北門,2023-05-29,9283
2461,光群雷,4,0,4,凱基-北門,2023-05-29,9283
2637,慧洋-KY,4,0,4,凱基-北門,2023-05-29,9283
4510,高鋒,4,0,4,凱基-北門,2023-05-29,9283
8150,南茂,6,2,4,凱基-北門,2023-05-29,9283
8390,金益鼎,4,0,4,凱基-北門,2023-05-29,9283
2834,臺企銀,100,6,94,凱基-北門,2023-05-30,9283
00679B,元大美債20年,50,0,50,凱基-北門,2023-05-30,9283
00680L,元大美債20正2,36,6,30,凱基-北門,2023-05-30,9283
00725B,國泰投資級公司債,23,0,23,凱基-北門,2023-05-30,9283
00673R,期元大S＆P原油反1,23,0,23,凱基-北門,2023-05-30,9283
3006,晶豪科,21,0,21,凱基-北門,2023-05-30,9283
3481,群創,21,1,20,凱基-北門,2023-05-30,9283
2399,映泰,22,9,13,凱基-北門,2023-05-30,9283
2103,台橡,12,0,12,凱基-北門,2023-05-30,9283
00633L,富邦上証正2,12,0,12,凱基-北門,2023-05-30,9283
00655L,國泰中國A50正2,12,0,12,凱基-北門,2023-05-30,9283
2340,台亞,12,0,12,凱基-北門,2023-05-30,9283
2605,新興,11,0,11,凱基-北門,2023-05-30,9283
6120,達運,12,1,11,凱基-北門,2023-05-30,9283
3058,立德,11,0,11,凱基-北門,2023-05-30,9283
1215,卜蜂,10,0,10,凱基-北門,2023-05-30,9283
00637L,元大滬深300正2,10,0,10,凱基-北門,2023-05-30,9283
4541,晟田,10,0,10,凱基-北門,2023-05-30,9283
4915,致伸,10,0,10,凱基-北門,2023-05-30,9283
5498,凱崴,25,15,10,凱基-北門,2023-05-30,9283
2409,友達,10,0,10,凱基-北門,2023-05-30,9283
0056,元大高股息,8,0,8,凱基-北門,2023-05-30,9283
3209,全科,8,0,8,凱基-北門,2023-05-30,9283
6589,台康生技,8,0,8,凱基-北門,2023-05-30,9283
2331,精英,9,2,7,凱基-北門,2023-05-30,9283
3035,智原,8,1,7,凱基-北門,2023-05-30,9283
00772B,中信高評級公司債,6,0,6,凱基-北門,2023-05-30,9283
00656R,國泰中國A50反1,6,0,6,凱基-北門,2023-05-30,9283
2888,新光金,6,0,6,凱基-北門,2023-05-30,9283
3025,星通,14,8,6,凱基-北門,2023-05-30,9283
3094,聯傑,8,2,6,凱基-北門,2023-05-30,9283
3294,英濟,6,0,6,凱基-北門,2023-05-30,9283
2356,英業達,29,23,6,凱基-北門,2023-05-30,9283
2002,中鋼,5,0,5,凱基-北門,2023-05-30,9283
00638R,元大滬深300反1,5,0,5,凱基-北門,2023-05-30,9283
00661,元大日經225,5,0,5,凱基-北門,2023-05-30,9283
1460,宏遠,5,0,5,凱基-北門,2023-05-30,9283
1608,華榮,19,14,5,凱基-北門,2023-05-30,9283
3032,偉訓,5,0,5,凱基-北門,2023-05-30,9283
3037,欣興,7,2,5,凱基-北門,2023-05-30,9283
3041,揚智,10,5,5,凱基-北門,2023-05-30,9283
3546,宇峻,5,0,5,凱基-北門,2023-05-30,9283
5258,虹堡,7,2,5,凱基-北門,2023-05-30,9283
5864,致和證,5,0,5,凱基-北門,2023-05-30,9283
6191,精成科,5,0,5,凱基-北門,2023-05-30,9283
8038,長園科,5,0,5,凱基-北門,2023-05-30,9283
00882,中信中國高股息,9,4,5,凱基-北門,2023-05-30,9283
5871,中租-KY,4,0,4,凱基-北門,2023-05-30,9283
2312,金寶,5,1,4,凱基-北門,2023-05-30,9283
2352,佳世達,5,1,4,凱基-北門,2023-05-30,9283
00715L,期街口布蘭特正2,98,0,98,凱基-北門,2023-05-31,9283
00728,第一金工業30,65,0,65,凱基-北門,2023-05-31,9283
00680L,元大美債20正2,69,13,56,凱基-北門,2023-05-31,9283
6269,台郡,33,0,33,凱基-北門,2023-05-31,9283
2444,兆勁,30,0,30,凱基-北門,2023-05-31,9283
3209,全科,25,0,25,凱基-北門,2023-05-31,9283
00712,復華富時不動產,23,0,23,凱基-北門,2023-05-31,9283
00795B,中信美國公債20年,20,0,20,凱基-北門,2023-05-31,9283
2425,承啟,20,0,20,凱基-北門,2023-05-31,9283
2812,台中銀,20,2,18,凱基-北門,2023-05-31,9283
3260,威剛,21,5,16,凱基-北門,2023-05-31,9283
00655L,國泰中國A50正2,15,0,15,凱基-北門,2023-05-31,9283
3025,星通,15,0,15,凱基-北門,2023-05-31,9283
3058,立德,15,0,15,凱基-北門,2023-05-31,9283
4934,太極,18,3,15,凱基-北門,2023-05-31,9283
2317,鴻海,17,3,14,凱基-北門,2023-05-31,9283
4550,長佳,13,0,13,凱基-北門,2023-05-31,9283
2413,環科,12,0,12,凱基-北門,2023-05-31,9283
3032,偉訓,12,0,12,凱基-北門,2023-05-31,9283
00882,中信中國高股息,11,0,11,凱基-北門,2023-05-31,9283
2308,台達電,11,0,11,凱基-北門,2023-05-31,9283
00720B,元大投資級公司債,11,0,11,凱基-北門,2023-05-31,9283
00633L,富邦上証正2,10,0,10,凱基-北門,2023-05-31,9283
00637L,元大滬深300正2,10,0,10,凱基-北門,2023-05-31,9283
1907,永豐餘,10,0,10,凱基-北門,2023-05-31,9283
6223,旺矽,10,0,10,凱基-北門,2023-05-31,9283
2605,新興,10,1,9,凱基-北門,2023-05-31,9283
3163,波若威,11,2,9,凱基-北門,2023-05-31,9283
3545,敦泰,10,1,9,凱基-北門,2023-05-31,9283
00687B,國泰20年美債,8,0,8,凱基-北門,2023-05-31,9283
2330,台積電,10,2,8,凱基-北門,2023-05-31,9283
2457,飛宏,30,23,7,凱基-北門,2023-05-31,9283
3037,欣興,8,1,7,凱基-北門,2023-05-31,9283
00642U,期元大S＆P石油,7,0,7,凱基-北門,2023-05-31,9283
00674R,期元大S＆P黃金反1,7,0,7,凱基-北門,2023-05-31,9283
2022,聚亨,7,0,7,凱基-北門,2023-05-31,9283
2103,台橡,7,0,7,凱基-北門,2023-05-31,9283
3232,昱捷,7,0,7,凱基-北門,2023-05-31,9283
3290,東浦,14,7,7,凱基-北門,2023-05-31,9283
5351,鈺創,12,5,7,凱基-北門,2023-05-31,9283
6150,撼訊,7,0,7,凱基-北門,2023-05-31,9283
3443,創意,7,1,6,凱基-北門,2023-05-31,9283
3094,聯傑,6,0,6,凱基-北門,2023-05-31,9283
5388,中磊,10,4,6,凱基-北門,2023-05-31,9283
6124,業強,6,0,6,凱基-北門,2023-05-31,9283
8069,元太,5,0,5,凱基-北門,2023-05-31,9283
00706L,期元大S＆P日圓正2,5,0,5,凱基-北門,2023-05-31,9283
00683L,期元大美元指正2,5,0,5,凱基-北門,2023-05-31,9283
1460,宏遠,5,0,5,凱基-北門,2023-05-31,9283
2105,正新,5,0,5,凱基-北門,2023-05-31,9283
3013,晟銘電,106,7,99,凱基-北門,2023-06-01,9283
00715L,期街口布蘭特正2,50,1,49,凱基-北門,2023-06-01,9283
0056,元大高股息,37,0,37,凱基-北門,2023-06-01,9283
00728,第一金工業30,35,0,35,凱基-北門,2023-06-01,9283
00680L,元大美債20正2,50,17,33,凱基-北門,2023-06-01,9283
4739,康普,32,0,32,凱基-北門,2023-06-01,9283
00720B,元大投資級公司債,21,0,21,凱基-北門,2023-06-01,9283
00687B,國泰20年美債,21,0,21,凱基-北門,2023-06-01,9283
00642U,期元大S＆P石油,20,0,20,凱基-北門,2023-06-01,9283
2801,彰銀,16,0,16,凱基-北門,2023-06-01,9283
6770,力積電,21,5,16,凱基-北門,2023-06-01,9283
2356,英業達,13,0,13,凱基-北門,2023-06-01,9283
3017,奇鋐,15,2,13,凱基-北門,2023-06-01,9283
2408,南亞科,13,1,12,凱基-北門,2023-06-01,9283
2330,台積電,12,1,11,凱基-北門,2023-06-01,9283
1101,台泥,12,1,11,凱基-北門,2023-06-01,9283
3209,全科,11,0,11,凱基-北門,2023-06-01,9283
4564,元翎,14,3,11,凱基-北門,2023-06-01,9283
1316,上曜,10,0,10,凱基-北門,2023-06-01,9283
1219,福壽,10,0,10,凱基-北門,2023-06-01,9283
00919,群益台灣精選高息,10,0,10,凱基-北門,2023-06-01,9283
00679B,元大美債20年,10,0,10,凱基-北門,2023-06-01,9283
2331,精英,15,5,10,凱基-北門,2023-06-01,9283
4533,協易機,10,0,10,凱基-北門,2023-06-01,9283
2495,普安,9,0,9,凱基-北門,2023-06-01,9283
5706,鳳凰,15,6,9,凱基-北門,2023-06-01,9283
3260,威剛,12,4,8,凱基-北門,2023-06-01,9283
2454,聯發科,7,0,7,凱基-北門,2023-06-01,9283
2882,國泰金,7,0,7,凱基-北門,2023-06-01,9283
2886,兆豐金,7,0,7,凱基-北門,2023-06-01,9283
5439,高技,7,0,7,凱基-北門,2023-06-01,9283
2002,中鋼,6,0,6,凱基-北門,2023-06-01,9283
2349,錸德,6,0,6,凱基-北門,2023-06-01,9283
3094,聯傑,8,2,6,凱基-北門,2023-06-01,9283
6122,擎邦,7,1,6,凱基-北門,2023-06-01,9283
8996,高力,15,9,6,凱基-北門,2023-06-01,9283
00683L,期元大美元指正2,5,0,5,凱基-北門,2023-06-01,9283
2303,聯電,5,0,5,凱基-北門,2023-06-01,9283
2371,大同,8,3,5,凱基-北門,2023-06-01,9283
3376,新日興,5,0,5,凱基-北門,2023-06-01,9283
4102,永日,5,0,5,凱基-北門,2023-06-01,9283
4550,長佳,5,0,5,凱基-北門,2023-06-01,9283
4551,智伸科,5,0,5,凱基-北門,2023-06-01,9283
4934,太極,8,3,5,凱基-北門,2023-06-01,9283
6218,豪勉,5,0,5,凱基-北門,2023-06-01,9283
3706,神達,15,10,5,凱基-北門,2023-06-01,9283
1904,正隆,35,30,5,凱基-北門,2023-06-01,9283
3704,合勤控,7,3,4,凱基-北門,2023-06-01,9283
00830,國泰費城半導體,5,1,4,凱基-北門,2023-06-01,9283
2634,漢翔,6,2,4,凱基-北門,2023-06-01,9283
00712,復華富時不動產,106,2,104,凱基-北門,2023-06-02,9283
1905,華紙,78,40,38,凱基-北門,2023-06-02,9283
6285,啟��,26,0,26,凱基-北門,2023-06-02,9283
2457,飛宏,72,48,24,凱基-北門,2023-06-02,9283
2610,華航,72,48,24,凱基-北門,2023-06-02,9283
3163,波若威,23,1,22,凱基-北門,2023-06-02,9283
1513,中興電,56,36,20,凱基-北門,2023-06-02,9283
00713,元大台灣高息低波,18,0,18,凱基-北門,2023-06-02,9283
00728,第一金工業30,18,0,18,凱基-北門,2023-06-02,9283
4564,元翎,15,2,13,凱基-北門,2023-06-02,9283
2332,友訊,13,1,12,凱基-北門,2023-06-02,9283
5425,台半,15,3,12,凱基-北門,2023-06-02,9283
00720B,元大投資級公司債,11,0,11,凱基-北門,2023-06-02,9283
2607,榮運,11,0,11,凱基-北門,2023-06-02,9283
2637,慧洋-KY,11,0,11,凱基-北門,2023-06-02,9283
00882,中信中國高股息,14,4,10,凱基-北門,2023-06-02,9283
1409,新纖,10,0,10,凱基-北門,2023-06-02,9283
1460,宏遠,10,0,10,凱基-北門,2023-06-02,9283
2025,千興,10,0,10,凱基-北門,2023-06-02,9283
2228,劍麟,10,0,10,凱基-北門,2023-06-02,9283
2349,錸德,16,6,10,凱基-北門,2023-06-02,9283
2460,建通,10,0,10,凱基-北門,2023-06-02,9283
3665,貿聯-KY,10,0,10,凱基-北門,2023-06-02,9283
3209,全科,10,0,10,凱基-北門,2023-06-02,9283
1612,宏泰,10,1,9,凱基-北門,2023-06-02,9283
2353,宏��,14,5,9,凱基-北門,2023-06-02,9283
00679B,元大美債20年,10,2,8,凱基-北門,2023-06-02,9283
3466,德晉,8,0,8,凱基-北門,2023-06-02,9283
5258,虹堡,8,0,8,凱基-北門,2023-06-02,9283
2371,大同,12,4,8,凱基-北門,2023-06-02,9283
2236,百達-KY,8,1,7,凱基-北門,2023-06-02,9283
00919,群益台灣精選高息,6,0,6,凱基-北門,2023-06-02,9283
1762,中化生,6,0,6,凱基-北門,2023-06-02,9283
2388,威盛,8,2,6,凱基-北門,2023-06-02,9283
3715,定穎投控,9,3,6,凱基-北門,2023-06-02,9283
6161,捷波,10,4,6,凱基-北門,2023-06-02,9283
8163,達方,6,0,6,凱基-北門,2023-06-02,9283
3443,創意,5,0,5,凱基-北門,2023-06-02,9283
00857B,永豐20年美公債,5,0,5,凱基-北門,2023-06-02,9283
2888,新光金,5,0,5,凱基-北門,2023-06-02,9283
3044,健鼎,7,2,5,凱基-北門,2023-06-02,9283
3046,建��,8,3,5,凱基-北門,2023-06-02,9283
3289,宜特,5,0,5,凱基-北門,2023-06-02,9283
3646,艾恩特,5,0,5,凱基-北門,2023-06-02,9283
3682,亞太電,5,0,5,凱基-北門,2023-06-02,9283
3702,大聯大,5,0,5,凱基-北門,2023-06-02,9283
4551,智伸科,5,0,5,凱基-北門,2023-06-02,9283
6104,創惟,5,0,5,凱基-北門,2023-06-02,9283
6532,瑞耘,5,0,5,凱基-北門,2023-06-02,9283
1337,再生-KY,4,0,4,凱基-北門,2023-06-02,9283
2867,三商壽,280,3,277,凱基-北門,2023-06-05,9283
2618,長榮航,75,6,69,凱基-北門,2023-06-05,9283
6160,欣技,40,1,39,凱基-北門,2023-06-05,9283
2331,精英,36,0,36,凱基-北門,2023-06-05,9283
00664R,國泰臺灣加權反1,30,0,30,凱基-北門,2023-06-05,9283
1616,億泰,30,0,30,凱基-北門,2023-06-05,9283
00683L,期元大美元指正2,25,0,25,凱基-北門,2023-06-05,9283
1101,台泥,25,0,25,凱基-北門,2023-06-05,9283
00673R,期元大S＆P原油反1,25,2,23,凱基-北門,2023-06-05,9283
00680L,元大美債20正2,32,10,22,凱基-北門,2023-06-05,9283
3209,全科,22,0,22,凱基-北門,2023-06-05,9283
00674R,期元大S＆P黃金反1,20,0,20,凱基-北門,2023-06-05,9283
5460,同協,20,0,20,凱基-北門,2023-06-05,9283
6167,久正,20,1,19,凱基-北門,2023-06-05,9283
2353,宏��,20,2,18,凱基-北門,2023-06-05,9283
2358,廷鑫,16,0,16,凱基-北門,2023-06-05,9283
00753L,中信中國50正2,16,1,15,凱基-北門,2023-06-05,9283
00712,復華富時不動產,23,9,14,凱基-北門,2023-06-05,9283
1514,亞力,29,15,14,凱基-北門,2023-06-05,9283
2425,承啟,20,6,14,凱基-北門,2023-06-05,9283
00633L,富邦上証正2,11,0,11,凱基-北門,2023-06-05,9283
2323,中環,16,5,11,凱基-北門,2023-06-05,9283
2371,大同,16,5,11,凱基-北門,2023-06-05,9283
6116,彩晶,29,18,11,凱基-北門,2023-06-05,9283
3022,威強電,10,0,10,凱基-北門,2023-06-05,9283
3583,辛耘,26,16,10,凱基-北門,2023-06-05,9283
4533,協易機,12,2,10,凱基-北門,2023-06-05,9283
4550,長佳,10,0,10,凱基-北門,2023-06-05,9283
6127,九豪,20,10,10,凱基-北門,2023-06-05,9283
6244,茂迪,12,2,10,凱基-北門,2023-06-05,9283
6277,宏正,10,0,10,凱基-北門,2023-06-05,9283
6470,宇智,10,1,9,凱基-北門,2023-06-05,9283
8996,高力,9,0,9,凱基-北門,2023-06-05,9283
1810,和成,10,2,8,凱基-北門,2023-06-05,9283
2344,華邦電,10,2,8,凱基-北門,2023-06-05,9283
6751,智聯服務,8,0,8,凱基-北門,2023-06-05,9283
8450,霹靂,8,0,8,凱基-北門,2023-06-05,9283
00919,群益台灣精選高息,10,3,7,凱基-北門,2023-06-05,9283
1519,華城,15,8,7,凱基-北門,2023-06-05,9283
2913,農林,7,0,7,凱基-北門,2023-06-05,9283
00632R,元大台灣50反1,7,1,6,凱基-北門,2023-06-05,9283
1513,中興電,11,5,6,凱基-北門,2023-06-05,9283
1528,恩德,13,7,6,凱基-北門,2023-06-05,9283
3059,華晶科,10,4,6,凱基-北門,2023-06-05,9283
3630,新鉅科,7,1,6,凱基-北門,2023-06-05,9283
4939,亞電,6,0,6,凱基-北門,2023-06-05,9283
6282,康舒,15,9,6,凱基-北門,2023-06-05,9283
00679B,元大美債20年,6,0,6,凱基-北門,2023-06-05,9283
2337,旺宏,5,0,5,凱基-北門,2023-06-05,9283
1529,樂事綠能,9,4,5,凱基-北門,2023-06-05,9283
2399,映泰,117,1,116,凱基-北門,2023-06-06,9283
00712,復華富時不動產,39,0,39,凱基-北門,2023-06-06,9283
1905,華紙,66,31,35,凱基-北門,2023-06-06,9283
2834,臺企銀,31,0,31,凱基-北門,2023-06-06,9283
2369,菱生,30,0,30,凱基-北門,2023-06-06,9283
6167,久正,51,21,30,凱基-北門,2023-06-06,9283
2025,千興,40,11,29,凱基-北門,2023-06-06,9283
2458,義隆,28,0,28,凱基-北門,2023-06-06,9283
7402,邑錡,28,0,28,凱基-北門,2023-06-06,9283
00679B,元大美債20年,27,0,27,凱基-北門,2023-06-06,9283
4977,眾達-KY,27,2,25,凱基-北門,2023-06-06,9283
2610,華航,34,10,24,凱基-北門,2023-06-06,9283
2402,毅嘉,85,64,21,凱基-北門,2023-06-06,9283
2903,遠百,20,0,20,凱基-北門,2023-06-06,9283
2851,中再保,17,0,17,凱基-北門,2023-06-06,9283
4533,協易機,33,17,16,凱基-北門,2023-06-06,9283
1589,永冠-KY,15,0,15,凱基-北門,2023-06-06,9283
3322,建舜電,15,0,15,凱基-北門,2023-06-06,9283
1609,大亞,585,571,14,凱基-北門,2023-06-06,9283
9945,潤泰新,15,1,14,凱基-北門,2023-06-06,9283
00720B,元大投資級公司債,11,0,11,凱基-北門,2023-06-06,9283
1503,士電,17,6,11,凱基-北門,2023-06-06,9283
8358,金居,13,2,11,凱基-北門,2023-06-06,9283
2867,三商壽,10,0,10,凱基-北門,2023-06-06,9283
6138,茂達,10,0,10,凱基-北門,2023-06-06,9283
6470,宇智,10,0,10,凱基-北門,2023-06-06,9283
8076,伍豐,10,0,10,凱基-北門,2023-06-06,9283
1605,華新,9,0,9,凱基-北門,2023-06-06,9283
3024,憶聲,9,0,9,凱基-北門,2023-06-06,9283
3078,僑威,11,2,9,凱基-北門,2023-06-06,9283
6456,GIS-KY,9,0,9,凱基-北門,2023-06-06,9283
3037,欣興,9,0,9,凱基-北門,2023-06-06,9283
4916,事欣科,40,32,8,凱基-北門,2023-06-06,9283
2103,台橡,7,0,7,凱基-北門,2023-06-06,9283
4147,中裕,8,1,7,凱基-北門,2023-06-06,9283
4967,十銓,8,1,7,凱基-北門,2023-06-06,9283
2634,漢翔,6,0,6,凱基-北門,2023-06-06,9283
2719,燦星旅,6,0,6,凱基-北門,2023-06-06,9283
5704,老爺知,15,9,6,凱基-北門,2023-06-06,9283
6244,茂迪,6,0,6,凱基-北門,2023-06-06,9283
00645,富邦日本,5,0,5,凱基-北門,2023-06-06,9283
00674R,期元大S＆P黃金反1,5,0,5,凱基-北門,2023-06-06,9283
00683L,期元大美元指正2,5,0,5,凱基-北門,2023-06-06,9283
3363,上詮,5,0,5,凱基-北門,2023-06-06,9283
4550,長佳,5,0,5,凱基-北門,2023-06-06,9283
6125,廣運,14,9,5,凱基-北門,2023-06-06,9283
6160,欣技,5,0,5,凱基-北門,2023-06-06,9283
6589,台康生技,5,0,5,凱基-北門,2023-06-06,9283
8446,華研,5,0,5,凱基-北門,2023-06-06,9283
9907,統一實,5,0,5,凱基-北門,2023-06-06,9283
2618,長榮航,131,80,51,凱基-北門,2023-06-07,9283
6494,九齊,30,0,30,凱基-北門,2023-06-07,9283
4543,萬在,29,0,29,凱基-北門,2023-06-07,9283
2610,華航,32,4,28,凱基-北門,2023-06-07,9283
00633L,富邦上証正2,22,1,21,凱基-北門,2023-06-07,9283
6125,廣運,34,13,21,凱基-北門,2023-06-07,9283
00638R,元大滬深300反1,20,0,20,凱基-北門,2023-06-07,9283
5351,鈺創,21,2,19,凱基-北門,2023-06-07,9283
2492,華新科,18,0,18,凱基-北門,2023-06-07,9283
00878,國泰永續高股息,28,11,17,凱基-北門,2023-06-07,9283
2425,承啟,21,4,17,凱基-北門,2023-06-07,9283
6776,展�眥篕�,15,0,15,凱基-北門,2023-06-07,9283
00679B,元大美債20年,14,0,14,凱基-北門,2023-06-07,9283
2458,義隆,15,1,14,凱基-北門,2023-06-07,9283
2888,新光金,39,27,12,凱基-北門,2023-06-07,9283
3163,波若威,14,2,12,凱基-北門,2023-06-07,9283
00706L,期元大S＆P日圓正2,10,0,10,凱基-北門,2023-06-07,9283
00674R,期元大S＆P黃金反1,10,0,10,凱基-北門,2023-06-07,9283
1616,億泰,10,0,10,凱基-北門,2023-06-07,9283
2431,聯昌,10,0,10,凱基-北門,2023-06-07,9283
4533,協易機,13,3,10,凱基-北門,2023-06-07,9283
8215,明基材,10,0,10,凱基-北門,2023-06-07,9283
8930,青鋼,10,0,10,凱基-北門,2023-06-07,9283
5706,鳳凰,20,11,9,凱基-北門,2023-06-07,9283
00897,富邦基因免疫生技,10,1,9,凱基-北門,2023-06-07,9283
2399,映泰,20,11,9,凱基-北門,2023-06-07,9283
3022,威強電,8,0,8,凱基-北門,2023-06-07,9283
3058,立德,10,2,8,凱基-北門,2023-06-07,9283
9105,泰金寶-DR,8,0,8,凱基-北門,2023-06-07,9283
1513,中興電,13,5,8,凱基-北門,2023-06-07,9283
6213,聯茂,7,0,7,凱基-北門,2023-06-07,9283
00632R,元大台灣50反1,7,0,7,凱基-北門,2023-06-07,9283
1810,和成,7,0,7,凱基-北門,2023-06-07,9283
2449,京元電子,7,0,7,凱基-北門,2023-06-07,9283
3027,盛達,15,8,7,凱基-北門,2023-06-07,9283
3094,聯傑,7,0,7,凱基-北門,2023-06-07,9283
4977,眾達-KY,9,2,7,凱基-北門,2023-06-07,9283
1905,華紙,20,14,6,凱基-北門,2023-06-07,9283
2312,金寶,6,0,6,凱基-北門,2023-06-07,9283
2731,雄獅,7,1,6,凱基-北門,2023-06-07,9283
2408,南亞科,6,0,6,凱基-北門,2023-06-07,9283
1762,中化生,5,0,5,凱基-北門,2023-06-07,9283
00713,元大台灣高息低波,5,0,5,凱基-北門,2023-06-07,9283
00683L,期元大美元指正2,5,0,5,凱基-北門,2023-06-07,9283
00753L,中信中國50正2,6,1,5,凱基-北門,2023-06-07,9283
2002,中鋼,5,0,5,凱基-北門,2023-06-07,9283
2017,官田鋼,5,0,5,凱基-北門,2023-06-07,9283
2228,劍麟,5,0,5,凱基-北門,2023-06-07,9283
2313,華通,6,1,5,凱基-北門,2023-06-07,9283
2344,華邦電,8,3,5,凱基-北門,2023-06-07,9283
2888,新光金,155,4,151,凱基-北門,2023-06-08,9283
1217,愛之味,100,0,100,凱基-北門,2023-06-08,9283
2867,三商壽,80,0,80,凱基-北門,2023-06-08,9283
00680L,元大美債20正2,57,0,57,凱基-北門,2023-06-08,9283
00706L,期元大S＆P日圓正2,50,0,50,凱基-北門,2023-06-08,9283
2886,兆豐金,48,3,45,凱基-北門,2023-06-08,9283
0056,元大高股息,41,0,41,凱基-北門,2023-06-08,9283
8421,旭源,40,0,40,凱基-北門,2023-06-08,9283
00878,國泰永續高股息,33,0,33,凱基-北門,2023-06-08,9283
6229,研通,30,0,30,凱基-北門,2023-06-08,9283
1609,大亞,175,146,29,凱基-北門,2023-06-08,9283
4931,新盛力,27,1,26,凱基-北門,2023-06-08,9283
5871,中租-KY,25,0,25,凱基-北門,2023-06-08,9283
3706,神達,24,1,23,凱基-北門,2023-06-08,9283
5511,德昌,22,0,22,凱基-北門,2023-06-08,9283
2402,毅嘉,21,0,21,凱基-北門,2023-06-08,9283
00674R,期元大S＆P黃金反1,20,0,20,凱基-北門,2023-06-08,9283
1504,東元,21,1,20,凱基-北門,2023-06-08,9283
1586,和勤,20,0,20,凱基-北門,2023-06-08,9283
2313,華通,23,3,20,凱基-北門,2023-06-08,9283
2408,南亞科,18,0,18,凱基-北門,2023-06-08,9283
3037,欣興,35,19,16,凱基-北門,2023-06-08,9283
3058,立德,15,0,15,凱基-北門,2023-06-08,9283
2409,友達,14,0,14,凱基-北門,2023-06-08,9283
00720B,元大投資級公司債,13,0,13,凱基-北門,2023-06-08,9283
00679B,元大美債20年,12,0,12,凱基-北門,2023-06-08,9283
3094,聯傑,12,0,12,凱基-北門,2023-06-08,9283
3078,僑威,14,2,12,凱基-北門,2023-06-08,9283
9907,統一實,11,0,11,凱基-北門,2023-06-08,9283
00924,復華S＆P500成長,10,0,10,凱基-北門,2023-06-08,9283
00673R,期元大S＆P原油反1,10,0,10,凱基-北門,2023-06-08,9283
00902,中信電池及儲能,10,0,10,凱基-北門,2023-06-08,9283
2480,敦陽科,10,0,10,凱基-北門,2023-06-08,9283
3338,泰碩,10,0,10,凱基-北門,2023-06-08,9283
5381,合正,10,0,10,凱基-北門,2023-06-08,9283
5531,鄉林,11,1,10,凱基-北門,2023-06-08,9283
6138,茂達,10,0,10,凱基-北門,2023-06-08,9283
6494,九齊,10,0,10,凱基-北門,2023-06-08,9283
8940,新天地,10,0,10,凱基-北門,2023-06-08,9283
2413,環科,9,0,9,凱基-北門,2023-06-08,9283
3011,今皓,9,0,9,凱基-北門,2023-06-08,9283
4934,太極,9,0,9,凱基-北門,2023-06-08,9283
00919,群益台灣精選高息,8,0,8,凱基-北門,2023-06-08,9283
1522,堤維西,8,0,8,凱基-北門,2023-06-08,9283
6180,橘子,11,3,8,凱基-北門,2023-06-08,9283
5439,高技,10,3,7,凱基-北門,2023-06-08,9283
6129,普誠,7,0,7,凱基-北門,2023-06-08,9283
6770,力積電,8,1,7,凱基-北門,2023-06-08,9283
1905,華紙,24,18,6,凱基-北門,2023-06-08,9283
2344,華邦電,11,5,6,凱基-北門,2023-06-08,9283
2618,長榮航,135,51,84,凱基-北門,2023-06-09,9283
1217,愛之味,50,0,50,凱基-北門,2023-06-09,9283
00715L,期街口布蘭特正2,44,3,41,凱基-北門,2023-06-09,9283
6770,力積電,37,1,36,凱基-北門,2023-06-09,9283
00878,國泰永續高股息,48,13,35,凱基-北門,2023-06-09,9283
2458,義隆,34,1,33,凱基-北門,2023-06-09,9283
1504,東元,30,2,28,凱基-北門,2023-06-09,9283
2352,佳世達,30,3,27,凱基-北門,2023-06-09,9283
6494,九齊,20,1,19,凱基-北門,2023-06-09,9283
6142,友勁,17,0,17,凱基-北門,2023-06-09,9283
00674R,期元大S＆P黃金反1,15,0,15,凱基-北門,2023-06-09,9283
1460,宏遠,15,0,15,凱基-北門,2023-06-09,9283
2402,毅嘉,15,0,15,凱基-北門,2023-06-09,9283
2888,新光金,68,54,14,凱基-北門,2023-06-09,9283
3231,緯創,28,16,12,凱基-北門,2023-06-09,9283
2705,六福,15,4,11,凱基-北門,2023-06-09,9283
1533,車王電,21,11,10,凱基-北門,2023-06-09,9283
4755,三福化,10,0,10,凱基-北門,2023-06-09,9283
00712,復華富時不動產,9,0,9,凱基-北門,2023-06-09,9283
5465,富驊,8,0,8,凱基-北門,2023-06-09,9283
6196,帆宣,10,2,8,凱基-北門,2023-06-09,9283
8936,國統,8,0,8,凱基-北門,2023-06-09,9283
1609,大亞,23,15,8,凱基-北門,2023-06-09,9283
00683L,期元大美元指正2,7,0,7,凱基-北門,2023-06-09,9283
2605,新興,7,0,7,凱基-北門,2023-06-09,9283
2356,英業達,12,6,6,凱基-北門,2023-06-09,9283
3252,海灣,6,0,6,凱基-北門,2023-06-09,9283
5388,中磊,6,0,6,凱基-北門,2023-06-09,9283
5871,中租-KY,5,0,5,凱基-北門,2023-06-09,9283
00902,中信電池及儲能,5,0,5,凱基-北門,2023-06-09,9283
00919,群益台灣精選高息,5,0,5,凱基-北門,2023-06-09,9283
2105,正新,5,0,5,凱基-北門,2023-06-09,9283
2332,友訊,5,0,5,凱基-北門,2023-06-09,9283
2337,旺宏,5,0,5,凱基-北門,2023-06-09,9283
2449,京元電子,5,0,5,凱基-北門,2023-06-09,9283
3406,玉晶光,5,0,5,凱基-北門,2023-06-09,9283
3708,上緯投控,5,0,5,凱基-北門,2023-06-09,9283
5258,虹堡,5,0,5,凱基-北門,2023-06-09,9283
5289,宜鼎,5,0,5,凱基-北門,2023-06-09,9283
6133,金橋,5,0,5,凱基-北門,2023-06-09,9283
6195,詩肯,5,0,5,凱基-北門,2023-06-09,9283
8110,華東,5,0,5,凱基-北門,2023-06-09,9283
9907,統一實,5,0,5,凱基-北門,2023-06-09,9283
00795B,中信美國公債20年,4,0,4,凱基-北門,2023-06-09,9283
2103,台橡,4,0,4,凱基-北門,2023-06-09,9283
2408,南亞科,5,1,4,凱基-北門,2023-06-09,9283
2482,連宇,10,6,4,凱基-北門,2023-06-09,9283
2483,百容,4,0,4,凱基-北門,2023-06-09,9283
2731,雄獅,7,3,4,凱基-北門,2023-06-09,9283
2734,易飛網,10,6,4,凱基-北門,2023-06-09,9283
1217,愛之味,200,0,200,凱基-北門,2023-06-12,9283
3059,華晶科,73,0,73,凱基-北門,2023-06-12,9283
00929,復華台灣科技優息,55,1,54,凱基-北門,2023-06-12,9283
2313,華通,51,1,50,凱基-北門,2023-06-12,9283
2903,遠百,50,0,50,凱基-北門,2023-06-12,9283
00919,群益台灣精選高息,48,0,48,凱基-北門,2023-06-12,9283
2890,永豐金,53,7,46,凱基-北門,2023-06-12,9283
00715L,期街口布蘭特正2,45,7,38,凱基-北門,2023-06-12,9283
2388,威盛,43,5,38,凱基-北門,2023-06-12,9283
8936,國統,33,0,33,凱基-北門,2023-06-12,9283
0056,元大高股息,32,1,31,凱基-北門,2023-06-12,9283
3481,群創,26,0,26,凱基-北門,2023-06-12,9283
1536,和大,20,0,20,凱基-北門,2023-06-12,9283
2201,裕隆,20,0,20,凱基-北門,2023-06-12,9283
8028,昇陽半導體,20,0,20,凱基-北門,2023-06-12,9283
3454,晶睿,21,2,19,凱基-北門,2023-06-12,9283
00712,復華富時不動產,18,0,18,凱基-北門,2023-06-12,9283
2312,金寶,21,4,17,凱基-北門,2023-06-12,9283
3356,奇偶,19,4,15,凱基-北門,2023-06-12,9283
6180,橘子,15,0,15,凱基-北門,2023-06-12,9283
2462,良得電,14,0,14,凱基-北門,2023-06-12,9283
8940,新天地,14,0,14,凱基-北門,2023-06-12,9283
2402,毅嘉,61,49,12,凱基-北門,2023-06-12,9283
2382,廣達,12,1,11,凱基-北門,2023-06-12,9283
00772B,中信高評級公司債,11,0,11,凱基-北門,2023-06-12,9283
00642U,期元大S＆P石油,11,0,11,凱基-北門,2023-06-12,9283
1905,華紙,15,4,11,凱基-北門,2023-06-12,9283
2331,精英,13,2,11,凱基-北門,2023-06-12,9283
1312,國喬,10,0,10,凱基-北門,2023-06-12,9283
2413,環科,10,0,10,凱基-北門,2023-06-12,9283
3338,泰碩,11,1,10,凱基-北門,2023-06-12,9283
4906,正文,10,0,10,凱基-北門,2023-06-12,9283
6163,華電網,10,0,10,凱基-北門,2023-06-12,9283
2317,鴻海,29,21,8,凱基-北門,2023-06-12,9283
3515,華擎,8,0,8,凱基-北門,2023-06-12,9283
5009,榮剛,8,0,8,凱基-北門,2023-06-12,9283
9944,新麗,8,0,8,凱基-北門,2023-06-12,9283
1504,東元,13,5,8,凱基-北門,2023-06-12,9283
4977,眾達-KY,14,7,7,凱基-北門,2023-06-12,9283
6129,普誠,7,0,7,凱基-北門,2023-06-12,9283
8011,台通,8,1,7,凱基-北門,2023-06-12,9283
1752,南光,7,0,7,凱基-北門,2023-06-12,9283
5880,合庫金,7,0,7,凱基-北門,2023-06-12,9283
1815,富喬,6,0,6,凱基-北門,2023-06-12,9283
2406,國碩,6,0,6,凱基-北門,2023-06-12,9283
5302,太欣,6,0,6,凱基-北門,2023-06-12,9283
6150,撼訊,6,0,6,凱基-北門,2023-06-12,9283
6532,瑞耘,6,0,6,凱基-北門,2023-06-12,9283
8358,金居,8,2,6,凱基-北門,2023-06-12,9283
1513,中興電,11,6,5,凱基-北門,2023-06-12,9283
00715L,期街口布蘭特正2,207,0,207,凱基-北門,2023-06-13,9283
00673R,期元大S＆P原油反1,100,0,100,凱基-北門,2023-06-13,9283
3715,定穎投控,103,4,99,凱基-北門,2023-06-13,9283
2888,新光金,146,68,78,凱基-北門,2023-06-13,9283
1609,大亞,81,6,75,凱基-北門,2023-06-13,9283
1217,愛之味,71,0,71,凱基-北門,2023-06-13,9283
00642U,期元大S＆P石油,42,0,42,凱基-北門,2023-06-13,9283
6494,九齊,37,0,37,凱基-北門,2023-06-13,9283
2462,良得電,36,0,36,凱基-北門,2023-06-13,9283
2609,陽明,34,1,33,凱基-北門,2023-06-13,9283
00830,國泰費城半導體,30,1,29,凱基-北門,2023-06-13,9283
00645,富邦日本,20,0,20,凱基-北門,2023-06-13,9283
2885,元大金,20,0,20,凱基-北門,2023-06-13,9283
9802,鈺齊-KY,20,0,20,凱基-北門,2023-06-13,9283
2344,華邦電,24,6,18,凱基-北門,2023-06-13,9283
3078,僑威,33,15,18,凱基-北門,2023-06-13,9283
00712,復華富時不動產,17,0,17,凱基-北門,2023-06-13,9283
2353,宏��,15,0,15,凱基-北門,2023-06-13,9283
1608,華榮,15,1,14,凱基-北門,2023-06-13,9283
3055,蔚華科,15,1,14,凱基-北門,2023-06-13,9283
00919,群益台灣精選高息,13,0,13,凱基-北門,2023-06-13,9283
00679B,元大美債20年,12,0,12,凱基-北門,2023-06-13,9283
3035,智原,16,4,12,凱基-北門,2023-06-13,9283
00897,富邦基因免疫生技,10,0,10,凱基-北門,2023-06-13,9283
00857B,永豐20年美公債,10,0,10,凱基-北門,2023-06-13,9283
3712,永崴投控,10,0,10,凱基-北門,2023-06-13,9283
5706,鳳凰,16,6,10,凱基-北門,2023-06-13,9283
6015,宏遠證,10,0,10,凱基-北門,2023-06-13,9283
6148,驊宏資,12,2,10,凱基-北門,2023-06-13,9283
9919,康那香,10,0,10,凱基-北門,2023-06-13,9283
1219,福壽,10,0,10,凱基-北門,2023-06-13,9283
2356,英業達,45,35,10,凱基-北門,2023-06-13,9283
1905,華紙,12,3,9,凱基-北門,2023-06-13,9283
2338,光罩,10,1,9,凱基-北門,2023-06-13,9283
2913,農林,10,1,9,凱基-北門,2023-06-13,9283
4977,眾達-KY,9,0,9,凱基-北門,2023-06-13,9283
5222,全訊,9,0,9,凱基-北門,2023-06-13,9283
5465,富驊,10,1,9,凱基-北門,2023-06-13,9283
3014,聯陽,14,5,9,凱基-北門,2023-06-13,9283
1513,中興電,12,4,8,凱基-北門,2023-06-13,9283
2313,華通,9,2,7,凱基-北門,2023-06-13,9283
2605,新興,7,0,7,凱基-北門,2023-06-13,9283
3015,全漢,8,1,7,凱基-北門,2023-06-13,9283
1720,生達,7,1,6,凱基-北門,2023-06-13,9283
5340,建榮,7,1,6,凱基-北門,2023-06-13,9283
5871,中租-KY,5,0,5,凱基-北門,2023-06-13,9283
3661,世芯-KY,8,3,5,凱基-北門,2023-06-13,9283
00683L,期元大美元指正2,5,0,5,凱基-北門,2023-06-13,9283
1815,富喬,5,0,5,凱基-北門,2023-06-13,9283
2022,聚亨,5,0,5,凱基-北門,2023-06-13,9283
1217,愛之味,400,0,400,凱基-北門,2023-06-14,9283
2610,華航,181,109,72,凱基-北門,2023-06-14,9283
2834,臺企銀,50,1,49,凱基-北門,2023-06-14,9283
1529,樂事綠能,40,0,40,凱基-北門,2023-06-14,9283
2886,兆豐金,32,1,31,凱基-北門,2023-06-14,9283
00673R,期元大S＆P原油反1,30,1,29,凱基-北門,2023-06-14,9283
3163,波若威,26,0,26,凱基-北門,2023-06-14,9283
2356,英業達,59,37,22,凱基-北門,2023-06-14,9283
6799,來頡,20,0,20,凱基-北門,2023-06-14,9283
3217,優群,23,5,18,凱基-北門,2023-06-14,9283
1524,耿鼎,27,9,18,凱基-北門,2023-06-14,9283
00681R,元大美債20反1,17,0,17,凱基-北門,2023-06-14,9283
4510,高鋒,24,7,17,凱基-北門,2023-06-14,9283
2888,新光金,16,2,14,凱基-北門,2023-06-14,9283
2460,建通,14,1,13,凱基-北門,2023-06-14,9283
00919,群益台灣精選高息,11,0,11,凱基-北門,2023-06-14,9283
1584,精剛,12,1,11,凱基-北門,2023-06-14,9283
1907,永豐餘,31,20,11,凱基-北門,2023-06-14,9283
00915,凱基優選高股息30,10,0,10,凱基-北門,2023-06-14,9283
00661,元大日經225,10,0,10,凱基-北門,2023-06-14,9283
1319,東陽,10,0,10,凱基-北門,2023-06-14,9283
1504,東元,15,5,10,凱基-北門,2023-06-14,9283
2425,承啟,10,0,10,凱基-北門,2023-06-14,9283
3035,智原,13,3,10,凱基-北門,2023-06-14,9283
4551,智伸科,10,0,10,凱基-北門,2023-06-14,9283
4564,元翎,13,3,10,凱基-北門,2023-06-14,9283
2228,劍麟,10,1,9,凱基-北門,2023-06-14,9283
2236,百達-KY,9,0,9,凱基-北門,2023-06-14,9283
6150,撼訊,13,4,9,凱基-北門,2023-06-14,9283
2301,光寶科,8,0,8,凱基-北門,2023-06-14,9283
00688L,國泰20年美債正2,8,0,8,凱基-北門,2023-06-14,9283
2406,國碩,8,0,8,凱基-北門,2023-06-14,9283
6789,采鈺,8,0,8,凱基-北門,2023-06-14,9283
8076,伍豐,11,3,8,凱基-北門,2023-06-14,9283
5439,高技,7,0,7,凱基-北門,2023-06-14,9283
5425,台半,7,0,7,凱基-北門,2023-06-14,9283
00679B,元大美債20年,6,0,6,凱基-北門,2023-06-14,9283
00680L,元大美債20正2,6,0,6,凱基-北門,2023-06-14,9283
00753L,中信中國50正2,6,0,6,凱基-北門,2023-06-14,9283
00857B,永豐20年美公債,6,0,6,凱基-北門,2023-06-14,9283
1611,中電,9,3,6,凱基-北門,2023-06-14,9283
6446,藥華藥,6,0,6,凱基-北門,2023-06-14,9283
6698,旭暉應材,6,0,6,凱基-北門,2023-06-14,9283
9907,統一實,6,0,6,凱基-北門,2023-06-14,9283
2002,中鋼,7,1,6,凱基-北門,2023-06-14,9283
00772B,中信高評級公司債,6,0,6,凱基-北門,2023-06-14,9283
1609,大亞,10,4,6,凱基-北門,2023-06-14,9283
2618,長榮航,116,111,5,凱基-北門,2023-06-14,9283
2330,台積電,7,2,5,凱基-北門,2023-06-14,9283
2457,飛宏,24,19,5,凱基-北門,2023-06-14,9283
2610,華航,400,253,147,凱基-北門,2023-06-15,9283
2888,新光金,69,5,64,凱基-北門,2023-06-15,9283
4533,協易機,44,2,42,凱基-北門,2023-06-15,9283
2607,榮運,42,0,42,凱基-北門,2023-06-15,9283
5243,乙盛-KY,30,0,30,凱基-北門,2023-06-15,9283
00715L,期街口布蘭特正2,37,10,27,凱基-北門,2023-06-15,9283
2908,特力,25,0,25,凱基-北門,2023-06-15,9283
00919,群益台灣精選高息,22,0,22,凱基-北門,2023-06-15,9283
2618,長榮航,151,130,21,凱基-北門,2023-06-15,9283
3213,茂訊,20,0,20,凱基-北門,2023-06-15,9283
5460,同協,20,0,20,凱基-北門,2023-06-15,9283
6585,鼎基,20,0,20,凱基-北門,2023-06-15,9283
1760,寶齡富錦,20,0,20,凱基-北門,2023-06-15,9283
1529,樂事綠能,20,1,19,凱基-北門,2023-06-15,9283
00929,復華台灣科技優息,15,0,15,凱基-北門,2023-06-15,9283
2401,凌陽,29,15,14,凱基-北門,2023-06-15,9283
6443,元晶,13,0,13,凱基-北門,2023-06-15,9283
8033,雷虎,14,1,13,凱基-北門,2023-06-15,9283
2886,兆豐金,12,0,12,凱基-北門,2023-06-15,9283
8086,宏捷科,14,3,11,凱基-北門,2023-06-15,9283
00683L,期元大美元指正2,10,0,10,凱基-北門,2023-06-15,9283
1810,和成,10,0,10,凱基-北門,2023-06-15,9283
6218,豪勉,10,0,10,凱基-北門,2023-06-15,9283
9958,世紀鋼,10,0,10,凱基-北門,2023-06-15,9283
2457,飛宏,32,23,9,凱基-北門,2023-06-15,9283
2323,中環,9,0,9,凱基-北門,2023-06-15,9283
3346,麗清,9,0,9,凱基-北門,2023-06-15,9283
6112,邁達特,10,1,9,凱基-北門,2023-06-15,9283
3707,漢磊,11,2,9,凱基-北門,2023-06-15,9283
00878,國泰永續高股息,13,6,7,凱基-北門,2023-06-15,9283
2337,旺宏,15,8,7,凱基-北門,2023-06-15,9283
2344,華邦電,13,6,7,凱基-北門,2023-06-15,9283
2408,南亞科,7,0,7,凱基-北門,2023-06-15,9283
3058,立德,12,5,7,凱基-北門,2023-06-15,9283
3059,華晶科,10,3,7,凱基-北門,2023-06-15,9283
2103,台橡,7,0,7,凱基-北門,2023-06-15,9283
00713,元大台灣高息低波,7,0,7,凱基-北門,2023-06-15,9283
2317,鴻海,6,0,6,凱基-北門,2023-06-15,9283
3029,零壹,22,17,5,凱基-北門,2023-06-15,9283
2352,佳世達,7,2,5,凱基-北門,2023-06-15,9283
00857B,永豐20年美公債,5,0,5,凱基-北門,2023-06-15,9283
1611,中電,11,6,5,凱基-北門,2023-06-15,9283
2405,輔信,5,0,5,凱基-北門,2023-06-15,9283
2462,良得電,5,0,5,凱基-北門,2023-06-15,9283
2855,統一證,5,0,5,凱基-北門,2023-06-15,9283
2903,遠百,5,0,5,凱基-北門,2023-06-15,9283
3078,僑威,13,8,5,凱基-北門,2023-06-15,9283
3265,台星科,5,0,5,凱基-北門,2023-06-15,9283
6005,群益證,5,0,5,凱基-北門,2023-06-15,9283
8050,廣積,10,5,5,凱基-北門,2023-06-15,9283
2801,彰銀,105,0,105,凱基-北門,2023-06-16,9283
3013,晟銘電,100,0,100,凱基-北門,2023-06-16,9283
2618,長榮航,156,100,56,凱基-北門,2023-06-16,9283
2882,國泰金,44,1,43,凱基-北門,2023-06-16,9283
2303,聯電,53,12,41,凱基-北門,2023-06-16,9283
00751B,元大AAA至A公司債,32,2,30,凱基-北門,2023-06-16,9283
1905,華紙,57,31,26,凱基-北門,2023-06-16,9283
5340,建榮,26,0,26,凱基-北門,2023-06-16,9283
3213,茂訊,25,0,25,凱基-北門,2023-06-16,9283
00690,兆豐藍籌30,23,0,23,凱基-北門,2023-06-16,9283
2201,裕隆,22,0,22,凱基-北門,2023-06-16,9283
00929,復華台灣科技優息,21,0,21,凱基-北門,2023-06-16,9283
2332,友訊,21,0,21,凱基-北門,2023-06-16,9283
3576,聯合再生,22,1,21,凱基-北門,2023-06-16,9283
00679B,元大美債20年,25,5,20,凱基-北門,2023-06-16,9283
00687B,國泰20年美債,20,1,19,凱基-北門,2023-06-16,9283
2371,大同,86,67,19,凱基-北門,2023-06-16,9283
1101,台泥,20,2,18,凱基-北門,2023-06-16,9283
2888,新光金,16,0,16,凱基-北門,2023-06-16,9283
2353,宏��,15,0,15,凱基-北門,2023-06-16,9283
6104,創惟,14,0,14,凱基-北門,2023-06-16,9283
2331,精英,18,5,13,凱基-北門,2023-06-16,9283
00673R,期元大S＆P原油反1,12,0,12,凱基-北門,2023-06-16,9283
00728,第一金工業30,12,0,12,凱基-北門,2023-06-16,9283
00919,群益台灣精選高息,11,0,11,凱基-北門,2023-06-16,9283
00753L,中信中國50正2,11,0,11,凱基-北門,2023-06-16,9283
3265,台星科,11,0,11,凱基-北門,2023-06-16,9283
4961,天鈺,11,0,11,凱基-北門,2023-06-16,9283
6180,橘子,14,3,11,凱基-北門,2023-06-16,9283
8050,廣積,12,1,11,凱基-北門,2023-06-16,9283
2382,廣達,13,3,10,凱基-北門,2023-06-16,9283
00674R,期元大S＆P黃金反1,10,0,10,凱基-北門,2023-06-16,9283
2351,順德,10,0,10,凱基-北門,2023-06-16,9283
4147,中裕,10,0,10,凱基-北門,2023-06-16,9283
5704,老爺知,13,3,10,凱基-北門,2023-06-16,9283
9105,泰金寶-DR,10,0,10,凱基-北門,2023-06-16,9283
2106,建大,9,0,9,凱基-北門,2023-06-16,9283
2634,漢翔,15,6,9,凱基-北門,2023-06-16,9283
4931,新盛力,10,1,9,凱基-北門,2023-06-16,9283
00878,國泰永續高股息,9,1,8,凱基-北門,2023-06-16,9283
6223,旺矽,9,1,8,凱基-北門,2023-06-16,9283
6282,康舒,10,2,8,凱基-北門,2023-06-16,9283
2204,中華,7,0,7,凱基-北門,2023-06-16,9283
1605,華新,22,15,7,凱基-北門,2023-06-16,9283
2356,英業達,34,27,7,凱基-北門,2023-06-16,9283
2886,兆豐金,8,1,7,凱基-北門,2023-06-16,9283
3583,辛耘,8,1,7,凱基-北門,2023-06-16,9283
3035,智原,9,2,7,凱基-北門,2023-06-16,9283
0056,元大高股息,14,8,6,凱基-北門,2023-06-16,9283
1210,大成,6,0,6,凱基-北門,2023-06-16,9283
6147,頎邦,75,0,75,凱基-北門,2023-06-19,9283
6116,彩晶,87,16,71,凱基-北門,2023-06-19,9283
8150,南茂,50,1,49,凱基-北門,2023-06-19,9283
00673R,期元大S＆P原油反1,41,0,41,凱基-北門,2023-06-19,9283
3521,鴻翊,40,0,40,凱基-北門,2023-06-19,9283
2332,友訊,32,1,31,凱基-北門,2023-06-19,9283
2888,新光金,30,1,29,凱基-北門,2023-06-19,9283
3213,茂訊,28,1,27,凱基-北門,2023-06-19,9283
4564,元翎,24,0,24,凱基-北門,2023-06-19,9283
2609,陽明,29,8,21,凱基-北門,2023-06-19,9283
1460,宏遠,21,0,21,凱基-北門,2023-06-19,9283
6276,安鈦克,20,0,20,凱基-北門,2023-06-19,9283
3294,英濟,19,0,19,凱基-北門,2023-06-19,9283
00712,復華富時不動產,20,3,17,凱基-北門,2023-06-19,9283
2344,華邦電,17,0,17,凱基-北門,2023-06-19,9283
1513,中興電,31,16,15,凱基-北門,2023-06-19,9283
2421,建準,16,3,13,凱基-北門,2023-06-19,9283
2886,兆豐金,13,0,13,凱基-北門,2023-06-19,9283
2360,致茂,12,0,12,凱基-北門,2023-06-19,9283
1905,華紙,12,1,11,凱基-北門,2023-06-19,9283
6282,康舒,11,0,11,凱基-北門,2023-06-19,9283
2353,宏��,10,0,10,凱基-北門,2023-06-19,9283
00878,國泰永續高股息,12,2,10,凱基-北門,2023-06-19,9283
2408,南亞科,10,0,10,凱基-北門,2023-06-19,9283
3013,晟銘電,10,0,10,凱基-北門,2023-06-19,9283
3712,永崴投控,10,0,10,凱基-北門,2023-06-19,9283
2201,裕隆,9,0,9,凱基-北門,2023-06-19,9283
00715L,期街口布蘭特正2,10,1,9,凱基-北門,2023-06-19,9283
6111,大宇資,10,1,9,凱基-北門,2023-06-19,9283
00655L,國泰中國A50正2,8,0,8,凱基-北門,2023-06-19,9283
2498,宏達電,8,0,8,凱基-北門,2023-06-19,9283
3078,僑威,13,5,8,凱基-北門,2023-06-19,9283
6026,福邦證,8,0,8,凱基-北門,2023-06-19,9283
8033,雷虎,8,0,8,凱基-北門,2023-06-19,9283
1304,台聚,7,0,7,凱基-北門,2023-06-19,9283
3015,全漢,20,13,7,凱基-北門,2023-06-19,9283
1815,富喬,6,0,6,凱基-北門,2023-06-19,9283
4406,新昕纖,6,0,6,凱基-北門,2023-06-19,9283
6196,帆宣,6,0,6,凱基-北門,2023-06-19,9283
1504,東元,6,0,6,凱基-北門,2023-06-19,9283
3056,富華新,5,0,5,凱基-北門,2023-06-19,9283
00772B,中信高評級公司債,5,0,5,凱基-北門,2023-06-19,9283
00688L,國泰20年美債正2,5,0,5,凱基-北門,2023-06-19,9283
00683L,期元大美元指正2,5,0,5,凱基-北門,2023-06-19,9283
00674R,期元大S＆P黃金反1,5,0,5,凱基-北門,2023-06-19,9283
1584,精剛,12,7,5,凱基-北門,2023-06-19,9283
1907,永豐餘,15,10,5,凱基-北門,2023-06-19,9283
2228,劍麟,5,0,5,凱基-北門,2023-06-19,9283
2903,遠百,5,0,5,凱基-北門,2023-06-19,9283
4129,聯合,5,0,5,凱基-北門,2023-06-19,9283
2618,長榮航,144,41,103,凱基-北門,2023-06-20,9283
2337,旺宏,99,1,98,凱基-北門,2023-06-20,9283
1217,愛之味,60,0,60,凱基-北門,2023-06-20,9283
0056,元大高股息,67,8,59,凱基-北門,2023-06-20,9283
6147,頎邦,31,0,31,凱基-北門,2023-06-20,9283
3056,富華新,24,0,24,凱基-北門,2023-06-20,9283
1584,精剛,29,7,22,凱基-北門,2023-06-20,9283
00725B,國泰投資級公司債,20,0,20,凱基-北門,2023-06-20,9283
2903,遠百,20,0,20,凱基-北門,2023-06-20,9283
2457,飛宏,36,20,16,凱基-北門,2023-06-20,9283
6538,倉和,17,1,16,凱基-北門,2023-06-20,9283
00929,復華台灣科技優息,15,0,15,凱基-北門,2023-06-20,9283
1310,台苯,15,0,15,凱基-北門,2023-06-20,9283
1609,大亞,28,14,14,凱基-北門,2023-06-20,9283
00688L,國泰20年美債正2,12,0,12,凱基-北門,2023-06-20,9283
2317,鴻海,16,5,11,凱基-北門,2023-06-20,9283
1210,大成,11,1,10,凱基-北門,2023-06-20,9283
00674R,期元大S＆P黃金反1,10,0,10,凱基-北門,2023-06-20,9283
2402,毅嘉,10,0,10,凱基-北門,2023-06-20,9283
2425,承啟,16,6,10,凱基-北門,2023-06-20,9283
2630,亞航,10,0,10,凱基-北門,2023-06-20,9283
3213,茂訊,10,0,10,凱基-北門,2023-06-20,9283
3521,鴻翊,10,0,10,凱基-北門,2023-06-20,9283
3712,永崴投控,10,0,10,凱基-北門,2023-06-20,9283
4564,元翎,10,0,10,凱基-北門,2023-06-20,9283
5285,界霖,10,0,10,凱基-北門,2023-06-20,9283
5876,上海商銀,10,0,10,凱基-北門,2023-06-20,9283
6244,茂迪,13,3,10,凱基-北門,2023-06-20,9283
3443,創意,10,0,10,凱基-北門,2023-06-20,9283
2461,光群雷,9,0,9,凱基-北門,2023-06-20,9283
2719,燦星旅,10,1,9,凱基-北門,2023-06-20,9283
4744,皇將,9,0,9,凱基-北門,2023-06-20,9283
2609,陽明,10,2,8,凱基-北門,2023-06-20,9283
1103,嘉泥,8,0,8,凱基-北門,2023-06-20,9283
2027,大成鋼,8,0,8,凱基-北門,2023-06-20,9283
5009,榮剛,8,0,8,凱基-北門,2023-06-20,9283
2409,友達,14,7,7,凱基-北門,2023-06-20,9283
2913,農林,7,0,7,凱基-北門,2023-06-20,9283
3049,精金,8,1,7,凱基-北門,2023-06-20,9283
6138,茂達,7,0,7,凱基-北門,2023-06-20,9283
8222,寶一,9,2,7,凱基-北門,2023-06-20,9283
9950,萬國通,10,3,7,凱基-北門,2023-06-20,9283
2454,聯發科,8,2,6,凱基-北門,2023-06-20,9283
1802,台玻,6,0,6,凱基-北門,2023-06-20,9283
00753L,中信中國50正2,7,1,6,凱基-北門,2023-06-20,9283
1446,宏和,6,0,6,凱基-北門,2023-06-20,9283
2230,泰茂,6,0,6,凱基-北門,2023-06-20,9283
2460,建通,20,14,6,凱基-北門,2023-06-20,9283
6271,同欣電,5,0,5,凱基-北門,2023-06-20,9283
2482,連宇,6,1,5,凱基-北門,2023-06-20,9283
9912,偉聯,60,0,60,凱基-北門,2023-06-21,9283
3706,神達,55,2,53,凱基-北門,2023-06-21,9283
1217,愛之味,40,0,40,凱基-北門,2023-06-21,9283
2634,漢翔,82,47,35,凱基-北門,2023-06-21,9283
3521,鴻翊,31,0,31,凱基-北門,2023-06-21,9283
2353,宏��,30,4,26,凱基-北門,2023-06-21,9283
2408,南亞科,20,0,20,凱基-北門,2023-06-21,9283
2704,國賓,20,0,20,凱基-北門,2023-06-21,9283
2707,晶華,20,0,20,凱基-北門,2023-06-21,9283
3481,群創,22,3,19,凱基-北門,2023-06-21,9283
2888,新光金,18,0,18,凱基-北門,2023-06-21,9283
1711,永光,17,0,17,凱基-北門,2023-06-21,9283
2409,友達,21,5,16,凱基-北門,2023-06-21,9283
2425,承啟,15,0,15,凱基-北門,2023-06-21,9283
2312,金寶,18,4,14,凱基-北門,2023-06-21,9283
2337,旺宏,14,1,13,凱基-北門,2023-06-21,9283
3443,創意,14,1,13,凱基-北門,2023-06-21,9283
2609,陽明,15,2,13,凱基-北門,2023-06-21,9283
6244,茂迪,12,0,12,凱基-北門,2023-06-21,9283
6125,廣運,18,7,11,凱基-北門,2023-06-21,9283
2401,凌陽,11,0,11,凱基-北門,2023-06-21,9283
3209,全科,11,0,11,凱基-北門,2023-06-21,9283
6282,康舒,23,12,11,凱基-北門,2023-06-21,9283
00900,富邦特選高股息30,10,0,10,凱基-北門,2023-06-21,9283
1612,宏泰,12,2,10,凱基-北門,2023-06-21,9283
5483,中美晶,10,0,10,凱基-北門,2023-06-21,9283
2305,全友,10,1,9,凱基-北門,2023-06-21,9283
2328,廣宇,10,1,9,凱基-北門,2023-06-21,9283
2705,六福,23,14,9,凱基-北門,2023-06-21,9283
8234,新漢,11,2,9,凱基-北門,2023-06-21,9283
2413,環科,15,7,8,凱基-北門,2023-06-21,9283
5439,高技,8,0,8,凱基-北門,2023-06-21,9283
00688L,國泰20年美債正2,20,13,7,凱基-北門,2023-06-21,9283
1522,堤維西,12,5,7,凱基-北門,2023-06-21,9283
2605,新興,7,0,7,凱基-北門,2023-06-21,9283
3105,穩懋,7,0,7,凱基-北門,2023-06-21,9283
3202,樺晟,7,0,7,凱基-北門,2023-06-21,9283
4904,遠傳,7,0,7,凱基-北門,2023-06-21,9283
6111,大宇資,7,0,7,凱基-北門,2023-06-21,9283
3056,富華新,7,1,6,凱基-北門,2023-06-21,9283
1440,南紡,6,0,6,凱基-北門,2023-06-21,9283
2402,毅嘉,13,7,6,凱基-北門,2023-06-21,9283
3515,華擎,6,0,6,凱基-北門,2023-06-21,9283
00878,國泰永續高股息,11,6,5,凱基-北門,2023-06-21,9283
00770,國泰北美科技,5,0,5,凱基-北門,2023-06-21,9283
00706L,期元大S＆P日圓正2,5,0,5,凱基-北門,2023-06-21,9283
00929,復華台灣科技優息,5,0,5,凱基-北門,2023-06-21,9283
2706,第一店,9,4,5,凱基-北門,2023-06-21,9283
2890,永豐金,5,0,5,凱基-北門,2023-06-21,9283
3213,茂訊,5,0,5,凱基-北門,2023-06-21,9283
00715L,期街口布蘭特正2,71,5,66,凱基-北門,2023-06-26,9283
1802,台玻,56,3,53,凱基-北門,2023-06-26,9283
3715,定穎投控,54,2,52,凱基-北門,2023-06-26,9283
3013,晟銘電,51,0,51,凱基-北門,2023-06-26,9283
1605,華新,50,14,36,凱基-北門,2023-06-26,9283
6282,康舒,28,0,28,凱基-北門,2023-06-26,9283
00929,復華台灣科技優息,27,0,27,凱基-北門,2023-06-26,9283
1905,華紙,114,90,24,凱基-北門,2023-06-26,9283
3706,神達,28,5,23,凱基-北門,2023-06-26,9283
1460,宏遠,20,0,20,凱基-北門,2023-06-26,9283
3049,精金,20,0,20,凱基-北門,2023-06-26,9283
4915,致伸,20,0,20,凱基-北門,2023-06-26,9283
2365,昆盈,21,2,19,凱基-北門,2023-06-26,9283
00882,中信中國高股息,20,2,18,凱基-北門,2023-06-26,9283
6185,幃翔,17,0,17,凱基-北門,2023-06-26,9283
2317,鴻海,26,9,17,凱基-北門,2023-06-26,9283
2408,南亞科,21,5,16,凱基-北門,2023-06-26,9283
00642U,期元大S＆P石油,14,0,14,凱基-北門,2023-06-26,9283
2337,旺宏,16,2,14,凱基-北門,2023-06-26,9283
6111,大宇資,26,12,14,凱基-北門,2023-06-26,9283
6116,彩晶,15,1,14,凱基-北門,2023-06-26,9283
3231,緯創,18,5,13,凱基-北門,2023-06-26,9283
2328,廣宇,13,0,13,凱基-北門,2023-06-26,9283
3481,群創,13,0,13,凱基-北門,2023-06-26,9283
00712,復華富時不動產,12,0,12,凱基-北門,2023-06-26,9283
2705,六福,13,1,12,凱基-北門,2023-06-26,9283
2888,新光金,11,0,11,凱基-北門,2023-06-26,9283
3673,TPK-KY,12,1,11,凱基-北門,2023-06-26,9283
2359,所羅門,10,0,10,凱基-北門,2023-06-26,9283
2867,三商壽,10,0,10,凱基-北門,2023-06-26,9283
3058,立德,10,0,10,凱基-北門,2023-06-26,9283
3702,大聯大,10,0,10,凱基-北門,2023-06-26,9283
4549,桓達,10,0,10,凱基-北門,2023-06-26,9283
6180,橘子,11,1,10,凱基-北門,2023-06-26,9283
6830,汎銓,10,0,10,凱基-北門,2023-06-26,9283
00687B,國泰20年美債,10,1,9,凱基-北門,2023-06-26,9283
2356,英業達,14,5,9,凱基-北門,2023-06-26,9283
1608,華榮,8,0,8,凱基-北門,2023-06-26,9283
2344,華邦電,19,11,8,凱基-北門,2023-06-26,9283
2748,雲品,8,0,8,凱基-北門,2023-06-26,9283
00830,國泰費城半導體,9,1,8,凱基-北門,2023-06-26,9283
2881,富邦金,10,2,8,凱基-北門,2023-06-26,9283
2610,華航,31,24,7,凱基-北門,2023-06-26,9283
1733,五鼎,7,0,7,凱基-北門,2023-06-26,9283
8358,金居,9,2,7,凱基-北門,2023-06-26,9283
00633L,富邦上証正2,6,0,6,凱基-北門,2023-06-26,9283
1301,台塑,6,0,6,凱基-北門,2023-06-26,9283
1522,堤維西,7,1,6,凱基-北門,2023-06-26,9283
2017,官田鋼,6,0,6,凱基-北門,2023-06-26,9283
2457,飛宏,6,0,6,凱基-北門,2023-06-26,9283
3481,群創,234,16,218,凱基-北門,2023-06-27,9283
0056,元大高股息,129,21,108,凱基-北門,2023-06-27,9283
2618,長榮航,138,32,106,凱基-北門,2023-06-27,9283
2312,金寶,105,1,104,凱基-北門,2023-06-27,9283
00706L,期元大S＆P日圓正2,75,0,75,凱基-北門,2023-06-27,9283
1905,華紙,50,5,45,凱基-北門,2023-06-27,9283
2303,聯電,41,1,40,凱基-北門,2023-06-27,9283
2344,華邦電,38,2,36,凱基-北門,2023-06-27,9283
00929,復華台灣科技優息,26,0,26,凱基-北門,2023-06-27,9283
1907,永豐餘,26,2,24,凱基-北門,2023-06-27,9283
6125,廣運,24,1,23,凱基-北門,2023-06-27,9283
6282,康舒,26,4,22,凱基-北門,2023-06-27,9283
2323,中環,20,0,20,凱基-北門,2023-06-27,9283
2409,友達,20,1,19,凱基-北門,2023-06-27,9283
1504,東元,18,0,18,凱基-北門,2023-06-27,9283
2340,台亞,19,4,15,凱基-北門,2023-06-27,9283
2610,華航,49,35,14,凱基-北門,2023-06-27,9283
2201,裕隆,14,0,14,凱基-北門,2023-06-27,9283
2408,南亞科,20,7,13,凱基-北門,2023-06-27,9283
1301,台塑,13,1,12,凱基-北門,2023-06-27,9283
1514,亞力,15,3,12,凱基-北門,2023-06-27,9283
2382,廣達,16,4,12,凱基-北門,2023-06-27,9283
2498,宏達電,12,1,11,凱基-北門,2023-06-27,9283
6185,幃翔,11,0,11,凱基-北門,2023-06-27,9283
1513,中興電,17,7,10,凱基-北門,2023-06-27,9283
2460,建通,10,0,10,凱基-北門,2023-06-27,9283
2611,志信,10,0,10,凱基-北門,2023-06-27,9283
2634,漢翔,16,6,10,凱基-北門,2023-06-27,9283
4915,致伸,10,0,10,凱基-北門,2023-06-27,9283
5475,德宏,10,0,10,凱基-北門,2023-06-27,9283
6138,茂達,10,0,10,凱基-北門,2023-06-27,9283
6508,惠光,10,0,10,凱基-北門,2023-06-27,9283
00882,中信中國高股息,20,11,9,凱基-北門,2023-06-27,9283
2483,百容,9,0,9,凱基-北門,2023-06-27,9283
1533,車王電,8,0,8,凱基-北門,2023-06-27,9283
2371,大同,20,12,8,凱基-北門,2023-06-27,9283
5222,全訊,8,0,8,凱基-北門,2023-06-27,9283
2317,鴻海,7,0,7,凱基-北門,2023-06-27,9283
00712,復華富時不動產,9,2,7,凱基-北門,2023-06-27,9283
1584,精剛,7,0,7,凱基-北門,2023-06-27,9283
2402,毅嘉,7,0,7,凱基-北門,2023-06-27,9283
2486,一詮,7,0,7,凱基-北門,2023-06-27,9283
3704,合勤控,7,0,7,凱基-北門,2023-06-27,9283
1609,大亞,11,5,6,凱基-北門,2023-06-27,9283
2705,六福,6,0,6,凱基-北門,2023-06-27,9283
3038,全台,9,3,6,凱基-北門,2023-06-27,9283
3252,海灣,6,0,6,凱基-北門,2023-06-27,9283
3294,英濟,6,0,6,凱基-北門,2023-06-27,9283
6005,群益證,6,0,6,凱基-北門,2023-06-27,9283
6116,彩晶,6,0,6,凱基-北門,2023-06-27,9283
00715L,期街口布蘭特正2,267,0,267,凱基-北門,2023-06-28,9283
9912,偉聯,65,0,65,凱基-北門,2023-06-28,9283
00642U,期元大S＆P石油,32,0,32,凱基-北門,2023-06-28,9283
00728,第一金工業30,20,0,20,凱基-北門,2023-06-28,9283
5531,鄉林,20,0,20,凱基-北門,2023-06-28,9283
3058,立德,19,1,18,凱基-北門,2023-06-28,9283
3481,群創,22,6,16,凱基-北門,2023-06-28,9283
2610,華航,53,37,16,凱基-北門,2023-06-28,9283
5425,台半,15,0,15,凱基-北門,2023-06-28,9283
3339,泰谷,15,0,15,凱基-北門,2023-06-28,9283
1440,南紡,14,0,14,凱基-北門,2023-06-28,9283
2408,南亞科,14,0,14,凱基-北門,2023-06-28,9283
2328,廣宇,12,0,12,凱基-北門,2023-06-28,9283
3033,威健,11,0,11,凱基-北門,2023-06-28,9283
3231,緯創,20,9,11,凱基-北門,2023-06-28,9283
1907,永豐餘,15,5,10,凱基-北門,2023-06-28,9283
00924,復華S＆P500成長,10,0,10,凱基-北門,2023-06-28,9283
3078,僑威,26,16,10,凱基-北門,2023-06-28,9283
5388,中磊,16,6,10,凱基-北門,2023-06-28,9283
6605,帝寶,10,0,10,凱基-北門,2023-06-28,9283
6830,汎銓,10,0,10,凱基-北門,2023-06-28,9283
6138,茂達,10,0,10,凱基-北門,2023-06-28,9283
1464,得力,8,0,8,凱基-北門,2023-06-28,9283
2201,裕隆,10,2,8,凱基-北門,2023-06-28,9283
2323,中環,14,6,8,凱基-北門,2023-06-28,9283
4128,中天,8,0,8,凱基-北門,2023-06-28,9283
2609,陽明,8,1,7,凱基-北門,2023-06-28,9283
00900,富邦特選高股息30,7,0,7,凱基-北門,2023-06-28,9283
00706L,期元大S＆P日圓正2,7,0,7,凱基-北門,2023-06-28,9283
3714,富采,7,0,7,凱基-北門,2023-06-28,9283
1504,東元,6,0,6,凱基-北門,2023-06-28,9283
00679B,元大美債20年,6,0,6,凱基-北門,2023-06-28,9283
2412,中華電,6,0,6,凱基-北門,2023-06-28,9283
3325,旭品,6,0,6,凱基-北門,2023-06-28,9283
4167,松瑞藥,6,0,6,凱基-北門,2023-06-28,9283
4939,亞電,6,0,6,凱基-北門,2023-06-28,9283
3374,精材,6,0,6,凱基-北門,2023-06-28,9283
3037,欣興,5,0,5,凱基-北門,2023-06-28,9283
00712,復華富時不動產,5,0,5,凱基-北門,2023-06-28,9283
00674R,期元大S＆P黃金反1,5,0,5,凱基-北門,2023-06-28,9283
1201,味全,5,0,5,凱基-北門,2023-06-28,9283
2104,國際中橡,6,1,5,凱基-北門,2023-06-28,9283
3011,今皓,5,0,5,凱基-北門,2023-06-28,9283
3206,志豐,5,0,5,凱基-北門,2023-06-28,9283
3372,典範,5,0,5,凱基-北門,2023-06-28,9283
4173,久裕,5,0,5,凱基-北門,2023-06-28,9283
6197,佳必琪,12,7,5,凱基-北門,2023-06-28,9283
3057,喬鼎,5,1,4,凱基-北門,2023-06-28,9283
1301,台塑,4,0,4,凱基-北門,2023-06-28,9283
1733,五鼎,4,0,4,凱基-北門,2023-06-28,9283
6770,力積電,68,0,68,凱基-北門,2023-06-29,9283
9912,偉聯,55,0,55,凱基-北門,2023-06-29,9283
2618,長榮航,62,11,51,凱基-北門,2023-06-29,9283
4121,優盛,49,12,37,凱基-北門,2023-06-29,9283
4912,聯德控股-KY,30,0,30,凱基-北門,2023-06-29,9283
6605,帝寶,22,0,22,凱基-北門,2023-06-29,9283
2605,新興,20,0,20,凱基-北門,2023-06-29,9283
2331,精英,24,4,20,凱基-北門,2023-06-29,9283
2515,中工,20,0,20,凱基-北門,2023-06-29,9283
8110,華東,21,1,20,凱基-北門,2023-06-29,9283
3481,群創,21,2,19,凱基-北門,2023-06-29,9283
1528,恩德,19,1,18,凱基-北門,2023-06-29,9283
2031,新光鋼,15,0,15,凱基-北門,2023-06-29,9283
2449,京元電子,12,0,12,凱基-北門,2023-06-29,9283
3706,神達,11,0,11,凱基-北門,2023-06-29,9283
1444,力麗,11,0,11,凱基-北門,2023-06-29,9283
00897,富邦基因免疫生技,10,0,10,凱基-北門,2023-06-29,9283
2419,仲琦,20,10,10,凱基-北門,2023-06-29,9283
6191,精成科,11,1,10,凱基-北門,2023-06-29,9283
8150,南茂,10,0,10,凱基-北門,2023-06-29,9283
00693U,期街口S＆P黃豆,9,0,9,凱基-北門,2023-06-29,9283
8011,台通,10,1,9,凱基-北門,2023-06-29,9283
00712,復華富時不動產,8,0,8,凱基-北門,2023-06-29,9283
00893,國泰智能電動車,15,7,8,凱基-北門,2023-06-29,9283
2103,台橡,8,0,8,凱基-北門,2023-06-29,9283
3207,耀勝,19,11,8,凱基-北門,2023-06-29,9283
4157,太景*-KY,9,1,8,凱基-北門,2023-06-29,9283
6190,萬泰科,8,0,8,凱基-北門,2023-06-29,9283
2603,長榮,28,20,8,凱基-北門,2023-06-29,9283
2303,聯電,7,0,7,凱基-北門,2023-06-29,9283
2353,宏��,7,0,7,凱基-北門,2023-06-29,9283
3257,虹冠電,7,0,7,凱基-北門,2023-06-29,9283
1453,大將,6,0,6,凱基-北門,2023-06-29,9283
5009,榮剛,6,0,6,凱基-北門,2023-06-29,9283
8440,綠電,6,0,6,凱基-北門,2023-06-29,9283
2412,中華電,5,0,5,凱基-北門,2023-06-29,9283
00772B,中信高評級公司債,5,0,5,凱基-北門,2023-06-29,9283
2855,統一證,5,0,5,凱基-北門,2023-06-29,9283
3015,全漢,5,0,5,凱基-北門,2023-06-29,9283
4173,久裕,5,0,5,凱基-北門,2023-06-29,9283
6274,台燿,5,0,5,凱基-北門,2023-06-29,9283
6547,高端疫苗,5,0,5,凱基-北門,2023-06-29,9283
8299,群聯,5,0,5,凱基-北門,2023-06-29,9283
8936,國統,11,6,5,凱基-北門,2023-06-29,9283
1440,南紡,4,0,4,凱基-北門,2023-06-29,9283
2736,富野,8,4,4,凱基-北門,2023-06-29,9283
2885,元大金,4,0,4,凱基-北門,2023-06-29,9283
3029,零壹,5,1,4,凱基-北門,2023-06-29,9283
4973,廣穎,4,0,4,凱基-北門,2023-06-29,9283
5704,老爺知,19,15,4,凱基-北門,2023-06-29,9283
1718,中纖,89,0,89,凱基-北門,2023-06-30,9283
5007,三星,50,2,48,凱基-北門,2023-06-30,9283
2344,華邦電,34,0,34,凱基-北門,2023-06-30,9283
00712,復華富時不動產,33,0,33,凱基-北門,2023-06-30,9283
2408,南亞科,34,1,33,凱基-北門,2023-06-30,9283
00680L,元大美債20正2,27,0,27,凱基-北門,2023-06-30,9283
00878,國泰永續高股息,119,93,26,凱基-北門,2023-06-30,9283
3481,群創,20,1,19,凱基-北門,2023-06-30,9283
3058,立德,33,15,18,凱基-北門,2023-06-30,9283
2888,新光金,17,0,17,凱基-北門,2023-06-30,9283
1605,華新,17,2,15,凱基-北門,2023-06-30,9283
4105,東洋,15,0,15,凱基-北門,2023-06-30,9283
4766,南寶,15,0,15,凱基-北門,2023-06-30,9283
8420,明揚,15,0,15,凱基-北門,2023-06-30,9283
2634,漢翔,16,2,14,凱基-北門,2023-06-30,9283
3711,日月光投控,13,0,13,凱基-北門,2023-06-30,9283
6125,廣運,14,1,13,凱基-北門,2023-06-30,9283
4744,皇將,12,0,12,凱基-北門,2023-06-30,9283
00706L,期元大S＆P日圓正2,11,0,11,凱基-北門,2023-06-30,9283
2704,國賓,10,0,10,凱基-北門,2023-06-30,9283
8150,南茂,10,0,10,凱基-北門,2023-06-30,9283
6712,長聖,10,0,10,凱基-北門,2023-06-30,9283
00679B,元大美債20年,14,5,9,凱基-北門,2023-06-30,9283
3260,威剛,10,1,9,凱基-北門,2023-06-30,9283
6111,大宇資,30,21,9,凱基-北門,2023-06-30,9283
00751B,元大AAA至A公司債,8,0,8,凱基-北門,2023-06-30,9283
2402,毅嘉,10,2,8,凱基-北門,2023-06-30,9283
2485,兆赫,10,2,8,凱基-北門,2023-06-30,9283
2884,玉山金,9,1,8,凱基-北門,2023-06-30,9283
2603,長榮,25,17,8,凱基-北門,2023-06-30,9283
00772B,中信高評級公司債,9,2,7,凱基-北門,2023-06-30,9283
00688L,國泰20年美債正2,7,0,7,凱基-北門,2023-06-30,9283
2913,農林,7,0,7,凱基-北門,2023-06-30,9283
4123,晟德,7,0,7,凱基-北門,2023-06-30,9283
6197,佳必琪,7,0,7,凱基-北門,2023-06-30,9283
2618,長榮航,24,17,7,凱基-北門,2023-06-30,9283
2883,凱基金,11,5,6,凱基-北門,2023-06-30,9283
00657,國泰日經225,6,0,6,凱基-北門,2023-06-30,9283
00696B,富邦美債20年,6,0,6,凱基-北門,2023-06-30,9283
00687B,國泰20年美債,9,3,6,凱基-北門,2023-06-30,9283
1217,愛之味,14,8,6,凱基-北門,2023-06-30,9283
1301,台塑,6,0,6,凱基-北門,2023-06-30,9283
2002,中鋼,6,0,6,凱基-北門,2023-06-30,9283
3706,神達,11,5,6,凱基-北門,2023-06-30,9283
00725B,國泰投資級公司債,6,0,6,凱基-北門,2023-06-30,9283
00683L,期元大美元指正2,5,0,5,凱基-北門,2023-06-30,9283
00674R,期元大S＆P黃金反1,5,0,5,凱基-北門,2023-06-30,9283
00761B,國泰A級公司債,5,0,5,凱基-北門,2023-06-30,9283
2472,立隆電,5,0,5,凱基-北門,2023-06-30,9283
3624,光頡,5,0,5,凱基-北門,2023-06-30,9283
3715,定穎投控,50,0,50,凱基-北門,2023-07-03,9283
9912,偉聯,29,0,29,凱基-北門,2023-07-03,9283
0056,元大高股息,35,11,24,凱基-北門,2023-07-03,9283
6190,萬泰科,25,1,24,凱基-北門,2023-07-03,9283
2485,兆赫,21,0,21,凱基-北門,2023-07-03,9283
2408,南亞科,20,0,20,凱基-北門,2023-07-03,9283
3207,耀勝,18,0,18,凱基-北門,2023-07-03,9283
1519,華城,16,1,15,凱基-北門,2023-07-03,9283
6263,普萊德,15,0,15,凱基-北門,2023-07-03,9283
3481,群創,19,4,15,凱基-北門,2023-07-03,9283
2883,凱基金,15,1,14,凱基-北門,2023-07-03,9283
2356,英業達,32,18,14,凱基-北門,2023-07-03,9283
4526,東台,14,1,13,凱基-北門,2023-07-03,9283
1460,宏遠,11,0,11,凱基-北門,2023-07-03,9283
1718,中纖,11,0,11,凱基-北門,2023-07-03,9283
2228,劍麟,11,0,11,凱基-北門,2023-07-03,9283
00706L,期元大S＆P日圓正2,10,0,10,凱基-北門,2023-07-03,9283
00673R,期元大S＆P原油反1,10,0,10,凱基-北門,2023-07-03,9283
1316,上曜,10,0,10,凱基-北門,2023-07-03,9283
1528,恩德,32,22,10,凱基-北門,2023-07-03,9283
2337,旺宏,10,0,10,凱基-北門,2023-07-03,9283
2460,建通,10,0,10,凱基-北門,2023-07-03,9283
4766,南寶,10,0,10,凱基-北門,2023-07-03,9283
6133,金橋,10,0,10,凱基-北門,2023-07-03,9283
6142,友勁,10,0,10,凱基-北門,2023-07-03,9283
6205,詮欣,10,0,10,凱基-北門,2023-07-03,9283
2903,遠百,9,0,9,凱基-北門,2023-07-03,9283
3711,日月光投控,8,1,7,凱基-北門,2023-07-03,9283
3346,麗清,7,0,7,凱基-北門,2023-07-03,9283
3706,神達,10,3,7,凱基-北門,2023-07-03,9283
5426,振發,7,0,7,凱基-北門,2023-07-03,9283
1219,福壽,6,0,6,凱基-北門,2023-07-03,9283
1305,華夏,6,0,6,凱基-北門,2023-07-03,9283
2457,飛宏,14,8,6,凱基-北門,2023-07-03,9283
4168,醣聯,6,0,6,凱基-北門,2023-07-03,9283
1301,台塑,5,0,5,凱基-北門,2023-07-03,9283
1310,台苯,5,0,5,凱基-北門,2023-07-03,9283
1524,耿鼎,5,0,5,凱基-北門,2023-07-03,9283
1605,華新,15,10,5,凱基-北門,2023-07-03,9283
2342,茂矽,5,0,5,凱基-北門,2023-07-03,9283
3044,健鼎,5,0,5,凱基-北門,2023-07-03,9283
3045,台灣大,5,0,5,凱基-北門,2023-07-03,9283
3047,訊舟,5,0,5,凱基-北門,2023-07-03,9283
3231,緯創,33,28,5,凱基-北門,2023-07-03,9283
3703,欣陸,5,0,5,凱基-北門,2023-07-03,9283
5452,佶優,5,0,5,凱基-北門,2023-07-03,9283
6148,驊宏資,5,0,5,凱基-北門,2023-07-03,9283
8390,金益鼎,5,0,5,凱基-北門,2023-07-03,9283
1795,美時,4,0,4,凱基-北門,2023-07-03,9283
1464,得力,4,0,4,凱基-北門,2023-07-03,9283
3231,緯創,188,12,176,凱基-北門,2023-07-04,9283
00712,復華富時不動產,200,52,148,凱基-北門,2023-07-04,9283
2382,廣達,127,28,99,凱基-北門,2023-07-04,9283
0056,元大高股息,58,1,57,凱基-北門,2023-07-04,9283
6789,采鈺,37,2,35,凱基-北門,2023-07-04,9283
2317,鴻海,35,1,34,凱基-北門,2023-07-04,9283
2344,華邦電,35,1,34,凱基-北門,2023-07-04,9283
6125,廣運,30,1,29,凱基-北門,2023-07-04,9283
2615,萬海,42,19,23,凱基-北門,2023-07-04,9283
3576,聯合再生,23,0,23,凱基-北門,2023-07-04,9283
2354,鴻準,20,0,20,凱基-北門,2023-07-04,9283
6116,彩晶,20,0,20,凱基-北門,2023-07-04,9283
2485,兆赫,15,0,15,凱基-北門,2023-07-04,9283
6112,邁達特,17,3,14,凱基-北門,2023-07-04,9283
2337,旺宏,12,0,12,凱基-北門,2023-07-04,9283
2637,慧洋-KY,12,0,12,凱基-北門,2023-07-04,9283
6776,展�眥篕�,12,0,12,凱基-北門,2023-07-04,9283
2883,凱基金,18,6,12,凱基-北門,2023-07-04,9283
2457,飛宏,25,14,11,凱基-北門,2023-07-04,9283
3141,晶宏,11,0,11,凱基-北門,2023-07-04,9283
9912,偉聯,11,0,11,凱基-北門,2023-07-04,9283
1802,台玻,10,0,10,凱基-北門,2023-07-04,9283
1904,正隆,10,0,10,凱基-北門,2023-07-04,9283
2408,南亞科,10,0,10,凱基-北門,2023-07-04,9283
5531,鄉林,10,0,10,凱基-北門,2023-07-04,9283
2887,台新金,11,1,10,凱基-北門,2023-07-04,9283
8150,南茂,10,1,9,凱基-北門,2023-07-04,9283
9919,康那香,10,1,9,凱基-北門,2023-07-04,9283
1786,科妍,8,0,8,凱基-北門,2023-07-04,9283
1905,華紙,62,54,8,凱基-北門,2023-07-04,9283
1301,台塑,7,0,7,凱基-北門,2023-07-04,9283
2460,建通,7,0,7,凱基-北門,2023-07-04,9283
2486,一詮,7,0,7,凱基-北門,2023-07-04,9283
2736,富野,8,1,7,凱基-北門,2023-07-04,9283
3558,神準,7,0,7,凱基-北門,2023-07-04,9283
4915,致伸,7,0,7,凱基-北門,2023-07-04,9283
1215,卜蜂,6,0,6,凱基-北門,2023-07-04,9283
1513,中興電,7,1,6,凱基-北門,2023-07-04,9283
6589,台康生技,6,0,6,凱基-北門,2023-07-04,9283
2884,玉山金,7,2,5,凱基-北門,2023-07-04,9283
00929,復華台灣科技優息,5,0,5,凱基-北門,2023-07-04,9283
00657,國泰日經225,5,0,5,凱基-北門,2023-07-04,9283
00683L,期元大美元指正2,5,0,5,凱基-北門,2023-07-04,9283
1337,再生-KY,5,0,5,凱基-北門,2023-07-04,9283
1796,金穎生技,5,0,5,凱基-北門,2023-07-04,9283
2025,千興,5,0,5,凱基-北門,2023-07-04,9283
2342,茂矽,5,0,5,凱基-北門,2023-07-04,9283
2461,光群雷,5,0,5,凱基-北門,2023-07-04,9283
2617,台航,5,0,5,凱基-北門,2023-07-04,9283
2913,農林,7,2,5,凱基-北門,2023-07-04,9283
0056,元大高股息,112,1,111,凱基-北門,2023-07-05,9283
2610,華航,140,43,97,凱基-北門,2023-07-05,9283
00673R,期元大S＆P原油反1,81,0,81,凱基-北門,2023-07-05,9283
2402,毅嘉,158,78,80,凱基-北門,2023-07-05,9283
8112,至上,74,0,74,凱基-北門,2023-07-05,9283
2408,南亞科,76,4,72,凱基-北門,2023-07-05,9283
2618,長榮航,133,66,67,凱基-北門,2023-07-05,9283
00679B,元大美債20年,61,0,61,凱基-北門,2023-07-05,9283
2489,瑞軒,36,0,36,凱基-北門,2023-07-05,9283
3047,訊舟,35,0,35,凱基-北門,2023-07-05,9283
2317,鴻海,33,3,30,凱基-北門,2023-07-05,9283
3058,立德,30,0,30,凱基-北門,2023-07-05,9283
6605,帝寶,31,2,29,凱基-北門,2023-07-05,9283
2332,友訊,23,0,23,凱基-北門,2023-07-05,9283
2401,凌陽,21,0,21,凱基-北門,2023-07-05,9283
1342,八貫,20,0,20,凱基-北門,2023-07-05,9283
1568,倉佑,20,0,20,凱基-北門,2023-07-05,9283
8034,榮群,20,0,20,凱基-北門,2023-07-05,9283
6168,宏齊,20,1,19,凱基-北門,2023-07-05,9283
4934,太極,23,6,17,凱基-北門,2023-07-05,9283
00929,復華台灣科技優息,13,0,13,凱基-北門,2023-07-05,9283
4953,緯軟,13,1,12,凱基-北門,2023-07-05,9283
4919,新唐,11,0,11,凱基-北門,2023-07-05,9283
3231,緯創,20,10,10,凱基-北門,2023-07-05,9283
2883,凱基金,10,0,10,凱基-北門,2023-07-05,9283
2025,千興,10,0,10,凱基-北門,2023-07-05,9283
3083,網龍,10,0,10,凱基-北門,2023-07-05,9283
3325,旭品,10,0,10,凱基-北門,2023-07-05,9283
4927,泰鼎-KY,10,0,10,凱基-北門,2023-07-05,9283
6116,彩晶,10,0,10,凱基-北門,2023-07-05,9283
6485,點序,10,0,10,凱基-北門,2023-07-05,9283
8027,鈦昇,10,0,10,凱基-北門,2023-07-05,9283
3027,盛達,16,7,9,凱基-北門,2023-07-05,9283
4977,眾達-KY,10,1,9,凱基-北門,2023-07-05,9283
00878,國泰永續高股息,20,12,8,凱基-北門,2023-07-05,9283
3545,敦泰,8,0,8,凱基-北門,2023-07-05,9283
1440,南紡,7,0,7,凱基-北門,2023-07-05,9283
2201,裕隆,10,3,7,凱基-北門,2023-07-05,9283
3057,喬鼎,7,0,7,凱基-北門,2023-07-05,9283
3265,台星科,8,1,7,凱基-北門,2023-07-05,9283
00751B,元大AAA至A公司債,6,0,6,凱基-北門,2023-07-05,9283
3003,健和興,6,0,6,凱基-北門,2023-07-05,9283
6125,廣運,8,2,6,凱基-北門,2023-07-05,9283
1513,中興電,6,1,5,凱基-北門,2023-07-05,9283
00927,群益半導體收益,5,0,5,凱基-北門,2023-07-05,9283
5512,力麒,5,0,5,凱基-北門,2023-07-05,9283
00693U,期街口S＆P黃豆,5,0,5,凱基-北門,2023-07-05,9283
1802,台玻,5,0,5,凱基-北門,2023-07-05,9283
4916,事欣科,6,1,5,凱基-北門,2023-07-05,9283
6133,金橋,5,0,5,凱基-北門,2023-07-05,9283
6770,力積電,141,0,141,凱基-北門,2023-07-06,9283
2382,廣達,113,10,103,凱基-北門,2023-07-06,9283
00673R,期元大S＆P原油反1,67,0,67,凱基-北門,2023-07-06,9283
1718,中纖,50,0,50,凱基-北門,2023-07-06,9283
3013,晟銘電,124,74,50,凱基-北門,2023-07-06,9283
00929,復華台灣科技優息,54,5,49,凱基-北門,2023-07-06,9283
00632R,元大台灣50反1,43,4,39,凱基-北門,2023-07-06,9283
2485,兆赫,36,0,36,凱基-北門,2023-07-06,9283
0056,元大高股息,55,20,35,凱基-北門,2023-07-06,9283
9912,偉聯,29,0,29,凱基-北門,2023-07-06,9283
2317,鴻海,29,2,27,凱基-北門,2023-07-06,9283
2483,百容,25,0,25,凱基-北門,2023-07-06,9283
00680L,元大美債20正2,23,0,23,凱基-北門,2023-07-06,9283
2883,凱基金,23,2,21,凱基-北門,2023-07-06,9283
00725B,國泰投資級公司債,20,0,20,凱基-北門,2023-07-06,9283
8390,金益鼎,20,0,20,凱基-北門,2023-07-06,9283
00878,國泰永續高股息,29,11,18,凱基-北門,2023-07-06,9283
3027,盛達,17,0,17,凱基-北門,2023-07-06,9283
6111,大宇資,20,4,16,凱基-北門,2023-07-06,9283
00687B,國泰20年美債,15,0,15,凱基-北門,2023-07-06,9283
2025,千興,15,0,15,凱基-北門,2023-07-06,9283
2328,廣宇,15,0,15,凱基-北門,2023-07-06,9283
2891,中信金,15,0,15,凱基-北門,2023-07-06,9283
5425,台半,25,10,15,凱基-北門,2023-07-06,9283
00679B,元大美債20年,16,2,14,凱基-北門,2023-07-06,9283
1905,華紙,14,0,14,凱基-北門,2023-07-06,9283
2610,華航,23,10,13,凱基-北門,2023-07-06,9283
2885,元大金,13,0,13,凱基-北門,2023-07-06,9283
2330,台積電,12,0,12,凱基-北門,2023-07-06,9283
00751B,元大AAA至A公司債,12,0,12,凱基-北門,2023-07-06,9283
2329,華泰,18,6,12,凱基-北門,2023-07-06,9283
3037,欣興,11,0,11,凱基-北門,2023-07-06,9283
00696B,富邦美債20年,11,0,11,凱基-北門,2023-07-06,9283
3049,精金,17,6,11,凱基-北門,2023-07-06,9283
4979,華星光,35,24,11,凱基-北門,2023-07-06,9283
6550,北極星藥業-KY,11,0,11,凱基-北門,2023-07-06,9283
9907,統一實,11,0,11,凱基-北門,2023-07-06,9283
00902,中信電池及儲能,10,0,10,凱基-北門,2023-07-06,9283
1603,華電,10,0,10,凱基-北門,2023-07-06,9283
5381,合正,10,0,10,凱基-北門,2023-07-06,9283
5388,中磊,21,11,10,凱基-北門,2023-07-06,9283
6242,立康,10,0,10,凱基-北門,2023-07-06,9283
6244,茂迪,11,1,10,凱基-北門,2023-07-06,9283
8150,南茂,11,1,10,凱基-北門,2023-07-06,9283
9919,康那香,10,0,10,凱基-北門,2023-07-06,9283
00772B,中信高評級公司債,9,0,9,凱基-北門,2023-07-06,9283
2002,中鋼,9,0,9,凱基-北門,2023-07-06,9283
2887,台新金,11,2,9,凱基-北門,2023-07-06,9283
3564,其陽,10,1,9,凱基-北門,2023-07-06,9283
4915,致伸,9,0,9,凱基-北門,2023-07-06,9283
00929,復華台灣科技優息,149,0,149,凱基-北門,2023-07-07,9283
00632R,元大台灣50反1,110,4,106,凱基-北門,2023-07-07,9283
2344,華邦電,95,1,94,凱基-北門,2023-07-07,9283
2610,華航,95,21,74,凱基-北門,2023-07-07,9283
3481,群創,46,2,44,凱基-北門,2023-07-07,9283
00680L,元大美債20正2,37,0,37,凱基-北門,2023-07-07,9283
1101,台泥,36,0,36,凱基-北門,2023-07-07,9283
00679B,元大美債20年,40,5,35,凱基-北門,2023-07-07,9283
4533,協易機,26,2,24,凱基-北門,2023-07-07,9283
00725B,國泰投資級公司債,20,0,20,凱基-北門,2023-07-07,9283
2801,彰銀,20,0,20,凱基-北門,2023-07-07,9283
6830,汎銓,20,0,20,凱基-北門,2023-07-07,9283
2340,台亞,32,12,20,凱基-北門,2023-07-07,9283
2457,飛宏,40,21,19,凱基-北門,2023-07-07,9283
2888,新光金,17,0,17,凱基-北門,2023-07-07,9283
00772B,中信高評級公司債,14,0,14,凱基-北門,2023-07-07,9283
1711,永光,17,3,14,凱基-北門,2023-07-07,9283
1905,華紙,16,2,14,凱基-北門,2023-07-07,9283
1301,台塑,13,0,13,凱基-北門,2023-07-07,9283
6125,廣運,18,5,13,凱基-北門,2023-07-07,9283
1584,精剛,14,2,12,凱基-北門,2023-07-07,9283
00688L,國泰20年美債正2,12,0,12,凱基-北門,2023-07-07,9283
2408,南亞科,12,0,12,凱基-北門,2023-07-07,9283
2483,百容,12,0,12,凱基-北門,2023-07-07,9283
2883,凱基金,11,0,11,凱基-北門,2023-07-07,9283
2884,玉山金,11,0,11,凱基-北門,2023-07-07,9283
8150,南茂,11,0,11,凱基-北門,2023-07-07,9283
00897,富邦基因免疫生技,11,0,11,凱基-北門,2023-07-07,9283
2618,長榮航,43,32,11,凱基-北門,2023-07-07,9283
2328,廣宇,11,1,10,凱基-北門,2023-07-07,9283
3047,訊舟,10,0,10,凱基-北門,2023-07-07,9283
3443,創意,10,0,10,凱基-北門,2023-07-07,9283
3715,定穎投控,10,0,10,凱基-北門,2023-07-07,9283
4503,金雨,10,0,10,凱基-北門,2023-07-07,9283
6142,友勁,20,10,10,凱基-北門,2023-07-07,9283
7402,邑錡,10,0,10,凱基-北門,2023-07-07,9283
00751B,元大AAA至A公司債,9,0,9,凱基-北門,2023-07-07,9283
3025,星通,14,5,9,凱基-北門,2023-07-07,9283
00773B,中信優先金融債,9,1,8,凱基-北門,2023-07-07,9283
3046,建��,8,0,8,凱基-北門,2023-07-07,9283
4526,東台,12,5,7,凱基-北門,2023-07-07,9283
4934,太極,17,10,7,凱基-北門,2023-07-07,9283
6111,大宇資,19,12,7,凱基-北門,2023-07-07,9283
3362,先進光,17,10,7,凱基-北門,2023-07-07,9283
2887,台新金,6,0,6,凱基-北門,2023-07-07,9283
2890,永豐金,6,0,6,凱基-北門,2023-07-07,9283
00696B,富邦美債20年,6,0,6,凱基-北門,2023-07-07,9283
00673R,期元大S＆P原油反1,6,0,6,凱基-北門,2023-07-07,9283
2303,聯電,8,2,6,凱基-北門,2023-07-07,9283
3265,台星科,7,1,6,凱基-北門,2023-07-07,9283
00679B,元大美債20年,84,0,84,凱基-北門,2023-07-10,9283
5426,振發,72,0,72,凱基-北門,2023-07-10,9283
00673R,期元大S＆P原油反1,70,0,70,凱基-北門,2023-07-10,9283
2344,華邦電,70,1,69,凱基-北門,2023-07-10,9283
9912,偉聯,65,2,63,凱基-北門,2023-07-10,9283
2313,華通,61,1,60,凱基-北門,2023-07-10,9283
3078,僑威,35,1,34,凱基-北門,2023-07-10,9283
2228,劍麟,30,0,30,凱基-北門,2023-07-10,9283
00882,中信中國高股息,27,0,27,凱基-北門,2023-07-10,9283
00929,復華台灣科技優息,27,0,27,凱基-北門,2023-07-10,9283
5392,能率,27,2,25,凱基-北門,2023-07-10,9283
00687B,國泰20年美債,20,0,20,凱基-北門,2023-07-10,9283
5488,松普,20,0,20,凱基-北門,2023-07-10,9283
1101,台泥,16,0,16,凱基-北門,2023-07-10,9283
00773B,中信優先金融債,16,0,16,凱基-北門,2023-07-10,9283
3234,光環,16,1,15,凱基-北門,2023-07-10,9283
5381,合正,15,0,15,凱基-北門,2023-07-10,9283
00680L,元大美債20正2,13,0,13,凱基-北門,2023-07-10,9283
2883,凱基金,14,1,13,凱基-北門,2023-07-10,9283
00751B,元大AAA至A公司債,12,0,12,凱基-北門,2023-07-10,9283
2457,飛宏,24,12,12,凱基-北門,2023-07-10,9283
6282,康舒,20,8,12,凱基-北門,2023-07-10,9283
6182,合晶,11,0,11,凱基-北門,2023-07-10,9283
8071,能率網通,11,0,11,凱基-北門,2023-07-10,9283
00764B,群益25年美債,10,0,10,凱基-北門,2023-07-10,9283
1440,南紡,10,0,10,凱基-北門,2023-07-10,9283
1540,喬福,11,1,10,凱基-北門,2023-07-10,9283
1611,中電,10,0,10,凱基-北門,2023-07-10,9283
1612,宏泰,10,0,10,凱基-北門,2023-07-10,9283
2460,建通,10,0,10,凱基-北門,2023-07-10,9283
2634,漢翔,10,0,10,凱基-北門,2023-07-10,9283
2801,彰銀,10,0,10,凱基-北門,2023-07-10,9283
6026,福邦證,11,1,10,凱基-北門,2023-07-10,9283
8390,金益鼎,10,0,10,凱基-北門,2023-07-10,9283
9950,萬國通,10,0,10,凱基-北門,2023-07-10,9283
1504,東元,10,1,9,凱基-北門,2023-07-10,9283
2891,中信金,10,1,9,凱基-北門,2023-07-10,9283
3038,全台,11,2,9,凱基-北門,2023-07-10,9283
5425,台半,11,2,9,凱基-北門,2023-07-10,9283
2329,華泰,11,3,8,凱基-北門,2023-07-10,9283
2353,宏��,11,3,8,凱基-北門,2023-07-10,9283
00696B,富邦美債20年,7,0,7,凱基-北門,2023-07-10,9283
2031,新光鋼,7,0,7,凱基-北門,2023-07-10,9283
2515,中工,7,0,7,凱基-北門,2023-07-10,9283
3707,漢磊,12,5,7,凱基-北門,2023-07-10,9283
2317,鴻海,6,0,6,凱基-北門,2023-07-10,9283
3049,精金,6,0,6,凱基-北門,2023-07-10,9283
4126,太醫,6,0,6,凱基-北門,2023-07-10,9283
4563,百德,6,0,6,凱基-北門,2023-07-10,9283
4960,誠美材,6,0,6,凱基-北門,2023-07-10,9283
00679B,元大美債20年,36,0,36,凱基-北門,2023-07-11,9283
9912,偉聯,30,0,30,凱基-北門,2023-07-11,9283
00673R,期元大S＆P原油反1,26,4,22,凱基-北門,2023-07-11,9283
3054,立萬利,22,0,22,凱基-北門,2023-07-11,9283
4526,東台,25,3,22,凱基-北門,2023-07-11,9283
5519,隆大,20,0,20,凱基-北門,2023-07-11,9283
5009,榮剛,19,0,19,凱基-北門,2023-07-11,9283
3037,欣興,20,2,18,凱基-北門,2023-07-11,9283
2303,聯電,15,0,15,凱基-北門,2023-07-11,9283
6188,廣明,21,6,15,凱基-北門,2023-07-11,9283
8071,能率網通,16,2,14,凱基-北門,2023-07-11,9283
6285,啟��,28,15,13,凱基-北門,2023-07-11,9283
2340,台亞,26,14,12,凱基-北門,2023-07-11,9283
2883,凱基金,12,0,12,凱基-北門,2023-07-11,9283
2317,鴻海,11,0,11,凱基-北門,2023-07-11,9283
00773B,中信優先金融債,11,0,11,凱基-北門,2023-07-11,9283
00632R,元大台灣50反1,81,70,11,凱基-北門,2023-07-11,9283
1609,大亞,39,28,11,凱基-北門,2023-07-11,9283
1466,聚隆,10,0,10,凱基-北門,2023-07-11,9283
1528,恩德,10,0,10,凱基-北門,2023-07-11,9283
2228,劍麟,10,0,10,凱基-北門,2023-07-11,9283
2460,建通,10,0,10,凱基-北門,2023-07-11,9283
2801,彰銀,10,0,10,凱基-北門,2023-07-11,9283
3025,星通,23,13,10,凱基-北門,2023-07-11,9283
4743,合一,11,1,10,凱基-北門,2023-07-11,9283
1795,美時,10,0,10,凱基-北門,2023-07-11,9283
1101,台泥,9,0,9,凱基-北門,2023-07-11,9283
2356,英業達,23,14,9,凱基-北門,2023-07-11,9283
3707,漢磊,11,2,9,凱基-北門,2023-07-11,9283
4532,瑞智,10,1,9,凱基-北門,2023-07-11,9283
8926,台汽電,8,0,8,凱基-北門,2023-07-11,9283
1809,中釉,8,0,8,凱基-北門,2023-07-11,9283
6288,聯嘉,15,8,7,凱基-北門,2023-07-11,9283
1605,華新,7,0,7,凱基-北門,2023-07-11,9283
4953,緯軟,11,4,7,凱基-北門,2023-07-11,9283
6182,合晶,8,1,7,凱基-北門,2023-07-11,9283
6266,泰詠,7,1,6,凱基-北門,2023-07-11,9283
1796,金穎生技,6,0,6,凱基-北門,2023-07-11,9283
2323,中環,6,0,6,凱基-北門,2023-07-11,9283
2605,新興,6,0,6,凱基-北門,2023-07-11,9283
3374,精材,12,6,6,凱基-北門,2023-07-11,9283
3652,精聯,6,0,6,凱基-北門,2023-07-11,9283
4906,正文,7,1,6,凱基-北門,2023-07-11,9283
00687B,國泰20年美債,5,0,5,凱基-北門,2023-07-11,9283
1604,聲寶,6,1,5,凱基-北門,2023-07-11,9283
2419,仲琦,14,9,5,凱基-北門,2023-07-11,9283
2614,東森,5,0,5,凱基-北門,2023-07-11,9283
3710,連展投控,5,0,5,凱基-北門,2023-07-11,9283
4164,承業醫,5,0,5,凱基-北門,2023-07-11,9283
4934,太極,14,9,5,凱基-北門,2023-07-11,9283
00632R,元大台灣50反1,150,18,132,凱基-北門,2023-07-12,9283
2344,華邦電,125,7,118,凱基-北門,2023-07-12,9283
00679B,元大美債20年,66,0,66,凱基-北門,2023-07-12,9283
1101,台泥,43,1,42,凱基-北門,2023-07-12,9283
2601,益航,40,0,40,凱基-北門,2023-07-12,9283
00773B,中信優先金融債,30,0,30,凱基-北門,2023-07-12,9283
3062,建漢,30,0,30,凱基-北門,2023-07-12,9283
9912,偉聯,26,0,26,凱基-北門,2023-07-12,9283
2614,東森,23,0,23,凱基-北門,2023-07-12,9283
3025,星通,30,10,20,凱基-北門,2023-07-12,9283
3054,立萬利,20,0,20,凱基-北門,2023-07-12,9283
2356,英業達,44,27,17,凱基-北門,2023-07-12,9283
6282,康舒,30,13,17,凱基-北門,2023-07-12,9283
00673R,期元大S＆P原油反1,26,10,16,凱基-北門,2023-07-12,9283
2409,友達,15,0,15,凱基-北門,2023-07-12,9283
1513,中興電,15,2,13,凱基-北門,2023-07-12,9283
5009,榮剛,13,0,13,凱基-北門,2023-07-12,9283
2303,聯電,15,4,11,凱基-北門,2023-07-12,9283
2329,華泰,11,0,11,凱基-北門,2023-07-12,9283
3706,神達,34,23,11,凱基-北門,2023-07-12,9283
020022,元大電動車N,10,0,10,凱基-北門,2023-07-12,9283
00724B,群益投資級金融債,10,0,10,凱基-北門,2023-07-12,9283
00722B,群益投資級電信債,10,0,10,凱基-北門,2023-07-12,9283
00680L,元大美債20正2,9,0,9,凱基-北門,2023-07-12,9283
2812,台中銀,9,0,9,凱基-北門,2023-07-12,9283
5258,虹堡,32,23,9,凱基-北門,2023-07-12,9283
2489,瑞軒,9,0,9,凱基-北門,2023-07-12,9283
8227,巨有科技,8,0,8,凱基-北門,2023-07-12,9283
8050,廣積,9,1,8,凱基-北門,2023-07-12,9283
8210,勤誠,17,9,8,凱基-北門,2023-07-12,9283
00712,復華富時不動產,7,0,7,凱基-北門,2023-07-12,9283
00688L,國泰20年美債正2,7,0,7,凱基-北門,2023-07-12,9283
2353,宏��,10,3,7,凱基-北門,2023-07-12,9283
2425,承啟,8,1,7,凱基-北門,2023-07-12,9283
6770,力積電,8,1,7,凱基-北門,2023-07-12,9283
8926,台汽電,6,0,6,凱基-北門,2023-07-12,9283
1604,聲寶,6,0,6,凱基-北門,2023-07-12,9283
2605,新興,6,0,6,凱基-北門,2023-07-12,9283
2888,新光金,6,0,6,凱基-北門,2023-07-12,9283
3652,精聯,6,0,6,凱基-北門,2023-07-12,9283
5285,界霖,7,1,6,凱基-北門,2023-07-12,9283
2481,強茂,7,2,5,凱基-北門,2023-07-12,9283
5871,中租-KY,5,0,5,凱基-北門,2023-07-12,9283
00637L,元大滬深300正2,5,0,5,凱基-北門,2023-07-12,9283
1540,喬福,5,0,5,凱基-北門,2023-07-12,9283
2399,映泰,8,3,5,凱基-北門,2023-07-12,9283
2801,彰銀,5,0,5,凱基-北門,2023-07-12,9283
3704,合勤控,5,0,5,凱基-北門,2023-07-12,9283
4766,南寶,5,0,5,凱基-北門,2023-07-12,9283
8358,金居,6,1,5,凱基-北門,2023-07-12,9283
00632R,元大台灣50反1,206,17,189,凱基-北門,2023-07-13,9283
00679B,元大美債20年,52,0,52,凱基-北門,2023-07-13,9283
1718,中纖,50,0,50,凱基-北門,2023-07-13,9283
2431,聯昌,50,0,50,凱基-北門,2023-07-13,9283
2883B,凱基金乙特,50,0,50,凱基-北門,2023-07-13,9283
00680L,元大美債20正2,45,0,45,凱基-北門,2023-07-13,9283
2618,長榮航,96,51,45,凱基-北門,2023-07-13,9283
00929,復華台灣科技優息,42,0,42,凱基-北門,2023-07-13,9283
00673R,期元大S＆P原油反1,40,0,40,凱基-北門,2023-07-13,9283
2609,陽明,71,32,39,凱基-北門,2023-07-13,9283
2313,華通,47,10,37,凱基-北門,2023-07-13,9283
2303,聯電,35,0,35,凱基-北門,2023-07-13,9283
1316,上曜,30,0,30,凱基-北門,2023-07-13,9283
1528,恩德,32,2,30,凱基-北門,2023-07-13,9283
1605,華新,27,1,26,凱基-北門,2023-07-13,9283
2888,新光金,26,0,26,凱基-北門,2023-07-13,9283
2610,華航,37,14,23,凱基-北門,2023-07-13,9283
9912,偉聯,23,0,23,凱基-北門,2023-07-13,9283
1609,大亞,45,24,21,凱基-北門,2023-07-13,9283
4564,元翎,21,0,21,凱基-北門,2023-07-13,9283
00857B,永豐20年美公債,20,0,20,凱基-北門,2023-07-13,9283
00725B,國泰投資級公司債,20,0,20,凱基-北門,2023-07-13,9283
6015,宏遠證,20,0,20,凱基-北門,2023-07-13,9283
6182,合晶,20,0,20,凱基-北門,2023-07-13,9283
2228,劍麟,17,0,17,凱基-北門,2023-07-13,9283
4533,協易機,24,9,15,凱基-北門,2023-07-13,9283
00720B,元大投資級公司債,15,0,15,凱基-北門,2023-07-13,9283
2368,金像電,16,3,13,凱基-北門,2023-07-13,9283
00885,富邦越南,13,0,13,凱基-北門,2023-07-13,9283
00722B,群益投資級電信債,12,0,12,凱基-北門,2023-07-13,9283
00712,復華富時不動產,12,0,12,凱基-北門,2023-07-13,9283
8028,昇陽半導體,12,0,12,凱基-北門,2023-07-13,9283
5009,榮剛,11,0,11,凱基-北門,2023-07-13,9283
1513,中興電,14,3,11,凱基-北門,2023-07-13,9283
5483,中美晶,12,2,10,凱基-北門,2023-07-13,9283
4743,合一,13,3,10,凱基-北門,2023-07-13,9283
00724B,群益投資級金融債,10,0,10,凱基-北門,2023-07-13,9283
1802,台玻,10,0,10,凱基-北門,2023-07-13,9283
2323,中環,12,2,10,凱基-北門,2023-07-13,9283
3455,由田,10,0,10,凱基-北門,2023-07-13,9283
4755,三福化,10,0,10,凱基-北門,2023-07-13,9283
8938,明安,11,1,10,凱基-北門,2023-07-13,9283
8069,元太,10,0,10,凱基-北門,2023-07-13,9283
1319,東陽,10,1,9,凱基-北門,2023-07-13,9283
2329,華泰,31,22,9,凱基-北門,2023-07-13,9283
4566,時碩工業,9,0,9,凱基-北門,2023-07-13,9283
2634,漢翔,12,4,8,凱基-北門,2023-07-13,9283
1584,精剛,11,3,8,凱基-北門,2023-07-13,9283
1795,美時,10,2,8,凱基-北門,2023-07-13,9283
1905,華紙,8,0,8,凱基-北門,2023-07-13,9283
00632R,元大台灣50反1,51,0,51,凱基-北門,2023-07-14,9283
00722B,群益投資級電信債,50,0,50,凱基-北門,2023-07-14,9283
4533,協易機,52,10,42,凱基-北門,2023-07-14,9283
2329,華泰,43,2,41,凱基-北門,2023-07-14,9283
00751B,元大AAA至A公司債,32,0,32,凱基-北門,2023-07-14,9283
9912,偉聯,31,0,31,凱基-北門,2023-07-14,9283
8021,尖點,30,0,30,凱基-北門,2023-07-14,9283
2421,建準,32,4,28,凱基-北門,2023-07-14,9283
3508,位速,25,0,25,凱基-北門,2023-07-14,9283
4566,時碩工業,19,0,19,凱基-北門,2023-07-14,9283
5426,振發,20,1,19,凱基-北門,2023-07-14,9283
5531,鄉林,20,1,19,凱基-北門,2023-07-14,9283
2002,中鋼,18,0,18,凱基-北門,2023-07-14,9283
2409,友達,25,8,17,凱基-北門,2023-07-14,9283
2401,凌陽,22,5,17,凱基-北門,2023-07-14,9283
2889,國票金,18,3,15,凱基-北門,2023-07-14,9283
00673R,期元大S＆P原油反1,15,0,15,凱基-北門,2023-07-14,9283
6182,合晶,17,2,15,凱基-北門,2023-07-14,9283
00929,復華台灣科技優息,14,0,14,凱基-北門,2023-07-14,9283
3325,旭品,14,0,14,凱基-北門,2023-07-14,9283
6235,華孚,15,2,13,凱基-北門,2023-07-14,9283
4953,緯軟,12,0,12,凱基-北門,2023-07-14,9283
00724B,群益投資級金融債,12,0,12,凱基-北門,2023-07-14,9283
00679B,元大美債20年,12,0,12,凱基-北門,2023-07-14,9283
00799B,國泰A級醫療債,10,0,10,凱基-北門,2023-07-14,9283
00674R,期元大S＆P黃金反1,10,0,10,凱基-北門,2023-07-14,9283
1440,南紡,10,0,10,凱基-北門,2023-07-14,9283
2324,仁寶,11,1,10,凱基-北門,2023-07-14,9283
4510,高鋒,10,0,10,凱基-北門,2023-07-14,9283
3189,景碩,10,1,9,凱基-北門,2023-07-14,9283
1529,樂事綠能,40,32,8,凱基-北門,2023-07-14,9283
2368,金像電,10,2,8,凱基-北門,2023-07-14,9283
2457,飛宏,31,23,8,凱基-北門,2023-07-14,9283
2609,陽明,14,6,8,凱基-北門,2023-07-14,9283
3017,奇鋐,8,0,8,凱基-北門,2023-07-14,9283
2382,廣達,85,78,7,凱基-北門,2023-07-14,9283
00637L,元大滬深300正2,7,0,7,凱基-北門,2023-07-14,9283
00712,復華富時不動產,7,0,7,凱基-北門,2023-07-14,9283
00680L,元大美債20正2,7,0,7,凱基-北門,2023-07-14,9283
2345,智邦,8,1,7,凱基-北門,2023-07-14,9283
3362,先進光,16,9,7,凱基-北門,2023-07-14,9283
5425,台半,16,9,7,凱基-北門,2023-07-14,9283
6180,橘子,10,3,7,凱基-北門,2023-07-14,9283
3231,緯創,10,4,6,凱基-北門,2023-07-14,9283
6191,精成科,6,0,6,凱基-北門,2023-07-14,9283
6531,愛普*,6,0,6,凱基-北門,2023-07-14,9283
00919,群益台灣精選高息,5,0,5,凱基-北門,2023-07-14,9283
00720B,元大投資級公司債,5,0,5,凱基-北門,2023-07-14,9283
00905,FT臺灣Smart,5,0,5,凱基-北門,2023-07-14,9283
1711,永光,5,0,5,凱基-北門,2023-07-14,9283
00725B,國泰投資級公司債,85,0,85,凱基-北門,2023-07-17,9283
2353,宏��,87,10,77,凱基-北門,2023-07-17,9283
5009,榮剛,95,18,77,凱基-北門,2023-07-17,9283
00929,復華台灣科技優息,59,1,58,凱基-北門,2023-07-17,9283
00679B,元大美債20年,51,0,51,凱基-北門,2023-07-17,9283
3189,景碩,51,0,51,凱基-北門,2023-07-17,9283
2883,凱基金,43,0,43,凱基-北門,2023-07-17,9283
2401,凌陽,44,2,42,凱基-北門,2023-07-17,9283
2409,友達,41,4,37,凱基-北門,2023-07-17,9283
4566,時碩工業,35,0,35,凱基-北門,2023-07-17,9283
00722B,群益投資級電信債,32,0,32,凱基-北門,2023-07-17,9283
8476,台境*,30,0,30,凱基-北門,2023-07-17,9283
6207,雷科,29,0,29,凱基-北門,2023-07-17,9283
3005,神基,25,0,25,凱基-北門,2023-07-17,9283
2402,毅嘉,29,7,22,凱基-北門,2023-07-17,9283
00673R,期元大S＆P原油反1,26,6,20,凱基-北門,2023-07-17,9283
6569,醫揚,20,0,20,凱基-北門,2023-07-17,9283
00724B,群益投資級金融債,18,0,18,凱基-北門,2023-07-17,9283
4967,十銓,18,0,18,凱基-北門,2023-07-17,9283
2889,國票金,15,0,15,凱基-北門,2023-07-17,9283
2609,陽明,17,3,14,凱基-北門,2023-07-17,9283
5222,全訊,13,0,13,凱基-北門,2023-07-17,9283
2388,威盛,27,15,12,凱基-北門,2023-07-17,9283
8927,北基,12,0,12,凱基-北門,2023-07-17,9283
3015,全漢,18,7,11,凱基-北門,2023-07-17,9283
1101,台泥,10,0,10,凱基-北門,2023-07-17,9283
00674R,期元大S＆P黃金反1,10,0,10,凱基-北門,2023-07-17,9283
00683L,期元大美元指正2,10,0,10,凱基-北門,2023-07-17,9283
1201,味全,10,0,10,凱基-北門,2023-07-17,9283
1560,中砂,12,2,10,凱基-北門,2023-07-17,9283
2025,千興,10,0,10,凱基-北門,2023-07-17,9283
2106,建大,10,0,10,凱基-北門,2023-07-17,9283
3594,磐儀,14,4,10,凱基-北門,2023-07-17,9283
00680L,元大美債20正2,10,1,9,凱基-北門,2023-07-17,9283
00712,復華富時不動產,10,1,9,凱基-北門,2023-07-17,9283
3306,鼎天,10,1,9,凱基-北門,2023-07-17,9283
6005,群益證,10,1,9,凱基-北門,2023-07-17,9283
3037,欣興,15,7,8,凱基-北門,2023-07-17,9283
2371,大同,16,8,8,凱基-北門,2023-07-17,9283
2382,廣達,9,1,8,凱基-北門,2023-07-17,9283
6285,啟��,10,3,7,凱基-北門,2023-07-17,9283
00751B,元大AAA至A公司債,7,0,7,凱基-北門,2023-07-17,9283
5608,四維航,7,0,7,凱基-北門,2023-07-17,9283
2610,華航,7,1,6,凱基-北門,2023-07-17,9283
2356,英業達,12,6,6,凱基-北門,2023-07-17,9283
2385,群光,6,0,6,凱基-北門,2023-07-17,9283
5351,鈺創,6,0,6,凱基-北門,2023-07-17,9283
6170,統振,6,0,6,凱基-北門,2023-07-17,9283
1513,中興電,37,31,6,凱基-北門,2023-07-17,9283
2880,華南金,5,0,5,凱基-北門,2023-07-17,9283
0050,元大台灣50,170,0,170,凱基-北門,2023-07-18,9283
2408,南亞科,83,1,82,凱基-北門,2023-07-18,9283
1319,東陽,55,5,50,凱基-北門,2023-07-18,9283
2888,新光金,47,2,45,凱基-北門,2023-07-18,9283
9105,泰金寶-DR,48,5,43,凱基-北門,2023-07-18,9283
3005,神基,42,0,42,凱基-北門,2023-07-18,9283
5426,振發,40,0,40,凱基-北門,2023-07-18,9283
0056,元大高股息,48,10,38,凱基-北門,2023-07-18,9283
2382,廣達,46,16,30,凱基-北門,2023-07-18,9283
00929,復華台灣科技優息,29,0,29,凱基-北門,2023-07-18,9283
00882,中信中國高股息,31,5,26,凱基-北門,2023-07-18,9283
2405,輔信,25,0,25,凱基-北門,2023-07-18,9283
2324,仁寶,45,21,24,凱基-北門,2023-07-18,9283
4121,優盛,80,57,23,凱基-北門,2023-07-18,9283
2356,英業達,120,98,22,凱基-北門,2023-07-18,9283
1711,永光,25,3,22,凱基-北門,2023-07-18,9283
00725B,國泰投資級公司債,20,0,20,凱基-北門,2023-07-18,9283
5531,鄉林,20,0,20,凱基-北門,2023-07-18,9283
6470,宇智,29,9,20,凱基-北門,2023-07-18,9283
2609,陽明,76,59,17,凱基-北門,2023-07-18,9283
2618,長榮航,60,43,17,凱基-北門,2023-07-18,9283
4755,三福化,17,0,17,凱基-北門,2023-07-18,9283
2313,華通,17,1,16,凱基-北門,2023-07-18,9283
2483,百容,15,0,15,凱基-北門,2023-07-18,9283
6026,福邦證,15,0,15,凱基-北門,2023-07-18,9283
2352,佳世達,22,7,15,凱基-北門,2023-07-18,9283
2515,中工,14,0,14,凱基-北門,2023-07-18,9283
00665L,富邦�琤肭磪囓�2,12,1,11,凱基-北門,2023-07-18,9283
6282,康舒,42,32,10,凱基-北門,2023-07-18,9283
1605,華新,10,0,10,凱基-北門,2023-07-18,9283
1612,宏泰,10,0,10,凱基-北門,2023-07-18,9283
2332,友訊,10,0,10,凱基-北門,2023-07-18,9283
3712,永崴投控,10,0,10,凱基-北門,2023-07-18,9283
00720B,元大投資級公司債,9,0,9,凱基-北門,2023-07-18,9283
00753L,中信中國50正2,10,1,9,凱基-北門,2023-07-18,9283
4533,協易機,12,3,9,凱基-北門,2023-07-18,9283
4938,和碩,22,14,8,凱基-北門,2023-07-18,9283
1101,台泥,11,3,8,凱基-北門,2023-07-18,9283
1785,光洋科,8,0,8,凱基-北門,2023-07-18,9283
5328,華容,8,0,8,凱基-北門,2023-07-18,9283
00893,國泰智能電動車,7,0,7,凱基-北門,2023-07-18,9283
00687B,國泰20年美債,7,0,7,凱基-北門,2023-07-18,9283
1504,東元,9,2,7,凱基-北門,2023-07-18,9283
2328,廣宇,15,8,7,凱基-北門,2023-07-18,9283
2401,凌陽,9,2,7,凱基-北門,2023-07-18,9283
2414,精技,7,0,7,凱基-北門,2023-07-18,9283
2913,農林,7,0,7,凱基-北門,2023-07-18,9283
3044,健鼎,10,3,7,凱基-北門,2023-07-18,9283
4934,太極,7,0,7,凱基-北門,2023-07-18,9283
8358,金居,8,1,7,凱基-北門,2023-07-18,9283
2618,長榮航,157,46,111,凱基-北門,2023-07-19,9283
2356,英業達,124,87,37,凱基-北門,2023-07-19,9283
2103,台橡,34,0,34,凱基-北門,2023-07-19,9283
2889,國票金,30,0,30,凱基-北門,2023-07-19,9283
1603,華電,30,0,30,凱基-北門,2023-07-19,9283
2353,宏��,37,8,29,凱基-北門,2023-07-19,9283
4533,協易機,30,1,29,凱基-北門,2023-07-19,9283
2329,華泰,31,4,27,凱基-北門,2023-07-19,9283
3013,晟銘電,31,4,27,凱基-北門,2023-07-19,9283
4566,時碩工業,47,22,25,凱基-北門,2023-07-19,9283
2483,百容,24,0,24,凱基-北門,2023-07-19,9283
00713,元大台灣高息低波,21,0,21,凱基-北門,2023-07-19,9283
1618,合機,23,2,21,凱基-北門,2023-07-19,9283
2324,仁寶,30,10,20,凱基-北門,2023-07-19,9283
1711,永光,20,1,19,凱基-北門,2023-07-19,9283
4114,健喬,16,0,16,凱基-北門,2023-07-19,9283
2303,聯電,21,5,16,凱基-北門,2023-07-19,9283
1504,東元,16,0,16,凱基-北門,2023-07-19,9283
00929,復華台灣科技優息,39,25,14,凱基-北門,2023-07-19,9283
2106,建大,14,0,14,凱基-北門,2023-07-19,9283
2489,瑞軒,14,0,14,凱基-北門,2023-07-19,9283
3481,群創,20,7,13,凱基-北門,2023-07-19,9283
1584,精剛,13,0,13,凱基-北門,2023-07-19,9283
2023,燁輝,12,0,12,凱基-北門,2023-07-19,9283
9912,偉聯,13,1,12,凱基-北門,2023-07-19,9283
8926,台汽電,11,0,11,凱基-北門,2023-07-19,9283
2609,陽明,20,9,11,凱基-北門,2023-07-19,9283
4564,元翎,11,0,11,凱基-北門,2023-07-19,9283
9941,裕融,10,0,10,凱基-北門,2023-07-19,9283
2812,台中銀,9,0,9,凱基-北門,2023-07-19,9283
2204,中華,9,0,9,凱基-北門,2023-07-19,9283
8936,國統,14,5,9,凱基-北門,2023-07-19,9283
6223,旺矽,15,6,9,凱基-北門,2023-07-19,9283
2603,長榮,8,0,8,凱基-北門,2023-07-19,9283
00753L,中信中國50正2,8,0,8,凱基-北門,2023-07-19,9283
4915,致伸,8,0,8,凱基-北門,2023-07-19,9283
2308,台達電,7,0,7,凱基-北門,2023-07-19,9283
2332,友訊,9,2,7,凱基-北門,2023-07-19,9283
6188,廣明,11,4,7,凱基-北門,2023-07-19,9283
2201,裕隆,17,10,7,凱基-北門,2023-07-19,9283
6235,華孚,8,2,6,凱基-北門,2023-07-19,9283
00900,富邦特選高股息30,7,1,6,凱基-北門,2023-07-19,9283
1319,東陽,6,0,6,凱基-北門,2023-07-19,9283
3325,旭品,6,0,6,凱基-北門,2023-07-19,9283
5009,榮剛,6,0,6,凱基-北門,2023-07-19,9283
00712,復華富時不動產,6,1,5,凱基-北門,2023-07-19,9283
00757,統一FANG+,5,0,5,凱基-北門,2023-07-19,9283
2892,第一金,5,0,5,凱基-北門,2023-07-19,9283
1342,八貫,5,0,5,凱基-北門,2023-07-19,9283
00683L,期元大美元指正2,5,0,5,凱基-北門,2023-07-19,9283
2382,廣達,149,13,136,凱基-北門,2023-07-20,9283
1795,美時,67,3,64,凱基-北門,2023-07-20,9283
1522,堤維西,106,50,56,凱基-北門,2023-07-20,9283
2426,鼎元,37,0,37,凱基-北門,2023-07-20,9283
912000,晨訊科-DR,36,0,36,凱基-北門,2023-07-20,9283
00799B,國泰A級醫療債,35,0,35,凱基-北門,2023-07-20,9283
3540,曜越,30,0,30,凱基-北門,2023-07-20,9283
1467,南緯,25,0,25,凱基-北門,2023-07-20,9283
2337,旺宏,22,0,22,凱基-北門,2023-07-20,9283
2303,聯電,23,3,20,凱基-北門,2023-07-20,9283
1603,華電,20,0,20,凱基-北門,2023-07-20,9283
8105,凌巨,20,0,20,凱基-北門,2023-07-20,9283
00929,復華台灣科技優息,18,0,18,凱基-北門,2023-07-20,9283
2706,第一店,15,0,15,凱基-北門,2023-07-20,9283
4714,永捷,15,0,15,凱基-北門,2023-07-20,9283
2886,兆豐金,16,2,14,凱基-北門,2023-07-20,9283
2352,佳世達,13,0,13,凱基-北門,2023-07-20,9283
2515,中工,14,1,13,凱基-北門,2023-07-20,9283
9912,偉聯,13,0,13,凱基-北門,2023-07-20,9283
1711,永光,12,0,12,凱基-北門,2023-07-20,9283
1789,神隆,12,0,12,凱基-北門,2023-07-20,9283
1102,亞泥,11,0,11,凱基-北門,2023-07-20,9283
2457,飛宏,17,6,11,凱基-北門,2023-07-20,9283
5392,能率,11,0,11,凱基-北門,2023-07-20,9283
6188,廣明,17,6,11,凱基-北門,2023-07-20,9283
8936,國統,11,0,11,凱基-北門,2023-07-20,9283
00924,復華S＆P500成長,10,0,10,凱基-北門,2023-07-20,9283
4510,高鋒,10,0,10,凱基-北門,2023-07-20,9283
6166,凌華,10,0,10,凱基-北門,2023-07-20,9283
5425,台半,9,0,9,凱基-北門,2023-07-20,9283
00679B,元大美債20年,10,1,9,凱基-北門,2023-07-20,9283
3037,欣興,8,0,8,凱基-北門,2023-07-20,9283
6282,康舒,26,18,8,凱基-北門,2023-07-20,9283
2201,裕隆,18,10,8,凱基-北門,2023-07-20,9283
2603,長榮,9,1,8,凱基-北門,2023-07-20,9283
00878,國泰永續高股息,32,25,7,凱基-北門,2023-07-20,9283
6770,力積電,8,1,7,凱基-北門,2023-07-20,9283
2324,仁寶,9,2,7,凱基-北門,2023-07-20,9283
00712,復華富時不動產,7,0,7,凱基-北門,2023-07-20,9283
3362,先進光,13,6,7,凱基-北門,2023-07-20,9283
5871,中租-KY,6,0,6,凱基-北門,2023-07-20,9283
8071,能率網通,6,0,6,凱基-北門,2023-07-20,9283
2609,陽明,13,7,6,凱基-北門,2023-07-20,9283
1536,和大,5,0,5,凱基-北門,2023-07-20,9283
00919,群益台灣精選高息,5,0,5,凱基-北門,2023-07-20,9283
00905,FT臺灣Smart,5,0,5,凱基-北門,2023-07-20,9283
1460,宏遠,5,0,5,凱基-北門,2023-07-20,9283
2006,東和鋼鐵,5,0,5,凱基-北門,2023-07-20,9283
2204,中華,5,0,5,凱基-北門,2023-07-20,9283
3289,宜特,17,12,5,凱基-北門,2023-07-20,9283
2618,長榮航,247,13,234,凱基-北門,2023-07-21,9283
2609,陽明,147,7,140,凱基-北門,2023-07-21,9283
00679B,元大美債20年,102,1,101,凱基-北門,2023-07-21,9283
6282,康舒,42,6,36,凱基-北門,2023-07-21,9283
1603,華電,35,0,35,凱基-北門,2023-07-21,9283
1319,東陽,27,2,25,凱基-北門,2023-07-21,9283
1905,華紙,28,5,23,凱基-北門,2023-07-21,9283
2382,廣達,140,117,23,凱基-北門,2023-07-21,9283
1102,亞泥,23,0,23,凱基-北門,2023-07-21,9283
00725B,國泰投資級公司債,21,0,21,凱基-北門,2023-07-21,9283
1513,中興電,49,29,20,凱基-北門,2023-07-21,9283
00673R,期元大S＆P原油反1,20,0,20,凱基-北門,2023-07-21,9283
3022,威強電,20,0,20,凱基-北門,2023-07-21,9283
3042,晶技,22,2,20,凱基-北門,2023-07-21,9283
6605,帝寶,20,0,20,凱基-北門,2023-07-21,9283
8105,凌巨,20,0,20,凱基-北門,2023-07-21,9283
2303,聯電,20,1,19,凱基-北門,2023-07-21,9283
00929,復華台灣科技優息,22,5,17,凱基-北門,2023-07-21,9283
6269,台郡,15,0,15,凱基-北門,2023-07-21,9283
2405,輔信,34,20,14,凱基-北門,2023-07-21,9283
2353,宏��,21,7,14,凱基-北門,2023-07-21,9283
6203,海韻電,15,2,13,凱基-北門,2023-07-21,9283
3706,神達,23,11,12,凱基-北門,2023-07-21,9283
1605,華新,12,0,12,凱基-北門,2023-07-21,9283
1101,台泥,12,0,12,凱基-北門,2023-07-21,9283
6104,創惟,11,0,11,凱基-北門,2023-07-21,9283
6770,力積電,10,0,10,凱基-北門,2023-07-21,9283
00683L,期元大美元指正2,10,0,10,凱基-北門,2023-07-21,9283
1802,台玻,10,0,10,凱基-北門,2023-07-21,9283
2903,遠百,10,0,10,凱基-北門,2023-07-21,9283
4933,友輝,10,0,10,凱基-北門,2023-07-21,9283
6470,宇智,10,0,10,凱基-北門,2023-07-21,9283
9912,偉聯,10,0,10,凱基-北門,2023-07-21,9283
2610,華航,16,8,8,凱基-北門,2023-07-21,9283
00893,國泰智能電動車,9,1,8,凱基-北門,2023-07-21,9283
2408,南亞科,9,1,8,凱基-北門,2023-07-21,9283
3481,群創,8,0,8,凱基-北門,2023-07-21,9283
2330,台積電,12,4,8,凱基-北門,2023-07-21,9283
6274,台燿,9,2,7,凱基-北門,2023-07-21,9283
6235,華孚,14,7,7,凱基-北門,2023-07-21,9283
2344,華邦電,7,0,7,凱基-北門,2023-07-21,9283
5465,富驊,8,1,7,凱基-北門,2023-07-21,9283
6122,擎邦,7,0,7,凱基-北門,2023-07-21,9283
6187,萬潤,10,3,7,凱基-北門,2023-07-21,9283
6275,元山,15,8,7,凱基-北門,2023-07-21,9283
2603,長榮,12,6,6,凱基-北門,2023-07-21,9283
00687B,國泰20年美債,6,0,6,凱基-北門,2023-07-21,9283
00900,富邦特選高股息30,6,0,6,凱基-北門,2023-07-21,9283
1434,福懋,6,0,6,凱基-北門,2023-07-21,9283
3689,湧德,6,0,6,凱基-北門,2023-07-21,9283
912000,晨訊科-DR,136,0,136,凱基-北門,2023-07-24,9283
3481,群創,121,0,121,凱基-北門,2023-07-24,9283
00712,復華富時不動產,67,15,52,凱基-北門,2023-07-24,9283
00773B,中信優先金融債,50,0,50,凱基-北門,2023-07-24,9283
9105,泰金寶-DR,50,2,48,凱基-北門,2023-07-24,9283
00673R,期元大S＆P原油反1,35,1,34,凱基-北門,2023-07-24,9283
2331,精英,30,0,30,凱基-北門,2023-07-24,9283
5603,陸海,30,0,30,凱基-北門,2023-07-24,9283
1504,東元,22,1,21,凱基-北門,2023-07-24,9283
00799B,國泰A級醫療債,30,10,20,凱基-北門,2023-07-24,9283
00679B,元大美債20年,20,0,20,凱基-北門,2023-07-24,9283
2883,凱基金,25,5,20,凱基-北門,2023-07-24,9283
5460,同協,20,0,20,凱基-北門,2023-07-24,9283
2886,兆豐金,20,1,19,凱基-北門,2023-07-24,9283
2025,千興,18,0,18,凱基-北門,2023-07-24,9283
2887,台新金,17,0,17,凱基-北門,2023-07-24,9283
1603,華電,15,0,15,凱基-北門,2023-07-24,9283
1609,大亞,73,59,14,凱基-北門,2023-07-24,9283
2889,國票金,14,0,14,凱基-北門,2023-07-24,9283
8358,金居,17,3,14,凱基-北門,2023-07-24,9283
2609,陽明,14,2,12,凱基-北門,2023-07-24,9283
2405,輔信,32,20,12,凱基-北門,2023-07-24,9283
4938,和碩,21,9,12,凱基-北門,2023-07-24,9283
1101,台泥,12,0,12,凱基-北門,2023-07-24,9283
5483,中美晶,11,1,10,凱基-北門,2023-07-24,9283
00671R,富邦NASDAQ反1,10,0,10,凱基-北門,2023-07-24,9283
1815,富喬,10,0,10,凱基-北門,2023-07-24,9283
2201,裕隆,10,0,10,凱基-北門,2023-07-24,9283
3092,鴻碩,10,0,10,凱基-北門,2023-07-24,9283
5340,建榮,10,0,10,凱基-北門,2023-07-24,9283
6830,汎銓,10,0,10,凱基-北門,2023-07-24,9283
8478,東哥遊艇,10,0,10,凱基-北門,2023-07-24,9283
2313,華通,12,3,9,凱基-北門,2023-07-24,9283
3078,僑威,9,0,9,凱基-北門,2023-07-24,9283
2408,南亞科,8,0,8,凱基-北門,2023-07-24,9283
2913,農林,11,3,8,凱基-北門,2023-07-24,9283
6116,彩晶,8,0,8,凱基-北門,2023-07-24,9283
2421,建準,19,12,7,凱基-北門,2023-07-24,9283
2888,新光金,7,0,7,凱基-北門,2023-07-24,9283
3260,威剛,18,11,7,凱基-北門,2023-07-24,9283
8927,北基,7,0,7,凱基-北門,2023-07-24,9283
9912,偉聯,7,0,7,凱基-北門,2023-07-24,9283
2027,大成鋼,6,0,6,凱基-北門,2023-07-24,9283
00900,富邦特選高股息30,7,1,6,凱基-北門,2023-07-24,9283
2371,大同,6,0,6,凱基-北門,2023-07-24,9283
2457,飛宏,49,43,6,凱基-北門,2023-07-24,9283
2603,長榮,8,2,6,凱基-北門,2023-07-24,9283
2634,漢翔,7,1,6,凱基-北門,2023-07-24,9283
3105,穩懋,6,0,6,凱基-北門,2023-07-24,9283
3704,合勤控,7,1,6,凱基-北門,2023-07-24,9283
2344,華邦電,61,0,61,凱基-北門,2023-07-25,9283
1217,愛之味,60,0,60,凱基-北門,2023-07-25,9283
1905,華紙,51,1,50,凱基-北門,2023-07-25,9283
1795,美時,51,1,50,凱基-北門,2023-07-25,9283
2328,廣宇,58,8,50,凱基-北門,2023-07-25,9283
00673R,期元大S＆P原油反1,37,0,37,凱基-北門,2023-07-25,9283
8121,越峰,29,0,29,凱基-北門,2023-07-25,9283
8105,凌巨,20,0,20,凱基-北門,2023-07-25,9283
3532,台勝科,25,6,19,凱基-北門,2023-07-25,9283
4533,協易機,20,1,19,凱基-北門,2023-07-25,9283
6125,廣運,42,23,19,凱基-北門,2023-07-25,9283
2316,楠梓電,18,1,17,凱基-北門,2023-07-25,9283
00679B,元大美債20年,16,0,16,凱基-北門,2023-07-25,9283
2382,廣達,96,82,14,凱基-北門,2023-07-25,9283
2357,華碩,17,3,14,凱基-北門,2023-07-25,9283
2353,宏��,12,1,11,凱基-北門,2023-07-25,9283
3231,緯創,13,3,10,凱基-北門,2023-07-25,9283
2408,南亞科,11,1,10,凱基-北門,2023-07-25,9283
8092,建暐,10,0,10,凱基-北門,2023-07-25,9283
2230,泰茂,10,0,10,凱基-北門,2023-07-25,9283
6285,啟��,13,4,9,凱基-北門,2023-07-25,9283
00893,國泰智能電動車,20,11,9,凱基-北門,2023-07-25,9283
1752,南光,13,6,7,凱基-北門,2023-07-25,9283
3380,明泰,12,5,7,凱基-北門,2023-07-25,9283
6535,順藥,7,0,7,凱基-北門,2023-07-25,9283
9912,偉聯,7,0,7,凱基-北門,2023-07-25,9283
3706,神達,10,4,6,凱基-北門,2023-07-25,9283
2342,茂矽,6,0,6,凱基-北門,2023-07-25,9283
2618,長榮航,28,22,6,凱基-北門,2023-07-25,9283
4934,太極,7,1,6,凱基-北門,2023-07-25,9283
8049,晶采,6,0,6,凱基-北門,2023-07-25,9283
8183,精星,8,2,6,凱基-北門,2023-07-25,9283
2385,群光,5,0,5,凱基-北門,2023-07-25,9283
00674R,期元大S＆P黃金反1,5,0,5,凱基-北門,2023-07-25,9283
00683L,期元大美元指正2,5,0,5,凱基-北門,2023-07-25,9283
2449,京元電子,6,1,5,凱基-北門,2023-07-25,9283
4157,太景*-KY,5,0,5,凱基-北門,2023-07-25,9283
5009,榮剛,7,2,5,凱基-北門,2023-07-25,9283
6269,台郡,6,1,5,凱基-北門,2023-07-25,9283
6533,晶心科,6,1,5,凱基-北門,2023-07-25,9283
8027,鈦昇,5,0,5,凱基-北門,2023-07-25,9283
3037,欣興,11,7,4,凱基-北門,2023-07-25,9283
1301,台塑,4,0,4,凱基-北門,2023-07-25,9283
1609,大亞,11,7,4,凱基-北門,2023-07-25,9283
2915,潤泰全,4,0,4,凱基-北門,2023-07-25,9283
3338,泰碩,12,8,4,凱基-北門,2023-07-25,9283
3663,鑫科,4,0,4,凱基-北門,2023-07-25,9283
5880,合庫金,4,0,4,凱基-北門,2023-07-25,9283
6191,精成科,4,0,4,凱基-北門,2023-07-25,9283
6770,力積電,5,1,4,凱基-北門,2023-07-25,9283
00725B,國泰投資級公司債,100,0,100,凱基-北門,2023-07-26,9283
00632R,元大台灣50反1,100,0,100,凱基-北門,2023-07-26,9283
6269,台郡,67,0,67,凱基-北門,2023-07-26,9283
2344,華邦電,61,3,58,凱基-北門,2023-07-26,9283
1609,大亞,57,7,50,凱基-北門,2023-07-26,9283
2328,廣宇,51,1,50,凱基-北門,2023-07-26,9283
00671R,富邦NASDAQ反1,40,0,40,凱基-北門,2023-07-26,9283
1210,大成,40,2,38,凱基-北門,2023-07-26,9283
00929,復華台灣科技優息,40,14,26,凱基-北門,2023-07-26,9283
2329,華泰,70,44,26,凱基-北門,2023-07-26,9283
020030,統一智慧電動車N,22,0,22,凱基-北門,2023-07-26,9283
1504,東元,37,15,22,凱基-北門,2023-07-26,9283
2408,南亞科,22,0,22,凱基-北門,2023-07-26,9283
00919,群益台灣精選高息,20,0,20,凱基-北門,2023-07-26,9283
2025,千興,20,0,20,凱基-北門,2023-07-26,9283
8049,晶采,17,0,17,凱基-北門,2023-07-26,9283
2382,廣達,32,18,14,凱基-北門,2023-07-26,9283
8086,宏捷科,15,2,13,凱基-北門,2023-07-26,9283
5009,榮剛,17,5,12,凱基-北門,2023-07-26,9283
2402,毅嘉,16,5,11,凱基-北門,2023-07-26,9283
2483,百容,11,0,11,凱基-北門,2023-07-26,9283
2913,農林,11,0,11,凱基-北門,2023-07-26,9283
4168,醣聯,13,2,11,凱基-北門,2023-07-26,9283
1605,華新,10,0,10,凱基-北門,2023-07-26,9283
2371,大同,11,1,10,凱基-北門,2023-07-26,9283
2401,凌陽,12,2,10,凱基-北門,2023-07-26,9283
2603,長榮,13,3,10,凱基-北門,2023-07-26,9283
6203,海韻電,10,0,10,凱基-北門,2023-07-26,9283
6275,元山,11,1,10,凱基-北門,2023-07-26,9283
2883B,凱基金乙特,10,1,9,凱基-北門,2023-07-26,9283
2425,承啟,11,2,9,凱基-北門,2023-07-26,9283
8155,博智,10,1,9,凱基-北門,2023-07-26,9283
3231,緯創,15,6,9,凱基-北門,2023-07-26,9283
2887,台新金,8,0,8,凱基-北門,2023-07-26,9283
1229,聯華,7,0,7,凱基-北門,2023-07-26,9283
2337,旺宏,10,3,7,凱基-北門,2023-07-26,9283
3346,麗清,7,0,7,凱基-北門,2023-07-26,9283
6015,宏遠證,7,0,7,凱基-北門,2023-07-26,9283
00673R,期元大S＆P原油反1,6,0,6,凱基-北門,2023-07-26,9283
2014,中鴻,6,0,6,凱基-北門,2023-07-26,9283
2338,光罩,6,0,6,凱基-北門,2023-07-26,9283
2883,凱基金,7,1,6,凱基-北門,2023-07-26,9283
3055,蔚華科,14,8,6,凱基-北門,2023-07-26,9283
3558,神準,6,0,6,凱基-北門,2023-07-26,9283
00891,中信關鍵半導體,6,0,6,凱基-北門,2023-07-26,9283
3706,神達,5,0,5,凱基-北門,2023-07-26,9283
6274,台燿,27,22,5,凱基-北門,2023-07-26,9283
00882,中信中國高股息,5,0,5,凱基-北門,2023-07-26,9283
00674R,期元大S＆P黃金反1,5,0,5,凱基-北門,2023-07-26,9283
1447,力鵬,5,0,5,凱基-北門,2023-07-26,9283
2405,輔信,71,17,54,凱基-北門,2023-07-27,9283
4533,協易機,153,110,43,凱基-北門,2023-07-27,9283
00795B,中信美國公債20年,42,0,42,凱基-北門,2023-07-27,9283
2888,新光金,48,15,33,凱基-北門,2023-07-27,9283
1802,台玻,32,1,31,凱基-北門,2023-07-27,9283
1618,合機,82,52,30,凱基-北門,2023-07-27,9283
6269,台郡,35,5,30,凱基-北門,2023-07-27,9283
3057,喬鼎,25,0,25,凱基-北門,2023-07-27,9283
3481,群創,53,30,23,凱基-北門,2023-07-27,9283
6472,保瑞,23,0,23,凱基-北門,2023-07-27,9283
2610,華航,25,3,22,凱基-北門,2023-07-27,9283
2614,東森,21,0,21,凱基-北門,2023-07-27,9283
2603,長榮,23,2,21,凱基-北門,2023-07-27,9283
4933,友輝,20,0,20,凱基-北門,2023-07-27,9283
2382,廣達,184,164,20,凱基-北門,2023-07-27,9283
2913,農林,34,15,19,凱基-北門,2023-07-27,9283
3592,瑞鼎,18,0,18,凱基-北門,2023-07-27,9283
4904,遠傳,18,0,18,凱基-北門,2023-07-27,9283
00680L,元大美債20正2,17,0,17,凱基-北門,2023-07-27,9283
2344,華邦電,21,5,16,凱基-北門,2023-07-27,9283
2421,建準,40,25,15,凱基-北門,2023-07-27,9283
00772B,中信高評級公司債,15,0,15,凱基-北門,2023-07-27,9283
6116,彩晶,21,6,15,凱基-北門,2023-07-27,9283
00878,國泰永續高股息,55,40,15,凱基-北門,2023-07-27,9283
3706,神達,17,3,14,凱基-北門,2023-07-27,9283
6188,廣明,17,5,12,凱基-北門,2023-07-27,9283
2312,金寶,12,1,11,凱基-北門,2023-07-27,9283
2332,友訊,11,0,11,凱基-北門,2023-07-27,9283
2801,彰銀,11,0,11,凱基-北門,2023-07-27,9283
2419,仲琦,10,0,10,凱基-北門,2023-07-27,9283
2883B,凱基金乙特,10,0,10,凱基-北門,2023-07-27,9283
4915,致伸,13,3,10,凱基-北門,2023-07-27,9283
1909,榮成,16,7,9,凱基-北門,2023-07-27,9283
2230,泰茂,9,0,9,凱基-北門,2023-07-27,9283
2543,皇昌,9,0,9,凱基-北門,2023-07-27,9283
2884,玉山金,9,0,9,凱基-北門,2023-07-27,9283
2887,台新金,13,5,8,凱基-北門,2023-07-27,9283
0056,元大高股息,22,14,8,凱基-北門,2023-07-27,9283
2353,宏��,14,6,8,凱基-北門,2023-07-27,9283
3558,神準,15,7,8,凱基-北門,2023-07-27,9283
6133,金橋,8,0,8,凱基-北門,2023-07-27,9283
8046,南電,8,0,8,凱基-北門,2023-07-27,9283
9912,偉聯,8,0,8,凱基-北門,2023-07-27,9283
00773B,中信優先金融債,7,0,7,凱基-北門,2023-07-27,9283
2457,飛宏,16,9,7,凱基-北門,2023-07-27,9283
2897,王道銀行,7,0,7,凱基-北門,2023-07-27,9283
4726,永昕,7,0,7,凱基-北門,2023-07-27,9283
2356,英業達,12,5,7,凱基-北門,2023-07-27,9283
00679B,元大美債20年,6,0,6,凱基-北門,2023-07-27,9283
3689,湧德,10,4,6,凱基-北門,2023-07-27,9283
00712,復華富時不動產,105,0,105,凱基-北門,2023-07-28,9283
00679B,元大美債20年,85,2,83,凱基-北門,2023-07-28,9283
4533,協易機,82,21,61,凱基-北門,2023-07-28,9283
8358,金居,56,12,44,凱基-北門,2023-07-28,9283
1210,大成,47,10,37,凱基-北門,2023-07-28,9283
6182,合晶,31,0,31,凱基-北門,2023-07-28,9283
2382,廣達,45,17,28,凱基-北門,2023-07-28,9283
1905,華紙,85,59,26,凱基-北門,2023-07-28,9283
2888,新光金,36,10,26,凱基-北門,2023-07-28,9283
2027,大成鋼,27,2,25,凱基-北門,2023-07-28,9283
00680L,元大美債20正2,74,50,24,凱基-北門,2023-07-28,9283
00688L,國泰20年美債正2,23,0,23,凱基-北門,2023-07-28,9283
2332,友訊,22,0,22,凱基-北門,2023-07-28,9283
5425,台半,21,0,21,凱基-北門,2023-07-28,9283
6166,凌華,21,0,21,凱基-北門,2023-07-28,9283
1598,岱宇,18,0,18,凱基-北門,2023-07-28,9283
3558,神準,33,16,17,凱基-北門,2023-07-28,9283
00687B,國泰20年美債,15,0,15,凱基-北門,2023-07-28,9283
2371,大同,15,0,15,凱基-北門,2023-07-28,9283
1301,台塑,15,0,15,凱基-北門,2023-07-28,9283
2340,台亞,15,0,15,凱基-北門,2023-07-28,9283
00706L,期元大S＆P日圓正2,14,0,14,凱基-北門,2023-07-28,9283
2353,宏��,14,0,14,凱基-北門,2023-07-28,9283
2883,凱基金,14,0,14,凱基-北門,2023-07-28,9283
5009,榮剛,14,0,14,凱基-北門,2023-07-28,9283
8924,大田,14,0,14,凱基-北門,2023-07-28,9283
4726,永昕,13,0,13,凱基-北門,2023-07-28,9283
00669R,國泰美國道瓊反1,12,0,12,凱基-北門,2023-07-28,9283
3032,偉訓,13,1,12,凱基-北門,2023-07-28,9283
4583,台灣精銳,12,0,12,凱基-北門,2023-07-28,9283
6470,宇智,12,0,12,凱基-北門,2023-07-28,9283
2401,凌陽,12,1,11,凱基-北門,2023-07-28,9283
1904,正隆,16,5,11,凱基-北門,2023-07-28,9283
2543,皇昌,11,0,11,凱基-北門,2023-07-28,9283
6290,良維,11,0,11,凱基-北門,2023-07-28,9283
3702,大聯大,10,0,10,凱基-北門,2023-07-28,9283
00713,元大台灣高息低波,10,0,10,凱基-北門,2023-07-28,9283
00772B,中信高評級公司債,10,0,10,凱基-北門,2023-07-28,9283
2883B,凱基金乙特,10,0,10,凱基-北門,2023-07-28,9283
6508,惠光,10,0,10,凱基-北門,2023-07-28,9283
2743,山富,12,3,9,凱基-北門,2023-07-28,9283
2356,英業達,12,4,8,凱基-北門,2023-07-28,9283
3092,鴻碩,9,1,8,凱基-北門,2023-07-28,9283
2329,華泰,41,33,8,凱基-北門,2023-07-28,9283
2002,中鋼,7,0,7,凱基-北門,2023-07-28,9283
6285,啟��,8,1,7,凱基-北門,2023-07-28,9283
1605,華新,7,0,7,凱基-北門,2023-07-28,9283
3044,健鼎,7,0,7,凱基-北門,2023-07-28,9283
6026,福邦證,7,0,7,凱基-北門,2023-07-28,9283
6535,順藥,7,0,7,凱基-北門,2023-07-28,9283
2834,臺企銀,301,0,301,凱基-北門,2023-07-31,9283
2883B,凱基金乙特,200,0,200,凱基-北門,2023-07-31,9283
2618,長榮航,105,0,105,凱基-北門,2023-07-31,9283
2402,毅嘉,76,32,44,凱基-北門,2023-07-31,9283
00636,國泰中國A50,40,0,40,凱基-北門,2023-07-31,9283
6269,台郡,40,0,40,凱基-北門,2023-07-31,9283
6158,禾昌,38,0,38,凱基-北門,2023-07-31,9283
2344,華邦電,130,94,36,凱基-北門,2023-07-31,9283
0056,元大高股息,43,15,28,凱基-北門,2023-07-31,9283
1210,大成,31,3,28,凱基-北門,2023-07-31,9283
2230,泰茂,18,0,18,凱基-北門,2023-07-31,9283
3704,合勤控,19,1,18,凱基-北門,2023-07-31,9283
00679B,元大美債20年,17,0,17,凱基-北門,2023-07-31,9283
3011,今皓,18,1,17,凱基-北門,2023-07-31,9283
00673R,期元大S＆P原油反1,16,0,16,凱基-北門,2023-07-31,9283
2104,國際中橡,16,0,16,凱基-北門,2023-07-31,9283
2543,皇昌,16,0,16,凱基-北門,2023-07-31,9283
2409,友達,16,1,15,凱基-北門,2023-07-31,9283
4766,南寶,15,0,15,凱基-北門,2023-07-31,9283
2382,廣達,89,74,15,凱基-北門,2023-07-31,9283
3003,健和興,12,0,12,凱基-北門,2023-07-31,9283
8924,大田,12,0,12,凱基-北門,2023-07-31,9283
3231,緯創,41,29,12,凱基-北門,2023-07-31,9283
00929,復華台灣科技優息,12,1,11,凱基-北門,2023-07-31,9283
6116,彩晶,11,0,11,凱基-北門,2023-07-31,9283
9927,泰銘,11,0,11,凱基-北門,2023-07-31,9283
1815,富喬,41,31,10,凱基-北門,2023-07-31,9283
2462,良得電,11,1,10,凱基-北門,2023-07-31,9283
5222,全訊,11,1,10,凱基-北門,2023-07-31,9283
6216,居易,10,0,10,凱基-北門,2023-07-31,9283
2301,光寶科,90,81,9,凱基-北門,2023-07-31,9283
1101,台泥,13,4,9,凱基-北門,2023-07-31,9283
3032,偉訓,12,3,9,凱基-北門,2023-07-31,9283
6112,邁達特,10,1,9,凱基-北門,2023-07-31,9283
2002,中鋼,13,5,8,凱基-北門,2023-07-31,9283
1514,亞力,10,2,8,凱基-北門,2023-07-31,9283
2891,中信金,8,0,8,凱基-北門,2023-07-31,9283
2356,英業達,15,7,8,凱基-北門,2023-07-31,9283
00753L,中信中國50正2,9,2,7,凱基-北門,2023-07-31,9283
2425,承啟,8,1,7,凱基-北門,2023-07-31,9283
2457,飛宏,11,4,7,凱基-北門,2023-07-31,9283
2603,長榮,13,6,7,凱基-北門,2023-07-31,9283
2609,陽明,11,5,6,凱基-北門,2023-07-31,9283
2461,光群雷,6,0,6,凱基-北門,2023-07-31,9283
3545,敦泰,6,0,6,凱基-北門,2023-07-31,9283
5425,台半,8,2,6,凱基-北門,2023-07-31,9283
00923,群益台ESG低碳50,6,0,6,凱基-北門,2023-07-31,9283
5439,高技,8,3,5,凱基-北門,2023-07-31,9283
00900,富邦特選高股息30,6,1,5,凱基-北門,2023-07-31,9283
2206,三陽工業,9,4,5,凱基-北門,2023-07-31,9283
2408,南亞科,54,0,54,凱基-北門,2023-08-01,9283
00751B,元大AAA至A公司債,40,0,40,凱基-北門,2023-08-01,9283
00882,中信中國高股息,27,0,27,凱基-北門,2023-08-01,9283
1609,大亞,22,3,19,凱基-北門,2023-08-01,9283
3583,辛耘,28,12,16,凱基-北門,2023-08-01,9283
1513,中興電,16,2,14,凱基-北門,2023-08-01,9283
1517,利奇,16,2,14,凱基-北門,2023-08-01,9283
2312,金寶,19,5,14,凱基-北門,2023-08-01,9283
6165,浪凡,14,0,14,凱基-北門,2023-08-01,9283
1905,華紙,32,18,14,凱基-北門,2023-08-01,9283
2329,華泰,15,2,13,凱基-北門,2023-08-01,9283
2382,廣達,35,23,12,凱基-北門,2023-08-01,9283
2352,佳世達,12,1,11,凱基-北門,2023-08-01,9283
1102,亞泥,11,0,11,凱基-北門,2023-08-01,9283
00673R,期元大S＆P原油反1,11,0,11,凱基-北門,2023-08-01,9283
1529,樂事綠能,11,0,11,凱基-北門,2023-08-01,9283
2801,彰銀,11,0,11,凱基-北門,2023-08-01,9283
3032,偉訓,11,0,11,凱基-北門,2023-08-01,9283
3105,穩懋,11,0,11,凱基-北門,2023-08-01,9283
00772B,中信高評級公司債,10,0,10,凱基-北門,2023-08-01,9283
1304,台聚,10,0,10,凱基-北門,2023-08-01,9283
2425,承啟,10,0,10,凱基-北門,2023-08-01,9283
6508,惠光,10,0,10,凱基-北門,2023-08-01,9283
8088,品安,10,0,10,凱基-北門,2023-08-01,9283
2882,國泰金,14,5,9,凱基-北門,2023-08-01,9283
3163,波若威,16,7,9,凱基-北門,2023-08-01,9283
8390,金益鼎,10,1,9,凱基-北門,2023-08-01,9283
3044,健鼎,21,13,8,凱基-北門,2023-08-01,9283
2323,中環,13,5,8,凱基-北門,2023-08-01,9283
2483,百容,8,0,8,凱基-北門,2023-08-01,9283
2543,皇昌,8,0,8,凱基-北門,2023-08-01,9283
5009,榮剛,8,0,8,凱基-北門,2023-08-01,9283
3058,立德,7,0,7,凱基-北門,2023-08-01,9283
3558,神準,16,9,7,凱基-北門,2023-08-01,9283
6282,康舒,21,14,7,凱基-北門,2023-08-01,9283
8068,全達,7,0,7,凱基-北門,2023-08-01,9283
00753L,中信中國50正2,10,4,6,凱基-北門,2023-08-01,9283
00885,富邦越南,10,4,6,凱基-北門,2023-08-01,9283
00929,復華台灣科技優息,11,5,6,凱基-北門,2023-08-01,9283
1711,永光,6,0,6,凱基-北門,2023-08-01,9283
2492,華新科,6,0,6,凱基-北門,2023-08-01,9283
3346,麗清,7,1,6,凱基-北門,2023-08-01,9283
6217,中探針,6,0,6,凱基-北門,2023-08-01,9283
020022,元大電動車N,5,0,5,凱基-北門,2023-08-01,9283
2230,泰茂,5,0,5,凱基-北門,2023-08-01,9283
2449,京元電子,6,1,5,凱基-北門,2023-08-01,9283
3706,神達,6,1,5,凱基-北門,2023-08-01,9283
3710,連展投控,5,0,5,凱基-北門,2023-08-01,9283
6185,幃翔,5,0,5,凱基-北門,2023-08-01,9283
6234,高僑,5,0,5,凱基-北門,2023-08-01,9283
00712,復華富時不動產,200,19,181,凱基-北門,2023-08-02,9283
00878,國泰永續高股息,213,38,175,凱基-北門,2023-08-02,9283
2332,友訊,174,0,174,凱基-北門,2023-08-02,9283
2618,長榮航,137,1,136,凱基-北門,2023-08-02,9283
00929,復華台灣科技優息,68,0,68,凱基-北門,2023-08-02,9283
1522,堤維西,65,5,60,凱基-北門,2023-08-02,9283
2408,南亞科,53,0,53,凱基-北門,2023-08-02,9283
00673R,期元大S＆P原油反1,46,0,46,凱基-北門,2023-08-02,9283
1308,亞聚,52,10,42,凱基-北門,2023-08-02,9283
6282,康舒,44,3,41,凱基-北門,2023-08-02,9283
3481,群創,35,0,35,凱基-北門,2023-08-02,9283
00680L,元大美債20正2,33,1,32,凱基-北門,2023-08-02,9283
1605,華新,80,49,31,凱基-北門,2023-08-02,9283
1314,中石化,31,1,30,凱基-北門,2023-08-02,9283
2382,廣達,45,19,26,凱基-北門,2023-08-02,9283
2324,仁寶,25,0,25,凱基-北門,2023-08-02,9283
0056,元大高股息,55,30,25,凱基-北門,2023-08-02,9283
00772B,中信高評級公司債,34,10,24,凱基-北門,2023-08-02,9283
2344,華邦電,24,0,24,凱基-北門,2023-08-02,9283
00679B,元大美債20年,20,0,20,凱基-北門,2023-08-02,9283
6116,彩晶,20,1,19,凱基-北門,2023-08-02,9283
6830,汎銓,19,0,19,凱基-北門,2023-08-02,9283
00923,群益台ESG低碳50,18,0,18,凱基-北門,2023-08-02,9283
2301,光寶科,20,2,18,凱基-北門,2023-08-02,9283
00687B,國泰20年美債,17,0,17,凱基-北門,2023-08-02,9283
2913,農林,93,76,17,凱基-北門,2023-08-02,9283
3032,偉訓,16,0,16,凱基-北門,2023-08-02,9283
2356,英業達,29,15,14,凱基-北門,2023-08-02,9283
00676R,富邦臺灣加權反1,14,0,14,凱基-北門,2023-08-02,9283
2883,凱基金,15,1,14,凱基-北門,2023-08-02,9283
2317,鴻海,12,0,12,凱基-北門,2023-08-02,9283
3231,緯創,28,16,12,凱基-北門,2023-08-02,9283
2002,中鋼,17,5,12,凱基-北門,2023-08-02,9283
00753L,中信中國50正2,12,0,12,凱基-北門,2023-08-02,9283
2498,宏達電,12,0,12,凱基-北門,2023-08-02,9283
2543,皇昌,12,0,12,凱基-北門,2023-08-02,9283
3704,合勤控,15,3,12,凱基-北門,2023-08-02,9283
6841,長佳智能,12,0,12,凱基-北門,2023-08-02,9283
6125,廣運,16,5,11,凱基-北門,2023-08-02,9283
2328,廣宇,11,0,11,凱基-北門,2023-08-02,9283
2401,凌陽,13,2,11,凱基-北門,2023-08-02,9283
2801,彰銀,10,0,10,凱基-北門,2023-08-02,9283
1319,東陽,15,5,10,凱基-北門,2023-08-02,9283
1517,利奇,10,0,10,凱基-北門,2023-08-02,9283
1526,日馳,10,0,10,凱基-北門,2023-08-02,9283
2374,佳能,10,0,10,凱基-北門,2023-08-02,9283
6188,廣明,18,8,10,凱基-北門,2023-08-02,9283
8049,晶采,10,0,10,凱基-北門,2023-08-02,9283
00882,中信中國高股息,9,0,9,凱基-北門,2023-08-02,9283
3289,宜特,14,5,9,凱基-北門,2023-08-02,9283
00712,復華富時不動產,208,33,175,凱基-北門,2023-08-04,9283
1605,華新,217,55,162,凱基-北門,2023-08-04,9283
3481,群創,71,1,70,凱基-北門,2023-08-04,9283
00679B,元大美債20年,106,40,66,凱基-北門,2023-08-04,9283
00929,復華台灣科技優息,58,0,58,凱基-北門,2023-08-04,9283
2888,新光金,53,2,51,凱基-北門,2023-08-04,9283
00878,國泰永續高股息,148,109,39,凱基-北門,2023-08-04,9283
6472,保瑞,38,0,38,凱基-北門,2023-08-04,9283
00772B,中信高評級公司債,36,0,36,凱基-北門,2023-08-04,9283
5426,振發,30,0,30,凱基-北門,2023-08-04,9283
00715L,期街口布蘭特正2,28,0,28,凱基-北門,2023-08-04,9283
00687B,國泰20年美債,24,0,24,凱基-北門,2023-08-04,9283
2440,太空梭,23,0,23,凱基-北門,2023-08-04,9283
0056,元大高股息,40,17,23,凱基-北門,2023-08-04,9283
00900,富邦特選高股息30,24,2,22,凱基-北門,2023-08-04,9283
00751B,元大AAA至A公司債,20,0,20,凱基-北門,2023-08-04,9283
2886,兆豐金,20,0,20,凱基-北門,2023-08-04,9283
6508,惠光,20,0,20,凱基-北門,2023-08-04,9283
3363,上詮,21,2,19,凱基-北門,2023-08-04,9283
1609,大亞,25,6,19,凱基-北門,2023-08-04,9283
2884,玉山金,17,0,17,凱基-北門,2023-08-04,9283
00907,永豐優息存股,15,0,15,凱基-北門,2023-08-04,9283
5285,界霖,15,0,15,凱基-北門,2023-08-04,9283
3305,昇貿,14,0,14,凱基-北門,2023-08-04,9283
2891,中信金,13,0,13,凱基-北門,2023-08-04,9283
00688L,國泰20年美債正2,13,0,13,凱基-北門,2023-08-04,9283
6141,柏承,13,0,13,凱基-北門,2023-08-04,9283
2329,華泰,30,18,12,凱基-北門,2023-08-04,9283
3587,閎康,12,0,12,凱基-北門,2023-08-04,9283
00857B,永豐20年美公債,11,0,11,凱基-北門,2023-08-04,9283
00795B,中信美國公債20年,11,1,10,凱基-北門,2023-08-04,9283
2313,華通,10,0,10,凱基-北門,2023-08-04,9283
2897,王道銀行,10,0,10,凱基-北門,2023-08-04,9283
3704,合勤控,10,0,10,凱基-北門,2023-08-04,9283
4119,旭富,10,0,10,凱基-北門,2023-08-04,9283
2618,長榮航,23,14,9,凱基-北門,2023-08-04,9283
00923,群益台ESG低碳50,8,0,8,凱基-北門,2023-08-04,9283
2002,中鋼,9,1,8,凱基-北門,2023-08-04,9283
2402,毅嘉,50,42,8,凱基-北門,2023-08-04,9283
8215,明基材,8,0,8,凱基-北門,2023-08-04,9283
1210,大成,8,0,8,凱基-北門,2023-08-04,9283
2344,華邦電,7,0,7,凱基-北門,2023-08-04,9283
6443,元晶,8,1,7,凱基-北門,2023-08-04,9283
00673R,期元大S＆P原油反1,11,5,6,凱基-北門,2023-08-04,9283
1802,台玻,9,3,6,凱基-北門,2023-08-04,9283
2483,百容,6,0,6,凱基-北門,2023-08-04,9283
3325,旭品,6,0,6,凱基-北門,2023-08-04,9283
4746,台耀,11,5,6,凱基-北門,2023-08-04,9283
2385,群光,5,0,5,凱基-北門,2023-08-04,9283
00753L,中信中國50正2,7,2,5,凱基-北門,2023-08-04,9283
2382,廣達,300,53,247,凱基-北門,2023-08-07,9283
00929,復華台灣科技優息,54,10,44,凱基-北門,2023-08-07,9283
3715,定穎投控,30,0,30,凱基-北門,2023-08-07,9283
8105,凌巨,30,0,30,凱基-北門,2023-08-07,9283
00882,中信中國高股息,28,0,28,凱基-北門,2023-08-07,9283
1905,華紙,29,3,26,凱基-北門,2023-08-07,9283
2457,飛宏,26,1,25,凱基-北門,2023-08-07,9283
3047,訊舟,25,0,25,凱基-北門,2023-08-07,9283
2483,百容,23,0,23,凱基-北門,2023-08-07,9283
1471,首利,21,0,21,凱基-北門,2023-08-07,9283
1605,華新,26,6,20,凱基-北門,2023-08-07,9283
00931B,統一美債20年,20,3,17,凱基-北門,2023-08-07,9283
3363,上詮,17,1,16,凱基-北門,2023-08-07,9283
2332,友訊,15,0,15,凱基-北門,2023-08-07,9283
2027,大成鋼,16,1,15,凱基-北門,2023-08-07,9283
2603,長榮,18,4,14,凱基-北門,2023-08-07,9283
2891,中信金,14,0,14,凱基-北門,2023-08-07,9283
00900,富邦特選高股息30,14,1,13,凱基-北門,2023-08-07,9283
2344,華邦電,13,1,12,凱基-北門,2023-08-07,9283
3038,全台,12,0,12,凱基-北門,2023-08-07,9283
6112,邁達特,12,0,12,凱基-北門,2023-08-07,9283
2913,農林,18,7,11,凱基-北門,2023-08-07,9283
2609,陽明,11,1,10,凱基-北門,2023-08-07,9283
00857B,永豐20年美公債,10,0,10,凱基-北門,2023-08-07,9283
00633L,富邦上証正2,11,1,10,凱基-北門,2023-08-07,9283
1307,三芳,10,0,10,凱基-北門,2023-08-07,9283
1529,樂事綠能,10,0,10,凱基-北門,2023-08-07,9283
4188,安克,10,0,10,凱基-北門,2023-08-07,9283
6508,惠光,10,0,10,凱基-北門,2023-08-07,9283
6841,長佳智能,11,1,10,凱基-北門,2023-08-07,9283
6275,元山,19,10,9,凱基-北門,2023-08-07,9283
8936,國統,10,1,9,凱基-北門,2023-08-07,9283
8016,矽創,9,0,9,凱基-北門,2023-08-07,9283
3706,神達,23,14,9,凱基-北門,2023-08-07,9283
2421,建準,11,3,8,凱基-北門,2023-08-07,9283
00673R,期元大S＆P原油反1,10,2,8,凱基-北門,2023-08-07,9283
00919,群益台灣精選高息,8,0,8,凱基-北門,2023-08-07,9283
2352,佳世達,9,1,8,凱基-北門,2023-08-07,9283
2610,華航,9,2,7,凱基-北門,2023-08-07,9283
00830,國泰費城半導體,7,0,7,凱基-北門,2023-08-07,9283
2009,第一銅,7,0,7,凱基-北門,2023-08-07,9283
6244,茂迪,7,0,7,凱基-北門,2023-08-07,9283
1802,台玻,14,8,6,凱基-北門,2023-08-07,9283
2368,金像電,8,2,6,凱基-北門,2023-08-07,9283
5388,中磊,5,0,5,凱基-北門,2023-08-07,9283
00679B,元大美債20年,10,5,5,凱基-北門,2023-08-07,9283
00693U,期街口S＆P黃豆,5,0,5,凱基-北門,2023-08-07,9283
00687B,國泰20年美債,5,0,5,凱基-北門,2023-08-07,9283
2303,聯電,5,0,5,凱基-北門,2023-08-07,9283
2402,毅嘉,72,67,5,凱基-北門,2023-08-07,9283
00900,富邦特選高股息30,94,0,94,凱基-北門,2023-08-08,9283
00878,國泰永續高股息,87,7,80,凱基-北門,2023-08-08,9283
00929,復華台灣科技優息,60,0,60,凱基-北門,2023-08-08,9283
2834,臺企銀,57,6,51,凱基-北門,2023-08-08,9283
1718,中纖,50,0,50,凱基-北門,2023-08-08,9283
00715L,期街口布蘭特正2,48,1,47,凱基-北門,2023-08-08,9283
2356,英業達,54,15,39,凱基-北門,2023-08-08,9283
2344,華邦電,40,2,38,凱基-北門,2023-08-08,9283
3231,緯創,59,38,21,凱基-北門,2023-08-08,9283
2382,廣達,87,67,20,凱基-北門,2023-08-08,9283
2888,新光金,20,2,18,凱基-北門,2023-08-08,9283
2454,聯發科,18,0,18,凱基-北門,2023-08-08,9283
2483,百容,15,0,15,凱基-北門,2023-08-08,9283
3363,上詮,16,2,14,凱基-北門,2023-08-08,9283
2913,農林,29,16,13,凱基-北門,2023-08-08,9283
1802,台玻,16,4,12,凱基-北門,2023-08-08,9283
2408,南亞科,12,0,12,凱基-北門,2023-08-08,9283
2891,中信金,12,0,12,凱基-北門,2023-08-08,9283
3027,盛達,13,1,12,凱基-北門,2023-08-08,9283
6148,驊宏資,15,3,12,凱基-北門,2023-08-08,9283
6188,廣明,18,6,12,凱基-北門,2023-08-08,9283
5871,中租-KY,12,1,11,凱基-北門,2023-08-08,9283
1529,樂事綠能,11,0,11,凱基-北門,2023-08-08,9283
2464,盟立,10,0,10,凱基-北門,2023-08-08,9283
4956,光鋐,10,0,10,凱基-北門,2023-08-08,9283
8358,金居,10,0,10,凱基-北門,2023-08-08,9283
6117,迎廣,10,0,10,凱基-北門,2023-08-08,9283
6274,台燿,28,18,10,凱基-北門,2023-08-08,9283
1710,東聯,10,1,9,凱基-北門,2023-08-08,9283
4931,新盛力,9,0,9,凱基-北門,2023-08-08,9283
00720B,元大投資級公司債,8,0,8,凱基-北門,2023-08-08,9283
00919,群益台灣精選高息,8,0,8,凱基-北門,2023-08-08,9283
1905,華紙,11,4,7,凱基-北門,2023-08-08,9283
6279,胡連,7,0,7,凱基-北門,2023-08-08,9283
00897,富邦基因免疫生技,7,0,7,凱基-北門,2023-08-08,9283
00931B,統一美債20年,9,2,7,凱基-北門,2023-08-08,9283
1217,愛之味,7,0,7,凱基-北門,2023-08-08,9283
2303,聯電,7,0,7,凱基-北門,2023-08-08,9283
2887,台新金,12,5,7,凱基-北門,2023-08-08,9283
3362,先進光,9,2,7,凱基-北門,2023-08-08,9283
3481,群創,15,9,6,凱基-北門,2023-08-08,9283
1584,精剛,6,0,6,凱基-北門,2023-08-08,9283
1101,台泥,7,1,6,凱基-北門,2023-08-08,9283
2228,劍麟,6,0,6,凱基-北門,2023-08-08,9283
2301,光寶科,31,25,6,凱基-北門,2023-08-08,9283
2425,承啟,6,0,6,凱基-北門,2023-08-08,9283
3558,神準,10,4,6,凱基-北門,2023-08-08,9283
4142,國光生,6,0,6,凱基-北門,2023-08-08,9283
6166,凌華,6,0,6,凱基-北門,2023-08-08,9283
3706,神達,9,4,5,凱基-北門,2023-08-08,9283
2363,矽統,124,8,116,凱基-北門,2023-08-09,9283
00680L,元大美債20正2,80,21,59,凱基-北門,2023-08-09,9283
00900,富邦特選高股息30,56,0,56,凱基-北門,2023-08-09,9283
00929,復華台灣科技優息,52,1,51,凱基-北門,2023-08-09,9283
2382,廣達,69,27,42,凱基-北門,2023-08-09,9283
2344,華邦電,41,0,41,凱基-北門,2023-08-09,9283
1471,首利,25,0,25,凱基-北門,2023-08-09,9283
3038,全台,21,0,21,凱基-北門,2023-08-09,9283
4167,松瑞藥,21,1,20,凱基-北門,2023-08-09,9283
6830,汎銓,20,0,20,凱基-北門,2023-08-09,9283
1210,大成,16,1,15,凱基-北門,2023-08-09,9283
2356,英業達,53,38,15,凱基-北門,2023-08-09,9283
00931B,統一美債20年,16,2,14,凱基-北門,2023-08-09,9283
2002,中鋼,15,2,13,凱基-北門,2023-08-09,9283
2913,農林,29,16,13,凱基-北門,2023-08-09,9283
00878,國泰永續高股息,14,2,12,凱基-北門,2023-08-09,9283
2630,亞航,11,0,11,凱基-北門,2023-08-09,9283
3305,昇貿,11,0,11,凱基-北門,2023-08-09,9283
5452,佶優,16,5,11,凱基-北門,2023-08-09,9283
00632R,元大台灣50反1,10,0,10,凱基-北門,2023-08-09,9283
2367,燿華,10,0,10,凱基-北門,2023-08-09,9283
2801,彰銀,10,0,10,凱基-北門,2023-08-09,9283
2883B,凱基金乙特,10,0,10,凱基-北門,2023-08-09,9283
6148,驊宏資,10,0,10,凱基-北門,2023-08-09,9283
6203,海韻電,10,0,10,凱基-北門,2023-08-09,9283
2882,國泰金,10,0,10,凱基-北門,2023-08-09,9283
0056,元大高股息,16,7,9,凱基-北門,2023-08-09,9283
5347,世界,10,1,9,凱基-北門,2023-08-09,9283
6129,普誠,11,2,9,凱基-北門,2023-08-09,9283
6589,台康生技,9,0,9,凱基-北門,2023-08-09,9283
3260,威剛,11,3,8,凱基-北門,2023-08-09,9283
3714,富采,8,0,8,凱基-北門,2023-08-09,9283
4916,事欣科,10,2,8,凱基-北門,2023-08-09,9283
8049,晶采,8,0,8,凱基-北門,2023-08-09,9283
6274,台燿,19,12,7,凱基-北門,2023-08-09,9283
1584,精剛,7,0,7,凱基-北門,2023-08-09,9283
00885,富邦越南,7,0,7,凱基-北門,2023-08-09,9283
3325,旭品,7,0,7,凱基-北門,2023-08-09,9283
3583,辛耘,9,2,7,凱基-北門,2023-08-09,9283
2385,群光,6,0,6,凱基-北門,2023-08-09,9283
2442,新美齊,6,0,6,凱基-北門,2023-08-09,9283
2888,新光金,6,0,6,凱基-北門,2023-08-09,9283
00713,元大台灣高息低波,5,0,5,凱基-北門,2023-08-09,9283
1514,亞力,12,7,5,凱基-北門,2023-08-09,9283
2329,華泰,21,16,5,凱基-北門,2023-08-09,9283
3024,憶聲,6,1,5,凱基-北門,2023-08-09,9283
3057,喬鼎,5,0,5,凱基-北門,2023-08-09,9283
6190,萬泰科,10,5,5,凱基-北門,2023-08-09,9283
6209,今國光,5,0,5,凱基-北門,2023-08-09,9283
8930,青鋼,15,10,5,凱基-北門,2023-08-09,9283
00878,國泰永續高股息,142,3,139,凱基-北門,2023-08-10,9283
00931B,統一美債20年,100,1,99,凱基-北門,2023-08-10,9283
2409,友達,76,0,76,凱基-北門,2023-08-10,9283
00929,復華台灣科技優息,53,0,53,凱基-北門,2023-08-10,9283
1718,中纖,50,0,50,凱基-北門,2023-08-10,9283
3047,訊舟,50,0,50,凱基-北門,2023-08-10,9283
0056,元大高股息,58,14,44,凱基-北門,2023-08-10,9283
1471,首利,60,16,44,凱基-北門,2023-08-10,9283
00900,富邦特選高股息30,40,0,40,凱基-北門,2023-08-10,9283
2025,千興,34,0,34,凱基-北門,2023-08-10,9283
2886,兆豐金,33,0,33,凱基-北門,2023-08-10,9283
2890,永豐金,30,1,29,凱基-北門,2023-08-10,9283
3481,群創,30,3,27,凱基-北門,2023-08-10,9283
6282,康舒,33,7,26,凱基-北門,2023-08-10,9283
2002,中鋼,22,0,22,凱基-北門,2023-08-10,9283
1609,大亞,24,2,22,凱基-北門,2023-08-10,9283
2382,廣達,40,19,21,凱基-北門,2023-08-10,9283
1522,堤維西,20,0,20,凱基-北門,2023-08-10,9283
2402,毅嘉,54,35,19,凱基-北門,2023-08-10,9283
2610,華航,29,14,15,凱基-北門,2023-08-10,9283
2504,國產,12,0,12,凱基-北門,2023-08-10,9283
1904,正隆,12,0,12,凱基-北門,2023-08-10,9283
6203,海韻電,12,1,11,凱基-北門,2023-08-10,9283
6830,汎銓,11,0,11,凱基-北門,2023-08-10,9283
00633L,富邦上証正2,10,0,10,凱基-北門,2023-08-10,9283
2313,華通,10,0,10,凱基-北門,2023-08-10,9283
2371,大同,10,0,10,凱基-北門,2023-08-10,9283
2852,第一保,10,0,10,凱基-北門,2023-08-10,9283
4129,聯合,10,0,10,凱基-北門,2023-08-10,9283
4768,晶呈科技,10,0,10,凱基-北門,2023-08-10,9283
6133,金橋,10,0,10,凱基-北門,2023-08-10,9283
00923,群益台ESG低碳50,9,0,9,凱基-北門,2023-08-10,9283
00673R,期元大S＆P原油反1,9,0,9,凱基-北門,2023-08-10,9283
3714,富采,9,0,9,凱基-北門,2023-08-10,9283
6189,豐藝,9,0,9,凱基-北門,2023-08-10,9283
1795,美時,23,14,9,凱基-北門,2023-08-10,9283
1504,東元,9,0,9,凱基-北門,2023-08-10,9283
3013,晟銘電,8,0,8,凱基-北門,2023-08-10,9283
2884,玉山金,7,0,7,凱基-北門,2023-08-10,9283
1605,華新,7,0,7,凱基-北門,2023-08-10,9283
3305,昇貿,17,10,7,凱基-北門,2023-08-10,9283
2376,技嘉,10,4,6,凱基-北門,2023-08-10,9283
8926,台汽電,6,0,6,凱基-北門,2023-08-10,9283
1905,華紙,6,0,6,凱基-北門,2023-08-10,9283
00712,復華富時不動產,6,0,6,凱基-北門,2023-08-10,9283
00665L,富邦�琤肭磪囓�2,6,0,6,凱基-北門,2023-08-10,9283
2230,泰茂,6,0,6,凱基-北門,2023-08-10,9283
2303,聯電,7,1,6,凱基-北門,2023-08-10,9283
3346,麗清,6,0,6,凱基-北門,2023-08-10,9283
8049,晶采,6,0,6,凱基-北門,2023-08-10,9283
2892,第一金,173,0,173,凱基-北門,2023-08-11,9283
2801,彰銀,64,0,64,凱基-北門,2023-08-11,9283
1609,大亞,69,15,54,凱基-北門,2023-08-11,9283
1227,佳格,50,0,50,凱基-北門,2023-08-11,9283
1471,首利,45,0,45,凱基-北門,2023-08-11,9283
00929,復華台灣科技優息,33,0,33,凱基-北門,2023-08-11,9283
00720B,元大投資級公司債,30,0,30,凱基-北門,2023-08-11,9283
00900,富邦特選高股息30,27,0,27,凱基-北門,2023-08-11,9283
00715L,期街口布蘭特正2,23,0,23,凱基-北門,2023-08-11,9283
8049,晶采,23,0,23,凱基-北門,2023-08-11,9283
00931B,統一美債20年,21,0,21,凱基-北門,2023-08-11,9283
1795,美時,40,20,20,凱基-北門,2023-08-11,9283
1504,東元,18,0,18,凱基-北門,2023-08-11,9283
2886,兆豐金,16,0,16,凱基-北門,2023-08-11,9283
2888,新光金,13,0,13,凱基-北門,2023-08-11,9283
6282,康舒,15,2,13,凱基-北門,2023-08-11,9283
5347,世界,12,0,12,凱基-北門,2023-08-11,9283
2025,千興,12,0,12,凱基-北門,2023-08-11,9283
2913,農林,18,6,12,凱基-北門,2023-08-11,9283
1210,大成,11,0,11,凱基-北門,2023-08-11,9283
1308,亞聚,11,0,11,凱基-北門,2023-08-11,9283
1802,台玻,11,0,11,凱基-北門,2023-08-11,9283
2903,遠百,11,0,11,凱基-北門,2023-08-11,9283
00725B,國泰投資級公司債,10,0,10,凱基-北門,2023-08-11,9283
00632R,元大台灣50反1,10,0,10,凱基-北門,2023-08-11,9283
2313,華通,10,0,10,凱基-北門,2023-08-11,9283
8936,國統,10,0,10,凱基-北門,2023-08-11,9283
2618,長榮航,117,108,9,凱基-北門,2023-08-11,9283
00687B,國泰20年美債,9,0,9,凱基-北門,2023-08-11,9283
00751B,元大AAA至A公司債,9,0,9,凱基-北門,2023-08-11,9283
2409,友達,11,2,9,凱基-北門,2023-08-11,9283
3305,昇貿,9,0,9,凱基-北門,2023-08-11,9283
4533,協易機,14,5,9,凱基-北門,2023-08-11,9283
2002,中鋼,9,1,8,凱基-北門,2023-08-11,9283
3706,神達,14,6,8,凱基-北門,2023-08-11,9283
6191,精成科,10,2,8,凱基-北門,2023-08-11,9283
3078,僑威,16,9,7,凱基-北門,2023-08-11,9283
3325,旭品,8,1,7,凱基-北門,2023-08-11,9283
00923,群益台ESG低碳50,6,0,6,凱基-北門,2023-08-11,9283
00633L,富邦上証正2,7,1,6,凱基-北門,2023-08-11,9283
1522,堤維西,10,4,6,凱基-北門,2023-08-11,9283
2312,金寶,6,0,6,凱基-北門,2023-08-11,9283
2406,國碩,6,0,6,凱基-北門,2023-08-11,9283
1513,中興電,6,0,6,凱基-北門,2023-08-11,9283
2330,台積電,5,0,5,凱基-北門,2023-08-11,9283
6188,廣明,8,3,5,凱基-北門,2023-08-11,9283
00753L,中信中國50正2,5,0,5,凱基-北門,2023-08-11,9283
00665L,富邦�琤肭磪囓�2,6,1,5,凱基-北門,2023-08-11,9283
3013,晟銘電,7,2,5,凱基-北門,2023-08-11,9283
3466,德晉,6,1,5,凱基-北門,2023-08-11,9283
00929,復華台灣科技優息,184,0,184,凱基-北門,2023-08-14,9283
1227,佳格,100,0,100,凱基-北門,2023-08-14,9283
00931B,統一美債20年,76,0,76,凱基-北門,2023-08-14,9283
2883B,凱基金乙特,61,0,61,凱基-北門,2023-08-14,9283
00878,國泰永續高股息,79,24,55,凱基-北門,2023-08-14,9283
3047,訊舟,51,0,51,凱基-北門,2023-08-14,9283
2543,皇昌,45,0,45,凱基-北門,2023-08-14,9283
1785,光洋科,38,0,38,凱基-北門,2023-08-14,9283
1316,上曜,30,0,30,凱基-北門,2023-08-14,9283
8104,錸寶,28,0,28,凱基-北門,2023-08-14,9283
2834,臺企銀,23,0,23,凱基-北門,2023-08-14,9283
00706L,期元大S＆P日圓正2,20,0,20,凱基-北門,2023-08-14,9283
2888,新光金,18,0,18,凱基-北門,2023-08-14,9283
4119,旭富,16,0,16,凱基-北門,2023-08-14,9283
4114,健喬,15,0,15,凱基-北門,2023-08-14,9283
0056,元大高股息,21,7,14,凱基-北門,2023-08-14,9283
00923,群益台ESG低碳50,14,0,14,凱基-北門,2023-08-14,9283
2886,兆豐金,13,0,13,凱基-北門,2023-08-14,9283
00715L,期街口布蘭特正2,63,50,13,凱基-北門,2023-08-14,9283
0050,元大台灣50,13,0,13,凱基-北門,2023-08-14,9283
2382,廣達,36,23,13,凱基-北門,2023-08-14,9283
2892,第一金,12,0,12,凱基-北門,2023-08-14,9283
00665L,富邦�琤肭磪囓�2,12,0,12,凱基-北門,2023-08-14,9283
00633L,富邦上証正2,13,1,12,凱基-北門,2023-08-14,9283
2401,凌陽,13,1,12,凱基-北門,2023-08-14,9283
2882,國泰金,14,2,12,凱基-北門,2023-08-14,9283
3481,群創,59,48,11,凱基-北門,2023-08-14,9283
2409,友達,12,1,11,凱基-北門,2023-08-14,9283
6125,廣運,14,3,11,凱基-北門,2023-08-14,9283
2328,廣宇,10,0,10,凱基-北門,2023-08-14,9283
00772B,中信高評級公司債,10,0,10,凱基-北門,2023-08-14,9283
1308,亞聚,10,0,10,凱基-北門,2023-08-14,9283
1806,冠軍,10,0,10,凱基-北門,2023-08-14,9283
2303,聯電,13,3,10,凱基-北門,2023-08-14,9283
3078,僑威,13,3,10,凱基-北門,2023-08-14,9283
4564,元翎,10,0,10,凱基-北門,2023-08-14,9283
2801,彰銀,12,2,10,凱基-北門,2023-08-14,9283
2883,凱基金,9,0,9,凱基-北門,2023-08-14,9283
1210,大成,8,0,8,凱基-北門,2023-08-14,9283
2359,所羅門,10,2,8,凱基-北門,2023-08-14,9283
4726,永昕,8,0,8,凱基-北門,2023-08-14,9283
8936,國統,9,1,8,凱基-北門,2023-08-14,9283
1101,台泥,8,0,8,凱基-北門,2023-08-14,9283
00680L,元大美債20正2,7,0,7,凱基-北門,2023-08-14,9283
2884,玉山金,6,0,6,凱基-北門,2023-08-14,9283
2201,裕隆,7,1,6,凱基-北門,2023-08-14,9283
3714,富采,6,0,6,凱基-北門,2023-08-14,9283
1802,台玻,6,0,6,凱基-北門,2023-08-14,9283
2368,金像電,10,4,6,凱基-北門,2023-08-14,9283
2483,百容,6,0,6,凱基-北門,2023-08-14,9283
00923,群益台ESG低碳50,80,0,80,凱基-北門,2023-08-15,9283
00929,復華台灣科技優息,77,0,77,凱基-北門,2023-08-15,9283
00751B,元大AAA至A公司債,46,0,46,凱基-北門,2023-08-15,9283
00900,富邦特選高股息30,31,0,31,凱基-北門,2023-08-15,9283
1609,大亞,27,0,27,凱基-北門,2023-08-15,9283
5009,榮剛,24,2,22,凱基-北門,2023-08-15,9283
2408,南亞科,20,0,20,凱基-北門,2023-08-15,9283
2009,第一銅,20,1,19,凱基-北門,2023-08-15,9283
00680L,元大美債20正2,20,3,17,凱基-北門,2023-08-15,9283
8086,宏捷科,19,2,17,凱基-北門,2023-08-15,9283
3231,緯創,50,33,17,凱基-北門,2023-08-15,9283
2317,鴻海,18,1,17,凱基-北門,2023-08-15,9283
00931B,統一美債20年,16,0,16,凱基-北門,2023-08-15,9283
4533,協易機,26,11,15,凱基-北門,2023-08-15,9283
5340,建榮,13,0,13,凱基-北門,2023-08-15,9283
2883,凱基金,11,0,11,凱基-北門,2023-08-15,9283
5483,中美晶,10,0,10,凱基-北門,2023-08-15,9283
1326,台化,10,0,10,凱基-北門,2023-08-15,9283
2401,凌陽,10,0,10,凱基-北門,2023-08-15,9283
6026,福邦證,10,0,10,凱基-北門,2023-08-15,9283
2884,玉山金,9,0,9,凱基-北門,2023-08-15,9283
2421,建準,16,7,9,凱基-北門,2023-08-15,9283
00720B,元大投資級公司債,8,0,8,凱基-北門,2023-08-15,9283
00712,復華富時不動產,7,0,7,凱基-北門,2023-08-15,9283
00895,富邦未來車,7,0,7,凱基-北門,2023-08-15,9283
2329,華泰,7,0,7,凱基-北門,2023-08-15,9283
2618,長榮航,29,22,7,凱基-北門,2023-08-15,9283
00857B,永豐20年美公債,6,0,6,凱基-北門,2023-08-15,9283
4526,東台,6,0,6,凱基-北門,2023-08-15,9283
2353,宏��,10,4,6,凱基-北門,2023-08-15,9283
1560,中砂,5,0,5,凱基-北門,2023-08-15,9283
2630,亞航,5,0,5,凱基-北門,2023-08-15,9283
2736,富野,5,0,5,凱基-北門,2023-08-15,9283
6613,朋億*,5,0,5,凱基-北門,2023-08-15,9283
8049,晶采,5,0,5,凱基-北門,2023-08-15,9283
2027,大成鋼,4,0,4,凱基-北門,2023-08-15,9283
2834,臺企銀,4,0,4,凱基-北門,2023-08-15,9283
1217,愛之味,4,0,4,凱基-北門,2023-08-15,9283
2355,敬鵬,4,0,4,凱基-北門,2023-08-15,9283
2399,映泰,4,0,4,凱基-北門,2023-08-15,9283
2851,中再保,4,0,4,凱基-北門,2023-08-15,9283
3049,精金,4,0,4,凱基-北門,2023-08-15,9283
6244,茂迪,4,0,4,凱基-北門,2023-08-15,9283
6508,惠光,4,0,4,凱基-北門,2023-08-15,9283
2892,第一金,4,0,4,凱基-北門,2023-08-15,9283
5871,中租-KY,4,0,4,凱基-北門,2023-08-15,9283
2454,聯發科,3,0,3,凱基-北門,2023-08-15,9283
006208,富邦台50,3,0,3,凱基-北門,2023-08-15,9283
2002,中鋼,3,0,3,凱基-北門,2023-08-15,9283
6770,力積電,3,0,3,凱基-北門,2023-08-15,9283
00878,國泰永續高股息,111,3,108,凱基-北門,2023-08-16,9283
2025,千興,89,3,86,凱基-北門,2023-08-16,9283
00929,復華台灣科技優息,47,0,47,凱基-北門,2023-08-16,9283
3052,夆典,40,0,40,凱基-北門,2023-08-16,9283
00900,富邦特選高股息30,33,0,33,凱基-北門,2023-08-16,9283
00673R,期元大S＆P原油反1,40,8,32,凱基-北門,2023-08-16,9283
00772B,中信高評級公司債,30,0,30,凱基-北門,2023-08-16,9283
00674R,期元大S＆P黃金反1,29,0,29,凱基-北門,2023-08-16,9283
2834,臺企銀,25,1,24,凱基-北門,2023-08-16,9283
2027,大成鋼,23,0,23,凱基-北門,2023-08-16,9283
00923,群益台ESG低碳50,21,0,21,凱基-北門,2023-08-16,9283
00902,中信電池及儲能,20,0,20,凱基-北門,2023-08-16,9283
00632R,元大台灣50反1,25,5,20,凱基-北門,2023-08-16,9283
2303,聯電,21,2,19,凱基-北門,2023-08-16,9283
2891,中信金,22,3,19,凱基-北門,2023-08-16,9283
00712,復華富時不動產,19,0,19,凱基-北門,2023-08-16,9283
2884,玉山金,15,0,15,凱基-北門,2023-08-16,9283
2352,佳世達,15,0,15,凱基-北門,2023-08-16,9283
2618,長榮航,34,19,15,凱基-北門,2023-08-16,9283
2002,中鋼,14,0,14,凱基-北門,2023-08-16,9283
2883,凱基金,17,4,13,凱基-北門,2023-08-16,9283
9919,康那香,12,0,12,凱基-北門,2023-08-16,9283
2317,鴻海,13,2,11,凱基-北門,2023-08-16,9283
00931B,統一美債20年,11,0,11,凱基-北門,2023-08-16,9283
2332,友訊,33,22,11,凱基-北門,2023-08-16,9283
6125,廣運,14,4,10,凱基-北門,2023-08-16,9283
00751B,元大AAA至A公司債,9,0,9,凱基-北門,2023-08-16,9283
2344,華邦電,10,1,9,凱基-北門,2023-08-16,9283
3325,旭品,10,1,9,凱基-北門,2023-08-16,9283
3051,力特,9,1,8,凱基-北門,2023-08-16,9283
6191,精成科,12,4,8,凱基-北門,2023-08-16,9283
00692,富邦公司治理,8,0,8,凱基-北門,2023-08-16,9283
6541,泰福-KY,9,2,7,凱基-北門,2023-08-16,9283
8069,元太,7,0,7,凱基-北門,2023-08-16,9283
2892,第一金,7,0,7,凱基-北門,2023-08-16,9283
2301,光寶科,11,5,6,凱基-北門,2023-08-16,9283
00669R,國泰美國道瓊反1,6,0,6,凱基-北門,2023-08-16,9283
2349,錸德,6,0,6,凱基-北門,2023-08-16,9283
2457,飛宏,33,27,6,凱基-北門,2023-08-16,9283
2363,矽統,10,5,5,凱基-北門,2023-08-16,9283
00922,國泰台灣領袖50,5,0,5,凱基-北門,2023-08-16,9283
2409,友達,5,0,5,凱基-北門,2023-08-16,9283
2845,遠東銀,5,0,5,凱基-北門,2023-08-16,9283
3024,憶聲,5,0,5,凱基-北門,2023-08-16,9283
3037,欣興,6,1,5,凱基-北門,2023-08-16,9283
3682,亞太電,5,0,5,凱基-北門,2023-08-16,9283
4129,聯合,5,0,5,凱基-北門,2023-08-16,9283
3693,營邦,6,1,5,凱基-北門,2023-08-16,9283
006208,富邦台50,4,0,4,凱基-北門,2023-08-16,9283
6223,旺矽,6,2,4,凱基-北門,2023-08-16,9283
3363,上詮,61,0,61,凱基-北門,2023-08-17,9283
2460,建通,41,0,41,凱基-北門,2023-08-17,9283
2382,廣達,90,50,40,凱基-北門,2023-08-17,9283
00929,復華台灣科技優息,25,0,25,凱基-北門,2023-08-17,9283
00722B,群益投資級電信債,35,10,25,凱基-北門,2023-08-17,9283
00799B,國泰A級醫療債,20,0,20,凱基-北門,2023-08-17,9283
00751B,元大AAA至A公司債,19,0,19,凱基-北門,2023-08-17,9283
2421,建準,29,10,19,凱基-北門,2023-08-17,9283
2344,華邦電,18,0,18,凱基-北門,2023-08-17,9283
2409,友達,28,11,17,凱基-北門,2023-08-17,9283
00923,群益台ESG低碳50,16,0,16,凱基-北門,2023-08-17,9283
00931B,統一美債20年,16,0,16,凱基-北門,2023-08-17,9283
2313,華通,15,0,15,凱基-北門,2023-08-17,9283
2367,燿華,18,3,15,凱基-北門,2023-08-17,9283
8930,青鋼,15,0,15,凱基-北門,2023-08-17,9283
2637,慧洋-KY,15,2,13,凱基-北門,2023-08-17,9283
2881,富邦金,11,0,11,凱基-北門,2023-08-17,9283
2303,聯電,54,44,10,凱基-北門,2023-08-17,9283
1785,光洋科,10,0,10,凱基-北門,2023-08-17,9283
2801,彰銀,10,0,10,凱基-北門,2023-08-17,9283
2883,凱基金,10,0,10,凱基-北門,2023-08-17,9283
2888,新光金,10,0,10,凱基-北門,2023-08-17,9283
2903,遠百,10,0,10,凱基-北門,2023-08-17,9283
00882,中信中國高股息,9,0,9,凱基-北門,2023-08-17,9283
2892,第一金,9,0,9,凱基-北門,2023-08-17,9283
8210,勤誠,14,5,9,凱基-北門,2023-08-17,9283
2890,永豐金,8,0,8,凱基-北門,2023-08-17,9283
1301,台塑,7,0,7,凱基-北門,2023-08-17,9283
00897,富邦基因免疫生技,7,0,7,凱基-北門,2023-08-17,9283
3013,晟銘電,11,4,7,凱基-北門,2023-08-17,9283
9904,寶成,7,0,7,凱基-北門,2023-08-17,9283
0056,元大高股息,19,13,6,凱基-北門,2023-08-17,9283
2543,皇昌,6,0,6,凱基-北門,2023-08-17,9283
5469,瀚宇博,7,1,6,凱基-北門,2023-08-17,9283
3056,富華新,5,0,5,凱基-北門,2023-08-17,9283
2027,大成鋼,5,0,5,凱基-北門,2023-08-17,9283
00712,復華富時不動產,5,0,5,凱基-北門,2023-08-17,9283
1402,遠東新,5,0,5,凱基-北門,2023-08-17,9283
1540,喬福,5,0,5,凱基-北門,2023-08-17,9283
1611,中電,5,0,5,凱基-北門,2023-08-17,9283
2329,華泰,9,4,5,凱基-北門,2023-08-17,9283
2923,鼎固-KY,5,0,5,凱基-北門,2023-08-17,9283
4927,泰鼎-KY,5,0,5,凱基-北門,2023-08-17,9283
5388,中磊,5,0,5,凱基-北門,2023-08-17,9283
2880,華南金,4,0,4,凱基-北門,2023-08-17,9283
00720B,元大投資級公司債,4,0,4,凱基-北門,2023-08-17,9283
00687B,國泰20年美債,4,0,4,凱基-北門,2023-08-17,9283
00642U,期元大S＆P石油,5,1,4,凱基-北門,2023-08-17,9283
1513,中興電,4,0,4,凱基-北門,2023-08-17,9283
2316,楠梓電,4,0,4,凱基-北門,2023-08-17,9283
00673R,期元大S＆P原油反1,120,2,118,凱基-北門,2023-08-18,9283
00878,國泰永續高股息,106,5,101,凱基-北門,2023-08-18,9283
00929,復華台灣科技優息,60,30,30,凱基-北門,2023-08-18,9283
2609,陽明,43,14,29,凱基-北門,2023-08-18,9283
00900,富邦特選高股息30,33,4,29,凱基-北門,2023-08-18,9283
2363,矽統,101,72,29,凱基-北門,2023-08-18,9283
2356,英業達,59,31,28,凱基-北門,2023-08-18,9283
3231,緯創,169,142,27,凱基-北門,2023-08-18,9283
2457,飛宏,46,28,18,凱基-北門,2023-08-18,9283
006201,元大富櫃50,17,0,17,凱基-北門,2023-08-18,9283
2886,兆豐金,18,1,17,凱基-北門,2023-08-18,9283
00637L,元大滬深300正2,15,0,15,凱基-北門,2023-08-18,9283
2409,友達,16,1,15,凱基-北門,2023-08-18,9283
2344,華邦電,20,6,14,凱基-北門,2023-08-18,9283
2880,華南金,13,0,13,凱基-北門,2023-08-18,9283
2324,仁寶,12,0,12,凱基-北門,2023-08-18,9283
2883,凱基金,12,0,12,凱基-北門,2023-08-18,9283
3704,合勤控,21,9,12,凱基-北門,2023-08-18,9283
6148,驊宏資,12,0,12,凱基-北門,2023-08-18,9283
0056,元大高股息,16,5,11,凱基-北門,2023-08-18,9283
2353,宏��,11,0,11,凱基-北門,2023-08-18,9283
2603,長榮,17,6,11,凱基-北門,2023-08-18,9283
3689,湧德,12,2,10,凱基-北門,2023-08-18,9283
2371,大同,10,0,10,凱基-北門,2023-08-18,9283
2630,亞航,10,0,10,凱基-北門,2023-08-18,9283
2851,中再保,10,0,10,凱基-北門,2023-08-18,9283
3260,威剛,10,0,10,凱基-北門,2023-08-18,9283
4583,台灣精銳,10,0,10,凱基-北門,2023-08-18,9283
3056,富華新,11,2,9,凱基-北門,2023-08-18,9283
6156,松上,8,0,8,凱基-北門,2023-08-18,9283
2610,華航,29,22,7,凱基-北門,2023-08-18,9283
00919,群益台灣精選高息,6,0,6,凱基-北門,2023-08-18,9283
1453,大將,6,0,6,凱基-北門,2023-08-18,9283
2201,裕隆,6,0,6,凱基-北門,2023-08-18,9283
6125,廣運,13,7,6,凱基-北門,2023-08-18,9283
8112,至上,6,0,6,凱基-北門,2023-08-18,9283
1101,台泥,6,0,6,凱基-北門,2023-08-18,9283
2812,台中銀,5,0,5,凱基-北門,2023-08-18,9283
5203,訊連,5,0,5,凱基-北門,2023-08-18,9283
00913,兆豐台灣晶圓製造,5,0,5,凱基-北門,2023-08-18,9283
00665L,富邦�琤肭磪囓�2,5,0,5,凱基-北門,2023-08-18,9283
00676R,富邦臺灣加權反1,5,0,5,凱基-北門,2023-08-18,9283
1314,中石化,8,3,5,凱基-北門,2023-08-18,9283
2891,中信金,5,0,5,凱基-北門,2023-08-18,9283
2892,第一金,5,0,5,凱基-北門,2023-08-18,9283
3094,聯傑,6,1,5,凱基-北門,2023-08-18,9283
3622,洋華,5,0,5,凱基-北門,2023-08-18,9283
6477,安集,5,0,5,凱基-北門,2023-08-18,9283
2330,台積電,5,0,5,凱基-北門,2023-08-18,9283
6187,萬潤,4,0,4,凱基-北門,2023-08-18,9283
00671R,富邦NASDAQ反1,100,0,100,凱基-北門,2023-08-21,9283
2303,聯電,53,6,47,凱基-北門,2023-08-21,9283
2883,凱基金,42,0,42,凱基-北門,2023-08-21,9283
3056,富華新,28,1,27,凱基-北門,2023-08-21,9283
2461,光群雷,25,0,25,凱基-北門,2023-08-21,9283
4707,磐亞,25,0,25,凱基-北門,2023-08-21,9283
2356,英業達,27,5,22,凱基-北門,2023-08-21,9283
00673R,期元大S＆P原油反1,20,0,20,凱基-北門,2023-08-21,9283
6830,汎銓,20,0,20,凱基-北門,2023-08-21,9283
6141,柏承,17,0,17,凱基-北門,2023-08-21,9283
00773B,中信優先金融債,16,0,16,凱基-北門,2023-08-21,9283
2637,慧洋-KY,21,6,15,凱基-北門,2023-08-21,9283
6541,泰福-KY,15,0,15,凱基-北門,2023-08-21,9283
2344,華邦電,15,1,14,凱基-北門,2023-08-21,9283
00680L,元大美債20正2,14,0,14,凱基-北門,2023-08-21,9283
2329,華泰,20,6,14,凱基-北門,2023-08-21,9283
2402,毅嘉,27,16,11,凱基-北門,2023-08-21,9283
3363,上詮,11,1,10,凱基-北門,2023-08-21,9283
5009,榮剛,10,0,10,凱基-北門,2023-08-21,9283
2801,彰銀,10,0,10,凱基-北門,2023-08-21,9283
8070,長華*,10,0,10,凱基-北門,2023-08-21,9283
00929,復華台灣科技優息,8,0,8,凱基-北門,2023-08-21,9283
2332,友訊,25,18,7,凱基-北門,2023-08-21,9283
2457,飛宏,31,24,7,凱基-北門,2023-08-21,9283
1314,中石化,7,0,7,凱基-北門,2023-08-21,9283
00882,中信中國高股息,7,1,6,凱基-北門,2023-08-21,9283
3483,力致,10,4,6,凱基-北門,2023-08-21,9283
3346,麗清,6,0,6,凱基-北門,2023-08-21,9283
2301,光寶科,7,1,6,凱基-北門,2023-08-21,9283
1301,台塑,5,0,5,凱基-北門,2023-08-21,9283
3596,智易,5,0,5,凱基-北門,2023-08-21,9283
00888,永豐台灣ESG,5,0,5,凱基-北門,2023-08-21,9283
00633L,富邦上証正2,5,0,5,凱基-北門,2023-08-21,9283
00632R,元大台灣50反1,5,0,5,凱基-北門,2023-08-21,9283
2419,仲琦,5,0,5,凱基-北門,2023-08-21,9283
2460,建通,5,0,5,凱基-北門,2023-08-21,9283
2923,鼎固-KY,5,0,5,凱基-北門,2023-08-21,9283
4583,台灣精銳,5,0,5,凱基-北門,2023-08-21,9283
6188,廣明,6,1,5,凱基-北門,2023-08-21,9283
2606,裕民,7,3,4,凱基-北門,2023-08-21,9283
3264,欣銓,5,1,4,凱基-北門,2023-08-21,9283
6470,宇智,5,1,4,凱基-北門,2023-08-21,9283
2353,宏��,7,3,4,凱基-北門,2023-08-21,9283
0050,元大台灣50,3,0,3,凱基-北門,2023-08-21,9283
00720B,元大投資級公司債,3,0,3,凱基-北門,2023-08-21,9283
2515,中工,3,0,3,凱基-北門,2023-08-21,9283
6770,力積電,3,0,3,凱基-北門,2023-08-21,9283
1537,廣隆,3,0,3,凱基-北門,2023-08-21,9283
2017,官田鋼,3,0,3,凱基-北門,2023-08-21,9283
2323,中環,3,0,3,凱基-北門,2023-08-21,9283
00637L,元大滬深300正2,64,0,64,凱基-北門,2023-08-22,9283
1528,恩德,40,0,40,凱基-北門,2023-08-22,9283
2460,建通,22,0,22,凱基-北門,2023-08-22,9283
00671R,富邦NASDAQ反1,20,0,20,凱基-北門,2023-08-22,9283
00680L,元大美債20正2,25,6,19,凱基-北門,2023-08-22,9283
00882,中信中國高股息,17,0,17,凱基-北門,2023-08-22,9283
2363,矽統,99,85,14,凱基-北門,2023-08-22,9283
2883,凱基金,15,1,14,凱基-北門,2023-08-22,9283
2352,佳世達,13,0,13,凱基-北門,2023-08-22,9283
3545,敦泰,13,0,13,凱基-北門,2023-08-22,9283
8210,勤誠,14,2,12,凱基-北門,2023-08-22,9283
1513,中興電,11,0,11,凱基-北門,2023-08-22,9283
00878,國泰永續高股息,11,0,11,凱基-北門,2023-08-22,9283
00751B,元大AAA至A公司債,11,0,11,凱基-北門,2023-08-22,9283
3056,富華新,11,0,11,凱基-北門,2023-08-22,9283
3094,聯傑,10,0,10,凱基-北門,2023-08-22,9283
00679B,元大美債20年,10,0,10,凱基-北門,2023-08-22,9283
2356,英業達,34,24,10,凱基-北門,2023-08-22,9283
2483,百容,10,0,10,凱基-北門,2023-08-22,9283
2801,彰銀,10,0,10,凱基-北門,2023-08-22,9283
3058,立德,10,0,10,凱基-北門,2023-08-22,9283
8390,金益鼎,15,5,10,凱基-北門,2023-08-22,9283
2891,中信金,9,0,9,凱基-北門,2023-08-22,9283
2002,中鋼,8,0,8,凱基-北門,2023-08-22,9283
00929,復華台灣科技優息,9,1,8,凱基-北門,2023-08-22,9283
00772B,中信高評級公司債,7,0,7,凱基-北門,2023-08-22,9283
5425,台半,7,0,7,凱基-北門,2023-08-22,9283
9912,偉聯,7,0,7,凱基-北門,2023-08-22,9283
00753L,中信中國50正2,6,0,6,凱基-北門,2023-08-22,9283
2359,所羅門,6,0,6,凱基-北門,2023-08-22,9283
2371,大同,6,0,6,凱基-北門,2023-08-22,9283
2637,慧洋-KY,7,1,6,凱基-北門,2023-08-22,9283
2888,新光金,6,0,6,凱基-北門,2023-08-22,9283
6508,惠光,6,0,6,凱基-北門,2023-08-22,9283
00931B,統一美債20年,5,0,5,凱基-北門,2023-08-22,9283
00905,FT臺灣Smart,5,0,5,凱基-北門,2023-08-22,9283
2329,華泰,34,29,5,凱基-北門,2023-08-22,9283
2736,富野,5,0,5,凱基-北門,2023-08-22,9283
5289,宜鼎,5,0,5,凱基-北門,2023-08-22,9283
00712,復華富時不動產,4,0,4,凱基-北門,2023-08-22,9283
1609,大亞,4,0,4,凱基-北門,2023-08-22,9283
2027,大成鋼,6,2,4,凱基-北門,2023-08-22,9283
2641,正德,4,0,4,凱基-北門,2023-08-22,9283
4960,誠美材,4,0,4,凱基-北門,2023-08-22,9283
6026,福邦證,5,1,4,凱基-北門,2023-08-22,9283
6158,禾昌,5,1,4,凱基-北門,2023-08-22,9283
6170,統振,4,0,4,凱基-北門,2023-08-22,9283
2812,台中銀,4,0,4,凱基-北門,2023-08-22,9283
2886,兆豐金,3,0,3,凱基-北門,2023-08-22,9283
1303,南亞,3,0,3,凱基-北門,2023-08-22,9283
00929,復華台灣科技優息,72,2,70,凱基-北門,2023-08-23,9283
3052,夆典,40,0,40,凱基-北門,2023-08-23,9283
2607,榮運,30,0,30,凱基-北門,2023-08-23,9283
5426,振發,30,0,30,凱基-北門,2023-08-23,9283
2402,毅嘉,23,1,22,凱基-北門,2023-08-23,9283
2603,長榮,21,0,21,凱基-北門,2023-08-23,9283
3622,洋華,21,0,21,凱基-北門,2023-08-23,9283
3051,力特,19,6,13,凱基-北門,2023-08-23,9283
2801,彰銀,12,0,12,凱基-北門,2023-08-23,9283
2618,長榮航,20,9,11,凱基-北門,2023-08-23,9283
2886,兆豐金,10,0,10,凱基-北門,2023-08-23,9283
00719B,元大美債1-3,10,0,10,凱基-北門,2023-08-23,9283
00902,中信電池及儲能,10,0,10,凱基-北門,2023-08-23,9283
1785,光洋科,10,0,10,凱基-北門,2023-08-23,9283
2313,華通,11,1,10,凱基-北門,2023-08-23,9283
2460,建通,10,0,10,凱基-北門,2023-08-23,9283
8390,金益鼎,10,0,10,凱基-北門,2023-08-23,9283
6125,廣運,17,9,8,凱基-北門,2023-08-23,9283
8033,雷虎,8,0,8,凱基-北門,2023-08-23,9283
3207,耀勝,7,0,7,凱基-北門,2023-08-23,9283
5285,界霖,27,20,7,凱基-北門,2023-08-23,9283
00882,中信中國高股息,6,0,6,凱基-北門,2023-08-23,9283
2382,廣達,17,11,6,凱基-北門,2023-08-23,9283
1301,台塑,6,0,6,凱基-北門,2023-08-23,9283
2356,英業達,13,7,6,凱基-北門,2023-08-23,9283
3545,敦泰,6,0,6,凱基-北門,2023-08-23,9283
1587,吉茂,5,0,5,凱基-北門,2023-08-23,9283
2002,中鋼,5,0,5,凱基-北門,2023-08-23,9283
2324,仁寶,8,3,5,凱基-北門,2023-08-23,9283
2504,國產,5,0,5,凱基-北門,2023-08-23,9283
2511,太子,5,0,5,凱基-北門,2023-08-23,9283
2834,臺企銀,5,0,5,凱基-北門,2023-08-23,9283
3004,豐達科,5,0,5,凱基-北門,2023-08-23,9283
3583,辛耘,15,10,5,凱基-北門,2023-08-23,9283
4967,十銓,5,0,5,凱基-北門,2023-08-23,9283
6141,柏承,5,0,5,凱基-北門,2023-08-23,9283
2303,聯電,4,0,4,凱基-北門,2023-08-23,9283
6531,愛普*,4,0,4,凱基-北門,2023-08-23,9283
2609,陽明,4,0,4,凱基-北門,2023-08-23,9283
3044,健鼎,4,0,4,凱基-北門,2023-08-23,9283
3094,聯傑,18,14,4,凱基-北門,2023-08-23,9283
4119,旭富,4,0,4,凱基-北門,2023-08-23,9283
6550,北極星藥業-KY,4,0,4,凱基-北門,2023-08-23,9283
6282,康舒,5,2,3,凱基-北門,2023-08-23,9283
2376,技嘉,19,16,3,凱基-北門,2023-08-23,9283
2329,華泰,4,1,3,凱基-北門,2023-08-23,9283
2368,金像電,4,1,3,凱基-北門,2023-08-23,9283
2468,華經,3,0,3,凱基-北門,2023-08-23,9283
2615,萬海,3,0,3,凱基-北門,2023-08-23,9283
2883,凱基金,3,0,3,凱基-北門,2023-08-23,9283
00632R,元大台灣50反1,140,0,140,凱基-北門,2023-08-24,9283
00680L,元大美債20正2,86,0,86,凱基-北門,2023-08-24,9283
3231,緯創,99,65,34,凱基-北門,2023-08-24,9283
3622,洋華,28,2,26,凱基-北門,2023-08-24,9283
00919,群益台灣精選高息,26,3,23,凱基-北門,2023-08-24,9283
2025,千興,24,3,21,凱基-北門,2023-08-24,9283
6203,海韻電,20,0,20,凱基-北門,2023-08-24,9283
2324,仁寶,24,6,18,凱基-北門,2023-08-24,9283
2382,廣達,112,95,17,凱基-北門,2023-08-24,9283
2884,玉山金,14,0,14,凱基-北門,2023-08-24,9283
2329,華泰,23,9,14,凱基-北門,2023-08-24,9283
00900,富邦特選高股息30,14,2,12,凱基-北門,2023-08-24,9283
1626,艾美特-KY,10,0,10,凱基-北門,2023-08-24,9283
2006,東和鋼鐵,10,0,10,凱基-北門,2023-08-24,9283
2801,彰銀,10,0,10,凱基-北門,2023-08-24,9283
6282,康舒,15,5,10,凱基-北門,2023-08-24,9283
8070,長華*,10,0,10,凱基-北門,2023-08-24,9283
00923,群益台ESG低碳50,10,0,10,凱基-北門,2023-08-24,9283
2483,百容,9,0,9,凱基-北門,2023-08-24,9283
2388,威盛,11,3,8,凱基-北門,2023-08-24,9283
2402,毅嘉,13,5,8,凱基-北門,2023-08-24,9283
3380,明泰,8,0,8,凱基-北門,2023-08-24,9283
6158,禾昌,8,0,8,凱基-北門,2023-08-24,9283
2634,漢翔,60,53,7,凱基-北門,2023-08-24,9283
3558,神準,7,0,7,凱基-北門,2023-08-24,9283
3706,神達,14,8,6,凱基-北門,2023-08-24,9283
2408,南亞科,6,0,6,凱基-北門,2023-08-24,9283
5258,虹堡,6,0,6,凱基-北門,2023-08-24,9283
5285,界霖,6,0,6,凱基-北門,2023-08-24,9283
6470,宇智,6,0,6,凱基-北門,2023-08-24,9283
2017,官田鋼,5,0,5,凱基-北門,2023-08-24,9283
2486,一詮,5,0,5,凱基-北門,2023-08-24,9283
2630,亞航,13,8,5,凱基-北門,2023-08-24,9283
3051,力特,5,0,5,凱基-北門,2023-08-24,9283
5381,合正,7,2,5,凱基-北門,2023-08-24,9283
2356,英業達,78,73,5,凱基-北門,2023-08-24,9283
6170,統振,4,0,4,凱基-北門,2023-08-24,9283
00679B,元大美債20年,4,0,4,凱基-北門,2023-08-24,9283
2419,仲琦,5,1,4,凱基-北門,2023-08-24,9283
2606,裕民,5,1,4,凱基-北門,2023-08-24,9283
2618,長榮航,19,15,4,凱基-北門,2023-08-24,9283
3013,晟銘電,27,23,4,凱基-北門,2023-08-24,9283
3059,華晶科,5,1,4,凱基-北門,2023-08-24,9283
3564,其陽,5,1,4,凱基-北門,2023-08-24,9283
4754,國碳科,4,0,4,凱基-北門,2023-08-24,9283
4953,緯軟,5,1,4,凱基-北門,2023-08-24,9283
5348,正能量智能,4,0,4,凱基-北門,2023-08-24,9283
5880,合庫金,4,0,4,凱基-北門,2023-08-24,9283
8050,廣積,16,12,4,凱基-北門,2023-08-24,9283
8390,金益鼎,5,1,4,凱基-北門,2023-08-24,9283
00878,國泰永續高股息,80,7,73,凱基-北門,2023-08-25,9283
3231,緯創,85,17,68,凱基-北門,2023-08-25,9283
00680L,元大美債20正2,59,0,59,凱基-北門,2023-08-25,9283
2303,聯電,52,10,42,凱基-北門,2023-08-25,9283
00665L,富邦�琤肭磪囓�2,40,0,40,凱基-北門,2023-08-25,9283
6016,康和證,30,3,27,凱基-北門,2023-08-25,9283
00929,復華台灣科技優息,27,1,26,凱基-北門,2023-08-25,9283
00900,富邦特選高股息30,22,0,22,凱基-北門,2023-08-25,9283
1216,統一,21,0,21,凱基-北門,2023-08-25,9283
1587,吉茂,20,0,20,凱基-北門,2023-08-25,9283
5426,振發,20,0,20,凱基-北門,2023-08-25,9283
2382,廣達,37,18,19,凱基-北門,2023-08-25,9283
00919,群益台灣精選高息,17,0,17,凱基-北門,2023-08-25,9283
6282,康舒,16,0,16,凱基-北門,2023-08-25,9283
1466,聚隆,16,0,16,凱基-北門,2023-08-25,9283
2886,兆豐金,16,0,16,凱基-北門,2023-08-25,9283
912000,晨訊科-DR,15,0,15,凱基-北門,2023-08-25,9283
2353,宏��,25,11,14,凱基-北門,2023-08-25,9283
6284,佳邦,13,0,13,凱基-北門,2023-08-25,9283
0056,元大高股息,11,1,10,凱基-北門,2023-08-25,9283
00679B,元大美債20年,10,0,10,凱基-北門,2023-08-25,9283
00830,國泰費城半導體,10,0,10,凱基-北門,2023-08-25,9283
2743,山富,13,3,10,凱基-北門,2023-08-25,9283
2109,華豐,10,0,10,凱基-北門,2023-08-25,9283
3217,優群,10,0,10,凱基-北門,2023-08-25,9283
3622,洋華,11,1,10,凱基-北門,2023-08-25,9283
3706,神達,10,0,10,凱基-北門,2023-08-25,9283
6830,汎銓,10,0,10,凱基-北門,2023-08-25,9283
2332,友訊,19,10,9,凱基-北門,2023-08-25,9283
2419,仲琦,9,0,9,凱基-北門,2023-08-25,9283
2618,長榮航,16,7,9,凱基-北門,2023-08-25,9283
2731,雄獅,9,0,9,凱基-北門,2023-08-25,9283
4967,十銓,9,0,9,凱基-北門,2023-08-25,9283
6548,長科*,9,0,9,凱基-北門,2023-08-25,9283
1101,台泥,8,0,8,凱基-北門,2023-08-25,9283
3037,欣興,9,1,8,凱基-北門,2023-08-25,9283
2887,台新金,7,0,7,凱基-北門,2023-08-25,9283
2330,台積電,6,0,6,凱基-北門,2023-08-25,9283
2324,仁寶,9,3,6,凱基-北門,2023-08-25,9283
1316,上曜,6,0,6,凱基-北門,2023-08-25,9283
2486,一詮,6,0,6,凱基-北門,2023-08-25,9283
2913,農林,6,0,6,凱基-北門,2023-08-25,9283
3558,神準,6,0,6,凱基-北門,2023-08-25,9283
6274,台燿,7,1,6,凱基-北門,2023-08-25,9283
8069,元太,6,0,6,凱基-北門,2023-08-25,9283
1514,亞力,7,2,5,凱基-北門,2023-08-25,9283
1519,華城,10,5,5,凱基-北門,2023-08-25,9283
2328,廣宇,5,0,5,凱基-北門,2023-08-25,9283
2329,華泰,19,14,5,凱基-北門,2023-08-25,9283
2739,寒舍,5,0,5,凱基-北門,2023-08-25,9283
00929,復華台灣科技優息,235,1,234,凱基-北門,2023-08-28,9283
00878,國泰永續高股息,103,27,76,凱基-北門,2023-08-28,9283
00712,復華富時不動產,72,0,72,凱基-北門,2023-08-28,9283
00673R,期元大S＆P原油反1,32,0,32,凱基-北門,2023-08-28,9283
6112,邁達特,22,0,22,凱基-北門,2023-08-28,9283
2634,漢翔,27,5,22,凱基-北門,2023-08-28,9283
5488,松普,20,0,20,凱基-北門,2023-08-28,9283
2618,長榮航,22,3,19,凱基-北門,2023-08-28,9283
6125,廣運,22,4,18,凱基-北門,2023-08-28,9283
2460,建通,20,3,17,凱基-北門,2023-08-28,9283
4906,正文,15,0,15,凱基-北門,2023-08-28,9283
00919,群益台灣精選高息,12,0,12,凱基-北門,2023-08-28,9283
6830,汎銓,20,8,12,凱基-北門,2023-08-28,9283
2614,東森,12,1,11,凱基-北門,2023-08-28,9283
1513,中興電,12,1,11,凱基-北門,2023-08-28,9283
3032,偉訓,10,0,10,凱基-北門,2023-08-28,9283
2610,華航,10,0,10,凱基-北門,2023-08-28,9283
4908,前鼎,10,0,10,凱基-北門,2023-08-28,9283
2353,宏��,13,3,10,凱基-北門,2023-08-28,9283
1101,台泥,9,0,9,凱基-北門,2023-08-28,9283
1802,台玻,10,1,9,凱基-北門,2023-08-28,9283
3363,上詮,11,2,9,凱基-北門,2023-08-28,9283
6284,佳邦,10,1,9,凱基-北門,2023-08-28,9283
1587,吉茂,8,0,8,凱基-北門,2023-08-28,9283
2834,臺企銀,8,0,8,凱基-北門,2023-08-28,9283
8086,宏捷科,7,0,7,凱基-北門,2023-08-28,9283
9934,成霖,8,1,7,凱基-北門,2023-08-28,9283
0056,元大高股息,18,12,6,凱基-北門,2023-08-28,9283
1402,遠東新,6,0,6,凱基-北門,2023-08-28,9283
2449,京元電子,15,10,5,凱基-北門,2023-08-28,9283
2891,中信金,5,0,5,凱基-北門,2023-08-28,9283
3051,力特,53,48,5,凱基-北門,2023-08-28,9283
1445,大宇,8,3,5,凱基-北門,2023-08-28,9283
4426,利勤,5,0,5,凱基-北門,2023-08-28,9283
6187,萬潤,5,0,5,凱基-北門,2023-08-28,9283
6257,矽格,5,0,5,凱基-北門,2023-08-28,9283
6548,長科*,5,0,5,凱基-北門,2023-08-28,9283
2328,廣宇,4,0,4,凱基-北門,2023-08-28,9283
2359,所羅門,13,9,4,凱基-北門,2023-08-28,9283
2388,威盛,4,0,4,凱基-北門,2023-08-28,9283
2421,建準,20,16,4,凱基-北門,2023-08-28,9283
6141,柏承,4,0,4,凱基-北門,2023-08-28,9283
6188,廣明,6,2,4,凱基-北門,2023-08-28,9283
8390,金益鼎,4,0,4,凱基-北門,2023-08-28,9283
8478,東哥遊艇,14,10,4,凱基-北門,2023-08-28,9283
6285,啟��,4,1,3,凱基-北門,2023-08-28,9283
3558,神準,3,0,3,凱基-北門,2023-08-28,9283
6180,橘子,3,0,3,凱基-北門,2023-08-28,9283
1471,首利,8,5,3,凱基-北門,2023-08-28,9283
1722,台肥,3,0,3,凱基-北門,2023-08-28,9283
00632R,元大台灣50反1,100,0,100,凱基-北門,2023-08-29,9283
0056,元大高股息,85,4,81,凱基-北門,2023-08-29,9283
00878,國泰永續高股息,79,1,78,凱基-北門,2023-08-29,9283
00673R,期元大S＆P原油反1,40,0,40,凱基-北門,2023-08-29,9283
2618,長榮航,42,3,39,凱基-北門,2023-08-29,9283
00929,復華台灣科技優息,36,2,34,凱基-北門,2023-08-29,9283
3052,夆典,25,0,25,凱基-北門,2023-08-29,9283
2883,凱基金,20,0,20,凱基-北門,2023-08-29,9283
6203,海韻電,20,0,20,凱基-北門,2023-08-29,9283
4426,利勤,19,0,19,凱基-北門,2023-08-29,9283
2303,聯電,17,2,15,凱基-北門,2023-08-29,9283
2421,建準,21,7,14,凱基-北門,2023-08-29,9283
2356,英業達,14,1,13,凱基-北門,2023-08-29,9283
2312,金寶,11,0,11,凱基-北門,2023-08-29,9283
00900,富邦特選高股息30,10,0,10,凱基-北門,2023-08-29,9283
8933,愛地雅,10,0,10,凱基-北門,2023-08-29,9283
2614,東森,10,2,8,凱基-北門,2023-08-29,9283
1460,宏遠,8,0,8,凱基-北門,2023-08-29,9283
2317,鴻海,8,0,8,凱基-北門,2023-08-29,9283
00882,中信中國高股息,7,0,7,凱基-北門,2023-08-29,9283
3711,日月光投控,9,2,7,凱基-北門,2023-08-29,9283
2363,矽統,65,58,7,凱基-北門,2023-08-29,9283
00885,富邦越南,6,0,6,凱基-北門,2023-08-29,9283
8150,南茂,6,0,6,凱基-北門,2023-08-29,9283
8390,金益鼎,6,0,6,凱基-北門,2023-08-29,9283
2460,建通,5,0,5,凱基-北門,2023-08-29,9283
2609,陽明,5,0,5,凱基-北門,2023-08-29,9283
00712,復華富時不動產,4,0,4,凱基-北門,2023-08-29,9283
2408,南亞科,4,0,4,凱基-北門,2023-08-29,9283
2892,第一金,4,0,4,凱基-北門,2023-08-29,9283
2905,三商,4,0,4,凱基-北門,2023-08-29,9283
6269,台郡,4,0,4,凱基-北門,2023-08-29,9283
2887,台新金,4,0,4,凱基-北門,2023-08-29,9283
3231,緯創,32,29,3,凱基-北門,2023-08-29,9283
00733,富邦臺灣中小,3,0,3,凱基-北門,2023-08-29,9283
00919,群益台灣精選高息,3,0,3,凱基-北門,2023-08-29,9283
1714,和桐,3,0,3,凱基-北門,2023-08-29,9283
2002,中鋼,3,0,3,凱基-北門,2023-08-29,9283
4552,力達-KY,3,0,3,凱基-北門,2023-08-29,9283
5258,虹堡,3,0,3,凱基-北門,2023-08-29,9283
6117,迎廣,3,0,3,凱基-北門,2023-08-29,9283
6257,矽格,3,0,3,凱基-北門,2023-08-29,9283
2816,旺旺保,3,0,3,凱基-北門,2023-08-29,9283
6223,旺矽,2,0,2,凱基-北門,2023-08-29,9283
2603,長榮,2,0,2,凱基-北門,2023-08-29,9283
1402,遠東新,2,0,2,凱基-北門,2023-08-29,9283
00631L,元大台灣50正2,2,0,2,凱基-北門,2023-08-29,9283
00679B,元大美債20年,2,0,2,凱基-北門,2023-08-29,9283
1806,冠軍,2,0,2,凱基-北門,2023-08-29,9283
1903,士紙,2,0,2,凱基-北門,2023-08-29,9283
00680L,元大美債20正2,52,0,52,凱基-北門,2023-08-30,9283
3052,夆典,50,0,50,凱基-北門,2023-08-30,9283
00673R,期元大S＆P原油反1,30,0,30,凱基-北門,2023-08-30,9283
2401,凌陽,31,6,25,凱基-北門,2023-08-30,9283
3481,群創,22,0,22,凱基-北門,2023-08-30,9283
2883,凱基金,32,10,22,凱基-北門,2023-08-30,9283
2618,長榮航,19,1,18,凱基-北門,2023-08-30,9283
2344,華邦電,18,2,16,凱基-北門,2023-08-30,9283
2014,中鴻,15,0,15,凱基-北門,2023-08-30,9283
2409,友達,15,0,15,凱基-北門,2023-08-30,9283
1540,喬福,15,1,14,凱基-北門,2023-08-30,9283
2025,千興,12,0,12,凱基-北門,2023-08-30,9283
00915,凱基優選高股息30,11,0,11,凱基-北門,2023-08-30,9283
4426,利勤,11,0,11,凱基-北門,2023-08-30,9283
4908,前鼎,10,0,10,凱基-北門,2023-08-30,9283
5009,榮剛,20,10,10,凱基-北門,2023-08-30,9283
00683L,期元大美元指正2,10,0,10,凱基-北門,2023-08-30,9283
2030,彰源,10,0,10,凱基-北門,2023-08-30,9283
2905,三商,10,0,10,凱基-北門,2023-08-30,9283
3622,洋華,10,0,10,凱基-北門,2023-08-30,9283
2888,新光金,10,1,9,凱基-北門,2023-08-30,9283
00637L,元大滬深300正2,10,2,8,凱基-北門,2023-08-30,9283
4147,中裕,9,1,8,凱基-北門,2023-08-30,9283
0050,元大台灣50,10,4,6,凱基-北門,2023-08-30,9283
00633L,富邦上証正2,6,0,6,凱基-北門,2023-08-30,9283
3583,辛耘,8,3,5,凱基-北門,2023-08-30,9283
00679B,元大美債20年,6,1,5,凱基-北門,2023-08-30,9283
9938,百和,5,0,5,凱基-北門,2023-08-30,9283
00919,群益台灣精選高息,5,0,5,凱基-北門,2023-08-30,9283
6533,晶心科,5,0,5,凱基-北門,2023-08-30,9283
6282,康舒,5,0,5,凱基-北門,2023-08-30,9283
3711,日月光投控,6,2,4,凱基-北門,2023-08-30,9283
1301,台塑,4,0,4,凱基-北門,2023-08-30,9283
00632R,元大台灣50反1,4,0,4,凱基-北門,2023-08-30,9283
3666,光耀,4,0,4,凱基-北門,2023-08-30,9283
5225,東科-KY,4,0,4,凱基-北門,2023-08-30,9283
2630,亞航,7,3,4,凱基-北門,2023-08-30,9283
2892,第一金,4,0,4,凱基-北門,2023-08-30,9283
1101,台泥,3,0,3,凱基-北門,2023-08-30,9283
1802,台玻,18,15,3,凱基-北門,2023-08-30,9283
6275,元山,3,0,3,凱基-北門,2023-08-30,9283
6672,騰輝電子-KY,4,1,3,凱基-北門,2023-08-30,9283
1522,堤維西,3,0,3,凱基-北門,2023-08-30,9283
1587,吉茂,3,0,3,凱基-北門,2023-08-30,9283
2106,建大,3,0,3,凱基-北門,2023-08-30,9283
2485,兆赫,30,27,3,凱基-北門,2023-08-30,9283
3176,基亞,3,0,3,凱基-北門,2023-08-30,9283
3264,欣銓,3,0,3,凱基-北門,2023-08-30,9283
6120,達運,3,0,3,凱基-北門,2023-08-30,9283
2301,光寶科,3,1,2,凱基-北門,2023-08-30,9283
2618,長榮航,133,9,124,凱基-北門,2023-08-31,9283
1815,富喬,30,0,30,凱基-北門,2023-08-31,9283
00679B,元大美債20年,27,0,27,凱基-北門,2023-08-31,9283
2337,旺宏,39,13,26,凱基-北門,2023-08-31,9283
4167,松瑞藥,25,0,25,凱基-北門,2023-08-31,9283
2886,兆豐金,23,1,22,凱基-北門,2023-08-31,9283
1301,台塑,18,0,18,凱基-北門,2023-08-31,9283
2027,大成鋼,20,5,15,凱基-北門,2023-08-31,9283
2316,楠梓電,15,0,15,凱基-北門,2023-08-31,9283
3163,波若威,16,1,15,凱基-北門,2023-08-31,9283
5285,界霖,15,0,15,凱基-北門,2023-08-31,9283
2303,聯電,16,4,12,凱基-北門,2023-08-31,9283
4123,晟德,12,0,12,凱基-北門,2023-08-31,9283
8478,東哥遊艇,18,7,11,凱基-北門,2023-08-31,9283
6669,緯穎,11,1,10,凱基-北門,2023-08-31,9283
00720B,元大投資級公司債,10,0,10,凱基-北門,2023-08-31,9283
00706L,期元大S＆P日圓正2,10,0,10,凱基-北門,2023-08-31,9283
00680L,元大美債20正2,10,0,10,凱基-北門,2023-08-31,9283
2892,第一金,10,0,10,凱基-北門,2023-08-31,9283
6180,橘子,10,0,10,凱基-北門,2023-08-31,9283
2884,玉山金,9,0,9,凱基-北門,2023-08-31,9283
1101,台泥,8,0,8,凱基-北門,2023-08-31,9283
00900,富邦特選高股息30,9,1,8,凱基-北門,2023-08-31,9283
4533,協易機,8,0,8,凱基-北門,2023-08-31,9283
2834,臺企銀,7,0,7,凱基-北門,2023-08-31,9283
1802,台玻,7,0,7,凱基-北門,2023-08-31,9283
2409,友達,22,15,7,凱基-北門,2023-08-31,9283
2880,華南金,7,0,7,凱基-北門,2023-08-31,9283
0056,元大高股息,11,5,6,凱基-北門,2023-08-31,9283
00683L,期元大美元指正2,6,0,6,凱基-北門,2023-08-31,9283
1466,聚隆,6,0,6,凱基-北門,2023-08-31,9283
2888,新光金,6,0,6,凱基-北門,2023-08-31,9283
6672,騰輝電子-KY,6,0,6,凱基-北門,2023-08-31,9283
1460,宏遠,5,0,5,凱基-北門,2023-08-31,9283
1611,中電,5,0,5,凱基-北門,2023-08-31,9283
2412,中華電,5,0,5,凱基-北門,2023-08-31,9283
2610,華航,9,4,5,凱基-北門,2023-08-31,9283
3714,富采,5,0,5,凱基-北門,2023-08-31,9283
4909,新復興,6,1,5,凱基-北門,2023-08-31,9283
8390,金益鼎,5,0,5,凱基-北門,2023-08-31,9283
2388,威盛,7,2,5,凱基-北門,2023-08-31,9283
2890,永豐金,4,0,4,凱基-北門,2023-08-31,9283
2376,技嘉,7,3,4,凱基-北門,2023-08-31,9283
2630,亞航,5,1,4,凱基-北門,2023-08-31,9283
6168,宏齊,4,0,4,凱基-北門,2023-08-31,9283
8358,金居,8,4,4,凱基-北門,2023-08-31,9283
3481,群創,14,11,3,凱基-北門,2023-08-31,9283
1402,遠東新,3,0,3,凱基-北門,2023-08-31,9283
00857B,永豐20年美公債,3,0,3,凱基-北門,2023-08-31,9283
00919,群益台灣精選高息,3,0,3,凱基-北門,2023-08-31,9283
00929,復華台灣科技優息,57,0,57,凱基-北門,2023-09-01,9283
2402,毅嘉,171,119,52,凱基-北門,2023-09-01,9283
2329,華泰,48,6,42,凱基-北門,2023-09-01,9283
2356,英業達,50,10,40,凱基-北門,2023-09-01,9283
8390,金益鼎,30,0,30,凱基-北門,2023-09-01,9283
4167,松瑞藥,30,2,28,凱基-北門,2023-09-01,9283
3231,緯創,32,9,23,凱基-北門,2023-09-01,9283
00673R,期元大S＆P原油反1,35,14,21,凱基-北門,2023-09-01,9283
00878,國泰永續高股息,62,42,20,凱基-北門,2023-09-01,9283
00919,群益台灣精選高息,19,0,19,凱基-北門,2023-09-01,9283
0056,元大高股息,16,2,14,凱基-北門,2023-09-01,9283
2025,千興,14,0,14,凱基-北門,2023-09-01,9283
2457,飛宏,19,5,14,凱基-北門,2023-09-01,9283
2891,中信金,13,0,13,凱基-北門,2023-09-01,9283
2618,長榮航,37,25,12,凱基-北門,2023-09-01,9283
00679B,元大美債20年,12,0,12,凱基-北門,2023-09-01,9283
00932,兆豐永續高息等權,12,0,12,凱基-北門,2023-09-01,9283
2002,中鋼,12,0,12,凱基-北門,2023-09-01,9283
2328,廣宇,12,0,12,凱基-北門,2023-09-01,9283
2401,凌陽,14,2,12,凱基-北門,2023-09-01,9283
2630,亞航,15,3,12,凱基-北門,2023-09-01,9283
2382,廣達,100,89,11,凱基-北門,2023-09-01,9283
1513,中興電,12,1,11,凱基-北門,2023-09-01,9283
2441,超豐,11,0,11,凱基-北門,2023-09-01,9283
6188,廣明,12,1,11,凱基-北門,2023-09-01,9283
3035,智原,11,1,10,凱基-北門,2023-09-01,9283
00885,富邦越南,10,0,10,凱基-北門,2023-09-01,9283
6112,邁達特,10,0,10,凱基-北門,2023-09-01,9283
1471,首利,10,1,9,凱基-北門,2023-09-01,9283
2399,映泰,10,1,9,凱基-北門,2023-09-01,9283
6446,藥華藥,8,0,8,凱基-北門,2023-09-01,9283
3171,炎洲流通,8,0,8,凱基-北門,2023-09-01,9283
3564,其陽,8,0,8,凱基-北門,2023-09-01,9283
6274,台燿,15,7,8,凱基-北門,2023-09-01,9283
1504,東元,7,0,7,凱基-北門,2023-09-01,9283
1514,亞力,8,1,7,凱基-北門,2023-09-01,9283
3176,基亞,7,0,7,凱基-北門,2023-09-01,9283
3715,定穎投控,7,1,6,凱基-北門,2023-09-01,9283
5328,華容,7,1,6,凱基-北門,2023-09-01,9283
6508,惠光,6,0,6,凱基-北門,2023-09-01,9283
00772B,中信高評級公司債,5,0,5,凱基-北門,2023-09-01,9283
1219,福壽,5,0,5,凱基-北門,2023-09-01,9283
1587,吉茂,5,0,5,凱基-北門,2023-09-01,9283
1605,華新,5,0,5,凱基-北門,2023-09-01,9283
3011,今皓,9,4,5,凱基-北門,2023-09-01,9283
6285,啟��,6,1,5,凱基-北門,2023-09-01,9283
6282,康舒,4,0,4,凱基-北門,2023-09-01,9283
2331,精英,5,1,4,凱基-北門,2023-09-01,9283
5251,天鉞電,7,3,4,凱基-北門,2023-09-01,9283
6438,迅得,7,3,4,凱基-北門,2023-09-01,9283
00931B,統一美債20年,200,0,200,凱基-北門,2023-09-04,9283
1319,東陽,200,0,200,凱基-北門,2023-09-04,9283
00632R,元大台灣50反1,100,0,100,凱基-北門,2023-09-04,9283
2025,千興,87,0,87,凱基-北門,2023-09-04,9283
5531,鄉林,80,0,80,凱基-北門,2023-09-04,9283
5210,寶碩,50,0,50,凱基-北門,2023-09-04,9283
4167,松瑞藥,35,0,35,凱基-北門,2023-09-04,9283
2331,精英,30,0,30,凱基-北門,2023-09-04,9283
00929,復華台灣科技優息,26,0,26,凱基-北門,2023-09-04,9283
00751B,元大AAA至A公司債,23,0,23,凱基-北門,2023-09-04,9283
3013,晟銘電,22,0,22,凱基-北門,2023-09-04,9283
00878,國泰永續高股息,30,8,22,凱基-北門,2023-09-04,9283
2344,華邦電,22,1,21,凱基-北門,2023-09-04,9283
2409,友達,20,0,20,凱基-北門,2023-09-04,9283
8390,金益鼎,20,0,20,凱基-北門,2023-09-04,9283
00919,群益台灣精選高息,19,0,19,凱基-北門,2023-09-04,9283
00720B,元大投資級公司債,19,0,19,凱基-北門,2023-09-04,9283
1714,和桐,17,0,17,凱基-北門,2023-09-04,9283
2460,建通,16,0,16,凱基-北門,2023-09-04,9283
3701,大眾控,15,0,15,凱基-北門,2023-09-04,9283
2634,漢翔,22,8,14,凱基-北門,2023-09-04,9283
5225,東科-KY,14,0,14,凱基-北門,2023-09-04,9283
00713,元大台灣高息低波,13,0,13,凱基-北門,2023-09-04,9283
2363,矽統,60,47,13,凱基-北門,2023-09-04,9283
4908,前鼎,13,0,13,凱基-北門,2023-09-04,9283
1504,東元,16,3,13,凱基-北門,2023-09-04,9283
2607,榮運,12,0,12,凱基-北門,2023-09-04,9283
2618,長榮航,11,0,11,凱基-北門,2023-09-04,9283
3260,威剛,11,0,11,凱基-北門,2023-09-04,9283
3545,敦泰,15,4,11,凱基-北門,2023-09-04,9283
3058,立德,10,0,10,凱基-北門,2023-09-04,9283
6438,迅得,10,0,10,凱基-北門,2023-09-04,9283
00915,凱基優選高股息30,9,0,9,凱基-北門,2023-09-04,9283
2881,富邦金,9,0,9,凱基-北門,2023-09-04,9283
1616,億泰,8,0,8,凱基-北門,2023-09-04,9283
1101,台泥,7,0,7,凱基-北門,2023-09-04,9283
00795B,中信美國公債20年,10,3,7,凱基-北門,2023-09-04,9283
0056,元大高股息,11,4,7,凱基-北門,2023-09-04,9283
2371,大同,10,3,7,凱基-北門,2023-09-04,9283
4542,科嶠,7,0,7,凱基-北門,2023-09-04,9283
2014,中鴻,6,0,6,凱基-北門,2023-09-04,9283
3715,定穎投控,14,8,6,凱基-北門,2023-09-04,9283
6112,邁達特,6,0,6,凱基-北門,2023-09-04,9283
00679B,元大美債20年,13,8,5,凱基-北門,2023-09-04,9283
1609,大亞,5,0,5,凱基-北門,2023-09-04,9283
2356,英業達,10,5,5,凱基-北門,2023-09-04,9283
2421,建準,6,1,5,凱基-北門,2023-09-04,9283
3325,旭品,6,1,5,凱基-北門,2023-09-04,9283
3686,達能,5,0,5,凱基-北門,2023-09-04,9283
6191,精成科,5,0,5,凱基-北門,2023-09-04,9283
00931B,統一美債20年,70,0,70,凱基-北門,2023-09-05,9283
00915,凱基優選高股息30,64,0,64,凱基-北門,2023-09-05,9283
1319,東陽,64,15,49,凱基-北門,2023-09-05,9283
6788,華景電,45,0,45,凱基-北門,2023-09-05,9283
2025,千興,40,0,40,凱基-北門,2023-09-05,9283
2344,華邦電,49,12,37,凱基-北門,2023-09-05,9283
1714,和桐,34,0,34,凱基-北門,2023-09-05,9283
2618,長榮航,56,22,34,凱基-北門,2023-09-05,9283
00674R,期元大S＆P黃金反1,30,0,30,凱基-北門,2023-09-05,9283
2377,微星,30,0,30,凱基-北門,2023-09-05,9283
4167,松瑞藥,30,0,30,凱基-北門,2023-09-05,9283
1540,喬福,25,0,25,凱基-北門,2023-09-05,9283
00919,群益台灣精選高息,27,6,21,凱基-北門,2023-09-05,9283
00636,國泰中國A50,20,0,20,凱基-北門,2023-09-05,9283
2409,友達,20,0,20,凱基-北門,2023-09-05,9283
3059,華晶科,20,0,20,凱基-北門,2023-09-05,9283
6167,久正,20,0,20,凱基-北門,2023-09-05,9283
8390,金益鼎,20,0,20,凱基-北門,2023-09-05,9283
3504,揚明光,16,1,15,凱基-北門,2023-09-05,9283
2913,農林,14,0,14,凱基-北門,2023-09-05,9283
00637L,元大滬深300正2,13,0,13,凱基-北門,2023-09-05,9283
1444,力麗,12,0,12,凱基-北門,2023-09-05,9283
3443,創意,12,1,11,凱基-北門,2023-09-05,9283
3704,合勤控,13,3,10,凱基-北門,2023-09-05,9283
00673R,期元大S＆P原油反1,10,0,10,凱基-北門,2023-09-05,9283
5285,界霖,10,0,10,凱基-北門,2023-09-05,9283
8088,品安,10,0,10,凱基-北門,2023-09-05,9283
00679B,元大美債20年,8,0,8,凱基-北門,2023-09-05,9283
2303,聯電,10,2,8,凱基-北門,2023-09-05,9283
2483,百容,8,0,8,凱基-北門,2023-09-05,9283
00715L,期街口布蘭特正2,12,5,7,凱基-北門,2023-09-05,9283
2324,仁寶,8,1,7,凱基-北門,2023-09-05,9283
2330,台積電,7,0,7,凱基-北門,2023-09-05,9283
1402,遠東新,6,0,6,凱基-北門,2023-09-05,9283
6531,愛普*,7,1,6,凱基-北門,2023-09-05,9283
6472,保瑞,5,0,5,凱基-北門,2023-09-05,9283
1305,華夏,5,0,5,凱基-北門,2023-09-05,9283
1616,億泰,10,5,5,凱基-北門,2023-09-05,9283
2353,宏��,7,2,5,凱基-北門,2023-09-05,9283
2371,大同,27,22,5,凱基-北門,2023-09-05,9283
5347,世界,5,0,5,凱基-北門,2023-09-05,9283
6147,頎邦,5,0,5,凱基-北門,2023-09-05,9283
2881,富邦金,4,0,4,凱基-北門,2023-09-05,9283
2891,中信金,4,0,4,凱基-北門,2023-09-05,9283
3234,光環,4,0,4,凱基-北門,2023-09-05,9283
6118,建達,5,1,4,凱基-北門,2023-09-05,9283
6188,廣明,5,1,4,凱基-北門,2023-09-05,9283
6443,元晶,4,0,4,凱基-北門,2023-09-05,9283
6284,佳邦,4,0,4,凱基-北門,2023-09-05,9283
2376,技嘉,4,1,3,凱基-北門,2023-09-05,9283
00632R,元大台灣50反1,200,0,200,凱基-北門,2023-09-06,9283
1319,東陽,96,0,96,凱基-北門,2023-09-06,9283
0056,元大高股息,93,5,88,凱基-北門,2023-09-06,9283
2892,第一金,51,0,51,凱基-北門,2023-09-06,9283
1815,富喬,35,2,33,凱基-北門,2023-09-06,9283
2483,百容,23,0,23,凱基-北門,2023-09-06,9283
2888,新光金,23,0,23,凱基-北門,2023-09-06,9283
2344,華邦電,20,0,20,凱基-北門,2023-09-06,9283
2409,友達,19,3,16,凱基-北門,2023-09-06,9283
8930,青鋼,15,0,15,凱基-北門,2023-09-06,9283
1101,台泥,17,2,15,凱基-北門,2023-09-06,9283
2371,大同,14,0,14,凱基-北門,2023-09-06,9283
3043,科風,13,1,12,凱基-北門,2023-09-06,9283
00882,中信中國高股息,11,0,11,凱基-北門,2023-09-06,9283
00932,兆豐永續高息等權,11,0,11,凱基-北門,2023-09-06,9283
2484,希華,11,0,11,凱基-北門,2023-09-06,9283
3545,敦泰,11,0,11,凱基-北門,2023-09-06,9283
6282,康舒,12,1,11,凱基-北門,2023-09-06,9283
2421,建準,13,3,10,凱基-北門,2023-09-06,9283
2504,國產,10,0,10,凱基-北門,2023-09-06,9283
3025,星通,10,0,10,凱基-北門,2023-09-06,9283
6129,普誠,12,2,10,凱基-北門,2023-09-06,9283
2884,玉山金,10,0,10,凱基-北門,2023-09-06,9283
3037,欣興,12,3,9,凱基-北門,2023-09-06,9283
2027,大成鋼,7,0,7,凱基-北門,2023-09-06,9283
00680L,元大美債20正2,28,21,7,凱基-北門,2023-09-06,9283
2891,中信金,7,0,7,凱基-北門,2023-09-06,9283
3094,聯傑,8,1,7,凱基-北門,2023-09-06,9283
3323,加百裕,7,0,7,凱基-北門,2023-09-06,9283
00915,凱基優選高股息30,10,3,7,凱基-北門,2023-09-06,9283
2402,毅嘉,22,16,6,凱基-北門,2023-09-06,9283
3346,麗清,6,0,6,凱基-北門,2023-09-06,9283
4142,國光生,6,0,6,凱基-北門,2023-09-06,9283
4906,正文,16,10,6,凱基-北門,2023-09-06,9283
4916,事欣科,6,0,6,凱基-北門,2023-09-06,9283
6141,柏承,6,0,6,凱基-北門,2023-09-06,9283
9919,康那香,6,0,6,凱基-北門,2023-09-06,9283
2363,矽統,34,29,5,凱基-北門,2023-09-06,9283
6274,台燿,18,13,5,凱基-北門,2023-09-06,9283
00673R,期元大S＆P原油反1,5,0,5,凱基-北門,2023-09-06,9283
1514,亞力,5,0,5,凱基-北門,2023-09-06,9283
1540,喬福,5,0,5,凱基-北門,2023-09-06,9283
2401,凌陽,10,5,5,凱基-北門,2023-09-06,9283
3049,精金,5,0,5,凱基-北門,2023-09-06,9283
6026,福邦證,5,0,5,凱基-北門,2023-09-06,9283
6531,愛普*,9,4,5,凱基-北門,2023-09-06,9283
9934,成霖,7,2,5,凱基-北門,2023-09-06,9283
00751B,元大AAA至A公司債,5,1,4,凱基-北門,2023-09-06,9283
2399,映泰,4,0,4,凱基-北門,2023-09-06,9283
2419,仲琦,6,2,4,凱基-北門,2023-09-06,9283
2025,千興,73,3,70,凱基-北門,2023-09-07,9283
00929,復華台灣科技優息,64,10,54,凱基-北門,2023-09-07,9283
00919,群益台灣精選高息,35,0,35,凱基-北門,2023-09-07,9283
2887,台新金,36,2,34,凱基-北門,2023-09-07,9283
3481,群創,34,1,33,凱基-北門,2023-09-07,9283
2601,益航,30,0,30,凱基-北門,2023-09-07,9283
4147,中裕,34,6,28,凱基-北門,2023-09-07,9283
2317,鴻海,21,1,20,凱基-北門,2023-09-07,9283
4167,松瑞藥,20,0,20,凱基-北門,2023-09-07,9283
6167,久正,20,0,20,凱基-北門,2023-09-07,9283
2409,友達,21,2,19,凱基-北門,2023-09-07,9283
2303,聯電,18,0,18,凱基-北門,2023-09-07,9283
2504,國產,17,0,17,凱基-北門,2023-09-07,9283
2002,中鋼,17,1,16,凱基-北門,2023-09-07,9283
8478,東哥遊艇,16,1,15,凱基-北門,2023-09-07,9283
2027,大成鋼,13,1,12,凱基-北門,2023-09-07,9283
1608,華榮,11,0,11,凱基-北門,2023-09-07,9283
3231,緯創,21,10,11,凱基-北門,2023-09-07,9283
8112,至上,14,3,11,凱基-北門,2023-09-07,9283
8086,宏捷科,12,2,10,凱基-北門,2023-09-07,9283
00720B,元大投資級公司債,10,0,10,凱基-北門,2023-09-07,9283
2344,華邦電,10,0,10,凱基-北門,2023-09-07,9283
2363,矽統,26,16,10,凱基-北門,2023-09-07,9283
2457,飛宏,12,2,10,凱基-北門,2023-09-07,9283
4909,新復興,10,0,10,凱基-北門,2023-09-07,9283
8121,越峰,10,0,10,凱基-北門,2023-09-07,9283
1402,遠東新,9,0,9,凱基-北門,2023-09-07,9283
2419,仲琦,9,0,9,凱基-北門,2023-09-07,9283
2421,建準,13,4,9,凱基-北門,2023-09-07,9283
00923,群益台ESG低碳50,11,3,8,凱基-北門,2023-09-07,9283
1802,台玻,8,0,8,凱基-北門,2023-09-07,9283
00900,富邦特選高股息30,7,0,7,凱基-北門,2023-09-07,9283
00715L,期街口布蘭特正2,10,3,7,凱基-北門,2023-09-07,9283
4908,前鼎,7,0,7,凱基-北門,2023-09-07,9283
6284,佳邦,14,7,7,凱基-北門,2023-09-07,9283
00712,復華富時不動產,6,0,6,凱基-北門,2023-09-07,9283
2313,華通,6,0,6,凱基-北門,2023-09-07,9283
2483,百容,6,0,6,凱基-北門,2023-09-07,9283
2330,台積電,6,0,6,凱基-北門,2023-09-07,9283
2881,富邦金,5,0,5,凱基-北門,2023-09-07,9283
1101,台泥,5,0,5,凱基-北門,2023-09-07,9283
00673R,期元大S＆P原油反1,110,105,5,凱基-北門,2023-09-07,9283
1513,中興電,5,0,5,凱基-北門,2023-09-07,9283
00932,兆豐永續高息等權,5,0,5,凱基-北門,2023-09-07,9283
00915,凱基優選高股息30,5,0,5,凱基-北門,2023-09-07,9283
1504,東元,5,0,5,凱基-北門,2023-09-07,9283
1540,喬福,5,0,5,凱基-北門,2023-09-07,9283
1568,倉佑,5,0,5,凱基-北門,2023-09-07,9283
2903,遠百,5,0,5,凱基-北門,2023-09-07,9283
2913,農林,5,0,5,凱基-北門,2023-09-07,9283
2025,千興,142,80,62,凱基-北門,2023-09-08,9283
3481,群創,69,21,48,凱基-北門,2023-09-08,9283
00919,群益台灣精選高息,42,0,42,凱基-北門,2023-09-08,9283
2376,技嘉,36,3,33,凱基-北門,2023-09-08,9283
2483,百容,32,0,32,凱基-北門,2023-09-08,9283
2344,華邦電,31,0,31,凱基-北門,2023-09-08,9283
4931,新盛力,31,0,31,凱基-北門,2023-09-08,9283
00673R,期元大S＆P原油反1,21,0,21,凱基-北門,2023-09-08,9283
6148,驊宏資,20,0,20,凱基-北門,2023-09-08,9283
2002,中鋼,20,1,19,凱基-北門,2023-09-08,9283
1802,台玻,19,1,18,凱基-北門,2023-09-08,9283
8390,金益鼎,16,0,16,凱基-北門,2023-09-08,9283
2382,廣達,73,59,14,凱基-北門,2023-09-08,9283
2421,建準,17,3,14,凱基-北門,2023-09-08,9283
3038,全台,13,0,13,凱基-北門,2023-09-08,9283
2618,長榮航,22,10,12,凱基-北門,2023-09-08,9283
00915,凱基優選高股息30,12,0,12,凱基-北門,2023-09-08,9283
4147,中裕,12,0,12,凱基-北門,2023-09-08,9283
2401,凌陽,11,0,11,凱基-北門,2023-09-08,9283
3037,欣興,11,0,11,凱基-北門,2023-09-08,9283
00722B,群益投資級電信債,10,0,10,凱基-北門,2023-09-08,9283
3032,偉訓,11,1,10,凱基-北門,2023-09-08,9283
4909,新復興,10,0,10,凱基-北門,2023-09-08,9283
4953,緯軟,10,0,10,凱基-北門,2023-09-08,9283
6279,胡連,10,0,10,凱基-北門,2023-09-08,9283
00720B,元大投資級公司債,10,1,9,凱基-北門,2023-09-08,9283
2323,中環,9,0,9,凱基-北門,2023-09-08,9283
4915,致伸,15,7,8,凱基-北門,2023-09-08,9283
2316,楠梓電,10,3,7,凱基-北門,2023-09-08,9283
3260,威剛,7,0,7,凱基-北門,2023-09-08,9283
6257,矽格,7,0,7,凱基-北門,2023-09-08,9283
00918,大華優利高填息30,6,0,6,凱基-北門,2023-09-08,9283
1519,華城,8,2,6,凱基-北門,2023-09-08,9283
3013,晟銘電,9,3,6,凱基-北門,2023-09-08,9283
6550,北極星藥業-KY,6,0,6,凱基-北門,2023-09-08,9283
8210,勤誠,15,9,6,凱基-北門,2023-09-08,9283
2330,台積電,5,0,5,凱基-北門,2023-09-08,9283
6125,廣運,5,0,5,凱基-北門,2023-09-08,9283
2812,台中銀,5,0,5,凱基-北門,2023-09-08,9283
3374,精材,5,0,5,凱基-北門,2023-09-08,9283
00648R,元大S＆P500反1,5,0,5,凱基-北門,2023-09-08,9283
00687B,國泰20年美債,5,0,5,凱基-北門,2023-09-08,9283
1301,台塑,5,0,5,凱基-北門,2023-09-08,9283
1402,遠東新,5,0,5,凱基-北門,2023-09-08,9283
1786,科妍,5,0,5,凱基-北門,2023-09-08,9283
3034,聯詠,5,0,5,凱基-北門,2023-09-08,9283
4934,太極,5,0,5,凱基-北門,2023-09-08,9283
5009,榮剛,10,5,5,凱基-北門,2023-09-08,9283
6641,基士德-KY,5,0,5,凱基-北門,2023-09-08,9283
1101,台泥,10,5,5,凱基-北門,2023-09-08,9283
00632R,元大台灣50反1,200,0,200,凱基-北門,2023-09-11,9283
00878,國泰永續高股息,203,34,169,凱基-北門,2023-09-11,9283
00929,復華台灣科技優息,157,4,153,凱基-北門,2023-09-11,9283
00919,群益台灣精選高息,137,7,130,凱基-北門,2023-09-11,9283
6830,汎銓,60,0,60,凱基-北門,2023-09-11,9283
3481,群創,52,2,50,凱基-北門,2023-09-11,9283
5488,松普,40,0,40,凱基-北門,2023-09-11,9283
00931B,統一美債20年,32,0,32,凱基-北門,2023-09-11,9283
00915,凱基優選高股息30,32,0,32,凱基-北門,2023-09-11,9283
9945,潤泰新,32,0,32,凱基-北門,2023-09-11,9283
4147,中裕,27,0,27,凱基-北門,2023-09-11,9283
1618,合機,26,2,24,凱基-北門,2023-09-11,9283
0056,元大高股息,32,10,22,凱基-北門,2023-09-11,9283
8050,廣積,27,5,22,凱基-北門,2023-09-11,9283
1504,東元,20,0,20,凱基-北門,2023-09-11,9283
00918,大華優利高填息30,17,0,17,凱基-北門,2023-09-11,9283
3037,欣興,13,0,13,凱基-北門,2023-09-11,9283
2888,新光金,13,0,13,凱基-北門,2023-09-11,9283
2890,永豐金,11,0,11,凱基-北門,2023-09-11,9283
2483,百容,11,0,11,凱基-北門,2023-09-11,9283
3035,智原,12,1,11,凱基-北門,2023-09-11,9283
3276,宇環,11,0,11,凱基-北門,2023-09-11,9283
2376,技嘉,14,4,10,凱基-北門,2023-09-11,9283
00706L,期元大S＆P日圓正2,10,0,10,凱基-北門,2023-09-11,9283
00693U,期街口S＆P黃豆,10,0,10,凱基-北門,2023-09-11,9283
1609,大亞,10,0,10,凱基-北門,2023-09-11,9283
00923,群益台ESG低碳50,9,0,9,凱基-北門,2023-09-11,9283
1808,潤隆,13,4,9,凱基-北門,2023-09-11,9283
6026,福邦證,10,1,9,凱基-北門,2023-09-11,9283
6274,台燿,10,1,9,凱基-北門,2023-09-11,9283
8222,寶一,13,4,9,凱基-北門,2023-09-11,9283
2352,佳世達,12,4,8,凱基-北門,2023-09-11,9283
2002,中鋼,8,0,8,凱基-北門,2023-09-11,9283
5203,訊連,8,0,8,凱基-北門,2023-09-11,9283
00900,富邦特選高股息30,7,0,7,凱基-北門,2023-09-11,9283
1708,東鹼,7,0,7,凱基-北門,2023-09-11,9283
3013,晟銘電,11,4,7,凱基-北門,2023-09-11,9283
6141,柏承,7,0,7,凱基-北門,2023-09-11,9283
6282,康舒,10,3,7,凱基-北門,2023-09-11,9283
6770,力積電,11,4,7,凱基-北門,2023-09-11,9283
1519,華城,8,2,6,凱基-北門,2023-09-11,9283
3017,奇鋐,7,1,6,凱基-北門,2023-09-11,9283
3346,麗清,12,6,6,凱基-北門,2023-09-11,9283
2884,玉山金,8,3,5,凱基-北門,2023-09-11,9283
2317,鴻海,5,0,5,凱基-北門,2023-09-11,9283
00753L,中信中國50正2,5,0,5,凱基-北門,2023-09-11,9283
1301,台塑,5,0,5,凱基-北門,2023-09-11,9283
1815,富喬,5,0,5,凱基-北門,2023-09-11,9283
2606,裕民,5,0,5,凱基-北門,2023-09-11,9283
2903,遠百,10,5,5,凱基-北門,2023-09-11,9283
00673R,期元大S＆P原油反1,106,0,106,凱基-北門,2023-09-12,9283
00632R,元大台灣50反1,100,0,100,凱基-北門,2023-09-12,9283
00919,群益台灣精選高息,61,0,61,凱基-北門,2023-09-12,9283
00915,凱基優選高股息30,59,0,59,凱基-北門,2023-09-12,9283
4533,協易機,45,1,44,凱基-北門,2023-09-12,9283
00929,復華台灣科技優息,41,0,41,凱基-北門,2023-09-12,9283
9945,潤泰新,40,0,40,凱基-北門,2023-09-12,9283
3715,定穎投控,40,4,36,凱基-北門,2023-09-12,9283
2538,基泰,51,30,21,凱基-北門,2023-09-12,9283
2363,矽統,26,8,18,凱基-北門,2023-09-12,9283
00679B,元大美債20年,19,1,18,凱基-北門,2023-09-12,9283
00646,元大S＆P500,15,0,15,凱基-北門,2023-09-12,9283
00715L,期街口布蘭特正2,14,0,14,凱基-北門,2023-09-12,9283
00878,國泰永續高股息,24,11,13,凱基-北門,2023-09-12,9283
2353,宏��,14,2,12,凱基-北門,2023-09-12,9283
3545,敦泰,11,0,11,凱基-北門,2023-09-12,9283
2025,千興,10,0,10,凱基-北門,2023-09-12,9283
4541,晟田,10,0,10,凱基-北門,2023-09-12,9283
9919,康那香,10,0,10,凱基-北門,2023-09-12,9283
2881,富邦金,9,0,9,凱基-北門,2023-09-12,9283
3231,緯創,31,23,8,凱基-北門,2023-09-12,9283
2409,友達,8,0,8,凱基-北門,2023-09-12,9283
2634,漢翔,9,1,8,凱基-北門,2023-09-12,9283
5469,瀚宇博,9,1,8,凱基-北門,2023-09-12,9283
2887,台新金,7,0,7,凱基-北門,2023-09-12,9283
2332,友訊,6,0,6,凱基-北門,2023-09-12,9283
6120,達運,6,0,6,凱基-北門,2023-09-12,9283
2884,玉山金,5,0,5,凱基-北門,2023-09-12,9283
3680,家登,5,0,5,凱基-北門,2023-09-12,9283
1301,台塑,5,0,5,凱基-北門,2023-09-12,9283
00931B,統一美債20年,5,0,5,凱基-北門,2023-09-12,9283
00671R,富邦NASDAQ反1,5,0,5,凱基-北門,2023-09-12,9283
00885,富邦越南,5,0,5,凱基-北門,2023-09-12,9283
1339,昭輝,6,1,5,凱基-北門,2023-09-12,9283
2331,精英,5,0,5,凱基-北門,2023-09-12,9283
2402,毅嘉,7,2,5,凱基-北門,2023-09-12,9283
3094,聯傑,5,0,5,凱基-北門,2023-09-12,9283
5009,榮剛,5,0,5,凱基-北門,2023-09-12,9283
6224,聚鼎,5,0,5,凱基-北門,2023-09-12,9283
6508,惠光,5,0,5,凱基-北門,2023-09-12,9283
8033,雷虎,5,0,5,凱基-北門,2023-09-12,9283
8069,元太,5,0,5,凱基-北門,2023-09-12,9283
2330,台積電,8,3,5,凱基-北門,2023-09-12,9283
5880,合庫金,4,0,4,凱基-北門,2023-09-12,9283
00907,永豐優息存股,4,0,4,凱基-北門,2023-09-12,9283
2421,建準,5,1,4,凱基-北門,2023-09-12,9283
2883,凱基金,4,0,4,凱基-北門,2023-09-12,9283
3227,原相,4,0,4,凱基-北門,2023-09-12,9283
3324,雙鴻,7,3,4,凱基-北門,2023-09-12,9283
4532,瑞智,4,0,4,凱基-北門,2023-09-12,9283
2888,新光金,100,0,100,凱基-北門,2023-09-13,9283
1609,大亞,52,0,52,凱基-北門,2023-09-13,9283
1339,昭輝,50,0,50,凱基-北門,2023-09-13,9283
00929,復華台灣科技優息,51,16,35,凱基-北門,2023-09-13,9283
00715L,期街口布蘭特正2,36,3,33,凱基-北門,2023-09-13,9283
2892,第一金,30,0,30,凱基-北門,2023-09-13,9283
00673R,期元大S＆P原油反1,20,0,20,凱基-北門,2023-09-13,9283
00919,群益台灣精選高息,20,2,18,凱基-北門,2023-09-13,9283
2356,英業達,18,0,18,凱基-北門,2023-09-13,9283
2538,基泰,23,10,13,凱基-北門,2023-09-13,9283
00918,大華優利高填息30,11,0,11,凱基-北門,2023-09-13,9283
00931B,統一美債20年,10,0,10,凱基-北門,2023-09-13,9283
1319,東陽,27,17,10,凱基-北門,2023-09-13,9283
2353,宏��,10,0,10,凱基-北門,2023-09-13,9283
2497,怡利電,10,0,10,凱基-北門,2023-09-13,9283
4739,康普,10,0,10,凱基-北門,2023-09-13,9283
4906,正文,12,2,10,凱基-北門,2023-09-13,9283
8033,雷虎,10,0,10,凱基-北門,2023-09-13,9283
3209,全科,9,0,9,凱基-北門,2023-09-13,9283
2027,大成鋼,10,2,8,凱基-北門,2023-09-13,9283
2340,台亞,9,1,8,凱基-北門,2023-09-13,9283
2834,臺企銀,7,0,7,凱基-北門,2023-09-13,9283
4147,中裕,7,0,7,凱基-北門,2023-09-13,9283
2002,中鋼,6,0,6,凱基-北門,2023-09-13,9283
1504,東元,6,0,6,凱基-北門,2023-09-13,9283
1301,台塑,6,0,6,凱基-北門,2023-09-13,9283
8086,宏捷科,9,3,6,凱基-北門,2023-09-13,9283
00915,凱基優選高股息30,7,2,5,凱基-北門,2023-09-13,9283
2881,富邦金,5,0,5,凱基-北門,2023-09-13,9283
3346,麗清,7,2,5,凱基-北門,2023-09-13,9283
4909,新復興,10,5,5,凱基-北門,2023-09-13,9283
6173,信昌電,5,0,5,凱基-北門,2023-09-13,9283
6531,愛普*,5,0,5,凱基-北門,2023-09-13,9283
8358,金居,5,0,5,凱基-北門,2023-09-13,9283
1314,中石化,5,1,4,凱基-北門,2023-09-13,9283
00637L,元大滬深300正2,4,0,4,凱基-北門,2023-09-13,9283
1521,大億,6,2,4,凱基-北門,2023-09-13,9283
3260,威剛,5,1,4,凱基-北門,2023-09-13,9283
5469,瀚宇博,4,0,4,凱基-北門,2023-09-13,9283
6257,矽格,4,0,4,凱基-北門,2023-09-13,9283
8478,東哥遊艇,5,1,4,凱基-北門,2023-09-13,9283
2890,永豐金,4,0,4,凱基-北門,2023-09-13,9283
2312,金寶,3,0,3,凱基-北門,2023-09-13,9283
2385,群光,5,2,3,凱基-北門,2023-09-13,9283
2498,宏達電,3,0,3,凱基-北門,2023-09-13,9283
3071,協禧,3,0,3,凱基-北門,2023-09-13,9283
3122,笙泉,3,0,3,凱基-北門,2023-09-13,9283
3227,原相,3,0,3,凱基-北門,2023-09-13,9283
4721,美琪瑪,3,0,3,凱基-北門,2023-09-13,9283
5706,鳳凰,4,1,3,凱基-北門,2023-09-13,9283
2883B,凱基金乙特,100,0,100,凱基-北門,2023-09-14,9283
6288,聯嘉,33,0,33,凱基-北門,2023-09-14,9283
00929,復華台灣科技優息,76,46,30,凱基-北門,2023-09-14,9283
1522,堤維西,36,14,22,凱基-北門,2023-09-14,9283
2025,千興,22,0,22,凱基-北門,2023-09-14,9283
00673R,期元大S＆P原油反1,21,0,21,凱基-北門,2023-09-14,9283
00674R,期元大S＆P黃金反1,20,0,20,凱基-北門,2023-09-14,9283
1609,大亞,21,1,20,凱基-北門,2023-09-14,9283
3545,敦泰,20,1,19,凱基-北門,2023-09-14,9283
2317,鴻海,19,1,18,凱基-北門,2023-09-14,9283
4147,中裕,16,0,16,凱基-北門,2023-09-14,9283
8048,德勝,19,4,15,凱基-北門,2023-09-14,9283
2634,漢翔,14,0,14,凱基-北門,2023-09-14,9283
00915,凱基優選高股息30,13,0,13,凱基-北門,2023-09-14,9283
2405,輔信,11,0,11,凱基-北門,2023-09-14,9283
2501,國建,10,0,10,凱基-北門,2023-09-14,9283
3443,創意,12,2,10,凱基-北門,2023-09-14,9283
3515,華擎,10,0,10,凱基-北門,2023-09-14,9283
4167,松瑞藥,10,0,10,凱基-北門,2023-09-14,9283
4906,正文,20,10,10,凱基-北門,2023-09-14,9283
5392,能率,10,0,10,凱基-北門,2023-09-14,9283
6548,長科*,10,0,10,凱基-北門,2023-09-14,9283
2353,宏��,11,1,10,凱基-北門,2023-09-14,9283
2421,建準,12,3,9,凱基-北門,2023-09-14,9283
00715L,期街口布蘭特正2,7,0,7,凱基-北門,2023-09-14,9283
6509,聚和,7,0,7,凱基-北門,2023-09-14,9283
2609,陽明,11,5,6,凱基-北門,2023-09-14,9283
00902,中信電池及儲能,6,0,6,凱基-北門,2023-09-14,9283
1605,華新,10,4,6,凱基-北門,2023-09-14,9283
2375,凱美,6,0,6,凱基-北門,2023-09-14,9283
2485,兆赫,7,1,6,凱基-北門,2023-09-14,9283
3013,晟銘電,6,0,6,凱基-北門,2023-09-14,9283
2886,兆豐金,10,5,5,凱基-北門,2023-09-14,9283
00706L,期元大S＆P日圓正2,5,0,5,凱基-北門,2023-09-14,9283
1802,台玻,6,1,5,凱基-北門,2023-09-14,9283
2881,富邦金,5,0,5,凱基-北門,2023-09-14,9283
5347,世界,6,1,5,凱基-北門,2023-09-14,9283
6470,宇智,15,10,5,凱基-北門,2023-09-14,9283
6605,帝寶,5,0,5,凱基-北門,2023-09-14,9283
00632R,元大台灣50反1,4,0,4,凱基-北門,2023-09-14,9283
00679B,元大美債20年,4,0,4,凱基-北門,2023-09-14,9283
00830,國泰費城半導體,4,0,4,凱基-北門,2023-09-14,9283
1472,三洋實業,4,0,4,凱基-北門,2023-09-14,9283
2332,友訊,4,0,4,凱基-北門,2023-09-14,9283
3481,群創,11,7,4,凱基-北門,2023-09-14,9283
1402,遠東新,3,0,3,凱基-北門,2023-09-14,9283
1414,東和,3,0,3,凱基-北門,2023-09-14,9283
1514,亞力,3,0,3,凱基-北門,2023-09-14,9283
2103,台橡,3,0,3,凱基-北門,2023-09-14,9283
2402,毅嘉,5,2,3,凱基-北門,2023-09-14,9283
00929,復華台灣科技優息,150,66,84,凱基-北門,2023-09-15,9283
1524,耿鼎,56,0,56,凱基-北門,2023-09-15,9283
2316,楠梓電,42,1,41,凱基-北門,2023-09-15,9283
2486,一詮,36,9,27,凱基-北門,2023-09-15,9283
1522,堤維西,31,5,26,凱基-北門,2023-09-15,9283
6530,創威,34,10,24,凱基-北門,2023-09-15,9283
00915,凱基優選高股息30,24,1,23,凱基-北門,2023-09-15,9283
5426,振發,22,0,22,凱基-北門,2023-09-15,9283
4147,中裕,21,0,21,凱基-北門,2023-09-15,9283
00932,兆豐永續高息等權,20,0,20,凱基-北門,2023-09-15,9283
00636,國泰中國A50,20,0,20,凱基-北門,2023-09-15,9283
00919,群益台灣精選高息,54,35,19,凱基-北門,2023-09-15,9283
00878,國泰永續高股息,30,12,18,凱基-北門,2023-09-15,9283
2609,陽明,40,24,16,凱基-北門,2023-09-15,9283
1560,中砂,20,4,16,凱基-北門,2023-09-15,9283
2025,千興,30,15,15,凱基-北門,2023-09-15,9283
3363,上詮,25,10,15,凱基-北門,2023-09-15,9283
00673R,期元大S＆P原油反1,12,0,12,凱基-北門,2023-09-15,9283
00918,大華優利高填息30,22,10,12,凱基-北門,2023-09-15,9283
2449,京元電子,19,7,12,凱基-北門,2023-09-15,9283
2002,中鋼,11,0,11,凱基-北門,2023-09-15,9283
2884,玉山金,10,0,10,凱基-北門,2023-09-15,9283
2801,彰銀,10,0,10,凱基-北門,2023-09-15,9283
2887,台新金,10,0,10,凱基-北門,2023-09-15,9283
4960,誠美材,10,0,10,凱基-北門,2023-09-15,9283
3545,敦泰,20,12,8,凱基-北門,2023-09-15,9283
5351,鈺創,9,1,8,凱基-北門,2023-09-15,9283
8086,宏捷科,10,2,8,凱基-北門,2023-09-15,9283
3035,智原,11,4,7,凱基-北門,2023-09-15,9283
00885,富邦越南,7,1,6,凱基-北門,2023-09-15,9283
00637L,元大滬深300正2,6,0,6,凱基-北門,2023-09-15,9283
1402,遠東新,6,0,6,凱基-北門,2023-09-15,9283
2103,台橡,6,0,6,凱基-北門,2023-09-15,9283
6279,胡連,6,0,6,凱基-北門,2023-09-15,9283
2606,裕民,13,7,6,凱基-北門,2023-09-15,9283
6488,環球晶,7,1,6,凱基-北門,2023-09-15,9283
1339,昭輝,5,0,5,凱基-北門,2023-09-15,9283
2460,建通,5,0,5,凱基-北門,2023-09-15,9283
3163,波若威,18,13,5,凱基-北門,2023-09-15,9283
4129,聯合,5,0,5,凱基-北門,2023-09-15,9283
6668,中揚光,6,1,5,凱基-北門,2023-09-15,9283
5880,合庫金,4,0,4,凱基-北門,2023-09-15,9283
00633L,富邦上証正2,4,0,4,凱基-北門,2023-09-15,9283
1301,台塑,4,0,4,凱基-北門,2023-09-15,9283
2610,華航,4,0,4,凱基-北門,2023-09-15,9283
3037,欣興,6,2,4,凱基-北門,2023-09-15,9283
3058,立德,4,0,4,凱基-北門,2023-09-15,9283
3090,日電貿,4,0,4,凱基-北門,2023-09-15,9283
3231,緯創,8,4,4,凱基-北門,2023-09-15,9283
6275,元山,8,4,4,凱基-北門,2023-09-15,9283
00680L,元大美債20正2,111,0,111,凱基-北門,2023-09-18,9283
00878,國泰永續高股息,108,1,107,凱基-北門,2023-09-18,9283
00919,群益台灣精選高息,94,0,94,凱基-北門,2023-09-18,9283
00929,復華台灣科技優息,127,59,68,凱基-北門,2023-09-18,9283
00922,國泰台灣領袖50,51,0,51,凱基-北門,2023-09-18,9283
2610,華航,27,0,27,凱基-北門,2023-09-18,9283
00715L,期街口布蘭特正2,25,1,24,凱基-北門,2023-09-18,9283
5488,松普,25,1,24,凱基-北門,2023-09-18,9283
9938,百和,23,0,23,凱基-北門,2023-09-18,9283
9951,皇田,19,0,19,凱基-北門,2023-09-18,9283
1560,中砂,22,4,18,凱基-北門,2023-09-18,9283
2363,矽統,23,8,15,凱基-北門,2023-09-18,9283
2356,英業達,36,23,13,凱基-北門,2023-09-18,9283
2329,華泰,15,2,13,凱基-北門,2023-09-18,9283
00720B,元大投資級公司債,12,0,12,凱基-北門,2023-09-18,9283
00931B,統一美債20年,13,1,12,凱基-北門,2023-09-18,9283
1522,堤維西,12,0,12,凱基-北門,2023-09-18,9283
2344,華邦電,13,1,12,凱基-北門,2023-09-18,9283
8050,廣積,12,0,12,凱基-北門,2023-09-18,9283
2382,廣達,17,6,11,凱基-北門,2023-09-18,9283
2887,台新金,11,0,11,凱基-北門,2023-09-18,9283
6112,邁達特,11,0,11,凱基-北門,2023-09-18,9283
1216,統一,10,0,10,凱基-北門,2023-09-18,9283
2002,中鋼,11,1,10,凱基-北門,2023-09-18,9283
00932,兆豐永續高息等權,10,0,10,凱基-北門,2023-09-18,9283
1504,東元,10,0,10,凱基-北門,2023-09-18,9283
00687B,國泰20年美債,9,0,9,凱基-北門,2023-09-18,9283
2303,聯電,9,0,9,凱基-北門,2023-09-18,9283
3545,敦泰,43,34,9,凱基-北門,2023-09-18,9283
00923,群益台ESG低碳50,8,0,8,凱基-北門,2023-09-18,9283
00921,兆豐龍頭等權重,8,0,8,凱基-北門,2023-09-18,9283
2402,毅嘉,27,19,8,凱基-北門,2023-09-18,9283
2888,新光金,11,3,8,凱基-北門,2023-09-18,9283
3260,威剛,14,6,8,凱基-北門,2023-09-18,9283
3231,緯創,11,4,7,凱基-北門,2023-09-18,9283
0050,元大台灣50,7,0,7,凱基-北門,2023-09-18,9283
5880,合庫金,7,0,7,凱基-北門,2023-09-18,9283
00885,富邦越南,7,0,7,凱基-北門,2023-09-18,9283
00897,富邦基因免疫生技,7,0,7,凱基-北門,2023-09-18,9283
2867,三商壽,7,0,7,凱基-北門,2023-09-18,9283
2330,台積電,7,0,7,凱基-北門,2023-09-18,9283
00915,凱基優選高股息30,6,0,6,凱基-北門,2023-09-18,9283
00830,國泰費城半導體,6,0,6,凱基-北門,2023-09-18,9283
00751B,元大AAA至A公司債,10,5,5,凱基-北門,2023-09-18,9283
5871,中租-KY,5,0,5,凱基-北門,2023-09-18,9283
1219,福壽,5,0,5,凱基-北門,2023-09-18,9283
2022,聚亨,5,0,5,凱基-北門,2023-09-18,9283
2317,鴻海,5,0,5,凱基-北門,2023-09-18,9283
2354,鴻準,5,0,5,凱基-北門,2023-09-18,9283
2399,映泰,5,0,5,凱基-北門,2023-09-18,9283
1815,富喬,80,0,80,凱基-北門,2023-09-19,9283
1219,福壽,65,0,65,凱基-北門,2023-09-19,9283
2356,英業達,58,2,56,凱基-北門,2023-09-19,9283
00929,復華台灣科技優息,68,25,43,凱基-北門,2023-09-19,9283
9938,百和,27,0,27,凱基-北門,2023-09-19,9283
3062,建漢,25,0,25,凱基-北門,2023-09-19,9283
2880,華南金,20,0,20,凱基-北門,2023-09-19,9283
3701,大眾控,20,0,20,凱基-北門,2023-09-19,9283
00878,國泰永續高股息,21,2,19,凱基-北門,2023-09-19,9283
1339,昭輝,23,5,18,凱基-北門,2023-09-19,9283
00921,兆豐龍頭等權重,15,0,15,凱基-北門,2023-09-19,9283
1522,堤維西,26,11,15,凱基-北門,2023-09-19,9283
6901,鑽石投資,14,2,12,凱基-北門,2023-09-19,9283
1101,台泥,13,1,12,凱基-北門,2023-09-19,9283
2409,友達,12,0,12,凱基-北門,2023-09-19,9283
1524,耿鼎,11,0,11,凱基-北門,2023-09-19,9283
2027,大成鋼,11,0,11,凱基-北門,2023-09-19,9283
8086,宏捷科,11,0,11,凱基-北門,2023-09-19,9283
00665L,富邦�琤肭磪囓�2,10,0,10,凱基-北門,2023-09-19,9283
00715L,期街口布蘭特正2,10,0,10,凱基-北門,2023-09-19,9283
2376,技嘉,11,1,10,凱基-北門,2023-09-19,9283
8011,台通,10,0,10,凱基-北門,2023-09-19,9283
00919,群益台灣精選高息,14,5,9,凱基-北門,2023-09-19,9283
00693U,期街口S＆P黃豆,9,0,9,凱基-北門,2023-09-19,9283
6274,台燿,11,2,9,凱基-北門,2023-09-19,9283
1609,大亞,10,2,8,凱基-北門,2023-09-19,9283
2363,矽統,14,6,8,凱基-北門,2023-09-19,9283
2330,台積電,8,0,8,凱基-北門,2023-09-19,9283
00932,兆豐永續高息等權,7,0,7,凱基-北門,2023-09-19,9283
2329,華泰,10,3,7,凱基-北門,2023-09-19,9283
2332,友訊,10,3,7,凱基-北門,2023-09-19,9283
4147,中裕,8,1,7,凱基-北門,2023-09-19,9283
0056,元大高股息,6,0,6,凱基-北門,2023-09-19,9283
2406,國碩,6,0,6,凱基-北門,2023-09-19,9283
2425,承啟,9,3,6,凱基-北門,2023-09-19,9283
3035,智原,7,2,5,凱基-北門,2023-09-19,9283
00720B,元大投資級公司債,5,0,5,凱基-北門,2023-09-19,9283
00897,富邦基因免疫生技,5,0,5,凱基-北門,2023-09-19,9283
2492,華新科,7,2,5,凱基-北門,2023-09-19,9283
2498,宏達電,6,1,5,凱基-北門,2023-09-19,9283
5609,中菲行,5,0,5,凱基-北門,2023-09-19,9283
6550,北極星藥業-KY,5,0,5,凱基-北門,2023-09-19,9283
9911,櫻花,5,0,5,凱基-北門,2023-09-19,9283
3715,定穎投控,104,99,5,凱基-北門,2023-09-19,9283
6472,保瑞,5,0,5,凱基-北門,2023-09-19,9283
2634,漢翔,4,0,4,凱基-北門,2023-09-19,9283
2913,農林,5,1,4,凱基-北門,2023-09-19,9283
4908,前鼎,12,8,4,凱基-北門,2023-09-19,9283
5381,合正,8,4,4,凱基-北門,2023-09-19,9283
6284,佳邦,4,0,4,凱基-北門,2023-09-19,9283
00929,復華台灣科技優息,142,32,110,凱基-北門,2023-09-20,9283
00715L,期街口布蘭特正2,75,0,75,凱基-北門,2023-09-20,9283
2402,毅嘉,64,2,62,凱基-北門,2023-09-20,9283
00923,群益台ESG低碳50,54,0,54,凱基-北門,2023-09-20,9283
2880,華南金,30,1,29,凱基-北門,2023-09-20,9283
00932,兆豐永續高息等權,23,0,23,凱基-北門,2023-09-20,9283
2401,凌陽,23,0,23,凱基-北門,2023-09-20,9283
00919,群益台灣精選高息,24,1,23,凱基-北門,2023-09-20,9283
00680L,元大美債20正2,22,0,22,凱基-北門,2023-09-20,9283
1504,東元,28,6,22,凱基-北門,2023-09-20,9283
2406,國碩,22,0,22,凱基-北門,2023-09-20,9283
5009,榮剛,20,0,20,凱基-北門,2023-09-20,9283
2367,燿華,27,8,19,凱基-北門,2023-09-20,9283
2340,台亞,20,6,14,凱基-北門,2023-09-20,9283
3057,喬鼎,14,0,14,凱基-北門,2023-09-20,9283
2332,友訊,13,0,13,凱基-北門,2023-09-20,9283
2025,千興,11,0,11,凱基-北門,2023-09-20,9283
00922,國泰台灣領袖50,10,0,10,凱基-北門,2023-09-20,9283
00900,富邦特選高股息30,10,0,10,凱基-北門,2023-09-20,9283
1219,福壽,10,0,10,凱基-北門,2023-09-20,9283
6116,彩晶,10,0,10,凱基-北門,2023-09-20,9283
1101,台泥,10,0,10,凱基-北門,2023-09-20,9283
1514,亞力,20,11,9,凱基-北門,2023-09-20,9283
2027,大成鋼,10,1,9,凱基-北門,2023-09-20,9283
6182,合晶,11,2,9,凱基-北門,2023-09-20,9283
00751B,元大AAA至A公司債,8,0,8,凱基-北門,2023-09-20,9283
1802,台玻,30,22,8,凱基-北門,2023-09-20,9283
2317,鴻海,8,0,8,凱基-北門,2023-09-20,9283
8112,至上,11,3,8,凱基-北門,2023-09-20,9283
9938,百和,8,0,8,凱基-北門,2023-09-20,9283
0050,元大台灣50,7,0,7,凱基-北門,2023-09-20,9283
2618,長榮航,7,0,7,凱基-北門,2023-09-20,9283
2368,金像電,7,0,7,凱基-北門,2023-09-20,9283
2610,華航,8,1,7,凱基-北門,2023-09-20,9283
2812,台中銀,6,0,6,凱基-北門,2023-09-20,9283
00713,元大台灣高息低波,6,0,6,凱基-北門,2023-09-20,9283
00720B,元大投資級公司債,6,0,6,凱基-北門,2023-09-20,9283
6492,生華科,6,0,6,凱基-北門,2023-09-20,9283
3037,欣興,5,0,5,凱基-北門,2023-09-20,9283
1201,味全,5,0,5,凱基-北門,2023-09-20,9283
00795B,中信美國公債20年,5,0,5,凱基-北門,2023-09-20,9283
2301,光寶科,7,2,5,凱基-北門,2023-09-20,9283
2354,鴻準,7,2,5,凱基-北門,2023-09-20,9283
2409,友達,5,0,5,凱基-北門,2023-09-20,9283
2634,漢翔,11,6,5,凱基-北門,2023-09-20,9283
4123,晟德,5,0,5,凱基-北門,2023-09-20,9283
6541,泰福-KY,5,0,5,凱基-北門,2023-09-20,9283
0056,元大高股息,6,2,4,凱基-北門,2023-09-20,9283
2530,華建,4,0,4,凱基-北門,2023-09-20,9283
2538,基泰,4,0,4,凱基-北門,2023-09-20,9283
00673R,期元大S＆P原油反1,190,0,190,凱基-北門,2023-09-21,9283
00929,復華台灣科技優息,87,8,79,凱基-北門,2023-09-21,9283
1809,中釉,49,0,49,凱基-北門,2023-09-21,9283
2880,華南金,30,1,29,凱基-北門,2023-09-21,9283
5880,合庫金,26,0,26,凱基-北門,2023-09-21,9283
00919,群益台灣精選高息,23,0,23,凱基-北門,2023-09-21,9283
1101,台泥,23,4,19,凱基-北門,2023-09-21,9283
1504,東元,17,0,17,凱基-北門,2023-09-21,9283
9938,百和,17,0,17,凱基-北門,2023-09-21,9283
0050,元大台灣50,17,0,17,凱基-北門,2023-09-21,9283
6284,佳邦,17,1,16,凱基-北門,2023-09-21,9283
3715,定穎投控,18,3,15,凱基-北門,2023-09-21,9283
2888,新光金,14,0,14,凱基-北門,2023-09-21,9283
2618,長榮航,14,0,14,凱基-北門,2023-09-21,9283
2002,中鋼,14,0,14,凱基-北門,2023-09-21,9283
2027,大成鋼,15,1,14,凱基-北門,2023-09-21,9283
2884,玉山金,12,0,12,凱基-北門,2023-09-21,9283
2402,毅嘉,37,25,12,凱基-北門,2023-09-21,9283
2605,新興,11,0,11,凱基-北門,2023-09-21,9283
2379,瑞昱,10,0,10,凱基-北門,2023-09-21,9283
2887,台新金,10,0,10,凱基-北門,2023-09-21,9283
2330,台積電,10,0,10,凱基-北門,2023-09-21,9283
3057,喬鼎,10,0,10,凱基-北門,2023-09-21,9283
00885,富邦越南,10,0,10,凱基-北門,2023-09-21,9283
1526,日馳,10,0,10,凱基-北門,2023-09-21,9283
2312,金寶,10,0,10,凱基-北門,2023-09-21,9283
8070,長華*,10,0,10,凱基-北門,2023-09-21,9283
6901,鑽石投資,9,0,9,凱基-北門,2023-09-21,9283
00713,元大台灣高息低波,8,0,8,凱基-北門,2023-09-21,9283
2317,鴻海,8,0,8,凱基-北門,2023-09-21,9283
0056,元大高股息,13,5,8,凱基-北門,2023-09-21,9283
1560,中砂,8,0,8,凱基-北門,2023-09-21,9283
3714,富采,8,0,8,凱基-北門,2023-09-21,9283
00878,國泰永續高股息,31,23,8,凱基-北門,2023-09-21,9283
00679B,元大美債20年,8,0,8,凱基-北門,2023-09-21,9283
2103,台橡,7,0,7,凱基-北門,2023-09-21,9283
1605,華新,9,2,7,凱基-北門,2023-09-21,9283
2483,百容,7,0,7,凱基-北門,2023-09-21,9283
2606,裕民,8,1,7,凱基-北門,2023-09-21,9283
2406,國碩,6,0,6,凱基-北門,2023-09-21,9283
00932,兆豐永續高息等權,6,0,6,凱基-北門,2023-09-21,9283
1402,遠東新,6,0,6,凱基-北門,2023-09-21,9283
1409,新纖,6,0,6,凱基-北門,2023-09-21,9283
2349,錸德,6,0,6,凱基-北門,2023-09-21,9283
2468,華經,6,0,6,凱基-北門,2023-09-21,9283
2630,亞航,6,0,6,凱基-北門,2023-09-21,9283
5009,榮剛,6,0,6,凱基-北門,2023-09-21,9283
2748,雲品,5,0,5,凱基-北門,2023-09-21,9283
5483,中美晶,5,0,5,凱基-北門,2023-09-21,9283
00931B,統一美債20年,5,0,5,凱基-北門,2023-09-21,9283
00679B,元大美債20年,216,0,216,凱基-北門,2023-09-22,9283
00632R,元大台灣50反1,200,25,175,凱基-北門,2023-09-22,9283
2025,千興,46,0,46,凱基-北門,2023-09-22,9283
00929,復華台灣科技優息,45,1,44,凱基-北門,2023-09-22,9283
4138,曜亞,30,0,30,凱基-北門,2023-09-22,9283
00751B,元大AAA至A公司債,29,0,29,凱基-北門,2023-09-22,9283
00673R,期元大S＆P原油反1,35,10,25,凱基-北門,2023-09-22,9283
00687B,國泰20年美債,23,0,23,凱基-北門,2023-09-22,9283
00931B,統一美債20年,19,0,19,凱基-北門,2023-09-22,9283
00795B,中信美國公債20年,18,0,18,凱基-北門,2023-09-22,9283
00720B,元大投資級公司債,15,0,15,凱基-北門,2023-09-22,9283
2329,華泰,18,3,15,凱基-北門,2023-09-22,9283
3047,訊舟,20,5,15,凱基-北門,2023-09-22,9283
8033,雷虎,15,0,15,凱基-北門,2023-09-22,9283
6684,安格,11,0,11,凱基-北門,2023-09-22,9283
00919,群益台灣精選高息,10,0,10,凱基-北門,2023-09-22,9283
2605,新興,11,1,10,凱基-北門,2023-09-22,9283
4915,致伸,15,5,10,凱基-北門,2023-09-22,9283
00753L,中信中國50正2,9,0,9,凱基-北門,2023-09-22,9283
2002,中鋼,9,0,9,凱基-北門,2023-09-22,9283
2337,旺宏,10,1,9,凱基-北門,2023-09-22,9283
2419,仲琦,10,1,9,凱基-北門,2023-09-22,9283
00712,復華富時不動產,9,0,9,凱基-北門,2023-09-22,9283
006208,富邦台50,9,0,9,凱基-北門,2023-09-22,9283
2633,台灣高鐵,8,0,8,凱基-北門,2023-09-22,9283
00932,兆豐永續高息等權,8,0,8,凱基-北門,2023-09-22,9283
2852,第一保,8,0,8,凱基-北門,2023-09-22,9283
2889,國票金,8,0,8,凱基-北門,2023-09-22,9283
2883,凱基金,8,0,8,凱基-北門,2023-09-22,9283
2317,鴻海,8,1,7,凱基-北門,2023-09-22,9283
2891,中信金,7,0,7,凱基-北門,2023-09-22,9283
3231,緯創,14,8,6,凱基-北門,2023-09-22,9283
2363,矽統,7,1,6,凱基-北門,2023-09-22,9283
2641,正德,6,0,6,凱基-北門,2023-09-22,9283
3450,聯鈞,16,10,6,凱基-北門,2023-09-22,9283
6147,頎邦,5,0,5,凱基-北門,2023-09-22,9283
1101,台泥,5,0,5,凱基-北門,2023-09-22,9283
2881,富邦金,5,0,5,凱基-北門,2023-09-22,9283
5009,榮剛,5,0,5,凱基-北門,2023-09-22,9283
00706L,期元大S＆P日圓正2,5,0,5,凱基-北門,2023-09-22,9283
1219,福壽,5,0,5,凱基-北門,2023-09-22,9283
1471,首利,5,0,5,凱基-北門,2023-09-22,9283
2027,大成鋼,5,0,5,凱基-北門,2023-09-22,9283
2352,佳世達,5,0,5,凱基-北門,2023-09-22,9283
2816,旺旺保,5,0,5,凱基-北門,2023-09-22,9283
3622,洋華,5,0,5,凱基-北門,2023-09-22,9283
8930,青鋼,5,0,5,凱基-北門,2023-09-22,9283
2330,台積電,6,2,4,凱基-北門,2023-09-22,9283
00830,國泰費城半導體,4,0,4,凱基-北門,2023-09-22,9283
00670L,富邦NASDAQ正2,4,0,4,凱基-北門,2023-09-22,9283
00632R,元大台灣50反1,250,0,250,凱基-北門,2023-09-25,9283
1101,台泥,70,2,68,凱基-北門,2023-09-25,9283
00673R,期元大S＆P原油反1,50,0,50,凱基-北門,2023-09-25,9283
00929,復華台灣科技優息,51,17,34,凱基-北門,2023-09-25,9283
00719B,元大美債1-3,29,0,29,凱基-北門,2023-09-25,9283
1219,福壽,15,0,15,凱基-北門,2023-09-25,9283
6147,頎邦,15,0,15,凱基-北門,2023-09-25,9283
4147,中裕,15,1,14,凱基-北門,2023-09-25,9283
1514,亞力,13,2,11,凱基-北門,2023-09-25,9283
2329,華泰,13,3,10,凱基-北門,2023-09-25,9283
00922,國泰台灣領袖50,10,0,10,凱基-北門,2023-09-25,9283
8033,雷虎,10,0,10,凱基-北門,2023-09-25,9283
00932,兆豐永續高息等權,10,0,10,凱基-北門,2023-09-25,9283
2883B,凱基金乙特,10,0,10,凱基-北門,2023-09-25,9283
4572,駐龍,10,0,10,凱基-北門,2023-09-25,9283
00923,群益台ESG低碳50,8,0,8,凱基-北門,2023-09-25,9283
5469,瀚宇博,16,8,8,凱基-北門,2023-09-25,9283
8933,愛地雅,10,2,8,凱基-北門,2023-09-25,9283
00679B,元大美債20年,7,0,7,凱基-北門,2023-09-25,9283
1524,耿鼎,10,3,7,凱基-北門,2023-09-25,9283
2538,基泰,7,0,7,凱基-北門,2023-09-25,9283
2417,圓剛,6,0,6,凱基-北門,2023-09-25,9283
3363,上詮,20,14,6,凱基-北門,2023-09-25,9283
00900,富邦特選高股息30,5,0,5,凱基-北門,2023-09-25,9283
1608,華榮,5,0,5,凱基-北門,2023-09-25,9283
2027,大成鋼,5,0,5,凱基-北門,2023-09-25,9283
2427,三商電,10,5,5,凱基-北門,2023-09-25,9283
2641,正德,8,3,5,凱基-北門,2023-09-25,9283
3379,彬台,5,0,5,凱基-北門,2023-09-25,9283
6530,創威,5,0,5,凱基-北門,2023-09-25,9283
8930,青鋼,6,1,5,凱基-北門,2023-09-25,9283
2382,廣達,9,4,5,凱基-北門,2023-09-25,9283
6271,同欣電,4,0,4,凱基-北門,2023-09-25,9283
1560,中砂,6,2,4,凱基-北門,2023-09-25,9283
2332,友訊,4,0,4,凱基-北門,2023-09-25,9283
5289,宜鼎,4,0,4,凱基-北門,2023-09-25,9283
6235,華孚,6,2,4,凱基-北門,2023-09-25,9283
6187,萬潤,7,4,3,凱基-北門,2023-09-25,9283
6547,高端疫苗,3,0,3,凱基-北門,2023-09-25,9283
00919,群益台灣精選高息,3,0,3,凱基-北門,2023-09-25,9283
00712,復華富時不動產,3,0,3,凱基-北門,2023-09-25,9283
2002,中鋼,3,0,3,凱基-北門,2023-09-25,9283
2355,敬鵬,3,0,3,凱基-北門,2023-09-25,9283
2358,廷鑫,3,0,3,凱基-北門,2023-09-25,9283
2388,威盛,5,2,3,凱基-北門,2023-09-25,9283
2618,長榮航,5,2,3,凱基-北門,2023-09-25,9283
3025,星通,4,1,3,凱基-北門,2023-09-25,9283
3706,神達,3,0,3,凱基-北門,2023-09-25,9283
4566,時碩工業,4,1,3,凱基-北門,2023-09-25,9283
4908,前鼎,4,1,3,凱基-北門,2023-09-25,9283
1524,耿鼎,384,2,382,凱基-北門,2023-09-26,9283
00929,復華台灣科技優息,71,20,51,凱基-北門,2023-09-26,9283
00671R,富邦NASDAQ反1,50,0,50,凱基-北門,2023-09-26,9283
2538,基泰,52,11,41,凱基-北門,2023-09-26,9283
2025,千興,77,39,38,凱基-北門,2023-09-26,9283
00679B,元大美債20年,34,0,34,凱基-北門,2023-09-26,9283
00772B,中信高評級公司債,33,0,33,凱基-北門,2023-09-26,9283
1339,昭輝,41,10,31,凱基-北門,2023-09-26,9283
00712,復華富時不動產,28,0,28,凱基-北門,2023-09-26,9283
2880,華南金,25,0,25,凱基-北門,2023-09-26,9283
3715,定穎投控,86,67,19,凱基-北門,2023-09-26,9283
2303,聯電,38,20,18,凱基-北門,2023-09-26,9283
5460,同協,20,3,17,凱基-北門,2023-09-26,9283
1522,堤維西,20,5,15,凱基-北門,2023-09-26,9283
2884,玉山金,14,0,14,凱基-北門,2023-09-26,9283
2881,富邦金,11,0,11,凱基-北門,2023-09-26,9283
00931B,統一美債20年,11,0,11,凱基-北門,2023-09-26,9283
1584,精剛,12,2,10,凱基-北門,2023-09-26,9283
5880,合庫金,10,0,10,凱基-北門,2023-09-26,9283
2903,遠百,10,0,10,凱基-北門,2023-09-26,9283
4147,中裕,10,0,10,凱基-北門,2023-09-26,9283
5009,榮剛,17,7,10,凱基-北門,2023-09-26,9283
2812,台中銀,9,0,9,凱基-北門,2023-09-26,9283
00919,群益台灣精選高息,9,0,9,凱基-北門,2023-09-26,9283
1219,福壽,9,0,9,凱基-北門,2023-09-26,9283
8070,長華*,10,1,9,凱基-北門,2023-09-26,9283
00687B,國泰20年美債,8,0,8,凱基-北門,2023-09-26,9283
00751B,元大AAA至A公司債,8,0,8,凱基-北門,2023-09-26,9283
2406,國碩,8,0,8,凱基-北門,2023-09-26,9283
6187,萬潤,9,1,8,凱基-北門,2023-09-26,9283
8033,雷虎,8,0,8,凱基-北門,2023-09-26,9283
2330,台積電,8,0,8,凱基-北門,2023-09-26,9283
2002,中鋼,7,0,7,凱基-北門,2023-09-26,9283
2892,第一金,7,0,7,凱基-北門,2023-09-26,9283
8112,至上,8,1,7,凱基-北門,2023-09-26,9283
6443,元晶,7,1,6,凱基-北門,2023-09-26,9283
2409,友達,5,0,5,凱基-北門,2023-09-26,9283
2308,台達電,5,0,5,凱基-北門,2023-09-26,9283
00924,復華S＆P500成長,5,0,5,凱基-北門,2023-09-26,9283
00795B,中信美國公債20年,5,0,5,凱基-北門,2023-09-26,9283
1808,潤隆,5,0,5,凱基-北門,2023-09-26,9283
2103,台橡,5,0,5,凱基-北門,2023-09-26,9283
6485,點序,5,0,5,凱基-北門,2023-09-26,9283
8926,台汽電,5,0,5,凱基-北門,2023-09-26,9283
00665L,富邦�琤肭磪囓�2,9,5,4,凱基-北門,2023-09-26,9283
2105,正新,4,0,4,凱基-北門,2023-09-26,9283
2368,金像電,5,1,4,凱基-北門,2023-09-26,9283
2609,陽明,6,2,4,凱基-北門,2023-09-26,9283
3338,泰碩,8,4,4,凱基-北門,2023-09-26,9283
6418,詠昇,4,0,4,凱基-北門,2023-09-26,9283
00673R,期元大S＆P原油反1,95,0,95,凱基-北門,2023-09-27,9283
00929,復華台灣科技優息,65,5,60,凱基-北門,2023-09-27,9283
2538,基泰,40,0,40,凱基-北門,2023-09-27,9283
2344,華邦電,33,1,32,凱基-北門,2023-09-27,9283
2002,中鋼,38,8,30,凱基-北門,2023-09-27,9283
5488,松普,30,0,30,凱基-北門,2023-09-27,9283
00671R,富邦NASDAQ反1,25,0,25,凱基-北門,2023-09-27,9283
00919,群益台灣精選高息,17,0,17,凱基-北門,2023-09-27,9283
2368,金像電,16,2,14,凱基-北門,2023-09-27,9283
1326,台化,13,0,13,凱基-北門,2023-09-27,9283
1513,中興電,13,1,12,凱基-北門,2023-09-27,9283
00878,國泰永續高股息,69,57,12,凱基-北門,2023-09-27,9283
00632R,元大台灣50反1,30,20,10,凱基-北門,2023-09-27,9283
00897,富邦基因免疫生技,10,0,10,凱基-北門,2023-09-27,9283
1785,光洋科,10,0,10,凱基-北門,2023-09-27,9283
2349,錸德,10,0,10,凱基-北門,2023-09-27,9283
2388,威盛,11,1,10,凱基-北門,2023-09-27,9283
2460,建通,10,0,10,凱基-北門,2023-09-27,9283
2884,玉山金,10,0,10,凱基-北門,2023-09-27,9283
8070,長華*,10,0,10,凱基-北門,2023-09-27,9283
2881,富邦金,9,0,9,凱基-北門,2023-09-27,9283
2891,中信金,8,0,8,凱基-北門,2023-09-27,9283
2337,旺宏,8,0,8,凱基-北門,2023-09-27,9283
2303,聯電,11,3,8,凱基-北門,2023-09-27,9283
5880,合庫金,12,5,7,凱基-北門,2023-09-27,9283
00751B,元大AAA至A公司債,6,0,6,凱基-北門,2023-09-27,9283
3294,英濟,6,0,6,凱基-北門,2023-09-27,9283
3346,麗清,6,0,6,凱基-北門,2023-09-27,9283
3520,華盈,6,0,6,凱基-北門,2023-09-27,9283
8933,愛地雅,6,0,6,凱基-北門,2023-09-27,9283
1339,昭輝,6,1,5,凱基-北門,2023-09-27,9283
00665L,富邦�琤肭磪囓�2,5,0,5,凱基-北門,2023-09-27,9283
00915,凱基優選高股息30,5,0,5,凱基-北門,2023-09-27,9283
00753L,中信中國50正2,5,0,5,凱基-北門,2023-09-27,9283
1584,精剛,5,0,5,凱基-北門,2023-09-27,9283
1609,大亞,52,47,5,凱基-北門,2023-09-27,9283
2468,華經,7,2,5,凱基-北門,2023-09-27,9283
2637,慧洋-KY,6,1,5,凱基-北門,2023-09-27,9283
2882,國泰金,4,0,4,凱基-北門,2023-09-27,9283
3037,欣興,5,0,5,凱基-北門,2023-09-27,9283
1524,耿鼎,9,5,4,凱基-北門,2023-09-27,9283
2352,佳世達,4,0,4,凱基-北門,2023-09-27,9283
2402,毅嘉,5,1,4,凱基-北門,2023-09-27,9283
2892,第一金,3,0,3,凱基-北門,2023-09-27,9283
00893,國泰智能電動車,3,0,3,凱基-北門,2023-09-27,9283
00712,復華富時不動產,3,0,3,凱基-北門,2023-09-27,9283
00830,國泰費城半導體,3,0,3,凱基-北門,2023-09-27,9283
1717,長興,3,0,3,凱基-北門,2023-09-27,9283
1808,潤隆,3,0,3,凱基-北門,2023-09-27,9283
2317,鴻海,3,0,3,凱基-北門,2023-09-27,9283
00632R,元大台灣50反1,150,20,130,凱基-北門,2023-09-28,9283
00673R,期元大S＆P原油反1,105,5,100,凱基-北門,2023-09-28,9283
00674R,期元大S＆P黃金反1,89,0,89,凱基-北門,2023-09-28,9283
2002,中鋼,37,0,37,凱基-北門,2023-09-28,9283
2344,華邦電,31,0,31,凱基-北門,2023-09-28,9283
1434,福懋,30,0,30,凱基-北門,2023-09-28,9283
2820,華票,27,0,27,凱基-北門,2023-09-28,9283
00671R,富邦NASDAQ反1,25,0,25,凱基-北門,2023-09-28,9283
2884,玉山金,21,0,21,凱基-北門,2023-09-28,9283
1718,中纖,20,0,20,凱基-北門,2023-09-28,9283
00929,復華台灣科技優息,19,0,19,凱基-北門,2023-09-28,9283
2025,千興,17,3,14,凱基-北門,2023-09-28,9283
3231,緯創,24,12,12,凱基-北門,2023-09-28,9283
2408,南亞科,12,0,12,凱基-北門,2023-09-28,9283
2606,裕民,12,0,12,凱基-北門,2023-09-28,9283
5880,合庫金,11,0,11,凱基-北門,2023-09-28,9283
1326,台化,10,0,10,凱基-北門,2023-09-28,9283
6147,頎邦,10,0,10,凱基-北門,2023-09-28,9283
2402,毅嘉,10,1,9,凱基-北門,2023-09-28,9283
00919,群益台灣精選高息,8,0,8,凱基-北門,2023-09-28,9283
2498,宏達電,9,1,8,凱基-北門,2023-09-28,9283
00931B,統一美債20年,7,0,7,凱基-北門,2023-09-28,9283
2356,英業達,8,1,7,凱基-北門,2023-09-28,9283
00712,復華富時不動產,6,0,6,凱基-北門,2023-09-28,9283
2887,台新金,5,0,5,凱基-北門,2023-09-28,9283
1471,首利,5,0,5,凱基-北門,2023-09-28,9283
00753L,中信中國50正2,5,0,5,凱基-北門,2023-09-28,9283
00665L,富邦�琤肭磪囓�2,5,0,5,凱基-北門,2023-09-28,9283
2007,燁興,5,0,5,凱基-北門,2023-09-28,9283
3011,今皓,7,2,5,凱基-北門,2023-09-28,9283
6229,研通,5,0,5,凱基-北門,2023-09-28,9283
6547,高端疫苗,5,0,5,凱基-北門,2023-09-28,9283
9904,寶成,5,0,5,凱基-北門,2023-09-28,9283
6282,康舒,5,0,5,凱基-北門,2023-09-28,9283
1584,精剛,6,2,4,凱基-北門,2023-09-28,9283
1522,堤維西,5,1,4,凱基-北門,2023-09-28,9283
00905,FT臺灣Smart,4,0,4,凱基-北門,2023-09-28,9283
00637L,元大滬深300正2,4,0,4,凱基-北門,2023-09-28,9283
00715L,期街口布蘭特正2,6,2,4,凱基-北門,2023-09-28,9283
1524,耿鼎,5,1,4,凱基-北門,2023-09-28,9283
2337,旺宏,4,0,4,凱基-北門,2023-09-28,9283
2363,矽統,24,20,4,凱基-北門,2023-09-28,9283
2421,建準,5,1,4,凱基-北門,2023-09-28,9283
3122,笙泉,6,2,4,凱基-北門,2023-09-28,9283
3260,威剛,5,1,4,凱基-北門,2023-09-28,9283
3338,泰碩,6,2,4,凱基-北門,2023-09-28,9283
3036,文曄,38,34,4,凱基-北門,2023-09-28,9283
00751B,元大AAA至A公司債,3,0,3,凱基-北門,2023-09-28,9283
2208,台船,4,1,3,凱基-北門,2023-09-28,9283
2316,楠梓電,7,4,3,凱基-北門,2023-09-28,9283
00632R,元大台灣50反1,100,0,100,凱基-北門,2023-10-02,9283
2485,兆赫,30,0,30,凱基-北門,2023-10-02,9283
6282,康舒,31,1,30,凱基-北門,2023-10-02,9283
1815,富喬,35,12,23,凱基-北門,2023-10-02,9283
4945,陞達科技,23,0,23,凱基-北門,2023-10-02,9283
2002,中鋼,24,3,21,凱基-北門,2023-10-02,9283
2834,臺企銀,21,0,21,凱基-北門,2023-10-02,9283
00931B,統一美債20年,20,0,20,凱基-北門,2023-10-02,9283
1524,耿鼎,20,0,20,凱基-北門,2023-10-02,9283
2884,玉山金,18,0,18,凱基-北門,2023-10-02,9283
1618,合機,28,13,15,凱基-北門,2023-10-02,9283
2880,華南金,15,0,15,凱基-北門,2023-10-02,9283
3035,智原,14,0,14,凱基-北門,2023-10-02,9283
00929,復華台灣科技優息,15,2,13,凱基-北門,2023-10-02,9283
00720B,元大投資級公司債,11,0,11,凱基-北門,2023-10-02,9283
00680L,元大美債20正2,11,0,11,凱基-北門,2023-10-02,9283
00725B,國泰投資級公司債,11,0,11,凱基-北門,2023-10-02,9283
00897,富邦基因免疫生技,10,0,10,凱基-北門,2023-10-02,9283
00722B,群益投資級電信債,10,0,10,凱基-北門,2023-10-02,9283
2353,宏��,10,0,10,凱基-北門,2023-10-02,9283
2820,華票,10,0,10,凱基-北門,2023-10-02,9283
2388,威盛,16,7,9,凱基-北門,2023-10-02,9283
2618,長榮航,9,0,9,凱基-北門,2023-10-02,9283
3481,群創,17,8,9,凱基-北門,2023-10-02,9283
2605,新興,11,3,8,凱基-北門,2023-10-02,9283
2883,凱基金,8,0,8,凱基-北門,2023-10-02,9283
3217,優群,9,1,8,凱基-北門,2023-10-02,9283
2363,矽統,14,6,8,凱基-北門,2023-10-02,9283
1584,精剛,7,0,7,凱基-北門,2023-10-02,9283
2313,華通,7,0,7,凱基-北門,2023-10-02,9283
2323,中環,7,0,7,凱基-北門,2023-10-02,9283
00715L,期街口布蘭特正2,6,0,6,凱基-北門,2023-10-02,9283
00712,復華富時不動產,6,0,6,凱基-北門,2023-10-02,9283
2324,仁寶,6,0,6,凱基-北門,2023-10-02,9283
00679B,元大美債20年,6,0,6,凱基-北門,2023-10-02,9283
2027,大成鋼,5,0,5,凱基-北門,2023-10-02,9283
2206,三陽工業,5,0,5,凱基-北門,2023-10-02,9283
2543,皇昌,5,0,5,凱基-北門,2023-10-02,9283
2888,新光金,5,0,5,凱基-北門,2023-10-02,9283
2889,國票金,5,0,5,凱基-北門,2023-10-02,9283
3701,大眾控,5,0,5,凱基-北門,2023-10-02,9283
6179,亞通,5,0,5,凱基-北門,2023-10-02,9283
8033,雷虎,5,0,5,凱基-北門,2023-10-02,9283
1609,大亞,49,44,5,凱基-北門,2023-10-02,9283
00751B,元大AAA至A公司債,4,0,4,凱基-北門,2023-10-02,9283
3276,宇環,5,1,4,凱基-北門,2023-10-02,9283
3483,力致,4,0,4,凱基-北門,2023-10-02,9283
6124,業強,4,0,4,凱基-北門,2023-10-02,9283
9934,成霖,5,1,4,凱基-北門,2023-10-02,9283
0050,元大台灣50,5,1,4,凱基-北門,2023-10-02,9283
0056,元大高股息,90,4,86,凱基-北門,2023-10-03,9283
00715L,期街口布蘭特正2,79,0,79,凱基-北門,2023-10-03,9283
2382,廣達,53,3,50,凱基-北門,2023-10-03,9283
00632R,元大台灣50反1,40,0,40,凱基-北門,2023-10-03,9283
5488,松普,34,0,34,凱基-北門,2023-10-03,9283
9938,百和,32,0,32,凱基-北門,2023-10-03,9283
00712,復華富時不動產,40,8,32,凱基-北門,2023-10-03,9283
8054,安國,21,0,21,凱基-北門,2023-10-03,9283
2317,鴻海,21,0,21,凱基-北門,2023-10-03,9283
2002,中鋼,20,0,20,凱基-北門,2023-10-03,9283
2363,矽統,21,1,20,凱基-北門,2023-10-03,9283
00720B,元大投資級公司債,14,0,14,凱基-北門,2023-10-03,9283
00878,國泰永續高股息,14,2,12,凱基-北門,2023-10-03,9283
00882,中信中國高股息,11,0,11,凱基-北門,2023-10-03,9283
00922,國泰台灣領袖50,11,0,11,凱基-北門,2023-10-03,9283
1471,首利,12,1,11,凱基-北門,2023-10-03,9283
2880,華南金,11,0,11,凱基-北門,2023-10-03,9283
1514,亞力,17,6,11,凱基-北門,2023-10-03,9283
3013,晟銘電,26,15,11,凱基-北門,2023-10-03,9283
00751B,元大AAA至A公司債,10,0,10,凱基-北門,2023-10-03,9283
1434,福懋,10,0,10,凱基-北門,2023-10-03,9283
1732,毛寶,10,0,10,凱基-北門,2023-10-03,9283
2606,裕民,10,0,10,凱基-北門,2023-10-03,9283
2884,玉山金,10,0,10,凱基-北門,2023-10-03,9283
2913,農林,10,0,10,凱基-北門,2023-10-03,9283
5324,士開,10,0,10,凱基-北門,2023-10-03,9283
6147,頎邦,10,0,10,凱基-北門,2023-10-03,9283
2618,長榮航,9,0,9,凱基-北門,2023-10-03,9283
00931B,統一美債20年,9,0,9,凱基-北門,2023-10-03,9283
3057,喬鼎,9,0,9,凱基-北門,2023-10-03,9283
3231,緯創,26,18,8,凱基-北門,2023-10-03,9283
9919,康那香,8,0,8,凱基-北門,2023-10-03,9283
00637L,元大滬深300正2,8,1,7,凱基-北門,2023-10-03,9283
2409,友達,9,2,7,凱基-北門,2023-10-03,9283
3481,群創,17,10,7,凱基-北門,2023-10-03,9283
00919,群益台灣精選高息,7,0,7,凱基-北門,2023-10-03,9283
00885,富邦越南,6,0,6,凱基-北門,2023-10-03,9283
00772B,中信高評級公司債,6,0,6,凱基-北門,2023-10-03,9283
2406,國碩,6,0,6,凱基-北門,2023-10-03,9283
6117,迎廣,12,6,6,凱基-北門,2023-10-03,9283
2388,威盛,14,9,5,凱基-北門,2023-10-03,9283
00687B,國泰20年美債,5,0,5,凱基-北門,2023-10-03,9283
1618,合機,5,0,5,凱基-北門,2023-10-03,9283
2025,千興,5,0,5,凱基-北門,2023-10-03,9283
2888,新光金,5,0,5,凱基-北門,2023-10-03,9283
2892,第一金,5,0,5,凱基-北門,2023-10-03,9283
6282,康舒,5,0,5,凱基-北門,2023-10-03,9283
5880,合庫金,5,0,5,凱基-北門,2023-10-03,9283
6472,保瑞,5,0,5,凱基-北門,2023-10-03,9283
3666,光耀,4,0,4,凱基-北門,2023-10-03,9283
00632R,元大台灣50反1,250,154,96,凱基-北門,2023-10-04,9283
00715L,期街口布蘭特正2,71,3,68,凱基-北門,2023-10-04,9283
00674R,期元大S＆P黃金反1,50,0,50,凱基-北門,2023-10-04,9283
2017,官田鋼,50,0,50,凱基-北門,2023-10-04,9283
00929,復華台灣科技優息,37,1,36,凱基-北門,2023-10-04,9283
2884,玉山金,35,0,35,凱基-北門,2023-10-04,9283
5009,榮剛,31,0,31,凱基-北門,2023-10-04,9283
00679B,元大美債20年,31,0,31,凱基-北門,2023-10-04,9283
1434,福懋,30,0,30,凱基-北門,2023-10-04,9283
00878,國泰永續高股息,29,0,29,凱基-北門,2023-10-04,9283
00712,復華富時不動產,41,14,27,凱基-北門,2023-10-04,9283
00655L,國泰中國A50正2,25,0,25,凱基-北門,2023-10-04,9283
00922,國泰台灣領袖50,24,0,24,凱基-北門,2023-10-04,9283
2891,中信金,22,0,22,凱基-北門,2023-10-04,9283
2633,台灣高鐵,21,0,21,凱基-北門,2023-10-04,9283
2002,中鋼,22,2,20,凱基-北門,2023-10-04,9283
2431,聯昌,20,0,20,凱基-北門,2023-10-04,9283
8121,越峰,20,0,20,凱基-北門,2023-10-04,9283
00720B,元大投資級公司債,19,0,19,凱基-北門,2023-10-04,9283
3231,緯創,28,11,17,凱基-北門,2023-10-04,9283
2406,國碩,16,0,16,凱基-北門,2023-10-04,9283
2359,所羅門,15,0,15,凱基-北門,2023-10-04,9283
8938,明安,15,0,15,凱基-北門,2023-10-04,9283
2538,基泰,19,5,14,凱基-北門,2023-10-04,9283
3217,優群,17,3,14,凱基-北門,2023-10-04,9283
1504,東元,13,0,13,凱基-北門,2023-10-04,9283
2352,佳世達,13,0,13,凱基-北門,2023-10-04,9283
2025,千興,12,0,12,凱基-北門,2023-10-04,9283
2618,長榮航,12,0,12,凱基-北門,2023-10-04,9283
2889,國票金,12,0,12,凱基-北門,2023-10-04,9283
6505,台塑化,11,0,11,凱基-北門,2023-10-04,9283
1526,日馳,10,0,10,凱基-北門,2023-10-04,9283
2801,彰銀,10,0,10,凱基-北門,2023-10-04,9283
2892,第一金,11,1,10,凱基-北門,2023-10-04,9283
5426,振發,10,0,10,凱基-北門,2023-10-04,9283
2883,凱基金,10,0,10,凱基-北門,2023-10-04,9283
00885,富邦越南,9,0,9,凱基-北門,2023-10-04,9283
9938,百和,9,0,9,凱基-北門,2023-10-04,9283
2330,台積電,8,0,8,凱基-北門,2023-10-04,9283
2303,聯電,8,0,8,凱基-北門,2023-10-04,9283
2887,台新金,8,0,8,凱基-北門,2023-10-04,9283
1210,大成,7,0,7,凱基-北門,2023-10-04,9283
2409,友達,17,10,7,凱基-北門,2023-10-04,9283
1584,精剛,6,0,6,凱基-北門,2023-10-04,9283
00687B,國泰20年美債,6,0,6,凱基-北門,2023-10-04,9283
00772B,中信高評級公司債,6,0,6,凱基-北門,2023-10-04,9283
00706L,期元大S＆P日圓正2,5,0,5,凱基-北門,2023-10-04,9283
1608,華榮,5,0,5,凱基-北門,2023-10-04,9283
2637,慧洋-KY,6,1,5,凱基-北門,2023-10-04,9283
2913,農林,5,0,5,凱基-北門,2023-10-04,9283
00715L,期街口布蘭特正2,139,0,139,凱基-北門,2023-10-05,9283
1319,東陽,116,5,111,凱基-北門,2023-10-05,9283
2382,廣達,56,2,54,凱基-北門,2023-10-05,9283
00632R,元大台灣50反1,45,0,45,凱基-北門,2023-10-05,9283
00671R,富邦NASDAQ反1,35,0,35,凱基-北門,2023-10-05,9283
6182,合晶,25,0,25,凱基-北門,2023-10-05,9283
2025,千興,22,0,22,凱基-北門,2023-10-05,9283
3217,優群,20,3,17,凱基-北門,2023-10-05,9283
00712,復華富時不動產,28,13,15,凱基-北門,2023-10-05,9283
3481,群創,12,1,11,凱基-北門,2023-10-05,9283
2812,台中銀,10,0,10,凱基-北門,2023-10-05,9283
1339,昭輝,10,0,10,凱基-北門,2023-10-05,9283
6026,福邦證,10,0,10,凱基-北門,2023-10-05,9283
8936,國統,10,0,10,凱基-北門,2023-10-05,9283
00720B,元大投資級公司債,10,1,9,凱基-北門,2023-10-05,9283
2417,圓剛,14,5,9,凱基-北門,2023-10-05,9283
2609,陽明,10,1,9,凱基-北門,2023-10-05,9283
1605,華新,14,6,8,凱基-北門,2023-10-05,9283
6122,擎邦,11,3,8,凱基-北門,2023-10-05,9283
2883,凱基金,8,0,8,凱基-北門,2023-10-05,9283
2637,慧洋-KY,6,0,6,凱基-北門,2023-10-05,9283
9919,康那香,6,0,6,凱基-北門,2023-10-05,9283
00725B,國泰投資級公司債,5,0,5,凱基-北門,2023-10-05,9283
00753L,中信中國50正2,5,0,5,凱基-北門,2023-10-05,9283
00706L,期元大S＆P日圓正2,5,0,5,凱基-北門,2023-10-05,9283
1305,華夏,5,0,5,凱基-北門,2023-10-05,9283
2317,鴻海,5,0,5,凱基-北門,2023-10-05,9283
2460,建通,5,0,5,凱基-北門,2023-10-05,9283
6217,中探針,5,0,5,凱基-北門,2023-10-05,9283
8271,宇瞻,10,5,5,凱基-北門,2023-10-05,9283
00931B,統一美債20年,5,0,5,凱基-北門,2023-10-05,9283
00642U,期元大S＆P石油,4,0,4,凱基-北門,2023-10-05,9283
1514,亞力,12,8,4,凱基-北門,2023-10-05,9283
2002,中鋼,9,5,4,凱基-北門,2023-10-05,9283
2014,中鴻,4,0,4,凱基-北門,2023-10-05,9283
3231,緯創,17,13,4,凱基-北門,2023-10-05,9283
3583,辛耘,4,0,4,凱基-北門,2023-10-05,9283
4561,健椿,4,0,4,凱基-北門,2023-10-05,9283
6274,台燿,6,2,4,凱基-北門,2023-10-05,9283
6284,佳邦,5,1,4,凱基-北門,2023-10-05,9283
3037,欣興,3,0,3,凱基-北門,2023-10-05,9283
00929,復華台灣科技優息,13,10,3,凱基-北門,2023-10-05,9283
00640L,富邦日本正2,3,0,3,凱基-北門,2023-10-05,9283
2887,台新金,3,0,3,凱基-北門,2023-10-05,9283
5425,台半,3,0,3,凱基-北門,2023-10-05,9283
6550,北極星藥業-KY,3,0,3,凱基-北門,2023-10-05,9283
8930,青鋼,3,0,3,凱基-北門,2023-10-05,9283
9904,寶成,3,0,3,凱基-北門,2023-10-05,9283
0056,元大高股息,4,2,2,凱基-北門,2023-10-05,9283
1101,台泥,2,0,2,凱基-北門,2023-10-05,9283
00632R,元大台灣50反1,44,1,43,凱基-北門,2023-10-06,9283
00680L,元大美債20正2,40,0,40,凱基-北門,2023-10-06,9283
00715L,期街口布蘭特正2,38,0,38,凱基-北門,2023-10-06,9283
2538,基泰,35,2,33,凱基-北門,2023-10-06,9283
2017,官田鋼,30,0,30,凱基-北門,2023-10-06,9283
2618,長榮航,28,2,26,凱基-北門,2023-10-06,9283
3481,群創,25,2,23,凱基-北門,2023-10-06,9283
2025,千興,20,0,20,凱基-北門,2023-10-06,9283
00929,復華台灣科技優息,21,1,20,凱基-北門,2023-10-06,9283
2637,慧洋-KY,17,0,17,凱基-北門,2023-10-06,9283
2409,友達,16,0,16,凱基-北門,2023-10-06,9283
2486,一詮,23,8,15,凱基-北門,2023-10-06,9283
00679B,元大美債20年,12,0,12,凱基-北門,2023-10-06,9283
1609,大亞,13,1,12,凱基-北門,2023-10-06,9283
00931B,統一美債20年,11,0,11,凱基-北門,2023-10-06,9283
00712,復華富時不動產,11,0,11,凱基-北門,2023-10-06,9283
00897,富邦基因免疫生技,10,0,10,凱基-北門,2023-10-06,9283
1608,華榮,10,0,10,凱基-北門,2023-10-06,9283
1907,永豐餘,10,0,10,凱基-北門,2023-10-06,9283
2428,興勤,10,0,10,凱基-北門,2023-10-06,9283
2630,亞航,10,0,10,凱基-北門,2023-10-06,9283
3231,緯創,22,12,10,凱基-北門,2023-10-06,9283
00919,群益台灣精選高息,10,0,10,凱基-北門,2023-10-06,9283
6112,邁達特,14,7,7,凱基-北門,2023-10-06,9283
00720B,元大投資級公司債,6,0,6,凱基-北門,2023-10-06,9283
2468,華經,9,3,6,凱基-北門,2023-10-06,9283
2892,第一金,7,1,6,凱基-北門,2023-10-06,9283
0056,元大高股息,9,4,5,凱基-北門,2023-10-06,9283
8112,至上,5,0,5,凱基-北門,2023-10-06,9283
2376,技嘉,5,0,5,凱基-北門,2023-10-06,9283
4129,聯合,5,0,5,凱基-北門,2023-10-06,9283
6108,競國,5,0,5,凱基-北門,2023-10-06,9283
6547,高端疫苗,8,3,5,凱基-北門,2023-10-06,9283
6472,保瑞,5,1,4,凱基-北門,2023-10-06,9283
1319,東陽,5,1,4,凱基-北門,2023-10-06,9283
00640L,富邦日本正2,4,0,4,凱基-北門,2023-10-06,9283
00751B,元大AAA至A公司債,4,0,4,凱基-北門,2023-10-06,9283
2408,南亞科,4,0,4,凱基-北門,2023-10-06,9283
00753L,中信中國50正2,8,4,4,凱基-北門,2023-10-06,9283
2002,中鋼,3,0,3,凱基-北門,2023-10-06,9283
00773B,中信優先金融債,3,0,3,凱基-北門,2023-10-06,9283
2453,凌群,5,2,3,凱基-北門,2023-10-06,9283
2816,旺旺保,3,0,3,凱基-北門,2023-10-06,9283
2883,凱基金,3,0,3,凱基-北門,2023-10-06,9283
3006,晶豪科,17,14,3,凱基-北門,2023-10-06,9283
3081,聯亞,3,0,3,凱基-北門,2023-10-06,9283
3483,力致,3,0,3,凱基-北門,2023-10-06,9283
6197,佳必琪,3,0,3,凱基-北門,2023-10-06,9283
6570,維田,3,0,3,凱基-北門,2023-10-06,9283
8033,雷虎,3,0,3,凱基-北門,2023-10-06,9283
1319,東陽,63,1,62,凱基-北門,2023-10-11,9283
2356,英業達,56,1,55,凱基-北門,2023-10-11,9283
00680L,元大美債20正2,51,0,51,凱基-北門,2023-10-11,9283
1785,光洋科,50,0,50,凱基-北門,2023-10-11,9283
2867,三商壽,50,0,50,凱基-北門,2023-10-11,9283
2480,敦陽科,30,0,30,凱基-北門,2023-10-11,9283
00632R,元大台灣50反1,29,0,29,凱基-北門,2023-10-11,9283
4167,松瑞藥,30,3,27,凱基-北門,2023-10-11,9283
2388,威盛,26,0,26,凱基-北門,2023-10-11,9283
3231,緯創,43,17,26,凱基-北門,2023-10-11,9283
6788,華景電,20,0,20,凱基-北門,2023-10-11,9283
2382,廣達,26,9,17,凱基-北門,2023-10-11,9283
1504,東元,16,0,16,凱基-北門,2023-10-11,9283
2618,長榮航,24,8,16,凱基-北門,2023-10-11,9283
0056,元大高股息,15,4,11,凱基-北門,2023-10-11,9283
00671R,富邦NASDAQ反1,11,0,11,凱基-北門,2023-10-11,9283
2427,三商電,10,0,10,凱基-北門,2023-10-11,9283
2606,裕民,13,3,10,凱基-北門,2023-10-11,9283
6275,元山,10,0,10,凱基-北門,2023-10-11,9283
8048,德勝,10,0,10,凱基-北門,2023-10-11,9283
6284,佳邦,13,3,10,凱基-北門,2023-10-11,9283
6451,訊芯-KY,12,2,10,凱基-北門,2023-10-11,9283
3323,加百裕,9,0,9,凱基-北門,2023-10-11,9283
6669,緯穎,10,1,9,凱基-北門,2023-10-11,9283
00715L,期街口布蘭特正2,8,0,8,凱基-北門,2023-10-11,9283
3006,晶豪科,34,26,8,凱基-北門,2023-10-11,9283
8093,保銳,8,0,8,凱基-北門,2023-10-11,9283
00929,復華台灣科技優息,7,0,7,凱基-北門,2023-10-11,9283
6550,北極星藥業-KY,7,0,7,凱基-北門,2023-10-11,9283
8930,青鋼,7,0,7,凱基-北門,2023-10-11,9283
2634,漢翔,7,0,7,凱基-北門,2023-10-11,9283
3715,定穎投控,41,34,7,凱基-北門,2023-10-11,9283
1471,首利,9,3,6,凱基-北門,2023-10-11,9283
1514,亞力,6,0,6,凱基-北門,2023-10-11,9283
3346,麗清,6,0,6,凱基-北門,2023-10-11,9283
3558,神準,6,0,6,凱基-北門,2023-10-11,9283
3567,逸昌,6,0,6,凱基-北門,2023-10-11,9283
2002,中鋼,5,0,5,凱基-北門,2023-10-11,9283
00919,群益台灣精選高息,5,0,5,凱基-北門,2023-10-11,9283
1513,中興電,5,0,5,凱基-北門,2023-10-11,9283
2603,長榮,6,1,5,凱基-北門,2023-10-11,9283
1907,永豐餘,10,5,5,凱基-北門,2023-10-11,9283
2316,楠梓電,10,5,5,凱基-北門,2023-10-11,9283
2881,富邦金,5,0,5,凱基-北門,2023-10-11,9283
6158,禾昌,5,0,5,凱基-北門,2023-10-11,9283
3217,優群,4,0,4,凱基-北門,2023-10-11,9283
2376,技嘉,33,29,4,凱基-北門,2023-10-11,9283
1314,中石化,4,0,4,凱基-北門,2023-10-11,9283
2241,艾姆勒,12,8,4,凱基-北門,2023-10-11,9283
2610,華航,6,2,4,凱基-北門,2023-10-11,9283
00632R,元大台灣50反1,130,0,130,凱基-北門,2023-10-12,9283
3481,群創,123,11,112,凱基-北門,2023-10-12,9283
00680L,元大美債20正2,50,0,50,凱基-北門,2023-10-12,9283
00751B,元大AAA至A公司債,31,0,31,凱基-北門,2023-10-12,9283
6235,華孚,23,1,22,凱基-北門,2023-10-12,9283
6148,驊宏資,20,0,20,凱基-北門,2023-10-12,9283
00642U,期元大S＆P石油,20,3,17,凱基-北門,2023-10-12,9283
5426,振發,17,0,17,凱基-北門,2023-10-12,9283
2317,鴻海,19,4,15,凱基-北門,2023-10-12,9283
4167,松瑞藥,20,5,15,凱基-北門,2023-10-12,9283
2353,宏��,14,1,13,凱基-北門,2023-10-12,9283
2408,南亞科,21,11,10,凱基-北門,2023-10-12,9283
5328,華容,10,0,10,凱基-北門,2023-10-12,9283
9919,康那香,10,0,10,凱基-北門,2023-10-12,9283
2360,致茂,8,0,8,凱基-北門,2023-10-12,9283
3035,智原,45,37,8,凱基-北門,2023-10-12,9283
4904,遠傳,8,0,8,凱基-北門,2023-10-12,9283
00712,復華富時不動產,17,10,7,凱基-北門,2023-10-12,9283
3055,蔚華科,7,0,7,凱基-北門,2023-10-12,9283
3078,僑威,8,1,7,凱基-北門,2023-10-12,9283
9105,泰金寶-DR,6,0,6,凱基-北門,2023-10-12,9283
2305,全友,6,0,6,凱基-北門,2023-10-12,9283
2356,英業達,6,0,6,凱基-北門,2023-10-12,9283
2538,基泰,6,0,6,凱基-北門,2023-10-12,9283
3552,同致,6,0,6,凱基-北門,2023-10-12,9283
00671R,富邦NASDAQ反1,5,0,5,凱基-北門,2023-10-12,9283
00633L,富邦上証正2,5,0,5,凱基-北門,2023-10-12,9283
00720B,元大投資級公司債,5,0,5,凱基-北門,2023-10-12,9283
3661,世芯-KY,7,2,5,凱基-北門,2023-10-12,9283
4129,聯合,6,1,5,凱基-北門,2023-10-12,9283
6015,宏遠證,5,0,5,凱基-北門,2023-10-12,9283
6269,台郡,5,0,5,凱基-北門,2023-10-12,9283
9927,泰銘,7,2,5,凱基-北門,2023-10-12,9283
1339,昭輝,5,0,5,凱基-北門,2023-10-12,9283
2027,大成鋼,5,1,4,凱基-北門,2023-10-12,9283
3374,精材,5,1,4,凱基-北門,2023-10-12,9283
00753L,中信中國50正2,5,1,4,凱基-北門,2023-10-12,9283
1402,遠東新,4,0,4,凱基-北門,2023-10-12,9283
1907,永豐餘,9,5,4,凱基-北門,2023-10-12,9283
2892,第一金,4,0,4,凱基-北門,2023-10-12,9283
3236,千如,4,0,4,凱基-北門,2023-10-12,9283
6515,穎崴,4,0,4,凱基-北門,2023-10-12,9283
6585,鼎基,4,0,4,凱基-北門,2023-10-12,9283
9904,寶成,4,0,4,凱基-北門,2023-10-12,9283
1514,亞力,7,4,3,凱基-北門,2023-10-12,9283
1524,耿鼎,5,2,3,凱基-北門,2023-10-12,9283
2606,裕民,3,0,3,凱基-北門,2023-10-12,9283
2609,陽明,7,4,3,凱基-北門,2023-10-12,9283
3013,晟銘電,6,3,3,凱基-北門,2023-10-12,9283
3149,正達,3,0,3,凱基-北門,2023-10-12,9283
00715L,期街口布蘭特正2,99,0,99,凱基-北門,2023-10-13,9283
1319,東陽,52,1,51,凱基-北門,2023-10-13,9283
5426,振發,30,0,30,凱基-北門,2023-10-13,9283
5452,佶優,30,0,30,凱基-北門,2023-10-13,9283
00878,國泰永續高股息,32,3,29,凱基-北門,2023-10-13,9283
2881,富邦金,27,0,27,凱基-北門,2023-10-13,9283
1522,堤維西,20,0,20,凱基-北門,2023-10-13,9283
8996,高力,20,0,20,凱基-北門,2023-10-13,9283
00687B,國泰20年美債,18,0,18,凱基-北門,2023-10-13,9283
3715,定穎投控,45,28,17,凱基-北門,2023-10-13,9283
2363,矽統,181,165,16,凱基-北門,2023-10-13,9283
3481,群創,20,4,16,凱基-北門,2023-10-13,9283
00919,群益台灣精選高息,15,0,15,凱基-北門,2023-10-13,9283
00720B,元大投資級公司債,15,0,15,凱基-北門,2023-10-13,9283
00712,復華富時不動產,15,0,15,凱基-北門,2023-10-13,9283
1718,中纖,13,0,13,凱基-北門,2023-10-13,9283
3006,晶豪科,27,14,13,凱基-北門,2023-10-13,9283
2340,台亞,12,0,12,凱基-北門,2023-10-13,9283
2618,長榮航,12,0,12,凱基-北門,2023-10-13,9283
0056,元大高股息,14,3,11,凱基-北門,2023-10-13,9283
00931B,統一美債20年,11,0,11,凱基-北門,2023-10-13,9283
1339,昭輝,11,0,11,凱基-北門,2023-10-13,9283
2886,兆豐金,13,2,11,凱基-北門,2023-10-13,9283
6472,保瑞,11,0,11,凱基-北門,2023-10-13,9283
2461,光群雷,10,0,10,凱基-北門,2023-10-13,9283
2486,一詮,13,3,10,凱基-北門,2023-10-13,9283
3078,僑威,12,2,10,凱基-北門,2023-10-13,9283
3450,聯鈞,12,2,10,凱基-北門,2023-10-13,9283
3661,世芯-KY,10,0,10,凱基-北門,2023-10-13,9283
4533,協易機,10,0,10,凱基-北門,2023-10-13,9283
6508,惠光,10,0,10,凱基-北門,2023-10-13,9283
1504,東元,10,1,9,凱基-北門,2023-10-13,9283
3231,緯創,20,11,9,凱基-北門,2023-10-13,9283
8093,保銳,8,0,8,凱基-北門,2023-10-13,9283
1905,華紙,14,7,7,凱基-北門,2023-10-13,9283
2913,農林,7,0,7,凱基-北門,2023-10-13,9283
3583,辛耘,7,0,7,凱基-北門,2023-10-13,9283
2330,台積電,30,24,6,凱基-北門,2023-10-13,9283
00679B,元大美債20年,11,5,6,凱基-北門,2023-10-13,9283
2344,華邦電,6,0,6,凱基-北門,2023-10-13,9283
2301,光寶科,14,8,6,凱基-北門,2023-10-13,9283
2892,第一金,5,0,5,凱基-北門,2023-10-13,9283
2888,新光金,6,1,5,凱基-北門,2023-10-13,9283
00882,中信中國高股息,5,0,5,凱基-北門,2023-10-13,9283
00929,復華台灣科技優息,12,7,5,凱基-北門,2023-10-13,9283
00632R,元大台灣50反1,5,0,5,凱基-北門,2023-10-13,9283
2329,華泰,6,1,5,凱基-北門,2023-10-13,9283
3015,全漢,5,0,5,凱基-北門,2023-10-13,9283
3217,優群,5,0,5,凱基-北門,2023-10-13,9283
6112,邁達特,6,1,5,凱基-北門,2023-10-13,9283
0056,元大高股息,88,0,88,凱基-北門,2023-10-16,9283
5426,振發,40,0,40,凱基-北門,2023-10-16,9283
1442,名軒,38,0,38,凱基-北門,2023-10-16,9283
00673R,期元大S＆P原油反1,35,0,35,凱基-北門,2023-10-16,9283
6274,台燿,35,2,33,凱基-北門,2023-10-16,9283
2883,凱基金,27,0,27,凱基-北門,2023-10-16,9283
00929,復華台灣科技優息,25,0,25,凱基-北門,2023-10-16,9283
2382,廣達,30,7,23,凱基-北門,2023-10-16,9283
00712,復華富時不動產,24,3,21,凱基-北門,2023-10-16,9283
3217,優群,21,0,21,凱基-北門,2023-10-16,9283
2887,台新金,20,0,20,凱基-北門,2023-10-16,9283
2330,台積電,20,0,20,凱基-北門,2023-10-16,9283
1605,華新,16,0,16,凱基-北門,2023-10-16,9283
2344,華邦電,76,60,16,凱基-北門,2023-10-16,9283
3260,威剛,16,1,15,凱基-北門,2023-10-16,9283
6179,亞通,15,0,15,凱基-北門,2023-10-16,9283
3006,晶豪科,19,5,14,凱基-北門,2023-10-16,9283
8088,品安,16,2,14,凱基-北門,2023-10-16,9283
2486,一詮,12,0,12,凱基-北門,2023-10-16,9283
6235,華孚,12,0,12,凱基-北門,2023-10-16,9283
00919,群益台灣精選高息,11,0,11,凱基-北門,2023-10-16,9283
2409,友達,11,0,11,凱基-北門,2023-10-16,9283
3346,麗清,13,2,11,凱基-北門,2023-10-16,9283
00720B,元大投資級公司債,10,0,10,凱基-北門,2023-10-16,9283
2461,光群雷,10,0,10,凱基-北門,2023-10-16,9283
3481,群創,10,0,10,凱基-北門,2023-10-16,9283
6139,亞翔,14,4,10,凱基-北門,2023-10-16,9283
2618,長榮航,16,7,9,凱基-北門,2023-10-16,9283
4564,元翎,10,1,9,凱基-北門,2023-10-16,9283
3363,上詮,11,4,7,凱基-北門,2023-10-16,9283
3706,神達,7,0,7,凱基-北門,2023-10-16,9283
8996,高力,6,0,6,凱基-北門,2023-10-16,9283
1609,大亞,6,0,6,凱基-北門,2023-10-16,9283
1714,和桐,6,0,6,凱基-北門,2023-10-16,9283
3443,創意,8,2,6,凱基-北門,2023-10-16,9283
6209,今國光,6,0,6,凱基-北門,2023-10-16,9283
00878,國泰永續高股息,8,2,6,凱基-北門,2023-10-16,9283
8261,富鼎,5,0,5,凱基-北門,2023-10-16,9283
00918,大華優利高填息30,10,5,5,凱基-北門,2023-10-16,9283
1907,永豐餘,5,0,5,凱基-北門,2023-10-16,9283
2201,裕隆,16,11,5,凱基-北門,2023-10-16,9283
2630,亞航,5,0,5,凱基-北門,2023-10-16,9283
4562,穎漢,5,0,5,凱基-北門,2023-10-16,9283
6442,光聖,5,0,5,凱基-北門,2023-10-16,9283
8429,金麗-KY,11,6,5,凱基-北門,2023-10-16,9283
3231,緯創,14,9,5,凱基-北門,2023-10-16,9283
6158,禾昌,5,1,4,凱基-北門,2023-10-16,9283
00675L,富邦臺灣加權正2,4,0,4,凱基-北門,2023-10-16,9283
1319,東陽,10,6,4,凱基-北門,2023-10-16,9283
2002,中鋼,4,0,4,凱基-北門,2023-10-16,9283
2409,友達,212,0,212,凱基-北門,2023-10-17,9283
2344,華邦電,149,1,148,凱基-北門,2023-10-17,9283
00715L,期街口布蘭特正2,113,8,105,凱基-北門,2023-10-17,9283
3032,偉訓,42,1,41,凱基-北門,2023-10-17,9283
00929,復華台灣科技優息,36,4,32,凱基-北門,2023-10-17,9283
1504,東元,32,0,32,凱基-北門,2023-10-17,9283
3021,鴻名,30,0,30,凱基-北門,2023-10-17,9283
2883,凱基金,27,2,25,凱基-北門,2023-10-17,9283
3715,定穎投控,23,3,20,凱基-北門,2023-10-17,9283
8930,青鋼,20,0,20,凱基-北門,2023-10-17,9283
00720B,元大投資級公司債,17,0,17,凱基-北門,2023-10-17,9283
2614,東森,16,0,16,凱基-北門,2023-10-17,9283
2618,長榮航,15,1,14,凱基-北門,2023-10-17,9283
1609,大亞,13,0,13,凱基-北門,2023-10-17,9283
00931B,統一美債20年,12,0,12,凱基-北門,2023-10-17,9283
2352,佳世達,22,10,12,凱基-北門,2023-10-17,9283
6125,廣運,11,0,11,凱基-北門,2023-10-17,9283
00878,國泰永續高股息,11,1,10,凱基-北門,2023-10-17,9283
1710,東聯,10,0,10,凱基-北門,2023-10-17,9283
00632R,元大台灣50反1,20,10,10,凱基-北門,2023-10-17,9283
00725B,國泰投資級公司債,10,0,10,凱基-北門,2023-10-17,9283
1526,日馳,10,0,10,凱基-北門,2023-10-17,9283
2312,金寶,10,0,10,凱基-北門,2023-10-17,9283
3231,緯創,25,17,8,凱基-北門,2023-10-17,9283
2498,宏達電,8,0,8,凱基-北門,2023-10-17,9283
00751B,元大AAA至A公司債,7,0,7,凱基-北門,2023-10-17,9283
3501,維熹,7,0,7,凱基-北門,2023-10-17,9283
2881,富邦金,6,0,6,凱基-北門,2023-10-17,9283
00919,群益台灣精選高息,6,0,6,凱基-北門,2023-10-17,9283
2939,永邑-KY,6,0,6,凱基-北門,2023-10-17,9283
3207,耀勝,6,0,6,凱基-北門,2023-10-17,9283
3234,光環,6,0,6,凱基-北門,2023-10-17,9283
6451,訊芯-KY,5,0,5,凱基-北門,2023-10-17,9283
00687B,國泰20年美債,5,0,5,凱基-北門,2023-10-17,9283
2610,華航,5,0,5,凱基-北門,2023-10-17,9283
2912,統一超,5,0,5,凱基-北門,2023-10-17,9283
3006,晶豪科,9,4,5,凱基-北門,2023-10-17,9283
8176,智捷,5,0,5,凱基-北門,2023-10-17,9283
9934,成霖,5,0,5,凱基-北門,2023-10-17,9283
00679B,元大美債20年,5,1,4,凱基-北門,2023-10-17,9283
2376,技嘉,7,3,4,凱基-北門,2023-10-17,9283
2425,承啟,5,1,4,凱基-北門,2023-10-17,9283
2453,凌群,4,0,4,凱基-北門,2023-10-17,9283
3276,宇環,4,0,4,凱基-北門,2023-10-17,9283
4142,國光生,4,0,4,凱基-北門,2023-10-17,9283
4564,元翎,9,5,4,凱基-北門,2023-10-17,9283
8086,宏捷科,4,0,4,凱基-北門,2023-10-17,9283
2816,旺旺保,5,1,4,凱基-北門,2023-10-17,9283
5880,合庫金,4,0,4,凱基-北門,2023-10-17,9283
2634,漢翔,3,0,3,凱基-北門,2023-10-17,9283
00878,國泰永續高股息,161,11,150,凱基-北門,2023-10-18,9283
0056,元大高股息,99,0,99,凱基-北門,2023-10-18,9283
00929,復華台灣科技優息,70,0,70,凱基-北門,2023-10-18,9283
2369,菱生,52,4,48,凱基-北門,2023-10-18,9283
2002,中鋼,43,3,40,凱基-北門,2023-10-18,9283
00919,群益台灣精選高息,33,0,33,凱基-北門,2023-10-18,9283
2330,台積電,30,3,27,凱基-北門,2023-10-18,9283
2888,新光金,21,0,21,凱基-北門,2023-10-18,9283
2881,富邦金,20,0,20,凱基-北門,2023-10-18,9283
00673R,期元大S＆P原油反1,20,0,20,凱基-北門,2023-10-18,9283
00671R,富邦NASDAQ反1,20,0,20,凱基-北門,2023-10-18,9283
6168,宏齊,30,10,20,凱基-北門,2023-10-18,9283
3260,威剛,23,7,16,凱基-北門,2023-10-18,9283
2891,中信金,20,5,15,凱基-北門,2023-10-18,9283
2409,友達,12,1,11,凱基-北門,2023-10-18,9283
6274,台燿,11,1,10,凱基-北門,2023-10-18,9283
00903,富邦元宇宙,10,0,10,凱基-北門,2023-10-18,9283
2498,宏達電,13,3,10,凱基-北門,2023-10-18,9283
3021,鴻名,10,0,10,凱基-北門,2023-10-18,9283
3217,優群,10,0,10,凱基-北門,2023-10-18,9283
1319,東陽,16,7,9,凱基-北門,2023-10-18,9283
2382,廣達,14,6,8,凱基-北門,2023-10-18,9283
3545,敦泰,8,0,8,凱基-北門,2023-10-18,9283
6112,邁達特,8,0,8,凱基-北門,2023-10-18,9283
9946,三發地產,8,0,8,凱基-北門,2023-10-18,9283
2340,台亞,9,2,7,凱基-北門,2023-10-18,9283
2483,百容,7,0,7,凱基-北門,2023-10-18,9283
3013,晟銘電,8,1,7,凱基-北門,2023-10-18,9283
4564,元翎,7,0,7,凱基-北門,2023-10-18,9283
6209,今國光,7,0,7,凱基-北門,2023-10-18,9283
6235,華孚,7,0,7,凱基-北門,2023-10-18,9283
00720B,元大投資級公司債,6,0,6,凱基-北門,2023-10-18,9283
00922,國泰台灣領袖50,6,0,6,凱基-北門,2023-10-18,9283
00915,凱基優選高股息30,6,0,6,凱基-北門,2023-10-18,9283
00687B,國泰20年美債,6,0,6,凱基-北門,2023-10-18,9283
1584,精剛,5,0,5,凱基-北門,2023-10-18,9283
00882,中信中國高股息,5,0,5,凱基-北門,2023-10-18,9283
00900,富邦特選高股息30,5,0,5,凱基-北門,2023-10-18,9283
1609,大亞,5,0,5,凱基-北門,2023-10-18,9283
2486,一詮,6,1,5,凱基-北門,2023-10-18,9283
3027,盛達,5,0,5,凱基-北門,2023-10-18,9283
6449,鈺邦,5,0,5,凱基-北門,2023-10-18,9283
8908,欣雄,5,0,5,凱基-北門,2023-10-18,9283
2303,聯電,24,19,5,凱基-北門,2023-10-18,9283
5439,高技,6,2,4,凱基-北門,2023-10-18,9283
00773B,中信優先金融債,4,0,4,凱基-北門,2023-10-18,9283
00635U,期元大S＆P黃金,4,0,4,凱基-北門,2023-10-18,9283
1303,南亞,4,0,4,凱基-北門,2023-10-18,9283
1314,中石化,10,6,4,凱基-北門,2023-10-18,9283
2538,基泰,4,0,4,凱基-北門,2023-10-18,9283
0056,元大高股息,92,36,56,凱基-北門,2023-10-19,9283
00637L,元大滬深300正2,56,0,56,凱基-北門,2023-10-19,9283
00929,復華台灣科技優息,49,8,41,凱基-北門,2023-10-19,9283
1609,大亞,40,0,40,凱基-北門,2023-10-19,9283
1101,台泥,34,1,33,凱基-北門,2023-10-19,9283
00931B,統一美債20年,27,0,27,凱基-北門,2023-10-19,9283
6148,驊宏資,22,0,22,凱基-北門,2023-10-19,9283
00679B,元大美債20年,21,0,21,凱基-北門,2023-10-19,9283
00720B,元大投資級公司債,21,0,21,凱基-北門,2023-10-19,9283
1718,中纖,20,0,20,凱基-北門,2023-10-19,9283
1319,東陽,25,6,19,凱基-北門,2023-10-19,9283
2344,華邦電,16,1,15,凱基-北門,2023-10-19,9283
00751B,元大AAA至A公司債,14,0,14,凱基-北門,2023-10-19,9283
3715,定穎投控,70,57,13,凱基-北門,2023-10-19,9283
2483,百容,13,0,13,凱基-北門,2023-10-19,9283
2534,宏盛,13,0,13,凱基-北門,2023-10-19,9283
3094,聯傑,22,9,13,凱基-北門,2023-10-19,9283
2317,鴻海,12,0,12,凱基-北門,2023-10-19,9283
6443,元晶,11,0,11,凱基-北門,2023-10-19,9283
1504,東元,11,0,11,凱基-北門,2023-10-19,9283
3624,光頡,10,0,10,凱基-北門,2023-10-19,9283
00918,大華優利高填息30,10,0,10,凱基-北門,2023-10-19,9283
00665L,富邦�琤肭磪囓�2,10,0,10,凱基-北門,2023-10-19,9283
00719B,元大美債1-3,10,0,10,凱基-北門,2023-10-19,9283
00753L,中信中國50正2,10,0,10,凱基-北門,2023-10-19,9283
1760,寶齡富錦,10,0,10,凱基-北門,2023-10-19,9283
00772B,中信高評級公司債,9,0,9,凱基-北門,2023-10-19,9283
6113,亞矽,13,4,9,凱基-北門,2023-10-19,9283
00773B,中信優先金融債,7,0,7,凱基-北門,2023-10-19,9283
00712,復華富時不動產,9,2,7,凱基-北門,2023-10-19,9283
1340,勝悅-KY,7,1,6,凱基-北門,2023-10-19,9283
3714,富采,6,0,6,凱基-北門,2023-10-19,9283
2884,玉山金,5,0,5,凱基-北門,2023-10-19,9283
00646,元大S＆P500,5,0,5,凱基-北門,2023-10-19,9283
00919,群益台灣精選高息,5,0,5,凱基-北門,2023-10-19,9283
2355,敬鵬,5,0,5,凱基-北門,2023-10-19,9283
2401,凌陽,5,0,5,凱基-北門,2023-10-19,9283
2498,宏達電,5,0,5,凱基-北門,2023-10-19,9283
2501,國建,5,0,5,凱基-北門,2023-10-19,9283
3419,譁裕,5,0,5,凱基-北門,2023-10-19,9283
5225,東科-KY,5,0,5,凱基-北門,2023-10-19,9283
5321,美而快,5,0,5,凱基-北門,2023-10-19,9283
00922,國泰台灣領袖50,4,0,4,凱基-北門,2023-10-19,9283
1513,中興電,4,0,4,凱基-北門,2023-10-19,9283
00687B,國泰20年美債,4,0,4,凱基-北門,2023-10-19,9283
5272,笙科,8,4,4,凱基-北門,2023-10-19,9283
6290,良維,5,1,4,凱基-北門,2023-10-19,9283
3037,欣興,4,0,4,凱基-北門,2023-10-19,9283
3231,緯創,25,22,3,凱基-北門,2023-10-19,9283
9945,潤泰新,3,0,3,凱基-北門,2023-10-19,9283
00680L,元大美債20正2,242,105,137,凱基-北門,2023-10-20,9283
00712,復華富時不動產,126,0,126,凱基-北門,2023-10-20,9283
2885,元大金,91,0,91,凱基-北門,2023-10-20,9283
1319,東陽,89,6,83,凱基-北門,2023-10-20,9283
00929,復華台灣科技優息,53,0,53,凱基-北門,2023-10-20,9283
00878,國泰永續高股息,54,4,50,凱基-北門,2023-10-20,9283
0056,元大高股息,47,10,37,凱基-北門,2023-10-20,9283
2886,兆豐金,38,3,35,凱基-北門,2023-10-20,9283
00673R,期元大S＆P原油反1,31,0,31,凱基-北門,2023-10-20,9283
2353,宏��,32,2,30,凱基-北門,2023-10-20,9283
2409,友達,73,43,30,凱基-北門,2023-10-20,9283
2002,中鋼,21,0,21,凱基-北門,2023-10-20,9283
6443,元晶,21,0,21,凱基-北門,2023-10-20,9283
5426,振發,20,1,19,凱基-北門,2023-10-20,9283
1101,台泥,17,0,17,凱基-北門,2023-10-20,9283
2915,潤泰全,15,0,15,凱基-北門,2023-10-20,9283
2204,中華,14,0,14,凱基-北門,2023-10-20,9283
2880,華南金,13,0,13,凱基-北門,2023-10-20,9283
2883,凱基金,13,0,13,凱基-北門,2023-10-20,9283
8908,欣雄,13,0,13,凱基-北門,2023-10-20,9283
00900,富邦特選高股息30,13,1,12,凱基-北門,2023-10-20,9283
6148,驊宏資,12,0,12,凱基-北門,2023-10-20,9283
00687B,國泰20年美債,11,0,11,凱基-北門,2023-10-20,9283
2027,大成鋼,11,0,11,凱基-北門,2023-10-20,9283
1434,福懋,10,0,10,凱基-北門,2023-10-20,9283
1605,華新,10,0,10,凱基-北門,2023-10-20,9283
4167,松瑞藥,10,0,10,凱基-北門,2023-10-20,9283
2483,百容,9,0,9,凱基-北門,2023-10-20,9283
2344,華邦電,8,0,8,凱基-北門,2023-10-20,9283
6187,萬潤,11,3,8,凱基-北門,2023-10-20,9283
00893,國泰智能電動車,7,0,7,凱基-北門,2023-10-20,9283
2417,圓剛,8,2,6,凱基-北門,2023-10-20,9283
2610,華航,7,1,6,凱基-北門,2023-10-20,9283
6235,華孚,6,0,6,凱基-北門,2023-10-20,9283
9904,寶成,6,0,6,凱基-北門,2023-10-20,9283
9105,泰金寶-DR,6,0,6,凱基-北門,2023-10-20,9283
2884,玉山金,9,3,6,凱基-北門,2023-10-20,9283
00751B,元大AAA至A公司債,5,0,5,凱基-北門,2023-10-20,9283
2305,全友,5,0,5,凱基-北門,2023-10-20,9283
2349,錸德,5,0,5,凱基-北門,2023-10-20,9283
2498,宏達電,5,0,5,凱基-北門,2023-10-20,9283
2637,慧洋-KY,5,0,5,凱基-北門,2023-10-20,9283
2892,第一金,5,0,5,凱基-北門,2023-10-20,9283
2912,統一超,5,0,5,凱基-北門,2023-10-20,9283
3228,金麗科,5,0,5,凱基-北門,2023-10-20,9283
3346,麗清,7,2,5,凱基-北門,2023-10-20,9283
3363,上詮,5,0,5,凱基-北門,2023-10-20,9283
3419,譁裕,5,0,5,凱基-北門,2023-10-20,9283
3481,群創,5,0,5,凱基-北門,2023-10-20,9283
5880,合庫金,5,0,5,凱基-北門,2023-10-20,9283
2888,新光金,504,0,504,凱基-北門,2023-10-23,9283
2409,友達,223,10,213,凱基-北門,2023-10-23,9283
2885,元大金,123,0,123,凱基-北門,2023-10-23,9283
1711,永光,69,5,64,凱基-北門,2023-10-23,9283
00712,復華富時不動產,54,0,54,凱基-北門,2023-10-23,9283
00929,復華台灣科技優息,49,1,48,凱基-北門,2023-10-23,9283
1101,台泥,41,0,41,凱基-北門,2023-10-23,9283
00878,國泰永續高股息,38,0,38,凱基-北門,2023-10-23,9283
2344,華邦電,31,0,31,凱基-北門,2023-10-23,9283
2317,鴻海,26,0,26,凱基-北門,2023-10-23,9283
00919,群益台灣精選高息,26,0,26,凱基-北門,2023-10-23,9283
1319,東陽,26,0,26,凱基-北門,2023-10-23,9283
2883,凱基金,22,0,22,凱基-北門,2023-10-23,9283
2444,兆勁,20,0,20,凱基-北門,2023-10-23,9283
2736,富野,20,0,20,凱基-北門,2023-10-23,9283
2330,台積電,18,0,18,凱基-北門,2023-10-23,9283
0056,元大高股息,18,0,18,凱基-北門,2023-10-23,9283
1591,駿吉-KY,16,0,16,凱基-北門,2023-10-23,9283
3051,力特,31,17,14,凱基-北門,2023-10-23,9283
00679B,元大美債20年,14,1,13,凱基-北門,2023-10-23,9283
8908,欣雄,13,0,13,凱基-北門,2023-10-23,9283
2402,毅嘉,18,5,13,凱基-北門,2023-10-23,9283
5009,榮剛,12,0,12,凱基-北門,2023-10-23,9283
1815,富喬,11,0,11,凱基-北門,2023-10-23,9283
00882,中信中國高股息,11,0,11,凱基-北門,2023-10-23,9283
2201,裕隆,11,1,10,凱基-北門,2023-10-23,9283
00897,富邦基因免疫生技,10,0,10,凱基-北門,2023-10-23,9283
3032,偉訓,10,0,10,凱基-北門,2023-10-23,9283
00751B,元大AAA至A公司債,9,0,9,凱基-北門,2023-10-23,9283
2891,中信金,13,5,8,凱基-北門,2023-10-23,9283
1785,光洋科,18,10,8,凱基-北門,2023-10-23,9283
00931B,統一美債20年,7,0,7,凱基-北門,2023-10-23,9283
2379,瑞昱,8,1,7,凱基-北門,2023-10-23,9283
2002,中鋼,6,0,6,凱基-北門,2023-10-23,9283
00773B,中信優先金融債,6,0,6,凱基-北門,2023-10-23,9283
2618,長榮航,13,7,6,凱基-北門,2023-10-23,9283
2462,良得電,5,0,5,凱基-北門,2023-10-23,9283
6139,亞翔,11,6,5,凱基-北門,2023-10-23,9283
6901,鑽石投資,5,0,5,凱基-北門,2023-10-23,9283
3041,揚智,8,3,5,凱基-北門,2023-10-23,9283
3260,威剛,10,5,5,凱基-北門,2023-10-23,9283
3557,嘉威,5,0,5,凱基-北門,2023-10-23,9283
6156,松上,5,0,5,凱基-北門,2023-10-23,9283
2382,廣達,9,5,4,凱基-北門,2023-10-23,9283
00674R,期元大S＆P黃金反1,4,0,4,凱基-北門,2023-10-23,9283
00642U,期元大S＆P石油,4,0,4,凱基-北門,2023-10-23,9283
00671R,富邦NASDAQ反1,5,1,4,凱基-北門,2023-10-23,9283
2485,兆赫,4,0,4,凱基-北門,2023-10-23,9283
3323,加百裕,4,0,4,凱基-北門,2023-10-23,9283
6213,聯茂,5,1,4,凱基-北門,2023-10-23,9283
00929,復華台灣科技優息,50,0,50,凱基-北門,2023-10-24,9283
00680L,元大美債20正2,246,200,46,凱基-北門,2023-10-24,9283
00712,復華富時不動產,43,5,38,凱基-北門,2023-10-24,9283
2317,鴻海,31,2,29,凱基-北門,2023-10-24,9283
1319,東陽,24,0,24,凱基-北門,2023-10-24,9283
00655L,國泰中國A50正2,20,0,20,凱基-北門,2023-10-24,9283
2888,新光金,20,0,20,凱基-北門,2023-10-24,9283
2002,中鋼,14,0,14,凱基-北門,2023-10-24,9283
00878,國泰永續高股息,18,4,14,凱基-北門,2023-10-24,9283
2883,凱基金,13,0,13,凱基-北門,2023-10-24,9283
00720B,元大投資級公司債,10,0,10,凱基-北門,2023-10-24,9283
1785,光洋科,10,0,10,凱基-北門,2023-10-24,9283
1815,富喬,10,0,10,凱基-北門,2023-10-24,9283
2511,太子,10,0,10,凱基-北門,2023-10-24,9283
3035,智原,10,0,10,凱基-北門,2023-10-24,9283
6231,系微,13,3,10,凱基-北門,2023-10-24,9283
2344,華邦電,9,0,9,凱基-北門,2023-10-24,9283
8069,元太,9,0,9,凱基-北門,2023-10-24,9283
2368,金像電,11,2,9,凱基-北門,2023-10-24,9283
1711,永光,8,0,8,凱基-北門,2023-10-24,9283
3481,群創,15,7,8,凱基-北門,2023-10-24,9283
2324,仁寶,7,0,7,凱基-北門,2023-10-24,9283
2408,南亞科,7,0,7,凱基-北門,2023-10-24,9283
8908,欣雄,7,0,7,凱基-北門,2023-10-24,9283
2892,第一金,6,0,6,凱基-北門,2023-10-24,9283
1522,堤維西,10,4,6,凱基-北門,2023-10-24,9283
6158,禾昌,6,0,6,凱基-北門,2023-10-24,9283
6712,長聖,6,0,6,凱基-北門,2023-10-24,9283
1582,信錦,5,0,5,凱基-北門,2023-10-24,9283
2801,彰銀,5,0,5,凱基-北門,2023-10-24,9283
00633L,富邦上証正2,5,0,5,凱基-北門,2023-10-24,9283
0056,元大高股息,17,12,5,凱基-北門,2023-10-24,9283
2412,中華電,5,0,5,凱基-北門,2023-10-24,9283
2610,華航,6,1,5,凱基-北門,2023-10-24,9283
2891,中信金,5,0,5,凱基-北門,2023-10-24,9283
3048,益登,5,0,5,凱基-北門,2023-10-24,9283
6443,元晶,5,0,5,凱基-北門,2023-10-24,9283
6550,北極星藥業-KY,5,0,5,凱基-北門,2023-10-24,9283
6770,力積電,4,0,4,凱基-北門,2023-10-24,9283
5471,松翰,4,0,4,凱基-北門,2023-10-24,9283
00642U,期元大S＆P石油,4,0,4,凱基-北門,2023-10-24,9283
2006,東和鋼鐵,4,0,4,凱基-北門,2023-10-24,9283
2352,佳世達,4,0,4,凱基-北門,2023-10-24,9283
2458,義隆,5,1,4,凱基-北門,2023-10-24,9283
3122,笙泉,11,7,4,凱基-北門,2023-10-24,9283
4915,致伸,6,2,4,凱基-北門,2023-10-24,9283
6577,勁豐,4,0,4,凱基-北門,2023-10-24,9283
0050,元大台灣50,3,0,3,凱基-北門,2023-10-24,9283
3260,威剛,18,15,3,凱基-北門,2023-10-24,9283
5880,合庫金,3,0,3,凱基-北門,2023-10-24,9283
2885,元大金,52,0,52,凱基-北門,2023-10-25,9283
00878,國泰永續高股息,50,0,50,凱基-北門,2023-10-25,9283
00680L,元大美債20正2,46,0,46,凱基-北門,2023-10-25,9283
00688L,國泰20年美債正2,40,0,40,凱基-北門,2023-10-25,9283
4533,協易機,36,0,36,凱基-北門,2023-10-25,9283
2025,千興,25,0,25,凱基-北門,2023-10-25,9283
8390,金益鼎,20,0,20,凱基-北門,2023-10-25,9283
00751B,元大AAA至A公司債,16,0,16,凱基-北門,2023-10-25,9283
9105,泰金寶-DR,15,0,15,凱基-北門,2023-10-25,9283
00772B,中信高評級公司債,13,0,13,凱基-北門,2023-10-25,9283
8908,欣雄,13,0,13,凱基-北門,2023-10-25,9283
2317,鴻海,13,1,12,凱基-北門,2023-10-25,9283
2402,毅嘉,11,0,11,凱基-北門,2023-10-25,9283
6125,廣運,11,0,11,凱基-北門,2023-10-25,9283
0056,元大高股息,16,6,10,凱基-北門,2023-10-25,9283
2330,台積電,11,1,10,凱基-北門,2023-10-25,9283
1711,永光,12,2,10,凱基-北門,2023-10-25,9283
2820,華票,10,0,10,凱基-北門,2023-10-25,9283
9919,康那香,10,0,10,凱基-北門,2023-10-25,9283
3035,智原,17,9,8,凱基-北門,2023-10-25,9283
3231,緯創,21,14,7,凱基-北門,2023-10-25,9283
3715,定穎投控,54,47,7,凱基-北門,2023-10-25,9283
1514,亞力,20,13,7,凱基-北門,2023-10-25,9283
020034,元大IC設計N,7,0,7,凱基-北門,2023-10-25,9283
3437,榮創,7,0,7,凱基-北門,2023-10-25,9283
00900,富邦特選高股息30,6,0,6,凱基-北門,2023-10-25,9283
00642U,期元大S＆P石油,6,0,6,凱基-北門,2023-10-25,9283
2610,華航,6,0,6,凱基-北門,2023-10-25,9283
6104,創惟,7,1,6,凱基-北門,2023-10-25,9283
6117,迎廣,14,8,6,凱基-北門,2023-10-25,9283
00646,元大S＆P500,5,0,5,凱基-北門,2023-10-25,9283
00720B,元大投資級公司債,5,0,5,凱基-北門,2023-10-25,9283
1319,東陽,6,1,5,凱基-北門,2023-10-25,9283
1603,華電,5,0,5,凱基-北門,2023-10-25,9283
2912,統一超,5,0,5,凱基-北門,2023-10-25,9283
4126,太醫,5,0,5,凱基-北門,2023-10-25,9283
6179,亞通,5,0,5,凱基-北門,2023-10-25,9283
2344,華邦電,5,1,4,凱基-北門,2023-10-25,9283
2419,仲琦,4,0,4,凱基-北門,2023-10-25,9283
2609,陽明,6,2,4,凱基-北門,2023-10-25,9283
2834,臺企銀,4,0,4,凱基-北門,2023-10-25,9283
2886,兆豐金,4,0,4,凱基-北門,2023-10-25,9283
3526,凡甲,4,0,4,凱基-北門,2023-10-25,9283
3552,同致,4,0,4,凱基-北門,2023-10-25,9283
4906,正文,4,0,4,凱基-北門,2023-10-25,9283
5464,霖宏,4,0,4,凱基-北門,2023-10-25,9283
6446,藥華藥,5,1,4,凱基-北門,2023-10-25,9283
6541,泰福-KY,10,6,4,凱基-北門,2023-10-25,9283
8110,華東,6,2,4,凱基-北門,2023-10-25,9283
1101,台泥,4,0,4,凱基-北門,2023-10-25,9283
00671R,富邦NASDAQ反1,102,0,102,凱基-北門,2023-10-26,9283
00929,復華台灣科技優息,82,2,80,凱基-北門,2023-10-26,9283
1718,中纖,50,0,50,凱基-北門,2023-10-26,9283
00712,復華富時不動產,41,0,41,凱基-北門,2023-10-26,9283
3715,定穎投控,43,20,23,凱基-北門,2023-10-26,9283
8908,欣雄,18,0,18,凱基-北門,2023-10-26,9283
2303,聯電,19,2,17,凱基-北門,2023-10-26,9283
6229,研通,17,0,17,凱基-北門,2023-10-26,9283
2883,凱基金,16,0,16,凱基-北門,2023-10-26,9283
00665L,富邦�琤肭磪囓�2,15,1,14,凱基-北門,2023-10-26,9283
00919,群益台灣精選高息,13,0,13,凱基-北門,2023-10-26,9283
00878,國泰永續高股息,43,30,13,凱基-北門,2023-10-26,9283
1319,東陽,14,1,13,凱基-北門,2023-10-26,9283
2892,第一金,12,0,12,凱基-北門,2023-10-26,9283
2405,輔信,17,5,12,凱基-北門,2023-10-26,9283
1339,昭輝,13,1,12,凱基-北門,2023-10-26,9283
2409,友達,12,0,12,凱基-北門,2023-10-26,9283
8390,金益鼎,11,0,11,凱基-北門,2023-10-26,9283
1905,華紙,13,2,11,凱基-北門,2023-10-26,9283
2408,南亞科,11,0,11,凱基-北門,2023-10-26,9283
2891,中信金,10,0,10,凱基-北門,2023-10-26,9283
1303,南亞,10,0,10,凱基-北門,2023-10-26,9283
1326,台化,10,0,10,凱基-北門,2023-10-26,9283
2356,英業達,10,0,10,凱基-北門,2023-10-26,9283
2887,台新金,10,0,10,凱基-北門,2023-10-26,9283
2903,遠百,10,0,10,凱基-北門,2023-10-26,9283
6148,驊宏資,10,0,10,凱基-北門,2023-10-26,9283
6830,汎銓,10,0,10,凱基-北門,2023-10-26,9283
9950,萬國通,10,0,10,凱基-北門,2023-10-26,9283
0050,元大台灣50,8,0,8,凱基-北門,2023-10-26,9283
6550,北極星藥業-KY,8,0,8,凱基-北門,2023-10-26,9283
6684,安格,10,2,8,凱基-北門,2023-10-26,9283
9105,泰金寶-DR,8,1,7,凱基-北門,2023-10-26,9283
3374,精材,8,1,7,凱基-北門,2023-10-26,9283
2344,華邦電,10,3,7,凱基-北門,2023-10-26,9283
3260,威剛,8,1,7,凱基-北門,2023-10-26,9283
8069,元太,7,0,7,凱基-北門,2023-10-26,9283
3013,晟銘電,7,0,7,凱基-北門,2023-10-26,9283
3346,麗清,6,0,6,凱基-北門,2023-10-26,9283
2330,台積電,5,0,5,凱基-北門,2023-10-26,9283
2886,兆豐金,5,0,5,凱基-北門,2023-10-26,9283
0056,元大高股息,61,56,5,凱基-北門,2023-10-26,9283
3706,神達,10,5,5,凱基-北門,2023-10-26,9283
4167,松瑞藥,5,0,5,凱基-北門,2023-10-26,9283
00932,兆豐永續高息等權,5,0,5,凱基-北門,2023-10-26,9283
00687B,國泰20年美債,5,0,5,凱基-北門,2023-10-26,9283
1603,華電,5,0,5,凱基-北門,2023-10-26,9283
3265,台星科,6,1,5,凱基-北門,2023-10-26,9283
3481,群創,5,0,5,凱基-北門,2023-10-26,9283
5347,世界,5,0,5,凱基-北門,2023-10-26,9283
00632R,元大台灣50反1,210,0,210,凱基-北門,2023-10-27,9283
3078,僑威,49,9,40,凱基-北門,2023-10-27,9283
00712,復華富時不動產,27,8,19,凱基-北門,2023-10-27,9283
00929,復華台灣科技優息,27,10,17,凱基-北門,2023-10-27,9283
00878,國泰永續高股息,15,0,15,凱基-北門,2023-10-27,9283
2352,佳世達,14,0,14,凱基-北門,2023-10-27,9283
2201,裕隆,13,0,13,凱基-北門,2023-10-27,9283
1319,東陽,11,0,11,凱基-北門,2023-10-27,9283
1434,福懋,10,0,10,凱基-北門,2023-10-27,9283
00772B,中信高評級公司債,10,0,10,凱基-北門,2023-10-27,9283
00751B,元大AAA至A公司債,10,0,10,凱基-北門,2023-10-27,9283
00720B,元大投資級公司債,10,0,10,凱基-北門,2023-10-27,9283
2915,潤泰全,10,0,10,凱基-北門,2023-10-27,9283
3363,上詮,12,2,10,凱基-北門,2023-10-27,9283
8908,欣雄,10,0,10,凱基-北門,2023-10-27,9283
2303,聯電,10,1,9,凱基-北門,2023-10-27,9283
2618,長榮航,12,3,9,凱基-北門,2023-10-27,9283
6111,大宇資,9,2,7,凱基-北門,2023-10-27,9283
2329,華泰,7,0,7,凱基-北門,2023-10-27,9283
3122,笙泉,20,13,7,凱基-北門,2023-10-27,9283
00919,群益台灣精選高息,6,0,6,凱基-北門,2023-10-27,9283
0056,元大高股息,6,0,6,凱基-北門,2023-10-27,9283
3276,宇環,13,7,6,凱基-北門,2023-10-27,9283
00715L,期街口布蘭特正2,6,0,6,凱基-北門,2023-10-27,9283
00900,富邦特選高股息30,6,0,6,凱基-北門,2023-10-27,9283
3346,麗清,6,0,6,凱基-北門,2023-10-27,9283
3231,緯創,27,21,6,凱基-北門,2023-10-27,9283
00931B,統一美債20年,5,0,5,凱基-北門,2023-10-27,9283
2486,一詮,5,0,5,凱基-北門,2023-10-27,9283
3032,偉訓,8,3,5,凱基-北門,2023-10-27,9283
6158,禾昌,5,0,5,凱基-北門,2023-10-27,9283
6188,廣明,5,0,5,凱基-北門,2023-10-27,9283
8085,福華,5,0,5,凱基-北門,2023-10-27,9283
9934,成霖,5,0,5,凱基-北門,2023-10-27,9283
1611,中電,4,0,4,凱基-北門,2023-10-27,9283
3260,威剛,5,1,4,凱基-北門,2023-10-27,9283
4164,承業醫,5,1,4,凱基-北門,2023-10-27,9283
4167,松瑞藥,5,1,4,凱基-北門,2023-10-27,9283
6216,居易,4,0,4,凱基-北門,2023-10-27,9283
8358,金居,4,0,4,凱基-北門,2023-10-27,9283
2002,中鋼,6,2,4,凱基-北門,2023-10-27,9283
2317,鴻海,3,0,3,凱基-北門,2023-10-27,9283
1522,堤維西,3,0,3,凱基-北門,2023-10-27,9283
1440,南紡,3,0,3,凱基-北門,2023-10-27,9283
2313,華通,10,7,3,凱基-北門,2023-10-27,9283
2408,南亞科,4,1,3,凱基-北門,2023-10-27,9283
2464,盟立,3,0,3,凱基-北門,2023-10-27,9283
3481,群創,4,1,3,凱基-北門,2023-10-27,9283
4130,健亞,5,2,3,凱基-北門,2023-10-27,9283
5258,虹堡,7,4,3,凱基-北門,2023-10-27,9283
2025,千興,74,0,74,凱基-北門,2023-10-30,9283
2317,鴻海,80,11,69,凱基-北門,2023-10-30,9283
0056,元大高股息,53,0,53,凱基-北門,2023-10-30,9283
2885,元大金,40,0,40,凱基-北門,2023-10-30,9283
00712,復華富時不動產,29,0,29,凱基-北門,2023-10-30,9283
2887,台新金,20,0,20,凱基-北門,2023-10-30,9283
4960,誠美材,15,1,14,凱基-北門,2023-10-30,9283
2409,友達,13,0,13,凱基-北門,2023-10-30,9283
8908,欣雄,13,0,13,凱基-北門,2023-10-30,9283
00878,國泰永續高股息,12,2,10,凱基-北門,2023-10-30,9283
1319,東陽,10,0,10,凱基-北門,2023-10-30,9283
00679B,元大美債20年,10,0,10,凱基-北門,2023-10-30,9283
1524,耿鼎,27,17,10,凱基-北門,2023-10-30,9283
2314,台揚,10,0,10,凱基-北門,2023-10-30,9283
2498,宏達電,13,3,10,凱基-北門,2023-10-30,9283
2913,農林,10,0,10,凱基-北門,2023-10-30,9283
5392,能率,10,0,10,凱基-北門,2023-10-30,9283
6113,亞矽,10,0,10,凱基-北門,2023-10-30,9283
2356,英業達,8,0,8,凱基-北門,2023-10-30,9283
2406,國碩,10,2,8,凱基-北門,2023-10-30,9283
2462,良得電,8,0,8,凱基-北門,2023-10-30,9283
006208,富邦台50,7,0,7,凱基-北門,2023-10-30,9283
00687B,國泰20年美債,7,0,7,凱基-北門,2023-10-30,9283
2610,華航,7,0,7,凱基-北門,2023-10-30,9283
2892,第一金,7,0,7,凱基-北門,2023-10-30,9283
1609,大亞,6,0,6,凱基-北門,2023-10-30,9283
2344,華邦電,6,0,6,凱基-北門,2023-10-30,9283
6569,醫揚,6,0,6,凱基-北門,2023-10-30,9283
8104,錸寶,6,0,6,凱基-北門,2023-10-30,9283
2886,兆豐金,6,0,6,凱基-北門,2023-10-30,9283
4167,松瑞藥,5,0,5,凱基-北門,2023-10-30,9283
00680L,元大美債20正2,5,0,5,凱基-北門,2023-10-30,9283
00720B,元大投資級公司債,5,0,5,凱基-北門,2023-10-30,9283
1568,倉佑,5,0,5,凱基-北門,2023-10-30,9283
1584,精剛,5,0,5,凱基-北門,2023-10-30,9283
1597,直得,5,0,5,凱基-北門,2023-10-30,9283
2303,聯電,5,0,5,凱基-北門,2023-10-30,9283
3041,揚智,6,1,5,凱基-北門,2023-10-30,9283
3441,聯一光,6,1,5,凱基-北門,2023-10-30,9283
3691,碩禾,5,0,5,凱基-北門,2023-10-30,9283
5203,訊連,5,0,5,凱基-北門,2023-10-30,9283
6541,泰福-KY,5,0,5,凱基-北門,2023-10-30,9283
3587,閎康,5,0,5,凱基-北門,2023-10-30,9283
00929,復華台灣科技優息,6,2,4,凱基-北門,2023-10-30,9283
2883,凱基金,4,0,4,凱基-北門,2023-10-30,9283
2330,台積電,5,1,4,凱基-北門,2023-10-30,9283
3715,定穎投控,40,36,4,凱基-北門,2023-10-30,9283
2464,盟立,4,0,4,凱基-北門,2023-10-30,9283
00919,群益台灣精選高息,4,0,4,凱基-北門,2023-10-30,9283
2905,三商,4,0,4,凱基-北門,2023-10-30,9283
00632R,元大台灣50反1,100,0,100,凱基-北門,2023-10-31,9283
00929,復華台灣科技優息,87,20,67,凱基-北門,2023-10-31,9283
0056,元大高股息,68,20,48,凱基-北門,2023-10-31,9283
5460,同協,40,0,40,凱基-北門,2023-10-31,9283
9945,潤泰新,40,0,40,凱基-北門,2023-10-31,9283
8908,欣雄,32,0,32,凱基-北門,2023-10-31,9283
2337,旺宏,29,0,29,凱基-北門,2023-10-31,9283
2029,盛餘,25,0,25,凱基-北門,2023-10-31,9283
00878,國泰永續高股息,21,1,20,凱基-北門,2023-10-31,9283
2344,華邦電,57,40,17,凱基-北門,2023-10-31,9283
00665L,富邦�琤肭磪囓�2,15,1,14,凱基-北門,2023-10-31,9283
1524,耿鼎,19,5,14,凱基-北門,2023-10-31,9283
2464,盟立,14,0,14,凱基-北門,2023-10-31,9283
2301,光寶科,19,6,13,凱基-北門,2023-10-31,9283
00893,國泰智能電動車,12,0,12,凱基-北門,2023-10-31,9283
00830,國泰費城半導體,12,0,12,凱基-北門,2023-10-31,9283
00715L,期街口布蘭特正2,12,0,12,凱基-北門,2023-10-31,9283
2483,百容,12,0,12,凱基-北門,2023-10-31,9283
2816,旺旺保,11,0,11,凱基-北門,2023-10-31,9283
00679B,元大美債20年,11,0,11,凱基-北門,2023-10-31,9283
00712,復華富時不動產,10,0,10,凱基-北門,2023-10-31,9283
6282,康舒,10,0,10,凱基-北門,2023-10-31,9283
2707,晶華,10,0,10,凱基-北門,2023-10-31,9283
2104,國際中橡,10,0,10,凱基-北門,2023-10-31,9283
2498,宏達電,10,0,10,凱基-北門,2023-10-31,9283
2880,華南金,10,0,10,凱基-北門,2023-10-31,9283
5880,合庫金,10,0,10,凱基-北門,2023-10-31,9283
6179,亞通,10,0,10,凱基-北門,2023-10-31,9283
00895,富邦未來車,10,1,9,凱基-北門,2023-10-31,9283
00642U,期元大S＆P石油,9,0,9,凱基-北門,2023-10-31,9283
2417,圓剛,11,2,9,凱基-北門,2023-10-31,9283
3567,逸昌,9,0,9,凱基-北門,2023-10-31,9283
3661,世芯-KY,10,1,9,凱基-北門,2023-10-31,9283
6550,北極星藥業-KY,9,0,9,凱基-北門,2023-10-31,9283
00882,中信中國高股息,8,0,8,凱基-北門,2023-10-31,9283
00921,兆豐龍頭等權重,7,0,7,凱基-北門,2023-10-31,9283
3013,晟銘電,10,3,7,凱基-北門,2023-10-31,9283
3189,景碩,7,0,7,凱基-北門,2023-10-31,9283
2308,台達電,7,1,6,凱基-北門,2023-10-31,9283
00931B,統一美債20年,9,3,6,凱基-北門,2023-10-31,9283
1907,永豐餘,6,0,6,凱基-北門,2023-10-31,9283
2002,中鋼,6,0,6,凱基-北門,2023-10-31,9283
2204,中華,6,0,6,凱基-北門,2023-10-31,9283
2915,潤泰全,10,4,6,凱基-北門,2023-10-31,9283
3325,旭品,6,0,6,凱基-北門,2023-10-31,9283
6191,精成科,9,3,6,凱基-北門,2023-10-31,9283
6235,華孚,6,1,5,凱基-北門,2023-10-31,9283
00900,富邦特選高股息30,65,60,5,凱基-北門,2023-10-31,9283
2352,佳世達,6,1,5,凱基-北門,2023-10-31,9283
2358,廷鑫,5,0,5,凱基-北門,2023-10-31,9283
3481,群創,61,0,61,凱基-北門,2023-11-01,9283
00929,復華台灣科技優息,60,1,59,凱基-北門,2023-11-01,9283
00772B,中信高評級公司債,51,0,51,凱基-北門,2023-11-01,9283
00885,富邦越南,45,0,45,凱基-北門,2023-11-01,9283
00934,中信成長高股息,46,2,44,凱基-北門,2023-11-01,9283
8908,欣雄,43,0,43,凱基-北門,2023-11-01,9283
2029,盛餘,37,0,37,凱基-北門,2023-11-01,9283
0056,元大高股息,33,5,28,凱基-北門,2023-11-01,9283
00878,國泰永續高股息,32,4,28,凱基-北門,2023-11-01,9283
4119,旭富,20,0,20,凱基-北門,2023-11-01,9283
00632R,元大台灣50反1,20,3,17,凱基-北門,2023-11-01,9283
8046,南電,14,1,13,凱基-北門,2023-11-01,9283
00679B,元大美債20年,12,0,12,凱基-北門,2023-11-01,9283
3715,定穎投控,54,42,12,凱基-北門,2023-11-01,9283
00712,復華富時不動產,11,0,11,凱基-北門,2023-11-01,9283
2104,國際中橡,11,0,11,凱基-北門,2023-11-01,9283
2915,潤泰全,11,0,11,凱基-北門,2023-11-01,9283
00891,中信關鍵半導體,10,0,10,凱基-北門,2023-11-01,9283
00897,富邦基因免疫生技,10,0,10,凱基-北門,2023-11-01,9283
00720B,元大投資級公司債,10,0,10,凱基-北門,2023-11-01,9283
1907,永豐餘,10,0,10,凱基-北門,2023-11-01,9283
3338,泰碩,22,13,9,凱基-北門,2023-11-01,9283
1795,美時,10,1,9,凱基-北門,2023-11-01,9283
5328,華容,10,2,8,凱基-北門,2023-11-01,9283
2426,鼎元,7,0,7,凱基-北門,2023-11-01,9283
2883,凱基金,6,0,6,凱基-北門,2023-11-01,9283
00715L,期街口布蘭特正2,6,0,6,凱基-北門,2023-11-01,9283
3672,康聯訊,15,9,6,凱基-北門,2023-11-01,9283
6712,長聖,6,0,6,凱基-北門,2023-11-01,9283
8104,錸寶,6,0,6,凱基-北門,2023-11-01,9283
2317,鴻海,7,1,6,凱基-北門,2023-11-01,9283
2002,中鋼,5,0,5,凱基-北門,2023-11-01,9283
00933B,國泰10Y+金融債,5,0,5,凱基-北門,2023-11-01,9283
1316,上曜,5,0,5,凱基-北門,2023-11-01,9283
2801,彰銀,5,0,5,凱基-北門,2023-11-01,9283
2897,王道銀行,5,0,5,凱基-北門,2023-11-01,9283
3346,麗清,13,8,5,凱基-北門,2023-11-01,9283
3443,創意,5,0,5,凱基-北門,2023-11-01,9283
4167,松瑞藥,12,8,4,凱基-北門,2023-11-01,9283
1101,台泥,4,0,4,凱基-北門,2023-11-01,9283
00935,野村臺灣新科技50,4,0,4,凱基-北門,2023-11-01,9283
1504,東元,4,0,4,凱基-北門,2023-11-01,9283
2543,皇昌,16,12,4,凱基-北門,2023-11-01,9283
2736,富野,4,0,4,凱基-北門,2023-11-01,9283
3041,揚智,4,0,4,凱基-北門,2023-11-01,9283
3189,景碩,7,3,4,凱基-北門,2023-11-01,9283
4147,中裕,5,1,4,凱基-北門,2023-11-01,9283
5488,松普,4,0,4,凱基-北門,2023-11-01,9283
6552,易華電,4,0,4,凱基-北門,2023-11-01,9283
8420,明揚,4,0,4,凱基-北門,2023-11-01,9283
3481,群創,177,8,169,凱基-北門,2023-11-02,9283
00632R,元大台灣50反1,124,0,124,凱基-北門,2023-11-02,9283
00772B,中信高評級公司債,50,0,50,凱基-北門,2023-11-02,9283
00712,復華富時不動產,44,1,43,凱基-北門,2023-11-02,9283
00933B,國泰10Y+金融債,50,8,42,凱基-北門,2023-11-02,9283
4426,利勤,26,0,26,凱基-北門,2023-11-02,9283
00891,中信關鍵半導體,25,1,24,凱基-北門,2023-11-02,9283
00671R,富邦NASDAQ反1,22,0,22,凱基-北門,2023-11-02,9283
2458,義隆,22,0,22,凱基-北門,2023-11-02,9283
00720B,元大投資級公司債,16,0,16,凱基-北門,2023-11-02,9283
8908,欣雄,16,0,16,凱基-北門,2023-11-02,9283
2820,華票,15,0,15,凱基-北門,2023-11-02,9283
6541,泰福-KY,13,0,13,凱基-北門,2023-11-02,9283
00878,國泰永續高股息,11,0,11,凱基-北門,2023-11-02,9283
1104,環泥,10,0,10,凱基-北門,2023-11-02,9283
1711,永光,11,1,10,凱基-北門,2023-11-02,9283
2006,東和鋼鐵,10,0,10,凱基-北門,2023-11-02,9283
3290,東浦,10,0,10,凱基-北門,2023-11-02,9283
6213,聯茂,24,15,9,凱基-北門,2023-11-02,9283
00715L,期街口布蘭特正2,8,0,8,凱基-北門,2023-11-02,9283
2344,華邦電,9,1,8,凱基-北門,2023-11-02,9283
00929,復華台灣科技優息,42,35,7,凱基-北門,2023-11-02,9283
3303,岱稜,7,0,7,凱基-北門,2023-11-02,9283
2358,廷鑫,6,0,6,凱基-北門,2023-11-02,9283
5215,科嘉-KY,6,0,6,凱基-北門,2023-11-02,9283
6550,北極星藥業-KY,6,0,6,凱基-北門,2023-11-02,9283
3374,精材,6,0,6,凱基-北門,2023-11-02,9283
2017,官田鋼,5,0,5,凱基-北門,2023-11-02,9283
3376,新日興,5,0,5,凱基-北門,2023-11-02,9283
4906,正文,5,0,5,凱基-北門,2023-11-02,9283
4915,致伸,5,0,5,凱基-北門,2023-11-02,9283
2913,農林,4,0,4,凱基-北門,2023-11-02,9283
2314,台揚,4,0,4,凱基-北門,2023-11-02,9283
2408,南亞科,4,0,4,凱基-北門,2023-11-02,9283
2462,良得電,4,0,4,凱基-北門,2023-11-02,9283
6173,信昌電,8,4,4,凱基-北門,2023-11-02,9283
8210,勤誠,7,4,3,凱基-北門,2023-11-02,9283
1449,佳和,6,3,3,凱基-北門,2023-11-02,9283
2367,燿華,5,2,3,凱基-北門,2023-11-02,9283
2399,映泰,4,1,3,凱基-北門,2023-11-02,9283
3552,同致,3,0,3,凱基-北門,2023-11-02,9283
4960,誠美材,3,0,3,凱基-北門,2023-11-02,9283
6532,瑞耘,3,0,3,凱基-北門,2023-11-02,9283
6603,富強鑫,3,0,3,凱基-北門,2023-11-02,9283
2376,技嘉,4,1,3,凱基-北門,2023-11-02,9283
2889,國票金,3,0,3,凱基-北門,2023-11-02,9283
2363,矽統,8,5,3,凱基-北門,2023-11-02,9283
2834,臺企銀,2,0,2,凱基-北門,2023-11-02,9283
00850,元大臺灣ESG永續,2,0,2,凱基-北門,2023-11-02,9283
2881,富邦金,2,0,2,凱基-北門,2023-11-02,9283
00632R,元大台灣50反1,134,0,134,凱基-北門,2023-11-03,9283
00933B,國泰10Y+金融債,200,77,123,凱基-北門,2023-11-03,9283
00878,國泰永續高股息,59,0,59,凱基-北門,2023-11-03,9283
00934,中信成長高股息,48,0,48,凱基-北門,2023-11-03,9283
6285,啟��,40,9,31,凱基-北門,2023-11-03,9283
8908,欣雄,25,0,25,凱基-北門,2023-11-03,9283
00679B,元大美債20年,21,0,21,凱基-北門,2023-11-03,9283
2834,臺企銀,20,0,20,凱基-北門,2023-11-03,9283
1319,東陽,16,0,16,凱基-北門,2023-11-03,9283
3231,緯創,34,20,14,凱基-北門,2023-11-03,9283
00919,群益台灣精選高息,16,2,14,凱基-北門,2023-11-03,9283
00720B,元大投資級公司債,15,1,14,凱基-北門,2023-11-03,9283
6443,元晶,15,1,14,凱基-北門,2023-11-03,9283
6112,邁達特,29,16,13,凱基-北門,2023-11-03,9283
00715L,期街口布蘭特正2,12,0,12,凱基-北門,2023-11-03,9283
3567,逸昌,12,0,12,凱基-北門,2023-11-03,9283
5302,太欣,12,0,12,凱基-北門,2023-11-03,9283
8150,南茂,16,4,12,凱基-北門,2023-11-03,9283
00931B,統一美債20年,11,0,11,凱基-北門,2023-11-03,9283
00722B,群益投資級電信債,10,0,10,凱基-北門,2023-11-03,9283
00671R,富邦NASDAQ反1,10,0,10,凱基-北門,2023-11-03,9283
2353,宏��,13,3,10,凱基-北門,2023-11-03,9283
2399,映泰,10,0,10,凱基-北門,2023-11-03,9283
6538,倉和,10,0,10,凱基-北門,2023-11-03,9283
8374,羅昇,10,0,10,凱基-北門,2023-11-03,9283
2363,矽統,50,40,10,凱基-北門,2023-11-03,9283
2317,鴻海,12,3,9,凱基-北門,2023-11-03,9283
00713,元大台灣高息低波,8,0,8,凱基-北門,2023-11-03,9283
2356,英業達,8,0,8,凱基-北門,2023-11-03,9283
3588,通嘉,8,0,8,凱基-北門,2023-11-03,9283
6173,信昌電,11,3,8,凱基-北門,2023-11-03,9283
6558,興能高,10,2,8,凱基-北門,2023-11-03,9283
1603,華電,8,1,7,凱基-北門,2023-11-03,9283
2313,華通,11,5,6,凱基-北門,2023-11-03,9283
5258,虹堡,7,1,6,凱基-北門,2023-11-03,9283
5871A,中租-KY甲特,6,0,6,凱基-北門,2023-11-03,9283
2367,燿華,5,0,5,凱基-北門,2023-11-03,9283
6770,力積電,8,3,5,凱基-北門,2023-11-03,9283
8227,巨有科技,7,2,5,凱基-北門,2023-11-03,9283
006208,富邦台50,4,0,4,凱基-北門,2023-11-03,9283
00712,復華富時不動產,7,3,4,凱基-北門,2023-11-03,9283
2368,金像電,5,1,4,凱基-北門,2023-11-03,9283
2605,新興,4,0,4,凱基-北門,2023-11-03,9283
00680L,元大美債20正2,4,0,4,凱基-北門,2023-11-03,9283
3264,欣銓,5,1,4,凱基-北門,2023-11-03,9283
3511,矽瑪,4,0,4,凱基-北門,2023-11-03,9283
5490,同亨,4,0,4,凱基-北門,2023-11-03,9283
00706L,期元大S＆P日圓正2,3,0,3,凱基-北門,2023-11-03,9283
00673R,期元大S＆P原油反1,5,2,3,凱基-北門,2023-11-03,9283
1524,耿鼎,9,6,3,凱基-北門,2023-11-03,9283
00679B,元大美債20年,40,3,37,凱基-北門,2023-11-06,9283
00931B,統一美債20年,25,0,25,凱基-北門,2023-11-06,9283
5302,太欣,24,0,24,凱基-北門,2023-11-06,9283
00671R,富邦NASDAQ反1,22,0,22,凱基-北門,2023-11-06,9283
00900,富邦特選高股息30,21,0,21,凱基-北門,2023-11-06,9283
1721,三晃,27,7,20,凱基-北門,2023-11-06,9283
00715L,期街口布蘭特正2,16,0,16,凱基-北門,2023-11-06,9283
2025,千興,15,0,15,凱基-北門,2023-11-06,9283
2820,華票,15,0,15,凱基-北門,2023-11-06,9283
00919,群益台灣精選高息,16,2,14,凱基-北門,2023-11-06,9283
5306,桂盟,13,0,13,凱基-北門,2023-11-06,9283
2382,廣達,15,2,13,凱基-北門,2023-11-06,9283
1524,耿鼎,15,3,12,凱基-北門,2023-11-06,9283
2603,長榮,11,0,11,凱基-北門,2023-11-06,9283
2408,南亞科,12,1,11,凱基-北門,2023-11-06,9283
00687B,國泰20年美債,11,1,10,凱基-北門,2023-11-06,9283
1108,幸福,10,0,10,凱基-北門,2023-11-06,9283
6282,康舒,10,0,10,凱基-北門,2023-11-06,9283
6569,醫揚,10,0,10,凱基-北門,2023-11-06,9283
8908,欣雄,10,0,10,凱基-北門,2023-11-06,9283
2363,矽統,95,85,10,凱基-北門,2023-11-06,9283
00929,復華台灣科技優息,13,4,9,凱基-北門,2023-11-06,9283
8374,羅昇,8,0,8,凱基-北門,2023-11-06,9283
00706L,期元大S＆P日圓正2,7,0,7,凱基-北門,2023-11-06,9283
1714,和桐,7,0,7,凱基-北門,2023-11-06,9283
6182,合晶,7,0,7,凱基-北門,2023-11-06,9283
2851,中再保,6,0,6,凱基-北門,2023-11-06,9283
6257,矽格,6,0,6,凱基-北門,2023-11-06,9283
8086,宏捷科,6,0,6,凱基-北門,2023-11-06,9283
2002,中鋼,6,0,6,凱基-北門,2023-11-06,9283
1513,中興電,5,0,5,凱基-北門,2023-11-06,9283
1304,台聚,5,0,5,凱基-北門,2023-11-06,9283
1402,遠東新,5,0,5,凱基-北門,2023-11-06,9283
2421,建準,16,11,5,凱基-北門,2023-11-06,9283
2618,長榮航,13,8,5,凱基-北門,2023-11-06,9283
2881,富邦金,5,0,5,凱基-北門,2023-11-06,9283
3317,尼克森,5,0,5,凱基-北門,2023-11-06,9283
4503,金雨,5,0,5,凱基-北門,2023-11-06,9283
6125,廣運,5,0,5,凱基-北門,2023-11-06,9283
8028,昇陽半導體,5,0,5,凱基-北門,2023-11-06,9283
00850,元大臺灣ESG永續,4,0,4,凱基-北門,2023-11-06,9283
00712,復華富時不動產,41,37,4,凱基-北門,2023-11-06,9283
2017,官田鋼,5,1,4,凱基-北門,2023-11-06,9283
3303,岱稜,4,0,4,凱基-北門,2023-11-06,9283
5347,世界,4,0,4,凱基-北門,2023-11-06,9283
6117,迎廣,7,3,4,凱基-北門,2023-11-06,9283
8104,錸寶,4,0,4,凱基-北門,2023-11-06,9283
5903,全家,3,0,3,凱基-北門,2023-11-06,9283
1809,中釉,3,0,3,凱基-北門,2023-11-06,9283
2324,仁寶,5,2,3,凱基-北門,2023-11-06,9283
00934,中信成長高股息,30,0,30,凱基-北門,2023-11-07,9283
2486,一詮,28,0,28,凱基-北門,2023-11-07,9283
00679B,元大美債20年,20,0,20,凱基-北門,2023-11-07,9283
00728,第一金工業30,20,0,20,凱基-北門,2023-11-07,9283
6770,力積電,21,1,20,凱基-北門,2023-11-07,9283
8048,德勝,20,0,20,凱基-北門,2023-11-07,9283
5344,立衛,19,0,19,凱基-北門,2023-11-07,9283
8908,欣雄,19,0,19,凱基-北門,2023-11-07,9283
00929,復華台灣科技優息,20,3,17,凱基-北門,2023-11-07,9283
00632R,元大台灣50反1,35,20,15,凱基-北門,2023-11-07,9283
2002,中鋼,15,1,14,凱基-北門,2023-11-07,9283
1815,富喬,93,80,13,凱基-北門,2023-11-07,9283
2498,宏達電,13,0,13,凱基-北門,2023-11-07,9283
00671R,富邦NASDAQ反1,12,0,12,凱基-北門,2023-11-07,9283
00690,兆豐藍籌30,10,0,10,凱基-北門,2023-11-07,9283
1732,毛寶,10,0,10,凱基-北門,2023-11-07,9283
2734,易飛網,10,0,10,凱基-北門,2023-11-07,9283
8942,森鉅,9,0,9,凱基-北門,2023-11-07,9283
1101,台泥,9,1,8,凱基-北門,2023-11-07,9283
00715L,期街口布蘭特正2,8,0,8,凱基-北門,2023-11-07,9283
3567,逸昌,8,0,8,凱基-北門,2023-11-07,9283
2634,漢翔,8,1,7,凱基-北門,2023-11-07,9283
3290,東浦,7,0,7,凱基-北門,2023-11-07,9283
2337,旺宏,6,0,6,凱基-北門,2023-11-07,9283
3346,麗清,6,0,6,凱基-北門,2023-11-07,9283
00688L,國泰20年美債正2,5,0,5,凱基-北門,2023-11-07,9283
00751B,元大AAA至A公司債,5,0,5,凱基-北門,2023-11-07,9283
2201,裕隆,6,1,5,凱基-北門,2023-11-07,9283
2355,敬鵬,5,0,5,凱基-北門,2023-11-07,9283
2888,新光金,5,0,5,凱基-北門,2023-11-07,9283
3083,網龍,5,0,5,凱基-北門,2023-11-07,9283
3276,宇環,5,0,5,凱基-北門,2023-11-07,9283
3362,先進光,5,0,5,凱基-北門,2023-11-07,9283
6235,華孚,10,5,5,凱基-北門,2023-11-07,9283
6442,光聖,5,0,5,凱基-北門,2023-11-07,9283
8044,網家,6,1,5,凱基-北門,2023-11-07,9283
9945,潤泰新,5,0,5,凱基-北門,2023-11-07,9283
6547,高端疫苗,5,0,5,凱基-北門,2023-11-07,9283
2103,台橡,4,0,4,凱基-北門,2023-11-07,9283
2739,寒舍,4,0,4,凱基-北門,2023-11-07,9283
2913,農林,4,0,4,凱基-北門,2023-11-07,9283
3317,尼克森,4,0,4,凱基-北門,2023-11-07,9283
5302,太欣,4,0,4,凱基-北門,2023-11-07,9283
6197,佳必琪,4,0,4,凱基-北門,2023-11-07,9283
00878,國泰永續高股息,7,4,3,凱基-北門,2023-11-07,9283
2317,鴻海,3,0,3,凱基-北門,2023-11-07,9283
6285,啟��,3,0,3,凱基-北門,2023-11-07,9283
00720B,元大投資級公司債,3,0,3,凱基-北門,2023-11-07,9283
2356,英業達,3,0,3,凱基-北門,2023-11-07,9283
2516,新建,3,0,3,凱基-北門,2023-11-07,9283
00715L,期街口布蘭特正2,111,0,111,凱基-北門,2023-11-08,9283
00642U,期元大S＆P石油,42,0,42,凱基-北門,2023-11-08,9283
00632R,元大台灣50反1,56,20,36,凱基-北門,2023-11-08,9283
2618,長榮航,35,3,32,凱基-北門,2023-11-08,9283
5302,太欣,29,0,29,凱基-北門,2023-11-08,9283
2029,盛餘,28,0,28,凱基-北門,2023-11-08,9283
2363,矽統,42,16,26,凱基-北門,2023-11-08,9283
5460,同協,21,1,20,凱基-北門,2023-11-08,9283
2406,國碩,16,0,16,凱基-北門,2023-11-08,9283
2483,百容,16,0,16,凱基-北門,2023-11-08,9283
00671R,富邦NASDAQ反1,14,0,14,凱基-北門,2023-11-08,9283
3588,通嘉,14,0,14,凱基-北門,2023-11-08,9283
2388,威盛,16,4,12,凱基-北門,2023-11-08,9283
5306,桂盟,12,0,12,凱基-北門,2023-11-08,9283
00934,中信成長高股息,11,0,11,凱基-北門,2023-11-08,9283
1609,大亞,11,0,11,凱基-北門,2023-11-08,9283
00891,中信關鍵半導體,10,0,10,凱基-北門,2023-11-08,9283
00751B,元大AAA至A公司債,10,0,10,凱基-北門,2023-11-08,9283
8358,金居,10,0,10,凱基-北門,2023-11-08,9283
00680L,元大美債20正2,9,0,9,凱基-北門,2023-11-08,9283
4129,聯合,9,0,9,凱基-北門,2023-11-08,9283
4162,智擎,10,1,9,凱基-北門,2023-11-08,9283
2303,聯電,8,0,8,凱基-北門,2023-11-08,9283
1514,亞力,8,0,8,凱基-北門,2023-11-08,9283
6589,台康生技,8,0,8,凱基-北門,2023-11-08,9283
1524,耿鼎,10,3,7,凱基-北門,2023-11-08,9283
1815,富喬,22,16,6,凱基-北門,2023-11-08,9283
8908,欣雄,6,0,6,凱基-北門,2023-11-08,9283
2457,飛宏,8,2,6,凱基-北門,2023-11-08,9283
2376,技嘉,14,8,6,凱基-北門,2023-11-08,9283
1219,福壽,5,0,5,凱基-北門,2023-11-08,9283
2356,英業達,5,0,5,凱基-北門,2023-11-08,9283
2734,易飛網,5,0,5,凱基-北門,2023-11-08,9283
3013,晟銘電,11,6,5,凱基-北門,2023-11-08,9283
3189,景碩,5,0,5,凱基-北門,2023-11-08,9283
3374,精材,7,2,5,凱基-北門,2023-11-08,9283
3715,定穎投控,5,0,5,凱基-北門,2023-11-08,9283
5704,老爺知,7,2,5,凱基-北門,2023-11-08,9283
6485,點序,5,0,5,凱基-北門,2023-11-08,9283
1568,倉佑,5,1,4,凱基-北門,2023-11-08,9283
2367,燿華,4,0,4,凱基-北門,2023-11-08,9283
2468,華經,4,0,4,凱基-北門,2023-11-08,9283
6213,聯茂,6,2,4,凱基-北門,2023-11-08,9283
6257,矽格,5,1,4,凱基-北門,2023-11-08,9283
8111,立��,4,0,4,凱基-北門,2023-11-08,9283
2002,中鋼,3,0,3,凱基-北門,2023-11-08,9283
1603,華電,3,0,3,凱基-北門,2023-11-08,9283
3051,力特,3,0,3,凱基-北門,2023-11-08,9283
3594,磐儀,3,0,3,凱基-北門,2023-11-08,9283
4551,智伸科,3,0,3,凱基-北門,2023-11-08,9283
00680L,元大美債20正2,182,2,180,凱基-北門,2023-11-09,9283
00934,中信成長高股息,71,20,51,凱基-北門,2023-11-09,9283
00715L,期街口布蘭特正2,35,0,35,凱基-北門,2023-11-09,9283
00933B,國泰10Y+金融債,51,20,31,凱基-北門,2023-11-09,9283
00878,國泰永續高股息,32,1,31,凱基-北門,2023-11-09,9283
2399,映泰,30,0,30,凱基-北門,2023-11-09,9283
2329,華泰,50,24,26,凱基-北門,2023-11-09,9283
00674R,期元大S＆P黃金反1,25,0,25,凱基-北門,2023-11-09,9283
4743,合一,29,10,19,凱基-北門,2023-11-09,9283
2344,華邦電,18,0,18,凱基-北門,2023-11-09,9283
2618,長榮航,26,11,15,凱基-北門,2023-11-09,9283
3035,智原,17,2,15,凱基-北門,2023-11-09,9283
00772B,中信高評級公司債,14,0,14,凱基-北門,2023-11-09,9283
5880,合庫金,14,1,13,凱基-北門,2023-11-09,9283
00642U,期元大S＆P石油,13,0,13,凱基-北門,2023-11-09,9283
3346,麗清,13,0,13,凱基-北門,2023-11-09,9283
3260,威剛,13,1,12,凱基-北門,2023-11-09,9283
6141,柏承,12,0,12,凱基-北門,2023-11-09,9283
4930,燦星網,11,0,11,凱基-北門,2023-11-09,9283
3308,聯德,10,0,10,凱基-北門,2023-11-09,9283
1504,東元,10,0,10,凱基-北門,2023-11-09,9283
2409,友達,10,0,10,凱基-北門,2023-11-09,9283
3567,逸昌,10,0,10,凱基-北門,2023-11-09,9283
8044,網家,10,0,10,凱基-北門,2023-11-09,9283
8908,欣雄,11,1,10,凱基-北門,2023-11-09,9283
9950,萬國通,10,0,10,凱基-北門,2023-11-09,9283
1104,環泥,9,0,9,凱基-北門,2023-11-09,9283
5347,世界,9,0,9,凱基-北門,2023-11-09,9283
3122,笙泉,29,21,8,凱基-北門,2023-11-09,9283
1815,富喬,115,108,7,凱基-北門,2023-11-09,9283
2426,鼎元,7,0,7,凱基-北門,2023-11-09,9283
00935,野村臺灣新科技50,6,0,6,凱基-北門,2023-11-09,9283
4167,松瑞藥,8,2,6,凱基-北門,2023-11-09,9283
8111,立��,20,14,6,凱基-北門,2023-11-09,9283
6122,擎邦,6,0,6,凱基-北門,2023-11-09,9283
1304,台聚,5,0,5,凱基-北門,2023-11-09,9283
2421,建準,8,3,5,凱基-北門,2023-11-09,9283
2460,建通,5,0,5,凱基-北門,2023-11-09,9283
2486,一詮,5,0,5,凱基-北門,2023-11-09,9283
2498,宏達電,5,0,5,凱基-北門,2023-11-09,9283
3083,網龍,5,0,5,凱基-北門,2023-11-09,9283
3362,先進光,5,0,5,凱基-北門,2023-11-09,9283
3588,通嘉,5,0,5,凱基-北門,2023-11-09,9283
6257,矽格,15,10,5,凱基-北門,2023-11-09,9283
6284,佳邦,6,1,5,凱基-北門,2023-11-09,9283
6762,達亞,5,0,5,凱基-北門,2023-11-09,9283
8450,霹靂,5,0,5,凱基-北門,2023-11-09,9283
8926,台汽電,5,0,5,凱基-北門,2023-11-09,9283
00720B,元大投資級公司債,5,0,5,凱基-北門,2023-11-09,9283
4766,南寶,4,0,4,凱基-北門,2023-11-09,9283
00728,第一金工業30,100,0,100,凱基-北門,2023-11-10,9283
00878,國泰永續高股息,63,0,63,凱基-北門,2023-11-10,9283
00919,群益台灣精選高息,32,0,32,凱基-北門,2023-11-10,9283
00934,中信成長高股息,30,0,30,凱基-北門,2023-11-10,9283
00681R,元大美債20反1,20,0,20,凱基-北門,2023-11-10,9283
1319,東陽,15,0,15,凱基-北門,2023-11-10,9283
00665L,富邦�琤肭磪囓�2,15,0,15,凱基-北門,2023-11-10,9283
3567,逸昌,15,0,15,凱基-北門,2023-11-10,9283
00936,台新永續高息中小,11,0,11,凱基-北門,2023-11-10,9283
00929,復華台灣科技優息,10,0,10,凱基-北門,2023-11-10,9283
00632R,元大台灣50反1,10,0,10,凱基-北門,2023-11-10,9283
2498,宏達電,10,0,10,凱基-北門,2023-11-10,9283
2883,凱基金,10,0,10,凱基-北門,2023-11-10,9283
6205,詮欣,10,0,10,凱基-北門,2023-11-10,9283
6257,矽格,9,0,9,凱基-北門,2023-11-10,9283
0056,元大高股息,7,0,7,凱基-北門,2023-11-10,9283
00715L,期街口布蘭特正2,8,1,7,凱基-北門,2023-11-10,9283
3015,全漢,7,0,7,凱基-北門,2023-11-10,9283
8908,欣雄,7,0,7,凱基-北門,2023-11-10,9283
6446,藥華藥,7,1,6,凱基-北門,2023-11-10,9283
00772B,中信高評級公司債,6,0,6,凱基-北門,2023-11-10,9283
00933B,國泰10Y+金融債,6,0,6,凱基-北門,2023-11-10,9283
2002,中鋼,6,0,6,凱基-北門,2023-11-10,9283
2356,英業達,6,0,6,凱基-北門,2023-11-10,9283
3588,通嘉,6,0,6,凱基-北門,2023-11-10,9283
6470,宇智,6,0,6,凱基-北門,2023-11-10,9283
6472,保瑞,6,0,6,凱基-北門,2023-11-10,9283
1515,力山,6,1,5,凱基-北門,2023-11-10,9283
2426,鼎元,5,0,5,凱基-北門,2023-11-10,9283
5203,訊連,5,0,5,凱基-北門,2023-11-10,9283
6187,萬潤,5,0,5,凱基-北門,2023-11-10,9283
8076,伍豐,6,1,5,凱基-北門,2023-11-10,9283
9938,百和,5,0,5,凱基-北門,2023-11-10,9283
2355,敬鵬,5,0,5,凱基-北門,2023-11-10,9283
6526,達發,4,0,4,凱基-北門,2023-11-10,9283
00688L,國泰20年美債正2,5,1,4,凱基-北門,2023-11-10,9283
2352,佳世達,10,6,4,凱基-北門,2023-11-10,9283
2486,一詮,4,0,4,凱基-北門,2023-11-10,9283
6550,北極星藥業-KY,4,0,4,凱基-北門,2023-11-10,9283
6712,長聖,5,1,4,凱基-北門,2023-11-10,9283
2363,矽統,15,11,4,凱基-北門,2023-11-10,9283
2329,華泰,29,26,3,凱基-北門,2023-11-10,9283
00722B,群益投資級電信債,3,0,3,凱基-北門,2023-11-10,9283
2353,宏��,3,0,3,凱基-北門,2023-11-10,9283
2605,新興,3,0,3,凱基-北門,2023-11-10,9283
3036,文曄,6,3,3,凱基-北門,2023-11-10,9283
3231,緯創,50,47,3,凱基-北門,2023-11-10,9283
3346,麗清,11,8,3,凱基-北門,2023-11-10,9283
3576,聯合再生,3,0,3,凱基-北門,2023-11-10,9283
3689,湧德,3,0,3,凱基-北門,2023-11-10,9283
00929,復華台灣科技優息,153,8,145,凱基-北門,2023-11-13,9283
00878,國泰永續高股息,130,0,130,凱基-北門,2023-11-13,9283
2888,新光金,90,0,90,凱基-北門,2023-11-13,9283
00632R,元大台灣50反1,114,35,79,凱基-北門,2023-11-13,9283
2607,榮運,33,3,30,凱基-北門,2023-11-13,9283
00671R,富邦NASDAQ反1,20,0,20,凱基-北門,2023-11-13,9283
2355,敬鵬,20,0,20,凱基-北門,2023-11-13,9283
4402,郡都開發,20,0,20,凱基-北門,2023-11-13,9283
2376,技嘉,24,5,19,凱基-北門,2023-11-13,9283
2352,佳世達,15,0,15,凱基-北門,2023-11-13,9283
2820,華票,15,0,15,凱基-北門,2023-11-13,9283
1514,亞力,18,4,14,凱基-北門,2023-11-13,9283
00679B,元大美債20年,14,0,14,凱基-北門,2023-11-13,9283
3078,僑威,18,5,13,凱基-北門,2023-11-13,9283
6191,精成科,15,2,13,凱基-北門,2023-11-13,9283
1319,東陽,13,1,12,凱基-北門,2023-11-13,9283
3374,精材,11,0,11,凱基-北門,2023-11-13,9283
5302,太欣,10,0,10,凱基-北門,2023-11-13,9283
6550,北極星藥業-KY,10,0,10,凱基-北門,2023-11-13,9283
6643,M31,10,0,10,凱基-北門,2023-11-13,9283
00936,台新永續高息中小,9,0,9,凱基-北門,2023-11-13,9283
2382,廣達,16,8,8,凱基-北門,2023-11-13,9283
8076,伍豐,8,0,8,凱基-北門,2023-11-13,9283
8390,金益鼎,8,0,8,凱基-北門,2023-11-13,9283
5469,瀚宇博,7,0,7,凱基-北門,2023-11-13,9283
6275,元山,9,2,7,凱基-北門,2023-11-13,9283
1597,直得,6,0,6,凱基-北門,2023-11-13,9283
00665L,富邦�琤肭磪囓�2,5,0,5,凱基-北門,2023-11-13,9283
2356,英業達,8,3,5,凱基-北門,2023-11-13,9283
2610,華航,5,0,5,凱基-北門,2023-11-13,9283
3567,逸昌,5,0,5,凱基-北門,2023-11-13,9283
3615,安可,5,0,5,凱基-北門,2023-11-13,9283
6111,大宇資,5,0,5,凱基-北門,2023-11-13,9283
6290,良維,7,2,5,凱基-北門,2023-11-13,9283
2449,京元電子,11,6,5,凱基-北門,2023-11-13,9283
00773B,中信優先金融債,5,0,5,凱基-北門,2023-11-13,9283
8358,金居,4,0,4,凱基-北門,2023-11-13,9283
00850,元大臺灣ESG永續,4,0,4,凱基-北門,2023-11-13,9283
00637L,元大滬深300正2,5,1,4,凱基-北門,2023-11-13,9283
1785,光洋科,4,0,4,凱基-北門,2023-11-13,9283
3438,類比科,4,0,4,凱基-北門,2023-11-13,9283
6213,聯茂,4,0,4,凱基-北門,2023-11-13,9283
3105,穩懋,6,2,4,凱基-北門,2023-11-13,9283
00687B,國泰20年美債,3,0,3,凱基-北門,2023-11-13,9283
00722B,群益投資級電信債,3,0,3,凱基-北門,2023-11-13,9283
00772B,中信高評級公司債,3,0,3,凱基-北門,2023-11-13,9283
2344,華邦電,3,0,3,凱基-北門,2023-11-13,9283
3041,揚智,3,0,3,凱基-北門,2023-11-13,9283
4968,立積,6,3,3,凱基-北門,2023-11-13,9283
5340,建榮,3,0,3,凱基-北門,2023-11-13,9283
2618,長榮航,54,0,54,凱基-北門,2023-11-14,9283
00878,國泰永續高股息,43,4,39,凱基-北門,2023-11-14,9283
00632R,元大台灣50反1,25,0,25,凱基-北門,2023-11-14,9283
2634,漢翔,28,5,23,凱基-北門,2023-11-14,9283
2885,元大金,20,0,20,凱基-北門,2023-11-14,9283
2002,中鋼,18,0,18,凱基-北門,2023-11-14,9283
3006,晶豪科,35,19,16,凱基-北門,2023-11-14,9283
1815,富喬,15,0,15,凱基-北門,2023-11-14,9283
00772B,中信高評級公司債,14,0,14,凱基-北門,2023-11-14,9283
1101,台泥,13,0,13,凱基-北門,2023-11-14,9283
3231,緯創,49,37,12,凱基-北門,2023-11-14,9283
00929,復華台灣科技優息,16,5,11,凱基-北門,2023-11-14,9283
00671R,富邦NASDAQ反1,11,0,11,凱基-北門,2023-11-14,9283
2427,三商電,11,0,11,凱基-北門,2023-11-14,9283
2884,玉山金,11,0,11,凱基-北門,2023-11-14,9283
6578,達邦蛋白,11,0,11,凱基-北門,2023-11-14,9283
00915,凱基優選高股息30,10,0,10,凱基-北門,2023-11-14,9283
00891,中信關鍵半導體,20,10,10,凱基-北門,2023-11-14,9283
3171,炎洲流通,10,0,10,凱基-北門,2023-11-14,9283
4561,健椿,10,0,10,凱基-北門,2023-11-14,9283
5392,能率,10,0,10,凱基-北門,2023-11-14,9283
5469,瀚宇博,10,0,10,凱基-北門,2023-11-14,9283
5704,老爺知,10,1,9,凱基-北門,2023-11-14,9283
8908,欣雄,9,0,9,凱基-北門,2023-11-14,9283
1907,永豐餘,8,0,8,凱基-北門,2023-11-14,9283
5302,太欣,8,0,8,凱基-北門,2023-11-14,9283
2313,華通,17,9,8,凱基-北門,2023-11-14,9283
1515,力山,22,15,7,凱基-北門,2023-11-14,9283
1319,東陽,7,0,7,凱基-北門,2023-11-14,9283
2364,倫飛,7,0,7,凱基-北門,2023-11-14,9283
00795B,中信美國公債20年,6,0,6,凱基-北門,2023-11-14,9283
2609,陽明,6,0,6,凱基-北門,2023-11-14,9283
3567,逸昌,6,0,6,凱基-北門,2023-11-14,9283
8044,網家,6,0,6,凱基-北門,2023-11-14,9283
8271,宇瞻,6,0,6,凱基-北門,2023-11-14,9283
00935,野村臺灣新科技50,5,0,5,凱基-北門,2023-11-14,9283
00753L,中信中國50正2,6,1,5,凱基-北門,2023-11-14,9283
00730,富邦臺灣優質高息,5,0,5,凱基-北門,2023-11-14,9283
00720B,元大投資級公司債,5,0,5,凱基-北門,2023-11-14,9283
00655L,國泰中國A50正2,5,0,5,凱基-北門,2023-11-14,9283
00690,兆豐藍籌30,5,0,5,凱基-北門,2023-11-14,9283
3094,聯傑,7,2,5,凱基-北門,2023-11-14,9283
3265,台星科,5,0,5,凱基-北門,2023-11-14,9283
3504,揚明光,5,0,5,凱基-北門,2023-11-14,9283
6187,萬潤,6,1,5,凱基-北門,2023-11-14,9283
6470,宇智,5,0,5,凱基-北門,2023-11-14,9283
3010,華立,4,0,4,凱基-北門,2023-11-14,9283
5324,士開,4,0,4,凱基-北門,2023-11-14,9283
6173,信昌電,4,0,4,凱基-北門,2023-11-14,9283
8104,錸寶,4,0,4,凱基-北門,2023-11-14,9283
00680L,元大美債20正2,201,3,198,凱基-北門,2023-11-15,9283
00706L,期元大S＆P日圓正2,130,0,130,凱基-北門,2023-11-15,9283
00933B,國泰10Y+金融債,51,0,51,凱基-北門,2023-11-15,9283
00915,凱基優選高股息30,50,0,50,凱基-北門,2023-11-15,9283
2607,榮運,49,1,48,凱基-北門,2023-11-15,9283
2888,新光金,40,0,40,凱基-北門,2023-11-15,9283
00772B,中信高評級公司債,40,1,39,凱基-北門,2023-11-15,9283
00632R,元大台灣50反1,33,0,33,凱基-北門,2023-11-15,9283
00934,中信成長高股息,26,0,26,凱基-北門,2023-11-15,9283
00751B,元大AAA至A公司債,23,0,23,凱基-北門,2023-11-15,9283
00679B,元大美債20年,30,10,20,凱基-北門,2023-11-15,9283
6443,元晶,20,0,20,凱基-北門,2023-11-15,9283
00878,國泰永續高股息,48,32,16,凱基-北門,2023-11-15,9283
6244,茂迪,15,0,15,凱基-北門,2023-11-15,9283
3567,逸昌,14,0,14,凱基-北門,2023-11-15,9283
00671R,富邦NASDAQ反1,10,0,10,凱基-北門,2023-11-15,9283
1522,堤維西,10,0,10,凱基-北門,2023-11-15,9283
3128,昇銳,10,0,10,凱基-北門,2023-11-15,9283
3035,智原,10,1,9,凱基-北門,2023-11-15,9283
2884,玉山金,9,0,9,凱基-北門,2023-11-15,9283
3376,新日興,13,5,8,凱基-北門,2023-11-15,9283
3706,神達,7,0,7,凱基-北門,2023-11-15,9283
2027,大成鋼,7,0,7,凱基-北門,2023-11-15,9283
6187,萬潤,7,1,6,凱基-北門,2023-11-15,9283
1514,亞力,6,0,6,凱基-北門,2023-11-15,9283
3362,先進光,6,0,6,凱基-北門,2023-11-15,9283
00929,復華台灣科技優息,38,33,5,凱基-北門,2023-11-15,9283
00665L,富邦�琤肭磪囓�2,5,0,5,凱基-北門,2023-11-15,9283
00673R,期元大S＆P原油反1,5,0,5,凱基-北門,2023-11-15,9283
00753L,中信中國50正2,15,10,5,凱基-北門,2023-11-15,9283
00733,富邦臺灣中小,5,0,5,凱基-北門,2023-11-15,9283
2356,英業達,6,1,5,凱基-北門,2023-11-15,9283
6589,台康生技,9,4,5,凱基-北門,2023-11-15,9283
2449,京元電子,5,1,4,凱基-北門,2023-11-15,9283
1609,大亞,5,1,4,凱基-北門,2023-11-15,9283
00908,富邦入息REITs+,4,0,4,凱基-北門,2023-11-15,9283
2364,倫飛,4,0,4,凱基-北門,2023-11-15,9283
6125,廣運,5,1,4,凱基-北門,2023-11-15,9283
6133,金橋,4,0,4,凱基-北門,2023-11-15,9283
6235,華孚,10,6,4,凱基-北門,2023-11-15,9283
8908,欣雄,4,0,4,凱基-北門,2023-11-15,9283
00720B,元大投資級公司債,3,0,3,凱基-北門,2023-11-15,9283
00715L,期街口布蘭特正2,4,1,3,凱基-北門,2023-11-15,9283
1618,合機,3,0,3,凱基-北門,2023-11-15,9283
2353,宏��,3,0,3,凱基-北門,2023-11-15,9283
2402,毅嘉,3,0,3,凱基-北門,2023-11-15,9283
2486,一詮,4,1,3,凱基-北門,2023-11-15,9283
2495,普安,3,0,3,凱基-北門,2023-11-15,9283
3013,晟銘電,6,3,3,凱基-北門,2023-11-15,9283
3363,上詮,5,2,3,凱基-北門,2023-11-15,9283
2610,華航,86,12,74,凱基-北門,2023-11-16,9283
00680L,元大美債20正2,50,0,50,凱基-北門,2023-11-16,9283
2883B,凱基金乙特,40,0,40,凱基-北門,2023-11-16,9283
00929,復華台灣科技優息,37,0,37,凱基-北門,2023-11-16,9283
2883,凱基金,28,0,28,凱基-北門,2023-11-16,9283
00715L,期街口布蘭特正2,27,0,27,凱基-北門,2023-11-16,9283
2417,圓剛,53,32,21,凱基-北門,2023-11-16,9283
1517,利奇,21,0,21,凱基-北門,2023-11-16,9283
00706L,期元大S＆P日圓正2,20,0,20,凱基-北門,2023-11-16,9283
00687B,國泰20年美債,17,0,17,凱基-北門,2023-11-16,9283
2014,中鴻,15,1,14,凱基-北門,2023-11-16,9283
3006,晶豪科,101,88,13,凱基-北門,2023-11-16,9283
0056,元大高股息,22,11,11,凱基-北門,2023-11-16,9283
00933B,國泰10Y+金融債,11,0,11,凱基-北門,2023-11-16,9283
1907,永豐餘,10,0,10,凱基-北門,2023-11-16,9283
2358,廷鑫,10,0,10,凱基-北門,2023-11-16,9283
2538,基泰,10,0,10,凱基-北門,2023-11-16,9283
3704,合勤控,10,0,10,凱基-北門,2023-11-16,9283
4977,眾達-KY,10,0,10,凱基-北門,2023-11-16,9283
8908,欣雄,10,0,10,凱基-北門,2023-11-16,9283
1210,大成,11,2,9,凱基-北門,2023-11-16,9283
2344,華邦電,27,18,9,凱基-北門,2023-11-16,9283
3260,威剛,10,1,9,凱基-北門,2023-11-16,9283
6141,柏承,9,0,9,凱基-北門,2023-11-16,9283
3567,逸昌,8,0,8,凱基-北門,2023-11-16,9283
00679B,元大美債20年,8,0,8,凱基-北門,2023-11-16,9283
00878,國泰永續高股息,11,4,7,凱基-北門,2023-11-16,9283
2371,大同,10,3,7,凱基-北門,2023-11-16,9283
3303,岱稜,10,4,6,凱基-北門,2023-11-16,9283
00919,群益台灣精選高息,6,1,5,凱基-北門,2023-11-16,9283
6282,康舒,5,0,5,凱基-北門,2023-11-16,9283
00642U,期元大S＆P石油,5,0,5,凱基-北門,2023-11-16,9283
2029,盛餘,5,0,5,凱基-北門,2023-11-16,9283
3265,台星科,6,1,5,凱基-北門,2023-11-16,9283
5009,榮剛,5,0,5,凱基-北門,2023-11-16,9283
6933,AMAX-KY,5,0,5,凱基-北門,2023-11-16,9283
00934,中信成長高股息,4,0,4,凱基-北門,2023-11-16,9283
00722B,群益投資級電信債,4,0,4,凱基-北門,2023-11-16,9283
00720B,元大投資級公司債,4,0,4,凱基-北門,2023-11-16,9283
2852,第一保,4,0,4,凱基-北門,2023-11-16,9283
6569,醫揚,4,0,4,凱基-北門,2023-11-16,9283
8086,宏捷科,6,2,4,凱基-北門,2023-11-16,9283
8210,勤誠,9,5,4,凱基-北門,2023-11-16,9283
8420,明揚,5,1,4,凱基-北門,2023-11-16,9283
2301,光寶科,3,0,3,凱基-北門,2023-11-16,9283
00751B,元大AAA至A公司債,3,0,3,凱基-北門,2023-11-16,9283
1319,東陽,3,0,3,凱基-北門,2023-11-16,9283
1605,華新,5,2,3,凱基-北門,2023-11-16,9283
1727,中華化,3,0,3,凱基-北門,2023-11-16,9283
2023,燁輝,3,0,3,凱基-北門,2023-11-16,9283
00650L,復華香港正2,100,1,99,凱基-北門,2023-11-17,9283
00637L,元大滬深300正2,72,0,72,凱基-北門,2023-11-17,9283
00655L,國泰中國A50正2,60,0,60,凱基-北門,2023-11-17,9283
00633L,富邦上証正2,60,0,60,凱基-北門,2023-11-17,9283
4533,協易機,35,0,35,凱基-北門,2023-11-17,9283
00642U,期元大S＆P石油,32,0,32,凱基-北門,2023-11-17,9283
00715L,期街口布蘭特正2,32,1,31,凱基-北門,2023-11-17,9283
00904,新光臺灣半導體30,30,0,30,凱基-北門,2023-11-17,9283
6274,台燿,30,8,22,凱基-北門,2023-11-17,9283
3483,力致,21,1,20,凱基-北門,2023-11-17,9283
00929,復華台灣科技優息,19,2,17,凱基-北門,2023-11-17,9283
5009,榮剛,17,0,17,凱基-北門,2023-11-17,9283
00690,兆豐藍籌30,15,0,15,凱基-北門,2023-11-17,9283
5533,皇鼎,15,0,15,凱基-北門,2023-11-17,9283
2027,大成鋼,14,0,14,凱基-北門,2023-11-17,9283
4550,長佳,14,0,14,凱基-北門,2023-11-17,9283
6770,力積電,16,2,14,凱基-北門,2023-11-17,9283
2376,技嘉,16,3,13,凱基-北門,2023-11-17,9283
00632R,元大台灣50反1,20,7,13,凱基-北門,2023-11-17,9283
00687B,國泰20年美債,15,2,13,凱基-北門,2023-11-17,9283
2365,昆盈,13,0,13,凱基-北門,2023-11-17,9283
3675,德微,15,2,13,凱基-北門,2023-11-17,9283
6125,廣運,21,8,13,凱基-北門,2023-11-17,9283
2363,矽統,19,7,12,凱基-北門,2023-11-17,9283
2402,毅嘉,17,5,12,凱基-北門,2023-11-17,9283
3567,逸昌,12,0,12,凱基-北門,2023-11-17,9283
2002,中鋼,11,0,11,凱基-北門,2023-11-17,9283
3374,精材,11,0,11,凱基-北門,2023-11-17,9283
00680L,元大美債20正2,10,0,10,凱基-北門,2023-11-17,9283
1907,永豐餘,10,0,10,凱基-北門,2023-11-17,9283
2014,中鴻,10,0,10,凱基-北門,2023-11-17,9283
2851,中再保,10,0,10,凱基-北門,2023-11-17,9283
8271,宇瞻,10,0,10,凱基-北門,2023-11-17,9283
3047,訊舟,10,1,9,凱基-北門,2023-11-17,9283
00915,凱基優選高股息30,11,3,8,凱基-北門,2023-11-17,9283
2610,華航,13,5,8,凱基-北門,2023-11-17,9283
2739,寒舍,8,0,8,凱基-北門,2023-11-17,9283
3701,大眾控,8,0,8,凱基-北門,2023-11-17,9283
0056,元大高股息,7,0,7,凱基-北門,2023-11-17,9283
3622,洋華,7,0,7,凱基-北門,2023-11-17,9283
1477,聚陽,6,0,6,凱基-北門,2023-11-17,9283
1815,富喬,96,90,6,凱基-北門,2023-11-17,9283
2323,中環,6,0,6,凱基-北門,2023-11-17,9283
3260,威剛,9,3,6,凱基-北門,2023-11-17,9283
6112,邁達特,6,0,6,凱基-北門,2023-11-17,9283
00679B,元大美債20年,5,0,5,凱基-北門,2023-11-17,9283
00935,野村臺灣新科技50,5,0,5,凱基-北門,2023-11-17,9283
00706L,期元大S＆P日圓正2,5,0,5,凱基-北門,2023-11-17,9283
2401,凌陽,12,7,5,凱基-北門,2023-11-17,9283
2705,六福,5,0,5,凱基-北門,2023-11-17,9283
00680L,元大美債20正2,102,0,102,凱基-北門,2023-11-20,9283
00687B,國泰20年美債,59,0,59,凱基-北門,2023-11-20,9283
00878,國泰永續高股息,28,3,25,凱基-北門,2023-11-20,9283
1319,東陽,25,1,24,凱基-北門,2023-11-20,9283
2312,金寶,22,0,22,凱基-北門,2023-11-20,9283
3363,上詮,22,0,22,凱基-北門,2023-11-20,9283
2883,凱基金,20,0,20,凱基-北門,2023-11-20,9283
2356,英業達,21,1,20,凱基-北門,2023-11-20,9283
2374,佳能,20,0,20,凱基-北門,2023-11-20,9283
5488,松普,20,0,20,凱基-北門,2023-11-20,9283
6443,元晶,26,6,20,凱基-北門,2023-11-20,9283
2382,廣達,19,0,19,凱基-北門,2023-11-20,9283
1618,合機,15,0,15,凱基-北門,2023-11-20,9283
5351,鈺創,20,5,15,凱基-北門,2023-11-20,9283
6026,福邦證,15,0,15,凱基-北門,2023-11-20,9283
6770,力積電,14,1,13,凱基-北門,2023-11-20,9283
2344,華邦電,25,13,12,凱基-北門,2023-11-20,9283
2365,昆盈,12,0,12,凱基-北門,2023-11-20,9283
5312,寶島科,10,0,10,凱基-北門,2023-11-20,9283
2258,鴻華先進-創,10,0,10,凱基-北門,2023-11-20,9283
2324,仁寶,10,0,10,凱基-北門,2023-11-20,9283
2367,燿華,17,7,10,凱基-北門,2023-11-20,9283
3645,達邁,10,0,10,凱基-北門,2023-11-20,9283
3675,德微,13,3,10,凱基-北門,2023-11-20,9283
00936,台新永續高息中小,12,3,9,凱基-北門,2023-11-20,9283
2618,長榮航,11,2,9,凱基-北門,2023-11-20,9283
1524,耿鼎,10,2,8,凱基-北門,2023-11-20,9283
2495,普安,8,0,8,凱基-北門,2023-11-20,9283
2736,富野,8,0,8,凱基-北門,2023-11-20,9283
9950,萬國通,8,0,8,凱基-北門,2023-11-20,9283
3567,逸昌,7,0,7,凱基-北門,2023-11-20,9283
3035,智原,13,7,6,凱基-北門,2023-11-20,9283
1522,堤維西,6,0,6,凱基-北門,2023-11-20,9283
00934,中信成長高股息,5,0,5,凱基-北門,2023-11-20,9283
00923,群益台ESG低碳50,5,0,5,凱基-北門,2023-11-20,9283
00882,中信中國高股息,5,0,5,凱基-北門,2023-11-20,9283
00690,兆豐藍籌30,5,0,5,凱基-北門,2023-11-20,9283
2543,皇昌,10,5,5,凱基-北門,2023-11-20,9283
3013,晟銘電,6,1,5,凱基-北門,2023-11-20,9283
3576,聯合再生,5,0,5,凱基-北門,2023-11-20,9283
3694,海華,5,0,5,凱基-北門,2023-11-20,9283
0056,元大高股息,5,0,5,凱基-北門,2023-11-20,9283
3260,威剛,4,0,4,凱基-北門,2023-11-20,9283
00753L,中信中國50正2,4,0,4,凱基-北門,2023-11-20,9283
00683L,期元大美元指正2,4,0,4,凱基-北門,2023-11-20,9283
1609,大亞,4,0,4,凱基-北門,2023-11-20,9283
2233,宇隆,4,0,4,凱基-北門,2023-11-20,9283
2462,良得電,7,3,4,凱基-北門,2023-11-20,9283
2468,華經,4,0,4,凱基-北門,2023-11-20,9283
2498,宏達電,4,0,4,凱基-北門,2023-11-20,9283
00680L,元大美債20正2,140,3,137,凱基-北門,2023-11-21,9283
00919,群益台灣精選高息,114,6,108,凱基-北門,2023-11-21,9283
00706L,期元大S＆P日圓正2,105,0,105,凱基-北門,2023-11-21,9283
00929,復華台灣科技優息,76,14,62,凱基-北門,2023-11-21,9283
2883B,凱基金乙特,50,0,50,凱基-北門,2023-11-21,9283
2014,中鴻,32,0,32,凱基-北門,2023-11-21,9283
4533,協易機,30,0,30,凱基-北門,2023-11-21,9283
00632R,元大台灣50反1,29,0,29,凱基-北門,2023-11-21,9283
00934,中信成長高股息,31,10,21,凱基-北門,2023-11-21,9283
4550,長佳,20,0,20,凱基-北門,2023-11-21,9283
00931B,統一美債20年,16,0,16,凱基-北門,2023-11-21,9283
5302,太欣,15,0,15,凱基-北門,2023-11-21,9283
4720,德淵,14,0,14,凱基-北門,2023-11-21,9283
2376,技嘉,24,12,12,凱基-北門,2023-11-21,9283
3231,緯創,45,33,12,凱基-北門,2023-11-21,9283
2365,昆盈,10,0,10,凱基-北門,2023-11-21,9283
00885,富邦越南,10,0,10,凱基-北門,2023-11-21,9283
2313,華通,37,27,10,凱基-北門,2023-11-21,9283
3532,台勝科,10,0,10,凱基-北門,2023-11-21,9283
6202,盛群,10,0,10,凱基-北門,2023-11-21,9283
6104,創惟,11,2,9,凱基-北門,2023-11-21,9283
00673R,期元大S＆P原油反1,10,1,9,凱基-北門,2023-11-21,9283
00712,復華富時不動產,9,0,9,凱基-北門,2023-11-21,9283
2316,楠梓電,11,2,9,凱基-北門,2023-11-21,9283
3715,定穎投控,31,22,9,凱基-北門,2023-11-21,9283
2363,矽統,25,17,8,凱基-北門,2023-11-21,9283
1815,富喬,11,3,8,凱基-北門,2023-11-21,9283
5312,寶島科,8,0,8,凱基-北門,2023-11-21,9283
8086,宏捷科,8,0,8,凱基-北門,2023-11-21,9283
00904,新光臺灣半導體30,6,0,6,凱基-北門,2023-11-21,9283
00720B,元大投資級公司債,6,0,6,凱基-北門,2023-11-21,9283
2006,東和鋼鐵,6,0,6,凱基-北門,2023-11-21,9283
00773B,中信優先金融債,5,0,5,凱基-北門,2023-11-21,9283
2495,普安,5,0,5,凱基-北門,2023-11-21,9283
3013,晟銘電,7,2,5,凱基-北門,2023-11-21,9283
3032,偉訓,7,2,5,凱基-北門,2023-11-21,9283
3059,華晶科,11,6,5,凱基-北門,2023-11-21,9283
3257,虹冠電,6,1,5,凱基-北門,2023-11-21,9283
3287,廣寰科,7,2,5,凱基-北門,2023-11-21,9283
3588,通嘉,8,3,5,凱基-北門,2023-11-21,9283
3675,德微,5,0,5,凱基-北門,2023-11-21,9283
6196,帆宣,5,0,5,凱基-北門,2023-11-21,9283
6509,聚和,5,0,5,凱基-北門,2023-11-21,9283
8420,明揚,5,0,5,凱基-北門,2023-11-21,9283
3289,宜特,5,0,5,凱基-北門,2023-11-21,9283
6446,藥華藥,4,0,4,凱基-北門,2023-11-21,9283
1605,華新,12,8,4,凱基-北門,2023-11-21,9283
3073,天方能源,4,0,4,凱基-北門,2023-11-21,9283
8081,致新,4,0,4,凱基-北門,2023-11-21,9283
6191,精成科,3,0,3,凱基-北門,2023-11-21,9283
5388,中磊,200,0,200,凱基-北門,2023-11-22,9283
2405,輔信,51,9,42,凱基-北門,2023-11-22,9283
00706L,期元大S＆P日圓正2,40,0,40,凱基-北門,2023-11-22,9283
5533,皇鼎,45,6,39,凱基-北門,2023-11-22,9283
3078,僑威,41,8,33,凱基-北門,2023-11-22,9283
4550,長佳,32,0,32,凱基-北門,2023-11-22,9283
3231,緯創,64,33,31,凱基-北門,2023-11-22,9283
6125,廣運,30,0,30,凱基-北門,2023-11-22,9283
00919,群益台灣精選高息,25,0,25,凱基-北門,2023-11-22,9283
00934,中信成長高股息,24,0,24,凱基-北門,2023-11-22,9283
00679B,元大美債20年,23,0,23,凱基-北門,2023-11-22,9283
8110,華東,21,0,21,凱基-北門,2023-11-22,9283
1711,永光,19,0,19,凱基-北門,2023-11-22,9283
2356,英業達,19,1,18,凱基-北門,2023-11-22,9283
3419,譁裕,17,0,17,凱基-北門,2023-11-22,9283
4744,皇將,17,0,17,凱基-北門,2023-11-22,9283
2382,廣達,20,4,16,凱基-北門,2023-11-22,9283
0056,元大高股息,16,1,15,凱基-北門,2023-11-22,9283
2337,旺宏,15,0,15,凱基-北門,2023-11-22,9283
2457,飛宏,16,1,15,凱基-北門,2023-11-22,9283
2801,彰銀,15,0,15,凱基-北門,2023-11-22,9283
2888,新光金,15,0,15,凱基-北門,2023-11-22,9283
6419,京晨科,15,0,15,凱基-北門,2023-11-22,9283
3504,揚明光,15,1,14,凱基-北門,2023-11-22,9283
3567,逸昌,13,0,13,凱基-北門,2023-11-22,9283
5009,榮剛,23,10,13,凱基-北門,2023-11-22,9283
00933B,國泰10Y+金融債,12,0,12,凱基-北門,2023-11-22,9283
4128,中天,12,0,12,凱基-北門,2023-11-22,9283
5302,太欣,20,8,12,凱基-北門,2023-11-22,9283
5471,松翰,24,12,12,凱基-北門,2023-11-22,9283
3481,群創,11,0,11,凱基-北門,2023-11-22,9283
00692,富邦公司治理,10,0,10,凱基-北門,2023-11-22,9283
00722B,群益投資級電信債,10,0,10,凱基-北門,2023-11-22,9283
00773B,中信優先金融債,10,0,10,凱基-北門,2023-11-22,9283
3325,旭品,18,8,10,凱基-北門,2023-11-22,9283
2516,新建,14,5,9,凱基-北門,2023-11-22,9283
3027,盛達,10,1,9,凱基-北門,2023-11-22,9283
2376,技嘉,11,2,9,凱基-北門,2023-11-22,9283
2301,光寶科,9,1,8,凱基-北門,2023-11-22,9283
00753L,中信中國50正2,8,0,8,凱基-北門,2023-11-22,9283
00720B,元大投資級公司債,8,0,8,凱基-北門,2023-11-22,9283
2313,華通,37,29,8,凱基-北門,2023-11-22,9283
6168,宏齊,30,22,8,凱基-北門,2023-11-22,9283
1432,大魯閣,7,0,7,凱基-北門,2023-11-22,9283
1522,堤維西,7,0,7,凱基-北門,2023-11-22,9283
2388,威盛,22,15,7,凱基-北門,2023-11-22,9283
6290,良維,7,0,7,凱基-北門,2023-11-22,9283
00655L,國泰中國A50正2,6,0,6,凱基-北門,2023-11-22,9283
2305,全友,6,0,6,凱基-北門,2023-11-22,9283
2352,佳世達,13,7,6,凱基-北門,2023-11-22,9283
00632R,元大台灣50反1,130,5,125,凱基-北門,2023-11-23,9283
5302,太欣,100,0,100,凱基-北門,2023-11-23,9283
00706L,期元大S＆P日圓正2,60,0,60,凱基-北門,2023-11-23,9283
00919,群益台灣精選高息,43,0,43,凱基-北門,2023-11-23,9283
00715L,期街口布蘭特正2,39,0,39,凱基-北門,2023-11-23,9283
00680L,元大美債20正2,32,0,32,凱基-北門,2023-11-23,9283
9105,泰金寶-DR,51,21,30,凱基-北門,2023-11-23,9283
6770,力積電,44,15,29,凱基-北門,2023-11-23,9283
5439,高技,26,1,25,凱基-北門,2023-11-23,9283
00929,復華台灣科技優息,24,0,24,凱基-北門,2023-11-23,9283
3374,精材,21,0,21,凱基-北門,2023-11-23,9283
2027,大成鋼,20,0,20,凱基-北門,2023-11-23,9283
3231,緯創,34,14,20,凱基-北門,2023-11-23,9283
3057,喬鼎,19,0,19,凱基-北門,2023-11-23,9283
3122,笙泉,21,3,18,凱基-北門,2023-11-23,9283
3567,逸昌,16,0,16,凱基-北門,2023-11-23,9283
2303,聯電,19,4,15,凱基-北門,2023-11-23,9283
1437,勤益控,14,0,14,凱基-北門,2023-11-23,9283
4550,長佳,14,0,14,凱基-北門,2023-11-23,9283
6112,邁達特,14,0,14,凱基-北門,2023-11-23,9283
4720,德淵,13,0,13,凱基-北門,2023-11-23,9283
4960,誠美材,14,1,13,凱基-北門,2023-11-23,9283
4915,致伸,12,0,12,凱基-北門,2023-11-23,9283
8908,欣雄,12,0,12,凱基-北門,2023-11-23,9283
8996,高力,10,0,10,凱基-北門,2023-11-23,9283
00642U,期元大S＆P石油,20,10,10,凱基-北門,2023-11-23,9283
1409,新纖,10,0,10,凱基-北門,2023-11-23,9283
1905,華紙,11,1,10,凱基-北門,2023-11-23,9283
2014,中鴻,10,0,10,凱基-北門,2023-11-23,9283
2332,友訊,10,0,10,凱基-北門,2023-11-23,9283
2374,佳能,10,0,10,凱基-北門,2023-11-23,9283
2401,凌陽,11,1,10,凱基-北門,2023-11-23,9283
3504,揚明光,10,0,10,凱基-北門,2023-11-23,9283
5521,工信,16,6,10,凱基-北門,2023-11-23,9283
8429,金麗-KY,10,0,10,凱基-北門,2023-11-23,9283
9958,世紀鋼,10,0,10,凱基-北門,2023-11-23,9283
9904,寶成,9,0,9,凱基-北門,2023-11-23,9283
3362,先進光,14,6,8,凱基-北門,2023-11-23,9283
6168,宏齊,15,7,8,凱基-北門,2023-11-23,9283
6213,聯茂,14,6,8,凱基-北門,2023-11-23,9283
2382,廣達,8,1,7,凱基-北門,2023-11-23,9283
4108,懷特,8,1,7,凱基-北門,2023-11-23,9283
6494,九齊,10,3,7,凱基-北門,2023-11-23,9283
3437,榮創,15,8,7,凱基-北門,2023-11-23,9283
2363,矽統,23,17,6,凱基-北門,2023-11-23,9283
2376,技嘉,8,2,6,凱基-北門,2023-11-23,9283
2436,偉詮電,7,1,6,凱基-北門,2023-11-23,9283
2610,華航,7,1,6,凱基-北門,2023-11-23,9283
6485,點序,8,2,6,凱基-北門,2023-11-23,9283
6684,安格,6,0,6,凱基-北門,2023-11-23,9283
00934,中信成長高股息,215,0,215,凱基-北門,2023-11-24,9283
0056,元大高股息,107,39,68,凱基-北門,2023-11-24,9283
3402,漢科,53,0,53,凱基-北門,2023-11-24,9283
5302,太欣,30,0,30,凱基-北門,2023-11-24,9283
00919,群益台灣精選高息,25,0,25,凱基-北門,2023-11-24,9283
2374,佳能,30,5,25,凱基-北門,2023-11-24,9283
00680L,元大美債20正2,23,1,22,凱基-北門,2023-11-24,9283
00632R,元大台灣50反1,20,0,20,凱基-北門,2023-11-24,9283
2329,華泰,20,0,20,凱基-北門,2023-11-24,9283
2365,昆盈,20,0,20,凱基-北門,2023-11-24,9283
6443,元晶,20,1,19,凱基-北門,2023-11-24,9283
00933B,國泰10Y+金融債,18,0,18,凱基-北門,2023-11-24,9283
00931B,統一美債20年,17,0,17,凱基-北門,2023-11-24,9283
00720B,元大投資級公司債,16,0,16,凱基-北門,2023-11-24,9283
2027,大成鋼,15,0,15,凱基-北門,2023-11-24,9283
3317,尼克森,15,0,15,凱基-北門,2023-11-24,9283
2634,漢翔,25,12,13,凱基-北門,2023-11-24,9283
00878,國泰永續高股息,13,0,13,凱基-北門,2023-11-24,9283
2371,大同,12,0,12,凱基-北門,2023-11-24,9283
00679B,元大美債20年,12,1,11,凱基-北門,2023-11-24,9283
3701,大眾控,11,0,11,凱基-北門,2023-11-24,9283
3006,晶豪科,12,2,10,凱基-北門,2023-11-24,9283
3231,緯創,26,16,10,凱基-北門,2023-11-24,9283
3036,文曄,10,0,10,凱基-北門,2023-11-24,9283
00706L,期元大S＆P日圓正2,10,0,10,凱基-北門,2023-11-24,9283
2801,彰銀,10,0,10,凱基-北門,2023-11-24,9283
5009,榮剛,10,0,10,凱基-北門,2023-11-24,9283
6026,福邦證,10,0,10,凱基-北門,2023-11-24,9283
2618,長榮航,9,0,9,凱基-北門,2023-11-24,9283
8908,欣雄,9,0,9,凱基-北門,2023-11-24,9283
2610,華航,8,0,8,凱基-北門,2023-11-24,9283
2356,英業達,8,1,7,凱基-北門,2023-11-24,9283
2472,立隆電,7,0,7,凱基-北門,2023-11-24,9283
2613,中櫃,7,0,7,凱基-北門,2023-11-24,9283
2887,台新金,7,0,7,凱基-北門,2023-11-24,9283
3010,華立,7,0,7,凱基-北門,2023-11-24,9283
3041,揚智,9,2,7,凱基-北門,2023-11-24,9283
5704,老爺知,7,0,7,凱基-北門,2023-11-24,9283
6432,今展科,7,0,7,凱基-北門,2023-11-24,9283
2401,凌陽,8,2,6,凱基-北門,2023-11-24,9283
2538,基泰,6,0,6,凱基-北門,2023-11-24,9283
6485,點序,6,0,6,凱基-北門,2023-11-24,9283
6578,達邦蛋白,6,0,6,凱基-北門,2023-11-24,9283
00921,兆豐龍頭等權重,5,0,5,凱基-北門,2023-11-24,9283
00773B,中信優先金融債,5,0,5,凱基-北門,2023-11-24,9283
00904,新光臺灣半導體30,5,0,5,凱基-北門,2023-11-24,9283
00722B,群益投資級電信債,5,0,5,凱基-北門,2023-11-24,9283
2417,圓剛,8,3,5,凱基-北門,2023-11-24,9283
2516,新建,6,1,5,凱基-北門,2023-11-24,9283
3032,偉訓,7,2,5,凱基-北門,2023-11-24,9283
00632R,元大台灣50反1,90,4,86,凱基-北門,2023-11-27,9283
00728,第一金工業30,80,0,80,凱基-北門,2023-11-27,9283
00715L,期街口布蘭特正2,56,2,54,凱基-北門,2023-11-27,9283
5302,太欣,50,0,50,凱基-北門,2023-11-27,9283
2801,彰銀,30,0,30,凱基-北門,2023-11-27,9283
1701,中化,28,3,25,凱基-北門,2023-11-27,9283
00655L,國泰中國A50正2,23,0,23,凱基-北門,2023-11-27,9283
00878,國泰永續高股息,24,1,23,凱基-北門,2023-11-27,9283
00642U,期元大S＆P石油,22,0,22,凱基-北門,2023-11-27,9283
00637L,元大滬深300正2,22,0,22,凱基-北門,2023-11-27,9283
2834,臺企銀,21,0,21,凱基-北門,2023-11-27,9283
00633L,富邦上証正2,21,0,21,凱基-北門,2023-11-27,9283
8908,欣雄,21,0,21,凱基-北門,2023-11-27,9283
3567,逸昌,20,0,20,凱基-北門,2023-11-27,9283
5452,佶優,20,0,20,凱基-北門,2023-11-27,9283
2812,台中銀,20,0,20,凱基-北門,2023-11-27,9283
3231,緯創,31,12,19,凱基-北門,2023-11-27,9283
9919,康那香,20,2,18,凱基-北門,2023-11-27,9283
2356,英業達,17,1,16,凱基-北門,2023-11-27,9283
1720,生達,15,0,15,凱基-北門,2023-11-27,9283
00679B,元大美債20年,15,0,15,凱基-北門,2023-11-27,9283
6148,驊宏資,14,0,14,凱基-北門,2023-11-27,9283
00919,群益台灣精選高息,13,0,13,凱基-北門,2023-11-27,9283
00772B,中信高評級公司債,12,0,12,凱基-北門,2023-11-27,9283
1795,美時,14,2,12,凱基-北門,2023-11-27,9283
00900,富邦特選高股息30,11,1,10,凱基-北門,2023-11-27,9283
00773B,中信優先金融債,10,0,10,凱基-北門,2023-11-27,9283
00706L,期元大S＆P日圓正2,10,0,10,凱基-北門,2023-11-27,9283
8086,宏捷科,10,1,9,凱基-北門,2023-11-27,9283
9938,百和,9,0,9,凱基-北門,2023-11-27,9283
5203,訊連,8,0,8,凱基-北門,2023-11-27,9283
2382,廣達,8,0,8,凱基-北門,2023-11-27,9283
00931B,統一美債20年,7,0,7,凱基-北門,2023-11-27,9283
2634,漢翔,26,19,7,凱基-北門,2023-11-27,9283
2206,三陽工業,8,1,7,凱基-北門,2023-11-27,9283
2610,華航,10,3,7,凱基-北門,2023-11-27,9283
5009,榮剛,7,0,7,凱基-北門,2023-11-27,9283
6282,康舒,8,1,7,凱基-北門,2023-11-27,9283
00933B,國泰10Y+金融債,6,0,6,凱基-北門,2023-11-27,9283
2313,華通,78,72,6,凱基-北門,2023-11-27,9283
6197,佳必琪,6,0,6,凱基-北門,2023-11-27,9283
2816,旺旺保,9,3,6,凱基-北門,2023-11-27,9283
3105,穩懋,6,1,5,凱基-北門,2023-11-27,9283
4763,材料-KY,6,1,5,凱基-北門,2023-11-27,9283
3260,威剛,6,1,5,凱基-北門,2023-11-27,9283
00935,野村臺灣新科技50,5,0,5,凱基-北門,2023-11-27,9283
2303,聯電,11,6,5,凱基-北門,2023-11-27,9283
2367,燿華,5,0,5,凱基-北門,2023-11-27,9283
3705,永信,5,0,5,凱基-北門,2023-11-27,9283
5704,老爺知,5,0,5,凱基-北門,2023-11-27,9283
00680L,元大美債20正2,230,2,228,凱基-北門,2023-11-28,9283
00715L,期街口布蘭特正2,60,0,60,凱基-北門,2023-11-28,9283
00687B,國泰20年美債,30,0,30,凱基-北門,2023-11-28,9283
00696B,富邦美債20年,25,0,25,凱基-北門,2023-11-28,9283
5347,世界,27,2,25,凱基-北門,2023-11-28,9283
4142,國光生,20,0,20,凱基-北門,2023-11-28,9283
1517,利奇,19,0,19,凱基-北門,2023-11-28,9283
2002,中鋼,20,4,16,凱基-北門,2023-11-28,9283
2405,輔信,12,0,12,凱基-北門,2023-11-28,9283
8086,宏捷科,13,2,11,凱基-北門,2023-11-28,9283
8926,台汽電,11,0,11,凱基-北門,2023-11-28,9283
00930,永豐ESG低碳高息,10,0,10,凱基-北門,2023-11-28,9283
2630,亞航,10,0,10,凱基-北門,2023-11-28,9283
3209,全科,10,0,10,凱基-北門,2023-11-28,9283
3311,閎暉,10,0,10,凱基-北門,2023-11-28,9283
4114,健喬,12,2,10,凱基-北門,2023-11-28,9283
2382,廣達,13,3,10,凱基-北門,2023-11-28,9283
2383,台光電,10,2,8,凱基-北門,2023-11-28,9283
2376,技嘉,10,2,8,凱基-北門,2023-11-28,9283
1101,台泥,7,0,7,凱基-北門,2023-11-28,9283
2402,毅嘉,7,0,7,凱基-北門,2023-11-28,9283
6125,廣運,7,0,7,凱基-北門,2023-11-28,9283
6202,盛群,7,0,7,凱基-北門,2023-11-28,9283
8908,欣雄,7,0,7,凱基-北門,2023-11-28,9283
00720B,元大投資級公司債,6,0,6,凱基-北門,2023-11-28,9283
2888,新光金,6,0,6,凱基-北門,2023-11-28,9283
4157,太景*-KY,6,0,6,凱基-北門,2023-11-28,9283
5258,虹堡,7,2,5,凱基-北門,2023-11-28,9283
00642U,期元大S＆P石油,5,0,5,凱基-北門,2023-11-28,9283
00722B,群益投資級電信債,5,0,5,凱基-北門,2023-11-28,9283
00773B,中信優先金融債,5,0,5,凱基-北門,2023-11-28,9283
1460,宏遠,5,0,5,凱基-北門,2023-11-28,9283
2344,華邦電,7,2,5,凱基-北門,2023-11-28,9283
2425,承啟,5,0,5,凱基-北門,2023-11-28,9283
2610,華航,5,0,5,凱基-北門,2023-11-28,9283
2883,凱基金,9,4,5,凱基-北門,2023-11-28,9283
2913,農林,5,0,5,凱基-北門,2023-11-28,9283
6245,立端,8,3,5,凱基-北門,2023-11-28,9283
2603,長榮,4,0,4,凱基-北門,2023-11-28,9283
2605,新興,9,5,4,凱基-北門,2023-11-28,9283
3623,富晶通,4,0,4,凱基-北門,2023-11-28,9283
5521,工信,4,0,4,凱基-北門,2023-11-28,9283
6180,橘子,4,0,4,凱基-北門,2023-11-28,9283
00753L,中信中國50正2,4,1,3,凱基-北門,2023-11-28,9283
6472,保瑞,3,0,3,凱基-北門,2023-11-28,9283
00934,中信成長高股息,3,0,3,凱基-北門,2023-11-28,9283
1720,生達,3,0,3,凱基-北門,2023-11-28,9283
3374,精材,6,3,3,凱基-北門,2023-11-28,9283
00712,復華富時不動產,3,0,3,凱基-北門,2023-11-28,9283
1618,合機,3,0,3,凱基-北門,2023-11-28,9283
00929,復華台灣科技優息,150,32,118,凱基-北門,2023-11-29,9283
00680L,元大美債20正2,61,2,59,凱基-北門,2023-11-29,9283
5302,太欣,30,0,30,凱基-北門,2023-11-29,9283
3402,漢科,29,0,29,凱基-北門,2023-11-29,9283
00633L,富邦上証正2,28,3,25,凱基-北門,2023-11-29,9283
2367,燿華,27,6,21,凱基-北門,2023-11-29,9283
2442,新美齊,21,0,21,凱基-北門,2023-11-29,9283
00655L,國泰中國A50正2,20,0,20,凱基-北門,2023-11-29,9283
4157,太景*-KY,19,0,19,凱基-北門,2023-11-29,9283
2610,華航,17,0,17,凱基-北門,2023-11-29,9283
2065,世豐,15,0,15,凱基-北門,2023-11-29,9283
2460,建通,15,0,15,凱基-北門,2023-11-29,9283
00665L,富邦�琤肭磪囓�2,14,0,14,凱基-北門,2023-11-29,9283
1457,宜進,14,0,14,凱基-北門,2023-11-29,9283
2382,廣達,17,3,14,凱基-北門,2023-11-29,9283
1618,合機,24,11,13,凱基-北門,2023-11-29,9283
2356,英業達,13,0,13,凱基-北門,2023-11-29,9283
1513,中興電,18,6,12,凱基-北門,2023-11-29,9283
2344,華邦電,23,11,12,凱基-北門,2023-11-29,9283
4744,皇將,11,0,11,凱基-北門,2023-11-29,9283
00706L,期元大S＆P日圓正2,10,0,10,凱基-北門,2023-11-29,9283
00637L,元大滬深300正2,10,0,10,凱基-北門,2023-11-29,9283
1701,中化,10,0,10,凱基-北門,2023-11-29,9283
1742,台蠟,10,0,10,凱基-北門,2023-11-29,9283
2374,佳能,10,0,10,凱基-北門,2023-11-29,9283
2615,萬海,10,0,10,凱基-北門,2023-11-29,9283
2637,慧洋-KY,10,0,10,凱基-北門,2023-11-29,9283
6443,元晶,10,0,10,凱基-北門,2023-11-29,9283
2908,特力,9,0,9,凱基-北門,2023-11-29,9283
6770,力積電,10,1,9,凱基-北門,2023-11-29,9283
00919,群益台灣精選高息,9,1,8,凱基-北門,2023-11-29,9283
1720,生達,12,4,8,凱基-北門,2023-11-29,9283
3209,全科,8,0,8,凱基-北門,2023-11-29,9283
5328,華容,14,6,8,凱基-北門,2023-11-29,9283
1319,東陽,8,1,7,凱基-北門,2023-11-29,9283
00934,中信成長高股息,7,0,7,凱基-北門,2023-11-29,9283
2355,敬鵬,10,3,7,凱基-北門,2023-11-29,9283
2351,順德,6,0,6,凱基-北門,2023-11-29,9283
00720B,元大投資級公司債,6,0,6,凱基-北門,2023-11-29,9283
3122,笙泉,14,8,6,凱基-北門,2023-11-29,9283
5381,合正,11,5,6,凱基-北門,2023-11-29,9283
8054,安國,23,17,6,凱基-北門,2023-11-29,9283
5225,東科-KY,5,0,5,凱基-北門,2023-11-29,9283
2002,中鋼,5,0,5,凱基-北門,2023-11-29,9283
2206,三陽工業,5,0,5,凱基-北門,2023-11-29,9283
3013,晟銘電,6,1,5,凱基-北門,2023-11-29,9283
3311,閎暉,5,0,5,凱基-北門,2023-11-29,9283
3512,皇龍,5,0,5,凱基-北門,2023-11-29,9283
5608,四維航,6,1,5,凱基-北門,2023-11-29,9283
5704,老爺知,5,0,5,凱基-北門,2023-11-29,9283
00680L,元大美債20正2,297,0,297,凱基-北門,2023-11-30,9283
0056,元大高股息,38,1,37,凱基-北門,2023-11-30,9283
3047,訊舟,30,0,30,凱基-北門,2023-11-30,9283
2801,彰銀,21,0,21,凱基-北門,2023-11-30,9283
3402,漢科,21,1,20,凱基-北門,2023-11-30,9283
2637,慧洋-KY,18,1,17,凱基-北門,2023-11-30,9283
4167,松瑞藥,18,1,17,凱基-北門,2023-11-30,9283
2377,微星,16,1,15,凱基-北門,2023-11-30,9283
4739,康普,20,5,15,凱基-北門,2023-11-30,9283
4744,皇將,15,0,15,凱基-北門,2023-11-30,9283
6026,福邦證,20,5,15,凱基-北門,2023-11-30,9283
3481,群創,13,0,13,凱基-北門,2023-11-30,9283
00919,群益台灣精選高息,14,2,12,凱基-北門,2023-11-30,9283
6168,宏齊,12,0,12,凱基-北門,2023-11-30,9283
6282,康舒,11,0,11,凱基-北門,2023-11-30,9283
00706L,期元大S＆P日圓正2,10,0,10,凱基-北門,2023-11-30,9283
00688L,國泰20年美債正2,10,0,10,凱基-北門,2023-11-30,9283
00720B,元大投資級公司債,10,0,10,凱基-北門,2023-11-30,9283
2365,昆盈,10,0,10,凱基-北門,2023-11-30,9283
3543,州巧,10,0,10,凱基-北門,2023-11-30,9283
8088,品安,11,1,10,凱基-北門,2023-11-30,9283
3479,安勤,10,1,9,凱基-北門,2023-11-30,9283
3227,原相,9,0,9,凱基-北門,2023-11-30,9283
00728,第一金工業30,7,0,7,凱基-北門,2023-11-30,9283
1475,業旺,7,0,7,凱基-北門,2023-11-30,9283
1616,億泰,10,3,7,凱基-北門,2023-11-30,9283
2409,友達,7,0,7,凱基-北門,2023-11-30,9283
3078,僑威,8,1,7,凱基-北門,2023-11-30,9283
3122,笙泉,12,5,7,凱基-北門,2023-11-30,9283
3704,合勤控,10,3,7,凱基-北門,2023-11-30,9283
2356,英業達,22,16,6,凱基-北門,2023-11-30,9283
8930,青鋼,6,0,6,凱基-北門,2023-11-30,9283
2492,華新科,7,2,5,凱基-北門,2023-11-30,9283
1905,華紙,5,0,5,凱基-北門,2023-11-30,9283
2364,倫飛,5,0,5,凱基-北門,2023-11-30,9283
3027,盛達,5,0,5,凱基-北門,2023-11-30,9283
3033,威健,5,0,5,凱基-北門,2023-11-30,9283
3450,聯鈞,5,0,5,凱基-北門,2023-11-30,9283
5289,宜鼎,6,1,5,凱基-北門,2023-11-30,9283
6504,南六,5,0,5,凱基-北門,2023-11-30,9283
00878,國泰永續高股息,5,0,5,凱基-北門,2023-11-30,9283
00929,復華台灣科技優息,8,3,5,凱基-北門,2023-11-30,9283
00687B,國泰20年美債,6,2,4,凱基-北門,2023-11-30,9283
00673R,期元大S＆P原油反1,5,1,4,凱基-北門,2023-11-30,9283
2103,台橡,4,0,4,凱基-北門,2023-11-30,9283
2388,威盛,11,7,4,凱基-北門,2023-11-30,9283
2610,華航,4,0,4,凱基-北門,2023-11-30,9283
2887,台新金,5,1,4,凱基-北門,2023-11-30,9283
3546,宇峻,4,0,4,凱基-北門,2023-11-30,9283
3556,禾瑞亞,4,0,4,凱基-北門,2023-11-30,9283
00878,國泰永續高股息,65,0,65,凱基-北門,2023-12-01,9283
00934,中信成長高股息,62,0,62,凱基-北門,2023-12-01,9283
00919,群益台灣精選高息,60,0,60,凱基-北門,2023-12-01,9283
00715L,期街口布蘭特正2,59,0,59,凱基-北門,2023-12-01,9283
2352,佳世達,58,2,56,凱基-北門,2023-12-01,9283
4744,皇將,45,0,45,凱基-北門,2023-12-01,9283
2390,云辰,38,4,34,凱基-北門,2023-12-01,9283
5347,世界,30,4,26,凱基-北門,2023-12-01,9283
2888,新光金,22,0,22,凱基-北門,2023-12-01,9283
3047,訊舟,22,0,22,凱基-北門,2023-12-01,9283
00642U,期元大S＆P石油,20,0,20,凱基-北門,2023-12-01,9283
1582,信錦,21,2,19,凱基-北門,2023-12-01,9283
5222,全訊,20,1,19,凱基-北門,2023-12-01,9283
2027,大成鋼,31,16,15,凱基-北門,2023-12-01,9283
2365,昆盈,20,5,15,凱基-北門,2023-12-01,9283
8088,品安,15,0,15,凱基-北門,2023-12-01,9283
2356,英業達,14,0,14,凱基-北門,2023-12-01,9283
4550,長佳,17,3,14,凱基-北門,2023-12-01,9283
00728,第一金工業30,13,0,13,凱基-北門,2023-12-01,9283
2884,玉山金,11,0,11,凱基-北門,2023-12-01,9283
00687B,國泰20年美債,11,0,11,凱基-北門,2023-12-01,9283
2442,新美齊,11,0,11,凱基-北門,2023-12-01,9283
2382,廣達,15,4,11,凱基-北門,2023-12-01,9283
00679B,元大美債20年,10,0,10,凱基-北門,2023-12-01,9283
00688L,國泰20年美債正2,10,0,10,凱基-北門,2023-12-01,9283
2258,鴻華先進-創,10,0,10,凱基-北門,2023-12-01,9283
2605,新興,18,8,10,凱基-北門,2023-12-01,9283
6191,精成科,11,1,10,凱基-北門,2023-12-01,9283
3588,通嘉,9,0,9,凱基-北門,2023-12-01,9283
2367,燿華,16,7,9,凱基-北門,2023-12-01,9283
3481,群創,21,12,9,凱基-北門,2023-12-01,9283
3707,漢磊,9,0,9,凱基-北門,2023-12-01,9283
00929,復華台灣科技優息,13,5,8,凱基-北門,2023-12-01,9283
1568,倉佑,17,9,8,凱基-北門,2023-12-01,9283
2344,華邦電,9,1,8,凱基-北門,2023-12-01,9283
2609,陽明,15,7,8,凱基-北門,2023-12-01,9283
5302,太欣,10,2,8,凱基-北門,2023-12-01,9283
4157,太景*-KY,9,1,8,凱基-北門,2023-12-01,9283
1101,台泥,9,1,8,凱基-北門,2023-12-01,9283
3706,神達,16,8,8,凱基-北門,2023-12-01,9283
3041,揚智,9,2,7,凱基-北門,2023-12-01,9283
3402,漢科,7,0,7,凱基-北門,2023-12-01,9283
00665L,富邦�琤肭磪囓�2,6,0,6,凱基-北門,2023-12-01,9283
3050,鈺德,6,0,6,凱基-北門,2023-12-01,9283
5469,瀚宇博,6,0,6,凱基-北門,2023-12-01,9283
6446,藥華藥,6,0,6,凱基-北門,2023-12-01,9283
2880,華南金,6,0,6,凱基-北門,2023-12-01,9283
00857B,永豐20年美公債,5,0,5,凱基-北門,2023-12-01,9283
00882,中信中國高股息,5,0,5,凱基-北門,2023-12-01,9283
00915,凱基優選高股息30,8,3,5,凱基-北門,2023-12-01,9283
2340,台亞,180,0,180,凱基-北門,2023-12-04,9283
00919,群益台灣精選高息,111,3,108,凱基-北門,2023-12-04,9283
1603,華電,100,2,98,凱基-北門,2023-12-04,9283
00715L,期街口布蘭特正2,97,0,97,凱基-北門,2023-12-04,9283
2887,台新金,90,3,87,凱基-北門,2023-12-04,9283
00934,中信成長高股息,66,0,66,凱基-北門,2023-12-04,9283
00680L,元大美債20正2,57,0,57,凱基-北門,2023-12-04,9283
2349,錸德,50,0,50,凱基-北門,2023-12-04,9283
00642U,期元大S＆P石油,39,0,39,凱基-北門,2023-12-04,9283
1609,大亞,30,0,30,凱基-北門,2023-12-04,9283
9919,康那香,72,44,28,凱基-北門,2023-12-04,9283
1605,華新,35,12,23,凱基-北門,2023-12-04,9283
2105,正新,25,3,22,凱基-北門,2023-12-04,9283
2809,京城銀,20,0,20,凱基-北門,2023-12-04,9283
2313,華通,66,49,17,凱基-北門,2023-12-04,9283
2355,敬鵬,23,6,17,凱基-北門,2023-12-04,9283
00720B,元大投資級公司債,15,0,15,凱基-北門,2023-12-04,9283
2344,華邦電,19,4,15,凱基-北門,2023-12-04,9283
6015,宏遠證,15,0,15,凱基-北門,2023-12-04,9283
3231,緯創,31,16,15,凱基-北門,2023-12-04,9283
00915,凱基優選高股息30,12,0,12,凱基-北門,2023-12-04,9283
1616,億泰,12,0,12,凱基-北門,2023-12-04,9283
3078,僑威,12,0,12,凱基-北門,2023-12-04,9283
6122,擎邦,14,2,12,凱基-北門,2023-12-04,9283
3013,晟銘電,31,20,11,凱基-北門,2023-12-04,9283
6419,京晨科,11,0,11,凱基-北門,2023-12-04,9283
3443,創意,11,0,11,凱基-北門,2023-12-04,9283
2884,玉山金,11,0,11,凱基-北門,2023-12-04,9283
1514,亞力,18,8,10,凱基-北門,2023-12-04,9283
3015,全漢,10,0,10,凱基-北門,2023-12-04,9283
6161,捷波,10,0,10,凱基-北門,2023-12-04,9283
6579,研揚,10,0,10,凱基-北門,2023-12-04,9283
2352,佳世達,31,23,8,凱基-北門,2023-12-04,9283
6117,迎廣,17,9,8,凱基-北門,2023-12-04,9283
6197,佳必琪,8,0,8,凱基-北門,2023-12-04,9283
6243,迅杰,8,0,8,凱基-北門,2023-12-04,9283
1513,中興電,17,9,8,凱基-北門,2023-12-04,9283
1708,東鹼,8,1,7,凱基-北門,2023-12-04,9283
2641,正德,9,2,7,凱基-北門,2023-12-04,9283
3481,群創,36,29,7,凱基-北門,2023-12-04,9283
3622,洋華,7,0,7,凱基-北門,2023-12-04,9283
3706,神達,9,2,7,凱基-北門,2023-12-04,9283
6235,華孚,7,0,7,凱基-北門,2023-12-04,9283
6276,安鈦克,7,0,7,凱基-北門,2023-12-04,9283
1101,台泥,6,0,6,凱基-北門,2023-12-04,9283
00918,大華優利高填息30,6,0,6,凱基-北門,2023-12-04,9283
1339,昭輝,6,0,6,凱基-北門,2023-12-04,9283
4157,太景*-KY,30,24,6,凱基-北門,2023-12-04,9283
8390,金益鼎,6,0,6,凱基-北門,2023-12-04,9283
4128,中天,5,0,5,凱基-北門,2023-12-04,9283
00715L,期街口布蘭特正2,185,0,185,凱基-北門,2023-12-05,9283
0056,元大高股息,117,2,115,凱基-北門,2023-12-05,9283
2610,華航,92,0,92,凱基-北門,2023-12-05,9283
2312,金寶,57,2,55,凱基-北門,2023-12-05,9283
2453,凌群,40,0,40,凱基-北門,2023-12-05,9283
00679B,元大美債20年,35,0,35,凱基-北門,2023-12-05,9283
00919,群益台灣精選高息,46,13,33,凱基-北門,2023-12-05,9283
2641,正德,67,35,32,凱基-北門,2023-12-05,9283
2027,大成鋼,30,1,29,凱基-北門,2023-12-05,9283
3231,緯創,70,41,29,凱基-北門,2023-12-05,9283
2461,光群雷,25,0,25,凱基-北門,2023-12-05,9283
5608,四維航,39,16,23,凱基-北門,2023-12-05,9283
00680L,元大美債20正2,22,2,20,凱基-北門,2023-12-05,9283
2340,台亞,20,0,20,凱基-北門,2023-12-05,9283
2801,彰銀,20,0,20,凱基-北門,2023-12-05,9283
00720B,元大投資級公司債,18,0,18,凱基-北門,2023-12-05,9283
2634,漢翔,15,0,15,凱基-北門,2023-12-05,9283
3141,晶宏,15,0,15,凱基-北門,2023-12-05,9283
1506,正道,12,0,12,凱基-北門,2023-12-05,9283
4533,協易機,12,0,12,凱基-北門,2023-12-05,9283
4763,材料-KY,13,2,11,凱基-北門,2023-12-05,9283
00637L,元大滬深300正2,11,0,11,凱基-北門,2023-12-05,9283
00937B,群益ESG投等債20,364,353,11,凱基-北門,2023-12-05,9283
6125,廣運,17,6,11,凱基-北門,2023-12-05,9283
1101,台泥,12,2,10,凱基-北門,2023-12-05,9283
00918,大華優利高填息30,10,0,10,凱基-北門,2023-12-05,9283
00632R,元大台灣50反1,10,0,10,凱基-北門,2023-12-05,9283
00665L,富邦�琤肭磪囓�2,10,0,10,凱基-北門,2023-12-05,9283
00655L,國泰中國A50正2,10,0,10,凱基-北門,2023-12-05,9283
2618,長榮航,10,0,10,凱基-北門,2023-12-05,9283
6486,互動,10,0,10,凱基-北門,2023-12-05,9283
00633L,富邦上証正2,11,2,9,凱基-北門,2023-12-05,9283
00753L,中信中國50正2,9,0,9,凱基-北門,2023-12-05,9283
2303,聯電,14,5,9,凱基-北門,2023-12-05,9283
00687B,國泰20年美債,8,0,8,凱基-北門,2023-12-05,9283
2344,華邦電,8,0,8,凱基-北門,2023-12-05,9283
2417,圓剛,20,12,8,凱基-北門,2023-12-05,9283
00931B,統一美債20年,12,5,7,凱基-北門,2023-12-05,9283
1466,聚隆,7,0,7,凱基-北門,2023-12-05,9283
1467,南緯,7,0,7,凱基-北門,2023-12-05,9283
2329,華泰,59,52,7,凱基-北門,2023-12-05,9283
2367,燿華,17,10,7,凱基-北門,2023-12-05,9283
2891,中信金,7,0,7,凱基-北門,2023-12-05,9283
3050,鈺德,7,0,7,凱基-北門,2023-12-05,9283
1524,耿鼎,6,0,6,凱基-北門,2023-12-05,9283
2606,裕民,44,38,6,凱基-北門,2023-12-05,9283
2363,矽統,9,3,6,凱基-北門,2023-12-05,9283
00882,中信中國高股息,5,0,5,凱基-北門,2023-12-05,9283
00706L,期元大S＆P日圓正2,5,0,5,凱基-北門,2023-12-05,9283
00693U,期街口S＆P黃豆,5,0,5,凱基-北門,2023-12-05,9283
00680L,元大美債20正2,91,15,76,凱基-北門,2023-12-06,9283
00687B,國泰20年美債,61,2,59,凱基-北門,2023-12-06,9283
1718,中纖,50,0,50,凱基-北門,2023-12-06,9283
2834,臺企銀,50,0,50,凱基-北門,2023-12-06,9283
00715L,期街口布蘭特正2,42,0,42,凱基-北門,2023-12-06,9283
1513,中興電,46,6,40,凱基-北門,2023-12-06,9283
3027,盛達,35,0,35,凱基-北門,2023-12-06,9283
00919,群益台灣精選高息,30,0,30,凱基-北門,2023-12-06,9283
2605,新興,44,15,29,凱基-北門,2023-12-06,9283
3481,群創,22,0,22,凱基-北門,2023-12-06,9283
00720B,元大投資級公司債,21,0,21,凱基-北門,2023-12-06,9283
00937B,群益ESG投等債20,20,0,20,凱基-北門,2023-12-06,9283
00633L,富邦上証正2,15,0,15,凱基-北門,2023-12-06,9283
00637L,元大滬深300正2,12,0,12,凱基-北門,2023-12-06,9283
3041,揚智,14,2,12,凱基-北門,2023-12-06,9283
1568,倉佑,11,0,11,凱基-北門,2023-12-06,9283
3122,笙泉,11,0,11,凱基-北門,2023-12-06,9283
00933B,國泰10Y+金融債,10,0,10,凱基-北門,2023-12-06,9283
00655L,國泰中國A50正2,10,0,10,凱基-北門,2023-12-06,9283
1312,國喬,10,0,10,凱基-北門,2023-12-06,9283
2419,仲琦,29,19,10,凱基-北門,2023-12-06,9283
4142,國光生,10,0,10,凱基-北門,2023-12-06,9283
5452,佶優,10,0,10,凱基-北門,2023-12-06,9283
00690,兆豐藍籌30,8,0,8,凱基-北門,2023-12-06,9283
1475,業旺,8,0,8,凱基-北門,2023-12-06,9283
8908,欣雄,8,0,8,凱基-北門,2023-12-06,9283
2344,華邦電,7,0,7,凱基-北門,2023-12-06,9283
2606,裕民,25,18,7,凱基-北門,2023-12-06,9283
3083,網龍,10,3,7,凱基-北門,2023-12-06,9283
00882,中信中國高股息,6,0,6,凱基-北門,2023-12-06,9283
00642U,期元大S＆P石油,6,0,6,凱基-北門,2023-12-06,9283
1339,昭輝,6,0,6,凱基-北門,2023-12-06,9283
6197,佳必琪,11,5,6,凱基-北門,2023-12-06,9283
6550,北極星藥業-KY,6,0,6,凱基-北門,2023-12-06,9283
8071,能率網通,9,3,6,凱基-北門,2023-12-06,9283
6446,藥華藥,6,1,5,凱基-北門,2023-12-06,9283
1515,力山,5,0,5,凱基-北門,2023-12-06,9283
1616,億泰,6,1,5,凱基-北門,2023-12-06,9283
1618,合機,7,2,5,凱基-北門,2023-12-06,9283
2027,大成鋼,5,0,5,凱基-北門,2023-12-06,9283
2329,華泰,10,5,5,凱基-北門,2023-12-06,9283
2457,飛宏,7,2,5,凱基-北門,2023-12-06,9283
2867,三商壽,5,0,5,凱基-北門,2023-12-06,9283
2883,凱基金,5,0,5,凱基-北門,2023-12-06,9283
2888,新光金,5,0,5,凱基-北門,2023-12-06,9283
6213,聯茂,7,2,5,凱基-北門,2023-12-06,9283
1514,亞力,35,30,5,凱基-北門,2023-12-06,9283
1582,信錦,15,10,5,凱基-北門,2023-12-06,9283
1101,台泥,4,0,4,凱基-北門,2023-12-06,9283
00679B,元大美債20年,4,0,4,凱基-北門,2023-12-06,9283
00680L,元大美債20正2,158,0,158,凱基-北門,2023-12-07,9283
0056,元大高股息,86,10,76,凱基-北門,2023-12-07,9283
00720B,元大投資級公司債,50,0,50,凱基-北門,2023-12-07,9283
5426,振發,40,0,40,凱基-北門,2023-12-07,9283
6788,華景電,40,0,40,凱基-北門,2023-12-07,9283
00715L,期街口布蘭特正2,37,0,37,凱基-北門,2023-12-07,9283
3706,神達,40,3,37,凱基-北門,2023-12-07,9283
00919,群益台灣精選高息,31,1,30,凱基-北門,2023-12-07,9283
4402,郡都開發,30,0,30,凱基-北門,2023-12-07,9283
1339,昭輝,31,6,25,凱基-北門,2023-12-07,9283
2417,圓剛,23,0,23,凱基-北門,2023-12-07,9283
6125,廣運,24,2,22,凱基-北門,2023-12-07,9283
00637L,元大滬深300正2,21,0,21,凱基-北門,2023-12-07,9283
00633L,富邦上証正2,20,0,20,凱基-北門,2023-12-07,9283
00655L,國泰中國A50正2,20,0,20,凱基-北門,2023-12-07,9283
00918,大華優利高填息30,20,0,20,凱基-北門,2023-12-07,9283
1582,信錦,25,5,20,凱基-北門,2023-12-07,9283
2457,飛宏,18,1,17,凱基-北門,2023-12-07,9283
00933B,國泰10Y+金融債,16,0,16,凱基-北門,2023-12-07,9283
2312,金寶,15,0,15,凱基-北門,2023-12-07,9283
1319,東陽,35,21,14,凱基-北門,2023-12-07,9283
00751B,元大AAA至A公司債,14,1,13,凱基-北門,2023-12-07,9283
3013,晟銘電,20,7,13,凱基-北門,2023-12-07,9283
00929,復華台灣科技優息,13,2,11,凱基-北門,2023-12-07,9283
00882,中信中國高股息,11,0,11,凱基-北門,2023-12-07,9283
00642U,期元大S＆P石油,11,0,11,凱基-北門,2023-12-07,9283
6257,矽格,12,1,11,凱基-北門,2023-12-07,9283
00935,野村臺灣新科技50,10,0,10,凱基-北門,2023-12-07,9283
00706L,期元大S＆P日圓正2,10,0,10,凱基-北門,2023-12-07,9283
00632R,元大台灣50反1,10,0,10,凱基-北門,2023-12-07,9283
00688L,國泰20年美債正2,10,0,10,凱基-北門,2023-12-07,9283
1312,國喬,10,0,10,凱基-北門,2023-12-07,9283
2332,友訊,10,0,10,凱基-北門,2023-12-07,9283
2801,彰銀,10,0,10,凱基-北門,2023-12-07,9283
6142,友勁,10,0,10,凱基-北門,2023-12-07,9283
00665L,富邦�琤肭磪囓�2,9,0,9,凱基-北門,2023-12-07,9283
2408,南亞科,23,14,9,凱基-北門,2023-12-07,9283
2409,友達,10,1,9,凱基-北門,2023-12-07,9283
3390,旭軟,14,5,9,凱基-北門,2023-12-07,9283
3622,洋華,10,1,9,凱基-北門,2023-12-07,9283
5009,榮剛,11,2,9,凱基-北門,2023-12-07,9283
5386,青雲,14,5,9,凱基-北門,2023-12-07,9283
00900,富邦特選高股息30,10,2,8,凱基-北門,2023-12-07,9283
4114,健喬,8,0,8,凱基-北門,2023-12-07,9283
8908,欣雄,8,0,8,凱基-北門,2023-12-07,9283
2881,富邦金,7,0,7,凱基-北門,2023-12-07,9283
1618,合機,15,8,7,凱基-北門,2023-12-07,9283
2891,中信金,7,0,7,凱基-北門,2023-12-07,9283
3059,華晶科,9,2,7,凱基-北門,2023-12-07,9283
3479,安勤,11,4,7,凱基-北門,2023-12-07,9283
00650L,復華香港正2,121,0,121,凱基-北門,2023-12-08,9283
00937B,群益ESG投等債20,33,1,32,凱基-北門,2023-12-08,9283
00679B,元大美債20年,35,6,29,凱基-北門,2023-12-08,9283
00915,凱基優選高股息30,26,0,26,凱基-北門,2023-12-08,9283
00934,中信成長高股息,25,0,25,凱基-北門,2023-12-08,9283
4939,亞電,30,6,24,凱基-北門,2023-12-08,9283
00933B,國泰10Y+金融債,18,0,18,凱基-北門,2023-12-08,9283
00632R,元大台灣50反1,16,0,16,凱基-北門,2023-12-08,9283
5222,全訊,16,0,16,凱基-北門,2023-12-08,9283
00929,復華台灣科技優息,28,12,16,凱基-北門,2023-12-08,9283
00706L,期元大S＆P日圓正2,15,0,15,凱基-北門,2023-12-08,9283
00882,中信中國高股息,15,0,15,凱基-北門,2023-12-08,9283
3374,精材,15,0,15,凱基-北門,2023-12-08,9283
00919,群益台灣精選高息,15,1,14,凱基-北門,2023-12-08,9283
00751B,元大AAA至A公司債,14,0,14,凱基-北門,2023-12-08,9283
00715L,期街口布蘭特正2,18,4,14,凱基-北門,2023-12-08,9283
4533,協易機,14,0,14,凱基-北門,2023-12-08,9283
1339,昭輝,13,0,13,凱基-北門,2023-12-08,9283
3231,緯創,62,49,13,凱基-北門,2023-12-08,9283
3041,揚智,64,52,12,凱基-北門,2023-12-08,9283
4906,正文,14,2,12,凱基-北門,2023-12-08,9283
1582,信錦,12,0,12,凱基-北門,2023-12-08,9283
1324,地球,16,5,11,凱基-北門,2023-12-08,9283
2329,華泰,20,9,11,凱基-北門,2023-12-08,9283
3479,安勤,11,0,11,凱基-北門,2023-12-08,9283
3588,通嘉,15,4,11,凱基-北門,2023-12-08,9283
1584,精剛,10,0,10,凱基-北門,2023-12-08,9283
5009,榮剛,10,0,10,凱基-北門,2023-12-08,9283
9105,泰金寶-DR,10,0,10,凱基-北門,2023-12-08,9283
00720B,元大投資級公司債,12,3,9,凱基-北門,2023-12-08,9283
4142,國光生,10,1,9,凱基-北門,2023-12-08,9283
6142,友勁,10,1,9,凱基-北門,2023-12-08,9283
8349,�矬�,9,0,9,凱基-北門,2023-12-08,9283
2453,凌群,10,2,8,凱基-北門,2023-12-08,9283
3050,鈺德,10,2,8,凱基-北門,2023-12-08,9283
6243,迅杰,7,0,7,凱基-北門,2023-12-08,9283
00642U,期元大S＆P石油,7,0,7,凱基-北門,2023-12-08,9283
3290,東浦,12,5,7,凱基-北門,2023-12-08,9283
2382,廣達,15,8,7,凱基-北門,2023-12-08,9283
00722B,群益投資級電信債,7,1,6,凱基-北門,2023-12-08,9283
2867,三商壽,6,0,6,凱基-北門,2023-12-08,9283
6271,同欣電,6,0,6,凱基-北門,2023-12-08,9283
2605,新興,183,177,6,凱基-北門,2023-12-08,9283
1210,大成,5,0,5,凱基-北門,2023-12-08,9283
2376,技嘉,18,13,5,凱基-北門,2023-12-08,9283
2377,微星,5,0,5,凱基-北門,2023-12-08,9283
00918,大華優利高填息30,5,0,5,凱基-北門,2023-12-08,9283
00688L,國泰20年美債正2,5,0,5,凱基-北門,2023-12-08,9283
00877,復華中國5G,5,0,5,凱基-北門,2023-12-08,9283
00773B,中信優先金融債,5,0,5,凱基-北門,2023-12-08,9283
6005,群益證,400,0,400,凱基-北門,2023-12-11,9283
00937B,群益ESG投等債20,308,9,299,凱基-北門,2023-12-11,9283
00728,第一金工業30,80,0,80,凱基-北門,2023-12-11,9283
00929,復華台灣科技優息,56,5,51,凱基-北門,2023-12-11,9283
00919,群益台灣精選高息,46,9,37,凱基-北門,2023-12-11,9283
2002,中鋼,36,0,36,凱基-北門,2023-12-11,9283
5519,隆大,31,0,31,凱基-北門,2023-12-11,9283
00688L,國泰20年美債正2,30,0,30,凱基-北門,2023-12-11,9283
00706L,期元大S＆P日圓正2,25,0,25,凱基-北門,2023-12-11,9283
00680L,元大美債20正2,23,1,22,凱基-北門,2023-12-11,9283
00882,中信中國高股息,21,0,21,凱基-北門,2023-12-11,9283
2605,新興,103,82,21,凱基-北門,2023-12-11,9283
3622,洋華,20,1,19,凱基-北門,2023-12-11,9283
00720B,元大投資級公司債,16,0,16,凱基-北門,2023-12-11,9283
1515,力山,18,3,15,凱基-北門,2023-12-11,9283
4533,協易機,15,0,15,凱基-北門,2023-12-11,9283
5222,全訊,14,0,14,凱基-北門,2023-12-11,9283
1513,中興電,17,3,14,凱基-北門,2023-12-11,9283
2388,威盛,15,4,11,凱基-北門,2023-12-11,9283
3374,精材,11,0,11,凱基-北門,2023-12-11,9283
1582,信錦,11,0,11,凱基-北門,2023-12-11,9283
4142,國光生,11,0,11,凱基-北門,2023-12-11,9283
6419,京晨科,11,0,11,凱基-北門,2023-12-11,9283
00671R,富邦NASDAQ反1,10,0,10,凱基-北門,2023-12-11,9283
1605,華新,10,0,10,凱基-北門,2023-12-11,9283
2425,承啟,10,0,10,凱基-北門,2023-12-11,9283
3443,創意,12,2,10,凱基-北門,2023-12-11,9283
4564,元翎,10,0,10,凱基-北門,2023-12-11,9283
4720,德淵,10,0,10,凱基-北門,2023-12-11,9283
6461,益得,10,0,10,凱基-北門,2023-12-11,9283
3583,辛耘,13,3,10,凱基-北門,2023-12-11,9283
1339,昭輝,9,0,9,凱基-北門,2023-12-11,9283
1504,東元,10,1,9,凱基-北門,2023-12-11,9283
1524,耿鼎,82,73,9,凱基-北門,2023-12-11,9283
2612,中航,10,1,9,凱基-北門,2023-12-11,9283
4114,健喬,10,1,9,凱基-北門,2023-12-11,9283
6895,宏碩系統,10,1,9,凱基-北門,2023-12-11,9283
2882,國泰金,8,0,8,凱基-北門,2023-12-11,9283
5351,鈺創,20,12,8,凱基-北門,2023-12-11,9283
2323,中環,100,93,7,凱基-北門,2023-12-11,9283
2376,技嘉,13,7,6,凱基-北門,2023-12-11,9283
2408,南亞科,6,0,6,凱基-北門,2023-12-11,9283
3234,光環,6,0,6,凱基-北門,2023-12-11,9283
6550,北極星藥業-KY,6,0,6,凱基-北門,2023-12-11,9283
3694,海華,7,1,6,凱基-北門,2023-12-11,9283
6547,高端疫苗,6,0,6,凱基-北門,2023-12-11,9283
00679B,元大美債20年,7,2,5,凱基-北門,2023-12-11,9283
1101,台泥,5,0,5,凱基-北門,2023-12-11,9283
2402,毅嘉,10,5,5,凱基-北門,2023-12-11,9283
3032,偉訓,12,7,5,凱基-北門,2023-12-11,9283
00937B,群益ESG投等債20,352,10,342,凱基-北門,2023-12-12,9283
6005,群益證,180,0,180,凱基-北門,2023-12-12,9283
00919,群益台灣精選高息,106,1,105,凱基-北門,2023-12-12,9283
00918,大華優利高填息30,57,0,57,凱基-北門,2023-12-12,9283
00929,復華台灣科技優息,62,25,37,凱基-北門,2023-12-12,9283
2374,佳能,36,0,36,凱基-北門,2023-12-12,9283
1785,光洋科,33,0,33,凱基-北門,2023-12-12,9283
6125,廣運,27,0,27,凱基-北門,2023-12-12,9283
00936,台新永續高息中小,22,0,22,凱基-北門,2023-12-12,9283
00688L,國泰20年美債正2,20,1,19,凱基-北門,2023-12-12,9283
2417,圓剛,27,8,19,凱基-北門,2023-12-12,9283
2002,中鋼,20,3,17,凱基-北門,2023-12-12,9283
8936,國統,18,1,17,凱基-北門,2023-12-12,9283
1528,恩德,20,4,16,凱基-北門,2023-12-12,9283
00632R,元大台灣50反1,15,0,15,凱基-北門,2023-12-12,9283
1522,堤維西,15,0,15,凱基-北門,2023-12-12,9283
2376,技嘉,16,2,14,凱基-北門,2023-12-12,9283
5521,工信,52,38,14,凱基-北門,2023-12-12,9283
3231,緯創,52,38,14,凱基-北門,2023-12-12,9283
6282,康舒,15,2,13,凱基-北門,2023-12-12,9283
00933B,國泰10Y+金融債,15,2,13,凱基-北門,2023-12-12,9283
2402,毅嘉,13,0,13,凱基-北門,2023-12-12,9283
2618,長榮航,19,7,12,凱基-北門,2023-12-12,9283
2609,陽明,12,0,12,凱基-北門,2023-12-12,9283
00720B,元大投資級公司債,12,0,12,凱基-北門,2023-12-12,9283
2352,佳世達,15,4,11,凱基-北門,2023-12-12,9283
2915,潤泰全,11,0,11,凱基-北門,2023-12-12,9283
3025,星通,11,0,11,凱基-北門,2023-12-12,9283
3028,增你強,11,0,11,凱基-北門,2023-12-12,9283
2812,台中銀,10,0,10,凱基-北門,2023-12-12,9283
2892,第一金,10,0,10,凱基-北門,2023-12-12,9283
00706L,期元大S＆P日圓正2,10,0,10,凱基-北門,2023-12-12,9283
1524,耿鼎,47,37,10,凱基-北門,2023-12-12,9283
2888,新光金,10,0,10,凱基-北門,2023-12-12,9283
2913,農林,13,3,10,凱基-北門,2023-12-12,9283
6419,京晨科,10,0,10,凱基-北門,2023-12-12,9283
9105,泰金寶-DR,10,0,10,凱基-北門,2023-12-12,9283
00687B,國泰20年美債,13,4,9,凱基-北門,2023-12-12,9283
2206,三陽工業,10,1,9,凱基-北門,2023-12-12,9283
2516,新建,9,1,8,凱基-北門,2023-12-12,9283
6895,宏碩系統,8,0,8,凱基-北門,2023-12-12,9283
8390,金益鼎,8,0,8,凱基-北門,2023-12-12,9283
00921,兆豐龍頭等權重,7,0,7,凱基-北門,2023-12-12,9283
3037,欣興,7,0,7,凱基-北門,2023-12-12,9283
4967,十銓,9,2,7,凱基-北門,2023-12-12,9283
5351,鈺創,8,1,7,凱基-北門,2023-12-12,9283
8908,欣雄,7,0,7,凱基-北門,2023-12-12,9283
9921,巨大,6,0,6,凱基-北門,2023-12-12,9283
00680L,元大美債20正2,33,27,6,凱基-北門,2023-12-12,9283
6180,橘子,6,0,6,凱基-北門,2023-12-12,9283
00715L,期街口布蘭特正2,87,0,87,凱基-北門,2023-12-13,9283
3260,威剛,71,3,68,凱基-北門,2023-12-13,9283
00919,群益台灣精選高息,65,5,60,凱基-北門,2023-12-13,9283
00929,復華台灣科技優息,102,45,57,凱基-北門,2023-12-13,9283
00918,大華優利高填息30,55,0,55,凱基-北門,2023-12-13,9283
2812,台中銀,40,0,40,凱基-北門,2023-12-13,9283
00687B,國泰20年美債,35,0,35,凱基-北門,2023-12-13,9283
2002,中鋼,33,0,33,凱基-北門,2023-12-13,9283
4532,瑞智,30,0,30,凱基-北門,2023-12-13,9283
00642U,期元大S＆P石油,28,0,28,凱基-北門,2023-12-13,9283
00934,中信成長高股息,22,0,22,凱基-北門,2023-12-13,9283
4533,協易機,22,0,22,凱基-北門,2023-12-13,9283
00936,台新永續高息中小,20,0,20,凱基-北門,2023-12-13,9283
00679B,元大美債20年,17,0,17,凱基-北門,2023-12-13,9283
3036,文曄,17,1,16,凱基-北門,2023-12-13,9283
2344,華邦電,15,0,15,凱基-北門,2023-12-13,9283
6201,亞弘電,15,0,15,凱基-北門,2023-12-13,9283
2201,裕隆,14,0,14,凱基-北門,2023-12-13,9283
8908,欣雄,14,0,14,凱基-北門,2023-12-13,9283
2516,新建,17,4,13,凱基-北門,2023-12-13,9283
3231,緯創,49,37,12,凱基-北門,2023-12-13,9283
2419,仲琦,44,32,12,凱基-北門,2023-12-13,9283
6125,廣運,12,0,12,凱基-北門,2023-12-13,9283
1220,台榮,10,0,10,凱基-北門,2023-12-13,9283
2355,敬鵬,12,2,10,凱基-北門,2023-12-13,9283
6117,迎廣,10,0,10,凱基-北門,2023-12-13,9283
6191,精成科,11,1,10,凱基-北門,2023-12-13,9283
8096,擎亞,13,3,10,凱基-北門,2023-12-13,9283
8429,金麗-KY,10,0,10,凱基-北門,2023-12-13,9283
9105,泰金寶-DR,10,0,10,凱基-北門,2023-12-13,9283
1514,亞力,18,9,9,凱基-北門,2023-12-13,9283
00878,國泰永續高股息,23,14,9,凱基-北門,2023-12-13,9283
2486,一詮,10,2,8,凱基-北門,2023-12-13,9283
2884,玉山金,8,0,8,凱基-北門,2023-12-13,9283
2328,廣宇,7,0,7,凱基-北門,2023-12-13,9283
2465,麗臺,7,0,7,凱基-北門,2023-12-13,9283
8086,宏捷科,9,2,7,凱基-北門,2023-12-13,9283
8390,金益鼎,7,0,7,凱基-北門,2023-12-13,9283
2882,國泰金,8,2,6,凱基-北門,2023-12-13,9283
00932,兆豐永續高息等權,6,0,6,凱基-北門,2023-12-13,9283
1524,耿鼎,30,24,6,凱基-北門,2023-12-13,9283
3540,曜越,11,5,6,凱基-北門,2023-12-13,9283
6182,合晶,7,1,6,凱基-北門,2023-12-13,9283
6419,京晨科,6,0,6,凱基-北門,2023-12-13,9283
6550,北極星藥業-KY,6,0,6,凱基-北門,2023-12-13,9283
8210,勤誠,12,6,6,凱基-北門,2023-12-13,9283
00772B,中信高評級公司債,5,0,5,凱基-北門,2023-12-13,9283
2204,中華,5,0,5,凱基-北門,2023-12-13,9283
2883,凱基金,5,0,5,凱基-北門,2023-12-13,9283
3073,天方能源,5,0,5,凱基-北門,2023-12-13,9283
00933B,國泰10Y+金融債,241,0,241,凱基-北門,2023-12-14,9283
00919,群益台灣精選高息,173,43,130,凱基-北門,2023-12-14,9283
00687B,國泰20年美債,84,17,67,凱基-北門,2023-12-14,9283
00680L,元大美債20正2,68,6,62,凱基-北門,2023-12-14,9283
1907,永豐餘,45,0,45,凱基-北門,2023-12-14,9283
00722B,群益投資級電信債,36,0,36,凱基-北門,2023-12-14,9283
00882,中信中國高股息,29,0,29,凱基-北門,2023-12-14,9283
00632R,元大台灣50反1,28,0,28,凱基-北門,2023-12-14,9283
00936,台新永續高息中小,27,0,27,凱基-北門,2023-12-14,9283
2915,潤泰全,23,0,23,凱基-北門,2023-12-14,9283
2329,華泰,29,7,22,凱基-北門,2023-12-14,9283
00706L,期元大S＆P日圓正2,20,0,20,凱基-北門,2023-12-14,9283
8086,宏捷科,25,6,19,凱基-北門,2023-12-14,9283
1513,中興電,24,8,16,凱基-北門,2023-12-14,9283
00720B,元大投資級公司債,16,0,16,凱基-北門,2023-12-14,9283
00751B,元大AAA至A公司債,20,5,15,凱基-北門,2023-12-14,9283
00688L,國泰20年美債正2,15,0,15,凱基-北門,2023-12-14,9283
2405,輔信,12,0,12,凱基-北門,2023-12-14,9283
2883B,凱基金乙特,12,0,12,凱基-北門,2023-12-14,9283
2332,友訊,11,0,11,凱基-北門,2023-12-14,9283
3032,偉訓,11,0,11,凱基-北門,2023-12-14,9283
6233,旺玖,14,3,11,凱基-北門,2023-12-14,9283
8390,金益鼎,11,0,11,凱基-北門,2023-12-14,9283
5388,中磊,12,2,10,凱基-北門,2023-12-14,9283
1603,華電,10,0,10,凱基-北門,2023-12-14,9283
1608,華榮,10,0,10,凱基-北門,2023-12-14,9283
2337,旺宏,12,2,10,凱基-北門,2023-12-14,9283
2618,長榮航,12,2,10,凱基-北門,2023-12-14,9283
4533,協易機,10,0,10,凱基-北門,2023-12-14,9283
5498,凱崴,13,3,10,凱基-北門,2023-12-14,9283
6288,聯嘉,10,0,10,凱基-北門,2023-12-14,9283
6689,伊雲谷,10,0,10,凱基-北門,2023-12-14,9283
9136,巨騰-DR,10,0,10,凱基-北門,2023-12-14,9283
00764B,群益25年美債,9,0,9,凱基-北門,2023-12-14,9283
2417,圓剛,9,0,9,凱基-北門,2023-12-14,9283
6005,群益證,10,1,9,凱基-北門,2023-12-14,9283
00934,中信成長高股息,11,3,8,凱基-北門,2023-12-14,9283
2374,佳能,12,4,8,凱基-北門,2023-12-14,9283
2634,漢翔,8,0,8,凱基-北門,2023-12-14,9283
3051,力特,11,3,8,凱基-北門,2023-12-14,9283
5533,皇鼎,8,0,8,凱基-北門,2023-12-14,9283
3231,緯創,54,47,7,凱基-北門,2023-12-14,9283
3025,星通,13,6,7,凱基-北門,2023-12-14,9283
1710,東聯,7,0,7,凱基-北門,2023-12-14,9283
2344,華邦電,11,4,7,凱基-北門,2023-12-14,9283
2515,中工,10,3,7,凱基-北門,2023-12-14,9283
5515,建國,8,1,7,凱基-北門,2023-12-14,9283
2883,凱基金,13,7,6,凱基-北門,2023-12-14,9283
5328,華容,7,1,6,凱基-北門,2023-12-14,9283
6126,信音,6,0,6,凱基-北門,2023-12-14,9283
00933B,國泰10Y+金融債,287,0,287,凱基-北門,2023-12-15,9283
00632R,元大台灣50反1,164,0,164,凱基-北門,2023-12-15,9283
00919,群益台灣精選高息,118,33,85,凱基-北門,2023-12-15,9283
8110,華東,81,0,81,凱基-北門,2023-12-15,9283
00915,凱基優選高股息30,67,0,67,凱基-北門,2023-12-15,9283
00688L,國泰20年美債正2,67,0,67,凱基-北門,2023-12-15,9283
00751B,元大AAA至A公司債,48,1,47,凱基-北門,2023-12-15,9283
00918,大華優利高填息30,46,0,46,凱基-北門,2023-12-15,9283
00687B,國泰20年美債,54,10,44,凱基-北門,2023-12-15,9283
1101,台泥,31,1,30,凱基-北門,2023-12-15,9283
2426,鼎元,29,0,29,凱基-北門,2023-12-15,9283
2363,矽統,82,60,22,凱基-北門,2023-12-15,9283
00679B,元大美債20年,22,1,21,凱基-北門,2023-12-15,9283
00712,復華富時不動產,30,10,20,凱基-北門,2023-12-15,9283
2301,光寶科,20,0,20,凱基-北門,2023-12-15,9283
4958,臻鼎-KY,18,0,18,凱基-北門,2023-12-15,9283
2609,陽明,18,1,17,凱基-北門,2023-12-15,9283
5521,工信,26,9,17,凱基-北門,2023-12-15,9283
2356,英業達,143,126,17,凱基-北門,2023-12-15,9283
00937B,群益ESG投等債20,35,20,15,凱基-北門,2023-12-15,9283
5515,建國,20,5,15,凱基-北門,2023-12-15,9283
1210,大成,13,0,13,凱基-北門,2023-12-15,9283
00671R,富邦NASDAQ反1,12,0,12,凱基-北門,2023-12-15,9283
5426,振發,12,0,12,凱基-北門,2023-12-15,9283
8908,欣雄,12,0,12,凱基-北門,2023-12-15,9283
00722B,群益投資級電信債,11,0,11,凱基-北門,2023-12-15,9283
00720B,元大投資級公司債,10,0,10,凱基-北門,2023-12-15,9283
00882,中信中國高股息,10,0,10,凱基-北門,2023-12-15,9283
2401,凌陽,11,1,10,凱基-北門,2023-12-15,9283
4142,國光生,10,0,10,凱基-北門,2023-12-15,9283
4533,協易機,10,0,10,凱基-北門,2023-12-15,9283
6443,元晶,12,2,10,凱基-北門,2023-12-15,9283
9105,泰金寶-DR,10,0,10,凱基-北門,2023-12-15,9283
00878,國泰永續高股息,11,2,9,凱基-北門,2023-12-15,9283
5388,中磊,13,4,9,凱基-北門,2023-12-15,9283
2515,中工,13,4,9,凱基-北門,2023-12-15,9283
6290,良維,10,1,9,凱基-北門,2023-12-15,9283
6732,昇佳電子,10,1,9,凱基-北門,2023-12-15,9283
7402,邑錡,11,2,9,凱基-北門,2023-12-15,9283
3086,華義,8,0,8,凱基-北門,2023-12-15,9283
5351,鈺創,8,0,8,凱基-北門,2023-12-15,9283
5355,佳總,8,0,8,凱基-北門,2023-12-15,9283
5533,皇鼎,10,3,7,凱基-北門,2023-12-15,9283
6257,矽格,8,1,7,凱基-北門,2023-12-15,9283
3035,智原,10,4,6,凱基-北門,2023-12-15,9283
2376,技嘉,9,3,6,凱基-北門,2023-12-15,9283
3149,正達,6,0,6,凱基-北門,2023-12-15,9283
1513,中興電,9,4,5,凱基-北門,2023-12-15,9283
00706L,期元大S＆P日圓正2,5,0,5,凱基-北門,2023-12-15,9283
00673R,期元大S＆P原油反1,5,0,5,凱基-北門,2023-12-15,9283
00936,台新永續高息中小,300,0,300,凱基-北門,2023-12-18,9283
00688L,國泰20年美債正2,133,0,133,凱基-北門,2023-12-18,9283
0056,元大高股息,121,1,120,凱基-北門,2023-12-18,9283
00919,群益台灣精選高息,108,28,80,凱基-北門,2023-12-18,9283
2031,新光鋼,73,2,71,凱基-北門,2023-12-18,9283
00929,復華台灣科技優息,56,3,53,凱基-北門,2023-12-18,9283
1605,華新,52,1,51,凱基-北門,2023-12-18,9283
00687B,國泰20年美債,35,1,34,凱基-北門,2023-12-18,9283
2027,大成鋼,30,1,29,凱基-北門,2023-12-18,9283
2344,華邦電,35,10,25,凱基-北門,2023-12-18,9283
2801,彰銀,22,0,22,凱基-北門,2023-12-18,9283
00680L,元大美債20正2,23,3,20,凱基-北門,2023-12-18,9283
2618,長榮航,28,8,20,凱基-北門,2023-12-18,9283
00706L,期元大S＆P日圓正2,20,0,20,凱基-北門,2023-12-18,9283
2851,中再保,20,0,20,凱基-北門,2023-12-18,9283
8110,華東,20,0,20,凱基-北門,2023-12-18,9283
6112,邁達特,18,0,18,凱基-北門,2023-12-18,9283
3047,訊舟,22,5,17,凱基-北門,2023-12-18,9283
2002,中鋼,29,14,15,凱基-北門,2023-12-18,9283
00751B,元大AAA至A公司債,14,0,14,凱基-北門,2023-12-18,9283
00637L,元大滬深300正2,13,0,13,凱基-北門,2023-12-18,9283
5871,中租-KY,14,2,12,凱基-北門,2023-12-18,9283
2401,凌陽,12,0,12,凱基-北門,2023-12-18,9283
2608,嘉里大榮,12,0,12,凱基-北門,2023-12-18,9283
2356,英業達,19,7,12,凱基-北門,2023-12-18,9283
4114,健喬,12,1,11,凱基-北門,2023-12-18,9283
00712,復華富時不動產,15,4,11,凱基-北門,2023-12-18,9283
00931B,統一美債20年,11,0,11,凱基-北門,2023-12-18,9283
6282,康舒,11,1,10,凱基-北門,2023-12-18,9283
1717,長興,10,0,10,凱基-北門,2023-12-18,9283
1734,杏輝,10,0,10,凱基-北門,2023-12-18,9283
2353,宏��,16,6,10,凱基-北門,2023-12-18,9283
2363,矽統,17,7,10,凱基-北門,2023-12-18,9283
2812,台中銀,10,0,10,凱基-北門,2023-12-18,9283
3188,鑫龍騰,10,0,10,凱基-北門,2023-12-18,9283
4526,東台,10,0,10,凱基-北門,2023-12-18,9283
4533,協易機,10,0,10,凱基-北門,2023-12-18,9283
5452,佶優,10,0,10,凱基-北門,2023-12-18,9283
8215,明基材,10,0,10,凱基-北門,2023-12-18,9283
8446,華研,10,0,10,凱基-北門,2023-12-18,9283
00772B,中信高評級公司債,30,21,9,凱基-北門,2023-12-18,9283
6179,亞通,10,1,9,凱基-北門,2023-12-18,9283
2352,佳世達,9,1,8,凱基-北門,2023-12-18,9283
2505,國揚,8,0,8,凱基-北門,2023-12-18,9283
2637,慧洋-KY,23,15,8,凱基-北門,2023-12-18,9283
3078,僑威,7,0,7,凱基-北門,2023-12-18,9283
6821,聯寶,7,0,7,凱基-北門,2023-12-18,9283
2392,正崴,6,0,6,凱基-北門,2023-12-18,9283
2610,華航,17,11,6,凱基-北門,2023-12-18,9283
2852,第一保,6,0,6,凱基-北門,2023-12-18,9283
00632R,元大台灣50反1,130,0,130,凱基-北門,2023-12-19,9283
00936,台新永續高息中小,105,0,105,凱基-北門,2023-12-19,9283
00687B,國泰20年美債,67,0,67,凱基-北門,2023-12-19,9283
2356,英業達,50,12,38,凱基-北門,2023-12-19,9283
0056,元大高股息,33,2,31,凱基-北門,2023-12-19,9283
00706L,期元大S＆P日圓正2,30,0,30,凱基-北門,2023-12-19,9283
1727,中華化,30,0,30,凱基-北門,2023-12-19,9283
1909,榮成,30,0,30,凱基-北門,2023-12-19,9283
3455,由田,30,0,30,凱基-北門,2023-12-19,9283
2344,華邦電,27,0,27,凱基-北門,2023-12-19,9283
00929,復華台灣科技優息,101,75,26,凱基-北門,2023-12-19,9283
00680L,元大美債20正2,26,3,23,凱基-北門,2023-12-19,9283
2352,佳世達,23,0,23,凱基-北門,2023-12-19,9283
5258,虹堡,22,0,22,凱基-北門,2023-12-19,9283
2365,昆盈,31,10,21,凱基-北門,2023-12-19,9283
00722B,群益投資級電信債,20,0,20,凱基-北門,2023-12-19,9283
2002,中鋼,25,5,20,凱基-北門,2023-12-19,9283
5512,力麒,20,0,20,凱基-北門,2023-12-19,9283
00728,第一金工業30,18,0,18,凱基-北門,2023-12-19,9283
2371,大同,20,3,17,凱基-北門,2023-12-19,9283
00937B,群益ESG投等債20,24,8,16,凱基-北門,2023-12-19,9283
8446,華研,18,2,16,凱基-北門,2023-12-19,9283
00719B,元大美債1-3,15,0,15,凱基-北門,2023-12-19,9283
2615,萬海,23,9,14,凱基-北門,2023-12-19,9283
2010,春源,15,2,13,凱基-北門,2023-12-19,9283
5351,鈺創,13,1,12,凱基-北門,2023-12-19,9283
5425,台半,15,3,12,凱基-北門,2023-12-19,9283
6257,矽格,12,0,12,凱基-北門,2023-12-19,9283
2801,彰銀,11,0,11,凱基-北門,2023-12-19,9283
00751B,元大AAA至A公司債,11,0,11,凱基-北門,2023-12-19,9283
2204,中華,11,0,11,凱基-北門,2023-12-19,9283
3265,台星科,14,3,11,凱基-北門,2023-12-19,9283
2332,友訊,10,0,10,凱基-北門,2023-12-19,9283
3035,智原,14,4,10,凱基-北門,2023-12-19,9283
00931B,統一美債20年,10,0,10,凱基-北門,2023-12-19,9283
1785,光洋科,10,0,10,凱基-北門,2023-12-19,9283
2031,新光鋼,10,0,10,凱基-北門,2023-12-19,9283
4533,協易機,10,0,10,凱基-北門,2023-12-19,9283
5511,德昌,10,0,10,凱基-北門,2023-12-19,9283
6005,群益證,10,0,10,凱基-北門,2023-12-19,9283
00915,凱基優選高股息30,9,0,9,凱基-北門,2023-12-19,9283
00878,國泰永續高股息,11,3,8,凱基-北門,2023-12-19,9283
1303,南亞,8,0,8,凱基-北門,2023-12-19,9283
2498,宏達電,8,0,8,凱基-北門,2023-12-19,9283
00919,群益台灣精選高息,34,27,7,凱基-北門,2023-12-19,9283
1455,集盛,8,1,7,凱基-北門,2023-12-19,9283
4763,材料-KY,6,0,6,凱基-北門,2023-12-19,9283
00679B,元大美債20年,17,11,6,凱基-北門,2023-12-19,9283
00633L,富邦上証正2,6,0,6,凱基-北門,2023-12-19,9283
2417,圓剛,6,0,6,凱基-北門,2023-12-19,9283
00936,台新永續高息中小,102,0,102,凱基-北門,2023-12-20,9283
00728,第一金工業30,51,1,50,凱基-北門,2023-12-20,9283
00929,復華台灣科技優息,47,1,46,凱基-北門,2023-12-20,9283
00632R,元大台灣50反1,43,0,43,凱基-北門,2023-12-20,9283
00934,中信成長高股息,42,0,42,凱基-北門,2023-12-20,9283
2353,宏��,215,173,42,凱基-北門,2023-12-20,9283
2408,南亞科,32,0,32,凱基-北門,2023-12-20,9283
2880,華南金,30,0,30,凱基-北門,2023-12-20,9283
5258,虹堡,33,5,28,凱基-北門,2023-12-20,9283
00919,群益台灣精選高息,30,4,26,凱基-北門,2023-12-20,9283
2515,中工,37,11,26,凱基-北門,2023-12-20,9283
00933B,國泰10Y+金融債,20,0,20,凱基-北門,2023-12-20,9283
2637,慧洋-KY,20,0,20,凱基-北門,2023-12-20,9283
00720B,元大投資級公司債,19,0,19,凱基-北門,2023-12-20,9283
00687B,國泰20年美債,17,0,17,凱基-北門,2023-12-20,9283
2337,旺宏,25,8,17,凱基-北門,2023-12-20,9283
4720,德淵,15,0,15,凱基-北門,2023-12-20,9283
2609,陽明,114,99,15,凱基-北門,2023-12-20,9283
2801,彰銀,14,1,13,凱基-北門,2023-12-20,9283
2454,聯發科,12,0,12,凱基-北門,2023-12-20,9283
1905,華紙,13,1,12,凱基-北門,2023-12-20,9283
2065,世豐,12,0,12,凱基-北門,2023-12-20,9283
1449,佳和,11,0,11,凱基-北門,2023-12-20,9283
2020,美亞,11,0,11,凱基-北門,2023-12-20,9283
2891,中信金,11,0,11,凱基-北門,2023-12-20,9283
5608,四維航,21,10,11,凱基-北門,2023-12-20,9283
1904,正隆,10,0,10,凱基-北門,2023-12-20,9283
2211,長榮鋼,10,0,10,凱基-北門,2023-12-20,9283
3438,類比科,10,0,10,凱基-北門,2023-12-20,9283
5511,德昌,10,0,10,凱基-北門,2023-12-20,9283
6005,群益證,10,0,10,凱基-北門,2023-12-20,9283
6179,亞通,10,0,10,凱基-北門,2023-12-20,9283
1603,華電,10,1,9,凱基-北門,2023-12-20,9283
1732,毛寶,10,1,9,凱基-北門,2023-12-20,9283
1326,台化,8,0,8,凱基-北門,2023-12-20,9283
2892,第一金,8,0,8,凱基-北門,2023-12-20,9283
2913,農林,8,0,8,凱基-北門,2023-12-20,9283
8908,欣雄,8,0,8,凱基-北門,2023-12-20,9283
2376,技嘉,14,7,7,凱基-北門,2023-12-20,9283
1319,東陽,7,0,7,凱基-北門,2023-12-20,9283
2607,榮運,7,0,7,凱基-北門,2023-12-20,9283
2618,長榮航,9,2,7,凱基-北門,2023-12-20,9283
00713,元大台灣高息低波,6,0,6,凱基-北門,2023-12-20,9283
1524,耿鼎,13,7,6,凱基-北門,2023-12-20,9283
3017,奇鋐,6,0,6,凱基-北門,2023-12-20,9283
1513,中興電,9,3,6,凱基-北門,2023-12-20,9283
00937B,群益ESG投等債20,5,0,5,凱基-北門,2023-12-20,9283
00923,群益台ESG低碳50,5,0,5,凱基-北門,2023-12-20,9283
00915,凱基優選高股息30,5,0,5,凱基-北門,2023-12-20,9283
2329,華泰,6,1,5,凱基-北門,2023-12-20,9283
9105,泰金寶-DR,162,43,119,凱基-北門,2023-12-21,9283
00919,群益台灣精選高息,113,0,113,凱基-北門,2023-12-21,9283
6005,群益證,70,0,70,凱基-北門,2023-12-21,9283
2641,正德,51,8,43,凱基-北門,2023-12-21,9283
00929,復華台灣科技優息,40,1,39,凱基-北門,2023-12-21,9283
2027,大成鋼,30,4,26,凱基-北門,2023-12-21,9283
00878,國泰永續高股息,22,0,22,凱基-北門,2023-12-21,9283
00918,大華優利高填息30,22,0,22,凱基-北門,2023-12-21,9283
00696B,富邦美債20年,20,0,20,凱基-北門,2023-12-21,9283
1409,新纖,30,10,20,凱基-北門,2023-12-21,9283
0056,元大高股息,20,1,19,凱基-北門,2023-12-21,9283
2377,微星,18,0,18,凱基-北門,2023-12-21,9283
00937B,群益ESG投等債20,16,0,16,凱基-北門,2023-12-21,9283
2645,長榮航太,16,0,16,凱基-北門,2023-12-21,9283
2331,精英,45,30,15,凱基-北門,2023-12-21,9283
2913,農林,14,1,13,凱基-北門,2023-12-21,9283
2637,慧洋-KY,32,20,12,凱基-北門,2023-12-21,9283
2014,中鴻,13,2,11,凱基-北門,2023-12-21,9283
2812,台中銀,10,0,10,凱基-北門,2023-12-21,9283
1905,華紙,11,1,10,凱基-北門,2023-12-21,9283
00679B,元大美債20年,10,0,10,凱基-北門,2023-12-21,9283
2485,兆赫,10,0,10,凱基-北門,2023-12-21,9283
2884,玉山金,10,0,10,凱基-北門,2023-12-21,9283
8201,無敵,10,0,10,凱基-北門,2023-12-21,9283
3652,精聯,10,1,9,凱基-北門,2023-12-21,9283
2312,金寶,10,2,8,凱基-北門,2023-12-21,9283
2363,矽統,10,2,8,凱基-北門,2023-12-21,9283
7402,邑錡,10,2,8,凱基-北門,2023-12-21,9283
2610,華航,7,0,7,凱基-北門,2023-12-21,9283
1616,億泰,7,0,7,凱基-北門,2023-12-21,9283
6443,元晶,7,0,7,凱基-北門,2023-12-21,9283
8908,欣雄,7,0,7,凱基-北門,2023-12-21,9283
2317,鴻海,8,1,7,凱基-北門,2023-12-21,9283
00915,凱基優選高股息30,6,0,6,凱基-北門,2023-12-21,9283
2065,世豐,6,0,6,凱基-北門,2023-12-21,9283
2615,萬海,33,27,6,凱基-北門,2023-12-21,9283
1101,台泥,5,0,5,凱基-北門,2023-12-21,9283
3583,辛耘,5,0,5,凱基-北門,2023-12-21,9283
3661,世芯-KY,5,0,5,凱基-北門,2023-12-21,9283
1513,中興電,5,0,5,凱基-北門,2023-12-21,9283
00934,中信成長高股息,5,0,5,凱基-北門,2023-12-21,9283
00882,中信中國高股息,5,0,5,凱基-北門,2023-12-21,9283
1313,聯成,5,0,5,凱基-北門,2023-12-21,9283
1447,力鵬,5,0,5,凱基-北門,2023-12-21,9283
2474,可成,5,0,5,凱基-北門,2023-12-21,9283
2506,太設,5,0,5,凱基-北門,2023-12-21,9283
2607,榮運,5,0,5,凱基-北門,2023-12-21,9283
2618,長榮航,15,10,5,凱基-北門,2023-12-21,9283
2630,亞航,5,0,5,凱基-北門,2023-12-21,9283
2892,第一金,5,0,5,凱基-北門,2023-12-21,9283
2337,旺宏,170,8,162,凱基-北門,2023-12-22,9283
2356,英業達,180,51,129,凱基-北門,2023-12-22,9283
00937B,群益ESG投等債20,111,0,111,凱基-北門,2023-12-22,9283
2618,長榮航,112,19,93,凱基-北門,2023-12-22,9283
2609,陽明,184,96,88,凱基-北門,2023-12-22,9283
2353,宏��,155,70,85,凱基-北門,2023-12-22,9283
2344,華邦電,79,17,62,凱基-北門,2023-12-22,9283
00751B,元大AAA至A公司債,46,0,46,凱基-北門,2023-12-22,9283
00722B,群益投資級電信債,42,0,42,凱基-北門,2023-12-22,9283
5515,建國,30,0,30,凱基-北門,2023-12-22,9283
2323,中環,30,1,29,凱基-北門,2023-12-22,9283
00679B,元大美債20年,24,0,24,凱基-北門,2023-12-22,9283
00931B,統一美債20年,24,3,21,凱基-北門,2023-12-22,9283
2014,中鴻,23,2,21,凱基-北門,2023-12-22,9283
2329,華泰,20,0,20,凱基-北門,2023-12-22,9283
4533,協易機,15,0,15,凱基-北門,2023-12-22,9283
00687B,國泰20年美債,18,5,13,凱基-北門,2023-12-22,9283
00720B,元大投資級公司債,12,0,12,凱基-北門,2023-12-22,9283
00915,凱基優選高股息30,14,2,12,凱基-北門,2023-12-22,9283
6191,精成科,11,0,11,凱基-北門,2023-12-22,9283
00933B,國泰10Y+金融債,10,0,10,凱基-北門,2023-12-22,9283
2204,中華,10,0,10,凱基-北門,2023-12-22,9283
2515,中工,10,0,10,凱基-北門,2023-12-22,9283
3630,新鉅科,10,0,10,凱基-北門,2023-12-22,9283
5483,中美晶,10,0,10,凱基-北門,2023-12-22,9283
6005,群益證,10,0,10,凱基-北門,2023-12-22,9283
6270,倍微,10,0,10,凱基-北門,2023-12-22,9283
6485,點序,10,0,10,凱基-北門,2023-12-22,9283
2363,矽統,11,2,9,凱基-北門,2023-12-22,9283
00929,復華台灣科技優息,8,0,8,凱基-北門,2023-12-22,9283
4906,正文,8,0,8,凱基-北門,2023-12-22,9283
6770,力積電,10,2,8,凱基-北門,2023-12-22,9283
8277,商丞,8,0,8,凱基-北門,2023-12-22,9283
6443,元晶,7,0,7,凱基-北門,2023-12-22,9283
00753L,中信中國50正2,10,3,7,凱基-北門,2023-12-22,9283
00713,元大台灣高息低波,6,0,6,凱基-北門,2023-12-22,9283
00904,新光臺灣半導體30,6,0,6,凱基-北門,2023-12-22,9283
1340,勝悅-KY,6,0,6,凱基-北門,2023-12-22,9283
2892,第一金,5,0,5,凱基-北門,2023-12-22,9283
3231,緯創,15,10,5,凱基-北門,2023-12-22,9283
00675L,富邦臺灣加權正2,5,0,5,凱基-北門,2023-12-22,9283
1717,長興,5,0,5,凱基-北門,2023-12-22,9283
2399,映泰,5,0,5,凱基-北門,2023-12-22,9283
2402,毅嘉,5,0,5,凱基-北門,2023-12-22,9283
2417,圓剛,5,0,5,凱基-北門,2023-12-22,9283
2891,中信金,5,0,5,凱基-北門,2023-12-22,9283
4402,郡都開發,5,0,5,凱基-北門,2023-12-22,9283
6125,廣運,6,1,5,凱基-北門,2023-12-22,9283
8050,廣積,5,0,5,凱基-北門,2023-12-22,9283
8908,欣雄,5,0,5,凱基-北門,2023-12-22,9283
3481,群創,138,18,120,凱基-北門,2023-12-25,9283
2867,三商壽,100,0,100,凱基-北門,2023-12-25,9283
00687B,國泰20年美債,80,6,74,凱基-北門,2023-12-25,9283
00919,群益台灣精選高息,98,37,61,凱基-北門,2023-12-25,9283
2883,凱基金,52,0,52,凱基-北門,2023-12-25,9283
2888,新光金,52,2,50,凱基-北門,2023-12-25,9283
3540,曜越,50,3,47,凱基-北門,2023-12-25,9283
2609,陽明,74,28,46,凱基-北門,2023-12-25,9283
2610,華航,76,33,43,凱基-北門,2023-12-25,9283
2356,英業達,117,81,36,凱基-北門,2023-12-25,9283
00933B,國泰10Y+金融債,36,0,36,凱基-北門,2023-12-25,9283
2014,中鴻,36,1,35,凱基-北門,2023-12-25,9283
5014,建錩,28,0,28,凱基-北門,2023-12-25,9283
00929,復華台灣科技優息,20,0,20,凱基-北門,2023-12-25,9283
1101,台泥,21,1,20,凱基-北門,2023-12-25,9283
2032,新鋼,33,13,20,凱基-北門,2023-12-25,9283
4543,萬在,20,0,20,凱基-北門,2023-12-25,9283
2615,萬海,20,2,18,凱基-北門,2023-12-25,9283
2323,中環,20,2,18,凱基-北門,2023-12-25,9283
2324,仁寶,112,94,18,凱基-北門,2023-12-25,9283
2353,宏��,59,42,17,凱基-北門,2023-12-25,9283
00679B,元大美債20年,17,1,16,凱基-北門,2023-12-25,9283
1513,中興電,13,1,12,凱基-北門,2023-12-25,9283
6125,廣運,11,0,11,凱基-北門,2023-12-25,9283
1314,中石化,10,0,10,凱基-北門,2023-12-25,9283
2399,映泰,10,0,10,凱基-北門,2023-12-25,9283
4113,聯上,10,0,10,凱基-北門,2023-12-25,9283
6485,點序,13,3,10,凱基-北門,2023-12-25,9283
6290,良維,21,12,9,凱基-北門,2023-12-25,9283
8908,欣雄,9,0,9,凱基-北門,2023-12-25,9283
00720B,元大投資級公司債,8,0,8,凱基-北門,2023-12-25,9283
00639,富邦深100,8,0,8,凱基-北門,2023-12-25,9283
00751B,元大AAA至A公司債,7,1,6,凱基-北門,2023-12-25,9283
00937B,群益ESG投等債20,6,0,6,凱基-北門,2023-12-25,9283
6443,元晶,6,0,6,凱基-北門,2023-12-25,9283
6191,精成科,5,0,5,凱基-北門,2023-12-25,9283
00934,中信成長高股息,5,0,5,凱基-北門,2023-12-25,9283
2023,燁輝,6,1,5,凱基-北門,2023-12-25,9283
2344,華邦電,13,8,5,凱基-北門,2023-12-25,9283
2355,敬鵬,10,5,5,凱基-北門,2023-12-25,9283
3083,網龍,5,0,5,凱基-北門,2023-12-25,9283
3669,圓展,5,0,5,凱基-北門,2023-12-25,9283
4402,郡都開發,5,0,5,凱基-北門,2023-12-25,9283
3017,奇鋐,6,1,5,凱基-北門,2023-12-25,9283
2007,燁興,8,4,4,凱基-北門,2023-12-25,9283
2465,麗臺,4,0,4,凱基-北門,2023-12-25,9283
3710,連展投控,4,0,4,凱基-北門,2023-12-25,9283
8088,品安,14,10,4,凱基-北門,2023-12-25,9283
4766,南寶,4,1,3,凱基-北門,2023-12-25,9283
6138,茂達,3,0,3,凱基-北門,2023-12-25,9283
00933B,國泰10Y+金融債,231,0,231,凱基-北門,2023-12-26,9283
2867,三商壽,100,0,100,凱基-北門,2023-12-26,9283
2353,宏��,169,88,81,凱基-北門,2023-12-26,9283
3481,群創,75,13,62,凱基-北門,2023-12-26,9283
2888,新光金,50,0,50,凱基-北門,2023-12-26,9283
5515,建國,50,0,50,凱基-北門,2023-12-26,9283
2610,華航,44,14,30,凱基-北門,2023-12-26,9283
00632R,元大台灣50反1,30,3,27,凱基-北門,2023-12-26,9283
3231,緯創,33,11,22,凱基-北門,2023-12-26,9283
00929,復華台灣科技優息,36,16,20,凱基-北門,2023-12-26,9283
3645,達邁,20,1,19,凱基-北門,2023-12-26,9283
2382,廣達,17,2,15,凱基-北門,2023-12-26,9283
00937B,群益ESG投等債20,13,0,13,凱基-北門,2023-12-26,9283
2303,聯電,16,6,10,凱基-北門,2023-12-26,9283
8908,欣雄,9,0,9,凱基-北門,2023-12-26,9283
00919,群益台灣精選高息,12,4,8,凱基-北門,2023-12-26,9283
8049,晶采,6,0,6,凱基-北門,2023-12-26,9283
1304,台聚,5,0,5,凱基-北門,2023-12-26,9283
2337,旺宏,11,6,5,凱基-北門,2023-12-26,9283
2618,長榮航,6,1,5,凱基-北門,2023-12-26,9283
4128,中天,6,1,5,凱基-北門,2023-12-26,9283
6176,瑞儀,4,0,4,凱基-北門,2023-12-26,9283
1519,華城,9,5,4,凱基-北門,2023-12-26,9283
00715L,期街口布蘭特正2,4,0,4,凱基-北門,2023-12-26,9283
1524,耿鼎,4,0,4,凱基-北門,2023-12-26,9283
1701,中化,4,0,4,凱基-北門,2023-12-26,9283
2106,建大,4,0,4,凱基-北門,2023-12-26,9283
3086,華義,5,1,4,凱基-北門,2023-12-26,9283
3325,旭品,6,2,4,凱基-北門,2023-12-26,9283
4930,燦星網,4,0,4,凱基-北門,2023-12-26,9283
2369,菱生,3,0,3,凱基-北門,2023-12-26,9283
00631L,元大台灣50正2,3,0,3,凱基-北門,2023-12-26,9283
00772B,中信高評級公司債,3,0,3,凱基-北門,2023-12-26,9283
00722B,群益投資級電信債,3,0,3,凱基-北門,2023-12-26,9283
1313,聯成,3,0,3,凱基-北門,2023-12-26,9283
1618,合機,3,0,3,凱基-北門,2023-12-26,9283
1809,中釉,3,0,3,凱基-北門,2023-12-26,9283
2301,光寶科,3,0,3,凱基-北門,2023-12-26,9283
2312,金寶,14,11,3,凱基-北門,2023-12-26,9283
2314,台揚,3,0,3,凱基-北門,2023-12-26,9283
2323,中環,3,0,3,凱基-北門,2023-12-26,9283
2368,金像電,3,0,3,凱基-北門,2023-12-26,9283
2607,榮運,3,0,3,凱基-北門,2023-12-26,9283
5425,台半,5,2,3,凱基-北門,2023-12-26,9283
9105,泰金寶-DR,3,0,3,凱基-北門,2023-12-26,9283
00720B,元大投資級公司債,3,0,3,凱基-北門,2023-12-26,9283
2603,長榮,7,4,3,凱基-北門,2023-12-26,9283
4979,華星光,2,0,2,凱基-北門,2023-12-26,9283
3019,亞光,2,0,2,凱基-北門,2023-12-26,9283
6546,正基,2,0,2,凱基-北門,2023-12-26,9283
00673R,期元大S＆P原油反1,105,0,105,凱基-北門,2023-12-27,9283
00937B,群益ESG投等債20,106,7,99,凱基-北門,2023-12-27,9283
2888,新光金,70,0,70,凱基-北門,2023-12-27,9283
2889,國票金,92,24,68,凱基-北門,2023-12-27,9283
6116,彩晶,55,6,49,凱基-北門,2023-12-27,9283
00632R,元大台灣50反1,32,0,32,凱基-北門,2023-12-27,9283
00935,野村臺灣新科技50,30,0,30,凱基-北門,2023-12-27,9283
2515,中工,30,0,30,凱基-北門,2023-12-27,9283
6129,普誠,52,22,30,凱基-北門,2023-12-27,9283
6179,亞通,30,3,27,凱基-北門,2023-12-27,9283
00936,台新永續高息中小,20,0,20,凱基-北門,2023-12-27,9283
00919,群益台灣精選高息,21,2,19,凱基-北門,2023-12-27,9283
3264,欣銓,18,0,18,凱基-北門,2023-12-27,9283
2618,長榮航,19,2,17,凱基-北門,2023-12-27,9283
3437,榮創,16,0,16,凱基-北門,2023-12-27,9283
3231,緯創,20,6,14,凱基-北門,2023-12-27,9283
00693U,期街口S＆P黃豆,13,0,13,凱基-北門,2023-12-27,9283
4129,聯合,13,0,13,凱基-北門,2023-12-27,9283
00687B,國泰20年美債,12,0,12,凱基-北門,2023-12-27,9283
2428,興勤,11,0,11,凱基-北門,2023-12-27,9283
2353,宏��,70,59,11,凱基-北門,2023-12-27,9283
00882,中信中國高股息,10,0,10,凱基-北門,2023-12-27,9283
2419,仲琦,10,0,10,凱基-北門,2023-12-27,9283
2883B,凱基金乙特,10,0,10,凱基-北門,2023-12-27,9283
3234,光環,10,0,10,凱基-北門,2023-12-27,9283
5014,建錩,10,0,10,凱基-北門,2023-12-27,9283
6288,聯嘉,10,0,10,凱基-北門,2023-12-27,9283
8215,明基材,10,0,10,凱基-北門,2023-12-27,9283
00918,大華優利高填息30,10,1,9,凱基-北門,2023-12-27,9283
1618,合機,10,2,8,凱基-北門,2023-12-27,9283
5347,世界,8,1,7,凱基-北門,2023-12-27,9283
1339,昭輝,7,0,7,凱基-北門,2023-12-27,9283
00904,新光臺灣半導體30,6,0,6,凱基-北門,2023-12-27,9283
5439,高技,8,2,6,凱基-北門,2023-12-27,9283
00753L,中信中國50正2,10,5,5,凱基-北門,2023-12-27,9283
1234,黑松,5,0,5,凱基-北門,2023-12-27,9283
2409,友達,11,6,5,凱基-北門,2023-12-27,9283
3669,圓展,5,0,5,凱基-北門,2023-12-27,9283
8908,欣雄,5,0,5,凱基-北門,2023-12-27,9283
1402,遠東新,4,0,4,凱基-北門,2023-12-27,9283
1513,中興電,4,0,4,凱基-北門,2023-12-27,9283
2498,宏達電,6,2,4,凱基-北門,2023-12-27,9283
3548,兆利,9,5,4,凱基-北門,2023-12-27,9283
5521,工信,4,0,4,凱基-北門,2023-12-27,9283
6486,互動,4,0,4,凱基-北門,2023-12-27,9283
00720B,元大投資級公司債,3,0,3,凱基-北門,2023-12-27,9283
3481,群創,30,27,3,凱基-北門,2023-12-27,9283
00888,永豐台灣ESG,3,0,3,凱基-北門,2023-12-27,9283
00688L,國泰20年美債正2,3,0,3,凱基-北門,2023-12-27,9283
2014,中鴻,3,0,3,凱基-北門,2023-12-27,9283
2353,宏��,235,51,184,凱基-北門,2023-12-28,9283
00937B,群益ESG投等債20,113,3,110,凱基-北門,2023-12-28,9283
3481,群創,102,2,100,凱基-北門,2023-12-28,9283
00919,群益台灣精選高息,47,0,47,凱基-北門,2023-12-28,9283
00674R,期元大S＆P黃金反1,50,14,36,凱基-北門,2023-12-28,9283
5258,虹堡,25,0,25,凱基-北門,2023-12-28,9283
5351,鈺創,33,9,24,凱基-北門,2023-12-28,9283
3338,泰碩,27,6,21,凱基-北門,2023-12-28,9283
9919,康那香,20,0,20,凱基-北門,2023-12-28,9283
00680L,元大美債20正2,20,2,18,凱基-北門,2023-12-28,9283
2204,中華,17,0,17,凱基-北門,2023-12-28,9283
6203,海韻電,17,0,17,凱基-北門,2023-12-28,9283
4908,前鼎,16,0,16,凱基-北門,2023-12-28,9283
3305,昇貿,14,0,14,凱基-北門,2023-12-28,9283
00715L,期街口布蘭特正2,14,2,12,凱基-北門,2023-12-28,9283
2356,英業達,86,75,11,凱基-北門,2023-12-28,9283
00918,大華優利高填息30,11,0,11,凱基-北門,2023-12-28,9283
6282,康舒,12,1,11,凱基-北門,2023-12-28,9283
8011,台通,11,0,11,凱基-北門,2023-12-28,9283
8936,國統,21,10,11,凱基-北門,2023-12-28,9283
1608,華榮,10,0,10,凱基-北門,2023-12-28,9283
2363,矽統,11,1,10,凱基-北門,2023-12-28,9283
2367,燿華,10,0,10,凱基-北門,2023-12-28,9283
5014,建錩,10,0,10,凱基-北門,2023-12-28,9283
8271,宇瞻,10,0,10,凱基-北門,2023-12-28,9283
9105,泰金寶-DR,10,0,10,凱基-北門,2023-12-28,9283
00929,復華台灣科技優息,12,3,9,凱基-北門,2023-12-28,9283
1513,中興電,11,2,9,凱基-北門,2023-12-28,9283
2344,華邦電,54,45,9,凱基-北門,2023-12-28,9283
3588,通嘉,17,8,9,凱基-北門,2023-12-28,9283
1514,亞力,31,22,9,凱基-北門,2023-12-28,9283
00679B,元大美債20年,8,0,8,凱基-北門,2023-12-28,9283
1795,美時,8,0,8,凱基-北門,2023-12-28,9283
2498,宏達電,8,0,8,凱基-北門,2023-12-28,9283
3024,憶聲,8,0,8,凱基-北門,2023-12-28,9283
3532,台勝科,8,0,8,凱基-北門,2023-12-28,9283
3669,圓展,8,0,8,凱基-北門,2023-12-28,9283
6129,普誠,11,4,7,凱基-北門,2023-12-28,9283
6153,嘉聯益,7,0,7,凱基-北門,2023-12-28,9283
5347,世界,7,0,7,凱基-北門,2023-12-28,9283
00637L,元大滬深300正2,8,2,6,凱基-北門,2023-12-28,9283
00632R,元大台灣50反1,10,4,6,凱基-北門,2023-12-28,9283
1101,台泥,6,0,6,凱基-北門,2023-12-28,9283
2106,建大,6,0,6,凱基-北門,2023-12-28,9283
00713,元大台灣高息低波,5,0,5,凱基-北門,2023-12-28,9283
00900,富邦特選高股息30,5,0,5,凱基-北門,2023-12-28,9283
00753L,中信中國50正2,7,2,5,凱基-北門,2023-12-28,9283
1312,國喬,5,0,5,凱基-北門,2023-12-28,9283
1314,中石化,5,0,5,凱基-北門,2023-12-28,9283
2312,金寶,8,3,5,凱基-北門,2023-12-28,9283
00722B,群益投資級電信債,107,0,107,凱基-北門,2023-12-29,9283
00935,野村臺灣新科技50,90,0,90,凱基-北門,2023-12-29,9283
2353,宏��,187,110,77,凱基-北門,2023-12-29,9283
1609,大亞,61,2,59,凱基-北門,2023-12-29,9283
00919,群益台灣精選高息,45,0,45,凱基-北門,2023-12-29,9283
00642U,期元大S＆P石油,42,0,42,凱基-北門,2023-12-29,9283
2883B,凱基金乙特,38,0,38,凱基-北門,2023-12-29,9283
1605,華新,31,0,31,凱基-北門,2023-12-29,9283
6112,邁達特,29,0,29,凱基-北門,2023-12-29,9283
00715L,期街口布蘭特正2,41,15,26,凱基-北門,2023-12-29,9283
3260,威剛,28,6,22,凱基-北門,2023-12-29,9283
3006,晶豪科,19,4,15,凱基-北門,2023-12-29,9283
2317,鴻海,16,3,13,凱基-北門,2023-12-29,9283
2356,英業達,87,75,12,凱基-北門,2023-12-29,9283
6179,亞通,12,0,12,凱基-北門,2023-12-29,9283
00937B,群益ESG投等債20,31,20,11,凱基-北門,2023-12-29,9283
3706,神達,12,1,11,凱基-北門,2023-12-29,9283
5452,佶優,11,0,11,凱基-北門,2023-12-29,9283
00688L,國泰20年美債正2,10,0,10,凱基-北門,2023-12-29,9283
00712,復華富時不動產,10,0,10,凱基-北門,2023-12-29,9283
1603,華電,10,0,10,凱基-北門,2023-12-29,9283
2501,國建,10,0,10,凱基-北門,2023-12-29,9283
6133,金橋,10,0,10,凱基-北門,2023-12-29,9283
2014,中鴻,13,4,9,凱基-北門,2023-12-29,9283
6153,嘉聯益,9,0,9,凱基-北門,2023-12-29,9283
1514,亞力,18,10,8,凱基-北門,2023-12-29,9283
2324,仁寶,19,11,8,凱基-北門,2023-12-29,9283
1213,大飲,8,0,8,凱基-北門,2023-12-29,9283
00915,凱基優選高股息30,8,0,8,凱基-北門,2023-12-29,9283
6166,凌華,8,0,8,凱基-北門,2023-12-29,9283
2103,台橡,6,0,6,凱基-北門,2023-12-29,9283
2303,聯電,7,1,6,凱基-北門,2023-12-29,9283
2337,旺宏,6,0,6,凱基-北門,2023-12-29,9283
2723,美食-KY,6,0,6,凱基-北門,2023-12-29,9283
3454,晶睿,6,0,6,凱基-北門,2023-12-29,9283
6152,百一,6,0,6,凱基-北門,2023-12-29,9283
6916,華凌,6,0,6,凱基-北門,2023-12-29,9283
2382,廣達,24,19,5,凱基-北門,2023-12-29,9283
00706L,期元大S＆P日圓正2,5,0,5,凱基-北門,2023-12-29,9283
2358,廷鑫,5,0,5,凱基-北門,2023-12-29,9283
3234,光環,5,0,5,凱基-北門,2023-12-29,9283
3390,旭軟,5,0,5,凱基-北門,2023-12-29,9283
4934,太極,5,0,5,凱基-北門,2023-12-29,9283
5355,佳總,5,0,5,凱基-北門,2023-12-29,9283
5519,隆大,5,0,5,凱基-北門,2023-12-29,9283
6486,互動,5,0,5,凱基-北門,2023-12-29,9283
2106,建大,4,0,4,凱基-北門,2023-12-29,9283
4543,萬在,4,0,4,凱基-北門,2023-12-29,9283
5521,工信,7,3,4,凱基-北門,2023-12-29,9283
8011,台通,5,1,4,凱基-北門,2023-12-29,9283
00687B,國泰20年美債,160,0,160,凱基-北門,2024-01-02,9283
00715L,期街口布蘭特正2,104,4,100,凱基-北門,2024-01-02,9283
00919,群益台灣精選高息,62,5,57,凱基-北門,2024-01-02,9283
00937B,群益ESG投等債20,49,0,49,凱基-北門,2024-01-02,9283
3231,緯創,44,1,43,凱基-北門,2024-01-02,9283
00722B,群益投資級電信債,36,0,36,凱基-北門,2024-01-02,9283
00929,復華台灣科技優息,41,8,33,凱基-北門,2024-01-02,9283
00680L,元大美債20正2,31,5,26,凱基-北門,2024-01-02,9283
2641,正德,41,21,20,凱基-北門,2024-01-02,9283
2867,三商壽,20,0,20,凱基-北門,2024-01-02,9283
1785,光洋科,18,0,18,凱基-北門,2024-01-02,9283
2356,英業達,34,19,15,凱基-北門,2024-01-02,9283
2344,華邦電,16,1,15,凱基-北門,2024-01-02,9283
00720B,元大投資級公司債,14,0,14,凱基-北門,2024-01-02,9283
4162,智擎,13,1,12,凱基-北門,2024-01-02,9283
2888,新光金,11,0,11,凱基-北門,2024-01-02,9283
00934,中信成長高股息,11,0,11,凱基-北門,2024-01-02,9283
00918,大華優利高填息30,10,0,10,凱基-北門,2024-01-02,9283
2915,潤泰全,14,4,10,凱基-北門,2024-01-02,9283
2493,揚博,10,0,10,凱基-北門,2024-01-02,9283
6214,精誠,10,0,10,凱基-北門,2024-01-02,9283
2834,臺企銀,11,2,9,凱基-北門,2024-01-02,9283
6125,廣運,9,1,8,凱基-北門,2024-01-02,9283
3029,零壹,8,0,8,凱基-北門,2024-01-02,9283
3437,榮創,8,1,7,凱基-北門,2024-01-02,9283
2852,第一保,6,0,6,凱基-北門,2024-01-02,9283
9105,泰金寶-DR,6,0,6,凱基-北門,2024-01-02,9283
00933B,國泰10Y+金融債,5,0,5,凱基-北門,2024-01-02,9283
2352,佳世達,6,1,5,凱基-北門,2024-01-02,9283
1514,亞力,22,17,5,凱基-北門,2024-01-02,9283
3372,典範,5,0,5,凱基-北門,2024-01-02,9283
00915,凱基優選高股息30,5,0,5,凱基-北門,2024-01-02,9283
1612,宏泰,8,3,5,凱基-北門,2024-01-02,9283
2465,麗臺,5,0,5,凱基-北門,2024-01-02,9283
2637,慧洋-KY,17,12,5,凱基-北門,2024-01-02,9283
3005,神基,6,1,5,凱基-北門,2024-01-02,9283
3188,鑫龍騰,5,0,5,凱基-北門,2024-01-02,9283
3234,光環,5,0,5,凱基-北門,2024-01-02,9283
3706,神達,5,0,5,凱基-北門,2024-01-02,9283
4915,致伸,6,1,5,凱基-北門,2024-01-02,9283
6163,華電網,6,1,5,凱基-北門,2024-01-02,9283
6180,橘子,5,0,5,凱基-北門,2024-01-02,9283
2332,友訊,4,0,4,凱基-北門,2024-01-02,9283
3702,大聯大,4,0,4,凱基-北門,2024-01-02,9283
00891,中信關鍵半導體,4,0,4,凱基-北門,2024-01-02,9283
1532,勤美,5,1,4,凱基-北門,2024-01-02,9283
2020,美亞,6,2,4,凱基-北門,2024-01-02,9283
2606,裕民,4,0,4,凱基-北門,2024-01-02,9283
6113,亞矽,6,2,4,凱基-北門,2024-01-02,9283
3037,欣興,4,0,4,凱基-北門,2024-01-02,9283
00937B,群益ESG投等債20,152,1,151,凱基-北門,2024-01-03,9283
2408,南亞科,93,1,92,凱基-北門,2024-01-03,9283
00929,復華台灣科技優息,90,7,83,凱基-北門,2024-01-03,9283
00693U,期街口S＆P黃豆,80,0,80,凱基-北門,2024-01-03,9283
00715L,期街口布蘭特正2,69,0,69,凱基-北門,2024-01-03,9283
00720B,元大投資級公司債,63,0,63,凱基-北門,2024-01-03,9283
00915,凱基優選高股息30,61,0,61,凱基-北門,2024-01-03,9283
0056,元大高股息,41,7,34,凱基-北門,2024-01-03,9283
00919,群益台灣精選高息,56,23,33,凱基-北門,2024-01-03,9283
2610,華航,25,1,24,凱基-北門,2024-01-03,9283
2204,中華,23,0,23,凱基-北門,2024-01-03,9283
00680L,元大美債20正2,22,0,22,凱基-北門,2024-01-03,9283
2409,友達,21,0,21,凱基-北門,2024-01-03,9283
1609,大亞,36,15,21,凱基-北門,2024-01-03,9283
2344,華邦電,46,25,21,凱基-北門,2024-01-03,9283
2889,國票金,20,0,20,凱基-北門,2024-01-03,9283
2498,宏達電,18,0,18,凱基-北門,2024-01-03,9283
00642U,期元大S＆P石油,17,0,17,凱基-北門,2024-01-03,9283
00878,國泰永續高股息,27,11,16,凱基-北門,2024-01-03,9283
00770,國泰北美科技,14,0,14,凱基-北門,2024-01-03,9283
2887,台新金,13,0,13,凱基-北門,2024-01-03,9283
1605,華新,13,0,13,凱基-北門,2024-01-03,9283
2330,台積電,14,2,12,凱基-北門,2024-01-03,9283
00679B,元大美債20年,12,0,12,凱基-北門,2024-01-03,9283
2882,國泰金,11,0,11,凱基-北門,2024-01-03,9283
2303,聯電,10,0,10,凱基-北門,2024-01-03,9283
00725B,國泰投資級公司債,10,0,10,凱基-北門,2024-01-03,9283
00877,復華中國5G,11,1,10,凱基-北門,2024-01-03,9283
2324,仁寶,36,26,10,凱基-北門,2024-01-03,9283
4942,嘉彰,10,0,10,凱基-北門,2024-01-03,9283
8110,華東,10,0,10,凱基-北門,2024-01-03,9283
9935,慶豐富,10,0,10,凱基-北門,2024-01-03,9283
5009,榮剛,10,1,9,凱基-北門,2024-01-03,9283
00918,大華優利高填息30,9,0,9,凱基-北門,2024-01-03,9283
2356,英業達,51,43,8,凱基-北門,2024-01-03,9283
3260,威剛,10,2,8,凱基-北門,2024-01-03,9283
6111,大宇資,16,8,8,凱基-北門,2024-01-03,9283
8086,宏捷科,8,0,8,凱基-北門,2024-01-03,9283
00713,元大台灣高息低波,7,0,7,凱基-北門,2024-01-03,9283
00935,野村臺灣新科技50,7,0,7,凱基-北門,2024-01-03,9283
2383,台光電,10,3,7,凱基-北門,2024-01-03,9283
2913,農林,7,0,7,凱基-北門,2024-01-03,9283
2454,聯發科,7,0,7,凱基-北門,2024-01-03,9283
2884,玉山金,6,0,6,凱基-北門,2024-01-03,9283
00888,永豐台灣ESG,6,0,6,凱基-北門,2024-01-03,9283
00882,中信中國高股息,10,4,6,凱基-北門,2024-01-03,9283
6485,點序,6,0,6,凱基-北門,2024-01-03,9283
6695,芯鼎,17,11,6,凱基-北門,2024-01-03,9283
9945,潤泰新,6,0,6,凱基-北門,2024-01-03,9283
00751B,元大AAA至A公司債,5,0,5,凱基-北門,2024-01-03,9283
2618,長榮航,96,3,93,凱基-北門,2024-01-04,9283
00929,復華台灣科技優息,75,2,73,凱基-北門,2024-01-04,9283
1584,精剛,45,0,45,凱基-北門,2024-01-04,9283
1101,台泥,35,0,35,凱基-北門,2024-01-04,9283
00937B,群益ESG投等債20,28,1,27,凱基-北門,2024-01-04,9283
1314,中石化,38,13,25,凱基-北門,2024-01-04,9283
2486,一詮,27,3,24,凱基-北門,2024-01-04,9283
00882,中信中國高股息,24,0,24,凱基-北門,2024-01-04,9283
2520,冠德,23,0,23,凱基-北門,2024-01-04,9283
1618,合機,21,0,21,凱基-北門,2024-01-04,9283
00632R,元大台灣50反1,20,0,20,凱基-北門,2024-01-04,9283
00706L,期元大S＆P日圓正2,20,0,20,凱基-北門,2024-01-04,9283
4128,中天,20,0,20,凱基-北門,2024-01-04,9283
2637,慧洋-KY,21,2,19,凱基-北門,2024-01-04,9283
00720B,元大投資級公司債,15,0,15,凱基-北門,2024-01-04,9283
2014,中鴻,14,1,13,凱基-北門,2024-01-04,9283
6112,邁達特,13,0,13,凱基-北門,2024-01-04,9283
00712,復華富時不動產,12,0,12,凱基-北門,2024-01-04,9283
3217,優群,19,7,12,凱基-北門,2024-01-04,9283
5871,中租-KY,12,0,12,凱基-北門,2024-01-04,9283
2603,長榮,29,19,10,凱基-北門,2024-01-04,9283
4743,合一,11,1,10,凱基-北門,2024-01-04,9283
2605,新興,39,29,10,凱基-北門,2024-01-04,9283
00877,復華中國5G,10,0,10,凱基-北門,2024-01-04,9283
5009,榮剛,10,0,10,凱基-北門,2024-01-04,9283
6180,橘子,11,1,10,凱基-北門,2024-01-04,9283
00921,兆豐龍頭等權重,8,0,8,凱基-北門,2024-01-04,9283
2204,中華,9,1,8,凱基-北門,2024-01-04,9283
4533,協易機,8,0,8,凱基-北門,2024-01-04,9283
6209,今國光,8,0,8,凱基-北門,2024-01-04,9283
8089,康全電訊,9,1,8,凱基-北門,2024-01-04,9283
0056,元大高股息,7,0,7,凱基-北門,2024-01-04,9283
00725B,國泰投資級公司債,7,0,7,凱基-北門,2024-01-04,9283
00915,凱基優選高股息30,7,0,7,凱基-北門,2024-01-04,9283
3231,緯創,11,4,7,凱基-北門,2024-01-04,9283
00878,國泰永續高股息,8,2,6,凱基-北門,2024-01-04,9283
2409,友達,7,1,6,凱基-北門,2024-01-04,9283
3305,昇貿,6,0,6,凱基-北門,2024-01-04,9283
4133,亞諾法,9,3,6,凱基-北門,2024-01-04,9283
6485,點序,6,0,6,凱基-北門,2024-01-04,9283
2303,聯電,37,31,6,凱基-北門,2024-01-04,9283
8046,南電,6,1,5,凱基-北門,2024-01-04,9283
00751B,元大AAA至A公司債,5,0,5,凱基-北門,2024-01-04,9283
1605,華新,7,2,5,凱基-北門,2024-01-04,9283
2359,所羅門,5,0,5,凱基-北門,2024-01-04,9283
00770,國泰北美科技,5,0,5,凱基-北門,2024-01-04,9283
00673R,期元大S＆P原油反1,6,1,5,凱基-北門,2024-01-04,9283
00930,永豐ESG低碳高息,5,0,5,凱基-北門,2024-01-04,9283
1603,華電,5,0,5,凱基-北門,2024-01-04,9283
3234,光環,5,0,5,凱基-北門,2024-01-04,9283
00919,群益台灣精選高息,93,5,88,凱基-北門,2024-01-05,9283
00679B,元大美債20年,77,0,77,凱基-北門,2024-01-05,9283
00929,復華台灣科技優息,93,30,63,凱基-北門,2024-01-05,9283
00680L,元大美債20正2,57,4,53,凱基-北門,2024-01-05,9283
2611,志信,44,6,38,凱基-北門,2024-01-05,9283
8096,擎亞,46,9,37,凱基-北門,2024-01-05,9283
00937B,群益ESG投等債20,36,16,20,凱基-北門,2024-01-05,9283
1584,精剛,20,0,20,凱基-北門,2024-01-05,9283
00715L,期街口布蘭特正2,19,1,18,凱基-北門,2024-01-05,9283
3577,泓格,18,0,18,凱基-北門,2024-01-05,9283
2486,一詮,19,3,16,凱基-北門,2024-01-05,9283
00720B,元大投資級公司債,31,16,15,凱基-北門,2024-01-05,9283
3231,緯創,29,16,13,凱基-北門,2024-01-05,9283
00882,中信中國高股息,12,0,12,凱基-北門,2024-01-05,9283
00687B,國泰20年美債,12,0,12,凱基-北門,2024-01-05,9283
1514,亞力,12,0,12,凱基-北門,2024-01-05,9283
0056,元大高股息,11,0,11,凱基-北門,2024-01-05,9283
2352,佳世達,14,3,11,凱基-北門,2024-01-05,9283
3711,日月光投控,10,0,10,凱基-北門,2024-01-05,9283
00877,復華中國5G,10,0,10,凱基-北門,2024-01-05,9283
1301,台塑,10,0,10,凱基-北門,2024-01-05,9283
3390,旭軟,10,1,9,凱基-北門,2024-01-05,9283
6284,佳邦,9,0,9,凱基-北門,2024-01-05,9283
2353,宏��,15,7,8,凱基-北門,2024-01-05,9283
00712,復華富時不動產,8,0,8,凱基-北門,2024-01-05,9283
00905,FT臺灣Smart,8,0,8,凱基-北門,2024-01-05,9283
00918,大華優利高填息30,7,0,7,凱基-北門,2024-01-05,9283
2634,漢翔,10,3,7,凱基-北門,2024-01-05,9283
6416,瑞祺電通,12,5,7,凱基-北門,2024-01-05,9283
8222,寶一,7,0,7,凱基-北門,2024-01-05,9283
00725B,國泰投資級公司債,6,0,6,凱基-北門,2024-01-05,9283
2609,陽明,44,38,6,凱基-北門,2024-01-05,9283
5425,台半,6,0,6,凱基-北門,2024-01-05,9283
6290,良維,7,1,6,凱基-北門,2024-01-05,9283
8046,南電,6,0,6,凱基-北門,2024-01-05,9283
00900,富邦特選高股息30,5,0,5,凱基-北門,2024-01-05,9283
1721,三晃,5,0,5,凱基-北門,2024-01-05,9283
2362,藍天,7,2,5,凱基-北門,2024-01-05,9283
2489,瑞軒,5,0,5,凱基-北門,2024-01-05,9283
2881,富邦金,5,0,5,凱基-北門,2024-01-05,9283
8150,南茂,5,0,5,凱基-北門,2024-01-05,9283
9945,潤泰新,5,0,5,凱基-北門,2024-01-05,9283
9921,巨大,4,0,4,凱基-北門,2024-01-05,9283
2610,華航,4,0,4,凱基-北門,2024-01-05,9283
00751B,元大AAA至A公司債,4,0,4,凱基-北門,2024-01-05,9283
1732,毛寶,20,16,4,凱基-北門,2024-01-05,9283
00713,元大台灣高息低波,4,0,4,凱基-北門,2024-01-05,9283
6550,北極星藥業-KY,4,0,4,凱基-北門,2024-01-05,9283
0050,元大台灣50,3,0,3,凱基-北門,2024-01-05,9283
2332,友訊,3,0,3,凱基-北門,2024-01-05,9283
00929,復華台灣科技優息,93,25,68,凱基-北門,2024-01-08,9283
00881,國泰台灣5G+,50,2,48,凱基-北門,2024-01-08,9283
00720B,元大投資級公司債,46,0,46,凱基-北門,2024-01-08,9283
00923,群益台ESG低碳50,35,0,35,凱基-北門,2024-01-08,9283
6770,力積電,51,19,32,凱基-北門,2024-01-08,9283
00665L,富邦�琤肭磪囓�2,30,0,30,凱基-北門,2024-01-08,9283
0056,元大高股息,37,10,27,凱基-北門,2024-01-08,9283
3481,群創,73,47,26,凱基-北門,2024-01-08,9283
00679B,元大美債20年,26,0,26,凱基-北門,2024-01-08,9283
6284,佳邦,21,0,21,凱基-北門,2024-01-08,9283
2486,一詮,22,3,19,凱基-北門,2024-01-08,9283
9105,泰金寶-DR,19,0,19,凱基-北門,2024-01-08,9283
00919,群益台灣精選高息,26,10,16,凱基-北門,2024-01-08,9283
2408,南亞科,15,1,14,凱基-北門,2024-01-08,9283
2637,慧洋-KY,21,7,14,凱基-北門,2024-01-08,9283
3036,文曄,11,0,11,凱基-北門,2024-01-08,9283
00772B,中信高評級公司債,11,0,11,凱基-北門,2024-01-08,9283
00687B,國泰20年美債,10,0,10,凱基-北門,2024-01-08,9283
9919,康那香,12,2,10,凱基-北門,2024-01-08,9283
00753L,中信中國50正2,10,0,10,凱基-北門,2024-01-08,9283
2027,大成鋼,10,0,10,凱基-北門,2024-01-08,9283
6589,台康生技,10,0,10,凱基-北門,2024-01-08,9283
8908,欣雄,10,0,10,凱基-北門,2024-01-08,9283
8930,青鋼,10,0,10,凱基-北門,2024-01-08,9283
2617,台航,9,0,9,凱基-北門,2024-01-08,9283
2739,寒舍,11,2,9,凱基-北門,2024-01-08,9283
2303,聯電,11,3,8,凱基-北門,2024-01-08,9283
2344,華邦電,11,3,8,凱基-北門,2024-01-08,9283
2888,新光金,9,1,8,凱基-北門,2024-01-08,9283
00637L,元大滬深300正2,8,0,8,凱基-北門,2024-01-08,9283
3711,日月光投控,9,2,7,凱基-北門,2024-01-08,9283
00882,中信中國高股息,10,3,7,凱基-北門,2024-01-08,9283
1524,耿鼎,6,0,6,凱基-北門,2024-01-08,9283
8049,晶采,6,0,6,凱基-北門,2024-01-08,9283
00878,國泰永續高股息,6,0,6,凱基-北門,2024-01-08,9283
00633L,富邦上証正2,6,0,6,凱基-北門,2024-01-08,9283
00927,群益半導體收益,6,0,6,凱基-北門,2024-01-08,9283
2417,圓剛,6,0,6,凱基-北門,2024-01-08,9283
00751B,元大AAA至A公司債,5,0,5,凱基-北門,2024-01-08,9283
2353,宏��,59,54,5,凱基-北門,2024-01-08,9283
5425,台半,5,0,5,凱基-北門,2024-01-08,9283
5490,同亨,5,0,5,凱基-北門,2024-01-08,9283
6179,亞通,5,0,5,凱基-北門,2024-01-08,9283
00715L,期街口布蘭特正2,14,9,5,凱基-北門,2024-01-08,9283
00725B,國泰投資級公司債,5,0,5,凱基-北門,2024-01-08,9283
4972,湯石照明,5,0,5,凱基-北門,2024-01-08,9283
9945,潤泰新,5,0,5,凱基-北門,2024-01-08,9283
3588,通嘉,41,36,5,凱基-北門,2024-01-08,9283
3014,聯陽,4,0,4,凱基-北門,2024-01-08,9283
2436,偉詮電,4,0,4,凱基-北門,2024-01-08,9283
00715L,期街口布蘭特正2,49,2,47,凱基-北門,2024-01-09,9283
0056,元大高股息,46,3,43,凱基-北門,2024-01-09,9283
6284,佳邦,48,6,42,凱基-北門,2024-01-09,9283
00919,群益台灣精選高息,48,8,40,凱基-北門,2024-01-09,9283
00655L,國泰中國A50正2,40,0,40,凱基-北門,2024-01-09,9283
00929,復華台灣科技優息,36,2,34,凱基-北門,2024-01-09,9283
1584,精剛,30,1,29,凱基-北門,2024-01-09,9283
2634,漢翔,27,1,26,凱基-北門,2024-01-09,9283
2356,英業達,33,8,25,凱基-北門,2024-01-09,9283
2408,南亞科,23,0,23,凱基-北門,2024-01-09,9283
00933B,國泰10Y+金融債,21,0,21,凱基-北門,2024-01-09,9283
2352,佳世達,28,7,21,凱基-北門,2024-01-09,9283
00937B,群益ESG投等債20,18,0,18,凱基-北門,2024-01-09,9283
00642U,期元大S＆P石油,17,0,17,凱基-北門,2024-01-09,9283
3346,麗清,16,0,16,凱基-北門,2024-01-09,9283
1101,台泥,13,0,13,凱基-北門,2024-01-09,9283
6177,達麗,13,0,13,凱基-北門,2024-01-09,9283
2312,金寶,15,3,12,凱基-北門,2024-01-09,9283
00680L,元大美債20正2,12,0,12,凱基-北門,2024-01-09,9283
6770,力積電,24,13,11,凱基-北門,2024-01-09,9283
2609,陽明,34,23,11,凱基-北門,2024-01-09,9283
2344,華邦電,11,1,10,凱基-北門,2024-01-09,9283
3032,偉訓,25,15,10,凱基-北門,2024-01-09,9283
6443,元晶,10,0,10,凱基-北門,2024-01-09,9283
3622,洋華,10,0,10,凱基-北門,2024-01-09,9283
6643,M31,11,1,10,凱基-北門,2024-01-09,9283
00757,統一FANG+,12,3,9,凱基-北門,2024-01-09,9283
2308,台達電,9,0,9,凱基-北門,2024-01-09,9283
2409,友達,8,0,8,凱基-北門,2024-01-09,9283
3078,僑威,8,0,8,凱基-北門,2024-01-09,9283
9955,佳龍,8,0,8,凱基-北門,2024-01-09,9283
3711,日月光投控,7,0,7,凱基-北門,2024-01-09,9283
00927,群益半導體收益,7,0,7,凱基-北門,2024-01-09,9283
2617,台航,10,3,7,凱基-北門,2024-01-09,9283
6209,今國光,8,1,7,凱基-北門,2024-01-09,9283
6550,北極星藥業-KY,7,0,7,凱基-北門,2024-01-09,9283
00923,群益台ESG低碳50,6,0,6,凱基-北門,2024-01-09,9283
2913,農林,6,0,6,凱基-北門,2024-01-09,9283
4934,太極,6,0,6,凱基-北門,2024-01-09,9283
2106,建大,6,0,6,凱基-北門,2024-01-09,9283
5353,台林,6,0,6,凱基-北門,2024-01-09,9283
00935,野村臺灣新科技50,6,0,6,凱基-北門,2024-01-09,9283
00770,國泰北美科技,5,0,5,凱基-北門,2024-01-09,9283
00900,富邦特選高股息30,5,0,5,凱基-北門,2024-01-09,9283
8227,巨有科技,5,0,5,凱基-北門,2024-01-09,9283
6416,瑞祺電通,9,4,5,凱基-北門,2024-01-09,9283
00881,國泰台灣5G+,5,0,5,凱基-北門,2024-01-09,9283
3022,威強電,5,0,5,凱基-北門,2024-01-09,9283
3520,華盈,5,0,5,凱基-北門,2024-01-09,9283
8049,晶采,5,0,5,凱基-北門,2024-01-09,9283
2365,昆盈,130,0,130,凱基-北門,2024-01-10,9283
00919,群益台灣精選高息,72,0,72,凱基-北門,2024-01-10,9283
00929,復華台灣科技優息,55,0,55,凱基-北門,2024-01-10,9283
0056,元大高股息,33,0,33,凱基-北門,2024-01-10,9283
6770,力積電,33,0,33,凱基-北門,2024-01-10,9283
6026,福邦證,30,0,30,凱基-北門,2024-01-10,9283
00933B,國泰10Y+金融債,23,0,23,凱基-北門,2024-01-10,9283
3032,偉訓,23,2,21,凱基-北門,2024-01-10,9283
2382,廣達,20,0,20,凱基-北門,2024-01-10,9283
2408,南亞科,18,0,18,凱基-北門,2024-01-10,9283
00720B,元大投資級公司債,15,0,15,凱基-北門,2024-01-10,9283
2489,瑞軒,15,0,15,凱基-北門,2024-01-10,9283
2409,友達,15,2,13,凱基-北門,2024-01-10,9283
2201,裕隆,12,0,12,凱基-北門,2024-01-10,9283
1101,台泥,11,0,11,凱基-北門,2024-01-10,9283
2312,金寶,11,0,11,凱基-北門,2024-01-10,9283
2353,宏��,46,35,11,凱基-北門,2024-01-10,9283
2303,聯電,11,0,11,凱基-北門,2024-01-10,9283
2888,新光金,10,0,10,凱基-北門,2024-01-10,9283
4960,誠美材,10,0,10,凱基-北門,2024-01-10,9283
00655L,國泰中國A50正2,10,0,10,凱基-北門,2024-01-10,9283
00882,中信中國高股息,10,0,10,凱基-北門,2024-01-10,9283
2352,佳世達,10,0,10,凱基-北門,2024-01-10,9283
6163,華電網,10,0,10,凱基-北門,2024-01-10,9283
3086,華義,9,0,9,凱基-北門,2024-01-10,9283
2301,光寶科,7,0,7,凱基-北門,2024-01-10,9283
2498,宏達電,9,2,7,凱基-北門,2024-01-10,9283
2609,陽明,71,65,6,凱基-北門,2024-01-10,9283
00934,中信成長高股息,6,0,6,凱基-北門,2024-01-10,9283
2106,建大,6,0,6,凱基-北門,2024-01-10,9283
6416,瑞祺電通,7,1,6,凱基-北門,2024-01-10,9283
3231,緯創,8,2,6,凱基-北門,2024-01-10,9283
5490,同亨,5,0,5,凱基-北門,2024-01-10,9283
00904,新光臺灣半導體30,5,0,5,凱基-北門,2024-01-10,9283
1582,信錦,5,0,5,凱基-北門,2024-01-10,9283
2405,輔信,5,0,5,凱基-北門,2024-01-10,9283
2601,益航,5,0,5,凱基-北門,2024-01-10,9283
2634,漢翔,7,2,5,凱基-北門,2024-01-10,9283
3056,富華新,5,0,5,凱基-北門,2024-01-10,9283
6179,亞通,5,0,5,凱基-北門,2024-01-10,9283
8908,欣雄,5,0,5,凱基-北門,2024-01-10,9283
9955,佳龍,5,0,5,凱基-北門,2024-01-10,9283
3711,日月光投控,4,0,4,凱基-北門,2024-01-10,9283
00679B,元大美債20年,4,0,4,凱基-北門,2024-01-10,9283
2103,台橡,4,0,4,凱基-北門,2024-01-10,9283
3645,達邁,4,0,4,凱基-北門,2024-01-10,9283
3675,德微,4,0,4,凱基-北門,2024-01-10,9283
5302,太欣,4,0,4,凱基-北門,2024-01-10,9283
5519,隆大,4,0,4,凱基-北門,2024-01-10,9283
6477,安集,4,0,4,凱基-北門,2024-01-10,9283
00706L,期元大S＆P日圓正2,72,0,72,凱基-北門,2024-01-11,9283
00929,復華台灣科技優息,68,8,60,凱基-北門,2024-01-11,9283
00919,群益台灣精選高息,48,0,48,凱基-北門,2024-01-11,9283
2353,宏��,45,4,41,凱基-北門,2024-01-11,9283
2408,南亞科,29,0,29,凱基-北門,2024-01-11,9283
00715L,期街口布蘭特正2,26,0,26,凱基-北門,2024-01-11,9283
2324,仁寶,28,2,26,凱基-北門,2024-01-11,9283
00927,群益半導體收益,22,0,22,凱基-北門,2024-01-11,9283
2883,凱基金,22,0,22,凱基-北門,2024-01-11,9283
00881,國泰台灣5G+,20,0,20,凱基-北門,2024-01-11,9283
3543,州巧,20,0,20,凱基-北門,2024-01-11,9283
2356,英業達,54,37,17,凱基-北門,2024-01-11,9283
2382,廣達,41,25,16,凱基-北門,2024-01-11,9283
2344,華邦電,23,8,15,凱基-北門,2024-01-11,9283
00679B,元大美債20年,13,0,13,凱基-北門,2024-01-11,9283
1618,合機,13,0,13,凱基-北門,2024-01-11,9283
9919,康那香,11,0,11,凱基-北門,2024-01-11,9283
3443,創意,13,3,10,凱基-北門,2024-01-11,9283
2371,大同,10,0,10,凱基-北門,2024-01-11,9283
00641R,富邦日本反1,10,0,10,凱基-北門,2024-01-11,9283
1514,亞力,14,4,10,凱基-北門,2024-01-11,9283
00937B,群益ESG投等債20,12,3,9,凱基-北門,2024-01-11,9283
2402,毅嘉,8,0,8,凱基-北門,2024-01-11,9283
6695,芯鼎,24,16,8,凱基-北門,2024-01-11,9283
5880,合庫金,7,0,7,凱基-北門,2024-01-11,9283
6770,力積電,7,0,7,凱基-北門,2024-01-11,9283
00680L,元大美債20正2,7,0,7,凱基-北門,2024-01-11,9283
3373,熱映,7,0,7,凱基-北門,2024-01-11,9283
3588,通嘉,11,4,7,凱基-北門,2024-01-11,9283
2106,建大,6,0,6,凱基-北門,2024-01-11,9283
2606,裕民,6,0,6,凱基-北門,2024-01-11,9283
2882,國泰金,6,0,6,凱基-北門,2024-01-11,9283
6166,凌華,6,0,6,凱基-北門,2024-01-11,9283
2303,聯電,7,1,6,凱基-北門,2024-01-11,9283
00904,新光臺灣半導體30,5,0,5,凱基-北門,2024-01-11,9283
1582,信錦,5,0,5,凱基-北門,2024-01-11,9283
1609,大亞,5,0,5,凱基-北門,2024-01-11,9283
2208,台船,5,0,5,凱基-北門,2024-01-11,9283
00885,富邦越南,5,0,5,凱基-北門,2024-01-11,9283
2888,新光金,20,15,5,凱基-北門,2024-01-11,9283
3675,德微,5,0,5,凱基-北門,2024-01-11,9283
5306,桂盟,5,0,5,凱基-北門,2024-01-11,9283
6112,邁達特,10,5,5,凱基-北門,2024-01-11,9283
2301,光寶科,5,0,5,凱基-北門,2024-01-11,9283
2449,京元電子,5,0,5,凱基-北門,2024-01-11,9283
00720B,元大投資級公司債,16,12,4,凱基-北門,2024-01-11,9283
00882,中信中國高股息,4,0,4,凱基-北門,2024-01-11,9283
00670L,富邦NASDAQ正2,4,0,4,凱基-北門,2024-01-11,9283
1717,長興,4,0,4,凱基-北門,2024-01-11,9283
2027,大成鋼,4,0,4,凱基-北門,2024-01-11,9283
3033,威健,200,1,199,凱基-北門,2024-01-12,9283
00632R,元大台灣50反1,100,0,100,凱基-北門,2024-01-12,9283
00929,復華台灣科技優息,46,0,46,凱基-北門,2024-01-12,9283
00795B,中信美國公債20年,35,0,35,凱基-北門,2024-01-12,9283
2313,華通,31,0,31,凱基-北門,2024-01-12,9283
00885,富邦越南,30,0,30,凱基-北門,2024-01-12,9283
00680L,元大美債20正2,30,0,30,凱基-北門,2024-01-12,9283
2426,鼎元,25,0,25,凱基-北門,2024-01-12,9283
2365,昆盈,56,32,24,凱基-北門,2024-01-12,9283
0056,元大高股息,25,3,22,凱基-北門,2024-01-12,9283
2882,國泰金,24,2,22,凱基-北門,2024-01-12,9283
2408,南亞科,21,0,21,凱基-北門,2024-01-12,9283
00655L,國泰中國A50正2,20,0,20,凱基-北門,2024-01-12,9283
00877,復華中國5G,20,0,20,凱基-北門,2024-01-12,9283
00919,群益台灣精選高息,17,0,17,凱基-北門,2024-01-12,9283
8908,欣雄,12,0,12,凱基-北門,2024-01-12,9283
00927,群益半導體收益,11,0,11,凱基-北門,2024-01-12,9283
00882,中信中國高股息,10,0,10,凱基-北門,2024-01-12,9283
6206,飛捷,10,0,10,凱基-北門,2024-01-12,9283
2312,金寶,10,0,10,凱基-北門,2024-01-12,9283
2401,凌陽,11,1,10,凱基-北門,2024-01-12,9283
2889,國票金,10,0,10,凱基-北門,2024-01-12,9283
4903,聯光通,9,0,9,凱基-北門,2024-01-12,9283
2324,仁寶,8,0,8,凱基-北門,2024-01-12,9283
4956,光鋐,8,0,8,凱基-北門,2024-01-12,9283
5425,台半,8,0,8,凱基-北門,2024-01-12,9283
2887,台新金,6,0,6,凱基-北門,2024-01-12,9283
00770,國泰北美科技,6,0,6,凱基-北門,2024-01-12,9283
00673R,期元大S＆P原油反1,6,0,6,凱基-北門,2024-01-12,9283
00937B,群益ESG投等債20,5,0,5,凱基-北門,2024-01-12,9283
1513,中興電,6,1,5,凱基-北門,2024-01-12,9283
4402,郡都開發,20,15,5,凱基-北門,2024-01-12,9283
2912,統一超,5,0,5,凱基-北門,2024-01-12,9283
3003,健和興,5,0,5,凱基-北門,2024-01-12,9283
4167,松瑞藥,5,0,5,凱基-北門,2024-01-12,9283
6120,達運,12,7,5,凱基-北門,2024-01-12,9283
6166,凌華,5,0,5,凱基-北門,2024-01-12,9283
6462,神盾,18,13,5,凱基-北門,2024-01-12,9283
6788,華景電,5,0,5,凱基-北門,2024-01-12,9283
6895,宏碩系統,5,0,5,凱基-北門,2024-01-12,9283
8086,宏捷科,5,0,5,凱基-北門,2024-01-12,9283
8924,大田,5,0,5,凱基-北門,2024-01-12,9283
9105,泰金寶-DR,5,0,5,凱基-北門,2024-01-12,9283
00687B,國泰20年美債,4,0,4,凱基-北門,2024-01-12,9283
00904,新光臺灣半導體30,4,0,4,凱基-北門,2024-01-12,9283
2303,聯電,4,0,4,凱基-北門,2024-01-12,9283
3260,威剛,4,0,4,凱基-北門,2024-01-12,9283
3711,日月光投控,4,0,4,凱基-北門,2024-01-12,9283
6223,旺矽,6,2,4,凱基-北門,2024-01-12,9283
2353,宏��,38,35,3,凱基-北門,2024-01-12,9283
00929,復華台灣科技優息,210,5,205,凱基-北門,2024-01-15,9283
00919,群益台灣精選高息,88,0,88,凱基-北門,2024-01-15,9283
00881,國泰台灣5G+,40,0,40,凱基-北門,2024-01-15,9283
2618,長榮航,34,2,32,凱基-北門,2024-01-15,9283
2356,英業達,34,9,25,凱基-北門,2024-01-15,9283
00720B,元大投資級公司債,21,0,21,凱基-北門,2024-01-15,9283
2888,新光金,21,0,21,凱基-北門,2024-01-15,9283
1529,樂事綠能,22,2,20,凱基-北門,2024-01-15,9283
00927,群益半導體收益,15,0,15,凱基-北門,2024-01-15,9283
00934,中信成長高股息,12,0,12,凱基-北門,2024-01-15,9283
2634,漢翔,13,1,12,凱基-北門,2024-01-15,9283
2887,台新金,12,0,12,凱基-北門,2024-01-15,9283
8034,榮群,11,0,11,凱基-北門,2024-01-15,9283
00687B,國泰20年美債,11,0,11,凱基-北門,2024-01-15,9283
2838,聯邦銀,10,0,10,凱基-北門,2024-01-15,9283
3713,新晶投控,10,0,10,凱基-北門,2024-01-15,9283
00757,統一FANG+,11,2,9,凱基-北門,2024-01-15,9283
2421,建準,10,1,9,凱基-北門,2024-01-15,9283
2610,華航,9,1,8,凱基-北門,2024-01-15,9283
4934,太極,8,0,8,凱基-北門,2024-01-15,9283
00915,凱基優選高股息30,9,2,7,凱基-北門,2024-01-15,9283
2375,凱美,6,0,6,凱基-北門,2024-01-15,9283
2376,技嘉,14,8,6,凱基-北門,2024-01-15,9283
8222,寶一,8,2,6,凱基-北門,2024-01-15,9283
00882,中信中國高股息,5,0,5,凱基-北門,2024-01-15,9283
1304,台聚,5,0,5,凱基-北門,2024-01-15,9283
1603,華電,5,0,5,凱基-北門,2024-01-15,9283
2206,三陽工業,5,0,5,凱基-北門,2024-01-15,9283
3622,洋華,5,0,5,凱基-北門,2024-01-15,9283
5426,振發,11,6,5,凱基-北門,2024-01-15,9283
8163,達方,5,0,5,凱基-北門,2024-01-15,9283
1503,士電,8,4,4,凱基-北門,2024-01-15,9283
1310,台苯,4,0,4,凱基-北門,2024-01-15,9283
2103,台橡,4,0,4,凱基-北門,2024-01-15,9283
2426,鼎元,4,0,4,凱基-北門,2024-01-15,9283
1234,黑松,3,0,3,凱基-北門,2024-01-15,9283
2208,台船,4,1,3,凱基-北門,2024-01-15,9283
2365,昆盈,3,0,3,凱基-北門,2024-01-15,9283
2545,皇翔,3,0,3,凱基-北門,2024-01-15,9283
2609,陽明,26,23,3,凱基-北門,2024-01-15,9283
3354,律勝,3,0,3,凱基-北門,2024-01-15,9283
3686,達能,3,0,3,凱基-北門,2024-01-15,9283
5425,台半,3,0,3,凱基-北門,2024-01-15,9283
6416,瑞祺電通,3,0,3,凱基-北門,2024-01-15,9283
8085,福華,4,1,3,凱基-北門,2024-01-15,9283
8926,台汽電,3,0,3,凱基-北門,2024-01-15,9283
8112,至上,4,1,3,凱基-北門,2024-01-15,9283
2382,廣達,58,55,3,凱基-北門,2024-01-15,9283
2317,鴻海,2,0,2,凱基-北門,2024-01-15,9283
2353,宏��,14,12,2,凱基-北門,2024-01-15,9283
00720B,元大投資級公司債,179,0,179,凱基-北門,2024-01-16,9283
1718,中纖,80,0,80,凱基-北門,2024-01-16,9283
2883,凱基金,80,0,80,凱基-北門,2024-01-16,9283
5351,鈺創,58,1,57,凱基-北門,2024-01-16,9283
00927,群益半導體收益,44,0,44,凱基-北門,2024-01-16,9283
0056,元大高股息,38,0,38,凱基-北門,2024-01-16,9283
2634,漢翔,37,0,37,凱基-北門,2024-01-16,9283
2363,矽統,30,1,29,凱基-北門,2024-01-16,9283
2365,昆盈,48,20,28,凱基-北門,2024-01-16,9283
00929,復華台灣科技優息,57,31,26,凱基-北門,2024-01-16,9283
00919,群益台灣精選高息,36,10,26,凱基-北門,2024-01-16,9283
00881,國泰台灣5G+,24,0,24,凱基-北門,2024-01-16,9283
2867,三商壽,21,0,21,凱基-北門,2024-01-16,9283
2838,聯邦銀,20,0,20,凱基-北門,2024-01-16,9283
2889,國票金,20,0,20,凱基-北門,2024-01-16,9283
6270,倍微,20,0,20,凱基-北門,2024-01-16,9283
00882,中信中國高股息,19,0,19,凱基-北門,2024-01-16,9283
00669R,國泰美國道瓊反1,18,0,18,凱基-北門,2024-01-16,9283
8908,欣雄,18,0,18,凱基-北門,2024-01-16,9283
00722B,群益投資級電信債,17,0,17,凱基-北門,2024-01-16,9283
00655L,國泰中國A50正2,15,0,15,凱基-北門,2024-01-16,9283
2374,佳能,15,0,15,凱基-北門,2024-01-16,9283
2353,宏��,26,12,14,凱基-北門,2024-01-16,9283
1609,大亞,25,11,14,凱基-北門,2024-01-16,9283
1618,合機,20,6,14,凱基-北門,2024-01-16,9283
2103,台橡,14,0,14,凱基-北門,2024-01-16,9283
2887,台新金,14,0,14,凱基-北門,2024-01-16,9283
2312,金寶,16,3,13,凱基-北門,2024-01-16,9283
00878,國泰永續高股息,13,0,13,凱基-北門,2024-01-16,9283
2486,一詮,33,21,12,凱基-北門,2024-01-16,9283
2610,華航,16,5,11,凱基-北門,2024-01-16,9283
6275,元山,11,0,11,凱基-北門,2024-01-16,9283
1326,台化,10,0,10,凱基-北門,2024-01-16,9283
2903,遠百,10,0,10,凱基-北門,2024-01-16,9283
00937B,群益ESG投等債20,10,0,10,凱基-北門,2024-01-16,9283
1460,宏遠,10,0,10,凱基-北門,2024-01-16,9283
6026,福邦證,10,0,10,凱基-北門,2024-01-16,9283
0050,元大台灣50,9,0,9,凱基-北門,2024-01-16,9283
2356,英業達,14,5,9,凱基-北門,2024-01-16,9283
5398,慕康生醫,8,0,8,凱基-北門,2024-01-16,9283
00918,大華優利高填息30,7,0,7,凱基-北門,2024-01-16,9283
00933B,國泰10Y+金融債,7,0,7,凱基-北門,2024-01-16,9283
00632R,元大台灣50反1,11,4,7,凱基-北門,2024-01-16,9283
2002,中鋼,7,0,7,凱基-北門,2024-01-16,9283
2303,聯電,12,5,7,凱基-北門,2024-01-16,9283
2106,建大,6,0,6,凱基-北門,2024-01-16,9283
3083,網龍,6,0,6,凱基-北門,2024-01-16,9283
1301,台塑,5,0,5,凱基-北門,2024-01-16,9283
2603,長榮,14,9,5,凱基-北門,2024-01-16,9283
00642U,期元大S＆P石油,5,0,5,凱基-北門,2024-01-16,9283
00929,復華台灣科技優息,164,0,164,凱基-北門,2024-01-17,9283
00676R,富邦臺灣加權反1,140,0,140,凱基-北門,2024-01-17,9283
0056,元大高股息,156,18,138,凱基-北門,2024-01-17,9283
2867,三商壽,101,0,101,凱基-北門,2024-01-17,9283
00919,群益台灣精選高息,84,5,79,凱基-北門,2024-01-17,9283
00877,復華中國5G,63,0,63,凱基-北門,2024-01-17,9283
2303,聯電,116,68,48,凱基-北門,2024-01-17,9283
2382,廣達,53,9,44,凱基-北門,2024-01-17,9283
2352,佳世達,41,0,41,凱基-北門,2024-01-17,9283
00878,國泰永續高股息,48,8,40,凱基-北門,2024-01-17,9283
00937B,群益ESG投等債20,50,10,40,凱基-北門,2024-01-17,9283
00679B,元大美債20年,30,0,30,凱基-北門,2024-01-17,9283
00706L,期元大S＆P日圓正2,30,0,30,凱基-北門,2024-01-17,9283
2882,國泰金,29,0,29,凱基-北門,2024-01-17,9283
2887,台新金,28,0,28,凱基-北門,2024-01-17,9283
6472,保瑞,27,2,25,凱基-北門,2024-01-17,9283
00687B,國泰20年美債,23,0,23,凱基-北門,2024-01-17,9283
00927,群益半導體收益,23,0,23,凱基-北門,2024-01-17,9283
00665L,富邦�琤肭磪囓�2,22,0,22,凱基-北門,2024-01-17,9283
8096,擎亞,58,36,22,凱基-北門,2024-01-17,9283
00882,中信中國高股息,22,0,22,凱基-北門,2024-01-17,9283
2363,矽統,24,3,21,凱基-北門,2024-01-17,9283
8908,欣雄,19,0,19,凱基-北門,2024-01-17,9283
2884,玉山金,17,0,17,凱基-北門,2024-01-17,9283
2426,鼎元,16,0,16,凱基-北門,2024-01-17,9283
3049,精金,15,0,15,凱基-北門,2024-01-17,9283
6462,神盾,24,9,15,凱基-北門,2024-01-17,9283
2408,南亞科,15,2,13,凱基-北門,2024-01-17,9283
2002,中鋼,12,0,12,凱基-北門,2024-01-17,9283
2880,華南金,12,0,12,凱基-北門,2024-01-17,9283
6127,九豪,12,0,12,凱基-北門,2024-01-17,9283
2838,聯邦銀,10,0,10,凱基-北門,2024-01-17,9283
3027,盛達,10,0,10,凱基-北門,2024-01-17,9283
3543,州巧,10,0,10,凱基-北門,2024-01-17,9283
5488,松普,11,1,10,凱基-北門,2024-01-17,9283
5511,德昌,10,0,10,凱基-北門,2024-01-17,9283
6026,福邦證,10,0,10,凱基-北門,2024-01-17,9283
2317,鴻海,12,2,10,凱基-北門,2024-01-17,9283
2881,富邦金,9,0,9,凱基-北門,2024-01-17,9283
8034,榮群,11,2,9,凱基-北門,2024-01-17,9283
2308,台達電,9,1,8,凱基-北門,2024-01-17,9283
2376,技嘉,11,3,8,凱基-北門,2024-01-17,9283
2344,華邦電,14,6,8,凱基-北門,2024-01-17,9283
1785,光洋科,11,3,8,凱基-北門,2024-01-17,9283
9955,佳龍,9,1,8,凱基-北門,2024-01-17,9283
1101,台泥,7,0,7,凱基-北門,2024-01-17,9283
1314,中石化,7,0,7,凱基-北門,2024-01-17,9283
2375,凱美,7,0,7,凱基-北門,2024-01-17,9283
2886,兆豐金,7,0,7,凱基-北門,2024-01-17,9283
3714,富采,6,0,6,凱基-北門,2024-01-17,9283
3231,緯創,91,25,66,凱基-北門,2024-01-18,9283
2883,凱基金,33,0,33,凱基-北門,2024-01-18,9283
00882,中信中國高股息,35,5,30,凱基-北門,2024-01-18,9283
00919,群益台灣精選高息,28,0,28,凱基-北門,2024-01-18,9283
00929,復華台灣科技優息,26,4,22,凱基-北門,2024-01-18,9283
2812,台中銀,21,0,21,凱基-北門,2024-01-18,9283
3032,偉訓,21,0,21,凱基-北門,2024-01-18,9283
0056,元大高股息,30,10,20,凱基-北門,2024-01-18,9283
00877,復華中國5G,35,16,19,凱基-北門,2024-01-18,9283
2303,聯電,19,1,18,凱基-北門,2024-01-18,9283
5426,振發,51,34,17,凱基-北門,2024-01-18,9283
9938,百和,18,1,17,凱基-北門,2024-01-18,9283
00937B,群益ESG投等債20,25,10,15,凱基-北門,2024-01-18,9283
6689,伊雲谷,14,0,14,凱基-北門,2024-01-18,9283
00688L,國泰20年美債正2,12,0,12,凱基-北門,2024-01-18,9283
2801,彰銀,12,0,12,凱基-北門,2024-01-18,9283
8908,欣雄,12,0,12,凱基-北門,2024-01-18,9283
2363,矽統,11,0,11,凱基-北門,2024-01-18,9283
2888,新光金,12,1,11,凱基-北門,2024-01-18,9283
2485,兆赫,10,0,10,凱基-北門,2024-01-18,9283
6191,精成科,10,0,10,凱基-北門,2024-01-18,9283
2887,台新金,13,3,10,凱基-北門,2024-01-18,9283
2486,一詮,11,2,9,凱基-北門,2024-01-18,9283
4726,永昕,9,0,9,凱基-北門,2024-01-18,9283
00936,台新永續高息中小,7,0,7,凱基-北門,2024-01-18,9283
00878,國泰永續高股息,9,2,7,凱基-北門,2024-01-18,9283
5425,台半,6,0,6,凱基-北門,2024-01-18,9283
2881,富邦金,7,1,6,凱基-北門,2024-01-18,9283
2324,仁寶,20,14,6,凱基-北門,2024-01-18,9283
00927,群益半導體收益,5,0,5,凱基-北門,2024-01-18,9283
00915,凱基優選高股息30,5,0,5,凱基-北門,2024-01-18,9283
00706L,期元大S＆P日圓正2,5,0,5,凱基-北門,2024-01-18,9283
3034,聯詠,5,0,5,凱基-北門,2024-01-18,9283
3234,光環,5,0,5,凱基-北門,2024-01-18,9283
6550,北極星藥業-KY,5,0,5,凱基-北門,2024-01-18,9283
9955,佳龍,5,0,5,凱基-北門,2024-01-18,9283
2382,廣達,5,1,4,凱基-北門,2024-01-18,9283
00715L,期街口布蘭特正2,4,0,4,凱基-北門,2024-01-18,9283
1434,福懋,4,0,4,凱基-北門,2024-01-18,9283
3583,辛耘,5,1,4,凱基-北門,2024-01-18,9283
5521,工信,4,0,4,凱基-北門,2024-01-18,9283
6667,信紘科,5,1,4,凱基-北門,2024-01-18,9283
8068,全達,4,0,4,凱基-北門,2024-01-18,9283
2892,第一金,3,0,3,凱基-北門,2024-01-18,9283
2884,玉山金,3,0,3,凱基-北門,2024-01-18,9283
00713,元大台灣高息低波,3,0,3,凱基-北門,2024-01-18,9283
2002,中鋼,3,0,3,凱基-北門,2024-01-18,9283
2103,台橡,3,0,3,凱基-北門,2024-01-18,9283
2369,菱生,3,0,3,凱基-北門,2024-01-18,9283
2399,映泰,3,0,3,凱基-北門,2024-01-18,9283
00679B,元大美債20年,70,0,70,凱基-北門,2024-01-19,9283
00919,群益台灣精選高息,58,0,58,凱基-北門,2024-01-19,9283
1609,大亞,35,0,35,凱基-北門,2024-01-19,9283
2892,第一金,30,0,30,凱基-北門,2024-01-19,9283
2880,華南金,30,0,30,凱基-北門,2024-01-19,9283
00937B,群益ESG投等債20,50,21,29,凱基-北門,2024-01-19,9283
00929,復華台灣科技優息,36,10,26,凱基-北門,2024-01-19,9283
2461,光群雷,20,0,20,凱基-北門,2024-01-19,9283
2801,彰銀,20,0,20,凱基-北門,2024-01-19,9283
2634,漢翔,20,1,19,凱基-北門,2024-01-19,9283
3260,威剛,17,0,17,凱基-北門,2024-01-19,9283
00688L,國泰20年美債正2,16,0,16,凱基-北門,2024-01-19,9283
2486,一詮,16,1,15,凱基-北門,2024-01-19,9283
1909,榮成,15,0,15,凱基-北門,2024-01-19,9283
2408,南亞科,19,4,15,凱基-北門,2024-01-19,9283
2883,凱基金,15,0,15,凱基-北門,2024-01-19,9283
00751B,元大AAA至A公司債,13,0,13,凱基-北門,2024-01-19,9283
1785,光洋科,13,0,13,凱基-北門,2024-01-19,9283
6127,九豪,20,7,13,凱基-北門,2024-01-19,9283
00757,統一FANG+,24,11,13,凱基-北門,2024-01-19,9283
00687B,國泰20年美債,13,1,12,凱基-北門,2024-01-19,9283
00882,中信中國高股息,12,0,12,凱基-北門,2024-01-19,9283
1514,亞力,12,0,12,凱基-北門,2024-01-19,9283
1608,華榮,12,0,12,凱基-北門,2024-01-19,9283
8908,欣雄,12,0,12,凱基-北門,2024-01-19,9283
00904,新光臺灣半導體30,11,0,11,凱基-北門,2024-01-19,9283
1319,東陽,11,0,11,凱基-北門,2024-01-19,9283
3032,偉訓,12,2,10,凱基-北門,2024-01-19,9283
2630,亞航,10,0,10,凱基-北門,2024-01-19,9283
4903,聯光通,10,0,10,凱基-北門,2024-01-19,9283
6670,復盛應用,10,0,10,凱基-北門,2024-01-19,9283
3481,群創,31,22,9,凱基-北門,2024-01-19,9283
2377,微星,9,0,9,凱基-北門,2024-01-19,9283
2357,華碩,8,0,8,凱基-北門,2024-01-19,9283
2002,中鋼,8,0,8,凱基-北門,2024-01-19,9283
2362,藍天,7,0,7,凱基-北門,2024-01-19,9283
2618,長榮航,6,0,6,凱基-北門,2024-01-19,9283
3305,昇貿,7,1,6,凱基-北門,2024-01-19,9283
00632R,元大台灣50反1,6,0,6,凱基-北門,2024-01-19,9283
2208,台船,6,0,6,凱基-北門,2024-01-19,9283
2886,兆豐金,6,0,6,凱基-北門,2024-01-19,9283
4529,淳紳,6,0,6,凱基-北門,2024-01-19,9283
6120,達運,36,30,6,凱基-北門,2024-01-19,9283
00931B,統一美債20年,10,5,5,凱基-北門,2024-01-19,9283
00795B,中信美國公債20年,5,0,5,凱基-北門,2024-01-19,9283
2355,敬鵬,5,0,5,凱基-北門,2024-01-19,9283
2834,臺企銀,5,0,5,凱基-北門,2024-01-19,9283
2881,富邦金,5,0,5,凱基-北門,2024-01-19,9283
5425,台半,5,0,5,凱基-北門,2024-01-19,9283
2308,台達電,5,0,5,凱基-北門,2024-01-19,9283
2382,廣達,131,83,48,凱基-北門,2024-01-22,9283
00929,復華台灣科技優息,48,6,42,凱基-北門,2024-01-22,9283
00882,中信中國高股息,41,0,41,凱基-北門,2024-01-22,9283
3481,群創,38,2,36,凱基-北門,2024-01-22,9283
6770,力積電,25,0,25,凱基-北門,2024-01-22,9283
00937B,群益ESG投等債20,20,0,20,凱基-北門,2024-01-22,9283
2887,台新金,19,0,19,凱基-北門,2024-01-22,9283
2618,長榮航,26,9,17,凱基-北門,2024-01-22,9283
6411,晶焱,13,0,13,凱基-北門,2024-01-22,9283
2885,元大金,11,0,11,凱基-北門,2024-01-22,9283
3078,僑威,11,0,11,凱基-北門,2024-01-22,9283
3265,台星科,17,7,10,凱基-北門,2024-01-22,9283
4906,正文,13,3,10,凱基-北門,2024-01-22,9283
8255,朋程,10,0,10,凱基-北門,2024-01-22,9283
6127,九豪,10,0,10,凱基-北門,2024-01-22,9283
2353,宏��,17,8,9,凱基-北門,2024-01-22,9283
8034,榮群,10,1,9,凱基-北門,2024-01-22,9283
1795,美時,8,1,7,凱基-北門,2024-01-22,9283
00712,復華富時不動產,7,0,7,凱基-北門,2024-01-22,9283
2344,華邦電,11,4,7,凱基-北門,2024-01-22,9283
8908,欣雄,7,0,7,凱基-北門,2024-01-22,9283
2363,矽統,14,8,6,凱基-北門,2024-01-22,9283
00919,群益台灣精選高息,26,20,6,凱基-北門,2024-01-22,9283
1528,恩德,6,0,6,凱基-北門,2024-01-22,9283
00671R,富邦NASDAQ反1,6,0,6,凱基-北門,2024-01-22,9283
2615,萬海,6,0,6,凱基-北門,2024-01-22,9283
8089,康全電訊,6,0,6,凱基-北門,2024-01-22,9283
2014,中鴻,5,0,5,凱基-北門,2024-01-22,9283
2369,菱生,5,0,5,凱基-北門,2024-01-22,9283
00642U,期元大S＆P石油,5,0,5,凱基-北門,2024-01-22,9283
00655L,國泰中國A50正2,5,0,5,凱基-北門,2024-01-22,9283
2417,圓剛,5,0,5,凱基-北門,2024-01-22,9283
2634,漢翔,5,0,5,凱基-北門,2024-01-22,9283
2834,臺企銀,5,0,5,凱基-北門,2024-01-22,9283
3551,世禾,5,0,5,凱基-北門,2024-01-22,9283
6188,廣明,7,2,5,凱基-北門,2024-01-22,9283
6285,啟��,7,2,5,凱基-北門,2024-01-22,9283
6531,愛普*,6,1,5,凱基-北門,2024-01-22,9283
8429,金麗-KY,4,0,4,凱基-北門,2024-01-22,9283
00724B,群益投資級金融債,4,0,4,凱基-北門,2024-01-22,9283
00936,台新永續高息中小,4,0,4,凱基-北門,2024-01-22,9283
1220,台榮,4,0,4,凱基-北門,2024-01-22,9283
2453,凌群,4,0,4,凱基-北門,2024-01-22,9283
3033,威健,4,0,4,凱基-北門,2024-01-22,9283
3354,律勝,4,0,4,凱基-北門,2024-01-22,9283
3380,明泰,6,2,4,凱基-北門,2024-01-22,9283
3504,揚明光,7,3,4,凱基-北門,2024-01-22,9283
3520,華盈,4,0,4,凱基-北門,2024-01-22,9283
3623,富晶通,10,6,4,凱基-北門,2024-01-22,9283
6416,瑞祺電通,4,0,4,凱基-北門,2024-01-22,9283
00904,新光臺灣半導體30,55,0,55,凱基-北門,2024-01-23,9283
00665L,富邦�琤肭磪囓�2,50,0,50,凱基-北門,2024-01-23,9283
2382,廣達,55,8,47,凱基-北門,2024-01-23,9283
00753L,中信中國50正2,67,21,46,凱基-北門,2024-01-23,9283
00937B,群益ESG投等債20,38,1,37,凱基-北門,2024-01-23,9283
0056,元大高股息,63,30,33,凱基-北門,2024-01-23,9283
6770,力積電,41,20,21,凱基-北門,2024-01-23,9283
00632R,元大台灣50反1,20,0,20,凱基-北門,2024-01-23,9283
2329,華泰,22,2,20,凱基-北門,2024-01-23,9283
00919,群益台灣精選高息,26,11,15,凱基-北門,2024-01-23,9283
2609,陽明,32,20,12,凱基-北門,2024-01-23,9283
00720B,元大投資級公司債,11,0,11,凱基-北門,2024-01-23,9283
1514,亞力,14,3,11,凱基-北門,2024-01-23,9283
2888,新光金,11,0,11,凱基-北門,2024-01-23,9283
00725B,國泰投資級公司債,10,0,10,凱基-北門,2024-01-23,9283
3712,永崴投控,11,1,10,凱基-北門,2024-01-23,9283
1795,美時,10,1,9,凱基-北門,2024-01-23,9283
9919,康那香,9,0,9,凱基-北門,2024-01-23,9283
00655L,國泰中國A50正2,13,4,9,凱基-北門,2024-01-23,9283
00679B,元大美債20年,24,15,9,凱基-北門,2024-01-23,9283
2610,華航,148,140,8,凱基-北門,2024-01-23,9283
3583,辛耘,8,0,8,凱基-北門,2024-01-23,9283
8908,欣雄,7,0,7,凱基-北門,2024-01-23,9283
3481,群創,89,83,6,凱基-北門,2024-01-23,9283
00633L,富邦上証正2,6,0,6,凱基-北門,2024-01-23,9283
2208,台船,7,1,6,凱基-北門,2024-01-23,9283
3217,優群,7,1,6,凱基-北門,2024-01-23,9283
5512,力麒,5,0,5,凱基-北門,2024-01-23,9283
00650L,復華香港正2,5,0,5,凱基-北門,2024-01-23,9283
1513,中興電,12,7,5,凱基-北門,2024-01-23,9283
1609,大亞,5,0,5,凱基-北門,2024-01-23,9283
2417,圓剛,5,0,5,凱基-北門,2024-01-23,9283
6906,現觀科,5,0,5,凱基-北門,2024-01-23,9283
00933B,國泰10Y+金融債,5,0,5,凱基-北門,2024-01-23,9283
2106,建大,4,0,4,凱基-北門,2024-01-23,9283
2233,宇隆,4,0,4,凱基-北門,2024-01-23,9283
4933,友輝,4,0,4,凱基-北門,2024-01-23,9283
8050,廣積,5,1,4,凱基-北門,2024-01-23,9283
2363,矽統,3,0,3,凱基-北門,2024-01-23,9283
1301,台塑,3,0,3,凱基-北門,2024-01-23,9283
3338,泰碩,4,1,3,凱基-北門,2024-01-23,9283
4109,加捷生醫,5,2,3,凱基-北門,2024-01-23,9283
1220,台榮,3,0,3,凱基-北門,2024-01-23,9283
1605,華新,3,0,3,凱基-北門,2024-01-23,9283
1721,三晃,3,0,3,凱基-北門,2024-01-23,9283
2312,金寶,4,1,3,凱基-北門,2024-01-23,9283
2344,華邦電,6,3,3,凱基-北門,2024-01-23,9283
2376,技嘉,3,0,3,凱基-北門,2024-01-23,9283
4942,嘉彰,3,0,3,凱基-北門,2024-01-23,9283
6129,普誠,5,2,3,凱基-北門,2024-01-23,9283
00937B,群益ESG投等債20,83,0,83,凱基-北門,2024-01-24,9283
00632R,元大台灣50反1,54,1,53,凱基-北門,2024-01-24,9283
5488,松普,50,0,50,凱基-北門,2024-01-24,9283
2889,國票金,45,0,45,凱基-北門,2024-01-24,9283
00720B,元大投資級公司債,33,0,33,凱基-北門,2024-01-24,9283
5234,達興材料,30,0,30,凱基-北門,2024-01-24,9283
00679B,元大美債20年,28,0,28,凱基-北門,2024-01-24,9283
00882,中信中國高股息,24,0,24,凱基-北門,2024-01-24,9283
3036,文曄,23,1,22,凱基-北門,2024-01-24,9283
2421,建準,23,1,22,凱基-北門,2024-01-24,9283
00738U,期元大道瓊白銀,20,0,20,凱基-北門,2024-01-24,9283
00877,復華中國5G,26,6,20,凱基-北門,2024-01-24,9283
1608,華榮,20,0,20,凱基-北門,2024-01-24,9283
3706,神達,19,2,17,凱基-北門,2024-01-24,9283
3450,聯鈞,17,1,16,凱基-北門,2024-01-24,9283
9919,康那香,18,2,16,凱基-北門,2024-01-24,9283
2486,一詮,17,3,14,凱基-北門,2024-01-24,9283
00757,統一FANG+,25,13,12,凱基-北門,2024-01-24,9283
6237,驊訊,14,2,12,凱基-北門,2024-01-24,9283
00933B,國泰10Y+金融債,11,0,11,凱基-北門,2024-01-24,9283
6419,京晨科,11,0,11,凱基-北門,2024-01-24,9283
8034,榮群,11,0,11,凱基-北門,2024-01-24,9283
00795B,中信美國公債20年,10,0,10,凱基-北門,2024-01-24,9283
2027,大成鋼,10,0,10,凱基-北門,2024-01-24,9283
2423,固緯,10,0,10,凱基-北門,2024-01-24,9283
6191,精成科,10,0,10,凱基-北門,2024-01-24,9283
6233,旺玖,15,6,9,凱基-北門,2024-01-24,9283
2457,飛宏,10,2,8,凱基-北門,2024-01-24,9283
9105,泰金寶-DR,8,0,8,凱基-北門,2024-01-24,9283
00655L,國泰中國A50正2,9,2,7,凱基-北門,2024-01-24,9283
1710,東聯,7,0,7,凱基-北門,2024-01-24,9283
2329,華泰,7,0,7,凱基-北門,2024-01-24,9283
2610,華航,7,0,7,凱基-北門,2024-01-24,9283
2887,台新金,7,0,7,凱基-北門,2024-01-24,9283
8048,德勝,7,0,7,凱基-北門,2024-01-24,9283
1514,亞力,9,3,6,凱基-北門,2024-01-24,9283
00753L,中信中國50正2,8,3,5,凱基-北門,2024-01-24,9283
00772B,中信高評級公司債,5,0,5,凱基-北門,2024-01-24,9283
00642U,期元大S＆P石油,5,0,5,凱基-北門,2024-01-24,9283
1603,華電,5,0,5,凱基-北門,2024-01-24,9283
2002,中鋼,5,0,5,凱基-北門,2024-01-24,9283
2313,華通,6,1,5,凱基-北門,2024-01-24,9283
3583,辛耘,11,6,5,凱基-北門,2024-01-24,9283
3622,洋華,10,5,5,凱基-北門,2024-01-24,9283
5469,瀚宇博,5,0,5,凱基-北門,2024-01-24,9283
6166,凌華,5,0,5,凱基-北門,2024-01-24,9283
6416,瑞祺電通,5,0,5,凱基-北門,2024-01-24,9283
6547,高端疫苗,5,0,5,凱基-北門,2024-01-24,9283
8046,南電,6,1,5,凱基-北門,2024-01-24,9283
8420,明揚,5,0,5,凱基-北門,2024-01-24,9283
5488,松普,52,0,52,凱基-北門,2024-01-25,9283
2365,昆盈,51,0,51,凱基-北門,2024-01-25,9283
2633,台灣高鐵,50,0,50,凱基-北門,2024-01-25,9283
8096,擎亞,112,70,42,凱基-北門,2024-01-25,9283
2356,英業達,39,10,29,凱基-北門,2024-01-25,9283
00720B,元大投資級公司債,27,0,27,凱基-北門,2024-01-25,9283
00687B,國泰20年美債,25,0,25,凱基-北門,2024-01-25,9283
00937B,群益ESG投等債20,22,0,22,凱基-北門,2024-01-25,9283
00725B,國泰投資級公司債,22,0,22,凱基-北門,2024-01-25,9283
00933B,國泰10Y+金融債,21,0,21,凱基-北門,2024-01-25,9283
00679B,元大美債20年,18,0,18,凱基-北門,2024-01-25,9283
2618,長榮航,15,0,15,凱基-北門,2024-01-25,9283
2431,聯昌,12,0,12,凱基-北門,2024-01-25,9283
1608,華榮,11,0,11,凱基-北門,2024-01-25,9283
00751B,元大AAA至A公司債,10,0,10,凱基-北門,2024-01-25,9283
4402,郡都開發,10,0,10,凱基-北門,2024-01-25,9283
1528,恩德,10,0,10,凱基-北門,2024-01-25,9283
2889,國票金,10,0,10,凱基-北門,2024-01-25,9283
6462,神盾,15,5,10,凱基-北門,2024-01-25,9283
8034,榮群,14,4,10,凱基-北門,2024-01-25,9283
8908,欣雄,10,0,10,凱基-北門,2024-01-25,9283
4967,十銓,11,2,9,凱基-北門,2024-01-25,9283
2609,陽明,9,1,8,凱基-北門,2024-01-25,9283
4909,新復興,19,11,8,凱基-北門,2024-01-25,9283
6125,廣運,7,0,7,凱基-北門,2024-01-25,9283
9105,泰金寶-DR,17,11,6,凱基-北門,2024-01-25,9283
2308,台達電,6,0,6,凱基-北門,2024-01-25,9283
1795,美時,6,0,6,凱基-北門,2024-01-25,9283
3437,榮創,6,0,6,凱基-北門,2024-01-25,9283
2498,宏達電,6,0,6,凱基-北門,2024-01-25,9283
6906,現觀科,6,0,6,凱基-北門,2024-01-25,9283
8112,至上,6,0,6,凱基-北門,2024-01-25,9283
6138,茂達,8,3,5,凱基-北門,2024-01-25,9283
2316,楠梓電,5,0,5,凱基-北門,2024-01-25,9283
2417,圓剛,5,0,5,凱基-北門,2024-01-25,9283
4743,合一,5,0,5,凱基-北門,2024-01-25,9283
4958,臻鼎-KY,5,0,5,凱基-北門,2024-01-25,9283
6419,京晨科,5,0,5,凱基-北門,2024-01-25,9283
6550,北極星藥業-KY,5,0,5,凱基-北門,2024-01-25,9283
8064,東捷,5,0,5,凱基-北門,2024-01-25,9283
8068,全達,5,0,5,凱基-北門,2024-01-25,9283
2421,建準,5,1,4,凱基-北門,2024-01-25,9283
4763,材料-KY,6,2,4,凱基-北門,2024-01-25,9283
2014,中鴻,4,0,4,凱基-北門,2024-01-25,9283
3029,零壹,4,0,4,凱基-北門,2024-01-25,9283
3499,環天科,4,0,4,凱基-北門,2024-01-25,9283
3583,辛耘,4,0,4,凱基-北門,2024-01-25,9283
6117,迎廣,5,1,4,凱基-北門,2024-01-25,9283
8341,日友,4,0,4,凱基-北門,2024-01-25,9283
2002,中鋼,4,0,4,凱基-北門,2024-01-25,9283
00673R,期元大S＆P原油反1,114,0,114,凱基-北門,2024-01-26,9283
0056,元大高股息,113,0,113,凱基-北門,2024-01-26,9283
00918,大華優利高填息30,45,0,45,凱基-北門,2024-01-26,9283
2618,長榮航,42,1,41,凱基-北門,2024-01-26,9283
00933B,國泰10Y+金融債,40,0,40,凱基-北門,2024-01-26,9283
00929,復華台灣科技優息,39,0,39,凱基-北門,2024-01-26,9283
2303,聯電,44,9,35,凱基-北門,2024-01-26,9283
2515,中工,30,0,30,凱基-北門,2024-01-26,9283
5488,松普,30,0,30,凱基-北門,2024-01-26,9283
00937B,群益ESG投等債20,25,0,25,凱基-北門,2024-01-26,9283
8034,榮群,20,0,20,凱基-北門,2024-01-26,9283
2353,宏��,22,4,18,凱基-北門,2024-01-26,9283
00919,群益台灣精選高息,16,0,16,凱基-北門,2024-01-26,9283
3231,緯創,22,7,15,凱基-北門,2024-01-26,9283
2365,昆盈,16,5,11,凱基-北門,2024-01-26,9283
00772B,中信高評級公司債,10,0,10,凱基-北門,2024-01-26,9283
2423,固緯,10,0,10,凱基-北門,2024-01-26,9283
3588,通嘉,10,0,10,凱基-北門,2024-01-26,9283
4967,十銓,10,0,10,凱基-北門,2024-01-26,9283
8048,德勝,10,0,10,凱基-北門,2024-01-26,9283
2431,聯昌,10,2,8,凱基-北門,2024-01-26,9283
6235,華孚,13,5,8,凱基-北門,2024-01-26,9283
3583,辛耘,7,0,7,凱基-北門,2024-01-26,9283
2324,仁寶,6,0,6,凱基-北門,2024-01-26,9283
3437,榮創,6,0,6,凱基-北門,2024-01-26,9283
3623,富晶通,42,36,6,凱基-北門,2024-01-26,9283
6789,采鈺,8,3,5,凱基-北門,2024-01-26,9283
00637L,元大滬深300正2,7,2,5,凱基-北門,2024-01-26,9283
00655L,國泰中國A50正2,5,0,5,凱基-北門,2024-01-26,9283
00720B,元大投資級公司債,5,0,5,凱基-北門,2024-01-26,9283
2002,中鋼,5,0,5,凱基-北門,2024-01-26,9283
2543,皇昌,6,1,5,凱基-北門,2024-01-26,9283
3083,網龍,5,0,5,凱基-北門,2024-01-26,9283
6462,神盾,19,14,5,凱基-北門,2024-01-26,9283
8908,欣雄,5,0,5,凱基-北門,2024-01-26,9283
00687B,國泰20年美債,6,1,5,凱基-北門,2024-01-26,9283
00632R,元大台灣50反1,4,0,4,凱基-北門,2024-01-26,9283
3380,明泰,5,1,4,凱基-北門,2024-01-26,9283
5425,台半,4,0,4,凱基-北門,2024-01-26,9283
5469,瀚宇博,4,0,4,凱基-北門,2024-01-26,9283
8110,華東,5,1,4,凱基-北門,2024-01-26,9283
00773B,中信優先金融債,3,0,3,凱基-北門,2024-01-26,9283
00795B,中信美國公債20年,3,0,3,凱基-北門,2024-01-26,9283
2362,藍天,3,0,3,凱基-北門,2024-01-26,9283
2486,一詮,3,0,3,凱基-北門,2024-01-26,9283
3037,欣興,4,1,3,凱基-北門,2024-01-26,9283
6237,驊訊,3,0,3,凱基-北門,2024-01-26,9283
6282,康舒,3,0,3,凱基-北門,2024-01-26,9283
8936,國統,3,0,3,凱基-北門,2024-01-26,9283
9105,泰金寶-DR,16,13,3,凱基-北門,2024-01-26,9283
00877,復華中國5G,89,30,59,凱基-北門,2024-01-29,9283
00937B,群益ESG投等債20,47,0,47,凱基-北門,2024-01-29,9283
3231,緯創,82,40,42,凱基-北門,2024-01-29,9283
00637L,元大滬深300正2,40,0,40,凱基-北門,2024-01-29,9283
2888,新光金,34,1,33,凱基-北門,2024-01-29,9283
2356,英業達,74,42,32,凱基-北門,2024-01-29,9283
3056,富華新,30,0,30,凱基-北門,2024-01-29,9283
00919,群益台灣精選高息,38,9,29,凱基-北門,2024-01-29,9283
00753L,中信中國50正2,19,0,19,凱基-北門,2024-01-29,9283
9919,康那香,20,2,18,凱基-北門,2024-01-29,9283
2303,聯電,20,4,16,凱基-北門,2024-01-29,9283
6643,M31,12,0,12,凱基-北門,2024-01-29,9283
00679B,元大美債20年,12,0,12,凱基-北門,2024-01-29,9283
2432,倚天酷��-創,11,0,11,凱基-北門,2024-01-29,9283
00933B,國泰10Y+金融債,10,0,10,凱基-北門,2024-01-29,9283
00757,統一FANG+,10,0,10,凱基-北門,2024-01-29,9283
1785,光洋科,10,0,10,凱基-北門,2024-01-29,9283
2887,台新金,10,0,10,凱基-北門,2024-01-29,9283
8034,榮群,10,0,10,凱基-北門,2024-01-29,9283
2610,華航,18,10,8,凱基-北門,2024-01-29,9283
2812,台中銀,10,2,8,凱基-北門,2024-01-29,9283
8050,廣積,8,0,8,凱基-北門,2024-01-29,9283
8358,金居,8,0,8,凱基-北門,2024-01-29,9283
2515,中工,8,1,7,凱基-北門,2024-01-29,9283
8046,南電,8,1,7,凱基-北門,2024-01-29,9283
2352,佳世達,6,0,6,凱基-北門,2024-01-29,9283
00725B,國泰投資級公司債,6,0,6,凱基-北門,2024-01-29,9283
2258,鴻華先進-創,6,0,6,凱基-北門,2024-01-29,9283
2337,旺宏,5,0,5,凱基-北門,2024-01-29,9283
3041,揚智,5,0,5,凱基-北門,2024-01-29,9283
8096,擎亞,72,67,5,凱基-北門,2024-01-29,9283
00687B,國泰20年美債,5,0,5,凱基-北門,2024-01-29,9283
6196,帆宣,4,0,4,凱基-北門,2024-01-29,9283
6116,彩晶,4,0,4,凱基-北門,2024-01-29,9283
00882,中信中國高股息,4,0,4,凱基-北門,2024-01-29,9283
3711,日月光投控,3,0,3,凱基-北門,2024-01-29,9283
4934,太極,3,0,3,凱基-北門,2024-01-29,9283
5398,慕康生醫,3,0,3,凱基-北門,2024-01-29,9283
00673R,期元大S＆P原油反1,3,0,3,凱基-北門,2024-01-29,9283
2301,光寶科,3,0,3,凱基-北門,2024-01-29,9283
2449,京元電子,3,0,3,凱基-北門,2024-01-29,9283
2540,愛山林,3,0,3,凱基-北門,2024-01-29,9283
3363,上詮,5,2,3,凱基-北門,2024-01-29,9283
4529,淳紳,3,0,3,凱基-北門,2024-01-29,9283
6229,研通,6,3,3,凱基-北門,2024-01-29,9283
6419,京晨科,3,0,3,凱基-北門,2024-01-29,9283
6684,安格,4,1,3,凱基-北門,2024-01-29,9283
8996,高力,5,2,3,凱基-北門,2024-01-29,9283
3715,定穎投控,4,2,2,凱基-北門,2024-01-29,9283
5478,智冠,2,0,2,凱基-北門,2024-01-29,9283
00933B,國泰10Y+金融債,330,0,330,凱基-北門,2024-01-30,9283
3041,揚智,67,0,67,凱基-北門,2024-01-30,9283
6788,華景電,20,0,20,凱基-北門,2024-01-30,9283
8358,金居,17,0,17,凱基-北門,2024-01-30,9283
3483,力致,17,2,15,凱基-北門,2024-01-30,9283
6462,神盾,21,7,14,凱基-北門,2024-01-30,9283
00929,復華台灣科技優息,15,1,14,凱基-北門,2024-01-30,9283
2892,第一金,12,0,12,凱基-北門,2024-01-30,9283
2812,台中銀,11,0,11,凱基-北門,2024-01-30,9283
8034,榮群,11,0,11,凱基-北門,2024-01-30,9283
1514,亞力,11,1,10,凱基-北門,2024-01-30,9283
00915,凱基優選高股息30,10,0,10,凱基-北門,2024-01-30,9283
1608,華榮,10,0,10,凱基-北門,2024-01-30,9283
2432,倚天酷��-創,10,0,10,凱基-北門,2024-01-30,9283
2889,國票金,10,0,10,凱基-北門,2024-01-30,9283
3380,明泰,10,0,10,凱基-北門,2024-01-30,9283
3704,合勤控,10,0,10,凱基-北門,2024-01-30,9283
5009,榮剛,10,0,10,凱基-北門,2024-01-30,9283
2337,旺宏,9,0,9,凱基-北門,2024-01-30,9283
2308,台達電,8,0,8,凱基-北門,2024-01-30,9283
00882,中信中國高股息,25,17,8,凱基-北門,2024-01-30,9283
2382,廣達,26,18,8,凱基-北門,2024-01-30,9283
1605,華新,8,1,7,凱基-北門,2024-01-30,9283
1101,台泥,8,1,7,凱基-北門,2024-01-30,9283
00919,群益台灣精選高息,12,5,7,凱基-北門,2024-01-30,9283
3260,威剛,7,0,7,凱基-北門,2024-01-30,9283
2498,宏達電,6,0,6,凱基-北門,2024-01-30,9283
3711,日月光投控,6,0,6,凱基-北門,2024-01-30,9283
00680L,元大美債20正2,6,0,6,凱基-北門,2024-01-30,9283
1460,宏遠,6,0,6,凱基-北門,2024-01-30,9283
1805,寶徠,6,0,6,凱基-北門,2024-01-30,9283
2886,兆豐金,6,0,6,凱基-北門,2024-01-30,9283
3005,神基,6,0,6,凱基-北門,2024-01-30,9283
8341,日友,6,0,6,凱基-北門,2024-01-30,9283
3231,緯創,73,67,6,凱基-北門,2024-01-30,9283
2426,鼎元,5,0,5,凱基-北門,2024-01-30,9283
2417,圓剛,5,0,5,凱基-北門,2024-01-30,9283
3033,威健,7,2,5,凱基-北門,2024-01-30,9283
3128,昇銳,8,3,5,凱基-北門,2024-01-30,9283
2388,威盛,7,2,5,凱基-北門,2024-01-30,9283
3034,聯詠,5,0,5,凱基-北門,2024-01-30,9283
3652,精聯,5,0,5,凱基-北門,2024-01-30,9283
4588,玖鼎電力,5,0,5,凱基-北門,2024-01-30,9283
5225,東科-KY,5,0,5,凱基-北門,2024-01-30,9283
5425,台半,5,0,5,凱基-北門,2024-01-30,9283
6419,京晨科,5,0,5,凱基-北門,2024-01-30,9283
1795,美時,4,0,4,凱基-北門,2024-01-30,9283
00633L,富邦上証正2,4,0,4,凱基-北門,2024-01-30,9283
3362,先進光,4,0,4,凱基-北門,2024-01-30,9283
4529,淳紳,5,1,4,凱基-北門,2024-01-30,9283
00680L,元大美債20正2,111,0,111,凱基-北門,2024-01-31,9283
00673R,期元大S＆P原油反1,51,0,51,凱基-北門,2024-01-31,9283
5488,松普,50,0,50,凱基-北門,2024-01-31,9283
00882,中信中國高股息,56,10,46,凱基-北門,2024-01-31,9283
00937B,群益ESG投等債20,40,2,38,凱基-北門,2024-01-31,9283
00933B,國泰10Y+金融債,20,0,20,凱基-北門,2024-01-31,9283
3041,揚智,21,1,20,凱基-北門,2024-01-31,9283
2303,聯電,21,1,20,凱基-北門,2024-01-31,9283
2888,新光金,20,1,19,凱基-北門,2024-01-31,9283
2002,中鋼,18,0,18,凱基-北門,2024-01-31,9283
2031,新光鋼,17,0,17,凱基-北門,2024-01-31,9283
2836,高雄銀,15,0,15,凱基-北門,2024-01-31,9283
00929,復華台灣科技優息,15,1,14,凱基-北門,2024-01-31,9283
4956,光鋐,11,0,11,凱基-北門,2024-01-31,9283
8040,九暘,12,1,11,凱基-北門,2024-01-31,9283
8085,福華,11,0,11,凱基-北門,2024-01-31,9283
2606,裕民,10,0,10,凱基-北門,2024-01-31,9283
2356,英業達,77,67,10,凱基-北門,2024-01-31,9283
00669R,國泰美國道瓊反1,10,0,10,凱基-北門,2024-01-31,9283
1460,宏遠,10,0,10,凱基-北門,2024-01-31,9283
9921,巨大,10,0,10,凱基-北門,2024-01-31,9283
6695,芯鼎,15,6,9,凱基-北門,2024-01-31,9283
2330,台積電,9,1,8,凱基-北門,2024-01-31,9283
3583,辛耘,8,0,8,凱基-北門,2024-01-31,9283
6120,達運,9,1,8,凱基-北門,2024-01-31,9283
00637L,元大滬深300正2,9,1,8,凱基-北門,2024-01-31,9283
3711,日月光投控,6,0,6,凱基-北門,2024-01-31,9283
2344,華邦電,6,0,6,凱基-北門,2024-01-31,9283
6113,亞矽,48,42,6,凱基-北門,2024-01-31,9283
0056,元大高股息,5,0,5,凱基-北門,2024-01-31,9283
2369,菱生,7,2,5,凱基-北門,2024-01-31,9283
00720B,元大投資級公司債,5,0,5,凱基-北門,2024-01-31,9283
00655L,國泰中國A50正2,5,0,5,凱基-北門,2024-01-31,9283
5225,東科-KY,7,2,5,凱基-北門,2024-01-31,9283
5347,世界,5,0,5,凱基-北門,2024-01-31,9283
6469,大樹,4,0,4,凱基-北門,2024-01-31,9283
2313,華通,4,0,4,凱基-北門,2024-01-31,9283
2618,長榮航,14,10,4,凱基-北門,2024-01-31,9283
2634,漢翔,4,0,4,凱基-北門,2024-01-31,9283
3114,好德,4,0,4,凱基-北門,2024-01-31,9283
3623,富晶通,5,1,4,凱基-北門,2024-01-31,9283
4588,玖鼎電力,4,0,4,凱基-北門,2024-01-31,9283
8011,台通,11,7,4,凱基-北門,2024-01-31,9283
2431,聯昌,3,0,3,凱基-北門,2024-01-31,9283
3260,威剛,3,0,3,凱基-北門,2024-01-31,9283
5272,笙科,3,0,3,凱基-北門,2024-01-31,9283
00633L,富邦上証正2,3,0,3,凱基-北門,2024-01-31,9283
00706L,期元大S＆P日圓正2,3,0,3,凱基-北門,2024-01-31,9283
1618,合機,3,0,3,凱基-北門,2024-01-31,9283
2432,倚天酷��-創,4,1,3,凱基-北門,2024-01-31,9283
2323,中環,680,0,680,凱基-北門,2024-02-01,9283
00929,復華台灣科技優息,67,3,64,凱基-北門,2024-02-01,9283
00753L,中信中國50正2,52,2,50,凱基-北門,2024-02-01,9283
2409,友達,44,0,44,凱基-北門,2024-02-01,9283
2836,高雄銀,31,0,31,凱基-北門,2024-02-01,9283
00712,復華富時不動產,29,0,29,凱基-北門,2024-02-01,9283
00878,國泰永續高股息,44,19,25,凱基-北門,2024-02-01,9283
00688L,國泰20年美債正2,25,0,25,凱基-北門,2024-02-01,9283
00680L,元大美債20正2,35,17,18,凱基-北門,2024-02-01,9283
3711,日月光投控,16,0,16,凱基-北門,2024-02-01,9283
2408,南亞科,27,11,16,凱基-北門,2024-02-01,9283
00720B,元大投資級公司債,14,0,14,凱基-北門,2024-02-01,9283
3694,海華,27,14,13,凱基-北門,2024-02-01,9283
8908,欣雄,12,0,12,凱基-北門,2024-02-01,9283
2634,漢翔,11,0,11,凱基-北門,2024-02-01,9283
2352,佳世達,10,0,10,凱基-北門,2024-02-01,9283
3027,盛達,10,0,10,凱基-北門,2024-02-01,9283
3078,僑威,10,0,10,凱基-北門,2024-02-01,9283
00764B,群益25年美債,10,0,10,凱基-北門,2024-02-01,9283
1325,恆大,10,0,10,凱基-北門,2024-02-01,9283
3605,宏致,10,0,10,凱基-北門,2024-02-01,9283
6112,邁達特,10,0,10,凱基-北門,2024-02-01,9283
00937B,群益ESG投等債20,29,21,8,凱基-北門,2024-02-01,9283
2364,倫飛,8,0,8,凱基-北門,2024-02-01,9283
2609,陽明,39,31,8,凱基-北門,2024-02-01,9283
8069,元太,8,1,7,凱基-北門,2024-02-01,9283
8089,康全電訊,8,1,7,凱基-北門,2024-02-01,9283
8390,金益鼎,7,0,7,凱基-北門,2024-02-01,9283
00933B,國泰10Y+金融債,7,0,7,凱基-北門,2024-02-01,9283
2312,金寶,6,0,6,凱基-北門,2024-02-01,9283
3360,尚立,7,1,6,凱基-北門,2024-02-01,9283
4142,國光生,6,0,6,凱基-北門,2024-02-01,9283
2332,友訊,5,0,5,凱基-北門,2024-02-01,9283
2358,廷鑫,5,0,5,凱基-北門,2024-02-01,9283
4402,郡都開發,5,0,5,凱基-北門,2024-02-01,9283
5512,力麒,4,0,4,凱基-北門,2024-02-01,9283
00715L,期街口布蘭特正2,4,0,4,凱基-北門,2024-02-01,9283
1612,宏泰,4,0,4,凱基-北門,2024-02-01,9283
2543,皇昌,4,0,4,凱基-北門,2024-02-01,9283
3623,富晶通,4,0,4,凱基-北門,2024-02-01,9283
2369,菱生,3,0,3,凱基-北門,2024-02-01,9283
3038,全台,3,0,3,凱基-北門,2024-02-01,9283
3260,威剛,3,0,3,凱基-北門,2024-02-01,9283
3645,達邁,3,0,3,凱基-北門,2024-02-01,9283
3015,全漢,3,0,3,凱基-北門,2024-02-01,9283
3548,兆利,7,4,3,凱基-北門,2024-02-01,9283
3715,定穎投控,48,45,3,凱基-北門,2024-02-01,9283
4755,三福化,3,0,3,凱基-北門,2024-02-01,9283
6416,瑞祺電通,3,0,3,凱基-北門,2024-02-01,9283
6425,易發,3,0,3,凱基-北門,2024-02-01,9283
8936,國統,54,0,54,凱基-北門,2024-02-02,9283
00919,群益台灣精選高息,69,29,40,凱基-北門,2024-02-02,9283
00937B,群益ESG投等債20,46,15,31,凱基-北門,2024-02-02,9283
3056,富華新,30,0,30,凱基-北門,2024-02-02,9283
00877,復華中國5G,26,0,26,凱基-北門,2024-02-02,9283
4744,皇將,24,0,24,凱基-北門,2024-02-02,9283
2408,南亞科,21,0,21,凱基-北門,2024-02-02,9283
1319,東陽,20,0,20,凱基-北門,2024-02-02,9283
2356,英業達,53,34,19,凱基-北門,2024-02-02,9283
00688L,國泰20年美債正2,45,26,19,凱基-北門,2024-02-02,9283
3481,群創,20,1,19,凱基-北門,2024-02-02,9283
00900,富邦特選高股息30,21,3,18,凱基-北門,2024-02-02,9283
00929,復華台灣科技優息,17,0,17,凱基-北門,2024-02-02,9283
2353,宏��,28,13,15,凱基-北門,2024-02-02,9283
00665L,富邦�琤肭磪囓�2,15,0,15,凱基-北門,2024-02-02,9283
1584,精剛,15,0,15,凱基-北門,2024-02-02,9283
1457,宜進,11,0,11,凱基-北門,2024-02-02,9283
6284,佳邦,11,0,11,凱基-北門,2024-02-02,9283
3694,海華,11,1,10,凱基-北門,2024-02-02,9283
1513,中興電,11,1,10,凱基-北門,2024-02-02,9283
00751B,元大AAA至A公司債,10,0,10,凱基-北門,2024-02-02,9283
1325,恆大,16,6,10,凱基-北門,2024-02-02,9283
2836,高雄銀,10,0,10,凱基-北門,2024-02-02,9283
2892,第一金,10,0,10,凱基-北門,2024-02-02,9283
8034,榮群,10,0,10,凱基-北門,2024-02-02,9283
00881,國泰台灣5G+,10,1,9,凱基-北門,2024-02-02,9283
00655L,國泰中國A50正2,8,0,8,凱基-北門,2024-02-02,9283
00882,中信中國高股息,8,0,8,凱基-北門,2024-02-02,9283
2358,廷鑫,8,0,8,凱基-北門,2024-02-02,9283
9928,中視,9,1,8,凱基-北門,2024-02-02,9283
00933B,國泰10Y+金融債,7,0,7,凱基-北門,2024-02-02,9283
00753L,中信中國50正2,7,0,7,凱基-北門,2024-02-02,9283
00712,復華富時不動產,7,0,7,凱基-北門,2024-02-02,9283
2609,陽明,8,1,7,凱基-北門,2024-02-02,9283
2303,聯電,9,2,7,凱基-北門,2024-02-02,9283
2603,長榮,18,12,6,凱基-北門,2024-02-02,9283
3711,日月光投控,10,4,6,凱基-北門,2024-02-02,9283
2002,中鋼,7,1,6,凱基-北門,2024-02-02,9283
2402,毅嘉,6,0,6,凱基-北門,2024-02-02,9283
4979,華星光,6,0,6,凱基-北門,2024-02-02,9283
2812,台中銀,27,21,6,凱基-北門,2024-02-02,9283
2332,友訊,5,0,5,凱基-北門,2024-02-02,9283
1503,士電,14,9,5,凱基-北門,2024-02-02,9283
6179,亞通,5,0,5,凱基-北門,2024-02-02,9283
2031,新光鋼,5,0,5,凱基-北門,2024-02-02,9283
3128,昇銳,5,0,5,凱基-北門,2024-02-02,9283
3260,威剛,5,0,5,凱基-北門,2024-02-02,9283
3483,力致,11,6,5,凱基-北門,2024-02-02,9283
00675L,富邦臺灣加權正2,5,0,5,凱基-北門,2024-02-02,9283
3623,富晶通,5,0,5,凱基-北門,2024-02-02,9283
00937B,群益ESG投等債20,151,0,151,凱基-北門,2024-02-05,9283
1528,恩德,113,35,78,凱基-北門,2024-02-05,9283
00715L,期街口布蘭特正2,70,0,70,凱基-北門,2024-02-05,9283
3520,華盈,60,0,60,凱基-北門,2024-02-05,9283
0056,元大高股息,61,6,55,凱基-北門,2024-02-05,9283
3056,富華新,40,0,40,凱基-北門,2024-02-05,9283
3231,緯創,62,27,35,凱基-北門,2024-02-05,9283
00929,復華台灣科技優息,52,19,33,凱基-北門,2024-02-05,9283
3703,欣陸,30,0,30,凱基-北門,2024-02-05,9283
00679B,元大美債20年,25,0,25,凱基-北門,2024-02-05,9283
00712,復華富時不動產,21,0,21,凱基-北門,2024-02-05,9283
1319,東陽,20,0,20,凱基-北門,2024-02-05,9283
2801,彰銀,20,0,20,凱基-北門,2024-02-05,9283
2889,國票金,20,0,20,凱基-北門,2024-02-05,9283
3664,安瑞-KY,20,0,20,凱基-北門,2024-02-05,9283
2303,聯電,27,10,17,凱基-北門,2024-02-05,9283
2369,菱生,16,0,16,凱基-北門,2024-02-05,9283
6770,力積電,17,1,16,凱基-北門,2024-02-05,9283
00687B,國泰20年美債,15,0,15,凱基-北門,2024-02-05,9283
2421,建準,27,12,15,凱基-北門,2024-02-05,9283
00919,群益台灣精選高息,15,0,15,凱基-北門,2024-02-05,9283
4543,萬在,14,0,14,凱基-北門,2024-02-05,9283
2329,華泰,19,6,13,凱基-北門,2024-02-05,9283
00642U,期元大S＆P石油,12,0,12,凱基-北門,2024-02-05,9283
00688L,國泰20年美債正2,11,0,11,凱基-北門,2024-02-05,9283
2892,第一金,10,0,10,凱基-北門,2024-02-05,9283
00722B,群益投資級電信債,10,0,10,凱基-北門,2024-02-05,9283
2498,宏達電,10,0,10,凱基-北門,2024-02-05,9283
2836,高雄銀,10,0,10,凱基-北門,2024-02-05,9283
3217,優群,10,0,10,凱基-北門,2024-02-05,9283
3338,泰碩,11,1,10,凱基-北門,2024-02-05,9283
6026,福邦證,10,0,10,凱基-北門,2024-02-05,9283
8070,長華*,10,0,10,凱基-北門,2024-02-05,9283
2618,長榮航,11,1,10,凱基-北門,2024-02-05,9283
00720B,元大投資級公司債,9,0,9,凱基-北門,2024-02-05,9283
4908,前鼎,17,8,9,凱基-北門,2024-02-05,9283
6550,北極星藥業-KY,9,0,9,凱基-北門,2024-02-05,9283
1513,中興電,8,0,8,凱基-北門,2024-02-05,9283
00922,國泰台灣領袖50,8,0,8,凱基-北門,2024-02-05,9283
1460,宏遠,8,0,8,凱基-北門,2024-02-05,9283
2002,中鋼,8,0,8,凱基-北門,2024-02-05,9283
3312,弘憶股,10,2,8,凱基-北門,2024-02-05,9283
3675,德微,8,0,8,凱基-北門,2024-02-05,9283
4746,台耀,9,1,8,凱基-北門,2024-02-05,9283
2382,廣達,10,2,8,凱基-北門,2024-02-05,9283
2363,矽統,7,0,7,凱基-北門,2024-02-05,9283
2887,台新金,7,0,7,凱基-北門,2024-02-05,9283
6201,亞弘電,6,0,6,凱基-北門,2024-02-05,9283
8054,安國,9,3,6,凱基-北門,2024-02-05,9283
00907,永豐優息存股,5,0,5,凱基-北門,2024-02-05,9283
00937B,群益ESG投等債20,176,5,171,凱基-北門,2024-02-15,9283
2618,長榮航,78,6,72,凱基-北門,2024-02-15,9283
00712,復華富時不動產,74,9,65,凱基-北門,2024-02-15,9283
00706L,期元大S＆P日圓正2,62,0,62,凱基-北門,2024-02-15,9283
00632R,元大台灣50反1,65,5,60,凱基-北門,2024-02-15,9283
00687B,國泰20年美債,58,0,58,凱基-北門,2024-02-15,9283
2539,櫻花建,55,0,55,凱基-北門,2024-02-15,9283
1101,台泥,58,3,55,凱基-北門,2024-02-15,9283
00679B,元大美債20年,52,0,52,凱基-北門,2024-02-15,9283
2888,新光金,61,10,51,凱基-北門,2024-02-15,9283
6248,沛波,40,0,40,凱基-北門,2024-02-15,9283
2356,英業達,130,91,39,凱基-北門,2024-02-15,9283
2313,華通,39,2,37,凱基-北門,2024-02-15,9283
00688L,國泰20年美債正2,37,0,37,凱基-北門,2024-02-15,9283
2332,友訊,35,0,35,凱基-北門,2024-02-15,9283
2362,藍天,31,0,31,凱基-北門,2024-02-15,9283
9912,偉聯,30,0,30,凱基-北門,2024-02-15,9283
00933B,國泰10Y+金融債,28,0,28,凱基-北門,2024-02-15,9283
1785,光洋科,36,11,25,凱基-北門,2024-02-15,9283
1319,東陽,42,17,25,凱基-北門,2024-02-15,9283
00751B,元大AAA至A公司債,22,0,22,凱基-北門,2024-02-15,9283
00720B,元大投資級公司債,21,0,21,凱基-北門,2024-02-15,9283
00795B,中信美國公債20年,21,0,21,凱基-北門,2024-02-15,9283
2897,王道銀行,20,0,20,凱基-北門,2024-02-15,9283
4908,前鼎,20,2,18,凱基-北門,2024-02-15,9283
4915,致伸,19,1,18,凱基-北門,2024-02-15,9283
2884,玉山金,15,0,15,凱基-北門,2024-02-15,9283
6416,瑞祺電通,15,0,15,凱基-北門,2024-02-15,9283
00636,國泰中國A50,16,1,15,凱基-北門,2024-02-15,9283
00931B,統一美債20年,12,0,12,凱基-北門,2024-02-15,9283
2504,國產,11,0,11,凱基-北門,2024-02-15,9283
2344,華邦電,15,4,11,凱基-北門,2024-02-15,9283
2801,彰銀,10,0,10,凱基-北門,2024-02-15,9283
2431,聯昌,10,0,10,凱基-北門,2024-02-15,9283
00676R,富邦臺灣加權反1,10,0,10,凱基-北門,2024-02-15,9283
0061,元大寶滬深,10,0,10,凱基-北門,2024-02-15,9283
2537,聯上發,10,0,10,凱基-北門,2024-02-15,9283
2610,華航,12,2,10,凱基-北門,2024-02-15,9283
6203,海韻電,10,0,10,凱基-北門,2024-02-15,9283
2353,宏��,9,0,9,凱基-北門,2024-02-15,9283
006207,復華滬深,9,0,9,凱基-北門,2024-02-15,9283
3035,智原,14,5,9,凱基-北門,2024-02-15,9283
2002,中鋼,7,0,7,凱基-北門,2024-02-15,9283
3548,兆利,19,12,7,凱基-北門,2024-02-15,9283
3056,富華新,7,0,7,凱基-北門,2024-02-15,9283
2316,楠梓電,6,0,6,凱基-北門,2024-02-15,9283
00680L,元大美債20正2,25,19,6,凱基-北門,2024-02-15,9283
3490,單井,7,1,6,凱基-北門,2024-02-15,9283
3706,神達,12,6,6,凱基-北門,2024-02-15,9283
6201,亞弘電,6,0,6,凱基-北門,2024-02-15,9283
1528,恩德,150,0,150,凱基-北門,2024-02-16,9283
00935,野村臺灣新科技50,100,0,100,凱基-北門,2024-02-16,9283
3481,群創,120,22,98,凱基-北門,2024-02-16,9283
00637L,元大滬深300正2,100,3,97,凱基-北門,2024-02-16,9283
00753L,中信中國50正2,102,15,87,凱基-北門,2024-02-16,9283
00937B,群益ESG投等債20,69,0,69,凱基-北門,2024-02-16,9283
00665L,富邦�琤肭磪囓�2,70,2,68,凱基-北門,2024-02-16,9283
00688L,國泰20年美債正2,51,0,51,凱基-北門,2024-02-16,9283
00687B,國泰20年美債,50,0,50,凱基-北門,2024-02-16,9283
2516,新建,41,0,41,凱基-北門,2024-02-16,9283
2504,國產,40,0,40,凱基-北門,2024-02-16,9283
2431,聯昌,39,0,39,凱基-北門,2024-02-16,9283
00720B,元大投資級公司債,37,0,37,凱基-北門,2024-02-16,9283
00679B,元大美債20年,44,10,34,凱基-北門,2024-02-16,9283
00680L,元大美債20正2,34,0,34,凱基-北門,2024-02-16,9283
3704,合勤控,31,0,31,凱基-北門,2024-02-16,9283
00725B,國泰投資級公司債,27,0,27,凱基-北門,2024-02-16,9283
00933B,國泰10Y+金融債,25,0,25,凱基-北門,2024-02-16,9283
00878,國泰永續高股息,29,5,24,凱基-北門,2024-02-16,9283
00919,群益台灣精選高息,30,6,24,凱基-北門,2024-02-16,9283
2362,藍天,23,0,23,凱基-北門,2024-02-16,9283
3231,緯創,37,15,22,凱基-北門,2024-02-16,9283
6125,廣運,31,10,21,凱基-北門,2024-02-16,9283
2382,廣達,22,1,21,凱基-北門,2024-02-16,9283
3545,敦泰,20,0,20,凱基-北門,2024-02-16,9283
00772B,中信高評級公司債,20,0,20,凱基-北門,2024-02-16,9283
2338,光罩,33,13,20,凱基-北門,2024-02-16,9283
00915,凱基優選高股息30,27,8,19,凱基-北門,2024-02-16,9283
6112,邁達特,30,12,18,凱基-北門,2024-02-16,9283
2812,台中銀,17,0,17,凱基-北門,2024-02-16,9283
8088,品安,17,0,17,凱基-北門,2024-02-16,9283
2537,聯上發,15,0,15,凱基-北門,2024-02-16,9283
3042,晶技,15,0,15,凱基-北門,2024-02-16,9283
2486,一詮,14,0,14,凱基-北門,2024-02-16,9283
4915,致伸,16,2,14,凱基-北門,2024-02-16,9283
6419,京晨科,14,0,14,凱基-北門,2024-02-16,9283
2369,菱生,35,21,14,凱基-北門,2024-02-16,9283
3673,TPK-KY,12,0,12,凱基-北門,2024-02-16,9283
2887,台新金,12,0,12,凱基-北門,2024-02-16,9283
2353,宏��,31,20,11,凱基-北門,2024-02-16,9283
0056,元大高股息,16,5,11,凱基-北門,2024-02-16,9283
5388,中磊,10,0,10,凱基-北門,2024-02-16,9283
3029,零壹,10,0,10,凱基-北門,2024-02-16,9283
5203,訊連,10,0,10,凱基-北門,2024-02-16,9283
6163,華電網,10,0,10,凱基-北門,2024-02-16,9283
00673R,期元大S＆P原油反1,10,0,10,凱基-北門,2024-02-16,9283
006207,復華滬深,10,0,10,凱基-北門,2024-02-16,9283
3003,健和興,10,0,10,凱基-北門,2024-02-16,9283
9912,偉聯,10,0,10,凱基-北門,2024-02-16,9283
2884,玉山金,20,10,10,凱基-北門,2024-02-16,9283
00885,富邦越南,205,2,203,凱基-北門,2024-02-19,9283
3481,群創,92,11,81,凱基-北門,2024-02-19,9283
2801,彰銀,70,0,70,凱基-北門,2024-02-19,9283
00919,群益台灣精選高息,52,5,47,凱基-北門,2024-02-19,9283
3052,夆典,45,0,45,凱基-北門,2024-02-19,9283
00929,復華台灣科技優息,47,8,39,凱基-北門,2024-02-19,9283
00937B,群益ESG投等債20,40,18,22,凱基-北門,2024-02-19,9283
2489,瑞軒,22,1,21,凱基-北門,2024-02-19,9283
9912,偉聯,20,0,20,凱基-北門,2024-02-19,9283
00878,國泰永續高股息,25,6,19,凱基-北門,2024-02-19,9283
1802,台玻,18,0,18,凱基-北門,2024-02-19,9283
8064,東捷,22,5,17,凱基-北門,2024-02-19,9283
00679B,元大美債20年,23,7,16,凱基-北門,2024-02-19,9283
2365,昆盈,25,10,15,凱基-北門,2024-02-19,9283
2836,高雄銀,15,0,15,凱基-北門,2024-02-19,9283
3437,榮創,27,13,14,凱基-北門,2024-02-19,9283
6274,台燿,17,3,14,凱基-北門,2024-02-19,9283
2317,鴻海,14,1,13,凱基-北門,2024-02-19,9283
2356,英業達,24,12,12,凱基-北門,2024-02-19,9283
00891,中信關鍵半導體,12,0,12,凱基-北門,2024-02-19,9283
1609,大亞,13,1,12,凱基-北門,2024-02-19,9283
2382,廣達,15,3,12,凱基-北門,2024-02-19,9283
2408,南亞科,13,2,11,凱基-北門,2024-02-19,9283
2425,承啟,10,0,10,凱基-北門,2024-02-19,9283
2897,王道銀行,10,0,10,凱基-北門,2024-02-19,9283
3217,優群,10,0,10,凱基-北門,2024-02-19,9283
4721,美琪瑪,10,0,10,凱基-北門,2024-02-19,9283
5225,東科-KY,11,1,10,凱基-北門,2024-02-19,9283
00688L,國泰20年美債正2,9,0,9,凱基-北門,2024-02-19,9283
00680L,元大美債20正2,9,0,9,凱基-北門,2024-02-19,9283
3071,協禧,9,0,9,凱基-北門,2024-02-19,9283
00772B,中信高評級公司債,11,3,8,凱基-北門,2024-02-19,9283
1528,恩德,10,2,8,凱基-北門,2024-02-19,9283
2329,華泰,58,51,7,凱基-北門,2024-02-19,9283
1536,和大,7,0,7,凱基-北門,2024-02-19,9283
2355,敬鵬,10,3,7,凱基-北門,2024-02-19,9283
3038,全台,9,2,7,凱基-北門,2024-02-19,9283
00795B,中信美國公債20年,6,0,6,凱基-北門,2024-02-19,9283
00927,群益半導體收益,6,0,6,凱基-北門,2024-02-19,9283
1409,新纖,6,0,6,凱基-北門,2024-02-19,9283
2432,倚天酷��-創,7,1,6,凱基-北門,2024-02-19,9283
2630,亞航,6,0,6,凱基-北門,2024-02-19,9283
3583,辛耘,6,0,6,凱基-北門,2024-02-19,9283
4908,前鼎,11,5,6,凱基-北門,2024-02-19,9283
8110,華東,12,6,6,凱基-北門,2024-02-19,9283
6278,台表科,6,0,6,凱基-北門,2024-02-19,9283
1529,樂事綠能,6,0,6,凱基-北門,2024-02-19,9283
3231,緯創,40,35,5,凱基-北門,2024-02-19,9283
2887,台新金,5,0,5,凱基-北門,2024-02-19,9283
8210,勤誠,9,4,5,凱基-北門,2024-02-19,9283
00937B,群益ESG投等債20,490,10,480,凱基-北門,2024-02-20,9283
2405,輔信,195,42,153,凱基-北門,2024-02-20,9283
00673R,期元大S＆P原油反1,113,0,113,凱基-北門,2024-02-20,9283
00885,富邦越南,105,42,63,凱基-北門,2024-02-20,9283
2515,中工,50,0,50,凱基-北門,2024-02-20,9283
1528,恩德,46,0,46,凱基-北門,2024-02-20,9283
2867,三商壽,61,20,41,凱基-北門,2024-02-20,9283
00687B,國泰20年美債,32,0,32,凱基-北門,2024-02-20,9283
3260,威剛,33,1,32,凱基-北門,2024-02-20,9283
00878,國泰永續高股息,57,25,32,凱基-北門,2024-02-20,9283
2836,高雄銀,30,0,30,凱基-北門,2024-02-20,9283
3481,群創,40,11,29,凱基-北門,2024-02-20,9283
2062,橋椿,20,0,20,凱基-北門,2024-02-20,9283
6173,信昌電,20,0,20,凱基-北門,2024-02-20,9283
6278,台表科,20,0,20,凱基-北門,2024-02-20,9283
6189,豐藝,21,2,19,凱基-北門,2024-02-20,9283
3032,偉訓,21,4,17,凱基-北門,2024-02-20,9283
00933B,國泰10Y+金融債,16,0,16,凱基-北門,2024-02-20,9283
1513,中興電,23,7,16,凱基-北門,2024-02-20,9283
3321,同泰,16,0,16,凱基-北門,2024-02-20,9283
2329,華泰,36,20,16,凱基-北門,2024-02-20,9283
4960,誠美材,15,0,15,凱基-北門,2024-02-20,9283
00680L,元大美債20正2,13,0,13,凱基-北門,2024-02-20,9283
6291,沛亨,12,0,12,凱基-北門,2024-02-20,9283
00772B,中信高評級公司債,11,0,11,凱基-北門,2024-02-20,9283
2436,偉詮電,11,0,11,凱基-北門,2024-02-20,9283
6112,邁達特,12,1,11,凱基-北門,2024-02-20,9283
3231,緯創,33,22,11,凱基-北門,2024-02-20,9283
2431,聯昌,10,0,10,凱基-北門,2024-02-20,9283
5519,隆大,10,0,10,凱基-北門,2024-02-20,9283
00751B,元大AAA至A公司債,9,0,9,凱基-北門,2024-02-20,9283
2883,凱基金,9,0,9,凱基-北門,2024-02-20,9283
3163,波若威,10,1,9,凱基-北門,2024-02-20,9283
6282,康舒,8,0,8,凱基-北門,2024-02-20,9283
1514,亞力,8,1,7,凱基-北門,2024-02-20,9283
5351,鈺創,10,3,7,凱基-北門,2024-02-20,9283
6147,頎邦,6,0,6,凱基-北門,2024-02-20,9283
1717,長興,6,0,6,凱基-北門,2024-02-20,9283
2383,台光電,6,0,6,凱基-北門,2024-02-20,9283
2543,皇昌,9,3,6,凱基-北門,2024-02-20,9283
4953,緯軟,8,2,6,凱基-北門,2024-02-20,9283
1201,味全,5,0,5,凱基-北門,2024-02-20,9283
00927,群益半導體收益,5,0,5,凱基-北門,2024-02-20,9283
00665L,富邦�琤肭磪囓�2,5,0,5,凱基-北門,2024-02-20,9283
1785,光洋科,5,0,5,凱基-北門,2024-02-20,9283
5425,台半,5,0,5,凱基-北門,2024-02-20,9283
8349,�矬�,5,0,5,凱基-北門,2024-02-20,9283
2379,瑞昱,26,21,5,凱基-北門,2024-02-20,9283
3036,文曄,11,7,4,凱基-北門,2024-02-20,9283
2382,廣達,7,3,4,凱基-北門,2024-02-20,9283
2610,華航,334,0,334,凱基-北門,2024-02-21,9283
2409,友達,266,0,266,凱基-北門,2024-02-21,9283
2399,映泰,201,0,201,凱基-北門,2024-02-21,9283
6182,合晶,150,0,150,凱基-北門,2024-02-21,9283
00937B,群益ESG投等債20,147,0,147,凱基-北門,2024-02-21,9283
2312,金寶,105,4,101,凱基-北門,2024-02-21,9283
2812,台中銀,101,0,101,凱基-北門,2024-02-21,9283
00665L,富邦�琤肭磪囓�2,70,11,59,凱基-北門,2024-02-21,9283
2504,國產,55,0,55,凱基-北門,2024-02-21,9283
00720B,元大投資級公司債,52,0,52,凱基-北門,2024-02-21,9283
00935,野村臺灣新科技50,60,10,50,凱基-北門,2024-02-21,9283
2884,玉山金,45,0,45,凱基-北門,2024-02-21,9283
6167,久正,38,0,38,凱基-北門,2024-02-21,9283
2887,台新金,36,0,36,凱基-北門,2024-02-21,9283
0061,元大寶滬深,30,0,30,凱基-北門,2024-02-21,9283
2609,陽明,51,22,29,凱基-北門,2024-02-21,9283
00878,國泰永續高股息,37,10,27,凱基-北門,2024-02-21,9283
00712,復華富時不動產,24,0,24,凱基-北門,2024-02-21,9283
00918,大華優利高填息30,23,0,23,凱基-北門,2024-02-21,9283
00680L,元大美債20正2,22,0,22,凱基-北門,2024-02-21,9283
2356,英業達,37,16,21,凱基-北門,2024-02-21,9283
00637L,元大滬深300正2,31,11,20,凱基-北門,2024-02-21,9283
2867,三商壽,20,0,20,凱基-北門,2024-02-21,9283
5306,桂盟,19,0,19,凱基-北門,2024-02-21,9283
2369,菱生,21,3,18,凱基-北門,2024-02-21,9283
3481,群創,17,1,16,凱基-北門,2024-02-21,9283
00795B,中信美國公債20年,16,0,16,凱基-北門,2024-02-21,9283
2408,南亞科,16,0,16,凱基-北門,2024-02-21,9283
00919,群益台灣精選高息,25,12,13,凱基-北門,2024-02-21,9283
2883,凱基金,13,0,13,凱基-北門,2024-02-21,9283
00679B,元大美債20年,13,0,13,凱基-北門,2024-02-21,9283
5519,隆大,12,0,12,凱基-北門,2024-02-21,9283
6126,信音,17,5,12,凱基-北門,2024-02-21,9283
5438,東友,11,0,11,凱基-北門,2024-02-21,9283
8064,東捷,14,3,11,凱基-北門,2024-02-21,9283
2376,技嘉,11,1,10,凱基-北門,2024-02-21,9283
2641,正德,10,0,10,凱基-北門,2024-02-21,9283
1219,福壽,10,0,10,凱基-北門,2024-02-21,9283
2371,大同,10,0,10,凱基-北門,2024-02-21,9283
2836,高雄銀,10,0,10,凱基-北門,2024-02-21,9283
2897,王道銀行,10,0,10,凱基-北門,2024-02-21,9283
3078,僑威,10,0,10,凱基-北門,2024-02-21,9283
3704,合勤控,10,0,10,凱基-北門,2024-02-21,9283
9105,泰金寶-DR,10,0,10,凱基-北門,2024-02-21,9283
2303,聯電,9,0,9,凱基-北門,2024-02-21,9283
6233,旺玖,19,10,9,凱基-北門,2024-02-21,9283
2382,廣達,11,2,9,凱基-北門,2024-02-21,9283
0056,元大高股息,9,1,8,凱基-北門,2024-02-21,9283
3231,緯創,22,14,8,凱基-北門,2024-02-21,9283
6785,昱展新藥,8,0,8,凱基-北門,2024-02-21,9283
3013,晟銘電,113,8,105,凱基-北門,2024-02-22,9283
00937B,群益ESG投等債20,98,3,95,凱基-北門,2024-02-22,9283
3481,群創,58,6,52,凱基-北門,2024-02-22,9283
6141,柏承,42,0,42,凱基-北門,2024-02-22,9283
2356,英業達,56,18,38,凱基-北門,2024-02-22,9283
00929,復華台灣科技優息,48,15,33,凱基-北門,2024-02-22,9283
2836,高雄銀,30,0,30,凱基-北門,2024-02-22,9283
00665L,富邦�琤肭磪囓�2,26,0,26,凱基-北門,2024-02-22,9283
00878,國泰永續高股息,26,4,22,凱基-北門,2024-02-22,9283
2367,燿華,21,0,21,凱基-北門,2024-02-22,9283
4908,前鼎,21,1,20,凱基-北門,2024-02-22,9283
6164,華興,22,2,20,凱基-北門,2024-02-22,9283
2489,瑞軒,23,3,20,凱基-北門,2024-02-22,9283
2511,太子,20,0,20,凱基-北門,2024-02-22,9283
1514,亞力,40,22,18,凱基-北門,2024-02-22,9283
6419,京晨科,18,0,18,凱基-北門,2024-02-22,9283
00687B,國泰20年美債,18,0,18,凱基-北門,2024-02-22,9283
2303,聯電,18,1,17,凱基-北門,2024-02-22,9283
2605,新興,15,1,14,凱基-北門,2024-02-22,9283
2371,大同,19,6,13,凱基-北門,2024-02-22,9283
5443,均豪,13,0,13,凱基-北門,2024-02-22,9283
6233,旺玖,22,9,13,凱基-北門,2024-02-22,9283
9105,泰金寶-DR,13,1,12,凱基-北門,2024-02-22,9283
00757,統一FANG+,25,13,12,凱基-北門,2024-02-22,9283
2369,菱生,13,1,12,凱基-北門,2024-02-22,9283
3588,通嘉,23,11,12,凱基-北門,2024-02-22,9283
00637L,元大滬深300正2,14,2,12,凱基-北門,2024-02-22,9283
6727,亞泰金屬,11,0,11,凱基-北門,2024-02-22,9283
00933B,國泰10Y+金融債,11,1,10,凱基-北門,2024-02-22,9283
1528,恩德,10,0,10,凱基-北門,2024-02-22,9283
3032,偉訓,11,1,10,凱基-北門,2024-02-22,9283
00907,永豐優息存股,10,0,10,凱基-北門,2024-02-22,9283
00673R,期元大S＆P原油反1,10,0,10,凱基-北門,2024-02-22,9283
2897,王道銀行,10,0,10,凱基-北門,2024-02-22,9283
3114,好德,10,0,10,凱基-北門,2024-02-22,9283
8070,長華*,10,0,10,凱基-北門,2024-02-22,9283
2329,華泰,64,54,10,凱基-北門,2024-02-22,9283
3694,海華,9,0,9,凱基-北門,2024-02-22,9283
6170,統振,10,1,9,凱基-北門,2024-02-22,9283
1618,合機,35,26,9,凱基-北門,2024-02-22,9283
1605,華新,10,2,8,凱基-北門,2024-02-22,9283
2442,新美齊,8,0,8,凱基-北門,2024-02-22,9283
2486,一詮,8,0,8,凱基-北門,2024-02-22,9283
00795B,中信美國公債20年,8,0,8,凱基-北門,2024-02-22,9283
6768,志強-KY,8,0,8,凱基-北門,2024-02-22,9283
1316,上曜,7,0,7,凱基-北門,2024-02-22,9283
6477,安集,7,0,7,凱基-北門,2024-02-22,9283
2498,宏達電,7,0,7,凱基-北門,2024-02-22,9283
6550,北極星藥業-KY,7,0,7,凱基-北門,2024-02-22,9283
3163,波若威,10,4,6,凱基-北門,2024-02-22,9283
00933B,國泰10Y+金融債,267,0,267,凱基-北門,2024-02-23,9283
1513,中興電,129,44,85,凱基-北門,2024-02-23,9283
00918,大華優利高填息30,81,10,71,凱基-北門,2024-02-23,9283
00878,國泰永續高股息,78,13,65,凱基-北門,2024-02-23,9283
00632R,元大台灣50反1,52,0,52,凱基-北門,2024-02-23,9283
00650L,復華香港正2,51,1,50,凱基-北門,2024-02-23,9283
00673R,期元大S＆P原油反1,50,0,50,凱基-北門,2024-02-23,9283
6167,久正,56,6,50,凱基-北門,2024-02-23,9283
1326,台化,50,10,40,凱基-北門,2024-02-23,9283
2329,華泰,78,40,38,凱基-北門,2024-02-23,9283
00937B,群益ESG投等債20,38,0,38,凱基-北門,2024-02-23,9283
00900,富邦特選高股息30,45,15,30,凱基-北門,2024-02-23,9283
6248,沛波,30,0,30,凱基-北門,2024-02-23,9283
9912,偉聯,30,0,30,凱基-北門,2024-02-23,9283
2353,宏��,33,10,23,凱基-北門,2024-02-23,9283
00891,中信關鍵半導體,33,10,23,凱基-北門,2024-02-23,9283
00687B,國泰20年美債,21,0,21,凱基-北門,2024-02-23,9283
2618,長榮航,22,2,20,凱基-北門,2024-02-23,9283
2208,台船,20,1,19,凱基-北門,2024-02-23,9283
2356,英業達,49,30,19,凱基-北門,2024-02-23,9283
3033,威健,18,0,18,凱基-北門,2024-02-23,9283
00679B,元大美債20年,17,0,17,凱基-北門,2024-02-23,9283
2610,華航,17,0,17,凱基-北門,2024-02-23,9283
3260,威剛,34,17,17,凱基-北門,2024-02-23,9283
2376,技嘉,33,17,16,凱基-北門,2024-02-23,9283
00919,群益台灣精選高息,58,44,14,凱基-北門,2024-02-23,9283
00751B,元大AAA至A公司債,13,0,13,凱基-北門,2024-02-23,9283
1609,大亞,13,0,13,凱基-北門,2024-02-23,9283
2888,新光金,17,6,11,凱基-北門,2024-02-23,9283
00753L,中信中國50正2,17,6,11,凱基-北門,2024-02-23,9283
6189,豐藝,14,3,11,凱基-北門,2024-02-23,9283
2312,金寶,11,1,10,凱基-北門,2024-02-23,9283
2474,可成,10,0,10,凱基-北門,2024-02-23,9283
2615,萬海,15,5,10,凱基-北門,2024-02-23,9283
3032,偉訓,11,1,10,凱基-北門,2024-02-23,9283
4945,陞達科技,10,0,10,凱基-北門,2024-02-23,9283
4956,光鋐,10,0,10,凱基-北門,2024-02-23,9283
5512,力麒,10,0,10,凱基-北門,2024-02-23,9283
6605,帝寶,10,0,10,凱基-北門,2024-02-23,9283
9925,新保,10,0,10,凱基-北門,2024-02-23,9283
2065,世豐,9,0,9,凱基-北門,2024-02-23,9283
00665L,富邦�琤肭磪囓�2,10,1,9,凱基-北門,2024-02-23,9283
1440,南紡,10,1,9,凱基-北門,2024-02-23,9283
2483,百容,9,0,9,凱基-北門,2024-02-23,9283
6288,聯嘉,11,2,9,凱基-北門,2024-02-23,9283
8096,擎亞,27,18,9,凱基-北門,2024-02-23,9283
4915,致伸,10,1,9,凱基-北門,2024-02-23,9283
2421,建準,11,2,9,凱基-北門,2024-02-23,9283
3025,星通,14,6,8,凱基-北門,2024-02-23,9283
2609,陽明,27,19,8,凱基-北門,2024-02-23,9283
00937B,群益ESG投等債20,423,4,419,凱基-北門,2024-02-26,9283
00933B,國泰10Y+金融債,228,0,228,凱基-北門,2024-02-26,9283
00878,國泰永續高股息,204,5,199,凱基-北門,2024-02-26,9283
2812,台中銀,59,9,50,凱基-北門,2024-02-26,9283
1513,中興電,143,94,49,凱基-北門,2024-02-26,9283
2405,輔信,122,78,44,凱基-北門,2024-02-26,9283
9945,潤泰新,39,0,39,凱基-北門,2024-02-26,9283
4526,東台,32,3,29,凱基-北門,2024-02-26,9283
00680L,元大美債20正2,27,0,27,凱基-北門,2024-02-26,9283
9912,偉聯,27,0,27,凱基-北門,2024-02-26,9283
3583,辛耘,31,5,26,凱基-北門,2024-02-26,9283
00918,大華優利高填息30,30,8,22,凱基-北門,2024-02-26,9283
2449,京元電子,21,0,21,凱基-北門,2024-02-26,9283
00882,中信中國高股息,21,0,21,凱基-北門,2024-02-26,9283
2801,彰銀,21,0,21,凱基-北門,2024-02-26,9283
3545,敦泰,21,1,20,凱基-北門,2024-02-26,9283
2511,太子,18,0,18,凱基-北門,2024-02-26,9283
1717,長興,18,1,17,凱基-北門,2024-02-26,9283
006208,富邦台50,13,0,13,凱基-北門,2024-02-26,9283
3481,群創,12,1,11,凱基-北門,2024-02-26,9283
3033,威健,11,0,11,凱基-北門,2024-02-26,9283
00687B,國泰20年美債,15,4,11,凱基-北門,2024-02-26,9283
1608,華榮,11,0,11,凱基-北門,2024-02-26,9283
6509,聚和,11,0,11,凱基-北門,2024-02-26,9283
1734,杏輝,10,0,10,凱基-北門,2024-02-26,9283
2880,華南金,10,0,10,凱基-北門,2024-02-26,9283
4707,磐亞,10,0,10,凱基-北門,2024-02-26,9283
6141,柏承,10,0,10,凱基-北門,2024-02-26,9283
6416,瑞祺電通,10,0,10,凱基-北門,2024-02-26,9283
6419,京晨科,10,0,10,凱基-北門,2024-02-26,9283
2609,陽明,30,21,9,凱基-北門,2024-02-26,9283
2460,建通,8,0,8,凱基-北門,2024-02-26,9283
2888,新光金,8,0,8,凱基-北門,2024-02-26,9283
6770,力積電,8,0,8,凱基-北門,2024-02-26,9283
2363,矽統,14,6,8,凱基-北門,2024-02-26,9283
2065,世豐,7,0,7,凱基-北門,2024-02-26,9283
00720B,元大投資級公司債,7,0,7,凱基-北門,2024-02-26,9283
1618,合機,7,0,7,凱基-北門,2024-02-26,9283
2432,倚天酷��-創,7,0,7,凱基-北門,2024-02-26,9283
6126,信音,9,2,7,凱基-北門,2024-02-26,9283
00679B,元大美債20年,17,11,6,凱基-北門,2024-02-26,9283
2356,英業達,8,2,6,凱基-北門,2024-02-26,9283
1609,大亞,78,72,6,凱基-北門,2024-02-26,9283
00753L,中信中國50正2,11,5,6,凱基-北門,2024-02-26,9283
1314,中石化,6,0,6,凱基-北門,2024-02-26,9283
5225,東科-KY,6,0,6,凱基-北門,2024-02-26,9283
5351,鈺創,7,1,6,凱基-北門,2024-02-26,9283
00907,永豐優息存股,5,0,5,凱基-北門,2024-02-26,9283
3078,僑威,5,0,5,凱基-北門,2024-02-26,9283
2376,技嘉,8,3,5,凱基-北門,2024-02-26,9283
00900,富邦特選高股息30,140,1,139,凱基-北門,2024-02-27,9283
00929,復華台灣科技優息,121,1,120,凱基-北門,2024-02-27,9283
00878,國泰永續高股息,115,2,113,凱基-北門,2024-02-27,9283
00937B,群益ESG投等債20,94,15,79,凱基-北門,2024-02-27,9283
3236,千如,76,0,76,凱基-北門,2024-02-27,9283
00919,群益台灣精選高息,91,25,66,凱基-北門,2024-02-27,9283
3006,晶豪科,61,0,61,凱基-北門,2024-02-27,9283
00665L,富邦�琤肭磪囓�2,50,2,48,凱基-北門,2024-02-27,9283
00632R,元大台灣50反1,70,25,45,凱基-北門,2024-02-27,9283
0056,元大高股息,59,14,45,凱基-北門,2024-02-27,9283
00933B,國泰10Y+金融債,48,13,35,凱基-北門,2024-02-27,9283
3231,緯創,52,19,33,凱基-北門,2024-02-27,9283
2637,慧洋-KY,51,23,28,凱基-北門,2024-02-27,9283
3032,偉訓,23,1,22,凱基-北門,2024-02-27,9283
3704,合勤控,20,0,20,凱基-北門,2024-02-27,9283
2356,英業達,26,7,19,凱基-北門,2024-02-27,9283
2363,矽統,43,25,18,凱基-北門,2024-02-27,9283
2426,鼎元,14,0,14,凱基-北門,2024-02-27,9283
2812,台中銀,14,0,14,凱基-北門,2024-02-27,9283
4147,中裕,14,0,14,凱基-北門,2024-02-27,9283
2324,仁寶,52,39,13,凱基-北門,2024-02-27,9283
2634,漢翔,15,2,13,凱基-北門,2024-02-27,9283
6605,帝寶,15,2,13,凱基-北門,2024-02-27,9283
6684,安格,18,5,13,凱基-北門,2024-02-27,9283
2002,中鋼,13,1,12,凱基-北門,2024-02-27,9283
2344,華邦電,12,0,12,凱基-北門,2024-02-27,9283
2913,農林,12,0,12,凱基-北門,2024-02-27,9283
8086,宏捷科,13,1,12,凱基-北門,2024-02-27,9283
2883,凱基金,11,0,11,凱基-北門,2024-02-27,9283
2228,劍麟,11,0,11,凱基-北門,2024-02-27,9283
6226,光鼎,11,0,11,凱基-北門,2024-02-27,9283
2888,新光金,11,1,10,凱基-北門,2024-02-27,9283
00706L,期元大S＆P日圓正2,10,0,10,凱基-北門,2024-02-27,9283
00680L,元大美債20正2,10,0,10,凱基-北門,2024-02-27,9283
1608,華榮,10,0,10,凱基-北門,2024-02-27,9283
2425,承啟,10,0,10,凱基-北門,2024-02-27,9283
3545,敦泰,11,1,10,凱基-北門,2024-02-27,9283
4956,光鋐,10,0,10,凱基-北門,2024-02-27,9283
6742,澤米,10,0,10,凱基-北門,2024-02-27,9283
6865,偉康科技,10,0,10,凱基-北門,2024-02-27,9283
2882,國泰金,10,1,9,凱基-北門,2024-02-27,9283
1503,士電,15,6,9,凱基-北門,2024-02-27,9283
2208,台船,10,1,9,凱基-北門,2024-02-27,9283
3437,榮創,9,0,9,凱基-北門,2024-02-27,9283
1101,台泥,8,0,8,凱基-北門,2024-02-27,9283
2303,聯電,10,2,8,凱基-北門,2024-02-27,9283
4908,前鼎,11,3,8,凱基-北門,2024-02-27,9283
4973,廣穎,13,6,7,凱基-北門,2024-02-27,9283
8059,凱碩,9,2,7,凱基-北門,2024-02-27,9283
8096,擎亞,7,0,7,凱基-北門,2024-02-27,9283
00937B,群益ESG投等債20,156,0,156,凱基-北門,2024-02-29,9283
00673R,期元大S＆P原油反1,105,1,104,凱基-北門,2024-02-29,9283
1524,耿鼎,84,8,76,凱基-北門,2024-02-29,9283
00933B,國泰10Y+金融債,55,10,45,凱基-北門,2024-02-29,9283
3545,敦泰,46,1,45,凱基-北門,2024-02-29,9283
00665L,富邦�琤肭磪囓�2,45,0,45,凱基-北門,2024-02-29,9283
1584,精剛,36,0,36,凱基-北門,2024-02-29,9283
1905,華紙,36,0,36,凱基-北門,2024-02-29,9283
3481,群創,35,8,27,凱基-北門,2024-02-29,9283
2405,輔信,23,3,20,凱基-北門,2024-02-29,9283
00680L,元大美債20正2,20,0,20,凱基-北門,2024-02-29,9283
1711,永光,15,0,15,凱基-北門,2024-02-29,9283
2889,國票金,15,0,15,凱基-北門,2024-02-29,9283
1603,華電,15,0,15,凱基-北門,2024-02-29,9283
4543,萬在,17,2,15,凱基-北門,2024-02-29,9283
4109,加捷生醫,15,0,15,凱基-北門,2024-02-29,9283
00687B,國泰20年美債,14,0,14,凱基-北門,2024-02-29,9283
2801,彰銀,19,5,14,凱基-北門,2024-02-29,9283
4766,南寶,10,0,10,凱基-北門,2024-02-29,9283
2888,新光金,10,0,10,凱基-北門,2024-02-29,9283
1312,國喬,10,0,10,凱基-北門,2024-02-29,9283
00931B,統一美債20年,10,0,10,凱基-北門,2024-02-29,9283
00690,兆豐藍籌30,10,0,10,凱基-北門,2024-02-29,9283
1308,亞聚,10,0,10,凱基-北門,2024-02-29,9283
1608,華榮,10,0,10,凱基-北門,2024-02-29,9283
2228,劍麟,10,0,10,凱基-北門,2024-02-29,9283
2809,京城銀,10,0,10,凱基-北門,2024-02-29,9283
8092,建暐,10,0,10,凱基-北門,2024-02-29,9283
2812,台中銀,11,2,9,凱基-北門,2024-02-29,9283
6605,帝寶,10,1,9,凱基-北門,2024-02-29,9283
1536,和大,9,1,8,凱基-北門,2024-02-29,9283
3711,日月光投控,8,0,8,凱基-北門,2024-02-29,9283
5306,桂盟,8,0,8,凱基-北門,2024-02-29,9283
6446,藥華藥,7,0,7,凱基-北門,2024-02-29,9283
6233,旺玖,16,9,7,凱基-北門,2024-02-29,9283
3390,旭軟,8,2,6,凱基-北門,2024-02-29,9283
1904,正隆,6,0,6,凱基-北門,2024-02-29,9283
2329,華泰,7,1,6,凱基-北門,2024-02-29,9283
00881,國泰台灣5G+,6,0,6,凱基-北門,2024-02-29,9283
2609,陽明,16,10,6,凱基-北門,2024-02-29,9283
6168,宏齊,6,0,6,凱基-北門,2024-02-29,9283
6288,聯嘉,8,2,6,凱基-北門,2024-02-29,9283
6550,北極星藥業-KY,6,0,6,凱基-北門,2024-02-29,9283
2014,中鴻,5,0,5,凱基-北門,2024-02-29,9283
2025,千興,5,0,5,凱基-北門,2024-02-29,9283
2367,燿華,5,0,5,凱基-北門,2024-02-29,9283
4513,福裕,8,3,5,凱基-北門,2024-02-29,9283
6239,力成,5,0,5,凱基-北門,2024-02-29,9283
1304,台聚,5,0,5,凱基-北門,2024-02-29,9283
1313,聯成,5,0,5,凱基-北門,2024-02-29,9283
00919,群益台灣精選高息,113,2,111,凱基-北門,2024-03-01,9283
00918,大華優利高填息30,108,0,108,凱基-北門,2024-03-01,9283
00929,復華台灣科技優息,102,10,92,凱基-北門,2024-03-01,9283
5328,華容,37,0,37,凱基-北門,2024-03-01,9283
00937B,群益ESG投等債20,39,5,34,凱基-北門,2024-03-01,9283
2409,友達,33,0,33,凱基-北門,2024-03-01,9283
00751B,元大AAA至A公司債,31,0,31,凱基-北門,2024-03-01,9283
1529,樂事綠能,31,0,31,凱基-北門,2024-03-01,9283
1402,遠東新,30,0,30,凱基-北門,2024-03-01,9283
8105,凌巨,22,0,22,凱基-北門,2024-03-01,9283
1101,台泥,23,2,21,凱基-北門,2024-03-01,9283
1907,永豐餘,19,2,17,凱基-北門,2024-03-01,9283
00679B,元大美債20年,16,0,16,凱基-北門,2024-03-01,9283
00665L,富邦�琤肭磪囓�2,16,0,16,凱基-北門,2024-03-01,9283
1618,合機,36,20,16,凱基-北門,2024-03-01,9283
8085,福華,26,11,15,凱基-北門,2024-03-01,9283
00933B,國泰10Y+金融債,14,0,14,凱基-北門,2024-03-01,9283
1513,中興電,42,28,14,凱基-北門,2024-03-01,9283
1316,上曜,29,15,14,凱基-北門,2024-03-01,9283
2002,中鋼,14,1,13,凱基-北門,2024-03-01,9283
1471,首利,13,0,13,凱基-北門,2024-03-01,9283
2408,南亞科,13,0,13,凱基-北門,2024-03-01,9283
3036,文曄,20,8,12,凱基-北門,2024-03-01,9283
3360,尚立,32,20,12,凱基-北門,2024-03-01,9283
2329,華泰,12,1,11,凱基-北門,2024-03-01,9283
2801,彰銀,31,20,11,凱基-北門,2024-03-01,9283
2317,鴻海,11,0,11,凱基-北門,2024-03-01,9283
6208,日揚,11,0,11,凱基-北門,2024-03-01,9283
2313,華通,11,1,10,凱基-北門,2024-03-01,9283
00706L,期元大S＆P日圓正2,10,0,10,凱基-北門,2024-03-01,9283
00680L,元大美債20正2,10,0,10,凱基-北門,2024-03-01,9283
00722B,群益投資級電信債,10,0,10,凱基-北門,2024-03-01,9283
2425,承啟,10,0,10,凱基-北門,2024-03-01,9283
5381,合正,10,0,10,凱基-北門,2024-03-01,9283
6194,育富,10,0,10,凱基-北門,2024-03-01,9283
00878,國泰永續高股息,20,10,10,凱基-北門,2024-03-01,9283
5306,桂盟,9,0,9,凱基-北門,2024-03-01,9283
3694,海華,10,1,9,凱基-北門,2024-03-01,9283
3231,緯創,37,29,8,凱基-北門,2024-03-01,9283
8064,東捷,10,3,7,凱基-北門,2024-03-01,9283
6233,旺玖,41,34,7,凱基-北門,2024-03-01,9283
00772B,中信高評級公司債,7,0,7,凱基-北門,2024-03-01,9283
6486,互動,7,0,7,凱基-北門,2024-03-01,9283
2603,長榮,14,7,7,凱基-北門,2024-03-01,9283
1504,東元,9,3,6,凱基-北門,2024-03-01,9283
3163,波若威,8,2,6,凱基-北門,2024-03-01,9283
6122,擎邦,20,14,6,凱基-北門,2024-03-01,9283
6462,神盾,10,4,6,凱基-北門,2024-03-01,9283
6125,廣運,18,12,6,凱基-北門,2024-03-01,9283
4538,大詠城,8,2,6,凱基-北門,2024-03-01,9283
2324,仁寶,250,40,210,凱基-北門,2024-03-04,9283
00937B,群益ESG投等債20,158,10,148,凱基-北門,2024-03-04,9283
00919,群益台灣精選高息,115,8,107,凱基-北門,2024-03-04,9283
00632R,元大台灣50反1,107,5,102,凱基-北門,2024-03-04,9283
2504,國產,55,0,55,凱基-北門,2024-03-04,9283
00915,凱基優選高股息30,47,0,47,凱基-北門,2024-03-04,9283
00918,大華優利高填息30,44,0,44,凱基-北門,2024-03-04,9283
2392,正崴,40,0,40,凱基-北門,2024-03-04,9283
00687B,國泰20年美債,40,1,39,凱基-北門,2024-03-04,9283
2609,陽明,31,2,29,凱基-北門,2024-03-04,9283
00929,復華台灣科技優息,79,55,24,凱基-北門,2024-03-04,9283
6235,華孚,21,0,21,凱基-北門,2024-03-04,9283
2301,光寶科,22,3,19,凱基-北門,2024-03-04,9283
1464,得力,19,0,19,凱基-北門,2024-03-04,9283
00934,中信成長高股息,20,2,18,凱基-北門,2024-03-04,9283
2206,三陽工業,21,5,16,凱基-北門,2024-03-04,9283
00655L,國泰中國A50正2,15,0,15,凱基-北門,2024-03-04,9283
2888,新光金,14,0,14,凱基-北門,2024-03-04,9283
2327,國巨,13,0,13,凱基-北門,2024-03-04,9283
6233,旺玖,12,0,12,凱基-北門,2024-03-04,9283
2352,佳世達,12,0,12,凱基-北門,2024-03-04,9283
2610,華航,12,0,12,凱基-北門,2024-03-04,9283
2882,國泰金,11,0,11,凱基-北門,2024-03-04,9283
00720B,元大投資級公司債,10,0,10,凱基-北門,2024-03-04,9283
2444,兆勁,10,0,10,凱基-北門,2024-03-04,9283
6462,神盾,17,9,8,凱基-北門,2024-03-04,9283
2332,友訊,8,0,8,凱基-北門,2024-03-04,9283
2369,菱生,10,2,8,凱基-北門,2024-03-04,9283
00830,國泰費城半導體,8,0,8,凱基-北門,2024-03-04,9283
8092,建暐,8,0,8,凱基-北門,2024-03-04,9283
8105,凌巨,10,2,8,凱基-北門,2024-03-04,9283
2377,微星,8,0,8,凱基-北門,2024-03-04,9283
6770,力積電,13,6,7,凱基-北門,2024-03-04,9283
3231,緯創,20,13,7,凱基-北門,2024-03-04,9283
1201,味全,6,0,6,凱基-北門,2024-03-04,9283
3325,旭品,6,0,6,凱基-北門,2024-03-04,9283
00673R,期元大S＆P原油反1,6,0,6,凱基-北門,2024-03-04,9283
2483,百容,6,0,6,凱基-北門,2024-03-04,9283
3015,全漢,6,0,6,凱基-北門,2024-03-04,9283
2002,中鋼,8,3,5,凱基-北門,2024-03-04,9283
6446,藥華藥,5,0,5,凱基-北門,2024-03-04,9283
8064,東捷,6,1,5,凱基-北門,2024-03-04,9283
2442,新美齊,5,0,5,凱基-北門,2024-03-04,9283
3049,精金,5,0,5,凱基-北門,2024-03-04,9283
00671R,富邦NASDAQ反1,5,0,5,凱基-北門,2024-03-04,9283
00676R,富邦臺灣加權反1,5,0,5,凱基-北門,2024-03-04,9283
1717,長興,5,0,5,凱基-北門,2024-03-04,9283
2939,永邑-KY,5,0,5,凱基-北門,2024-03-04,9283
3005,神基,6,1,5,凱基-北門,2024-03-04,9283
4716,大立,5,0,5,凱基-北門,2024-03-04,9283
00687B,國泰20年美債,166,0,166,凱基-北門,2024-03-05,9283
2431,聯昌,152,0,152,凱基-北門,2024-03-05,9283
2605,新興,110,2,108,凱基-北門,2024-03-05,9283
1524,耿鼎,75,1,74,凱基-北門,2024-03-05,9283
00919,群益台灣精選高息,59,10,49,凱基-北門,2024-03-05,9283
00929,復華台灣科技優息,48,0,48,凱基-北門,2024-03-05,9283
00915,凱基優選高股息30,46,2,44,凱基-北門,2024-03-05,9283
2888,新光金,62,26,36,凱基-北門,2024-03-05,9283
6015,宏遠證,34,0,34,凱基-北門,2024-03-05,9283
2882,國泰金,34,1,33,凱基-北門,2024-03-05,9283
3297,杭特,31,0,31,凱基-北門,2024-03-05,9283
6770,力積電,34,5,29,凱基-北門,2024-03-05,9283
2324,仁寶,25,3,22,凱基-北門,2024-03-05,9283
00918,大華優利高填息30,22,0,22,凱基-北門,2024-03-05,9283
00665L,富邦�琤肭磪囓�2,21,0,21,凱基-北門,2024-03-05,9283
1528,恩德,20,0,20,凱基-北門,2024-03-05,9283
3543,州巧,20,0,20,凱基-北門,2024-03-05,9283
6235,華孚,24,5,19,凱基-北門,2024-03-05,9283
3260,威剛,20,2,18,凱基-北門,2024-03-05,9283
00937B,群益ESG投等債20,20,2,18,凱基-北門,2024-03-05,9283
1609,大亞,28,11,17,凱基-北門,2024-03-05,9283
2340,台亞,22,7,15,凱基-北門,2024-03-05,9283
3545,敦泰,15,0,15,凱基-北門,2024-03-05,9283
00693U,期街口S＆P黃豆,15,0,15,凱基-北門,2024-03-05,9283
2618,長榮航,20,5,15,凱基-北門,2024-03-05,9283
2353,宏��,25,13,12,凱基-北門,2024-03-05,9283
00680L,元大美債20正2,12,0,12,凱基-北門,2024-03-05,9283
2301,光寶科,12,0,12,凱基-北門,2024-03-05,9283
1464,得力,11,0,11,凱基-北門,2024-03-05,9283
2002,中鋼,10,0,10,凱基-北門,2024-03-05,9283
2390,云辰,10,0,10,凱基-北門,2024-03-05,9283
6233,旺玖,10,0,10,凱基-北門,2024-03-05,9283
1905,華紙,10,0,10,凱基-北門,2024-03-05,9283
0056,元大高股息,14,5,9,凱基-北門,2024-03-05,9283
3066,李洲,9,0,9,凱基-北門,2024-03-05,9283
5353,台林,10,1,9,凱基-北門,2024-03-05,9283
6160,欣技,8,0,8,凱基-北門,2024-03-05,9283
1503,士電,17,9,8,凱基-北門,2024-03-05,9283
4906,正文,41,33,8,凱基-北門,2024-03-05,9283
2355,敬鵬,7,0,7,凱基-北門,2024-03-05,9283
2449,京元電子,11,4,7,凱基-北門,2024-03-05,9283
2609,陽明,7,0,7,凱基-北門,2024-03-05,9283
4908,前鼎,8,1,7,凱基-北門,2024-03-05,9283
8028,昇陽半導體,6,0,6,凱基-北門,2024-03-05,9283
1504,東元,7,1,6,凱基-北門,2024-03-05,9283
00830,國泰費城半導體,6,0,6,凱基-北門,2024-03-05,9283
1409,新纖,14,8,6,凱基-北門,2024-03-05,9283
1444,力麗,6,0,6,凱基-北門,2024-03-05,9283
2460,建通,7,1,6,凱基-北門,2024-03-05,9283
8054,安國,9,3,6,凱基-北門,2024-03-05,9283
00753L,中信中國50正2,349,7,342,凱基-北門,2024-03-06,9283
00919,群益台灣精選高息,242,100,142,凱基-北門,2024-03-06,9283
00929,復華台灣科技優息,207,72,135,凱基-北門,2024-03-06,9283
00712,復華富時不動產,71,0,71,凱基-北門,2024-03-06,9283
00715L,期街口布蘭特正2,64,0,64,凱基-北門,2024-03-06,9283
00687B,國泰20年美債,59,0,59,凱基-北門,2024-03-06,9283
1326,台化,52,0,52,凱基-北門,2024-03-06,9283
2891,中信金,50,0,50,凱基-北門,2024-03-06,9283
00937B,群益ESG投等債20,59,14,45,凱基-北門,2024-03-06,9283
2845,遠東銀,47,3,44,凱基-北門,2024-03-06,9283
2537,聯上發,35,0,35,凱基-北門,2024-03-06,9283
3231,緯創,39,5,34,凱基-北門,2024-03-06,9283
3545,敦泰,42,10,32,凱基-北門,2024-03-06,9283
2504,國產,30,0,30,凱基-北門,2024-03-06,9283
2352,佳世達,27,0,27,凱基-北門,2024-03-06,9283
00933B,國泰10Y+金融債,30,3,27,凱基-北門,2024-03-06,9283
9938,百和,23,0,23,凱基-北門,2024-03-06,9283
2882,國泰金,20,0,20,凱基-北門,2024-03-06,9283
2369,菱生,20,1,19,凱基-北門,2024-03-06,9283
00915,凱基優選高股息30,19,0,19,凱基-北門,2024-03-06,9283
5488,松普,40,22,18,凱基-北門,2024-03-06,9283
8110,華東,20,2,18,凱基-北門,2024-03-06,9283
3265,台星科,21,4,17,凱基-北門,2024-03-06,9283
2324,仁寶,17,1,16,凱基-北門,2024-03-06,9283
1313,聯成,15,0,15,凱基-北門,2024-03-06,9283
6127,九豪,14,0,14,凱基-北門,2024-03-06,9283
2353,宏��,16,3,13,凱基-北門,2024-03-06,9283
2371,大同,13,1,12,凱基-北門,2024-03-06,9283
00918,大華優利高填息30,12,0,12,凱基-北門,2024-03-06,9283
8147,正淩,11,0,11,凱基-北門,2024-03-06,9283
1522,堤維西,13,3,10,凱基-北門,2024-03-06,9283
2405,輔信,14,4,10,凱基-北門,2024-03-06,9283
8271,宇瞻,10,0,10,凱基-北門,2024-03-06,9283
5521,工信,15,5,10,凱基-北門,2024-03-06,9283
00904,新光臺灣半導體30,10,0,10,凱基-北門,2024-03-06,9283
2939,永邑-KY,10,0,10,凱基-北門,2024-03-06,9283
3032,偉訓,10,0,10,凱基-北門,2024-03-06,9283
3597,映興,15,5,10,凱基-北門,2024-03-06,9283
00830,國泰費城半導體,9,0,9,凱基-北門,2024-03-06,9283
2610,華航,8,0,8,凱基-北門,2024-03-06,9283
2637,慧洋-KY,21,13,8,凱基-北門,2024-03-06,9283
3297,杭特,10,2,8,凱基-北門,2024-03-06,9283
6163,華電網,19,11,8,凱基-北門,2024-03-06,9283
6188,廣明,8,0,8,凱基-北門,2024-03-06,9283
6550,北極星藥業-KY,8,0,8,凱基-北門,2024-03-06,9283
4763,材料-KY,8,0,8,凱基-北門,2024-03-06,9283
6161,捷波,9,2,7,凱基-北門,2024-03-06,9283
1101,台泥,7,0,7,凱基-北門,2024-03-06,9283
2002,中鋼,9,2,7,凱基-北門,2024-03-06,9283
2498,宏達電,8,1,7,凱基-北門,2024-03-06,9283
2390,云辰,102,0,102,凱基-北門,2024-03-07,9283
00673R,期元大S＆P原油反1,100,0,100,凱基-北門,2024-03-07,9283
00687B,國泰20年美債,108,10,98,凱基-北門,2024-03-07,9283
00919,群益台灣精選高息,149,69,80,凱基-北門,2024-03-07,9283
1609,大亞,77,4,73,凱基-北門,2024-03-07,9283
00918,大華優利高填息30,109,50,59,凱基-北門,2024-03-07,9283
2605,新興,50,0,50,凱基-北門,2024-03-07,9283
3057,喬鼎,50,0,50,凱基-北門,2024-03-07,9283
5521,工信,58,15,43,凱基-北門,2024-03-07,9283
00937B,群益ESG投等債20,47,4,43,凱基-北門,2024-03-07,9283
2486,一詮,37,4,33,凱基-北門,2024-03-07,9283
00927,群益半導體收益,31,0,31,凱基-北門,2024-03-07,9283
2369,菱生,31,0,31,凱基-北門,2024-03-07,9283
8249,菱光,30,0,30,凱基-北門,2024-03-07,9283
2324,仁寶,31,5,26,凱基-北門,2024-03-07,9283
3481,群創,67,48,19,凱基-北門,2024-03-07,9283
1316,上曜,62,43,19,凱基-北門,2024-03-07,9283
3231,緯創,25,8,17,凱基-北門,2024-03-07,9283
1785,光洋科,17,1,16,凱基-北門,2024-03-07,9283
2812,台中銀,16,0,16,凱基-北門,2024-03-07,9283
2356,英業達,21,7,14,凱基-北門,2024-03-07,9283
3564,其陽,16,3,13,凱基-北門,2024-03-07,9283
2327,國巨,12,0,12,凱基-北門,2024-03-07,9283
2355,敬鵬,12,0,12,凱基-北門,2024-03-07,9283
6161,捷波,11,0,11,凱基-北門,2024-03-07,9283
2014,中鴻,11,0,11,凱基-北門,2024-03-07,9283
6550,北極星藥業-KY,11,0,11,凱基-北門,2024-03-07,9283
1815,富喬,85,75,10,凱基-北門,2024-03-07,9283
2344,華邦電,21,11,10,凱基-北門,2024-03-07,9283
1201,味全,10,0,10,凱基-北門,2024-03-07,9283
2610,華航,13,3,10,凱基-北門,2024-03-07,9283
4583,台灣精銳,10,0,10,凱基-北門,2024-03-07,9283
2368,金像電,19,9,10,凱基-北門,2024-03-07,9283
5225,東科-KY,16,7,9,凱基-北門,2024-03-07,9283
00915,凱基優選高股息30,41,32,9,凱基-北門,2024-03-07,9283
4128,中天,21,13,8,凱基-北門,2024-03-07,9283
6233,旺玖,10,2,8,凱基-北門,2024-03-07,9283
00882,中信中國高股息,10,2,8,凱基-北門,2024-03-07,9283
00857B,永豐20年美公債,8,0,8,凱基-北門,2024-03-07,9283
2609,陽明,8,0,8,凱基-北門,2024-03-07,9283
2457,飛宏,10,3,7,凱基-北門,2024-03-07,9283
00632R,元大台灣50反1,15,8,7,凱基-北門,2024-03-07,9283
8930,青鋼,7,0,7,凱基-北門,2024-03-07,9283
3714,富采,6,0,6,凱基-北門,2024-03-07,9283
1416,廣豐,15,9,6,凱基-北門,2024-03-07,9283
1504,東元,7,1,6,凱基-北門,2024-03-07,9283
1314,中石化,6,0,6,凱基-北門,2024-03-07,9283
00665L,富邦�琤肭磪囓�2,16,10,6,凱基-北門,2024-03-07,9283
8110,華東,7,1,6,凱基-北門,2024-03-07,9283
9103,美德醫療-DR,6,0,6,凱基-北門,2024-03-07,9283
00632R,元大台灣50反1,467,85,382,凱基-北門,2024-03-08,9283
00929,復華台灣科技優息,227,72,155,凱基-北門,2024-03-08,9283
00937B,群益ESG投等債20,156,1,155,凱基-北門,2024-03-08,9283
00919,群益台灣精選高息,205,76,129,凱基-北門,2024-03-08,9283
00712,復華富時不動產,125,0,125,凱基-北門,2024-03-08,9283
2382,廣達,104,9,95,凱基-北門,2024-03-08,9283
00915,凱基優選高股息30,136,42,94,凱基-北門,2024-03-08,9283
5488,松普,120,30,90,凱基-北門,2024-03-08,9283
2836,高雄銀,80,10,70,凱基-北門,2024-03-08,9283
00918,大華優利高填息30,56,2,54,凱基-北門,2024-03-08,9283
6026,福邦證,45,0,45,凱基-北門,2024-03-08,9283
8105,凌巨,40,2,38,凱基-北門,2024-03-08,9283
6550,北極星藥業-KY,24,0,24,凱基-北門,2024-03-08,9283
2317,鴻海,33,10,23,凱基-北門,2024-03-08,9283
8086,宏捷科,26,3,23,凱基-北門,2024-03-08,9283
00687B,國泰20年美債,23,3,20,凱基-北門,2024-03-08,9283
6176,瑞儀,20,0,20,凱基-北門,2024-03-08,9283
2201,裕隆,20,1,19,凱基-北門,2024-03-08,9283
2340,台亞,47,30,17,凱基-北門,2024-03-08,9283
3056,富華新,17,0,17,凱基-北門,2024-03-08,9283
2460,建通,16,0,16,凱基-北門,2024-03-08,9283
00888,永豐台灣ESG,20,5,15,凱基-北門,2024-03-08,9283
2367,燿華,20,5,15,凱基-北門,2024-03-08,9283
1301,台塑,15,2,13,凱基-北門,2024-03-08,9283
5864,致和證,13,0,13,凱基-北門,2024-03-08,9283
3260,威剛,15,3,12,凱基-北門,2024-03-08,9283
6233,旺玖,17,5,12,凱基-北門,2024-03-08,9283
6189,豐藝,11,0,11,凱基-北門,2024-03-08,9283
2449,京元電子,16,6,10,凱基-北門,2024-03-08,9283
1717,長興,10,0,10,凱基-北門,2024-03-08,9283
1464,得力,10,0,10,凱基-北門,2024-03-08,9283
2025,千興,10,0,10,凱基-北門,2024-03-08,9283
2486,一詮,12,2,10,凱基-北門,2024-03-08,9283
1104,環泥,10,0,10,凱基-北門,2024-03-08,9283
1616,億泰,10,0,10,凱基-北門,2024-03-08,9283
2363,矽統,10,0,10,凱基-北門,2024-03-08,9283
6865,偉康科技,10,0,10,凱基-北門,2024-03-08,9283
1513,中興電,21,12,9,凱基-北門,2024-03-08,9283
1314,中石化,9,0,9,凱基-北門,2024-03-08,9283
1326,台化,10,1,9,凱基-北門,2024-03-08,9283
8028,昇陽半導體,8,0,8,凱基-北門,2024-03-08,9283
1201,味全,8,0,8,凱基-北門,2024-03-08,9283
2344,華邦電,27,19,8,凱基-北門,2024-03-08,9283
00696B,富邦美債20年,8,0,8,凱基-北門,2024-03-08,9283
1503,士電,16,8,8,凱基-北門,2024-03-08,9283
2387,精元,8,0,8,凱基-北門,2024-03-08,9283
2609,陽明,9,1,8,凱基-北門,2024-03-08,9283
6155,鈞寶,8,0,8,凱基-北門,2024-03-08,9283
6161,捷波,7,0,7,凱基-北門,2024-03-08,9283
2897,王道銀行,7,0,7,凱基-北門,2024-03-08,9283
00632R,元大台灣50反1,730,0,730,凱基-北門,2024-03-11,9283
00712,復華富時不動產,165,0,165,凱基-北門,2024-03-11,9283
00937B,群益ESG投等債20,129,0,129,凱基-北門,2024-03-11,9283
3231,緯創,76,35,41,凱基-北門,2024-03-11,9283
00929,復華台灣科技優息,61,22,39,凱基-北門,2024-03-11,9283
00715L,期街口布蘭特正2,34,0,34,凱基-北門,2024-03-11,9283
2409,友達,31,3,28,凱基-北門,2024-03-11,9283
6116,彩晶,27,0,27,凱基-北門,2024-03-11,9283
00919,群益台灣精選高息,107,86,21,凱基-北門,2024-03-11,9283
2382,廣達,33,12,21,凱基-北門,2024-03-11,9283
3481,群創,33,13,20,凱基-北門,2024-03-11,9283
6245,立端,16,0,16,凱基-北門,2024-03-11,9283
2340,台亞,16,1,15,凱基-北門,2024-03-11,9283
2344,華邦電,15,0,15,凱基-北門,2024-03-11,9283
00679B,元大美債20年,14,0,14,凱基-北門,2024-03-11,9283
1231,聯華食,13,0,13,凱基-北門,2024-03-11,9283
3711,日月光投控,14,1,13,凱基-北門,2024-03-11,9283
00720B,元大投資級公司債,12,0,12,凱基-北門,2024-03-11,9283
6416,瑞祺電通,12,0,12,凱基-北門,2024-03-11,9283
00753L,中信中國50正2,11,0,11,凱基-北門,2024-03-11,9283
6127,九豪,10,0,10,凱基-北門,2024-03-11,9283
1309,台達化,10,0,10,凱基-北門,2024-03-11,9283
1464,得力,10,0,10,凱基-北門,2024-03-11,9283
1471,首利,10,0,10,凱基-北門,2024-03-11,9283
2367,燿華,83,73,10,凱基-北門,2024-03-11,9283
00680L,元大美債20正2,10,0,10,凱基-北門,2024-03-11,9283
1104,環泥,10,0,10,凱基-北門,2024-03-11,9283
2836,高雄銀,10,0,10,凱基-北門,2024-03-11,9283
1609,大亞,10,1,9,凱基-北門,2024-03-11,9283
2408,南亞科,9,0,9,凱基-北門,2024-03-11,9283
4533,協易機,11,2,9,凱基-北門,2024-03-11,9283
4768,晶呈科技,8,0,8,凱基-北門,2024-03-11,9283
6120,達運,10,2,8,凱基-北門,2024-03-11,9283
8429,金麗-KY,7,0,7,凱基-北門,2024-03-11,9283
00923,群益台ESG低碳50,7,0,7,凱基-北門,2024-03-11,9283
2610,華航,7,0,7,凱基-北門,2024-03-11,9283
2603,長榮,27,20,7,凱基-北門,2024-03-11,9283
3455,由田,6,0,6,凱基-北門,2024-03-11,9283
6125,廣運,8,2,6,凱基-北門,2024-03-11,9283
2002,中鋼,6,0,6,凱基-北門,2024-03-11,9283
2483,百容,6,0,6,凱基-北門,2024-03-11,9283
3217,優群,6,0,6,凱基-北門,2024-03-11,9283
4529,淳紳,6,0,6,凱基-北門,2024-03-11,9283
2887,台新金,9,3,6,凱基-北門,2024-03-11,9283
00935,野村臺灣新科技50,6,0,6,凱基-北門,2024-03-11,9283
2330,台積電,9,3,6,凱基-北門,2024-03-11,9283
3338,泰碩,6,1,5,凱基-北門,2024-03-11,9283
2342,茂矽,9,4,5,凱基-北門,2024-03-11,9283
3202,樺晟,5,0,5,凱基-北門,2024-03-11,9283
3535,晶彩科,5,0,5,凱基-北門,2024-03-11,9283
00929,復華台灣科技優息,138,17,121,凱基-北門,2024-03-12,9283
00882,中信中國高股息,107,1,106,凱基-北門,2024-03-12,9283
00919,群益台灣精選高息,100,27,73,凱基-北門,2024-03-12,9283
2303,聯電,63,22,41,凱基-北門,2024-03-12,9283
1539,巨庭,40,0,40,凱基-北門,2024-03-12,9283
3052,夆典,30,0,30,凱基-北門,2024-03-12,9283
2409,友達,25,5,20,凱基-北門,2024-03-12,9283
2330,台積電,21,1,20,凱基-北門,2024-03-12,9283
8096,擎亞,22,4,18,凱基-北門,2024-03-12,9283
2352,佳世達,36,18,18,凱基-北門,2024-03-12,9283
1217,愛之味,17,0,17,凱基-北門,2024-03-12,9283
6233,旺玖,17,0,17,凱基-北門,2024-03-12,9283
1514,亞力,29,12,17,凱基-北門,2024-03-12,9283
00915,凱基優選高股息30,16,0,16,凱基-北門,2024-03-12,9283
6015,宏遠證,15,0,15,凱基-北門,2024-03-12,9283
00830,國泰費城半導體,15,0,15,凱基-北門,2024-03-12,9283
2836,高雄銀,15,0,15,凱基-北門,2024-03-12,9283
6016,康和證,15,0,15,凱基-北門,2024-03-12,9283
3711,日月光投控,14,1,13,凱基-北門,2024-03-12,9283
00665L,富邦�琤肭磪囓�2,20,8,12,凱基-北門,2024-03-12,9283
3036,文曄,12,0,12,凱基-北門,2024-03-12,9283
1314,中石化,10,0,10,凱基-北門,2024-03-12,9283
1517,利奇,10,0,10,凱基-北門,2024-03-12,9283
2025,千興,10,0,10,凱基-北門,2024-03-12,9283
2028,威致,15,5,10,凱基-北門,2024-03-12,9283
3027,盛達,10,0,10,凱基-北門,2024-03-12,9283
4529,淳紳,10,0,10,凱基-北門,2024-03-12,9283
6177,達麗,10,0,10,凱基-北門,2024-03-12,9283
3707,漢磊,9,0,9,凱基-北門,2024-03-12,9283
1522,堤維西,11,3,8,凱基-北門,2024-03-12,9283
3047,訊舟,8,0,8,凱基-北門,2024-03-12,9283
3294,英濟,24,16,8,凱基-北門,2024-03-12,9283
3360,尚立,8,0,8,凱基-北門,2024-03-12,9283
8926,台汽電,28,20,8,凱基-北門,2024-03-12,9283
2609,陽明,8,0,8,凱基-北門,2024-03-12,9283
00687B,國泰20年美債,11,4,7,凱基-北門,2024-03-12,9283
00637L,元大滬深300正2,10,3,7,凱基-北門,2024-03-12,9283
00885,富邦越南,7,0,7,凱基-北門,2024-03-12,9283
6789,采鈺,6,0,6,凱基-北門,2024-03-12,9283
2377,微星,6,0,6,凱基-北門,2024-03-12,9283
5410,國眾,6,0,6,凱基-北門,2024-03-12,9283
1104,環泥,5,0,5,凱基-北門,2024-03-12,9283
1603,華電,5,0,5,凱基-北門,2024-03-12,9283
2442,新美齊,5,0,5,凱基-北門,2024-03-12,9283
3094,聯傑,5,0,5,凱基-北門,2024-03-12,9283
4510,高鋒,5,0,5,凱基-北門,2024-03-12,9283
8067,志旭,5,0,5,凱基-北門,2024-03-12,9283
8112,至上,6,1,5,凱基-北門,2024-03-12,9283
9904,寶成,7,2,5,凱基-北門,2024-03-12,9283
6248,沛波,5,0,5,凱基-北門,2024-03-12,9283
00937B,群益ESG投等債20,97,0,97,凱基-北門,2024-03-13,9283
00900,富邦特選高股息30,105,15,90,凱基-北門,2024-03-13,9283
3231,緯創,102,20,82,凱基-北門,2024-03-13,9283
00687B,國泰20年美債,72,0,72,凱基-北門,2024-03-13,9283
2605,新興,50,0,50,凱基-北門,2024-03-13,9283
2344,華邦電,40,2,38,凱基-北門,2024-03-13,9283
00919,群益台灣精選高息,99,62,37,凱基-北門,2024-03-13,9283
6770,力積電,27,0,27,凱基-北門,2024-03-13,9283
2609,陽明,30,4,26,凱基-北門,2024-03-13,9283
3294,英濟,56,30,26,凱基-北門,2024-03-13,9283
1101,台泥,25,0,25,凱基-北門,2024-03-13,9283
6592,和潤企業,25,0,25,凱基-北門,2024-03-13,9283
3583,辛耘,27,2,25,凱基-北門,2024-03-13,9283
2888,新光金,22,0,22,凱基-北門,2024-03-13,9283
2836,高雄銀,21,0,21,凱基-北門,2024-03-13,9283
1609,大亞,22,2,20,凱基-北門,2024-03-13,9283
00706L,期元大S＆P日圓正2,20,0,20,凱基-北門,2024-03-13,9283
1522,堤維西,22,3,19,凱基-北門,2024-03-13,9283
2002,中鋼,18,1,17,凱基-北門,2024-03-13,9283
00888,永豐台灣ESG,16,0,16,凱基-北門,2024-03-13,9283
1603,華電,15,0,15,凱基-北門,2024-03-13,9283
6233,旺玖,18,3,15,凱基-北門,2024-03-13,9283
8011,台通,24,9,15,凱基-北門,2024-03-13,9283
2883,凱基金,65,51,14,凱基-北門,2024-03-13,9283
6026,福邦證,13,0,13,凱基-北門,2024-03-13,9283
00931B,統一美債20年,12,0,12,凱基-北門,2024-03-13,9283
2498,宏達電,12,0,12,凱基-北門,2024-03-13,9283
2855,統一證,12,0,12,凱基-北門,2024-03-13,9283
6605,帝寶,13,1,12,凱基-北門,2024-03-13,9283
3706,神達,19,8,11,凱基-北門,2024-03-13,9283
00673R,期元大S＆P原油反1,11,0,11,凱基-北門,2024-03-13,9283
5243,乙盛-KY,11,0,11,凱基-北門,2024-03-13,9283
1514,亞力,19,9,10,凱基-北門,2024-03-13,9283
00632R,元大台灣50反1,10,0,10,凱基-北門,2024-03-13,9283
1319,東陽,11,1,10,凱基-北門,2024-03-13,9283
3024,憶聲,10,0,10,凱基-北門,2024-03-13,9283
4142,國光生,10,0,10,凱基-北門,2024-03-13,9283
6578,達邦蛋白,10,0,10,凱基-北門,2024-03-13,9283
8105,凌巨,10,0,10,凱基-北門,2024-03-13,9283
3711,日月光投控,10,0,10,凱基-北門,2024-03-13,9283
2376,技嘉,12,3,9,凱基-北門,2024-03-13,9283
2367,燿華,10,1,9,凱基-北門,2024-03-13,9283
2880,華南金,10,1,9,凱基-北門,2024-03-13,9283
2359,所羅門,8,0,8,凱基-北門,2024-03-13,9283
3260,威剛,8,0,8,凱基-北門,2024-03-13,9283
9907,統一實,8,0,8,凱基-北門,2024-03-13,9283
00918,大華優利高填息30,7,0,7,凱基-北門,2024-03-13,9283
00650L,復華香港正2,7,0,7,凱基-北門,2024-03-13,9283
6116,彩晶,7,0,7,凱基-北門,2024-03-13,9283
6120,達運,8,1,7,凱基-北門,2024-03-13,9283
00915,凱基優選高股息30,290,37,253,凱基-北門,2024-03-14,9283
00919,群益台灣精選高息,159,34,125,凱基-北門,2024-03-14,9283
2883,凱基金,62,7,55,凱基-北門,2024-03-14,9283
1522,堤維西,51,0,51,凱基-北門,2024-03-14,9283
00632R,元大台灣50反1,40,0,40,凱基-北門,2024-03-14,9283
00665L,富邦�琤肭磪囓�2,41,5,36,凱基-北門,2024-03-14,9283
00687B,國泰20年美債,35,0,35,凱基-北門,2024-03-14,9283
00712,復華富時不動產,31,0,31,凱基-北門,2024-03-14,9283
6015,宏遠證,30,1,29,凱基-北門,2024-03-14,9283
00929,復華台灣科技優息,127,102,25,凱基-北門,2024-03-14,9283
00715L,期街口布蘭特正2,35,13,22,凱基-北門,2024-03-14,9283
2897,王道銀行,22,0,22,凱基-北門,2024-03-14,9283
00680L,元大美債20正2,20,0,20,凱基-北門,2024-03-14,9283
00673R,期元大S＆P原油反1,20,0,20,凱基-北門,2024-03-14,9283
2801,彰銀,25,5,20,凱基-北門,2024-03-14,9283
6005,群益證,32,13,19,凱基-北門,2024-03-14,9283
00937B,群益ESG投等債20,18,0,18,凱基-北門,2024-03-14,9283
2303,聯電,20,5,15,凱基-北門,2024-03-14,9283
00878,國泰永續高股息,17,3,14,凱基-北門,2024-03-14,9283
2887,台新金,16,2,14,凱基-北門,2024-03-14,9283
3702,大聯大,14,0,14,凱基-北門,2024-03-14,9283
2888,新光金,14,1,13,凱基-北門,2024-03-14,9283
3711,日月光投控,13,0,13,凱基-北門,2024-03-14,9283
3605,宏致,12,0,12,凱基-北門,2024-03-14,9283
2376,技嘉,22,11,11,凱基-北門,2024-03-14,9283
3231,緯創,16,6,10,凱基-北門,2024-03-14,9283
00633L,富邦上証正2,10,0,10,凱基-北門,2024-03-14,9283
00655L,國泰中國A50正2,10,0,10,凱基-北門,2024-03-14,9283
2323,中環,10,0,10,凱基-北門,2024-03-14,9283
2883B,凱基金乙特,10,0,10,凱基-北門,2024-03-14,9283
6016,康和證,10,0,10,凱基-北門,2024-03-14,9283
8054,安國,11,1,10,凱基-北門,2024-03-14,9283
2885,元大金,9,1,8,凱基-北門,2024-03-14,9283
3005,神基,10,2,8,凱基-北門,2024-03-14,9283
00751B,元大AAA至A公司債,8,0,8,凱基-北門,2024-03-14,9283
1514,亞力,15,7,8,凱基-北門,2024-03-14,9283
5443,均豪,8,0,8,凱基-北門,2024-03-14,9283
6806,森崴能源,10,2,8,凱基-北門,2024-03-14,9283
00688L,國泰20年美債正2,7,0,7,凱基-北門,2024-03-14,9283
2483,百容,7,0,7,凱基-北門,2024-03-14,9283
2597,潤弘,7,0,7,凱基-北門,2024-03-14,9283
3708,上緯投控,7,0,7,凱基-北門,2024-03-14,9283
6127,九豪,8,1,7,凱基-北門,2024-03-14,9283
8050,廣積,8,1,7,凱基-北門,2024-03-14,9283
2354,鴻準,8,1,7,凱基-北門,2024-03-14,9283
4128,中天,6,0,6,凱基-北門,2024-03-14,9283
1314,中石化,6,0,6,凱基-北門,2024-03-14,9283
3163,波若威,13,7,6,凱基-北門,2024-03-14,9283
5225,東科-KY,6,0,6,凱基-北門,2024-03-14,9283
2603,長榮,40,35,5,凱基-北門,2024-03-14,9283
00753L,中信中國50正2,160,4,156,凱基-北門,2024-03-15,9283
00919,群益台灣精選高息,164,42,122,凱基-北門,2024-03-15,9283
00680L,元大美債20正2,77,2,75,凱基-北門,2024-03-15,9283
00673R,期元大S＆P原油反1,66,0,66,凱基-北門,2024-03-15,9283
00933B,國泰10Y+金融債,52,0,52,凱基-北門,2024-03-15,9283
00915,凱基優選高股息30,48,5,43,凱基-北門,2024-03-15,9283
1104,環泥,35,0,35,凱基-北門,2024-03-15,9283
2834,臺企銀,94,64,30,凱基-北門,2024-03-15,9283
2303,聯電,28,0,28,凱基-北門,2024-03-15,9283
00891,中信關鍵半導體,23,0,23,凱基-北門,2024-03-15,9283
3481,群創,29,7,22,凱基-北門,2024-03-15,9283
2897,王道銀行,20,0,20,凱基-北門,2024-03-15,9283
2356,英業達,25,5,20,凱基-北門,2024-03-15,9283
2618,長榮航,19,0,19,凱基-北門,2024-03-15,9283
00687B,國泰20年美債,31,12,19,凱基-北門,2024-03-15,9283
00655L,國泰中國A50正2,18,0,18,凱基-北門,2024-03-15,9283
1522,堤維西,22,4,18,凱基-北門,2024-03-15,9283
3078,僑威,18,1,17,凱基-北門,2024-03-15,9283
00751B,元大AAA至A公司債,17,0,17,凱基-北門,2024-03-15,9283
2888,新光金,17,1,16,凱基-北門,2024-03-15,9283
2323,中環,16,0,16,凱基-北門,2024-03-15,9283
6180,橘子,16,0,16,凱基-北門,2024-03-15,9283
00918,大華優利高填息30,12,0,12,凱基-北門,2024-03-15,9283
00795B,中信美國公債20年,11,0,11,凱基-北門,2024-03-15,9283
6416,瑞祺電通,11,0,11,凱基-北門,2024-03-15,9283
2597,潤弘,11,0,11,凱基-北門,2024-03-15,9283
2330,台積電,10,0,10,凱基-北門,2024-03-15,9283
00882,中信中國高股息,10,0,10,凱基-北門,2024-03-15,9283
00937B,群益ESG投等債20,19,9,10,凱基-北門,2024-03-15,9283
2634,漢翔,10,0,10,凱基-北門,2024-03-15,9283
2887,台新金,10,0,10,凱基-北門,2024-03-15,9283
1513,中興電,18,9,9,凱基-北門,2024-03-15,9283
2376,技嘉,24,15,9,凱基-北門,2024-03-15,9283
8435,鉅邁,8,0,8,凱基-北門,2024-03-15,9283
3540,曜越,7,0,7,凱基-北門,2024-03-15,9283
2352,佳世達,7,0,7,凱基-北門,2024-03-15,9283
8047,星雲,12,5,7,凱基-北門,2024-03-15,9283
6125,廣運,11,5,6,凱基-北門,2024-03-15,9283
6788,華景電,6,0,6,凱基-北門,2024-03-15,9283
1809,中釉,7,1,6,凱基-北門,2024-03-15,9283
2020,美亞,6,0,6,凱基-北門,2024-03-15,9283
2344,華邦電,6,0,6,凱基-北門,2024-03-15,9283
2641,正德,6,0,6,凱基-北門,2024-03-15,9283
4714,永捷,11,5,6,凱基-北門,2024-03-15,9283
2615,萬海,5,0,5,凱基-北門,2024-03-15,9283
8255,朋程,5,0,5,凱基-北門,2024-03-15,9283
8064,東捷,5,0,5,凱基-北門,2024-03-15,9283
8112,至上,5,0,5,凱基-北門,2024-03-15,9283
00720B,元大投資級公司債,5,0,5,凱基-北門,2024-03-15,9283
00688L,國泰20年美債正2,5,0,5,凱基-北門,2024-03-15,9283
5009,榮剛,110,0,110,凱基-北門,2024-03-18,9283
00941,中信上游半導體,116,11,105,凱基-北門,2024-03-18,9283
2504,國產,80,0,80,凱基-北門,2024-03-18,9283
00937B,群益ESG投等債20,60,0,60,凱基-北門,2024-03-18,9283
00712,復華富時不動產,55,10,45,凱基-北門,2024-03-18,9283
00687B,國泰20年美債,37,0,37,凱基-北門,2024-03-18,9283
00919,群益台灣精選高息,57,23,34,凱基-北門,2024-03-18,9283
8110,華東,20,0,20,凱基-北門,2024-03-18,9283
00679B,元大美債20年,15,0,15,凱基-北門,2024-03-18,9283
3005,神基,17,4,13,凱基-北門,2024-03-18,9283
2382,廣達,75,63,12,凱基-北門,2024-03-18,9283
00795B,中信美國公債20年,11,0,11,凱基-北門,2024-03-18,9283
2353,宏��,11,0,11,凱基-北門,2024-03-18,9283
3032,偉訓,12,1,11,凱基-北門,2024-03-18,9283
6176,瑞儀,11,1,10,凱基-北門,2024-03-18,9283
2329,華泰,13,3,10,凱基-北門,2024-03-18,9283
2417,圓剛,10,0,10,凱基-北門,2024-03-18,9283
2834,臺企銀,21,11,10,凱基-北門,2024-03-18,9283
3312,弘憶股,10,0,10,凱基-北門,2024-03-18,9283
8271,宇瞻,11,1,10,凱基-北門,2024-03-18,9283
2352,佳世達,8,0,8,凱基-北門,2024-03-18,9283
6288,聯嘉,8,0,8,凱基-北門,2024-03-18,9283
00933B,國泰10Y+金融債,8,0,8,凱基-北門,2024-03-18,9283
2597,潤弘,7,0,7,凱基-北門,2024-03-18,9283
1101,台泥,6,0,6,凱基-北門,2024-03-18,9283
3010,華立,6,0,6,凱基-北門,2024-03-18,9283
3481,群創,6,0,6,凱基-北門,2024-03-18,9283
1560,中砂,7,1,6,凱基-北門,2024-03-18,9283
00915,凱基優選高股息30,7,1,6,凱基-北門,2024-03-18,9283
6785,昱展新藥,5,0,5,凱基-北門,2024-03-18,9283
00650L,復華香港正2,7,2,5,凱基-北門,2024-03-18,9283
1796,金穎生技,5,0,5,凱基-北門,2024-03-18,9283
2017,官田鋼,5,0,5,凱基-北門,2024-03-18,9283
2025,千興,5,0,5,凱基-北門,2024-03-18,9283
3047,訊舟,5,0,5,凱基-北門,2024-03-18,9283
3596,智易,5,0,5,凱基-北門,2024-03-18,9283
4905,台聯電,5,0,5,凱基-北門,2024-03-18,9283
5457,宣德,5,0,5,凱基-北門,2024-03-18,9283
2609,陽明,17,12,5,凱基-北門,2024-03-18,9283
2885,元大金,5,0,5,凱基-北門,2024-03-18,9283
2369,菱生,4,0,4,凱基-北門,2024-03-18,9283
3363,上詮,4,0,4,凱基-北門,2024-03-18,9283
6641,基士德-KY,4,0,4,凱基-北門,2024-03-18,9283
8088,品安,4,0,4,凱基-北門,2024-03-18,9283
2002,中鋼,7,3,4,凱基-北門,2024-03-18,9283
00830,國泰費城半導體,3,0,3,凱基-北門,2024-03-18,9283
6153,嘉聯益,4,1,3,凱基-北門,2024-03-18,9283
00857B,永豐20年美公債,3,0,3,凱基-北門,2024-03-18,9283
1701,中化,3,0,3,凱基-北門,2024-03-18,9283
2359,所羅門,3,0,3,凱基-北門,2024-03-18,9283
2344,華邦電,102,2,100,凱基-北門,2024-03-19,9283
2897,王道銀行,90,0,90,凱基-北門,2024-03-19,9283
00680L,元大美債20正2,71,0,71,凱基-北門,2024-03-19,9283
1609,大亞,72,3,69,凱基-北門,2024-03-19,9283
00673R,期元大S＆P原油反1,60,0,60,凱基-北門,2024-03-19,9283
2504,國產,53,0,53,凱基-北門,2024-03-19,9283
00937B,群益ESG投等債20,41,0,41,凱基-北門,2024-03-19,9283
00930,永豐ESG低碳高息,36,0,36,凱基-北門,2024-03-19,9283
00706L,期元大S＆P日圓正2,33,0,33,凱基-北門,2024-03-19,9283
00687B,國泰20年美債,32,0,32,凱基-北門,2024-03-19,9283
2228,劍麟,32,0,32,凱基-北門,2024-03-19,9283
00936,台新永續高息中小,30,0,30,凱基-北門,2024-03-19,9283
4915,致伸,32,4,28,凱基-北門,2024-03-19,9283
00679B,元大美債20年,21,1,20,凱基-北門,2024-03-19,9283
00637L,元大滬深300正2,20,0,20,凱基-北門,2024-03-19,9283
1101,台泥,17,2,15,凱基-北門,2024-03-19,9283
4109,加捷生醫,15,0,15,凱基-北門,2024-03-19,9283
2371,大同,14,0,14,凱基-北門,2024-03-19,9283
6419,京晨科,13,0,13,凱基-北門,2024-03-19,9283
2206,三陽工業,12,1,11,凱基-北門,2024-03-19,9283
2883,凱基金,11,1,10,凱基-北門,2024-03-19,9283
1464,得力,10,0,10,凱基-北門,2024-03-19,9283
3163,波若威,10,0,10,凱基-北門,2024-03-19,9283
00857B,永豐20年美公債,10,0,10,凱基-北門,2024-03-19,9283
2736,富野,10,0,10,凱基-北門,2024-03-19,9283
2882,國泰金,10,0,10,凱基-北門,2024-03-19,9283
5347,世界,10,2,8,凱基-北門,2024-03-19,9283
8054,安國,12,4,8,凱基-北門,2024-03-19,9283
6770,力積電,10,2,8,凱基-北門,2024-03-19,9283
00929,復華台灣科技優息,43,35,8,凱基-北門,2024-03-19,9283
1785,光洋科,8,1,7,凱基-北門,2024-03-19,9283
2486,一詮,62,55,7,凱基-北門,2024-03-19,9283
3312,弘憶股,10,3,7,凱基-北門,2024-03-19,9283
6462,神盾,8,1,7,凱基-北門,2024-03-19,9283
2834,臺企銀,6,0,6,凱基-北門,2024-03-19,9283
2542,興富發,6,0,6,凱基-北門,2024-03-19,9283
2382,廣達,7,1,6,凱基-北門,2024-03-19,9283
2442,新美齊,5,0,5,凱基-北門,2024-03-19,9283
3346,麗清,5,0,5,凱基-北門,2024-03-19,9283
6016,康和證,5,0,5,凱基-北門,2024-03-19,9283
00751B,元大AAA至A公司債,5,0,5,凱基-北門,2024-03-19,9283
00907,永豐優息存股,5,0,5,凱基-北門,2024-03-19,9283
00904,新光臺灣半導體30,5,0,5,凱基-北門,2024-03-19,9283
00862B,中信投資級公司債,5,0,5,凱基-北門,2024-03-19,9283
00941,中信上游半導體,11,6,5,凱基-北門,2024-03-19,9283
1319,東陽,22,17,5,凱基-北門,2024-03-19,9283
1605,華新,8,3,5,凱基-北門,2024-03-19,9283
2032,新鋼,5,0,5,凱基-北門,2024-03-19,9283
5203,訊連,5,0,5,凱基-北門,2024-03-19,9283
5464,霖宏,5,0,5,凱基-北門,2024-03-19,9283
00939,統一台灣高息動能,751,66,685,凱基-北門,2024-03-20,9283
00673R,期元大S＆P原油反1,300,0,300,凱基-北門,2024-03-20,9283
00919,群益台灣精選高息,172,50,122,凱基-北門,2024-03-20,9283
2897,王道銀行,115,0,115,凱基-北門,2024-03-20,9283
2834,臺企銀,56,0,56,凱基-北門,2024-03-20,9283
00937B,群益ESG投等債20,54,2,52,凱基-北門,2024-03-20,9283
2337,旺宏,44,3,41,凱基-北門,2024-03-20,9283
2385,群光,44,12,32,凱基-北門,2024-03-20,9283
00915,凱基優選高股息30,32,2,30,凱基-北門,2024-03-20,9283
1513,中興電,38,9,29,凱基-北門,2024-03-20,9283
3056,富華新,28,0,28,凱基-北門,2024-03-20,9283
2527,宏璟,26,0,26,凱基-北門,2024-03-20,9283
3231,緯創,77,52,25,凱基-北門,2024-03-20,9283
6005,群益證,23,0,23,凱基-北門,2024-03-20,9283
1101,台泥,22,0,22,凱基-北門,2024-03-20,9283
6505,台塑化,21,0,21,凱基-北門,2024-03-20,9283
2356,英業達,19,1,18,凱基-北門,2024-03-20,9283
6141,柏承,15,0,15,凱基-北門,2024-03-20,9283
4938,和碩,22,8,14,凱基-北門,2024-03-20,9283
3260,威剛,13,0,13,凱基-北門,2024-03-20,9283
2393,億光,14,1,13,凱基-北門,2024-03-20,9283
00930,永豐ESG低碳高息,13,0,13,凱基-北門,2024-03-20,9283
1319,東陽,13,0,13,凱基-北門,2024-03-20,9283
2382,廣達,15,3,12,凱基-北門,2024-03-20,9283
3583,辛耘,11,0,11,凱基-北門,2024-03-20,9283
2329,華泰,11,0,11,凱基-北門,2024-03-20,9283
00878,國泰永續高股息,54,44,10,凱基-北門,2024-03-20,9283
2002,中鋼,12,2,10,凱基-北門,2024-03-20,9283
2603,長榮,42,32,10,凱基-北門,2024-03-20,9283
00927,群益半導體收益,10,0,10,凱基-北門,2024-03-20,9283
3711,日月光投控,10,0,10,凱基-北門,2024-03-20,9283
1460,宏遠,10,0,10,凱基-北門,2024-03-20,9283
2892,第一金,10,0,10,凱基-北門,2024-03-20,9283
2417,圓剛,9,0,9,凱基-北門,2024-03-20,9283
1304,台聚,10,1,9,凱基-北門,2024-03-20,9283
2597,潤弘,9,0,9,凱基-北門,2024-03-20,9283
5543,桓鼎-KY,9,0,9,凱基-北門,2024-03-20,9283
2374,佳能,9,1,8,凱基-北門,2024-03-20,9283
5880,合庫金,8,0,8,凱基-北門,2024-03-20,9283
2371,大同,12,4,8,凱基-北門,2024-03-20,9283
1817,凱撒衛,8,0,8,凱基-北門,2024-03-20,9283
5007,三星,8,0,8,凱基-北門,2024-03-20,9283
00678,群益那斯達克生技,7,0,7,凱基-北門,2024-03-20,9283
1609,大亞,11,5,6,凱基-北門,2024-03-20,9283
2228,劍麟,6,0,6,凱基-北門,2024-03-20,9283
3003,健和興,6,0,6,凱基-北門,2024-03-20,9283
6274,台燿,6,0,6,凱基-北門,2024-03-20,9283
6163,華電網,5,0,5,凱基-北門,2024-03-20,9283
3010,華立,5,0,5,凱基-北門,2024-03-20,9283
4127,天良,6,1,5,凱基-北門,2024-03-20,9283
00939,統一台灣高息動能,370,73,297,凱基-北門,2024-03-21,9283
3005,神基,102,16,86,凱基-北門,2024-03-21,9283
00937B,群益ESG投等債20,94,10,84,凱基-北門,2024-03-21,9283
00715L,期街口布蘭特正2,80,7,73,凱基-北門,2024-03-21,9283
00929,復華台灣科技優息,100,46,54,凱基-北門,2024-03-21,9283
3481,群創,50,6,44,凱基-北門,2024-03-21,9283
00900,富邦特選高股息30,50,8,42,凱基-北門,2024-03-21,9283
2409,友達,40,0,40,凱基-北門,2024-03-21,9283
1527,鑽全,23,0,23,凱基-北門,2024-03-21,9283
2371,大同,21,1,20,凱基-北門,2024-03-21,9283
4533,協易機,21,1,20,凱基-北門,2024-03-21,9283
00687B,國泰20年美債,19,0,19,凱基-北門,2024-03-21,9283
00751B,元大AAA至A公司債,18,0,18,凱基-北門,2024-03-21,9283
00919,群益台灣精選高息,45,29,16,凱基-北門,2024-03-21,9283
4915,致伸,15,0,15,凱基-北門,2024-03-21,9283
6191,精成科,19,4,15,凱基-北門,2024-03-21,9283
00720B,元大投資級公司債,12,0,12,凱基-北門,2024-03-21,9283
00706L,期元大S＆P日圓正2,12,0,12,凱基-北門,2024-03-21,9283
2228,劍麟,12,0,12,凱基-北門,2024-03-21,9283
1101,台泥,13,1,12,凱基-北門,2024-03-21,9283
2383,台光電,11,0,11,凱基-北門,2024-03-21,9283
2405,輔信,25,14,11,凱基-北門,2024-03-21,9283
2527,宏璟,11,0,11,凱基-北門,2024-03-21,9283
00927,群益半導體收益,10,0,10,凱基-北門,2024-03-21,9283
00930,永豐ESG低碳高息,10,0,10,凱基-北門,2024-03-21,9283
2460,建通,10,0,10,凱基-北門,2024-03-21,9283
3028,增你強,10,0,10,凱基-北門,2024-03-21,9283
6015,宏遠證,10,0,10,凱基-北門,2024-03-21,9283
8210,勤誠,19,9,10,凱基-北門,2024-03-21,9283
1611,中電,10,1,9,凱基-北門,2024-03-21,9283
4128,中天,10,1,9,凱基-北門,2024-03-21,9283
3372,典範,8,0,8,凱基-北門,2024-03-21,9283
00679B,元大美債20年,8,1,7,凱基-北門,2024-03-21,9283
00676R,富邦臺灣加權反1,7,0,7,凱基-北門,2024-03-21,9283
00688L,國泰20年美債正2,7,0,7,凱基-北門,2024-03-21,9283
2376,技嘉,7,1,6,凱基-北門,2024-03-21,9283
5512,力麒,6,0,6,凱基-北門,2024-03-21,9283
2329,華泰,6,0,6,凱基-北門,2024-03-21,9283
3033,威健,6,0,6,凱基-北門,2024-03-21,9283
8054,安國,6,0,6,凱基-北門,2024-03-21,9283
6414,樺漢,7,1,6,凱基-北門,2024-03-21,9283
00795B,中信美國公債20年,5,0,5,凱基-北門,2024-03-21,9283
1734,杏輝,5,0,5,凱基-北門,2024-03-21,9283
2025,千興,5,0,5,凱基-北門,2024-03-21,9283
2393,億光,5,0,5,凱基-北門,2024-03-21,9283
2406,國碩,6,1,5,凱基-北門,2024-03-21,9283
2482,連宇,5,0,5,凱基-北門,2024-03-21,9283
3078,僑威,5,0,5,凱基-北門,2024-03-21,9283
8933,愛地雅,5,0,5,凱基-北門,2024-03-21,9283
00857B,永豐20年美公債,4,0,4,凱基-北門,2024-03-21,9283
00753L,中信中國50正2,411,0,411,凱基-北門,2024-03-22,9283
00939,統一台灣高息動能,148,56,92,凱基-北門,2024-03-22,9283
2618,長榮航,102,11,91,凱基-北門,2024-03-22,9283
00919,群益台灣精選高息,98,13,85,凱基-北門,2024-03-22,9283
2344,華邦電,81,2,79,凱基-北門,2024-03-22,9283
00693U,期街口S＆P黃豆,72,0,72,凱基-北門,2024-03-22,9283
6477,安集,55,0,55,凱基-北門,2024-03-22,9283
00937B,群益ESG投等債20,69,18,51,凱基-北門,2024-03-22,9283
00900,富邦特選高股息30,51,3,48,凱基-北門,2024-03-22,9283
2376,技嘉,52,10,42,凱基-北門,2024-03-22,9283
00941,中信上游半導體,37,0,37,凱基-北門,2024-03-22,9283
2867,三商壽,40,5,35,凱基-北門,2024-03-22,9283
8271,宇瞻,31,0,31,凱基-北門,2024-03-22,9283
2834,臺企銀,23,0,23,凱基-北門,2024-03-22,9283
6284,佳邦,22,0,22,凱基-北門,2024-03-22,9283
00680L,元大美債20正2,21,0,21,凱基-北門,2024-03-22,9283
1522,堤維西,21,0,21,凱基-北門,2024-03-22,9283
3297,杭特,20,0,20,凱基-北門,2024-03-22,9283
00700,富邦�琤肭磪�,19,0,19,凱基-北門,2024-03-22,9283
6235,華孚,19,1,18,凱基-北門,2024-03-22,9283
2032,新鋼,17,0,17,凱基-北門,2024-03-22,9283
00665L,富邦�琤肭磪囓�2,16,0,16,凱基-北門,2024-03-22,9283
2371,大同,20,5,15,凱基-北門,2024-03-22,9283
3481,群創,21,8,13,凱基-北門,2024-03-22,9283
2303,聯電,15,2,13,凱基-北門,2024-03-22,9283
2484,希華,13,0,13,凱基-北門,2024-03-22,9283
1231,聯華食,12,0,12,凱基-北門,2024-03-22,9283
2354,鴻準,10,0,10,凱基-北門,2024-03-22,9283
2888,新光金,10,0,10,凱基-北門,2024-03-22,9283
3294,英濟,13,3,10,凱基-北門,2024-03-22,9283
6026,福邦證,10,0,10,凱基-北門,2024-03-22,9283
2353,宏��,34,24,10,凱基-北門,2024-03-22,9283
2301,光寶科,14,5,9,凱基-北門,2024-03-22,9283
1618,合機,10,1,9,凱基-北門,2024-03-22,9283
1815,富喬,9,0,9,凱基-北門,2024-03-22,9283
3006,晶豪科,16,7,9,凱基-北門,2024-03-22,9283
3027,盛達,10,2,8,凱基-北門,2024-03-22,9283
3708,上緯投控,13,5,8,凱基-北門,2024-03-22,9283
2002,中鋼,7,0,7,凱基-北門,2024-03-22,9283
2605,新興,7,0,7,凱基-北門,2024-03-22,9283
3260,威剛,11,4,7,凱基-北門,2024-03-22,9283
3686,達能,9,2,7,凱基-北門,2024-03-22,9283
6116,彩晶,7,0,7,凱基-北門,2024-03-22,9283
2603,長榮,30,23,7,凱基-北門,2024-03-22,9283
2382,廣達,16,9,7,凱基-北門,2024-03-22,9283
00712,復華富時不動產,8,2,6,凱基-北門,2024-03-22,9283
2352,佳世達,7,1,6,凱基-北門,2024-03-22,9283
5443,均豪,6,0,6,凱基-北門,2024-03-22,9283
2324,仁寶,11,5,6,凱基-北門,2024-03-22,9283
8936,國統,8,3,5,凱基-北門,2024-03-22,9283
00680L,元大美債20正2,370,0,370,凱基-北門,2024-03-25,9283
00700,富邦�琤肭磪�,200,0,200,凱基-北門,2024-03-25,9283
00939,統一台灣高息動能,76,10,66,凱基-北門,2024-03-25,9283
00937B,群益ESG投等債20,63,0,63,凱基-北門,2024-03-25,9283
2855,統一證,50,0,50,凱基-北門,2024-03-25,9283
2618,長榮航,41,0,41,凱基-北門,2024-03-25,9283
1609,大亞,160,122,38,凱基-北門,2024-03-25,9283
1714,和桐,30,0,30,凱基-北門,2024-03-25,9283
00687B,國泰20年美債,33,5,28,凱基-北門,2024-03-25,9283
2883B,凱基金乙特,25,0,25,凱基-北門,2024-03-25,9283
2520,冠德,25,2,23,凱基-北門,2024-03-25,9283
00929,復華台灣科技優息,38,16,22,凱基-北門,2024-03-25,9283
5519,隆大,21,0,21,凱基-北門,2024-03-25,9283
5880,合庫金,20,0,20,凱基-北門,2024-03-25,9283
1522,堤維西,25,5,20,凱基-北門,2024-03-25,9283
6550,北極星藥業-KY,23,3,20,凱基-北門,2024-03-25,9283
00919,群益台灣精選高息,49,32,17,凱基-北門,2024-03-25,9283
2834,臺企銀,17,0,17,凱基-北門,2024-03-25,9283
00941,中信上游半導體,41,25,16,凱基-北門,2024-03-25,9283
2356,英業達,118,102,16,凱基-北門,2024-03-25,9283
3294,英濟,45,30,15,凱基-北門,2024-03-25,9283
2367,燿華,27,15,12,凱基-北門,2024-03-25,9283
3663,鑫科,12,0,12,凱基-北門,2024-03-25,9283
6712,長聖,12,0,12,凱基-北門,2024-03-25,9283
8210,勤誠,18,6,12,凱基-北門,2024-03-25,9283
1101,台泥,11,0,11,凱基-北門,2024-03-25,9283
0056,元大高股息,13,2,11,凱基-北門,2024-03-25,9283
6770,力積電,11,0,11,凱基-北門,2024-03-25,9283
6202,盛群,10,0,10,凱基-北門,2024-03-25,9283
2032,新鋼,10,0,10,凱基-北門,2024-03-25,9283
2897,王道銀行,10,0,10,凱基-北門,2024-03-25,9283
2597,潤弘,9,0,9,凱基-北門,2024-03-25,9283
3390,旭軟,10,1,9,凱基-北門,2024-03-25,9283
2317,鴻海,20,12,8,凱基-北門,2024-03-25,9283
00679B,元大美債20年,13,5,8,凱基-北門,2024-03-25,9283
6505,台塑化,8,0,8,凱基-北門,2024-03-25,9283
3325,旭品,8,0,8,凱基-北門,2024-03-25,9283
1717,長興,8,0,8,凱基-北門,2024-03-25,9283
2034,允強,8,0,8,凱基-北門,2024-03-25,9283
3564,其陽,8,0,8,凱基-北門,2024-03-25,9283
3005,神基,9,2,7,凱基-北門,2024-03-25,9283
2002,中鋼,7,0,7,凱基-北門,2024-03-25,9283
8033,雷虎,11,4,7,凱基-北門,2024-03-25,9283
00927,群益半導體收益,7,0,7,凱基-北門,2024-03-25,9283
3059,華晶科,10,4,6,凱基-北門,2024-03-25,9283
00909,國泰數位支付服務,6,0,6,凱基-北門,2024-03-25,9283
2344,華邦電,7,1,6,凱基-北門,2024-03-25,9283
3689,湧德,6,0,6,凱基-北門,2024-03-25,9283
6188,廣明,8,2,6,凱基-北門,2024-03-25,9283
6176,瑞儀,5,0,5,凱基-北門,2024-03-25,9283
2511,太子,721,0,721,凱基-北門,2024-03-26,9283
6026,福邦證,201,0,201,凱基-北門,2024-03-26,9283
00753L,中信中國50正2,110,0,110,凱基-北門,2024-03-26,9283
00919,群益台灣精選高息,87,29,58,凱基-北門,2024-03-26,9283
00939,統一台灣高息動能,168,111,57,凱基-北門,2024-03-26,9283
1608,華榮,73,17,56,凱基-北門,2024-03-26,9283
1529,樂事綠能,51,5,46,凱基-北門,2024-03-26,9283
5009,榮剛,50,5,45,凱基-北門,2024-03-26,9283
2367,燿華,50,10,40,凱基-北門,2024-03-26,9283
2371,大同,56,20,36,凱基-北門,2024-03-26,9283
3704,合勤控,31,0,31,凱基-北門,2024-03-26,9283
1707,葡萄王,30,0,30,凱基-北門,2024-03-26,9283
00937B,群益ESG投等債20,107,80,27,凱基-北門,2024-03-26,9283
00915,凱基優選高股息30,31,6,25,凱基-北門,2024-03-26,9283
1504,東元,29,4,25,凱基-北門,2024-03-26,9283
4714,永捷,25,0,25,凱基-北門,2024-03-26,9283
3231,緯創,69,47,22,凱基-北門,2024-03-26,9283
2034,允強,22,0,22,凱基-北門,2024-03-26,9283
2883,凱基金,21,0,21,凱基-北門,2024-03-26,9283
6141,柏承,21,0,21,凱基-北門,2024-03-26,9283
1513,中興電,40,20,20,凱基-北門,2024-03-26,9283
1101,台泥,22,3,19,凱基-北門,2024-03-26,9283
2356,英業達,48,30,18,凱基-北門,2024-03-26,9283
00679B,元大美債20年,18,0,18,凱基-北門,2024-03-26,9283
2618,長榮航,19,1,18,凱基-北門,2024-03-26,9283
6125,廣運,19,3,16,凱基-北門,2024-03-26,9283
2417,圓剛,15,1,14,凱基-北門,2024-03-26,9283
3005,神基,17,3,14,凱基-北門,2024-03-26,9283
2344,華邦電,15,2,13,凱基-北門,2024-03-26,9283
2303,聯電,12,0,12,凱基-北門,2024-03-26,9283
1616,億泰,12,1,11,凱基-北門,2024-03-26,9283
2313,華通,11,0,11,凱基-北門,2024-03-26,9283
2353,宏��,16,5,11,凱基-北門,2024-03-26,9283
8210,勤誠,21,10,11,凱基-北門,2024-03-26,9283
8255,朋程,10,0,10,凱基-北門,2024-03-26,9283
6188,廣明,11,1,10,凱基-北門,2024-03-26,9283
00680L,元大美債20正2,10,0,10,凱基-北門,2024-03-26,9283
2014,中鴻,10,0,10,凱基-北門,2024-03-26,9283
2889,國票金,10,0,10,凱基-北門,2024-03-26,9283
6443,元晶,14,4,10,凱基-北門,2024-03-26,9283
00878,國泰永續高股息,14,5,9,凱基-北門,2024-03-26,9283
1316,上曜,20,12,8,凱基-北門,2024-03-26,9283
2201,裕隆,8,0,8,凱基-北門,2024-03-26,9283
6290,良維,10,2,8,凱基-北門,2024-03-26,9283
6550,北極星藥業-KY,17,9,8,凱基-北門,2024-03-26,9283
2359,所羅門,23,16,7,凱基-北門,2024-03-26,9283
2498,宏達電,7,0,7,凱基-北門,2024-03-26,9283
8112,至上,9,2,7,凱基-北門,2024-03-26,9283
3346,麗清,13,6,7,凱基-北門,2024-03-26,9283
4162,智擎,7,0,7,凱基-北門,2024-03-26,9283
3231,緯創,109,4,105,凱基-北門,2024-03-27,9283
2371,大同,115,40,75,凱基-北門,2024-03-27,9283
00937B,群益ESG投等債20,30,0,30,凱基-北門,2024-03-27,9283
1524,耿鼎,30,0,30,凱基-北門,2024-03-27,9283
2520,冠德,29,1,28,凱基-北門,2024-03-27,9283
2301,光寶科,27,0,27,凱基-北門,2024-03-27,9283
1786,科妍,26,0,26,凱基-北門,2024-03-27,9283
1460,宏遠,25,0,25,凱基-北門,2024-03-27,9283
6550,北極星藥業-KY,26,3,23,凱基-北門,2024-03-27,9283
00933B,國泰10Y+金融債,20,0,20,凱基-北門,2024-03-27,9283
00632R,元大台灣50反1,20,0,20,凱基-北門,2024-03-27,9283
1319,東陽,16,0,16,凱基-北門,2024-03-27,9283
6235,華孚,15,1,14,凱基-北門,2024-03-27,9283
5222,全訊,15,1,14,凱基-北門,2024-03-27,9283
6770,力積電,17,6,11,凱基-北門,2024-03-27,9283
3037,欣興,11,0,11,凱基-北門,2024-03-27,9283
6743,安普新,11,0,11,凱基-北門,2024-03-27,9283
00751B,元大AAA至A公司債,10,0,10,凱基-北門,2024-03-27,9283
2025,千興,10,0,10,凱基-北門,2024-03-27,9283
4121,優盛,10,0,10,凱基-北門,2024-03-27,9283
8047,星雲,14,4,10,凱基-北門,2024-03-27,9283
2367,燿華,12,3,9,凱基-北門,2024-03-27,9283
2881,富邦金,8,0,8,凱基-北門,2024-03-27,9283
1314,中石化,7,0,7,凱基-北門,2024-03-27,9283
2597,潤弘,7,0,7,凱基-北門,2024-03-27,9283
3042,晶技,6,0,6,凱基-北門,2024-03-27,9283
2417,圓剛,6,0,6,凱基-北門,2024-03-27,9283
00931B,統一美債20年,6,0,6,凱基-北門,2024-03-27,9283
1714,和桐,6,0,6,凱基-北門,2024-03-27,9283
2032,新鋼,6,0,6,凱基-北門,2024-03-27,9283
2049,上銀,9,3,6,凱基-北門,2024-03-27,9283
0056,元大高股息,6,0,6,凱基-北門,2024-03-27,9283
2486,一詮,5,0,5,凱基-北門,2024-03-27,9283
6188,廣明,8,3,5,凱基-北門,2024-03-27,9283
00688L,國泰20年美債正2,5,0,5,凱基-北門,2024-03-27,9283
00753L,中信中國50正2,12,7,5,凱基-北門,2024-03-27,9283
1605,華新,11,6,5,凱基-北門,2024-03-27,9283
2228,劍麟,5,0,5,凱基-北門,2024-03-27,9283
2405,輔信,15,10,5,凱基-北門,2024-03-27,9283
2617,台航,5,0,5,凱基-北門,2024-03-27,9283
2705,六福,5,0,5,凱基-北門,2024-03-27,9283
2886,兆豐金,5,0,5,凱基-北門,2024-03-27,9283
3078,僑威,5,0,5,凱基-北門,2024-03-27,9283
8011,台通,5,0,5,凱基-北門,2024-03-27,9283
6015,宏遠證,5,0,5,凱基-北門,2024-03-27,9283
8092,建暐,4,0,4,凱基-北門,2024-03-27,9283
00706L,期元大S＆P日圓正2,4,0,4,凱基-北門,2024-03-27,9283
1609,大亞,26,22,4,凱基-北門,2024-03-27,9283
1808,潤隆,15,11,4,凱基-北門,2024-03-27,9283
2756,聯發國際,4,0,4,凱基-北門,2024-03-27,9283
2511,太子,195,0,195,凱基-北門,2024-03-28,9283
2883,凱基金,116,29,87,凱基-北門,2024-03-28,9283
2888,新光金,53,0,53,凱基-北門,2024-03-28,9283
00882,中信中國高股息,50,0,50,凱基-北門,2024-03-28,9283
00937B,群益ESG投等債20,35,1,34,凱基-北門,2024-03-28,9283
00939,統一台灣高息動能,64,32,32,凱基-北門,2024-03-28,9283
00919,群益台灣精選高息,47,17,30,凱基-北門,2024-03-28,9283
00751B,元大AAA至A公司債,30,0,30,凱基-北門,2024-03-28,9283
2369,菱生,30,0,30,凱基-北門,2024-03-28,9283
00772B,中信高評級公司債,26,0,26,凱基-北門,2024-03-28,9283
1609,大亞,43,21,22,凱基-北門,2024-03-28,9283
2417,圓剛,20,0,20,凱基-北門,2024-03-28,9283
3706,神達,21,1,20,凱基-北門,2024-03-28,9283
2520,冠德,17,0,17,凱基-北門,2024-03-28,9283
4510,高鋒,21,5,16,凱基-北門,2024-03-28,9283
00706L,期元大S＆P日圓正2,13,0,13,凱基-北門,2024-03-28,9283
00632R,元大台灣50反1,13,0,13,凱基-北門,2024-03-28,9283
9802,鈺齊-KY,13,0,13,凱基-北門,2024-03-28,9283
6770,力積電,15,3,12,凱基-北門,2024-03-28,9283
4916,事欣科,12,0,12,凱基-北門,2024-03-28,9283
1522,堤維西,15,3,12,凱基-北門,2024-03-28,9283
6488,環球晶,10,0,10,凱基-北門,2024-03-28,9283
2228,劍麟,10,0,10,凱基-北門,2024-03-28,9283
2483,百容,10,0,10,凱基-北門,2024-03-28,9283
4707,磐亞,10,0,10,凱基-北門,2024-03-28,9283
6129,普誠,14,4,10,凱基-北門,2024-03-28,9283
6141,柏承,10,0,10,凱基-北門,2024-03-28,9283
1316,上曜,45,35,10,凱基-北門,2024-03-28,9283
2855,統一證,10,1,9,凱基-北門,2024-03-28,9283
1603,華電,17,8,9,凱基-北門,2024-03-28,9283
6282,康舒,8,0,8,凱基-北門,2024-03-28,9283
8086,宏捷科,8,0,8,凱基-北門,2024-03-28,9283
2834,臺企銀,8,0,8,凱基-北門,2024-03-28,9283
2881,富邦金,7,0,7,凱基-北門,2024-03-28,9283
3715,定穎投控,7,0,7,凱基-北門,2024-03-28,9283
2301,光寶科,9,3,6,凱基-北門,2024-03-28,9283
5880,合庫金,6,0,6,凱基-北門,2024-03-28,9283
00941,中信上游半導體,6,0,6,凱基-北門,2024-03-28,9283
2388,威盛,6,0,6,凱基-北門,2024-03-28,9283
2597,潤弘,6,0,6,凱基-北門,2024-03-28,9283
3413,京鼎,5,0,5,凱基-北門,2024-03-28,9283
2603,長榮,14,9,5,凱基-北門,2024-03-28,9283
00650L,復華香港正2,5,0,5,凱基-北門,2024-03-28,9283
00885,富邦越南,5,0,5,凱基-北門,2024-03-28,9283
2467,志聖,7,2,5,凱基-北門,2024-03-28,9283
3325,旭品,9,4,5,凱基-北門,2024-03-28,9283
3576,聯合再生,8,3,5,凱基-北門,2024-03-28,9283
3703,欣陸,5,0,5,凱基-北門,2024-03-28,9283
4979,華星光,5,0,5,凱基-北門,2024-03-28,9283
6257,矽格,9,4,5,凱基-北門,2024-03-28,9283
2317,鴻海,248,116,132,凱基-北門,2024-03-29,9283
8110,華東,104,0,104,凱基-北門,2024-03-29,9283
2511,太子,100,0,100,凱基-北門,2024-03-29,9283
00632R,元大台灣50反1,100,1,99,凱基-北門,2024-03-29,9283
2353,宏��,102,30,72,凱基-北門,2024-03-29,9283
2618,長榮航,51,10,41,凱基-北門,2024-03-29,9283
00933B,國泰10Y+金融債,30,0,30,凱基-北門,2024-03-29,9283
00772B,中信高評級公司債,28,0,28,凱基-北門,2024-03-29,9283
2371,大同,49,22,27,凱基-北門,2024-03-29,9283
00751B,元大AAA至A公司債,25,0,25,凱基-北門,2024-03-29,9283
6141,柏承,24,0,24,凱基-北門,2024-03-29,9283
6477,安集,24,0,24,凱基-北門,2024-03-29,9283
00687B,國泰20年美債,20,0,20,凱基-北門,2024-03-29,9283
9105,泰金寶-DR,20,0,20,凱基-北門,2024-03-29,9283
00941,中信上游半導體,18,0,18,凱基-北門,2024-03-29,9283
2301,光寶科,26,9,17,凱基-北門,2024-03-29,9283
2354,鴻準,25,13,12,凱基-北門,2024-03-29,9283
2417,圓剛,11,0,11,凱基-北門,2024-03-29,9283
5521,工信,11,0,11,凱基-北門,2024-03-29,9283
1785,光洋科,10,0,10,凱基-北門,2024-03-29,9283
4114,健喬,10,0,10,凱基-北門,2024-03-29,9283
00891,中信關鍵半導體,10,0,10,凱基-北門,2024-03-29,9283
2884,玉山金,10,0,10,凱基-北門,2024-03-29,9283
2889,國票金,10,0,10,凱基-北門,2024-03-29,9283
2834,臺企銀,9,0,9,凱基-北門,2024-03-29,9283
2388,威盛,9,0,9,凱基-北門,2024-03-29,9283
4303,信立,13,4,9,凱基-北門,2024-03-29,9283
00939,統一台灣高息動能,25,17,8,凱基-北門,2024-03-29,9283
1608,華榮,8,0,8,凱基-北門,2024-03-29,9283
2025,千興,12,5,7,凱基-北門,2024-03-29,9283
2324,仁寶,12,5,7,凱基-北門,2024-03-29,9283
3015,全漢,21,14,7,凱基-北門,2024-03-29,9283
3066,李洲,7,0,7,凱基-北門,2024-03-29,9283
4915,致伸,6,0,6,凱基-北門,2024-03-29,9283
00919,群益台灣精選高息,23,17,6,凱基-北門,2024-03-29,9283
2337,旺宏,6,1,5,凱基-北門,2024-03-29,9283
5388,中磊,5,0,5,凱基-北門,2024-03-29,9283
00882,中信中國高股息,5,0,5,凱基-北門,2024-03-29,9283
00673R,期元大S＆P原油反1,5,0,5,凱基-北門,2024-03-29,9283
1319,東陽,10,5,5,凱基-北門,2024-03-29,9283
1727,中華化,5,0,5,凱基-北門,2024-03-29,9283
2520,冠德,5,0,5,凱基-北門,2024-03-29,9283
3006,晶豪科,5,0,5,凱基-北門,2024-03-29,9283
4121,優盛,5,0,5,凱基-北門,2024-03-29,9283
6257,矽格,12,7,5,凱基-北門,2024-03-29,9283
6416,瑞祺電通,5,0,5,凱基-北門,2024-03-29,9283
4562,穎漢,6,1,5,凱基-北門,2024-03-29,9283
6176,瑞儀,6,2,4,凱基-北門,2024-03-29,9283
2331,精英,4,0,4,凱基-北門,2024-03-29,9283
2363,矽統,4,0,4,凱基-北門,2024-03-29,9283
00940,元大台灣價值高息,1062,566,496,凱基-北門,2024-04-01,9283
3231,緯創,149,36,113,凱基-北門,2024-04-01,9283
00673R,期元大S＆P原油反1,105,0,105,凱基-北門,2024-04-01,9283
2618,長榮航,56,4,52,凱基-北門,2024-04-01,9283
2834,臺企銀,42,2,40,凱基-北門,2024-04-01,9283
3015,全漢,36,3,33,凱基-北門,2024-04-01,9283
2353,宏��,31,1,30,凱基-北門,2024-04-01,9283
00919,群益台灣精選高息,26,0,26,凱基-北門,2024-04-01,9283
3294,英濟,54,28,26,凱基-北門,2024-04-01,9283
6207,雷科,24,1,23,凱基-北門,2024-04-01,9283
00937B,群益ESG投等債20,21,0,21,凱基-北門,2024-04-01,9283
2382,廣達,87,68,19,凱基-北門,2024-04-01,9283
2885,元大金,15,0,15,凱基-北門,2024-04-01,9283
00939,統一台灣高息動能,16,4,12,凱基-北門,2024-04-01,9283
00929,復華台灣科技優息,12,0,12,凱基-北門,2024-04-01,9283
1609,大亞,13,2,11,凱基-北門,2024-04-01,9283
2352,佳世達,13,2,11,凱基-北門,2024-04-01,9283
2851,中再保,12,1,11,凱基-北門,2024-04-01,9283
8049,晶采,11,0,11,凱基-北門,2024-04-01,9283
2406,國碩,10,0,10,凱基-北門,2024-04-01,9283
2880,華南金,10,0,10,凱基-北門,2024-04-01,9283
5471,松翰,12,2,10,凱基-北門,2024-04-01,9283
6015,宏遠證,10,0,10,凱基-北門,2024-04-01,9283
6166,凌華,10,0,10,凱基-北門,2024-04-01,9283
5351,鈺創,11,2,9,凱基-北門,2024-04-01,9283
8054,安國,9,1,8,凱基-北門,2024-04-01,9283
2301,光寶科,9,2,7,凱基-北門,2024-04-01,9283
6197,佳必琪,8,1,7,凱基-北門,2024-04-01,9283
00687B,國泰20年美債,6,0,6,凱基-北門,2024-04-01,9283
00941,中信上游半導體,8,2,6,凱基-北門,2024-04-01,9283
2408,南亞科,7,1,6,凱基-北門,2024-04-01,9283
5876,上海商銀,6,0,6,凱基-北門,2024-04-01,9283
2603,長榮,9,3,6,凱基-北門,2024-04-01,9283
2308,台達電,7,2,5,凱基-北門,2024-04-01,9283
6683,雍智科技,5,0,5,凱基-北門,2024-04-01,9283
00646,元大S＆P500,5,0,5,凱基-北門,2024-04-01,9283
00688L,國泰20年美債正2,5,0,5,凱基-北門,2024-04-01,9283
2201,裕隆,5,0,5,凱基-北門,2024-04-01,9283
2460,建通,5,0,5,凱基-北門,2024-04-01,9283
3489,森寶,5,0,5,凱基-北門,2024-04-01,9283
4938,和碩,6,1,5,凱基-北門,2024-04-01,9283
8086,宏捷科,6,1,5,凱基-北門,2024-04-01,9283
3016,嘉晶,8,3,5,凱基-北門,2024-04-01,9283
9921,巨大,4,0,4,凱基-北門,2024-04-01,9283
8183,精星,4,0,4,凱基-北門,2024-04-01,9283
00719B,元大美債1-3,4,0,4,凱基-北門,2024-04-01,9283
1504,東元,24,20,4,凱基-北門,2024-04-01,9283
2527,宏璟,4,0,4,凱基-北門,2024-04-01,9283
3032,偉訓,7,3,4,凱基-北門,2024-04-01,9283
5607,遠雄港,4,0,4,凱基-北門,2024-04-01,9283
2888,新光金,309,1,308,凱基-北門,2024-04-02,9283
00937B,群益ESG投等債20,266,0,266,凱基-北門,2024-04-02,9283
2515,中工,163,46,117,凱基-北門,2024-04-02,9283
00929,復華台灣科技優息,122,5,117,凱基-北門,2024-04-02,9283
2618,長榮航,84,11,73,凱基-北門,2024-04-02,9283
6207,雷科,71,4,67,凱基-北門,2024-04-02,9283
2867,三商壽,40,0,40,凱基-北門,2024-04-02,9283
3231,緯創,48,10,38,凱基-北門,2024-04-02,9283
00687B,國泰20年美債,44,7,37,凱基-北門,2024-04-02,9283
4526,東台,30,0,30,凱基-北門,2024-04-02,9283
3703,欣陸,30,5,25,凱基-北門,2024-04-02,9283
8096,擎亞,25,3,22,凱基-北門,2024-04-02,9283
00679B,元大美債20年,31,10,21,凱基-北門,2024-04-02,9283
00940,元大台灣價值高息,129,109,20,凱基-北門,2024-04-02,9283
2408,南亞科,23,6,17,凱基-北門,2024-04-02,9283
2002,中鋼,24,8,16,凱基-北門,2024-04-02,9283
00655L,國泰中國A50正2,15,0,15,凱基-北門,2024-04-02,9283
8054,安國,23,9,14,凱基-北門,2024-04-02,9283
00751B,元大AAA至A公司債,18,5,13,凱基-北門,2024-04-02,9283
6550,北極星藥業-KY,13,0,13,凱基-北門,2024-04-02,9283
00673R,期元大S＆P原油反1,12,0,12,凱基-北門,2024-04-02,9283
00715L,期街口布蘭特正2,10,0,10,凱基-北門,2024-04-02,9283
00753L,中信中國50正2,15,5,10,凱基-北門,2024-04-02,9283
2425,承啟,10,0,10,凱基-北門,2024-04-02,9283
2855,統一證,10,0,10,凱基-北門,2024-04-02,9283
3294,英濟,15,5,10,凱基-北門,2024-04-02,9283
5392,能率,10,0,10,凱基-北門,2024-04-02,9283
2371,大同,31,22,9,凱基-北門,2024-04-02,9283
6127,九豪,9,0,9,凱基-北門,2024-04-02,9283
9919,康那香,9,0,9,凱基-北門,2024-04-02,9283
3213,茂訊,8,0,8,凱基-北門,2024-04-02,9283
3010,華立,15,7,8,凱基-北門,2024-04-02,9283
0056,元大高股息,10,4,6,凱基-北門,2024-04-02,9283
2516,新建,6,0,6,凱基-北門,2024-04-02,9283
6166,凌華,6,0,6,凱基-北門,2024-04-02,9283
6477,安集,6,0,6,凱基-北門,2024-04-02,9283
5880,合庫金,10,5,5,凱基-北門,2024-04-02,9283
2481,強茂,5,0,5,凱基-北門,2024-04-02,9283
00921,兆豐龍頭等權重,5,0,5,凱基-北門,2024-04-02,9283
1201,味全,5,0,5,凱基-北門,2024-04-02,9283
1409,新纖,5,0,5,凱基-北門,2024-04-02,9283
1524,耿鼎,5,0,5,凱基-北門,2024-04-02,9283
1603,華電,5,0,5,凱基-北門,2024-04-02,9283
2228,劍麟,5,0,5,凱基-北門,2024-04-02,9283
2880,華南金,10,5,5,凱基-北門,2024-04-02,9283
3622,洋華,5,0,5,凱基-北門,2024-04-02,9283
6187,萬潤,6,1,5,凱基-北門,2024-04-02,9283
2882,國泰金,5,0,5,凱基-北門,2024-04-02,9283
4303,信立,4,0,4,凱基-北門,2024-04-02,9283
00719B,元大美債1-3,4,0,4,凱基-北門,2024-04-02,9283
2888,新光金,446,0,446,凱基-北門,2024-04-03,9283
2511,太子,300,0,300,凱基-北門,2024-04-03,9283
00937B,群益ESG投等債20,203,0,203,凱基-北門,2024-04-03,9283
00940,元大台灣價值高息,354,154,200,凱基-北門,2024-04-03,9283
6207,雷科,159,34,125,凱基-北門,2024-04-03,9283
2601,益航,100,0,100,凱基-北門,2024-04-03,9283
00687B,國泰20年美債,61,0,61,凱基-北門,2024-04-03,9283
00680L,元大美債20正2,54,0,54,凱基-北門,2024-04-03,9283
00929,復華台灣科技優息,54,0,54,凱基-北門,2024-04-03,9283
00927,群益半導體收益,53,0,53,凱基-北門,2024-04-03,9283
1609,大亞,55,19,36,凱基-北門,2024-04-03,9283
00919,群益台灣精選高息,30,0,30,凱基-北門,2024-04-03,9283
00655L,國泰中國A50正2,25,2,23,凱基-北門,2024-04-03,9283
2388,威盛,21,1,20,凱基-北門,2024-04-03,9283
0056,元大高股息,24,4,20,凱基-北門,2024-04-03,9283
00679B,元大美債20年,19,0,19,凱基-北門,2024-04-03,9283
00772B,中信高評級公司債,16,0,16,凱基-北門,2024-04-03,9283
2618,長榮航,16,0,16,凱基-北門,2024-04-03,9283
6288,聯嘉,46,30,16,凱基-北門,2024-04-03,9283
00773B,中信優先金融債,15,0,15,凱基-北門,2024-04-03,9283
00751B,元大AAA至A公司債,15,0,15,凱基-北門,2024-04-03,9283
6770,力積電,15,0,15,凱基-北門,2024-04-03,9283
1802,台玻,12,0,12,凱基-北門,2024-04-03,9283
2201,裕隆,12,0,12,凱基-北門,2024-04-03,9283
2884,玉山金,13,1,12,凱基-北門,2024-04-03,9283
3037,欣興,12,1,11,凱基-北門,2024-04-03,9283
8047,星雲,11,0,11,凱基-北門,2024-04-03,9283
9105,泰金寶-DR,11,0,11,凱基-北門,2024-04-03,9283
2880,華南金,10,0,10,凱基-北門,2024-04-03,9283
2610,華航,10,0,10,凱基-北門,2024-04-03,9283
2845,遠東銀,10,0,10,凱基-北門,2024-04-03,9283
3466,德晉,10,0,10,凱基-北門,2024-04-03,9283
3617,碩天,10,0,10,凱基-北門,2024-04-03,9283
5905,南仁湖,10,0,10,凱基-北門,2024-04-03,9283
2892,第一金,9,0,9,凱基-北門,2024-04-03,9283
3010,華立,12,4,8,凱基-北門,2024-04-03,9283
2886,兆豐金,8,0,8,凱基-北門,2024-04-03,9283
3346,麗清,8,0,8,凱基-北門,2024-04-03,9283
6213,聯茂,10,2,8,凱基-北門,2024-04-03,9283
2481,強茂,7,0,7,凱基-北門,2024-04-03,9283
00720B,元大投資級公司債,7,0,7,凱基-北門,2024-04-03,9283
6112,邁達特,7,0,7,凱基-北門,2024-04-03,9283
6695,芯鼎,10,3,7,凱基-北門,2024-04-03,9283
2382,廣達,12,5,7,凱基-北門,2024-04-03,9283
00941,中信上游半導體,9,3,6,凱基-北門,2024-04-03,9283
6187,萬潤,7,1,6,凱基-北門,2024-04-03,9283
2408,南亞科,6,0,6,凱基-北門,2024-04-03,9283
1201,味全,5,0,5,凱基-北門,2024-04-03,9283
3049,精金,5,0,5,凱基-北門,2024-04-03,9283
00675L,富邦臺灣加權正2,5,0,5,凱基-北門,2024-04-03,9283
00937B,群益ESG投等債20,254,0,254,凱基-北門,2024-04-08,9283
2317,鴻海,82,13,69,凱基-北門,2024-04-08,9283
2527,宏璟,62,0,62,凱基-北門,2024-04-08,9283
00687B,國泰20年美債,59,0,59,凱基-北門,2024-04-08,9283
00679B,元大美債20年,64,10,54,凱基-北門,2024-04-08,9283
8215,明基材,46,0,46,凱基-北門,2024-04-08,9283
2009,第一銅,39,5,34,凱基-北門,2024-04-08,9283
00903,富邦元宇宙,32,0,32,凱基-北門,2024-04-08,9283
00795B,中信美國公債20年,31,0,31,凱基-北門,2024-04-08,9283
3027,盛達,28,0,28,凱基-北門,2024-04-08,9283
3231,緯創,148,122,26,凱基-北門,2024-04-08,9283
2356,英業達,37,11,26,凱基-北門,2024-04-08,9283
3059,華晶科,23,2,21,凱基-北門,2024-04-08,9283
2888,新光金,19,2,17,凱基-北門,2024-04-08,9283
1316,上曜,17,0,17,凱基-北門,2024-04-08,9283
2014,中鴻,15,0,15,凱基-北門,2024-04-08,9283
8054,安國,22,7,15,凱基-北門,2024-04-08,9283
4746,台耀,16,3,13,凱基-北門,2024-04-08,9283
00927,群益半導體收益,12,0,12,凱基-北門,2024-04-08,9283
2855,統一證,22,10,12,凱基-北門,2024-04-08,9283
6235,華孚,11,0,11,凱基-北門,2024-04-08,9283
00753L,中信中國50正2,10,0,10,凱基-北門,2024-04-08,9283
1528,恩德,10,0,10,凱基-北門,2024-04-08,9283
2405,輔信,10,0,10,凱基-北門,2024-04-08,9283
2887,台新金,10,0,10,凱基-北門,2024-04-08,9283
3052,夆典,10,0,10,凱基-北門,2024-04-08,9283
3617,碩天,10,0,10,凱基-北門,2024-04-08,9283
6438,迅得,11,2,9,凱基-北門,2024-04-08,9283
6207,雷科,35,26,9,凱基-北門,2024-04-08,9283
3211,順達,8,0,8,凱基-北門,2024-04-08,9283
00655L,國泰中國A50正2,40,32,8,凱基-北門,2024-04-08,9283
00751B,元大AAA至A公司債,12,4,8,凱基-北門,2024-04-08,9283
2337,旺宏,8,0,8,凱基-北門,2024-04-08,9283
2501,國建,18,10,8,凱基-北門,2024-04-08,9283
3322,建舜電,8,0,8,凱基-北門,2024-04-08,9283
8358,金居,9,1,8,凱基-北門,2024-04-08,9283
00941,中信上游半導體,9,1,8,凱基-北門,2024-04-08,9283
2460,建通,7,0,7,凱基-北門,2024-04-08,9283
6120,達運,13,6,7,凱基-北門,2024-04-08,9283
00878,國泰永續高股息,13,6,7,凱基-北門,2024-04-08,9283
2383,台光電,11,4,7,凱基-北門,2024-04-08,9283
2449,京元電子,6,0,6,凱基-北門,2024-04-08,9283
6550,北極星藥業-KY,6,0,6,凱基-北門,2024-04-08,9283
00720B,元大投資級公司債,5,0,5,凱基-北門,2024-04-08,9283
2618,長榮航,5,0,5,凱基-北門,2024-04-08,9283
4306,炎洲,5,0,5,凱基-北門,2024-04-08,9283
1527,鑽全,5,0,5,凱基-北門,2024-04-08,9283
00894,中信小資高價30,5,0,5,凱基-北門,2024-04-08,9283
00673R,期元大S＆P原油反1,5,0,5,凱基-北門,2024-04-08,9283
00665L,富邦�琤肭磪囓�2,6,1,5,凱基-北門,2024-04-08,9283
00941,中信上游半導體,301,0,301,凱基-北門,2024-04-09,9283
6016,康和證,150,0,150,凱基-北門,2024-04-09,9283
00715L,期街口布蘭特正2,145,20,125,凱基-北門,2024-04-09,9283
00632R,元大台灣50反1,81,0,81,凱基-北門,2024-04-09,9283
2354,鴻準,62,1,61,凱基-北門,2024-04-09,9283
00929,復華台灣科技優息,42,0,42,凱基-北門,2024-04-09,9283
0056,元大高股息,41,2,39,凱基-北門,2024-04-09,9283
3231,緯創,286,247,39,凱基-北門,2024-04-09,9283
3481,群創,30,3,27,凱基-北門,2024-04-09,9283
2883B,凱基金乙特,25,0,25,凱基-北門,2024-04-09,9283
6207,雷科,46,22,24,凱基-北門,2024-04-09,9283
2313,華通,23,1,22,凱基-北門,2024-04-09,9283
6005,群益證,27,6,21,凱基-北門,2024-04-09,9283
2483,百容,20,0,20,凱基-北門,2024-04-09,9283
1618,合機,20,2,18,凱基-北門,2024-04-09,9283
2027,大成鋼,26,8,18,凱基-北門,2024-04-09,9283
1316,上曜,16,0,16,凱基-北門,2024-04-09,9283
1785,光洋科,18,3,15,凱基-北門,2024-04-09,9283
9955,佳龍,16,3,13,凱基-北門,2024-04-09,9283
00680L,元大美債20正2,12,0,12,凱基-北門,2024-04-09,9283
6806,森崴能源,14,3,11,凱基-北門,2024-04-09,9283
00878,國泰永續高股息,11,0,11,凱基-北門,2024-04-09,9283
2301,光寶科,11,0,11,凱基-北門,2024-04-09,9283
3622,洋華,12,1,11,凱基-北門,2024-04-09,9283
6578,達邦蛋白,12,1,11,凱基-北門,2024-04-09,9283
3260,威剛,24,13,11,凱基-北門,2024-04-09,9283
00919,群益台灣精選高息,13,3,10,凱基-北門,2024-04-09,9283
1504,東元,11,0,11,凱基-北門,2024-04-09,9283
5388,中磊,10,0,10,凱基-北門,2024-04-09,9283
6188,廣明,10,0,10,凱基-北門,2024-04-09,9283
00930,永豐ESG低碳高息,10,0,10,凱基-北門,2024-04-09,9283
1312,國喬,10,0,10,凱基-北門,2024-04-09,9283
3322,建舜電,10,0,10,凱基-北門,2024-04-09,9283
6189,豐藝,14,4,10,凱基-北門,2024-04-09,9283
8054,安國,20,10,10,凱基-北門,2024-04-09,9283
00687B,國泰20年美債,9,0,9,凱基-北門,2024-04-09,9283
8936,國統,9,0,9,凱基-北門,2024-04-09,9283
6120,達運,8,0,8,凱基-北門,2024-04-09,9283
2316,楠梓電,8,0,8,凱基-北門,2024-04-09,9283
3209,全科,8,0,8,凱基-北門,2024-04-09,9283
5443,均豪,17,9,8,凱基-北門,2024-04-09,9283
00830,國泰費城半導體,7,0,7,凱基-北門,2024-04-09,9283
2017,官田鋼,7,0,7,凱基-北門,2024-04-09,9283
2610,華航,7,0,7,凱基-北門,2024-04-09,9283
6187,萬潤,7,0,7,凱基-北門,2024-04-09,9283
00937B,群益ESG投等債20,27,21,6,凱基-北門,2024-04-09,9283
2504,國產,6,0,6,凱基-北門,2024-04-09,9283
2527,宏璟,6,0,6,凱基-北門,2024-04-09,9283
8110,華東,6,0,6,凱基-北門,2024-04-09,9283
2329,華泰,7,1,6,凱基-北門,2024-04-09,9283
00715L,期街口布蘭特正2,185,1,184,凱基-北門,2024-04-10,9283
2618,長榮航,152,3,149,凱基-北門,2024-04-10,9283
2867,三商壽,100,0,100,凱基-北門,2024-04-10,9283
2888,新光金,206,111,95,凱基-北門,2024-04-10,9283
6207,雷科,87,0,87,凱基-北門,2024-04-10,9283
6546,正基,71,0,71,凱基-北門,2024-04-10,9283
3231,緯創,82,12,70,凱基-北門,2024-04-10,9283
2317,鴻海,87,28,59,凱基-北門,2024-04-10,9283
00937B,群益ESG投等債20,59,0,59,凱基-北門,2024-04-10,9283
2367,燿華,63,4,59,凱基-北門,2024-04-10,9283
4173,久裕,40,0,40,凱基-北門,2024-04-10,9283
3294,英濟,27,0,27,凱基-北門,2024-04-10,9283
2501,國建,27,1,26,凱基-北門,2024-04-10,9283
2376,技嘉,35,13,22,凱基-北門,2024-04-10,9283
2634,漢翔,38,16,22,凱基-北門,2024-04-10,9283
00915,凱基優選高股息30,21,0,21,凱基-北門,2024-04-10,9283
3015,全漢,21,4,17,凱基-北門,2024-04-10,9283
6026,福邦證,17,0,17,凱基-北門,2024-04-10,9283
2002,中鋼,17,2,15,凱基-北門,2024-04-10,9283
00897,富邦基因免疫生技,15,0,15,凱基-北門,2024-04-10,9283
4114,健喬,15,0,15,凱基-北門,2024-04-10,9283
6841,長佳智能,18,3,15,凱基-北門,2024-04-10,9283
1608,華榮,14,1,13,凱基-北門,2024-04-10,9283
6005,群益證,15,2,13,凱基-北門,2024-04-10,9283
3663,鑫科,12,0,12,凱基-北門,2024-04-10,9283
6016,康和證,12,0,12,凱基-北門,2024-04-10,9283
1909,榮成,10,0,10,凱基-北門,2024-04-10,9283
3704,合勤控,10,0,10,凱基-北門,2024-04-10,9283
3715,定穎投控,11,1,10,凱基-北門,2024-04-10,9283
00687B,國泰20年美債,10,1,9,凱基-北門,2024-04-10,9283
2007,燁興,10,1,9,凱基-北門,2024-04-10,9283
2354,鴻準,12,3,9,凱基-北門,2024-04-10,9283
2498,宏達電,10,1,9,凱基-北門,2024-04-10,9283
3597,映興,14,5,9,凱基-北門,2024-04-10,9283
2883,凱基金,8,0,8,凱基-北門,2024-04-10,9283
2597,潤弘,8,0,8,凱基-北門,2024-04-10,9283
3481,群創,8,0,8,凱基-北門,2024-04-10,9283
6188,廣明,8,0,8,凱基-北門,2024-04-10,9283
00733,富邦臺灣中小,7,0,7,凱基-北門,2024-04-10,9283
6177,達麗,8,1,7,凱基-北門,2024-04-10,9283
6443,元晶,16,9,7,凱基-北門,2024-04-10,9283
2308,台達電,6,0,6,凱基-北門,2024-04-10,9283
2383,台光電,11,5,6,凱基-北門,2024-04-10,9283
2892,第一金,6,0,6,凱基-北門,2024-04-10,9283
4916,事欣科,10,4,6,凱基-北門,2024-04-10,9283
5498,凱崴,6,0,6,凱基-北門,2024-04-10,9283
1513,中興電,18,13,5,凱基-北門,2024-04-10,9283
2609,陽明,8,3,5,凱基-北門,2024-04-10,9283
00885,富邦越南,5,0,5,凱基-北門,2024-04-10,9283
1527,鑽全,5,0,5,凱基-北門,2024-04-10,9283
00680L,元大美債20正2,451,18,433,凱基-北門,2024-04-11,9283
00937B,群益ESG投等債20,111,0,111,凱基-北門,2024-04-11,9283
00712,復華富時不動產,78,3,75,凱基-北門,2024-04-11,9283
1319,東陽,60,0,60,凱基-北門,2024-04-11,9283
00929,復華台灣科技優息,59,5,54,凱基-北門,2024-04-11,9283
00679B,元大美債20年,53,0,53,凱基-北門,2024-04-11,9283
2506,太設,52,3,49,凱基-北門,2024-04-11,9283
6235,華孚,41,2,39,凱基-北門,2024-04-11,9283
00687B,國泰20年美債,46,8,38,凱基-北門,2024-04-11,9283
00940,元大台灣價值高息,69,33,36,凱基-北門,2024-04-11,9283
3481,群創,64,31,33,凱基-北門,2024-04-11,9283
4744,皇將,30,0,30,凱基-北門,2024-04-11,9283
2464,盟立,35,10,25,凱基-北門,2024-04-11,9283
3294,英濟,25,0,25,凱基-北門,2024-04-11,9283
00927,群益半導體收益,20,0,20,凱基-北門,2024-04-11,9283
0056,元大高股息,17,0,17,凱基-北門,2024-04-11,9283
00907,永豐優息存股,16,0,16,凱基-北門,2024-04-11,9283
2537,聯上發,19,3,16,凱基-北門,2024-04-11,9283
00751B,元大AAA至A公司債,15,0,15,凱基-北門,2024-04-11,9283
00772B,中信高評級公司債,14,0,14,凱基-北門,2024-04-11,9283
8033,雷虎,13,0,13,凱基-北門,2024-04-11,9283
3704,合勤控,12,0,12,凱基-北門,2024-04-11,9283
2354,鴻準,15,3,12,凱基-北門,2024-04-11,9283
00795B,中信美國公債20年,11,0,11,凱基-北門,2024-04-11,9283
2520,冠德,11,0,11,凱基-北門,2024-04-11,9283
3092,鴻碩,11,0,11,凱基-北門,2024-04-11,9283
00905,FT臺灣Smart,10,0,10,凱基-北門,2024-04-11,9283
00881,國泰台灣5G+,10,0,10,凱基-北門,2024-04-11,9283
3712,永崴投控,11,1,10,凱基-北門,2024-04-11,9283
8105,凌巨,10,0,10,凱基-北門,2024-04-11,9283
00895,富邦未來車,10,1,9,凱基-北門,2024-04-11,9283
2460,建通,9,0,9,凱基-北門,2024-04-11,9283
5245,智晶,9,0,9,凱基-北門,2024-04-11,9283
6215,和椿,10,1,9,凱基-北門,2024-04-11,9283
3576,聯合再生,13,5,8,凱基-北門,2024-04-11,9283
00931B,統一美債20年,8,0,8,凱基-北門,2024-04-11,9283
6770,力積電,8,0,8,凱基-北門,2024-04-11,9283
4533,協易機,43,35,8,凱基-北門,2024-04-11,9283
3231,緯創,9,1,8,凱基-北門,2024-04-11,9283
00720B,元大投資級公司債,7,0,7,凱基-北門,2024-04-11,9283
2316,楠梓電,7,0,7,凱基-北門,2024-04-11,9283
8096,擎亞,8,1,7,凱基-北門,2024-04-11,9283
6120,達運,7,1,6,凱基-北門,2024-04-11,9283
8088,品安,15,9,6,凱基-北門,2024-04-11,9283
3033,威健,6,0,6,凱基-北門,2024-04-11,9283
1467,南緯,6,0,6,凱基-北門,2024-04-11,9283
6207,雷科,12,6,6,凱基-北門,2024-04-11,9283
6284,佳邦,5,0,5,凱基-北門,2024-04-11,9283
3363,上詮,7,2,5,凱基-北門,2024-04-11,9283
00688L,國泰20年美債正2,5,0,5,凱基-北門,2024-04-11,9283
2867,三商壽,70,21,49,凱基-北門,2024-04-12,9283
8047,星雲,43,0,43,凱基-北門,2024-04-12,9283
2501,國建,40,1,39,凱基-北門,2024-04-12,9283
00687B,國泰20年美債,32,0,32,凱基-北門,2024-04-12,9283
00715L,期街口布蘭特正2,48,20,28,凱基-北門,2024-04-12,9283
6141,柏承,26,0,26,凱基-北門,2024-04-12,9283
00929,復華台灣科技優息,26,0,26,凱基-北門,2024-04-12,9283
2618,長榮航,27,2,25,凱基-北門,2024-04-12,9283
2409,友達,41,20,21,凱基-北門,2024-04-12,9283
2353,宏��,47,27,20,凱基-北門,2024-04-12,9283
2002,中鋼,23,3,20,凱基-北門,2024-04-12,9283
1603,華電,25,5,20,凱基-北門,2024-04-12,9283
6443,元晶,21,1,20,凱基-北門,2024-04-12,9283
2382,廣達,20,4,16,凱基-北門,2024-04-12,9283
2352,佳世達,15,1,14,凱基-北門,2024-04-12,9283
00933B,國泰10Y+金融債,18,6,12,凱基-北門,2024-04-12,9283
00688L,國泰20年美債正2,12,0,12,凱基-北門,2024-04-12,9283
2527,宏璟,12,0,12,凱基-北門,2024-04-12,9283
5608,四維航,13,1,12,凱基-北門,2024-04-12,9283
00712,復華富時不動產,11,0,11,凱基-北門,2024-04-12,9283
2408,南亞科,20,9,11,凱基-北門,2024-04-12,9283
2025,千興,11,0,11,凱基-北門,2024-04-12,9283
00679B,元大美債20年,13,3,10,凱基-北門,2024-04-12,9283
00706L,期元大S＆P日圓正2,10,0,10,凱基-北門,2024-04-12,9283
1540,喬福,10,0,10,凱基-北門,2024-04-12,9283
2801,彰銀,10,0,10,凱基-北門,2024-04-12,9283
6217,中探針,10,0,10,凱基-北門,2024-04-12,9283
2317,鴻海,24,14,10,凱基-北門,2024-04-12,9283
00878,國泰永續高股息,8,0,8,凱基-北門,2024-04-12,9283
00919,群益台灣精選高息,14,6,8,凱基-北門,2024-04-12,9283
00670L,富邦NASDAQ正2,8,0,8,凱基-北門,2024-04-12,9283
1605,華新,17,9,8,凱基-北門,2024-04-12,9283
2324,仁寶,8,0,8,凱基-北門,2024-04-12,9283
3705,永信,9,1,8,凱基-北門,2024-04-12,9283
6125,廣運,10,3,7,凱基-北門,2024-04-12,9283
00795B,中信美國公債20年,7,0,7,凱基-北門,2024-04-12,9283
00650L,復華香港正2,7,0,7,凱基-北門,2024-04-12,9283
8086,宏捷科,8,1,7,凱基-北門,2024-04-12,9283
2537,聯上發,7,1,6,凱基-北門,2024-04-12,9283
3669,圓展,6,0,6,凱基-北門,2024-04-12,9283
3706,神達,6,0,6,凱基-北門,2024-04-12,9283
00753L,中信中國50正2,5,0,5,凱基-北門,2024-04-12,9283
00751B,元大AAA至A公司債,6,1,5,凱基-北門,2024-04-12,9283
1584,精剛,5,0,5,凱基-北門,2024-04-12,9283
3046,建��,5,0,5,凱基-北門,2024-04-12,9283
3227,原相,5,0,5,凱基-北門,2024-04-12,9283
4938,和碩,15,10,5,凱基-北門,2024-04-12,9283
5452,佶優,5,0,5,凱基-北門,2024-04-12,9283
3038,全台,5,0,5,凱基-北門,2024-04-12,9283
2329,華泰,6,1,5,凱基-北門,2024-04-12,9283
3481,群創,123,2,121,凱基-北門,2024-04-15,9283
6116,彩晶,100,0,100,凱基-北門,2024-04-15,9283
00676R,富邦臺灣加權反1,80,0,80,凱基-北門,2024-04-15,9283
00929,復華台灣科技優息,82,15,67,凱基-北門,2024-04-15,9283
00940,元大台灣價值高息,74,11,63,凱基-北門,2024-04-15,9283
3027,盛達,70,8,62,凱基-北門,2024-04-15,9283
00937B,群益ESG投等債20,47,0,47,凱基-北門,2024-04-15,9283
00878,國泰永續高股息,40,4,36,凱基-北門,2024-04-15,9283
8936,國統,33,1,32,凱基-北門,2024-04-15,9283
00706L,期元大S＆P日圓正2,31,0,31,凱基-北門,2024-04-15,9283
00712,復華富時不動產,32,2,30,凱基-北門,2024-04-15,9283
5488,松普,29,0,29,凱基-北門,2024-04-15,9283
1605,華新,51,25,26,凱基-北門,2024-04-15,9283
00933B,國泰10Y+金融債,24,0,24,凱基-北門,2024-04-15,9283
2330,台積電,27,4,23,凱基-北門,2024-04-15,9283
4109,加捷生醫,23,0,23,凱基-北門,2024-04-15,9283
3260,威剛,38,16,22,凱基-北門,2024-04-15,9283
1453,大將,21,0,21,凱基-北門,2024-04-15,9283
3583,辛耘,22,2,20,凱基-北門,2024-04-15,9283
2032,新鋼,20,0,20,凱基-北門,2024-04-15,9283
2409,友達,20,0,20,凱基-北門,2024-04-15,9283
2501,國建,20,0,20,凱基-北門,2024-04-15,9283
2406,國碩,20,1,19,凱基-北門,2024-04-15,9283
00885,富邦越南,19,0,19,凱基-北門,2024-04-15,9283
00881,國泰台灣5G+,19,0,19,凱基-北門,2024-04-15,9283
8349,�矬�,18,0,18,凱基-北門,2024-04-15,9283
2371,大同,58,40,18,凱基-北門,2024-04-15,9283
0056,元大高股息,18,1,17,凱基-北門,2024-04-15,9283
1513,中興電,46,29,17,凱基-北門,2024-04-15,9283
4916,事欣科,16,0,16,凱基-北門,2024-04-15,9283
2836,高雄銀,15,0,15,凱基-北門,2024-04-15,9283
1504,東元,24,10,14,凱基-北門,2024-04-15,9283
6505,台塑化,14,0,14,凱基-北門,2024-04-15,9283
00751B,元大AAA至A公司債,13,0,13,凱基-北門,2024-04-15,9283
2356,英業達,16,4,12,凱基-北門,2024-04-15,9283
00927,群益半導體收益,12,0,12,凱基-北門,2024-04-15,9283
2367,燿華,42,30,12,凱基-北門,2024-04-15,9283
3037,欣興,12,1,11,凱基-北門,2024-04-15,9283
00772B,中信高評級公司債,11,0,11,凱基-北門,2024-04-15,9283
6239,力成,14,3,11,凱基-北門,2024-04-15,9283
4541,晟田,11,0,11,凱基-北門,2024-04-15,9283
3548,兆利,10,0,10,凱基-北門,2024-04-15,9283
00664R,國泰臺灣加權反1,10,0,10,凱基-北門,2024-04-15,9283
1568,倉佑,10,0,10,凱基-北門,2024-04-15,9283
2605,新興,10,0,10,凱基-北門,2024-04-15,9283
2611,志信,10,0,10,凱基-北門,2024-04-15,9283
2640,大車隊,10,0,10,凱基-北門,2024-04-15,9283
5392,能率,10,0,10,凱基-北門,2024-04-15,9283
2303,聯電,9,0,9,凱基-北門,2024-04-15,9283
1608,華榮,24,15,9,凱基-北門,2024-04-15,9283
00937B,群益ESG投等債20,315,20,295,凱基-北門,2024-04-16,9283
00940,元大台灣價值高息,270,50,220,凱基-北門,2024-04-16,9283
00753L,中信中國50正2,200,3,197,凱基-北門,2024-04-16,9283
2867,三商壽,311,151,160,凱基-北門,2024-04-16,9283
00939,統一台灣高息動能,234,107,127,凱基-北門,2024-04-16,9283
00919,群益台灣精選高息,132,20,112,凱基-北門,2024-04-16,9283
3027,盛達,140,39,101,凱基-北門,2024-04-16,9283
6182,合晶,100,0,100,凱基-北門,2024-04-16,9283
2897,王道銀行,94,2,92,凱基-北門,2024-04-16,9283
0056,元大高股息,109,42,67,凱基-北門,2024-04-16,9283
00918,大華優利高填息30,63,0,63,凱基-北門,2024-04-16,9283
00929,復華台灣科技優息,88,25,63,凱基-北門,2024-04-16,9283
2836,高雄銀,51,0,51,凱基-北門,2024-04-16,9283
1718,中纖,50,0,50,凱基-北門,2024-04-16,9283
00885,富邦越南,61,19,42,凱基-北門,2024-04-16,9283
1522,堤維西,40,0,40,凱基-北門,2024-04-16,9283
2483,百容,40,0,40,凱基-北門,2024-04-16,9283
00878,國泰永續高股息,52,15,37,凱基-北門,2024-04-16,9283
00725B,國泰投資級公司債,31,1,30,凱基-北門,2024-04-16,9283
00733,富邦臺灣中小,28,1,27,凱基-北門,2024-04-16,9283
2324,仁寶,26,0,26,凱基-北門,2024-04-16,9283
2888,新光金,25,0,25,凱基-北門,2024-04-16,9283
00715L,期街口布蘭特正2,27,3,24,凱基-北門,2024-04-16,9283
1440,南紡,24,0,24,凱基-北門,2024-04-16,9283
2388,威盛,28,4,24,凱基-北門,2024-04-16,9283
1603,華電,23,0,23,凱基-北門,2024-04-16,9283
2356,英業達,34,12,22,凱基-北門,2024-04-16,9283
8033,雷虎,22,0,22,凱基-北門,2024-04-16,9283
3583,辛耘,21,1,20,凱基-北門,2024-04-16,9283
00665L,富邦�琤肭磪囓�2,20,0,20,凱基-北門,2024-04-16,9283
00632R,元大台灣50反1,43,24,19,凱基-北門,2024-04-16,9283
00751B,元大AAA至A公司債,19,0,19,凱基-北門,2024-04-16,9283
00900,富邦特選高股息30,19,0,19,凱基-北門,2024-04-16,9283
6207,雷科,19,0,19,凱基-北門,2024-04-16,9283
2301,光寶科,24,5,19,凱基-北門,2024-04-16,9283
6141,柏承,18,0,18,凱基-北門,2024-04-16,9283
5222,全訊,18,1,17,凱基-北門,2024-04-16,9283
00881,國泰台灣5G+,17,0,17,凱基-北門,2024-04-16,9283
00927,群益半導體收益,27,10,17,凱基-北門,2024-04-16,9283
2634,漢翔,28,11,17,凱基-北門,2024-04-16,9283
2892,第一金,16,0,16,凱基-北門,2024-04-16,9283
00720B,元大投資級公司債,16,0,16,凱基-北門,2024-04-16,9283
00654R,富邦印度反1,15,0,15,凱基-北門,2024-04-16,9283
2618,長榮航,15,0,15,凱基-北門,2024-04-16,9283
2382,廣達,18,3,15,凱基-北門,2024-04-16,9283
2344,華邦電,45,31,14,凱基-北門,2024-04-16,9283
3490,單井,15,1,14,凱基-北門,2024-04-16,9283
00933B,國泰10Y+金融債,13,0,13,凱基-北門,2024-04-16,9283
00888,永豐台灣ESG,12,0,12,凱基-北門,2024-04-16,9283
2354,鴻準,12,0,12,凱基-北門,2024-04-16,9283
2889,國票金,102,0,102,凱基-北門,2024-04-17,9283
2511,太子,102,1,101,凱基-北門,2024-04-17,9283
00637L,元大滬深300正2,100,0,100,凱基-北門,2024-04-17,9283
00940,元大台灣價值高息,69,11,58,凱基-北門,2024-04-17,9283
2618,長榮航,56,2,54,凱基-北門,2024-04-17,9283
00929,復華台灣科技優息,47,0,47,凱基-北門,2024-04-17,9283
00715L,期街口布蘭特正2,86,42,44,凱基-北門,2024-04-17,9283
00937B,群益ESG投等債20,56,20,36,凱基-北門,2024-04-17,9283
2457,飛宏,32,1,31,凱基-北門,2024-04-17,9283
00878,國泰永續高股息,28,4,24,凱基-北門,2024-04-17,9283
1609,大亞,49,26,23,凱基-北門,2024-04-17,9283
00687B,國泰20年美債,22,0,22,凱基-北門,2024-04-17,9283
2388,威盛,26,4,22,凱基-北門,2024-04-17,9283
00857B,永豐20年美公債,22,0,22,凱基-北門,2024-04-17,9283
3481,群創,22,1,21,凱基-北門,2024-04-17,9283
3027,盛達,24,5,19,凱基-北門,2024-04-17,9283
0056,元大高股息,19,3,16,凱基-北門,2024-04-17,9283
2483,百容,16,0,16,凱基-北門,2024-04-17,9283
2401,凌陽,20,4,16,凱基-北門,2024-04-17,9283
2801,彰銀,15,0,15,凱基-北門,2024-04-17,9283
00712,復華富時不動產,15,0,15,凱基-北門,2024-04-17,9283
00907,永豐優息存股,14,0,14,凱基-北門,2024-04-17,9283
2002,中鋼,13,0,13,凱基-北門,2024-04-17,9283
00941,中信上游半導體,15,2,13,凱基-北門,2024-04-17,9283
2408,南亞科,13,1,12,凱基-北門,2024-04-17,9283
00919,群益台灣精選高息,19,8,11,凱基-北門,2024-04-17,9283
8047,星雲,11,0,11,凱基-北門,2024-04-17,9283
8255,朋程,11,0,11,凱基-北門,2024-04-17,9283
1540,喬福,10,0,10,凱基-北門,2024-04-17,9283
1701,中化,10,0,10,凱基-北門,2024-04-17,9283
2409,友達,10,0,10,凱基-北門,2024-04-17,9283
2495,普安,10,0,10,凱基-北門,2024-04-17,9283
2897,王道銀行,10,0,10,凱基-北門,2024-04-17,9283
3217,優群,10,0,10,凱基-北門,2024-04-17,9283
4526,東台,11,1,10,凱基-北門,2024-04-17,9283
8112,至上,18,9,9,凱基-北門,2024-04-17,9283
2892,第一金,9,0,9,凱基-北門,2024-04-17,9283
3231,緯創,20,12,8,凱基-北門,2024-04-17,9283
00753L,中信中國50正2,8,0,8,凱基-北門,2024-04-17,9283
1611,中電,9,1,8,凱基-北門,2024-04-17,9283
3583,辛耘,8,0,8,凱基-北門,2024-04-17,9283
2883,凱基金,7,0,7,凱基-北門,2024-04-17,9283
00679B,元大美債20年,7,0,7,凱基-北門,2024-04-17,9283
2330,台積電,9,3,6,凱基-北門,2024-04-17,9283
00927,群益半導體收益,6,0,6,凱基-北門,2024-04-17,9283
2356,英業達,9,3,6,凱基-北門,2024-04-17,9283
2501,國建,7,1,6,凱基-北門,2024-04-17,9283
3512,皇龍,6,0,6,凱基-北門,2024-04-17,9283
5607,遠雄港,7,1,6,凱基-北門,2024-04-17,9283
6197,佳必琪,6,0,6,凱基-北門,2024-04-17,9283
00937B,群益ESG投等債20,122,0,122,凱基-北門,2024-04-18,9283
00632R,元大台灣50反1,67,0,67,凱基-北門,2024-04-18,9283
2504,國產,63,2,61,凱基-北門,2024-04-18,9283
3481,群創,56,0,56,凱基-北門,2024-04-18,9283
00942B,台新美A公司債20+,110,70,40,凱基-北門,2024-04-18,9283
2417,圓剛,40,0,40,凱基-北門,2024-04-18,9283
00712,復華富時不動產,38,0,38,凱基-北門,2024-04-18,9283
00929,復華台灣科技優息,38,0,38,凱基-北門,2024-04-18,9283
2002,中鋼,38,2,36,凱基-北門,2024-04-18,9283
1108,幸福,35,0,35,凱基-北門,2024-04-18,9283
0056,元大高股息,33,0,33,凱基-北門,2024-04-18,9283
1605,華新,61,29,32,凱基-北門,2024-04-18,9283
00940,元大台灣價值高息,31,1,30,凱基-北門,2024-04-18,9283
1522,堤維西,30,0,30,凱基-北門,2024-04-18,9283
2408,南亞科,26,1,25,凱基-北門,2024-04-18,9283
2495,普安,21,0,21,凱基-北門,2024-04-18,9283
1609,大亞,43,24,19,凱基-北門,2024-04-18,9283
3260,威剛,19,1,18,凱基-北門,2024-04-18,9283
4157,太景*-KY,16,0,16,凱基-北門,2024-04-18,9283
2537,聯上發,17,2,15,凱基-北門,2024-04-18,9283
6229,研通,19,4,15,凱基-北門,2024-04-18,9283
2515,中工,19,8,11,凱基-北門,2024-04-18,9283
5512,力麒,11,0,11,凱基-北門,2024-04-18,9283
00941,中信上游半導體,10,0,10,凱基-北門,2024-04-18,9283
1584,精剛,11,1,10,凱基-北門,2024-04-18,9283
2367,燿華,82,72,10,凱基-北門,2024-04-18,9283
2527,宏璟,9,0,9,凱基-北門,2024-04-18,9283
00878,國泰永續高股息,13,5,8,凱基-北門,2024-04-18,9283
1326,台化,8,0,8,凱基-北門,2024-04-18,9283
00673R,期元大S＆P原油反1,7,0,7,凱基-北門,2024-04-18,9283
2464,盟立,7,0,7,凱基-北門,2024-04-18,9283
2485,兆赫,7,0,7,凱基-北門,2024-04-18,9283
2486,一詮,8,1,7,凱基-北門,2024-04-18,9283
2610,華航,7,0,7,凱基-北門,2024-04-18,9283
2816,旺旺保,7,0,7,凱基-北門,2024-04-18,9283
2855,統一證,17,10,7,凱基-北門,2024-04-18,9283
3707,漢磊,18,12,6,凱基-北門,2024-04-18,9283
2883,凱基金,6,0,6,凱基-北門,2024-04-18,9283
00665L,富邦�琤肭磪囓�2,6,0,6,凱基-北門,2024-04-18,9283
1101,台泥,11,5,6,凱基-北門,2024-04-18,9283
2303,聯電,6,0,6,凱基-北門,2024-04-18,9283
2483,百容,6,0,6,凱基-北門,2024-04-18,9283
2867,三商壽,7,1,6,凱基-北門,2024-04-18,9283
3209,全科,6,0,6,凱基-北門,2024-04-18,9283
6282,康舒,7,1,6,凱基-北門,2024-04-18,9283
6443,元晶,21,15,6,凱基-北門,2024-04-18,9283
00939,統一台灣高息動能,6,1,5,凱基-北門,2024-04-18,9283
2317,鴻海,16,11,5,凱基-北門,2024-04-18,9283
5388,中磊,5,0,5,凱基-北門,2024-04-18,9283
1319,東陽,5,0,5,凱基-北門,2024-04-18,9283
00753L,中信中國50正2,205,15,190,凱基-北門,2024-04-19,9283
00940,元大台灣價值高息,183,40,143,凱基-北門,2024-04-19,9283
2601,益航,111,3,108,凱基-北門,2024-04-19,9283
00897,富邦基因免疫生技,91,0,91,凱基-北門,2024-04-19,9283
00929,復華台灣科技優息,208,123,85,凱基-北門,2024-04-19,9283
1108,幸福,72,0,72,凱基-北門,2024-04-19,9283
00878,國泰永續高股息,93,24,69,凱基-北門,2024-04-19,9283
0056,元大高股息,95,30,65,凱基-北門,2024-04-19,9283
1618,合機,70,6,64,凱基-北門,2024-04-19,9283
2888,新光金,52,1,51,凱基-北門,2024-04-19,9283
2330,台積電,55,6,49,凱基-北門,2024-04-19,9283
3231,緯創,58,12,46,凱基-北門,2024-04-19,9283
2371,大同,99,55,44,凱基-北門,2024-04-19,9283
2303,聯電,44,3,41,凱基-北門,2024-04-19,9283
2504,國產,40,2,38,凱基-北門,2024-04-19,9283
2537,聯上發,54,16,38,凱基-北門,2024-04-19,9283
00706L,期元大S＆P日圓正2,34,0,34,凱基-北門,2024-04-19,9283
2349,錸德,30,0,30,凱基-北門,2024-04-19,9283
00919,群益台灣精選高息,87,60,27,凱基-北門,2024-04-19,9283
2887,台新金,26,0,26,凱基-北門,2024-04-19,9283
2516,新建,26,0,26,凱基-北門,2024-04-19,9283
2634,漢翔,35,9,26,凱基-北門,2024-04-19,9283
2409,友達,26,0,26,凱基-北門,2024-04-19,9283
1326,台化,25,0,25,凱基-北門,2024-04-19,9283
2883,凱基金,27,3,24,凱基-北門,2024-04-19,9283
00885,富邦越南,28,4,24,凱基-北門,2024-04-19,9283
2610,華航,24,0,24,凱基-北門,2024-04-19,9283
3481,群創,23,0,23,凱基-北門,2024-04-19,9283
6141,柏承,23,0,23,凱基-北門,2024-04-19,9283
00915,凱基優選高股息30,24,2,22,凱基-北門,2024-04-19,9283
00731,復華富時高息低波,20,0,20,凱基-北門,2024-04-19,9283
00664R,國泰臺灣加權反1,20,0,20,凱基-北門,2024-04-19,9283
1217,愛之味,20,0,20,凱基-北門,2024-04-19,9283
1314,中石化,20,0,20,凱基-北門,2024-04-19,9283
1444,力麗,20,0,20,凱基-北門,2024-04-19,9283
2069,運錩,20,0,20,凱基-北門,2024-04-19,9283
2836,高雄銀,20,0,20,凱基-北門,2024-04-19,9283
2880,華南金,20,0,20,凱基-北門,2024-04-19,9283
3027,盛達,22,2,20,凱基-北門,2024-04-19,9283
00939,統一台灣高息動能,25,7,18,凱基-北門,2024-04-19,9283
5864,致和證,18,0,18,凱基-北門,2024-04-19,9283
1718,中纖,17,0,17,凱基-北門,2024-04-19,9283
1608,華榮,60,43,17,凱基-北門,2024-04-19,9283
00654R,富邦印度反1,15,0,15,凱基-北門,2024-04-19,9283
00941,中信上游半導體,24,10,14,凱基-北門,2024-04-19,9283
2356,英業達,18,5,13,凱基-北門,2024-04-19,9283
3005,神基,16,3,13,凱基-北門,2024-04-19,9283
6443,元晶,25,12,13,凱基-北門,2024-04-19,9283
2881,富邦金,12,0,12,凱基-北門,2024-04-19,9283
3213,茂訊,12,0,12,凱基-北門,2024-04-19,9283
00941,中信上游半導體,111,5,106,凱基-北門,2024-04-22,9283
00715L,期街口布蘭特正2,102,0,102,凱基-北門,2024-04-22,9283
00676R,富邦臺灣加權反1,100,0,100,凱基-北門,2024-04-22,9283
00929,復華台灣科技優息,103,6,97,凱基-北門,2024-04-22,9283
00940,元大台灣價值高息,121,46,75,凱基-北門,2024-04-22,9283
00937B,群益ESG投等債20,77,20,57,凱基-北門,2024-04-22,9283
1108,幸福,50,2,48,凱基-北門,2024-04-22,9283
3027,盛達,71,30,41,凱基-北門,2024-04-22,9283
2303,聯電,41,3,38,凱基-北門,2024-04-22,9283
2324,仁寶,36,0,36,凱基-北門,2024-04-22,9283
2637,慧洋-KY,49,13,36,凱基-北門,2024-04-22,9283
00919,群益台灣精選高息,35,1,34,凱基-北門,2024-04-22,9283
00878,國泰永續高股息,27,1,26,凱基-北門,2024-04-22,9283
2101,南港,42,21,21,凱基-北門,2024-04-22,9283
00939,統一台灣高息動能,22,1,21,凱基-北門,2024-04-22,9283
1714,和桐,20,0,20,凱基-北門,2024-04-22,9283
3294,英濟,20,0,20,凱基-北門,2024-04-22,9283
4956,光鋐,20,0,20,凱基-北門,2024-04-22,9283
1440,南紡,20,2,18,凱基-北門,2024-04-22,9283
5512,力麒,17,2,15,凱基-北門,2024-04-22,9283
8473,山林水,19,4,15,凱基-北門,2024-04-22,9283
2382,廣達,23,8,15,凱基-北門,2024-04-22,9283
2365,昆盈,14,1,13,凱基-北門,2024-04-22,9283
9946,三發地產,13,0,13,凱基-北門,2024-04-22,9283
5533,皇鼎,17,5,12,凱基-北門,2024-04-22,9283
6264,富裔,12,0,12,凱基-北門,2024-04-22,9283
00679B,元大美債20年,14,3,11,凱基-北門,2024-04-22,9283
2344,華邦電,11,0,11,凱基-北門,2024-04-22,9283
2514,龍邦,12,1,11,凱基-北門,2024-04-22,9283
2547,日勝生,14,3,11,凱基-北門,2024-04-22,9283
2356,英業達,12,1,11,凱基-北門,2024-04-22,9283
1522,堤維西,10,0,10,凱基-北門,2024-04-22,9283
1535,中宇,10,0,10,凱基-北門,2024-04-22,9283
1785,光洋科,11,1,10,凱基-北門,2024-04-22,9283
2419,仲琦,10,0,10,凱基-北門,2024-04-22,9283
6179,亞通,10,0,10,凱基-北門,2024-04-22,9283
9933,中鼎,9,0,9,凱基-北門,2024-04-22,9283
6177,達麗,10,2,8,凱基-北門,2024-04-22,9283
3260,威剛,14,7,7,凱基-北門,2024-04-22,9283
00751B,元大AAA至A公司債,7,0,7,凱基-北門,2024-04-22,9283
1101,台泥,10,3,7,凱基-北門,2024-04-22,9283
2504,國產,10,3,7,凱基-北門,2024-04-22,9283
2634,漢翔,19,12,7,凱基-北門,2024-04-22,9283
2409,友達,8,2,6,凱基-北門,2024-04-22,9283
1316,上曜,10,4,6,凱基-北門,2024-04-22,9283
2014,中鴻,6,0,6,凱基-北門,2024-04-22,9283
4714,永捷,6,0,6,凱基-北門,2024-04-22,9283
5009,榮剛,6,0,6,凱基-北門,2024-04-22,9283
5230,雷笛克光學,15,9,6,凱基-北門,2024-04-22,9283
6283,淳安,6,0,6,凱基-北門,2024-04-22,9283
2888,新光金,132,0,132,凱基-北門,2024-04-23,9283
2618,長榮航,142,55,87,凱基-北門,2024-04-23,9283
6264,富裔,43,1,42,凱基-北門,2024-04-23,9283
3231,緯創,22,5,17,凱基-北門,2024-04-23,9283
2610,華航,23,6,17,凱基-北門,2024-04-23,9283
00919,群益台灣精選高息,15,0,15,凱基-北門,2024-04-23,9283
1603,華電,13,1,12,凱基-北門,2024-04-23,9283
4526,東台,12,0,12,凱基-北門,2024-04-23,9283
1784,訊聯,12,0,12,凱基-北門,2024-04-23,9283
1618,合機,19,7,12,凱基-北門,2024-04-23,9283
00939,統一台灣高息動能,15,4,11,凱基-北門,2024-04-23,9283
00940,元大台灣價值高息,83,72,11,凱基-北門,2024-04-23,9283
2637,慧洋-KY,21,10,11,凱基-北門,2024-04-23,9283
1612,宏泰,15,5,10,凱基-北門,2024-04-23,9283
4532,瑞智,25,15,10,凱基-北門,2024-04-23,9283
5488,松普,10,0,10,凱基-北門,2024-04-23,9283
6668,中揚光,10,0,10,凱基-北門,2024-04-23,9283
00915,凱基優選高股息30,9,0,9,凱基-北門,2024-04-23,9283
2449,京元電子,12,4,8,凱基-北門,2024-04-23,9283
1316,上曜,23,15,8,凱基-北門,2024-04-23,9283
2371,大同,63,56,7,凱基-北門,2024-04-23,9283
2464,盟立,12,5,7,凱基-北門,2024-04-23,9283
8383,千附,10,3,7,凱基-北門,2024-04-23,9283
2301,光寶科,6,0,6,凱基-北門,2024-04-23,9283
2308,台達電,6,0,6,凱基-北門,2024-04-23,9283
00675L,富邦臺灣加權正2,6,0,6,凱基-北門,2024-04-23,9283
1605,華新,10,4,6,凱基-北門,2024-04-23,9283
2527,宏璟,6,0,6,凱基-北門,2024-04-23,9283
6596,寬宏藝術,6,0,6,凱基-北門,2024-04-23,9283
8050,廣積,6,0,6,凱基-北門,2024-04-23,9283
1587,吉茂,5,0,5,凱基-北門,2024-04-23,9283
2303,聯電,8,3,5,凱基-北門,2024-04-23,9283
2374,佳能,20,15,5,凱基-北門,2024-04-23,9283
2460,建通,5,0,5,凱基-北門,2024-04-23,9283
6284,佳邦,5,0,5,凱基-北門,2024-04-23,9283
6615,慧智,5,0,5,凱基-北門,2024-04-23,9283
1314,中石化,5,0,5,凱基-北門,2024-04-23,9283
8936,國統,6,1,5,凱基-北門,2024-04-23,9283
8473,山林水,6,1,5,凱基-北門,2024-04-23,9283
1101,台泥,4,0,4,凱基-北門,2024-04-23,9283
00738U,期元大道瓊白銀,4,0,4,凱基-北門,2024-04-23,9283
2754,亞洲藏壽司,4,0,4,凱基-北門,2024-04-23,9283
00706L,期元大S＆P日圓正2,3,0,3,凱基-北門,2024-04-23,9283
00655L,國泰中國A50正2,3,0,3,凱基-北門,2024-04-23,9283
2483,百容,3,0,3,凱基-北門,2024-04-23,9283
2609,陽明,6,3,3,凱基-北門,2024-04-23,9283
3313,斐成,3,0,3,凱基-北門,2024-04-23,9283
5230,雷笛克光學,4,1,3,凱基-北門,2024-04-23,9283
6197,佳必琪,3,0,3,凱基-北門,2024-04-23,9283
6223,旺矽,5,2,3,凱基-北門,2024-04-23,9283
00885,富邦越南,100,0,100,凱基-北門,2024-04-24,9283
6264,富裔,96,3,93,凱基-北門,2024-04-24,9283
3052,夆典,54,0,54,凱基-北門,2024-04-24,9283
00878,國泰永續高股息,55,1,54,凱基-北門,2024-04-24,9283
2392,正崴,50,0,50,凱基-北門,2024-04-24,9283
00632R,元大台灣50反1,47,0,47,凱基-北門,2024-04-24,9283
00937B,群益ESG投等債20,44,1,43,凱基-北門,2024-04-24,9283
8936,國統,46,6,40,凱基-北門,2024-04-24,9283
5009,榮剛,36,0,36,凱基-北門,2024-04-24,9283
3512,皇龍,35,0,35,凱基-北門,2024-04-24,9283
00680L,元大美債20正2,30,0,30,凱基-北門,2024-04-24,9283
2431,聯昌,30,0,30,凱基-北門,2024-04-24,9283
2501,國建,60,33,27,凱基-北門,2024-04-24,9283
00687B,國泰20年美債,25,0,25,凱基-北門,2024-04-24,9283
00706L,期元大S＆P日圓正2,20,0,20,凱基-北門,2024-04-24,9283
2516,新建,20,0,20,凱基-北門,2024-04-24,9283
3704,合勤控,20,0,20,凱基-北門,2024-04-24,9283
2515,中工,26,7,19,凱基-北門,2024-04-24,9283
2027,大成鋼,19,0,19,凱基-北門,2024-04-24,9283
4915,致伸,14,0,14,凱基-北門,2024-04-24,9283
1101,台泥,12,0,12,凱基-北門,2024-04-24,9283
00941,中信上游半導體,11,0,11,凱基-北門,2024-04-24,9283
2002,中鋼,11,0,11,凱基-北門,2024-04-24,9283
1522,堤維西,10,0,10,凱基-北門,2024-04-24,9283
1536,和大,11,1,10,凱基-北門,2024-04-24,9283
2812,台中銀,10,0,10,凱基-北門,2024-04-24,9283
5388,中磊,10,0,10,凱基-北門,2024-04-24,9283
2006,東和鋼鐵,11,2,9,凱基-北門,2024-04-24,9283
2892,第一金,9,0,9,凱基-北門,2024-04-24,9283
2504,國產,9,2,7,凱基-北門,2024-04-24,9283
3711,日月光投控,6,0,6,凱基-北門,2024-04-24,9283
4961,天鈺,6,1,5,凱基-北門,2024-04-24,9283
3406,玉晶光,5,0,5,凱基-北門,2024-04-24,9283
1314,中石化,5,0,5,凱基-北門,2024-04-24,9283
1457,宜進,5,0,5,凱基-北門,2024-04-24,9283
2329,華泰,6,1,5,凱基-北門,2024-04-24,9283
2409,友達,5,0,5,凱基-北門,2024-04-24,9283
3372,典範,5,0,5,凱基-北門,2024-04-24,9283
4533,協易機,5,0,5,凱基-北門,2024-04-24,9283
4726,永昕,5,0,5,凱基-北門,2024-04-24,9283
6120,達運,5,0,5,凱基-北門,2024-04-24,9283
6141,柏承,5,0,5,凱基-北門,2024-04-24,9283
6190,萬泰科,5,0,5,凱基-北門,2024-04-24,9283
8050,廣積,6,1,5,凱基-北門,2024-04-24,9283
2368,金像電,5,1,4,凱基-北門,2024-04-24,9283
4306,炎洲,4,0,4,凱基-北門,2024-04-24,9283
5230,雷笛克光學,6,2,4,凱基-北門,2024-04-24,9283
8039,台虹,4,0,4,凱基-北門,2024-04-24,9283
1617,榮星,3,0,3,凱基-北門,2024-04-24,9283
2025,千興,3,0,3,凱基-北門,2024-04-24,9283
2618,長榮航,216,28,188,凱基-北門,2024-04-25,9283
00937B,群益ESG投等債20,80,0,80,凱基-北門,2024-04-25,9283
00715L,期街口布蘭特正2,51,0,51,凱基-北門,2024-04-25,9283
1440,南紡,54,18,36,凱基-北門,2024-04-25,9283
00632R,元大台灣50反1,60,30,30,凱基-北門,2024-04-25,9283
2369,菱生,20,0,20,凱基-北門,2024-04-25,9283
2880,華南金,20,0,20,凱基-北門,2024-04-25,9283
6164,華興,20,0,20,凱基-北門,2024-04-25,9283
00878,國泰永續高股息,20,1,19,凱基-北門,2024-04-25,9283
3013,晟銘電,32,14,18,凱基-北門,2024-04-25,9283
3027,盛達,20,2,18,凱基-北門,2024-04-25,9283
2891,中信金,17,0,17,凱基-北門,2024-04-25,9283
2506,太設,16,0,16,凱基-北門,2024-04-25,9283
2337,旺宏,16,0,16,凱基-北門,2024-04-25,9283
00929,復華台灣科技優息,17,1,16,凱基-北門,2024-04-25,9283
00933B,國泰10Y+金融債,15,0,15,凱基-北門,2024-04-25,9283
5009,榮剛,17,2,15,凱基-北門,2024-04-25,9283
2014,中鴻,15,1,14,凱基-北門,2024-04-25,9283
2527,宏璟,13,0,13,凱基-北門,2024-04-25,9283
00687B,國泰20年美債,13,0,13,凱基-北門,2024-04-25,9283
2352,佳世達,14,2,12,凱基-北門,2024-04-25,9283
00650L,復華香港正2,12,0,12,凱基-北門,2024-04-25,9283
00924,復華S＆P500成長,12,0,12,凱基-北門,2024-04-25,9283
2002,中鋼,12,0,12,凱基-北門,2024-04-25,9283
2611,志信,11,0,11,凱基-北門,2024-04-25,9283
2820,華票,11,0,11,凱基-北門,2024-04-25,9283
2882,國泰金,11,0,11,凱基-北門,2024-04-25,9283
5880,合庫金,11,0,11,凱基-北門,2024-04-25,9283
00927,群益半導體收益,11,0,11,凱基-北門,2024-04-25,9283
00706L,期元大S＆P日圓正2,10,0,10,凱基-北門,2024-04-25,9283
1532,勤美,13,3,10,凱基-北門,2024-04-25,9283
1584,精剛,10,0,10,凱基-北門,2024-04-25,9283
1609,大亞,18,8,10,凱基-北門,2024-04-25,9283
2888,新光金,10,0,10,凱基-北門,2024-04-25,9283
6197,佳必琪,10,0,10,凱基-北門,2024-04-25,9283
9912,偉聯,9,0,9,凱基-北門,2024-04-25,9283
00919,群益台灣精選高息,11,3,8,凱基-北門,2024-04-25,9283
0056,元大高股息,8,0,8,凱基-北門,2024-04-25,9283
3715,定穎投控,9,1,8,凱基-北門,2024-04-25,9283
4726,永昕,8,0,8,凱基-北門,2024-04-25,9283
8210,勤誠,10,2,8,凱基-北門,2024-04-25,9283
00751B,元大AAA至A公司債,7,0,7,凱基-北門,2024-04-25,9283
00907,永豐優息存股,7,0,7,凱基-北門,2024-04-25,9283
3033,威健,7,0,7,凱基-北門,2024-04-25,9283
1101,台泥,6,0,6,凱基-北門,2024-04-25,9283
00918,大華優利高填息30,6,0,6,凱基-北門,2024-04-25,9283
5521,工信,6,0,6,凱基-北門,2024-04-25,9283
6770,力積電,6,0,6,凱基-北門,2024-04-25,9283
4716,大立,27,21,6,凱基-北門,2024-04-25,9283
2330,台積電,7,2,5,凱基-北門,2024-04-25,9283
00673R,期元大S＆P原油反1,110,0,110,凱基-北門,2024-04-26,9283
00676R,富邦臺灣加權反1,80,0,80,凱基-北門,2024-04-26,9283
00632R,元大台灣50反1,69,10,59,凱基-北門,2024-04-26,9283
6235,華孚,50,0,50,凱基-北門,2024-04-26,9283
2515,中工,51,15,36,凱基-北門,2024-04-26,9283
00940,元大台灣價值高息,45,12,33,凱基-北門,2024-04-26,9283
00751B,元大AAA至A公司債,32,2,30,凱基-北門,2024-04-26,9283
3322,建舜電,27,0,27,凱基-北門,2024-04-26,9283
00937B,群益ESG投等債20,26,1,25,凱基-北門,2024-04-26,9283
2483,百容,24,0,24,凱基-北門,2024-04-26,9283
00857B,永豐20年美公債,21,0,21,凱基-北門,2024-04-26,9283
1101,台泥,21,0,21,凱基-北門,2024-04-26,9283
2505,國揚,23,2,21,凱基-北門,2024-04-26,9283
2537,聯上發,21,0,21,凱基-北門,2024-04-26,9283
3266,昇陽,20,0,20,凱基-北門,2024-04-26,9283
00929,復華台灣科技優息,19,0,19,凱基-北門,2024-04-26,9283
2509,全坤建,21,2,19,凱基-北門,2024-04-26,9283
9912,偉聯,18,0,18,凱基-北門,2024-04-26,9283
2421,建準,18,1,17,凱基-北門,2024-04-26,9283
2486,一詮,24,10,14,凱基-北門,2024-04-26,9283
2442,新美齊,15,2,13,凱基-北門,2024-04-26,9283
6264,富裔,15,2,13,凱基-北門,2024-04-26,9283
4726,永昕,13,1,12,凱基-北門,2024-04-26,9283
2049,上銀,11,0,11,凱基-北門,2024-04-26,9283
5531,鄉林,13,2,11,凱基-北門,2024-04-26,9283
00679B,元大美債20年,11,1,10,凱基-北門,2024-04-26,9283
1459,聯發,10,0,10,凱基-北門,2024-04-26,9283
1718,中纖,10,0,10,凱基-北門,2024-04-26,9283
6443,元晶,10,0,10,凱基-北門,2024-04-26,9283
2611,志信,21,12,9,凱基-北門,2024-04-26,9283
5353,台林,8,0,8,凱基-北門,2024-04-26,9283
00919,群益台灣精選高息,7,0,7,凱基-北門,2024-04-26,9283
00687B,國泰20年美債,7,0,7,凱基-北門,2024-04-26,9283
3711,日月光投控,7,0,7,凱基-北門,2024-04-26,9283
00878,國泰永續高股息,6,0,6,凱基-北門,2024-04-26,9283
3013,晟銘電,62,56,6,凱基-北門,2024-04-26,9283
4933,友輝,6,0,6,凱基-北門,2024-04-26,9283
6213,聯茂,9,3,6,凱基-北門,2024-04-26,9283
5871,中租-KY,5,0,5,凱基-北門,2024-04-26,9283
00933B,國泰10Y+金融債,5,0,5,凱基-北門,2024-04-26,9283
2892,第一金,5,0,5,凱基-北門,2024-04-26,9283
6176,瑞儀,8,3,5,凱基-北門,2024-04-26,9283
00941,中信上游半導體,5,0,5,凱基-北門,2024-04-26,9283
00942B,台新美A公司債20+,5,0,5,凱基-北門,2024-04-26,9283
2014,中鴻,5,0,5,凱基-北門,2024-04-26,9283
2020,美亞,5,0,5,凱基-北門,2024-04-26,9283
2527,宏璟,5,0,5,凱基-北門,2024-04-26,9283
2630,亞航,6,1,5,凱基-北門,2024-04-26,9283
3512,皇龍,5,0,5,凱基-北門,2024-04-26,9283
6245,立端,5,0,5,凱基-北門,2024-04-26,9283
1314,中石化,137,17,120,凱基-北門,2024-04-29,9283
2609,陽明,156,38,118,凱基-北門,2024-04-29,9283
00632R,元大台灣50反1,96,0,96,凱基-北門,2024-04-29,9283
4967,十銓,95,2,93,凱基-北門,2024-04-29,9283
00706L,期元大S＆P日圓正2,66,3,63,凱基-北門,2024-04-29,9283
6005,群益證,45,2,43,凱基-北門,2024-04-29,9283
3703,欣陸,45,3,42,凱基-北門,2024-04-29,9283
2528,皇普,41,1,40,凱基-北門,2024-04-29,9283
00940,元大台灣價值高息,86,55,31,凱基-北門,2024-04-29,9283
3013,晟銘電,38,8,30,凱基-北門,2024-04-29,9283
00665L,富邦�琤肭磪囓�2,33,5,28,凱基-北門,2024-04-29,9283
8210,勤誠,27,1,26,凱基-北門,2024-04-29,9283
2640,大車隊,20,0,20,凱基-北門,2024-04-29,9283
1532,勤美,30,11,19,凱基-北門,2024-04-29,9283
2206,三陽工業,23,4,19,凱基-北門,2024-04-29,9283
2010,春源,18,0,18,凱基-北門,2024-04-29,9283
3027,盛達,22,4,18,凱基-北門,2024-04-29,9283
2323,中環,22,4,18,凱基-北門,2024-04-29,9283
2884,玉山金,20,4,16,凱基-北門,2024-04-29,9283
5533,皇鼎,15,0,15,凱基-北門,2024-04-29,9283
2883,凱基金,35,22,13,凱基-北門,2024-04-29,9283
1316,上曜,15,2,13,凱基-北門,2024-04-29,9283
3266,昇陽,13,0,13,凱基-北門,2024-04-29,9283
2363,矽統,28,16,12,凱基-北門,2024-04-29,9283
2354,鴻準,14,3,11,凱基-北門,2024-04-29,9283
8028,昇陽半導體,12,1,11,凱基-北門,2024-04-29,9283
2101,南港,26,16,10,凱基-北門,2024-04-29,9283
6170,統振,10,0,10,凱基-北門,2024-04-29,9283
6177,達麗,11,2,9,凱基-北門,2024-04-29,9283
1442,名軒,10,1,9,凱基-北門,2024-04-29,9283
9946,三發地產,13,4,9,凱基-北門,2024-04-29,9283
3260,威剛,9,0,9,凱基-北門,2024-04-29,9283
3512,皇龍,21,13,8,凱基-北門,2024-04-29,9283
2483,百容,8,0,8,凱基-北門,2024-04-29,9283
2511,太子,15,7,8,凱基-北門,2024-04-29,9283
6197,佳必琪,8,0,8,凱基-北門,2024-04-29,9283
2009,第一銅,8,1,7,凱基-北門,2024-04-29,9283
00918,大華優利高填息30,7,0,7,凱基-北門,2024-04-29,9283
2637,慧洋-KY,22,15,7,凱基-北門,2024-04-29,9283
5392,能率,10,3,7,凱基-北門,2024-04-29,9283
00937B,群益ESG投等債20,6,0,6,凱基-北門,2024-04-29,9283
00939,統一台灣高息動能,6,0,6,凱基-北門,2024-04-29,9283
2731,雄獅,6,0,6,凱基-北門,2024-04-29,9283
8234,新漢,6,0,6,凱基-北門,2024-04-29,9283
0050,元大台灣50,10,4,6,凱基-北門,2024-04-29,9283
00927,群益半導體收益,5,0,5,凱基-北門,2024-04-29,9283
3264,欣銓,15,10,5,凱基-北門,2024-04-29,9283
1217,愛之味,5,0,5,凱基-北門,2024-04-29,9283
1722,台肥,6,1,5,凱基-北門,2024-04-29,9283
1786,科妍,5,0,5,凱基-北門,2024-04-29,9283
00753L,中信中國50正2,205,15,190,凱基-北門,2024-04-30,9283
2618,長榮航,184,31,153,凱基-北門,2024-04-30,9283
00878,國泰永續高股息,104,1,103,凱基-北門,2024-04-30,9283
4967,十銓,95,2,93,凱基-北門,2024-04-30,9283
2537,聯上發,59,3,56,凱基-北門,2024-04-30,9283
2913,農林,55,1,54,凱基-北門,2024-04-30,9283
3056,富華新,54,0,54,凱基-北門,2024-04-30,9283
2501,國建,93,44,49,凱基-北門,2024-04-30,9283
5457,宣德,40,4,36,凱基-北門,2024-04-30,9283
00632R,元大台灣50反1,27,0,27,凱基-北門,2024-04-30,9283
00937B,群益ESG投等債20,26,0,26,凱基-北門,2024-04-30,9283
1434,福懋,23,0,23,凱基-北門,2024-04-30,9283
3703,欣陸,24,1,23,凱基-北門,2024-04-30,9283
00715L,期街口布蘭特正2,21,0,21,凱基-北門,2024-04-30,9283
00706L,期元大S＆P日圓正2,25,5,20,凱基-北門,2024-04-30,9283
2108,南帝,20,0,20,凱基-北門,2024-04-30,9283
2514,龍邦,17,0,17,凱基-北門,2024-04-30,9283
2392,正崴,15,0,15,凱基-北門,2024-04-30,9283
4533,協易機,15,1,14,凱基-北門,2024-04-30,9283
1314,中石化,127,114,13,凱基-北門,2024-04-30,9283
1905,華紙,12,0,12,凱基-北門,2024-04-30,9283
5512,力麒,11,0,11,凱基-北門,2024-04-30,9283
00919,群益台灣精選高息,12,1,11,凱基-北門,2024-04-30,9283
2812,台中銀,11,0,11,凱基-北門,2024-04-30,9283
2889,國票金,11,0,11,凱基-北門,2024-04-30,9283
2337,旺宏,11,0,11,凱基-北門,2024-04-30,9283
5871,中租-KY,10,0,10,凱基-北門,2024-04-30,9283
00700,富邦�琤肭磪�,10,0,10,凱基-北門,2024-04-30,9283
2705,六福,10,0,10,凱基-北門,2024-04-30,9283
9945,潤泰新,13,3,10,凱基-北門,2024-04-30,9283
8047,星雲,10,1,9,凱基-北門,2024-04-30,9283
2611,志信,53,45,8,凱基-北門,2024-04-30,9283
1527,鑽全,7,0,7,凱基-北門,2024-04-30,9283
2511,太子,8,1,7,凱基-北門,2024-04-30,9283
1504,東元,8,2,6,凱基-北門,2024-04-30,9283
2515,中工,9,3,6,凱基-北門,2024-04-30,9283
1603,華電,6,0,6,凱基-北門,2024-04-30,9283
2363,矽統,53,47,6,凱基-北門,2024-04-30,9283
2353,宏��,7,1,6,凱基-北門,2024-04-30,9283
00650L,復華香港正2,5,0,5,凱基-北門,2024-04-30,9283
1535,中宇,5,0,5,凱基-北門,2024-04-30,9283
2014,中鴻,5,0,5,凱基-北門,2024-04-30,9283
2457,飛宏,6,1,5,凱基-北門,2024-04-30,9283
2888,新光金,10,5,5,凱基-北門,2024-04-30,9283
3711,日月光投控,5,0,5,凱基-北門,2024-04-30,9283
4908,前鼎,7,2,5,凱基-北門,2024-04-30,9283
4976,佳凌,6,1,5,凱基-北門,2024-04-30,9283
5521,工信,5,0,5,凱基-北門,2024-04-30,9283
6425,易發,5,0,5,凱基-北門,2024-04-30,9283
6770,力積電,7,2,5,凱基-北門,2024-04-30,9283
6235,華孚,156,0,156,凱基-北門,2024-05-02,9283
4967,十銓,125,6,119,凱基-北門,2024-05-02,9283
00878,國泰永續高股息,103,2,101,凱基-北門,2024-05-02,9283
3052,夆典,70,0,70,凱基-北門,2024-05-02,9283
00929,復華台灣科技優息,55,6,49,凱基-北門,2024-05-02,9283
2611,志信,66,31,35,凱基-北門,2024-05-02,9283
00937B,群益ESG投等債20,45,11,34,凱基-北門,2024-05-02,9283
2884,玉山金,30,0,30,凱基-北門,2024-05-02,9283
00715L,期街口布蘭特正2,28,0,28,凱基-北門,2024-05-02,9283
00720B,元大投資級公司債,25,1,24,凱基-北門,2024-05-02,9283
2501,國建,58,36,22,凱基-北門,2024-05-02,9283
6264,富裔,27,5,22,凱基-北門,2024-05-02,9283
5533,皇鼎,20,0,20,凱基-北門,2024-05-02,9283
2617,台航,21,2,19,凱基-北門,2024-05-02,9283
2303,聯電,17,0,17,凱基-北門,2024-05-02,9283
2609,陽明,40,24,16,凱基-北門,2024-05-02,9283
2317,鴻海,17,2,15,凱基-北門,2024-05-02,9283
3703,欣陸,22,7,15,凱基-北門,2024-05-02,9283
6186,新潤,15,0,15,凱基-北門,2024-05-02,9283
00650L,復華香港正2,20,6,14,凱基-北門,2024-05-02,9283
9946,三發地產,13,0,13,凱基-北門,2024-05-02,9283
1532,勤美,14,2,12,凱基-北門,2024-05-02,9283
1608,華榮,13,1,12,凱基-北門,2024-05-02,9283
2486,一詮,23,12,11,凱基-北門,2024-05-02,9283
00941,中信上游半導體,10,0,10,凱基-北門,2024-05-02,9283
2337,旺宏,19,9,10,凱基-北門,2024-05-02,9283
3704,合勤控,10,0,10,凱基-北門,2024-05-02,9283
3712,永崴投控,10,0,10,凱基-北門,2024-05-02,9283
6217,中探針,10,0,10,凱基-北門,2024-05-02,9283
3548,兆利,10,0,10,凱基-北門,2024-05-02,9283
5519,隆大,15,6,9,凱基-北門,2024-05-02,9283
00642U,期元大S＆P石油,8,0,8,凱基-北門,2024-05-02,9283
2206,三陽工業,15,8,7,凱基-北門,2024-05-02,9283
3481,群創,7,0,7,凱基-北門,2024-05-02,9283
2603,長榮,14,7,7,凱基-北門,2024-05-02,9283
1582,信錦,11,4,7,凱基-北門,2024-05-02,9283
2634,漢翔,12,5,7,凱基-北門,2024-05-02,9283
2887,台新金,6,0,6,凱基-北門,2024-05-02,9283
1409,新纖,10,4,6,凱基-北門,2024-05-02,9283
2547,日勝生,11,5,6,凱基-北門,2024-05-02,9283
2707,晶華,6,0,6,凱基-北門,2024-05-02,9283
3013,晟銘電,21,15,6,凱基-北門,2024-05-02,9283
5478,智冠,6,0,6,凱基-北門,2024-05-02,9283
6188,廣明,6,0,6,凱基-北門,2024-05-02,9283
6770,力積電,17,12,5,凱基-北門,2024-05-02,9283
1609,大亞,9,4,5,凱基-北門,2024-05-02,9283
2543,皇昌,5,0,5,凱基-北門,2024-05-02,9283
2852,第一保,14,9,5,凱基-北門,2024-05-02,9283
3512,皇龍,12,7,5,凱基-北門,2024-05-02,9283
5439,高技,5,0,5,凱基-北門,2024-05-02,9283
4967,十銓,164,12,152,凱基-北門,2024-05-03,9283
2888,新光金,200,79,121,凱基-北門,2024-05-03,9283
00929,復華台灣科技優息,121,0,121,凱基-北門,2024-05-03,9283
2014,中鴻,84,0,84,凱基-北門,2024-05-03,9283
2515,中工,55,4,51,凱基-北門,2024-05-03,9283
00882,中信中國高股息,49,4,45,凱基-北門,2024-05-03,9283
5531,鄉林,63,20,43,凱基-北門,2024-05-03,9283
8926,台汽電,35,0,35,凱基-北門,2024-05-03,9283
1440,南紡,36,2,34,凱基-北門,2024-05-03,9283
2363,矽統,29,8,21,凱基-北門,2024-05-03,9283
00772B,中信高評級公司債,20,0,20,凱基-北門,2024-05-03,9283
3313,斐成,21,1,20,凱基-北門,2024-05-03,9283
00706L,期元大S＆P日圓正2,19,0,19,凱基-北門,2024-05-03,9283
5403,中菲,19,0,19,凱基-北門,2024-05-03,9283
2610,華航,27,9,18,凱基-北門,2024-05-03,9283
2883,凱基金,21,3,18,凱基-北門,2024-05-03,9283
3260,威剛,24,7,17,凱基-北門,2024-05-03,9283
8033,雷虎,19,2,17,凱基-北門,2024-05-03,9283
3013,晟銘電,21,5,16,凱基-北門,2024-05-03,9283
2442,新美齊,15,0,15,凱基-北門,2024-05-03,9283
6770,力積電,43,28,15,凱基-北門,2024-05-03,9283
2705,六福,15,2,13,凱基-北門,2024-05-03,9283
2913,農林,13,0,13,凱基-北門,2024-05-03,9283
2464,盟立,36,24,12,凱基-北門,2024-05-03,9283
2615,萬海,12,0,12,凱基-北門,2024-05-03,9283
3289,宜特,14,2,12,凱基-北門,2024-05-03,9283
6841,長佳智能,20,8,12,凱基-北門,2024-05-03,9283
2504,國產,11,0,11,凱基-北門,2024-05-03,9283
8936,國統,11,0,11,凱基-北門,2024-05-03,9283
3231,緯創,13,2,11,凱基-北門,2024-05-03,9283
1609,大亞,17,7,10,凱基-北門,2024-05-03,9283
1514,亞力,15,5,10,凱基-北門,2024-05-03,9283
00731,復華富時高息低波,10,0,10,凱基-北門,2024-05-03,9283
00650L,復華香港正2,10,0,10,凱基-北門,2024-05-03,9283
2025,千興,10,0,10,凱基-北門,2024-05-03,9283
3052,夆典,10,0,10,凱基-北門,2024-05-03,9283
3548,兆利,10,0,10,凱基-北門,2024-05-03,9283
6239,力成,10,0,10,凱基-北門,2024-05-03,9283
00919,群益台灣精選高息,10,1,9,凱基-北門,2024-05-03,9283
1535,中宇,10,1,9,凱基-北門,2024-05-03,9283
1316,上曜,39,30,9,凱基-北門,2024-05-03,9283
00679B,元大美債20年,9,1,8,凱基-北門,2024-05-03,9283
4763,材料-KY,11,3,8,凱基-北門,2024-05-03,9283
1540,喬福,8,0,8,凱基-北門,2024-05-03,9283
2313,華通,8,0,8,凱基-北門,2024-05-03,9283
2834,臺企銀,9,1,8,凱基-北門,2024-05-03,9283
4908,前鼎,8,0,8,凱基-北門,2024-05-03,9283
6120,達運,9,1,8,凱基-北門,2024-05-03,9283
1522,堤維西,7,0,7,凱基-北門,2024-05-03,9283
2002,中鋼,7,0,7,凱基-北門,2024-05-03,9283
4967,十銓,295,4,291,凱基-北門,2024-05-06,9283
00665L,富邦�琤肭磪囓�2,200,0,200,凱基-北門,2024-05-06,9283
00712,復華富時不動產,200,3,197,凱基-北門,2024-05-06,9283
00882,中信中國高股息,110,1,109,凱基-北門,2024-05-06,9283
6186,新潤,98,0,98,凱基-北門,2024-05-06,9283
00753L,中信中國50正2,102,7,95,凱基-北門,2024-05-06,9283
00933B,國泰10Y+金融債,50,0,50,凱基-北門,2024-05-06,9283
00680L,元大美債20正2,76,30,46,凱基-北門,2024-05-06,9283
2913,農林,43,2,41,凱基-北門,2024-05-06,9283
00939,統一台灣高息動能,31,0,31,凱基-北門,2024-05-06,9283
00679B,元大美債20年,36,9,27,凱基-北門,2024-05-06,9283
00941,中信上游半導體,21,0,21,凱基-北門,2024-05-06,9283
2002,中鋼,20,0,20,凱基-北門,2024-05-06,9283
2049,上銀,19,0,19,凱基-北門,2024-05-06,9283
2618,長榮航,47,30,17,凱基-北門,2024-05-06,9283
2337,旺宏,130,114,16,凱基-北門,2024-05-06,9283
5512,力麒,16,0,16,凱基-北門,2024-05-06,9283
2014,中鴻,15,0,15,凱基-北門,2024-05-06,9283
2892,第一金,18,3,15,凱基-北門,2024-05-06,9283
2363,矽統,16,2,14,凱基-北門,2024-05-06,9283
3363,上詮,15,2,13,凱基-北門,2024-05-06,9283
3580,友威科,12,0,12,凱基-北門,2024-05-06,9283
8473,山林水,11,0,11,凱基-北門,2024-05-06,9283
2505,國揚,13,3,10,凱基-北門,2024-05-06,9283
6841,長佳智能,10,0,10,凱基-北門,2024-05-06,9283
2449,京元電子,14,4,10,凱基-北門,2024-05-06,9283
2515,中工,11,2,9,凱基-北門,2024-05-06,9283
3481,群創,12,3,9,凱基-北門,2024-05-06,9283
9933,中鼎,13,4,9,凱基-北門,2024-05-06,9283
00940,元大台灣價值高息,8,0,8,凱基-北門,2024-05-06,9283
2201,裕隆,10,2,8,凱基-北門,2024-05-06,9283
8096,擎亞,28,20,8,凱基-北門,2024-05-06,9283
2371,大同,13,6,7,凱基-北門,2024-05-06,9283
6462,神盾,7,0,7,凱基-北門,2024-05-06,9283
1314,中石化,16,10,6,凱基-北門,2024-05-06,9283
00632R,元大台灣50反1,6,0,6,凱基-北門,2024-05-06,9283
00907,永豐優息存股,6,0,6,凱基-北門,2024-05-06,9283
1903,士紙,6,0,6,凱基-北門,2024-05-06,9283
6215,和椿,6,0,6,凱基-北門,2024-05-06,9283
6486,互動,8,2,6,凱基-北門,2024-05-06,9283
9927,泰銘,6,0,6,凱基-北門,2024-05-06,9283
00795B,中信美國公債20年,5,0,5,凱基-北門,2024-05-06,9283
1201,味全,5,0,5,凱基-北門,2024-05-06,9283
1219,福壽,5,0,5,凱基-北門,2024-05-06,9283
1785,光洋科,5,0,5,凱基-北門,2024-05-06,9283
1806,冠軍,5,0,5,凱基-北門,2024-05-06,9283
2030,彰源,5,0,5,凱基-北門,2024-05-06,9283
2633,台灣高鐵,5,0,5,凱基-北門,2024-05-06,9283
2705,六福,10,5,5,凱基-北門,2024-05-06,9283
3025,星通,5,0,5,凱基-北門,2024-05-06,9283
3052,夆典,180,0,180,凱基-北門,2024-05-07,9283
00680L,元大美債20正2,121,0,121,凱基-北門,2024-05-07,9283
00937B,群益ESG投等債20,107,1,106,凱基-北門,2024-05-07,9283
00933B,國泰10Y+金融債,100,0,100,凱基-北門,2024-05-07,9283
00753L,中信中國50正2,108,9,99,凱基-北門,2024-05-07,9283
00882,中信中國高股息,90,1,89,凱基-北門,2024-05-07,9283
4938,和碩,50,0,50,凱基-北門,2024-05-07,9283
2049,上銀,32,0,32,凱基-北門,2024-05-07,9283
3013,晟銘電,22,2,20,凱基-北門,2024-05-07,9283
3481,群創,18,0,18,凱基-北門,2024-05-07,9283
00715L,期街口布蘭特正2,19,2,17,凱基-北門,2024-05-07,9283
2367,燿華,16,1,15,凱基-北門,2024-05-07,9283
2888,新光金,20,5,15,凱基-北門,2024-05-07,9283
2511,太子,43,30,13,凱基-北門,2024-05-07,9283
2882,國泰金,20,7,13,凱基-北門,2024-05-07,9283
2537,聯上發,12,0,12,凱基-北門,2024-05-07,9283
3419,譁裕,12,0,12,凱基-北門,2024-05-07,9283
2201,裕隆,13,1,12,凱基-北門,2024-05-07,9283
00919,群益台灣精選高息,12,1,11,凱基-北門,2024-05-07,9283
2486,一詮,75,64,11,凱基-北門,2024-05-07,9283
2312,金寶,10,0,10,凱基-北門,2024-05-07,9283
2014,中鴻,10,0,10,凱基-北門,2024-05-07,9283
2431,聯昌,10,0,10,凱基-北門,2024-05-07,9283
2542,興富發,17,7,10,凱基-北門,2024-05-07,9283
1603,華電,9,0,9,凱基-北門,2024-05-07,9283
3118,進階,9,0,9,凱基-北門,2024-05-07,9283
6257,矽格,10,1,9,凱基-北門,2024-05-07,9283
4533,協易機,8,0,8,凱基-北門,2024-05-07,9283
6234,高僑,15,7,8,凱基-北門,2024-05-07,9283
2382,廣達,110,103,7,凱基-北門,2024-05-07,9283
1605,華新,7,0,7,凱基-北門,2024-05-07,9283
1609,大亞,116,109,7,凱基-北門,2024-05-07,9283
1612,宏泰,12,5,7,凱基-北門,2024-05-07,9283
2630,亞航,7,0,7,凱基-北門,2024-05-07,9283
8069,元太,7,1,6,凱基-北門,2024-05-07,9283
5871,中租-KY,6,0,6,凱基-北門,2024-05-07,9283
2881,富邦金,16,10,6,凱基-北門,2024-05-07,9283
2597,潤弘,6,0,6,凱基-北門,2024-05-07,9283
00713,元大台灣高息低波,6,0,6,凱基-北門,2024-05-07,9283
5512,力麒,6,0,6,凱基-北門,2024-05-07,9283
6173,信昌電,6,0,6,凱基-北門,2024-05-07,9283
6206,飛捷,6,0,6,凱基-北門,2024-05-07,9283
00878,國泰永續高股息,6,1,5,凱基-北門,2024-05-07,9283
00669R,國泰美國道瓊反1,5,0,5,凱基-北門,2024-05-07,9283
1201,味全,5,0,5,凱基-北門,2024-05-07,9283
1440,南紡,6,1,5,凱基-北門,2024-05-07,9283
1460,宏遠,5,0,5,凱基-北門,2024-05-07,9283
1905,華紙,5,0,5,凱基-北門,2024-05-07,9283
2545,皇翔,5,0,5,凱基-北門,2024-05-07,9283
2610,華航,13,8,5,凱基-北門,2024-05-07,9283
6016,康和證,200,0,200,凱基-北門,2024-05-08,9283
00942B,台新美A公司債20+,100,0,100,凱基-北門,2024-05-08,9283
6026,福邦證,97,0,97,凱基-北門,2024-05-08,9283
00929,復華台灣科技優息,76,0,76,凱基-北門,2024-05-08,9283
00937B,群益ESG投等債20,76,9,67,凱基-北門,2024-05-08,9283
00931B,統一美債20年,60,0,60,凱基-北門,2024-05-08,9283
00933B,國泰10Y+金融債,60,0,60,凱基-北門,2024-05-08,9283
2399,映泰,50,0,50,凱基-北門,2024-05-08,9283
00878,國泰永續高股息,50,5,45,凱基-北門,2024-05-08,9283
2615,萬海,42,1,41,凱基-北門,2024-05-08,9283
2356,英業達,51,16,35,凱基-北門,2024-05-08,9283
5386,青雲,27,1,26,凱基-北門,2024-05-08,9283
2641,正德,23,2,21,凱基-北門,2024-05-08,9283
00919,群益台灣精選高息,25,5,20,凱基-北門,2024-05-08,9283
00940,元大台灣價值高息,25,6,19,凱基-北門,2024-05-08,9283
6139,亞翔,22,4,18,凱基-北門,2024-05-08,9283
00650L,復華香港正2,16,0,16,凱基-北門,2024-05-08,9283
00903,富邦元宇宙,15,0,15,凱基-北門,2024-05-08,9283
2365,昆盈,15,0,15,凱基-北門,2024-05-08,9283
6215,和椿,33,18,15,凱基-北門,2024-05-08,9283
4967,十銓,18,5,13,凱基-北門,2024-05-08,9283
3231,緯創,29,16,13,凱基-北門,2024-05-08,9283
2464,盟立,29,17,12,凱基-北門,2024-05-08,9283
2538,基泰,12,0,12,凱基-北門,2024-05-08,9283
2317,鴻海,19,9,10,凱基-北門,2024-05-08,9283
00680L,元大美債20正2,10,0,10,凱基-北門,2024-05-08,9283
1316,上曜,10,0,10,凱基-北門,2024-05-08,9283
1616,億泰,10,0,10,凱基-北門,2024-05-08,9283
2431,聯昌,10,0,10,凱基-北門,2024-05-08,9283
2611,志信,11,1,10,凱基-北門,2024-05-08,9283
2634,漢翔,15,5,10,凱基-北門,2024-05-08,9283
2801,彰銀,10,0,10,凱基-北門,2024-05-08,9283
3419,譁裕,10,0,10,凱基-北門,2024-05-08,9283
8064,東捷,10,0,10,凱基-北門,2024-05-08,9283
00715L,期街口布蘭特正2,9,0,9,凱基-北門,2024-05-08,9283
2605,新興,44,35,9,凱基-北門,2024-05-08,9283
4306,炎洲,9,0,9,凱基-北門,2024-05-08,9283
4543,萬在,12,3,9,凱基-北門,2024-05-08,9283
9919,康那香,10,1,9,凱基-北門,2024-05-08,9283
8234,新漢,10,2,8,凱基-北門,2024-05-08,9283
2014,中鴻,8,0,8,凱基-北門,2024-05-08,9283
2206,三陽工業,8,0,8,凱基-北門,2024-05-08,9283
2483,百容,8,0,8,凱基-北門,2024-05-08,9283
5608,四維航,8,0,8,凱基-北門,2024-05-08,9283
2049,上銀,8,1,7,凱基-北門,2024-05-08,9283
2376,技嘉,11,4,7,凱基-北門,2024-05-08,9283
5498,凱崴,6,0,6,凱基-北門,2024-05-08,9283
2609,陽明,19,13,6,凱基-北門,2024-05-08,9283
2359,所羅門,18,13,5,凱基-北門,2024-05-08,9283
2539,櫻花建,5,0,5,凱基-北門,2024-05-08,9283
2888,新光金,168,0,168,凱基-北門,2024-05-09,9283
00942B,台新美A公司債20+,100,2,98,凱基-北門,2024-05-09,9283
2027,大成鋼,83,0,83,凱基-北門,2024-05-09,9283
6026,福邦證,80,0,80,凱基-北門,2024-05-09,9283
00940,元大台灣價值高息,79,2,77,凱基-北門,2024-05-09,9283
1522,堤維西,72,7,65,凱基-北門,2024-05-09,9283
00753L,中信中國50正2,55,3,52,凱基-北門,2024-05-09,9283
1529,樂事綠能,35,0,35,凱基-北門,2024-05-09,9283
00937B,群益ESG投等債20,28,0,28,凱基-北門,2024-05-09,9283
2615,萬海,33,8,25,凱基-北門,2024-05-09,9283
2353,宏��,30,6,24,凱基-北門,2024-05-09,9283
00878,國泰永續高股息,21,1,20,凱基-北門,2024-05-09,9283
00933B,國泰10Y+金融債,20,0,20,凱基-北門,2024-05-09,9283
00632R,元大台灣50反1,20,0,20,凱基-北門,2024-05-09,9283
4183,福永生技,20,0,20,凱基-北門,2024-05-09,9283
6005,群益證,20,0,20,凱基-北門,2024-05-09,9283
3231,緯創,18,1,17,凱基-北門,2024-05-09,9283
4967,十銓,18,1,17,凱基-北門,2024-05-09,9283
6235,華孚,21,6,15,凱基-北門,2024-05-09,9283
2618,長榮航,16,2,14,凱基-北門,2024-05-09,9283
2511,太子,14,0,14,凱基-北門,2024-05-09,9283
6770,力積電,28,15,13,凱基-北門,2024-05-09,9283
2363,矽統,39,27,12,凱基-北門,2024-05-09,9283
00936,台新永續高息中小,12,0,12,凱基-北門,2024-05-09,9283
2612,中航,10,0,10,凱基-北門,2024-05-09,9283
5234,達興材料,10,0,10,凱基-北門,2024-05-09,9283
9928,中視,10,0,10,凱基-北門,2024-05-09,9283
2317,鴻海,26,16,10,凱基-北門,2024-05-09,9283
3481,群創,11,2,9,凱基-北門,2024-05-09,9283
00650L,復華香港正2,10,1,9,凱基-北門,2024-05-09,9283
1609,大亞,14,5,9,凱基-北門,2024-05-09,9283
8112,至上,12,4,8,凱基-北門,2024-05-09,9283
00929,復華台灣科技優息,8,0,8,凱基-北門,2024-05-09,9283
8096,擎亞,10,2,8,凱基-北門,2024-05-09,9283
00665L,富邦�琤肭磪囓�2,10,3,7,凱基-北門,2024-05-09,9283
00679B,元大美債20年,7,0,7,凱基-北門,2024-05-09,9283
00687B,國泰20年美債,7,0,7,凱基-北門,2024-05-09,9283
1618,合機,7,0,7,凱基-北門,2024-05-09,9283
1711,永光,7,0,7,凱基-北門,2024-05-09,9283
2344,華邦電,7,0,7,凱基-北門,2024-05-09,9283
2103,台橡,7,1,6,凱基-北門,2024-05-09,9283
2527,宏璟,6,0,6,凱基-北門,2024-05-09,9283
2889,國票金,6,0,6,凱基-北門,2024-05-09,9283
3686,達能,7,1,6,凱基-北門,2024-05-09,9283
3036,文曄,6,0,6,凱基-北門,2024-05-09,9283
2515,中工,5,0,5,凱基-北門,2024-05-09,9283
1201,味全,5,0,5,凱基-北門,2024-05-09,9283
00719B,元大美債1-3,5,0,5,凱基-北門,2024-05-09,9283
1714,和桐,5,0,5,凱基-北門,2024-05-09,9283
2886,兆豐金,5,0,5,凱基-北門,2024-05-09,9283
2486,一詮,82,25,57,凱基-北門,2024-05-10,9283
6235,華孚,83,43,40,凱基-北門,2024-05-10,9283
1313,聯成,40,0,40,凱基-北門,2024-05-10,9283
8112,至上,47,7,40,凱基-北門,2024-05-10,9283
00929,復華台灣科技優息,39,6,33,凱基-北門,2024-05-10,9283
00726B,國泰新興投等債,30,0,30,凱基-北門,2024-05-10,9283
2537,聯上發,30,0,30,凱基-北門,2024-05-10,9283
4967,十銓,30,0,30,凱基-北門,2024-05-10,9283
2313,華通,27,0,27,凱基-北門,2024-05-10,9283
00937B,群益ESG投等債20,34,12,22,凱基-北門,2024-05-10,9283
00665L,富邦�琤肭磪囓�2,41,20,21,凱基-北門,2024-05-10,9283
2610,華航,83,62,21,凱基-北門,2024-05-10,9283
0061,元大寶滬深,20,0,20,凱基-北門,2024-05-10,9283
1817,凱撒衛,20,0,20,凱基-北門,2024-05-10,9283
2101,南港,19,0,19,凱基-北門,2024-05-10,9283
2317,鴻海,32,13,19,凱基-北門,2024-05-10,9283
4909,新復興,17,2,15,凱基-北門,2024-05-10,9283
2501,國建,15,1,14,凱基-北門,2024-05-10,9283
3217,優群,12,0,12,凱基-北門,2024-05-10,9283
4562,穎漢,22,11,11,凱基-北門,2024-05-10,9283
2201,裕隆,15,4,11,凱基-北門,2024-05-10,9283
00753L,中信中國50正2,11,0,11,凱基-北門,2024-05-10,9283
2002,中鋼,11,0,11,凱基-北門,2024-05-10,9283
2892,第一金,11,0,11,凱基-北門,2024-05-10,9283
6841,長佳智能,11,0,11,凱基-北門,2024-05-10,9283
00669R,國泰美國道瓊反1,10,0,10,凱基-北門,2024-05-10,9283
1440,南紡,14,4,10,凱基-北門,2024-05-10,9283
2527,宏璟,10,0,10,凱基-北門,2024-05-10,9283
3548,兆利,11,1,10,凱基-北門,2024-05-10,9283
4183,福永生技,10,0,10,凱基-北門,2024-05-10,9283
5880,合庫金,10,0,10,凱基-北門,2024-05-10,9283
6139,亞翔,10,0,10,凱基-北門,2024-05-10,9283
6197,佳必琪,10,0,10,凱基-北門,2024-05-10,9283
8088,品安,10,0,10,凱基-北門,2024-05-10,9283
2630,亞航,20,11,9,凱基-北門,2024-05-10,9283
2382,廣達,108,100,8,凱基-北門,2024-05-10,9283
8926,台汽電,8,0,8,凱基-北門,2024-05-10,9283
2367,燿華,13,5,8,凱基-北門,2024-05-10,9283
2027,大成鋼,7,0,7,凱基-北門,2024-05-10,9283
3227,原相,7,0,7,凱基-北門,2024-05-10,9283
2881,富邦金,11,4,7,凱基-北門,2024-05-10,9283
1503,士電,6,0,6,凱基-北門,2024-05-10,9283
3231,緯創,18,12,6,凱基-北門,2024-05-10,9283
2497,怡利電,6,0,6,凱基-北門,2024-05-10,9283
3576,聯合再生,6,0,6,凱基-北門,2024-05-10,9283
5225,東科-KY,6,0,6,凱基-北門,2024-05-10,9283
5478,智冠,11,5,6,凱基-北門,2024-05-10,9283
6188,廣明,13,7,6,凱基-北門,2024-05-10,9283
8046,南電,6,0,6,凱基-北門,2024-05-10,9283
1513,中興電,6,1,5,凱基-北門,2024-05-10,9283
1524,耿鼎,104,0,104,凱基-北門,2024-05-13,9283
00929,復華台灣科技優息,102,1,101,凱基-北門,2024-05-13,9283
00878,國泰永續高股息,45,3,42,凱基-北門,2024-05-13,9283
2618,長榮航,44,9,35,凱基-北門,2024-05-13,9283
6235,華孚,35,1,34,凱基-北門,2024-05-13,9283
00937B,群益ESG投等債20,37,3,34,凱基-北門,2024-05-13,9283
3260,威剛,39,6,33,凱基-北門,2024-05-13,9283
6443,元晶,32,1,31,凱基-北門,2024-05-13,9283
3689,湧德,30,0,30,凱基-北門,2024-05-13,9283
5488,松普,30,2,28,凱基-北門,2024-05-13,9283
2615,萬海,52,26,26,凱基-北門,2024-05-13,9283
2353,宏��,26,1,25,凱基-北門,2024-05-13,9283
2547,日勝生,23,1,22,凱基-北門,2024-05-13,9283
5531,鄉林,21,0,21,凱基-北門,2024-05-13,9283
2409,友達,20,0,20,凱基-北門,2024-05-13,9283
3313,斐成,20,0,20,凱基-北門,2024-05-13,9283
6164,華興,20,0,20,凱基-北門,2024-05-13,9283
2867,三商壽,20,0,20,凱基-北門,2024-05-13,9283
2883,凱基金,40,20,20,凱基-北門,2024-05-13,9283
2392,正崴,21,3,18,凱基-北門,2024-05-13,9283
3231,緯創,27,9,18,凱基-北門,2024-05-13,9283
00642U,期元大S＆P石油,20,3,17,凱基-北門,2024-05-13,9283
1303,南亞,17,0,17,凱基-北門,2024-05-13,9283
1609,大亞,22,6,16,凱基-北門,2024-05-13,9283
00715L,期街口布蘭特正2,15,0,15,凱基-北門,2024-05-13,9283
3022,威強電,15,0,15,凱基-北門,2024-05-13,9283
2344,華邦電,15,1,14,凱基-北門,2024-05-13,9283
2486,一詮,22,9,13,凱基-北門,2024-05-13,9283
00946,群益科技高息成長,17,5,12,凱基-北門,2024-05-13,9283
2832,台產,15,3,12,凱基-北門,2024-05-13,9283
3037,欣興,12,0,12,凱基-北門,2024-05-13,9283
2489,瑞軒,10,0,10,凱基-北門,2024-05-13,9283
3338,泰碩,11,1,10,凱基-北門,2024-05-13,9283
6163,華電網,10,0,10,凱基-北門,2024-05-13,9283
6217,中探針,10,0,10,凱基-北門,2024-05-13,9283
8109,博大,10,0,10,凱基-北門,2024-05-13,9283
8926,台汽電,10,0,10,凱基-北門,2024-05-13,9283
5512,力麒,9,0,9,凱基-北門,2024-05-13,9283
2241,艾姆勒,14,6,8,凱基-北門,2024-05-13,9283
2611,志信,12,4,8,凱基-北門,2024-05-13,9283
9945,潤泰新,16,8,8,凱基-北門,2024-05-13,9283
2362,藍天,13,6,7,凱基-北門,2024-05-13,9283
2606,裕民,24,17,7,凱基-北門,2024-05-13,9283
5251,天鉞電,8,1,7,凱基-北門,2024-05-13,9283
2449,京元電子,7,0,7,凱基-北門,2024-05-13,9283
5608,四維航,14,7,7,凱基-北門,2024-05-13,9283
2408,南亞科,6,0,6,凱基-北門,2024-05-13,9283
1449,佳和,10,4,6,凱基-北門,2024-05-13,9283
2888,新光金,10,4,6,凱基-北門,2024-05-13,9283
3264,欣銓,6,0,6,凱基-北門,2024-05-13,9283
3481,群創,93,9,84,凱基-北門,2024-05-14,9283
00632R,元大台灣50反1,46,0,46,凱基-北門,2024-05-14,9283
2353,宏��,65,25,40,凱基-北門,2024-05-14,9283
00937B,群益ESG投等債20,39,0,39,凱基-北門,2024-05-14,9283
9945,潤泰新,31,1,30,凱基-北門,2024-05-14,9283
2882,國泰金,30,1,29,凱基-北門,2024-05-14,9283
00882,中信中國高股息,30,3,27,凱基-北門,2024-05-14,9283
3052,夆典,25,0,25,凱基-北門,2024-05-14,9283
00929,復華台灣科技優息,26,3,23,凱基-北門,2024-05-14,9283
2736,富野,21,1,20,凱基-北門,2024-05-14,9283
2317,鴻海,89,71,18,凱基-北門,2024-05-14,9283
2208,台船,21,3,18,凱基-北門,2024-05-14,9283
2371,大同,25,7,18,凱基-北門,2024-05-14,9283
00712,復華富時不動產,20,5,15,凱基-北門,2024-05-14,9283
4109,加捷生醫,22,7,15,凱基-北門,2024-05-14,9283
2613,中櫃,23,9,14,凱基-北門,2024-05-14,9283
8299,群聯,15,2,13,凱基-北門,2024-05-14,9283
1303,南亞,13,0,13,凱基-北門,2024-05-14,9283
6235,華孚,11,0,11,凱基-北門,2024-05-14,9283
00753L,中信中國50正2,10,0,10,凱基-北門,2024-05-14,9283
3580,友威科,10,0,10,凱基-北門,2024-05-14,9283
00919,群益台灣精選高息,13,4,9,凱基-北門,2024-05-14,9283
5871,中租-KY,10,2,8,凱基-北門,2024-05-14,9283
2374,佳能,73,65,8,凱基-北門,2024-05-14,9283
2886,兆豐金,8,0,8,凱基-北門,2024-05-14,9283
2915,潤泰全,12,5,7,凱基-北門,2024-05-14,9283
2303,聯電,6,0,6,凱基-北門,2024-05-14,9283
1786,科妍,6,0,6,凱基-北門,2024-05-14,9283
2838,聯邦銀,6,0,6,凱基-北門,2024-05-14,9283
3535,晶彩科,6,0,6,凱基-北門,2024-05-14,9283
9934,成霖,23,17,6,凱基-北門,2024-05-14,9283
2330,台積電,12,7,5,凱基-北門,2024-05-14,9283
00669R,國泰美國道瓊反1,5,0,5,凱基-北門,2024-05-14,9283
00687B,國泰20年美債,5,0,5,凱基-北門,2024-05-14,9283
1708,東鹼,6,1,5,凱基-北門,2024-05-14,9283
2401,凌陽,9,4,5,凱基-北門,2024-05-14,9283
2486,一詮,7,2,5,凱基-北門,2024-05-14,9283
2489,瑞軒,5,0,5,凱基-北門,2024-05-14,9283
2597,潤弘,5,0,5,凱基-北門,2024-05-14,9283
2601,益航,5,0,5,凱基-北門,2024-05-14,9283
2836,高雄銀,5,0,5,凱基-北門,2024-05-14,9283
3339,泰谷,5,0,5,凱基-北門,2024-05-14,9283
3490,單井,5,0,5,凱基-北門,2024-05-14,9283
5508,永信建,8,3,5,凱基-北門,2024-05-14,9283
6229,研通,5,0,5,凱基-北門,2024-05-14,9283
1609,大亞,8,4,4,凱基-北門,2024-05-14,9283
2344,華邦電,5,1,4,凱基-北門,2024-05-14,9283
2913,農林,4,0,4,凱基-北門,2024-05-14,9283
4909,新復興,8,4,4,凱基-北門,2024-05-14,9283
5009,榮剛,6,2,4,凱基-北門,2024-05-14,9283
2867,三商壽,200,0,200,凱基-北門,2024-05-15,9283
00665L,富邦�琤肭磪囓�2,101,10,91,凱基-北門,2024-05-15,9283
00940,元大台灣價值高息,79,2,77,凱基-北門,2024-05-15,9283
2356,英業達,80,8,72,凱基-北門,2024-05-15,9283
9945,潤泰新,121,59,62,凱基-北門,2024-05-15,9283
00882,中信中國高股息,50,0,50,凱基-北門,2024-05-15,9283
2609,陽明,159,119,40,凱基-北門,2024-05-15,9283
00929,復華台灣科技優息,37,1,36,凱基-北門,2024-05-15,9283
00937B,群益ESG投等債20,45,10,35,凱基-北門,2024-05-15,9283
00936,台新永續高息中小,32,0,32,凱基-北門,2024-05-15,9283
00933B,國泰10Y+金融債,31,0,31,凱基-北門,2024-05-15,9283
2406,國碩,27,7,20,凱基-北門,2024-05-15,9283
8033,雷虎,21,1,20,凱基-北門,2024-05-15,9283
4533,協易機,19,0,19,凱基-北門,2024-05-15,9283
1714,和桐,18,0,18,凱基-北門,2024-05-15,9283
3706,神達,20,2,18,凱基-北門,2024-05-15,9283
2605,新興,31,14,17,凱基-北門,2024-05-15,9283
9934,成霖,17,0,17,凱基-北門,2024-05-15,9283
00706L,期元大S＆P日圓正2,15,0,15,凱基-北門,2024-05-15,9283
1522,堤維西,20,8,12,凱基-北門,2024-05-15,9283
00715L,期街口布蘭特正2,11,0,11,凱基-北門,2024-05-15,9283
00650L,復華香港正2,11,0,11,凱基-北門,2024-05-15,9283
2367,燿華,62,51,11,凱基-北門,2024-05-15,9283
3580,友威科,10,0,10,凱基-北門,2024-05-15,9283
4526,東台,15,5,10,凱基-北門,2024-05-15,9283
2376,技嘉,10,0,10,凱基-北門,2024-05-15,9283
1101,台泥,11,2,9,凱基-北門,2024-05-15,9283
1314,中石化,11,2,9,凱基-北門,2024-05-15,9283
6264,富裔,9,0,9,凱基-北門,2024-05-15,9283
00675L,富邦臺灣加權正2,8,0,8,凱基-北門,2024-05-15,9283
00712,復華富時不動產,8,0,8,凱基-北門,2024-05-15,9283
6180,橘子,8,0,8,凱基-北門,2024-05-15,9283
6188,廣明,22,14,8,凱基-北門,2024-05-15,9283
00919,群益台灣精選高息,14,6,8,凱基-北門,2024-05-15,9283
1503,士電,11,4,7,凱基-北門,2024-05-15,9283
00751B,元大AAA至A公司債,7,0,7,凱基-北門,2024-05-15,9283
2344,華邦電,9,2,7,凱基-北門,2024-05-15,9283
3062,建漢,7,0,7,凱基-北門,2024-05-15,9283
4167,松瑞藥,7,0,7,凱基-北門,2024-05-15,9283
00918,大華優利高填息30,6,0,6,凱基-北門,2024-05-15,9283
00720B,元大投資級公司債,6,0,6,凱基-北門,2024-05-15,9283
2009,第一銅,7,1,6,凱基-北門,2024-05-15,9283
2630,亞航,8,2,6,凱基-北門,2024-05-15,9283
2486,一詮,10,5,5,凱基-北門,2024-05-15,9283
2101,南港,5,0,5,凱基-北門,2024-05-15,9283
9919,康那香,5,0,5,凱基-北門,2024-05-15,9283
4967,十銓,11,6,5,凱基-北門,2024-05-15,9283
5227,立凱-KY,5,0,5,凱基-北門,2024-05-15,9283
6589,台康生技,5,0,5,凱基-北門,2024-05-15,9283
2603,長榮,23,18,5,凱基-北門,2024-05-15,9283
2867,三商壽,200,27,173,凱基-北門,2024-05-16,9283
00753L,中信中國50正2,161,0,161,凱基-北門,2024-05-16,9283
00665L,富邦�琤肭磪囓�2,116,0,116,凱基-北門,2024-05-16,9283
2382,廣達,87,4,83,凱基-北門,2024-05-16,9283
2617,台航,73,0,73,凱基-北門,2024-05-16,9283
00680L,元大美債20正2,55,1,54,凱基-北門,2024-05-16,9283
9105,泰金寶-DR,45,3,42,凱基-北門,2024-05-16,9283
00891,中信關鍵半導體,27,0,27,凱基-北門,2024-05-16,9283
2609,陽明,118,97,21,凱基-北門,2024-05-16,9283
00632R,元大台灣50反1,20,0,20,凱基-北門,2024-05-16,9283
00712,復華富時不動產,20,0,20,凱基-北門,2024-05-16,9283
6217,中探針,20,0,20,凱基-北門,2024-05-16,9283
8926,台汽電,20,0,20,凱基-北門,2024-05-16,9283
2356,英業達,21,1,20,凱基-北門,2024-05-16,9283
00941,中信上游半導體,20,1,19,凱基-北門,2024-05-16,9283
2353,宏��,21,2,19,凱基-北門,2024-05-16,9283
6188,廣明,25,7,18,凱基-北門,2024-05-16,9283
3047,訊舟,18,2,16,凱基-北門,2024-05-16,9283
2365,昆盈,24,9,15,凱基-北門,2024-05-16,9283
2367,燿華,93,78,15,凱基-北門,2024-05-16,9283
00715L,期街口布蘭特正2,13,0,13,凱基-北門,2024-05-16,9283
3260,威剛,23,12,11,凱基-北門,2024-05-16,9283
00878,國泰永續高股息,27,17,10,凱基-北門,2024-05-16,9283
3227,原相,10,0,10,凱基-北門,2024-05-16,9283
6235,華孚,11,1,10,凱基-北門,2024-05-16,9283
2527,宏璟,16,7,9,凱基-北門,2024-05-16,9283
00687B,國泰20年美債,10,1,9,凱基-北門,2024-05-16,9283
2515,中工,9,0,9,凱基-北門,2024-05-16,9283
1514,亞力,9,0,9,凱基-北門,2024-05-16,9283
1513,中興電,10,2,8,凱基-北門,2024-05-16,9283
00944,野村趨勢動能高息,10,2,8,凱基-北門,2024-05-16,9283
3303,岱稜,8,0,8,凱基-北門,2024-05-16,9283
3694,海華,10,2,8,凱基-北門,2024-05-16,9283
0056,元大高股息,10,3,7,凱基-北門,2024-05-16,9283
1442,名軒,7,0,7,凱基-北門,2024-05-16,9283
1785,光洋科,10,3,7,凱基-北門,2024-05-16,9283
1786,科妍,7,0,7,凱基-北門,2024-05-16,9283
2486,一詮,9,3,6,凱基-北門,2024-05-16,9283
2329,華泰,15,9,6,凱基-北門,2024-05-16,9283
2506,太設,6,0,6,凱基-北門,2024-05-16,9283
00706L,期元大S＆P日圓正2,5,0,5,凱基-北門,2024-05-16,9283
2065,世豐,5,0,5,凱基-北門,2024-05-16,9283
2705,六福,5,0,5,凱基-北門,2024-05-16,9283
3363,上詮,19,14,5,凱基-北門,2024-05-16,9283
5251,天鉞電,5,0,5,凱基-北門,2024-05-16,9283
6177,達麗,5,0,5,凱基-北門,2024-05-16,9283
8110,華東,5,0,5,凱基-北門,2024-05-16,9283
2504,國產,6,1,5,凱基-北門,2024-05-16,9283
2363,矽統,25,21,4,凱基-北門,2024-05-16,9283
2610,華航,14,10,4,凱基-北門,2024-05-16,9283
00929,復華台灣科技優息,180,0,180,凱基-北門,2024-05-17,9283
00941,中信上游半導體,101,0,101,凱基-北門,2024-05-17,9283
00679B,元大美債20年,101,0,101,凱基-北門,2024-05-17,9283
2618,長榮航,94,12,82,凱基-北門,2024-05-17,9283
2025,千興,50,0,50,凱基-北門,2024-05-17,9283
3268,海德威,40,1,39,凱基-北門,2024-05-17,9283
00878,國泰永續高股息,33,0,33,凱基-北門,2024-05-17,9283
2537,聯上發,62,32,30,凱基-北門,2024-05-17,9283
2617,台航,30,0,30,凱基-北門,2024-05-17,9283
6264,富裔,30,4,26,凱基-北門,2024-05-17,9283
00720B,元大投資級公司債,25,0,25,凱基-北門,2024-05-17,9283
2610,華航,58,33,25,凱基-北門,2024-05-17,9283
2801,彰銀,25,0,25,凱基-北門,2024-05-17,9283
1815,富喬,26,3,23,凱基-北門,2024-05-17,9283
2365,昆盈,22,1,21,凱基-北門,2024-05-17,9283
2613,中櫃,20,0,20,凱基-北門,2024-05-17,9283
6216,居易,20,0,20,凱基-北門,2024-05-17,9283
1314,中石化,22,5,17,凱基-北門,2024-05-17,9283
2606,裕民,16,0,16,凱基-北門,2024-05-17,9283
3059,華晶科,18,2,16,凱基-北門,2024-05-17,9283
2417,圓剛,21,6,15,凱基-北門,2024-05-17,9283
1217,愛之味,15,0,15,凱基-北門,2024-05-17,9283
1514,亞力,21,6,15,凱基-北門,2024-05-17,9283
00919,群益台灣精選高息,12,0,12,凱基-北門,2024-05-17,9283
2352,佳世達,11,0,11,凱基-北門,2024-05-17,9283
00680L,元大美債20正2,11,0,11,凱基-北門,2024-05-17,9283
2027,大成鋼,12,2,10,凱基-北門,2024-05-17,9283
2812,台中銀,10,0,10,凱基-北門,2024-05-17,9283
6152,百一,10,0,10,凱基-北門,2024-05-17,9283
8109,博大,10,0,10,凱基-北門,2024-05-17,9283
9928,中視,10,0,10,凱基-北門,2024-05-17,9283
6215,和椿,14,5,9,凱基-北門,2024-05-17,9283
2880,華南金,10,1,9,凱基-北門,2024-05-17,9283
3231,緯創,14,6,8,凱基-北門,2024-05-17,9283
2317,鴻海,25,18,7,凱基-北門,2024-05-17,9283
5392,能率,19,12,7,凱基-北門,2024-05-17,9283
2603,長榮,21,15,6,凱基-北門,2024-05-17,9283
1453,大將,7,1,6,凱基-北門,2024-05-17,9283
1733,五鼎,6,0,6,凱基-北門,2024-05-17,9283
1907,永豐餘,6,0,6,凱基-北門,2024-05-17,9283
2476,鉅祥,10,4,6,凱基-北門,2024-05-17,9283
2515,中工,7,1,6,凱基-北門,2024-05-17,9283
1303,南亞,5,0,5,凱基-北門,2024-05-17,9283
3303,岱稜,5,0,5,凱基-北門,2024-05-17,9283
4905,台聯電,5,0,5,凱基-北門,2024-05-17,9283
5230,雷笛克光學,6,1,5,凱基-北門,2024-05-17,9283
6104,創惟,5,0,5,凱基-北門,2024-05-17,9283
6456,GIS-KY,5,0,5,凱基-北門,2024-05-17,9283
8044,網家,10,5,5,凱基-北門,2024-05-17,9283
8936,國統,7,2,5,凱基-北門,2024-05-17,9283
00933B,國泰10Y+金融債,109,0,109,凱基-北門,2024-05-20,9283
00665L,富邦�琤肭磪囓�2,100,0,100,凱基-北門,2024-05-20,9283
00929,復華台灣科技優息,79,8,71,凱基-北門,2024-05-20,9283
2382,廣達,69,3,66,凱基-北門,2024-05-20,9283
6005,群益證,65,0,65,凱基-北門,2024-05-20,9283
00687B,國泰20年美債,56,0,56,凱基-北門,2024-05-20,9283
8033,雷虎,54,1,53,凱基-北門,2024-05-20,9283
2851,中再保,32,0,32,凱基-北門,2024-05-20,9283
00937B,群益ESG投等債20,24,0,24,凱基-北門,2024-05-20,9283
2417,圓剛,22,1,21,凱基-北門,2024-05-20,9283
00878,國泰永續高股息,22,1,21,凱基-北門,2024-05-20,9283
2467,志聖,20,0,20,凱基-北門,2024-05-20,9283
3535,晶彩科,16,2,14,凱基-北門,2024-05-20,9283
00650L,復華香港正2,13,0,13,凱基-北門,2024-05-20,9283
5522,遠雄,13,0,13,凱基-北門,2024-05-20,9283
2317,鴻海,20,8,12,凱基-北門,2024-05-20,9283
2014,中鴻,12,0,12,凱基-北門,2024-05-20,9283
2515,中工,13,1,12,凱基-北門,2024-05-20,9283
6244,茂迪,12,0,12,凱基-北門,2024-05-20,9283
00919,群益台灣精選高息,19,7,12,凱基-北門,2024-05-20,9283
00932,兆豐永續高息等權,10,0,10,凱基-北門,2024-05-20,9283
1815,富喬,10,0,10,凱基-北門,2024-05-20,9283
2722,夏都,10,0,10,凱基-北門,2024-05-20,9283
2812,台中銀,10,0,10,凱基-北門,2024-05-20,9283
8222,寶一,15,5,10,凱基-北門,2024-05-20,9283
2363,矽統,45,37,8,凱基-北門,2024-05-20,9283
2201,裕隆,10,2,8,凱基-北門,2024-05-20,9283
3296,勝德,8,0,8,凱基-北門,2024-05-20,9283
4543,萬在,10,2,8,凱基-北門,2024-05-20,9283
8089,康全電訊,8,0,8,凱基-北門,2024-05-20,9283
00753L,中信中國50正2,7,0,7,凱基-北門,2024-05-20,9283
2881,富邦金,7,0,7,凱基-北門,2024-05-20,9283
00944,野村趨勢動能高息,6,0,6,凱基-北門,2024-05-20,9283
1720,生達,6,0,6,凱基-北門,2024-05-20,9283
1733,五鼎,6,0,6,凱基-北門,2024-05-20,9283
2611,志信,6,0,6,凱基-北門,2024-05-20,9283
2886,兆豐金,6,0,6,凱基-北門,2024-05-20,9283
2913,農林,6,0,6,凱基-北門,2024-05-20,9283
6117,迎廣,11,5,6,凱基-北門,2024-05-20,9283
9945,潤泰新,6,0,6,凱基-北門,2024-05-20,9283
00795B,中信美國公債20年,5,0,5,凱基-北門,2024-05-20,9283
2731,雄獅,7,2,5,凱基-北門,2024-05-20,9283
8028,昇陽半導體,6,1,5,凱基-北門,2024-05-20,9283
00669R,國泰美國道瓊反1,5,0,5,凱基-北門,2024-05-20,9283
1303,南亞,5,0,5,凱基-北門,2024-05-20,9283
1313,聯成,5,0,5,凱基-北門,2024-05-20,9283
1504,東元,5,0,5,凱基-北門,2024-05-20,9283
1786,科妍,5,0,5,凱基-北門,2024-05-20,9283
1810,和成,5,0,5,凱基-北門,2024-05-20,9283
2007,燁興,6,1,5,凱基-北門,2024-05-20,9283
3481,群創,123,0,123,凱基-北門,2024-05-21,9283
4967,十銓,65,5,60,凱基-北門,2024-05-21,9283
00929,復華台灣科技優息,45,0,45,凱基-北門,2024-05-21,9283
2409,友達,30,0,30,凱基-北門,2024-05-21,9283
3236,千如,30,0,30,凱基-北門,2024-05-21,9283
2888,新光金,24,0,24,凱基-北門,2024-05-21,9283
2887,台新金,26,3,23,凱基-北門,2024-05-21,9283
8112,至上,22,1,21,凱基-北門,2024-05-21,9283
1101,台泥,44,25,19,凱基-北門,2024-05-21,9283
2880,華南金,20,1,19,凱基-北門,2024-05-21,9283
2609,陽明,19,1,18,凱基-北門,2024-05-21,9283
2618,長榮航,18,2,16,凱基-北門,2024-05-21,9283
00632R,元大台灣50反1,16,0,16,凱基-北門,2024-05-21,9283
00878,國泰永續高股息,22,6,16,凱基-北門,2024-05-21,9283
2611,志信,15,0,15,凱基-北門,2024-05-21,9283
8033,雷虎,13,1,12,凱基-北門,2024-05-21,9283
00933B,國泰10Y+金融債,11,0,11,凱基-北門,2024-05-21,9283
1569,濱川,10,0,10,凱基-北門,2024-05-21,9283
1752,南光,14,4,10,凱基-北門,2024-05-21,9283
2897,王道銀行,10,0,10,凱基-北門,2024-05-21,9283
8390,金益鼎,11,1,10,凱基-北門,2024-05-21,9283
6005,群益證,13,3,10,凱基-北門,2024-05-21,9283
00882,中信中國高股息,80,71,9,凱基-北門,2024-05-21,9283
00650L,復華香港正2,11,2,9,凱基-北門,2024-05-21,9283
00937B,群益ESG投等債20,12,3,9,凱基-北門,2024-05-21,9283
00946,群益科技高息成長,10,2,8,凱基-北門,2024-05-21,9283
2515,中工,10,2,8,凱基-北門,2024-05-21,9283
6209,今國光,8,0,8,凱基-北門,2024-05-21,9283
8110,華東,12,4,8,凱基-北門,2024-05-21,9283
8401,白紗科,8,0,8,凱基-北門,2024-05-21,9283
00919,群益台灣精選高息,8,0,8,凱基-北門,2024-05-21,9283
2317,鴻海,19,12,7,凱基-北門,2024-05-21,9283
2367,燿華,124,117,7,凱基-北門,2024-05-21,9283
2816,旺旺保,7,0,7,凱基-北門,2024-05-21,9283
5371,中光電,12,5,7,凱基-北門,2024-05-21,9283
9946,三發地產,8,1,7,凱基-北門,2024-05-21,9283
2009,第一銅,21,14,7,凱基-北門,2024-05-21,9283
00932,兆豐永續高息等權,6,0,6,凱基-北門,2024-05-21,9283
2867,三商壽,32,26,6,凱基-北門,2024-05-21,9283
2027,大成鋼,6,1,5,凱基-北門,2024-05-21,9283
1303,南亞,5,0,5,凱基-北門,2024-05-21,9283
1524,耿鼎,5,0,5,凱基-北門,2024-05-21,9283
2025,千興,5,0,5,凱基-北門,2024-05-21,9283
2421,建準,5,0,5,凱基-北門,2024-05-21,9283
6275,元山,5,0,5,凱基-北門,2024-05-21,9283
6875,國邑*,5,0,5,凱基-北門,2024-05-21,9283
00763U,期街口道瓊銅,4,0,4,凱基-北門,2024-05-21,9283
00751B,元大AAA至A公司債,4,0,4,凱基-北門,2024-05-21,9283
1733,五鼎,4,0,4,凱基-北門,2024-05-21,9283
2065,世豐,4,0,4,凱基-北門,2024-05-21,9283
4111,濟生,193,0,193,凱基-北門,2024-05-22,9283
3580,友威科,63,1,62,凱基-北門,2024-05-22,9283
2353,宏��,81,50,31,凱基-北門,2024-05-22,9283
2002,中鋼,31,1,30,凱基-北門,2024-05-22,9283
00632R,元大台灣50反1,27,0,27,凱基-北門,2024-05-22,9283
2405,輔信,27,1,26,凱基-北門,2024-05-22,9283
2486,一詮,29,4,25,凱基-北門,2024-05-22,9283
4533,協易機,30,5,25,凱基-北門,2024-05-22,9283
9955,佳龍,42,18,24,凱基-北門,2024-05-22,9283
1522,堤維西,23,0,23,凱基-北門,2024-05-22,9283
2303,聯電,43,23,20,凱基-北門,2024-05-22,9283
2367,燿華,45,25,20,凱基-北門,2024-05-22,9283
2504,國產,21,2,19,凱基-北門,2024-05-22,9283
8064,東捷,21,2,19,凱基-北門,2024-05-22,9283
2344,華邦電,20,2,18,凱基-北門,2024-05-22,9283
2884,玉山金,18,0,18,凱基-北門,2024-05-22,9283
2618,長榮航,31,14,17,凱基-北門,2024-05-22,9283
3260,威剛,20,4,16,凱基-北門,2024-05-22,9283
2363,矽統,43,27,16,凱基-北門,2024-05-22,9283
3059,華晶科,18,2,16,凱基-北門,2024-05-22,9283
2610,華航,20,6,14,凱基-北門,2024-05-22,9283
3481,群創,23,9,14,凱基-北門,2024-05-22,9283
2206,三陽工業,13,0,13,凱基-北門,2024-05-22,9283
3703,欣陸,12,0,12,凱基-北門,2024-05-22,9283
6189,豐藝,13,1,12,凱基-北門,2024-05-22,9283
2027,大成鋼,14,3,11,凱基-北門,2024-05-22,9283
2867,三商壽,12,1,11,凱基-北門,2024-05-22,9283
6188,廣明,21,11,10,凱基-北門,2024-05-22,9283
00915,凱基優選高股息30,10,0,10,凱基-北門,2024-05-22,9283
1453,大將,10,0,10,凱基-北門,2024-05-22,9283
2511,太子,10,0,10,凱基-北門,2024-05-22,9283
2816,旺旺保,10,0,10,凱基-北門,2024-05-22,9283
8996,高力,10,0,10,凱基-北門,2024-05-22,9283
8112,至上,11,1,10,凱基-北門,2024-05-22,9283
8936,國統,10,1,9,凱基-北門,2024-05-22,9283
2355,敬鵬,10,2,8,凱基-北門,2024-05-22,9283
3548,兆利,7,0,7,凱基-北門,2024-05-22,9283
6139,亞翔,7,0,7,凱基-北門,2024-05-22,9283
2390,云辰,7,0,7,凱基-北門,2024-05-22,9283
4714,永捷,7,0,7,凱基-北門,2024-05-22,9283
2634,漢翔,8,1,7,凱基-北門,2024-05-22,9283
00715L,期街口布蘭特正2,6,0,6,凱基-北門,2024-05-22,9283
1217,愛之味,6,0,6,凱基-北門,2024-05-22,9283
1503,士電,6,0,6,凱基-北門,2024-05-22,9283
1605,華新,6,0,6,凱基-北門,2024-05-22,9283
1733,五鼎,6,0,6,凱基-北門,2024-05-22,9283
2516,新建,6,0,6,凱基-北門,2024-05-22,9283
3013,晟銘電,44,38,6,凱基-北門,2024-05-22,9283
6770,力積電,17,11,6,凱基-北門,2024-05-22,9283
1303,南亞,5,0,5,凱基-北門,2024-05-22,9283
2618,長榮航,129,49,80,凱基-北門,2024-05-23,9283
2610,華航,51,2,49,凱基-北門,2024-05-23,9283
3055,蔚華科,60,11,49,凱基-北門,2024-05-23,9283
2617,台航,47,0,47,凱基-北門,2024-05-23,9283
00933B,國泰10Y+金融債,45,7,38,凱基-北門,2024-05-23,9283
2897,王道銀行,35,0,35,凱基-北門,2024-05-23,9283
4111,濟生,32,0,32,凱基-北門,2024-05-23,9283
5251,天鉞電,32,2,30,凱基-北門,2024-05-23,9283
9946,三發地產,38,8,30,凱基-北門,2024-05-23,9283
00946,群益科技高息成長,29,0,29,凱基-北門,2024-05-23,9283
1608,華榮,25,0,25,凱基-北門,2024-05-23,9283
2002,中鋼,23,0,23,凱基-北門,2024-05-23,9283
2511,太子,21,0,21,凱基-北門,2024-05-23,9283
1563,巧新,20,0,20,凱基-北門,2024-05-23,9283
3059,華晶科,21,3,18,凱基-北門,2024-05-23,9283
3580,友威科,17,0,17,凱基-北門,2024-05-23,9283
2371,大同,25,9,16,凱基-北門,2024-05-23,9283
00632R,元大台灣50反1,15,0,15,凱基-北門,2024-05-23,9283
2464,盟立,131,116,15,凱基-北門,2024-05-23,9283
5871,中租-KY,15,1,14,凱基-北門,2024-05-23,9283
00715L,期街口布蘭特正2,13,0,13,凱基-北門,2024-05-23,9283
2886,兆豐金,13,0,13,凱基-北門,2024-05-23,9283
6139,亞翔,13,1,12,凱基-北門,2024-05-23,9283
2376,技嘉,13,1,12,凱基-北門,2024-05-23,9283
4543,萬在,13,1,12,凱基-北門,2024-05-23,9283
00940,元大台灣價值高息,45,34,11,凱基-北門,2024-05-23,9283
1101,台泥,18,8,10,凱基-北門,2024-05-23,9283
00915,凱基優選高股息30,10,0,10,凱基-北門,2024-05-23,9283
3591,艾笛森,10,0,10,凱基-北門,2024-05-23,9283
6147,頎邦,10,0,10,凱基-北門,2024-05-23,9283
6190,萬泰科,13,3,10,凱基-北門,2024-05-23,9283
6550,北極星藥業-KY,10,0,10,凱基-北門,2024-05-23,9283
2417,圓剛,16,7,9,凱基-北門,2024-05-23,9283
2331,精英,10,1,9,凱基-北門,2024-05-23,9283
3033,威健,10,1,9,凱基-北門,2024-05-23,9283
6197,佳必琪,10,2,8,凱基-北門,2024-05-23,9283
1609,大亞,10,3,7,凱基-北門,2024-05-23,9283
2354,鴻準,12,5,7,凱基-北門,2024-05-23,9283
2501,國建,8,1,7,凱基-北門,2024-05-23,9283
6141,柏承,7,0,7,凱基-北門,2024-05-23,9283
6207,雷科,16,9,7,凱基-北門,2024-05-23,9283
3037,欣興,11,4,7,凱基-北門,2024-05-23,9283
00720B,元大投資級公司債,6,0,6,凱基-北門,2024-05-23,9283
1603,華電,7,1,6,凱基-北門,2024-05-23,9283
4577,達航科技,7,1,6,凱基-北門,2024-05-23,9283
2355,敬鵬,5,0,5,凱基-北門,2024-05-23,9283
2382,廣達,56,51,5,凱基-北門,2024-05-23,9283
2363,矽統,16,11,5,凱基-北門,2024-05-23,9283
3227,原相,6,1,5,凱基-北門,2024-05-23,9283
1907,永豐餘,5,0,5,凱基-北門,2024-05-23,9283
5388,中磊,200,1,199,凱基-北門,2024-05-24,9283
00712,復華富時不動產,156,1,155,凱基-北門,2024-05-24,9283
00665L,富邦�琤肭磪囓�2,101,1,100,凱基-北門,2024-05-24,9283
00753L,中信中國50正2,100,12,88,凱基-北門,2024-05-24,9283
00882,中信中國高股息,90,32,58,凱基-北門,2024-05-24,9283
00933B,國泰10Y+金融債,34,0,34,凱基-北門,2024-05-24,9283
2303,聯電,26,1,25,凱基-北門,2024-05-24,9283
2515,中工,32,11,21,凱基-北門,2024-05-24,9283
4111,濟生,20,0,20,凱基-北門,2024-05-24,9283
00929,復華台灣科技優息,19,0,19,凱基-北門,2024-05-24,9283
2891,中信金,20,5,15,凱基-北門,2024-05-24,9283
2371,大同,16,3,13,凱基-北門,2024-05-24,9283
2483,百容,14,1,13,凱基-北門,2024-05-24,9283
6443,元晶,12,0,12,凱基-北門,2024-05-24,9283
2330,台積電,14,3,11,凱基-北門,2024-05-24,9283
4183,福永生技,11,0,11,凱基-北門,2024-05-24,9283
2355,敬鵬,10,0,10,凱基-北門,2024-05-24,9283
00632R,元大台灣50反1,10,0,10,凱基-北門,2024-05-24,9283
00945B,凱基美國非投等債,10,0,10,凱基-北門,2024-05-24,9283
2365,昆盈,43,33,10,凱基-北門,2024-05-24,9283
3591,艾笛森,10,0,10,凱基-北門,2024-05-24,9283
4908,前鼎,11,1,10,凱基-北門,2024-05-24,9283
6770,力積電,10,0,10,凱基-北門,2024-05-24,9283
1102,亞泥,12,2,10,凱基-北門,2024-05-24,9283
6125,廣運,12,2,10,凱基-北門,2024-05-24,9283
00946,群益科技高息成長,8,0,8,凱基-北門,2024-05-24,9283
2367,燿華,14,6,8,凱基-北門,2024-05-24,9283
2618,長榮航,36,28,8,凱基-北門,2024-05-24,9283
2892,第一金,7,0,7,凱基-北門,2024-05-24,9283
3013,晟銘電,28,21,7,凱基-北門,2024-05-24,9283
6147,頎邦,7,0,7,凱基-北門,2024-05-24,9283
6209,今國光,7,0,7,凱基-北門,2024-05-24,9283
2324,仁寶,34,28,6,凱基-北門,2024-05-24,9283
2002,中鋼,6,0,6,凱基-北門,2024-05-24,9283
1609,大亞,8,2,6,凱基-北門,2024-05-24,9283
1809,中釉,6,0,6,凱基-北門,2024-05-24,9283
2613,中櫃,7,1,6,凱基-北門,2024-05-24,9283
3037,欣興,6,0,6,凱基-北門,2024-05-24,9283
3511,矽瑪,6,0,6,凱基-北門,2024-05-24,9283
6275,元山,6,0,6,凱基-北門,2024-05-24,9283
8067,志旭,6,0,6,凱基-北門,2024-05-24,9283
8341,日友,6,0,6,凱基-北門,2024-05-24,9283
00751B,元大AAA至A公司債,6,0,6,凱基-北門,2024-05-24,9283
00936,台新永續高息中小,5,0,5,凱基-北門,2024-05-24,9283
1516,川飛,7,2,5,凱基-北門,2024-05-24,9283
2610,華航,8,3,5,凱基-北門,2024-05-24,9283
4532,瑞智,7,2,5,凱基-北門,2024-05-24,9283
6641,基士德-KY,5,0,5,凱基-北門,2024-05-24,9283
00940,元大台灣價值高息,5,0,5,凱基-北門,2024-05-24,9283
00679B,元大美債20年,6,2,4,凱基-北門,2024-05-24,9283
00753L,中信中國50正2,101,0,101,凱基-北門,2024-05-27,9283
00665L,富邦�琤肭磪囓�2,100,0,100,凱基-北門,2024-05-27,9283
00637L,元大滬深300正2,100,0,100,凱基-北門,2024-05-27,9283
00937B,群益ESG投等債20,123,45,78,凱基-北門,2024-05-27,9283
00946,群益科技高息成長,75,0,75,凱基-北門,2024-05-27,9283
2609,陽明,60,2,58,凱基-北門,2024-05-27,9283
2486,一詮,111,53,58,凱基-北門,2024-05-27,9283
9105,泰金寶-DR,60,3,57,凱基-北門,2024-05-27,9283
3052,夆典,40,0,40,凱基-北門,2024-05-27,9283
2897,王道銀行,35,0,35,凱基-北門,2024-05-27,9283
5498,凱崴,50,19,31,凱基-北門,2024-05-27,9283
3712,永崴投控,34,4,30,凱基-北門,2024-05-27,9283
2002,中鋼,28,5,23,凱基-北門,2024-05-27,9283
2405,輔信,31,8,23,凱基-北門,2024-05-27,9283
2369,菱生,25,6,19,凱基-北門,2024-05-27,9283
2515,中工,20,3,17,凱基-北門,2024-05-27,9283
3580,友威科,18,2,16,凱基-北門,2024-05-27,9283
3704,合勤控,15,0,15,凱基-北門,2024-05-27,9283
00632R,元大台灣50反1,11,0,11,凱基-北門,2024-05-27,9283
1605,華新,15,4,11,凱基-北門,2024-05-27,9283
2495,普安,11,0,11,凱基-北門,2024-05-27,9283
1101,台泥,11,1,10,凱基-北門,2024-05-27,9283
1815,富喬,45,35,10,凱基-北門,2024-05-27,9283
2812,台中銀,10,0,10,凱基-北門,2024-05-27,9283
3605,宏致,14,4,10,凱基-北門,2024-05-27,9283
4109,加捷生醫,10,0,10,凱基-北門,2024-05-27,9283
4183,福永生技,9,0,9,凱基-北門,2024-05-27,9283
1611,中電,10,2,8,凱基-北門,2024-05-27,9283
2603,長榮,25,18,7,凱基-北門,2024-05-27,9283
3033,威健,7,0,7,凱基-北門,2024-05-27,9283
3706,神達,7,0,7,凱基-北門,2024-05-27,9283
6270,倍微,9,2,7,凱基-北門,2024-05-27,9283
8028,昇陽半導體,16,9,7,凱基-北門,2024-05-27,9283
2610,華航,12,6,6,凱基-北門,2024-05-27,9283
00933B,國泰10Y+金融債,6,0,6,凱基-北門,2024-05-27,9283
1506,正道,6,0,6,凱基-北門,2024-05-27,9283
3047,訊舟,6,0,6,凱基-北門,2024-05-27,9283
3481,群創,23,17,6,凱基-北門,2024-05-27,9283
4113,聯上,6,0,6,凱基-北門,2024-05-27,9283
2354,鴻準,12,6,6,凱基-北門,2024-05-27,9283
6414,樺漢,5,0,5,凱基-北門,2024-05-27,9283
1201,味全,5,0,5,凱基-北門,2024-05-27,9283
2401,凌陽,18,13,5,凱基-北門,2024-05-27,9283
2459,敦吉,5,0,5,凱基-北門,2024-05-27,9283
2501,國建,5,0,5,凱基-北門,2024-05-27,9283
3226,至寶電,5,0,5,凱基-北門,2024-05-27,9283
3260,威剛,6,1,5,凱基-北門,2024-05-27,9283
3455,由田,5,0,5,凱基-北門,2024-05-27,9283
4162,智擎,5,0,5,凱基-北門,2024-05-27,9283
4915,致伸,5,0,5,凱基-北門,2024-05-27,9283
00753L,中信中國50正2,102,0,102,凱基-北門,2024-05-28,9283
2609,陽明,71,13,58,凱基-北門,2024-05-28,9283
00830,國泰費城半導體,50,0,50,凱基-北門,2024-05-28,9283
9105,泰金寶-DR,50,0,50,凱基-北門,2024-05-28,9283
00937B,群益ESG投等債20,40,0,40,凱基-北門,2024-05-28,9283
00933B,國泰10Y+金融債,31,0,31,凱基-北門,2024-05-28,9283
2486,一詮,43,16,27,凱基-北門,2024-05-28,9283
2464,盟立,55,35,20,凱基-北門,2024-05-28,9283
6188,廣明,35,16,19,凱基-北門,2024-05-28,9283
5608,四維航,29,13,16,凱基-北門,2024-05-28,9283
2363,矽統,39,23,16,凱基-北門,2024-05-28,9283
5371,中光電,18,2,16,凱基-北門,2024-05-28,9283
6112,邁達特,17,1,16,凱基-北門,2024-05-28,9283
2201,裕隆,21,7,14,凱基-北門,2024-05-28,9283
2331,精英,14,0,14,凱基-北門,2024-05-28,9283
8027,鈦昇,53,40,13,凱基-北門,2024-05-28,9283
2460,建通,13,0,13,凱基-北門,2024-05-28,9283
8936,國統,12,0,12,凱基-北門,2024-05-28,9283
2303,聯電,16,5,11,凱基-北門,2024-05-28,9283
2353,宏��,16,5,11,凱基-北門,2024-05-28,9283
00942B,台新美A公司債20+,11,0,11,凱基-北門,2024-05-28,9283
00946,群益科技高息成長,10,0,10,凱基-北門,2024-05-28,9283
2426,鼎元,10,0,10,凱基-北門,2024-05-28,9283
3576,聯合再生,10,0,10,凱基-北門,2024-05-28,9283
4958,臻鼎-KY,10,0,10,凱基-北門,2024-05-28,9283
6155,鈞寶,10,0,10,凱基-北門,2024-05-28,9283
6173,信昌電,10,0,10,凱基-北門,2024-05-28,9283
6209,今國光,11,1,10,凱基-北門,2024-05-28,9283
6806,森崴能源,10,0,10,凱基-北門,2024-05-28,9283
6865,偉康科技,10,0,10,凱基-北門,2024-05-28,9283
00919,群益台灣精選高息,14,4,10,凱基-北門,2024-05-28,9283
2489,瑞軒,15,5,10,凱基-北門,2024-05-28,9283
6275,元山,17,8,9,凱基-北門,2024-05-28,9283
6770,力積電,17,9,8,凱基-北門,2024-05-28,9283
2891,中信金,8,1,7,凱基-北門,2024-05-28,9283
00927,群益半導體收益,12,5,7,凱基-北門,2024-05-28,9283
00687B,國泰20年美債,7,0,7,凱基-北門,2024-05-28,9283
00751B,元大AAA至A公司債,7,0,7,凱基-北門,2024-05-28,9283
2332,友訊,7,0,7,凱基-北門,2024-05-28,9283
4561,健椿,7,0,7,凱基-北門,2024-05-28,9283
6215,和椿,11,4,7,凱基-北門,2024-05-28,9283
6456,GIS-KY,7,0,7,凱基-北門,2024-05-28,9283
3033,威健,9,3,6,凱基-北門,2024-05-28,9283
2881,富邦金,6,0,6,凱基-北門,2024-05-28,9283
2382,廣達,66,60,6,凱基-北門,2024-05-28,9283
00665L,富邦�琤肭磪囓�2,6,0,6,凱基-北門,2024-05-28,9283
00941,中信上游半導體,6,0,6,凱基-北門,2024-05-28,9283
1303,南亞,6,0,6,凱基-北門,2024-05-28,9283
2449,京元電子,11,5,6,凱基-北門,2024-05-28,9283
2357,華碩,5,0,5,凱基-北門,2024-05-28,9283
00937B,群益ESG投等債20,192,0,192,凱基-北門,2024-05-29,9283
3231,緯創,125,17,108,凱基-北門,2024-05-29,9283
00712,復華富時不動產,95,0,95,凱基-北門,2024-05-29,9283
2514,龍邦,81,1,80,凱基-北門,2024-05-29,9283
00679B,元大美債20年,57,0,57,凱基-北門,2024-05-29,9283
2342,茂矽,50,0,50,凱基-北門,2024-05-29,9283
3576,聯合再生,50,0,50,凱基-北門,2024-05-29,9283
00946,群益科技高息成長,46,0,46,凱基-北門,2024-05-29,9283
8105,凌巨,41,2,39,凱基-北門,2024-05-29,9283
00933B,國泰10Y+金融債,36,0,36,凱基-北門,2024-05-29,9283
2618,長榮航,50,15,35,凱基-北門,2024-05-29,9283
00882,中信中國高股息,30,0,30,凱基-北門,2024-05-29,9283
00689R,國泰20年美債反1,30,0,30,凱基-北門,2024-05-29,9283
1714,和桐,30,0,30,凱基-北門,2024-05-29,9283
2610,華航,44,14,30,凱基-北門,2024-05-29,9283
2515,中工,49,20,29,凱基-北門,2024-05-29,9283
2891,中信金,35,8,27,凱基-北門,2024-05-29,9283
2881,富邦金,28,2,26,凱基-北門,2024-05-29,9283
00943,兆豐電子高息等權,23,0,23,凱基-北門,2024-05-29,9283
00687B,國泰20年美債,22,0,22,凱基-北門,2024-05-29,9283
2886,兆豐金,20,0,20,凱基-北門,2024-05-29,9283
00929,復華台灣科技優息,20,0,20,凱基-北門,2024-05-29,9283
3052,夆典,20,0,20,凱基-北門,2024-05-29,9283
4164,承業醫,20,0,20,凱基-北門,2024-05-29,9283
2417,圓剛,40,21,19,凱基-北門,2024-05-29,9283
3580,友威科,25,6,19,凱基-北門,2024-05-29,9283
2388,威盛,18,0,18,凱基-北門,2024-05-29,9283
2317,鴻海,42,24,18,凱基-北門,2024-05-29,9283
2025,千興,17,0,17,凱基-北門,2024-05-29,9283
2484,希華,20,3,17,凱基-北門,2024-05-29,9283
3033,威健,17,1,16,凱基-北門,2024-05-29,9283
6005,群益證,16,1,15,凱基-北門,2024-05-29,9283
2363,矽統,38,23,15,凱基-北門,2024-05-29,9283
2888,新光金,55,40,15,凱基-北門,2024-05-29,9283
5880,合庫金,15,0,15,凱基-北門,2024-05-29,9283
00680L,元大美債20正2,14,0,14,凱基-北門,2024-05-29,9283
6125,廣運,28,15,13,凱基-北門,2024-05-29,9283
8064,東捷,20,7,13,凱基-北門,2024-05-29,9283
00878,國泰永續高股息,14,2,12,凱基-北門,2024-05-29,9283
5371,中光電,17,5,12,凱基-北門,2024-05-29,9283
4543,萬在,14,2,12,凱基-北門,2024-05-29,9283
1101,台泥,11,0,11,凱基-北門,2024-05-29,9283
2883,凱基金,12,1,11,凱基-北門,2024-05-29,9283
00942B,台新美A公司債20+,10,0,10,凱基-北門,2024-05-29,9283
00637L,元大滬深300正2,11,1,10,凱基-北門,2024-05-29,9283
2460,建通,10,0,10,凱基-北門,2024-05-29,9283
2495,普安,12,2,10,凱基-北門,2024-05-29,9283
3062,建漢,20,10,10,凱基-北門,2024-05-29,9283
5285,界霖,10,0,10,凱基-北門,2024-05-29,9283
9105,泰金寶-DR,10,0,10,凱基-北門,2024-05-29,9283
00937B,群益ESG投等債20,214,0,214,凱基-北門,2024-05-30,9283
00939,統一台灣高息動能,52,0,52,凱基-北門,2024-05-30,9283
2609,陽明,46,1,45,凱基-北門,2024-05-30,9283
00654R,富邦印度反1,45,0,45,凱基-北門,2024-05-30,9283
00929,復華台灣科技優息,37,0,37,凱基-北門,2024-05-30,9283
2887,台新金,34,0,34,凱基-北門,2024-05-30,9283
2313,華通,31,0,31,凱基-北門,2024-05-30,9283
2891,中信金,33,2,31,凱基-北門,2024-05-30,9283
00687B,國泰20年美債,28,1,27,凱基-北門,2024-05-30,9283
00665L,富邦�琤肭磪囓�2,26,1,25,凱基-北門,2024-05-30,9283
2483,百容,25,0,25,凱基-北門,2024-05-30,9283
00940,元大台灣價值高息,30,6,24,凱基-北門,2024-05-30,9283
00679B,元大美債20年,25,1,24,凱基-北門,2024-05-30,9283
00946,群益科技高息成長,44,20,24,凱基-北門,2024-05-30,9283
00712,復華富時不動產,28,9,19,凱基-北門,2024-05-30,9283
2888,新光金,60,41,19,凱基-北門,2024-05-30,9283
3313,斐成,22,3,19,凱基-北門,2024-05-30,9283
6125,廣運,20,2,18,凱基-北門,2024-05-30,9283
6770,力積電,17,1,16,凱基-北門,2024-05-30,9283
5880,合庫金,16,0,16,凱基-北門,2024-05-30,9283
1303,南亞,17,2,15,凱基-北門,2024-05-30,9283
6684,安格,23,8,15,凱基-北門,2024-05-30,9283
8054,安國,25,10,15,凱基-北門,2024-05-30,9283
4533,協易機,56,42,14,凱基-北門,2024-05-30,9283
4909,新復興,13,0,13,凱基-北門,2024-05-30,9283
2408,南亞科,13,1,12,凱基-北門,2024-05-30,9283
8105,凌巨,21,9,12,凱基-北門,2024-05-30,9283
2464,盟立,31,20,11,凱基-北門,2024-05-30,9283
1101,台泥,11,0,11,凱基-北門,2024-05-30,9283
2353,宏��,14,3,11,凱基-北門,2024-05-30,9283
3035,智原,16,5,11,凱基-北門,2024-05-30,9283
2406,國碩,11,0,11,凱基-北門,2024-05-30,9283
00878,國泰永續高股息,12,2,10,凱基-北門,2024-05-30,9283
0056,元大高股息,10,0,10,凱基-北門,2024-05-30,9283
6274,台燿,10,0,10,凱基-北門,2024-05-30,9283
00877,復華中國5G,10,0,10,凱基-北門,2024-05-30,9283
2436,偉詮電,12,2,10,凱基-北門,2024-05-30,9283
2441,超豐,10,0,10,凱基-北門,2024-05-30,9283
2460,建通,10,0,10,凱基-北門,2024-05-30,9283
2537,聯上發,40,30,10,凱基-北門,2024-05-30,9283
3543,州巧,10,0,10,凱基-北門,2024-05-30,9283
6548,長科*,19,9,10,凱基-北門,2024-05-30,9283
6706,惠特,10,0,10,凱基-北門,2024-05-30,9283
9938,百和,10,0,10,凱基-北門,2024-05-30,9283
2382,廣達,9,0,9,凱基-北門,2024-05-30,9283
00795B,中信美國公債20年,9,0,9,凱基-北門,2024-05-30,9283
2344,華邦電,9,0,9,凱基-北門,2024-05-30,9283
2356,英業達,15,6,9,凱基-北門,2024-05-30,9283
2538,基泰,9,0,9,凱基-北門,2024-05-30,9283
2363,矽統,13,5,8,凱基-北門,2024-05-30,9283
00753L,中信中國50正2,105,4,101,凱基-北門,2024-05-31,9283
2601,益航,100,0,100,凱基-北門,2024-05-31,9283
00937B,群益ESG投等債20,91,1,90,凱基-北門,2024-05-31,9283
2609,陽明,259,200,59,凱基-北門,2024-05-31,9283
00919,群益台灣精選高息,58,1,57,凱基-北門,2024-05-31,9283
00929,復華台灣科技優息,53,0,53,凱基-北門,2024-05-31,9283
9105,泰金寶-DR,40,1,39,凱基-北門,2024-05-31,9283
00939,統一台灣高息動能,31,0,31,凱基-北門,2024-05-31,9283
00946,群益科技高息成長,27,0,27,凱基-北門,2024-05-31,9283
2356,英業達,22,0,22,凱基-北門,2024-05-31,9283
2641,正德,27,5,22,凱基-北門,2024-05-31,9283
3231,緯創,22,1,21,凱基-北門,2024-05-31,9283
00731,復華富時高息低波,21,0,21,凱基-北門,2024-05-31,9283
2317,鴻海,31,11,20,凱基-北門,2024-05-31,9283
4967,十銓,35,15,20,凱基-北門,2024-05-31,9283
2347,聯強,21,1,20,凱基-北門,2024-05-31,9283
3037,欣興,21,2,19,凱基-北門,2024-05-31,9283
00715L,期街口布蘭特正2,14,0,14,凱基-北門,2024-05-31,9283
2344,華邦電,14,0,14,凱基-北門,2024-05-31,9283
2444,兆勁,14,0,14,凱基-北門,2024-05-31,9283
00940,元大台灣價值高息,32,18,14,凱基-北門,2024-05-31,9283
2002,中鋼,19,6,13,凱基-北門,2024-05-31,9283
2615,萬海,15,2,13,凱基-北門,2024-05-31,9283
4113,聯上,13,0,13,凱基-北門,2024-05-31,9283
1815,富喬,24,12,12,凱基-北門,2024-05-31,9283
8054,安國,18,6,12,凱基-北門,2024-05-31,9283
3033,威健,11,0,11,凱基-北門,2024-05-31,9283
2603,長榮,18,7,11,凱基-北門,2024-05-31,9283
00881,國泰台灣5G+,11,0,11,凱基-北門,2024-05-31,9283
00927,群益半導體收益,10,0,10,凱基-北門,2024-05-31,9283
2353,宏��,39,29,10,凱基-北門,2024-05-31,9283
2365,昆盈,10,0,10,凱基-北門,2024-05-31,9283
2836,高雄銀,10,0,10,凱基-北門,2024-05-31,9283
3303,岱稜,10,0,10,凱基-北門,2024-05-31,9283
5328,華容,10,0,10,凱基-北門,2024-05-31,9283
6016,康和證,10,0,10,凱基-北門,2024-05-31,9283
6026,福邦證,10,0,10,凱基-北門,2024-05-31,9283
8038,長園科,10,0,10,凱基-北門,2024-05-31,9283
1218,泰山,9,0,9,凱基-北門,2024-05-31,9283
2324,仁寶,9,1,8,凱基-北門,2024-05-31,9283
2449,京元電子,10,2,8,凱基-北門,2024-05-31,9283
3702,大聯大,8,0,8,凱基-北門,2024-05-31,9283
5392,能率,8,0,8,凱基-北門,2024-05-31,9283
6147,頎邦,8,0,8,凱基-北門,2024-05-31,9283
2354,鴻準,43,35,8,凱基-北門,2024-05-31,9283
3450,聯鈞,13,6,7,凱基-北門,2024-05-31,9283
2417,圓剛,14,7,7,凱基-北門,2024-05-31,9283
6005,群益證,7,0,7,凱基-北門,2024-05-31,9283
6141,柏承,7,0,7,凱基-北門,2024-05-31,9283
6207,雷科,13,6,7,凱基-北門,2024-05-31,9283
2834,臺企銀,101,0,101,凱基-北門,2024-06-03,9283
2349,錸德,100,0,100,凱基-北門,2024-06-03,9283
2515,中工,80,0,80,凱基-北門,2024-06-03,9283
2486,一詮,81,4,77,凱基-北門,2024-06-03,9283
00937B,群益ESG投等債20,76,5,71,凱基-北門,2024-06-03,9283
00919,群益台灣精選高息,58,11,47,凱基-北門,2024-06-03,9283
00882,中信中國高股息,43,1,42,凱基-北門,2024-06-03,9283
3580,友威科,41,0,41,凱基-北門,2024-06-03,9283
3236,千如,40,1,39,凱基-北門,2024-06-03,9283
00918,大華優利高填息30,36,0,36,凱基-北門,2024-06-03,9283
6770,力積電,33,0,33,凱基-北門,2024-06-03,9283
1402,遠東新,30,0,30,凱基-北門,2024-06-03,9283
6167,久正,32,2,30,凱基-北門,2024-06-03,9283
00715L,期街口布蘭特正2,29,0,29,凱基-北門,2024-06-03,9283
2427,三商電,30,4,26,凱基-北門,2024-06-03,9283
00946,群益科技高息成長,25,0,25,凱基-北門,2024-06-03,9283
2641,正德,25,0,25,凱基-北門,2024-06-03,9283
2101,南港,31,8,23,凱基-北門,2024-06-03,9283
2483,百容,23,0,23,凱基-北門,2024-06-03,9283
2353,宏��,35,19,16,凱基-北門,2024-06-03,9283
2355,敬鵬,27,11,16,凱基-北門,2024-06-03,9283
00878,國泰永續高股息,14,1,13,凱基-北門,2024-06-03,9283
2637,慧洋-KY,21,8,13,凱基-北門,2024-06-03,9283
8227,巨有科技,12,0,12,凱基-北門,2024-06-03,9283
00915,凱基優選高股息30,11,0,11,凱基-北門,2024-06-03,9283
00679B,元大美債20年,12,1,11,凱基-北門,2024-06-03,9283
4533,協易機,22,11,11,凱基-北門,2024-06-03,9283
00888,永豐台灣ESG,10,0,10,凱基-北門,2024-06-03,9283
00927,群益半導體收益,10,0,10,凱基-北門,2024-06-03,9283
1907,永豐餘,10,0,10,凱基-北門,2024-06-03,9283
3052,夆典,10,0,10,凱基-北門,2024-06-03,9283
3062,建漢,11,1,10,凱基-北門,2024-06-03,9283
5531,鄉林,10,0,10,凱基-北門,2024-06-03,9283
6142,友勁,10,0,10,凱基-北門,2024-06-03,9283
6788,華景電,10,0,10,凱基-北門,2024-06-03,9283
2618,長榮航,16,7,9,凱基-北門,2024-06-03,9283
6141,柏承,9,0,9,凱基-北門,2024-06-03,9283
8027,鈦昇,9,0,9,凱基-北門,2024-06-03,9283
6569,醫揚,9,0,9,凱基-北門,2024-06-03,9283
1101,台泥,10,1,9,凱基-北門,2024-06-03,9283
2884,玉山金,10,2,8,凱基-北門,2024-06-03,9283
8105,凌巨,11,3,8,凱基-北門,2024-06-03,9283
3231,緯創,12,4,8,凱基-北門,2024-06-03,9283
5388,中磊,7,0,7,凱基-北門,2024-06-03,9283
1516,川飛,7,0,7,凱基-北門,2024-06-03,9283
5392,能率,7,0,7,凱基-北門,2024-06-03,9283
2317,鴻海,18,11,7,凱基-北門,2024-06-03,9283
2002,中鋼,7,1,6,凱基-北門,2024-06-03,9283
5371,中光電,19,13,6,凱基-北門,2024-06-03,9283
00891,中信關鍵半導體,9,3,6,凱基-北門,2024-06-03,9283
00632R,元大台灣50反1,550,3,547,凱基-北門,2024-06-04,9283
1314,中石化,100,0,100,凱基-北門,2024-06-04,9283
2834,臺企銀,69,0,69,凱基-北門,2024-06-04,9283
2483,百容,69,0,69,凱基-北門,2024-06-04,9283
00919,群益台灣精選高息,57,2,55,凱基-北門,2024-06-04,9283
2867,三商壽,50,0,50,凱基-北門,2024-06-04,9283
00654R,富邦印度反1,45,0,45,凱基-北門,2024-06-04,9283
2331,精英,44,3,41,凱基-北門,2024-06-04,9283
00878,國泰永續高股息,51,10,41,凱基-北門,2024-06-04,9283
2515,中工,61,21,40,凱基-北門,2024-06-04,9283
00918,大華優利高填息30,36,0,36,凱基-北門,2024-06-04,9283
00936,台新永續高息中小,35,1,34,凱基-北門,2024-06-04,9283
00929,復華台灣科技優息,44,12,32,凱基-北門,2024-06-04,9283
912000,晨訊科-DR,30,0,30,凱基-北門,2024-06-04,9283
1609,大亞,29,1,28,凱基-北門,2024-06-04,9283
00715L,期街口布蘭特正2,27,0,27,凱基-北門,2024-06-04,9283
2317,鴻海,38,11,27,凱基-北門,2024-06-04,9283
00642U,期元大S＆P石油,26,0,26,凱基-北門,2024-06-04,9283
6125,廣運,37,12,25,凱基-北門,2024-06-04,9283
00696B,富邦美債20年,25,1,24,凱基-北門,2024-06-04,9283
2880,華南金,21,0,21,凱基-北門,2024-06-04,9283
1907,永豐餘,21,0,21,凱基-北門,2024-06-04,9283
6245,立端,28,8,20,凱基-北門,2024-06-04,9283
2801,彰銀,20,0,20,凱基-北門,2024-06-04,9283
2537,聯上發,31,14,17,凱基-北門,2024-06-04,9283
4533,協易機,50,34,16,凱基-北門,2024-06-04,9283
1101,台泥,15,0,15,凱基-北門,2024-06-04,9283
00940,元大台灣價值高息,13,0,13,凱基-北門,2024-06-04,9283
2354,鴻準,13,0,13,凱基-北門,2024-06-04,9283
2344,華邦電,13,0,13,凱基-北門,2024-06-04,9283
2504,國產,13,0,13,凱基-北門,2024-06-04,9283
8070,長華*,14,1,13,凱基-北門,2024-06-04,9283
2002,中鋼,14,1,13,凱基-北門,2024-06-04,9283
5371,中光電,18,7,11,凱基-北門,2024-06-04,9283
00946,群益科技高息成長,11,0,11,凱基-北門,2024-06-04,9283
1785,光洋科,13,2,11,凱基-北門,2024-06-04,9283
2618,長榮航,27,16,11,凱基-北門,2024-06-04,9283
2634,漢翔,11,0,11,凱基-北門,2024-06-04,9283
3260,威剛,18,7,11,凱基-北門,2024-06-04,9283
6684,安格,11,0,11,凱基-北門,2024-06-04,9283
00700,富邦�琤肭磪�,10,0,10,凱基-北門,2024-06-04,9283
00881,國泰台灣5G+,10,0,10,凱基-北門,2024-06-04,9283
2464,盟立,43,33,10,凱基-北門,2024-06-04,9283
2489,瑞軒,10,0,10,凱基-北門,2024-06-04,9283
2506,太設,10,0,10,凱基-北門,2024-06-04,9283
5392,能率,10,0,10,凱基-北門,2024-06-04,9283
8147,正淩,12,2,10,凱基-北門,2024-06-04,9283
2324,仁寶,17,7,10,凱基-北門,2024-06-04,9283
3036,文曄,10,1,9,凱基-北門,2024-06-04,9283
8429,金麗-KY,10,1,9,凱基-北門,2024-06-04,9283
2609,陽明,218,84,134,凱基-北門,2024-06-05,9283
2641,正德,127,0,127,凱基-北門,2024-06-05,9283
00882,中信中國高股息,100,0,100,凱基-北門,2024-06-05,9283
00937B,群益ESG投等債20,104,30,74,凱基-北門,2024-06-05,9283
2303,聯電,69,1,68,凱基-北門,2024-06-05,9283
00878,國泰永續高股息,68,1,67,凱基-北門,2024-06-05,9283
00936,台新永續高息中小,65,0,65,凱基-北門,2024-06-05,9283
9105,泰金寶-DR,60,1,59,凱基-北門,2024-06-05,9283
00929,復華台灣科技優息,86,48,38,凱基-北門,2024-06-05,9283
00918,大華優利高填息30,34,0,34,凱基-北門,2024-06-05,9283
2883B,凱基金乙特,34,0,34,凱基-北門,2024-06-05,9283
1907,永豐餘,32,0,32,凱基-北門,2024-06-05,9283
00650L,復華香港正2,21,0,21,凱基-北門,2024-06-05,9283
1514,亞力,22,1,21,凱基-北門,2024-06-05,9283
00919,群益台灣精選高息,24,3,21,凱基-北門,2024-06-05,9283
2417,圓剛,21,1,20,凱基-北門,2024-06-05,9283
00712,復華富時不動產,20,0,20,凱基-北門,2024-06-05,9283
2014,中鴻,20,0,20,凱基-北門,2024-06-05,9283
3048,益登,22,2,20,凱基-北門,2024-06-05,9283
2605,新興,34,15,19,凱基-北門,2024-06-05,9283
0056,元大高股息,15,0,15,凱基-北門,2024-06-05,9283
3033,威健,15,0,15,凱基-北門,2024-06-05,9283
00713,元大台灣高息低波,14,0,14,凱基-北門,2024-06-05,9283
2610,華航,13,0,13,凱基-北門,2024-06-05,9283
2354,鴻準,22,10,12,凱基-北門,2024-06-05,9283
3017,奇鋐,15,3,12,凱基-北門,2024-06-05,9283
00940,元大台灣價值高息,17,6,11,凱基-北門,2024-06-05,9283
2324,仁寶,11,0,11,凱基-北門,2024-06-05,9283
00927,群益半導體收益,11,0,11,凱基-北門,2024-06-05,9283
6188,廣明,13,3,10,凱基-北門,2024-06-05,9283
6569,醫揚,13,3,10,凱基-北門,2024-06-05,9283
2524,京城,10,0,10,凱基-北門,2024-06-05,9283
4722,國精化,10,0,10,凱基-北門,2024-06-05,9283
6170,統振,10,0,10,凱基-北門,2024-06-05,9283
8104,錸寶,10,0,10,凱基-北門,2024-06-05,9283
2353,宏��,19,10,9,凱基-北門,2024-06-05,9283
2002,中鋼,9,0,9,凱基-北門,2024-06-05,9283
2460,建通,10,1,9,凱基-北門,2024-06-05,9283
3019,亞光,10,1,9,凱基-北門,2024-06-05,9283
3380,明泰,10,1,9,凱基-北門,2024-06-05,9283
5340,建榮,11,2,9,凱基-北門,2024-06-05,9283
3088,艾訊,9,1,8,凱基-北門,2024-06-05,9283
2317,鴻海,31,23,8,凱基-北門,2024-06-05,9283
4967,十銓,8,0,8,凱基-北門,2024-06-05,9283
2427,三商電,10,2,8,凱基-北門,2024-06-05,9283
4562,穎漢,12,5,7,凱基-北門,2024-06-05,9283
5371,中光電,7,0,7,凱基-北門,2024-06-05,9283
2363,矽統,9,2,7,凱基-北門,2024-06-05,9283
00939,統一台灣高息動能,6,0,6,凱基-北門,2024-06-05,9283
2464,盟立,17,11,6,凱基-北門,2024-06-05,9283
00937B,群益ESG投等債20,148,25,123,凱基-北門,2024-06-06,9283
1815,富喬,131,24,107,凱基-北門,2024-06-06,9283
00918,大華優利高填息30,98,0,98,凱基-北門,2024-06-06,9283
00632R,元大台灣50反1,74,0,74,凱基-北門,2024-06-06,9283
2609,陽明,131,69,62,凱基-北門,2024-06-06,9283
2610,華航,69,10,59,凱基-北門,2024-06-06,9283
2317,鴻海,80,23,57,凱基-北門,2024-06-06,9283
5478,智冠,51,0,51,凱基-北門,2024-06-06,9283
00929,復華台灣科技優息,46,0,46,凱基-北門,2024-06-06,9283
00650L,復華香港正2,32,0,32,凱基-北門,2024-06-06,9283
00936,台新永續高息中小,41,9,32,凱基-北門,2024-06-06,9283
00919,群益台灣精選高息,24,0,24,凱基-北門,2024-06-06,9283
2354,鴻準,32,10,22,凱基-北門,2024-06-06,9283
00891,中信關鍵半導體,22,0,22,凱基-北門,2024-06-06,9283
2409,友達,21,0,21,凱基-北門,2024-06-06,9283
1714,和桐,20,0,20,凱基-北門,2024-06-06,9283
1907,永豐餘,20,0,20,凱基-北門,2024-06-06,9283
2460,建通,20,0,20,凱基-北門,2024-06-06,9283
2495,普安,20,0,20,凱基-北門,2024-06-06,9283
8071,能率網通,20,0,20,凱基-北門,2024-06-06,9283
2417,圓剛,55,37,18,凱基-北門,2024-06-06,9283
2201,裕隆,15,0,15,凱基-北門,2024-06-06,9283
3163,波若威,16,1,15,凱基-北門,2024-06-06,9283
5608,四維航,17,3,14,凱基-北門,2024-06-06,9283
6550,北極星藥業-KY,40,27,13,凱基-北門,2024-06-06,9283
4562,穎漢,17,4,13,凱基-北門,2024-06-06,9283
1101,台泥,13,0,13,凱基-北門,2024-06-06,9283
5340,建榮,13,1,12,凱基-北門,2024-06-06,9283
00878,國泰永續高股息,12,1,11,凱基-北門,2024-06-06,9283
2367,燿華,16,5,11,凱基-北門,2024-06-06,9283
3481,群創,11,0,11,凱基-北門,2024-06-06,9283
3580,友威科,11,0,11,凱基-北門,2024-06-06,9283
6274,台燿,12,1,11,凱基-北門,2024-06-06,9283
2615,萬海,26,16,10,凱基-北門,2024-06-06,9283
00900,富邦特選高股息30,10,0,10,凱基-北門,2024-06-06,9283
1316,上曜,10,0,10,凱基-北門,2024-06-06,9283
2355,敬鵬,10,0,10,凱基-北門,2024-06-06,9283
3041,揚智,10,0,10,凱基-北門,2024-06-06,9283
3297,杭特,10,0,10,凱基-北門,2024-06-06,9283
6505,台塑化,10,0,10,凱基-北門,2024-06-06,9283
8924,大田,10,0,10,凱基-北門,2024-06-06,9283
2362,藍天,12,3,9,凱基-北門,2024-06-06,9283
2611,志信,12,3,9,凱基-北門,2024-06-06,9283
2009,第一銅,8,0,8,凱基-北門,2024-06-06,9283
6569,醫揚,8,0,8,凱基-北門,2024-06-06,9283
2486,一詮,43,36,7,凱基-北門,2024-06-06,9283
1597,直得,7,0,7,凱基-北門,2024-06-06,9283
6215,和椿,7,0,7,凱基-北門,2024-06-06,9283
6531,愛普*,7,0,7,凱基-北門,2024-06-06,9283
00946,群益科技高息成長,7,1,6,凱基-北門,2024-06-06,9283
00937B,群益ESG投等債20,117,0,117,凱基-北門,2024-06-07,9283
00918,大華優利高填息30,48,0,48,凱基-北門,2024-06-07,9283
00929,復華台灣科技優息,39,0,39,凱基-北門,2024-06-07,9283
2883B,凱基金乙特,32,0,32,凱基-北門,2024-06-07,9283
3236,千如,30,0,30,凱基-北門,2024-06-07,9283
6226,光鼎,30,0,30,凱基-北門,2024-06-07,9283
3231,緯創,23,7,16,凱基-北門,2024-06-07,9283
1714,和桐,15,0,15,凱基-北門,2024-06-07,9283
2511,太子,23,8,15,凱基-北門,2024-06-07,9283
2836,高雄銀,15,0,15,凱基-北門,2024-06-07,9283
2838,聯邦銀,15,0,15,凱基-北門,2024-06-07,9283
1513,中興電,21,7,14,凱基-北門,2024-06-07,9283
1609,大亞,35,21,14,凱基-北門,2024-06-07,9283
4766,南寶,14,0,14,凱基-北門,2024-06-07,9283
00939,統一台灣高息動能,13,0,13,凱基-北門,2024-06-07,9283
00650L,復華香港正2,15,2,13,凱基-北門,2024-06-07,9283
2101,南港,13,0,13,凱基-北門,2024-06-07,9283
00687B,國泰20年美債,12,0,12,凱基-北門,2024-06-07,9283
3019,亞光,15,3,12,凱基-北門,2024-06-07,9283
4533,協易機,16,5,11,凱基-北門,2024-06-07,9283
1108,幸福,10,0,10,凱基-北門,2024-06-07,9283
2460,建通,10,0,10,凱基-北門,2024-06-07,9283
3013,晟銘電,12,2,10,凱基-北門,2024-06-07,9283
5512,力麒,10,0,10,凱基-北門,2024-06-07,9283
6290,良維,10,0,10,凱基-北門,2024-06-07,9283
8112,至上,14,4,10,凱基-北門,2024-06-07,9283
1440,南紡,10,0,10,凱基-北門,2024-06-07,9283
2363,矽統,10,0,10,凱基-北門,2024-06-07,9283
4114,健喬,12,3,9,凱基-北門,2024-06-07,9283
2382,廣達,9,1,8,凱基-北門,2024-06-07,9283
1617,榮星,9,1,8,凱基-北門,2024-06-07,9283
1806,冠軍,8,0,8,凱基-北門,2024-06-07,9283
8089,康全電訊,11,3,8,凱基-北門,2024-06-07,9283
9105,泰金寶-DR,21,13,8,凱基-北門,2024-06-07,9283
2371,大同,16,9,7,凱基-北門,2024-06-07,9283
4909,新復興,7,0,7,凱基-北門,2024-06-07,9283
00900,富邦特選高股息30,10,4,6,凱基-北門,2024-06-07,9283
00878,國泰永續高股息,7,1,6,凱基-北門,2024-06-07,9283
1514,亞力,8,2,6,凱基-北門,2024-06-07,9283
1785,光洋科,6,0,6,凱基-北門,2024-06-07,9283
2365,昆盈,8,2,6,凱基-北門,2024-06-07,9283
2356,英業達,16,10,6,凱基-北門,2024-06-07,9283
3044,健鼎,5,0,5,凱基-北門,2024-06-07,9283
2353,宏��,8,3,5,凱基-北門,2024-06-07,9283
00892,富邦台灣半導體,5,0,5,凱基-北門,2024-06-07,9283
1416,廣豐,5,0,5,凱基-北門,2024-06-07,9283
4951,精拓科,5,0,5,凱基-北門,2024-06-07,9283
6279,胡連,5,0,5,凱基-北門,2024-06-07,9283
6486,互動,5,0,5,凱基-北門,2024-06-07,9283
2330,台積電,10,5,5,凱基-北門,2024-06-07,9283
2609,陽明,513,219,294,凱基-北門,2024-06-11,9283
00937B,群益ESG投等債20,164,13,151,凱基-北門,2024-06-11,9283
00919,群益台灣精選高息,111,8,103,凱基-北門,2024-06-11,9283
00929,復華台灣科技優息,80,2,78,凱基-北門,2024-06-11,9283
2610,華航,101,29,72,凱基-北門,2024-06-11,9283
00936,台新永續高息中小,64,0,64,凱基-北門,2024-06-11,9283
00751B,元大AAA至A公司債,59,0,59,凱基-北門,2024-06-11,9283
1815,富喬,64,12,52,凱基-北門,2024-06-11,9283
00918,大華優利高填息30,51,1,50,凱基-北門,2024-06-11,9283
5531,鄉林,47,6,41,凱基-北門,2024-06-11,9283
8047,星雲,28,0,28,凱基-北門,2024-06-11,9283
1316,上曜,36,9,27,凱基-北門,2024-06-11,9283
00712,復華富時不動產,23,0,23,凱基-北門,2024-06-11,9283
00665L,富邦�琤肭磪囓�2,21,0,21,凱基-北門,2024-06-11,9283
2014,中鴻,21,0,21,凱基-北門,2024-06-11,9283
2505,國揚,20,0,20,凱基-北門,2024-06-11,9283
2495,普安,29,11,18,凱基-北門,2024-06-11,9283
00933B,國泰10Y+金融債,17,0,17,凱基-北門,2024-06-11,9283
0056,元大高股息,17,0,17,凱基-北門,2024-06-11,9283
1609,大亞,19,2,17,凱基-北門,2024-06-11,9283
2603,長榮,43,26,17,凱基-北門,2024-06-11,9283
2605,新興,21,5,16,凱基-北門,2024-06-11,9283
00935,野村臺灣新科技50,15,0,15,凱基-北門,2024-06-11,9283
2417,圓剛,15,0,15,凱基-北門,2024-06-11,9283
4533,協易機,15,0,15,凱基-北門,2024-06-11,9283
2637,慧洋-KY,16,1,15,凱基-北門,2024-06-11,9283
6152,百一,14,0,14,凱基-北門,2024-06-11,9283
00679B,元大美債20年,14,0,14,凱基-北門,2024-06-11,9283
1618,合機,24,11,13,凱基-北門,2024-06-11,9283
2002,中鋼,13,0,13,凱基-北門,2024-06-11,9283
9919,康那香,14,1,13,凱基-北門,2024-06-11,9283
3661,世芯-KY,12,0,12,凱基-北門,2024-06-11,9283
2888,新光金,13,1,12,凱基-北門,2024-06-11,9283
1440,南紡,12,1,11,凱基-北門,2024-06-11,9283
2101,南港,12,1,11,凱基-北門,2024-06-11,9283
2613,中櫃,13,2,11,凱基-北門,2024-06-11,9283
6139,亞翔,12,1,11,凱基-北門,2024-06-11,9283
8033,雷虎,11,0,11,凱基-北門,2024-06-11,9283
1732,毛寶,14,4,10,凱基-北門,2024-06-11,9283
2460,建通,12,2,10,凱基-北門,2024-06-11,9283
2852,第一保,10,0,10,凱基-北門,2024-06-11,9283
6141,柏承,10,0,10,凱基-北門,2024-06-11,9283
8121,越峰,10,0,10,凱基-北門,2024-06-11,9283
8926,台汽電,10,0,10,凱基-北門,2024-06-11,9283
9904,寶成,10,0,10,凱基-北門,2024-06-11,9283
6125,廣運,10,1,9,凱基-北門,2024-06-11,9283
1301,台塑,9,0,9,凱基-北門,2024-06-11,9283
1608,華榮,14,5,9,凱基-北門,2024-06-11,9283
2501,國建,10,1,9,凱基-北門,2024-06-11,9283
00878,國泰永續高股息,11,2,9,凱基-北門,2024-06-11,9283
00632R,元大台灣50反1,133,0,133,凱基-北門,2024-06-12,9283
00929,復華台灣科技優息,128,0,128,凱基-北門,2024-06-12,9283
00948B,中信優息投資級債,125,0,125,凱基-北門,2024-06-12,9283
00937B,群益ESG投等債20,124,0,124,凱基-北門,2024-06-12,9283
2392,正崴,105,3,102,凱基-北門,2024-06-12,9283
2883,凱基金,61,0,61,凱基-北門,2024-06-12,9283
6274,台燿,62,10,52,凱基-北門,2024-06-12,9283
1789,神隆,40,0,40,凱基-北門,2024-06-12,9283
2883B,凱基金乙特,34,0,34,凱基-北門,2024-06-12,9283
3047,訊舟,35,5,30,凱基-北門,2024-06-12,9283
1452,宏益,28,0,28,凱基-北門,2024-06-12,9283
00919,群益台灣精選高息,28,3,25,凱基-北門,2024-06-12,9283
00918,大華優利高填息30,25,0,25,凱基-北門,2024-06-12,9283
6235,華孚,23,0,23,凱基-北門,2024-06-12,9283
2615,萬海,40,17,23,凱基-北門,2024-06-12,9283
00936,台新永續高息中小,32,10,22,凱基-北門,2024-06-12,9283
00943,兆豐電子高息等權,21,0,21,凱基-北門,2024-06-12,9283
2027,大成鋼,44,23,21,凱基-北門,2024-06-12,9283
00712,復華富時不動產,20,0,20,凱基-北門,2024-06-12,9283
2486,一詮,62,44,18,凱基-北門,2024-06-12,9283
00940,元大台灣價值高息,16,0,16,凱基-北門,2024-06-12,9283
1618,合機,19,4,15,凱基-北門,2024-06-12,9283
00947,台新臺灣IC設計,39,24,15,凱基-北門,2024-06-12,9283
2002,中鋼,15,0,15,凱基-北門,2024-06-12,9283
00687B,國泰20年美債,12,0,12,凱基-北門,2024-06-12,9283
2483,百容,11,0,11,凱基-北門,2024-06-12,9283
2515,中工,11,0,11,凱基-北門,2024-06-12,9283
3481,群創,12,2,10,凱基-北門,2024-06-12,9283
00679B,元大美債20年,11,1,10,凱基-北門,2024-06-12,9283
00945B,凱基美國非投等債,10,0,10,凱基-北門,2024-06-12,9283
1584,精剛,10,0,10,凱基-北門,2024-06-12,9283
2201,裕隆,10,0,10,凱基-北門,2024-06-12,9283
3260,威剛,10,0,10,凱基-北門,2024-06-12,9283
3707,漢磊,10,0,10,凱基-北門,2024-06-12,9283
4961,天鈺,10,0,10,凱基-北門,2024-06-12,9283
5489,彩富,10,0,10,凱基-北門,2024-06-12,9283
8150,南茂,10,0,10,凱基-北門,2024-06-12,9283
2359,所羅門,10,1,9,凱基-北門,2024-06-12,9283
5392,能率,13,4,9,凱基-北門,2024-06-12,9283
9105,泰金寶-DR,20,11,9,凱基-北門,2024-06-12,9283
8112,至上,13,5,8,凱基-北門,2024-06-12,9283
1503,士電,8,0,8,凱基-北門,2024-06-12,9283
1513,中興電,12,5,7,凱基-北門,2024-06-12,9283
6188,廣明,17,10,7,凱基-北門,2024-06-12,9283
6141,柏承,7,0,7,凱基-北門,2024-06-12,9283
8021,尖點,7,0,7,凱基-北門,2024-06-12,9283
00933B,國泰10Y+金融債,6,0,6,凱基-北門,2024-06-12,9283
1815,富喬,33,27,6,凱基-北門,2024-06-12,9283
2613,中櫃,7,1,6,凱基-北門,2024-06-12,9283
3661,世芯-KY,6,0,6,凱基-北門,2024-06-12,9283
00700,富邦�琤肭磪�,100,0,100,凱基-北門,2024-06-13,9283
00900,富邦特選高股息30,50,0,50,凱基-北門,2024-06-13,9283
2313,華通,42,1,41,凱基-北門,2024-06-13,9283
2609,陽明,49,12,37,凱基-北門,2024-06-13,9283
00937B,群益ESG投等債20,44,7,37,凱基-北門,2024-06-13,9283
5306,桂盟,37,0,37,凱基-北門,2024-06-13,9283
2615,萬海,40,6,34,凱基-北門,2024-06-13,9283
00918,大華優利高填息30,32,0,32,凱基-北門,2024-06-13,9283
00919,群益台灣精選高息,59,28,31,凱基-北門,2024-06-13,9283
1815,富喬,44,13,31,凱基-北門,2024-06-13,9283
00632R,元大台灣50反1,33,2,31,凱基-北門,2024-06-13,9283
2027,大成鋼,46,18,28,凱基-北門,2024-06-13,9283
00757,統一FANG+,22,0,22,凱基-北門,2024-06-13,9283
3563,牧德,20,0,20,凱基-北門,2024-06-13,9283
4909,新復興,18,0,18,凱基-北門,2024-06-13,9283
2352,佳世達,18,0,18,凱基-北門,2024-06-13,9283
2201,裕隆,26,10,16,凱基-北門,2024-06-13,9283
2498,宏達電,21,5,16,凱基-北門,2024-06-13,9283
2888,新光金,20,4,16,凱基-北門,2024-06-13,9283
00915,凱基優選高股息30,15,0,15,凱基-北門,2024-06-13,9283
5880,合庫金,15,0,15,凱基-北門,2024-06-13,9283
5234,達興材料,14,0,14,凱基-北門,2024-06-13,9283
00679B,元大美債20年,13,0,13,凱基-北門,2024-06-13,9283
2867,三商壽,22,10,12,凱基-北門,2024-06-13,9283
9938,百和,11,0,11,凱基-北門,2024-06-13,9283
6207,雷科,12,2,10,凱基-北門,2024-06-13,9283
6788,華景電,10,0,10,凱基-北門,2024-06-13,9283
1101,台泥,9,0,9,凱基-北門,2024-06-13,9283
1522,堤維西,11,2,9,凱基-北門,2024-06-13,9283
1609,大亞,10,1,9,凱基-北門,2024-06-13,9283
00948B,中信優息投資級債,8,0,8,凱基-北門,2024-06-13,9283
1618,合機,8,0,8,凱基-北門,2024-06-13,9283
2208,台船,8,0,8,凱基-北門,2024-06-13,9283
5371,中光電,10,2,8,凱基-北門,2024-06-13,9283
6141,柏承,8,0,8,凱基-北門,2024-06-13,9283
8046,南電,8,0,8,凱基-北門,2024-06-13,9283
2002,中鋼,7,0,7,凱基-北門,2024-06-13,9283
2014,中鴻,7,0,7,凱基-北門,2024-06-13,9283
8047,星雲,7,0,7,凱基-北門,2024-06-13,9283
2382,廣達,32,25,7,凱基-北門,2024-06-13,9283
2887,台新金,6,0,6,凱基-北門,2024-06-13,9283
6188,廣明,10,4,6,凱基-北門,2024-06-13,9283
00671R,富邦NASDAQ反1,6,0,6,凱基-北門,2024-06-13,9283
1514,亞力,13,8,5,凱基-北門,2024-06-13,9283
00665L,富邦�琤肭磪囓�2,5,0,5,凱基-北門,2024-06-13,9283
00927,群益半導體收益,5,0,5,凱基-北門,2024-06-13,9283
00947,台新臺灣IC設計,5,0,5,凱基-北門,2024-06-13,9283
2464,盟立,46,41,5,凱基-北門,2024-06-13,9283
2542,興富發,5,0,5,凱基-北門,2024-06-13,9283
2618,長榮航,6,1,5,凱基-北門,2024-06-13,9283
2486,一詮,185,38,147,凱基-北門,2024-06-14,9283
00751B,元大AAA至A公司債,128,0,128,凱基-北門,2024-06-14,9283
00929,復華台灣科技優息,136,14,122,凱基-北門,2024-06-14,9283
00919,群益台灣精選高息,121,4,117,凱基-北門,2024-06-14,9283
2641,正德,90,2,88,凱基-北門,2024-06-14,9283
6742,澤米,50,0,50,凱基-北門,2024-06-14,9283
2371,大同,67,18,49,凱基-北門,2024-06-14,9283
00936,台新永續高息中小,40,10,30,凱基-北門,2024-06-14,9283
3035,智原,22,2,20,凱基-北門,2024-06-14,9283
00948B,中信優息投資級債,18,0,18,凱基-北門,2024-06-14,9283
2615,萬海,40,22,18,凱基-北門,2024-06-14,9283
2002,中鋼,16,0,16,凱基-北門,2024-06-14,9283
00712,復華富時不動產,20,5,15,凱基-北門,2024-06-14,9283
1108,幸福,15,0,15,凱基-北門,2024-06-14,9283
1528,恩德,16,1,15,凱基-北門,2024-06-14,9283
6684,安格,13,0,13,凱基-北門,2024-06-14,9283
1785,光洋科,15,3,12,凱基-北門,2024-06-14,9283
00852L,國泰美國道瓊正2,10,0,10,凱基-北門,2024-06-14,9283
2402,毅嘉,10,0,10,凱基-北門,2024-06-14,9283
2511,太子,10,0,10,凱基-北門,2024-06-14,9283
3122,笙泉,10,0,10,凱基-北門,2024-06-14,9283
6161,捷波,10,0,10,凱基-北門,2024-06-14,9283
00878,國泰永續高股息,17,9,8,凱基-北門,2024-06-14,9283
2324,仁寶,11,3,8,凱基-北門,2024-06-14,9283
2363,矽統,14,6,8,凱基-北門,2024-06-14,9283
8054,安國,11,3,8,凱基-北門,2024-06-14,9283
3078,僑威,7,0,7,凱基-北門,2024-06-14,9283
5512,力麒,7,0,7,凱基-北門,2024-06-14,9283
2303,聯電,6,0,6,凱基-北門,2024-06-14,9283
00892,富邦台灣半導體,6,0,6,凱基-北門,2024-06-14,9283
00753L,中信中國50正2,8,2,6,凱基-北門,2024-06-14,9283
1904,正隆,6,0,6,凱基-北門,2024-06-14,9283
5519,隆大,7,1,6,凱基-北門,2024-06-14,9283
6770,力積電,29,23,6,凱基-北門,2024-06-14,9283
00637L,元大滬深300正2,5,0,5,凱基-北門,2024-06-14,9283
1616,億泰,7,2,5,凱基-北門,2024-06-14,9283
1815,富喬,5,0,5,凱基-北門,2024-06-14,9283
1905,華紙,7,2,5,凱基-北門,2024-06-14,9283
2892,第一金,5,0,5,凱基-北門,2024-06-14,9283
3437,榮創,5,0,5,凱基-北門,2024-06-14,9283
5880,合庫金,5,0,5,凱基-北門,2024-06-14,9283
6589,台康生技,5,0,5,凱基-北門,2024-06-14,9283
8034,榮群,5,0,5,凱基-北門,2024-06-14,9283
8040,九暘,5,0,5,凱基-北門,2024-06-14,9283
6139,亞翔,5,0,5,凱基-北門,2024-06-14,9283
3231,緯創,6,1,5,凱基-北門,2024-06-14,9283
00713,元大台灣高息低波,4,0,4,凱基-北門,2024-06-14,9283
1460,宏遠,4,0,4,凱基-北門,2024-06-14,9283
1909,榮成,5,1,4,凱基-北門,2024-06-14,9283
2351,順德,4,0,4,凱基-北門,2024-06-14,9283
00632R,元大台灣50反1,122,0,122,凱基-北門,2024-06-17,9283
00929,復華台灣科技優息,84,5,79,凱基-北門,2024-06-17,9283
3481,群創,104,28,76,凱基-北門,2024-06-17,9283
4533,協易機,59,1,58,凱基-北門,2024-06-17,9283
2027,大成鋼,74,31,43,凱基-北門,2024-06-17,9283
00936,台新永續高息中小,40,4,36,凱基-北門,2024-06-17,9283
2609,陽明,75,40,35,凱基-北門,2024-06-17,9283
00937B,群益ESG投等債20,34,4,30,凱基-北門,2024-06-17,9283
00900,富邦特選高股息30,30,0,30,凱基-北門,2024-06-17,9283
00751B,元大AAA至A公司債,30,0,30,凱基-北門,2024-06-17,9283
1108,幸福,30,0,30,凱基-北門,2024-06-17,9283
00687B,國泰20年美債,29,0,29,凱基-北門,2024-06-17,9283
2371,大同,70,47,23,凱基-北門,2024-06-17,9283
1608,華榮,27,5,22,凱基-北門,2024-06-17,9283
2913,農林,23,5,18,凱基-北門,2024-06-17,9283
00712,復華富時不動產,19,4,15,凱基-北門,2024-06-17,9283
00942B,台新美A公司債20+,15,0,15,凱基-北門,2024-06-17,9283
3019,亞光,14,0,14,凱基-北門,2024-06-17,9283
1785,光洋科,16,3,13,凱基-北門,2024-06-17,9283
2025,千興,13,0,13,凱基-北門,2024-06-17,9283
00679B,元大美債20年,22,10,12,凱基-北門,2024-06-17,9283
00947,台新臺灣IC設計,12,0,12,凱基-北門,2024-06-17,9283
6531,愛普*,12,0,12,凱基-北門,2024-06-17,9283
2383,台光電,11,0,11,凱基-北門,2024-06-17,9283
00637L,元大滬深300正2,10,0,10,凱基-北門,2024-06-17,9283
00927,群益半導體收益,10,0,10,凱基-北門,2024-06-17,9283
00948B,中信優息投資級債,10,0,10,凱基-北門,2024-06-17,9283
1218,泰山,10,0,10,凱基-北門,2024-06-17,9283
2484,希華,10,0,10,凱基-北門,2024-06-17,9283
3059,華晶科,10,0,10,凱基-北門,2024-06-17,9283
3209,全科,10,0,10,凱基-北門,2024-06-17,9283
3711,日月光投控,10,0,10,凱基-北門,2024-06-17,9283
6191,精成科,10,0,10,凱基-北門,2024-06-17,9283
8112,至上,10,0,10,凱基-北門,2024-06-17,9283
6139,亞翔,11,2,9,凱基-北門,2024-06-17,9283
1503,士電,22,13,9,凱基-北門,2024-06-17,9283
00933B,國泰10Y+金融債,10,1,9,凱基-北門,2024-06-17,9283
1609,大亞,24,15,9,凱基-北門,2024-06-17,9283
2344,華邦電,10,1,9,凱基-北門,2024-06-17,9283
00917,中信特選金融,9,0,9,凱基-北門,2024-06-17,9283
1513,中興電,13,5,8,凱基-北門,2024-06-17,9283
3707,漢磊,9,1,8,凱基-北門,2024-06-17,9283
6869,雲豹能源,8,0,8,凱基-北門,2024-06-17,9283
2356,英業達,12,5,7,凱基-北門,2024-06-17,9283
4908,前鼎,9,2,7,凱基-北門,2024-06-17,9283
9946,三發地產,7,0,7,凱基-北門,2024-06-17,9283
3231,緯創,8,2,6,凱基-北門,2024-06-17,9283
00713,元大台灣高息低波,6,0,6,凱基-北門,2024-06-17,9283
00946,群益科技高息成長,6,0,6,凱基-北門,2024-06-17,9283
1720,生達,6,0,6,凱基-北門,2024-06-17,9283
00948B,中信優息投資級債,135,11,124,凱基-北門,2024-06-18,9283
2610,華航,121,17,104,凱基-北門,2024-06-18,9283
00929,復華台灣科技優息,119,30,89,凱基-北門,2024-06-18,9283
00918,大華優利高填息30,74,7,67,凱基-北門,2024-06-18,9283
00632R,元大台灣50反1,54,0,54,凱基-北門,2024-06-18,9283
2025,千興,52,0,52,凱基-北門,2024-06-18,9283
2867,三商壽,50,0,50,凱基-北門,2024-06-18,9283
3058,立德,40,0,40,凱基-北門,2024-06-18,9283
00897,富邦基因免疫生技,36,0,36,凱基-北門,2024-06-18,9283
6197,佳必琪,43,10,33,凱基-北門,2024-06-18,9283
6770,力積電,33,0,33,凱基-北門,2024-06-18,9283
3481,群創,39,8,31,凱基-北門,2024-06-18,9283
00679B,元大美債20年,32,1,31,凱基-北門,2024-06-18,9283
1101,台泥,25,1,24,凱基-北門,2024-06-18,9283
2609,陽明,33,10,23,凱基-北門,2024-06-18,9283
1522,堤維西,21,1,20,凱基-北門,2024-06-18,9283
00687B,國泰20年美債,19,0,19,凱基-北門,2024-06-18,9283
9105,泰金寶-DR,39,21,18,凱基-北門,2024-06-18,9283
2887,台新金,17,0,17,凱基-北門,2024-06-18,9283
2353,宏��,16,1,15,凱基-北門,2024-06-18,9283
2317,鴻海,125,111,14,凱基-北門,2024-06-18,9283
00700,富邦�琤肭磪�,14,0,14,凱基-北門,2024-06-18,9283
2888,新光金,33,20,13,凱基-北門,2024-06-18,9283
6603,富強鑫,13,0,13,凱基-北門,2024-06-18,9283
1802,台玻,14,2,12,凱基-北門,2024-06-18,9283
4915,致伸,14,2,12,凱基-北門,2024-06-18,9283
6170,統振,12,0,12,凱基-北門,2024-06-18,9283
00690,兆豐藍籌30,12,1,11,凱基-北門,2024-06-18,9283
4562,穎漢,24,13,11,凱基-北門,2024-06-18,9283
00936,台新永續高息中小,97,87,10,凱基-北門,2024-06-18,9283
5243,乙盛-KY,10,0,10,凱基-北門,2024-06-18,9283
6125,廣運,13,3,10,凱基-北門,2024-06-18,9283
2498,宏達電,11,1,10,凱基-北門,2024-06-18,9283
00673R,期元大S＆P原油反1,9,0,9,凱基-北門,2024-06-18,9283
8064,東捷,9,0,9,凱基-北門,2024-06-18,9283
8096,擎亞,14,5,9,凱基-北門,2024-06-18,9283
1609,大亞,11,3,8,凱基-北門,2024-06-18,9283
2303,聯電,11,3,8,凱基-北門,2024-06-18,9283
2371,大同,14,6,8,凱基-北門,2024-06-18,9283
3580,友威科,9,1,8,凱基-北門,2024-06-18,9283
1504,東元,8,1,7,凱基-北門,2024-06-18,9283
6841,長佳智能,8,1,7,凱基-北門,2024-06-18,9283
00947,台新臺灣IC設計,6,0,6,凱基-北門,2024-06-18,9283
2438,翔耀,6,0,6,凱基-北門,2024-06-18,9283
2483,百容,6,0,6,凱基-北門,2024-06-18,9283
2889,國票金,6,0,6,凱基-北門,2024-06-18,9283
2890,永豐金,6,0,6,凱基-北門,2024-06-18,9283
8027,鈦昇,6,0,6,凱基-北門,2024-06-18,9283
3661,世芯-KY,13,7,6,凱基-北門,2024-06-18,9283
6139,亞翔,5,0,5,凱基-北門,2024-06-18,9283
00700,富邦�琤肭磪�,186,0,186,凱基-北門,2024-06-19,9283
00632R,元大台灣50反1,142,20,122,凱基-北門,2024-06-19,9283
2317,鴻海,84,22,62,凱基-北門,2024-06-19,9283
1522,堤維西,63,6,57,凱基-北門,2024-06-19,9283
1301,台塑,55,0,55,凱基-北門,2024-06-19,9283
00751B,元大AAA至A公司債,55,10,45,凱基-北門,2024-06-19,9283
3520,華盈,42,0,42,凱基-北門,2024-06-19,9283
00919,群益台灣精選高息,70,34,36,凱基-北門,2024-06-19,9283
9105,泰金寶-DR,36,0,36,凱基-北門,2024-06-19,9283
1611,中電,33,0,33,凱基-北門,2024-06-19,9283
1314,中石化,32,0,32,凱基-北門,2024-06-19,9283
00936,台新永續高息中小,30,0,30,凱基-北門,2024-06-19,9283
6695,芯鼎,31,1,30,凱基-北門,2024-06-19,9283
9910,豐泰,30,0,30,凱基-北門,2024-06-19,9283
1303,南亞,53,24,29,凱基-北門,2024-06-19,9283
00687B,國泰20年美債,33,5,28,凱基-北門,2024-06-19,9283
00713,元大台灣高息低波,24,1,23,凱基-北門,2024-06-19,9283
6770,力積電,22,0,22,凱基-北門,2024-06-19,9283
00897,富邦基因免疫生技,21,0,21,凱基-北門,2024-06-19,9283
6235,華孚,20,0,20,凱基-北門,2024-06-19,9283
3048,益登,40,20,20,凱基-北門,2024-06-19,9283
3297,杭特,20,0,20,凱基-北門,2024-06-19,9283
6589,台康生技,20,0,20,凱基-北門,2024-06-19,9283
4545,銘鈺,20,1,19,凱基-北門,2024-06-19,9283
5880,合庫金,19,1,18,凱基-北門,2024-06-19,9283
6189,豐藝,17,0,17,凱基-北門,2024-06-19,9283
6197,佳必琪,26,10,16,凱基-北門,2024-06-19,9283
00673R,期元大S＆P原油反1,15,0,15,凱基-北門,2024-06-19,9283
3236,千如,15,0,15,凱基-北門,2024-06-19,9283
2482,連宇,16,2,14,凱基-北門,2024-06-19,9283
00933B,國泰10Y+金融債,13,0,13,凱基-北門,2024-06-19,9283
00937B,群益ESG投等債20,46,33,13,凱基-北門,2024-06-19,9283
1609,大亞,18,5,13,凱基-北門,2024-06-19,9283
00720B,元大投資級公司債,12,0,12,凱基-北門,2024-06-19,9283
2483,百容,12,0,12,凱基-北門,2024-06-19,9283
6569,醫揚,12,0,12,凱基-北門,2024-06-19,9283
00935,野村臺灣新科技50,11,0,11,凱基-北門,2024-06-19,9283
8277,商丞,15,4,11,凱基-北門,2024-06-19,9283
8070,長華*,10,0,10,凱基-北門,2024-06-19,9283
00633L,富邦上証正2,10,0,10,凱基-北門,2024-06-19,9283
1532,勤美,10,0,10,凱基-北門,2024-06-19,9283
2031,新光鋼,10,0,10,凱基-北門,2024-06-19,9283
2406,國碩,10,0,10,凱基-北門,2024-06-19,9283
2495,普安,10,0,10,凱基-北門,2024-06-19,9283
5519,隆大,10,0,10,凱基-北門,2024-06-19,9283
6207,雷科,12,2,10,凱基-北門,2024-06-19,9283
9919,康那香,10,0,10,凱基-北門,2024-06-19,9283
9945,潤泰新,10,0,10,凱基-北門,2024-06-19,9283
2880,華南金,10,1,9,凱基-北門,2024-06-19,9283
4108,懷特,9,0,9,凱基-北門,2024-06-19,9283
2301,光寶科,100,0,100,凱基-北門,2024-06-20,9283
00687B,國泰20年美債,84,1,83,凱基-北門,2024-06-20,9283
00927,群益半導體收益,77,0,77,凱基-北門,2024-06-20,9283
8277,商丞,72,0,72,凱基-北門,2024-06-20,9283
2354,鴻準,78,18,60,凱基-北門,2024-06-20,9283
00937B,群益ESG投等債20,60,7,53,凱基-北門,2024-06-20,9283
2618,長榮航,44,3,41,凱基-北門,2024-06-20,9283
2365,昆盈,70,30,40,凱基-北門,2024-06-20,9283
9105,泰金寶-DR,39,0,39,凱基-北門,2024-06-20,9283
00940,元大台灣價值高息,110,74,36,凱基-北門,2024-06-20,9283
00948B,中信優息投資級債,32,0,32,凱基-北門,2024-06-20,9283
00720B,元大投資級公司債,26,0,26,凱基-北門,2024-06-20,9283
2353,宏��,22,2,20,凱基-北門,2024-06-20,9283
2369,菱生,20,0,20,凱基-北門,2024-06-20,9283
00712,復華富時不動產,20,0,20,凱基-北門,2024-06-20,9283
00929,復華台灣科技優息,22,4,18,凱基-北門,2024-06-20,9283
00881,國泰台灣5G+,17,0,17,凱基-北門,2024-06-20,9283
3481,群創,16,0,16,凱基-北門,2024-06-20,9283
2377,微星,15,0,15,凱基-北門,2024-06-20,9283
2317,鴻海,68,56,12,凱基-北門,2024-06-20,9283
2892,第一金,12,0,12,凱基-北門,2024-06-20,9283
8374,羅昇,17,5,12,凱基-北門,2024-06-20,9283
00915,凱基優選高股息30,11,0,11,凱基-北門,2024-06-20,9283
00905,FT臺灣Smart,11,0,11,凱基-北門,2024-06-20,9283
2323,中環,11,0,11,凱基-北門,2024-06-20,9283
6190,萬泰科,11,0,11,凱基-北門,2024-06-20,9283
6505,台塑化,11,0,11,凱基-北門,2024-06-20,9283
8354,冠好,11,0,11,凱基-北門,2024-06-20,9283
2404,漢唐,10,0,10,凱基-北門,2024-06-20,9283
00897,富邦基因免疫生技,10,0,10,凱基-北門,2024-06-20,9283
00722B,群益投資級電信債,10,0,10,凱基-北門,2024-06-20,9283
00926,凱基全球菁英55,12,2,10,凱基-北門,2024-06-20,9283
1108,幸福,10,0,10,凱基-北門,2024-06-20,9283
1453,大將,10,0,10,凱基-北門,2024-06-20,9283
2504,國產,10,0,10,凱基-北門,2024-06-20,9283
2851,中再保,10,0,10,凱基-北門,2024-06-20,9283
3313,斐成,10,0,10,凱基-北門,2024-06-20,9283
00933B,國泰10Y+金融債,9,0,9,凱基-北門,2024-06-20,9283
9951,皇田,9,0,9,凱基-北門,2024-06-20,9283
8027,鈦昇,10,1,9,凱基-北門,2024-06-20,9283
8039,台虹,8,0,8,凱基-北門,2024-06-20,9283
3363,上詮,14,6,8,凱基-北門,2024-06-20,9283
6841,長佳智能,9,1,8,凱基-北門,2024-06-20,9283
2330,台積電,10,2,8,凱基-北門,2024-06-20,9283
00673R,期元大S＆P原油反1,7,0,7,凱基-北門,2024-06-20,9283
1522,堤維西,10,3,7,凱基-北門,2024-06-20,9283
1604,聲寶,7,0,7,凱基-北門,2024-06-20,9283
1789,神隆,8,1,7,凱基-北門,2024-06-20,9283
4938,和碩,23,16,7,凱基-北門,2024-06-20,9283
8064,東捷,11,5,6,凱基-北門,2024-06-20,9283
2609,陽明,197,130,67,凱基-北門,2024-06-21,9283
2867,三商壽,60,0,60,凱基-北門,2024-06-21,9283
00919,群益台灣精選高息,122,66,56,凱基-北門,2024-06-21,9283
3380,明泰,50,0,50,凱基-北門,2024-06-21,9283
00929,復華台灣科技優息,66,17,49,凱基-北門,2024-06-21,9283
00946,群益科技高息成長,35,0,35,凱基-北門,2024-06-21,9283
2367,燿華,31,0,31,凱基-北門,2024-06-21,9283
8112,至上,30,0,30,凱基-北門,2024-06-21,9283
2615,萬海,109,81,28,凱基-北門,2024-06-21,9283
00712,復華富時不動產,27,0,27,凱基-北門,2024-06-21,9283
00936,台新永續高息中小,29,5,24,凱基-北門,2024-06-21,9283
2388,威盛,23,1,22,凱基-北門,2024-06-21,9283
2027,大成鋼,37,15,22,凱基-北門,2024-06-21,9283
00881,國泰台灣5G+,31,12,19,凱基-北門,2024-06-21,9283
2317,鴻海,90,72,18,凱基-北門,2024-06-21,9283
5512,力麒,20,2,18,凱基-北門,2024-06-21,9283
00687B,國泰20年美債,18,0,18,凱基-北門,2024-06-21,9283
00720B,元大投資級公司債,16,0,16,凱基-北門,2024-06-21,9283
8105,凌巨,16,0,16,凱基-北門,2024-06-21,9283
8277,商丞,16,0,16,凱基-北門,2024-06-21,9283
2363,矽統,25,9,16,凱基-北門,2024-06-21,9283
3715,定穎投控,16,2,14,凱基-北門,2024-06-21,9283
8092,建暐,20,7,13,凱基-北門,2024-06-21,9283
00948B,中信優息投資級債,13,0,13,凱基-北門,2024-06-21,9283
2498,宏達電,35,22,13,凱基-北門,2024-06-21,9283
2515,中工,13,0,13,凱基-北門,2024-06-21,9283
00830,國泰費城半導體,13,0,13,凱基-北門,2024-06-21,9283
1608,華榮,12,0,12,凱基-北門,2024-06-21,9283
6414,樺漢,11,0,11,凱基-北門,2024-06-21,9283
2520,冠德,11,0,11,凱基-北門,2024-06-21,9283
2597,潤弘,11,0,11,凱基-北門,2024-06-21,9283
00722B,群益投資級電信債,10,0,10,凱基-北門,2024-06-21,9283
1108,幸福,10,0,10,凱基-北門,2024-06-21,9283
1453,大將,10,0,10,凱基-北門,2024-06-21,9283
1604,聲寶,10,0,10,凱基-北門,2024-06-21,9283
2892,第一金,10,0,10,凱基-北門,2024-06-21,9283
2371,大同,11,2,9,凱基-北門,2024-06-21,9283
00706L,期元大S＆P日圓正2,9,0,9,凱基-北門,2024-06-21,9283
6239,力成,10,1,9,凱基-北門,2024-06-21,9283
6695,芯鼎,17,8,9,凱基-北門,2024-06-21,9283
2489,瑞軒,9,1,8,凱基-北門,2024-06-21,9283
6116,彩晶,8,0,8,凱基-北門,2024-06-21,9283
6569,醫揚,8,0,8,凱基-北門,2024-06-21,9283
2883,凱基金,13,5,8,凱基-北門,2024-06-21,9283
00882,中信中國高股息,7,0,7,凱基-北門,2024-06-21,9283
0056,元大高股息,11,4,7,凱基-北門,2024-06-21,9283
2312,金寶,8,1,7,凱基-北門,2024-06-21,9283
3013,晟銘電,7,0,7,凱基-北門,2024-06-21,9283
3588,通嘉,7,0,7,凱基-北門,2024-06-21,9283
6505,台塑化,7,0,7,凱基-北門,2024-06-21,9283
3481,群創,378,166,212,凱基-北門,2024-06-24,9283
00940,元大台灣價值高息,647,502,145,凱基-北門,2024-06-24,9283
00937B,群益ESG投等債20,97,0,97,凱基-北門,2024-06-24,9283
00929,復華台灣科技優息,89,8,81,凱基-北門,2024-06-24,9283
3498,陽程,64,6,58,凱基-北門,2024-06-24,9283
00919,群益台灣精選高息,63,10,53,凱基-北門,2024-06-24,9283
00942B,台新美A公司債20+,51,0,51,凱基-北門,2024-06-24,9283
3005,神基,47,0,47,凱基-北門,2024-06-24,9283
6116,彩晶,40,0,40,凱基-北門,2024-06-24,9283
3047,訊舟,34,3,31,凱基-北門,2024-06-24,9283
5443,均豪,29,1,28,凱基-北門,2024-06-24,9283
2609,陽明,29,2,27,凱基-北門,2024-06-24,9283
6770,力積電,29,3,26,凱基-北門,2024-06-24,9283
1301,台塑,26,0,26,凱基-北門,2024-06-24,9283
1303,南亞,23,0,23,凱基-北門,2024-06-24,9283
2892,第一金,21,0,21,凱基-北門,2024-06-24,9283
5328,華容,28,7,21,凱基-北門,2024-06-24,9283
2330,台積電,28,8,20,凱基-北門,2024-06-24,9283
1522,堤維西,20,0,20,凱基-北門,2024-06-24,9283
2347,聯強,22,2,20,凱基-北門,2024-06-24,9283
00878,國泰永續高股息,21,2,19,凱基-北門,2024-06-24,9283
1503,士電,35,15,20,凱基-北門,2024-06-24,9283
00881,國泰台灣5G+,24,8,16,凱基-北門,2024-06-24,9283
4526,東台,18,2,16,凱基-北門,2024-06-24,9283
8070,長華*,16,0,16,凱基-北門,2024-06-24,9283
2382,廣達,78,63,15,凱基-北門,2024-06-24,9283
0056,元大高股息,16,1,15,凱基-北門,2024-06-24,9283
1608,華榮,16,1,15,凱基-北門,2024-06-24,9283
3483,力致,18,4,14,凱基-北門,2024-06-24,9283
1815,富喬,16,2,14,凱基-北門,2024-06-24,9283
1609,大亞,18,5,13,凱基-北門,2024-06-24,9283
3430,奇鈦科,13,0,13,凱基-北門,2024-06-24,9283
00918,大華優利高填息30,12,0,12,凱基-北門,2024-06-24,9283
00915,凱基優選高股息30,12,0,12,凱基-北門,2024-06-24,9283
1718,中纖,12,0,12,凱基-北門,2024-06-24,9283
6186,新潤,12,0,12,凱基-北門,2024-06-24,9283
6431,光麗-KY,12,0,12,凱基-北門,2024-06-24,9283
00687B,國泰20年美債,11,0,11,凱基-北門,2024-06-24,9283
1326,台化,21,10,11,凱基-北門,2024-06-24,9283
2101,南港,10,0,10,凱基-北門,2024-06-24,9283
2371,大同,12,2,10,凱基-北門,2024-06-24,9283
00946,群益科技高息成長,10,0,10,凱基-北門,2024-06-24,9283
2897,王道銀行,10,0,10,凱基-北門,2024-06-24,9283
3025,星通,15,5,10,凱基-北門,2024-06-24,9283
5234,達興材料,10,0,10,凱基-北門,2024-06-24,9283
8054,安國,10,0,10,凱基-北門,2024-06-24,9283
2002,中鋼,9,1,8,凱基-北門,2024-06-24,9283
4167,松瑞藥,8,0,8,凱基-北門,2024-06-24,9283
4726,永昕,10,2,8,凱基-北門,2024-06-24,9283
3706,神達,8,0,8,凱基-北門,2024-06-24,9283
1314,中石化,404,5,399,凱基-北門,2024-06-25,9283
00882,中信中國高股息,130,0,130,凱基-北門,2024-06-25,9283
00632R,元大台灣50反1,273,150,123,凱基-北門,2024-06-25,9283
00933B,國泰10Y+金融債,100,0,100,凱基-北門,2024-06-25,9283
1815,富喬,124,27,97,凱基-北門,2024-06-25,9283
3481,群創,119,24,95,凱基-北門,2024-06-25,9283
00919,群益台灣精選高息,88,11,77,凱基-北門,2024-06-25,9283
2867,三商壽,60,0,60,凱基-北門,2024-06-25,9283
1313,聯成,50,0,50,凱基-北門,2024-06-25,9283
9105,泰金寶-DR,33,1,32,凱基-北門,2024-06-25,9283
00929,復華台灣科技優息,61,34,27,凱基-北門,2024-06-25,9283
8110,華東,30,3,27,凱基-北門,2024-06-25,9283
2883,凱基金,25,0,25,凱基-北門,2024-06-25,9283
2323,中環,22,0,22,凱基-北門,2024-06-25,9283
6153,嘉聯益,21,0,21,凱基-北門,2024-06-25,9283
00722B,群益投資級電信債,20,0,20,凱基-北門,2024-06-25,9283
6005,群益證,20,0,20,凱基-北門,2024-06-25,9283
00936,台新永續高息中小,19,0,19,凱基-北門,2024-06-25,9283
1513,中興電,20,1,19,凱基-北門,2024-06-25,9283
00881,國泰台灣5G+,19,0,19,凱基-北門,2024-06-25,9283
00946,群益科技高息成長,17,1,16,凱基-北門,2024-06-25,9283
1701,中化,15,0,15,凱基-北門,2024-06-25,9283
3312,弘憶股,18,3,15,凱基-北門,2024-06-25,9283
4938,和碩,15,0,15,凱基-北門,2024-06-25,9283
2406,國碩,19,5,14,凱基-北門,2024-06-25,9283
1301,台塑,13,0,13,凱基-北門,2024-06-25,9283
4534,慶騰,13,0,13,凱基-北門,2024-06-25,9283
6770,力積電,13,0,13,凱基-北門,2024-06-25,9283
00751B,元大AAA至A公司債,11,0,11,凱基-北門,2024-06-25,9283
1611,中電,11,0,11,凱基-北門,2024-06-25,9283
2352,佳世達,60,49,11,凱基-北門,2024-06-25,9283
1731,美吾華,10,0,10,凱基-北門,2024-06-25,9283
2027,大成鋼,10,0,10,凱基-北門,2024-06-25,9283
2455,全新,10,0,10,凱基-北門,2024-06-25,9283
3058,立德,10,0,10,凱基-北門,2024-06-25,9283
3479,安勤,10,0,10,凱基-北門,2024-06-25,9283
3483,力致,11,1,10,凱基-北門,2024-06-25,9283
9939,宏全,10,0,10,凱基-北門,2024-06-25,9283
1536,和大,9,0,9,凱基-北門,2024-06-25,9283
2313,華通,10,1,9,凱基-北門,2024-06-25,9283
2317,鴻海,28,20,8,凱基-北門,2024-06-25,9283
4526,東台,10,2,8,凱基-北門,2024-06-25,9283
8033,雷虎,13,5,8,凱基-北門,2024-06-25,9283
2409,友達,6,0,6,凱基-北門,2024-06-25,9283
2002,中鋼,7,1,6,凱基-北門,2024-06-25,9283
1503,士電,18,12,6,凱基-北門,2024-06-25,9283
00669R,國泰美國道瓊反1,6,0,6,凱基-北門,2024-06-25,9283
4721,美琪瑪,7,1,6,凱基-北門,2024-06-25,9283
5443,均豪,6,0,6,凱基-北門,2024-06-25,9283
00675L,富邦臺灣加權正2,5,0,5,凱基-北門,2024-06-25,9283
2609,陽明,452,10,442,凱基-北門,2024-06-26,9283
00632R,元大台灣50反1,101,0,101,凱基-北門,2024-06-26,9283
2883,凱基金,101,2,99,凱基-北門,2024-06-26,9283
3663,鑫科,72,1,71,凱基-北門,2024-06-26,9283
2867,三商壽,50,0,50,凱基-北門,2024-06-26,9283
00937B,群益ESG投等債20,42,0,42,凱基-北門,2024-06-26,9283
2801,彰銀,35,2,33,凱基-北門,2024-06-26,9283
9904,寶成,32,0,32,凱基-北門,2024-06-26,9283
2356,英業達,32,3,29,凱基-北門,2024-06-26,9283
9105,泰金寶-DR,36,9,27,凱基-北門,2024-06-26,9283
3481,群創,51,29,22,凱基-北門,2024-06-26,9283
2892,第一金,21,0,21,凱基-北門,2024-06-26,9283
1301,台塑,20,0,20,凱基-北門,2024-06-26,9283
3652,精聯,20,0,20,凱基-北門,2024-06-26,9283
2618,長榮航,31,12,19,凱基-北門,2024-06-26,9283
1528,恩德,20,1,19,凱基-北門,2024-06-26,9283
3217,優群,20,1,19,凱基-北門,2024-06-26,9283
00935,野村臺灣新科技50,16,0,16,凱基-北門,2024-06-26,9283
6770,力積電,16,0,16,凱基-北門,2024-06-26,9283
2409,友達,15,0,15,凱基-北門,2024-06-26,9283
00940,元大台灣價值高息,18,3,15,凱基-北門,2024-06-26,9283
5880,合庫金,15,0,15,凱基-北門,2024-06-26,9283
00919,群益台灣精選高息,20,5,15,凱基-北門,2024-06-26,9283
1517,利奇,15,0,15,凱基-北門,2024-06-26,9283
2014,中鴻,24,10,14,凱基-北門,2024-06-26,9283
1314,中石化,14,0,14,凱基-北門,2024-06-26,9283
3163,波若威,24,10,14,凱基-北門,2024-06-26,9283
00687B,國泰20年美債,12,0,12,凱基-北門,2024-06-26,9283
3624,光頡,12,0,12,凱基-北門,2024-06-26,9283
2317,鴻海,125,114,11,凱基-北門,2024-06-26,9283
1303,南亞,11,0,11,凱基-北門,2024-06-26,9283
2887,台新金,11,0,11,凱基-北門,2024-06-26,9283
00720B,元大投資級公司債,11,0,11,凱基-北門,2024-06-26,9283
00722B,群益投資級電信債,10,0,10,凱基-北門,2024-06-26,9283
00712,復華富時不動產,10,0,10,凱基-北門,2024-06-26,9283
00715L,期街口布蘭特正2,10,0,10,凱基-北門,2024-06-26,9283
1219,福壽,10,0,10,凱基-北門,2024-06-26,9283
2515,中工,10,0,10,凱基-北門,2024-06-26,9283
3028,增你強,10,0,10,凱基-北門,2024-06-26,9283
6578,達邦蛋白,10,0,10,凱基-北門,2024-06-26,9283
911868,同方友友-DR,10,0,10,凱基-北門,2024-06-26,9283
9938,百和,10,0,10,凱基-北門,2024-06-26,9283
2002,中鋼,11,2,9,凱基-北門,2024-06-26,9283
1503,士電,14,5,9,凱基-北門,2024-06-26,9283
3034,聯詠,9,0,9,凱基-北門,2024-06-26,9283
3062,建漢,10,1,9,凱基-北門,2024-06-26,9283
5452,佶優,9,0,9,凱基-北門,2024-06-26,9283
6869,雲豹能源,10,1,9,凱基-北門,2024-06-26,9283
00631L,元大台灣50正2,8,0,8,凱基-北門,2024-06-26,9283
1536,和大,8,0,8,凱基-北門,2024-06-26,9283
00942B,台新美A公司債20+,150,0,150,凱基-北門,2024-06-27,9283
00940,元大台灣價值高息,241,130,111,凱基-北門,2024-06-27,9283
00665L,富邦�琤肭磪囓�2,100,0,100,凱基-北門,2024-06-27,9283
2609,陽明,134,68,66,凱基-北門,2024-06-27,9283
3047,訊舟,70,6,64,凱基-北門,2024-06-27,9283
00753L,中信中國50正2,51,0,51,凱基-北門,2024-06-27,9283
2867,三商壽,50,0,50,凱基-北門,2024-06-27,9283
00687B,國泰20年美債,37,0,37,凱基-北門,2024-06-27,9283
00936,台新永續高息中小,35,1,34,凱基-北門,2024-06-27,9283
2323,中環,31,1,30,凱基-北門,2024-06-27,9283
4526,東台,29,0,29,凱基-北門,2024-06-27,9283
1316,上曜,28,0,28,凱基-北門,2024-06-27,9283
00937B,群益ESG投等債20,36,14,22,凱基-北門,2024-06-27,9283
2486,一詮,23,2,21,凱基-北門,2024-06-27,9283
00948B,中信優息投資級債,20,0,20,凱基-北門,2024-06-27,9283
1522,堤維西,20,0,20,凱基-北門,2024-06-27,9283
1584,精剛,20,0,20,凱基-北門,2024-06-27,9283
3163,波若威,22,2,20,凱基-北門,2024-06-27,9283
3652,精聯,21,1,20,凱基-北門,2024-06-27,9283
4533,協易機,20,0,20,凱基-北門,2024-06-27,9283
1609,大亞,26,8,18,凱基-北門,2024-06-27,9283
3712,永崴投控,24,8,16,凱基-北門,2024-06-27,9283
1303,南亞,21,5,16,凱基-北門,2024-06-27,9283
2027,大成鋼,14,0,14,凱基-北門,2024-06-27,9283
6269,台郡,14,0,14,凱基-北門,2024-06-27,9283
2634,漢翔,12,0,12,凱基-北門,2024-06-27,9283
00927,群益半導體收益,12,0,12,凱基-北門,2024-06-27,9283
3003,健和興,12,0,12,凱基-北門,2024-06-27,9283
2301,光寶科,43,31,12,凱基-北門,2024-06-27,9283
00679B,元大美債20年,11,0,11,凱基-北門,2024-06-27,9283
00918,大華優利高填息30,11,0,11,凱基-北門,2024-06-27,9283
2014,中鴻,13,2,11,凱基-北門,2024-06-27,9283
3058,立德,10,0,10,凱基-北門,2024-06-27,9283
1201,味全,10,0,10,凱基-北門,2024-06-27,9283
1809,中釉,10,0,10,凱基-北門,2024-06-27,9283
6589,台康生技,10,0,10,凱基-北門,2024-06-27,9283
8039,台虹,10,0,10,凱基-北門,2024-06-27,9283
912000,晨訊科-DR,10,0,10,凱基-北門,2024-06-27,9283
9136,巨騰-DR,10,0,10,凱基-北門,2024-06-27,9283
2002,中鋼,11,2,9,凱基-北門,2024-06-27,9283
1453,大將,9,0,9,凱基-北門,2024-06-27,9283
2888,新光金,10,1,9,凱基-北門,2024-06-27,9283
6186,新潤,9,0,9,凱基-北門,2024-06-27,9283
9105,泰金寶-DR,39,31,8,凱基-北門,2024-06-27,9283
00712,復華富時不動產,10,2,8,凱基-北門,2024-06-27,9283
1504,東元,8,0,8,凱基-北門,2024-06-27,9283
3036,文曄,8,0,8,凱基-北門,2024-06-27,9283
6770,力積電,8,1,7,凱基-北門,2024-06-27,9283
8033,雷虎,7,0,7,凱基-北門,2024-06-27,9283
00675L,富邦臺灣加權正2,7,0,7,凱基-北門,2024-06-27,9283
00632R,元大台灣50反1,115,1,114,凱基-北門,2024-06-28,9283
6477,安集,84,14,70,凱基-北門,2024-06-28,9283
2406,國碩,81,15,66,凱基-北門,2024-06-28,9283
2317,鴻海,66,7,59,凱基-北門,2024-06-28,9283
00753L,中信中國50正2,55,0,55,凱基-北門,2024-06-28,9283
00933B,國泰10Y+金融債,51,0,51,凱基-北門,2024-06-28,9283
3498,陽程,53,12,41,凱基-北門,2024-06-28,9283
9105,泰金寶-DR,36,1,35,凱基-北門,2024-06-28,9283
2486,一詮,32,0,32,凱基-北門,2024-06-28,9283
3481,群創,28,1,27,凱基-北門,2024-06-28,9283
5009,榮剛,23,0,23,凱基-北門,2024-06-28,9283
8070,長華*,23,0,23,凱基-北門,2024-06-28,9283
2610,華航,22,0,22,凱基-北門,2024-06-28,9283
3520,華盈,26,4,22,凱基-北門,2024-06-28,9283
00929,復華台灣科技優息,25,5,20,凱基-北門,2024-06-28,9283
00937B,群益ESG投等債20,21,3,18,凱基-北門,2024-06-28,9283
00712,復華富時不動產,20,3,17,凱基-北門,2024-06-28,9283
2609,陽明,21,6,15,凱基-北門,2024-06-28,9283
6197,佳必琪,17,4,13,凱基-北門,2024-06-28,9283
8027,鈦昇,12,0,12,凱基-北門,2024-06-28,9283
00905,FT臺灣Smart,12,0,12,凱基-北門,2024-06-28,9283
00679B,元大美債20年,12,0,12,凱基-北門,2024-06-28,9283
3580,友威科,13,1,12,凱基-北門,2024-06-28,9283
2303,聯電,13,2,11,凱基-北門,2024-06-28,9283
3024,憶聲,17,6,11,凱基-北門,2024-06-28,9283
4545,銘鈺,11,0,11,凱基-北門,2024-06-28,9283
2363,矽統,19,9,10,凱基-北門,2024-06-28,9283
00673R,期元大S＆P原油反1,10,0,10,凱基-北門,2024-06-28,9283
1603,華電,10,0,10,凱基-北門,2024-06-28,9283
3083,網龍,17,7,10,凱基-北門,2024-06-28,9283
4563,百德,10,0,10,凱基-北門,2024-06-28,9283
6449,鈺邦,10,0,10,凱基-北門,2024-06-28,9283
6443,元晶,29,19,10,凱基-北門,2024-06-28,9283
2618,長榮航,16,7,9,凱基-北門,2024-06-28,9283
3576,聯合再生,28,19,9,凱基-北門,2024-06-28,9283
8942,森鉅,8,0,8,凱基-北門,2024-06-28,9283
00936,台新永續高息中小,31,23,8,凱基-北門,2024-06-28,9283
8046,南電,8,0,8,凱基-北門,2024-06-28,9283
4967,十銓,10,3,7,凱基-北門,2024-06-28,9283
4726,永昕,7,0,7,凱基-北門,2024-06-28,9283
8033,雷虎,8,1,7,凱基-北門,2024-06-28,9283
1514,亞力,11,4,7,凱基-北門,2024-06-28,9283
2002,中鋼,8,1,7,凱基-北門,2024-06-28,9283
1101,台泥,9,3,6,凱基-北門,2024-06-28,9283
3312,弘憶股,20,14,6,凱基-北門,2024-06-28,9283
00795B,中信美國公債20年,6,0,6,凱基-北門,2024-06-28,9283
1102,亞泥,6,0,6,凱基-北門,2024-06-28,9283
3048,益登,9,3,6,凱基-北門,2024-06-28,9283
3260,威剛,12,6,6,凱基-北門,2024-06-28,9283
912000,晨訊科-DR,6,0,6,凱基-北門,2024-06-28,9283
00933B,國泰10Y+金融債,308,20,288,凱基-北門,2024-07-01,9283
00937B,群益ESG投等債20,108,0,108,凱基-北門,2024-07-01,9283
2031,新光鋼,104,2,102,凱基-北門,2024-07-01,9283
00931B,統一美債20年,100,0,100,凱基-北門,2024-07-01,9283
3550,聯穎,50,0,50,凱基-北門,2024-07-01,9283
3163,波若威,52,3,49,凱基-北門,2024-07-01,9283
2365,昆盈,88,40,48,凱基-北門,2024-07-01,9283
1522,堤維西,46,0,46,凱基-北門,2024-07-01,9283
00687B,國泰20年美債,45,0,45,凱基-北門,2024-07-01,9283
2323,中環,40,0,40,凱基-北門,2024-07-01,9283
6148,驊宏資,38,0,38,凱基-北門,2024-07-01,9283
00679B,元大美債20年,32,0,32,凱基-北門,2024-07-01,9283
00948B,中信優息投資級債,31,0,31,凱基-北門,2024-07-01,9283
00915,凱基優選高股息30,21,0,21,凱基-北門,2024-07-01,9283
00751B,元大AAA至A公司債,18,0,18,凱基-北門,2024-07-01,9283
00680L,元大美債20正2,15,0,15,凱基-北門,2024-07-01,9283
2883,凱基金,13,0,13,凱基-北門,2024-07-01,9283
2352,佳世達,17,5,12,凱基-北門,2024-07-01,9283
00929,復華台灣科技優息,13,2,11,凱基-北門,2024-07-01,9283
6753,龍德造船,13,2,11,凱基-北門,2024-07-01,9283
00631L,元大台灣50正2,11,0,11,凱基-北門,2024-07-01,9283
00942B,台新美A公司債20+,10,0,10,凱基-北門,2024-07-01,9283
00881,國泰台灣5G+,10,0,10,凱基-北門,2024-07-01,9283
1439,雋揚,10,0,10,凱基-北門,2024-07-01,9283
1905,華紙,10,0,10,凱基-北門,2024-07-01,9283
2406,國碩,14,4,10,凱基-北門,2024-07-01,9283
4707,磐亞,10,0,10,凱基-北門,2024-07-01,9283
6116,彩晶,10,0,10,凱基-北門,2024-07-01,9283
1608,華榮,10,0,10,凱基-北門,2024-07-01,9283
3105,穩懋,12,3,9,凱基-北門,2024-07-01,9283
00927,群益半導體收益,10,2,8,凱基-北門,2024-07-01,9283
1717,長興,8,0,8,凱基-北門,2024-07-01,9283
1815,富喬,8,0,8,凱基-北門,2024-07-01,9283
3615,安可,12,4,8,凱基-北門,2024-07-01,9283
5230,雷笛克光學,30,22,8,凱基-北門,2024-07-01,9283
8277,商丞,8,0,8,凱基-北門,2024-07-01,9283
2486,一詮,8,1,7,凱基-北門,2024-07-01,9283
00720B,元大投資級公司債,7,0,7,凱基-北門,2024-07-01,9283
2374,佳能,12,5,7,凱基-北門,2024-07-01,9283
3048,益登,12,5,7,凱基-北門,2024-07-01,9283
3580,友威科,14,7,7,凱基-北門,2024-07-01,9283
4909,新復興,13,6,7,凱基-北門,2024-07-01,9283
0056,元大高股息,9,3,6,凱基-北門,2024-07-01,9283
2313,華通,17,11,6,凱基-北門,2024-07-01,9283
00919,群益台灣精選高息,11,5,6,凱基-北門,2024-07-01,9283
4533,協易機,30,24,6,凱基-北門,2024-07-01,9283
2405,輔信,6,0,6,凱基-北門,2024-07-01,9283
2537,聯上發,12,6,6,凱基-北門,2024-07-01,9283
4105,東洋,6,0,6,凱基-北門,2024-07-01,9283
6285,啟��,6,0,6,凱基-北門,2024-07-01,9283
00929,復華台灣科技優息,128,37,91,凱基-北門,2024-07-02,9283
3550,聯穎,50,0,50,凱基-北門,2024-07-02,9283
6167,久正,50,0,50,凱基-北門,2024-07-02,9283
9105,泰金寶-DR,53,5,48,凱基-北門,2024-07-02,9283
00937B,群益ESG投等債20,42,0,42,凱基-北門,2024-07-02,9283
1785,光洋科,54,14,40,凱基-北門,2024-07-02,9283
2317,鴻海,60,24,36,凱基-北門,2024-07-02,9283
00679B,元大美債20年,33,0,33,凱基-北門,2024-07-02,9283
00680L,元大美債20正2,30,0,30,凱基-北門,2024-07-02,9283
2537,聯上發,50,20,30,凱基-北門,2024-07-02,9283
00687B,國泰20年美債,29,0,29,凱基-北門,2024-07-02,9283
6505,台塑化,26,0,26,凱基-北門,2024-07-02,9283
1326,台化,25,0,25,凱基-北門,2024-07-02,9283
2303,聯電,35,9,26,凱基-北門,2024-07-02,9283
00942B,台新美A公司債20+,25,0,25,凱基-北門,2024-07-02,9283
8105,凌巨,52,30,22,凱基-北門,2024-07-02,9283
00918,大華優利高填息30,20,0,20,凱基-北門,2024-07-02,9283
2547,日勝生,20,0,20,凱基-北門,2024-07-02,9283
3260,威剛,21,2,19,凱基-北門,2024-07-02,9283
2406,國碩,70,51,19,凱基-北門,2024-07-02,9283
1301,台塑,18,0,18,凱基-北門,2024-07-02,9283
00934,中信成長高股息,17,0,17,凱基-北門,2024-07-02,9283
00949,復華日本龍頭,51,34,17,凱基-北門,2024-07-02,9283
8064,東捷,31,14,17,凱基-北門,2024-07-02,9283
6456,GIS-KY,16,0,16,凱基-北門,2024-07-02,9283
00933B,國泰10Y+金融債,15,0,15,凱基-北門,2024-07-02,9283
00944,野村趨勢動能高息,15,0,15,凱基-北門,2024-07-02,9283
1108,幸福,15,0,15,凱基-北門,2024-07-02,9283
1907,永豐餘,15,0,15,凱基-北門,2024-07-02,9283
00948B,中信優息投資級債,13,0,13,凱基-北門,2024-07-02,9283
00919,群益台灣精選高息,17,4,13,凱基-北門,2024-07-02,9283
1711,永光,13,0,13,凱基-北門,2024-07-02,9283
0056,元大高股息,11,0,11,凱基-北門,2024-07-02,9283
2883,凱基金,12,1,11,凱基-北門,2024-07-02,9283
6770,力積電,17,7,10,凱基-北門,2024-07-02,9283
00946,群益科技高息成長,11,1,10,凱基-北門,2024-07-02,9283
1504,東元,10,0,10,凱基-北門,2024-07-02,9283
00632R,元大台灣50反1,10,0,10,凱基-北門,2024-07-02,9283
1609,大亞,11,1,10,凱基-北門,2024-07-02,9283
3236,千如,10,0,10,凱基-北門,2024-07-02,9283
5512,力麒,10,0,10,凱基-北門,2024-07-02,9283
5608,四維航,11,1,10,凱基-北門,2024-07-02,9283
3443,創意,11,1,10,凱基-北門,2024-07-02,9283
3376,新日興,23,14,9,凱基-北門,2024-07-02,9283
2402,毅嘉,18,9,9,凱基-北門,2024-07-02,9283
2449,京元電子,11,2,9,凱基-北門,2024-07-02,9283
00673R,期元大S＆P原油反1,9,1,8,凱基-北門,2024-07-02,9283
8076,伍豐,11,3,8,凱基-北門,2024-07-02,9283
00688L,國泰20年美債正2,8,0,8,凱基-北門,2024-07-02,9283
4114,健喬,7,0,7,凱基-北門,2024-07-02,9283
2883B,凱基金乙特,180,0,180,凱基-北門,2024-07-03,9283
3380,明泰,104,0,104,凱基-北門,2024-07-03,9283
3550,聯穎,70,0,70,凱基-北門,2024-07-03,9283
00934,中信成長高股息,67,0,67,凱基-北門,2024-07-03,9283
00720B,元大投資級公司債,54,0,54,凱基-北門,2024-07-03,9283
3481,群創,63,12,51,凱基-北門,2024-07-03,9283
2609,陽明,88,41,47,凱基-北門,2024-07-03,9283
6244,茂迪,80,43,37,凱基-北門,2024-07-03,9283
00680L,元大美債20正2,36,0,36,凱基-北門,2024-07-03,9283
3576,聯合再生,50,19,31,凱基-北門,2024-07-03,9283
3580,友威科,29,0,29,凱基-北門,2024-07-03,9283
6152,百一,30,1,29,凱基-北門,2024-07-03,9283
8105,凌巨,29,0,29,凱基-北門,2024-07-03,9283
00948B,中信優息投資級債,22,0,22,凱基-北門,2024-07-03,9283
0056,元大高股息,23,2,21,凱基-北門,2024-07-03,9283
3163,波若威,22,1,21,凱基-北門,2024-07-03,9283
2547,日勝生,20,0,20,凱基-北門,2024-07-03,9283
5512,力麒,20,0,20,凱基-北門,2024-07-03,9283
3047,訊舟,112,92,20,凱基-北門,2024-07-03,9283
2352,佳世達,29,10,19,凱基-北門,2024-07-03,9283
00946,群益科技高息成長,25,7,18,凱基-北門,2024-07-03,9283
3289,宜特,20,2,18,凱基-北門,2024-07-03,9283
00715L,期街口布蘭特正2,35,17,18,凱基-北門,2024-07-03,9283
2887,台新金,20,3,17,凱基-北門,2024-07-03,9283
00688L,國泰20年美債正2,15,0,15,凱基-北門,2024-07-03,9283
2070,精湛,15,0,15,凱基-北門,2024-07-03,9283
2486,一詮,15,0,15,凱基-北門,2024-07-03,9283
2820,華票,15,0,15,凱基-北門,2024-07-03,9283
2365,昆盈,39,24,15,凱基-北門,2024-07-03,9283
2601,益航,15,1,14,凱基-北門,2024-07-03,9283
3591,艾笛森,15,1,14,凱基-北門,2024-07-03,9283
2349,錸德,15,2,13,凱基-北門,2024-07-03,9283
2897,王道銀行,13,0,13,凱基-北門,2024-07-03,9283
3312,弘憶股,21,8,13,凱基-北門,2024-07-03,9283
1786,科妍,12,0,12,凱基-北門,2024-07-03,9283
6443,元晶,53,41,12,凱基-北門,2024-07-03,9283
5371,中光電,12,1,11,凱基-北門,2024-07-03,9283
4167,松瑞藥,11,0,11,凱基-北門,2024-07-03,9283
9105,泰金寶-DR,24,13,11,凱基-北門,2024-07-03,9283
4533,協易機,10,0,10,凱基-北門,2024-07-03,9283
6589,台康生技,10,0,10,凱基-北門,2024-07-03,9283
8215,明基材,10,0,10,凱基-北門,2024-07-03,9283
3563,牧德,9,0,9,凱基-北門,2024-07-03,9283
00632R,元大台灣50反1,18,9,9,凱基-北門,2024-07-03,9283
1522,堤維西,10,1,9,凱基-北門,2024-07-03,9283
2027,大成鋼,9,0,9,凱基-北門,2024-07-03,9283
4726,永昕,10,1,9,凱基-北門,2024-07-03,9283
4909,新復興,11,2,9,凱基-北門,2024-07-03,9283
2597,潤弘,8,0,8,凱基-北門,2024-07-03,9283
3338,泰碩,8,1,7,凱基-北門,2024-07-03,9283
5388,中磊,201,0,201,凱基-北門,2024-07-04,9283
2883,凱基金,65,9,56,凱基-北門,2024-07-04,9283
00725B,國泰投資級公司債,50,0,50,凱基-北門,2024-07-04,9283
00632R,元大台灣50反1,40,0,40,凱基-北門,2024-07-04,9283
00882,中信中國高股息,40,0,40,凱基-北門,2024-07-04,9283
00934,中信成長高股息,38,0,38,凱基-北門,2024-07-04,9283
2388,威盛,32,0,32,凱基-北門,2024-07-04,9283
00919,群益台灣精選高息,49,24,25,凱基-北門,2024-07-04,9283
4533,協易機,41,18,23,凱基-北門,2024-07-04,9283
9105,泰金寶-DR,51,28,23,凱基-北門,2024-07-04,9283
2412,中華電,23,0,23,凱基-北門,2024-07-04,9283
3550,聯穎,22,0,22,凱基-北門,2024-07-04,9283
2405,輔信,26,5,21,凱基-北門,2024-07-04,9283
00945B,凱基美國非投等債,20,0,20,凱基-北門,2024-07-04,9283
2618,長榮航,41,21,20,凱基-北門,2024-07-04,9283
5512,力麒,20,0,20,凱基-北門,2024-07-04,9283
1409,新纖,24,5,19,凱基-北門,2024-07-04,9283
4114,健喬,19,0,19,凱基-北門,2024-07-04,9283
00937B,群益ESG投等債20,20,2,18,凱基-北門,2024-07-04,9283
2444,兆勁,20,2,18,凱基-北門,2024-07-04,9283
00936,台新永續高息中小,15,0,15,凱基-北門,2024-07-04,9283
1909,榮成,20,5,15,凱基-北門,2024-07-04,9283
3580,友威科,20,5,15,凱基-北門,2024-07-04,9283
4526,東台,18,5,13,凱基-北門,2024-07-04,9283
2365,昆盈,14,1,13,凱基-北門,2024-07-04,9283
2498,宏達電,14,2,12,凱基-北門,2024-07-04,9283
6148,驊宏資,12,0,12,凱基-北門,2024-07-04,9283
1591,駿吉-KY,11,0,11,凱基-北門,2024-07-04,9283
00753L,中信中國50正2,10,0,10,凱基-北門,2024-07-04,9283
00897,富邦基因免疫生技,10,0,10,凱基-北門,2024-07-04,9283
2316,楠梓電,10,0,10,凱基-北門,2024-07-04,9283
2601,益航,10,0,10,凱基-北門,2024-07-04,9283
2820,華票,10,0,10,凱基-北門,2024-07-04,9283
4543,萬在,10,0,10,凱基-北門,2024-07-04,9283
4967,十銓,10,0,10,凱基-北門,2024-07-04,9283
6216,居易,10,0,10,凱基-北門,2024-07-04,9283
8071,能率網通,35,25,10,凱基-北門,2024-07-04,9283
8099,大世科,10,0,10,凱基-北門,2024-07-04,9283
5009,榮剛,10,0,10,凱基-北門,2024-07-04,9283
3312,弘憶股,21,13,8,凱基-北門,2024-07-04,9283
4109,加捷生醫,8,0,8,凱基-北門,2024-07-04,9283
2367,燿華,11,3,8,凱基-北門,2024-07-04,9283
2641,正德,7,0,7,凱基-北門,2024-07-04,9283
2103,台橡,6,0,6,凱基-北門,2024-07-04,9283
2324,仁寶,6,0,6,凱基-北門,2024-07-04,9283
00665L,富邦�琤肭磪囓�2,6,0,6,凱基-北門,2024-07-04,9283
1733,五鼎,6,0,6,凱基-北門,2024-07-04,9283
2340,台亞,10,4,6,凱基-北門,2024-07-04,9283
2376,技嘉,6,0,6,凱基-北門,2024-07-04,9283
4562,穎漢,6,0,6,凱基-北門,2024-07-04,9283
2888,新光金,224,52,172,凱基-北門,2024-07-05,9283
6269,台郡,81,1,80,凱基-北門,2024-07-05,9283
00665L,富邦�琤肭磪囓�2,50,0,50,凱基-北門,2024-07-05,9283
00753L,中信中國50正2,50,1,49,凱基-北門,2024-07-05,9283
8104,錸寶,77,34,43,凱基-北門,2024-07-05,9283
6167,久正,36,0,36,凱基-北門,2024-07-05,9283
00795B,中信美國公債20年,30,0,30,凱基-北門,2024-07-05,9283
6259,百徽,30,0,30,凱基-北門,2024-07-05,9283
2609,陽明,62,37,25,凱基-北門,2024-07-05,9283
2610,華航,25,1,24,凱基-北門,2024-07-05,9283
00937B,群益ESG投等債20,22,0,22,凱基-北門,2024-07-05,9283
6770,力積電,23,1,22,凱基-北門,2024-07-05,9283
1522,堤維西,21,0,21,凱基-北門,2024-07-05,9283
1789,神隆,20,0,20,凱基-北門,2024-07-05,9283
00632R,元大台灣50反1,18,0,18,凱基-北門,2024-07-05,9283
2483,百容,17,0,17,凱基-北門,2024-07-05,9283
2352,佳世達,19,3,16,凱基-北門,2024-07-05,9283
6154,順發,15,0,15,凱基-北門,2024-07-05,9283
2025,千興,13,0,13,凱基-北門,2024-07-05,9283
00934,中信成長高股息,13,0,13,凱基-北門,2024-07-05,9283
2615,萬海,19,6,13,凱基-北門,2024-07-05,9283
2897,王道銀行,13,0,13,凱基-北門,2024-07-05,9283
3059,華晶科,16,3,13,凱基-北門,2024-07-05,9283
2354,鴻準,18,5,13,凱基-北門,2024-07-05,9283
2301,光寶科,12,1,11,凱基-北門,2024-07-05,9283
2618,長榮航,13,2,11,凱基-北門,2024-07-05,9283
3017,奇鋐,10,0,10,凱基-北門,2024-07-05,9283
00897,富邦基因免疫生技,10,0,10,凱基-北門,2024-07-05,9283
00948B,中信優息投資級債,10,0,10,凱基-北門,2024-07-05,9283
2312,金寶,14,4,10,凱基-北門,2024-07-05,9283
2349,錸德,11,1,10,凱基-北門,2024-07-05,9283
6695,芯鼎,10,0,10,凱基-北門,2024-07-05,9283
8105,凌巨,10,0,10,凱基-北門,2024-07-05,9283
9904,寶成,10,0,10,凱基-北門,2024-07-05,9283
2603,長榮,9,0,9,凱基-北門,2024-07-05,9283
1503,士電,11,2,9,凱基-北門,2024-07-05,9283
00949,復華日本龍頭,9,0,9,凱基-北門,2024-07-05,9283
0056,元大高股息,10,1,9,凱基-北門,2024-07-05,9283
00687B,國泰20年美債,16,7,9,凱基-北門,2024-07-05,9283
2344,華邦電,9,0,9,凱基-北門,2024-07-05,9283
9958,世紀鋼,11,2,9,凱基-北門,2024-07-05,9283
2427,三商電,17,8,9,凱基-北門,2024-07-05,9283
3661,世芯-KY,8,0,8,凱基-北門,2024-07-05,9283
1513,中興電,30,22,8,凱基-北門,2024-07-05,9283
2374,佳能,15,8,7,凱基-北門,2024-07-05,9283
8112,至上,9,2,7,凱基-北門,2024-07-05,9283
3048,益登,17,11,6,凱基-北門,2024-07-05,9283
2486,一詮,48,42,6,凱基-北門,2024-07-05,9283
2534,宏盛,6,0,6,凱基-北門,2024-07-05,9283
3466,德晉,6,0,6,凱基-北門,2024-07-05,9283
2888,新光金,150,20,130,凱基-北門,2024-07-08,9283
00937B,群益ESG投等債20,122,9,113,凱基-北門,2024-07-08,9283
2836,高雄銀,134,33,101,凱基-北門,2024-07-08,9283
2618,長榮航,91,10,81,凱基-北門,2024-07-08,9283
2365,昆盈,155,84,71,凱基-北門,2024-07-08,9283
6156,松上,70,0,70,凱基-北門,2024-07-08,9283
2409,友達,60,0,60,凱基-北門,2024-07-08,9283
5452,佶優,53,9,44,凱基-北門,2024-07-08,9283
00680L,元大美債20正2,42,0,42,凱基-北門,2024-07-08,9283
2337,旺宏,37,0,37,凱基-北門,2024-07-08,9283
3236,千如,30,0,30,凱基-北門,2024-07-08,9283
00712,復華富時不動產,35,6,29,凱基-北門,2024-07-08,9283
2481,強茂,29,1,28,凱基-北門,2024-07-08,9283
9955,佳龍,27,0,27,凱基-北門,2024-07-08,9283
00882,中信中國高股息,26,0,26,凱基-北門,2024-07-08,9283
1522,堤維西,26,0,26,凱基-北門,2024-07-08,9283
3289,宜特,25,1,24,凱基-北門,2024-07-08,9283
6213,聯茂,23,2,21,凱基-北門,2024-07-08,9283
1714,和桐,21,0,21,凱基-北門,2024-07-08,9283
00725B,國泰投資級公司債,20,0,20,凱基-北門,2024-07-08,9283
2328,廣宇,22,2,20,凱基-北門,2024-07-08,9283
6259,百徽,20,0,20,凱基-北門,2024-07-08,9283
2483,百容,19,0,19,凱基-北門,2024-07-08,9283
00919,群益台灣精選高息,24,6,18,凱基-北門,2024-07-08,9283
8064,東捷,38,20,18,凱基-北門,2024-07-08,9283
2609,陽明,31,14,17,凱基-北門,2024-07-08,9283
6217,中探針,25,9,16,凱基-北門,2024-07-08,9283
2323,中環,20,5,15,凱基-北門,2024-07-08,9283
3498,陽程,37,22,15,凱基-北門,2024-07-08,9283
5608,四維航,15,0,15,凱基-北門,2024-07-08,9283
00687B,國泰20年美債,27,12,15,凱基-北門,2024-07-08,9283
2498,宏達電,20,6,14,凱基-北門,2024-07-08,9283
2352,佳世達,29,15,14,凱基-北門,2024-07-08,9283
2615,萬海,22,9,13,凱基-北門,2024-07-08,9283
00935,野村臺灣新科技50,13,0,13,凱基-北門,2024-07-08,9283
1220,台榮,14,1,13,凱基-北門,2024-07-08,9283
6695,芯鼎,15,2,13,凱基-北門,2024-07-08,9283
00713,元大台灣高息低波,12,0,12,凱基-北門,2024-07-08,9283
6569,醫揚,13,1,12,凱基-北門,2024-07-08,9283
8277,商丞,12,0,12,凱基-北門,2024-07-08,9283
2417,圓剛,45,34,11,凱基-北門,2024-07-08,9283
6443,元晶,19,8,11,凱基-北門,2024-07-08,9283
6269,台郡,11,0,11,凱基-北門,2024-07-08,9283
8105,凌巨,11,0,11,凱基-北門,2024-07-08,9283
2027,大成鋼,10,0,10,凱基-北門,2024-07-08,9283
4906,正文,21,11,10,凱基-北門,2024-07-08,9283
00905,FT臺灣Smart,10,0,10,凱基-北門,2024-07-08,9283
1604,聲寶,10,0,10,凱基-北門,2024-07-08,9283
3058,立德,10,0,10,凱基-北門,2024-07-08,9283
3217,優群,10,0,10,凱基-北門,2024-07-08,9283
2888,新光金,2330,921,1409,凱基-北門,2024-07-09,9283
2867,三商壽,950,11,939,凱基-北門,2024-07-09,9283
9945,潤泰新,120,1,119,凱基-北門,2024-07-09,9283
9105,泰金寶-DR,152,51,101,凱基-北門,2024-07-09,9283
00929,復華台灣科技優息,106,7,99,凱基-北門,2024-07-09,9283
00937B,群益ESG投等債20,121,26,95,凱基-北門,2024-07-09,9283
00882,中信中國高股息,82,0,82,凱基-北門,2024-07-09,9283
00927,群益半導體收益,73,0,73,凱基-北門,2024-07-09,9283
00923,群益台ESG低碳50,55,0,55,凱基-北門,2024-07-09,9283
3550,聯穎,54,0,54,凱基-北門,2024-07-09,9283
2317,鴻海,129,79,50,凱基-北門,2024-07-09,9283
00673R,期元大S＆P原油反1,40,0,40,凱基-北門,2024-07-09,9283
3323,加百裕,60,23,37,凱基-北門,2024-07-09,9283
1528,恩德,36,0,36,凱基-北門,2024-07-09,9283
2367,燿華,116,85,31,凱基-北門,2024-07-09,9283
2312,金寶,58,29,29,凱基-北門,2024-07-09,9283
5371,中光電,27,4,23,凱基-北門,2024-07-09,9283
00936,台新永續高息中小,22,0,22,凱基-北門,2024-07-09,9283
2483,百容,22,0,22,凱基-北門,2024-07-09,9283
00725B,國泰投資級公司債,20,0,20,凱基-北門,2024-07-09,9283
1522,堤維西,21,1,20,凱基-北門,2024-07-09,9283
3062,建漢,32,12,20,凱基-北門,2024-07-09,9283
6156,松上,20,0,20,凱基-北門,2024-07-09,9283
1612,宏泰,20,1,19,凱基-北門,2024-07-09,9283
3231,緯創,73,54,19,凱基-北門,2024-07-09,9283
6219,富旺,19,0,19,凱基-北門,2024-07-09,9283
3673,TPK-KY,26,9,17,凱基-北門,2024-07-09,9283
00720B,元大投資級公司債,20,4,16,凱基-北門,2024-07-09,9283
00881,國泰台灣5G+,16,1,15,凱基-北門,2024-07-09,9283
8277,商丞,15,0,15,凱基-北門,2024-07-09,9283
0056,元大高股息,16,1,15,凱基-北門,2024-07-09,9283
2356,英業達,14,0,14,凱基-北門,2024-07-09,9283
1301,台塑,12,0,12,凱基-北門,2024-07-09,9283
2457,飛宏,11,0,11,凱基-北門,2024-07-09,9283
3260,威剛,11,0,11,凱基-北門,2024-07-09,9283
2449,京元電子,26,15,11,凱基-北門,2024-07-09,9283
4960,誠美材,13,2,11,凱基-北門,2024-07-09,9283
1101,台泥,10,0,10,凱基-北門,2024-07-09,9283
3058,立德,10,0,10,凱基-北門,2024-07-09,9283
00669R,國泰美國道瓊反1,10,0,10,凱基-北門,2024-07-09,9283
00685L,群益臺灣加權正2,10,0,10,凱基-北門,2024-07-09,9283
00675L,富邦臺灣加權正2,11,1,10,凱基-北門,2024-07-09,9283
2610,華航,10,0,10,凱基-北門,2024-07-09,9283
2897,王道銀行,10,0,10,凱基-北門,2024-07-09,9283
4142,國光生,10,0,10,凱基-北門,2024-07-09,9283
6875,國邑*,10,0,10,凱基-北門,2024-07-09,9283
00948B,中信優息投資級債,9,0,9,凱基-北門,2024-07-09,9283
6215,和椿,27,18,9,凱基-北門,2024-07-09,9283
6279,胡連,9,0,9,凱基-北門,2024-07-09,9283
6213,聯茂,15,7,8,凱基-北門,2024-07-09,9283
2883B,凱基金乙特,150,0,150,凱基-北門,2024-07-10,9283
00929,復華台灣科技優息,71,11,60,凱基-北門,2024-07-10,9283
6207,雷科,48,0,48,凱基-北門,2024-07-10,9283
1616,億泰,39,6,33,凱基-北門,2024-07-10,9283
00937B,群益ESG投等債20,32,0,32,凱基-北門,2024-07-10,9283
1618,合機,53,22,31,凱基-北門,2024-07-10,9283
00934,中信成長高股息,23,0,23,凱基-北門,2024-07-10,9283
2002,中鋼,22,0,22,凱基-北門,2024-07-10,9283
1314,中石化,22,0,22,凱基-北門,2024-07-10,9283
2365,昆盈,34,13,21,凱基-北門,2024-07-10,9283
2887,台新金,21,0,21,凱基-北門,2024-07-10,9283
9946,三發地產,20,1,19,凱基-北門,2024-07-10,9283
00687B,國泰20年美債,18,0,18,凱基-北門,2024-07-10,9283
00673R,期元大S＆P原油反1,17,0,17,凱基-北門,2024-07-10,9283
3481,群創,18,2,16,凱基-北門,2024-07-10,9283
4960,誠美材,22,7,15,凱基-北門,2024-07-10,9283
00720B,元大投資級公司債,15,0,15,凱基-北門,2024-07-10,9283
6219,富旺,14,0,14,凱基-北門,2024-07-10,9283
00930,永豐ESG低碳高息,12,0,12,凱基-北門,2024-07-10,9283
2344,華邦電,12,0,12,凱基-北門,2024-07-10,9283
2834,臺企銀,12,0,12,凱基-北門,2024-07-10,9283
3162,精確,13,1,12,凱基-北門,2024-07-10,9283
3171,炎洲流通,12,0,12,凱基-北門,2024-07-10,9283
8103,瀚荃,12,0,12,凱基-北門,2024-07-10,9283
2353,宏��,22,11,11,凱基-北門,2024-07-10,9283
2449,京元電子,12,1,11,凱基-北門,2024-07-10,9283
8071,能率網通,11,0,11,凱基-北門,2024-07-10,9283
8227,巨有科技,11,0,11,凱基-北門,2024-07-10,9283
00725B,國泰投資級公司債,10,0,10,凱基-北門,2024-07-10,9283
00881,國泰台灣5G+,10,0,10,凱基-北門,2024-07-10,9283
00907,永豐優息存股,10,0,10,凱基-北門,2024-07-10,9283
1597,直得,10,0,10,凱基-北門,2024-07-10,9283
3035,智原,10,0,10,凱基-北門,2024-07-10,9283
3058,立德,10,0,10,凱基-北門,2024-07-10,9283
3499,環天科,10,0,10,凱基-北門,2024-07-10,9283
8473,山林水,10,0,10,凱基-北門,2024-07-10,9283
6443,元晶,70,61,9,凱基-北門,2024-07-10,9283
1340,勝悅-KY,9,0,9,凱基-北門,2024-07-10,9283
1617,榮星,11,2,9,凱基-北門,2024-07-10,9283
2501,國建,10,1,9,凱基-北門,2024-07-10,9283
2885,元大金,9,0,9,凱基-北門,2024-07-10,9283
5608,四維航,10,1,9,凱基-北門,2024-07-10,9283
6589,台康生技,9,0,9,凱基-北門,2024-07-10,9283
3037,欣興,9,0,9,凱基-北門,2024-07-10,9283
2392,正崴,62,53,9,凱基-北門,2024-07-10,9283
1101,台泥,12,4,8,凱基-北門,2024-07-10,9283
1785,光洋科,61,53,8,凱基-北門,2024-07-10,9283
00933B,國泰10Y+金融債,10,2,8,凱基-北門,2024-07-10,9283
2615,萬海,10,2,8,凱基-北門,2024-07-10,9283
6689,伊雲谷,9,1,8,凱基-北門,2024-07-10,9283
2867,三商壽,230,3,227,凱基-北門,2024-07-11,9283
9105,泰金寶-DR,184,20,164,凱基-北門,2024-07-11,9283
2834,臺企銀,86,10,76,凱基-北門,2024-07-11,9283
2365,昆盈,114,59,55,凱基-北門,2024-07-11,9283
6207,雷科,55,1,54,凱基-北門,2024-07-11,9283
00725B,國泰投資級公司債,60,10,50,凱基-北門,2024-07-11,9283
00637L,元大滬深300正2,42,0,42,凱基-北門,2024-07-11,9283
2891,中信金,47,6,41,凱基-北門,2024-07-11,9283
00936,台新永續高息中小,25,0,25,凱基-北門,2024-07-11,9283
00905,FT臺灣Smart,25,0,25,凱基-北門,2024-07-11,9283
2618,長榮航,26,3,23,凱基-北門,2024-07-11,9283
1314,中石化,21,0,21,凱基-北門,2024-07-11,9283
4533,協易機,22,1,21,凱基-北門,2024-07-11,9283
3083,網龍,20,0,20,凱基-北門,2024-07-11,9283
2392,正崴,28,10,18,凱基-北門,2024-07-11,9283
1110,東泥,18,0,18,凱基-北門,2024-07-11,9283
8473,山林水,17,0,17,凱基-北門,2024-07-11,9283
2464,盟立,41,25,16,凱基-北門,2024-07-11,9283
2352,佳世達,16,0,16,凱基-北門,2024-07-11,9283
00903,富邦元宇宙,15,0,15,凱基-北門,2024-07-11,9283
1591,駿吉-KY,15,0,15,凱基-北門,2024-07-11,9283
3481,群創,35,20,15,凱基-北門,2024-07-11,9283
00687B,國泰20年美債,15,0,15,凱基-北門,2024-07-11,9283
2025,千興,14,0,14,凱基-北門,2024-07-11,9283
6695,芯鼎,14,0,14,凱基-北門,2024-07-11,9283
2344,華邦電,14,1,13,凱基-北門,2024-07-11,9283
2330,台積電,16,4,12,凱基-北門,2024-07-11,9283
00921,兆豐龍頭等權重,12,0,12,凱基-北門,2024-07-11,9283
2913,農林,12,0,12,凱基-北門,2024-07-11,9283
3532,台勝科,12,0,12,凱基-北門,2024-07-11,9283
8935,邦泰,12,0,12,凱基-北門,2024-07-11,9283
00929,復華台灣科技優息,11,0,11,凱基-北門,2024-07-11,9283
1609,大亞,16,5,11,凱基-北門,2024-07-11,9283
2367,燿華,12,1,11,凱基-北門,2024-07-11,9283
2489,瑞軒,19,8,11,凱基-北門,2024-07-11,9283
3466,德晉,11,0,11,凱基-北門,2024-07-11,9283
6166,凌華,11,0,11,凱基-北門,2024-07-11,9283
8064,東捷,30,19,11,凱基-北門,2024-07-11,9283
00669R,國泰美國道瓊反1,10,0,10,凱基-北門,2024-07-11,9283
1514,亞力,25,15,10,凱基-北門,2024-07-11,9283
1604,聲寶,10,0,10,凱基-北門,2024-07-11,9283
2329,華泰,10,0,10,凱基-北門,2024-07-11,9283
2722,夏都,10,0,10,凱基-北門,2024-07-11,9283
3217,優群,10,0,10,凱基-北門,2024-07-11,9283
4113,聯上,10,0,10,凱基-北門,2024-07-11,9283
4526,東台,10,0,10,凱基-北門,2024-07-11,9283
6005,群益證,10,0,10,凱基-北門,2024-07-11,9283
6532,瑞耘,10,0,10,凱基-北門,2024-07-11,9283
8028,昇陽半導體,28,18,10,凱基-北門,2024-07-11,9283
00950B,凱基A級公司債,9,0,9,凱基-北門,2024-07-11,9283
00680L,元大美債20正2,103,0,103,凱基-北門,2024-07-12,9283
00929,復華台灣科技優息,135,45,90,凱基-北門,2024-07-12,9283
2867,三商壽,73,1,72,凱基-北門,2024-07-12,9283
2312,金寶,182,121,61,凱基-北門,2024-07-12,9283
00919,群益台灣精選高息,60,0,60,凱基-北門,2024-07-12,9283
1789,神隆,57,0,57,凱基-北門,2024-07-12,9283
2301,光寶科,54,4,50,凱基-北門,2024-07-12,9283
00725B,國泰投資級公司債,49,0,49,凱基-北門,2024-07-12,9283
00934,中信成長高股息,48,0,48,凱基-北門,2024-07-12,9283
2317,鴻海,56,11,45,凱基-北門,2024-07-12,9283
3289,宜特,42,1,41,凱基-北門,2024-07-12,9283
00679B,元大美債20年,41,4,37,凱基-北門,2024-07-12,9283
4303,信立,36,0,36,凱基-北門,2024-07-12,9283
00937B,群益ESG投等債20,45,12,33,凱基-北門,2024-07-12,9283
00633L,富邦上証正2,30,0,30,凱基-北門,2024-07-12,9283
00655L,國泰中國A50正2,30,0,30,凱基-北門,2024-07-12,9283
6207,雷科,26,0,26,凱基-北門,2024-07-12,9283
9945,潤泰新,28,6,22,凱基-北門,2024-07-12,9283
1316,上曜,94,73,21,凱基-北門,2024-07-12,9283
9105,泰金寶-DR,21,0,21,凱基-北門,2024-07-12,9283
00690,兆豐藍籌30,20,0,20,凱基-北門,2024-07-12,9283
00921,兆豐龍頭等權重,20,0,20,凱基-北門,2024-07-12,9283
6265,方土昶,20,0,20,凱基-北門,2024-07-12,9283
2313,華通,27,10,17,凱基-北門,2024-07-12,9283
2537,聯上發,26,10,16,凱基-北門,2024-07-12,9283
1304,台聚,17,1,16,凱基-北門,2024-07-12,9283
3163,波若威,21,5,16,凱基-北門,2024-07-12,9283
3033,威健,15,0,15,凱基-北門,2024-07-12,9283
1409,新纖,15,0,15,凱基-北門,2024-07-12,9283
00936,台新永續高息中小,14,0,14,凱基-北門,2024-07-12,9283
3047,訊舟,14,0,14,凱基-北門,2024-07-12,9283
3652,精聯,14,0,14,凱基-北門,2024-07-12,9283
6026,福邦證,14,0,14,凱基-北門,2024-07-12,9283
00927,群益半導體收益,12,0,12,凱基-北門,2024-07-12,9283
00881,國泰台灣5G+,12,0,12,凱基-北門,2024-07-12,9283
00946,群益科技高息成長,12,0,12,凱基-北門,2024-07-12,9283
4714,永捷,27,15,12,凱基-北門,2024-07-12,9283
8011,台通,13,1,12,凱基-北門,2024-07-12,9283
3374,精材,17,6,11,凱基-北門,2024-07-12,9283
00720B,元大投資級公司債,11,0,11,凱基-北門,2024-07-12,9283
2477,美隆電,12,1,11,凱基-北門,2024-07-12,9283
00878,國泰永續高股息,12,1,11,凱基-北門,2024-07-12,9283
3312,弘憶股,10,0,10,凱基-北門,2024-07-12,9283
2610,華航,14,4,10,凱基-北門,2024-07-12,9283
00894,中信小資高價30,10,0,10,凱基-北門,2024-07-12,9283
00948B,中信優息投資級債,10,0,10,凱基-北門,2024-07-12,9283
1314,中石化,10,0,10,凱基-北門,2024-07-12,9283
1725,元禎,10,0,10,凱基-北門,2024-07-12,9283
2103,台橡,10,0,10,凱基-北門,2024-07-12,9283
3236,千如,10,0,10,凱基-北門,2024-07-12,9283
00937B,群益ESG投等債20,346,5,341,凱基-北門,2024-07-15,9283
2356,英業達,153,10,143,凱基-北門,2024-07-15,9283
2888,新光金,173,31,142,凱基-北門,2024-07-15,9283
00934,中信成長高股息,172,50,122,凱基-北門,2024-07-15,9283
2489,瑞軒,124,40,84,凱基-北門,2024-07-15,9283
6207,雷科,62,0,62,凱基-北門,2024-07-15,9283
2313,華通,60,0,60,凱基-北門,2024-07-15,9283
00725B,國泰投資級公司債,65,10,55,凱基-北門,2024-07-15,9283
00679B,元大美債20年,42,0,42,凱基-北門,2024-07-15,9283
2365,昆盈,120,81,39,凱基-北門,2024-07-15,9283
6219,富旺,42,3,39,凱基-北門,2024-07-15,9283
00720B,元大投資級公司債,38,0,38,凱基-北門,2024-07-15,9283
1815,富喬,38,1,37,凱基-北門,2024-07-15,9283
00929,復華台灣科技優息,36,4,32,凱基-北門,2024-07-15,9283
2891,中信金,37,5,32,凱基-北門,2024-07-15,9283
2388,威盛,36,5,31,凱基-北門,2024-07-15,9283
00712,復華富時不動產,30,0,30,凱基-北門,2024-07-15,9283
1608,華榮,116,86,30,凱基-北門,2024-07-15,9283
3652,精聯,31,1,30,凱基-北門,2024-07-15,9283
1316,上曜,33,5,28,凱基-北門,2024-07-15,9283
6290,良維,30,4,26,凱基-北門,2024-07-15,9283
00680L,元大美債20正2,35,10,25,凱基-北門,2024-07-15,9283
00949,復華日本龍頭,23,0,23,凱基-北門,2024-07-15,9283
006208,富邦台50,21,0,21,凱基-北門,2024-07-15,9283
2498,宏達電,22,2,20,凱基-北門,2024-07-15,9283
00948B,中信優息投資級債,20,0,20,凱基-北門,2024-07-15,9283
9946,三發地產,20,0,20,凱基-北門,2024-07-15,9283
2301,光寶科,48,28,20,凱基-北門,2024-07-15,9283
2618,長榮航,21,2,19,凱基-北門,2024-07-15,9283
6217,中探針,17,0,17,凱基-北門,2024-07-15,9283
8064,東捷,28,12,16,凱基-北門,2024-07-15,9283
1591,駿吉-KY,14,0,14,凱基-北門,2024-07-15,9283
2617,台航,14,0,14,凱基-北門,2024-07-15,9283
4167,松瑞藥,15,3,12,凱基-北門,2024-07-15,9283
1597,直得,14,3,11,凱基-北門,2024-07-15,9283
00713,元大台灣高息低波,11,0,11,凱基-北門,2024-07-15,9283
00687B,國泰20年美債,11,0,11,凱基-北門,2024-07-15,9283
2399,映泰,13,2,11,凱基-北門,2024-07-15,9283
8076,伍豐,13,2,11,凱基-北門,2024-07-15,9283
8103,瀚荃,17,7,10,凱基-北門,2024-07-15,9283
00878,國泰永續高股息,10,0,10,凱基-北門,2024-07-15,9283
00933B,國泰10Y+金融債,10,0,10,凱基-北門,2024-07-15,9283
1611,中電,10,0,10,凱基-北門,2024-07-15,9283
2897,王道銀行,10,0,10,凱基-北門,2024-07-15,9283
3094,聯傑,12,2,10,凱基-北門,2024-07-15,9283
4526,東台,12,2,10,凱基-北門,2024-07-15,9283
5439,高技,11,1,10,凱基-北門,2024-07-15,9283
6026,福邦證,10,0,10,凱基-北門,2024-07-15,9283
6275,元山,10,0,10,凱基-北門,2024-07-15,9283
8021,尖點,10,0,10,凱基-北門,2024-07-15,9283
00882,中信中國高股息,117,0,117,凱基-北門,2024-07-16,9283
00929,復華台灣科技優息,95,1,94,凱基-北門,2024-07-16,9283
0056,元大高股息,42,0,42,凱基-北門,2024-07-16,9283
2363,矽統,45,8,37,凱基-北門,2024-07-16,9283
2498,宏達電,38,2,36,凱基-北門,2024-07-16,9283
00720B,元大投資級公司債,29,0,29,凱基-北門,2024-07-16,9283
3481,群創,41,13,28,凱基-北門,2024-07-16,9283
00927,群益半導體收益,25,0,25,凱基-北門,2024-07-16,9283
00679B,元大美債20年,32,10,22,凱基-北門,2024-07-16,9283
00919,群益台灣精選高息,23,3,20,凱基-北門,2024-07-16,9283
00915,凱基優選高股息30,20,0,20,凱基-北門,2024-07-16,9283
2417,圓剛,20,0,20,凱基-北門,2024-07-16,9283
2301,光寶科,20,1,19,凱基-北門,2024-07-16,9283
1609,大亞,60,42,18,凱基-北門,2024-07-16,9283
8473,山林水,22,4,18,凱基-北門,2024-07-16,9283
6530,創威,17,0,17,凱基-北門,2024-07-16,9283
1314,中石化,20,5,15,凱基-北門,2024-07-16,9283
2891,中信金,17,3,14,凱基-北門,2024-07-16,9283
00934,中信成長高股息,14,0,14,凱基-北門,2024-07-16,9283
3021,鴻名,15,1,14,凱基-北門,2024-07-16,9283
3550,聯穎,15,2,13,凱基-北門,2024-07-16,9283
8064,東捷,21,9,12,凱基-北門,2024-07-16,9283
2317,鴻海,31,19,12,凱基-北門,2024-07-16,9283
2834,臺企銀,11,0,11,凱基-北門,2024-07-16,9283
3652,精聯,11,0,11,凱基-北門,2024-07-16,9283
6695,芯鼎,28,17,11,凱基-北門,2024-07-16,9283
2883,凱基金,10,0,10,凱基-北門,2024-07-16,9283
00753L,中信中國50正2,10,0,10,凱基-北門,2024-07-16,9283
00937B,群益ESG投等債20,37,27,10,凱基-北門,2024-07-16,9283
00949,復華日本龍頭,10,0,10,凱基-北門,2024-07-16,9283
1201,味全,10,0,10,凱基-北門,2024-07-16,9283
1503,士電,15,5,10,凱基-北門,2024-07-16,9283
2634,漢翔,10,0,10,凱基-北門,2024-07-16,9283
3390,旭軟,10,0,10,凱基-北門,2024-07-16,9283
4167,松瑞藥,10,0,10,凱基-北門,2024-07-16,9283
4726,永昕,10,0,10,凱基-北門,2024-07-16,9283
6153,嘉聯益,11,1,10,凱基-北門,2024-07-16,9283
9919,康那香,10,0,10,凱基-北門,2024-07-16,9283
2352,佳世達,9,0,9,凱基-北門,2024-07-16,9283
3047,訊舟,10,1,9,凱基-北門,2024-07-16,9283
3058,立德,9,0,9,凱基-北門,2024-07-16,9283
6416,瑞祺電通,9,0,9,凱基-北門,2024-07-16,9283
2356,英業達,9,1,8,凱基-北門,2024-07-16,9283
00905,FT臺灣Smart,38,30,8,凱基-北門,2024-07-16,9283
00945B,凱基美國非投等債,8,0,8,凱基-北門,2024-07-16,9283
1217,愛之味,8,0,8,凱基-北門,2024-07-16,9283
2303,聯電,10,2,8,凱基-北門,2024-07-16,9283
8936,國統,13,5,8,凱基-北門,2024-07-16,9283
1319,東陽,7,0,7,凱基-北門,2024-07-16,9283
1733,五鼎,7,0,7,凱基-北門,2024-07-16,9283
00680L,元大美債20正2,155,3,152,凱基-北門,2024-07-17,9283
00929,復華台灣科技優息,121,2,119,凱基-北門,2024-07-17,9283
00753L,中信中國50正2,105,0,105,凱基-北門,2024-07-17,9283
00665L,富邦�琤肭磪囓�2,105,10,95,凱基-北門,2024-07-17,9283
00679B,元大美債20年,76,10,66,凱基-北門,2024-07-17,9283
00722B,群益投資級電信債,80,20,60,凱基-北門,2024-07-17,9283
2892,第一金,60,0,60,凱基-北門,2024-07-17,9283
00632R,元大台灣50反1,54,0,54,凱基-北門,2024-07-17,9283
2495,普安,50,0,50,凱基-北門,2024-07-17,9283
00942B,台新美A公司債20+,40,0,40,凱基-北門,2024-07-17,9283
2402,毅嘉,49,20,29,凱基-北門,2024-07-17,9283
2367,燿華,27,0,27,凱基-北門,2024-07-17,9283
6684,安格,64,37,27,凱基-北門,2024-07-17,9283
00881,國泰台灣5G+,26,0,26,凱基-北門,2024-07-17,9283
00715L,期街口布蘭特正2,26,0,26,凱基-北門,2024-07-17,9283
00927,群益半導體收益,25,0,25,凱基-北門,2024-07-17,9283
00937B,群益ESG投等債20,33,12,21,凱基-北門,2024-07-17,9283
3051,力特,20,0,20,凱基-北門,2024-07-17,9283
2303,聯電,23,4,19,凱基-北門,2024-07-17,9283
4906,正文,20,1,19,凱基-北門,2024-07-17,9283
3231,緯創,27,9,18,凱基-北門,2024-07-17,9283
2369,菱生,18,0,18,凱基-北門,2024-07-17,9283
00878,國泰永續高股息,21,3,18,凱基-北門,2024-07-17,9283
00922,國泰台灣領袖50,17,0,17,凱基-北門,2024-07-17,9283
00919,群益台灣精選高息,17,1,16,凱基-北門,2024-07-17,9283
2330,台積電,47,33,14,凱基-北門,2024-07-17,9283
2887,台新金,13,0,13,凱基-北門,2024-07-17,9283
00725B,國泰投資級公司債,13,0,13,凱基-北門,2024-07-17,9283
00949,復華日本龍頭,13,0,13,凱基-北門,2024-07-17,9283
6548,長科*,13,0,13,凱基-北門,2024-07-17,9283
6127,九豪,12,0,12,凱基-北門,2024-07-17,9283
2610,華航,12,0,12,凱基-北門,2024-07-17,9283
8089,康全電訊,15,3,12,凱基-北門,2024-07-17,9283
2301,光寶科,11,0,11,凱基-北門,2024-07-17,9283
00877,復華中國5G,11,0,11,凱基-北門,2024-07-17,9283
0056,元大高股息,10,0,10,凱基-北門,2024-07-17,9283
1504,東元,10,0,10,凱基-北門,2024-07-17,9283
2395,研華,10,0,10,凱基-北門,2024-07-17,9283
2501,國建,21,11,10,凱基-北門,2024-07-17,9283
2891,中信金,10,0,10,凱基-北門,2024-07-17,9283
9919,康那香,10,0,10,凱基-北門,2024-07-17,9283
2615,萬海,10,1,9,凱基-北門,2024-07-17,9283
3580,友威科,11,2,9,凱基-北門,2024-07-17,9283
3673,TPK-KY,14,5,9,凱基-北門,2024-07-17,9283
8028,昇陽半導體,11,3,8,凱基-北門,2024-07-17,9283
1409,新纖,11,3,8,凱基-北門,2024-07-17,9283
2376,技嘉,9,1,8,凱基-北門,2024-07-17,9283
2412,中華電,8,0,8,凱基-北門,2024-07-17,9283
2617,台航,8,0,8,凱基-北門,2024-07-17,9283
2498,宏達電,7,0,7,凱基-北門,2024-07-17,9283
1303,南亞,102,2,100,凱基-北門,2024-07-18,9283
3041,揚智,80,0,80,凱基-北門,2024-07-18,9283
00919,群益台灣精選高息,105,43,62,凱基-北門,2024-07-18,9283
2365,昆盈,172,116,56,凱基-北門,2024-07-18,9283
6219,富旺,81,30,51,凱基-北門,2024-07-18,9283
3686,達能,44,0,44,凱基-北門,2024-07-18,9283
00918,大華優利高填息30,41,0,41,凱基-北門,2024-07-18,9283
00878,國泰永續高股息,38,1,37,凱基-北門,2024-07-18,9283
6684,安格,35,0,35,凱基-北門,2024-07-18,9283
00929,復華台灣科技優息,134,100,34,凱基-北門,2024-07-18,9283
6207,雷科,36,2,34,凱基-北門,2024-07-18,9283
3024,憶聲,32,0,32,凱基-北門,2024-07-18,9283
1909,榮成,31,0,31,凱基-北門,2024-07-18,9283
00679B,元大美債20年,40,10,30,凱基-北門,2024-07-18,9283
4729,熒茂,30,0,30,凱基-北門,2024-07-18,9283
2330,台積電,42,17,25,凱基-北門,2024-07-18,9283
00881,國泰台灣5G+,34,10,24,凱基-北門,2024-07-18,9283
00950B,凱基A級公司債,34,10,24,凱基-北門,2024-07-18,9283
2356,英業達,35,12,23,凱基-北門,2024-07-18,9283
2014,中鴻,24,2,22,凱基-北門,2024-07-18,9283
3481,群創,48,27,21,凱基-北門,2024-07-18,9283
00720B,元大投資級公司債,20,0,20,凱基-北門,2024-07-18,9283
2897,王道銀行,20,0,20,凱基-北門,2024-07-18,9283
4960,誠美材,20,0,20,凱基-北門,2024-07-18,9283
8096,擎亞,20,0,20,凱基-北門,2024-07-18,9283
00942B,台新美A公司債20+,20,0,20,凱基-北門,2024-07-18,9283
00706L,期元大S＆P日圓正2,17,0,17,凱基-北門,2024-07-18,9283
2618,長榮航,17,0,17,凱基-北門,2024-07-18,9283
3521,鴻翊,15,0,15,凱基-北門,2024-07-18,9283
2489,瑞軒,17,3,14,凱基-北門,2024-07-18,9283
2511,太子,15,1,14,凱基-北門,2024-07-18,9283
3037,欣興,27,13,14,凱基-北門,2024-07-18,9283
6226,光鼎,13,0,13,凱基-北門,2024-07-18,9283
0056,元大高股息,27,14,13,凱基-北門,2024-07-18,9283
8054,安國,14,2,12,凱基-北門,2024-07-18,9283
8390,金益鼎,63,51,12,凱基-北門,2024-07-18,9283
6125,廣運,24,14,10,凱基-北門,2024-07-18,9283
00722B,群益投資級電信債,10,0,10,凱基-北門,2024-07-18,9283
00751B,元大AAA至A公司債,10,0,10,凱基-北門,2024-07-18,9283
00927,群益半導體收益,20,10,10,凱基-北門,2024-07-18,9283
3052,夆典,10,0,10,凱基-北門,2024-07-18,9283
3058,立德,10,0,10,凱基-北門,2024-07-18,9283
2881,富邦金,11,2,9,凱基-北門,2024-07-18,9283
3689,湧德,11,2,9,凱基-北門,2024-07-18,9283
00891,中信關鍵半導體,8,0,8,凱基-北門,2024-07-18,9283
1402,遠東新,7,0,7,凱基-北門,2024-07-18,9283
2483,百容,7,0,7,凱基-北門,2024-07-18,9283
6456,GIS-KY,7,0,7,凱基-北門,2024-07-18,9283
2382,廣達,12,5,7,凱基-北門,2024-07-18,9283
2367,燿華,14,8,6,凱基-北門,2024-07-18,9283
00919,群益台灣精選高息,209,0,209,凱基-北門,2024-07-19,9283
00929,復華台灣科技優息,160,33,127,凱基-北門,2024-07-19,9283
2892,第一金,115,5,110,凱基-北門,2024-07-19,9283
2483,百容,62,0,62,凱基-北門,2024-07-19,9283
2617,台航,61,0,61,凱基-北門,2024-07-19,9283
6235,華孚,60,0,60,凱基-北門,2024-07-19,9283
00937B,群益ESG投等債20,72,19,53,凱基-北門,2024-07-19,9283
2609,陽明,46,1,45,凱基-北門,2024-07-19,9283
0056,元大高股息,64,19,45,凱基-北門,2024-07-19,9283
2330,台積電,54,12,42,凱基-北門,2024-07-19,9283
2409,友達,35,2,33,凱基-北門,2024-07-19,9283
2845,遠東銀,32,0,32,凱基-北門,2024-07-19,9283
6120,達運,30,0,30,凱基-北門,2024-07-19,9283
00878,國泰永續高股息,55,26,29,凱基-北門,2024-07-19,9283
5608,四維航,31,2,29,凱基-北門,2024-07-19,9283
9904,寶成,29,0,29,凱基-北門,2024-07-19,9283
00632R,元大台灣50反1,30,3,27,凱基-北門,2024-07-19,9283
00923,群益台ESG低碳50,27,0,27,凱基-北門,2024-07-19,9283
2401,凌陽,25,0,25,凱基-北門,2024-07-19,9283
3231,緯創,31,7,24,凱基-北門,2024-07-19,9283
2352,佳世達,29,5,24,凱基-北門,2024-07-19,9283
1301,台塑,27,3,24,凱基-北門,2024-07-19,9283
2867,三商壽,21,0,21,凱基-北門,2024-07-19,9283
00946,群益科技高息成長,24,3,21,凱基-北門,2024-07-19,9283
00724B,群益投資級金融債,20,0,20,凱基-北門,2024-07-19,9283
2489,瑞軒,25,6,19,凱基-北門,2024-07-19,9283
00934,中信成長高股息,18,0,18,凱基-北門,2024-07-19,9283
2891,中信金,19,1,18,凱基-北門,2024-07-19,9283
00706L,期元大S＆P日圓正2,17,0,17,凱基-北門,2024-07-19,9283
3661,世芯-KY,16,1,15,凱基-北門,2024-07-19,9283
00905,FT臺灣Smart,15,0,15,凱基-北門,2024-07-19,9283
3178,公準,14,0,14,凱基-北門,2024-07-19,9283
2014,中鴻,25,13,12,凱基-北門,2024-07-19,9283
00850,元大臺灣ESG永續,12,0,12,凱基-北門,2024-07-19,9283
00687B,國泰20年美債,17,5,12,凱基-北門,2024-07-19,9283
1609,大亞,37,25,12,凱基-北門,2024-07-19,9283
2630,亞航,12,0,12,凱基-北門,2024-07-19,9283
2897,王道銀行,12,0,12,凱基-北門,2024-07-19,9283
3016,嘉晶,12,0,12,凱基-北門,2024-07-19,9283
9105,泰金寶-DR,12,0,12,凱基-北門,2024-07-19,9283
3037,欣興,24,13,11,凱基-北門,2024-07-19,9283
2457,飛宏,11,0,11,凱基-北門,2024-07-19,9283
00927,群益半導體收益,11,0,11,凱基-北門,2024-07-19,9283
2467,志聖,11,0,11,凱基-北門,2024-07-19,9283
3005,神基,11,0,11,凱基-北門,2024-07-19,9283
3689,湧德,11,0,11,凱基-北門,2024-07-19,9283
6153,嘉聯益,11,0,11,凱基-北門,2024-07-19,9283
00918,大華優利高填息30,15,5,10,凱基-北門,2024-07-19,9283
00950B,凱基A級公司債,22,12,10,凱基-北門,2024-07-19,9283
1316,上曜,15,5,10,凱基-北門,2024-07-19,9283
00940,元大台灣價值高息,424,248,176,凱基-北門,2024-07-22,9283
00720B,元大投資級公司債,103,0,103,凱基-北門,2024-07-22,9283
00929,復華台灣科技優息,247,164,83,凱基-北門,2024-07-22,9283
00676R,富邦臺灣加權反1,80,0,80,凱基-北門,2024-07-22,9283
0056,元大高股息,69,1,68,凱基-北門,2024-07-22,9283
6443,元晶,71,5,66,凱基-北門,2024-07-22,9283
6505,台塑化,50,0,50,凱基-北門,2024-07-22,9283
2483,百容,47,0,47,凱基-北門,2024-07-22,9283
00946,群益科技高息成長,59,14,45,凱基-北門,2024-07-22,9283
00934,中信成長高股息,37,0,37,凱基-北門,2024-07-22,9283
00722B,群益投資級電信債,30,0,30,凱基-北門,2024-07-22,9283
1609,大亞,54,24,30,凱基-北門,2024-07-22,9283
6207,雷科,31,2,29,凱基-北門,2024-07-22,9283
2836,高雄銀,25,0,25,凱基-北門,2024-07-22,9283
2344,華邦電,24,0,24,凱基-北門,2024-07-22,9283
00937B,群益ESG投等債20,74,51,23,凱基-北門,2024-07-22,9283
1907,永豐餘,23,0,23,凱基-北門,2024-07-22,9283
2610,華航,23,0,23,凱基-北門,2024-07-22,9283
3706,神達,28,5,23,凱基-北門,2024-07-22,9283
00725B,國泰投資級公司債,20,0,20,凱基-北門,2024-07-22,9283
00724B,群益投資級金融債,20,0,20,凱基-北門,2024-07-22,9283
2801,彰銀,20,0,20,凱基-北門,2024-07-22,9283
2897,王道銀行,20,0,20,凱基-北門,2024-07-22,9283
2537,聯上發,19,0,19,凱基-北門,2024-07-22,9283
00878,國泰永續高股息,38,20,18,凱基-北門,2024-07-22,9283
1785,光洋科,19,2,17,凱基-北門,2024-07-22,9283
1301,台塑,16,0,16,凱基-北門,2024-07-22,9283
1727,中華化,20,5,15,凱基-北門,2024-07-22,9283
1605,華新,14,0,14,凱基-北門,2024-07-22,9283
3037,欣興,17,3,14,凱基-北門,2024-07-22,9283
4128,中天,16,2,14,凱基-北門,2024-07-22,9283
2633,台灣高鐵,15,2,13,凱基-北門,2024-07-22,9283
5607,遠雄港,13,0,13,凱基-北門,2024-07-22,9283
2330,台積電,28,15,13,凱基-北門,2024-07-22,9283
2354,鴻準,11,0,11,凱基-北門,2024-07-22,9283
00923,群益台ESG低碳50,11,0,11,凱基-北門,2024-07-22,9283
2845,遠東銀,10,0,10,凱基-北門,2024-07-22,9283
2539,櫻花建,10,0,10,凱基-北門,2024-07-22,9283
2356,英業達,13,2,11,凱基-北門,2024-07-22,9283
2353,宏��,11,1,10,凱基-北門,2024-07-22,9283
00905,FT臺灣Smart,10,0,10,凱基-北門,2024-07-22,9283
1909,榮成,10,0,10,凱基-北門,2024-07-22,9283
2736,富野,10,0,10,凱基-北門,2024-07-22,9283
6226,光鼎,10,0,10,凱基-北門,2024-07-22,9283
6589,台康生技,10,0,10,凱基-北門,2024-07-22,9283
8390,金益鼎,10,0,10,凱基-北門,2024-07-22,9283
5512,力麒,71,61,10,凱基-北門,2024-07-22,9283
2303,聯電,12,3,9,凱基-北門,2024-07-22,9283
2887,台新金,8,0,8,凱基-北門,2024-07-22,9283
2103,台橡,8,0,8,凱基-北門,2024-07-22,9283
00929,復華台灣科技優息,100,7,93,凱基-北門,2024-07-23,9283
6207,雷科,57,0,57,凱基-北門,2024-07-23,9283
2812,台中銀,53,0,53,凱基-北門,2024-07-23,9283
6219,富旺,49,1,48,凱基-北門,2024-07-23,9283
00918,大華優利高填息30,36,0,36,凱基-北門,2024-07-23,9283
00937B,群益ESG投等債20,35,0,35,凱基-北門,2024-07-23,9283
3522,御嵿,33,0,33,凱基-北門,2024-07-23,9283
00919,群益台灣精選高息,37,5,32,凱基-北門,2024-07-23,9283
4562,穎漢,40,8,32,凱基-北門,2024-07-23,9283
3481,群創,74,43,31,凱基-北門,2024-07-23,9283
00665L,富邦�琤肭磪囓�2,30,0,30,凱基-北門,2024-07-23,9283
1314,中石化,30,0,30,凱基-北門,2024-07-23,9283
00878,國泰永續高股息,24,1,23,凱基-北門,2024-07-23,9283
2303,聯電,23,1,22,凱基-北門,2024-07-23,9283
2409,友達,21,0,21,凱基-北門,2024-07-23,9283
00632R,元大台灣50反1,20,1,19,凱基-北門,2024-07-23,9283
00720B,元大投資級公司債,17,0,17,凱基-北門,2024-07-23,9283
00936,台新永續高息中小,17,0,17,凱基-北門,2024-07-23,9283
00679B,元大美債20年,16,0,16,凱基-北門,2024-07-23,9283
00687B,國泰20年美債,16,0,16,凱基-北門,2024-07-23,9283
2330,台積電,21,5,16,凱基-北門,2024-07-23,9283
2426,鼎元,15,0,15,凱基-北門,2024-07-23,9283
2634,漢翔,14,1,13,凱基-北門,2024-07-23,9283
8086,宏捷科,13,0,13,凱基-北門,2024-07-23,9283
4533,協易機,13,1,12,凱基-北門,2024-07-23,9283
3580,友威科,14,3,11,凱基-北門,2024-07-23,9283
00795B,中信美國公債20年,11,0,11,凱基-北門,2024-07-23,9283
00903,富邦元宇宙,11,0,11,凱基-北門,2024-07-23,9283
1440,南紡,11,0,11,凱基-北門,2024-07-23,9283
2504,國產,10,0,10,凱基-北門,2024-07-23,9283
6163,華電網,10,0,10,凱基-北門,2024-07-23,9283
8047,星雲,10,0,10,凱基-北門,2024-07-23,9283
8936,國統,12,2,10,凱基-北門,2024-07-23,9283
1795,美時,10,0,10,凱基-北門,2024-07-23,9283
3663,鑫科,19,10,9,凱基-北門,2024-07-23,9283
4128,中天,14,5,9,凱基-北門,2024-07-23,9283
3231,緯創,10,2,8,凱基-北門,2024-07-23,9283
00830,國泰費城半導體,10,2,8,凱基-北門,2024-07-23,9283
2455,全新,8,0,8,凱基-北門,2024-07-23,9283
3047,訊舟,10,2,8,凱基-北門,2024-07-23,9283
00935,野村臺灣新科技50,7,0,7,凱基-北門,2024-07-23,9283
00751B,元大AAA至A公司債,7,0,7,凱基-北門,2024-07-23,9283
3362,先進光,7,0,7,凱基-北門,2024-07-23,9283
00633L,富邦上証正2,6,0,6,凱基-北門,2024-07-23,9283
00650L,復華香港正2,6,0,6,凱基-北門,2024-07-23,9283
1229,聯華,6,0,6,凱基-北門,2024-07-23,9283
3024,憶聲,10,4,6,凱基-北門,2024-07-23,9283
5531,鄉林,7,1,6,凱基-北門,2024-07-23,9283
6486,互動,6,0,6,凱基-北門,2024-07-23,9283
6695,芯鼎,9,3,6,凱基-北門,2024-07-23,9283
00940,元大台灣價值高息,289,0,289,凱基-北門,2024-07-26,9283
00937B,群益ESG投等債20,113,18,95,凱基-北門,2024-07-26,9283
00929,復華台灣科技優息,90,0,90,凱基-北門,2024-07-26,9283
00919,群益台灣精選高息,88,12,76,凱基-北門,2024-07-26,9283
00878,國泰永續高股息,49,0,49,凱基-北門,2024-07-26,9283
00650L,復華香港正2,31,2,29,凱基-北門,2024-07-26,9283
2317,鴻海,38,12,26,凱基-北門,2024-07-26,9283
2486,一詮,31,7,24,凱基-北門,2024-07-26,9283
00720B,元大投資級公司債,24,0,24,凱基-北門,2024-07-26,9283
00946,群益科技高息成長,34,10,24,凱基-北門,2024-07-26,9283
2344,華邦電,24,2,22,凱基-北門,2024-07-26,9283
2515,中工,32,10,22,凱基-北門,2024-07-26,9283
0056,元大高股息,30,8,22,凱基-北門,2024-07-26,9283
2891,中信金,21,0,21,凱基-北門,2024-07-26,9283
2884,玉山金,23,2,21,凱基-北門,2024-07-26,9283
00637L,元大滬深300正2,22,2,20,凱基-北門,2024-07-26,9283
2897,王道銀行,20,0,20,凱基-北門,2024-07-26,9283
00665L,富邦�琤肭磪囓�2,33,15,18,凱基-北門,2024-07-26,9283
3711,日月光投控,20,2,18,凱基-北門,2024-07-26,9283
8926,台汽電,24,6,18,凱基-北門,2024-07-26,9283
2330,台積電,27,9,18,凱基-北門,2024-07-26,9283
2356,英業達,34,16,18,凱基-北門,2024-07-26,9283
2352,佳世達,17,0,17,凱基-北門,2024-07-26,9283
00830,國泰費城半導體,15,0,15,凱基-北門,2024-07-26,9283
2836,高雄銀,15,0,15,凱基-北門,2024-07-26,9283
00949,復華日本龍頭,14,0,14,凱基-北門,2024-07-26,9283
00951,台新日本半導體,13,0,13,凱基-北門,2024-07-26,9283
4726,永昕,17,4,13,凱基-北門,2024-07-26,9283
6550,北極星藥業-KY,13,0,13,凱基-北門,2024-07-26,9283
2885,元大金,13,0,13,凱基-北門,2024-07-26,9283
00680L,元大美債20正2,153,141,12,凱基-北門,2024-07-26,9283
00923,群益台ESG低碳50,11,0,11,凱基-北門,2024-07-26,9283
00679B,元大美債20年,23,12,11,凱基-北門,2024-07-26,9283
1101,台泥,11,0,11,凱基-北門,2024-07-26,9283
2349,錸德,11,0,11,凱基-北門,2024-07-26,9283
00947,台新臺灣IC設計,11,0,11,凱基-北門,2024-07-26,9283
2888,新光金,44,34,10,凱基-北門,2024-07-26,9283
2722,夏都,10,0,10,凱基-北門,2024-07-26,9283
3325,旭品,10,0,10,凱基-北門,2024-07-26,9283
4142,國光生,10,0,10,凱基-北門,2024-07-26,9283
5607,遠雄港,10,0,10,凱基-北門,2024-07-26,9283
6592,和潤企業,10,0,10,凱基-北門,2024-07-26,9283
2382,廣達,11,1,10,凱基-北門,2024-07-26,9283
0050,元大台灣50,13,4,9,凱基-北門,2024-07-26,9283
3706,神達,10,1,9,凱基-北門,2024-07-26,9283
00905,FT臺灣Smart,9,0,9,凱基-北門,2024-07-26,9283
00881,國泰台灣5G+,8,0,8,凱基-北門,2024-07-26,9283
00687B,國泰20年美債,13,5,8,凱基-北門,2024-07-26,9283
6177,達麗,8,0,8,凱基-北門,2024-07-26,9283
006208,富邦台50,7,0,7,凱基-北門,2024-07-26,9283
00937B,群益ESG投等債20,122,12,110,凱基-北門,2024-07-29,9283
00950B,凱基A級公司債,110,0,110,凱基-北門,2024-07-29,9283
00929,復華台灣科技優息,98,1,97,凱基-北門,2024-07-29,9283
00945B,凱基美國非投等債,110,34,76,凱基-北門,2024-07-29,9283
00919,群益台灣精選高息,67,0,67,凱基-北門,2024-07-29,9283
00679B,元大美債20年,65,2,63,凱基-北門,2024-07-29,9283
2365,昆盈,88,33,55,凱基-北門,2024-07-29,9283
3706,神達,37,1,36,凱基-北門,2024-07-29,9283
00715L,期街口布蘭特正2,35,0,35,凱基-北門,2024-07-29,9283
2382,廣達,37,7,30,凱基-北門,2024-07-29,9283
2459,敦吉,28,0,28,凱基-北門,2024-07-29,9283
2884,玉山金,29,1,28,凱基-北門,2024-07-29,9283
00687B,國泰20年美債,35,11,24,凱基-北門,2024-07-29,9283
5443,均豪,32,9,23,凱基-北門,2024-07-29,9283
00951,台新日本半導體,21,0,21,凱基-北門,2024-07-29,9283
2515,中工,26,5,21,凱基-北門,2024-07-29,9283
2367,燿華,25,4,21,凱基-北門,2024-07-29,9283
00878,國泰永續高股息,21,0,21,凱基-北門,2024-07-29,9283
1795,美時,20,0,20,凱基-北門,2024-07-29,9283
00712,復華富時不動產,20,0,20,凱基-北門,2024-07-29,9283
2105,正新,20,1,19,凱基-北門,2024-07-29,9283
2317,鴻海,30,12,18,凱基-北門,2024-07-29,9283
00680L,元大美債20正2,21,5,16,凱基-北門,2024-07-29,9283
5607,遠雄港,16,0,16,凱基-北門,2024-07-29,9283
6684,安格,14,0,14,凱基-北門,2024-07-29,9283
0056,元大高股息,16,3,13,凱基-北門,2024-07-29,9283
2303,聯電,22,9,13,凱基-北門,2024-07-29,9283
3230,錦明,14,1,13,凱基-北門,2024-07-29,9283
4726,永昕,14,1,13,凱基-北門,2024-07-29,9283
6569,醫揚,12,0,12,凱基-北門,2024-07-29,9283
00905,FT臺灣Smart,11,0,11,凱基-北門,2024-07-29,9283
2031,新光鋼,10,0,10,凱基-北門,2024-07-29,9283
2722,夏都,10,0,10,凱基-北門,2024-07-29,9283
2736,富野,10,0,10,凱基-北門,2024-07-29,9283
3188,鑫龍騰,10,0,10,凱基-北門,2024-07-29,9283
3689,湧德,10,0,10,凱基-北門,2024-07-29,9283
8096,擎亞,10,0,10,凱基-北門,2024-07-29,9283
00936,台新永續高息中小,17,7,10,凱基-北門,2024-07-29,9283
00933B,國泰10Y+金融債,10,1,9,凱基-北門,2024-07-29,9283
2464,盟立,12,3,9,凱基-北門,2024-07-29,9283
8086,宏捷科,9,0,9,凱基-北門,2024-07-29,9283
3094,聯傑,9,0,9,凱基-北門,2024-07-29,9283
6125,廣運,11,3,8,凱基-北門,2024-07-29,9283
00918,大華優利高填息30,23,15,8,凱基-北門,2024-07-29,9283
4533,協易機,9,1,8,凱基-北門,2024-07-29,9283
4743,合一,11,3,8,凱基-北門,2024-07-29,9283
3231,緯創,14,6,8,凱基-北門,2024-07-29,9283
006208,富邦台50,7,0,7,凱基-北門,2024-07-29,9283
2603,長榮,8,1,7,凱基-北門,2024-07-29,9283
00946,群益科技高息成長,7,0,7,凱基-北門,2024-07-29,9283
2349,錸德,392,242,150,凱基-北門,2024-07-30,9283
00940,元大台灣價值高息,251,102,149,凱基-北門,2024-07-30,9283
00929,復華台灣科技優息,154,5,149,凱基-北門,2024-07-30,9283
2409,友達,60,5,55,凱基-北門,2024-07-30,9283
00680L,元大美債20正2,40,1,39,凱基-北門,2024-07-30,9283
6219,富旺,48,20,28,凱基-北門,2024-07-30,9283
00878,國泰永續高股息,24,0,24,凱基-北門,2024-07-30,9283
3706,神達,20,0,20,凱基-北門,2024-07-30,9283
2303,聯電,20,1,19,凱基-北門,2024-07-30,9283
00715L,期街口布蘭特正2,19,0,19,凱基-北門,2024-07-30,9283
2344,華邦電,18,0,18,凱基-北門,2024-07-30,9283
2884,玉山金,17,0,17,凱基-北門,2024-07-30,9283
2891,中信金,16,0,16,凱基-北門,2024-07-30,9283
9105,泰金寶-DR,24,8,16,凱基-北門,2024-07-30,9283
1536,和大,15,0,15,凱基-北門,2024-07-30,9283
8086,宏捷科,15,0,15,凱基-北門,2024-07-30,9283
2812,台中銀,15,2,13,凱基-北門,2024-07-30,9283
00918,大華優利高填息30,12,0,12,凱基-北門,2024-07-30,9283
6005,群益證,11,0,11,凱基-北門,2024-07-30,9283
00919,群益台灣精選高息,20,9,11,凱基-北門,2024-07-30,9283
2615,萬海,19,9,10,凱基-北門,2024-07-30,9283
00939,統一台灣高息動能,10,0,10,凱基-北門,2024-07-30,9283
1102,亞泥,10,0,10,凱基-北門,2024-07-30,9283
1301,台塑,11,1,10,凱基-北門,2024-07-30,9283
1605,華新,10,0,10,凱基-北門,2024-07-30,9283
2014,中鴻,10,0,10,凱基-北門,2024-07-30,9283
3652,精聯,10,0,10,凱基-北門,2024-07-30,9283
8201,無敵,10,0,10,凱基-北門,2024-07-30,9283
00720B,元大投資級公司債,9,0,9,凱基-北門,2024-07-30,9283
2886,兆豐金,9,0,9,凱基-北門,2024-07-30,9283
6869,雲豹能源,31,24,7,凱基-北門,2024-07-30,9283
3312,弘憶股,7,0,7,凱基-北門,2024-07-30,9283
6177,達麗,7,0,7,凱基-北門,2024-07-30,9283
2356,英業達,6,0,6,凱基-北門,2024-07-30,9283
2376,技嘉,6,0,6,凱基-北門,2024-07-30,9283
1733,五鼎,6,0,6,凱基-北門,2024-07-30,9283
3167,大量,9,3,6,凱基-北門,2024-07-30,9283
3548,兆利,6,0,6,凱基-北門,2024-07-30,9283
6606,建德工業,6,0,6,凱基-北門,2024-07-30,9283
8047,星雲,6,0,6,凱基-北門,2024-07-30,9283
3443,創意,7,1,6,凱基-北門,2024-07-30,9283
2382,廣達,5,0,5,凱基-北門,2024-07-30,9283
00725B,國泰投資級公司債,5,0,5,凱基-北門,2024-07-30,9283
3189,景碩,10,5,5,凱基-北門,2024-07-30,9283
00722B,群益投資級電信債,5,0,5,凱基-北門,2024-07-30,9283
00741B,富邦全球非投等債,5,0,5,凱基-北門,2024-07-30,9283
00727B,國泰優選非投等債,5,0,5,凱基-北門,2024-07-30,9283
00881,國泰台灣5G+,5,0,5,凱基-北門,2024-07-30,9283
00679B,元大美債20年,5,0,5,凱基-北門,2024-07-30,9283
00710B,復華彭博非投等債,5,0,5,凱基-北門,2024-07-30,9283
00679B,元大美債20年,91,0,91,凱基-北門,2024-07-31,9283
1102,亞泥,70,10,60,凱基-北門,2024-07-31,9283
2349,錸德,248,196,52,凱基-北門,2024-07-31,9283
00688L,國泰20年美債正2,50,0,50,凱基-北門,2024-07-31,9283
2887,台新金,46,2,44,凱基-北門,2024-07-31,9283
9946,三發地產,40,0,40,凱基-北門,2024-07-31,9283
9105,泰金寶-DR,48,12,36,凱基-北門,2024-07-31,9283
00929,復華台灣科技優息,43,9,34,凱基-北門,2024-07-31,9283
00905,FT臺灣Smart,31,0,31,凱基-北門,2024-07-31,9283
00937B,群益ESG投等債20,30,0,30,凱基-北門,2024-07-31,9283
00946,群益科技高息成長,26,0,26,凱基-北門,2024-07-31,9283
00680L,元大美債20正2,25,0,25,凱基-北門,2024-07-31,9283
00935,野村臺灣新科技50,20,0,20,凱基-北門,2024-07-31,9283
3580,友威科,27,8,19,凱基-北門,2024-07-31,9283
6219,富旺,47,29,18,凱基-北門,2024-07-31,9283
00715L,期街口布蘭特正2,17,0,17,凱基-北門,2024-07-31,9283
2515,中工,17,0,17,凱基-北門,2024-07-31,9283
6244,茂迪,16,0,16,凱基-北門,2024-07-31,9283
3481,群創,32,18,14,凱基-北門,2024-07-31,9283
00830,國泰費城半導體,13,0,13,凱基-北門,2024-07-31,9283
4933,友輝,11,0,11,凱基-北門,2024-07-31,9283
2891,中信金,10,0,10,凱基-北門,2024-07-31,9283
1568,倉佑,10,0,10,凱基-北門,2024-07-31,9283
2323,中環,10,0,10,凱基-北門,2024-07-31,9283
2401,凌陽,10,0,10,凱基-北門,2024-07-31,9283
3056,富華新,10,0,10,凱基-北門,2024-07-31,9283
00665L,富邦�琤肭磪囓�2,10,1,9,凱基-北門,2024-07-31,9283
00712,復華富時不動產,20,11,9,凱基-北門,2024-07-31,9283
3346,麗清,10,1,9,凱基-北門,2024-07-31,9283
5371,中光電,9,0,9,凱基-北門,2024-07-31,9283
1605,華新,8,0,8,凱基-北門,2024-07-31,9283
3686,達能,7,0,7,凱基-北門,2024-07-31,9283
00708L,期元大S＆P黃金正2,6,0,6,凱基-北門,2024-07-31,9283
2356,英業達,12,6,6,凱基-北門,2024-07-31,9283
2542,興富發,15,9,6,凱基-北門,2024-07-31,9283
3024,憶聲,6,0,6,凱基-北門,2024-07-31,9283
6606,建德工業,6,0,6,凱基-北門,2024-07-31,9283
1784,訊聯,6,1,5,凱基-北門,2024-07-31,9283
00902,中信電池及儲能,5,0,5,凱基-北門,2024-07-31,9283
1536,和大,5,0,5,凱基-北門,2024-07-31,9283
1609,大亞,9,4,5,凱基-北門,2024-07-31,9283
2527,宏璟,5,0,5,凱基-北門,2024-07-31,9283
3013,晟銘電,6,1,5,凱基-北門,2024-07-31,9283
3264,欣銓,5,0,5,凱基-北門,2024-07-31,9283
3715,定穎投控,20,15,5,凱基-北門,2024-07-31,9283
8109,博大,5,0,5,凱基-北門,2024-07-31,9283
5443,均豪,21,16,5,凱基-北門,2024-07-31,9283
00923,群益台ESG低碳50,5,0,5,凱基-北門,2024-07-31,9283
00878,國泰永續高股息,11,7,4,凱基-北門,2024-07-31,9283
3105,穩懋,12,8,4,凱基-北門,2024-07-31,9283
00706L,期元大S＆P日圓正2,50,0,50,凱基-北門,2024-08-01,9283
00688L,國泰20年美債正2,50,4,46,凱基-北門,2024-08-01,9283
2313,華通,53,12,41,凱基-北門,2024-08-01,9283
1301,台塑,40,0,40,凱基-北門,2024-08-01,9283
1805,寶徠,30,0,30,凱基-北門,2024-08-01,9283
00878,國泰永續高股息,35,10,25,凱基-北門,2024-08-01,9283
1316,上曜,31,7,24,凱基-北門,2024-08-01,9283
00680L,元大美債20正2,45,24,21,凱基-北門,2024-08-01,9283
00905,FT臺灣Smart,51,30,21,凱基-北門,2024-08-01,9283
00933B,國泰10Y+金融債,20,0,20,凱基-北門,2024-08-01,9283
00632R,元大台灣50反1,30,10,20,凱基-北門,2024-08-01,9283
4714,永捷,26,6,20,凱基-北門,2024-08-01,9283
00881,國泰台灣5G+,19,0,19,凱基-北門,2024-08-01,9283
00948B,中信優息投資級債,19,2,17,凱基-北門,2024-08-01,9283
6569,醫揚,18,1,17,凱基-北門,2024-08-01,9283
1102,亞泥,14,0,14,凱基-北門,2024-08-01,9283
2337,旺宏,45,32,13,凱基-北門,2024-08-01,9283
00937B,群益ESG投等債20,12,0,12,凱基-北門,2024-08-01,9283
2891,中信金,12,0,12,凱基-北門,2024-08-01,9283
6684,安格,11,0,11,凱基-北門,2024-08-01,9283
6603,富強鑫,12,1,11,凱基-北門,2024-08-01,9283
2615,萬海,28,17,11,凱基-北門,2024-08-01,9283
00877,復華中國5G,11,1,10,凱基-北門,2024-08-01,9283
1423,利華,10,0,10,凱基-北門,2024-08-01,9283
2344,華邦電,10,0,10,凱基-北門,2024-08-01,9283
3518,柏騰,11,1,10,凱基-北門,2024-08-01,9283
6207,雷科,10,0,10,凱基-北門,2024-08-01,9283
6526,達發,11,1,10,凱基-北門,2024-08-01,9283
1536,和大,12,3,9,凱基-北門,2024-08-01,9283
8047,星雲,9,0,9,凱基-北門,2024-08-01,9283
2374,佳能,9,1,8,凱基-北門,2024-08-01,9283
8104,錸寶,8,0,8,凱基-北門,2024-08-01,9283
3661,世芯-KY,16,8,8,凱基-北門,2024-08-01,9283
00932,兆豐永續高息等權,7,0,7,凱基-北門,2024-08-01,9283
1528,恩德,21,14,7,凱基-北門,2024-08-01,9283
00708L,期元大S＆P黃金正2,6,0,6,凱基-北門,2024-08-01,9283
1717,長興,6,0,6,凱基-北門,2024-08-01,9283
2514,龍邦,6,0,6,凱基-北門,2024-08-01,9283
2515,中工,18,12,6,凱基-北門,2024-08-01,9283
6446,藥華藥,8,2,6,凱基-北門,2024-08-01,9283
1568,倉佑,5,0,5,凱基-北門,2024-08-01,9283
2371,大同,5,0,5,凱基-北門,2024-08-01,9283
2486,一詮,11,6,5,凱基-北門,2024-08-01,9283
3313,斐成,5,0,5,凱基-北門,2024-08-01,9283
3663,鑫科,45,40,5,凱基-北門,2024-08-01,9283
8091,翔名,5,0,5,凱基-北門,2024-08-01,9283
5443,均豪,21,17,4,凱基-北門,2024-08-01,9283
00727B,國泰優選非投等債,4,0,4,凱基-北門,2024-08-01,9283
00673R,期元大S＆P原油反1,4,0,4,凱基-北門,2024-08-01,9283
2002,中鋼,4,0,4,凱基-北門,2024-08-01,9283
00937B,群益ESG投等債20,661,170,491,凱基-北門,2024-08-02,9283
00712,復華富時不動產,353,0,353,凱基-北門,2024-08-02,9283
00933B,國泰10Y+金融債,172,30,142,凱基-北門,2024-08-02,9283
00929,復華台灣科技優息,118,6,112,凱基-北門,2024-08-02,9283
00878,國泰永續高股息,79,1,78,凱基-北門,2024-08-02,9283
00940,元大台灣價值高息,77,0,77,凱基-北門,2024-08-02,9283
00632R,元大台灣50反1,132,59,73,凱基-北門,2024-08-02,9283
2365,昆盈,111,47,64,凱基-北門,2024-08-02,9283
2382,廣達,66,6,60,凱基-北門,2024-08-02,9283
2317,鴻海,63,8,55,凱基-北門,2024-08-02,9283
9946,三發地產,50,0,50,凱基-北門,2024-08-02,9283
00919,群益台灣精選高息,41,2,39,凱基-北門,2024-08-02,9283
00946,群益科技高息成長,37,0,37,凱基-北門,2024-08-02,9283
2367,燿華,36,3,33,凱基-北門,2024-08-02,9283
2886,兆豐金,25,0,25,凱基-北門,2024-08-02,9283
2027,大成鋼,22,0,22,凱基-北門,2024-08-02,9283
00948B,中信優息投資級債,20,0,20,凱基-北門,2024-08-02,9283
1605,華新,20,0,20,凱基-北門,2024-08-02,9283
0056,元大高股息,22,3,19,凱基-北門,2024-08-02,9283
2609,陽明,69,50,19,凱基-北門,2024-08-02,9283
00881,國泰台灣5G+,18,0,18,凱基-北門,2024-08-02,9283
2330,台積電,38,20,18,凱基-北門,2024-08-02,9283
00949,復華日本龍頭,17,0,17,凱基-北門,2024-08-02,9283
2408,南亞科,17,0,17,凱基-北門,2024-08-02,9283
2883,凱基金,17,1,16,凱基-北門,2024-08-02,9283
00900,富邦特選高股息30,16,0,16,凱基-北門,2024-08-02,9283
2337,旺宏,20,4,16,凱基-北門,2024-08-02,9283
2610,華航,14,0,14,凱基-北門,2024-08-02,9283
2834,臺企銀,14,0,14,凱基-北門,2024-08-02,9283
00830,國泰費城半導體,13,0,13,凱基-北門,2024-08-02,9283
00947,台新臺灣IC設計,13,0,13,凱基-北門,2024-08-02,9283
2349,錸德,13,0,13,凱基-北門,2024-08-02,9283
4562,穎漢,14,1,13,凱基-北門,2024-08-02,9283
4743,合一,14,1,13,凱基-北門,2024-08-02,9283
00891,中信關鍵半導體,13,0,13,凱基-北門,2024-08-02,9283
2884,玉山金,12,0,12,凱基-北門,2024-08-02,9283
2855,統一證,12,0,12,凱基-北門,2024-08-02,9283
00899,FT潔淨能源,11,0,11,凱基-北門,2024-08-02,9283
00951,台新日本半導體,13,2,11,凱基-北門,2024-08-02,9283
2634,漢翔,12,1,11,凱基-北門,2024-08-02,9283
4726,永昕,11,0,11,凱基-北門,2024-08-02,9283
5607,遠雄港,11,0,11,凱基-北門,2024-08-02,9283
00934,中信成長高股息,11,1,10,凱基-北門,2024-08-02,9283
6239,力成,11,0,11,凱基-北門,2024-08-02,9283
00877,復華中國5G,10,0,10,凱基-北門,2024-08-02,9283
00665L,富邦�琤肭磪囓�2,30,20,10,凱基-北門,2024-08-02,9283
00894,中信小資高價30,10,0,10,凱基-北門,2024-08-02,9283
1569,濱川,10,0,10,凱基-北門,2024-08-02,9283
2718,全心投控,10,0,10,凱基-北門,2024-08-02,9283
4402,郡都開發,10,0,10,凱基-北門,2024-08-02,9283
00940,元大台灣價值高息,797,62,735,凱基-北門,2024-08-05,9283
00933B,國泰10Y+金融債,260,100,160,凱基-北門,2024-08-05,9283
00715L,期街口布蘭特正2,153,3,150,凱基-北門,2024-08-05,9283
00929,復華台灣科技優息,254,114,140,凱基-北門,2024-08-05,9283
00919,群益台灣精選高息,138,19,119,凱基-北門,2024-08-05,9283
00937B,群益ESG投等債20,213,99,114,凱基-北門,2024-08-05,9283
2633,台灣高鐵,88,0,88,凱基-北門,2024-08-05,9283
6606,建德工業,87,0,87,凱基-北門,2024-08-05,9283
2836,高雄銀,85,0,85,凱基-北門,2024-08-05,9283
2409,友達,74,0,74,凱基-北門,2024-08-05,9283
6770,力積電,73,4,69,凱基-北門,2024-08-05,9283
1605,華新,67,0,67,凱基-北門,2024-08-05,9283
2609,陽明,99,36,63,凱基-北門,2024-08-05,9283
3052,夆典,50,0,50,凱基-北門,2024-08-05,9283
6235,華孚,50,0,50,凱基-北門,2024-08-05,9283
2801,彰銀,51,3,48,凱基-北門,2024-08-05,9283
2303,聯電,58,11,47,凱基-北門,2024-08-05,9283
00946,群益科技高息成長,46,0,46,凱基-北門,2024-08-05,9283
2483,百容,45,0,45,凱基-北門,2024-08-05,9283
6219,富旺,70,25,45,凱基-北門,2024-08-05,9283
3481,群創,142,100,42,凱基-北門,2024-08-05,9283
3706,神達,42,2,40,凱基-北門,2024-08-05,9283
2323,中環,40,0,40,凱基-北門,2024-08-05,9283
1584,精剛,41,5,36,凱基-北門,2024-08-05,9283
6265,方土昶,31,0,31,凱基-北門,2024-08-05,9283
2883,凱基金,34,3,31,凱基-北門,2024-08-05,9283
00948B,中信優息投資級債,30,2,28,凱基-北門,2024-08-05,9283
1609,大亞,34,6,28,凱基-北門,2024-08-05,9283
00675L,富邦臺灣加權正2,40,13,27,凱基-北門,2024-08-05,9283
3583,辛耘,25,1,24,凱基-北門,2024-08-05,9283
2867,三商壽,29,6,23,凱基-北門,2024-08-05,9283
00688L,國泰20年美債正2,28,6,22,凱基-北門,2024-08-05,9283
00939,統一台灣高息動能,21,0,21,凱基-北門,2024-08-05,9283
2736,富野,21,0,21,凱基-北門,2024-08-05,9283
2834,臺企銀,22,2,20,凱基-北門,2024-08-05,9283
00664R,國泰臺灣加權反1,20,0,20,凱基-北門,2024-08-05,9283
5607,遠雄港,20,0,20,凱基-北門,2024-08-05,9283
6005,群益證,20,0,20,凱基-北門,2024-08-05,9283
6148,驊宏資,20,0,20,凱基-北門,2024-08-05,9283
00687B,國泰20年美債,56,38,18,凱基-北門,2024-08-05,9283
2634,漢翔,29,11,18,凱基-北門,2024-08-05,9283
5880,合庫金,28,10,18,凱基-北門,2024-08-05,9283
2344,華邦電,28,11,17,凱基-北門,2024-08-05,9283
3022,威強電,16,0,16,凱基-北門,2024-08-05,9283
00830,國泰費城半導體,16,0,16,凱基-北門,2024-08-05,9283
00941,中信上游半導體,16,0,16,凱基-北門,2024-08-05,9283
2888,新光金,31,15,16,凱基-北門,2024-08-05,9283
2027,大成鋼,17,2,15,凱基-北門,2024-08-05,9283
4743,合一,15,0,15,凱基-北門,2024-08-05,9283
2031,新光鋼,15,0,15,凱基-北門,2024-08-05,9283
00632R,元大台灣50反1,367,137,230,凱基-北門,2024-08-06,9283
00940,元大台灣價值高息,306,120,186,凱基-北門,2024-08-06,9283
00929,復華台灣科技優息,134,23,111,凱基-北門,2024-08-06,9283
00918,大華優利高填息30,81,0,81,凱基-北門,2024-08-06,9283
9946,三發地產,47,0,47,凱基-北門,2024-08-06,9283
2609,陽明,82,35,47,凱基-北門,2024-08-06,9283
2409,友達,39,0,39,凱基-北門,2024-08-06,9283
1605,華新,40,3,37,凱基-北門,2024-08-06,9283
2483,百容,36,0,36,凱基-北門,2024-08-06,9283
0056,元大高股息,47,13,34,凱基-北門,2024-08-06,9283
1584,精剛,30,0,30,凱基-北門,2024-08-06,9283
2633,台灣高鐵,30,0,30,凱基-北門,2024-08-06,9283
00933B,國泰10Y+金融債,51,22,29,凱基-北門,2024-08-06,9283
1303,南亞,25,0,25,凱基-北門,2024-08-06,9283
9945,潤泰新,40,16,24,凱基-北門,2024-08-06,9283
00706L,期元大S＆P日圓正2,30,7,23,凱基-北門,2024-08-06,9283
00795B,中信美國公債20年,22,0,22,凱基-北門,2024-08-06,9283
00751B,元大AAA至A公司債,21,0,21,凱基-北門,2024-08-06,9283
00878,國泰永續高股息,41,21,20,凱基-北門,2024-08-06,9283
1301,台塑,20,0,20,凱基-北門,2024-08-06,9283
3583,辛耘,22,2,20,凱基-北門,2024-08-06,9283
1905,華紙,20,0,20,凱基-北門,2024-08-06,9283
2027,大成鋼,37,17,20,凱基-北門,2024-08-06,9283
2903,遠百,20,0,20,凱基-北門,2024-08-06,9283
5607,遠雄港,20,0,20,凱基-北門,2024-08-06,9283
3706,神達,20,2,18,凱基-北門,2024-08-06,9283
2486,一詮,28,12,16,凱基-北門,2024-08-06,9283
00641R,富邦日本反1,15,0,15,凱基-北門,2024-08-06,9283
2317,鴻海,42,27,15,凱基-北門,2024-08-06,9283
2883,凱基金,14,0,14,凱基-北門,2024-08-06,9283
00688L,國泰20年美債正2,33,19,14,凱基-北門,2024-08-06,9283
2834,臺企銀,12,0,12,凱基-北門,2024-08-06,9283
3059,華晶科,16,4,12,凱基-北門,2024-08-06,9283
2891,中信金,13,1,12,凱基-北門,2024-08-06,9283
2887,台新金,12,0,12,凱基-北門,2024-08-06,9283
2634,漢翔,12,1,11,凱基-北門,2024-08-06,9283
1597,直得,13,2,11,凱基-北門,2024-08-06,9283
2393,億光,11,0,11,凱基-北門,2024-08-06,9283
2855,統一證,11,0,11,凱基-北門,2024-08-06,9283
6153,嘉聯益,11,0,11,凱基-北門,2024-08-06,9283
6005,群益證,10,0,10,凱基-北門,2024-08-06,9283
2597,潤弘,12,2,10,凱基-北門,2024-08-06,9283
00944,野村趨勢動能高息,10,0,10,凱基-北門,2024-08-06,9283
00951,台新日本半導體,10,0,10,凱基-北門,2024-08-06,9283
1326,台化,10,0,10,凱基-北門,2024-08-06,9283
1447,力鵬,10,0,10,凱基-北門,2024-08-06,9283
2736,富野,10,0,10,凱基-北門,2024-08-06,9283
3189,景碩,10,0,10,凱基-北門,2024-08-06,9283
5464,霖宏,10,0,10,凱基-北門,2024-08-06,9283
8064,東捷,9,0,9,凱基-北門,2024-08-06,9283
00632R,元大台灣50反1,271,100,171,凱基-北門,2024-08-07,9283
00680L,元大美債20正2,161,6,155,凱基-北門,2024-08-07,9283
00679B,元大美債20年,173,20,153,凱基-北門,2024-08-07,9283
2409,友達,70,11,59,凱基-北門,2024-08-07,9283
00929,復華台灣科技優息,110,57,53,凱基-北門,2024-08-07,9283
00687B,國泰20年美債,81,40,41,凱基-北門,2024-08-07,9283
2317,鴻海,55,20,35,凱基-北門,2024-08-07,9283
00795B,中信美國公債20年,23,0,23,凱基-北門,2024-08-07,9283
00715L,期街口布蘭特正2,23,1,22,凱基-北門,2024-08-07,9283
4540,全球傳動,22,2,20,凱基-北門,2024-08-07,9283
00937B,群益ESG投等債20,52,33,19,凱基-北門,2024-08-07,9283
8210,勤誠,19,0,19,凱基-北門,2024-08-07,9283
00665L,富邦�琤肭磪囓�2,16,0,16,凱基-北門,2024-08-07,9283
6689,伊雲谷,15,0,15,凱基-北門,2024-08-07,9283
2615,萬海,81,67,14,凱基-北門,2024-08-07,9283
00949,復華日本龍頭,13,0,13,凱基-北門,2024-08-07,9283
2834,臺企銀,13,0,13,凱基-北門,2024-08-07,9283
1402,遠東新,12,0,12,凱基-北門,2024-08-07,9283
2337,旺宏,12,0,12,凱基-北門,2024-08-07,9283
4903,聯光通,12,0,12,凱基-北門,2024-08-07,9283
00934,中信成長高股息,11,0,11,凱基-北門,2024-08-07,9283
00948B,中信優息投資級債,11,0,11,凱基-北門,2024-08-07,9283
00751B,元大AAA至A公司債,10,0,10,凱基-北門,2024-08-07,9283
00951,台新日本半導體,10,0,10,凱基-北門,2024-08-07,9283
2070,精湛,12,2,10,凱基-北門,2024-08-07,9283
3479,安勤,10,0,10,凱基-北門,2024-08-07,9283
6605,帝寶,10,0,10,凱基-北門,2024-08-07,9283
0056,元大高股息,37,28,9,凱基-北門,2024-08-07,9283
2371,大同,10,1,9,凱基-北門,2024-08-07,9283
2377,微星,8,0,8,凱基-北門,2024-08-07,9283
2887,台新金,14,7,7,凱基-北門,2024-08-07,9283
2891,中信金,10,3,7,凱基-北門,2024-08-07,9283
00893,國泰智能電動車,6,0,6,凱基-北門,2024-08-07,9283
00900,富邦特選高股息30,6,0,6,凱基-北門,2024-08-07,9283
00696B,富邦美債20年,5,0,5,凱基-北門,2024-08-07,9283
1710,東聯,5,0,5,凱基-北門,2024-08-07,9283
2515,中工,5,0,5,凱基-北門,2024-08-07,9283
2548,華固,5,0,5,凱基-北門,2024-08-07,9283
2889,國票金,5,0,5,凱基-北門,2024-08-07,9283
00947,台新臺灣IC設計,6,2,4,凱基-北門,2024-08-07,9283
3260,威剛,6,2,4,凱基-北門,2024-08-07,9283
6274,台燿,5,1,4,凱基-北門,2024-08-07,9283
8076,伍豐,4,0,4,凱基-北門,2024-08-07,9283
8440,綠電,4,0,4,凱基-北門,2024-08-07,9283
00939,統一台灣高息動能,4,0,4,凱基-北門,2024-08-07,9283
2363,矽統,3,0,3,凱基-北門,2024-08-07,9283
1101,台泥,3,0,3,凱基-北門,2024-08-07,9283
2886,兆豐金,3,0,3,凱基-北門,2024-08-07,9283
00642U,期元大S＆P石油,3,0,3,凱基-北門,2024-08-07,9283
00830,國泰費城半導體,3,0,3,凱基-北門,2024-08-07,9283
00937B,群益ESG投等債20,226,25,201,凱基-北門,2024-08-08,9283
2892,第一金,134,0,134,凱基-北門,2024-08-08,9283
00679B,元大美債20年,104,0,104,凱基-北門,2024-08-08,9283
1402,遠東新,92,0,92,凱基-北門,2024-08-08,9283
00687B,國泰20年美債,84,0,84,凱基-北門,2024-08-08,9283
00878,國泰永續高股息,68,1,67,凱基-北門,2024-08-08,9283
2834,臺企銀,54,0,54,凱基-北門,2024-08-08,9283
2888,新光金,50,0,50,凱基-北門,2024-08-08,9283
00676R,富邦臺灣加權反1,40,0,40,凱基-北門,2024-08-08,9283
6603,富強鑫,32,1,31,凱基-北門,2024-08-08,9283
3260,威剛,30,0,30,凱基-北門,2024-08-08,9283
00929,復華台灣科技優息,31,5,26,凱基-北門,2024-08-08,9283
00948B,中信優息投資級債,22,0,22,凱基-北門,2024-08-08,9283
2365,昆盈,70,51,19,凱基-北門,2024-08-08,9283
3663,鑫科,37,19,18,凱基-北門,2024-08-08,9283
2371,大同,22,4,18,凱基-北門,2024-08-08,9283
3481,群創,23,6,17,凱基-北門,2024-08-08,9283
00946,群益科技高息成長,17,0,17,凱基-北門,2024-08-08,9283
00795B,中信美國公債20年,16,0,16,凱基-北門,2024-08-08,9283
2886,兆豐金,16,1,15,凱基-北門,2024-08-08,9283
1326,台化,14,0,14,凱基-北門,2024-08-08,9283
00680L,元大美債20正2,13,0,13,凱基-北門,2024-08-08,9283
3522,御嵿,12,0,12,凱基-北門,2024-08-08,9283
00919,群益台灣精選高息,13,1,12,凱基-北門,2024-08-08,9283
00927,群益半導體收益,12,1,11,凱基-北門,2024-08-08,9283
0056,元大高股息,10,0,10,凱基-北門,2024-08-08,9283
00877,復華中國5G,10,0,10,凱基-北門,2024-08-08,9283
00915,凱基優選高股息30,10,0,10,凱基-北門,2024-08-08,9283
1605,華新,10,0,10,凱基-北門,2024-08-08,9283
3231,緯創,39,29,10,凱基-北門,2024-08-08,9283
5607,遠雄港,10,0,10,凱基-北門,2024-08-08,9283
6689,伊雲谷,10,0,10,凱基-北門,2024-08-08,9283
8046,南電,12,2,10,凱基-北門,2024-08-08,9283
8210,勤誠,10,0,10,凱基-北門,2024-08-08,9283
00918,大華優利高填息30,9,0,9,凱基-北門,2024-08-08,9283
4510,高鋒,66,57,9,凱基-北門,2024-08-08,9283
00899,FT潔淨能源,8,0,8,凱基-北門,2024-08-08,9283
2382,廣達,68,61,7,凱基-北門,2024-08-08,9283
2610,華航,7,0,7,凱基-北門,2024-08-08,9283
2353,宏��,7,0,7,凱基-北門,2024-08-08,9283
2489,瑞軒,55,48,7,凱基-北門,2024-08-08,9283
8069,元太,8,1,7,凱基-北門,2024-08-08,9283
00881,國泰台灣5G+,10,3,7,凱基-北門,2024-08-08,9283
1513,中興電,15,9,6,凱基-北門,2024-08-08,9283
1718,中纖,6,0,6,凱基-北門,2024-08-08,9283
1785,光洋科,6,0,6,凱基-北門,2024-08-08,9283
2618,長榮航,7,1,6,凱基-北門,2024-08-08,9283
3312,弘憶股,6,0,6,凱基-北門,2024-08-08,9283
8028,昇陽半導體,19,13,6,凱基-北門,2024-08-08,9283
00830,國泰費城半導體,6,1,5,凱基-北門,2024-08-08,9283
00929,復華台灣科技優息,200,2,198,凱基-北門,2024-08-09,9283
00679B,元大美債20年,143,0,143,凱基-北門,2024-08-09,9283
2883B,凱基金乙特,117,0,117,凱基-北門,2024-08-09,9283
00937B,群益ESG投等債20,109,14,95,凱基-北門,2024-08-09,9283
00948B,中信優息投資級債,84,0,84,凱基-北門,2024-08-09,9283
00632R,元大台灣50反1,70,17,53,凱基-北門,2024-08-09,9283
1789,神隆,50,0,50,凱基-北門,2024-08-09,9283
2489,瑞軒,88,47,41,凱基-北門,2024-08-09,9283
6219,富旺,32,0,32,凱基-北門,2024-08-09,9283
00687B,國泰20年美債,29,2,27,凱基-北門,2024-08-09,9283
2633,台灣高鐵,20,0,20,凱基-北門,2024-08-09,9283
3522,御嵿,24,5,19,凱基-北門,2024-08-09,9283
4540,全球傳動,20,1,19,凱基-北門,2024-08-09,9283
6603,富強鑫,20,1,19,凱基-北門,2024-08-09,9283
2365,昆盈,87,69,18,凱基-北門,2024-08-09,9283
2330,台積電,24,7,17,凱基-北門,2024-08-09,9283
00665L,富邦�琤肭磪囓�2,17,1,16,凱基-北門,2024-08-09,9283
2317,鴻海,39,24,15,凱基-北門,2024-08-09,9283
00751B,元大AAA至A公司債,14,0,14,凱基-北門,2024-08-09,9283
1536,和大,17,3,14,凱基-北門,2024-08-09,9283
2609,陽明,16,3,13,凱基-北門,2024-08-09,9283
2887,台新金,14,2,12,凱基-北門,2024-08-09,9283
00795B,中信美國公債20年,12,0,12,凱基-北門,2024-08-09,9283
3209,全科,11,0,11,凱基-北門,2024-08-09,9283
00877,復華中國5G,10,0,10,凱基-北門,2024-08-09,9283
1467,南緯,10,0,10,凱基-北門,2024-08-09,9283
3372,典範,10,0,10,凱基-北門,2024-08-09,9283
4168,醣聯,10,0,10,凱基-北門,2024-08-09,9283
5534,長虹,10,0,10,凱基-北門,2024-08-09,9283
8027,鈦昇,10,0,10,凱基-北門,2024-08-09,9283
8440,綠電,10,0,10,凱基-北門,2024-08-09,9283
2382,廣達,14,4,10,凱基-北門,2024-08-09,9283
2312,金寶,10,1,9,凱基-北門,2024-08-09,9283
3059,華晶科,9,0,9,凱基-北門,2024-08-09,9283
8043,蜜望實,10,1,9,凱基-北門,2024-08-09,9283
3231,緯創,11,3,8,凱基-北門,2024-08-09,9283
3037,欣興,8,0,8,凱基-北門,2024-08-09,9283
3564,其陽,9,1,8,凱基-北門,2024-08-09,9283
4109,加捷生醫,8,0,8,凱基-北門,2024-08-09,9283
4906,正文,8,0,8,凱基-北門,2024-08-09,9283
00900,富邦特選高股息30,7,0,7,凱基-北門,2024-08-09,9283
00753L,中信中國50正2,7,0,7,凱基-北門,2024-08-09,9283
00907,永豐優息存股,7,0,7,凱基-北門,2024-08-09,9283
1540,喬福,7,0,7,凱基-北門,2024-08-09,9283
2337,旺宏,13,6,7,凱基-北門,2024-08-09,9283
6180,橘子,7,0,7,凱基-北門,2024-08-09,9283
00941,中信上游半導體,7,0,7,凱基-北門,2024-08-09,9283
6669,緯穎,6,0,6,凱基-北門,2024-08-09,9283
1785,光洋科,44,38,6,凱基-北門,2024-08-09,9283
2368,金像電,7,1,6,凱基-北門,2024-08-09,9283
00688L,國泰20年美債正2,102,0,102,凱基-北門,2024-08-12,9283
00948B,中信優息投資級債,100,0,100,凱基-北門,2024-08-12,9283
00680L,元大美債20正2,102,7,95,凱基-北門,2024-08-12,9283
00687B,國泰20年美債,111,59,52,凱基-北門,2024-08-12,9283
00929,復華台灣科技優息,47,4,43,凱基-北門,2024-08-12,9283
3663,鑫科,53,17,36,凱基-北門,2024-08-12,9283
00632R,元大台灣50反1,50,20,30,凱基-北門,2024-08-12,9283
2888,新光金,104,76,28,凱基-北門,2024-08-12,9283
3481,群創,59,31,28,凱基-北門,2024-08-12,9283
3535,晶彩科,16,0,16,凱基-北門,2024-08-12,9283
2891,中信金,17,1,16,凱基-北門,2024-08-12,9283
2461,光群雷,16,0,16,凱基-北門,2024-08-12,9283
5880,合庫金,13,0,13,凱基-北門,2024-08-12,9283
00919,群益台灣精選高息,11,1,10,凱基-北門,2024-08-12,9283
1218,泰山,10,0,10,凱基-北門,2024-08-12,9283
3058,立德,10,0,10,凱基-北門,2024-08-12,9283
3059,華晶科,10,0,10,凱基-北門,2024-08-12,9283
9933,中鼎,10,0,10,凱基-北門,2024-08-12,9283
9946,三發地產,10,0,10,凱基-北門,2024-08-12,9283
3047,訊舟,11,1,10,凱基-北門,2024-08-12,9283
6689,伊雲谷,9,0,9,凱基-北門,2024-08-12,9283
0056,元大高股息,12,3,9,凱基-北門,2024-08-12,9283
00878,國泰永續高股息,10,2,8,凱基-北門,2024-08-12,9283
00918,大華優利高填息30,8,0,8,凱基-北門,2024-08-12,9283
3057,喬鼎,8,0,8,凱基-北門,2024-08-12,9283
1513,中興電,18,11,7,凱基-北門,2024-08-12,9283
2349,錸德,8,1,7,凱基-北門,2024-08-12,9283
2359,所羅門,39,33,6,凱基-北門,2024-08-12,9283
00946,群益科技高息成長,6,0,6,凱基-北門,2024-08-12,9283
2348,海悅,7,1,6,凱基-北門,2024-08-12,9283
3284,太普高,6,0,6,凱基-北門,2024-08-12,9283
3479,安勤,6,0,6,凱基-北門,2024-08-12,9283
6173,信昌電,7,1,6,凱基-北門,2024-08-12,9283
6219,富旺,6,0,6,凱基-北門,2024-08-12,9283
00881,國泰台灣5G+,6,0,6,凱基-北門,2024-08-12,9283
8027,鈦昇,5,0,5,凱基-北門,2024-08-12,9283
2317,鴻海,35,30,5,凱基-北門,2024-08-12,9283
00665L,富邦�琤肭磪囓�2,5,0,5,凱基-北門,2024-08-12,9283
00753L,中信中國50正2,5,0,5,凱基-北門,2024-08-12,9283
00899,FT潔淨能源,5,0,5,凱基-北門,2024-08-12,9283
1467,南緯,5,0,5,凱基-北門,2024-08-12,9283
2312,金寶,35,30,5,凱基-北門,2024-08-12,9283
2610,華航,9,4,5,凱基-北門,2024-08-12,9283
2718,全心投控,5,0,5,凱基-北門,2024-08-12,9283
3024,憶聲,5,0,5,凱基-北門,2024-08-12,9283
3617,碩天,5,0,5,凱基-北門,2024-08-12,9283
4155,訊映,5,0,5,凱基-北門,2024-08-12,9283
5474,聰泰,5,0,5,凱基-北門,2024-08-12,9283
8374,羅昇,24,19,5,凱基-北門,2024-08-12,9283
00905,FT臺灣Smart,6,2,4,凱基-北門,2024-08-12,9283
00878,國泰永續高股息,65,2,63,凱基-北門,2024-08-13,9283
2609,陽明,56,1,55,凱基-北門,2024-08-13,9283
2888,新光金,75,32,43,凱基-北門,2024-08-13,9283
00919,群益台灣精選高息,35,0,35,凱基-北門,2024-08-13,9283
2845,遠東銀,30,0,30,凱基-北門,2024-08-13,9283
5880,合庫金,27,0,27,凱基-北門,2024-08-13,9283
00929,復華台灣科技優息,26,0,26,凱基-北門,2024-08-13,9283
2409,友達,22,3,19,凱基-北門,2024-08-13,9283
2337,旺宏,20,1,19,凱基-北門,2024-08-13,9283
2880,華南金,19,0,19,凱基-北門,2024-08-13,9283
1402,遠東新,18,0,18,凱基-北門,2024-08-13,9283
2801,彰銀,17,0,17,凱基-北門,2024-08-13,9283
00687B,國泰20年美債,16,0,16,凱基-北門,2024-08-13,9283
3583,辛耘,18,3,15,凱基-北門,2024-08-13,9283
2615,萬海,18,4,14,凱基-北門,2024-08-13,9283
00712,復華富時不動產,13,0,13,凱基-北門,2024-08-13,9283
6173,信昌電,13,0,13,凱基-北門,2024-08-13,9283
2886,兆豐金,13,0,13,凱基-北門,2024-08-13,9283
00918,大華優利高填息30,12,0,12,凱基-北門,2024-08-13,9283
2883,凱基金,16,4,12,凱基-北門,2024-08-13,9283
6505,台塑化,12,0,12,凱基-北門,2024-08-13,9283
00673R,期元大S＆P原油反1,11,0,11,凱基-北門,2024-08-13,9283
1467,南緯,10,0,10,凱基-北門,2024-08-13,9283
1789,神隆,10,0,10,凱基-北門,2024-08-13,9283
2489,瑞軒,23,13,10,凱基-北門,2024-08-13,9283
2610,華航,13,3,10,凱基-北門,2024-08-13,9283
3374,精材,14,5,9,凱基-北門,2024-08-13,9283
2382,廣達,69,60,9,凱基-北門,2024-08-13,9283
3167,大量,10,1,9,凱基-北門,2024-08-13,9283
4533,協易機,10,1,9,凱基-北門,2024-08-13,9283
1513,中興電,17,9,8,凱基-北門,2024-08-13,9283
2890,永豐金,7,0,7,凱基-北門,2024-08-13,9283
2891,中信金,7,1,6,凱基-北門,2024-08-13,9283
00665L,富邦�琤肭磪囓�2,6,0,6,凱基-北門,2024-08-13,9283
1220,台榮,6,0,6,凱基-北門,2024-08-13,9283
1301,台塑,6,0,6,凱基-北門,2024-08-13,9283
3083,網龍,6,0,6,凱基-北門,2024-08-13,9283
4174,浩鼎,6,0,6,凱基-北門,2024-08-13,9283
6569,醫揚,7,1,6,凱基-北門,2024-08-13,9283
8069,元太,6,0,6,凱基-北門,2024-08-13,9283
6127,九豪,6,0,6,凱基-北門,2024-08-13,9283
00923,群益台ESG低碳50,5,0,5,凱基-北門,2024-08-13,9283
00632R,元大台灣50反1,5,0,5,凱基-北門,2024-08-13,9283
1314,中石化,6,1,5,凱基-北門,2024-08-13,9283
1714,和桐,5,0,5,凱基-北門,2024-08-13,9283
2031,新光鋼,5,0,5,凱基-北門,2024-08-13,9283
2208,台船,12,7,5,凱基-北門,2024-08-13,9283
2461,光群雷,5,0,5,凱基-北門,2024-08-13,9283
6285,啟��,5,0,5,凱基-北門,2024-08-13,9283
6712,長聖,5,0,5,凱基-北門,2024-08-13,9283
00688L,國泰20年美債正2,155,3,152,凱基-北門,2024-08-14,9283
00878,國泰永續高股息,142,4,138,凱基-北門,2024-08-14,9283
3481,群創,261,128,133,凱基-北門,2024-08-14,9283
00687B,國泰20年美債,153,63,90,凱基-北門,2024-08-14,9283
2027,大成鋼,62,0,62,凱基-北門,2024-08-14,9283
00937B,群益ESG投等債20,62,0,62,凱基-北門,2024-08-14,9283
2845,遠東銀,52,0,52,凱基-北門,2024-08-14,9283
3163,波若威,41,1,40,凱基-北門,2024-08-14,9283
00900,富邦特選高股息30,34,3,31,凱基-北門,2024-08-14,9283
4533,協易機,30,0,30,凱基-北門,2024-08-14,9283
00795B,中信美國公債20年,25,0,25,凱基-北門,2024-08-14,9283
00680L,元大美債20正2,60,36,24,凱基-北門,2024-08-14,9283
1101,台泥,19,1,18,凱基-北門,2024-08-14,9283
00948B,中信優息投資級債,20,4,16,凱基-北門,2024-08-14,9283
8150,南茂,13,0,13,凱基-北門,2024-08-14,9283
00919,群益台灣精選高息,30,18,12,凱基-北門,2024-08-14,9283
3030,德律,12,0,12,凱基-北門,2024-08-14,9283
1536,和大,15,4,11,凱基-北門,2024-08-14,9283
1467,南緯,10,0,10,凱基-北門,2024-08-14,9283
00696B,富邦美債20年,10,0,10,凱基-北門,2024-08-14,9283
2363,矽統,10,0,10,凱基-北門,2024-08-14,9283
2458,義隆,20,10,10,凱基-北門,2024-08-14,9283
2892,第一金,10,0,10,凱基-北門,2024-08-14,9283
3058,立德,10,0,10,凱基-北門,2024-08-14,9283
6637,醫影,10,0,10,凱基-北門,2024-08-14,9283
00929,復華台灣科技優息,13,4,9,凱基-北門,2024-08-14,9283
00679B,元大美債20年,9,0,9,凱基-北門,2024-08-14,9283
2208,台船,32,24,8,凱基-北門,2024-08-14,9283
3048,益登,8,0,8,凱基-北門,2024-08-14,9283
00915,凱基優選高股息30,8,0,8,凱基-北門,2024-08-14,9283
1785,光洋科,7,0,7,凱基-北門,2024-08-14,9283
2506,太設,7,0,7,凱基-北門,2024-08-14,9283
6530,創威,6,0,6,凱基-北門,2024-08-14,9283
2359,所羅門,29,24,5,凱基-北門,2024-08-14,9283
00857B,永豐20年美公債,5,0,5,凱基-北門,2024-08-14,9283
1217,愛之味,5,0,5,凱基-北門,2024-08-14,9283
1301,台塑,9,4,5,凱基-北門,2024-08-14,9283
1718,中纖,5,0,5,凱基-北門,2024-08-14,9283
2542,興富發,5,0,5,凱基-北門,2024-08-14,9283
2610,華航,5,0,5,凱基-北門,2024-08-14,9283
3312,弘憶股,21,16,5,凱基-北門,2024-08-14,9283
6197,佳必琪,5,0,5,凱基-北門,2024-08-14,9283
9935,慶豐富,10,5,5,凱基-北門,2024-08-14,9283
00713,元大台灣高息低波,6,1,5,凱基-北門,2024-08-14,9283
00675L,富邦臺灣加權正2,5,0,5,凱基-北門,2024-08-14,9283
2356,英業達,20,16,4,凱基-北門,2024-08-14,9283
2739,寒舍,4,0,4,凱基-北門,2024-08-14,9283
00635U,期元大S＆P黃金,4,0,4,凱基-北門,2024-08-14,9283
2312,金寶,9,5,4,凱基-北門,2024-08-14,9283
3260,威剛,5,1,4,凱基-北門,2024-08-14,9283
00948B,中信優息投資級債,261,0,261,凱基-北門,2024-08-15,9283
00687B,國泰20年美債,258,10,248,凱基-北門,2024-08-15,9283
2801,彰銀,92,0,92,凱基-北門,2024-08-15,9283
00878,國泰永續高股息,112,34,78,凱基-北門,2024-08-15,9283
2027,大成鋼,45,1,44,凱基-北門,2024-08-15,9283
00915,凱基優選高股息30,40,0,40,凱基-北門,2024-08-15,9283
6219,富旺,38,0,38,凱基-北門,2024-08-15,9283
00929,復華台灣科技優息,67,30,37,凱基-北門,2024-08-15,9283
4564,元翎,25,0,25,凱基-北門,2024-08-15,9283
2489,瑞軒,157,133,24,凱基-北門,2024-08-15,9283
6692,進能服,22,0,22,凱基-北門,2024-08-15,9283
3058,立德,21,0,21,凱基-北門,2024-08-15,9283
1708,東鹼,22,2,20,凱基-北門,2024-08-15,9283
3066,李洲,20,0,20,凱基-北門,2024-08-15,9283
00900,富邦特選高股息30,19,2,17,凱基-北門,2024-08-15,9283
00881,國泰台灣5G+,18,1,17,凱基-北門,2024-08-15,9283
00946,群益科技高息成長,21,4,17,凱基-北門,2024-08-15,9283
00795B,中信美國公債20年,12,0,12,凱基-北門,2024-08-15,9283
2363,矽統,16,4,12,凱基-北門,2024-08-15,9283
2352,佳世達,11,0,11,凱基-北門,2024-08-15,9283
4979,華星光,11,0,11,凱基-北門,2024-08-15,9283
00632R,元大台灣50反1,10,0,10,凱基-北門,2024-08-15,9283
00671R,富邦NASDAQ反1,10,0,10,凱基-北門,2024-08-15,9283
2014,中鴻,10,0,10,凱基-北門,2024-08-15,9283
3167,大量,11,1,10,凱基-北門,2024-08-15,9283
4402,郡都開發,10,0,10,凱基-北門,2024-08-15,9283
8107,大億金茂,10,0,10,凱基-北門,2024-08-15,9283
00713,元大台灣高息低波,20,10,10,凱基-北門,2024-08-15,9283
2845,遠東銀,10,1,9,凱基-北門,2024-08-15,9283
9945,潤泰新,13,4,9,凱基-北門,2024-08-15,9283
2376,技嘉,14,6,8,凱基-北門,2024-08-15,9283
00665L,富邦�琤肭磪囓�2,8,0,8,凱基-北門,2024-08-15,9283
00918,大華優利高填息30,8,0,8,凱基-北門,2024-08-15,9283
2101,南港,10,2,8,凱基-北門,2024-08-15,9283
2542,興富發,13,5,8,凱基-北門,2024-08-15,9283
00919,群益台灣精選高息,7,0,7,凱基-北門,2024-08-15,9283
3013,晟銘電,21,14,7,凱基-北門,2024-08-15,9283
3303,岱稜,7,0,7,凱基-北門,2024-08-15,9283
8064,東捷,9,2,7,凱基-北門,2024-08-15,9283
1301,台塑,6,0,6,凱基-北門,2024-08-15,9283
00934,中信成長高股息,5,0,5,凱基-北門,2024-08-15,9283
2017,官田鋼,5,0,5,凱基-北門,2024-08-15,9283
1467,南緯,5,0,5,凱基-北門,2024-08-15,9283
4566,時碩工業,12,7,5,凱基-北門,2024-08-15,9283
8039,台虹,5,0,5,凱基-北門,2024-08-15,9283
8227,巨有科技,6,1,5,凱基-北門,2024-08-15,9283
3711,日月光投控,5,0,5,凱基-北門,2024-08-15,9283
00936,台新永續高息中小,4,0,4,凱基-北門,2024-08-15,9283
2301,光寶科,4,0,4,凱基-北門,2024-08-15,9283
2464,盟立,4,0,4,凱基-北門,2024-08-15,9283
00687B,國泰20年美債,87,0,87,凱基-北門,2024-08-16,9283
00680L,元大美債20正2,94,20,74,凱基-北門,2024-08-16,9283
1416,廣豐,55,6,49,凱基-北門,2024-08-16,9283
00878,國泰永續高股息,44,0,44,凱基-北門,2024-08-16,9283
2337,旺宏,41,1,40,凱基-北門,2024-08-16,9283
00679B,元大美債20年,55,30,25,凱基-北門,2024-08-16,9283
2363,矽統,29,5,24,凱基-北門,2024-08-16,9283
00696B,富邦美債20年,20,0,20,凱基-北門,2024-08-16,9283
00688L,國泰20年美債正2,20,0,20,凱基-北門,2024-08-16,9283
00795B,中信美國公債20年,18,0,18,凱基-北門,2024-08-16,9283
2486,一詮,17,0,17,凱基-北門,2024-08-16,9283
1785,光洋科,15,0,15,凱基-北門,2024-08-16,9283
1609,大亞,16,2,14,凱基-北門,2024-08-16,9283
00764B,群益25年美債,12,0,12,凱基-北門,2024-08-16,9283
3188,鑫龍騰,12,1,11,凱基-北門,2024-08-16,9283
2801,彰銀,12,1,11,凱基-北門,2024-08-16,9283
1326,台化,11,0,11,凱基-北門,2024-08-16,9283
2208,台船,10,0,10,凱基-北門,2024-08-16,9283
2736,富野,10,0,10,凱基-北門,2024-08-16,9283
3426,台興,10,0,10,凱基-北門,2024-08-16,9283
3706,神達,20,10,10,凱基-北門,2024-08-16,9283
4908,前鼎,10,0,10,凱基-北門,2024-08-16,9283
5309,系統電,10,0,10,凱基-北門,2024-08-16,9283
6603,富強鑫,10,0,10,凱基-北門,2024-08-16,9283
6788,華景電,10,0,10,凱基-北門,2024-08-16,9283
00927,群益半導體收益,9,0,9,凱基-北門,2024-08-16,9283
2062,橋椿,17,8,9,凱基-北門,2024-08-16,9283
8096,擎亞,39,30,9,凱基-北門,2024-08-16,9283
1513,中興電,10,1,9,凱基-北門,2024-08-16,9283
4906,正文,10,2,8,凱基-北門,2024-08-16,9283
6658,聯策,9,1,8,凱基-北門,2024-08-16,9283
8089,康全電訊,10,2,8,凱基-北門,2024-08-16,9283
6197,佳必琪,8,1,7,凱基-北門,2024-08-16,9283
3217,優群,6,1,5,凱基-北門,2024-08-16,9283
00893,國泰智能電動車,5,0,5,凱基-北門,2024-08-16,9283
00779B,凱基美債25+,5,0,5,凱基-北門,2024-08-16,9283
00641R,富邦日本反1,5,0,5,凱基-北門,2024-08-16,9283
1319,東陽,5,0,5,凱基-北門,2024-08-16,9283
1467,南緯,5,0,5,凱基-北門,2024-08-16,9283
1611,中電,5,0,5,凱基-北門,2024-08-16,9283
3686,達能,5,0,5,凱基-北門,2024-08-16,9283
4545,銘鈺,5,0,5,凱基-北門,2024-08-16,9283
5340,建榮,5,0,5,凱基-北門,2024-08-16,9283
6125,廣運,7,2,5,凱基-北門,2024-08-16,9283
6224,聚鼎,6,1,5,凱基-北門,2024-08-16,9283
8027,鈦昇,5,0,5,凱基-北門,2024-08-16,9283
8358,金居,5,0,5,凱基-北門,2024-08-16,9283
2482,連宇,7,2,5,凱基-北門,2024-08-16,9283
00675L,富邦臺灣加權正2,5,1,4,凱基-北門,2024-08-16,9283
1522,堤維西,5,1,4,凱基-北門,2024-08-16,9283
00937B,群益ESG投等債20,105,1,104,凱基-北門,2024-08-19,9283
3047,訊舟,131,36,95,凱基-北門,2024-08-19,9283
5452,佶優,84,2,82,凱基-北門,2024-08-19,9283
00687B,國泰20年美債,78,12,66,凱基-北門,2024-08-19,9283
2489,瑞軒,53,4,49,凱基-北門,2024-08-19,9283
00751B,元大AAA至A公司債,45,0,45,凱基-北門,2024-08-19,9283
4906,正文,54,10,44,凱基-北門,2024-08-19,9283
00722B,群益投資級電信債,39,0,39,凱基-北門,2024-08-19,9283
2303,聯電,37,1,36,凱基-北門,2024-08-19,9283
00918,大華優利高填息30,34,0,34,凱基-北門,2024-08-19,9283
00725B,國泰投資級公司債,33,0,33,凱基-北門,2024-08-19,9283
00696B,富邦美債20年,30,0,30,凱基-北門,2024-08-19,9283
00929,復華台灣科技優息,34,7,27,凱基-北門,2024-08-19,9283
00724B,群益投資級金融債,25,0,25,凱基-北門,2024-08-19,9283
00795B,中信美國公債20年,25,0,25,凱基-北門,2024-08-19,9283
2382,廣達,30,8,22,凱基-北門,2024-08-19,9283
00857B,永豐20年美公債,23,1,22,凱基-北門,2024-08-19,9283
2014,中鴻,20,0,20,凱基-北門,2024-08-19,9283
00632R,元大台灣50反1,20,2,18,凱基-北門,2024-08-19,9283
00919,群益台灣精選高息,18,0,18,凱基-北門,2024-08-19,9283
00706L,期元大S＆P日圓正2,16,0,16,凱基-北門,2024-08-19,9283
2365,昆盈,34,18,16,凱基-北門,2024-08-19,9283
00641R,富邦日本反1,15,0,15,凱基-北門,2024-08-19,9283
00936,台新永續高息中小,15,0,15,凱基-北門,2024-08-19,9283
6609,瀧澤科,26,12,14,凱基-北門,2024-08-19,9283
3450,聯鈞,14,1,13,凱基-北門,2024-08-19,9283
4109,加捷生醫,13,0,13,凱基-北門,2024-08-19,9283
8390,金益鼎,13,0,13,凱基-北門,2024-08-19,9283
2354,鴻準,15,4,11,凱基-北門,2024-08-19,9283
8096,擎亞,15,4,11,凱基-北門,2024-08-19,9283
1447,力鵬,10,0,10,凱基-北門,2024-08-19,9283
2520,冠德,17,7,10,凱基-北門,2024-08-19,9283
3043,科風,10,0,10,凱基-北門,2024-08-19,9283
4161,聿新科,10,0,10,凱基-北門,2024-08-19,9283
6532,瑞耘,11,1,10,凱基-北門,2024-08-19,9283
00912,中信臺灣智慧50,9,0,9,凱基-北門,2024-08-19,9283
1220,台榮,10,1,9,凱基-北門,2024-08-19,9283
1101,台泥,9,0,9,凱基-北門,2024-08-19,9283
2002,中鋼,8,0,8,凱基-北門,2024-08-19,9283
6116,彩晶,8,0,8,凱基-北門,2024-08-19,9283
6789,采鈺,7,0,7,凱基-北門,2024-08-19,9283
00933B,國泰10Y+金融債,7,0,7,凱基-北門,2024-08-19,9283
1808,潤隆,7,0,7,凱基-北門,2024-08-19,9283
2363,矽統,7,0,7,凱基-北門,2024-08-19,9283
3059,華晶科,11,4,7,凱基-北門,2024-08-19,9283
2359,所羅門,24,17,7,凱基-北門,2024-08-19,9283
00878,國泰永續高股息,10,4,6,凱基-北門,2024-08-19,9283
00915,凱基優選高股息30,6,0,6,凱基-北門,2024-08-19,9283
2070,精湛,7,1,6,凱基-北門,2024-08-19,9283
1513,中興電,5,0,5,凱基-北門,2024-08-19,9283
2888,新光金,454,103,351,凱基-北門,2024-08-20,9283
00937B,群益ESG投等債20,132,4,128,凱基-北門,2024-08-20,9283
2317,鴻海,120,32,88,凱基-北門,2024-08-20,9283
00650L,復華香港正2,52,0,52,凱基-北門,2024-08-20,9283
00687B,國泰20年美債,69,18,51,凱基-北門,2024-08-20,9283
00715L,期街口布蘭特正2,36,2,34,凱基-北門,2024-08-20,9283
00632R,元大台灣50反1,30,0,30,凱基-北門,2024-08-20,9283
00929,復華台灣科技優息,29,0,29,凱基-北門,2024-08-20,9283
2461,光群雷,25,0,25,凱基-北門,2024-08-20,9283
00679B,元大美債20年,24,0,24,凱基-北門,2024-08-20,9283
00642U,期元大S＆P石油,23,0,23,凱基-北門,2024-08-20,9283
2031,新光鋼,23,0,23,凱基-北門,2024-08-20,9283
4533,協易機,20,0,20,凱基-北門,2024-08-20,9283
6658,聯策,22,3,19,凱基-北門,2024-08-20,9283
2356,英業達,21,3,18,凱基-北門,2024-08-20,9283
5452,佶優,18,1,17,凱基-北門,2024-08-20,9283
00725B,國泰投資級公司債,16,0,16,凱基-北門,2024-08-20,9283
2515,中工,20,4,16,凱基-北門,2024-08-20,9283
00706L,期元大S＆P日圓正2,15,0,15,凱基-北門,2024-08-20,9283
00948B,中信優息投資級債,15,0,15,凱基-北門,2024-08-20,9283
00713,元大台灣高息低波,15,1,14,凱基-北門,2024-08-20,9283
00932,兆豐永續高息等權,12,0,12,凱基-北門,2024-08-20,9283
2241,艾姆勒,12,0,12,凱基-北門,2024-08-20,9283
8358,金居,12,0,12,凱基-北門,2024-08-20,9283
00918,大華優利高填息30,11,0,11,凱基-北門,2024-08-20,9283
1326,台化,11,0,11,凱基-北門,2024-08-20,9283
0050,元大台灣50,11,0,11,凱基-北門,2024-08-20,9283
2368,金像電,10,0,10,凱基-北門,2024-08-20,9283
00724B,群益投資級金融債,10,0,10,凱基-北門,2024-08-20,9283
00899,FT潔淨能源,10,0,10,凱基-北門,2024-08-20,9283
1314,中石化,10,0,10,凱基-北門,2024-08-20,9283
2476,鉅祥,10,0,10,凱基-北門,2024-08-20,9283
6609,瀧澤科,12,2,10,凱基-北門,2024-08-20,9283
8046,南電,10,0,10,凱基-北門,2024-08-20,9283
9955,佳龍,10,0,10,凱基-北門,2024-08-20,9283
2464,盟立,54,45,9,凱基-北門,2024-08-20,9283
2535,達欣工,9,0,9,凱基-北門,2024-08-20,9283
3312,弘憶股,12,3,9,凱基-北門,2024-08-20,9283
2303,聯電,10,2,8,凱基-北門,2024-08-20,9283
3483,力致,8,0,8,凱基-北門,2024-08-20,9283
6505,台塑化,8,0,8,凱基-北門,2024-08-20,9283
00933B,國泰10Y+金融債,7,0,7,凱基-北門,2024-08-20,9283
00923,群益台ESG低碳50,9,2,7,凱基-北門,2024-08-20,9283
1786,科妍,7,0,7,凱基-北門,2024-08-20,9283
2417,圓剛,36,29,7,凱基-北門,2024-08-20,9283
3580,友威科,31,24,7,凱基-北門,2024-08-20,9283
00665L,富邦�琤肭磪囓�2,6,0,6,凱基-北門,2024-08-20,9283
2365,昆盈,46,40,6,凱基-北門,2024-08-20,9283
2406,國碩,8,2,6,凱基-北門,2024-08-20,9283
2409,友達,6,0,6,凱基-北門,2024-08-20,9283
2891,中信金,98,0,98,凱基-北門,2024-08-21,9283
00929,復華台灣科技優息,97,4,93,凱基-北門,2024-08-21,9283
2349,錸德,74,21,53,凱基-北門,2024-08-21,9283
2461,光群雷,53,0,53,凱基-北門,2024-08-21,9283
00953B,群益優選非投等債,49,0,49,凱基-北門,2024-08-21,9283
00918,大華優利高填息30,32,0,32,凱基-北門,2024-08-21,9283
2312,金寶,31,1,30,凱基-北門,2024-08-21,9283
00882,中信中國高股息,22,0,22,凱基-北門,2024-08-21,9283
3580,友威科,35,18,17,凱基-北門,2024-08-21,9283
00919,群益台灣精選高息,16,0,16,凱基-北門,2024-08-21,9283
00720B,元大投資級公司債,15,0,15,凱基-北門,2024-08-21,9283
8064,東捷,16,1,15,凱基-北門,2024-08-21,9283
3535,晶彩科,22,9,13,凱基-北門,2024-08-21,9283
1513,中興電,20,8,12,凱基-北門,2024-08-21,9283
00650L,復華香港正2,12,0,12,凱基-北門,2024-08-21,9283
9955,佳龍,14,2,12,凱基-北門,2024-08-21,9283
00715L,期街口布蘭特正2,11,0,11,凱基-北門,2024-08-21,9283
1514,亞力,15,5,10,凱基-北門,2024-08-21,9283
2633,台灣高鐵,10,0,10,凱基-北門,2024-08-21,9283
2002,中鋼,10,0,10,凱基-北門,2024-08-21,9283
4533,協易機,10,0,10,凱基-北門,2024-08-21,9283
5328,華容,10,0,10,凱基-北門,2024-08-21,9283
9105,泰金寶-DR,9,0,9,凱基-北門,2024-08-21,9283
6442,光聖,9,1,8,凱基-北門,2024-08-21,9283
1785,光洋科,13,5,8,凱基-北門,2024-08-21,9283
2634,漢翔,8,0,8,凱基-北門,2024-08-21,9283
8150,南茂,8,0,8,凱基-北門,2024-08-21,9283
00679B,元大美債20年,6,0,6,凱基-北門,2024-08-21,9283
00687B,國泰20年美債,43,37,6,凱基-北門,2024-08-21,9283
00936,台新永續高息中小,7,1,6,凱基-北門,2024-08-21,9283
00725B,國泰投資級公司債,6,0,6,凱基-北門,2024-08-21,9283
6244,茂迪,8,2,6,凱基-北門,2024-08-21,9283
00878,國泰永續高股息,27,22,5,凱基-北門,2024-08-21,9283
00899,FT潔淨能源,5,0,5,凱基-北門,2024-08-21,9283
00724B,群益投資級金融債,5,0,5,凱基-北門,2024-08-21,9283
00701,國泰股利精選30,5,0,5,凱基-北門,2024-08-21,9283
00940,元大台灣價值高息,15,10,5,凱基-北門,2024-08-21,9283
1467,南緯,5,0,5,凱基-北門,2024-08-21,9283
2069,運錩,5,0,5,凱基-北門,2024-08-21,9283
2421,建準,7,2,5,凱基-北門,2024-08-21,9283
2511,太子,5,0,5,凱基-北門,2024-08-21,9283
2836,高雄銀,5,0,5,凱基-北門,2024-08-21,9283
4173,久裕,5,0,5,凱基-北門,2024-08-21,9283
2356,英業達,6,2,4,凱基-北門,2024-08-21,9283
3689,湧德,4,0,4,凱基-北門,2024-08-21,9283
5347,世界,5,1,4,凱基-北門,2024-08-21,9283
6488,環球晶,4,0,4,凱基-北門,2024-08-21,9283
6691,洋基工程,7,3,4,凱基-北門,2024-08-21,9283
2317,鴻海,61,57,4,凱基-北門,2024-08-21,9283
6869,雲豹能源,10,7,3,凱基-北門,2024-08-21,9283
00715L,期街口布蘭特正2,131,0,131,凱基-北門,2024-08-22,9283
00907,永豐優息存股,120,0,120,凱基-北門,2024-08-22,9283
00687B,國泰20年美債,79,0,79,凱基-北門,2024-08-22,9283
3652,精聯,60,1,59,凱基-北門,2024-08-22,9283
00929,復華台灣科技優息,59,3,56,凱基-北門,2024-08-22,9283
2883,凱基金,50,7,43,凱基-北門,2024-08-22,9283
00632R,元大台灣50反1,40,0,40,凱基-北門,2024-08-22,9283
2349,錸德,320,296,24,凱基-北門,2024-08-22,9283
1717,長興,26,2,24,凱基-北門,2024-08-22,9283
2891,中信金,25,2,23,凱基-北門,2024-08-22,9283
3518,柏騰,21,0,21,凱基-北門,2024-08-22,9283
00877,復華中國5G,20,0,20,凱基-北門,2024-08-22,9283
3057,喬鼎,20,0,20,凱基-北門,2024-08-22,9283
3163,波若威,66,46,20,凱基-北門,2024-08-22,9283
2062,橋椿,18,2,16,凱基-北門,2024-08-22,9283
4716,大立,37,22,15,凱基-北門,2024-08-22,9283
1785,光洋科,23,9,14,凱基-北門,2024-08-22,9283
2374,佳能,14,0,14,凱基-北門,2024-08-22,9283
00878,國泰永續高股息,13,0,13,凱基-北門,2024-08-22,9283
8064,東捷,14,2,12,凱基-北門,2024-08-22,9283
5371,中光電,19,8,11,凱基-北門,2024-08-22,9283
4526,東台,12,1,11,凱基-北門,2024-08-22,9283
00680L,元大美債20正2,10,0,10,凱基-北門,2024-08-22,9283
00779B,凱基美債25+,15,5,10,凱基-北門,2024-08-22,9283
1532,勤美,10,0,10,凱基-北門,2024-08-22,9283
2633,台灣高鐵,10,0,10,凱基-北門,2024-08-22,9283
2867,三商壽,10,0,10,凱基-北門,2024-08-22,9283
3372,典範,10,0,10,凱基-北門,2024-08-22,9283
6589,台康生技,10,0,10,凱基-北門,2024-08-22,9283
9955,佳龍,22,13,9,凱基-北門,2024-08-22,9283
1503,士電,18,11,7,凱基-北門,2024-08-22,9283
3028,增你強,7,0,7,凱基-北門,2024-08-22,9283
5443,均豪,19,12,7,凱基-北門,2024-08-22,9283
1514,亞力,16,10,6,凱基-北門,2024-08-22,9283
8028,昇陽半導體,9,3,6,凱基-北門,2024-08-22,9283
1584,精剛,6,0,6,凱基-北門,2024-08-22,9283
2449,京元電子,10,4,6,凱基-北門,2024-08-22,9283
2834,臺企銀,6,0,6,凱基-北門,2024-08-22,9283
3047,訊舟,35,29,6,凱基-北門,2024-08-22,9283
5398,慕康生醫,6,0,6,凱基-北門,2024-08-22,9283
6505,台塑化,6,0,6,凱基-北門,2024-08-22,9283
8089,康全電訊,9,3,6,凱基-北門,2024-08-22,9283
6139,亞翔,5,0,5,凱基-北門,2024-08-22,9283
00764B,群益25年美債,5,0,5,凱基-北門,2024-08-22,9283
00635U,期元大S＆P黃金,5,0,5,凱基-北門,2024-08-22,9283
00696B,富邦美債20年,5,0,5,凱基-北門,2024-08-22,9283
00915,凱基優選高股息30,5,0,5,凱基-北門,2024-08-22,9283
1305,華夏,5,0,5,凱基-北門,2024-08-22,9283
1447,力鵬,5,0,5,凱基-北門,2024-08-22,9283
1467,南緯,5,0,5,凱基-北門,2024-08-22,9283
00680L,元大美債20正2,354,14,340,凱基-北門,2024-08-23,9283
00715L,期街口布蘭特正2,109,1,108,凱基-北門,2024-08-23,9283
2883B,凱基金乙特,100,0,100,凱基-北門,2024-08-23,9283
00687B,國泰20年美債,55,2,53,凱基-北門,2024-08-23,9283
2887,台新金,116,74,42,凱基-北門,2024-08-23,9283
1314,中石化,41,0,41,凱基-北門,2024-08-23,9283
3189,景碩,45,7,38,凱基-北門,2024-08-23,9283
00929,復華台灣科技優息,35,0,35,凱基-北門,2024-08-23,9283
4716,大立,33,3,30,凱基-北門,2024-08-23,9283
2891,中信金,25,0,25,凱基-北門,2024-08-23,9283
00918,大華優利高填息30,21,0,21,凱基-北門,2024-08-23,9283
2888A,新光金甲特,20,0,20,凱基-北門,2024-08-23,9283
2888B,新光金乙特,20,0,20,凱基-北門,2024-08-23,9283
1721,三晃,48,31,17,凱基-北門,2024-08-23,9283
00764B,群益25年美債,15,0,15,凱基-北門,2024-08-23,9283
2301,光寶科,15,0,15,凱基-北門,2024-08-23,9283
00919,群益台灣精選高息,15,0,15,凱基-北門,2024-08-23,9283
4533,協易機,14,0,14,凱基-北門,2024-08-23,9283
8438,昶昕,25,12,13,凱基-北門,2024-08-23,9283
1709,和益,15,3,12,凱基-北門,2024-08-23,9283
00696B,富邦美債20年,10,0,10,凱基-北門,2024-08-23,9283
00779B,凱基美債25+,10,0,10,凱基-北門,2024-08-23,9283
00946,群益科技高息成長,10,0,10,凱基-北門,2024-08-23,9283
1789,神隆,10,0,10,凱基-北門,2024-08-23,9283
3025,星通,10,0,10,凱基-北門,2024-08-23,9283
3708,上緯投控,10,0,10,凱基-北門,2024-08-23,9283
5227,立凱-KY,10,0,10,凱基-北門,2024-08-23,9283
6244,茂迪,10,0,10,凱基-北門,2024-08-23,9283
2633,台灣高鐵,10,1,9,凱基-北門,2024-08-23,9283
2634,漢翔,10,1,9,凱基-北門,2024-08-23,9283
00940,元大台灣價值高息,8,0,8,凱基-北門,2024-08-23,9283
2464,盟立,13,5,8,凱基-北門,2024-08-23,9283
2867,三商壽,11,3,8,凱基-北門,2024-08-23,9283
3013,晟銘電,14,6,8,凱基-北門,2024-08-23,9283
3715,定穎投控,14,6,8,凱基-北門,2024-08-23,9283
00751B,元大AAA至A公司債,7,0,7,凱基-北門,2024-08-23,9283
1785,光洋科,18,11,7,凱基-北門,2024-08-23,9283
4576,大銀微系統,8,1,7,凱基-北門,2024-08-23,9283
6177,達麗,8,1,7,凱基-北門,2024-08-23,9283
6875,國邑*,7,0,7,凱基-北門,2024-08-23,9283
1447,力鵬,6,0,6,凱基-北門,2024-08-23,9283
2352,佳世達,6,0,6,凱基-北門,2024-08-23,9283
2363,矽統,7,1,6,凱基-北門,2024-08-23,9283
4562,穎漢,7,1,6,凱基-北門,2024-08-23,9283
00878,國泰永續高股息,6,0,6,凱基-北門,2024-08-23,9283
2317,鴻海,11,5,6,凱基-北門,2024-08-23,9283
00725B,國泰投資級公司債,5,0,5,凱基-北門,2024-08-23,9283
00900,富邦特選高股息30,5,0,5,凱基-北門,2024-08-23,9283
4526,東台,5,0,5,凱基-北門,2024-08-23,9283
3372,典範,5,0,5,凱基-北門,2024-08-23,9283
00948B,中信優息投資級債,195,0,195,凱基-北門,2024-08-26,9283
00680L,元大美債20正2,158,13,145,凱基-北門,2024-08-26,9283
00687B,國泰20年美債,148,34,114,凱基-北門,2024-08-26,9283
00940,元大台灣價值高息,80,15,65,凱基-北門,2024-08-26,9283
00929,復華台灣科技優息,34,1,33,凱基-北門,2024-08-26,9283
2542,興富發,30,1,29,凱基-北門,2024-08-26,9283
8089,康全電訊,30,1,29,凱基-北門,2024-08-26,9283
3580,友威科,29,3,26,凱基-北門,2024-08-26,9283
00679B,元大美債20年,25,0,25,凱基-北門,2024-08-26,9283
2409,友達,24,0,24,凱基-北門,2024-08-26,9283
3289,宜特,21,0,21,凱基-北門,2024-08-26,9283
3583,辛耘,22,2,20,凱基-北門,2024-08-26,9283
4564,元翎,20,0,20,凱基-北門,2024-08-26,9283
8028,昇陽半導體,37,20,17,凱基-北門,2024-08-26,9283
00706L,期元大S＆P日圓正2,17,0,17,凱基-北門,2024-08-26,9283
2402,毅嘉,30,13,17,凱基-北門,2024-08-26,9283
2867,三商壽,120,107,13,凱基-北門,2024-08-26,9283
2313,華通,13,1,12,凱基-北門,2024-08-26,9283
2464,盟立,15,3,12,凱基-北門,2024-08-26,9283
3013,晟銘電,12,0,12,凱基-北門,2024-08-26,9283
3163,波若威,53,41,12,凱基-北門,2024-08-26,9283
2399,映泰,12,0,12,凱基-北門,2024-08-26,9283
00696B,富邦美債20年,11,0,11,凱基-北門,2024-08-26,9283
2489,瑞軒,11,0,11,凱基-北門,2024-08-26,9283
2609,陽明,104,93,11,凱基-北門,2024-08-26,9283
4576,大銀微系統,13,2,11,凱基-北門,2024-08-26,9283
00751B,元大AAA至A公司債,11,0,11,凱基-北門,2024-08-26,9283
00720B,元大投資級公司債,11,0,11,凱基-北門,2024-08-26,9283
6177,達麗,10,0,10,凱基-北門,2024-08-26,9283
00724B,群益投資級金融債,10,0,10,凱基-北門,2024-08-26,9283
1326,台化,10,0,10,凱基-北門,2024-08-26,9283
1718,中纖,10,0,10,凱基-北門,2024-08-26,9283
1789,神隆,10,0,10,凱基-北門,2024-08-26,9283
3363,上詮,12,2,10,凱基-北門,2024-08-26,9283
2383,台光電,8,0,8,凱基-北門,2024-08-26,9283
5484,慧友,11,3,8,凱基-北門,2024-08-26,9283
00878,國泰永續高股息,17,10,7,凱基-北門,2024-08-26,9283
2382,廣達,12,5,7,凱基-北門,2024-08-26,9283
2486,一詮,6,0,6,凱基-北門,2024-08-26,9283
8054,安國,6,0,6,凱基-北門,2024-08-26,9283
00722B,群益投資級電信債,6,0,6,凱基-北門,2024-08-26,9283
2363,矽統,6,0,6,凱基-北門,2024-08-26,9283
4526,東台,13,7,6,凱基-北門,2024-08-26,9283
8374,羅昇,9,3,6,凱基-北門,2024-08-26,9283
3231,緯創,5,0,5,凱基-北門,2024-08-26,9283
00953B,群益優選非投等債,5,0,5,凱基-北門,2024-08-26,9283
5498,凱崴,5,0,5,凱基-北門,2024-08-26,9283
6805,富世達,5,0,5,凱基-北門,2024-08-26,9283
8908,欣雄,5,0,5,凱基-北門,2024-08-26,9283
00919,群益台灣精選高息,6,1,5,凱基-北門,2024-08-26,9283
3481,群創,453,7,446,凱基-北門,2024-08-27,9283
6218,豪勉,150,1,149,凱基-北門,2024-08-27,9283
00919,群益台灣精選高息,67,4,63,凱基-北門,2024-08-27,9283
6241,易通展,60,0,60,凱基-北門,2024-08-27,9283
2461,光群雷,50,0,50,凱基-北門,2024-08-27,9283
8070,長華*,50,11,39,凱基-北門,2024-08-27,9283
2365,昆盈,41,8,33,凱基-北門,2024-08-27,9283
00679B,元大美債20年,32,0,32,凱基-北門,2024-08-27,9283
2537,聯上發,30,1,29,凱基-北門,2024-08-27,9283
3260,威剛,22,0,22,凱基-北門,2024-08-27,9283
2609,陽明,20,1,19,凱基-北門,2024-08-27,9283
2891,中信金,52,34,18,凱基-北門,2024-08-27,9283
2402,毅嘉,24,8,16,凱基-北門,2024-08-27,9283
00706L,期元大S＆P日圓正2,15,0,15,凱基-北門,2024-08-27,9283
00940,元大台灣價值高息,20,6,14,凱基-北門,2024-08-27,9283
1540,喬福,35,22,13,凱基-北門,2024-08-27,9283
6603,富強鑫,12,0,12,凱基-北門,2024-08-27,9283
6414,樺漢,11,0,11,凱基-北門,2024-08-27,9283
00650L,復華香港正2,11,0,11,凱基-北門,2024-08-27,9283
2363,矽統,12,1,11,凱基-北門,2024-08-27,9283
2610,華航,11,0,11,凱基-北門,2024-08-27,9283
5328,華容,11,0,11,凱基-北門,2024-08-27,9283
00687B,國泰20年美債,10,0,10,凱基-北門,2024-08-27,9283
2371,大同,10,0,10,凱基-北門,2024-08-27,9283
00877,復華中國5G,10,0,10,凱基-北門,2024-08-27,9283
2417,圓剛,17,7,10,凱基-北門,2024-08-27,9283
2520,冠德,10,0,10,凱基-北門,2024-08-27,9283
3035,智原,10,0,10,凱基-北門,2024-08-27,9283
3605,宏致,10,0,10,凱基-北門,2024-08-27,9283
00937B,群益ESG投等債20,8,0,8,凱基-北門,2024-08-27,9283
1528,恩德,30,22,8,凱基-北門,2024-08-27,9283
2603,長榮,8,0,8,凱基-北門,2024-08-27,9283
2897,王道銀行,8,0,8,凱基-北門,2024-08-27,9283
5258,虹堡,8,0,8,凱基-北門,2024-08-27,9283
6895,宏碩系統,8,0,8,凱基-北門,2024-08-27,9283
2887,台新金,6,0,6,凱基-北門,2024-08-27,9283
2317,鴻海,59,53,6,凱基-北門,2024-08-27,9283
1711,永光,15,9,6,凱基-北門,2024-08-27,9283
3149,正達,6,0,6,凱基-北門,2024-08-27,9283
3466,德晉,6,0,6,凱基-北門,2024-08-27,9283
3689,湧德,6,0,6,凱基-北門,2024-08-27,9283
1785,光洋科,7,2,5,凱基-北門,2024-08-27,9283
00779B,凱基美債25+,5,0,5,凱基-北門,2024-08-27,9283
00764B,群益25年美債,5,0,5,凱基-北門,2024-08-27,9283
00753L,中信中國50正2,5,0,5,凱基-北門,2024-08-27,9283
00673R,期元大S＆P原油反1,5,0,5,凱基-北門,2024-08-27,9283
00951,台新日本半導體,5,0,5,凱基-北門,2024-08-27,9283
1301,台塑,5,0,5,凱基-北門,2024-08-27,9283
2409,友達,9,4,5,凱基-北門,2024-08-27,9283
2483,百容,5,0,5,凱基-北門,2024-08-27,9283
2062,橋椿,274,20,254,凱基-北門,2024-08-28,9283
3481,群創,314,168,146,凱基-北門,2024-08-28,9283
2891,中信金,96,20,76,凱基-北門,2024-08-28,9283
6241,易通展,60,0,60,凱基-北門,2024-08-28,9283
2867,三商壽,52,0,52,凱基-北門,2024-08-28,9283
00915,凱基優選高股息30,41,0,41,凱基-北門,2024-08-28,9283
6274,台燿,40,5,35,凱基-北門,2024-08-28,9283
00632R,元大台灣50反1,27,0,27,凱基-北門,2024-08-28,9283
6603,富強鑫,32,9,23,凱基-北門,2024-08-28,9283
00751B,元大AAA至A公司債,22,1,21,凱基-北門,2024-08-28,9283
2633,台灣高鐵,15,0,15,凱基-北門,2024-08-28,9283
6456,GIS-KY,15,0,15,凱基-北門,2024-08-28,9283
4562,穎漢,18,4,14,凱基-北門,2024-08-28,9283
00650L,復華香港正2,13,0,13,凱基-北門,2024-08-28,9283
1789,神隆,13,0,13,凱基-北門,2024-08-28,9283
2845,遠東銀,13,0,13,凱基-北門,2024-08-28,9283
6505,台塑化,13,0,13,凱基-北門,2024-08-28,9283
8908,欣雄,13,0,13,凱基-北門,2024-08-28,9283
3037,欣興,12,0,12,凱基-北門,2024-08-28,9283
5443,均豪,25,13,12,凱基-北門,2024-08-28,9283
00937B,群益ESG投等債20,11,0,11,凱基-北門,2024-08-28,9283
00877,復華中國5G,11,0,11,凱基-北門,2024-08-28,9283
5512,力麒,11,0,11,凱基-北門,2024-08-28,9283
6244,茂迪,16,5,11,凱基-北門,2024-08-28,9283
0056,元大高股息,10,0,10,凱基-北門,2024-08-28,9283
2367,燿華,37,27,10,凱基-北門,2024-08-28,9283
3057,喬鼎,10,0,10,凱基-北門,2024-08-28,9283
3501,維熹,10,0,10,凱基-北門,2024-08-28,9283
5328,華容,10,0,10,凱基-北門,2024-08-28,9283
8109,博大,10,0,10,凱基-北門,2024-08-28,9283
00795B,中信美國公債20年,9,0,9,凱基-北門,2024-08-28,9283
1609,大亞,9,0,9,凱基-北門,2024-08-28,9283
8089,康全電訊,9,0,9,凱基-北門,2024-08-28,9283
8096,擎亞,10,1,9,凱基-北門,2024-08-28,9283
00878,國泰永續高股息,9,0,9,凱基-北門,2024-08-28,9283
00881,國泰台灣5G+,10,2,8,凱基-北門,2024-08-28,9283
00959B,大華投等美債15Y+,30,22,8,凱基-北門,2024-08-28,9283
3580,友威科,24,16,8,凱基-北門,2024-08-28,9283
8076,伍豐,10,2,8,凱基-北門,2024-08-28,9283
00679B,元大美債20年,7,0,7,凱基-北門,2024-08-28,9283
3372,典範,7,0,7,凱基-北門,2024-08-28,9283
8039,台虹,26,19,7,凱基-北門,2024-08-28,9283
2349,錸德,13,7,6,凱基-北門,2024-08-28,9283
6215,和椿,6,0,6,凱基-北門,2024-08-28,9283
2887,台新金,5,0,5,凱基-北門,2024-08-28,9283
3035,智原,5,0,5,凱基-北門,2024-08-28,9283
00671R,富邦NASDAQ反1,5,0,5,凱基-北門,2024-08-28,9283
00665L,富邦�琤肭磪囓�2,5,0,5,凱基-北門,2024-08-28,9283
00936,台新永續高息中小,5,0,5,凱基-北門,2024-08-28,9283
1568,倉佑,5,0,5,凱基-北門,2024-08-28,9283
3481,群創,222,0,222,凱基-北門,2024-08-29,9283
00680L,元大美債20正2,71,0,71,凱基-北門,2024-08-29,9283
2367,燿華,89,27,62,凱基-北門,2024-08-29,9283
00632R,元大台灣50反1,60,0,60,凱基-北門,2024-08-29,9283
00696B,富邦美債20年,55,0,55,凱基-北門,2024-08-29,9283
00948B,中信優息投資級債,50,0,50,凱基-北門,2024-08-29,9283
6218,豪勉,51,1,50,凱基-北門,2024-08-29,9283
00687B,國泰20年美債,60,14,46,凱基-北門,2024-08-29,9283
00779B,凱基美債25+,45,0,45,凱基-北門,2024-08-29,9283
2891,中信金,38,0,38,凱基-北門,2024-08-29,9283
1540,喬福,70,34,36,凱基-北門,2024-08-29,9283
00881,國泰台灣5G+,35,0,35,凱基-北門,2024-08-29,9283
00882,中信中國高股息,31,0,31,凱基-北門,2024-08-29,9283
3062,建漢,41,17,24,凱基-北門,2024-08-29,9283
3380,明泰,22,0,22,凱基-北門,2024-08-29,9283
3231,緯創,21,0,21,凱基-北門,2024-08-29,9283
4128,中天,21,0,21,凱基-北門,2024-08-29,9283
00679B,元大美債20年,19,0,19,凱基-北門,2024-08-29,9283
8927,北基,17,0,17,凱基-北門,2024-08-29,9283
2399,映泰,46,30,16,凱基-北門,2024-08-29,9283
5272,笙科,15,0,15,凱基-北門,2024-08-29,9283
00953B,群益優選非投等債,15,0,15,凱基-北門,2024-08-29,9283
2537,聯上發,15,0,15,凱基-北門,2024-08-29,9283
6405,悅城,13,0,13,凱基-北門,2024-08-29,9283
6442,光聖,14,2,12,凱基-北門,2024-08-29,9283
00877,復華中國5G,12,0,12,凱基-北門,2024-08-29,9283
6658,聯策,12,0,12,凱基-北門,2024-08-29,9283
6895,宏碩系統,12,0,12,凱基-北門,2024-08-29,9283
1536,和大,13,1,12,凱基-北門,2024-08-29,9283
2498,宏達電,11,0,11,凱基-北門,2024-08-29,9283
3550,聯穎,18,7,11,凱基-北門,2024-08-29,9283
00933B,國泰10Y+金融債,11,0,11,凱基-北門,2024-08-29,9283
6505,台塑化,11,0,11,凱基-北門,2024-08-29,9283
00918,大華優利高填息30,10,0,10,凱基-北門,2024-08-29,9283
6869,雲豹能源,10,0,10,凱基-北門,2024-08-29,9283
3057,喬鼎,10,0,10,凱基-北門,2024-08-29,9283
8040,九暘,10,0,10,凱基-北門,2024-08-29,9283
00664R,國泰臺灣加權反1,10,0,10,凱基-北門,2024-08-29,9283
00937B,群益ESG投等債20,10,0,10,凱基-北門,2024-08-29,9283
1532,勤美,10,0,10,凱基-北門,2024-08-29,9283
2392,正崴,11,1,10,凱基-北門,2024-08-29,9283
2548,華固,10,0,10,凱基-北門,2024-08-29,9283
3673,TPK-KY,11,1,10,凱基-北門,2024-08-29,9283
5452,佶優,10,0,10,凱基-北門,2024-08-29,9283
6241,易通展,10,0,10,凱基-北門,2024-08-29,9283
4510,高鋒,39,29,10,凱基-北門,2024-08-29,9283
2883,凱基金,10,1,9,凱基-北門,2024-08-29,9283
1314,中石化,24,15,9,凱基-北門,2024-08-29,9283
4979,華星光,10,1,9,凱基-北門,2024-08-29,9283
00919,群益台灣精選高息,32,24,8,凱基-北門,2024-08-29,9283
00687B,國泰20年美債,103,0,103,凱基-北門,2024-08-30,9283
3481,群創,136,44,92,凱基-北門,2024-08-30,9283
8390,金益鼎,58,0,58,凱基-北門,2024-08-30,9283
00948B,中信優息投資級債,40,0,40,凱基-北門,2024-08-30,9283
2382,廣達,40,2,38,凱基-北門,2024-08-30,9283
00688L,國泰20年美債正2,34,0,34,凱基-北門,2024-08-30,9283
3019,亞光,26,0,26,凱基-北門,2024-08-30,9283
1711,永光,28,8,20,凱基-北門,2024-08-30,9283
6241,易通展,20,0,20,凱基-北門,2024-08-30,9283
2312,金寶,20,1,19,凱基-北門,2024-08-30,9283
3580,友威科,21,3,18,凱基-北門,2024-08-30,9283
00679B,元大美債20年,16,0,16,凱基-北門,2024-08-30,9283
2891,中信金,16,0,16,凱基-北門,2024-08-30,9283
2367,燿華,132,117,15,凱基-北門,2024-08-30,9283
2369,菱生,20,5,15,凱基-北門,2024-08-30,9283
4402,郡都開發,15,0,15,凱基-北門,2024-08-30,9283
2363,矽統,14,0,14,凱基-北門,2024-08-30,9283
3062,建漢,20,6,14,凱基-北門,2024-08-30,9283
6698,旭暉應材,13,0,13,凱基-北門,2024-08-30,9283
3645,達邁,13,1,12,凱基-北門,2024-08-30,9283
6197,佳必琪,13,1,12,凱基-北門,2024-08-30,9283
6442,光聖,12,1,11,凱基-北門,2024-08-30,9283
1584,精剛,10,0,10,凱基-北門,2024-08-30,9283
2489,瑞軒,10,0,10,凱基-北門,2024-08-30,9283
3234,光環,10,0,10,凱基-北門,2024-08-30,9283
3673,TPK-KY,10,0,10,凱基-北門,2024-08-30,9283
4714,永捷,10,0,10,凱基-北門,2024-08-30,9283
6156,松上,14,4,10,凱基-北門,2024-08-30,9283
6743,安普新,10,0,10,凱基-北門,2024-08-30,9283
9955,佳龍,10,0,10,凱基-北門,2024-08-30,9283
00751B,元大AAA至A公司債,9,0,9,凱基-北門,2024-08-30,9283
8096,擎亞,10,1,9,凱基-北門,2024-08-30,9283
1447,力鵬,8,0,8,凱基-北門,2024-08-30,9283
8111,立��,10,2,8,凱基-北門,2024-08-30,9283
2313,華通,34,26,8,凱基-北門,2024-08-30,9283
2887,台新金,7,0,7,凱基-北門,2024-08-30,9283
00878,國泰永續高股息,7,0,7,凱基-北門,2024-08-30,9283
2464,盟立,19,12,7,凱基-北門,2024-08-30,9283
6419,京晨科,7,0,7,凱基-北門,2024-08-30,9283
8064,東捷,9,2,7,凱基-北門,2024-08-30,9283
00725B,國泰投資級公司債,7,0,7,凱基-北門,2024-08-30,9283
00893,國泰智能電動車,6,0,6,凱基-北門,2024-08-30,9283
2031,新光鋼,6,0,6,凱基-北門,2024-08-30,9283
6219,富旺,6,0,6,凱基-北門,2024-08-30,9283
8089,康全電訊,7,1,6,凱基-北門,2024-08-30,9283
3450,聯鈞,16,11,5,凱基-北門,2024-08-30,9283
2610,華航,5,0,5,凱基-北門,2024-08-30,9283
00923,群益台ESG低碳50,5,0,5,凱基-北門,2024-08-30,9283
6438,迅得,5,0,5,凱基-北門,2024-08-30,9283
00899,FT潔淨能源,5,0,5,凱基-北門,2024-08-30,9283
2867,三商壽,51,0,51,凱基-北門,2024-09-02,9283
00918,大華優利高填息30,61,15,46,凱基-北門,2024-09-02,9283
00948B,中信優息投資級債,45,0,45,凱基-北門,2024-09-02,9283
00919,群益台灣精選高息,44,2,42,凱基-北門,2024-09-02,9283
2891,中信金,64,23,41,凱基-北門,2024-09-02,9283
00679B,元大美債20年,40,0,40,凱基-北門,2024-09-02,9283
4420,光明,40,1,39,凱基-北門,2024-09-02,9283
5460,同協,30,0,30,凱基-北門,2024-09-02,9283
00687B,國泰20年美債,24,0,24,凱基-北門,2024-09-02,9283
00650L,復華香港正2,24,0,24,凱基-北門,2024-09-02,9283
00953B,群益優選非投等債,20,0,20,凱基-北門,2024-09-02,9283
4157,太景*-KY,20,0,20,凱基-北門,2024-09-02,9283
00715L,期街口布蘭特正2,19,0,19,凱基-北門,2024-09-02,9283
4576,大銀微系統,17,0,17,凱基-北門,2024-09-02,9283
2409,友達,25,8,17,凱基-北門,2024-09-02,9283
6156,松上,17,1,16,凱基-北門,2024-09-02,9283
2399,映泰,15,0,15,凱基-北門,2024-09-02,9283
3323,加百裕,15,0,15,凱基-北門,2024-09-02,9283
3645,達邁,16,1,15,凱基-北門,2024-09-02,9283
00931B,統一美債20年,13,0,13,凱基-北門,2024-09-02,9283
2313,華通,12,0,12,凱基-北門,2024-09-02,9283
6658,聯策,21,9,12,凱基-北門,2024-09-02,9283
8070,長華*,14,2,12,凱基-北門,2024-09-02,9283
1532,勤美,11,0,11,凱基-北門,2024-09-02,9283
00933B,國泰10Y+金融債,11,0,11,凱基-北門,2024-09-02,9283
2603,長榮,11,0,11,凱基-北門,2024-09-02,9283
00688L,國泰20年美債正2,10,0,10,凱基-北門,2024-09-02,9283
1326,台化,10,0,10,凱基-北門,2024-09-02,9283
2014,中鴻,10,0,10,凱基-北門,2024-09-02,9283
2208,台船,10,0,10,凱基-北門,2024-09-02,9283
6531,愛普*,10,0,10,凱基-北門,2024-09-02,9283
8111,立��,10,0,10,凱基-北門,2024-09-02,9283
8908,欣雄,10,0,10,凱基-北門,2024-09-02,9283
3689,湧德,10,1,9,凱基-北門,2024-09-02,9283
2497,怡利電,11,2,9,凱基-北門,2024-09-02,9283
6419,京晨科,10,1,9,凱基-北門,2024-09-02,9283
2425,承啟,9,1,8,凱基-北門,2024-09-02,9283
3712,永崴投控,8,0,8,凱基-北門,2024-09-02,9283
2892,第一金,7,0,7,凱基-北門,2024-09-02,9283
00665L,富邦�琤肭磪囓�2,7,0,7,凱基-北門,2024-09-02,9283
8927,北基,7,0,7,凱基-北門,2024-09-02,9283
9955,佳龍,7,0,7,凱基-北門,2024-09-02,9283
3479,安勤,6,0,6,凱基-北門,2024-09-02,9283
5222,全訊,6,0,6,凱基-北門,2024-09-02,9283
9945,潤泰新,7,1,6,凱基-北門,2024-09-02,9283
8064,東捷,23,17,6,凱基-北門,2024-09-02,9283
1540,喬福,6,0,6,凱基-北門,2024-09-02,9283
2883,凱基金,6,0,6,凱基-北門,2024-09-02,9283
6215,和椿,16,10,6,凱基-北門,2024-09-02,9283
6187,萬潤,15,10,5,凱基-北門,2024-09-02,9283
00687B,國泰20年美債,67,3,64,凱基-北門,2024-09-03,9283
5498,凱崴,60,0,60,凱基-北門,2024-09-03,9283
00882,中信中國高股息,50,10,40,凱基-北門,2024-09-03,9283
2356,英業達,39,1,38,凱基-北門,2024-09-03,9283
00632R,元大台灣50反1,32,5,27,凱基-北門,2024-09-03,9283
00953B,群益優選非投等債,22,0,22,凱基-北門,2024-09-03,9283
00713,元大台灣高息低波,21,0,21,凱基-北門,2024-09-03,9283
1905,華紙,20,0,20,凱基-北門,2024-09-03,9283
3062,建漢,18,1,17,凱基-北門,2024-09-03,9283
2031,新光鋼,16,0,16,凱基-北門,2024-09-03,9283
3047,訊舟,29,13,16,凱基-北門,2024-09-03,9283
6658,聯策,18,2,16,凱基-北門,2024-09-03,9283
00918,大華優利高填息30,15,0,15,凱基-北門,2024-09-03,9283
3323,加百裕,21,6,15,凱基-北門,2024-09-03,9283
5443,均豪,21,7,14,凱基-北門,2024-09-03,9283
1532,勤美,12,0,12,凱基-北門,2024-09-03,9283
6472,保瑞,12,0,12,凱基-北門,2024-09-03,9283
3037,欣興,16,5,11,凱基-北門,2024-09-03,9283
00959B,大華投等美債15Y+,10,0,10,凱基-北門,2024-09-03,9283
1314,中石化,10,0,10,凱基-北門,2024-09-03,9283
1326,台化,11,1,10,凱基-北門,2024-09-03,9283
2486,一詮,14,4,10,凱基-北門,2024-09-03,9283
3019,亞光,11,1,10,凱基-北門,2024-09-03,9283
3706,神達,10,0,10,凱基-北門,2024-09-03,9283
4714,永捷,10,0,10,凱基-北門,2024-09-03,9283
8089,康全電訊,9,0,9,凱基-北門,2024-09-03,9283
2408,南亞科,9,0,9,凱基-北門,2024-09-03,9283
4510,高鋒,12,3,9,凱基-北門,2024-09-03,9283
00915,凱基優選高股息30,10,2,8,凱基-北門,2024-09-03,9283
00680L,元大美債20正2,8,0,8,凱基-北門,2024-09-03,9283
3615,安可,8,0,8,凱基-北門,2024-09-03,9283
6770,力積電,8,0,8,凱基-北門,2024-09-03,9283
8011,台通,11,3,8,凱基-北門,2024-09-03,9283
2845,遠東銀,8,0,8,凱基-北門,2024-09-03,9283
8043,蜜望實,12,5,7,凱基-北門,2024-09-03,9283
2002,中鋼,6,0,6,凱基-北門,2024-09-03,9283
3374,精材,8,2,6,凱基-北門,2024-09-03,9283
2312,金寶,7,1,6,凱基-北門,2024-09-03,9283
6129,普誠,7,1,6,凱基-北門,2024-09-03,9283
8097,常珵,6,0,6,凱基-北門,2024-09-03,9283
00679B,元大美債20年,5,0,5,凱基-北門,2024-09-03,9283
1711,永光,5,0,5,凱基-北門,2024-09-03,9283
1737,臺鹽,5,0,5,凱基-北門,2024-09-03,9283
2633,台灣高鐵,5,0,5,凱基-北門,2024-09-03,9283
5340,建榮,5,0,5,凱基-北門,2024-09-03,9283
8908,欣雄,5,0,5,凱基-北門,2024-09-03,9283
2330,台積電,5,0,5,凱基-北門,2024-09-03,9283
6869,雲豹能源,4,0,4,凱基-北門,2024-09-03,9283
1536,和大,4,0,4,凱基-北門,2024-09-03,9283
1785,光洋科,10,6,4,凱基-北門,2024-09-03,9283
00715L,期街口布蘭特正2,214,2,212,凱基-北門,2024-09-04,9283
00915,凱基優選高股息30,96,10,86,凱基-北門,2024-09-04,9283
2883,凱基金,77,0,77,凱基-北門,2024-09-04,9283
00878,國泰永續高股息,75,2,73,凱基-北門,2024-09-04,9283
00918,大華優利高填息30,68,1,67,凱基-北門,2024-09-04,9283
00919,群益台灣精選高息,78,12,66,凱基-北門,2024-09-04,9283
6770,力積電,55,2,53,凱基-北門,2024-09-04,9283
00929,復華台灣科技優息,153,102,51,凱基-北門,2024-09-04,9283
2801,彰銀,48,0,48,凱基-北門,2024-09-04,9283
00641R,富邦日本反1,45,0,45,凱基-北門,2024-09-04,9283
00632R,元大台灣50反1,125,82,43,凱基-北門,2024-09-04,9283
2330,台積電,49,11,38,凱基-北門,2024-09-04,9283
00706L,期元大S＆P日圓正2,37,0,37,凱基-北門,2024-09-04,9283
1540,喬福,140,104,36,凱基-北門,2024-09-04,9283
2633,台灣高鐵,36,0,36,凱基-北門,2024-09-04,9283
00688L,國泰20年美債正2,50,20,30,凱基-北門,2024-09-04,9283
2402,毅嘉,28,2,26,凱基-北門,2024-09-04,9283
8028,昇陽半導體,34,8,26,凱基-北門,2024-09-04,9283
2317,鴻海,35,12,23,凱基-北門,2024-09-04,9283
00882,中信中國高股息,20,0,20,凱基-北門,2024-09-04,9283
006208,富邦台50,18,0,18,凱基-北門,2024-09-04,9283
1785,光洋科,18,0,18,凱基-北門,2024-09-04,9283
2349,錸德,20,2,18,凱基-北門,2024-09-04,9283
1789,神隆,17,0,17,凱基-北門,2024-09-04,9283
00713,元大台灣高息低波,17,1,16,凱基-北門,2024-09-04,9283
1301,台塑,16,0,16,凱基-北門,2024-09-04,9283
2891,中信金,16,0,16,凱基-北門,2024-09-04,9283
3037,欣興,15,0,15,凱基-北門,2024-09-04,9283
00953B,群益優選非投等債,15,0,15,凱基-北門,2024-09-04,9283
2527,宏璟,15,0,15,凱基-北門,2024-09-04,9283
6141,柏承,15,0,15,凱基-北門,2024-09-04,9283
3481,群創,16,1,15,凱基-北門,2024-09-04,9283
2812,台中銀,15,2,13,凱基-北門,2024-09-04,9283
3189,景碩,14,1,13,凱基-北門,2024-09-04,9283
6153,嘉聯益,12,0,12,凱基-北門,2024-09-04,9283
8070,長華*,13,1,12,凱基-北門,2024-09-04,9283
2376,技嘉,12,0,12,凱基-北門,2024-09-04,9283
1303,南亞,11,0,11,凱基-北門,2024-09-04,9283
0056,元大高股息,16,5,11,凱基-北門,2024-09-04,9283
00937B,群益ESG投等債20,11,0,11,凱基-北門,2024-09-04,9283
2031,新光鋼,11,0,11,凱基-北門,2024-09-04,9283
2002,中鋼,11,0,11,凱基-北門,2024-09-04,9283
2834,臺企銀,10,0,10,凱基-北門,2024-09-04,9283
2634,漢翔,10,0,10,凱基-北門,2024-09-04,9283
00877,復華中國5G,10,0,10,凱基-北門,2024-09-04,9283
00946,群益科技高息成長,10,0,10,凱基-北門,2024-09-04,9283
1776,展宇,10,0,10,凱基-北門,2024-09-04,9283
3479,安勤,11,1,10,凱基-北門,2024-09-04,9283
00881,國泰台灣5G+,9,0,9,凱基-北門,2024-09-04,9283
1326,台化,14,5,9,凱基-北門,2024-09-04,9283
00715L,期街口布蘭特正2,140,0,140,凱基-北門,2024-09-05,9283
00632R,元大台灣50反1,60,5,55,凱基-北門,2024-09-05,9283
00919,群益台灣精選高息,52,1,51,凱基-北門,2024-09-05,9283
3163,波若威,47,6,41,凱基-北門,2024-09-05,9283
1314,中石化,32,0,32,凱基-北門,2024-09-05,9283
5498,凱崴,30,0,30,凱基-北門,2024-09-05,9283
1609,大亞,28,0,28,凱基-北門,2024-09-05,9283
2344,華邦電,32,6,26,凱基-北門,2024-09-05,9283
00940,元大台灣價值高息,27,1,26,凱基-北門,2024-09-05,9283
00642U,期元大S＆P石油,26,0,26,凱基-北門,2024-09-05,9283
3354,律勝,21,0,21,凱基-北門,2024-09-05,9283
00918,大華優利高填息30,20,0,20,凱基-北門,2024-09-05,9283
2483,百容,20,0,20,凱基-北門,2024-09-05,9283
3289,宜特,20,0,20,凱基-北門,2024-09-05,9283
2867,三商壽,20,2,18,凱基-北門,2024-09-05,9283
4510,高鋒,31,15,16,凱基-北門,2024-09-05,9283
1513,中興電,18,3,15,凱基-北門,2024-09-05,9283
00641R,富邦日本反1,15,0,15,凱基-北門,2024-09-05,9283
00953B,群益優選非投等債,15,0,15,凱基-北門,2024-09-05,9283
1303,南亞,14,0,14,凱基-北門,2024-09-05,9283
3260,威剛,13,0,13,凱基-北門,2024-09-05,9283
3481,群創,18,6,12,凱基-北門,2024-09-05,9283
00959B,大華投等美債15Y+,12,0,12,凱基-北門,2024-09-05,9283
8096,擎亞,12,0,12,凱基-北門,2024-09-05,9283
2363,矽統,11,0,11,凱基-北門,2024-09-05,9283
2634,漢翔,11,0,11,凱基-北門,2024-09-05,9283
3037,欣興,14,3,11,凱基-北門,2024-09-05,9283
4303,信立,16,5,11,凱基-北門,2024-09-05,9283
2317,鴻海,14,4,10,凱基-北門,2024-09-05,9283
1301,台塑,10,0,10,凱基-北門,2024-09-05,9283
1326,台化,10,0,10,凱基-北門,2024-09-05,9283
2031,新光鋼,10,0,10,凱基-北門,2024-09-05,9283
2312,金寶,10,0,10,凱基-北門,2024-09-05,9283
2340,台亞,10,0,10,凱基-北門,2024-09-05,9283
3050,鈺德,10,0,10,凱基-北門,2024-09-05,9283
3339,泰谷,11,1,10,凱基-北門,2024-09-05,9283
3663,鑫科,12,2,10,凱基-北門,2024-09-05,9283
6505,台塑化,10,0,10,凱基-北門,2024-09-05,9283
1785,光洋科,15,6,9,凱基-北門,2024-09-05,9283
8908,欣雄,9,0,9,凱基-北門,2024-09-05,9283
6472,保瑞,10,2,8,凱基-北門,2024-09-05,9283
2408,南亞科,8,0,8,凱基-北門,2024-09-05,9283
8927,北基,8,0,8,凱基-北門,2024-09-05,9283
8028,昇陽半導體,8,1,7,凱基-北門,2024-09-05,9283
2402,毅嘉,7,0,7,凱基-北門,2024-09-05,9283
3581,博磊,11,4,7,凱基-北門,2024-09-05,9283
2887,台新金,6,0,6,凱基-北門,2024-09-05,9283
00679B,元大美債20年,10,4,6,凱基-北門,2024-09-05,9283
00731,復華富時高息低波,6,0,6,凱基-北門,2024-09-05,9283
1532,勤美,6,0,6,凱基-北門,2024-09-05,9283
00664R,國泰臺灣加權反1,404,10,394,凱基-北門,2024-09-06,9283
00706L,期元大S＆P日圓正2,101,5,96,凱基-北門,2024-09-06,9283
00940,元大台灣價值高息,61,0,61,凱基-北門,2024-09-06,9283
00680L,元大美債20正2,57,6,51,凱基-北門,2024-09-06,9283
00946,群益科技高息成長,45,0,45,凱基-北門,2024-09-06,9283
00715L,期街口布蘭特正2,45,0,45,凱基-北門,2024-09-06,9283
00935,野村臺灣新科技50,36,0,36,凱基-北門,2024-09-06,9283
00688L,國泰20年美債正2,50,14,36,凱基-北門,2024-09-06,9283
00919,群益台灣精選高息,35,1,34,凱基-北門,2024-09-06,9283
00948B,中信優息投資級債,30,0,30,凱基-北門,2024-09-06,9283
00933B,國泰10Y+金融債,27,0,27,凱基-北門,2024-09-06,9283
5488,松普,25,0,25,凱基-北門,2024-09-06,9283
00679B,元大美債20年,23,2,21,凱基-北門,2024-09-06,9283
00929,復華台灣科技優息,20,0,20,凱基-北門,2024-09-06,9283
2888,新光金,200,180,20,凱基-北門,2024-09-06,9283
00937B,群益ESG投等債20,17,0,17,凱基-北門,2024-09-06,9283
00725B,國泰投資級公司債,15,0,15,凱基-北門,2024-09-06,9283
1314,中石化,15,0,15,凱基-北門,2024-09-06,9283
00953B,群益優選非投等債,14,0,14,凱基-北門,2024-09-06,9283
2367,燿華,12,0,12,凱基-北門,2024-09-06,9283
00877,復華中國5G,11,0,11,凱基-北門,2024-09-06,9283
00830,國泰費城半導體,11,0,11,凱基-北門,2024-09-06,9283
3689,湧德,11,0,11,凱基-北門,2024-09-06,9283
2258,鴻華先進-創,10,0,10,凱基-北門,2024-09-06,9283
2457,飛宏,10,0,10,凱基-北門,2024-09-06,9283
2464,盟立,15,5,10,凱基-北門,2024-09-06,9283
2736,富野,10,0,10,凱基-北門,2024-09-06,9283
5519,隆大,10,0,10,凱基-北門,2024-09-06,9283
6589,台康生技,10,0,10,凱基-北門,2024-09-06,9283
00918,大華優利高填息30,10,0,10,凱基-北門,2024-09-06,9283
3362,先進光,8,0,8,凱基-北門,2024-09-06,9283
00952,凱基台灣AI50,31,23,8,凱基-北門,2024-09-06,9283
6213,聯茂,10,3,7,凱基-北門,2024-09-06,9283
3580,友威科,16,10,6,凱基-北門,2024-09-06,9283
00642U,期元大S＆P石油,6,0,6,凱基-北門,2024-09-06,9283
00751B,元大AAA至A公司債,8,2,6,凱基-北門,2024-09-06,9283
00795B,中信美國公債20年,11,5,6,凱基-北門,2024-09-06,9283
2105,正新,6,0,6,凱基-北門,2024-09-06,9283
5340,建榮,6,0,6,凱基-北門,2024-09-06,9283
2317,鴻海,7,2,5,凱基-北門,2024-09-06,9283
00724B,群益投資級金融債,5,0,5,凱基-北門,2024-09-06,9283
1440,南紡,5,0,5,凱基-北門,2024-09-06,9283
1789,神隆,5,0,5,凱基-北門,2024-09-06,9283
3037,欣興,5,0,5,凱基-北門,2024-09-06,9283
3260,威剛,5,0,5,凱基-北門,2024-09-06,9283
3711,日月光投控,5,0,5,凱基-北門,2024-09-06,9283
2002,中鋼,5,1,4,凱基-北門,2024-09-06,9283
2312,金寶,7,3,4,凱基-北門,2024-09-06,9283
2497,怡利電,7,3,4,凱基-北門,2024-09-06,9283
2891,中信金,4,0,4,凱基-北門,2024-09-06,9283
00687B,國泰20年美債,237,24,213,凱基-北門,2024-09-09,9283
00715L,期街口布蘭特正2,80,0,80,凱基-北門,2024-09-09,9283
00919,群益台灣精選高息,74,1,73,凱基-北門,2024-09-09,9283
2313,華通,72,1,71,凱基-北門,2024-09-09,9283
2888,新光金,200,134,66,凱基-北門,2024-09-09,9283
5498,凱崴,59,0,59,凱基-北門,2024-09-09,9283
00929,復華台灣科技優息,52,2,50,凱基-北門,2024-09-09,9283
00930,永豐ESG低碳高息,50,0,50,凱基-北門,2024-09-09,9283
00915,凱基優選高股息30,49,0,49,凱基-北門,2024-09-09,9283
00878,國泰永續高股息,46,6,40,凱基-北門,2024-09-09,9283
2891,中信金,34,0,34,凱基-北門,2024-09-09,9283
00654R,富邦印度反1,30,0,30,凱基-北門,2024-09-09,9283
00764B,群益25年美債,25,0,25,凱基-北門,2024-09-09,9283
2382,廣達,54,30,24,凱基-北門,2024-09-09,9283
2801,彰銀,22,0,22,凱基-北門,2024-09-09,9283
3081,聯亞,22,0,22,凱基-北門,2024-09-09,9283
2367,燿華,21,0,21,凱基-北門,2024-09-09,9283
6215,和椿,22,1,21,凱基-北門,2024-09-09,9283
3481,群創,30,10,20,凱基-北門,2024-09-09,9283
00688L,國泰20年美債正2,19,0,19,凱基-北門,2024-09-09,9283
4510,高鋒,18,1,17,凱基-北門,2024-09-09,9283
5488,松普,16,0,16,凱基-北門,2024-09-09,9283
2330,台積電,18,2,16,凱基-北門,2024-09-09,9283
00933B,國泰10Y+金融債,15,0,15,凱基-北門,2024-09-09,9283
00918,大華優利高填息30,14,0,14,凱基-北門,2024-09-09,9283
00951,台新日本半導體,19,5,14,凱基-北門,2024-09-09,9283
3033,威健,13,0,13,凱基-北門,2024-09-09,9283
1808,潤隆,12,0,12,凱基-北門,2024-09-09,9283
2881,富邦金,12,0,12,凱基-北門,2024-09-09,9283
00725B,國泰投資級公司債,13,2,11,凱基-北門,2024-09-09,9283
2467,志聖,11,0,11,凱基-北門,2024-09-09,9283
6505,台塑化,10,0,10,凱基-北門,2024-09-09,9283
2317,鴻海,27,17,10,凱基-北門,2024-09-09,9283
1326,台化,10,0,10,凱基-北門,2024-09-09,9283
4157,太景*-KY,10,0,10,凱基-北門,2024-09-09,9283
00706L,期元大S＆P日圓正2,10,0,10,凱基-北門,2024-09-09,9283
00948B,中信優息投資級債,10,0,10,凱基-北門,2024-09-09,9283
3050,鈺德,10,0,10,凱基-北門,2024-09-09,9283
3294,英濟,10,0,10,凱基-北門,2024-09-09,9283
3518,柏騰,10,0,10,凱基-北門,2024-09-09,9283
6472,保瑞,10,1,9,凱基-北門,2024-09-09,9283
00830,國泰費城半導體,9,0,9,凱基-北門,2024-09-09,9283
00675L,富邦臺灣加權正2,9,0,9,凱基-北門,2024-09-09,9283
00946,群益科技高息成長,10,2,8,凱基-北門,2024-09-09,9283
3548,兆利,12,4,8,凱基-北門,2024-09-09,9283
006208,富邦台50,9,1,8,凱基-北門,2024-09-09,9283
00881,國泰台灣5G+,7,0,7,凱基-北門,2024-09-09,9283
2812,台中銀,7,0,7,凱基-北門,2024-09-09,9283
3231,緯創,8,2,6,凱基-北門,2024-09-09,9283
9945,潤泰新,6,0,6,凱基-北門,2024-09-09,9283
00687B,國泰20年美債,206,18,188,凱基-北門,2024-09-10,9283
00929,復華台灣科技優息,143,0,143,凱基-北門,2024-09-10,9283
00940,元大台灣價值高息,102,3,99,凱基-北門,2024-09-10,9283
00919,群益台灣精選高息,99,0,99,凱基-北門,2024-09-10,9283
4720,德淵,90,0,90,凱基-北門,2024-09-10,9283
2610,華航,75,0,75,凱基-北門,2024-09-10,9283
2313,華通,78,10,68,凱基-北門,2024-09-10,9283
00933B,國泰10Y+金融債,65,0,65,凱基-北門,2024-09-10,9283
2891,中信金,63,2,61,凱基-北門,2024-09-10,9283
1609,大亞,50,2,48,凱基-北門,2024-09-10,9283
00688L,國泰20年美債正2,39,6,33,凱基-北門,2024-09-10,9283
3047,訊舟,29,4,25,凱基-北門,2024-09-10,9283
1785,光洋科,29,6,23,凱基-北門,2024-09-10,9283
00878,國泰永續高股息,22,0,22,凱基-北門,2024-09-10,9283
2014,中鴻,20,0,20,凱基-北門,2024-09-10,9283
8390,金益鼎,20,0,20,凱基-北門,2024-09-10,9283
00680L,元大美債20正2,30,12,18,凱基-北門,2024-09-10,9283
6219,富旺,18,0,18,凱基-北門,2024-09-10,9283
4510,高鋒,34,17,17,凱基-北門,2024-09-10,9283
5871,中租-KY,19,3,16,凱基-北門,2024-09-10,9283
2483,百容,15,0,15,凱基-北門,2024-09-10,9283
2356,英業達,14,0,14,凱基-北門,2024-09-10,9283
3025,星通,14,0,14,凱基-北門,2024-09-10,9283
2382,廣達,25,11,14,凱基-北門,2024-09-10,9283
2317,鴻海,19,6,13,凱基-北門,2024-09-10,9283
1711,永光,13,1,12,凱基-北門,2024-09-10,9283
00795B,中信美國公債20年,12,0,12,凱基-北門,2024-09-10,9283
2365,昆盈,11,0,11,凱基-北門,2024-09-10,9283
3033,威健,11,0,11,凱基-北門,2024-09-10,9283
3078,僑威,11,0,11,凱基-北門,2024-09-10,9283
6152,百一,11,0,11,凱基-北門,2024-09-10,9283
0056,元大高股息,10,0,10,凱基-北門,2024-09-10,9283
00927,群益半導體收益,10,0,10,凱基-北門,2024-09-10,9283
00948B,中信優息投資級債,10,0,10,凱基-北門,2024-09-10,9283
1605,華新,10,0,10,凱基-北門,2024-09-10,9283
2031,新光鋼,10,0,10,凱基-北門,2024-09-10,9283
3284,太普高,15,5,10,凱基-北門,2024-09-10,9283
6763,綠界科技*,10,0,10,凱基-北門,2024-09-10,9283
2883,凱基金,10,1,9,凱基-北門,2024-09-10,9283
4958,臻鼎-KY,9,0,9,凱基-北門,2024-09-10,9283
2497,怡利電,14,5,9,凱基-北門,2024-09-10,9283
00881,國泰台灣5G+,8,0,8,凱基-北門,2024-09-10,9283
00941,中信上游半導體,8,0,8,凱基-北門,2024-09-10,9283
2464,盟立,10,2,8,凱基-北門,2024-09-10,9283
6530,創威,11,3,8,凱基-北門,2024-09-10,9283
3481,群創,8,0,8,凱基-北門,2024-09-10,9283
2402,毅嘉,7,0,7,凱基-北門,2024-09-10,9283
3171,炎洲流通,7,0,7,凱基-北門,2024-09-10,9283
3645,達邁,8,1,7,凱基-北門,2024-09-10,9283
6969,成信實業*-創,7,0,7,凱基-北門,2024-09-10,9283
00688L,國泰20年美債正2,105,10,95,凱基-北門,2024-09-11,9283
00937B,群益ESG投等債20,91,21,70,凱基-北門,2024-09-11,9283
00929,復華台灣科技優息,143,81,62,凱基-北門,2024-09-11,9283
00687B,國泰20年美債,96,52,44,凱基-北門,2024-09-11,9283
1522,堤維西,37,4,33,凱基-北門,2024-09-11,9283
2834,臺企銀,30,0,30,凱基-北門,2024-09-11,9283
3163,波若威,30,3,27,凱基-北門,2024-09-11,9283
00878,國泰永續高股息,27,0,27,凱基-北門,2024-09-11,9283
2891,中信金,27,0,27,凱基-北門,2024-09-11,9283
00918,大華優利高填息30,26,0,26,凱基-北門,2024-09-11,9283
00948B,中信優息投資級債,25,0,25,凱基-北門,2024-09-11,9283
2801,彰銀,25,0,25,凱基-北門,2024-09-11,9283
00642U,期元大S＆P石油,21,0,21,凱基-北門,2024-09-11,9283
00945B,凱基美國非投等債,20,0,20,凱基-北門,2024-09-11,9283
00921,兆豐龍頭等權重,20,0,20,凱基-北門,2024-09-11,9283
00919,群益台灣精選高息,19,0,19,凱基-北門,2024-09-11,9283
2409,友達,18,1,17,凱基-北門,2024-09-11,9283
0056,元大高股息,15,0,15,凱基-北門,2024-09-11,9283
00952,凱基台灣AI50,14,1,13,凱基-北門,2024-09-11,9283
00712,復華富時不動產,13,0,13,凱基-北門,2024-09-11,9283
2610,華航,14,1,13,凱基-北門,2024-09-11,9283
6241,易通展,12,0,12,凱基-北門,2024-09-11,9283
4933,友輝,11,0,11,凱基-北門,2024-09-11,9283
8054,安國,11,0,11,凱基-北門,2024-09-11,9283
00665L,富邦�琤肭磪囓�2,10,0,10,凱基-北門,2024-09-11,9283
00915,凱基優選高股息30,10,0,10,凱基-北門,2024-09-11,9283
2014,中鴻,10,0,10,凱基-北門,2024-09-11,9283
2438,翔耀,10,0,10,凱基-北門,2024-09-11,9283
2883,凱基金,10,0,10,凱基-北門,2024-09-11,9283
6743,安普新,6,0,6,凱基-北門,2024-09-11,9283
2881,富邦金,6,0,6,凱基-北門,2024-09-11,9283
00922,國泰台灣領袖50,6,0,6,凱基-北門,2024-09-11,9283
2031,新光鋼,6,0,6,凱基-北門,2024-09-11,9283
3511,矽瑪,6,0,6,凱基-北門,2024-09-11,9283
8043,蜜望實,12,6,6,凱基-北門,2024-09-11,9283
00900,富邦特選高股息30,6,0,6,凱基-北門,2024-09-11,9283
00632R,元大台灣50反1,5,0,5,凱基-北門,2024-09-11,9283
1785,光洋科,5,0,5,凱基-北門,2024-09-11,9283
2356,英業達,5,0,5,凱基-北門,2024-09-11,9283
2364,倫飛,6,1,5,凱基-北門,2024-09-11,9283
2417,圓剛,5,0,5,凱基-北門,2024-09-11,9283
2425,承啟,5,0,5,凱基-北門,2024-09-11,9283
2440,太空梭,5,0,5,凱基-北門,2024-09-11,9283
2464,盟立,8,3,5,凱基-北門,2024-09-11,9283
2520,冠德,5,0,5,凱基-北門,2024-09-11,9283
2618,長榮航,7,2,5,凱基-北門,2024-09-11,9283
2889,國票金,5,0,5,凱基-北門,2024-09-11,9283
4542,科嶠,5,0,5,凱基-北門,2024-09-11,9283
4935,茂林-KY,5,0,5,凱基-北門,2024-09-11,9283
5483,中美晶,4,0,4,凱基-北門,2024-09-11,9283
00688L,國泰20年美債正2,134,0,134,凱基-北門,2024-09-12,9283
2888,新光金,181,109,72,凱基-北門,2024-09-12,9283
00937B,群益ESG投等債20,56,0,56,凱基-北門,2024-09-12,9283
00948B,中信優息投資級債,50,0,50,凱基-北門,2024-09-12,9283
2399,映泰,48,3,45,凱基-北門,2024-09-12,9283
00632R,元大台灣50反1,35,0,35,凱基-北門,2024-09-12,9283
2887,台新金,28,0,28,凱基-北門,2024-09-12,9283
00878,國泰永續高股息,22,0,22,凱基-北門,2024-09-12,9283
00715L,期街口布蘭特正2,23,1,22,凱基-北門,2024-09-12,9283
6194,育富,23,7,16,凱基-北門,2024-09-12,9283
6770,力積電,16,1,15,凱基-北門,2024-09-12,9283
00679B,元大美債20年,27,12,15,凱基-北門,2024-09-12,9283
5460,同協,15,3,12,凱基-北門,2024-09-12,9283
1522,堤維西,10,0,10,凱基-北門,2024-09-12,9283
1710,東聯,10,0,10,凱基-北門,2024-09-12,9283
2610,華航,10,0,10,凱基-北門,2024-09-12,9283
2883,凱基金,10,0,10,凱基-北門,2024-09-12,9283
0056,元大高股息,11,2,9,凱基-北門,2024-09-12,9283
00713,元大台灣高息低波,7,0,7,凱基-北門,2024-09-12,9283
4526,東台,6,0,6,凱基-北門,2024-09-12,9283
6603,富強鑫,6,0,6,凱基-北門,2024-09-12,9283
9921,巨大,6,0,6,凱基-北門,2024-09-12,9283
2376,技嘉,6,0,6,凱基-北門,2024-09-12,9283
00779B,凱基美債25+,5,0,5,凱基-北門,2024-09-12,9283
00696B,富邦美債20年,5,0,5,凱基-北門,2024-09-12,9283
00945B,凱基美國非投等債,5,0,5,凱基-北門,2024-09-12,9283
1467,南緯,5,0,5,凱基-北門,2024-09-12,9283
2258,鴻華先進-創,5,0,5,凱基-北門,2024-09-12,9283
2425,承啟,5,0,5,凱基-北門,2024-09-12,9283
2801,彰銀,5,0,5,凱基-北門,2024-09-12,9283
3062,建漢,5,0,5,凱基-北門,2024-09-12,9283
3673,TPK-KY,5,0,5,凱基-北門,2024-09-12,9283
4906,正文,5,0,5,凱基-北門,2024-09-12,9283
1785,光洋科,7,2,5,凱基-北門,2024-09-12,9283
6125,廣運,6,1,5,凱基-北門,2024-09-12,9283
00680L,元大美債20正2,4,0,4,凱基-北門,2024-09-12,9283
00764B,群益25年美債,5,1,4,凱基-北門,2024-09-12,9283
00900,富邦特選高股息30,4,0,4,凱基-北門,2024-09-12,9283
4562,穎漢,7,3,4,凱基-北門,2024-09-12,9283
4741,泓瀚,6,2,4,凱基-北門,2024-09-12,9283
6279,胡連,4,0,4,凱基-北門,2024-09-12,9283
5443,均豪,22,18,4,凱基-北門,2024-09-12,9283
2891,中信金,14,10,4,凱基-北門,2024-09-12,9283
1609,大亞,3,0,3,凱基-北門,2024-09-12,9283
00931B,統一美債20年,3,0,3,凱基-北門,2024-09-12,9283
2002A,中鋼特,3,0,3,凱基-北門,2024-09-12,9283
2387,精元,3,0,3,凱基-北門,2024-09-12,9283
2392,正崴,4,1,3,凱基-北門,2024-09-12,9283
2497,怡利電,19,16,3,凱基-北門,2024-09-12,9283
3035,智原,6,3,3,凱基-北門,2024-09-12,9283
6405,悅城,108,13,95,凱基-北門,2024-09-13,9283
4720,德淵,50,0,50,凱基-北門,2024-09-13,9283
1319,東陽,42,1,41,凱基-北門,2024-09-13,9283
00679B,元大美債20年,39,3,36,凱基-北門,2024-09-13,9283
00948B,中信優息投資級債,30,0,30,凱基-北門,2024-09-13,9283
8070,長華*,35,7,28,凱基-北門,2024-09-13,9283
00687B,國泰20年美債,53,28,25,凱基-北門,2024-09-13,9283
2891,中信金,21,1,20,凱基-北門,2024-09-13,9283
00951,台新日本半導體,20,0,20,凱基-北門,2024-09-13,9283
3354,律勝,21,1,20,凱基-北門,2024-09-13,9283
6241,易通展,20,0,20,凱基-北門,2024-09-13,9283
00929,復華台灣科技優息,20,0,20,凱基-北門,2024-09-13,9283
3149,正達,25,6,19,凱基-北門,2024-09-13,9283
5488,松普,16,0,16,凱基-北門,2024-09-13,9283
2382,廣達,14,1,13,凱基-北門,2024-09-13,9283
3167,大量,15,4,11,凱基-北門,2024-09-13,9283
4510,高鋒,36,26,10,凱基-北門,2024-09-13,9283
00915,凱基優選高股息30,10,0,10,凱基-北門,2024-09-13,9283
00953B,群益優選非投等債,10,0,10,凱基-北門,2024-09-13,9283
4526,東台,10,0,10,凱基-北門,2024-09-13,9283
4979,華星光,18,8,10,凱基-北門,2024-09-13,9283
00934,中信成長高股息,8,0,8,凱基-北門,2024-09-13,9283
1789,神隆,8,0,8,凱基-北門,2024-09-13,9283
00945B,凱基美國非投等債,6,0,6,凱基-北門,2024-09-13,9283
00779B,凱基美債25+,5,0,5,凱基-北門,2024-09-13,9283
00900,富邦特選高股息30,5,0,5,凱基-北門,2024-09-13,9283
00764B,群益25年美債,5,0,5,凱基-北門,2024-09-13,9283
00724B,群益投資級金融債,5,0,5,凱基-北門,2024-09-13,9283
1416,廣豐,5,0,5,凱基-北門,2024-09-13,9283
1467,南緯,5,0,5,凱基-北門,2024-09-13,9283
3548,兆利,8,3,5,凱基-北門,2024-09-13,9283
3673,TPK-KY,5,0,5,凱基-北門,2024-09-13,9283
4958,臻鼎-KY,5,0,5,凱基-北門,2024-09-13,9283
1540,喬福,9,4,5,凱基-北門,2024-09-13,9283
1711,永光,5,1,4,凱基-北門,2024-09-13,9283
0056,元大高股息,4,0,4,凱基-北門,2024-09-13,9283
00720B,元大投資級公司債,4,0,4,凱基-北門,2024-09-13,9283
00713,元大台灣高息低波,4,0,4,凱基-北門,2024-09-13,9283
2070,精湛,13,9,4,凱基-北門,2024-09-13,9283
2497,怡利電,24,20,4,凱基-北門,2024-09-13,9283
2801,彰銀,5,1,4,凱基-北門,2024-09-13,9283
4534,慶騰,4,0,4,凱基-北門,2024-09-13,9283
4576,大銀微系統,6,2,4,凱基-北門,2024-09-13,9283
4977,眾達-KY,9,5,4,凱基-北門,2024-09-13,9283
6609,瀧澤科,7,3,4,凱基-北門,2024-09-13,9283
2388,威盛,10,6,4,凱基-北門,2024-09-13,9283
6104,創惟,9,6,3,凱基-北門,2024-09-13,9283
00933B,國泰10Y+金融債,3,0,3,凱基-北門,2024-09-13,9283
00918,大華優利高填息30,3,0,3,凱基-北門,2024-09-13,9283
00882,中信中國高股息,3,0,3,凱基-北門,2024-09-13,9283
00687B,國泰20年美債,165,8,157,凱基-北門,2024-09-16,9283
1314,中石化,83,0,83,凱基-北門,2024-09-16,9283
00948B,中信優息投資級債,75,0,75,凱基-北門,2024-09-16,9283
00953B,群益優選非投等債,72,0,72,凱基-北門,2024-09-16,9283
00929,復華台灣科技優息,54,0,54,凱基-北門,2024-09-16,9283
0056,元大高股息,46,0,46,凱基-北門,2024-09-16,9283
00679B,元大美債20年,42,0,42,凱基-北門,2024-09-16,9283
00632R,元大台灣50反1,39,0,39,凱基-北門,2024-09-16,9283
2867,三商壽,41,2,39,凱基-北門,2024-09-16,9283
00882,中信中國高股息,35,1,34,凱基-北門,2024-09-16,9283
00712,復華富時不動產,30,0,30,凱基-北門,2024-09-16,9283
00637L,元大滬深300正2,50,22,28,凱基-北門,2024-09-16,9283
3062,建漢,41,14,27,凱基-北門,2024-09-16,9283
3360,尚立,47,22,25,凱基-北門,2024-09-16,9283
3550,聯穎,36,12,24,凱基-北門,2024-09-16,9283
2888,新光金,56,33,23,凱基-北門,2024-09-16,9283
00930,永豐ESG低碳高息,20,0,20,凱基-北門,2024-09-16,9283
00915,凱基優選高股息30,19,0,19,凱基-北門,2024-09-16,9283
6148,驊宏資,18,0,18,凱基-北門,2024-09-16,9283
00715L,期街口布蘭特正2,37,20,17,凱基-北門,2024-09-16,9283
00945B,凱基美國非投等債,16,0,16,凱基-北門,2024-09-16,9283
00720B,元大投資級公司債,15,0,15,凱基-北門,2024-09-16,9283
00952,凱基台灣AI50,17,2,15,凱基-北門,2024-09-16,9283
6550,北極星藥業-KY,12,0,12,凱基-北門,2024-09-16,9283
4903,聯光通,13,2,11,凱基-北門,2024-09-16,9283
3167,大量,12,3,9,凱基-北門,2024-09-16,9283
00764B,群益25年美債,9,0,9,凱基-北門,2024-09-16,9283
3715,定穎投控,10,1,9,凱基-北門,2024-09-16,9283
3714,富采,8,0,8,凱基-北門,2024-09-16,9283
00919,群益台灣精選高息,9,1,8,凱基-北門,2024-09-16,9283
00779B,凱基美債25+,7,0,7,凱基-北門,2024-09-16,9283
4510,高鋒,104,97,7,凱基-北門,2024-09-16,9283
6405,悅城,13,6,7,凱基-北門,2024-09-16,9283
00878,國泰永續高股息,14,7,7,凱基-北門,2024-09-16,9283
2449,京元電子,7,1,6,凱基-北門,2024-09-16,9283
2002,中鋼,6,0,6,凱基-北門,2024-09-16,9283
00918,大華優利高填息30,5,0,5,凱基-北門,2024-09-16,9283
00688L,國泰20年美債正2,5,0,5,凱基-北門,2024-09-16,9283
1789,神隆,5,0,5,凱基-北門,2024-09-16,9283
2438,翔耀,5,0,5,凱基-北門,2024-09-16,9283
2889,國票金,5,0,5,凱基-北門,2024-09-16,9283
3339,泰谷,5,0,5,凱基-北門,2024-09-16,9283
4956,光鋐,5,0,5,凱基-北門,2024-09-16,9283
5340,建榮,5,0,5,凱基-北門,2024-09-16,9283
5876,上海商銀,5,0,5,凱基-北門,2024-09-16,9283
6869,雲豹能源,7,2,5,凱基-北門,2024-09-16,9283
00665L,富邦�琤肭磪囓�2,5,1,4,凱基-北門,2024-09-16,9283
1217,愛之味,4,0,4,凱基-北門,2024-09-16,9283
2801,彰銀,4,0,4,凱基-北門,2024-09-16,9283
6419,京晨科,4,0,4,凱基-北門,2024-09-16,9283
2888,新光金,348,50,298,凱基-北門,2024-09-18,9283
00929,復華台灣科技優息,134,0,134,凱基-北門,2024-09-18,9283
00937B,群益ESG投等債20,96,2,94,凱基-北門,2024-09-18,9283
00706L,期元大S＆P日圓正2,60,0,60,凱基-北門,2024-09-18,9283
00943,兆豐電子高息等權,50,0,50,凱基-北門,2024-09-18,9283
2883,凱基金,50,0,50,凱基-北門,2024-09-18,9283
3049,精金,50,1,49,凱基-北門,2024-09-18,9283
1301,台塑,37,1,36,凱基-北門,2024-09-18,9283
00687B,國泰20年美債,34,2,32,凱基-北門,2024-09-18,9283
2344,華邦電,33,1,32,凱基-北門,2024-09-18,9283
5488,松普,30,0,30,凱基-北門,2024-09-18,9283
00713,元大台灣高息低波,27,0,27,凱基-北門,2024-09-18,9283
2618,長榮航,27,6,21,凱基-北門,2024-09-18,9283
00915,凱基優選高股息30,23,5,18,凱基-北門,2024-09-18,9283
00918,大華優利高填息30,15,0,15,凱基-北門,2024-09-18,9283
00946,群益科技高息成長,14,0,14,凱基-北門,2024-09-18,9283
00878,國泰永續高股息,12,0,12,凱基-北門,2024-09-18,9283
2356,英業達,12,0,12,凱基-北門,2024-09-18,9283
00952,凱基台灣AI50,22,10,12,凱基-北門,2024-09-18,9283
6187,萬潤,19,7,12,凱基-北門,2024-09-18,9283
2887,台新金,11,0,11,凱基-北門,2024-09-18,9283
4711,永純,11,0,11,凱基-北門,2024-09-18,9283
8086,宏捷科,11,0,11,凱基-北門,2024-09-18,9283
2351,順德,11,0,11,凱基-北門,2024-09-18,9283
00712,復華富時不動產,10,0,10,凱基-北門,2024-09-18,9283
2228,劍麟,10,0,10,凱基-北門,2024-09-18,9283
2431,聯昌,10,0,10,凱基-北門,2024-09-18,9283
3543,州巧,10,0,10,凱基-北門,2024-09-18,9283
6743,安普新,10,0,10,凱基-北門,2024-09-18,9283
9105,泰金寶-DR,10,0,10,凱基-北門,2024-09-18,9283
4958,臻鼎-KY,9,0,9,凱基-北門,2024-09-18,9283
4903,聯光通,17,8,9,凱基-北門,2024-09-18,9283
3062,建漢,39,31,8,凱基-北門,2024-09-18,9283
6279,胡連,8,0,8,凱基-北門,2024-09-18,9283
3035,智原,9,2,7,凱基-北門,2024-09-18,9283
2201,裕隆,7,0,7,凱基-北門,2024-09-18,9283
2426,鼎元,7,0,7,凱基-北門,2024-09-18,9283
2317,鴻海,21,14,7,凱基-北門,2024-09-18,9283
6116,彩晶,7,0,7,凱基-北門,2024-09-18,9283
00919,群益台灣精選高息,19,12,7,凱基-北門,2024-09-18,9283
00688L,國泰20年美債正2,14,8,6,凱基-北門,2024-09-18,9283
2610,華航,6,0,6,凱基-北門,2024-09-18,9283
4545,銘鈺,6,0,6,凱基-北門,2024-09-18,9283
4576,大銀微系統,7,1,6,凱基-北門,2024-09-18,9283
4716,大立,7,1,6,凱基-北門,2024-09-18,9283
2504,國產,6,0,6,凱基-北門,2024-09-18,9283
6104,創惟,11,6,5,凱基-北門,2024-09-18,9283
2449,京元電子,5,0,5,凱基-北門,2024-09-18,9283
00722B,群益投資級電信債,5,0,5,凱基-北門,2024-09-18,9283
00933B,國泰10Y+金融債,5,0,5,凱基-北門,2024-09-18,9283
00706L,期元大S＆P日圓正2,120,60,60,凱基-北門,2024-09-19,9283
00915,凱基優選高股息30,38,0,38,凱基-北門,2024-09-19,9283
00679B,元大美債20年,38,1,37,凱基-北門,2024-09-19,9283
00929,復華台灣科技優息,34,0,34,凱基-北門,2024-09-19,9283
00687B,國泰20年美債,33,1,32,凱基-北門,2024-09-19,9283
2610,華航,31,1,30,凱基-北門,2024-09-19,9283
8390,金益鼎,30,0,30,凱基-北門,2024-09-19,9283
00919,群益台灣精選高息,29,0,29,凱基-北門,2024-09-19,9283
00918,大華優利高填息30,27,0,27,凱基-北門,2024-09-19,9283
4716,大立,40,15,25,凱基-北門,2024-09-19,9283
00751B,元大AAA至A公司債,22,0,22,凱基-北門,2024-09-19,9283
6712,長聖,22,0,22,凱基-北門,2024-09-19,9283
8421,旭源,27,5,22,凱基-北門,2024-09-19,9283
2382,廣達,20,0,20,凱基-北門,2024-09-19,9283
00712,復華富時不動產,20,0,20,凱基-北門,2024-09-19,9283
2317,鴻海,22,2,20,凱基-北門,2024-09-19,9283
4903,聯光通,23,5,18,凱基-北門,2024-09-19,9283
3049,精金,34,17,17,凱基-北門,2024-09-19,9283
3645,達邁,17,0,17,凱基-北門,2024-09-19,9283
2312,金寶,15,0,15,凱基-北門,2024-09-19,9283
00680L,元大美債20正2,19,6,13,凱基-北門,2024-09-19,9283
00688L,國泰20年美債正2,13,0,13,凱基-北門,2024-09-19,9283
8927,北基,13,0,13,凱基-北門,2024-09-19,9283
00877,復華中國5G,11,0,11,凱基-北門,2024-09-19,9283
4906,正文,11,0,11,凱基-北門,2024-09-19,9283
00948B,中信優息投資級債,10,0,10,凱基-北門,2024-09-19,9283
6116,彩晶,10,0,10,凱基-北門,2024-09-19,9283
1582,信錦,10,0,10,凱基-北門,2024-09-19,9283
4938,和碩,10,0,10,凱基-北門,2024-09-19,9283
6219,富旺,12,2,10,凱基-北門,2024-09-19,9283
2014,中鴻,10,1,9,凱基-北門,2024-09-19,9283
6288,聯嘉,11,2,9,凱基-北門,2024-09-19,9283
00779B,凱基美債25+,8,0,8,凱基-北門,2024-09-19,9283
2498,宏達電,9,1,8,凱基-北門,2024-09-19,9283
00720B,元大投資級公司債,7,0,7,凱基-北門,2024-09-19,9283
6609,瀧澤科,11,4,7,凱基-北門,2024-09-19,9283
8054,安國,6,0,6,凱基-北門,2024-09-19,9283
4729,熒茂,7,1,6,凱基-北門,2024-09-19,9283
9105,泰金寶-DR,6,0,6,凱基-北門,2024-09-19,9283
00937B,群益ESG投等債20,5,0,5,凱基-北門,2024-09-19,9283
00933B,國泰10Y+金融債,5,0,5,凱基-北門,2024-09-19,9283
00830,國泰費城半導體,5,0,5,凱基-北門,2024-09-19,9283
00795B,中信美國公債20年,5,0,5,凱基-北門,2024-09-19,9283
00764B,群益25年美債,5,0,5,凱基-北門,2024-09-19,9283
00923,群益台ESG低碳50,5,0,5,凱基-北門,2024-09-19,9283
2364,倫飛,5,0,5,凱基-北門,2024-09-19,9283
2707,晶華,5,0,5,凱基-北門,2024-09-19,9283
3294,英濟,5,0,5,凱基-北門,2024-09-19,9283
5371,中光電,5,0,5,凱基-北門,2024-09-19,9283
6606,建德工業,5,0,5,凱基-北門,2024-09-19,9283
3481,群創,102,9,93,凱基-北門,2024-09-20,9283
00919,群益台灣精選高息,85,4,81,凱基-北門,2024-09-20,9283
2883,凱基金,62,2,60,凱基-北門,2024-09-20,9283
8070,長華*,57,3,54,凱基-北門,2024-09-20,9283
00632R,元大台灣50反1,51,0,51,凱基-北門,2024-09-20,9283
00948B,中信優息投資級債,50,0,50,凱基-北門,2024-09-20,9283
00929,復華台灣科技優息,62,14,48,凱基-北門,2024-09-20,9283
00687B,國泰20年美債,46,0,46,凱基-北門,2024-09-20,9283
6425,易發,38,5,33,凱基-北門,2024-09-20,9283
2603,長榮,32,2,30,凱基-北門,2024-09-20,9283
00915,凱基優選高股息30,32,2,30,凱基-北門,2024-09-20,9283
3163,波若威,30,0,30,凱基-北門,2024-09-20,9283
6606,建德工業,21,0,21,凱基-北門,2024-09-20,9283
8927,北基,21,0,21,凱基-北門,2024-09-20,9283
1735,日勝化,20,0,20,凱基-北門,2024-09-20,9283
3543,州巧,20,0,20,凱基-北門,2024-09-20,9283
3645,達邁,20,0,20,凱基-北門,2024-09-20,9283
2449,京元電子,35,16,19,凱基-北門,2024-09-20,9283
2880,華南金,19,0,19,凱基-北門,2024-09-20,9283
4714,永捷,22,3,19,凱基-北門,2024-09-20,9283
5481,新華,21,4,17,凱基-北門,2024-09-20,9283
1808,潤隆,14,0,14,凱基-北門,2024-09-20,9283
00650L,復華香港正2,16,5,11,凱基-北門,2024-09-20,9283
3049,精金,23,12,11,凱基-北門,2024-09-20,9283
2542,興富發,13,3,10,凱基-北門,2024-09-20,9283
4968,立積,10,0,10,凱基-北門,2024-09-20,9283
00877,復華中國5G,10,0,10,凱基-北門,2024-09-20,9283
00918,大華優利高填息30,10,0,10,凱基-北門,2024-09-20,9283
1528,恩德,10,0,10,凱基-北門,2024-09-20,9283
2014,中鴻,10,0,10,凱基-北門,2024-09-20,9283
2736,富野,10,0,10,凱基-北門,2024-09-20,9283
5227,立凱-KY,10,0,10,凱基-北門,2024-09-20,9283
8390,金益鼎,10,0,10,凱基-北門,2024-09-20,9283
2356,英業達,12,2,10,凱基-北門,2024-09-20,9283
6116,彩晶,10,0,10,凱基-北門,2024-09-20,9283
4526,東台,13,4,9,凱基-北門,2024-09-20,9283
6895,宏碩系統,8,0,8,凱基-北門,2024-09-20,9283
3062,建漢,35,27,8,凱基-北門,2024-09-20,9283
00795B,中信美國公債20年,7,0,7,凱基-北門,2024-09-20,9283
2313,華通,16,9,7,凱基-北門,2024-09-20,9283
4510,高鋒,26,19,7,凱基-北門,2024-09-20,9283
6148,驊宏資,7,0,7,凱基-北門,2024-09-20,9283
6219,富旺,8,1,7,凱基-北門,2024-09-20,9283
2520,冠德,6,0,6,凱基-北門,2024-09-20,9283
4979,華星光,11,5,6,凱基-北門,2024-09-20,9283
6197,佳必琪,8,2,6,凱基-北門,2024-09-20,9283
6658,聯策,6,0,6,凱基-北門,2024-09-20,9283
3413,京鼎,5,0,5,凱基-北門,2024-09-20,9283
00878,國泰永續高股息,5,0,5,凱基-北門,2024-09-20,9283
1789,神隆,5,0,5,凱基-北門,2024-09-20,9283
00937B,群益ESG投等債20,213,0,213,凱基-北門,2024-09-23,9283
00679B,元大美債20年,99,2,97,凱基-北門,2024-09-23,9283
00919,群益台灣精選高息,94,2,92,凱基-北門,2024-09-23,9283
00687B,國泰20年美債,90,20,70,凱基-北門,2024-09-23,9283
00751B,元大AAA至A公司債,74,10,64,凱基-北門,2024-09-23,9283
2495,普安,43,1,42,凱基-北門,2024-09-23,9283
00722B,群益投資級電信債,40,0,40,凱基-北門,2024-09-23,9283
4772,台特化,41,1,40,凱基-北門,2024-09-23,9283
1727,中華化,52,19,33,凱基-北門,2024-09-23,9283
6425,易發,42,17,25,凱基-北門,2024-09-23,9283
00720B,元大投資級公司債,35,12,23,凱基-北門,2024-09-23,9283
00706L,期元大S＆P日圓正2,22,0,22,凱基-北門,2024-09-23,9283
6269,台郡,22,0,22,凱基-北門,2024-09-23,9283
00764B,群益25年美債,20,0,20,凱基-北門,2024-09-23,9283
8390,金益鼎,15,0,15,凱基-北門,2024-09-23,9283
1785,光洋科,29,17,12,凱基-北門,2024-09-23,9283
2601,益航,12,0,12,凱基-北門,2024-09-23,9283
00948B,中信優息投資級債,11,0,11,凱基-北門,2024-09-23,9283
2464,盟立,14,3,11,凱基-北門,2024-09-23,9283
2892,第一金,11,0,11,凱基-北門,2024-09-23,9283
6446,藥華藥,10,0,10,凱基-北門,2024-09-23,9283
1591,駿吉-KY,10,0,10,凱基-北門,2024-09-23,9283
2258,鴻華先進-創,10,0,10,凱基-北門,2024-09-23,9283
2913,農林,10,0,10,凱基-北門,2024-09-23,9283
00680L,元大美債20正2,8,0,8,凱基-北門,2024-09-23,9283
6530,創威,10,2,8,凱基-北門,2024-09-23,9283
6419,京晨科,7,0,7,凱基-北門,2024-09-23,9283
3587,閎康,6,0,6,凱基-北門,2024-09-23,9283
1789,神隆,6,0,6,凱基-北門,2024-09-23,9283
2867,三商壽,6,0,6,凱基-北門,2024-09-23,9283
1718,中纖,5,0,5,凱基-北門,2024-09-23,9283
00779B,凱基美債25+,5,0,5,凱基-北門,2024-09-23,9283
00830,國泰費城半導體,5,0,5,凱基-北門,2024-09-23,9283
00696B,富邦美債20年,5,0,5,凱基-北門,2024-09-23,9283
2332,友訊,5,0,5,凱基-北門,2024-09-23,9283
2486,一詮,5,0,5,凱基-北門,2024-09-23,9283
3712,永崴投控,7,2,5,凱基-北門,2024-09-23,9283
6548,長科*,7,2,5,凱基-北門,2024-09-23,9283
8039,台虹,6,1,5,凱基-北門,2024-09-23,9283
8109,博大,5,0,5,凱基-北門,2024-09-23,9283
6451,訊芯-KY,8,4,4,凱基-北門,2024-09-23,9283
00881,國泰台灣5G+,4,0,4,凱基-北門,2024-09-23,9283
1721,三晃,16,12,4,凱基-北門,2024-09-23,9283
2014,中鴻,4,0,4,凱基-北門,2024-09-23,9283
2204,中華,4,0,4,凱基-北門,2024-09-23,9283
4714,永捷,4,0,4,凱基-北門,2024-09-23,9283
4931,新盛力,5,1,4,凱基-北門,2024-09-23,9283
3481,群創,4,0,4,凱基-北門,2024-09-23,9283
1808,潤隆,4,0,4,凱基-北門,2024-09-23,9283
00662,富邦NASDAQ,3,0,3,凱基-北門,2024-09-23,9283
3149,正達,148,18,130,凱基-北門,2024-09-24,9283
2258,鴻華先進-創,100,0,100,凱基-北門,2024-09-24,9283
4772,台特化,97,5,92,凱基-北門,2024-09-24,9283
00937B,群益ESG投等債20,72,0,72,凱基-北門,2024-09-24,9283
3715,定穎投控,48,20,28,凱基-北門,2024-09-24,9283
2610,華航,28,3,25,凱基-北門,2024-09-24,9283
2636,台驊控股,30,5,25,凱基-北門,2024-09-24,9283
00632R,元大台灣50反1,24,0,24,凱基-北門,2024-09-24,9283
00918,大華優利高填息30,23,0,23,凱基-北門,2024-09-24,9283
00687B,國泰20年美債,33,11,22,凱基-北門,2024-09-24,9283
4720,德淵,20,0,20,凱基-北門,2024-09-24,9283
8076,伍豐,20,0,20,凱基-北門,2024-09-24,9283
00919,群益台灣精選高息,32,16,16,凱基-北門,2024-09-24,9283
6405,悅城,34,20,14,凱基-北門,2024-09-24,9283
00679B,元大美債20年,13,0,13,凱基-北門,2024-09-24,9283
3605,宏致,13,0,13,凱基-北門,2024-09-24,9283
00712,復華富時不動產,11,0,11,凱基-北門,2024-09-24,9283
1727,中華化,16,5,11,凱基-北門,2024-09-24,9283
3036,文曄,11,0,11,凱基-北門,2024-09-24,9283
00722B,群益投資級電信債,30,20,10,凱基-北門,2024-09-24,9283
00720B,元大投資級公司債,45,35,10,凱基-北門,2024-09-24,9283
00953B,群益優選非投等債,10,0,10,凱基-北門,2024-09-24,9283
2613,中櫃,11,1,10,凱基-北門,2024-09-24,9283
5498,凱崴,10,0,10,凱基-北門,2024-09-24,9283
8390,金益鼎,10,0,10,凱基-北門,2024-09-24,9283
6606,建德工業,10,1,9,凱基-北門,2024-09-24,9283
8908,欣雄,9,0,9,凱基-北門,2024-09-24,9283
0056,元大高股息,9,1,8,凱基-北門,2024-09-24,9283
1711,永光,20,12,8,凱基-北門,2024-09-24,9283
1789,神隆,10,2,8,凱基-北門,2024-09-24,9283
4979,華星光,9,1,8,凱基-北門,2024-09-24,9283
6177,達麗,13,6,7,凱基-北門,2024-09-24,9283
6768,志強-KY,7,0,7,凱基-北門,2024-09-24,9283
00688L,國泰20年美債正2,6,0,6,凱基-北門,2024-09-24,9283
3019,亞光,7,1,6,凱基-北門,2024-09-24,9283
3323,加百裕,11,5,6,凱基-北門,2024-09-24,9283
4956,光鋐,6,0,6,凱基-北門,2024-09-24,9283
6423,億而得-創,6,0,6,凱基-北門,2024-09-24,9283
9958,世紀鋼,9,4,5,凱基-北門,2024-09-24,9283
00753L,中信中國50正2,7,2,5,凱基-北門,2024-09-24,9283
00724B,群益投資級金融債,5,0,5,凱基-北門,2024-09-24,9283
1309,台達化,5,0,5,凱基-北門,2024-09-24,9283
1528,恩德,5,0,5,凱基-北門,2024-09-24,9283
2457,飛宏,5,0,5,凱基-北門,2024-09-24,9283
2511,太子,5,0,5,凱基-北門,2024-09-24,9283
2601,益航,5,0,5,凱基-北門,2024-09-24,9283
3522,御嵿,5,0,5,凱基-北門,2024-09-24,9283
5009,榮剛,5,0,5,凱基-北門,2024-09-24,9283
8249,菱光,5,0,5,凱基-北門,2024-09-24,9283
00830,國泰費城半導體,4,0,4,凱基-北門,2024-09-24,9283
3481,群創,103,2,101,凱基-北門,2024-09-25,9283
00960,野村全球航運龍頭,58,1,57,凱基-北門,2024-09-25,9283
2883,凱基金,50,0,50,凱基-北門,2024-09-25,9283
00650L,復華香港正2,50,2,48,凱基-北門,2024-09-25,9283
6219,富旺,36,5,31,凱基-北門,2024-09-25,9283
6265,方土昶,30,0,30,凱基-北門,2024-09-25,9283
4720,德淵,29,0,29,凱基-北門,2024-09-25,9283
2887,台新金,28,0,28,凱基-北門,2024-09-25,9283
2367,燿華,21,0,21,凱基-北門,2024-09-25,9283
2025,千興,19,0,19,凱基-北門,2024-09-25,9283
1528,恩德,16,0,16,凱基-北門,2024-09-25,9283
2504,國產,15,0,15,凱基-北門,2024-09-25,9283
1711,永光,18,4,14,凱基-北門,2024-09-25,9283
2615,萬海,35,23,12,凱基-北門,2024-09-25,9283
00943,兆豐電子高息等權,12,0,12,凱基-北門,2024-09-25,9283
2401,凌陽,15,3,12,凱基-北門,2024-09-25,9283
3706,神達,11,0,11,凱基-北門,2024-09-25,9283
1808,潤隆,11,1,10,凱基-北門,2024-09-25,9283
00680L,元大美債20正2,10,0,10,凱基-北門,2024-09-25,9283
00951,台新日本半導體,10,0,10,凱基-北門,2024-09-25,9283
6163,華電網,10,0,10,凱基-北門,2024-09-25,9283
6768,志強-KY,10,0,10,凱基-北門,2024-09-25,9283
00881,國泰台灣5G+,11,2,9,凱基-北門,2024-09-25,9283
1789,神隆,9,0,9,凱基-北門,2024-09-25,9283
2436,偉詮電,27,18,9,凱基-北門,2024-09-25,9283
2610,華航,10,1,9,凱基-北門,2024-09-25,9283
3374,精材,9,0,9,凱基-北門,2024-09-25,9283
00929,復華台灣科技優息,22,14,8,凱基-北門,2024-09-25,9283
00878,國泰永續高股息,12,4,8,凱基-北門,2024-09-25,9283
8070,長華*,12,4,8,凱基-北門,2024-09-25,9283
5426,振發,9,1,8,凱基-北門,2024-09-25,9283
0050,元大台灣50,10,3,7,凱基-北門,2024-09-25,9283
00725B,國泰投資級公司債,7,0,7,凱基-北門,2024-09-25,9283
00637L,元大滬深300正2,12,5,7,凱基-北門,2024-09-25,9283
5276,達輝-KY,7,0,7,凱基-北門,2024-09-25,9283
6284,佳邦,8,1,7,凱基-北門,2024-09-25,9283
6806,森崴能源,6,0,6,凱基-北門,2024-09-25,9283
2497,怡利電,8,2,6,凱基-北門,2024-09-25,9283
3550,聯穎,123,117,6,凱基-北門,2024-09-25,9283
5425,台半,7,1,6,凱基-北門,2024-09-25,9283
9955,佳龍,6,0,6,凱基-北門,2024-09-25,9283
1503,士電,6,0,6,凱基-北門,2024-09-25,9283
1721,三晃,6,1,5,凱基-北門,2024-09-25,9283
00882,中信中國高股息,5,0,5,凱基-北門,2024-09-25,9283
00918,大華優利高填息30,5,0,5,凱基-北門,2024-09-25,9283
00936,台新永續高息中小,5,0,5,凱基-北門,2024-09-25,9283
00959B,大華投等美債15Y+,5,0,5,凱基-北門,2024-09-25,9283
1539,巨庭,8,3,5,凱基-北門,2024-09-25,9283
3380,明泰,5,0,5,凱基-北門,2024-09-25,9283
6152,百一,6,1,5,凱基-北門,2024-09-25,9283
00931B,統一美債20年,250,12,238,凱基-北門,2024-09-26,9283
00687B,國泰20年美債,131,16,115,凱基-北門,2024-09-26,9283
0056,元大高股息,105,0,105,凱基-北門,2024-09-26,9283
00679B,元大美債20年,70,2,68,凱基-北門,2024-09-26,9283
00688L,國泰20年美債正2,63,0,63,凱基-北門,2024-09-26,9283
2303,聯電,40,1,39,凱基-北門,2024-09-26,9283
3149,正達,40,4,36,凱基-北門,2024-09-26,9283
3689,湧德,32,0,32,凱基-北門,2024-09-26,9283
6969,成信實業*-創,29,2,27,凱基-北門,2024-09-26,9283
2070,精湛,33,7,26,凱基-北門,2024-09-26,9283
6269,台郡,21,0,21,凱基-北門,2024-09-26,9283
00706L,期元大S＆P日圓正2,20,0,20,凱基-北門,2024-09-26,9283
4772,台特化,32,12,20,凱基-北門,2024-09-26,9283
6405,悅城,22,2,20,凱基-北門,2024-09-26,9283
2883,凱基金,30,12,18,凱基-北門,2024-09-26,9283
3231,緯創,17,0,17,凱基-北門,2024-09-26,9283
4533,協易機,32,15,17,凱基-北門,2024-09-26,9283
6219,富旺,16,0,16,凱基-北門,2024-09-26,9283
3661,世芯-KY,16,1,15,凱基-北門,2024-09-26,9283
2486,一詮,20,6,14,凱基-北門,2024-09-26,9283
3522,御嵿,14,0,14,凱基-北門,2024-09-26,9283
3019,亞光,15,2,13,凱基-北門,2024-09-26,9283
2543,皇昌,14,1,13,凱基-北門,2024-09-26,9283
00715L,期街口布蘭特正2,12,0,12,凱基-北門,2024-09-26,9283
00720B,元大投資級公司債,11,0,11,凱基-北門,2024-09-26,9283
00918,大華優利高填息30,10,0,10,凱基-北門,2024-09-26,9283
00751B,元大AAA至A公司債,13,3,10,凱基-北門,2024-09-26,9283
1808,潤隆,11,1,10,凱基-北門,2024-09-26,9283
2520,冠德,10,0,10,凱基-北門,2024-09-26,9283
6217,中探針,10,0,10,凱基-北門,2024-09-26,9283
6241,易通展,20,10,10,凱基-北門,2024-09-26,9283
8111,立��,23,13,10,凱基-北門,2024-09-26,9283
00725B,國泰投資級公司債,9,0,9,凱基-北門,2024-09-26,9283
1721,三晃,7,0,7,凱基-北門,2024-09-26,9283
5521,工信,7,0,7,凱基-北門,2024-09-26,9283
8104,錸寶,9,2,7,凱基-北門,2024-09-26,9283
4526,東台,7,0,7,凱基-北門,2024-09-26,9283
5871,中租-KY,7,1,6,凱基-北門,2024-09-26,9283
1503,士電,9,3,6,凱基-北門,2024-09-26,9283
00680L,元大美債20正2,6,0,6,凱基-北門,2024-09-26,9283
1789,神隆,6,0,6,凱基-北門,2024-09-26,9283
2449,京元電子,9,3,6,凱基-北門,2024-09-26,9283
3663,鑫科,13,7,6,凱基-北門,2024-09-26,9283
5202,力新,8,2,6,凱基-北門,2024-09-26,9283
6279,胡連,6,0,6,凱基-北門,2024-09-26,9283
8908,欣雄,6,0,6,凱基-北門,2024-09-26,9283
00923,群益台ESG低碳50,5,0,5,凱基-北門,2024-09-26,9283
00642U,期元大S＆P石油,5,0,5,凱基-北門,2024-09-26,9283
2498,宏達電,7,2,5,凱基-北門,2024-09-26,9283
3346,麗清,5,0,5,凱基-北門,2024-09-26,9283
2888,新光金,220,2,218,凱基-北門,2024-09-27,9283
00948B,中信優息投資級債,122,20,102,凱基-北門,2024-09-27,9283
00715L,期街口布蘭特正2,59,1,58,凱基-北門,2024-09-27,9283
00665L,富邦�琤肭磪囓�2,194,150,44,凱基-北門,2024-09-27,9283
00937B,群益ESG投等債20,46,10,36,凱基-北門,2024-09-27,9283
00687B,國泰20年美債,40,5,35,凱基-北門,2024-09-27,9283
00712,復華富時不動產,34,0,34,凱基-北門,2024-09-27,9283
00953B,群益優選非投等債,32,0,32,凱基-北門,2024-09-27,9283
4772,台特化,32,0,32,凱基-北門,2024-09-27,9283
2883,凱基金,34,2,32,凱基-北門,2024-09-27,9283
00960,野村全球航運龍頭,27,0,27,凱基-北門,2024-09-27,9283
2610,華航,28,3,25,凱基-北門,2024-09-27,9283
4958,臻鼎-KY,26,2,24,凱基-北門,2024-09-27,9283
8908,欣雄,23,0,23,凱基-北門,2024-09-27,9283
00632R,元大台灣50反1,20,0,20,凱基-北門,2024-09-27,9283
2029,盛餘,20,0,20,凱基-北門,2024-09-27,9283
1312,國喬,20,1,19,凱基-北門,2024-09-27,9283
4714,永捷,21,2,19,凱基-北門,2024-09-27,9283
4979,華星光,34,15,19,凱基-北門,2024-09-27,9283
00679B,元大美債20年,22,5,17,凱基-北門,2024-09-27,9283
00725B,國泰投資級公司債,22,5,17,凱基-北門,2024-09-27,9283
2399,映泰,42,25,17,凱基-北門,2024-09-27,9283
6606,建德工業,16,0,16,凱基-北門,2024-09-27,9283
3522,御嵿,15,0,15,凱基-北門,2024-09-27,9283
4545,銘鈺,19,4,15,凱基-北門,2024-09-27,9283
2409,友達,30,16,14,凱基-北門,2024-09-27,9283
4729,熒茂,15,2,13,凱基-北門,2024-09-27,9283
00908,富邦入息REITs+,12,0,12,凱基-北門,2024-09-27,9283
2363,矽統,45,34,11,凱基-北門,2024-09-27,9283
2467,志聖,10,0,10,凱基-北門,2024-09-27,9283
00930,永豐ESG低碳高息,10,0,10,凱基-北門,2024-09-27,9283
1595,川寶,10,0,10,凱基-北門,2024-09-27,9283
3059,華晶科,11,1,10,凱基-北門,2024-09-27,9283
3711,日月光投控,10,0,10,凱基-北門,2024-09-27,9283
4510,高鋒,12,2,10,凱基-北門,2024-09-27,9283
5309,系統電,10,0,10,凱基-北門,2024-09-27,9283
4526,東台,9,0,9,凱基-北門,2024-09-27,9283
8064,東捷,9,1,8,凱基-北門,2024-09-27,9283
1524,耿鼎,9,1,8,凱基-北門,2024-09-27,9283
1711,永光,19,11,8,凱基-北門,2024-09-27,9283
2025,千興,8,0,8,凱基-北門,2024-09-27,9283
1540,喬福,9,1,8,凱基-北門,2024-09-27,9283
8070,長華*,10,3,7,凱基-北門,2024-09-27,9283
3363,上詮,8,1,7,凱基-北門,2024-09-27,9283
8150,南茂,7,0,7,凱基-北門,2024-09-27,9283
3413,京鼎,7,1,6,凱基-北門,2024-09-27,9283
00706L,期元大S＆P日圓正2,6,0,6,凱基-北門,2024-09-27,9283
3607,谷崧,6,0,6,凱基-北門,2024-09-27,9283
1785,光洋科,6,0,6,凱基-北門,2024-09-27,9283
1513,中興電,8,3,5,凱基-北門,2024-09-27,9283
00665L,富邦�琤肭磪囓�2,331,89,242,凱基-北門,2024-09-30,9283
5880,合庫金,97,0,97,凱基-北門,2024-09-30,9283
2609,陽明,101,6,95,凱基-北門,2024-09-30,9283
00929,復華台灣科技優息,56,0,56,凱基-北門,2024-09-30,9283
00937B,群益ESG投等債20,54,0,54,凱基-北門,2024-09-30,9283
00919,群益台灣精選高息,82,29,53,凱基-北門,2024-09-30,9283
00878,國泰永續高股息,46,0,46,凱基-北門,2024-09-30,9283
00680L,元大美債20正2,45,0,45,凱基-北門,2024-09-30,9283
00915,凱基優選高股息30,40,13,27,凱基-北門,2024-09-30,9283
4772,台特化,26,0,26,凱基-北門,2024-09-30,9283
1789,神隆,25,0,25,凱基-北門,2024-09-30,9283
00953B,群益優選非投等債,22,0,22,凱基-北門,2024-09-30,9283
2032,新鋼,21,1,20,凱基-北門,2024-09-30,9283
0056,元大高股息,18,0,18,凱基-北門,2024-09-30,9283
00687B,國泰20年美債,17,0,17,凱基-北門,2024-09-30,9283
3312,弘憶股,16,0,16,凱基-北門,2024-09-30,9283
00675L,富邦臺灣加權正2,15,0,15,凱基-北門,2024-09-30,9283
2312,金寶,23,8,15,凱基-北門,2024-09-30,9283
2504,國產,15,0,15,凱基-北門,2024-09-30,9283
00753L,中信中國50正2,41,27,14,凱基-北門,2024-09-30,9283
3583,辛耘,15,2,13,凱基-北門,2024-09-30,9283
4174,浩鼎,13,0,13,凱基-北門,2024-09-30,9283
2330,台積電,23,10,13,凱基-北門,2024-09-30,9283
00918,大華優利高填息30,12,0,12,凱基-北門,2024-09-30,9283
00952,凱基台灣AI50,11,0,11,凱基-北門,2024-09-30,9283
00881,國泰台灣5G+,11,0,11,凱基-北門,2024-09-30,9283
00960,野村全球航運龍頭,11,0,11,凱基-北門,2024-09-30,9283
2382,廣達,12,2,10,凱基-北門,2024-09-30,9283
00650L,復華香港正2,11,1,10,凱基-北門,2024-09-30,9283
1524,耿鼎,10,0,10,凱基-北門,2024-09-30,9283
2399,映泰,11,1,10,凱基-北門,2024-09-30,9283
2439,美律,10,0,10,凱基-北門,2024-09-30,9283
3537,堡達,10,0,10,凱基-北門,2024-09-30,9283
3689,湧德,10,0,10,凱基-北門,2024-09-30,9283
6606,建德工業,10,0,10,凱基-北門,2024-09-30,9283
00730,富邦臺灣優質高息,9,0,9,凱基-北門,2024-09-30,9283
2605,新興,26,17,9,凱基-北門,2024-09-30,9283
00679B,元大美債20年,8,0,8,凱基-北門,2024-09-30,9283
3013,晟銘電,13,5,8,凱基-北門,2024-09-30,9283
00640L,富邦日本正2,7,0,7,凱基-北門,2024-09-30,9283
1513,中興電,8,1,7,凱基-北門,2024-09-30,9283
2353,宏��,7,0,7,凱基-北門,2024-09-30,9283
2449,京元電子,7,0,7,凱基-北門,2024-09-30,9283
6257,矽格,7,0,7,凱基-北門,2024-09-30,9283
00725B,國泰投資級公司債,6,0,6,凱基-北門,2024-09-30,9283
00927,群益半導體收益,6,0,6,凱基-北門,2024-09-30,9283
2344,華邦電,6,0,6,凱基-北門,2024-09-30,9283
3189,景碩,6,0,6,凱基-北門,2024-09-30,9283
3479,安勤,6,0,6,凱基-北門,2024-09-30,9283
6415,矽力*-KY,6,0,6,凱基-北門,2024-09-30,9283
2888,新光金,106,0,106,凱基-北門,2024-10-01,9283
5880,合庫金,103,0,103,凱基-北門,2024-10-01,9283
00915,凱基優選高股息30,66,0,66,凱基-北門,2024-10-01,9283
00650L,復華香港正2,40,5,35,凱基-北門,2024-10-01,9283
00738U,期元大道瓊白銀,30,0,30,凱基-北門,2024-10-01,9283
00929,復華台灣科技優息,38,14,24,凱基-北門,2024-10-01,9283
00878,國泰永續高股息,25,1,24,凱基-北門,2024-10-01,9283
00706L,期元大S＆P日圓正2,20,0,20,凱基-北門,2024-10-01,9283
2049,上銀,18,0,18,凱基-北門,2024-10-01,9283
00665L,富邦�琤肭磪囓�2,27,10,17,凱基-北門,2024-10-01,9283
4772,台特化,16,0,16,凱基-北門,2024-10-01,9283
2504,國產,15,0,15,凱基-北門,2024-10-01,9283
6405,悅城,16,1,15,凱基-北門,2024-10-01,9283
00960,野村全球航運龍頭,14,1,13,凱基-北門,2024-10-01,9283
4903,聯光通,20,8,12,凱基-北門,2024-10-01,9283
00919,群益台灣精選高息,17,5,12,凱基-北門,2024-10-01,9283
2029,盛餘,10,0,10,凱基-北門,2024-10-01,9283
8908,欣雄,10,0,10,凱基-北門,2024-10-01,9283
2609,陽明,19,10,9,凱基-北門,2024-10-01,9283
1303,南亞,9,0,9,凱基-北門,2024-10-01,9283
1785,光洋科,13,5,8,凱基-北門,2024-10-01,9283
2337,旺宏,8,0,8,凱基-北門,2024-10-01,9283
00753L,中信中國50正2,24,17,7,凱基-北門,2024-10-01,9283
2913,農林,7,0,7,凱基-北門,2024-10-01,9283
4729,熒茂,7,0,7,凱基-北門,2024-10-01,9283
4958,臻鼎-KY,7,0,7,凱基-北門,2024-10-01,9283
00713,元大台灣高息低波,6,0,6,凱基-北門,2024-10-01,9283
3577,泓格,6,0,6,凱基-北門,2024-10-01,9283
3715,定穎投控,9,3,6,凱基-北門,2024-10-01,9283
00662,富邦NASDAQ,5,0,5,凱基-北門,2024-10-01,9283
2241,艾姆勒,6,1,5,凱基-北門,2024-10-01,9283
2417,圓剛,5,0,5,凱基-北門,2024-10-01,9283
3537,堡達,5,0,5,凱基-北門,2024-10-01,9283
3588,通嘉,5,0,5,凱基-北門,2024-10-01,9283
5443,均豪,5,0,5,凱基-北門,2024-10-01,9283
6118,建達,5,0,5,凱基-北門,2024-10-01,9283
6770,力積電,5,0,5,凱基-北門,2024-10-01,9283
2883,凱基金,6,1,5,凱基-北門,2024-10-01,9283
00679B,元大美債20年,6,1,5,凱基-北門,2024-10-01,9283
2317,鴻海,7,3,4,凱基-北門,2024-10-01,9283
00922,國泰台灣領袖50,4,0,4,凱基-北門,2024-10-01,9283
00952,凱基台灣AI50,7,3,4,凱基-北門,2024-10-01,9283
1309,台達化,4,0,4,凱基-北門,2024-10-01,9283
2351,順德,5,1,4,凱基-北門,2024-10-01,9283
2455,全新,11,7,4,凱基-北門,2024-10-01,9283
2483,百容,4,0,4,凱基-北門,2024-10-01,9283
2495,普安,4,0,4,凱基-北門,2024-10-01,9283
3046,建��,4,0,4,凱基-北門,2024-10-01,9283
3049,精金,4,0,4,凱基-北門,2024-10-01,9283
3522,御嵿,4,0,4,凱基-北門,2024-10-01,9283
3048,益登,119,11,108,凱基-北門,2024-10-04,9283
00919,群益台灣精選高息,87,5,82,凱基-北門,2024-10-04,9283
2303,聯電,51,0,51,凱基-北門,2024-10-04,9283
2812,台中銀,50,0,50,凱基-北門,2024-10-04,9283
2891,中信金,46,0,46,凱基-北門,2024-10-04,9283
0056,元大高股息,41,2,39,凱基-北門,2024-10-04,9283
6505,台塑化,40,1,39,凱基-北門,2024-10-04,9283
00725B,國泰投資級公司債,38,0,38,凱基-北門,2024-10-04,9283
2883,凱基金,43,5,38,凱基-北門,2024-10-04,9283
00654R,富邦印度反1,32,0,32,凱基-北門,2024-10-04,9283
3025,星通,68,39,29,凱基-北門,2024-10-04,9283
00878,國泰永續高股息,29,0,29,凱基-北門,2024-10-04,9283
5014,建錩,30,3,27,凱基-北門,2024-10-04,9283
2618,長榮航,35,11,24,凱基-北門,2024-10-04,9283
00687B,國泰20年美債,22,0,22,凱基-北門,2024-10-04,9283
3522,御嵿,22,0,22,凱基-北門,2024-10-04,9283
2610,華航,20,0,20,凱基-北門,2024-10-04,9283
00638R,元大滬深300反1,20,0,20,凱基-北門,2024-10-04,9283
2609,陽明,32,12,20,凱基-北門,2024-10-04,9283
00918,大華優利高填息30,42,23,19,凱基-北門,2024-10-04,9283
4903,聯光通,55,36,19,凱基-北門,2024-10-04,9283
4729,熒茂,17,0,17,凱基-北門,2024-10-04,9283
4772,台特化,17,0,17,凱基-北門,2024-10-04,9283
00679B,元大美債20年,17,0,17,凱基-北門,2024-10-04,9283
00688L,國泰20年美債正2,15,0,15,凱基-北門,2024-10-04,9283
2887,台新金,17,2,15,凱基-北門,2024-10-04,9283
6425,易發,20,5,15,凱基-北門,2024-10-04,9283
8908,欣雄,15,0,15,凱基-北門,2024-10-04,9283
00946,群益科技高息成長,15,0,15,凱基-北門,2024-10-04,9283
00929,復華台灣科技優息,48,34,14,凱基-北門,2024-10-04,9283
2605,新興,15,1,14,凱基-北門,2024-10-04,9283
00662,富邦NASDAQ,12,0,12,凱基-北門,2024-10-04,9283
2383,台光電,13,1,12,凱基-北門,2024-10-04,9283
3663,鑫科,12,0,12,凱基-北門,2024-10-04,9283
3037,欣興,10,0,10,凱基-北門,2024-10-04,9283
00706L,期元大S＆P日圓正2,10,0,10,凱基-北門,2024-10-04,9283
00680L,元大美債20正2,10,0,10,凱基-北門,2024-10-04,9283
1301,台塑,13,3,10,凱基-北門,2024-10-04,9283
1785,光洋科,16,6,10,凱基-北門,2024-10-04,9283
2734,易飛網,10,0,10,凱基-北門,2024-10-04,9283
3013,晟銘電,12,2,10,凱基-北門,2024-10-04,9283
2603,長榮,13,5,8,凱基-北門,2024-10-04,9283
4909,新復興,10,2,8,凱基-北門,2024-10-04,9283
6770,力積電,8,0,8,凱基-北門,2024-10-04,9283
2449,京元電子,7,0,7,凱基-北門,2024-10-04,9283
2354,鴻準,7,0,7,凱基-北門,2024-10-04,9283
2867,三商壽,8,1,7,凱基-北門,2024-10-04,9283
3511,矽瑪,7,0,7,凱基-北門,2024-10-04,9283
2308,台達電,6,0,6,凱基-北門,2024-10-04,9283
1513,中興電,6,0,6,凱基-北門,2024-10-04,9283
00637L,元大滬深300正2,150,19,131,凱基-北門,2024-10-07,9283
00654R,富邦印度反1,60,0,60,凱基-北門,2024-10-07,9283
00882,中信中國高股息,109,54,55,凱基-北門,2024-10-07,9283
6265,方土昶,50,0,50,凱基-北門,2024-10-07,9283
00679B,元大美債20年,42,0,42,凱基-北門,2024-10-07,9283
2301,光寶科,41,0,41,凱基-北門,2024-10-07,9283
2883,凱基金,34,1,33,凱基-北門,2024-10-07,9283
00632R,元大台灣50反1,32,0,32,凱基-北門,2024-10-07,9283
00706L,期元大S＆P日圓正2,31,0,31,凱基-北門,2024-10-07,9283
2887,台新金,31,0,31,凱基-北門,2024-10-07,9283
00681R,元大美債20反1,30,0,30,凱基-北門,2024-10-07,9283
0056,元大高股息,29,2,27,凱基-北門,2024-10-07,9283
00753L,中信中國50正2,53,27,26,凱基-北門,2024-10-07,9283
6152,百一,30,8,22,凱基-北門,2024-10-07,9283
006205,富邦上証,18,0,18,凱基-北門,2024-10-07,9283
00937B,群益ESG投等債20,18,1,17,凱基-北門,2024-10-07,9283
1314,中石化,17,0,17,凱基-北門,2024-10-07,9283
00688L,國泰20年美債正2,16,0,16,凱基-北門,2024-10-07,9283
1528,恩德,15,0,15,凱基-北門,2024-10-07,9283
2316,楠梓電,26,11,15,凱基-北門,2024-10-07,9283
00687B,國泰20年美債,15,0,15,凱基-北門,2024-10-07,9283
00665L,富邦�琤肭磪囓�2,13,1,12,凱基-北門,2024-10-07,9283
2399,映泰,31,20,11,凱基-北門,2024-10-07,9283
00712,復華富時不動產,10,0,10,凱基-北門,2024-10-07,9283
00714,群益道瓊美國地產,10,0,10,凱基-北門,2024-10-07,9283
1717,長興,10,0,10,凱基-北門,2024-10-07,9283
2633,台灣高鐵,10,0,10,凱基-北門,2024-10-07,9283
3591,艾笛森,25,15,10,凱基-北門,2024-10-07,9283
9955,佳龍,10,0,10,凱基-北門,2024-10-07,9283
00952,凱基台灣AI50,10,1,9,凱基-北門,2024-10-07,9283
2323,中環,9,0,9,凱基-北門,2024-10-07,9283
5443,均豪,10,1,9,凱基-北門,2024-10-07,9283
6207,雷科,10,1,9,凱基-北門,2024-10-07,9283
2348,海悅,10,2,8,凱基-北門,2024-10-07,9283
00864B,中信美國公債0-1,7,0,7,凱基-北門,2024-10-07,9283
00922,國泰台灣領袖50,7,0,7,凱基-北門,2024-10-07,9283
2349,錸德,7,0,7,凱基-北門,2024-10-07,9283
3059,華晶科,7,0,7,凱基-北門,2024-10-07,9283
6658,聯策,10,3,7,凱基-北門,2024-10-07,9283
6821,聯寶,10,3,7,凱基-北門,2024-10-07,9283
00929,復華台灣科技優息,12,5,7,凱基-北門,2024-10-07,9283
1229,聯華,6,0,6,凱基-北門,2024-10-07,9283
4958,臻鼎-KY,7,1,6,凱基-北門,2024-10-07,9283
2615,萬海,39,33,6,凱基-北門,2024-10-07,9283
3037,欣興,7,1,6,凱基-北門,2024-10-07,9283
3013,晟銘電,7,1,6,凱基-北門,2024-10-07,9283
5481,新華,7,1,6,凱基-北門,2024-10-07,9283
5907,大洋-KY,7,1,6,凱基-北門,2024-10-07,9283
6423,億而得-創,6,0,6,凱基-北門,2024-10-07,9283
6133,金橋,8,3,5,凱基-北門,2024-10-07,9283
00753L,中信中國50正2,188,30,158,凱基-北門,2024-10-08,9283
3209,全科,102,2,100,凱基-北門,2024-10-08,9283
2883,凱基金,72,0,72,凱基-北門,2024-10-08,9283
00922,國泰台灣領袖50,57,0,57,凱基-北門,2024-10-08,9283
00929,復華台灣科技優息,50,1,49,凱基-北門,2024-10-08,9283
00919,群益台灣精選高息,49,1,48,凱基-北門,2024-10-08,9283
00948B,中信優息投資級債,31,0,31,凱基-北門,2024-10-08,9283
2888,新光金,30,5,25,凱基-北門,2024-10-08,9283
00878,國泰永續高股息,31,7,24,凱基-北門,2024-10-08,9283
00687B,國泰20年美債,29,7,22,凱基-北門,2024-10-08,9283
00679B,元大美債20年,47,25,22,凱基-北門,2024-10-08,9283
00887,永豐中國科技50大,25,4,21,凱基-北門,2024-10-08,9283
00632R,元大台灣50反1,20,0,20,凱基-北門,2024-10-08,9283
00638R,元大滬深300反1,20,0,20,凱基-北門,2024-10-08,9283
2439,美律,20,0,20,凱基-北門,2024-10-08,9283
1314,中石化,19,0,19,凱基-北門,2024-10-08,9283
2317,鴻海,25,7,18,凱基-北門,2024-10-08,9283
2801,彰銀,18,0,18,凱基-北門,2024-10-08,9283
2425,承啟,22,6,16,凱基-北門,2024-10-08,9283
3049,精金,26,10,16,凱基-北門,2024-10-08,9283
4979,華星光,18,2,16,凱基-北門,2024-10-08,9283
00725B,國泰投資級公司債,16,1,15,凱基-北門,2024-10-08,9283
00915,凱基優選高股息30,15,0,15,凱基-北門,2024-10-08,9283
2014,中鴻,41,26,15,凱基-北門,2024-10-08,9283
00918,大華優利高填息30,13,0,13,凱基-北門,2024-10-08,9283
00675L,富邦臺灣加權正2,12,0,12,凱基-北門,2024-10-08,9283
2887,台新金,15,3,12,凱基-北門,2024-10-08,9283
3356,奇偶,12,0,12,凱基-北門,2024-10-08,9283
8908,欣雄,12,0,12,凱基-北門,2024-10-08,9283
00795B,中信美國公債20年,11,0,11,凱基-北門,2024-10-08,9283
00738U,期元大道瓊白銀,10,0,10,凱基-北門,2024-10-08,9283
00637L,元大滬深300正2,132,122,10,凱基-北門,2024-10-08,9283
00937B,群益ESG投等債20,10,0,10,凱基-北門,2024-10-08,9283
2070,精湛,10,0,10,凱基-北門,2024-10-08,9283
2101,南港,10,0,10,凱基-北門,2024-10-08,9283
2633,台灣高鐵,10,0,10,凱基-北門,2024-10-08,9283
4542,科嶠,11,1,10,凱基-北門,2024-10-08,9283
5243,乙盛-KY,10,0,10,凱基-北門,2024-10-08,9283
4956,光鋐,32,23,9,凱基-北門,2024-10-08,9283
6187,萬潤,9,0,9,凱基-北門,2024-10-08,9283
00673R,期元大S＆P原油反1,8,0,8,凱基-北門,2024-10-08,9283
00712,復華富時不動產,8,0,8,凱基-北門,2024-10-08,9283
2362,藍天,12,4,8,凱基-北門,2024-10-08,9283
00751B,元大AAA至A公司債,7,0,7,凱基-北門,2024-10-08,9283
2457,飛宏,7,0,7,凱基-北門,2024-10-08,9283
3062,建漢,7,0,7,凱基-北門,2024-10-08,9283
3234,光環,7,0,7,凱基-北門,2024-10-08,9283
6237,驊訊,7,0,7,凱基-北門,2024-10-08,9283
3227,原相,7,1,6,凱基-北門,2024-10-08,9283
1718,中纖,6,0,6,凱基-北門,2024-10-08,9283
00665L,富邦�琤肭磪囓�2,192,102,90,凱基-北門,2024-10-09,9283
2014,中鴻,72,0,72,凱基-北門,2024-10-09,9283
3481,群創,57,0,57,凱基-北門,2024-10-09,9283
00687B,國泰20年美債,56,0,56,凱基-北門,2024-10-09,9283
00680L,元大美債20正2,53,0,53,凱基-北門,2024-10-09,9283
00937B,群益ESG投等債20,59,7,52,凱基-北門,2024-10-09,9283
2313,華通,50,2,48,凱基-北門,2024-10-09,9283
00915,凱基優選高股息30,45,0,45,凱基-北門,2024-10-09,9283
3591,艾笛森,44,1,43,凱基-北門,2024-10-09,9283
2883,凱基金,39,0,39,凱基-北門,2024-10-09,9283
2425,承啟,34,3,31,凱基-北門,2024-10-09,9283
00637L,元大滬深300正2,53,26,27,凱基-北門,2024-10-09,9283
00772B,中信高評級公司債,20,0,20,凱基-北門,2024-10-09,9283
5236,凌陽創新,19,0,19,凱基-北門,2024-10-09,9283
4908,前鼎,22,3,19,凱基-北門,2024-10-09,9283
2511,太子,18,0,18,凱基-北門,2024-10-09,9283
6219,富旺,17,0,17,凱基-北門,2024-10-09,9283
00650L,復華香港正2,16,1,15,凱基-北門,2024-10-09,9283
6241,易通展,15,0,15,凱基-北門,2024-10-09,9283
3048,益登,18,3,15,凱基-北門,2024-10-09,9283
3025,星通,39,25,14,凱基-北門,2024-10-09,9283
2498,宏達電,14,2,12,凱基-北門,2024-10-09,9283
4903,聯光通,26,14,12,凱基-北門,2024-10-09,9283
5443,均豪,15,3,12,凱基-北門,2024-10-09,9283
8032,光菱,32,20,12,凱基-北門,2024-10-09,9283
6187,萬潤,20,9,11,凱基-北門,2024-10-09,9283
3041,揚智,15,4,11,凱基-北門,2024-10-09,9283
6274,台燿,16,6,10,凱基-北門,2024-10-09,9283
0061,元大寶滬深,10,0,10,凱基-北門,2024-10-09,9283
00922,國泰台灣領袖50,10,0,10,凱基-北門,2024-10-09,9283
00933B,國泰10Y+金融債,10,0,10,凱基-北門,2024-10-09,9283
1595,川寶,10,0,10,凱基-北門,2024-10-09,9283
2633,台灣高鐵,10,0,10,凱基-北門,2024-10-09,9283
2913,農林,10,0,10,凱基-北門,2024-10-09,9283
3508,位速,10,0,10,凱基-北門,2024-10-09,9283
4564,元翎,10,0,10,凱基-北門,2024-10-09,9283
6425,易發,10,0,10,凱基-北門,2024-10-09,9283
2486,一詮,33,24,9,凱基-北門,2024-10-09,9283
8028,昇陽半導體,20,11,9,凱基-北門,2024-10-09,9283
0056,元大高股息,9,1,8,凱基-北門,2024-10-09,9283
00633L,富邦上証正2,8,0,8,凱基-北門,2024-10-09,9283
2605,新興,8,0,8,凱基-北門,2024-10-09,9283
00882,中信中國高股息,99,92,7,凱基-北門,2024-10-09,9283
00948B,中信優息投資級債,7,0,7,凱基-北門,2024-10-09,9283
1101,台泥,7,0,7,凱基-北門,2024-10-09,9283
1717,長興,7,0,7,凱基-北門,2024-10-09,9283
1718,中纖,7,0,7,凱基-北門,2024-10-09,9283
2369,菱生,7,0,7,凱基-北門,2024-10-09,9283
2472,立隆電,7,0,7,凱基-北門,2024-10-09,9283
6446,藥華藥,8,1,7,凱基-北門,2024-10-09,9283
2883B,凱基金乙特,140,0,140,凱基-北門,2024-10-11,9283
3481,群創,103,0,103,凱基-北門,2024-10-11,9283
00679B,元大美債20年,100,1,99,凱基-北門,2024-10-11,9283
2883,凱基金,103,5,98,凱基-北門,2024-10-11,9283
00753L,中信中國50正2,112,52,60,凱基-北門,2024-10-11,9283
00687B,國泰20年美債,50,0,50,凱基-北門,2024-10-11,9283
6405,悅城,50,0,50,凱基-北門,2024-10-11,9283
00637L,元大滬深300正2,47,6,41,凱基-北門,2024-10-11,9283
4958,臻鼎-KY,31,0,31,凱基-北門,2024-10-11,9283
2303,聯電,31,0,31,凱基-北門,2024-10-11,9283
1785,光洋科,39,10,29,凱基-北門,2024-10-11,9283
2887,台新金,28,2,26,凱基-北門,2024-10-11,9283
00915,凱基優選高股息30,26,0,26,凱基-北門,2024-10-11,9283
00937B,群益ESG投等債20,23,0,23,凱基-北門,2024-10-11,9283
3231,緯創,37,15,22,凱基-北門,2024-10-11,9283
3363,上詮,30,15,15,凱基-北門,2024-10-11,9283
9946,三發地產,15,0,15,凱基-北門,2024-10-11,9283
6156,松上,15,2,13,凱基-北門,2024-10-11,9283
3450,聯鈞,19,7,12,凱基-北門,2024-10-11,9283
1605,華新,12,0,12,凱基-北門,2024-10-11,9283
2105,正新,12,0,12,凱基-北門,2024-10-11,9283
1784,訊聯,12,1,11,凱基-北門,2024-10-11,9283
1721,三晃,20,9,11,凱基-北門,2024-10-11,9283
5236,凌陽創新,10,0,10,凱基-北門,2024-10-11,9283
2401,凌陽,10,0,10,凱基-北門,2024-10-11,9283
2399,映泰,18,8,10,凱基-北門,2024-10-11,9283
3576,聯合再生,12,2,10,凱基-北門,2024-10-11,9283
2449,京元電子,17,7,10,凱基-北門,2024-10-11,9283
3709,鑫聯大投控,10,0,10,凱基-北門,2024-10-11,9283
6142,友勁,10,0,10,凱基-北門,2024-10-11,9283
8111,立��,33,23,10,凱基-北門,2024-10-11,9283
00725B,國泰投資級公司債,9,0,9,凱基-北門,2024-10-11,9283
00655L,國泰中國A50正2,12,3,9,凱基-北門,2024-10-11,9283
4908,前鼎,10,1,9,凱基-北門,2024-10-11,9283
4967,十銓,10,1,9,凱基-北門,2024-10-11,9283
2464,盟立,9,0,9,凱基-北門,2024-10-11,9283
2356,英業達,8,0,8,凱基-北門,2024-10-11,9283
3041,揚智,8,0,8,凱基-北門,2024-10-11,9283
4909,新復興,15,8,7,凱基-北門,2024-10-11,9283
00929,復華台灣科技優息,11,4,7,凱基-北門,2024-10-11,9283
2483,百容,7,0,7,凱基-北門,2024-10-11,9283
4772,台特化,7,0,7,凱基-北門,2024-10-11,9283
4977,眾達-KY,7,0,7,凱基-北門,2024-10-11,9283
2867,三商壽,11,4,7,凱基-北門,2024-10-11,9283
00882,中信中國高股息,28,22,6,凱基-北門,2024-10-11,9283
2344,華邦電,6,0,6,凱基-北門,2024-10-11,9283
2426,鼎元,55,49,6,凱基-北門,2024-10-11,9283
2897,王道銀行,6,0,6,凱基-北門,2024-10-11,9283
3704,合勤控,6,0,6,凱基-北門,2024-10-11,9283
4741,泓瀚,6,0,6,凱基-北門,2024-10-11,9283
00753L,中信中國50正2,112,11,101,凱基-北門,2024-10-14,9283
00665L,富邦�琤肭磪囓�2,106,6,100,凱基-北門,2024-10-14,9283
00912,中信臺灣智慧50,72,0,72,凱基-北門,2024-10-14,9283
00887,永豐中國科技50大,54,1,53,凱基-北門,2024-10-14,9283
2312,金寶,55,2,53,凱基-北門,2024-10-14,9283
2421,建準,41,1,40,凱基-北門,2024-10-14,9283
00948B,中信優息投資級債,37,0,37,凱基-北門,2024-10-14,9283
2365,昆盈,37,0,37,凱基-北門,2024-10-14,9283
2887,台新金,38,2,36,凱基-北門,2024-10-14,9283
8054,安國,34,0,34,凱基-北門,2024-10-14,9283
00922,國泰台灣領袖50,24,0,24,凱基-北門,2024-10-14,9283
00725B,國泰投資級公司債,21,0,21,凱基-北門,2024-10-14,9283
6142,友勁,21,0,21,凱基-北門,2024-10-14,9283
00632R,元大台灣50反1,20,0,20,凱基-北門,2024-10-14,9283
00642U,期元大S＆P石油,20,0,20,凱基-北門,2024-10-14,9283
1712,興農,20,0,20,凱基-北門,2024-10-14,9283
6265,方土昶,20,0,20,凱基-北門,2024-10-14,9283
6425,易發,49,30,19,凱基-北門,2024-10-14,9283
3231,緯創,24,7,17,凱基-北門,2024-10-14,9283
00915,凱基優選高股息30,18,1,17,凱基-北門,2024-10-14,9283
2426,鼎元,25,9,16,凱基-北門,2024-10-14,9283
2467,志聖,17,1,16,凱基-北門,2024-10-14,9283
2363,矽統,15,0,15,凱基-北門,2024-10-14,9283
1229,聯華,11,0,11,凱基-北門,2024-10-14,9283
5443,均豪,13,2,11,凱基-北門,2024-10-14,9283
2327,國巨,11,0,11,凱基-北門,2024-10-14,9283
2464,盟立,15,5,10,凱基-北門,2024-10-14,9283
00650L,復華香港正2,10,0,10,凱基-北門,2024-10-14,9283
1460,宏遠,10,0,10,凱基-北門,2024-10-14,9283
2633,台灣高鐵,10,0,10,凱基-北門,2024-10-14,9283
2867,三商壽,10,0,10,凱基-北門,2024-10-14,9283
2897B,王道銀乙特,10,0,10,凱基-北門,2024-10-14,9283
3162,精確,20,10,10,凱基-北門,2024-10-14,9283
1808,潤隆,9,0,9,凱基-北門,2024-10-14,9283
2399,映泰,42,33,9,凱基-北門,2024-10-14,9283
5519,隆大,9,0,9,凱基-北門,2024-10-14,9283
9105,泰金寶-DR,10,2,8,凱基-北門,2024-10-14,9283
6546,正基,7,0,7,凱基-北門,2024-10-14,9283
0056,元大高股息,7,0,7,凱基-北門,2024-10-14,9283
2634,漢翔,7,0,7,凱基-北門,2024-10-14,9283
00720B,元大投資級公司債,6,0,6,凱基-北門,2024-10-14,9283
2106,建大,6,0,6,凱基-北門,2024-10-14,9283
3380,明泰,7,1,6,凱基-北門,2024-10-14,9283
3705,永信,6,0,6,凱基-北門,2024-10-14,9283
4510,高鋒,13,7,6,凱基-北門,2024-10-14,9283
00715L,期街口布蘭特正2,5,0,5,凱基-北門,2024-10-14,9283
2344,華邦電,5,0,5,凱基-北門,2024-10-14,9283
2836,高雄銀,5,0,5,凱基-北門,2024-10-14,9283
4991,環宇-KY,5,0,5,凱基-北門,2024-10-14,9283
912000,晨訊科-DR,5,0,5,凱基-北門,2024-10-14,9283
2883B,凱基金乙特,60,0,60,凱基-北門,2024-10-15,9283
4510,高鋒,91,35,56,凱基-北門,2024-10-15,9283
00927,群益半導體收益,32,0,32,凱基-北門,2024-10-15,9283
3149,正達,40,9,31,凱基-北門,2024-10-15,9283
00679B,元大美債20年,29,0,29,凱基-北門,2024-10-15,9283
6167,久正,28,0,28,凱基-北門,2024-10-15,9283
4766,南寶,25,0,25,凱基-北門,2024-10-15,9283
2707,晶華,25,0,25,凱基-北門,2024-10-15,9283
2486,一詮,37,16,21,凱基-北門,2024-10-15,9283
2421,建準,21,0,21,凱基-北門,2024-10-15,9283
00642U,期元大S＆P石油,20,0,20,凱基-北門,2024-10-15,9283
00946,群益科技高息成長,20,0,20,凱基-北門,2024-10-15,9283
00687B,國泰20年美債,29,10,19,凱基-北門,2024-10-15,9283
1229,聯華,19,0,19,凱基-北門,2024-10-15,9283
00887,永豐中國科技50大,17,2,15,凱基-北門,2024-10-15,9283
6265,方土昶,15,0,15,凱基-北門,2024-10-15,9283
00715L,期街口布蘭特正2,13,0,13,凱基-北門,2024-10-15,9283
2609,陽明,14,1,13,凱基-北門,2024-10-15,9283
3715,定穎投控,36,23,13,凱基-北門,2024-10-15,9283
4956,光鋐,91,78,13,凱基-北門,2024-10-15,9283
6419,京晨科,13,0,13,凱基-北門,2024-10-15,9283
00680L,元大美債20正2,12,0,12,凱基-北門,2024-10-15,9283
00688L,國泰20年美債正2,12,0,12,凱基-北門,2024-10-15,9283
8908,欣雄,11,0,11,凱基-北門,2024-10-15,9283
00795B,中信美國公債20年,10,0,10,凱基-北門,2024-10-15,9283
6217,中探針,10,0,10,凱基-北門,2024-10-15,9283
3047,訊舟,10,1,9,凱基-北門,2024-10-15,9283
00655L,國泰中國A50正2,9,0,9,凱基-北門,2024-10-15,9283
2401,凌陽,11,2,9,凱基-北門,2024-10-15,9283
9105,泰金寶-DR,19,10,9,凱基-北門,2024-10-15,9283
2409,友達,10,2,8,凱基-北門,2024-10-15,9283
3230,錦明,10,2,8,凱基-北門,2024-10-15,9283
6156,松上,12,4,8,凱基-北門,2024-10-15,9283
6278,台表科,8,0,8,凱基-北門,2024-10-15,9283
5443,均豪,11,4,7,凱基-北門,2024-10-15,9283
00665L,富邦�琤肭磪囓�2,7,0,7,凱基-北門,2024-10-15,9283
3354,律勝,14,7,7,凱基-北門,2024-10-15,9283
00919,群益台灣精選高息,23,16,7,凱基-北門,2024-10-15,9283
3062,建漢,21,15,6,凱基-北門,2024-10-15,9283
5230,雷笛克光學,6,0,6,凱基-北門,2024-10-15,9283
6207,雷科,7,1,6,凱基-北門,2024-10-15,9283
6257,矽格,6,0,6,凱基-北門,2024-10-15,9283
2467,志聖,13,7,6,凱基-北門,2024-10-15,9283
2363,矽統,27,21,6,凱基-北門,2024-10-15,9283
2615,萬海,6,1,5,凱基-北門,2024-10-15,9283
6187,萬潤,15,10,5,凱基-北門,2024-10-15,9283
8070,長華*,5,0,5,凱基-北門,2024-10-15,9283
00885,富邦越南,5,0,5,凱基-北門,2024-10-15,9283
00961,FT臺灣永續高息,5,0,5,凱基-北門,2024-10-15,9283
2002,中鋼,7,2,5,凱基-北門,2024-10-15,9283
3481,群創,203,9,194,凱基-北門,2024-10-16,9283
00664R,國泰臺灣加權反1,100,0,100,凱基-北門,2024-10-16,9283
2891,中信金,105,6,99,凱基-北門,2024-10-16,9283
2883,凱基金,91,4,87,凱基-北門,2024-10-16,9283
00753L,中信中國50正2,66,8,58,凱基-北門,2024-10-16,9283
6265,方土昶,50,0,50,凱基-北門,2024-10-16,9283
00905,FT臺灣Smart,45,2,43,凱基-北門,2024-10-16,9283
00919,群益台灣精選高息,43,6,37,凱基-北門,2024-10-16,9283
00725B,國泰投資級公司債,37,1,36,凱基-北門,2024-10-16,9283
0056,元大高股息,35,0,35,凱基-北門,2024-10-16,9283
00679B,元大美債20年,51,16,35,凱基-北門,2024-10-16,9283
00915,凱基優選高股息30,32,0,32,凱基-北門,2024-10-16,9283
00680L,元大美債20正2,25,0,25,凱基-北門,2024-10-16,9283
3615,安可,25,3,22,凱基-北門,2024-10-16,9283
2486,一詮,36,14,22,凱基-北門,2024-10-16,9283
00830,國泰費城半導體,21,0,21,凱基-北門,2024-10-16,9283
6274,台燿,18,0,18,凱基-北門,2024-10-16,9283
3356,奇偶,18,0,18,凱基-北門,2024-10-16,9283
00650L,復華香港正2,16,0,16,凱基-北門,2024-10-16,9283
2022,聚亨,15,0,15,凱基-北門,2024-10-16,9283
4510,高鋒,28,13,15,凱基-北門,2024-10-16,9283
2801,彰銀,15,1,14,凱基-北門,2024-10-16,9283
00688L,國泰20年美債正2,13,0,13,凱基-北門,2024-10-16,9283
4956,光鋐,15,3,12,凱基-北門,2024-10-16,9283
00878,國泰永續高股息,11,0,11,凱基-北門,2024-10-16,9283
00655L,國泰中國A50正2,11,0,11,凱基-北門,2024-10-16,9283
00715L,期街口布蘭特正2,11,0,11,凱基-北門,2024-10-16,9283
00943,兆豐電子高息等權,11,0,11,凱基-北門,2024-10-16,9283
00952,凱基台灣AI50,11,0,11,凱基-北門,2024-10-16,9283
8429,金麗-KY,11,0,11,凱基-北門,2024-10-16,9283
1326,台化,10,0,10,凱基-北門,2024-10-16,9283
00960,野村全球航運龍頭,10,0,10,凱基-北門,2024-10-16,9283
1808,潤隆,10,0,10,凱基-北門,2024-10-16,9283
2888,新光金,10,0,10,凱基-北門,2024-10-16,9283
4958,臻鼎-KY,10,0,10,凱基-北門,2024-10-16,9283
9103,美德醫療-DR,10,0,10,凱基-北門,2024-10-16,9283
9945,潤泰新,10,0,10,凱基-北門,2024-10-16,9283
2409,友達,10,1,9,凱基-北門,2024-10-16,9283
00887,永豐中國科技50大,8,0,8,凱基-北門,2024-10-16,9283
1314,中石化,8,0,8,凱基-北門,2024-10-16,9283
1340,勝悅-KY,8,0,8,凱基-北門,2024-10-16,9283
2881,富邦金,7,0,7,凱基-北門,2024-10-16,9283
00795B,中信美國公債20年,7,0,7,凱基-北門,2024-10-16,9283
00665L,富邦�琤肭磪囓�2,22,15,7,凱基-北門,2024-10-16,9283
1785,光洋科,8,1,7,凱基-北門,2024-10-16,9283
6167,久正,7,0,7,凱基-北門,2024-10-16,9283
6546,正基,7,0,7,凱基-北門,2024-10-16,9283
2303,聯電,7,0,7,凱基-北門,2024-10-16,9283
00675L,富邦臺灣加權正2,6,0,6,凱基-北門,2024-10-16,9283
2308,台達電,6,0,6,凱基-北門,2024-10-16,9283
00654R,富邦印度反1,80,0,80,凱基-北門,2024-10-17,9283
6125,廣運,73,15,58,凱基-北門,2024-10-17,9283
6265,方土昶,55,0,55,凱基-北門,2024-10-17,9283
00753L,中信中國50正2,82,50,32,凱基-北門,2024-10-17,9283
00937B,群益ESG投等債20,31,0,31,凱基-北門,2024-10-17,9283
00712,復華富時不動產,30,0,30,凱基-北門,2024-10-17,9283
0056,元大高股息,29,1,28,凱基-北門,2024-10-17,9283
00679B,元大美債20年,25,2,23,凱基-北門,2024-10-17,9283
00922,國泰台灣領袖50,27,5,22,凱基-北門,2024-10-17,9283
00887,永豐中國科技50大,13,0,13,凱基-北門,2024-10-17,9283
1528,恩德,25,12,13,凱基-北門,2024-10-17,9283
00642U,期元大S＆P石油,11,0,11,凱基-北門,2024-10-17,9283
00946,群益科技高息成長,11,0,11,凱基-北門,2024-10-17,9283
2363,矽統,28,17,11,凱基-北門,2024-10-17,9283
3062,建漢,27,16,11,凱基-北門,2024-10-17,9283
2633,台灣高鐵,10,0,10,凱基-北門,2024-10-17,9283
00655L,國泰中國A50正2,11,1,10,凱基-北門,2024-10-17,9283
1802,台玻,10,0,10,凱基-北門,2024-10-17,9283
2892,第一金,10,0,10,凱基-北門,2024-10-17,9283
3596,智易,10,0,10,凱基-北門,2024-10-17,9283
3704,合勤控,10,0,10,凱基-北門,2024-10-17,9283
6763,綠界科技*,11,1,10,凱基-北門,2024-10-17,9283
00927,群益半導體收益,9,0,9,凱基-北門,2024-10-17,9283
3059,華晶科,9,0,9,凱基-北門,2024-10-17,9283
5202,力新,15,6,9,凱基-北門,2024-10-17,9283
6274,台燿,8,0,8,凱基-北門,2024-10-17,9283
00715L,期街口布蘭特正2,8,0,8,凱基-北門,2024-10-17,9283
3511,矽瑪,8,0,8,凱基-北門,2024-10-17,9283
6525,捷敏-KY,10,2,8,凱基-北門,2024-10-17,9283
9103,美德醫療-DR,8,0,8,凱基-北門,2024-10-17,9283
2615,萬海,15,7,8,凱基-北門,2024-10-17,9283
00637L,元大滬深300正2,7,0,7,凱基-北門,2024-10-17,9283
6419,京晨科,7,0,7,凱基-北門,2024-10-17,9283
00632R,元大台灣50反1,12,5,7,凱基-北門,2024-10-17,9283
2609,陽明,11,5,6,凱基-北門,2024-10-17,9283
6219,富旺,6,0,6,凱基-北門,2024-10-17,9283
3413,京鼎,6,1,5,凱基-北門,2024-10-17,9283
00948B,中信優息投資級債,5,0,5,凱基-北門,2024-10-17,9283
2365,昆盈,9,4,5,凱基-北門,2024-10-17,9283
2401,凌陽,5,0,5,凱基-北門,2024-10-17,9283
2801,彰銀,5,0,5,凱基-北門,2024-10-17,9283
3131,弘塑,5,0,5,凱基-北門,2024-10-17,9283
3714,富采,10,5,5,凱基-北門,2024-10-17,9283
4142,國光生,5,0,5,凱基-北門,2024-10-17,9283
4716,大立,5,0,5,凱基-北門,2024-10-17,9283
4766,南寶,13,8,5,凱基-北門,2024-10-17,9283
6117,迎廣,7,2,5,凱基-北門,2024-10-17,9283
8942,森鉅,5,0,5,凱基-北門,2024-10-17,9283
2467,志聖,10,5,5,凱基-北門,2024-10-17,9283
6215,和椿,9,5,4,凱基-北門,2024-10-17,9283
2356,英業達,101,2,99,凱基-北門,2024-10-18,9283
00948B,中信優息投資級債,80,0,80,凱基-北門,2024-10-18,9283
2867,三商壽,72,0,72,凱基-北門,2024-10-18,9283
00687B,國泰20年美債,76,6,70,凱基-北門,2024-10-18,9283
2883,凱基金,65,1,64,凱基-北門,2024-10-18,9283
00927,群益半導體收益,53,0,53,凱基-北門,2024-10-18,9283
00679B,元大美債20年,49,3,46,凱基-北門,2024-10-18,9283
00680L,元大美債20正2,32,0,32,凱基-北門,2024-10-18,9283
2344,華邦電,30,0,30,凱基-北門,2024-10-18,9283
2303,聯電,31,2,29,凱基-北門,2024-10-18,9283
00688L,國泰20年美債正2,21,0,21,凱基-北門,2024-10-18,9283
00945B,凱基美國非投等債,20,0,20,凱基-北門,2024-10-18,9283
9946,三發地產,20,0,20,凱基-北門,2024-10-18,9283
5347,世界,24,6,18,凱基-北門,2024-10-18,9283
00725B,國泰投資級公司債,16,0,16,凱基-北門,2024-10-18,9283
00922,國泰台灣領袖50,16,0,16,凱基-北門,2024-10-18,9283
00952,凱基台灣AI50,18,2,16,凱基-北門,2024-10-18,9283
2449,京元電子,25,10,15,凱基-北門,2024-10-18,9283
2467,志聖,20,7,13,凱基-北門,2024-10-18,9283
00930,永豐ESG低碳高息,12,0,12,凱基-北門,2024-10-18,9283
3711,日月光投控,12,0,12,凱基-北門,2024-10-18,9283
6187,萬潤,11,0,11,凱基-北門,2024-10-18,9283
3450,聯鈞,23,12,11,凱基-北門,2024-10-18,9283
1721,三晃,26,15,11,凱基-北門,2024-10-18,9283
00919,群益台灣精選高息,10,0,10,凱基-北門,2024-10-18,9283
8111,立��,10,0,10,凱基-北門,2024-10-18,9283
00937B,群益ESG投等債20,20,10,10,凱基-北門,2024-10-18,9283
00941,中信上游半導體,10,0,10,凱基-北門,2024-10-18,9283
1711,永光,42,32,10,凱基-北門,2024-10-18,9283
2105,正新,10,0,10,凱基-北門,2024-10-18,9283
3209,全科,13,3,10,凱基-北門,2024-10-18,9283
2376,技嘉,13,4,9,凱基-北門,2024-10-18,9283
0056,元大高股息,11,2,9,凱基-北門,2024-10-18,9283
5483,中美晶,9,0,9,凱基-北門,2024-10-18,9283
4566,時碩工業,14,5,9,凱基-北門,2024-10-18,9283
1609,大亞,8,0,8,凱基-北門,2024-10-18,9283
00751B,元大AAA至A公司債,8,0,8,凱基-北門,2024-10-18,9283
1591,駿吉-KY,8,0,8,凱基-北門,2024-10-18,9283
1597,直得,8,1,7,凱基-北門,2024-10-18,9283
2464,盟立,22,15,7,凱基-北門,2024-10-18,9283
2383,台光電,7,0,7,凱基-北門,2024-10-18,9283
2399,映泰,12,5,7,凱基-北門,2024-10-18,9283
3062,建漢,8,1,7,凱基-北門,2024-10-18,9283
4909,新復興,7,0,7,凱基-北門,2024-10-18,9283
00655L,國泰中國A50正2,6,0,6,凱基-北門,2024-10-18,9283
3447,展達,6,0,6,凱基-北門,2024-10-18,9283
6219,富旺,6,0,6,凱基-北門,2024-10-18,9283
6419,京晨科,6,0,6,凱基-北門,2024-10-18,9283
8028,昇陽半導體,35,30,5,凱基-北門,2024-10-18,9283
00706L,期元大S＆P日圓正2,5,0,5,凱基-北門,2024-10-18,9283
00937B,群益ESG投等債20,197,50,147,凱基-北門,2024-10-21,9283
2883,凱基金,111,11,100,凱基-北門,2024-10-21,9283
00927,群益半導體收益,80,0,80,凱基-北門,2024-10-21,9283
00679B,元大美債20年,56,0,56,凱基-北門,2024-10-21,9283
00687B,國泰20年美債,33,0,33,凱基-北門,2024-10-21,9283
00738U,期元大道瓊白銀,29,0,29,凱基-北門,2024-10-21,9283
00650L,復華香港正2,26,0,26,凱基-北門,2024-10-21,9283
00948B,中信優息投資級債,30,5,25,凱基-北門,2024-10-21,9283
00637L,元大滬深300正2,26,1,25,凱基-北門,2024-10-21,9283
00665L,富邦�琤肭磪囓�2,29,5,24,凱基-北門,2024-10-21,9283
00905,FT臺灣Smart,20,0,20,凱基-北門,2024-10-21,9283
2613,中櫃,20,0,20,凱基-北門,2024-10-21,9283
00929,復華台灣科技優息,24,5,19,凱基-北門,2024-10-21,9283
3354,律勝,31,17,14,凱基-北門,2024-10-21,9283
00933B,國泰10Y+金融債,12,0,12,凱基-北門,2024-10-21,9283
6472,保瑞,12,0,12,凱基-北門,2024-10-21,9283
3450,聯鈞,17,5,12,凱基-北門,2024-10-21,9283
0056,元大高股息,16,5,11,凱基-北門,2024-10-21,9283
6532,瑞耘,13,2,11,凱基-北門,2024-10-21,9283
00725B,國泰投資級公司債,11,0,11,凱基-北門,2024-10-21,9283
00915,凱基優選高股息30,13,2,11,凱基-北門,2024-10-21,9283
2851,中再保,11,0,11,凱基-北門,2024-10-21,9283
4908,前鼎,11,0,11,凱基-北門,2024-10-21,9283
2303,聯電,11,0,11,凱基-北門,2024-10-21,9283
6438,迅得,16,5,11,凱基-北門,2024-10-21,9283
3715,定穎投控,36,25,11,凱基-北門,2024-10-21,9283
00907,永豐優息存股,10,0,10,凱基-北門,2024-10-21,9283
00715L,期街口布蘭特正2,10,0,10,凱基-北門,2024-10-21,9283
2359,所羅門,13,3,10,凱基-北門,2024-10-21,9283
3689,湧德,10,0,10,凱基-北門,2024-10-21,9283
6578,達邦蛋白,10,0,10,凱基-北門,2024-10-21,9283
9945,潤泰新,10,0,10,凱基-北門,2024-10-21,9283
2002,中鋼,9,0,9,凱基-北門,2024-10-21,9283
00751B,元大AAA至A公司債,8,0,8,凱基-北門,2024-10-21,9283
5202,力新,20,12,8,凱基-北門,2024-10-21,9283
6187,萬潤,8,0,8,凱基-北門,2024-10-21,9283
00919,群益台灣精選高息,7,0,7,凱基-北門,2024-10-21,9283
00882,中信中國高股息,12,5,7,凱基-北門,2024-10-21,9283
2736,富野,7,0,7,凱基-北門,2024-10-21,9283
3221,台嘉碩,7,0,7,凱基-北門,2024-10-21,9283
4526,東台,75,68,7,凱基-北門,2024-10-21,9283
6419,京晨科,7,0,7,凱基-北門,2024-10-21,9283
6425,易發,9,3,6,凱基-北門,2024-10-21,9283
6215,和椿,6,0,6,凱基-北門,2024-10-21,9283
1316,上曜,6,0,6,凱基-北門,2024-10-21,9283
2374,佳能,29,23,6,凱基-北門,2024-10-21,9283
5340,建榮,6,0,6,凱基-北門,2024-10-21,9283
6768,志強-KY,6,0,6,凱基-北門,2024-10-21,9283
6167,久正,5,0,5,凱基-北門,2024-10-21,9283
8429,金麗-KY,5,0,5,凱基-北門,2024-10-21,9283
00937B,群益ESG投等債20,176,15,161,凱基-北門,2024-10-22,9283
00680L,元大美債20正2,133,0,133,凱基-北門,2024-10-22,9283
00878,國泰永續高股息,108,10,98,凱基-北門,2024-10-22,9283
00948B,中信優息投資級債,85,0,85,凱基-北門,2024-10-22,9283
00687B,國泰20年美債,115,40,75,凱基-北門,2024-10-22,9283
2405,輔信,50,0,50,凱基-北門,2024-10-22,9283
00679B,元大美債20年,66,20,46,凱基-北門,2024-10-22,9283
00715L,期街口布蘭特正2,51,6,45,凱基-北門,2024-10-22,9283
1721,三晃,30,0,30,凱基-北門,2024-10-22,9283
6142,友勁,30,0,30,凱基-北門,2024-10-22,9283
00929,復華台灣科技優息,28,2,26,凱基-北門,2024-10-22,9283
5202,力新,29,6,23,凱基-北門,2024-10-22,9283
2014,中鴻,23,3,20,凱基-北門,2024-10-22,9283
2367,燿華,26,7,19,凱基-北門,2024-10-22,9283
6763,綠界科技*,19,0,19,凱基-北門,2024-10-22,9283
00951,台新日本半導體,14,0,14,凱基-北門,2024-10-22,9283
00688L,國泰20年美債正2,22,8,14,凱基-北門,2024-10-22,9283
00907,永豐優息存股,13,0,13,凱基-北門,2024-10-22,9283
2801,彰銀,13,0,13,凱基-北門,2024-10-22,9283
00632R,元大台灣50反1,13,0,13,凱基-北門,2024-10-22,9283
2363,矽統,24,12,12,凱基-北門,2024-10-22,9283
00751B,元大AAA至A公司債,12,0,12,凱基-北門,2024-10-22,9283
00887,永豐中國科技50大,11,0,11,凱基-北門,2024-10-22,9283
00931B,統一美債20年,11,0,11,凱基-北門,2024-10-22,9283
00946,群益科技高息成長,11,0,11,凱基-北門,2024-10-22,9283
00958B,永豐ESG銀行債15,11,0,11,凱基-北門,2024-10-22,9283
0056,元大高股息,13,2,11,凱基-北門,2024-10-22,9283
2883,凱基金,13,2,11,凱基-北門,2024-10-22,9283
00857B,永豐20年美公債,11,0,11,凱基-北門,2024-10-22,9283
00738U,期元大道瓊白銀,10,0,10,凱基-北門,2024-10-22,9283
00706L,期元大S＆P日圓正2,10,0,10,凱基-北門,2024-10-22,9283
00905,FT臺灣Smart,10,0,10,凱基-北門,2024-10-22,9283
3709,鑫聯大投控,10,0,10,凱基-北門,2024-10-22,9283
4729,熒茂,20,10,10,凱基-北門,2024-10-22,9283
5315,光聯,15,5,10,凱基-北門,2024-10-22,9283
6167,久正,10,0,10,凱基-北門,2024-10-22,9283
9105,泰金寶-DR,16,6,10,凱基-北門,2024-10-22,9283
3189,景碩,26,16,10,凱基-北門,2024-10-22,9283
2241,艾姆勒,10,1,9,凱基-北門,2024-10-22,9283
00919,群益台灣精選高息,9,0,9,凱基-北門,2024-10-22,9283
00725B,國泰投資級公司債,8,0,8,凱基-北門,2024-10-22,9283
3230,錦明,8,0,8,凱基-北門,2024-10-22,9283
5871,中租-KY,8,0,8,凱基-北門,2024-10-22,9283
2477,美隆電,9,2,7,凱基-北門,2024-10-22,9283
3535,晶彩科,17,10,7,凱基-北門,2024-10-22,9283
8021,尖點,8,1,7,凱基-北門,2024-10-22,9283
00650L,復華香港正2,6,0,6,凱基-北門,2024-10-22,9283
1717,長興,6,0,6,凱基-北門,2024-10-22,9283
2605,新興,6,0,6,凱基-北門,2024-10-22,9283
6547,高端疫苗,6,0,6,凱基-北門,2024-10-22,9283
00937B,群益ESG投等債20,151,1,150,凱基-北門,2024-10-23,9283
00878,國泰永續高股息,114,0,114,凱基-北門,2024-10-23,9283
00680L,元大美債20正2,110,0,110,凱基-北門,2024-10-23,9283
3033,威健,35,0,35,凱基-北門,2024-10-23,9283
2312,金寶,33,4,29,凱基-北門,2024-10-23,9283
6265,方土昶,28,0,28,凱基-北門,2024-10-23,9283
3163,波若威,31,5,26,凱基-北門,2024-10-23,9283
2618,長榮航,25,0,25,凱基-北門,2024-10-23,9283
00887,永豐中國科技50大,24,0,24,凱基-北門,2024-10-23,9283
2883,凱基金,22,1,21,凱基-北門,2024-10-23,9283
00882,中信中國高股息,25,4,21,凱基-北門,2024-10-23,9283
2303,聯電,17,1,16,凱基-北門,2024-10-23,9283
6241,易通展,31,15,16,凱基-北門,2024-10-23,9283
4909,新復興,20,5,15,凱基-北門,2024-10-23,9283
2393,億光,14,0,14,凱基-北門,2024-10-23,9283
00679B,元大美債20年,14,1,13,凱基-北門,2024-10-23,9283
00687B,國泰20年美債,26,15,11,凱基-北門,2024-10-23,9283
00706L,期元大S＆P日圓正2,10,0,10,凱基-北門,2024-10-23,9283
00900,富邦特選高股息30,10,0,10,凱基-北門,2024-10-23,9283
2707,晶華,10,0,10,凱基-北門,2024-10-23,9283
3030,德律,10,0,10,凱基-北門,2024-10-23,9283
3209,全科,12,2,10,凱基-北門,2024-10-23,9283
1785,光洋科,12,4,8,凱基-北門,2024-10-23,9283
00922,國泰台灣領袖50,9,1,8,凱基-北門,2024-10-23,9283
00712,復華富時不動產,8,0,8,凱基-北門,2024-10-23,9283
00675L,富邦臺灣加權正2,7,0,7,凱基-北門,2024-10-23,9283
00688L,國泰20年美債正2,7,0,7,凱基-北門,2024-10-23,9283
2891,中信金,7,0,7,凱基-北門,2024-10-23,9283
0056,元大高股息,7,0,7,凱基-北門,2024-10-23,9283
00907,永豐優息存股,6,0,6,凱基-北門,2024-10-23,9283
00940,元大台灣價值高息,10,4,6,凱基-北門,2024-10-23,9283
3041,揚智,6,0,6,凱基-北門,2024-10-23,9283
9955,佳龍,6,0,6,凱基-北門,2024-10-23,9283
3013,晟銘電,21,15,6,凱基-北門,2024-10-23,9283
00948B,中信優息投資級債,5,0,5,凱基-北門,2024-10-23,9283
00919,群益台灣精選高息,6,1,5,凱基-北門,2024-10-23,9283
8028,昇陽半導體,18,13,5,凱基-北門,2024-10-23,9283
2449,京元電子,9,4,5,凱基-北門,2024-10-23,9283
00918,大華優利高填息30,5,0,5,凱基-北門,2024-10-23,9283
1440,南紡,5,0,5,凱基-北門,2024-10-23,9283
1717,長興,5,0,5,凱基-北門,2024-10-23,9283
2385,群光,5,0,5,凱基-北門,2024-10-23,9283
2633,台灣高鐵,5,0,5,凱基-北門,2024-10-23,9283
2801,彰銀,5,0,5,凱基-北門,2024-10-23,9283
2812,台中銀,5,0,5,凱基-北門,2024-10-23,9283
2887,台新金,5,0,5,凱基-北門,2024-10-23,9283
3272,東碩,7,2,5,凱基-北門,2024-10-23,9283
3354,律勝,26,21,5,凱基-北門,2024-10-23,9283
3550,聯穎,5,0,5,凱基-北門,2024-10-23,9283
3588,通嘉,5,0,5,凱基-北門,2024-10-23,9283
4716,大立,114,8,106,凱基-北門,2024-10-24,9283
00940,元大台灣價值高息,111,43,68,凱基-北門,2024-10-24,9283
00753L,中信中國50正2,62,25,37,凱基-北門,2024-10-24,9283
00948B,中信優息投資級債,35,0,35,凱基-北門,2024-10-24,9283
0056,元大高股息,33,2,31,凱基-北門,2024-10-24,9283
2888,新光金,30,1,29,凱基-北門,2024-10-24,9283
00918,大華優利高填息30,25,0,25,凱基-北門,2024-10-24,9283
2431,聯昌,57,32,25,凱基-北門,2024-10-24,9283
3231,緯創,23,2,21,凱基-北門,2024-10-24,9283
2801,彰銀,21,0,21,凱基-北門,2024-10-24,9283
2883,凱基金,20,1,19,凱基-北門,2024-10-24,9283
00878,國泰永續高股息,21,5,16,凱基-北門,2024-10-24,9283
1513,中興電,22,6,16,凱基-北門,2024-10-24,9283
8104,錸寶,15,0,15,凱基-北門,2024-10-24,9283
00687B,國泰20年美債,24,10,14,凱基-北門,2024-10-24,9283
8249,菱光,21,7,14,凱基-北門,2024-10-24,9283
2891,中信金,15,2,13,凱基-北門,2024-10-24,9283
2388,威盛,20,7,13,凱基-北門,2024-10-24,9283
2049,上銀,12,0,12,凱基-北門,2024-10-24,9283
00915,凱基優選高股息30,12,0,12,凱基-北門,2024-10-24,9283
8028,昇陽半導體,15,3,12,凱基-北門,2024-10-24,9283
2887,台新金,12,0,12,凱基-北門,2024-10-24,9283
2399,映泰,15,5,10,凱基-北門,2024-10-24,9283
2455,全新,11,1,10,凱基-北門,2024-10-24,9283
2477,美隆電,17,7,10,凱基-北門,2024-10-24,9283
2498,宏達電,11,1,10,凱基-北門,2024-10-24,9283
2836,高雄銀,10,0,10,凱基-北門,2024-10-24,9283
2892,第一金,11,1,10,凱基-北門,2024-10-24,9283
3021,鴻名,19,9,10,凱基-北門,2024-10-24,9283
2014,中鴻,9,0,9,凱基-北門,2024-10-24,9283
2707,晶華,9,0,9,凱基-北門,2024-10-24,9283
3481,群創,17,8,9,凱基-北門,2024-10-24,9283
00733,富邦臺灣中小,9,0,9,凱基-北門,2024-10-24,9283
2486,一詮,11,3,8,凱基-北門,2024-10-24,9283
00665L,富邦�琤肭磪囓�2,8,0,8,凱基-北門,2024-10-24,9283
1591,駿吉-KY,8,0,8,凱基-北門,2024-10-24,9283
2312,金寶,22,14,8,凱基-北門,2024-10-24,9283
3164,景岳,8,0,8,凱基-北門,2024-10-24,9283
3687,歐買尬,9,1,8,凱基-北門,2024-10-24,9283
6197,佳必琪,20,12,8,凱基-北門,2024-10-24,9283
3041,揚智,8,0,8,凱基-北門,2024-10-24,9283
00938,凱基優選30,22,15,7,凱基-北門,2024-10-24,9283
1717,長興,10,3,7,凱基-北門,2024-10-24,9283
2206,三陽工業,7,0,7,凱基-北門,2024-10-24,9283
4526,東台,35,28,7,凱基-北門,2024-10-24,9283
2603,長榮,7,0,7,凱基-北門,2024-10-24,9283
2464,盟立,11,4,7,凱基-北門,2024-10-24,9283
6763,綠界科技*,17,11,6,凱基-北門,2024-10-24,9283
2301,光寶科,6,0,6,凱基-北門,2024-10-24,9283
00650L,復華香港正2,6,0,6,凱基-北門,2024-10-24,9283
2883,凱基金,60,1,59,凱基-北門,2024-10-25,9283
6142,友勁,51,0,51,凱基-北門,2024-10-25,9283
2495,普安,96,48,48,凱基-北門,2024-10-25,9283
2477,美隆電,54,7,47,凱基-北門,2024-10-25,9283
2344,華邦電,37,0,37,凱基-北門,2024-10-25,9283
00712,復華富時不動產,32,0,32,凱基-北門,2024-10-25,9283
2356,英業達,31,0,31,凱基-北門,2024-10-25,9283
00940,元大台灣價值高息,30,0,30,凱基-北門,2024-10-25,9283
00919,群益台灣精選高息,23,1,22,凱基-北門,2024-10-25,9283
00715L,期街口布蘭特正2,22,0,22,凱基-北門,2024-10-25,9283
00878,國泰永續高股息,21,0,21,凱基-北門,2024-10-25,9283
6173,信昌電,21,0,21,凱基-北門,2024-10-25,9283
1584,精剛,20,0,20,凱基-北門,2024-10-25,9283
2332,友訊,30,10,20,凱基-北門,2024-10-25,9283
5488,松普,21,1,20,凱基-北門,2024-10-25,9283
6425,易發,20,1,19,凱基-北門,2024-10-25,9283
912000,晨訊科-DR,19,0,19,凱基-北門,2024-10-25,9283
5607,遠雄港,20,3,17,凱基-北門,2024-10-25,9283
00680L,元大美債20正2,27,10,17,凱基-北門,2024-10-25,9283
2070,精湛,28,11,17,凱基-北門,2024-10-25,9283
8390,金益鼎,16,0,16,凱基-北門,2024-10-25,9283
2801,彰銀,15,0,15,凱基-北門,2024-10-25,9283
00937B,群益ESG投等債20,24,10,14,凱基-北門,2024-10-25,9283
00882,中信中國高股息,14,0,14,凱基-北門,2024-10-25,9283
2455,全新,16,2,14,凱基-北門,2024-10-25,9283
00753L,中信中國50正2,54,41,13,凱基-北門,2024-10-25,9283
2605,新興,13,0,13,凱基-北門,2024-10-25,9283
0056,元大高股息,12,0,12,凱基-北門,2024-10-25,9283
2867,三商壽,12,0,12,凱基-北門,2024-10-25,9283
3663,鑫科,13,1,12,凱基-北門,2024-10-25,9283
1524,耿鼎,11,0,11,凱基-北門,2024-10-25,9283
2609,陽明,15,4,11,凱基-北門,2024-10-25,9283
00915,凱基優選高股息30,11,0,11,凱基-北門,2024-10-25,9283
2888,新光金,10,0,10,凱基-北門,2024-10-25,9283
1568,倉佑,21,11,10,凱基-北門,2024-10-25,9283
3360,尚立,10,0,10,凱基-北門,2024-10-25,9283
6415,矽力*-KY,10,0,10,凱基-北門,2024-10-25,9283
8908,欣雄,10,0,10,凱基-北門,2024-10-25,9283
4763,材料-KY,10,1,9,凱基-北門,2024-10-25,9283
6158,禾昌,9,0,9,凱基-北門,2024-10-25,9283
00959B,大華投等美債15Y+,7,0,7,凱基-北門,2024-10-25,9283
6237,驊訊,7,0,7,凱基-北門,2024-10-25,9283
006208,富邦台50,8,2,6,凱基-北門,2024-10-25,9283
2303,聯電,6,0,6,凱基-北門,2024-10-25,9283
6275,元山,6,0,6,凱基-北門,2024-10-25,9283
6535,順藥,7,1,6,凱基-北門,2024-10-25,9283
6546,正基,6,0,6,凱基-北門,2024-10-25,9283
3029,零壹,16,11,5,凱基-北門,2024-10-25,9283
00725B,國泰投資級公司債,5,0,5,凱基-北門,2024-10-25,9283
00905,FT臺灣Smart,10,5,5,凱基-北門,2024-10-25,9283
00715L,期街口布蘭特正2,129,1,128,凱基-北門,2024-10-28,9283
00665L,富邦�琤肭磪囓�2,103,0,103,凱基-北門,2024-10-28,9283
00679B,元大美債20年,62,0,62,凱基-北門,2024-10-28,9283
2883,凱基金,53,2,51,凱基-北門,2024-10-28,9283
6164,華興,50,0,50,凱基-北門,2024-10-28,9283
1584,精剛,33,0,33,凱基-北門,2024-10-28,9283
8070,長華*,31,0,31,凱基-北門,2024-10-28,9283
2402,毅嘉,31,3,28,凱基-北門,2024-10-28,9283
00959B,大華投等美債15Y+,27,0,27,凱基-北門,2024-10-28,9283
00687B,國泰20年美債,37,10,27,凱基-北門,2024-10-28,9283
3231,緯創,31,6,25,凱基-北門,2024-10-28,9283
2399,映泰,34,9,25,凱基-北門,2024-10-28,9283
1524,耿鼎,24,1,23,凱基-北門,2024-10-28,9283
2317,鴻海,66,43,23,凱基-北門,2024-10-28,9283
00680L,元大美債20正2,41,20,21,凱基-北門,2024-10-28,9283
1464,得力,21,0,21,凱基-北門,2024-10-28,9283
00720B,元大投資級公司債,20,0,20,凱基-北門,2024-10-28,9283
2801,彰銀,20,0,20,凱基-北門,2024-10-28,9283
4533,協易機,20,0,20,凱基-北門,2024-10-28,9283
5488,松普,27,7,20,凱基-北門,2024-10-28,9283
2836,高雄銀,20,0,20,凱基-北門,2024-10-28,9283
1721,三晃,20,2,18,凱基-北門,2024-10-28,9283
6288,聯嘉,30,12,18,凱基-北門,2024-10-28,9283
2006,東和鋼鐵,17,0,17,凱基-北門,2024-10-28,9283
2303,聯電,16,0,16,凱基-北門,2024-10-28,9283
00752,中信中國50,16,0,16,凱基-北門,2024-10-28,9283
1717,長興,15,0,15,凱基-北門,2024-10-28,9283
6425,易發,15,0,15,凱基-北門,2024-10-28,9283
2891,中信金,14,0,14,凱基-北門,2024-10-28,9283
3550,聯穎,11,0,11,凱基-北門,2024-10-28,9283
6129,普誠,11,0,11,凱基-北門,2024-10-28,9283
8908,欣雄,11,0,11,凱基-北門,2024-10-28,9283
00655L,國泰中國A50正2,10,0,10,凱基-北門,2024-10-28,9283
00882,中信中國高股息,10,0,10,凱基-北門,2024-10-28,9283
2633,台灣高鐵,10,0,10,凱基-北門,2024-10-28,9283
2646,星宇航空,11,2,9,凱基-北門,2024-10-28,9283
2354,鴻準,26,17,9,凱基-北門,2024-10-28,9283
3447,展達,42,33,9,凱基-北門,2024-10-28,9283
00795B,中信美國公債20年,11,3,8,凱基-北門,2024-10-28,9283
00725B,國泰投資級公司債,8,0,8,凱基-北門,2024-10-28,9283
00713,元大台灣高息低波,8,0,8,凱基-北門,2024-10-28,9283
00688L,國泰20年美債正2,8,0,8,凱基-北門,2024-10-28,9283
2605,新興,8,0,8,凱基-北門,2024-10-28,9283
3164,景岳,8,0,8,凱基-北門,2024-10-28,9283
2363,矽統,17,10,7,凱基-北門,2024-10-28,9283
00712,復華富時不動產,7,0,7,凱基-北門,2024-10-28,9283
00919,群益台灣精選高息,7,0,7,凱基-北門,2024-10-28,9283
3374,精材,9,3,6,凱基-北門,2024-10-28,9283
00891,中信關鍵半導體,6,0,6,凱基-北門,2024-10-28,9283
4909,新復興,19,13,6,凱基-北門,2024-10-28,9283
00946,群益科技高息成長,216,0,216,凱基-北門,2024-10-29,9283
00715L,期街口布蘭特正2,99,0,99,凱基-北門,2024-10-29,9283
00940,元大台灣價值高息,127,35,92,凱基-北門,2024-10-29,9283
00929,復華台灣科技優息,95,10,85,凱基-北門,2024-10-29,9283
2303,聯電,69,2,67,凱基-北門,2024-10-29,9283
00919,群益台灣精選高息,63,0,63,凱基-北門,2024-10-29,9283
6142,友勁,56,0,56,凱基-北門,2024-10-29,9283
2883,凱基金,54,1,53,凱基-北門,2024-10-29,9283
0056,元大高股息,42,0,42,凱基-北門,2024-10-29,9283
00878,國泰永續高股息,41,10,31,凱基-北門,2024-10-29,9283
00922,國泰台灣領袖50,30,0,30,凱基-北門,2024-10-29,9283
6133,金橋,33,3,30,凱基-北門,2024-10-29,9283
5488,松普,35,11,24,凱基-北門,2024-10-29,9283
00706L,期元大S＆P日圓正2,21,0,21,凱基-北門,2024-10-29,9283
00712,復華富時不動產,20,0,20,凱基-北門,2024-10-29,9283
2888,新光金,20,0,20,凱基-北門,2024-10-29,9283
6164,華興,20,0,20,凱基-北門,2024-10-29,9283
3041,揚智,20,0,20,凱基-北門,2024-10-29,9283
00675L,富邦臺灣加權正2,17,0,17,凱基-北門,2024-10-29,9283
5871,中租-KY,17,0,17,凱基-北門,2024-10-29,9283
2646,星宇航空,20,3,17,凱基-北門,2024-10-29,9283
00918,大華優利高填息30,15,0,15,凱基-北門,2024-10-29,9283
2014,中鴻,14,0,14,凱基-北門,2024-10-29,9283
6274,台燿,14,0,14,凱基-北門,2024-10-29,9283
00753L,中信中國50正2,21,8,13,凱基-北門,2024-10-29,9283
2867,三商壽,13,1,12,凱基-北門,2024-10-29,9283
4958,臻鼎-KY,12,0,12,凱基-北門,2024-10-29,9283
6156,松上,15,3,12,凱基-北門,2024-10-29,9283
00642U,期元大S＆P石油,11,0,11,凱基-北門,2024-10-29,9283
2425,承啟,12,1,11,凱基-北門,2024-10-29,9283
2498,宏達電,11,0,11,凱基-北門,2024-10-29,9283
2836,高雄銀,11,0,11,凱基-北門,2024-10-29,9283
2633,台灣高鐵,10,0,10,凱基-北門,2024-10-29,9283
2431,聯昌,14,4,10,凱基-北門,2024-10-29,9283
2801,彰銀,10,0,10,凱基-北門,2024-10-29,9283
3050,鈺德,10,0,10,凱基-北門,2024-10-29,9283
3607,谷崧,10,0,10,凱基-北門,2024-10-29,9283
8069,元太,10,0,10,凱基-北門,2024-10-29,9283
8150,南茂,10,0,10,凱基-北門,2024-10-29,9283
0050,元大台灣50,9,0,9,凱基-北門,2024-10-29,9283
1789,神隆,9,0,9,凱基-北門,2024-10-29,9283
2354,鴻準,11,2,9,凱基-北門,2024-10-29,9283
6952,大武山,9,0,9,凱基-北門,2024-10-29,9283
2312,金寶,9,0,9,凱基-北門,2024-10-29,9283
00713,元大台灣高息低波,9,0,9,凱基-北門,2024-10-29,9283
1709,和益,7,0,7,凱基-北門,2024-10-29,9283
4526,東台,10,3,7,凱基-北門,2024-10-29,9283
8044,網家,7,0,7,凱基-北門,2024-10-29,9283
5880,合庫金,7,0,7,凱基-北門,2024-10-29,9283
2330,台積電,10,4,6,凱基-北門,2024-10-29,9283
5880,合庫金,100,0,100,凱基-北門,2024-10-30,9283
00632R,元大台灣50反1,60,0,60,凱基-北門,2024-10-30,9283
3481,群創,50,1,49,凱基-北門,2024-10-30,9283
2313,華通,48,5,43,凱基-北門,2024-10-30,9283
8390,金益鼎,40,0,40,凱基-北門,2024-10-30,9283
2399,映泰,50,12,38,凱基-北門,2024-10-30,9283
00680L,元大美債20正2,35,0,35,凱基-北門,2024-10-30,9283
00959B,大華投等美債15Y+,32,0,32,凱基-北門,2024-10-30,9283
6285,啟��,31,1,30,凱基-北門,2024-10-30,9283
8104,錸寶,27,0,27,凱基-北門,2024-10-30,9283
2801,彰銀,26,0,26,凱基-北門,2024-10-30,9283
00753L,中信中國50正2,43,21,22,凱基-北門,2024-10-30,9283
1605,華新,22,0,22,凱基-北門,2024-10-30,9283
2836,高雄銀,20,0,20,凱基-北門,2024-10-30,9283
6405,悅城,21,1,20,凱基-北門,2024-10-30,9283
2618,長榮航,20,1,19,凱基-北門,2024-10-30,9283
1802,台玻,21,3,18,凱基-北門,2024-10-30,9283
2303,聯電,21,4,17,凱基-北門,2024-10-30,9283
00655L,國泰中國A50正2,15,0,15,凱基-北門,2024-10-30,9283
00715L,期街口布蘭特正2,19,5,14,凱基-北門,2024-10-30,9283
00712,復華富時不動產,13,0,13,凱基-北門,2024-10-30,9283
5488,松普,20,8,12,凱基-北門,2024-10-30,9283
00706L,期元大S＆P日圓正2,11,0,11,凱基-北門,2024-10-30,9283
00633L,富邦上証正2,11,0,11,凱基-北門,2024-10-30,9283
00922,國泰台灣領袖50,10,0,10,凱基-北門,2024-10-30,9283
1540,喬福,10,0,10,凱基-北門,2024-10-30,9283
6217,中探針,10,0,10,凱基-北門,2024-10-30,9283
3029,零壹,10,1,9,凱基-北門,2024-10-30,9283
8011,台通,9,0,9,凱基-北門,2024-10-30,9283
5438,東友,9,1,8,凱基-北門,2024-10-30,9283
6156,松上,10,2,8,凱基-北門,2024-10-30,9283
2337,旺宏,7,0,7,凱基-北門,2024-10-30,9283
00650L,復華香港正2,7,0,7,凱基-北門,2024-10-30,9283
00642U,期元大S＆P石油,7,0,7,凱基-北門,2024-10-30,9283
00665L,富邦�琤肭磪囓�2,70,63,7,凱基-北門,2024-10-30,9283
3686,達能,7,0,7,凱基-北門,2024-10-30,9283
4919,新唐,14,7,7,凱基-北門,2024-10-30,9283
8421,旭源,10,3,7,凱基-北門,2024-10-30,9283
2371,大同,7,0,7,凱基-北門,2024-10-30,9283
2890,永豐金,6,0,6,凱基-北門,2024-10-30,9283
00795B,中信美國公債20年,6,0,6,凱基-北門,2024-10-30,9283
1528,恩德,35,29,6,凱基-北門,2024-10-30,9283
2913,農林,6,0,6,凱基-北門,2024-10-30,9283
3581,博磊,23,17,6,凱基-北門,2024-10-30,9283
6127,九豪,6,0,6,凱基-北門,2024-10-30,9283
6167,久正,6,0,6,凱基-北門,2024-10-30,9283
00725B,國泰投資級公司債,5,0,5,凱基-北門,2024-10-30,9283
00915,凱基優選高股息30,5,0,5,凱基-北門,2024-10-30,9283
1717,長興,5,0,5,凱基-北門,2024-10-30,9283
2409,友達,5,0,5,凱基-北門,2024-10-30,9283
2888,新光金,102,0,102,凱基-北門,2024-11-01,9283
00940,元大台灣價值高息,105,13,92,凱基-北門,2024-11-01,9283
2303,聯電,59,8,51,凱基-北門,2024-11-01,9283
4526,東台,43,1,42,凱基-北門,2024-11-01,9283
8390,金益鼎,39,0,39,凱基-北門,2024-11-01,9283
00632R,元大台灣50反1,30,0,30,凱基-北門,2024-11-01,9283
4956,光鋐,27,0,27,凱基-北門,2024-11-01,9283
00878,國泰永續高股息,30,5,25,凱基-北門,2024-11-01,9283
3481,群創,40,16,24,凱基-北門,2024-11-01,9283
2646,星宇航空,23,0,23,凱基-北門,2024-11-01,9283
00712,復華富時不動產,22,0,22,凱基-北門,2024-11-01,9283
3141,晶宏,20,0,20,凱基-北門,2024-11-01,9283
2317,鴻海,37,19,18,凱基-北門,2024-11-01,9283
4903,聯光通,19,1,18,凱基-北門,2024-11-01,9283
0056,元大高股息,16,0,16,凱基-北門,2024-11-01,9283
00900,富邦特選高股息30,15,0,15,凱基-北門,2024-11-01,9283
2337,旺宏,15,1,14,凱基-北門,2024-11-01,9283
00959B,大華投等美債15Y+,14,0,14,凱基-北門,2024-11-01,9283
1785,光洋科,14,0,14,凱基-北門,2024-11-01,9283
00948B,中信優息投資級債,12,0,12,凱基-北門,2024-11-01,9283
00953B,群益優選非投等債,12,0,12,凱基-北門,2024-11-01,9283
00679B,元大美債20年,11,0,11,凱基-北門,2024-11-01,9283
1605,華新,11,0,11,凱基-北門,2024-11-01,9283
2883,凱基金,11,0,11,凱基-北門,2024-11-01,9283
3702,大聯大,11,0,11,凱基-北門,2024-11-01,9283
00933B,國泰10Y+金融債,10,0,10,凱基-北門,2024-11-01,9283
00941,中信上游半導體,10,0,10,凱基-北門,2024-11-01,9283
1524,耿鼎,10,0,10,凱基-北門,2024-11-01,9283
1789,神隆,10,0,10,凱基-北門,2024-11-01,9283
2633,台灣高鐵,10,0,10,凱基-北門,2024-11-01,9283
2891,中信金,10,0,10,凱基-北門,2024-11-01,9283
3354,律勝,10,0,10,凱基-北門,2024-11-01,9283
3710,連展投控,10,0,10,凱基-北門,2024-11-01,9283
6151,晉倫,10,1,9,凱基-北門,2024-11-01,9283
00915,凱基優選高股息30,8,0,8,凱基-北門,2024-11-01,9283
0050,元大台灣50,8,0,8,凱基-北門,2024-11-01,9283
2886,兆豐金,7,0,7,凱基-北門,2024-11-01,9283
00675L,富邦臺灣加權正2,7,0,7,凱基-北門,2024-11-01,9283
3661,世芯-KY,8,1,7,凱基-北門,2024-11-01,9283
00924,復華S＆P500成長,6,0,6,凱基-北門,2024-11-01,9283
00830,國泰費城半導體,6,0,6,凱基-北門,2024-11-01,9283
8044,網家,6,0,6,凱基-北門,2024-11-01,9283
00919,群益台灣精選高息,20,14,6,凱基-北門,2024-11-01,9283
2867,三商壽,6,0,6,凱基-北門,2024-11-01,9283
006208,富邦台50,5,0,5,凱基-北門,2024-11-01,9283
1101,台泥,5,0,5,凱基-北門,2024-11-01,9283
6274,台燿,11,6,5,凱基-北門,2024-11-01,9283
00692,富邦公司治理,5,0,5,凱基-北門,2024-11-01,9283
00725B,國泰投資級公司債,5,0,5,凱基-北門,2024-11-01,9283
00673R,期元大S＆P原油反1,5,0,5,凱基-北門,2024-11-01,9283
00919,群益台灣精選高息,72,1,71,凱基-北門,2024-11-04,9283
6265,方土昶,61,0,61,凱基-北門,2024-11-04,9283
00948B,中信優息投資級債,60,0,60,凱基-北門,2024-11-04,9283
2609,陽明,59,2,57,凱基-北門,2024-11-04,9283
9105,泰金寶-DR,56,0,56,凱基-北門,2024-11-04,9283
3450,聯鈞,53,11,42,凱基-北門,2024-11-04,9283
00878,國泰永續高股息,41,0,41,凱基-北門,2024-11-04,9283
5225,東科-KY,42,1,41,凱基-北門,2024-11-04,9283
00679B,元大美債20年,38,0,38,凱基-北門,2024-11-04,9283
2349,錸德,39,6,33,凱基-北門,2024-11-04,9283
6425,易發,34,3,31,凱基-北門,2024-11-04,9283
6405,悅城,30,0,30,凱基-北門,2024-11-04,9283
00712,復華富時不動產,33,4,29,凱基-北門,2024-11-04,9283
8390,金益鼎,27,0,27,凱基-北門,2024-11-04,9283
4526,東台,22,1,21,凱基-北門,2024-11-04,9283
00943,兆豐電子高息等權,21,1,20,凱基-北門,2024-11-04,9283
3047,訊舟,20,0,20,凱基-北門,2024-11-04,9283
0056,元大高股息,21,2,19,凱基-北門,2024-11-04,9283
6133,金橋,23,6,17,凱基-北門,2024-11-04,9283
00954,中信日本半導體,15,0,15,凱基-北門,2024-11-04,9283
00955,中信日本商社,15,0,15,凱基-北門,2024-11-04,9283
6187,萬潤,20,7,13,凱基-北門,2024-11-04,9283
00633L,富邦上証正2,12,0,12,凱基-北門,2024-11-04,9283
4909,新復興,13,1,12,凱基-北門,2024-11-04,9283
2337,旺宏,10,0,10,凱基-北門,2024-11-04,9283
5347,世界,10,0,10,凱基-北門,2024-11-04,9283
00713,元大台灣高息低波,10,0,10,凱基-北門,2024-11-04,9283
00932,兆豐永續高息等權,10,0,10,凱基-北門,2024-11-04,9283
00959B,大華投等美債15Y+,10,0,10,凱基-北門,2024-11-04,9283
2006,東和鋼鐵,10,0,10,凱基-北門,2024-11-04,9283
8070,長華*,10,0,10,凱基-北門,2024-11-04,9283
2615,萬海,20,11,9,凱基-北門,2024-11-04,9283
2883B,凱基金乙特,10,1,9,凱基-北門,2024-11-04,9283
6127,九豪,12,3,9,凱基-北門,2024-11-04,9283
3702,大聯大,8,0,8,凱基-北門,2024-11-04,9283
2890,永豐金,8,0,8,凱基-北門,2024-11-04,9283
6278,台表科,8,0,8,凱基-北門,2024-11-04,9283
2329,華泰,8,1,7,凱基-北門,2024-11-04,9283
2464,盟立,8,1,7,凱基-北門,2024-11-04,9283
2801,彰銀,7,0,7,凱基-北門,2024-11-04,9283
00725B,國泰投資級公司債,6,0,6,凱基-北門,2024-11-04,9283
00887,永豐中國科技50大,6,0,6,凱基-北門,2024-11-04,9283
3049,精金,6,0,6,凱基-北門,2024-11-04,9283
8104,錸寶,6,0,6,凱基-北門,2024-11-04,9283
1784,訊聯,5,0,5,凱基-北門,2024-11-04,9283
00857B,永豐20年美公債,5,0,5,凱基-北門,2024-11-04,9283
00688L,國泰20年美債正2,5,0,5,凱基-北門,2024-11-04,9283
00952,凱基台灣AI50,5,0,5,凱基-北門,2024-11-04,9283
1568,倉佑,5,0,5,凱基-北門,2024-11-04,9283
1717,長興,5,0,5,凱基-北門,2024-11-04,9283
2303,聯電,80,12,68,凱基-北門,2024-11-05,9283
00919,群益台灣精選高息,31,1,30,凱基-北門,2024-11-05,9283
00929,復華台灣科技優息,42,23,19,凱基-北門,2024-11-05,9283
4903,聯光通,53,40,13,凱基-北門,2024-11-05,9283
3049,精金,18,7,11,凱基-北門,2024-11-05,9283
3211,順達,11,0,11,凱基-北門,2024-11-05,9283
5225,東科-KY,10,0,10,凱基-北門,2024-11-05,9283
1717,長興,10,0,10,凱基-北門,2024-11-05,9283
2206,三陽工業,10,0,10,凱基-北門,2024-11-05,9283
2312,金寶,29,19,10,凱基-北門,2024-11-05,9283
6547,高端疫苗,10,0,10,凱基-北門,2024-11-05,9283
00915,凱基優選高股息30,8,0,8,凱基-北門,2024-11-05,9283
00946,群益科技高息成長,10,2,8,凱基-北門,2024-11-05,9283
8249,菱光,30,22,8,凱基-北門,2024-11-05,9283
1528,恩德,41,34,7,凱基-北門,2024-11-05,9283
8112,至上,7,0,7,凱基-北門,2024-11-05,9283
2354,鴻準,41,34,7,凱基-北門,2024-11-05,9283
1522,堤維西,6,0,6,凱基-北門,2024-11-05,9283
2634,漢翔,6,0,6,凱基-北門,2024-11-05,9283
3047,訊舟,10,4,6,凱基-北門,2024-11-05,9283
4545,銘鈺,6,0,6,凱基-北門,2024-11-05,9283
6156,松上,11,5,6,凱基-北門,2024-11-05,9283
6257,矽格,13,7,6,凱基-北門,2024-11-05,9283
2344,華邦電,6,0,6,凱基-北門,2024-11-05,9283
2887,台新金,6,0,6,凱基-北門,2024-11-05,9283
00932,兆豐永續高息等權,5,0,5,凱基-北門,2024-11-05,9283
00930,永豐ESG低碳高息,5,0,5,凱基-北門,2024-11-05,9283
6274,台燿,5,0,5,凱基-北門,2024-11-05,9283
8044,網家,6,1,5,凱基-北門,2024-11-05,9283
00687B,國泰20年美債,5,0,5,凱基-北門,2024-11-05,9283
1319,東陽,5,1,4,凱基-北門,2024-11-05,9283
2477,美隆電,4,0,4,凱基-北門,2024-11-05,9283
4915,致伸,4,0,4,凱基-北門,2024-11-05,9283
5608,四維航,4,0,4,凱基-北門,2024-11-05,9283
5907,大洋-KY,4,0,4,凱基-北門,2024-11-05,9283
3402,漢科,3,0,3,凱基-北門,2024-11-05,9283
1789,神隆,3,0,3,凱基-北門,2024-11-05,9283
2367,燿華,3,0,3,凱基-北門,2024-11-05,9283
2397,友通,4,1,3,凱基-北門,2024-11-05,9283
2406,國碩,3,0,3,凱基-北門,2024-11-05,9283
2419,仲琦,4,1,3,凱基-北門,2024-11-05,9283
4729,熒茂,5,2,3,凱基-北門,2024-11-05,9283
4919,新唐,4,1,3,凱基-北門,2024-11-05,9283
6877,鏵友益,3,0,3,凱基-北門,2024-11-05,9283
006208,富邦台50,3,0,3,凱基-北門,2024-11-05,9283
00940,元大台灣價值高息,2,0,2,凱基-北門,2024-11-05,9283
3017,奇鋐,4,2,2,凱基-北門,2024-11-05,9283
00731,復華富時高息低波,2,0,2,凱基-北門,2024-11-05,9283
0056,元大高股息,2,0,2,凱基-北門,2024-11-05,9283
3711,日月光投控,5,3,2,凱基-北門,2024-11-05,9283
00679B,元大美債20年,147,3,144,凱基-北門,2024-11-06,9283
00878,國泰永續高股息,135,14,121,凱基-北門,2024-11-06,9283
3450,聯鈞,56,5,51,凱基-北門,2024-11-06,9283
6405,悅城,55,5,50,凱基-北門,2024-11-06,9283
2312,金寶,155,107,48,凱基-北門,2024-11-06,9283
00688L,國泰20年美債正2,45,0,45,凱基-北門,2024-11-06,9283
3141,晶宏,37,0,37,凱基-北門,2024-11-06,9283
00706L,期元大S＆P日圓正2,34,0,34,凱基-北門,2024-11-06,9283
00665L,富邦�琤肭磪囓�2,37,5,32,凱基-北門,2024-11-06,9283
6142,友勁,30,0,30,凱基-北門,2024-11-06,9283
00687B,國泰20年美債,54,26,28,凱基-北門,2024-11-06,9283
2609,陽明,41,20,21,凱基-北門,2024-11-06,9283
00919,群益台灣精選高息,21,0,21,凱基-北門,2024-11-06,9283
00795B,中信美國公債20年,25,6,19,凱基-北門,2024-11-06,9283
00857B,永豐20年美公債,14,0,14,凱基-北門,2024-11-06,9283
1449,佳和,35,22,13,凱基-北門,2024-11-06,9283
2303,聯電,36,24,12,凱基-北門,2024-11-06,9283
2887,台新金,12,0,12,凱基-北門,2024-11-06,9283
00753L,中信中國50正2,34,23,11,凱基-北門,2024-11-06,9283
8032,光菱,29,18,11,凱基-北門,2024-11-06,9283
1717,長興,10,0,10,凱基-北門,2024-11-06,9283
2031,新光鋼,10,0,10,凱基-北門,2024-11-06,9283
2834,臺企銀,10,0,10,凱基-北門,2024-11-06,9283
6505,台塑化,10,0,10,凱基-北門,2024-11-06,9283
00960,野村全球航運龍頭,9,0,9,凱基-北門,2024-11-06,9283
2349,錸德,7,0,7,凱基-北門,2024-11-06,9283
2344,華邦電,7,0,7,凱基-北門,2024-11-06,9283
2368,金像電,7,0,7,凱基-北門,2024-11-06,9283
8249,菱光,29,22,7,凱基-北門,2024-11-06,9283
006208,富邦台50,11,4,7,凱基-北門,2024-11-06,9283
2317,鴻海,20,14,6,凱基-北門,2024-11-06,9283
00952,凱基台灣AI50,6,0,6,凱基-北門,2024-11-06,9283
3062,建漢,14,8,6,凱基-北門,2024-11-06,9283
00762,元大全球AI,5,0,5,凱基-北門,2024-11-06,9283
1609,大亞,7,2,5,凱基-北門,2024-11-06,9283
3580,友威科,5,0,5,凱基-北門,2024-11-06,9283
4743,合一,6,1,5,凱基-北門,2024-11-06,9283
6288,聯嘉,11,6,5,凱基-北門,2024-11-06,9283
6425,易發,5,0,5,凱基-北門,2024-11-06,9283
6589,台康生技,6,1,5,凱基-北門,2024-11-06,9283
00725B,國泰投資級公司債,5,1,4,凱基-北門,2024-11-06,9283
1307,三芳,10,6,4,凱基-北門,2024-11-06,9283
5484,慧友,4,0,4,凱基-北門,2024-11-06,9283
00915,凱基優選高股息30,3,0,3,凱基-北門,2024-11-06,9283
00720B,元大投資級公司債,3,0,3,凱基-北門,2024-11-06,9283
5347,世界,3,0,3,凱基-北門,2024-11-06,9283
00887,永豐中國科技50大,28,25,3,凱基-北門,2024-11-06,9283
00902,中信電池及儲能,3,0,3,凱基-北門,2024-11-06,9283
00673R,期元大S＆P原油反1,3,0,3,凱基-北門,2024-11-06,9283
2106,建大,3,0,3,凱基-北門,2024-11-06,9283
00887,永豐中國科技50大,83,2,81,凱基-北門,2024-11-07,9283
1815,富喬,45,6,39,凱基-北門,2024-11-07,9283
00679B,元大美債20年,36,5,31,凱基-北門,2024-11-07,9283
00937B,群益ESG投等債20,29,0,29,凱基-北門,2024-11-07,9283
2027,大成鋼,27,2,25,凱基-北門,2024-11-07,9283
6241,易通展,25,0,25,凱基-北門,2024-11-07,9283
3260,威剛,20,2,18,凱基-北門,2024-11-07,9283
4766,南寶,17,0,17,凱基-北門,2024-11-07,9283
9105,泰金寶-DR,28,11,17,凱基-北門,2024-11-07,9283
00688L,國泰20年美債正2,15,0,15,凱基-北門,2024-11-07,9283
00954,中信日本半導體,15,0,15,凱基-北門,2024-11-07,9283
2449,京元電子,22,10,12,凱基-北門,2024-11-07,9283
2206,三陽工業,10,0,10,凱基-北門,2024-11-07,9283
2707,晶華,10,0,10,凱基-北門,2024-11-07,9283
2836,高雄銀,10,0,10,凱基-北門,2024-11-07,9283
2887,台新金,10,0,10,凱基-北門,2024-11-07,9283
00878,國泰永續高股息,10,1,9,凱基-北門,2024-11-07,9283
6133,金橋,8,0,8,凱基-北門,2024-11-07,9283
00712,復華富時不動產,8,0,8,凱基-北門,2024-11-07,9283
2399,映泰,25,17,8,凱基-北門,2024-11-07,9283
4558,寶緯,8,0,8,凱基-北門,2024-11-07,9283
2603,長榮,11,4,7,凱基-北門,2024-11-07,9283
00948B,中信優息投資級債,7,0,7,凱基-北門,2024-11-07,9283
2312,金寶,47,40,7,凱基-北門,2024-11-07,9283
2425,承啟,53,46,7,凱基-北門,2024-11-07,9283
3019,亞光,7,0,7,凱基-北門,2024-11-07,9283
2049,上銀,9,2,7,凱基-北門,2024-11-07,9283
00795B,中信美國公債20年,6,0,6,凱基-北門,2024-11-07,9283
5519,隆大,6,0,6,凱基-北門,2024-11-07,9283
6573,虹揚-KY,6,0,6,凱基-北門,2024-11-07,9283
00930,永豐ESG低碳高息,5,0,5,凱基-北門,2024-11-07,9283
2362,藍天,5,0,5,凱基-北門,2024-11-07,9283
2401,凌陽,7,2,5,凱基-北門,2024-11-07,9283
2883B,凱基金乙特,5,0,5,凱基-北門,2024-11-07,9283
2889,國票金,5,0,5,凱基-北門,2024-11-07,9283
3705,永信,5,0,5,凱基-北門,2024-11-07,9283
5315,光聯,5,0,5,凱基-北門,2024-11-07,9283
6005,群益證,5,0,5,凱基-北門,2024-11-07,9283
6443,元晶,5,0,5,凱基-北門,2024-11-07,9283
3450,聯鈞,16,11,5,凱基-北門,2024-11-07,9283
3231,緯創,15,11,4,凱基-北門,2024-11-07,9283
2467,志聖,4,0,4,凱基-北門,2024-11-07,9283
2497,怡利電,6,2,4,凱基-北門,2024-11-07,9283
5011,久陽,4,0,4,凱基-北門,2024-11-07,9283
5225,東科-KY,4,0,4,凱基-北門,2024-11-07,9283
8069,元太,3,0,3,凱基-北門,2024-11-07,9283
006208,富邦台50,3,0,3,凱基-北門,2024-11-07,9283
00664R,國泰臺灣加權反1,3,0,3,凱基-北門,2024-11-07,9283
2367,燿華,3,0,3,凱基-北門,2024-11-07,9283
2892,第一金,3,0,3,凱基-北門,2024-11-07,9283
00887,永豐中國科技50大,118,15,103,凱基-北門,2024-11-08,9283
0061,元大寶滬深,70,0,70,凱基-北門,2024-11-08,9283
2337,旺宏,61,7,54,凱基-北門,2024-11-08,9283
00665L,富邦�琤肭磪囓�2,75,29,46,凱基-北門,2024-11-08,9283
2609,陽明,99,58,41,凱基-北門,2024-11-08,9283
1815,富喬,40,5,35,凱基-北門,2024-11-08,9283
2228,劍麟,35,0,35,凱基-北門,2024-11-08,9283
00929,復華台灣科技優息,52,22,30,凱基-北門,2024-11-08,9283
1316,上曜,30,0,30,凱基-北門,2024-11-08,9283
00632R,元大台灣50反1,29,0,29,凱基-北門,2024-11-08,9283
2495,普安,33,4,29,凱基-北門,2024-11-08,9283
00919,群益台灣精選高息,32,3,29,凱基-北門,2024-11-08,9283
2349,錸德,46,18,28,凱基-北門,2024-11-08,9283
00650L,復華香港正2,23,0,23,凱基-北門,2024-11-08,9283
00637L,元大滬深300正2,22,1,21,凱基-北門,2024-11-08,9283
3141,晶宏,20,0,20,凱基-北門,2024-11-08,9283
2354,鴻準,41,22,19,凱基-北門,2024-11-08,9283
2356,英業達,43,27,16,凱基-北門,2024-11-08,9283
00680L,元大美債20正2,25,11,14,凱基-北門,2024-11-08,9283
00952,凱基台灣AI50,19,5,14,凱基-北門,2024-11-08,9283
3013,晟銘電,17,3,14,凱基-北門,2024-11-08,9283
2014,中鴻,13,0,13,凱基-北門,2024-11-08,9283
3062,建漢,32,20,12,凱基-北門,2024-11-08,9283
6525,捷敏-KY,12,0,12,凱基-北門,2024-11-08,9283
00932,兆豐永續高息等權,10,0,10,凱基-北門,2024-11-08,9283
00945B,凱基美國非投等債,10,0,10,凱基-北門,2024-11-08,9283
1717,長興,10,0,10,凱基-北門,2024-11-08,9283
2417,圓剛,10,0,10,凱基-北門,2024-11-08,9283
2431,聯昌,11,1,10,凱基-北門,2024-11-08,9283
5876,上海商銀,10,0,10,凱基-北門,2024-11-08,9283
6505,台塑化,10,0,10,凱基-北門,2024-11-08,9283
9105,泰金寶-DR,15,5,10,凱基-北門,2024-11-08,9283
6285,啟��,9,0,9,凱基-北門,2024-11-08,9283
00940,元大台灣價值高息,25,16,9,凱基-北門,2024-11-08,9283
2731,雄獅,10,1,9,凱基-北門,2024-11-08,9283
5243,乙盛-KY,9,0,9,凱基-北門,2024-11-08,9283
8104,錸寶,21,12,9,凱基-北門,2024-11-08,9283
00878,國泰永續高股息,23,14,9,凱基-北門,2024-11-08,9283
2388,威盛,9,1,8,凱基-北門,2024-11-08,9283
00753L,中信中國50正2,52,44,8,凱基-北門,2024-11-08,9283
2483,百容,8,0,8,凱基-北門,2024-11-08,9283
6451,訊芯-KY,10,2,8,凱基-北門,2024-11-08,9283
1516,川飛,7,0,7,凱基-北門,2024-11-08,9283
2605,新興,7,0,7,凱基-北門,2024-11-08,9283
4526,東台,7,0,7,凱基-北門,2024-11-08,9283
00882,中信中國高股息,6,0,6,凱基-北門,2024-11-08,9283
9958,世紀鋼,6,0,6,凱基-北門,2024-11-08,9283
2069,運錩,11,5,6,凱基-北門,2024-11-08,9283
3213,茂訊,6,0,6,凱基-北門,2024-11-08,9283
6550,北極星藥業-KY,6,0,6,凱基-北門,2024-11-08,9283
00878,國泰永續高股息,71,5,66,凱基-北門,2024-11-11,9283
00753L,中信中國50正2,80,40,40,凱基-北門,2024-11-11,9283
00937B,群益ESG投等債20,35,0,35,凱基-北門,2024-11-11,9283
1709,和益,34,0,34,凱基-北門,2024-11-11,9283
2633,台灣高鐵,35,5,30,凱基-北門,2024-11-11,9283
1605,華新,26,0,26,凱基-北門,2024-11-11,9283
2303,聯電,39,14,25,凱基-北門,2024-11-11,9283
0056,元大高股息,28,5,23,凱基-北門,2024-11-11,9283
3062,建漢,35,12,23,凱基-北門,2024-11-11,9283
8104,錸寶,23,0,23,凱基-北門,2024-11-11,9283
00929,復華台灣科技優息,21,0,21,凱基-北門,2024-11-11,9283
6763,綠界科技*,22,2,20,凱基-北門,2024-11-11,9283
1815,富喬,20,0,20,凱基-北門,2024-11-11,9283
3548,兆利,20,0,20,凱基-北門,2024-11-11,9283
1301,台塑,17,2,15,凱基-北門,2024-11-11,9283
1303,南亞,12,0,12,凱基-北門,2024-11-11,9283
1326,台化,11,0,11,凱基-北門,2024-11-11,9283
3003,健和興,11,0,11,凱基-北門,2024-11-11,9283
2449,京元電子,12,2,10,凱基-北門,2024-11-11,9283
2002,中鋼,10,0,10,凱基-北門,2024-11-11,9283
2006,東和鋼鐵,10,0,10,凱基-北門,2024-11-11,9283
2014,中鴻,10,0,10,凱基-北門,2024-11-11,9283
00915,凱基優選高股息30,9,0,9,凱基-北門,2024-11-11,9283
5438,東友,11,2,9,凱基-北門,2024-11-11,9283
1714,和桐,8,0,8,凱基-北門,2024-11-11,9283
3164,景岳,8,0,8,凱基-北門,2024-11-11,9283
6187,萬潤,14,7,7,凱基-北門,2024-11-11,9283
00919,群益台灣精選高息,7,0,7,凱基-北門,2024-11-11,9283
2353,宏��,6,0,6,凱基-北門,2024-11-11,9283
2399,映泰,16,10,6,凱基-北門,2024-11-11,9283
00650L,復華香港正2,6,0,6,凱基-北門,2024-11-11,9283
2609,陽明,32,26,6,凱基-北門,2024-11-11,9283
3213,茂訊,6,0,6,凱基-北門,2024-11-11,9283
2392,正崴,41,35,6,凱基-北門,2024-11-11,9283
2201,裕隆,5,0,5,凱基-北門,2024-11-11,9283
1717,長興,5,0,5,凱基-北門,2024-11-11,9283
2613,中櫃,6,1,5,凱基-北門,2024-11-11,9283
2634,漢翔,5,0,5,凱基-北門,2024-11-11,9283
3303,岱稜,6,1,5,凱基-北門,2024-11-11,9283
3306,鼎天,5,0,5,凱基-北門,2024-11-11,9283
3419,譁裕,10,5,5,凱基-北門,2024-11-11,9283
4123,晟德,5,0,5,凱基-北門,2024-11-11,9283
4916,事欣科,5,0,5,凱基-北門,2024-11-11,9283
4979,華星光,10,5,5,凱基-北門,2024-11-11,9283
6116,彩晶,5,0,5,凱基-北門,2024-11-11,9283
6416,瑞祺電通,5,0,5,凱基-北門,2024-11-11,9283
9941,裕融,5,0,5,凱基-北門,2024-11-11,9283
5871,中租-KY,36,32,4,凱基-北門,2024-11-11,9283
00893,國泰智能電動車,5,1,4,凱基-北門,2024-11-11,9283
00738U,期元大道瓊白銀,4,0,4,凱基-北門,2024-11-11,9283
00878,國泰永續高股息,203,2,201,凱基-北門,2024-11-12,9283
00715L,期街口布蘭特正2,176,0,176,凱基-北門,2024-11-12,9283
2883,凱基金,65,0,65,凱基-北門,2024-11-12,9283
2609,陽明,125,63,62,凱基-北門,2024-11-12,9283
00887,永豐中國科技50大,100,40,60,凱基-北門,2024-11-12,9283
00930,永豐ESG低碳高息,53,0,53,凱基-北門,2024-11-12,9283
2891,中信金,52,10,42,凱基-北門,2024-11-12,9283
2317,鴻海,47,12,35,凱基-北門,2024-11-12,9283
0056,元大高股息,31,1,30,凱基-北門,2024-11-12,9283
2887,台新金,30,0,30,凱基-北門,2024-11-12,9283
2014,中鴻,30,1,29,凱基-北門,2024-11-12,9283
2344,華邦電,27,0,27,凱基-北門,2024-11-12,9283
2615,萬海,32,6,26,凱基-北門,2024-11-12,9283
2884,玉山金,24,0,24,凱基-北門,2024-11-12,9283
2913,農林,23,0,23,凱基-北門,2024-11-12,9283
00929,復華台灣科技優息,34,12,22,凱基-北門,2024-11-12,9283
3231,緯創,32,10,22,凱基-北門,2024-11-12,9283
2356,英業達,35,14,21,凱基-北門,2024-11-12,9283
1504,東元,21,0,21,凱基-北門,2024-11-12,9283
2888,新光金,20,0,20,凱基-北門,2024-11-12,9283
1314,中石化,17,0,17,凱基-北門,2024-11-12,9283
1815,富喬,17,0,17,凱基-北門,2024-11-12,9283
5438,東友,17,0,17,凱基-北門,2024-11-12,9283
00706L,期元大S＆P日圓正2,16,0,16,凱基-北門,2024-11-12,9283
2002,中鋼,15,0,15,凱基-北門,2024-11-12,9283
00642U,期元大S＆P石油,14,0,14,凱基-北門,2024-11-12,9283
00922,國泰台灣領袖50,12,0,12,凱基-北門,2024-11-12,9283
4977,眾達-KY,22,10,12,凱基-北門,2024-11-12,9283
3049,精金,12,0,12,凱基-北門,2024-11-12,9283
3062,建漢,12,0,12,凱基-北門,2024-11-12,9283
6187,萬潤,14,3,11,凱基-北門,2024-11-12,9283
2613,中櫃,13,2,11,凱基-北門,2024-11-12,9283
6550,北極星藥業-KY,11,0,11,凱基-北門,2024-11-12,9283
1303,南亞,10,0,10,凱基-北門,2024-11-12,9283
00738U,期元大道瓊白銀,10,0,10,凱基-北門,2024-11-12,9283
1784,訊聯,10,0,10,凱基-北門,2024-11-12,9283
6217,中探針,10,0,10,凱基-北門,2024-11-12,9283
6257,矽格,10,0,10,凱基-北門,2024-11-12,9283
2206,三陽工業,10,1,9,凱基-北門,2024-11-12,9283
00713,元大台灣高息低波,9,0,9,凱基-北門,2024-11-12,9283
3034,聯詠,8,0,8,凱基-北門,2024-11-12,9283
00935,野村臺灣新科技50,10,2,8,凱基-北門,2024-11-12,9283
1709,和益,8,0,8,凱基-北門,2024-11-12,9283
2328,廣宇,14,6,8,凱基-北門,2024-11-12,9283
2401,凌陽,8,0,8,凱基-北門,2024-11-12,9283
2483,百容,8,0,8,凱基-北門,2024-11-12,9283
2892,第一金,8,0,8,凱基-北門,2024-11-12,9283
00940,元大台灣價值高息,27,20,7,凱基-北門,2024-11-12,9283
00675L,富邦臺灣加權正2,8,1,7,凱基-北門,2024-11-12,9283
2062,橋椿,7,0,7,凱基-北門,2024-11-12,9283
2883B,凱基金乙特,195,0,195,凱基-北門,2024-11-13,9283
00878,國泰永續高股息,137,0,137,凱基-北門,2024-11-13,9283
2892,第一金,125,0,125,凱基-北門,2024-11-13,9283
9105,泰金寶-DR,65,5,60,凱基-北門,2024-11-13,9283
2609,陽明,51,2,49,凱基-北門,2024-11-13,9283
0056,元大高股息,41,1,40,凱基-北門,2024-11-13,9283
2312,金寶,50,15,35,凱基-北門,2024-11-13,9283
00679B,元大美債20年,29,0,29,凱基-北門,2024-11-13,9283
00887,永豐中國科技50大,30,2,28,凱基-北門,2024-11-13,9283
5309,系統電,39,12,27,凱基-北門,2024-11-13,9283
00715L,期街口布蘭特正2,26,0,26,凱基-北門,2024-11-13,9283
00937B,群益ESG投等債20,26,0,26,凱基-北門,2024-11-13,9283
2801,彰銀,25,0,25,凱基-北門,2024-11-13,9283
00932,兆豐永續高息等權,21,0,21,凱基-北門,2024-11-13,9283
00938,凱基優選30,21,0,21,凱基-北門,2024-11-13,9283
00954,中信日本半導體,20,0,20,凱基-北門,2024-11-13,9283
3141,晶宏,20,0,20,凱基-北門,2024-11-13,9283
2014,中鴻,17,0,17,凱基-北門,2024-11-13,9283
2330,台積電,16,1,15,凱基-北門,2024-11-13,9283
5315,光聯,15,0,15,凱基-北門,2024-11-13,9283
1449,佳和,14,1,13,凱基-北門,2024-11-13,9283
1605,華新,13,0,13,凱基-北門,2024-11-13,9283
00637L,元大滬深300正2,25,13,12,凱基-北門,2024-11-13,9283
2883,凱基金,12,0,12,凱基-北門,2024-11-13,9283
00915,凱基優選高股息30,11,0,11,凱基-北門,2024-11-13,9283
00706L,期元大S＆P日圓正2,11,0,11,凱基-北門,2024-11-13,9283
2836,高雄銀,10,0,10,凱基-北門,2024-11-13,9283
2889,國票金,10,0,10,凱基-北門,2024-11-13,9283
3703,欣陸,10,0,10,凱基-北門,2024-11-13,9283
5443,均豪,10,0,10,凱基-北門,2024-11-13,9283
2303,聯電,17,7,10,凱基-北門,2024-11-13,9283
4979,華星光,11,2,9,凱基-北門,2024-11-13,9283
1608,華榮,9,0,9,凱基-北門,2024-11-13,9283
2402,毅嘉,10,1,9,凱基-北門,2024-11-13,9283
2317,鴻海,12,5,7,凱基-北門,2024-11-13,9283
00680L,元大美債20正2,7,0,7,凱基-北門,2024-11-13,9283
00952,凱基台灣AI50,7,0,7,凱基-北門,2024-11-13,9283
3419,譁裕,14,7,7,凱基-北門,2024-11-13,9283
6530,創威,10,3,7,凱基-北門,2024-11-13,9283
3231,緯創,19,12,7,凱基-北門,2024-11-13,9283
00919,群益台灣精選高息,17,11,6,凱基-北門,2024-11-13,9283
5880,合庫金,6,0,6,凱基-北門,2024-11-13,9283
00650L,復華香港正2,6,0,6,凱基-北門,2024-11-13,9283
1733,五鼎,6,0,6,凱基-北門,2024-11-13,9283
2106,建大,6,0,6,凱基-北門,2024-11-13,9283
2363,矽統,8,2,6,凱基-北門,2024-11-13,9283
2646,星宇航空,7,1,6,凱基-北門,2024-11-13,9283
2834,臺企銀,6,0,6,凱基-北門,2024-11-13,9283
3706,神達,50,45,5,凱基-北門,2024-11-13,9283
00725B,國泰投資級公司債,5,0,5,凱基-北門,2024-11-13,9283
2317,鴻海,84,15,69,凱基-北門,2024-11-14,9283
00878,國泰永續高股息,65,2,63,凱基-北門,2024-11-14,9283
00929,復華台灣科技優息,48,2,46,凱基-北門,2024-11-14,9283
00679B,元大美債20年,42,0,42,凱基-北門,2024-11-14,9283
9105,泰金寶-DR,135,96,39,凱基-北門,2024-11-14,9283
00706L,期元大S＆P日圓正2,38,0,38,凱基-北門,2024-11-14,9283
2344,華邦電,39,1,38,凱基-北門,2024-11-14,9283
2354,鴻準,46,9,37,凱基-北門,2024-11-14,9283
0056,元大高股息,32,0,32,凱基-北門,2024-11-14,9283
1785,光洋科,32,0,32,凱基-北門,2024-11-14,9283
00937B,群益ESG投等債20,30,0,30,凱基-北門,2024-11-14,9283
2867,三商壽,30,0,30,凱基-北門,2024-11-14,9283
2303,聯電,58,30,28,凱基-北門,2024-11-14,9283
1301,台塑,21,0,21,凱基-北門,2024-11-14,9283
1532,勤美,20,0,20,凱基-北門,2024-11-14,9283
2801,彰銀,20,0,20,凱基-北門,2024-11-14,9283
2836,高雄銀,20,0,20,凱基-北門,2024-11-14,9283
8070,長華*,20,0,20,凱基-北門,2024-11-14,9283
00688L,國泰20年美債正2,20,0,20,凱基-北門,2024-11-14,9283
1303,南亞,21,3,18,凱基-北門,2024-11-14,9283
00687B,國泰20年美債,17,0,17,凱基-北門,2024-11-14,9283
00757,統一FANG+,17,0,17,凱基-北門,2024-11-14,9283
00940,元大台灣價值高息,16,0,16,凱基-北門,2024-11-14,9283
00632R,元大台灣50反1,30,15,15,凱基-北門,2024-11-14,9283
2483,百容,15,0,15,凱基-北門,2024-11-14,9283
00919,群益台灣精選高息,20,5,15,凱基-北門,2024-11-14,9283
00946,群益科技高息成長,13,0,13,凱基-北門,2024-11-14,9283
00915,凱基優選高股息30,12,0,12,凱基-北門,2024-11-14,9283
2498,宏達電,12,0,12,凱基-北門,2024-11-14,9283
4114,健喬,12,0,12,凱基-北門,2024-11-14,9283
8064,東捷,15,3,12,凱基-北門,2024-11-14,9283
5871,中租-KY,12,1,11,凱基-北門,2024-11-14,9283
1591,駿吉-KY,11,0,11,凱基-北門,2024-11-14,9283
00857B,永豐20年美公債,10,0,10,凱基-北門,2024-11-14,9283
00948B,中信優息投資級債,10,0,10,凱基-北門,2024-11-14,9283
1326,台化,10,0,10,凱基-北門,2024-11-14,9283
00954,中信日本半導體,10,0,10,凱基-北門,2024-11-14,9283
1314,中石化,10,0,10,凱基-北門,2024-11-14,9283
6290,良維,10,0,10,凱基-北門,2024-11-14,9283
5880,合庫金,9,0,9,凱基-北門,2024-11-14,9283
3338,泰碩,10,1,9,凱基-北門,2024-11-14,9283
3062,建漢,8,0,8,凱基-北門,2024-11-14,9283
3171,炎洲流通,8,0,8,凱基-北門,2024-11-14,9283
00887,永豐中國科技50大,7,0,7,凱基-北門,2024-11-14,9283
00671R,富邦NASDAQ反1,7,0,7,凱基-北門,2024-11-14,9283
2887,台新金,7,0,7,凱基-北門,2024-11-14,9283
00680L,元大美債20正2,6,0,6,凱基-北門,2024-11-14,9283
00932,兆豐永續高息等權,6,0,6,凱基-北門,2024-11-14,9283
2401,凌陽,16,10,6,凱基-北門,2024-11-14,9283
2605,新興,6,0,6,凱基-北門,2024-11-14,9283
00878,國泰永續高股息,140,1,139,凱基-北門,2024-11-15,9283
3625,西勝,50,0,50,凱基-北門,2024-11-15,9283
2609,陽明,206,160,46,凱基-北門,2024-11-15,9283
2317,鴻海,66,40,26,凱基-北門,2024-11-15,9283
9105,泰金寶-DR,216,191,25,凱基-北門,2024-11-15,9283
00955,中信日本商社,20,0,20,凱基-北門,2024-11-15,9283
2449,京元電子,20,0,20,凱基-北門,2024-11-15,9283
1815,富喬,20,0,20,凱基-北門,2024-11-15,9283
5309,系統電,45,28,17,凱基-北門,2024-11-15,9283
1808,潤隆,15,0,15,凱基-北門,2024-11-15,9283
00632R,元大台灣50反1,15,1,14,凱基-北門,2024-11-15,9283
3141,晶宏,14,0,14,凱基-北門,2024-11-15,9283
2382,廣達,18,4,14,凱基-北門,2024-11-15,9283
2349,錸德,12,0,12,凱基-北門,2024-11-15,9283
3706,神達,61,49,12,凱基-北門,2024-11-15,9283
4174,浩鼎,12,0,12,凱基-北門,2024-11-15,9283
9946,三發地產,12,0,12,凱基-北門,2024-11-15,9283
00887,永豐中國科技50大,11,0,11,凱基-北門,2024-11-15,9283
0056,元大高股息,11,1,10,凱基-北門,2024-11-15,9283
00951,台新日本半導體,10,0,10,凱基-北門,2024-11-15,9283
2038,海光,10,0,10,凱基-北門,2024-11-15,9283
2630,亞航,10,0,10,凱基-北門,2024-11-15,9283
2736,富野,10,0,10,凱基-北門,2024-11-15,9283
6174,安��,20,10,10,凱基-北門,2024-11-15,9283
8064,東捷,13,5,8,凱基-北門,2024-11-15,9283
3447,展達,11,3,8,凱基-北門,2024-11-15,9283
3520,華盈,8,0,8,凱基-北門,2024-11-15,9283
00715L,期街口布蘭特正2,10,3,7,凱基-北門,2024-11-15,9283
3293,鈊象,7,0,7,凱基-北門,2024-11-15,9283
3202,樺晟,6,0,6,凱基-北門,2024-11-15,9283
00706L,期元大S＆P日圓正2,6,0,6,凱基-北門,2024-11-15,9283
2324,仁寶,5,0,5,凱基-北門,2024-11-15,9283
5871,中租-KY,8,3,5,凱基-北門,2024-11-15,9283
00919,群益台灣精選高息,6,1,5,凱基-北門,2024-11-15,9283
00713,元大台灣高息低波,5,0,5,凱基-北門,2024-11-15,9283
00927,群益半導體收益,5,0,5,凱基-北門,2024-11-15,9283
2633,台灣高鐵,5,0,5,凱基-北門,2024-11-15,9283
3017,奇鋐,6,1,5,凱基-北門,2024-11-15,9283
3164,景岳,5,0,5,凱基-北門,2024-11-15,9283
5464,霖宏,5,0,5,凱基-北門,2024-11-15,9283
6257,矽格,12,7,5,凱基-北門,2024-11-15,9283
2357,華碩,4,0,4,凱基-北門,2024-11-15,9283
00937B,群益ESG投等債20,4,0,4,凱基-北門,2024-11-15,9283
00830,國泰費城半導體,4,0,4,凱基-北門,2024-11-15,9283
2002,中鋼,4,0,4,凱基-北門,2024-11-15,9283
3013,晟銘電,6,2,4,凱基-北門,2024-11-15,9283
3090,日電貿,36,32,4,凱基-北門,2024-11-15,9283
3511,矽瑪,5,1,4,凱基-北門,2024-11-15,9283
6187,萬潤,8,4,4,凱基-北門,2024-11-15,9283
00915,凱基優選高股息30,3,0,3,凱基-北門,2024-11-15,9283
00706L,期元大S＆P日圓正2,100,0,100,凱基-北門,2024-11-18,9283
00878,國泰永續高股息,80,2,78,凱基-北門,2024-11-18,9283
00929,復華台灣科技優息,66,17,49,凱基-北門,2024-11-18,9283
2356,英業達,82,39,43,凱基-北門,2024-11-18,9283
9105,泰金寶-DR,148,105,43,凱基-北門,2024-11-18,9283
9945,潤泰新,37,0,37,凱基-北門,2024-11-18,9283
1785,光洋科,36,0,36,凱基-北門,2024-11-18,9283
0056,元大高股息,35,6,29,凱基-北門,2024-11-18,9283
00887,永豐中國科技50大,28,0,28,凱基-北門,2024-11-18,9283
2317,鴻海,42,19,23,凱基-北門,2024-11-18,9283
5488,松普,22,0,22,凱基-北門,2024-11-18,9283
00930,永豐ESG低碳高息,20,0,20,凱基-北門,2024-11-18,9283
00933B,國泰10Y+金融債,20,0,20,凱基-北門,2024-11-18,9283
2354,鴻準,93,75,18,凱基-北門,2024-11-18,9283
00715L,期街口布蘭特正2,16,0,16,凱基-北門,2024-11-18,9283
3675,德微,16,0,16,凱基-北門,2024-11-18,9283
8044,網家,20,4,16,凱基-北門,2024-11-18,9283
1471,首利,15,0,15,凱基-北門,2024-11-18,9283
4720,德淵,15,0,15,凱基-北門,2024-11-18,9283
2887,台新金,14,0,14,凱基-北門,2024-11-18,9283
2881,富邦金,16,3,13,凱基-北門,2024-11-18,9283
00915,凱基優選高股息30,12,0,12,凱基-北門,2024-11-18,9283
2498,宏達電,12,0,12,凱基-北門,2024-11-18,9283
3062,建漢,14,2,12,凱基-北門,2024-11-18,9283
8086,宏捷科,12,0,12,凱基-北門,2024-11-18,9283
00632R,元大台灣50反1,20,9,11,凱基-北門,2024-11-18,9283
00943,兆豐電子高息等權,11,0,11,凱基-北門,2024-11-18,9283
2324,仁寶,11,0,11,凱基-北門,2024-11-18,9283
3689,湧德,10,0,10,凱基-北門,2024-11-18,9283
5315,光聯,10,0,10,凱基-北門,2024-11-18,9283
5443,均豪,10,0,10,凱基-北門,2024-11-18,9283
8028,昇陽半導體,10,0,10,凱基-北門,2024-11-18,9283
8046,南電,10,0,10,凱基-北門,2024-11-18,9283
8064,東捷,13,4,9,凱基-北門,2024-11-18,9283
00882,中信中國高股息,10,1,9,凱基-北門,2024-11-18,9283
6187,萬潤,14,6,8,凱基-北門,2024-11-18,9283
00679B,元大美債20年,8,0,8,凱基-北門,2024-11-18,9283
00713,元大台灣高息低波,8,0,8,凱基-北門,2024-11-18,9283
2382,廣達,11,3,8,凱基-北門,2024-11-18,9283
3171,炎洲流通,7,0,7,凱基-北門,2024-11-18,9283
6706,惠特,10,3,7,凱基-北門,2024-11-18,9283
00692,富邦公司治理,6,0,6,凱基-北門,2024-11-18,9283
2464,盟立,6,0,6,凱基-北門,2024-11-18,9283
4772,台特化,6,0,6,凱基-北門,2024-11-18,9283
00642U,期元大S＆P石油,6,0,6,凱基-北門,2024-11-18,9283
1795,美時,6,0,6,凱基-北門,2024-11-18,9283
3090,日電貿,35,29,6,凱基-北門,2024-11-18,9283
3164,景岳,6,0,6,凱基-北門,2024-11-18,9283
0050,元大台灣50,6,0,6,凱基-北門,2024-11-18,9283
1513,中興電,8,3,5,凱基-北門,2024-11-18,9283
00919,群益台灣精選高息,62,0,62,凱基-北門,2024-11-19,9283
00632R,元大台灣50反1,50,0,50,凱基-北門,2024-11-19,9283
2891,中信金,40,0,40,凱基-北門,2024-11-19,9283
8429,金麗-KY,40,0,40,凱基-北門,2024-11-19,9283
00654R,富邦印度反1,30,0,30,凱基-北門,2024-11-19,9283
00930,永豐ESG低碳高息,26,0,26,凱基-北門,2024-11-19,9283
00937B,群益ESG投等債20,24,0,24,凱基-北門,2024-11-19,9283
00878,國泰永續高股息,19,2,17,凱基-北門,2024-11-19,9283
2354,鴻準,46,30,16,凱基-北門,2024-11-19,9283
3141,晶宏,16,0,16,凱基-北門,2024-11-19,9283
00960,野村全球航運龍頭,13,0,13,凱基-北門,2024-11-19,9283
2401,凌陽,12,0,12,凱基-北門,2024-11-19,9283
00753L,中信中國50正2,11,0,11,凱基-北門,2024-11-19,9283
8104,錸寶,11,0,11,凱基-北門,2024-11-19,9283
00706L,期元大S＆P日圓正2,10,0,10,凱基-北門,2024-11-19,9283
2801,彰銀,10,0,10,凱基-北門,2024-11-19,9283
5871,中租-KY,13,3,10,凱基-北門,2024-11-19,9283
00946,群益科技高息成長,9,0,9,凱基-北門,2024-11-19,9283
00633L,富邦上証正2,8,0,8,凱基-北門,2024-11-19,9283
9105,泰金寶-DR,228,221,7,凱基-北門,2024-11-19,9283
4909,新復興,6,0,6,凱基-北門,2024-11-19,9283
6757,台灣虎航,6,0,6,凱基-北門,2024-11-19,9283
3374,精材,9,3,6,凱基-北門,2024-11-19,9283
2890,永豐金,10,4,6,凱基-北門,2024-11-19,9283
00877,復華中國5G,5,0,5,凱基-北門,2024-11-19,9283
5315,光聯,5,0,5,凱基-北門,2024-11-19,9283
1795,美時,6,2,4,凱基-北門,2024-11-19,9283
00881,國泰台灣5G+,4,0,4,凱基-北門,2024-11-19,9283
1301,台塑,24,20,4,凱基-北門,2024-11-19,9283
2913,農林,4,0,4,凱基-北門,2024-11-19,9283
6423,億而得-創,4,0,4,凱基-北門,2024-11-19,9283
9921,巨大,6,3,3,凱基-北門,2024-11-19,9283
6446,藥華藥,3,0,3,凱基-北門,2024-11-19,9283
1402,遠東新,6,3,3,凱基-北門,2024-11-19,9283
1516,川飛,3,0,3,凱基-北門,2024-11-19,9283
1609,大亞,4,1,3,凱基-北門,2024-11-19,9283
2352,佳世達,4,1,3,凱基-北門,2024-11-19,9283
2486,一詮,3,0,3,凱基-北門,2024-11-19,9283
3171,炎洲流通,3,0,3,凱基-北門,2024-11-19,9283
3481,群創,3,0,3,凱基-北門,2024-11-19,9283
5236,凌陽創新,3,0,3,凱基-北門,2024-11-19,9283
6246,臺龍,3,0,3,凱基-北門,2024-11-19,9283
8249,菱光,13,10,3,凱基-北門,2024-11-19,9283
9904,寶成,3,0,3,凱基-北門,2024-11-19,9283
2324,仁寶,4,1,3,凱基-北門,2024-11-19,9283
2382,廣達,4,2,2,凱基-北門,2024-11-19,9283
00915,凱基優選高股息30,2,0,2,凱基-北門,2024-11-19,9283
2303,聯電,2,0,2,凱基-北門,2024-11-19,9283
6284,佳邦,2,0,2,凱基-北門,2024-11-19,9283
0056,元大高股息,2,0,2,凱基-北門,2024-11-19,9283
2303,聯電,48,0,48,凱基-北門,2024-11-20,9283
1326,台化,30,0,30,凱基-北門,2024-11-20,9283
00930,永豐ESG低碳高息,26,0,26,凱基-北門,2024-11-20,9283
2888,新光金,20,0,20,凱基-北門,2024-11-20,9283
3289,宜特,20,0,20,凱基-北門,2024-11-20,9283
3447,展達,20,0,20,凱基-北門,2024-11-20,9283
2354,鴻準,45,25,20,凱基-北門,2024-11-20,9283
8032,光菱,23,11,12,凱基-北門,2024-11-20,9283
3551,世禾,11,0,11,凱基-北門,2024-11-20,9283
00706L,期元大S＆P日圓正2,11,0,11,凱基-北門,2024-11-20,9283
2449,京元電子,10,0,10,凱基-北門,2024-11-20,9283
00664R,國泰臺灣加權反1,10,0,10,凱基-北門,2024-11-20,9283
00725B,國泰投資級公司債,10,0,10,凱基-北門,2024-11-20,9283
1528,恩德,10,0,10,凱基-北門,2024-11-20,9283
2313,華通,10,0,10,凱基-北門,2024-11-20,9283
2408,南亞科,10,0,10,凱基-北門,2024-11-20,9283
00960,野村全球航運龍頭,12,4,8,凱基-北門,2024-11-20,9283
2328,廣宇,16,8,8,凱基-北門,2024-11-20,9283
2329,華泰,8,0,8,凱基-北門,2024-11-20,9283
3675,德微,8,0,8,凱基-北門,2024-11-20,9283
3189,景碩,7,0,7,凱基-北門,2024-11-20,9283
8112,至上,7,0,7,凱基-北門,2024-11-20,9283
00878,國泰永續高股息,7,0,7,凱基-北門,2024-11-20,9283
5871,中租-KY,8,2,6,凱基-北門,2024-11-20,9283
00679B,元大美債20年,7,1,6,凱基-北門,2024-11-20,9283
2349,錸德,21,15,6,凱基-北門,2024-11-20,9283
6763,綠界科技*,5,0,5,凱基-北門,2024-11-20,9283
2208,台船,5,0,5,凱基-北門,2024-11-20,9283
2312,金寶,11,6,5,凱基-北門,2024-11-20,9283
2356,英業達,18,13,5,凱基-北門,2024-11-20,9283
2913,農林,5,0,5,凱基-北門,2024-11-20,9283
5309,系統電,8,3,5,凱基-北門,2024-11-20,9283
6629,泰金-KY,5,0,5,凱基-北門,2024-11-20,9283
2454,聯發科,6,1,5,凱基-北門,2024-11-20,9283
2382,廣達,8,3,5,凱基-北門,2024-11-20,9283
3209,全科,4,0,4,凱基-北門,2024-11-20,9283
00713,元大台灣高息低波,4,0,4,凱基-北門,2024-11-20,9283
5243,乙盛-KY,4,0,4,凱基-北門,2024-11-20,9283
4909,新復興,5,1,4,凱基-北門,2024-11-20,9283
006208,富邦台50,4,0,4,凱基-北門,2024-11-20,9283
00891,中信關鍵半導體,4,0,4,凱基-北門,2024-11-20,9283
3450,聯鈞,32,28,4,凱基-北門,2024-11-20,9283
0050,元大台灣50,4,0,4,凱基-北門,2024-11-20,9283
2610,華航,6,2,4,凱基-北門,2024-11-20,9283
5876,上海商銀,4,0,4,凱基-北門,2024-11-20,9283
00885,富邦越南,3,0,3,凱基-北門,2024-11-20,9283
00751B,元大AAA至A公司債,3,0,3,凱基-北門,2024-11-20,9283
1307,三芳,20,17,3,凱基-北門,2024-11-20,9283
2258,鴻華先進-創,3,0,3,凱基-北門,2024-11-20,9283
2609,陽明,115,112,3,凱基-北門,2024-11-20,9283
5880,合庫金,100,0,100,凱基-北門,2024-11-21,9283
2354,鴻準,144,61,83,凱基-北門,2024-11-21,9283
00930,永豐ESG低碳高息,47,0,47,凱基-北門,2024-11-21,9283
00654R,富邦印度反1,45,0,45,凱基-北門,2024-11-21,9283
00929,復華台灣科技優息,36,0,36,凱基-北門,2024-11-21,9283
3702,大聯大,30,0,30,凱基-北門,2024-11-21,9283
2444,兆勁,25,0,25,凱基-北門,2024-11-21,9283
3231,緯創,21,0,21,凱基-北門,2024-11-21,9283
00715L,期街口布蘭特正2,20,0,20,凱基-北門,2024-11-21,9283
1471,首利,20,0,20,凱基-北門,2024-11-21,9283
4720,德淵,20,0,20,凱基-北門,2024-11-21,9283
3141,晶宏,18,0,18,凱基-北門,2024-11-21,9283
6219,富旺,14,0,14,凱基-北門,2024-11-21,9283
2891,中信金,24,11,13,凱基-北門,2024-11-21,9283
2882,國泰金,13,0,13,凱基-北門,2024-11-21,9283
2890,永豐金,12,0,12,凱基-北門,2024-11-21,9283
00878,國泰永續高股息,25,13,12,凱基-北門,2024-11-21,9283
2801,彰銀,11,0,11,凱基-北門,2024-11-21,9283
1591,駿吉-KY,10,0,10,凱基-北門,2024-11-21,9283
2330,台積電,10,1,9,凱基-北門,2024-11-21,9283
2615,萬海,16,7,9,凱基-北門,2024-11-21,9283
8032,光菱,11,2,9,凱基-北門,2024-11-21,9283
8409,商之器,9,0,9,凱基-北門,2024-11-21,9283
2317,鴻海,15,7,8,凱基-北門,2024-11-21,9283
3290,東浦,10,2,8,凱基-北門,2024-11-21,9283
2303,聯電,7,0,7,凱基-北門,2024-11-21,9283
2610,華航,8,1,7,凱基-北門,2024-11-21,9283
00937B,群益ESG投等債20,6,0,6,凱基-北門,2024-11-21,9283
1301,台塑,6,0,6,凱基-北門,2024-11-21,9283
00687B,國泰20年美債,6,0,6,凱基-北門,2024-11-21,9283
2312,金寶,15,9,6,凱基-北門,2024-11-21,9283
006208,富邦台50,5,0,5,凱基-北門,2024-11-21,9283
3576,聯合再生,5,0,5,凱基-北門,2024-11-21,9283
00877,復華中國5G,5,0,5,凱基-北門,2024-11-21,9283
00753L,中信中國50正2,5,0,5,凱基-北門,2024-11-21,9283
2014,中鴻,5,0,5,凱基-北門,2024-11-21,9283
2313,華通,6,1,5,凱基-北門,2024-11-21,9283
4966,譜瑞-KY,5,0,5,凱基-北門,2024-11-21,9283
0050,元大台灣50,4,0,4,凱基-北門,2024-11-21,9283
00918,大華優利高填息30,4,0,4,凱基-北門,2024-11-21,9283
2105,正新,8,4,4,凱基-北門,2024-11-21,9283
2204,中華,11,7,4,凱基-北門,2024-11-21,9283
2357,華碩,4,0,4,凱基-北門,2024-11-21,9283
4915,致伸,4,0,4,凱基-北門,2024-11-21,9283
00887,永豐中國科技50大,3,0,3,凱基-北門,2024-11-21,9283
2106,建大,3,0,3,凱基-北門,2024-11-21,9283
2305,全友,5,2,3,凱基-北門,2024-11-21,9283
2413,環科,4,1,3,凱基-北門,2024-11-21,9283
3024,憶聲,3,0,3,凱基-北門,2024-11-21,9283
6279,胡連,3,0,3,凱基-北門,2024-11-21,9283
2609,陽明,135,1,134,凱基-北門,2024-11-22,9283
9105,泰金寶-DR,260,165,95,凱基-北門,2024-11-22,9283
00680L,元大美債20正2,68,0,68,凱基-北門,2024-11-22,9283
00706L,期元大S＆P日圓正2,35,0,35,凱基-北門,2024-11-22,9283
00632R,元大台灣50反1,32,0,32,凱基-北門,2024-11-22,9283
2363,矽統,29,4,25,凱基-北門,2024-11-22,9283
00953B,群益優選非投等債,20,0,20,凱基-北門,2024-11-22,9283
2891,中信金,18,0,18,凱基-北門,2024-11-22,9283
3706,神達,71,54,17,凱基-北門,2024-11-22,9283
5309,系統電,35,18,17,凱基-北門,2024-11-22,9283
6235,華孚,17,0,17,凱基-北門,2024-11-22,9283
2457,飛宏,16,0,16,凱基-北門,2024-11-22,9283
2707,晶華,15,0,15,凱基-北門,2024-11-22,9283
6241,易通展,15,0,15,凱基-北門,2024-11-22,9283
00655L,國泰中國A50正2,10,0,10,凱基-北門,2024-11-22,9283
1605,華新,10,0,10,凱基-北門,2024-11-22,9283
2332,友訊,10,0,10,凱基-北門,2024-11-22,9283
3715,定穎投控,10,0,10,凱基-北門,2024-11-22,9283
8163,達方,10,0,10,凱基-北門,2024-11-22,9283
00878,國泰永續高股息,11,1,10,凱基-北門,2024-11-22,9283
2504,國產,9,0,9,凱基-北門,2024-11-22,9283
00959B,大華投等美債15Y+,10,1,9,凱基-北門,2024-11-22,9283
6213,聯茂,14,6,8,凱基-北門,2024-11-22,9283
8409,商之器,8,0,8,凱基-北門,2024-11-22,9283
00713,元大台灣高息低波,7,0,7,凱基-北門,2024-11-22,9283
3447,展達,18,12,6,凱基-北門,2024-11-22,9283
5315,光聯,6,0,6,凱基-北門,2024-11-22,9283
8358,金居,6,0,6,凱基-北門,2024-11-22,9283
00951,台新日本半導體,5,0,5,凱基-北門,2024-11-22,9283
1802,台玻,12,7,5,凱基-北門,2024-11-22,9283
3081,聯亞,13,8,5,凱基-北門,2024-11-22,9283
3105,穩懋,5,0,5,凱基-北門,2024-11-22,9283
4174,浩鼎,5,0,5,凱基-北門,2024-11-22,9283
5534,長虹,5,0,5,凱基-北門,2024-11-22,9283
6217,中探針,5,0,5,凱基-北門,2024-11-22,9283
6456,GIS-KY,5,0,5,凱基-北門,2024-11-22,9283
2324,仁寶,5,0,5,凱基-北門,2024-11-22,9283
2615,萬海,4,0,4,凱基-北門,2024-11-22,9283
1301,台塑,5,1,4,凱基-北門,2024-11-22,9283
00675L,富邦臺灣加權正2,6,2,4,凱基-北門,2024-11-22,9283
3062,建漢,5,1,4,凱基-北門,2024-11-22,9283
3625,西勝,4,0,4,凱基-北門,2024-11-22,9283
6770,力積電,4,0,4,凱基-北門,2024-11-22,9283
006208,富邦台50,3,0,3,凱基-北門,2024-11-22,9283
00679B,元大美債20年,3,0,3,凱基-北門,2024-11-22,9283
00673R,期元大S＆P原油反1,3,0,3,凱基-北門,2024-11-22,9283
00950B,凱基A級公司債,3,0,3,凱基-北門,2024-11-22,9283
1326,台化,3,0,3,凱基-北門,2024-11-22,9283
1514,亞力,4,1,3,凱基-北門,2024-11-22,9283
2399,映泰,4,1,3,凱基-北門,2024-11-22,9283
00673R,期元大S＆P原油反1,157,50,107,凱基-北門,2024-11-25,9283
9105,泰金寶-DR,251,193,58,凱基-北門,2024-11-25,9283
00953B,群益優選非投等債,33,0,33,凱基-北門,2024-11-25,9283
1815,富喬,114,84,30,凱基-北門,2024-11-25,9283
00753L,中信中國50正2,29,0,29,凱基-北門,2024-11-25,9283
2609,陽明,31,3,28,凱基-北門,2024-11-25,9283
2495,普安,26,2,24,凱基-北門,2024-11-25,9283
2449,京元電子,22,0,22,凱基-北門,2024-11-25,9283
2332,友訊,21,0,21,凱基-北門,2024-11-25,9283
6187,萬潤,17,3,14,凱基-北門,2024-11-25,9283
2371,大同,14,1,13,凱基-北門,2024-11-25,9283
00887,永豐中國科技50大,13,0,13,凱基-北門,2024-11-25,9283
5340,建榮,13,0,13,凱基-北門,2024-11-25,9283
00918,大華優利高填息30,12,0,12,凱基-北門,2024-11-25,9283
1524,耿鼎,12,1,11,凱基-北門,2024-11-25,9283
00725B,國泰投資級公司債,10,0,10,凱基-北門,2024-11-25,9283
1905,華紙,10,0,10,凱基-北門,2024-11-25,9283
5426,振發,14,4,10,凱基-北門,2024-11-25,9283
6288,聯嘉,13,3,10,凱基-北門,2024-11-25,9283
2722,夏都,10,1,9,凱基-北門,2024-11-25,9283
8044,網家,10,2,8,凱基-北門,2024-11-25,9283
8171,天宇,8,0,8,凱基-北門,2024-11-25,9283
00930,永豐ESG低碳高息,7,0,7,凱基-北門,2024-11-25,9283
2603,長榮,14,8,6,凱基-北門,2024-11-25,9283
00633L,富邦上証正2,6,0,6,凱基-北門,2024-11-25,9283
2615,萬海,8,2,6,凱基-北門,2024-11-25,9283
3078,僑威,6,0,6,凱基-北門,2024-11-25,9283
3290,東浦,7,1,6,凱基-北門,2024-11-25,9283
3708,上緯投控,6,0,6,凱基-北門,2024-11-25,9283
8409,商之器,6,0,6,凱基-北門,2024-11-25,9283
006208,富邦台50,5,0,5,凱基-北門,2024-11-25,9283
00893,國泰智能電動車,5,0,5,凱基-北門,2024-11-25,9283
2633,台灣高鐵,5,0,5,凱基-北門,2024-11-25,9283
2707,晶華,5,0,5,凱基-北門,2024-11-25,9283
3015,全漢,5,0,5,凱基-北門,2024-11-25,9283
3303,岱稜,5,0,5,凱基-北門,2024-11-25,9283
4167,松瑞藥,5,0,5,凱基-北門,2024-11-25,9283
6757,台灣虎航,5,0,5,凱基-北門,2024-11-25,9283
8038,長園科,5,0,5,凱基-北門,2024-11-25,9283
2646,星宇航空,5,0,5,凱基-北門,2024-11-25,9283
1449,佳和,42,38,4,凱基-北門,2024-11-25,9283
2426,鼎元,5,1,4,凱基-北門,2024-11-25,9283
2636,台驊控股,4,0,4,凱基-北門,2024-11-25,9283
3090,日電貿,11,7,4,凱基-北門,2024-11-25,9283
3338,泰碩,5,1,4,凱基-北門,2024-11-25,9283
5315,光聯,4,0,4,凱基-北門,2024-11-25,9283
2330,台積電,4,0,4,凱基-北門,2024-11-25,9283
6691,洋基工程,3,0,3,凱基-北門,2024-11-25,9283
3374,精材,3,0,3,凱基-北門,2024-11-25,9283
1303,南亞,3,0,3,凱基-北門,2024-11-25,9283
2317,鴻海,57,13,44,凱基-北門,2024-11-26,9283
00715L,期街口布蘭特正2,30,0,30,凱基-北門,2024-11-26,9283
3231,緯創,31,8,23,凱基-北門,2024-11-26,9283
2609,陽明,19,2,17,凱基-北門,2024-11-26,9283
6219,富旺,14,0,14,凱基-北門,2024-11-26,9283
00713,元大台灣高息低波,13,0,13,凱基-北門,2024-11-26,9283
2887,台新金,13,0,13,凱基-北門,2024-11-26,9283
2312,金寶,18,6,12,凱基-北門,2024-11-26,9283
2634,漢翔,26,14,12,凱基-北門,2024-11-26,9283
00878,國泰永續高股息,17,6,11,凱基-北門,2024-11-26,9283
3447,展達,14,3,11,凱基-北門,2024-11-26,9283
00919,群益台灣精選高息,11,0,11,凱基-北門,2024-11-26,9283
00915,凱基優選高股息30,11,0,11,凱基-北門,2024-11-26,9283
00887,永豐中國科技50大,10,0,10,凱基-北門,2024-11-26,9283
00951,台新日本半導體,10,0,10,凱基-北門,2024-11-26,9283
2736,富野,10,0,10,凱基-北門,2024-11-26,9283
3551,世禾,10,0,10,凱基-北門,2024-11-26,9283
6558,興能高,12,2,10,凱基-北門,2024-11-26,9283
5309,系統電,26,16,10,凱基-北門,2024-11-26,9283
2330,台積電,12,2,10,凱基-北門,2024-11-26,9283
1815,富喬,86,77,9,凱基-北門,2024-11-26,9283
00918,大華優利高填息30,8,0,8,凱基-北門,2024-11-26,9283
1516,川飛,8,0,8,凱基-北門,2024-11-26,9283
6641,基士德-KY,8,0,8,凱基-北門,2024-11-26,9283
8064,東捷,13,5,8,凱基-北門,2024-11-26,9283
1303,南亞,7,0,7,凱基-北門,2024-11-26,9283
4956,光鋐,14,7,7,凱基-北門,2024-11-26,9283
8028,昇陽半導體,7,0,7,凱基-北門,2024-11-26,9283
3141,晶宏,6,0,6,凱基-北門,2024-11-26,9283
5243,乙盛-KY,6,0,6,凱基-北門,2024-11-26,9283
8096,擎亞,6,0,6,凱基-北門,2024-11-26,9283
2886,兆豐金,6,1,5,凱基-北門,2024-11-26,9283
00938,凱基優選30,5,0,5,凱基-北門,2024-11-26,9283
1717,長興,5,0,5,凱基-北門,2024-11-26,9283
2486,一詮,8,3,5,凱基-北門,2024-11-26,9283
2633,台灣高鐵,5,0,5,凱基-北門,2024-11-26,9283
2801,彰銀,5,0,5,凱基-北門,2024-11-26,9283
3653,健策,5,0,5,凱基-北門,2024-11-26,9283
3706,神達,36,31,5,凱基-北門,2024-11-26,9283
5371,中光電,13,8,5,凱基-北門,2024-11-26,9283
0050,元大台灣50,9,5,4,凱基-北門,2024-11-26,9283
2464,盟立,8,4,4,凱基-北門,2024-11-26,9283
1802,台玻,8,4,4,凱基-北門,2024-11-26,9283
1591,駿吉-KY,4,0,4,凱基-北門,2024-11-26,9283
2105,正新,9,5,4,凱基-北門,2024-11-26,9283
2367,燿華,12,8,4,凱基-北門,2024-11-26,9283
2460,建通,4,0,4,凱基-北門,2024-11-26,9283
3024,憶聲,4,0,4,凱基-北門,2024-11-26,9283
3035,智原,4,0,4,凱基-北門,2024-11-26,9283
3149,正達,4,0,4,凱基-北門,2024-11-26,9283
00700,富邦�琤肭磪�,100,0,100,凱基-北門,2024-11-27,9283
4526,東台,91,23,68,凱基-北門,2024-11-27,9283
00878,國泰永續高股息,67,1,66,凱基-北門,2024-11-27,9283
00715L,期街口布蘭特正2,57,0,57,凱基-北門,2024-11-27,9283
3231,緯創,43,3,40,凱基-北門,2024-11-27,9283
2356,英業達,41,6,35,凱基-北門,2024-11-27,9283
00919,群益台灣精選高息,40,8,32,凱基-北門,2024-11-27,9283
6706,惠特,25,0,25,凱基-北門,2024-11-27,9283
2344,華邦電,24,1,23,凱基-北門,2024-11-27,9283
0056,元大高股息,22,0,22,凱基-北門,2024-11-27,9283
2609,陽明,30,9,21,凱基-北門,2024-11-27,9283
1605,華新,20,0,20,凱基-北門,2024-11-27,9283
4513,福裕,20,0,20,凱基-北門,2024-11-27,9283
6213,聯茂,29,10,19,凱基-北門,2024-11-27,9283
2014,中鴻,17,0,17,凱基-北門,2024-11-27,9283
2603,長榮,37,24,13,凱基-北門,2024-11-27,9283
2615,萬海,15,4,11,凱基-北門,2024-11-27,9283
2324,仁寶,11,0,11,凱基-北門,2024-11-27,9283
2891,中信金,11,0,11,凱基-北門,2024-11-27,9283
9945,潤泰新,10,0,10,凱基-北門,2024-11-27,9283
2399,映泰,10,0,10,凱基-北門,2024-11-27,9283
2633,台灣高鐵,10,0,10,凱基-北門,2024-11-27,9283
3689,湧德,10,0,10,凱基-北門,2024-11-27,9283
4716,大立,10,0,10,凱基-北門,2024-11-27,9283
4956,光鋐,11,1,10,凱基-北門,2024-11-27,9283
5443,均豪,10,0,10,凱基-北門,2024-11-27,9283
6505,台塑化,10,0,10,凱基-北門,2024-11-27,9283
2002,中鋼,9,0,9,凱基-北門,2024-11-27,9283
5609,中菲行,11,2,9,凱基-北門,2024-11-27,9283
8104,錸寶,14,5,9,凱基-北門,2024-11-27,9283
2330,台積電,10,1,9,凱基-北門,2024-11-27,9283
2317,鴻海,48,39,9,凱基-北門,2024-11-27,9283
0050,元大台灣50,14,6,8,凱基-北門,2024-11-27,9283
00881,國泰台灣5G+,8,0,8,凱基-北門,2024-11-27,9283
1591,駿吉-KY,8,0,8,凱基-北門,2024-11-27,9283
2439,美律,8,0,8,凱基-北門,2024-11-27,9283
1303,南亞,7,0,7,凱基-北門,2024-11-27,9283
5009,榮剛,7,0,7,凱基-北門,2024-11-27,9283
2382,廣達,8,1,7,凱基-北門,2024-11-27,9283
1326,台化,6,0,6,凱基-北門,2024-11-27,9283
1536,和大,49,43,6,凱基-北門,2024-11-27,9283
2363,矽統,10,5,5,凱基-北門,2024-11-27,9283
00725B,國泰投資級公司債,5,0,5,凱基-北門,2024-11-27,9283
1717,長興,5,0,5,凱基-北門,2024-11-27,9283
2365,昆盈,5,0,5,凱基-北門,2024-11-27,9283
3013,晟銘電,8,3,5,凱基-北門,2024-11-27,9283
3447,展達,5,0,5,凱基-北門,2024-11-27,9283
3686,達能,5,0,5,凱基-北門,2024-11-27,9283
6151,晉倫,5,0,5,凱基-北門,2024-11-27,9283
8112,至上,5,0,5,凱基-北門,2024-11-27,9283
00930,永豐ESG低碳高息,100,0,100,凱基-北門,2024-11-28,9283
5880,合庫金,100,0,100,凱基-北門,2024-11-28,9283
00878,國泰永續高股息,72,4,68,凱基-北門,2024-11-28,9283
8409,商之器,36,0,36,凱基-北門,2024-11-28,9283
2356,英業達,35,3,32,凱基-北門,2024-11-28,9283
00687B,國泰20年美債,39,8,31,凱基-北門,2024-11-28,9283
2303,聯電,44,15,29,凱基-北門,2024-11-28,9283
1605,華新,29,0,29,凱基-北門,2024-11-28,9283
2382,廣達,29,1,28,凱基-北門,2024-11-28,9283
4916,事欣科,30,2,28,凱基-北門,2024-11-28,9283
00922,國泰台灣領袖50,28,1,27,凱基-北門,2024-11-28,9283
0056,元大高股息,23,0,23,凱基-北門,2024-11-28,9283
00715L,期街口布蘭特正2,21,0,21,凱基-北門,2024-11-28,9283
1524,耿鼎,20,0,20,凱基-北門,2024-11-28,9283
2312,金寶,54,34,20,凱基-北門,2024-11-28,9283
00706L,期元大S＆P日圓正2,20,0,20,凱基-北門,2024-11-28,9283
3591,艾笛森,29,9,20,凱基-北門,2024-11-28,9283
4513,福裕,21,1,20,凱基-北門,2024-11-28,9283
00919,群益台灣精選高息,20,1,19,凱基-北門,2024-11-28,9283
00940,元大台灣價值高息,15,0,15,凱基-北門,2024-11-28,9283
00690,兆豐藍籌30,12,0,12,凱基-北門,2024-11-28,9283
6550,北極星藥業-KY,11,0,11,凱基-北門,2024-11-28,9283
3213,茂訊,10,0,10,凱基-北門,2024-11-28,9283
00680L,元大美債20正2,10,0,10,凱基-北門,2024-11-28,9283
00664R,國泰臺灣加權反1,10,0,10,凱基-北門,2024-11-28,9283
2344,華邦電,11,1,10,凱基-北門,2024-11-28,9283
2633,台灣高鐵,10,0,10,凱基-北門,2024-11-28,9283
2882,國泰金,10,0,10,凱基-北門,2024-11-28,9283
6213,聯茂,11,1,10,凱基-北門,2024-11-28,9283
6505,台塑化,10,0,10,凱基-北門,2024-11-28,9283
00929,復華台灣科技優息,10,1,9,凱基-北門,2024-11-28,9283
5871,中租-KY,9,0,9,凱基-北門,2024-11-28,9283
2002,中鋼,9,0,9,凱基-北門,2024-11-28,9283
2363,矽統,18,9,9,凱基-北門,2024-11-28,9283
00937B,群益ESG投等債20,9,1,8,凱基-北門,2024-11-28,9283
6219,富旺,8,0,8,凱基-北門,2024-11-28,9283
6962,ITH-KY,8,1,7,凱基-北門,2024-11-28,9283
1709,和益,7,0,7,凱基-北門,2024-11-28,9283
3706,神達,39,32,7,凱基-北門,2024-11-28,9283
1301,台塑,6,0,6,凱基-北門,2024-11-28,9283
2014,中鴻,6,0,6,凱基-北門,2024-11-28,9283
1784,訊聯,6,0,6,凱基-北門,2024-11-28,9283
5234,達興材料,6,0,6,凱基-北門,2024-11-28,9283
5534,長虹,6,0,6,凱基-北門,2024-11-28,9283
6151,晉倫,6,0,6,凱基-北門,2024-11-28,9283
9105,泰金寶-DR,20,14,6,凱基-北門,2024-11-28,9283
2603,長榮,7,2,5,凱基-北門,2024-11-28,9283
2330,台積電,10,5,5,凱基-北門,2024-11-28,9283
2201,裕隆,5,0,5,凱基-北門,2024-11-28,9283
3450,聯鈞,10,5,5,凱基-北門,2024-11-28,9283
2883B,凱基金乙特,295,0,295,凱基-北門,2024-11-29,9283
2609,陽明,79,11,68,凱基-北門,2024-11-29,9283
00706L,期元大S＆P日圓正2,63,25,38,凱基-北門,2024-11-29,9283
00919,群益台灣精選高息,34,0,34,凱基-北門,2024-11-29,9283
00878,國泰永續高股息,34,2,32,凱基-北門,2024-11-29,9283
00918,大華優利高填息30,24,0,24,凱基-北門,2024-11-29,9283
2633,台灣高鐵,20,0,20,凱基-北門,2024-11-29,9283
8409,商之器,20,0,20,凱基-北門,2024-11-29,9283
6187,萬潤,17,1,16,凱基-北門,2024-11-29,9283
1301,台塑,15,1,14,凱基-北門,2024-11-29,9283
1326,台化,13,0,13,凱基-北門,2024-11-29,9283
00930,永豐ESG低碳高息,21,8,13,凱基-北門,2024-11-29,9283
00637L,元大滬深300正2,13,1,12,凱基-北門,2024-11-29,9283
4977,眾達-KY,11,0,11,凱基-北門,2024-11-29,9283
2014,中鴻,10,0,10,凱基-北門,2024-11-29,9283
2401,凌陽,10,0,10,凱基-北門,2024-11-29,9283
6505,台塑化,10,0,10,凱基-北門,2024-11-29,9283
8104,錸寶,12,2,10,凱基-北門,2024-11-29,9283
2317,鴻海,13,4,9,凱基-北門,2024-11-29,9283
4729,熒茂,9,0,9,凱基-北門,2024-11-29,9283
4956,光鋐,8,0,8,凱基-北門,2024-11-29,9283
00757,統一FANG+,8,0,8,凱基-北門,2024-11-29,9283
2204,中華,8,0,8,凱基-北門,2024-11-29,9283
2892,第一金,8,0,8,凱基-北門,2024-11-29,9283
2457,飛宏,7,0,7,凱基-北門,2024-11-29,9283
6757,台灣虎航,6,0,6,凱基-北門,2024-11-29,9283
00922,國泰台灣領袖50,6,0,6,凱基-北門,2024-11-29,9283
3231,緯創,7,1,6,凱基-北門,2024-11-29,9283
6641,基士德-KY,6,0,6,凱基-北門,2024-11-29,9283
6962,ITH-KY,6,0,6,凱基-北門,2024-11-29,9283
2330,台積電,7,2,5,凱基-北門,2024-11-29,9283
2006,東和鋼鐵,5,0,5,凱基-北門,2024-11-29,9283
2002,中鋼,5,0,5,凱基-北門,2024-11-29,9283
00725B,國泰投資級公司債,5,0,5,凱基-北門,2024-11-29,9283
00907,永豐優息存股,5,0,5,凱基-北門,2024-11-29,9283
2801,彰銀,5,0,5,凱基-北門,2024-11-29,9283
2891,中信金,6,1,5,凱基-北門,2024-11-29,9283
3043,科風,6,1,5,凱基-北門,2024-11-29,9283
00675L,富邦臺灣加權正2,4,0,4,凱基-北門,2024-11-29,9283
2392,正崴,13,9,4,凱基-北門,2024-11-29,9283
2485,兆赫,4,0,4,凱基-北門,2024-11-29,9283
3033,威健,7,3,4,凱基-北門,2024-11-29,9283
3511,矽瑪,5,1,4,凱基-北門,2024-11-29,9283
9105,泰金寶-DR,4,0,4,凱基-北門,2024-11-29,9283
0056,元大高股息,5,1,4,凱基-北門,2024-11-29,9283
0050,元大台灣50,8,4,4,凱基-北門,2024-11-29,9283
5871,中租-KY,6,2,4,凱基-北門,2024-11-29,9283
00915,凱基優選高股息30,3,0,3,凱基-北門,2024-11-29,9283
1303,南亞,3,0,3,凱基-北門,2024-11-29,9283
1402,遠東新,3,0,3,凱基-北門,2024-11-29,9283
00953B,群益優選非投等債,100,0,100,凱基-北門,2024-12-02,9283
00700,富邦�琤肭磪�,75,0,75,凱基-北門,2024-12-02,9283
5309,系統電,61,2,59,凱基-北門,2024-12-02,9283
00918,大華優利高填息30,38,0,38,凱基-北門,2024-12-02,9283
1815,富喬,83,50,33,凱基-北門,2024-12-02,9283
8409,商之器,30,0,30,凱基-北門,2024-12-02,9283
2313,華通,24,1,23,凱基-北門,2024-12-02,9283
00690,兆豐藍籌30,20,0,20,凱基-北門,2024-12-02,9283
00715L,期街口布蘭特正2,17,0,17,凱基-北門,2024-12-02,9283
6127,九豪,19,2,17,凱基-北門,2024-12-02,9283
2419,仲琦,22,6,16,凱基-北門,2024-12-02,9283
1301,台塑,15,0,15,凱基-北門,2024-12-02,9283
2312,金寶,17,3,14,凱基-北門,2024-12-02,9283
00665L,富邦�琤肭磪囓�2,12,0,12,凱基-北門,2024-12-02,9283
1605,華新,11,0,11,凱基-北門,2024-12-02,9283
3706,神達,37,26,11,凱基-北門,2024-12-02,9283
2317,鴻海,17,6,11,凱基-北門,2024-12-02,9283
2014,中鴻,10,0,10,凱基-北門,2024-12-02,9283
2201,裕隆,11,1,10,凱基-北門,2024-12-02,9283
5328,華容,23,13,10,凱基-北門,2024-12-02,9283
1101,台泥,8,0,8,凱基-北門,2024-12-02,9283
2375,凱美,7,0,7,凱基-北門,2024-12-02,9283
3090,日電貿,28,21,7,凱基-北門,2024-12-02,9283
8249,菱光,17,10,7,凱基-北門,2024-12-02,9283
2392,正崴,6,0,6,凱基-北門,2024-12-02,9283
00646,元大S＆P500,6,0,6,凱基-北門,2024-12-02,9283
00637L,元大滬深300正2,6,0,6,凱基-北門,2024-12-02,9283
3013,晟銘電,11,5,6,凱基-北門,2024-12-02,9283
6219,富旺,6,0,6,凱基-北門,2024-12-02,9283
8163,達方,5,0,5,凱基-北門,2024-12-02,9283
00693U,期街口S＆P黃豆,5,0,5,凱基-北門,2024-12-02,9283
2801,彰銀,5,0,5,凱基-北門,2024-12-02,9283
3323,加百裕,42,37,5,凱基-北門,2024-12-02,9283
3576,聯合再生,5,0,5,凱基-北門,2024-12-02,9283
6197,佳必琪,5,0,5,凱基-北門,2024-12-02,9283
4931,新盛力,4,0,4,凱基-北門,2024-12-02,9283
00633L,富邦上証正2,5,1,4,凱基-北門,2024-12-02,9283
1326,台化,4,0,4,凱基-北門,2024-12-02,9283
1522,堤維西,4,0,4,凱基-北門,2024-12-02,9283
2457,飛宏,4,0,4,凱基-北門,2024-12-02,9283
2483,百容,4,0,4,凱基-北門,2024-12-02,9283
2630,亞航,4,0,4,凱基-北門,2024-12-02,9283
3062,建漢,5,1,4,凱基-北門,2024-12-02,9283
6962,ITH-KY,4,0,4,凱基-北門,2024-12-02,9283
0056,元大高股息,4,1,3,凱基-北門,2024-12-02,9283
2337,旺宏,3,0,3,凱基-北門,2024-12-02,9283
00919,群益台灣精選高息,3,0,3,凱基-北門,2024-12-02,9283
3450,聯鈞,7,4,3,凱基-北門,2024-12-02,9283
8042,金山電,3,0,3,凱基-北門,2024-12-02,9283
1528,恩德,6,3,3,凱基-北門,2024-12-02,9283
00953B,群益優選非投等債,189,0,189,凱基-北門,2024-12-03,9283
00919,群益台灣精選高息,105,14,91,凱基-北門,2024-12-03,9283
00918,大華優利高填息30,78,13,65,凱基-北門,2024-12-03,9283
3625,西勝,30,0,30,凱基-北門,2024-12-03,9283
6606,建德工業,30,0,30,凱基-北門,2024-12-03,9283
00715L,期街口布蘭特正2,32,3,29,凱基-北門,2024-12-03,9283
8011,台通,27,0,27,凱基-北門,2024-12-03,9283
5371,中光電,20,0,20,凱基-北門,2024-12-03,9283
00930,永豐ESG低碳高息,73,56,17,凱基-北門,2024-12-03,9283
2887,台新金,13,1,12,凱基-北門,2024-12-03,9283
1605,華新,11,0,11,凱基-北門,2024-12-03,9283
2408,南亞科,10,0,10,凱基-北門,2024-12-03,9283
00926,凱基全球菁英55,10,0,10,凱基-北門,2024-12-03,9283
2722,夏都,10,0,10,凱基-北門,2024-12-03,9283
3090,日電貿,20,10,10,凱基-北門,2024-12-03,9283
3703,欣陸,10,0,10,凱基-北門,2024-12-03,9283
1504,東元,11,2,9,凱基-北門,2024-12-03,9283
2392,正崴,9,0,9,凱基-北門,2024-12-03,9283
4510,高鋒,9,0,9,凱基-北門,2024-12-03,9283
4903,聯光通,10,1,9,凱基-北門,2024-12-03,9283
00946,群益科技高息成長,10,3,7,凱基-北門,2024-12-03,9283
2603,長榮,16,9,7,凱基-北門,2024-12-03,9283
2615,萬海,7,0,7,凱基-北門,2024-12-03,9283
2382,廣達,8,2,6,凱基-北門,2024-12-03,9283
00915,凱基優選高股息30,6,0,6,凱基-北門,2024-12-03,9283
1314,中石化,6,0,6,凱基-北門,2024-12-03,9283
3673,TPK-KY,6,0,6,凱基-北門,2024-12-03,9283
3693,營邦,6,0,6,凱基-北門,2024-12-03,9283
4938,和碩,6,0,6,凱基-北門,2024-12-03,9283
8112,至上,6,0,6,凱基-北門,2024-12-03,9283
8409,商之器,6,0,6,凱基-北門,2024-12-03,9283
6869,雲豹能源,7,1,6,凱基-北門,2024-12-03,9283
2317,鴻海,13,8,5,凱基-北門,2024-12-03,9283
00642U,期元大S＆P石油,5,0,5,凱基-北門,2024-12-03,9283
00664R,國泰臺灣加權反1,5,0,5,凱基-北門,2024-12-03,9283
2375,凱美,18,13,5,凱基-北門,2024-12-03,9283
2633,台灣高鐵,5,0,5,凱基-北門,2024-12-03,9283
3260,威剛,5,0,5,凱基-北門,2024-12-03,9283
6288,聯嘉,5,0,5,凱基-北門,2024-12-03,9283
4991,環宇-KY,6,1,5,凱基-北門,2024-12-03,9283
2332,友訊,10,6,4,凱基-北門,2024-12-03,9283
2426,鼎元,4,0,4,凱基-北門,2024-12-03,9283
6962,ITH-KY,4,0,4,凱基-北門,2024-12-03,9283
2303,聯電,4,1,3,凱基-北門,2024-12-03,9283
00881,國泰台灣5G+,3,0,3,凱基-北門,2024-12-03,9283
1402,遠東新,3,0,3,凱基-北門,2024-12-03,9283
2312,金寶,5,2,3,凱基-北門,2024-12-03,9283
3265,台星科,3,0,3,凱基-北門,2024-12-03,9283
4726,永昕,5,2,3,凱基-北門,2024-12-03,9283
6182,合晶,3,0,3,凱基-北門,2024-12-03,9283
00953B,群益優選非投等債,67,0,67,凱基-北門,2024-12-04,9283
8409,商之器,51,0,51,凱基-北門,2024-12-04,9283
3323,加百裕,157,110,47,凱基-北門,2024-12-04,9283
2408,南亞科,37,0,37,凱基-北門,2024-12-04,9283
00878,國泰永續高股息,41,6,35,凱基-北門,2024-12-04,9283
2312,金寶,39,7,32,凱基-北門,2024-12-04,9283
0056,元大高股息,25,0,25,凱基-北門,2024-12-04,9283
9105,泰金寶-DR,32,7,25,凱基-北門,2024-12-04,9283
00937B,群益ESG投等債20,30,7,23,凱基-北門,2024-12-04,9283
2610,華航,23,7,16,凱基-北門,2024-12-04,9283
2415,錩新,15,0,15,凱基-北門,2024-12-04,9283
3005,神基,15,0,15,凱基-北門,2024-12-04,9283
4903,聯光通,24,9,15,凱基-北門,2024-12-04,9283
00679B,元大美債20年,14,0,14,凱基-北門,2024-12-04,9283
5452,佶優,15,1,14,凱基-北門,2024-12-04,9283
00673R,期元大S＆P原油反1,13,0,13,凱基-北門,2024-12-04,9283
00757,統一FANG+,12,0,12,凱基-北門,2024-12-04,9283
00712,復華富時不動產,12,0,12,凱基-北門,2024-12-04,9283
2405,輔信,12,1,11,凱基-北門,2024-12-04,9283
6117,迎廣,10,0,10,凱基-北門,2024-12-04,9283
5371,中光電,11,2,9,凱基-北門,2024-12-04,9283
2392,正崴,10,2,8,凱基-北門,2024-12-04,9283
1303,南亞,7,0,7,凱基-北門,2024-12-04,9283
00915,凱基優選高股息30,7,0,7,凱基-北門,2024-12-04,9283
1591,駿吉-KY,6,0,6,凱基-北門,2024-12-04,9283
2605,新興,6,0,6,凱基-北門,2024-12-04,9283
2891,中信金,9,3,6,凱基-北門,2024-12-04,9283
00637L,元大滬深300正2,5,0,5,凱基-北門,2024-12-04,9283
00926,凱基全球菁英55,5,0,5,凱基-北門,2024-12-04,9283
1326,台化,5,0,5,凱基-北門,2024-12-04,9283
1717,長興,5,0,5,凱基-北門,2024-12-04,9283
3163,波若威,6,1,5,凱基-北門,2024-12-04,9283
3548,兆利,8,3,5,凱基-北門,2024-12-04,9283
4755,三福化,5,0,5,凱基-北門,2024-12-04,9283
6546,正基,5,0,5,凱基-北門,2024-12-04,9283
2449,京元電子,5,0,5,凱基-北門,2024-12-04,9283
2303,聯電,4,0,4,凱基-北門,2024-12-04,9283
2301,光寶科,4,0,4,凱基-北門,2024-12-04,9283
2382,廣達,4,0,4,凱基-北門,2024-12-04,9283
2637,慧洋-KY,4,0,4,凱基-北門,2024-12-04,9283
6962,ITH-KY,5,1,4,凱基-北門,2024-12-04,9283
00919,群益台灣精選高息,10,6,4,凱基-北門,2024-12-04,9283
2371,大同,4,1,3,凱基-北門,2024-12-04,9283
1785,光洋科,3,0,3,凱基-北門,2024-12-04,9283
00737,國泰AI+Robo,3,0,3,凱基-北門,2024-12-04,9283
1301,台塑,3,0,3,凱基-北門,2024-12-04,9283
1402,遠東新,3,0,3,凱基-北門,2024-12-04,9283
1536,和大,3,0,3,凱基-北門,2024-12-04,9283
1605,華新,3,0,3,凱基-北門,2024-12-04,9283
2204,中華,3,0,3,凱基-北門,2024-12-04,9283
00715L,期街口布蘭特正2,109,0,109,凱基-北門,2024-12-05,9283
2609,陽明,66,0,66,凱基-北門,2024-12-05,9283
1815,富喬,121,73,48,凱基-北門,2024-12-05,9283
2317,鴻海,53,5,48,凱基-北門,2024-12-05,9283
2303,聯電,57,15,42,凱基-北門,2024-12-05,9283
2312,金寶,35,3,32,凱基-北門,2024-12-05,9283
6112,邁達特,30,0,30,凱基-北門,2024-12-05,9283
00878,國泰永續高股息,32,6,26,凱基-北門,2024-12-05,9283
00918,大華優利高填息30,24,2,22,凱基-北門,2024-12-05,9283
00953B,群益優選非投等債,21,0,21,凱基-北門,2024-12-05,9283
6173,信昌電,22,2,20,凱基-北門,2024-12-05,9283
2431,聯昌,20,1,19,凱基-北門,2024-12-05,9283
2457,飛宏,21,2,19,凱基-北門,2024-12-05,9283
00915,凱基優選高股息30,16,0,16,凱基-北門,2024-12-05,9283
3024,憶聲,16,0,16,凱基-北門,2024-12-05,9283
4953,緯軟,13,0,13,凱基-北門,2024-12-05,9283
1513,中興電,11,0,11,凱基-北門,2024-12-05,9283
00712,復華富時不動產,11,0,11,凱基-北門,2024-12-05,9283
2014,中鴻,11,0,11,凱基-北門,2024-12-05,9283
2483,百容,11,0,11,凱基-北門,2024-12-05,9283
6127,九豪,21,10,11,凱基-北門,2024-12-05,9283
8409,商之器,11,0,11,凱基-北門,2024-12-05,9283
4931,新盛力,12,2,10,凱基-北門,2024-12-05,9283
1303,南亞,9,0,9,凱基-北門,2024-12-05,9283
2472,立隆電,11,2,9,凱基-北門,2024-12-05,9283
1301,台塑,10,2,8,凱基-北門,2024-12-05,9283
2376,技嘉,7,0,7,凱基-北門,2024-12-05,9283
2204,中華,7,0,7,凱基-北門,2024-12-05,9283
3323,加百裕,70,63,7,凱基-北門,2024-12-05,9283
8104,錸寶,18,11,7,凱基-北門,2024-12-05,9283
2426,鼎元,6,0,6,凱基-北門,2024-12-05,9283
1216,統一,6,0,6,凱基-北門,2024-12-05,9283
5371,中光電,10,4,6,凱基-北門,2024-12-05,9283
6213,聯茂,7,1,6,凱基-北門,2024-12-05,9283
8176,智捷,6,0,6,凱基-北門,2024-12-05,9283
9105,泰金寶-DR,16,10,6,凱基-北門,2024-12-05,9283
2327,國巨,6,0,6,凱基-北門,2024-12-05,9283
3029,零壹,14,8,6,凱基-北門,2024-12-05,9283
3450,聯鈞,9,4,5,凱基-北門,2024-12-05,9283
00909,國泰數位支付服務,5,0,5,凱基-北門,2024-12-05,9283
00926,凱基全球菁英55,5,0,5,凱基-北門,2024-12-05,9283
2002A,中鋼特,5,0,5,凱基-北門,2024-12-05,9283
2208,台船,5,0,5,凱基-北門,2024-12-05,9283
2337,旺宏,6,1,5,凱基-北門,2024-12-05,9283
2455,全新,6,1,5,凱基-北門,2024-12-05,9283
2886,兆豐金,5,0,5,凱基-北門,2024-12-05,9283
3317,尼克森,5,0,5,凱基-北門,2024-12-05,9283
3501,維熹,5,0,5,凱基-北門,2024-12-05,9283
5243,乙盛-KY,5,0,5,凱基-北門,2024-12-05,9283
5439,高技,6,1,5,凱基-北門,2024-12-05,9283
00953B,群益優選非投等債,106,0,106,凱基-北門,2024-12-06,9283
8240,華宏,65,0,65,凱基-北門,2024-12-06,9283
00715L,期街口布蘭特正2,57,0,57,凱基-北門,2024-12-06,9283
2312,金寶,57,7,50,凱基-北門,2024-12-06,9283
2354,鴻準,94,48,46,凱基-北門,2024-12-06,9283
1319,東陽,41,0,41,凱基-北門,2024-12-06,9283
9946,三發地產,40,0,40,凱基-北門,2024-12-06,9283
8409,商之器,40,3,37,凱基-北門,2024-12-06,9283
00637L,元大滬深300正2,30,3,27,凱基-北門,2024-12-06,9283
00712,復華富時不動產,21,0,21,凱基-北門,2024-12-06,9283
00878,國泰永續高股息,32,13,19,凱基-北門,2024-12-06,9283
3050,鈺德,16,0,16,凱基-北門,2024-12-06,9283
6141,柏承,20,5,15,凱基-北門,2024-12-06,9283
8249,菱光,21,7,14,凱基-北門,2024-12-06,9283
00932,兆豐永續高息等權,12,0,12,凱基-北門,2024-12-06,9283
00907,永豐優息存股,12,0,12,凱基-北門,2024-12-06,9283
8111,立��,24,13,11,凱基-北門,2024-12-06,9283
2464,盟立,10,0,10,凱基-北門,2024-12-06,9283
6588,東典光電,10,0,10,凱基-北門,2024-12-06,9283
6706,惠特,12,2,10,凱基-北門,2024-12-06,9283
3049,精金,9,0,9,凱基-北門,2024-12-06,9283
6213,聯茂,9,0,9,凱基-北門,2024-12-06,9283
8069,元太,8,0,8,凱基-北門,2024-12-06,9283
6187,萬潤,8,0,8,凱基-北門,2024-12-06,9283
4533,協易機,8,0,8,凱基-北門,2024-12-06,9283
6173,信昌電,8,0,8,凱基-北門,2024-12-06,9283
00918,大華優利高填息30,12,4,8,凱基-北門,2024-12-06,9283
00965,元大航太防衛科技,7,0,7,凱基-北門,2024-12-06,9283
00713,元大台灣高息低波,6,0,6,凱基-北門,2024-12-06,9283
1784,訊聯,6,0,6,凱基-北門,2024-12-06,9283
5222,全訊,6,0,6,凱基-北門,2024-12-06,9283
5309,系統電,8,2,6,凱基-北門,2024-12-06,9283
6550,北極星藥業-KY,6,0,6,凱基-北門,2024-12-06,9283
6569,醫揚,6,0,6,凱基-北門,2024-12-06,9283
2014,中鴻,5,0,5,凱基-北門,2024-12-06,9283
2328,廣宇,6,1,5,凱基-北門,2024-12-06,9283
3163,波若威,16,11,5,凱基-北門,2024-12-06,9283
3380,明泰,5,0,5,凱基-北門,2024-12-06,9283
4743,合一,5,0,5,凱基-北門,2024-12-06,9283
5452,佶優,5,0,5,凱基-北門,2024-12-06,9283
6192,巨路,5,0,5,凱基-北門,2024-12-06,9283
6901,鑽石投資,7,2,5,凱基-北門,2024-12-06,9283
4755,三福化,12,7,5,凱基-北門,2024-12-06,9283
6472,保瑞,6,1,5,凱基-北門,2024-12-06,9283
00919,群益台灣精選高息,15,11,4,凱基-北門,2024-12-06,9283
2337,旺宏,8,4,4,凱基-北門,2024-12-06,9283
2425,承啟,8,4,4,凱基-北門,2024-12-06,9283
2515,中工,4,0,4,凱基-北門,2024-12-06,9283
2882,國泰金,4,0,4,凱基-北門,2024-12-06,9283
3447,展達,8,4,4,凱基-北門,2024-12-06,9283
00953B,群益優選非投等債,185,0,185,凱基-北門,2024-12-09,9283
00715L,期街口布蘭特正2,114,1,113,凱基-北門,2024-12-09,9283
00945B,凱基美國非投等債,80,0,80,凱基-北門,2024-12-09,9283
8104,錸寶,76,33,43,凱基-北門,2024-12-09,9283
2887,台新金,47,8,39,凱基-北門,2024-12-09,9283
1524,耿鼎,31,0,31,凱基-北門,2024-12-09,9283
00930,永豐ESG低碳高息,30,0,30,凱基-北門,2024-12-09,9283
2836,高雄銀,30,0,30,凱基-北門,2024-12-09,9283
2061,風青,28,0,28,凱基-北門,2024-12-09,9283
3231,緯創,35,10,25,凱基-北門,2024-12-09,9283
2891,中信金,25,1,24,凱基-北門,2024-12-09,9283
1609,大亞,20,0,20,凱基-北門,2024-12-09,9283
1721,三晃,20,0,20,凱基-北門,2024-12-09,9283
3289,宜特,20,0,20,凱基-北門,2024-12-09,9283
00900,富邦特選高股息30,18,0,18,凱基-北門,2024-12-09,9283
2312,金寶,20,3,17,凱基-北門,2024-12-09,9283
2399,映泰,29,15,14,凱基-北門,2024-12-09,9283
4931,新盛力,14,0,14,凱基-北門,2024-12-09,9283
2449,京元電子,13,1,12,凱基-北門,2024-12-09,9283
6140,訊達,11,0,11,凱基-北門,2024-12-09,9283
2401,凌陽,10,0,10,凱基-北門,2024-12-09,9283
2630,亞航,10,0,10,凱基-北門,2024-12-09,9283
3050,鈺德,10,0,10,凱基-北門,2024-12-09,9283
1301,台塑,10,0,10,凱基-北門,2024-12-09,9283
1815,富喬,38,29,9,凱基-北門,2024-12-09,9283
3715,定穎投控,16,7,9,凱基-北門,2024-12-09,9283
5309,系統電,9,0,9,凱基-北門,2024-12-09,9283
8097,常珵,9,0,9,凱基-北門,2024-12-09,9283
2354,鴻準,63,55,8,凱基-北門,2024-12-09,9283
2439,美律,8,0,8,凱基-北門,2024-12-09,9283
0056,元大高股息,7,0,7,凱基-北門,2024-12-09,9283
00918,大華優利高填息30,7,0,7,凱基-北門,2024-12-09,9283
00937B,群益ESG投等債20,8,1,7,凱基-北門,2024-12-09,9283
2483,百容,7,0,7,凱基-北門,2024-12-09,9283
3257,虹冠電,7,0,7,凱基-北門,2024-12-09,9283
2317,鴻海,13,6,7,凱基-北門,2024-12-09,9283
1402,遠東新,6,0,6,凱基-北門,2024-12-09,9283
1717,長興,6,0,6,凱基-北門,2024-12-09,9283
2363,矽統,11,5,6,凱基-北門,2024-12-09,9283
2436,偉詮電,7,1,6,凱基-北門,2024-12-09,9283
00915,凱基優選高股息30,6,0,6,凱基-北門,2024-12-09,9283
00725B,國泰投資級公司債,5,0,5,凱基-北門,2024-12-09,9283
00922,國泰台灣領袖50,5,0,5,凱基-北門,2024-12-09,9283
1319,東陽,6,1,5,凱基-北門,2024-12-09,9283
3078,僑威,5,0,5,凱基-北門,2024-12-09,9283
3234,光環,5,0,5,凱基-北門,2024-12-09,9283
6127,九豪,5,0,5,凱基-北門,2024-12-09,9283
6175,立敦,5,0,5,凱基-北門,2024-12-09,9283
6462,神盾,7,2,5,凱基-北門,2024-12-09,9283
2006,東和鋼鐵,4,0,4,凱基-北門,2024-12-09,9283
00700,富邦�琤肭磪�,125,0,125,凱基-北門,2024-12-10,9283
2609,陽明,88,15,73,凱基-北門,2024-12-10,9283
1605,華新,71,9,62,凱基-北門,2024-12-10,9283
2356,英業達,35,0,35,凱基-北門,2024-12-10,9283
00918,大華優利高填息30,35,0,35,凱基-北門,2024-12-10,9283
00751B,元大AAA至A公司債,28,1,27,凱基-北門,2024-12-10,9283
1815,富喬,28,3,25,凱基-北門,2024-12-10,9283
00679B,元大美債20年,25,1,24,凱基-北門,2024-12-10,9283
00713,元大台灣高息低波,22,0,22,凱基-北門,2024-12-10,9283
00887,永豐中國科技50大,49,27,22,凱基-北門,2024-12-10,9283
2887,台新金,41,19,22,凱基-北門,2024-12-10,9283
00909,國泰數位支付服務,21,1,20,凱基-北門,2024-12-10,9283
2836,高雄銀,20,0,20,凱基-北門,2024-12-10,9283
8240,華宏,20,0,20,凱基-北門,2024-12-10,9283
3231,緯創,18,0,18,凱基-北門,2024-12-10,9283
3706,神達,35,17,18,凱基-北門,2024-12-10,9283
1319,東陽,17,0,17,凱基-北門,2024-12-10,9283
2029,盛餘,14,0,14,凱基-北門,2024-12-10,9283
2363,矽統,17,3,14,凱基-北門,2024-12-10,9283
00965,元大航太防衛科技,13,0,13,凱基-北門,2024-12-10,9283
2483,百容,12,0,12,凱基-北門,2024-12-10,9283
00937B,群益ESG投等債20,11,0,11,凱基-北門,2024-12-10,9283
0056,元大高股息,10,0,10,凱基-北門,2024-12-10,9283
00757,統一FANG+,26,16,10,凱基-北門,2024-12-10,9283
00950B,凱基A級公司債,10,0,10,凱基-北門,2024-12-10,9283
1467,南緯,10,0,10,凱基-北門,2024-12-10,9283
2417,圓剛,10,0,10,凱基-北門,2024-12-10,9283
3289,宜特,10,0,10,凱基-北門,2024-12-10,9283
00646,元大S＆P500,9,0,9,凱基-北門,2024-12-10,9283
2312,金寶,13,5,8,凱基-北門,2024-12-10,9283
2002,中鋼,8,0,8,凱基-北門,2024-12-10,9283
2317,鴻海,16,8,8,凱基-北門,2024-12-10,9283
1314,中石化,7,0,7,凱基-北門,2024-12-10,9283
5531,鄉林,8,1,7,凱基-北門,2024-12-10,9283
1101,台泥,6,0,6,凱基-北門,2024-12-10,9283
2615,萬海,7,1,6,凱基-北門,2024-12-10,9283
2316,楠梓電,6,0,6,凱基-北門,2024-12-10,9283
00915,凱基優選高股息30,7,1,6,凱基-北門,2024-12-10,9283
00637L,元大滬深300正2,27,21,6,凱基-北門,2024-12-10,9283
1733,五鼎,6,0,6,凱基-北門,2024-12-10,9283
2399,映泰,11,5,6,凱基-北門,2024-12-10,9283
5907,大洋-KY,6,0,6,凱基-北門,2024-12-10,9283
1440,南紡,5,0,5,凱基-北門,2024-12-10,9283
1609,大亞,5,0,5,凱基-北門,2024-12-10,9283
8111,立��,7,2,5,凱基-北門,2024-12-10,9283
4991,環宇-KY,13,8,5,凱基-北門,2024-12-10,9283
00725B,國泰投資級公司債,5,0,5,凱基-北門,2024-12-10,9283
2061,風青,5,0,5,凱基-北門,2024-12-10,9283
2337,旺宏,5,0,5,凱基-北門,2024-12-10,9283
6192,巨路,5,0,5,凱基-北門,2024-12-10,9283
00753L,中信中國50正2,123,18,105,凱基-北門,2024-12-11,9283
00665L,富邦�琤肭磪囓�2,102,0,102,凱基-北門,2024-12-11,9283
00937B,群益ESG投等債20,106,16,90,凱基-北門,2024-12-11,9283
00919,群益台灣精選高息,74,4,70,凱基-北門,2024-12-11,9283
00918,大華優利高填息30,57,0,57,凱基-北門,2024-12-11,9283
00940,元大台灣價值高息,45,0,45,凱基-北門,2024-12-11,9283
00687B,國泰20年美債,42,0,42,凱基-北門,2024-12-11,9283
2836,高雄銀,40,0,40,凱基-北門,2024-12-11,9283
00887,永豐中國科技50大,30,0,30,凱基-北門,2024-12-11,9283
00953B,群益優選非投等債,30,0,30,凱基-北門,2024-12-11,9283
2354,鴻準,28,5,23,凱基-北門,2024-12-11,9283
4916,事欣科,22,0,22,凱基-北門,2024-12-11,9283
00915,凱基優選高股息30,22,0,22,凱基-北門,2024-12-11,9283
2317,鴻海,33,12,21,凱基-北門,2024-12-11,9283
2634,漢翔,19,4,15,凱基-北門,2024-12-11,9283
1303,南亞,13,0,13,凱基-北門,2024-12-11,9283
3231,緯創,12,0,12,凱基-北門,2024-12-11,9283
6187,萬潤,16,4,12,凱基-北門,2024-12-11,9283
1326,台化,11,0,11,凱基-北門,2024-12-11,9283
2913,農林,11,0,11,凱基-北門,2024-12-11,9283
1301,台塑,12,2,10,凱基-北門,2024-12-11,9283
3032,偉訓,19,9,10,凱基-北門,2024-12-11,9283
8421,旭源,10,0,10,凱基-北門,2024-12-11,9283
9105,泰金寶-DR,10,0,10,凱基-北門,2024-12-11,9283
2408,南亞科,22,12,10,凱基-北門,2024-12-11,9283
2486,一詮,15,6,9,凱基-北門,2024-12-11,9283
2303,聯電,18,10,8,凱基-北門,2024-12-11,9283
6443,元晶,8,0,8,凱基-北門,2024-12-11,9283
2618,長榮航,11,4,7,凱基-北門,2024-12-11,9283
2201,裕隆,6,0,6,凱基-北門,2024-12-11,9283
2382,廣達,9,3,6,凱基-北門,2024-12-11,9283
00946,群益科技高息成長,6,0,6,凱基-北門,2024-12-11,9283
00637L,元大滬深300正2,18,12,6,凱基-北門,2024-12-11,9283
00945B,凱基美國非投等債,6,0,6,凱基-北門,2024-12-11,9283
6192,巨路,6,0,6,凱基-北門,2024-12-11,9283
6589,台康生技,10,4,6,凱基-北門,2024-12-11,9283
8176,智捷,6,0,6,凱基-北門,2024-12-11,9283
6215,和椿,10,4,6,凱基-北門,2024-12-11,9283
0056,元大高股息,5,0,5,凱基-北門,2024-12-11,9283
2399,映泰,9,4,5,凱基-北門,2024-12-11,9283
00692,富邦公司治理,5,0,5,凱基-北門,2024-12-11,9283
00764B,群益25年美債,5,0,5,凱基-北門,2024-12-11,9283
1717,長興,5,0,5,凱基-北門,2024-12-11,9283
2483,百容,5,0,5,凱基-北門,2024-12-11,9283
2801,彰銀,5,0,5,凱基-北門,2024-12-11,9283
2880,華南金,5,0,5,凱基-北門,2024-12-11,9283
2891,中信金,5,0,5,凱基-北門,2024-12-11,9283
5439,高技,7,2,5,凱基-北門,2024-12-11,9283
6214,精誠,10,5,5,凱基-北門,2024-12-11,9283
6757,台灣虎航,5,0,5,凱基-北門,2024-12-11,9283
00918,大華優利高填息30,87,0,87,凱基-北門,2024-12-12,9283
00753L,中信中國50正2,56,7,49,凱基-北門,2024-12-12,9283
00930,永豐ESG低碳高息,35,0,35,凱基-北門,2024-12-12,9283
2312,金寶,40,7,33,凱基-北門,2024-12-12,9283
5203,訊連,30,0,30,凱基-北門,2024-12-12,9283
00915,凱基優選高股息30,29,0,29,凱基-北門,2024-12-12,9283
2468,華經,29,5,24,凱基-北門,2024-12-12,9283
1303,南亞,23,0,23,凱基-北門,2024-12-12,9283
6214,精誠,27,4,23,凱基-北門,2024-12-12,9283
1301,台塑,47,24,23,凱基-北門,2024-12-12,9283
4510,高鋒,25,4,21,凱基-北門,2024-12-12,9283
8409,商之器,21,0,21,凱基-北門,2024-12-12,9283
00679B,元大美債20年,19,0,19,凱基-北門,2024-12-12,9283
1326,台化,20,2,18,凱基-北門,2024-12-12,9283
1524,耿鼎,26,9,17,凱基-北門,2024-12-12,9283
3231,緯創,18,2,16,凱基-北門,2024-12-12,9283
2002,中鋼,13,0,13,凱基-北門,2024-12-12,9283
9105,泰金寶-DR,23,10,13,凱基-北門,2024-12-12,9283
6505,台塑化,12,0,12,凱基-北門,2024-12-12,9283
2025,千興,12,0,12,凱基-北門,2024-12-12,9283
5488,松普,12,0,12,凱基-北門,2024-12-12,9283
2891,中信金,13,1,12,凱基-北門,2024-12-12,9283
2609,陽明,17,6,11,凱基-北門,2024-12-12,9283
1513,中興電,10,0,10,凱基-北門,2024-12-12,9283
2014,中鴻,10,0,10,凱基-北門,2024-12-12,9283
6757,台灣虎航,10,0,10,凱基-北門,2024-12-12,9283
8234,新漢,10,0,10,凱基-北門,2024-12-12,9283
2317,鴻海,11,2,9,凱基-北門,2024-12-12,9283
3548,兆利,10,1,9,凱基-北門,2024-12-12,9283
00725B,國泰投資級公司債,8,0,8,凱基-北門,2024-12-12,9283
00937B,群益ESG投等債20,10,2,8,凱基-北門,2024-12-12,9283
2388,威盛,7,0,7,凱基-北門,2024-12-12,9283
00720B,元大投資級公司債,6,0,6,凱基-北門,2024-12-12,9283
00953B,群益優選非投等債,6,0,6,凱基-北門,2024-12-12,9283
1101,台泥,6,0,6,凱基-北門,2024-12-12,9283
00893,國泰智能電動車,5,0,5,凱基-北門,2024-12-12,9283
00926,凱基全球菁英55,5,0,5,凱基-北門,2024-12-12,9283
00675L,富邦臺灣加權正2,5,0,5,凱基-北門,2024-12-12,9283
2062,橋椿,5,0,5,凱基-北門,2024-12-12,9283
2324,仁寶,5,0,5,凱基-北門,2024-12-12,9283
2801,彰銀,5,0,5,凱基-北門,2024-12-12,9283
6139,亞翔,5,0,5,凱基-北門,2024-12-12,9283
8476,台境*,5,0,5,凱基-北門,2024-12-12,9283
00687B,國泰20年美債,12,8,4,凱基-北門,2024-12-12,9283
8112,至上,4,0,4,凱基-北門,2024-12-12,9283
00713,元大台灣高息低波,4,0,4,凱基-北門,2024-12-12,9283
00673R,期元大S＆P原油反1,4,0,4,凱基-北門,2024-12-12,9283
1449,佳和,7,3,4,凱基-北門,2024-12-12,9283
1569,濱川,4,0,4,凱基-北門,2024-12-12,9283
2605,新興,4,0,4,凱基-北門,2024-12-12,9283
00919,群益台灣精選高息,109,0,109,凱基-北門,2024-12-13,9283
00673R,期元大S＆P原油反1,100,0,100,凱基-北門,2024-12-13,9283
00753L,中信中國50正2,120,36,84,凱基-北門,2024-12-13,9283
2457,飛宏,73,0,73,凱基-北門,2024-12-13,9283
0056,元大高股息,63,0,63,凱基-北門,2024-12-13,9283
00665L,富邦�琤肭磪囓�2,50,0,50,凱基-北門,2024-12-13,9283
00915,凱基優選高股息30,49,0,49,凱基-北門,2024-12-13,9283
2303,聯電,75,30,45,凱基-北門,2024-12-13,9283
00918,大華優利高填息30,45,0,45,凱基-北門,2024-12-13,9283
2836,高雄銀,40,0,40,凱基-北門,2024-12-13,9283
2317,鴻海,29,2,27,凱基-北門,2024-12-13,9283
00947,台新臺灣IC設計,26,2,24,凱基-北門,2024-12-13,9283
8104,錸寶,59,37,22,凱基-北門,2024-12-13,9283
00706L,期元大S＆P日圓正2,21,0,21,凱基-北門,2024-12-13,9283
00946,群益科技高息成長,21,0,21,凱基-北門,2024-12-13,9283
8409,商之器,19,0,19,凱基-北門,2024-12-13,9283
2887,台新金,20,2,18,凱基-北門,2024-12-13,9283
2014,中鴻,15,0,15,凱基-北門,2024-12-13,9283
00713,元大台灣高息低波,14,0,14,凱基-北門,2024-12-13,9283
00679B,元大美債20年,13,0,13,凱基-北門,2024-12-13,9283
2913,農林,13,0,13,凱基-北門,2024-12-13,9283
1301,台塑,13,1,12,凱基-北門,2024-12-13,9283
00909,國泰數位支付服務,10,0,10,凱基-北門,2024-12-13,9283
00738U,期元大道瓊白銀,10,0,10,凱基-北門,2024-12-13,9283
00905,FT臺灣Smart,10,0,10,凱基-北門,2024-12-13,9283
00959B,大華投等美債15Y+,10,0,10,凱基-北門,2024-12-13,9283
1532,勤美,10,0,10,凱基-北門,2024-12-13,9283
1717,長興,10,0,10,凱基-北門,2024-12-13,9283
3090,日電貿,10,0,10,凱基-北門,2024-12-13,9283
3260,威剛,10,0,10,凱基-北門,2024-12-13,9283
6791,虎門科技,10,0,10,凱基-北門,2024-12-13,9283
8047,星雲,55,45,10,凱基-北門,2024-12-13,9283
3706,神達,52,43,9,凱基-北門,2024-12-13,9283
1709,和益,9,0,9,凱基-北門,2024-12-13,9283
6425,易發,9,0,9,凱基-北門,2024-12-13,9283
2353,宏��,8,0,8,凱基-北門,2024-12-13,9283
3164,景岳,8,0,8,凱基-北門,2024-12-13,9283
00940,元大台灣價值高息,8,0,8,凱基-北門,2024-12-13,9283
2313,華通,11,4,7,凱基-北門,2024-12-13,9283
2002,中鋼,7,0,7,凱基-北門,2024-12-13,9283
00945B,凱基美國非投等債,7,0,7,凱基-北門,2024-12-13,9283
2025,千興,7,0,7,凱基-北門,2024-12-13,9283
2316,楠梓電,7,0,7,凱基-北門,2024-12-13,9283
5483,中美晶,9,3,6,凱基-北門,2024-12-13,9283
2106,建大,6,0,6,凱基-北門,2024-12-13,9283
3234,光環,6,0,6,凱基-北門,2024-12-13,9283
00907,永豐優息存股,6,0,6,凱基-北門,2024-12-13,9283
3447,展達,18,12,6,凱基-北門,2024-12-13,9283
00687B,國泰20年美債,5,0,5,凱基-北門,2024-12-13,9283
3694,海華,5,0,5,凱基-北門,2024-12-13,9283
00687B,國泰20年美債,181,0,181,凱基-北門,2024-12-16,9283
00915,凱基優選高股息30,69,0,69,凱基-北門,2024-12-16,9283
00688L,國泰20年美債正2,66,0,66,凱基-北門,2024-12-16,9283
2356,英業達,65,0,65,凱基-北門,2024-12-16,9283
2618,長榮航,72,20,52,凱基-北門,2024-12-16,9283
00665L,富邦�琤肭磪囓�2,50,1,49,凱基-北門,2024-12-16,9283
00753L,中信中國50正2,50,1,49,凱基-北門,2024-12-16,9283
00919,群益台灣精選高息,50,6,44,凱基-北門,2024-12-16,9283
00731,復華富時高息低波,40,0,40,凱基-北門,2024-12-16,9283
00679B,元大美債20年,36,0,36,凱基-北門,2024-12-16,9283
2002,中鋼,35,0,35,凱基-北門,2024-12-16,9283
2449,京元電子,31,1,30,凱基-北門,2024-12-16,9283
00706L,期元大S＆P日圓正2,21,0,21,凱基-北門,2024-12-16,9283
6451,訊芯-KY,26,5,21,凱基-北門,2024-12-16,9283
00946,群益科技高息成長,20,0,20,凱基-北門,2024-12-16,9283
1785,光洋科,20,0,20,凱基-北門,2024-12-16,9283
2014,中鴻,20,0,20,凱基-北門,2024-12-16,9283
5203,訊連,20,0,20,凱基-北門,2024-12-16,9283
5438,東友,19,1,18,凱基-北門,2024-12-16,9283
2317,鴻海,24,6,18,凱基-北門,2024-12-16,9283
2483,百容,15,0,15,凱基-北門,2024-12-16,9283
4931,新盛力,17,2,15,凱基-北門,2024-12-16,9283
00918,大華優利高填息30,14,0,14,凱基-北門,2024-12-16,9283
9914,美利達,12,0,12,凱基-北門,2024-12-16,9283
3706,神達,22,11,11,凱基-北門,2024-12-16,9283
8409,商之器,11,0,11,凱基-北門,2024-12-16,9283
2887,台新金,10,0,10,凱基-北門,2024-12-16,9283
6757,台灣虎航,10,0,10,凱基-北門,2024-12-16,9283
6770,力積電,10,0,10,凱基-北門,2024-12-16,9283
3231,緯創,11,3,8,凱基-北門,2024-12-16,9283
2812,台中銀,8,0,8,凱基-北門,2024-12-16,9283
4131,浩泰,8,0,8,凱基-北門,2024-12-16,9283
8104,錸寶,15,7,8,凱基-北門,2024-12-16,9283
3450,聯鈞,31,24,7,凱基-北門,2024-12-16,9283
00893,國泰智能電動車,7,0,7,凱基-北門,2024-12-16,9283
00673R,期元大S＆P原油反1,7,0,7,凱基-北門,2024-12-16,9283
00959B,大華投等美債15Y+,7,0,7,凱基-北門,2024-12-16,9283
1709,和益,7,0,7,凱基-北門,2024-12-16,9283
3260,威剛,7,0,7,凱基-北門,2024-12-16,9283
6214,精誠,9,2,7,凱基-北門,2024-12-16,9283
8111,立��,15,8,7,凱基-北門,2024-12-16,9283
3013,晟銘電,6,0,6,凱基-北門,2024-12-16,9283
00953B,群益優選非投等債,6,0,6,凱基-北門,2024-12-16,9283
2486,一詮,6,0,6,凱基-北門,2024-12-16,9283
6257,矽格,7,1,6,凱基-北門,2024-12-16,9283
2609,陽明,19,14,5,凱基-北門,2024-12-16,9283
00927,群益半導體收益,5,0,5,凱基-北門,2024-12-16,9283
00680L,元大美債20正2,5,0,5,凱基-北門,2024-12-16,9283
00634R,富邦上証反1,5,0,5,凱基-北門,2024-12-16,9283
00948B,中信優息投資級債,5,0,5,凱基-北門,2024-12-16,9283
00937B,群益ESG投等債20,229,0,229,凱基-北門,2024-12-17,9283
2883,凱基金,130,0,130,凱基-北門,2024-12-17,9283
00970B,新光BBB投等債20,100,10,90,凱基-北門,2024-12-17,9283
00918,大華優利高填息30,74,0,74,凱基-北門,2024-12-17,9283
2601,益航,71,0,71,凱基-北門,2024-12-17,9283
00915,凱基優選高股息30,49,10,39,凱基-北門,2024-12-17,9283
6265,方土昶,30,0,30,凱基-北門,2024-12-17,9283
8409,商之器,29,0,29,凱基-北門,2024-12-17,9283
00878,國泰永續高股息,21,0,21,凱基-北門,2024-12-17,9283
1522,堤維西,20,0,20,凱基-北門,2024-12-17,9283
1532,勤美,20,0,20,凱基-北門,2024-12-17,9283
2014,中鴻,20,0,20,凱基-北門,2024-12-17,9283
5302,太欣,20,0,20,凱基-北門,2024-12-17,9283
2882,國泰金,18,0,18,凱基-北門,2024-12-17,9283
0056,元大高股息,17,0,17,凱基-北門,2024-12-17,9283
00713,元大台灣高息低波,17,0,17,凱基-北門,2024-12-17,9283
00679B,元大美債20年,16,0,16,凱基-北門,2024-12-17,9283
2483,百容,16,0,16,凱基-北門,2024-12-17,9283
8111,立��,38,22,16,凱基-北門,2024-12-17,9283
00757,統一FANG+,13,0,13,凱基-北門,2024-12-17,9283
2388,威盛,13,0,13,凱基-北門,2024-12-17,9283
2374,佳能,27,15,12,凱基-北門,2024-12-17,9283
1326,台化,12,0,12,凱基-北門,2024-12-17,9283
1303,南亞,10,0,10,凱基-北門,2024-12-17,9283
3694,海華,10,0,10,凱基-北門,2024-12-17,9283
2449,京元電子,26,16,10,凱基-北門,2024-12-17,9283
3036,文曄,11,1,10,凱基-北門,2024-12-17,9283
9945,潤泰新,10,0,10,凱基-北門,2024-12-17,9283
00909,國泰數位支付服務,12,2,10,凱基-北門,2024-12-17,9283
00690,兆豐藍籌30,10,0,10,凱基-北門,2024-12-17,9283
2354,鴻準,13,3,10,凱基-北門,2024-12-17,9283
8150,南茂,10,0,10,凱基-北門,2024-12-17,9283
9933,中鼎,10,0,10,凱基-北門,2024-12-17,9283
00715L,期街口布蘭特正2,10,1,9,凱基-北門,2024-12-17,9283
8040,九暘,10,2,8,凱基-北門,2024-12-17,9283
00893,國泰智能電動車,9,1,8,凱基-北門,2024-12-17,9283
3290,東浦,8,0,8,凱基-北門,2024-12-17,9283
1301,台塑,12,4,8,凱基-北門,2024-12-17,9283
2801,彰銀,7,0,7,凱基-北門,2024-12-17,9283
6505,台塑化,7,0,7,凱基-北門,2024-12-17,9283
2486,一詮,11,4,7,凱基-北門,2024-12-17,9283
8104,錸寶,13,6,7,凱基-北門,2024-12-17,9283
00720B,元大投資級公司債,6,0,6,凱基-北門,2024-12-17,9283
00947,台新臺灣IC設計,7,1,6,凱基-北門,2024-12-17,9283
2352,佳世達,6,0,6,凱基-北門,2024-12-17,9283
8089,康全電訊,6,0,6,凱基-北門,2024-12-17,9283
8249,菱光,15,9,6,凱基-北門,2024-12-17,9283
2382,廣達,6,0,6,凱基-北門,2024-12-17,9283
2344,華邦電,14,8,6,凱基-北門,2024-12-17,9283
2317,鴻海,9,3,6,凱基-北門,2024-12-17,9283
00700,富邦�琤肭磪�,150,0,150,凱基-北門,2024-12-18,9283
00918,大華優利高填息30,137,0,137,凱基-北門,2024-12-18,9283
00937B,群益ESG投等債20,103,0,103,凱基-北門,2024-12-18,9283
2486,一詮,40,2,38,凱基-北門,2024-12-18,9283
2312,金寶,37,5,32,凱基-北門,2024-12-18,9283
5302,太欣,30,0,30,凱基-北門,2024-12-18,9283
1301,台塑,24,0,24,凱基-北門,2024-12-18,9283
6214,精誠,23,1,22,凱基-北門,2024-12-18,9283
2453,凌群,30,10,20,凱基-北門,2024-12-18,9283
00712,復華富時不動產,17,0,17,凱基-北門,2024-12-18,9283
4741,泓瀚,15,0,15,凱基-北門,2024-12-18,9283
1785,光洋科,12,0,12,凱基-北門,2024-12-18,9283
1815,富喬,50,38,12,凱基-北門,2024-12-18,9283
3450,聯鈞,30,19,11,凱基-北門,2024-12-18,9283
2483,百容,10,0,10,凱基-北門,2024-12-18,9283
2610,華航,10,0,10,凱基-北門,2024-12-18,9283
2707,晶華,10,0,10,凱基-北門,2024-12-18,9283
006208,富邦台50,9,0,9,凱基-北門,2024-12-18,9283
4533,協易機,22,13,9,凱基-北門,2024-12-18,9283
8409,商之器,9,0,9,凱基-北門,2024-12-18,9283
8908,欣雄,9,0,9,凱基-北門,2024-12-18,9283
00634R,富邦上証反1,8,0,8,凱基-北門,2024-12-18,9283
2913,農林,8,0,8,凱基-北門,2024-12-18,9283
3466,德晉,8,0,8,凱基-北門,2024-12-18,9283
00878,國泰永續高股息,11,3,8,凱基-北門,2024-12-18,9283
2317,鴻海,8,0,8,凱基-北門,2024-12-18,9283
00715L,期街口布蘭特正2,7,0,7,凱基-北門,2024-12-18,9283
2206,三陽工業,7,0,7,凱基-北門,2024-12-18,9283
4510,高鋒,9,2,7,凱基-北門,2024-12-18,9283
1303,南亞,7,1,6,凱基-北門,2024-12-18,9283
1709,和益,6,0,6,凱基-北門,2024-12-18,9283
2722,夏都,7,1,6,凱基-北門,2024-12-18,9283
4540,全球傳動,22,16,6,凱基-北門,2024-12-18,9283
9105,泰金寶-DR,61,55,6,凱基-北門,2024-12-18,9283
2344,華邦電,8,2,6,凱基-北門,2024-12-18,9283
0056,元大高股息,6,1,5,凱基-北門,2024-12-18,9283
5871,中租-KY,6,1,5,凱基-北門,2024-12-18,9283
00945B,凱基美國非投等債,5,0,5,凱基-北門,2024-12-18,9283
00924,復華S＆P500成長,5,0,5,凱基-北門,2024-12-18,9283
00887,永豐中國科技50大,5,0,5,凱基-北門,2024-12-18,9283
00852L,國泰美國道瓊正2,5,0,5,凱基-北門,2024-12-18,9283
00962,台新AI優息動能,5,0,5,凱基-北門,2024-12-18,9283
1718,中纖,5,0,5,凱基-北門,2024-12-18,9283
2348,海悅,5,0,5,凱基-北門,2024-12-18,9283
2367,燿華,5,0,5,凱基-北門,2024-12-18,9283
2376,技嘉,5,0,5,凱基-北門,2024-12-18,9283
2455,全新,6,1,5,凱基-北門,2024-12-18,9283
2801,彰銀,5,0,5,凱基-北門,2024-12-18,9283
2883,凱基金,7,2,5,凱基-北門,2024-12-18,9283
8482,商億-KY,5,0,5,凱基-北門,2024-12-18,9283
5880,合庫金,203,0,203,凱基-北門,2024-12-19,9283
00712,復華富時不動產,77,0,77,凱基-北門,2024-12-19,9283
1326,台化,61,1,60,凱基-北門,2024-12-19,9283
00679B,元大美債20年,57,0,57,凱基-北門,2024-12-19,9283
00918,大華優利高填息30,79,30,49,凱基-北門,2024-12-19,9283
8409,商之器,33,0,33,凱基-北門,2024-12-19,9283
00688L,國泰20年美債正2,33,0,33,凱基-北門,2024-12-19,9283
00878,國泰永續高股息,33,1,32,凱基-北門,2024-12-19,9283
0056,元大高股息,28,0,28,凱基-北門,2024-12-19,9283
00919,群益台灣精選高息,34,10,24,凱基-北門,2024-12-19,9283
2317,鴻海,25,2,23,凱基-北門,2024-12-19,9283
1905,華紙,20,0,20,凱基-北門,2024-12-19,9283
00907,永豐優息存股,20,0,20,凱基-北門,2024-12-19,9283
00950B,凱基A級公司債,20,0,20,凱基-北門,2024-12-19,9283
2614,東森,20,0,20,凱基-北門,2024-12-19,9283
2836,高雄銀,20,0,20,凱基-北門,2024-12-19,9283
4534,慶騰,20,0,20,凱基-北門,2024-12-19,9283
5392,能率,20,0,20,凱基-北門,2024-12-19,9283
00933B,國泰10Y+金融債,17,0,17,凱基-北門,2024-12-19,9283
3231,緯創,16,0,16,凱基-北門,2024-12-19,9283
3704,合勤控,17,2,15,凱基-北門,2024-12-19,9283
6962,ITH-KY,15,0,15,凱基-北門,2024-12-19,9283
00687B,國泰20年美債,16,1,15,凱基-北門,2024-12-19,9283
00937B,群益ESG投等債20,63,50,13,凱基-北門,2024-12-19,9283
2374,佳能,45,33,12,凱基-北門,2024-12-19,9283
2303,聯電,14,2,12,凱基-北門,2024-12-19,9283
2883,凱基金,11,0,11,凱基-北門,2024-12-19,9283
2357,華碩,10,0,10,凱基-北門,2024-12-19,9283
00852L,國泰美國道瓊正2,10,0,10,凱基-北門,2024-12-19,9283
00941,中信上游半導體,10,0,10,凱基-北門,2024-12-19,9283
1532,勤美,10,0,10,凱基-北門,2024-12-19,9283
2882,國泰金,10,0,10,凱基-北門,2024-12-19,9283
2891,中信金,10,0,10,凱基-北門,2024-12-19,9283
00713,元大台灣高息低波,10,0,10,凱基-北門,2024-12-19,9283
00725B,國泰投資級公司債,9,0,9,凱基-北門,2024-12-19,9283
2409,友達,8,0,8,凱基-北門,2024-12-19,9283
2615,萬海,8,0,8,凱基-北門,2024-12-19,9283
2887,台新金,8,0,8,凱基-北門,2024-12-19,9283
5302,太欣,8,0,8,凱基-北門,2024-12-19,9283
5876,上海商銀,8,0,8,凱基-北門,2024-12-19,9283
8908,欣雄,8,0,8,凱基-北門,2024-12-19,9283
00922,國泰台灣領袖50,8,0,8,凱基-北門,2024-12-19,9283
1303,南亞,7,0,7,凱基-北門,2024-12-19,9283
00905,FT臺灣Smart,10,3,7,凱基-北門,2024-12-19,9283
2913,農林,7,0,7,凱基-北門,2024-12-19,9283
8112,至上,8,1,7,凱基-北門,2024-12-19,9283
00631L,元大台灣50正2,7,0,7,凱基-北門,2024-12-19,9283
00915,凱基優選高股息30,6,0,6,凱基-北門,2024-12-19,9283
00953B,群益優選非投等債,6,0,6,凱基-北門,2024-12-19,9283
1717,長興,6,0,6,凱基-北門,2024-12-19,9283
