Ticker,Name,buy,sell,diff,Branch,Date,Branch_Code
00637L,元大滬深300正2,417,63,354,凱基-中壢,2023-01-03,9285
2707,晶華,123,1,122,凱基-中壢,2023-01-03,9285
1519,華城,123,18,105,凱基-中壢,2023-01-03,9285
1605,華新,225,132,93,凱基-中壢,2023-01-03,9285
6118,建達,104,29,75,凱基-中壢,2023-01-03,9285
4126,太醫,64,0,64,凱基-中壢,2023-01-03,9285
00728,第一金工業30,61,5,56,凱基-中壢,2023-01-03,9285
1752,南光,83,35,48,凱基-中壢,2023-01-03,9285
6223,旺矽,43,2,41,凱基-中壢,2023-01-03,9285
00673R,期元大S＆P原油反1,81,50,31,凱基-中壢,2023-01-03,9285
912000,晨訊科-DR,30,0,30,凱基-中壢,2023-01-03,9285
2201,裕隆,43,14,29,凱基-中壢,2023-01-03,9285
1513,中興電,97,68,29,凱基-中壢,2023-01-03,9285
00878,國泰永續高股息,74,48,26,凱基-中壢,2023-01-03,9285
3207,耀勝,23,0,23,凱基-中壢,2023-01-03,9285
2352,佳世達,22,0,22,凱基-中壢,2023-01-03,9285
4114,健喬,38,16,22,凱基-中壢,2023-01-03,9285
00772B,中信高評級公司債,20,0,20,凱基-中壢,2023-01-03,9285
2538,基泰,20,0,20,凱基-中壢,2023-01-03,9285
9105,泰金寶-DR,20,0,20,凱基-中壢,2023-01-03,9285
2867,三商壽,20,0,20,凱基-中壢,2023-01-03,9285
00720B,元大投資級公司債,18,0,18,凱基-中壢,2023-01-03,9285
00679B,元大美債20年,22,4,18,凱基-中壢,2023-01-03,9285
00631L,元大台灣50正2,17,0,17,凱基-中壢,2023-01-03,9285
2498,宏達電,27,11,16,凱基-中壢,2023-01-03,9285
8033,雷虎,18,2,16,凱基-中壢,2023-01-03,9285
00680L,元大美債20正2,15,0,15,凱基-中壢,2023-01-03,9285
00633L,富邦上証正2,52,37,15,凱基-中壢,2023-01-03,9285
4171,瑞基,54,42,12,凱基-中壢,2023-01-03,9285
2886,兆豐金,41,30,11,凱基-中壢,2023-01-03,9285
2607,榮運,11,0,11,凱基-中壢,2023-01-03,9285
2007,燁興,31,20,11,凱基-中壢,2023-01-03,9285
8933,愛地雅,23,12,11,凱基-中壢,2023-01-03,9285
5284,jpp-KY,14,4,10,凱基-中壢,2023-01-03,9285
2302,麗正,10,0,10,凱基-中壢,2023-01-03,9285
4977,眾達-KY,25,16,9,凱基-中壢,2023-01-03,9285
6180,橘子,16,7,9,凱基-中壢,2023-01-03,9285
4123,晟德,10,1,9,凱基-中壢,2023-01-03,9285
4121,優盛,19,10,9,凱基-中壢,2023-01-03,9285
1720,生達,16,7,9,凱基-中壢,2023-01-03,9285
3693,營邦,20,11,9,凱基-中壢,2023-01-03,9285
4746,台耀,17,8,9,凱基-中壢,2023-01-03,9285
1760,寶齡富錦,16,8,8,凱基-中壢,2023-01-03,9285
3687,歐買尬,10,2,8,凱基-中壢,2023-01-03,9285
1514,亞力,9,1,8,凱基-中壢,2023-01-03,9285
2702,華園,7,0,7,凱基-中壢,2023-01-03,9285
2359,所羅門,10,3,7,凱基-中壢,2023-01-03,9285
2634,漢翔,8,1,7,凱基-中壢,2023-01-03,9285
1701,中化,25,19,6,凱基-中壢,2023-01-03,9285
2615,萬海,22,16,6,凱基-中壢,2023-01-03,9285
00885,富邦越南,350,48,302,凱基-中壢,2023-01-04,9285
00878,國泰永續高股息,227,11,216,凱基-中壢,2023-01-04,9285
00715L,期街口布蘭特正2,167,0,167,凱基-中壢,2023-01-04,9285
2104,國際中橡,125,0,125,凱基-中壢,2023-01-04,9285
2882,國泰金,110,3,107,凱基-中壢,2023-01-04,9285
2303,聯電,53,2,51,凱基-中壢,2023-01-04,9285
5353,台林,47,3,44,凱基-中壢,2023-01-04,9285
6245,立端,48,6,42,凱基-中壢,2023-01-04,9285
6274,台燿,55,16,39,凱基-中壢,2023-01-04,9285
2884,玉山金,37,0,37,凱基-中壢,2023-01-04,9285
2317,鴻海,52,16,36,凱基-中壢,2023-01-04,9285
2208,台船,30,1,29,凱基-中壢,2023-01-04,9285
00770,國泰北美科技,25,0,25,凱基-中壢,2023-01-04,9285
00772B,中信高評級公司債,22,0,22,凱基-中壢,2023-01-04,9285
2368,金像電,21,0,21,凱基-中壢,2023-01-04,9285
6589,台康生技,27,7,20,凱基-中壢,2023-01-04,9285
00679B,元大美債20年,20,1,19,凱基-中壢,2023-01-04,9285
00902,中信電池及儲能,19,0,19,凱基-中壢,2023-01-04,9285
2883,凱基金,21,2,19,凱基-中壢,2023-01-04,9285
1752,南光,167,150,17,凱基-中壢,2023-01-04,9285
6244,茂迪,20,6,14,凱基-中壢,2023-01-04,9285
00683L,期元大美元指正2,14,1,13,凱基-中壢,2023-01-04,9285
2201,裕隆,28,15,13,凱基-中壢,2023-01-04,9285
3047,訊舟,33,21,12,凱基-中壢,2023-01-04,9285
00893,國泰智能電動車,11,0,11,凱基-中壢,2023-01-04,9285
00632R,元大台灣50反1,14,3,11,凱基-中壢,2023-01-04,9285
3504,揚明光,13,2,11,凱基-中壢,2023-01-04,9285
4126,太醫,11,0,11,凱基-中壢,2023-01-04,9285
1609,大亞,49,39,10,凱基-中壢,2023-01-04,9285
00642U,期元大S＆P石油,10,0,10,凱基-中壢,2023-01-04,9285
1795,美時,18,8,10,凱基-中壢,2023-01-04,9285
4114,健喬,30,20,10,凱基-中壢,2023-01-04,9285
2468,華經,10,0,10,凱基-中壢,2023-01-04,9285
9919,康那香,10,0,10,凱基-中壢,2023-01-04,9285
6488,環球晶,10,0,10,凱基-中壢,2023-01-04,9285
2014,中鴻,14,5,9,凱基-中壢,2023-01-04,9285
2637,慧洋-KY,26,17,9,凱基-中壢,2023-01-04,9285
3037,欣興,15,7,8,凱基-中壢,2023-01-04,9285
6104,創惟,18,10,8,凱基-中壢,2023-01-04,9285
1742,台蠟,8,0,8,凱基-中壢,2023-01-04,9285
2482,連宇,8,0,8,凱基-中壢,2023-01-04,9285
6472,保瑞,15,7,8,凱基-中壢,2023-01-04,9285
6689,伊雲谷,9,1,8,凱基-中壢,2023-01-04,9285
4968,立積,26,19,7,凱基-中壢,2023-01-04,9285
2707,晶華,7,0,7,凱基-中壢,2023-01-04,9285
4174,浩鼎,6,0,6,凱基-中壢,2023-01-04,9285
5519,隆大,6,0,6,凱基-中壢,2023-01-04,9285
1441,大東,6,0,6,凱基-中壢,2023-01-04,9285
1529,樂事綠能,7,1,6,凱基-中壢,2023-01-04,9285
6533,晶心科,10,4,6,凱基-中壢,2023-01-04,9285
00715L,期街口布蘭特正2,372,53,319,凱基-中壢,2023-01-05,9285
00706L,期元大S＆P日圓正2,250,0,250,凱基-中壢,2023-01-05,9285
1409,新纖,180,0,180,凱基-中壢,2023-01-05,9285
00642U,期元大S＆P石油,161,1,160,凱基-中壢,2023-01-05,9285
1513,中興電,149,47,102,凱基-中壢,2023-01-05,9285
2419,仲琦,65,11,54,凱基-中壢,2023-01-05,9285
2610,華航,53,5,48,凱基-中壢,2023-01-05,9285
1314,中石化,34,0,34,凱基-中壢,2023-01-05,9285
2402,毅嘉,34,0,34,凱基-中壢,2023-01-05,9285
2834,臺企銀,42,15,27,凱基-中壢,2023-01-05,9285
2317,鴻海,27,2,25,凱基-中壢,2023-01-05,9285
6443,元晶,32,7,25,凱基-中壢,2023-01-05,9285
1909,榮成,29,6,23,凱基-中壢,2023-01-05,9285
8358,金居,40,18,22,凱基-中壢,2023-01-05,9285
3037,欣興,36,15,21,凱基-中壢,2023-01-05,9285
1752,南光,35,14,21,凱基-中壢,2023-01-05,9285
2104,國際中橡,20,0,20,凱基-中壢,2023-01-05,9285
3035,智原,26,7,19,凱基-中壢,2023-01-05,9285
4763,材料-KY,24,5,19,凱基-中壢,2023-01-05,9285
2380,虹光,15,0,15,凱基-中壢,2023-01-05,9285
4114,健喬,21,6,15,凱基-中壢,2023-01-05,9285
6180,橘子,24,10,14,凱基-中壢,2023-01-05,9285
6223,旺矽,13,0,13,凱基-中壢,2023-01-05,9285
2014,中鴻,16,4,12,凱基-中壢,2023-01-05,9285
1444,力麗,32,20,12,凱基-中壢,2023-01-05,9285
8046,南電,16,5,11,凱基-中壢,2023-01-05,9285
3481,群創,23,12,11,凱基-中壢,2023-01-05,9285
2441,超豐,11,0,11,凱基-中壢,2023-01-05,9285
3047,訊舟,29,18,11,凱基-中壢,2023-01-05,9285
2736,富野,10,0,10,凱基-中壢,2023-01-05,9285
6270,倍微,10,0,10,凱基-中壢,2023-01-05,9285
3260,威剛,10,0,10,凱基-中壢,2023-01-05,9285
3024,憶聲,12,2,10,凱基-中壢,2023-01-05,9285
1514,亞力,15,5,10,凱基-中壢,2023-01-05,9285
00772B,中信高評級公司債,10,0,10,凱基-中壢,2023-01-05,9285
6233,旺玖,10,0,10,凱基-中壢,2023-01-05,9285
1605,華新,118,109,9,凱基-中壢,2023-01-05,9285
3504,揚明光,16,7,9,凱基-中壢,2023-01-05,9285
6533,晶心科,20,11,9,凱基-中壢,2023-01-05,9285
8996,高力,18,9,9,凱基-中壢,2023-01-05,9285
8222,寶一,16,7,9,凱基-中壢,2023-01-05,9285
3058,立德,8,0,8,凱基-中壢,2023-01-05,9285
2313,華通,11,3,8,凱基-中壢,2023-01-05,9285
1529,樂事綠能,33,25,8,凱基-中壢,2023-01-05,9285
5905,南仁湖,13,5,8,凱基-中壢,2023-01-05,9285
8155,博智,7,0,7,凱基-中壢,2023-01-05,9285
2485,兆赫,7,0,7,凱基-中壢,2023-01-05,9285
2605,新興,7,0,7,凱基-中壢,2023-01-05,9285
2208,台船,7,0,7,凱基-中壢,2023-01-05,9285
2002,中鋼,10,3,7,凱基-中壢,2023-01-05,9285
00650L,復華香港正2,281,115,166,凱基-中壢,2023-01-06,9285
1519,華城,153,23,130,凱基-中壢,2023-01-06,9285
6245,立端,92,3,89,凱基-中壢,2023-01-06,9285
00715L,期街口布蘭特正2,77,11,66,凱基-中壢,2023-01-06,9285
1503,士電,42,2,40,凱基-中壢,2023-01-06,9285
6282,康舒,35,1,34,凱基-中壢,2023-01-06,9285
00706L,期元大S＆P日圓正2,33,0,33,凱基-中壢,2023-01-06,9285
00902,中信電池及儲能,28,0,28,凱基-中壢,2023-01-06,9285
00632R,元大台灣50反1,27,0,27,凱基-中壢,2023-01-06,9285
3062,建漢,24,0,24,凱基-中壢,2023-01-06,9285
00633L,富邦上証正2,20,0,20,凱基-中壢,2023-01-06,9285
00701,國泰股利精選30,20,0,20,凱基-中壢,2023-01-06,9285
6215,和椿,23,4,19,凱基-中壢,2023-01-06,9285
00720B,元大投資級公司債,19,0,19,凱基-中壢,2023-01-06,9285
00637L,元大滬深300正2,61,44,17,凱基-中壢,2023-01-06,9285
8033,雷虎,24,7,17,凱基-中壢,2023-01-06,9285
4167,松瑞藥,31,16,15,凱基-中壢,2023-01-06,9285
1720,生達,14,0,14,凱基-中壢,2023-01-06,9285
2618,長榮航,15,1,14,凱基-中壢,2023-01-06,9285
2330,台積電,15,2,13,凱基-中壢,2023-01-06,9285
1795,美時,13,1,12,凱基-中壢,2023-01-06,9285
2367,燿華,13,1,12,凱基-中壢,2023-01-06,9285
3479,安勤,13,1,12,凱基-中壢,2023-01-06,9285
6472,保瑞,15,3,12,凱基-中壢,2023-01-06,9285
2419,仲琦,11,0,11,凱基-中壢,2023-01-06,9285
4743,合一,13,2,11,凱基-中壢,2023-01-06,9285
6719,力智,14,3,11,凱基-中壢,2023-01-06,9285
00772B,中信高評級公司債,10,0,10,凱基-中壢,2023-01-06,9285
2007,燁興,10,0,10,凱基-中壢,2023-01-06,9285
3703,欣陸,10,0,10,凱基-中壢,2023-01-06,9285
2637,慧洋-KY,29,19,10,凱基-中壢,2023-01-06,9285
8390,金益鼎,10,0,10,凱基-中壢,2023-01-06,9285
2308,台達電,12,2,10,凱基-中壢,2023-01-06,9285
3707,漢磊,12,3,9,凱基-中壢,2023-01-06,9285
6276,安鈦克,9,0,9,凱基-中壢,2023-01-06,9285
1721,三晃,9,0,9,凱基-中壢,2023-01-06,9285
2201,裕隆,39,30,9,凱基-中壢,2023-01-06,9285
5607,遠雄港,10,2,8,凱基-中壢,2023-01-06,9285
00753L,中信中國50正2,12,4,8,凱基-中壢,2023-01-06,9285
3504,揚明光,9,1,8,凱基-中壢,2023-01-06,9285
6118,建達,14,6,8,凱基-中壢,2023-01-06,9285
2614,東森,28,20,8,凱基-中壢,2023-01-06,9285
2603,長榮,13,5,8,凱基-中壢,2023-01-06,9285
00885,富邦越南,8,1,7,凱基-中壢,2023-01-06,9285
6550,北極星藥業-KY,9,2,7,凱基-中壢,2023-01-06,9285
1701,中化,8,1,7,凱基-中壢,2023-01-06,9285
4116,明基醫,7,0,7,凱基-中壢,2023-01-06,9285
1467,南緯,37,30,7,凱基-中壢,2023-01-06,9285
2611,志信,6,0,6,凱基-中壢,2023-01-06,9285
4746,台耀,7,1,6,凱基-中壢,2023-01-06,9285
00882,中信中國高股息,169,1,168,凱基-中壢,2023-01-09,9285
2883,凱基金,174,29,145,凱基-中壢,2023-01-09,9285
00632R,元大台灣50反1,192,70,122,凱基-中壢,2023-01-09,9285
00664R,國泰臺灣加權反1,100,0,100,凱基-中壢,2023-01-09,9285
9945,潤泰新,48,2,46,凱基-中壢,2023-01-09,9285
2889,國票金,42,0,42,凱基-中壢,2023-01-09,9285
1605,華新,121,85,36,凱基-中壢,2023-01-09,9285
912000,晨訊科-DR,35,0,35,凱基-中壢,2023-01-09,9285
00770,國泰北美科技,34,0,34,凱基-中壢,2023-01-09,9285
2884,玉山金,44,15,29,凱基-中壢,2023-01-09,9285
6443,元晶,53,24,29,凱基-中壢,2023-01-09,9285
1519,華城,35,8,27,凱基-中壢,2023-01-09,9285
8086,宏捷科,32,5,27,凱基-中壢,2023-01-09,9285
2201,裕隆,65,39,26,凱基-中壢,2023-01-09,9285
1752,南光,31,9,22,凱基-中壢,2023-01-09,9285
4171,瑞基,21,0,21,凱基-中壢,2023-01-09,9285
00905,FT臺灣Smart,20,0,20,凱基-中壢,2023-01-09,9285
3059,華晶科,19,0,19,凱基-中壢,2023-01-09,9285
6153,嘉聯益,18,0,18,凱基-中壢,2023-01-09,9285
3413,京鼎,15,0,15,凱基-中壢,2023-01-09,9285
6274,台燿,24,9,15,凱基-中壢,2023-01-09,9285
6789,采鈺,21,6,15,凱基-中壢,2023-01-09,9285
00679B,元大美債20年,14,0,14,凱基-中壢,2023-01-09,9285
2328,廣宇,17,4,13,凱基-中壢,2023-01-09,9285
6118,建達,22,10,12,凱基-中壢,2023-01-09,9285
4960,誠美材,12,0,12,凱基-中壢,2023-01-09,9285
5009,榮剛,16,5,11,凱基-中壢,2023-01-09,9285
3090,日電貿,11,0,11,凱基-中壢,2023-01-09,9285
2419,仲琦,11,1,10,凱基-中壢,2023-01-09,9285
3508,位速,11,1,10,凱基-中壢,2023-01-09,9285
3078,僑威,10,0,10,凱基-中壢,2023-01-09,9285
2465,麗臺,14,4,10,凱基-中壢,2023-01-09,9285
2208,台船,10,0,10,凱基-中壢,2023-01-09,9285
3515,華擎,15,5,10,凱基-中壢,2023-01-09,9285
00683L,期元大美元指正2,10,0,10,凱基-中壢,2023-01-09,9285
3363,上詮,10,0,10,凱基-中壢,2023-01-09,9285
4977,眾達-KY,15,6,9,凱基-中壢,2023-01-09,9285
3504,揚明光,9,0,9,凱基-中壢,2023-01-09,9285
3693,營邦,10,1,9,凱基-中壢,2023-01-09,9285
5269,祥碩,10,1,9,凱基-中壢,2023-01-09,9285
2313,華通,11,3,8,凱基-中壢,2023-01-09,9285
3027,盛達,8,1,7,凱基-中壢,2023-01-09,9285
2542,興富發,7,0,7,凱基-中壢,2023-01-09,9285
2913,農林,7,0,7,凱基-中壢,2023-01-09,9285
1742,台蠟,7,0,7,凱基-中壢,2023-01-09,9285
8933,愛地雅,11,4,7,凱基-中壢,2023-01-09,9285
2354,鴻準,12,5,7,凱基-中壢,2023-01-09,9285
3624,光頡,13,7,6,凱基-中壢,2023-01-09,9285
6176,瑞儀,6,0,6,凱基-中壢,2023-01-09,9285
2388,威盛,16,10,6,凱基-中壢,2023-01-09,9285
1752,南光,94,11,83,凱基-中壢,2023-01-10,9285
4175,杏一,45,0,45,凱基-中壢,2023-01-10,9285
00770,國泰北美科技,40,0,40,凱基-中壢,2023-01-10,9285
8092,建暐,30,0,30,凱基-中壢,2023-01-10,9285
3047,訊舟,33,5,28,凱基-中壢,2023-01-10,9285
00772B,中信高評級公司債,27,0,27,凱基-中壢,2023-01-10,9285
00882,中信中國高股息,27,2,25,凱基-中壢,2023-01-10,9285
2338,光罩,34,10,24,凱基-中壢,2023-01-10,9285
6118,建達,24,1,23,凱基-中壢,2023-01-10,9285
1513,中興電,37,15,22,凱基-中壢,2023-01-10,9285
2883,凱基金,25,3,22,凱基-中壢,2023-01-10,9285
9933,中鼎,21,1,20,凱基-中壢,2023-01-10,9285
00885,富邦越南,70,51,19,凱基-中壢,2023-01-10,9285
3037,欣興,39,20,19,凱基-中壢,2023-01-10,9285
8105,凌巨,21,2,19,凱基-中壢,2023-01-10,9285
2609,陽明,22,4,18,凱基-中壢,2023-01-10,9285
1795,美時,34,17,17,凱基-中壢,2023-01-10,9285
4763,材料-KY,53,36,17,凱基-中壢,2023-01-10,9285
2884,玉山金,16,0,16,凱基-中壢,2023-01-10,9285
912000,晨訊科-DR,26,10,16,凱基-中壢,2023-01-10,9285
9921,巨大,15,0,15,凱基-中壢,2023-01-10,9285
00720B,元大投資級公司債,15,0,15,凱基-中壢,2023-01-10,9285
6605,帝寶,15,0,15,凱基-中壢,2023-01-10,9285
3169,亞信,14,0,14,凱基-中壢,2023-01-10,9285
2915,潤泰全,17,3,14,凱基-中壢,2023-01-10,9285
00715L,期街口布蘭特正2,89,77,12,凱基-中壢,2023-01-10,9285
1342,八貫,16,4,12,凱基-中壢,2023-01-10,9285
3163,波若威,29,18,11,凱基-中壢,2023-01-10,9285
2444,兆勁,11,0,11,凱基-中壢,2023-01-10,9285
00714,群益道瓊美國地產,10,0,10,凱基-中壢,2023-01-10,9285
2485,兆赫,10,0,10,凱基-中壢,2023-01-10,9285
3689,湧德,10,0,10,凱基-中壢,2023-01-10,9285
8086,宏捷科,17,7,10,凱基-中壢,2023-01-10,9285
3479,安勤,11,2,9,凱基-中壢,2023-01-10,9285
00637L,元大滬深300正2,10,1,9,凱基-中壢,2023-01-10,9285
3234,光環,20,11,9,凱基-中壢,2023-01-10,9285
2615,萬海,28,19,9,凱基-中壢,2023-01-10,9285
00679B,元大美債20年,8,0,8,凱基-中壢,2023-01-10,9285
6533,晶心科,20,12,8,凱基-中壢,2023-01-10,9285
5425,台半,10,2,8,凱基-中壢,2023-01-10,9285
1536,和大,8,0,8,凱基-中壢,2023-01-10,9285
8081,致新,7,0,7,凱基-中壢,2023-01-10,9285
1789,神隆,7,0,7,凱基-中壢,2023-01-10,9285
6446,藥華藥,6,0,6,凱基-中壢,2023-01-10,9285
3508,位速,6,0,6,凱基-中壢,2023-01-10,9285
5607,遠雄港,6,0,6,凱基-中壢,2023-01-10,9285
8028,昇陽半導體,41,35,6,凱基-中壢,2023-01-10,9285
2929,淘帝-KY,11,5,6,凱基-中壢,2023-01-10,9285
1305,華夏,20,15,5,凱基-中壢,2023-01-10,9285
5225,東科-KY,5,0,5,凱基-中壢,2023-01-10,9285
00671R,富邦NASDAQ反1,166,0,166,凱基-中壢,2023-01-11,9285
3045,台灣大,52,0,52,凱基-中壢,2023-01-11,9285
2888,新光金,51,0,51,凱基-中壢,2023-01-11,9285
00903,富邦元宇宙,51,0,51,凱基-中壢,2023-01-11,9285
00673R,期元大S＆P原油反1,40,0,40,凱基-中壢,2023-01-11,9285
3704,合勤控,47,8,39,凱基-中壢,2023-01-11,9285
00753L,中信中國50正2,50,12,38,凱基-中壢,2023-01-11,9285
00772B,中信高評級公司債,33,0,33,凱基-中壢,2023-01-11,9285
4763,材料-KY,57,26,31,凱基-中壢,2023-01-11,9285
00665L,富邦�琤肭磪囓�2,30,0,30,凱基-中壢,2023-01-11,9285
1584,精剛,42,13,29,凱基-中壢,2023-01-11,9285
2344,華邦電,36,7,29,凱基-中壢,2023-01-11,9285
00679B,元大美債20年,26,0,26,凱基-中壢,2023-01-11,9285
1742,台蠟,26,0,26,凱基-中壢,2023-01-11,9285
1217,愛之味,24,0,24,凱基-中壢,2023-01-11,9285
2014,中鴻,55,32,23,凱基-中壢,2023-01-11,9285
00632R,元大台灣50反1,60,37,23,凱基-中壢,2023-01-11,9285
2610,華航,61,41,20,凱基-中壢,2023-01-11,9285
1444,力麗,53,35,18,凱基-中壢,2023-01-11,9285
2408,南亞科,19,2,17,凱基-中壢,2023-01-11,9285
00905,FT臺灣Smart,16,0,16,凱基-中壢,2023-01-11,9285
6533,晶心科,18,3,15,凱基-中壢,2023-01-11,9285
2313,華通,24,9,15,凱基-中壢,2023-01-11,9285
2884,玉山金,35,21,14,凱基-中壢,2023-01-11,9285
2890,永豐金,17,3,14,凱基-中壢,2023-01-11,9285
2317,鴻海,25,11,14,凱基-中壢,2023-01-11,9285
3169,亞信,13,0,13,凱基-中壢,2023-01-11,9285
2314,台揚,14,1,13,凱基-中壢,2023-01-11,9285
2607,榮運,13,0,13,凱基-中壢,2023-01-11,9285
6223,旺矽,15,2,13,凱基-中壢,2023-01-11,9285
2380,虹光,13,0,13,凱基-中壢,2023-01-11,9285
2201,裕隆,25,13,12,凱基-中壢,2023-01-11,9285
1605,華新,21,9,12,凱基-中壢,2023-01-11,9285
8069,元太,18,7,11,凱基-中壢,2023-01-11,9285
1519,華城,15,4,11,凱基-中壢,2023-01-11,9285
8916,光隆,11,0,11,凱基-中壢,2023-01-11,9285
3006,晶豪科,13,2,11,凱基-中壢,2023-01-11,9285
2851,中再保,12,1,11,凱基-中壢,2023-01-11,9285
4906,正文,11,0,11,凱基-中壢,2023-01-11,9285
6270,倍微,10,0,10,凱基-中壢,2023-01-11,9285
2208,台船,10,0,10,凱基-中壢,2023-01-11,9285
00852L,國泰美國道瓊正2,10,0,10,凱基-中壢,2023-01-11,9285
3024,憶聲,10,0,10,凱基-中壢,2023-01-11,9285
2538,基泰,10,0,10,凱基-中壢,2023-01-11,9285
3013,晟銘電,10,0,10,凱基-中壢,2023-01-11,9285
6005,群益證,10,0,10,凱基-中壢,2023-01-11,9285
8222,寶一,10,1,9,凱基-中壢,2023-01-11,9285
2028,威致,22,13,9,凱基-中壢,2023-01-11,9285
1234,黑松,9,0,9,凱基-中壢,2023-01-11,9285
912000,晨訊科-DR,20,11,9,凱基-中壢,2023-01-11,9285
1101,台泥,117,33,84,凱基-中壢,2023-01-12,9285
00878,國泰永續高股息,55,4,51,凱基-中壢,2023-01-12,9285
1612,宏泰,41,3,38,凱基-中壢,2023-01-12,9285
2610,華航,51,14,37,凱基-中壢,2023-01-12,9285
2352,佳世達,35,1,34,凱基-中壢,2023-01-12,9285
1519,華城,33,3,30,凱基-中壢,2023-01-12,9285
1795,美時,44,19,25,凱基-中壢,2023-01-12,9285
3169,亞信,24,0,24,凱基-中壢,2023-01-12,9285
2495,普安,25,2,23,凱基-中壢,2023-01-12,9285
1605,華新,72,50,22,凱基-中壢,2023-01-12,9285
00720B,元大投資級公司債,21,0,21,凱基-中壢,2023-01-12,9285
3594,磐儀,20,0,20,凱基-中壢,2023-01-12,9285
0056,元大高股息,21,2,19,凱基-中壢,2023-01-12,9285
00673R,期元大S＆P原油反1,15,0,15,凱基-中壢,2023-01-12,9285
2009,第一銅,42,27,15,凱基-中壢,2023-01-12,9285
1503,士電,13,0,13,凱基-中壢,2023-01-12,9285
2892,第一金,13,1,12,凱基-中壢,2023-01-12,9285
2313,華通,19,7,12,凱基-中壢,2023-01-12,9285
5905,南仁湖,11,0,11,凱基-中壢,2023-01-12,9285
6180,橘子,13,2,11,凱基-中壢,2023-01-12,9285
2614,東森,15,4,11,凱基-中壢,2023-01-12,9285
1319,東陽,13,2,11,凱基-中壢,2023-01-12,9285
6202,盛群,11,0,11,凱基-中壢,2023-01-12,9285
6589,台康生技,13,3,10,凱基-中壢,2023-01-12,9285
00676R,富邦臺灣加權反1,10,0,10,凱基-中壢,2023-01-12,9285
3046,建��,10,0,10,凱基-中壢,2023-01-12,9285
6177,達麗,10,0,10,凱基-中壢,2023-01-12,9285
00664R,國泰臺灣加權反1,10,0,10,凱基-中壢,2023-01-12,9285
2882A,國泰特,10,0,10,凱基-中壢,2023-01-12,9285
1218,泰山,10,0,10,凱基-中壢,2023-01-12,9285
1742,台蠟,10,0,10,凱基-中壢,2023-01-12,9285
5871,中租-KY,10,0,10,凱基-中壢,2023-01-12,9285
3481,群創,25,16,9,凱基-中壢,2023-01-12,9285
1909,榮成,10,1,9,凱基-中壢,2023-01-12,9285
1234,黑松,9,0,9,凱基-中壢,2023-01-12,9285
2884,玉山金,9,0,9,凱基-中壢,2023-01-12,9285
2388,威盛,21,13,8,凱基-中壢,2023-01-12,9285
2882,國泰金,10,2,8,凱基-中壢,2023-01-12,9285
3141,晶宏,15,8,7,凱基-中壢,2023-01-12,9285
00753L,中信中國50正2,9,2,7,凱基-中壢,2023-01-12,9285
4979,華星光,34,27,7,凱基-中壢,2023-01-12,9285
2887,台新金,16,10,6,凱基-中壢,2023-01-12,9285
00885,富邦越南,8,2,6,凱基-中壢,2023-01-12,9285
3037,欣興,34,28,6,凱基-中壢,2023-01-12,9285
9945,潤泰新,6,0,6,凱基-中壢,2023-01-12,9285
2342,茂矽,6,0,6,凱基-中壢,2023-01-12,9285
1589,永冠-KY,6,0,6,凱基-中壢,2023-01-12,9285
3207,耀勝,6,0,6,凱基-中壢,2023-01-12,9285
1522,堤維西,6,0,6,凱基-中壢,2023-01-12,9285
00903,富邦元宇宙,16,10,6,凱基-中壢,2023-01-12,9285
00632R,元大台灣50反1,370,3,367,凱基-中壢,2023-01-13,9285
1909,榮成,100,11,89,凱基-中壢,2023-01-13,9285
00902,中信電池及儲能,70,0,70,凱基-中壢,2023-01-13,9285
1101,台泥,89,32,57,凱基-中壢,2023-01-13,9285
00878,國泰永續高股息,69,32,37,凱基-中壢,2023-01-13,9285
4746,台耀,35,0,35,凱基-中壢,2023-01-13,9285
3049,精金,41,7,34,凱基-中壢,2023-01-13,9285
00885,富邦越南,32,0,32,凱基-中壢,2023-01-13,9285
2405,輔信,30,0,30,凱基-中壢,2023-01-13,9285
00888,永豐台灣ESG,30,0,30,凱基-中壢,2023-01-13,9285
2867,三商壽,39,13,26,凱基-中壢,2023-01-13,9285
2358,廷鑫,42,17,25,凱基-中壢,2023-01-13,9285
1519,華城,27,2,25,凱基-中壢,2023-01-13,9285
00882,中信中國高股息,24,0,24,凱基-中壢,2023-01-13,9285
3707,漢磊,23,1,22,凱基-中壢,2023-01-13,9285
3209,全科,21,0,21,凱基-中壢,2023-01-13,9285
00664R,國泰臺灣加權反1,20,0,20,凱基-中壢,2023-01-13,9285
1234,黑松,18,0,18,凱基-中壢,2023-01-13,9285
2888,新光金,16,0,16,凱基-中壢,2023-01-13,9285
912000,晨訊科-DR,25,10,15,凱基-中壢,2023-01-13,9285
2812,台中銀,15,1,14,凱基-中壢,2023-01-13,9285
00728,第一金工業30,15,1,14,凱基-中壢,2023-01-13,9285
5347,世界,17,5,12,凱基-中壢,2023-01-13,9285
6603,富強鑫,12,0,12,凱基-中壢,2023-01-13,9285
3081,聯亞,12,1,11,凱基-中壢,2023-01-13,9285
3376,新日興,11,0,11,凱基-中壢,2023-01-13,9285
2337,旺宏,11,0,11,凱基-中壢,2023-01-13,9285
1608,華榮,14,3,11,凱基-中壢,2023-01-13,9285
4763,材料-KY,27,16,11,凱基-中壢,2023-01-13,9285
1215,卜蜂,11,0,11,凱基-中壢,2023-01-13,9285
2607,榮運,11,0,11,凱基-中壢,2023-01-13,9285
00679B,元大美債20年,12,2,10,凱基-中壢,2023-01-13,9285
00673R,期元大S＆P原油反1,10,0,10,凱基-中壢,2023-01-13,9285
1314,中石化,10,0,10,凱基-中壢,2023-01-13,9285
1789,神隆,10,0,10,凱基-中壢,2023-01-13,9285
00908,富邦入息REITs+,10,0,10,凱基-中壢,2023-01-13,9285
6188,廣明,10,2,8,凱基-中壢,2023-01-13,9285
1795,美時,16,8,8,凱基-中壢,2023-01-13,9285
3373,熱映,8,0,8,凱基-中壢,2023-01-13,9285
1220,台榮,8,0,8,凱基-中壢,2023-01-13,9285
1337,再生-KY,25,17,8,凱基-中壢,2023-01-13,9285
3479,安勤,12,4,8,凱基-中壢,2023-01-13,9285
2303,聯電,105,97,8,凱基-中壢,2023-01-13,9285
2009,第一銅,8,1,7,凱基-中壢,2023-01-13,9285
00921,兆豐龍頭等權重,7,0,7,凱基-中壢,2023-01-13,9285
2421,建準,7,0,7,凱基-中壢,2023-01-13,9285
8933,愛地雅,27,20,7,凱基-中壢,2023-01-13,9285
8038,長園科,9,2,7,凱基-中壢,2023-01-13,9285
4129A,聯合甲特,6,0,6,凱基-中壢,2023-01-13,9285
6104,創惟,19,13,6,凱基-中壢,2023-01-13,9285
00673R,期元大S＆P原油反1,402,0,402,凱基-中壢,2023-01-16,9285
00882,中信中國高股息,184,23,161,凱基-中壢,2023-01-16,9285
00632R,元大台灣50反1,136,35,101,凱基-中壢,2023-01-16,9285
2201,裕隆,78,21,57,凱基-中壢,2023-01-16,9285
00885,富邦越南,54,3,51,凱基-中壢,2023-01-16,9285
6770,力積電,69,29,40,凱基-中壢,2023-01-16,9285
1519,華城,39,0,39,凱基-中壢,2023-01-16,9285
1313,聯成,34,0,34,凱基-中壢,2023-01-16,9285
00720B,元大投資級公司債,32,2,30,凱基-中壢,2023-01-16,9285
1742,台蠟,29,0,29,凱基-中壢,2023-01-16,9285
00728,第一金工業30,29,1,28,凱基-中壢,2023-01-16,9285
8047,星雲,26,0,26,凱基-中壢,2023-01-16,9285
2317,鴻海,28,2,26,凱基-中壢,2023-01-16,9285
2338,光罩,48,26,22,凱基-中壢,2023-01-16,9285
4155,訊映,20,0,20,凱基-中壢,2023-01-16,9285
6127,九豪,20,0,20,凱基-中壢,2023-01-16,9285
00680L,元大美債20正2,22,2,20,凱基-中壢,2023-01-16,9285
00664R,國泰臺灣加權反1,20,0,20,凱基-中壢,2023-01-16,9285
1234,黑松,19,0,19,凱基-中壢,2023-01-16,9285
00679B,元大美債20年,21,4,17,凱基-中壢,2023-01-16,9285
3045,台灣大,20,3,17,凱基-中壢,2023-01-16,9285
00753L,中信中國50正2,16,0,16,凱基-中壢,2023-01-16,9285
9945,潤泰新,14,0,14,凱基-中壢,2023-01-16,9285
2610,華航,25,11,14,凱基-中壢,2023-01-16,9285
8110,華東,14,0,14,凱基-中壢,2023-01-16,9285
1752,南光,29,17,12,凱基-中壢,2023-01-16,9285
2867,三商壽,15,3,12,凱基-中壢,2023-01-16,9285
2609,陽明,16,4,12,凱基-中壢,2023-01-16,9285
8933,愛地雅,11,0,11,凱基-中壢,2023-01-16,9285
2014,中鴻,17,6,11,凱基-中壢,2023-01-16,9285
5258,虹堡,10,0,10,凱基-中壢,2023-01-16,9285
2449,京元電子,10,0,10,凱基-中壢,2023-01-16,9285
4747,強生,17,7,10,凱基-中壢,2023-01-16,9285
3576,聯合再生,10,0,10,凱基-中壢,2023-01-16,9285
6175,立敦,10,0,10,凱基-中壢,2023-01-16,9285
2329,華泰,10,0,10,凱基-中壢,2023-01-16,9285
8038,長園科,10,0,10,凱基-中壢,2023-01-16,9285
5284,jpp-KY,10,0,10,凱基-中壢,2023-01-16,9285
4114,健喬,37,28,9,凱基-中壢,2023-01-16,9285
2038,海光,10,1,9,凱基-中壢,2023-01-16,9285
1309,台達化,10,1,9,凱基-中壢,2023-01-16,9285
00878,國泰永續高股息,29,20,9,凱基-中壢,2023-01-16,9285
8049,晶采,8,0,8,凱基-中壢,2023-01-16,9285
3515,華擎,9,1,8,凱基-中壢,2023-01-16,9285
8171,天宇,8,1,7,凱基-中壢,2023-01-16,9285
6592,和潤企業,8,1,7,凱基-中壢,2023-01-16,9285
1220,台榮,6,0,6,凱基-中壢,2023-01-16,9285
4974,亞泰,9,3,6,凱基-中壢,2023-01-16,9285
00665L,富邦�琤肭磪囓�2,6,0,6,凱基-中壢,2023-01-16,9285
3105,穩懋,24,18,6,凱基-中壢,2023-01-16,9285
00673R,期元大S＆P原油反1,105,5,100,凱基-中壢,2023-01-17,9285
6282,康舒,100,4,96,凱基-中壢,2023-01-17,9285
00641R,富邦日本反1,55,0,55,凱基-中壢,2023-01-17,9285
4763,材料-KY,88,34,54,凱基-中壢,2023-01-17,9285
00900,富邦特選高股息30,50,5,45,凱基-中壢,2023-01-17,9285
2317,鴻海,44,2,42,凱基-中壢,2023-01-17,9285
00679B,元大美債20年,40,0,40,凱基-中壢,2023-01-17,9285
00650L,復華香港正2,40,0,40,凱基-中壢,2023-01-17,9285
6770,力積電,40,5,35,凱基-中壢,2023-01-17,9285
3045,台灣大,35,0,35,凱基-中壢,2023-01-17,9285
4979,華星光,79,47,32,凱基-中壢,2023-01-17,9285
00720B,元大投資級公司債,32,0,32,凱基-中壢,2023-01-17,9285
1109,信大,25,0,25,凱基-中壢,2023-01-17,9285
00878,國泰永續高股息,38,15,23,凱基-中壢,2023-01-17,9285
2371,大同,22,0,22,凱基-中壢,2023-01-17,9285
1101,台泥,22,1,21,凱基-中壢,2023-01-17,9285
00905,FT臺灣Smart,20,0,20,凱基-中壢,2023-01-17,9285
00664R,國泰臺灣加權反1,20,0,20,凱基-中壢,2023-01-17,9285
2610,華航,42,26,16,凱基-中壢,2023-01-17,9285
2812,台中銀,14,0,14,凱基-中壢,2023-01-17,9285
3062,建漢,14,0,14,凱基-中壢,2023-01-17,9285
3481,群創,21,8,13,凱基-中壢,2023-01-17,9285
2468,華經,26,14,12,凱基-中壢,2023-01-17,9285
00680L,元大美債20正2,12,0,12,凱基-中壢,2023-01-17,9285
1234,黑松,10,0,10,凱基-中壢,2023-01-17,9285
9919,康那香,10,0,10,凱基-中壢,2023-01-17,9285
3013,晟銘電,11,1,10,凱基-中壢,2023-01-17,9285
2329,華泰,10,0,10,凱基-中壢,2023-01-17,9285
3591,艾笛森,10,0,10,凱基-中壢,2023-01-17,9285
3011,今皓,10,0,10,凱基-中壢,2023-01-17,9285
2457,飛宏,10,0,10,凱基-中壢,2023-01-17,9285
1308,亞聚,10,0,10,凱基-中壢,2023-01-17,9285
00648R,元大S＆P500反1,10,0,10,凱基-中壢,2023-01-17,9285
4163,鐿鈦,10,0,10,凱基-中壢,2023-01-17,9285
6147,頎邦,10,1,9,凱基-中壢,2023-01-17,9285
1742,台蠟,8,0,8,凱基-中壢,2023-01-17,9285
2867,三商壽,33,25,8,凱基-中壢,2023-01-17,9285
2465,麗臺,8,0,8,凱基-中壢,2023-01-17,9285
2834,臺企銀,29,22,7,凱基-中壢,2023-01-17,9285
1584,精剛,8,1,7,凱基-中壢,2023-01-17,9285
4114,健喬,9,2,7,凱基-中壢,2023-01-17,9285
1220,台榮,7,0,7,凱基-中壢,2023-01-17,9285
2884,玉山金,31,24,7,凱基-中壢,2023-01-17,9285
6547,高端疫苗,6,0,6,凱基-中壢,2023-01-17,9285
6139,亞翔,7,1,6,凱基-中壢,2023-01-17,9285
6150,撼訊,9,3,6,凱基-中壢,2023-01-17,9285
2605,新興,5,0,5,凱基-中壢,2023-01-17,9285
1519,華城,32,27,5,凱基-中壢,2023-01-17,9285
2349,錸德,5,0,5,凱基-中壢,2023-01-17,9285
3169,亞信,5,0,5,凱基-中壢,2023-01-17,9285
00632R,元大台灣50反1,315,50,265,凱基-中壢,2023-01-30,9285
00706L,期元大S＆P日圓正2,230,30,200,凱基-中壢,2023-01-30,9285
2317,鴻海,123,5,118,凱基-中壢,2023-01-30,9285
00637L,元大滬深300正2,130,66,64,凱基-中壢,2023-01-30,9285
2851,中再保,51,1,50,凱基-中壢,2023-01-30,9285
2888,新光金,63,15,48,凱基-中壢,2023-01-30,9285
00680L,元大美債20正2,53,9,44,凱基-中壢,2023-01-30,9285
2313,華通,44,5,39,凱基-中壢,2023-01-30,9285
00753L,中信中國50正2,40,1,39,凱基-中壢,2023-01-30,9285
8033,雷虎,38,2,36,凱基-中壢,2023-01-30,9285
00670L,富邦NASDAQ正2,33,1,32,凱基-中壢,2023-01-30,9285
00679B,元大美債20年,31,0,31,凱基-中壢,2023-01-30,9285
2834,臺企銀,33,3,30,凱基-中壢,2023-01-30,9285
00770,國泰北美科技,29,0,29,凱基-中壢,2023-01-30,9285
00664R,國泰臺灣加權反1,28,0,28,凱基-中壢,2023-01-30,9285
1742,台蠟,28,0,28,凱基-中壢,2023-01-30,9285
8996,高力,73,46,27,凱基-中壢,2023-01-30,9285
1234,黑松,45,20,25,凱基-中壢,2023-01-30,9285
00720B,元大投資級公司債,25,0,25,凱基-中壢,2023-01-30,9285
1734,杏輝,20,0,20,凱基-中壢,2023-01-30,9285
8930,青鋼,20,0,20,凱基-中壢,2023-01-30,9285
1447,力鵬,20,0,20,凱基-中壢,2023-01-30,9285
6129,普誠,20,0,20,凱基-中壢,2023-01-30,9285
2323,中環,19,0,19,凱基-中壢,2023-01-30,9285
8046,南電,34,16,18,凱基-中壢,2023-01-30,9285
2468,華經,17,0,17,凱基-中壢,2023-01-30,9285
2007,燁興,25,8,17,凱基-中壢,2023-01-30,9285
2201,裕隆,27,11,16,凱基-中壢,2023-01-30,9285
1314,中石化,20,4,16,凱基-中壢,2023-01-30,9285
6285,啟��,15,0,15,凱基-中壢,2023-01-30,9285
4163,鐿鈦,15,0,15,凱基-中壢,2023-01-30,9285
1109,信大,15,0,15,凱基-中壢,2023-01-30,9285
00642U,期元大S＆P石油,14,0,14,凱基-中壢,2023-01-30,9285
1701,中化,13,0,13,凱基-中壢,2023-01-30,9285
4746,台耀,13,0,13,凱基-中壢,2023-01-30,9285
4114,健喬,15,3,12,凱基-中壢,2023-01-30,9285
2399,映泰,12,0,12,凱基-中壢,2023-01-30,9285
00676R,富邦臺灣加權反1,11,0,11,凱基-中壢,2023-01-30,9285
5009,榮剛,17,6,11,凱基-中壢,2023-01-30,9285
2892,第一金,17,7,10,凱基-中壢,2023-01-30,9285
1795,美時,21,11,10,凱基-中壢,2023-01-30,9285
3444,利機,10,0,10,凱基-中壢,2023-01-30,9285
00852L,國泰美國道瓊正2,10,0,10,凱基-中壢,2023-01-30,9285
8249,菱光,10,0,10,凱基-中壢,2023-01-30,9285
6220,岳豐,10,0,10,凱基-中壢,2023-01-30,9285
3024,憶聲,10,0,10,凱基-中壢,2023-01-30,9285
2367,燿華,10,0,10,凱基-中壢,2023-01-30,9285
2882,國泰金,19,10,9,凱基-中壢,2023-01-30,9285
1437,勤益控,9,0,9,凱基-中壢,2023-01-30,9285
3624,光頡,13,4,9,凱基-中壢,2023-01-30,9285
00878,國泰永續高股息,285,171,114,凱基-中壢,2023-01-31,9285
9945,潤泰新,102,1,101,凱基-中壢,2023-01-31,9285
00637L,元大滬深300正2,72,0,72,凱基-中壢,2023-01-31,9285
00665L,富邦�琤肭磪囓�2,70,0,70,凱基-中壢,2023-01-31,9285
00893,國泰智能電動車,74,10,64,凱基-中壢,2023-01-31,9285
00882,中信中國高股息,54,0,54,凱基-中壢,2023-01-31,9285
00706L,期元大S＆P日圓正2,50,0,50,凱基-中壢,2023-01-31,9285
2605,新興,55,6,49,凱基-中壢,2023-01-31,9285
2906,高林,46,0,46,凱基-中壢,2023-01-31,9285
00905,FT臺灣Smart,67,23,44,凱基-中壢,2023-01-31,9285
6443,元晶,82,38,44,凱基-中壢,2023-01-31,9285
00642U,期元大S＆P石油,46,3,43,凱基-中壢,2023-01-31,9285
00903,富邦元宇宙,47,10,37,凱基-中壢,2023-01-31,9285
2884,玉山金,38,3,35,凱基-中壢,2023-01-31,9285
2330,台積電,39,7,32,凱基-中壢,2023-01-31,9285
1513,中興電,124,94,30,凱基-中壢,2023-01-31,9285
00679B,元大美債20年,29,0,29,凱基-中壢,2023-01-31,9285
6274,台燿,32,4,28,凱基-中壢,2023-01-31,9285
2014,中鴻,33,9,24,凱基-中壢,2023-01-31,9285
00770,國泰北美科技,24,0,24,凱基-中壢,2023-01-31,9285
4931,新盛力,28,5,23,凱基-中壢,2023-01-31,9285
00720B,元大投資級公司債,47,25,22,凱基-中壢,2023-01-31,9285
1314,中石化,22,0,22,凱基-中壢,2023-01-31,9285
4174,浩鼎,21,0,21,凱基-中壢,2023-01-31,9285
00712,復華富時不動產,21,0,21,凱基-中壢,2023-01-31,9285
8478,東哥遊艇,28,8,20,凱基-中壢,2023-01-31,9285
6111,大宇資,20,0,20,凱基-中壢,2023-01-31,9285
1336,台翰,20,0,20,凱基-中壢,2023-01-31,9285
00904,新光臺灣半導體30,18,0,18,凱基-中壢,2023-01-31,9285
3711,日月光投控,23,5,18,凱基-中壢,2023-01-31,9285
8086,宏捷科,22,4,18,凱基-中壢,2023-01-31,9285
0056,元大高股息,31,15,16,凱基-中壢,2023-01-31,9285
2892,第一金,18,1,17,凱基-中壢,2023-01-31,9285
1608,華榮,17,1,16,凱基-中壢,2023-01-31,9285
1234,黑松,15,0,15,凱基-中壢,2023-01-31,9285
1783,和康生,15,0,15,凱基-中壢,2023-01-31,9285
2867,三商壽,15,0,15,凱基-中壢,2023-01-31,9285
00891,中信關鍵半導體,15,0,15,凱基-中壢,2023-01-31,9285
8105,凌巨,16,2,14,凱基-中壢,2023-01-31,9285
5871,中租-KY,13,0,13,凱基-中壢,2023-01-31,9285
2368,金像電,14,1,13,凱基-中壢,2023-01-31,9285
3017,奇鋐,13,0,13,凱基-中壢,2023-01-31,9285
2324,仁寶,13,0,13,凱基-中壢,2023-01-31,9285
3682,亞太電,12,0,12,凱基-中壢,2023-01-31,9285
1612,宏泰,24,12,12,凱基-中壢,2023-01-31,9285
6133,金橋,12,0,12,凱基-中壢,2023-01-31,9285
6789,采鈺,11,0,11,凱基-中壢,2023-01-31,9285
3149,正達,11,0,11,凱基-中壢,2023-01-31,9285
1909,榮成,13,2,11,凱基-中壢,2023-01-31,9285
1605,華新,119,108,11,凱基-中壢,2023-01-31,9285
00673R,期元大S＆P原油反1,427,20,407,凱基-中壢,2023-02-01,9285
00665L,富邦�琤肭磪囓�2,303,0,303,凱基-中壢,2023-02-01,9285
2610,華航,314,174,140,凱基-中壢,2023-02-01,9285
1909,榮成,116,1,115,凱基-中壢,2023-02-01,9285
2317,鴻海,131,37,94,凱基-中壢,2023-02-01,9285
00637L,元大滬深300正2,58,0,58,凱基-中壢,2023-02-01,9285
00878,國泰永續高股息,236,180,56,凱基-中壢,2023-02-01,9285
00679B,元大美債20年,54,2,52,凱基-中壢,2023-02-01,9285
00905,FT臺灣Smart,50,0,50,凱基-中壢,2023-02-01,9285
4763,材料-KY,106,57,49,凱基-中壢,2023-02-01,9285
00680L,元大美債20正2,46,0,46,凱基-中壢,2023-02-01,9285
00919,群益台灣精選高息,39,3,36,凱基-中壢,2023-02-01,9285
00720B,元大投資級公司債,34,0,34,凱基-中壢,2023-02-01,9285
00632R,元大台灣50反1,34,0,34,凱基-中壢,2023-02-01,9285
1308,亞聚,30,0,30,凱基-中壢,2023-02-01,9285
1437,勤益控,30,0,30,凱基-中壢,2023-02-01,9285
2891,中信金,30,1,29,凱基-中壢,2023-02-01,9285
1742,台蠟,29,0,29,凱基-中壢,2023-02-01,9285
00669R,國泰美國道瓊反1,28,0,28,凱基-中壢,2023-02-01,9285
1605,華新,120,93,27,凱基-中壢,2023-02-01,9285
1314,中石化,30,3,27,凱基-中壢,2023-02-01,9285
8478,東哥遊艇,34,7,27,凱基-中壢,2023-02-01,9285
2009,第一銅,118,92,26,凱基-中壢,2023-02-01,9285
1234,黑松,26,0,26,凱基-中壢,2023-02-01,9285
2031,新光鋼,29,3,26,凱基-中壢,2023-02-01,9285
3711,日月光投控,32,8,24,凱基-中壢,2023-02-01,9285
00650L,復華香港正2,23,0,23,凱基-中壢,2023-02-01,9285
3305,昇貿,38,16,22,凱基-中壢,2023-02-01,9285
3591,艾笛森,24,5,19,凱基-中壢,2023-02-01,9285
1319,東陽,25,7,18,凱基-中壢,2023-02-01,9285
1524,耿鼎,35,18,17,凱基-中壢,2023-02-01,9285
6118,建達,17,1,16,凱基-中壢,2023-02-01,9285
6244,茂迪,28,13,15,凱基-中壢,2023-02-01,9285
2482,連宇,24,9,15,凱基-中壢,2023-02-01,9285
1584,精剛,22,7,15,凱基-中壢,2023-02-01,9285
2409,友達,22,8,14,凱基-中壢,2023-02-01,9285
1752,南光,13,0,13,凱基-中壢,2023-02-01,9285
6111,大宇資,14,1,13,凱基-中壢,2023-02-01,9285
2368,金像電,40,28,12,凱基-中壢,2023-02-01,9285
6015,宏遠證,12,0,12,凱基-中壢,2023-02-01,9285
3508,位速,12,0,12,凱基-中壢,2023-02-01,9285
2323,中環,12,0,12,凱基-中壢,2023-02-01,9285
00715L,期街口布蘭特正2,13,1,12,凱基-中壢,2023-02-01,9285
5347,世界,27,16,11,凱基-中壢,2023-02-01,9285
2915,潤泰全,12,1,11,凱基-中壢,2023-02-01,9285
1313,聯成,13,2,11,凱基-中壢,2023-02-01,9285
2412,中華電,11,0,11,凱基-中壢,2023-02-01,9285
2887,台新金,12,2,10,凱基-中壢,2023-02-01,9285
2884,玉山金,12,2,10,凱基-中壢,2023-02-01,9285
2912,統一超,10,0,10,凱基-中壢,2023-02-01,9285
00715L,期街口布蘭特正2,341,0,341,凱基-中壢,2023-02-02,9285
3481,群創,239,21,218,凱基-中壢,2023-02-02,9285
2618,長榮航,123,30,93,凱基-中壢,2023-02-02,9285
2867,三商壽,84,8,76,凱基-中壢,2023-02-02,9285
00885,富邦越南,96,29,67,凱基-中壢,2023-02-02,9285
2201,裕隆,108,47,61,凱基-中壢,2023-02-02,9285
2886,兆豐金,80,22,58,凱基-中壢,2023-02-02,9285
00637L,元大滬深300正2,57,1,56,凱基-中壢,2023-02-02,9285
00903,富邦元宇宙,52,0,52,凱基-中壢,2023-02-02,9285
3062,建漢,48,0,48,凱基-中壢,2023-02-02,9285
2891,中信金,48,0,48,凱基-中壢,2023-02-02,9285
4968,立積,50,3,47,凱基-中壢,2023-02-02,9285
00632R,元大台灣50反1,66,20,46,凱基-中壢,2023-02-02,9285
8358,金居,50,10,40,凱基-中壢,2023-02-02,9285
00633L,富邦上証正2,42,2,40,凱基-中壢,2023-02-02,9285
4979,華星光,50,11,39,凱基-中壢,2023-02-02,9285
2317,鴻海,47,9,38,凱基-中壢,2023-02-02,9285
2834,臺企銀,38,1,37,凱基-中壢,2023-02-02,9285
3374,精材,38,1,37,凱基-中壢,2023-02-02,9285
1810,和成,70,34,36,凱基-中壢,2023-02-02,9285
5315,光聯,36,5,31,凱基-中壢,2023-02-02,9285
00919,群益台灣精選高息,30,0,30,凱基-中壢,2023-02-02,9285
1742,台蠟,30,0,30,凱基-中壢,2023-02-02,9285
00882,中信中國高股息,29,0,29,凱基-中壢,2023-02-02,9285
8261,富鼎,33,5,28,凱基-中壢,2023-02-02,9285
2605,新興,31,4,27,凱基-中壢,2023-02-02,9285
00905,FT臺灣Smart,26,0,26,凱基-中壢,2023-02-02,9285
6546,正基,28,2,26,凱基-中壢,2023-02-02,9285
1101,台泥,34,9,25,凱基-中壢,2023-02-02,9285
5371,中光電,29,4,25,凱基-中壢,2023-02-02,9285
2887,台新金,24,0,24,凱基-中壢,2023-02-02,9285
2929,淘帝-KY,24,1,23,凱基-中壢,2023-02-02,9285
00664R,國泰臺灣加權反1,22,0,22,凱基-中壢,2023-02-02,9285
0056,元大高股息,54,33,21,凱基-中壢,2023-02-02,9285
00720B,元大投資級公司債,21,0,21,凱基-中壢,2023-02-02,9285
1709,和益,21,0,21,凱基-中壢,2023-02-02,9285
2903,遠百,20,0,20,凱基-中壢,2023-02-02,9285
1708,東鹼,33,17,16,凱基-中壢,2023-02-02,9285
1437,勤益控,15,0,15,凱基-中壢,2023-02-02,9285
2014,中鴻,19,4,15,凱基-中壢,2023-02-02,9285
5536,聖暉*,21,6,15,凱基-中壢,2023-02-02,9285
2363,矽統,23,8,15,凱基-中壢,2023-02-02,9285
6788,華景電,15,1,14,凱基-中壢,2023-02-02,9285
2492,華新科,40,27,13,凱基-中壢,2023-02-02,9285
1611,中電,15,2,13,凱基-中壢,2023-02-02,9285
3013,晟銘電,13,0,13,凱基-中壢,2023-02-02,9285
2880,華南金,13,0,13,凱基-中壢,2023-02-02,9285
1417,嘉裕,16,3,13,凱基-中壢,2023-02-02,9285
3630,新鉅科,12,0,12,凱基-中壢,2023-02-02,9285
3701,大眾控,35,23,12,凱基-中壢,2023-02-02,9285
00637L,元大滬深300正2,242,0,242,凱基-中壢,2023-02-03,9285
00878,國泰永續高股息,219,20,199,凱基-中壢,2023-02-03,9285
00650L,復華香港正2,164,0,164,凱基-中壢,2023-02-03,9285
00715L,期街口布蘭特正2,155,0,155,凱基-中壢,2023-02-03,9285
00882,中信中國高股息,100,9,91,凱基-中壢,2023-02-03,9285
4114,健喬,51,3,48,凱基-中壢,2023-02-03,9285
6118,建達,53,8,45,凱基-中壢,2023-02-03,9285
5315,光聯,57,12,45,凱基-中壢,2023-02-03,9285
2002,中鋼,48,4,44,凱基-中壢,2023-02-03,9285
2317,鴻海,44,1,43,凱基-中壢,2023-02-03,9285
2388,威盛,58,19,39,凱基-中壢,2023-02-03,9285
8358,金居,46,9,37,凱基-中壢,2023-02-03,9285
00665L,富邦�琤肭磪囓�2,34,0,34,凱基-中壢,2023-02-03,9285
2888,新光金,42,10,32,凱基-中壢,2023-02-03,9285
1409,新纖,30,0,30,凱基-中壢,2023-02-03,9285
2603,長榮,59,31,28,凱基-中壢,2023-02-03,9285
2886,兆豐金,24,0,24,凱基-中壢,2023-02-03,9285
00642U,期元大S＆P石油,26,2,24,凱基-中壢,2023-02-03,9285
1742,台蠟,24,0,24,凱基-中壢,2023-02-03,9285
1216,統一,24,0,24,凱基-中壢,2023-02-03,9285
1605,華新,75,52,23,凱基-中壢,2023-02-03,9285
3207,耀勝,27,4,23,凱基-中壢,2023-02-03,9285
2605,新興,23,1,22,凱基-中壢,2023-02-03,9285
6548,長科*,37,15,22,凱基-中壢,2023-02-03,9285
8227,巨有科技,29,7,22,凱基-中壢,2023-02-03,9285
2610,華航,35,14,21,凱基-中壢,2023-02-03,9285
2891,中信金,23,2,21,凱基-中壢,2023-02-03,9285
2834,臺企銀,35,14,21,凱基-中壢,2023-02-03,9285
00900,富邦特選高股息30,33,13,20,凱基-中壢,2023-02-03,9285
00669R,國泰美國道瓊反1,20,0,20,凱基-中壢,2023-02-03,9285
2014,中鴻,26,7,19,凱基-中壢,2023-02-03,9285
8046,南電,30,11,19,凱基-中壢,2023-02-03,9285
2486,一詮,23,4,19,凱基-中壢,2023-02-03,9285
1513,中興電,61,43,18,凱基-中壢,2023-02-03,9285
1234,黑松,18,0,18,凱基-中壢,2023-02-03,9285
1305,華夏,17,0,17,凱基-中壢,2023-02-03,9285
4979,華星光,35,19,16,凱基-中壢,2023-02-03,9285
6806,森崴能源,24,9,15,凱基-中壢,2023-02-03,9285
3455,由田,15,0,15,凱基-中壢,2023-02-03,9285
4956,光鋐,16,2,14,凱基-中壢,2023-02-03,9285
2344,華邦電,23,9,14,凱基-中壢,2023-02-03,9285
2329,華泰,14,0,14,凱基-中壢,2023-02-03,9285
6788,華景電,15,2,13,凱基-中壢,2023-02-03,9285
6180,橘子,14,1,13,凱基-中壢,2023-02-03,9285
2851,中再保,15,2,13,凱基-中壢,2023-02-03,9285
2884,玉山金,14,1,13,凱基-中壢,2023-02-03,9285
2481,強茂,29,17,12,凱基-中壢,2023-02-03,9285
1584,精剛,65,53,12,凱基-中壢,2023-02-03,9285
4977,眾達-KY,21,10,11,凱基-中壢,2023-02-03,9285
6691,洋基工程,11,0,11,凱基-中壢,2023-02-03,9285
00715L,期街口布蘭特正2,510,0,510,凱基-中壢,2023-02-06,9285
00878,國泰永續高股息,491,5,486,凱基-中壢,2023-02-06,9285
1909,榮成,260,5,255,凱基-中壢,2023-02-06,9285
00637L,元大滬深300正2,189,23,166,凱基-中壢,2023-02-06,9285
00650L,復華香港正2,138,0,138,凱基-中壢,2023-02-06,9285
00706L,期元大S＆P日圓正2,320,240,80,凱基-中壢,2023-02-06,9285
00882,中信中國高股息,72,0,72,凱基-中壢,2023-02-06,9285
00772B,中信高評級公司債,67,1,66,凱基-中壢,2023-02-06,9285
1234,黑松,59,0,59,凱基-中壢,2023-02-06,9285
00680L,元大美債20正2,57,0,57,凱基-中壢,2023-02-06,9285
6541,泰福-KY,65,10,55,凱基-中壢,2023-02-06,9285
5315,光聯,39,0,39,凱基-中壢,2023-02-06,9285
3037,欣興,51,15,36,凱基-中壢,2023-02-06,9285
2201,裕隆,37,7,30,凱基-中壢,2023-02-06,9285
2102,泰豐,29,0,29,凱基-中壢,2023-02-06,9285
00642U,期元大S＆P石油,29,0,29,凱基-中壢,2023-02-06,9285
6770,力積電,32,4,28,凱基-中壢,2023-02-06,9285
2330,台積電,31,3,28,凱基-中壢,2023-02-06,9285
00679B,元大美債20年,34,8,26,凱基-中壢,2023-02-06,9285
8054,安國,34,8,26,凱基-中壢,2023-02-06,9285
0050,元大台灣50,29,5,24,凱基-中壢,2023-02-06,9285
9945,潤泰新,26,2,24,凱基-中壢,2023-02-06,9285
2891,中信金,24,1,23,凱基-中壢,2023-02-06,9285
8033,雷虎,31,9,22,凱基-中壢,2023-02-06,9285
8043,蜜望實,21,0,21,凱基-中壢,2023-02-06,9285
00664R,國泰臺灣加權反1,20,0,20,凱基-中壢,2023-02-06,9285
2605,新興,20,0,20,凱基-中壢,2023-02-06,9285
00633L,富邦上証正2,27,7,20,凱基-中壢,2023-02-06,9285
2883,凱基金,24,5,19,凱基-中壢,2023-02-06,9285
8046,南電,28,10,18,凱基-中壢,2023-02-06,9285
3163,波若威,20,2,18,凱基-中壢,2023-02-06,9285
00891,中信關鍵半導體,20,4,16,凱基-中壢,2023-02-06,9285
8227,巨有科技,28,12,16,凱基-中壢,2023-02-06,9285
3056,富華新,15,0,15,凱基-中壢,2023-02-06,9285
3050,鈺德,15,0,15,凱基-中壢,2023-02-06,9285
2603,長榮,31,16,15,凱基-中壢,2023-02-06,9285
2892,第一金,17,3,14,凱基-中壢,2023-02-06,9285
2897,王道銀行,14,0,14,凱基-中壢,2023-02-06,9285
1584,精剛,14,0,14,凱基-中壢,2023-02-06,9285
2363,矽統,14,0,14,凱基-中壢,2023-02-06,9285
1513,中興電,32,19,13,凱基-中壢,2023-02-06,9285
6182,合晶,13,0,13,凱基-中壢,2023-02-06,9285
00632R,元大台灣50反1,53,40,13,凱基-中壢,2023-02-06,9285
2880,華南金,13,0,13,凱基-中壢,2023-02-06,9285
4979,華星光,18,6,12,凱基-中壢,2023-02-06,9285
6654,天正國際,12,0,12,凱基-中壢,2023-02-06,9285
8426,紅木-KY,12,0,12,凱基-中壢,2023-02-06,9285
00720B,元大投資級公司債,15,3,12,凱基-中壢,2023-02-06,9285
00900,富邦特選高股息30,68,57,11,凱基-中壢,2023-02-06,9285
2344,華邦電,23,12,11,凱基-中壢,2023-02-06,9285
00706L,期元大S＆P日圓正2,295,0,295,凱基-中壢,2023-02-07,9285
00673R,期元大S＆P原油反1,300,25,275,凱基-中壢,2023-02-07,9285
00632R,元大台灣50反1,243,95,148,凱基-中壢,2023-02-07,9285
00878,國泰永續高股息,138,23,115,凱基-中壢,2023-02-07,9285
00772B,中信高評級公司債,98,0,98,凱基-中壢,2023-02-07,9285
2498,宏達電,78,26,52,凱基-中壢,2023-02-07,9285
00713,元大台灣高息低波,37,0,37,凱基-中壢,2023-02-07,9285
2834,臺企銀,42,8,34,凱基-中壢,2023-02-07,9285
6282,康舒,108,76,32,凱基-中壢,2023-02-07,9285
00679B,元大美債20年,30,0,30,凱基-中壢,2023-02-07,9285
2457,飛宏,31,1,30,凱基-中壢,2023-02-07,9285
00720B,元大投資級公司債,29,0,29,凱基-中壢,2023-02-07,9285
2890,永豐金,32,5,27,凱基-中壢,2023-02-07,9285
00780B,國泰A級金融債,25,0,25,凱基-中壢,2023-02-07,9285
1795,美時,76,52,24,凱基-中壢,2023-02-07,9285
3037,欣興,33,10,23,凱基-中壢,2023-02-07,9285
2344,華邦電,27,4,23,凱基-中壢,2023-02-07,9285
1605,華新,70,48,22,凱基-中壢,2023-02-07,9285
2618,長榮航,31,9,22,凱基-中壢,2023-02-07,9285
00680L,元大美債20正2,22,0,22,凱基-中壢,2023-02-07,9285
00881,國泰台灣5G+,21,0,21,凱基-中壢,2023-02-07,9285
2314,台揚,21,0,21,凱基-中壢,2023-02-07,9285
1417,嘉裕,21,1,20,凱基-中壢,2023-02-07,9285
6546,正基,21,1,20,凱基-中壢,2023-02-07,9285
4175,杏一,20,0,20,凱基-中壢,2023-02-07,9285
1319,東陽,20,0,20,凱基-中壢,2023-02-07,9285
00664R,國泰臺灣加權反1,20,0,20,凱基-中壢,2023-02-07,9285
6202,盛群,21,2,19,凱基-中壢,2023-02-07,9285
2368,金像電,23,5,18,凱基-中壢,2023-02-07,9285
00905,FT臺灣Smart,20,2,18,凱基-中壢,2023-02-07,9285
6120,達運,18,0,18,凱基-中壢,2023-02-07,9285
3702,大聯大,22,5,17,凱基-中壢,2023-02-07,9285
1305,華夏,20,4,16,凱基-中壢,2023-02-07,9285
5315,光聯,16,0,16,凱基-中壢,2023-02-07,9285
2884,玉山金,16,0,16,凱基-中壢,2023-02-07,9285
00631L,元大台灣50正2,14,0,14,凱基-中壢,2023-02-07,9285
2892,第一金,15,2,13,凱基-中壢,2023-02-07,9285
00882,中信中國高股息,13,0,13,凱基-中壢,2023-02-07,9285
6531,愛普*,14,2,12,凱基-中壢,2023-02-07,9285
1701,中化,16,4,12,凱基-中壢,2023-02-07,9285
2542,興富發,12,0,12,凱基-中壢,2023-02-07,9285
6443,元晶,17,6,11,凱基-中壢,2023-02-07,9285
4174,浩鼎,11,0,11,凱基-中壢,2023-02-07,9285
2362,藍天,10,0,10,凱基-中壢,2023-02-07,9285
3049,精金,10,0,10,凱基-中壢,2023-02-07,9285
5258,虹堡,13,3,10,凱基-中壢,2023-02-07,9285
6182,合晶,19,9,10,凱基-中壢,2023-02-07,9285
00900,富邦特選高股息30,20,10,10,凱基-中壢,2023-02-07,9285
2388,威盛,22,13,9,凱基-中壢,2023-02-07,9285
1434,福懋,9,0,9,凱基-中壢,2023-02-07,9285
2002,中鋼,154,7,147,凱基-中壢,2023-02-08,9285
00673R,期元大S＆P原油反1,123,0,123,凱基-中壢,2023-02-08,9285
6282,康舒,132,39,93,凱基-中壢,2023-02-08,9285
00885,富邦越南,94,11,83,凱基-中壢,2023-02-08,9285
2834,臺企銀,70,0,70,凱基-中壢,2023-02-08,9285
00772B,中信高評級公司債,68,0,68,凱基-中壢,2023-02-08,9285
1909,榮成,61,0,61,凱基-中壢,2023-02-08,9285
00902,中信電池及儲能,57,0,57,凱基-中壢,2023-02-08,9285
4979,華星光,92,42,50,凱基-中壢,2023-02-08,9285
2014,中鴻,49,7,42,凱基-中壢,2023-02-08,9285
2886,兆豐金,40,1,39,凱基-中壢,2023-02-08,9285
4763,材料-KY,60,23,37,凱基-中壢,2023-02-08,9285
2845,遠東銀,29,0,29,凱基-中壢,2023-02-08,9285
4163,鐿鈦,30,1,29,凱基-中壢,2023-02-08,9285
2884,玉山金,51,23,28,凱基-中壢,2023-02-08,9285
2338,光罩,42,17,25,凱基-中壢,2023-02-08,9285
2610,華航,34,10,24,凱基-中壢,2023-02-08,9285
2614,東森,39,15,24,凱基-中壢,2023-02-08,9285
00752,中信中國50,21,0,21,凱基-中壢,2023-02-08,9285
2897,王道銀行,36,15,21,凱基-中壢,2023-02-08,9285
1319,東陽,22,1,21,凱基-中壢,2023-02-08,9285
3693,營邦,23,2,21,凱基-中壢,2023-02-08,9285
2498,宏達電,49,28,21,凱基-中壢,2023-02-08,9285
5706,鳳凰,20,0,20,凱基-中壢,2023-02-08,9285
00679B,元大美債20年,19,0,19,凱基-中壢,2023-02-08,9285
3265,台星科,21,2,19,凱基-中壢,2023-02-08,9285
2317,鴻海,23,4,19,凱基-中壢,2023-02-08,9285
00895,富邦未來車,21,5,16,凱基-中壢,2023-02-08,9285
6770,力積電,33,18,15,凱基-中壢,2023-02-08,9285
4175,杏一,15,0,15,凱基-中壢,2023-02-08,9285
2888,新光金,15,0,15,凱基-中壢,2023-02-08,9285
2743,山富,14,0,14,凱基-中壢,2023-02-08,9285
1616,億泰,14,0,14,凱基-中壢,2023-02-08,9285
00720B,元大投資級公司債,13,0,13,凱基-中壢,2023-02-08,9285
8044,網家,18,5,13,凱基-中壢,2023-02-08,9285
3037,欣興,24,11,13,凱基-中壢,2023-02-08,9285
1752,南光,12,0,12,凱基-中壢,2023-02-08,9285
00633L,富邦上証正2,12,0,12,凱基-中壢,2023-02-08,9285
3591,艾笛森,12,0,12,凱基-中壢,2023-02-08,9285
2882,國泰金,12,0,12,凱基-中壢,2023-02-08,9285
1506,正道,11,0,11,凱基-中壢,2023-02-08,9285
1514,亞力,11,0,11,凱基-中壢,2023-02-08,9285
6443,元晶,11,0,11,凱基-中壢,2023-02-08,9285
00632R,元大台灣50反1,25,15,10,凱基-中壢,2023-02-08,9285
2368,金像電,33,23,10,凱基-中壢,2023-02-08,9285
6217,中探針,40,30,10,凱基-中壢,2023-02-08,9285
2905,三商,10,0,10,凱基-中壢,2023-02-08,9285
1453,大將,11,1,10,凱基-中壢,2023-02-08,9285
2029,盛餘,10,0,10,凱基-中壢,2023-02-08,9285
3479,安勤,14,4,10,凱基-中壢,2023-02-08,9285
00706L,期元大S＆P日圓正2,245,0,245,凱基-中壢,2023-02-09,9285
00878,國泰永續高股息,175,36,139,凱基-中壢,2023-02-09,9285
1434,福懋,99,0,99,凱基-中壢,2023-02-09,9285
2344,華邦電,99,29,70,凱基-中壢,2023-02-09,9285
5258,虹堡,70,5,65,凱基-中壢,2023-02-09,9285
00680L,元大美債20正2,63,0,63,凱基-中壢,2023-02-09,9285
00903,富邦元宇宙,61,1,60,凱基-中壢,2023-02-09,9285
00772B,中信高評級公司債,58,0,58,凱基-中壢,2023-02-09,9285
1909,榮成,50,1,49,凱基-中壢,2023-02-09,9285
2498,宏達電,89,44,45,凱基-中壢,2023-02-09,9285
4763,材料-KY,62,22,40,凱基-中壢,2023-02-09,9285
2342,茂矽,35,0,35,凱基-中壢,2023-02-09,9285
6770,力積電,36,1,35,凱基-中壢,2023-02-09,9285
3481,群創,41,7,34,凱基-中壢,2023-02-09,9285
00679B,元大美債20年,28,0,28,凱基-中壢,2023-02-09,9285
2368,金像電,34,7,27,凱基-中壢,2023-02-09,9285
00900,富邦特選高股息30,31,5,26,凱基-中壢,2023-02-09,9285
2607,榮運,37,11,26,凱基-中壢,2023-02-09,9285
1742,台蠟,25,0,25,凱基-中壢,2023-02-09,9285
00882,中信中國高股息,22,0,22,凱基-中壢,2023-02-09,9285
6235,華孚,212,190,22,凱基-中壢,2023-02-09,9285
2367,燿華,20,0,20,凱基-中壢,2023-02-09,9285
1416,廣豐,20,0,20,凱基-中壢,2023-02-09,9285
1795,美時,48,28,20,凱基-中壢,2023-02-09,9285
8074,鉅橡,20,0,20,凱基-中壢,2023-02-09,9285
4979,華星光,32,12,20,凱基-中壢,2023-02-09,9285
2891,中信金,18,0,18,凱基-中壢,2023-02-09,9285
2618,長榮航,18,0,18,凱基-中壢,2023-02-09,9285
3527,聚積,21,3,18,凱基-中壢,2023-02-09,9285
0050,元大台灣50,18,1,17,凱基-中壢,2023-02-09,9285
00890B,凱基ESG BBB債,17,0,17,凱基-中壢,2023-02-09,9285
2444,兆勁,17,0,17,凱基-中壢,2023-02-09,9285
4931,新盛力,34,17,17,凱基-中壢,2023-02-09,9285
5315,光聯,21,5,16,凱基-中壢,2023-02-09,9285
2007,燁興,20,5,15,凱基-中壢,2023-02-09,9285
2365,昆盈,14,0,14,凱基-中壢,2023-02-09,9285
00673R,期元大S＆P原油反1,14,0,14,凱基-中壢,2023-02-09,9285
3035,智原,66,53,13,凱基-中壢,2023-02-09,9285
2027,大成鋼,13,0,13,凱基-中壢,2023-02-09,9285
00885,富邦越南,15,2,13,凱基-中壢,2023-02-09,9285
3049,精金,20,8,12,凱基-中壢,2023-02-09,9285
8105,凌巨,11,0,11,凱基-中壢,2023-02-09,9285
2888,新光金,11,0,11,凱基-中壢,2023-02-09,9285
3661,世芯-KY,14,3,11,凱基-中壢,2023-02-09,9285
2916,滿心,17,6,11,凱基-中壢,2023-02-09,9285
2405,輔信,10,0,10,凱基-中壢,2023-02-09,9285
2546,根基,10,0,10,凱基-中壢,2023-02-09,9285
4956,光鋐,10,0,10,凱基-中壢,2023-02-09,9285
2369,菱生,10,0,10,凱基-中壢,2023-02-09,9285
6531,愛普*,30,20,10,凱基-中壢,2023-02-09,9285
2453,凌群,245,20,225,凱基-中壢,2023-02-10,9285
00878,國泰永續高股息,222,16,206,凱基-中壢,2023-02-10,9285
00637L,元大滬深300正2,64,0,64,凱基-中壢,2023-02-10,9285
2618,長榮航,72,15,57,凱基-中壢,2023-02-10,9285
1783,和康生,55,1,54,凱基-中壢,2023-02-10,9285
00632R,元大台灣50反1,57,4,53,凱基-中壢,2023-02-10,9285
00712,復華富時不動產,40,0,40,凱基-中壢,2023-02-10,9285
00772B,中信高評級公司債,37,0,37,凱基-中壢,2023-02-10,9285
1605,華新,58,24,34,凱基-中壢,2023-02-10,9285
2344,華邦電,46,13,33,凱基-中壢,2023-02-10,9285
8096,擎亞,30,0,30,凱基-中壢,2023-02-10,9285
2884,玉山金,59,29,30,凱基-中壢,2023-02-10,9285
6274,台燿,43,13,30,凱基-中壢,2023-02-10,9285
8930,青鋼,30,0,30,凱基-中壢,2023-02-10,9285
6116,彩晶,31,2,29,凱基-中壢,2023-02-10,9285
5315,光聯,38,9,29,凱基-中壢,2023-02-10,9285
2834,臺企銀,29,0,29,凱基-中壢,2023-02-10,9285
2368,金像電,43,15,28,凱基-中壢,2023-02-10,9285
6443,元晶,67,40,27,凱基-中壢,2023-02-10,9285
2605,新興,24,0,24,凱基-中壢,2023-02-10,9285
3207,耀勝,50,27,23,凱基-中壢,2023-02-10,9285
1810,和成,36,14,22,凱基-中壢,2023-02-10,9285
2367,燿華,21,0,21,凱基-中壢,2023-02-10,9285
00720B,元大投資級公司債,21,0,21,凱基-中壢,2023-02-10,9285
5009,榮剛,46,26,20,凱基-中壢,2023-02-10,9285
2007,燁興,20,0,20,凱基-中壢,2023-02-10,9285
2539,櫻花建,20,0,20,凱基-中壢,2023-02-10,9285
2882,國泰金,27,8,19,凱基-中壢,2023-02-10,9285
4915,致伸,18,0,18,凱基-中壢,2023-02-10,9285
1513,中興電,60,42,18,凱基-中壢,2023-02-10,9285
0056,元大高股息,25,8,17,凱基-中壢,2023-02-10,9285
1701,中化,31,14,17,凱基-中壢,2023-02-10,9285
2486,一詮,20,3,17,凱基-中壢,2023-02-10,9285
6643,M31,21,5,16,凱基-中壢,2023-02-10,9285
3059,華晶科,15,0,15,凱基-中壢,2023-02-10,9285
00715L,期街口布蘭特正2,15,0,15,凱基-中壢,2023-02-10,9285
5291,邑昇,15,0,15,凱基-中壢,2023-02-10,9285
4167,松瑞藥,26,12,14,凱基-中壢,2023-02-10,9285
6552,易華電,16,2,14,凱基-中壢,2023-02-10,9285
2201,裕隆,30,16,14,凱基-中壢,2023-02-10,9285
1308,亞聚,13,0,13,凱基-中壢,2023-02-10,9285
8358,金居,19,6,13,凱基-中壢,2023-02-10,9285
1504,東元,13,0,13,凱基-中壢,2023-02-10,9285
2228,劍麟,13,0,13,凱基-中壢,2023-02-10,9285
2337,旺宏,13,0,13,凱基-中壢,2023-02-10,9285
2880,華南金,13,0,13,凱基-中壢,2023-02-10,9285
2890,永豐金,14,2,12,凱基-中壢,2023-02-10,9285
1217,愛之味,12,0,12,凱基-中壢,2023-02-10,9285
1598,岱宇,12,0,12,凱基-中壢,2023-02-10,9285
1342,八貫,42,30,12,凱基-中壢,2023-02-10,9285
2409,友達,289,1,288,凱基-中壢,2023-02-13,9285
00878,國泰永續高股息,275,34,241,凱基-中壢,2023-02-13,9285
2609,陽明,134,11,123,凱基-中壢,2023-02-13,9285
3481,群創,117,21,96,凱基-中壢,2023-02-13,9285
00650L,復華香港正2,108,39,69,凱基-中壢,2023-02-13,9285
00673R,期元大S＆P原油反1,59,0,59,凱基-中壢,2023-02-13,9285
00885,富邦越南,52,3,49,凱基-中壢,2023-02-13,9285
3289,宜特,43,1,42,凱基-中壢,2023-02-13,9285
8222,寶一,195,158,37,凱基-中壢,2023-02-13,9285
6116,彩晶,38,2,36,凱基-中壢,2023-02-13,9285
9945,潤泰新,32,2,30,凱基-中壢,2023-02-13,9285
00772B,中信高評級公司債,28,0,28,凱基-中壢,2023-02-13,9285
00882,中信中國高股息,28,0,28,凱基-中壢,2023-02-13,9285
6806,森崴能源,41,16,25,凱基-中壢,2023-02-13,9285
3209,全科,26,1,25,凱基-中壢,2023-02-13,9285
5258,虹堡,28,6,22,凱基-中壢,2023-02-13,9285
4114,健喬,45,23,22,凱基-中壢,2023-02-13,9285
1101,台泥,24,3,21,凱基-中壢,2023-02-13,9285
2488,漢平,20,0,20,凱基-中壢,2023-02-13,9285
6770,力積電,28,8,20,凱基-中壢,2023-02-13,9285
00893,國泰智能電動車,25,6,19,凱基-中壢,2023-02-13,9285
1217,愛之味,17,0,17,凱基-中壢,2023-02-13,9285
1701,中化,72,55,17,凱基-中壢,2023-02-13,9285
00900,富邦特選高股息30,21,4,17,凱基-中壢,2023-02-13,9285
2344,華邦電,22,5,17,凱基-中壢,2023-02-13,9285
3576,聯合再生,21,5,16,凱基-中壢,2023-02-13,9285
1437,勤益控,16,0,16,凱基-中壢,2023-02-13,9285
2618,長榮航,24,9,15,凱基-中壢,2023-02-13,9285
2102,泰豐,27,12,15,凱基-中壢,2023-02-13,9285
3520,華盈,15,0,15,凱基-中壢,2023-02-13,9285
6457,紘康,16,1,15,凱基-中壢,2023-02-13,9285
00720B,元大投資級公司債,15,0,15,凱基-中壢,2023-02-13,9285
00680L,元大美債20正2,14,0,14,凱基-中壢,2023-02-13,9285
6235,華孚,80,66,14,凱基-中壢,2023-02-13,9285
2367,燿華,17,3,14,凱基-中壢,2023-02-13,9285
8046,南電,15,2,13,凱基-中壢,2023-02-13,9285
3454,晶睿,21,8,13,凱基-中壢,2023-02-13,9285
3494,誠研,15,2,13,凱基-中壢,2023-02-13,9285
2881,富邦金,13,1,12,凱基-中壢,2023-02-13,9285
4175,杏一,12,0,12,凱基-中壢,2023-02-13,9285
6605,帝寶,12,0,12,凱基-中壢,2023-02-13,9285
00919,群益台灣精選高息,11,0,11,凱基-中壢,2023-02-13,9285
8096,擎亞,10,0,10,凱基-中壢,2023-02-13,9285
4979,華星光,16,6,10,凱基-中壢,2023-02-13,9285
00852L,國泰美國道瓊正2,10,0,10,凱基-中壢,2023-02-13,9285
2606,裕民,10,0,10,凱基-中壢,2023-02-13,9285
3011,今皓,10,0,10,凱基-中壢,2023-02-13,9285
2332,友訊,14,4,10,凱基-中壢,2023-02-13,9285
6612,奈米醫材,10,0,10,凱基-中壢,2023-02-13,9285
2889,國票金,11,1,10,凱基-中壢,2023-02-13,9285
00671R,富邦NASDAQ反1,1000,34,966,凱基-中壢,2023-02-14,9285
00673R,期元大S＆P原油反1,313,0,313,凱基-中壢,2023-02-14,9285
2609,陽明,116,24,92,凱基-中壢,2023-02-14,9285
1513,中興電,151,59,92,凱基-中壢,2023-02-14,9285
00637L,元大滬深300正2,76,10,66,凱基-中壢,2023-02-14,9285
1447,力鵬,60,0,60,凱基-中壢,2023-02-14,9285
2884,玉山金,50,3,47,凱基-中壢,2023-02-14,9285
2453,凌群,183,150,33,凱基-中壢,2023-02-14,9285
1795,美時,58,27,31,凱基-中壢,2023-02-14,9285
3035,智原,54,26,28,凱基-中壢,2023-02-14,9285
1742,台蠟,25,0,25,凱基-中壢,2023-02-14,9285
00878,國泰永續高股息,218,197,21,凱基-中壢,2023-02-14,9285
2204,中華,20,0,20,凱基-中壢,2023-02-14,9285
00885,富邦越南,25,5,20,凱基-中壢,2023-02-14,9285
00669R,國泰美國道瓊反1,20,0,20,凱基-中壢,2023-02-14,9285
8069,元太,32,12,20,凱基-中壢,2023-02-14,9285
4746,台耀,28,9,19,凱基-中壢,2023-02-14,9285
6770,力積電,25,6,19,凱基-中壢,2023-02-14,9285
2607,榮運,18,0,18,凱基-中壢,2023-02-14,9285
2889,國票金,16,1,15,凱基-中壢,2023-02-14,9285
6180,橘子,23,9,14,凱基-中壢,2023-02-14,9285
1337,再生-KY,14,0,14,凱基-中壢,2023-02-14,9285
6104,創惟,21,9,12,凱基-中壢,2023-02-14,9285
2067,嘉鋼,12,0,12,凱基-中壢,2023-02-14,9285
1906,寶隆,12,0,12,凱基-中壢,2023-02-14,9285
1217,愛之味,12,1,11,凱基-中壢,2023-02-14,9285
2498,宏達電,11,0,11,凱基-中壢,2023-02-14,9285
2323,中環,11,0,11,凱基-中壢,2023-02-14,9285
2324,仁寶,12,1,11,凱基-中壢,2023-02-14,9285
00713,元大台灣高息低波,11,0,11,凱基-中壢,2023-02-14,9285
2375,凱美,10,0,10,凱基-中壢,2023-02-14,9285
2340,台亞,10,0,10,凱基-中壢,2023-02-14,9285
00890B,凱基ESG BBB債,10,0,10,凱基-中壢,2023-02-14,9285
6461,益得,10,0,10,凱基-中壢,2023-02-14,9285
6278,台表科,10,0,10,凱基-中壢,2023-02-14,9285
8092,建暐,10,0,10,凱基-中壢,2023-02-14,9285
4755,三福化,10,0,10,凱基-中壢,2023-02-14,9285
6443,元晶,11,1,10,凱基-中壢,2023-02-14,9285
2332,友訊,20,10,10,凱基-中壢,2023-02-14,9285
2485,兆赫,10,0,10,凱基-中壢,2023-02-14,9285
5608,四維航,10,0,10,凱基-中壢,2023-02-14,9285
2027,大成鋼,10,0,10,凱基-中壢,2023-02-14,9285
2382,廣達,10,0,10,凱基-中壢,2023-02-14,9285
2881,富邦金,22,13,9,凱基-中壢,2023-02-14,9285
6752,叡揚,10,1,9,凱基-中壢,2023-02-14,9285
6472,保瑞,8,0,8,凱基-中壢,2023-02-14,9285
6112,邁達特,9,1,8,凱基-中壢,2023-02-14,9285
1762,中化生,10,2,8,凱基-中壢,2023-02-14,9285
3615,安可,8,0,8,凱基-中壢,2023-02-14,9285
6509,聚和,10,2,8,凱基-中壢,2023-02-14,9285
00878,國泰永續高股息,961,182,779,凱基-中壢,2023-02-15,9285
00632R,元大台灣50反1,283,30,253,凱基-中壢,2023-02-15,9285
1447,力鵬,118,0,118,凱基-中壢,2023-02-15,9285
0056,元大高股息,106,8,98,凱基-中壢,2023-02-15,9285
00650L,復華香港正2,79,0,79,凱基-中壢,2023-02-15,9285
2453,凌群,140,63,77,凱基-中壢,2023-02-15,9285
1784,訊聯,66,1,65,凱基-中壢,2023-02-15,9285
3712,永崴投控,60,2,58,凱基-中壢,2023-02-15,9285
2884,玉山金,61,11,50,凱基-中壢,2023-02-15,9285
00706L,期元大S＆P日圓正2,50,0,50,凱基-中壢,2023-02-15,9285
4915,致伸,52,2,50,凱基-中壢,2023-02-15,9285
00671R,富邦NASDAQ反1,45,0,45,凱基-中壢,2023-02-15,9285
00637L,元大滬深300正2,121,80,41,凱基-中壢,2023-02-15,9285
2618,長榮航,35,0,35,凱基-中壢,2023-02-15,9285
1101,台泥,59,24,35,凱基-中壢,2023-02-15,9285
2014,中鴻,33,1,32,凱基-中壢,2023-02-15,9285
00679B,元大美債20年,30,0,30,凱基-中壢,2023-02-15,9285
00715L,期街口布蘭特正2,50,21,29,凱基-中壢,2023-02-15,9285
8046,南電,31,4,27,凱基-中壢,2023-02-15,9285
3221,台嘉碩,35,9,26,凱基-中壢,2023-02-15,9285
8222,寶一,53,27,26,凱基-中壢,2023-02-15,9285
2330,台積電,48,24,24,凱基-中壢,2023-02-15,9285
00881,國泰台灣5G+,24,1,23,凱基-中壢,2023-02-15,9285
9904,寶成,22,0,22,凱基-中壢,2023-02-15,9285
2337,旺宏,23,2,21,凱基-中壢,2023-02-15,9285
00665L,富邦�琤肭磪囓�2,20,0,20,凱基-中壢,2023-02-15,9285
3048,益登,20,0,20,凱基-中壢,2023-02-15,9285
2609,陽明,19,0,19,凱基-中壢,2023-02-15,9285
2472,立隆電,20,1,19,凱基-中壢,2023-02-15,9285
2723,美食-KY,33,15,18,凱基-中壢,2023-02-15,9285
2457,飛宏,25,7,18,凱基-中壢,2023-02-15,9285
00882,中信中國高股息,16,0,16,凱基-中壢,2023-02-15,9285
2228,劍麟,16,0,16,凱基-中壢,2023-02-15,9285
1504,東元,16,0,16,凱基-中壢,2023-02-15,9285
5706,鳳凰,45,29,16,凱基-中壢,2023-02-15,9285
2889,國票金,15,0,15,凱基-中壢,2023-02-15,9285
5347,世界,18,3,15,凱基-中壢,2023-02-15,9285
00713,元大台灣高息低波,15,0,15,凱基-中壢,2023-02-15,9285
5009,榮剛,16,1,15,凱基-中壢,2023-02-15,9285
1609,大亞,23,8,15,凱基-中壢,2023-02-15,9285
2324,仁寶,12,0,12,凱基-中壢,2023-02-15,9285
2880,華南金,12,0,12,凱基-中壢,2023-02-15,9285
00752,中信中國50,12,0,12,凱基-中壢,2023-02-15,9285
2314,台揚,13,1,12,凱基-中壢,2023-02-15,9285
3591,艾笛森,12,0,12,凱基-中壢,2023-02-15,9285
1402,遠東新,11,0,11,凱基-中壢,2023-02-15,9285
3013,晟銘電,21,10,11,凱基-中壢,2023-02-15,9285
00891,中信關鍵半導體,11,0,11,凱基-中壢,2023-02-15,9285
2481,強茂,11,0,11,凱基-中壢,2023-02-15,9285
2471,資通,37,26,11,凱基-中壢,2023-02-15,9285
00878,國泰永續高股息,389,15,374,凱基-中壢,2023-02-16,9285
6282,康舒,159,23,136,凱基-中壢,2023-02-16,9285
00632R,元大台灣50反1,198,88,110,凱基-中壢,2023-02-16,9285
00673R,期元大S＆P原油反1,115,10,105,凱基-中壢,2023-02-16,9285
00679B,元大美債20年,93,0,93,凱基-中壢,2023-02-16,9285
00772B,中信高評級公司債,82,0,82,凱基-中壢,2023-02-16,9285
5258,虹堡,113,32,81,凱基-中壢,2023-02-16,9285
2471,資通,86,9,77,凱基-中壢,2023-02-16,9285
4979,華星光,96,40,56,凱基-中壢,2023-02-16,9285
3058,立德,54,0,54,凱基-中壢,2023-02-16,9285
3712,永崴投控,52,1,51,凱基-中壢,2023-02-16,9285
2889,國票金,33,0,33,凱基-中壢,2023-02-16,9285
2362,藍天,32,0,32,凱基-中壢,2023-02-16,9285
2364,倫飛,31,0,31,凱基-中壢,2023-02-16,9285
2468,華經,39,9,30,凱基-中壢,2023-02-16,9285
1742,台蠟,29,0,29,凱基-中壢,2023-02-16,9285
2888,新光金,31,3,28,凱基-中壢,2023-02-16,9285
00882,中信中國高股息,25,0,25,凱基-中壢,2023-02-16,9285
4763,材料-KY,41,19,22,凱基-中壢,2023-02-16,9285
2498,宏達電,55,34,21,凱基-中壢,2023-02-16,9285
00852L,國泰美國道瓊正2,20,0,20,凱基-中壢,2023-02-16,9285
2882,國泰金,20,1,19,凱基-中壢,2023-02-16,9285
2537,聯上發,17,0,17,凱基-中壢,2023-02-16,9285
3162,精確,16,0,16,凱基-中壢,2023-02-16,9285
9958,世紀鋼,15,0,15,凱基-中壢,2023-02-16,9285
8478,東哥遊艇,38,23,15,凱基-中壢,2023-02-16,9285
8046,南電,19,4,15,凱基-中壢,2023-02-16,9285
2731,雄獅,30,16,14,凱基-中壢,2023-02-16,9285
6770,力積電,17,4,13,凱基-中壢,2023-02-16,9285
1101,台泥,15,2,13,凱基-中壢,2023-02-16,9285
1308,亞聚,13,0,13,凱基-中壢,2023-02-16,9285
3037,欣興,27,14,13,凱基-中壢,2023-02-16,9285
3545,敦泰,23,11,12,凱基-中壢,2023-02-16,9285
1529,樂事綠能,14,2,12,凱基-中壢,2023-02-16,9285
2314,台揚,17,5,12,凱基-中壢,2023-02-16,9285
3624,光頡,32,21,11,凱基-中壢,2023-02-16,9285
00680L,元大美債20正2,11,0,11,凱基-中壢,2023-02-16,9285
6472,保瑞,13,2,11,凱基-中壢,2023-02-16,9285
00780B,國泰A級金融債,11,0,11,凱基-中壢,2023-02-16,9285
2702,華園,12,2,10,凱基-中壢,2023-02-16,9285
00631L,元大台灣50正2,10,0,10,凱基-中壢,2023-02-16,9285
6005,群益證,10,0,10,凱基-中壢,2023-02-16,9285
1419,新紡,10,0,10,凱基-中壢,2023-02-16,9285
2443,昶虹,10,0,10,凱基-中壢,2023-02-16,9285
8996,高力,27,17,10,凱基-中壢,2023-02-16,9285
5009,榮剛,10,0,10,凱基-中壢,2023-02-16,9285
3701,大眾控,11,1,10,凱基-中壢,2023-02-16,9285
1608,華榮,10,0,10,凱基-中壢,2023-02-16,9285
8222,寶一,14,4,10,凱基-中壢,2023-02-16,9285
6177,達麗,10,0,10,凱基-中壢,2023-02-16,9285
00715L,期街口布蘭特正2,155,0,155,凱基-中壢,2023-02-17,9285
2022,聚亨,120,5,115,凱基-中壢,2023-02-17,9285
2610,華航,194,99,95,凱基-中壢,2023-02-17,9285
0056,元大高股息,105,12,93,凱基-中壢,2023-02-17,9285
00679B,元大美債20年,92,0,92,凱基-中壢,2023-02-17,9285
2707,晶華,146,59,87,凱基-中壢,2023-02-17,9285
1513,中興電,264,178,86,凱基-中壢,2023-02-17,9285
00673R,期元大S＆P原油反1,90,5,85,凱基-中壢,2023-02-17,9285
2618,長榮航,80,14,66,凱基-中壢,2023-02-17,9285
2886,兆豐金,66,0,66,凱基-中壢,2023-02-17,9285
00637L,元大滬深300正2,65,10,55,凱基-中壢,2023-02-17,9285
00632R,元大台灣50反1,80,30,50,凱基-中壢,2023-02-17,9285
00772B,中信高評級公司債,46,1,45,凱基-中壢,2023-02-17,9285
00680L,元大美債20正2,42,0,42,凱基-中壢,2023-02-17,9285
2542,興富發,50,12,38,凱基-中壢,2023-02-17,9285
2498,宏達電,39,4,35,凱基-中壢,2023-02-17,9285
2009,第一銅,33,0,33,凱基-中壢,2023-02-17,9285
6125,廣運,33,0,33,凱基-中壢,2023-02-17,9285
1514,亞力,34,2,32,凱基-中壢,2023-02-17,9285
00893,國泰智能電動車,40,8,32,凱基-中壢,2023-02-17,9285
00881,國泰台灣5G+,28,0,28,凱基-中壢,2023-02-17,9285
1784,訊聯,26,0,26,凱基-中壢,2023-02-17,9285
3209,全科,27,1,26,凱基-中壢,2023-02-17,9285
00720B,元大投資級公司債,25,0,25,凱基-中壢,2023-02-17,9285
5351,鈺創,26,5,21,凱基-中壢,2023-02-17,9285
6016,康和證,20,0,20,凱基-中壢,2023-02-17,9285
5321,美而快,26,6,20,凱基-中壢,2023-02-17,9285
6443,元晶,27,8,19,凱基-中壢,2023-02-17,9285
3357,臺慶科,21,2,19,凱基-中壢,2023-02-17,9285
3078,僑威,19,1,18,凱基-中壢,2023-02-17,9285
6245,立端,27,9,18,凱基-中壢,2023-02-17,9285
00688L,國泰20年美債正2,18,0,18,凱基-中壢,2023-02-17,9285
6274,台燿,20,2,18,凱基-中壢,2023-02-17,9285
2883,凱基金,87,70,17,凱基-中壢,2023-02-17,9285
2401,凌陽,20,3,17,凱基-中壢,2023-02-17,9285
9105,泰金寶-DR,17,0,17,凱基-中壢,2023-02-17,9285
4967,十銓,21,4,17,凱基-中壢,2023-02-17,9285
2330,台積電,21,4,17,凱基-中壢,2023-02-17,9285
00902,中信電池及儲能,16,0,16,凱基-中壢,2023-02-17,9285
6202,盛群,16,0,16,凱基-中壢,2023-02-17,9285
8426,紅木-KY,16,0,16,凱基-中壢,2023-02-17,9285
2705,六福,16,1,15,凱基-中壢,2023-02-17,9285
2609,陽明,15,1,14,凱基-中壢,2023-02-17,9285
2342,茂矽,14,0,14,凱基-中壢,2023-02-17,9285
5315,光聯,16,2,14,凱基-中壢,2023-02-17,9285
2323,中環,13,0,13,凱基-中壢,2023-02-17,9285
3037,欣興,26,14,12,凱基-中壢,2023-02-17,9285
4175,杏一,12,0,12,凱基-中壢,2023-02-17,9285
1503,士電,32,21,11,凱基-中壢,2023-02-17,9285
2888,新光金,11,0,11,凱基-中壢,2023-02-17,9285
00632R,元大台灣50反1,175,0,175,凱基-中壢,2023-02-20,9285
2867,三商壽,157,0,157,凱基-中壢,2023-02-20,9285
00878,國泰永續高股息,265,117,148,凱基-中壢,2023-02-20,9285
6541,泰福-KY,139,11,128,凱基-中壢,2023-02-20,9285
6235,華孚,110,25,85,凱基-中壢,2023-02-20,9285
3013,晟銘電,106,28,78,凱基-中壢,2023-02-20,9285
2038,海光,70,2,68,凱基-中壢,2023-02-20,9285
1514,亞力,85,21,64,凱基-中壢,2023-02-20,9285
2887,台新金,78,17,61,凱基-中壢,2023-02-20,9285
6770,力積電,65,8,57,凱基-中壢,2023-02-20,9285
3481,群創,151,94,57,凱基-中壢,2023-02-20,9285
00715L,期街口布蘭特正2,52,1,51,凱基-中壢,2023-02-20,9285
1447,力鵬,50,0,50,凱基-中壢,2023-02-20,9285
8234,新漢,43,4,39,凱基-中壢,2023-02-20,9285
8049,晶采,33,1,32,凱基-中壢,2023-02-20,9285
1102,亞泥,31,0,31,凱基-中壢,2023-02-20,9285
1708,東鹼,29,0,29,凱基-中壢,2023-02-20,9285
2882,國泰金,51,22,29,凱基-中壢,2023-02-20,9285
4967,十銓,29,3,26,凱基-中壢,2023-02-20,9285
00902,中信電池及儲能,24,0,24,凱基-中壢,2023-02-20,9285
2002,中鋼,51,28,23,凱基-中壢,2023-02-20,9285
1101,台泥,36,13,23,凱基-中壢,2023-02-20,9285
00637L,元大滬深300正2,33,11,22,凱基-中壢,2023-02-20,9285
2883,凱基金,46,24,22,凱基-中壢,2023-02-20,9285
1609,大亞,38,17,21,凱基-中壢,2023-02-20,9285
5009,榮剛,22,1,21,凱基-中壢,2023-02-20,9285
1503,士電,34,13,21,凱基-中壢,2023-02-20,9285
6546,正基,24,3,21,凱基-中壢,2023-02-20,9285
2014,中鴻,33,13,20,凱基-中壢,2023-02-20,9285
2601,益航,20,0,20,凱基-中壢,2023-02-20,9285
00895,富邦未來車,20,0,20,凱基-中壢,2023-02-20,9285
5315,光聯,22,2,20,凱基-中壢,2023-02-20,9285
8358,金居,42,22,20,凱基-中壢,2023-02-20,9285
2104,國際中橡,19,0,19,凱基-中壢,2023-02-20,9285
2885,元大金,20,3,17,凱基-中壢,2023-02-20,9285
1410,南染,17,0,17,凱基-中壢,2023-02-20,9285
2027,大成鋼,18,1,17,凱基-中壢,2023-02-20,9285
2201,裕隆,30,14,16,凱基-中壢,2023-02-20,9285
3617,碩天,16,1,15,凱基-中壢,2023-02-20,9285
1527,鑽全,15,0,15,凱基-中壢,2023-02-20,9285
00680L,元大美債20正2,15,0,15,凱基-中壢,2023-02-20,9285
1218,泰山,15,1,14,凱基-中壢,2023-02-20,9285
3094,聯傑,15,1,14,凱基-中壢,2023-02-20,9285
6282,康舒,16,2,14,凱基-中壢,2023-02-20,9285
8215,明基材,31,17,14,凱基-中壢,2023-02-20,9285
2891,中信金,21,7,14,凱基-中壢,2023-02-20,9285
2409,友達,53,40,13,凱基-中壢,2023-02-20,9285
00720B,元大投資級公司債,13,0,13,凱基-中壢,2023-02-20,9285
6509,聚和,15,2,13,凱基-中壢,2023-02-20,9285
3594,磐儀,43,30,13,凱基-中壢,2023-02-20,9285
2834,臺企銀,721,51,670,凱基-中壢,2023-02-21,9285
00885,富邦越南,187,0,187,凱基-中壢,2023-02-21,9285
2618,長榮航,89,8,81,凱基-中壢,2023-02-21,9285
2884,玉山金,191,120,71,凱基-中壢,2023-02-21,9285
00725B,國泰投資級公司債,70,1,69,凱基-中壢,2023-02-21,9285
2610,華航,98,34,64,凱基-中壢,2023-02-21,9285
00715L,期街口布蘭特正2,45,0,45,凱基-中壢,2023-02-21,9285
2641,正德,44,3,41,凱基-中壢,2023-02-21,9285
5315,光聯,43,2,41,凱基-中壢,2023-02-21,9285
00878,國泰永續高股息,153,112,41,凱基-中壢,2023-02-21,9285
6189,豐藝,40,0,40,凱基-中壢,2023-02-21,9285
2890,永豐金,42,3,39,凱基-中壢,2023-02-21,9285
2882,國泰金,41,3,38,凱基-中壢,2023-02-21,9285
3027,盛達,77,42,35,凱基-中壢,2023-02-21,9285
8255,朋程,32,0,32,凱基-中壢,2023-02-21,9285
2344,華邦電,48,18,30,凱基-中壢,2023-02-21,9285
2468,華經,40,10,30,凱基-中壢,2023-02-21,9285
00882,中信中國高股息,32,2,30,凱基-中壢,2023-02-21,9285
2883,凱基金,39,10,29,凱基-中壢,2023-02-21,9285
5258,虹堡,49,22,27,凱基-中壢,2023-02-21,9285
2867,三商壽,34,7,27,凱基-中壢,2023-02-21,9285
1605,華新,55,29,26,凱基-中壢,2023-02-21,9285
1609,大亞,34,13,21,凱基-中壢,2023-02-21,9285
00902,中信電池及儲能,21,0,21,凱基-中壢,2023-02-21,9285
8033,雷虎,33,12,21,凱基-中壢,2023-02-21,9285
5009,榮剛,22,3,19,凱基-中壢,2023-02-21,9285
3357,臺慶科,26,9,17,凱基-中壢,2023-02-21,9285
1512,瑞利,17,0,17,凱基-中壢,2023-02-21,9285
1432,大魯閣,20,4,16,凱基-中壢,2023-02-21,9285
3078,僑威,16,0,16,凱基-中壢,2023-02-21,9285
2208,台船,18,3,15,凱基-中壢,2023-02-21,9285
2312,金寶,14,0,14,凱基-中壢,2023-02-21,9285
3362,先進光,14,1,13,凱基-中壢,2023-02-21,9285
4175,杏一,13,0,13,凱基-中壢,2023-02-21,9285
3520,華盈,20,7,13,凱基-中壢,2023-02-21,9285
2313,華通,13,0,13,凱基-中壢,2023-02-21,9285
6182,合晶,12,0,12,凱基-中壢,2023-02-21,9285
3276,宇環,21,9,12,凱基-中壢,2023-02-21,9285
1584,精剛,19,7,12,凱基-中壢,2023-02-21,9285
4961,天鈺,47,35,12,凱基-中壢,2023-02-21,9285
0050,元大台灣50,14,3,11,凱基-中壢,2023-02-21,9285
2637,慧洋-KY,11,0,11,凱基-中壢,2023-02-21,9285
00683L,期元大美元指正2,11,0,11,凱基-中壢,2023-02-21,9285
4564,元翎,19,8,11,凱基-中壢,2023-02-21,9285
6509,聚和,19,8,11,凱基-中壢,2023-02-21,9285
2330,台積電,15,4,11,凱基-中壢,2023-02-21,9285
1522,堤維西,17,7,10,凱基-中壢,2023-02-21,9285
1536,和大,10,0,10,凱基-中壢,2023-02-21,9285
2906,高林,20,10,10,凱基-中壢,2023-02-21,9285
3664,安瑞-KY,10,0,10,凱基-中壢,2023-02-21,9285
2834,臺企銀,1339,45,1294,凱基-中壢,2023-02-22,9285
00878,國泰永續高股息,284,49,235,凱基-中壢,2023-02-22,9285
00892,富邦台灣半導體,201,0,201,凱基-中壢,2023-02-22,9285
2906,高林,140,0,140,凱基-中壢,2023-02-22,9285
00632R,元大台灣50反1,167,65,102,凱基-中壢,2023-02-22,9285
3481,群創,179,103,76,凱基-中壢,2023-02-22,9285
00772B,中信高評級公司債,66,0,66,凱基-中壢,2023-02-22,9285
1513,中興電,121,56,65,凱基-中壢,2023-02-22,9285
6541,泰福-KY,64,1,63,凱基-中壢,2023-02-22,9285
2618,長榮航,65,8,57,凱基-中壢,2023-02-22,9285
2887,台新金,55,0,55,凱基-中壢,2023-02-22,9285
00902,中信電池及儲能,56,2,54,凱基-中壢,2023-02-22,9285
5315,光聯,54,4,50,凱基-中壢,2023-02-22,9285
2388,威盛,67,18,49,凱基-中壢,2023-02-22,9285
6245,立端,58,12,46,凱基-中壢,2023-02-22,9285
6282,康舒,67,27,40,凱基-中壢,2023-02-22,9285
4979,華星光,59,21,38,凱基-中壢,2023-02-22,9285
00751B,元大AAA至A公司債,38,0,38,凱基-中壢,2023-02-22,9285
2882,國泰金,37,0,37,凱基-中壢,2023-02-22,9285
3037,欣興,42,9,33,凱基-中壢,2023-02-22,9285
00664R,國泰臺灣加權反1,30,0,30,凱基-中壢,2023-02-22,9285
3048,益登,30,0,30,凱基-中壢,2023-02-22,9285
00725B,國泰投資級公司債,29,0,29,凱基-中壢,2023-02-22,9285
1325,恆大,29,0,29,凱基-中壢,2023-02-22,9285
1605,華新,55,30,25,凱基-中壢,2023-02-22,9285
3049,精金,31,6,25,凱基-中壢,2023-02-22,9285
2108,南帝,24,0,24,凱基-中壢,2023-02-22,9285
00712,復華富時不動產,23,0,23,凱基-中壢,2023-02-22,9285
00713,元大台灣高息低波,24,1,23,凱基-中壢,2023-02-22,9285
2402,毅嘉,22,0,22,凱基-中壢,2023-02-22,9285
6104,創惟,33,11,22,凱基-中壢,2023-02-22,9285
9945,潤泰新,22,0,22,凱基-中壢,2023-02-22,9285
5009,榮剛,47,25,22,凱基-中壢,2023-02-22,9285
8033,雷虎,116,95,21,凱基-中壢,2023-02-22,9285
00679B,元大美債20年,21,1,20,凱基-中壢,2023-02-22,9285
00852L,國泰美國道瓊正2,20,0,20,凱基-中壢,2023-02-22,9285
2409,友達,33,14,19,凱基-中壢,2023-02-22,9285
2340,台亞,19,0,19,凱基-中壢,2023-02-22,9285
2884,玉山金,56,37,19,凱基-中壢,2023-02-22,9285
6235,華孚,69,51,18,凱基-中壢,2023-02-22,9285
2330,台積電,22,5,17,凱基-中壢,2023-02-22,9285
00637L,元大滬深300正2,117,99,18,凱基-中壢,2023-02-22,9285
2883,凱基金,23,5,18,凱基-中壢,2023-02-22,9285
1519,華城,90,73,17,凱基-中壢,2023-02-22,9285
5220,萬達光電,22,5,17,凱基-中壢,2023-02-22,9285
1536,和大,17,0,17,凱基-中壢,2023-02-22,9285
6570,維田,40,24,16,凱基-中壢,2023-02-22,9285
2601,益航,16,0,16,凱基-中壢,2023-02-22,9285
1522,堤維西,17,1,16,凱基-中壢,2023-02-22,9285
6120,達運,15,0,15,凱基-中壢,2023-02-22,9285
00715L,期街口布蘭特正2,345,2,343,凱基-中壢,2023-02-23,9285
00650L,復華香港正2,148,13,135,凱基-中壢,2023-02-23,9285
3011,今皓,104,6,98,凱基-中壢,2023-02-23,9285
1444,力麗,93,6,87,凱基-中壢,2023-02-23,9285
2002,中鋼,66,5,61,凱基-中壢,2023-02-23,9285
00885,富邦越南,58,0,58,凱基-中壢,2023-02-23,9285
2618,長榮航,81,24,57,凱基-中壢,2023-02-23,9285
00637L,元大滬深300正2,146,97,49,凱基-中壢,2023-02-23,9285
2845,遠東銀,47,3,44,凱基-中壢,2023-02-23,9285
00642U,期元大S＆P石油,42,0,42,凱基-中壢,2023-02-23,9285
3481,群創,91,49,42,凱基-中壢,2023-02-23,9285
6116,彩晶,42,3,39,凱基-中壢,2023-02-23,9285
00720B,元大投資級公司債,43,5,38,凱基-中壢,2023-02-23,9285
00679B,元大美債20年,45,7,38,凱基-中壢,2023-02-23,9285
4961,天鈺,37,4,33,凱基-中壢,2023-02-23,9285
00632R,元大台灣50反1,169,137,32,凱基-中壢,2023-02-23,9285
00893,國泰智能電動車,40,8,32,凱基-中壢,2023-02-23,9285
00680L,元大美債20正2,32,0,32,凱基-中壢,2023-02-23,9285
6160,欣技,30,0,30,凱基-中壢,2023-02-23,9285
00882,中信中國高股息,30,0,30,凱基-中壢,2023-02-23,9285
00753L,中信中國50正2,32,3,29,凱基-中壢,2023-02-23,9285
3537,堡達,28,0,28,凱基-中壢,2023-02-23,9285
2707,晶華,44,19,25,凱基-中壢,2023-02-23,9285
1721,三晃,25,0,25,凱基-中壢,2023-02-23,9285
1605,華新,47,23,24,凱基-中壢,2023-02-23,9285
5315,光聯,26,2,24,凱基-中壢,2023-02-23,9285
2887,台新金,26,2,24,凱基-中壢,2023-02-23,9285
1514,亞力,75,52,23,凱基-中壢,2023-02-23,9285
2303,聯電,45,23,22,凱基-中壢,2023-02-23,9285
2399,映泰,27,5,22,凱基-中壢,2023-02-23,9285
1742,台蠟,20,0,20,凱基-中壢,2023-02-23,9285
8044,網家,21,1,20,凱基-中壢,2023-02-23,9285
3252,海灣,20,0,20,凱基-中壢,2023-02-23,9285
3520,華盈,20,0,20,凱基-中壢,2023-02-23,9285
2363,矽統,25,5,20,凱基-中壢,2023-02-23,9285
6288,聯嘉,24,4,20,凱基-中壢,2023-02-23,9285
3703,欣陸,20,1,19,凱基-中壢,2023-02-23,9285
4557,永新-KY,20,1,19,凱基-中壢,2023-02-23,9285
00712,復華富時不動產,19,1,18,凱基-中壢,2023-02-23,9285
8358,金居,23,5,18,凱基-中壢,2023-02-23,9285
4175,杏一,18,0,18,凱基-中壢,2023-02-23,9285
2409,友達,46,28,18,凱基-中壢,2023-02-23,9285
00751B,元大AAA至A公司債,18,0,18,凱基-中壢,2023-02-23,9285
2610,華航,42,25,17,凱基-中壢,2023-02-23,9285
6733,博晟生醫,16,0,16,凱基-中壢,2023-02-23,9285
2615,萬海,41,25,16,凱基-中壢,2023-02-23,9285
8033,雷虎,124,108,16,凱基-中壢,2023-02-23,9285
6248,沛波,15,0,15,凱基-中壢,2023-02-23,9285
2313,華通,21,6,15,凱基-中壢,2023-02-23,9285
1786,科妍,15,0,15,凱基-中壢,2023-02-23,9285
00637L,元大滬深300正2,290,51,239,凱基-中壢,2023-02-24,9285
2892,第一金,224,0,224,凱基-中壢,2023-02-24,9285
1513,中興電,173,17,156,凱基-中壢,2023-02-24,9285
8403,盛弘,151,0,151,凱基-中壢,2023-02-24,9285
2637,慧洋-KY,138,24,114,凱基-中壢,2023-02-24,9285
00650L,復華香港正2,100,0,100,凱基-中壢,2023-02-24,9285
00878,國泰永續高股息,104,10,94,凱基-中壢,2023-02-24,9285
2032,新鋼,100,8,92,凱基-中壢,2023-02-24,9285
00632R,元大台灣50反1,182,90,92,凱基-中壢,2023-02-24,9285
2834,臺企銀,85,9,76,凱基-中壢,2023-02-24,9285
00665L,富邦�琤肭磪囓�2,76,0,76,凱基-中壢,2023-02-24,9285
3037,欣興,78,16,62,凱基-中壢,2023-02-24,9285
5608,四維航,206,145,61,凱基-中壢,2023-02-24,9285
6282,康舒,90,30,60,凱基-中壢,2023-02-24,9285
00882,中信中國高股息,60,1,59,凱基-中壢,2023-02-24,9285
4763,材料-KY,66,12,54,凱基-中壢,2023-02-24,9285
2886,兆豐金,53,0,53,凱基-中壢,2023-02-24,9285
2618,長榮航,70,21,49,凱基-中壢,2023-02-24,9285
2399,映泰,60,11,49,凱基-中壢,2023-02-24,9285
6541,泰福-KY,46,2,44,凱基-中壢,2023-02-24,9285
2615,萬海,63,25,38,凱基-中壢,2023-02-24,9285
2611,志信,38,2,36,凱基-中壢,2023-02-24,9285
2601,益航,108,73,35,凱基-中壢,2023-02-24,9285
2610,華航,56,24,32,凱基-中壢,2023-02-24,9285
2457,飛宏,39,8,31,凱基-中壢,2023-02-24,9285
2498,宏達電,90,61,29,凱基-中壢,2023-02-24,9285
6016,康和證,30,3,27,凱基-中壢,2023-02-24,9285
2388,威盛,117,90,27,凱基-中壢,2023-02-24,9285
5512,力麒,28,2,26,凱基-中壢,2023-02-24,9285
3520,華盈,30,4,26,凱基-中壢,2023-02-24,9285
9945,潤泰新,26,1,25,凱基-中壢,2023-02-24,9285
1512,瑞利,23,0,23,凱基-中壢,2023-02-24,9285
8069,元太,34,12,22,凱基-中壢,2023-02-24,9285
4133,亞諾法,22,0,22,凱基-中壢,2023-02-24,9285
2317,鴻海,30,9,21,凱基-中壢,2023-02-24,9285
4174,浩鼎,22,1,21,凱基-中壢,2023-02-24,9285
6120,達運,21,0,21,凱基-中壢,2023-02-24,9285
3094,聯傑,44,23,21,凱基-中壢,2023-02-24,9285
6235,華孚,43,22,21,凱基-中壢,2023-02-24,9285
2906,高林,20,0,20,凱基-中壢,2023-02-24,9285
8046,南電,22,3,19,凱基-中壢,2023-02-24,9285
5315,光聯,20,2,18,凱基-中壢,2023-02-24,9285
3707,漢磊,22,5,17,凱基-中壢,2023-02-24,9285
2027,大成鋼,22,6,16,凱基-中壢,2023-02-24,9285
6531,愛普*,39,24,15,凱基-中壢,2023-02-24,9285
2425,承啟,30,15,15,凱基-中壢,2023-02-24,9285
5211,蒙恬,15,0,15,凱基-中壢,2023-02-24,9285
912000,晨訊科-DR,15,0,15,凱基-中壢,2023-02-24,9285
0056,元大高股息,49,35,14,凱基-中壢,2023-02-24,9285
2634,漢翔,17,3,14,凱基-中壢,2023-02-24,9285
00772B,中信高評級公司債,491,4,487,凱基-中壢,2023-03-01,9285
00878,國泰永續高股息,248,9,239,凱基-中壢,2023-03-01,9285
1605,華新,202,41,161,凱基-中壢,2023-03-01,9285
00665L,富邦�琤肭磪囓�2,85,0,85,凱基-中壢,2023-03-01,9285
00720B,元大投資級公司債,77,0,77,凱基-中壢,2023-03-01,9285
00651R,復華香港反1,65,0,65,凱基-中壢,2023-03-01,9285
2388,威盛,121,58,63,凱基-中壢,2023-03-01,9285
2610,華航,77,22,55,凱基-中壢,2023-03-01,9285
2002,中鋼,56,1,55,凱基-中壢,2023-03-01,9285
00885,富邦越南,57,4,53,凱基-中壢,2023-03-01,9285
3466,德晉,45,0,45,凱基-中壢,2023-03-01,9285
2867,三商壽,44,0,44,凱基-中壢,2023-03-01,9285
2032,新鋼,43,0,43,凱基-中壢,2023-03-01,9285
4763,材料-KY,45,4,41,凱基-中壢,2023-03-01,9285
2641,正德,61,21,40,凱基-中壢,2023-03-01,9285
2344,華邦電,41,5,36,凱基-中壢,2023-03-01,9285
4702,中美實,36,0,36,凱基-中壢,2023-03-01,9285
1709,和益,36,0,36,凱基-中壢,2023-03-01,9285
00680L,元大美債20正2,32,0,32,凱基-中壢,2023-03-01,9285
2618,長榮航,44,12,32,凱基-中壢,2023-03-01,9285
8033,雷虎,47,16,31,凱基-中壢,2023-03-01,9285
4175,杏一,31,0,31,凱基-中壢,2023-03-01,9285
1909,榮成,31,0,31,凱基-中壢,2023-03-01,9285
00751B,元大AAA至A公司債,30,0,30,凱基-中壢,2023-03-01,9285
2014,中鴻,44,15,29,凱基-中壢,2023-03-01,9285
0056,元大高股息,34,5,29,凱基-中壢,2023-03-01,9285
3481,群創,84,57,27,凱基-中壢,2023-03-01,9285
2883,凱基金,28,2,26,凱基-中壢,2023-03-01,9285
2882,國泰金,28,3,25,凱基-中壢,2023-03-01,9285
2897,王道銀行,25,0,25,凱基-中壢,2023-03-01,9285
1101,台泥,45,20,25,凱基-中壢,2023-03-01,9285
2606,裕民,61,38,23,凱基-中壢,2023-03-01,9285
2884,玉山金,23,1,22,凱基-中壢,2023-03-01,9285
2892,第一金,23,2,21,凱基-中壢,2023-03-01,9285
00712,復華富時不動產,43,23,20,凱基-中壢,2023-03-01,9285
3024,憶聲,20,0,20,凱基-中壢,2023-03-01,9285
8112,至上,19,0,19,凱基-中壢,2023-03-01,9285
3583,辛耘,20,1,19,凱基-中壢,2023-03-01,9285
2498,宏達電,43,26,17,凱基-中壢,2023-03-01,9285
5425,台半,23,6,17,凱基-中壢,2023-03-01,9285
3520,華盈,17,1,16,凱基-中壢,2023-03-01,9285
2812,台中銀,16,0,16,凱基-中壢,2023-03-01,9285
5009,榮剛,27,11,16,凱基-中壢,2023-03-01,9285
2371,大同,15,0,15,凱基-中壢,2023-03-01,9285
2534,宏盛,15,0,15,凱基-中壢,2023-03-01,9285
1712,興農,15,0,15,凱基-中壢,2023-03-01,9285
2887,台新金,28,13,15,凱基-中壢,2023-03-01,9285
4967,十銓,25,11,14,凱基-中壢,2023-03-01,9285
2736,富野,15,1,14,凱基-中壢,2023-03-01,9285
3033,威健,13,0,13,凱基-中壢,2023-03-01,9285
00878,國泰永續高股息,385,139,246,凱基-中壢,2023-03-02,9285
00712,復華富時不動產,79,0,79,凱基-中壢,2023-03-02,9285
2886,兆豐金,75,12,63,凱基-中壢,2023-03-02,9285
00665L,富邦�琤肭磪囓�2,72,10,62,凱基-中壢,2023-03-02,9285
3042,晶技,63,1,62,凱基-中壢,2023-03-02,9285
2883,凱基金,76,22,54,凱基-中壢,2023-03-02,9285
2201,裕隆,56,11,45,凱基-中壢,2023-03-02,9285
3481,群創,61,18,43,凱基-中壢,2023-03-02,9285
00720B,元大投資級公司債,42,0,42,凱基-中壢,2023-03-02,9285
5512,力麒,47,6,41,凱基-中壢,2023-03-02,9285
00637L,元大滬深300正2,80,39,41,凱基-中壢,2023-03-02,9285
1709,和益,45,5,40,凱基-中壢,2023-03-02,9285
6290,良維,45,8,37,凱基-中壢,2023-03-02,9285
1605,華新,131,99,32,凱基-中壢,2023-03-02,9285
1101,台泥,47,17,30,凱基-中壢,2023-03-02,9285
2834,臺企銀,45,15,30,凱基-中壢,2023-03-02,9285
2611,志信,29,0,29,凱基-中壢,2023-03-02,9285
2032,新鋼,28,0,28,凱基-中壢,2023-03-02,9285
2605,新興,70,42,28,凱基-中壢,2023-03-02,9285
00713,元大台灣高息低波,26,0,26,凱基-中壢,2023-03-02,9285
00772B,中信高評級公司債,25,0,25,凱基-中壢,2023-03-02,9285
3189,景碩,28,4,24,凱基-中壢,2023-03-02,9285
2892,第一金,24,1,23,凱基-中壢,2023-03-02,9285
1503,士電,24,1,23,凱基-中壢,2023-03-02,9285
2867,三商壽,42,20,22,凱基-中壢,2023-03-02,9285
2707,晶華,37,15,22,凱基-中壢,2023-03-02,9285
4174,浩鼎,21,0,21,凱基-中壢,2023-03-02,9285
2812,台中銀,20,0,20,凱基-中壢,2023-03-02,9285
4930,燦星網,20,0,20,凱基-中壢,2023-03-02,9285
2498,宏達電,61,42,19,凱基-中壢,2023-03-02,9285
2337,旺宏,23,4,19,凱基-中壢,2023-03-02,9285
00882,中信中國高股息,23,5,18,凱基-中壢,2023-03-02,9285
8112,至上,22,4,18,凱基-中壢,2023-03-02,9285
00900,富邦特選高股息30,37,21,16,凱基-中壢,2023-03-02,9285
00885,富邦越南,16,0,16,凱基-中壢,2023-03-02,9285
00679B,元大美債20年,15,0,15,凱基-中壢,2023-03-02,9285
3617,碩天,22,7,15,凱基-中壢,2023-03-02,9285
3094,聯傑,16,1,15,凱基-中壢,2023-03-02,9285
2453,凌群,18,3,15,凱基-中壢,2023-03-02,9285
5315,光聯,17,3,14,凱基-中壢,2023-03-02,9285
2618,長榮航,16,2,14,凱基-中壢,2023-03-02,9285
00751B,元大AAA至A公司債,14,0,14,凱基-中壢,2023-03-02,9285
2617,台航,15,1,14,凱基-中壢,2023-03-02,9285
00670L,富邦NASDAQ正2,14,0,14,凱基-中壢,2023-03-02,9285
6417,韋僑,14,0,14,凱基-中壢,2023-03-02,9285
2612,中航,14,0,14,凱基-中壢,2023-03-02,9285
6811,宏�硌穈T,16,3,13,凱基-中壢,2023-03-02,9285
2891,中信金,12,0,12,凱基-中壢,2023-03-02,9285
2317,鴻海,14,2,12,凱基-中壢,2023-03-02,9285
00902,中信電池及儲能,12,0,12,凱基-中壢,2023-03-02,9285
00632R,元大台灣50反1,271,50,221,凱基-中壢,2023-03-03,9285
2363,矽統,122,4,118,凱基-中壢,2023-03-03,9285
1513,中興電,195,96,99,凱基-中壢,2023-03-03,9285
8176,智捷,82,1,81,凱基-中壢,2023-03-03,9285
8112,至上,75,5,70,凱基-中壢,2023-03-03,9285
1605,華新,111,42,69,凱基-中壢,2023-03-03,9285
3042,晶技,57,0,57,凱基-中壢,2023-03-03,9285
00720B,元大投資級公司債,46,0,46,凱基-中壢,2023-03-03,9285
3466,德晉,40,0,40,凱基-中壢,2023-03-03,9285
5009,榮剛,47,14,33,凱基-中壢,2023-03-03,9285
2913,農林,34,3,31,凱基-中壢,2023-03-03,9285
00712,復華富時不動產,32,2,30,凱基-中壢,2023-03-03,9285
3707,漢磊,60,30,30,凱基-中壢,2023-03-03,9285
2609,陽明,79,50,29,凱基-中壢,2023-03-03,9285
2610,華航,40,14,26,凱基-中壢,2023-03-03,9285
3380,明泰,26,0,26,凱基-中壢,2023-03-03,9285
2457,飛宏,72,48,24,凱基-中壢,2023-03-03,9285
5512,力麒,30,7,23,凱基-中壢,2023-03-03,9285
6290,良維,27,4,23,凱基-中壢,2023-03-03,9285
2313,華通,27,5,22,凱基-中壢,2023-03-03,9285
2611,志信,20,0,20,凱基-中壢,2023-03-03,9285
4923,力士,18,0,18,凱基-中壢,2023-03-03,9285
2601,益航,28,10,18,凱基-中壢,2023-03-03,9285
2314,台揚,20,3,17,凱基-中壢,2023-03-03,9285
6235,華孚,104,87,17,凱基-中壢,2023-03-03,9285
2471,資通,23,7,16,凱基-中壢,2023-03-03,9285
4510,高鋒,16,0,16,凱基-中壢,2023-03-03,9285
1475,業旺,16,0,16,凱基-中壢,2023-03-03,9285
4174,浩鼎,16,0,16,凱基-中壢,2023-03-03,9285
3169,亞信,28,13,15,凱基-中壢,2023-03-03,9285
912000,晨訊科-DR,15,0,15,凱基-中壢,2023-03-03,9285
2419,仲琦,14,0,14,凱基-中壢,2023-03-03,9285
00890B,凱基ESG BBB債,14,0,14,凱基-中壢,2023-03-03,9285
6715,嘉基,17,3,14,凱基-中壢,2023-03-03,9285
2498,宏達電,32,19,13,凱基-中壢,2023-03-03,9285
2886,兆豐金,17,4,13,凱基-中壢,2023-03-03,9285
2812,台中銀,13,0,13,凱基-中壢,2023-03-03,9285
4167,松瑞藥,13,0,13,凱基-中壢,2023-03-03,9285
4142,國光生,13,0,13,凱基-中壢,2023-03-03,9285
1504,東元,15,2,13,凱基-中壢,2023-03-03,9285
6530,創威,13,0,13,凱基-中壢,2023-03-03,9285
2641,正德,22,10,12,凱基-中壢,2023-03-03,9285
2388,威盛,43,31,12,凱基-中壢,2023-03-03,9285
2892,第一金,12,0,12,凱基-中壢,2023-03-03,9285
6282,康舒,39,27,12,凱基-中壢,2023-03-03,9285
4953,緯軟,13,1,12,凱基-中壢,2023-03-03,9285
8110,華東,13,1,12,凱基-中壢,2023-03-03,9285
00885,富邦越南,22,10,12,凱基-中壢,2023-03-03,9285
00878,國泰永續高股息,78,67,11,凱基-中壢,2023-03-03,9285
6547,高端疫苗,12,1,11,凱基-中壢,2023-03-03,9285
00673R,期元大S＆P原油反1,262,0,262,凱基-中壢,2023-03-06,9285
00632R,元大台灣50反1,186,26,160,凱基-中壢,2023-03-06,9285
1434,福懋,102,2,100,凱基-中壢,2023-03-06,9285
2609,陽明,147,53,94,凱基-中壢,2023-03-06,9285
2634,漢翔,91,6,85,凱基-中壢,2023-03-06,9285
2637,慧洋-KY,91,18,73,凱基-中壢,2023-03-06,9285
2344,華邦電,77,17,60,凱基-中壢,2023-03-06,9285
6188,廣明,63,4,59,凱基-中壢,2023-03-06,9285
5009,榮剛,60,3,57,凱基-中壢,2023-03-06,9285
6282,康舒,119,67,52,凱基-中壢,2023-03-06,9285
3042,晶技,46,2,44,凱基-中壢,2023-03-06,9285
00633L,富邦上証正2,43,0,43,凱基-中壢,2023-03-06,9285
2611,志信,42,2,40,凱基-中壢,2023-03-06,9285
2061,風青,40,0,40,凱基-中壢,2023-03-06,9285
00885,富邦越南,38,1,37,凱基-中壢,2023-03-06,9285
3576,聯合再生,35,1,34,凱基-中壢,2023-03-06,9285
3128,昇銳,38,6,32,凱基-中壢,2023-03-06,9285
2834,臺企銀,57,25,32,凱基-中壢,2023-03-06,9285
8033,雷虎,55,25,30,凱基-中壢,2023-03-06,9285
1909,榮成,60,30,30,凱基-中壢,2023-03-06,9285
2484,希華,32,2,30,凱基-中壢,2023-03-06,9285
1605,華新,84,56,28,凱基-中壢,2023-03-06,9285
1524,耿鼎,30,3,27,凱基-中壢,2023-03-06,9285
2032,新鋼,27,0,27,凱基-中壢,2023-03-06,9285
00882,中信中國高股息,28,3,25,凱基-中壢,2023-03-06,9285
00713,元大台灣高息低波,25,2,23,凱基-中壢,2023-03-06,9285
1712,興農,23,0,23,凱基-中壢,2023-03-06,9285
1718,中纖,23,0,23,凱基-中壢,2023-03-06,9285
00712,復華富時不動產,29,6,23,凱基-中壢,2023-03-06,9285
2211,長榮鋼,31,10,21,凱基-中壢,2023-03-06,9285
00852L,國泰美國道瓊正2,20,0,20,凱基-中壢,2023-03-06,9285
2337,旺宏,19,0,19,凱基-中壢,2023-03-06,9285
3356,奇偶,41,22,19,凱基-中壢,2023-03-06,9285
8096,擎亞,19,0,19,凱基-中壢,2023-03-06,9285
1215,卜蜂,29,11,18,凱基-中壢,2023-03-06,9285
4114,健喬,25,7,18,凱基-中壢,2023-03-06,9285
1708,東鹼,51,34,17,凱基-中壢,2023-03-06,9285
2464,盟立,16,0,16,凱基-中壢,2023-03-06,9285
3049,精金,16,0,16,凱基-中壢,2023-03-06,9285
6140,訊達,18,2,16,凱基-中壢,2023-03-06,9285
2891,中信金,17,2,15,凱基-中壢,2023-03-06,9285
2867,三商壽,20,5,15,凱基-中壢,2023-03-06,9285
2332,友訊,17,2,15,凱基-中壢,2023-03-06,9285
8110,華東,16,1,15,凱基-中壢,2023-03-06,9285
00772B,中信高評級公司債,19,5,14,凱基-中壢,2023-03-06,9285
5608,四維航,60,46,14,凱基-中壢,2023-03-06,9285
1709,和益,15,1,14,凱基-中壢,2023-03-06,9285
8176,智捷,19,5,14,凱基-中壢,2023-03-06,9285
1539,巨庭,16,2,14,凱基-中壢,2023-03-06,9285
2017,官田鋼,17,3,14,凱基-中壢,2023-03-06,9285
00673R,期元大S＆P原油反1,245,0,245,凱基-中壢,2023-03-07,9285
1609,大亞,200,18,182,凱基-中壢,2023-03-07,9285
00885,富邦越南,102,11,91,凱基-中壢,2023-03-07,9285
00900,富邦特選高股息30,111,29,82,凱基-中壢,2023-03-07,9285
3011,今皓,69,0,69,凱基-中壢,2023-03-07,9285
3576,聯合再生,66,3,63,凱基-中壢,2023-03-07,9285
1513,中興電,128,66,62,凱基-中壢,2023-03-07,9285
00642U,期元大S＆P石油,67,8,59,凱基-中壢,2023-03-07,9285
4174,浩鼎,54,0,54,凱基-中壢,2023-03-07,9285
5512,力麒,45,2,43,凱基-中壢,2023-03-07,9285
8927,北基,42,2,40,凱基-中壢,2023-03-07,9285
6235,華孚,97,64,33,凱基-中壢,2023-03-07,9285
00665L,富邦�琤肭磪囓�2,32,0,32,凱基-中壢,2023-03-07,9285
2323,中環,31,0,31,凱基-中壢,2023-03-07,9285
1101,台泥,32,1,31,凱基-中壢,2023-03-07,9285
2344,華邦電,33,3,30,凱基-中壢,2023-03-07,9285
3029,零壹,37,9,28,凱基-中壢,2023-03-07,9285
3693,營邦,27,0,27,凱基-中壢,2023-03-07,9285
00712,復華富時不動產,24,0,24,凱基-中壢,2023-03-07,9285
6548,長科*,31,8,23,凱基-中壢,2023-03-07,9285
6290,良維,25,2,23,凱基-中壢,2023-03-07,9285
8358,金居,23,1,22,凱基-中壢,2023-03-07,9285
3625,西勝,22,1,21,凱基-中壢,2023-03-07,9285
00902,中信電池及儲能,20,0,20,凱基-中壢,2023-03-07,9285
5315,光聯,20,0,20,凱基-中壢,2023-03-07,9285
5371,中光電,30,10,20,凱基-中壢,2023-03-07,9285
8462,柏文,20,1,19,凱基-中壢,2023-03-07,9285
2332,友訊,20,1,19,凱基-中壢,2023-03-07,9285
6693,廣閎科,19,0,19,凱基-中壢,2023-03-07,9285
4967,十銓,22,5,17,凱基-中壢,2023-03-07,9285
1712,興農,17,0,17,凱基-中壢,2023-03-07,9285
00720B,元大投資級公司債,16,0,16,凱基-中壢,2023-03-07,9285
00679B,元大美債20年,15,0,15,凱基-中壢,2023-03-07,9285
9941,裕融,15,0,15,凱基-中壢,2023-03-07,9285
3022,威強電,16,1,15,凱基-中壢,2023-03-07,9285
00730,富邦臺灣優質高息,15,0,15,凱基-中壢,2023-03-07,9285
2486,一詮,26,11,15,凱基-中壢,2023-03-07,9285
00637L,元大滬深300正2,15,0,15,凱基-中壢,2023-03-07,9285
3058,立德,15,0,15,凱基-中壢,2023-03-07,9285
3504,揚明光,17,3,14,凱基-中壢,2023-03-07,9285
4923,力士,14,0,14,凱基-中壢,2023-03-07,9285
3037,欣興,16,3,13,凱基-中壢,2023-03-07,9285
6443,元晶,27,14,13,凱基-中壢,2023-03-07,9285
3498,陽程,13,0,13,凱基-中壢,2023-03-07,9285
8110,華東,22,10,12,凱基-中壢,2023-03-07,9285
3189,景碩,18,6,12,凱基-中壢,2023-03-07,9285
8222,寶一,26,14,12,凱基-中壢,2023-03-07,9285
3380,明泰,19,7,12,凱基-中壢,2023-03-07,9285
3042,晶技,12,0,12,凱基-中壢,2023-03-07,9285
6233,旺玖,13,2,11,凱基-中壢,2023-03-07,9285
00637L,元大滬深300正2,291,55,236,凱基-中壢,2023-03-08,9285
1709,和益,137,7,130,凱基-中壢,2023-03-08,9285
1514,亞力,137,26,111,凱基-中壢,2023-03-08,9285
1524,耿鼎,119,12,107,凱基-中壢,2023-03-08,9285
6417,韋僑,105,7,98,凱基-中壢,2023-03-08,9285
00772B,中信高評級公司債,81,0,81,凱基-中壢,2023-03-08,9285
00650L,復華香港正2,75,0,75,凱基-中壢,2023-03-08,9285
00632R,元大台灣50反1,71,0,71,凱基-中壢,2023-03-08,9285
3362,先進光,90,25,65,凱基-中壢,2023-03-08,9285
3013,晟銘電,65,5,60,凱基-中壢,2023-03-08,9285
2634,漢翔,151,93,58,凱基-中壢,2023-03-08,9285
00676R,富邦臺灣加權反1,50,0,50,凱基-中壢,2023-03-08,9285
00878,國泰永續高股息,116,68,48,凱基-中壢,2023-03-08,9285
8933,愛地雅,41,0,41,凱基-中壢,2023-03-08,9285
3591,艾笛森,44,4,40,凱基-中壢,2023-03-08,9285
911868,同方友友-DR,40,0,40,凱基-中壢,2023-03-08,9285
6129,普誠,51,13,38,凱基-中壢,2023-03-08,9285
6282,康舒,100,65,35,凱基-中壢,2023-03-08,9285
4114,健喬,38,4,34,凱基-中壢,2023-03-08,9285
6285,啟��,35,1,34,凱基-中壢,2023-03-08,9285
6235,華孚,102,70,32,凱基-中壢,2023-03-08,9285
2890,永豐金,31,0,31,凱基-中壢,2023-03-08,9285
00631L,元大台灣50正2,30,0,30,凱基-中壢,2023-03-08,9285
3652,精聯,73,43,30,凱基-中壢,2023-03-08,9285
00665L,富邦�琤肭磪囓�2,240,210,30,凱基-中壢,2023-03-08,9285
8401,白紗科,30,0,30,凱基-中壢,2023-03-08,9285
2371,大同,34,6,28,凱基-中壢,2023-03-08,9285
2851,中再保,26,0,26,凱基-中壢,2023-03-08,9285
00881,國泰台灣5G+,27,1,26,凱基-中壢,2023-03-08,9285
3093,港建*,34,9,25,凱基-中壢,2023-03-08,9285
3356,奇偶,26,2,24,凱基-中壢,2023-03-08,9285
2481,強茂,32,8,24,凱基-中壢,2023-03-08,9285
2606,裕民,25,2,23,凱基-中壢,2023-03-08,9285
5425,台半,43,21,22,凱基-中壢,2023-03-08,9285
00882,中信中國高股息,22,0,22,凱基-中壢,2023-03-08,9285
5388,中磊,25,3,22,凱基-中壢,2023-03-08,9285
3114,好德,22,0,22,凱基-中壢,2023-03-08,9285
1504,東元,33,12,21,凱基-中壢,2023-03-08,9285
00902,中信電池及儲能,20,0,20,凱基-中壢,2023-03-08,9285
6142,友勁,22,2,20,凱基-中壢,2023-03-08,9285
8049,晶采,20,0,20,凱基-中壢,2023-03-08,9285
00634R,富邦上証反1,20,0,20,凱基-中壢,2023-03-08,9285
0056,元大高股息,41,22,19,凱基-中壢,2023-03-08,9285
00713,元大台灣高息低波,19,0,19,凱基-中壢,2023-03-08,9285
2498,宏達電,43,24,19,凱基-中壢,2023-03-08,9285
3019,亞光,26,8,18,凱基-中壢,2023-03-08,9285
2891,中信金,17,0,17,凱基-中壢,2023-03-08,9285
4174,浩鼎,17,0,17,凱基-中壢,2023-03-08,9285
00633L,富邦上証正2,26,9,17,凱基-中壢,2023-03-08,9285
00752,中信中國50,16,0,16,凱基-中壢,2023-03-08,9285
2359,所羅門,199,61,138,凱基-中壢,2023-03-09,9285
2610,華航,139,38,101,凱基-中壢,2023-03-09,9285
00650L,復華香港正2,92,0,92,凱基-中壢,2023-03-09,9285
5211,蒙恬,101,11,90,凱基-中壢,2023-03-09,9285
00715L,期街口布蘭特正2,80,0,80,凱基-中壢,2023-03-09,9285
2489,瑞軒,160,81,79,凱基-中壢,2023-03-09,9285
3114,好德,74,0,74,凱基-中壢,2023-03-09,9285
2313,華通,73,0,73,凱基-中壢,2023-03-09,9285
1609,大亞,98,26,72,凱基-中壢,2023-03-09,9285
3481,群創,108,37,71,凱基-中壢,2023-03-09,9285
911868,同方友友-DR,70,0,70,凱基-中壢,2023-03-09,9285
3045,台灣大,68,0,68,凱基-中壢,2023-03-09,9285
2890,永豐金,68,1,67,凱基-中壢,2023-03-09,9285
2402,毅嘉,65,3,62,凱基-中壢,2023-03-09,9285
2409,友達,80,20,60,凱基-中壢,2023-03-09,9285
00881,國泰台灣5G+,51,1,50,凱基-中壢,2023-03-09,9285
00665L,富邦�琤肭磪囓�2,50,0,50,凱基-中壢,2023-03-09,9285
2634,漢翔,87,39,48,凱基-中壢,2023-03-09,9285
8222,寶一,81,34,47,凱基-中壢,2023-03-09,9285
2641,正德,57,11,46,凱基-中壢,2023-03-09,9285
0056,元大高股息,45,1,44,凱基-中壢,2023-03-09,9285
2344,華邦電,80,39,41,凱基-中壢,2023-03-09,9285
5009,榮剛,43,5,38,凱基-中壢,2023-03-09,9285
8930,青鋼,35,0,35,凱基-中壢,2023-03-09,9285
2618,長榮航,78,46,32,凱基-中壢,2023-03-09,9285
5312,寶島科,32,0,32,凱基-中壢,2023-03-09,9285
2883,凱基金,35,3,32,凱基-中壢,2023-03-09,9285
8049,晶采,30,0,30,凱基-中壢,2023-03-09,9285
00706L,期元大S＆P日圓正2,30,0,30,凱基-中壢,2023-03-09,9285
3059,華晶科,33,5,28,凱基-中壢,2023-03-09,9285
4960,誠美材,25,0,25,凱基-中壢,2023-03-09,9285
3701,大眾控,41,17,24,凱基-中壢,2023-03-09,9285
00713,元大台灣高息低波,23,0,23,凱基-中壢,2023-03-09,9285
6129,普誠,47,24,23,凱基-中壢,2023-03-09,9285
6684,安格,24,1,23,凱基-中壢,2023-03-09,9285
2002,中鋼,23,1,22,凱基-中壢,2023-03-09,9285
2880,華南金,22,0,22,凱基-中壢,2023-03-09,9285
1460,宏遠,22,0,22,凱基-中壢,2023-03-09,9285
6125,廣運,22,0,22,凱基-中壢,2023-03-09,9285
3290,東浦,26,4,22,凱基-中壢,2023-03-09,9285
3207,耀勝,31,10,21,凱基-中壢,2023-03-09,9285
1513,中興電,108,87,21,凱基-中壢,2023-03-09,9285
8936,國統,30,10,20,凱基-中壢,2023-03-09,9285
6244,茂迪,21,1,20,凱基-中壢,2023-03-09,9285
6417,韋僑,23,3,20,凱基-中壢,2023-03-09,9285
2317,鴻海,24,5,19,凱基-中壢,2023-03-09,9285
3289,宜特,24,5,19,凱基-中壢,2023-03-09,9285
2367,燿華,20,1,19,凱基-中壢,2023-03-09,9285
5388,中磊,20,1,19,凱基-中壢,2023-03-09,9285
8927,北基,20,2,18,凱基-中壢,2023-03-09,9285
00878,國泰永續高股息,521,71,450,凱基-中壢,2023-03-10,9285
00715L,期街口布蘭特正2,381,0,381,凱基-中壢,2023-03-10,9285
2610,華航,278,63,215,凱基-中壢,2023-03-10,9285
00650L,復華香港正2,102,0,102,凱基-中壢,2023-03-10,9285
2609,陽明,342,254,88,凱基-中壢,2023-03-10,9285
1513,中興電,125,39,86,凱基-中壢,2023-03-10,9285
2618,長榮航,106,32,74,凱基-中壢,2023-03-10,9285
2883,凱基金,99,30,69,凱基-中壢,2023-03-10,9285
2887,台新金,62,0,62,凱基-中壢,2023-03-10,9285
6129,普誠,63,4,59,凱基-中壢,2023-03-10,9285
3189,景碩,61,4,57,凱基-中壢,2023-03-10,9285
8069,元太,60,4,56,凱基-中壢,2023-03-10,9285
2344,華邦電,64,8,56,凱基-中壢,2023-03-10,9285
1609,大亞,59,4,55,凱基-中壢,2023-03-10,9285
3362,先進光,56,2,54,凱基-中壢,2023-03-10,9285
00900,富邦特選高股息30,87,33,54,凱基-中壢,2023-03-10,9285
00923,群益台ESG低碳50,55,1,54,凱基-中壢,2023-03-10,9285
00882,中信中國高股息,57,4,53,凱基-中壢,2023-03-10,9285
4142,國光生,55,4,51,凱基-中壢,2023-03-10,9285
2388,威盛,138,90,48,凱基-中壢,2023-03-10,9285
00713,元大台灣高息低波,42,0,42,凱基-中壢,2023-03-10,9285
2884,玉山金,42,3,39,凱基-中壢,2023-03-10,9285
00712,復華富時不動產,39,1,38,凱基-中壢,2023-03-10,9285
3013,晟銘電,57,21,36,凱基-中壢,2023-03-10,9285
3141,晶宏,39,3,36,凱基-中壢,2023-03-10,9285
3037,欣興,51,16,35,凱基-中壢,2023-03-10,9285
2888,新光金,38,4,34,凱基-中壢,2023-03-10,9285
00902,中信電池及儲能,36,3,33,凱基-中壢,2023-03-10,9285
2368,金像電,41,8,33,凱基-中壢,2023-03-10,9285
00642U,期元大S＆P石油,30,0,30,凱基-中壢,2023-03-10,9285
2641,正德,33,3,30,凱基-中壢,2023-03-10,9285
2498,宏達電,53,25,28,凱基-中壢,2023-03-10,9285
3265,台星科,33,5,28,凱基-中壢,2023-03-10,9285
00881,國泰台灣5G+,29,2,27,凱基-中壢,2023-03-10,9285
2886,兆豐金,26,1,25,凱基-中壢,2023-03-10,9285
3520,華盈,25,0,25,凱基-中壢,2023-03-10,9285
6116,彩晶,26,1,25,凱基-中壢,2023-03-10,9285
9907,統一實,25,0,25,凱基-中壢,2023-03-10,9285
2201,裕隆,47,23,24,凱基-中壢,2023-03-10,9285
2891,中信金,29,5,24,凱基-中壢,2023-03-10,9285
2882,國泰金,34,10,24,凱基-中壢,2023-03-10,9285
3413,京鼎,23,0,23,凱基-中壢,2023-03-10,9285
2014,中鴻,26,3,23,凱基-中壢,2023-03-10,9285
8234,新漢,23,0,23,凱基-中壢,2023-03-10,9285
5425,台半,48,26,22,凱基-中壢,2023-03-10,9285
2630,亞航,22,0,22,凱基-中壢,2023-03-10,9285
4564,元翎,22,0,22,凱基-中壢,2023-03-10,9285
2409,友達,45,24,21,凱基-中壢,2023-03-10,9285
0056,元大高股息,60,39,21,凱基-中壢,2023-03-10,9285
1514,亞力,30,9,21,凱基-中壢,2023-03-10,9285
00632R,元大台灣50反1,408,103,305,凱基-中壢,2023-03-13,9285
00878,國泰永續高股息,492,195,297,凱基-中壢,2023-03-13,9285
00664R,國泰臺灣加權反1,200,0,200,凱基-中壢,2023-03-13,9285
00676R,富邦臺灣加權反1,150,0,150,凱基-中壢,2023-03-13,9285
4906,正文,133,0,133,凱基-中壢,2023-03-13,9285
00712,復華富時不動產,88,3,85,凱基-中壢,2023-03-13,9285
2606,裕民,76,2,74,凱基-中壢,2023-03-13,9285
00715L,期街口布蘭特正2,109,46,63,凱基-中壢,2023-03-13,9285
3703,欣陸,61,2,59,凱基-中壢,2023-03-13,9285
2609,陽明,170,116,54,凱基-中壢,2023-03-13,9285
2457,飛宏,151,101,50,凱基-中壢,2023-03-13,9285
00885,富邦越南,48,0,48,凱基-中壢,2023-03-13,9285
2402,毅嘉,55,8,47,凱基-中壢,2023-03-13,9285
2727,王品,48,3,45,凱基-中壢,2023-03-13,9285
5315,光聯,39,3,36,凱基-中壢,2023-03-13,9285
00633L,富邦上証正2,32,0,32,凱基-中壢,2023-03-13,9285
2883,凱基金,54,24,30,凱基-中壢,2023-03-13,9285
6104,創惟,54,25,29,凱基-中壢,2023-03-13,9285
6770,力積電,32,4,28,凱基-中壢,2023-03-13,9285
00720B,元大投資級公司債,28,0,28,凱基-中壢,2023-03-13,9285
2344,華邦電,63,36,27,凱基-中壢,2023-03-13,9285
2887,台新金,31,4,27,凱基-中壢,2023-03-13,9285
1714,和桐,26,0,26,凱基-中壢,2023-03-13,9285
2884,玉山金,38,12,26,凱基-中壢,2023-03-13,9285
2891,中信金,29,4,25,凱基-中壢,2023-03-13,9285
00665L,富邦�琤肭磪囓�2,25,0,25,凱基-中壢,2023-03-13,9285
2615,萬海,48,24,24,凱基-中壢,2023-03-13,9285
00902,中信電池及儲能,24,0,24,凱基-中壢,2023-03-13,9285
00713,元大台灣高息低波,35,11,24,凱基-中壢,2023-03-13,9285
1519,華城,38,15,23,凱基-中壢,2023-03-13,9285
00905,FT臺灣Smart,22,0,22,凱基-中壢,2023-03-13,9285
3617,碩天,30,10,20,凱基-中壢,2023-03-13,9285
3236,千如,30,11,19,凱基-中壢,2023-03-13,9285
2888,新光金,21,2,19,凱基-中壢,2023-03-13,9285
3712,永崴投控,33,14,19,凱基-中壢,2023-03-13,9285
6578,達邦蛋白,18,0,18,凱基-中壢,2023-03-13,9285
2359,所羅門,155,138,17,凱基-中壢,2023-03-13,9285
1762,中化生,21,4,17,凱基-中壢,2023-03-13,9285
1605,華新,85,69,16,凱基-中壢,2023-03-13,9285
2851,中再保,16,0,16,凱基-中壢,2023-03-13,9285
2498,宏達電,30,15,15,凱基-中壢,2023-03-13,9285
00753L,中信中國50正2,15,0,15,凱基-中壢,2023-03-13,9285
3042,晶技,14,0,14,凱基-中壢,2023-03-13,9285
8933,愛地雅,18,5,13,凱基-中壢,2023-03-13,9285
2897,王道銀行,14,1,13,凱基-中壢,2023-03-13,9285
2211,長榮鋼,18,5,13,凱基-中壢,2023-03-13,9285
2636,台驊控股,18,5,13,凱基-中壢,2023-03-13,9285
4967,十銓,16,3,13,凱基-中壢,2023-03-13,9285
00908,富邦入息REITs+,12,0,12,凱基-中壢,2023-03-13,9285
2014,中鴻,12,0,12,凱基-中壢,2023-03-13,9285
00715L,期街口布蘭特正2,748,0,748,凱基-中壢,2023-03-14,9285
00878,國泰永續高股息,401,51,350,凱基-中壢,2023-03-14,9285
2887,台新金,227,40,187,凱基-中壢,2023-03-14,9285
00642U,期元大S＆P石油,171,0,171,凱基-中壢,2023-03-14,9285
2727,王品,166,7,159,凱基-中壢,2023-03-14,9285
3046,建��,150,58,92,凱基-中壢,2023-03-14,9285
00882,中信中國高股息,89,1,88,凱基-中壢,2023-03-14,9285
2489,瑞軒,80,0,80,凱基-中壢,2023-03-14,9285
2891,中信金,94,16,78,凱基-中壢,2023-03-14,9285
2610,華航,97,23,74,凱基-中壢,2023-03-14,9285
2618,長榮航,134,60,74,凱基-中壢,2023-03-14,9285
2886,兆豐金,73,1,72,凱基-中壢,2023-03-14,9285
2313,華通,70,0,70,凱基-中壢,2023-03-14,9285
00665L,富邦�琤肭磪囓�2,65,0,65,凱基-中壢,2023-03-14,9285
00632R,元大台灣50反1,115,61,54,凱基-中壢,2023-03-14,9285
00712,復華富時不動產,52,0,52,凱基-中壢,2023-03-14,9285
2303,聯電,69,19,50,凱基-中壢,2023-03-14,9285
00885,富邦越南,57,7,50,凱基-中壢,2023-03-14,9285
3062,建漢,54,4,50,凱基-中壢,2023-03-14,9285
2881,富邦金,55,7,48,凱基-中壢,2023-03-14,9285
0056,元大高股息,54,9,45,凱基-中壢,2023-03-14,9285
00902,中信電池及儲能,41,0,41,凱基-中壢,2023-03-14,9285
3481,群創,47,7,40,凱基-中壢,2023-03-14,9285
2888,新光金,45,5,40,凱基-中壢,2023-03-14,9285
00720B,元大投資級公司債,40,1,39,凱基-中壢,2023-03-14,9285
2601,益航,66,27,39,凱基-中壢,2023-03-14,9285
4763,材料-KY,42,5,37,凱基-中壢,2023-03-14,9285
5263,智崴,37,0,37,凱基-中壢,2023-03-14,9285
3209,全科,31,0,31,凱基-中壢,2023-03-14,9285
2409,友達,45,15,30,凱基-中壢,2023-03-14,9285
2884,玉山金,43,14,29,凱基-中壢,2023-03-14,9285
1605,華新,38,9,29,凱基-中壢,2023-03-14,9285
2634,漢翔,47,19,28,凱基-中壢,2023-03-14,9285
3652,精聯,28,2,26,凱基-中壢,2023-03-14,9285
4958,臻鼎-KY,30,5,25,凱基-中壢,2023-03-14,9285
2468,華經,25,1,24,凱基-中壢,2023-03-14,9285
2834,臺企銀,52,29,23,凱基-中壢,2023-03-14,9285
1455,集盛,23,0,23,凱基-中壢,2023-03-14,9285
1101,台泥,38,16,22,凱基-中壢,2023-03-14,9285
3707,漢磊,23,2,21,凱基-中壢,2023-03-14,9285
2754,亞洲藏壽司,20,0,20,凱基-中壢,2023-03-14,9285
1909,榮成,20,0,20,凱基-中壢,2023-03-14,9285
2537,聯上發,20,0,20,凱基-中壢,2023-03-14,9285
3346,麗清,20,0,20,凱基-中壢,2023-03-14,9285
3051,力特,20,1,19,凱基-中壢,2023-03-14,9285
00679B,元大美債20年,29,10,19,凱基-中壢,2023-03-14,9285
1512,瑞利,18,0,18,凱基-中壢,2023-03-14,9285
3701,大眾控,21,3,18,凱基-中壢,2023-03-14,9285
2897,王道銀行,20,2,18,凱基-中壢,2023-03-14,9285
2609,陽明,66,48,18,凱基-中壢,2023-03-14,9285
00715L,期街口布蘭特正2,838,0,838,凱基-中壢,2023-03-15,9285
4906,正文,230,0,230,凱基-中壢,2023-03-15,9285
00772B,中信高評級公司債,132,0,132,凱基-中壢,2023-03-15,9285
00878,國泰永續高股息,155,24,131,凱基-中壢,2023-03-15,9285
2884,玉山金,113,18,95,凱基-中壢,2023-03-15,9285
2891,中信金,87,2,85,凱基-中壢,2023-03-15,9285
2603,長榮,174,92,82,凱基-中壢,2023-03-15,9285
00637L,元大滬深300正2,100,20,80,凱基-中壢,2023-03-15,9285
00642U,期元大S＆P石油,68,1,67,凱基-中壢,2023-03-15,9285
5880,合庫金,61,1,60,凱基-中壢,2023-03-15,9285
2915,潤泰全,50,1,49,凱基-中壢,2023-03-15,9285
2457,飛宏,194,145,49,凱基-中壢,2023-03-15,9285
00753L,中信中國50正2,41,0,41,凱基-中壢,2023-03-15,9285
00632R,元大台灣50反1,100,60,40,凱基-中壢,2023-03-15,9285
00712,復華富時不動產,40,0,40,凱基-中壢,2023-03-15,9285
2887,台新金,49,11,38,凱基-中壢,2023-03-15,9285
00713,元大台灣高息低波,37,0,37,凱基-中壢,2023-03-15,9285
2727,王品,55,20,35,凱基-中壢,2023-03-15,9285
00720B,元大投資級公司債,35,0,35,凱基-中壢,2023-03-15,9285
3207,耀勝,37,3,34,凱基-中壢,2023-03-15,9285
1795,美時,45,12,33,凱基-中壢,2023-03-15,9285
3481,群創,36,4,32,凱基-中壢,2023-03-15,9285
2337,旺宏,32,1,31,凱基-中壢,2023-03-15,9285
8401,白紗科,30,0,30,凱基-中壢,2023-03-15,9285
2888,新光金,30,2,28,凱基-中壢,2023-03-15,9285
2388,威盛,60,33,27,凱基-中壢,2023-03-15,9285
6235,華孚,59,34,25,凱基-中壢,2023-03-15,9285
2889,國票金,57,33,24,凱基-中壢,2023-03-15,9285
2317,鴻海,24,2,22,凱基-中壢,2023-03-15,9285
3162,精確,50,28,22,凱基-中壢,2023-03-15,9285
2313,華通,24,3,21,凱基-中壢,2023-03-15,9285
00885,富邦越南,20,0,20,凱基-中壢,2023-03-15,9285
3583,辛耘,23,3,20,凱基-中壢,2023-03-15,9285
2883,凱基金,33,14,19,凱基-中壢,2023-03-15,9285
2867,三商壽,18,0,18,凱基-中壢,2023-03-15,9285
1611,中電,31,14,17,凱基-中壢,2023-03-15,9285
2371,大同,17,0,17,凱基-中壢,2023-03-15,9285
2017,官田鋼,18,1,17,凱基-中壢,2023-03-15,9285
2897,王道銀行,16,0,16,凱基-中壢,2023-03-15,9285
00665L,富邦�琤肭磪囓�2,15,0,15,凱基-中壢,2023-03-15,9285
5607,遠雄港,26,11,15,凱基-中壢,2023-03-15,9285
2031,新光鋼,18,3,15,凱基-中壢,2023-03-15,9285
5263,智崴,14,0,14,凱基-中壢,2023-03-15,9285
2890,永豐金,13,0,13,凱基-中壢,2023-03-15,9285
8222,寶一,19,6,13,凱基-中壢,2023-03-15,9285
5312,寶島科,13,0,13,凱基-中壢,2023-03-15,9285
3046,建��,56,44,12,凱基-中壢,2023-03-15,9285
1529,樂事綠能,12,0,12,凱基-中壢,2023-03-15,9285
0056,元大高股息,16,5,11,凱基-中壢,2023-03-15,9285
9955,佳龍,12,1,11,凱基-中壢,2023-03-15,9285
00715L,期街口布蘭特正2,949,9,940,凱基-中壢,2023-03-16,9285
2891,中信金,298,14,284,凱基-中壢,2023-03-16,9285
00878,國泰永續高股息,219,26,193,凱基-中壢,2023-03-16,9285
00642U,期元大S＆P石油,127,4,123,凱基-中壢,2023-03-16,9285
00712,復華富時不動產,130,11,119,凱基-中壢,2023-03-16,9285
3703,欣陸,105,0,105,凱基-中壢,2023-03-16,9285
00650L,復華香港正2,126,23,103,凱基-中壢,2023-03-16,9285
2884,玉山金,102,12,90,凱基-中壢,2023-03-16,9285
2618,長榮航,87,4,83,凱基-中壢,2023-03-16,9285
2610,華航,78,6,72,凱基-中壢,2023-03-16,9285
2888,新光金,83,13,70,凱基-中壢,2023-03-16,9285
2834,臺企銀,439,373,66,凱基-中壢,2023-03-16,9285
00680L,元大美債20正2,90,25,65,凱基-中壢,2023-03-16,9285
00664R,國泰臺灣加權反1,70,8,62,凱基-中壢,2023-03-16,9285
00720B,元大投資級公司債,81,21,60,凱基-中壢,2023-03-16,9285
00688L,國泰20年美債正2,63,13,50,凱基-中壢,2023-03-16,9285
1314,中石化,42,0,42,凱基-中壢,2023-03-16,9285
2204,中華,41,0,41,凱基-中壢,2023-03-16,9285
2603,長榮,64,26,38,凱基-中壢,2023-03-16,9285
2313,華通,36,0,36,凱基-中壢,2023-03-16,9285
00713,元大台灣高息低波,37,2,35,凱基-中壢,2023-03-16,9285
2201,裕隆,36,1,35,凱基-中壢,2023-03-16,9285
2402,毅嘉,75,43,32,凱基-中壢,2023-03-16,9285
1605,華新,54,25,29,凱基-中壢,2023-03-16,9285
3037,欣興,38,9,29,凱基-中壢,2023-03-16,9285
1447,力鵬,28,0,28,凱基-中壢,2023-03-16,9285
2727,王品,54,26,28,凱基-中壢,2023-03-16,9285
00900,富邦特選高股息30,26,1,25,凱基-中壢,2023-03-16,9285
1337,再生-KY,26,1,25,凱基-中壢,2023-03-16,9285
4904,遠傳,27,3,24,凱基-中壢,2023-03-16,9285
1519,華城,38,15,23,凱基-中壢,2023-03-16,9285
3264,欣銓,51,29,22,凱基-中壢,2023-03-16,9285
4958,臻鼎-KY,24,3,21,凱基-中壢,2023-03-16,9285
3058,立德,21,1,20,凱基-中壢,2023-03-16,9285
8401,白紗科,20,0,20,凱基-中壢,2023-03-16,9285
0050,元大台灣50,21,1,20,凱基-中壢,2023-03-16,9285
2330,台積電,20,1,19,凱基-中壢,2023-03-16,9285
6667,信紘科,24,5,19,凱基-中壢,2023-03-16,9285
2881,富邦金,43,24,19,凱基-中壢,2023-03-16,9285
1513,中興電,59,40,19,凱基-中壢,2023-03-16,9285
5315,光聯,18,0,18,凱基-中壢,2023-03-16,9285
4979,華星光,28,10,18,凱基-中壢,2023-03-16,9285
2851,中再保,18,0,18,凱基-中壢,2023-03-16,9285
9951,皇田,17,0,17,凱基-中壢,2023-03-16,9285
6643,M31,21,4,17,凱基-中壢,2023-03-16,9285
1762,中化生,17,0,17,凱基-中壢,2023-03-16,9285
2609,陽明,47,31,16,凱基-中壢,2023-03-16,9285
5880,合庫金,16,0,16,凱基-中壢,2023-03-16,9285
00637L,元大滬深300正2,214,199,15,凱基-中壢,2023-03-16,9285
912000,晨訊科-DR,15,0,15,凱基-中壢,2023-03-16,9285
00715L,期街口布蘭特正2,537,50,487,凱基-中壢,2023-03-17,9285
00637L,元大滬深300正2,506,75,431,凱基-中壢,2023-03-17,9285
2002,中鋼,158,28,130,凱基-中壢,2023-03-17,9285
1513,中興電,143,22,121,凱基-中壢,2023-03-17,9285
2359,所羅門,89,1,88,凱基-中壢,2023-03-17,9285
2891,中信金,81,0,81,凱基-中壢,2023-03-17,9285
2313,華通,74,1,73,凱基-中壢,2023-03-17,9285
5258,虹堡,81,11,70,凱基-中壢,2023-03-17,9285
00632R,元大台灣50反1,97,30,67,凱基-中壢,2023-03-17,9285
00720B,元大投資級公司債,64,0,64,凱基-中壢,2023-03-17,9285
00676R,富邦臺灣加權反1,50,0,50,凱基-中壢,2023-03-17,9285
2867,三商壽,49,1,48,凱基-中壢,2023-03-17,9285
2609,陽明,54,11,43,凱基-中壢,2023-03-17,9285
2344,華邦電,47,6,41,凱基-中壢,2023-03-17,9285
1102,亞泥,42,2,40,凱基-中壢,2023-03-17,9285
2727,王品,44,4,40,凱基-中壢,2023-03-17,9285
00878,國泰永續高股息,51,15,36,凱基-中壢,2023-03-17,9285
912000,晨訊科-DR,31,0,31,凱基-中壢,2023-03-17,9285
9904,寶成,29,0,29,凱基-中壢,2023-03-17,9285
2014,中鴻,30,1,29,凱基-中壢,2023-03-17,9285
00712,復華富時不動產,26,1,25,凱基-中壢,2023-03-17,9285
2402,毅嘉,38,15,23,凱基-中壢,2023-03-17,9285
00713,元大台灣高息低波,24,2,22,凱基-中壢,2023-03-17,9285
2722,夏都,29,7,22,凱基-中壢,2023-03-17,9285
2610,華航,32,11,21,凱基-中壢,2023-03-17,9285
00680L,元大美債20正2,21,0,21,凱基-中壢,2023-03-17,9285
5289,宜鼎,22,1,21,凱基-中壢,2023-03-17,9285
2889,國票金,23,2,21,凱基-中壢,2023-03-17,9285
00706L,期元大S＆P日圓正2,20,0,20,凱基-中壢,2023-03-17,9285
4979,華星光,24,4,20,凱基-中壢,2023-03-17,9285
3491,昇達科,26,6,20,凱基-中壢,2023-03-17,9285
1314,中石化,21,2,19,凱基-中壢,2023-03-17,9285
5880,合庫金,19,0,19,凱基-中壢,2023-03-17,9285
4763,材料-KY,37,19,18,凱基-中壢,2023-03-17,9285
3093,港建*,55,37,18,凱基-中壢,2023-03-17,9285
5388,中磊,18,0,18,凱基-中壢,2023-03-17,9285
3059,華晶科,18,1,17,凱基-中壢,2023-03-17,9285
5312,寶島科,17,0,17,凱基-中壢,2023-03-17,9285
2885,元大金,17,1,16,凱基-中壢,2023-03-17,9285
00902,中信電池及儲能,16,0,16,凱基-中壢,2023-03-17,9285
8054,安國,17,1,16,凱基-中壢,2023-03-17,9285
00900,富邦特選高股息30,37,21,16,凱基-中壢,2023-03-17,9285
2736,富野,16,1,15,凱基-中壢,2023-03-17,9285
6202,盛群,15,1,14,凱基-中壢,2023-03-17,9285
2615,萬海,22,8,14,凱基-中壢,2023-03-17,9285
4142,國光生,13,0,13,凱基-中壢,2023-03-17,9285
6266,泰詠,15,2,13,凱基-中壢,2023-03-17,9285
2888,新光金,15,2,13,凱基-中壢,2023-03-17,9285
00923,群益台ESG低碳50,12,0,12,凱基-中壢,2023-03-17,9285
6129,普誠,13,1,12,凱基-中壢,2023-03-17,9285
00637L,元大滬深300正2,546,92,454,凱基-中壢,2023-03-20,9285
00650L,復華香港正2,351,0,351,凱基-中壢,2023-03-20,9285
00632R,元大台灣50反1,310,5,305,凱基-中壢,2023-03-20,9285
6244,茂迪,166,86,80,凱基-中壢,2023-03-20,9285
2882,國泰金,69,2,67,凱基-中壢,2023-03-20,9285
2727,王品,67,4,63,凱基-中壢,2023-03-20,9285
00885,富邦越南,56,0,56,凱基-中壢,2023-03-20,9285
2303,聯電,69,18,51,凱基-中壢,2023-03-20,9285
6443,元晶,78,32,46,凱基-中壢,2023-03-20,9285
3264,欣銓,42,0,42,凱基-中壢,2023-03-20,9285
2891,中信金,45,3,42,凱基-中壢,2023-03-20,9285
00712,復華富時不動產,44,3,41,凱基-中壢,2023-03-20,9285
2880,華南金,68,31,37,凱基-中壢,2023-03-20,9285
1605,華新,59,22,37,凱基-中壢,2023-03-20,9285
00715L,期街口布蘭特正2,206,170,36,凱基-中壢,2023-03-20,9285
3029,零壹,103,70,33,凱基-中壢,2023-03-20,9285
0056,元大高股息,31,3,28,凱基-中壢,2023-03-20,9285
2890,永豐金,67,39,28,凱基-中壢,2023-03-20,9285
2883,凱基金,31,4,27,凱基-中壢,2023-03-20,9285
00902,中信電池及儲能,27,0,27,凱基-中壢,2023-03-20,9285
00665L,富邦�琤肭磪囓�2,25,0,25,凱基-中壢,2023-03-20,9285
2609,陽明,40,17,23,凱基-中壢,2023-03-20,9285
2887,台新金,29,6,23,凱基-中壢,2023-03-20,9285
4551,智伸科,24,1,23,凱基-中壢,2023-03-20,9285
00893,國泰智能電動車,31,9,22,凱基-中壢,2023-03-20,9285
00642U,期元大S＆P石油,23,3,20,凱基-中壢,2023-03-20,9285
2615,萬海,26,6,20,凱基-中壢,2023-03-20,9285
3025,星通,20,0,20,凱基-中壢,2023-03-20,9285
6668,中揚光,20,0,20,凱基-中壢,2023-03-20,9285
9945,潤泰新,47,29,18,凱基-中壢,2023-03-20,9285
1108,幸福,18,0,18,凱基-中壢,2023-03-20,9285
1519,華城,67,49,18,凱基-中壢,2023-03-20,9285
6546,正基,17,0,17,凱基-中壢,2023-03-20,9285
3038,全台,20,3,17,凱基-中壢,2023-03-20,9285
3707,漢磊,25,9,16,凱基-中壢,2023-03-20,9285
6477,安集,17,1,16,凱基-中壢,2023-03-20,9285
4977,眾達-KY,18,3,15,凱基-中壢,2023-03-20,9285
2618,長榮航,17,3,14,凱基-中壢,2023-03-20,9285
2363,矽統,15,1,14,凱基-中壢,2023-03-20,9285
5512,力麒,39,25,14,凱基-中壢,2023-03-20,9285
8926,台汽電,17,3,14,凱基-中壢,2023-03-20,9285
6472,保瑞,19,6,13,凱基-中壢,2023-03-20,9285
9907,統一實,13,0,13,凱基-中壢,2023-03-20,9285
4167,松瑞藥,14,1,13,凱基-中壢,2023-03-20,9285
9955,佳龍,13,0,13,凱基-中壢,2023-03-20,9285
2884,玉山金,13,1,12,凱基-中壢,2023-03-20,9285
3481,群創,31,19,12,凱基-中壢,2023-03-20,9285
2603,長榮,20,8,12,凱基-中壢,2023-03-20,9285
2009,第一銅,12,0,12,凱基-中壢,2023-03-20,9285
2606,裕民,12,0,12,凱基-中壢,2023-03-20,9285
2891,中信金,89,3,86,凱基-中壢,2023-03-21,9285
00885,富邦越南,87,1,86,凱基-中壢,2023-03-21,9285
6266,泰詠,91,5,86,凱基-中壢,2023-03-21,9285
00882,中信中國高股息,81,0,81,凱基-中壢,2023-03-21,9285
2615,萬海,81,0,81,凱基-中壢,2023-03-21,9285
2606,裕民,69,1,68,凱基-中壢,2023-03-21,9285
2883,凱基金,70,7,63,凱基-中壢,2023-03-21,9285
2890,永豐金,62,5,57,凱基-中壢,2023-03-21,9285
0050,元大台灣50,55,0,55,凱基-中壢,2023-03-21,9285
2344,華邦電,61,13,48,凱基-中壢,2023-03-21,9285
2727,王品,43,3,40,凱基-中壢,2023-03-21,9285
3707,漢磊,37,1,36,凱基-中壢,2023-03-21,9285
3093,港建*,33,2,31,凱基-中壢,2023-03-21,9285
2354,鴻準,31,0,31,凱基-中壢,2023-03-21,9285
1712,興農,30,0,30,凱基-中壢,2023-03-21,9285
2603,長榮,33,5,28,凱基-中壢,2023-03-21,9285
6235,華孚,54,27,27,凱基-中壢,2023-03-21,9285
3703,欣陸,32,5,27,凱基-中壢,2023-03-21,9285
6116,彩晶,78,51,27,凱基-中壢,2023-03-21,9285
3532,台勝科,27,0,27,凱基-中壢,2023-03-21,9285
4716,大立,30,5,25,凱基-中壢,2023-03-21,9285
8383,千附,31,7,24,凱基-中壢,2023-03-21,9285
2471,資通,70,47,23,凱基-中壢,2023-03-21,9285
6129,普誠,25,2,23,凱基-中壢,2023-03-21,9285
2302,麗正,57,34,23,凱基-中壢,2023-03-21,9285
6234,高僑,22,0,22,凱基-中壢,2023-03-21,9285
2352,佳世達,21,0,21,凱基-中壢,2023-03-21,9285
8358,金居,22,2,20,凱基-中壢,2023-03-21,9285
8289,泰藝,30,10,20,凱基-中壢,2023-03-21,9285
5608,四維航,21,1,20,凱基-中壢,2023-03-21,9285
6125,廣運,20,0,20,凱基-中壢,2023-03-21,9285
3322,建舜電,34,14,20,凱基-中壢,2023-03-21,9285
6643,M31,24,5,19,凱基-中壢,2023-03-21,9285
3711,日月光投控,18,0,18,凱基-中壢,2023-03-21,9285
8996,高力,21,4,17,凱基-中壢,2023-03-21,9285
3264,欣銓,20,3,17,凱基-中壢,2023-03-21,9285
2303,聯電,21,5,16,凱基-中壢,2023-03-21,9285
2880,華南金,16,0,16,凱基-中壢,2023-03-21,9285
2457,飛宏,167,152,15,凱基-中壢,2023-03-21,9285
2453,凌群,66,51,15,凱基-中壢,2023-03-21,9285
3016,嘉晶,15,0,15,凱基-中壢,2023-03-21,9285
1603,華電,26,11,15,凱基-中壢,2023-03-21,9285
3027,盛達,37,22,15,凱基-中壢,2023-03-21,9285
9945,潤泰新,32,17,15,凱基-中壢,2023-03-21,9285
00712,復華富時不動產,18,3,15,凱基-中壢,2023-03-21,9285
00680L,元大美債20正2,15,1,14,凱基-中壢,2023-03-21,9285
3058,立德,22,8,14,凱基-中壢,2023-03-21,9285
1514,亞力,18,4,14,凱基-中壢,2023-03-21,9285
00878,國泰永續高股息,43,29,14,凱基-中壢,2023-03-21,9285
3272,東碩,17,4,13,凱基-中壢,2023-03-21,9285
2359,所羅門,145,15,130,凱基-中壢,2023-03-22,9285
00665L,富邦�琤肭磪囓�2,103,0,103,凱基-中壢,2023-03-22,9285
5211,蒙恬,105,20,85,凱基-中壢,2023-03-22,9285
3362,先進光,71,2,69,凱基-中壢,2023-03-22,9285
00679B,元大美債20年,47,0,47,凱基-中壢,2023-03-22,9285
1514,亞力,45,5,40,凱基-中壢,2023-03-22,9285
2402,毅嘉,117,80,37,凱基-中壢,2023-03-22,9285
6233,旺玖,63,27,36,凱基-中壢,2023-03-22,9285
3356,奇偶,36,2,34,凱基-中壢,2023-03-22,9285
2457,飛宏,82,49,33,凱基-中壢,2023-03-22,9285
6282,康舒,39,6,33,凱基-中壢,2023-03-22,9285
00680L,元大美債20正2,31,0,31,凱基-中壢,2023-03-22,9285
00720B,元大投資級公司債,27,0,27,凱基-中壢,2023-03-22,9285
4536,拓凱,27,0,27,凱基-中壢,2023-03-22,9285
6129,普誠,32,7,25,凱基-中壢,2023-03-22,9285
5512,力麒,21,0,21,凱基-中壢,2023-03-22,9285
3047,訊舟,26,5,21,凱基-中壢,2023-03-22,9285
4716,大立,20,0,20,凱基-中壢,2023-03-22,9285
8074,鉅橡,20,0,20,凱基-中壢,2023-03-22,9285
2891,中信金,18,1,17,凱基-中壢,2023-03-22,9285
5388,中磊,17,1,16,凱基-中壢,2023-03-22,9285
5258,虹堡,23,8,15,凱基-中壢,2023-03-22,9285
6125,廣運,23,8,15,凱基-中壢,2023-03-22,9285
00902,中信電池及儲能,15,0,15,凱基-中壢,2023-03-22,9285
2014,中鴻,15,0,15,凱基-中壢,2023-03-22,9285
6415,矽力*-KY,15,0,15,凱基-中壢,2023-03-22,9285
3094,聯傑,18,4,14,凱基-中壢,2023-03-22,9285
00712,復華富時不動產,19,5,14,凱基-中壢,2023-03-22,9285
1513,中興電,27,14,13,凱基-中壢,2023-03-22,9285
2834,臺企銀,18,5,13,凱基-中壢,2023-03-22,9285
6122,擎邦,28,15,13,凱基-中壢,2023-03-22,9285
2495,普安,17,5,12,凱基-中壢,2023-03-22,9285
3046,建��,17,5,12,凱基-中壢,2023-03-22,9285
5009,榮剛,20,9,11,凱基-中壢,2023-03-22,9285
2615,萬海,14,3,11,凱基-中壢,2023-03-22,9285
5706,鳳凰,12,1,11,凱基-中壢,2023-03-22,9285
2010,春源,11,0,11,凱基-中壢,2023-03-22,9285
2302,麗正,124,113,11,凱基-中壢,2023-03-22,9285
1432,大魯閣,11,1,10,凱基-中壢,2023-03-22,9285
6164,華興,10,0,10,凱基-中壢,2023-03-22,9285
3704,合勤控,12,2,10,凱基-中壢,2023-03-22,9285
3705,永信,10,0,10,凱基-中壢,2023-03-22,9285
8070,長華*,10,0,10,凱基-中壢,2023-03-22,9285
00713,元大台灣高息低波,12,3,9,凱基-中壢,2023-03-22,9285
6533,晶心科,9,0,9,凱基-中壢,2023-03-22,9285
2482,連宇,57,48,9,凱基-中壢,2023-03-22,9285
4977,眾達-KY,9,0,9,凱基-中壢,2023-03-22,9285
4966,譜瑞-KY,10,1,9,凱基-中壢,2023-03-22,9285
4163,鐿鈦,9,0,9,凱基-中壢,2023-03-22,9285
3673,TPK-KY,9,0,9,凱基-中壢,2023-03-22,9285
00637L,元大滬深300正2,304,51,253,凱基-中壢,2023-03-23,9285
00632R,元大台灣50反1,229,0,229,凱基-中壢,2023-03-23,9285
00650L,復華香港正2,184,0,184,凱基-中壢,2023-03-23,9285
1504,東元,181,61,120,凱基-中壢,2023-03-23,9285
00664R,國泰臺灣加權反1,100,0,100,凱基-中壢,2023-03-23,9285
2886,兆豐金,96,5,91,凱基-中壢,2023-03-23,9285
3481,群創,90,11,79,凱基-中壢,2023-03-23,9285
00720B,元大投資級公司債,51,0,51,凱基-中壢,2023-03-23,9285
00676R,富邦臺灣加權反1,50,0,50,凱基-中壢,2023-03-23,9285
3114,好德,48,0,48,凱基-中壢,2023-03-23,9285
6134,萬旭,44,1,43,凱基-中壢,2023-03-23,9285
3548,兆利,40,0,40,凱基-中壢,2023-03-23,9285
2851,中再保,36,0,36,凱基-中壢,2023-03-23,9285
2027,大成鋼,39,4,35,凱基-中壢,2023-03-23,9285
2727,王品,55,22,33,凱基-中壢,2023-03-23,9285
2303,聯電,57,24,33,凱基-中壢,2023-03-23,9285
8064,東捷,30,0,30,凱基-中壢,2023-03-23,9285
1316,上曜,30,0,30,凱基-中壢,2023-03-23,9285
6274,台燿,34,4,30,凱基-中壢,2023-03-23,9285
6224,聚鼎,29,0,29,凱基-中壢,2023-03-23,9285
3094,聯傑,46,18,28,凱基-中壢,2023-03-23,9285
00712,復華富時不動產,42,15,27,凱基-中壢,2023-03-23,9285
2888,新光金,33,6,27,凱基-中壢,2023-03-23,9285
2427,三商電,30,4,26,凱基-中壢,2023-03-23,9285
2369,菱生,26,0,26,凱基-中壢,2023-03-23,9285
3265,台星科,25,0,25,凱基-中壢,2023-03-23,9285
3710,連展投控,37,13,24,凱基-中壢,2023-03-23,9285
2534,宏盛,22,0,22,凱基-中壢,2023-03-23,9285
2601,益航,22,0,22,凱基-中壢,2023-03-23,9285
5425,台半,67,46,21,凱基-中壢,2023-03-23,9285
2609,陽明,46,25,21,凱基-中壢,2023-03-23,9285
9945,潤泰新,24,3,21,凱基-中壢,2023-03-23,9285
3011,今皓,24,4,20,凱基-中壢,2023-03-23,9285
3202,樺晟,20,0,20,凱基-中壢,2023-03-23,9285
6442,光聖,20,0,20,凱基-中壢,2023-03-23,9285
8213,志超,20,1,19,凱基-中壢,2023-03-23,9285
6125,廣運,20,2,18,凱基-中壢,2023-03-23,9285
3025,星通,22,4,18,凱基-中壢,2023-03-23,9285
2606,裕民,23,5,18,凱基-中壢,2023-03-23,9285
3035,智原,51,33,18,凱基-中壢,2023-03-23,9285
2812,台中銀,17,0,17,凱基-中壢,2023-03-23,9285
2880,華南金,17,0,17,凱基-中壢,2023-03-23,9285
4979,華星光,21,5,16,凱基-中壢,2023-03-23,9285
3322,建舜電,31,16,15,凱基-中壢,2023-03-23,9285
3093,港建*,18,3,15,凱基-中壢,2023-03-23,9285
6116,彩晶,40,26,14,凱基-中壢,2023-03-23,9285
4953,緯軟,15,1,14,凱基-中壢,2023-03-23,9285
3207,耀勝,25,11,14,凱基-中壢,2023-03-23,9285
4973,廣穎,16,3,13,凱基-中壢,2023-03-23,9285
5475,德宏,23,10,13,凱基-中壢,2023-03-23,9285
00637L,元大滬深300正2,199,24,175,凱基-中壢,2023-03-24,9285
00632R,元大台灣50反1,85,3,82,凱基-中壢,2023-03-24,9285
2867,三商壽,75,0,75,凱基-中壢,2023-03-24,9285
3362,先進光,77,4,73,凱基-中壢,2023-03-24,9285
6134,萬旭,88,28,60,凱基-中壢,2023-03-24,9285
1514,亞力,52,0,52,凱基-中壢,2023-03-24,9285
6160,欣技,76,29,47,凱基-中壢,2023-03-24,9285
3466,德晉,45,0,45,凱基-中壢,2023-03-24,9285
00642U,期元大S＆P石油,45,0,45,凱基-中壢,2023-03-24,9285
3548,兆利,39,2,37,凱基-中壢,2023-03-24,9285
8176,智捷,32,0,32,凱基-中壢,2023-03-24,9285
1609,大亞,91,59,32,凱基-中壢,2023-03-24,9285
1605,華新,76,45,31,凱基-中壢,2023-03-24,9285
3162,精確,32,2,30,凱基-中壢,2023-03-24,9285
2891,中信金,30,1,29,凱基-中壢,2023-03-24,9285
00885,富邦越南,34,5,29,凱基-中壢,2023-03-24,9285
4155,訊映,27,0,27,凱基-中壢,2023-03-24,9285
6443,元晶,41,16,25,凱基-中壢,2023-03-24,9285
00713,元大台灣高息低波,27,2,25,凱基-中壢,2023-03-24,9285
2014,中鴻,33,8,25,凱基-中壢,2023-03-24,9285
2302,麗正,58,37,21,凱基-中壢,2023-03-24,9285
00680L,元大美債20正2,21,1,20,凱基-中壢,2023-03-24,9285
3038,全台,20,0,20,凱基-中壢,2023-03-24,9285
1464,得力,20,0,20,凱基-中壢,2023-03-24,9285
6668,中揚光,20,0,20,凱基-中壢,2023-03-24,9285
2303,聯電,42,22,20,凱基-中壢,2023-03-24,9285
6546,正基,22,3,19,凱基-中壢,2023-03-24,9285
4702,中美實,18,0,18,凱基-中壢,2023-03-24,9285
2498,宏達電,26,8,18,凱基-中壢,2023-03-24,9285
6202,盛群,20,3,17,凱基-中壢,2023-03-24,9285
2406,國碩,23,6,17,凱基-中壢,2023-03-24,9285
2727,王品,18,2,16,凱基-中壢,2023-03-24,9285
5258,虹堡,18,3,15,凱基-中壢,2023-03-24,9285
2609,陽明,31,16,15,凱基-中壢,2023-03-24,9285
9946,三發地產,15,0,15,凱基-中壢,2023-03-24,9285
4763,材料-KY,115,101,14,凱基-中壢,2023-03-24,9285
6806,森崴能源,15,1,14,凱基-中壢,2023-03-24,9285
5475,德宏,17,3,14,凱基-中壢,2023-03-24,9285
6180,橘子,17,3,14,凱基-中壢,2023-03-24,9285
1101,台泥,16,3,13,凱基-中壢,2023-03-24,9285
6185,幃翔,12,0,12,凱基-中壢,2023-03-24,9285
6690,安�硌穈T,12,0,12,凱基-中壢,2023-03-24,9285
00674R,期元大S＆P黃金反1,12,0,12,凱基-中壢,2023-03-24,9285
00679B,元大美債20年,12,0,12,凱基-中壢,2023-03-24,9285
5351,鈺創,19,7,12,凱基-中壢,2023-03-24,9285
1513,中興電,16,5,11,凱基-中壢,2023-03-24,9285
2885,元大金,11,0,11,凱基-中壢,2023-03-24,9285
2351,順德,22,11,11,凱基-中壢,2023-03-24,9285
2243,宏旭-KY,11,0,11,凱基-中壢,2023-03-24,9285
2401,凌陽,11,0,11,凱基-中壢,2023-03-24,9285
2402,毅嘉,197,31,166,凱基-中壢,2023-03-27,9285
00650L,復華香港正2,276,138,138,凱基-中壢,2023-03-27,9285
2867,三商壽,134,0,134,凱基-中壢,2023-03-27,9285
00637L,元大滬深300正2,235,121,114,凱基-中壢,2023-03-27,9285
00664R,國泰臺灣加權反1,100,0,100,凱基-中壢,2023-03-27,9285
00882,中信中國高股息,99,9,90,凱基-中壢,2023-03-27,9285
00751B,元大AAA至A公司債,84,1,83,凱基-中壢,2023-03-27,9285
2201,裕隆,78,3,75,凱基-中壢,2023-03-27,9285
1605,華新,98,40,58,凱基-中壢,2023-03-27,9285
8069,元太,69,11,58,凱基-中壢,2023-03-27,9285
9945,潤泰新,87,29,58,凱基-中壢,2023-03-27,9285
00680L,元大美債20正2,40,1,39,凱基-中壢,2023-03-27,9285
3362,先進光,38,1,37,凱基-中壢,2023-03-27,9285
8033,雷虎,63,30,33,凱基-中壢,2023-03-27,9285
1504,東元,136,105,31,凱基-中壢,2023-03-27,9285
8222,寶一,75,44,31,凱基-中壢,2023-03-27,9285
3035,智原,68,40,28,凱基-中壢,2023-03-27,9285
00632R,元大台灣50反1,37,10,27,凱基-中壢,2023-03-27,9285
00900,富邦特選高股息30,27,1,26,凱基-中壢,2023-03-27,9285
2354,鴻準,30,4,26,凱基-中壢,2023-03-27,9285
3715,定穎投控,34,9,25,凱基-中壢,2023-03-27,9285
6288,聯嘉,54,30,24,凱基-中壢,2023-03-27,9285
2206,三陽工業,25,1,24,凱基-中壢,2023-03-27,9285
6244,茂迪,72,50,22,凱基-中壢,2023-03-27,9285
3548,兆利,27,6,21,凱基-中壢,2023-03-27,9285
3605,宏致,23,3,20,凱基-中壢,2023-03-27,9285
3481,群創,53,33,20,凱基-中壢,2023-03-27,9285
8038,長園科,20,0,20,凱基-中壢,2023-03-27,9285
3664,安瑞-KY,24,6,18,凱基-中壢,2023-03-27,9285
3207,耀勝,38,20,18,凱基-中壢,2023-03-27,9285
4743,合一,20,3,17,凱基-中壢,2023-03-27,9285
00715L,期街口布蘭特正2,30,13,17,凱基-中壢,2023-03-27,9285
2204,中華,19,2,17,凱基-中壢,2023-03-27,9285
3711,日月光投控,16,0,16,凱基-中壢,2023-03-27,9285
2431,聯昌,16,1,15,凱基-中壢,2023-03-27,9285
5312,寶島科,15,0,15,凱基-中壢,2023-03-27,9285
2457,飛宏,80,65,15,凱基-中壢,2023-03-27,9285
00885,富邦越南,15,0,15,凱基-中壢,2023-03-27,9285
2344,華邦電,83,68,15,凱基-中壢,2023-03-27,9285
00772B,中信高評級公司債,15,1,14,凱基-中壢,2023-03-27,9285
2328,廣宇,15,1,14,凱基-中壢,2023-03-27,9285
6163,華電網,19,6,13,凱基-中壢,2023-03-27,9285
8112,至上,18,5,13,凱基-中壢,2023-03-27,9285
2606,裕民,29,16,13,凱基-中壢,2023-03-27,9285
3576,聯合再生,15,2,13,凱基-中壢,2023-03-27,9285
2609,陽明,19,6,13,凱基-中壢,2023-03-27,9285
6472,保瑞,39,27,12,凱基-中壢,2023-03-27,9285
2461,光群雷,13,1,12,凱基-中壢,2023-03-27,9285
2468,華經,12,0,12,凱基-中壢,2023-03-27,9285
2890,永豐金,16,5,11,凱基-中壢,2023-03-27,9285
00720B,元大投資級公司債,70,1,69,凱基-中壢,2023-03-28,9285
00878,國泰永續高股息,112,46,66,凱基-中壢,2023-03-28,9285
00882,中信中國高股息,64,2,62,凱基-中壢,2023-03-28,9285
2402,毅嘉,120,65,55,凱基-中壢,2023-03-28,9285
00679B,元大美債20年,58,4,54,凱基-中壢,2023-03-28,9285
3548,兆利,49,0,49,凱基-中壢,2023-03-28,9285
3037,欣興,63,15,48,凱基-中壢,2023-03-28,9285
6233,旺玖,50,4,46,凱基-中壢,2023-03-28,9285
1605,華新,111,68,43,凱基-中壢,2023-03-28,9285
2609,陽明,67,25,42,凱基-中壢,2023-03-28,9285
2303,聯電,46,9,37,凱基-中壢,2023-03-28,9285
00881,國泰台灣5G+,43,7,36,凱基-中壢,2023-03-28,9285
6116,彩晶,40,4,36,凱基-中壢,2023-03-28,9285
00751B,元大AAA至A公司債,36,1,35,凱基-中壢,2023-03-28,9285
2342,茂矽,42,8,34,凱基-中壢,2023-03-28,9285
3499,環天科,33,0,33,凱基-中壢,2023-03-28,9285
2886,兆豐金,38,5,33,凱基-中壢,2023-03-28,9285
1504,東元,76,43,33,凱基-中壢,2023-03-28,9285
5608,四維航,34,2,32,凱基-中壢,2023-03-28,9285
6244,茂迪,32,1,31,凱基-中壢,2023-03-28,9285
3017,奇鋐,37,7,30,凱基-中壢,2023-03-28,9285
3481,群創,39,10,29,凱基-中壢,2023-03-28,9285
2891,中信金,36,7,29,凱基-中壢,2023-03-28,9285
1907,永豐餘,31,3,28,凱基-中壢,2023-03-28,9285
00893,國泰智能電動車,30,3,27,凱基-中壢,2023-03-28,9285
0056,元大高股息,43,17,26,凱基-中壢,2023-03-28,9285
3047,訊舟,32,6,26,凱基-中壢,2023-03-28,9285
3011,今皓,28,2,26,凱基-中壢,2023-03-28,9285
00885,富邦越南,28,3,25,凱基-中壢,2023-03-28,9285
6606,建德工業,23,1,22,凱基-中壢,2023-03-28,9285
3520,華盈,21,0,21,凱基-中壢,2023-03-28,9285
5512,力麒,23,2,21,凱基-中壢,2023-03-28,9285
3701,大眾控,20,0,20,凱基-中壢,2023-03-28,9285
8024,佑華,20,0,20,凱基-中壢,2023-03-28,9285
3024,憶聲,20,0,20,凱基-中壢,2023-03-28,9285
2409,友達,20,0,20,凱基-中壢,2023-03-28,9285
2618,長榮航,36,17,19,凱基-中壢,2023-03-28,9285
912000,晨訊科-DR,19,0,19,凱基-中壢,2023-03-28,9285
2337,旺宏,18,0,18,凱基-中壢,2023-03-28,9285
4919,新唐,21,4,17,凱基-中壢,2023-03-28,9285
4934,太極,21,4,17,凱基-中壢,2023-03-28,9285
3189,景碩,19,2,17,凱基-中壢,2023-03-28,9285
00891,中信關鍵半導體,17,0,17,凱基-中壢,2023-03-28,9285
8234,新漢,16,0,16,凱基-中壢,2023-03-28,9285
1584,精剛,29,14,15,凱基-中壢,2023-03-28,9285
3231,緯創,38,23,15,凱基-中壢,2023-03-28,9285
00772B,中信高評級公司債,24,10,14,凱基-中壢,2023-03-28,9285
00923,群益台ESG低碳50,15,1,14,凱基-中壢,2023-03-28,9285
2754,亞洲藏壽司,14,0,14,凱基-中壢,2023-03-28,9285
3207,耀勝,13,0,13,凱基-中壢,2023-03-28,9285
00706L,期元大S＆P日圓正2,250,0,250,凱基-中壢,2023-03-29,9285
00650L,復華香港正2,253,92,161,凱基-中壢,2023-03-29,9285
6220,岳豐,106,5,101,凱基-中壢,2023-03-29,9285
2402,毅嘉,99,6,93,凱基-中壢,2023-03-29,9285
00922,國泰台灣領袖50,117,46,71,凱基-中壢,2023-03-29,9285
1231,聯華食,54,0,54,凱基-中壢,2023-03-29,9285
2722,夏都,52,3,49,凱基-中壢,2023-03-29,9285
8176,智捷,34,2,32,凱基-中壢,2023-03-29,9285
4147,中裕,38,8,30,凱基-中壢,2023-03-29,9285
3520,華盈,31,2,29,凱基-中壢,2023-03-29,9285
6288,聯嘉,69,41,28,凱基-中壢,2023-03-29,9285
6770,力積電,22,1,21,凱基-中壢,2023-03-29,9285
2342,茂矽,78,57,21,凱基-中壢,2023-03-29,9285
00923,群益台ESG低碳50,21,0,21,凱基-中壢,2023-03-29,9285
00669R,國泰美國道瓊反1,21,0,21,凱基-中壢,2023-03-29,9285
2534,宏盛,20,0,20,凱基-中壢,2023-03-29,9285
5488,松普,20,0,20,凱基-中壢,2023-03-29,9285
00772B,中信高評級公司債,20,0,20,凱基-中壢,2023-03-29,9285
6531,愛普*,28,9,19,凱基-中壢,2023-03-29,9285
1605,華新,42,24,18,凱基-中壢,2023-03-29,9285
5871,中租-KY,18,0,18,凱基-中壢,2023-03-29,9285
00679B,元大美債20年,16,0,16,凱基-中壢,2023-03-29,9285
8215,明基材,18,2,16,凱基-中壢,2023-03-29,9285
3540,曜越,15,0,15,凱基-中壢,2023-03-29,9285
2201,裕隆,15,1,14,凱基-中壢,2023-03-29,9285
3272,東碩,35,21,14,凱基-中壢,2023-03-29,9285
4551,智伸科,13,0,13,凱基-中壢,2023-03-29,9285
3094,聯傑,20,7,13,凱基-中壢,2023-03-29,9285
6235,華孚,30,17,13,凱基-中壢,2023-03-29,9285
6282,康舒,13,1,12,凱基-中壢,2023-03-29,9285
2609,陽明,26,15,11,凱基-中壢,2023-03-29,9285
8081,致新,11,0,11,凱基-中壢,2023-03-29,9285
1432,大魯閣,11,0,11,凱基-中壢,2023-03-29,9285
6706,惠特,11,0,11,凱基-中壢,2023-03-29,9285
2890,永豐金,23,12,11,凱基-中壢,2023-03-29,9285
8927,北基,11,0,11,凱基-中壢,2023-03-29,9285
3032,偉訓,12,1,11,凱基-中壢,2023-03-29,9285
3038,全台,13,2,11,凱基-中壢,2023-03-29,9285
1584,精剛,11,0,11,凱基-中壢,2023-03-29,9285
1101,台泥,29,19,10,凱基-中壢,2023-03-29,9285
3035,智原,66,56,10,凱基-中壢,2023-03-29,9285
8028,昇陽半導體,10,0,10,凱基-中壢,2023-03-29,9285
3231,緯創,23,12,11,凱基-中壢,2023-03-29,9285
3545,敦泰,11,1,10,凱基-中壢,2023-03-29,9285
2465,麗臺,10,0,10,凱基-中壢,2023-03-29,9285
2312,金寶,10,0,10,凱基-中壢,2023-03-29,9285
00671R,富邦NASDAQ反1,10,0,10,凱基-中壢,2023-03-29,9285
2359,所羅門,13,3,10,凱基-中壢,2023-03-29,9285
8201,無敵,10,0,10,凱基-中壢,2023-03-29,9285
5353,台林,41,31,10,凱基-中壢,2023-03-29,9285
00673R,期元大S＆P原油反1,1000,0,1000,凱基-中壢,2023-03-30,9285
00650L,復華香港正2,254,24,230,凱基-中壢,2023-03-30,9285
00637L,元大滬深300正2,255,111,144,凱基-中壢,2023-03-30,9285
2867,三商壽,102,0,102,凱基-中壢,2023-03-30,9285
00680L,元大美債20正2,59,0,59,凱基-中壢,2023-03-30,9285
00676R,富邦臺灣加權反1,54,0,54,凱基-中壢,2023-03-30,9285
1101,台泥,55,2,53,凱基-中壢,2023-03-30,9285
00903,富邦元宇宙,50,0,50,凱基-中壢,2023-03-30,9285
00885,富邦越南,44,0,44,凱基-中壢,2023-03-30,9285
3231,緯創,158,119,39,凱基-中壢,2023-03-30,9285
6770,力積電,38,0,38,凱基-中壢,2023-03-30,9285
1504,東元,91,54,37,凱基-中壢,2023-03-30,9285
00882,中信中國高股息,35,1,34,凱基-中壢,2023-03-30,9285
6753,龍德造船,29,0,29,凱基-中壢,2023-03-30,9285
3025,星通,30,4,26,凱基-中壢,2023-03-30,9285
3682,亞太電,25,0,25,凱基-中壢,2023-03-30,9285
2883,凱基金,25,1,24,凱基-中壢,2023-03-30,9285
00665L,富邦�琤肭磪囓�2,23,0,23,凱基-中壢,2023-03-30,9285
8176,智捷,23,0,23,凱基-中壢,2023-03-30,9285
2634,漢翔,31,8,23,凱基-中壢,2023-03-30,9285
6472,保瑞,31,8,23,凱基-中壢,2023-03-30,9285
3548,兆利,21,0,21,凱基-中壢,2023-03-30,9285
2331,精英,22,1,21,凱基-中壢,2023-03-30,9285
2748,雲品,23,2,21,凱基-中壢,2023-03-30,9285
00671R,富邦NASDAQ反1,20,0,20,凱基-中壢,2023-03-30,9285
2889,國票金,20,0,20,凱基-中壢,2023-03-30,9285
2387,精元,21,2,19,凱基-中壢,2023-03-30,9285
9921,巨大,18,0,18,凱基-中壢,2023-03-30,9285
2453,凌群,32,16,16,凱基-中壢,2023-03-30,9285
8110,華東,20,4,16,凱基-中壢,2023-03-30,9285
00679B,元大美債20年,16,0,16,凱基-中壢,2023-03-30,9285
1795,美時,29,14,15,凱基-中壢,2023-03-30,9285
2618,長榮航,15,1,14,凱基-中壢,2023-03-30,9285
2530,華建,13,0,13,凱基-中壢,2023-03-30,9285
1314,中石化,13,0,13,凱基-中壢,2023-03-30,9285
3624,光頡,15,2,13,凱基-中壢,2023-03-30,9285
2104,國際中橡,12,0,12,凱基-中壢,2023-03-30,9285
2886,兆豐金,17,5,12,凱基-中壢,2023-03-30,9285
6116,彩晶,66,55,11,凱基-中壢,2023-03-30,9285
00720B,元大投資級公司債,11,0,11,凱基-中壢,2023-03-30,9285
3272,東碩,21,11,10,凱基-中壢,2023-03-30,9285
1528,恩德,10,0,10,凱基-中壢,2023-03-30,9285
00753L,中信中國50正2,14,4,10,凱基-中壢,2023-03-30,9285
3029,零壹,12,2,10,凱基-中壢,2023-03-30,9285
6776,展�眥篕�,12,2,10,凱基-中壢,2023-03-30,9285
6182,合晶,11,1,10,凱基-中壢,2023-03-30,9285
3652,精聯,18,8,10,凱基-中壢,2023-03-30,9285
00712,復華富時不動產,13,3,10,凱基-中壢,2023-03-30,9285
3673,TPK-KY,9,0,9,凱基-中壢,2023-03-30,9285
3035,智原,45,37,8,凱基-中壢,2023-03-30,9285
2867,三商壽,94,0,94,凱基-中壢,2023-03-31,9285
1605,華新,90,20,70,凱基-中壢,2023-03-31,9285
2302,麗正,65,17,48,凱基-中壢,2023-03-31,9285
8064,東捷,50,3,47,凱基-中壢,2023-03-31,9285
1232,大統益,40,0,40,凱基-中壢,2023-03-31,9285
2359,所羅門,40,6,34,凱基-中壢,2023-03-31,9285
00885,富邦越南,33,0,33,凱基-中壢,2023-03-31,9285
3354,律勝,30,0,30,凱基-中壢,2023-03-31,9285
1504,東元,70,42,28,凱基-中壢,2023-03-31,9285
00679B,元大美債20年,26,0,26,凱基-中壢,2023-03-31,9285
2408,南亞科,53,28,25,凱基-中壢,2023-03-31,9285
3664,安瑞-KY,28,4,24,凱基-中壢,2023-03-31,9285
8081,致新,24,0,24,凱基-中壢,2023-03-31,9285
2352,佳世達,32,10,22,凱基-中壢,2023-03-31,9285
2457,飛宏,68,46,22,凱基-中壢,2023-03-31,9285
6290,良維,21,0,21,凱基-中壢,2023-03-31,9285
8255,朋程,21,1,20,凱基-中壢,2023-03-31,9285
3058,立德,18,0,18,凱基-中壢,2023-03-31,9285
6147,頎邦,20,3,17,凱基-中壢,2023-03-31,9285
4563,百德,16,0,16,凱基-中壢,2023-03-31,9285
2324,仁寶,21,6,15,凱基-中壢,2023-03-31,9285
2881,富邦金,17,2,15,凱基-中壢,2023-03-31,9285
00632R,元大台灣50反1,168,154,14,凱基-中壢,2023-03-31,9285
8088,品安,20,6,14,凱基-中壢,2023-03-31,9285
00670L,富邦NASDAQ正2,16,2,14,凱基-中壢,2023-03-31,9285
2342,茂矽,16,3,13,凱基-中壢,2023-03-31,9285
6472,保瑞,13,0,13,凱基-中壢,2023-03-31,9285
4760,勤凱,13,0,13,凱基-中壢,2023-03-31,9285
5243,乙盛-KY,14,1,13,凱基-中壢,2023-03-31,9285
1529,樂事綠能,12,0,12,凱基-中壢,2023-03-31,9285
3576,聯合再生,11,0,11,凱基-中壢,2023-03-31,9285
3035,智原,34,23,11,凱基-中壢,2023-03-31,9285
3362,先進光,14,3,11,凱基-中壢,2023-03-31,9285
3037,欣興,27,16,11,凱基-中壢,2023-03-31,9285
3711,日月光投控,11,0,11,凱基-中壢,2023-03-31,9285
1626,艾美特-KY,11,0,11,凱基-中壢,2023-03-31,9285
2889,國票金,13,2,11,凱基-中壢,2023-03-31,9285
5465,富驊,11,1,10,凱基-中壢,2023-03-31,9285
6288,聯嘉,11,1,10,凱基-中壢,2023-03-31,9285
2206,三陽工業,10,0,10,凱基-中壢,2023-03-31,9285
9928,中視,10,0,10,凱基-中壢,2023-03-31,9285
4162,智擎,10,0,10,凱基-中壢,2023-03-31,9285
8936,國統,10,0,10,凱基-中壢,2023-03-31,9285
2429,銘旺科,11,2,9,凱基-中壢,2023-03-31,9285
2328,廣宇,11,2,9,凱基-中壢,2023-03-31,9285
3207,耀勝,11,2,9,凱基-中壢,2023-03-31,9285
3558,神準,14,5,9,凱基-中壢,2023-03-31,9285
3533,嘉澤,8,0,8,凱基-中壢,2023-03-31,9285
3028,增你強,8,0,8,凱基-中壢,2023-03-31,9285
8155,博智,11,3,8,凱基-中壢,2023-03-31,9285
00637L,元大滬深300正2,1075,51,1024,凱基-中壢,2023-04-06,9285
00673R,期元大S＆P原油反1,797,10,787,凱基-中壢,2023-04-06,9285
3011,今皓,100,0,100,凱基-中壢,2023-04-06,9285
00885,富邦越南,96,4,92,凱基-中壢,2023-04-06,9285
00878,國泰永續高股息,116,33,83,凱基-中壢,2023-04-06,9285
3704,合勤控,76,0,76,凱基-中壢,2023-04-06,9285
2606,裕民,69,13,56,凱基-中壢,2023-04-06,9285
2609,陽明,61,6,55,凱基-中壢,2023-04-06,9285
1442,名軒,47,0,47,凱基-中壢,2023-04-06,9285
2884,玉山金,57,12,45,凱基-中壢,2023-04-06,9285
2107,厚生,41,0,41,凱基-中壢,2023-04-06,9285
00902,中信電池及儲能,39,0,39,凱基-中壢,2023-04-06,9285
00753L,中信中國50正2,39,1,38,凱基-中壢,2023-04-06,9285
2344,華邦電,53,16,37,凱基-中壢,2023-04-06,9285
00665L,富邦�琤肭磪囓�2,37,0,37,凱基-中壢,2023-04-06,9285
6470,宇智,36,1,35,凱基-中壢,2023-04-06,9285
2867,三商壽,31,0,31,凱基-中壢,2023-04-06,9285
2208,台船,68,38,30,凱基-中壢,2023-04-06,9285
6235,華孚,124,95,29,凱基-中壢,2023-04-06,9285
00922,國泰台灣領袖50,29,0,29,凱基-中壢,2023-04-06,9285
8069,元太,28,0,28,凱基-中壢,2023-04-06,9285
4931,新盛力,28,0,28,凱基-中壢,2023-04-06,9285
8150,南茂,28,2,26,凱基-中壢,2023-04-06,9285
00683L,期元大美元指正2,25,0,25,凱基-中壢,2023-04-06,9285
00882,中信中國高股息,23,0,23,凱基-中壢,2023-04-06,9285
2342,茂矽,23,1,22,凱基-中壢,2023-04-06,9285
2615,萬海,23,2,21,凱基-中壢,2023-04-06,9285
1611,中電,21,0,21,凱基-中壢,2023-04-06,9285
2413,環科,24,3,21,凱基-中壢,2023-04-06,9285
9955,佳龍,23,2,21,凱基-中壢,2023-04-06,9285
2886,兆豐金,21,0,21,凱基-中壢,2023-04-06,9285
6139,亞翔,21,1,20,凱基-中壢,2023-04-06,9285
8046,南電,24,5,19,凱基-中壢,2023-04-06,9285
2317,鴻海,24,6,18,凱基-中壢,2023-04-06,9285
2891,中信金,19,2,17,凱基-中壢,2023-04-06,9285
3312,弘憶股,18,1,17,凱基-中壢,2023-04-06,9285
3664,安瑞-KY,21,5,16,凱基-中壢,2023-04-06,9285
4979,華星光,38,23,15,凱基-中壢,2023-04-06,9285
00713,元大台灣高息低波,20,5,15,凱基-中壢,2023-04-06,9285
2834,臺企銀,17,2,15,凱基-中壢,2023-04-06,9285
00891,中信關鍵半導體,14,0,14,凱基-中壢,2023-04-06,9285
2371,大同,14,0,14,凱基-中壢,2023-04-06,9285
4142,國光生,14,0,14,凱基-中壢,2023-04-06,9285
3037,欣興,25,12,13,凱基-中壢,2023-04-06,9285
3693,營邦,15,2,13,凱基-中壢,2023-04-06,9285
6643,M31,15,2,13,凱基-中壢,2023-04-06,9285
2461,光群雷,13,0,13,凱基-中壢,2023-04-06,9285
6548,長科*,18,5,13,凱基-中壢,2023-04-06,9285
3017,奇鋐,17,5,12,凱基-中壢,2023-04-06,9285
6278,台表科,15,3,12,凱基-中壢,2023-04-06,9285
00671R,富邦NASDAQ反1,60,0,60,凱基-中壢,2023-04-07,9285
6285,啟��,64,5,59,凱基-中壢,2023-04-07,9285
3704,合勤控,53,0,53,凱基-中壢,2023-04-07,9285
00885,富邦越南,51,0,51,凱基-中壢,2023-04-07,9285
6753,龍德造船,60,11,49,凱基-中壢,2023-04-07,9285
00878,國泰永續高股息,67,18,49,凱基-中壢,2023-04-07,9285
2402,毅嘉,56,14,42,凱基-中壢,2023-04-07,9285
6770,力積電,47,6,41,凱基-中壢,2023-04-07,9285
4147,中裕,44,5,39,凱基-中壢,2023-04-07,9285
3231,緯創,40,3,37,凱基-中壢,2023-04-07,9285
8074,鉅橡,37,0,37,凱基-中壢,2023-04-07,9285
2606,裕民,49,13,36,凱基-中壢,2023-04-07,9285
00679B,元大美債20年,37,5,32,凱基-中壢,2023-04-07,9285
00712,復華富時不動產,45,14,31,凱基-中壢,2023-04-07,9285
6122,擎邦,32,2,30,凱基-中壢,2023-04-07,9285
6244,茂迪,31,3,28,凱基-中壢,2023-04-07,9285
6282,康舒,30,3,27,凱基-中壢,2023-04-07,9285
6139,亞翔,26,0,26,凱基-中壢,2023-04-07,9285
3058,立德,29,5,24,凱基-中壢,2023-04-07,9285
00687B,國泰20年美債,24,0,24,凱基-中壢,2023-04-07,9285
6470,宇智,27,5,22,凱基-中壢,2023-04-07,9285
2886,兆豐金,21,0,21,凱基-中壢,2023-04-07,9285
6235,華孚,65,45,20,凱基-中壢,2023-04-07,9285
2812,台中銀,20,0,20,凱基-中壢,2023-04-07,9285
4130,健亞,20,0,20,凱基-中壢,2023-04-07,9285
5309,系統電,20,2,18,凱基-中壢,2023-04-07,9285
6104,創惟,20,2,18,凱基-中壢,2023-04-07,9285
3362,先進光,18,2,16,凱基-中壢,2023-04-07,9285
9928,中視,15,0,15,凱基-中壢,2023-04-07,9285
1314,中石化,15,0,15,凱基-中壢,2023-04-07,9285
3035,智原,47,33,14,凱基-中壢,2023-04-07,9285
00772B,中信高評級公司債,14,0,14,凱基-中壢,2023-04-07,9285
3093,港建*,14,0,14,凱基-中壢,2023-04-07,9285
3354,律勝,14,0,14,凱基-中壢,2023-04-07,9285
5284,jpp-KY,21,7,14,凱基-中壢,2023-04-07,9285
8069,元太,26,13,13,凱基-中壢,2023-04-07,9285
3499,環天科,19,6,13,凱基-中壢,2023-04-07,9285
00919,群益台灣精選高息,13,0,13,凱基-中壢,2023-04-07,9285
3162,精確,17,4,13,凱基-中壢,2023-04-07,9285
2302,麗正,12,0,12,凱基-中壢,2023-04-07,9285
4153,鈺緯,15,3,12,凱基-中壢,2023-04-07,9285
4168,醣聯,12,0,12,凱基-中壢,2023-04-07,9285
3481,群創,19,8,11,凱基-中壢,2023-04-07,9285
2317,鴻海,15,4,11,凱基-中壢,2023-04-07,9285
2340,台亞,10,0,10,凱基-中壢,2023-04-07,9285
00900,富邦特選高股息30,15,5,10,凱基-中壢,2023-04-07,9285
00665L,富邦�琤肭磪囓�2,10,0,10,凱基-中壢,2023-04-07,9285
1442,名軒,10,0,10,凱基-中壢,2023-04-07,9285
4974,亞泰,10,0,10,凱基-中壢,2023-04-07,9285
2482,連宇,19,9,10,凱基-中壢,2023-04-07,9285
00706L,期元大S＆P日圓正2,260,0,260,凱基-中壢,2023-04-10,9285
2867,三商壽,182,5,177,凱基-中壢,2023-04-10,9285
00715L,期街口布蘭特正2,166,15,151,凱基-中壢,2023-04-10,9285
6285,啟��,138,17,121,凱基-中壢,2023-04-10,9285
00637L,元大滬深300正2,107,15,92,凱基-中壢,2023-04-10,9285
2359,所羅門,91,8,83,凱基-中壢,2023-04-10,9285
9962,有益,80,3,77,凱基-中壢,2023-04-10,9285
00878,國泰永續高股息,110,35,75,凱基-中壢,2023-04-10,9285
2344,華邦電,79,26,53,凱基-中壢,2023-04-10,9285
00919,群益台灣精選高息,50,0,50,凱基-中壢,2023-04-10,9285
6237,驊訊,53,3,50,凱基-中壢,2023-04-10,9285
00713,元大台灣高息低波,51,8,43,凱基-中壢,2023-04-10,9285
00673R,期元大S＆P原油反1,77,40,37,凱基-中壢,2023-04-10,9285
00679B,元大美債20年,42,11,31,凱基-中壢,2023-04-10,9285
6209,今國光,69,38,31,凱基-中壢,2023-04-10,9285
3530,晶相光,31,1,30,凱基-中壢,2023-04-10,9285
6470,宇智,30,1,29,凱基-中壢,2023-04-10,9285
00882,中信中國高股息,28,0,28,凱基-中壢,2023-04-10,9285
1512,瑞利,27,0,27,凱基-中壢,2023-04-10,9285
2606,裕民,27,0,27,凱基-中壢,2023-04-10,9285
3430,奇鈦科,24,0,24,凱基-中壢,2023-04-10,9285
4147,中裕,25,1,24,凱基-中壢,2023-04-10,9285
00720B,元大投資級公司債,22,0,22,凱基-中壢,2023-04-10,9285
3664,安瑞-KY,24,3,21,凱基-中壢,2023-04-10,9285
2107,厚生,21,0,21,凱基-中壢,2023-04-10,9285
2913,農林,20,0,20,凱基-中壢,2023-04-10,9285
5907,大洋-KY,20,0,20,凱基-中壢,2023-04-10,9285
00902,中信電池及儲能,20,0,20,凱基-中壢,2023-04-10,9285
6753,龍德造船,30,11,19,凱基-中壢,2023-04-10,9285
2727,王品,20,1,19,凱基-中壢,2023-04-10,9285
00712,復華富時不動產,20,2,18,凱基-中壢,2023-04-10,9285
2342,茂矽,19,1,18,凱基-中壢,2023-04-10,9285
3520,華盈,20,2,18,凱基-中壢,2023-04-10,9285
4906,正文,22,5,17,凱基-中壢,2023-04-10,9285
3046,建��,33,17,16,凱基-中壢,2023-04-10,9285
1313,聯成,15,0,15,凱基-中壢,2023-04-10,9285
8215,明基材,15,0,15,凱基-中壢,2023-04-10,9285
2528,皇普,14,0,14,凱基-中壢,2023-04-10,9285
6477,安集,20,6,14,凱基-中壢,2023-04-10,9285
4951,精拓科,15,2,13,凱基-中壢,2023-04-10,9285
2601,益航,13,0,13,凱基-中壢,2023-04-10,9285
00751B,元大AAA至A公司債,13,0,13,凱基-中壢,2023-04-10,9285
6703,軒郁,18,5,13,凱基-中壢,2023-04-10,9285
6112,邁達特,26,13,13,凱基-中壢,2023-04-10,9285
1514,亞力,19,6,13,凱基-中壢,2023-04-10,9285
00772B,中信高評級公司債,34,21,13,凱基-中壢,2023-04-10,9285
2014,中鴻,12,0,12,凱基-中壢,2023-04-10,9285
6231,系微,15,3,12,凱基-中壢,2023-04-10,9285
3162,精確,15,3,12,凱基-中壢,2023-04-10,9285
00885,富邦越南,13,1,12,凱基-中壢,2023-04-10,9285
2102,泰豐,168,4,164,凱基-中壢,2023-04-11,9285
00632R,元大台灣50反1,152,10,142,凱基-中壢,2023-04-11,9285
00902,中信電池及儲能,101,0,101,凱基-中壢,2023-04-11,9285
9904,寶成,100,0,100,凱基-中壢,2023-04-11,9285
6753,龍德造船,108,23,85,凱基-中壢,2023-04-11,9285
6226,光鼎,63,2,61,凱基-中壢,2023-04-11,9285
1609,大亞,125,64,61,凱基-中壢,2023-04-11,9285
00712,復華富時不動產,58,1,57,凱基-中壢,2023-04-11,9285
2208,台船,60,5,55,凱基-中壢,2023-04-11,9285
4572,駐龍,50,0,50,凱基-中壢,2023-04-11,9285
00878,國泰永續高股息,122,74,48,凱基-中壢,2023-04-11,9285
3312,弘憶股,37,0,37,凱基-中壢,2023-04-11,9285
00665L,富邦�琤肭磪囓�2,35,0,35,凱基-中壢,2023-04-11,9285
2402,毅嘉,47,13,34,凱基-中壢,2023-04-11,9285
5464,霖宏,39,5,34,凱基-中壢,2023-04-11,9285
2303,聯電,39,6,33,凱基-中壢,2023-04-11,9285
1504,東元,123,91,32,凱基-中壢,2023-04-11,9285
4906,正文,31,3,28,凱基-中壢,2023-04-11,9285
6245,立端,30,3,27,凱基-中壢,2023-04-11,9285
00713,元大台灣高息低波,27,1,26,凱基-中壢,2023-04-11,9285
6266,泰詠,84,58,26,凱基-中壢,2023-04-11,9285
3038,全台,32,6,26,凱基-中壢,2023-04-11,9285
5469,瀚宇博,30,5,25,凱基-中壢,2023-04-11,9285
00673R,期元大S＆P原油反1,25,2,23,凱基-中壢,2023-04-11,9285
6125,廣運,23,1,22,凱基-中壢,2023-04-11,9285
6668,中揚光,20,0,20,凱基-中壢,2023-04-11,9285
6285,啟��,29,9,20,凱基-中壢,2023-04-11,9285
8936,國統,22,3,19,凱基-中壢,2023-04-11,9285
6111,大宇資,18,1,17,凱基-中壢,2023-04-11,9285
2206,三陽工業,37,21,16,凱基-中壢,2023-04-11,9285
8183,精星,34,18,16,凱基-中壢,2023-04-11,9285
6861,睿生光電,20,4,16,凱基-中壢,2023-04-11,9285
3052,夆典,15,0,15,凱基-中壢,2023-04-11,9285
2890,永豐金,16,1,15,凱基-中壢,2023-04-11,9285
6223,旺矽,15,1,14,凱基-中壢,2023-04-11,9285
3029,零壹,18,4,14,凱基-中壢,2023-04-11,9285
2317,鴻海,22,9,13,凱基-中壢,2023-04-11,9285
6235,華孚,101,89,12,凱基-中壢,2023-04-11,9285
00679B,元大美債20年,14,2,12,凱基-中壢,2023-04-11,9285
3162,精確,14,2,12,凱基-中壢,2023-04-11,9285
5512,力麒,12,0,12,凱基-中壢,2023-04-11,9285
2453,凌群,12,0,12,凱基-中壢,2023-04-11,9285
3484,崧騰,12,0,12,凱基-中壢,2023-04-11,9285
3430,奇鈦科,12,0,12,凱基-中壢,2023-04-11,9285
6470,宇智,12,0,12,凱基-中壢,2023-04-11,9285
6209,今國光,42,30,12,凱基-中壢,2023-04-11,9285
6533,晶心科,12,1,11,凱基-中壢,2023-04-11,9285
3046,建��,42,31,11,凱基-中壢,2023-04-11,9285
6443,元晶,16,5,11,凱基-中壢,2023-04-11,9285
3625,西勝,11,0,11,凱基-中壢,2023-04-11,9285
00637L,元大滬深300正2,573,0,573,凱基-中壢,2023-04-12,9285
00650L,復華香港正2,532,0,532,凱基-中壢,2023-04-12,9285
2515,中工,201,96,105,凱基-中壢,2023-04-12,9285
00673R,期元大S＆P原油反1,77,0,77,凱基-中壢,2023-04-12,9285
00878,國泰永續高股息,113,40,73,凱基-中壢,2023-04-12,9285
00713,元大台灣高息低波,75,8,67,凱基-中壢,2023-04-12,9285
3545,敦泰,69,17,52,凱基-中壢,2023-04-12,9285
2352,佳世達,60,9,51,凱基-中壢,2023-04-12,9285
2313,華通,60,14,46,凱基-中壢,2023-04-12,9285
00679B,元大美債20年,46,3,43,凱基-中壢,2023-04-12,9285
00885,富邦越南,43,1,42,凱基-中壢,2023-04-12,9285
00712,復華富時不動產,40,4,36,凱基-中壢,2023-04-12,9285
00665L,富邦�琤肭磪囓�2,85,50,35,凱基-中壢,2023-04-12,9285
1514,亞力,67,33,34,凱基-中壢,2023-04-12,9285
2233,宇隆,31,2,29,凱基-中壢,2023-04-12,9285
2727,王品,27,2,25,凱基-中壢,2023-04-12,9285
3056,富華新,27,3,24,凱基-中壢,2023-04-12,9285
5512,力麒,24,0,24,凱基-中壢,2023-04-12,9285
4973,廣穎,25,2,23,凱基-中壢,2023-04-12,9285
2369,菱生,22,0,22,凱基-中壢,2023-04-12,9285
3011,今皓,29,7,22,凱基-中壢,2023-04-12,9285
2609,陽明,41,20,21,凱基-中壢,2023-04-12,9285
5488,松普,22,1,21,凱基-中壢,2023-04-12,9285
6829,千附精密,23,2,21,凱基-中壢,2023-04-12,9285
4155,訊映,23,2,21,凱基-中壢,2023-04-12,9285
00902,中信電池及儲能,20,0,20,凱基-中壢,2023-04-12,9285
2208,台船,33,14,19,凱基-中壢,2023-04-12,9285
2353,宏��,21,3,18,凱基-中壢,2023-04-12,9285
5464,霖宏,18,1,17,凱基-中壢,2023-04-12,9285
3035,智原,48,31,17,凱基-中壢,2023-04-12,9285
3491,昇達科,22,6,16,凱基-中壢,2023-04-12,9285
6285,啟��,21,6,15,凱基-中壢,2023-04-12,9285
5425,台半,30,16,14,凱基-中壢,2023-04-12,9285
6461,益得,16,2,14,凱基-中壢,2023-04-12,9285
2722,夏都,13,0,13,凱基-中壢,2023-04-12,9285
3027,盛達,93,80,13,凱基-中壢,2023-04-12,9285
2330,台積電,23,10,13,凱基-中壢,2023-04-12,9285
6245,立端,12,0,12,凱基-中壢,2023-04-12,9285
3029,零壹,14,2,12,凱基-中壢,2023-04-12,9285
5314,世紀,12,0,12,凱基-中壢,2023-04-12,9285
3594,磐儀,46,34,12,凱基-中壢,2023-04-12,9285
2705,六福,12,0,12,凱基-中壢,2023-04-12,9285
8467,波力-KY,12,0,12,凱基-中壢,2023-04-12,9285
1785,光洋科,12,0,12,凱基-中壢,2023-04-12,9285
8936,國統,15,3,12,凱基-中壢,2023-04-12,9285
8926,台汽電,32,21,11,凱基-中壢,2023-04-12,9285
2338,光罩,11,0,11,凱基-中壢,2023-04-12,9285
3325,旭品,18,7,11,凱基-中壢,2023-04-12,9285
4114,健喬,20,9,11,凱基-中壢,2023-04-12,9285
5351,鈺創,16,5,11,凱基-中壢,2023-04-12,9285
00673R,期元大S＆P原油反1,194,0,194,凱基-中壢,2023-04-13,9285
00878,國泰永續高股息,181,31,150,凱基-中壢,2023-04-13,9285
00712,復華富時不動產,74,0,74,凱基-中壢,2023-04-13,9285
00713,元大台灣高息低波,71,0,71,凱基-中壢,2023-04-13,9285
00676R,富邦臺灣加權反1,70,0,70,凱基-中壢,2023-04-13,9285
5009,榮剛,109,41,68,凱基-中壢,2023-04-13,9285
2303,聯電,70,10,60,凱基-中壢,2023-04-13,9285
00665L,富邦�琤肭磪囓�2,60,0,60,凱基-中壢,2023-04-13,9285
2634,漢翔,112,57,55,凱基-中壢,2023-04-13,9285
3013,晟銘電,63,11,52,凱基-中壢,2023-04-13,9285
3711,日月光投控,54,4,50,凱基-中壢,2023-04-13,9285
6282,康舒,51,4,47,凱基-中壢,2023-04-13,9285
00900,富邦特選高股息30,44,0,44,凱基-中壢,2023-04-13,9285
00923,群益台ESG低碳50,40,1,39,凱基-中壢,2023-04-13,9285
9103,美德醫療-DR,39,0,39,凱基-中壢,2023-04-13,9285
1442,名軒,36,0,36,凱基-中壢,2023-04-13,9285
6163,華電網,59,24,35,凱基-中壢,2023-04-13,9285
3520,華盈,32,0,32,凱基-中壢,2023-04-13,9285
2330,台積電,41,12,29,凱基-中壢,2023-04-13,9285
00881,國泰台灣5G+,29,0,29,凱基-中壢,2023-04-13,9285
2453,凌群,36,8,28,凱基-中壢,2023-04-13,9285
1503,士電,59,31,28,凱基-中壢,2023-04-13,9285
00922,國泰台灣領袖50,27,0,27,凱基-中壢,2023-04-13,9285
00679B,元大美債20年,29,2,27,凱基-中壢,2023-04-13,9285
6538,倉和,29,2,27,凱基-中壢,2023-04-13,9285
6465,威潤,28,1,27,凱基-中壢,2023-04-13,9285
3189,景碩,25,0,25,凱基-中壢,2023-04-13,9285
3499,環天科,31,6,25,凱基-中壢,2023-04-13,9285
5388,中磊,23,0,23,凱基-中壢,2023-04-13,9285
2344,華邦電,32,10,22,凱基-中壢,2023-04-13,9285
00893,國泰智能電動車,22,0,22,凱基-中壢,2023-04-13,9285
3162,精確,23,1,22,凱基-中壢,2023-04-13,9285
3607,谷崧,20,0,20,凱基-中壢,2023-04-13,9285
2313,華通,30,10,20,凱基-中壢,2023-04-13,9285
6111,大宇資,20,0,20,凱基-中壢,2023-04-13,9285
4173,久裕,20,0,20,凱基-中壢,2023-04-13,9285
1609,大亞,85,65,20,凱基-中壢,2023-04-13,9285
6531,愛普*,24,5,19,凱基-中壢,2023-04-13,9285
6753,龍德造船,29,10,19,凱基-中壢,2023-04-13,9285
5353,台林,41,22,19,凱基-中壢,2023-04-13,9285
3558,神準,20,2,18,凱基-中壢,2023-04-13,9285
3545,敦泰,26,8,18,凱基-中壢,2023-04-13,9285
6133,金橋,18,1,17,凱基-中壢,2023-04-13,9285
1612,宏泰,17,0,17,凱基-中壢,2023-04-13,9285
6185,幃翔,17,1,16,凱基-中壢,2023-04-13,9285
1512,瑞利,16,0,16,凱基-中壢,2023-04-13,9285
00635U,期元大S＆P黃金,15,0,15,凱基-中壢,2023-04-13,9285
2429,銘旺科,15,0,15,凱基-中壢,2023-04-13,9285
4130,健亞,16,1,15,凱基-中壢,2023-04-13,9285
5309,系統電,22,8,14,凱基-中壢,2023-04-13,9285
2634,漢翔,257,68,189,凱基-中壢,2023-04-14,9285
00673R,期元大S＆P原油反1,243,61,182,凱基-中壢,2023-04-14,9285
00650L,復華香港正2,161,43,118,凱基-中壢,2023-04-14,9285
00712,復華富時不動產,74,0,74,凱基-中壢,2023-04-14,9285
00679B,元大美債20年,68,0,68,凱基-中壢,2023-04-14,9285
00637L,元大滬深300正2,122,56,66,凱基-中壢,2023-04-14,9285
2457,飛宏,89,33,56,凱基-中壢,2023-04-14,9285
3481,群創,119,67,52,凱基-中壢,2023-04-14,9285
00665L,富邦�琤肭磪囓�2,50,0,50,凱基-中壢,2023-04-14,9285
00720B,元大投資級公司債,50,2,48,凱基-中壢,2023-04-14,9285
2382,廣達,47,1,46,凱基-中壢,2023-04-14,9285
00878,國泰永續高股息,101,57,44,凱基-中壢,2023-04-14,9285
2913,農林,46,3,43,凱基-中壢,2023-04-14,9285
00772B,中信高評級公司債,35,1,34,凱基-中壢,2023-04-14,9285
00632R,元大台灣50反1,160,126,34,凱基-中壢,2023-04-14,9285
2482,連宇,41,9,32,凱基-中壢,2023-04-14,9285
1312,國喬,32,0,32,凱基-中壢,2023-04-14,9285
3011,今皓,42,11,31,凱基-中壢,2023-04-14,9285
6220,岳豐,31,0,31,凱基-中壢,2023-04-14,9285
5222,全訊,33,3,30,凱基-中壢,2023-04-14,9285
2303,聯電,32,5,27,凱基-中壢,2023-04-14,9285
2402,毅嘉,125,98,27,凱基-中壢,2023-04-14,9285
4541,晟田,37,10,27,凱基-中壢,2023-04-14,9285
3545,敦泰,38,15,23,凱基-中壢,2023-04-14,9285
2002,中鋼,26,3,23,凱基-中壢,2023-04-14,9285
1609,大亞,45,23,22,凱基-中壢,2023-04-14,9285
8088,品安,28,8,20,凱基-中壢,2023-04-14,9285
00671R,富邦NASDAQ反1,20,0,20,凱基-中壢,2023-04-14,9285
1608,華榮,20,0,20,凱基-中壢,2023-04-14,9285
2471,資通,24,4,20,凱基-中壢,2023-04-14,9285
2614,東森,30,11,19,凱基-中壢,2023-04-14,9285
00903,富邦元宇宙,18,0,18,凱基-中壢,2023-04-14,9285
2736,富野,17,0,17,凱基-中壢,2023-04-14,9285
1442,名軒,16,0,16,凱基-中壢,2023-04-14,9285
4916,事欣科,22,7,15,凱基-中壢,2023-04-14,9285
6116,彩晶,77,63,14,凱基-中壢,2023-04-14,9285
2702,華園,16,2,14,凱基-中壢,2023-04-14,9285
7402,邑錡,30,16,14,凱基-中壢,2023-04-14,9285
2880,華南金,15,1,14,凱基-中壢,2023-04-14,9285
3260,威剛,14,1,13,凱基-中壢,2023-04-14,9285
5403,中菲,14,1,13,凱基-中壢,2023-04-14,9285
1584,精剛,61,48,13,凱基-中壢,2023-04-14,9285
1314,中石化,16,4,12,凱基-中壢,2023-04-14,9285
4155,訊映,13,1,12,凱基-中壢,2023-04-14,9285
5371,中光電,16,4,12,凱基-中壢,2023-04-14,9285
2208,台船,93,81,12,凱基-中壢,2023-04-14,9285
9945,潤泰新,12,1,11,凱基-中壢,2023-04-14,9285
3178,公準,15,4,11,凱基-中壢,2023-04-14,9285
6152,百一,11,0,11,凱基-中壢,2023-04-14,9285
6209,今國光,14,3,11,凱基-中壢,2023-04-14,9285
6282,康舒,286,85,201,凱基-中壢,2023-04-17,9285
1417,嘉裕,203,11,192,凱基-中壢,2023-04-17,9285
00720B,元大投資級公司債,124,0,124,凱基-中壢,2023-04-17,9285
3058,立德,92,3,89,凱基-中壢,2023-04-17,9285
2630,亞航,86,3,83,凱基-中壢,2023-04-17,9285
2002,中鋼,97,16,81,凱基-中壢,2023-04-17,9285
00712,復華富時不動產,77,1,76,凱基-中壢,2023-04-17,9285
2208,台船,151,78,73,凱基-中壢,2023-04-17,9285
6443,元晶,69,6,63,凱基-中壢,2023-04-17,9285
00679B,元大美債20年,64,1,63,凱基-中壢,2023-04-17,9285
3207,耀勝,56,0,56,凱基-中壢,2023-04-17,9285
00715L,期街口布蘭特正2,104,48,56,凱基-中壢,2023-04-17,9285
1605,華新,105,56,49,凱基-中壢,2023-04-17,9285
6266,泰詠,60,12,48,凱基-中壢,2023-04-17,9285
2482,連宇,48,3,45,凱基-中壢,2023-04-17,9285
00688L,國泰20年美債正2,37,0,37,凱基-中壢,2023-04-17,9285
00642U,期元大S＆P石油,38,1,37,凱基-中壢,2023-04-17,9285
00680L,元大美債20正2,34,0,34,凱基-中壢,2023-04-17,9285
3594,磐儀,59,26,33,凱基-中壢,2023-04-17,9285
00772B,中信高評級公司債,38,6,32,凱基-中壢,2023-04-17,9285
6125,廣運,33,1,32,凱基-中壢,2023-04-17,9285
2308,台達電,36,4,32,凱基-中壢,2023-04-17,9285
00671R,富邦NASDAQ反1,31,0,31,凱基-中壢,2023-04-17,9285
00903,富邦元宇宙,42,12,30,凱基-中壢,2023-04-17,9285
9945,潤泰新,29,0,29,凱基-中壢,2023-04-17,9285
3029,零壹,64,35,29,凱基-中壢,2023-04-17,9285
00687B,國泰20年美債,28,0,28,凱基-中壢,2023-04-17,9285
6185,幃翔,25,0,25,凱基-中壢,2023-04-17,9285
00888,永豐台灣ESG,25,0,25,凱基-中壢,2023-04-17,9285
00665L,富邦�琤肭磪囓�2,25,0,25,凱基-中壢,2023-04-17,9285
3712,永崴投控,39,14,25,凱基-中壢,2023-04-17,9285
2402,毅嘉,31,6,25,凱基-中壢,2023-04-17,9285
9958,世紀鋼,43,18,25,凱基-中壢,2023-04-17,9285
1314,中石化,23,0,23,凱基-中壢,2023-04-17,9285
1584,精剛,26,4,22,凱基-中壢,2023-04-17,9285
4543,萬在,22,0,22,凱基-中壢,2023-04-17,9285
2324,仁寶,21,2,19,凱基-中壢,2023-04-17,9285
2618,長榮航,52,33,19,凱基-中壢,2023-04-17,9285
1308,亞聚,16,0,16,凱基-中壢,2023-04-17,9285
6235,華孚,72,56,16,凱基-中壢,2023-04-17,9285
2368,金像電,27,11,16,凱基-中壢,2023-04-17,9285
00922,國泰台灣領袖50,15,0,15,凱基-中壢,2023-04-17,9285
4142,國光生,15,0,15,凱基-中壢,2023-04-17,9285
00881,國泰台灣5G+,16,2,14,凱基-中壢,2023-04-17,9285
2884,玉山金,25,12,13,凱基-中壢,2023-04-17,9285
6446,藥華藥,13,0,13,凱基-中壢,2023-04-17,9285
6547,高端疫苗,29,16,13,凱基-中壢,2023-04-17,9285
2382,廣達,18,5,13,凱基-中壢,2023-04-17,9285
5009,榮剛,35,23,12,凱基-中壢,2023-04-17,9285
00673R,期元大S＆P原油反1,12,0,12,凱基-中壢,2023-04-17,9285
6015,宏遠證,250,0,250,凱基-中壢,2023-04-18,9285
00720B,元大投資級公司債,230,0,230,凱基-中壢,2023-04-18,9285
00673R,期元大S＆P原油反1,122,14,108,凱基-中壢,2023-04-18,9285
00715L,期街口布蘭特正2,101,0,101,凱基-中壢,2023-04-18,9285
00632R,元大台灣50反1,113,21,92,凱基-中壢,2023-04-18,9285
00712,復華富時不動產,66,1,65,凱基-中壢,2023-04-18,9285
00679B,元大美債20年,67,5,62,凱基-中壢,2023-04-18,9285
6443,元晶,126,65,61,凱基-中壢,2023-04-18,9285
2727,王品,73,15,58,凱基-中壢,2023-04-18,9285
1584,精剛,112,59,53,凱基-中壢,2023-04-18,9285
2601,益航,96,44,52,凱基-中壢,2023-04-18,9285
5009,榮剛,78,27,51,凱基-中壢,2023-04-18,9285
00671R,富邦NASDAQ反1,50,0,50,凱基-中壢,2023-04-18,9285
1612,宏泰,52,5,47,凱基-中壢,2023-04-18,9285
00878,國泰永續高股息,60,18,42,凱基-中壢,2023-04-18,9285
8105,凌巨,42,2,40,凱基-中壢,2023-04-18,9285
1752,南光,65,29,36,凱基-中壢,2023-04-18,9285
2618,長榮航,36,1,35,凱基-中壢,2023-04-18,9285
1618,合機,34,0,34,凱基-中壢,2023-04-18,9285
9958,世紀鋼,36,2,34,凱基-中壢,2023-04-18,9285
2634,漢翔,224,190,34,凱基-中壢,2023-04-18,9285
1513,中興電,47,14,33,凱基-中壢,2023-04-18,9285
5315,光聯,35,3,32,凱基-中壢,2023-04-18,9285
00772B,中信高評級公司債,38,10,28,凱基-中壢,2023-04-18,9285
2329,華泰,28,0,28,凱基-中壢,2023-04-18,9285
1609,大亞,51,24,27,凱基-中壢,2023-04-18,9285
6527,明達醫,27,0,27,凱基-中壢,2023-04-18,9285
8121,越峰,32,5,27,凱基-中壢,2023-04-18,9285
8033,雷虎,84,59,25,凱基-中壢,2023-04-18,9285
00680L,元大美債20正2,73,48,25,凱基-中壢,2023-04-18,9285
4147,中裕,60,35,25,凱基-中壢,2023-04-18,9285
00688L,國泰20年美債正2,23,0,23,凱基-中壢,2023-04-18,9285
1529,樂事綠能,23,1,22,凱基-中壢,2023-04-18,9285
6285,啟��,33,11,22,凱基-中壢,2023-04-18,9285
6125,廣運,22,0,22,凱基-中壢,2023-04-18,9285
00881,國泰台灣5G+,22,0,22,凱基-中壢,2023-04-18,9285
2457,飛宏,136,114,22,凱基-中壢,2023-04-18,9285
6288,聯嘉,27,7,20,凱基-中壢,2023-04-18,9285
3016,嘉晶,20,0,20,凱基-中壢,2023-04-18,9285
6244,茂迪,93,73,20,凱基-中壢,2023-04-18,9285
4968,立積,27,8,19,凱基-中壢,2023-04-18,9285
00751B,元大AAA至A公司債,19,0,19,凱基-中壢,2023-04-18,9285
1809,中釉,33,14,19,凱基-中壢,2023-04-18,9285
3078,僑威,21,3,18,凱基-中壢,2023-04-18,9285
2338,光罩,19,1,18,凱基-中壢,2023-04-18,9285
1444,力麗,80,62,18,凱基-中壢,2023-04-18,9285
3046,建��,33,16,17,凱基-中壢,2023-04-18,9285
1519,華城,82,65,17,凱基-中壢,2023-04-18,9285
2471,資通,30,14,16,凱基-中壢,2023-04-18,9285
4916,事欣科,18,2,16,凱基-中壢,2023-04-18,9285
2867,三商壽,150,10,140,凱基-中壢,2023-04-19,9285
6220,岳豐,120,0,120,凱基-中壢,2023-04-19,9285
1810,和成,196,80,116,凱基-中壢,2023-04-19,9285
3011,今皓,115,14,101,凱基-中壢,2023-04-19,9285
1101,台泥,109,17,92,凱基-中壢,2023-04-19,9285
00637L,元大滬深300正2,92,3,89,凱基-中壢,2023-04-19,9285
00712,復華富時不動產,72,3,69,凱基-中壢,2023-04-19,9285
2634,漢翔,139,74,65,凱基-中壢,2023-04-19,9285
4123,晟德,69,4,65,凱基-中壢,2023-04-19,9285
00665L,富邦�琤肭磪囓�2,60,0,60,凱基-中壢,2023-04-19,9285
00720B,元大投資級公司債,57,0,57,凱基-中壢,2023-04-19,9285
00715L,期街口布蘭特正2,52,0,52,凱基-中壢,2023-04-19,9285
6753,龍德造船,52,2,50,凱基-中壢,2023-04-19,9285
2457,飛宏,101,58,43,凱基-中壢,2023-04-19,9285
3673,TPK-KY,128,93,35,凱基-中壢,2023-04-19,9285
3305,昇貿,33,1,32,凱基-中壢,2023-04-19,9285
1609,大亞,52,21,31,凱基-中壢,2023-04-19,9285
00888,永豐台灣ESG,29,0,29,凱基-中壢,2023-04-19,9285
8927,北基,30,1,29,凱基-中壢,2023-04-19,9285
2328,廣宇,33,5,28,凱基-中壢,2023-04-19,9285
1444,力麗,66,38,28,凱基-中壢,2023-04-19,9285
2208,台船,43,16,27,凱基-中壢,2023-04-19,9285
00923,群益台ESG低碳50,27,0,27,凱基-中壢,2023-04-19,9285
00772B,中信高評級公司債,27,1,26,凱基-中壢,2023-04-19,9285
6188,廣明,29,5,24,凱基-中壢,2023-04-19,9285
4526,東台,22,0,22,凱基-中壢,2023-04-19,9285
6209,今國光,23,1,22,凱基-中壢,2023-04-19,9285
2645,長榮航太,23,2,21,凱基-中壢,2023-04-19,9285
00679B,元大美債20年,21,0,21,凱基-中壢,2023-04-19,9285
5512,力麒,21,0,21,凱基-中壢,2023-04-19,9285
1471,首利,29,8,21,凱基-中壢,2023-04-19,9285
3710,連展投控,20,0,20,凱基-中壢,2023-04-19,9285
1708,東鹼,54,35,19,凱基-中壢,2023-04-19,9285
2618,長榮航,24,5,19,凱基-中壢,2023-04-19,9285
2405,輔信,34,15,19,凱基-中壢,2023-04-19,9285
3022,威強電,20,1,19,凱基-中壢,2023-04-19,9285
2313,華通,19,0,19,凱基-中壢,2023-04-19,9285
8074,鉅橡,19,0,19,凱基-中壢,2023-04-19,9285
1513,中興電,31,12,19,凱基-中壢,2023-04-19,9285
6182,合晶,31,12,19,凱基-中壢,2023-04-19,9285
00900,富邦特選高股息30,29,11,18,凱基-中壢,2023-04-19,9285
6443,元晶,44,27,17,凱基-中壢,2023-04-19,9285
6770,力積電,40,23,17,凱基-中壢,2023-04-19,9285
2303,聯電,33,16,17,凱基-中壢,2023-04-19,9285
2330,台積電,23,6,17,凱基-中壢,2023-04-19,9285
8210,勤誠,20,4,16,凱基-中壢,2023-04-19,9285
2495,普安,39,23,16,凱基-中壢,2023-04-19,9285
8046,南電,21,6,15,凱基-中壢,2023-04-19,9285
2601,益航,27,12,15,凱基-中壢,2023-04-19,9285
4979,華星光,82,67,15,凱基-中壢,2023-04-19,9285
00637L,元大滬深300正2,643,100,543,凱基-中壢,2023-04-20,9285
00673R,期元大S＆P原油反1,229,48,181,凱基-中壢,2023-04-20,9285
6220,岳豐,105,0,105,凱基-中壢,2023-04-20,9285
2515,中工,99,0,99,凱基-中壢,2023-04-20,9285
2027,大成鋼,103,4,99,凱基-中壢,2023-04-20,9285
00650L,復華香港正2,184,92,92,凱基-中壢,2023-04-20,9285
6770,力積電,100,16,84,凱基-中壢,2023-04-20,9285
6288,聯嘉,96,13,83,凱基-中壢,2023-04-20,9285
8403,盛弘,100,21,79,凱基-中壢,2023-04-20,9285
00878,國泰永續高股息,116,42,74,凱基-中壢,2023-04-20,9285
3149,正達,58,0,58,凱基-中壢,2023-04-20,9285
2201,裕隆,111,56,55,凱基-中壢,2023-04-20,9285
2634,漢翔,87,34,53,凱基-中壢,2023-04-20,9285
00679B,元大美債20年,51,0,51,凱基-中壢,2023-04-20,9285
6266,泰詠,65,14,51,凱基-中壢,2023-04-20,9285
1536,和大,54,3,51,凱基-中壢,2023-04-20,9285
8420,明揚,50,0,50,凱基-中壢,2023-04-20,9285
00665L,富邦�琤肭磪囓�2,50,0,50,凱基-中壢,2023-04-20,9285
1710,東聯,48,0,48,凱基-中壢,2023-04-20,9285
4129,聯合,43,1,42,凱基-中壢,2023-04-20,9285
2645,長榮航太,44,5,39,凱基-中壢,2023-04-20,9285
3078,僑威,51,15,36,凱基-中壢,2023-04-20,9285
6477,安集,40,5,35,凱基-中壢,2023-04-20,9285
8033,雷虎,44,10,34,凱基-中壢,2023-04-20,9285
4123,晟德,103,69,34,凱基-中壢,2023-04-20,9285
2913,農林,44,11,33,凱基-中壢,2023-04-20,9285
2618,長榮航,31,0,31,凱基-中壢,2023-04-20,9285
3707,漢磊,34,3,31,凱基-中壢,2023-04-20,9285
5880,合庫金,31,0,31,凱基-中壢,2023-04-20,9285
00888,永豐台灣ESG,31,1,30,凱基-中壢,2023-04-20,9285
3032,偉訓,47,17,30,凱基-中壢,2023-04-20,9285
6125,廣運,31,1,30,凱基-中壢,2023-04-20,9285
6753,龍德造船,32,2,30,凱基-中壢,2023-04-20,9285
6282,康舒,647,618,29,凱基-中壢,2023-04-20,9285
6139,亞翔,28,0,28,凱基-中壢,2023-04-20,9285
3715,定穎投控,49,22,27,凱基-中壢,2023-04-20,9285
2344,華邦電,31,4,27,凱基-中壢,2023-04-20,9285
00720B,元大投資級公司債,27,0,27,凱基-中壢,2023-04-20,9285
2014,中鴻,32,8,24,凱基-中壢,2023-04-20,9285
4934,太極,28,4,24,凱基-中壢,2023-04-20,9285
6235,華孚,51,28,23,凱基-中壢,2023-04-20,9285
6285,啟��,31,8,23,凱基-中壢,2023-04-20,9285
2009,第一銅,36,14,22,凱基-中壢,2023-04-20,9285
00885,富邦越南,24,2,22,凱基-中壢,2023-04-20,9285
3047,訊舟,22,0,22,凱基-中壢,2023-04-20,9285
2498,宏達電,32,11,21,凱基-中壢,2023-04-20,9285
1513,中興電,84,63,21,凱基-中壢,2023-04-20,9285
3576,聯合再生,23,4,19,凱基-中壢,2023-04-20,9285
3016,嘉晶,21,2,19,凱基-中壢,2023-04-20,9285
5009,榮剛,23,5,18,凱基-中壢,2023-04-20,9285
00650L,復華香港正2,622,50,572,凱基-中壢,2023-04-21,9285
8403,盛弘,322,1,321,凱基-中壢,2023-04-21,9285
2727,王品,228,2,226,凱基-中壢,2023-04-21,9285
2867,三商壽,201,5,196,凱基-中壢,2023-04-21,9285
00637L,元大滬深300正2,225,73,152,凱基-中壢,2023-04-21,9285
00665L,富邦�琤肭磪囓�2,122,0,122,凱基-中壢,2023-04-21,9285
6120,達運,89,1,88,凱基-中壢,2023-04-21,9285
00885,富邦越南,85,0,85,凱基-中壢,2023-04-21,9285
6770,力積電,77,8,69,凱基-中壢,2023-04-21,9285
1611,中電,92,26,66,凱基-中壢,2023-04-21,9285
6285,啟��,80,15,65,凱基-中壢,2023-04-21,9285
2406,國碩,64,0,64,凱基-中壢,2023-04-21,9285
1810,和成,103,40,63,凱基-中壢,2023-04-21,9285
1909,榮成,80,23,57,凱基-中壢,2023-04-21,9285
6163,華電網,81,24,57,凱基-中壢,2023-04-21,9285
00664R,國泰臺灣加權反1,60,10,50,凱基-中壢,2023-04-21,9285
00900,富邦特選高股息30,50,3,47,凱基-中壢,2023-04-21,9285
3037,欣興,61,17,44,凱基-中壢,2023-04-21,9285
00712,復華富時不動產,42,1,41,凱基-中壢,2023-04-21,9285
6125,廣運,41,1,40,凱基-中壢,2023-04-21,9285
2615,萬海,46,10,36,凱基-中壢,2023-04-21,9285
00680L,元大美債20正2,35,1,34,凱基-中壢,2023-04-21,9285
6548,長科*,35,1,34,凱基-中壢,2023-04-21,9285
3058,立德,112,80,32,凱基-中壢,2023-04-21,9285
1310,台苯,31,0,31,凱基-中壢,2023-04-21,9285
1806,冠軍,30,0,30,凱基-中壢,2023-04-21,9285
6288,聯嘉,35,8,27,凱基-中壢,2023-04-21,9285
6668,中揚光,27,0,27,凱基-中壢,2023-04-21,9285
2027,大成鋼,28,1,27,凱基-中壢,2023-04-21,9285
2206,三陽工業,73,47,26,凱基-中壢,2023-04-21,9285
2610,華航,24,0,24,凱基-中壢,2023-04-21,9285
2851,中再保,24,0,24,凱基-中壢,2023-04-21,9285
00715L,期街口布蘭特正2,24,1,23,凱基-中壢,2023-04-21,9285
1513,中興電,40,17,23,凱基-中壢,2023-04-21,9285
8201,無敵,22,0,22,凱基-中壢,2023-04-21,9285
2634,漢翔,81,60,21,凱基-中壢,2023-04-21,9285
00720B,元大投資級公司債,21,0,21,凱基-中壢,2023-04-21,9285
3029,零壹,22,2,20,凱基-中壢,2023-04-21,9285
0056,元大高股息,47,27,20,凱基-中壢,2023-04-21,9285
9904,寶成,20,0,20,凱基-中壢,2023-04-21,9285
3363,上詮,20,0,20,凱基-中壢,2023-04-21,9285
3128,昇銳,20,1,19,凱基-中壢,2023-04-21,9285
2329,華泰,20,1,19,凱基-中壢,2023-04-21,9285
00923,群益台ESG低碳50,19,0,19,凱基-中壢,2023-04-21,9285
3035,智原,33,15,18,凱基-中壢,2023-04-21,9285
00679B,元大美債20年,18,0,18,凱基-中壢,2023-04-21,9285
1444,力麗,22,5,17,凱基-中壢,2023-04-21,9285
8105,凌巨,17,1,16,凱基-中壢,2023-04-21,9285
2534,宏盛,20,4,16,凱基-中壢,2023-04-21,9285
00891,中信關鍵半導體,16,0,16,凱基-中壢,2023-04-21,9285
00637L,元大滬深300正2,503,0,503,凱基-中壢,2023-04-24,9285
00650L,復華香港正2,369,0,369,凱基-中壢,2023-04-24,9285
2727,王品,184,14,170,凱基-中壢,2023-04-24,9285
00885,富邦越南,152,0,152,凱基-中壢,2023-04-24,9285
1710,東聯,194,49,145,凱基-中壢,2023-04-24,9285
2303,聯電,145,6,139,凱基-中壢,2023-04-24,9285
2312,金寶,74,0,74,凱基-中壢,2023-04-24,9285
1312,國喬,70,13,57,凱基-中壢,2023-04-24,9285
3605,宏致,50,0,50,凱基-中壢,2023-04-24,9285
2913,農林,174,131,43,凱基-中壢,2023-04-24,9285
4111,濟生,43,1,42,凱基-中壢,2023-04-24,9285
2867,三商壽,50,10,40,凱基-中壢,2023-04-24,9285
00665L,富邦�琤肭磪囓�2,35,0,35,凱基-中壢,2023-04-24,9285
00679B,元大美債20年,33,0,33,凱基-中壢,2023-04-24,9285
1760,寶齡富錦,30,0,30,凱基-中壢,2023-04-24,9285
3078,僑威,36,7,29,凱基-中壢,2023-04-24,9285
2313,華通,28,1,27,凱基-中壢,2023-04-24,9285
1519,華城,49,23,26,凱基-中壢,2023-04-24,9285
00902,中信電池及儲能,25,0,25,凱基-中壢,2023-04-24,9285
00633L,富邦上証正2,28,3,25,凱基-中壢,2023-04-24,9285
8383,千附,24,0,24,凱基-中壢,2023-04-24,9285
00878,國泰永續高股息,38,15,23,凱基-中壢,2023-04-24,9285
6443,元晶,24,2,22,凱基-中壢,2023-04-24,9285
3481,群創,27,5,22,凱基-中壢,2023-04-24,9285
5371,中光電,38,16,22,凱基-中壢,2023-04-24,9285
1310,台苯,97,76,21,凱基-中壢,2023-04-24,9285
5353,台林,24,3,21,凱基-中壢,2023-04-24,9285
6125,廣運,20,0,20,凱基-中壢,2023-04-24,9285
1907,永豐餘,29,9,20,凱基-中壢,2023-04-24,9285
5425,台半,36,16,20,凱基-中壢,2023-04-24,9285
1605,華新,29,11,18,凱基-中壢,2023-04-24,9285
2352,佳世達,19,1,18,凱基-中壢,2023-04-24,9285
2606,裕民,23,5,18,凱基-中壢,2023-04-24,9285
2504,國產,20,2,18,凱基-中壢,2023-04-24,9285
1905,華紙,62,44,18,凱基-中壢,2023-04-24,9285
6770,力積電,25,8,17,凱基-中壢,2023-04-24,9285
2002,中鋼,23,7,16,凱基-中壢,2023-04-24,9285
2457,飛宏,99,83,16,凱基-中壢,2023-04-24,9285
2031,新光鋼,21,6,15,凱基-中壢,2023-04-24,9285
4164,承業醫,15,0,15,凱基-中壢,2023-04-24,9285
8240,華宏,18,3,15,凱基-中壢,2023-04-24,9285
1504,東元,42,27,15,凱基-中壢,2023-04-24,9285
00922,國泰台灣領袖50,22,8,14,凱基-中壢,2023-04-24,9285
1109,信大,14,0,14,凱基-中壢,2023-04-24,9285
00923,群益台ESG低碳50,13,0,13,凱基-中壢,2023-04-24,9285
2610,華航,16,3,13,凱基-中壢,2023-04-24,9285
6179,亞通,13,0,13,凱基-中壢,2023-04-24,9285
1522,堤維西,13,0,13,凱基-中壢,2023-04-24,9285
00713,元大台灣高息低波,12,0,12,凱基-中壢,2023-04-24,9285
1904,正隆,15,3,12,凱基-中壢,2023-04-24,9285
8403,盛弘,305,0,305,凱基-中壢,2023-04-25,9285
1905,華紙,437,246,191,凱基-中壢,2023-04-25,9285
00650L,復華香港正2,184,0,184,凱基-中壢,2023-04-25,9285
2634,漢翔,298,125,173,凱基-中壢,2023-04-25,9285
3058,立德,173,8,165,凱基-中壢,2023-04-25,9285
00673R,期元大S＆P原油反1,140,0,140,凱基-中壢,2023-04-25,9285
4904,遠傳,132,3,129,凱基-中壢,2023-04-25,9285
00637L,元大滬深300正2,233,110,123,凱基-中壢,2023-04-25,9285
1909,榮成,108,10,98,凱基-中壢,2023-04-25,9285
6220,岳豐,81,0,81,凱基-中壢,2023-04-25,9285
4979,華星光,91,14,77,凱基-中壢,2023-04-25,9285
00878,國泰永續高股息,152,91,61,凱基-中壢,2023-04-25,9285
3447,展達,57,0,57,凱基-中壢,2023-04-25,9285
3011,今皓,61,8,53,凱基-中壢,2023-04-25,9285
3231,緯創,55,2,53,凱基-中壢,2023-04-25,9285
2012,春雨,48,0,48,凱基-中壢,2023-04-25,9285
6209,今國光,45,0,45,凱基-中壢,2023-04-25,9285
2913,農林,47,8,39,凱基-中壢,2023-04-25,9285
1714,和桐,41,2,39,凱基-中壢,2023-04-25,9285
00923,群益台ESG低碳50,45,10,35,凱基-中壢,2023-04-25,9285
1710,東聯,37,4,33,凱基-中壢,2023-04-25,9285
2206,三陽工業,88,56,32,凱基-中壢,2023-04-25,9285
9945,潤泰新,35,3,32,凱基-中壢,2023-04-25,9285
3207,耀勝,42,10,32,凱基-中壢,2023-04-25,9285
00900,富邦特選高股息30,36,4,32,凱基-中壢,2023-04-25,9285
00713,元大台灣高息低波,33,1,32,凱基-中壢,2023-04-25,9285
0056,元大高股息,104,74,30,凱基-中壢,2023-04-25,9285
1504,東元,42,13,29,凱基-中壢,2023-04-25,9285
6285,啟��,35,6,29,凱基-中壢,2023-04-25,9285
2027,大成鋼,29,2,27,凱基-中壢,2023-04-25,9285
4114,健喬,30,3,27,凱基-中壢,2023-04-25,9285
00882,中信中國高股息,26,0,26,凱基-中壢,2023-04-25,9285
00919,群益台灣精選高息,25,0,25,凱基-中壢,2023-04-25,9285
3037,欣興,39,14,25,凱基-中壢,2023-04-25,9285
3481,群創,30,6,24,凱基-中壢,2023-04-25,9285
3501,維熹,25,2,23,凱基-中壢,2023-04-25,9285
9907,統一實,23,0,23,凱基-中壢,2023-04-25,9285
00881,國泰台灣5G+,23,0,23,凱基-中壢,2023-04-25,9285
6282,康舒,98,75,23,凱基-中壢,2023-04-25,9285
2453,凌群,26,4,22,凱基-中壢,2023-04-25,9285
4157,太景*-KY,21,0,21,凱基-中壢,2023-04-25,9285
1752,南光,31,11,20,凱基-中壢,2023-04-25,9285
2002,中鋼,34,14,20,凱基-中壢,2023-04-25,9285
00888,永豐台灣ESG,19,0,19,凱基-中壢,2023-04-25,9285
1310,台苯,34,15,19,凱基-中壢,2023-04-25,9285
4130,健亞,20,1,19,凱基-中壢,2023-04-25,9285
8093,保銳,20,2,18,凱基-中壢,2023-04-25,9285
00712,復華富時不動產,22,4,18,凱基-中壢,2023-04-25,9285
2105,正新,20,3,17,凱基-中壢,2023-04-25,9285
6269,台郡,16,0,16,凱基-中壢,2023-04-25,9285
2618,長榮航,182,25,157,凱基-中壢,2023-04-26,9285
2303,聯電,158,16,142,凱基-中壢,2023-04-26,9285
4904,遠傳,136,3,133,凱基-中壢,2023-04-26,9285
00715L,期街口布蘭特正2,92,0,92,凱基-中壢,2023-04-26,9285
00712,復華富時不動產,80,4,76,凱基-中壢,2023-04-26,9285
00885,富邦越南,72,4,68,凱基-中壢,2023-04-26,9285
2609,陽明,62,9,53,凱基-中壢,2023-04-26,9285
2504,國產,51,1,50,凱基-中壢,2023-04-26,9285
2002,中鋼,57,8,49,凱基-中壢,2023-04-26,9285
4977,眾達-KY,44,0,44,凱基-中壢,2023-04-26,9285
5371,中光電,45,7,38,凱基-中壢,2023-04-26,9285
4510,高鋒,36,0,36,凱基-中壢,2023-04-26,9285
00923,群益台ESG低碳50,34,0,34,凱基-中壢,2023-04-26,9285
6244,茂迪,34,1,33,凱基-中壢,2023-04-26,9285
1605,華新,42,10,32,凱基-中壢,2023-04-26,9285
2606,裕民,34,3,31,凱基-中壢,2023-04-26,9285
2610,華航,33,7,26,凱基-中壢,2023-04-26,9285
3058,立德,39,13,26,凱基-中壢,2023-04-26,9285
0056,元大高股息,48,22,26,凱基-中壢,2023-04-26,9285
2634,漢翔,73,48,25,凱基-中壢,2023-04-26,9285
3071,協禧,23,1,22,凱基-中壢,2023-04-26,9285
4566,時碩工業,36,14,22,凱基-中壢,2023-04-26,9285
2882,國泰金,22,1,21,凱基-中壢,2023-04-26,9285
1701,中化,21,0,21,凱基-中壢,2023-04-26,9285
1815,富喬,21,0,21,凱基-中壢,2023-04-26,9285
6209,今國光,20,0,20,凱基-中壢,2023-04-26,9285
1709,和益,21,1,20,凱基-中壢,2023-04-26,9285
3035,智原,43,23,20,凱基-中壢,2023-04-26,9285
8088,品安,20,1,19,凱基-中壢,2023-04-26,9285
006208,富邦台50,19,0,19,凱基-中壢,2023-04-26,9285
8222,寶一,45,27,18,凱基-中壢,2023-04-26,9285
2027,大成鋼,18,1,17,凱基-中壢,2023-04-26,9285
00679B,元大美債20年,34,18,16,凱基-中壢,2023-04-26,9285
3711,日月光投控,18,2,16,凱基-中壢,2023-04-26,9285
00830,國泰費城半導體,16,0,16,凱基-中壢,2023-04-26,9285
3702,大聯大,15,0,15,凱基-中壢,2023-04-26,9285
00687B,國泰20年美債,25,10,15,凱基-中壢,2023-04-26,9285
4973,廣穎,15,0,15,凱基-中壢,2023-04-26,9285
00713,元大台灣高息低波,15,0,15,凱基-中壢,2023-04-26,9285
00888,永豐台灣ESG,15,0,15,凱基-中壢,2023-04-26,9285
0050,元大台灣50,14,0,14,凱基-中壢,2023-04-26,9285
1904,正隆,16,2,14,凱基-中壢,2023-04-26,9285
00772B,中信高評級公司債,15,2,13,凱基-中壢,2023-04-26,9285
4114,健喬,19,6,13,凱基-中壢,2023-04-26,9285
00857B,永豐20年美公債,13,0,13,凱基-中壢,2023-04-26,9285
9904,寶成,13,0,13,凱基-中壢,2023-04-26,9285
2031,新光鋼,12,0,12,凱基-中壢,2023-04-26,9285
3532,台勝科,12,0,12,凱基-中壢,2023-04-26,9285
2630,亞航,12,0,12,凱基-中壢,2023-04-26,9285
1909,榮成,14,3,11,凱基-中壢,2023-04-26,9285
8403,盛弘,408,6,402,凱基-中壢,2023-04-27,9285
1905,華紙,254,48,206,凱基-中壢,2023-04-27,9285
00715L,期街口布蘭特正2,176,1,175,凱基-中壢,2023-04-27,9285
00650L,復華香港正2,161,0,161,凱基-中壢,2023-04-27,9285
00637L,元大滬深300正2,144,34,110,凱基-中壢,2023-04-27,9285
2303,聯電,98,18,80,凱基-中壢,2023-04-27,9285
4306,炎洲,70,0,70,凱基-中壢,2023-04-27,9285
00712,復華富時不動產,54,2,52,凱基-中壢,2023-04-27,9285
1909,榮成,50,0,50,凱基-中壢,2023-04-27,9285
1409,新纖,50,0,50,凱基-中壢,2023-04-27,9285
00642U,期元大S＆P石油,38,0,38,凱基-中壢,2023-04-27,9285
3481,群創,41,3,38,凱基-中壢,2023-04-27,9285
1310,台苯,47,9,38,凱基-中壢,2023-04-27,9285
2002,中鋼,40,2,38,凱基-中壢,2023-04-27,9285
1519,華城,40,8,32,凱基-中壢,2023-04-27,9285
2201,裕隆,39,7,32,凱基-中壢,2023-04-27,9285
3447,展達,32,0,32,凱基-中壢,2023-04-27,9285
00772B,中信高評級公司債,35,4,31,凱基-中壢,2023-04-27,9285
4763,材料-KY,56,27,29,凱基-中壢,2023-04-27,9285
1789,神隆,28,1,27,凱基-中壢,2023-04-27,9285
5371,中光電,28,1,27,凱基-中壢,2023-04-27,9285
00878,國泰永續高股息,30,3,27,凱基-中壢,2023-04-27,9285
1101,台泥,51,26,25,凱基-中壢,2023-04-27,9285
00902,中信電池及儲能,23,0,23,凱基-中壢,2023-04-27,9285
2344,華邦電,28,6,22,凱基-中壢,2023-04-27,9285
5488,松普,23,1,22,凱基-中壢,2023-04-27,9285
6741,91APP*-KY,24,4,20,凱基-中壢,2023-04-27,9285
00903,富邦元宇宙,20,0,20,凱基-中壢,2023-04-27,9285
2409,友達,40,20,20,凱基-中壢,2023-04-27,9285
5512,力麒,20,0,20,凱基-中壢,2023-04-27,9285
3013,晟銘電,40,20,20,凱基-中壢,2023-04-27,9285
6125,廣運,20,0,20,凱基-中壢,2023-04-27,9285
2376,技嘉,20,1,19,凱基-中壢,2023-04-27,9285
8215,明基材,20,2,18,凱基-中壢,2023-04-27,9285
6282,康舒,30,12,18,凱基-中壢,2023-04-27,9285
0056,元大高股息,23,5,18,凱基-中壢,2023-04-27,9285
2883B,凱基金乙特,15,0,15,凱基-中壢,2023-04-27,9285
8110,華東,15,0,15,凱基-中壢,2023-04-27,9285
1584,精剛,21,7,14,凱基-中壢,2023-04-27,9285
00679B,元大美債20年,27,13,14,凱基-中壢,2023-04-27,9285
4114,健喬,15,2,13,凱基-中壢,2023-04-27,9285
6182,合晶,13,0,13,凱基-中壢,2023-04-27,9285
1762,中化生,15,2,13,凱基-中壢,2023-04-27,9285
6266,泰詠,23,10,13,凱基-中壢,2023-04-27,9285
1711,永光,85,73,12,凱基-中壢,2023-04-27,9285
2328,廣宇,12,0,12,凱基-中壢,2023-04-27,9285
8046,南電,18,7,11,凱基-中壢,2023-04-27,9285
00692,富邦公司治理,11,0,11,凱基-中壢,2023-04-27,9285
2530,華建,10,0,10,凱基-中壢,2023-04-27,9285
00918,大華優利高填息30,10,0,10,凱基-中壢,2023-04-27,9285
6266,泰詠,199,1,198,凱基-中壢,2023-04-28,9285
2727,王品,177,21,156,凱基-中壢,2023-04-28,9285
2409,友達,113,11,102,凱基-中壢,2023-04-28,9285
1783,和康生,102,1,101,凱基-中壢,2023-04-28,9285
2888,新光金,100,0,100,凱基-中壢,2023-04-28,9285
2845,遠東銀,99,0,99,凱基-中壢,2023-04-28,9285
6282,康舒,109,11,98,凱基-中壢,2023-04-28,9285
1727,中華化,114,59,55,凱基-中壢,2023-04-28,9285
2634,漢翔,140,87,53,凱基-中壢,2023-04-28,9285
1409,新纖,50,0,50,凱基-中壢,2023-04-28,9285
3419,譁裕,60,11,49,凱基-中壢,2023-04-28,9285
5009,榮剛,81,34,47,凱基-中壢,2023-04-28,9285
2880,華南金,48,2,46,凱基-中壢,2023-04-28,9285
2630,亞航,45,2,43,凱基-中壢,2023-04-28,9285
2022,聚亨,45,3,42,凱基-中壢,2023-04-28,9285
00878,國泰永續高股息,68,27,41,凱基-中壢,2023-04-28,9285
00715L,期街口布蘭特正2,52,11,41,凱基-中壢,2023-04-28,9285
2645,長榮航太,36,4,32,凱基-中壢,2023-04-28,9285
1529,樂事綠能,37,6,31,凱基-中壢,2023-04-28,9285
00903,富邦元宇宙,30,0,30,凱基-中壢,2023-04-28,9285
00772B,中信高評級公司債,33,5,28,凱基-中壢,2023-04-28,9285
2609,陽明,38,10,28,凱基-中壢,2023-04-28,9285
3481,群創,59,31,28,凱基-中壢,2023-04-28,9285
8936,國統,26,0,26,凱基-中壢,2023-04-28,9285
1310,台苯,44,18,26,凱基-中壢,2023-04-28,9285
2913,農林,38,16,22,凱基-中壢,2023-04-28,9285
1514,亞力,26,6,20,凱基-中壢,2023-04-28,9285
1519,華城,58,38,20,凱基-中壢,2023-04-28,9285
00918,大華優利高填息30,20,0,20,凱基-中壢,2023-04-28,9285
4916,事欣科,49,30,19,凱基-中壢,2023-04-28,9285
6147,頎邦,19,0,19,凱基-中壢,2023-04-28,9285
2031,新光鋼,18,0,18,凱基-中壢,2023-04-28,9285
00893,國泰智能電動車,18,0,18,凱基-中壢,2023-04-28,9285
00680L,元大美債20正2,21,5,16,凱基-中壢,2023-04-28,9285
2812,台中銀,16,0,16,凱基-中壢,2023-04-28,9285
2206,三陽工業,29,14,15,凱基-中壢,2023-04-28,9285
8105,凌巨,15,0,15,凱基-中壢,2023-04-28,9285
2329,華泰,15,0,15,凱基-中壢,2023-04-28,9285
6461,益得,16,1,15,凱基-中壢,2023-04-28,9285
8222,寶一,38,24,14,凱基-中壢,2023-04-28,9285
3664,安瑞-KY,15,1,14,凱基-中壢,2023-04-28,9285
6806,森崴能源,37,23,14,凱基-中壢,2023-04-28,9285
0056,元大高股息,12,0,12,凱基-中壢,2023-04-28,9285
6788,華景電,12,0,12,凱基-中壢,2023-04-28,9285
2049,上銀,11,0,11,凱基-中壢,2023-04-28,9285
2337,旺宏,11,0,11,凱基-中壢,2023-04-28,9285
00720B,元大投資級公司債,11,0,11,凱基-中壢,2023-04-28,9285
2889,國票金,12,1,11,凱基-中壢,2023-04-28,9285
5309,系統電,11,1,10,凱基-中壢,2023-04-28,9285
3178,公準,10,0,10,凱基-中壢,2023-04-28,9285
8403,盛弘,337,2,335,凱基-中壢,2023-05-02,9285
00878,國泰永續高股息,354,95,259,凱基-中壢,2023-05-02,9285
2640,大車隊,186,0,186,凱基-中壢,2023-05-02,9285
2104,國際中橡,150,1,149,凱基-中壢,2023-05-02,9285
5381,合正,128,0,128,凱基-中壢,2023-05-02,9285
1609,大亞,203,90,113,凱基-中壢,2023-05-02,9285
2618,長榮航,101,11,90,凱基-中壢,2023-05-02,9285
00680L,元大美債20正2,85,0,85,凱基-中壢,2023-05-02,9285
2482,連宇,78,14,64,凱基-中壢,2023-05-02,9285
2609,陽明,76,28,48,凱基-中壢,2023-05-02,9285
1442,名軒,48,1,47,凱基-中壢,2023-05-02,9285
00650L,復華香港正2,48,5,43,凱基-中壢,2023-05-02,9285
2371,大同,53,14,39,凱基-中壢,2023-05-02,9285
00720B,元大投資級公司債,39,0,39,凱基-中壢,2023-05-02,9285
00903,富邦元宇宙,50,11,39,凱基-中壢,2023-05-02,9285
2344,華邦電,43,6,37,凱基-中壢,2023-05-02,9285
6235,華孚,37,2,35,凱基-中壢,2023-05-02,9285
4129,聯合,35,0,35,凱基-中壢,2023-05-02,9285
1529,樂事綠能,38,5,33,凱基-中壢,2023-05-02,9285
2630,亞航,43,11,32,凱基-中壢,2023-05-02,9285
2031,新光鋼,32,1,31,凱基-中壢,2023-05-02,9285
00679B,元大美債20年,27,0,27,凱基-中壢,2023-05-02,9285
3693,營邦,27,0,27,凱基-中壢,2023-05-02,9285
00673R,期元大S＆P原油反1,27,0,27,凱基-中壢,2023-05-02,9285
1519,華城,99,73,26,凱基-中壢,2023-05-02,9285
00772B,中信高評級公司債,26,1,25,凱基-中壢,2023-05-02,9285
00751B,元大AAA至A公司債,35,10,25,凱基-中壢,2023-05-02,9285
6220,岳豐,24,0,24,凱基-中壢,2023-05-02,9285
1783,和康生,23,0,23,凱基-中壢,2023-05-02,9285
8121,越峰,29,6,23,凱基-中壢,2023-05-02,9285
9945,潤泰新,23,0,23,凱基-中壢,2023-05-02,9285
3029,零壹,77,55,22,凱基-中壢,2023-05-02,9285
6753,龍德造船,22,1,21,凱基-中壢,2023-05-02,9285
2727,王品,32,12,20,凱基-中壢,2023-05-02,9285
00706L,期元大S＆P日圓正2,20,0,20,凱基-中壢,2023-05-02,9285
4904,遠傳,20,0,20,凱基-中壢,2023-05-02,9285
1210,大成,20,0,20,凱基-中壢,2023-05-02,9285
3363,上詮,66,46,20,凱基-中壢,2023-05-02,9285
1905,華紙,80,61,19,凱基-中壢,2023-05-02,9285
2884,玉山金,19,0,19,凱基-中壢,2023-05-02,9285
9919,康那香,19,0,19,凱基-中壢,2023-05-02,9285
1471,首利,18,0,18,凱基-中壢,2023-05-02,9285
6129,普誠,18,0,18,凱基-中壢,2023-05-02,9285
00712,復華富時不動產,18,0,18,凱基-中壢,2023-05-02,9285
2324,仁寶,17,0,17,凱基-中壢,2023-05-02,9285
1514,亞力,34,18,16,凱基-中壢,2023-05-02,9285
6535,順藥,16,0,16,凱基-中壢,2023-05-02,9285
6527,明達醫,16,0,16,凱基-中壢,2023-05-02,9285
2409,友達,20,5,15,凱基-中壢,2023-05-02,9285
8931,大汽電,15,0,15,凱基-中壢,2023-05-02,9285
00715L,期街口布蘭特正2,756,4,752,凱基-中壢,2023-05-03,9285
00637L,元大滬深300正2,448,8,440,凱基-中壢,2023-05-03,9285
00650L,復華香港正2,447,46,401,凱基-中壢,2023-05-03,9285
00878,國泰永續高股息,420,19,401,凱基-中壢,2023-05-03,9285
00712,復華富時不動產,149,3,146,凱基-中壢,2023-05-03,9285
00665L,富邦�琤肭磪囓�2,170,50,120,凱基-中壢,2023-05-03,9285
6148,驊宏資,166,52,114,凱基-中壢,2023-05-03,9285
2640,大車隊,93,0,93,凱基-中壢,2023-05-03,9285
00642U,期元大S＆P石油,74,0,74,凱基-中壢,2023-05-03,9285
1514,亞力,81,7,74,凱基-中壢,2023-05-03,9285
2603,長榮,80,8,72,凱基-中壢,2023-05-03,9285
4763,材料-KY,92,50,42,凱基-中壢,2023-05-03,9285
3419,譁裕,103,66,37,凱基-中壢,2023-05-03,9285
6517,保勝光學,39,3,36,凱基-中壢,2023-05-03,9285
3481,群創,37,2,35,凱基-中壢,2023-05-03,9285
00882,中信中國高股息,30,0,30,凱基-中壢,2023-05-03,9285
3284,太普高,30,0,30,凱基-中壢,2023-05-03,9285
4114,健喬,31,3,28,凱基-中壢,2023-05-03,9285
1762,中化生,36,8,28,凱基-中壢,2023-05-03,9285
6282,康舒,32,5,27,凱基-中壢,2023-05-03,9285
2002,中鋼,25,0,25,凱基-中壢,2023-05-03,9285
00713,元大台灣高息低波,24,0,24,凱基-中壢,2023-05-03,9285
3363,上詮,30,8,22,凱基-中壢,2023-05-03,9285
3058,立德,43,21,22,凱基-中壢,2023-05-03,9285
2609,陽明,57,36,21,凱基-中壢,2023-05-03,9285
00690,兆豐藍籌30,20,0,20,凱基-中壢,2023-05-03,9285
2892,第一金,20,0,20,凱基-中壢,2023-05-03,9285
4916,事欣科,21,1,20,凱基-中壢,2023-05-03,9285
6446,藥華藥,19,0,19,凱基-中壢,2023-05-03,9285
2206,三陽工業,26,7,19,凱基-中壢,2023-05-03,9285
2606,裕民,22,3,19,凱基-中壢,2023-05-03,9285
6179,亞通,20,1,19,凱基-中壢,2023-05-03,9285
3231,緯創,28,9,19,凱基-中壢,2023-05-03,9285
3078,僑威,25,7,18,凱基-中壢,2023-05-03,9285
2615,萬海,32,15,17,凱基-中壢,2023-05-03,9285
2630,亞航,32,15,17,凱基-中壢,2023-05-03,9285
3032,偉訓,15,0,15,凱基-中壢,2023-05-03,9285
00893,國泰智能電動車,15,0,15,凱基-中壢,2023-05-03,9285
2208,台船,16,1,15,凱基-中壢,2023-05-03,9285
1529,樂事綠能,20,5,15,凱基-中壢,2023-05-03,9285
1711,永光,17,2,15,凱基-中壢,2023-05-03,9285
1101,台泥,83,68,15,凱基-中壢,2023-05-03,9285
3664,安瑞-KY,38,24,14,凱基-中壢,2023-05-03,9285
6153,嘉聯益,14,0,14,凱基-中壢,2023-05-03,9285
6472,保瑞,32,18,14,凱基-中壢,2023-05-03,9285
6625,必應,21,8,13,凱基-中壢,2023-05-03,9285
4979,華星光,26,13,13,凱基-中壢,2023-05-03,9285
6244,茂迪,17,4,13,凱基-中壢,2023-05-03,9285
00891,中信關鍵半導體,14,1,13,凱基-中壢,2023-05-03,9285
2610,華航,13,1,12,凱基-中壢,2023-05-03,9285
00715L,期街口布蘭特正2,962,4,958,凱基-中壢,2023-05-04,9285
00878,國泰永續高股息,264,20,244,凱基-中壢,2023-05-04,9285
00642U,期元大S＆P石油,129,0,129,凱基-中壢,2023-05-04,9285
3011,今皓,104,0,104,凱基-中壢,2023-05-04,9285
00712,復華富時不動產,46,0,46,凱基-中壢,2023-05-04,9285
3715,定穎投控,66,29,37,凱基-中壢,2023-05-04,9285
6829,千附精密,31,4,27,凱基-中壢,2023-05-04,9285
3207,耀勝,37,10,27,凱基-中壢,2023-05-04,9285
4111,濟生,27,0,27,凱基-中壢,2023-05-04,9285
6285,啟��,29,2,27,凱基-中壢,2023-05-04,9285
1101,台泥,30,7,23,凱基-中壢,2023-05-04,9285
2851,中再保,22,0,22,凱基-中壢,2023-05-04,9285
1529,樂事綠能,35,14,21,凱基-中壢,2023-05-04,9285
2314,台揚,24,4,20,凱基-中壢,2023-05-04,9285
6209,今國光,25,5,20,凱基-中壢,2023-05-04,9285
5009,榮剛,43,24,19,凱基-中壢,2023-05-04,9285
2610,華航,24,6,18,凱基-中壢,2023-05-04,9285
3687,歐買尬,19,1,18,凱基-中壢,2023-05-04,9285
1513,中興電,56,38,18,凱基-中壢,2023-05-04,9285
2609,陽明,31,14,17,凱基-中壢,2023-05-04,9285
1310,台苯,17,0,17,凱基-中壢,2023-05-04,9285
6163,華電網,29,12,17,凱基-中壢,2023-05-04,9285
2634,漢翔,42,26,16,凱基-中壢,2023-05-04,9285
2640,大車隊,30,15,15,凱基-中壢,2023-05-04,9285
3058,立德,25,11,14,凱基-中壢,2023-05-04,9285
2206,三陽工業,70,56,14,凱基-中壢,2023-05-04,9285
2606,裕民,13,0,13,凱基-中壢,2023-05-04,9285
2409,友達,26,14,12,凱基-中壢,2023-05-04,9285
1308,亞聚,12,0,12,凱基-中壢,2023-05-04,9285
2486,一詮,12,0,12,凱基-中壢,2023-05-04,9285
6874,倍力,12,0,12,凱基-中壢,2023-05-04,9285
3363,上詮,30,19,11,凱基-中壢,2023-05-04,9285
3114,好德,11,0,11,凱基-中壢,2023-05-04,9285
2645,長榮航太,12,1,11,凱基-中壢,2023-05-04,9285
8072,陞泰,11,0,11,凱基-中壢,2023-05-04,9285
6026,福邦證,11,0,11,凱基-中壢,2023-05-04,9285
4541,晟田,29,19,10,凱基-中壢,2023-05-04,9285
6282,康舒,12,2,10,凱基-中壢,2023-05-04,9285
2618,長榮航,12,2,10,凱基-中壢,2023-05-04,9285
911608,明輝-DR,10,0,10,凱基-中壢,2023-05-04,9285
00631L,元大台灣50正2,10,0,10,凱基-中壢,2023-05-04,9285
4207,環泰,10,0,10,凱基-中壢,2023-05-04,9285
2883B,凱基金乙特,10,0,10,凱基-中壢,2023-05-04,9285
3033,威健,17,7,10,凱基-中壢,2023-05-04,9285
4163,鐿鈦,10,0,10,凱基-中壢,2023-05-04,9285
3032,偉訓,13,3,10,凱基-中壢,2023-05-04,9285
3078,僑威,10,0,10,凱基-中壢,2023-05-04,9285
5314,世紀,10,0,10,凱基-中壢,2023-05-04,9285
8390,金益鼎,10,0,10,凱基-中壢,2023-05-04,9285
2317,鴻海,13,4,9,凱基-中壢,2023-05-04,9285
00715L,期街口布蘭特正2,1001,0,1001,凱基-中壢,2023-05-05,9285
00878,國泰永續高股息,281,14,267,凱基-中壢,2023-05-05,9285
6167,久正,159,1,158,凱基-中壢,2023-05-05,9285
00642U,期元大S＆P石油,134,0,134,凱基-中壢,2023-05-05,9285
6148,驊宏資,135,14,121,凱基-中壢,2023-05-05,9285
1529,樂事綠能,94,8,86,凱基-中壢,2023-05-05,9285
2634,漢翔,117,50,67,凱基-中壢,2023-05-05,9285
2606,裕民,60,0,60,凱基-中壢,2023-05-05,9285
2453,凌群,64,9,55,凱基-中壢,2023-05-05,9285
2104,國際中橡,51,0,51,凱基-中壢,2023-05-05,9285
00903,富邦元宇宙,50,0,50,凱基-中壢,2023-05-05,9285
00666R,富邦�琤肭磪齯�1,45,0,45,凱基-中壢,2023-05-05,9285
1905,華紙,62,18,44,凱基-中壢,2023-05-05,9285
2645,長榮航太,45,1,44,凱基-中壢,2023-05-05,9285
00712,復華富時不動產,45,2,43,凱基-中壢,2023-05-05,9285
00720B,元大投資級公司債,42,0,42,凱基-中壢,2023-05-05,9285
2409,友達,51,9,42,凱基-中壢,2023-05-05,9285
6443,元晶,49,10,39,凱基-中壢,2023-05-05,9285
00751B,元大AAA至A公司債,32,0,32,凱基-中壢,2023-05-05,9285
00725B,國泰投資級公司債,30,0,30,凱基-中壢,2023-05-05,9285
00680L,元大美債20正2,32,5,27,凱基-中壢,2023-05-05,9285
2851,中再保,26,0,26,凱基-中壢,2023-05-05,9285
5356,協益,35,9,26,凱基-中壢,2023-05-05,9285
1101,台泥,66,41,25,凱基-中壢,2023-05-05,9285
6282,康舒,42,18,24,凱基-中壢,2023-05-05,9285
5353,台林,28,4,24,凱基-中壢,2023-05-05,9285
3005,神基,35,13,22,凱基-中壢,2023-05-05,9285
6753,龍德造船,22,1,21,凱基-中壢,2023-05-05,9285
2897,王道銀行,20,0,20,凱基-中壢,2023-05-05,9285
1709,和益,20,0,20,凱基-中壢,2023-05-05,9285
6509,聚和,23,3,20,凱基-中壢,2023-05-05,9285
2002,中鋼,20,1,19,凱基-中壢,2023-05-05,9285
3481,群創,24,6,18,凱基-中壢,2023-05-05,9285
00679B,元大美債20年,18,0,18,凱基-中壢,2023-05-05,9285
8183,精星,18,0,18,凱基-中壢,2023-05-05,9285
2609,陽明,27,10,17,凱基-中壢,2023-05-05,9285
3284,太普高,17,0,17,凱基-中壢,2023-05-05,9285
2355,敬鵬,17,0,17,凱基-中壢,2023-05-05,9285
00773B,中信優先金融債,16,0,16,凱基-中壢,2023-05-05,9285
6175,立敦,15,0,15,凱基-中壢,2023-05-05,9285
1310,台苯,16,2,14,凱基-中壢,2023-05-05,9285
3322,建舜電,13,0,13,凱基-中壢,2023-05-05,9285
4164,承業醫,20,7,13,凱基-中壢,2023-05-05,9285
1904,正隆,13,1,12,凱基-中壢,2023-05-05,9285
2201,裕隆,13,1,12,凱基-中壢,2023-05-05,9285
3231,緯創,22,10,12,凱基-中壢,2023-05-05,9285
1589,永冠-KY,17,5,12,凱基-中壢,2023-05-05,9285
2382,廣達,14,2,12,凱基-中壢,2023-05-05,9285
2022,聚亨,17,6,11,凱基-中壢,2023-05-05,9285
00687B,國泰20年美債,11,0,11,凱基-中壢,2023-05-05,9285
2609,陽明,149,11,138,凱基-中壢,2023-05-08,9285
2851,中再保,214,79,135,凱基-中壢,2023-05-08,9285
00878,國泰永續高股息,155,24,131,凱基-中壢,2023-05-08,9285
2888,新光金,103,6,97,凱基-中壢,2023-05-08,9285
00715L,期街口布蘭特正2,234,145,89,凱基-中壢,2023-05-08,9285
2640,大車隊,61,0,61,凱基-中壢,2023-05-08,9285
3078,僑威,81,30,51,凱基-中壢,2023-05-08,9285
5439,高技,50,1,49,凱基-中壢,2023-05-08,9285
1605,華新,83,35,48,凱基-中壢,2023-05-08,9285
1471,首利,44,0,44,凱基-中壢,2023-05-08,9285
00751B,元大AAA至A公司債,35,0,35,凱基-中壢,2023-05-08,9285
4572,駐龍,32,0,32,凱基-中壢,2023-05-08,9285
3058,立德,47,15,32,凱基-中壢,2023-05-08,9285
5483,中美晶,32,3,29,凱基-中壢,2023-05-08,9285
3703,欣陸,28,0,28,凱基-中壢,2023-05-08,9285
5371,中光電,29,1,28,凱基-中壢,2023-05-08,9285
6161,捷波,27,0,27,凱基-中壢,2023-05-08,9285
2887,台新金,43,16,27,凱基-中壢,2023-05-08,9285
2344,華邦電,32,7,25,凱基-中壢,2023-05-08,9285
3481,群創,25,0,25,凱基-中壢,2023-05-08,9285
00690,兆豐藍籌30,30,8,22,凱基-中壢,2023-05-08,9285
8121,越峰,22,0,22,凱基-中壢,2023-05-08,9285
6220,岳豐,21,0,21,凱基-中壢,2023-05-08,9285
4114,健喬,24,4,20,凱基-中壢,2023-05-08,9285
2312,金寶,20,0,20,凱基-中壢,2023-05-08,9285
4763,材料-KY,55,37,18,凱基-中壢,2023-05-08,9285
2449,京元電子,17,0,17,凱基-中壢,2023-05-08,9285
1905,華紙,26,9,17,凱基-中壢,2023-05-08,9285
2408,南亞科,19,2,17,凱基-中壢,2023-05-08,9285
1529,樂事綠能,19,3,16,凱基-中壢,2023-05-08,9285
6527,明達醫,16,0,16,凱基-中壢,2023-05-08,9285
1513,中興電,112,97,15,凱基-中壢,2023-05-08,9285
00882,中信中國高股息,21,7,14,凱基-中壢,2023-05-08,9285
1305,華夏,14,0,14,凱基-中壢,2023-05-08,9285
6446,藥華藥,14,1,13,凱基-中壢,2023-05-08,9285
1795,美時,26,13,13,凱基-中壢,2023-05-08,9285
6472,保瑞,17,4,13,凱基-中壢,2023-05-08,9285
4977,眾達-KY,16,3,13,凱基-中壢,2023-05-08,9285
3354,律勝,13,0,13,凱基-中壢,2023-05-08,9285
3202,樺晟,12,0,12,凱基-中壢,2023-05-08,9285
6173,信昌電,14,2,12,凱基-中壢,2023-05-08,9285
1609,大亞,89,78,11,凱基-中壢,2023-05-08,9285
00720B,元大投資級公司債,11,0,11,凱基-中壢,2023-05-08,9285
2317,鴻海,12,1,11,凱基-中壢,2023-05-08,9285
4129,聯合,11,0,11,凱基-中壢,2023-05-08,9285
4909,新復興,11,0,11,凱基-中壢,2023-05-08,9285
2913,農林,23,12,11,凱基-中壢,2023-05-08,9285
5328,華容,15,4,11,凱基-中壢,2023-05-08,9285
1218,泰山,26,15,11,凱基-中壢,2023-05-08,9285
6125,廣運,56,46,10,凱基-中壢,2023-05-08,9285
00632R,元大台灣50反1,230,19,211,凱基-中壢,2023-05-09,9285
00650L,復華香港正2,207,0,207,凱基-中壢,2023-05-09,9285
1905,華紙,295,143,152,凱基-中壢,2023-05-09,9285
00680L,元大美債20正2,92,0,92,凱基-中壢,2023-05-09,9285
00878,國泰永續高股息,98,11,87,凱基-中壢,2023-05-09,9285
2634,漢翔,205,124,81,凱基-中壢,2023-05-09,9285
3011,今皓,90,13,77,凱基-中壢,2023-05-09,9285
3715,定穎投控,191,121,70,凱基-中壢,2023-05-09,9285
3207,耀勝,52,3,49,凱基-中壢,2023-05-09,9285
8936,國統,57,11,46,凱基-中壢,2023-05-09,9285
00720B,元大投資級公司債,44,0,44,凱基-中壢,2023-05-09,9285
4979,華星光,55,12,43,凱基-中壢,2023-05-09,9285
1519,華城,85,43,42,凱基-中壢,2023-05-09,9285
8033,雷虎,62,22,40,凱基-中壢,2023-05-09,9285
6120,達運,40,0,40,凱基-中壢,2023-05-09,9285
2312,金寶,38,0,38,凱基-中壢,2023-05-09,9285
3058,立德,51,13,38,凱基-中壢,2023-05-09,9285
4114,健喬,35,0,35,凱基-中壢,2023-05-09,9285
6527,明達醫,32,0,32,凱基-中壢,2023-05-09,9285
2353,宏��,31,1,30,凱基-中壢,2023-05-09,9285
2402,毅嘉,81,51,30,凱基-中壢,2023-05-09,9285
2645,長榮航太,31,3,28,凱基-中壢,2023-05-09,9285
1514,亞力,96,69,27,凱基-中壢,2023-05-09,9285
3089,億杰,27,0,27,凱基-中壢,2023-05-09,9285
6829,千附精密,28,2,26,凱基-中壢,2023-05-09,9285
1708,東鹼,31,6,25,凱基-中壢,2023-05-09,9285
1513,中興電,72,47,25,凱基-中壢,2023-05-09,9285
00687B,國泰20年美債,24,0,24,凱基-中壢,2023-05-09,9285
3078,僑威,24,0,24,凱基-中壢,2023-05-09,9285
4909,新復興,24,0,24,凱基-中壢,2023-05-09,9285
1504,東元,73,50,23,凱基-中壢,2023-05-09,9285
9958,世紀鋼,28,6,22,凱基-中壢,2023-05-09,9285
1314,中石化,27,5,22,凱基-中壢,2023-05-09,9285
1218,泰山,36,14,22,凱基-中壢,2023-05-09,9285
00688L,國泰20年美債正2,21,0,21,凱基-中壢,2023-05-09,9285
2423,固緯,20,0,20,凱基-中壢,2023-05-09,9285
1711,永光,23,4,19,凱基-中壢,2023-05-09,9285
2736,富野,18,0,18,凱基-中壢,2023-05-09,9285
1529,樂事綠能,24,7,17,凱基-中壢,2023-05-09,9285
2359,所羅門,17,1,16,凱基-中壢,2023-05-09,9285
3481,群創,25,9,16,凱基-中壢,2023-05-09,9285
00751B,元大AAA至A公司債,15,0,15,凱基-中壢,2023-05-09,9285
5608,四維航,17,2,15,凱基-中壢,2023-05-09,9285
2640,大車隊,15,0,15,凱基-中壢,2023-05-09,9285
1612,宏泰,15,1,14,凱基-中壢,2023-05-09,9285
4510,高鋒,15,1,14,凱基-中壢,2023-05-09,9285
8403,盛弘,20,6,14,凱基-中壢,2023-05-09,9285
2812,台中銀,13,0,13,凱基-中壢,2023-05-09,9285
1611,中電,22,9,13,凱基-中壢,2023-05-09,9285
3576,聯合再生,23,10,13,凱基-中壢,2023-05-09,9285
00650L,復華香港正2,162,0,162,凱基-中壢,2023-05-10,9285
00878,國泰永續高股息,134,0,134,凱基-中壢,2023-05-10,9285
00665L,富邦�琤肭磪囓�2,205,104,101,凱基-中壢,2023-05-10,9285
3013,晟銘電,68,6,62,凱基-中壢,2023-05-10,9285
2891,中信金,107,51,56,凱基-中壢,2023-05-10,9285
1444,力麗,49,0,49,凱基-中壢,2023-05-10,9285
00637L,元大滬深300正2,90,48,42,凱基-中壢,2023-05-10,9285
2640,大車隊,41,0,41,凱基-中壢,2023-05-10,9285
2344,華邦電,32,2,30,凱基-中壢,2023-05-10,9285
1503,士電,36,6,30,凱基-中壢,2023-05-10,9285
2546,根基,29,0,29,凱基-中壢,2023-05-10,9285
1519,華城,90,62,28,凱基-中壢,2023-05-10,9285
2610,華航,93,65,28,凱基-中壢,2023-05-10,9285
6213,聯茂,26,0,26,凱基-中壢,2023-05-10,9285
2355,敬鵬,26,0,26,凱基-中壢,2023-05-10,9285
00688L,國泰20年美債正2,24,0,24,凱基-中壢,2023-05-10,9285
00900,富邦特選高股息30,24,0,24,凱基-中壢,2023-05-10,9285
3231,緯創,50,27,23,凱基-中壢,2023-05-10,9285
6243,迅杰,28,7,21,凱基-中壢,2023-05-10,9285
00713,元大台灣高息低波,29,9,20,凱基-中壢,2023-05-10,9285
00673R,期元大S＆P原油反1,20,0,20,凱基-中壢,2023-05-10,9285
3032,偉訓,20,0,20,凱基-中壢,2023-05-10,9285
1310,台苯,30,10,20,凱基-中壢,2023-05-10,9285
2851,中再保,19,0,19,凱基-中壢,2023-05-10,9285
3011,今皓,20,1,19,凱基-中壢,2023-05-10,9285
3058,立德,46,27,19,凱基-中壢,2023-05-10,9285
1905,華紙,51,33,18,凱基-中壢,2023-05-10,9285
00720B,元大投資級公司債,18,0,18,凱基-中壢,2023-05-10,9285
00680L,元大美債20正2,24,6,18,凱基-中壢,2023-05-10,9285
6703,軒郁,17,0,17,凱基-中壢,2023-05-10,9285
2303,聯電,32,16,16,凱基-中壢,2023-05-10,9285
1314,中石化,16,0,16,凱基-中壢,2023-05-10,9285
5536,聖暉*,15,0,15,凱基-中壢,2023-05-10,9285
8222,寶一,73,58,15,凱基-中壢,2023-05-10,9285
3209,全科,15,0,15,凱基-中壢,2023-05-10,9285
3711,日月光投控,15,1,14,凱基-中壢,2023-05-10,9285
1529,樂事綠能,14,0,14,凱基-中壢,2023-05-10,9285
1101,台泥,16,2,14,凱基-中壢,2023-05-10,9285
2387,精元,13,0,13,凱基-中壢,2023-05-10,9285
1584,精剛,17,4,13,凱基-中壢,2023-05-10,9285
4541,晟田,22,9,13,凱基-中壢,2023-05-10,9285
00679B,元大美債20年,13,0,13,凱基-中壢,2023-05-10,9285
2002,中鋼,13,0,13,凱基-中壢,2023-05-10,9285
00753L,中信中國50正2,12,0,12,凱基-中壢,2023-05-10,9285
6770,力積電,12,0,12,凱基-中壢,2023-05-10,9285
2630,亞航,24,12,12,凱基-中壢,2023-05-10,9285
00772B,中信高評級公司債,13,2,11,凱基-中壢,2023-05-10,9285
4510,高鋒,11,0,11,凱基-中壢,2023-05-10,9285
4744,皇將,38,27,11,凱基-中壢,2023-05-10,9285
5315,光聯,11,0,11,凱基-中壢,2023-05-10,9285
00637L,元大滬深300正2,470,48,422,凱基-中壢,2023-05-11,9285
00650L,復華香港正2,259,161,98,凱基-中壢,2023-05-11,9285
00878,國泰永續高股息,129,49,80,凱基-中壢,2023-05-11,9285
1609,大亞,192,119,73,凱基-中壢,2023-05-11,9285
1314,中石化,66,0,66,凱基-中壢,2023-05-11,9285
3481,群創,56,9,47,凱基-中壢,2023-05-11,9285
6191,精成科,44,0,44,凱基-中壢,2023-05-11,9285
4958,臻鼎-KY,39,0,39,凱基-中壢,2023-05-11,9285
1513,中興電,41,3,38,凱基-中壢,2023-05-11,9285
1905,華紙,67,30,37,凱基-中壢,2023-05-11,9285
00679B,元大美債20年,36,0,36,凱基-中壢,2023-05-11,9285
5498,凱崴,32,0,32,凱基-中壢,2023-05-11,9285
5321,美而快,35,5,30,凱基-中壢,2023-05-11,9285
2405,輔信,30,0,30,凱基-中壢,2023-05-11,9285
00632R,元大台灣50反1,60,30,30,凱基-中壢,2023-05-11,9285
2640,大車隊,30,0,30,凱基-中壢,2023-05-11,9285
6156,松上,30,0,30,凱基-中壢,2023-05-11,9285
1605,華新,38,9,29,凱基-中壢,2023-05-11,9285
2022,聚亨,28,0,28,凱基-中壢,2023-05-11,9285
2867,三商壽,27,0,27,凱基-中壢,2023-05-11,9285
8201,無敵,27,0,27,凱基-中壢,2023-05-11,9285
2610,華航,31,5,26,凱基-中壢,2023-05-11,9285
6285,啟��,71,46,25,凱基-中壢,2023-05-11,9285
00882,中信中國高股息,23,0,23,凱基-中壢,2023-05-11,9285
5009,榮剛,25,2,23,凱基-中壢,2023-05-11,9285
6443,元晶,26,4,22,凱基-中壢,2023-05-11,9285
8446,華研,26,4,22,凱基-中壢,2023-05-11,9285
6209,今國光,21,1,20,凱基-中壢,2023-05-11,9285
2609,陽明,28,8,20,凱基-中壢,2023-05-11,9285
6213,聯茂,19,0,19,凱基-中壢,2023-05-11,9285
2485,兆赫,18,0,18,凱基-中壢,2023-05-11,9285
1504,東元,73,56,17,凱基-中壢,2023-05-11,9285
8038,長園科,23,6,17,凱基-中壢,2023-05-11,9285
00751B,元大AAA至A公司債,19,2,17,凱基-中壢,2023-05-11,9285
9907,統一實,22,5,17,凱基-中壢,2023-05-11,9285
6577,勁豐,17,0,17,凱基-中壢,2023-05-11,9285
1337,再生-KY,40,24,16,凱基-中壢,2023-05-11,9285
2615,萬海,23,8,15,凱基-中壢,2023-05-11,9285
2388,威盛,17,2,15,凱基-中壢,2023-05-11,9285
3024,憶聲,14,0,14,凱基-中壢,2023-05-11,9285
6276,安鈦克,53,39,14,凱基-中壢,2023-05-11,9285
3322,建舜電,14,0,14,凱基-中壢,2023-05-11,9285
1514,亞力,23,9,14,凱基-中壢,2023-05-11,9285
2409,友達,13,0,13,凱基-中壢,2023-05-11,9285
2204,中華,19,6,13,凱基-中壢,2023-05-11,9285
6139,亞翔,52,39,13,凱基-中壢,2023-05-11,9285
00900,富邦特選高股息30,17,5,12,凱基-中壢,2023-05-11,9285
6274,台燿,12,0,12,凱基-中壢,2023-05-11,9285
4729,熒茂,18,6,12,凱基-中壢,2023-05-11,9285
2603,長榮,17,6,11,凱基-中壢,2023-05-11,9285
00637L,元大滬深300正2,558,2,556,凱基-中壢,2023-05-12,9285
00715L,期街口布蘭特正2,409,21,388,凱基-中壢,2023-05-12,9285
00650L,復華香港正2,414,46,368,凱基-中壢,2023-05-12,9285
2303,聯電,117,8,109,凱基-中壢,2023-05-12,9285
3058,立德,136,31,105,凱基-中壢,2023-05-12,9285
6282,康舒,111,8,103,凱基-中壢,2023-05-12,9285
00878,國泰永續高股息,96,3,93,凱基-中壢,2023-05-12,9285
2888,新光金,79,0,79,凱基-中壢,2023-05-12,9285
2030,彰源,75,0,75,凱基-中壢,2023-05-12,9285
2409,友達,70,0,70,凱基-中壢,2023-05-12,9285
1609,大亞,81,16,65,凱基-中壢,2023-05-12,9285
9943,好樂迪,66,3,63,凱基-中壢,2023-05-12,9285
1314,中石化,63,2,61,凱基-中壢,2023-05-12,9285
3481,群創,84,28,56,凱基-中壢,2023-05-12,9285
1608,華榮,59,3,56,凱基-中壢,2023-05-12,9285
2890,永豐金,58,2,56,凱基-中壢,2023-05-12,9285
3484,崧騰,45,0,45,凱基-中壢,2023-05-12,9285
4147,中裕,120,79,41,凱基-中壢,2023-05-12,9285
6148,驊宏資,36,3,33,凱基-中壢,2023-05-12,9285
2515,中工,30,0,30,凱基-中壢,2023-05-12,9285
6191,精成科,32,3,29,凱基-中壢,2023-05-12,9285
2618,長榮航,45,18,27,凱基-中壢,2023-05-12,9285
2883,凱基金,25,0,25,凱基-中壢,2023-05-12,9285
00891,中信關鍵半導體,25,0,25,凱基-中壢,2023-05-12,9285
00772B,中信高評級公司債,24,0,24,凱基-中壢,2023-05-12,9285
2834,臺企銀,24,1,23,凱基-中壢,2023-05-12,9285
3715,定穎投控,35,14,21,凱基-中壢,2023-05-12,9285
1101,台泥,69,49,20,凱基-中壢,2023-05-12,9285
2630,亞航,25,5,20,凱基-中壢,2023-05-12,9285
4979,華星光,58,38,20,凱基-中壢,2023-05-12,9285
6125,廣運,20,0,20,凱基-中壢,2023-05-12,9285
1605,華新,27,8,19,凱基-中壢,2023-05-12,9285
00713,元大台灣高息低波,19,0,19,凱基-中壢,2023-05-12,9285
2368,金像電,29,11,18,凱基-中壢,2023-05-12,9285
00679B,元大美債20年,33,15,18,凱基-中壢,2023-05-12,9285
00753L,中信中國50正2,17,0,17,凱基-中壢,2023-05-12,9285
2640,大車隊,16,0,16,凱基-中壢,2023-05-12,9285
2359,所羅門,16,0,16,凱基-中壢,2023-05-12,9285
3711,日月光投控,21,5,16,凱基-中壢,2023-05-12,9285
3703,欣陸,14,0,14,凱基-中壢,2023-05-12,9285
2371,大同,44,30,14,凱基-中壢,2023-05-12,9285
6469,大樹,15,1,14,凱基-中壢,2023-05-12,9285
2002,中鋼,13,0,13,凱基-中壢,2023-05-12,9285
6570,維田,13,0,13,凱基-中壢,2023-05-12,9285
8033,雷虎,15,2,13,凱基-中壢,2023-05-12,9285
8176,智捷,13,0,13,凱基-中壢,2023-05-12,9285
9907,統一實,12,0,12,凱基-中壢,2023-05-12,9285
3284,太普高,12,0,12,凱基-中壢,2023-05-12,9285
2204,中華,12,0,12,凱基-中壢,2023-05-12,9285
00882,中信中國高股息,12,0,12,凱基-中壢,2023-05-12,9285
00637L,元大滬深300正2,505,107,398,凱基-中壢,2023-05-15,9285
2371,大同,282,48,234,凱基-中壢,2023-05-15,9285
00715L,期街口布蘭特正2,235,100,135,凱基-中壢,2023-05-15,9285
00878,國泰永續高股息,227,117,110,凱基-中壢,2023-05-15,9285
00642U,期元大S＆P石油,78,0,78,凱基-中壢,2023-05-15,9285
00680L,元大美債20正2,60,0,60,凱基-中壢,2023-05-15,9285
2303,聯電,96,42,54,凱基-中壢,2023-05-15,9285
8011,台通,42,4,38,凱基-中壢,2023-05-15,9285
3010,華立,35,0,35,凱基-中壢,2023-05-15,9285
3078,僑威,36,1,35,凱基-中壢,2023-05-15,9285
6625,必應,33,2,31,凱基-中壢,2023-05-15,9285
6112,邁達特,54,23,31,凱基-中壢,2023-05-15,9285
1504,東元,103,75,28,凱基-中壢,2023-05-15,9285
6703,軒郁,28,1,27,凱基-中壢,2023-05-15,9285
00688L,國泰20年美債正2,26,0,26,凱基-中壢,2023-05-15,9285
2640,大車隊,26,0,26,凱基-中壢,2023-05-15,9285
00772B,中信高評級公司債,26,1,25,凱基-中壢,2023-05-15,9285
4979,華星光,30,7,23,凱基-中壢,2023-05-15,9285
1218,泰山,23,0,23,凱基-中壢,2023-05-15,9285
2606,裕民,23,0,23,凱基-中壢,2023-05-15,9285
2022,聚亨,23,0,23,凱基-中壢,2023-05-15,9285
1513,中興電,27,6,21,凱基-中壢,2023-05-15,9285
00882,中信中國高股息,29,10,19,凱基-中壢,2023-05-15,9285
00900,富邦特選高股息30,19,0,19,凱基-中壢,2023-05-15,9285
4763,材料-KY,25,7,18,凱基-中壢,2023-05-15,9285
2515,中工,20,3,17,凱基-中壢,2023-05-15,9285
1314,中石化,23,6,17,凱基-中壢,2023-05-15,9285
1442,名軒,17,0,17,凱基-中壢,2023-05-15,9285
5871,中租-KY,18,1,17,凱基-中壢,2023-05-15,9285
3058,立德,18,2,16,凱基-中壢,2023-05-15,9285
00881,國泰台灣5G+,16,0,16,凱基-中壢,2023-05-15,9285
1529,樂事綠能,20,4,16,凱基-中壢,2023-05-15,9285
2457,飛宏,33,18,15,凱基-中壢,2023-05-15,9285
3105,穩懋,16,1,15,凱基-中壢,2023-05-15,9285
4114,健喬,18,3,15,凱基-中壢,2023-05-15,9285
4744,皇將,27,12,15,凱基-中壢,2023-05-15,9285
3535,晶彩科,15,0,15,凱基-中壢,2023-05-15,9285
9945,潤泰新,14,0,14,凱基-中壢,2023-05-15,9285
3231,緯創,64,50,14,凱基-中壢,2023-05-15,9285
2888,新光金,13,0,13,凱基-中壢,2023-05-15,9285
00922,國泰台灣領袖50,13,0,13,凱基-中壢,2023-05-15,9285
6122,擎邦,49,37,12,凱基-中壢,2023-05-15,9285
2317,鴻海,26,14,12,凱基-中壢,2023-05-15,9285
2812,台中銀,14,2,12,凱基-中壢,2023-05-15,9285
2344,華邦電,11,0,11,凱基-中壢,2023-05-15,9285
00679B,元大美債20年,13,2,11,凱基-中壢,2023-05-15,9285
1108,幸福,11,0,11,凱基-中壢,2023-05-15,9285
2352,佳世達,12,1,11,凱基-中壢,2023-05-15,9285
4938,和碩,11,0,11,凱基-中壢,2023-05-15,9285
8403,盛弘,12,1,11,凱基-中壢,2023-05-15,9285
00637L,元大滬深300正2,497,58,439,凱基-中壢,2023-05-16,9285
00632R,元大台灣50反1,697,402,295,凱基-中壢,2023-05-16,9285
00650L,復華香港正2,138,0,138,凱基-中壢,2023-05-16,9285
00878,國泰永續高股息,143,52,91,凱基-中壢,2023-05-16,9285
00680L,元大美債20正2,56,0,56,凱基-中壢,2023-05-16,9285
9907,統一實,55,0,55,凱基-中壢,2023-05-16,9285
00720B,元大投資級公司債,54,0,54,凱基-中壢,2023-05-16,9285
2313,華通,46,3,43,凱基-中壢,2023-05-16,9285
00772B,中信高評級公司債,50,9,41,凱基-中壢,2023-05-16,9285
2317,鴻海,43,3,40,凱基-中壢,2023-05-16,9285
6153,嘉聯益,36,0,36,凱基-中壢,2023-05-16,9285
00885,富邦越南,66,30,36,凱基-中壢,2023-05-16,9285
00751B,元大AAA至A公司債,35,0,35,凱基-中壢,2023-05-16,9285
3447,展達,35,0,35,凱基-中壢,2023-05-16,9285
1432,大魯閣,38,5,33,凱基-中壢,2023-05-16,9285
3041,揚智,32,0,32,凱基-中壢,2023-05-16,9285
1504,東元,82,57,25,凱基-中壢,2023-05-16,9285
2736,富野,34,10,24,凱基-中壢,2023-05-16,9285
4763,材料-KY,30,7,23,凱基-中壢,2023-05-16,9285
6111,大宇資,22,0,22,凱基-中壢,2023-05-16,9285
00679B,元大美債20年,24,2,22,凱基-中壢,2023-05-16,9285
2640,大車隊,20,0,20,凱基-中壢,2023-05-16,9285
2323,中環,26,9,17,凱基-中壢,2023-05-16,9285
6148,驊宏資,15,0,15,凱基-中壢,2023-05-16,9285
3712,永崴投控,15,0,15,凱基-中壢,2023-05-16,9285
6446,藥華藥,14,0,14,凱基-中壢,2023-05-16,9285
00687B,國泰20年美債,14,0,14,凱基-中壢,2023-05-16,9285
00795B,中信美國公債20年,13,0,13,凱基-中壢,2023-05-16,9285
6829,千附精密,20,7,13,凱基-中壢,2023-05-16,9285
00688L,國泰20年美債正2,13,0,13,凱基-中壢,2023-05-16,9285
8940,新天地,15,2,13,凱基-中壢,2023-05-16,9285
1101,台泥,16,3,13,凱基-中壢,2023-05-16,9285
6806,森崴能源,17,5,12,凱基-中壢,2023-05-16,9285
00725B,國泰投資級公司債,12,0,12,凱基-中壢,2023-05-16,9285
8038,長園科,13,2,11,凱基-中壢,2023-05-16,9285
3059,華晶科,15,4,11,凱基-中壢,2023-05-16,9285
8046,南電,19,8,11,凱基-中壢,2023-05-16,9285
5321,美而快,11,1,10,凱基-中壢,2023-05-16,9285
1442,名軒,10,0,10,凱基-中壢,2023-05-16,9285
3149,正達,10,0,10,凱基-中壢,2023-05-16,9285
2610,華航,12,2,10,凱基-中壢,2023-05-16,9285
8271,宇瞻,10,0,10,凱基-中壢,2023-05-16,9285
6546,正基,10,0,10,凱基-中壢,2023-05-16,9285
00665L,富邦�琤肭磪囓�2,10,0,10,凱基-中壢,2023-05-16,9285
6126,信音,17,7,10,凱基-中壢,2023-05-16,9285
2603,長榮,25,15,10,凱基-中壢,2023-05-16,9285
8076,伍豐,47,37,10,凱基-中壢,2023-05-16,9285
2609,陽明,23,14,9,凱基-中壢,2023-05-16,9285
00631L,元大台灣50正2,9,0,9,凱基-中壢,2023-05-16,9285
3498,陽程,9,0,9,凱基-中壢,2023-05-16,9285
00637L,元大滬深300正2,371,200,171,凱基-中壢,2023-05-17,9285
00671R,富邦NASDAQ反1,150,0,150,凱基-中壢,2023-05-17,9285
5381,合正,141,0,141,凱基-中壢,2023-05-17,9285
3308,聯德,113,2,111,凱基-中壢,2023-05-17,9285
2618,長榮航,73,5,68,凱基-中壢,2023-05-17,9285
2640,大車隊,67,0,67,凱基-中壢,2023-05-17,9285
00680L,元大美債20正2,53,0,53,凱基-中壢,2023-05-17,9285
1609,大亞,115,64,51,凱基-中壢,2023-05-17,9285
00712,復華富時不動產,55,5,50,凱基-中壢,2023-05-17,9285
2023,燁輝,50,1,49,凱基-中壢,2023-05-17,9285
00720B,元大投資級公司債,44,3,41,凱基-中壢,2023-05-17,9285
00751B,元大AAA至A公司債,40,0,40,凱基-中壢,2023-05-17,9285
3010,華立,36,0,36,凱基-中壢,2023-05-17,9285
00679B,元大美債20年,36,1,35,凱基-中壢,2023-05-17,9285
1514,亞力,53,19,34,凱基-中壢,2023-05-17,9285
8076,伍豐,51,19,32,凱基-中壢,2023-05-17,9285
00632R,元大台灣50反1,499,467,32,凱基-中壢,2023-05-17,9285
1605,華新,29,1,28,凱基-中壢,2023-05-17,9285
3207,耀勝,51,23,28,凱基-中壢,2023-05-17,9285
2201,裕隆,37,9,28,凱基-中壢,2023-05-17,9285
4164,承業醫,27,2,25,凱基-中壢,2023-05-17,9285
00878,國泰永續高股息,174,150,24,凱基-中壢,2023-05-17,9285
6122,擎邦,33,10,23,凱基-中壢,2023-05-17,9285
6190,萬泰科,23,0,23,凱基-中壢,2023-05-17,9285
00645,富邦日本,22,0,22,凱基-中壢,2023-05-17,9285
2885,元大金,31,9,22,凱基-中壢,2023-05-17,9285
6535,順藥,21,0,21,凱基-中壢,2023-05-17,9285
9907,統一實,21,0,21,凱基-中壢,2023-05-17,9285
00715L,期街口布蘭特正2,103,84,19,凱基-中壢,2023-05-17,9285
8926,台汽電,21,2,19,凱基-中壢,2023-05-17,9285
00688L,國泰20年美債正2,17,0,17,凱基-中壢,2023-05-17,9285
00795B,中信美國公債20年,17,0,17,凱基-中壢,2023-05-17,9285
6285,啟��,21,5,16,凱基-中壢,2023-05-17,9285
00772B,中信高評級公司債,22,6,16,凱基-中壢,2023-05-17,9285
2206,三陽工業,57,41,16,凱基-中壢,2023-05-17,9285
6139,亞翔,27,11,16,凱基-中壢,2023-05-17,9285
2211,長榮鋼,15,0,15,凱基-中壢,2023-05-17,9285
2457,飛宏,29,14,15,凱基-中壢,2023-05-17,9285
3706,神達,15,0,15,凱基-中壢,2023-05-17,9285
2313,華通,15,1,14,凱基-中壢,2023-05-17,9285
4541,晟田,21,7,14,凱基-中壢,2023-05-17,9285
5209,新鼎,13,0,13,凱基-中壢,2023-05-17,9285
1101,台泥,16,3,13,凱基-中壢,2023-05-17,9285
6446,藥華藥,12,0,12,凱基-中壢,2023-05-17,9285
00650L,復華香港正2,380,368,12,凱基-中壢,2023-05-17,9285
3447,展達,12,0,12,凱基-中壢,2023-05-17,9285
4746,台耀,36,24,12,凱基-中壢,2023-05-17,9285
2421,建準,27,15,12,凱基-中壢,2023-05-17,9285
00882,中信中國高股息,13,2,11,凱基-中壢,2023-05-17,9285
2489,瑞軒,11,0,11,凱基-中壢,2023-05-17,9285
00637L,元大滬深300正2,288,50,238,凱基-中壢,2023-05-18,9285
2634,漢翔,129,12,117,凱基-中壢,2023-05-18,9285
3013,晟銘電,105,16,89,凱基-中壢,2023-05-18,9285
00650L,復華香港正2,98,23,75,凱基-中壢,2023-05-18,9285
00680L,元大美債20正2,71,0,71,凱基-中壢,2023-05-18,9285
2312,金寶,66,0,66,凱基-中壢,2023-05-18,9285
3209,全科,60,0,60,凱基-中壢,2023-05-18,9285
2630,亞航,132,72,60,凱基-中壢,2023-05-18,9285
3078,僑威,105,55,50,凱基-中壢,2023-05-18,9285
6441,廣錠,48,0,48,凱基-中壢,2023-05-18,9285
5009,榮剛,40,4,36,凱基-中壢,2023-05-18,9285
00679B,元大美債20年,35,0,35,凱基-中壢,2023-05-18,9285
3010,華立,31,0,31,凱基-中壢,2023-05-18,9285
2399,映泰,30,0,30,凱基-中壢,2023-05-18,9285
2337,旺宏,35,6,29,凱基-中壢,2023-05-18,9285
6625,必應,32,3,29,凱基-中壢,2023-05-18,9285
1101,台泥,36,8,28,凱基-中壢,2023-05-18,9285
2409,友達,28,2,26,凱基-中壢,2023-05-18,9285
3005,神基,128,102,26,凱基-中壢,2023-05-18,9285
00891,中信關鍵半導體,30,5,25,凱基-中壢,2023-05-18,9285
2640,大車隊,22,0,22,凱基-中壢,2023-05-18,9285
3576,聯合再生,40,19,21,凱基-中壢,2023-05-18,9285
4114,健喬,23,2,21,凱基-中壢,2023-05-18,9285
6281,全國電,20,0,20,凱基-中壢,2023-05-18,9285
2402,毅嘉,25,5,20,凱基-中壢,2023-05-18,9285
4763,材料-KY,32,13,19,凱基-中壢,2023-05-18,9285
4533,協易機,18,0,18,凱基-中壢,2023-05-18,9285
00915,凱基優選高股息30,20,2,18,凱基-中壢,2023-05-18,9285
1529,樂事綠能,37,19,18,凱基-中壢,2023-05-18,9285
00751B,元大AAA至A公司債,17,0,17,凱基-中壢,2023-05-18,9285
00687B,國泰20年美債,17,0,17,凱基-中壢,2023-05-18,9285
6112,邁達特,33,18,15,凱基-中壢,2023-05-18,9285
6161,捷波,15,0,15,凱基-中壢,2023-05-18,9285
00713,元大台灣高息低波,16,1,15,凱基-中壢,2023-05-18,9285
1810,和成,16,3,13,凱基-中壢,2023-05-18,9285
2206,三陽工業,54,41,13,凱基-中壢,2023-05-18,9285
4167,松瑞藥,12,0,12,凱基-中壢,2023-05-18,9285
2027,大成鋼,12,0,12,凱基-中壢,2023-05-18,9285
5258,虹堡,30,18,12,凱基-中壢,2023-05-18,9285
3035,智原,13,1,12,凱基-中壢,2023-05-18,9285
3558,神準,37,26,11,凱基-中壢,2023-05-18,9285
3265,台星科,11,0,11,凱基-中壢,2023-05-18,9285
2734,易飛網,18,7,11,凱基-中壢,2023-05-18,9285
3362,先進光,16,5,11,凱基-中壢,2023-05-18,9285
3027,盛達,11,0,11,凱基-中壢,2023-05-18,9285
8446,華研,11,0,11,凱基-中壢,2023-05-18,9285
00633L,富邦上証正2,11,0,11,凱基-中壢,2023-05-18,9285
8069,元太,21,11,10,凱基-中壢,2023-05-18,9285
2609,陽明,21,11,10,凱基-中壢,2023-05-18,9285
5243,乙盛-KY,14,4,10,凱基-中壢,2023-05-18,9285
2371,大同,421,63,358,凱基-中壢,2023-05-19,9285
00632R,元大台灣50反1,468,260,208,凱基-中壢,2023-05-19,9285
00671R,富邦NASDAQ反1,140,0,140,凱基-中壢,2023-05-19,9285
00650L,復華香港正2,167,29,138,凱基-中壢,2023-05-19,9285
00665L,富邦�琤肭磪囓�2,121,0,121,凱基-中壢,2023-05-19,9285
3005,神基,102,14,88,凱基-中壢,2023-05-19,9285
1513,中興電,141,57,84,凱基-中壢,2023-05-19,9285
4714,永捷,64,0,64,凱基-中壢,2023-05-19,9285
1609,大亞,77,15,62,凱基-中壢,2023-05-19,9285
6122,擎邦,52,4,48,凱基-中壢,2023-05-19,9285
3029,零壹,52,6,46,凱基-中壢,2023-05-19,9285
2453,凌群,81,41,40,凱基-中壢,2023-05-19,9285
6185,幃翔,46,6,40,凱基-中壢,2023-05-19,9285
00679B,元大美債20年,39,1,38,凱基-中壢,2023-05-19,9285
00680L,元大美債20正2,41,7,34,凱基-中壢,2023-05-19,9285
3363,上詮,51,19,32,凱基-中壢,2023-05-19,9285
8076,伍豐,74,43,31,凱基-中壢,2023-05-19,9285
2303,聯電,44,13,31,凱基-中壢,2023-05-19,9285
00751B,元大AAA至A公司債,29,0,29,凱基-中壢,2023-05-19,9285
00720B,元大投資級公司債,27,0,27,凱基-中壢,2023-05-19,9285
00753L,中信中國50正2,24,0,24,凱基-中壢,2023-05-19,9285
2640,大車隊,25,1,24,凱基-中壢,2023-05-19,9285
00885,富邦越南,29,7,22,凱基-中壢,2023-05-19,9285
00687B,國泰20年美債,22,1,21,凱基-中壢,2023-05-19,9285
6443,元晶,22,1,21,凱基-中壢,2023-05-19,9285
00688L,國泰20年美債正2,21,0,21,凱基-中壢,2023-05-19,9285
1721,三晃,33,12,21,凱基-中壢,2023-05-19,9285
00706L,期元大S＆P日圓正2,20,0,20,凱基-中壢,2023-05-19,9285
6235,華孚,40,21,19,凱基-中壢,2023-05-19,9285
3006,晶豪科,24,6,18,凱基-中壢,2023-05-19,9285
8222,寶一,72,54,18,凱基-中壢,2023-05-19,9285
5706,鳳凰,25,7,18,凱基-中壢,2023-05-19,9285
00882,中信中國高股息,18,0,18,凱基-中壢,2023-05-19,9285
5425,台半,32,15,17,凱基-中壢,2023-05-19,9285
3011,今皓,17,0,17,凱基-中壢,2023-05-19,9285
2312,金寶,18,1,17,凱基-中壢,2023-05-19,9285
5225,東科-KY,21,4,17,凱基-中壢,2023-05-19,9285
1514,亞力,35,18,17,凱基-中壢,2023-05-19,9285
2736,富野,19,3,16,凱基-中壢,2023-05-19,9285
1504,東元,194,178,16,凱基-中壢,2023-05-19,9285
2471,資通,22,7,15,凱基-中壢,2023-05-19,9285
3189,景碩,16,1,15,凱基-中壢,2023-05-19,9285
2399,映泰,17,2,15,凱基-中壢,2023-05-19,9285
1605,華新,37,22,15,凱基-中壢,2023-05-19,9285
2317,鴻海,15,1,14,凱基-中壢,2023-05-19,9285
3704,合勤控,15,1,14,凱基-中壢,2023-05-19,9285
6806,森崴能源,15,1,14,凱基-中壢,2023-05-19,9285
1409,新纖,14,0,14,凱基-中壢,2023-05-19,9285
2482,連宇,41,28,13,凱基-中壢,2023-05-19,9285
1795,美時,51,38,13,凱基-中壢,2023-05-19,9285
00715L,期街口布蘭特正2,218,0,218,凱基-中壢,2023-05-22,9285
00632R,元大台灣50反1,171,37,134,凱基-中壢,2023-05-22,9285
00878,國泰永續高股息,154,34,120,凱基-中壢,2023-05-22,9285
2515,中工,105,3,102,凱基-中壢,2023-05-22,9285
00687B,國泰20年美債,98,1,97,凱基-中壢,2023-05-22,9285
2303,聯電,86,9,77,凱基-中壢,2023-05-22,9285
5225,東科-KY,67,2,65,凱基-中壢,2023-05-22,9285
1504,東元,172,114,58,凱基-中壢,2023-05-22,9285
1905,華紙,54,1,53,凱基-中壢,2023-05-22,9285
6153,嘉聯益,50,0,50,凱基-中壢,2023-05-22,9285
00795B,中信美國公債20年,50,0,50,凱基-中壢,2023-05-22,9285
2201,裕隆,63,23,40,凱基-中壢,2023-05-22,9285
2324,仁寶,41,5,36,凱基-中壢,2023-05-22,9285
00882,中信中國高股息,35,2,33,凱基-中壢,2023-05-22,9285
00680L,元大美債20正2,33,0,33,凱基-中壢,2023-05-22,9285
00751B,元大AAA至A公司債,32,0,32,凱基-中壢,2023-05-22,9285
5324,士開,33,2,31,凱基-中壢,2023-05-22,9285
2421,建準,45,16,29,凱基-中壢,2023-05-22,9285
00720B,元大投資級公司債,23,0,23,凱基-中壢,2023-05-22,9285
1409,新纖,22,0,22,凱基-中壢,2023-05-22,9285
6517,保勝光學,22,1,21,凱基-中壢,2023-05-22,9285
2031,新光鋼,21,0,21,凱基-中壢,2023-05-22,9285
3227,原相,20,0,20,凱基-中壢,2023-05-22,9285
2313,華通,21,1,20,凱基-中壢,2023-05-22,9285
6841,長佳智能,20,0,20,凱基-中壢,2023-05-22,9285
1310,台苯,37,20,17,凱基-中壢,2023-05-22,9285
2609,陽明,22,5,17,凱基-中壢,2023-05-22,9285
6451,訊芯-KY,16,0,16,凱基-中壢,2023-05-22,9285
2641,正德,15,0,15,凱基-中壢,2023-05-22,9285
2851,中再保,15,1,14,凱基-中壢,2023-05-22,9285
3687,歐買尬,14,0,14,凱基-中壢,2023-05-22,9285
2352,佳世達,18,4,14,凱基-中壢,2023-05-22,9285
2356,英業達,14,0,14,凱基-中壢,2023-05-22,9285
3037,欣興,43,30,13,凱基-中壢,2023-05-22,9285
6112,邁達特,21,8,13,凱基-中壢,2023-05-22,9285
5531,鄉林,20,7,13,凱基-中壢,2023-05-22,9285
4543,萬在,15,2,13,凱基-中壢,2023-05-22,9285
2890,永豐金,14,1,13,凱基-中壢,2023-05-22,9285
3029,零壹,13,1,12,凱基-中壢,2023-05-22,9285
00688L,國泰20年美債正2,12,0,12,凱基-中壢,2023-05-22,9285
3322,建舜電,11,0,11,凱基-中壢,2023-05-22,9285
6116,彩晶,15,4,11,凱基-中壢,2023-05-22,9285
1528,恩德,11,0,11,凱基-中壢,2023-05-22,9285
2412,中華電,12,1,11,凱基-中壢,2023-05-22,9285
1529,樂事綠能,22,12,10,凱基-中壢,2023-05-22,9285
6235,華孚,35,25,10,凱基-中壢,2023-05-22,9285
1503,士電,19,9,10,凱基-中壢,2023-05-22,9285
00635U,期元大S＆P黃金,10,0,10,凱基-中壢,2023-05-22,9285
4130,健亞,10,0,10,凱基-中壢,2023-05-22,9285
1710,東聯,10,0,10,凱基-中壢,2023-05-22,9285
00637L,元大滬深300正2,226,0,226,凱基-中壢,2023-05-23,9285
00650L,復華香港正2,190,0,190,凱基-中壢,2023-05-23,9285
00632R,元大台灣50反1,286,125,161,凱基-中壢,2023-05-23,9285
00665L,富邦�琤肭磪囓�2,80,0,80,凱基-中壢,2023-05-23,9285
00795B,中信美國公債20年,69,0,69,凱基-中壢,2023-05-23,9285
00687B,國泰20年美債,68,0,68,凱基-中壢,2023-05-23,9285
3481,群創,76,12,64,凱基-中壢,2023-05-23,9285
5905,南仁湖,75,15,60,凱基-中壢,2023-05-23,9285
2640,大車隊,58,0,58,凱基-中壢,2023-05-23,9285
00882,中信中國高股息,55,0,55,凱基-中壢,2023-05-23,9285
2352,佳世達,56,4,52,凱基-中壢,2023-05-23,9285
2851,中再保,51,1,50,凱基-中壢,2023-05-23,9285
1513,中興電,163,115,48,凱基-中壢,2023-05-23,9285
3484,崧騰,47,0,47,凱基-中壢,2023-05-23,9285
3339,泰谷,46,1,45,凱基-中壢,2023-05-23,9285
00878,國泰永續高股息,96,53,43,凱基-中壢,2023-05-23,9285
6285,啟��,40,1,39,凱基-中壢,2023-05-23,9285
8930,青鋼,30,0,30,凱基-中壢,2023-05-23,9285
00680L,元大美債20正2,28,0,28,凱基-中壢,2023-05-23,9285
6770,力積電,36,8,28,凱基-中壢,2023-05-23,9285
4763,材料-KY,41,14,27,凱基-中壢,2023-05-23,9285
1532,勤美,27,0,27,凱基-中壢,2023-05-23,9285
1514,亞力,42,15,27,凱基-中壢,2023-05-23,9285
6148,驊宏資,26,2,24,凱基-中壢,2023-05-23,9285
2442,新美齊,41,20,21,凱基-中壢,2023-05-23,9285
5243,乙盛-KY,33,12,21,凱基-中壢,2023-05-23,9285
1504,東元,74,53,21,凱基-中壢,2023-05-23,9285
3363,上詮,62,41,21,凱基-中壢,2023-05-23,9285
2427,三商電,36,15,21,凱基-中壢,2023-05-23,9285
00679B,元大美債20年,39,18,21,凱基-中壢,2023-05-23,9285
2884,玉山金,26,7,19,凱基-中壢,2023-05-23,9285
2913,農林,23,5,18,凱基-中壢,2023-05-23,9285
00751B,元大AAA至A公司債,17,0,17,凱基-中壢,2023-05-23,9285
5511,德昌,27,10,17,凱基-中壢,2023-05-23,9285
3712,永崴投控,17,0,17,凱基-中壢,2023-05-23,9285
3715,定穎投控,27,12,15,凱基-中壢,2023-05-23,9285
2409,友達,16,2,14,凱基-中壢,2023-05-23,9285
2368,金像電,15,1,14,凱基-中壢,2023-05-23,9285
2609,陽明,19,6,13,凱基-中壢,2023-05-23,9285
2615,萬海,13,0,13,凱基-中壢,2023-05-23,9285
9945,潤泰新,15,2,13,凱基-中壢,2023-05-23,9285
2707,晶華,14,1,13,凱基-中壢,2023-05-23,9285
2468,華經,15,2,13,凱基-中壢,2023-05-23,9285
3373,熱映,12,0,12,凱基-中壢,2023-05-23,9285
2801,彰銀,13,1,12,凱基-中壢,2023-05-23,9285
2603,長榮,15,3,12,凱基-中壢,2023-05-23,9285
00772B,中信高評級公司債,12,1,11,凱基-中壢,2023-05-23,9285
00907,永豐優息存股,11,0,11,凱基-中壢,2023-05-23,9285
1795,美時,32,21,11,凱基-中壢,2023-05-23,9285
2412,中華電,12,2,10,凱基-中壢,2023-05-23,9285
2887,台新金,244,4,240,凱基-中壢,2023-05-24,9285
2618,長榮航,338,101,237,凱基-中壢,2023-05-24,9285
00882,中信中國高股息,179,0,179,凱基-中壢,2023-05-24,9285
2634,漢翔,210,45,165,凱基-中壢,2023-05-24,9285
00637L,元大滬深300正2,227,70,157,凱基-中壢,2023-05-24,9285
00878,國泰永續高股息,144,5,139,凱基-中壢,2023-05-24,9285
1809,中釉,121,7,114,凱基-中壢,2023-05-24,9285
3005,神基,121,19,102,凱基-中壢,2023-05-24,9285
2371,大同,404,322,82,凱基-中壢,2023-05-24,9285
00650L,復華香港正2,76,0,76,凱基-中壢,2023-05-24,9285
2727,王品,61,1,60,凱基-中壢,2023-05-24,9285
00641R,富邦日本反1,60,0,60,凱基-中壢,2023-05-24,9285
1513,中興電,121,63,58,凱基-中壢,2023-05-24,9285
8940,新天地,52,2,50,凱基-中壢,2023-05-24,9285
1712,興農,50,0,50,凱基-中壢,2023-05-24,9285
1905,華紙,116,66,50,凱基-中壢,2023-05-24,9285
5321,美而快,48,1,47,凱基-中壢,2023-05-24,9285
2610,華航,94,51,43,凱基-中壢,2023-05-24,9285
2615,萬海,39,0,39,凱基-中壢,2023-05-24,9285
3078,僑威,51,16,35,凱基-中壢,2023-05-24,9285
3363,上詮,42,8,34,凱基-中壢,2023-05-24,9285
5009,榮剛,48,16,32,凱基-中壢,2023-05-24,9285
2606,裕民,31,0,31,凱基-中壢,2023-05-24,9285
1810,和成,36,5,31,凱基-中壢,2023-05-24,9285
00679B,元大美債20年,43,16,27,凱基-中壢,2023-05-24,9285
3481,群創,37,10,27,凱基-中壢,2023-05-24,9285
4541,晟田,31,5,26,凱基-中壢,2023-05-24,9285
5905,南仁湖,76,51,25,凱基-中壢,2023-05-24,9285
00712,復華富時不動產,27,4,23,凱基-中壢,2023-05-24,9285
00673R,期元大S＆P原油反1,23,0,23,凱基-中壢,2023-05-24,9285
2352,佳世達,25,4,21,凱基-中壢,2023-05-24,9285
00885,富邦越南,21,0,21,凱基-中壢,2023-05-24,9285
2399,映泰,51,32,19,凱基-中壢,2023-05-24,9285
6446,藥華藥,19,1,18,凱基-中壢,2023-05-24,9285
2453,凌群,22,4,18,凱基-中壢,2023-05-24,9285
3325,旭品,27,9,18,凱基-中壢,2023-05-24,9285
6282,康舒,93,75,18,凱基-中壢,2023-05-24,9285
00687B,國泰20年美債,17,0,17,凱基-中壢,2023-05-24,9285
1514,亞力,26,9,17,凱基-中壢,2023-05-24,9285
00928,中信上櫃ESG30,17,0,17,凱基-中壢,2023-05-24,9285
5258,虹堡,25,10,15,凱基-中壢,2023-05-24,9285
2328,廣宇,19,4,15,凱基-中壢,2023-05-24,9285
8099,大世科,25,10,15,凱基-中壢,2023-05-24,9285
5531,鄉林,19,4,15,凱基-中壢,2023-05-24,9285
3017,奇鋐,19,5,14,凱基-中壢,2023-05-24,9285
1519,華城,55,41,14,凱基-中壢,2023-05-24,9285
2633,台灣高鐵,18,4,14,凱基-中壢,2023-05-24,9285
1101,台泥,22,8,14,凱基-中壢,2023-05-24,9285
6285,啟��,14,0,14,凱基-中壢,2023-05-24,9285
6441,廣錠,18,5,13,凱基-中壢,2023-05-24,9285
00632R,元大台灣50反1,659,35,624,凱基-中壢,2023-05-25,9285
00637L,元大滬深300正2,335,19,316,凱基-中壢,2023-05-25,9285
00650L,復華香港正2,423,200,223,凱基-中壢,2023-05-25,9285
00882,中信中國高股息,213,5,208,凱基-中壢,2023-05-25,9285
2303,聯電,142,3,139,凱基-中壢,2023-05-25,9285
00687B,國泰20年美債,114,0,114,凱基-中壢,2023-05-25,9285
6122,擎邦,111,1,110,凱基-中壢,2023-05-25,9285
1712,興農,80,0,80,凱基-中壢,2023-05-25,9285
3058,立德,76,11,65,凱基-中壢,2023-05-25,9285
00795B,中信美國公債20年,64,0,64,凱基-中壢,2023-05-25,9285
2727,王品,58,2,56,凱基-中壢,2023-05-25,9285
1611,中電,47,2,45,凱基-中壢,2023-05-25,9285
3178,公準,45,1,44,凱基-中壢,2023-05-25,9285
00712,復華富時不動產,47,4,43,凱基-中壢,2023-05-25,9285
2897,王道銀行,39,0,39,凱基-中壢,2023-05-25,9285
2206,三陽工業,51,17,34,凱基-中壢,2023-05-25,9285
2606,裕民,38,4,34,凱基-中壢,2023-05-25,9285
1905,華紙,72,39,33,凱基-中壢,2023-05-25,9285
1325,恆大,30,0,30,凱基-中壢,2023-05-25,9285
3013,晟銘電,55,26,29,凱基-中壢,2023-05-25,9285
00713,元大台灣高息低波,30,3,27,凱基-中壢,2023-05-25,9285
2344,華邦電,29,2,27,凱基-中壢,2023-05-25,9285
2881,富邦金,28,2,26,凱基-中壢,2023-05-25,9285
3035,智原,42,17,25,凱基-中壢,2023-05-25,9285
2891,中信金,28,5,23,凱基-中壢,2023-05-25,9285
6841,長佳智能,23,0,23,凱基-中壢,2023-05-25,9285
2409,友達,22,0,22,凱基-中壢,2023-05-25,9285
1314,中石化,27,6,21,凱基-中壢,2023-05-25,9285
00752,中信中國50,21,0,21,凱基-中壢,2023-05-25,9285
4564,元翎,87,66,21,凱基-中壢,2023-05-25,9285
2603,長榮,25,4,21,凱基-中壢,2023-05-25,9285
1522,堤維西,20,0,20,凱基-中壢,2023-05-25,9285
00688L,國泰20年美債正2,20,0,20,凱基-中壢,2023-05-25,9285
6179,亞通,20,0,20,凱基-中壢,2023-05-25,9285
2402,毅嘉,33,13,20,凱基-中壢,2023-05-25,9285
2706,第一店,28,9,19,凱基-中壢,2023-05-25,9285
1504,東元,88,69,19,凱基-中壢,2023-05-25,9285
2887,台新金,29,10,19,凱基-中壢,2023-05-25,9285
1514,亞力,27,8,19,凱基-中壢,2023-05-25,9285
2883,凱基金,53,34,19,凱基-中壢,2023-05-25,9285
6164,華興,22,5,17,凱基-中壢,2023-05-25,9285
00696B,富邦美債20年,16,0,16,凱基-中壢,2023-05-25,9285
3481,群創,29,14,15,凱基-中壢,2023-05-25,9285
4919,新唐,17,2,15,凱基-中壢,2023-05-25,9285
1785,光洋科,26,11,15,凱基-中壢,2023-05-25,9285
2548,華固,15,0,15,凱基-中壢,2023-05-25,9285
00720B,元大投資級公司債,14,0,14,凱基-中壢,2023-05-25,9285
8940,新天地,14,0,14,凱基-中壢,2023-05-25,9285
3207,耀勝,14,0,14,凱基-中壢,2023-05-25,9285
3265,台星科,20,6,14,凱基-中壢,2023-05-25,9285
2618,長榮航,921,428,493,凱基-中壢,2023-05-26,9285
00664R,國泰臺灣加權反1,158,0,158,凱基-中壢,2023-05-26,9285
4164,承業醫,102,1,101,凱基-中壢,2023-05-26,9285
2845,遠東銀,99,0,99,凱基-中壢,2023-05-26,9285
00903,富邦元宇宙,75,0,75,凱基-中壢,2023-05-26,9285
00712,復華富時不動產,82,11,71,凱基-中壢,2023-05-26,9285
00713,元大台灣高息低波,69,3,66,凱基-中壢,2023-05-26,9285
00687B,國泰20年美債,49,0,49,凱基-中壢,2023-05-26,9285
1528,恩德,48,0,48,凱基-中壢,2023-05-26,9285
2630,亞航,58,11,47,凱基-中壢,2023-05-26,9285
00882,中信中國高股息,41,0,41,凱基-中壢,2023-05-26,9285
3264,欣銓,45,9,36,凱基-中壢,2023-05-26,9285
5880,合庫金,35,1,34,凱基-中壢,2023-05-26,9285
2883,凱基金,39,7,32,凱基-中壢,2023-05-26,9285
00720B,元大投資級公司債,30,0,30,凱基-中壢,2023-05-26,9285
3207,耀勝,29,0,29,凱基-中壢,2023-05-26,9285
00680L,元大美債20正2,28,0,28,凱基-中壢,2023-05-26,9285
3715,定穎投控,58,30,28,凱基-中壢,2023-05-26,9285
8940,新天地,30,3,27,凱基-中壢,2023-05-26,9285
2402,毅嘉,31,6,25,凱基-中壢,2023-05-26,9285
4533,協易機,25,0,25,凱基-中壢,2023-05-26,9285
1514,亞力,34,10,24,凱基-中壢,2023-05-26,9285
6116,彩晶,24,0,24,凱基-中壢,2023-05-26,9285
2331,精英,27,3,24,凱基-中壢,2023-05-26,9285
2352,佳世達,41,18,23,凱基-中壢,2023-05-26,9285
2323,中環,108,85,23,凱基-中壢,2023-05-26,9285
3481,群創,40,18,22,凱基-中壢,2023-05-26,9285
2606,裕民,26,4,22,凱基-中壢,2023-05-26,9285
1789,神隆,22,0,22,凱基-中壢,2023-05-26,9285
5009,榮剛,25,3,22,凱基-中壢,2023-05-26,9285
00751B,元大AAA至A公司債,22,1,21,凱基-中壢,2023-05-26,9285
1217,愛之味,21,0,21,凱基-中壢,2023-05-26,9285
4746,台耀,37,16,21,凱基-中壢,2023-05-26,9285
1712,興農,20,0,20,凱基-中壢,2023-05-26,9285
1591,駿吉-KY,20,0,20,凱基-中壢,2023-05-26,9285
2886,兆豐金,30,10,20,凱基-中壢,2023-05-26,9285
2399,映泰,38,18,20,凱基-中壢,2023-05-26,9285
00795B,中信美國公債20年,20,0,20,凱基-中壢,2023-05-26,9285
9938,百和,20,0,20,凱基-中壢,2023-05-26,9285
3231,緯創,162,143,19,凱基-中壢,2023-05-26,9285
6126,信音,18,0,18,凱基-中壢,2023-05-26,9285
2409,友達,24,6,18,凱基-中壢,2023-05-26,9285
2867,三商壽,17,0,17,凱基-中壢,2023-05-26,9285
1519,華城,29,12,17,凱基-中壢,2023-05-26,9285
3306,鼎天,17,1,16,凱基-中壢,2023-05-26,9285
8358,金居,17,1,16,凱基-中壢,2023-05-26,9285
2408,南亞科,16,1,15,凱基-中壢,2023-05-26,9285
00679B,元大美債20年,18,3,15,凱基-中壢,2023-05-26,9285
2913,農林,15,0,15,凱基-中壢,2023-05-26,9285
8038,長園科,17,2,15,凱基-中壢,2023-05-26,9285
2303,聯電,337,43,294,凱基-中壢,2023-05-29,9285
0056,元大高股息,323,66,257,凱基-中壢,2023-05-29,9285
00713,元大台灣高息低波,215,10,205,凱基-中壢,2023-05-29,9285
00637L,元大滬深300正2,183,23,160,凱基-中壢,2023-05-29,9285
00882,中信中國高股息,128,0,128,凱基-中壢,2023-05-29,9285
3231,緯創,246,123,123,凱基-中壢,2023-05-29,9285
2371,大同,137,35,102,凱基-中壢,2023-05-29,9285
00671R,富邦NASDAQ反1,100,0,100,凱基-中壢,2023-05-29,9285
00878,國泰永續高股息,153,79,74,凱基-中壢,2023-05-29,9285
00712,復華富時不動產,69,8,61,凱基-中壢,2023-05-29,9285
00893,國泰智能電動車,89,28,61,凱基-中壢,2023-05-29,9285
1611,中電,51,0,51,凱基-中壢,2023-05-29,9285
2002,中鋼,48,2,46,凱基-中壢,2023-05-29,9285
2442,新美齊,50,6,44,凱基-中壢,2023-05-29,9285
00751B,元大AAA至A公司債,44,0,44,凱基-中壢,2023-05-29,9285
00895,富邦未來車,44,5,39,凱基-中壢,2023-05-29,9285
6147,頎邦,38,2,36,凱基-中壢,2023-05-29,9285
00687B,國泰20年美債,46,12,34,凱基-中壢,2023-05-29,9285
6770,力積電,36,4,32,凱基-中壢,2023-05-29,9285
00664R,國泰臺灣加權反1,32,0,32,凱基-中壢,2023-05-29,9285
00665L,富邦�琤肭磪囓�2,30,0,30,凱基-中壢,2023-05-29,9285
2382,廣達,39,9,30,凱基-中壢,2023-05-29,9285
3265,台星科,70,43,27,凱基-中壢,2023-05-29,9285
2736,富野,81,54,27,凱基-中壢,2023-05-29,9285
00688L,國泰20年美債正2,26,0,26,凱基-中壢,2023-05-29,9285
2329,華泰,30,4,26,凱基-中壢,2023-05-29,9285
2312,金寶,28,2,26,凱基-中壢,2023-05-29,9285
6139,亞翔,25,2,23,凱基-中壢,2023-05-29,9285
2606,裕民,25,2,23,凱基-中壢,2023-05-29,9285
3037,欣興,56,35,21,凱基-中壢,2023-05-29,9285
3481,群創,103,82,21,凱基-中壢,2023-05-29,9285
6109,亞元,20,0,20,凱基-中壢,2023-05-29,9285
00632R,元大台灣50反1,379,361,18,凱基-中壢,2023-05-29,9285
3706,神達,115,97,18,凱基-中壢,2023-05-29,9285
5864,致和證,17,0,17,凱基-中壢,2023-05-29,9285
00680L,元大美債20正2,16,0,16,凱基-中壢,2023-05-29,9285
00631L,元大台灣50正2,16,0,16,凱基-中壢,2023-05-29,9285
3646,艾恩特,16,1,15,凱基-中壢,2023-05-29,9285
2206,三陽工業,37,23,14,凱基-中壢,2023-05-29,9285
00720B,元大投資級公司債,13,0,13,凱基-中壢,2023-05-29,9285
6281,全國電,13,0,13,凱基-中壢,2023-05-29,9285
2630,亞航,33,21,12,凱基-中壢,2023-05-29,9285
5905,南仁湖,12,0,12,凱基-中壢,2023-05-29,9285
1460,宏遠,25,13,12,凱基-中壢,2023-05-29,9285
2884,玉山金,48,36,12,凱基-中壢,2023-05-29,9285
2301,光寶科,15,3,12,凱基-中壢,2023-05-29,9285
2412,中華電,16,5,11,凱基-中壢,2023-05-29,9285
2425,承啟,28,17,11,凱基-中壢,2023-05-29,9285
3038,全台,12,1,11,凱基-中壢,2023-05-29,9285
8940,新天地,11,0,11,凱基-中壢,2023-05-29,9285
00632R,元大台灣50反1,695,50,645,凱基-中壢,2023-05-30,9285
2618,長榮航,746,136,610,凱基-中壢,2023-05-30,9285
2356,英業達,326,88,238,凱基-中壢,2023-05-30,9285
00882,中信中國高股息,128,2,126,凱基-中壢,2023-05-30,9285
2834,臺企銀,93,0,93,凱基-中壢,2023-05-30,9285
2312,金寶,82,3,79,凱基-中壢,2023-05-30,9285
00665L,富邦�琤肭磪囓�2,67,0,67,凱基-中壢,2023-05-30,9285
2801,彰銀,65,0,65,凱基-中壢,2023-05-30,9285
2489,瑞軒,62,2,60,凱基-中壢,2023-05-30,9285
6026,福邦證,48,2,46,凱基-中壢,2023-05-30,9285
00715L,期街口布蘭特正2,65,20,45,凱基-中壢,2023-05-30,9285
2371,大同,359,316,43,凱基-中壢,2023-05-30,9285
2002,中鋼,45,6,39,凱基-中壢,2023-05-30,9285
2883,凱基金,38,1,37,凱基-中壢,2023-05-30,9285
3078,僑威,81,47,34,凱基-中壢,2023-05-30,9285
3005,神基,38,4,34,凱基-中壢,2023-05-30,9285
3038,全台,34,1,33,凱基-中壢,2023-05-30,9285
2302,麗正,39,6,33,凱基-中壢,2023-05-30,9285
00674R,期元大S＆P黃金反1,32,0,32,凱基-中壢,2023-05-30,9285
5014,建錩,32,0,32,凱基-中壢,2023-05-30,9285
3231,緯創,130,99,31,凱基-中壢,2023-05-30,9285
00679B,元大美債20年,29,0,29,凱基-中壢,2023-05-30,9285
5498,凱崴,48,20,28,凱基-中壢,2023-05-30,9285
3265,台星科,27,3,24,凱基-中壢,2023-05-30,9285
3706,神達,37,14,23,凱基-中壢,2023-05-30,9285
00725B,國泰投資級公司債,22,0,22,凱基-中壢,2023-05-30,9285
6122,擎邦,28,6,22,凱基-中壢,2023-05-30,9285
2637,慧洋-KY,21,0,21,凱基-中壢,2023-05-30,9285
2382,廣達,29,9,20,凱基-中壢,2023-05-30,9285
3537,堡達,20,0,20,凱基-中壢,2023-05-30,9285
3264,欣銓,21,1,20,凱基-中壢,2023-05-30,9285
2399,映泰,25,7,18,凱基-中壢,2023-05-30,9285
6485,點序,19,1,18,凱基-中壢,2023-05-30,9285
1762,中化生,17,0,17,凱基-中壢,2023-05-30,9285
00712,復華富時不動產,17,1,16,凱基-中壢,2023-05-30,9285
2412,中華電,14,0,14,凱基-中壢,2023-05-30,9285
3029,零壹,18,4,14,凱基-中壢,2023-05-30,9285
5425,台半,26,12,14,凱基-中壢,2023-05-30,9285
6112,邁達特,19,5,14,凱基-中壢,2023-05-30,9285
2915,潤泰全,14,0,14,凱基-中壢,2023-05-30,9285
6125,廣運,38,24,14,凱基-中壢,2023-05-30,9285
2634,漢翔,26,13,13,凱基-中壢,2023-05-30,9285
00696B,富邦美債20年,13,0,13,凱基-中壢,2023-05-30,9285
8033,雷虎,13,0,13,凱基-中壢,2023-05-30,9285
3094,聯傑,32,21,11,凱基-中壢,2023-05-30,9285
1519,華城,42,31,11,凱基-中壢,2023-05-30,9285
6782,視陽,11,0,11,凱基-中壢,2023-05-30,9285
00642U,期元大S＆P石油,11,0,11,凱基-中壢,2023-05-30,9285
4564,元翎,48,37,11,凱基-中壢,2023-05-30,9285
1460,宏遠,11,0,11,凱基-中壢,2023-05-30,9285
00715L,期街口布蘭特正2,1267,20,1247,凱基-中壢,2023-05-31,9285
00637L,元大滬深300正2,332,0,332,凱基-中壢,2023-05-31,9285
00642U,期元大S＆P石油,195,0,195,凱基-中壢,2023-05-31,9285
00671R,富邦NASDAQ反1,100,0,100,凱基-中壢,2023-05-31,9285
00632R,元大台灣50反1,112,21,91,凱基-中壢,2023-05-31,9285
00882,中信中國高股息,88,1,87,凱基-中壢,2023-05-31,9285
3413,京鼎,70,0,70,凱基-中壢,2023-05-31,9285
00878,國泰永續高股息,93,25,68,凱基-中壢,2023-05-31,9285
0056,元大高股息,91,27,64,凱基-中壢,2023-05-31,9285
3231,緯創,101,49,52,凱基-中壢,2023-05-31,9285
6770,力積電,65,16,49,凱基-中壢,2023-05-31,9285
6125,廣運,48,11,37,凱基-中壢,2023-05-31,9285
00679B,元大美債20年,35,0,35,凱基-中壢,2023-05-31,9285
6591,動力-KY,35,2,33,凱基-中壢,2023-05-31,9285
3481,群創,36,4,32,凱基-中壢,2023-05-31,9285
2331,精英,45,14,31,凱基-中壢,2023-05-31,9285
3037,欣興,31,1,30,凱基-中壢,2023-05-31,9285
3049,精金,30,0,30,凱基-中壢,2023-05-31,9285
5014,建錩,30,0,30,凱基-中壢,2023-05-31,9285
2382,廣達,38,14,24,凱基-中壢,2023-05-31,9285
1513,中興電,55,32,23,凱基-中壢,2023-05-31,9285
1519,華城,58,36,22,凱基-中壢,2023-05-31,9285
8076,伍豐,26,5,21,凱基-中壢,2023-05-31,9285
3533,嘉澤,20,0,20,凱基-中壢,2023-05-31,9285
1806,冠軍,20,0,20,凱基-中壢,2023-05-31,9285
1217,愛之味,20,0,20,凱基-中壢,2023-05-31,9285
3363,上詮,25,5,20,凱基-中壢,2023-05-31,9285
5351,鈺創,25,5,20,凱基-中壢,2023-05-31,9285
2457,飛宏,61,42,19,凱基-中壢,2023-05-31,9285
2323,中環,65,47,18,凱基-中壢,2023-05-31,9285
2609,陽明,26,9,17,凱基-中壢,2023-05-31,9285
2883,凱基金,23,6,17,凱基-中壢,2023-05-31,9285
4967,十銓,35,18,17,凱基-中壢,2023-05-31,9285
3029,零壹,20,3,17,凱基-中壢,2023-05-31,9285
5706,鳳凰,42,26,16,凱基-中壢,2023-05-31,9285
00687B,國泰20年美債,16,0,16,凱基-中壢,2023-05-31,9285
4973,廣穎,25,9,16,凱基-中壢,2023-05-31,9285
2545,皇翔,16,0,16,凱基-中壢,2023-05-31,9285
2514,龍邦,15,0,15,凱基-中壢,2023-05-31,9285
1907,永豐餘,15,0,15,凱基-中壢,2023-05-31,9285
3032,偉訓,17,2,15,凱基-中壢,2023-05-31,9285
4746,台耀,16,2,14,凱基-中壢,2023-05-31,9285
5324,士開,15,1,14,凱基-中壢,2023-05-31,9285
2313,華通,15,1,14,凱基-中壢,2023-05-31,9285
2421,建準,33,20,13,凱基-中壢,2023-05-31,9285
2427,三商電,14,1,13,凱基-中壢,2023-05-31,9285
6259,百徽,13,0,13,凱基-中壢,2023-05-31,9285
3025,星通,45,32,13,凱基-中壢,2023-05-31,9285
5871,中租-KY,12,0,12,凱基-中壢,2023-05-31,9285
3346,麗清,12,0,12,凱基-中壢,2023-05-31,9285
00715L,期街口布蘭特正2,746,27,719,凱基-中壢,2023-06-01,9285
2356,英業達,341,35,306,凱基-中壢,2023-06-01,9285
00878,國泰永續高股息,206,36,170,凱基-中壢,2023-06-01,9285
2913,農林,101,18,83,凱基-中壢,2023-06-01,9285
6120,達運,66,0,66,凱基-中壢,2023-06-01,9285
1528,恩德,65,0,65,凱基-中壢,2023-06-01,9285
00919,群益台灣精選高息,59,0,59,凱基-中壢,2023-06-01,9285
1611,中電,54,1,53,凱基-中壢,2023-06-01,9285
00712,復華富時不動產,53,7,46,凱基-中壢,2023-06-01,9285
3038,全台,46,2,44,凱基-中壢,2023-06-01,9285
2303,聯電,100,57,43,凱基-中壢,2023-06-01,9285
1605,華新,48,6,42,凱基-中壢,2023-06-01,9285
3013,晟銘電,76,36,40,凱基-中壢,2023-06-01,9285
1609,大亞,44,5,39,凱基-中壢,2023-06-01,9285
00882,中信中國高股息,37,0,37,凱基-中壢,2023-06-01,9285
3260,威剛,45,9,36,凱基-中壢,2023-06-01,9285
2444,兆勁,35,0,35,凱基-中壢,2023-06-01,9285
2892,第一金,35,0,35,凱基-中壢,2023-06-01,9285
2888,新光金,34,0,34,凱基-中壢,2023-06-01,9285
2201,裕隆,63,30,33,凱基-中壢,2023-06-01,9285
2881,富邦金,30,1,29,凱基-中壢,2023-06-01,9285
2371,大同,90,63,27,凱基-中壢,2023-06-01,9285
3037,欣興,27,1,26,凱基-中壢,2023-06-01,9285
3706,神達,166,142,24,凱基-中壢,2023-06-01,9285
1529,樂事綠能,24,0,24,凱基-中壢,2023-06-01,9285
00642U,期元大S＆P石油,26,3,23,凱基-中壢,2023-06-01,9285
00688L,國泰20年美債正2,24,2,22,凱基-中壢,2023-06-01,9285
4950,牧東,20,0,20,凱基-中壢,2023-06-01,9285
3687,歐買尬,20,0,20,凱基-中壢,2023-06-01,9285
6188,廣明,41,21,20,凱基-中壢,2023-06-01,9285
2603,長榮,21,1,20,凱基-中壢,2023-06-01,9285
6874,倍力,19,0,19,凱基-中壢,2023-06-01,9285
2515,中工,78,59,19,凱基-中壢,2023-06-01,9285
00679B,元大美債20年,19,1,18,凱基-中壢,2023-06-01,9285
4147,中裕,23,4,19,凱基-中壢,2023-06-01,9285
2615,萬海,21,3,18,凱基-中壢,2023-06-01,9285
6111,大宇資,28,11,17,凱基-中壢,2023-06-01,9285
5608,四維航,17,0,17,凱基-中壢,2023-06-01,9285
2345,智邦,21,5,16,凱基-中壢,2023-06-01,9285
2637,慧洋-KY,15,0,15,凱基-中壢,2023-06-01,9285
6185,幃翔,24,9,15,凱基-中壢,2023-06-01,9285
1907,永豐餘,43,28,15,凱基-中壢,2023-06-01,9285
1513,中興電,25,11,14,凱基-中壢,2023-06-01,9285
2206,三陽工業,35,21,14,凱基-中壢,2023-06-01,9285
00772B,中信高評級公司債,14,0,14,凱基-中壢,2023-06-01,9285
4564,元翎,64,50,14,凱基-中壢,2023-06-01,9285
3011,今皓,14,0,14,凱基-中壢,2023-06-01,9285
6531,愛普*,37,23,14,凱基-中壢,2023-06-01,9285
0056,元大高股息,25,12,13,凱基-中壢,2023-06-01,9285
6190,萬泰科,16,3,13,凱基-中壢,2023-06-01,9285
00632R,元大台灣50反1,601,217,384,凱基-中壢,2023-06-02,9285
1504,東元,462,144,318,凱基-中壢,2023-06-02,9285
2618,長榮航,437,188,249,凱基-中壢,2023-06-02,9285
00712,復華富時不動產,150,4,146,凱基-中壢,2023-06-02,9285
00919,群益台灣精選高息,143,4,139,凱基-中壢,2023-06-02,9285
00903,富邦元宇宙,75,1,74,凱基-中壢,2023-06-02,9285
2312,金寶,75,4,71,凱基-中壢,2023-06-02,9285
2887,台新金,73,12,61,凱基-中壢,2023-06-02,9285
5009,榮剛,66,8,58,凱基-中壢,2023-06-02,9285
3625,西勝,61,7,54,凱基-中壢,2023-06-02,9285
1905,華紙,106,63,43,凱基-中壢,2023-06-02,9285
3591,艾笛森,42,1,41,凱基-中壢,2023-06-02,9285
3025,星通,46,5,41,凱基-中壢,2023-06-02,9285
3013,晟銘電,97,56,41,凱基-中壢,2023-06-02,9285
2888,新光金,40,0,40,凱基-中壢,2023-06-02,9285
00882,中信中國高股息,39,1,38,凱基-中壢,2023-06-02,9285
6167,久正,40,3,37,凱基-中壢,2023-06-02,9285
3710,連展投控,35,0,35,凱基-中壢,2023-06-02,9285
3162,精確,40,5,35,凱基-中壢,2023-06-02,9285
1733,五鼎,36,2,34,凱基-中壢,2023-06-02,9285
4763,材料-KY,40,8,32,凱基-中壢,2023-06-02,9285
00679B,元大美債20年,33,2,31,凱基-中壢,2023-06-02,9285
911868,同方友友-DR,31,1,30,凱基-中壢,2023-06-02,9285
5014,建錩,30,0,30,凱基-中壢,2023-06-02,9285
3260,威剛,27,0,27,凱基-中壢,2023-06-02,9285
3207,耀勝,22,0,22,凱基-中壢,2023-06-02,9285
3017,奇鋐,26,4,22,凱基-中壢,2023-06-02,9285
4138,曜亞,21,0,21,凱基-中壢,2023-06-02,9285
00885,富邦越南,51,30,21,凱基-中壢,2023-06-02,9285
1784,訊聯,21,0,21,凱基-中壢,2023-06-02,9285
00673R,期元大S＆P原油反1,20,0,20,凱基-中壢,2023-06-02,9285
8069,元太,38,18,20,凱基-中壢,2023-06-02,9285
5498,凱崴,23,4,19,凱基-中壢,2023-06-02,9285
2337,旺宏,23,4,19,凱基-中壢,2023-06-02,9285
2492,華新科,22,4,18,凱基-中壢,2023-06-02,9285
00893,國泰智能電動車,28,10,18,凱基-中壢,2023-06-02,9285
1471,首利,17,0,17,凱基-中壢,2023-06-02,9285
6259,百徽,17,0,17,凱基-中壢,2023-06-02,9285
00670L,富邦NASDAQ正2,16,0,16,凱基-中壢,2023-06-02,9285
2413,環科,18,2,16,凱基-中壢,2023-06-02,9285
4746,台耀,16,0,16,凱基-中壢,2023-06-02,9285
6531,愛普*,32,16,16,凱基-中壢,2023-06-02,9285
4130,健亞,15,0,15,凱基-中壢,2023-06-02,9285
2610,華航,219,204,15,凱基-中壢,2023-06-02,9285
8926,台汽電,15,1,14,凱基-中壢,2023-06-02,9285
1717,長興,32,18,14,凱基-中壢,2023-06-02,9285
3038,全台,57,43,14,凱基-中壢,2023-06-02,9285
2444,兆勁,15,1,14,凱基-中壢,2023-06-02,9285
3029,零壹,28,14,14,凱基-中壢,2023-06-02,9285
00631L,元大台灣50正2,15,1,14,凱基-中壢,2023-06-02,9285
2618,長榮航,439,89,350,凱基-中壢,2023-06-05,9285
00637L,元大滬深300正2,248,0,248,凱基-中壢,2023-06-05,9285
00712,復華富時不動產,183,5,178,凱基-中壢,2023-06-05,9285
00673R,期元大S＆P原油反1,84,0,84,凱基-中壢,2023-06-05,9285
00882,中信中國高股息,90,10,80,凱基-中壢,2023-06-05,9285
00679B,元大美債20年,79,1,78,凱基-中壢,2023-06-05,9285
6015,宏遠證,81,8,73,凱基-中壢,2023-06-05,9285
3617,碩天,65,4,61,凱基-中壢,2023-06-05,9285
00713,元大台灣高息低波,57,0,57,凱基-中壢,2023-06-05,9285
2399,映泰,64,14,50,凱基-中壢,2023-06-05,9285
1806,冠軍,50,3,47,凱基-中壢,2023-06-05,9285
2344,華邦電,68,22,46,凱基-中壢,2023-06-05,9285
1609,大亞,149,104,45,凱基-中壢,2023-06-05,9285
6133,金橋,42,0,42,凱基-中壢,2023-06-05,9285
6167,久正,52,11,41,凱基-中壢,2023-06-05,9285
00903,富邦元宇宙,115,75,40,凱基-中壢,2023-06-05,9285
1513,中興電,71,32,39,凱基-中壢,2023-06-05,9285
6770,力積電,45,7,38,凱基-中壢,2023-06-05,9285
8059,凱碩,39,5,34,凱基-中壢,2023-06-05,9285
6209,今國光,45,13,32,凱基-中壢,2023-06-05,9285
2353,宏��,48,17,31,凱基-中壢,2023-06-05,9285
6477,安集,31,0,31,凱基-中壢,2023-06-05,9285
4916,事欣科,66,35,31,凱基-中壢,2023-06-05,9285
1514,亞力,68,41,27,凱基-中壢,2023-06-05,9285
3703,欣陸,24,0,24,凱基-中壢,2023-06-05,9285
00706L,期元大S＆P日圓正2,24,0,24,凱基-中壢,2023-06-05,9285
6187,萬潤,31,7,24,凱基-中壢,2023-06-05,9285
1815,富喬,25,2,23,凱基-中壢,2023-06-05,9285
4958,臻鼎-KY,23,0,23,凱基-中壢,2023-06-05,9285
3005,神基,31,8,23,凱基-中壢,2023-06-05,9285
3715,定穎投控,51,28,23,凱基-中壢,2023-06-05,9285
6282,康舒,79,57,22,凱基-中壢,2023-06-05,9285
6244,茂迪,27,5,22,凱基-中壢,2023-06-05,9285
3089,億杰,22,0,22,凱基-中壢,2023-06-05,9285
6550,北極星藥業-KY,25,3,22,凱基-中壢,2023-06-05,9285
1605,華新,49,29,20,凱基-中壢,2023-06-05,9285
00671R,富邦NASDAQ反1,20,0,20,凱基-中壢,2023-06-05,9285
00665L,富邦�琤肭磪囓�2,20,0,20,凱基-中壢,2023-06-05,9285
8271,宇瞻,20,0,20,凱基-中壢,2023-06-05,9285
1529,樂事綠能,70,51,19,凱基-中壢,2023-06-05,9285
4123,晟德,21,2,19,凱基-中壢,2023-06-05,9285
0056,元大高股息,74,55,19,凱基-中壢,2023-06-05,9285
1711,永光,39,21,18,凱基-中壢,2023-06-05,9285
2630,亞航,44,26,18,凱基-中壢,2023-06-05,9285
2609,陽明,26,9,17,凱基-中壢,2023-06-05,9285
1810,和成,22,5,17,凱基-中壢,2023-06-05,9285
3038,全台,23,6,17,凱基-中壢,2023-06-05,9285
4533,協易機,28,11,17,凱基-中壢,2023-06-05,9285
1533,車王電,17,1,16,凱基-中壢,2023-06-05,9285
4147,中裕,24,8,16,凱基-中壢,2023-06-05,9285
2402,毅嘉,385,200,185,凱基-中壢,2023-06-06,9285
2888,新光金,195,27,168,凱基-中壢,2023-06-06,9285
00882,中信中國高股息,96,4,92,凱基-中壢,2023-06-06,9285
5009,榮剛,121,30,91,凱基-中壢,2023-06-06,9285
00679B,元大美債20年,91,7,84,凱基-中壢,2023-06-06,9285
00927,群益半導體收益,63,0,63,凱基-中壢,2023-06-06,9285
8105,凌巨,83,21,62,凱基-中壢,2023-06-06,9285
3025,星通,73,16,57,凱基-中壢,2023-06-06,9285
2399,映泰,137,82,55,凱基-中壢,2023-06-06,9285
2323,中環,101,46,55,凱基-中壢,2023-06-06,9285
3617,碩天,55,1,54,凱基-中壢,2023-06-06,9285
6026,福邦證,51,1,50,凱基-中壢,2023-06-06,9285
2427,三商電,48,6,42,凱基-中壢,2023-06-06,9285
3231,緯創,87,46,41,凱基-中壢,2023-06-06,9285
5371,中光電,42,1,41,凱基-中壢,2023-06-06,9285
0056,元大高股息,67,27,40,凱基-中壢,2023-06-06,9285
2867,三商壽,40,2,38,凱基-中壢,2023-06-06,9285
5225,東科-KY,36,0,36,凱基-中壢,2023-06-06,9285
912000,晨訊科-DR,34,0,34,凱基-中壢,2023-06-06,9285
2457,飛宏,45,12,33,凱基-中壢,2023-06-06,9285
2498,宏達電,30,0,30,凱基-中壢,2023-06-06,9285
00919,群益台灣精選高息,29,1,28,凱基-中壢,2023-06-06,9285
3013,晟銘電,48,20,28,凱基-中壢,2023-06-06,9285
1519,華城,37,9,28,凱基-中壢,2023-06-06,9285
2331,精英,33,6,27,凱基-中壢,2023-06-06,9285
1905,華紙,71,45,26,凱基-中壢,2023-06-06,9285
3209,全科,26,0,26,凱基-中壢,2023-06-06,9285
1513,中興電,31,7,24,凱基-中壢,2023-06-06,9285
6446,藥華藥,26,2,24,凱基-中壢,2023-06-06,9285
1717,長興,24,0,24,凱基-中壢,2023-06-06,9285
2601,益航,33,10,23,凱基-中壢,2023-06-06,9285
2206,三陽工業,134,112,22,凱基-中壢,2023-06-06,9285
1514,亞力,31,10,21,凱基-中壢,2023-06-06,9285
6235,華孚,25,4,21,凱基-中壢,2023-06-06,9285
2634,漢翔,47,27,20,凱基-中壢,2023-06-06,9285
5443,均豪,20,1,19,凱基-中壢,2023-06-06,9285
1528,恩德,23,5,18,凱基-中壢,2023-06-06,9285
4533,協易機,42,24,18,凱基-中壢,2023-06-06,9285
3047,訊舟,23,5,18,凱基-中壢,2023-06-06,9285
6182,合晶,16,0,16,凱基-中壢,2023-06-06,9285
2489,瑞軒,29,13,16,凱基-中壢,2023-06-06,9285
6282,康舒,78,62,16,凱基-中壢,2023-06-06,9285
3162,精確,15,0,15,凱基-中壢,2023-06-06,9285
6126,信音,15,0,15,凱基-中壢,2023-06-06,9285
4977,眾達-KY,16,1,15,凱基-中壢,2023-06-06,9285
00713,元大台灣高息低波,14,0,14,凱基-中壢,2023-06-06,9285
6290,良維,14,0,14,凱基-中壢,2023-06-06,9285
2356,英業達,18,4,14,凱基-中壢,2023-06-06,9285
3046,建��,16,2,14,凱基-中壢,2023-06-06,9285
00687B,國泰20年美債,13,0,13,凱基-中壢,2023-06-06,9285
00637L,元大滬深300正2,252,50,202,凱基-中壢,2023-06-07,9285
00632R,元大台灣50反1,248,108,140,凱基-中壢,2023-06-07,9285
1608,華榮,143,4,139,凱基-中壢,2023-06-07,9285
00882,中信中國高股息,114,0,114,凱基-中壢,2023-06-07,9285
3231,緯創,161,58,103,凱基-中壢,2023-06-07,9285
1460,宏遠,86,0,86,凱基-中壢,2023-06-07,9285
3617,碩天,86,3,83,凱基-中壢,2023-06-07,9285
6125,廣運,160,81,79,凱基-中壢,2023-06-07,9285
00927,群益半導體收益,66,2,64,凱基-中壢,2023-06-07,9285
00885,富邦越南,65,9,56,凱基-中壢,2023-06-07,9285
2883B,凱基金乙特,40,0,40,凱基-中壢,2023-06-07,9285
6270,倍微,36,2,34,凱基-中壢,2023-06-07,9285
3058,立德,37,4,33,凱基-中壢,2023-06-07,9285
2367,燿華,35,2,33,凱基-中壢,2023-06-07,9285
00645,富邦日本,31,0,31,凱基-中壢,2023-06-07,9285
6026,福邦證,50,19,31,凱基-中壢,2023-06-07,9285
00673R,期元大S＆P原油反1,30,0,30,凱基-中壢,2023-06-07,9285
2706,第一店,51,23,28,凱基-中壢,2023-06-07,9285
2890,永豐金,49,21,28,凱基-中壢,2023-06-07,9285
00679B,元大美債20年,27,0,27,凱基-中壢,2023-06-07,9285
00631L,元大台灣50正2,30,3,27,凱基-中壢,2023-06-07,9285
00903,富邦元宇宙,37,11,26,凱基-中壢,2023-06-07,9285
6244,茂迪,28,3,25,凱基-中壢,2023-06-07,9285
2888,新光金,86,61,25,凱基-中壢,2023-06-07,9285
4114,健喬,29,5,24,凱基-中壢,2023-06-07,9285
2352,佳世達,42,19,23,凱基-中壢,2023-06-07,9285
1795,美時,39,17,22,凱基-中壢,2023-06-07,9285
1519,華城,42,22,20,凱基-中壢,2023-06-07,9285
2606,裕民,26,6,20,凱基-中壢,2023-06-07,9285
6198,瑞築,21,1,20,凱基-中壢,2023-06-07,9285
3037,欣興,24,5,19,凱基-中壢,2023-06-07,9285
00919,群益台灣精選高息,19,0,19,凱基-中壢,2023-06-07,9285
2867,三商壽,20,1,19,凱基-中壢,2023-06-07,9285
2834,臺企銀,20,1,19,凱基-中壢,2023-06-07,9285
6443,元晶,20,2,18,凱基-中壢,2023-06-07,9285
2634,漢翔,26,9,17,凱基-中壢,2023-06-07,9285
4207,環泰,17,0,17,凱基-中壢,2023-06-07,9285
00902,中信電池及儲能,17,0,17,凱基-中壢,2023-06-07,9285
3518,柏騰,17,0,17,凱基-中壢,2023-06-07,9285
5531,鄉林,21,5,16,凱基-中壢,2023-06-07,9285
4916,事欣科,20,4,16,凱基-中壢,2023-06-07,9285
5483,中美晶,18,2,16,凱基-中壢,2023-06-07,9285
2371,大同,16,0,16,凱基-中壢,2023-06-07,9285
6191,精成科,26,11,15,凱基-中壢,2023-06-07,9285
3047,訊舟,15,0,15,凱基-中壢,2023-06-07,9285
5465,富驊,15,0,15,凱基-中壢,2023-06-07,9285
5324,士開,16,1,15,凱基-中壢,2023-06-07,9285
6185,幃翔,16,1,15,凱基-中壢,2023-06-07,9285
00713,元大台灣高息低波,14,0,14,凱基-中壢,2023-06-07,9285
6188,廣明,15,1,14,凱基-中壢,2023-06-07,9285
1514,亞力,389,16,373,凱基-中壢,2023-06-08,9285
00713,元大台灣高息低波,256,1,255,凱基-中壢,2023-06-08,9285
2402,毅嘉,325,131,194,凱基-中壢,2023-06-08,9285
6015,宏遠證,169,2,167,凱基-中壢,2023-06-08,9285
3231,緯創,162,43,119,凱基-中壢,2023-06-08,9285
00878,國泰永續高股息,162,46,116,凱基-中壢,2023-06-08,9285
00676R,富邦臺灣加權反1,100,0,100,凱基-中壢,2023-06-08,9285
2634,漢翔,163,63,100,凱基-中壢,2023-06-08,9285
00679B,元大美債20年,95,1,94,凱基-中壢,2023-06-08,9285
3038,全台,94,0,94,凱基-中壢,2023-06-08,9285
00919,群益台灣精選高息,91,0,91,凱基-中壢,2023-06-08,9285
00882,中信中國高股息,92,3,89,凱基-中壢,2023-06-08,9285
2882,國泰金,74,1,73,凱基-中壢,2023-06-08,9285
1605,華新,113,42,71,凱基-中壢,2023-06-08,9285
4123,晟德,78,14,64,凱基-中壢,2023-06-08,9285
1612,宏泰,121,58,63,凱基-中壢,2023-06-08,9285
00650L,復華香港正2,94,33,61,凱基-中壢,2023-06-08,9285
3037,欣興,79,21,58,凱基-中壢,2023-06-08,9285
2888,新光金,91,42,49,凱基-中壢,2023-06-08,9285
00637L,元大滬深300正2,148,100,48,凱基-中壢,2023-06-08,9285
1609,大亞,387,339,48,凱基-中壢,2023-06-08,9285
00885,富邦越南,119,71,48,凱基-中壢,2023-06-08,9285
3013,晟銘電,51,5,46,凱基-中壢,2023-06-08,9285
2883,凱基金,78,33,45,凱基-中壢,2023-06-08,9285
6016,康和證,53,15,38,凱基-中壢,2023-06-08,9285
5512,力麒,52,14,38,凱基-中壢,2023-06-08,9285
3583,辛耘,108,74,34,凱基-中壢,2023-06-08,9285
00673R,期元大S＆P原油反1,32,0,32,凱基-中壢,2023-06-08,9285
2425,承啟,35,3,32,凱基-中壢,2023-06-08,9285
5905,南仁湖,38,8,30,凱基-中壢,2023-06-08,9285
2457,飛宏,37,9,28,凱基-中壢,2023-06-08,9285
6285,啟��,37,10,27,凱基-中壢,2023-06-08,9285
2727,王品,29,2,27,凱基-中壢,2023-06-08,9285
6274,台燿,32,6,26,凱基-中壢,2023-06-08,9285
3346,麗清,31,5,26,凱基-中壢,2023-06-08,9285
1806,冠軍,29,4,25,凱基-中壢,2023-06-08,9285
00633L,富邦上証正2,25,0,25,凱基-中壢,2023-06-08,9285
4960,誠美材,35,10,25,凱基-中壢,2023-06-08,9285
00632R,元大台灣50反1,24,0,24,凱基-中壢,2023-06-08,9285
4977,眾達-KY,25,2,23,凱基-中壢,2023-06-08,9285
2515,中工,25,2,23,凱基-中壢,2023-06-08,9285
5443,均豪,27,5,22,凱基-中壢,2023-06-08,9285
00687B,國泰20年美債,22,0,22,凱基-中壢,2023-06-08,9285
2399,映泰,23,2,21,凱基-中壢,2023-06-08,9285
6203,海韻電,29,9,20,凱基-中壢,2023-06-08,9285
6418,詠昇,20,0,20,凱基-中壢,2023-06-08,9285
00772B,中信高評級公司債,20,1,19,凱基-中壢,2023-06-08,9285
2615,萬海,33,14,19,凱基-中壢,2023-06-08,9285
2344,華邦電,44,25,19,凱基-中壢,2023-06-08,9285
5706,鳳凰,32,14,18,凱基-中壢,2023-06-08,9285
2618,長榮航,480,146,334,凱基-中壢,2023-06-09,9285
00715L,期街口布蘭特正2,188,6,182,凱基-中壢,2023-06-09,9285
00919,群益台灣精選高息,171,2,169,凱基-中壢,2023-06-09,9285
00712,復華富時不動產,159,15,144,凱基-中壢,2023-06-09,9285
00929,復華台灣科技優息,126,0,126,凱基-中壢,2023-06-09,9285
8926,台汽電,108,3,105,凱基-中壢,2023-06-09,9285
1314,中石化,65,0,65,凱基-中壢,2023-06-09,9285
00664R,國泰臺灣加權反1,100,35,65,凱基-中壢,2023-06-09,9285
6596,寬宏藝術,66,2,64,凱基-中壢,2023-06-09,9285
8940,新天地,65,3,62,凱基-中壢,2023-06-09,9285
3013,晟銘電,68,9,59,凱基-中壢,2023-06-09,9285
6625,必應,68,10,58,凱基-中壢,2023-06-09,9285
00795B,中信美國公債20年,55,1,54,凱基-中壢,2023-06-09,9285
0056,元大高股息,80,33,47,凱基-中壢,2023-06-09,9285
2606,裕民,47,0,47,凱基-中壢,2023-06-09,9285
00687B,國泰20年美債,51,6,45,凱基-中壢,2023-06-09,9285
00738U,期元大道瓊白銀,40,0,40,凱基-中壢,2023-06-09,9285
8088,品安,40,2,38,凱基-中壢,2023-06-09,9285
2892,第一金,36,0,36,凱基-中壢,2023-06-09,9285
3260,威剛,39,5,34,凱基-中壢,2023-06-09,9285
2399,映泰,111,78,33,凱基-中壢,2023-06-09,9285
5469,瀚宇博,49,17,32,凱基-中壢,2023-06-09,9285
1710,東聯,64,33,31,凱基-中壢,2023-06-09,9285
4979,華星光,112,81,31,凱基-中壢,2023-06-09,9285
2344,華邦電,70,42,28,凱基-中壢,2023-06-09,9285
6288,聯嘉,31,3,28,凱基-中壢,2023-06-09,9285
2328,廣宇,30,2,28,凱基-中壢,2023-06-09,9285
1802,台玻,28,0,28,凱基-中壢,2023-06-09,9285
3038,全台,28,1,27,凱基-中壢,2023-06-09,9285
3481,群創,28,1,27,凱基-中壢,2023-06-09,9285
9103,美德醫療-DR,26,0,26,凱基-中壢,2023-06-09,9285
2706,第一店,38,15,23,凱基-中壢,2023-06-09,9285
1504,東元,62,40,22,凱基-中壢,2023-06-09,9285
6770,力積電,22,1,21,凱基-中壢,2023-06-09,9285
8121,越峰,20,0,20,凱基-中壢,2023-06-09,9285
6116,彩晶,27,9,18,凱基-中壢,2023-06-09,9285
4763,材料-KY,21,3,18,凱基-中壢,2023-06-09,9285
3011,今皓,20,4,16,凱基-中壢,2023-06-09,9285
4755,三福化,16,0,16,凱基-中壢,2023-06-09,9285
3265,台星科,16,0,16,凱基-中壢,2023-06-09,9285
4121,優盛,17,2,15,凱基-中壢,2023-06-09,9285
3058,立德,17,2,15,凱基-中壢,2023-06-09,9285
5439,高技,16,1,15,凱基-中壢,2023-06-09,9285
1513,中興電,45,30,15,凱基-中壢,2023-06-09,9285
2882,國泰金,14,0,14,凱基-中壢,2023-06-09,9285
8150,南茂,17,3,14,凱基-中壢,2023-06-09,9285
2888,新光金,83,69,14,凱基-中壢,2023-06-09,9285
5464,霖宏,13,0,13,凱基-中壢,2023-06-09,9285
3711,日月光投控,12,1,11,凱基-中壢,2023-06-09,9285
2337,旺宏,13,2,11,凱基-中壢,2023-06-09,9285
00715L,期街口布蘭特正2,243,1,242,凱基-中壢,2023-06-12,9285
2618,長榮航,349,142,207,凱基-中壢,2023-06-12,9285
2356,英業達,217,21,196,凱基-中壢,2023-06-12,9285
00929,復華台灣科技優息,148,0,148,凱基-中壢,2023-06-12,9285
2303,聯電,220,76,144,凱基-中壢,2023-06-12,9285
3231,緯創,179,43,136,凱基-中壢,2023-06-12,9285
3325,旭品,120,0,120,凱基-中壢,2023-06-12,9285
00919,群益台灣精選高息,137,23,114,凱基-中壢,2023-06-12,9285
00642U,期元大S＆P石油,112,6,106,凱基-中壢,2023-06-12,9285
1522,堤維西,108,7,101,凱基-中壢,2023-06-12,9285
00713,元大台灣高息低波,102,5,97,凱基-中壢,2023-06-12,9285
00878,國泰永續高股息,205,109,96,凱基-中壢,2023-06-12,9285
00882,中信中國高股息,86,2,84,凱基-中壢,2023-06-12,9285
2888,新光金,202,124,78,凱基-中壢,2023-06-12,9285
6026,福邦證,96,21,75,凱基-中壢,2023-06-12,9285
00637L,元大滬深300正2,98,25,73,凱基-中壢,2023-06-12,9285
00795B,中信美國公債20年,54,0,54,凱基-中壢,2023-06-12,9285
3374,精材,60,16,44,凱基-中壢,2023-06-12,9285
00687B,國泰20年美債,62,21,41,凱基-中壢,2023-06-12,9285
00893,國泰智能電動車,52,12,40,凱基-中壢,2023-06-12,9285
2425,承啟,47,9,38,凱基-中壢,2023-06-12,9285
2913,農林,41,4,37,凱基-中壢,2023-06-12,9285
3207,耀勝,37,0,37,凱基-中壢,2023-06-12,9285
2312,金寶,69,33,36,凱基-中壢,2023-06-12,9285
8403,盛弘,36,1,35,凱基-中壢,2023-06-12,9285
1712,興農,37,5,32,凱基-中壢,2023-06-12,9285
4533,協易機,30,0,30,凱基-中壢,2023-06-12,9285
5014,建錩,30,0,30,凱基-中壢,2023-06-12,9285
3576,聯合再生,92,63,29,凱基-中壢,2023-06-12,9285
1609,大亞,94,65,29,凱基-中壢,2023-06-12,9285
00712,復華富時不動產,61,34,27,凱基-中壢,2023-06-12,9285
0056,元大高股息,72,46,26,凱基-中壢,2023-06-12,9285
2882,國泰金,27,1,26,凱基-中壢,2023-06-12,9285
3032,偉訓,27,2,25,凱基-中壢,2023-06-12,9285
2388,威盛,30,5,25,凱基-中壢,2023-06-12,9285
2887,台新金,40,16,24,凱基-中壢,2023-06-12,9285
6139,亞翔,30,7,23,凱基-中壢,2023-06-12,9285
1217,愛之味,22,1,21,凱基-中壢,2023-06-12,9285
3706,神達,21,0,21,凱基-中壢,2023-06-12,9285
1718,中纖,22,2,20,凱基-中壢,2023-06-12,9285
3038,全台,25,5,20,凱基-中壢,2023-06-12,9285
6202,盛群,20,0,20,凱基-中壢,2023-06-12,9285
5465,富驊,91,71,20,凱基-中壢,2023-06-12,9285
2606,裕民,22,2,20,凱基-中壢,2023-06-12,9285
2382,廣達,47,27,20,凱基-中壢,2023-06-12,9285
5880,合庫金,30,10,20,凱基-中壢,2023-06-12,9285
3617,碩天,28,9,19,凱基-中壢,2023-06-12,9285
1905,華紙,25,6,19,凱基-中壢,2023-06-12,9285
2801,彰銀,19,0,19,凱基-中壢,2023-06-12,9285
8234,新漢,21,2,19,凱基-中壢,2023-06-12,9285
00715L,期街口布蘭特正2,1517,10,1507,凱基-中壢,2023-06-13,9285
5864,致和證,190,1,189,凱基-中壢,2023-06-13,9285
1522,堤維西,211,24,187,凱基-中壢,2023-06-13,9285
00642U,期元大S＆P石油,161,6,155,凱基-中壢,2023-06-13,9285
00712,復華富時不動產,184,32,152,凱基-中壢,2023-06-13,9285
00882,中信中國高股息,97,8,89,凱基-中壢,2023-06-13,9285
6733,博晟生醫,82,0,82,凱基-中壢,2023-06-13,9285
00919,群益台灣精選高息,86,14,72,凱基-中壢,2023-06-13,9285
0056,元大高股息,103,37,66,凱基-中壢,2023-06-13,9285
00687B,國泰20年美債,65,0,65,凱基-中壢,2023-06-13,9285
3078,僑威,163,99,64,凱基-中壢,2023-06-13,9285
6101,寬魚國際,72,9,63,凱基-中壢,2023-06-13,9285
00795B,中信美國公債20年,58,0,58,凱基-中壢,2023-06-13,9285
2882,國泰金,49,0,49,凱基-中壢,2023-06-13,9285
00885,富邦越南,43,1,42,凱基-中壢,2023-06-13,9285
2630,亞航,50,9,41,凱基-中壢,2023-06-13,9285
2313,華通,50,10,40,凱基-中壢,2023-06-13,9285
3038,全台,40,2,38,凱基-中壢,2023-06-13,9285
6288,聯嘉,93,57,36,凱基-中壢,2023-06-13,9285
3289,宜特,42,7,35,凱基-中壢,2023-06-13,9285
00664R,國泰臺灣加權反1,32,0,32,凱基-中壢,2023-06-13,9285
5014,建錩,30,0,30,凱基-中壢,2023-06-13,9285
2881,富邦金,34,5,29,凱基-中壢,2023-06-13,9285
8940,新天地,33,4,29,凱基-中壢,2023-06-13,9285
6139,亞翔,33,7,26,凱基-中壢,2023-06-13,9285
3016,嘉晶,27,1,26,凱基-中壢,2023-06-13,9285
00679B,元大美債20年,25,0,25,凱基-中壢,2023-06-13,9285
2382,廣達,56,32,24,凱基-中壢,2023-06-13,9285
3046,建��,35,12,23,凱基-中壢,2023-06-13,9285
2515,中工,23,1,22,凱基-中壢,2023-06-13,9285
4114,健喬,22,0,22,凱基-中壢,2023-06-13,9285
2885,元大金,28,7,21,凱基-中壢,2023-06-13,9285
00929,復華台灣科技優息,23,3,20,凱基-中壢,2023-06-13,9285
2427,三商電,24,4,20,凱基-中壢,2023-06-13,9285
4543,萬在,20,1,19,凱基-中壢,2023-06-13,9285
1752,南光,25,6,19,凱基-中壢,2023-06-13,9285
3374,精材,31,12,19,凱基-中壢,2023-06-13,9285
3013,晟銘電,28,9,19,凱基-中壢,2023-06-13,9285
6111,大宇資,18,0,18,凱基-中壢,2023-06-13,9285
2323,中環,34,17,17,凱基-中壢,2023-06-13,9285
3576,聯合再生,85,68,17,凱基-中壢,2023-06-13,9285
5243,乙盛-KY,16,0,16,凱基-中壢,2023-06-13,9285
3545,敦泰,16,1,15,凱基-中壢,2023-06-13,9285
2867,三商壽,15,0,15,凱基-中壢,2023-06-13,9285
3022,威強電,25,10,15,凱基-中壢,2023-06-13,9285
1806,冠軍,65,50,15,凱基-中壢,2023-06-13,9285
1789,神隆,15,0,15,凱基-中壢,2023-06-13,9285
3178,公準,53,38,15,凱基-中壢,2023-06-13,9285
1533,車王電,15,1,14,凱基-中壢,2023-06-13,9285
2705,六福,23,9,14,凱基-中壢,2023-06-13,9285
2618,長榮航,1486,547,939,凱基-中壢,2023-06-14,9285
00713,元大台灣高息低波,271,4,267,凱基-中壢,2023-06-14,9285
00919,群益台灣精選高息,242,21,221,凱基-中壢,2023-06-14,9285
2363,矽統,204,4,200,凱基-中壢,2023-06-14,9285
00712,復華富時不動產,114,1,113,凱基-中壢,2023-06-14,9285
00929,復華台灣科技優息,108,5,103,凱基-中壢,2023-06-14,9285
2421,建準,116,15,101,凱基-中壢,2023-06-14,9285
2323,中環,131,45,86,凱基-中壢,2023-06-14,9285
1806,冠軍,99,13,86,凱基-中壢,2023-06-14,9285
3481,群創,103,33,70,凱基-中壢,2023-06-14,9285
2356,英業達,163,96,67,凱基-中壢,2023-06-14,9285
3434,哲固,62,0,62,凱基-中壢,2023-06-14,9285
00650L,復華香港正2,77,23,54,凱基-中壢,2023-06-14,9285
1609,大亞,142,92,50,凱基-中壢,2023-06-14,9285
00687B,國泰20年美債,48,0,48,凱基-中壢,2023-06-14,9285
6122,擎邦,56,12,44,凱基-中壢,2023-06-14,9285
00632R,元大台灣50反1,147,103,44,凱基-中壢,2023-06-14,9285
5009,榮剛,42,0,42,凱基-中壢,2023-06-14,9285
00679B,元大美債20年,33,1,32,凱基-中壢,2023-06-14,9285
1522,堤維西,66,36,30,凱基-中壢,2023-06-14,9285
8046,南電,36,6,30,凱基-中壢,2023-06-14,9285
1409,新纖,28,0,28,凱基-中壢,2023-06-14,9285
4906,正文,31,3,28,凱基-中壢,2023-06-14,9285
3078,僑威,69,41,28,凱基-中壢,2023-06-14,9285
2722,夏都,27,0,27,凱基-中壢,2023-06-14,9285
00795B,中信美國公債20年,31,5,26,凱基-中壢,2023-06-14,9285
4114,健喬,26,0,26,凱基-中壢,2023-06-14,9285
1802,台玻,40,16,24,凱基-中壢,2023-06-14,9285
3515,華擎,26,2,24,凱基-中壢,2023-06-14,9285
3038,全台,27,3,24,凱基-中壢,2023-06-14,9285
2743,山富,34,11,23,凱基-中壢,2023-06-14,9285
2354,鴻準,26,5,21,凱基-中壢,2023-06-14,9285
6125,廣運,57,38,19,凱基-中壢,2023-06-14,9285
1905,華紙,29,10,19,凱基-中壢,2023-06-14,9285
3711,日月光投控,24,5,19,凱基-中壢,2023-06-14,9285
8155,博智,21,3,18,凱基-中壢,2023-06-14,9285
4157,太景*-KY,19,1,18,凱基-中壢,2023-06-14,9285
00642U,期元大S＆P石油,20,2,18,凱基-中壢,2023-06-14,9285
8076,伍豐,36,18,18,凱基-中壢,2023-06-14,9285
2705,六福,28,11,17,凱基-中壢,2023-06-14,9285
2888,新光金,22,5,17,凱基-中壢,2023-06-14,9285
00772B,中信高評級公司債,16,0,16,凱基-中壢,2023-06-14,9285
2436,偉詮電,21,5,16,凱基-中壢,2023-06-14,9285
8050,廣積,43,28,15,凱基-中壢,2023-06-14,9285
00671R,富邦NASDAQ反1,15,0,15,凱基-中壢,2023-06-14,9285
1218,泰山,15,0,15,凱基-中壢,2023-06-14,9285
6469,大樹,15,0,15,凱基-中壢,2023-06-14,9285
6806,森崴能源,14,0,14,凱基-中壢,2023-06-14,9285
1101,台泥,18,4,14,凱基-中壢,2023-06-14,9285
2609,陽明,35,22,13,凱基-中壢,2023-06-14,9285
00715L,期街口布蘭特正2,249,30,219,凱基-中壢,2023-06-15,9285
00635U,期元大S＆P黃金,165,0,165,凱基-中壢,2023-06-15,9285
00632R,元大台灣50反1,157,0,157,凱基-中壢,2023-06-15,9285
00919,群益台灣精選高息,217,75,142,凱基-中壢,2023-06-15,9285
00929,復華台灣科技優息,113,6,107,凱基-中壢,2023-06-15,9285
2402,毅嘉,110,7,103,凱基-中壢,2023-06-15,9285
3576,聯合再生,102,8,94,凱基-中壢,2023-06-15,9285
2401,凌陽,162,77,85,凱基-中壢,2023-06-15,9285
3481,群創,109,25,84,凱基-中壢,2023-06-15,9285
6187,萬潤,93,11,82,凱基-中壢,2023-06-15,9285
00712,復華富時不動產,152,74,78,凱基-中壢,2023-06-15,9285
2399,映泰,121,79,42,凱基-中壢,2023-06-15,9285
1609,大亞,173,133,40,凱基-中壢,2023-06-15,9285
00666R,富邦�琤肭磪齯�1,40,0,40,凱基-中壢,2023-06-15,9285
2352,佳世達,50,12,38,凱基-中壢,2023-06-15,9285
2382,廣達,57,20,37,凱基-中壢,2023-06-15,9285
2337,旺宏,41,6,35,凱基-中壢,2023-06-15,9285
2534,宏盛,31,0,31,凱基-中壢,2023-06-15,9285
6127,九豪,28,1,27,凱基-中壢,2023-06-15,9285
2236,百達-KY,25,0,25,凱基-中壢,2023-06-15,9285
3308,聯德,28,4,24,凱基-中壢,2023-06-15,9285
4566,時碩工業,29,5,24,凱基-中壢,2023-06-15,9285
6288,聯嘉,26,3,23,凱基-中壢,2023-06-15,9285
4534,慶騰,23,0,23,凱基-中壢,2023-06-15,9285
3032,偉訓,28,5,23,凱基-中壢,2023-06-15,9285
2453,凌群,63,42,21,凱基-中壢,2023-06-15,9285
3055,蔚華科,39,18,21,凱基-中壢,2023-06-15,9285
1795,美時,38,17,21,凱基-中壢,2023-06-15,9285
2027,大成鋼,44,24,20,凱基-中壢,2023-06-15,9285
6257,矽格,20,0,20,凱基-中壢,2023-06-15,9285
2630,亞航,49,29,20,凱基-中壢,2023-06-15,9285
8028,昇陽半導體,23,3,20,凱基-中壢,2023-06-15,9285
3046,建��,33,14,19,凱基-中壢,2023-06-15,9285
2886,兆豐金,22,3,19,凱基-中壢,2023-06-15,9285
2454,聯發科,20,1,19,凱基-中壢,2023-06-15,9285
3483,力致,23,5,18,凱基-中壢,2023-06-15,9285
1319,東陽,17,0,17,凱基-中壢,2023-06-15,9285
4543,萬在,26,9,17,凱基-中壢,2023-06-15,9285
3016,嘉晶,23,6,17,凱基-中壢,2023-06-15,9285
1305,華夏,18,1,17,凱基-中壢,2023-06-15,9285
2887,台新金,30,13,17,凱基-中壢,2023-06-15,9285
3071,協禧,17,1,16,凱基-中壢,2023-06-15,9285
8074,鉅橡,17,1,16,凱基-中壢,2023-06-15,9285
2412,中華電,16,1,15,凱基-中壢,2023-06-15,9285
3059,華晶科,16,2,14,凱基-中壢,2023-06-15,9285
00642U,期元大S＆P石油,14,0,14,凱基-中壢,2023-06-15,9285
3707,漢磊,26,12,14,凱基-中壢,2023-06-15,9285
4526,東台,16,2,14,凱基-中壢,2023-06-15,9285
4967,十銓,19,5,14,凱基-中壢,2023-06-15,9285
6841,長佳智能,14,1,13,凱基-中壢,2023-06-15,9285
2618,長榮航,865,378,487,凱基-中壢,2023-06-16,9285
3706,神達,223,32,191,凱基-中壢,2023-06-16,9285
2312,金寶,252,108,144,凱基-中壢,2023-06-16,9285
2888,新光金,144,12,132,凱基-中壢,2023-06-16,9285
00919,群益台灣精選高息,150,30,120,凱基-中壢,2023-06-16,9285
1802,台玻,127,28,99,凱基-中壢,2023-06-16,9285
2610,華航,700,605,95,凱基-中壢,2023-06-16,9285
1460,宏遠,85,0,85,凱基-中壢,2023-06-16,9285
00641R,富邦日本反1,53,0,53,凱基-中壢,2023-06-16,9285
2371,大同,231,184,47,凱基-中壢,2023-06-16,9285
00712,復華富時不動產,53,8,45,凱基-中壢,2023-06-16,9285
3078,僑威,86,41,45,凱基-中壢,2023-06-16,9285
3013,晟銘電,52,8,44,凱基-中壢,2023-06-16,9285
2883,凱基金,44,0,44,凱基-中壢,2023-06-16,9285
3038,全台,74,32,42,凱基-中壢,2023-06-16,9285
1605,華新,105,64,41,凱基-中壢,2023-06-16,9285
2601,益航,41,3,38,凱基-中壢,2023-06-16,9285
8121,越峰,37,0,37,凱基-中壢,2023-06-16,9285
2882,國泰金,38,7,31,凱基-中壢,2023-06-16,9285
6770,力積電,35,4,31,凱基-中壢,2023-06-16,9285
6116,彩晶,46,15,31,凱基-中壢,2023-06-16,9285
2834,臺企銀,30,0,30,凱基-中壢,2023-06-16,9285
4973,廣穎,29,0,29,凱基-中壢,2023-06-16,9285
6282,康舒,51,23,28,凱基-中壢,2023-06-16,9285
2356,英業達,107,81,26,凱基-中壢,2023-06-16,9285
1609,大亞,197,171,26,凱基-中壢,2023-06-16,9285
3481,群創,64,39,25,凱基-中壢,2023-06-16,9285
2401,凌陽,82,59,23,凱基-中壢,2023-06-16,9285
2736,富野,37,15,22,凱基-中壢,2023-06-16,9285
1909,榮成,21,0,21,凱基-中壢,2023-06-16,9285
2303,聯電,29,8,21,凱基-中壢,2023-06-16,9285
6147,頎邦,21,1,20,凱基-中壢,2023-06-16,9285
4526,東台,36,16,20,凱基-中壢,2023-06-16,9285
4763,材料-KY,28,9,19,凱基-中壢,2023-06-16,9285
5880,合庫金,18,0,18,凱基-中壢,2023-06-16,9285
3032,偉訓,33,15,18,凱基-中壢,2023-06-16,9285
1313,聯成,20,2,18,凱基-中壢,2023-06-16,9285
2301,光寶科,43,25,18,凱基-中壢,2023-06-16,9285
2201,裕隆,48,30,18,凱基-中壢,2023-06-16,9285
3056,富華新,19,2,17,凱基-中壢,2023-06-16,9285
1432,大魯閣,17,0,17,凱基-中壢,2023-06-16,9285
6187,萬潤,17,0,17,凱基-中壢,2023-06-16,9285
2206,三陽工業,43,26,17,凱基-中壢,2023-06-16,9285
6101,寬魚國際,16,0,16,凱基-中壢,2023-06-16,9285
6275,元山,17,1,16,凱基-中壢,2023-06-16,9285
00929,復華台灣科技優息,17,2,15,凱基-中壢,2023-06-16,9285
2748,雲品,24,9,15,凱基-中壢,2023-06-16,9285
6515,穎崴,16,2,14,凱基-中壢,2023-06-16,9285
3520,華盈,14,0,14,凱基-中壢,2023-06-16,9285
00888,永豐台灣ESG,13,0,13,凱基-中壢,2023-06-16,9285
00637L,元大滬深300正2,221,50,171,凱基-中壢,2023-06-19,9285
00712,復華富時不動產,175,74,101,凱基-中壢,2023-06-19,9285
2409,友達,215,120,95,凱基-中壢,2023-06-19,9285
4533,協易機,83,12,71,凱基-中壢,2023-06-19,9285
00751B,元大AAA至A公司債,75,10,65,凱基-中壢,2023-06-19,9285
00650L,復華香港正2,203,138,65,凱基-中壢,2023-06-19,9285
3231,緯創,111,49,62,凱基-中壢,2023-06-19,9285
6148,驊宏資,115,56,59,凱基-中壢,2023-06-19,9285
00687B,國泰20年美債,56,0,56,凱基-中壢,2023-06-19,9285
2104,國際中橡,111,57,54,凱基-中壢,2023-06-19,9285
2468,華經,81,27,54,凱基-中壢,2023-06-19,9285
00632R,元大台灣50反1,82,30,52,凱基-中壢,2023-06-19,9285
2027,大成鋼,92,40,52,凱基-中壢,2023-06-19,9285
00929,復華台灣科技優息,64,13,51,凱基-中壢,2023-06-19,9285
1605,華新,96,46,50,凱基-中壢,2023-06-19,9285
1608,華榮,50,4,46,凱基-中壢,2023-06-19,9285
2883,凱基金,47,2,45,凱基-中壢,2023-06-19,9285
3706,神達,116,72,44,凱基-中壢,2023-06-19,9285
00673R,期元大S＆P原油反1,41,0,41,凱基-中壢,2023-06-19,9285
00919,群益台灣精選高息,42,2,40,凱基-中壢,2023-06-19,9285
2353,宏��,41,4,37,凱基-中壢,2023-06-19,9285
0056,元大高股息,44,7,37,凱基-中壢,2023-06-19,9285
3325,旭品,38,4,34,凱基-中壢,2023-06-19,9285
1609,大亞,94,63,31,凱基-中壢,2023-06-19,9285
2609,陽明,39,9,30,凱基-中壢,2023-06-19,9285
2886,兆豐金,34,4,30,凱基-中壢,2023-06-19,9285
2201,裕隆,30,2,28,凱基-中壢,2023-06-19,9285
2603,長榮,29,1,28,凱基-中壢,2023-06-19,9285
4763,材料-KY,37,10,27,凱基-中壢,2023-06-19,9285
1528,恩德,48,21,27,凱基-中壢,2023-06-19,9285
4526,東台,26,1,25,凱基-中壢,2023-06-19,9285
2356,英業達,108,84,24,凱基-中壢,2023-06-19,9285
1584,精剛,40,17,23,凱基-中壢,2023-06-19,9285
5706,鳳凰,40,17,23,凱基-中壢,2023-06-19,9285
6770,力積電,24,2,22,凱基-中壢,2023-06-19,9285
2498,宏達電,32,11,21,凱基-中壢,2023-06-19,9285
1907,永豐餘,25,5,20,凱基-中壢,2023-06-19,9285
2421,建準,50,30,20,凱基-中壢,2023-06-19,9285
00898,國泰基因免疫革命,20,0,20,凱基-中壢,2023-06-19,9285
00706L,期元大S＆P日圓正2,20,0,20,凱基-中壢,2023-06-19,9285
3035,智原,38,19,19,凱基-中壢,2023-06-19,9285
8277,商丞,27,8,19,凱基-中壢,2023-06-19,9285
3006,晶豪科,19,0,19,凱基-中壢,2023-06-19,9285
1519,華城,31,13,18,凱基-中壢,2023-06-19,9285
2882,國泰金,22,5,17,凱基-中壢,2023-06-19,9285
2102,泰豐,17,0,17,凱基-中壢,2023-06-19,9285
1815,富喬,28,11,17,凱基-中壢,2023-06-19,9285
1504,東元,38,21,17,凱基-中壢,2023-06-19,9285
2736,富野,40,23,17,凱基-中壢,2023-06-19,9285
3032,偉訓,17,1,16,凱基-中壢,2023-06-19,9285
00650L,復華香港正2,513,115,398,凱基-中壢,2023-06-20,9285
4130,健亞,250,0,250,凱基-中壢,2023-06-20,9285
2356,英業達,211,43,168,凱基-中壢,2023-06-20,9285
00632R,元大台灣50反1,146,0,146,凱基-中壢,2023-06-20,9285
3710,連展投控,134,0,134,凱基-中壢,2023-06-20,9285
2354,鴻準,121,1,120,凱基-中壢,2023-06-20,9285
1514,亞力,126,10,116,凱基-中壢,2023-06-20,9285
2486,一詮,83,6,77,凱基-中壢,2023-06-20,9285
5905,南仁湖,83,12,71,凱基-中壢,2023-06-20,9285
6116,彩晶,64,8,56,凱基-中壢,2023-06-20,9285
1802,台玻,55,1,54,凱基-中壢,2023-06-20,9285
00929,復華台灣科技優息,51,2,49,凱基-中壢,2023-06-20,9285
00671R,富邦NASDAQ反1,50,1,49,凱基-中壢,2023-06-20,9285
00712,復華富時不動產,76,30,46,凱基-中壢,2023-06-20,9285
2323,中環,85,40,45,凱基-中壢,2023-06-20,9285
2104,國際中橡,63,22,41,凱基-中壢,2023-06-20,9285
3038,全台,43,2,41,凱基-中壢,2023-06-20,9285
2454,聯發科,44,5,39,凱基-中壢,2023-06-20,9285
2312,金寶,73,37,36,凱基-中壢,2023-06-20,9285
4114,健喬,38,2,36,凱基-中壢,2023-06-20,9285
1609,大亞,102,67,35,凱基-中壢,2023-06-20,9285
2883,凱基金,59,24,35,凱基-中壢,2023-06-20,9285
6203,海韻電,38,7,31,凱基-中壢,2023-06-20,9285
4931,新盛力,30,0,30,凱基-中壢,2023-06-20,9285
1909,榮成,30,0,30,凱基-中壢,2023-06-20,9285
2382,廣達,54,26,28,凱基-中壢,2023-06-20,9285
2609,陽明,43,15,28,凱基-中壢,2023-06-20,9285
1522,堤維西,28,1,27,凱基-中壢,2023-06-20,9285
2427,三商電,53,27,26,凱基-中壢,2023-06-20,9285
3078,僑威,57,31,26,凱基-中壢,2023-06-20,9285
3481,群創,125,99,26,凱基-中壢,2023-06-20,9285
5388,中磊,25,0,25,凱基-中壢,2023-06-20,9285
00679B,元大美債20年,25,1,24,凱基-中壢,2023-06-20,9285
3706,神達,49,26,23,凱基-中壢,2023-06-20,9285
8341,日友,22,0,22,凱基-中壢,2023-06-20,9285
1815,富喬,51,30,21,凱基-中壢,2023-06-20,9285
5381,合正,21,0,21,凱基-中壢,2023-06-20,9285
6127,九豪,20,0,20,凱基-中壢,2023-06-20,9285
00753L,中信中國50正2,20,0,20,凱基-中壢,2023-06-20,9285
2498,宏達電,36,16,20,凱基-中壢,2023-06-20,9285
2405,輔信,99,81,18,凱基-中壢,2023-06-20,9285
3027,盛達,22,4,18,凱基-中壢,2023-06-20,9285
1612,宏泰,72,54,18,凱基-中壢,2023-06-20,9285
3260,威剛,24,6,18,凱基-中壢,2023-06-20,9285
3071,協禧,21,4,17,凱基-中壢,2023-06-20,9285
2413,環科,22,6,16,凱基-中壢,2023-06-20,9285
2734,易飛網,16,0,16,凱基-中壢,2023-06-20,9285
2337,旺宏,21,6,15,凱基-中壢,2023-06-20,9285
2014,中鴻,17,2,15,凱基-中壢,2023-06-20,9285
5426,振發,21,6,15,凱基-中壢,2023-06-20,9285
3049,精金,184,21,163,凱基-中壢,2023-06-21,9285
2102,泰豐,154,0,154,凱基-中壢,2023-06-21,9285
2882,國泰金,106,5,101,凱基-中壢,2023-06-21,9285
00738U,期元大道瓊白銀,95,0,95,凱基-中壢,2023-06-21,9285
00665L,富邦�琤肭磪囓�2,88,0,88,凱基-中壢,2023-06-21,9285
2888,新光金,80,0,80,凱基-中壢,2023-06-21,9285
00885,富邦越南,80,0,80,凱基-中壢,2023-06-21,9285
1909,榮成,70,0,70,凱基-中壢,2023-06-21,9285
00673R,期元大S＆P原油反1,66,1,65,凱基-中壢,2023-06-21,9285
2605,新興,64,0,64,凱基-中壢,2023-06-21,9285
3710,連展投控,62,0,62,凱基-中壢,2023-06-21,9285
00650L,復華香港正2,103,50,53,凱基-中壢,2023-06-21,9285
2609,陽明,59,10,49,凱基-中壢,2023-06-21,9285
2409,友達,67,23,44,凱基-中壢,2023-06-21,9285
6282,康舒,55,11,44,凱基-中壢,2023-06-21,9285
2486,一詮,57,18,39,凱基-中壢,2023-06-21,9285
1905,華紙,151,112,39,凱基-中壢,2023-06-21,9285
3481,群創,218,183,35,凱基-中壢,2023-06-21,9285
4114,健喬,30,0,30,凱基-中壢,2023-06-21,9285
2413,環科,30,1,29,凱基-中壢,2023-06-21,9285
6190,萬泰科,29,1,28,凱基-中壢,2023-06-21,9285
2408,南亞科,29,2,27,凱基-中壢,2023-06-21,9285
2634,漢翔,108,81,27,凱基-中壢,2023-06-21,9285
6120,達運,47,21,26,凱基-中壢,2023-06-21,9285
2371,大同,209,183,26,凱基-中壢,2023-06-21,9285
6290,良維,27,3,24,凱基-中壢,2023-06-21,9285
00712,復華富時不動產,51,27,24,凱基-中壢,2023-06-21,9285
1727,中華化,40,17,23,凱基-中壢,2023-06-21,9285
1609,大亞,49,26,23,凱基-中壢,2023-06-21,9285
00635U,期元大S＆P黃金,21,0,21,凱基-中壢,2023-06-21,9285
00633L,富邦上証正2,20,0,20,凱基-中壢,2023-06-21,9285
2851,中再保,20,0,20,凱基-中壢,2023-06-21,9285
4130,健亞,20,0,20,凱基-中壢,2023-06-21,9285
8936,國統,35,16,19,凱基-中壢,2023-06-21,9285
8940,新天地,34,15,19,凱基-中壢,2023-06-21,9285
6125,廣運,32,13,19,凱基-中壢,2023-06-21,9285
4916,事欣科,87,69,18,凱基-中壢,2023-06-21,9285
5381,合正,19,1,18,凱基-中壢,2023-06-21,9285
1522,堤維西,30,13,17,凱基-中壢,2023-06-21,9285
1752,南光,19,3,16,凱基-中壢,2023-06-21,9285
6469,大樹,15,0,15,凱基-中壢,2023-06-21,9285
6515,穎崴,15,0,15,凱基-中壢,2023-06-21,9285
2399,映泰,24,9,15,凱基-中壢,2023-06-21,9285
2706,第一店,22,8,14,凱基-中壢,2023-06-21,9285
3013,晟銘電,46,32,14,凱基-中壢,2023-06-21,9285
3056,富華新,29,16,13,凱基-中壢,2023-06-21,9285
3715,定穎投控,17,4,13,凱基-中壢,2023-06-21,9285
3380,明泰,19,6,13,凱基-中壢,2023-06-21,9285
4543,萬在,30,17,13,凱基-中壢,2023-06-21,9285
6415,矽力*-KY,12,0,12,凱基-中壢,2023-06-21,9285
2371,大同,655,92,563,凱基-中壢,2023-06-26,9285
3481,群創,646,120,526,凱基-中壢,2023-06-26,9285
00637L,元大滬深300正2,313,0,313,凱基-中壢,2023-06-26,9285
00715L,期街口布蘭特正2,241,15,226,凱基-中壢,2023-06-26,9285
2027,大成鋼,188,41,147,凱基-中壢,2023-06-26,9285
00650L,復華香港正2,138,8,130,凱基-中壢,2023-06-26,9285
6282,康舒,89,6,83,凱基-中壢,2023-06-26,9285
00882,中信中國高股息,81,0,81,凱基-中壢,2023-06-26,9285
1905,華紙,189,109,80,凱基-中壢,2023-06-26,9285
00642U,期元大S＆P石油,69,0,69,凱基-中壢,2023-06-26,9285
00885,富邦越南,50,1,49,凱基-中壢,2023-06-26,9285
00902,中信電池及儲能,47,0,47,凱基-中壢,2023-06-26,9285
00687B,國泰20年美債,48,4,44,凱基-中壢,2023-06-26,9285
3071,協禧,47,5,42,凱基-中壢,2023-06-26,9285
2356,英業達,72,31,41,凱基-中壢,2023-06-26,9285
2376,技嘉,44,3,41,凱基-中壢,2023-06-26,9285
00922,國泰台灣領袖50,40,0,40,凱基-中壢,2023-06-26,9285
1605,華新,39,0,39,凱基-中壢,2023-06-26,9285
3032,偉訓,50,12,38,凱基-中壢,2023-06-26,9285
00929,復華台灣科技優息,58,21,37,凱基-中壢,2023-06-26,9285
9941,裕融,35,1,34,凱基-中壢,2023-06-26,9285
6203,海韻電,41,7,34,凱基-中壢,2023-06-26,9285
2883,凱基金,33,2,31,凱基-中壢,2023-06-26,9285
2495,普安,34,4,30,凱基-中壢,2023-06-26,9285
4916,事欣科,65,36,29,凱基-中壢,2023-06-26,9285
2382,廣達,65,37,28,凱基-中壢,2023-06-26,9285
2609,陽明,38,10,28,凱基-中壢,2023-06-26,9285
9907,統一實,30,4,26,凱基-中壢,2023-06-26,9285
2706,第一店,25,1,24,凱基-中壢,2023-06-26,9285
1513,中興電,37,13,24,凱基-中壢,2023-06-26,9285
1471,首利,36,13,23,凱基-中壢,2023-06-26,9285
2399,映泰,41,18,23,凱基-中壢,2023-06-26,9285
2344,華邦電,34,11,23,凱基-中壢,2023-06-26,9285
2913,農林,68,46,22,凱基-中壢,2023-06-26,9285
3202,樺晟,35,13,22,凱基-中壢,2023-06-26,9285
5353,台林,22,0,22,凱基-中壢,2023-06-26,9285
6185,幃翔,22,1,21,凱基-中壢,2023-06-26,9285
3013,晟銘電,34,13,21,凱基-中壢,2023-06-26,9285
2022,聚亨,21,0,21,凱基-中壢,2023-06-26,9285
0056,元大高股息,40,19,21,凱基-中壢,2023-06-26,9285
2612,中航,20,0,20,凱基-中壢,2023-06-26,9285
00706L,期元大S＆P日圓正2,20,0,20,凱基-中壢,2023-06-26,9285
00738U,期元大道瓊白銀,20,0,20,凱基-中壢,2023-06-26,9285
8069,元太,28,9,19,凱基-中壢,2023-06-26,9285
1319,東陽,20,2,18,凱基-中壢,2023-06-26,9285
2211,長榮鋼,20,2,18,凱基-中壢,2023-06-26,9285
2453,凌群,21,3,18,凱基-中壢,2023-06-26,9285
3078,僑威,58,41,17,凱基-中壢,2023-06-26,9285
2331,精英,18,1,17,凱基-中壢,2023-06-26,9285
6148,驊宏資,80,63,17,凱基-中壢,2023-06-26,9285
1471,首利,176,16,160,凱基-中壢,2023-06-27,9285
00637L,元大滬深300正2,124,6,118,凱基-中壢,2023-06-27,9285
6125,廣運,119,13,106,凱基-中壢,2023-06-27,9285
2303,聯電,127,42,85,凱基-中壢,2023-06-27,9285
1802,台玻,93,13,80,凱基-中壢,2023-06-27,9285
3038,全台,103,41,62,凱基-中壢,2023-06-27,9285
1101,台泥,65,4,61,凱基-中壢,2023-06-27,9285
2371,大同,149,92,57,凱基-中壢,2023-06-27,9285
1904,正隆,58,2,56,凱基-中壢,2023-06-27,9285
1301,台塑,61,10,51,凱基-中壢,2023-06-27,9285
2515,中工,47,2,45,凱基-中壢,2023-06-27,9285
6224,聚鼎,42,0,42,凱基-中壢,2023-06-27,9285
2409,友達,69,28,41,凱基-中壢,2023-06-27,9285
00929,復華台灣科技優息,45,5,40,凱基-中壢,2023-06-27,9285
2344,華邦電,40,2,38,凱基-中壢,2023-06-27,9285
6188,廣明,50,15,35,凱基-中壢,2023-06-27,9285
1720,生達,41,6,35,凱基-中壢,2023-06-27,9285
4533,協易機,44,10,34,凱基-中壢,2023-06-27,9285
2356,英業達,102,69,33,凱基-中壢,2023-06-27,9285
2353,宏��,38,5,33,凱基-中壢,2023-06-27,9285
2340,台亞,76,43,33,凱基-中壢,2023-06-27,9285
2104,國際中橡,33,0,33,凱基-中壢,2023-06-27,9285
2376,技嘉,40,9,31,凱基-中壢,2023-06-27,9285
6116,彩晶,35,5,30,凱基-中壢,2023-06-27,9285
6282,康舒,34,5,29,凱基-中壢,2023-06-27,9285
4979,華星光,55,28,27,凱基-中壢,2023-06-27,9285
2427,三商電,293,267,26,凱基-中壢,2023-06-27,9285
1605,華新,46,20,26,凱基-中壢,2023-06-27,9285
2634,漢翔,36,10,26,凱基-中壢,2023-06-27,9285
3324,雙鴻,26,2,24,凱基-中壢,2023-06-27,9285
6220,岳豐,23,0,23,凱基-中壢,2023-06-27,9285
1513,中興電,62,39,23,凱基-中壢,2023-06-27,9285
3231,緯創,115,94,21,凱基-中壢,2023-06-27,9285
1319,東陽,24,3,21,凱基-中壢,2023-06-27,9285
6164,華興,20,0,20,凱基-中壢,2023-06-27,9285
8101,華冠,20,0,20,凱基-中壢,2023-06-27,9285
00878,國泰永續高股息,108,89,19,凱基-中壢,2023-06-27,9285
6517,保勝光學,18,0,18,凱基-中壢,2023-06-27,9285
2352,佳世達,23,6,17,凱基-中壢,2023-06-27,9285
3035,智原,57,40,17,凱基-中壢,2023-06-27,9285
00919,群益台灣精選高息,37,20,17,凱基-中壢,2023-06-27,9285
6176,瑞儀,16,0,16,凱基-中壢,2023-06-27,9285
3483,力致,19,4,15,凱基-中壢,2023-06-27,9285
3202,樺晟,19,4,15,凱基-中壢,2023-06-27,9285
2453,凌群,35,20,15,凱基-中壢,2023-06-27,9285
6770,力積電,16,1,15,凱基-中壢,2023-06-27,9285
3013,晟銘電,27,12,15,凱基-中壢,2023-06-27,9285
4543,萬在,21,6,15,凱基-中壢,2023-06-27,9285
1305,華夏,15,0,15,凱基-中壢,2023-06-27,9285
5011,久陽,15,0,15,凱基-中壢,2023-06-27,9285
00715L,期街口布蘭特正2,1635,0,1635,凱基-中壢,2023-06-28,9285
00642U,期元大S＆P石油,156,0,156,凱基-中壢,2023-06-28,9285
2618,長榮航,424,293,131,凱基-中壢,2023-06-28,9285
1605,華新,211,81,130,凱基-中壢,2023-06-28,9285
2323,中環,139,16,123,凱基-中壢,2023-06-28,9285
6111,大宇資,136,30,106,凱基-中壢,2023-06-28,9285
2495,普安,76,0,76,凱基-中壢,2023-06-28,9285
2883,凱基金,74,3,71,凱基-中壢,2023-06-28,9285
3038,全台,59,10,49,凱基-中壢,2023-06-28,9285
3325,旭品,42,0,42,凱基-中壢,2023-06-28,9285
3231,緯創,115,77,38,凱基-中壢,2023-06-28,9285
3078,僑威,54,16,38,凱基-中壢,2023-06-28,9285
8222,寶一,37,2,35,凱基-中壢,2023-06-28,9285
00753L,中信中國50正2,30,0,30,凱基-中壢,2023-06-28,9285
6142,友勁,29,0,29,凱基-中壢,2023-06-28,9285
4906,正文,32,5,27,凱基-中壢,2023-06-28,9285
3025,星通,39,14,25,凱基-中壢,2023-06-28,9285
2888,新光金,30,5,25,凱基-中壢,2023-06-28,9285
1905,華紙,29,5,24,凱基-中壢,2023-06-28,9285
1301,台塑,25,2,23,凱基-中壢,2023-06-28,9285
1319,東陽,33,11,22,凱基-中壢,2023-06-28,9285
3356,奇偶,38,16,22,凱基-中壢,2023-06-28,9285
1525,江申,28,7,21,凱基-中壢,2023-06-28,9285
2882,國泰金,32,11,21,凱基-中壢,2023-06-28,9285
2023,燁輝,20,0,20,凱基-中壢,2023-06-28,9285
2485,兆赫,28,8,20,凱基-中壢,2023-06-28,9285
3027,盛達,20,0,20,凱基-中壢,2023-06-28,9285
2402,毅嘉,21,1,20,凱基-中壢,2023-06-28,9285
00712,復華富時不動產,38,19,19,凱基-中壢,2023-06-28,9285
2409,友達,33,15,18,凱基-中壢,2023-06-28,9285
6443,元晶,18,0,18,凱基-中壢,2023-06-28,9285
5388,中磊,19,3,16,凱基-中壢,2023-06-28,9285
2104,國際中橡,28,12,16,凱基-中壢,2023-06-28,9285
2609,陽明,39,23,16,凱基-中壢,2023-06-28,9285
4967,十銓,37,22,15,凱基-中壢,2023-06-28,9285
2892,第一金,15,0,15,凱基-中壢,2023-06-28,9285
3520,華盈,15,0,15,凱基-中壢,2023-06-28,9285
8926,台汽電,60,46,14,凱基-中壢,2023-06-28,9285
1609,大亞,58,44,14,凱基-中壢,2023-06-28,9285
4121,優盛,26,12,14,凱基-中壢,2023-06-28,9285
6220,岳豐,20,6,14,凱基-中壢,2023-06-28,9285
3037,欣興,19,5,14,凱基-中壢,2023-06-28,9285
1314,中石化,13,0,13,凱基-中壢,2023-06-28,9285
00751B,元大AAA至A公司債,13,0,13,凱基-中壢,2023-06-28,9285
6770,力積電,13,0,13,凱基-中壢,2023-06-28,9285
3363,上詮,31,18,13,凱基-中壢,2023-06-28,9285
2603,長榮,38,25,13,凱基-中壢,2023-06-28,9285
2606,裕民,12,0,12,凱基-中壢,2023-06-28,9285
00912,中信臺灣智慧50,12,0,12,凱基-中壢,2023-06-28,9285
2415,錩新,12,0,12,凱基-中壢,2023-06-28,9285
4414,如興,430,16,414,凱基-中壢,2023-06-29,9285
2504,國產,300,2,298,凱基-中壢,2023-06-29,9285
2303,聯電,163,6,157,凱基-中壢,2023-06-29,9285
4526,東台,140,12,128,凱基-中壢,2023-06-29,9285
2419,仲琦,166,39,127,凱基-中壢,2023-06-29,9285
2354,鴻準,100,0,100,凱基-中壢,2023-06-29,9285
1907,永豐餘,98,2,96,凱基-中壢,2023-06-29,9285
1326,台化,56,0,56,凱基-中壢,2023-06-29,9285
00885,富邦越南,256,203,53,凱基-中壢,2023-06-29,9285
2892,第一金,42,0,42,凱基-中壢,2023-06-29,9285
2340,台亞,128,87,41,凱基-中壢,2023-06-29,9285
00671R,富邦NASDAQ反1,40,0,40,凱基-中壢,2023-06-29,9285
1605,華新,94,55,39,凱基-中壢,2023-06-29,9285
6142,友勁,43,6,37,凱基-中壢,2023-06-29,9285
6220,岳豐,36,0,36,凱基-中壢,2023-06-29,9285
3005,神基,38,4,34,凱基-中壢,2023-06-29,9285
3706,神達,42,8,34,凱基-中壢,2023-06-29,9285
6111,大宇資,82,49,33,凱基-中壢,2023-06-29,9285
3481,群創,39,11,28,凱基-中壢,2023-06-29,9285
8088,品安,29,2,27,凱基-中壢,2023-06-29,9285
2610,華航,69,43,26,凱基-中壢,2023-06-29,9285
2495,普安,25,0,25,凱基-中壢,2023-06-29,9285
2603,長榮,67,44,23,凱基-中壢,2023-06-29,9285
2882,國泰金,23,0,23,凱基-中壢,2023-06-29,9285
2880,華南金,21,0,21,凱基-中壢,2023-06-29,9285
4164,承業醫,42,21,21,凱基-中壢,2023-06-29,9285
5465,富驊,27,6,21,凱基-中壢,2023-06-29,9285
2609,陽明,64,45,19,凱基-中壢,2023-06-29,9285
1301,台塑,19,0,19,凱基-中壢,2023-06-29,9285
4128,中天,19,0,19,凱基-中壢,2023-06-29,9285
00919,群益台灣精選高息,26,9,17,凱基-中壢,2023-06-29,9285
1904,正隆,25,8,17,凱基-中壢,2023-06-29,9285
2634,漢翔,26,10,16,凱基-中壢,2023-06-29,9285
2331,精英,20,4,16,凱基-中壢,2023-06-29,9285
2317,鴻海,26,10,16,凱基-中壢,2023-06-29,9285
4121,優盛,38,23,15,凱基-中壢,2023-06-29,9285
8069,元太,21,6,15,凱基-中壢,2023-06-29,9285
2492,華新科,16,1,15,凱基-中壢,2023-06-29,9285
2352,佳世達,16,2,14,凱基-中壢,2023-06-29,9285
4167,松瑞藥,14,0,14,凱基-中壢,2023-06-29,9285
5302,太欣,13,0,13,凱基-中壢,2023-06-29,9285
6155,鈞寶,13,0,13,凱基-中壢,2023-06-29,9285
3596,智易,15,2,13,凱基-中壢,2023-06-29,9285
8403,盛弘,13,0,13,凱基-中壢,2023-06-29,9285
00712,復華富時不動產,66,54,12,凱基-中壢,2023-06-29,9285
00753L,中信中國50正2,12,0,12,凱基-中壢,2023-06-29,9285
2885,元大金,12,0,12,凱基-中壢,2023-06-29,9285
1584,精剛,18,6,12,凱基-中壢,2023-06-29,9285
2630,亞航,16,4,12,凱基-中壢,2023-06-29,9285
3703,欣陸,12,0,12,凱基-中壢,2023-06-29,9285
2356,英業達,164,10,154,凱基-中壢,2023-06-30,9285
3231,緯創,184,114,70,凱基-中壢,2023-06-30,9285
00650L,復華香港正2,276,207,69,凱基-中壢,2023-06-30,9285
2206,三陽工業,92,24,68,凱基-中壢,2023-06-30,9285
2610,華航,77,15,62,凱基-中壢,2023-06-30,9285
1313,聯成,55,0,55,凱基-中壢,2023-06-30,9285
4128,中天,54,0,54,凱基-中壢,2023-06-30,9285
4916,事欣科,61,7,54,凱基-中壢,2023-06-30,9285
2371,大同,102,49,53,凱基-中壢,2023-06-30,9285
6125,廣運,87,35,52,凱基-中壢,2023-06-30,9285
00929,復華台灣科技優息,61,9,52,凱基-中壢,2023-06-30,9285
2883,凱基金,68,23,45,凱基-中壢,2023-06-30,9285
2913,農林,43,0,43,凱基-中壢,2023-06-30,9285
5465,富驊,51,11,40,凱基-中壢,2023-06-30,9285
2344,華邦電,38,2,36,凱基-中壢,2023-06-30,9285
6282,康舒,99,63,36,凱基-中壢,2023-06-30,9285
2603,長榮,109,77,32,凱基-中壢,2023-06-30,9285
00688L,國泰20年美債正2,32,0,32,凱基-中壢,2023-06-30,9285
1447,力鵬,32,0,32,凱基-中壢,2023-06-30,9285
6122,擎邦,45,13,32,凱基-中壢,2023-06-30,9285
3617,碩天,34,3,31,凱基-中壢,2023-06-30,9285
2888,新光金,30,1,29,凱基-中壢,2023-06-30,9285
2402,毅嘉,53,27,26,凱基-中壢,2023-06-30,9285
4155,訊映,23,0,23,凱基-中壢,2023-06-30,9285
2615,萬海,38,17,21,凱基-中壢,2023-06-30,9285
00679B,元大美債20年,34,13,21,凱基-中壢,2023-06-30,9285
00882,中信中國高股息,21,0,21,凱基-中壢,2023-06-30,9285
1513,中興電,57,37,20,凱基-中壢,2023-06-30,9285
00922,國泰台灣領袖50,20,0,20,凱基-中壢,2023-06-30,9285
4763,材料-KY,32,12,20,凱基-中壢,2023-06-30,9285
1301,台塑,22,3,19,凱基-中壢,2023-06-30,9285
3687,歐買尬,19,1,18,凱基-中壢,2023-06-30,9285
4414,如興,20,2,18,凱基-中壢,2023-06-30,9285
3260,威剛,20,3,17,凱基-中壢,2023-06-30,9285
2885,元大金,17,0,17,凱基-中壢,2023-06-30,9285
2303,聯電,23,6,17,凱基-中壢,2023-06-30,9285
3546,宇峻,16,0,16,凱基-中壢,2023-06-30,9285
8072,陞泰,16,0,16,凱基-中壢,2023-06-30,9285
2340,台亞,53,37,16,凱基-中壢,2023-06-30,9285
3062,建漢,17,1,16,凱基-中壢,2023-06-30,9285
3711,日月光投控,17,1,16,凱基-中壢,2023-06-30,9285
6294,智基,15,0,15,凱基-中壢,2023-06-30,9285
6451,訊芯-KY,34,19,15,凱基-中壢,2023-06-30,9285
2882,國泰金,15,0,15,凱基-中壢,2023-06-30,9285
2323,中環,32,17,15,凱基-中壢,2023-06-30,9285
3045,台灣大,14,0,14,凱基-中壢,2023-06-30,9285
1536,和大,18,4,14,凱基-中壢,2023-06-30,9285
6117,迎廣,14,0,14,凱基-中壢,2023-06-30,9285
1522,堤維西,37,23,14,凱基-中壢,2023-06-30,9285
8222,寶一,16,2,14,凱基-中壢,2023-06-30,9285
00632R,元大台灣50反1,433,42,391,凱基-中壢,2023-07-03,9285
00637L,元大滬深300正2,253,106,147,凱基-中壢,2023-07-03,9285
3207,耀勝,153,19,134,凱基-中壢,2023-07-03,9285
9105,泰金寶-DR,164,60,104,凱基-中壢,2023-07-03,9285
2303,聯電,174,74,100,凱基-中壢,2023-07-03,9285
1528,恩德,134,45,89,凱基-中壢,2023-07-03,9285
00903,富邦元宇宙,77,0,77,凱基-中壢,2023-07-03,9285
3018,隆銘綠能,78,3,75,凱基-中壢,2023-07-03,9285
2542,興富發,70,0,70,凱基-中壢,2023-07-03,9285
4906,正文,70,13,57,凱基-中壢,2023-07-03,9285
00679B,元大美債20年,55,1,54,凱基-中壢,2023-07-03,9285
2312,金寶,64,16,48,凱基-中壢,2023-07-03,9285
6111,大宇資,62,14,48,凱基-中壢,2023-07-03,9285
3037,欣興,54,9,45,凱基-中壢,2023-07-03,9285
2618,長榮航,146,101,45,凱基-中壢,2023-07-03,9285
3481,群創,61,23,38,凱基-中壢,2023-07-03,9285
6153,嘉聯益,36,0,36,凱基-中壢,2023-07-03,9285
00673R,期元大S＆P原油反1,35,0,35,凱基-中壢,2023-07-03,9285
2201,裕隆,35,1,34,凱基-中壢,2023-07-03,9285
6188,廣明,58,27,31,凱基-中壢,2023-07-03,9285
3089,億杰,30,0,30,凱基-中壢,2023-07-03,9285
00688L,國泰20年美債正2,30,0,30,凱基-中壢,2023-07-03,9285
4114,健喬,32,2,30,凱基-中壢,2023-07-03,9285
2603,長榮,59,33,26,凱基-中壢,2023-07-03,9285
3032,偉訓,51,26,25,凱基-中壢,2023-07-03,9285
3363,上詮,26,1,25,凱基-中壢,2023-07-03,9285
1795,美時,50,27,23,凱基-中壢,2023-07-03,9285
0056,元大高股息,46,22,24,凱基-中壢,2023-07-03,9285
6770,力積電,26,2,24,凱基-中壢,2023-07-03,9285
6288,聯嘉,23,0,23,凱基-中壢,2023-07-03,9285
3483,力致,63,40,23,凱基-中壢,2023-07-03,9285
2412,中華電,28,5,23,凱基-中壢,2023-07-03,9285
2352,佳世達,31,9,22,凱基-中壢,2023-07-03,9285
4164,承業醫,27,5,22,凱基-中壢,2023-07-03,9285
1217,愛之味,30,8,22,凱基-中壢,2023-07-03,9285
6220,岳豐,21,0,21,凱基-中壢,2023-07-03,9285
6863,永道-KY,21,0,21,凱基-中壢,2023-07-03,9285
1234,黑松,20,0,20,凱基-中壢,2023-07-03,9285
2328,廣宇,20,0,20,凱基-中壢,2023-07-03,9285
3038,全台,43,25,18,凱基-中壢,2023-07-03,9285
00712,復華富時不動產,26,8,18,凱基-中壢,2023-07-03,9285
00919,群益台灣精選高息,18,1,17,凱基-中壢,2023-07-03,9285
5483,中美晶,21,4,17,凱基-中壢,2023-07-03,9285
3617,碩天,18,3,15,凱基-中壢,2023-07-03,9285
8150,南茂,15,0,15,凱基-中壢,2023-07-03,9285
5426,振發,15,0,15,凱基-中壢,2023-07-03,9285
2329,華泰,26,11,15,凱基-中壢,2023-07-03,9285
2449,京元電子,41,26,15,凱基-中壢,2023-07-03,9285
1802,台玻,14,0,14,凱基-中壢,2023-07-03,9285
1783,和康生,15,1,14,凱基-中壢,2023-07-03,9285
4414,如興,250,4,246,凱基-中壢,2023-07-04,9285
2609,陽明,323,78,245,凱基-中壢,2023-07-04,9285
2845,遠東銀,239,6,233,凱基-中壢,2023-07-04,9285
6163,華電網,164,11,153,凱基-中壢,2023-07-04,9285
00632R,元大台灣50反1,203,80,123,凱基-中壢,2023-07-04,9285
2603,長榮,262,146,116,凱基-中壢,2023-07-04,9285
0056,元大高股息,158,54,104,凱基-中壢,2023-07-04,9285
2002,中鋼,106,3,103,凱基-中壢,2023-07-04,9285
1217,愛之味,105,5,100,凱基-中壢,2023-07-04,9285
6470,宇智,216,131,85,凱基-中壢,2023-07-04,9285
00878,國泰永續高股息,220,149,71,凱基-中壢,2023-07-04,9285
2025,千興,67,0,67,凱基-中壢,2023-07-04,9285
2882,國泰金,62,0,62,凱基-中壢,2023-07-04,9285
3018,隆銘綠能,61,0,61,凱基-中壢,2023-07-04,9285
2883,凱基金,94,34,60,凱基-中壢,2023-07-04,9285
2425,承啟,66,9,57,凱基-中壢,2023-07-04,9285
4916,事欣科,88,32,56,凱基-中壢,2023-07-04,9285
3617,碩天,58,2,56,凱基-中壢,2023-07-04,9285
00893,國泰智能電動車,59,4,55,凱基-中壢,2023-07-04,9285
00929,復華台灣科技優息,79,26,53,凱基-中壢,2023-07-04,9285
2317,鴻海,89,37,52,凱基-中壢,2023-07-04,9285
2615,萬海,91,42,49,凱基-中壢,2023-07-04,9285
1308,亞聚,47,0,47,凱基-中壢,2023-07-04,9285
3038,全台,40,1,39,凱基-中壢,2023-07-04,9285
6111,大宇資,41,3,38,凱基-中壢,2023-07-04,9285
3362,先進光,40,4,36,凱基-中壢,2023-07-04,9285
2340,台亞,37,2,35,凱基-中壢,2023-07-04,9285
3078,僑威,65,31,34,凱基-中壢,2023-07-04,9285
4114,健喬,33,0,33,凱基-中壢,2023-07-04,9285
2634,漢翔,37,6,31,凱基-中壢,2023-07-04,9285
00712,復華富時不動產,32,1,31,凱基-中壢,2023-07-04,9285
2331,精英,43,13,30,凱基-中壢,2023-07-04,9285
3071,協禧,29,0,29,凱基-中壢,2023-07-04,9285
3162,精確,28,0,28,凱基-中壢,2023-07-04,9285
6220,岳豐,27,2,25,凱基-中壢,2023-07-04,9285
6112,邁達特,41,18,23,凱基-中壢,2023-07-04,9285
5512,力麒,23,0,23,凱基-中壢,2023-07-04,9285
4157,太景*-KY,26,3,23,凱基-中壢,2023-07-04,9285
1301,台塑,24,1,23,凱基-中壢,2023-07-04,9285
2419,仲琦,69,47,22,凱基-中壢,2023-07-04,9285
2889,國票金,23,1,22,凱基-中壢,2023-07-04,9285
8050,廣積,52,31,21,凱基-中壢,2023-07-04,9285
2449,京元電子,54,33,21,凱基-中壢,2023-07-04,9285
1101,台泥,36,16,20,凱基-中壢,2023-07-04,9285
3042,晶技,20,0,20,凱基-中壢,2023-07-04,9285
3060,銘異,20,0,20,凱基-中壢,2023-07-04,9285
00687B,國泰20年美債,25,5,20,凱基-中壢,2023-07-04,9285
6153,嘉聯益,20,0,20,凱基-中壢,2023-07-04,9285
3024,憶聲,20,0,20,凱基-中壢,2023-07-04,9285
2328,廣宇,21,1,20,凱基-中壢,2023-07-04,9285
2609,陽明,379,219,160,凱基-中壢,2023-07-05,9285
2618,長榮航,547,413,134,凱基-中壢,2023-07-05,9285
00632R,元大台灣50反1,135,10,125,凱基-中壢,2023-07-05,9285
00929,復華台灣科技優息,100,1,99,凱基-中壢,2023-07-05,9285
2066,世德,99,0,99,凱基-中壢,2023-07-05,9285
00673R,期元大S＆P原油反1,88,0,88,凱基-中壢,2023-07-05,9285
0056,元大高股息,127,40,87,凱基-中壢,2023-07-05,9285
2303,聯電,76,14,62,凱基-中壢,2023-07-05,9285
3231,緯創,236,175,61,凱基-中壢,2023-07-05,9285
6806,森崴能源,73,15,58,凱基-中壢,2023-07-05,9285
2356,英業達,151,99,52,凱基-中壢,2023-07-05,9285
4510,高鋒,51,2,49,凱基-中壢,2023-07-05,9285
2317,鴻海,63,14,49,凱基-中壢,2023-07-05,9285
4904,遠傳,45,0,45,凱基-中壢,2023-07-05,9285
2883,凱基金,46,2,44,凱基-中壢,2023-07-05,9285
00650L,復華香港正2,48,5,43,凱基-中壢,2023-07-05,9285
00878,國泰永續高股息,60,17,43,凱基-中壢,2023-07-05,9285
8101,華冠,41,0,41,凱基-中壢,2023-07-05,9285
3374,精材,67,27,40,凱基-中壢,2023-07-05,9285
6282,康舒,165,125,40,凱基-中壢,2023-07-05,9285
3058,立德,40,0,40,凱基-中壢,2023-07-05,9285
3038,全台,47,9,38,凱基-中壢,2023-07-05,9285
00882,中信中國高股息,40,3,37,凱基-中壢,2023-07-05,9285
2369,菱生,53,20,33,凱基-中壢,2023-07-05,9285
4566,時碩工業,56,24,32,凱基-中壢,2023-07-05,9285
2427,三商電,84,53,31,凱基-中壢,2023-07-05,9285
2312,金寶,99,69,30,凱基-中壢,2023-07-05,9285
00712,復華富時不動產,27,0,27,凱基-中壢,2023-07-05,9285
2929,淘帝-KY,26,0,26,凱基-中壢,2023-07-05,9285
00888,永豐台灣ESG,31,5,26,凱基-中壢,2023-07-05,9285
2104,國際中橡,26,0,26,凱基-中壢,2023-07-05,9285
1504,東元,24,0,24,凱基-中壢,2023-07-05,9285
3706,神達,37,13,24,凱基-中壢,2023-07-05,9285
1101,台泥,40,18,22,凱基-中壢,2023-07-05,9285
6799,來頡,22,0,22,凱基-中壢,2023-07-05,9285
3017,奇鋐,25,4,21,凱基-中壢,2023-07-05,9285
2329,華泰,54,36,18,凱基-中壢,2023-07-05,9285
2610,華航,224,206,18,凱基-中壢,2023-07-05,9285
3346,麗清,28,11,17,凱基-中壢,2023-07-05,9285
5263,智崴,20,3,17,凱基-中壢,2023-07-05,9285
2880,華南金,19,2,17,凱基-中壢,2023-07-05,9285
4121,優盛,26,10,16,凱基-中壢,2023-07-05,9285
4934,太極,37,21,16,凱基-中壢,2023-07-05,9285
6451,訊芯-KY,25,9,16,凱基-中壢,2023-07-05,9285
8112,至上,34,18,16,凱基-中壢,2023-07-05,9285
2382,廣達,58,43,15,凱基-中壢,2023-07-05,9285
00671R,富邦NASDAQ反1,15,0,15,凱基-中壢,2023-07-05,9285
3372,典範,16,1,15,凱基-中壢,2023-07-05,9285
00922,國泰台灣領袖50,15,0,15,凱基-中壢,2023-07-05,9285
2206,三陽工業,21,7,14,凱基-中壢,2023-07-05,9285
00673R,期元大S＆P原油反1,200,10,190,凱基-中壢,2023-07-06,9285
5225,東科-KY,122,0,122,凱基-中壢,2023-07-06,9285
00650L,復華香港正2,136,21,115,凱基-中壢,2023-07-06,9285
2883,凱基金,114,16,98,凱基-中壢,2023-07-06,9285
00924,復華S＆P500成長,81,0,81,凱基-中壢,2023-07-06,9285
2002,中鋼,85,6,79,凱基-中壢,2023-07-06,9285
4906,正文,83,5,78,凱基-中壢,2023-07-06,9285
00688L,國泰20年美債正2,72,0,72,凱基-中壢,2023-07-06,9285
2329,華泰,111,46,65,凱基-中壢,2023-07-06,9285
2891,中信金,76,12,64,凱基-中壢,2023-07-06,9285
3481,群創,175,112,63,凱基-中壢,2023-07-06,9285
2331,精英,65,3,62,凱基-中壢,2023-07-06,9285
0056,元大高股息,116,57,59,凱基-中壢,2023-07-06,9285
8936,國統,60,8,52,凱基-中壢,2023-07-06,9285
00679B,元大美債20年,49,0,49,凱基-中壢,2023-07-06,9285
1101,台泥,50,1,49,凱基-中壢,2023-07-06,9285
3037,欣興,55,8,47,凱基-中壢,2023-07-06,9285
5880,合庫金,46,0,46,凱基-中壢,2023-07-06,9285
2887,台新金,43,0,43,凱基-中壢,2023-07-06,9285
2882,國泰金,42,0,42,凱基-中壢,2023-07-06,9285
3231,緯創,212,171,41,凱基-中壢,2023-07-06,9285
2618,長榮航,134,94,40,凱基-中壢,2023-07-06,9285
2634,漢翔,48,9,39,凱基-中壢,2023-07-06,9285
2402,毅嘉,64,27,37,凱基-中壢,2023-07-06,9285
2371,大同,126,90,36,凱基-中壢,2023-07-06,9285
4934,太極,68,33,35,凱基-中壢,2023-07-06,9285
6770,力積電,35,2,33,凱基-中壢,2023-07-06,9285
00922,國泰台灣領袖50,33,0,33,凱基-中壢,2023-07-06,9285
1471,首利,42,10,32,凱基-中壢,2023-07-06,9285
2104,國際中橡,32,0,32,凱基-中壢,2023-07-06,9285
1301,台塑,32,0,32,凱基-中壢,2023-07-06,9285
00927,群益半導體收益,31,0,31,凱基-中壢,2023-07-06,9285
00882,中信中國高股息,31,0,31,凱基-中壢,2023-07-06,9285
8215,明基材,58,28,30,凱基-中壢,2023-07-06,9285
00676R,富邦臺灣加權反1,30,0,30,凱基-中壢,2023-07-06,9285
6538,倉和,34,4,30,凱基-中壢,2023-07-06,9285
3013,晟銘電,100,70,30,凱基-中壢,2023-07-06,9285
4128,中天,30,0,30,凱基-中壢,2023-07-06,9285
2419,仲琦,61,33,28,凱基-中壢,2023-07-06,9285
3264,欣銓,28,0,28,凱基-中壢,2023-07-06,9285
2476,鉅祥,29,1,28,凱基-中壢,2023-07-06,9285
00680L,元大美債20正2,28,0,28,凱基-中壢,2023-07-06,9285
00713,元大台灣高息低波,39,11,28,凱基-中壢,2023-07-06,9285
3491,昇達科,27,0,27,凱基-中壢,2023-07-06,9285
2880,華南金,29,3,26,凱基-中壢,2023-07-06,9285
6116,彩晶,34,9,25,凱基-中壢,2023-07-06,9285
1326,台化,24,0,24,凱基-中壢,2023-07-06,9285
2515,中工,24,0,24,凱基-中壢,2023-07-06,9285
2323,中環,79,55,24,凱基-中壢,2023-07-06,9285
2867,三商壽,33,10,23,凱基-中壢,2023-07-06,9285
6282,康舒,621,103,518,凱基-中壢,2023-07-07,9285
00673R,期元大S＆P原油反1,425,120,305,凱基-中壢,2023-07-07,9285
5225,東科-KY,140,24,116,凱基-中壢,2023-07-07,9285
3481,群創,98,2,96,凱基-中壢,2023-07-07,9285
0056,元大高股息,158,74,84,凱基-中壢,2023-07-07,9285
00929,復華台灣科技優息,74,2,72,凱基-中壢,2023-07-07,9285
2409,友達,91,19,72,凱基-中壢,2023-07-07,9285
1528,恩德,75,5,70,凱基-中壢,2023-07-07,9285
00679B,元大美債20年,67,1,66,凱基-中壢,2023-07-07,9285
2883,凱基金,71,6,65,凱基-中壢,2023-07-07,9285
3025,星通,126,66,60,凱基-中壢,2023-07-07,9285
4533,協易機,61,5,56,凱基-中壢,2023-07-07,9285
2401,凌陽,54,0,54,凱基-中壢,2023-07-07,9285
00650L,復華香港正2,127,75,52,凱基-中壢,2023-07-07,9285
2468,華經,54,4,50,凱基-中壢,2023-07-07,9285
2356,英業達,87,37,50,凱基-中壢,2023-07-07,9285
2340,台亞,122,73,49,凱基-中壢,2023-07-07,9285
2066,世德,50,1,49,凱基-中壢,2023-07-07,9285
2498,宏達電,49,1,48,凱基-中壢,2023-07-07,9285
1536,和大,47,0,47,凱基-中壢,2023-07-07,9285
00680L,元大美債20正2,46,0,46,凱基-中壢,2023-07-07,9285
5608,四維航,45,1,44,凱基-中壢,2023-07-07,9285
2515,中工,44,1,43,凱基-中壢,2023-07-07,9285
00772B,中信高評級公司債,42,0,42,凱基-中壢,2023-07-07,9285
2485,兆赫,42,0,42,凱基-中壢,2023-07-07,9285
6443,元晶,51,10,41,凱基-中壢,2023-07-07,9285
00712,復華富時不動產,51,12,39,凱基-中壢,2023-07-07,9285
1301,台塑,40,2,38,凱基-中壢,2023-07-07,9285
2344,華邦電,49,11,38,凱基-中壢,2023-07-07,9285
00688L,國泰20年美債正2,37,0,37,凱基-中壢,2023-07-07,9285
6220,岳豐,39,2,37,凱基-中壢,2023-07-07,9285
2887,台新金,62,27,35,凱基-中壢,2023-07-07,9285
1513,中興電,43,8,35,凱基-中壢,2023-07-07,9285
2618,長榮航,167,132,35,凱基-中壢,2023-07-07,9285
3231,緯創,260,225,35,凱基-中壢,2023-07-07,9285
2002,中鋼,35,2,33,凱基-中壢,2023-07-07,9285
3060,銘異,54,21,33,凱基-中壢,2023-07-07,9285
2022,聚亨,30,0,30,凱基-中壢,2023-07-07,9285
4128,中天,30,0,30,凱基-中壢,2023-07-07,9285
4726,永昕,31,1,30,凱基-中壢,2023-07-07,9285
00922,國泰台灣領袖50,30,0,30,凱基-中壢,2023-07-07,9285
00882,中信中國高股息,31,2,29,凱基-中壢,2023-07-07,9285
2880,華南金,27,0,27,凱基-中壢,2023-07-07,9285
2104,國際中橡,27,0,27,凱基-中壢,2023-07-07,9285
2884,玉山金,28,2,26,凱基-中壢,2023-07-07,9285
1337,再生-KY,27,1,26,凱基-中壢,2023-07-07,9285
6288,聯嘉,26,1,25,凱基-中壢,2023-07-07,9285
00713,元大台灣高息低波,30,7,23,凱基-中壢,2023-07-07,9285
00905,FT臺灣Smart,23,0,23,凱基-中壢,2023-07-07,9285
2323,中環,23,0,23,凱基-中壢,2023-07-07,9285
00673R,期元大S＆P原油反1,292,100,192,凱基-中壢,2023-07-10,9285
00885,富邦越南,151,10,141,凱基-中壢,2023-07-10,9285
3362,先進光,158,60,98,凱基-中壢,2023-07-10,9285
3024,憶聲,106,10,96,凱基-中壢,2023-07-10,9285
3231,緯創,215,120,95,凱基-中壢,2023-07-10,9285
00902,中信電池及儲能,100,6,94,凱基-中壢,2023-07-10,9285
6125,廣運,98,4,94,凱基-中壢,2023-07-10,9285
6220,岳豐,83,0,83,凱基-中壢,2023-07-10,9285
3013,晟銘電,91,8,83,凱基-中壢,2023-07-10,9285
2603,長榮,73,10,63,凱基-中壢,2023-07-10,9285
00680L,元大美債20正2,59,0,59,凱基-中壢,2023-07-10,9285
00679B,元大美債20年,57,0,57,凱基-中壢,2023-07-10,9285
00687B,國泰20年美債,55,0,55,凱基-中壢,2023-07-10,9285
00929,復華台灣科技優息,55,0,55,凱基-中壢,2023-07-10,9285
00632R,元大台灣50反1,166,113,53,凱基-中壢,2023-07-10,9285
4414,如興,50,0,50,凱基-中壢,2023-07-10,9285
2002,中鋼,49,1,48,凱基-中壢,2023-07-10,9285
4938,和碩,46,0,46,凱基-中壢,2023-07-10,9285
2882,國泰金,44,0,44,凱基-中壢,2023-07-10,9285
2884,玉山金,46,6,40,凱基-中壢,2023-07-10,9285
00878,國泰永續高股息,57,18,39,凱基-中壢,2023-07-10,9285
4532,瑞智,90,54,36,凱基-中壢,2023-07-10,9285
2886,兆豐金,38,3,35,凱基-中壢,2023-07-10,9285
2323,中環,43,11,32,凱基-中壢,2023-07-10,9285
2303,聯電,37,6,31,凱基-中壢,2023-07-10,9285
0056,元大高股息,34,4,30,凱基-中壢,2023-07-10,9285
3346,麗清,55,25,30,凱基-中壢,2023-07-10,9285
3234,光環,33,3,30,凱基-中壢,2023-07-10,9285
6451,訊芯-KY,31,1,30,凱基-中壢,2023-07-10,9285
00795B,中信美國公債20年,29,0,29,凱基-中壢,2023-07-10,9285
2610,華航,60,31,29,凱基-中壢,2023-07-10,9285
6806,森崴能源,48,20,28,凱基-中壢,2023-07-10,9285
9904,寶成,26,0,26,凱基-中壢,2023-07-10,9285
2892,第一金,26,0,26,凱基-中壢,2023-07-10,9285
1513,中興電,39,13,26,凱基-中壢,2023-07-10,9285
00882,中信中國高股息,25,0,25,凱基-中壢,2023-07-10,9285
6770,力積電,29,4,25,凱基-中壢,2023-07-10,9285
1101,台泥,32,8,24,凱基-中壢,2023-07-10,9285
4906,正文,33,9,24,凱基-中壢,2023-07-10,9285
6187,萬潤,31,7,24,凱基-中壢,2023-07-10,9285
1528,恩德,47,23,24,凱基-中壢,2023-07-10,9285
6282,康舒,80,57,23,凱基-中壢,2023-07-10,9285
2883,凱基金,39,17,22,凱基-中壢,2023-07-10,9285
00688L,國泰20年美債正2,22,0,22,凱基-中壢,2023-07-10,9285
3045,台灣大,21,0,21,凱基-中壢,2023-07-10,9285
3071,協禧,22,1,21,凱基-中壢,2023-07-10,9285
6127,九豪,22,1,21,凱基-中壢,2023-07-10,9285
00751B,元大AAA至A公司債,20,0,20,凱基-中壢,2023-07-10,9285
00927,群益半導體收益,20,0,20,凱基-中壢,2023-07-10,9285
2436,偉詮電,35,15,20,凱基-中壢,2023-07-10,9285
00632R,元大台灣50反1,219,20,199,凱基-中壢,2023-07-11,9285
3481,群創,430,298,132,凱基-中壢,2023-07-11,9285
1528,恩德,119,8,111,凱基-中壢,2023-07-11,9285
3018,隆銘綠能,95,0,95,凱基-中壢,2023-07-11,9285
00885,富邦越南,107,26,81,凱基-中壢,2023-07-11,9285
2883,凱基金,76,0,76,凱基-中壢,2023-07-11,9285
00673R,期元大S＆P原油反1,74,0,74,凱基-中壢,2023-07-11,9285
00665L,富邦�琤肭磪囓�2,80,7,73,凱基-中壢,2023-07-11,9285
6120,達運,105,34,71,凱基-中壢,2023-07-11,9285
00882,中信中國高股息,66,0,66,凱基-中壢,2023-07-11,9285
3038,全台,67,2,65,凱基-中壢,2023-07-11,9285
4934,太極,112,53,59,凱基-中壢,2023-07-11,9285
2736,富野,58,6,52,凱基-中壢,2023-07-11,9285
00795B,中信美國公債20年,43,0,43,凱基-中壢,2023-07-11,9285
5864,致和證,44,1,43,凱基-中壢,2023-07-11,9285
2206,三陽工業,63,22,41,凱基-中壢,2023-07-11,9285
00687B,國泰20年美債,46,6,40,凱基-中壢,2023-07-11,9285
6248,沛波,37,0,37,凱基-中壢,2023-07-11,9285
2340,台亞,113,78,35,凱基-中壢,2023-07-11,9285
2405,輔信,30,1,29,凱基-中壢,2023-07-11,9285
5220,萬達光電,29,0,29,凱基-中壢,2023-07-11,9285
8048,德勝,27,0,27,凱基-中壢,2023-07-11,9285
3025,星通,83,57,26,凱基-中壢,2023-07-11,9285
3207,耀勝,29,3,26,凱基-中壢,2023-07-11,9285
8255,朋程,31,5,26,凱基-中壢,2023-07-11,9285
2913,農林,28,3,25,凱基-中壢,2023-07-11,9285
4526,東台,30,6,24,凱基-中壢,2023-07-11,9285
1905,華紙,26,2,24,凱基-中壢,2023-07-11,9285
2332,友訊,25,1,24,凱基-中壢,2023-07-11,9285
3617,碩天,33,11,22,凱基-中壢,2023-07-11,9285
6163,華電網,22,0,22,凱基-中壢,2023-07-11,9285
6220,岳豐,23,1,22,凱基-中壢,2023-07-11,9285
6282,康舒,71,51,20,凱基-中壢,2023-07-11,9285
00927,群益半導體收益,20,0,20,凱基-中壢,2023-07-11,9285
4532,瑞智,141,121,20,凱基-中壢,2023-07-11,9285
1101,台泥,25,6,19,凱基-中壢,2023-07-11,9285
2881,富邦金,26,7,19,凱基-中壢,2023-07-11,9285
2371,大同,68,49,19,凱基-中壢,2023-07-11,9285
00922,國泰台灣領袖50,20,1,19,凱基-中壢,2023-07-11,9285
3163,波若威,20,2,18,凱基-中壢,2023-07-11,9285
8069,元太,34,16,18,凱基-中壢,2023-07-11,9285
2025,千興,17,0,17,凱基-中壢,2023-07-11,9285
2104,國際中橡,20,3,17,凱基-中壢,2023-07-11,9285
1626,艾美特-KY,18,1,17,凱基-中壢,2023-07-11,9285
8930,青鋼,17,0,17,凱基-中壢,2023-07-11,9285
00679B,元大美債20年,16,0,16,凱基-中壢,2023-07-11,9285
2609,陽明,50,34,16,凱基-中壢,2023-07-11,9285
1604,聲寶,26,11,15,凱基-中壢,2023-07-11,9285
1737,臺鹽,16,1,15,凱基-中壢,2023-07-11,9285
4114,健喬,15,1,14,凱基-中壢,2023-07-11,9285
00929,復華台灣科技優息,211,8,203,凱基-中壢,2023-07-12,9285
2303,聯電,197,21,176,凱基-中壢,2023-07-12,9285
4533,協易機,160,8,152,凱基-中壢,2023-07-12,9285
2468,華經,104,12,92,凱基-中壢,2023-07-12,9285
2066,世德,80,1,79,凱基-中壢,2023-07-12,9285
2356,英業達,282,203,79,凱基-中壢,2023-07-12,9285
3704,合勤控,83,23,60,凱基-中壢,2023-07-12,9285
00687B,國泰20年美債,54,0,54,凱基-中壢,2023-07-12,9285
00673R,期元大S＆P原油反1,153,100,53,凱基-中壢,2023-07-12,9285
00905,FT臺灣Smart,53,0,53,凱基-中壢,2023-07-12,9285
3257,虹冠電,50,0,50,凱基-中壢,2023-07-12,9285
2834,臺企銀,49,0,49,凱基-中壢,2023-07-12,9285
00795B,中信美國公債20年,48,0,48,凱基-中壢,2023-07-12,9285
2402,毅嘉,57,10,47,凱基-中壢,2023-07-12,9285
6282,康舒,91,45,46,凱基-中壢,2023-07-12,9285
3666,光耀,47,2,45,凱基-中壢,2023-07-12,9285
00666R,富邦�琤肭磪齯�1,40,0,40,凱基-中壢,2023-07-12,9285
00888,永豐台灣ESG,37,2,35,凱基-中壢,2023-07-12,9285
2301,光寶科,72,41,31,凱基-中壢,2023-07-12,9285
1305,華夏,27,0,27,凱基-中壢,2023-07-12,9285
2882,國泰金,54,30,24,凱基-中壢,2023-07-12,9285
2421,建準,33,9,24,凱基-中壢,2023-07-12,9285
1217,愛之味,22,0,22,凱基-中壢,2023-07-12,9285
2630,亞航,31,9,22,凱基-中壢,2023-07-12,9285
6770,力積電,25,3,22,凱基-中壢,2023-07-12,9285
2603,長榮,47,26,21,凱基-中壢,2023-07-12,9285
2352,佳世達,37,16,21,凱基-中壢,2023-07-12,9285
3406,玉晶光,21,1,20,凱基-中壢,2023-07-12,9285
00782B,國泰A級公用債,20,0,20,凱基-中壢,2023-07-12,9285
4130,健亞,20,0,20,凱基-中壢,2023-07-12,9285
1514,亞力,21,1,20,凱基-中壢,2023-07-12,9285
3189,景碩,25,7,18,凱基-中壢,2023-07-12,9285
00679B,元大美債20年,20,2,18,凱基-中壢,2023-07-12,9285
1471,首利,28,10,18,凱基-中壢,2023-07-12,9285
2399,映泰,36,19,17,凱基-中壢,2023-07-12,9285
2340,台亞,28,12,16,凱基-中壢,2023-07-12,9285
3374,精材,21,5,16,凱基-中壢,2023-07-12,9285
2634,漢翔,17,1,16,凱基-中壢,2023-07-12,9285
6509,聚和,16,0,16,凱基-中壢,2023-07-12,9285
2489,瑞軒,16,0,16,凱基-中壢,2023-07-12,9285
2228,劍麟,15,0,15,凱基-中壢,2023-07-12,9285
2369,菱生,23,8,15,凱基-中壢,2023-07-12,9285
1319,東陽,15,0,15,凱基-中壢,2023-07-12,9285
4503,金雨,15,0,15,凱基-中壢,2023-07-12,9285
00688L,國泰20年美債正2,15,0,15,凱基-中壢,2023-07-12,9285
4979,華星光,15,0,15,凱基-中壢,2023-07-12,9285
8048,德勝,23,8,15,凱基-中壢,2023-07-12,9285
8064,東捷,15,0,15,凱基-中壢,2023-07-12,9285
2884,玉山金,17,3,14,凱基-中壢,2023-07-12,9285
5258,虹堡,36,22,14,凱基-中壢,2023-07-12,9285
1718,中纖,500,0,500,凱基-中壢,2023-07-13,9285
2618,長榮航,357,109,248,凱基-中壢,2023-07-13,9285
2105,正新,203,0,203,凱基-中壢,2023-07-13,9285
4533,協易機,263,71,192,凱基-中壢,2023-07-13,9285
1217,愛之味,163,10,153,凱基-中壢,2023-07-13,9285
2610,華航,166,62,104,凱基-中壢,2023-07-13,9285
2331,精英,101,16,85,凱基-中壢,2023-07-13,9285
5864,致和證,81,0,81,凱基-中壢,2023-07-13,9285
2834,臺企銀,75,0,75,凱基-中壢,2023-07-13,9285
00673R,期元大S＆P原油反1,72,0,72,凱基-中壢,2023-07-13,9285
00715L,期街口布蘭特正2,148,78,70,凱基-中壢,2023-07-13,9285
2324,仁寶,103,34,69,凱基-中壢,2023-07-13,9285
3114,好德,66,0,66,凱基-中壢,2023-07-13,9285
00712,復華富時不動產,85,21,64,凱基-中壢,2023-07-13,9285
00929,復華台灣科技優息,107,51,56,凱基-中壢,2023-07-13,9285
6282,康舒,129,79,50,凱基-中壢,2023-07-13,9285
00930,永豐ESG低碳高息,81,38,43,凱基-中壢,2023-07-13,9285
3231,緯創,198,156,42,凱基-中壢,2023-07-13,9285
4532,瑞智,92,50,42,凱基-中壢,2023-07-13,9285
2312,金寶,137,96,41,凱基-中壢,2023-07-13,9285
1471,首利,73,33,40,凱基-中壢,2023-07-13,9285
00632R,元大台灣50反1,250,211,39,凱基-中壢,2023-07-13,9285
2449,京元電子,56,18,38,凱基-中壢,2023-07-13,9285
6120,達運,88,54,34,凱基-中壢,2023-07-13,9285
00893,國泰智能電動車,74,41,33,凱基-中壢,2023-07-13,9285
5483,中美晶,45,12,33,凱基-中壢,2023-07-13,9285
3024,憶聲,30,0,30,凱基-中壢,2023-07-13,9285
0056,元大高股息,150,121,29,凱基-中壢,2023-07-13,9285
00903,富邦元宇宙,49,20,29,凱基-中壢,2023-07-13,9285
00720B,元大投資級公司債,29,0,29,凱基-中壢,2023-07-13,9285
1721,三晃,31,3,28,凱基-中壢,2023-07-13,9285
2401,凌陽,26,0,26,凱基-中壢,2023-07-13,9285
3022,威強電,25,0,25,凱基-中壢,2023-07-13,9285
9904,寶成,24,0,24,凱基-中壢,2023-07-13,9285
2353,宏��,74,51,23,凱基-中壢,2023-07-13,9285
3013,晟銘電,27,5,22,凱基-中壢,2023-07-13,9285
4510,高鋒,25,3,22,凱基-中壢,2023-07-13,9285
1609,大亞,74,52,22,凱基-中壢,2023-07-13,9285
1584,精剛,26,4,22,凱基-中壢,2023-07-13,9285
2481,強茂,40,19,21,凱基-中壢,2023-07-13,9285
2388,威盛,53,33,20,凱基-中壢,2023-07-13,9285
00905,FT臺灣Smart,20,0,20,凱基-中壢,2023-07-13,9285
00927,群益半導體收益,20,1,19,凱基-中壢,2023-07-13,9285
6219,富旺,19,0,19,凱基-中壢,2023-07-13,9285
8050,廣積,25,6,19,凱基-中壢,2023-07-13,9285
4763,材料-KY,35,17,18,凱基-中壢,2023-07-13,9285
6244,茂迪,17,0,17,凱基-中壢,2023-07-13,9285
2352,佳世達,69,53,16,凱基-中壢,2023-07-13,9285
2633,台灣高鐵,17,1,16,凱基-中壢,2023-07-13,9285
1802,台玻,16,0,16,凱基-中壢,2023-07-13,9285
00673R,期元大S＆P原油反1,359,0,359,凱基-中壢,2023-07-14,9285
2610,華航,421,139,282,凱基-中壢,2023-07-14,9285
6282,康舒,291,34,257,凱基-中壢,2023-07-14,9285
2618,長榮航,426,194,232,凱基-中壢,2023-07-14,9285
4414,如興,158,0,158,凱基-中壢,2023-07-14,9285
2382,廣達,206,87,119,凱基-中壢,2023-07-14,9285
6125,廣運,115,12,103,凱基-中壢,2023-07-14,9285
00891,中信關鍵半導體,107,7,100,凱基-中壢,2023-07-14,9285
00753L,中信中國50正2,100,0,100,凱基-中壢,2023-07-14,9285
3114,好德,90,2,88,凱基-中壢,2023-07-14,9285
2371,大同,100,29,71,凱基-中壢,2023-07-14,9285
2888,新光金,122,53,69,凱基-中壢,2023-07-14,9285
6111,大宇資,77,9,68,凱基-中壢,2023-07-14,9285
00929,復華台灣科技優息,95,35,60,凱基-中壢,2023-07-14,9285
2323,中環,57,3,54,凱基-中壢,2023-07-14,9285
00903,富邦元宇宙,50,0,50,凱基-中壢,2023-07-14,9285
3060,銘異,62,14,48,凱基-中壢,2023-07-14,9285
6120,達運,69,22,47,凱基-中壢,2023-07-14,9285
2609,陽明,76,33,43,凱基-中壢,2023-07-14,9285
00637L,元大滬深300正2,108,65,43,凱基-中壢,2023-07-14,9285
1314,中石化,37,0,37,凱基-中壢,2023-07-14,9285
2419,仲琦,112,75,37,凱基-中壢,2023-07-14,9285
2331,精英,45,9,36,凱基-中壢,2023-07-14,9285
00720B,元大投資級公司債,33,1,32,凱基-中壢,2023-07-14,9285
2913,農林,32,1,31,凱基-中壢,2023-07-14,9285
2324,仁寶,39,10,29,凱基-中壢,2023-07-14,9285
2355,敬鵬,44,15,29,凱基-中壢,2023-07-14,9285
00893,國泰智能電動車,33,4,29,凱基-中壢,2023-07-14,9285
00679B,元大美債20年,32,6,26,凱基-中壢,2023-07-14,9285
2066,世德,25,1,24,凱基-中壢,2023-07-14,9285
1609,大亞,70,47,23,凱基-中壢,2023-07-14,9285
3363,上詮,69,46,23,凱基-中壢,2023-07-14,9285
5465,富驊,91,70,21,凱基-中壢,2023-07-14,9285
2603,長榮,47,26,21,凱基-中壢,2023-07-14,9285
00882,中信中國高股息,40,20,20,凱基-中壢,2023-07-14,9285
8112,至上,37,17,20,凱基-中壢,2023-07-14,9285
4746,台耀,30,10,20,凱基-中壢,2023-07-14,9285
3325,旭品,20,1,19,凱基-中壢,2023-07-14,9285
3163,波若威,22,4,18,凱基-中壢,2023-07-14,9285
2421,建準,45,28,17,凱基-中壢,2023-07-14,9285
2498,宏達電,24,7,17,凱基-中壢,2023-07-14,9285
5864,致和證,20,4,16,凱基-中壢,2023-07-14,9285
3484,崧騰,15,0,15,凱基-中壢,2023-07-14,9285
3673,TPK-KY,16,1,15,凱基-中壢,2023-07-14,9285
8227,巨有科技,26,11,15,凱基-中壢,2023-07-14,9285
1471,首利,28,14,14,凱基-中壢,2023-07-14,9285
2867,三商壽,14,0,14,凱基-中壢,2023-07-14,9285
3049,精金,68,54,14,凱基-中壢,2023-07-14,9285
3032,偉訓,27,14,13,凱基-中壢,2023-07-14,9285
2501,國建,13,0,13,凱基-中壢,2023-07-14,9285
2353,宏��,193,61,132,凱基-中壢,2023-07-17,9285
2354,鴻準,103,9,94,凱基-中壢,2023-07-17,9285
00882,中信中國高股息,156,66,90,凱基-中壢,2023-07-17,9285
00673R,期元大S＆P原油反1,81,0,81,凱基-中壢,2023-07-17,9285
00720B,元大投資級公司債,97,19,78,凱基-中壢,2023-07-17,9285
2618,長榮航,150,74,76,凱基-中壢,2023-07-17,9285
8936,國統,92,30,62,凱基-中壢,2023-07-17,9285
3231,緯創,88,28,60,凱基-中壢,2023-07-17,9285
1513,中興電,129,70,59,凱基-中壢,2023-07-17,9285
00712,復華富時不動產,62,6,56,凱基-中壢,2023-07-17,9285
6120,達運,65,10,55,凱基-中壢,2023-07-17,9285
1402,遠東新,53,0,53,凱基-中壢,2023-07-17,9285
3706,神達,57,4,53,凱基-中壢,2023-07-17,9285
2801,彰銀,50,3,47,凱基-中壢,2023-07-17,9285
00650L,復華香港正2,46,0,46,凱基-中壢,2023-07-17,9285
2812,台中銀,47,2,45,凱基-中壢,2023-07-17,9285
2328,廣宇,75,32,43,凱基-中壢,2023-07-17,9285
1314,中石化,84,42,42,凱基-中壢,2023-07-17,9285
00637L,元大滬深300正2,47,5,42,凱基-中壢,2023-07-17,9285
3306,鼎天,64,23,41,凱基-中壢,2023-07-17,9285
2312,金寶,92,53,39,凱基-中壢,2023-07-17,9285
2356,英業達,102,69,33,凱基-中壢,2023-07-17,9285
00927,群益半導體收益,33,0,33,凱基-中壢,2023-07-17,9285
3325,旭品,39,7,32,凱基-中壢,2023-07-17,9285
3037,欣興,78,46,32,凱基-中壢,2023-07-17,9285
2402,毅嘉,43,11,32,凱基-中壢,2023-07-17,9285
2201,裕隆,96,65,31,凱基-中壢,2023-07-17,9285
1503,士電,66,35,31,凱基-中壢,2023-07-17,9285
3025,星通,52,22,30,凱基-中壢,2023-07-17,9285
2413,環科,31,1,30,凱基-中壢,2023-07-17,9285
6285,啟��,41,11,30,凱基-中壢,2023-07-17,9285
00701,國泰股利精選30,30,1,29,凱基-中壢,2023-07-17,9285
2457,飛宏,50,21,29,凱基-中壢,2023-07-17,9285
3338,泰碩,73,47,26,凱基-中壢,2023-07-17,9285
5425,台半,56,30,26,凱基-中壢,2023-07-17,9285
2610,華航,70,45,25,凱基-中壢,2023-07-17,9285
00665L,富邦�琤肭磪囓�2,25,0,25,凱基-中壢,2023-07-17,9285
8101,華冠,25,0,25,凱基-中壢,2023-07-17,9285
00753L,中信中國50正2,20,0,20,凱基-中壢,2023-07-17,9285
3010,華立,20,0,20,凱基-中壢,2023-07-17,9285
5465,富驊,29,9,20,凱基-中壢,2023-07-17,9285
3372,典範,20,0,20,凱基-中壢,2023-07-17,9285
6111,大宇資,20,0,20,凱基-中壢,2023-07-17,9285
00679B,元大美債20年,19,0,19,凱基-中壢,2023-07-17,9285
8027,鈦昇,23,5,18,凱基-中壢,2023-07-17,9285
2204,中華,19,2,17,凱基-中壢,2023-07-17,9285
3234,光環,23,6,17,凱基-中壢,2023-07-17,9285
2233,宇隆,25,8,17,凱基-中壢,2023-07-17,9285
1460,宏遠,16,0,16,凱基-中壢,2023-07-17,9285
8433,弘帆,16,0,16,凱基-中壢,2023-07-17,9285
3706,神達,1282,181,1101,凱基-中壢,2023-07-18,9285
0056,元大高股息,500,176,324,凱基-中壢,2023-07-18,9285
00929,復華台灣科技優息,275,54,221,凱基-中壢,2023-07-18,9285
4533,協易機,258,130,128,凱基-中壢,2023-07-18,9285
2884,玉山金,126,10,116,凱基-中壢,2023-07-18,9285
00882,中信中國高股息,131,21,110,凱基-中壢,2023-07-18,9285
2356,英業達,386,277,109,凱基-中壢,2023-07-18,9285
1513,中興電,122,31,91,凱基-中壢,2023-07-18,9285
3305,昇貿,108,28,80,凱基-中壢,2023-07-18,9285
4938,和碩,230,153,77,凱基-中壢,2023-07-18,9285
9105,泰金寶-DR,123,53,70,凱基-中壢,2023-07-18,9285
2312,金寶,207,138,69,凱基-中壢,2023-07-18,9285
00637L,元大滬深300正2,69,3,66,凱基-中壢,2023-07-18,9285
3481,群創,75,12,63,凱基-中壢,2023-07-18,9285
2002,中鋼,65,2,63,凱基-中壢,2023-07-18,9285
2402,毅嘉,82,25,57,凱基-中壢,2023-07-18,9285
2104,國際中橡,50,0,50,凱基-中壢,2023-07-18,9285
00712,復華富時不動產,53,4,49,凱基-中壢,2023-07-18,9285
2201,裕隆,63,15,48,凱基-中壢,2023-07-18,9285
2329,華泰,130,82,48,凱基-中壢,2023-07-18,9285
1402,遠東新,44,0,44,凱基-中壢,2023-07-18,9285
8069,元太,56,12,44,凱基-中壢,2023-07-18,9285
00650L,復華香港正2,92,49,43,凱基-中壢,2023-07-18,9285
6188,廣明,95,53,42,凱基-中壢,2023-07-18,9285
00720B,元大投資級公司債,42,0,42,凱基-中壢,2023-07-18,9285
00893,國泰智能電動車,63,23,40,凱基-中壢,2023-07-18,9285
3149,正達,44,5,39,凱基-中壢,2023-07-18,9285
3078,僑威,104,67,37,凱基-中壢,2023-07-18,9285
2303,聯電,45,10,35,凱基-中壢,2023-07-18,9285
00632R,元大台灣50反1,37,3,34,凱基-中壢,2023-07-18,9285
3060,銘異,50,16,34,凱基-中壢,2023-07-18,9285
2331,精英,35,4,31,凱基-中壢,2023-07-18,9285
1789,神隆,52,24,28,凱基-中壢,2023-07-18,9285
3645,達邁,27,0,27,凱基-中壢,2023-07-18,9285
2427,三商電,28,2,26,凱基-中壢,2023-07-18,9285
3673,TPK-KY,46,20,26,凱基-中壢,2023-07-18,9285
2409,友達,32,6,26,凱基-中壢,2023-07-18,9285
4157,太景*-KY,26,0,26,凱基-中壢,2023-07-18,9285
2498,宏達電,39,16,23,凱基-中壢,2023-07-18,9285
3483,力致,49,26,23,凱基-中壢,2023-07-18,9285
2211,長榮鋼,25,2,23,凱基-中壢,2023-07-18,9285
2323,中環,33,10,23,凱基-中壢,2023-07-18,9285
3617,碩天,23,0,23,凱基-中壢,2023-07-18,9285
3025,星通,31,8,23,凱基-中壢,2023-07-18,9285
3356,奇偶,24,4,20,凱基-中壢,2023-07-18,9285
4763,材料-KY,44,24,20,凱基-中壢,2023-07-18,9285
6219,富旺,23,3,20,凱基-中壢,2023-07-18,9285
2388,威盛,22,3,19,凱基-中壢,2023-07-18,9285
3325,旭品,21,2,19,凱基-中壢,2023-07-18,9285
3058,立德,21,2,19,凱基-中壢,2023-07-18,9285
00632R,元大台灣50反1,258,60,198,凱基-中壢,2023-07-19,9285
2201,裕隆,187,10,177,凱基-中壢,2023-07-19,9285
2353,宏��,208,37,171,凱基-中壢,2023-07-19,9285
00665L,富邦�琤肭磪囓�2,166,0,166,凱基-中壢,2023-07-19,9285
2329,華泰,178,53,125,凱基-中壢,2023-07-19,9285
2324,仁寶,293,186,107,凱基-中壢,2023-07-19,9285
2303,聯電,124,25,99,凱基-中壢,2023-07-19,9285
4938,和碩,104,24,80,凱基-中壢,2023-07-19,9285
00650L,復華香港正2,105,30,75,凱基-中壢,2023-07-19,9285
00882,中信中國高股息,75,6,69,凱基-中壢,2023-07-19,9285
2812,台中銀,72,6,66,凱基-中壢,2023-07-19,9285
6125,廣運,84,20,64,凱基-中壢,2023-07-19,9285
00929,復華台灣科技優息,191,128,63,凱基-中壢,2023-07-19,9285
3706,神達,426,365,61,凱基-中壢,2023-07-19,9285
8176,智捷,61,6,55,凱基-中壢,2023-07-19,9285
2618,長榮航,138,84,54,凱基-中壢,2023-07-19,9285
00679B,元大美債20年,59,7,52,凱基-中壢,2023-07-19,9285
2610,華航,104,63,41,凱基-中壢,2023-07-19,9285
00927,群益半導體收益,41,1,40,凱基-中壢,2023-07-19,9285
6218,豪勉,44,4,40,凱基-中壢,2023-07-19,9285
4566,時碩工業,59,21,38,凱基-中壢,2023-07-19,9285
3078,僑威,75,39,36,凱基-中壢,2023-07-19,9285
3114,好德,36,0,36,凱基-中壢,2023-07-19,9285
1905,華紙,34,0,34,凱基-中壢,2023-07-19,9285
6235,華孚,52,19,33,凱基-中壢,2023-07-19,9285
5014,建錩,33,0,33,凱基-中壢,2023-07-19,9285
8926,台汽電,50,18,32,凱基-中壢,2023-07-19,9285
00764B,群益25年美債,32,0,32,凱基-中壢,2023-07-19,9285
4510,高鋒,37,6,31,凱基-中壢,2023-07-19,9285
00651R,復華香港反1,30,0,30,凱基-中壢,2023-07-19,9285
6153,嘉聯益,28,0,28,凱基-中壢,2023-07-19,9285
00720B,元大投資級公司債,27,0,27,凱基-中壢,2023-07-19,9285
1503,士電,38,11,27,凱基-中壢,2023-07-19,9285
1314,中石化,26,0,26,凱基-中壢,2023-07-19,9285
00637L,元大滬深300正2,59,34,25,凱基-中壢,2023-07-19,9285
3189,景碩,36,11,25,凱基-中壢,2023-07-19,9285
2313,華通,29,4,25,凱基-中壢,2023-07-19,9285
3338,泰碩,32,8,24,凱基-中壢,2023-07-19,9285
3324,雙鴻,26,2,24,凱基-中壢,2023-07-19,9285
6456,GIS-KY,24,0,24,凱基-中壢,2023-07-19,9285
6282,康舒,92,68,24,凱基-中壢,2023-07-19,9285
1402,遠東新,23,0,23,凱基-中壢,2023-07-19,9285
1514,亞力,35,13,22,凱基-中壢,2023-07-19,9285
1519,華城,23,1,22,凱基-中壢,2023-07-19,9285
3363,上詮,45,24,21,凱基-中壢,2023-07-19,9285
1101,台泥,24,6,18,凱基-中壢,2023-07-19,9285
2419,仲琦,49,31,18,凱基-中壢,2023-07-19,9285
1528,恩德,18,0,18,凱基-中壢,2023-07-19,9285
2426,鼎元,18,0,18,凱基-中壢,2023-07-19,9285
00712,復華富時不動產,36,18,18,凱基-中壢,2023-07-19,9285
2812,台中銀,308,0,308,凱基-中壢,2023-07-20,9285
2303,聯電,154,52,102,凱基-中壢,2023-07-20,9285
00929,復華台灣科技優息,104,5,99,凱基-中壢,2023-07-20,9285
00650L,復華香港正2,230,136,94,凱基-中壢,2023-07-20,9285
3037,欣興,124,46,78,凱基-中壢,2023-07-20,9285
00637L,元大滬深300正2,168,104,64,凱基-中壢,2023-07-20,9285
2890,永豐金,57,4,53,凱基-中壢,2023-07-20,9285
1102,亞泥,49,0,49,凱基-中壢,2023-07-20,9285
2634,漢翔,72,23,49,凱基-中壢,2023-07-20,9285
3189,景碩,56,10,46,凱基-中壢,2023-07-20,9285
2201,裕隆,57,16,41,凱基-中壢,2023-07-20,9285
3704,合勤控,56,18,38,凱基-中壢,2023-07-20,9285
2353,宏��,68,30,38,凱基-中壢,2023-07-20,9285
3035,智原,62,25,37,凱基-中壢,2023-07-20,9285
3706,神達,76,39,37,凱基-中壢,2023-07-20,9285
2913,農林,40,6,34,凱基-中壢,2023-07-20,9285
00878,國泰永續高股息,189,158,31,凱基-中壢,2023-07-20,9285
00651R,復華香港反1,28,0,28,凱基-中壢,2023-07-20,9285
5511,德昌,27,0,27,凱基-中壢,2023-07-20,9285
1529,樂事綠能,51,24,27,凱基-中壢,2023-07-20,9285
00679B,元大美債20年,27,0,27,凱基-中壢,2023-07-20,9285
3289,宜特,48,23,25,凱基-中壢,2023-07-20,9285
00720B,元大投資級公司債,26,2,24,凱基-中壢,2023-07-20,9285
4123,晟德,46,22,24,凱基-中壢,2023-07-20,9285
6841,長佳智能,36,13,23,凱基-中壢,2023-07-20,9285
6531,愛普*,37,14,23,凱基-中壢,2023-07-20,9285
00687B,國泰20年美債,23,0,23,凱基-中壢,2023-07-20,9285
2392,正崴,20,0,20,凱基-中壢,2023-07-20,9285
2009,第一銅,20,0,20,凱基-中壢,2023-07-20,9285
00753L,中信中國50正2,50,30,20,凱基-中壢,2023-07-20,9285
1101,台泥,19,0,19,凱基-中壢,2023-07-20,9285
3481,群創,21,3,18,凱基-中壢,2023-07-20,9285
2481,強茂,18,1,17,凱基-中壢,2023-07-20,9285
3055,蔚華科,21,4,17,凱基-中壢,2023-07-20,9285
2323,中環,21,5,16,凱基-中壢,2023-07-20,9285
6456,GIS-KY,16,0,16,凱基-中壢,2023-07-20,9285
00885,富邦越南,16,0,16,凱基-中壢,2023-07-20,9285
3011,今皓,16,1,15,凱基-中壢,2023-07-20,9285
2540,愛山林,15,0,15,凱基-中壢,2023-07-20,9285
1460,宏遠,15,0,15,凱基-中壢,2023-07-20,9285
2436,偉詮電,34,19,15,凱基-中壢,2023-07-20,9285
6274,台燿,30,15,15,凱基-中壢,2023-07-20,9285
00882,中信中國高股息,14,0,14,凱基-中壢,2023-07-20,9285
00888,永豐台灣ESG,14,0,14,凱基-中壢,2023-07-20,9285
4726,永昕,18,4,14,凱基-中壢,2023-07-20,9285
4938,和碩,22,8,14,凱基-中壢,2023-07-20,9285
1618,合機,20,7,13,凱基-中壢,2023-07-20,9285
3028,增你強,19,6,13,凱基-中壢,2023-07-20,9285
2461,光群雷,55,42,13,凱基-中壢,2023-07-20,9285
3645,達邁,14,1,13,凱基-中壢,2023-07-20,9285
2312,金寶,108,26,82,凱基-中壢,2023-07-21,9285
3682,亞太電,61,1,60,凱基-中壢,2023-07-21,9285
00919,群益台灣精選高息,66,9,57,凱基-中壢,2023-07-21,9285
00929,復華台灣科技優息,56,2,54,凱基-中壢,2023-07-21,9285
2303,聯電,114,61,53,凱基-中壢,2023-07-21,9285
1102,亞泥,51,0,51,凱基-中壢,2023-07-21,9285
00930,永豐ESG低碳高息,50,0,50,凱基-中壢,2023-07-21,9285
2867,三商壽,50,0,50,凱基-中壢,2023-07-21,9285
00648R,元大S＆P500反1,50,0,50,凱基-中壢,2023-07-21,9285
00673R,期元大S＆P原油反1,46,0,46,凱基-中壢,2023-07-21,9285
00882,中信中國高股息,55,10,45,凱基-中壢,2023-07-21,9285
6282,康舒,68,24,44,凱基-中壢,2023-07-21,9285
3706,神達,67,25,42,凱基-中壢,2023-07-21,9285
2330,台積電,50,10,40,凱基-中壢,2023-07-21,9285
1513,中興電,263,226,37,凱基-中壢,2023-07-21,9285
2610,華航,124,89,35,凱基-中壢,2023-07-21,9285
2356,英業達,73,38,35,凱基-中壢,2023-07-21,9285
2906,高林,40,6,34,凱基-中壢,2023-07-21,9285
1907,永豐餘,33,0,33,凱基-中壢,2023-07-21,9285
3071,協禧,43,11,32,凱基-中壢,2023-07-21,9285
00651R,復華香港反1,32,0,32,凱基-中壢,2023-07-21,9285
00679B,元大美債20年,33,2,31,凱基-中壢,2023-07-21,9285
2353,宏��,51,20,31,凱基-中壢,2023-07-21,9285
2344,華邦電,41,10,31,凱基-中壢,2023-07-21,9285
6111,大宇資,33,2,31,凱基-中壢,2023-07-21,9285
2201,裕隆,109,79,30,凱基-中壢,2023-07-21,9285
2887,台新金,29,0,29,凱基-中壢,2023-07-21,9285
8933,愛地雅,28,0,28,凱基-中壢,2023-07-21,9285
3564,其陽,31,4,27,凱基-中壢,2023-07-21,9285
2634,漢翔,32,6,26,凱基-中壢,2023-07-21,9285
3114,好德,25,0,25,凱基-中壢,2023-07-21,9285
2609,陽明,63,39,24,凱基-中壢,2023-07-21,9285
6120,達運,36,12,24,凱基-中壢,2023-07-21,9285
2206,三陽工業,35,12,23,凱基-中壢,2023-07-21,9285
1402,遠東新,23,0,23,凱基-中壢,2023-07-21,9285
00888,永豐台灣ESG,27,4,23,凱基-中壢,2023-07-21,9285
8201,無敵,26,3,23,凱基-中壢,2023-07-21,9285
00665L,富邦�琤肭磪囓�2,40,18,22,凱基-中壢,2023-07-21,9285
00927,群益半導體收益,21,0,21,凱基-中壢,2023-07-21,9285
3673,TPK-KY,21,0,21,凱基-中壢,2023-07-21,9285
5425,台半,23,3,20,凱基-中壢,2023-07-21,9285
3481,群創,28,8,20,凱基-中壢,2023-07-21,9285
2603,長榮,32,12,20,凱基-中壢,2023-07-21,9285
1210,大成,25,6,19,凱基-中壢,2023-07-21,9285
8403,盛弘,19,0,19,凱基-中壢,2023-07-21,9285
1762,中化生,22,4,18,凱基-中壢,2023-07-21,9285
3289,宜特,22,4,18,凱基-中壢,2023-07-21,9285
6770,力積電,20,2,18,凱基-中壢,2023-07-21,9285
6456,GIS-KY,17,0,17,凱基-中壢,2023-07-21,9285
3055,蔚華科,21,4,17,凱基-中壢,2023-07-21,9285
2887,台新金,123,11,112,凱基-中壢,2023-07-24,9285
00929,復華台灣科技優息,89,6,83,凱基-中壢,2023-07-24,9285
00650L,復華香港正2,129,53,76,凱基-中壢,2023-07-24,9285
2461,光群雷,83,18,65,凱基-中壢,2023-07-24,9285
1609,大亞,175,115,60,凱基-中壢,2023-07-24,9285
2449,京元電子,61,9,52,凱基-中壢,2023-07-24,9285
2352,佳世達,71,23,48,凱基-中壢,2023-07-24,9285
3013,晟銘電,86,44,42,凱基-中壢,2023-07-24,9285
3035,智原,77,38,39,凱基-中壢,2023-07-24,9285
6133,金橋,38,0,38,凱基-中壢,2023-07-24,9285
1605,華新,39,5,34,凱基-中壢,2023-07-24,9285
2104,國際中橡,33,0,33,凱基-中壢,2023-07-24,9285
2357,華碩,37,6,31,凱基-中壢,2023-07-24,9285
3149,正達,30,0,30,凱基-中壢,2023-07-24,9285
00919,群益台灣精選高息,31,1,30,凱基-中壢,2023-07-24,9285
3071,協禧,40,11,29,凱基-中壢,2023-07-24,9285
1909,榮成,29,0,29,凱基-中壢,2023-07-24,9285
2353,宏��,71,48,23,凱基-中壢,2023-07-24,9285
00637L,元大滬深300正2,24,2,22,凱基-中壢,2023-07-24,9285
3055,蔚華科,34,12,22,凱基-中壢,2023-07-24,9285
00927,群益半導體收益,22,0,22,凱基-中壢,2023-07-24,9285
6120,達運,23,1,22,凱基-中壢,2023-07-24,9285
2892,第一金,22,0,22,凱基-中壢,2023-07-24,9285
1218,泰山,24,3,21,凱基-中壢,2023-07-24,9285
8121,越峰,21,0,21,凱基-中壢,2023-07-24,9285
3533,嘉澤,20,0,20,凱基-中壢,2023-07-24,9285
00673R,期元大S＆P原油反1,20,0,20,凱基-中壢,2023-07-24,9285
2867,三商壽,20,0,20,凱基-中壢,2023-07-24,9285
2380,虹光,20,0,20,凱基-中壢,2023-07-24,9285
5203,訊連,20,0,20,凱基-中壢,2023-07-24,9285
2504,國產,20,0,20,凱基-中壢,2023-07-24,9285
6841,長佳智能,26,6,20,凱基-中壢,2023-07-24,9285
00751B,元大AAA至A公司債,20,0,20,凱基-中壢,2023-07-24,9285
00680L,元大美債20正2,20,0,20,凱基-中壢,2023-07-24,9285
2421,建準,53,34,19,凱基-中壢,2023-07-24,9285
1102,亞泥,50,31,19,凱基-中壢,2023-07-24,9285
3362,先進光,21,2,19,凱基-中壢,2023-07-24,9285
00665L,富邦�琤肭磪囓�2,18,0,18,凱基-中壢,2023-07-24,9285
3231,緯創,44,27,17,凱基-中壢,2023-07-24,9285
3338,泰碩,52,35,17,凱基-中壢,2023-07-24,9285
2371,大同,32,16,16,凱基-中壢,2023-07-24,9285
00679B,元大美債20年,31,15,16,凱基-中壢,2023-07-24,9285
5225,東科-KY,16,0,16,凱基-中壢,2023-07-24,9285
2468,華經,24,8,16,凱基-中壢,2023-07-24,9285
6112,邁達特,31,16,15,凱基-中壢,2023-07-24,9285
5227,立凱-KY,15,0,15,凱基-中壢,2023-07-24,9285
00712,復華富時不動產,22,7,15,凱基-中壢,2023-07-24,9285
9958,世紀鋼,22,7,15,凱基-中壢,2023-07-24,9285
2344,華邦電,20,6,14,凱基-中壢,2023-07-24,9285
6603,富強鑫,14,0,14,凱基-中壢,2023-07-24,9285
00673R,期元大S＆P原油反1,430,20,410,凱基-中壢,2023-07-25,9285
00632R,元大台灣50反1,150,15,135,凱基-中壢,2023-07-25,9285
2354,鴻準,148,40,108,凱基-中壢,2023-07-25,9285
2382,廣達,194,87,107,凱基-中壢,2023-07-25,9285
6120,達運,106,11,95,凱基-中壢,2023-07-25,9285
2201,裕隆,128,41,87,凱基-中壢,2023-07-25,9285
00679B,元大美債20年,84,2,82,凱基-中壢,2023-07-25,9285
3706,神達,126,54,72,凱基-中壢,2023-07-25,9285
2301,光寶科,114,55,59,凱基-中壢,2023-07-25,9285
2356,英業達,128,74,54,凱基-中壢,2023-07-25,9285
6505,台塑化,51,0,51,凱基-中壢,2023-07-25,9285
1905,華紙,152,103,49,凱基-中壢,2023-07-25,9285
3231,緯創,59,17,42,凱基-中壢,2023-07-25,9285
2881,富邦金,41,0,41,凱基-中壢,2023-07-25,9285
4188,安克,41,1,40,凱基-中壢,2023-07-25,9285
2481,強茂,41,3,38,凱基-中壢,2023-07-25,9285
6235,華孚,51,17,34,凱基-中壢,2023-07-25,9285
6282,康舒,50,20,30,凱基-中壢,2023-07-25,9285
6285,啟��,41,12,29,凱基-中壢,2023-07-25,9285
6191,精成科,31,3,28,凱基-中壢,2023-07-25,9285
9945,潤泰新,31,4,27,凱基-中壢,2023-07-25,9285
1314,中石化,29,2,27,凱基-中壢,2023-07-25,9285
00680L,元大美債20正2,24,0,24,凱基-中壢,2023-07-25,9285
00687B,國泰20年美債,23,0,23,凱基-中壢,2023-07-25,9285
8105,凌巨,23,0,23,凱基-中壢,2023-07-25,9285
5388,中磊,31,10,21,凱基-中壢,2023-07-25,9285
2314,台揚,21,0,21,凱基-中壢,2023-07-25,9285
2312,金寶,45,25,20,凱基-中壢,2023-07-25,9285
2404,漢唐,20,0,20,凱基-中壢,2023-07-25,9285
3694,海華,21,1,20,凱基-中壢,2023-07-25,9285
2449,京元電子,43,23,20,凱基-中壢,2023-07-25,9285
6111,大宇資,26,7,19,凱基-中壢,2023-07-25,9285
3131,弘塑,19,1,18,凱基-中壢,2023-07-25,9285
8093,保銳,21,4,17,凱基-中壢,2023-07-25,9285
00919,群益台灣精選高息,20,3,17,凱基-中壢,2023-07-25,9285
2388,威盛,19,2,17,凱基-中壢,2023-07-25,9285
6163,華電網,18,1,17,凱基-中壢,2023-07-25,9285
2420,新巨,22,5,17,凱基-中壢,2023-07-25,9285
1907,永豐餘,34,18,16,凱基-中壢,2023-07-25,9285
5392,能率,22,6,16,凱基-中壢,2023-07-25,9285
00688L,國泰20年美債正2,16,0,16,凱基-中壢,2023-07-25,9285
4953,緯軟,32,17,15,凱基-中壢,2023-07-25,9285
00900,富邦特選高股息30,19,4,15,凱基-中壢,2023-07-25,9285
3149,正達,15,0,15,凱基-中壢,2023-07-25,9285
3037,欣興,82,67,15,凱基-中壢,2023-07-25,9285
3324,雙鴻,29,15,14,凱基-中壢,2023-07-25,9285
2316,楠梓電,16,2,14,凱基-中壢,2023-07-25,9285
2887,台新金,40,26,14,凱基-中壢,2023-07-25,9285
3702,大聯大,14,1,13,凱基-中壢,2023-07-25,9285
4908,前鼎,15,2,13,凱基-中壢,2023-07-25,9285
3306,鼎天,270,24,246,凱基-中壢,2023-07-26,9285
2887,台新金,144,16,128,凱基-中壢,2023-07-26,9285
2888,新光金,178,57,121,凱基-中壢,2023-07-26,9285
8358,金居,171,78,93,凱基-中壢,2023-07-26,9285
00679B,元大美債20年,82,5,77,凱基-中壢,2023-07-26,9285
1504,東元,189,118,71,凱基-中壢,2023-07-26,9285
00929,復華台灣科技優息,85,21,64,凱基-中壢,2023-07-26,9285
2329,華泰,172,113,59,凱基-中壢,2023-07-26,9285
2801,彰銀,60,7,53,凱基-中壢,2023-07-26,9285
2359,所羅門,82,38,44,凱基-中壢,2023-07-26,9285
6275,元山,125,83,42,凱基-中壢,2023-07-26,9285
1522,堤維西,37,1,36,凱基-中壢,2023-07-26,9285
00927,群益半導體收益,34,0,34,凱基-中壢,2023-07-26,9285
2633,台灣高鐵,31,0,31,凱基-中壢,2023-07-26,9285
6274,台燿,56,25,31,凱基-中壢,2023-07-26,9285
00688L,國泰20年美債正2,30,0,30,凱基-中壢,2023-07-26,9285
00772B,中信高評級公司債,28,0,28,凱基-中壢,2023-07-26,9285
2328,廣宇,30,2,28,凱基-中壢,2023-07-26,9285
1513,中興電,46,19,27,凱基-中壢,2023-07-26,9285
2371,大同,46,19,27,凱基-中壢,2023-07-26,9285
3015,全漢,29,2,27,凱基-中壢,2023-07-26,9285
00882,中信中國高股息,50,23,27,凱基-中壢,2023-07-26,9285
00673R,期元大S＆P原油反1,36,10,26,凱基-中壢,2023-07-26,9285
3483,力致,28,2,26,凱基-中壢,2023-07-26,9285
1514,亞力,28,2,26,凱基-中壢,2023-07-26,9285
2618,長榮航,49,24,25,凱基-中壢,2023-07-26,9285
00633L,富邦上証正2,30,5,25,凱基-中壢,2023-07-26,9285
3217,優群,25,1,24,凱基-中壢,2023-07-26,9285
8099,大世科,27,3,24,凱基-中壢,2023-07-26,9285
6188,廣明,82,59,23,凱基-中壢,2023-07-26,9285
3013,晟銘電,32,9,23,凱基-中壢,2023-07-26,9285
2867,三商壽,23,0,23,凱基-中壢,2023-07-26,9285
2913,農林,23,0,23,凱基-中壢,2023-07-26,9285
4533,協易機,73,50,23,凱基-中壢,2023-07-26,9285
2314,台揚,22,1,21,凱基-中壢,2023-07-26,9285
2838,聯邦銀,21,0,21,凱基-中壢,2023-07-26,9285
5203,訊連,26,6,20,凱基-中壢,2023-07-26,9285
3024,憶聲,20,0,20,凱基-中壢,2023-07-26,9285
4763,材料-KY,41,21,20,凱基-中壢,2023-07-26,9285
2002,中鋼,32,13,19,凱基-中壢,2023-07-26,9285
4128,中天,20,1,19,凱基-中壢,2023-07-26,9285
2338,光罩,19,0,19,凱基-中壢,2023-07-26,9285
3055,蔚華科,21,2,19,凱基-中壢,2023-07-26,9285
6112,邁達特,35,17,18,凱基-中壢,2023-07-26,9285
1471,首利,28,10,18,凱基-中壢,2023-07-26,9285
3189,景碩,18,1,17,凱基-中壢,2023-07-26,9285
2344,華邦電,30,13,17,凱基-中壢,2023-07-26,9285
4938,和碩,24,7,17,凱基-中壢,2023-07-26,9285
2354,鴻準,43,27,16,凱基-中壢,2023-07-26,9285
2881,富邦金,32,16,16,凱基-中壢,2023-07-26,9285
00632R,元大台灣50反1,241,40,201,凱基-中壢,2023-07-27,9285
00712,復華富時不動產,136,14,122,凱基-中壢,2023-07-27,9285
1904,正隆,131,29,102,凱基-中壢,2023-07-27,9285
00680L,元大美債20正2,100,0,100,凱基-中壢,2023-07-27,9285
00919,群益台灣精選高息,100,2,98,凱基-中壢,2023-07-27,9285
5315,光聯,77,0,77,凱基-中壢,2023-07-27,9285
3481,群創,264,198,66,凱基-中壢,2023-07-27,9285
3617,碩天,59,3,56,凱基-中壢,2023-07-27,9285
2884,玉山金,55,6,49,凱基-中壢,2023-07-27,9285
2609,陽明,60,12,48,凱基-中壢,2023-07-27,9285
00701,國泰股利精選30,45,0,45,凱基-中壢,2023-07-27,9285
00666R,富邦�琤肭磪齯�1,45,0,45,凱基-中壢,2023-07-27,9285
2405,輔信,84,39,45,凱基-中壢,2023-07-27,9285
4953,緯軟,60,15,45,凱基-中壢,2023-07-27,9285
2206,三陽工業,45,3,42,凱基-中壢,2023-07-27,9285
00878,國泰永續高股息,215,174,41,凱基-中壢,2023-07-27,9285
00772B,中信高評級公司債,33,0,33,凱基-中壢,2023-07-27,9285
3037,欣興,121,88,33,凱基-中壢,2023-07-27,9285
2887,台新金,42,10,32,凱基-中壢,2023-07-27,9285
2104,國際中橡,32,0,32,凱基-中壢,2023-07-27,9285
3231,緯創,43,12,31,凱基-中壢,2023-07-27,9285
6016,康和證,27,1,26,凱基-中壢,2023-07-27,9285
00929,復華台灣科技優息,46,22,24,凱基-中壢,2023-07-27,9285
3013,晟銘電,43,19,24,凱基-中壢,2023-07-27,9285
3163,波若威,42,18,24,凱基-中壢,2023-07-27,9285
2002,中鋼,59,36,23,凱基-中壢,2023-07-27,9285
3189,景碩,27,4,23,凱基-中壢,2023-07-27,9285
2892,第一金,21,0,21,凱基-中壢,2023-07-27,9285
6125,廣運,117,97,20,凱基-中壢,2023-07-27,9285
6538,倉和,23,4,19,凱基-中壢,2023-07-27,9285
3029,零壹,46,27,19,凱基-中壢,2023-07-27,9285
5410,國眾,21,3,18,凱基-中壢,2023-07-27,9285
1609,大亞,21,4,17,凱基-中壢,2023-07-27,9285
00687B,國泰20年美債,16,0,16,凱基-中壢,2023-07-27,9285
4973,廣穎,18,3,15,凱基-中壢,2023-07-27,9285
3149,正達,15,0,15,凱基-中壢,2023-07-27,9285
00688L,國泰20年美債正2,15,0,15,凱基-中壢,2023-07-27,9285
2425,承啟,24,9,15,凱基-中壢,2023-07-27,9285
4934,太極,15,0,15,凱基-中壢,2023-07-27,9285
8403,盛弘,15,0,15,凱基-中壢,2023-07-27,9285
3706,神達,19,4,15,凱基-中壢,2023-07-27,9285
4533,協易機,58,45,13,凱基-中壢,2023-07-27,9285
8069,元太,21,8,13,凱基-中壢,2023-07-27,9285
1504,東元,51,38,13,凱基-中壢,2023-07-27,9285
3264,欣銓,14,1,13,凱基-中壢,2023-07-27,9285
2382,廣達,102,89,13,凱基-中壢,2023-07-27,9285
3217,優群,15,3,12,凱基-中壢,2023-07-27,9285
3702,大聯大,12,0,12,凱基-中壢,2023-07-27,9285
00715L,期街口布蘭特正2,14,2,12,凱基-中壢,2023-07-27,9285
9958,世紀鋼,11,0,11,凱基-中壢,2023-07-27,9285
2329,華泰,378,159,219,凱基-中壢,2023-07-28,9285
00753L,中信中國50正2,138,0,138,凱基-中壢,2023-07-28,9285
00632R,元大台灣50反1,133,5,128,凱基-中壢,2023-07-28,9285
00673R,期元大S＆P原油反1,115,0,115,凱基-中壢,2023-07-28,9285
00679B,元大美債20年,110,0,110,凱基-中壢,2023-07-28,9285
00688L,國泰20年美債正2,99,0,99,凱基-中壢,2023-07-28,9285
1513,中興電,113,21,92,凱基-中壢,2023-07-28,9285
00712,復華富時不動產,71,1,70,凱基-中壢,2023-07-28,9285
3006,晶豪科,67,3,64,凱基-中壢,2023-07-28,9285
00680L,元大美債20正2,62,0,62,凱基-中壢,2023-07-28,9285
3013,晟銘電,77,16,61,凱基-中壢,2023-07-28,9285
00706L,期元大S＆P日圓正2,60,0,60,凱基-中壢,2023-07-28,9285
00885,富邦越南,55,0,55,凱基-中壢,2023-07-28,9285
2002,中鋼,56,1,55,凱基-中壢,2023-07-28,9285
2303,聯電,131,77,54,凱基-中壢,2023-07-28,9285
2498,宏達電,50,3,47,凱基-中壢,2023-07-28,9285
2888,新光金,68,22,46,凱基-中壢,2023-07-28,9285
1905,華紙,286,242,44,凱基-中壢,2023-07-28,9285
00642U,期元大S＆P石油,50,7,43,凱基-中壢,2023-07-28,9285
2610,華航,71,29,42,凱基-中壢,2023-07-28,9285
00687B,國泰20年美債,37,0,37,凱基-中壢,2023-07-28,9285
00633L,富邦上証正2,33,3,30,凱基-中壢,2023-07-28,9285
6158,禾昌,38,9,29,凱基-中壢,2023-07-28,9285
3231,緯創,133,106,27,凱基-中壢,2023-07-28,9285
2606,裕民,26,1,25,凱基-中壢,2023-07-28,9285
6290,良維,48,24,24,凱基-中壢,2023-07-28,9285
6125,廣運,40,16,24,凱基-中壢,2023-07-28,9285
3038,全台,49,28,21,凱基-中壢,2023-07-28,9285
1904,正隆,25,5,20,凱基-中壢,2023-07-28,9285
2891,中信金,20,1,19,凱基-中壢,2023-07-28,9285
2317,鴻海,28,9,19,凱基-中壢,2023-07-28,9285
2371,大同,20,2,18,凱基-中壢,2023-07-28,9285
6138,茂達,19,1,18,凱基-中壢,2023-07-28,9285
8433,弘帆,22,4,18,凱基-中壢,2023-07-28,9285
6161,捷波,28,10,18,凱基-中壢,2023-07-28,9285
1504,東元,56,38,18,凱基-中壢,2023-07-28,9285
2913,農林,169,152,17,凱基-中壢,2023-07-28,9285
6126,信音,26,10,16,凱基-中壢,2023-07-28,9285
4116,明基醫,16,0,16,凱基-中壢,2023-07-28,9285
3037,欣興,21,5,16,凱基-中壢,2023-07-28,9285
3666,光耀,15,0,15,凱基-中壢,2023-07-28,9285
3339,泰谷,15,0,15,凱基-中壢,2023-07-28,9285
2905,三商,15,0,15,凱基-中壢,2023-07-28,9285
3545,敦泰,16,2,14,凱基-中壢,2023-07-28,9285
5289,宜鼎,16,2,14,凱基-中壢,2023-07-28,9285
2722,夏都,13,0,13,凱基-中壢,2023-07-28,9285
1907,永豐餘,18,5,13,凱基-中壢,2023-07-28,9285
4763,材料-KY,31,18,13,凱基-中壢,2023-07-28,9285
1783,和康生,16,3,13,凱基-中壢,2023-07-28,9285
8403,盛弘,13,0,13,凱基-中壢,2023-07-28,9285
3231,緯創,287,64,223,凱基-中壢,2023-07-31,9285
2913,農林,166,37,129,凱基-中壢,2023-07-31,9285
3033,威健,127,3,124,凱基-中壢,2023-07-31,9285
2382,廣達,224,111,113,凱基-中壢,2023-07-31,9285
00680L,元大美債20正2,95,0,95,凱基-中壢,2023-07-31,9285
3481,群創,165,76,89,凱基-中壢,2023-07-31,9285
2329,華泰,320,233,87,凱基-中壢,2023-07-31,9285
00679B,元大美債20年,90,12,78,凱基-中壢,2023-07-31,9285
2881,富邦金,102,27,75,凱基-中壢,2023-07-31,9285
3013,晟銘電,83,21,62,凱基-中壢,2023-07-31,9285
6285,啟��,75,16,59,凱基-中壢,2023-07-31,9285
2812,台中銀,61,5,56,凱基-中壢,2023-07-31,9285
2301,光寶科,207,156,51,凱基-中壢,2023-07-31,9285
3617,碩天,58,9,49,凱基-中壢,2023-07-31,9285
9945,潤泰新,50,1,49,凱基-中壢,2023-07-31,9285
2402,毅嘉,77,31,46,凱基-中壢,2023-07-31,9285
00715L,期街口布蘭特正2,70,28,42,凱基-中壢,2023-07-31,9285
2356,英業達,95,56,39,凱基-中壢,2023-07-31,9285
2027,大成鋼,40,2,38,凱基-中壢,2023-07-31,9285
00929,復華台灣科技優息,180,145,35,凱基-中壢,2023-07-31,9285
3035,智原,37,5,32,凱基-中壢,2023-07-31,9285
2421,建準,65,34,31,凱基-中壢,2023-07-31,9285
2371,大同,46,16,30,凱基-中壢,2023-07-31,9285
3022,威強電,30,0,30,凱基-中壢,2023-07-31,9285
1533,車王電,30,1,29,凱基-中壢,2023-07-31,9285
2404,漢唐,32,3,29,凱基-中壢,2023-07-31,9285
1905,華紙,106,77,29,凱基-中壢,2023-07-31,9285
00900,富邦特選高股息30,33,6,27,凱基-中壢,2023-07-31,9285
2303,聯電,48,22,26,凱基-中壢,2023-07-31,9285
00688L,國泰20年美債正2,25,0,25,凱基-中壢,2023-07-31,9285
6182,合晶,28,3,25,凱基-中壢,2023-07-31,9285
00893,國泰智能電動車,49,28,21,凱基-中壢,2023-07-31,9285
2352,佳世達,32,12,20,凱基-中壢,2023-07-31,9285
2610,華航,49,31,18,凱基-中壢,2023-07-31,9285
6788,華景電,37,19,18,凱基-中壢,2023-07-31,9285
3011,今皓,33,15,18,凱基-中壢,2023-07-31,9285
6217,中探針,18,1,17,凱基-中壢,2023-07-31,9285
00720B,元大投資級公司債,17,0,17,凱基-中壢,2023-07-31,9285
1536,和大,18,1,17,凱基-中壢,2023-07-31,9285
2615,萬海,17,0,17,凱基-中壢,2023-07-31,9285
3037,欣興,42,26,16,凱基-中壢,2023-07-31,9285
2419,仲琦,45,29,16,凱基-中壢,2023-07-31,9285
00712,復華富時不動產,19,3,16,凱基-中壢,2023-07-31,9285
4953,緯軟,22,6,16,凱基-中壢,2023-07-31,9285
2455,全新,32,16,16,凱基-中壢,2023-07-31,9285
2383,台光電,25,10,15,凱基-中壢,2023-07-31,9285
1529,樂事綠能,21,6,15,凱基-中壢,2023-07-31,9285
00919,群益台灣精選高息,40,25,15,凱基-中壢,2023-07-31,9285
4763,材料-KY,51,37,14,凱基-中壢,2023-07-31,9285
00687B,國泰20年美債,14,0,14,凱基-中壢,2023-07-31,9285
00929,復華台灣科技優息,156,13,143,凱基-中壢,2023-08-01,9285
00632R,元大台灣50反1,135,0,135,凱基-中壢,2023-08-01,9285
6016,康和證,105,0,105,凱基-中壢,2023-08-01,9285
3231,緯創,243,155,88,凱基-中壢,2023-08-01,9285
3617,碩天,77,3,74,凱基-中壢,2023-08-01,9285
00637L,元大滬深300正2,105,36,69,凱基-中壢,2023-08-01,9285
00665L,富邦�琤肭磪囓�2,65,0,65,凱基-中壢,2023-08-01,9285
2498,宏達電,69,4,65,凱基-中壢,2023-08-01,9285
2891,中信金,113,50,63,凱基-中壢,2023-08-01,9285
00701,國泰股利精選30,55,1,54,凱基-中壢,2023-08-01,9285
00679B,元大美債20年,56,2,54,凱基-中壢,2023-08-01,9285
6231,系微,55,6,49,凱基-中壢,2023-08-01,9285
00650L,復華香港正2,49,7,42,凱基-中壢,2023-08-01,9285
2883B,凱基金乙特,40,0,40,凱基-中壢,2023-08-01,9285
00673R,期元大S＆P原油反1,39,0,39,凱基-中壢,2023-08-01,9285
3033,威健,39,2,37,凱基-中壢,2023-08-01,9285
1909,榮成,37,0,37,凱基-中壢,2023-08-01,9285
5388,中磊,65,31,34,凱基-中壢,2023-08-01,9285
3583,辛耘,39,6,33,凱基-中壢,2023-08-01,9285
6282,康舒,80,47,33,凱基-中壢,2023-08-01,9285
1513,中興電,46,14,32,凱基-中壢,2023-08-01,9285
1907,永豐餘,32,2,30,凱基-中壢,2023-08-01,9285
2023,燁輝,30,1,29,凱基-中壢,2023-08-01,9285
6218,豪勉,35,6,29,凱基-中壢,2023-08-01,9285
2401,凌陽,33,5,28,凱基-中壢,2023-08-01,9285
00882,中信中國高股息,29,2,27,凱基-中壢,2023-08-01,9285
2323,中環,26,0,26,凱基-中壢,2023-08-01,9285
00753L,中信中國50正2,47,21,26,凱基-中壢,2023-08-01,9285
3006,晶豪科,26,1,25,凱基-中壢,2023-08-01,9285
3105,穩懋,29,5,24,凱基-中壢,2023-08-01,9285
3029,零壹,29,6,23,凱基-中壢,2023-08-01,9285
2344,華邦電,51,29,22,凱基-中壢,2023-08-01,9285
3189,景碩,33,11,22,凱基-中壢,2023-08-01,9285
6275,元山,24,2,22,凱基-中壢,2023-08-01,9285
2352,佳世達,28,6,22,凱基-中壢,2023-08-01,9285
3715,定穎投控,24,4,20,凱基-中壢,2023-08-01,9285
020033,統一�琤肮黕篾,20,0,20,凱基-中壢,2023-08-01,9285
2611,志信,20,0,20,凱基-中壢,2023-08-01,9285
2201,裕隆,32,12,20,凱基-中壢,2023-08-01,9285
6026,福邦證,20,0,20,凱基-中壢,2023-08-01,9285
2002,中鋼,20,0,20,凱基-中壢,2023-08-01,9285
6770,力積電,20,1,19,凱基-中壢,2023-08-01,9285
2836,高雄銀,20,1,19,凱基-中壢,2023-08-01,9285
00633L,富邦上証正2,20,1,19,凱基-中壢,2023-08-01,9285
3706,神達,46,28,18,凱基-中壢,2023-08-01,9285
2495,普安,20,2,18,凱基-中壢,2023-08-01,9285
1519,華城,28,11,17,凱基-中壢,2023-08-01,9285
2634,漢翔,27,10,17,凱基-中壢,2023-08-01,9285
4919,新唐,25,8,17,凱基-中壢,2023-08-01,9285
1905,華紙,81,65,16,凱基-中壢,2023-08-01,9285
00650L,復華香港正2,531,10,521,凱基-中壢,2023-08-02,9285
00878,國泰永續高股息,580,226,354,凱基-中壢,2023-08-02,9285
00637L,元大滬深300正2,307,20,287,凱基-中壢,2023-08-02,9285
9945,潤泰新,282,0,282,凱基-中壢,2023-08-02,9285
00929,復華台灣科技優息,287,37,250,凱基-中壢,2023-08-02,9285
2402,毅嘉,253,63,190,凱基-中壢,2023-08-02,9285
1409,新纖,129,0,129,凱基-中壢,2023-08-02,9285
3231,緯創,179,72,107,凱基-中壢,2023-08-02,9285
00671R,富邦NASDAQ反1,100,0,100,凱基-中壢,2023-08-02,9285
2388,威盛,112,13,99,凱基-中壢,2023-08-02,9285
00923,群益台ESG低碳50,98,0,98,凱基-中壢,2023-08-02,9285
6282,康舒,126,30,96,凱基-中壢,2023-08-02,9285
2312,金寶,101,7,94,凱基-中壢,2023-08-02,9285
1605,華新,194,120,74,凱基-中壢,2023-08-02,9285
1905,華紙,310,237,73,凱基-中壢,2023-08-02,9285
3481,群創,105,35,70,凱基-中壢,2023-08-02,9285
5880,合庫金,73,9,64,凱基-中壢,2023-08-02,9285
00679B,元大美債20年,72,10,62,凱基-中壢,2023-08-02,9285
00665L,富邦�琤肭磪囓�2,56,0,56,凱基-中壢,2023-08-02,9285
2002,中鋼,60,4,56,凱基-中壢,2023-08-02,9285
6125,廣運,77,22,55,凱基-中壢,2023-08-02,9285
00688L,國泰20年美債正2,50,0,50,凱基-中壢,2023-08-02,9285
00900,富邦特選高股息30,50,9,41,凱基-中壢,2023-08-02,9285
6120,達運,40,1,39,凱基-中壢,2023-08-02,9285
2301,光寶科,60,22,38,凱基-中壢,2023-08-02,9285
3078,僑威,42,6,36,凱基-中壢,2023-08-02,9285
3056,富華新,46,11,35,凱基-中壢,2023-08-02,9285
3055,蔚華科,35,0,35,凱基-中壢,2023-08-02,9285
3587,閎康,34,0,34,凱基-中壢,2023-08-02,9285
2023,燁輝,63,30,33,凱基-中壢,2023-08-02,9285
3715,定穎投控,39,6,33,凱基-中壢,2023-08-02,9285
2883,凱基金,35,2,33,凱基-中壢,2023-08-02,9285
00927,群益半導體收益,31,0,31,凱基-中壢,2023-08-02,9285
3706,神達,43,12,31,凱基-中壢,2023-08-02,9285
2317,鴻海,34,3,31,凱基-中壢,2023-08-02,9285
2382,廣達,181,152,29,凱基-中壢,2023-08-02,9285
00753L,中信中國50正2,31,2,29,凱基-中壢,2023-08-02,9285
2329,華泰,48,19,29,凱基-中壢,2023-08-02,9285
5340,建榮,32,3,29,凱基-中壢,2023-08-02,9285
00631L,元大台灣50正2,29,0,29,凱基-中壢,2023-08-02,9285
00896,中信綠能及電動車,27,0,27,凱基-中壢,2023-08-02,9285
00664R,國泰臺灣加權反1,35,8,27,凱基-中壢,2023-08-02,9285
2022,聚亨,26,1,25,凱基-中壢,2023-08-02,9285
3033,威健,26,1,25,凱基-中壢,2023-08-02,9285
00772B,中信高評級公司債,24,0,24,凱基-中壢,2023-08-02,9285
1608,華榮,33,9,24,凱基-中壢,2023-08-02,9285
00713,元大台灣高息低波,26,5,21,凱基-中壢,2023-08-02,9285
00919,群益台灣精選高息,27,7,20,凱基-中壢,2023-08-02,9285
8049,晶采,20,0,20,凱基-中壢,2023-08-02,9285
4916,事欣科,21,1,20,凱基-中壢,2023-08-02,9285
00650L,復華香港正2,818,15,803,凱基-中壢,2023-08-04,9285
00673R,期元大S＆P原油反1,552,30,522,凱基-中壢,2023-08-04,9285
0056,元大高股息,334,34,300,凱基-中壢,2023-08-04,9285
00929,復華台灣科技優息,280,3,277,凱基-中壢,2023-08-04,9285
00878,國泰永續高股息,503,232,271,凱基-中壢,2023-08-04,9285
00680L,元大美債20正2,172,5,167,凱基-中壢,2023-08-04,9285
00679B,元大美債20年,137,1,136,凱基-中壢,2023-08-04,9285
2344,華邦電,147,17,130,凱基-中壢,2023-08-04,9285
00688L,國泰20年美債正2,92,0,92,凱基-中壢,2023-08-04,9285
2891,中信金,97,6,91,凱基-中壢,2023-08-04,9285
2888,新光金,94,3,91,凱基-中壢,2023-08-04,9285
00687B,國泰20年美債,76,2,74,凱基-中壢,2023-08-04,9285
2303,聯電,78,10,68,凱基-中壢,2023-08-04,9285
1609,大亞,116,50,66,凱基-中壢,2023-08-04,9285
2353,宏��,72,13,59,凱基-中壢,2023-08-04,9285
3231,緯創,206,148,58,凱基-中壢,2023-08-04,9285
1605,華新,80,25,55,凱基-中壢,2023-08-04,9285
2913,農林,184,131,53,凱基-中壢,2023-08-04,9285
00772B,中信高評級公司債,50,0,50,凱基-中壢,2023-08-04,9285
8215,明基材,62,14,48,凱基-中壢,2023-08-04,9285
00632R,元大台灣50反1,180,134,46,凱基-中壢,2023-08-04,9285
2356,英業達,143,100,43,凱基-中壢,2023-08-04,9285
2104,國際中橡,58,16,42,凱基-中壢,2023-08-04,9285
00923,群益台ESG低碳50,41,4,37,凱基-中壢,2023-08-04,9285
1210,大成,35,0,35,凱基-中壢,2023-08-04,9285
00857B,永豐20年美公債,34,0,34,凱基-中壢,2023-08-04,9285
00920,富邦ESG綠色電力,32,0,32,凱基-中壢,2023-08-04,9285
2206,三陽工業,35,4,31,凱基-中壢,2023-08-04,9285
1216,統一,28,0,28,凱基-中壢,2023-08-04,9285
6443,元晶,29,1,28,凱基-中壢,2023-08-04,9285
2498,宏達電,32,5,27,凱基-中壢,2023-08-04,9285
1727,中華化,26,1,25,凱基-中壢,2023-08-04,9285
00720B,元大投資級公司債,96,71,25,凱基-中壢,2023-08-04,9285
1432,大魯閣,24,0,24,凱基-中壢,2023-08-04,9285
2881,富邦金,25,1,24,凱基-中壢,2023-08-04,9285
2515,中工,25,2,23,凱基-中壢,2023-08-04,9285
00930,永豐ESG低碳高息,23,0,23,凱基-中壢,2023-08-04,9285
1304,台聚,23,0,23,凱基-中壢,2023-08-04,9285
00633L,富邦上証正2,24,3,21,凱基-中壢,2023-08-04,9285
00927,群益半導體收益,20,0,20,凱基-中壢,2023-08-04,9285
2610,華航,31,11,20,凱基-中壢,2023-08-04,9285
00753L,中信中國50正2,20,0,20,凱基-中壢,2023-08-04,9285
6125,廣運,33,14,19,凱基-中壢,2023-08-04,9285
00899,FT潔淨能源,30,11,19,凱基-中壢,2023-08-04,9285
2330,台積電,20,2,18,凱基-中壢,2023-08-04,9285
6457,紘康,17,0,17,凱基-中壢,2023-08-04,9285
2368,金像電,40,24,16,凱基-中壢,2023-08-04,9285
00696B,富邦美債20年,16,0,16,凱基-中壢,2023-08-04,9285
00751B,元大AAA至A公司債,15,0,15,凱基-中壢,2023-08-04,9285
1584,精剛,15,0,15,凱基-中壢,2023-08-04,9285
2880,華南金,812,0,812,凱基-中壢,2023-08-07,9285
00637L,元大滬深300正2,717,0,717,凱基-中壢,2023-08-07,9285
00650L,復華香港正2,317,15,302,凱基-中壢,2023-08-07,9285
00878,國泰永續高股息,354,125,229,凱基-中壢,2023-08-07,9285
00929,復華台灣科技優息,200,7,193,凱基-中壢,2023-08-07,9285
2352,佳世達,204,31,173,凱基-中壢,2023-08-07,9285
2317,鴻海,142,10,132,凱基-中壢,2023-08-07,9285
2891,中信金,99,22,77,凱基-中壢,2023-08-07,9285
2498,宏達電,94,23,71,凱基-中壢,2023-08-07,9285
00931B,統一美債20年,103,35,68,凱基-中壢,2023-08-07,9285
1905,華紙,107,39,68,凱基-中壢,2023-08-07,9285
3617,碩天,62,0,62,凱基-中壢,2023-08-07,9285
1409,新纖,60,0,60,凱基-中壢,2023-08-07,9285
2409,友達,70,13,57,凱基-中壢,2023-08-07,9285
2888,新光金,63,13,50,凱基-中壢,2023-08-07,9285
00900,富邦特選高股息30,60,11,49,凱基-中壢,2023-08-07,9285
2618,長榮航,58,16,42,凱基-中壢,2023-08-07,9285
00881,國泰台灣5G+,43,3,40,凱基-中壢,2023-08-07,9285
3024,憶聲,41,1,40,凱基-中壢,2023-08-07,9285
2610,華航,63,24,39,凱基-中壢,2023-08-07,9285
3689,湧德,37,6,31,凱基-中壢,2023-08-07,9285
00688L,國泰20年美債正2,31,0,31,凱基-中壢,2023-08-07,9285
6196,帆宣,30,4,26,凱基-中壢,2023-08-07,9285
2206,三陽工業,29,4,25,凱基-中壢,2023-08-07,9285
6275,元山,27,2,25,凱基-中壢,2023-08-07,9285
2884,玉山金,27,3,24,凱基-中壢,2023-08-07,9285
2023,燁輝,26,2,24,凱基-中壢,2023-08-07,9285
1513,中興電,66,43,23,凱基-中壢,2023-08-07,9285
00720B,元大投資級公司債,25,2,23,凱基-中壢,2023-08-07,9285
2104,國際中橡,28,6,22,凱基-中壢,2023-08-07,9285
00679B,元大美債20年,34,13,21,凱基-中壢,2023-08-07,9285
3044,健鼎,29,8,21,凱基-中壢,2023-08-07,9285
00923,群益台ESG低碳50,20,0,20,凱基-中壢,2023-08-07,9285
2359,所羅門,21,1,20,凱基-中壢,2023-08-07,9285
5439,高技,21,1,20,凱基-中壢,2023-08-07,9285
2324,仁寶,31,12,19,凱基-中壢,2023-08-07,9285
6125,廣運,35,16,19,凱基-中壢,2023-08-07,9285
6274,台燿,37,18,19,凱基-中壢,2023-08-07,9285
2303,聯電,23,5,18,凱基-中壢,2023-08-07,9285
2344,華邦電,37,19,18,凱基-中壢,2023-08-07,9285
4938,和碩,22,4,18,凱基-中壢,2023-08-07,9285
2913,農林,243,226,17,凱基-中壢,2023-08-07,9285
2458,義隆,20,4,16,凱基-中壢,2023-08-07,9285
00907,永豐優息存股,16,0,16,凱基-中壢,2023-08-07,9285
00680L,元大美債20正2,16,0,16,凱基-中壢,2023-08-07,9285
6231,系微,16,1,15,凱基-中壢,2023-08-07,9285
4157,太景*-KY,15,0,15,凱基-中壢,2023-08-07,9285
3532,台勝科,15,1,14,凱基-中壢,2023-08-07,9285
6016,康和證,16,2,14,凱基-中壢,2023-08-07,9285
6158,禾昌,14,0,14,凱基-中壢,2023-08-07,9285
00650L,復華香港正2,575,76,499,凱基-中壢,2023-08-08,9285
00929,復華台灣科技優息,201,0,201,凱基-中壢,2023-08-08,9285
00885,富邦越南,372,189,183,凱基-中壢,2023-08-08,9285
2913,農林,290,117,173,凱基-中壢,2023-08-08,9285
3231,緯創,343,172,171,凱基-中壢,2023-08-08,9285
00900,富邦特選高股息30,155,3,152,凱基-中壢,2023-08-08,9285
2356,英業達,209,114,95,凱基-中壢,2023-08-08,9285
2618,長榮航,117,39,78,凱基-中壢,2023-08-08,9285
00665L,富邦�琤肭磪囓�2,84,10,74,凱基-中壢,2023-08-08,9285
00931B,統一美債20年,71,0,71,凱基-中壢,2023-08-08,9285
6596,寬宏藝術,66,1,65,凱基-中壢,2023-08-08,9285
00923,群益台ESG低碳50,62,0,62,凱基-中壢,2023-08-08,9285
00753L,中信中國50正2,63,1,62,凱基-中壢,2023-08-08,9285
00671R,富邦NASDAQ反1,60,0,60,凱基-中壢,2023-08-08,9285
00878,國泰永續高股息,162,107,55,凱基-中壢,2023-08-08,9285
4126,太醫,63,12,51,凱基-中壢,2023-08-08,9285
2312,金寶,51,0,51,凱基-中壢,2023-08-08,9285
2301,光寶科,81,36,45,凱基-中壢,2023-08-08,9285
00632R,元大台灣50反1,185,140,45,凱基-中壢,2023-08-08,9285
3257,虹冠電,45,1,44,凱基-中壢,2023-08-08,9285
3163,波若威,142,103,39,凱基-中壢,2023-08-08,9285
00927,群益半導體收益,37,0,37,凱基-中壢,2023-08-08,9285
2610,華航,133,98,35,凱基-中壢,2023-08-08,9285
2801,彰銀,35,0,35,凱基-中壢,2023-08-08,9285
6770,力積電,32,1,31,凱基-中壢,2023-08-08,9285
3037,欣興,52,21,31,凱基-中壢,2023-08-08,9285
2481,強茂,28,2,26,凱基-中壢,2023-08-08,9285
00679B,元大美債20年,27,1,26,凱基-中壢,2023-08-08,9285
2890,永豐金,25,0,25,凱基-中壢,2023-08-08,9285
2303,聯電,51,27,24,凱基-中壢,2023-08-08,9285
00795B,中信美國公債20年,23,0,23,凱基-中壢,2023-08-08,9285
3706,神達,88,66,22,凱基-中壢,2023-08-08,9285
2323,中環,22,0,22,凱基-中壢,2023-08-08,9285
3346,麗清,32,10,22,凱基-中壢,2023-08-08,9285
3491,昇達科,21,0,21,凱基-中壢,2023-08-08,9285
2329,華泰,33,13,20,凱基-中壢,2023-08-08,9285
2887,台新金,24,4,20,凱基-中壢,2023-08-08,9285
2002,中鋼,28,8,20,凱基-中壢,2023-08-08,9285
4906,正文,21,1,20,凱基-中壢,2023-08-08,9285
3617,碩天,25,5,20,凱基-中壢,2023-08-08,9285
3466,德晉,20,0,20,凱基-中壢,2023-08-08,9285
1905,華紙,26,7,19,凱基-中壢,2023-08-08,9285
2211,長榮鋼,21,2,19,凱基-中壢,2023-08-08,9285
9945,潤泰新,20,1,19,凱基-中壢,2023-08-08,9285
2382,廣達,164,146,18,凱基-中壢,2023-08-08,9285
2891,中信金,18,2,16,凱基-中壢,2023-08-08,9285
00888,永豐台灣ESG,15,0,15,凱基-中壢,2023-08-08,9285
6282,康舒,26,11,15,凱基-中壢,2023-08-08,9285
1303,南亞,15,0,15,凱基-中壢,2023-08-08,9285
4916,事欣科,17,2,15,凱基-中壢,2023-08-08,9285
00878,國泰永續高股息,431,77,354,凱基-中壢,2023-08-09,9285
00650L,復華香港正2,239,6,233,凱基-中壢,2023-08-09,9285
00931B,統一美債20年,116,0,116,凱基-中壢,2023-08-09,9285
2880,華南金,93,0,93,凱基-中壢,2023-08-09,9285
4126,太醫,93,0,93,凱基-中壢,2023-08-09,9285
00715L,期街口布蘭特正2,80,0,80,凱基-中壢,2023-08-09,9285
00900,富邦特選高股息30,109,35,74,凱基-中壢,2023-08-09,9285
00929,復華台灣科技優息,67,0,67,凱基-中壢,2023-08-09,9285
00919,群益台灣精選高息,66,2,64,凱基-中壢,2023-08-09,9285
5880,合庫金,62,0,62,凱基-中壢,2023-08-09,9285
6125,廣運,99,48,51,凱基-中壢,2023-08-09,9285
3038,全台,59,8,51,凱基-中壢,2023-08-09,9285
00882,中信中國高股息,56,6,50,凱基-中壢,2023-08-09,9285
3231,緯創,256,209,47,凱基-中壢,2023-08-09,9285
2890,永豐金,47,0,47,凱基-中壢,2023-08-09,9285
2344,華邦電,47,2,45,凱基-中壢,2023-08-09,9285
2884,玉山金,46,2,44,凱基-中壢,2023-08-09,9285
2371,大同,76,33,43,凱基-中壢,2023-08-09,9285
1313,聯成,50,7,43,凱基-中壢,2023-08-09,9285
00885,富邦越南,47,5,42,凱基-中壢,2023-08-09,9285
6185,幃翔,43,1,42,凱基-中壢,2023-08-09,9285
2002,中鋼,62,21,41,凱基-中壢,2023-08-09,9285
6596,寬宏藝術,41,1,40,凱基-中壢,2023-08-09,9285
2329,華泰,43,5,38,凱基-中壢,2023-08-09,9285
2618,長榮航,214,176,38,凱基-中壢,2023-08-09,9285
1303,南亞,37,1,36,凱基-中壢,2023-08-09,9285
00923,群益台ESG低碳50,35,0,35,凱基-中壢,2023-08-09,9285
4105,東洋,34,0,34,凱基-中壢,2023-08-09,9285
4961,天鈺,33,0,33,凱基-中壢,2023-08-09,9285
2382,廣達,104,79,25,凱基-中壢,2023-08-09,9285
3033,威健,22,0,22,凱基-中壢,2023-08-09,9285
2363,矽統,86,65,21,凱基-中壢,2023-08-09,9285
6188,廣明,30,10,20,凱基-中壢,2023-08-09,9285
1905,華紙,27,7,20,凱基-中壢,2023-08-09,9285
00665L,富邦�琤肭磪囓�2,20,0,20,凱基-中壢,2023-08-09,9285
2515,中工,20,0,20,凱基-中壢,2023-08-09,9285
2102,泰豐,20,0,20,凱基-中壢,2023-08-09,9285
00688L,國泰20年美債正2,20,0,20,凱基-中壢,2023-08-09,9285
00680L,元大美債20正2,25,5,20,凱基-中壢,2023-08-09,9285
1217,愛之味,22,2,20,凱基-中壢,2023-08-09,9285
3163,波若威,77,59,18,凱基-中壢,2023-08-09,9285
6203,海韻電,24,6,18,凱基-中壢,2023-08-09,9285
6122,擎邦,21,3,18,凱基-中壢,2023-08-09,9285
3260,威剛,23,6,17,凱基-中壢,2023-08-09,9285
3706,神達,50,33,17,凱基-中壢,2023-08-09,9285
2201,裕隆,22,5,17,凱基-中壢,2023-08-09,9285
2409,友達,19,3,16,凱基-中壢,2023-08-09,9285
4763,材料-KY,42,26,16,凱基-中壢,2023-08-09,9285
1605,華新,17,1,16,凱基-中壢,2023-08-09,9285
00712,復華富時不動產,17,1,16,凱基-中壢,2023-08-09,9285
00929,復華台灣科技優息,321,1,320,凱基-中壢,2023-08-10,9285
2913,農林,338,53,285,凱基-中壢,2023-08-10,9285
00900,富邦特選高股息30,246,1,245,凱基-中壢,2023-08-10,9285
2516,新建,334,110,224,凱基-中壢,2023-08-10,9285
00878,國泰永續高股息,399,217,182,凱基-中壢,2023-08-10,9285
4126,太醫,163,6,157,凱基-中壢,2023-08-10,9285
2610,華航,132,42,90,凱基-中壢,2023-08-10,9285
2303,聯電,93,12,81,凱基-中壢,2023-08-10,9285
2002,中鋼,72,0,72,凱基-中壢,2023-08-10,9285
2886,兆豐金,69,0,69,凱基-中壢,2023-08-10,9285
2409,友達,85,22,63,凱基-中壢,2023-08-10,9285
3481,群創,85,26,59,凱基-中壢,2023-08-10,9285
3231,緯創,193,137,56,凱基-中壢,2023-08-10,9285
2892,第一金,56,5,51,凱基-中壢,2023-08-10,9285
00923,群益台ESG低碳50,51,0,51,凱基-中壢,2023-08-10,9285
6790,永豐實,50,0,50,凱基-中壢,2023-08-10,9285
00636,國泰中國A50,50,0,50,凱基-中壢,2023-08-10,9285
0056,元大高股息,81,31,50,凱基-中壢,2023-08-10,9285
2402,毅嘉,60,12,48,凱基-中壢,2023-08-10,9285
00664R,國泰臺灣加權反1,50,4,46,凱基-中壢,2023-08-10,9285
2353,宏��,46,1,45,凱基-中壢,2023-08-10,9285
2312,金寶,59,14,45,凱基-中壢,2023-08-10,9285
3257,虹冠電,43,1,42,凱基-中壢,2023-08-10,9285
1626,艾美特-KY,45,3,42,凱基-中壢,2023-08-10,9285
00673R,期元大S＆P原油反1,40,0,40,凱基-中壢,2023-08-10,9285
2324,仁寶,37,1,36,凱基-中壢,2023-08-10,9285
2344,華邦電,38,6,32,凱基-中壢,2023-08-10,9285
00633L,富邦上証正2,36,7,29,凱基-中壢,2023-08-10,9285
3038,全台,58,31,27,凱基-中壢,2023-08-10,9285
3017,奇鋐,32,6,26,凱基-中壢,2023-08-10,9285
2329,華泰,45,19,26,凱基-中壢,2023-08-10,9285
3617,碩天,96,70,26,凱基-中壢,2023-08-10,9285
3032,偉訓,27,3,24,凱基-中壢,2023-08-10,9285
00919,群益台灣精選高息,25,1,24,凱基-中壢,2023-08-10,9285
2376,技嘉,42,19,23,凱基-中壢,2023-08-10,9285
8105,凌巨,26,3,23,凱基-中壢,2023-08-10,9285
00706L,期元大S＆P日圓正2,22,0,22,凱基-中壢,2023-08-10,9285
6443,元晶,24,2,22,凱基-中壢,2023-08-10,9285
00931B,統一美債20年,20,0,20,凱基-中壢,2023-08-10,9285
1806,冠軍,20,0,20,凱基-中壢,2023-08-10,9285
1536,和大,20,0,20,凱基-中壢,2023-08-10,9285
6596,寬宏藝術,20,0,20,凱基-中壢,2023-08-10,9285
4162,智擎,21,2,19,凱基-中壢,2023-08-10,9285
00927,群益半導體收益,18,0,18,凱基-中壢,2023-08-10,9285
2206,三陽工業,32,14,18,凱基-中壢,2023-08-10,9285
00891,中信關鍵半導體,18,0,18,凱基-中壢,2023-08-10,9285
2313,華通,18,1,17,凱基-中壢,2023-08-10,9285
5880,合庫金,32,16,16,凱基-中壢,2023-08-10,9285
1101,台泥,16,0,16,凱基-中壢,2023-08-10,9285
1809,中釉,15,0,15,凱基-中壢,2023-08-10,9285
00673R,期元大S＆P原油反1,223,0,223,凱基-中壢,2023-08-11,9285
2883,凱基金,204,6,198,凱基-中壢,2023-08-11,9285
00931B,統一美債20年,108,0,108,凱基-中壢,2023-08-11,9285
3163,波若威,117,12,105,凱基-中壢,2023-08-11,9285
00929,復華台灣科技優息,97,0,97,凱基-中壢,2023-08-11,9285
2892,第一金,85,0,85,凱基-中壢,2023-08-11,9285
00900,富邦特選高股息30,84,0,84,凱基-中壢,2023-08-11,9285
00679B,元大美債20年,83,0,83,凱基-中壢,2023-08-11,9285
00772B,中信高評級公司債,65,0,65,凱基-中壢,2023-08-11,9285
6596,寬宏藝術,73,12,61,凱基-中壢,2023-08-11,9285
00878,國泰永續高股息,82,30,52,凱基-中壢,2023-08-11,9285
2002,中鋼,42,4,38,凱基-中壢,2023-08-11,9285
6274,台燿,55,18,37,凱基-中壢,2023-08-11,9285
00923,群益台ESG低碳50,41,4,37,凱基-中壢,2023-08-11,9285
5880,合庫金,39,3,36,凱基-中壢,2023-08-11,9285
6538,倉和,35,4,31,凱基-中壢,2023-08-11,9285
00795B,中信美國公債20年,30,0,30,凱基-中壢,2023-08-11,9285
2387,精元,31,1,30,凱基-中壢,2023-08-11,9285
00751B,元大AAA至A公司債,28,0,28,凱基-中壢,2023-08-11,9285
00882,中信中國高股息,28,0,28,凱基-中壢,2023-08-11,9285
3206,志豐,29,2,27,凱基-中壢,2023-08-11,9285
00632R,元大台灣50反1,65,41,24,凱基-中壢,2023-08-11,9285
6266,泰詠,25,2,23,凱基-中壢,2023-08-11,9285
00687B,國泰20年美債,21,0,21,凱基-中壢,2023-08-11,9285
2204,中華,23,2,21,凱基-中壢,2023-08-11,9285
6190,萬泰科,20,0,20,凱基-中壢,2023-08-11,9285
2867,三商壽,20,0,20,凱基-中壢,2023-08-11,9285
2801,彰銀,19,0,19,凱基-中壢,2023-08-11,9285
0056,元大高股息,47,29,18,凱基-中壢,2023-08-11,9285
2609,陽明,27,9,18,凱基-中壢,2023-08-11,9285
2323,中環,18,0,18,凱基-中壢,2023-08-11,9285
2201,裕隆,17,1,16,凱基-中壢,2023-08-11,9285
2888,新光金,16,0,16,凱基-中壢,2023-08-11,9285
2440,太空梭,20,4,16,凱基-中壢,2023-08-11,9285
00680L,元大美債20正2,16,0,16,凱基-中壢,2023-08-11,9285
3056,富華新,20,4,16,凱基-中壢,2023-08-11,9285
00888,永豐台灣ESG,16,0,16,凱基-中壢,2023-08-11,9285
2890,永豐金,15,0,15,凱基-中壢,2023-08-11,9285
2882,國泰金,22,8,14,凱基-中壢,2023-08-11,9285
2027,大成鋼,16,3,13,凱基-中壢,2023-08-11,9285
5439,高技,14,1,13,凱基-中壢,2023-08-11,9285
00907,永豐優息存股,13,0,13,凱基-中壢,2023-08-11,9285
8033,雷虎,12,0,12,凱基-中壢,2023-08-11,9285
1504,東元,23,11,12,凱基-中壢,2023-08-11,9285
1904,正隆,14,2,12,凱基-中壢,2023-08-11,9285
4906,正文,12,0,12,凱基-中壢,2023-08-11,9285
3024,憶聲,14,2,12,凱基-中壢,2023-08-11,9285
3037,欣興,14,2,12,凱基-中壢,2023-08-11,9285
4916,事欣科,14,3,11,凱基-中壢,2023-08-11,9285
2645,長榮航太,12,1,11,凱基-中壢,2023-08-11,9285
00929,復華台灣科技優息,467,2,465,凱基-中壢,2023-08-14,9285
00665L,富邦�琤肭磪囓�2,457,112,345,凱基-中壢,2023-08-14,9285
00878,國泰永續高股息,307,15,292,凱基-中壢,2023-08-14,9285
00650L,復華香港正2,280,43,237,凱基-中壢,2023-08-14,9285
00900,富邦特選高股息30,205,1,204,凱基-中壢,2023-08-14,9285
00673R,期元大S＆P原油反1,182,5,177,凱基-中壢,2023-08-14,9285
2014,中鴻,184,11,173,凱基-中壢,2023-08-14,9285
00885,富邦越南,225,76,149,凱基-中壢,2023-08-14,9285
2610,華航,132,12,120,凱基-中壢,2023-08-14,9285
00671R,富邦NASDAQ反1,100,0,100,凱基-中壢,2023-08-14,9285
00923,群益台ESG低碳50,96,3,93,凱基-中壢,2023-08-14,9285
2412,中華電,85,0,85,凱基-中壢,2023-08-14,9285
2891,中信金,86,4,82,凱基-中壢,2023-08-14,9285
00753L,中信中國50正2,79,6,73,凱基-中壢,2023-08-14,9285
4126,太醫,66,3,63,凱基-中壢,2023-08-14,9285
2882,國泰金,60,2,58,凱基-中壢,2023-08-14,9285
2402,毅嘉,62,9,53,凱基-中壢,2023-08-14,9285
2887,台新金,57,5,52,凱基-中壢,2023-08-14,9285
2834,臺企銀,54,2,52,凱基-中壢,2023-08-14,9285
2618,長榮航,100,48,52,凱基-中壢,2023-08-14,9285
2323,中環,73,23,50,凱基-中壢,2023-08-14,9285
2363,矽統,155,107,48,凱基-中壢,2023-08-14,9285
0050,元大台灣50,55,7,48,凱基-中壢,2023-08-14,9285
00931B,統一美債20年,48,0,48,凱基-中壢,2023-08-14,9285
2344,華邦電,55,9,46,凱基-中壢,2023-08-14,9285
2027,大成鋼,39,1,38,凱基-中壢,2023-08-14,9285
1303,南亞,36,1,35,凱基-中壢,2023-08-14,9285
1217,愛之味,50,16,34,凱基-中壢,2023-08-14,9285
3481,群創,40,8,32,凱基-中壢,2023-08-14,9285
2440,太空梭,32,0,32,凱基-中壢,2023-08-14,9285
00919,群益台灣精選高息,32,0,32,凱基-中壢,2023-08-14,9285
00888,永豐台灣ESG,29,0,29,凱基-中壢,2023-08-14,9285
5536,聖暉*,29,0,29,凱基-中壢,2023-08-14,9285
4906,正文,29,0,29,凱基-中壢,2023-08-14,9285
3231,緯創,124,95,29,凱基-中壢,2023-08-14,9285
4114,健喬,35,9,26,凱基-中壢,2023-08-14,9285
00751B,元大AAA至A公司債,24,0,24,凱基-中壢,2023-08-14,9285
00664R,國泰臺灣加權反1,30,6,24,凱基-中壢,2023-08-14,9285
00891,中信關鍵半導體,23,1,22,凱基-中壢,2023-08-14,9285
6770,力積電,33,11,22,凱基-中壢,2023-08-14,9285
2303,聯電,30,9,21,凱基-中壢,2023-08-14,9285
9105,泰金寶-DR,21,0,21,凱基-中壢,2023-08-14,9285
2884,玉山金,23,2,21,凱基-中壢,2023-08-14,9285
9945,潤泰新,25,5,20,凱基-中壢,2023-08-14,9285
00922,國泰台灣領袖50,20,0,20,凱基-中壢,2023-08-14,9285
5880,合庫金,29,10,19,凱基-中壢,2023-08-14,9285
2356,英業達,124,106,18,凱基-中壢,2023-08-14,9285
2892,第一金,33,15,18,凱基-中壢,2023-08-14,9285
2889,國票金,18,1,17,凱基-中壢,2023-08-14,9285
2002,中鋼,19,2,17,凱基-中壢,2023-08-14,9285
00923,群益台ESG低碳50,306,0,306,凱基-中壢,2023-08-15,9285
00929,復華台灣科技優息,222,12,210,凱基-中壢,2023-08-15,9285
00632R,元大台灣50反1,280,118,162,凱基-中壢,2023-08-15,9285
00878,國泰永續高股息,420,263,157,凱基-中壢,2023-08-15,9285
00931B,統一美債20年,117,0,117,凱基-中壢,2023-08-15,9285
00673R,期元大S＆P原油反1,210,110,100,凱基-中壢,2023-08-15,9285
2891,中信金,91,4,87,凱基-中壢,2023-08-15,9285
2317,鴻海,83,1,82,凱基-中壢,2023-08-15,9285
00900,富邦特選高股息30,77,5,72,凱基-中壢,2023-08-15,9285
2618,長榮航,81,22,59,凱基-中壢,2023-08-15,9285
00795B,中信美國公債20年,50,0,50,凱基-中壢,2023-08-15,9285
2883,凱基金,60,10,50,凱基-中壢,2023-08-15,9285
2353,宏��,73,29,44,凱基-中壢,2023-08-15,9285
020033,統一�琤肮黕篾,40,0,40,凱基-中壢,2023-08-15,9285
2014,中鴻,35,0,35,凱基-中壢,2023-08-15,9285
2892,第一金,34,0,34,凱基-中壢,2023-08-15,9285
00687B,國泰20年美債,34,0,34,凱基-中壢,2023-08-15,9285
00772B,中信高評級公司債,28,1,27,凱基-中壢,2023-08-15,9285
2884,玉山金,25,0,25,凱基-中壢,2023-08-15,9285
2324,仁寶,268,243,25,凱基-中壢,2023-08-15,9285
2002,中鋼,24,1,23,凱基-中壢,2023-08-15,9285
1303,南亞,23,1,22,凱基-中壢,2023-08-15,9285
2834,臺企銀,22,0,22,凱基-中壢,2023-08-15,9285
00751B,元大AAA至A公司債,26,5,21,凱基-中壢,2023-08-15,9285
2024,志聯,20,0,20,凱基-中壢,2023-08-15,9285
2329,華泰,26,7,19,凱基-中壢,2023-08-15,9285
2027,大成鋼,18,0,18,凱基-中壢,2023-08-15,9285
3702,大聯大,19,1,18,凱基-中壢,2023-08-15,9285
6438,迅得,18,0,18,凱基-中壢,2023-08-15,9285
5880,合庫金,19,1,18,凱基-中壢,2023-08-15,9285
1101,台泥,19,1,18,凱基-中壢,2023-08-15,9285
2356,英業達,86,69,17,凱基-中壢,2023-08-15,9285
00706L,期元大S＆P日圓正2,17,0,17,凱基-中壢,2023-08-15,9285
00679B,元大美債20年,18,2,16,凱基-中壢,2023-08-15,9285
3481,群創,21,6,15,凱基-中壢,2023-08-15,9285
00720B,元大投資級公司債,15,0,15,凱基-中壢,2023-08-15,9285
2887,台新金,18,3,15,凱基-中壢,2023-08-15,9285
00902,中信電池及儲能,13,0,13,凱基-中壢,2023-08-15,9285
1314,中石化,13,0,13,凱基-中壢,2023-08-15,9285
0050,元大台灣50,14,1,13,凱基-中壢,2023-08-15,9285
2880,華南金,12,0,12,凱基-中壢,2023-08-15,9285
6142,友勁,12,0,12,凱基-中壢,2023-08-15,9285
1471,首利,12,0,12,凱基-中壢,2023-08-15,9285
2204,中華,16,4,12,凱基-中壢,2023-08-15,9285
2455,全新,20,9,11,凱基-中壢,2023-08-15,9285
3056,富華新,18,7,11,凱基-中壢,2023-08-15,9285
3545,敦泰,11,0,11,凱基-中壢,2023-08-15,9285
2614,東森,11,0,11,凱基-中壢,2023-08-15,9285
3206,志豐,11,0,11,凱基-中壢,2023-08-15,9285
1616,億泰,11,0,11,凱基-中壢,2023-08-15,9285
00650L,復華香港正2,427,0,427,凱基-中壢,2023-08-16,9285
00673R,期元大S＆P原油反1,404,20,384,凱基-中壢,2023-08-16,9285
00929,復華台灣科技優息,208,11,197,凱基-中壢,2023-08-16,9285
00878,國泰永續高股息,251,59,192,凱基-中壢,2023-08-16,9285
00923,群益台ESG低碳50,115,12,103,凱基-中壢,2023-08-16,9285
2002,中鋼,95,2,93,凱基-中壢,2023-08-16,9285
2891,中信金,106,17,89,凱基-中壢,2023-08-16,9285
2883,凱基金,105,26,79,凱基-中壢,2023-08-16,9285
8299,群聯,73,0,73,凱基-中壢,2023-08-16,9285
00632R,元大台灣50反1,115,45,70,凱基-中壢,2023-08-16,9285
00712,復華富時不動產,81,11,70,凱基-中壢,2023-08-16,9285
2303,聯電,120,53,67,凱基-中壢,2023-08-16,9285
1314,中石化,58,2,56,凱基-中壢,2023-08-16,9285
2801,彰銀,54,2,52,凱基-中壢,2023-08-16,9285
00751B,元大AAA至A公司債,54,4,50,凱基-中壢,2023-08-16,9285
00900,富邦特選高股息30,56,7,49,凱基-中壢,2023-08-16,9285
2610,華航,66,22,44,凱基-中壢,2023-08-16,9285
00753L,中信中國50正2,42,0,42,凱基-中壢,2023-08-16,9285
1101,台泥,51,10,41,凱基-中壢,2023-08-16,9285
2884,玉山金,42,2,40,凱基-中壢,2023-08-16,9285
2363,矽統,92,57,35,凱基-中壢,2023-08-16,9285
2401,凌陽,41,9,32,凱基-中壢,2023-08-16,9285
2022,聚亨,38,6,32,凱基-中壢,2023-08-16,9285
4414,如興,32,1,31,凱基-中壢,2023-08-16,9285
9103,美德醫療-DR,30,0,30,凱基-中壢,2023-08-16,9285
2886,兆豐金,36,6,30,凱基-中壢,2023-08-16,9285
00931B,統一美債20年,32,4,28,凱基-中壢,2023-08-16,9285
2344,華邦電,31,3,28,凱基-中壢,2023-08-16,9285
1326,台化,27,0,27,凱基-中壢,2023-08-16,9285
2880,華南金,30,3,27,凱基-中壢,2023-08-16,9285
3481,群創,68,42,26,凱基-中壢,2023-08-16,9285
6418,詠昇,27,1,26,凱基-中壢,2023-08-16,9285
2881,富邦金,31,6,25,凱基-中壢,2023-08-16,9285
2409,友達,28,3,25,凱基-中壢,2023-08-16,9285
3163,波若威,56,31,25,凱基-中壢,2023-08-16,9285
00772B,中信高評級公司債,25,0,25,凱基-中壢,2023-08-16,9285
8210,勤誠,44,21,23,凱基-中壢,2023-08-16,9285
8358,金居,63,40,23,凱基-中壢,2023-08-16,9285
6148,驊宏資,20,0,20,凱基-中壢,2023-08-16,9285
00665L,富邦�琤肭磪囓�2,20,0,20,凱基-中壢,2023-08-16,9285
1471,首利,24,4,20,凱基-中壢,2023-08-16,9285
2025,千興,24,5,19,凱基-中壢,2023-08-16,9285
0050,元大台灣50,19,0,19,凱基-中壢,2023-08-16,9285
6282,康舒,27,9,18,凱基-中壢,2023-08-16,9285
6664,群翊,25,7,18,凱基-中壢,2023-08-16,9285
00679B,元大美債20年,21,3,18,凱基-中壢,2023-08-16,9285
8076,伍豐,17,0,17,凱基-中壢,2023-08-16,9285
2340,台亞,24,7,17,凱基-中壢,2023-08-16,9285
2014,中鴻,18,2,16,凱基-中壢,2023-08-16,9285
00687B,國泰20年美債,16,0,16,凱基-中壢,2023-08-16,9285
2329,華泰,172,32,140,凱基-中壢,2023-08-17,9285
00929,復華台灣科技優息,154,31,123,凱基-中壢,2023-08-17,9285
2891,中信金,114,5,109,凱基-中壢,2023-08-17,9285
3231,緯創,237,129,108,凱基-中壢,2023-08-17,9285
00720B,元大投資級公司債,96,0,96,凱基-中壢,2023-08-17,9285
00671R,富邦NASDAQ反1,106,10,96,凱基-中壢,2023-08-17,9285
2618,長榮航,88,9,79,凱基-中壢,2023-08-17,9285
2401,凌陽,100,38,62,凱基-中壢,2023-08-17,9285
00751B,元大AAA至A公司債,60,0,60,凱基-中壢,2023-08-17,9285
00637L,元大滬深300正2,61,1,60,凱基-中壢,2023-08-17,9285
2324,仁寶,274,215,59,凱基-中壢,2023-08-17,9285
2002,中鋼,64,9,55,凱基-中壢,2023-08-17,9285
00712,復華富時不動產,67,12,55,凱基-中壢,2023-08-17,9285
6026,福邦證,53,1,52,凱基-中壢,2023-08-17,9285
2344,華邦電,52,3,49,凱基-中壢,2023-08-17,9285
00679B,元大美債20年,48,11,37,凱基-中壢,2023-08-17,9285
2886,兆豐金,37,3,34,凱基-中壢,2023-08-17,9285
3056,富華新,41,7,34,凱基-中壢,2023-08-17,9285
00772B,中信高評級公司債,32,0,32,凱基-中壢,2023-08-17,9285
2880,華南金,31,0,31,凱基-中壢,2023-08-17,9285
1760,寶齡富錦,31,0,31,凱基-中壢,2023-08-17,9285
00753L,中信中國50正2,38,7,31,凱基-中壢,2023-08-17,9285
1580,新麥,30,0,30,凱基-中壢,2023-08-17,9285
9950,萬國通,30,0,30,凱基-中壢,2023-08-17,9285
00923,群益台ESG低碳50,32,5,27,凱基-中壢,2023-08-17,9285
4944,兆遠,26,0,26,凱基-中壢,2023-08-17,9285
9929,秋雨,25,0,25,凱基-中壢,2023-08-17,9285
2352,佳世達,37,13,24,凱基-中壢,2023-08-17,9285
00688L,國泰20年美債正2,23,0,23,凱基-中壢,2023-08-17,9285
00764B,群益25年美債,22,0,22,凱基-中壢,2023-08-17,9285
2884,玉山金,22,0,22,凱基-中壢,2023-08-17,9285
2014,中鴻,31,9,22,凱基-中壢,2023-08-17,9285
00680L,元大美債20正2,23,1,22,凱基-中壢,2023-08-17,9285
3013,晟銘電,43,22,21,凱基-中壢,2023-08-17,9285
2399,映泰,24,3,21,凱基-中壢,2023-08-17,9285
2438,翔耀,21,0,21,凱基-中壢,2023-08-17,9285
2881,富邦金,26,6,20,凱基-中壢,2023-08-17,9285
1471,首利,38,19,19,凱基-中壢,2023-08-17,9285
00687B,國泰20年美債,19,0,19,凱基-中壢,2023-08-17,9285
8050,廣積,48,30,18,凱基-中壢,2023-08-17,9285
1217,愛之味,21,3,18,凱基-中壢,2023-08-17,9285
4906,正文,18,1,17,凱基-中壢,2023-08-17,9285
3715,定穎投控,129,112,17,凱基-中壢,2023-08-17,9285
1313,聯成,17,0,17,凱基-中壢,2023-08-17,9285
6596,寬宏藝術,17,0,17,凱基-中壢,2023-08-17,9285
2801,彰銀,17,0,17,凱基-中壢,2023-08-17,9285
2412,中華電,16,0,16,凱基-中壢,2023-08-17,9285
2104,國際中橡,15,0,15,凱基-中壢,2023-08-17,9285
2543,皇昌,15,0,15,凱基-中壢,2023-08-17,9285
00931B,統一美債20年,17,3,14,凱基-中壢,2023-08-17,9285
00929,復華台灣科技優息,198,5,193,凱基-中壢,2023-08-18,9285
3231,緯創,299,111,188,凱基-中壢,2023-08-18,9285
3706,神達,140,45,95,凱基-中壢,2023-08-18,9285
2356,英業達,121,49,72,凱基-中壢,2023-08-18,9285
1760,寶齡富錦,67,0,67,凱基-中壢,2023-08-18,9285
3163,波若威,90,28,62,凱基-中壢,2023-08-18,9285
00637L,元大滬深300正2,54,0,54,凱基-中壢,2023-08-18,9285
00720B,元大投資級公司債,50,0,50,凱基-中壢,2023-08-18,9285
2355,敬鵬,56,10,46,凱基-中壢,2023-08-18,9285
00753L,中信中國50正2,42,0,42,凱基-中壢,2023-08-18,9285
2332,友訊,82,41,41,凱基-中壢,2023-08-18,9285
2610,華航,89,55,34,凱基-中壢,2023-08-18,9285
2461,光群雷,34,1,33,凱基-中壢,2023-08-18,9285
00923,群益台ESG低碳50,31,0,31,凱基-中壢,2023-08-18,9285
2303,聯電,47,16,31,凱基-中壢,2023-08-18,9285
2601,益航,39,10,29,凱基-中壢,2023-08-18,9285
2516,新建,28,0,28,凱基-中壢,2023-08-18,9285
2618,長榮航,74,47,27,凱基-中壢,2023-08-18,9285
2641,正德,26,1,25,凱基-中壢,2023-08-18,9285
00632R,元大台灣50反1,120,95,25,凱基-中壢,2023-08-18,9285
8916,光隆,24,0,24,凱基-中壢,2023-08-18,9285
2382,廣達,139,115,24,凱基-中壢,2023-08-18,9285
2301,光寶科,42,19,23,凱基-中壢,2023-08-18,9285
3056,富華新,32,9,23,凱基-中壢,2023-08-18,9285
2883,凱基金,27,5,22,凱基-中壢,2023-08-18,9285
2402,毅嘉,61,40,21,凱基-中壢,2023-08-18,9285
2317,鴻海,23,3,20,凱基-中壢,2023-08-18,9285
2206,三陽工業,20,0,20,凱基-中壢,2023-08-18,9285
2438,翔耀,19,0,19,凱基-中壢,2023-08-18,9285
00931B,統一美債20年,22,3,19,凱基-中壢,2023-08-18,9285
2812,台中銀,19,0,19,凱基-中壢,2023-08-18,9285
9103,美德醫療-DR,29,11,18,凱基-中壢,2023-08-18,9285
2880,華南金,17,0,17,凱基-中壢,2023-08-18,9285
2421,建準,101,84,17,凱基-中壢,2023-08-18,9285
1101,台泥,28,11,17,凱基-中壢,2023-08-18,9285
2313,華通,15,0,15,凱基-中壢,2023-08-18,9285
2312,金寶,15,0,15,凱基-中壢,2023-08-18,9285
3213,茂訊,15,0,15,凱基-中壢,2023-08-18,9285
3051,力特,24,9,15,凱基-中壢,2023-08-18,9285
1708,東鹼,30,15,15,凱基-中壢,2023-08-18,9285
00680L,元大美債20正2,14,0,14,凱基-中壢,2023-08-18,9285
00772B,中信高評級公司債,13,0,13,凱基-中壢,2023-08-18,9285
2308,台達電,15,2,13,凱基-中壢,2023-08-18,9285
6411,晶焱,13,0,13,凱基-中壢,2023-08-18,9285
6274,台燿,33,20,13,凱基-中壢,2023-08-18,9285
4906,正文,19,6,13,凱基-中壢,2023-08-18,9285
3035,智原,49,36,13,凱基-中壢,2023-08-18,9285
6285,啟��,16,4,12,凱基-中壢,2023-08-18,9285
2415,錩新,14,2,12,凱基-中壢,2023-08-18,9285
1229,聯華,12,0,12,凱基-中壢,2023-08-18,9285
00650L,復華香港正2,380,0,380,凱基-中壢,2023-08-21,9285
00632R,元大台灣50反1,380,10,370,凱基-中壢,2023-08-21,9285
00929,復華台灣科技優息,210,34,176,凱基-中壢,2023-08-21,9285
2618,長榮航,140,11,129,凱基-中壢,2023-08-21,9285
00712,復華富時不動產,143,35,108,凱基-中壢,2023-08-21,9285
00772B,中信高評級公司債,95,1,94,凱基-中壢,2023-08-21,9285
3306,鼎天,117,34,83,凱基-中壢,2023-08-21,9285
00878,國泰永續高股息,137,70,67,凱基-中壢,2023-08-21,9285
00673R,期元大S＆P原油反1,59,0,59,凱基-中壢,2023-08-21,9285
2382,廣達,96,40,56,凱基-中壢,2023-08-21,9285
2329,華泰,76,20,56,凱基-中壢,2023-08-21,9285
2317,鴻海,55,1,54,凱基-中壢,2023-08-21,9285
2883,凱基金,50,0,50,凱基-中壢,2023-08-21,9285
2303,聯電,70,26,44,凱基-中壢,2023-08-21,9285
00931B,統一美債20年,58,17,41,凱基-中壢,2023-08-21,9285
5498,凱崴,36,0,36,凱基-中壢,2023-08-21,9285
2603,長榮,35,1,34,凱基-中壢,2023-08-21,9285
00882,中信中國高股息,33,0,33,凱基-中壢,2023-08-21,9285
00633L,富邦上証正2,101,70,31,凱基-中壢,2023-08-21,9285
9950,萬國通,31,0,31,凱基-中壢,2023-08-21,9285
2606,裕民,38,8,30,凱基-中壢,2023-08-21,9285
00923,群益台ESG低碳50,34,4,30,凱基-中壢,2023-08-21,9285
3037,欣興,30,2,28,凱基-中壢,2023-08-21,9285
2324,仁寶,82,55,27,凱基-中壢,2023-08-21,9285
2605,新興,25,0,25,凱基-中壢,2023-08-21,9285
2886,兆豐金,25,1,24,凱基-中壢,2023-08-21,9285
2359,所羅門,26,3,23,凱基-中壢,2023-08-21,9285
2402,毅嘉,26,5,21,凱基-中壢,2023-08-21,9285
00665L,富邦�琤肭磪囓�2,121,100,21,凱基-中壢,2023-08-21,9285
2323,中環,21,0,21,凱基-中壢,2023-08-21,9285
00751B,元大AAA至A公司債,34,14,20,凱基-中壢,2023-08-21,9285
2412,中華電,20,0,20,凱基-中壢,2023-08-21,9285
6108,競國,23,3,20,凱基-中壢,2023-08-21,9285
00708L,期元大S＆P黃金正2,20,0,20,凱基-中壢,2023-08-21,9285
5608,四維航,69,52,17,凱基-中壢,2023-08-21,9285
00753L,中信中國50正2,17,0,17,凱基-中壢,2023-08-21,9285
00687B,國泰20年美債,18,1,17,凱基-中壢,2023-08-21,9285
1760,寶齡富錦,148,132,16,凱基-中壢,2023-08-21,9285
6005,群益證,15,0,15,凱基-中壢,2023-08-21,9285
2376,技嘉,16,1,15,凱基-中壢,2023-08-21,9285
1434,福懋,14,0,14,凱基-中壢,2023-08-21,9285
7402,邑錡,14,0,14,凱基-中壢,2023-08-21,9285
9904,寶成,13,0,13,凱基-中壢,2023-08-21,9285
2891,中信金,22,9,13,凱基-中壢,2023-08-21,9285
5469,瀚宇博,21,8,13,凱基-中壢,2023-08-21,9285
5284,jpp-KY,13,0,13,凱基-中壢,2023-08-21,9285
4126,太醫,12,0,12,凱基-中壢,2023-08-21,9285
1305,華夏,12,0,12,凱基-中壢,2023-08-21,9285
2610,華航,34,22,12,凱基-中壢,2023-08-21,9285
2609,陽明,29,18,11,凱基-中壢,2023-08-21,9285
00632R,元大台灣50反1,328,17,311,凱基-中壢,2023-08-22,9285
00673R,期元大S＆P原油反1,250,6,244,凱基-中壢,2023-08-22,9285
2363,矽統,236,91,145,凱基-中壢,2023-08-22,9285
00671R,富邦NASDAQ反1,123,6,117,凱基-中壢,2023-08-22,9285
3617,碩天,123,8,115,凱基-中壢,2023-08-22,9285
00637L,元大滬深300正2,78,0,78,凱基-中壢,2023-08-22,9285
3163,波若威,94,20,74,凱基-中壢,2023-08-22,9285
2332,友訊,125,59,66,凱基-中壢,2023-08-22,9285
2002,中鋼,68,7,61,凱基-中壢,2023-08-22,9285
00919,群益台灣精選高息,57,0,57,凱基-中壢,2023-08-22,9285
00712,復華富時不動產,61,4,57,凱基-中壢,2023-08-22,9285
00720B,元大投資級公司債,48,1,47,凱基-中壢,2023-08-22,9285
00633L,富邦上証正2,71,29,42,凱基-中壢,2023-08-22,9285
00929,復華台灣科技優息,65,24,41,凱基-中壢,2023-08-22,9285
3051,力特,69,34,35,凱基-中壢,2023-08-22,9285
2356,英業達,58,25,33,凱基-中壢,2023-08-22,9285
2421,建準,78,49,29,凱基-中壢,2023-08-22,9285
6116,彩晶,28,0,28,凱基-中壢,2023-08-22,9285
1101,台泥,29,2,27,凱基-中壢,2023-08-22,9285
3308,聯德,35,9,26,凱基-中壢,2023-08-22,9285
2891,中信金,26,0,26,凱基-中壢,2023-08-22,9285
2401,凌陽,47,22,25,凱基-中壢,2023-08-22,9285
2884,玉山金,25,0,25,凱基-中壢,2023-08-22,9285
2409,友達,24,0,24,凱基-中壢,2023-08-22,9285
2324,仁寶,74,52,22,凱基-中壢,2023-08-22,9285
3483,力致,47,26,21,凱基-中壢,2023-08-22,9285
2886,兆豐金,24,4,20,凱基-中壢,2023-08-22,9285
1513,中興電,25,5,20,凱基-中壢,2023-08-22,9285
3221,台嘉碩,20,0,20,凱基-中壢,2023-08-22,9285
6101,寬魚國際,20,0,20,凱基-中壢,2023-08-22,9285
1217,愛之味,24,4,20,凱基-中壢,2023-08-22,9285
00751B,元大AAA至A公司債,19,0,19,凱基-中壢,2023-08-22,9285
2402,毅嘉,27,10,17,凱基-中壢,2023-08-22,9285
00882,中信中國高股息,17,1,16,凱基-中壢,2023-08-22,9285
2615,萬海,16,0,16,凱基-中壢,2023-08-22,9285
00772B,中信高評級公司債,17,2,15,凱基-中壢,2023-08-22,9285
2303,聯電,20,5,15,凱基-中壢,2023-08-22,9285
9950,萬國通,15,0,15,凱基-中壢,2023-08-22,9285
2883,凱基金,16,1,15,凱基-中壢,2023-08-22,9285
2887,台新金,23,9,14,凱基-中壢,2023-08-22,9285
1326,台化,16,2,14,凱基-中壢,2023-08-22,9285
00655L,國泰中國A50正2,14,0,14,凱基-中壢,2023-08-22,9285
1519,華城,33,19,14,凱基-中壢,2023-08-22,9285
9951,皇田,13,0,13,凱基-中壢,2023-08-22,9285
3078,僑威,17,4,13,凱基-中壢,2023-08-22,9285
00830,國泰費城半導體,14,1,13,凱基-中壢,2023-08-22,9285
2495,普安,12,0,12,凱基-中壢,2023-08-22,9285
6275,元山,20,8,12,凱基-中壢,2023-08-22,9285
3356,奇偶,12,0,12,凱基-中壢,2023-08-22,9285
5426,振發,12,0,12,凱基-中壢,2023-08-22,9285
00632R,元大台灣50反1,250,0,250,凱基-中壢,2023-08-23,9285
00650L,復華香港正2,143,0,143,凱基-中壢,2023-08-23,9285
4906,正文,112,41,71,凱基-中壢,2023-08-23,9285
6167,久正,84,29,55,凱基-中壢,2023-08-23,9285
9950,萬國通,43,0,43,凱基-中壢,2023-08-23,9285
00712,復華富時不動產,42,0,42,凱基-中壢,2023-08-23,9285
2605,新興,58,19,39,凱基-中壢,2023-08-23,9285
3617,碩天,40,3,37,凱基-中壢,2023-08-23,9285
2002,中鋼,39,3,36,凱基-中壢,2023-08-23,9285
00929,復華台灣科技優息,49,14,35,凱基-中壢,2023-08-23,9285
2301,光寶科,61,27,34,凱基-中壢,2023-08-23,9285
3380,明泰,33,1,32,凱基-中壢,2023-08-23,9285
2324,仁寶,71,46,25,凱基-中壢,2023-08-23,9285
00671R,富邦NASDAQ反1,24,0,24,凱基-中壢,2023-08-23,9285
6693,廣閎科,25,1,24,凱基-中壢,2023-08-23,9285
3693,營邦,40,18,22,凱基-中壢,2023-08-23,9285
5371,中光電,44,21,23,凱基-中壢,2023-08-23,9285
2610,華航,38,16,22,凱基-中壢,2023-08-23,9285
6220,岳豐,22,0,22,凱基-中壢,2023-08-23,9285
00902,中信電池及儲能,21,0,21,凱基-中壢,2023-08-23,9285
3221,台嘉碩,21,0,21,凱基-中壢,2023-08-23,9285
00882,中信中國高股息,20,0,20,凱基-中壢,2023-08-23,9285
2630,亞航,24,4,20,凱基-中壢,2023-08-23,9285
2543,皇昌,17,0,17,凱基-中壢,2023-08-23,9285
6117,迎廣,68,51,17,凱基-中壢,2023-08-23,9285
1304,台聚,20,4,16,凱基-中壢,2023-08-23,9285
7402,邑錡,16,0,16,凱基-中壢,2023-08-23,9285
1519,華城,36,20,16,凱基-中壢,2023-08-23,9285
4533,協易機,15,1,14,凱基-中壢,2023-08-23,9285
2421,建準,35,21,14,凱基-中壢,2023-08-23,9285
00753L,中信中國50正2,13,0,13,凱基-中壢,2023-08-23,9285
00631L,元大台灣50正2,13,0,13,凱基-中壢,2023-08-23,9285
4916,事欣科,16,4,12,凱基-中壢,2023-08-23,9285
8050,廣積,28,16,12,凱基-中壢,2023-08-23,9285
2382,廣達,46,34,12,凱基-中壢,2023-08-23,9285
2887,台新金,11,0,11,凱基-中壢,2023-08-23,9285
2886,兆豐金,11,0,11,凱基-中壢,2023-08-23,9285
00680L,元大美債20正2,12,1,11,凱基-中壢,2023-08-23,9285
3048,益登,11,0,11,凱基-中壢,2023-08-23,9285
6515,穎崴,11,0,11,凱基-中壢,2023-08-23,9285
00706L,期元大S＆P日圓正2,10,0,10,凱基-中壢,2023-08-23,9285
1584,精剛,10,0,10,凱基-中壢,2023-08-23,9285
3622,洋華,14,4,10,凱基-中壢,2023-08-23,9285
2438,翔耀,10,0,10,凱基-中壢,2023-08-23,9285
3652,精聯,10,0,10,凱基-中壢,2023-08-23,9285
1802,台玻,11,1,10,凱基-中壢,2023-08-23,9285
1609,大亞,9,0,9,凱基-中壢,2023-08-23,9285
5439,高技,10,1,9,凱基-中壢,2023-08-23,9285
5608,四維航,10,1,9,凱基-中壢,2023-08-23,9285
5353,台林,9,0,9,凱基-中壢,2023-08-23,9285
00673R,期元大S＆P原油反1,145,7,138,凱基-中壢,2023-08-24,9285
3231,緯創,426,311,115,凱基-中壢,2023-08-24,9285
1905,華紙,109,16,93,凱基-中壢,2023-08-24,9285
00632R,元大台灣50反1,223,132,91,凱基-中壢,2023-08-24,9285
00919,群益台灣精選高息,89,2,87,凱基-中壢,2023-08-24,9285
2883,凱基金,87,1,86,凱基-中壢,2023-08-24,9285
2206,三陽工業,79,7,72,凱基-中壢,2023-08-24,9285
8101,華冠,65,0,65,凱基-中壢,2023-08-24,9285
9950,萬國通,61,0,61,凱基-中壢,2023-08-24,9285
1760,寶齡富錦,49,0,49,凱基-中壢,2023-08-24,9285
2356,英業達,129,86,43,凱基-中壢,2023-08-24,9285
4960,誠美材,45,2,43,凱基-中壢,2023-08-24,9285
2882,國泰金,44,1,43,凱基-中壢,2023-08-24,9285
5348,正能量智能,42,1,41,凱基-中壢,2023-08-24,9285
00929,復華台灣科技優息,59,19,40,凱基-中壢,2023-08-24,9285
00907,永豐優息存股,37,0,37,凱基-中壢,2023-08-24,9285
5009,榮剛,34,0,34,凱基-中壢,2023-08-24,9285
2002,中鋼,36,4,32,凱基-中壢,2023-08-24,9285
3038,全台,30,0,30,凱基-中壢,2023-08-24,9285
2421,建準,83,53,30,凱基-中壢,2023-08-24,9285
2324,仁寶,95,66,29,凱基-中壢,2023-08-24,9285
2399,映泰,31,6,25,凱基-中壢,2023-08-24,9285
1522,堤維西,28,4,24,凱基-中壢,2023-08-24,9285
6282,康舒,52,29,23,凱基-中壢,2023-08-24,9285
4543,萬在,28,5,23,凱基-中壢,2023-08-24,9285
9103,美德醫療-DR,22,0,22,凱基-中壢,2023-08-24,9285
2353,宏��,31,9,22,凱基-中壢,2023-08-24,9285
3035,智原,49,28,21,凱基-中壢,2023-08-24,9285
2615,萬海,21,1,20,凱基-中壢,2023-08-24,9285
2609,陽明,23,4,19,凱基-中壢,2023-08-24,9285
00830,國泰費城半導體,23,4,19,凱基-中壢,2023-08-24,9285
1802,台玻,19,0,19,凱基-中壢,2023-08-24,9285
1217,愛之味,18,1,17,凱基-中壢,2023-08-24,9285
2885,元大金,20,4,16,凱基-中壢,2023-08-24,9285
6261,久元,16,0,16,凱基-中壢,2023-08-24,9285
6139,亞翔,22,7,15,凱基-中壢,2023-08-24,9285
2449,京元電子,85,70,15,凱基-中壢,2023-08-24,9285
2880,華南金,23,8,15,凱基-中壢,2023-08-24,9285
2881,富邦金,15,1,14,凱基-中壢,2023-08-24,9285
6274,台燿,45,31,14,凱基-中壢,2023-08-24,9285
6411,晶焱,14,0,14,凱基-中壢,2023-08-24,9285
2419,仲琦,84,70,14,凱基-中壢,2023-08-24,9285
2363,矽統,336,322,14,凱基-中壢,2023-08-24,9285
00633L,富邦上証正2,13,0,13,凱基-中壢,2023-08-24,9285
6168,宏齊,29,16,13,凱基-中壢,2023-08-24,9285
6120,達運,17,4,13,凱基-中壢,2023-08-24,9285
3078,僑威,20,8,12,凱基-中壢,2023-08-24,9285
3702,大聯大,13,1,12,凱基-中壢,2023-08-24,9285
2369,菱生,12,0,12,凱基-中壢,2023-08-24,9285
4414,如興,12,0,12,凱基-中壢,2023-08-24,9285
00878,國泰永續高股息,549,2,547,凱基-中壢,2023-08-25,9285
2630,亞航,391,26,365,凱基-中壢,2023-08-25,9285
3231,緯創,422,58,364,凱基-中壢,2023-08-25,9285
00929,復華台灣科技優息,234,5,229,凱基-中壢,2023-08-25,9285
2382,廣達,140,44,96,凱基-中壢,2023-08-25,9285
3094,聯傑,86,12,74,凱基-中壢,2023-08-25,9285
00919,群益台灣精選高息,89,16,73,凱基-中壢,2023-08-25,9285
2356,英業達,110,46,64,凱基-中壢,2023-08-25,9285
2353,宏��,64,4,60,凱基-中壢,2023-08-25,9285
2344,華邦電,51,1,50,凱基-中壢,2023-08-25,9285
2409,友達,45,0,45,凱基-中壢,2023-08-25,9285
0056,元大高股息,56,16,40,凱基-中壢,2023-08-25,9285
00687B,國泰20年美債,40,0,40,凱基-中壢,2023-08-25,9285
2891,中信金,39,0,39,凱基-中壢,2023-08-25,9285
2002,中鋼,37,0,37,凱基-中壢,2023-08-25,9285
2329,華泰,67,33,34,凱基-中壢,2023-08-25,9285
00923,群益台ESG低碳50,36,2,34,凱基-中壢,2023-08-25,9285
00926,凱基全球菁英55,33,0,33,凱基-中壢,2023-08-25,9285
00633L,富邦上証正2,33,4,29,凱基-中壢,2023-08-25,9285
00916,國泰全球品牌50,28,0,28,凱基-中壢,2023-08-25,9285
6016,康和證,27,0,27,凱基-中壢,2023-08-25,9285
2888,新光金,32,7,25,凱基-中壢,2023-08-25,9285
5880,合庫金,24,0,24,凱基-中壢,2023-08-25,9285
2303,聯電,34,10,24,凱基-中壢,2023-08-25,9285
2330,台積電,28,5,23,凱基-中壢,2023-08-25,9285
3715,定穎投控,64,42,22,凱基-中壢,2023-08-25,9285
2634,漢翔,76,56,20,凱基-中壢,2023-08-25,9285
3105,穩懋,20,0,20,凱基-中壢,2023-08-25,9285
00900,富邦特選高股息30,25,5,20,凱基-中壢,2023-08-25,9285
1301,台塑,20,0,20,凱基-中壢,2023-08-25,9285
1503,士電,22,3,19,凱基-中壢,2023-08-25,9285
2516,新建,25,6,19,凱基-中壢,2023-08-25,9285
3037,欣興,52,33,19,凱基-中壢,2023-08-25,9285
00830,國泰費城半導體,17,0,17,凱基-中壢,2023-08-25,9285
2883,凱基金,18,1,17,凱基-中壢,2023-08-25,9285
2359,所羅門,20,3,17,凱基-中壢,2023-08-25,9285
6781,AES-KY,16,0,16,凱基-中壢,2023-08-25,9285
00753L,中信中國50正2,15,0,15,凱基-中壢,2023-08-25,9285
6596,寬宏藝術,15,0,15,凱基-中壢,2023-08-25,9285
2887,台新金,15,0,15,凱基-中壢,2023-08-25,9285
6168,宏齊,47,33,14,凱基-中壢,2023-08-25,9285
1514,亞力,14,1,13,凱基-中壢,2023-08-25,9285
0050,元大台灣50,14,1,13,凱基-中壢,2023-08-25,9285
2486,一詮,13,0,13,凱基-中壢,2023-08-25,9285
2025,千興,20,7,13,凱基-中壢,2023-08-25,9285
6538,倉和,20,7,13,凱基-中壢,2023-08-25,9285
6274,台燿,14,2,12,凱基-中壢,2023-08-25,9285
2301,光寶科,23,11,12,凱基-中壢,2023-08-25,9285
00907,永豐優息存股,12,0,12,凱基-中壢,2023-08-25,9285
8016,矽創,12,0,12,凱基-中壢,2023-08-25,9285
00929,復華台灣科技優息,219,17,202,凱基-中壢,2023-08-28,9285
00919,群益台灣精選高息,131,4,127,凱基-中壢,2023-08-28,9285
00650L,復華香港正2,190,65,125,凱基-中壢,2023-08-28,9285
2618,長榮航,133,58,75,凱基-中壢,2023-08-28,9285
9934,成霖,58,0,58,凱基-中壢,2023-08-28,9285
5381,合正,75,17,58,凱基-中壢,2023-08-28,9285
4906,正文,132,77,55,凱基-中壢,2023-08-28,9285
0056,元大高股息,58,7,51,凱基-中壢,2023-08-28,9285
00878,國泰永續高股息,105,56,49,凱基-中壢,2023-08-28,9285
3231,緯創,105,55,50,凱基-中壢,2023-08-28,9285
1737,臺鹽,64,18,46,凱基-中壢,2023-08-28,9285
00671R,富邦NASDAQ反1,70,24,46,凱基-中壢,2023-08-28,9285
6418,詠昇,52,6,46,凱基-中壢,2023-08-28,9285
2421,建準,68,28,40,凱基-中壢,2023-08-28,9285
2323,中環,51,11,40,凱基-中壢,2023-08-28,9285
2404,漢唐,36,4,32,凱基-中壢,2023-08-28,9285
00673R,期元大S＆P原油反1,36,5,31,凱基-中壢,2023-08-28,9285
4916,事欣科,47,18,29,凱基-中壢,2023-08-28,9285
2634,漢翔,69,40,29,凱基-中壢,2023-08-28,9285
1528,恩德,26,0,26,凱基-中壢,2023-08-28,9285
2485,兆赫,57,32,25,凱基-中壢,2023-08-28,9285
2888,新光金,26,2,24,凱基-中壢,2023-08-28,9285
2903,遠百,24,3,21,凱基-中壢,2023-08-28,9285
4503,金雨,20,0,20,凱基-中壢,2023-08-28,9285
2022,聚亨,27,8,19,凱基-中壢,2023-08-28,9285
8150,南茂,24,5,19,凱基-中壢,2023-08-28,9285
2615,萬海,22,3,19,凱基-中壢,2023-08-28,9285
2388,威盛,37,19,18,凱基-中壢,2023-08-28,9285
2645,長榮航太,22,4,18,凱基-中壢,2023-08-28,9285
00753L,中信中國50正2,18,1,17,凱基-中壢,2023-08-28,9285
8916,光隆,16,0,16,凱基-中壢,2023-08-28,9285
4763,材料-KY,37,21,16,凱基-中壢,2023-08-28,9285
6472,保瑞,15,0,15,凱基-中壢,2023-08-28,9285
6291,沛亨,16,1,15,凱基-中壢,2023-08-28,9285
1522,堤維西,16,1,15,凱基-中壢,2023-08-28,9285
2412,中華電,14,0,14,凱基-中壢,2023-08-28,9285
4526,東台,14,0,14,凱基-中壢,2023-08-28,9285
3325,旭品,14,0,14,凱基-中壢,2023-08-28,9285
6168,宏齊,15,1,14,凱基-中壢,2023-08-28,9285
5706,鳳凰,14,0,14,凱基-中壢,2023-08-28,9285
2801,彰銀,27,14,13,凱基-中壢,2023-08-28,9285
2402,毅嘉,24,11,13,凱基-中壢,2023-08-28,9285
2891,中信金,14,2,12,凱基-中壢,2023-08-28,9285
3011,今皓,31,19,12,凱基-中壢,2023-08-28,9285
6596,寬宏藝術,12,0,12,凱基-中壢,2023-08-28,9285
4414,如興,12,0,12,凱基-中壢,2023-08-28,9285
00665L,富邦�琤肭磪囓�2,12,0,12,凱基-中壢,2023-08-28,9285
4532,瑞智,12,0,12,凱基-中壢,2023-08-28,9285
2464,盟立,12,0,12,凱基-中壢,2023-08-28,9285
2409,友達,14,3,11,凱基-中壢,2023-08-28,9285
00637L,元大滬深300正2,221,6,215,凱基-中壢,2023-08-29,9285
2630,亞航,241,47,194,凱基-中壢,2023-08-29,9285
2402,毅嘉,174,52,122,凱基-中壢,2023-08-29,9285
00919,群益台灣精選高息,95,4,91,凱基-中壢,2023-08-29,9285
2317,鴻海,95,30,65,凱基-中壢,2023-08-29,9285
00885,富邦越南,64,3,61,凱基-中壢,2023-08-29,9285
00931B,統一美債20年,54,0,54,凱基-中壢,2023-08-29,9285
00929,復華台灣科技優息,73,30,43,凱基-中壢,2023-08-29,9285
2363,矽統,267,228,39,凱基-中壢,2023-08-29,9285
2303,聯電,63,26,37,凱基-中壢,2023-08-29,9285
1905,華紙,42,7,35,凱基-中壢,2023-08-29,9285
4130,健亞,29,0,29,凱基-中壢,2023-08-29,9285
6443,元晶,46,20,26,凱基-中壢,2023-08-29,9285
3308,聯德,41,16,25,凱基-中壢,2023-08-29,9285
2883,凱基金,25,0,25,凱基-中壢,2023-08-29,9285
3693,營邦,49,25,24,凱基-中壢,2023-08-29,9285
6188,廣明,25,1,24,凱基-中壢,2023-08-29,9285
2913,農林,39,19,20,凱基-中壢,2023-08-29,9285
9958,世紀鋼,24,4,20,凱基-中壢,2023-08-29,9285
1737,臺鹽,26,7,19,凱基-中壢,2023-08-29,9285
5880,合庫金,23,4,19,凱基-中壢,2023-08-29,9285
2485,兆赫,38,20,18,凱基-中壢,2023-08-29,9285
2312,金寶,17,0,17,凱基-中壢,2023-08-29,9285
2615,萬海,19,2,17,凱基-中壢,2023-08-29,9285
8016,矽創,17,1,16,凱基-中壢,2023-08-29,9285
6596,寬宏藝術,15,0,15,凱基-中壢,2023-08-29,9285
6274,台燿,20,5,15,凱基-中壢,2023-08-29,9285
2891,中信金,34,21,13,凱基-中壢,2023-08-29,9285
1314,中石化,13,0,13,凱基-中壢,2023-08-29,9285
6547,高端疫苗,13,2,11,凱基-中壢,2023-08-29,9285
0056,元大高股息,28,17,11,凱基-中壢,2023-08-29,9285
1471,首利,41,30,11,凱基-中壢,2023-08-29,9285
2881,富邦金,11,0,11,凱基-中壢,2023-08-29,9285
2421,建準,43,32,11,凱基-中壢,2023-08-29,9285
00633L,富邦上証正2,11,0,11,凱基-中壢,2023-08-29,9285
4934,太極,19,8,11,凱基-中壢,2023-08-29,9285
6781,AES-KY,11,0,11,凱基-中壢,2023-08-29,9285
2002,中鋼,14,3,11,凱基-中壢,2023-08-29,9285
2884,玉山金,10,0,10,凱基-中壢,2023-08-29,9285
3051,力特,28,18,10,凱基-中壢,2023-08-29,9285
2340,台亞,16,6,10,凱基-中壢,2023-08-29,9285
2413,環科,10,0,10,凱基-中壢,2023-08-29,9285
00673R,期元大S＆P原油反1,10,0,10,凱基-中壢,2023-08-29,9285
3694,海華,14,4,10,凱基-中壢,2023-08-29,9285
00657,國泰日經225,10,0,10,凱基-中壢,2023-08-29,9285
2409,友達,10,1,9,凱基-中壢,2023-08-29,9285
3481,群創,21,12,9,凱基-中壢,2023-08-29,9285
6770,力積電,9,0,9,凱基-中壢,2023-08-29,9285
00878,國泰永續高股息,25,16,9,凱基-中壢,2023-08-29,9285
3231,緯創,135,126,9,凱基-中壢,2023-08-29,9285
1760,寶齡富錦,204,1,203,凱基-中壢,2023-08-30,9285
00882,中信中國高股息,168,11,157,凱基-中壢,2023-08-30,9285
00671R,富邦NASDAQ反1,121,0,121,凱基-中壢,2023-08-30,9285
3617,碩天,110,11,99,凱基-中壢,2023-08-30,9285
00673R,期元大S＆P原油反1,183,84,99,凱基-中壢,2023-08-30,9285
2356,英業達,113,16,97,凱基-中壢,2023-08-30,9285
00688L,國泰20年美債正2,80,0,80,凱基-中壢,2023-08-30,9285
2618,長榮航,80,4,76,凱基-中壢,2023-08-30,9285
2883,凱基金,65,2,63,凱基-中壢,2023-08-30,9285
2610,華航,85,30,55,凱基-中壢,2023-08-30,9285
3011,今皓,62,10,52,凱基-中壢,2023-08-30,9285
00929,復華台灣科技優息,46,10,36,凱基-中壢,2023-08-30,9285
00931B,統一美債20年,62,28,34,凱基-中壢,2023-08-30,9285
2887,台新金,32,0,32,凱基-中壢,2023-08-30,9285
8916,光隆,31,0,31,凱基-中壢,2023-08-30,9285
2367,燿華,38,9,29,凱基-中壢,2023-08-30,9285
6116,彩晶,29,0,29,凱基-中壢,2023-08-30,9285
3481,群創,29,2,27,凱基-中壢,2023-08-30,9285
2409,友達,27,0,27,凱基-中壢,2023-08-30,9285
3308,聯德,89,65,24,凱基-中壢,2023-08-30,9285
5009,榮剛,23,0,23,凱基-中壢,2023-08-30,9285
2355,敬鵬,36,14,22,凱基-中壢,2023-08-30,9285
2903,遠百,30,8,22,凱基-中壢,2023-08-30,9285
00687B,國泰20年美債,21,0,21,凱基-中壢,2023-08-30,9285
9950,萬國通,20,0,20,凱基-中壢,2023-08-30,9285
1217,愛之味,19,0,19,凱基-中壢,2023-08-30,9285
00919,群益台灣精選高息,18,0,18,凱基-中壢,2023-08-30,9285
2888,新光金,18,0,18,凱基-中壢,2023-08-30,9285
2324,仁寶,35,18,17,凱基-中壢,2023-08-30,9285
5608,四維航,19,2,17,凱基-中壢,2023-08-30,9285
3045,台灣大,16,0,16,凱基-中壢,2023-08-30,9285
2316,楠梓電,16,0,16,凱基-中壢,2023-08-30,9285
2399,映泰,18,3,15,凱基-中壢,2023-08-30,9285
2801,彰銀,14,0,14,凱基-中壢,2023-08-30,9285
6191,精成科,15,1,14,凱基-中壢,2023-08-30,9285
3706,神達,20,7,13,凱基-中壢,2023-08-30,9285
5469,瀚宇博,16,3,13,凱基-中壢,2023-08-30,9285
2449,京元電子,33,21,12,凱基-中壢,2023-08-30,9285
2734,易飛網,11,0,11,凱基-中壢,2023-08-30,9285
3289,宜特,15,4,11,凱基-中壢,2023-08-30,9285
8093,保銳,11,0,11,凱基-中壢,2023-08-30,9285
1326,台化,12,1,11,凱基-中壢,2023-08-30,9285
2374,佳能,10,0,10,凱基-中壢,2023-08-30,9285
4414,如興,10,0,10,凱基-中壢,2023-08-30,9285
6418,詠昇,11,1,10,凱基-中壢,2023-08-30,9285
2331,精英,39,30,9,凱基-中壢,2023-08-30,9285
6411,晶焱,9,0,9,凱基-中壢,2023-08-30,9285
4909,新復興,11,2,9,凱基-中壢,2023-08-30,9285
2301,光寶科,21,12,9,凱基-中壢,2023-08-30,9285
3221,台嘉碩,9,1,8,凱基-中壢,2023-08-30,9285
00632R,元大台灣50反1,400,4,396,凱基-中壢,2023-08-31,9285
2337,旺宏,277,94,183,凱基-中壢,2023-08-31,9285
2317,鴻海,156,15,141,凱基-中壢,2023-08-31,9285
2401,凌陽,125,4,121,凱基-中壢,2023-08-31,9285
2888,新光金,112,3,109,凱基-中壢,2023-08-31,9285
00929,復華台灣科技優息,90,13,77,凱基-中壢,2023-08-31,9285
2303,聯電,99,24,75,凱基-中壢,2023-08-31,9285
3011,今皓,142,76,66,凱基-中壢,2023-08-31,9285
2610,華航,64,5,59,凱基-中壢,2023-08-31,9285
1815,富喬,85,34,51,凱基-中壢,2023-08-31,9285
1802,台玻,85,37,48,凱基-中壢,2023-08-31,9285
00878,國泰永續高股息,60,12,48,凱基-中壢,2023-08-31,9285
00671R,富邦NASDAQ反1,47,0,47,凱基-中壢,2023-08-31,9285
00919,群益台灣精選高息,44,0,44,凱基-中壢,2023-08-31,9285
3481,群創,44,1,43,凱基-中壢,2023-08-31,9285
00923,群益台ESG低碳50,35,0,35,凱基-中壢,2023-08-31,9285
2440,太空梭,36,1,35,凱基-中壢,2023-08-31,9285
1760,寶齡富錦,34,1,33,凱基-中壢,2023-08-31,9285
1101,台泥,29,0,29,凱基-中壢,2023-08-31,9285
2880,華南金,27,0,27,凱基-中壢,2023-08-31,9285
3035,智原,47,20,27,凱基-中壢,2023-08-31,9285
2368,金像電,33,8,25,凱基-中壢,2023-08-31,9285
9950,萬國通,24,0,24,凱基-中壢,2023-08-31,9285
1216,統一,23,0,23,凱基-中壢,2023-08-31,9285
3693,營邦,32,9,23,凱基-中壢,2023-08-31,9285
6104,創惟,26,3,23,凱基-中壢,2023-08-31,9285
6291,沛亨,24,3,21,凱基-中壢,2023-08-31,9285
00637L,元大滬深300正2,20,0,20,凱基-中壢,2023-08-31,9285
2067,嘉鋼,20,0,20,凱基-中壢,2023-08-31,9285
5608,四維航,20,0,20,凱基-中壢,2023-08-31,9285
2376,技嘉,36,17,19,凱基-中壢,2023-08-31,9285
00907,永豐優息存股,21,2,19,凱基-中壢,2023-08-31,9285
2369,菱生,19,0,19,凱基-中壢,2023-08-31,9285
1522,堤維西,20,2,18,凱基-中壢,2023-08-31,9285
4532,瑞智,16,0,16,凱基-中壢,2023-08-31,9285
3078,僑威,69,53,16,凱基-中壢,2023-08-31,9285
2355,敬鵬,35,20,15,凱基-中壢,2023-08-31,9285
2609,陽明,19,4,15,凱基-中壢,2023-08-31,9285
2887,台新金,16,2,14,凱基-中壢,2023-08-31,9285
5452,佶優,18,4,14,凱基-中壢,2023-08-31,9285
4123,晟德,14,0,14,凱基-中壢,2023-08-31,9285
2409,友達,30,17,13,凱基-中壢,2023-08-31,9285
2884,玉山金,13,0,13,凱基-中壢,2023-08-31,9285
5880,合庫金,13,0,13,凱基-中壢,2023-08-31,9285
2436,偉詮電,48,35,13,凱基-中壢,2023-08-31,9285
00885,富邦越南,31,18,13,凱基-中壢,2023-08-31,9285
2891,中信金,13,0,13,凱基-中壢,2023-08-31,9285
2892,第一金,13,0,13,凱基-中壢,2023-08-31,9285
1612,宏泰,13,1,12,凱基-中壢,2023-08-31,9285
5009,榮剛,12,1,11,凱基-中壢,2023-08-31,9285
00673R,期元大S＆P原油反1,526,0,526,凱基-中壢,2023-09-01,9285
00632R,元大台灣50反1,300,10,290,凱基-中壢,2023-09-01,9285
2363,矽統,456,230,226,凱基-中壢,2023-09-01,9285
2891,中信金,224,0,224,凱基-中壢,2023-09-01,9285
00929,復華台灣科技優息,229,55,174,凱基-中壢,2023-09-01,9285
3231,緯創,211,58,153,凱基-中壢,2023-09-01,9285
00637L,元大滬深300正2,133,1,132,凱基-中壢,2023-09-01,9285
00919,群益台灣精選高息,132,0,132,凱基-中壢,2023-09-01,9285
00650L,復華香港正2,115,0,115,凱基-中壢,2023-09-01,9285
2485,兆赫,130,55,75,凱基-中壢,2023-09-01,9285
3481,群創,76,4,72,凱基-中壢,2023-09-01,9285
1522,堤維西,88,25,63,凱基-中壢,2023-09-01,9285
2329,華泰,83,28,55,凱基-中壢,2023-09-01,9285
3308,聯德,81,34,47,凱基-中壢,2023-09-01,9285
2436,偉詮電,79,33,46,凱基-中壢,2023-09-01,9285
8088,品安,55,13,42,凱基-中壢,2023-09-01,9285
2440,太空梭,40,0,40,凱基-中壢,2023-09-01,9285
2356,英業達,75,37,38,凱基-中壢,2023-09-01,9285
9950,萬國通,39,1,38,凱基-中壢,2023-09-01,9285
2382,廣達,127,90,37,凱基-中壢,2023-09-01,9285
2887,台新金,36,0,36,凱基-中壢,2023-09-01,9285
3011,今皓,62,29,33,凱基-中壢,2023-09-01,9285
2892,第一金,33,2,31,凱基-中壢,2023-09-01,9285
00923,群益台ESG低碳50,33,2,31,凱基-中壢,2023-09-01,9285
00712,復華富時不動產,32,1,31,凱基-中壢,2023-09-01,9285
2312,金寶,43,17,26,凱基-中壢,2023-09-01,9285
4944,兆遠,26,0,26,凱基-中壢,2023-09-01,9285
6547,高端疫苗,56,31,25,凱基-中壢,2023-09-01,9285
3176,基亞,26,1,25,凱基-中壢,2023-09-01,9285
6282,康舒,78,55,23,凱基-中壢,2023-09-01,9285
2376,技嘉,52,29,23,凱基-中壢,2023-09-01,9285
3051,力特,52,31,21,凱基-中壢,2023-09-01,9285
8936,國統,20,1,19,凱基-中壢,2023-09-01,9285
3035,智原,40,21,19,凱基-中壢,2023-09-01,9285
2421,建準,63,45,18,凱基-中壢,2023-09-01,9285
3163,波若威,44,27,17,凱基-中壢,2023-09-01,9285
5488,松普,18,1,17,凱基-中壢,2023-09-01,9285
2441,超豐,18,1,17,凱基-中壢,2023-09-01,9285
6285,啟��,22,6,16,凱基-中壢,2023-09-01,9285
6203,海韻電,16,0,16,凱基-中壢,2023-09-01,9285
6188,廣明,18,2,16,凱基-中壢,2023-09-01,9285
2206,三陽工業,33,17,16,凱基-中壢,2023-09-01,9285
3037,欣興,18,3,15,凱基-中壢,2023-09-01,9285
5439,高技,15,0,15,凱基-中壢,2023-09-01,9285
6596,寬宏藝術,16,1,15,凱基-中壢,2023-09-01,9285
3682,亞太電,15,0,15,凱基-中壢,2023-09-01,9285
2303,聯電,28,14,14,凱基-中壢,2023-09-01,9285
1444,力麗,13,0,13,凱基-中壢,2023-09-01,9285
6158,禾昌,15,2,13,凱基-中壢,2023-09-01,9285
00931B,統一美債20年,13,0,13,凱基-中壢,2023-09-01,9285
00929,復華台灣科技優息,281,29,252,凱基-中壢,2023-09-04,9285
00673R,期元大S＆P原油反1,221,0,221,凱基-中壢,2023-09-04,9285
9950,萬國通,131,10,121,凱基-中壢,2023-09-04,9285
2363,矽統,217,118,99,凱基-中壢,2023-09-04,9285
1802,台玻,136,45,91,凱基-中壢,2023-09-04,9285
00632R,元大台灣50反1,105,15,90,凱基-中壢,2023-09-04,9285
2329,華泰,99,14,85,凱基-中壢,2023-09-04,9285
00679B,元大美債20年,69,0,69,凱基-中壢,2023-09-04,9285
2891,中信金,62,1,61,凱基-中壢,2023-09-04,9285
00915,凱基優選高股息30,57,0,57,凱基-中壢,2023-09-04,9285
3308,聯德,61,6,55,凱基-中壢,2023-09-04,9285
2014,中鴻,58,3,55,凱基-中壢,2023-09-04,9285
2409,友達,81,30,51,凱基-中壢,2023-09-04,9285
2421,建準,66,17,49,凱基-中壢,2023-09-04,9285
6213,聯茂,66,18,48,凱基-中壢,2023-09-04,9285
2201,裕隆,68,20,48,凱基-中壢,2023-09-04,9285
3481,群創,60,13,47,凱基-中壢,2023-09-04,9285
3149,正達,46,0,46,凱基-中壢,2023-09-04,9285
3617,碩天,49,3,46,凱基-中壢,2023-09-04,9285
2618,長榮航,72,28,44,凱基-中壢,2023-09-04,9285
00919,群益台灣精選高息,79,35,44,凱基-中壢,2023-09-04,9285
1471,首利,38,0,38,凱基-中壢,2023-09-04,9285
3011,今皓,35,1,34,凱基-中壢,2023-09-04,9285
2882,國泰金,36,3,33,凱基-中壢,2023-09-04,9285
6689,伊雲谷,32,0,32,凱基-中壢,2023-09-04,9285
00715L,期街口布蘭特正2,43,11,32,凱基-中壢,2023-09-04,9285
6781,AES-KY,30,0,30,凱基-中壢,2023-09-04,9285
2355,敬鵬,27,2,25,凱基-中壢,2023-09-04,9285
2303,聯電,25,0,25,凱基-中壢,2023-09-04,9285
2323,中環,36,12,24,凱基-中壢,2023-09-04,9285
5340,建榮,26,3,23,凱基-中壢,2023-09-04,9285
5381,合正,157,134,23,凱基-中壢,2023-09-04,9285
2371,大同,34,11,23,凱基-中壢,2023-09-04,9285
4763,材料-KY,30,8,22,凱基-中壢,2023-09-04,9285
00751B,元大AAA至A公司債,22,0,22,凱基-中壢,2023-09-04,9285
2484,希華,22,0,22,凱基-中壢,2023-09-04,9285
00795B,中信美國公債20年,22,0,22,凱基-中壢,2023-09-04,9285
6291,沛亨,22,0,22,凱基-中壢,2023-09-04,9285
00687B,國泰20年美債,21,0,21,凱基-中壢,2023-09-04,9285
6170,統振,21,0,21,凱基-中壢,2023-09-04,9285
1519,華城,38,17,21,凱基-中壢,2023-09-04,9285
2402,毅嘉,87,67,20,凱基-中壢,2023-09-04,9285
4953,緯軟,20,0,20,凱基-中壢,2023-09-04,9285
2376,技嘉,60,41,19,凱基-中壢,2023-09-04,9285
3042,晶技,21,2,19,凱基-中壢,2023-09-04,9285
4532,瑞智,19,0,19,凱基-中壢,2023-09-04,9285
6235,華孚,23,4,19,凱基-中壢,2023-09-04,9285
4207,環泰,18,0,18,凱基-中壢,2023-09-04,9285
2534,宏盛,18,0,18,凱基-中壢,2023-09-04,9285
2401,凌陽,22,5,17,凱基-中壢,2023-09-04,9285
00650L,復華香港正2,190,0,190,凱基-中壢,2023-09-05,9285
00929,復華台灣科技優息,240,67,173,凱基-中壢,2023-09-05,9285
00637L,元大滬深300正2,94,5,89,凱基-中壢,2023-09-05,9285
1314,中石化,77,1,76,凱基-中壢,2023-09-05,9285
2881,富邦金,71,0,71,凱基-中壢,2023-09-05,9285
00878,國泰永續高股息,83,17,66,凱基-中壢,2023-09-05,9285
3617,碩天,73,8,65,凱基-中壢,2023-09-05,9285
00919,群益台灣精選高息,86,24,62,凱基-中壢,2023-09-05,9285
2402,毅嘉,117,58,59,凱基-中壢,2023-09-05,9285
5469,瀚宇博,81,25,56,凱基-中壢,2023-09-05,9285
00915,凱基優選高股息30,54,0,54,凱基-中壢,2023-09-05,9285
2352,佳世達,51,11,40,凱基-中壢,2023-09-05,9285
2618,長榮航,41,14,27,凱基-中壢,2023-09-05,9285
2888,新光金,36,11,25,凱基-中壢,2023-09-05,9285
2421,建準,45,21,24,凱基-中壢,2023-09-05,9285
2409,友達,32,8,24,凱基-中壢,2023-09-05,9285
00882,中信中國高股息,22,0,22,凱基-中壢,2023-09-05,9285
1522,堤維西,20,0,20,凱基-中壢,2023-09-05,9285
1519,華城,24,6,18,凱基-中壢,2023-09-05,9285
3715,定穎投控,48,30,18,凱基-中壢,2023-09-05,9285
2834,臺企銀,17,0,17,凱基-中壢,2023-09-05,9285
4906,正文,25,8,17,凱基-中壢,2023-09-05,9285
00900,富邦特選高股息30,22,5,17,凱基-中壢,2023-09-05,9285
6122,擎邦,23,6,17,凱基-中壢,2023-09-05,9285
6170,統振,16,0,16,凱基-中壢,2023-09-05,9285
6291,沛亨,16,0,16,凱基-中壢,2023-09-05,9285
5488,松普,18,2,16,凱基-中壢,2023-09-05,9285
6531,愛普*,44,28,16,凱基-中壢,2023-09-05,9285
2067,嘉鋼,15,0,15,凱基-中壢,2023-09-05,9285
6158,禾昌,26,11,15,凱基-中壢,2023-09-05,9285
3511,矽瑪,14,0,14,凱基-中壢,2023-09-05,9285
2484,希華,14,0,14,凱基-中壢,2023-09-05,9285
00918,大華優利高填息30,14,0,14,凱基-中壢,2023-09-05,9285
3231,緯創,40,27,13,凱基-中壢,2023-09-05,9285
3047,訊舟,15,2,13,凱基-中壢,2023-09-05,9285
2482,連宇,14,1,13,凱基-中壢,2023-09-05,9285
8227,巨有科技,14,1,13,凱基-中壢,2023-09-05,9285
3221,台嘉碩,14,1,13,凱基-中壢,2023-09-05,9285
6191,精成科,15,2,13,凱基-中壢,2023-09-05,9285
3163,波若威,19,6,13,凱基-中壢,2023-09-05,9285
2436,偉詮電,91,79,12,凱基-中壢,2023-09-05,9285
1101,台泥,12,0,12,凱基-中壢,2023-09-05,9285
6285,啟��,13,2,11,凱基-中壢,2023-09-05,9285
00907,永豐優息存股,11,0,11,凱基-中壢,2023-09-05,9285
5464,霖宏,11,0,11,凱基-中壢,2023-09-05,9285
2486,一詮,33,22,11,凱基-中壢,2023-09-05,9285
6781,AES-KY,11,0,11,凱基-中壢,2023-09-05,9285
3693,營邦,34,23,11,凱基-中壢,2023-09-05,9285
00857B,永豐20年美公債,10,0,10,凱基-中壢,2023-09-05,9285
3694,海華,10,0,10,凱基-中壢,2023-09-05,9285
00929,復華台灣科技優息,755,137,618,凱基-中壢,2023-09-06,9285
00919,群益台灣精選高息,249,52,197,凱基-中壢,2023-09-06,9285
2409,友達,175,26,149,凱基-中壢,2023-09-06,9285
2401,凌陽,126,26,100,凱基-中壢,2023-09-06,9285
6127,九豪,92,2,90,凱基-中壢,2023-09-06,9285
3481,群創,95,10,85,凱基-中壢,2023-09-06,9285
00650L,復華香港正2,85,10,75,凱基-中壢,2023-09-06,9285
2618,長榮航,67,5,62,凱基-中壢,2023-09-06,9285
00918,大華優利高填息30,63,3,60,凱基-中壢,2023-09-06,9285
2887,台新金,68,12,56,凱基-中壢,2023-09-06,9285
1101,台泥,54,0,54,凱基-中壢,2023-09-06,9285
8068,全達,91,40,51,凱基-中壢,2023-09-06,9285
2363,矽統,151,103,48,凱基-中壢,2023-09-06,9285
00795B,中信美國公債20年,47,0,47,凱基-中壢,2023-09-06,9285
00932,兆豐永續高息等權,43,0,43,凱基-中壢,2023-09-06,9285
1522,堤維西,40,0,40,凱基-中壢,2023-09-06,9285
1605,華新,48,9,39,凱基-中壢,2023-09-06,9285
00720B,元大投資級公司債,36,0,36,凱基-中壢,2023-09-06,9285
00751B,元大AAA至A公司債,36,0,36,凱基-中壢,2023-09-06,9285
4944,兆遠,33,0,33,凱基-中壢,2023-09-06,9285
9950,萬國通,32,0,32,凱基-中壢,2023-09-06,9285
6125,廣運,37,6,31,凱基-中壢,2023-09-06,9285
2436,偉詮電,41,11,30,凱基-中壢,2023-09-06,9285
5381,合正,113,84,29,凱基-中壢,2023-09-06,9285
8210,勤誠,35,7,28,凱基-中壢,2023-09-06,9285
2356,英業達,62,35,27,凱基-中壢,2023-09-06,9285
5536,聖暉*,27,0,27,凱基-中壢,2023-09-06,9285
2883,凱基金,24,0,24,凱基-中壢,2023-09-06,9285
6168,宏齊,24,0,24,凱基-中壢,2023-09-06,9285
3149,正達,24,0,24,凱基-中壢,2023-09-06,9285
1216,統一,22,0,22,凱基-中壢,2023-09-06,9285
1802,台玻,62,40,22,凱基-中壢,2023-09-06,9285
00637L,元大滬深300正2,47,25,22,凱基-中壢,2023-09-06,9285
00907,永豐優息存股,22,0,22,凱基-中壢,2023-09-06,9285
00915,凱基優選高股息30,27,5,22,凱基-中壢,2023-09-06,9285
3567,逸昌,42,22,20,凱基-中壢,2023-09-06,9285
00931B,統一美債20年,20,0,20,凱基-中壢,2023-09-06,9285
2882,國泰金,21,2,19,凱基-中壢,2023-09-06,9285
2468,華經,24,5,19,凱基-中壢,2023-09-06,9285
6116,彩晶,19,0,19,凱基-中壢,2023-09-06,9285
8183,精星,19,1,18,凱基-中壢,2023-09-06,9285
2906,高林,18,1,17,凱基-中壢,2023-09-06,9285
2834,臺企銀,17,0,17,凱基-中壢,2023-09-06,9285
2376,技嘉,20,4,16,凱基-中壢,2023-09-06,9285
2332,友訊,16,0,16,凱基-中壢,2023-09-06,9285
2402,毅嘉,45,29,16,凱基-中壢,2023-09-06,9285
2457,飛宏,21,5,16,凱基-中壢,2023-09-06,9285
4961,天鈺,28,13,15,凱基-中壢,2023-09-06,9285
5880,合庫金,16,1,15,凱基-中壢,2023-09-06,9285
3257,虹冠電,17,2,15,凱基-中壢,2023-09-06,9285
00919,群益台灣精選高息,495,29,466,凱基-中壢,2023-09-07,9285
00929,復華台灣科技優息,426,130,296,凱基-中壢,2023-09-07,9285
5381,合正,161,44,117,凱基-中壢,2023-09-07,9285
8112,至上,115,39,76,凱基-中壢,2023-09-07,9285
2891,中信金,71,0,71,凱基-中壢,2023-09-07,9285
00915,凱基優選高股息30,66,1,65,凱基-中壢,2023-09-07,9285
3209,全科,65,0,65,凱基-中壢,2023-09-07,9285
4906,正文,72,9,63,凱基-中壢,2023-09-07,9285
00902,中信電池及儲能,62,1,61,凱基-中壢,2023-09-07,9285
4944,兆遠,59,0,59,凱基-中壢,2023-09-07,9285
2884,玉山金,52,0,52,凱基-中壢,2023-09-07,9285
3481,群創,68,20,48,凱基-中壢,2023-09-07,9285
00632R,元大台灣50反1,40,0,40,凱基-中壢,2023-09-07,9285
2614,東森,51,12,39,凱基-中壢,2023-09-07,9285
00885,富邦越南,87,51,36,凱基-中壢,2023-09-07,9285
1760,寶齡富錦,30,0,30,凱基-中壢,2023-09-07,9285
1612,宏泰,31,2,29,凱基-中壢,2023-09-07,9285
2618,長榮航,66,38,28,凱基-中壢,2023-09-07,9285
2313,華通,80,53,27,凱基-中壢,2023-09-07,9285
4533,協易機,131,105,26,凱基-中壢,2023-09-07,9285
00932,兆豐永續高息等權,26,2,24,凱基-中壢,2023-09-07,9285
2610,華航,42,19,23,凱基-中壢,2023-09-07,9285
00923,群益台ESG低碳50,23,0,23,凱基-中壢,2023-09-07,9285
2485,兆赫,80,57,23,凱基-中壢,2023-09-07,9285
3231,緯創,46,24,22,凱基-中壢,2023-09-07,9285
1319,東陽,21,1,20,凱基-中壢,2023-09-07,9285
00636,國泰中國A50,20,0,20,凱基-中壢,2023-09-07,9285
2489,瑞軒,20,0,20,凱基-中壢,2023-09-07,9285
2409,友達,38,18,20,凱基-中壢,2023-09-07,9285
00637L,元大滬深300正2,53,34,19,凱基-中壢,2023-09-07,9285
2888,新光金,19,1,18,凱基-中壢,2023-09-07,9285
2421,建準,20,3,17,凱基-中壢,2023-09-07,9285
2356,英業達,25,8,17,凱基-中壢,2023-09-07,9285
3169,亞信,19,2,17,凱基-中壢,2023-09-07,9285
00878,國泰永續高股息,69,52,17,凱基-中壢,2023-09-07,9285
2330,台積電,17,1,16,凱基-中壢,2023-09-07,9285
2303,聯電,31,15,16,凱基-中壢,2023-09-07,9285
9950,萬國通,16,0,16,凱基-中壢,2023-09-07,9285
3694,海華,15,0,15,凱基-中壢,2023-09-07,9285
3035,智原,31,16,15,凱基-中壢,2023-09-07,9285
2368,金像電,17,3,14,凱基-中壢,2023-09-07,9285
2316,楠梓電,37,23,14,凱基-中壢,2023-09-07,9285
1710,東聯,14,0,14,凱基-中壢,2023-09-07,9285
2880,華南金,14,0,14,凱基-中壢,2023-09-07,9285
2887,台新金,13,0,13,凱基-中壢,2023-09-07,9285
5258,虹堡,29,16,13,凱基-中壢,2023-09-07,9285
8916,光隆,16,3,13,凱基-中壢,2023-09-07,9285
2104,國際中橡,13,0,13,凱基-中壢,2023-09-07,9285
6547,高端疫苗,13,1,12,凱基-中壢,2023-09-07,9285
2834,臺企銀,12,0,12,凱基-中壢,2023-09-07,9285
3306,鼎天,502,1,501,凱基-中壢,2023-09-08,9285
00929,復華台灣科技優息,398,56,342,凱基-中壢,2023-09-08,9285
00919,群益台灣精選高息,265,56,209,凱基-中壢,2023-09-08,9285
1760,寶齡富錦,73,0,73,凱基-中壢,2023-09-08,9285
00680L,元大美債20正2,60,1,59,凱基-中壢,2023-09-08,9285
3481,群創,62,3,59,凱基-中壢,2023-09-08,9285
2353,宏��,61,3,58,凱基-中壢,2023-09-08,9285
00902,中信電池及儲能,58,0,58,凱基-中壢,2023-09-08,9285
2421,建準,72,15,57,凱基-中壢,2023-09-08,9285
00878,國泰永續高股息,51,0,51,凱基-中壢,2023-09-08,9285
2618,長榮航,60,9,51,凱基-中壢,2023-09-08,9285
6418,詠昇,41,1,40,凱基-中壢,2023-09-08,9285
3715,定穎投控,140,104,36,凱基-中壢,2023-09-08,9285
2630,亞航,37,5,32,凱基-中壢,2023-09-08,9285
3483,力致,37,8,29,凱基-中壢,2023-09-08,9285
2409,友達,43,16,27,凱基-中壢,2023-09-08,9285
3356,奇偶,26,0,26,凱基-中壢,2023-09-08,9285
3011,今皓,25,0,25,凱基-中壢,2023-09-08,9285
00665L,富邦�琤肭磪囓�2,25,0,25,凱基-中壢,2023-09-08,9285
2457,飛宏,24,0,24,凱基-中壢,2023-09-08,9285
2002,中鋼,24,0,24,凱基-中壢,2023-09-08,9285
6282,康舒,33,9,24,凱基-中壢,2023-09-08,9285
6770,力積電,24,0,24,凱基-中壢,2023-09-08,9285
2337,旺宏,79,56,23,凱基-中壢,2023-09-08,9285
1522,堤維西,29,7,22,凱基-中壢,2023-09-08,9285
00918,大華優利高填息30,21,0,21,凱基-中壢,2023-09-08,9285
5386,青雲,21,0,21,凱基-中壢,2023-09-08,9285
00932,兆豐永續高息等權,21,0,21,凱基-中壢,2023-09-08,9285
1802,台玻,27,7,20,凱基-中壢,2023-09-08,9285
6016,康和證,20,0,20,凱基-中壢,2023-09-08,9285
00713,元大台灣高息低波,20,1,19,凱基-中壢,2023-09-08,9285
4953,緯軟,38,19,19,凱基-中壢,2023-09-08,9285
3264,欣銓,27,9,18,凱基-中壢,2023-09-08,9285
2382,廣達,54,36,18,凱基-中壢,2023-09-08,9285
8403,盛弘,17,0,17,凱基-中壢,2023-09-08,9285
00915,凱基優選高股息30,16,0,16,凱基-中壢,2023-09-08,9285
2485,兆赫,52,36,16,凱基-中壢,2023-09-08,9285
3622,洋華,16,0,16,凱基-中壢,2023-09-08,9285
3006,晶豪科,21,5,16,凱基-中壢,2023-09-08,9285
3706,神達,19,4,15,凱基-中壢,2023-09-08,9285
00922,國泰台灣領袖50,15,0,15,凱基-中壢,2023-09-08,9285
1217,愛之味,16,1,15,凱基-中壢,2023-09-08,9285
00637L,元大滬深300正2,17,3,14,凱基-中壢,2023-09-08,9285
3163,波若威,21,7,14,凱基-中壢,2023-09-08,9285
00753L,中信中國50正2,14,0,14,凱基-中壢,2023-09-08,9285
4763,材料-KY,26,12,14,凱基-中壢,2023-09-08,9285
3024,憶聲,13,0,13,凱基-中壢,2023-09-08,9285
00882,中信中國高股息,14,1,13,凱基-中壢,2023-09-08,9285
2376,技嘉,35,23,12,凱基-中壢,2023-09-08,9285
3149,正達,23,11,12,凱基-中壢,2023-09-08,9285
00919,群益台灣精選高息,389,2,387,凱基-中壢,2023-09-11,9285
1760,寶齡富錦,192,0,192,凱基-中壢,2023-09-11,9285
00929,復華台灣科技優息,245,80,165,凱基-中壢,2023-09-11,9285
00915,凱基優選高股息30,167,50,117,凱基-中壢,2023-09-11,9285
4906,正文,94,22,72,凱基-中壢,2023-09-11,9285
00650L,復華香港正2,69,0,69,凱基-中壢,2023-09-11,9285
2630,亞航,98,30,68,凱基-中壢,2023-09-11,9285
0056,元大高股息,128,68,60,凱基-中壢,2023-09-11,9285
2363,矽統,181,125,56,凱基-中壢,2023-09-11,9285
00878,國泰永續高股息,283,232,51,凱基-中壢,2023-09-11,9285
3231,緯創,162,112,50,凱基-中壢,2023-09-11,9285
00637L,元大滬深300正2,48,1,47,凱基-中壢,2023-09-11,9285
00918,大華優利高填息30,42,0,42,凱基-中壢,2023-09-11,9285
2618,長榮航,48,6,42,凱基-中壢,2023-09-11,9285
3481,群創,49,11,38,凱基-中壢,2023-09-11,9285
00900,富邦特選高股息30,47,10,37,凱基-中壢,2023-09-11,9285
3149,正達,33,0,33,凱基-中壢,2023-09-11,9285
00932,兆豐永續高息等權,33,0,33,凱基-中壢,2023-09-11,9285
2358,廷鑫,35,3,32,凱基-中壢,2023-09-11,9285
6282,康舒,37,8,29,凱基-中壢,2023-09-11,9285
00922,國泰台灣領袖50,40,11,29,凱基-中壢,2023-09-11,9285
2405,輔信,119,91,28,凱基-中壢,2023-09-11,9285
1605,華新,27,0,27,凱基-中壢,2023-09-11,9285
00931B,統一美債20年,27,0,27,凱基-中壢,2023-09-11,9285
2887,台新金,30,3,27,凱基-中壢,2023-09-11,9285
1522,堤維西,29,2,27,凱基-中壢,2023-09-11,9285
1584,精剛,38,11,27,凱基-中壢,2023-09-11,9285
2313,華通,44,18,26,凱基-中壢,2023-09-11,9285
2610,華航,50,24,26,凱基-中壢,2023-09-11,9285
5388,中磊,33,7,26,凱基-中壢,2023-09-11,9285
1218,泰山,26,0,26,凱基-中壢,2023-09-11,9285
4720,德淵,32,6,26,凱基-中壢,2023-09-11,9285
4542,科嶠,25,0,25,凱基-中壢,2023-09-11,9285
2634,漢翔,76,52,24,凱基-中壢,2023-09-11,9285
1618,合機,40,17,23,凱基-中壢,2023-09-11,9285
2376,技嘉,50,28,22,凱基-中壢,2023-09-11,9285
2355,敬鵬,36,14,22,凱基-中壢,2023-09-11,9285
6120,達運,23,1,22,凱基-中壢,2023-09-11,9285
2312,金寶,24,2,22,凱基-中壢,2023-09-11,9285
2022,聚亨,23,1,22,凱基-中壢,2023-09-11,9285
3715,定穎投控,63,42,21,凱基-中壢,2023-09-11,9285
2316,楠梓電,21,1,20,凱基-中壢,2023-09-11,9285
6125,廣運,22,3,19,凱基-中壢,2023-09-11,9285
3011,今皓,21,2,19,凱基-中壢,2023-09-11,9285
2388,威盛,26,8,18,凱基-中壢,2023-09-11,9285
3706,神達,25,8,17,凱基-中壢,2023-09-11,9285
2330,台積電,18,2,16,凱基-中壢,2023-09-11,9285
3324,雙鴻,19,3,16,凱基-中壢,2023-09-11,9285
3622,洋華,18,2,16,凱基-中壢,2023-09-11,9285
4916,事欣科,29,13,16,凱基-中壢,2023-09-11,9285
00919,群益台灣精選高息,333,12,321,凱基-中壢,2023-09-12,9285
00929,復華台灣科技優息,232,61,171,凱基-中壢,2023-09-12,9285
6120,達運,122,22,100,凱基-中壢,2023-09-12,9285
2618,長榮航,178,93,85,凱基-中壢,2023-09-12,9285
00632R,元大台灣50反1,64,0,64,凱基-中壢,2023-09-12,9285
6282,康舒,99,44,55,凱基-中壢,2023-09-12,9285
1504,東元,51,0,51,凱基-中壢,2023-09-12,9285
00637L,元大滬深300正2,52,2,50,凱基-中壢,2023-09-12,9285
0056,元大高股息,55,9,46,凱基-中壢,2023-09-12,9285
3481,群創,44,2,42,凱基-中壢,2023-09-12,9285
1710,東聯,37,0,37,凱基-中壢,2023-09-12,9285
6116,彩晶,37,0,37,凱基-中壢,2023-09-12,9285
2845,遠東銀,33,0,33,凱基-中壢,2023-09-12,9285
2538,基泰,42,9,33,凱基-中壢,2023-09-12,9285
1471,首利,37,8,29,凱基-中壢,2023-09-12,9285
5469,瀚宇博,49,20,29,凱基-中壢,2023-09-12,9285
00931B,統一美債20年,27,0,27,凱基-中壢,2023-09-12,9285
5381,合正,65,38,27,凱基-中壢,2023-09-12,9285
00679B,元大美債20年,26,1,25,凱基-中壢,2023-09-12,9285
00902,中信電池及儲能,26,1,25,凱基-中壢,2023-09-12,9285
00882,中信中國高股息,25,2,23,凱基-中壢,2023-09-12,9285
1324,地球,23,1,22,凱基-中壢,2023-09-12,9285
2337,旺宏,50,30,20,凱基-中壢,2023-09-12,9285
1584,精剛,19,2,17,凱基-中壢,2023-09-12,9285
6443,元晶,21,4,17,凱基-中壢,2023-09-12,9285
2103,台橡,16,0,16,凱基-中壢,2023-09-12,9285
2329,華泰,49,34,15,凱基-中壢,2023-09-12,9285
6596,寬宏藝術,15,0,15,凱基-中壢,2023-09-12,9285
2358,廷鑫,22,7,15,凱基-中壢,2023-09-12,9285
8068,全達,15,1,14,凱基-中壢,2023-09-12,9285
3622,洋華,14,0,14,凱基-中壢,2023-09-12,9285
00900,富邦特選高股息30,23,9,14,凱基-中壢,2023-09-12,9285
6451,訊芯-KY,19,5,14,凱基-中壢,2023-09-12,9285
3260,威剛,36,22,14,凱基-中壢,2023-09-12,9285
1305,華夏,19,6,13,凱基-中壢,2023-09-12,9285
6613,朋億*,13,0,13,凱基-中壢,2023-09-12,9285
2891,中信金,28,15,13,凱基-中壢,2023-09-12,9285
2002,中鋼,12,0,12,凱基-中壢,2023-09-12,9285
00932,兆豐永續高息等權,13,1,12,凱基-中壢,2023-09-12,9285
2404,漢唐,12,0,12,凱基-中壢,2023-09-12,9285
00930,永豐ESG低碳高息,12,0,12,凱基-中壢,2023-09-12,9285
8081,致新,14,3,11,凱基-中壢,2023-09-12,9285
2601,益航,11,0,11,凱基-中壢,2023-09-12,9285
1515,力山,25,14,11,凱基-中壢,2023-09-12,9285
1201,味全,10,0,10,凱基-中壢,2023-09-12,9285
3078,僑威,27,17,10,凱基-中壢,2023-09-12,9285
2330,台積電,10,0,10,凱基-中壢,2023-09-12,9285
4916,事欣科,21,11,10,凱基-中壢,2023-09-12,9285
4526,東台,10,0,10,凱基-中壢,2023-09-12,9285
1521,大億,10,0,10,凱基-中壢,2023-09-12,9285
1504,東元,501,6,495,凱基-中壢,2023-09-13,9285
00919,群益台灣精選高息,269,2,267,凱基-中壢,2023-09-13,9285
00929,復華台灣科技優息,256,60,196,凱基-中壢,2023-09-13,9285
00632R,元大台灣50反1,109,0,109,凱基-中壢,2023-09-13,9285
2324,仁寶,72,2,70,凱基-中壢,2023-09-13,9285
00882,中信中國高股息,62,1,61,凱基-中壢,2023-09-13,9285
3346,麗清,62,21,41,凱基-中壢,2023-09-13,9285
6127,九豪,39,0,39,凱基-中壢,2023-09-13,9285
3481,群創,45,6,39,凱基-中壢,2023-09-13,9285
3231,緯創,65,30,35,凱基-中壢,2023-09-13,9285
2891,中信金,51,17,34,凱基-中壢,2023-09-13,9285
00902,中信電池及儲能,34,1,33,凱基-中壢,2023-09-13,9285
00931B,統一美債20年,27,0,27,凱基-中壢,2023-09-13,9285
1101,台泥,33,7,26,凱基-中壢,2023-09-13,9285
2352,佳世達,29,4,25,凱基-中壢,2023-09-13,9285
00918,大華優利高填息30,25,0,25,凱基-中壢,2023-09-13,9285
3213,茂訊,26,2,24,凱基-中壢,2023-09-13,9285
2618,長榮航,98,78,20,凱基-中壢,2023-09-13,9285
00932,兆豐永續高息等權,21,1,20,凱基-中壢,2023-09-13,9285
00915,凱基優選高股息30,20,0,20,凱基-中壢,2023-09-13,9285
3711,日月光投控,22,3,19,凱基-中壢,2023-09-13,9285
2888,新光金,21,2,19,凱基-中壢,2023-09-13,9285
6288,聯嘉,25,8,17,凱基-中壢,2023-09-13,9285
6182,合晶,17,0,17,凱基-中壢,2023-09-13,9285
6120,達運,29,13,16,凱基-中壢,2023-09-13,9285
4906,正文,48,33,15,凱基-中壢,2023-09-13,9285
1319,東陽,125,110,15,凱基-中壢,2023-09-13,9285
2103,台橡,15,0,15,凱基-中壢,2023-09-13,9285
00650L,復華香港正2,33,19,14,凱基-中壢,2023-09-13,9285
2358,廷鑫,14,0,14,凱基-中壢,2023-09-13,9285
1584,精剛,14,1,13,凱基-中壢,2023-09-13,9285
1217,愛之味,13,0,13,凱基-中壢,2023-09-13,9285
00888,永豐台灣ESG,13,0,13,凱基-中壢,2023-09-13,9285
1618,合機,22,9,13,凱基-中壢,2023-09-13,9285
2409,友達,15,2,13,凱基-中壢,2023-09-13,9285
3715,定穎投控,107,95,12,凱基-中壢,2023-09-13,9285
8916,光隆,12,0,12,凱基-中壢,2023-09-13,9285
00773B,中信優先金融債,12,0,12,凱基-中壢,2023-09-13,9285
2845,遠東銀,12,0,12,凱基-中壢,2023-09-13,9285
6278,台表科,12,0,12,凱基-中壢,2023-09-13,9285
2201,裕隆,19,8,11,凱基-中壢,2023-09-13,9285
8358,金居,14,3,11,凱基-中壢,2023-09-13,9285
00673R,期元大S＆P原油反1,11,0,11,凱基-中壢,2023-09-13,9285
1568,倉佑,23,12,11,凱基-中壢,2023-09-13,9285
6125,廣運,12,2,10,凱基-中壢,2023-09-13,9285
3264,欣銓,26,17,9,凱基-中壢,2023-09-13,9285
00751B,元大AAA至A公司債,11,2,9,凱基-中壢,2023-09-13,9285
0056,元大高股息,14,5,9,凱基-中壢,2023-09-13,9285
1809,中釉,11,2,9,凱基-中壢,2023-09-13,9285
9950,萬國通,9,0,9,凱基-中壢,2023-09-13,9285
1504,東元,221,1,220,凱基-中壢,2023-09-14,9285
00919,群益台灣精選高息,281,74,207,凱基-中壢,2023-09-14,9285
6122,擎邦,116,0,116,凱基-中壢,2023-09-14,9285
3308,聯德,115,2,113,凱基-中壢,2023-09-14,9285
1618,合機,167,59,108,凱基-中壢,2023-09-14,9285
4906,正文,132,55,77,凱基-中壢,2023-09-14,9285
2402,毅嘉,90,30,60,凱基-中壢,2023-09-14,9285
2405,輔信,77,19,58,凱基-中壢,2023-09-14,9285
00637L,元大滬深300正2,47,0,47,凱基-中壢,2023-09-14,9285
3617,碩天,58,19,39,凱基-中壢,2023-09-14,9285
2337,旺宏,40,1,39,凱基-中壢,2023-09-14,9285
00878,國泰永續高股息,82,43,39,凱基-中壢,2023-09-14,9285
3715,定穎投控,45,12,33,凱基-中壢,2023-09-14,9285
1314,中石化,67,35,32,凱基-中壢,2023-09-14,9285
2329,華泰,39,10,29,凱基-中壢,2023-09-14,9285
2236,百達-KY,30,1,29,凱基-中壢,2023-09-14,9285
2332,友訊,31,3,28,凱基-中壢,2023-09-14,9285
6127,九豪,30,2,28,凱基-中壢,2023-09-14,9285
6117,迎廣,29,3,26,凱基-中壢,2023-09-14,9285
00712,復華富時不動產,31,6,25,凱基-中壢,2023-09-14,9285
2641,正德,32,8,24,凱基-中壢,2023-09-14,9285
00632R,元大台灣50反1,24,0,24,凱基-中壢,2023-09-14,9285
00931B,統一美債20年,32,8,24,凱基-中壢,2023-09-14,9285
9958,世紀鋼,30,7,23,凱基-中壢,2023-09-14,9285
00650L,復華香港正2,23,0,23,凱基-中壢,2023-09-14,9285
00915,凱基優選高股息30,22,0,22,凱基-中壢,2023-09-14,9285
00687B,國泰20年美債,21,0,21,凱基-中壢,2023-09-14,9285
2371,大同,24,3,21,凱基-中壢,2023-09-14,9285
6156,松上,20,0,20,凱基-中壢,2023-09-14,9285
5426,振發,22,2,20,凱基-中壢,2023-09-14,9285
5392,能率,20,0,20,凱基-中壢,2023-09-14,9285
4979,華星光,32,13,19,凱基-中壢,2023-09-14,9285
2881,富邦金,23,4,19,凱基-中壢,2023-09-14,9285
2356,英業達,23,4,19,凱基-中壢,2023-09-14,9285
2359,所羅門,22,5,17,凱基-中壢,2023-09-14,9285
2421,建準,22,5,17,凱基-中壢,2023-09-14,9285
1521,大億,25,9,16,凱基-中壢,2023-09-14,9285
9907,統一實,16,0,16,凱基-中壢,2023-09-14,9285
2891,中信金,32,16,16,凱基-中壢,2023-09-14,9285
6125,廣運,22,7,15,凱基-中壢,2023-09-14,9285
1522,堤維西,167,152,15,凱基-中壢,2023-09-14,9285
6235,華孚,30,16,14,凱基-中壢,2023-09-14,9285
3704,合勤控,20,6,14,凱基-中壢,2023-09-14,9285
2454,聯發科,20,6,14,凱基-中壢,2023-09-14,9285
5880,合庫金,12,0,12,凱基-中壢,2023-09-14,9285
4121,優盛,15,3,12,凱基-中壢,2023-09-14,9285
2601,益航,12,0,12,凱基-中壢,2023-09-14,9285
00885,富邦越南,14,2,12,凱基-中壢,2023-09-14,9285
2002,中鋼,13,1,12,凱基-中壢,2023-09-14,9285
3380,明泰,18,6,12,凱基-中壢,2023-09-14,9285
00637L,元大滬深300正2,681,0,681,凱基-中壢,2023-09-15,9285
1504,東元,485,1,484,凱基-中壢,2023-09-15,9285
00929,復華台灣科技優息,529,69,460,凱基-中壢,2023-09-15,9285
3481,群創,101,17,84,凱基-中壢,2023-09-15,9285
2610,華航,81,2,79,凱基-中壢,2023-09-15,9285
4130,健亞,70,0,70,凱基-中壢,2023-09-15,9285
5608,四維航,91,24,67,凱基-中壢,2023-09-15,9285
2317,鴻海,69,5,64,凱基-中壢,2023-09-15,9285
2486,一詮,186,142,44,凱基-中壢,2023-09-15,9285
2002,中鋼,44,1,43,凱基-中壢,2023-09-15,9285
00918,大華優利高填息30,42,1,41,凱基-中壢,2023-09-15,9285
2867,三商壽,80,40,40,凱基-中壢,2023-09-15,9285
2449,京元電子,56,16,40,凱基-中壢,2023-09-15,9285
00632R,元大台灣50反1,34,0,34,凱基-中壢,2023-09-15,9285
00931B,統一美債20年,33,0,33,凱基-中壢,2023-09-15,9285
2312,金寶,34,2,32,凱基-中壢,2023-09-15,9285
00633L,富邦上証正2,37,7,30,凱基-中壢,2023-09-15,9285
00673R,期元大S＆P原油反1,29,0,29,凱基-中壢,2023-09-15,9285
3622,洋華,29,0,29,凱基-中壢,2023-09-15,9285
00751B,元大AAA至A公司債,27,0,27,凱基-中壢,2023-09-15,9285
3617,碩天,47,20,27,凱基-中壢,2023-09-15,9285
3035,智原,44,17,27,凱基-中壢,2023-09-15,9285
2399,映泰,34,7,27,凱基-中壢,2023-09-15,9285
00687B,國泰20年美債,26,0,26,凱基-中壢,2023-09-15,9285
00679B,元大美債20年,26,0,26,凱基-中壢,2023-09-15,9285
2891,中信金,26,1,25,凱基-中壢,2023-09-15,9285
2630,亞航,42,20,22,凱基-中壢,2023-09-15,9285
2323,中環,21,0,21,凱基-中壢,2023-09-15,9285
2402,毅嘉,37,16,21,凱基-中壢,2023-09-15,9285
1533,車王電,20,0,20,凱基-中壢,2023-09-15,9285
6770,力積電,29,9,20,凱基-中壢,2023-09-15,9285
6451,訊芯-KY,35,15,20,凱基-中壢,2023-09-15,9285
2634,漢翔,25,6,19,凱基-中壢,2023-09-15,9285
2618,長榮航,80,61,19,凱基-中壢,2023-09-15,9285
4906,正文,28,10,18,凱基-中壢,2023-09-15,9285
2485,兆赫,43,25,18,凱基-中壢,2023-09-15,9285
00932,兆豐永續高息等權,20,2,18,凱基-中壢,2023-09-15,9285
6284,佳邦,25,7,18,凱基-中壢,2023-09-15,9285
2462,良得電,22,5,17,凱基-中壢,2023-09-15,9285
8916,光隆,17,0,17,凱基-中壢,2023-09-15,9285
5701,劍湖山,16,0,16,凱基-中壢,2023-09-15,9285
1471,首利,22,6,16,凱基-中壢,2023-09-15,9285
3149,正達,15,0,15,凱基-中壢,2023-09-15,9285
3163,波若威,107,93,14,凱基-中壢,2023-09-15,9285
1305,華夏,16,2,14,凱基-中壢,2023-09-15,9285
1802,台玻,18,5,13,凱基-中壢,2023-09-15,9285
8358,金居,15,2,13,凱基-中壢,2023-09-15,9285
2542,興富發,12,0,12,凱基-中壢,2023-09-15,9285
2371,大同,14,2,12,凱基-中壢,2023-09-15,9285
2331,精英,22,10,12,凱基-中壢,2023-09-15,9285
00929,復華台灣科技優息,633,95,538,凱基-中壢,2023-09-18,9285
00919,群益台灣精選高息,439,12,427,凱基-中壢,2023-09-18,9285
00753L,中信中國50正2,138,0,138,凱基-中壢,2023-09-18,9285
2313,華通,219,107,112,凱基-中壢,2023-09-18,9285
00915,凱基優選高股息30,105,0,105,凱基-中壢,2023-09-18,9285
00650L,復華香港正2,148,55,93,凱基-中壢,2023-09-18,9285
00751B,元大AAA至A公司債,81,0,81,凱基-中壢,2023-09-18,9285
2363,矽統,166,90,76,凱基-中壢,2023-09-18,9285
2027,大成鋼,54,0,54,凱基-中壢,2023-09-18,9285
2402,毅嘉,47,2,45,凱基-中壢,2023-09-18,9285
2382,廣達,75,30,45,凱基-中壢,2023-09-18,9285
4908,前鼎,51,8,43,凱基-中壢,2023-09-18,9285
00679B,元大美債20年,42,0,42,凱基-中壢,2023-09-18,9285
2358,廷鑫,52,12,40,凱基-中壢,2023-09-18,9285
2330,台積電,41,3,38,凱基-中壢,2023-09-18,9285
3231,緯創,71,35,36,凱基-中壢,2023-09-18,9285
2603,長榮,58,25,33,凱基-中壢,2023-09-18,9285
3059,華晶科,31,1,30,凱基-中壢,2023-09-18,9285
00878,國泰永續高股息,94,64,30,凱基-中壢,2023-09-18,9285
2303,聯電,83,55,28,凱基-中壢,2023-09-18,9285
00687B,國泰20年美債,26,0,26,凱基-中壢,2023-09-18,9285
00921,兆豐龍頭等權重,25,0,25,凱基-中壢,2023-09-18,9285
2352,佳世達,24,0,24,凱基-中壢,2023-09-18,9285
3481,群創,29,6,23,凱基-中壢,2023-09-18,9285
2323,中環,23,0,23,凱基-中壢,2023-09-18,9285
00922,國泰台灣領袖50,22,0,22,凱基-中壢,2023-09-18,9285
2340,台亞,22,0,22,凱基-中壢,2023-09-18,9285
2354,鴻準,22,0,22,凱基-中壢,2023-09-18,9285
0056,元大高股息,23,2,21,凱基-中壢,2023-09-18,9285
1101,台泥,23,2,21,凱基-中壢,2023-09-18,9285
5225,東科-KY,32,11,21,凱基-中壢,2023-09-18,9285
00764B,群益25年美債,21,0,21,凱基-中壢,2023-09-18,9285
00931B,統一美債20年,20,0,20,凱基-中壢,2023-09-18,9285
2376,技嘉,45,27,18,凱基-中壢,2023-09-18,9285
3037,欣興,24,5,19,凱基-中壢,2023-09-18,9285
00680L,元大美債20正2,18,0,18,凱基-中壢,2023-09-18,9285
2606,裕民,28,10,18,凱基-中壢,2023-09-18,9285
3622,洋華,17,0,17,凱基-中壢,2023-09-18,9285
2312,金寶,22,5,17,凱基-中壢,2023-09-18,9285
00713,元大台灣高息低波,16,0,16,凱基-中壢,2023-09-18,9285
3264,欣銓,24,8,16,凱基-中壢,2023-09-18,9285
00772B,中信高評級公司債,16,0,16,凱基-中壢,2023-09-18,9285
3024,憶聲,17,1,16,凱基-中壢,2023-09-18,9285
3706,神達,17,2,15,凱基-中壢,2023-09-18,9285
1528,恩德,15,0,15,凱基-中壢,2023-09-18,9285
2344,華邦電,33,18,15,凱基-中壢,2023-09-18,9285
6770,力積電,16,1,15,凱基-中壢,2023-09-18,9285
8150,南茂,14,0,14,凱基-中壢,2023-09-18,9285
3450,聯鈞,28,14,14,凱基-中壢,2023-09-18,9285
2605,新興,43,29,14,凱基-中壢,2023-09-18,9285
1504,東元,637,5,632,凱基-中壢,2023-09-19,9285
00919,群益台灣精選高息,234,2,232,凱基-中壢,2023-09-19,9285
6901,鑽石投資,188,13,175,凱基-中壢,2023-09-19,9285
00929,復華台灣科技優息,277,125,152,凱基-中壢,2023-09-19,9285
00720B,元大投資級公司債,148,23,125,凱基-中壢,2023-09-19,9285
00878,國泰永續高股息,73,14,59,凱基-中壢,2023-09-19,9285
2421,建準,75,19,56,凱基-中壢,2023-09-19,9285
2538,基泰,51,3,48,凱基-中壢,2023-09-19,9285
00932,兆豐永續高息等權,46,1,45,凱基-中壢,2023-09-19,9285
2388,威盛,65,22,43,凱基-中壢,2023-09-19,9285
2358,廷鑫,35,0,35,凱基-中壢,2023-09-19,9285
2610,華航,52,17,35,凱基-中壢,2023-09-19,9285
00650L,復華香港正2,63,30,33,凱基-中壢,2023-09-19,9285
00637L,元大滬深300正2,35,4,31,凱基-中壢,2023-09-19,9285
00921,兆豐龍頭等權重,29,0,29,凱基-中壢,2023-09-19,9285
1815,富喬,96,67,29,凱基-中壢,2023-09-19,9285
2330,台積電,27,1,26,凱基-中壢,2023-09-19,9285
00753L,中信中國50正2,26,0,26,凱基-中壢,2023-09-19,9285
6451,訊芯-KY,33,8,25,凱基-中壢,2023-09-19,9285
2801,彰銀,23,0,23,凱基-中壢,2023-09-19,9285
3062,建漢,26,3,23,凱基-中壢,2023-09-19,9285
4979,華星光,35,13,22,凱基-中壢,2023-09-19,9285
6274,台燿,33,12,21,凱基-中壢,2023-09-19,9285
9919,康那香,26,5,21,凱基-中壢,2023-09-19,9285
6138,茂達,20,0,20,凱基-中壢,2023-09-19,9285
6005,群益證,20,0,20,凱基-中壢,2023-09-19,9285
3481,群創,45,26,19,凱基-中壢,2023-09-19,9285
2618,長榮航,45,27,18,凱基-中壢,2023-09-19,9285
2542,興富發,20,2,18,凱基-中壢,2023-09-19,9285
1802,台玻,21,4,17,凱基-中壢,2023-09-19,9285
3035,智原,35,18,17,凱基-中壢,2023-09-19,9285
00922,國泰台灣領袖50,16,0,16,凱基-中壢,2023-09-19,9285
2505,國揚,15,0,15,凱基-中壢,2023-09-19,9285
5220,萬達光電,15,0,15,凱基-中壢,2023-09-19,9285
4128,中天,15,0,15,凱基-中壢,2023-09-19,9285
2607,榮運,14,0,14,凱基-中壢,2023-09-19,9285
2369,菱生,15,2,13,凱基-中壢,2023-09-19,9285
2328,廣宇,14,1,13,凱基-中壢,2023-09-19,9285
00712,復華富時不動產,13,0,13,凱基-中壢,2023-09-19,9285
8358,金居,13,1,12,凱基-中壢,2023-09-19,9285
2022,聚亨,12,0,12,凱基-中壢,2023-09-19,9285
2002,中鋼,14,2,12,凱基-中壢,2023-09-19,9285
3081,聯亞,12,0,12,凱基-中壢,2023-09-19,9285
00632R,元大台灣50反1,14,2,12,凱基-中壢,2023-09-19,9285
3033,威健,11,0,11,凱基-中壢,2023-09-19,9285
3588,通嘉,12,1,11,凱基-中壢,2023-09-19,9285
1522,堤維西,62,51,11,凱基-中壢,2023-09-19,9285
1721,三晃,11,0,11,凱基-中壢,2023-09-19,9285
2405,輔信,29,18,11,凱基-中壢,2023-09-19,9285
4105,東洋,10,0,10,凱基-中壢,2023-09-19,9285
00929,復華台灣科技優息,678,314,364,凱基-中壢,2023-09-20,9285
00919,群益台灣精選高息,338,115,223,凱基-中壢,2023-09-20,9285
1504,東元,129,5,124,凱基-中壢,2023-09-20,9285
2344,華邦電,71,4,67,凱基-中壢,2023-09-20,9285
3715,定穎投控,152,90,62,凱基-中壢,2023-09-20,9285
2883,凱基金,59,1,58,凱基-中壢,2023-09-20,9285
3024,憶聲,55,4,51,凱基-中壢,2023-09-20,9285
00932,兆豐永續高息等權,49,0,49,凱基-中壢,2023-09-20,9285
00637L,元大滬深300正2,46,0,46,凱基-中壢,2023-09-20,9285
00650L,復華香港正2,46,0,46,凱基-中壢,2023-09-20,9285
3264,欣銓,54,10,44,凱基-中壢,2023-09-20,9285
6156,松上,45,1,44,凱基-中壢,2023-09-20,9285
1584,精剛,72,32,40,凱基-中壢,2023-09-20,9285
2303,聯電,60,21,39,凱基-中壢,2023-09-20,9285
00679B,元大美債20年,38,0,38,凱基-中壢,2023-09-20,9285
3481,群創,42,6,36,凱基-中壢,2023-09-20,9285
2330,台積電,36,0,36,凱基-中壢,2023-09-20,9285
2367,燿華,135,100,35,凱基-中壢,2023-09-20,9285
2405,輔信,35,2,33,凱基-中壢,2023-09-20,9285
2363,矽統,67,38,29,凱基-中壢,2023-09-20,9285
2324,仁寶,30,2,28,凱基-中壢,2023-09-20,9285
1605,華新,61,35,26,凱基-中壢,2023-09-20,9285
2354,鴻準,48,22,26,凱基-中壢,2023-09-20,9285
2359,所羅門,25,1,24,凱基-中壢,2023-09-20,9285
00921,兆豐龍頭等權重,24,0,24,凱基-中壢,2023-09-20,9285
3189,景碩,26,2,24,凱基-中壢,2023-09-20,9285
00753L,中信中國50正2,23,0,23,凱基-中壢,2023-09-20,9285
2610,華航,32,10,22,凱基-中壢,2023-09-20,9285
3694,海華,21,0,21,凱基-中壢,2023-09-20,9285
8916,光隆,20,0,20,凱基-中壢,2023-09-20,9285
3617,碩天,25,5,20,凱基-中壢,2023-09-20,9285
1533,車王電,22,2,20,凱基-中壢,2023-09-20,9285
00923,群益台ESG低碳50,20,1,19,凱基-中壢,2023-09-20,9285
2618,長榮航,36,17,19,凱基-中壢,2023-09-20,9285
00902,中信電池及儲能,27,8,19,凱基-中壢,2023-09-20,9285
1742,台蠟,19,0,19,凱基-中壢,2023-09-20,9285
1569,濱川,19,0,19,凱基-中壢,2023-09-20,9285
3231,緯創,101,83,18,凱基-中壢,2023-09-20,9285
00922,國泰台灣領袖50,18,0,18,凱基-中壢,2023-09-20,9285
8088,品安,28,10,18,凱基-中壢,2023-09-20,9285
2421,建準,24,7,17,凱基-中壢,2023-09-20,9285
3515,華擎,28,11,17,凱基-中壢,2023-09-20,9285
2208,台船,21,6,15,凱基-中壢,2023-09-20,9285
2317,鴻海,16,2,14,凱基-中壢,2023-09-20,9285
5608,四維航,16,2,14,凱基-中壢,2023-09-20,9285
00673R,期元大S＆P原油反1,15,1,14,凱基-中壢,2023-09-20,9285
3037,欣興,19,6,13,凱基-中壢,2023-09-20,9285
0056,元大高股息,31,17,14,凱基-中壢,2023-09-20,9285
00888,永豐台灣ESG,13,0,13,凱基-中壢,2023-09-20,9285
2486,一詮,13,0,13,凱基-中壢,2023-09-20,9285
00929,復華台灣科技優息,507,218,289,凱基-中壢,2023-09-21,9285
00919,群益台灣精選高息,155,19,136,凱基-中壢,2023-09-21,9285
2358,廷鑫,132,0,132,凱基-中壢,2023-09-21,9285
00637L,元大滬深300正2,81,0,81,凱基-中壢,2023-09-21,9285
2610,華航,83,6,77,凱基-中壢,2023-09-21,9285
2363,矽統,150,94,56,凱基-中壢,2023-09-21,9285
2356,英業達,82,29,53,凱基-中壢,2023-09-21,9285
00878,國泰永續高股息,225,177,48,凱基-中壢,2023-09-21,9285
00932,兆豐永續高息等權,48,1,47,凱基-中壢,2023-09-21,9285
00907,永豐優息存股,45,0,45,凱基-中壢,2023-09-21,9285
2883,凱基金,45,0,45,凱基-中壢,2023-09-21,9285
1101,台泥,51,7,44,凱基-中壢,2023-09-21,9285
2330,台積電,45,1,44,凱基-中壢,2023-09-21,9285
5880,合庫金,43,2,41,凱基-中壢,2023-09-21,9285
0050,元大台灣50,41,2,39,凱基-中壢,2023-09-21,9285
2317,鴻海,40,8,32,凱基-中壢,2023-09-21,9285
00753L,中信中國50正2,32,0,32,凱基-中壢,2023-09-21,9285
2401,凌陽,33,1,32,凱基-中壢,2023-09-21,9285
3035,智原,42,13,29,凱基-中壢,2023-09-21,9285
2606,裕民,39,11,28,凱基-中壢,2023-09-21,9285
00679B,元大美債20年,26,0,26,凱基-中壢,2023-09-21,9285
00931B,統一美債20年,30,5,25,凱基-中壢,2023-09-21,9285
2409,友達,44,19,25,凱基-中壢,2023-09-21,9285
2498,宏達電,25,1,24,凱基-中壢,2023-09-21,9285
0056,元大高股息,53,30,23,凱基-中壢,2023-09-21,9285
00650L,復華香港正2,38,15,23,凱基-中壢,2023-09-21,9285
1605,華新,24,1,23,凱基-中壢,2023-09-21,9285
2208,台船,30,8,22,凱基-中壢,2023-09-21,9285
00885,富邦越南,21,0,21,凱基-中壢,2023-09-21,9285
00900,富邦特選高股息30,21,0,21,凱基-中壢,2023-09-21,9285
3617,碩天,77,56,21,凱基-中壢,2023-09-21,9285
00688L,國泰20年美債正2,21,0,21,凱基-中壢,2023-09-21,9285
2641,正德,32,11,21,凱基-中壢,2023-09-21,9285
00902,中信電池及儲能,20,0,20,凱基-中壢,2023-09-21,9285
3694,海華,20,0,20,凱基-中壢,2023-09-21,9285
1569,濱川,20,0,20,凱基-中壢,2023-09-21,9285
3037,欣興,24,5,19,凱基-中壢,2023-09-21,9285
2303,聯電,21,2,19,凱基-中壢,2023-09-21,9285
6153,嘉聯益,20,1,19,凱基-中壢,2023-09-21,9285
00923,群益台ESG低碳50,24,6,18,凱基-中壢,2023-09-21,9285
2102,泰豐,20,2,18,凱基-中壢,2023-09-21,9285
2482,連宇,17,0,17,凱基-中壢,2023-09-21,9285
00881,國泰台灣5G+,17,0,17,凱基-中壢,2023-09-21,9285
3715,定穎投控,44,27,17,凱基-中壢,2023-09-21,9285
1319,東陽,26,10,16,凱基-中壢,2023-09-21,9285
006208,富邦台50,16,0,16,凱基-中壢,2023-09-21,9285
00922,國泰台灣領袖50,19,4,15,凱基-中壢,2023-09-21,9285
8064,東捷,18,3,15,凱基-中壢,2023-09-21,9285
3005,神基,22,7,15,凱基-中壢,2023-09-21,9285
2882,國泰金,15,1,14,凱基-中壢,2023-09-21,9285
00679B,元大美債20年,141,0,141,凱基-中壢,2023-09-22,9285
00751B,元大AAA至A公司債,89,0,89,凱基-中壢,2023-09-22,9285
00688L,國泰20年美債正2,137,50,87,凱基-中壢,2023-09-22,9285
00931B,統一美債20年,90,4,86,凱基-中壢,2023-09-22,9285
00919,群益台灣精選高息,109,38,71,凱基-中壢,2023-09-22,9285
2337,旺宏,61,0,61,凱基-中壢,2023-09-22,9285
2392,正崴,50,0,50,凱基-中壢,2023-09-22,9285
2891,中信金,48,2,46,凱基-中壢,2023-09-22,9285
2332,友訊,48,3,45,凱基-中壢,2023-09-22,9285
4173,久裕,39,0,39,凱基-中壢,2023-09-22,9285
2883,凱基金,38,0,38,凱基-中壢,2023-09-22,9285
00878,國泰永續高股息,98,62,36,凱基-中壢,2023-09-22,9285
2313,華通,104,71,33,凱基-中壢,2023-09-22,9285
00720B,元大投資級公司債,33,0,33,凱基-中壢,2023-09-22,9285
1444,力麗,98,66,32,凱基-中壢,2023-09-22,9285
2834,臺企銀,33,1,32,凱基-中壢,2023-09-22,9285
00687B,國泰20年美債,41,12,29,凱基-中壢,2023-09-22,9285
00772B,中信高評級公司債,28,0,28,凱基-中壢,2023-09-22,9285
2485,兆赫,32,7,25,凱基-中壢,2023-09-22,9285
6016,康和證,22,0,22,凱基-中壢,2023-09-22,9285
2402,毅嘉,23,1,22,凱基-中壢,2023-09-22,9285
00656R,國泰中國A50反1,20,0,20,凱基-中壢,2023-09-22,9285
3114,好德,20,0,20,凱基-中壢,2023-09-22,9285
3324,雙鴻,28,8,20,凱基-中壢,2023-09-22,9285
00764B,群益25年美債,19,0,19,凱基-中壢,2023-09-22,9285
2358,廷鑫,18,0,18,凱基-中壢,2023-09-22,9285
00922,國泰台灣領袖50,18,0,18,凱基-中壢,2023-09-22,9285
3264,欣銓,21,4,17,凱基-中壢,2023-09-22,9285
1101,台泥,17,0,17,凱基-中壢,2023-09-22,9285
2330,台積電,21,4,17,凱基-中壢,2023-09-22,9285
3037,欣興,29,12,17,凱基-中壢,2023-09-22,9285
6158,禾昌,17,0,17,凱基-中壢,2023-09-22,9285
9929,秋雨,15,0,15,凱基-中壢,2023-09-22,9285
0050,元大台灣50,14,0,14,凱基-中壢,2023-09-22,9285
2618,長榮航,43,29,14,凱基-中壢,2023-09-22,9285
2468,華經,40,26,14,凱基-中壢,2023-09-22,9285
6156,松上,14,0,14,凱基-中壢,2023-09-22,9285
00882,中信中國高股息,13,0,13,凱基-中壢,2023-09-22,9285
3481,群創,44,31,13,凱基-中壢,2023-09-22,9285
1471,首利,16,3,13,凱基-中壢,2023-09-22,9285
00881,國泰台灣5G+,13,0,13,凱基-中壢,2023-09-22,9285
00795B,中信美國公債20年,13,0,13,凱基-中壢,2023-09-22,9285
6451,訊芯-KY,44,31,13,凱基-中壢,2023-09-22,9285
2344,華邦電,14,1,13,凱基-中壢,2023-09-22,9285
00893,國泰智能電動車,16,4,12,凱基-中壢,2023-09-22,9285
2002,中鋼,12,0,12,凱基-中壢,2023-09-22,9285
4105,東洋,12,0,12,凱基-中壢,2023-09-22,9285
2206,三陽工業,12,0,12,凱基-中壢,2023-09-22,9285
00932,兆豐永續高息等權,12,0,12,凱基-中壢,2023-09-22,9285
2722,夏都,13,2,11,凱基-中壢,2023-09-22,9285
00929,復華台灣科技優息,269,29,240,凱基-中壢,2023-09-25,9285
00637L,元大滬深300正2,280,50,230,凱基-中壢,2023-09-25,9285
1504,東元,313,89,224,凱基-中壢,2023-09-25,9285
00650L,復華香港正2,116,0,116,凱基-中壢,2023-09-25,9285
1101,台泥,76,2,74,凱基-中壢,2023-09-25,9285
00919,群益台灣精選高息,83,14,69,凱基-中壢,2023-09-25,9285
3163,波若威,71,9,62,凱基-中壢,2023-09-25,9285
3481,群創,52,1,51,凱基-中壢,2023-09-25,9285
00679B,元大美債20年,47,0,47,凱基-中壢,2023-09-25,9285
1316,上曜,40,0,40,凱基-中壢,2023-09-25,9285
2363,矽統,93,55,38,凱基-中壢,2023-09-25,9285
6442,光聖,43,9,34,凱基-中壢,2023-09-25,9285
2317,鴻海,32,0,32,凱基-中壢,2023-09-25,9285
00930,永豐ESG低碳高息,31,0,31,凱基-中壢,2023-09-25,9285
3363,上詮,65,36,29,凱基-中壢,2023-09-25,9285
00931B,統一美債20年,28,1,27,凱基-中壢,2023-09-25,9285
2618,長榮航,42,17,25,凱基-中壢,2023-09-25,9285
3036,文曄,34,9,25,凱基-中壢,2023-09-25,9285
3706,神達,42,18,24,凱基-中壢,2023-09-25,9285
2641,正德,20,0,20,凱基-中壢,2023-09-25,9285
3013,晟銘電,48,29,19,凱基-中壢,2023-09-25,9285
9945,潤泰新,18,1,17,凱基-中壢,2023-09-25,9285
5425,台半,30,13,17,凱基-中壢,2023-09-25,9285
8034,榮群,16,0,16,凱基-中壢,2023-09-25,9285
2382,廣達,52,36,16,凱基-中壢,2023-09-25,9285
2605,新興,16,1,15,凱基-中壢,2023-09-25,9285
8201,無敵,15,0,15,凱基-中壢,2023-09-25,9285
8928,鉅明,15,0,15,凱基-中壢,2023-09-25,9285
2883,凱基金,24,10,14,凱基-中壢,2023-09-25,9285
8916,光隆,14,0,14,凱基-中壢,2023-09-25,9285
2316,楠梓電,25,12,13,凱基-中壢,2023-09-25,9285
2402,毅嘉,17,4,13,凱基-中壢,2023-09-25,9285
2881,富邦金,13,0,13,凱基-中壢,2023-09-25,9285
00902,中信電池及儲能,12,0,12,凱基-中壢,2023-09-25,9285
2882,國泰金,12,0,12,凱基-中壢,2023-09-25,9285
3059,華晶科,12,0,12,凱基-中壢,2023-09-25,9285
2358,廷鑫,29,18,11,凱基-中壢,2023-09-25,9285
00753L,中信中國50正2,11,0,11,凱基-中壢,2023-09-25,9285
2409,友達,12,2,10,凱基-中壢,2023-09-25,9285
1806,冠軍,10,0,10,凱基-中壢,2023-09-25,9285
6547,高端疫苗,10,0,10,凱基-中壢,2023-09-25,9285
006205,富邦上証,10,0,10,凱基-中壢,2023-09-25,9285
2436,偉詮電,11,1,10,凱基-中壢,2023-09-25,9285
2867,三商壽,10,0,10,凱基-中壢,2023-09-25,9285
1605,華新,10,0,10,凱基-中壢,2023-09-25,9285
3011,今皓,10,0,10,凱基-中壢,2023-09-25,9285
1584,精剛,36,26,10,凱基-中壢,2023-09-25,9285
006208,富邦台50,10,0,10,凱基-中壢,2023-09-25,9285
8112,至上,16,7,9,凱基-中壢,2023-09-25,9285
3338,泰碩,9,0,9,凱基-中壢,2023-09-25,9285
2313,華通,227,57,170,凱基-中壢,2023-09-26,9285
00929,復華台灣科技優息,208,65,143,凱基-中壢,2023-09-26,9285
00650L,復華香港正2,131,10,121,凱基-中壢,2023-09-26,9285
00919,群益台灣精選高息,117,3,114,凱基-中壢,2023-09-26,9285
00637L,元大滬深300正2,108,0,108,凱基-中壢,2023-09-26,9285
00878,國泰永續高股息,82,10,72,凱基-中壢,2023-09-26,9285
2538,基泰,69,2,67,凱基-中壢,2023-09-26,9285
3481,群創,64,1,63,凱基-中壢,2023-09-26,9285
00751B,元大AAA至A公司債,63,0,63,凱基-中壢,2023-09-26,9285
00665L,富邦�琤肭磪囓�2,163,100,63,凱基-中壢,2023-09-26,9285
00905,FT臺灣Smart,59,0,59,凱基-中壢,2023-09-26,9285
1522,堤維西,114,58,56,凱基-中壢,2023-09-26,9285
00712,復華富時不動產,79,30,49,凱基-中壢,2023-09-26,9285
4173,久裕,38,0,38,凱基-中壢,2023-09-26,9285
2402,毅嘉,43,7,36,凱基-中壢,2023-09-26,9285
3715,定穎投控,79,46,33,凱基-中壢,2023-09-26,9285
00772B,中信高評級公司債,30,0,30,凱基-中壢,2023-09-26,9285
2206,三陽工業,77,48,29,凱基-中壢,2023-09-26,9285
6282,康舒,30,2,28,凱基-中壢,2023-09-26,9285
6596,寬宏藝術,27,0,27,凱基-中壢,2023-09-26,9285
2367,燿華,29,4,25,凱基-中壢,2023-09-26,9285
9945,潤泰新,24,0,24,凱基-中壢,2023-09-26,9285
2498,宏達電,23,0,23,凱基-中壢,2023-09-26,9285
1101,台泥,24,1,23,凱基-中壢,2023-09-26,9285
00687B,國泰20年美債,23,0,23,凱基-中壢,2023-09-26,9285
2330,台積電,23,0,23,凱基-中壢,2023-09-26,9285
2388,威盛,65,43,22,凱基-中壢,2023-09-26,9285
1608,華榮,28,6,22,凱基-中壢,2023-09-26,9285
0050,元大台灣50,22,0,22,凱基-中壢,2023-09-26,9285
2303,聯電,32,10,22,凱基-中壢,2023-09-26,9285
0056,元大高股息,25,3,22,凱基-中壢,2023-09-26,9285
3189,景碩,21,0,21,凱基-中壢,2023-09-26,9285
2834,臺企銀,22,1,21,凱基-中壢,2023-09-26,9285
00680L,元大美債20正2,21,0,21,凱基-中壢,2023-09-26,9285
00931B,統一美債20年,20,0,20,凱基-中壢,2023-09-26,9285
6770,力積電,25,5,20,凱基-中壢,2023-09-26,9285
2356,英業達,23,3,20,凱基-中壢,2023-09-26,9285
4906,正文,22,3,19,凱基-中壢,2023-09-26,9285
2344,華邦電,25,6,19,凱基-中壢,2023-09-26,9285
2610,華航,23,4,19,凱基-中壢,2023-09-26,9285
5452,佶優,27,8,19,凱基-中壢,2023-09-26,9285
2614,東森,21,2,19,凱基-中壢,2023-09-26,9285
3491,昇達科,23,5,18,凱基-中壢,2023-09-26,9285
2634,漢翔,29,12,17,凱基-中壢,2023-09-26,9285
00720B,元大投資級公司債,17,0,17,凱基-中壢,2023-09-26,9285
00932,兆豐永續高息等權,17,0,17,凱基-中壢,2023-09-26,9285
00923,群益台ESG低碳50,17,0,17,凱基-中壢,2023-09-26,9285
2002,中鋼,18,2,16,凱基-中壢,2023-09-26,9285
8938,明安,19,3,16,凱基-中壢,2023-09-26,9285
8358,金居,17,1,16,凱基-中壢,2023-09-26,9285
00929,復華台灣科技優息,242,48,194,凱基-中壢,2023-09-27,9285
00712,復華富時不動產,161,53,108,凱基-中壢,2023-09-27,9285
00882,中信中國高股息,102,0,102,凱基-中壢,2023-09-27,9285
00919,群益台灣精選高息,80,22,58,凱基-中壢,2023-09-27,9285
00688L,國泰20年美債正2,55,0,55,凱基-中壢,2023-09-27,9285
1314,中石化,54,0,54,凱基-中壢,2023-09-27,9285
00900,富邦特選高股息30,40,1,39,凱基-中壢,2023-09-27,9285
3491,昇達科,34,1,33,凱基-中壢,2023-09-27,9285
3617,碩天,38,9,29,凱基-中壢,2023-09-27,9285
2887,台新金,37,8,29,凱基-中壢,2023-09-27,9285
1609,大亞,114,90,24,凱基-中壢,2023-09-27,9285
2834,臺企銀,25,2,23,凱基-中壢,2023-09-27,9285
2002,中鋼,58,36,22,凱基-中壢,2023-09-27,9285
2376,技嘉,43,23,20,凱基-中壢,2023-09-27,9285
00679B,元大美債20年,20,0,20,凱基-中壢,2023-09-27,9285
3036,文曄,33,15,18,凱基-中壢,2023-09-27,9285
2888,新光金,22,5,17,凱基-中壢,2023-09-27,9285
3630,新鉅科,17,0,17,凱基-中壢,2023-09-27,9285
00720B,元大投資級公司債,16,0,16,凱基-中壢,2023-09-27,9285
1101,台泥,16,1,15,凱基-中壢,2023-09-27,9285
3037,欣興,21,6,15,凱基-中壢,2023-09-27,9285
3704,合勤控,19,5,14,凱基-中壢,2023-09-27,9285
1618,合機,60,46,14,凱基-中壢,2023-09-27,9285
2634,漢翔,26,13,13,凱基-中壢,2023-09-27,9285
2892,第一金,13,0,13,凱基-中壢,2023-09-27,9285
00637L,元大滬深300正2,13,0,13,凱基-中壢,2023-09-27,9285
2023,燁輝,13,0,13,凱基-中壢,2023-09-27,9285
6806,森崴能源,16,4,12,凱基-中壢,2023-09-27,9285
1471,首利,12,0,12,凱基-中壢,2023-09-27,9285
2303,聯電,33,22,11,凱基-中壢,2023-09-27,9285
00772B,中信高評級公司債,11,0,11,凱基-中壢,2023-09-27,9285
2884,玉山金,11,0,11,凱基-中壢,2023-09-27,9285
1809,中釉,11,0,11,凱基-中壢,2023-09-27,9285
5227,立凱-KY,11,0,11,凱基-中壢,2023-09-27,9285
4542,科嶠,16,5,11,凱基-中壢,2023-09-27,9285
1301,台塑,10,0,10,凱基-中壢,2023-09-27,9285
00852L,國泰美國道瓊正2,10,0,10,凱基-中壢,2023-09-27,9285
3694,海華,10,0,10,凱基-中壢,2023-09-27,9285
1815,富喬,51,41,10,凱基-中壢,2023-09-27,9285
4908,前鼎,28,18,10,凱基-中壢,2023-09-27,9285
2355,敬鵬,13,3,10,凱基-中壢,2023-09-27,9285
0056,元大高股息,15,5,10,凱基-中壢,2023-09-27,9285
2603,長榮,12,3,9,凱基-中壢,2023-09-27,9285
2801,彰銀,9,0,9,凱基-中壢,2023-09-27,9285
2538,基泰,77,68,9,凱基-中壢,2023-09-27,9285
8420,明揚,47,38,9,凱基-中壢,2023-09-27,9285
2317,鴻海,9,0,9,凱基-中壢,2023-09-27,9285
1605,華新,8,0,8,凱基-中壢,2023-09-27,9285
3217,優群,11,3,8,凱基-中壢,2023-09-27,9285
1612,宏泰,21,13,8,凱基-中壢,2023-09-27,9285
2913,農林,102,1,101,凱基-中壢,2023-09-28,9285
00650L,復華香港正2,112,19,93,凱基-中壢,2023-09-28,9285
00665L,富邦�琤肭磪囓�2,75,0,75,凱基-中壢,2023-09-28,9285
00679B,元大美債20年,62,0,62,凱基-中壢,2023-09-28,9285
6244,茂迪,50,0,50,凱基-中壢,2023-09-28,9285
2332,友訊,50,2,48,凱基-中壢,2023-09-28,9285
00751B,元大AAA至A公司債,47,0,47,凱基-中壢,2023-09-28,9285
00673R,期元大S＆P原油反1,52,5,47,凱基-中壢,2023-09-28,9285
2610,華航,44,2,42,凱基-中壢,2023-09-28,9285
2401,凌陽,40,0,40,凱基-中壢,2023-09-28,9285
2313,華通,78,46,32,凱基-中壢,2023-09-28,9285
2344,華邦電,31,1,30,凱基-中壢,2023-09-28,9285
2408,南亞科,29,2,27,凱基-中壢,2023-09-28,9285
2834,臺企銀,27,0,27,凱基-中壢,2023-09-28,9285
00929,復華台灣科技優息,107,83,24,凱基-中壢,2023-09-28,9285
2023,燁輝,23,0,23,凱基-中壢,2023-09-28,9285
3630,新鉅科,25,2,23,凱基-中壢,2023-09-28,9285
2605,新興,26,4,22,凱基-中壢,2023-09-28,9285
00633L,富邦上証正2,26,4,22,凱基-中壢,2023-09-28,9285
00720B,元大投資級公司債,22,0,22,凱基-中壢,2023-09-28,9285
3163,波若威,40,19,21,凱基-中壢,2023-09-28,9285
3036,文曄,57,37,20,凱基-中壢,2023-09-28,9285
00931B,統一美債20年,26,7,19,凱基-中壢,2023-09-28,9285
00687B,國泰20年美債,21,2,19,凱基-中壢,2023-09-28,9285
00772B,中信高評級公司債,19,0,19,凱基-中壢,2023-09-28,9285
2458,義隆,20,1,19,凱基-中壢,2023-09-28,9285
8916,光隆,19,0,19,凱基-中壢,2023-09-28,9285
3450,聯鈞,34,15,19,凱基-中壢,2023-09-28,9285
5426,振發,18,0,18,凱基-中壢,2023-09-28,9285
3013,晟銘電,40,23,17,凱基-中壢,2023-09-28,9285
3481,群創,16,0,16,凱基-中壢,2023-09-28,9285
00753L,中信中國50正2,16,0,16,凱基-中壢,2023-09-28,9285
2324,仁寶,22,6,16,凱基-中壢,2023-09-28,9285
2603,長榮,16,0,16,凱基-中壢,2023-09-28,9285
00795B,中信美國公債20年,15,0,15,凱基-中壢,2023-09-28,9285
3231,緯創,99,84,15,凱基-中壢,2023-09-28,9285
2468,華經,17,2,15,凱基-中壢,2023-09-28,9285
2482,連宇,14,0,14,凱基-中壢,2023-09-28,9285
2457,飛宏,16,2,14,凱基-中壢,2023-09-28,9285
6116,彩晶,15,1,14,凱基-中壢,2023-09-28,9285
2887,台新金,15,1,14,凱基-中壢,2023-09-28,9285
6547,高端疫苗,14,0,14,凱基-中壢,2023-09-28,9285
2485,兆赫,17,3,14,凱基-中壢,2023-09-28,9285
4763,材料-KY,14,1,13,凱基-中壢,2023-09-28,9285
6541,泰福-KY,13,1,12,凱基-中壢,2023-09-28,9285
3715,定穎投控,125,113,12,凱基-中壢,2023-09-28,9285
00878,國泰永續高股息,14,2,12,凱基-中壢,2023-09-28,9285
00857B,永豐20年美公債,11,0,11,凱基-中壢,2023-09-28,9285
2316,楠梓電,22,11,11,凱基-中壢,2023-09-28,9285
8105,凌巨,11,0,11,凱基-中壢,2023-09-28,9285
00650L,復華香港正2,115,0,115,凱基-中壢,2023-10-02,9285
00637L,元大滬深300正2,139,31,108,凱基-中壢,2023-10-02,9285
2883,凱基金,104,0,104,凱基-中壢,2023-10-02,9285
3325,旭品,122,26,96,凱基-中壢,2023-10-02,9285
00929,復華台灣科技優息,125,41,84,凱基-中壢,2023-10-02,9285
00720B,元大投資級公司債,66,0,66,凱基-中壢,2023-10-02,9285
2618,長榮航,79,14,65,凱基-中壢,2023-10-02,9285
1409,新纖,60,0,60,凱基-中壢,2023-10-02,9285
00687B,國泰20年美債,58,5,53,凱基-中壢,2023-10-02,9285
1308,亞聚,50,0,50,凱基-中壢,2023-10-02,9285
00751B,元大AAA至A公司債,47,0,47,凱基-中壢,2023-10-02,9285
00712,復華富時不動產,40,2,38,凱基-中壢,2023-10-02,9285
00632R,元大台灣50反1,35,0,35,凱基-中壢,2023-10-02,9285
2367,燿華,38,5,33,凱基-中壢,2023-10-02,9285
2324,仁寶,40,7,33,凱基-中壢,2023-10-02,9285
6596,寬宏藝術,31,1,30,凱基-中壢,2023-10-02,9285
00772B,中信高評級公司債,26,0,26,凱基-中壢,2023-10-02,9285
3709,鑫聯大投控,24,0,24,凱基-中壢,2023-10-02,9285
1504,東元,32,8,24,凱基-中壢,2023-10-02,9285
2634,漢翔,23,0,23,凱基-中壢,2023-10-02,9285
2615,萬海,79,56,23,凱基-中壢,2023-10-02,9285
4173,久裕,23,0,23,凱基-中壢,2023-10-02,9285
2402,毅嘉,37,18,19,凱基-中壢,2023-10-02,9285
4979,華星光,46,27,19,凱基-中壢,2023-10-02,9285
00919,群益台灣精選高息,42,23,19,凱基-中壢,2023-10-02,9285
6585,鼎基,18,0,18,凱基-中壢,2023-10-02,9285
2303,聯電,23,5,18,凱基-中壢,2023-10-02,9285
6451,訊芯-KY,24,6,18,凱基-中壢,2023-10-02,9285
2486,一詮,36,18,18,凱基-中壢,2023-10-02,9285
2892,第一金,23,6,17,凱基-中壢,2023-10-02,9285
00688L,國泰20年美債正2,20,3,17,凱基-中壢,2023-10-02,9285
00679B,元大美債20年,17,0,17,凱基-中壢,2023-10-02,9285
2606,裕民,21,5,16,凱基-中壢,2023-10-02,9285
2344,華邦電,17,1,16,凱基-中壢,2023-10-02,9285
5465,富驊,31,15,16,凱基-中壢,2023-10-02,9285
3515,華擎,28,13,15,凱基-中壢,2023-10-02,9285
5381,合正,22,7,15,凱基-中壢,2023-10-02,9285
6757,台灣虎航,15,0,15,凱基-中壢,2023-10-02,9285
6863,永道-KY,15,1,14,凱基-中壢,2023-10-02,9285
3014,聯陽,17,3,14,凱基-中壢,2023-10-02,9285
3715,定穎投控,72,58,14,凱基-中壢,2023-10-02,9285
8916,光隆,13,0,13,凱基-中壢,2023-10-02,9285
6472,保瑞,13,0,13,凱基-中壢,2023-10-02,9285
3081,聯亞,25,12,13,凱基-中壢,2023-10-02,9285
6188,廣明,22,10,12,凱基-中壢,2023-10-02,9285
6116,彩晶,12,0,12,凱基-中壢,2023-10-02,9285
3322,建舜電,27,15,12,凱基-中壢,2023-10-02,9285
3617,碩天,12,1,11,凱基-中壢,2023-10-02,9285
2405,輔信,11,0,11,凱基-中壢,2023-10-02,9285
1101,台泥,14,4,10,凱基-中壢,2023-10-02,9285
00637L,元大滬深300正2,346,2,344,凱基-中壢,2023-10-03,9285
00650L,復華香港正2,394,80,314,凱基-中壢,2023-10-03,9285
3231,緯創,256,79,177,凱基-中壢,2023-10-03,9285
00665L,富邦�琤肭磪囓�2,138,0,138,凱基-中壢,2023-10-03,9285
2409,友達,200,80,120,凱基-中壢,2023-10-03,9285
00929,復華台灣科技優息,157,47,110,凱基-中壢,2023-10-03,9285
00712,復華富時不動產,113,5,108,凱基-中壢,2023-10-03,9285
2538,基泰,94,18,76,凱基-中壢,2023-10-03,9285
3481,群創,75,14,61,凱基-中壢,2023-10-03,9285
00907,永豐優息存股,60,0,60,凱基-中壢,2023-10-03,9285
00751B,元大AAA至A公司債,55,0,55,凱基-中壢,2023-10-03,9285
00882,中信中國高股息,55,1,54,凱基-中壢,2023-10-03,9285
2618,長榮航,114,62,52,凱基-中壢,2023-10-03,9285
00919,群益台灣精選高息,57,7,50,凱基-中壢,2023-10-03,9285
2002,中鋼,47,0,47,凱基-中壢,2023-10-03,9285
00679B,元大美債20年,46,0,46,凱基-中壢,2023-10-03,9285
00900,富邦特選高股息30,59,14,45,凱基-中壢,2023-10-03,9285
0056,元大高股息,74,32,42,凱基-中壢,2023-10-03,9285
00753L,中信中國50正2,41,0,41,凱基-中壢,2023-10-03,9285
00878,國泰永續高股息,66,26,40,凱基-中壢,2023-10-03,9285
2363,矽統,63,23,40,凱基-中壢,2023-10-03,9285
1514,亞力,71,33,38,凱基-中壢,2023-10-03,9285
00931B,統一美債20年,37,1,36,凱基-中壢,2023-10-03,9285
2356,英業達,46,13,33,凱基-中壢,2023-10-03,9285
2882,國泰金,31,0,31,凱基-中壢,2023-10-03,9285
4906,正文,29,0,29,凱基-中壢,2023-10-03,9285
00922,國泰台灣領袖50,30,4,26,凱基-中壢,2023-10-03,9285
2834,臺企銀,26,0,26,凱基-中壢,2023-10-03,9285
00720B,元大投資級公司債,35,10,25,凱基-中壢,2023-10-03,9285
1605,華新,26,2,24,凱基-中壢,2023-10-03,9285
3669,圓展,28,5,23,凱基-中壢,2023-10-03,9285
6901,鑽石投資,23,0,23,凱基-中壢,2023-10-03,9285
2402,毅嘉,44,22,22,凱基-中壢,2023-10-03,9285
00676R,富邦臺灣加權反1,20,0,20,凱基-中壢,2023-10-03,9285
6443,元晶,22,2,20,凱基-中壢,2023-10-03,9285
2382,廣達,52,33,19,凱基-中壢,2023-10-03,9285
6806,森崴能源,25,7,18,凱基-中壢,2023-10-03,9285
9945,潤泰新,17,0,17,凱基-中壢,2023-10-03,9285
2891,中信金,17,0,17,凱基-中壢,2023-10-03,9285
2610,華航,21,4,17,凱基-中壢,2023-10-03,9285
1608,華榮,20,3,17,凱基-中壢,2023-10-03,9285
2429,銘旺科,20,3,17,凱基-中壢,2023-10-03,9285
1815,富喬,118,101,17,凱基-中壢,2023-10-03,9285
8411,福貞-KY,16,0,16,凱基-中壢,2023-10-03,9285
2883,凱基金,25,9,16,凱基-中壢,2023-10-03,9285
2344,華邦電,20,5,15,凱基-中壢,2023-10-03,9285
4977,眾達-KY,18,3,15,凱基-中壢,2023-10-03,9285
1305,華夏,14,0,14,凱基-中壢,2023-10-03,9285
6442,光聖,20,6,14,凱基-中壢,2023-10-03,9285
2417,圓剛,44,30,14,凱基-中壢,2023-10-03,9285
1718,中纖,169,0,169,凱基-中壢,2023-10-04,9285
00637L,元大滬深300正2,154,0,154,凱基-中壢,2023-10-04,9285
00712,復華富時不動產,142,0,142,凱基-中壢,2023-10-04,9285
0056,元大高股息,128,3,125,凱基-中壢,2023-10-04,9285
00929,復華台灣科技優息,142,19,123,凱基-中壢,2023-10-04,9285
00688L,國泰20年美債正2,126,7,119,凱基-中壢,2023-10-04,9285
00679B,元大美債20年,139,43,96,凱基-中壢,2023-10-04,9285
2891,中信金,91,0,91,凱基-中壢,2023-10-04,9285
2888,新光金,118,32,86,凱基-中壢,2023-10-04,9285
3325,旭品,164,93,71,凱基-中壢,2023-10-04,9285
00907,永豐優息存股,69,0,69,凱基-中壢,2023-10-04,9285
00751B,元大AAA至A公司債,62,0,62,凱基-中壢,2023-10-04,9285
2834,臺企銀,60,0,60,凱基-中壢,2023-10-04,9285
2002,中鋼,69,10,59,凱基-中壢,2023-10-04,9285
1314,中石化,57,0,57,凱基-中壢,2023-10-04,9285
00922,國泰台灣領袖50,57,1,56,凱基-中壢,2023-10-04,9285
00720B,元大投資級公司債,64,10,54,凱基-中壢,2023-10-04,9285
00772B,中信高評級公司債,53,0,53,凱基-中壢,2023-10-04,9285
3450,聯鈞,63,20,43,凱基-中壢,2023-10-04,9285
1504,東元,58,16,42,凱基-中壢,2023-10-04,9285
2201,裕隆,50,10,40,凱基-中壢,2023-10-04,9285
5880,合庫金,39,0,39,凱基-中壢,2023-10-04,9285
00650L,復華香港正2,33,0,33,凱基-中壢,2023-10-04,9285
2883,凱基金,49,16,33,凱基-中壢,2023-10-04,9285
2886,兆豐金,33,0,33,凱基-中壢,2023-10-04,9285
2303,聯電,41,9,32,凱基-中壢,2023-10-04,9285
00919,群益台灣精選高息,31,0,31,凱基-中壢,2023-10-04,9285
2887,台新金,32,2,30,凱基-中壢,2023-10-04,9285
2881,富邦金,30,0,30,凱基-中壢,2023-10-04,9285
9945,潤泰新,29,0,29,凱基-中壢,2023-10-04,9285
4933,友輝,54,26,28,凱基-中壢,2023-10-04,9285
2330,台積電,32,5,27,凱基-中壢,2023-10-04,9285
00633L,富邦上証正2,40,13,27,凱基-中壢,2023-10-04,9285
2457,飛宏,27,0,27,凱基-中壢,2023-10-04,9285
00931B,統一美債20年,35,11,24,凱基-中壢,2023-10-04,9285
2498,宏達電,28,4,24,凱基-中壢,2023-10-04,9285
2884,玉山金,45,22,23,凱基-中壢,2023-10-04,9285
00882,中信中國高股息,25,3,22,凱基-中壢,2023-10-04,9285
00878,國泰永續高股息,95,73,22,凱基-中壢,2023-10-04,9285
2485,兆赫,22,1,21,凱基-中壢,2023-10-04,9285
2409,友達,27,7,20,凱基-中壢,2023-10-04,9285
2344,華邦電,21,1,20,凱基-中壢,2023-10-04,9285
6156,松上,20,0,20,凱基-中壢,2023-10-04,9285
2353,宏��,21,2,19,凱基-中壢,2023-10-04,9285
00753L,中信中國50正2,19,0,19,凱基-中壢,2023-10-04,9285
0050,元大台灣50,19,0,19,凱基-中壢,2023-10-04,9285
3481,群創,52,34,18,凱基-中壢,2023-10-04,9285
2317,鴻海,25,7,18,凱基-中壢,2023-10-04,9285
1301,台塑,18,1,17,凱基-中壢,2023-10-04,9285
1303,南亞,17,0,17,凱基-中壢,2023-10-04,9285
00712,復華富時不動產,242,1,241,凱基-中壢,2023-10-05,9285
00931B,統一美債20年,115,11,104,凱基-中壢,2023-10-05,9285
3325,旭品,134,38,96,凱基-中壢,2023-10-05,9285
00929,復華台灣科技優息,132,38,94,凱基-中壢,2023-10-05,9285
2618,長榮航,113,49,64,凱基-中壢,2023-10-05,9285
00655L,國泰中國A50正2,50,0,50,凱基-中壢,2023-10-05,9285
2409,友達,37,0,37,凱基-中壢,2023-10-05,9285
2417,圓剛,186,155,31,凱基-中壢,2023-10-05,9285
3715,定穎投控,100,69,31,凱基-中壢,2023-10-05,9285
1101,台泥,30,1,29,凱基-中壢,2023-10-05,9285
2405,輔信,30,1,29,凱基-中壢,2023-10-05,9285
00680L,元大美債20正2,28,0,28,凱基-中壢,2023-10-05,9285
00715L,期街口布蘭特正2,28,1,27,凱基-中壢,2023-10-05,9285
6596,寬宏藝術,25,0,25,凱基-中壢,2023-10-05,9285
9950,萬國通,25,0,25,凱基-中壢,2023-10-05,9285
2002,中鋼,40,16,24,凱基-中壢,2023-10-05,9285
3693,營邦,30,7,23,凱基-中壢,2023-10-05,9285
2313,華通,64,42,22,凱基-中壢,2023-10-05,9285
2387,精元,23,1,22,凱基-中壢,2023-10-05,9285
4933,友輝,41,19,22,凱基-中壢,2023-10-05,9285
1305,華夏,21,0,21,凱基-中壢,2023-10-05,9285
2382,廣達,56,35,21,凱基-中壢,2023-10-05,9285
00688L,國泰20年美債正2,20,0,20,凱基-中壢,2023-10-05,9285
2891,中信金,20,1,19,凱基-中壢,2023-10-05,9285
3017,奇鋐,34,15,19,凱基-中壢,2023-10-05,9285
6613,朋億*,18,0,18,凱基-中壢,2023-10-05,9285
2881,富邦金,18,1,17,凱基-中壢,2023-10-05,9285
6288,聯嘉,26,10,16,凱基-中壢,2023-10-05,9285
6418,詠昇,16,1,15,凱基-中壢,2023-10-05,9285
2468,華經,28,14,14,凱基-中壢,2023-10-05,9285
2883,凱基金,19,6,13,凱基-中壢,2023-10-05,9285
2363,矽統,39,27,12,凱基-中壢,2023-10-05,9285
2888,新光金,12,0,12,凱基-中壢,2023-10-05,9285
6274,台燿,29,18,11,凱基-中壢,2023-10-05,9285
2312,金寶,11,0,11,凱基-中壢,2023-10-05,9285
8467,波力-KY,16,5,11,凱基-中壢,2023-10-05,9285
00932,兆豐永續高息等權,12,2,10,凱基-中壢,2023-10-05,9285
3673,TPK-KY,10,0,10,凱基-中壢,2023-10-05,9285
2314,台揚,10,0,10,凱基-中壢,2023-10-05,9285
00923,群益台ESG低碳50,10,0,10,凱基-中壢,2023-10-05,9285
6283,淳安,10,0,10,凱基-中壢,2023-10-05,9285
4952,凌通,10,0,10,凱基-中壢,2023-10-05,9285
3006,晶豪科,16,7,9,凱基-中壢,2023-10-05,9285
3044,健鼎,12,3,9,凱基-中壢,2023-10-05,9285
8210,勤誠,12,3,9,凱基-中壢,2023-10-05,9285
3363,上詮,51,42,9,凱基-中壢,2023-10-05,9285
1795,美時,12,3,9,凱基-中壢,2023-10-05,9285
3013,晟銘電,30,21,9,凱基-中壢,2023-10-05,9285
2455,全新,13,4,9,凱基-中壢,2023-10-05,9285
2376,技嘉,31,23,8,凱基-中壢,2023-10-05,9285
00632R,元大台灣50反1,600,1,599,凱基-中壢,2023-10-06,9285
2417,圓剛,199,14,185,凱基-中壢,2023-10-06,9285
00929,復華台灣科技優息,123,4,119,凱基-中壢,2023-10-06,9285
5880,合庫金,61,2,59,凱基-中壢,2023-10-06,9285
00715L,期街口布蘭特正2,55,2,53,凱基-中壢,2023-10-06,9285
6282,康舒,52,3,49,凱基-中壢,2023-10-06,9285
1504,東元,52,8,44,凱基-中壢,2023-10-06,9285
3149,正達,37,0,37,凱基-中壢,2023-10-06,9285
00712,復華富時不動產,35,0,35,凱基-中壢,2023-10-06,9285
6220,岳豐,32,0,32,凱基-中壢,2023-10-06,9285
8011,台通,30,0,30,凱基-中壢,2023-10-06,9285
6451,訊芯-KY,62,33,29,凱基-中壢,2023-10-06,9285
6122,擎邦,33,5,28,凱基-中壢,2023-10-06,9285
8046,南電,28,0,28,凱基-中壢,2023-10-06,9285
3032,偉訓,40,19,21,凱基-中壢,2023-10-06,9285
2501,國建,20,0,20,凱基-中壢,2023-10-06,9285
00738U,期元大道瓊白銀,20,0,20,凱基-中壢,2023-10-06,9285
2641,正德,38,18,20,凱基-中壢,2023-10-06,9285
00919,群益台灣精選高息,19,0,19,凱基-中壢,2023-10-06,9285
2617,台航,20,1,19,凱基-中壢,2023-10-06,9285
1522,堤維西,31,13,18,凱基-中壢,2023-10-06,9285
00679B,元大美債20年,18,1,17,凱基-中壢,2023-10-06,9285
5426,振發,20,3,17,凱基-中壢,2023-10-06,9285
6139,亞翔,21,4,17,凱基-中壢,2023-10-06,9285
6472,保瑞,18,1,17,凱基-中壢,2023-10-06,9285
2883,凱基金,16,0,16,凱基-中壢,2023-10-06,9285
6596,寬宏藝術,16,0,16,凱基-中壢,2023-10-06,9285
3163,波若威,36,20,16,凱基-中壢,2023-10-06,9285
2458,義隆,15,0,15,凱基-中壢,2023-10-06,9285
2365,昆盈,17,2,15,凱基-中壢,2023-10-06,9285
3024,憶聲,15,0,15,凱基-中壢,2023-10-06,9285
2538,基泰,79,64,15,凱基-中壢,2023-10-06,9285
2332,友訊,16,1,15,凱基-中壢,2023-10-06,9285
2618,長榮航,39,25,14,凱基-中壢,2023-10-06,9285
1301,台塑,14,0,14,凱基-中壢,2023-10-06,9285
00773B,中信優先金融債,12,0,12,凱基-中壢,2023-10-06,9285
2637,慧洋-KY,26,14,12,凱基-中壢,2023-10-06,9285
00680L,元大美債20正2,11,0,11,凱基-中壢,2023-10-06,9285
6266,泰詠,11,0,11,凱基-中壢,2023-10-06,9285
3664,安瑞-KY,12,1,11,凱基-中壢,2023-10-06,9285
3694,海華,11,0,11,凱基-中壢,2023-10-06,9285
2409,友達,34,24,10,凱基-中壢,2023-10-06,9285
1569,濱川,10,0,10,凱基-中壢,2023-10-06,9285
00720B,元大投資級公司債,10,0,10,凱基-中壢,2023-10-06,9285
4915,致伸,10,0,10,凱基-中壢,2023-10-06,9285
00671R,富邦NASDAQ反1,10,0,10,凱基-中壢,2023-10-06,9285
3081,聯亞,17,7,10,凱基-中壢,2023-10-06,9285
8048,德勝,13,3,10,凱基-中壢,2023-10-06,9285
4542,科嶠,15,5,10,凱基-中壢,2023-10-06,9285
5439,高技,26,16,10,凱基-中壢,2023-10-06,9285
00637L,元大滬深300正2,327,0,327,凱基-中壢,2023-10-11,9285
3231,緯創,284,92,192,凱基-中壢,2023-10-11,9285
00642U,期元大S＆P石油,61,0,61,凱基-中壢,2023-10-11,9285
3715,定穎投控,157,104,53,凱基-中壢,2023-10-11,9285
2610,華航,49,3,46,凱基-中壢,2023-10-11,9285
2417,圓剛,54,9,45,凱基-中壢,2023-10-11,9285
00712,復華富時不動產,46,3,43,凱基-中壢,2023-10-11,9285
6158,禾昌,41,2,39,凱基-中壢,2023-10-11,9285
00715L,期街口布蘭特正2,42,4,38,凱基-中壢,2023-10-11,9285
3149,正達,37,0,37,凱基-中壢,2023-10-11,9285
2356,英業達,67,31,36,凱基-中壢,2023-10-11,9285
6757,台灣虎航,35,0,35,凱基-中壢,2023-10-11,9285
6120,達運,28,0,28,凱基-中壢,2023-10-11,9285
2618,長榮航,51,24,27,凱基-中壢,2023-10-11,9285
2637,慧洋-KY,30,3,27,凱基-中壢,2023-10-11,9285
2634,漢翔,32,7,25,凱基-中壢,2023-10-11,9285
8916,光隆,25,0,25,凱基-中壢,2023-10-11,9285
2392,正崴,25,0,25,凱基-中壢,2023-10-11,9285
2025,千興,20,0,20,凱基-中壢,2023-10-11,9285
2603,長榮,25,5,20,凱基-中壢,2023-10-11,9285
2376,技嘉,49,29,20,凱基-中壢,2023-10-11,9285
4540,全球傳動,20,1,19,凱基-中壢,2023-10-11,9285
1504,東元,24,6,18,凱基-中壢,2023-10-11,9285
2002,中鋼,18,0,18,凱基-中壢,2023-10-11,9285
6244,茂迪,20,2,18,凱基-中壢,2023-10-11,9285
3693,營邦,30,13,17,凱基-中壢,2023-10-11,9285
3217,優群,17,0,17,凱基-中壢,2023-10-11,9285
6443,元晶,17,0,17,凱基-中壢,2023-10-11,9285
6530,創威,22,6,16,凱基-中壢,2023-10-11,9285
8213,志超,15,0,15,凱基-中壢,2023-10-11,9285
00882,中信中國高股息,15,0,15,凱基-中壢,2023-10-11,9285
6418,詠昇,15,0,15,凱基-中壢,2023-10-11,9285
6213,聯茂,24,9,15,凱基-中壢,2023-10-11,9285
2402,毅嘉,31,17,14,凱基-中壢,2023-10-11,9285
00679B,元大美債20年,35,21,14,凱基-中壢,2023-10-11,9285
8086,宏捷科,14,1,13,凱基-中壢,2023-10-11,9285
1802,台玻,25,12,13,凱基-中壢,2023-10-11,9285
2606,裕民,14,1,13,凱基-中壢,2023-10-11,9285
8433,弘帆,13,0,13,凱基-中壢,2023-10-11,9285
2615,萬海,12,0,12,凱基-中壢,2023-10-11,9285
4979,華星光,16,4,12,凱基-中壢,2023-10-11,9285
3617,碩天,12,0,12,凱基-中壢,2023-10-11,9285
2351,順德,13,1,12,凱基-中壢,2023-10-11,9285
6290,良維,12,1,11,凱基-中壢,2023-10-11,9285
2405,輔信,12,1,11,凱基-中壢,2023-10-11,9285
2349,錸德,11,0,11,凱基-中壢,2023-10-11,9285
00888,永豐台灣ESG,11,0,11,凱基-中壢,2023-10-11,9285
6596,寬宏藝術,11,0,11,凱基-中壢,2023-10-11,9285
4908,前鼎,13,2,11,凱基-中壢,2023-10-11,9285
1569,濱川,10,0,10,凱基-中壢,2023-10-11,9285
2363,矽統,236,146,90,凱基-中壢,2023-10-12,9285
00632R,元大台灣50反1,154,78,76,凱基-中壢,2023-10-12,9285
00715L,期街口布蘭特正2,73,4,69,凱基-中壢,2023-10-12,9285
00878,國泰永續高股息,113,58,55,凱基-中壢,2023-10-12,9285
00671R,富邦NASDAQ反1,50,0,50,凱基-中壢,2023-10-12,9285
3325,旭品,61,26,35,凱基-中壢,2023-10-12,9285
00931B,統一美債20年,36,1,35,凱基-中壢,2023-10-12,9285
3617,碩天,35,1,34,凱基-中壢,2023-10-12,9285
5225,東科-KY,31,0,31,凱基-中壢,2023-10-12,9285
1522,堤維西,41,11,30,凱基-中壢,2023-10-12,9285
2881,富邦金,33,5,28,凱基-中壢,2023-10-12,9285
2605,新興,31,4,27,凱基-中壢,2023-10-12,9285
4130,健亞,27,0,27,凱基-中壢,2023-10-12,9285
2887,台新金,34,8,26,凱基-中壢,2023-10-12,9285
2105,正新,24,0,24,凱基-中壢,2023-10-12,9285
8358,金居,39,15,24,凱基-中壢,2023-10-12,9285
2458,義隆,26,2,24,凱基-中壢,2023-10-12,9285
2439,美律,23,1,22,凱基-中壢,2023-10-12,9285
1815,富喬,45,23,22,凱基-中壢,2023-10-12,9285
0056,元大高股息,34,13,21,凱基-中壢,2023-10-12,9285
6530,創威,21,1,20,凱基-中壢,2023-10-12,9285
00675L,富邦臺灣加權正2,20,0,20,凱基-中壢,2023-10-12,9285
8341,日友,18,0,18,凱基-中壢,2023-10-12,9285
2392,正崴,19,2,17,凱基-中壢,2023-10-12,9285
3450,聯鈞,22,6,16,凱基-中壢,2023-10-12,9285
3149,正達,16,0,16,凱基-中壢,2023-10-12,9285
6451,訊芯-KY,46,31,15,凱基-中壢,2023-10-12,9285
3032,偉訓,20,5,15,凱基-中壢,2023-10-12,9285
2449,京元電子,25,10,15,凱基-中壢,2023-10-12,9285
00929,復華台灣科技優息,53,40,13,凱基-中壢,2023-10-12,9285
2468,華經,19,6,13,凱基-中壢,2023-10-12,9285
00680L,元大美債20正2,13,0,13,凱基-中壢,2023-10-12,9285
1589,永冠-KY,13,1,12,凱基-中壢,2023-10-12,9285
3338,泰碩,13,1,12,凱基-中壢,2023-10-12,9285
1584,精剛,11,0,11,凱基-中壢,2023-10-12,9285
2501,國建,11,0,11,凱基-中壢,2023-10-12,9285
2637,慧洋-KY,10,0,10,凱基-中壢,2023-10-12,9285
2382,廣達,49,39,10,凱基-中壢,2023-10-12,9285
4104,佳醫,10,0,10,凱基-中壢,2023-10-12,9285
00720B,元大投資級公司債,10,0,10,凱基-中壢,2023-10-12,9285
5471,松翰,10,0,10,凱基-中壢,2023-10-12,9285
3062,建漢,10,0,10,凱基-中壢,2023-10-12,9285
2867,三商壽,10,0,10,凱基-中壢,2023-10-12,9285
3037,欣興,13,4,9,凱基-中壢,2023-10-12,9285
00899,FT潔淨能源,9,0,9,凱基-中壢,2023-10-12,9285
1324,地球,14,5,9,凱基-中壢,2023-10-12,9285
2465,麗臺,15,6,9,凱基-中壢,2023-10-12,9285
6257,矽格,8,0,8,凱基-中壢,2023-10-12,9285
3093,港建*,8,0,8,凱基-中壢,2023-10-12,9285
6191,精成科,8,0,8,凱基-中壢,2023-10-12,9285
0056,元大高股息,142,0,142,凱基-中壢,2023-10-13,9285
2363,矽統,363,266,97,凱基-中壢,2023-10-13,9285
3231,緯創,127,50,77,凱基-中壢,2023-10-13,9285
3062,建漢,51,1,50,凱基-中壢,2023-10-13,9285
00919,群益台灣精選高息,57,12,45,凱基-中壢,2023-10-13,9285
3706,神達,68,23,45,凱基-中壢,2023-10-13,9285
2421,建準,43,0,43,凱基-中壢,2023-10-13,9285
00679B,元大美債20年,40,2,38,凱基-中壢,2023-10-13,9285
2329,華泰,35,3,32,凱基-中壢,2023-10-13,9285
2382,廣達,76,44,32,凱基-中壢,2023-10-13,9285
00878,國泰永續高股息,53,22,31,凱基-中壢,2023-10-13,9285
00929,復華台灣科技優息,45,15,30,凱基-中壢,2023-10-13,9285
2495,普安,31,1,30,凱基-中壢,2023-10-13,9285
8930,青鋼,30,0,30,凱基-中壢,2023-10-13,9285
4532,瑞智,30,0,30,凱基-中壢,2023-10-13,9285
1101,台泥,37,8,29,凱基-中壢,2023-10-13,9285
9950,萬國通,31,6,25,凱基-中壢,2023-10-13,9285
8996,高力,25,1,24,凱基-中壢,2023-10-13,9285
2610,華航,27,3,24,凱基-中壢,2023-10-13,9285
1815,富喬,75,51,24,凱基-中壢,2023-10-13,9285
00680L,元大美債20正2,22,0,22,凱基-中壢,2023-10-13,9285
2615,萬海,22,0,22,凱基-中壢,2023-10-13,9285
00712,復華富時不動產,22,1,21,凱基-中壢,2023-10-13,9285
1783,和康生,20,0,20,凱基-中壢,2023-10-13,9285
2301,光寶科,30,11,19,凱基-中壢,2023-10-13,9285
3481,群創,25,6,19,凱基-中壢,2023-10-13,9285
00751B,元大AAA至A公司債,19,0,19,凱基-中壢,2023-10-13,9285
2388,威盛,57,38,19,凱基-中壢,2023-10-13,9285
2426,鼎元,23,5,18,凱基-中壢,2023-10-13,9285
1742,台蠟,18,0,18,凱基-中壢,2023-10-13,9285
1603,華電,19,3,16,凱基-中壢,2023-10-13,9285
6170,統振,18,2,16,凱基-中壢,2023-10-13,9285
2883,凱基金,16,1,15,凱基-中壢,2023-10-13,9285
1513,中興電,17,2,15,凱基-中壢,2023-10-13,9285
00665L,富邦�琤肭磪囓�2,15,0,15,凱基-中壢,2023-10-13,9285
2606,裕民,16,1,15,凱基-中壢,2023-10-13,9285
2233,宇隆,50,36,14,凱基-中壢,2023-10-13,9285
00633L,富邦上証正2,18,4,14,凱基-中壢,2023-10-13,9285
8916,光隆,14,0,14,凱基-中壢,2023-10-13,9285
3673,TPK-KY,14,1,13,凱基-中壢,2023-10-13,9285
2409,友達,21,9,12,凱基-中壢,2023-10-13,9285
8341,日友,12,0,12,凱基-中壢,2023-10-13,9285
3163,波若威,32,20,12,凱基-中壢,2023-10-13,9285
6150,撼訊,12,0,12,凱基-中壢,2023-10-13,9285
00882,中信中國高股息,12,0,12,凱基-中壢,2023-10-13,9285
00885,富邦越南,12,0,12,凱基-中壢,2023-10-13,9285
3515,華擎,12,0,12,凱基-中壢,2023-10-13,9285
2376,技嘉,22,10,12,凱基-中壢,2023-10-13,9285
2425,承啟,15,4,11,凱基-中壢,2023-10-13,9285
6158,禾昌,20,9,11,凱基-中壢,2023-10-13,9285
00650L,復華香港正2,460,0,460,凱基-中壢,2023-10-16,9285
00929,復華台灣科技優息,440,25,415,凱基-中壢,2023-10-16,9285
0056,元大高股息,334,10,324,凱基-中壢,2023-10-16,9285
00719B,元大美債1-3,153,0,153,凱基-中壢,2023-10-16,9285
00637L,元大滬深300正2,129,1,128,凱基-中壢,2023-10-16,9285
1605,華新,127,6,121,凱基-中壢,2023-10-16,9285
2610,華航,138,35,103,凱基-中壢,2023-10-16,9285
2618,長榮航,125,30,95,凱基-中壢,2023-10-16,9285
00919,群益台灣精選高息,65,2,63,凱基-中壢,2023-10-16,9285
00878,國泰永續高股息,82,23,59,凱基-中壢,2023-10-16,9285
6530,創威,63,6,57,凱基-中壢,2023-10-16,9285
2344,華邦電,74,19,55,凱基-中壢,2023-10-16,9285
2390,云辰,55,0,55,凱基-中壢,2023-10-16,9285
00712,復華富時不動產,49,0,49,凱基-中壢,2023-10-16,9285
00720B,元大投資級公司債,44,0,44,凱基-中壢,2023-10-16,9285
4908,前鼎,56,14,42,凱基-中壢,2023-10-16,9285
1522,堤維西,51,10,41,凱基-中壢,2023-10-16,9285
3706,神達,50,12,38,凱基-中壢,2023-10-16,9285
2206,三陽工業,35,2,33,凱基-中壢,2023-10-16,9285
4503,金雨,35,9,26,凱基-中壢,2023-10-16,9285
2498,宏達電,24,0,24,凱基-中壢,2023-10-16,9285
6442,光聖,29,5,24,凱基-中壢,2023-10-16,9285
6770,力積電,34,12,22,凱基-中壢,2023-10-16,9285
00679B,元大美債20年,23,1,22,凱基-中壢,2023-10-16,9285
6167,久正,20,0,20,凱基-中壢,2023-10-16,9285
00632R,元大台灣50反1,20,0,20,凱基-中壢,2023-10-16,9285
2382,廣達,34,15,19,凱基-中壢,2023-10-16,9285
2204,中華,19,0,19,凱基-中壢,2023-10-16,9285
3231,緯創,86,67,19,凱基-中壢,2023-10-16,9285
1905,華紙,26,9,17,凱基-中壢,2023-10-16,9285
2376,技嘉,21,7,14,凱基-中壢,2023-10-16,9285
2891,中信金,36,22,14,凱基-中壢,2023-10-16,9285
9907,統一實,14,0,14,凱基-中壢,2023-10-16,9285
5511,德昌,15,1,14,凱基-中壢,2023-10-16,9285
00922,國泰台灣領袖50,29,15,14,凱基-中壢,2023-10-16,9285
1217,愛之味,13,0,13,凱基-中壢,2023-10-16,9285
00905,FT臺灣Smart,13,0,13,凱基-中壢,2023-10-16,9285
00708L,期元大S＆P黃金正2,12,0,12,凱基-中壢,2023-10-16,9285
1402,遠東新,12,0,12,凱基-中壢,2023-10-16,9285
00753L,中信中國50正2,12,0,12,凱基-中壢,2023-10-16,9285
2421,建準,28,16,12,凱基-中壢,2023-10-16,9285
3006,晶豪科,18,6,12,凱基-中壢,2023-10-16,9285
2363,矽統,213,202,11,凱基-中壢,2023-10-16,9285
3260,威剛,15,4,11,凱基-中壢,2023-10-16,9285
6531,愛普*,19,8,11,凱基-中壢,2023-10-16,9285
4906,正文,12,1,11,凱基-中壢,2023-10-16,9285
5215,科嘉-KY,30,19,11,凱基-中壢,2023-10-16,9285
2201,裕隆,45,34,11,凱基-中壢,2023-10-16,9285
2388,威盛,30,19,11,凱基-中壢,2023-10-16,9285
1513,中興電,18,7,11,凱基-中壢,2023-10-16,9285
2515,中工,1065,41,1024,凱基-中壢,2023-10-17,9285
00719B,元大美債1-3,281,0,281,凱基-中壢,2023-10-17,9285
00650L,復華香港正2,184,0,184,凱基-中壢,2023-10-17,9285
0056,元大高股息,149,16,133,凱基-中壢,2023-10-17,9285
00878,國泰永續高股息,112,12,100,凱基-中壢,2023-10-17,9285
3231,緯創,202,118,84,凱基-中壢,2023-10-17,9285
3006,晶豪科,92,13,79,凱基-中壢,2023-10-17,9285
00720B,元大投資級公司債,65,0,65,凱基-中壢,2023-10-17,9285
2891,中信金,65,11,54,凱基-中壢,2023-10-17,9285
00922,國泰台灣領袖50,48,0,48,凱基-中壢,2023-10-17,9285
00919,群益台灣精選高息,57,10,47,凱基-中壢,2023-10-17,9285
1513,中興電,48,1,47,凱基-中壢,2023-10-17,9285
00751B,元大AAA至A公司債,43,0,43,凱基-中壢,2023-10-17,9285
2634,漢翔,44,2,42,凱基-中壢,2023-10-17,9285
00687B,國泰20年美債,39,0,39,凱基-中壢,2023-10-17,9285
1471,首利,39,5,34,凱基-中壢,2023-10-17,9285
00929,復華台灣科技優息,89,56,33,凱基-中壢,2023-10-17,9285
3481,群創,36,3,33,凱基-中壢,2023-10-17,9285
6274,台燿,36,5,31,凱基-中壢,2023-10-17,9285
2618,長榮航,124,95,29,凱基-中壢,2023-10-17,9285
8054,安國,38,10,28,凱基-中壢,2023-10-17,9285
9928,中視,29,2,27,凱基-中壢,2023-10-17,9285
2498,宏達電,31,5,26,凱基-中壢,2023-10-17,9285
6442,光聖,26,2,24,凱基-中壢,2023-10-17,9285
00905,FT臺灣Smart,23,1,22,凱基-中壢,2023-10-17,9285
1609,大亞,47,25,22,凱基-中壢,2023-10-17,9285
2348,海悅,22,0,22,凱基-中壢,2023-10-17,9285
2421,建準,24,4,20,凱基-中壢,2023-10-17,9285
2313,華通,78,59,19,凱基-中壢,2023-10-17,9285
4960,誠美材,25,7,18,凱基-中壢,2023-10-17,9285
2002,中鋼,21,3,18,凱基-中壢,2023-10-17,9285
2610,華航,52,34,18,凱基-中壢,2023-10-17,9285
1524,耿鼎,33,15,18,凱基-中壢,2023-10-17,9285
2368,金像電,24,6,18,凱基-中壢,2023-10-17,9285
00633L,富邦上証正2,19,2,17,凱基-中壢,2023-10-17,9285
00931B,統一美債20年,17,0,17,凱基-中壢,2023-10-17,9285
00772B,中信高評級公司債,16,0,16,凱基-中壢,2023-10-17,9285
3094,聯傑,21,5,16,凱基-中壢,2023-10-17,9285
8930,青鋼,20,4,16,凱基-中壢,2023-10-17,9285
00715L,期街口布蘭特正2,35,19,16,凱基-中壢,2023-10-17,9285
00679B,元大美債20年,55,40,15,凱基-中壢,2023-10-17,9285
00680L,元大美債20正2,15,0,15,凱基-中壢,2023-10-17,9285
6168,宏齊,38,23,15,凱基-中壢,2023-10-17,9285
5009,榮剛,14,0,14,凱基-中壢,2023-10-17,9285
3017,奇鋐,18,4,14,凱基-中壢,2023-10-17,9285
2014,中鴻,14,0,14,凱基-中壢,2023-10-17,9285
00688L,國泰20年美債正2,13,0,13,凱基-中壢,2023-10-17,9285
2402,毅嘉,13,0,13,凱基-中壢,2023-10-17,9285
00725B,國泰投資級公司債,12,0,12,凱基-中壢,2023-10-17,9285
8916,光隆,12,0,12,凱基-中壢,2023-10-17,9285
00878,國泰永續高股息,323,21,302,凱基-中壢,2023-10-18,9285
0056,元大高股息,429,141,288,凱基-中壢,2023-10-18,9285
00929,復華台灣科技優息,186,7,179,凱基-中壢,2023-10-18,9285
00922,國泰台灣領袖50,175,4,171,凱基-中壢,2023-10-18,9285
2515,中工,162,8,154,凱基-中壢,2023-10-18,9285
00919,群益台灣精選高息,166,38,128,凱基-中壢,2023-10-18,9285
00632R,元大台灣50反1,137,39,98,凱基-中壢,2023-10-18,9285
3078,僑威,95,2,93,凱基-中壢,2023-10-18,9285
2867,三商壽,110,35,75,凱基-中壢,2023-10-18,9285
00719B,元大美債1-3,66,0,66,凱基-中壢,2023-10-18,9285
6530,創威,71,10,61,凱基-中壢,2023-10-18,9285
6274,台燿,73,14,59,凱基-中壢,2023-10-18,9285
00679B,元大美債20年,52,0,52,凱基-中壢,2023-10-18,9285
5880,合庫金,48,2,46,凱基-中壢,2023-10-18,9285
1314,中石化,48,3,45,凱基-中壢,2023-10-18,9285
3006,晶豪科,54,10,44,凱基-中壢,2023-10-18,9285
2610,華航,49,8,41,凱基-中壢,2023-10-18,9285
1101,台泥,42,4,38,凱基-中壢,2023-10-18,9285
6168,宏齊,79,45,34,凱基-中壢,2023-10-18,9285
3715,定穎投控,131,98,33,凱基-中壢,2023-10-18,9285
6203,海韻電,31,0,31,凱基-中壢,2023-10-18,9285
2344,華邦電,37,6,31,凱基-中壢,2023-10-18,9285
00720B,元大投資級公司債,30,0,30,凱基-中壢,2023-10-18,9285
2312,金寶,45,15,30,凱基-中壢,2023-10-18,9285
4908,前鼎,58,28,30,凱基-中壢,2023-10-18,9285
1815,富喬,29,0,29,凱基-中壢,2023-10-18,9285
2002,中鋼,36,7,29,凱基-中壢,2023-10-18,9285
2363,矽統,69,41,28,凱基-中壢,2023-10-18,9285
1513,中興電,28,2,26,凱基-中壢,2023-10-18,9285
00932,兆豐永續高息等權,25,0,25,凱基-中壢,2023-10-18,9285
6133,金橋,23,0,23,凱基-中壢,2023-10-18,9285
2913,農林,65,43,22,凱基-中壢,2023-10-18,9285
00927,群益半導體收益,22,0,22,凱基-中壢,2023-10-18,9285
8358,金居,23,1,22,凱基-中壢,2023-10-18,9285
1210,大成,22,1,21,凱基-中壢,2023-10-18,9285
6113,亞矽,26,5,21,凱基-中壢,2023-10-18,9285
8054,安國,20,0,20,凱基-中壢,2023-10-18,9285
00665L,富邦�琤肭磪囓�2,20,0,20,凱基-中壢,2023-10-18,9285
4976,佳凌,20,0,20,凱基-中壢,2023-10-18,9285
1524,耿鼎,18,0,18,凱基-中壢,2023-10-18,9285
2516,新建,20,2,18,凱基-中壢,2023-10-18,9285
2201,裕隆,54,37,17,凱基-中壢,2023-10-18,9285
6451,訊芯-KY,22,5,17,凱基-中壢,2023-10-18,9285
00715L,期街口布蘭特正2,31,14,17,凱基-中壢,2023-10-18,9285
8930,青鋼,20,3,17,凱基-中壢,2023-10-18,9285
1102,亞泥,15,0,15,凱基-中壢,2023-10-18,9285
9951,皇田,15,0,15,凱基-中壢,2023-10-18,9285
5215,科嘉-KY,18,3,15,凱基-中壢,2023-10-18,9285
2618,長榮航,77,62,15,凱基-中壢,2023-10-18,9285
00751B,元大AAA至A公司債,14,0,14,凱基-中壢,2023-10-18,9285
0056,元大高股息,289,5,284,凱基-中壢,2023-10-19,9285
00933B,國泰10Y+金融債,417,178,239,凱基-中壢,2023-10-19,9285
00922,國泰台灣領袖50,233,1,232,凱基-中壢,2023-10-19,9285
2515,中工,162,11,151,凱基-中壢,2023-10-19,9285
1101,台泥,88,0,88,凱基-中壢,2023-10-19,9285
00720B,元大投資級公司債,87,2,85,凱基-中壢,2023-10-19,9285
00878,國泰永續高股息,134,54,80,凱基-中壢,2023-10-19,9285
00929,復華台灣科技優息,82,27,55,凱基-中壢,2023-10-19,9285
00679B,元大美債20年,56,2,54,凱基-中壢,2023-10-19,9285
00931B,統一美債20年,64,15,49,凱基-中壢,2023-10-19,9285
00687B,國泰20年美債,49,0,49,凱基-中壢,2023-10-19,9285
8176,智捷,47,14,33,凱基-中壢,2023-10-19,9285
00751B,元大AAA至A公司債,30,0,30,凱基-中壢,2023-10-19,9285
2501,國建,30,0,30,凱基-中壢,2023-10-19,9285
00919,群益台灣精選高息,35,5,30,凱基-中壢,2023-10-19,9285
1471,首利,31,2,29,凱基-中壢,2023-10-19,9285
2883,凱基金,33,5,28,凱基-中壢,2023-10-19,9285
2816,旺旺保,44,17,27,凱基-中壢,2023-10-19,9285
2458,義隆,26,0,26,凱基-中壢,2023-10-19,9285
00772B,中信高評級公司債,26,0,26,凱基-中壢,2023-10-19,9285
3260,威剛,48,22,26,凱基-中壢,2023-10-19,9285
2317,鴻海,27,5,22,凱基-中壢,2023-10-19,9285
00753L,中信中國50正2,21,0,21,凱基-中壢,2023-10-19,9285
00907,永豐優息存股,20,0,20,凱基-中壢,2023-10-19,9285
6113,亞矽,28,8,20,凱基-中壢,2023-10-19,9285
6158,禾昌,30,11,19,凱基-中壢,2023-10-19,9285
1760,寶齡富錦,60,41,19,凱基-中壢,2023-10-19,9285
3037,欣興,22,4,18,凱基-中壢,2023-10-19,9285
2486,一詮,29,11,18,凱基-中壢,2023-10-19,9285
2376,技嘉,27,9,18,凱基-中壢,2023-10-19,9285
2208,台船,18,0,18,凱基-中壢,2023-10-19,9285
6231,系微,22,6,16,凱基-中壢,2023-10-19,9285
2425,承啟,15,0,15,凱基-中壢,2023-10-19,9285
6153,嘉聯益,15,0,15,凱基-中壢,2023-10-19,9285
1513,中興電,19,5,14,凱基-中壢,2023-10-19,9285
00893,國泰智能電動車,14,0,14,凱基-中壢,2023-10-19,9285
2610,華航,30,16,14,凱基-中壢,2023-10-19,9285
6770,力積電,15,1,14,凱基-中壢,2023-10-19,9285
2882,國泰金,15,1,14,凱基-中壢,2023-10-19,9285
00902,中信電池及儲能,13,0,13,凱基-中壢,2023-10-19,9285
2886,兆豐金,17,4,13,凱基-中壢,2023-10-19,9285
1305,華夏,16,3,13,凱基-中壢,2023-10-19,9285
3481,群創,13,0,13,凱基-中壢,2023-10-19,9285
6223,旺矽,14,2,12,凱基-中壢,2023-10-19,9285
2888,新光金,12,0,12,凱基-中壢,2023-10-19,9285
9951,皇田,12,0,12,凱基-中壢,2023-10-19,9285
00715L,期街口布蘭特正2,33,21,12,凱基-中壢,2023-10-19,9285
00752,中信中國50,12,0,12,凱基-中壢,2023-10-19,9285
1723,中碳,12,0,12,凱基-中壢,2023-10-19,9285
00905,FT臺灣Smart,12,0,12,凱基-中壢,2023-10-19,9285
00673R,期元大S＆P原油反1,299,0,299,凱基-中壢,2023-10-20,9285
00929,復華台灣科技優息,241,39,202,凱基-中壢,2023-10-20,9285
00933B,國泰10Y+金融債,183,5,178,凱基-中壢,2023-10-20,9285
00919,群益台灣精選高息,98,4,94,凱基-中壢,2023-10-20,9285
00878,國泰永續高股息,236,142,94,凱基-中壢,2023-10-20,9285
00632R,元大台灣50反1,82,0,82,凱基-中壢,2023-10-20,9285
00712,復華富時不動產,107,31,76,凱基-中壢,2023-10-20,9285
0056,元大高股息,107,34,73,凱基-中壢,2023-10-20,9285
00679B,元大美債20年,69,0,69,凱基-中壢,2023-10-20,9285
6530,創威,90,22,68,凱基-中壢,2023-10-20,9285
2883,凱基金,83,23,60,凱基-中壢,2023-10-20,9285
00753L,中信中國50正2,54,0,54,凱基-中壢,2023-10-20,9285
00688L,國泰20年美債正2,51,0,51,凱基-中壢,2023-10-20,9285
2363,矽統,65,15,50,凱基-中壢,2023-10-20,9285
6770,力積電,51,4,47,凱基-中壢,2023-10-20,9285
2606,裕民,52,7,45,凱基-中壢,2023-10-20,9285
2002,中鋼,58,18,40,凱基-中壢,2023-10-20,9285
00720B,元大投資級公司債,31,0,31,凱基-中壢,2023-10-20,9285
2421,建準,33,2,31,凱基-中壢,2023-10-20,9285
00922,國泰台灣領袖50,29,0,29,凱基-中壢,2023-10-20,9285
1605,華新,42,13,29,凱基-中壢,2023-10-20,9285
6187,萬潤,37,11,26,凱基-中壢,2023-10-20,9285
3481,群創,63,38,25,凱基-中壢,2023-10-20,9285
3374,精材,27,2,25,凱基-中壢,2023-10-20,9285
2888,新光金,24,0,24,凱基-中壢,2023-10-20,9285
00687B,國泰20年美債,24,0,24,凱基-中壢,2023-10-20,9285
1101,台泥,30,8,22,凱基-中壢,2023-10-20,9285
3025,星通,75,53,22,凱基-中壢,2023-10-20,9285
00772B,中信高評級公司債,21,0,21,凱基-中壢,2023-10-20,9285
00633L,富邦上証正2,27,6,21,凱基-中壢,2023-10-20,9285
00885,富邦越南,22,1,21,凱基-中壢,2023-10-20,9285
9951,皇田,20,0,20,凱基-中壢,2023-10-20,9285
3325,旭品,22,2,20,凱基-中壢,2023-10-20,9285
5355,佳總,19,0,19,凱基-中壢,2023-10-20,9285
2515,中工,25,6,19,凱基-中壢,2023-10-20,9285
2405,輔信,20,1,19,凱基-中壢,2023-10-20,9285
6213,聯茂,21,4,17,凱基-中壢,2023-10-20,9285
2618,長榮航,38,21,17,凱基-中壢,2023-10-20,9285
00915,凱基優選高股息30,17,0,17,凱基-中壢,2023-10-20,9285
4960,誠美材,26,9,17,凱基-中壢,2023-10-20,9285
2884,玉山金,27,11,16,凱基-中壢,2023-10-20,9285
2356,英業達,35,19,16,凱基-中壢,2023-10-20,9285
00882,中信中國高股息,15,0,15,凱基-中壢,2023-10-20,9285
2388,威盛,26,12,14,凱基-中壢,2023-10-20,9285
00931B,統一美債20年,33,19,14,凱基-中壢,2023-10-20,9285
2317,鴻海,19,5,14,凱基-中壢,2023-10-20,9285
2634,漢翔,23,9,14,凱基-中壢,2023-10-20,9285
00751B,元大AAA至A公司債,15,1,14,凱基-中壢,2023-10-20,9285
1409,新纖,14,0,14,凱基-中壢,2023-10-20,9285
2881,富邦金,16,2,14,凱基-中壢,2023-10-20,9285
00929,復華台灣科技優息,273,33,240,凱基-中壢,2023-10-23,9285
00637L,元大滬深300正2,188,1,187,凱基-中壢,2023-10-23,9285
00650L,復華香港正2,218,79,139,凱基-中壢,2023-10-23,9285
00919,群益台灣精選高息,128,0,128,凱基-中壢,2023-10-23,9285
00712,復華富時不動產,131,8,123,凱基-中壢,2023-10-23,9285
00878,國泰永續高股息,157,51,106,凱基-中壢,2023-10-23,9285
1909,榮成,100,0,100,凱基-中壢,2023-10-23,9285
2317,鴻海,119,29,90,凱基-中壢,2023-10-23,9285
0056,元大高股息,92,11,81,凱基-中壢,2023-10-23,9285
3715,定穎投控,115,41,74,凱基-中壢,2023-10-23,9285
00715L,期街口布蘭特正2,74,13,61,凱基-中壢,2023-10-23,9285
00922,國泰台灣領袖50,56,2,54,凱基-中壢,2023-10-23,9285
00882,中信中國高股息,50,0,50,凱基-中壢,2023-10-23,9285
2891,中信金,47,0,47,凱基-中壢,2023-10-23,9285
2002,中鋼,40,0,40,凱基-中壢,2023-10-23,9285
2606,裕民,43,7,36,凱基-中壢,2023-10-23,9285
00923,群益台ESG低碳50,37,6,31,凱基-中壢,2023-10-23,9285
00687B,國泰20年美債,31,2,29,凱基-中壢,2023-10-23,9285
00753L,中信中國50正2,28,0,28,凱基-中壢,2023-10-23,9285
1781,合世,28,0,28,凱基-中壢,2023-10-23,9285
00688L,國泰20年美債正2,32,6,26,凱基-中壢,2023-10-23,9285
1568,倉佑,34,11,23,凱基-中壢,2023-10-23,9285
00720B,元大投資級公司債,35,13,22,凱基-中壢,2023-10-23,9285
00665L,富邦�琤肭磪囓�2,20,0,20,凱基-中壢,2023-10-23,9285
8110,華東,19,0,19,凱基-中壢,2023-10-23,9285
3374,精材,18,0,18,凱基-中壢,2023-10-23,9285
00900,富邦特選高股息30,28,10,18,凱基-中壢,2023-10-23,9285
00680L,元大美債20正2,22,6,16,凱基-中壢,2023-10-23,9285
2834,臺企銀,16,0,16,凱基-中壢,2023-10-23,9285
2888,新光金,16,0,16,凱基-中壢,2023-10-23,9285
4714,永捷,16,0,16,凱基-中壢,2023-10-23,9285
2402,毅嘉,21,6,15,凱基-中壢,2023-10-23,9285
5471,松翰,18,3,15,凱基-中壢,2023-10-23,9285
1301,台塑,14,0,14,凱基-中壢,2023-10-23,9285
0050,元大台灣50,23,10,13,凱基-中壢,2023-10-23,9285
2457,飛宏,14,1,13,凱基-中壢,2023-10-23,9285
6237,驊訊,16,3,13,凱基-中壢,2023-10-23,9285
00772B,中信高評級公司債,14,1,13,凱基-中壢,2023-10-23,9285
2363,矽統,35,23,12,凱基-中壢,2023-10-23,9285
3664,安瑞-KY,12,0,12,凱基-中壢,2023-10-23,9285
6438,迅得,14,2,12,凱基-中壢,2023-10-23,9285
8390,金益鼎,12,0,12,凱基-中壢,2023-10-23,9285
2887,台新金,11,0,11,凱基-中壢,2023-10-23,9285
00679B,元大美債20年,28,17,11,凱基-中壢,2023-10-23,9285
00757,統一FANG+,11,0,11,凱基-中壢,2023-10-23,9285
6182,合晶,12,1,11,凱基-中壢,2023-10-23,9285
3094,聯傑,18,7,11,凱基-中壢,2023-10-23,9285
1785,光洋科,13,3,10,凱基-中壢,2023-10-23,9285
6138,茂達,10,0,10,凱基-中壢,2023-10-23,9285
2330,台積電,10,0,10,凱基-中壢,2023-10-23,9285
3041,揚智,381,24,357,凱基-中壢,2023-10-24,9285
00929,復華台灣科技優息,146,18,128,凱基-中壢,2023-10-24,9285
00637L,元大滬深300正2,120,0,120,凱基-中壢,2023-10-24,9285
00852L,國泰美國道瓊正2,120,0,120,凱基-中壢,2023-10-24,9285
2369,菱生,220,123,97,凱基-中壢,2023-10-24,9285
00712,復華富時不動產,99,4,95,凱基-中壢,2023-10-24,9285
2317,鴻海,153,64,89,凱基-中壢,2023-10-24,9285
2303,聯電,93,19,74,凱基-中壢,2023-10-24,9285
00688L,國泰20年美債正2,50,0,50,凱基-中壢,2023-10-24,9285
2883,凱基金,55,7,48,凱基-中壢,2023-10-24,9285
6120,達運,53,10,43,凱基-中壢,2023-10-24,9285
2367,燿華,42,0,42,凱基-中壢,2023-10-24,9285
3025,星通,89,48,41,凱基-中壢,2023-10-24,9285
6156,松上,39,1,38,凱基-中壢,2023-10-24,9285
2834,臺企銀,38,0,38,凱基-中壢,2023-10-24,9285
00919,群益台灣精選高息,38,1,37,凱基-中壢,2023-10-24,9285
00687B,國泰20年美債,47,10,37,凱基-中壢,2023-10-24,9285
4979,華星光,69,39,30,凱基-中壢,2023-10-24,9285
1101,台泥,29,0,29,凱基-中壢,2023-10-24,9285
00715L,期街口布蘭特正2,44,16,28,凱基-中壢,2023-10-24,9285
00633L,富邦上証正2,30,2,28,凱基-中壢,2023-10-24,9285
0056,元大高股息,51,27,24,凱基-中壢,2023-10-24,9285
3122,笙泉,55,31,24,凱基-中壢,2023-10-24,9285
2634,漢翔,23,2,21,凱基-中壢,2023-10-24,9285
00674R,期元大S＆P黃金反1,21,0,21,凱基-中壢,2023-10-24,9285
2002,中鋼,44,23,21,凱基-中壢,2023-10-24,9285
2881,富邦金,20,0,20,凱基-中壢,2023-10-24,9285
00673R,期元大S＆P原油反1,20,0,20,凱基-中壢,2023-10-24,9285
2516,新建,20,0,20,凱基-中壢,2023-10-24,9285
2882,國泰金,21,2,19,凱基-中壢,2023-10-24,9285
4743,合一,21,2,19,凱基-中壢,2023-10-24,9285
6153,嘉聯益,17,0,17,凱基-中壢,2023-10-24,9285
00679B,元大美債20年,18,1,17,凱基-中壢,2023-10-24,9285
5903,全家,17,1,16,凱基-中壢,2023-10-24,9285
2393,億光,16,0,16,凱基-中壢,2023-10-24,9285
2382,廣達,39,24,15,凱基-中壢,2023-10-24,9285
6197,佳必琪,16,1,15,凱基-中壢,2023-10-24,9285
2618,長榮航,30,16,14,凱基-中壢,2023-10-24,9285
1732,毛寶,14,0,14,凱基-中壢,2023-10-24,9285
2328,廣宇,13,0,13,凱基-中壢,2023-10-24,9285
2388,威盛,68,55,13,凱基-中壢,2023-10-24,9285
6443,元晶,12,0,12,凱基-中壢,2023-10-24,9285
6901,鑽石投資,12,0,12,凱基-中壢,2023-10-24,9285
2884,玉山金,11,0,11,凱基-中壢,2023-10-24,9285
3006,晶豪科,20,9,11,凱基-中壢,2023-10-24,9285
6231,系微,11,0,11,凱基-中壢,2023-10-24,9285
00696B,富邦美債20年,11,0,11,凱基-中壢,2023-10-24,9285
1471,首利,14,3,11,凱基-中壢,2023-10-24,9285
1301,台塑,12,1,11,凱基-中壢,2023-10-24,9285
6285,啟��,10,0,10,凱基-中壢,2023-10-24,9285
00712,復華富時不動產,270,1,269,凱基-中壢,2023-10-25,9285
00637L,元大滬深300正2,224,53,171,凱基-中壢,2023-10-25,9285
1760,寶齡富錦,146,0,146,凱基-中壢,2023-10-25,9285
00715L,期街口布蘭特正2,129,10,119,凱基-中壢,2023-10-25,9285
8110,華東,108,40,68,凱基-中壢,2023-10-25,9285
00878,國泰永續高股息,119,55,64,凱基-中壢,2023-10-25,9285
3078,僑威,69,11,58,凱基-中壢,2023-10-25,9285
00650L,復華香港正2,125,70,55,凱基-中壢,2023-10-25,9285
00929,復華台灣科技優息,101,49,52,凱基-中壢,2023-10-25,9285
00852L,國泰美國道瓊正2,48,0,48,凱基-中壢,2023-10-25,9285
3548,兆利,54,8,46,凱基-中壢,2023-10-25,9285
1568,倉佑,35,1,34,凱基-中壢,2023-10-25,9285
2886,兆豐金,35,1,34,凱基-中壢,2023-10-25,9285
00891,中信關鍵半導體,35,2,33,凱基-中壢,2023-10-25,9285
0056,元大高股息,40,8,32,凱基-中壢,2023-10-25,9285
2032,新鋼,30,0,30,凱基-中壢,2023-10-25,9285
2305,全友,34,6,28,凱基-中壢,2023-10-25,9285
00900,富邦特選高股息30,28,3,25,凱基-中壢,2023-10-25,9285
2883,凱基金,52,27,25,凱基-中壢,2023-10-25,9285
2421,建準,24,1,23,凱基-中壢,2023-10-25,9285
8048,德勝,29,7,22,凱基-中壢,2023-10-25,9285
4967,十銓,22,0,22,凱基-中壢,2023-10-25,9285
2317,鴻海,47,26,21,凱基-中壢,2023-10-25,9285
1101,台泥,21,1,20,凱基-中壢,2023-10-25,9285
00679B,元大美債20年,25,5,20,凱基-中壢,2023-10-25,9285
2382,廣達,51,31,20,凱基-中壢,2023-10-25,9285
2002,中鋼,22,3,19,凱基-中壢,2023-10-25,9285
2344,華邦電,19,1,18,凱基-中壢,2023-10-25,9285
8040,九暘,19,1,18,凱基-中壢,2023-10-25,9285
6168,宏齊,33,15,18,凱基-中壢,2023-10-25,9285
1524,耿鼎,246,229,17,凱基-中壢,2023-10-25,9285
6139,亞翔,28,11,17,凱基-中壢,2023-10-25,9285
1301,台塑,16,0,16,凱基-中壢,2023-10-25,9285
2610,華航,19,3,16,凱基-中壢,2023-10-25,9285
3276,宇環,16,0,16,凱基-中壢,2023-10-25,9285
6117,迎廣,17,1,16,凱基-中壢,2023-10-25,9285
00687B,國泰20年美債,17,2,15,凱基-中壢,2023-10-25,9285
3372,典範,16,1,15,凱基-中壢,2023-10-25,9285
2449,京元電子,21,7,14,凱基-中壢,2023-10-25,9285
6530,創威,20,6,14,凱基-中壢,2023-10-25,9285
3231,緯創,94,79,15,凱基-中壢,2023-10-25,9285
3202,樺晟,14,0,14,凱基-中壢,2023-10-25,9285
5706,鳳凰,15,1,14,凱基-中壢,2023-10-25,9285
2618,長榮航,29,15,14,凱基-中壢,2023-10-25,9285
4104,佳醫,13,0,13,凱基-中壢,2023-10-25,9285
3545,敦泰,20,7,13,凱基-中壢,2023-10-25,9285
1453,大將,14,1,13,凱基-中壢,2023-10-25,9285
3450,聯鈞,25,12,13,凱基-中壢,2023-10-25,9285
2337,旺宏,19,8,11,凱基-中壢,2023-10-25,9285
00919,群益台灣精選高息,13,2,11,凱基-中壢,2023-10-25,9285
00929,復華台灣科技優息,512,18,494,凱基-中壢,2023-10-26,9285
0056,元大高股息,159,14,145,凱基-中壢,2023-10-26,9285
00915,凱基優選高股息30,106,1,105,凱基-中壢,2023-10-26,9285
00673R,期元大S＆P原油反1,100,0,100,凱基-中壢,2023-10-26,9285
00637L,元大滬深300正2,116,25,91,凱基-中壢,2023-10-26,9285
00919,群益台灣精選高息,97,7,90,凱基-中壢,2023-10-26,9285
2303,聯電,107,19,88,凱基-中壢,2023-10-26,9285
00712,復華富時不動產,119,44,75,凱基-中壢,2023-10-26,9285
2002,中鋼,68,0,68,凱基-中壢,2023-10-26,9285
2883,凱基金,72,10,62,凱基-中壢,2023-10-26,9285
00715L,期街口布蘭特正2,55,3,52,凱基-中壢,2023-10-26,9285
0050,元大台灣50,51,0,51,凱基-中壢,2023-10-26,9285
00885,富邦越南,48,0,48,凱基-中壢,2023-10-26,9285
00650L,復華香港正2,118,70,48,凱基-中壢,2023-10-26,9285
2409,友達,52,6,46,凱基-中壢,2023-10-26,9285
00852L,國泰美國道瓊正2,41,0,41,凱基-中壢,2023-10-26,9285
00687B,國泰20年美債,40,1,39,凱基-中壢,2023-10-26,9285
2405,輔信,42,3,39,凱基-中壢,2023-10-26,9285
2516,新建,40,1,39,凱基-中壢,2023-10-26,9285
2618,長榮航,84,47,37,凱基-中壢,2023-10-26,9285
2337,旺宏,39,4,35,凱基-中壢,2023-10-26,9285
1711,永光,31,0,31,凱基-中壢,2023-10-26,9285
2330,台積電,38,8,30,凱基-中壢,2023-10-26,9285
2344,華邦電,30,1,29,凱基-中壢,2023-10-26,9285
3715,定穎投控,47,18,29,凱基-中壢,2023-10-26,9285
00923,群益台ESG低碳50,28,0,28,凱基-中壢,2023-10-26,9285
00922,國泰台灣領袖50,28,1,27,凱基-中壢,2023-10-26,9285
5439,高技,28,2,26,凱基-中壢,2023-10-26,9285
2834,臺企銀,25,0,25,凱基-中壢,2023-10-26,9285
2369,菱生,37,12,25,凱基-中壢,2023-10-26,9285
2455,全新,25,1,24,凱基-中壢,2023-10-26,9285
2485,兆赫,41,17,24,凱基-中壢,2023-10-26,9285
3322,建舜電,21,0,21,凱基-中壢,2023-10-26,9285
1721,三晃,247,226,21,凱基-中壢,2023-10-26,9285
2887,台新金,31,10,21,凱基-中壢,2023-10-26,9285
3481,群創,52,33,19,凱基-中壢,2023-10-26,9285
2465,麗臺,21,2,19,凱基-中壢,2023-10-26,9285
6770,力積電,21,2,19,凱基-中壢,2023-10-26,9285
00891,中信關鍵半導體,18,0,18,凱基-中壢,2023-10-26,9285
3363,上詮,38,20,18,凱基-中壢,2023-10-26,9285
2816,旺旺保,91,74,17,凱基-中壢,2023-10-26,9285
00931B,統一美債20年,17,0,17,凱基-中壢,2023-10-26,9285
2886,兆豐金,18,1,17,凱基-中壢,2023-10-26,9285
00720B,元大投資級公司債,16,0,16,凱基-中壢,2023-10-26,9285
2449,京元電子,20,4,16,凱基-中壢,2023-10-26,9285
3037,欣興,24,8,16,凱基-中壢,2023-10-26,9285
2882,國泰金,15,0,15,凱基-中壢,2023-10-26,9285
2313,華通,34,19,15,凱基-中壢,2023-10-26,9285
00927,群益半導體收益,15,0,15,凱基-中壢,2023-10-26,9285
00907,永豐優息存股,15,0,15,凱基-中壢,2023-10-26,9285
00929,復華台灣科技優息,232,14,218,凱基-中壢,2023-10-27,9285
00632R,元大台灣50反1,370,180,190,凱基-中壢,2023-10-27,9285
00885,富邦越南,103,0,103,凱基-中壢,2023-10-27,9285
2324,仁寶,102,2,100,凱基-中壢,2023-10-27,9285
00712,復華富時不動產,83,7,76,凱基-中壢,2023-10-27,9285
6237,驊訊,69,18,51,凱基-中壢,2023-10-27,9285
2317,鴻海,46,3,43,凱基-中壢,2023-10-27,9285
4908,前鼎,53,13,40,凱基-中壢,2023-10-27,9285
2344,華邦電,34,1,33,凱基-中壢,2023-10-27,9285
3276,宇環,50,22,28,凱基-中壢,2023-10-27,9285
2303,聯電,30,3,27,凱基-中壢,2023-10-27,9285
2002,中鋼,25,0,25,凱基-中壢,2023-10-27,9285
6274,台燿,25,1,24,凱基-中壢,2023-10-27,9285
6282,康舒,27,3,24,凱基-中壢,2023-10-27,9285
3260,威剛,44,21,23,凱基-中壢,2023-10-27,9285
00919,群益台灣精選高息,23,1,22,凱基-中壢,2023-10-27,9285
2421,建準,38,16,22,凱基-中壢,2023-10-27,9285
8240,華宏,22,0,22,凱基-中壢,2023-10-27,9285
00688L,國泰20年美債正2,21,0,21,凱基-中壢,2023-10-27,9285
2023,燁輝,20,0,20,凱基-中壢,2023-10-27,9285
3715,定穎投控,79,59,20,凱基-中壢,2023-10-27,9285
2367,燿華,20,0,20,凱基-中壢,2023-10-27,9285
6189,豐藝,20,0,20,凱基-中壢,2023-10-27,9285
2887,台新金,18,0,18,凱基-中壢,2023-10-27,9285
1568,倉佑,20,2,18,凱基-中壢,2023-10-27,9285
3264,欣銓,20,2,18,凱基-中壢,2023-10-27,9285
5521,工信,19,1,18,凱基-中壢,2023-10-27,9285
5258,虹堡,43,26,17,凱基-中壢,2023-10-27,9285
8299,群聯,16,0,16,凱基-中壢,2023-10-27,9285
6418,詠昇,20,4,16,凱基-中壢,2023-10-27,9285
6150,撼訊,28,12,16,凱基-中壢,2023-10-27,9285
1785,光洋科,16,0,16,凱基-中壢,2023-10-27,9285
00922,國泰台灣領袖50,15,0,15,凱基-中壢,2023-10-27,9285
6113,亞矽,17,2,15,凱基-中壢,2023-10-27,9285
3324,雙鴻,25,11,14,凱基-中壢,2023-10-27,9285
2498,宏達電,21,7,14,凱基-中壢,2023-10-27,9285
00642U,期元大S＆P石油,14,0,14,凱基-中壢,2023-10-27,9285
5706,鳳凰,15,1,14,凱基-中壢,2023-10-27,9285
4967,十銓,13,0,13,凱基-中壢,2023-10-27,9285
6451,訊芯-KY,21,9,12,凱基-中壢,2023-10-27,9285
3035,智原,20,9,11,凱基-中壢,2023-10-27,9285
2486,一詮,24,13,11,凱基-中壢,2023-10-27,9285
2329,華泰,23,12,11,凱基-中壢,2023-10-27,9285
3376,新日興,12,1,11,凱基-中壢,2023-10-27,9285
8227,巨有科技,11,0,11,凱基-中壢,2023-10-27,9285
00674R,期元大S＆P黃金反1,11,0,11,凱基-中壢,2023-10-27,9285
6173,信昌電,10,0,10,凱基-中壢,2023-10-27,9285
2392,正崴,10,0,10,凱基-中壢,2023-10-27,9285
1616,億泰,10,0,10,凱基-中壢,2023-10-27,9285
00720B,元大投資級公司債,11,1,10,凱基-中壢,2023-10-27,9285
00632R,元大台灣50反1,202,15,187,凱基-中壢,2023-10-30,9285
3264,欣銓,140,2,138,凱基-中壢,2023-10-30,9285
00712,復華富時不動產,115,10,105,凱基-中壢,2023-10-30,9285
00929,復華台灣科技優息,78,16,62,凱基-中壢,2023-10-30,9285
2887,台新金,58,0,58,凱基-中壢,2023-10-30,9285
2883,凱基金,53,1,52,凱基-中壢,2023-10-30,9285
3231,緯創,97,51,46,凱基-中壢,2023-10-30,9285
00878,國泰永續高股息,61,16,45,凱基-中壢,2023-10-30,9285
2485,兆赫,150,106,44,凱基-中壢,2023-10-30,9285
2610,華航,41,5,36,凱基-中壢,2023-10-30,9285
00919,群益台灣精選高息,38,3,35,凱基-中壢,2023-10-30,9285
4532,瑞智,31,0,31,凱基-中壢,2023-10-30,9285
6168,宏齊,41,13,28,凱基-中壢,2023-10-30,9285
6442,光聖,29,2,27,凱基-中壢,2023-10-30,9285
2886,兆豐金,25,1,24,凱基-中壢,2023-10-30,9285
2317,鴻海,207,184,23,凱基-中壢,2023-10-30,9285
3679,新至陞,23,0,23,凱基-中壢,2023-10-30,9285
1303,南亞,22,0,22,凱基-中壢,2023-10-30,9285
1101,台泥,21,0,21,凱基-中壢,2023-10-30,9285
0056,元大高股息,26,5,21,凱基-中壢,2023-10-30,9285
6117,迎廣,77,57,20,凱基-中壢,2023-10-30,9285
4306,炎洲,20,0,20,凱基-中壢,2023-10-30,9285
4960,誠美材,29,9,20,凱基-中壢,2023-10-30,9285
2344,華邦電,21,2,19,凱基-中壢,2023-10-30,9285
5439,高技,24,5,19,凱基-中壢,2023-10-30,9285
00922,國泰台灣領袖50,17,0,17,凱基-中壢,2023-10-30,9285
2328,廣宇,16,0,16,凱基-中壢,2023-10-30,9285
3576,聯合再生,34,18,16,凱基-中壢,2023-10-30,9285
2891,中信金,16,0,16,凱基-中壢,2023-10-30,9285
2303,聯電,29,15,14,凱基-中壢,2023-10-30,9285
1760,寶齡富錦,18,4,14,凱基-中壢,2023-10-30,9285
00931B,統一美債20年,15,1,14,凱基-中壢,2023-10-30,9285
3704,合勤控,26,12,14,凱基-中壢,2023-10-30,9285
2885,元大金,15,2,13,凱基-中壢,2023-10-30,9285
8048,德勝,20,7,13,凱基-中壢,2023-10-30,9285
3045,台灣大,13,0,13,凱基-中壢,2023-10-30,9285
4967,十銓,21,8,13,凱基-中壢,2023-10-30,9285
2330,台積電,12,0,12,凱基-中壢,2023-10-30,9285
4162,智擎,37,25,12,凱基-中壢,2023-10-30,9285
5483,中美晶,12,0,12,凱基-中壢,2023-10-30,9285
00885,富邦越南,11,0,11,凱基-中壢,2023-10-30,9285
00720B,元大投資級公司債,11,0,11,凱基-中壢,2023-10-30,9285
2369,菱生,16,5,11,凱基-中壢,2023-10-30,9285
3094,聯傑,19,8,11,凱基-中壢,2023-10-30,9285
2618,長榮航,32,22,10,凱基-中壢,2023-10-30,9285
00647L,元大S＆P500正2,10,0,10,凱基-中壢,2023-10-30,9285
6492,生華科,16,6,10,凱基-中壢,2023-10-30,9285
1611,中電,10,0,10,凱基-中壢,2023-10-30,9285
2364,倫飛,11,1,10,凱基-中壢,2023-10-30,9285
3163,波若威,12,2,10,凱基-中壢,2023-10-30,9285
00712,復華富時不動產,233,4,229,凱基-中壢,2023-10-31,9285
2883,凱基金,218,11,207,凱基-中壢,2023-10-31,9285
00878,國泰永續高股息,153,21,132,凱基-中壢,2023-10-31,9285
1524,耿鼎,151,44,107,凱基-中壢,2023-10-31,9285
00929,復華台灣科技優息,163,74,89,凱基-中壢,2023-10-31,9285
0056,元大高股息,96,9,87,凱基-中壢,2023-10-31,9285
6111,大宇資,83,4,79,凱基-中壢,2023-10-31,9285
00933B,國泰10Y+金融債,64,0,64,凱基-中壢,2023-10-31,9285
00919,群益台灣精選高息,46,1,45,凱基-中壢,2023-10-31,9285
0050,元大台灣50,33,1,32,凱基-中壢,2023-10-31,9285
6117,迎廣,55,25,30,凱基-中壢,2023-10-31,9285
3380,明泰,31,1,30,凱基-中壢,2023-10-31,9285
2485,兆赫,51,21,30,凱基-中壢,2023-10-31,9285
2615,萬海,36,7,29,凱基-中壢,2023-10-31,9285
3715,定穎投控,70,41,29,凱基-中壢,2023-10-31,9285
1301,台塑,31,2,29,凱基-中壢,2023-10-31,9285
2409,友達,30,1,29,凱基-中壢,2023-10-31,9285
4960,誠美材,48,19,29,凱基-中壢,2023-10-31,9285
2344,華邦電,46,18,28,凱基-中壢,2023-10-31,9285
6443,元晶,40,14,26,凱基-中壢,2023-10-31,9285
00907,永豐優息存股,25,0,25,凱基-中壢,2023-10-31,9285
2417,圓剛,36,11,25,凱基-中壢,2023-10-31,9285
6220,岳豐,25,1,24,凱基-中壢,2023-10-31,9285
00885,富邦越南,23,0,23,凱基-中壢,2023-10-31,9285
2515,中工,23,1,22,凱基-中壢,2023-10-31,9285
6712,長聖,21,0,21,凱基-中壢,2023-10-31,9285
6120,達運,21,0,21,凱基-中壢,2023-10-31,9285
2020,美亞,22,1,21,凱基-中壢,2023-10-31,9285
6235,華孚,22,2,20,凱基-中壢,2023-10-31,9285
2438,翔耀,20,0,20,凱基-中壢,2023-10-31,9285
4102,永日,20,0,20,凱基-中壢,2023-10-31,9285
2449,京元電子,29,9,20,凱基-中壢,2023-10-31,9285
1471,首利,26,7,19,凱基-中壢,2023-10-31,9285
00679B,元大美債20年,19,1,18,凱基-中壢,2023-10-31,9285
3231,緯創,68,50,18,凱基-中壢,2023-10-31,9285
2388,威盛,22,5,17,凱基-中壢,2023-10-31,9285
6168,宏齊,27,11,16,凱基-中壢,2023-10-31,9285
00720B,元大投資級公司債,16,0,16,凱基-中壢,2023-10-31,9285
00715L,期街口布蘭特正2,68,53,15,凱基-中壢,2023-10-31,9285
3105,穩懋,55,40,15,凱基-中壢,2023-10-31,9285
3491,昇達科,24,10,14,凱基-中壢,2023-10-31,9285
1605,華新,15,1,14,凱基-中壢,2023-10-31,9285
3576,聯合再生,58,44,14,凱基-中壢,2023-10-31,9285
8227,巨有科技,15,1,14,凱基-中壢,2023-10-31,9285
00931B,統一美債20年,14,0,14,凱基-中壢,2023-10-31,9285
3276,宇環,14,0,14,凱基-中壢,2023-10-31,9285
6216,居易,17,4,13,凱基-中壢,2023-10-31,9285
6139,亞翔,23,10,13,凱基-中壢,2023-10-31,9285
2887,台新金,13,0,13,凱基-中壢,2023-10-31,9285
00752,中信中國50,12,0,12,凱基-中壢,2023-10-31,9285
00632R,元大台灣50反1,534,26,508,凱基-中壢,2023-11-01,9285
00650L,復華香港正2,184,0,184,凱基-中壢,2023-11-01,9285
1314,中石化,100,20,80,凱基-中壢,2023-11-01,9285
00642U,期元大S＆P石油,60,0,60,凱基-中壢,2023-11-01,9285
00715L,期街口布蘭特正2,63,5,58,凱基-中壢,2023-11-01,9285
2421,建準,49,0,49,凱基-中壢,2023-11-01,9285
2409,友達,74,30,44,凱基-中壢,2023-11-01,9285
00929,復華台灣科技優息,66,24,42,凱基-中壢,2023-11-01,9285
00934,中信成長高股息,77,35,42,凱基-中壢,2023-11-01,9285
00885,富邦越南,33,2,31,凱基-中壢,2023-11-01,9285
00712,復華富時不動產,42,11,31,凱基-中壢,2023-11-01,9285
2317,鴻海,42,12,30,凱基-中壢,2023-11-01,9285
00679B,元大美債20年,27,0,27,凱基-中壢,2023-11-01,9285
3260,威剛,42,15,27,凱基-中壢,2023-11-01,9285
00795B,中信美國公債20年,26,0,26,凱基-中壢,2023-11-01,9285
3322,建舜電,25,0,25,凱基-中壢,2023-11-01,9285
00935,野村臺灣新科技50,24,0,24,凱基-中壢,2023-11-01,9285
2367,燿華,24,2,22,凱基-中壢,2023-11-01,9285
6284,佳邦,31,9,22,凱基-中壢,2023-11-01,9285
4532,瑞智,20,0,20,凱基-中壢,2023-11-01,9285
00719B,元大美債1-3,20,0,20,凱基-中壢,2023-11-01,9285
3035,智原,32,12,20,凱基-中壢,2023-11-01,9285
00687B,國泰20年美債,19,0,19,凱基-中壢,2023-11-01,9285
6770,力積電,22,6,16,凱基-中壢,2023-11-01,9285
2615,萬海,16,0,16,凱基-中壢,2023-11-01,9285
5880,合庫金,15,0,15,凱基-中壢,2023-11-01,9285
4130,健亞,15,0,15,凱基-中壢,2023-11-01,9285
1760,寶齡富錦,77,62,15,凱基-中壢,2023-11-01,9285
00688L,國泰20年美債正2,15,0,15,凱基-中壢,2023-11-01,9285
3276,宇環,15,0,15,凱基-中壢,2023-11-01,9285
00919,群益台灣精選高息,18,4,14,凱基-中壢,2023-11-01,9285
4904,遠傳,20,6,14,凱基-中壢,2023-11-01,9285
6237,驊訊,17,3,14,凱基-中壢,2023-11-01,9285
3037,欣興,15,1,14,凱基-中壢,2023-11-01,9285
4915,致伸,20,7,13,凱基-中壢,2023-11-01,9285
2886,兆豐金,16,3,13,凱基-中壢,2023-11-01,9285
6191,精成科,34,22,12,凱基-中壢,2023-11-01,9285
2498,宏達電,20,8,12,凱基-中壢,2023-11-01,9285
3213,茂訊,13,1,12,凱基-中壢,2023-11-01,9285
1605,華新,15,3,12,凱基-中壢,2023-11-01,9285
4960,誠美材,12,0,12,凱基-中壢,2023-11-01,9285
00751B,元大AAA至A公司債,13,2,11,凱基-中壢,2023-11-01,9285
8432,東生華,11,0,11,凱基-中壢,2023-11-01,9285
6451,訊芯-KY,14,3,11,凱基-中壢,2023-11-01,9285
2201,裕隆,10,0,10,凱基-中壢,2023-11-01,9285
6197,佳必琪,11,1,10,凱基-中壢,2023-11-01,9285
2458,義隆,10,0,10,凱基-中壢,2023-11-01,9285
2337,旺宏,26,16,10,凱基-中壢,2023-11-01,9285
2027,大成鋼,10,0,10,凱基-中壢,2023-11-01,9285
3491,昇達科,11,1,10,凱基-中壢,2023-11-01,9285
6491,晶碩,52,0,52,凱基-中壢,2023-11-02,9285
00688L,國泰20年美債正2,55,3,52,凱基-中壢,2023-11-02,9285
3481,群創,80,31,49,凱基-中壢,2023-11-02,9285
1314,中石化,50,3,47,凱基-中壢,2023-11-02,9285
00934,中信成長高股息,54,11,43,凱基-中壢,2023-11-02,9285
00935,野村臺灣新科技50,42,0,42,凱基-中壢,2023-11-02,9285
00680L,元大美債20正2,42,0,42,凱基-中壢,2023-11-02,9285
6442,光聖,32,2,30,凱基-中壢,2023-11-02,9285
00706L,期元大S＆P日圓正2,30,0,30,凱基-中壢,2023-11-02,9285
00687B,國泰20年美債,40,11,29,凱基-中壢,2023-11-02,9285
00885,富邦越南,36,9,27,凱基-中壢,2023-11-02,9285
2358,廷鑫,32,6,26,凱基-中壢,2023-11-02,9285
2417,圓剛,54,29,25,凱基-中壢,2023-11-02,9285
00650L,復華香港正2,138,115,23,凱基-中壢,2023-11-02,9285
00919,群益台灣精選高息,31,9,22,凱基-中壢,2023-11-02,9285
1711,永光,21,0,21,凱基-中壢,2023-11-02,9285
2324,仁寶,24,3,21,凱基-中壢,2023-11-02,9285
00878,國泰永續高股息,41,20,21,凱基-中壢,2023-11-02,9285
2867,三商壽,20,0,20,凱基-中壢,2023-11-02,9285
00712,復華富時不動產,31,12,19,凱基-中壢,2023-11-02,9285
2317,鴻海,73,54,19,凱基-中壢,2023-11-02,9285
1522,堤維西,18,2,16,凱基-中壢,2023-11-02,9285
2610,華航,42,27,15,凱基-中壢,2023-11-02,9285
2887,台新金,15,1,14,凱基-中壢,2023-11-02,9285
5244,弘凱,13,0,13,凱基-中壢,2023-11-02,9285
8054,安國,35,22,13,凱基-中壢,2023-11-02,9285
2516,新建,12,0,12,凱基-中壢,2023-11-02,9285
9958,世紀鋼,15,4,11,凱基-中壢,2023-11-02,9285
3689,湧德,11,0,11,凱基-中壢,2023-11-02,9285
8110,華東,11,0,11,凱基-中壢,2023-11-02,9285
2465,麗臺,13,2,11,凱基-中壢,2023-11-02,9285
4961,天鈺,14,4,10,凱基-中壢,2023-11-02,9285
6117,迎廣,20,10,10,凱基-中壢,2023-11-02,9285
3025,星通,12,2,10,凱基-中壢,2023-11-02,9285
1785,光洋科,18,8,10,凱基-中壢,2023-11-02,9285
4960,誠美材,11,1,10,凱基-中壢,2023-11-02,9285
3213,茂訊,15,5,10,凱基-中壢,2023-11-02,9285
8044,網家,11,1,10,凱基-中壢,2023-11-02,9285
3714,富采,10,0,10,凱基-中壢,2023-11-02,9285
00679B,元大美債20年,18,8,10,凱基-中壢,2023-11-02,9285
2352,佳世達,11,2,9,凱基-中壢,2023-11-02,9285
4763,材料-KY,11,2,9,凱基-中壢,2023-11-02,9285
6596,寬宏藝術,9,0,9,凱基-中壢,2023-11-02,9285
6418,詠昇,10,1,9,凱基-中壢,2023-11-02,9285
4532,瑞智,10,1,9,凱基-中壢,2023-11-02,9285
3702,大聯大,14,6,8,凱基-中壢,2023-11-02,9285
2356,英業達,19,11,8,凱基-中壢,2023-11-02,9285
4542,科嶠,8,0,8,凱基-中壢,2023-11-02,9285
4162,智擎,14,6,8,凱基-中壢,2023-11-02,9285
6589,台康生技,7,0,7,凱基-中壢,2023-11-02,9285
00885,富邦越南,287,53,234,凱基-中壢,2023-11-03,9285
00632R,元大台灣50反1,112,17,95,凱基-中壢,2023-11-03,9285
2363,矽統,304,223,81,凱基-中壢,2023-11-03,9285
00878,國泰永續高股息,90,19,71,凱基-中壢,2023-11-03,9285
00757,統一FANG+,67,0,67,凱基-中壢,2023-11-03,9285
1815,富喬,67,32,35,凱基-中壢,2023-11-03,9285
2887,台新金,33,0,33,凱基-中壢,2023-11-03,9285
00935,野村臺灣新科技50,50,20,30,凱基-中壢,2023-11-03,9285
3413,京鼎,30,0,30,凱基-中壢,2023-11-03,9285
2816,旺旺保,53,25,28,凱基-中壢,2023-11-03,9285
00931B,統一美債20年,29,1,28,凱基-中壢,2023-11-03,9285
00919,群益台灣精選高息,37,11,26,凱基-中壢,2023-11-03,9285
00679B,元大美債20年,51,25,26,凱基-中壢,2023-11-03,9285
3376,新日興,29,6,23,凱基-中壢,2023-11-03,9285
4743,合一,24,1,23,凱基-中壢,2023-11-03,9285
00687B,國泰20年美債,30,7,23,凱基-中壢,2023-11-03,9285
4167,松瑞藥,21,0,21,凱基-中壢,2023-11-03,9285
3231,緯創,66,45,21,凱基-中壢,2023-11-03,9285
3346,麗清,35,15,20,凱基-中壢,2023-11-03,9285
00923,群益台ESG低碳50,29,9,20,凱基-中壢,2023-11-03,9285
00712,復華富時不動產,44,24,20,凱基-中壢,2023-11-03,9285
3055,蔚華科,22,3,19,凱基-中壢,2023-11-03,9285
2301,光寶科,22,4,18,凱基-中壢,2023-11-03,9285
2312,金寶,20,2,18,凱基-中壢,2023-11-03,9285
3014,聯陽,19,2,17,凱基-中壢,2023-11-03,9285
2832,台產,16,0,16,凱基-中壢,2023-11-03,9285
1760,寶齡富錦,17,1,16,凱基-中壢,2023-11-03,9285
00680L,元大美債20正2,17,1,16,凱基-中壢,2023-11-03,9285
2458,義隆,23,7,16,凱基-中壢,2023-11-03,9285
3481,群創,40,24,16,凱基-中壢,2023-11-03,9285
2406,國碩,15,0,15,凱基-中壢,2023-11-03,9285
8070,長華*,13,0,13,凱基-中壢,2023-11-03,9285
1471,首利,12,0,12,凱基-中壢,2023-11-03,9285
2485,兆赫,18,6,12,凱基-中壢,2023-11-03,9285
2369,菱生,13,1,12,凱基-中壢,2023-11-03,9285
4906,正文,24,12,12,凱基-中壢,2023-11-03,9285
6491,晶碩,12,0,12,凱基-中壢,2023-11-03,9285
2313,華通,50,38,12,凱基-中壢,2023-11-03,9285
2376,技嘉,37,26,11,凱基-中壢,2023-11-03,9285
00722B,群益投資級電信債,11,0,11,凱基-中壢,2023-11-03,9285
6187,萬潤,15,4,11,凱基-中壢,2023-11-03,9285
2883,凱基金,21,10,11,凱基-中壢,2023-11-03,9285
4961,天鈺,11,1,10,凱基-中壢,2023-11-03,9285
2539,櫻花建,10,0,10,凱基-中壢,2023-11-03,9285
3491,昇達科,10,0,10,凱基-中壢,2023-11-03,9285
6667,信紘科,10,0,10,凱基-中壢,2023-11-03,9285
2883B,凱基金乙特,10,0,10,凱基-中壢,2023-11-03,9285
2014,中鴻,10,0,10,凱基-中壢,2023-11-03,9285
2031,新光鋼,10,0,10,凱基-中壢,2023-11-03,9285
1305,華夏,11,1,10,凱基-中壢,2023-11-03,9285
00632R,元大台灣50反1,428,1,427,凱基-中壢,2023-11-06,9285
00637L,元大滬深300正2,323,15,308,凱基-中壢,2023-11-06,9285
00715L,期街口布蘭特正2,215,30,185,凱基-中壢,2023-11-06,9285
2867,三商壽,110,0,110,凱基-中壢,2023-11-06,9285
3481,群創,84,23,61,凱基-中壢,2023-11-06,9285
6770,力積電,54,2,52,凱基-中壢,2023-11-06,9285
5533,皇鼎,49,0,49,凱基-中壢,2023-11-06,9285
2388,威盛,122,74,48,凱基-中壢,2023-11-06,9285
2888,新光金,46,3,43,凱基-中壢,2023-11-06,9285
3322,建舜電,58,15,43,凱基-中壢,2023-11-06,9285
3176,基亞,48,11,37,凱基-中壢,2023-11-06,9285
2324,仁寶,50,13,37,凱基-中壢,2023-11-06,9285
00671R,富邦NASDAQ反1,36,0,36,凱基-中壢,2023-11-06,9285
3704,合勤控,45,10,35,凱基-中壢,2023-11-06,9285
2527,宏璟,35,1,34,凱基-中壢,2023-11-06,9285
00679B,元大美債20年,29,0,29,凱基-中壢,2023-11-06,9285
00878,國泰永續高股息,51,22,29,凱基-中壢,2023-11-06,9285
4188,安克,29,2,27,凱基-中壢,2023-11-06,9285
3372,典範,25,1,24,凱基-中壢,2023-11-06,9285
2913,農林,30,6,24,凱基-中壢,2023-11-06,9285
00933B,國泰10Y+金融債,33,10,23,凱基-中壢,2023-11-06,9285
6117,迎廣,38,16,22,凱基-中壢,2023-11-06,9285
00680L,元大美債20正2,23,3,20,凱基-中壢,2023-11-06,9285
4532,瑞智,20,0,20,凱基-中壢,2023-11-06,9285
2002,中鋼,72,54,18,凱基-中壢,2023-11-06,9285
6139,亞翔,47,30,17,凱基-中壢,2023-11-06,9285
00931B,統一美債20年,17,0,17,凱基-中壢,2023-11-06,9285
2390,云辰,18,1,17,凱基-中壢,2023-11-06,9285
3105,穩懋,19,3,16,凱基-中壢,2023-11-06,9285
3078,僑威,20,4,16,凱基-中壢,2023-11-06,9285
00642U,期元大S＆P石油,16,0,16,凱基-中壢,2023-11-06,9285
0050,元大台灣50,41,27,14,凱基-中壢,2023-11-06,9285
6491,晶碩,15,1,14,凱基-中壢,2023-11-06,9285
6285,啟��,22,9,13,凱基-中壢,2023-11-06,9285
4961,天鈺,14,1,13,凱基-中壢,2023-11-06,9285
2329,華泰,23,10,13,凱基-中壢,2023-11-06,9285
2408,南亞科,13,1,12,凱基-中壢,2023-11-06,9285
8110,華東,21,9,12,凱基-中壢,2023-11-06,9285
3231,緯創,35,24,11,凱基-中壢,2023-11-06,9285
6203,海韻電,12,1,11,凱基-中壢,2023-11-06,9285
8171,天宇,11,0,11,凱基-中壢,2023-11-06,9285
3055,蔚華科,17,6,11,凱基-中壢,2023-11-06,9285
3264,欣銓,17,6,11,凱基-中壢,2023-11-06,9285
5351,鈺創,16,5,11,凱基-中壢,2023-11-06,9285
2332,友訊,10,0,10,凱基-中壢,2023-11-06,9285
00722B,群益投資級電信債,10,0,10,凱基-中壢,2023-11-06,9285
2465,麗臺,12,2,10,凱基-中壢,2023-11-06,9285
2634,漢翔,13,3,10,凱基-中壢,2023-11-06,9285
00719B,元大美債1-3,10,0,10,凱基-中壢,2023-11-06,9285
00720B,元大投資級公司債,13,3,10,凱基-中壢,2023-11-06,9285
00637L,元大滬深300正2,241,0,241,凱基-中壢,2023-11-07,9285
00650L,復華香港正2,161,0,161,凱基-中壢,2023-11-07,9285
00632R,元大台灣50反1,93,0,93,凱基-中壢,2023-11-07,9285
00772B,中信高評級公司債,87,0,87,凱基-中壢,2023-11-07,9285
4167,松瑞藥,69,11,58,凱基-中壢,2023-11-07,9285
00931B,統一美債20年,63,10,53,凱基-中壢,2023-11-07,9285
00687B,國泰20年美債,50,0,50,凱基-中壢,2023-11-07,9285
4510,高鋒,45,0,45,凱基-中壢,2023-11-07,9285
1721,三晃,69,26,43,凱基-中壢,2023-11-07,9285
2913,農林,41,2,39,凱基-中壢,2023-11-07,9285
00878,國泰永續高股息,93,58,35,凱基-中壢,2023-11-07,9285
3372,典範,35,0,35,凱基-中壢,2023-11-07,9285
6168,宏齊,30,0,30,凱基-中壢,2023-11-07,9285
2610,華航,60,31,29,凱基-中壢,2023-11-07,9285
3041,揚智,41,12,29,凱基-中壢,2023-11-07,9285
3264,欣銓,33,5,28,凱基-中壢,2023-11-07,9285
6197,佳必琪,29,2,27,凱基-中壢,2023-11-07,9285
2317,鴻海,42,16,26,凱基-中壢,2023-11-07,9285
2634,漢翔,40,15,25,凱基-中壢,2023-11-07,9285
5351,鈺創,24,2,22,凱基-中壢,2023-11-07,9285
5483,中美晶,23,2,21,凱基-中壢,2023-11-07,9285
2388,威盛,63,43,20,凱基-中壢,2023-11-07,9285
3257,虹冠電,21,1,20,凱基-中壢,2023-11-07,9285
2486,一詮,22,3,19,凱基-中壢,2023-11-07,9285
6695,芯鼎,20,2,18,凱基-中壢,2023-11-07,9285
3623,富晶通,25,7,18,凱基-中壢,2023-11-07,9285
2439,美律,21,4,17,凱基-中壢,2023-11-07,9285
3714,富采,16,0,16,凱基-中壢,2023-11-07,9285
00671R,富邦NASDAQ反1,16,0,16,凱基-中壢,2023-11-07,9285
4113,聯上,15,0,15,凱基-中壢,2023-11-07,9285
4532,瑞智,15,0,15,凱基-中壢,2023-11-07,9285
3015,全漢,16,1,15,凱基-中壢,2023-11-07,9285
8086,宏捷科,27,14,13,凱基-中壢,2023-11-07,9285
6901,鑽石投資,25,12,13,凱基-中壢,2023-11-07,9285
8210,勤誠,13,0,13,凱基-中壢,2023-11-07,9285
2457,飛宏,13,0,13,凱基-中壢,2023-11-07,9285
1524,耿鼎,14,2,12,凱基-中壢,2023-11-07,9285
5521,工信,12,0,12,凱基-中壢,2023-11-07,9285
6189,豐藝,22,10,12,凱基-中壢,2023-11-07,9285
6526,達發,14,3,11,凱基-中壢,2023-11-07,9285
2367,燿華,25,14,11,凱基-中壢,2023-11-07,9285
6122,擎邦,15,4,11,凱基-中壢,2023-11-07,9285
6156,松上,11,0,11,凱基-中壢,2023-11-07,9285
1514,亞力,13,2,11,凱基-中壢,2023-11-07,9285
00665L,富邦�琤肭磪囓�2,10,0,10,凱基-中壢,2023-11-07,9285
3346,麗清,10,0,10,凱基-中壢,2023-11-07,9285
00708L,期元大S＆P黃金正2,10,0,10,凱基-中壢,2023-11-07,9285
2331,精英,10,0,10,凱基-中壢,2023-11-07,9285
00857B,永豐20年美公債,10,0,10,凱基-中壢,2023-11-07,9285
6188,廣明,9,0,9,凱基-中壢,2023-11-07,9285
00650L,復華香港正2,368,0,368,凱基-中壢,2023-11-08,9285
00715L,期街口布蘭特正2,184,2,182,凱基-中壢,2023-11-08,9285
00936,台新永續高息中小,139,1,138,凱基-中壢,2023-11-08,9285
00632R,元大台灣50反1,101,0,101,凱基-中壢,2023-11-08,9285
00934,中信成長高股息,101,1,100,凱基-中壢,2023-11-08,9285
2618,長榮航,204,105,99,凱基-中壢,2023-11-08,9285
00772B,中信高評級公司債,84,0,84,凱基-中壢,2023-11-08,9285
1568,倉佑,63,0,63,凱基-中壢,2023-11-08,9285
3013,晟銘電,118,62,56,凱基-中壢,2023-11-08,9285
3041,揚智,45,4,41,凱基-中壢,2023-11-08,9285
00929,復華台灣科技優息,113,73,40,凱基-中壢,2023-11-08,9285
2736,富野,38,0,38,凱基-中壢,2023-11-08,9285
3260,威剛,45,8,37,凱基-中壢,2023-11-08,9285
00885,富邦越南,36,0,36,凱基-中壢,2023-11-08,9285
6770,力積電,35,2,33,凱基-中壢,2023-11-08,9285
1815,富喬,51,18,33,凱基-中壢,2023-11-08,9285
5519,隆大,32,0,32,凱基-中壢,2023-11-08,9285
1605,華新,33,2,31,凱基-中壢,2023-11-08,9285
2455,全新,33,2,31,凱基-中壢,2023-11-08,9285
3481,群創,34,3,31,凱基-中壢,2023-11-08,9285
3322,建舜電,45,16,29,凱基-中壢,2023-11-08,9285
6187,萬潤,30,4,26,凱基-中壢,2023-11-08,9285
5525,順天,25,0,25,凱基-中壢,2023-11-08,9285
2303,聯電,27,4,23,凱基-中壢,2023-11-08,9285
6282,康舒,33,10,23,凱基-中壢,2023-11-08,9285
6901,鑽石投資,35,14,21,凱基-中壢,2023-11-08,9285
00713,元大台灣高息低波,20,0,20,凱基-中壢,2023-11-08,9285
2354,鴻準,20,0,20,凱基-中壢,2023-11-08,9285
5213,亞昕,20,1,19,凱基-中壢,2023-11-08,9285
5258,虹堡,45,27,18,凱基-中壢,2023-11-08,9285
2002,中鋼,21,3,18,凱基-中壢,2023-11-08,9285
1612,宏泰,19,1,18,凱基-中壢,2023-11-08,9285
00687B,國泰20年美債,17,0,17,凱基-中壢,2023-11-08,9285
2388,威盛,60,43,17,凱基-中壢,2023-11-08,9285
6202,盛群,17,0,17,凱基-中壢,2023-11-08,9285
2344,華邦電,20,3,17,凱基-中壢,2023-11-08,9285
00633L,富邦上証正2,16,0,16,凱基-中壢,2023-11-08,9285
00671R,富邦NASDAQ反1,16,0,16,凱基-中壢,2023-11-08,9285
2014,中鴻,15,0,15,凱基-中壢,2023-11-08,9285
3576,聯合再生,14,0,14,凱基-中壢,2023-11-08,9285
3545,敦泰,18,5,13,凱基-中壢,2023-11-08,9285
00933B,國泰10Y+金融債,22,9,13,凱基-中壢,2023-11-08,9285
8110,華東,19,6,13,凱基-中壢,2023-11-08,9285
2884,玉山金,20,7,13,凱基-中壢,2023-11-08,9285
00642U,期元大S＆P石油,12,0,12,凱基-中壢,2023-11-08,9285
3376,新日興,27,15,12,凱基-中壢,2023-11-08,9285
00753L,中信中國50正2,12,0,12,凱基-中壢,2023-11-08,9285
3338,泰碩,13,1,12,凱基-中壢,2023-11-08,9285
2206,三陽工業,12,1,11,凱基-中壢,2023-11-08,9285
8088,品安,11,0,11,凱基-中壢,2023-11-08,9285
00929,復華台灣科技優息,237,44,193,凱基-中壢,2023-11-09,9285
00650L,復華香港正2,139,0,139,凱基-中壢,2023-11-09,9285
6125,廣運,138,7,131,凱基-中壢,2023-11-09,9285
2313,華通,144,27,117,凱基-中壢,2023-11-09,9285
2329,華泰,161,44,117,凱基-中壢,2023-11-09,9285
00632R,元大台灣50反1,115,0,115,凱基-中壢,2023-11-09,9285
1314,中石化,49,0,49,凱基-中壢,2023-11-09,9285
2618,長榮航,99,51,48,凱基-中壢,2023-11-09,9285
2891,中信金,57,10,47,凱基-中壢,2023-11-09,9285
00878,國泰永續高股息,54,7,47,凱基-中壢,2023-11-09,9285
1522,堤維西,47,2,45,凱基-中壢,2023-11-09,9285
00936,台新永續高息中小,73,30,43,凱基-中壢,2023-11-09,9285
00687B,國泰20年美債,54,14,40,凱基-中壢,2023-11-09,9285
2331,精英,49,10,39,凱基-中壢,2023-11-09,9285
4533,協易機,47,10,37,凱基-中壢,2023-11-09,9285
2344,華邦電,45,10,35,凱基-中壢,2023-11-09,9285
00933B,國泰10Y+金融債,35,3,32,凱基-中壢,2023-11-09,9285
2641,正德,30,0,30,凱基-中壢,2023-11-09,9285
00679B,元大美債20年,53,23,30,凱基-中壢,2023-11-09,9285
8111,立��,31,2,29,凱基-中壢,2023-11-09,9285
1409,新纖,50,21,29,凱基-中壢,2023-11-09,9285
2610,華航,62,34,28,凱基-中壢,2023-11-09,9285
6281,全國電,25,0,25,凱基-中壢,2023-11-09,9285
5347,世界,24,2,22,凱基-中壢,2023-11-09,9285
00902,中信電池及儲能,20,0,20,凱基-中壢,2023-11-09,9285
4906,正文,20,0,20,凱基-中壢,2023-11-09,9285
4967,十銓,24,5,19,凱基-中壢,2023-11-09,9285
3014,聯陽,20,3,17,凱基-中壢,2023-11-09,9285
2427,三商電,18,1,17,凱基-中壢,2023-11-09,9285
2454,聯發科,16,0,16,凱基-中壢,2023-11-09,9285
3011,今皓,16,0,16,凱基-中壢,2023-11-09,9285
00885,富邦越南,21,5,16,凱基-中壢,2023-11-09,9285
2104,國際中橡,15,0,15,凱基-中壢,2023-11-09,9285
2002,中鋼,14,0,14,凱基-中壢,2023-11-09,9285
3043,科風,18,4,14,凱基-中壢,2023-11-09,9285
5465,富驊,20,6,14,凱基-中壢,2023-11-09,9285
8411,福貞-KY,14,0,14,凱基-中壢,2023-11-09,9285
6591,動力-KY,14,0,14,凱基-中壢,2023-11-09,9285
0050,元大台灣50,17,3,14,凱基-中壢,2023-11-09,9285
2376,技嘉,45,32,13,凱基-中壢,2023-11-09,9285
1301,台塑,13,0,13,凱基-中壢,2023-11-09,9285
3380,明泰,12,0,12,凱基-中壢,2023-11-09,9285
2317,鴻海,28,17,11,凱基-中壢,2023-11-09,9285
3491,昇達科,13,2,11,凱基-中壢,2023-11-09,9285
00637L,元大滬深300正2,17,6,11,凱基-中壢,2023-11-09,9285
4532,瑞智,11,0,11,凱基-中壢,2023-11-09,9285
2340,台亞,10,0,10,凱基-中壢,2023-11-09,9285
5426,振發,10,0,10,凱基-中壢,2023-11-09,9285
3346,麗清,45,35,10,凱基-中壢,2023-11-09,9285
3372,典範,10,0,10,凱基-中壢,2023-11-09,9285
00929,復華台灣科技優息,346,53,293,凱基-中壢,2023-11-10,9285
00878,國泰永續高股息,142,30,112,凱基-中壢,2023-11-10,9285
00687B,國泰20年美債,106,0,106,凱基-中壢,2023-11-10,9285
00715L,期街口布蘭特正2,105,0,105,凱基-中壢,2023-11-10,9285
00632R,元大台灣50反1,88,5,83,凱基-中壢,2023-11-10,9285
00936,台新永續高息中小,67,2,65,凱基-中壢,2023-11-10,9285
00679B,元大美債20年,63,0,63,凱基-中壢,2023-11-10,9285
00680L,元大美債20正2,59,3,56,凱基-中壢,2023-11-10,9285
00919,群益台灣精選高息,56,2,54,凱基-中壢,2023-11-10,9285
3535,晶彩科,51,0,51,凱基-中壢,2023-11-10,9285
1742,台蠟,40,0,40,凱基-中壢,2023-11-10,9285
00688L,國泰20年美債正2,41,1,40,凱基-中壢,2023-11-10,9285
2363,矽統,127,87,40,凱基-中壢,2023-11-10,9285
2388,威盛,47,10,37,凱基-中壢,2023-11-10,9285
4908,前鼎,62,26,36,凱基-中壢,2023-11-10,9285
1905,華紙,31,0,31,凱基-中壢,2023-11-10,9285
3231,緯創,141,111,30,凱基-中壢,2023-11-10,9285
00720B,元大投資級公司債,30,0,30,凱基-中壢,2023-11-10,9285
1522,堤維西,35,8,27,凱基-中壢,2023-11-10,9285
1314,中石化,27,0,27,凱基-中壢,2023-11-10,9285
00885,富邦越南,26,0,26,凱基-中壢,2023-11-10,9285
1524,耿鼎,25,0,25,凱基-中壢,2023-11-10,9285
6202,盛群,25,0,25,凱基-中壢,2023-11-10,9285
3481,群創,33,10,23,凱基-中壢,2023-11-10,9285
00650L,復華香港正2,28,5,23,凱基-中壢,2023-11-10,9285
2486,一詮,25,2,23,凱基-中壢,2023-11-10,9285
6150,撼訊,26,4,22,凱基-中壢,2023-11-10,9285
4915,致伸,20,0,20,凱基-中壢,2023-11-10,9285
3710,連展投控,20,0,20,凱基-中壢,2023-11-10,9285
2485,兆赫,21,1,20,凱基-中壢,2023-11-10,9285
1308,亞聚,20,0,20,凱基-中壢,2023-11-10,9285
00931B,統一美債20年,20,0,20,凱基-中壢,2023-11-10,9285
4532,瑞智,18,0,18,凱基-中壢,2023-11-10,9285
2353,宏��,17,1,16,凱基-中壢,2023-11-10,9285
2884,玉山金,16,0,16,凱基-中壢,2023-11-10,9285
3035,智原,32,16,16,凱基-中壢,2023-11-10,9285
2317,鴻海,22,6,16,凱基-中壢,2023-11-10,9285
2421,建準,19,4,15,凱基-中壢,2023-11-10,9285
3176,基亞,22,7,15,凱基-中壢,2023-11-10,9285
6799,來頡,15,0,15,凱基-中壢,2023-11-10,9285
1795,美時,26,12,14,凱基-中壢,2023-11-10,9285
2408,南亞科,15,1,14,凱基-中壢,2023-11-10,9285
2105,正新,20,6,14,凱基-中壢,2023-11-10,9285
9955,佳龍,14,0,14,凱基-中壢,2023-11-10,9285
2891,中信金,51,37,14,凱基-中壢,2023-11-10,9285
6187,萬潤,17,5,12,凱基-中壢,2023-11-10,9285
3013,晟銘電,23,11,12,凱基-中壢,2023-11-10,9285
9950,萬國通,12,0,12,凱基-中壢,2023-11-10,9285
2530,華建,12,0,12,凱基-中壢,2023-11-10,9285
3041,揚智,21,9,12,凱基-中壢,2023-11-10,9285
00632R,元大台灣50反1,481,2,479,凱基-中壢,2023-11-13,9285
00878,國泰永續高股息,103,11,92,凱基-中壢,2023-11-13,9285
00715L,期街口布蘭特正2,126,40,86,凱基-中壢,2023-11-13,9285
00679B,元大美債20年,54,0,54,凱基-中壢,2023-11-13,9285
2303,聯電,61,7,54,凱基-中壢,2023-11-13,9285
2618,長榮航,57,9,48,凱基-中壢,2023-11-13,9285
3548,兆利,49,6,43,凱基-中壢,2023-11-13,9285
2382,廣達,69,27,42,凱基-中壢,2023-11-13,9285
00936,台新永續高息中小,39,5,34,凱基-中壢,2023-11-13,9285
2486,一詮,39,8,31,凱基-中壢,2023-11-13,9285
2204,中華,35,4,31,凱基-中壢,2023-11-13,9285
00933B,國泰10Y+金融債,35,5,30,凱基-中壢,2023-11-13,9285
2883,凱基金,52,23,29,凱基-中壢,2023-11-13,9285
00712,復華富時不動產,25,0,25,凱基-中壢,2023-11-13,9285
6290,良維,26,1,25,凱基-中壢,2023-11-13,9285
3312,弘憶股,26,1,25,凱基-中壢,2023-11-13,9285
00687B,國泰20年美債,39,15,24,凱基-中壢,2023-11-13,9285
3036,文曄,27,3,24,凱基-中壢,2023-11-13,9285
00720B,元大投資級公司債,23,0,23,凱基-中壢,2023-11-13,9285
2387,精元,33,10,23,凱基-中壢,2023-11-13,9285
1522,堤維西,30,10,20,凱基-中壢,2023-11-13,9285
6139,亞翔,18,0,18,凱基-中壢,2023-11-13,9285
3163,波若威,20,2,18,凱基-中壢,2023-11-13,9285
2367,燿華,19,1,18,凱基-中壢,2023-11-13,9285
4967,十銓,27,10,17,凱基-中壢,2023-11-13,9285
3013,晟銘電,20,3,17,凱基-中壢,2023-11-13,9285
2609,陽明,17,1,16,凱基-中壢,2023-11-13,9285
3078,僑威,17,1,16,凱基-中壢,2023-11-13,9285
2412,中華電,15,0,15,凱基-中壢,2023-11-13,9285
1815,富喬,57,42,15,凱基-中壢,2023-11-13,9285
3664,安瑞-KY,14,0,14,凱基-中壢,2023-11-13,9285
5225,東科-KY,15,1,14,凱基-中壢,2023-11-13,9285
00882,中信中國高股息,15,2,13,凱基-中壢,2023-11-13,9285
4766,南寶,12,0,12,凱基-中壢,2023-11-13,9285
2402,毅嘉,24,12,12,凱基-中壢,2023-11-13,9285
4908,前鼎,39,27,12,凱基-中壢,2023-11-13,9285
6901,鑽石投資,18,7,11,凱基-中壢,2023-11-13,9285
2891,中信金,15,4,11,凱基-中壢,2023-11-13,9285
6485,點序,21,10,11,凱基-中壢,2023-11-13,9285
5347,世界,11,1,10,凱基-中壢,2023-11-13,9285
00664R,國泰臺灣加權反1,10,0,10,凱基-中壢,2023-11-13,9285
1316,上曜,10,0,10,凱基-中壢,2023-11-13,9285
1308,亞聚,10,0,10,凱基-中壢,2023-11-13,9285
4129,聯合,20,10,10,凱基-中壢,2023-11-13,9285
2516,新建,12,2,10,凱基-中壢,2023-11-13,9285
3535,晶彩科,10,0,10,凱基-中壢,2023-11-13,9285
3714,富采,10,0,10,凱基-中壢,2023-11-13,9285
00680L,元大美債20正2,9,0,9,凱基-中壢,2023-11-13,9285
6118,建達,15,6,9,凱基-中壢,2023-11-13,9285
3322,建舜電,19,10,9,凱基-中壢,2023-11-13,9285
2303,聯電,223,21,202,凱基-中壢,2023-11-14,9285
00878,國泰永續高股息,128,40,88,凱基-中壢,2023-11-14,9285
3231,緯創,153,91,62,凱基-中壢,2023-11-14,9285
2888,新光金,80,20,60,凱基-中壢,2023-11-14,9285
1101,台泥,56,0,56,凱基-中壢,2023-11-14,9285
00891,中信關鍵半導體,65,14,51,凱基-中壢,2023-11-14,9285
00929,復華台灣科技優息,110,59,51,凱基-中壢,2023-11-14,9285
6485,點序,42,0,42,凱基-中壢,2023-11-14,9285
2915,潤泰全,42,0,42,凱基-中壢,2023-11-14,9285
00919,群益台灣精選高息,59,18,41,凱基-中壢,2023-11-14,9285
2401,凌陽,41,3,38,凱基-中壢,2023-11-14,9285
00753L,中信中國50正2,35,0,35,凱基-中壢,2023-11-14,9285
3015,全漢,35,1,34,凱基-中壢,2023-11-14,9285
1760,寶齡富錦,34,2,32,凱基-中壢,2023-11-14,9285
3390,旭軟,29,0,29,凱基-中壢,2023-11-14,9285
1815,富喬,35,8,27,凱基-中壢,2023-11-14,9285
01004T,土銀富邦R2,25,0,25,凱基-中壢,2023-11-14,9285
1721,三晃,26,2,24,凱基-中壢,2023-11-14,9285
2444,兆勁,23,0,23,凱基-中壢,2023-11-14,9285
4915,致伸,22,0,22,凱基-中壢,2023-11-14,9285
3049,精金,22,0,22,凱基-中壢,2023-11-14,9285
2402,毅嘉,30,10,20,凱基-中壢,2023-11-14,9285
6133,金橋,20,0,20,凱基-中壢,2023-11-14,9285
2883,凱基金,25,6,19,凱基-中壢,2023-11-14,9285
3664,安瑞-KY,17,0,17,凱基-中壢,2023-11-14,9285
6116,彩晶,18,1,17,凱基-中壢,2023-11-14,9285
2356,英業達,20,4,16,凱基-中壢,2023-11-14,9285
00642U,期元大S＆P石油,18,5,13,凱基-中壢,2023-11-14,9285
00692,富邦公司治理,14,1,13,凱基-中壢,2023-11-14,9285
2359,所羅門,14,1,13,凱基-中壢,2023-11-14,9285
2605,新興,13,0,13,凱基-中壢,2023-11-14,9285
6127,九豪,14,2,12,凱基-中壢,2023-11-14,9285
3147,大綜,33,21,12,凱基-中壢,2023-11-14,9285
2468,華經,17,5,12,凱基-中壢,2023-11-14,9285
4572,駐龍,13,1,12,凱基-中壢,2023-11-14,9285
2412,中華電,11,0,11,凱基-中壢,2023-11-14,9285
2059,川湖,11,0,11,凱基-中壢,2023-11-14,9285
2204,中華,13,3,10,凱基-中壢,2023-11-14,9285
3624,光頡,10,0,10,凱基-中壢,2023-11-14,9285
2363,矽統,45,35,10,凱基-中壢,2023-11-14,9285
00902,中信電池及儲能,10,0,10,凱基-中壢,2023-11-14,9285
00757,統一FANG+,10,0,10,凱基-中壢,2023-11-14,9285
4956,光鋐,10,0,10,凱基-中壢,2023-11-14,9285
3141,晶宏,10,0,10,凱基-中壢,2023-11-14,9285
00687B,國泰20年美債,10,0,10,凱基-中壢,2023-11-14,9285
2208,台船,10,0,10,凱基-中壢,2023-11-14,9285
00712,復華富時不動產,12,3,9,凱基-中壢,2023-11-14,9285
4128,中天,10,1,9,凱基-中壢,2023-11-14,9285
5452,佶優,17,8,9,凱基-中壢,2023-11-14,9285
2427,三商電,15,7,8,凱基-中壢,2023-11-14,9285
00878,國泰永續高股息,387,157,230,凱基-中壢,2023-11-15,9285
00665L,富邦�琤肭磪囓�2,200,1,199,凱基-中壢,2023-11-15,9285
00688L,國泰20年美債正2,200,2,198,凱基-中壢,2023-11-15,9285
00712,復華富時不動產,167,60,107,凱基-中壢,2023-11-15,9285
00642U,期元大S＆P石油,63,0,63,凱基-中壢,2023-11-15,9285
1513,中興電,54,3,51,凱基-中壢,2023-11-15,9285
3276,宇環,65,22,43,凱基-中壢,2023-11-15,9285
2363,矽統,158,117,41,凱基-中壢,2023-11-15,9285
2449,京元電子,59,22,37,凱基-中壢,2023-11-15,9285
3234,光環,35,3,32,凱基-中壢,2023-11-15,9285
6139,亞翔,57,26,31,凱基-中壢,2023-11-15,9285
00901,永豐智能車供應鏈,31,0,31,凱基-中壢,2023-11-15,9285
3049,精金,30,0,30,凱基-中壢,2023-11-15,9285
00692,富邦公司治理,29,1,28,凱基-中壢,2023-11-15,9285
3017,奇鋐,41,14,27,凱基-中壢,2023-11-15,9285
1314,中石化,31,5,26,凱基-中壢,2023-11-15,9285
3706,神達,29,5,24,凱基-中壢,2023-11-15,9285
3035,智原,44,20,24,凱基-中壢,2023-11-15,9285
4979,華星光,42,18,24,凱基-中壢,2023-11-15,9285
8110,華東,30,7,23,凱基-中壢,2023-11-15,9285
1309,台達化,25,3,22,凱基-中壢,2023-11-15,9285
6122,擎邦,57,35,22,凱基-中壢,2023-11-15,9285
2634,漢翔,22,1,21,凱基-中壢,2023-11-15,9285
2891,中信金,60,39,21,凱基-中壢,2023-11-15,9285
2353,宏��,33,12,21,凱基-中壢,2023-11-15,9285
3548,兆利,39,19,20,凱基-中壢,2023-11-15,9285
2915,潤泰全,37,17,20,凱基-中壢,2023-11-15,9285
5351,鈺創,34,14,20,凱基-中壢,2023-11-15,9285
2436,偉詮電,26,7,19,凱基-中壢,2023-11-15,9285
3036,文曄,42,23,19,凱基-中壢,2023-11-15,9285
3545,敦泰,76,59,17,凱基-中壢,2023-11-15,9285
6585,鼎基,20,3,17,凱基-中壢,2023-11-15,9285
8210,勤誠,27,10,17,凱基-中壢,2023-11-15,9285
00679B,元大美債20年,37,20,17,凱基-中壢,2023-11-15,9285
2618,長榮航,74,58,16,凱基-中壢,2023-11-15,9285
3521,鴻翊,19,3,16,凱基-中壢,2023-11-15,9285
4967,十銓,28,13,15,凱基-中壢,2023-11-15,9285
00669R,國泰美國道瓊反1,15,0,15,凱基-中壢,2023-11-15,9285
00706L,期元大S＆P日圓正2,15,0,15,凱基-中壢,2023-11-15,9285
1603,華電,19,5,14,凱基-中壢,2023-11-15,9285
00713,元大台灣高息低波,14,1,13,凱基-中壢,2023-11-15,9285
6770,力積電,40,27,13,凱基-中壢,2023-11-15,9285
8048,德勝,13,0,13,凱基-中壢,2023-11-15,9285
2356,英業達,27,15,12,凱基-中壢,2023-11-15,9285
3043,科風,13,1,12,凱基-中壢,2023-11-15,9285
6243,迅杰,14,2,12,凱基-中壢,2023-11-15,9285
1218,泰山,12,0,12,凱基-中壢,2023-11-15,9285
3006,晶豪科,19,7,12,凱基-中壢,2023-11-15,9285
5222,全訊,12,1,11,凱基-中壢,2023-11-15,9285
3617,碩天,11,0,11,凱基-中壢,2023-11-15,9285
00929,復華台灣科技優息,238,54,184,凱基-中壢,2023-11-16,9285
00878,國泰永續高股息,184,19,165,凱基-中壢,2023-11-16,9285
2610,華航,235,86,149,凱基-中壢,2023-11-16,9285
2417,圓剛,159,47,112,凱基-中壢,2023-11-16,9285
00687B,國泰20年美債,73,0,73,凱基-中壢,2023-11-16,9285
6805,富世達,133,65,68,凱基-中壢,2023-11-16,9285
6125,廣運,59,3,56,凱基-中壢,2023-11-16,9285
00919,群益台灣精選高息,56,1,55,凱基-中壢,2023-11-16,9285
8936,國統,59,5,54,凱基-中壢,2023-11-16,9285
4130,健亞,48,0,48,凱基-中壢,2023-11-16,9285
00715L,期街口布蘭特正2,66,20,46,凱基-中壢,2023-11-16,9285
6282,康舒,54,11,43,凱基-中壢,2023-11-16,9285
00671R,富邦NASDAQ反1,42,0,42,凱基-中壢,2023-11-16,9285
2884,玉山金,60,20,40,凱基-中壢,2023-11-16,9285
2324,仁寶,41,1,40,凱基-中壢,2023-11-16,9285
00679B,元大美債20年,36,1,35,凱基-中壢,2023-11-16,9285
00637L,元大滬深300正2,47,12,35,凱基-中壢,2023-11-16,9285
5706,鳳凰,42,9,33,凱基-中壢,2023-11-16,9285
3545,敦泰,50,18,32,凱基-中壢,2023-11-16,9285
00751B,元大AAA至A公司債,28,0,28,凱基-中壢,2023-11-16,9285
6284,佳邦,31,5,26,凱基-中壢,2023-11-16,9285
3694,海華,27,3,24,凱基-中壢,2023-11-16,9285
2641,正德,26,4,22,凱基-中壢,2023-11-16,9285
00722B,群益投資級電信債,21,0,21,凱基-中壢,2023-11-16,9285
3025,星通,23,2,21,凱基-中壢,2023-11-16,9285
2441,超豐,30,10,20,凱基-中壢,2023-11-16,9285
00688L,國泰20年美債正2,20,0,20,凱基-中壢,2023-11-16,9285
8996,高力,21,2,19,凱基-中壢,2023-11-16,9285
2615,萬海,40,22,18,凱基-中壢,2023-11-16,9285
00720B,元大投資級公司債,17,0,17,凱基-中壢,2023-11-16,9285
8054,安國,23,7,16,凱基-中壢,2023-11-16,9285
2748,雲品,19,3,16,凱基-中壢,2023-11-16,9285
00648R,元大S＆P500反1,15,0,15,凱基-中壢,2023-11-16,9285
00772B,中信高評級公司債,14,0,14,凱基-中壢,2023-11-16,9285
00642U,期元大S＆P石油,15,1,14,凱基-中壢,2023-11-16,9285
2353,宏��,24,10,14,凱基-中壢,2023-11-16,9285
2356,英業達,43,29,14,凱基-中壢,2023-11-16,9285
6492,生華科,14,0,14,凱基-中壢,2023-11-16,9285
1524,耿鼎,27,13,14,凱基-中壢,2023-11-16,9285
3036,文曄,15,1,14,凱基-中壢,2023-11-16,9285
3701,大眾控,16,3,13,凱基-中壢,2023-11-16,9285
2208,台船,13,0,13,凱基-中壢,2023-11-16,9285
6290,良維,13,0,13,凱基-中壢,2023-11-16,9285
3006,晶豪科,24,12,12,凱基-中壢,2023-11-16,9285
00915,凱基優選高股息30,12,0,12,凱基-中壢,2023-11-16,9285
1795,美時,17,5,12,凱基-中壢,2023-11-16,9285
1312,國喬,12,0,12,凱基-中壢,2023-11-16,9285
6577,勁豐,12,0,12,凱基-中壢,2023-11-16,9285
00795B,中信美國公債20年,12,0,12,凱基-中壢,2023-11-16,9285
00933B,國泰10Y+金融債,11,0,11,凱基-中壢,2023-11-16,9285
00650L,復華香港正2,771,95,676,凱基-中壢,2023-11-17,9285
00715L,期街口布蘭特正2,313,13,300,凱基-中壢,2023-11-17,9285
00665L,富邦�琤肭磪囓�2,250,0,250,凱基-中壢,2023-11-17,9285
00637L,元大滬深300正2,223,10,213,凱基-中壢,2023-11-17,9285
3041,揚智,246,142,104,凱基-中壢,2023-11-17,9285
3481,群創,101,9,92,凱基-中壢,2023-11-17,9285
00687B,國泰20年美債,87,4,83,凱基-中壢,2023-11-17,9285
00929,復華台灣科技優息,135,54,81,凱基-中壢,2023-11-17,9285
8176,智捷,80,2,78,凱基-中壢,2023-11-17,9285
00642U,期元大S＆P石油,77,7,70,凱基-中壢,2023-11-17,9285
00632R,元大台灣50反1,403,335,68,凱基-中壢,2023-11-17,9285
00753L,中信中國50正2,75,7,68,凱基-中壢,2023-11-17,9285
2883,凱基金,84,21,63,凱基-中壢,2023-11-17,9285
2329,華泰,66,25,41,凱基-中壢,2023-11-17,9285
00680L,元大美債20正2,44,4,40,凱基-中壢,2023-11-17,9285
2344,華邦電,54,14,40,凱基-中壢,2023-11-17,9285
2405,輔信,41,2,39,凱基-中壢,2023-11-17,9285
00878,國泰永續高股息,66,30,36,凱基-中壢,2023-11-17,9285
00902,中信電池及儲能,32,0,32,凱基-中壢,2023-11-17,9285
00720B,元大投資級公司債,32,7,25,凱基-中壢,2023-11-17,9285
2618,長榮航,227,202,25,凱基-中壢,2023-11-17,9285
5009,榮剛,24,1,23,凱基-中壢,2023-11-17,9285
1815,富喬,61,39,22,凱基-中壢,2023-11-17,9285
00679B,元大美債20年,55,35,20,凱基-中壢,2023-11-17,9285
2439,美律,21,1,20,凱基-中壢,2023-11-17,9285
00931B,統一美債20年,20,0,20,凱基-中壢,2023-11-17,9285
2731,雄獅,25,7,18,凱基-中壢,2023-11-17,9285
00722B,群益投資級電信債,18,0,18,凱基-中壢,2023-11-17,9285
00751B,元大AAA至A公司債,18,0,18,凱基-中壢,2023-11-17,9285
5864,致和證,20,2,18,凱基-中壢,2023-11-17,9285
2022,聚亨,20,3,17,凱基-中壢,2023-11-17,9285
2371,大同,18,1,17,凱基-中壢,2023-11-17,9285
6189,豐藝,22,5,17,凱基-中壢,2023-11-17,9285
00936,台新永續高息中小,21,6,15,凱基-中壢,2023-11-17,9285
2412,中華電,17,2,15,凱基-中壢,2023-11-17,9285
2312,金寶,16,1,15,凱基-中壢,2023-11-17,9285
6276,安鈦克,22,7,15,凱基-中壢,2023-11-17,9285
6282,康舒,14,0,14,凱基-中壢,2023-11-17,9285
3715,定穎投控,31,18,13,凱基-中壢,2023-11-17,9285
2449,京元電子,21,9,12,凱基-中壢,2023-11-17,9285
9945,潤泰新,15,3,12,凱基-中壢,2023-11-17,9285
8086,宏捷科,16,4,12,凱基-中壢,2023-11-17,9285
3483,力致,13,1,12,凱基-中壢,2023-11-17,9285
00935,野村臺灣新科技50,12,0,12,凱基-中壢,2023-11-17,9285
6799,來頡,19,7,12,凱基-中壢,2023-11-17,9285
3587,閎康,16,4,12,凱基-中壢,2023-11-17,9285
5607,遠雄港,11,0,11,凱基-中壢,2023-11-17,9285
5340,建榮,12,1,11,凱基-中壢,2023-11-17,9285
1795,美時,17,6,11,凱基-中壢,2023-11-17,9285
6209,今國光,13,2,11,凱基-中壢,2023-11-17,9285
00632R,元大台灣50反1,293,0,293,凱基-中壢,2023-11-20,9285
00929,復華台灣科技優息,299,47,252,凱基-中壢,2023-11-20,9285
00935,野村臺灣新科技50,196,0,196,凱基-中壢,2023-11-20,9285
00637L,元大滬深300正2,315,214,101,凱基-中壢,2023-11-20,9285
2402,毅嘉,103,12,91,凱基-中壢,2023-11-20,9285
00864B,中信美國公債0-1,56,0,56,凱基-中壢,2023-11-20,9285
00719B,元大美債1-3,54,0,54,凱基-中壢,2023-11-20,9285
00679B,元大美債20年,49,0,49,凱基-中壢,2023-11-20,9285
3548,兆利,81,32,49,凱基-中壢,2023-11-20,9285
3481,群創,47,0,47,凱基-中壢,2023-11-20,9285
2883,凱基金,45,0,45,凱基-中壢,2023-11-20,9285
2312,金寶,64,23,41,凱基-中壢,2023-11-20,9285
6695,芯鼎,61,21,40,凱基-中壢,2023-11-20,9285
00687B,國泰20年美債,46,16,30,凱基-中壢,2023-11-20,9285
3706,神達,39,12,27,凱基-中壢,2023-11-20,9285
00712,復華富時不動產,39,13,26,凱基-中壢,2023-11-20,9285
6243,迅杰,65,39,26,凱基-中壢,2023-11-20,9285
5465,富驊,28,2,26,凱基-中壢,2023-11-20,9285
3035,智原,53,28,25,凱基-中壢,2023-11-20,9285
2201,裕隆,26,1,25,凱基-中壢,2023-11-20,9285
00751B,元大AAA至A公司債,25,0,25,凱基-中壢,2023-11-20,9285
3114,好德,24,0,24,凱基-中壢,2023-11-20,9285
1710,東聯,23,0,23,凱基-中壢,2023-11-20,9285
2543,皇昌,119,96,23,凱基-中壢,2023-11-20,9285
2610,華航,65,44,21,凱基-中壢,2023-11-20,9285
2736,富野,33,12,21,凱基-中壢,2023-11-20,9285
2618,長榮航,92,72,20,凱基-中壢,2023-11-20,9285
6770,力積電,57,37,20,凱基-中壢,2023-11-20,9285
3025,星通,24,6,18,凱基-中壢,2023-11-20,9285
6163,華電網,18,0,18,凱基-中壢,2023-11-20,9285
4129,聯合,23,6,17,凱基-中壢,2023-11-20,9285
6589,台康生技,16,0,16,凱基-中壢,2023-11-20,9285
2330,台積電,18,2,16,凱基-中壢,2023-11-20,9285
9911,櫻花,16,0,16,凱基-中壢,2023-11-20,9285
6219,富旺,16,0,16,凱基-中壢,2023-11-20,9285
3176,基亞,17,1,16,凱基-中壢,2023-11-20,9285
2890,永豐金,15,0,15,凱基-中壢,2023-11-20,9285
5272,笙科,26,11,15,凱基-中壢,2023-11-20,9285
00708L,期元大S＆P黃金正2,15,0,15,凱基-中壢,2023-11-20,9285
2408,南亞科,17,3,14,凱基-中壢,2023-11-20,9285
1303,南亞,13,0,13,凱基-中壢,2023-11-20,9285
00882,中信中國高股息,13,0,13,凱基-中壢,2023-11-20,9285
6435,大中,12,0,12,凱基-中壢,2023-11-20,9285
6158,禾昌,13,1,12,凱基-中壢,2023-11-20,9285
3645,達邁,14,2,12,凱基-中壢,2023-11-20,9285
4931,新盛力,20,8,12,凱基-中壢,2023-11-20,9285
3402,漢科,21,9,12,凱基-中壢,2023-11-20,9285
6558,興能高,23,11,12,凱基-中壢,2023-11-20,9285
5864,致和證,11,0,11,凱基-中壢,2023-11-20,9285
2303,聯電,70,59,11,凱基-中壢,2023-11-20,9285
2618,長榮航,239,91,148,凱基-中壢,2023-11-21,9285
6127,九豪,130,5,125,凱基-中壢,2023-11-21,9285
6237,驊訊,71,4,67,凱基-中壢,2023-11-21,9285
6233,旺玖,77,12,65,凱基-中壢,2023-11-21,9285
2377,微星,61,1,60,凱基-中壢,2023-11-21,9285
00864B,中信美國公債0-1,52,0,52,凱基-中壢,2023-11-21,9285
00719B,元大美債1-3,51,0,51,凱基-中壢,2023-11-21,9285
3059,華晶科,52,10,42,凱基-中壢,2023-11-21,9285
2913,農林,47,5,42,凱基-中壢,2023-11-21,9285
8936,國統,62,21,41,凱基-中壢,2023-11-21,9285
00632R,元大台灣50反1,220,180,40,凱基-中壢,2023-11-21,9285
2897,王道銀行,30,0,30,凱基-中壢,2023-11-21,9285
3013,晟銘電,35,6,29,凱基-中壢,2023-11-21,9285
3715,定穎投控,69,44,25,凱基-中壢,2023-11-21,9285
3163,波若威,32,7,25,凱基-中壢,2023-11-21,9285
6168,宏齊,34,12,22,凱基-中壢,2023-11-21,9285
4961,天鈺,25,4,21,凱基-中壢,2023-11-21,9285
6163,華電網,21,0,21,凱基-中壢,2023-11-21,9285
2609,陽明,24,4,20,凱基-中壢,2023-11-21,9285
2344,華邦電,38,18,20,凱基-中壢,2023-11-21,9285
2439,美律,23,4,19,凱基-中壢,2023-11-21,9285
6284,佳邦,23,4,19,凱基-中壢,2023-11-21,9285
5312,寶島科,19,0,19,凱基-中壢,2023-11-21,9285
2402,毅嘉,29,10,19,凱基-中壢,2023-11-21,9285
2388,威盛,34,16,18,凱基-中壢,2023-11-21,9285
3047,訊舟,23,6,17,凱基-中壢,2023-11-21,9285
00679B,元大美債20年,25,8,17,凱基-中壢,2023-11-21,9285
00713,元大台灣高息低波,19,2,17,凱基-中壢,2023-11-21,9285
5533,皇鼎,17,0,17,凱基-中壢,2023-11-21,9285
00934,中信成長高股息,16,0,16,凱基-中壢,2023-11-21,9285
1101,台泥,15,0,15,凱基-中壢,2023-11-21,9285
3481,群創,26,11,15,凱基-中壢,2023-11-21,9285
4306,炎洲,14,0,14,凱基-中壢,2023-11-21,9285
3062,建漢,29,15,14,凱基-中壢,2023-11-21,9285
5202,力新,13,0,13,凱基-中壢,2023-11-21,9285
8110,華東,13,0,13,凱基-中壢,2023-11-21,9285
3149,正達,15,3,12,凱基-中壢,2023-11-21,9285
2485,兆赫,16,4,12,凱基-中壢,2023-11-21,9285
00936,台新永續高息中小,12,0,12,凱基-中壢,2023-11-21,9285
2734,易飛網,13,1,12,凱基-中壢,2023-11-21,9285
2536,宏普,13,1,12,凱基-中壢,2023-11-21,9285
2023,燁輝,13,1,12,凱基-中壢,2023-11-21,9285
2355,敬鵬,132,121,11,凱基-中壢,2023-11-21,9285
8201,無敵,11,0,11,凱基-中壢,2023-11-21,9285
4934,太極,13,2,11,凱基-中壢,2023-11-21,9285
00673R,期元大S＆P原油反1,10,0,10,凱基-中壢,2023-11-21,9285
8432,東生華,10,0,10,凱基-中壢,2023-11-21,9285
2705,六福,22,12,10,凱基-中壢,2023-11-21,9285
5353,台林,10,0,10,凱基-中壢,2023-11-21,9285
2443,昶虹,10,0,10,凱基-中壢,2023-11-21,9285
3231,緯創,223,36,187,凱基-中壢,2023-11-22,9285
2867,三商壽,142,1,141,凱基-中壢,2023-11-22,9285
2618,長榮航,178,51,127,凱基-中壢,2023-11-22,9285
00878,國泰永續高股息,117,7,110,凱基-中壢,2023-11-22,9285
00919,群益台灣精選高息,112,3,109,凱基-中壢,2023-11-22,9285
2527,宏璟,102,0,102,凱基-中壢,2023-11-22,9285
2405,輔信,120,33,87,凱基-中壢,2023-11-22,9285
2356,英業達,83,14,69,凱基-中壢,2023-11-22,9285
00905,FT臺灣Smart,56,0,56,凱基-中壢,2023-11-22,9285
2382,廣達,95,42,53,凱基-中壢,2023-11-22,9285
00655L,國泰中國A50正2,50,0,50,凱基-中壢,2023-11-22,9285
00720B,元大投資級公司債,41,3,38,凱基-中壢,2023-11-22,9285
00934,中信成長高股息,37,0,37,凱基-中壢,2023-11-22,9285
6770,力積電,45,10,35,凱基-中壢,2023-11-22,9285
2353,宏��,33,0,33,凱基-中壢,2023-11-22,9285
2705,六福,39,6,33,凱基-中壢,2023-11-22,9285
2436,偉詮電,59,27,32,凱基-中壢,2023-11-22,9285
3481,群創,34,2,32,凱基-中壢,2023-11-22,9285
6805,富世達,43,12,31,凱基-中壢,2023-11-22,9285
2883,凱基金,47,18,29,凱基-中壢,2023-11-22,9285
00680L,元大美債20正2,27,1,26,凱基-中壢,2023-11-22,9285
3051,力特,39,13,26,凱基-中壢,2023-11-22,9285
2409,友達,26,1,25,凱基-中壢,2023-11-22,9285
2301,光寶科,28,5,23,凱基-中壢,2023-11-22,9285
00751B,元大AAA至A公司債,23,1,22,凱基-中壢,2023-11-22,9285
0056,元大高股息,24,2,22,凱基-中壢,2023-11-22,9285
3059,華晶科,56,35,21,凱基-中壢,2023-11-22,9285
3057,喬鼎,25,4,21,凱基-中壢,2023-11-22,9285
2377,微星,21,1,20,凱基-中壢,2023-11-22,9285
6541,泰福-KY,21,1,20,凱基-中壢,2023-11-22,9285
1731,美吾華,20,0,20,凱基-中壢,2023-11-22,9285
2855,統一證,20,0,20,凱基-中壢,2023-11-22,9285
9911,櫻花,20,0,20,凱基-中壢,2023-11-22,9285
00712,復華富時不動產,19,0,19,凱基-中壢,2023-11-22,9285
2457,飛宏,20,1,19,凱基-中壢,2023-11-22,9285
3325,旭品,95,76,19,凱基-中壢,2023-11-22,9285
00679B,元大美債20年,22,3,19,凱基-中壢,2023-11-22,9285
5521,工信,22,3,19,凱基-中壢,2023-11-22,9285
3402,漢科,18,0,18,凱基-中壢,2023-11-22,9285
2401,凌陽,64,46,18,凱基-中壢,2023-11-22,9285
2482,連宇,18,0,18,凱基-中壢,2023-11-22,9285
3234,光環,18,0,18,凱基-中壢,2023-11-22,9285
3169,亞信,25,7,18,凱基-中壢,2023-11-22,9285
00830,國泰費城半導體,16,0,16,凱基-中壢,2023-11-22,9285
6799,來頡,20,4,16,凱基-中壢,2023-11-22,9285
2610,華航,16,1,15,凱基-中壢,2023-11-22,9285
00885,富邦越南,23,9,14,凱基-中壢,2023-11-22,9285
00933B,國泰10Y+金融債,14,0,14,凱基-中壢,2023-11-22,9285
2014,中鴻,14,0,14,凱基-中壢,2023-11-22,9285
6204,艾華,19,5,14,凱基-中壢,2023-11-22,9285
00637L,元大滬深300正2,279,9,270,凱基-中壢,2023-11-23,9285
00919,群益台灣精選高息,143,21,122,凱基-中壢,2023-11-23,9285
5521,工信,119,34,85,凱基-中壢,2023-11-23,9285
00679B,元大美債20年,81,4,77,凱基-中壢,2023-11-23,9285
00688L,國泰20年美債正2,96,20,76,凱基-中壢,2023-11-23,9285
00680L,元大美債20正2,104,32,72,凱基-中壢,2023-11-23,9285
00715L,期街口布蘭特正2,71,0,71,凱基-中壢,2023-11-23,9285
00878,國泰永續高股息,136,78,58,凱基-中壢,2023-11-23,9285
3006,晶豪科,80,28,52,凱基-中壢,2023-11-23,9285
2363,矽統,103,52,51,凱基-中壢,2023-11-23,9285
3041,揚智,99,49,50,凱基-中壢,2023-11-23,9285
3122,笙泉,64,16,48,凱基-中壢,2023-11-23,9285
3078,僑威,80,36,44,凱基-中壢,2023-11-23,9285
00936,台新永續高息中小,52,8,44,凱基-中壢,2023-11-23,9285
00934,中信成長高股息,62,18,44,凱基-中壢,2023-11-23,9285
3036,文曄,52,10,42,凱基-中壢,2023-11-23,9285
2356,英業達,63,22,41,凱基-中壢,2023-11-23,9285
2332,友訊,41,0,41,凱基-中壢,2023-11-23,9285
6805,富世達,37,0,37,凱基-中壢,2023-11-23,9285
6282,康舒,98,63,35,凱基-中壢,2023-11-23,9285
1802,台玻,30,0,30,凱基-中壢,2023-11-23,9285
3481,群創,33,4,29,凱基-中壢,2023-11-23,9285
6684,安格,38,10,28,凱基-中壢,2023-11-23,9285
3035,智原,58,31,27,凱基-中壢,2023-11-23,9285
3437,榮創,69,43,26,凱基-中壢,2023-11-23,9285
6533,晶心科,29,4,25,凱基-中壢,2023-11-23,9285
3038,全台,25,0,25,凱基-中壢,2023-11-23,9285
2355,敬鵬,50,25,25,凱基-中壢,2023-11-23,9285
6530,創威,51,27,24,凱基-中壢,2023-11-23,9285
00900,富邦特選高股息30,37,15,22,凱基-中壢,2023-11-23,9285
2608,嘉里大榮,22,0,22,凱基-中壢,2023-11-23,9285
9911,櫻花,21,0,21,凱基-中壢,2023-11-23,9285
1710,東聯,21,0,21,凱基-中壢,2023-11-23,9285
2516,新建,23,2,21,凱基-中壢,2023-11-23,9285
8110,華東,20,0,20,凱基-中壢,2023-11-23,9285
8176,智捷,22,2,20,凱基-中壢,2023-11-23,9285
6127,九豪,41,22,19,凱基-中壢,2023-11-23,9285
8213,志超,18,0,18,凱基-中壢,2023-11-23,9285
2883B,凱基金乙特,18,0,18,凱基-中壢,2023-11-23,9285
3617,碩天,20,3,17,凱基-中壢,2023-11-23,9285
2476,鉅祥,37,20,17,凱基-中壢,2023-11-23,9285
2002,中鋼,37,21,16,凱基-中壢,2023-11-23,9285
5225,東科-KY,18,2,16,凱基-中壢,2023-11-23,9285
00671R,富邦NASDAQ反1,16,0,16,凱基-中壢,2023-11-23,9285
3645,達邁,15,0,15,凱基-中壢,2023-11-23,9285
8358,金居,22,7,15,凱基-中壢,2023-11-23,9285
6485,點序,39,25,14,凱基-中壢,2023-11-23,9285
00673R,期元大S＆P原油反1,20,6,14,凱基-中壢,2023-11-23,9285
8261,富鼎,22,8,14,凱基-中壢,2023-11-23,9285
2382,廣達,34,20,14,凱基-中壢,2023-11-23,9285
00650L,復華香港正2,724,0,724,凱基-中壢,2023-11-24,9285
00632R,元大台灣50反1,170,0,170,凱基-中壢,2023-11-24,9285
00637L,元大滬深300正2,285,139,146,凱基-中壢,2023-11-24,9285
00688L,國泰20年美債正2,109,0,109,凱基-中壢,2023-11-24,9285
8011,台通,101,0,101,凱基-中壢,2023-11-24,9285
00720B,元大投資級公司債,81,0,81,凱基-中壢,2023-11-24,9285
00680L,元大美債20正2,84,5,79,凱基-中壢,2023-11-24,9285
2888,新光金,77,6,71,凱基-中壢,2023-11-24,9285
00919,群益台灣精選高息,60,5,55,凱基-中壢,2023-11-24,9285
00665L,富邦�琤肭磪囓�2,53,0,53,凱基-中壢,2023-11-24,9285
00687B,國泰20年美債,52,0,52,凱基-中壢,2023-11-24,9285
2206,三陽工業,45,1,44,凱基-中壢,2023-11-24,9285
1731,美吾華,40,0,40,凱基-中壢,2023-11-24,9285
1609,大亞,61,21,40,凱基-中壢,2023-11-24,9285
2412,中華電,50,10,40,凱基-中壢,2023-11-24,9285
6541,泰福-KY,33,2,31,凱基-中壢,2023-11-24,9285
2363,矽統,88,58,30,凱基-中壢,2023-11-24,9285
1314,中石化,30,0,30,凱基-中壢,2023-11-24,9285
00885,富邦越南,30,0,30,凱基-中壢,2023-11-24,9285
3376,新日興,31,2,29,凱基-中壢,2023-11-24,9285
00751B,元大AAA至A公司債,27,0,27,凱基-中壢,2023-11-24,9285
00673R,期元大S＆P原油反1,25,0,25,凱基-中壢,2023-11-24,9285
5236,凌陽創新,25,1,24,凱基-中壢,2023-11-24,9285
00936,台新永續高息中小,24,1,23,凱基-中壢,2023-11-24,9285
3617,碩天,25,2,23,凱基-中壢,2023-11-24,9285
2382,廣達,34,12,22,凱基-中壢,2023-11-24,9285
2356,英業達,29,7,22,凱基-中壢,2023-11-24,9285
3624,光頡,25,3,22,凱基-中壢,2023-11-24,9285
1710,東聯,21,0,21,凱基-中壢,2023-11-24,9285
2618,長榮航,76,55,21,凱基-中壢,2023-11-24,9285
5465,富驊,20,0,20,凱基-中壢,2023-11-24,9285
5328,華容,23,3,20,凱基-中壢,2023-11-24,9285
2645,長榮航太,22,3,19,凱基-中壢,2023-11-24,9285
6415,矽力*-KY,20,1,19,凱基-中壢,2023-11-24,9285
2371,大同,23,7,16,凱基-中壢,2023-11-24,9285
2417,圓剛,39,23,16,凱基-中壢,2023-11-24,9285
00690,兆豐藍籌30,15,0,15,凱基-中壢,2023-11-24,9285
3019,亞光,15,0,15,凱基-中壢,2023-11-24,9285
2722,夏都,18,3,15,凱基-中壢,2023-11-24,9285
2002,中鋼,15,0,15,凱基-中壢,2023-11-24,9285
00753L,中信中國50正2,25,11,14,凱基-中壢,2023-11-24,9285
2547,日勝生,16,2,14,凱基-中壢,2023-11-24,9285
3701,大眾控,20,7,13,凱基-中壢,2023-11-24,9285
6104,創惟,55,43,12,凱基-中壢,2023-11-24,9285
6708,天擎,13,1,12,凱基-中壢,2023-11-24,9285
6695,芯鼎,32,20,12,凱基-中壢,2023-11-24,9285
2408,南亞科,12,0,12,凱基-中壢,2023-11-24,9285
3481,群創,15,3,12,凱基-中壢,2023-11-24,9285
2610,華航,37,26,11,凱基-中壢,2023-11-24,9285
4413,飛寶企業,11,0,11,凱基-中壢,2023-11-24,9285
00665L,富邦�琤肭磪囓�2,252,1,251,凱基-中壢,2023-11-27,9285
2883,凱基金,136,7,129,凱基-中壢,2023-11-27,9285
00637L,元大滬深300正2,132,21,111,凱基-中壢,2023-11-27,9285
6276,安鈦克,80,5,75,凱基-中壢,2023-11-27,9285
3005,神基,72,1,71,凱基-中壢,2023-11-27,9285
00688L,國泰20年美債正2,77,8,69,凱基-中壢,2023-11-27,9285
00919,群益台灣精選高息,69,0,69,凱基-中壢,2023-11-27,9285
5351,鈺創,75,8,67,凱基-中壢,2023-11-27,9285
6491,晶碩,61,1,60,凱基-中壢,2023-11-27,9285
3231,緯創,76,26,50,凱基-中壢,2023-11-27,9285
00934,中信成長高股息,49,1,48,凱基-中壢,2023-11-27,9285
00929,復華台灣科技優息,72,24,48,凱基-中壢,2023-11-27,9285
5347,世界,55,8,47,凱基-中壢,2023-11-27,9285
1760,寶齡富錦,51,5,46,凱基-中壢,2023-11-27,9285
2634,漢翔,51,5,46,凱基-中壢,2023-11-27,9285
2867,三商壽,40,0,40,凱基-中壢,2023-11-27,9285
00936,台新永續高息中小,39,0,39,凱基-中壢,2023-11-27,9285
00679B,元大美債20年,43,5,38,凱基-中壢,2023-11-27,9285
2382,廣達,45,7,38,凱基-中壢,2023-11-27,9285
1101,台泥,39,4,35,凱基-中壢,2023-11-27,9285
00715L,期街口布蘭特正2,34,0,34,凱基-中壢,2023-11-27,9285
00915,凱基優選高股息30,34,0,34,凱基-中壢,2023-11-27,9285
3078,僑威,38,9,29,凱基-中壢,2023-11-27,9285
6284,佳邦,36,9,27,凱基-中壢,2023-11-27,9285
00680L,元大美債20正2,57,30,27,凱基-中壢,2023-11-27,9285
00922,國泰台灣領袖50,27,0,27,凱基-中壢,2023-11-27,9285
00687B,國泰20年美債,51,26,25,凱基-中壢,2023-11-27,9285
2002,中鋼,40,16,24,凱基-中壢,2023-11-27,9285
2417,圓剛,28,5,23,凱基-中壢,2023-11-27,9285
2303,聯電,39,17,22,凱基-中壢,2023-11-27,9285
00933B,國泰10Y+金融債,22,0,22,凱基-中壢,2023-11-27,9285
00878,國泰永續高股息,66,44,22,凱基-中壢,2023-11-27,9285
6770,力積電,20,0,20,凱基-中壢,2023-11-27,9285
3494,誠研,20,0,20,凱基-中壢,2023-11-27,9285
00712,復華富時不動產,19,0,19,凱基-中壢,2023-11-27,9285
2353,宏��,20,1,19,凱基-中壢,2023-11-27,9285
00900,富邦特選高股息30,20,2,18,凱基-中壢,2023-11-27,9285
4128,中天,19,1,18,凱基-中壢,2023-11-27,9285
00753L,中信中國50正2,17,0,17,凱基-中壢,2023-11-27,9285
2427,三商電,17,0,17,凱基-中壢,2023-11-27,9285
2317,鴻海,18,2,16,凱基-中壢,2023-11-27,9285
2344,華邦電,17,2,15,凱基-中壢,2023-11-27,9285
2527,宏璟,15,0,15,凱基-中壢,2023-11-27,9285
3017,奇鋐,28,14,14,凱基-中壢,2023-11-27,9285
1731,美吾華,13,0,13,凱基-中壢,2023-11-27,9285
3483,力致,18,5,13,凱基-中壢,2023-11-27,9285
3018,隆銘綠能,12,0,12,凱基-中壢,2023-11-27,9285
3035,智原,55,43,12,凱基-中壢,2023-11-27,9285
3714,富采,12,0,12,凱基-中壢,2023-11-27,9285
6667,信紘科,23,11,12,凱基-中壢,2023-11-27,9285
00650L,復華香港正2,286,0,286,凱基-中壢,2023-11-28,9285
00637L,元大滬深300正2,349,126,223,凱基-中壢,2023-11-28,9285
1101,台泥,172,35,137,凱基-中壢,2023-11-28,9285
2891,中信金,115,41,74,凱基-中壢,2023-11-28,9285
8086,宏捷科,93,32,61,凱基-中壢,2023-11-28,9285
00680L,元大美債20正2,61,0,61,凱基-中壢,2023-11-28,9285
00772B,中信高評級公司債,50,1,49,凱基-中壢,2023-11-28,9285
1781,合世,43,0,43,凱基-中壢,2023-11-28,9285
5347,世界,43,3,40,凱基-中壢,2023-11-28,9285
3231,緯創,58,18,40,凱基-中壢,2023-11-28,9285
6243,迅杰,58,18,40,凱基-中壢,2023-11-28,9285
2801,彰銀,36,4,32,凱基-中壢,2023-11-28,9285
2303,聯電,54,22,32,凱基-中壢,2023-11-28,9285
4114,健喬,53,21,32,凱基-中壢,2023-11-28,9285
00923,群益台ESG低碳50,32,1,31,凱基-中壢,2023-11-28,9285
3494,誠研,30,0,30,凱基-中壢,2023-11-28,9285
2867,三商壽,30,0,30,凱基-中壢,2023-11-28,9285
2355,敬鵬,51,23,28,凱基-中壢,2023-11-28,9285
3437,榮創,37,9,28,凱基-中壢,2023-11-28,9285
6443,元晶,30,3,27,凱基-中壢,2023-11-28,9285
2606,裕民,98,73,25,凱基-中壢,2023-11-28,9285
00688L,國泰20年美債正2,32,11,21,凱基-中壢,2023-11-28,9285
00679B,元大美債20年,21,0,21,凱基-中壢,2023-11-28,9285
00795B,中信美國公債20年,21,0,21,凱基-中壢,2023-11-28,9285
3163,波若威,20,0,20,凱基-中壢,2023-11-28,9285
2029,盛餘,20,1,19,凱基-中壢,2023-11-28,9285
2353,宏��,23,5,18,凱基-中壢,2023-11-28,9285
2816,旺旺保,22,6,16,凱基-中壢,2023-11-28,9285
00929,復華台灣科技優息,35,20,15,凱基-中壢,2023-11-28,9285
1514,亞力,43,28,15,凱基-中壢,2023-11-28,9285
3530,晶相光,14,0,14,凱基-中壢,2023-11-28,9285
3045,台灣大,14,0,14,凱基-中壢,2023-11-28,9285
2371,大同,19,5,14,凱基-中壢,2023-11-28,9285
2352,佳世達,15,1,14,凱基-中壢,2023-11-28,9285
3176,基亞,14,0,14,凱基-中壢,2023-11-28,9285
6108,競國,14,0,14,凱基-中壢,2023-11-28,9285
3002,歐格,13,0,13,凱基-中壢,2023-11-28,9285
2812,台中銀,15,2,13,凱基-中壢,2023-11-28,9285
1760,寶齡富錦,19,7,12,凱基-中壢,2023-11-28,9285
1731,美吾華,15,3,12,凱基-中壢,2023-11-28,9285
00885,富邦越南,11,0,11,凱基-中壢,2023-11-28,9285
00633L,富邦上証正2,12,1,11,凱基-中壢,2023-11-28,9285
1605,華新,22,12,10,凱基-中壢,2023-11-28,9285
1442,名軒,10,0,10,凱基-中壢,2023-11-28,9285
3083,網龍,19,9,10,凱基-中壢,2023-11-28,9285
2756,聯發國際,10,0,10,凱基-中壢,2023-11-28,9285
00753L,中信中國50正2,10,0,10,凱基-中壢,2023-11-28,9285
2472,立隆電,11,1,10,凱基-中壢,2023-11-28,9285
3556,禾瑞亞,10,0,10,凱基-中壢,2023-11-28,9285
2601,益航,20,10,10,凱基-中壢,2023-11-28,9285
00679B,元大美債20年,105,0,105,凱基-中壢,2023-11-29,9285
2891,中信金,113,12,101,凱基-中壢,2023-11-29,9285
00882,中信中國高股息,109,12,97,凱基-中壢,2023-11-29,9285
5351,鈺創,101,17,84,凱基-中壢,2023-11-29,9285
00936,台新永續高息中小,84,1,83,凱基-中壢,2023-11-29,9285
00753L,中信中國50正2,73,0,73,凱基-中壢,2023-11-29,9285
2883,凱基金,67,3,64,凱基-中壢,2023-11-29,9285
00637L,元大滬深300正2,140,78,62,凱基-中壢,2023-11-29,9285
2303,聯電,88,29,59,凱基-中壢,2023-11-29,9285
00923,群益台ESG低碳50,60,5,55,凱基-中壢,2023-11-29,9285
6541,泰福-KY,56,1,55,凱基-中壢,2023-11-29,9285
00671R,富邦NASDAQ反1,60,10,50,凱基-中壢,2023-11-29,9285
00772B,中信高評級公司債,50,0,50,凱基-中壢,2023-11-29,9285
2368,金像電,54,6,48,凱基-中壢,2023-11-29,9285
00719B,元大美債1-3,46,0,46,凱基-中壢,2023-11-29,9285
5347,世界,48,5,43,凱基-中壢,2023-11-29,9285
00864B,中信美國公債0-1,42,0,42,凱基-中壢,2023-11-29,9285
00934,中信成長高股息,42,1,41,凱基-中壢,2023-11-29,9285
00919,群益台灣精選高息,47,6,41,凱基-中壢,2023-11-29,9285
00929,復華台灣科技優息,106,65,41,凱基-中壢,2023-11-29,9285
5272,笙科,41,1,40,凱基-中壢,2023-11-29,9285
3231,緯創,75,38,37,凱基-中壢,2023-11-29,9285
4714,永捷,33,0,33,凱基-中壢,2023-11-29,9285
2915,潤泰全,32,0,32,凱基-中壢,2023-11-29,9285
6695,芯鼎,44,13,31,凱基-中壢,2023-11-29,9285
1612,宏泰,31,0,31,凱基-中壢,2023-11-29,9285
1314,中石化,31,0,31,凱基-中壢,2023-11-29,9285
00680L,元大美債20正2,33,3,30,凱基-中壢,2023-11-29,9285
2369,菱生,71,42,29,凱基-中壢,2023-11-29,9285
00720B,元大投資級公司債,28,0,28,凱基-中壢,2023-11-29,9285
3178,公準,30,2,28,凱基-中壢,2023-11-29,9285
2867,三商壽,41,14,27,凱基-中壢,2023-11-29,9285
3481,群創,44,17,27,凱基-中壢,2023-11-29,9285
4142,國光生,25,0,25,凱基-中壢,2023-11-29,9285
00885,富邦越南,26,2,24,凱基-中壢,2023-11-29,9285
00900,富邦特選高股息30,31,7,24,凱基-中壢,2023-11-29,9285
1101,台泥,34,11,23,凱基-中壢,2023-11-29,9285
2323,中環,32,9,23,凱基-中壢,2023-11-29,9285
00933B,國泰10Y+金融債,21,0,21,凱基-中壢,2023-11-29,9285
3024,憶聲,21,0,21,凱基-中壢,2023-11-29,9285
2427,三商電,22,1,21,凱基-中壢,2023-11-29,9285
6443,元晶,21,0,21,凱基-中壢,2023-11-29,9285
6491,晶碩,22,1,21,凱基-中壢,2023-11-29,9285
8163,達方,21,0,21,凱基-中壢,2023-11-29,9285
1701,中化,20,0,20,凱基-中壢,2023-11-29,9285
00687B,國泰20年美債,20,0,20,凱基-中壢,2023-11-29,9285
4114,健喬,33,15,18,凱基-中壢,2023-11-29,9285
3362,先進光,18,0,18,凱基-中壢,2023-11-29,9285
1419,新紡,18,0,18,凱基-中壢,2023-11-29,9285
4121,優盛,27,9,18,凱基-中壢,2023-11-29,9285
00665L,富邦�琤肭磪囓�2,150,0,150,凱基-中壢,2023-11-30,9285
00650L,復華香港正2,115,0,115,凱基-中壢,2023-11-30,9285
6127,九豪,118,9,109,凱基-中壢,2023-11-30,9285
00679B,元大美債20年,113,10,103,凱基-中壢,2023-11-30,9285
00751B,元大AAA至A公司債,96,1,95,凱基-中壢,2023-11-30,9285
00919,群益台灣精選高息,106,14,92,凱基-中壢,2023-11-30,9285
00929,復華台灣科技優息,127,41,86,凱基-中壢,2023-11-30,9285
00720B,元大投資級公司債,68,6,62,凱基-中壢,2023-11-30,9285
00712,復華富時不動產,48,1,47,凱基-中壢,2023-11-30,9285
3583,辛耘,57,11,46,凱基-中壢,2023-11-30,9285
00934,中信成長高股息,45,0,45,凱基-中壢,2023-11-30,9285
2834,臺企銀,52,9,43,凱基-中壢,2023-11-30,9285
00664R,國泰臺灣加權反1,41,0,41,凱基-中壢,2023-11-30,9285
1618,合機,39,0,39,凱基-中壢,2023-11-30,9285
2492,華新科,45,9,36,凱基-中壢,2023-11-30,9285
00882,中信中國高股息,37,1,36,凱基-中壢,2023-11-30,9285
1731,美吾華,30,0,30,凱基-中壢,2023-11-30,9285
1612,宏泰,30,0,30,凱基-中壢,2023-11-30,9285
3694,海華,29,0,29,凱基-中壢,2023-11-30,9285
2329,華泰,467,439,28,凱基-中壢,2023-11-30,9285
3615,安可,34,7,27,凱基-中壢,2023-11-30,9285
3024,憶聲,26,0,26,凱基-中壢,2023-11-30,9285
2201,裕隆,25,0,25,凱基-中壢,2023-11-30,9285
2353,宏��,30,5,25,凱基-中壢,2023-11-30,9285
2332,友訊,37,13,24,凱基-中壢,2023-11-30,9285
2369,菱生,33,11,22,凱基-中壢,2023-11-30,9285
2427,三商電,21,0,21,凱基-中壢,2023-11-30,9285
2412,中華電,21,1,20,凱基-中壢,2023-11-30,9285
8096,擎亞,31,11,20,凱基-中壢,2023-11-30,9285
00923,群益台ESG低碳50,25,5,20,凱基-中壢,2023-11-30,9285
1616,億泰,20,1,19,凱基-中壢,2023-11-30,9285
2634,漢翔,20,2,18,凱基-中壢,2023-11-30,9285
2344,華邦電,52,34,18,凱基-中壢,2023-11-30,9285
00773B,中信優先金融債,18,0,18,凱基-中壢,2023-11-30,9285
2609,陽明,18,0,18,凱基-中壢,2023-11-30,9285
2356,英業達,25,8,17,凱基-中壢,2023-11-30,9285
4167,松瑞藥,17,1,16,凱基-中壢,2023-11-30,9285
00673R,期元大S＆P原油反1,16,0,16,凱基-中壢,2023-11-30,9285
00680L,元大美債20正2,28,12,16,凱基-中壢,2023-11-30,9285
6271,同欣電,26,11,15,凱基-中壢,2023-11-30,9285
3094,聯傑,25,11,14,凱基-中壢,2023-11-30,9285
5347,世界,24,10,14,凱基-中壢,2023-11-30,9285
8936,國統,22,8,14,凱基-中壢,2023-11-30,9285
8112,至上,19,6,13,凱基-中壢,2023-11-30,9285
1591,駿吉-KY,13,0,13,凱基-中壢,2023-11-30,9285
8054,安國,25,12,13,凱基-中壢,2023-11-30,9285
6695,芯鼎,15,2,13,凱基-中壢,2023-11-30,9285
4714,永捷,15,2,13,凱基-中壢,2023-11-30,9285
3163,波若威,23,11,12,凱基-中壢,2023-11-30,9285
2303,聯電,43,31,12,凱基-中壢,2023-11-30,9285
00680L,元大美債20正2,372,0,372,凱基-中壢,2023-12-01,9285
00688L,國泰20年美債正2,283,0,283,凱基-中壢,2023-12-01,9285
00715L,期街口布蘭特正2,131,0,131,凱基-中壢,2023-12-01,9285
00919,群益台灣精選高息,202,85,117,凱基-中壢,2023-12-01,9285
2867,三商壽,97,0,97,凱基-中壢,2023-12-01,9285
3706,神達,89,29,60,凱基-中壢,2023-12-01,9285
00650L,復華香港正2,59,0,59,凱基-中壢,2023-12-01,9285
5328,華容,96,37,59,凱基-中壢,2023-12-01,9285
2002,中鋼,70,12,58,凱基-中壢,2023-12-01,9285
2891,中信金,63,9,54,凱基-中壢,2023-12-01,9285
1101,台泥,69,15,54,凱基-中壢,2023-12-01,9285
00915,凱基優選高股息30,53,0,53,凱基-中壢,2023-12-01,9285
6233,旺玖,105,55,50,凱基-中壢,2023-12-01,9285
2889,國票金,41,0,41,凱基-中壢,2023-12-01,9285
2329,華泰,350,311,39,凱基-中壢,2023-12-01,9285
00929,復華台灣科技優息,51,17,34,凱基-中壢,2023-12-01,9285
5347,世界,39,7,32,凱基-中壢,2023-12-01,9285
00687B,國泰20年美債,32,0,32,凱基-中壢,2023-12-01,9285
6491,晶碩,32,0,32,凱基-中壢,2023-12-01,9285
00637L,元大滬深300正2,121,90,31,凱基-中壢,2023-12-01,9285
6284,佳邦,43,13,30,凱基-中壢,2023-12-01,9285
6443,元晶,35,5,30,凱基-中壢,2023-12-01,9285
3041,揚智,163,134,29,凱基-中壢,2023-12-01,9285
3390,旭軟,31,5,26,凱基-中壢,2023-12-01,9285
00933B,國泰10Y+金融債,25,0,25,凱基-中壢,2023-12-01,9285
00882,中信中國高股息,29,5,24,凱基-中壢,2023-12-01,9285
1513,中興電,41,18,23,凱基-中壢,2023-12-01,9285
2637,慧洋-KY,37,14,23,凱基-中壢,2023-12-01,9285
2317,鴻海,27,5,22,凱基-中壢,2023-12-01,9285
00900,富邦特選高股息30,24,2,22,凱基-中壢,2023-12-01,9285
2884,玉山金,26,4,22,凱基-中壢,2023-12-01,9285
3564,其陽,21,0,21,凱基-中壢,2023-12-01,9285
2905,三商,20,0,20,凱基-中壢,2023-12-01,9285
5907,大洋-KY,20,0,20,凱基-中壢,2023-12-01,9285
2382,廣達,24,5,19,凱基-中壢,2023-12-01,9285
3024,憶聲,19,0,19,凱基-中壢,2023-12-01,9285
2601,益航,35,16,19,凱基-中壢,2023-12-01,9285
4533,協易機,22,3,19,凱基-中壢,2023-12-01,9285
2882,國泰金,17,1,16,凱基-中壢,2023-12-01,9285
8150,南茂,16,0,16,凱基-中壢,2023-12-01,9285
2413,環科,16,0,16,凱基-中壢,2023-12-01,9285
6150,撼訊,16,0,16,凱基-中壢,2023-12-01,9285
2344,華邦電,22,6,16,凱基-中壢,2023-12-01,9285
3508,位速,15,0,15,凱基-中壢,2023-12-01,9285
1339,昭輝,17,2,15,凱基-中壢,2023-12-01,9285
2886,兆豐金,16,2,14,凱基-中壢,2023-12-01,9285
9103,美德醫療-DR,14,0,14,凱基-中壢,2023-12-01,9285
00885,富邦越南,15,2,13,凱基-中壢,2023-12-01,9285
8936,國統,19,6,13,凱基-中壢,2023-12-01,9285
2820,華票,13,0,13,凱基-中壢,2023-12-01,9285
00715L,期街口布蘭特正2,358,0,358,凱基-中壢,2023-12-04,9285
00918,大華優利高填息30,257,0,257,凱基-中壢,2023-12-04,9285
00642U,期元大S＆P石油,112,0,112,凱基-中壢,2023-12-04,9285
00753L,中信中國50正2,107,0,107,凱基-中壢,2023-12-04,9285
3041,揚智,114,8,106,凱基-中壢,2023-12-04,9285
00885,富邦越南,104,3,101,凱基-中壢,2023-12-04,9285
8088,品安,103,6,97,凱基-中壢,2023-12-04,9285
00919,群益台灣精選高息,155,64,91,凱基-中壢,2023-12-04,9285
1616,億泰,75,7,68,凱基-中壢,2023-12-04,9285
1605,華新,83,18,65,凱基-中壢,2023-12-04,9285
00933B,國泰10Y+金融債,59,2,57,凱基-中壢,2023-12-04,9285
3706,神達,61,6,55,凱基-中壢,2023-12-04,9285
00712,復華富時不動產,73,19,54,凱基-中壢,2023-12-04,9285
00665L,富邦�琤肭磪囓�2,59,10,49,凱基-中壢,2023-12-04,9285
2891,中信金,53,5,48,凱基-中壢,2023-12-04,9285
2457,飛宏,48,1,47,凱基-中壢,2023-12-04,9285
1101,台泥,53,7,46,凱基-中壢,2023-12-04,9285
2402,毅嘉,51,5,46,凱基-中壢,2023-12-04,9285
3583,辛耘,50,7,43,凱基-中壢,2023-12-04,9285
3715,定穎投控,75,32,43,凱基-中壢,2023-12-04,9285
00929,復華台灣科技優息,165,123,42,凱基-中壢,2023-12-04,9285
2313,華通,103,64,39,凱基-中壢,2023-12-04,9285
00637L,元大滬深300正2,160,123,37,凱基-中壢,2023-12-04,9285
1522,堤維西,42,6,36,凱基-中壢,2023-12-04,9285
4533,協易機,67,31,36,凱基-中壢,2023-12-04,9285
2606,裕民,89,54,35,凱基-中壢,2023-12-04,9285
00752,中信中國50,32,0,32,凱基-中壢,2023-12-04,9285
6116,彩晶,39,8,31,凱基-中壢,2023-12-04,9285
9911,櫻花,32,1,31,凱基-中壢,2023-12-04,9285
2883,凱基金,34,5,29,凱基-中壢,2023-12-04,9285
1611,中電,30,2,28,凱基-中壢,2023-12-04,9285
00733,富邦臺灣中小,28,0,28,凱基-中壢,2023-12-04,9285
6282,康舒,32,6,26,凱基-中壢,2023-12-04,9285
6140,訊達,25,0,25,凱基-中壢,2023-12-04,9285
2542,興富發,23,0,23,凱基-中壢,2023-12-04,9285
00633L,富邦上証正2,23,0,23,凱基-中壢,2023-12-04,9285
3011,今皓,22,0,22,凱基-中壢,2023-12-04,9285
00931B,統一美債20年,25,3,22,凱基-中壢,2023-12-04,9285
4173,久裕,22,0,22,凱基-中壢,2023-12-04,9285
3033,威健,20,0,20,凱基-中壢,2023-12-04,9285
5432,新門,20,0,20,凱基-中壢,2023-12-04,9285
6235,華孚,26,7,19,凱基-中壢,2023-12-04,9285
00936,台新永續高息中小,20,1,19,凱基-中壢,2023-12-04,9285
6593,台灣銘板,26,7,19,凱基-中壢,2023-12-04,9285
2421,建準,19,1,18,凱基-中壢,2023-12-04,9285
00687B,國泰20年美債,35,17,18,凱基-中壢,2023-12-04,9285
1795,美時,21,4,17,凱基-中壢,2023-12-04,9285
3693,營邦,22,5,17,凱基-中壢,2023-12-04,9285
9938,百和,17,0,17,凱基-中壢,2023-12-04,9285
9919,康那香,51,34,17,凱基-中壢,2023-12-04,9285
00937B,群益ESG投等債20,271,13,258,凱基-中壢,2023-12-05,9285
00919,群益台灣精選高息,230,7,223,凱基-中壢,2023-12-05,9285
00637L,元大滬深300正2,203,0,203,凱基-中壢,2023-12-05,9285
00650L,復華香港正2,149,0,149,凱基-中壢,2023-12-05,9285
2601,益航,285,149,136,凱基-中壢,2023-12-05,9285
00680L,元大美債20正2,129,2,127,凱基-中壢,2023-12-05,9285
00715L,期街口布蘭特正2,132,10,122,凱基-中壢,2023-12-05,9285
4167,松瑞藥,196,91,105,凱基-中壢,2023-12-05,9285
00687B,國泰20年美債,107,6,101,凱基-中壢,2023-12-05,9285
00878,國泰永續高股息,79,15,64,凱基-中壢,2023-12-05,9285
3231,緯創,87,27,60,凱基-中壢,2023-12-05,9285
2303,聯電,62,4,58,凱基-中壢,2023-12-05,9285
2317,鴻海,63,5,58,凱基-中壢,2023-12-05,9285
00918,大華優利高填息30,56,0,56,凱基-中壢,2023-12-05,9285
00688L,國泰20年美債正2,76,20,56,凱基-中壢,2023-12-05,9285
2618,長榮航,67,13,54,凱基-中壢,2023-12-05,9285
5347,世界,58,5,53,凱基-中壢,2023-12-05,9285
00666R,富邦�琤肭磪齯�1,50,0,50,凱基-中壢,2023-12-05,9285
2457,飛宏,49,3,46,凱基-中壢,2023-12-05,9285
1612,宏泰,50,6,44,凱基-中壢,2023-12-05,9285
2801,彰銀,43,1,42,凱基-中壢,2023-12-05,9285
2492,華新科,47,5,42,凱基-中壢,2023-12-05,9285
2880,華南金,61,20,41,凱基-中壢,2023-12-05,9285
6116,彩晶,40,0,40,凱基-中壢,2023-12-05,9285
1605,華新,61,24,37,凱基-中壢,2023-12-05,9285
00712,復華富時不動產,38,3,35,凱基-中壢,2023-12-05,9285
00751B,元大AAA至A公司債,51,17,34,凱基-中壢,2023-12-05,9285
5608,四維航,80,50,30,凱基-中壢,2023-12-05,9285
2363,矽統,36,8,28,凱基-中壢,2023-12-05,9285
3588,通嘉,55,27,28,凱基-中壢,2023-12-05,9285
3715,定穎投控,59,34,25,凱基-中壢,2023-12-05,9285
00922,國泰台灣領袖50,27,3,24,凱基-中壢,2023-12-05,9285
00882,中信中國高股息,25,2,23,凱基-中壢,2023-12-05,9285
00936,台新永續高息中小,32,9,23,凱基-中壢,2023-12-05,9285
3710,連展投控,23,0,23,凱基-中壢,2023-12-05,9285
00753L,中信中國50正2,33,10,23,凱基-中壢,2023-12-05,9285
6237,驊訊,23,0,23,凱基-中壢,2023-12-05,9285
5426,振發,23,0,23,凱基-中壢,2023-12-05,9285
2603,長榮,33,10,23,凱基-中壢,2023-12-05,9285
2882,國泰金,22,0,22,凱基-中壢,2023-12-05,9285
2883,凱基金,32,11,21,凱基-中壢,2023-12-05,9285
2542,興富發,21,0,21,凱基-中壢,2023-12-05,9285
6167,久正,21,0,21,凱基-中壢,2023-12-05,9285
9105,泰金寶-DR,21,0,21,凱基-中壢,2023-12-05,9285
2356,英業達,33,12,21,凱基-中壢,2023-12-05,9285
3276,宇環,24,3,21,凱基-中壢,2023-12-05,9285
2888,新光金,21,0,21,凱基-中壢,2023-12-05,9285
1309,台達化,20,0,20,凱基-中壢,2023-12-05,9285
2891,中信金,32,13,19,凱基-中壢,2023-12-05,9285
8076,伍豐,20,1,19,凱基-中壢,2023-12-05,9285
00937B,群益ESG投等債20,254,20,234,凱基-中壢,2023-12-06,9285
00637L,元大滬深300正2,220,31,189,凱基-中壢,2023-12-06,9285
00679B,元大美債20年,179,1,178,凱基-中壢,2023-12-06,9285
00882,中信中國高股息,157,13,144,凱基-中壢,2023-12-06,9285
2367,燿華,119,9,110,凱基-中壢,2023-12-06,9285
00919,群益台灣精選高息,134,26,108,凱基-中壢,2023-12-06,9285
00720B,元大投資級公司債,80,0,80,凱基-中壢,2023-12-06,9285
00687B,國泰20年美債,98,27,71,凱基-中壢,2023-12-06,9285
2457,飛宏,68,3,65,凱基-中壢,2023-12-06,9285
00688L,國泰20年美債正2,68,10,58,凱基-中壢,2023-12-06,9285
6443,元晶,70,12,58,凱基-中壢,2023-12-06,9285
2542,興富發,56,0,56,凱基-中壢,2023-12-06,9285
3013,晟銘電,107,64,43,凱基-中壢,2023-12-06,9285
2419,仲琦,88,46,42,凱基-中壢,2023-12-06,9285
3481,群創,94,54,40,凱基-中壢,2023-12-06,9285
3048,益登,40,0,40,凱基-中壢,2023-12-06,9285
2102,泰豐,59,22,37,凱基-中壢,2023-12-06,9285
2468,華經,39,4,35,凱基-中壢,2023-12-06,9285
00665L,富邦�琤肭磪囓�2,38,4,34,凱基-中壢,2023-12-06,9285
00712,復華富時不動產,62,29,33,凱基-中壢,2023-12-06,9285
3715,定穎投控,59,26,33,凱基-中壢,2023-12-06,9285
2329,華泰,119,88,31,凱基-中壢,2023-12-06,9285
6233,旺玖,35,6,29,凱基-中壢,2023-12-06,9285
2317,鴻海,28,0,28,凱基-中壢,2023-12-06,9285
2606,裕民,61,34,27,凱基-中壢,2023-12-06,9285
6282,康舒,29,3,26,凱基-中壢,2023-12-06,9285
6213,聯茂,27,2,25,凱基-中壢,2023-12-06,9285
2104,國際中橡,25,0,25,凱基-中壢,2023-12-06,9285
00933B,國泰10Y+金融債,35,10,25,凱基-中壢,2023-12-06,9285
00929,復華台灣科技優息,48,24,24,凱基-中壢,2023-12-06,9285
00757,統一FANG+,24,1,23,凱基-中壢,2023-12-06,9285
8096,擎亞,32,10,22,凱基-中壢,2023-12-06,9285
3706,神達,33,11,22,凱基-中壢,2023-12-06,9285
00893,國泰智能電動車,25,4,21,凱基-中壢,2023-12-06,9285
1503,士電,63,42,21,凱基-中壢,2023-12-06,9285
4157,太景*-KY,20,0,20,凱基-中壢,2023-12-06,9285
2323,中環,20,0,20,凱基-中壢,2023-12-06,9285
1301,台塑,20,0,20,凱基-中壢,2023-12-06,9285
9962,有益,20,0,20,凱基-中壢,2023-12-06,9285
00642U,期元大S＆P石油,19,0,19,凱基-中壢,2023-12-06,9285
2344,華邦電,19,1,18,凱基-中壢,2023-12-06,9285
2888,新光金,23,5,18,凱基-中壢,2023-12-06,9285
2359,所羅門,20,4,16,凱基-中壢,2023-12-06,9285
3050,鈺德,30,15,15,凱基-中壢,2023-12-06,9285
4161,聿新科,21,6,15,凱基-中壢,2023-12-06,9285
3710,連展投控,16,1,15,凱基-中壢,2023-12-06,9285
00632R,元大台灣50反1,15,0,15,凱基-中壢,2023-12-06,9285
3163,波若威,15,0,15,凱基-中壢,2023-12-06,9285
2022,聚亨,15,1,14,凱基-中壢,2023-12-06,9285
2324,仁寶,21,7,14,凱基-中壢,2023-12-06,9285
00715L,期街口布蘭特正2,1205,20,1185,凱基-中壢,2023-12-07,9285
00937B,群益ESG投等債20,389,39,350,凱基-中壢,2023-12-07,9285
00919,群益台灣精選高息,244,14,230,凱基-中壢,2023-12-07,9285
00679B,元大美債20年,223,6,217,凱基-中壢,2023-12-07,9285
00680L,元大美債20正2,251,52,199,凱基-中壢,2023-12-07,9285
00687B,國泰20年美債,181,7,174,凱基-中壢,2023-12-07,9285
2324,仁寶,122,22,100,凱基-中壢,2023-12-07,9285
00632R,元大台灣50反1,90,10,80,凱基-中壢,2023-12-07,9285
00712,復華富時不動產,77,0,77,凱基-中壢,2023-12-07,9285
2618,長榮航,160,99,61,凱基-中壢,2023-12-07,9285
6112,邁達特,54,4,50,凱基-中壢,2023-12-07,9285
1504,東元,80,32,48,凱基-中壢,2023-12-07,9285
4720,德淵,47,0,47,凱基-中壢,2023-12-07,9285
4533,協易機,65,18,47,凱基-中壢,2023-12-07,9285
3041,揚智,185,145,40,凱基-中壢,2023-12-07,9285
00918,大華優利高填息30,33,0,33,凱基-中壢,2023-12-07,9285
00642U,期元大S＆P石油,30,0,30,凱基-中壢,2023-12-07,9285
8054,安國,99,69,30,凱基-中壢,2023-12-07,9285
00773B,中信優先金融債,30,0,30,凱基-中壢,2023-12-07,9285
9105,泰金寶-DR,28,0,28,凱基-中壢,2023-12-07,9285
00688L,國泰20年美債正2,156,129,27,凱基-中壢,2023-12-07,9285
2002,中鋼,27,1,26,凱基-中壢,2023-12-07,9285
6168,宏齊,33,7,26,凱基-中壢,2023-12-07,9285
2312,金寶,36,11,25,凱基-中壢,2023-12-07,9285
2303,聯電,53,29,24,凱基-中壢,2023-12-07,9285
2363,矽統,33,9,24,凱基-中壢,2023-12-07,9285
2542,興富發,23,1,22,凱基-中壢,2023-12-07,9285
2610,華航,30,8,22,凱基-中壢,2023-12-07,9285
2641,正德,31,9,22,凱基-中壢,2023-12-07,9285
00915,凱基優選高股息30,22,1,21,凱基-中壢,2023-12-07,9285
2881,富邦金,21,0,21,凱基-中壢,2023-12-07,9285
3264,欣銓,25,4,21,凱基-中壢,2023-12-07,9285
00882,中信中國高股息,21,0,21,凱基-中壢,2023-12-07,9285
1815,富喬,20,0,20,凱基-中壢,2023-12-07,9285
2344,華邦電,36,16,20,凱基-中壢,2023-12-07,9285
2867,三商壽,20,0,20,凱基-中壢,2023-12-07,9285
00738U,期元大道瓊白銀,20,0,20,凱基-中壢,2023-12-07,9285
00933B,國泰10Y+金融債,23,4,19,凱基-中壢,2023-12-07,9285
2371,大同,29,10,19,凱基-中壢,2023-12-07,9285
4157,太景*-KY,23,5,18,凱基-中壢,2023-12-07,9285
8071,能率網通,21,3,18,凱基-中壢,2023-12-07,9285
1701,中化,18,0,18,凱基-中壢,2023-12-07,9285
3481,群創,24,6,18,凱基-中壢,2023-12-07,9285
6150,撼訊,21,4,17,凱基-中壢,2023-12-07,9285
2399,映泰,50,33,17,凱基-中壢,2023-12-07,9285
4967,十銓,31,14,17,凱基-中壢,2023-12-07,9285
2882,國泰金,17,0,17,凱基-中壢,2023-12-07,9285
2425,承啟,25,9,16,凱基-中壢,2023-12-07,9285
2889,國票金,21,5,16,凱基-中壢,2023-12-07,9285
6243,迅杰,42,27,15,凱基-中壢,2023-12-07,9285
00715L,期街口布蘭特正2,494,80,414,凱基-中壢,2023-12-08,9285
2605,新興,327,65,262,凱基-中壢,2023-12-08,9285
00687B,國泰20年美債,176,8,168,凱基-中壢,2023-12-08,9285
00712,復華富時不動產,137,1,136,凱基-中壢,2023-12-08,9285
2641,正德,145,19,126,凱基-中壢,2023-12-08,9285
2312,金寶,122,12,110,凱基-中壢,2023-12-08,9285
00680L,元大美債20正2,108,1,107,凱基-中壢,2023-12-08,9285
2329,華泰,153,52,101,凱基-中壢,2023-12-08,9285
00650L,復華香港正2,71,5,66,凱基-中壢,2023-12-08,9285
00688L,國泰20年美債正2,99,33,66,凱基-中壢,2023-12-08,9285
00922,國泰台灣領袖50,59,4,55,凱基-中壢,2023-12-08,9285
3231,緯創,108,55,53,凱基-中壢,2023-12-08,9285
00937B,群益ESG投等債20,63,14,49,凱基-中壢,2023-12-08,9285
00882,中信中國高股息,149,105,44,凱基-中壢,2023-12-08,9285
2453,凌群,60,16,44,凱基-中壢,2023-12-08,9285
00671R,富邦NASDAQ反1,43,0,43,凱基-中壢,2023-12-08,9285
2542,興富發,40,0,40,凱基-中壢,2023-12-08,9285
00933B,國泰10Y+金融債,62,22,40,凱基-中壢,2023-12-08,9285
2618,長榮航,129,89,40,凱基-中壢,2023-12-08,9285
00637L,元大滬深300正2,192,153,39,凱基-中壢,2023-12-08,9285
4167,松瑞藥,58,22,36,凱基-中壢,2023-12-08,9285
1524,耿鼎,160,124,36,凱基-中壢,2023-12-08,9285
1742,台蠟,36,0,36,凱基-中壢,2023-12-08,9285
2317,鴻海,38,4,34,凱基-中壢,2023-12-08,9285
2889,國票金,33,0,33,凱基-中壢,2023-12-08,9285
6016,康和證,31,0,31,凱基-中壢,2023-12-08,9285
2606,裕民,41,11,30,凱基-中壢,2023-12-08,9285
2337,旺宏,43,15,28,凱基-中壢,2023-12-08,9285
3041,揚智,64,39,25,凱基-中壢,2023-12-08,9285
2601,益航,25,1,24,凱基-中壢,2023-12-08,9285
1101,台泥,26,2,24,凱基-中壢,2023-12-08,9285
2882,國泰金,25,2,23,凱基-中壢,2023-12-08,9285
00852L,國泰美國道瓊正2,23,0,23,凱基-中壢,2023-12-08,9285
4906,正文,33,11,22,凱基-中壢,2023-12-08,9285
6742,澤米,21,0,21,凱基-中壢,2023-12-08,9285
3390,旭軟,45,24,21,凱基-中壢,2023-12-08,9285
2887,台新金,20,0,20,凱基-中壢,2023-12-08,9285
00665L,富邦�琤肭磪囓�2,20,0,20,凱基-中壢,2023-12-08,9285
1305,華夏,20,0,20,凱基-中壢,2023-12-08,9285
3050,鈺德,20,0,20,凱基-中壢,2023-12-08,9285
2314,台揚,25,6,19,凱基-中壢,2023-12-08,9285
3499,環天科,19,0,19,凱基-中壢,2023-12-08,9285
1515,力山,21,2,19,凱基-中壢,2023-12-08,9285
2409,友達,22,4,18,凱基-中壢,2023-12-08,9285
2845,遠東銀,18,1,17,凱基-中壢,2023-12-08,9285
2449,京元電子,17,0,17,凱基-中壢,2023-12-08,9285
00720B,元大投資級公司債,23,8,15,凱基-中壢,2023-12-08,9285
1529,樂事綠能,23,8,15,凱基-中壢,2023-12-08,9285
5328,華容,15,0,15,凱基-中壢,2023-12-08,9285
5533,皇鼎,15,0,15,凱基-中壢,2023-12-08,9285
00919,群益台灣精選高息,440,105,335,凱基-中壢,2023-12-11,9285
00637L,元大滬深300正2,213,33,180,凱基-中壢,2023-12-11,9285
4532,瑞智,153,13,140,凱基-中壢,2023-12-11,9285
00687B,國泰20年美債,146,10,136,凱基-中壢,2023-12-11,9285
2402,毅嘉,144,31,113,凱基-中壢,2023-12-11,9285
00650L,復華香港正2,104,0,104,凱基-中壢,2023-12-11,9285
00680L,元大美債20正2,83,3,80,凱基-中壢,2023-12-11,9285
00688L,國泰20年美債正2,79,0,79,凱基-中壢,2023-12-11,9285
00679B,元大美債20年,79,0,79,凱基-中壢,2023-12-11,9285
8112,至上,124,54,70,凱基-中壢,2023-12-11,9285
00918,大華優利高填息30,58,1,57,凱基-中壢,2023-12-11,9285
00642U,期元大S＆P石油,58,4,54,凱基-中壢,2023-12-11,9285
6282,康舒,69,15,54,凱基-中壢,2023-12-11,9285
1528,恩德,55,2,53,凱基-中壢,2023-12-11,9285
3607,谷崧,63,13,50,凱基-中壢,2023-12-11,9285
00937B,群益ESG投等債20,97,52,45,凱基-中壢,2023-12-11,9285
2002,中鋼,46,1,45,凱基-中壢,2023-12-11,9285
00929,復華台灣科技優息,87,43,44,凱基-中壢,2023-12-11,9285
00712,復華富時不動產,48,8,40,凱基-中壢,2023-12-11,9285
2618,長榮航,60,26,34,凱基-中壢,2023-12-11,9285
00878,國泰永續高股息,66,32,34,凱基-中壢,2023-12-11,9285
2412,中華電,34,1,33,凱基-中壢,2023-12-11,9285
4906,正文,43,10,33,凱基-中壢,2023-12-11,9285
00751B,元大AAA至A公司債,33,0,33,凱基-中壢,2023-12-11,9285
00753L,中信中國50正2,33,0,33,凱基-中壢,2023-12-11,9285
5351,鈺創,67,36,31,凱基-中壢,2023-12-11,9285
6244,茂迪,30,0,30,凱基-中壢,2023-12-11,9285
00632R,元大台灣50反1,27,0,27,凱基-中壢,2023-12-11,9285
2388,威盛,51,26,25,凱基-中壢,2023-12-11,9285
2355,敬鵬,30,5,25,凱基-中壢,2023-12-11,9285
2882,國泰金,24,0,24,凱基-中壢,2023-12-11,9285
3374,精材,30,7,23,凱基-中壢,2023-12-11,9285
2356,英業達,27,5,22,凱基-中壢,2023-12-11,9285
3346,麗清,41,20,21,凱基-中壢,2023-12-11,9285
2472,立隆電,26,5,21,凱基-中壢,2023-12-11,9285
2368,金像電,42,21,21,凱基-中壢,2023-12-11,9285
1815,富喬,27,7,20,凱基-中壢,2023-12-11,9285
2365,昆盈,43,23,20,凱基-中壢,2023-12-11,9285
2313,華通,54,35,19,凱基-中壢,2023-12-11,9285
1806,冠軍,20,1,19,凱基-中壢,2023-12-11,9285
2457,飛宏,20,1,19,凱基-中壢,2023-12-11,9285
3025,星通,19,1,18,凱基-中壢,2023-12-11,9285
2883,凱基金,28,10,18,凱基-中壢,2023-12-11,9285
1503,士電,30,12,18,凱基-中壢,2023-12-11,9285
3041,揚智,32,14,18,凱基-中壢,2023-12-11,9285
00715L,期街口布蘭特正2,21,4,17,凱基-中壢,2023-12-11,9285
6470,宇智,17,0,17,凱基-中壢,2023-12-11,9285
6117,迎廣,29,12,17,凱基-中壢,2023-12-11,9285
1419,新紡,16,0,16,凱基-中壢,2023-12-11,9285
6668,中揚光,27,11,16,凱基-中壢,2023-12-11,9285
00919,群益台灣精選高息,491,31,460,凱基-中壢,2023-12-12,9285
2605,新興,247,32,215,凱基-中壢,2023-12-12,9285
00891,中信關鍵半導體,200,25,175,凱基-中壢,2023-12-12,9285
00937B,群益ESG投等債20,135,9,126,凱基-中壢,2023-12-12,9285
00918,大華優利高填息30,114,4,110,凱基-中壢,2023-12-12,9285
00687B,國泰20年美債,85,1,84,凱基-中壢,2023-12-12,9285
8112,至上,96,33,63,凱基-中壢,2023-12-12,9285
00632R,元大台灣50反1,61,0,61,凱基-中壢,2023-12-12,9285
00751B,元大AAA至A公司債,74,15,59,凱基-中壢,2023-12-12,9285
00931B,統一美債20年,55,0,55,凱基-中壢,2023-12-12,9285
2888,新光金,60,9,51,凱基-中壢,2023-12-12,9285
00680L,元大美債20正2,51,0,51,凱基-中壢,2023-12-12,9285
3481,群創,91,43,48,凱基-中壢,2023-12-12,9285
00679B,元大美債20年,47,1,46,凱基-中壢,2023-12-12,9285
1806,冠軍,40,0,40,凱基-中壢,2023-12-12,9285
1611,中電,46,6,40,凱基-中壢,2023-12-12,9285
1609,大亞,73,33,40,凱基-中壢,2023-12-12,9285
2002,中鋼,39,2,37,凱基-中壢,2023-12-12,9285
2313,華通,102,71,31,凱基-中壢,2023-12-12,9285
1605,華新,40,9,31,凱基-中壢,2023-12-12,9285
2443,昶虹,30,0,30,凱基-中壢,2023-12-12,9285
3576,聯合再生,30,0,30,凱基-中壢,2023-12-12,9285
2419,仲琦,30,5,25,凱基-中壢,2023-12-12,9285
1905,華紙,24,0,24,凱基-中壢,2023-12-12,9285
00933B,國泰10Y+金融債,24,3,21,凱基-中壢,2023-12-12,9285
2485,兆赫,21,0,21,凱基-中壢,2023-12-12,9285
00720B,元大投資級公司債,24,3,21,凱基-中壢,2023-12-12,9285
2882,國泰金,22,1,21,凱基-中壢,2023-12-12,9285
1319,東陽,22,2,20,凱基-中壢,2023-12-12,9285
1618,合機,51,31,20,凱基-中壢,2023-12-12,9285
3231,緯創,32,12,20,凱基-中壢,2023-12-12,9285
00671R,富邦NASDAQ反1,20,0,20,凱基-中壢,2023-12-12,9285
8163,達方,20,0,20,凱基-中壢,2023-12-12,9285
1447,力鵬,20,0,20,凱基-中壢,2023-12-12,9285
1444,力麗,20,0,20,凱基-中壢,2023-12-12,9285
00934,中信成長高股息,19,0,19,凱基-中壢,2023-12-12,9285
4979,華星光,67,48,19,凱基-中壢,2023-12-12,9285
2887,台新金,22,3,19,凱基-中壢,2023-12-12,9285
6684,安格,21,2,19,凱基-中壢,2023-12-12,9285
2606,裕民,26,7,19,凱基-中壢,2023-12-12,9285
2883,凱基金,31,13,18,凱基-中壢,2023-12-12,9285
2516,新建,23,5,18,凱基-中壢,2023-12-12,9285
1584,精剛,27,9,18,凱基-中壢,2023-12-12,9285
9105,泰金寶-DR,20,2,18,凱基-中壢,2023-12-12,9285
1503,士電,19,2,17,凱基-中壢,2023-12-12,9285
2363,矽統,36,19,17,凱基-中壢,2023-12-12,9285
1815,富喬,47,30,17,凱基-中壢,2023-12-12,9285
00900,富邦特選高股息30,20,3,17,凱基-中壢,2023-12-12,9285
2368,金像電,25,8,17,凱基-中壢,2023-12-12,9285
3037,欣興,28,12,16,凱基-中壢,2023-12-12,9285
00715L,期街口布蘭特正2,915,10,905,凱基-中壢,2023-12-13,9285
00919,群益台灣精選高息,528,26,502,凱基-中壢,2023-12-13,9285
4909,新復興,443,39,404,凱基-中壢,2023-12-13,9285
6937,天虹,230,3,227,凱基-中壢,2023-12-13,9285
3041,揚智,224,33,191,凱基-中壢,2023-12-13,9285
00915,凱基優選高股息30,153,3,150,凱基-中壢,2023-12-13,9285
00918,大華優利高填息30,109,8,101,凱基-中壢,2023-12-13,9285
2002,中鋼,99,24,75,凱基-中壢,2023-12-13,9285
00882,中信中國高股息,69,0,69,凱基-中壢,2023-12-13,9285
00679B,元大美債20年,71,7,64,凱基-中壢,2023-12-13,9285
2419,仲琦,120,64,56,凱基-中壢,2023-12-13,9285
00937B,群益ESG投等債20,69,15,54,凱基-中壢,2023-12-13,9285
00665L,富邦�琤肭磪囓�2,51,0,51,凱基-中壢,2023-12-13,9285
00929,復華台灣科技優息,127,83,44,凱基-中壢,2023-12-13,9285
4167,松瑞藥,45,6,39,凱基-中壢,2023-12-13,9285
00933B,國泰10Y+金融債,50,14,36,凱基-中壢,2023-12-13,9285
00637L,元大滬深300正2,35,0,35,凱基-中壢,2023-12-13,9285
6233,旺玖,41,6,35,凱基-中壢,2023-12-13,9285
2317,鴻海,36,2,34,凱基-中壢,2023-12-13,9285
2027,大成鋼,37,6,31,凱基-中壢,2023-12-13,9285
1402,遠東新,31,0,31,凱基-中壢,2023-12-13,9285
00931B,統一美債20年,40,10,30,凱基-中壢,2023-12-13,9285
2399,映泰,38,9,29,凱基-中壢,2023-12-13,9285
3231,緯創,86,58,28,凱基-中壢,2023-12-13,9285
1312,國喬,30,5,25,凱基-中壢,2023-12-13,9285
2367,燿華,29,4,25,凱基-中壢,2023-12-13,9285
00900,富邦特選高股息30,39,16,23,凱基-中壢,2023-12-13,9285
6283,淳安,22,0,22,凱基-中壢,2023-12-13,9285
4976,佳凌,26,4,22,凱基-中壢,2023-12-13,9285
6609,瀧澤科,20,0,20,凱基-中壢,2023-12-13,9285
5312,寶島科,20,0,20,凱基-中壢,2023-12-13,9285
00635U,期元大S＆P黃金,20,0,20,凱基-中壢,2023-12-13,9285
2609,陽明,22,3,19,凱基-中壢,2023-12-13,9285
00795B,中信美國公債20年,19,0,19,凱基-中壢,2023-12-13,9285
2344,華邦電,22,3,19,凱基-中壢,2023-12-13,9285
1513,中興電,27,9,18,凱基-中壢,2023-12-13,9285
2105,正新,18,0,18,凱基-中壢,2023-12-13,9285
2347,聯強,18,1,17,凱基-中壢,2023-12-13,9285
3051,力特,25,8,17,凱基-中壢,2023-12-13,9285
00687B,國泰20年美債,58,41,17,凱基-中壢,2023-12-13,9285
2634,漢翔,35,19,16,凱基-中壢,2023-12-13,9285
1308,亞聚,16,0,16,凱基-中壢,2023-12-13,9285
2412,中華電,16,0,16,凱基-中壢,2023-12-13,9285
3694,海華,20,4,16,凱基-中壢,2023-12-13,9285
2505,國揚,15,0,15,凱基-中壢,2023-12-13,9285
6292,迅德,16,1,15,凱基-中壢,2023-12-13,9285
3363,上詮,16,2,14,凱基-中壢,2023-12-13,9285
2387,精元,19,5,14,凱基-中壢,2023-12-13,9285
2603,長榮,34,20,14,凱基-中壢,2023-12-13,9285
2882,國泰金,15,2,13,凱基-中壢,2023-12-13,9285
00687B,國泰20年美債,645,125,520,凱基-中壢,2023-12-14,9285
00637L,元大滬深300正2,465,70,395,凱基-中壢,2023-12-14,9285
00680L,元大美債20正2,363,31,332,凱基-中壢,2023-12-14,9285
00937B,群益ESG投等債20,203,0,203,凱基-中壢,2023-12-14,9285
00673R,期元大S＆P原油反1,200,1,199,凱基-中壢,2023-12-14,9285
00919,群益台灣精選高息,403,225,178,凱基-中壢,2023-12-14,9285
00936,台新永續高息中小,212,51,161,凱基-中壢,2023-12-14,9285
4909,新復興,133,13,120,凱基-中壢,2023-12-14,9285
00688L,國泰20年美債正2,206,90,116,凱基-中壢,2023-12-14,9285
00882,中信中國高股息,113,1,112,凱基-中壢,2023-12-14,9285
00891,中信關鍵半導體,122,11,111,凱基-中壢,2023-12-14,9285
6219,富旺,94,4,90,凱基-中壢,2023-12-14,9285
00918,大華優利高填息30,104,18,86,凱基-中壢,2023-12-14,9285
3645,達邁,85,11,74,凱基-中壢,2023-12-14,9285
1522,堤維西,61,1,60,凱基-中壢,2023-12-14,9285
5426,振發,76,23,53,凱基-中壢,2023-12-14,9285
00679B,元大美債20年,54,1,53,凱基-中壢,2023-12-14,9285
2402,毅嘉,71,18,53,凱基-中壢,2023-12-14,9285
00933B,國泰10Y+金融債,58,6,52,凱基-中壢,2023-12-14,9285
3390,旭軟,97,47,50,凱基-中壢,2023-12-14,9285
00706L,期元大S＆P日圓正2,50,0,50,凱基-中壢,2023-12-14,9285
3051,力特,115,69,46,凱基-中壢,2023-12-14,9285
00632R,元大台灣50反1,102,58,44,凱基-中壢,2023-12-14,9285
2211,長榮鋼,45,1,44,凱基-中壢,2023-12-14,9285
1618,合機,55,13,42,凱基-中壢,2023-12-14,9285
6223,旺矽,51,9,42,凱基-中壢,2023-12-14,9285
2329,華泰,77,37,40,凱基-中壢,2023-12-14,9285
2367,燿華,39,4,35,凱基-中壢,2023-12-14,9285
3019,亞光,42,10,32,凱基-中壢,2023-12-14,9285
8105,凌巨,30,0,30,凱基-中壢,2023-12-14,9285
2888,新光金,59,29,30,凱基-中壢,2023-12-14,9285
8096,擎亞,46,17,29,凱基-中壢,2023-12-14,9285
2002,中鋼,30,2,28,凱基-中壢,2023-12-14,9285
00708L,期元大S＆P黃金正2,28,0,28,凱基-中壢,2023-12-14,9285
00931B,統一美債20年,27,0,27,凱基-中壢,2023-12-14,9285
1603,華電,27,2,25,凱基-中壢,2023-12-14,9285
5521,工信,69,47,22,凱基-中壢,2023-12-14,9285
6257,矽格,43,21,22,凱基-中壢,2023-12-14,9285
1524,耿鼎,34,13,21,凱基-中壢,2023-12-14,9285
00671R,富邦NASDAQ反1,21,0,21,凱基-中壢,2023-12-14,9285
00857B,永豐20年美公債,21,0,21,凱基-中壢,2023-12-14,9285
6290,良維,25,4,21,凱基-中壢,2023-12-14,9285
9938,百和,20,0,20,凱基-中壢,2023-12-14,9285
00720B,元大投資級公司債,21,1,20,凱基-中壢,2023-12-14,9285
2610,華航,34,15,19,凱基-中壢,2023-12-14,9285
2913,農林,22,3,19,凱基-中壢,2023-12-14,9285
2885,元大金,50,31,19,凱基-中壢,2023-12-14,9285
1319,東陽,20,2,18,凱基-中壢,2023-12-14,9285
3624,光頡,22,4,18,凱基-中壢,2023-12-14,9285
01004T,土銀富邦R2,18,0,18,凱基-中壢,2023-12-14,9285
00919,群益台灣精選高息,649,236,413,凱基-中壢,2023-12-15,9285
00688L,國泰20年美債正2,422,32,390,凱基-中壢,2023-12-15,9285
00680L,元大美債20正2,369,9,360,凱基-中壢,2023-12-15,9285
00637L,元大滬深300正2,400,90,310,凱基-中壢,2023-12-15,9285
2356,英業達,498,325,173,凱基-中壢,2023-12-15,9285
00679B,元大美債20年,139,8,131,凱基-中壢,2023-12-15,9285
00918,大華優利高填息30,98,5,93,凱基-中壢,2023-12-15,9285
00753L,中信中國50正2,90,0,90,凱基-中壢,2023-12-15,9285
00929,復華台灣科技優息,239,165,74,凱基-中壢,2023-12-15,9285
00687B,國泰20年美債,119,48,71,凱基-中壢,2023-12-15,9285
2883,凱基金,87,20,67,凱基-中壢,2023-12-15,9285
4909,新復興,72,5,67,凱基-中壢,2023-12-15,9285
5011,久陽,66,0,66,凱基-中壢,2023-12-15,9285
00900,富邦特選高股息30,174,109,65,凱基-中壢,2023-12-15,9285
00933B,國泰10Y+金融債,56,1,55,凱基-中壢,2023-12-15,9285
00937B,群益ESG投等債20,64,10,54,凱基-中壢,2023-12-15,9285
2412,中華電,53,0,53,凱基-中壢,2023-12-15,9285
2332,友訊,51,0,51,凱基-中壢,2023-12-15,9285
00720B,元大投資級公司債,45,0,45,凱基-中壢,2023-12-15,9285
00632R,元大台灣50反1,82,40,42,凱基-中壢,2023-12-15,9285
00722B,群益投資級電信債,42,0,42,凱基-中壢,2023-12-15,9285
3231,緯創,56,15,41,凱基-中壢,2023-12-15,9285
2905,三商,40,0,40,凱基-中壢,2023-12-15,9285
2516,新建,39,0,39,凱基-中壢,2023-12-15,9285
2324,仁寶,41,6,35,凱基-中壢,2023-12-15,9285
3041,揚智,39,9,30,凱基-中壢,2023-12-15,9285
1519,華城,53,23,30,凱基-中壢,2023-12-15,9285
8105,凌巨,30,0,30,凱基-中壢,2023-12-15,9285
5014,建錩,32,2,30,凱基-中壢,2023-12-15,9285
00915,凱基優選高股息30,30,0,30,凱基-中壢,2023-12-15,9285
6219,富旺,36,6,30,凱基-中壢,2023-12-15,9285
6937,天虹,30,1,29,凱基-中壢,2023-12-15,9285
2367,燿華,32,5,27,凱基-中壢,2023-12-15,9285
00706L,期元大S＆P日圓正2,26,0,26,凱基-中壢,2023-12-15,9285
3321,同泰,26,0,26,凱基-中壢,2023-12-15,9285
6789,采鈺,28,3,25,凱基-中壢,2023-12-15,9285
00922,國泰台灣領袖50,26,2,24,凱基-中壢,2023-12-15,9285
2801,彰銀,24,0,24,凱基-中壢,2023-12-15,9285
3013,晟銘電,26,4,22,凱基-中壢,2023-12-15,9285
1522,堤維西,27,5,22,凱基-中壢,2023-12-15,9285
2481,強茂,44,23,21,凱基-中壢,2023-12-15,9285
1584,精剛,71,51,20,凱基-中壢,2023-12-15,9285
00696B,富邦美債20年,20,0,20,凱基-中壢,2023-12-15,9285
3372,典範,27,8,19,凱基-中壢,2023-12-15,9285
2467,志聖,20,1,19,凱基-中壢,2023-12-15,9285
5515,建國,20,2,18,凱基-中壢,2023-12-15,9285
00931B,統一美債20年,28,10,18,凱基-中壢,2023-12-15,9285
8415,大國鋼,17,0,17,凱基-中壢,2023-12-15,9285
2201,裕隆,18,2,16,凱基-中壢,2023-12-15,9285
00902,中信電池及儲能,16,0,16,凱基-中壢,2023-12-15,9285
00680L,元大美債20正2,887,80,807,凱基-中壢,2023-12-18,9285
00688L,國泰20年美債正2,477,48,429,凱基-中壢,2023-12-18,9285
00937B,群益ESG投等債20,260,13,247,凱基-中壢,2023-12-18,9285
00650L,復華香港正2,233,0,233,凱基-中壢,2023-12-18,9285
00919,群益台灣精選高息,268,61,207,凱基-中壢,2023-12-18,9285
00918,大華優利高填息30,219,28,191,凱基-中壢,2023-12-18,9285
00929,復華台灣科技優息,218,75,143,凱基-中壢,2023-12-18,9285
00679B,元大美債20年,158,16,142,凱基-中壢,2023-12-18,9285
2618,長榮航,167,38,129,凱基-中壢,2023-12-18,9285
00637L,元大滬深300正2,237,125,112,凱基-中壢,2023-12-18,9285
8011,台通,96,12,84,凱基-中壢,2023-12-18,9285
00687B,國泰20年美債,90,13,77,凱基-中壢,2023-12-18,9285
6016,康和證,75,1,74,凱基-中壢,2023-12-18,9285
4532,瑞智,81,10,71,凱基-中壢,2023-12-18,9285
2610,華航,65,4,61,凱基-中壢,2023-12-18,9285
9105,泰金寶-DR,76,20,56,凱基-中壢,2023-12-18,9285
2913,農林,71,18,53,凱基-中壢,2023-12-18,9285
2615,萬海,72,24,48,凱基-中壢,2023-12-18,9285
00665L,富邦�琤肭磪囓�2,42,0,42,凱基-中壢,2023-12-18,9285
2457,飛宏,39,0,39,凱基-中壢,2023-12-18,9285
6170,統振,36,0,36,凱基-中壢,2023-12-18,9285
2419,仲琦,39,4,35,凱基-中壢,2023-12-18,9285
00931B,統一美債20年,38,7,31,凱基-中壢,2023-12-18,9285
00720B,元大投資級公司債,33,3,30,凱基-中壢,2023-12-18,9285
1310,台苯,30,0,30,凱基-中壢,2023-12-18,9285
2605,新興,35,8,27,凱基-中壢,2023-12-18,9285
1905,華紙,81,55,26,凱基-中壢,2023-12-18,9285
00915,凱基優選高股息30,32,7,25,凱基-中壢,2023-12-18,9285
3532,台勝科,27,2,25,凱基-中壢,2023-12-18,9285
6168,宏齊,30,7,23,凱基-中壢,2023-12-18,9285
00933B,國泰10Y+金融債,44,22,22,凱基-中壢,2023-12-18,9285
00882,中信中國高股息,40,19,21,凱基-中壢,2023-12-18,9285
4157,太景*-KY,21,0,21,凱基-中壢,2023-12-18,9285
2204,中華,22,1,21,凱基-中壢,2023-12-18,9285
00923,群益台ESG低碳50,22,1,21,凱基-中壢,2023-12-18,9285
2412,中華電,20,0,20,凱基-中壢,2023-12-18,9285
00788B,元大10年IG電能債,20,0,20,凱基-中壢,2023-12-18,9285
6609,瀧澤科,20,0,20,凱基-中壢,2023-12-18,9285
2603,長榮,100,80,20,凱基-中壢,2023-12-18,9285
9911,櫻花,20,0,20,凱基-中壢,2023-12-18,9285
2030,彰源,20,1,19,凱基-中壢,2023-12-18,9285
00664R,國泰臺灣加權反1,20,2,18,凱基-中壢,2023-12-18,9285
00722B,群益投資級電信債,18,1,17,凱基-中壢,2023-12-18,9285
1605,華新,33,17,16,凱基-中壢,2023-12-18,9285
6233,旺玖,30,14,16,凱基-中壢,2023-12-18,9285
1522,堤維西,20,4,16,凱基-中壢,2023-12-18,9285
3694,海華,15,0,15,凱基-中壢,2023-12-18,9285
1810,和成,15,0,15,凱基-中壢,2023-12-18,9285
8112,至上,36,21,15,凱基-中壢,2023-12-18,9285
2903,遠百,16,3,13,凱基-中壢,2023-12-18,9285
2609,陽明,568,400,168,凱基-中壢,2023-12-19,9285
2332,友訊,153,12,141,凱基-中壢,2023-12-19,9285
4909,新復興,125,1,124,凱基-中壢,2023-12-19,9285
00680L,元大美債20正2,112,12,100,凱基-中壢,2023-12-19,9285
00937B,群益ESG投等債20,135,40,95,凱基-中壢,2023-12-19,9285
00650L,復華香港正2,92,0,92,凱基-中壢,2023-12-19,9285
00934,中信成長高股息,81,7,74,凱基-中壢,2023-12-19,9285
00687B,國泰20年美債,105,43,62,凱基-中壢,2023-12-19,9285
3576,聯合再生,61,0,61,凱基-中壢,2023-12-19,9285
2905,三商,60,0,60,凱基-中壢,2023-12-19,9285
2883,凱基金,64,4,60,凱基-中壢,2023-12-19,9285
2618,長榮航,122,68,54,凱基-中壢,2023-12-19,9285
2014,中鴻,133,86,47,凱基-中壢,2023-12-19,9285
2356,英業達,90,45,45,凱基-中壢,2023-12-19,9285
00679B,元大美債20年,72,31,41,凱基-中壢,2023-12-19,9285
2030,彰源,42,2,40,凱基-中壢,2023-12-19,9285
2615,萬海,73,34,39,凱基-中壢,2023-12-19,9285
2409,友達,41,4,37,凱基-中壢,2023-12-19,9285
2610,華航,43,10,33,凱基-中壢,2023-12-19,9285
1101,台泥,36,4,32,凱基-中壢,2023-12-19,9285
1605,華新,52,20,32,凱基-中壢,2023-12-19,9285
2913,農林,39,9,30,凱基-中壢,2023-12-19,9285
4532,瑞智,30,0,30,凱基-中壢,2023-12-19,9285
1609,大亞,30,0,30,凱基-中壢,2023-12-19,9285
1308,亞聚,28,0,28,凱基-中壢,2023-12-19,9285
9911,櫻花,30,2,28,凱基-中壢,2023-12-19,9285
3006,晶豪科,33,7,26,凱基-中壢,2023-12-19,9285
9103,美德醫療-DR,25,0,25,凱基-中壢,2023-12-19,9285
2382,廣達,50,25,25,凱基-中壢,2023-12-19,9285
00923,群益台ESG低碳50,34,11,23,凱基-中壢,2023-12-19,9285
00919,群益台灣精選高息,314,292,22,凱基-中壢,2023-12-19,9285
8011,台通,78,56,22,凱基-中壢,2023-12-19,9285
00671R,富邦NASDAQ反1,21,0,21,凱基-中壢,2023-12-19,9285
2485,兆赫,23,2,21,凱基-中壢,2023-12-19,9285
2882,國泰金,20,0,20,凱基-中壢,2023-12-19,9285
2634,漢翔,21,1,20,凱基-中壢,2023-12-19,9285
00642U,期元大S＆P石油,20,0,20,凱基-中壢,2023-12-19,9285
2492,華新科,21,2,19,凱基-中壢,2023-12-19,9285
2031,新光鋼,33,14,19,凱基-中壢,2023-12-19,9285
2801,彰銀,20,1,19,凱基-中壢,2023-12-19,9285
1904,正隆,18,0,18,凱基-中壢,2023-12-19,9285
2027,大成鋼,33,16,17,凱基-中壢,2023-12-19,9285
2887,台新金,16,0,16,凱基-中壢,2023-12-19,9285
5425,台半,29,13,16,凱基-中壢,2023-12-19,9285
2344,華邦電,40,25,15,凱基-中壢,2023-12-19,9285
1733,五鼎,15,0,15,凱基-中壢,2023-12-19,9285
1314,中石化,15,0,15,凱基-中壢,2023-12-19,9285
8213,志超,15,0,15,凱基-中壢,2023-12-19,9285
6156,松上,15,0,15,凱基-中壢,2023-12-19,9285
1808,潤隆,18,3,15,凱基-中壢,2023-12-19,9285
00929,復華台灣科技優息,211,18,193,凱基-中壢,2023-12-20,9285
00688L,國泰20年美債正2,212,32,180,凱基-中壢,2023-12-20,9285
911868,同方友友-DR,135,0,135,凱基-中壢,2023-12-20,9285
2515,中工,264,139,125,凱基-中壢,2023-12-20,9285
00680L,元大美債20正2,134,22,112,凱基-中壢,2023-12-20,9285
9105,泰金寶-DR,153,52,101,凱基-中壢,2023-12-20,9285
00919,群益台灣精選高息,157,67,90,凱基-中壢,2023-12-20,9285
2610,華航,101,16,85,凱基-中壢,2023-12-20,9285
2387,精元,84,7,77,凱基-中壢,2023-12-20,9285
2506,太設,75,0,75,凱基-中壢,2023-12-20,9285
2356,英業達,291,218,73,凱基-中壢,2023-12-20,9285
00632R,元大台灣50反1,83,10,73,凱基-中壢,2023-12-20,9285
1528,恩德,63,0,63,凱基-中壢,2023-12-20,9285
1108,幸福,56,0,56,凱基-中壢,2023-12-20,9285
4109,加捷生醫,53,0,53,凱基-中壢,2023-12-20,9285
00753L,中信中國50正2,50,0,50,凱基-中壢,2023-12-20,9285
00885,富邦越南,50,8,42,凱基-中壢,2023-12-20,9285
3041,揚智,43,7,36,凱基-中壢,2023-12-20,9285
2891,中信金,49,14,35,凱基-中壢,2023-12-20,9285
00937B,群益ESG投等債20,38,5,33,凱基-中壢,2023-12-20,9285
2476,鉅祥,32,0,32,凱基-中壢,2023-12-20,9285
6799,來頡,30,1,29,凱基-中壢,2023-12-20,9285
1905,華紙,28,0,28,凱基-中壢,2023-12-20,9285
2023,燁輝,28,4,24,凱基-中壢,2023-12-20,9285
00902,中信電池及儲能,39,15,24,凱基-中壢,2023-12-20,9285
00671R,富邦NASDAQ反1,24,0,24,凱基-中壢,2023-12-20,9285
6274,台燿,25,2,23,凱基-中壢,2023-12-20,9285
2332,友訊,23,0,23,凱基-中壢,2023-12-20,9285
2504,國產,22,0,22,凱基-中壢,2023-12-20,9285
2888,新光金,22,0,22,凱基-中壢,2023-12-20,9285
3296,勝德,21,0,21,凱基-中壢,2023-12-20,9285
2362,藍天,27,6,21,凱基-中壢,2023-12-20,9285
3059,華晶科,21,0,21,凱基-中壢,2023-12-20,9285
3264,欣銓,25,5,20,凱基-中壢,2023-12-20,9285
1304,台聚,19,0,19,凱基-中壢,2023-12-20,9285
3006,晶豪科,23,4,19,凱基-中壢,2023-12-20,9285
6156,松上,20,2,18,凱基-中壢,2023-12-20,9285
00923,群益台ESG低碳50,21,3,18,凱基-中壢,2023-12-20,9285
00915,凱基優選高股息30,21,4,17,凱基-中壢,2023-12-20,9285
8105,凌巨,17,0,17,凱基-中壢,2023-12-20,9285
2603,長榮,48,31,17,凱基-中壢,2023-12-20,9285
2419,仲琦,21,4,17,凱基-中壢,2023-12-20,9285
2886,兆豐金,16,0,16,凱基-中壢,2023-12-20,9285
00934,中信成長高股息,16,0,16,凱基-中壢,2023-12-20,9285
5258,虹堡,16,1,15,凱基-中壢,2023-12-20,9285
2801,彰銀,15,0,15,凱基-中壢,2023-12-20,9285
6147,頎邦,15,2,13,凱基-中壢,2023-12-20,9285
2201,裕隆,13,0,13,凱基-中壢,2023-12-20,9285
2485,兆赫,13,0,13,凱基-中壢,2023-12-20,9285
1605,華新,19,6,13,凱基-中壢,2023-12-20,9285
9105,泰金寶-DR,1724,833,891,凱基-中壢,2023-12-21,9285
00650L,復華香港正2,506,0,506,凱基-中壢,2023-12-21,9285
00919,群益台灣精選高息,266,51,215,凱基-中壢,2023-12-21,9285
00878,國泰永續高股息,156,35,121,凱基-中壢,2023-12-21,9285
2324,仁寶,244,138,106,凱基-中壢,2023-12-21,9285
2880,華南金,95,0,95,凱基-中壢,2023-12-21,9285
2443,昶虹,80,0,80,凱基-中壢,2023-12-21,9285
00679B,元大美債20年,74,8,66,凱基-中壢,2023-12-21,9285
1612,宏泰,49,0,49,凱基-中壢,2023-12-21,9285
2542,興富發,46,0,46,凱基-中壢,2023-12-21,9285
00830,國泰費城半導體,43,0,43,凱基-中壢,2023-12-21,9285
2888,新光金,43,0,43,凱基-中壢,2023-12-21,9285
3041,揚智,88,46,42,凱基-中壢,2023-12-21,9285
00937B,群益ESG投等債20,49,7,42,凱基-中壢,2023-12-21,9285
00706L,期元大S＆P日圓正2,41,0,41,凱基-中壢,2023-12-21,9285
00931B,統一美債20年,43,4,39,凱基-中壢,2023-12-21,9285
3706,神達,65,29,36,凱基-中壢,2023-12-21,9285
2516,新建,35,0,35,凱基-中壢,2023-12-21,9285
2506,太設,52,17,35,凱基-中壢,2023-12-21,9285
00632R,元大台灣50反1,39,5,34,凱基-中壢,2023-12-21,9285
6116,彩晶,32,1,31,凱基-中壢,2023-12-21,9285
1513,中興電,31,1,30,凱基-中壢,2023-12-21,9285
9919,康那香,78,50,28,凱基-中壢,2023-12-21,9285
5880,合庫金,28,1,27,凱基-中壢,2023-12-21,9285
6219,富旺,27,0,27,凱基-中壢,2023-12-21,9285
2023,燁輝,31,4,27,凱基-中壢,2023-12-21,9285
2337,旺宏,33,7,26,凱基-中壢,2023-12-21,9285
6026,福邦證,26,0,26,凱基-中壢,2023-12-21,9285
0056,元大高股息,45,20,25,凱基-中壢,2023-12-21,9285
3035,智原,28,4,24,凱基-中壢,2023-12-21,9285
2303,聯電,30,6,24,凱基-中壢,2023-12-21,9285
2812,台中銀,22,0,22,凱基-中壢,2023-12-21,9285
00688L,國泰20年美債正2,82,60,22,凱基-中壢,2023-12-21,9285
2331,精英,281,259,22,凱基-中壢,2023-12-21,9285
2330,台積電,23,1,22,凱基-中壢,2023-12-21,9285
3645,達邁,21,0,21,凱基-中壢,2023-12-21,9285
00753L,中信中國50正2,180,159,21,凱基-中壢,2023-12-21,9285
2332,友訊,20,0,20,凱基-中壢,2023-12-21,9285
9934,成霖,19,0,19,凱基-中壢,2023-12-21,9285
2258,鴻華先進-創,19,0,19,凱基-中壢,2023-12-21,9285
5521,工信,42,23,19,凱基-中壢,2023-12-21,9285
00934,中信成長高股息,19,1,18,凱基-中壢,2023-12-21,9285
2610,華航,34,18,16,凱基-中壢,2023-12-21,9285
00923,群益台ESG低碳50,16,0,16,凱基-中壢,2023-12-21,9285
2201,裕隆,19,4,15,凱基-中壢,2023-12-21,9285
8936,國統,16,1,15,凱基-中壢,2023-12-21,9285
9902,台火,15,0,15,凱基-中壢,2023-12-21,9285
2363,矽統,27,12,15,凱基-中壢,2023-12-21,9285
2801,彰銀,15,0,15,凱基-中壢,2023-12-21,9285
2891,中信金,28,14,14,凱基-中壢,2023-12-21,9285
00680L,元大美債20正2,335,5,330,凱基-中壢,2023-12-22,9285
00753L,中信中國50正2,284,100,184,凱基-中壢,2023-12-22,9285
3481,群創,240,98,142,凱基-中壢,2023-12-22,9285
00650L,復華香港正2,179,46,133,凱基-中壢,2023-12-22,9285
2356,英業達,280,176,104,凱基-中壢,2023-12-22,9285
9105,泰金寶-DR,124,51,73,凱基-中壢,2023-12-22,9285
2344,華邦電,196,131,65,凱基-中壢,2023-12-22,9285
00937B,群益ESG投等債20,84,25,59,凱基-中壢,2023-12-22,9285
00931B,統一美債20年,56,0,56,凱基-中壢,2023-12-22,9285
00688L,國泰20年美債正2,53,0,53,凱基-中壢,2023-12-22,9285
00933B,國泰10Y+金融債,50,0,50,凱基-中壢,2023-12-22,9285
3576,聯合再生,49,1,48,凱基-中壢,2023-12-22,9285
00715L,期街口布蘭特正2,56,9,47,凱基-中壢,2023-12-22,9285
2332,友訊,42,0,42,凱基-中壢,2023-12-22,9285
8034,榮群,38,0,38,凱基-中壢,2023-12-22,9285
6243,迅杰,74,41,33,凱基-中壢,2023-12-22,9285
00878,國泰永續高股息,57,25,32,凱基-中壢,2023-12-22,9285
00720B,元大投資級公司債,32,0,32,凱基-中壢,2023-12-22,9285
1806,冠軍,31,0,31,凱基-中壢,2023-12-22,9285
6443,元晶,30,1,29,凱基-中壢,2023-12-22,9285
00929,復華台灣科技優息,56,29,27,凱基-中壢,2023-12-22,9285
6244,茂迪,24,0,24,凱基-中壢,2023-12-22,9285
3702,大聯大,34,11,23,凱基-中壢,2023-12-22,9285
4915,致伸,26,3,23,凱基-中壢,2023-12-22,9285
2363,矽統,27,4,23,凱基-中壢,2023-12-22,9285
00751B,元大AAA至A公司債,21,0,21,凱基-中壢,2023-12-22,9285
00885,富邦越南,21,0,21,凱基-中壢,2023-12-22,9285
2443,昶虹,20,0,20,凱基-中壢,2023-12-22,9285
00679B,元大美債20年,24,5,19,凱基-中壢,2023-12-22,9285
3264,欣銓,20,1,19,凱基-中壢,2023-12-22,9285
4572,駐龍,20,1,19,凱基-中壢,2023-12-22,9285
3006,晶豪科,30,11,19,凱基-中壢,2023-12-22,9285
6693,廣閎科,19,1,18,凱基-中壢,2023-12-22,9285
2353,宏��,79,61,18,凱基-中壢,2023-12-22,9285
1301,台塑,17,0,17,凱基-中壢,2023-12-22,9285
2641,正德,32,15,17,凱基-中壢,2023-12-22,9285
2617,台航,21,5,16,凱基-中壢,2023-12-22,9285
2388,威盛,22,6,16,凱基-中壢,2023-12-22,9285
3147,大綜,15,0,15,凱基-中壢,2023-12-22,9285
4960,誠美材,15,0,15,凱基-中壢,2023-12-22,9285
4973,廣穎,16,1,15,凱基-中壢,2023-12-22,9285
6237,驊訊,18,3,15,凱基-中壢,2023-12-22,9285
1326,台化,14,0,14,凱基-中壢,2023-12-22,9285
4967,十銓,19,5,14,凱基-中壢,2023-12-22,9285
2349,錸德,14,1,13,凱基-中壢,2023-12-22,9285
5469,瀚宇博,13,0,13,凱基-中壢,2023-12-22,9285
00936,台新永續高息中小,13,0,13,凱基-中壢,2023-12-22,9285
2441,超豐,14,1,13,凱基-中壢,2023-12-22,9285
2888,新光金,22,10,12,凱基-中壢,2023-12-22,9285
2355,敬鵬,18,6,12,凱基-中壢,2023-12-22,9285
00919,群益台灣精選高息,292,6,286,凱基-中壢,2023-12-25,9285
4909,新復興,205,1,204,凱基-中壢,2023-12-25,9285
00650L,復華香港正2,184,0,184,凱基-中壢,2023-12-25,9285
00937B,群益ESG投等債20,122,7,115,凱基-中壢,2023-12-25,9285
4938,和碩,124,13,111,凱基-中壢,2023-12-25,9285
2609,陽明,434,326,108,凱基-中壢,2023-12-25,9285
2615,萬海,116,25,91,凱基-中壢,2023-12-25,9285
00929,復華台灣科技優息,96,16,80,凱基-中壢,2023-12-25,9285
2443,昶虹,80,0,80,凱基-中壢,2023-12-25,9285
00632R,元大台灣50反1,68,0,68,凱基-中壢,2023-12-25,9285
2610,華航,126,65,61,凱基-中壢,2023-12-25,9285
3576,聯合再生,43,0,43,凱基-中壢,2023-12-25,9285
1314,中石化,43,1,42,凱基-中壢,2023-12-25,9285
00651R,復華香港反1,40,0,40,凱基-中壢,2023-12-25,9285
00666R,富邦�琤肭磪齯�1,40,0,40,凱基-中壢,2023-12-25,9285
5515,建國,43,3,40,凱基-中壢,2023-12-25,9285
00934,中信成長高股息,37,0,37,凱基-中壢,2023-12-25,9285
2014,中鴻,69,32,37,凱基-中壢,2023-12-25,9285
00687B,國泰20年美債,41,4,37,凱基-中壢,2023-12-25,9285
1806,冠軍,39,3,36,凱基-中壢,2023-12-25,9285
00688L,國泰20年美債正2,36,0,36,凱基-中壢,2023-12-25,9285
2038,海光,42,11,31,凱基-中壢,2023-12-25,9285
5425,台半,79,48,31,凱基-中壢,2023-12-25,9285
2007,燁興,45,14,31,凱基-中壢,2023-12-25,9285
00882,中信中國高股息,29,0,29,凱基-中壢,2023-12-25,9285
00885,富邦越南,29,2,27,凱基-中壢,2023-12-25,9285
3390,旭軟,29,3,26,凱基-中壢,2023-12-25,9285
9105,泰金寶-DR,86,60,26,凱基-中壢,2023-12-25,9285
8930,青鋼,22,0,22,凱基-中壢,2023-12-25,9285
2332,友訊,32,10,22,凱基-中壢,2023-12-25,9285
2603,長榮,94,72,22,凱基-中壢,2023-12-25,9285
2405,輔信,34,13,21,凱基-中壢,2023-12-25,9285
2032,新鋼,23,2,21,凱基-中壢,2023-12-25,9285
2312,金寶,21,0,21,凱基-中壢,2023-12-25,9285
1513,中興電,25,4,21,凱基-中壢,2023-12-25,9285
00935,野村臺灣新科技50,20,0,20,凱基-中壢,2023-12-25,9285
2413,環科,24,4,20,凱基-中壢,2023-12-25,9285
9911,櫻花,20,0,20,凱基-中壢,2023-12-25,9285
00679B,元大美債20年,26,7,19,凱基-中壢,2023-12-25,9285
2421,建準,58,39,19,凱基-中壢,2023-12-25,9285
00715L,期街口布蘭特正2,17,0,17,凱基-中壢,2023-12-25,9285
3338,泰碩,20,3,17,凱基-中壢,2023-12-25,9285
5864,致和證,17,0,17,凱基-中壢,2023-12-25,9285
6233,旺玖,30,13,17,凱基-中壢,2023-12-25,9285
4945,陞達科技,20,4,16,凱基-中壢,2023-12-25,9285
2344,華邦電,31,15,16,凱基-中壢,2023-12-25,9285
6443,元晶,31,16,15,凱基-中壢,2023-12-25,9285
2637,慧洋-KY,18,3,15,凱基-中壢,2023-12-25,9285
1514,亞力,25,11,14,凱基-中壢,2023-12-25,9285
6799,來頡,23,9,14,凱基-中壢,2023-12-25,9285
00885,富邦越南,72,0,72,凱基-中壢,2023-12-26,9285
00688L,國泰20年美債正2,67,0,67,凱基-中壢,2023-12-26,9285
00679B,元大美債20年,74,8,66,凱基-中壢,2023-12-26,9285
00706L,期元大S＆P日圓正2,63,0,63,凱基-中壢,2023-12-26,9285
2610,華航,98,35,63,凱基-中壢,2023-12-26,9285
2409,友達,121,59,62,凱基-中壢,2023-12-26,9285
00934,中信成長高股息,53,0,53,凱基-中壢,2023-12-26,9285
00715L,期街口布蘭特正2,50,0,50,凱基-中壢,2023-12-26,9285
00936,台新永續高息中小,53,3,50,凱基-中壢,2023-12-26,9285
00637L,元大滬深300正2,92,46,46,凱基-中壢,2023-12-26,9285
00687B,國泰20年美債,42,0,42,凱基-中壢,2023-12-26,9285
2014,中鴻,54,13,41,凱基-中壢,2023-12-26,9285
00665L,富邦�琤肭磪囓�2,40,0,40,凱基-中壢,2023-12-26,9285
00720B,元大投資級公司債,58,19,39,凱基-中壢,2023-12-26,9285
4712,福格創新,35,0,35,凱基-中壢,2023-12-26,9285
8039,台虹,42,7,35,凱基-中壢,2023-12-26,9285
2634,漢翔,34,0,34,凱基-中壢,2023-12-26,9285
00933B,國泰10Y+金融債,30,0,30,凱基-中壢,2023-12-26,9285
4909,新復興,30,0,30,凱基-中壢,2023-12-26,9285
3178,公準,30,1,29,凱基-中壢,2023-12-26,9285
00929,復華台灣科技優息,67,40,27,凱基-中壢,2023-12-26,9285
2636,台驊控股,28,3,25,凱基-中壢,2023-12-26,9285
00915,凱基優選高股息30,25,1,24,凱基-中壢,2023-12-26,9285
4532,瑞智,24,0,24,凱基-中壢,2023-12-26,9285
4939,亞電,35,13,22,凱基-中壢,2023-12-26,9285
00671R,富邦NASDAQ反1,20,0,20,凱基-中壢,2023-12-26,9285
2348,海悅,20,0,20,凱基-中壢,2023-12-26,9285
2033,佳大,21,2,19,凱基-中壢,2023-12-26,9285
2439,美律,18,0,18,凱基-中壢,2023-12-26,9285
3588,通嘉,60,42,18,凱基-中壢,2023-12-26,9285
2388,威盛,30,13,17,凱基-中壢,2023-12-26,9285
6117,迎廣,33,17,16,凱基-中壢,2023-12-26,9285
3380,明泰,27,12,15,凱基-中壢,2023-12-26,9285
6189,豐藝,13,0,13,凱基-中壢,2023-12-26,9285
4714,永捷,13,0,13,凱基-中壢,2023-12-26,9285
2543,皇昌,22,10,12,凱基-中壢,2023-12-26,9285
00937B,群益ESG投等債20,37,26,11,凱基-中壢,2023-12-26,9285
00751B,元大AAA至A公司債,16,5,11,凱基-中壢,2023-12-26,9285
9919,康那香,13,2,11,凱基-中壢,2023-12-26,9285
2208,台船,11,0,11,凱基-中壢,2023-12-26,9285
5258,虹堡,11,0,11,凱基-中壢,2023-12-26,9285
2492,華新科,12,2,10,凱基-中壢,2023-12-26,9285
2834,臺企銀,13,3,10,凱基-中壢,2023-12-26,9285
2382,廣達,17,7,10,凱基-中壢,2023-12-26,9285
8064,東捷,10,0,10,凱基-中壢,2023-12-26,9285
6187,萬潤,21,11,10,凱基-中壢,2023-12-26,9285
6462,神盾,19,9,10,凱基-中壢,2023-12-26,9285
3530,晶相光,13,3,10,凱基-中壢,2023-12-26,9285
00924,復華S＆P500成長,10,0,10,凱基-中壢,2023-12-26,9285
6901,鑽石投資,11,1,10,凱基-中壢,2023-12-26,9285
00637L,元大滬深300正2,445,6,439,凱基-中壢,2023-12-27,9285
00937B,群益ESG投等債20,415,22,393,凱基-中壢,2023-12-27,9285
1760,寶齡富錦,287,12,275,凱基-中壢,2023-12-27,9285
2353,宏��,352,151,201,凱基-中壢,2023-12-27,9285
3390,旭軟,214,62,152,凱基-中壢,2023-12-27,9285
00669R,國泰美國道瓊反1,103,0,103,凱基-中壢,2023-12-27,9285
00688L,國泰20年美債正2,85,5,80,凱基-中壢,2023-12-27,9285
00919,群益台灣精選高息,136,58,78,凱基-中壢,2023-12-27,9285
6282,康舒,83,7,76,凱基-中壢,2023-12-27,9285
6695,芯鼎,112,45,67,凱基-中壢,2023-12-27,9285
00934,中信成長高股息,55,3,52,凱基-中壢,2023-12-27,9285
00885,富邦越南,54,5,49,凱基-中壢,2023-12-27,9285
00680L,元大美債20正2,45,0,45,凱基-中壢,2023-12-27,9285
00772B,中信高評級公司債,46,2,44,凱基-中壢,2023-12-27,9285
5351,鈺創,58,14,44,凱基-中壢,2023-12-27,9285
2014,中鴻,57,14,43,凱基-中壢,2023-12-27,9285
00891,中信關鍵半導體,62,20,42,凱基-中壢,2023-12-27,9285
3114,好德,40,0,40,凱基-中壢,2023-12-27,9285
00632R,元大台灣50反1,77,40,37,凱基-中壢,2023-12-27,9285
8110,華東,35,0,35,凱基-中壢,2023-12-27,9285
2324,仁寶,144,112,32,凱基-中壢,2023-12-27,9285
2495,普安,30,0,30,凱基-中壢,2023-12-27,9285
6147,頎邦,30,0,30,凱基-中壢,2023-12-27,9285
2845,遠東銀,29,1,28,凱基-中壢,2023-12-27,9285
8114,振樺電,28,0,28,凱基-中壢,2023-12-27,9285
2515,中工,34,7,27,凱基-中壢,2023-12-27,9285
6233,旺玖,61,35,26,凱基-中壢,2023-12-27,9285
6668,中揚光,33,8,25,凱基-中壢,2023-12-27,9285
3545,敦泰,30,6,24,凱基-中壢,2023-12-27,9285
3532,台勝科,29,8,21,凱基-中壢,2023-12-27,9285
00864B,中信美國公債0-1,21,0,21,凱基-中壢,2023-12-27,9285
3438,類比科,29,8,21,凱基-中壢,2023-12-27,9285
3376,新日興,31,10,21,凱基-中壢,2023-12-27,9285
00706L,期元大S＆P日圓正2,20,0,20,凱基-中壢,2023-12-27,9285
1733,五鼎,24,4,20,凱基-中壢,2023-12-27,9285
4572,駐龍,19,0,19,凱基-中壢,2023-12-27,9285
00719B,元大美債1-3,18,0,18,凱基-中壢,2023-12-27,9285
3264,欣銓,19,1,18,凱基-中壢,2023-12-27,9285
00720B,元大投資級公司債,19,1,18,凱基-中壢,2023-12-27,9285
1514,亞力,24,7,17,凱基-中壢,2023-12-27,9285
8085,福華,17,0,17,凱基-中壢,2023-12-27,9285
00936,台新永續高息中小,16,0,16,凱基-中壢,2023-12-27,9285
2355,敬鵬,17,1,16,凱基-中壢,2023-12-27,9285
3305,昇貿,23,7,16,凱基-中壢,2023-12-27,9285
2457,飛宏,20,4,16,凱基-中壢,2023-12-27,9285
4979,華星光,15,0,15,凱基-中壢,2023-12-27,9285
00671R,富邦NASDAQ反1,15,0,15,凱基-中壢,2023-12-27,9285
00751B,元大AAA至A公司債,15,0,15,凱基-中壢,2023-12-27,9285
2636,台驊控股,15,1,14,凱基-中壢,2023-12-27,9285
2363,矽統,25,11,14,凱基-中壢,2023-12-27,9285
00688L,國泰20年美債正2,246,10,236,凱基-中壢,2023-12-28,9285
00919,群益台灣精選高息,220,4,216,凱基-中壢,2023-12-28,9285
00937B,群益ESG投等債20,194,0,194,凱基-中壢,2023-12-28,9285
2365,昆盈,171,34,137,凱基-中壢,2023-12-28,9285
00929,復華台灣科技優息,133,11,122,凱基-中壢,2023-12-28,9285
3041,揚智,116,0,116,凱基-中壢,2023-12-28,9285
2845,遠東銀,100,0,100,凱基-中壢,2023-12-28,9285
8096,擎亞,107,31,76,凱基-中壢,2023-12-28,9285
2303,聯電,145,73,72,凱基-中壢,2023-12-28,9285
00720B,元大投資級公司債,76,6,70,凱基-中壢,2023-12-28,9285
00902,中信電池及儲能,60,0,60,凱基-中壢,2023-12-28,9285
9105,泰金寶-DR,51,2,49,凱基-中壢,2023-12-28,9285
2369,菱生,51,4,47,凱基-中壢,2023-12-28,9285
00934,中信成長高股息,39,0,39,凱基-中壢,2023-12-28,9285
2353,宏��,231,193,38,凱基-中壢,2023-12-28,9285
2527,宏璟,38,0,38,凱基-中壢,2023-12-28,9285
3338,泰碩,114,76,38,凱基-中壢,2023-12-28,9285
00671R,富邦NASDAQ反1,35,0,35,凱基-中壢,2023-12-28,9285
3231,緯創,61,26,35,凱基-中壢,2023-12-28,9285
2324,仁寶,96,63,33,凱基-中壢,2023-12-28,9285
2409,友達,109,78,31,凱基-中壢,2023-12-28,9285
00673R,期元大S＆P原油反1,30,0,30,凱基-中壢,2023-12-28,9285
00751B,元大AAA至A公司債,30,1,29,凱基-中壢,2023-12-28,9285
5864,致和證,30,1,29,凱基-中壢,2023-12-28,9285
2913,農林,28,1,27,凱基-中壢,2023-12-28,9285
00924,復華S＆P500成長,26,0,26,凱基-中壢,2023-12-28,9285
1514,亞力,108,83,25,凱基-中壢,2023-12-28,9285
00680L,元大美債20正2,54,30,24,凱基-中壢,2023-12-28,9285
1802,台玻,25,1,24,凱基-中壢,2023-12-28,9285
1760,寶齡富錦,25,2,23,凱基-中壢,2023-12-28,9285
00712,復華富時不動產,22,0,22,凱基-中壢,2023-12-28,9285
2204,中華,22,1,21,凱基-中壢,2023-12-28,9285
4909,新復興,21,0,21,凱基-中壢,2023-12-28,9285
8034,榮群,21,0,21,凱基-中壢,2023-12-28,9285
00719B,元大美債1-3,20,0,20,凱基-中壢,2023-12-28,9285
2618,長榮航,25,5,20,凱基-中壢,2023-12-28,9285
00918,大華優利高填息30,19,0,19,凱基-中壢,2023-12-28,9285
3006,晶豪科,66,48,18,凱基-中壢,2023-12-28,9285
1409,新纖,20,2,18,凱基-中壢,2023-12-28,9285
8936,國統,23,5,18,凱基-中壢,2023-12-28,9285
2436,偉詮電,45,27,18,凱基-中壢,2023-12-28,9285
4157,太景*-KY,37,19,18,凱基-中壢,2023-12-28,9285
4114,健喬,17,0,17,凱基-中壢,2023-12-28,9285
6246,臺龍,17,0,17,凱基-中壢,2023-12-28,9285
2312,金寶,16,0,16,凱基-中壢,2023-12-28,9285
00864B,中信美國公債0-1,16,0,16,凱基-中壢,2023-12-28,9285
4967,十銓,21,6,15,凱基-中壢,2023-12-28,9285
2736,富野,15,0,15,凱基-中壢,2023-12-28,9285
3035,智原,19,4,15,凱基-中壢,2023-12-28,9285
6257,矽格,14,0,14,凱基-中壢,2023-12-28,9285
00937B,群益ESG投等債20,244,10,234,凱基-中壢,2023-12-29,9285
00632R,元大台灣50反1,203,0,203,凱基-中壢,2023-12-29,9285
2352,佳世達,262,80,182,凱基-中壢,2023-12-29,9285
00919,群益台灣精選高息,150,45,105,凱基-中壢,2023-12-29,9285
00715L,期街口布蘭特正2,94,0,94,凱基-中壢,2023-12-29,9285
2515,中工,90,4,86,凱基-中壢,2023-12-29,9285
2634,漢翔,93,10,83,凱基-中壢,2023-12-29,9285
6015,宏遠證,80,0,80,凱基-中壢,2023-12-29,9285
2543,皇昌,69,0,69,凱基-中壢,2023-12-29,9285
00665L,富邦�琤肭磪囓�2,57,0,57,凱基-中壢,2023-12-29,9285
3706,神達,63,11,52,凱基-中壢,2023-12-29,9285
0056,元大高股息,75,23,52,凱基-中壢,2023-12-29,9285
00933B,國泰10Y+金融債,45,0,45,凱基-中壢,2023-12-29,9285
2409,友達,69,28,41,凱基-中壢,2023-12-29,9285
3006,晶豪科,73,34,39,凱基-中壢,2023-12-29,9285
00679B,元大美債20年,50,15,35,凱基-中壢,2023-12-29,9285
2610,華航,58,27,31,凱基-中壢,2023-12-29,9285
00690,兆豐藍籌30,30,0,30,凱基-中壢,2023-12-29,9285
00931B,統一美債20年,28,0,28,凱基-中壢,2023-12-29,9285
3338,泰碩,77,49,28,凱基-中壢,2023-12-29,9285
3390,旭軟,50,26,24,凱基-中壢,2023-12-29,9285
3522,御嵿,24,0,24,凱基-中壢,2023-12-29,9285
00688L,國泰20年美債正2,61,37,24,凱基-中壢,2023-12-29,9285
5426,振發,25,1,24,凱基-中壢,2023-12-29,9285
6125,廣運,58,35,23,凱基-中壢,2023-12-29,9285
6016,康和證,22,0,22,凱基-中壢,2023-12-29,9285
3260,威剛,28,6,22,凱基-中壢,2023-12-29,9285
00885,富邦越南,21,0,21,凱基-中壢,2023-12-29,9285
1810,和成,21,0,21,凱基-中壢,2023-12-29,9285
8112,至上,22,2,20,凱基-中壢,2023-12-29,9285
3402,漢科,20,0,20,凱基-中壢,2023-12-29,9285
1513,中興電,29,9,20,凱基-中壢,2023-12-29,9285
2915,潤泰全,16,0,16,凱基-中壢,2023-12-29,9285
00720B,元大投資級公司債,16,0,16,凱基-中壢,2023-12-29,9285
00934,中信成長高股息,36,20,16,凱基-中壢,2023-12-29,9285
2462,良得電,15,0,15,凱基-中壢,2023-12-29,9285
5388,中磊,17,2,15,凱基-中壢,2023-12-29,9285
3041,揚智,19,4,15,凱基-中壢,2023-12-29,9285
5525,順天,15,0,15,凱基-中壢,2023-12-29,9285
5291,邑昇,15,0,15,凱基-中壢,2023-12-29,9285
00655L,國泰中國A50正2,14,0,14,凱基-中壢,2023-12-29,9285
2405,輔信,32,18,14,凱基-中壢,2023-12-29,9285
6933,AMAX-KY,13,0,13,凱基-中壢,2023-12-29,9285
8039,台虹,23,10,13,凱基-中壢,2023-12-29,9285
4930,燦星網,13,0,13,凱基-中壢,2023-12-29,9285
5355,佳總,17,4,13,凱基-中壢,2023-12-29,9285
1503,士電,34,22,12,凱基-中壢,2023-12-29,9285
3013,晟銘電,13,1,12,凱基-中壢,2023-12-29,9285
5521,工信,17,5,12,凱基-中壢,2023-12-29,9285
1310,台苯,12,0,12,凱基-中壢,2023-12-29,9285
00637L,元大滬深300正2,407,1,406,凱基-中壢,2024-01-02,9285
00937B,群益ESG投等債20,282,0,282,凱基-中壢,2024-01-02,9285
00929,復華台灣科技優息,258,54,204,凱基-中壢,2024-01-02,9285
00650L,復華香港正2,207,20,187,凱基-中壢,2024-01-02,9285
00688L,國泰20年美債正2,199,32,167,凱基-中壢,2024-01-02,9285
00680L,元大美債20正2,181,19,162,凱基-中壢,2024-01-02,9285
3231,緯創,175,44,131,凱基-中壢,2024-01-02,9285
00919,群益台灣精選高息,174,82,92,凱基-中壢,2024-01-02,9285
00633L,富邦上証正2,76,0,76,凱基-中壢,2024-01-02,9285
00712,復華富時不動產,76,10,66,凱基-中壢,2024-01-02,9285
00665L,富邦�琤肭磪囓�2,104,50,54,凱基-中壢,2024-01-02,9285
0056,元大高股息,100,48,52,凱基-中壢,2024-01-02,9285
9105,泰金寶-DR,40,0,40,凱基-中壢,2024-01-02,9285
2353,宏��,74,38,36,凱基-中壢,2024-01-02,9285
5521,工信,64,33,31,凱基-中壢,2024-01-02,9285
2324,仁寶,71,42,29,凱基-中壢,2024-01-02,9285
5425,台半,29,1,28,凱基-中壢,2024-01-02,9285
6140,訊達,30,3,27,凱基-中壢,2024-01-02,9285
2722,夏都,29,4,25,凱基-中壢,2024-01-02,9285
2356,英業達,107,83,24,凱基-中壢,2024-01-02,9285
2867,三商壽,22,0,22,凱基-中壢,2024-01-02,9285
3051,力特,22,0,22,凱基-中壢,2024-01-02,9285
00882,中信中國高股息,21,0,21,凱基-中壢,2024-01-02,9285
00687B,國泰20年美債,57,36,21,凱基-中壢,2024-01-02,9285
2453,凌群,20,0,20,凱基-中壢,2024-01-02,9285
6113,亞矽,34,14,20,凱基-中壢,2024-01-02,9285
00706L,期元大S＆P日圓正2,20,0,20,凱基-中壢,2024-01-02,9285
6257,矽格,20,0,20,凱基-中壢,2024-01-02,9285
3706,神達,34,14,20,凱基-中壢,2024-01-02,9285
00720B,元大投資級公司債,26,7,19,凱基-中壢,2024-01-02,9285
2515,中工,51,32,19,凱基-中壢,2024-01-02,9285
00922,國泰台灣領袖50,16,0,16,凱基-中壢,2024-01-02,9285
4909,新復興,16,0,16,凱基-中壢,2024-01-02,9285
2439,美律,16,0,16,凱基-中壢,2024-01-02,9285
3402,漢科,17,1,16,凱基-中壢,2024-01-02,9285
2528,皇普,16,0,16,凱基-中壢,2024-01-02,9285
3006,晶豪科,22,7,15,凱基-中壢,2024-01-02,9285
1109,信大,15,0,15,凱基-中壢,2024-01-02,9285
9906,欣巴巴,15,0,15,凱基-中壢,2024-01-02,9285
00934,中信成長高股息,36,21,15,凱基-中壢,2024-01-02,9285
00891,中信關鍵半導體,14,0,14,凱基-中壢,2024-01-02,9285
2887,台新金,17,3,14,凱基-中壢,2024-01-02,9285
6770,力積電,13,0,13,凱基-中壢,2024-01-02,9285
3024,憶聲,19,6,13,凱基-中壢,2024-01-02,9285
00918,大華優利高填息30,14,2,12,凱基-中壢,2024-01-02,9285
2314,台揚,13,1,12,凱基-中壢,2024-01-02,9285
6719,力智,14,3,11,凱基-中壢,2024-01-02,9285
5515,建國,11,0,11,凱基-中壢,2024-01-02,9285
3711,日月光投控,16,5,11,凱基-中壢,2024-01-02,9285
00936,台新永續高息中小,18,7,11,凱基-中壢,2024-01-02,9285
00650L,復華香港正2,852,0,852,凱基-中壢,2024-01-03,9285
00715L,期街口布蘭特正2,687,2,685,凱基-中壢,2024-01-03,9285
00929,復華台灣科技優息,598,42,556,凱基-中壢,2024-01-03,9285
00933B,國泰10Y+金融債,232,0,232,凱基-中壢,2024-01-03,9285
2618,長榮航,191,82,109,凱基-中壢,2024-01-03,9285
0056,元大高股息,136,40,96,凱基-中壢,2024-01-03,9285
00937B,群益ESG投等債20,94,5,89,凱基-中壢,2024-01-03,9285
00680L,元大美債20正2,111,24,87,凱基-中壢,2024-01-03,9285
4157,太景*-KY,80,0,80,凱基-中壢,2024-01-03,9285
2405,輔信,84,12,72,凱基-中壢,2024-01-03,9285
00934,中信成長高股息,80,12,68,凱基-中壢,2024-01-03,9285
2615,萬海,76,25,51,凱基-中壢,2024-01-03,9285
2002,中鋼,52,2,50,凱基-中壢,2024-01-03,9285
3390,旭軟,128,79,49,凱基-中壢,2024-01-03,9285
9934,成霖,49,5,44,凱基-中壢,2024-01-03,9285
2486,一詮,70,30,40,凱基-中壢,2024-01-03,9285
00632R,元大台灣50反1,48,9,39,凱基-中壢,2024-01-03,9285
00935,野村臺灣新科技50,39,0,39,凱基-中壢,2024-01-03,9285
8096,擎亞,37,5,32,凱基-中壢,2024-01-03,9285
00881,國泰台灣5G+,34,4,30,凱基-中壢,2024-01-03,9285
2736,富野,32,2,30,凱基-中壢,2024-01-03,9285
2211,長榮鋼,29,0,29,凱基-中壢,2024-01-03,9285
2458,義隆,30,1,29,凱基-中壢,2024-01-03,9285
6164,華興,31,3,28,凱基-中壢,2024-01-03,9285
3221,台嘉碩,36,9,27,凱基-中壢,2024-01-03,9285
3024,憶聲,35,9,26,凱基-中壢,2024-01-03,9285
3346,麗清,26,0,26,凱基-中壢,2024-01-03,9285
2330,台積電,32,7,25,凱基-中壢,2024-01-03,9285
00753L,中信中國50正2,25,0,25,凱基-中壢,2024-01-03,9285
2603,長榮,55,30,25,凱基-中壢,2024-01-03,9285
00919,群益台灣精選高息,149,124,25,凱基-中壢,2024-01-03,9285
6770,力積電,24,0,24,凱基-中壢,2024-01-03,9285
8086,宏捷科,28,4,24,凱基-中壢,2024-01-03,9285
2509,全坤建,24,0,24,凱基-中壢,2024-01-03,9285
6835,圓裕,24,1,23,凱基-中壢,2024-01-03,9285
3504,揚明光,25,3,22,凱基-中壢,2024-01-03,9285
5426,振發,47,26,21,凱基-中壢,2024-01-03,9285
2023,燁輝,21,0,21,凱基-中壢,2024-01-03,9285
6695,芯鼎,61,40,21,凱基-中壢,2024-01-03,9285
2883,凱基金,25,5,20,凱基-中壢,2024-01-03,9285
5202,力新,20,0,20,凱基-中壢,2024-01-03,9285
5351,鈺創,21,1,20,凱基-中壢,2024-01-03,9285
3530,晶相光,20,1,19,凱基-中壢,2024-01-03,9285
2485,兆赫,19,0,19,凱基-中壢,2024-01-03,9285
1301,台塑,19,0,19,凱基-中壢,2024-01-03,9285
2882,國泰金,20,2,18,凱基-中壢,2024-01-03,9285
2022,聚亨,18,0,18,凱基-中壢,2024-01-03,9285
3702,大聯大,18,0,18,凱基-中壢,2024-01-03,9285
3264,欣銓,18,0,18,凱基-中壢,2024-01-03,9285
1310,台苯,18,0,18,凱基-中壢,2024-01-03,9285
2323,中環,401,0,401,凱基-中壢,2024-01-04,9285
00929,復華台灣科技優息,386,10,376,凱基-中壢,2024-01-04,9285
00637L,元大滬深300正2,430,70,360,凱基-中壢,2024-01-04,9285
00937B,群益ESG投等債20,184,0,184,凱基-中壢,2024-01-04,9285
00927,群益半導體收益,93,0,93,凱基-中壢,2024-01-04,9285
9105,泰金寶-DR,88,0,88,凱基-中壢,2024-01-04,9285
2457,飛宏,85,1,84,凱基-中壢,2024-01-04,9285
3390,旭軟,123,42,81,凱基-中壢,2024-01-04,9285
00878,國泰永續高股息,85,12,73,凱基-中壢,2024-01-04,9285
1618,合機,77,11,66,凱基-中壢,2024-01-04,9285
00720B,元大投資級公司債,68,2,66,凱基-中壢,2024-01-04,9285
6120,達運,54,0,54,凱基-中壢,2024-01-04,9285
00772B,中信高評級公司債,52,0,52,凱基-中壢,2024-01-04,9285
2353,宏��,148,105,43,凱基-中壢,2024-01-04,9285
8086,宏捷科,52,11,41,凱基-中壢,2024-01-04,9285
2527,宏璟,40,2,38,凱基-中壢,2024-01-04,9285
1815,富喬,42,5,37,凱基-中壢,2024-01-04,9285
0056,元大高股息,68,32,36,凱基-中壢,2024-01-04,9285
2365,昆盈,60,25,35,凱基-中壢,2024-01-04,9285
2206,三陽工業,39,7,32,凱基-中壢,2024-01-04,9285
4414,如興,30,0,30,凱基-中壢,2024-01-04,9285
00934,中信成長高股息,30,0,30,凱基-中壢,2024-01-04,9285
2443,昶虹,39,10,29,凱基-中壢,2024-01-04,9285
2641,正德,45,18,27,凱基-中壢,2024-01-04,9285
2027,大成鋼,26,0,26,凱基-中壢,2024-01-04,9285
00919,群益台灣精選高息,32,6,26,凱基-中壢,2024-01-04,9285
3025,星通,26,0,26,凱基-中壢,2024-01-04,9285
6416,瑞祺電通,33,8,25,凱基-中壢,2024-01-04,9285
00712,復華富時不動產,34,9,25,凱基-中壢,2024-01-04,9285
6243,迅杰,27,2,25,凱基-中壢,2024-01-04,9285
2405,輔信,23,0,23,凱基-中壢,2024-01-04,9285
00882,中信中國高股息,22,0,22,凱基-中壢,2024-01-04,9285
6140,訊達,51,29,22,凱基-中壢,2024-01-04,9285
3171,炎洲流通,22,0,22,凱基-中壢,2024-01-04,9285
9938,百和,20,0,20,凱基-中壢,2024-01-04,9285
8064,東捷,20,0,20,凱基-中壢,2024-01-04,9285
6770,力積電,20,0,20,凱基-中壢,2024-01-04,9285
2834,臺企銀,20,0,20,凱基-中壢,2024-01-04,9285
2413,環科,19,0,19,凱基-中壢,2024-01-04,9285
3037,欣興,21,2,19,凱基-中壢,2024-01-04,9285
3217,優群,21,3,18,凱基-中壢,2024-01-04,9285
2312,金寶,27,9,18,凱基-中壢,2024-01-04,9285
1308,亞聚,17,0,17,凱基-中壢,2024-01-04,9285
00680L,元大美債20正2,24,7,17,凱基-中壢,2024-01-04,9285
3231,緯創,59,42,17,凱基-中壢,2024-01-04,9285
2412,中華電,16,0,16,凱基-中壢,2024-01-04,9285
2303,聯電,30,15,15,凱基-中壢,2024-01-04,9285
00915,凱基優選高股息30,14,0,14,凱基-中壢,2024-01-04,9285
8034,榮群,15,1,14,凱基-中壢,2024-01-04,9285
3338,泰碩,15,1,14,凱基-中壢,2024-01-04,9285
00929,復華台灣科技優息,289,51,238,凱基-中壢,2024-01-05,9285
00937B,群益ESG投等債20,176,20,156,凱基-中壢,2024-01-05,9285
3041,揚智,103,0,103,凱基-中壢,2024-01-05,9285
2618,長榮航,182,82,100,凱基-中壢,2024-01-05,9285
0056,元大高股息,84,3,81,凱基-中壢,2024-01-05,9285
00680L,元大美債20正2,82,5,77,凱基-中壢,2024-01-05,9285
00919,群益台灣精選高息,89,15,74,凱基-中壢,2024-01-05,9285
2610,華航,79,15,64,凱基-中壢,2024-01-05,9285
2303,聯電,91,27,64,凱基-中壢,2024-01-05,9285
2609,陽明,171,113,58,凱基-中壢,2024-01-05,9285
00715L,期街口布蘭特正2,100,43,57,凱基-中壢,2024-01-05,9285
00931B,統一美債20年,56,0,56,凱基-中壢,2024-01-05,9285
4532,瑞智,51,0,51,凱基-中壢,2024-01-05,9285
2356,英業達,107,57,50,凱基-中壢,2024-01-05,9285
1732,毛寶,50,12,38,凱基-中壢,2024-01-05,9285
00878,國泰永續高股息,39,1,38,凱基-中壢,2024-01-05,9285
3576,聯合再生,56,20,36,凱基-中壢,2024-01-05,9285
00933B,國泰10Y+金融債,50,15,35,凱基-中壢,2024-01-05,9285
00712,復華富時不動產,34,0,34,凱基-中壢,2024-01-05,9285
2615,萬海,70,37,33,凱基-中壢,2024-01-05,9285
2601,益航,31,1,30,凱基-中壢,2024-01-05,9285
2607,榮運,80,56,24,凱基-中壢,2024-01-05,9285
2467,志聖,24,0,24,凱基-中壢,2024-01-05,9285
2892,第一金,30,9,21,凱基-中壢,2024-01-05,9285
6125,廣運,20,0,20,凱基-中壢,2024-01-05,9285
2834,臺企銀,20,0,20,凱基-中壢,2024-01-05,9285
00927,群益半導體收益,19,0,19,凱基-中壢,2024-01-05,9285
2329,華泰,45,26,19,凱基-中壢,2024-01-05,9285
00881,國泰台灣5G+,17,0,17,凱基-中壢,2024-01-05,9285
5465,富驊,17,0,17,凱基-中壢,2024-01-05,9285
00751B,元大AAA至A公司債,17,0,17,凱基-中壢,2024-01-05,9285
2362,藍天,21,4,17,凱基-中壢,2024-01-05,9285
1528,恩德,16,0,16,凱基-中壢,2024-01-05,9285
4968,立積,16,0,16,凱基-中壢,2024-01-05,9285
8081,致新,16,0,16,凱基-中壢,2024-01-05,9285
3037,欣興,16,1,15,凱基-中壢,2024-01-05,9285
4979,華星光,23,8,15,凱基-中壢,2024-01-05,9285
9945,潤泰新,16,1,15,凱基-中壢,2024-01-05,9285
8213,志超,15,0,15,凱基-中壢,2024-01-05,9285
1109,信大,15,0,15,凱基-中壢,2024-01-05,9285
00688L,國泰20年美債正2,23,8,15,凱基-中壢,2024-01-05,9285
2014,中鴻,15,0,15,凱基-中壢,2024-01-05,9285
3543,州巧,15,0,15,凱基-中壢,2024-01-05,9285
1618,合機,27,13,14,凱基-中壢,2024-01-05,9285
2331,精英,19,5,14,凱基-中壢,2024-01-05,9285
2312,金寶,30,16,14,凱基-中壢,2024-01-05,9285
00935,野村臺灣新科技50,13,0,13,凱基-中壢,2024-01-05,9285
2603,長榮,39,27,12,凱基-中壢,2024-01-05,9285
00915,凱基優選高股息30,22,10,12,凱基-中壢,2024-01-05,9285
2201,裕隆,13,1,12,凱基-中壢,2024-01-05,9285
00637L,元大滬深300正2,641,65,576,凱基-中壢,2024-01-08,9285
00929,復華台灣科技優息,517,14,503,凱基-中壢,2024-01-08,9285
2609,陽明,215,58,157,凱基-中壢,2024-01-08,9285
8105,凌巨,117,6,111,凱基-中壢,2024-01-08,9285
00673R,期元大S＆P原油反1,102,0,102,凱基-中壢,2024-01-08,9285
00937B,群益ESG投等債20,119,18,101,凱基-中壢,2024-01-08,9285
6770,力積電,129,30,99,凱基-中壢,2024-01-08,9285
00919,群益台灣精選高息,106,12,94,凱基-中壢,2024-01-08,9285
5213,亞昕,85,0,85,凱基-中壢,2024-01-08,9285
2537,聯上發,91,30,61,凱基-中壢,2024-01-08,9285
0056,元大高股息,77,18,59,凱基-中壢,2024-01-08,9285
00650L,復華香港正2,56,0,56,凱基-中壢,2024-01-08,9285
9105,泰金寶-DR,51,0,51,凱基-中壢,2024-01-08,9285
2344,華邦電,53,4,49,凱基-中壢,2024-01-08,9285
00753L,中信中國50正2,58,10,48,凱基-中壢,2024-01-08,9285
00665L,富邦�琤肭磪囓�2,47,0,47,凱基-中壢,2024-01-08,9285
2615,萬海,60,20,40,凱基-中壢,2024-01-08,9285
00915,凱基優選高股息30,38,0,38,凱基-中壢,2024-01-08,9285
00688L,國泰20年美債正2,38,0,38,凱基-中壢,2024-01-08,9285
00680L,元大美債20正2,37,1,36,凱基-中壢,2024-01-08,9285
2618,長榮航,77,42,35,凱基-中壢,2024-01-08,9285
1582,信錦,34,0,34,凱基-中壢,2024-01-08,9285
00679B,元大美債20年,48,16,32,凱基-中壢,2024-01-08,9285
2303,聯電,51,19,32,凱基-中壢,2024-01-08,9285
2317,鴻海,31,1,30,凱基-中壢,2024-01-08,9285
3491,昇達科,30,1,29,凱基-中壢,2024-01-08,9285
00885,富邦越南,34,5,29,凱基-中壢,2024-01-08,9285
2606,裕民,26,0,26,凱基-中壢,2024-01-08,9285
2603,長榮,41,17,24,凱基-中壢,2024-01-08,9285
1101,台泥,25,1,24,凱基-中壢,2024-01-08,9285
3576,聯合再生,23,0,23,凱基-中壢,2024-01-08,9285
00632R,元大台灣50反1,22,0,22,凱基-中壢,2024-01-08,9285
00633L,富邦上証正2,40,19,21,凱基-中壢,2024-01-08,9285
1319,東陽,20,0,20,凱基-中壢,2024-01-08,9285
5398,慕康生醫,20,0,20,凱基-中壢,2024-01-08,9285
4414,如興,20,0,20,凱基-中壢,2024-01-08,9285
4908,前鼎,19,1,18,凱基-中壢,2024-01-08,9285
00882,中信中國高股息,35,18,17,凱基-中壢,2024-01-08,9285
2882,國泰金,21,4,17,凱基-中壢,2024-01-08,9285
2489,瑞軒,20,4,16,凱基-中壢,2024-01-08,9285
00770,國泰北美科技,16,0,16,凱基-中壢,2024-01-08,9285
3390,旭軟,126,110,16,凱基-中壢,2024-01-08,9285
00712,復華富時不動產,15,0,15,凱基-中壢,2024-01-08,9285
2867,三商壽,15,0,15,凱基-中壢,2024-01-08,9285
2388,威盛,35,20,15,凱基-中壢,2024-01-08,9285
2405,輔信,20,6,14,凱基-中壢,2024-01-08,9285
1603,華電,14,0,14,凱基-中壢,2024-01-08,9285
2353,宏��,77,64,13,凱基-中壢,2024-01-08,9285
00751B,元大AAA至A公司債,13,0,13,凱基-中壢,2024-01-08,9285
3711,日月光投控,17,4,13,凱基-中壢,2024-01-08,9285
2891,中信金,396,0,396,凱基-中壢,2024-01-09,9285
00929,復華台灣科技優息,452,91,361,凱基-中壢,2024-01-09,9285
00919,群益台灣精選高息,256,19,237,凱基-中壢,2024-01-09,9285
00715L,期街口布蘭特正2,175,10,165,凱基-中壢,2024-01-09,9285
2609,陽明,267,131,136,凱基-中壢,2024-01-09,9285
2353,宏��,153,61,92,凱基-中壢,2024-01-09,9285
00937B,群益ESG投等債20,114,29,85,凱基-中壢,2024-01-09,9285
00933B,國泰10Y+金融債,73,0,73,凱基-中壢,2024-01-09,9285
2457,飛宏,82,12,70,凱基-中壢,2024-01-09,9285
00680L,元大美債20正2,60,1,59,凱基-中壢,2024-01-09,9285
2913,農林,59,2,57,凱基-中壢,2024-01-09,9285
3041,揚智,58,5,53,凱基-中壢,2024-01-09,9285
00687B,國泰20年美債,51,2,49,凱基-中壢,2024-01-09,9285
6770,力積電,65,24,41,凱基-中壢,2024-01-09,9285
2329,華泰,64,25,39,凱基-中壢,2024-01-09,9285
8039,台虹,37,0,37,凱基-中壢,2024-01-09,9285
2308,台達電,34,0,34,凱基-中壢,2024-01-09,9285
00679B,元大美債20年,52,19,33,凱基-中壢,2024-01-09,9285
2606,裕民,32,2,30,凱基-中壢,2024-01-09,9285
3260,威剛,27,0,27,凱基-中壢,2024-01-09,9285
2014,中鴻,76,50,26,凱基-中壢,2024-01-09,9285
2324,仁寶,40,15,25,凱基-中壢,2024-01-09,9285
2022,聚亨,25,0,25,凱基-中壢,2024-01-09,9285
5213,亞昕,25,0,25,凱基-中壢,2024-01-09,9285
2356,英業達,107,83,24,凱基-中壢,2024-01-09,9285
00720B,元大投資級公司債,27,5,22,凱基-中壢,2024-01-09,9285
00881,國泰台灣5G+,22,1,21,凱基-中壢,2024-01-09,9285
3025,星通,106,85,21,凱基-中壢,2024-01-09,9285
9934,成霖,20,0,20,凱基-中壢,2024-01-09,9285
00688L,國泰20年美債正2,20,0,20,凱基-中壢,2024-01-09,9285
2002,中鋼,25,6,19,凱基-中壢,2024-01-09,9285
2371,大同,43,24,19,凱基-中壢,2024-01-09,9285
2027,大成鋼,22,3,19,凱基-中壢,2024-01-09,9285
2489,瑞軒,20,1,19,凱基-中壢,2024-01-09,9285
00642U,期元大S＆P石油,18,0,18,凱基-中壢,2024-01-09,9285
1301,台塑,18,0,18,凱基-中壢,2024-01-09,9285
2426,鼎元,17,0,17,凱基-中壢,2024-01-09,9285
2617,台航,17,0,17,凱基-中壢,2024-01-09,9285
2883,凱基金,16,0,16,凱基-中壢,2024-01-09,9285
00900,富邦特選高股息30,16,0,16,凱基-中壢,2024-01-09,9285
2344,華邦電,19,4,15,凱基-中壢,2024-01-09,9285
3231,緯創,70,55,15,凱基-中壢,2024-01-09,9285
2603,長榮,54,39,15,凱基-中壢,2024-01-09,9285
2303,聯電,35,22,13,凱基-中壢,2024-01-09,9285
2615,萬海,79,67,12,凱基-中壢,2024-01-09,9285
2317,鴻海,16,4,12,凱基-中壢,2024-01-09,9285
00915,凱基優選高股息30,13,1,12,凱基-中壢,2024-01-09,9285
00918,大華優利高填息30,22,10,12,凱基-中壢,2024-01-09,9285
3508,位速,12,0,12,凱基-中壢,2024-01-09,9285
4916,事欣科,12,0,12,凱基-中壢,2024-01-09,9285
00937B,群益ESG投等債20,554,0,554,凱基-中壢,2024-01-10,9285
00637L,元大滬深300正2,443,35,408,凱基-中壢,2024-01-10,9285
00665L,富邦�琤肭磪囓�2,406,0,406,凱基-中壢,2024-01-10,9285
00929,復華台灣科技優息,299,13,286,凱基-中壢,2024-01-10,9285
0056,元大高股息,168,8,160,凱基-中壢,2024-01-10,9285
00919,群益台灣精選高息,139,46,93,凱基-中壢,2024-01-10,9285
00933B,國泰10Y+金融債,87,9,78,凱基-中壢,2024-01-10,9285
8011,台通,74,12,62,凱基-中壢,2024-01-10,9285
9941,裕融,61,3,58,凱基-中壢,2024-01-10,9285
2027,大成鋼,53,0,53,凱基-中壢,2024-01-10,9285
2609,陽明,128,76,52,凱基-中壢,2024-01-10,9285
2610,華航,66,17,49,凱基-中壢,2024-01-10,9285
6668,中揚光,41,0,41,凱基-中壢,2024-01-10,9285
00680L,元大美債20正2,37,0,37,凱基-中壢,2024-01-10,9285
4909,新復興,36,2,34,凱基-中壢,2024-01-10,9285
2303,聯電,45,15,30,凱基-中壢,2024-01-10,9285
6164,華興,30,1,29,凱基-中壢,2024-01-10,9285
2618,長榮航,50,22,28,凱基-中壢,2024-01-10,9285
2615,萬海,38,11,27,凱基-中壢,2024-01-10,9285
2353,宏��,90,63,27,凱基-中壢,2024-01-10,9285
2301,光寶科,28,3,25,凱基-中壢,2024-01-10,9285
2324,仁寶,32,8,24,凱基-中壢,2024-01-10,9285
2312,金寶,29,5,24,凱基-中壢,2024-01-10,9285
2892,第一金,20,0,20,凱基-中壢,2024-01-10,9285
2317,鴻海,23,3,20,凱基-中壢,2024-01-10,9285
1528,恩德,17,0,17,凱基-中壢,2024-01-10,9285
2344,華邦電,17,1,16,凱基-中壢,2024-01-10,9285
6261,久元,17,1,16,凱基-中壢,2024-01-10,9285
2329,華泰,47,31,16,凱基-中壢,2024-01-10,9285
5213,亞昕,15,0,15,凱基-中壢,2024-01-10,9285
2423,固緯,16,1,15,凱基-中壢,2024-01-10,9285
1718,中纖,16,2,14,凱基-中壢,2024-01-10,9285
3576,聯合再生,13,0,13,凱基-中壢,2024-01-10,9285
2206,三陽工業,13,0,13,凱基-中壢,2024-01-10,9285
2606,裕民,13,0,13,凱基-中壢,2024-01-10,9285
9951,皇田,13,0,13,凱基-中壢,2024-01-10,9285
00904,新光臺灣半導體30,13,0,13,凱基-中壢,2024-01-10,9285
2467,志聖,16,3,13,凱基-中壢,2024-01-10,9285
3024,憶聲,14,1,13,凱基-中壢,2024-01-10,9285
3264,欣銓,13,0,13,凱基-中壢,2024-01-10,9285
00679B,元大美債20年,15,3,12,凱基-中壢,2024-01-10,9285
3231,緯創,38,26,12,凱基-中壢,2024-01-10,9285
2630,亞航,18,6,12,凱基-中壢,2024-01-10,9285
2337,旺宏,12,0,12,凱基-中壢,2024-01-10,9285
3390,旭軟,75,63,12,凱基-中壢,2024-01-10,9285
1101,台泥,11,0,11,凱基-中壢,2024-01-10,9285
2801,彰銀,11,0,11,凱基-中壢,2024-01-10,9285
6116,彩晶,11,0,11,凱基-中壢,2024-01-10,9285
911868,同方友友-DR,11,0,11,凱基-中壢,2024-01-10,9285
2543,皇昌,18,7,11,凱基-中壢,2024-01-10,9285
00929,復華台灣科技優息,189,10,179,凱基-中壢,2024-01-11,9285
00933B,國泰10Y+金融債,138,0,138,凱基-中壢,2024-01-11,9285
6120,達運,235,100,135,凱基-中壢,2024-01-11,9285
00919,群益台灣精選高息,173,51,122,凱基-中壢,2024-01-11,9285
00715L,期街口布蘭特正2,114,0,114,凱基-中壢,2024-01-11,9285
9951,皇田,126,12,114,凱基-中壢,2024-01-11,9285
00927,群益半導體收益,101,0,101,凱基-中壢,2024-01-11,9285
2408,南亞科,84,0,84,凱基-中壢,2024-01-11,9285
4908,前鼎,90,27,63,凱基-中壢,2024-01-11,9285
1514,亞力,60,2,58,凱基-中壢,2024-01-11,9285
2353,宏��,191,141,50,凱基-中壢,2024-01-11,9285
00688L,國泰20年美債正2,45,0,45,凱基-中壢,2024-01-11,9285
00930,永豐ESG低碳高息,36,0,36,凱基-中壢,2024-01-11,9285
8096,擎亞,46,10,36,凱基-中壢,2024-01-11,9285
2344,華邦電,34,1,33,凱基-中壢,2024-01-11,9285
2449,京元電子,36,5,31,凱基-中壢,2024-01-11,9285
6695,芯鼎,76,48,28,凱基-中壢,2024-01-11,9285
4956,光鋐,200,173,27,凱基-中壢,2024-01-11,9285
3287,廣寰科,35,8,27,凱基-中壢,2024-01-11,9285
1519,華城,49,22,27,凱基-中壢,2024-01-11,9285
1301,台塑,26,1,25,凱基-中壢,2024-01-11,9285
0056,元大高股息,36,13,23,凱基-中壢,2024-01-11,9285
1513,中興電,22,1,21,凱基-中壢,2024-01-11,9285
2303,聯電,38,17,21,凱基-中壢,2024-01-11,9285
2317,鴻海,51,31,20,凱基-中壢,2024-01-11,9285
00712,復華富時不動產,30,10,20,凱基-中壢,2024-01-11,9285
2609,陽明,37,18,19,凱基-中壢,2024-01-11,9285
00904,新光臺灣半導體30,19,0,19,凱基-中壢,2024-01-11,9285
6125,廣運,21,3,18,凱基-中壢,2024-01-11,9285
6231,系微,19,1,18,凱基-中壢,2024-01-11,9285
00751B,元大AAA至A公司債,20,2,18,凱基-中壢,2024-01-11,9285
00687B,國泰20年美債,17,0,17,凱基-中壢,2024-01-11,9285
00679B,元大美債20年,17,0,17,凱基-中壢,2024-01-11,9285
1449,佳和,17,0,17,凱基-中壢,2024-01-11,9285
1325,恆大,20,3,17,凱基-中壢,2024-01-11,9285
2845,遠東銀,16,0,16,凱基-中壢,2024-01-11,9285
2610,華航,20,5,15,凱基-中壢,2024-01-11,9285
5880,合庫金,22,8,14,凱基-中壢,2024-01-11,9285
2329,華泰,64,50,14,凱基-中壢,2024-01-11,9285
2498,宏達電,18,4,14,凱基-中壢,2024-01-11,9285
6691,洋基工程,13,0,13,凱基-中壢,2024-01-11,9285
3006,晶豪科,15,3,12,凱基-中壢,2024-01-11,9285
6005,群益證,12,0,12,凱基-中壢,2024-01-11,9285
2543,皇昌,14,2,12,凱基-中壢,2024-01-11,9285
2885,元大金,12,0,12,凱基-中壢,2024-01-11,9285
2882,國泰金,15,3,12,凱基-中壢,2024-01-11,9285
2243,宏旭-KY,13,1,12,凱基-中壢,2024-01-11,9285
2537,聯上發,12,0,12,凱基-中壢,2024-01-11,9285
2365,昆盈,32,20,12,凱基-中壢,2024-01-11,9285
2405,輔信,22,10,12,凱基-中壢,2024-01-11,9285
00753L,中信中國50正2,425,0,425,凱基-中壢,2024-01-12,9285
00688L,國泰20年美債正2,211,30,181,凱基-中壢,2024-01-12,9285
00929,復華台灣科技優息,174,22,152,凱基-中壢,2024-01-12,9285
2891,中信金,117,5,112,凱基-中壢,2024-01-12,9285
00665L,富邦�琤肭磪囓�2,101,0,101,凱基-中壢,2024-01-12,9285
00650L,復華香港正2,95,0,95,凱基-中壢,2024-01-12,9285
00927,群益半導體收益,70,0,70,凱基-中壢,2024-01-12,9285
00720B,元大投資級公司債,68,5,63,凱基-中壢,2024-01-12,9285
00632R,元大台灣50反1,60,1,59,凱基-中壢,2024-01-12,9285
00919,群益台灣精選高息,83,25,58,凱基-中壢,2024-01-12,9285
6530,創威,68,11,57,凱基-中壢,2024-01-12,9285
2449,京元電子,59,5,54,凱基-中壢,2024-01-12,9285
00679B,元大美債20年,48,0,48,凱基-中壢,2024-01-12,9285
0056,元大高股息,44,3,41,凱基-中壢,2024-01-12,9285
00687B,國泰20年美債,36,0,36,凱基-中壢,2024-01-12,9285
1513,中興電,41,5,36,凱基-中壢,2024-01-12,9285
4529,淳紳,37,3,34,凱基-中壢,2024-01-12,9285
3025,星通,108,75,33,凱基-中壢,2024-01-12,9285
8150,南茂,33,3,30,凱基-中壢,2024-01-12,9285
2303,聯電,32,6,26,凱基-中壢,2024-01-12,9285
4909,新復興,57,31,26,凱基-中壢,2024-01-12,9285
2615,萬海,32,6,26,凱基-中壢,2024-01-12,9285
5426,振發,60,37,23,凱基-中壢,2024-01-12,9285
2329,華泰,65,43,22,凱基-中壢,2024-01-12,9285
00680L,元大美債20正2,21,0,21,凱基-中壢,2024-01-12,9285
2369,菱生,21,0,21,凱基-中壢,2024-01-12,9285
3520,華盈,20,0,20,凱基-中壢,2024-01-12,9285
9906,欣巴巴,20,0,20,凱基-中壢,2024-01-12,9285
5443,均豪,21,1,20,凱基-中壢,2024-01-12,9285
00933B,國泰10Y+金融債,23,4,19,凱基-中壢,2024-01-12,9285
3362,先進光,19,1,18,凱基-中壢,2024-01-12,9285
2890,永豐金,20,2,18,凱基-中壢,2024-01-12,9285
6276,安鈦克,19,1,18,凱基-中壢,2024-01-12,9285
6140,訊達,34,16,18,凱基-中壢,2024-01-12,9285
3227,原相,16,0,16,凱基-中壢,2024-01-12,9285
00637L,元大滬深300正2,68,52,16,凱基-中壢,2024-01-12,9285
2913,農林,20,4,16,凱基-中壢,2024-01-12,9285
00934,中信成長高股息,15,0,15,凱基-中壢,2024-01-12,9285
2331,精英,15,0,15,凱基-中壢,2024-01-12,9285
00725B,國泰投資級公司債,15,0,15,凱基-中壢,2024-01-12,9285
1313,聯成,15,0,15,凱基-中壢,2024-01-12,9285
2258,鴻華先進-創,15,0,15,凱基-中壢,2024-01-12,9285
00708L,期元大S＆P黃金正2,15,0,15,凱基-中壢,2024-01-12,9285
8096,擎亞,133,118,15,凱基-中壢,2024-01-12,9285
3499,環天科,14,0,14,凱基-中壢,2024-01-12,9285
00904,新光臺灣半導體30,13,0,13,凱基-中壢,2024-01-12,9285
5347,世界,15,2,13,凱基-中壢,2024-01-12,9285
3706,神達,23,10,13,凱基-中壢,2024-01-12,9285
6443,元晶,12,0,12,凱基-中壢,2024-01-12,9285
1605,華新,13,1,12,凱基-中壢,2024-01-12,9285
00937B,群益ESG投等債20,282,2,280,凱基-中壢,2024-01-15,9285
00929,復華台灣科技優息,391,151,240,凱基-中壢,2024-01-15,9285
00679B,元大美債20年,126,1,125,凱基-中壢,2024-01-15,9285
00936,台新永續高息中小,124,6,118,凱基-中壢,2024-01-15,9285
2610,華航,99,1,98,凱基-中壢,2024-01-15,9285
0056,元大高股息,100,4,96,凱基-中壢,2024-01-15,9285
1417,嘉裕,96,0,96,凱基-中壢,2024-01-15,9285
00687B,國泰20年美債,87,0,87,凱基-中壢,2024-01-15,9285
3231,緯創,180,106,74,凱基-中壢,2024-01-15,9285
2618,長榮航,120,56,64,凱基-中壢,2024-01-15,9285
00881,國泰台灣5G+,61,1,60,凱基-中壢,2024-01-15,9285
00688L,國泰20年美債正2,55,0,55,凱基-中壢,2024-01-15,9285
00712,復華富時不動產,55,3,52,凱基-中壢,2024-01-15,9285
2888,新光金,55,5,50,凱基-中壢,2024-01-15,9285
8936,國統,53,11,42,凱基-中壢,2024-01-15,9285
2883,凱基金,54,13,41,凱基-中壢,2024-01-15,9285
2356,英業達,61,25,36,凱基-中壢,2024-01-15,9285
2887,台新金,34,0,34,凱基-中壢,2024-01-15,9285
00933B,國泰10Y+金融債,84,51,33,凱基-中壢,2024-01-15,9285
2409,友達,64,32,32,凱基-中壢,2024-01-15,9285
8034,榮群,61,31,30,凱基-中壢,2024-01-15,9285
2317,鴻海,31,2,29,凱基-中壢,2024-01-15,9285
00927,群益半導體收益,38,10,28,凱基-中壢,2024-01-15,9285
6906,現觀科,28,0,28,凱基-中壢,2024-01-15,9285
2382,廣達,37,11,26,凱基-中壢,2024-01-15,9285
2603,長榮,66,40,26,凱基-中壢,2024-01-15,9285
4109,加捷生醫,24,0,24,凱基-中壢,2024-01-15,9285
1618,合機,24,2,22,凱基-中壢,2024-01-15,9285
1314,中石化,20,0,20,凱基-中壢,2024-01-15,9285
1529,樂事綠能,33,14,19,凱基-中壢,2024-01-15,9285
1524,耿鼎,21,2,19,凱基-中壢,2024-01-15,9285
2329,華泰,34,16,18,凱基-中壢,2024-01-15,9285
8112,至上,20,1,19,凱基-中壢,2024-01-15,9285
00720B,元大投資級公司債,19,1,18,凱基-中壢,2024-01-15,9285
2208,台船,23,6,17,凱基-中壢,2024-01-15,9285
00934,中信成長高股息,22,5,17,凱基-中壢,2024-01-15,9285
2328,廣宇,17,0,17,凱基-中壢,2024-01-15,9285
6770,力積電,20,4,16,凱基-中壢,2024-01-15,9285
3094,聯傑,16,0,16,凱基-中壢,2024-01-15,9285
6156,松上,14,0,14,凱基-中壢,2024-01-15,9285
2634,漢翔,21,7,14,凱基-中壢,2024-01-15,9285
2206,三陽工業,12,0,12,凱基-中壢,2024-01-15,9285
9105,泰金寶-DR,13,1,12,凱基-中壢,2024-01-15,9285
2884,玉山金,11,0,11,凱基-中壢,2024-01-15,9285
2337,旺宏,11,0,11,凱基-中壢,2024-01-15,9285
8928,鉅明,11,0,11,凱基-中壢,2024-01-15,9285
00680L,元大美債20正2,13,2,11,凱基-中壢,2024-01-15,9285
2892,第一金,10,0,10,凱基-中壢,2024-01-15,9285
1326,台化,10,0,10,凱基-中壢,2024-01-15,9285
9941,裕融,10,0,10,凱基-中壢,2024-01-15,9285
00929,復華台灣科技優息,233,22,211,凱基-中壢,2024-01-16,9285
4909,新復興,213,13,200,凱基-中壢,2024-01-16,9285
8096,擎亞,507,322,185,凱基-中壢,2024-01-16,9285
00632R,元大台灣50反1,137,4,133,凱基-中壢,2024-01-16,9285
0056,元大高股息,148,24,124,凱基-中壢,2024-01-16,9285
00753L,中信中國50正2,120,2,118,凱基-中壢,2024-01-16,9285
1101,台泥,130,15,115,凱基-中壢,2024-01-16,9285
00919,群益台灣精選高息,174,88,86,凱基-中壢,2024-01-16,9285
1417,嘉裕,84,0,84,凱基-中壢,2024-01-16,9285
1314,中石化,80,1,79,凱基-中壢,2024-01-16,9285
8936,國統,79,2,77,凱基-中壢,2024-01-16,9285
2486,一詮,120,44,76,凱基-中壢,2024-01-16,9285
2344,華邦電,73,3,70,凱基-中壢,2024-01-16,9285
2880,華南金,67,0,67,凱基-中壢,2024-01-16,9285
00888,永豐台灣ESG,65,0,65,凱基-中壢,2024-01-16,9285
00927,群益半導體收益,57,0,57,凱基-中壢,2024-01-16,9285
2014,中鴻,58,2,56,凱基-中壢,2024-01-16,9285
3481,群創,180,126,54,凱基-中壢,2024-01-16,9285
2882,國泰金,51,0,51,凱基-中壢,2024-01-16,9285
2481,強茂,51,1,50,凱基-中壢,2024-01-16,9285
00918,大華優利高填息30,59,10,49,凱基-中壢,2024-01-16,9285
1326,台化,57,9,48,凱基-中壢,2024-01-16,9285
00637L,元大滬深300正2,134,88,46,凱基-中壢,2024-01-16,9285
00933B,國泰10Y+金融債,46,1,45,凱基-中壢,2024-01-16,9285
2363,矽統,50,5,45,凱基-中壢,2024-01-16,9285
00915,凱基優選高股息30,44,4,40,凱基-中壢,2024-01-16,9285
6133,金橋,40,0,40,凱基-中壢,2024-01-16,9285
2889,國票金,40,0,40,凱基-中壢,2024-01-16,9285
1434,福懋,37,1,36,凱基-中壢,2024-01-16,9285
5880,合庫金,41,6,35,凱基-中壢,2024-01-16,9285
6906,現觀科,35,0,35,凱基-中壢,2024-01-16,9285
2883,凱基金,32,0,32,凱基-中壢,2024-01-16,9285
6443,元晶,35,3,32,凱基-中壢,2024-01-16,9285
2834,臺企銀,31,0,31,凱基-中壢,2024-01-16,9285
1513,中興電,34,3,31,凱基-中壢,2024-01-16,9285
2887,台新金,45,15,30,凱基-中壢,2024-01-16,9285
1609,大亞,67,37,30,凱基-中壢,2024-01-16,9285
2634,漢翔,28,1,27,凱基-中壢,2024-01-16,9285
1413,宏洲,27,0,27,凱基-中壢,2024-01-16,9285
2609,陽明,54,28,26,凱基-中壢,2024-01-16,9285
6695,芯鼎,116,92,24,凱基-中壢,2024-01-16,9285
9951,皇田,24,0,24,凱基-中壢,2024-01-16,9285
2367,燿華,23,0,23,凱基-中壢,2024-01-16,9285
6684,安格,61,38,23,凱基-中壢,2024-01-16,9285
3576,聯合再生,23,1,22,凱基-中壢,2024-01-16,9285
2892,第一金,21,0,21,凱基-中壢,2024-01-16,9285
3289,宜特,22,1,21,凱基-中壢,2024-01-16,9285
00720B,元大投資級公司債,22,3,19,凱基-中壢,2024-01-16,9285
2002,中鋼,31,13,18,凱基-中壢,2024-01-16,9285
2888,新光金,18,0,18,凱基-中壢,2024-01-16,9285
00650L,復華香港正2,525,12,513,凱基-中壢,2024-01-17,9285
00632R,元大台灣50反1,586,247,339,凱基-中壢,2024-01-17,9285
00929,復華台灣科技優息,457,185,272,凱基-中壢,2024-01-17,9285
00919,群益台灣精選高息,357,85,272,凱基-中壢,2024-01-17,9285
0056,元大高股息,322,79,243,凱基-中壢,2024-01-17,9285
00882,中信中國高股息,216,0,216,凱基-中壢,2024-01-17,9285
00679B,元大美債20年,211,4,207,凱基-中壢,2024-01-17,9285
00637L,元大滬深300正2,193,4,189,凱基-中壢,2024-01-17,9285
9951,皇田,137,0,137,凱基-中壢,2024-01-17,9285
00881,國泰台灣5G+,110,16,94,凱基-中壢,2024-01-17,9285
2344,華邦電,91,8,83,凱基-中壢,2024-01-17,9285
1314,中石化,80,0,80,凱基-中壢,2024-01-17,9285
00878,國泰永續高股息,101,21,80,凱基-中壢,2024-01-17,9285
0050,元大台灣50,79,0,79,凱基-中壢,2024-01-17,9285
2303,聯電,218,141,77,凱基-中壢,2024-01-17,9285
00665L,富邦�琤肭磪囓�2,72,0,72,凱基-中壢,2024-01-17,9285
00715L,期街口布蘭特正2,61,2,59,凱基-中壢,2024-01-17,9285
4909,新復興,69,13,56,凱基-中壢,2024-01-17,9285
2882,國泰金,56,3,53,凱基-中壢,2024-01-17,9285
00927,群益半導體收益,52,0,52,凱基-中壢,2024-01-17,9285
2610,華航,53,2,51,凱基-中壢,2024-01-17,9285
2027,大成鋼,49,0,49,凱基-中壢,2024-01-17,9285
2486,一詮,72,23,49,凱基-中壢,2024-01-17,9285
3576,聯合再生,59,10,49,凱基-中壢,2024-01-17,9285
2317,鴻海,63,17,46,凱基-中壢,2024-01-17,9285
6243,迅杰,154,113,41,凱基-中壢,2024-01-17,9285
1417,嘉裕,40,0,40,凱基-中壢,2024-01-17,9285
2002,中鋼,40,4,36,凱基-中壢,2024-01-17,9285
1101,台泥,52,17,35,凱基-中壢,2024-01-17,9285
2892,第一金,39,4,35,凱基-中壢,2024-01-17,9285
2481,強茂,35,0,35,凱基-中壢,2024-01-17,9285
3587,閎康,41,6,35,凱基-中壢,2024-01-17,9285
00918,大華優利高填息30,34,0,34,凱基-中壢,2024-01-17,9285
2886,兆豐金,37,2,35,凱基-中壢,2024-01-17,9285
2845,遠東銀,34,0,34,凱基-中壢,2024-01-17,9285
00922,國泰台灣領袖50,32,0,32,凱基-中壢,2024-01-17,9285
2887,台新金,42,10,32,凱基-中壢,2024-01-17,9285
5880,合庫金,31,0,31,凱基-中壢,2024-01-17,9285
6443,元晶,31,0,31,凱基-中壢,2024-01-17,9285
00904,新光臺灣半導體30,41,11,30,凱基-中壢,2024-01-17,9285
5213,亞昕,30,0,30,凱基-中壢,2024-01-17,9285
00687B,國泰20年美債,31,1,30,凱基-中壢,2024-01-17,9285
2867,三商壽,28,0,28,凱基-中壢,2024-01-17,9285
3694,海華,39,13,26,凱基-中壢,2024-01-17,9285
2461,光群雷,26,1,25,凱基-中壢,2024-01-17,9285
3712,永崴投控,25,1,24,凱基-中壢,2024-01-17,9285
00753L,中信中國50正2,25,2,23,凱基-中壢,2024-01-17,9285
1605,華新,25,2,23,凱基-中壢,2024-01-17,9285
6116,彩晶,22,0,22,凱基-中壢,2024-01-17,9285
5328,華容,35,13,22,凱基-中壢,2024-01-17,9285
00632R,元大台灣50反1,273,8,265,凱基-中壢,2024-01-18,9285
00929,復華台灣科技優息,239,110,129,凱基-中壢,2024-01-18,9285
00919,群益台灣精選高息,208,107,101,凱基-中壢,2024-01-18,9285
00637L,元大滬深300正2,286,195,91,凱基-中壢,2024-01-18,9285
2390,云辰,75,10,65,凱基-中壢,2024-01-18,9285
4909,新復興,81,17,64,凱基-中壢,2024-01-18,9285
6116,彩晶,59,8,51,凱基-中壢,2024-01-18,9285
2461,光群雷,50,0,50,凱基-中壢,2024-01-18,9285
2324,仁寶,56,7,49,凱基-中壢,2024-01-18,9285
00882,中信中國高股息,52,3,49,凱基-中壢,2024-01-18,9285
1101,台泥,49,2,47,凱基-中壢,2024-01-18,9285
0056,元大高股息,51,4,47,凱基-中壢,2024-01-18,9285
3576,聯合再生,42,0,42,凱基-中壢,2024-01-18,9285
2610,華航,44,6,38,凱基-中壢,2024-01-18,9285
2363,矽統,39,4,35,凱基-中壢,2024-01-18,9285
2634,漢翔,31,0,31,凱基-中壢,2024-01-18,9285
2460,建通,34,3,31,凱基-中壢,2024-01-18,9285
9951,皇田,31,0,31,凱基-中壢,2024-01-18,9285
3587,閎康,29,2,27,凱基-中壢,2024-01-18,9285
2308,台達電,24,0,24,凱基-中壢,2024-01-18,9285
00753L,中信中國50正2,22,0,22,凱基-中壢,2024-01-18,9285
3231,緯創,98,78,20,凱基-中壢,2024-01-18,9285
2002,中鋼,32,12,20,凱基-中壢,2024-01-18,9285
1513,中興電,23,3,20,凱基-中壢,2024-01-18,9285
2401,凌陽,21,1,20,凱基-中壢,2024-01-18,9285
6472,保瑞,32,12,20,凱基-中壢,2024-01-18,9285
00688L,國泰20年美債正2,18,0,18,凱基-中壢,2024-01-18,9285
2344,華邦電,27,9,18,凱基-中壢,2024-01-18,9285
5871,中租-KY,17,0,17,凱基-中壢,2024-01-18,9285
2883,凱基金,17,1,16,凱基-中壢,2024-01-18,9285
00680L,元大美債20正2,16,0,16,凱基-中壢,2024-01-18,9285
6906,現觀科,16,0,16,凱基-中壢,2024-01-18,9285
2337,旺宏,16,0,16,凱基-中壢,2024-01-18,9285
8096,擎亞,59,43,16,凱基-中壢,2024-01-18,9285
1301,台塑,18,2,16,凱基-中壢,2024-01-18,9285
9941,裕融,15,0,15,凱基-中壢,2024-01-18,9285
00683L,期元大美元指正2,15,0,15,凱基-中壢,2024-01-18,9285
2887,台新金,15,1,14,凱基-中壢,2024-01-18,9285
6179,亞通,20,6,14,凱基-中壢,2024-01-18,9285
2382,廣達,29,15,14,凱基-中壢,2024-01-18,9285
2329,華泰,63,50,13,凱基-中壢,2024-01-18,9285
00679B,元大美債20年,14,1,13,凱基-中壢,2024-01-18,9285
3583,辛耘,16,3,13,凱基-中壢,2024-01-18,9285
3025,星通,47,34,13,凱基-中壢,2024-01-18,9285
6668,中揚光,23,10,13,凱基-中壢,2024-01-18,9285
2377,微星,12,0,12,凱基-中壢,2024-01-18,9285
4906,正文,15,3,12,凱基-中壢,2024-01-18,9285
00770,國泰北美科技,13,1,12,凱基-中壢,2024-01-18,9285
3033,威健,14,2,12,凱基-中壢,2024-01-18,9285
5213,亞昕,30,18,12,凱基-中壢,2024-01-18,9285
00929,復華台灣科技優息,179,21,158,凱基-中壢,2024-01-19,9285
00632R,元大台灣50反1,657,514,143,凱基-中壢,2024-01-19,9285
00937B,群益ESG投等債20,108,0,108,凱基-中壢,2024-01-19,9285
00671R,富邦NASDAQ反1,106,0,106,凱基-中壢,2024-01-19,9285
2834,臺企銀,84,0,84,凱基-中壢,2024-01-19,9285
2618,長榮航,183,113,70,凱基-中壢,2024-01-19,9285
00688L,國泰20年美債正2,70,1,69,凱基-中壢,2024-01-19,9285
00665L,富邦�琤肭磪囓�2,68,0,68,凱基-中壢,2024-01-19,9285
00882,中信中國高股息,71,5,66,凱基-中壢,2024-01-19,9285
00919,群益台灣精選高息,92,36,56,凱基-中壢,2024-01-19,9285
3033,威健,51,1,50,凱基-中壢,2024-01-19,9285
00931B,統一美債20年,55,10,45,凱基-中壢,2024-01-19,9285
00935,野村臺灣新科技50,55,11,44,凱基-中壢,2024-01-19,9285
8040,九暘,63,19,44,凱基-中壢,2024-01-19,9285
00715L,期街口布蘭特正2,54,13,41,凱基-中壢,2024-01-19,9285
6695,芯鼎,49,11,38,凱基-中壢,2024-01-19,9285
6770,力積電,40,5,35,凱基-中壢,2024-01-19,9285
00650L,復華香港正2,35,0,35,凱基-中壢,2024-01-19,9285
0056,元大高股息,42,9,33,凱基-中壢,2024-01-19,9285
6177,達麗,33,0,33,凱基-中壢,2024-01-19,9285
1528,恩德,42,9,33,凱基-中壢,2024-01-19,9285
00857B,永豐20年美公債,32,0,32,凱基-中壢,2024-01-19,9285
00933B,國泰10Y+金融債,31,0,31,凱基-中壢,2024-01-19,9285
00904,新光臺灣半導體30,29,0,29,凱基-中壢,2024-01-19,9285
2353,宏��,40,13,27,凱基-中壢,2024-01-19,9285
1721,三晃,26,0,26,凱基-中壢,2024-01-19,9285
5521,工信,25,0,25,凱基-中壢,2024-01-19,9285
6285,啟��,38,14,24,凱基-中壢,2024-01-19,9285
2609,陽明,34,11,23,凱基-中壢,2024-01-19,9285
2887,台新金,29,6,23,凱基-中壢,2024-01-19,9285
2801,彰銀,22,0,22,凱基-中壢,2024-01-19,9285
2377,微星,22,0,22,凱基-中壢,2024-01-19,9285
3339,泰谷,22,0,22,凱基-中壢,2024-01-19,9285
2481,強茂,22,0,22,凱基-中壢,2024-01-19,9285
2610,華航,34,14,20,凱基-中壢,2024-01-19,9285
1417,嘉裕,20,0,20,凱基-中壢,2024-01-19,9285
9951,皇田,20,0,20,凱基-中壢,2024-01-19,9285
5213,亞昕,18,0,18,凱基-中壢,2024-01-19,9285
3066,李洲,18,0,18,凱基-中壢,2024-01-19,9285
5347,世界,21,4,17,凱基-中壢,2024-01-19,9285
2886,兆豐金,16,0,16,凱基-中壢,2024-01-19,9285
2883,凱基金,21,5,16,凱基-中壢,2024-01-19,9285
4906,正文,17,1,16,凱基-中壢,2024-01-19,9285
8489,三貝德,16,0,16,凱基-中壢,2024-01-19,9285
00751B,元大AAA至A公司債,17,1,16,凱基-中壢,2024-01-19,9285
00902,中信電池及儲能,15,0,15,凱基-中壢,2024-01-19,9285
2461,光群雷,15,0,15,凱基-中壢,2024-01-19,9285
00720B,元大投資級公司債,16,1,15,凱基-中壢,2024-01-19,9285
6667,信紘科,16,2,14,凱基-中壢,2024-01-19,9285
2002,中鋼,18,4,14,凱基-中壢,2024-01-19,9285
00650L,復華香港正2,332,0,332,凱基-中壢,2024-01-22,9285
00933B,國泰10Y+金融債,184,0,184,凱基-中壢,2024-01-22,9285
2867,三商壽,106,2,104,凱基-中壢,2024-01-22,9285
00665L,富邦�琤肭磪囓�2,96,0,96,凱基-中壢,2024-01-22,9285
00882,中信中國高股息,125,35,90,凱基-中壢,2024-01-22,9285
00680L,元大美債20正2,62,0,62,凱基-中壢,2024-01-22,9285
2401,凌陽,65,4,61,凱基-中壢,2024-01-22,9285
2324,仁寶,92,33,59,凱基-中壢,2024-01-22,9285
8096,擎亞,80,23,57,凱基-中壢,2024-01-22,9285
2609,陽明,95,39,56,凱基-中壢,2024-01-22,9285
6906,現觀科,55,1,54,凱基-中壢,2024-01-22,9285
00688L,國泰20年美債正2,51,3,48,凱基-中壢,2024-01-22,9285
1528,恩德,59,14,45,凱基-中壢,2024-01-22,9285
2618,長榮航,83,39,44,凱基-中壢,2024-01-22,9285
00937B,群益ESG投等債20,64,21,43,凱基-中壢,2024-01-22,9285
3025,星通,61,18,43,凱基-中壢,2024-01-22,9285
9105,泰金寶-DR,42,4,38,凱基-中壢,2024-01-22,9285
00919,群益台灣精選高息,151,115,36,凱基-中壢,2024-01-22,9285
3437,榮創,54,21,33,凱基-中壢,2024-01-22,9285
2887,台新金,32,0,32,凱基-中壢,2024-01-22,9285
1303,南亞,33,1,32,凱基-中壢,2024-01-22,9285
2353,宏��,51,21,30,凱基-中壢,2024-01-22,9285
2884,玉山金,26,0,26,凱基-中壢,2024-01-22,9285
3231,緯創,299,274,25,凱基-中壢,2024-01-22,9285
3362,先進光,24,0,24,凱基-中壢,2024-01-22,9285
00679B,元大美債20年,32,8,24,凱基-中壢,2024-01-22,9285
3580,友威科,24,0,24,凱基-中壢,2024-01-22,9285
00891,中信關鍵半導體,25,1,24,凱基-中壢,2024-01-22,9285
2834,臺企銀,23,0,23,凱基-中壢,2024-01-22,9285
1718,中纖,24,2,22,凱基-中壢,2024-01-22,9285
5452,佶優,22,2,20,凱基-中壢,2024-01-22,9285
2406,國碩,20,0,20,凱基-中壢,2024-01-22,9285
2614,東森,20,0,20,凱基-中壢,2024-01-22,9285
2316,楠梓電,32,12,20,凱基-中壢,2024-01-22,9285
0056,元大高股息,30,11,19,凱基-中壢,2024-01-22,9285
2882,國泰金,20,0,20,凱基-中壢,2024-01-22,9285
8069,元太,22,2,20,凱基-中壢,2024-01-22,9285
3265,台星科,19,2,17,凱基-中壢,2024-01-22,9285
3059,華晶科,20,3,17,凱基-中壢,2024-01-22,9285
3715,定穎投控,22,6,16,凱基-中壢,2024-01-22,9285
2344,華邦電,26,10,16,凱基-中壢,2024-01-22,9285
2371,大同,16,0,16,凱基-中壢,2024-01-22,9285
1618,合機,16,0,16,凱基-中壢,2024-01-22,9285
8201,無敵,16,0,16,凱基-中壢,2024-01-22,9285
3712,永崴投控,21,5,16,凱基-中壢,2024-01-22,9285
3227,原相,17,2,15,凱基-中壢,2024-01-22,9285
2906,高林,25,10,15,凱基-中壢,2024-01-22,9285
00687B,國泰20年美債,16,1,15,凱基-中壢,2024-01-22,9285
6134,萬旭,15,0,15,凱基-中壢,2024-01-22,9285
2504,國產,17,2,15,凱基-中壢,2024-01-22,9285
00637L,元大滬深300正2,249,5,244,凱基-中壢,2024-01-23,9285
9105,泰金寶-DR,210,0,210,凱基-中壢,2024-01-23,9285
00680L,元大美債20正2,79,0,79,凱基-中壢,2024-01-23,9285
00688L,國泰20年美債正2,76,0,76,凱基-中壢,2024-01-23,9285
00937B,群益ESG投等債20,85,10,75,凱基-中壢,2024-01-23,9285
00679B,元大美債20年,77,5,72,凱基-中壢,2024-01-23,9285
3041,揚智,82,14,68,凱基-中壢,2024-01-23,9285
00919,群益台灣精選高息,63,17,46,凱基-中壢,2024-01-23,9285
2405,輔信,46,0,46,凱基-中壢,2024-01-23,9285
6906,現觀科,56,12,44,凱基-中壢,2024-01-23,9285
2449,京元電子,45,2,43,凱基-中壢,2024-01-23,9285
5351,鈺創,50,7,43,凱基-中壢,2024-01-23,9285
2344,華邦電,52,14,38,凱基-中壢,2024-01-23,9285
00882,中信中國高股息,37,1,36,凱基-中壢,2024-01-23,9285
9941,裕融,36,0,36,凱基-中壢,2024-01-23,9285
2486,一詮,34,5,29,凱基-中壢,2024-01-23,9285
00720B,元大投資級公司債,24,0,24,凱基-中壢,2024-01-23,9285
1326,台化,25,1,24,凱基-中壢,2024-01-23,9285
2329,華泰,65,42,23,凱基-中壢,2024-01-23,9285
2324,仁寶,52,29,23,凱基-中壢,2024-01-23,9285
2886,兆豐金,22,0,22,凱基-中壢,2024-01-23,9285
6237,驊訊,63,41,22,凱基-中壢,2024-01-23,9285
3363,上詮,40,18,22,凱基-中壢,2024-01-23,9285
6218,豪勉,24,2,22,凱基-中壢,2024-01-23,9285
00687B,國泰20年美債,41,20,21,凱基-中壢,2024-01-23,9285
4945,陞達科技,20,0,20,凱基-中壢,2024-01-23,9285
8086,宏捷科,21,1,20,凱基-中壢,2024-01-23,9285
00773B,中信優先金融債,20,0,20,凱基-中壢,2024-01-23,9285
8068,全達,20,1,19,凱基-中壢,2024-01-23,9285
2401,凌陽,17,0,17,凱基-中壢,2024-01-23,9285
00936,台新永續高息中小,22,5,17,凱基-中壢,2024-01-23,9285
2457,飛宏,35,19,16,凱基-中壢,2024-01-23,9285
8936,國統,26,10,16,凱基-中壢,2024-01-23,9285
2002,中鋼,23,8,15,凱基-中壢,2024-01-23,9285
3587,閎康,15,0,15,凱基-中壢,2024-01-23,9285
6116,彩晶,38,23,15,凱基-中壢,2024-01-23,9285
00933B,國泰10Y+金融債,19,5,14,凱基-中壢,2024-01-23,9285
3059,華晶科,32,18,14,凱基-中壢,2024-01-23,9285
00673R,期元大S＆P原油反1,13,0,13,凱基-中壢,2024-01-23,9285
6127,九豪,13,0,13,凱基-中壢,2024-01-23,9285
2884,玉山金,13,0,13,凱基-中壢,2024-01-23,9285
2609,陽明,49,36,13,凱基-中壢,2024-01-23,9285
4543,萬在,12,0,12,凱基-中壢,2024-01-23,9285
6438,迅得,12,0,12,凱基-中壢,2024-01-23,9285
2402,毅嘉,12,0,12,凱基-中壢,2024-01-23,9285
4939,亞電,18,6,12,凱基-中壢,2024-01-23,9285
00751B,元大AAA至A公司債,11,0,11,凱基-中壢,2024-01-23,9285
1314,中石化,11,0,11,凱基-中壢,2024-01-23,9285
2915,潤泰全,11,0,11,凱基-中壢,2024-01-23,9285
6104,創惟,11,0,11,凱基-中壢,2024-01-23,9285
00632R,元大台灣50反1,700,3,697,凱基-中壢,2024-01-24,9285
00671R,富邦NASDAQ反1,201,0,201,凱基-中壢,2024-01-24,9285
00937B,群益ESG投等債20,201,0,201,凱基-中壢,2024-01-24,9285
00753L,中信中國50正2,128,20,108,凱基-中壢,2024-01-24,9285
2618,長榮航,136,30,106,凱基-中壢,2024-01-24,9285
00687B,國泰20年美債,105,0,105,凱基-中壢,2024-01-24,9285
00688L,國泰20年美債正2,104,0,104,凱基-中壢,2024-01-24,9285
2369,菱生,154,72,82,凱基-中壢,2024-01-24,9285
1809,中釉,82,16,66,凱基-中壢,2024-01-24,9285
00679B,元大美債20年,67,4,63,凱基-中壢,2024-01-24,9285
3055,蔚華科,102,52,50,凱基-中壢,2024-01-24,9285
2356,英業達,158,109,49,凱基-中壢,2024-01-24,9285
00933B,國泰10Y+金融債,51,2,49,凱基-中壢,2024-01-24,9285
6470,宇智,48,0,48,凱基-中壢,2024-01-24,9285
00665L,富邦�琤肭磪囓�2,85,40,45,凱基-中壢,2024-01-24,9285
2324,仁寶,61,17,44,凱基-中壢,2024-01-24,9285
3047,訊舟,60,18,42,凱基-中壢,2024-01-24,9285
00882,中信中國高股息,55,20,35,凱基-中壢,2024-01-24,9285
3607,谷崧,34,0,34,凱基-中壢,2024-01-24,9285
3437,榮創,68,34,34,凱基-中壢,2024-01-24,9285
2313,華通,55,23,32,凱基-中壢,2024-01-24,9285
00680L,元大美債20正2,30,0,30,凱基-中壢,2024-01-24,9285
3362,先進光,30,2,28,凱基-中壢,2024-01-24,9285
2887,台新金,24,0,24,凱基-中壢,2024-01-24,9285
8064,東捷,25,1,24,凱基-中壢,2024-01-24,9285
1101,台泥,28,5,23,凱基-中壢,2024-01-24,9285
4906,正文,22,1,21,凱基-中壢,2024-01-24,9285
1618,合機,20,0,20,凱基-中壢,2024-01-24,9285
1569,濱川,20,0,20,凱基-中壢,2024-01-24,9285
2208,台船,21,1,20,凱基-中壢,2024-01-24,9285
2883,凱基金,19,0,19,凱基-中壢,2024-01-24,9285
2409,友達,88,70,18,凱基-中壢,2024-01-24,9285
3231,緯創,63,46,17,凱基-中壢,2024-01-24,9285
3339,泰谷,18,1,17,凱基-中壢,2024-01-24,9285
2888,新光金,17,0,17,凱基-中壢,2024-01-24,9285
6237,驊訊,89,72,17,凱基-中壢,2024-01-24,9285
2329,華泰,48,32,16,凱基-中壢,2024-01-24,9285
2362,藍天,15,0,15,凱基-中壢,2024-01-24,9285
00737,國泰AI+Robo,15,0,15,凱基-中壢,2024-01-24,9285
8936,國統,30,15,15,凱基-中壢,2024-01-24,9285
2382,廣達,25,11,14,凱基-中壢,2024-01-24,9285
6265,方土昶,25,12,13,凱基-中壢,2024-01-24,9285
00715L,期街口布蘭特正2,75,62,13,凱基-中壢,2024-01-24,9285
8050,廣積,16,3,13,凱基-中壢,2024-01-24,9285
4938,和碩,18,6,12,凱基-中壢,2024-01-24,9285
2886,兆豐金,12,0,12,凱基-中壢,2024-01-24,9285
1432,大魯閣,12,0,12,凱基-中壢,2024-01-24,9285
5871,中租-KY,12,0,12,凱基-中壢,2024-01-24,9285
3576,聯合再生,17,5,12,凱基-中壢,2024-01-24,9285
3416,融程電,11,0,11,凱基-中壢,2024-01-24,9285
8096,擎亞,316,99,217,凱基-中壢,2024-01-25,9285
9105,泰金寶-DR,221,14,207,凱基-中壢,2024-01-25,9285
00687B,國泰20年美債,157,0,157,凱基-中壢,2024-01-25,9285
00632R,元大台灣50反1,194,66,128,凱基-中壢,2024-01-25,9285
2405,輔信,132,12,120,凱基-中壢,2024-01-25,9285
1528,恩德,91,10,81,凱基-中壢,2024-01-25,9285
00929,復華台灣科技優息,155,75,80,凱基-中壢,2024-01-25,9285
00753L,中信中國50正2,122,43,79,凱基-中壢,2024-01-25,9285
00918,大華優利高填息30,61,0,61,凱基-中壢,2024-01-25,9285
00679B,元大美債20年,52,0,52,凱基-中壢,2024-01-25,9285
00671R,富邦NASDAQ反1,50,0,50,凱基-中壢,2024-01-25,9285
00904,新光臺灣半導體30,57,11,46,凱基-中壢,2024-01-25,9285
2511,太子,40,0,40,凱基-中壢,2024-01-25,9285
4909,新復興,494,459,35,凱基-中壢,2024-01-25,9285
2887,台新金,37,2,35,凱基-中壢,2024-01-25,9285
2443,昶虹,34,2,32,凱基-中壢,2024-01-25,9285
1316,上曜,30,0,30,凱基-中壢,2024-01-25,9285
00688L,國泰20年美債正2,29,0,29,凱基-中壢,2024-01-25,9285
2369,菱生,30,2,28,凱基-中壢,2024-01-25,9285
6274,台燿,35,8,27,凱基-中壢,2024-01-25,9285
6108,競國,29,2,27,凱基-中壢,2024-01-25,9285
00664R,國泰臺灣加權反1,27,2,25,凱基-中壢,2024-01-25,9285
6140,訊達,38,15,23,凱基-中壢,2024-01-25,9285
1101,台泥,24,2,22,凱基-中壢,2024-01-25,9285
5426,振發,44,22,22,凱基-中壢,2024-01-25,9285
00878,國泰永續高股息,63,42,21,凱基-中壢,2024-01-25,9285
00919,群益台灣精選高息,29,8,21,凱基-中壢,2024-01-25,9285
4702,中美實,20,0,20,凱基-中壢,2024-01-25,9285
6168,宏齊,20,0,20,凱基-中壢,2024-01-25,9285
00857B,永豐20年美公債,20,0,20,凱基-中壢,2024-01-25,9285
4938,和碩,19,0,19,凱基-中壢,2024-01-25,9285
5223,安力-KY,18,0,18,凱基-中壢,2024-01-25,9285
8112,至上,17,1,16,凱基-中壢,2024-01-25,9285
1513,中興電,16,1,15,凱基-中壢,2024-01-25,9285
3231,緯創,114,99,15,凱基-中壢,2024-01-25,9285
3038,全台,21,7,14,凱基-中壢,2024-01-25,9285
00701,國泰股利精選30,14,0,14,凱基-中壢,2024-01-25,9285
2353,宏��,44,30,14,凱基-中壢,2024-01-25,9285
3587,閎康,15,1,14,凱基-中壢,2024-01-25,9285
2308,台達電,14,1,13,凱基-中壢,2024-01-25,9285
00937B,群益ESG投等債20,65,52,13,凱基-中壢,2024-01-25,9285
1312,國喬,12,0,12,凱基-中壢,2024-01-25,9285
2498,宏達電,12,0,12,凱基-中壢,2024-01-25,9285
1301,台塑,11,0,11,凱基-中壢,2024-01-25,9285
6782,視陽,11,0,11,凱基-中壢,2024-01-25,9285
2603,長榮,11,1,10,凱基-中壢,2024-01-25,9285
00720B,元大投資級公司債,10,0,10,凱基-中壢,2024-01-25,9285
00712,復華富時不動產,10,0,10,凱基-中壢,2024-01-25,9285
00680L,元大美債20正2,14,4,10,凱基-中壢,2024-01-25,9285
6117,迎廣,10,0,10,凱基-中壢,2024-01-25,9285
9105,泰金寶-DR,663,155,508,凱基-中壢,2024-01-26,9285
3360,尚立,285,51,234,凱基-中壢,2024-01-26,9285
00669R,國泰美國道瓊反1,200,0,200,凱基-中壢,2024-01-26,9285
00673R,期元大S＆P原油反1,164,20,144,凱基-中壢,2024-01-26,9285
2303,聯電,140,16,124,凱基-中壢,2024-01-26,9285
00679B,元大美債20年,117,0,117,凱基-中壢,2024-01-26,9285
00720B,元大投資級公司債,111,0,111,凱基-中壢,2024-01-26,9285
00915,凱基優選高股息30,101,0,101,凱基-中壢,2024-01-26,9285
00671R,富邦NASDAQ反1,80,0,80,凱基-中壢,2024-01-26,9285
00687B,國泰20年美債,67,0,67,凱基-中壢,2024-01-26,9285
00929,復華台灣科技優息,111,50,61,凱基-中壢,2024-01-26,9285
00918,大華優利高填息30,60,0,60,凱基-中壢,2024-01-26,9285
00665L,富邦�琤肭磪囓�2,90,32,58,凱基-中壢,2024-01-26,9285
3605,宏致,74,16,58,凱基-中壢,2024-01-26,9285
1528,恩德,80,24,56,凱基-中壢,2024-01-26,9285
6667,信紘科,55,4,51,凱基-中壢,2024-01-26,9285
6120,達運,68,17,51,凱基-中壢,2024-01-26,9285
1409,新纖,51,0,51,凱基-中壢,2024-01-26,9285
2845,遠東銀,50,0,50,凱基-中壢,2024-01-26,9285
2897,王道銀行,50,2,48,凱基-中壢,2024-01-26,9285
2353,宏��,79,32,47,凱基-中壢,2024-01-26,9285
1101,台泥,45,0,45,凱基-中壢,2024-01-26,9285
00937B,群益ESG投等債20,47,3,44,凱基-中壢,2024-01-26,9285
00680L,元大美債20正2,41,0,41,凱基-中壢,2024-01-26,9285
2371,大同,35,1,34,凱基-中壢,2024-01-26,9285
2324,仁寶,60,26,34,凱基-中壢,2024-01-26,9285
0056,元大高股息,44,11,33,凱基-中壢,2024-01-26,9285
2243,宏旭-KY,33,0,33,凱基-中壢,2024-01-26,9285
1513,中興電,36,4,32,凱基-中壢,2024-01-26,9285
00664R,國泰臺灣加權反1,40,13,27,凱基-中壢,2024-01-26,9285
1326,台化,28,1,27,凱基-中壢,2024-01-26,9285
00919,群益台灣精選高息,51,24,27,凱基-中壢,2024-01-26,9285
4529,淳紳,25,0,25,凱基-中壢,2024-01-26,9285
00751B,元大AAA至A公司債,25,0,25,凱基-中壢,2024-01-26,9285
3312,弘憶股,25,1,24,凱基-中壢,2024-01-26,9285
5426,振發,48,25,23,凱基-中壢,2024-01-26,9285
3231,緯創,104,82,22,凱基-中壢,2024-01-26,9285
2363,矽統,26,6,20,凱基-中壢,2024-01-26,9285
3535,晶彩科,68,50,18,凱基-中壢,2024-01-26,9285
2344,華邦電,46,28,18,凱基-中壢,2024-01-26,9285
4956,光鋐,26,9,17,凱基-中壢,2024-01-26,9285
8163,達方,16,0,16,凱基-中壢,2024-01-26,9285
00927,群益半導體收益,15,0,15,凱基-中壢,2024-01-26,9285
2609,陽明,22,7,15,凱基-中壢,2024-01-26,9285
5351,鈺創,15,0,15,凱基-中壢,2024-01-26,9285
00864B,中信美國公債0-1,15,0,15,凱基-中壢,2024-01-26,9285
2356,英業達,56,41,15,凱基-中壢,2024-01-26,9285
2457,飛宏,23,9,14,凱基-中壢,2024-01-26,9285
5469,瀚宇博,34,20,14,凱基-中壢,2024-01-26,9285
3035,智原,17,3,14,凱基-中壢,2024-01-26,9285
9105,泰金寶-DR,206,4,202,凱基-中壢,2024-01-29,9285
00937B,群益ESG投等債20,199,0,199,凱基-中壢,2024-01-29,9285
00673R,期元大S＆P原油反1,108,0,108,凱基-中壢,2024-01-29,9285
2303,聯電,103,1,102,凱基-中壢,2024-01-29,9285
00687B,國泰20年美債,88,22,66,凱基-中壢,2024-01-29,9285
2356,英業達,88,36,52,凱基-中壢,2024-01-29,9285
1316,上曜,31,0,31,凱基-中壢,2024-01-29,9285
1101,台泥,31,1,30,凱基-中壢,2024-01-29,9285
00680L,元大美債20正2,30,0,30,凱基-中壢,2024-01-29,9285
1303,南亞,31,2,29,凱基-中壢,2024-01-29,9285
2501,國建,29,0,29,凱基-中壢,2024-01-29,9285
1785,光洋科,30,2,28,凱基-中壢,2024-01-29,9285
2421,建準,74,47,27,凱基-中壢,2024-01-29,9285
00632R,元大台灣50反1,124,98,26,凱基-中壢,2024-01-29,9285
0056,元大高股息,32,7,25,凱基-中壢,2024-01-29,9285
00882,中信中國高股息,28,4,24,凱基-中壢,2024-01-29,9285
6462,神盾,32,11,21,凱基-中壢,2024-01-29,9285
2352,佳世達,39,18,21,凱基-中壢,2024-01-29,9285
2883,凱基金,23,2,21,凱基-中壢,2024-01-29,9285
00929,復華台灣科技優息,42,22,20,凱基-中壢,2024-01-29,9285
8027,鈦昇,20,0,20,凱基-中壢,2024-01-29,9285
00671R,富邦NASDAQ反1,50,30,20,凱基-中壢,2024-01-29,9285
9907,統一實,20,0,20,凱基-中壢,2024-01-29,9285
00665L,富邦�琤肭磪囓�2,18,0,18,凱基-中壢,2024-01-29,9285
4529,淳紳,18,0,18,凱基-中壢,2024-01-29,9285
00712,復華富時不動產,17,0,17,凱基-中壢,2024-01-29,9285
3576,聯合再生,17,0,17,凱基-中壢,2024-01-29,9285
3646,艾恩特,17,0,17,凱基-中壢,2024-01-29,9285
00751B,元大AAA至A公司債,62,45,17,凱基-中壢,2024-01-29,9285
6122,擎邦,17,0,17,凱基-中壢,2024-01-29,9285
00679B,元大美債20年,19,2,17,凱基-中壢,2024-01-29,9285
2884,玉山金,17,0,17,凱基-中壢,2024-01-29,9285
5484,慧友,18,3,15,凱基-中壢,2024-01-29,9285
6901,鑽石投資,15,0,15,凱基-中壢,2024-01-29,9285
6116,彩晶,16,2,14,凱基-中壢,2024-01-29,9285
00931B,統一美債20年,14,0,14,凱基-中壢,2024-01-29,9285
5388,中磊,14,1,13,凱基-中壢,2024-01-29,9285
00753L,中信中國50正2,13,0,13,凱基-中壢,2024-01-29,9285
3066,李洲,14,1,13,凱基-中壢,2024-01-29,9285
1301,台塑,14,1,13,凱基-中壢,2024-01-29,9285
8096,擎亞,55,42,13,凱基-中壢,2024-01-29,9285
2337,旺宏,12,0,12,凱基-中壢,2024-01-29,9285
00919,群益台灣精選高息,39,27,12,凱基-中壢,2024-01-29,9285
6505,台塑化,12,1,11,凱基-中壢,2024-01-29,9285
00720B,元大投資級公司債,11,0,11,凱基-中壢,2024-01-29,9285
1307,三芳,11,0,11,凱基-中壢,2024-01-29,9285
6546,正基,22,11,11,凱基-中壢,2024-01-29,9285
8086,宏捷科,17,6,11,凱基-中壢,2024-01-29,9285
6835,圓裕,11,0,11,凱基-中壢,2024-01-29,9285
2887,台新金,13,3,10,凱基-中壢,2024-01-29,9285
00637L,元大滬深300正2,952,15,937,凱基-中壢,2024-01-30,9285
00650L,復華香港正2,230,0,230,凱基-中壢,2024-01-30,9285
00937B,群益ESG投等債20,153,0,153,凱基-中壢,2024-01-30,9285
00680L,元大美債20正2,151,5,146,凱基-中壢,2024-01-30,9285
00688L,國泰20年美債正2,200,101,99,凱基-中壢,2024-01-30,9285
9907,統一實,90,0,90,凱基-中壢,2024-01-30,9285
00929,復華台灣科技優息,155,82,73,凱基-中壢,2024-01-30,9285
4909,新復興,79,6,73,凱基-中壢,2024-01-30,9285
3297,杭特,64,7,57,凱基-中壢,2024-01-30,9285
00687B,國泰20年美債,59,6,53,凱基-中壢,2024-01-30,9285
00933B,國泰10Y+金融債,49,0,49,凱基-中壢,2024-01-30,9285
6695,芯鼎,63,25,38,凱基-中壢,2024-01-30,9285
3038,全台,30,0,30,凱基-中壢,2024-01-30,9285
3522,御嵿,30,0,30,凱基-中壢,2024-01-30,9285
2609,陽明,34,6,28,凱基-中壢,2024-01-30,9285
2409,友達,27,0,27,凱基-中壢,2024-01-30,9285
00882,中信中國高股息,27,0,27,凱基-中壢,2024-01-30,9285
6770,力積電,26,2,24,凱基-中壢,2024-01-30,9285
6282,康舒,42,18,24,凱基-中壢,2024-01-30,9285
2014,中鴻,23,0,23,凱基-中壢,2024-01-30,9285
2492,華新科,21,0,21,凱基-中壢,2024-01-30,9285
00715L,期街口布蘭特正2,21,0,21,凱基-中壢,2024-01-30,9285
00679B,元大美債20年,19,0,19,凱基-中壢,2024-01-30,9285
2442,新美齊,20,1,19,凱基-中壢,2024-01-30,9285
5871,中租-KY,21,3,18,凱基-中壢,2024-01-30,9285
2421,建準,44,26,18,凱基-中壢,2024-01-30,9285
6465,威潤,22,5,17,凱基-中壢,2024-01-30,9285
2356,英業達,64,48,16,凱基-中壢,2024-01-30,9285
6125,廣運,20,4,16,凱基-中壢,2024-01-30,9285
2887,台新金,16,1,15,凱基-中壢,2024-01-30,9285
2308,台達電,15,1,14,凱基-中壢,2024-01-30,9285
3265,台星科,16,2,14,凱基-中壢,2024-01-30,9285
6235,華孚,14,1,13,凱基-中壢,2024-01-30,9285
4167,松瑞藥,13,0,13,凱基-中壢,2024-01-30,9285
3380,明泰,19,6,13,凱基-中壢,2024-01-30,9285
5880,合庫金,12,0,12,凱基-中壢,2024-01-30,9285
1522,堤維西,20,8,12,凱基-中壢,2024-01-30,9285
2412,中華電,12,0,12,凱基-中壢,2024-01-30,9285
6113,亞矽,32,20,12,凱基-中壢,2024-01-30,9285
4543,萬在,23,11,12,凱基-中壢,2024-01-30,9285
6165,浪凡,16,4,12,凱基-中壢,2024-01-30,9285
2344,華邦電,13,1,12,凱基-中壢,2024-01-30,9285
2002,中鋼,15,4,11,凱基-中壢,2024-01-30,9285
3715,定穎投控,41,30,11,凱基-中壢,2024-01-30,9285
2314,台揚,11,0,11,凱基-中壢,2024-01-30,9285
3694,海華,19,8,11,凱基-中壢,2024-01-30,9285
3587,閎康,11,0,11,凱基-中壢,2024-01-30,9285
2867,三商壽,11,1,10,凱基-中壢,2024-01-30,9285
2884,玉山金,11,1,10,凱基-中壢,2024-01-30,9285
2882,國泰金,10,0,10,凱基-中壢,2024-01-30,9285
00680L,元大美債20正2,181,0,181,凱基-中壢,2024-01-31,9285
00688L,國泰20年美債正2,152,30,122,凱基-中壢,2024-01-31,9285
8096,擎亞,144,31,113,凱基-中壢,2024-01-31,9285
3231,緯創,118,26,92,凱基-中壢,2024-01-31,9285
8059,凱碩,87,16,71,凱基-中壢,2024-01-31,9285
2369,菱生,87,22,65,凱基-中壢,2024-01-31,9285
4908,前鼎,88,24,64,凱基-中壢,2024-01-31,9285
00687B,國泰20年美債,60,2,58,凱基-中壢,2024-01-31,9285
6140,訊達,49,4,45,凱基-中壢,2024-01-31,9285
00933B,國泰10Y+金融債,51,6,45,凱基-中壢,2024-01-31,9285
00929,復華台灣科技優息,94,53,41,凱基-中壢,2024-01-31,9285
3360,尚立,197,157,40,凱基-中壢,2024-01-31,9285
6684,安格,52,13,39,凱基-中壢,2024-01-31,9285
00882,中信中國高股息,37,0,37,凱基-中壢,2024-01-31,9285
2303,聯電,46,10,36,凱基-中壢,2024-01-31,9285
00712,復華富時不動產,47,11,36,凱基-中壢,2024-01-31,9285
3580,友威科,33,1,32,凱基-中壢,2024-01-31,9285
3289,宜特,32,6,26,凱基-中壢,2024-01-31,9285
00937B,群益ESG投等債20,42,16,26,凱基-中壢,2024-01-31,9285
1301,台塑,25,0,25,凱基-中壢,2024-01-31,9285
2867,三商壽,25,0,25,凱基-中壢,2024-01-31,9285
2308,台達電,25,1,24,凱基-中壢,2024-01-31,9285
2888,新光金,23,0,23,凱基-中壢,2024-01-31,9285
2618,長榮航,57,34,23,凱基-中壢,2024-01-31,9285
1522,堤維西,21,0,21,凱基-中壢,2024-01-31,9285
9941,裕融,20,0,20,凱基-中壢,2024-01-31,9285
2356,英業達,43,23,20,凱基-中壢,2024-01-31,9285
3041,揚智,22,2,20,凱基-中壢,2024-01-31,9285
3339,泰谷,20,0,20,凱基-中壢,2024-01-31,9285
1718,中纖,20,0,20,凱基-中壢,2024-01-31,9285
2609,陽明,34,15,19,凱基-中壢,2024-01-31,9285
3581,博磊,20,2,18,凱基-中壢,2024-01-31,9285
8080,印鉐,20,2,18,凱基-中壢,2024-01-31,9285
4909,新復興,72,55,17,凱基-中壢,2024-01-31,9285
00931B,統一美債20年,16,0,16,凱基-中壢,2024-01-31,9285
2330,台積電,28,12,16,凱基-中壢,2024-01-31,9285
2382,廣達,28,12,16,凱基-中壢,2024-01-31,9285
3324,雙鴻,15,0,15,凱基-中壢,2024-01-31,9285
6124,業強,17,3,14,凱基-中壢,2024-01-31,9285
3545,敦泰,26,12,14,凱基-中壢,2024-01-31,9285
8040,九暘,22,8,14,凱基-中壢,2024-01-31,9285
2610,華航,14,1,13,凱基-中壢,2024-01-31,9285
6237,驊訊,90,77,13,凱基-中壢,2024-01-31,9285
6240,松崗,13,0,13,凱基-中壢,2024-01-31,9285
5210,寶碩,14,1,13,凱基-中壢,2024-01-31,9285
5426,振發,20,8,12,凱基-中壢,2024-01-31,9285
2461,光群雷,12,0,12,凱基-中壢,2024-01-31,9285
2727,王品,12,0,12,凱基-中壢,2024-01-31,9285
00679B,元大美債20年,16,4,12,凱基-中壢,2024-01-31,9285
2421,建準,25,14,11,凱基-中壢,2024-01-31,9285
3294,英濟,138,5,133,凱基-中壢,2024-02-01,9285
3481,群創,149,21,128,凱基-中壢,2024-02-01,9285
9105,泰金寶-DR,121,5,116,凱基-中壢,2024-02-01,9285
00715L,期街口布蘭特正2,110,2,108,凱基-中壢,2024-02-01,9285
8011,台通,104,0,104,凱基-中壢,2024-02-01,9285
2409,友達,113,15,98,凱基-中壢,2024-02-01,9285
00712,復華富時不動產,92,0,92,凱基-中壢,2024-02-01,9285
00937B,群益ESG投等債20,60,11,49,凱基-中壢,2024-02-01,9285
2303,聯電,56,11,45,凱基-中壢,2024-02-01,9285
00687B,國泰20年美債,50,9,41,凱基-中壢,2024-02-01,9285
00878,國泰永續高股息,57,17,40,凱基-中壢,2024-02-01,9285
6229,研通,57,25,32,凱基-中壢,2024-02-01,9285
6133,金橋,27,0,27,凱基-中壢,2024-02-01,9285
2486,一詮,57,31,26,凱基-中壢,2024-02-01,9285
1436,華友聯,25,0,25,凱基-中壢,2024-02-01,9285
3297,杭特,56,33,23,凱基-中壢,2024-02-01,9285
3038,全台,23,0,23,凱基-中壢,2024-02-01,9285
00650L,復華香港正2,23,0,23,凱基-中壢,2024-02-01,9285
3520,華盈,24,2,22,凱基-中壢,2024-02-01,9285
00882,中信中國高股息,22,0,22,凱基-中壢,2024-02-01,9285
3050,鈺德,39,18,21,凱基-中壢,2024-02-01,9285
00904,新光臺灣半導體30,20,0,20,凱基-中壢,2024-02-01,9285
00665L,富邦�琤肭磪囓�2,20,0,20,凱基-中壢,2024-02-01,9285
8150,南茂,20,0,20,凱基-中壢,2024-02-01,9285
2332,友訊,18,0,18,凱基-中壢,2024-02-01,9285
6120,達運,18,1,17,凱基-中壢,2024-02-01,9285
3543,州巧,19,2,17,凱基-中壢,2024-02-01,9285
2454,聯發科,18,1,17,凱基-中壢,2024-02-01,9285
3289,宜特,25,9,16,凱基-中壢,2024-02-01,9285
00919,群益台灣精選高息,29,13,16,凱基-中壢,2024-02-01,9285
3035,智原,19,4,15,凱基-中壢,2024-02-01,9285
1618,合機,18,4,14,凱基-中壢,2024-02-01,9285
3231,緯創,48,34,14,凱基-中壢,2024-02-01,9285
2356,英業達,46,32,14,凱基-中壢,2024-02-01,9285
1418,東華,25,11,14,凱基-中壢,2024-02-01,9285
00680L,元大美債20正2,32,19,13,凱基-中壢,2024-02-01,9285
3041,揚智,25,12,13,凱基-中壢,2024-02-01,9285
6113,亞矽,52,40,12,凱基-中壢,2024-02-01,9285
00905,FT臺灣Smart,12,0,12,凱基-中壢,2024-02-01,9285
5512,力麒,15,3,12,凱基-中壢,2024-02-01,9285
3710,連展投控,12,0,12,凱基-中壢,2024-02-01,9285
6215,和椿,12,0,12,凱基-中壢,2024-02-01,9285
2610,華航,14,3,11,凱基-中壢,2024-02-01,9285
1605,華新,16,5,11,凱基-中壢,2024-02-01,9285
4161,聿新科,11,0,11,凱基-中壢,2024-02-01,9285
1532,勤美,11,0,11,凱基-中壢,2024-02-01,9285
2014,中鴻,11,0,11,凱基-中壢,2024-02-01,9285
2634,漢翔,11,0,11,凱基-中壢,2024-02-01,9285
3045,台灣大,10,0,10,凱基-中壢,2024-02-01,9285
1589,永冠-KY,10,0,10,凱基-中壢,2024-02-01,9285
9907,統一實,317,0,317,凱基-中壢,2024-02-02,9285
3294,英濟,153,5,148,凱基-中壢,2024-02-02,9285
00679B,元大美債20年,155,8,147,凱基-中壢,2024-02-02,9285
00687B,國泰20年美債,224,87,137,凱基-中壢,2024-02-02,9285
00715L,期街口布蘭特正2,94,0,94,凱基-中壢,2024-02-02,9285
00919,群益台灣精選高息,109,16,93,凱基-中壢,2024-02-02,9285
00637L,元大滬深300正2,111,20,91,凱基-中壢,2024-02-02,9285
00632R,元大台灣50反1,71,0,71,凱基-中壢,2024-02-02,9285
3045,台灣大,60,0,60,凱基-中壢,2024-02-02,9285
8936,國統,80,25,55,凱基-中壢,2024-02-02,9285
00929,復華台灣科技優息,74,20,54,凱基-中壢,2024-02-02,9285
00712,復華富時不動產,52,1,51,凱基-中壢,2024-02-02,9285
00671R,富邦NASDAQ反1,51,0,51,凱基-中壢,2024-02-02,9285
2516,新建,50,0,50,凱基-中壢,2024-02-02,9285
4714,永捷,49,7,42,凱基-中壢,2024-02-02,9285
6179,亞通,41,0,41,凱基-中壢,2024-02-02,9285
2618,長榮航,59,25,34,凱基-中壢,2024-02-02,9285
00937B,群益ESG投等債20,57,27,30,凱基-中壢,2024-02-02,9285
00882,中信中國高股息,36,6,30,凱基-中壢,2024-02-02,9285
2308,台達電,33,3,30,凱基-中壢,2024-02-02,9285
2603,長榮,31,4,27,凱基-中壢,2024-02-02,9285
2313,華通,33,6,27,凱基-中壢,2024-02-02,9285
4534,慶騰,28,1,27,凱基-中壢,2024-02-02,9285
2206,三陽工業,26,0,26,凱基-中壢,2024-02-02,9285
2365,昆盈,44,18,26,凱基-中壢,2024-02-02,9285
6770,力積電,30,5,25,凱基-中壢,2024-02-02,9285
3081,聯亞,42,17,25,凱基-中壢,2024-02-02,9285
5272,笙科,26,1,25,凱基-中壢,2024-02-02,9285
6282,康舒,25,1,24,凱基-中壢,2024-02-02,9285
4909,新復興,24,1,23,凱基-中壢,2024-02-02,9285
2352,佳世達,28,5,23,凱基-中壢,2024-02-02,9285
2303,聯電,41,19,22,凱基-中壢,2024-02-02,9285
3047,訊舟,24,3,21,凱基-中壢,2024-02-02,9285
00764B,群益25年美債,21,0,21,凱基-中壢,2024-02-02,9285
00688L,國泰20年美債正2,21,1,20,凱基-中壢,2024-02-02,9285
2363,矽統,35,15,20,凱基-中壢,2024-02-02,9285
00795B,中信美國公債20年,20,0,20,凱基-中壢,2024-02-02,9285
2312,金寶,21,1,20,凱基-中壢,2024-02-02,9285
1514,亞力,36,18,18,凱基-中壢,2024-02-02,9285
2408,南亞科,19,1,18,凱基-中壢,2024-02-02,9285
6133,金橋,17,0,17,凱基-中壢,2024-02-02,9285
3036,文曄,113,97,16,凱基-中壢,2024-02-02,9285
2891,中信金,22,6,16,凱基-中壢,2024-02-02,9285
1733,五鼎,16,0,16,凱基-中壢,2024-02-02,9285
2887,台新金,16,0,16,凱基-中壢,2024-02-02,9285
4906,正文,15,0,15,凱基-中壢,2024-02-02,9285
8437,大地-KY,31,16,15,凱基-中壢,2024-02-02,9285
8040,九暘,24,9,15,凱基-中壢,2024-02-02,9285
2465,麗臺,17,3,14,凱基-中壢,2024-02-02,9285
5426,振發,25,11,14,凱基-中壢,2024-02-02,9285
00687B,國泰20年美債,300,55,245,凱基-中壢,2024-02-05,9285
00715L,期街口布蘭特正2,238,11,227,凱基-中壢,2024-02-05,9285
3294,英濟,202,9,193,凱基-中壢,2024-02-05,9285
00937B,群益ESG投等債20,192,0,192,凱基-中壢,2024-02-05,9285
00680L,元大美債20正2,194,20,174,凱基-中壢,2024-02-05,9285
2891,中信金,168,17,151,凱基-中壢,2024-02-05,9285
00929,復華台灣科技優息,164,32,132,凱基-中壢,2024-02-05,9285
00712,復華富時不動產,94,5,89,凱基-中壢,2024-02-05,9285
1528,恩德,117,46,71,凱基-中壢,2024-02-05,9285
2421,建準,99,39,60,凱基-中壢,2024-02-05,9285
00882,中信中國高股息,56,10,46,凱基-中壢,2024-02-05,9285
9919,康那香,45,1,44,凱基-中壢,2024-02-05,9285
2313,華通,74,30,44,凱基-中壢,2024-02-05,9285
2025,千興,42,2,40,凱基-中壢,2024-02-05,9285
2884,玉山金,40,0,40,凱基-中壢,2024-02-05,9285
2887,台新金,36,0,36,凱基-中壢,2024-02-05,9285
00878,國泰永續高股息,50,17,33,凱基-中壢,2024-02-05,9285
1731,美吾華,30,0,30,凱基-中壢,2024-02-05,9285
6243,迅杰,55,27,28,凱基-中壢,2024-02-05,9285
3268,海德威,32,5,27,凱基-中壢,2024-02-05,9285
2303,聯電,53,28,25,凱基-中壢,2024-02-05,9285
2609,陽明,37,12,25,凱基-中壢,2024-02-05,9285
00639,富邦深100,25,0,25,凱基-中壢,2024-02-05,9285
3041,揚智,23,0,23,凱基-中壢,2024-02-05,9285
00830,國泰費城半導體,32,10,22,凱基-中壢,2024-02-05,9285
00679B,元大美債20年,29,8,21,凱基-中壢,2024-02-05,9285
00632R,元大台灣50反1,71,50,21,凱基-中壢,2024-02-05,9285
2363,矽統,22,2,20,凱基-中壢,2024-02-05,9285
3078,僑威,20,0,20,凱基-中壢,2024-02-05,9285
3499,環天科,20,0,20,凱基-中壢,2024-02-05,9285
6695,芯鼎,59,40,19,凱基-中壢,2024-02-05,9285
1513,中興電,26,7,19,凱基-中壢,2024-02-05,9285
6546,正基,33,16,17,凱基-中壢,2024-02-05,9285
2329,華泰,56,39,17,凱基-中壢,2024-02-05,9285
00751B,元大AAA至A公司債,16,0,16,凱基-中壢,2024-02-05,9285
2002,中鋼,17,1,16,凱基-中壢,2024-02-05,9285
00927,群益半導體收益,15,0,15,凱基-中壢,2024-02-05,9285
2406,國碩,15,0,15,凱基-中壢,2024-02-05,9285
6684,安格,18,3,15,凱基-中壢,2024-02-05,9285
00931B,統一美債20年,19,5,14,凱基-中壢,2024-02-05,9285
00904,新光臺灣半導體30,14,0,14,凱基-中壢,2024-02-05,9285
8437,大地-KY,15,1,14,凱基-中壢,2024-02-05,9285
6416,瑞祺電通,17,3,14,凱基-中壢,2024-02-05,9285
2492,華新科,14,1,13,凱基-中壢,2024-02-05,9285
2388,威盛,26,13,13,凱基-中壢,2024-02-05,9285
2485,兆赫,13,0,13,凱基-中壢,2024-02-05,9285
00895,富邦未來車,13,0,13,凱基-中壢,2024-02-05,9285
9945,潤泰新,13,0,13,凱基-中壢,2024-02-05,9285
1582,信錦,15,2,13,凱基-中壢,2024-02-05,9285
2439,美律,14,1,13,凱基-中壢,2024-02-05,9285
00632R,元大台灣50反1,707,6,701,凱基-中壢,2024-02-15,9285
00687B,國泰20年美債,385,0,385,凱基-中壢,2024-02-15,9285
00679B,元大美債20年,318,3,315,凱基-中壢,2024-02-15,9285
00937B,群益ESG投等債20,286,43,243,凱基-中壢,2024-02-15,9285
1528,恩德,163,12,151,凱基-中壢,2024-02-15,9285
00712,復華富時不動產,152,2,150,凱基-中壢,2024-02-15,9285
2610,華航,246,121,125,凱基-中壢,2024-02-15,9285
00688L,國泰20年美債正2,117,5,112,凱基-中壢,2024-02-15,9285
00878,國泰永續高股息,198,88,110,凱基-中壢,2024-02-15,9285
00673R,期元大S＆P原油反1,107,0,107,凱基-中壢,2024-02-15,9285
8096,擎亞,115,10,105,凱基-中壢,2024-02-15,9285
00680L,元大美債20正2,99,1,98,凱基-中壢,2024-02-15,9285
1513,中興電,98,6,92,凱基-中壢,2024-02-15,9285
9105,泰金寶-DR,88,17,71,凱基-中壢,2024-02-15,9285
2344,華邦電,60,1,59,凱基-中壢,2024-02-15,9285
00933B,國泰10Y+金融債,57,0,57,凱基-中壢,2024-02-15,9285
00665L,富邦�琤肭磪囓�2,53,0,53,凱基-中壢,2024-02-15,9285
00895,富邦未來車,50,0,50,凱基-中壢,2024-02-15,9285
00720B,元大投資級公司債,47,0,47,凱基-中壢,2024-02-15,9285
00751B,元大AAA至A公司債,47,0,47,凱基-中壢,2024-02-15,9285
8054,安國,62,16,46,凱基-中壢,2024-02-15,9285
00706L,期元大S＆P日圓正2,45,0,45,凱基-中壢,2024-02-15,9285
2356,英業達,152,111,41,凱基-中壢,2024-02-15,9285
00891,中信關鍵半導體,97,59,38,凱基-中壢,2024-02-15,9285
8936,國統,117,79,38,凱基-中壢,2024-02-15,9285
1785,光洋科,55,18,37,凱基-中壢,2024-02-15,9285
2408,南亞科,36,0,36,凱基-中壢,2024-02-15,9285
2603,長榮,40,5,35,凱基-中壢,2024-02-15,9285
3294,英濟,35,1,34,凱基-中壢,2024-02-15,9285
1514,亞力,39,6,33,凱基-中壢,2024-02-15,9285
00900,富邦特選高股息30,50,18,32,凱基-中壢,2024-02-15,9285
00664R,國泰臺灣加權反1,32,0,32,凱基-中壢,2024-02-15,9285
3045,台灣大,31,0,31,凱基-中壢,2024-02-15,9285
2305,全友,30,0,30,凱基-中壢,2024-02-15,9285
00669R,國泰美國道瓊反1,30,0,30,凱基-中壢,2024-02-15,9285
2618,長榮航,33,4,29,凱基-中壢,2024-02-15,9285
5508,永信建,27,0,27,凱基-中壢,2024-02-15,9285
2390,云辰,31,4,27,凱基-中壢,2024-02-15,9285
2324,仁寶,40,14,26,凱基-中壢,2024-02-15,9285
6257,矽格,30,5,25,凱基-中壢,2024-02-15,9285
2002,中鋼,27,4,23,凱基-中壢,2024-02-15,9285
3032,偉訓,32,9,23,凱基-中壢,2024-02-15,9285
2887,台新金,24,1,23,凱基-中壢,2024-02-15,9285
2399,映泰,37,16,21,凱基-中壢,2024-02-15,9285
4105,東洋,21,0,21,凱基-中壢,2024-02-15,9285
2636,台驊控股,21,0,21,凱基-中壢,2024-02-15,9285
00857B,永豐20年美公債,20,0,20,凱基-中壢,2024-02-15,9285
6191,精成科,31,11,20,凱基-中壢,2024-02-15,9285
00738U,期元大道瓊白銀,20,0,20,凱基-中壢,2024-02-15,9285
8027,鈦昇,21,1,20,凱基-中壢,2024-02-15,9285
2855,統一證,579,2,577,凱基-中壢,2024-02-16,9285
00650L,復華香港正2,368,46,322,凱基-中壢,2024-02-16,9285
00937B,群益ESG投等債20,282,0,282,凱基-中壢,2024-02-16,9285
00679B,元大美債20年,179,0,179,凱基-中壢,2024-02-16,9285
00687B,國泰20年美債,166,0,166,凱基-中壢,2024-02-16,9285
00712,復華富時不動產,156,3,153,凱基-中壢,2024-02-16,9285
00929,復華台灣科技優息,204,59,145,凱基-中壢,2024-02-16,9285
00680L,元大美債20正2,134,8,126,凱基-中壢,2024-02-16,9285
2353,宏��,294,179,115,凱基-中壢,2024-02-16,9285
2515,中工,113,0,113,凱基-中壢,2024-02-16,9285
00878,國泰永續高股息,116,18,98,凱基-中壢,2024-02-16,9285
6016,康和證,102,5,97,凱基-中壢,2024-02-16,9285
00688L,國泰20年美債正2,93,0,93,凱基-中壢,2024-02-16,9285
00891,中信關鍵半導體,96,6,90,凱基-中壢,2024-02-16,9285
00673R,期元大S＆P原油反1,74,0,74,凱基-中壢,2024-02-16,9285
00720B,元大投資級公司債,71,0,71,凱基-中壢,2024-02-16,9285
2365,昆盈,181,114,67,凱基-中壢,2024-02-16,9285
00706L,期元大S＆P日圓正2,66,0,66,凱基-中壢,2024-02-16,9285
3036,文曄,63,4,59,凱基-中壢,2024-02-16,9285
2888,新光金,56,0,56,凱基-中壢,2024-02-16,9285
2007,燁興,56,0,56,凱基-中壢,2024-02-16,9285
020031,統一IC設計臺灣N,55,0,55,凱基-中壢,2024-02-16,9285
1618,合機,52,0,52,凱基-中壢,2024-02-16,9285
1217,愛之味,50,0,50,凱基-中壢,2024-02-16,9285
2382,廣達,80,32,48,凱基-中壢,2024-02-16,9285
00933B,國泰10Y+金融債,46,0,46,凱基-中壢,2024-02-16,9285
00857B,永豐20年美公債,45,0,45,凱基-中壢,2024-02-16,9285
2890,永豐金,50,5,45,凱基-中壢,2024-02-16,9285
00918,大華優利高填息30,42,0,42,凱基-中壢,2024-02-16,9285
6189,豐藝,65,24,41,凱基-中壢,2024-02-16,9285
1815,富喬,73,33,40,凱基-中壢,2024-02-16,9285
2884,玉山金,58,20,38,凱基-中壢,2024-02-16,9285
6275,元山,54,17,37,凱基-中壢,2024-02-16,9285
1809,中釉,43,6,37,凱基-中壢,2024-02-16,9285
3481,群創,54,17,37,凱基-中壢,2024-02-16,9285
1314,中石化,36,0,36,凱基-中壢,2024-02-16,9285
3535,晶彩科,55,21,34,凱基-中壢,2024-02-16,9285
3035,智原,43,9,34,凱基-中壢,2024-02-16,9285
3715,定穎投控,40,8,32,凱基-中壢,2024-02-16,9285
2303,聯電,44,13,31,凱基-中壢,2024-02-16,9285
6127,九豪,30,0,30,凱基-中壢,2024-02-16,9285
8110,華東,40,12,28,凱基-中壢,2024-02-16,9285
3390,旭軟,30,3,27,凱基-中壢,2024-02-16,9285
9105,泰金寶-DR,40,14,26,凱基-中壢,2024-02-16,9285
8027,鈦昇,34,9,25,凱基-中壢,2024-02-16,9285
00753L,中信中國50正2,29,4,25,凱基-中壢,2024-02-16,9285
2431,聯昌,25,0,25,凱基-中壢,2024-02-16,9285
00772B,中信高評級公司債,22,0,22,凱基-中壢,2024-02-16,9285
6616,特昇-KY,22,0,22,凱基-中壢,2024-02-16,9285
2313,華通,95,74,21,凱基-中壢,2024-02-16,9285
00937B,群益ESG投等債20,333,20,313,凱基-中壢,2024-02-19,9285
00650L,復華香港正2,276,51,225,凱基-中壢,2024-02-19,9285
00933B,國泰10Y+金融債,187,0,187,凱基-中壢,2024-02-19,9285
00878,國泰永續高股息,181,18,163,凱基-中壢,2024-02-19,9285
2883,凱基金,177,39,138,凱基-中壢,2024-02-19,9285
2353,宏��,220,85,135,凱基-中壢,2024-02-19,9285
00687B,國泰20年美債,130,0,130,凱基-中壢,2024-02-19,9285
00753L,中信中國50正2,94,0,94,凱基-中壢,2024-02-19,9285
1316,上曜,79,4,75,凱基-中壢,2024-02-19,9285
4716,大立,71,0,71,凱基-中壢,2024-02-19,9285
00665L,富邦�琤肭磪囓�2,128,61,67,凱基-中壢,2024-02-19,9285
00712,復華富時不動產,83,16,67,凱基-中壢,2024-02-19,9285
6142,友勁,67,0,67,凱基-中壢,2024-02-19,9285
3437,榮創,95,34,61,凱基-中壢,2024-02-19,9285
00673R,期元大S＆P原油反1,54,0,54,凱基-中壢,2024-02-19,9285
00679B,元大美債20年,56,2,54,凱基-中壢,2024-02-19,9285
1513,中興電,71,17,54,凱基-中壢,2024-02-19,9285
2515,中工,62,11,51,凱基-中壢,2024-02-19,9285
3035,智原,61,10,51,凱基-中壢,2024-02-19,9285
00919,群益台灣精選高息,77,29,48,凱基-中壢,2024-02-19,9285
8027,鈦昇,44,0,44,凱基-中壢,2024-02-19,9285
00680L,元大美債20正2,44,0,44,凱基-中壢,2024-02-19,9285
2312,金寶,58,15,43,凱基-中壢,2024-02-19,9285
4939,亞電,39,1,38,凱基-中壢,2024-02-19,9285
00720B,元大投資級公司債,37,0,37,凱基-中壢,2024-02-19,9285
1528,恩德,35,0,35,凱基-中壢,2024-02-19,9285
6179,亞通,31,0,31,凱基-中壢,2024-02-19,9285
9105,泰金寶-DR,32,1,31,凱基-中壢,2024-02-19,9285
2002,中鋼,39,8,31,凱基-中壢,2024-02-19,9285
3390,旭軟,34,4,30,凱基-中壢,2024-02-19,9285
5355,佳總,30,0,30,凱基-中壢,2024-02-19,9285
4714,永捷,78,49,29,凱基-中壢,2024-02-19,9285
3372,典範,34,6,28,凱基-中壢,2024-02-19,9285
3363,上詮,73,48,25,凱基-中壢,2024-02-19,9285
00900,富邦特選高股息30,35,10,25,凱基-中壢,2024-02-19,9285
6189,豐藝,56,31,25,凱基-中壢,2024-02-19,9285
1503,士電,85,61,24,凱基-中壢,2024-02-19,9285
2329,華泰,206,182,24,凱基-中壢,2024-02-19,9285
3715,定穎投控,28,6,22,凱基-中壢,2024-02-19,9285
2834,臺企銀,50,29,21,凱基-中壢,2024-02-19,9285
1612,宏泰,20,0,20,凱基-中壢,2024-02-19,9285
1465,偉全,20,0,20,凱基-中壢,2024-02-19,9285
8092,建暐,20,0,20,凱基-中壢,2024-02-19,9285
00671R,富邦NASDAQ反1,20,0,20,凱基-中壢,2024-02-19,9285
2352,佳世達,20,1,19,凱基-中壢,2024-02-19,9285
00688L,國泰20年美債正2,18,0,18,凱基-中壢,2024-02-19,9285
4711,永純,18,0,18,凱基-中壢,2024-02-19,9285
0056,元大高股息,41,23,18,凱基-中壢,2024-02-19,9285
6126,信音,24,7,17,凱基-中壢,2024-02-19,9285
9912,偉聯,17,0,17,凱基-中壢,2024-02-19,9285
00671R,富邦NASDAQ反1,280,0,280,凱基-中壢,2024-02-20,9285
00933B,國泰10Y+金融債,240,3,237,凱基-中壢,2024-02-20,9285
00650L,復華香港正2,615,382,233,凱基-中壢,2024-02-20,9285
00679B,元大美債20年,175,1,174,凱基-中壢,2024-02-20,9285
00687B,國泰20年美債,141,6,135,凱基-中壢,2024-02-20,9285
3437,榮創,104,9,95,凱基-中壢,2024-02-20,9285
2845,遠東銀,91,4,87,凱基-中壢,2024-02-20,9285
2329,華泰,170,86,84,凱基-中壢,2024-02-20,9285
00937B,群益ESG投等債20,122,41,81,凱基-中壢,2024-02-20,9285
00673R,期元大S＆P原油反1,73,0,73,凱基-中壢,2024-02-20,9285
00706L,期元大S＆P日圓正2,73,0,73,凱基-中壢,2024-02-20,9285
8011,台通,152,81,71,凱基-中壢,2024-02-20,9285
00878,國泰永續高股息,117,48,69,凱基-中壢,2024-02-20,9285
5521,工信,71,3,68,凱基-中壢,2024-02-20,9285
00929,復華台灣科技優息,109,43,66,凱基-中壢,2024-02-20,9285
6668,中揚光,56,1,55,凱基-中壢,2024-02-20,9285
00665L,富邦�琤肭磪囓�2,71,20,51,凱基-中壢,2024-02-20,9285
4960,誠美材,52,2,50,凱基-中壢,2024-02-20,9285
5381,合正,50,1,49,凱基-中壢,2024-02-20,9285
3231,緯創,87,44,43,凱基-中壢,2024-02-20,9285
00885,富邦越南,51,8,43,凱基-中壢,2024-02-20,9285
2723,美食-KY,39,0,39,凱基-中壢,2024-02-20,9285
00688L,國泰20年美債正2,39,0,39,凱基-中壢,2024-02-20,9285
00753L,中信中國50正2,42,8,34,凱基-中壢,2024-02-20,9285
3312,弘憶股,48,16,32,凱基-中壢,2024-02-20,9285
9105,泰金寶-DR,68,36,32,凱基-中壢,2024-02-20,9285
3037,欣興,38,7,31,凱基-中壢,2024-02-20,9285
9906,欣巴巴,30,0,30,凱基-中壢,2024-02-20,9285
1618,合機,29,1,28,凱基-中壢,2024-02-20,9285
6282,康舒,51,23,28,凱基-中壢,2024-02-20,9285
1316,上曜,77,51,26,凱基-中壢,2024-02-20,9285
00918,大華優利高填息30,28,3,25,凱基-中壢,2024-02-20,9285
3545,敦泰,31,6,25,凱基-中壢,2024-02-20,9285
3264,欣銓,22,0,22,凱基-中壢,2024-02-20,9285
3607,谷崧,31,9,22,凱基-中壢,2024-02-20,9285
1528,恩德,22,0,22,凱基-中壢,2024-02-20,9285
8027,鈦昇,25,3,22,凱基-中壢,2024-02-20,9285
1717,長興,22,0,22,凱基-中壢,2024-02-20,9285
00795B,中信美國公債20年,25,4,21,凱基-中壢,2024-02-20,9285
2886,兆豐金,27,6,21,凱基-中壢,2024-02-20,9285
00857B,永豐20年美公債,20,0,20,凱基-中壢,2024-02-20,9285
1522,堤維西,21,1,20,凱基-中壢,2024-02-20,9285
1307,三芳,20,0,20,凱基-中壢,2024-02-20,9285
3206,志豐,20,0,20,凱基-中壢,2024-02-20,9285
00680L,元大美債20正2,26,6,20,凱基-中壢,2024-02-20,9285
3363,上詮,63,44,19,凱基-中壢,2024-02-20,9285
2390,云辰,19,0,19,凱基-中壢,2024-02-20,9285
00882,中信中國高股息,18,0,18,凱基-中壢,2024-02-20,9285
9919,康那香,18,0,18,凱基-中壢,2024-02-20,9285
1217,愛之味,17,1,16,凱基-中壢,2024-02-20,9285
9105,泰金寶-DR,658,1,657,凱基-中壢,2024-02-21,9285
00882,中信中國高股息,618,74,544,凱基-中壢,2024-02-21,9285
00937B,群益ESG投等債20,389,188,201,凱基-中壢,2024-02-21,9285
2609,陽明,201,24,177,凱基-中壢,2024-02-21,9285
00878,國泰永續高股息,227,67,160,凱基-中壢,2024-02-21,9285
2460,建通,162,30,132,凱基-中壢,2024-02-21,9285
00712,復華富時不動產,136,5,131,凱基-中壢,2024-02-21,9285
00687B,國泰20年美債,99,2,97,凱基-中壢,2024-02-21,9285
2352,佳世達,99,3,96,凱基-中壢,2024-02-21,9285
2369,菱生,95,18,77,凱基-中壢,2024-02-21,9285
6223,旺矽,84,7,77,凱基-中壢,2024-02-21,9285
2303,聯電,70,5,65,凱基-中壢,2024-02-21,9285
00919,群益台灣精選高息,155,103,52,凱基-中壢,2024-02-21,9285
1513,中興電,110,59,51,凱基-中壢,2024-02-21,9285
00679B,元大美債20年,48,0,48,凱基-中壢,2024-02-21,9285
3481,群創,65,23,42,凱基-中壢,2024-02-21,9285
2408,南亞科,40,1,39,凱基-中壢,2024-02-21,9285
6282,康舒,72,33,39,凱基-中壢,2024-02-21,9285
3035,智原,86,51,35,凱基-中壢,2024-02-21,9285
2014,中鴻,34,0,34,凱基-中壢,2024-02-21,9285
1717,長興,36,3,33,凱基-中壢,2024-02-21,9285
2617,台航,49,17,32,凱基-中壢,2024-02-21,9285
3037,欣興,34,3,31,凱基-中壢,2024-02-21,9285
00891,中信關鍵半導體,48,18,30,凱基-中壢,2024-02-21,9285
9919,康那香,41,11,30,凱基-中壢,2024-02-21,9285
1522,堤維西,30,1,29,凱基-中壢,2024-02-21,9285
6156,松上,27,0,27,凱基-中壢,2024-02-21,9285
3047,訊舟,112,86,26,凱基-中壢,2024-02-21,9285
0056,元大高股息,45,19,26,凱基-中壢,2024-02-21,9285
00688L,國泰20年美債正2,23,0,23,凱基-中壢,2024-02-21,9285
00929,復華台灣科技優息,155,133,22,凱基-中壢,2024-02-21,9285
4414,如興,24,2,22,凱基-中壢,2024-02-21,9285
8936,國統,33,11,22,凱基-中壢,2024-02-21,9285
2881,富邦金,22,1,21,凱基-中壢,2024-02-21,9285
3694,海華,40,19,21,凱基-中壢,2024-02-21,9285
2618,長榮航,24,3,21,凱基-中壢,2024-02-21,9285
3450,聯鈞,25,5,20,凱基-中壢,2024-02-21,9285
6233,旺玖,33,13,20,凱基-中壢,2024-02-21,9285
1805,寶徠,20,0,20,凱基-中壢,2024-02-21,9285
5213,亞昕,20,0,20,凱基-中壢,2024-02-21,9285
00680L,元大美債20正2,20,0,20,凱基-中壢,2024-02-21,9285
6142,友勁,20,0,20,凱基-中壢,2024-02-21,9285
00719B,元大美債1-3,20,0,20,凱基-中壢,2024-02-21,9285
6214,精誠,20,0,20,凱基-中壢,2024-02-21,9285
00655L,國泰中國A50正2,20,2,18,凱基-中壢,2024-02-21,9285
4534,慶騰,17,0,17,凱基-中壢,2024-02-21,9285
1409,新纖,17,0,17,凱基-中壢,2024-02-21,9285
2002,中鋼,28,11,17,凱基-中壢,2024-02-21,9285
6578,達邦蛋白,23,6,17,凱基-中壢,2024-02-21,9285
5284,jpp-KY,20,4,16,凱基-中壢,2024-02-21,9285
2855,統一證,646,0,646,凱基-中壢,2024-02-22,9285
00919,群益台灣精選高息,370,111,259,凱基-中壢,2024-02-22,9285
00753L,中信中國50正2,258,15,243,凱基-中壢,2024-02-22,9285
6126,信音,267,37,230,凱基-中壢,2024-02-22,9285
2329,華泰,241,115,126,凱基-中壢,2024-02-22,9285
00664R,國泰臺灣加權反1,117,0,117,凱基-中壢,2024-02-22,9285
00688L,國泰20年美債正2,112,10,102,凱基-中壢,2024-02-22,9285
8096,擎亞,113,19,94,凱基-中壢,2024-02-22,9285
00937B,群益ESG投等債20,98,6,92,凱基-中壢,2024-02-22,9285
00687B,國泰20年美債,144,60,84,凱基-中壢,2024-02-22,9285
3231,緯創,192,110,82,凱基-中壢,2024-02-22,9285
00637L,元大滬深300正2,102,23,79,凱基-中壢,2024-02-22,9285
2883,凱基金,127,52,75,凱基-中壢,2024-02-22,9285
00918,大華優利高填息30,75,5,70,凱基-中壢,2024-02-22,9285
2489,瑞軒,81,28,53,凱基-中壢,2024-02-22,9285
2637,慧洋-KY,68,20,48,凱基-中壢,2024-02-22,9285
2371,大同,65,19,46,凱基-中壢,2024-02-22,9285
1514,亞力,46,4,42,凱基-中壢,2024-02-22,9285
6142,友勁,42,0,42,凱基-中壢,2024-02-22,9285
2421,建準,54,14,40,凱基-中壢,2024-02-22,9285
5443,均豪,78,40,38,凱基-中壢,2024-02-22,9285
6530,創威,72,36,36,凱基-中壢,2024-02-22,9285
00830,國泰費城半導體,40,5,35,凱基-中壢,2024-02-22,9285
00712,復華富時不動產,36,2,34,凱基-中壢,2024-02-22,9285
00933B,國泰10Y+金融債,39,5,34,凱基-中壢,2024-02-22,9285
00795B,中信美國公債20年,33,0,33,凱基-中壢,2024-02-22,9285
2356,英業達,117,86,31,凱基-中壢,2024-02-22,9285
8105,凌巨,53,22,31,凱基-中壢,2024-02-22,9285
00895,富邦未來車,31,0,31,凱基-中壢,2024-02-22,9285
1227,佳格,30,1,29,凱基-中壢,2024-02-22,9285
4933,友輝,30,1,29,凱基-中壢,2024-02-22,9285
2417,圓剛,38,9,29,凱基-中壢,2024-02-22,9285
3481,群創,29,2,27,凱基-中壢,2024-02-22,9285
8110,華東,25,0,25,凱基-中壢,2024-02-22,9285
3221,台嘉碩,38,14,24,凱基-中壢,2024-02-22,9285
00673R,期元大S＆P原油反1,20,0,20,凱基-中壢,2024-02-22,9285
2610,華航,36,16,20,凱基-中壢,2024-02-22,9285
5225,東科-KY,21,1,20,凱基-中壢,2024-02-22,9285
2405,輔信,24,5,19,凱基-中壢,2024-02-22,9285
3588,通嘉,50,31,19,凱基-中壢,2024-02-22,9285
3035,智原,47,29,18,凱基-中壢,2024-02-22,9285
1101,台泥,24,6,18,凱基-中壢,2024-02-22,9285
2368,金像電,23,6,17,凱基-中壢,2024-02-22,9285
00857B,永豐20年美公債,18,2,16,凱基-中壢,2024-02-22,9285
2352,佳世達,22,6,16,凱基-中壢,2024-02-22,9285
00757,統一FANG+,15,0,15,凱基-中壢,2024-02-22,9285
8936,國統,53,38,15,凱基-中壢,2024-02-22,9285
00722B,群益投資級電信債,20,5,15,凱基-中壢,2024-02-22,9285
00751B,元大AAA至A公司債,15,0,15,凱基-中壢,2024-02-22,9285
3360,尚立,15,0,15,凱基-中壢,2024-02-22,9285
00676R,富邦臺灣加權反1,499,0,499,凱基-中壢,2024-02-23,9285
00882,中信中國高股息,420,4,416,凱基-中壢,2024-02-23,9285
2855,統一證,175,0,175,凱基-中壢,2024-02-23,9285
00919,群益台灣精選高息,308,139,169,凱基-中壢,2024-02-23,9285
00937B,群益ESG投等債20,131,22,109,凱基-中壢,2024-02-23,9285
00650L,復華香港正2,169,97,72,凱基-中壢,2024-02-23,9285
2884,玉山金,74,7,67,凱基-中壢,2024-02-23,9285
3029,零壹,71,5,66,凱基-中壢,2024-02-23,9285
00918,大華優利高填息30,66,11,55,凱基-中壢,2024-02-23,9285
2313,華通,243,190,53,凱基-中壢,2024-02-23,9285
00933B,國泰10Y+金融債,52,0,52,凱基-中壢,2024-02-23,9285
2883,凱基金,53,1,52,凱基-中壢,2024-02-23,9285
1316,上曜,63,12,51,凱基-中壢,2024-02-23,9285
1513,中興電,113,64,49,凱基-中壢,2024-02-23,9285
1536,和大,55,9,46,凱基-中壢,2024-02-23,9285
6126,信音,52,7,45,凱基-中壢,2024-02-23,9285
2303,聯電,45,3,42,凱基-中壢,2024-02-23,9285
2486,一詮,45,5,40,凱基-中壢,2024-02-23,9285
8059,凱碩,68,28,40,凱基-中壢,2024-02-23,9285
8096,擎亞,217,179,38,凱基-中壢,2024-02-23,9285
4714,永捷,43,5,38,凱基-中壢,2024-02-23,9285
00907,永豐優息存股,34,0,34,凱基-中壢,2024-02-23,9285
00687B,國泰20年美債,34,0,34,凱基-中壢,2024-02-23,9285
3715,定穎投控,38,7,31,凱基-中壢,2024-02-23,9285
3576,聯合再生,31,1,30,凱基-中壢,2024-02-23,9285
3313,斐成,31,2,29,凱基-中壢,2024-02-23,9285
2618,長榮航,51,23,28,凱基-中壢,2024-02-23,9285
2610,華航,31,4,27,凱基-中壢,2024-02-23,9285
1717,長興,46,19,27,凱基-中壢,2024-02-23,9285
4979,華星光,40,15,25,凱基-中壢,2024-02-23,9285
00795B,中信美國公債20年,24,0,24,凱基-中壢,2024-02-23,9285
2408,南亞科,28,4,24,凱基-中壢,2024-02-23,9285
6282,康舒,39,15,24,凱基-中壢,2024-02-23,9285
8047,星雲,25,2,23,凱基-中壢,2024-02-23,9285
1303,南亞,23,0,23,凱基-中壢,2024-02-23,9285
3481,群創,44,22,22,凱基-中壢,2024-02-23,9285
6776,展�眥篕�,23,1,22,凱基-中壢,2024-02-23,9285
5469,瀚宇博,26,5,21,凱基-中壢,2024-02-23,9285
6217,中探針,21,0,21,凱基-中壢,2024-02-23,9285
3360,尚立,42,21,21,凱基-中壢,2024-02-23,9285
2515,中工,21,0,21,凱基-中壢,2024-02-23,9285
8147,正淩,29,9,20,凱基-中壢,2024-02-23,9285
00665L,富邦�琤肭磪囓�2,29,9,20,凱基-中壢,2024-02-23,9285
3051,力特,24,4,20,凱基-中壢,2024-02-23,9285
4933,友輝,20,0,20,凱基-中壢,2024-02-23,9285
6227,茂綸,19,0,19,凱基-中壢,2024-02-23,9285
2637,慧洋-KY,20,2,18,凱基-中壢,2024-02-23,9285
2353,宏��,36,19,17,凱基-中壢,2024-02-23,9285
2402,毅嘉,18,1,17,凱基-中壢,2024-02-23,9285
2363,矽統,21,4,17,凱基-中壢,2024-02-23,9285
00650L,復華香港正2,702,20,682,凱基-中壢,2024-02-26,9285
00919,群益台灣精選高息,423,43,380,凱基-中壢,2024-02-26,9285
00937B,群益ESG投等債20,304,68,236,凱基-中壢,2024-02-26,9285
00637L,元大滬深300正2,215,13,202,凱基-中壢,2024-02-26,9285
00878,國泰永續高股息,240,81,159,凱基-中壢,2024-02-26,9285
2883,凱基金,207,54,153,凱基-中壢,2024-02-26,9285
00933B,國泰10Y+金融債,128,11,117,凱基-中壢,2024-02-26,9285
2369,菱生,121,9,112,凱基-中壢,2024-02-26,9285
00687B,國泰20年美債,133,24,109,凱基-中壢,2024-02-26,9285
00715L,期街口布蘭特正2,101,0,101,凱基-中壢,2024-02-26,9285
3025,星通,109,11,98,凱基-中壢,2024-02-26,9285
00929,復華台灣科技優息,277,193,84,凱基-中壢,2024-02-26,9285
2405,輔信,100,21,79,凱基-中壢,2024-02-26,9285
00680L,元大美債20正2,93,19,74,凱基-中壢,2024-02-26,9285
00764B,群益25年美債,64,1,63,凱基-中壢,2024-02-26,9285
1513,中興電,132,77,55,凱基-中壢,2024-02-26,9285
1612,宏泰,50,0,50,凱基-中壢,2024-02-26,9285
2472,立隆電,47,0,47,凱基-中壢,2024-02-26,9285
00679B,元大美債20年,97,51,46,凱基-中壢,2024-02-26,9285
2888,新光金,40,1,39,凱基-中壢,2024-02-26,9285
4707,磐亞,39,0,39,凱基-中壢,2024-02-26,9285
1316,上曜,60,21,39,凱基-中壢,2024-02-26,9285
2329,華泰,92,54,38,凱基-中壢,2024-02-26,9285
2514,龍邦,34,0,34,凱基-中壢,2024-02-26,9285
2399,映泰,30,0,30,凱基-中壢,2024-02-26,9285
1536,和大,52,23,29,凱基-中壢,2024-02-26,9285
3059,華晶科,29,1,28,凱基-中壢,2024-02-26,9285
2233,宇隆,26,0,26,凱基-中壢,2024-02-26,9285
2408,南亞科,27,1,26,凱基-中壢,2024-02-26,9285
3481,群創,44,19,25,凱基-中壢,2024-02-26,9285
5488,松普,24,1,23,凱基-中壢,2024-02-26,9285
6274,台燿,30,8,22,凱基-中壢,2024-02-26,9285
00688L,國泰20年美債正2,28,6,22,凱基-中壢,2024-02-26,9285
3588,通嘉,24,2,22,凱基-中壢,2024-02-26,9285
5388,中磊,26,5,21,凱基-中壢,2024-02-26,9285
3689,湧德,64,43,21,凱基-中壢,2024-02-26,9285
1504,東元,41,20,21,凱基-中壢,2024-02-26,9285
2313,華通,110,89,21,凱基-中壢,2024-02-26,9285
6284,佳邦,20,0,20,凱基-中壢,2024-02-26,9285
3294,英濟,20,0,20,凱基-中壢,2024-02-26,9285
4109,加捷生醫,21,1,20,凱基-中壢,2024-02-26,9285
1522,堤維西,24,4,20,凱基-中壢,2024-02-26,9285
5315,光聯,19,0,19,凱基-中壢,2024-02-26,9285
3712,永崴投控,32,13,19,凱基-中壢,2024-02-26,9285
8383,千附,21,2,19,凱基-中壢,2024-02-26,9285
00907,永豐優息存股,17,0,17,凱基-中壢,2024-02-26,9285
3374,精材,17,0,17,凱基-中壢,2024-02-26,9285
00905,FT臺灣Smart,40,23,17,凱基-中壢,2024-02-26,9285
00904,新光臺灣半導體30,20,3,17,凱基-中壢,2024-02-26,9285
8032,光菱,17,0,17,凱基-中壢,2024-02-26,9285
00650L,復華香港正2,981,12,969,凱基-中壢,2024-02-27,9285
00937B,群益ESG投等債20,418,10,408,凱基-中壢,2024-02-27,9285
8096,擎亞,355,61,294,凱基-中壢,2024-02-27,9285
00878,國泰永續高股息,350,83,267,凱基-中壢,2024-02-27,9285
00929,復華台灣科技優息,519,278,241,凱基-中壢,2024-02-27,9285
00637L,元大滬深300正2,237,9,228,凱基-中壢,2024-02-27,9285
00664R,國泰臺灣加權反1,214,1,213,凱基-中壢,2024-02-27,9285
00882,中信中國高股息,136,5,131,凱基-中壢,2024-02-27,9285
6116,彩晶,157,30,127,凱基-中壢,2024-02-27,9285
3372,典範,126,11,115,凱基-中壢,2024-02-27,9285
4909,新復興,130,25,105,凱基-中壢,2024-02-27,9285
2883,凱基金,73,5,68,凱基-中壢,2024-02-27,9285
2363,矽統,131,67,64,凱基-中壢,2024-02-27,9285
1303,南亞,59,2,57,凱基-中壢,2024-02-27,9285
6233,旺玖,75,22,53,凱基-中壢,2024-02-27,9285
2812,台中銀,52,0,52,凱基-中壢,2024-02-27,9285
2498,宏達電,58,7,51,凱基-中壢,2024-02-27,9285
00931B,統一美債20年,50,0,50,凱基-中壢,2024-02-27,9285
4534,慶騰,47,0,47,凱基-中壢,2024-02-27,9285
3450,聯鈞,80,37,43,凱基-中壢,2024-02-27,9285
2329,華泰,113,70,43,凱基-中壢,2024-02-27,9285
6668,中揚光,55,13,42,凱基-中壢,2024-02-27,9285
3037,欣興,68,27,41,凱基-中壢,2024-02-27,9285
2887,台新金,45,4,41,凱基-中壢,2024-02-27,9285
3078,僑威,42,1,41,凱基-中壢,2024-02-27,9285
00679B,元大美債20年,41,0,41,凱基-中壢,2024-02-27,9285
2884,玉山金,57,20,37,凱基-中壢,2024-02-27,9285
2382,廣達,44,9,35,凱基-中壢,2024-02-27,9285
1609,大亞,38,3,35,凱基-中壢,2024-02-27,9285
2308,台達電,38,4,34,凱基-中壢,2024-02-27,9285
2034,允強,35,1,34,凱基-中壢,2024-02-27,9285
1815,富喬,35,1,34,凱基-中壢,2024-02-27,9285
2610,華航,37,5,32,凱基-中壢,2024-02-27,9285
00687B,國泰20年美債,51,20,31,凱基-中壢,2024-02-27,9285
4979,華星光,48,19,29,凱基-中壢,2024-02-27,9285
00915,凱基優選高股息30,32,3,29,凱基-中壢,2024-02-27,9285
6120,達運,43,15,28,凱基-中壢,2024-02-27,9285
3706,神達,29,2,27,凱基-中壢,2024-02-27,9285
00933B,國泰10Y+金融債,50,23,27,凱基-中壢,2024-02-27,9285
2516,新建,31,4,27,凱基-中壢,2024-02-27,9285
6125,廣運,53,27,26,凱基-中壢,2024-02-27,9285
00753L,中信中國50正2,65,40,25,凱基-中壢,2024-02-27,9285
8271,宇瞻,32,8,24,凱基-中壢,2024-02-27,9285
1319,東陽,32,9,23,凱基-中壢,2024-02-27,9285
6282,康舒,46,23,23,凱基-中壢,2024-02-27,9285
3047,訊舟,25,2,23,凱基-中壢,2024-02-27,9285
2618,長榮航,24,2,22,凱基-中壢,2024-02-27,9285
3576,聯合再生,30,8,22,凱基-中壢,2024-02-27,9285
1529,樂事綠能,21,0,21,凱基-中壢,2024-02-27,9285
6167,久正,24,3,21,凱基-中壢,2024-02-27,9285
6016,康和證,306,29,277,凱基-中壢,2024-02-29,9285
2356,英業達,287,43,244,凱基-中壢,2024-02-29,9285
00673R,期元大S＆P原油反1,136,0,136,凱基-中壢,2024-02-29,9285
00937B,群益ESG投等債20,217,81,136,凱基-中壢,2024-02-29,9285
00919,群益台灣精選高息,126,24,102,凱基-中壢,2024-02-29,9285
5312,寶島科,91,0,91,凱基-中壢,2024-02-29,9285
00669R,國泰美國道瓊反1,70,0,70,凱基-中壢,2024-02-29,9285
6668,中揚光,77,14,63,凱基-中壢,2024-02-29,9285
00712,復華富時不動產,65,8,57,凱基-中壢,2024-02-29,9285
1513,中興電,101,44,57,凱基-中壢,2024-02-29,9285
00687B,國泰20年美債,55,1,54,凱基-中壢,2024-02-29,9285
1617,榮星,52,4,48,凱基-中壢,2024-02-29,9285
00679B,元大美債20年,50,3,47,凱基-中壢,2024-02-29,9285
6244,茂迪,47,0,47,凱基-中壢,2024-02-29,9285
2025,千興,46,1,45,凱基-中壢,2024-02-29,9285
3605,宏致,45,1,44,凱基-中壢,2024-02-29,9285
3027,盛達,43,1,42,凱基-中壢,2024-02-29,9285
6126,信音,61,20,41,凱基-中壢,2024-02-29,9285
2610,華航,40,1,39,凱基-中壢,2024-02-29,9285
2405,輔信,39,1,38,凱基-中壢,2024-02-29,9285
00830,國泰費城半導體,38,0,38,凱基-中壢,2024-02-29,9285
3712,永崴投控,48,18,30,凱基-中壢,2024-02-29,9285
8926,台汽電,55,26,29,凱基-中壢,2024-02-29,9285
8163,達方,29,0,29,凱基-中壢,2024-02-29,9285
2605,新興,29,1,28,凱基-中壢,2024-02-29,9285
2301,光寶科,33,5,28,凱基-中壢,2024-02-29,9285
2303,聯電,41,14,27,凱基-中壢,2024-02-29,9285
1316,上曜,81,54,27,凱基-中壢,2024-02-29,9285
00882,中信中國高股息,36,10,26,凱基-中壢,2024-02-29,9285
2355,敬鵬,29,5,24,凱基-中壢,2024-02-29,9285
3481,群創,42,18,24,凱基-中壢,2024-02-29,9285
00933B,國泰10Y+金融債,56,33,23,凱基-中壢,2024-02-29,9285
00680L,元大美債20正2,23,0,23,凱基-中壢,2024-02-29,9285
2812,台中銀,22,0,22,凱基-中壢,2024-02-29,9285
6179,亞通,30,8,22,凱基-中壢,2024-02-29,9285
4162,智擎,21,0,21,凱基-中壢,2024-02-29,9285
2324,仁寶,24,4,20,凱基-中壢,2024-02-29,9285
2402,毅嘉,20,0,20,凱基-中壢,2024-02-29,9285
00751B,元大AAA至A公司債,20,0,20,凱基-中壢,2024-02-29,9285
2329,華泰,128,108,20,凱基-中壢,2024-02-29,9285
00753L,中信中國50正2,31,12,19,凱基-中壢,2024-02-29,9285
2344,華邦電,22,3,19,凱基-中壢,2024-02-29,9285
1569,濱川,20,2,18,凱基-中壢,2024-02-29,9285
4909,新復興,47,29,18,凱基-中壢,2024-02-29,9285
5234,達興材料,21,4,17,凱基-中壢,2024-02-29,9285
3390,旭軟,50,33,17,凱基-中壢,2024-02-29,9285
6288,聯嘉,71,54,17,凱基-中壢,2024-02-29,9285
2363,矽統,21,5,16,凱基-中壢,2024-02-29,9285
6535,順藥,15,0,15,凱基-中壢,2024-02-29,9285
1101,台泥,29,14,15,凱基-中壢,2024-02-29,9285
00919,群益台灣精選高息,560,33,527,凱基-中壢,2024-03-01,9285
00650L,復華香港正2,488,5,483,凱基-中壢,2024-03-01,9285
2883,凱基金,422,17,405,凱基-中壢,2024-03-01,9285
00671R,富邦NASDAQ反1,400,0,400,凱基-中壢,2024-03-01,9285
2855,統一證,144,1,143,凱基-中壢,2024-03-01,9285
8064,東捷,146,17,129,凱基-中壢,2024-03-01,9285
00937B,群益ESG投等債20,154,40,114,凱基-中壢,2024-03-01,9285
00687B,國泰20年美債,97,4,93,凱基-中壢,2024-03-01,9285
00918,大華優利高填息30,93,3,90,凱基-中壢,2024-03-01,9285
2405,輔信,131,54,77,凱基-中壢,2024-03-01,9285
00882,中信中國高股息,119,44,75,凱基-中壢,2024-03-01,9285
2812,台中銀,63,1,62,凱基-中壢,2024-03-01,9285
1316,上曜,88,32,56,凱基-中壢,2024-03-01,9285
2605,新興,58,6,52,凱基-中壢,2024-03-01,9285
00902,中信電池及儲能,49,0,49,凱基-中壢,2024-03-01,9285
1303,南亞,48,0,48,凱基-中壢,2024-03-01,9285
3163,波若威,51,4,47,凱基-中壢,2024-03-01,9285
3645,達邁,46,0,46,凱基-中壢,2024-03-01,9285
1314,中石化,44,0,44,凱基-中壢,2024-03-01,9285
2303,聯電,49,7,42,凱基-中壢,2024-03-01,9285
0056,元大高股息,44,2,42,凱基-中壢,2024-03-01,9285
00929,復華台灣科技優息,109,68,41,凱基-中壢,2024-03-01,9285
2323,中環,40,0,40,凱基-中壢,2024-03-01,9285
3041,揚智,45,8,37,凱基-中壢,2024-03-01,9285
00690,兆豐藍籌30,35,0,35,凱基-中壢,2024-03-01,9285
1612,宏泰,35,0,35,凱基-中壢,2024-03-01,9285
00665L,富邦�琤肭磪囓�2,47,12,35,凱基-中壢,2024-03-01,9285
2888,新光金,42,8,34,凱基-中壢,2024-03-01,9285
2329,華泰,88,56,32,凱基-中壢,2024-03-01,9285
00913,兆豐台灣晶圓製造,32,0,32,凱基-中壢,2024-03-01,9285
00673R,期元大S＆P原油反1,31,0,31,凱基-中壢,2024-03-01,9285
00764B,群益25年美債,29,0,29,凱基-中壢,2024-03-01,9285
1609,大亞,93,65,28,凱基-中壢,2024-03-01,9285
2615,萬海,32,6,26,凱基-中壢,2024-03-01,9285
3029,零壹,34,8,26,凱基-中壢,2024-03-01,9285
2313,華通,83,58,25,凱基-中壢,2024-03-01,9285
6282,康舒,76,51,25,凱基-中壢,2024-03-01,9285
00878,國泰永續高股息,150,126,24,凱基-中壢,2024-03-01,9285
6651,全宇昕,24,0,24,凱基-中壢,2024-03-01,9285
2409,友達,36,13,23,凱基-中壢,2024-03-01,9285
2610,華航,23,2,21,凱基-中壢,2024-03-01,9285
2618,長榮航,24,4,20,凱基-中壢,2024-03-01,9285
2356,英業達,44,24,20,凱基-中壢,2024-03-01,9285
00679B,元大美債20年,24,5,19,凱基-中壢,2024-03-01,9285
3481,群創,30,12,18,凱基-中壢,2024-03-01,9285
1504,東元,31,14,17,凱基-中壢,2024-03-01,9285
6126,信音,43,26,17,凱基-中壢,2024-03-01,9285
3712,永崴投控,17,1,16,凱基-中壢,2024-03-01,9285
1514,亞力,103,87,16,凱基-中壢,2024-03-01,9285
2516,新建,15,0,15,凱基-中壢,2024-03-01,9285
6015,宏遠證,836,52,784,凱基-中壢,2024-03-04,9285
00937B,群益ESG投等債20,366,31,335,凱基-中壢,2024-03-04,9285
00918,大華優利高填息30,306,4,302,凱基-中壢,2024-03-04,9285
2883,凱基金,297,38,259,凱基-中壢,2024-03-04,9285
00919,群益台灣精選高息,525,277,248,凱基-中壢,2024-03-04,9285
2855,統一證,150,2,148,凱基-中壢,2024-03-04,9285
4909,新復興,122,14,108,凱基-中壢,2024-03-04,9285
2801,彰銀,105,3,102,凱基-中壢,2024-03-04,9285
3360,尚立,111,28,83,凱基-中壢,2024-03-04,9285
00915,凱基優選高股息30,98,27,71,凱基-中壢,2024-03-04,9285
00687B,國泰20年美債,72,2,70,凱基-中壢,2024-03-04,9285
00902,中信電池及儲能,50,0,50,凱基-中壢,2024-03-04,9285
00673R,期元大S＆P原油反1,50,0,50,凱基-中壢,2024-03-04,9285
2527,宏璟,50,2,48,凱基-中壢,2024-03-04,9285
2376,技嘉,79,34,45,凱基-中壢,2024-03-04,9285
1314,中石化,43,5,38,凱基-中壢,2024-03-04,9285
2002,中鋼,61,23,38,凱基-中壢,2024-03-04,9285
00933B,國泰10Y+金融債,69,32,37,凱基-中壢,2024-03-04,9285
1514,亞力,78,41,37,凱基-中壢,2024-03-04,9285
2014,中鴻,36,0,36,凱基-中壢,2024-03-04,9285
00720B,元大投資級公司債,35,0,35,凱基-中壢,2024-03-04,9285
1609,大亞,72,39,33,凱基-中壢,2024-03-04,9285
6186,新潤,30,0,30,凱基-中壢,2024-03-04,9285
5488,松普,30,0,30,凱基-中壢,2024-03-04,9285
00878,國泰永續高股息,67,40,27,凱基-中壢,2024-03-04,9285
2887,台新金,27,0,27,凱基-中壢,2024-03-04,9285
00679B,元大美債20年,37,10,27,凱基-中壢,2024-03-04,9285
3294,英濟,25,0,25,凱基-中壢,2024-03-04,9285
2889,國票金,26,1,25,凱基-中壢,2024-03-04,9285
8085,福華,30,6,24,凱基-中壢,2024-03-04,9285
6282,康舒,28,4,24,凱基-中壢,2024-03-04,9285
2845,遠東銀,25,1,24,凱基-中壢,2024-03-04,9285
3005,神基,31,7,24,凱基-中壢,2024-03-04,9285
8047,星雲,23,0,23,凱基-中壢,2024-03-04,9285
6596,寬宏藝術,23,0,23,凱基-中壢,2024-03-04,9285
00712,復華富時不動產,33,11,22,凱基-中壢,2024-03-04,9285
3363,上詮,53,32,21,凱基-中壢,2024-03-04,9285
2881,富邦金,20,0,20,凱基-中壢,2024-03-04,9285
6153,嘉聯益,20,1,19,凱基-中壢,2024-03-04,9285
00637L,元大滬深300正2,29,10,19,凱基-中壢,2024-03-04,9285
5251,天鉞電,20,1,19,凱基-中壢,2024-03-04,9285
00665L,富邦�琤肭磪囓�2,18,0,18,凱基-中壢,2024-03-04,9285
4109,加捷生醫,18,0,18,凱基-中壢,2024-03-04,9285
1513,中興電,66,48,18,凱基-中壢,2024-03-04,9285
6265,方土昶,21,4,17,凱基-中壢,2024-03-04,9285
2356,英業達,50,34,16,凱基-中壢,2024-03-04,9285
3006,晶豪科,42,26,16,凱基-中壢,2024-03-04,9285
6218,豪勉,32,16,16,凱基-中壢,2024-03-04,9285
00633L,富邦上証正2,20,4,16,凱基-中壢,2024-03-04,9285
3338,泰碩,23,7,16,凱基-中壢,2024-03-04,9285
00919,群益台灣精選高息,392,90,302,凱基-中壢,2024-03-05,9285
00937B,群益ESG投等債20,321,22,299,凱基-中壢,2024-03-05,9285
00650L,復華香港正2,267,5,262,凱基-中壢,2024-03-05,9285
00918,大華優利高填息30,240,6,234,凱基-中壢,2024-03-05,9285
2883,凱基金,337,129,208,凱基-中壢,2024-03-05,9285
2332,友訊,250,50,200,凱基-中壢,2024-03-05,9285
6015,宏遠證,150,6,144,凱基-中壢,2024-03-05,9285
00712,復華富時不動產,131,10,121,凱基-中壢,2024-03-05,9285
1815,富喬,155,50,105,凱基-中壢,2024-03-05,9285
4909,新復興,111,7,104,凱基-中壢,2024-03-05,9285
00679B,元大美債20年,114,31,83,凱基-中壢,2024-03-05,9285
00915,凱基優選高股息30,67,4,63,凱基-中壢,2024-03-05,9285
00753L,中信中國50正2,62,2,60,凱基-中壢,2024-03-05,9285
00688L,國泰20年美債正2,58,0,58,凱基-中壢,2024-03-05,9285
3114,好德,58,0,58,凱基-中壢,2024-03-05,9285
3481,群創,61,5,56,凱基-中壢,2024-03-05,9285
2610,華航,54,0,54,凱基-中壢,2024-03-05,9285
2845,遠東銀,53,1,52,凱基-中壢,2024-03-05,9285
3163,波若威,54,7,47,凱基-中壢,2024-03-05,9285
00687B,國泰20年美債,46,0,46,凱基-中壢,2024-03-05,9285
6116,彩晶,49,4,45,凱基-中壢,2024-03-05,9285
00680L,元大美債20正2,43,1,42,凱基-中壢,2024-03-05,9285
3624,光頡,44,2,42,凱基-中壢,2024-03-05,9285
1513,中興電,74,37,37,凱基-中壢,2024-03-05,9285
1301,台塑,38,2,36,凱基-中壢,2024-03-05,9285
8409,商之器,33,0,33,凱基-中壢,2024-03-05,9285
2641,正德,35,2,33,凱基-中壢,2024-03-05,9285
3062,建漢,35,4,31,凱基-中壢,2024-03-05,9285
2892,第一金,28,0,28,凱基-中壢,2024-03-05,9285
00929,復華台灣科技優息,166,139,27,凱基-中壢,2024-03-05,9285
4168,醣聯,27,1,26,凱基-中壢,2024-03-05,9285
6219,富旺,35,11,24,凱基-中壢,2024-03-05,9285
2344,華邦電,35,11,24,凱基-中壢,2024-03-05,9285
2007,燁興,23,0,23,凱基-中壢,2024-03-05,9285
2527,宏璟,21,0,21,凱基-中壢,2024-03-05,9285
8163,達方,30,9,21,凱基-中壢,2024-03-05,9285
9946,三發地產,21,0,21,凱基-中壢,2024-03-05,9285
3689,湧德,73,52,21,凱基-中壢,2024-03-05,9285
4904,遠傳,20,0,20,凱基-中壢,2024-03-05,9285
2399,映泰,66,46,20,凱基-中壢,2024-03-05,9285
6770,力積電,31,11,20,凱基-中壢,2024-03-05,9285
1503,士電,77,58,19,凱基-中壢,2024-03-05,9285
00934,中信成長高股息,29,10,19,凱基-中壢,2024-03-05,9285
4906,正文,148,130,18,凱基-中壢,2024-03-05,9285
1409,新纖,46,28,18,凱基-中壢,2024-03-05,9285
3265,台星科,19,2,17,凱基-中壢,2024-03-05,9285
00752,中信中國50,17,0,17,凱基-中壢,2024-03-05,9285
5251,天鉞電,16,0,16,凱基-中壢,2024-03-05,9285
4714,永捷,16,0,16,凱基-中壢,2024-03-05,9285
1522,堤維西,17,1,16,凱基-中壢,2024-03-05,9285
00915,凱基優選高股息30,162,8,154,凱基-中壢,2024-03-06,9285
6015,宏遠證,141,1,140,凱基-中壢,2024-03-06,9285
3481,群創,145,20,125,凱基-中壢,2024-03-06,9285
4909,新復興,121,8,113,凱基-中壢,2024-03-06,9285
00918,大華優利高填息30,110,2,108,凱基-中壢,2024-03-06,9285
2845,遠東銀,113,10,103,凱基-中壢,2024-03-06,9285
00680L,元大美債20正2,143,43,100,凱基-中壢,2024-03-06,9285
00937B,群益ESG投等債20,169,77,92,凱基-中壢,2024-03-06,9285
00919,群益台灣精選高息,257,169,88,凱基-中壢,2024-03-06,9285
2887,台新金,133,51,82,凱基-中壢,2024-03-06,9285
3231,緯創,94,24,70,凱基-中壢,2024-03-06,9285
00882,中信中國高股息,60,8,52,凱基-中壢,2024-03-06,9285
3013,晟銘電,124,73,51,凱基-中壢,2024-03-06,9285
9105,泰金寶-DR,58,10,48,凱基-中壢,2024-03-06,9285
1447,力鵬,45,0,45,凱基-中壢,2024-03-06,9285
3325,旭品,90,46,44,凱基-中壢,2024-03-06,9285
00885,富邦越南,103,60,43,凱基-中壢,2024-03-06,9285
2867,三商壽,42,0,42,凱基-中壢,2024-03-06,9285
1409,新纖,49,7,42,凱基-中壢,2024-03-06,9285
3062,建漢,45,3,42,凱基-中壢,2024-03-06,9285
2356,英業達,89,50,39,凱基-中壢,2024-03-06,9285
00688L,國泰20年美債正2,43,6,37,凱基-中壢,2024-03-06,9285
6667,信紘科,40,5,35,凱基-中壢,2024-03-06,9285
2417,圓剛,71,36,35,凱基-中壢,2024-03-06,9285
2609,陽明,50,16,34,凱基-中壢,2024-03-06,9285
9950,萬國通,34,0,34,凱基-中壢,2024-03-06,9285
5498,凱崴,42,9,33,凱基-中壢,2024-03-06,9285
3663,鑫科,35,2,33,凱基-中壢,2024-03-06,9285
6120,達運,36,4,32,凱基-中壢,2024-03-06,9285
4306,炎洲,33,2,31,凱基-中壢,2024-03-06,9285
00687B,國泰20年美債,51,20,31,凱基-中壢,2024-03-06,9285
2883,凱基金,75,45,30,凱基-中壢,2024-03-06,9285
0055,元大MSCI金融,30,0,30,凱基-中壢,2024-03-06,9285
1609,大亞,182,153,29,凱基-中壢,2024-03-06,9285
2618,長榮航,54,25,29,凱基-中壢,2024-03-06,9285
1514,亞力,66,39,27,凱基-中壢,2024-03-06,9285
8011,台通,66,39,27,凱基-中壢,2024-03-06,9285
2486,一詮,100,74,26,凱基-中壢,2024-03-06,9285
1528,恩德,26,0,26,凱基-中壢,2024-03-06,9285
00891,中信關鍵半導體,55,29,26,凱基-中壢,2024-03-06,9285
4168,醣聯,25,0,25,凱基-中壢,2024-03-06,9285
2889,國票金,26,1,25,凱基-中壢,2024-03-06,9285
6654,天正國際,23,0,23,凱基-中壢,2024-03-06,9285
4906,正文,33,11,22,凱基-中壢,2024-03-06,9285
6141,柏承,22,0,22,凱基-中壢,2024-03-06,9285
00713,元大台灣高息低波,23,1,22,凱基-中壢,2024-03-06,9285
2329,華泰,39,18,21,凱基-中壢,2024-03-06,9285
3624,光頡,21,0,21,凱基-中壢,2024-03-06,9285
1432,大魯閣,20,0,20,凱基-中壢,2024-03-06,9285
2332,友訊,20,0,20,凱基-中壢,2024-03-06,9285
00632R,元大台灣50反1,429,19,410,凱基-中壢,2024-03-07,9285
4909,新復興,318,9,309,凱基-中壢,2024-03-07,9285
00937B,群益ESG投等債20,307,15,292,凱基-中壢,2024-03-07,9285
00919,群益台灣精選高息,264,65,199,凱基-中壢,2024-03-07,9285
2367,燿華,255,85,170,凱基-中壢,2024-03-07,9285
00918,大華優利高填息30,169,31,138,凱基-中壢,2024-03-07,9285
00706L,期元大S＆P日圓正2,123,0,123,凱基-中壢,2024-03-07,9285
2883,凱基金,281,173,108,凱基-中壢,2024-03-07,9285
3360,尚立,103,1,102,凱基-中壢,2024-03-07,9285
1612,宏泰,100,0,100,凱基-中壢,2024-03-07,9285
4109,加捷生醫,98,0,98,凱基-中壢,2024-03-07,9285
1316,上曜,185,93,92,凱基-中壢,2024-03-07,9285
5905,南仁湖,70,4,66,凱基-中壢,2024-03-07,9285
3231,緯創,86,24,62,凱基-中壢,2024-03-07,9285
2358,廷鑫,63,1,62,凱基-中壢,2024-03-07,9285
1314,中石化,71,10,61,凱基-中壢,2024-03-07,9285
00687B,國泰20年美債,75,16,59,凱基-中壢,2024-03-07,9285
1734,杏輝,58,1,57,凱基-中壢,2024-03-07,9285
9105,泰金寶-DR,105,50,55,凱基-中壢,2024-03-07,9285
2457,飛宏,55,3,52,凱基-中壢,2024-03-07,9285
2324,仁寶,86,37,49,凱基-中壢,2024-03-07,9285
2002,中鋼,63,15,48,凱基-中壢,2024-03-07,9285
2421,建準,64,20,44,凱基-中壢,2024-03-07,9285
2368,金像電,51,11,40,凱基-中壢,2024-03-07,9285
912000,晨訊科-DR,40,0,40,凱基-中壢,2024-03-07,9285
1217,愛之味,45,6,39,凱基-中壢,2024-03-07,9285
00915,凱基優選高股息30,61,22,39,凱基-中壢,2024-03-07,9285
2884,玉山金,54,16,38,凱基-中壢,2024-03-07,9285
5521,工信,122,84,38,凱基-中壢,2024-03-07,9285
00764B,群益25年美債,38,0,38,凱基-中壢,2024-03-07,9285
3390,旭軟,48,11,37,凱基-中壢,2024-03-07,9285
00891,中信關鍵半導體,55,20,35,凱基-中壢,2024-03-07,9285
00927,群益半導體收益,37,3,34,凱基-中壢,2024-03-07,9285
1717,長興,48,14,34,凱基-中壢,2024-03-07,9285
00680L,元大美債20正2,52,19,33,凱基-中壢,2024-03-07,9285
6120,達運,35,2,33,凱基-中壢,2024-03-07,9285
4755,三福化,32,1,31,凱基-中壢,2024-03-07,9285
3015,全漢,41,10,31,凱基-中壢,2024-03-07,9285
00673R,期元大S＆P原油反1,29,0,29,凱基-中壢,2024-03-07,9285
1609,大亞,60,31,29,凱基-中壢,2024-03-07,9285
6142,友勁,27,0,27,凱基-中壢,2024-03-07,9285
2420,新巨,26,0,26,凱基-中壢,2024-03-07,9285
3624,光頡,28,2,26,凱基-中壢,2024-03-07,9285
1785,光洋科,52,26,26,凱基-中壢,2024-03-07,9285
3694,海華,39,14,25,凱基-中壢,2024-03-07,9285
8112,至上,56,31,25,凱基-中壢,2024-03-07,9285
2313,華通,139,115,24,凱基-中壢,2024-03-07,9285
3078,僑威,24,1,23,凱基-中壢,2024-03-07,9285
3264,欣銓,36,13,23,凱基-中壢,2024-03-07,9285
2610,華航,33,10,23,凱基-中壢,2024-03-07,9285
6015,宏遠證,425,0,425,凱基-中壢,2024-03-08,9285
2883,凱基金,357,203,154,凱基-中壢,2024-03-08,9285
00915,凱基優選高股息30,173,53,120,凱基-中壢,2024-03-08,9285
00687B,國泰20年美債,139,23,116,凱基-中壢,2024-03-08,9285
3013,晟銘電,214,114,100,凱基-中壢,2024-03-08,9285
2367,燿華,232,138,94,凱基-中壢,2024-03-08,9285
2881,富邦金,91,8,83,凱基-中壢,2024-03-08,9285
3051,力特,92,14,78,凱基-中壢,2024-03-08,9285
6016,康和證,102,35,67,凱基-中壢,2024-03-08,9285
1815,富喬,131,64,67,凱基-中壢,2024-03-08,9285
00673R,期元大S＆P原油反1,64,0,64,凱基-中壢,2024-03-08,9285
00712,復華富時不動產,75,16,59,凱基-中壢,2024-03-08,9285
3645,達邁,52,2,50,凱基-中壢,2024-03-08,9285
1517,利奇,76,27,49,凱基-中壢,2024-03-08,9285
2449,京元電子,69,22,47,凱基-中壢,2024-03-08,9285
2855,統一證,55,9,46,凱基-中壢,2024-03-08,9285
2458,義隆,42,0,42,凱基-中壢,2024-03-08,9285
3702,大聯大,51,9,42,凱基-中壢,2024-03-08,9285
00937B,群益ESG投等債20,132,92,40,凱基-中壢,2024-03-08,9285
2809,京城銀,37,0,37,凱基-中壢,2024-03-08,9285
6197,佳必琪,45,9,36,凱基-中壢,2024-03-08,9285
4909,新復興,46,10,36,凱基-中壢,2024-03-08,9285
1522,堤維西,36,0,36,凱基-中壢,2024-03-08,9285
2344,華邦電,105,70,35,凱基-中壢,2024-03-08,9285
3202,樺晟,33,0,33,凱基-中壢,2024-03-08,9285
3390,旭軟,38,5,33,凱基-中壢,2024-03-08,9285
2851,中再保,33,0,33,凱基-中壢,2024-03-08,9285
1528,恩德,33,0,33,凱基-中壢,2024-03-08,9285
00900,富邦特選高股息30,94,63,31,凱基-中壢,2024-03-08,9285
6203,海韻電,30,0,30,凱基-中壢,2024-03-08,9285
2426,鼎元,30,0,30,凱基-中壢,2024-03-08,9285
8054,安國,51,22,29,凱基-中壢,2024-03-08,9285
8096,擎亞,38,10,28,凱基-中壢,2024-03-08,9285
8047,星雲,28,0,28,凱基-中壢,2024-03-08,9285
2845,遠東銀,27,0,27,凱基-中壢,2024-03-08,9285
5498,凱崴,90,64,26,凱基-中壢,2024-03-08,9285
00795B,中信美國公債20年,31,5,26,凱基-中壢,2024-03-08,9285
2317,鴻海,39,13,26,凱基-中壢,2024-03-08,9285
1568,倉佑,25,0,25,凱基-中壢,2024-03-08,9285
3171,炎洲流通,22,0,22,凱基-中壢,2024-03-08,9285
6125,廣運,58,36,22,凱基-中壢,2024-03-08,9285
2363,矽統,25,4,21,凱基-中壢,2024-03-08,9285
00857B,永豐20年美公債,21,0,21,凱基-中壢,2024-03-08,9285
3062,建漢,21,0,21,凱基-中壢,2024-03-08,9285
3689,湧德,24,3,21,凱基-中壢,2024-03-08,9285
1609,大亞,25,5,20,凱基-中壢,2024-03-08,9285
2611,志信,22,3,19,凱基-中壢,2024-03-08,9285
8933,愛地雅,25,6,19,凱基-中壢,2024-03-08,9285
6108,競國,20,1,19,凱基-中壢,2024-03-08,9285
3163,波若威,39,21,18,凱基-中壢,2024-03-08,9285
2851,中再保,904,0,904,凱基-中壢,2024-03-11,9285
00919,群益台灣精選高息,570,342,228,凱基-中壢,2024-03-11,9285
00937B,群益ESG投等債20,168,43,125,凱基-中壢,2024-03-11,9285
00918,大華優利高填息30,134,9,125,凱基-中壢,2024-03-11,9285
00929,復華台灣科技優息,227,110,117,凱基-中壢,2024-03-11,9285
1609,大亞,103,3,100,凱基-中壢,2024-03-11,9285
00687B,國泰20年美債,125,27,98,凱基-中壢,2024-03-11,9285
2618,長榮航,89,6,83,凱基-中壢,2024-03-11,9285
1742,台蠟,82,0,82,凱基-中壢,2024-03-11,9285
00915,凱基優選高股息30,80,7,73,凱基-中壢,2024-03-11,9285
00674R,期元大S＆P黃金反1,61,0,61,凱基-中壢,2024-03-11,9285
2303,聯電,97,41,56,凱基-中壢,2024-03-11,9285
5498,凱崴,94,39,55,凱基-中壢,2024-03-11,9285
2516,新建,52,1,51,凱基-中壢,2024-03-11,9285
8096,擎亞,50,3,47,凱基-中壢,2024-03-11,9285
2610,華航,44,2,42,凱基-中壢,2024-03-11,9285
00912,中信臺灣智慧50,39,0,39,凱基-中壢,2024-03-11,9285
00933B,國泰10Y+金融債,50,13,37,凱基-中壢,2024-03-11,9285
3669,圓展,38,1,37,凱基-中壢,2024-03-11,9285
2892,第一金,38,1,37,凱基-中壢,2024-03-11,9285
2329,華泰,62,28,34,凱基-中壢,2024-03-11,9285
2417,圓剛,37,4,33,凱基-中壢,2024-03-11,9285
4503,金雨,34,2,32,凱基-中壢,2024-03-11,9285
3312,弘憶股,42,10,32,凱基-中壢,2024-03-11,9285
1815,富喬,37,6,31,凱基-中壢,2024-03-11,9285
3450,聯鈞,43,13,30,凱基-中壢,2024-03-11,9285
9105,泰金寶-DR,30,0,30,凱基-中壢,2024-03-11,9285
1314,中石化,32,2,30,凱基-中壢,2024-03-11,9285
2888,新光金,33,4,29,凱基-中壢,2024-03-11,9285
3321,同泰,32,3,29,凱基-中壢,2024-03-11,9285
00927,群益半導體收益,34,6,28,凱基-中壢,2024-03-11,9285
3540,曜越,38,10,28,凱基-中壢,2024-03-11,9285
1101,台泥,33,7,26,凱基-中壢,2024-03-11,9285
2603,長榮,39,13,26,凱基-中壢,2024-03-11,9285
8163,達方,25,0,25,凱基-中壢,2024-03-11,9285
00665L,富邦�琤肭磪囓�2,23,0,23,凱基-中壢,2024-03-11,9285
1785,光洋科,23,0,23,凱基-中壢,2024-03-11,9285
00902,中信電池及儲能,24,1,23,凱基-中壢,2024-03-11,9285
2492,華新科,24,2,22,凱基-中壢,2024-03-11,9285
6616,特昇-KY,22,0,22,凱基-中壢,2024-03-11,9285
1514,亞力,37,17,20,凱基-中壢,2024-03-11,9285
2342,茂矽,29,9,20,凱基-中壢,2024-03-11,9285
3379,彬台,20,0,20,凱基-中壢,2024-03-11,9285
6291,沛亨,21,1,20,凱基-中壢,2024-03-11,9285
4763,材料-KY,22,3,19,凱基-中壢,2024-03-11,9285
3078,僑威,20,2,18,凱基-中壢,2024-03-11,9285
2501,國建,20,2,18,凱基-中壢,2024-03-11,9285
3512,皇龍,18,0,18,凱基-中壢,2024-03-11,9285
6781,AES-KY,20,2,18,凱基-中壢,2024-03-11,9285
2301,光寶科,22,5,17,凱基-中壢,2024-03-11,9285
00937B,群益ESG投等債20,223,60,163,凱基-中壢,2024-03-12,9285
00902,中信電池及儲能,132,5,127,凱基-中壢,2024-03-12,9285
00919,群益台灣精選高息,228,117,111,凱基-中壢,2024-03-12,9285
00665L,富邦�琤肭磪囓�2,133,57,76,凱基-中壢,2024-03-12,9285
6177,達麗,70,0,70,凱基-中壢,2024-03-12,9285
3013,晟銘電,64,1,63,凱基-中壢,2024-03-12,9285
9105,泰金寶-DR,60,0,60,凱基-中壢,2024-03-12,9285
2313,華通,158,102,56,凱基-中壢,2024-03-12,9285
00687B,國泰20年美債,63,7,56,凱基-中壢,2024-03-12,9285
00882,中信中國高股息,56,5,51,凱基-中壢,2024-03-12,9285
00733,富邦臺灣中小,50,0,50,凱基-中壢,2024-03-12,9285
912000,晨訊科-DR,49,0,49,凱基-中壢,2024-03-12,9285
2208,台船,48,0,48,凱基-中壢,2024-03-12,9285
00918,大華優利高填息30,128,81,47,凱基-中壢,2024-03-12,9285
2884,玉山金,55,9,46,凱基-中壢,2024-03-12,9285
2476,鉅祥,42,0,42,凱基-中壢,2024-03-12,9285
6026,福邦證,41,0,41,凱基-中壢,2024-03-12,9285
00830,國泰費城半導體,40,0,40,凱基-中壢,2024-03-12,9285
1471,首利,35,1,34,凱基-中壢,2024-03-12,9285
6416,瑞祺電通,38,4,34,凱基-中壢,2024-03-12,9285
3663,鑫科,37,3,34,凱基-中壢,2024-03-12,9285
2352,佳世達,31,0,31,凱基-中壢,2024-03-12,9285
3325,旭品,121,91,30,凱基-中壢,2024-03-12,9285
2365,昆盈,29,1,28,凱基-中壢,2024-03-12,9285
4763,材料-KY,29,2,27,凱基-中壢,2024-03-12,9285
3051,力特,37,11,26,凱基-中壢,2024-03-12,9285
2406,國碩,27,3,24,凱基-中壢,2024-03-12,9285
3481,群創,55,32,23,凱基-中壢,2024-03-12,9285
1449,佳和,22,0,22,凱基-中壢,2024-03-12,9285
3564,其陽,25,3,22,凱基-中壢,2024-03-12,9285
2383,台光電,30,10,20,凱基-中壢,2024-03-12,9285
1101,台泥,22,2,20,凱基-中壢,2024-03-12,9285
00719B,元大美債1-3,20,0,20,凱基-中壢,2024-03-12,9285
00674R,期元大S＆P黃金反1,20,0,20,凱基-中壢,2024-03-12,9285
2368,金像電,22,2,20,凱基-中壢,2024-03-12,9285
6213,聯茂,19,0,19,凱基-中壢,2024-03-12,9285
00934,中信成長高股息,28,9,19,凱基-中壢,2024-03-12,9285
5443,均豪,55,36,19,凱基-中壢,2024-03-12,9285
1514,亞力,52,34,18,凱基-中壢,2024-03-12,9285
6235,華孚,32,14,18,凱基-中壢,2024-03-12,9285
2722,夏都,18,0,18,凱基-中壢,2024-03-12,9285
3060,銘異,20,2,18,凱基-中壢,2024-03-12,9285
1231,聯華食,19,1,18,凱基-中壢,2024-03-12,9285
00632R,元大台灣50反1,87,70,17,凱基-中壢,2024-03-12,9285
6233,旺玖,19,2,17,凱基-中壢,2024-03-12,9285
3338,泰碩,23,6,17,凱基-中壢,2024-03-12,9285
2607,榮運,17,1,16,凱基-中壢,2024-03-12,9285
2353,宏��,52,37,15,凱基-中壢,2024-03-12,9285
3706,神達,39,24,15,凱基-中壢,2024-03-12,9285
2906,高林,15,0,15,凱基-中壢,2024-03-12,9285
00919,群益台灣精選高息,948,235,713,凱基-中壢,2024-03-13,9285
6120,達運,270,44,226,凱基-中壢,2024-03-13,9285
6015,宏遠證,260,52,208,凱基-中壢,2024-03-13,9285
00937B,群益ESG投等債20,270,68,202,凱基-中壢,2024-03-13,9285
00918,大華優利高填息30,394,209,185,凱基-中壢,2024-03-13,9285
00857B,永豐20年美公債,149,0,149,凱基-中壢,2024-03-13,9285
3231,緯創,239,94,145,凱基-中壢,2024-03-13,9285
00929,復華台灣科技優息,359,255,104,凱基-中壢,2024-03-13,9285
00915,凱基優選高股息30,110,17,93,凱基-中壢,2024-03-13,9285
1528,恩德,89,0,89,凱基-中壢,2024-03-13,9285
2836,高雄銀,66,2,64,凱基-中壢,2024-03-13,9285
3715,定穎投控,62,8,54,凱基-中壢,2024-03-13,9285
2852,第一保,52,0,52,凱基-中壢,2024-03-13,9285
00911,兆豐洲際半導體,50,0,50,凱基-中壢,2024-03-13,9285
2344,華邦電,90,40,50,凱基-中壢,2024-03-13,9285
8011,台通,129,81,48,凱基-中壢,2024-03-13,9285
6275,元山,89,42,47,凱基-中壢,2024-03-13,9285
00882,中信中國高股息,61,17,44,凱基-中壢,2024-03-13,9285
2610,華航,58,14,44,凱基-中壢,2024-03-13,9285
2421,建準,59,17,42,凱基-中壢,2024-03-13,9285
0056,元大高股息,70,28,42,凱基-中壢,2024-03-13,9285
4958,臻鼎-KY,47,5,42,凱基-中壢,2024-03-13,9285
2002,中鋼,59,19,40,凱基-中壢,2024-03-13,9285
6016,康和證,42,2,40,凱基-中壢,2024-03-13,9285
6026,福邦證,81,42,39,凱基-中壢,2024-03-13,9285
3163,波若威,86,47,39,凱基-中壢,2024-03-13,9285
2347,聯強,40,2,38,凱基-中壢,2024-03-13,9285
2383,台光電,49,13,36,凱基-中壢,2024-03-13,9285
6187,萬潤,34,0,34,凱基-中壢,2024-03-13,9285
1314,中石化,32,1,31,凱基-中壢,2024-03-13,9285
2476,鉅祥,29,0,29,凱基-中壢,2024-03-13,9285
00881,國泰台灣5G+,30,1,29,凱基-中壢,2024-03-13,9285
8040,九暘,68,40,28,凱基-中壢,2024-03-13,9285
1608,華榮,61,33,28,凱基-中壢,2024-03-13,9285
6596,寬宏藝術,33,6,27,凱基-中壢,2024-03-13,9285
00712,復華富時不動產,37,10,27,凱基-中壢,2024-03-13,9285
1522,堤維西,42,19,23,凱基-中壢,2024-03-13,9285
3702,大聯大,29,6,23,凱基-中壢,2024-03-13,9285
00931B,統一美債20年,24,1,23,凱基-中壢,2024-03-13,9285
00885,富邦越南,23,0,23,凱基-中壢,2024-03-13,9285
3289,宜特,28,6,22,凱基-中壢,2024-03-13,9285
1514,亞力,101,80,21,凱基-中壢,2024-03-13,9285
1582,信錦,32,11,21,凱基-中壢,2024-03-13,9285
2014,中鴻,21,0,21,凱基-中壢,2024-03-13,9285
5251,天鉞電,20,0,20,凱基-中壢,2024-03-13,9285
00637L,元大滬深300正2,30,11,19,凱基-中壢,2024-03-13,9285
3051,力特,22,3,19,凱基-中壢,2024-03-13,9285
00720B,元大投資級公司債,17,0,17,凱基-中壢,2024-03-13,9285
6274,台燿,23,6,17,凱基-中壢,2024-03-13,9285
5498,凱崴,35,19,16,凱基-中壢,2024-03-13,9285
00919,群益台灣精選高息,1017,556,461,凱基-中壢,2024-03-14,9285
00637L,元大滬深300正2,277,15,262,凱基-中壢,2024-03-14,9285
00882,中信中國高股息,303,72,231,凱基-中壢,2024-03-14,9285
00937B,群益ESG投等債20,190,1,189,凱基-中壢,2024-03-14,9285
2851,中再保,145,64,81,凱基-中壢,2024-03-14,9285
2367,燿華,132,59,73,凱基-中壢,2024-03-14,9285
6016,康和證,69,3,66,凱基-中壢,2024-03-14,9285
8011,台通,70,4,66,凱基-中壢,2024-03-14,9285
00679B,元大美債20年,68,11,57,凱基-中壢,2024-03-14,9285
2845,遠東銀,52,0,52,凱基-中壢,2024-03-14,9285
2603,長榮,70,26,44,凱基-中壢,2024-03-14,9285
00632R,元大台灣50反1,64,21,43,凱基-中壢,2024-03-14,9285
6120,達運,41,1,40,凱基-中壢,2024-03-14,9285
2834,臺企銀,107,67,40,凱基-中壢,2024-03-14,9285
912000,晨訊科-DR,36,0,36,凱基-中壢,2024-03-14,9285
00673R,期元大S＆P原油反1,65,30,35,凱基-中壢,2024-03-14,9285
2816,旺旺保,37,2,35,凱基-中壢,2024-03-14,9285
1810,和成,33,0,33,凱基-中壢,2024-03-14,9285
2354,鴻準,107,75,32,凱基-中壢,2024-03-14,9285
9802,鈺齊-KY,31,1,30,凱基-中壢,2024-03-14,9285
00752,中信中國50,30,0,30,凱基-中壢,2024-03-14,9285
2408,南亞科,31,1,30,凱基-中壢,2024-03-14,9285
00688L,國泰20年美債正2,30,0,30,凱基-中壢,2024-03-14,9285
4909,新復興,32,3,29,凱基-中壢,2024-03-14,9285
2609,陽明,38,10,28,凱基-中壢,2024-03-14,9285
9902,台火,34,7,27,凱基-中壢,2024-03-14,9285
1314,中石化,27,1,26,凱基-中壢,2024-03-14,9285
2885,元大金,41,16,25,凱基-中壢,2024-03-14,9285
2610,華航,31,6,25,凱基-中壢,2024-03-14,9285
3163,波若威,36,11,25,凱基-中壢,2024-03-14,9285
9945,潤泰新,28,4,24,凱基-中壢,2024-03-14,9285
2344,華邦電,26,2,24,凱基-中壢,2024-03-14,9285
00927,群益半導體收益,33,10,23,凱基-中壢,2024-03-14,9285
00918,大華優利高填息30,220,197,23,凱基-中壢,2024-03-14,9285
1528,恩德,27,5,22,凱基-中壢,2024-03-14,9285
6230,尼得科超眾,26,4,22,凱基-中壢,2024-03-14,9285
2313,華通,77,55,22,凱基-中壢,2024-03-14,9285
5386,青雲,34,13,21,凱基-中壢,2024-03-14,9285
8059,凱碩,21,0,21,凱基-中壢,2024-03-14,9285
2457,飛宏,21,0,21,凱基-中壢,2024-03-14,9285
5457,宣德,22,1,21,凱基-中壢,2024-03-14,9285
5488,松普,20,0,20,凱基-中壢,2024-03-14,9285
00641R,富邦日本反1,30,10,20,凱基-中壢,2024-03-14,9285
2427,三商電,20,0,20,凱基-中壢,2024-03-14,9285
8155,博智,20,0,20,凱基-中壢,2024-03-14,9285
3540,曜越,74,54,20,凱基-中壢,2024-03-14,9285
6770,力積電,20,0,20,凱基-中壢,2024-03-14,9285
6021,美好證,20,3,17,凱基-中壢,2024-03-14,9285
2606,裕民,17,0,17,凱基-中壢,2024-03-14,9285
3615,安可,16,0,16,凱基-中壢,2024-03-14,9285
00919,群益台灣精選高息,794,361,433,凱基-中壢,2024-03-15,9285
00753L,中信中國50正2,388,0,388,凱基-中壢,2024-03-15,9285
00650L,復華香港正2,339,77,262,凱基-中壢,2024-03-15,9285
00941,中信上游半導體,374,138,236,凱基-中壢,2024-03-15,9285
00937B,群益ESG投等債20,293,103,190,凱基-中壢,2024-03-15,9285
2618,長榮航,196,10,186,凱基-中壢,2024-03-15,9285
00673R,期元大S＆P原油反1,174,0,174,凱基-中壢,2024-03-15,9285
00679B,元大美債20年,173,20,153,凱基-中壢,2024-03-15,9285
00637L,元大滬深300正2,200,48,152,凱基-中壢,2024-03-15,9285
2834,臺企銀,303,179,124,凱基-中壢,2024-03-15,9285
2515,中工,115,0,115,凱基-中壢,2024-03-15,9285
00915,凱基優選高股息30,126,14,112,凱基-中壢,2024-03-15,9285
00665L,富邦�琤肭磪囓�2,117,12,105,凱基-中壢,2024-03-15,9285
2603,長榮,158,56,102,凱基-中壢,2024-03-15,9285
00687B,國泰20年美債,128,29,99,凱基-中壢,2024-03-15,9285
1210,大成,95,6,89,凱基-中壢,2024-03-15,9285
00882,中信中國高股息,105,16,89,凱基-中壢,2024-03-15,9285
8096,擎亞,101,12,89,凱基-中壢,2024-03-15,9285
2323,中環,116,35,81,凱基-中壢,2024-03-15,9285
2605,新興,76,5,71,凱基-中壢,2024-03-15,9285
3051,力特,89,24,65,凱基-中壢,2024-03-15,9285
2610,華航,82,21,61,凱基-中壢,2024-03-15,9285
912000,晨訊科-DR,60,0,60,凱基-中壢,2024-03-15,9285
2354,鴻準,169,113,56,凱基-中壢,2024-03-15,9285
2409,友達,67,13,54,凱基-中壢,2024-03-15,9285
00712,復華富時不動產,54,1,53,凱基-中壢,2024-03-15,9285
4934,太極,50,0,50,凱基-中壢,2024-03-15,9285
2367,燿華,75,27,48,凱基-中壢,2024-03-15,9285
6026,福邦證,40,1,39,凱基-中壢,2024-03-15,9285
2609,陽明,72,34,38,凱基-中壢,2024-03-15,9285
2356,英業達,43,6,37,凱基-中壢,2024-03-15,9285
2020,美亞,40,4,36,凱基-中壢,2024-03-15,9285
1513,中興電,82,49,33,凱基-中壢,2024-03-15,9285
4909,新復興,35,2,33,凱基-中壢,2024-03-15,9285
6668,中揚光,33,1,32,凱基-中壢,2024-03-15,9285
2634,漢翔,31,0,31,凱基-中壢,2024-03-15,9285
00720B,元大投資級公司債,32,2,30,凱基-中壢,2024-03-15,9285
2328,廣宇,32,2,30,凱基-中壢,2024-03-15,9285
1310,台苯,30,0,30,凱基-中壢,2024-03-15,9285
00688L,國泰20年美債正2,29,0,29,凱基-中壢,2024-03-15,9285
3711,日月光投控,36,7,29,凱基-中壢,2024-03-15,9285
2330,台積電,37,9,28,凱基-中壢,2024-03-15,9285
1540,喬福,28,0,28,凱基-中壢,2024-03-15,9285
2010,春源,28,0,28,凱基-中壢,2024-03-15,9285
2303,聯電,53,25,28,凱基-中壢,2024-03-15,9285
6275,元山,54,27,27,凱基-中壢,2024-03-15,9285
3024,憶聲,27,0,27,凱基-中壢,2024-03-15,9285
00715L,期街口布蘭特正2,40,13,27,凱基-中壢,2024-03-15,9285
2601,益航,26,0,26,凱基-中壢,2024-03-15,9285
2608,嘉里大榮,25,0,25,凱基-中壢,2024-03-15,9285
00919,群益台灣精選高息,561,127,434,凱基-中壢,2024-03-18,9285
00918,大華優利高填息30,128,28,100,凱基-中壢,2024-03-18,9285
4503,金雨,132,54,78,凱基-中壢,2024-03-18,9285
2303,聯電,92,22,70,凱基-中壢,2024-03-18,9285
00915,凱基優選高股息30,67,3,64,凱基-中壢,2024-03-18,9285
2834,臺企銀,79,16,63,凱基-中壢,2024-03-18,9285
1513,中興電,155,98,57,凱基-中壢,2024-03-18,9285
2610,華航,54,2,52,凱基-中壢,2024-03-18,9285
00933B,國泰10Y+金融債,53,2,51,凱基-中壢,2024-03-18,9285
00941,中信上游半導體,85,35,50,凱基-中壢,2024-03-18,9285
6491,晶碩,50,2,48,凱基-中壢,2024-03-18,9285
00878,國泰永續高股息,54,13,41,凱基-中壢,2024-03-18,9285
00680L,元大美債20正2,40,0,40,凱基-中壢,2024-03-18,9285
00830,國泰費城半導體,39,0,39,凱基-中壢,2024-03-18,9285
00679B,元大美債20年,42,6,36,凱基-中壢,2024-03-18,9285
4716,大立,36,0,36,凱基-中壢,2024-03-18,9285
00751B,元大AAA至A公司債,31,0,31,凱基-中壢,2024-03-18,9285
8059,凱碩,31,0,31,凱基-中壢,2024-03-18,9285
00687B,國泰20年美債,93,63,30,凱基-中壢,2024-03-18,9285
1308,亞聚,30,0,30,凱基-中壢,2024-03-18,9285
4707,磐亞,30,0,30,凱基-中壢,2024-03-18,9285
00937B,群益ESG投等債20,30,2,28,凱基-中壢,2024-03-18,9285
2618,長榮航,28,1,27,凱基-中壢,2024-03-18,9285
912000,晨訊科-DR,25,0,25,凱基-中壢,2024-03-18,9285
00673R,期元大S＆P原油反1,23,0,23,凱基-中壢,2024-03-18,9285
8047,星雲,23,0,23,凱基-中壢,2024-03-18,9285
3013,晟銘電,23,1,22,凱基-中壢,2024-03-18,9285
2002,中鋼,32,11,21,凱基-中壢,2024-03-18,9285
1618,合機,27,6,21,凱基-中壢,2024-03-18,9285
00664R,國泰臺灣加權反1,20,0,20,凱基-中壢,2024-03-18,9285
9103,美德醫療-DR,20,0,20,凱基-中壢,2024-03-18,9285
3062,建漢,20,0,20,凱基-中壢,2024-03-18,9285
4532,瑞智,24,4,20,凱基-中壢,2024-03-18,9285
4513,福裕,19,0,19,凱基-中壢,2024-03-18,9285
2611,志信,26,7,19,凱基-中壢,2024-03-18,9285
6414,樺漢,22,3,19,凱基-中壢,2024-03-18,9285
00706L,期元大S＆P日圓正2,18,0,18,凱基-中壢,2024-03-18,9285
6214,精誠,18,0,18,凱基-中壢,2024-03-18,9285
2449,京元電子,67,49,18,凱基-中壢,2024-03-18,9285
2609,陽明,52,35,17,凱基-中壢,2024-03-18,9285
2382,廣達,66,49,17,凱基-中壢,2024-03-18,9285
2890,永豐金,18,2,16,凱基-中壢,2024-03-18,9285
4714,永捷,83,67,16,凱基-中壢,2024-03-18,9285
1108,幸福,16,0,16,凱基-中壢,2024-03-18,9285
4958,臻鼎-KY,16,0,16,凱基-中壢,2024-03-18,9285
1815,富喬,37,21,16,凱基-中壢,2024-03-18,9285
2885,元大金,17,1,16,凱基-中壢,2024-03-18,9285
6120,達運,25,10,15,凱基-中壢,2024-03-18,9285
5871,中租-KY,17,2,15,凱基-中壢,2024-03-18,9285
1609,大亞,39,25,14,凱基-中壢,2024-03-18,9285
00937B,群益ESG投等債20,556,12,544,凱基-中壢,2024-03-19,9285
00650L,復華香港正2,377,92,285,凱基-中壢,2024-03-19,9285
00857B,永豐20年美公債,251,0,251,凱基-中壢,2024-03-19,9285
00919,群益台灣精選高息,251,104,147,凱基-中壢,2024-03-19,9285
00687B,國泰20年美債,94,0,94,凱基-中壢,2024-03-19,9285
00715L,期街口布蘭特正2,205,117,88,凱基-中壢,2024-03-19,9285
00941,中信上游半導體,88,3,85,凱基-中壢,2024-03-19,9285
6120,達運,103,24,79,凱基-中壢,2024-03-19,9285
00671R,富邦NASDAQ反1,72,0,72,凱基-中壢,2024-03-19,9285
6491,晶碩,61,1,60,凱基-中壢,2024-03-19,9285
8047,星雲,56,0,56,凱基-中壢,2024-03-19,9285
2329,華泰,77,24,53,凱基-中壢,2024-03-19,9285
2610,華航,74,21,53,凱基-中壢,2024-03-19,9285
2356,英業達,71,19,52,凱基-中壢,2024-03-19,9285
4763,材料-KY,47,1,46,凱基-中壢,2024-03-19,9285
1513,中興電,88,46,42,凱基-中壢,2024-03-19,9285
2834,臺企銀,85,43,42,凱基-中壢,2024-03-19,9285
00904,新光臺灣半導體30,40,0,40,凱基-中壢,2024-03-19,9285
00912,中信臺灣智慧50,40,0,40,凱基-中壢,2024-03-19,9285
1528,恩德,36,0,36,凱基-中壢,2024-03-19,9285
00902,中信電池及儲能,35,0,35,凱基-中壢,2024-03-19,9285
9919,康那香,34,0,34,凱基-中壢,2024-03-19,9285
8064,東捷,40,9,31,凱基-中壢,2024-03-19,9285
00706L,期元大S＆P日圓正2,31,0,31,凱基-中壢,2024-03-19,9285
4127,天良,30,0,30,凱基-中壢,2024-03-19,9285
2888,新光金,34,5,29,凱基-中壢,2024-03-19,9285
3005,神基,68,39,29,凱基-中壢,2024-03-19,9285
00929,復華台灣科技優息,188,160,28,凱基-中壢,2024-03-19,9285
9103,美德醫療-DR,28,0,28,凱基-中壢,2024-03-19,9285
3163,波若威,41,14,27,凱基-中壢,2024-03-19,9285
1524,耿鼎,32,6,26,凱基-中壢,2024-03-19,9285
5515,建國,27,1,26,凱基-中壢,2024-03-19,9285
2641,正德,25,0,25,凱基-中壢,2024-03-19,9285
1815,富喬,35,10,25,凱基-中壢,2024-03-19,9285
912000,晨訊科-DR,30,5,25,凱基-中壢,2024-03-19,9285
6443,元晶,29,5,24,凱基-中壢,2024-03-19,9285
00680L,元大美債20正2,37,13,24,凱基-中壢,2024-03-19,9285
1732,毛寶,24,0,24,凱基-中壢,2024-03-19,9285
2486,一詮,36,12,24,凱基-中壢,2024-03-19,9285
2316,楠梓電,51,27,24,凱基-中壢,2024-03-19,9285
3583,辛耘,33,10,23,凱基-中壢,2024-03-19,9285
2634,漢翔,22,0,22,凱基-中壢,2024-03-19,9285
4714,永捷,32,10,22,凱基-中壢,2024-03-19,9285
1503,士電,77,56,21,凱基-中壢,2024-03-19,9285
2609,陽明,41,20,21,凱基-中壢,2024-03-19,9285
2913,農林,21,0,21,凱基-中壢,2024-03-19,9285
1447,力鵬,20,0,20,凱基-中壢,2024-03-19,9285
2371,大同,23,3,20,凱基-中壢,2024-03-19,9285
2444,兆勁,20,0,20,凱基-中壢,2024-03-19,9285
5880,合庫金,19,0,19,凱基-中壢,2024-03-19,9285
00939,統一台灣高息動能,1800,319,1481,凱基-中壢,2024-03-20,9285
00650L,復華香港正2,833,2,831,凱基-中壢,2024-03-20,9285
00937B,群益ESG投等債20,359,92,267,凱基-中壢,2024-03-20,9285
4127,天良,155,0,155,凱基-中壢,2024-03-20,9285
2883,凱基金,137,30,107,凱基-中壢,2024-03-20,9285
2354,鴻準,177,74,103,凱基-中壢,2024-03-20,9285
1210,大成,101,0,101,凱基-中壢,2024-03-20,9285
6491,晶碩,64,0,64,凱基-中壢,2024-03-20,9285
00673R,期元大S＆P原油反1,60,0,60,凱基-中壢,2024-03-20,9285
2356,英業達,120,66,54,凱基-中壢,2024-03-20,9285
00679B,元大美債20年,54,5,49,凱基-中壢,2024-03-20,9285
2409,友達,51,7,44,凱基-中壢,2024-03-20,9285
2337,旺宏,43,0,43,凱基-中壢,2024-03-20,9285
4938,和碩,99,56,43,凱基-中壢,2024-03-20,9285
3037,欣興,70,28,42,凱基-中壢,2024-03-20,9285
00941,中信上游半導體,64,22,42,凱基-中壢,2024-03-20,9285
2834,臺企銀,49,7,42,凱基-中壢,2024-03-20,9285
2002,中鋼,46,6,40,凱基-中壢,2024-03-20,9285
2374,佳能,63,24,39,凱基-中壢,2024-03-20,9285
1101,台泥,51,13,38,凱基-中壢,2024-03-20,9285
9907,統一實,37,0,37,凱基-中壢,2024-03-20,9285
1815,富喬,43,8,35,凱基-中壢,2024-03-20,9285
2313,華通,58,24,34,凱基-中壢,2024-03-20,9285
1504,東元,146,112,34,凱基-中壢,2024-03-20,9285
00688L,國泰20年美債正2,33,0,33,凱基-中壢,2024-03-20,9285
2515,中工,36,4,32,凱基-中壢,2024-03-20,9285
2362,藍天,51,21,30,凱基-中壢,2024-03-20,9285
0056,元大高股息,48,19,29,凱基-中壢,2024-03-20,9285
6753,龍德造船,33,5,28,凱基-中壢,2024-03-20,9285
00857B,永豐20年美公債,28,1,27,凱基-中壢,2024-03-20,9285
2344,華邦電,29,2,27,凱基-中壢,2024-03-20,9285
2618,長榮航,26,0,26,凱基-中壢,2024-03-20,9285
5880,合庫金,25,0,25,凱基-中壢,2024-03-20,9285
2609,陽明,48,23,25,凱基-中壢,2024-03-20,9285
2406,國碩,25,0,25,凱基-中壢,2024-03-20,9285
5483,中美晶,43,21,22,凱基-中壢,2024-03-20,9285
2358,廷鑫,21,0,21,凱基-中壢,2024-03-20,9285
2382,廣達,36,15,21,凱基-中壢,2024-03-20,9285
3450,聯鈞,27,7,20,凱基-中壢,2024-03-20,9285
00632R,元大台灣50反1,28,8,20,凱基-中壢,2024-03-20,9285
8429,金麗-KY,20,0,20,凱基-中壢,2024-03-20,9285
2880,華南金,20,0,20,凱基-中壢,2024-03-20,9285
2809,京城銀,20,1,19,凱基-中壢,2024-03-20,9285
2317,鴻海,140,121,19,凱基-中壢,2024-03-20,9285
2891,中信金,32,14,18,凱基-中壢,2024-03-20,9285
4909,新復興,31,13,18,凱基-中壢,2024-03-20,9285
2885,元大金,17,0,17,凱基-中壢,2024-03-20,9285
2025,千興,17,0,17,凱基-中壢,2024-03-20,9285
4526,東台,21,4,17,凱基-中壢,2024-03-20,9285
2731,雄獅,22,5,17,凱基-中壢,2024-03-20,9285
00939,統一台灣高息動能,705,55,650,凱基-中壢,2024-03-21,9285
00919,群益台灣精選高息,643,281,362,凱基-中壢,2024-03-21,9285
00680L,元大美債20正2,208,0,208,凱基-中壢,2024-03-21,9285
00632R,元大台灣50反1,143,16,127,凱基-中壢,2024-03-21,9285
00937B,群益ESG投等債20,134,26,108,凱基-中壢,2024-03-21,9285
00929,復華台灣科技優息,219,122,97,凱基-中壢,2024-03-21,9285
2371,大同,105,17,88,凱基-中壢,2024-03-21,9285
2405,輔信,109,21,88,凱基-中壢,2024-03-21,9285
00635U,期元大S＆P黃金,80,0,80,凱基-中壢,2024-03-21,9285
00679B,元大美債20年,81,2,79,凱基-中壢,2024-03-21,9285
00687B,國泰20年美債,67,0,67,凱基-中壢,2024-03-21,9285
00706L,期元大S＆P日圓正2,65,0,65,凱基-中壢,2024-03-21,9285
6491,晶碩,67,5,62,凱基-中壢,2024-03-21,9285
3005,神基,110,50,60,凱基-中壢,2024-03-21,9285
3576,聯合再生,40,0,40,凱基-中壢,2024-03-21,9285
2516,新建,40,0,40,凱基-中壢,2024-03-21,9285
3033,威健,55,18,37,凱基-中壢,2024-03-21,9285
6191,精成科,48,16,32,凱基-中壢,2024-03-21,9285
6505,台塑化,30,0,30,凱基-中壢,2024-03-21,9285
00664R,國泰臺灣加權反1,30,0,30,凱基-中壢,2024-03-21,9285
00764B,群益25年美債,30,0,30,凱基-中壢,2024-03-21,9285
6026,福邦證,54,26,28,凱基-中壢,2024-03-21,9285
00927,群益半導體收益,30,2,28,凱基-中壢,2024-03-21,9285
8086,宏捷科,33,6,27,凱基-中壢,2024-03-21,9285
00688L,國泰20年美債正2,27,0,27,凱基-中壢,2024-03-21,9285
6244,茂迪,58,32,26,凱基-中壢,2024-03-21,9285
2206,三陽工業,25,2,23,凱基-中壢,2024-03-21,9285
2002,中鋼,26,3,23,凱基-中壢,2024-03-21,9285
2208,台船,49,26,23,凱基-中壢,2024-03-21,9285
00673R,期元大S＆P原油反1,23,0,23,凱基-中壢,2024-03-21,9285
6285,啟��,26,3,23,凱基-中壢,2024-03-21,9285
6207,雷科,24,2,22,凱基-中壢,2024-03-21,9285
00830,國泰費城半導體,22,0,22,凱基-中壢,2024-03-21,9285
1210,大成,21,0,21,凱基-中壢,2024-03-21,9285
1789,神隆,21,0,21,凱基-中壢,2024-03-21,9285
2025,千興,21,0,21,凱基-中壢,2024-03-21,9285
00935,野村臺灣新科技50,20,0,20,凱基-中壢,2024-03-21,9285
2610,華航,25,5,20,凱基-中壢,2024-03-21,9285
5443,均豪,65,45,20,凱基-中壢,2024-03-21,9285
8131,福懋科,20,0,20,凱基-中壢,2024-03-21,9285
1616,億泰,22,2,20,凱基-中壢,2024-03-21,9285
8155,博智,20,0,20,凱基-中壢,2024-03-21,9285
8935,邦泰,20,0,20,凱基-中壢,2024-03-21,9285
3051,力特,18,0,18,凱基-中壢,2024-03-21,9285
3013,晟銘電,18,0,18,凱基-中壢,2024-03-21,9285
00931B,統一美債20年,17,0,17,凱基-中壢,2024-03-21,9285
5292,華懋,18,1,17,凱基-中壢,2024-03-21,9285
2376,技嘉,23,6,17,凱基-中壢,2024-03-21,9285
9906,欣巴巴,16,0,16,凱基-中壢,2024-03-21,9285
4938,和碩,57,42,15,凱基-中壢,2024-03-21,9285
00650L,復華香港正2,542,0,542,凱基-中壢,2024-03-22,9285
00937B,群益ESG投等債20,444,18,426,凱基-中壢,2024-03-22,9285
00688L,國泰20年美債正2,323,4,319,凱基-中壢,2024-03-22,9285
00680L,元大美債20正2,308,2,306,凱基-中壢,2024-03-22,9285
00919,群益台灣精選高息,786,489,297,凱基-中壢,2024-03-22,9285
00939,統一台灣高息動能,387,119,268,凱基-中壢,2024-03-22,9285
00715L,期街口布蘭特正2,202,0,202,凱基-中壢,2024-03-22,9285
2208,台船,125,0,125,凱基-中壢,2024-03-22,9285
00635U,期元大S＆P黃金,100,0,100,凱基-中壢,2024-03-22,9285
8096,擎亞,106,11,95,凱基-中壢,2024-03-22,9285
1303,南亞,89,0,89,凱基-中壢,2024-03-22,9285
2356,英業達,455,370,85,凱基-中壢,2024-03-22,9285
2883,凱基金,130,70,60,凱基-中壢,2024-03-22,9285
3706,神達,289,233,56,凱基-中壢,2024-03-22,9285
6026,福邦證,53,5,48,凱基-中壢,2024-03-22,9285
2406,國碩,64,19,45,凱基-中壢,2024-03-22,9285
1503,士電,77,33,44,凱基-中壢,2024-03-22,9285
2376,技嘉,59,16,43,凱基-中壢,2024-03-22,9285
4763,材料-KY,43,2,41,凱基-中壢,2024-03-22,9285
00679B,元大美債20年,40,0,40,凱基-中壢,2024-03-22,9285
00753L,中信中國50正2,50,10,40,凱基-中壢,2024-03-22,9285
00927,群益半導體收益,39,0,39,凱基-中壢,2024-03-22,9285
6189,豐藝,72,35,37,凱基-中壢,2024-03-22,9285
3005,神基,60,25,35,凱基-中壢,2024-03-22,9285
8047,星雲,34,0,34,凱基-中壢,2024-03-22,9285
00941,中信上游半導體,77,43,34,凱基-中壢,2024-03-22,9285
2002,中鋼,34,2,32,凱基-中壢,2024-03-22,9285
1101,台泥,37,6,31,凱基-中壢,2024-03-22,9285
6015,宏遠證,30,0,30,凱基-中壢,2024-03-22,9285
00706L,期元大S＆P日圓正2,30,0,30,凱基-中壢,2024-03-22,9285
1504,東元,111,82,29,凱基-中壢,2024-03-22,9285
1785,光洋科,36,8,28,凱基-中壢,2024-03-22,9285
3260,威剛,29,2,27,凱基-中壢,2024-03-22,9285
00637L,元大滬深300正2,26,0,26,凱基-中壢,2024-03-22,9285
2359,所羅門,27,1,26,凱基-中壢,2024-03-22,9285
00915,凱基優選高股息30,32,6,26,凱基-中壢,2024-03-22,9285
2605,新興,22,1,21,凱基-中壢,2024-03-22,9285
6155,鈞寶,21,0,21,凱基-中壢,2024-03-22,9285
2467,志聖,20,0,20,凱基-中壢,2024-03-22,9285
3686,達能,20,0,20,凱基-中壢,2024-03-22,9285
00720B,元大投資級公司債,23,3,20,凱基-中壢,2024-03-22,9285
00641R,富邦日本反1,20,0,20,凱基-中壢,2024-03-22,9285
8112,至上,31,11,20,凱基-中壢,2024-03-22,9285
8021,尖點,20,0,20,凱基-中壢,2024-03-22,9285
00830,國泰費城半導體,21,1,20,凱基-中壢,2024-03-22,9285
2603,長榮,48,28,20,凱基-中壢,2024-03-22,9285
1513,中興電,226,207,19,凱基-中壢,2024-03-22,9285
3038,全台,25,6,19,凱基-中壢,2024-03-22,9285
6016,康和證,20,1,19,凱基-中壢,2024-03-22,9285
2353,宏��,82,64,18,凱基-中壢,2024-03-22,9285
2882,國泰金,494,5,489,凱基-中壢,2024-03-25,9285
00941,中信上游半導體,427,53,374,凱基-中壢,2024-03-25,9285
00937B,群益ESG投等債20,236,0,236,凱基-中壢,2024-03-25,9285
00939,統一台灣高息動能,245,13,232,凱基-中壢,2024-03-25,9285
6806,森崴能源,112,14,98,凱基-中壢,2024-03-25,9285
00919,群益台灣精選高息,249,158,91,凱基-中壢,2024-03-25,9285
00632R,元大台灣50反1,79,11,68,凱基-中壢,2024-03-25,9285
3033,威健,64,8,56,凱基-中壢,2024-03-25,9285
1316,上曜,52,4,48,凱基-中壢,2024-03-25,9285
1609,大亞,299,256,43,凱基-中壢,2024-03-25,9285
6491,晶碩,46,5,41,凱基-中壢,2024-03-25,9285
2605,新興,41,0,41,凱基-中壢,2024-03-25,9285
2353,宏��,54,16,38,凱基-中壢,2024-03-25,9285
3062,建漢,65,28,37,凱基-中壢,2024-03-25,9285
00712,復華富時不動產,36,0,36,凱基-中壢,2024-03-25,9285
00918,大華優利高填息30,36,1,35,凱基-中壢,2024-03-25,9285
1442,名軒,35,0,35,凱基-中壢,2024-03-25,9285
1815,富喬,51,18,33,凱基-中壢,2024-03-25,9285
2897,王道銀行,32,0,32,凱基-中壢,2024-03-25,9285
00725B,國泰投資級公司債,30,0,30,凱基-中壢,2024-03-25,9285
3607,谷崧,31,1,30,凱基-中壢,2024-03-25,9285
00830,國泰費城半導體,30,0,30,凱基-中壢,2024-03-25,9285
6509,聚和,29,0,29,凱基-中壢,2024-03-25,9285
2359,所羅門,30,3,27,凱基-中壢,2024-03-25,9285
1612,宏泰,34,9,25,凱基-中壢,2024-03-25,9285
5009,榮剛,27,2,25,凱基-中壢,2024-03-25,9285
3005,神基,42,18,24,凱基-中壢,2024-03-25,9285
2460,建通,24,0,24,凱基-中壢,2024-03-25,9285
2376,技嘉,33,10,23,凱基-中壢,2024-03-25,9285
1101,台泥,28,5,23,凱基-中壢,2024-03-25,9285
2025,千興,32,9,23,凱基-中壢,2024-03-25,9285
5498,凱崴,23,0,23,凱基-中壢,2024-03-25,9285
6016,康和證,23,0,23,凱基-中壢,2024-03-25,9285
00673R,期元大S＆P原油反1,23,0,23,凱基-中壢,2024-03-25,9285
2834,臺企銀,27,5,22,凱基-中壢,2024-03-25,9285
2323,中環,36,15,21,凱基-中壢,2024-03-25,9285
2471,資通,21,0,21,凱基-中壢,2024-03-25,9285
1529,樂事綠能,31,10,21,凱基-中壢,2024-03-25,9285
1504,東元,44,24,20,凱基-中壢,2024-03-25,9285
2409,友達,25,5,20,凱基-中壢,2024-03-25,9285
8111,立��,20,0,20,凱基-中壢,2024-03-25,9285
8201,無敵,23,3,20,凱基-中壢,2024-03-25,9285
2356,英業達,222,202,20,凱基-中壢,2024-03-25,9285
6139,亞翔,36,16,20,凱基-中壢,2024-03-25,9285
1616,億泰,19,0,19,凱基-中壢,2024-03-25,9285
4967,十銓,23,4,19,凱基-中壢,2024-03-25,9285
5603,陸海,18,0,18,凱基-中壢,2024-03-25,9285
2374,佳能,21,3,18,凱基-中壢,2024-03-25,9285
5426,振發,21,3,18,凱基-中壢,2024-03-25,9285
3372,典範,17,0,17,凱基-中壢,2024-03-25,9285
00939,統一台灣高息動能,608,93,515,凱基-中壢,2024-03-26,9285
6015,宏遠證,401,0,401,凱基-中壢,2024-03-26,9285
00650L,復華香港正2,382,0,382,凱基-中壢,2024-03-26,9285
00919,群益台灣精選高息,562,232,330,凱基-中壢,2024-03-26,9285
2371,大同,429,130,299,凱基-中壢,2024-03-26,9285
2303,聯電,203,22,181,凱基-中壢,2024-03-26,9285
00632R,元大台灣50反1,226,60,166,凱基-中壢,2024-03-26,9285
2367,燿華,230,96,134,凱基-中壢,2024-03-26,9285
2834,臺企銀,128,1,127,凱基-中壢,2024-03-26,9285
4909,新復興,132,20,112,凱基-中壢,2024-03-26,9285
00937B,群益ESG投等債20,224,116,108,凱基-中壢,2024-03-26,9285
2352,佳世達,109,3,106,凱基-中壢,2024-03-26,9285
00679B,元大美債20年,100,0,100,凱基-中壢,2024-03-26,9285
3231,緯創,142,42,100,凱基-中壢,2024-03-26,9285
2464,盟立,73,2,71,凱基-中壢,2024-03-26,9285
1409,新纖,54,0,54,凱基-中壢,2024-03-26,9285
00941,中信上游半導體,94,43,51,凱基-中壢,2024-03-26,9285
6191,精成科,61,15,46,凱基-中壢,2024-03-26,9285
4714,永捷,52,6,46,凱基-中壢,2024-03-26,9285
3711,日月光投控,48,3,45,凱基-中壢,2024-03-26,9285
3714,富采,45,0,45,凱基-中壢,2024-03-26,9285
6125,廣運,122,79,43,凱基-中壢,2024-03-26,9285
00671R,富邦NASDAQ反1,42,0,42,凱基-中壢,2024-03-26,9285
8112,至上,55,16,39,凱基-中壢,2024-03-26,9285
6491,晶碩,36,0,36,凱基-中壢,2024-03-26,9285
3363,上詮,38,3,35,凱基-中壢,2024-03-26,9285
2705,六福,35,1,34,凱基-中壢,2024-03-26,9285
3038,全台,34,0,34,凱基-中壢,2024-03-26,9285
8936,國統,64,33,31,凱基-中壢,2024-03-26,9285
3037,欣興,46,16,30,凱基-中壢,2024-03-26,9285
3058,立德,31,2,29,凱基-中壢,2024-03-26,9285
2382,廣達,53,25,28,凱基-中壢,2024-03-26,9285
2618,長榮航,28,0,28,凱基-中壢,2024-03-26,9285
1802,台玻,30,3,27,凱基-中壢,2024-03-26,9285
6443,元晶,47,20,27,凱基-中壢,2024-03-26,9285
2323,中環,51,25,26,凱基-中壢,2024-03-26,9285
6770,力積電,28,2,26,凱基-中壢,2024-03-26,9285
2331,精英,28,2,26,凱基-中壢,2024-03-26,9285
2882,國泰金,39,14,25,凱基-中壢,2024-03-26,9285
2049,上銀,29,5,24,凱基-中壢,2024-03-26,9285
2888,新光金,26,3,23,凱基-中壢,2024-03-26,9285
4938,和碩,30,7,23,凱基-中壢,2024-03-26,9285
00753L,中信中國50正2,22,0,22,凱基-中壢,2024-03-26,9285
00795B,中信美國公債20年,23,1,22,凱基-中壢,2024-03-26,9285
2365,昆盈,32,10,22,凱基-中壢,2024-03-26,9285
2486,一詮,43,22,21,凱基-中壢,2024-03-26,9285
00673R,期元大S＆P原油反1,21,0,21,凱基-中壢,2024-03-26,9285
2417,圓剛,44,23,21,凱基-中壢,2024-03-26,9285
1528,恩德,26,5,21,凱基-中壢,2024-03-26,9285
1513,中興電,77,56,21,凱基-中壢,2024-03-26,9285
912000,晨訊科-DR,166,1,165,凱基-中壢,2024-03-27,9285
2371,大同,226,110,116,凱基-中壢,2024-03-27,9285
00937B,群益ESG投等債20,111,0,111,凱基-中壢,2024-03-27,9285
1314,中石化,94,2,92,凱基-中壢,2024-03-27,9285
3056,富華新,84,3,81,凱基-中壢,2024-03-27,9285
5351,鈺創,75,4,71,凱基-中壢,2024-03-27,9285
6015,宏遠證,70,0,70,凱基-中壢,2024-03-27,9285
1808,潤隆,97,29,68,凱基-中壢,2024-03-27,9285
00929,復華台灣科技優息,187,128,59,凱基-中壢,2024-03-27,9285
2367,燿華,124,71,53,凱基-中壢,2024-03-27,9285
2303,聯電,58,6,52,凱基-中壢,2024-03-27,9285
3481,群創,64,15,49,凱基-中壢,2024-03-27,9285
4716,大立,49,0,49,凱基-中壢,2024-03-27,9285
2301,光寶科,48,6,42,凱基-中壢,2024-03-27,9285
1603,華電,66,24,42,凱基-中壢,2024-03-27,9285
2431,聯昌,39,0,39,凱基-中壢,2024-03-27,9285
3231,緯創,57,19,38,凱基-中壢,2024-03-27,9285
5603,陸海,36,0,36,凱基-中壢,2024-03-27,9285
3051,力特,34,0,34,凱基-中壢,2024-03-27,9285
00632R,元大台灣50反1,38,5,33,凱基-中壢,2024-03-27,9285
1905,華紙,43,10,33,凱基-中壢,2024-03-27,9285
3512,皇龍,33,1,32,凱基-中壢,2024-03-27,9285
7402,邑錡,40,9,31,凱基-中壢,2024-03-27,9285
00715L,期街口布蘭特正2,30,0,30,凱基-中壢,2024-03-27,9285
00679B,元大美債20年,36,8,28,凱基-中壢,2024-03-27,9285
2344,華邦電,28,1,27,凱基-中壢,2024-03-27,9285
2002,中鋼,27,0,27,凱基-中壢,2024-03-27,9285
3622,洋華,28,3,25,凱基-中壢,2024-03-27,9285
2511,太子,30,5,25,凱基-中壢,2024-03-27,9285
5426,振發,33,8,25,凱基-中壢,2024-03-27,9285
6163,華電網,28,4,24,凱基-中壢,2024-03-27,9285
6261,久元,35,12,23,凱基-中壢,2024-03-27,9285
5471,松翰,28,5,23,凱基-中壢,2024-03-27,9285
4503,金雨,36,13,23,凱基-中壢,2024-03-27,9285
2890,永豐金,22,0,22,凱基-中壢,2024-03-27,9285
1810,和成,24,2,22,凱基-中壢,2024-03-27,9285
00934,中信成長高股息,30,9,21,凱基-中壢,2024-03-27,9285
2323,中環,21,0,21,凱基-中壢,2024-03-27,9285
1309,台達化,20,0,20,凱基-中壢,2024-03-27,9285
2547,日勝生,30,10,20,凱基-中壢,2024-03-27,9285
4167,松瑞藥,20,0,20,凱基-中壢,2024-03-27,9285
4157,太景*-KY,21,1,20,凱基-中壢,2024-03-27,9285
1785,光洋科,18,1,17,凱基-中壢,2024-03-27,9285
4576,大銀微系統,37,20,17,凱基-中壢,2024-03-27,9285
3511,矽瑪,17,0,17,凱基-中壢,2024-03-27,9285
8033,雷虎,22,6,16,凱基-中壢,2024-03-27,9285
8011,台通,18,2,16,凱基-中壢,2024-03-27,9285
2855,統一證,17,1,16,凱基-中壢,2024-03-27,9285
4541,晟田,16,0,16,凱基-中壢,2024-03-27,9285
3708,上緯投控,23,8,15,凱基-中壢,2024-03-27,9285
2883,凱基金,461,51,410,凱基-中壢,2024-03-28,9285
1760,寶齡富錦,280,8,272,凱基-中壢,2024-03-28,9285
00882,中信中國高股息,264,0,264,凱基-中壢,2024-03-28,9285
4909,新復興,251,42,209,凱基-中壢,2024-03-28,9285
8096,擎亞,112,5,107,凱基-中壢,2024-03-28,9285
3706,神達,152,49,103,凱基-中壢,2024-03-28,9285
00857B,永豐20年美公債,100,3,97,凱基-中壢,2024-03-28,9285
00937B,群益ESG投等債20,105,21,84,凱基-中壢,2024-03-28,9285
2354,鴻準,234,155,79,凱基-中壢,2024-03-28,9285
3056,富華新,70,0,70,凱基-中壢,2024-03-28,9285
00941,中信上游半導體,69,2,67,凱基-中壢,2024-03-28,9285
00939,統一台灣高息動能,124,69,55,凱基-中壢,2024-03-28,9285
2301,光寶科,73,23,50,凱基-中壢,2024-03-28,9285
2515,中工,77,27,50,凱基-中壢,2024-03-28,9285
4716,大立,49,0,49,凱基-中壢,2024-03-28,9285
2313,華通,86,37,49,凱基-中壢,2024-03-28,9285
9105,泰金寶-DR,57,10,47,凱基-中壢,2024-03-28,9285
3005,神基,62,16,46,凱基-中壢,2024-03-28,9285
4306,炎洲,48,3,45,凱基-中壢,2024-03-28,9285
3062,建漢,100,56,44,凱基-中壢,2024-03-28,9285
3481,群創,42,6,36,凱基-中壢,2024-03-28,9285
6770,力積電,72,36,36,凱基-中壢,2024-03-28,9285
2303,聯電,67,34,33,凱基-中壢,2024-03-28,9285
2832,台產,33,0,33,凱基-中壢,2024-03-28,9285
4532,瑞智,37,5,32,凱基-中壢,2024-03-28,9285
00929,復華台灣科技優息,84,54,30,凱基-中壢,2024-03-28,9285
4714,永捷,55,27,28,凱基-中壢,2024-03-28,9285
2855,統一證,30,2,28,凱基-中壢,2024-03-28,9285
00676R,富邦臺灣加權反1,28,0,28,凱基-中壢,2024-03-28,9285
1316,上曜,45,18,27,凱基-中壢,2024-03-28,9285
3711,日月光投控,34,7,27,凱基-中壢,2024-03-28,9285
2353,宏��,35,9,26,凱基-中壢,2024-03-28,9285
00673R,期元大S＆P原油反1,50,25,25,凱基-中壢,2024-03-28,9285
6005,群益證,30,5,25,凱基-中壢,2024-03-28,9285
2406,國碩,30,6,24,凱基-中壢,2024-03-28,9285
2408,南亞科,24,0,24,凱基-中壢,2024-03-28,9285
1609,大亞,65,42,23,凱基-中壢,2024-03-28,9285
3564,其陽,26,3,23,凱基-中壢,2024-03-28,9285
1517,利奇,22,0,22,凱基-中壢,2024-03-28,9285
2363,矽統,21,0,21,凱基-中壢,2024-03-28,9285
2002,中鋼,22,2,20,凱基-中壢,2024-03-28,9285
6505,台塑化,20,0,20,凱基-中壢,2024-03-28,9285
2356,英業達,32,13,19,凱基-中壢,2024-03-28,9285
8033,雷虎,29,12,17,凱基-中壢,2024-03-28,9285
1326,台化,17,1,16,凱基-中壢,2024-03-28,9285
6143,振曜,16,0,16,凱基-中壢,2024-03-28,9285
2501,國建,16,0,16,凱基-中壢,2024-03-28,9285
2610,華航,23,7,16,凱基-中壢,2024-03-28,9285
5388,中磊,27,11,16,凱基-中壢,2024-03-28,9285
2412,中華電,18,2,16,凱基-中壢,2024-03-28,9285
00830,國泰費城半導體,82,0,82,凱基-中壢,2024-03-29,9285
5515,建國,69,1,68,凱基-中壢,2024-03-29,9285
00688L,國泰20年美債正2,75,13,62,凱基-中壢,2024-03-29,9285
2317,鴻海,192,133,59,凱基-中壢,2024-03-29,9285
2324,仁寶,70,13,57,凱基-中壢,2024-03-29,9285
2371,大同,89,35,54,凱基-中壢,2024-03-29,9285
00941,中信上游半導體,59,17,42,凱基-中壢,2024-03-29,9285
6126,信音,82,46,36,凱基-中壢,2024-03-29,9285
6026,福邦證,40,5,35,凱基-中壢,2024-03-29,9285
1104,環泥,35,0,35,凱基-中壢,2024-03-29,9285
4714,永捷,50,16,34,凱基-中壢,2024-03-29,9285
3481,群創,41,11,30,凱基-中壢,2024-03-29,9285
00929,復華台灣科技優息,67,39,28,凱基-中壢,2024-03-29,9285
2301,光寶科,63,36,27,凱基-中壢,2024-03-29,9285
6244,茂迪,38,13,25,凱基-中壢,2024-03-29,9285
4562,穎漢,28,4,24,凱基-中壢,2024-03-29,9285
2834,臺企銀,27,3,24,凱基-中壢,2024-03-29,9285
00937B,群益ESG投等債20,58,34,24,凱基-中壢,2024-03-29,9285
00671R,富邦NASDAQ反1,23,0,23,凱基-中壢,2024-03-29,9285
00706L,期元大S＆P日圓正2,93,70,23,凱基-中壢,2024-03-29,9285
00676R,富邦臺灣加權反1,23,0,23,凱基-中壢,2024-03-29,9285
00637L,元大滬深300正2,53,30,23,凱基-中壢,2024-03-29,9285
00933B,國泰10Y+金融債,22,0,22,凱基-中壢,2024-03-29,9285
2367,燿華,180,158,22,凱基-中壢,2024-03-29,9285
2881,富邦金,22,1,21,凱基-中壢,2024-03-29,9285
5309,系統電,24,3,21,凱基-中壢,2024-03-29,9285
00648R,元大S＆P500反1,21,0,21,凱基-中壢,2024-03-29,9285
6695,芯鼎,28,7,21,凱基-中壢,2024-03-29,9285
3052,夆典,21,0,21,凱基-中壢,2024-03-29,9285
1504,東元,43,23,20,凱基-中壢,2024-03-29,9285
3583,辛耘,23,3,20,凱基-中壢,2024-03-29,9285
3703,欣陸,20,0,20,凱基-中壢,2024-03-29,9285
2534,宏盛,20,0,20,凱基-中壢,2024-03-29,9285
00919,群益台灣精選高息,200,182,18,凱基-中壢,2024-03-29,9285
00669R,國泰美國道瓊反1,17,0,17,凱基-中壢,2024-03-29,9285
00878,國泰永續高股息,73,56,17,凱基-中壢,2024-03-29,9285
8121,越峰,29,13,16,凱基-中壢,2024-03-29,9285
2641,正德,16,0,16,凱基-中壢,2024-03-29,9285
4306,炎洲,16,0,16,凱基-中壢,2024-03-29,9285
3015,全漢,25,9,16,凱基-中壢,2024-03-29,9285
6684,安格,36,20,16,凱基-中壢,2024-03-29,9285
8147,正淩,19,3,16,凱基-中壢,2024-03-29,9285
1760,寶齡富錦,18,3,15,凱基-中壢,2024-03-29,9285
6462,神盾,25,10,15,凱基-中壢,2024-03-29,9285
1795,美時,16,2,14,凱基-中壢,2024-03-29,9285
3372,典範,15,1,14,凱基-中壢,2024-03-29,9285
3149,正達,16,2,14,凱基-中壢,2024-03-29,9285
3710,連展投控,20,6,14,凱基-中壢,2024-03-29,9285
3706,神達,42,28,14,凱基-中壢,2024-03-29,9285
00939,統一台灣高息動能,178,165,13,凱基-中壢,2024-03-29,9285
00940,元大台灣價值高息,2656,211,2445,凱基-中壢,2024-04-01,9285
2855,統一證,869,81,788,凱基-中壢,2024-04-01,9285
00939,統一台灣高息動能,199,1,198,凱基-中壢,2024-04-01,9285
00919,群益台灣精選高息,364,214,150,凱基-中壢,2024-04-01,9285
2883,凱基金,119,20,99,凱基-中壢,2024-04-01,9285
3231,緯創,135,39,96,凱基-中壢,2024-04-01,9285
00941,中信上游半導體,119,31,88,凱基-中壢,2024-04-01,9285
2891,中信金,93,32,61,凱基-中壢,2024-04-01,9285
00687B,國泰20年美債,61,2,59,凱基-中壢,2024-04-01,9285
00650L,復華香港正2,58,5,53,凱基-中壢,2024-04-01,9285
00902,中信電池及儲能,50,0,50,凱基-中壢,2024-04-01,9285
00665L,富邦�琤肭磪囓�2,50,3,47,凱基-中壢,2024-04-01,9285
1513,中興電,59,13,46,凱基-中壢,2024-04-01,9285
1524,耿鼎,81,37,44,凱基-中壢,2024-04-01,9285
1504,東元,61,18,43,凱基-中壢,2024-04-01,9285
2516,新建,40,0,40,凱基-中壢,2024-04-01,9285
3015,全漢,43,3,40,凱基-中壢,2024-04-01,9285
8096,擎亞,161,123,38,凱基-中壢,2024-04-01,9285
6023,元大期,37,0,37,凱基-中壢,2024-04-01,9285
9919,康那香,34,0,34,凱基-中壢,2024-04-01,9285
6753,龍德造船,30,1,29,凱基-中壢,2024-04-01,9285
1609,大亞,39,11,28,凱基-中壢,2024-04-01,9285
2881,富邦金,29,1,28,凱基-中壢,2024-04-01,9285
2371,大同,79,53,26,凱基-中壢,2024-04-01,9285
6139,亞翔,39,13,26,凱基-中壢,2024-04-01,9285
00673R,期元大S＆P原油反1,25,0,25,凱基-中壢,2024-04-01,9285
2382,廣達,69,45,24,凱基-中壢,2024-04-01,9285
0056,元大高股息,31,7,24,凱基-中壢,2024-04-01,9285
6470,宇智,24,0,24,凱基-中壢,2024-04-01,9285
00857B,永豐20年美公債,26,3,23,凱基-中壢,2024-04-01,9285
6443,元晶,25,3,22,凱基-中壢,2024-04-01,9285
4956,光鋐,25,3,22,凱基-中壢,2024-04-01,9285
6578,達邦蛋白,22,0,22,凱基-中壢,2024-04-01,9285
00680L,元大美債20正2,21,0,21,凱基-中壢,2024-04-01,9285
1714,和桐,20,0,20,凱基-中壢,2024-04-01,9285
5213,亞昕,20,0,20,凱基-中壢,2024-04-01,9285
8147,正淩,29,9,20,凱基-中壢,2024-04-01,9285
00706L,期元大S＆P日圓正2,20,0,20,凱基-中壢,2024-04-01,9285
00915,凱基優選高股息30,22,2,20,凱基-中壢,2024-04-01,9285
4562,穎漢,21,2,19,凱基-中壢,2024-04-01,9285
8033,雷虎,23,4,19,凱基-中壢,2024-04-01,9285
00885,富邦越南,18,0,18,凱基-中壢,2024-04-01,9285
00712,復華富時不動產,42,25,17,凱基-中壢,2024-04-01,9285
1587,吉茂,26,9,17,凱基-中壢,2024-04-01,9285
2363,矽統,20,3,17,凱基-中壢,2024-04-01,9285
4938,和碩,23,7,16,凱基-中壢,2024-04-01,9285
4714,永捷,33,17,16,凱基-中壢,2024-04-01,9285
1589,永冠-KY,17,1,16,凱基-中壢,2024-04-01,9285
8105,凌巨,16,0,16,凱基-中壢,2024-04-01,9285
8086,宏捷科,15,0,15,凱基-中壢,2024-04-01,9285
00929,復華台灣科技優息,448,27,421,凱基-中壢,2024-04-02,9285
00940,元大台灣價值高息,588,169,419,凱基-中壢,2024-04-02,9285
00665L,富邦�琤肭磪囓�2,266,1,265,凱基-中壢,2024-04-02,9285
6120,達運,303,100,203,凱基-中壢,2024-04-02,9285
00632R,元大台灣50反1,180,10,170,凱基-中壢,2024-04-02,9285
00687B,國泰20年美債,135,6,129,凱基-中壢,2024-04-02,9285
6491,晶碩,69,0,69,凱基-中壢,2024-04-02,9285
2371,大同,100,41,59,凱基-中壢,2024-04-02,9285
00679B,元大美債20年,79,22,57,凱基-中壢,2024-04-02,9285
00712,復華富時不動產,62,7,55,凱基-中壢,2024-04-02,9285
2301,光寶科,77,23,54,凱基-中壢,2024-04-02,9285
2356,英業達,102,50,52,凱基-中壢,2024-04-02,9285
00680L,元大美債20正2,66,14,52,凱基-中壢,2024-04-02,9285
00673R,期元大S＆P原油反1,48,0,48,凱基-中壢,2024-04-02,9285
9919,康那香,38,0,38,凱基-中壢,2024-04-02,9285
2889,國票金,35,0,35,凱基-中壢,2024-04-02,9285
00933B,國泰10Y+金融債,43,12,31,凱基-中壢,2024-04-02,9285
911868,同方友友-DR,30,0,30,凱基-中壢,2024-04-02,9285
2547,日勝生,41,12,29,凱基-中壢,2024-04-02,9285
3622,洋華,56,28,28,凱基-中壢,2024-04-02,9285
00795B,中信美國公債20年,27,0,27,凱基-中壢,2024-04-02,9285
00720B,元大投資級公司債,26,0,26,凱基-中壢,2024-04-02,9285
2401,凌陽,25,0,25,凱基-中壢,2024-04-02,9285
1528,恩德,31,6,25,凱基-中壢,2024-04-02,9285
4207,環泰,26,1,25,凱基-中壢,2024-04-02,9285
8033,雷虎,35,11,24,凱基-中壢,2024-04-02,9285
00637L,元大滬深300正2,47,23,24,凱基-中壢,2024-04-02,9285
2009,第一銅,33,10,23,凱基-中壢,2024-04-02,9285
2206,三陽工業,23,0,23,凱基-中壢,2024-04-02,9285
2010,春源,23,0,23,凱基-中壢,2024-04-02,9285
3466,德晉,25,2,23,凱基-中壢,2024-04-02,9285
2603,長榮,30,7,23,凱基-中壢,2024-04-02,9285
2344,華邦電,25,3,22,凱基-中壢,2024-04-02,9285
00751B,元大AAA至A公司債,21,0,21,凱基-中壢,2024-04-02,9285
5324,士開,22,1,21,凱基-中壢,2024-04-02,9285
2834,臺企銀,30,10,20,凱基-中壢,2024-04-02,9285
00857B,永豐20年美公債,20,0,20,凱基-中壢,2024-04-02,9285
6197,佳必琪,32,12,20,凱基-中壢,2024-04-02,9285
6227,茂綸,33,14,19,凱基-中壢,2024-04-02,9285
00633L,富邦上証正2,21,2,19,凱基-中壢,2024-04-02,9285
00676R,富邦臺灣加權反1,19,0,19,凱基-中壢,2024-04-02,9285
6005,群益證,19,0,19,凱基-中壢,2024-04-02,9285
1522,堤維西,28,9,19,凱基-中壢,2024-04-02,9285
2408,南亞科,23,5,18,凱基-中壢,2024-04-02,9285
00939,統一台灣高息動能,28,10,18,凱基-中壢,2024-04-02,9285
00664R,國泰臺灣加權反1,18,0,18,凱基-中壢,2024-04-02,9285
2354,鴻準,36,19,17,凱基-中壢,2024-04-02,9285
6288,聯嘉,27,10,17,凱基-中壢,2024-04-02,9285
1609,大亞,46,29,17,凱基-中壢,2024-04-02,9285
00772B,中信高評級公司債,17,0,17,凱基-中壢,2024-04-02,9285
00940,元大台灣價值高息,622,141,481,凱基-中壢,2024-04-03,9285
00937B,群益ESG投等債20,175,10,165,凱基-中壢,2024-04-03,9285
00679B,元大美債20年,162,6,156,凱基-中壢,2024-04-03,9285
4909,新復興,169,18,151,凱基-中壢,2024-04-03,9285
00929,復華台灣科技優息,226,83,143,凱基-中壢,2024-04-03,9285
00941,中信上游半導體,127,0,127,凱基-中壢,2024-04-03,9285
2367,燿華,133,21,112,凱基-中壢,2024-04-03,9285
2515,中工,175,88,87,凱基-中壢,2024-04-03,9285
00687B,國泰20年美債,82,7,75,凱基-中壢,2024-04-03,9285
2013,中鋼構,77,4,73,凱基-中壢,2024-04-03,9285
00919,群益台灣精選高息,81,12,69,凱基-中壢,2024-04-03,9285
2356,英業達,87,21,66,凱基-中壢,2024-04-03,9285
2440,太空梭,62,0,62,凱基-中壢,2024-04-03,9285
6116,彩晶,68,10,58,凱基-中壢,2024-04-03,9285
00680L,元大美債20正2,80,24,56,凱基-中壢,2024-04-03,9285
2812,台中銀,55,0,55,凱基-中壢,2024-04-03,9285
00719B,元大美債1-3,53,0,53,凱基-中壢,2024-04-03,9285
00927,群益半導體收益,51,0,51,凱基-中壢,2024-04-03,9285
8064,東捷,70,19,51,凱基-中壢,2024-04-03,9285
2303,聯電,54,6,48,凱基-中壢,2024-04-03,9285
2002,中鋼,74,30,44,凱基-中壢,2024-04-03,9285
0056,元大高股息,46,2,44,凱基-中壢,2024-04-03,9285
2409,友達,49,6,43,凱基-中壢,2024-04-03,9285
3706,神達,49,10,39,凱基-中壢,2024-04-03,9285
3535,晶彩科,68,30,38,凱基-中壢,2024-04-03,9285
3481,群創,40,2,38,凱基-中壢,2024-04-03,9285
3036,文曄,41,4,37,凱基-中壢,2024-04-03,9285
2317,鴻海,88,54,34,凱基-中壢,2024-04-03,9285
2618,長榮航,44,11,33,凱基-中壢,2024-04-03,9285
2027,大成鋼,31,0,31,凱基-中壢,2024-04-03,9285
6257,矽格,31,0,31,凱基-中壢,2024-04-03,9285
2355,敬鵬,31,1,30,凱基-中壢,2024-04-03,9285
6190,萬泰科,29,0,29,凱基-中壢,2024-04-03,9285
8086,宏捷科,36,7,29,凱基-中壢,2024-04-03,9285
2892,第一金,41,12,29,凱基-中壢,2024-04-03,9285
00720B,元大投資級公司債,28,0,28,凱基-中壢,2024-04-03,9285
6695,芯鼎,35,8,27,凱基-中壢,2024-04-03,9285
3624,光頡,27,0,27,凱基-中壢,2024-04-03,9285
2014,中鴻,64,37,27,凱基-中壢,2024-04-03,9285
2382,廣達,48,22,26,凱基-中壢,2024-04-03,9285
3622,洋華,26,0,26,凱基-中壢,2024-04-03,9285
3013,晟銘電,83,59,24,凱基-中壢,2024-04-03,9285
2201,裕隆,24,0,24,凱基-中壢,2024-04-03,9285
2354,鴻準,35,12,23,凱基-中壢,2024-04-03,9285
9945,潤泰新,21,0,21,凱基-中壢,2024-04-03,9285
6491,晶碩,21,0,21,凱基-中壢,2024-04-03,9285
1310,台苯,21,0,21,凱基-中壢,2024-04-03,9285
6578,達邦蛋白,25,4,21,凱基-中壢,2024-04-03,9285
006205,富邦上証,20,0,20,凱基-中壢,2024-04-03,9285
00669R,國泰美國道瓊反1,20,0,20,凱基-中壢,2024-04-03,9285
6120,達運,261,31,230,凱基-中壢,2024-04-08,9285
00929,復華台灣科技優息,312,86,226,凱基-中壢,2024-04-08,9285
00937B,群益ESG投等債20,243,24,219,凱基-中壢,2024-04-08,9285
00679B,元大美債20年,215,3,212,凱基-中壢,2024-04-08,9285
2356,英業達,187,31,156,凱基-中壢,2024-04-08,9285
00688L,國泰20年美債正2,135,10,125,凱基-中壢,2024-04-08,9285
2402,毅嘉,125,6,119,凱基-中壢,2024-04-08,9285
2303,聯電,136,18,118,凱基-中壢,2024-04-08,9285
00919,群益台灣精選高息,156,42,114,凱基-中壢,2024-04-08,9285
00687B,國泰20年美債,154,62,92,凱基-中壢,2024-04-08,9285
00940,元大台灣價值高息,418,326,92,凱基-中壢,2024-04-08,9285
2374,佳能,113,39,74,凱基-中壢,2024-04-08,9285
00939,統一台灣高息動能,94,21,73,凱基-中壢,2024-04-08,9285
00795B,中信美國公債20年,58,0,58,凱基-中壢,2024-04-08,9285
3541,西柏,51,0,51,凱基-中壢,2024-04-08,9285
4716,大立,54,4,50,凱基-中壢,2024-04-08,9285
2812,台中銀,50,2,48,凱基-中壢,2024-04-08,9285
2883,凱基金,115,68,47,凱基-中壢,2024-04-08,9285
2002,中鋼,77,31,46,凱基-中壢,2024-04-08,9285
00680L,元大美債20正2,41,0,41,凱基-中壢,2024-04-08,9285
3059,華晶科,65,27,38,凱基-中壢,2024-04-08,9285
00941,中信上游半導體,50,12,38,凱基-中壢,2024-04-08,9285
00650L,復華香港正2,46,8,38,凱基-中壢,2024-04-08,9285
4909,新復興,43,7,36,凱基-中壢,2024-04-08,9285
00673R,期元大S＆P原油反1,35,0,35,凱基-中壢,2024-04-08,9285
00706L,期元大S＆P日圓正2,62,28,34,凱基-中壢,2024-04-08,9285
2486,一詮,62,29,33,凱基-中壢,2024-04-08,9285
00720B,元大投資級公司債,32,0,32,凱基-中壢,2024-04-08,9285
00712,復華富時不動產,35,3,32,凱基-中壢,2024-04-08,9285
3537,堡達,30,0,30,凱基-中壢,2024-04-08,9285
6491,晶碩,31,1,30,凱基-中壢,2024-04-08,9285
00751B,元大AAA至A公司債,27,0,27,凱基-中壢,2024-04-08,9285
2359,所羅門,30,3,27,凱基-中壢,2024-04-08,9285
4714,永捷,41,16,25,凱基-中壢,2024-04-08,9285
00918,大華優利高填息30,26,1,25,凱基-中壢,2024-04-08,9285
1325,恆大,24,0,24,凱基-中壢,2024-04-08,9285
3231,緯創,107,83,24,凱基-中壢,2024-04-08,9285
2509,全坤建,24,1,23,凱基-中壢,2024-04-08,9285
2855,統一證,43,20,23,凱基-中壢,2024-04-08,9285
3607,谷崧,32,9,23,凱基-中壢,2024-04-08,9285
00733,富邦臺灣中小,24,1,23,凱基-中壢,2024-04-08,9285
1609,大亞,68,47,21,凱基-中壢,2024-04-08,9285
2618,長榮航,26,5,21,凱基-中壢,2024-04-08,9285
1734,杏輝,21,0,21,凱基-中壢,2024-04-08,9285
2324,仁寶,23,2,21,凱基-中壢,2024-04-08,9285
5452,佶優,27,6,21,凱基-中壢,2024-04-08,9285
6016,康和證,32,12,20,凱基-中壢,2024-04-08,9285
00722B,群益投資級電信債,20,0,20,凱基-中壢,2024-04-08,9285
1101,台泥,34,15,19,凱基-中壢,2024-04-08,9285
3032,偉訓,32,14,18,凱基-中壢,2024-04-08,9285
00637L,元大滬深300正2,404,1,403,凱基-中壢,2024-04-09,9285
00929,復華台灣科技優息,263,15,248,凱基-中壢,2024-04-09,9285
4716,大立,120,1,119,凱基-中壢,2024-04-09,9285
3360,尚立,119,1,118,凱基-中壢,2024-04-09,9285
4909,新復興,105,0,105,凱基-中壢,2024-04-09,9285
00902,中信電池及儲能,74,0,74,凱基-中壢,2024-04-09,9285
2402,毅嘉,74,3,71,凱基-中壢,2024-04-09,9285
2417,圓剛,63,2,61,凱基-中壢,2024-04-09,9285
2303,聯電,70,12,58,凱基-中壢,2024-04-09,9285
00679B,元大美債20年,68,12,56,凱基-中壢,2024-04-09,9285
2515,中工,64,12,52,凱基-中壢,2024-04-09,9285
6550,北極星藥業-KY,50,0,50,凱基-中壢,2024-04-09,9285
2371,大同,67,17,50,凱基-中壢,2024-04-09,9285
4714,永捷,47,2,45,凱基-中壢,2024-04-09,9285
00673R,期元大S＆P原油反1,40,0,40,凱基-中壢,2024-04-09,9285
00941,中信上游半導體,39,0,39,凱基-中壢,2024-04-09,9285
4934,太極,37,0,37,凱基-中壢,2024-04-09,9285
1324,地球,37,0,37,凱基-中壢,2024-04-09,9285
0056,元大高股息,55,20,35,凱基-中壢,2024-04-09,9285
2851,中再保,39,4,35,凱基-中壢,2024-04-09,9285
3491,昇達科,36,3,33,凱基-中壢,2024-04-09,9285
2812,台中銀,52,19,33,凱基-中壢,2024-04-09,9285
3450,聯鈞,37,5,32,凱基-中壢,2024-04-09,9285
2374,佳能,42,11,31,凱基-中壢,2024-04-09,9285
2476,鉅祥,36,5,31,凱基-中壢,2024-04-09,9285
00676R,富邦臺灣加權反1,30,0,30,凱基-中壢,2024-04-09,9285
00712,復華富時不動產,34,5,29,凱基-中壢,2024-04-09,9285
6274,台燿,37,9,28,凱基-中壢,2024-04-09,9285
3666,光耀,27,0,27,凱基-中壢,2024-04-09,9285
00927,群益半導體收益,27,0,27,凱基-中壢,2024-04-09,9285
3060,銘異,29,2,27,凱基-中壢,2024-04-09,9285
3231,緯創,160,133,27,凱基-中壢,2024-04-09,9285
2509,全坤建,50,24,26,凱基-中壢,2024-04-09,9285
00669R,國泰美國道瓊反1,25,0,25,凱基-中壢,2024-04-09,9285
00671R,富邦NASDAQ反1,25,0,25,凱基-中壢,2024-04-09,9285
912000,晨訊科-DR,95,70,25,凱基-中壢,2024-04-09,9285
00648R,元大S＆P500反1,25,0,25,凱基-中壢,2024-04-09,9285
00720B,元大投資級公司債,23,0,23,凱基-中壢,2024-04-09,9285
00753L,中信中國50正2,23,0,23,凱基-中壢,2024-04-09,9285
2025,千興,39,16,23,凱基-中壢,2024-04-09,9285
2022,聚亨,27,4,23,凱基-中壢,2024-04-09,9285
3706,神達,39,17,22,凱基-中壢,2024-04-09,9285
8358,金居,82,60,22,凱基-中壢,2024-04-09,9285
2313,華通,31,10,21,凱基-中壢,2024-04-09,9285
1453,大將,33,12,21,凱基-中壢,2024-04-09,9285
2537,聯上發,31,10,21,凱基-中壢,2024-04-09,9285
3541,西柏,21,0,21,凱基-中壢,2024-04-09,9285
6491,晶碩,22,2,20,凱基-中壢,2024-04-09,9285
1802,台玻,31,11,20,凱基-中壢,2024-04-09,9285
1539,巨庭,20,0,20,凱基-中壢,2024-04-09,9285
1101,台泥,511,54,457,凱基-中壢,2024-04-10,9285
00940,元大台灣價值高息,245,74,171,凱基-中壢,2024-04-10,9285
2385,群光,135,0,135,凱基-中壢,2024-04-10,9285
4909,新復興,121,0,121,凱基-中壢,2024-04-10,9285
00929,復華台灣科技優息,140,26,114,凱基-中壢,2024-04-10,9285
8096,擎亞,278,175,103,凱基-中壢,2024-04-10,9285
2812,台中銀,100,5,95,凱基-中壢,2024-04-10,9285
00941,中信上游半導體,96,2,94,凱基-中壢,2024-04-10,9285
2002,中鋼,118,30,88,凱基-中壢,2024-04-10,9285
3360,尚立,100,17,83,凱基-中壢,2024-04-10,9285
00878,國泰永續高股息,144,65,79,凱基-中壢,2024-04-10,9285
4545,銘鈺,71,0,71,凱基-中壢,2024-04-10,9285
2363,矽統,232,164,68,凱基-中壢,2024-04-10,9285
00648R,元大S＆P500反1,60,0,60,凱基-中壢,2024-04-10,9285
00632R,元大台灣50反1,133,80,53,凱基-中壢,2024-04-10,9285
00669R,國泰美國道瓊反1,50,0,50,凱基-中壢,2024-04-10,9285
00637L,元大滬深300正2,48,1,47,凱基-中壢,2024-04-10,9285
1503,士電,63,17,46,凱基-中壢,2024-04-10,9285
6547,高端疫苗,45,0,45,凱基-中壢,2024-04-10,9285
00676R,富邦臺灣加權反1,40,0,40,凱基-中壢,2024-04-10,9285
00671R,富邦NASDAQ反1,40,0,40,凱基-中壢,2024-04-10,9285
2301,光寶科,41,7,34,凱基-中壢,2024-04-10,9285
2371,大同,67,35,32,凱基-中壢,2024-04-10,9285
2382,廣達,42,10,32,凱基-中壢,2024-04-10,9285
2615,萬海,32,1,31,凱基-中壢,2024-04-10,9285
3576,聯合再生,40,9,31,凱基-中壢,2024-04-10,9285
00891,中信關鍵半導體,35,5,30,凱基-中壢,2024-04-10,9285
1524,耿鼎,30,0,30,凱基-中壢,2024-04-10,9285
3434,哲固,30,0,30,凱基-中壢,2024-04-10,9285
3363,上詮,40,11,29,凱基-中壢,2024-04-10,9285
6126,信音,28,0,28,凱基-中壢,2024-04-10,9285
3015,全漢,36,8,28,凱基-中壢,2024-04-10,9285
1513,中興電,85,60,25,凱基-中壢,2024-04-10,9285
2317,鴻海,89,63,26,凱基-中壢,2024-04-10,9285
6770,力積電,33,8,25,凱基-中壢,2024-04-10,9285
00887,永豐中國科技50大,25,0,25,凱基-中壢,2024-04-10,9285
2883,凱基金,26,2,24,凱基-中壢,2024-04-10,9285
3390,旭軟,24,1,23,凱基-中壢,2024-04-10,9285
2497,怡利電,22,0,22,凱基-中壢,2024-04-10,9285
4306,炎洲,25,3,22,凱基-中壢,2024-04-10,9285
2464,盟立,55,34,21,凱基-中壢,2024-04-10,9285
3264,欣銓,26,5,21,凱基-中壢,2024-04-10,9285
3686,達能,21,0,21,凱基-中壢,2024-04-10,9285
2376,技嘉,34,14,20,凱基-中壢,2024-04-10,9285
6425,易發,30,10,20,凱基-中壢,2024-04-10,9285
2888,新光金,57,38,19,凱基-中壢,2024-04-10,9285
2884,玉山金,20,1,19,凱基-中壢,2024-04-10,9285
2368,金像電,22,3,19,凱基-中壢,2024-04-10,9285
4541,晟田,19,1,18,凱基-中壢,2024-04-10,9285
2303,聯電,100,82,18,凱基-中壢,2024-04-10,9285
00937B,群益ESG投等債20,356,30,326,凱基-中壢,2024-04-11,9285
00679B,元大美債20年,283,28,255,凱基-中壢,2024-04-11,9285
00929,復華台灣科技優息,212,19,193,凱基-中壢,2024-04-11,9285
00712,復華富時不動產,120,0,120,凱基-中壢,2024-04-11,9285
3481,群創,214,105,109,凱基-中壢,2024-04-11,9285
00687B,國泰20年美債,131,26,105,凱基-中壢,2024-04-11,9285
1314,中石化,101,5,96,凱基-中壢,2024-04-11,9285
00650L,復華香港正2,138,46,92,凱基-中壢,2024-04-11,9285
00688L,國泰20年美債正2,91,7,84,凱基-中壢,2024-04-11,9285
00676R,富邦臺灣加權反1,77,0,77,凱基-中壢,2024-04-11,9285
2888,新光金,101,26,75,凱基-中壢,2024-04-11,9285
00722B,群益投資級電信債,70,0,70,凱基-中壢,2024-04-11,9285
1514,亞力,174,106,68,凱基-中壢,2024-04-11,9285
00637L,元大滬深300正2,66,2,64,凱基-中壢,2024-04-11,9285
00680L,元大美債20正2,56,0,56,凱基-中壢,2024-04-11,9285
4127,天良,49,0,49,凱基-中壢,2024-04-11,9285
00632R,元大台灣50反1,53,5,48,凱基-中壢,2024-04-11,9285
2630,亞航,88,43,45,凱基-中壢,2024-04-11,9285
2890,永豐金,44,0,44,凱基-中壢,2024-04-11,9285
2385,群光,42,0,42,凱基-中壢,2024-04-11,9285
2881,富邦金,36,3,33,凱基-中壢,2024-04-11,9285
3576,聯合再生,59,27,32,凱基-中壢,2024-04-11,9285
4716,大立,32,0,32,凱基-中壢,2024-04-11,9285
2705,六福,32,1,31,凱基-中壢,2024-04-11,9285
1503,士電,48,18,30,凱基-中壢,2024-04-11,9285
2002,中鋼,55,27,28,凱基-中壢,2024-04-11,9285
00720B,元大投資級公司債,27,0,27,凱基-中壢,2024-04-11,9285
00939,統一台灣高息動能,43,16,27,凱基-中壢,2024-04-11,9285
0056,元大高股息,52,25,27,凱基-中壢,2024-04-11,9285
6116,彩晶,26,0,26,凱基-中壢,2024-04-11,9285
6806,森崴能源,32,7,25,凱基-中壢,2024-04-11,9285
4533,協易機,67,42,25,凱基-中壢,2024-04-11,9285
2605,新興,35,11,24,凱基-中壢,2024-04-11,9285
2421,建準,36,13,23,凱基-中壢,2024-04-11,9285
2371,大同,65,42,23,凱基-中壢,2024-04-11,9285
8033,雷虎,31,9,22,凱基-中壢,2024-04-11,9285
6141,柏承,22,0,22,凱基-中壢,2024-04-11,9285
00753L,中信中國50正2,32,10,22,凱基-中壢,2024-04-11,9285
2429,銘旺科,20,0,20,凱基-中壢,2024-04-11,9285
1731,美吾華,20,0,20,凱基-中壢,2024-04-11,9285
1325,恆大,19,0,19,凱基-中壢,2024-04-11,9285
00931B,統一美債20年,20,1,19,凱基-中壢,2024-04-11,9285
3390,旭軟,26,7,19,凱基-中壢,2024-04-11,9285
4306,炎洲,19,0,19,凱基-中壢,2024-04-11,9285
2467,志聖,20,2,18,凱基-中壢,2024-04-11,9285
00751B,元大AAA至A公司債,18,0,18,凱基-中壢,2024-04-11,9285
3530,晶相光,20,2,18,凱基-中壢,2024-04-11,9285
00795B,中信美國公債20年,18,0,18,凱基-中壢,2024-04-11,9285
3622,洋華,19,3,16,凱基-中壢,2024-04-11,9285
2308,台達電,17,1,16,凱基-中壢,2024-04-11,9285
2867,三商壽,401,45,356,凱基-中壢,2024-04-12,9285
3450,聯鈞,319,1,318,凱基-中壢,2024-04-12,9285
00929,復華台灣科技優息,230,16,214,凱基-中壢,2024-04-12,9285
00940,元大台灣價值高息,291,89,202,凱基-中壢,2024-04-12,9285
00937B,群益ESG投等債20,153,1,152,凱基-中壢,2024-04-12,9285
00680L,元大美債20正2,146,0,146,凱基-中壢,2024-04-12,9285
00687B,國泰20年美債,138,1,137,凱基-中壢,2024-04-12,9285
1513,中興電,166,78,88,凱基-中壢,2024-04-12,9285
00894,中信小資高價30,80,0,80,凱基-中壢,2024-04-12,9285
00650L,復華香港正2,73,0,73,凱基-中壢,2024-04-12,9285
6449,鈺邦,72,2,70,凱基-中壢,2024-04-12,9285
00720B,元大投資級公司債,75,10,65,凱基-中壢,2024-04-12,9285
2610,華航,84,22,62,凱基-中壢,2024-04-12,9285
00688L,國泰20年美債正2,58,0,58,凱基-中壢,2024-04-12,9285
5521,工信,64,8,56,凱基-中壢,2024-04-12,9285
6770,力積電,60,5,55,凱基-中壢,2024-04-12,9285
2883,凱基金,50,1,49,凱基-中壢,2024-04-12,9285
00919,群益台灣精選高息,57,10,47,凱基-中壢,2024-04-12,9285
00671R,富邦NASDAQ反1,47,0,47,凱基-中壢,2024-04-12,9285
2002,中鋼,59,13,46,凱基-中壢,2024-04-12,9285
2371,大同,181,139,42,凱基-中壢,2024-04-12,9285
1815,富喬,42,1,41,凱基-中壢,2024-04-12,9285
0056,元大高股息,41,3,38,凱基-中壢,2024-04-12,9285
00882,中信中國高股息,36,0,36,凱基-中壢,2024-04-12,9285
2409,友達,35,0,35,凱基-中壢,2024-04-12,9285
1101,台泥,46,12,34,凱基-中壢,2024-04-12,9285
2382,廣達,49,16,33,凱基-中壢,2024-04-12,9285
2344,華邦電,67,36,31,凱基-中壢,2024-04-12,9285
1612,宏泰,33,2,31,凱基-中壢,2024-04-12,9285
2527,宏璟,31,1,30,凱基-中壢,2024-04-12,9285
2892,第一金,30,0,30,凱基-中壢,2024-04-12,9285
2887,台新金,29,2,27,凱基-中壢,2024-04-12,9285
2880,華南金,25,0,25,凱基-中壢,2024-04-12,9285
5515,建國,27,2,25,凱基-中壢,2024-04-12,9285
00712,復華富時不動產,35,12,23,凱基-中壢,2024-04-12,9285
8096,擎亞,137,114,23,凱基-中壢,2024-04-12,9285
6282,康舒,28,6,22,凱基-中壢,2024-04-12,9285
3178,公準,34,12,22,凱基-中壢,2024-04-12,9285
4306,炎洲,21,0,21,凱基-中壢,2024-04-12,9285
4938,和碩,22,2,20,凱基-中壢,2024-04-12,9285
2882,國泰金,22,2,20,凱基-中壢,2024-04-12,9285
00676R,富邦臺灣加權反1,20,0,20,凱基-中壢,2024-04-12,9285
2913,農林,20,0,20,凱基-中壢,2024-04-12,9285
00651R,復華香港反1,20,0,20,凱基-中壢,2024-04-12,9285
2009,第一銅,72,52,20,凱基-中壢,2024-04-12,9285
2881,富邦金,25,6,19,凱基-中壢,2024-04-12,9285
00733,富邦臺灣中小,19,0,19,凱基-中壢,2024-04-12,9285
6841,長佳智能,21,4,17,凱基-中壢,2024-04-12,9285
3294,英濟,21,4,17,凱基-中壢,2024-04-12,9285
2337,旺宏,17,0,17,凱基-中壢,2024-04-12,9285
00929,復華台灣科技優息,445,76,369,凱基-中壢,2024-04-15,9285
00650L,復華香港正2,337,0,337,凱基-中壢,2024-04-15,9285
00940,元大台灣價值高息,266,70,196,凱基-中壢,2024-04-15,9285
3450,聯鈞,175,2,173,凱基-中壢,2024-04-15,9285
00665L,富邦�琤肭磪囓�2,148,7,141,凱基-中壢,2024-04-15,9285
4960,誠美材,112,5,107,凱基-中壢,2024-04-15,9285
2367,燿華,116,47,69,凱基-中壢,2024-04-15,9285
00941,中信上游半導體,68,0,68,凱基-中壢,2024-04-15,9285
1457,宜進,67,0,67,凱基-中壢,2024-04-15,9285
00632R,元大台灣50反1,108,41,67,凱基-中壢,2024-04-15,9285
2867,三商壽,79,20,59,凱基-中壢,2024-04-15,9285
00725B,國泰投資級公司債,55,1,54,凱基-中壢,2024-04-15,9285
0056,元大高股息,75,21,54,凱基-中壢,2024-04-15,9285
1514,亞力,166,113,53,凱基-中壢,2024-04-15,9285
3013,晟銘電,68,16,52,凱基-中壢,2024-04-15,9285
00795B,中信美國公債20年,53,1,52,凱基-中壢,2024-04-15,9285
00933B,國泰10Y+金融債,66,15,51,凱基-中壢,2024-04-15,9285
00715L,期街口布蘭特正2,120,71,49,凱基-中壢,2024-04-15,9285
4533,協易機,121,72,49,凱基-中壢,2024-04-15,9285
2002,中鋼,78,30,48,凱基-中壢,2024-04-15,9285
2883,凱基金,75,28,47,凱基-中壢,2024-04-15,9285
1608,華榮,96,52,44,凱基-中壢,2024-04-15,9285
00712,復華富時不動產,48,5,43,凱基-中壢,2024-04-15,9285
8076,伍豐,43,0,43,凱基-中壢,2024-04-15,9285
3622,洋華,62,20,42,凱基-中壢,2024-04-15,9285
2344,華邦電,44,5,39,凱基-中壢,2024-04-15,9285
1314,中石化,66,30,36,凱基-中壢,2024-04-15,9285
3231,緯創,54,19,35,凱基-中壢,2024-04-15,9285
00671R,富邦NASDAQ反1,35,0,35,凱基-中壢,2024-04-15,9285
2610,華航,36,2,34,凱基-中壢,2024-04-15,9285
00937B,群益ESG投等債20,148,114,34,凱基-中壢,2024-04-15,9285
1504,東元,92,59,33,凱基-中壢,2024-04-15,9285
2409,友達,52,21,31,凱基-中壢,2024-04-15,9285
00719B,元大美債1-3,31,0,31,凱基-中壢,2024-04-15,9285
2618,長榮航,72,42,30,凱基-中壢,2024-04-15,9285
00939,統一台灣高息動能,79,51,28,凱基-中壢,2024-04-15,9285
2025,千興,32,5,27,凱基-中壢,2024-04-15,9285
00676R,富邦臺灣加權反1,26,0,26,凱基-中壢,2024-04-15,9285
2014,中鴻,31,5,26,凱基-中壢,2024-04-15,9285
8358,金居,29,5,24,凱基-中壢,2024-04-15,9285
6116,彩晶,24,0,24,凱基-中壢,2024-04-15,9285
00733,富邦臺灣中小,24,0,24,凱基-中壢,2024-04-15,9285
00918,大華優利高填息30,25,3,22,凱基-中壢,2024-04-15,9285
2206,三陽工業,33,11,22,凱基-中壢,2024-04-15,9285
2369,菱生,24,2,22,凱基-中壢,2024-04-15,9285
1612,宏泰,111,89,22,凱基-中壢,2024-04-15,9285
3712,永崴投控,40,18,22,凱基-中壢,2024-04-15,9285
2615,萬海,23,2,21,凱基-中壢,2024-04-15,9285
00927,群益半導體收益,27,6,21,凱基-中壢,2024-04-15,9285
00679B,元大美債20年,32,12,20,凱基-中壢,2024-04-15,9285
00940,元大台灣價值高息,1651,126,1525,凱基-中壢,2024-04-16,9285
00929,復華台灣科技優息,578,261,317,凱基-中壢,2024-04-16,9285
00919,群益台灣精選高息,840,529,311,凱基-中壢,2024-04-16,9285
1457,宜進,283,0,283,凱基-中壢,2024-04-16,9285
00937B,群益ESG投等債20,381,116,265,凱基-中壢,2024-04-16,9285
00939,統一台灣高息動能,319,83,236,凱基-中壢,2024-04-16,9285
00650L,復華香港正2,170,2,168,凱基-中壢,2024-04-16,9285
00712,復華富時不動產,109,0,109,凱基-中壢,2024-04-16,9285
0056,元大高股息,129,23,106,凱基-中壢,2024-04-16,9285
1609,大亞,306,208,98,凱基-中壢,2024-04-16,9285
00941,中信上游半導體,118,29,89,凱基-中壢,2024-04-16,9285
2344,華邦電,102,15,87,凱基-中壢,2024-04-16,9285
4960,誠美材,93,11,82,凱基-中壢,2024-04-16,9285
8076,伍豐,69,0,69,凱基-中壢,2024-04-16,9285
3231,緯創,99,39,60,凱基-中壢,2024-04-16,9285
00927,群益半導體收益,70,14,56,凱基-中壢,2024-04-16,9285
00878,國泰永續高股息,164,109,55,凱基-中壢,2024-04-16,9285
9105,泰金寶-DR,60,5,55,凱基-中壢,2024-04-16,9285
00733,富邦臺灣中小,59,5,54,凱基-中壢,2024-04-16,9285
00679B,元大美債20年,60,7,53,凱基-中壢,2024-04-16,9285
2888,新光金,58,5,53,凱基-中壢,2024-04-16,9285
2374,佳能,85,32,53,凱基-中壢,2024-04-16,9285
1513,中興電,146,93,53,凱基-中壢,2024-04-16,9285
4127,天良,54,4,50,凱基-中壢,2024-04-16,9285
00722B,群益投資級電信債,50,1,49,凱基-中壢,2024-04-16,9285
2515,中工,63,15,48,凱基-中壢,2024-04-16,9285
2610,華航,52,6,46,凱基-中壢,2024-04-16,9285
2634,漢翔,62,16,46,凱基-中壢,2024-04-16,9285
2020,美亞,45,0,45,凱基-中壢,2024-04-16,9285
2892,第一金,48,4,44,凱基-中壢,2024-04-16,9285
2618,長榮航,44,3,41,凱基-中壢,2024-04-16,9285
2317,鴻海,116,76,40,凱基-中壢,2024-04-16,9285
00888,永豐台灣ESG,39,0,39,凱基-中壢,2024-04-16,9285
2887,台新金,41,2,39,凱基-中壢,2024-04-16,9285
00882,中信中國高股息,39,0,39,凱基-中壢,2024-04-16,9285
6282,康舒,38,2,36,凱基-中壢,2024-04-16,9285
3622,洋華,43,7,36,凱基-中壢,2024-04-16,9285
2206,三陽工業,38,2,36,凱基-中壢,2024-04-16,9285
1618,合機,121,85,36,凱基-中壢,2024-04-16,9285
00918,大華優利高填息30,61,25,36,凱基-中壢,2024-04-16,9285
2630,亞航,80,45,35,凱基-中壢,2024-04-16,9285
2301,光寶科,39,4,35,凱基-中壢,2024-04-16,9285
00688L,國泰20年美債正2,36,1,35,凱基-中壢,2024-04-16,9285
2401,凌陽,48,13,35,凱基-中壢,2024-04-16,9285
2897,王道銀行,35,1,34,凱基-中壢,2024-04-16,9285
2834,臺企銀,57,24,33,凱基-中壢,2024-04-16,9285
6116,彩晶,59,26,33,凱基-中壢,2024-04-16,9285
3481,群創,53,22,31,凱基-中壢,2024-04-16,9285
00720B,元大投資級公司債,31,0,31,凱基-中壢,2024-04-16,9285
3712,永崴投控,33,2,31,凱基-中壢,2024-04-16,9285
00937B,群益ESG投等債20,370,13,357,凱基-中壢,2024-04-17,9285
00929,復華台灣科技優息,322,28,294,凱基-中壢,2024-04-17,9285
00940,元大台灣價值高息,326,33,293,凱基-中壢,2024-04-17,9285
00650L,復華香港正2,218,0,218,凱基-中壢,2024-04-17,9285
00882,中信中國高股息,204,7,197,凱基-中壢,2024-04-17,9285
0056,元大高股息,116,13,103,凱基-中壢,2024-04-17,9285
00637L,元大滬深300正2,103,3,100,凱基-中壢,2024-04-17,9285
00719B,元大美債1-3,130,30,100,凱基-中壢,2024-04-17,9285
00919,群益台灣精選高息,121,34,87,凱基-中壢,2024-04-17,9285
2618,長榮航,81,0,81,凱基-中壢,2024-04-17,9285
2367,燿華,122,44,78,凱基-中壢,2024-04-17,9285
00712,復華富時不動產,97,25,72,凱基-中壢,2024-04-17,9285
3481,群創,89,24,65,凱基-中壢,2024-04-17,9285
00679B,元大美債20年,154,90,64,凱基-中壢,2024-04-17,9285
1314,中石化,64,0,64,凱基-中壢,2024-04-17,9285
3231,緯創,100,37,63,凱基-中壢,2024-04-17,9285
00722B,群益投資級電信債,60,0,60,凱基-中壢,2024-04-17,9285
00669R,國泰美國道瓊反1,60,0,60,凱基-中壢,2024-04-17,9285
00632R,元大台灣50反1,106,50,56,凱基-中壢,2024-04-17,9285
00902,中信電池及儲能,55,0,55,凱基-中壢,2024-04-17,9285
00725B,國泰投資級公司債,53,0,53,凱基-中壢,2024-04-17,9285
2515,中工,63,11,52,凱基-中壢,2024-04-17,9285
2527,宏璟,51,0,51,凱基-中壢,2024-04-17,9285
2344,華邦電,56,6,50,凱基-中壢,2024-04-17,9285
6770,力積電,56,11,45,凱基-中壢,2024-04-17,9285
2353,宏��,59,17,42,凱基-中壢,2024-04-17,9285
2103,台橡,40,1,39,凱基-中壢,2024-04-17,9285
3294,英濟,44,5,39,凱基-中壢,2024-04-17,9285
4526,東台,38,0,38,凱基-中壢,2024-04-17,9285
912000,晨訊科-DR,45,10,35,凱基-中壢,2024-04-17,9285
00891,中信關鍵半導體,37,2,35,凱基-中壢,2024-04-17,9285
2303,聯電,40,6,34,凱基-中壢,2024-04-17,9285
00720B,元大投資級公司債,53,20,33,凱基-中壢,2024-04-17,9285
2356,英業達,38,7,31,凱基-中壢,2024-04-17,9285
2408,南亞科,31,0,31,凱基-中壢,2024-04-17,9285
00676R,富邦臺灣加權反1,30,0,30,凱基-中壢,2024-04-17,9285
00878,國泰永續高股息,48,19,29,凱基-中壢,2024-04-17,9285
2301,光寶科,32,3,29,凱基-中壢,2024-04-17,9285
2834,臺企銀,29,0,29,凱基-中壢,2024-04-17,9285
6126,信音,28,1,27,凱基-中壢,2024-04-17,9285
2409,友達,26,0,26,凱基-中壢,2024-04-17,9285
2838,聯邦銀,25,0,25,凱基-中壢,2024-04-17,9285
2459,敦吉,25,0,25,凱基-中壢,2024-04-17,9285
2436,偉詮電,24,1,23,凱基-中壢,2024-04-17,9285
1616,億泰,25,2,23,凱基-中壢,2024-04-17,9285
4726,永昕,23,0,23,凱基-中壢,2024-04-17,9285
6548,長科*,32,10,22,凱基-中壢,2024-04-17,9285
2402,毅嘉,21,0,21,凱基-中壢,2024-04-17,9285
2009,第一銅,54,33,21,凱基-中壢,2024-04-17,9285
2617,台航,20,0,20,凱基-中壢,2024-04-17,9285
2891,中信金,744,16,728,凱基-中壢,2024-04-18,9285
6770,力積電,201,8,193,凱基-中壢,2024-04-18,9285
0056,元大高股息,166,11,155,凱基-中壢,2024-04-18,9285
00929,復華台灣科技優息,164,27,137,凱基-中壢,2024-04-18,9285
1605,華新,227,141,86,凱基-中壢,2024-04-18,9285
2838,聯邦銀,81,0,81,凱基-中壢,2024-04-18,9285
00940,元大台灣價值高息,143,71,72,凱基-中壢,2024-04-18,9285
912000,晨訊科-DR,70,0,70,凱基-中壢,2024-04-18,9285
2371,大同,247,178,69,凱基-中壢,2024-04-18,9285
00645,富邦日本,50,1,49,凱基-中壢,2024-04-18,9285
5230,雷笛克光學,46,1,45,凱基-中壢,2024-04-18,9285
00937B,群益ESG投等債20,68,26,42,凱基-中壢,2024-04-18,9285
2883,凱基金,46,6,40,凱基-中壢,2024-04-18,9285
00939,統一台灣高息動能,52,13,39,凱基-中壢,2024-04-18,9285
3004,豐達科,39,0,39,凱基-中壢,2024-04-18,9285
2329,華泰,66,27,39,凱基-中壢,2024-04-18,9285
2867,三商壽,46,7,39,凱基-中壢,2024-04-18,9285
00919,群益台灣精選高息,96,57,39,凱基-中壢,2024-04-18,9285
2344,華邦電,44,7,37,凱基-中壢,2024-04-18,9285
00632R,元大台灣50反1,127,90,37,凱基-中壢,2024-04-18,9285
1513,中興電,154,118,36,凱基-中壢,2024-04-18,9285
2353,宏��,36,3,33,凱基-中壢,2024-04-18,9285
6125,廣運,45,13,32,凱基-中壢,2024-04-18,9285
2367,燿華,154,124,30,凱基-中壢,2024-04-18,9285
00933B,國泰10Y+金融債,31,2,29,凱基-中壢,2024-04-18,9285
2511,太子,45,17,28,凱基-中壢,2024-04-18,9285
2705,六福,31,3,28,凱基-中壢,2024-04-18,9285
2101,南港,27,0,27,凱基-中壢,2024-04-18,9285
00720B,元大投資級公司債,27,0,27,凱基-中壢,2024-04-18,9285
00713,元大台灣高息低波,26,0,26,凱基-中壢,2024-04-18,9285
1612,宏泰,79,54,25,凱基-中壢,2024-04-18,9285
1504,東元,112,87,25,凱基-中壢,2024-04-18,9285
00715L,期街口布蘭特正2,34,10,24,凱基-中壢,2024-04-18,9285
2618,長榮航,50,26,24,凱基-中壢,2024-04-18,9285
2303,聯電,24,1,23,凱基-中壢,2024-04-18,9285
2501,國建,33,10,23,凱基-中壢,2024-04-18,9285
3296,勝德,21,0,21,凱基-中壢,2024-04-18,9285
00676R,富邦臺灣加權反1,20,0,20,凱基-中壢,2024-04-18,9285
2010,春源,33,13,20,凱基-中壢,2024-04-18,9285
2462,良得電,20,0,20,凱基-中壢,2024-04-18,9285
00712,復華富時不動產,19,0,19,凱基-中壢,2024-04-18,9285
2610,華航,26,8,18,凱基-中壢,2024-04-18,9285
00881,國泰台灣5G+,20,2,18,凱基-中壢,2024-04-18,9285
3015,全漢,21,3,18,凱基-中壢,2024-04-18,9285
8054,安國,47,29,18,凱基-中壢,2024-04-18,9285
3622,洋華,76,59,17,凱基-中壢,2024-04-18,9285
5515,建國,19,3,16,凱基-中壢,2024-04-18,9285
1785,光洋科,28,12,16,凱基-中壢,2024-04-18,9285
6282,康舒,29,13,16,凱基-中壢,2024-04-18,9285
3062,建漢,17,1,16,凱基-中壢,2024-04-18,9285
00929,復華台灣科技優息,812,142,670,凱基-中壢,2024-04-19,9285
00940,元大台灣價值高息,768,158,610,凱基-中壢,2024-04-19,9285
00664R,國泰臺灣加權反1,300,4,296,凱基-中壢,2024-04-19,9285
00688L,國泰20年美債正2,255,14,241,凱基-中壢,2024-04-19,9285
00939,統一台灣高息動能,305,66,239,凱基-中壢,2024-04-19,9285
0056,元大高股息,272,41,231,凱基-中壢,2024-04-19,9285
00919,群益台灣精選高息,381,171,210,凱基-中壢,2024-04-19,9285
00941,中信上游半導體,206,20,186,凱基-中壢,2024-04-19,9285
2371,大同,451,279,172,凱基-中壢,2024-04-19,9285
2547,日勝生,279,108,171,凱基-中壢,2024-04-19,9285
00650L,復華香港正2,161,2,159,凱基-中壢,2024-04-19,9285
00878,國泰永續高股息,229,88,141,凱基-中壢,2024-04-19,9285
2002,中鋼,140,4,136,凱基-中壢,2024-04-19,9285
2330,台積電,195,60,135,凱基-中壢,2024-04-19,9285
00715L,期街口布蘭特正2,122,7,115,凱基-中壢,2024-04-19,9285
2303,聯電,116,29,87,凱基-中壢,2024-04-19,9285
2101,南港,106,27,79,凱基-中壢,2024-04-19,9285
2352,佳世達,83,6,77,凱基-中壢,2024-04-19,9285
1314,中石化,86,11,75,凱基-中壢,2024-04-19,9285
4716,大立,90,15,75,凱基-中壢,2024-04-19,9285
2515,中工,256,182,74,凱基-中壢,2024-04-19,9285
9951,皇田,65,0,65,凱基-中壢,2024-04-19,9285
6770,力積電,231,169,62,凱基-中壢,2024-04-19,9285
2317,鴻海,89,30,59,凱基-中壢,2024-04-19,9285
1101,台泥,58,1,57,凱基-中壢,2024-04-19,9285
2618,長榮航,67,11,56,凱基-中壢,2024-04-19,9285
8936,國統,79,26,53,凱基-中壢,2024-04-19,9285
3481,群創,61,10,51,凱基-中壢,2024-04-19,9285
00642U,期元大S＆P石油,49,0,49,凱基-中壢,2024-04-19,9285
00937B,群益ESG投等債20,105,57,48,凱基-中壢,2024-04-19,9285
2506,太設,45,0,45,凱基-中壢,2024-04-19,9285
6168,宏齊,50,5,45,凱基-中壢,2024-04-19,9285
2892,第一金,45,0,45,凱基-中壢,2024-04-19,9285
9955,佳龍,90,47,43,凱基-中壢,2024-04-19,9285
3622,洋華,50,8,42,凱基-中壢,2024-04-19,9285
1504,東元,94,52,42,凱基-中壢,2024-04-19,9285
00942B,台新美A公司債20+,50,10,40,凱基-中壢,2024-04-19,9285
2630,亞航,74,35,39,凱基-中壢,2024-04-19,9285
1609,大亞,407,368,39,凱基-中壢,2024-04-19,9285
3231,緯創,69,31,38,凱基-中壢,2024-04-19,9285
00918,大華優利高填息30,64,28,36,凱基-中壢,2024-04-19,9285
00891,中信關鍵半導體,37,1,36,凱基-中壢,2024-04-19,9285
2834,臺企銀,43,7,36,凱基-中壢,2024-04-19,9285
3708,上緯投控,43,8,35,凱基-中壢,2024-04-19,9285
9933,中鼎,38,4,34,凱基-中壢,2024-04-19,9285
1608,華榮,188,154,34,凱基-中壢,2024-04-19,9285
2329,華泰,64,31,33,凱基-中壢,2024-04-19,9285
2409,友達,37,4,33,凱基-中壢,2024-04-19,9285
2324,仁寶,34,1,33,凱基-中壢,2024-04-19,9285
2520,冠德,83,51,32,凱基-中壢,2024-04-19,9285
00929,復華台灣科技優息,683,152,531,凱基-中壢,2024-04-22,9285
00940,元大台灣價值高息,362,59,303,凱基-中壢,2024-04-22,9285
1609,大亞,372,174,198,凱基-中壢,2024-04-22,9285
2371,大同,429,244,185,凱基-中壢,2024-04-22,9285
00939,統一台灣高息動能,190,8,182,凱基-中壢,2024-04-22,9285
00919,群益台灣精選高息,216,37,179,凱基-中壢,2024-04-22,9285
00878,國泰永續高股息,165,8,157,凱基-中壢,2024-04-22,9285
00715L,期街口布蘭特正2,237,120,117,凱基-中壢,2024-04-22,9285
8096,擎亞,116,4,112,凱基-中壢,2024-04-22,9285
5512,力麒,191,80,111,凱基-中壢,2024-04-22,9285
2845,遠東銀,100,0,100,凱基-中壢,2024-04-22,9285
00937B,群益ESG投等債20,158,59,99,凱基-中壢,2024-04-22,9285
2303,聯電,105,7,98,凱基-中壢,2024-04-22,9285
2515,中工,288,196,92,凱基-中壢,2024-04-22,9285
5531,鄉林,91,5,86,凱基-中壢,2024-04-22,9285
1785,光洋科,54,0,54,凱基-中壢,2024-04-22,9285
4532,瑞智,59,6,53,凱基-中壢,2024-04-22,9285
2801,彰銀,58,6,52,凱基-中壢,2024-04-22,9285
4956,光鋐,51,0,51,凱基-中壢,2024-04-22,9285
00902,中信電池及儲能,50,2,48,凱基-中壢,2024-04-22,9285
3231,緯創,74,30,44,凱基-中壢,2024-04-22,9285
4909,新復興,48,4,44,凱基-中壢,2024-04-22,9285
5533,皇鼎,39,1,38,凱基-中壢,2024-04-22,9285
2511,太子,55,17,38,凱基-中壢,2024-04-22,9285
0056,元大高股息,60,24,36,凱基-中壢,2024-04-22,9285
2520,冠德,70,35,35,凱基-中壢,2024-04-22,9285
2002,中鋼,50,15,35,凱基-中壢,2024-04-22,9285
2509,全坤建,35,1,34,凱基-中壢,2024-04-22,9285
2330,台積電,55,21,34,凱基-中壢,2024-04-22,9285
4167,松瑞藥,38,6,32,凱基-中壢,2024-04-22,9285
5230,雷笛克光學,67,35,32,凱基-中壢,2024-04-22,9285
8473,山林水,42,10,32,凱基-中壢,2024-04-22,9285
2634,漢翔,71,40,31,凱基-中壢,2024-04-22,9285
2609,陽明,76,46,30,凱基-中壢,2024-04-22,9285
1616,億泰,62,34,28,凱基-中壢,2024-04-22,9285
2457,飛宏,29,1,28,凱基-中壢,2024-04-22,9285
6005,群益證,38,11,27,凱基-中壢,2024-04-22,9285
2010,春源,27,1,26,凱基-中壢,2024-04-22,9285
2505,國揚,35,9,26,凱基-中壢,2024-04-22,9285
8121,越峰,28,3,25,凱基-中壢,2024-04-22,9285
6190,萬泰科,30,5,25,凱基-中壢,2024-04-22,9285
2409,友達,24,0,24,凱基-中壢,2024-04-22,9285
3015,全漢,37,13,24,凱基-中壢,2024-04-22,9285
2101,南港,64,40,24,凱基-中壢,2024-04-22,9285
00687B,國泰20年美債,28,5,23,凱基-中壢,2024-04-22,9285
8054,安國,66,43,23,凱基-中壢,2024-04-22,9285
1815,富喬,35,13,22,凱基-中壢,2024-04-22,9285
8088,品安,21,0,21,凱基-中壢,2024-04-22,9285
00941,中信上游半導體,20,0,20,凱基-中壢,2024-04-22,9285
2514,龍邦,21,1,20,凱基-中壢,2024-04-22,9285
2367,燿華,109,3,106,凱基-中壢,2024-04-23,9285
4909,新復興,110,5,105,凱基-中壢,2024-04-23,9285
00929,復華台灣科技優息,234,139,95,凱基-中壢,2024-04-23,9285
00919,群益台灣精選高息,103,10,93,凱基-中壢,2024-04-23,9285
2515,中工,139,54,85,凱基-中壢,2024-04-23,9285
6449,鈺邦,85,4,81,凱基-中壢,2024-04-23,9285
2382,廣達,83,20,63,凱基-中壢,2024-04-23,9285
00940,元大台灣價值高息,101,46,55,凱基-中壢,2024-04-23,9285
00939,統一台灣高息動能,51,2,49,凱基-中壢,2024-04-23,9285
1742,台蠟,46,0,46,凱基-中壢,2024-04-23,9285
00878,國泰永續高股息,99,55,44,凱基-中壢,2024-04-23,9285
6005,群益證,47,6,41,凱基-中壢,2024-04-23,9285
2241,艾姆勒,49,12,37,凱基-中壢,2024-04-23,9285
1316,上曜,54,18,36,凱基-中壢,2024-04-23,9285
00671R,富邦NASDAQ反1,35,0,35,凱基-中壢,2024-04-23,9285
2356,英業達,37,3,34,凱基-中壢,2024-04-23,9285
00632R,元大台灣50反1,242,210,32,凱基-中壢,2024-04-23,9285
912000,晨訊科-DR,30,0,30,凱基-中壢,2024-04-23,9285
2845,遠東銀,35,5,30,凱基-中壢,2024-04-23,9285
1609,大亞,148,119,29,凱基-中壢,2024-04-23,9285
2832,台產,28,0,28,凱基-中壢,2024-04-23,9285
00676R,富邦臺灣加權反1,27,0,27,凱基-中壢,2024-04-23,9285
6116,彩晶,30,3,27,凱基-中壢,2024-04-23,9285
00664R,國泰臺灣加權反1,26,0,26,凱基-中壢,2024-04-23,9285
3312,弘憶股,24,0,24,凱基-中壢,2024-04-23,9285
3015,全漢,24,0,24,凱基-中壢,2024-04-23,9285
1504,東元,33,9,24,凱基-中壢,2024-04-23,9285
3715,定穎投控,31,9,22,凱基-中壢,2024-04-23,9285
3702,大聯大,21,0,21,凱基-中壢,2024-04-23,9285
2317,鴻海,29,8,21,凱基-中壢,2024-04-23,9285
8147,正淩,20,0,20,凱基-中壢,2024-04-23,9285
2014,中鴻,20,0,20,凱基-中壢,2024-04-23,9285
2501,國建,36,17,19,凱基-中壢,2024-04-23,9285
1815,富喬,22,4,18,凱基-中壢,2024-04-23,9285
0056,元大高股息,31,13,18,凱基-中壢,2024-04-23,9285
1503,士電,31,14,17,凱基-中壢,2024-04-23,9285
2353,宏��,26,9,17,凱基-中壢,2024-04-23,9285
1605,華新,22,6,16,凱基-中壢,2024-04-23,9285
2393,億光,17,1,16,凱基-中壢,2024-04-23,9285
2603,長榮,28,12,16,凱基-中壢,2024-04-23,9285
2537,聯上發,25,10,15,凱基-中壢,2024-04-23,9285
3481,群創,100,86,14,凱基-中壢,2024-04-23,9285
00918,大華優利高填息30,13,0,13,凱基-中壢,2024-04-23,9285
2359,所羅門,17,4,13,凱基-中壢,2024-04-23,9285
00885,富邦越南,13,0,13,凱基-中壢,2024-04-23,9285
00915,凱基優選高股息30,13,0,13,凱基-中壢,2024-04-23,9285
2301,光寶科,14,1,13,凱基-中壢,2024-04-23,9285
2489,瑞軒,17,5,12,凱基-中壢,2024-04-23,9285
3030,德律,19,7,12,凱基-中壢,2024-04-23,9285
3576,聯合再生,15,3,12,凱基-中壢,2024-04-23,9285
00637L,元大滬深300正2,535,0,535,凱基-中壢,2024-04-24,9285
00929,復華台灣科技優息,207,42,165,凱基-中壢,2024-04-24,9285
00937B,群益ESG投等債20,164,11,153,凱基-中壢,2024-04-24,9285
00919,群益台灣精選高息,103,6,97,凱基-中壢,2024-04-24,9285
1742,台蠟,79,0,79,凱基-中壢,2024-04-24,9285
3231,緯創,139,69,70,凱基-中壢,2024-04-24,9285
2374,佳能,72,11,61,凱基-中壢,2024-04-24,9285
00632R,元大台灣50反1,112,52,60,凱基-中壢,2024-04-24,9285
2408,南亞科,62,9,53,凱基-中壢,2024-04-24,9285
4532,瑞智,53,4,49,凱基-中壢,2024-04-24,9285
00881,國泰台灣5G+,68,20,48,凱基-中壢,2024-04-24,9285
00927,群益半導體收益,47,1,46,凱基-中壢,2024-04-24,9285
1616,億泰,60,18,42,凱基-中壢,2024-04-24,9285
00679B,元大美債20年,45,3,42,凱基-中壢,2024-04-24,9285
2613,中櫃,40,0,40,凱基-中壢,2024-04-24,9285
3006,晶豪科,44,4,40,凱基-中壢,2024-04-24,9285
5324,士開,40,2,38,凱基-中壢,2024-04-24,9285
3703,欣陸,65,27,38,凱基-中壢,2024-04-24,9285
2486,一詮,45,10,35,凱基-中壢,2024-04-24,9285
2409,友達,36,2,34,凱基-中壢,2024-04-24,9285
3481,群創,40,10,30,凱基-中壢,2024-04-24,9285
00671R,富邦NASDAQ反1,30,0,30,凱基-中壢,2024-04-24,9285
2511,太子,29,0,29,凱基-中壢,2024-04-24,9285
00687B,國泰20年美債,30,3,27,凱基-中壢,2024-04-24,9285
2303,聯電,41,14,27,凱基-中壢,2024-04-24,9285
00676R,富邦臺灣加權反1,26,0,26,凱基-中壢,2024-04-24,9285
2889,國票金,25,0,25,凱基-中壢,2024-04-24,9285
2329,華泰,57,32,25,凱基-中壢,2024-04-24,9285
00680L,元大美債20正2,27,3,24,凱基-中壢,2024-04-24,9285
1101,台泥,22,0,22,凱基-中壢,2024-04-24,9285
2344,華邦電,23,1,22,凱基-中壢,2024-04-24,9285
2845,遠東銀,24,2,22,凱基-中壢,2024-04-24,9285
1457,宜進,20,0,20,凱基-中壢,2024-04-24,9285
3591,艾笛森,20,0,20,凱基-中壢,2024-04-24,9285
8147,正淩,20,0,20,凱基-中壢,2024-04-24,9285
3284,太普高,20,0,20,凱基-中壢,2024-04-24,9285
3015,全漢,20,0,20,凱基-中壢,2024-04-24,9285
3715,定穎投控,39,19,20,凱基-中壢,2024-04-24,9285
00891,中信關鍵半導體,20,2,18,凱基-中壢,2024-04-24,9285
00915,凱基優選高股息30,23,5,18,凱基-中壢,2024-04-24,9285
3024,憶聲,24,6,18,凱基-中壢,2024-04-24,9285
00936,台新永續高息中小,17,0,17,凱基-中壢,2024-04-24,9285
6491,晶碩,16,0,16,凱基-中壢,2024-04-24,9285
8936,國統,48,32,16,凱基-中壢,2024-04-24,9285
2634,漢翔,28,13,15,凱基-中壢,2024-04-24,9285
2421,建準,15,1,14,凱基-中壢,2024-04-24,9285
6005,群益證,29,15,14,凱基-中壢,2024-04-24,9285
3390,旭軟,14,0,14,凱基-中壢,2024-04-24,9285
3402,漢科,16,2,14,凱基-中壢,2024-04-24,9285
1608,華榮,38,25,13,凱基-中壢,2024-04-24,9285
2511,太子,201,10,191,凱基-中壢,2024-04-25,9285
00940,元大台灣價值高息,151,16,135,凱基-中壢,2024-04-25,9285
00929,復華台灣科技優息,147,22,125,凱基-中壢,2024-04-25,9285
00632R,元大台灣50反1,145,36,109,凱基-中壢,2024-04-25,9285
00679B,元大美債20年,108,0,108,凱基-中壢,2024-04-25,9285
00942B,台新美A公司債20+,108,0,108,凱基-中壢,2024-04-25,9285
00937B,群益ESG投等債20,111,5,106,凱基-中壢,2024-04-25,9285
2618,長榮航,285,205,80,凱基-中壢,2024-04-25,9285
4909,新復興,76,18,58,凱基-中壢,2024-04-25,9285
00878,國泰永續高股息,59,2,57,凱基-中壢,2024-04-25,9285
2317,鴻海,80,26,54,凱基-中壢,2024-04-25,9285
00687B,國泰20年美債,48,0,48,凱基-中壢,2024-04-25,9285
00715L,期街口布蘭特正2,47,0,47,凱基-中壢,2024-04-25,9285
2241,艾姆勒,70,23,47,凱基-中壢,2024-04-25,9285
00676R,富邦臺灣加權反1,45,0,45,凱基-中壢,2024-04-25,9285
2867,三商壽,44,0,44,凱基-中壢,2024-04-25,9285
4716,大立,73,30,43,凱基-中壢,2024-04-25,9285
1909,榮成,49,8,41,凱基-中壢,2024-04-25,9285
00712,復華富時不動產,52,14,38,凱基-中壢,2024-04-25,9285
00688L,國泰20年美債正2,37,0,37,凱基-中壢,2024-04-25,9285
0056,元大高股息,41,8,33,凱基-中壢,2024-04-25,9285
00939,統一台灣高息動能,33,2,31,凱基-中壢,2024-04-25,9285
00751B,元大AAA至A公司債,31,0,31,凱基-中壢,2024-04-25,9285
3056,富華新,35,4,31,凱基-中壢,2024-04-25,9285
1101,台泥,40,10,30,凱基-中壢,2024-04-25,9285
6275,元山,34,5,29,凱基-中壢,2024-04-25,9285
00885,富邦越南,25,0,25,凱基-中壢,2024-04-25,9285
2206,三陽工業,107,82,25,凱基-中壢,2024-04-25,9285
5512,力麒,27,3,24,凱基-中壢,2024-04-25,9285
6770,力積電,24,0,24,凱基-中壢,2024-04-25,9285
3038,全台,24,0,24,凱基-中壢,2024-04-25,9285
2534,宏盛,28,4,24,凱基-中壢,2024-04-25,9285
4714,永捷,29,7,22,凱基-中壢,2024-04-25,9285
2913,農林,28,6,22,凱基-中壢,2024-04-25,9285
2851,中再保,26,5,21,凱基-中壢,2024-04-25,9285
2301,光寶科,31,11,20,凱基-中壢,2024-04-25,9285
2537,聯上發,20,0,20,凱基-中壢,2024-04-25,9285
6122,擎邦,20,0,20,凱基-中壢,2024-04-25,9285
3231,緯創,61,41,20,凱基-中壢,2024-04-25,9285
00680L,元大美債20正2,18,0,18,凱基-中壢,2024-04-25,9285
2049,上銀,19,1,18,凱基-中壢,2024-04-25,9285
1301,台塑,17,0,17,凱基-中壢,2024-04-25,9285
00891,中信關鍵半導體,17,0,17,凱基-中壢,2024-04-25,9285
3015,全漢,17,0,17,凱基-中壢,2024-04-25,9285
3013,晟銘電,24,7,17,凱基-中壢,2024-04-25,9285
8054,安國,29,12,17,凱基-中壢,2024-04-25,9285
2330,台積電,25,9,16,凱基-中壢,2024-04-25,9285
1609,大亞,117,101,16,凱基-中壢,2024-04-25,9285
6190,萬泰科,20,4,16,凱基-中壢,2024-04-25,9285
9933,中鼎,17,2,15,凱基-中壢,2024-04-25,9285
2511,太子,274,117,157,凱基-中壢,2024-04-26,9285
2371,大同,194,106,88,凱基-中壢,2024-04-26,9285
2605,新興,95,9,86,凱基-中壢,2024-04-26,9285
00679B,元大美債20年,124,55,69,凱基-中壢,2024-04-26,9285
00937B,群益ESG投等債20,74,11,63,凱基-中壢,2024-04-26,9285
2888,新光金,62,3,59,凱基-中壢,2024-04-26,9285
00929,復華台灣科技優息,69,11,58,凱基-中壢,2024-04-26,9285
4306,炎洲,76,22,54,凱基-中壢,2024-04-26,9285
00942B,台新美A公司債20+,50,0,50,凱基-中壢,2024-04-26,9285
3481,群創,63,18,45,凱基-中壢,2024-04-26,9285
2881,富邦金,35,0,35,凱基-中壢,2024-04-26,9285
2363,矽統,48,14,34,凱基-中壢,2024-04-26,9285
6425,易發,50,17,33,凱基-中壢,2024-04-26,9285
00933B,國泰10Y+金融債,35,3,32,凱基-中壢,2024-04-26,9285
2101,南港,69,38,31,凱基-中壢,2024-04-26,9285
3706,神達,36,6,30,凱基-中壢,2024-04-26,9285
2066,世德,30,1,29,凱基-中壢,2024-04-26,9285
6282,康舒,27,0,27,凱基-中壢,2024-04-26,9285
2316,楠梓電,28,2,26,凱基-中壢,2024-04-26,9285
3363,上詮,36,10,26,凱基-中壢,2024-04-26,9285
3036,文曄,27,1,26,凱基-中壢,2024-04-26,9285
2329,華泰,59,34,25,凱基-中壢,2024-04-26,9285
1314,中石化,36,13,23,凱基-中壢,2024-04-26,9285
1101,台泥,25,2,23,凱基-中壢,2024-04-26,9285
00923,群益台ESG低碳50,21,0,21,凱基-中壢,2024-04-26,9285
2027,大成鋼,22,2,20,凱基-中壢,2024-04-26,9285
3015,全漢,20,0,20,凱基-中壢,2024-04-26,9285
2485,兆赫,20,0,20,凱基-中壢,2024-04-26,9285
1110,東泥,20,0,20,凱基-中壢,2024-04-26,9285
8906,花王,20,0,20,凱基-中壢,2024-04-26,9285
00857B,永豐20年美公債,19,0,19,凱基-中壢,2024-04-26,9285
3714,富采,24,5,19,凱基-中壢,2024-04-26,9285
00940,元大台灣價值高息,85,67,18,凱基-中壢,2024-04-26,9285
2630,亞航,23,6,17,凱基-中壢,2024-04-26,9285
1459,聯發,21,4,17,凱基-中壢,2024-04-26,9285
1789,神隆,17,0,17,凱基-中壢,2024-04-26,9285
3059,華晶科,17,1,16,凱基-中壢,2024-04-26,9285
3260,威剛,20,4,16,凱基-中壢,2024-04-26,9285
5009,榮剛,18,3,15,凱基-中壢,2024-04-26,9285
5443,均豪,16,1,15,凱基-中壢,2024-04-26,9285
2408,南亞科,17,2,15,凱基-中壢,2024-04-26,9285
5007,三星,15,0,15,凱基-中壢,2024-04-26,9285
2359,所羅門,77,63,14,凱基-中壢,2024-04-26,9285
3702,大聯大,16,2,14,凱基-中壢,2024-04-26,9285
4716,大立,19,5,14,凱基-中壢,2024-04-26,9285
3450,聯鈞,15,1,14,凱基-中壢,2024-04-26,9285
8210,勤誠,28,15,13,凱基-中壢,2024-04-26,9285
2464,盟立,32,19,13,凱基-中壢,2024-04-26,9285
2455,全新,13,0,13,凱基-中壢,2024-04-26,9285
3013,晟銘電,39,26,13,凱基-中壢,2024-04-26,9285
2516,新建,275,5,270,凱基-中壢,2024-04-29,9285
2618,長榮航,289,144,145,凱基-中壢,2024-04-29,9285
2511,太子,106,5,101,凱基-中壢,2024-04-29,9285
1314,中石化,225,136,89,凱基-中壢,2024-04-29,9285
2363,矽統,177,93,84,凱基-中壢,2024-04-29,9285
00665L,富邦�琤肭磪囓�2,485,402,83,凱基-中壢,2024-04-29,9285
2913,農林,126,51,75,凱基-中壢,2024-04-29,9285
2534,宏盛,75,1,74,凱基-中壢,2024-04-29,9285
2101,南港,93,20,73,凱基-中壢,2024-04-29,9285
5324,士開,70,0,70,凱基-中壢,2024-04-29,9285
3376,新日興,72,4,68,凱基-中壢,2024-04-29,9285
2515,中工,216,161,55,凱基-中壢,2024-04-29,9285
2323,中環,129,78,51,凱基-中壢,2024-04-29,9285
00902,中信電池及儲能,50,1,49,凱基-中壢,2024-04-29,9285
00706L,期元大S＆P日圓正2,49,0,49,凱基-中壢,2024-04-29,9285
2610,華航,105,58,47,凱基-中壢,2024-04-29,9285
00632R,元大台灣50反1,100,54,46,凱基-中壢,2024-04-29,9285
2547,日勝生,47,1,46,凱基-中壢,2024-04-29,9285
8064,東捷,61,16,45,凱基-中壢,2024-04-29,9285
5531,鄉林,40,0,40,凱基-中壢,2024-04-29,9285
2505,國揚,41,5,36,凱基-中壢,2024-04-29,9285
6120,達運,55,20,35,凱基-中壢,2024-04-29,9285
2498,宏達電,32,0,32,凱基-中壢,2024-04-29,9285
4155,訊映,36,5,31,凱基-中壢,2024-04-29,9285
2888,新光金,84,54,30,凱基-中壢,2024-04-29,9285
9105,泰金寶-DR,30,1,29,凱基-中壢,2024-04-29,9285
2449,京元電子,68,39,29,凱基-中壢,2024-04-29,9285
3015,全漢,49,24,25,凱基-中壢,2024-04-29,9285
2017,官田鋼,25,0,25,凱基-中壢,2024-04-29,9285
6275,元山,33,9,24,凱基-中壢,2024-04-29,9285
3264,欣銓,38,14,24,凱基-中壢,2024-04-29,9285
1516,川飛,27,4,23,凱基-中壢,2024-04-29,9285
00941,中信上游半導體,24,1,23,凱基-中壢,2024-04-29,9285
1413,宏洲,23,0,23,凱基-中壢,2024-04-29,9285
6177,達麗,27,5,22,凱基-中壢,2024-04-29,9285
6215,和椿,63,42,21,凱基-中壢,2024-04-29,9285
2834,臺企銀,35,14,21,凱基-中壢,2024-04-29,9285
1808,潤隆,21,1,20,凱基-中壢,2024-04-29,9285
8080,印鉐,20,0,20,凱基-中壢,2024-04-29,9285
2102,泰豐,21,2,19,凱基-中壢,2024-04-29,9285
8234,新漢,21,2,19,凱基-中壢,2024-04-29,9285
2601,益航,28,10,18,凱基-中壢,2024-04-29,9285
3312,弘憶股,33,16,17,凱基-中壢,2024-04-29,9285
00929,復華台灣科技優息,77,61,16,凱基-中壢,2024-04-29,9285
00676R,富邦臺灣加權反1,15,0,15,凱基-中壢,2024-04-29,9285
00688L,國泰20年美債正2,15,0,15,凱基-中壢,2024-04-29,9285
2482,連宇,15,0,15,凱基-中壢,2024-04-29,9285
3257,虹冠電,15,0,15,凱基-中壢,2024-04-29,9285
6189,豐藝,27,13,14,凱基-中壢,2024-04-29,9285
8069,元太,17,4,13,凱基-中壢,2024-04-29,9285
00665L,富邦�琤肭磪囓�2,400,85,315,凱基-中壢,2024-04-30,9285
1314,中石化,320,89,231,凱基-中壢,2024-04-30,9285
2618,長榮航,358,159,199,凱基-中壢,2024-04-30,9285
00940,元大台灣價值高息,134,3,131,凱基-中壢,2024-04-30,9285
00632R,元大台灣50反1,129,9,120,凱基-中壢,2024-04-30,9285
6015,宏遠證,120,1,119,凱基-中壢,2024-04-30,9285
6190,萬泰科,110,5,105,凱基-中壢,2024-04-30,9285
2812,台中銀,104,0,104,凱基-中壢,2024-04-30,9285
8096,擎亞,258,175,83,凱基-中壢,2024-04-30,9285
6026,福邦證,80,0,80,凱基-中壢,2024-04-30,9285
2501,國建,88,21,67,凱基-中壢,2024-04-30,9285
00937B,群益ESG投等債20,46,3,43,凱基-中壢,2024-04-30,9285
8926,台汽電,42,0,42,凱基-中壢,2024-04-30,9285
1457,宜進,51,13,38,凱基-中壢,2024-04-30,9285
5864,致和證,40,2,38,凱基-中壢,2024-04-30,9285
00919,群益台灣精選高息,42,4,38,凱基-中壢,2024-04-30,9285
2329,華泰,42,6,36,凱基-中壢,2024-04-30,9285
00688L,國泰20年美債正2,50,15,35,凱基-中壢,2024-04-30,9285
2515,中工,83,51,32,凱基-中壢,2024-04-30,9285
2323,中環,62,31,31,凱基-中壢,2024-04-30,9285
0056,元大高股息,53,22,31,凱基-中壢,2024-04-30,9285
2880,華南金,39,9,30,凱基-中壢,2024-04-30,9285
1605,華新,29,1,28,凱基-中壢,2024-04-30,9285
6770,力積電,25,0,25,凱基-中壢,2024-04-30,9285
2834,臺企銀,31,6,25,凱基-中壢,2024-04-30,9285
9945,潤泰新,34,10,24,凱基-中壢,2024-04-30,9285
3666,光耀,24,1,23,凱基-中壢,2024-04-30,9285
1909,榮成,23,1,22,凱基-中壢,2024-04-30,9285
4976,佳凌,26,4,22,凱基-中壢,2024-04-30,9285
3376,新日興,24,2,22,凱基-中壢,2024-04-30,9285
2611,志信,62,41,21,凱基-中壢,2024-04-30,9285
3189,景碩,22,1,21,凱基-中壢,2024-04-30,9285
3266,昇陽,22,2,20,凱基-中壢,2024-04-30,9285
8086,宏捷科,27,7,20,凱基-中壢,2024-04-30,9285
2104,國際中橡,20,0,20,凱基-中壢,2024-04-30,9285
4707,磐亞,20,0,20,凱基-中壢,2024-04-30,9285
3231,緯創,20,1,19,凱基-中壢,2024-04-30,9285
3006,晶豪科,20,1,19,凱基-中壢,2024-04-30,9285
00923,群益台ESG低碳50,17,0,17,凱基-中壢,2024-04-30,9285
1504,東元,24,7,17,凱基-中壢,2024-04-30,9285
3481,群創,36,19,17,凱基-中壢,2024-04-30,9285
6120,達運,17,0,17,凱基-中壢,2024-04-30,9285
5490,同亨,16,0,16,凱基-中壢,2024-04-30,9285
6235,華孚,27,12,15,凱基-中壢,2024-04-30,9285
2892,第一金,15,0,15,凱基-中壢,2024-04-30,9285
2101,南港,108,93,15,凱基-中壢,2024-04-30,9285
1459,聯發,17,2,15,凱基-中壢,2024-04-30,9285
2722,夏都,15,0,15,凱基-中壢,2024-04-30,9285
4714,永捷,20,6,14,凱基-中壢,2024-04-30,9285
00738U,期元大道瓊白銀,14,0,14,凱基-中壢,2024-04-30,9285
2891,中信金,744,3,741,凱基-中壢,2024-05-02,9285
00715L,期街口布蘭特正2,153,5,148,凱基-中壢,2024-05-02,9285
00919,群益台灣精選高息,143,11,132,凱基-中壢,2024-05-02,9285
00878,國泰永續高股息,121,2,119,凱基-中壢,2024-05-02,9285
00937B,群益ESG投等債20,110,0,110,凱基-中壢,2024-05-02,9285
2367,燿華,115,7,108,凱基-中壢,2024-05-02,9285
3481,群創,111,30,81,凱基-中壢,2024-05-02,9285
2371,大同,108,45,63,凱基-中壢,2024-05-02,9285
2501,國建,159,99,60,凱基-中壢,2024-05-02,9285
2363,矽統,108,52,56,凱基-中壢,2024-05-02,9285
00929,復華台灣科技優息,69,14,55,凱基-中壢,2024-05-02,9285
0056,元大高股息,62,10,52,凱基-中壢,2024-05-02,9285
2515,中工,118,66,52,凱基-中壢,2024-05-02,9285
4956,光鋐,50,0,50,凱基-中壢,2024-05-02,9285
00940,元大台灣價值高息,53,11,42,凱基-中壢,2024-05-02,9285
2317,鴻海,79,37,42,凱基-中壢,2024-05-02,9285
2603,長榮,44,4,40,凱基-中壢,2024-05-02,9285
2101,南港,94,57,37,凱基-中壢,2024-05-02,9285
6770,力積電,57,20,37,凱基-中壢,2024-05-02,9285
2615,萬海,72,36,36,凱基-中壢,2024-05-02,9285
00632R,元大台灣50反1,46,11,35,凱基-中壢,2024-05-02,9285
3038,全台,35,0,35,凱基-中壢,2024-05-02,9285
2330,台積電,39,6,33,凱基-中壢,2024-05-02,9285
1109,信大,33,0,33,凱基-中壢,2024-05-02,9285
4716,大立,35,4,31,凱基-中壢,2024-05-02,9285
3013,晟銘電,50,20,30,凱基-中壢,2024-05-02,9285
3715,定穎投控,57,27,30,凱基-中壢,2024-05-02,9285
2409,友達,60,31,29,凱基-中壢,2024-05-02,9285
3033,威健,48,19,29,凱基-中壢,2024-05-02,9285
6239,力成,25,0,25,凱基-中壢,2024-05-02,9285
00655L,國泰中國A50正2,25,0,25,凱基-中壢,2024-05-02,9285
2540,愛山林,23,2,21,凱基-中壢,2024-05-02,9285
2913,農林,66,45,21,凱基-中壢,2024-05-02,9285
6190,萬泰科,43,22,21,凱基-中壢,2024-05-02,9285
1906,寶隆,20,0,20,凱基-中壢,2024-05-02,9285
1104,環泥,19,0,19,凱基-中壢,2024-05-02,9285
2801,彰銀,18,0,18,凱基-中壢,2024-05-02,9285
2401,凌陽,23,6,17,凱基-中壢,2024-05-02,9285
1442,名軒,30,13,17,凱基-中壢,2024-05-02,9285
4909,新復興,31,14,17,凱基-中壢,2024-05-02,9285
2527,宏璟,17,0,17,凱基-中壢,2024-05-02,9285
5519,隆大,21,5,16,凱基-中壢,2024-05-02,9285
2915,潤泰全,31,15,16,凱基-中壢,2024-05-02,9285
6215,和椿,18,3,15,凱基-中壢,2024-05-02,9285
2497,怡利電,30,15,15,凱基-中壢,2024-05-02,9285
00687B,國泰20年美債,17,3,14,凱基-中壢,2024-05-02,9285
2014,中鴻,14,0,14,凱基-中壢,2024-05-02,9285
2344,華邦電,13,0,13,凱基-中壢,2024-05-02,9285
2609,陽明,134,122,12,凱基-中壢,2024-05-02,9285
2337,旺宏,12,0,12,凱基-中壢,2024-05-02,9285
00637L,元大滬深300正2,419,22,397,凱基-中壢,2024-05-03,9285
00937B,群益ESG投等債20,159,2,157,凱基-中壢,2024-05-03,9285
2516,新建,142,2,140,凱基-中壢,2024-05-03,9285
2501,國建,220,94,126,凱基-中壢,2024-05-03,9285
8096,擎亞,246,133,113,凱基-中壢,2024-05-03,9285
2206,三陽工業,113,8,105,凱基-中壢,2024-05-03,9285
00936,台新永續高息中小,105,0,105,凱基-中壢,2024-05-03,9285
4714,永捷,126,24,102,凱基-中壢,2024-05-03,9285
00632R,元大台灣50反1,110,10,100,凱基-中壢,2024-05-03,9285
00679B,元大美債20年,91,0,91,凱基-中壢,2024-05-03,9285
2812,台中銀,101,14,87,凱基-中壢,2024-05-03,9285
00940,元大台灣價值高息,165,87,78,凱基-中壢,2024-05-03,9285
8011,台通,72,1,71,凱基-中壢,2024-05-03,9285
1316,上曜,141,76,65,凱基-中壢,2024-05-03,9285
00878,國泰永續高股息,67,7,60,凱基-中壢,2024-05-03,9285
5531,鄉林,123,67,56,凱基-中壢,2024-05-03,9285
8044,網家,54,0,54,凱基-中壢,2024-05-03,9285
2606,裕民,50,2,48,凱基-中壢,2024-05-03,9285
2897,王道銀行,50,3,47,凱基-中壢,2024-05-03,9285
1337,再生-KY,46,0,46,凱基-中壢,2024-05-03,9285
2520,冠德,61,16,45,凱基-中壢,2024-05-03,9285
00929,復華台灣科技優息,146,102,44,凱基-中壢,2024-05-03,9285
1434,福懋,36,0,36,凱基-中壢,2024-05-03,9285
2316,楠梓電,40,6,34,凱基-中壢,2024-05-03,9285
6244,茂迪,38,5,33,凱基-中壢,2024-05-03,9285
3231,緯創,48,19,29,凱基-中壢,2024-05-03,9285
2611,志信,32,3,29,凱基-中壢,2024-05-03,9285
1514,亞力,44,16,28,凱基-中壢,2024-05-03,9285
6470,宇智,28,0,28,凱基-中壢,2024-05-03,9285
00932,兆豐永續高息等權,26,0,26,凱基-中壢,2024-05-03,9285
5512,力麒,33,9,24,凱基-中壢,2024-05-03,9285
6841,長佳智能,23,0,23,凱基-中壢,2024-05-03,9285
2816,旺旺保,24,1,23,凱基-中壢,2024-05-03,9285
2392,正崴,24,2,22,凱基-中壢,2024-05-03,9285
2913,農林,28,6,22,凱基-中壢,2024-05-03,9285
4909,新復興,23,2,21,凱基-中壢,2024-05-03,9285
8906,花王,21,0,21,凱基-中壢,2024-05-03,9285
8936,國統,32,11,21,凱基-中壢,2024-05-03,9285
00671R,富邦NASDAQ反1,20,0,20,凱基-中壢,2024-05-03,9285
1446,宏和,22,2,20,凱基-中壢,2024-05-03,9285
3163,波若威,21,1,20,凱基-中壢,2024-05-03,9285
2834,臺企銀,54,35,19,凱基-中壢,2024-05-03,9285
6113,亞矽,24,5,19,凱基-中壢,2024-05-03,9285
2883,凱基金,33,14,19,凱基-中壢,2024-05-03,9285
2457,飛宏,22,3,19,凱基-中壢,2024-05-03,9285
1609,大亞,76,58,18,凱基-中壢,2024-05-03,9285
6215,和椿,32,14,18,凱基-中壢,2024-05-03,9285
3455,由田,18,0,18,凱基-中壢,2024-05-03,9285
00712,復華富時不動產,17,0,17,凱基-中壢,2024-05-03,9285
2027,大成鋼,17,0,17,凱基-中壢,2024-05-03,9285
00637L,元大滬深300正2,752,5,747,凱基-中壢,2024-05-06,9285
00665L,富邦�琤肭磪囓�2,388,27,361,凱基-中壢,2024-05-06,9285
00937B,群益ESG投等債20,383,34,349,凱基-中壢,2024-05-06,9285
2881,富邦金,368,27,341,凱基-中壢,2024-05-06,9285
2888,新光金,443,109,334,凱基-中壢,2024-05-06,9285
00632R,元大台灣50反1,254,10,244,凱基-中壢,2024-05-06,9285
00715L,期街口布蘭特正2,168,0,168,凱基-中壢,2024-05-06,9285
6143,振曜,113,1,112,凱基-中壢,2024-05-06,9285
00940,元大台灣價值高息,180,72,108,凱基-中壢,2024-05-06,9285
00929,復華台灣科技優息,161,64,97,凱基-中壢,2024-05-06,9285
8112,至上,104,7,97,凱基-中壢,2024-05-06,9285
2516,新建,91,0,91,凱基-中壢,2024-05-06,9285
00688L,國泰20年美債正2,68,0,68,凱基-中壢,2024-05-06,9285
3055,蔚華科,70,18,52,凱基-中壢,2024-05-06,9285
2834,臺企銀,107,55,52,凱基-中壢,2024-05-06,9285
2440,太空梭,50,0,50,凱基-中壢,2024-05-06,9285
2527,宏璟,48,0,48,凱基-中壢,2024-05-06,9285
2449,京元電子,56,8,48,凱基-中壢,2024-05-06,9285
3033,威健,63,16,47,凱基-中壢,2024-05-06,9285
3062,建漢,54,10,44,凱基-中壢,2024-05-06,9285
1314,中石化,58,15,43,凱基-中壢,2024-05-06,9285
2506,太設,40,1,39,凱基-中壢,2024-05-06,9285
00878,國泰永續高股息,66,31,35,凱基-中壢,2024-05-06,9285
4906,正文,35,0,35,凱基-中壢,2024-05-06,9285
8011,台通,36,7,29,凱基-中壢,2024-05-06,9285
4956,光鋐,30,1,29,凱基-中壢,2024-05-06,9285
6470,宇智,28,0,28,凱基-中壢,2024-05-06,9285
00941,中信上游半導體,27,0,27,凱基-中壢,2024-05-06,9285
8064,東捷,29,2,27,凱基-中壢,2024-05-06,9285
6668,中揚光,36,9,27,凱基-中壢,2024-05-06,9285
00687B,國泰20年美債,41,14,27,凱基-中壢,2024-05-06,9285
2337,旺宏,27,1,26,凱基-中壢,2024-05-06,9285
4303,信立,43,18,25,凱基-中壢,2024-05-06,9285
9933,中鼎,36,12,24,凱基-中壢,2024-05-06,9285
6282,康舒,27,3,24,凱基-中壢,2024-05-06,9285
3564,其陽,24,1,23,凱基-中壢,2024-05-06,9285
2101,南港,85,63,22,凱基-中壢,2024-05-06,9285
2208,台船,22,0,22,凱基-中壢,2024-05-06,9285
2301,光寶科,23,2,21,凱基-中壢,2024-05-06,9285
6257,矽格,24,3,21,凱基-中壢,2024-05-06,9285
4533,協易機,28,7,21,凱基-中壢,2024-05-06,9285
6215,和椿,24,3,21,凱基-中壢,2024-05-06,9285
00891,中信關鍵半導體,24,3,21,凱基-中壢,2024-05-06,9285
2501,國建,66,45,21,凱基-中壢,2024-05-06,9285
9103,美德醫療-DR,20,0,20,凱基-中壢,2024-05-06,9285
2852,第一保,24,4,20,凱基-中壢,2024-05-06,9285
2867,三商壽,20,0,20,凱基-中壢,2024-05-06,9285
2328,廣宇,39,20,19,凱基-中壢,2024-05-06,9285
8940,新天地,34,15,19,凱基-中壢,2024-05-06,9285
3260,威剛,36,20,16,凱基-中壢,2024-05-06,9285
00942B,台新美A公司債20+,158,0,158,凱基-中壢,2024-05-07,9285
8096,擎亞,257,153,104,凱基-中壢,2024-05-07,9285
00940,元大台灣價值高息,201,106,95,凱基-中壢,2024-05-07,9285
00937B,群益ESG投等債20,156,78,78,凱基-中壢,2024-05-07,9285
1742,台蠟,72,0,72,凱基-中壢,2024-05-07,9285
00929,復華台灣科技優息,117,49,68,凱基-中壢,2024-05-07,9285
3260,威剛,96,36,60,凱基-中壢,2024-05-07,9285
2884,玉山金,73,14,59,凱基-中壢,2024-05-07,9285
2883,凱基金,106,48,58,凱基-中壢,2024-05-07,9285
00902,中信電池及儲能,50,0,50,凱基-中壢,2024-05-07,9285
2486,一詮,166,117,49,凱基-中壢,2024-05-07,9285
2606,裕民,73,24,49,凱基-中壢,2024-05-07,9285
00919,群益台灣精選高息,68,21,47,凱基-中壢,2024-05-07,9285
1609,大亞,95,53,42,凱基-中壢,2024-05-07,9285
2527,宏璟,73,36,37,凱基-中壢,2024-05-07,9285
5871,中租-KY,42,5,37,凱基-中壢,2024-05-07,9285
00945B,凱基美國非投等債,40,5,35,凱基-中壢,2024-05-07,9285
1457,宜進,31,0,31,凱基-中壢,2024-05-07,9285
3042,晶技,32,2,30,凱基-中壢,2024-05-07,9285
1608,華榮,57,31,26,凱基-中壢,2024-05-07,9285
2014,中鴻,30,5,25,凱基-中壢,2024-05-07,9285
00671R,富邦NASDAQ反1,25,0,25,凱基-中壢,2024-05-07,9285
2025,千興,24,0,24,凱基-中壢,2024-05-07,9285
2344,華邦電,31,7,24,凱基-中壢,2024-05-07,9285
2536,宏普,22,0,22,凱基-中壢,2024-05-07,9285
6215,和椿,36,14,22,凱基-中壢,2024-05-07,9285
3013,晟銘電,86,65,21,凱基-中壢,2024-05-07,9285
00676R,富邦臺灣加權反1,20,0,20,凱基-中壢,2024-05-07,9285
2727,王品,20,0,20,凱基-中壢,2024-05-07,9285
2208,台船,20,0,20,凱基-中壢,2024-05-07,9285
2504,國產,21,2,19,凱基-中壢,2024-05-07,9285
8048,德勝,23,4,19,凱基-中壢,2024-05-07,9285
2316,楠梓電,18,1,17,凱基-中壢,2024-05-07,9285
00679B,元大美債20年,29,13,16,凱基-中壢,2024-05-07,9285
00878,國泰永續高股息,45,29,16,凱基-中壢,2024-05-07,9285
6207,雷科,28,12,16,凱基-中壢,2024-05-07,9285
6005,群益證,17,1,16,凱基-中壢,2024-05-07,9285
3033,威健,50,34,16,凱基-中壢,2024-05-07,9285
1616,億泰,21,5,16,凱基-中壢,2024-05-07,9285
00939,統一台灣高息動能,19,4,15,凱基-中壢,2024-05-07,9285
2891,中信金,29,14,15,凱基-中壢,2024-05-07,9285
2852,第一保,15,0,15,凱基-中壢,2024-05-07,9285
4306,炎洲,22,7,15,凱基-中壢,2024-05-07,9285
2451,創見,15,1,14,凱基-中壢,2024-05-07,9285
2867,三商壽,14,0,14,凱基-中壢,2024-05-07,9285
1907,永豐餘,14,0,14,凱基-中壢,2024-05-07,9285
2323,中環,14,1,13,凱基-中壢,2024-05-07,9285
00936,台新永續高息中小,13,0,13,凱基-中壢,2024-05-07,9285
2530,華建,13,0,13,凱基-中壢,2024-05-07,9285
00665L,富邦�琤肭磪囓�2,18,5,13,凱基-中壢,2024-05-07,9285
00929,復華台灣科技優息,127,10,117,凱基-中壢,2024-05-08,9285
2516,新建,116,0,116,凱基-中壢,2024-05-08,9285
00632R,元大台灣50反1,100,0,100,凱基-中壢,2024-05-08,9285
2606,裕民,177,79,98,凱基-中壢,2024-05-08,9285
5871,中租-KY,75,5,70,凱基-中壢,2024-05-08,9285
00940,元大台灣價值高息,92,24,68,凱基-中壢,2024-05-08,9285
00932,兆豐永續高息等權,50,0,50,凱基-中壢,2024-05-08,9285
6470,宇智,46,0,46,凱基-中壢,2024-05-08,9285
2888,新光金,52,8,44,凱基-中壢,2024-05-08,9285
2356,英業達,84,41,43,凱基-中壢,2024-05-08,9285
00637L,元大滬深300正2,42,1,41,凱基-中壢,2024-05-08,9285
2603,長榮,66,25,41,凱基-中壢,2024-05-08,9285
00664R,國泰臺灣加權反1,40,0,40,凱基-中壢,2024-05-08,9285
2371,大同,120,80,40,凱基-中壢,2024-05-08,9285
2515,中工,48,11,37,凱基-中壢,2024-05-08,9285
3060,銘異,37,0,37,凱基-中壢,2024-05-08,9285
6770,力積電,41,4,37,凱基-中壢,2024-05-08,9285
2374,佳能,69,32,37,凱基-中壢,2024-05-08,9285
1618,合機,79,43,36,凱基-中壢,2024-05-08,9285
00715L,期街口布蘭特正2,34,0,34,凱基-中壢,2024-05-08,9285
1612,宏泰,44,10,34,凱基-中壢,2024-05-08,9285
5392,能率,33,0,33,凱基-中壢,2024-05-08,9285
3006,晶豪科,31,0,31,凱基-中壢,2024-05-08,9285
1742,台蠟,31,0,31,凱基-中壢,2024-05-08,9285
2363,矽統,97,68,29,凱基-中壢,2024-05-08,9285
6494,九齊,26,0,26,凱基-中壢,2024-05-08,9285
3481,群創,33,7,26,凱基-中壢,2024-05-08,9285
8163,達方,27,2,25,凱基-中壢,2024-05-08,9285
5512,力麒,25,2,23,凱基-中壢,2024-05-08,9285
3036,文曄,22,0,22,凱基-中壢,2024-05-08,9285
00679B,元大美債20年,37,17,20,凱基-中壢,2024-05-08,9285
6269,台郡,22,2,20,凱基-中壢,2024-05-08,9285
00671R,富邦NASDAQ反1,20,0,20,凱基-中壢,2024-05-08,9285
2344,華邦電,20,0,20,凱基-中壢,2024-05-08,9285
3390,旭軟,28,8,20,凱基-中壢,2024-05-08,9285
6005,群益證,40,21,19,凱基-中壢,2024-05-08,9285
00665L,富邦�琤肭磪囓�2,19,0,19,凱基-中壢,2024-05-08,9285
2527,宏璟,21,2,19,凱基-中壢,2024-05-08,9285
00939,統一台灣高息動能,26,8,18,凱基-中壢,2024-05-08,9285
1608,華榮,58,41,17,凱基-中壢,2024-05-08,9285
2634,漢翔,26,9,17,凱基-中壢,2024-05-08,9285
2328,廣宇,22,5,17,凱基-中壢,2024-05-08,9285
6117,迎廣,23,6,17,凱基-中壢,2024-05-08,9285
4909,新復興,26,9,17,凱基-中壢,2024-05-08,9285
00712,復華富時不動產,21,5,16,凱基-中壢,2024-05-08,9285
4109,加捷生醫,16,0,16,凱基-中壢,2024-05-08,9285
00878,國泰永續高股息,42,26,16,凱基-中壢,2024-05-08,9285
1339,昭輝,16,0,16,凱基-中壢,2024-05-08,9285
912000,晨訊科-DR,15,0,15,凱基-中壢,2024-05-08,9285
3013,晟銘電,24,10,14,凱基-中壢,2024-05-08,9285
00637L,元大滬深300正2,463,0,463,凱基-中壢,2024-05-09,9285
00650L,復華香港正2,465,68,397,凱基-中壢,2024-05-09,9285
2101,南港,193,28,165,凱基-中壢,2024-05-09,9285
00946,群益科技高息成長,257,120,137,凱基-中壢,2024-05-09,9285
00937B,群益ESG投等債20,184,48,136,凱基-中壢,2024-05-09,9285
2367,燿華,185,71,114,凱基-中壢,2024-05-09,9285
2883,凱基金,116,14,102,凱基-中壢,2024-05-09,9285
00878,國泰永續高股息,99,15,84,凱基-中壢,2024-05-09,9285
00929,復華台灣科技優息,101,24,77,凱基-中壢,2024-05-09,9285
2208,台船,76,0,76,凱基-中壢,2024-05-09,9285
1216,統一,64,0,64,凱基-中壢,2024-05-09,9285
2520,冠德,83,20,63,凱基-中壢,2024-05-09,9285
2890,永豐金,59,0,59,凱基-中壢,2024-05-09,9285
2618,長榮航,148,91,57,凱基-中壢,2024-05-09,9285
3481,群創,58,1,57,凱基-中壢,2024-05-09,9285
00940,元大台灣價值高息,117,61,56,凱基-中壢,2024-05-09,9285
2536,宏普,56,1,55,凱基-中壢,2024-05-09,9285
1440,南紡,51,1,50,凱基-中壢,2024-05-09,9285
1457,宜進,50,0,50,凱基-中壢,2024-05-09,9285
00944,野村趨勢動能高息,64,15,49,凱基-中壢,2024-05-09,9285
2102,泰豐,47,1,46,凱基-中壢,2024-05-09,9285
3231,緯創,46,0,46,凱基-中壢,2024-05-09,9285
2605,新興,64,23,41,凱基-中壢,2024-05-09,9285
6114,久威,41,1,40,凱基-中壢,2024-05-09,9285
00680L,元大美債20正2,39,0,39,凱基-中壢,2024-05-09,9285
2408,南亞科,40,5,35,凱基-中壢,2024-05-09,9285
1413,宏洲,35,0,35,凱基-中壢,2024-05-09,9285
2609,陽明,217,182,35,凱基-中壢,2024-05-09,9285
1742,台蠟,34,0,34,凱基-中壢,2024-05-09,9285
3047,訊舟,51,17,34,凱基-中壢,2024-05-09,9285
2363,矽統,91,59,32,凱基-中壢,2024-05-09,9285
2409,友達,33,1,32,凱基-中壢,2024-05-09,9285
5213,亞昕,30,0,30,凱基-中壢,2024-05-09,9285
5426,振發,65,35,30,凱基-中壢,2024-05-09,9285
6116,彩晶,30,2,28,凱基-中壢,2024-05-09,9285
2888,新光金,54,29,25,凱基-中壢,2024-05-09,9285
2344,華邦電,32,7,25,凱基-中壢,2024-05-09,9285
1721,三晃,112,87,25,凱基-中壢,2024-05-09,9285
2610,華航,25,1,24,凱基-中壢,2024-05-09,9285
2371,大同,115,91,24,凱基-中壢,2024-05-09,9285
00919,群益台灣精選高息,32,9,23,凱基-中壢,2024-05-09,9285
8112,至上,26,3,23,凱基-中壢,2024-05-09,9285
2527,宏璟,23,0,23,凱基-中壢,2024-05-09,9285
5871,中租-KY,34,11,23,凱基-中壢,2024-05-09,9285
00679B,元大美債20年,35,12,23,凱基-中壢,2024-05-09,9285
2359,所羅門,28,7,21,凱基-中壢,2024-05-09,9285
1605,華新,26,6,20,凱基-中壢,2024-05-09,9285
00671R,富邦NASDAQ反1,20,0,20,凱基-中壢,2024-05-09,9285
8463,潤泰材,20,0,20,凱基-中壢,2024-05-09,9285
2897,王道銀行,20,0,20,凱基-中壢,2024-05-09,9285
00929,復華台灣科技優息,323,26,297,凱基-中壢,2024-05-10,9285
00946,群益科技高息成長,263,22,241,凱基-中壢,2024-05-10,9285
00632R,元大台灣50反1,159,20,139,凱基-中壢,2024-05-10,9285
1718,中纖,101,4,97,凱基-中壢,2024-05-10,9285
00937B,群益ESG投等債20,190,95,95,凱基-中壢,2024-05-10,9285
00944,野村趨勢動能高息,103,19,84,凱基-中壢,2024-05-10,9285
2801,彰銀,82,2,80,凱基-中壢,2024-05-10,9285
2313,華通,105,27,78,凱基-中壢,2024-05-10,9285
8064,東捷,77,2,75,凱基-中壢,2024-05-10,9285
3481,群創,94,23,71,凱基-中壢,2024-05-10,9285
00940,元大台灣價值高息,97,37,60,凱基-中壢,2024-05-10,9285
2501,國建,79,24,55,凱基-中壢,2024-05-10,9285
2409,友達,51,0,51,凱基-中壢,2024-05-10,9285
4207,環泰,51,1,50,凱基-中壢,2024-05-10,9285
2317,鴻海,70,29,41,凱基-中壢,2024-05-10,9285
00926,凱基全球菁英55,41,0,41,凱基-中壢,2024-05-10,9285
4903,聯光通,39,2,37,凱基-中壢,2024-05-10,9285
00690,兆豐藍籌30,35,0,35,凱基-中壢,2024-05-10,9285
2516,新建,45,11,34,凱基-中壢,2024-05-10,9285
2371,大同,70,37,33,凱基-中壢,2024-05-10,9285
1314,中石化,44,16,28,凱基-中壢,2024-05-10,9285
4167,松瑞藥,28,0,28,凱基-中壢,2024-05-10,9285
8936,國統,40,12,28,凱基-中壢,2024-05-10,9285
2388,威盛,30,4,26,凱基-中壢,2024-05-10,9285
2520,冠德,28,2,26,凱基-中壢,2024-05-10,9285
1513,中興電,33,8,25,凱基-中壢,2024-05-10,9285
3042,晶技,24,0,24,凱基-中壢,2024-05-10,9285
2605,新興,28,4,24,凱基-中壢,2024-05-10,9285
5608,四維航,30,7,23,凱基-中壢,2024-05-10,9285
00919,群益台灣精選高息,38,15,23,凱基-中壢,2024-05-10,9285
2527,宏璟,21,0,21,凱基-中壢,2024-05-10,9285
00666R,富邦�琤肭磪齯�1,20,0,20,凱基-中壢,2024-05-10,9285
1742,台蠟,20,0,20,凱基-中壢,2024-05-10,9285
3390,旭軟,23,3,20,凱基-中壢,2024-05-10,9285
8131,福懋科,20,1,19,凱基-中壢,2024-05-10,9285
3036,文曄,22,4,18,凱基-中壢,2024-05-10,9285
2109,華豐,20,2,18,凱基-中壢,2024-05-10,9285
1589,永冠-KY,18,0,18,凱基-中壢,2024-05-10,9285
4909,新復興,38,20,18,凱基-中壢,2024-05-10,9285
00939,統一台灣高息動能,19,2,17,凱基-中壢,2024-05-10,9285
6605,帝寶,23,6,17,凱基-中壢,2024-05-10,9285
3287,廣寰科,19,2,17,凱基-中壢,2024-05-10,9285
2601,益航,26,10,16,凱基-中壢,2024-05-10,9285
00882,中信中國高股息,44,28,16,凱基-中壢,2024-05-10,9285
2867,三商壽,16,0,16,凱基-中壢,2024-05-10,9285
1815,富喬,23,7,16,凱基-中壢,2024-05-10,9285
6470,宇智,15,0,15,凱基-中壢,2024-05-10,9285
4716,大立,15,0,15,凱基-中壢,2024-05-10,9285
00933B,國泰10Y+金融債,21,6,15,凱基-中壢,2024-05-10,9285
00671R,富邦NASDAQ反1,15,0,15,凱基-中壢,2024-05-10,9285
00637L,元大滬深300正2,479,0,479,凱基-中壢,2024-05-13,9285
00929,復華台灣科技優息,273,3,270,凱基-中壢,2024-05-13,9285
2641,正德,248,23,225,凱基-中壢,2024-05-13,9285
1337,再生-KY,187,0,187,凱基-中壢,2024-05-13,9285
00937B,群益ESG投等債20,147,15,132,凱基-中壢,2024-05-13,9285
2618,長榮航,253,128,125,凱基-中壢,2024-05-13,9285
00940,元大台灣價值高息,147,53,94,凱基-中壢,2024-05-13,9285
2406,國碩,99,28,71,凱基-中壢,2024-05-13,9285
00720B,元大投資級公司債,85,15,70,凱基-中壢,2024-05-13,9285
5426,振發,65,0,65,凱基-中壢,2024-05-13,9285
3231,緯創,62,3,59,凱基-中壢,2024-05-13,9285
00944,野村趨勢動能高息,56,0,56,凱基-中壢,2024-05-13,9285
00878,國泰永續高股息,66,16,50,凱基-中壢,2024-05-13,9285
2891,中信金,738,688,50,凱基-中壢,2024-05-13,9285
4167,松瑞藥,52,3,49,凱基-中壢,2024-05-13,9285
00715L,期街口布蘭特正2,46,0,46,凱基-中壢,2024-05-13,9285
2882,國泰金,55,9,46,凱基-中壢,2024-05-13,9285
1312,國喬,43,1,42,凱基-中壢,2024-05-13,9285
3024,憶聲,40,3,37,凱基-中壢,2024-05-13,9285
2509,全坤建,35,0,35,凱基-中壢,2024-05-13,9285
8916,光隆,34,0,34,凱基-中壢,2024-05-13,9285
2476,鉅祥,37,6,31,凱基-中壢,2024-05-13,9285
5344,立衛,31,0,31,凱基-中壢,2024-05-13,9285
2603,長榮,98,68,30,凱基-中壢,2024-05-13,9285
1904,正隆,30,0,30,凱基-中壢,2024-05-13,9285
2913,農林,40,11,29,凱基-中壢,2024-05-13,9285
6841,長佳智能,28,0,28,凱基-中壢,2024-05-13,9285
2323,中環,29,2,27,凱基-中壢,2024-05-13,9285
3481,群創,38,11,27,凱基-中壢,2024-05-13,9285
9105,泰金寶-DR,35,10,25,凱基-中壢,2024-05-13,9285
2515,中工,33,9,24,凱基-中壢,2024-05-13,9285
00945B,凱基美國非投等債,22,0,22,凱基-中壢,2024-05-13,9285
1795,美時,25,4,21,凱基-中壢,2024-05-13,9285
4903,聯光通,23,2,21,凱基-中壢,2024-05-13,9285
2534,宏盛,20,0,20,凱基-中壢,2024-05-13,9285
2820,華票,20,0,20,凱基-中壢,2024-05-13,9285
00671R,富邦NASDAQ反1,20,0,20,凱基-中壢,2024-05-13,9285
8367,建新國際,20,0,20,凱基-中壢,2024-05-13,9285
912000,晨訊科-DR,35,15,20,凱基-中壢,2024-05-13,9285
00919,群益台灣精選高息,24,5,19,凱基-中壢,2024-05-13,9285
1504,東元,20,1,19,凱基-中壢,2024-05-13,9285
3498,陽程,20,1,19,凱基-中壢,2024-05-13,9285
00946,群益科技高息成長,28,11,17,凱基-中壢,2024-05-13,9285
3037,欣興,19,2,17,凱基-中壢,2024-05-13,9285
00712,復華富時不動產,18,2,16,凱基-中壢,2024-05-13,9285
2739,寒舍,26,10,16,凱基-中壢,2024-05-13,9285
3013,晟銘電,53,37,16,凱基-中壢,2024-05-13,9285
5475,德宏,25,10,15,凱基-中壢,2024-05-13,9285
2061,風青,15,0,15,凱基-中壢,2024-05-13,9285
3094,聯傑,15,0,15,凱基-中壢,2024-05-13,9285
00665L,富邦�琤肭磪囓�2,351,93,258,凱基-中壢,2024-05-14,9285
00878,國泰永續高股息,220,23,197,凱基-中壢,2024-05-14,9285
2374,佳能,314,145,169,凱基-中壢,2024-05-14,9285
2605,新興,283,137,146,凱基-中壢,2024-05-14,9285
2356,英業達,244,108,136,凱基-中壢,2024-05-14,9285
00937B,群益ESG投等債20,133,8,125,凱基-中壢,2024-05-14,9285
2615,萬海,362,293,69,凱基-中壢,2024-05-14,9285
00929,復華台灣科技優息,83,21,62,凱基-中壢,2024-05-14,9285
2353,宏��,197,144,53,凱基-中壢,2024-05-14,9285
2355,敬鵬,55,4,51,凱基-中壢,2024-05-14,9285
2504,國產,49,0,49,凱基-中壢,2024-05-14,9285
1522,堤維西,61,15,46,凱基-中壢,2024-05-14,9285
3706,神達,94,54,40,凱基-中壢,2024-05-14,9285
00933B,國泰10Y+金融債,43,4,39,凱基-中壢,2024-05-14,9285
3231,緯創,45,9,36,凱基-中壢,2024-05-14,9285
5871,中租-KY,39,4,35,凱基-中壢,2024-05-14,9285
2618,長榮航,73,38,35,凱基-中壢,2024-05-14,9285
2606,裕民,66,33,33,凱基-中壢,2024-05-14,9285
00632R,元大台灣50反1,92,60,32,凱基-中壢,2024-05-14,9285
9912,偉聯,33,1,32,凱基-中壢,2024-05-14,9285
00679B,元大美債20年,48,16,32,凱基-中壢,2024-05-14,9285
1806,冠軍,31,0,31,凱基-中壢,2024-05-14,9285
1101,台泥,49,18,31,凱基-中壢,2024-05-14,9285
1609,大亞,34,6,28,凱基-中壢,2024-05-14,9285
6274,台燿,27,2,25,凱基-中壢,2024-05-14,9285
3202,樺晟,30,5,25,凱基-中壢,2024-05-14,9285
00946,群益科技高息成長,30,6,24,凱基-中壢,2024-05-14,9285
00934,中信成長高股息,24,0,24,凱基-中壢,2024-05-14,9285
2607,榮運,30,6,24,凱基-中壢,2024-05-14,9285
00944,野村趨勢動能高息,22,0,22,凱基-中壢,2024-05-14,9285
3213,茂訊,22,0,22,凱基-中壢,2024-05-14,9285
2915,潤泰全,28,7,21,凱基-中壢,2024-05-14,9285
2855,統一證,20,0,20,凱基-中壢,2024-05-14,9285
1309,台達化,20,0,20,凱基-中壢,2024-05-14,9285
3708,上緯投控,21,1,20,凱基-中壢,2024-05-14,9285
1312,國喬,20,0,20,凱基-中壢,2024-05-14,9285
3390,旭軟,36,17,19,凱基-中壢,2024-05-14,9285
4167,松瑞藥,29,10,19,凱基-中壢,2024-05-14,9285
2482,連宇,37,18,19,凱基-中壢,2024-05-14,9285
1304,台聚,18,0,18,凱基-中壢,2024-05-14,9285
5534,長虹,19,3,16,凱基-中壢,2024-05-14,9285
2884,玉山金,17,2,15,凱基-中壢,2024-05-14,9285
3031,佰鴻,15,0,15,凱基-中壢,2024-05-14,9285
2867,三商壽,15,0,15,凱基-中壢,2024-05-14,9285
910322,康師傅-DR,15,0,15,凱基-中壢,2024-05-14,9285
1316,上曜,15,0,15,凱基-中壢,2024-05-14,9285
3230,錦明,16,2,14,凱基-中壢,2024-05-14,9285
4760,勤凱,15,1,14,凱基-中壢,2024-05-14,9285
2317,鴻海,164,151,13,凱基-中壢,2024-05-14,9285
8096,擎亞,14,1,13,凱基-中壢,2024-05-14,9285
00937B,群益ESG投等債20,865,4,861,凱基-中壢,2024-05-15,9285
2891,中信金,386,8,378,凱基-中壢,2024-05-15,9285
00632R,元大台灣50反1,365,35,330,凱基-中壢,2024-05-15,9285
2356,英業達,284,75,209,凱基-中壢,2024-05-15,9285
00919,群益台灣精選高息,146,4,142,凱基-中壢,2024-05-15,9285
00945B,凱基美國非投等債,89,3,86,凱基-中壢,2024-05-15,9285
2323,中環,71,2,69,凱基-中壢,2024-05-15,9285
5608,四維航,104,36,68,凱基-中壢,2024-05-15,9285
00940,元大台灣價值高息,121,62,59,凱基-中壢,2024-05-15,9285
2606,裕民,63,7,56,凱基-中壢,2024-05-15,9285
00946,群益科技高息成長,70,15,55,凱基-中壢,2024-05-15,9285
2812,台中銀,52,0,52,凱基-中壢,2024-05-15,9285
5213,亞昕,52,0,52,凱基-中壢,2024-05-15,9285
6491,晶碩,47,1,46,凱基-中壢,2024-05-15,9285
2605,新興,61,22,39,凱基-中壢,2024-05-15,9285
00891,中信關鍵半導體,36,0,36,凱基-中壢,2024-05-15,9285
2405,輔信,72,36,36,凱基-中壢,2024-05-15,9285
2406,國碩,90,55,35,凱基-中壢,2024-05-15,9285
2009,第一銅,61,27,34,凱基-中壢,2024-05-15,9285
2603,長榮,82,50,32,凱基-中壢,2024-05-15,9285
8916,光隆,32,0,32,凱基-中壢,2024-05-15,9285
1522,堤維西,53,23,30,凱基-中壢,2024-05-15,9285
4533,協易機,54,24,30,凱基-中壢,2024-05-15,9285
1702,南僑,34,4,30,凱基-中壢,2024-05-15,9285
2739,寒舍,30,1,29,凱基-中壢,2024-05-15,9285
1312,國喬,36,8,28,凱基-中壢,2024-05-15,9285
2449,京元電子,29,2,27,凱基-中壢,2024-05-15,9285
2618,長榮航,59,33,26,凱基-中壢,2024-05-15,9285
9958,世紀鋼,38,13,25,凱基-中壢,2024-05-15,9285
1473,台南,25,0,25,凱基-中壢,2024-05-15,9285
00676R,富邦臺灣加權反1,25,0,25,凱基-中壢,2024-05-15,9285
2476,鉅祥,54,30,24,凱基-中壢,2024-05-15,9285
3047,訊舟,53,29,24,凱基-中壢,2024-05-15,9285
6005,群益證,22,1,21,凱基-中壢,2024-05-15,9285
00712,復華富時不動產,36,16,20,凱基-中壢,2024-05-15,9285
3002,歐格,20,0,20,凱基-中壢,2024-05-15,9285
1815,富喬,21,1,20,凱基-中壢,2024-05-15,9285
4938,和碩,23,4,19,凱基-中壢,2024-05-15,9285
1608,華榮,70,51,19,凱基-中壢,2024-05-15,9285
2845,遠東銀,20,2,18,凱基-中壢,2024-05-15,9285
1785,光洋科,24,6,18,凱基-中壢,2024-05-15,9285
5469,瀚宇博,30,13,17,凱基-中壢,2024-05-15,9285
6684,安格,17,1,16,凱基-中壢,2024-05-15,9285
00715L,期街口布蘭特正2,15,0,15,凱基-中壢,2024-05-15,9285
9945,潤泰新,40,26,14,凱基-中壢,2024-05-15,9285
3287,廣寰科,28,14,14,凱基-中壢,2024-05-15,9285
3060,銘異,32,19,13,凱基-中壢,2024-05-15,9285
2354,鴻準,17,4,13,凱基-中壢,2024-05-15,9285
6443,元晶,19,6,13,凱基-中壢,2024-05-15,9285
5392,能率,25,12,13,凱基-中壢,2024-05-15,9285
00632R,元大台灣50反1,565,150,415,凱基-中壢,2024-05-16,9285
2882,國泰金,173,16,157,凱基-中壢,2024-05-16,9285
2362,藍天,388,277,111,凱基-中壢,2024-05-16,9285
1527,鑽全,82,0,82,凱基-中壢,2024-05-16,9285
5469,瀚宇博,103,21,82,凱基-中壢,2024-05-16,9285
2382,廣達,93,16,77,凱基-中壢,2024-05-16,9285
2349,錸德,108,40,68,凱基-中壢,2024-05-16,9285
00688L,國泰20年美債正2,100,35,65,凱基-中壢,2024-05-16,9285
00664R,國泰臺灣加權反1,57,0,57,凱基-中壢,2024-05-16,9285
00669R,國泰美國道瓊反1,54,0,54,凱基-中壢,2024-05-16,9285
2365,昆盈,83,30,53,凱基-中壢,2024-05-16,9285
4533,協易機,92,42,50,凱基-中壢,2024-05-16,9285
2367,燿華,286,239,47,凱基-中壢,2024-05-16,9285
3535,晶彩科,77,34,43,凱基-中壢,2024-05-16,9285
3231,緯創,67,27,40,凱基-中壢,2024-05-16,9285
2323,中環,43,3,40,凱基-中壢,2024-05-16,9285
1612,宏泰,48,8,40,凱基-中壢,2024-05-16,9285
00637L,元大滬深300正2,38,0,38,凱基-中壢,2024-05-16,9285
2301,光寶科,43,5,38,凱基-中壢,2024-05-16,9285
2329,華泰,62,25,37,凱基-中壢,2024-05-16,9285
3163,波若威,46,10,36,凱基-中壢,2024-05-16,9285
6215,和椿,89,59,30,凱基-中壢,2024-05-16,9285
8358,金居,61,31,30,凱基-中壢,2024-05-16,9285
00946,群益科技高息成長,33,5,28,凱基-中壢,2024-05-16,9285
8916,光隆,28,1,27,凱基-中壢,2024-05-16,9285
1608,華榮,61,34,27,凱基-中壢,2024-05-16,9285
2101,南港,29,4,25,凱基-中壢,2024-05-16,9285
912000,晨訊科-DR,75,50,25,凱基-中壢,2024-05-16,9285
8070,長華*,27,3,24,凱基-中壢,2024-05-16,9285
1785,光洋科,25,1,24,凱基-中壢,2024-05-16,9285
5213,亞昕,23,0,23,凱基-中壢,2024-05-16,9285
2020,美亞,25,2,23,凱基-中壢,2024-05-16,9285
00945B,凱基美國非投等債,40,17,23,凱基-中壢,2024-05-16,9285
4716,大立,24,3,21,凱基-中壢,2024-05-16,9285
3037,欣興,25,4,21,凱基-中壢,2024-05-16,9285
2359,所羅門,75,55,20,凱基-中壢,2024-05-16,9285
4155,訊映,20,0,20,凱基-中壢,2024-05-16,9285
3550,聯穎,20,0,20,凱基-中壢,2024-05-16,9285
2611,志信,31,11,20,凱基-中壢,2024-05-16,9285
2908,特力,20,0,20,凱基-中壢,2024-05-16,9285
00671R,富邦NASDAQ反1,20,0,20,凱基-中壢,2024-05-16,9285
5706,鳳凰,27,8,19,凱基-中壢,2024-05-16,9285
2923,鼎固-KY,21,3,18,凱基-中壢,2024-05-16,9285
9945,潤泰新,72,55,17,凱基-中壢,2024-05-16,9285
00690,兆豐藍籌30,17,0,17,凱基-中壢,2024-05-16,9285
2705,六福,18,1,17,凱基-中壢,2024-05-16,9285
4198,欣大健康,19,2,17,凱基-中壢,2024-05-16,9285
1605,華新,26,11,15,凱基-中壢,2024-05-16,9285
3617,碩天,17,2,15,凱基-中壢,2024-05-16,9285
4909,新復興,15,0,15,凱基-中壢,2024-05-16,9285
00637L,元大滬深300正2,448,0,448,凱基-中壢,2024-05-17,9285
2882,國泰金,377,85,292,凱基-中壢,2024-05-17,9285
00878,國泰永續高股息,274,24,250,凱基-中壢,2024-05-17,9285
00929,復華台灣科技優息,184,5,179,凱基-中壢,2024-05-17,9285
00937B,群益ESG投等債20,191,18,173,凱基-中壢,2024-05-17,9285
00940,元大台灣價值高息,200,55,145,凱基-中壢,2024-05-17,9285
2601,益航,100,15,85,凱基-中壢,2024-05-17,9285
8096,擎亞,123,39,84,凱基-中壢,2024-05-17,9285
00946,群益科技高息成長,64,0,64,凱基-中壢,2024-05-17,9285
2392,正崴,64,3,61,凱基-中壢,2024-05-17,9285
1453,大將,85,25,60,凱基-中壢,2024-05-17,9285
2597,潤弘,53,0,53,凱基-中壢,2024-05-17,9285
2867,三商壽,94,41,53,凱基-中壢,2024-05-17,9285
3060,銘異,122,70,52,凱基-中壢,2024-05-17,9285
1527,鑽全,50,0,50,凱基-中壢,2024-05-17,9285
00664R,國泰臺灣加權反1,50,1,49,凱基-中壢,2024-05-17,9285
2489,瑞軒,74,26,48,凱基-中壢,2024-05-17,9285
3033,威健,70,24,46,凱基-中壢,2024-05-17,9285
2915,潤泰全,51,5,46,凱基-中壢,2024-05-17,9285
00919,群益台灣精選高息,117,73,44,凱基-中壢,2024-05-17,9285
3481,群創,40,0,40,凱基-中壢,2024-05-17,9285
00679B,元大美債20年,42,2,40,凱基-中壢,2024-05-17,9285
3231,緯創,41,8,33,凱基-中壢,2024-05-17,9285
2603,長榮,70,37,33,凱基-中壢,2024-05-17,9285
4960,誠美材,51,19,32,凱基-中壢,2024-05-17,9285
2440,太空梭,55,24,31,凱基-中壢,2024-05-17,9285
9945,潤泰新,51,21,30,凱基-中壢,2024-05-17,9285
2464,盟立,32,3,29,凱基-中壢,2024-05-17,9285
3047,訊舟,60,31,29,凱基-中壢,2024-05-17,9285
2408,南亞科,29,1,28,凱基-中壢,2024-05-17,9285
2409,友達,26,0,26,凱基-中壢,2024-05-17,9285
00688L,國泰20年美債正2,26,0,26,凱基-中壢,2024-05-17,9285
2324,仁寶,31,5,26,凱基-中壢,2024-05-17,9285
1312,國喬,25,0,25,凱基-中壢,2024-05-17,9285
9912,偉聯,30,5,25,凱基-中壢,2024-05-17,9285
3024,憶聲,35,10,25,凱基-中壢,2024-05-17,9285
2605,新興,49,25,24,凱基-中壢,2024-05-17,9285
3059,華晶科,45,21,24,凱基-中壢,2024-05-17,9285
2014,中鴻,32,8,24,凱基-中壢,2024-05-17,9285
3490,單井,30,6,24,凱基-中壢,2024-05-17,9285
8916,光隆,26,3,23,凱基-中壢,2024-05-17,9285
1314,中石化,44,21,23,凱基-中壢,2024-05-17,9285
5392,能率,55,32,23,凱基-中壢,2024-05-17,9285
6770,力積電,47,25,22,凱基-中壢,2024-05-17,9285
3360,尚立,21,0,21,凱基-中壢,2024-05-17,9285
3037,欣興,20,1,19,凱基-中壢,2024-05-17,9285
5213,亞昕,20,1,19,凱基-中壢,2024-05-17,9285
3303,岱稜,19,1,18,凱基-中壢,2024-05-17,9285
00915,凱基優選高股息30,20,3,17,凱基-中壢,2024-05-17,9285
5531,鄉林,17,0,17,凱基-中壢,2024-05-17,9285
00637L,元大滬深300正2,844,39,805,凱基-中壢,2024-05-20,9285
00665L,富邦�琤肭磪囓�2,610,7,603,凱基-中壢,2024-05-20,9285
00940,元大台灣價值高息,413,48,365,凱基-中壢,2024-05-20,9285
00929,復華台灣科技優息,290,77,213,凱基-中壢,2024-05-20,9285
00937B,群益ESG投等債20,148,32,116,凱基-中壢,2024-05-20,9285
2374,佳能,174,70,104,凱基-中壢,2024-05-20,9285
2495,普安,59,2,57,凱基-中壢,2024-05-20,9285
2317,鴻海,71,18,53,凱基-中壢,2024-05-20,9285
1101,台泥,53,4,49,凱基-中壢,2024-05-20,9285
2867,三商壽,117,68,49,凱基-中壢,2024-05-20,9285
2605,新興,65,17,48,凱基-中壢,2024-05-20,9285
3231,緯創,65,18,47,凱基-中壢,2024-05-20,9285
00881,國泰台灣5G+,47,0,47,凱基-中壢,2024-05-20,9285
00669R,國泰美國道瓊反1,39,0,39,凱基-中壢,2024-05-20,9285
3576,聯合再生,53,16,37,凱基-中壢,2024-05-20,9285
1527,鑽全,33,1,32,凱基-中壢,2024-05-20,9285
2883,凱基金,57,25,32,凱基-中壢,2024-05-20,9285
1906,寶隆,30,0,30,凱基-中壢,2024-05-20,9285
6282,康舒,31,1,30,凱基-中壢,2024-05-20,9285
4167,松瑞藥,35,5,30,凱基-中壢,2024-05-20,9285
3481,群創,32,4,28,凱基-中壢,2024-05-20,9285
2464,盟立,26,0,26,凱基-中壢,2024-05-20,9285
2597,潤弘,25,0,25,凱基-中壢,2024-05-20,9285
8404,百和興業-KY,25,0,25,凱基-中壢,2024-05-20,9285
2208,台船,50,25,25,凱基-中壢,2024-05-20,9285
00939,統一台灣高息動能,26,2,24,凱基-中壢,2024-05-20,9285
2845,遠東銀,26,2,24,凱基-中壢,2024-05-20,9285
9105,泰金寶-DR,55,32,23,凱基-中壢,2024-05-20,9285
2891,中信金,77,55,22,凱基-中壢,2024-05-20,9285
1608,華榮,54,33,21,凱基-中壢,2024-05-20,9285
2367,燿華,310,290,20,凱基-中壢,2024-05-20,9285
1453,大將,24,4,20,凱基-中壢,2024-05-20,9285
2607,榮運,20,1,19,凱基-中壢,2024-05-20,9285
3041,揚智,20,1,19,凱基-中壢,2024-05-20,9285
2312,金寶,25,8,17,凱基-中壢,2024-05-20,9285
6024,群益期,16,0,16,凱基-中壢,2024-05-20,9285
2352,佳世達,21,6,15,凱基-中壢,2024-05-20,9285
1618,合機,21,6,15,凱基-中壢,2024-05-20,9285
6425,易發,20,6,14,凱基-中壢,2024-05-20,9285
1532,勤美,14,0,14,凱基-中壢,2024-05-20,9285
6215,和椿,22,8,14,凱基-中壢,2024-05-20,9285
6509,聚和,15,1,14,凱基-中壢,2024-05-20,9285
2606,裕民,15,2,13,凱基-中壢,2024-05-20,9285
2515,中工,13,0,13,凱基-中壢,2024-05-20,9285
4543,萬在,14,1,13,凱基-中壢,2024-05-20,9285
00915,凱基優選高股息30,14,1,13,凱基-中壢,2024-05-20,9285
3703,欣陸,22,10,12,凱基-中壢,2024-05-20,9285
6668,中揚光,12,0,12,凱基-中壢,2024-05-20,9285
00933B,國泰10Y+金融債,16,4,12,凱基-中壢,2024-05-20,9285
6152,百一,14,2,12,凱基-中壢,2024-05-20,9285
00637L,元大滬深300正2,325,6,319,凱基-中壢,2024-05-21,9285
00664R,國泰臺灣加權反1,225,0,225,凱基-中壢,2024-05-21,9285
00650L,復華香港正2,128,19,109,凱基-中壢,2024-05-21,9285
00632R,元大台灣50反1,102,0,102,凱基-中壢,2024-05-21,9285
00937B,群益ESG投等債20,94,0,94,凱基-中壢,2024-05-21,9285
8096,擎亞,118,26,92,凱基-中壢,2024-05-21,9285
00857B,永豐20年美公債,80,0,80,凱基-中壢,2024-05-21,9285
2610,華航,146,73,73,凱基-中壢,2024-05-21,9285
00940,元大台灣價值高息,75,3,72,凱基-中壢,2024-05-21,9285
2890,永豐金,90,27,63,凱基-中壢,2024-05-21,9285
2618,長榮航,135,72,63,凱基-中壢,2024-05-21,9285
0056,元大高股息,62,2,60,凱基-中壢,2024-05-21,9285
00679B,元大美債20年,54,5,49,凱基-中壢,2024-05-21,9285
00878,國泰永續高股息,60,15,45,凱基-中壢,2024-05-21,9285
4533,協易機,169,125,44,凱基-中壢,2024-05-21,9285
2363,矽統,96,52,44,凱基-中壢,2024-05-21,9285
00929,復華台灣科技優息,168,133,35,凱基-中壢,2024-05-21,9285
3702,大聯大,42,8,34,凱基-中壢,2024-05-21,9285
2881,富邦金,44,13,31,凱基-中壢,2024-05-21,9285
2834,臺企銀,29,0,29,凱基-中壢,2024-05-21,9285
2349,錸德,28,0,28,凱基-中壢,2024-05-21,9285
8916,光隆,28,0,28,凱基-中壢,2024-05-21,9285
00688L,國泰20年美債正2,27,0,27,凱基-中壢,2024-05-21,9285
1527,鑽全,27,0,27,凱基-中壢,2024-05-21,9285
9912,偉聯,30,3,27,凱基-中壢,2024-05-21,9285
2495,普安,28,2,26,凱基-中壢,2024-05-21,9285
1608,華榮,96,71,25,凱基-中壢,2024-05-21,9285
6443,元晶,23,0,23,凱基-中壢,2024-05-21,9285
5521,工信,25,4,21,凱基-中壢,2024-05-21,9285
2601,益航,21,0,21,凱基-中壢,2024-05-21,9285
00713,元大台灣高息低波,21,0,21,凱基-中壢,2024-05-21,9285
2603,長榮,44,23,21,凱基-中壢,2024-05-21,9285
2409,友達,39,19,20,凱基-中壢,2024-05-21,9285
5328,華容,20,0,20,凱基-中壢,2024-05-21,9285
2323,中環,21,2,19,凱基-中壢,2024-05-21,9285
2722,夏都,19,0,19,凱基-中壢,2024-05-21,9285
1516,川飛,19,0,19,凱基-中壢,2024-05-21,9285
6282,康舒,21,2,19,凱基-中壢,2024-05-21,9285
2204,中華,18,0,18,凱基-中壢,2024-05-21,9285
3321,同泰,52,34,18,凱基-中壢,2024-05-21,9285
5371,中光電,28,10,18,凱基-中壢,2024-05-21,9285
2312,金寶,28,11,17,凱基-中壢,2024-05-21,9285
3689,湧德,19,2,17,凱基-中壢,2024-05-21,9285
5014,建錩,17,0,17,凱基-中壢,2024-05-21,9285
1618,合機,23,6,17,凱基-中壢,2024-05-21,9285
4526,東台,16,0,16,凱基-中壢,2024-05-21,9285
2887,台新金,22,6,16,凱基-中壢,2024-05-21,9285
2206,三陽工業,16,0,16,凱基-中壢,2024-05-21,9285
1303,南亞,25,10,15,凱基-中壢,2024-05-21,9285
1314,中石化,26,11,15,凱基-中壢,2024-05-21,9285
2356,英業達,392,57,335,凱基-中壢,2024-05-22,9285
00665L,富邦�琤肭磪囓�2,275,0,275,凱基-中壢,2024-05-22,9285
2367,燿華,414,260,154,凱基-中壢,2024-05-22,9285
00650L,復華香港正2,138,0,138,凱基-中壢,2024-05-22,9285
00857B,永豐20年美公債,135,0,135,凱基-中壢,2024-05-22,9285
2867,三商壽,103,1,102,凱基-中壢,2024-05-22,9285
00885,富邦越南,100,0,100,凱基-中壢,2024-05-22,9285
3706,神達,113,25,88,凱基-中壢,2024-05-22,9285
2618,長榮航,133,53,80,凱基-中壢,2024-05-22,9285
6125,廣運,114,44,70,凱基-中壢,2024-05-22,9285
3047,訊舟,113,48,65,凱基-中壢,2024-05-22,9285
00937B,群益ESG投等債20,85,28,57,凱基-中壢,2024-05-22,9285
2851,中再保,50,0,50,凱基-中壢,2024-05-22,9285
00715L,期街口布蘭特正2,48,0,48,凱基-中壢,2024-05-22,9285
00637L,元大滬深300正2,50,4,46,凱基-中壢,2024-05-22,9285
2489,瑞軒,58,18,40,凱基-中壢,2024-05-22,9285
8093,保銳,37,0,37,凱基-中壢,2024-05-22,9285
2610,華航,49,12,37,凱基-中壢,2024-05-22,9285
8027,鈦昇,52,18,34,凱基-中壢,2024-05-22,9285
3481,群創,129,95,34,凱基-中壢,2024-05-22,9285
2002,中鋼,41,8,33,凱基-中壢,2024-05-22,9285
2363,矽統,80,48,32,凱基-中壢,2024-05-22,9285
3715,定穎投控,54,23,31,凱基-中壢,2024-05-22,9285
00933B,國泰10Y+金融債,31,0,31,凱基-中壢,2024-05-22,9285
00929,復華台灣科技優息,167,136,31,凱基-中壢,2024-05-22,9285
2486,一詮,36,6,30,凱基-中壢,2024-05-22,9285
8064,東捷,51,21,30,凱基-中壢,2024-05-22,9285
2464,盟立,71,42,29,凱基-中壢,2024-05-22,9285
2354,鴻準,45,17,28,凱基-中壢,2024-05-22,9285
2369,菱生,33,5,28,凱基-中壢,2024-05-22,9285
8916,光隆,28,0,28,凱基-中壢,2024-05-22,9285
2365,昆盈,37,10,27,凱基-中壢,2024-05-22,9285
8121,越峰,26,0,26,凱基-中壢,2024-05-22,9285
2009,第一銅,117,92,25,凱基-中壢,2024-05-22,9285
3013,晟銘電,60,36,24,凱基-中壢,2024-05-22,9285
2331,精英,26,2,24,凱基-中壢,2024-05-22,9285
2884,玉山金,28,5,23,凱基-中壢,2024-05-22,9285
8076,伍豐,22,0,22,凱基-中壢,2024-05-22,9285
1303,南亞,21,0,21,凱基-中壢,2024-05-22,9285
2504,國產,29,9,20,凱基-中壢,2024-05-22,9285
00679B,元大美債20年,35,15,20,凱基-中壢,2024-05-22,9285
8112,至上,22,2,20,凱基-中壢,2024-05-22,9285
00891,中信關鍵半導體,25,5,20,凱基-中壢,2024-05-22,9285
6788,華景電,20,0,20,凱基-中壢,2024-05-22,9285
2607,榮運,31,12,19,凱基-中壢,2024-05-22,9285
3049,精金,25,6,19,凱基-中壢,2024-05-22,9285
2467,志聖,26,8,18,凱基-中壢,2024-05-22,9285
9945,潤泰新,18,0,18,凱基-中壢,2024-05-22,9285
3059,華晶科,44,27,17,凱基-中壢,2024-05-22,9285
3260,威剛,28,11,17,凱基-中壢,2024-05-22,9285
00715L,期街口布蘭特正2,275,0,275,凱基-中壢,2024-05-23,9285
00882,中信中國高股息,304,46,258,凱基-中壢,2024-05-23,9285
00632R,元大台灣50反1,246,15,231,凱基-中壢,2024-05-23,9285
00650L,復華香港正2,235,20,215,凱基-中壢,2024-05-23,9285
00937B,群益ESG投等債20,156,2,154,凱基-中壢,2024-05-23,9285
2002,中鋼,153,4,149,凱基-中壢,2024-05-23,9285
2324,仁寶,203,61,142,凱基-中壢,2024-05-23,9285
2409,友達,119,19,100,凱基-中壢,2024-05-23,9285
2495,普安,106,9,97,凱基-中壢,2024-05-23,9285
8096,擎亞,193,101,92,凱基-中壢,2024-05-23,9285
5522,遠雄,92,2,90,凱基-中壢,2024-05-23,9285
1453,大將,83,4,79,凱基-中壢,2024-05-23,9285
2353,宏��,248,171,77,凱基-中壢,2024-05-23,9285
00722B,群益投資級電信債,70,6,64,凱基-中壢,2024-05-23,9285
6177,達麗,64,1,63,凱基-中壢,2024-05-23,9285
4716,大立,63,2,61,凱基-中壢,2024-05-23,9285
3024,憶聲,72,16,56,凱基-中壢,2024-05-23,9285
1524,耿鼎,55,1,54,凱基-中壢,2024-05-23,9285
2371,大同,69,21,48,凱基-中壢,2024-05-23,9285
6125,廣運,133,88,45,凱基-中壢,2024-05-23,9285
3321,同泰,45,1,44,凱基-中壢,2024-05-23,9285
2356,英業達,76,33,43,凱基-中壢,2024-05-23,9285
2851,中再保,42,0,42,凱基-中壢,2024-05-23,9285
6209,今國光,64,22,42,凱基-中壢,2024-05-23,9285
6186,新潤,41,2,39,凱基-中壢,2024-05-23,9285
1314,中石化,59,20,39,凱基-中壢,2024-05-23,9285
8916,光隆,38,0,38,凱基-中壢,2024-05-23,9285
00885,富邦越南,40,2,38,凱基-中壢,2024-05-23,9285
8070,長華*,43,7,36,凱基-中壢,2024-05-23,9285
6234,高僑,35,3,32,凱基-中壢,2024-05-23,9285
3363,上詮,66,35,31,凱基-中壢,2024-05-23,9285
1532,勤美,31,0,31,凱基-中壢,2024-05-23,9285
1301,台塑,32,2,30,凱基-中壢,2024-05-23,9285
6442,光聖,30,0,30,凱基-中壢,2024-05-23,9285
7402,邑錡,28,1,27,凱基-中壢,2024-05-23,9285
5508,永信建,26,0,26,凱基-中壢,2024-05-23,9285
4542,科嶠,29,3,26,凱基-中壢,2024-05-23,9285
00738U,期元大道瓊白銀,26,0,26,凱基-中壢,2024-05-23,9285
2014,中鴻,26,0,26,凱基-中壢,2024-05-23,9285
2905,三商,30,5,25,凱基-中壢,2024-05-23,9285
1605,華新,29,4,25,凱基-中壢,2024-05-23,9285
3033,威健,33,10,23,凱基-中壢,2024-05-23,9285
2312,金寶,40,17,23,凱基-中壢,2024-05-23,9285
6147,頎邦,22,0,22,凱基-中壢,2024-05-23,9285
3289,宜特,29,7,22,凱基-中壢,2024-05-23,9285
5452,佶優,30,8,22,凱基-中壢,2024-05-23,9285
5531,鄉林,22,0,22,凱基-中壢,2024-05-23,9285
2615,萬海,25,3,22,凱基-中壢,2024-05-23,9285
00940,元大台灣價值高息,106,84,22,凱基-中壢,2024-05-23,9285
2405,輔信,47,26,21,凱基-中壢,2024-05-23,9285
00650L,復華香港正2,429,5,424,凱基-中壢,2024-05-24,9285
00937B,群益ESG投等債20,251,6,245,凱基-中壢,2024-05-24,9285
2002,中鋼,86,1,85,凱基-中壢,2024-05-24,9285
00712,復華富時不動產,72,2,70,凱基-中壢,2024-05-24,9285
2303,聯電,114,50,64,凱基-中壢,2024-05-24,9285
2365,昆盈,102,45,57,凱基-中壢,2024-05-24,9285
1516,川飛,68,13,55,凱基-中壢,2024-05-24,9285
00919,群益台灣精選高息,77,25,52,凱基-中壢,2024-05-24,9285
00664R,國泰臺灣加權反1,50,0,50,凱基-中壢,2024-05-24,9285
2884,玉山金,50,1,49,凱基-中壢,2024-05-24,9285
00929,復華台灣科技優息,69,29,40,凱基-中壢,2024-05-24,9285
00679B,元大美債20年,40,0,40,凱基-中壢,2024-05-24,9285
1528,恩德,39,0,39,凱基-中壢,2024-05-24,9285
2892,第一金,37,0,37,凱基-中壢,2024-05-24,9285
3163,波若威,61,24,37,凱基-中壢,2024-05-24,9285
8916,光隆,37,0,37,凱基-中壢,2024-05-24,9285
2371,大同,53,18,35,凱基-中壢,2024-05-24,9285
00878,國泰永續高股息,56,24,32,凱基-中壢,2024-05-24,9285
2485,兆赫,31,0,31,凱基-中壢,2024-05-24,9285
5213,亞昕,33,2,31,凱基-中壢,2024-05-24,9285
00632R,元大台灣50反1,100,70,30,凱基-中壢,2024-05-24,9285
3013,晟銘電,45,15,30,凱基-中壢,2024-05-24,9285
6257,矽格,30,1,29,凱基-中壢,2024-05-24,9285
6196,帆宣,30,1,29,凱基-中壢,2024-05-24,9285
6197,佳必琪,32,4,28,凱基-中壢,2024-05-24,9285
2375,凱美,29,1,28,凱基-中壢,2024-05-24,9285
4760,勤凱,28,0,28,凱基-中壢,2024-05-24,9285
2027,大成鋼,23,0,23,凱基-中壢,2024-05-24,9285
3189,景碩,23,0,23,凱基-中壢,2024-05-24,9285
1314,中石化,32,10,22,凱基-中壢,2024-05-24,9285
1810,和成,85,63,22,凱基-中壢,2024-05-24,9285
2891,中信金,36,15,21,凱基-中壢,2024-05-24,9285
6282,康舒,20,0,20,凱基-中壢,2024-05-24,9285
2332,友訊,20,0,20,凱基-中壢,2024-05-24,9285
2607,榮運,21,1,20,凱基-中壢,2024-05-24,9285
3705,永信,20,0,20,凱基-中壢,2024-05-24,9285
00942B,台新美A公司債20+,20,0,20,凱基-中壢,2024-05-24,9285
6770,力積電,27,7,20,凱基-中壢,2024-05-24,9285
00946,群益科技高息成長,20,0,20,凱基-中壢,2024-05-24,9285
9105,泰金寶-DR,70,51,19,凱基-中壢,2024-05-24,9285
4533,協易機,25,7,18,凱基-中壢,2024-05-24,9285
00687B,國泰20年美債,17,0,17,凱基-中壢,2024-05-24,9285
4967,十銓,59,42,17,凱基-中壢,2024-05-24,9285
00918,大華優利高填息30,33,17,16,凱基-中壢,2024-05-24,9285
00753L,中信中國50正2,16,0,16,凱基-中壢,2024-05-24,9285
1513,中興電,22,6,16,凱基-中壢,2024-05-24,9285
2392,正崴,38,23,15,凱基-中壢,2024-05-24,9285
6147,頎邦,16,0,16,凱基-中壢,2024-05-24,9285
2464,盟立,53,38,15,凱基-中壢,2024-05-24,9285
2498,宏達電,16,1,15,凱基-中壢,2024-05-24,9285
00937B,群益ESG投等債20,260,42,218,凱基-中壢,2024-05-27,9285
00673R,期元大S＆P原油反1,200,0,200,凱基-中壢,2024-05-27,9285
2356,英業達,183,34,149,凱基-中壢,2024-05-27,9285
00942B,台新美A公司債20+,158,10,148,凱基-中壢,2024-05-27,9285
9105,泰金寶-DR,350,226,124,凱基-中壢,2024-05-27,9285
3047,訊舟,143,41,102,凱基-中壢,2024-05-27,9285
2201,裕隆,102,3,99,凱基-中壢,2024-05-27,9285
2002,中鋼,94,3,91,凱基-中壢,2024-05-27,9285
2332,友訊,100,10,90,凱基-中壢,2024-05-27,9285
3481,群創,112,36,76,凱基-中壢,2024-05-27,9285
2392,正崴,95,22,73,凱基-中壢,2024-05-27,9285
00946,群益科技高息成長,61,8,53,凱基-中壢,2024-05-27,9285
2353,宏��,147,94,53,凱基-中壢,2024-05-27,9285
2363,矽統,272,221,51,凱基-中壢,2024-05-27,9285
1815,富喬,190,145,45,凱基-中壢,2024-05-27,9285
2374,佳能,46,1,45,凱基-中壢,2024-05-27,9285
1314,中石化,52,9,43,凱基-中壢,2024-05-27,9285
00687B,國泰20年美債,40,1,39,凱基-中壢,2024-05-27,9285
6257,矽格,47,8,39,凱基-中壢,2024-05-27,9285
2495,普安,40,3,37,凱基-中壢,2024-05-27,9285
2618,長榮航,57,25,32,凱基-中壢,2024-05-27,9285
2609,陽明,65,34,31,凱基-中壢,2024-05-27,9285
6770,力積電,48,17,31,凱基-中壢,2024-05-27,9285
3617,碩天,31,0,31,凱基-中壢,2024-05-27,9285
8358,金居,34,3,31,凱基-中壢,2024-05-27,9285
2025,千興,31,0,31,凱基-中壢,2024-05-27,9285
2888,新光金,32,4,28,凱基-中壢,2024-05-27,9285
8028,昇陽半導體,170,143,27,凱基-中壢,2024-05-27,9285
4167,松瑞藥,28,2,26,凱基-中壢,2024-05-27,9285
3202,樺晟,29,3,26,凱基-中壢,2024-05-27,9285
5392,能率,35,10,25,凱基-中壢,2024-05-27,9285
00679B,元大美債20年,26,1,25,凱基-中壢,2024-05-27,9285
2886,兆豐金,24,0,24,凱基-中壢,2024-05-27,9285
2889,國票金,33,9,24,凱基-中壢,2024-05-27,9285
8916,光隆,23,0,23,凱基-中壢,2024-05-27,9285
00708L,期元大S＆P黃金正2,22,0,22,凱基-中壢,2024-05-27,9285
2601,益航,35,14,21,凱基-中壢,2024-05-27,9285
00712,復華富時不動產,27,7,20,凱基-中壢,2024-05-27,9285
00936,台新永續高息中小,25,5,20,凱基-中壢,2024-05-27,9285
3016,嘉晶,20,0,20,凱基-中壢,2024-05-27,9285
5498,凱崴,41,22,19,凱基-中壢,2024-05-27,9285
6530,創威,20,1,19,凱基-中壢,2024-05-27,9285
3234,光環,28,9,19,凱基-中壢,2024-05-27,9285
2489,瑞軒,99,81,18,凱基-中壢,2024-05-27,9285
3060,銘異,19,1,18,凱基-中壢,2024-05-27,9285
4908,前鼎,58,40,18,凱基-中壢,2024-05-27,9285
2603,長榮,73,56,17,凱基-中壢,2024-05-27,9285
2506,太設,17,0,17,凱基-中壢,2024-05-27,9285
8935,邦泰,20,3,17,凱基-中壢,2024-05-27,9285
2330,台積電,21,4,17,凱基-中壢,2024-05-27,9285
00937B,群益ESG投等債20,288,57,231,凱基-中壢,2024-05-28,9285
8028,昇陽半導體,133,9,124,凱基-中壢,2024-05-28,9285
00632R,元大台灣50反1,143,23,120,凱基-中壢,2024-05-28,9285
4906,正文,245,149,96,凱基-中壢,2024-05-28,9285
00940,元大台灣價值高息,111,33,78,凱基-中壢,2024-05-28,9285
2405,輔信,133,57,76,凱基-中壢,2024-05-28,9285
2888,新光金,102,36,66,凱基-中壢,2024-05-28,9285
2354,鴻準,250,191,59,凱基-中壢,2024-05-28,9285
00946,群益科技高息成長,57,0,57,凱基-中壢,2024-05-28,9285
2401,凌陽,96,40,56,凱基-中壢,2024-05-28,9285
00679B,元大美債20年,68,16,52,凱基-中壢,2024-05-28,9285
1314,中石化,65,14,51,凱基-中壢,2024-05-28,9285
2618,長榮航,143,95,48,凱基-中壢,2024-05-28,9285
00929,復華台灣科技優息,77,31,46,凱基-中壢,2024-05-28,9285
8936,國統,52,9,43,凱基-中壢,2024-05-28,9285
6215,和椿,48,7,41,凱基-中壢,2024-05-28,9285
00687B,國泰20年美債,45,4,41,凱基-中壢,2024-05-28,9285
2363,矽統,107,66,41,凱基-中壢,2024-05-28,9285
5498,凱崴,45,7,38,凱基-中壢,2024-05-28,9285
2027,大成鋼,39,1,38,凱基-中壢,2024-05-28,9285
1402,遠東新,37,0,37,凱基-中壢,2024-05-28,9285
00665L,富邦�琤肭磪囓�2,62,25,37,凱基-中壢,2024-05-28,9285
00676R,富邦臺灣加權反1,35,0,35,凱基-中壢,2024-05-28,9285
5880,合庫金,34,0,34,凱基-中壢,2024-05-28,9285
6188,廣明,56,25,31,凱基-中壢,2024-05-28,9285
2362,藍天,37,6,31,凱基-中壢,2024-05-28,9285
2356,英業達,68,38,30,凱基-中壢,2024-05-28,9285
2353,宏��,126,97,29,凱基-中壢,2024-05-28,9285
2301,光寶科,46,17,29,凱基-中壢,2024-05-28,9285
2481,強茂,33,4,29,凱基-中壢,2024-05-28,9285
2009,第一銅,41,12,29,凱基-中壢,2024-05-28,9285
2313,華通,33,6,27,凱基-中壢,2024-05-28,9285
3686,達能,26,0,26,凱基-中壢,2024-05-28,9285
3594,磐儀,29,5,24,凱基-中壢,2024-05-28,9285
8916,光隆,25,1,24,凱基-中壢,2024-05-28,9285
6120,達運,28,5,23,凱基-中壢,2024-05-28,9285
00712,復華富時不動產,29,6,23,凱基-中壢,2024-05-28,9285
3689,湧德,32,10,22,凱基-中壢,2024-05-28,9285
2382,廣達,25,4,21,凱基-中壢,2024-05-28,9285
00945B,凱基美國非投等債,21,0,21,凱基-中壢,2024-05-28,9285
6275,元山,27,6,21,凱基-中壢,2024-05-28,9285
2002,中鋼,25,5,20,凱基-中壢,2024-05-28,9285
2340,台亞,26,6,20,凱基-中壢,2024-05-28,9285
2603,長榮,79,60,19,凱基-中壢,2024-05-28,9285
00857B,永豐20年美公債,52,34,18,凱基-中壢,2024-05-28,9285
8070,長華*,20,2,18,凱基-中壢,2024-05-28,9285
6530,創威,20,2,18,凱基-中壢,2024-05-28,9285
2617,台航,22,4,18,凱基-中壢,2024-05-28,9285
6024,群益期,18,0,18,凱基-中壢,2024-05-28,9285
2891,中信金,18,0,18,凱基-中壢,2024-05-28,9285
00650L,復華香港正2,1142,0,1142,凱基-中壢,2024-05-29,9285
00937B,群益ESG投等債20,488,4,484,凱基-中壢,2024-05-29,9285
00679B,元大美債20年,238,13,225,凱基-中壢,2024-05-29,9285
1409,新纖,100,0,100,凱基-中壢,2024-05-29,9285
2354,鴻準,217,119,98,凱基-中壢,2024-05-29,9285
00687B,國泰20年美債,95,0,95,凱基-中壢,2024-05-29,9285
00940,元大台灣價值高息,139,51,88,凱基-中壢,2024-05-29,9285
2867,三商壽,110,27,83,凱基-中壢,2024-05-29,9285
2610,華航,130,48,82,凱基-中壢,2024-05-29,9285
2495,普安,122,45,77,凱基-中壢,2024-05-29,9285
2401,凌陽,191,120,71,凱基-中壢,2024-05-29,9285
00712,復華富時不動產,69,0,69,凱基-中壢,2024-05-29,9285
00946,群益科技高息成長,67,0,67,凱基-中壢,2024-05-29,9285
2609,陽明,97,34,63,凱基-中壢,2024-05-29,9285
00918,大華優利高填息30,62,0,62,凱基-中壢,2024-05-29,9285
1718,中纖,67,7,60,凱基-中壢,2024-05-29,9285
2883,凱基金,71,16,55,凱基-中壢,2024-05-29,9285
2303,聯電,78,27,51,凱基-中壢,2024-05-29,9285
2884,玉山金,54,3,51,凱基-中壢,2024-05-29,9285
5315,光聯,50,0,50,凱基-中壢,2024-05-29,9285
00688L,國泰20年美債正2,46,0,46,凱基-中壢,2024-05-29,9285
3231,緯創,60,15,45,凱基-中壢,2024-05-29,9285
2363,矽統,65,21,44,凱基-中壢,2024-05-29,9285
2886,兆豐金,44,0,44,凱基-中壢,2024-05-29,9285
2887,台新金,43,0,43,凱基-中壢,2024-05-29,9285
5608,四維航,77,34,43,凱基-中壢,2024-05-29,9285
2489,瑞軒,132,90,42,凱基-中壢,2024-05-29,9285
4909,新復興,50,9,41,凱基-中壢,2024-05-29,9285
1101,台泥,41,0,41,凱基-中壢,2024-05-29,9285
2317,鴻海,82,42,40,凱基-中壢,2024-05-29,9285
3450,聯鈞,110,70,40,凱基-中壢,2024-05-29,9285
00878,國泰永續高股息,66,27,39,凱基-中壢,2024-05-29,9285
00933B,國泰10Y+金融債,43,5,38,凱基-中壢,2024-05-29,9285
00931B,統一美債20年,53,16,37,凱基-中壢,2024-05-29,9285
8064,東捷,47,10,37,凱基-中壢,2024-05-29,9285
2891,中信金,43,6,37,凱基-中壢,2024-05-29,9285
2371,大同,44,8,36,凱基-中壢,2024-05-29,9285
6189,豐藝,53,18,35,凱基-中壢,2024-05-29,9285
2419,仲琦,37,4,33,凱基-中壢,2024-05-29,9285
00857B,永豐20年美公債,33,0,33,凱基-中壢,2024-05-29,9285
2605,新興,104,71,33,凱基-中壢,2024-05-29,9285
3537,堡達,32,0,32,凱基-中壢,2024-05-29,9285
00927,群益半導體收益,32,2,30,凱基-中壢,2024-05-29,9285
3321,同泰,30,0,30,凱基-中壢,2024-05-29,9285
4167,松瑞藥,30,0,30,凱基-中壢,2024-05-29,9285
2888,新光金,38,9,29,凱基-中壢,2024-05-29,9285
2002,中鋼,42,13,29,凱基-中壢,2024-05-29,9285
00915,凱基優選高股息30,39,10,29,凱基-中壢,2024-05-29,9285
3047,訊舟,95,66,29,凱基-中壢,2024-05-29,9285
6160,欣技,34,7,27,凱基-中壢,2024-05-29,9285
00650L,復華香港正2,600,0,600,凱基-中壢,2024-05-30,9285
6695,芯鼎,268,5,263,凱基-中壢,2024-05-30,9285
00937B,群益ESG投等債20,268,31,237,凱基-中壢,2024-05-30,9285
00882,中信中國高股息,213,51,162,凱基-中壢,2024-05-30,9285
2618,長榮航,195,47,148,凱基-中壢,2024-05-30,9285
00929,復華台灣科技優息,171,57,114,凱基-中壢,2024-05-30,9285
8028,昇陽半導體,120,8,112,凱基-中壢,2024-05-30,9285
00679B,元大美債20年,110,0,110,凱基-中壢,2024-05-30,9285
00671R,富邦NASDAQ反1,98,0,98,凱基-中壢,2024-05-30,9285
2449,京元電子,83,11,72,凱基-中壢,2024-05-30,9285
8105,凌巨,81,23,58,凱基-中壢,2024-05-30,9285
1802,台玻,80,25,55,凱基-中壢,2024-05-30,9285
2597,潤弘,54,0,54,凱基-中壢,2024-05-30,9285
2353,宏��,94,41,53,凱基-中壢,2024-05-30,9285
2887,台新金,53,0,53,凱基-中壢,2024-05-30,9285
00878,國泰永續高股息,56,4,52,凱基-中壢,2024-05-30,9285
2002,中鋼,50,0,50,凱基-中壢,2024-05-30,9285
1312,國喬,60,10,50,凱基-中壢,2024-05-30,9285
2301,光寶科,56,6,50,凱基-中壢,2024-05-30,9285
2617,台航,49,0,49,凱基-中壢,2024-05-30,9285
2317,鴻海,64,16,48,凱基-中壢,2024-05-30,9285
2495,普安,169,121,48,凱基-中壢,2024-05-30,9285
00688L,國泰20年美債正2,45,0,45,凱基-中壢,2024-05-30,9285
00687B,國泰20年美債,50,5,45,凱基-中壢,2024-05-30,9285
4967,十銓,71,28,43,凱基-中壢,2024-05-30,9285
4716,大立,45,4,41,凱基-中壢,2024-05-30,9285
00915,凱基優選高股息30,39,0,39,凱基-中壢,2024-05-30,9285
2886,兆豐金,39,0,39,凱基-中壢,2024-05-30,9285
2356,英業達,49,10,39,凱基-中壢,2024-05-30,9285
2891,中信金,39,3,36,凱基-中壢,2024-05-30,9285
2397,友通,40,5,35,凱基-中壢,2024-05-30,9285
8374,羅昇,36,3,33,凱基-中壢,2024-05-30,9285
1101,台泥,36,5,31,凱基-中壢,2024-05-30,9285
6120,達運,31,0,31,凱基-中壢,2024-05-30,9285
2613,中櫃,43,13,30,凱基-中壢,2024-05-30,9285
5608,四維航,38,8,30,凱基-中壢,2024-05-30,9285
3024,憶聲,49,20,29,凱基-中壢,2024-05-30,9285
6257,矽格,28,1,27,凱基-中壢,2024-05-30,9285
4909,新復興,29,2,27,凱基-中壢,2024-05-30,9285
2313,華通,38,11,27,凱基-中壢,2024-05-30,9285
8121,越峰,31,5,26,凱基-中壢,2024-05-30,9285
3231,緯創,45,19,26,凱基-中壢,2024-05-30,9285
2609,陽明,55,30,25,凱基-中壢,2024-05-30,9285
00712,復華富時不動產,32,7,25,凱基-中壢,2024-05-30,9285
2409,友達,34,9,25,凱基-中壢,2024-05-30,9285
2641,正德,46,21,25,凱基-中壢,2024-05-30,9285
6126,信音,30,6,24,凱基-中壢,2024-05-30,9285
6116,彩晶,34,11,23,凱基-中壢,2024-05-30,9285
1440,南紡,23,0,23,凱基-中壢,2024-05-30,9285
2399,映泰,29,7,22,凱基-中壢,2024-05-30,9285
00946,群益科技高息成長,261,20,241,凱基-中壢,2024-05-31,9285
00929,復華台灣科技優息,288,81,207,凱基-中壢,2024-05-31,9285
00940,元大台灣價值高息,184,42,142,凱基-中壢,2024-05-31,9285
00919,群益台灣精選高息,146,33,113,凱基-中壢,2024-05-31,9285
00715L,期街口布蘭特正2,106,10,96,凱基-中壢,2024-05-31,9285
00937B,群益ESG投等債20,105,18,87,凱基-中壢,2024-05-31,9285
2002,中鋼,92,5,87,凱基-中壢,2024-05-31,9285
2317,鴻海,118,33,85,凱基-中壢,2024-05-31,9285
3450,聯鈞,91,14,77,凱基-中壢,2024-05-31,9285
3312,弘憶股,132,65,67,凱基-中壢,2024-05-31,9285
2501,國建,92,32,60,凱基-中壢,2024-05-31,9285
8121,越峰,56,1,55,凱基-中壢,2024-05-31,9285
3033,威健,54,6,48,凱基-中壢,2024-05-31,9285
00939,統一台灣高息動能,57,14,43,凱基-中壢,2024-05-31,9285
00878,國泰永續高股息,77,35,42,凱基-中壢,2024-05-31,9285
2597,潤弘,40,0,40,凱基-中壢,2024-05-31,9285
3231,緯創,47,7,40,凱基-中壢,2024-05-31,9285
2615,萬海,53,14,39,凱基-中壢,2024-05-31,9285
2609,陽明,251,214,37,凱基-中壢,2024-05-31,9285
4155,訊映,36,0,36,凱基-中壢,2024-05-31,9285
2330,台積電,33,3,30,凱基-中壢,2024-05-31,9285
2886,兆豐金,32,2,30,凱基-中壢,2024-05-31,9285
2363,矽統,45,16,29,凱基-中壢,2024-05-31,9285
3035,智原,32,5,27,凱基-中壢,2024-05-31,9285
2102,泰豐,31,5,26,凱基-中壢,2024-05-31,9285
912000,晨訊科-DR,45,20,25,凱基-中壢,2024-05-31,9285
5512,力麒,37,12,25,凱基-中壢,2024-05-31,9285
2367,燿華,111,86,25,凱基-中壢,2024-05-31,9285
00857B,永豐20年美公債,27,2,25,凱基-中壢,2024-05-31,9285
1815,富喬,115,91,24,凱基-中壢,2024-05-31,9285
2722,夏都,23,0,23,凱基-中壢,2024-05-31,9285
8916,光隆,22,0,22,凱基-中壢,2024-05-31,9285
00632R,元大台灣50反1,200,179,21,凱基-中壢,2024-05-31,9285
2417,圓剛,22,1,21,凱基-中壢,2024-05-31,9285
1449,佳和,20,0,20,凱基-中壢,2024-05-31,9285
9105,泰金寶-DR,30,10,20,凱基-中壢,2024-05-31,9285
2353,宏��,31,12,19,凱基-中壢,2024-05-31,9285
8070,長華*,39,20,19,凱基-中壢,2024-05-31,9285
6770,力積電,20,2,18,凱基-中壢,2024-05-31,9285
2356,英業達,21,3,18,凱基-中壢,2024-05-31,9285
2303,聯電,67,49,18,凱基-中壢,2024-05-31,9285
2409,友達,33,16,17,凱基-中壢,2024-05-31,9285
2399,映泰,19,2,17,凱基-中壢,2024-05-31,9285
1316,上曜,24,7,17,凱基-中壢,2024-05-31,9285
2109,華豐,17,0,17,凱基-中壢,2024-05-31,9285
1587,吉茂,39,22,17,凱基-中壢,2024-05-31,9285
1303,南亞,16,0,16,凱基-中壢,2024-05-31,9285
00922,國泰台灣領袖50,16,0,16,凱基-中壢,2024-05-31,9285
00733,富邦臺灣中小,16,0,16,凱基-中壢,2024-05-31,9285
2495,普安,36,20,16,凱基-中壢,2024-05-31,9285
00637L,元大滬深300正2,287,35,252,凱基-中壢,2024-06-03,9285
00715L,期街口布蘭特正2,129,0,129,凱基-中壢,2024-06-03,9285
00882,中信中國高股息,107,0,107,凱基-中壢,2024-06-03,9285
2887,台新金,90,15,75,凱基-中壢,2024-06-03,9285
2867,三商壽,102,29,73,凱基-中壢,2024-06-03,9285
00919,群益台灣精選高息,127,59,68,凱基-中壢,2024-06-03,9285
00639,富邦深100,80,20,60,凱基-中壢,2024-06-03,9285
2354,鴻準,68,17,51,凱基-中壢,2024-06-03,9285
2495,普安,54,4,50,凱基-中壢,2024-06-03,9285
4533,協易機,113,67,46,凱基-中壢,2024-06-03,9285
00918,大華優利高填息30,65,20,45,凱基-中壢,2024-06-03,9285
2615,萬海,132,90,42,凱基-中壢,2024-06-03,9285
2353,宏��,64,22,42,凱基-中壢,2024-06-03,9285
00946,群益科技高息成長,47,5,42,凱基-中壢,2024-06-03,9285
3059,華晶科,70,29,41,凱基-中壢,2024-06-03,9285
00937B,群益ESG投等債20,54,16,38,凱基-中壢,2024-06-03,9285
6167,久正,40,3,37,凱基-中壢,2024-06-03,9285
2888,新光金,306,271,35,凱基-中壢,2024-06-03,9285
3202,樺晟,36,2,34,凱基-中壢,2024-06-03,9285
6770,力積電,38,4,34,凱基-中壢,2024-06-03,9285
8163,達方,33,1,32,凱基-中壢,2024-06-03,9285
2880,華南金,33,3,30,凱基-中壢,2024-06-03,9285
2401,凌陽,165,135,30,凱基-中壢,2024-06-03,9285
006205,富邦上証,30,0,30,凱基-中壢,2024-06-03,9285
2405,輔信,39,11,28,凱基-中壢,2024-06-03,9285
6179,亞通,27,0,27,凱基-中壢,2024-06-03,9285
2889,國票金,29,3,26,凱基-中壢,2024-06-03,9285
5371,中光電,30,4,26,凱基-中壢,2024-06-03,9285
2303,聯電,52,27,25,凱基-中壢,2024-06-03,9285
2884,玉山金,27,3,24,凱基-中壢,2024-06-03,9285
6166,凌華,26,2,24,凱基-中壢,2024-06-03,9285
2349,錸德,29,5,24,凱基-中壢,2024-06-03,9285
3231,緯創,40,17,23,凱基-中壢,2024-06-03,9285
4510,高鋒,23,0,23,凱基-中壢,2024-06-03,9285
2515,中工,36,13,23,凱基-中壢,2024-06-03,9285
2002,中鋼,31,10,21,凱基-中壢,2024-06-03,9285
1110,東泥,21,0,21,凱基-中壢,2024-06-03,9285
6164,華興,20,0,20,凱基-中壢,2024-06-03,9285
1444,力麗,20,0,20,凱基-中壢,2024-06-03,9285
5291,邑昇,20,0,20,凱基-中壢,2024-06-03,9285
9904,寶成,20,0,20,凱基-中壢,2024-06-03,9285
2892,第一金,23,4,19,凱基-中壢,2024-06-03,9285
6116,彩晶,26,7,19,凱基-中壢,2024-06-03,9285
2102,泰豐,18,0,18,凱基-中壢,2024-06-03,9285
3321,同泰,20,2,18,凱基-中壢,2024-06-03,9285
2355,敬鵬,22,4,18,凱基-中壢,2024-06-03,9285
4906,正文,19,2,17,凱基-中壢,2024-06-03,9285
8070,長華*,35,18,17,凱基-中壢,2024-06-03,9285
00675L,富邦臺灣加權正2,16,0,16,凱基-中壢,2024-06-03,9285
2367,燿華,83,68,15,凱基-中壢,2024-06-03,9285
00715L,期街口布蘭特正2,373,0,373,凱基-中壢,2024-06-04,9285
00919,群益台灣精選高息,194,10,184,凱基-中壢,2024-06-04,9285
00929,復華台灣科技優息,188,18,170,凱基-中壢,2024-06-04,9285
2324,仁寶,148,18,130,凱基-中壢,2024-06-04,9285
6015,宏遠證,117,0,117,凱基-中壢,2024-06-04,9285
00680L,元大美債20正2,144,33,111,凱基-中壢,2024-06-04,9285
00918,大華優利高填息30,113,3,110,凱基-中壢,2024-06-04,9285
8028,昇陽半導體,106,3,103,凱基-中壢,2024-06-04,9285
2101,南港,125,33,92,凱基-中壢,2024-06-04,9285
2344,華邦電,89,1,88,凱基-中壢,2024-06-04,9285
00642U,期元大S＆P石油,84,1,83,凱基-中壢,2024-06-04,9285
2597,潤弘,73,0,73,凱基-中壢,2024-06-04,9285
2002,中鋼,71,1,70,凱基-中壢,2024-06-04,9285
5213,亞昕,60,0,60,凱基-中壢,2024-06-04,9285
2353,宏��,64,6,58,凱基-中壢,2024-06-04,9285
6768,志強-KY,49,0,49,凱基-中壢,2024-06-04,9285
00878,國泰永續高股息,72,24,48,凱基-中壢,2024-06-04,9285
4566,時碩工業,64,20,44,凱基-中壢,2024-06-04,9285
3516,亞帝歐,42,0,42,凱基-中壢,2024-06-04,9285
00713,元大台灣高息低波,41,1,40,凱基-中壢,2024-06-04,9285
2524,京城,40,0,40,凱基-中壢,2024-06-04,9285
2312,金寶,78,38,40,凱基-中壢,2024-06-04,9285
5302,太欣,36,2,34,凱基-中壢,2024-06-04,9285
4526,東台,39,5,34,凱基-中壢,2024-06-04,9285
2009,第一銅,38,5,33,凱基-中壢,2024-06-04,9285
6770,力積電,33,1,32,凱基-中壢,2024-06-04,9285
2884,玉山金,37,5,32,凱基-中壢,2024-06-04,9285
2303,聯電,44,12,32,凱基-中壢,2024-06-04,9285
2609,陽明,127,97,30,凱基-中壢,2024-06-04,9285
3163,波若威,41,14,27,凱基-中壢,2024-06-04,9285
2027,大成鋼,28,1,27,凱基-中壢,2024-06-04,9285
00936,台新永續高息中小,31,5,26,凱基-中壢,2024-06-04,9285
2382,廣達,41,15,26,凱基-中壢,2024-06-04,9285
912000,晨訊科-DR,75,50,25,凱基-中壢,2024-06-04,9285
2301,光寶科,27,3,24,凱基-中壢,2024-06-04,9285
2465,麗臺,35,12,23,凱基-中壢,2024-06-04,9285
00940,元大台灣價值高息,71,48,23,凱基-中壢,2024-06-04,9285
2356,英業達,25,3,22,凱基-中壢,2024-06-04,9285
3005,神基,26,4,22,凱基-中壢,2024-06-04,9285
6215,和椿,31,9,22,凱基-中壢,2024-06-04,9285
2891,中信金,49,27,22,凱基-中壢,2024-06-04,9285
6005,群益證,22,1,21,凱基-中壢,2024-06-04,9285
2486,一詮,77,56,21,凱基-中壢,2024-06-04,9285
5498,凱崴,31,10,21,凱基-中壢,2024-06-04,9285
3260,威剛,34,14,20,凱基-中壢,2024-06-04,9285
00881,國泰台灣5G+,20,0,20,凱基-中壢,2024-06-04,9285
00664R,國泰臺灣加權反1,20,0,20,凱基-中壢,2024-06-04,9285
2367,燿華,121,102,19,凱基-中壢,2024-06-04,9285
4562,穎漢,71,52,19,凱基-中壢,2024-06-04,9285
1101,台泥,19,0,19,凱基-中壢,2024-06-04,9285
00929,復華台灣科技優息,201,1,200,凱基-中壢,2024-06-05,9285
00878,國泰永續高股息,173,6,167,凱基-中壢,2024-06-05,9285
00936,台新永續高息中小,125,5,120,凱基-中壢,2024-06-05,9285
3015,全漢,97,20,77,凱基-中壢,2024-06-05,9285
3479,安勤,72,0,72,凱基-中壢,2024-06-05,9285
00753L,中信中國50正2,66,0,66,凱基-中壢,2024-06-05,9285
3048,益登,97,33,64,凱基-中壢,2024-06-05,9285
00715L,期街口布蘭特正2,58,0,58,凱基-中壢,2024-06-05,9285
2101,南港,67,10,57,凱基-中壢,2024-06-05,9285
00919,群益台灣精選高息,69,14,55,凱基-中壢,2024-06-05,9285
3499,環天科,51,0,51,凱基-中壢,2024-06-05,9285
2002,中鋼,53,3,50,凱基-中壢,2024-06-05,9285
2609,陽明,327,282,45,凱基-中壢,2024-06-05,9285
00680L,元大美債20正2,47,7,40,凱基-中壢,2024-06-05,9285
00918,大華優利高填息30,37,1,36,凱基-中壢,2024-06-05,9285
2344,華邦電,41,5,36,凱基-中壢,2024-06-05,9285
2867,三商壽,35,0,35,凱基-中壢,2024-06-05,9285
2891,中信金,40,6,34,凱基-中壢,2024-06-05,9285
2324,仁寶,40,6,34,凱基-中壢,2024-06-05,9285
2331,精英,39,7,32,凱基-中壢,2024-06-05,9285
6164,華興,48,16,32,凱基-中壢,2024-06-05,9285
2356,英業達,50,20,30,凱基-中壢,2024-06-05,9285
6125,廣運,57,29,28,凱基-中壢,2024-06-05,9285
3591,艾笛森,25,0,25,凱基-中壢,2024-06-05,9285
2363,矽統,37,14,23,凱基-中壢,2024-06-05,9285
1301,台塑,26,5,21,凱基-中壢,2024-06-05,9285
2328,廣宇,47,26,21,凱基-中壢,2024-06-05,9285
1597,直得,27,7,20,凱基-中壢,2024-06-05,9285
2888,新光金,34,15,19,凱基-中壢,2024-06-05,9285
2105,正新,19,0,19,凱基-中壢,2024-06-05,9285
00942B,台新美A公司債20+,18,0,18,凱基-中壢,2024-06-05,9285
3229,晟鈦,19,1,18,凱基-中壢,2024-06-05,9285
4503,金雨,18,0,18,凱基-中壢,2024-06-05,9285
2351,順德,37,19,18,凱基-中壢,2024-06-05,9285
4566,時碩工業,26,9,17,凱基-中壢,2024-06-05,9285
1618,合機,21,5,16,凱基-中壢,2024-06-05,9285
2352,佳世達,18,3,15,凱基-中壢,2024-06-05,9285
2405,輔信,26,11,15,凱基-中壢,2024-06-05,9285
1712,興農,15,0,15,凱基-中壢,2024-06-05,9285
3088,艾訊,21,6,15,凱基-中壢,2024-06-05,9285
5490,同亨,17,2,15,凱基-中壢,2024-06-05,9285
2317,鴻海,60,46,14,凱基-中壢,2024-06-05,9285
3041,揚智,15,1,14,凱基-中壢,2024-06-05,9285
1784,訊聯,19,5,14,凱基-中壢,2024-06-05,9285
00713,元大台灣高息低波,13,0,13,凱基-中壢,2024-06-05,9285
2374,佳能,26,13,13,凱基-中壢,2024-06-05,9285
3260,威剛,15,3,12,凱基-中壢,2024-06-05,9285
6291,沛亨,12,0,12,凱基-中壢,2024-06-05,9285
8234,新漢,33,21,12,凱基-中壢,2024-06-05,9285
00664R,國泰臺灣加權反1,12,0,12,凱基-中壢,2024-06-05,9285
00936,台新永續高息中小,439,12,427,凱基-中壢,2024-06-06,9285
00753L,中信中國50正2,105,0,105,凱基-中壢,2024-06-06,9285
2328,廣宇,248,147,101,凱基-中壢,2024-06-06,9285
00632R,元大台灣50反1,205,105,100,凱基-中壢,2024-06-06,9285
00882,中信中國高股息,114,40,74,凱基-中壢,2024-06-06,9285
2002,中鋼,68,2,66,凱基-中壢,2024-06-06,9285
00929,復華台灣科技優息,126,63,63,凱基-中壢,2024-06-06,9285
2354,鴻準,91,29,62,凱基-中壢,2024-06-06,9285
00937B,群益ESG投等債20,99,41,58,凱基-中壢,2024-06-06,9285
2104,國際中橡,52,0,52,凱基-中壢,2024-06-06,9285
2601,益航,50,0,50,凱基-中壢,2024-06-06,9285
1815,富喬,172,124,48,凱基-中壢,2024-06-06,9285
0056,元大高股息,47,3,44,凱基-中壢,2024-06-06,9285
2891,中信金,84,41,43,凱基-中壢,2024-06-06,9285
3047,訊舟,43,2,41,凱基-中壢,2024-06-06,9285
3483,力致,51,13,38,凱基-中壢,2024-06-06,9285
1760,寶齡富錦,35,0,35,凱基-中壢,2024-06-06,9285
3015,全漢,43,8,35,凱基-中壢,2024-06-06,9285
2495,普安,53,18,35,凱基-中壢,2024-06-06,9285
2101,南港,70,36,34,凱基-中壢,2024-06-06,9285
2457,飛宏,34,0,34,凱基-中壢,2024-06-06,9285
2323,中環,110,77,33,凱基-中壢,2024-06-06,9285
5302,太欣,53,22,31,凱基-中壢,2024-06-06,9285
00946,群益科技高息成長,34,3,31,凱基-中壢,2024-06-06,9285
2845,遠東銀,30,0,30,凱基-中壢,2024-06-06,9285
00688L,國泰20年美債正2,30,0,30,凱基-中壢,2024-06-06,9285
00942B,台新美A公司債20+,35,5,30,凱基-中壢,2024-06-06,9285
00679B,元大美債20年,50,21,29,凱基-中壢,2024-06-06,9285
2406,國碩,28,0,28,凱基-中壢,2024-06-06,9285
2515,中工,29,2,27,凱基-中壢,2024-06-06,9285
1455,集盛,28,3,25,凱基-中壢,2024-06-06,9285
5340,建榮,30,5,25,凱基-中壢,2024-06-06,9285
8047,星雲,23,0,23,凱基-中壢,2024-06-06,9285
2801,彰銀,22,0,22,凱基-中壢,2024-06-06,9285
2312,金寶,120,98,22,凱基-中壢,2024-06-06,9285
00918,大華優利高填息30,72,51,21,凱基-中壢,2024-06-06,9285
2369,菱生,21,0,21,凱基-中壢,2024-06-06,9285
00631L,元大台灣50正2,22,2,20,凱基-中壢,2024-06-06,9285
2812,台中銀,20,0,20,凱基-中壢,2024-06-06,9285
4155,訊映,20,0,20,凱基-中壢,2024-06-06,9285
1220,台榮,20,0,20,凱基-中壢,2024-06-06,9285
2838,聯邦銀,20,0,20,凱基-中壢,2024-06-06,9285
2324,仁寶,28,10,18,凱基-中壢,2024-06-06,9285
2374,佳能,26,8,18,凱基-中壢,2024-06-06,9285
5371,中光電,21,5,16,凱基-中壢,2024-06-06,9285
2611,志信,21,5,16,凱基-中壢,2024-06-06,9285
8039,台虹,16,1,15,凱基-中壢,2024-06-06,9285
6197,佳必琪,42,28,14,凱基-中壢,2024-06-06,9285
1314,中石化,16,2,14,凱基-中壢,2024-06-06,9285
2427,三商電,29,16,13,凱基-中壢,2024-06-06,9285
00632R,元大台灣50反1,1245,137,1108,凱基-中壢,2024-06-07,9285
9105,泰金寶-DR,792,528,264,凱基-中壢,2024-06-07,9285
2883,凱基金,435,181,254,凱基-中壢,2024-06-07,9285
00936,台新永續高息中小,180,1,179,凱基-中壢,2024-06-07,9285
3122,笙泉,161,40,121,凱基-中壢,2024-06-07,9285
2312,金寶,157,50,107,凱基-中壢,2024-06-07,9285
8096,擎亞,106,0,106,凱基-中壢,2024-06-07,9285
2617,台航,111,11,100,凱基-中壢,2024-06-07,9285
2506,太設,82,0,82,凱基-中壢,2024-06-07,9285
00639,富邦深100,70,0,70,凱基-中壢,2024-06-07,9285
00753L,中信中國50正2,69,0,69,凱基-中壢,2024-06-07,9285
2606,裕民,101,43,58,凱基-中壢,2024-06-07,9285
00637L,元大滬深300正2,58,0,58,凱基-中壢,2024-06-07,9285
00919,群益台灣精選高息,91,36,55,凱基-中壢,2024-06-07,9285
3056,富華新,51,4,47,凱基-中壢,2024-06-07,9285
2888,新光金,110,65,45,凱基-中壢,2024-06-07,9285
2812,台中銀,43,0,43,凱基-中壢,2024-06-07,9285
1609,大亞,86,46,40,凱基-中壢,2024-06-07,9285
00739,元大MSCI A股,40,0,40,凱基-中壢,2024-06-07,9285
00918,大華優利高填息30,39,0,39,凱基-中壢,2024-06-07,9285
2613,中櫃,69,36,33,凱基-中壢,2024-06-07,9285
6207,雷科,43,12,31,凱基-中壢,2024-06-07,9285
00688L,國泰20年美債正2,60,32,28,凱基-中壢,2024-06-07,9285
2367,燿華,68,40,28,凱基-中壢,2024-06-07,9285
4956,光鋐,94,66,28,凱基-中壢,2024-06-07,9285
2615,萬海,128,100,28,凱基-中壢,2024-06-07,9285
2313,華通,56,31,25,凱基-中壢,2024-06-07,9285
3231,緯創,47,23,24,凱基-中壢,2024-06-07,9285
2356,英業達,47,23,24,凱基-中壢,2024-06-07,9285
2317,鴻海,160,136,24,凱基-中壢,2024-06-07,9285
2382,廣達,24,2,22,凱基-中壢,2024-06-07,9285
6143,振曜,23,1,22,凱基-中壢,2024-06-07,9285
8112,至上,26,4,22,凱基-中壢,2024-06-07,9285
3163,波若威,22,0,22,凱基-中壢,2024-06-07,9285
006205,富邦上証,21,0,21,凱基-中壢,2024-06-07,9285
5324,士開,22,1,21,凱基-中壢,2024-06-07,9285
2330,台積電,23,3,20,凱基-中壢,2024-06-07,9285
2489,瑞軒,29,9,20,凱基-中壢,2024-06-07,9285
2801,彰銀,20,0,20,凱基-中壢,2024-06-07,9285
2603,長榮,31,11,20,凱基-中壢,2024-06-07,9285
2070,精湛,20,1,19,凱基-中壢,2024-06-07,9285
1513,中興電,41,22,19,凱基-中壢,2024-06-07,9285
2002,中鋼,19,1,18,凱基-中壢,2024-06-07,9285
6005,群益證,19,1,18,凱基-中壢,2024-06-07,9285
2511,太子,31,14,17,凱基-中壢,2024-06-07,9285
00933B,國泰10Y+金融債,20,4,16,凱基-中壢,2024-06-07,9285
6139,亞翔,17,2,15,凱基-中壢,2024-06-07,9285
00712,復華富時不動產,15,0,15,凱基-中壢,2024-06-07,9285
2316,楠梓電,15,0,15,凱基-中壢,2024-06-07,9285
2401,凌陽,30,15,15,凱基-中壢,2024-06-07,9285
2891,中信金,719,3,716,凱基-中壢,2024-06-11,9285
00650L,復華香港正2,312,11,301,凱基-中壢,2024-06-11,9285
2374,佳能,250,5,245,凱基-中壢,2024-06-11,9285
00882,中信中國高股息,224,29,195,凱基-中壢,2024-06-11,9285
8936,國統,192,0,192,凱基-中壢,2024-06-11,9285
00687B,國泰20年美債,178,0,178,凱基-中壢,2024-06-11,9285
00937B,群益ESG投等債20,215,38,177,凱基-中壢,2024-06-11,9285
00918,大華優利高填息30,152,8,144,凱基-中壢,2024-06-11,9285
00919,群益台灣精選高息,173,47,126,凱基-中壢,2024-06-11,9285
00680L,元大美債20正2,114,0,114,凱基-中壢,2024-06-11,9285
00929,復華台灣科技優息,198,84,114,凱基-中壢,2024-06-11,9285
2615,萬海,201,98,103,凱基-中壢,2024-06-11,9285
00936,台新永續高息中小,93,0,93,凱基-中壢,2024-06-11,9285
2609,陽明,355,266,89,凱基-中壢,2024-06-11,9285
2002,中鋼,98,15,83,凱基-中壢,2024-06-11,9285
00907,永豐優息存股,75,0,75,凱基-中壢,2024-06-11,9285
2495,普安,72,0,72,凱基-中壢,2024-06-11,9285
00632R,元大台灣50反1,192,120,72,凱基-中壢,2024-06-11,9285
00679B,元大美債20年,75,6,69,凱基-中壢,2024-06-11,9285
1608,華榮,78,9,69,凱基-中壢,2024-06-11,9285
2356,英業達,79,11,68,凱基-中壢,2024-06-11,9285
00753L,中信中國50正2,67,0,67,凱基-中壢,2024-06-11,9285
3047,訊舟,144,80,64,凱基-中壢,2024-06-11,9285
00942B,台新美A公司債20+,70,8,62,凱基-中壢,2024-06-11,9285
2603,長榮,133,74,59,凱基-中壢,2024-06-11,9285
2888,新光金,62,4,58,凱基-中壢,2024-06-11,9285
2812,台中銀,57,0,57,凱基-中壢,2024-06-11,9285
00878,國泰永續高股息,57,7,50,凱基-中壢,2024-06-11,9285
1718,中纖,50,0,50,凱基-中壢,2024-06-11,9285
1475,業旺,50,0,50,凱基-中壢,2024-06-11,9285
2032,新鋼,51,2,49,凱基-中壢,2024-06-11,9285
4903,聯光通,47,0,47,凱基-中壢,2024-06-11,9285
3231,緯創,56,9,47,凱基-中壢,2024-06-11,9285
2605,新興,161,115,46,凱基-中壢,2024-06-11,9285
2836,高雄銀,40,0,40,凱基-中壢,2024-06-11,9285
5213,亞昕,40,0,40,凱基-中壢,2024-06-11,9285
912000,晨訊科-DR,45,5,40,凱基-中壢,2024-06-11,9285
5324,士開,35,0,35,凱基-中壢,2024-06-11,9285
4967,十銓,119,84,35,凱基-中壢,2024-06-11,9285
1815,富喬,174,140,34,凱基-中壢,2024-06-11,9285
4960,誠美材,37,4,33,凱基-中壢,2024-06-11,9285
3481,群創,58,26,32,凱基-中壢,2024-06-11,9285
2537,聯上發,76,46,30,凱基-中壢,2024-06-11,9285
1514,亞力,64,34,30,凱基-中壢,2024-06-11,9285
1447,力鵬,52,24,28,凱基-中壢,2024-06-11,9285
00751B,元大AAA至A公司債,27,0,27,凱基-中壢,2024-06-11,9285
4906,正文,29,2,27,凱基-中壢,2024-06-11,9285
6257,矽格,26,0,26,凱基-中壢,2024-06-11,9285
00933B,國泰10Y+金融債,26,0,26,凱基-中壢,2024-06-11,9285
2482,連宇,27,2,25,凱基-中壢,2024-06-11,9285
00650L,復華香港正2,398,0,398,凱基-中壢,2024-06-12,9285
00632R,元大台灣50反1,360,3,357,凱基-中壢,2024-06-12,9285
00948B,中信優息投資級債,365,22,343,凱基-中壢,2024-06-12,9285
00918,大華優利高填息30,238,3,235,凱基-中壢,2024-06-12,9285
00919,群益台灣精選高息,170,12,158,凱基-中壢,2024-06-12,9285
2883,凱基金,165,46,119,凱基-中壢,2024-06-12,9285
00665L,富邦�琤肭磪囓�2,114,0,114,凱基-中壢,2024-06-12,9285
00937B,群益ESG投等債20,98,0,98,凱基-中壢,2024-06-12,9285
00712,復華富時不動產,91,0,91,凱基-中壢,2024-06-12,9285
9945,潤泰新,87,1,86,凱基-中壢,2024-06-12,9285
00947,台新臺灣IC設計,79,0,79,凱基-中壢,2024-06-12,9285
9946,三發地產,69,0,69,凱基-中壢,2024-06-12,9285
2606,裕民,69,8,61,凱基-中壢,2024-06-12,9285
1101,台泥,65,5,60,凱基-中壢,2024-06-12,9285
00907,永豐優息存股,56,0,56,凱基-中壢,2024-06-12,9285
5452,佶優,52,0,52,凱基-中壢,2024-06-12,9285
00687B,國泰20年美債,51,0,51,凱基-中壢,2024-06-12,9285
6695,芯鼎,52,2,50,凱基-中壢,2024-06-12,9285
6207,雷科,65,16,49,凱基-中壢,2024-06-12,9285
2002,中鋼,46,2,44,凱基-中壢,2024-06-12,9285
3450,聯鈞,84,42,42,凱基-中壢,2024-06-12,9285
5608,四維航,49,9,40,凱基-中壢,2024-06-12,9285
8059,凱碩,40,0,40,凱基-中壢,2024-06-12,9285
3231,緯創,63,24,39,凱基-中壢,2024-06-12,9285
2303,聯電,45,8,37,凱基-中壢,2024-06-12,9285
00933B,國泰10Y+金融債,39,2,37,凱基-中壢,2024-06-12,9285
2607,榮運,32,0,32,凱基-中壢,2024-06-12,9285
00753L,中信中國50正2,31,0,31,凱基-中壢,2024-06-12,9285
2495,普安,35,5,30,凱基-中壢,2024-06-12,9285
2392,正崴,37,9,28,凱基-中壢,2024-06-12,9285
6116,彩晶,37,9,28,凱基-中壢,2024-06-12,9285
2816,旺旺保,27,0,27,凱基-中壢,2024-06-12,9285
2610,華航,34,8,26,凱基-中壢,2024-06-12,9285
2382,廣達,28,3,25,凱基-中壢,2024-06-12,9285
3622,洋華,71,47,24,凱基-中壢,2024-06-12,9285
2401,凌陽,68,45,23,凱基-中壢,2024-06-12,9285
4566,時碩工業,26,3,23,凱基-中壢,2024-06-12,9285
5880,合庫金,22,0,22,凱基-中壢,2024-06-12,9285
3373,熱映,22,0,22,凱基-中壢,2024-06-12,9285
2406,國碩,23,1,22,凱基-中壢,2024-06-12,9285
6220,岳豐,22,0,22,凱基-中壢,2024-06-12,9285
3481,群創,55,34,21,凱基-中壢,2024-06-12,9285
1524,耿鼎,21,0,21,凱基-中壢,2024-06-12,9285
5213,亞昕,21,0,21,凱基-中壢,2024-06-12,9285
3229,晟鈦,23,4,19,凱基-中壢,2024-06-12,9285
2834,臺企銀,20,2,18,凱基-中壢,2024-06-12,9285
2457,飛宏,20,2,18,凱基-中壢,2024-06-12,9285
4934,太極,17,0,17,凱基-中壢,2024-06-12,9285
1587,吉茂,24,7,17,凱基-中壢,2024-06-12,9285
2365,昆盈,18,1,17,凱基-中壢,2024-06-12,9285
2495,普安,245,3,242,凱基-中壢,2024-06-13,9285
9105,泰金寶-DR,154,15,139,凱基-中壢,2024-06-13,9285
912000,晨訊科-DR,125,15,110,凱基-中壢,2024-06-13,9285
9945,潤泰新,110,5,105,凱基-中壢,2024-06-13,9285
2618,長榮航,204,108,96,凱基-中壢,2024-06-13,9285
00936,台新永續高息中小,83,2,81,凱基-中壢,2024-06-13,9285
2002,中鋼,76,7,69,凱基-中壢,2024-06-13,9285
00947,台新臺灣IC設計,65,0,65,凱基-中壢,2024-06-13,9285
00946,群益科技高息成長,70,7,63,凱基-中壢,2024-06-13,9285
00902,中信電池及儲能,50,0,50,凱基-中壢,2024-06-13,9285
1815,富喬,83,39,44,凱基-中壢,2024-06-13,9285
6220,岳豐,44,0,44,凱基-中壢,2024-06-13,9285
00939,統一台灣高息動能,56,13,43,凱基-中壢,2024-06-13,9285
4909,新復興,64,27,37,凱基-中壢,2024-06-13,9285
00713,元大台灣高息低波,34,0,34,凱基-中壢,2024-06-13,9285
2317,鴻海,102,70,32,凱基-中壢,2024-06-13,9285
2489,瑞軒,32,2,30,凱基-中壢,2024-06-13,9285
2606,裕民,28,0,28,凱基-中壢,2024-06-13,9285
2834,臺企銀,26,0,26,凱基-中壢,2024-06-13,9285
2353,宏��,41,15,26,凱基-中壢,2024-06-13,9285
2603,長榮,52,27,25,凱基-中壢,2024-06-13,9285
2371,大同,28,4,24,凱基-中壢,2024-06-13,9285
6443,元晶,25,1,24,凱基-中壢,2024-06-13,9285
00937B,群益ESG投等債20,43,20,23,凱基-中壢,2024-06-13,9285
00948B,中信優息投資級債,22,0,22,凱基-中壢,2024-06-13,9285
00665L,富邦�琤肭磪囓�2,25,3,22,凱基-中壢,2024-06-13,9285
5608,四維航,23,2,21,凱基-中壢,2024-06-13,9285
6841,長佳智能,22,1,21,凱基-中壢,2024-06-13,9285
0056,元大高股息,25,6,19,凱基-中壢,2024-06-13,9285
2359,所羅門,50,30,20,凱基-中壢,2024-06-13,9285
2457,飛宏,19,0,19,凱基-中壢,2024-06-13,9285
1617,榮星,62,43,19,凱基-中壢,2024-06-13,9285
00882,中信中國高股息,34,15,19,凱基-中壢,2024-06-13,9285
3013,晟銘電,24,6,18,凱基-中壢,2024-06-13,9285
6116,彩晶,19,1,18,凱基-中壢,2024-06-13,9285
2913,農林,19,1,18,凱基-中壢,2024-06-13,9285
2101,南港,17,0,17,凱基-中壢,2024-06-13,9285
4566,時碩工業,25,8,17,凱基-中壢,2024-06-13,9285
6216,居易,20,3,17,凱基-中壢,2024-06-13,9285
6207,雷科,47,31,16,凱基-中壢,2024-06-13,9285
2344,華邦電,62,46,16,凱基-中壢,2024-06-13,9285
6104,創惟,24,9,15,凱基-中壢,2024-06-13,9285
1522,堤維西,21,6,15,凱基-中壢,2024-06-13,9285
3481,群創,41,26,15,凱基-中壢,2024-06-13,9285
2427,三商電,24,10,14,凱基-中壢,2024-06-13,9285
8936,國統,17,3,14,凱基-中壢,2024-06-13,9285
2855,統一證,14,0,14,凱基-中壢,2024-06-13,9285
2354,鴻準,41,27,14,凱基-中壢,2024-06-13,9285
6117,迎廣,14,0,14,凱基-中壢,2024-06-13,9285
00673R,期元大S＆P原油反1,14,0,14,凱基-中壢,2024-06-13,9285
00919,群益台灣精選高息,1151,239,912,凱基-中壢,2024-06-14,9285
00632R,元大台灣50反1,494,151,343,凱基-中壢,2024-06-14,9285
3312,弘憶股,193,3,190,凱基-中壢,2024-06-14,9285
00936,台新永續高息中小,161,37,124,凱基-中壢,2024-06-14,9285
1609,大亞,185,88,97,凱基-中壢,2024-06-14,9285
9105,泰金寶-DR,129,65,64,凱基-中壢,2024-06-14,9285
3122,笙泉,57,3,54,凱基-中壢,2024-06-14,9285
3481,群創,57,15,42,凱基-中壢,2024-06-14,9285
00915,凱基優選高股息30,33,7,26,凱基-中壢,2024-06-14,9285
00881,國泰台灣5G+,28,2,26,凱基-中壢,2024-06-14,9285
00712,復華富時不動產,29,4,25,凱基-中壢,2024-06-14,9285
00947,台新臺灣IC設計,25,0,25,凱基-中壢,2024-06-14,9285
3374,精材,42,17,25,凱基-中壢,2024-06-14,9285
2363,矽統,37,14,23,凱基-中壢,2024-06-14,9285
2027,大成鋼,23,0,23,凱基-中壢,2024-06-14,9285
2357,華碩,25,2,23,凱基-中壢,2024-06-14,9285
2371,大同,171,148,23,凱基-中壢,2024-06-14,9285
2913,農林,29,7,22,凱基-中壢,2024-06-14,9285
6125,廣運,26,4,22,凱基-中壢,2024-06-14,9285
6182,合晶,30,10,20,凱基-中壢,2024-06-14,9285
6179,亞通,20,0,20,凱基-中壢,2024-06-14,9285
1584,精剛,21,1,20,凱基-中壢,2024-06-14,9285
00713,元大台灣高息低波,19,0,19,凱基-中壢,2024-06-14,9285
2353,宏��,34,15,19,凱基-中壢,2024-06-14,9285
2367,燿華,42,24,18,凱基-中壢,2024-06-14,9285
2834,臺企銀,24,7,17,凱基-中壢,2024-06-14,9285
2105,正新,16,0,16,凱基-中壢,2024-06-14,9285
00655L,國泰中國A50正2,16,0,16,凱基-中壢,2024-06-14,9285
2495,普安,26,10,16,凱基-中壢,2024-06-14,9285
2355,敬鵬,18,2,16,凱基-中壢,2024-06-14,9285
3006,晶豪科,20,5,15,凱基-中壢,2024-06-14,9285
6443,元晶,15,0,15,凱基-中壢,2024-06-14,9285
2634,漢翔,15,0,15,凱基-中壢,2024-06-14,9285
1457,宜進,15,0,15,凱基-中壢,2024-06-14,9285
2888,新光金,20,5,15,凱基-中壢,2024-06-14,9285
3048,益登,68,53,15,凱基-中壢,2024-06-14,9285
2330,台積電,18,4,14,凱基-中壢,2024-06-14,9285
2618,長榮航,21,7,14,凱基-中壢,2024-06-14,9285
2344,華邦電,16,1,15,凱基-中壢,2024-06-14,9285
2356,英業達,22,8,14,凱基-中壢,2024-06-14,9285
3714,富采,14,0,14,凱基-中壢,2024-06-14,9285
8358,金居,17,3,14,凱基-中壢,2024-06-14,9285
3062,建漢,25,12,13,凱基-中壢,2024-06-14,9285
1304,台聚,13,0,13,凱基-中壢,2024-06-14,9285
3545,敦泰,13,0,13,凱基-中壢,2024-06-14,9285
4909,新復興,16,3,13,凱基-中壢,2024-06-14,9285
1905,華紙,18,6,12,凱基-中壢,2024-06-14,9285
3694,海華,15,3,12,凱基-中壢,2024-06-14,9285
3024,憶聲,11,0,11,凱基-中壢,2024-06-14,9285
3188,鑫龍騰,11,0,11,凱基-中壢,2024-06-14,9285
00937B,群益ESG投等債20,340,32,308,凱基-中壢,2024-06-17,9285
00918,大華優利高填息30,257,11,246,凱基-中壢,2024-06-17,9285
00936,台新永續高息中小,268,41,227,凱基-中壢,2024-06-17,9285
00948B,中信優息投資級債,220,0,220,凱基-中壢,2024-06-17,9285
911868,同方友友-DR,200,0,200,凱基-中壢,2024-06-17,9285
6890,來億-KY,204,22,182,凱基-中壢,2024-06-17,9285
2615,萬海,203,123,80,凱基-中壢,2024-06-17,9285
00915,凱基優選高股息30,80,2,78,凱基-中壢,2024-06-17,9285
00929,復華台灣科技優息,214,142,72,凱基-中壢,2024-06-17,9285
1802,台玻,136,68,68,凱基-中壢,2024-06-17,9285
00687B,國泰20年美債,107,39,68,凱基-中壢,2024-06-17,9285
9103,美德醫療-DR,66,0,66,凱基-中壢,2024-06-17,9285
3062,建漢,86,23,63,凱基-中壢,2024-06-17,9285
00919,群益台灣精選高息,102,40,62,凱基-中壢,2024-06-17,9285
910861,神州-DR,56,0,56,凱基-中壢,2024-06-17,9285
3047,訊舟,60,5,55,凱基-中壢,2024-06-17,9285
2838,聯邦銀,50,0,50,凱基-中壢,2024-06-17,9285
00713,元大台灣高息低波,46,0,46,凱基-中壢,2024-06-17,9285
3312,弘憶股,45,3,42,凱基-中壢,2024-06-17,9285
6116,彩晶,40,1,39,凱基-中壢,2024-06-17,9285
1605,華新,40,1,39,凱基-中壢,2024-06-17,9285
1503,士電,76,39,37,凱基-中壢,2024-06-17,9285
6120,達運,41,7,34,凱基-中壢,2024-06-17,9285
2834,臺企銀,41,8,33,凱基-中壢,2024-06-17,9285
1618,合機,88,57,31,凱基-中壢,2024-06-17,9285
1786,科妍,35,5,30,凱基-中壢,2024-06-17,9285
1612,宏泰,47,17,30,凱基-中壢,2024-06-17,9285
2542,興富發,34,9,25,凱基-中壢,2024-06-17,9285
2354,鴻準,41,16,25,凱基-中壢,2024-06-17,9285
00881,國泰台灣5G+,26,1,25,凱基-中壢,2024-06-17,9285
4123,晟德,34,10,24,凱基-中壢,2024-06-17,9285
2881,富邦金,23,0,23,凱基-中壢,2024-06-17,9285
1608,華榮,36,13,23,凱基-中壢,2024-06-17,9285
2464,盟立,34,11,23,凱基-中壢,2024-06-17,9285
3149,正達,25,2,23,凱基-中壢,2024-06-17,9285
00895,富邦未來車,22,0,22,凱基-中壢,2024-06-17,9285
3231,緯創,31,9,22,凱基-中壢,2024-06-17,9285
1532,勤美,21,0,21,凱基-中壢,2024-06-17,9285
4532,瑞智,24,3,21,凱基-中壢,2024-06-17,9285
00680L,元大美債20正2,21,1,20,凱基-中壢,2024-06-17,9285
00665L,富邦�琤肭磪囓�2,32,12,20,凱基-中壢,2024-06-17,9285
2426,鼎元,21,2,19,凱基-中壢,2024-06-17,9285
3033,威健,20,1,19,凱基-中壢,2024-06-17,9285
4967,十銓,20,1,19,凱基-中壢,2024-06-17,9285
2344,華邦電,50,31,19,凱基-中壢,2024-06-17,9285
2356,英業達,25,7,18,凱基-中壢,2024-06-17,9285
3714,富采,17,0,17,凱基-中壢,2024-06-17,9285
5452,佶優,17,0,17,凱基-中壢,2024-06-17,9285
2392,正崴,38,21,17,凱基-中壢,2024-06-17,9285
00934,中信成長高股息,16,0,16,凱基-中壢,2024-06-17,9285
00918,大華優利高填息30,1373,69,1304,凱基-中壢,2024-06-18,9285
00650L,復華香港正2,325,5,320,凱基-中壢,2024-06-18,9285
00936,台新永續高息中小,291,47,244,凱基-中壢,2024-06-18,9285
6890,來億-KY,229,4,225,凱基-中壢,2024-06-18,9285
1802,台玻,198,19,179,凱基-中壢,2024-06-18,9285
912000,晨訊科-DR,195,59,136,凱基-中壢,2024-06-18,9285
911868,同方友友-DR,121,0,121,凱基-中壢,2024-06-18,9285
3481,群創,125,20,105,凱基-中壢,2024-06-18,9285
00929,復華台灣科技優息,150,56,94,凱基-中壢,2024-06-18,9285
00687B,國泰20年美債,119,38,81,凱基-中壢,2024-06-18,9285
2892,第一金,100,22,78,凱基-中壢,2024-06-18,9285
00946,群益科技高息成長,62,0,62,凱基-中壢,2024-06-18,9285
00940,元大台灣價值高息,164,105,59,凱基-中壢,2024-06-18,9285
00919,群益台灣精選高息,156,98,58,凱基-中壢,2024-06-18,9285
6770,力積電,66,16,50,凱基-中壢,2024-06-18,9285
3047,訊舟,48,0,48,凱基-中壢,2024-06-18,9285
00882,中信中國高股息,48,1,47,凱基-中壢,2024-06-18,9285
8096,擎亞,114,72,42,凱基-中壢,2024-06-18,9285
00935,野村臺灣新科技50,40,0,40,凱基-中壢,2024-06-18,9285
2353,宏��,48,9,39,凱基-中壢,2024-06-18,9285
00915,凱基優選高股息30,36,0,36,凱基-中壢,2024-06-18,9285
00713,元大台灣高息低波,37,3,34,凱基-中壢,2024-06-18,9285
00637L,元大滬深300正2,47,13,34,凱基-中壢,2024-06-18,9285
00948B,中信優息投資級債,33,0,33,凱基-中壢,2024-06-18,9285
00933B,國泰10Y+金融債,35,3,32,凱基-中壢,2024-06-18,9285
4967,十銓,67,41,26,凱基-中壢,2024-06-18,9285
1504,東元,53,28,25,凱基-中壢,2024-06-18,9285
1522,堤維西,27,2,25,凱基-中壢,2024-06-18,9285
5531,鄉林,25,2,23,凱基-中壢,2024-06-18,9285
2317,鴻海,84,62,22,凱基-中壢,2024-06-18,9285
4510,高鋒,22,0,22,凱基-中壢,2024-06-18,9285
2365,昆盈,25,4,21,凱基-中壢,2024-06-18,9285
00942B,台新美A公司債20+,21,0,21,凱基-中壢,2024-06-18,9285
2392,正崴,63,43,20,凱基-中壢,2024-06-18,9285
2547,日勝生,20,0,20,凱基-中壢,2024-06-18,9285
5213,亞昕,20,0,20,凱基-中壢,2024-06-18,9285
4561,健椿,57,38,19,凱基-中壢,2024-06-18,9285
8936,國統,19,0,19,凱基-中壢,2024-06-18,9285
6282,康舒,93,74,19,凱基-中壢,2024-06-18,9285
4167,松瑞藥,18,0,18,凱基-中壢,2024-06-18,9285
00892,富邦台灣半導體,18,0,18,凱基-中壢,2024-06-18,9285
3122,笙泉,18,0,18,凱基-中壢,2024-06-18,9285
2609,陽明,27,9,18,凱基-中壢,2024-06-18,9285
2354,鴻準,24,7,17,凱基-中壢,2024-06-18,9285
2515,中工,25,8,17,凱基-中壢,2024-06-18,9285
1608,華榮,19,3,16,凱基-中壢,2024-06-18,9285
1514,亞力,108,92,16,凱基-中壢,2024-06-18,9285
00676R,富邦臺灣加權反1,15,0,15,凱基-中壢,2024-06-18,9285
3372,典範,23,8,15,凱基-中壢,2024-06-18,9285
3051,力特,15,0,15,凱基-中壢,2024-06-18,9285
2855,統一證,861,3,858,凱基-中壢,2024-06-19,9285
3062,建漢,430,131,299,凱基-中壢,2024-06-19,9285
00940,元大台灣價值高息,394,106,288,凱基-中壢,2024-06-19,9285
00632R,元大台灣50反1,486,313,173,凱基-中壢,2024-06-19,9285
00902,中信電池及儲能,150,0,150,凱基-中壢,2024-06-19,9285
00936,台新永續高息中小,158,35,123,凱基-中壢,2024-06-19,9285
00946,群益科技高息成長,118,11,107,凱基-中壢,2024-06-19,9285
6890,來億-KY,97,1,96,凱基-中壢,2024-06-19,9285
00673R,期元大S＆P原油反1,93,0,93,凱基-中壢,2024-06-19,9285
00947,台新臺灣IC設計,93,0,93,凱基-中壢,2024-06-19,9285
2913,農林,89,1,88,凱基-中壢,2024-06-19,9285
00919,群益台灣精選高息,179,97,82,凱基-中壢,2024-06-19,9285
8064,東捷,102,28,74,凱基-中壢,2024-06-19,9285
2610,華航,93,25,68,凱基-中壢,2024-06-19,9285
00637L,元大滬深300正2,57,1,56,凱基-中壢,2024-06-19,9285
1802,台玻,75,23,52,凱基-中壢,2024-06-19,9285
1905,華紙,50,0,50,凱基-中壢,2024-06-19,9285
00937B,群益ESG投等債20,61,12,49,凱基-中壢,2024-06-19,9285
00918,大華優利高填息30,96,48,48,凱基-中壢,2024-06-19,9285
6282,康舒,50,7,43,凱基-中壢,2024-06-19,9285
00713,元大台灣高息低波,53,15,38,凱基-中壢,2024-06-19,9285
8085,福華,40,3,37,凱基-中壢,2024-06-19,9285
3673,TPK-KY,43,10,33,凱基-中壢,2024-06-19,9285
2027,大成鋼,32,0,32,凱基-中壢,2024-06-19,9285
2405,輔信,33,1,32,凱基-中壢,2024-06-19,9285
00929,復華台灣科技優息,302,273,29,凱基-中壢,2024-06-19,9285
1815,富喬,66,38,28,凱基-中壢,2024-06-19,9285
5443,均豪,69,42,27,凱基-中壢,2024-06-19,9285
6531,愛普*,33,6,27,凱基-中壢,2024-06-19,9285
2313,華通,69,42,27,凱基-中壢,2024-06-19,9285
3287,廣寰科,28,3,25,凱基-中壢,2024-06-19,9285
00676R,富邦臺灣加權反1,55,30,25,凱基-中壢,2024-06-19,9285
5230,雷笛克光學,23,0,23,凱基-中壢,2024-06-19,9285
8048,德勝,23,1,22,凱基-中壢,2024-06-19,9285
1227,佳格,22,0,22,凱基-中壢,2024-06-19,9285
3483,力致,24,2,22,凱基-中壢,2024-06-19,9285
2427,三商電,24,3,21,凱基-中壢,2024-06-19,9285
00934,中信成長高股息,21,0,21,凱基-中壢,2024-06-19,9285
2884,玉山金,70,49,21,凱基-中壢,2024-06-19,9285
6770,力積電,29,9,20,凱基-中壢,2024-06-19,9285
2515,中工,20,1,19,凱基-中壢,2024-06-19,9285
00942B,台新美A公司債20+,30,11,19,凱基-中壢,2024-06-19,9285
00882,中信中國高股息,39,20,19,凱基-中壢,2024-06-19,9285
4142,國光生,20,1,19,凱基-中壢,2024-06-19,9285
2353,宏��,31,12,19,凱基-中壢,2024-06-19,9285
6147,頎邦,18,0,18,凱基-中壢,2024-06-19,9285
4562,穎漢,37,19,18,凱基-中壢,2024-06-19,9285
1303,南亞,18,0,18,凱基-中壢,2024-06-19,9285
3308,聯德,18,1,17,凱基-中壢,2024-06-19,9285
9904,寶成,16,0,16,凱基-中壢,2024-06-19,9285
00929,復華台灣科技優息,451,79,372,凱基-中壢,2024-06-20,9285
00940,元大台灣價值高息,461,105,356,凱基-中壢,2024-06-20,9285
6757,台灣虎航,292,0,292,凱基-中壢,2024-06-20,9285
2855,統一證,257,0,257,凱基-中壢,2024-06-20,9285
8096,擎亞,258,74,184,凱基-中壢,2024-06-20,9285
00632R,元大台灣50反1,252,77,175,凱基-中壢,2024-06-20,9285
1802,台玻,117,12,105,凱基-中壢,2024-06-20,9285
4906,正文,107,2,105,凱基-中壢,2024-06-20,9285
2888,新光金,132,28,104,凱基-中壢,2024-06-20,9285
00936,台新永續高息中小,101,3,98,凱基-中壢,2024-06-20,9285
00915,凱基優選高股息30,99,10,89,凱基-中壢,2024-06-20,9285
00946,群益科技高息成長,69,1,68,凱基-中壢,2024-06-20,9285
6125,廣運,78,11,67,凱基-中壢,2024-06-20,9285
2542,興富發,70,6,64,凱基-中壢,2024-06-20,9285
3048,益登,86,26,60,凱基-中壢,2024-06-20,9285
00680L,元大美債20正2,60,2,58,凱基-中壢,2024-06-20,9285
00664R,國泰臺灣加權反1,56,0,56,凱基-中壢,2024-06-20,9285
1301,台塑,74,19,55,凱基-中壢,2024-06-20,9285
00687B,國泰20年美債,56,1,55,凱基-中壢,2024-06-20,9285
00881,國泰台灣5G+,61,10,51,凱基-中壢,2024-06-20,9285
2353,宏��,58,8,50,凱基-中壢,2024-06-20,9285
8011,台通,57,9,48,凱基-中壢,2024-06-20,9285
2316,楠梓電,59,16,43,凱基-中壢,2024-06-20,9285
2438,翔耀,43,0,43,凱基-中壢,2024-06-20,9285
2498,宏達電,64,25,39,凱基-中壢,2024-06-20,9285
5530,龍巖,41,10,31,凱基-中壢,2024-06-20,9285
00942B,台新美A公司債20+,30,0,30,凱基-中壢,2024-06-20,9285
2892,第一金,30,0,30,凱基-中壢,2024-06-20,9285
00937B,群益ESG投等債20,44,15,29,凱基-中壢,2024-06-20,9285
8050,廣積,45,18,27,凱基-中壢,2024-06-20,9285
00655L,國泰中國A50正2,26,0,26,凱基-中壢,2024-06-20,9285
1447,力鵬,26,1,25,凱基-中壢,2024-06-20,9285
8110,華東,28,3,25,凱基-中壢,2024-06-20,9285
2440,太空梭,24,0,24,凱基-中壢,2024-06-20,9285
4306,炎洲,25,2,23,凱基-中壢,2024-06-20,9285
2504,國產,23,0,23,凱基-中壢,2024-06-20,9285
2376,技嘉,25,2,23,凱基-中壢,2024-06-20,9285
00882,中信中國高股息,29,7,22,凱基-中壢,2024-06-20,9285
00947,台新臺灣IC設計,21,0,21,凱基-中壢,2024-06-20,9285
5880,合庫金,21,1,20,凱基-中壢,2024-06-20,9285
8234,新漢,21,1,20,凱基-中壢,2024-06-20,9285
3033,威健,29,9,20,凱基-中壢,2024-06-20,9285
4167,松瑞藥,20,0,20,凱基-中壢,2024-06-20,9285
9911,櫻花,19,0,19,凱基-中壢,2024-06-20,9285
00933B,國泰10Y+金融債,20,2,18,凱基-中壢,2024-06-20,9285
4526,東台,73,56,17,凱基-中壢,2024-06-20,9285
6257,矽格,20,3,17,凱基-中壢,2024-06-20,9285
8070,長華*,18,1,17,凱基-中壢,2024-06-20,9285
2330,台積電,19,2,17,凱基-中壢,2024-06-20,9285
2881,富邦金,18,2,16,凱基-中壢,2024-06-20,9285
2855,統一證,1278,6,1272,凱基-中壢,2024-06-21,9285
00671R,富邦NASDAQ反1,504,10,494,凱基-中壢,2024-06-21,9285
00650L,復華香港正2,271,0,271,凱基-中壢,2024-06-21,9285
00937B,群益ESG投等債20,245,7,238,凱基-中壢,2024-06-21,9285
2883,凱基金,223,49,174,凱基-中壢,2024-06-21,9285
00929,復華台灣科技優息,238,74,164,凱基-中壢,2024-06-21,9285
00919,群益台灣精選高息,171,37,134,凱基-中壢,2024-06-21,9285
00882,中信中國高股息,137,26,111,凱基-中壢,2024-06-21,9285
1802,台玻,107,4,103,凱基-中壢,2024-06-21,9285
2317,鴻海,168,82,86,凱基-中壢,2024-06-21,9285
1314,中石化,60,1,59,凱基-中壢,2024-06-21,9285
00687B,國泰20年美債,57,2,55,凱基-中壢,2024-06-21,9285
00946,群益科技高息成長,54,2,52,凱基-中壢,2024-06-21,9285
00712,復華富時不動產,53,2,51,凱基-中壢,2024-06-21,9285
00878,國泰永續高股息,58,8,50,凱基-中壢,2024-06-21,9285
8085,福華,56,11,45,凱基-中壢,2024-06-21,9285
2405,輔信,53,9,44,凱基-中壢,2024-06-21,9285
1718,中纖,44,0,44,凱基-中壢,2024-06-21,9285
00936,台新永續高息中小,49,6,43,凱基-中壢,2024-06-21,9285
1301,台塑,56,12,44,凱基-中壢,2024-06-21,9285
1611,中電,55,12,43,凱基-中壢,2024-06-21,9285
2504,國產,43,1,42,凱基-中壢,2024-06-21,9285
2609,陽明,150,110,40,凱基-中壢,2024-06-21,9285
00915,凱基優選高股息30,39,1,38,凱基-中壢,2024-06-21,9285
3033,威健,40,6,34,凱基-中壢,2024-06-21,9285
2330,台積電,49,15,34,凱基-中壢,2024-06-21,9285
3105,穩懋,34,6,28,凱基-中壢,2024-06-21,9285
2615,萬海,188,161,27,凱基-中壢,2024-06-21,9285
2801,彰銀,25,0,25,凱基-中壢,2024-06-21,9285
2897,王道銀行,25,0,25,凱基-中壢,2024-06-21,9285
9105,泰金寶-DR,84,59,25,凱基-中壢,2024-06-21,9285
00942B,台新美A公司債20+,25,1,24,凱基-中壢,2024-06-21,9285
6494,九齊,24,0,24,凱基-中壢,2024-06-21,9285
3481,群創,459,437,22,凱基-中壢,2024-06-21,9285
4909,新復興,27,6,21,凱基-中壢,2024-06-21,9285
2515,中工,21,0,21,凱基-中壢,2024-06-21,9285
2501,國建,21,0,21,凱基-中壢,2024-06-21,9285
2340,台亞,21,0,21,凱基-中壢,2024-06-21,9285
4566,時碩工業,40,19,21,凱基-中壢,2024-06-21,9285
3450,聯鈞,52,32,20,凱基-中壢,2024-06-21,9285
00753L,中信中國50正2,28,8,20,凱基-中壢,2024-06-21,9285
00948B,中信優息投資級債,19,0,19,凱基-中壢,2024-06-21,9285
00933B,國泰10Y+金融債,22,4,18,凱基-中壢,2024-06-21,9285
4958,臻鼎-KY,23,5,18,凱基-中壢,2024-06-21,9285
00665L,富邦�琤肭磪囓�2,23,5,18,凱基-中壢,2024-06-21,9285
2438,翔耀,23,5,18,凱基-中壢,2024-06-21,9285
2002,中鋼,41,24,17,凱基-中壢,2024-06-21,9285
1722,台肥,17,0,17,凱基-中壢,2024-06-21,9285
4526,東台,57,40,17,凱基-中壢,2024-06-21,9285
8277,商丞,17,1,16,凱基-中壢,2024-06-21,9285
2855,統一證,985,20,965,凱基-中壢,2024-06-24,9285
3481,群創,1057,527,530,凱基-中壢,2024-06-24,9285
6757,台灣虎航,396,1,395,凱基-中壢,2024-06-24,9285
2371,大同,355,18,337,凱基-中壢,2024-06-24,9285
00650L,復華香港正2,199,0,199,凱基-中壢,2024-06-24,9285
3047,訊舟,307,133,174,凱基-中壢,2024-06-24,9285
00929,復華台灣科技優息,301,139,162,凱基-中壢,2024-06-24,9285
6016,康和證,151,0,151,凱基-中壢,2024-06-24,9285
00680L,元大美債20正2,127,10,117,凱基-中壢,2024-06-24,9285
00665L,富邦�琤肭磪囓�2,107,0,107,凱基-中壢,2024-06-24,9285
1802,台玻,84,0,84,凱基-中壢,2024-06-24,9285
00919,群益台灣精選高息,580,503,77,凱基-中壢,2024-06-24,9285
00933B,國泰10Y+金融債,71,3,68,凱基-中壢,2024-06-24,9285
00946,群益科技高息成長,98,35,63,凱基-中壢,2024-06-24,9285
2356,英業達,76,14,62,凱基-中壢,2024-06-24,9285
6770,力積電,62,3,59,凱基-中壢,2024-06-24,9285
00937B,群益ESG投等債20,78,23,55,凱基-中壢,2024-06-24,9285
2888,新光金,137,82,55,凱基-中壢,2024-06-24,9285
2615,萬海,86,33,53,凱基-中壢,2024-06-24,9285
1309,台達化,46,4,42,凱基-中壢,2024-06-24,9285
3033,威健,35,0,35,凱基-中壢,2024-06-24,9285
2353,宏��,47,13,34,凱基-中壢,2024-06-24,9285
2324,仁寶,38,4,34,凱基-中壢,2024-06-24,9285
5452,佶優,36,3,33,凱基-中壢,2024-06-24,9285
00947,台新臺灣IC設計,37,6,31,凱基-中壢,2024-06-24,9285
6806,森崴能源,47,16,31,凱基-中壢,2024-06-24,9285
2489,瑞軒,36,5,31,凱基-中壢,2024-06-24,9285
6120,達運,30,0,30,凱基-中壢,2024-06-24,9285
2330,台積電,61,31,30,凱基-中壢,2024-06-24,9285
00922,國泰台灣領袖50,32,3,29,凱基-中壢,2024-06-24,9285
1314,中石化,59,30,29,凱基-中壢,2024-06-24,9285
3312,弘憶股,30,3,27,凱基-中壢,2024-06-24,9285
2409,友達,40,15,25,凱基-中壢,2024-06-24,9285
2363,矽統,27,2,25,凱基-中壢,2024-06-24,9285
00753L,中信中國50正2,28,3,25,凱基-中壢,2024-06-24,9285
00918,大華優利高填息30,55,31,24,凱基-中壢,2024-06-24,9285
8085,福華,37,13,24,凱基-中壢,2024-06-24,9285
3231,緯創,51,27,24,凱基-中壢,2024-06-24,9285
2504,國產,23,0,23,凱基-中壢,2024-06-24,9285
2314,台揚,23,0,23,凱基-中壢,2024-06-24,9285
6890,來億-KY,23,0,23,凱基-中壢,2024-06-24,9285
2301,光寶科,27,4,23,凱基-中壢,2024-06-24,9285
1301,台塑,28,5,23,凱基-中壢,2024-06-24,9285
3062,建漢,136,115,21,凱基-中壢,2024-06-24,9285
8105,凌巨,42,21,21,凱基-中壢,2024-06-24,9285
1718,中纖,21,0,21,凱基-中壢,2024-06-24,9285
3483,力致,23,2,21,凱基-中壢,2024-06-24,9285
00687B,國泰20年美債,30,10,20,凱基-中壢,2024-06-24,9285
912000,晨訊科-DR,65,45,20,凱基-中壢,2024-06-24,9285
3015,全漢,20,0,20,凱基-中壢,2024-06-24,9285
00632R,元大台灣50反1,1423,487,936,凱基-中壢,2024-06-25,9285
2891,中信金,713,15,698,凱基-中壢,2024-06-25,9285
6757,台灣虎航,408,0,408,凱基-中壢,2024-06-25,9285
00857B,永豐20年美公債,382,5,377,凱基-中壢,2024-06-25,9285
5452,佶優,177,56,121,凱基-中壢,2024-06-25,9285
00676R,富邦臺灣加權反1,135,25,110,凱基-中壢,2024-06-25,9285
00673R,期元大S＆P原油反1,105,0,105,凱基-中壢,2024-06-25,9285
1101,台泥,103,2,101,凱基-中壢,2024-06-25,9285
3047,訊舟,136,37,99,凱基-中壢,2024-06-25,9285
1802,台玻,108,15,93,凱基-中壢,2024-06-25,9285
3231,緯創,95,13,82,凱基-中壢,2024-06-25,9285
2317,鴻海,137,72,65,凱基-中壢,2024-06-25,9285
00929,復華台灣科技優息,162,101,61,凱基-中壢,2024-06-25,9285
2352,佳世達,82,23,59,凱基-中壢,2024-06-25,9285
00919,群益台灣精選高息,178,121,57,凱基-中壢,2024-06-25,9285
00878,國泰永續高股息,108,51,57,凱基-中壢,2024-06-25,9285
00669R,國泰美國道瓊反1,54,0,54,凱基-中壢,2024-06-25,9285
0056,元大高股息,59,5,54,凱基-中壢,2024-06-25,9285
2409,友達,141,90,51,凱基-中壢,2024-06-25,9285
2855,統一證,51,0,51,凱基-中壢,2024-06-25,9285
9136,巨騰-DR,42,0,42,凱基-中壢,2024-06-25,9285
00671R,富邦NASDAQ反1,40,0,40,凱基-中壢,2024-06-25,9285
00933B,國泰10Y+金融債,48,10,38,凱基-中壢,2024-06-25,9285
2883,凱基金,38,1,37,凱基-中壢,2024-06-25,9285
00946,群益科技高息成長,37,2,35,凱基-中壢,2024-06-25,9285
00891,中信關鍵半導體,37,2,35,凱基-中壢,2024-06-25,9285
5530,龍巖,40,5,35,凱基-中壢,2024-06-25,9285
00648R,元大S＆P500反1,32,0,32,凱基-中壢,2024-06-25,9285
6494,九齊,32,0,32,凱基-中壢,2024-06-25,9285
2618,長榮航,75,44,31,凱基-中壢,2024-06-25,9285
3663,鑫科,40,9,31,凱基-中壢,2024-06-25,9285
3498,陽程,38,7,31,凱基-中壢,2024-06-25,9285
2363,矽統,40,12,28,凱基-中壢,2024-06-25,9285
00936,台新永續高息中小,63,36,27,凱基-中壢,2024-06-25,9285
2356,英業達,34,8,26,凱基-中壢,2024-06-25,9285
3037,欣興,26,0,26,凱基-中壢,2024-06-25,9285
2031,新光鋼,25,0,25,凱基-中壢,2024-06-25,9285
00937B,群益ESG投等債20,40,15,25,凱基-中壢,2024-06-25,9285
00939,統一台灣高息動能,44,20,24,凱基-中壢,2024-06-25,9285
2382,廣達,41,17,24,凱基-中壢,2024-06-25,9285
1522,堤維西,26,3,23,凱基-中壢,2024-06-25,9285
3715,定穎投控,24,1,23,凱基-中壢,2024-06-25,9285
6877,鏵友益,25,2,23,凱基-中壢,2024-06-25,9285
2377,微星,24,1,23,凱基-中壢,2024-06-25,9285
00915,凱基優選高股息30,24,2,22,凱基-中壢,2024-06-25,9285
3580,友威科,31,9,22,凱基-中壢,2024-06-25,9285
1524,耿鼎,21,0,21,凱基-中壢,2024-06-25,9285
2438,翔耀,21,0,21,凱基-中壢,2024-06-25,9285
1815,富喬,107,87,20,凱基-中壢,2024-06-25,9285
4540,全球傳動,20,0,20,凱基-中壢,2024-06-25,9285
00632R,元大台灣50反1,998,90,908,凱基-中壢,2024-06-26,9285
911868,同方友友-DR,593,0,593,凱基-中壢,2024-06-26,9285
6757,台灣虎航,346,0,346,凱基-中壢,2024-06-26,9285
00937B,群益ESG投等債20,266,1,265,凱基-中壢,2024-06-26,9285
3062,建漢,264,38,226,凱基-中壢,2024-06-26,9285
2409,友達,109,5,104,凱基-中壢,2024-06-26,9285
3481,群創,293,195,98,凱基-中壢,2024-06-26,9285
5530,龍巖,95,2,93,凱基-中壢,2024-06-26,9285
2352,佳世達,89,10,79,凱基-中壢,2024-06-26,9285
00929,復華台灣科技優息,109,31,78,凱基-中壢,2024-06-26,9285
00688L,國泰20年美債正2,78,0,78,凱基-中壢,2024-06-26,9285
00680L,元大美債20正2,81,12,69,凱基-中壢,2024-06-26,9285
1802,台玻,67,1,66,凱基-中壢,2024-06-26,9285
2002,中鋼,72,7,65,凱基-中壢,2024-06-26,9285
2374,佳能,69,14,55,凱基-中壢,2024-06-26,9285
00676R,富邦臺灣加權反1,65,10,55,凱基-中壢,2024-06-26,9285
00919,群益台灣精選高息,62,12,50,凱基-中壢,2024-06-26,9285
00936,台新永續高息中小,49,0,49,凱基-中壢,2024-06-26,9285
2353,宏��,50,2,48,凱基-中壢,2024-06-26,9285
9136,巨騰-DR,45,0,45,凱基-中壢,2024-06-26,9285
00882,中信中國高股息,52,10,42,凱基-中壢,2024-06-26,9285
2317,鴻海,87,46,41,凱基-中壢,2024-06-26,9285
2883,凱基金,54,13,41,凱基-中壢,2024-06-26,9285
2515,中工,41,1,40,凱基-中壢,2024-06-26,9285
00945B,凱基美國非投等債,40,0,40,凱基-中壢,2024-06-26,9285
8027,鈦昇,43,5,38,凱基-中壢,2024-06-26,9285
911608,明輝-DR,36,0,36,凱基-中壢,2024-06-26,9285
3702,大聯大,42,8,34,凱基-中壢,2024-06-26,9285
00940,元大台灣價值高息,109,76,33,凱基-中壢,2024-06-26,9285
2615,萬海,70,38,32,凱基-中壢,2024-06-26,9285
3025,星通,58,27,31,凱基-中壢,2024-06-26,9285
2609,陽明,64,33,31,凱基-中壢,2024-06-26,9285
2867,三商壽,30,0,30,凱基-中壢,2024-06-26,9285
912000,晨訊科-DR,50,20,30,凱基-中壢,2024-06-26,9285
00720B,元大投資級公司債,31,1,30,凱基-中壢,2024-06-26,9285
00881,國泰台灣5G+,37,8,29,凱基-中壢,2024-06-26,9285
4566,時碩工業,63,34,29,凱基-中壢,2024-06-26,9285
6531,愛普*,33,5,28,凱基-中壢,2024-06-26,9285
3149,正達,29,3,26,凱基-中壢,2024-06-26,9285
9933,中鼎,26,0,26,凱基-中壢,2024-06-26,9285
3665,貿聯-KY,28,2,26,凱基-中壢,2024-06-26,9285
3289,宜特,37,12,25,凱基-中壢,2024-06-26,9285
00923,群益台ESG低碳50,26,1,25,凱基-中壢,2024-06-26,9285
3163,波若威,48,25,23,凱基-中壢,2024-06-26,9285
00946,群益科技高息成長,24,1,23,凱基-中壢,2024-06-26,9285
2316,楠梓電,28,5,23,凱基-中壢,2024-06-26,9285
3231,緯創,48,26,22,凱基-中壢,2024-06-26,9285
3419,譁裕,23,1,22,凱基-中壢,2024-06-26,9285
8440,綠電,29,7,22,凱基-中壢,2024-06-26,9285
1815,富喬,42,21,21,凱基-中壢,2024-06-26,9285
00650L,復華香港正2,572,45,527,凱基-中壢,2024-06-27,9285
911868,同方友友-DR,250,0,250,凱基-中壢,2024-06-27,9285
00929,復華台灣科技優息,238,6,232,凱基-中壢,2024-06-27,9285
00687B,國泰20年美債,155,18,137,凱基-中壢,2024-06-27,9285
3062,建漢,143,25,118,凱基-中壢,2024-06-27,9285
2489,瑞軒,137,33,104,凱基-中壢,2024-06-27,9285
00948B,中信優息投資級債,106,3,103,凱基-中壢,2024-06-27,9285
6757,台灣虎航,101,2,99,凱基-中壢,2024-06-27,9285
00937B,群益ESG投等債20,179,80,99,凱基-中壢,2024-06-27,9285
00936,台新永續高息中小,90,3,87,凱基-中壢,2024-06-27,9285
00680L,元大美債20正2,76,0,76,凱基-中壢,2024-06-27,9285
6890,來億-KY,71,0,71,凱基-中壢,2024-06-27,9285
2834,臺企銀,74,6,68,凱基-中壢,2024-06-27,9285
5530,龍巖,72,9,63,凱基-中壢,2024-06-27,9285
00942B,台新美A公司債20+,62,0,62,凱基-中壢,2024-06-27,9285
00919,群益台灣精選高息,119,61,58,凱基-中壢,2024-06-27,9285
912000,晨訊科-DR,120,65,55,凱基-中壢,2024-06-27,9285
2606,裕民,49,0,49,凱基-中壢,2024-06-27,9285
00939,統一台灣高息動能,47,0,47,凱基-中壢,2024-06-27,9285
4938,和碩,51,7,44,凱基-中壢,2024-06-27,9285
00830,國泰費城半導體,44,0,44,凱基-中壢,2024-06-27,9285
1802,台玻,57,13,44,凱基-中壢,2024-06-27,9285
00753L,中信中國50正2,43,0,43,凱基-中壢,2024-06-27,9285
00933B,國泰10Y+金融債,43,2,41,凱基-中壢,2024-06-27,9285
1326,台化,40,0,40,凱基-中壢,2024-06-27,9285
00934,中信成長高股息,35,0,35,凱基-中壢,2024-06-27,9285
4167,松瑞藥,60,26,34,凱基-中壢,2024-06-27,9285
00688L,國泰20年美債正2,32,0,32,凱基-中壢,2024-06-27,9285
0056,元大高股息,34,4,30,凱基-中壢,2024-06-27,9285
3038,全台,30,0,30,凱基-中壢,2024-06-27,9285
3231,緯創,36,6,30,凱基-中壢,2024-06-27,9285
00878,國泰永續高股息,65,36,29,凱基-中壢,2024-06-27,9285
3576,聯合再生,73,45,28,凱基-中壢,2024-06-27,9285
2883,凱基金,37,9,28,凱基-中壢,2024-06-27,9285
1609,大亞,61,35,26,凱基-中壢,2024-06-27,9285
3289,宜特,32,7,25,凱基-中壢,2024-06-27,9285
00931B,統一美債20年,25,0,25,凱基-中壢,2024-06-27,9285
2027,大成鋼,25,0,25,凱基-中壢,2024-06-27,9285
5443,均豪,67,42,25,凱基-中壢,2024-06-27,9285
8027,鈦昇,30,5,25,凱基-中壢,2024-06-27,9285
00679B,元大美債20年,164,139,25,凱基-中壢,2024-06-27,9285
6494,九齊,23,0,23,凱基-中壢,2024-06-27,9285
2885,元大金,33,11,22,凱基-中壢,2024-06-27,9285
2603,長榮,36,15,21,凱基-中壢,2024-06-27,9285
2301,光寶科,38,18,20,凱基-中壢,2024-06-27,9285
6869,雲豹能源,26,6,20,凱基-中壢,2024-06-27,9285
3033,威健,21,1,20,凱基-中壢,2024-06-27,9285
1234,黑松,20,0,20,凱基-中壢,2024-06-27,9285
1506,正道,20,0,20,凱基-中壢,2024-06-27,9285
00891,中信關鍵半導體,21,2,19,凱基-中壢,2024-06-27,9285
00650L,復華香港正2,243,0,243,凱基-中壢,2024-06-28,9285
00679B,元大美債20年,178,18,160,凱基-中壢,2024-06-28,9285
2406,國碩,146,38,108,凱基-中壢,2024-06-28,9285
00687B,國泰20年美債,122,20,102,凱基-中壢,2024-06-28,9285
4909,新復興,113,16,97,凱基-中壢,2024-06-28,9285
00936,台新永續高息中小,98,1,97,凱基-中壢,2024-06-28,9285
3481,群創,122,28,94,凱基-中壢,2024-06-28,9285
6757,台灣虎航,75,0,75,凱基-中壢,2024-06-28,9285
00937B,群益ESG投等債20,69,7,62,凱基-中壢,2024-06-28,9285
5530,龍巖,62,5,57,凱基-中壢,2024-06-28,9285
00712,復華富時不動產,65,10,55,凱基-中壢,2024-06-28,9285
2618,長榮航,105,52,53,凱基-中壢,2024-06-28,9285
00680L,元大美債20正2,52,0,52,凱基-中壢,2024-06-28,9285
00929,復華台灣科技優息,89,39,50,凱基-中壢,2024-06-28,9285
00857B,永豐20年美公債,45,0,45,凱基-中壢,2024-06-28,9285
4533,協易機,54,11,43,凱基-中壢,2024-06-28,9285
6477,安集,46,5,41,凱基-中壢,2024-06-28,9285
00942B,台新美A公司債20+,37,0,37,凱基-中壢,2024-06-28,9285
2417,圓剛,55,19,36,凱基-中壢,2024-06-28,9285
2504,國產,37,2,35,凱基-中壢,2024-06-28,9285
2303,聯電,92,57,35,凱基-中壢,2024-06-28,9285
00673R,期元大S＆P原油反1,33,0,33,凱基-中壢,2024-06-28,9285
8027,鈦昇,34,1,33,凱基-中壢,2024-06-28,9285
00915,凱基優選高股息30,28,0,28,凱基-中壢,2024-06-28,9285
2301,光寶科,32,5,27,凱基-中壢,2024-06-28,9285
1732,毛寶,30,5,25,凱基-中壢,2024-06-28,9285
5371,中光電,38,14,24,凱基-中壢,2024-06-28,9285
2337,旺宏,24,1,23,凱基-中壢,2024-06-28,9285
00919,群益台灣精選高息,84,61,23,凱基-中壢,2024-06-28,9285
2855,統一證,21,0,21,凱基-中壢,2024-06-28,9285
00934,中信成長高股息,20,0,20,凱基-中壢,2024-06-28,9285
3038,全台,20,0,20,凱基-中壢,2024-06-28,9285
00753L,中信中國50正2,19,0,19,凱基-中壢,2024-06-28,9285
8076,伍豐,24,5,19,凱基-中壢,2024-06-28,9285
8070,長華*,19,0,19,凱基-中壢,2024-06-28,9285
8028,昇陽半導體,38,19,19,凱基-中壢,2024-06-28,9285
2314,台揚,21,3,18,凱基-中壢,2024-06-28,9285
3202,樺晟,41,23,18,凱基-中壢,2024-06-28,9285
8403,盛弘,20,2,18,凱基-中壢,2024-06-28,9285
5302,太欣,17,0,17,凱基-中壢,2024-06-28,9285
5871,中租-KY,16,0,16,凱基-中壢,2024-06-28,9285
6182,合晶,21,5,16,凱基-中壢,2024-06-28,9285
2458,義隆,15,0,15,凱基-中壢,2024-06-28,9285
1781,合世,25,10,15,凱基-中壢,2024-06-28,9285
2392,正崴,28,13,15,凱基-中壢,2024-06-28,9285
3043,科風,15,1,14,凱基-中壢,2024-06-28,9285
2467,志聖,21,7,14,凱基-中壢,2024-06-28,9285
3057,喬鼎,14,0,14,凱基-中壢,2024-06-28,9285
1540,喬福,14,0,14,凱基-中壢,2024-06-28,9285
9105,泰金寶-DR,21,8,13,凱基-中壢,2024-06-28,9285
6757,台灣虎航,354,0,354,凱基-中壢,2024-07-01,9285
6026,福邦證,329,35,294,凱基-中壢,2024-07-01,9285
00937B,群益ESG投等債20,259,14,245,凱基-中壢,2024-07-01,9285
00687B,國泰20年美債,238,2,236,凱基-中壢,2024-07-01,9285
00679B,元大美債20年,216,3,213,凱基-中壢,2024-07-01,9285
0056,元大高股息,184,4,180,凱基-中壢,2024-07-01,9285
00933B,國泰10Y+金融債,137,7,130,凱基-中壢,2024-07-01,9285
8096,擎亞,119,24,95,凱基-中壢,2024-07-01,9285
00929,復華台灣科技優息,159,66,93,凱基-中壢,2024-07-01,9285
2374,佳能,112,23,89,凱基-中壢,2024-07-01,9285
00942B,台新美A公司債20+,89,5,84,凱基-中壢,2024-07-01,9285
00936,台新永續高息中小,80,0,80,凱基-中壢,2024-07-01,9285
00680L,元大美債20正2,78,0,78,凱基-中壢,2024-07-01,9285
00632R,元大台灣50反1,279,203,76,凱基-中壢,2024-07-01,9285
00948B,中信優息投資級債,71,4,67,凱基-中壢,2024-07-01,9285
912000,晨訊科-DR,80,20,60,凱基-中壢,2024-07-01,9285
4909,新復興,63,7,56,凱基-中壢,2024-07-01,9285
9105,泰金寶-DR,52,0,52,凱基-中壢,2024-07-01,9285
00720B,元大投資級公司債,48,0,48,凱基-中壢,2024-07-01,9285
2349,錸德,71,23,48,凱基-中壢,2024-07-01,9285
5443,均豪,59,11,48,凱基-中壢,2024-07-01,9285
5515,建國,45,0,45,凱基-中壢,2024-07-01,9285
00882,中信中國高股息,55,11,44,凱基-中壢,2024-07-01,9285
2356,英業達,49,5,44,凱基-中壢,2024-07-01,9285
4533,協易機,72,28,44,凱基-中壢,2024-07-01,9285
2883,凱基金,63,22,41,凱基-中壢,2024-07-01,9285
3105,穩懋,53,12,41,凱基-中壢,2024-07-01,9285
2313,華通,62,22,40,凱基-中壢,2024-07-01,9285
2537,聯上發,36,2,34,凱基-中壢,2024-07-01,9285
3481,群創,81,48,33,凱基-中壢,2024-07-01,9285
2354,鴻準,42,10,32,凱基-中壢,2024-07-01,9285
6698,旭暉應材,37,5,32,凱基-中壢,2024-07-01,9285
2352,佳世達,48,17,31,凱基-中壢,2024-07-01,9285
00944,野村趨勢動能高息,30,0,30,凱基-中壢,2024-07-01,9285
2337,旺宏,31,2,29,凱基-中壢,2024-07-01,9285
4167,松瑞藥,30,1,29,凱基-中壢,2024-07-01,9285
6257,矽格,29,0,29,凱基-中壢,2024-07-01,9285
6188,廣明,64,36,28,凱基-中壢,2024-07-01,9285
00688L,國泰20年美債正2,42,15,27,凱基-中壢,2024-07-01,9285
3686,達能,38,14,24,凱基-中壢,2024-07-01,9285
2344,華邦電,28,5,23,凱基-中壢,2024-07-01,9285
2464,盟立,90,68,22,凱基-中壢,2024-07-01,9285
1802,台玻,22,0,22,凱基-中壢,2024-07-01,9285
2615,萬海,78,57,21,凱基-中壢,2024-07-01,9285
1316,上曜,26,5,21,凱基-中壢,2024-07-01,9285
4720,德淵,20,0,20,凱基-中壢,2024-07-01,9285
00857B,永豐20年美公債,48,28,20,凱基-中壢,2024-07-01,9285
1526,日馳,20,0,20,凱基-中壢,2024-07-01,9285
2351,順德,28,8,20,凱基-中壢,2024-07-01,9285
5864,致和證,20,0,20,凱基-中壢,2024-07-01,9285
00929,復華台灣科技優息,931,257,674,凱基-中壢,2024-07-02,9285
00934,中信成長高股息,358,23,335,凱基-中壢,2024-07-02,9285
2303,聯電,312,25,287,凱基-中壢,2024-07-02,9285
00937B,群益ESG投等債20,290,19,271,凱基-中壢,2024-07-02,9285
2365,昆盈,323,62,261,凱基-中壢,2024-07-02,9285
2317,鴻海,273,39,234,凱基-中壢,2024-07-02,9285
00687B,國泰20年美債,177,0,177,凱基-中壢,2024-07-02,9285
00936,台新永續高息中小,140,3,137,凱基-中壢,2024-07-02,9285
00673R,期元大S＆P原油反1,118,0,118,凱基-中壢,2024-07-02,9285
00679B,元大美債20年,133,17,116,凱基-中壢,2024-07-02,9285
00942B,台新美A公司債20+,114,12,102,凱基-中壢,2024-07-02,9285
0056,元大高股息,100,10,90,凱基-中壢,2024-07-02,9285
00680L,元大美債20正2,89,0,89,凱基-中壢,2024-07-02,9285
00720B,元大投資級公司債,85,0,85,凱基-中壢,2024-07-02,9285
00688L,國泰20年美債正2,84,0,84,凱基-中壢,2024-07-02,9285
3702,大聯大,66,0,66,凱基-中壢,2024-07-02,9285
00712,復華富時不動產,60,0,60,凱基-中壢,2024-07-02,9285
5530,龍巖,59,1,58,凱基-中壢,2024-07-02,9285
3048,益登,68,11,57,凱基-中壢,2024-07-02,9285
2002,中鋼,49,0,49,凱基-中壢,2024-07-02,9285
2495,普安,58,13,45,凱基-中壢,2024-07-02,9285
3576,聯合再生,70,33,37,凱基-中壢,2024-07-02,9285
1815,富喬,44,8,36,凱基-中壢,2024-07-02,9285
00946,群益科技高息成長,37,2,35,凱基-中壢,2024-07-02,9285
2352,佳世達,36,3,33,凱基-中壢,2024-07-02,9285
6189,豐藝,38,5,33,凱基-中壢,2024-07-02,9285
8104,錸寶,41,8,33,凱基-中壢,2024-07-02,9285
2354,鴻準,49,16,33,凱基-中壢,2024-07-02,9285
5515,建國,30,0,30,凱基-中壢,2024-07-02,9285
2323,中環,44,14,30,凱基-中壢,2024-07-02,9285
9105,泰金寶-DR,85,56,29,凱基-中壢,2024-07-02,9285
2891,中信金,31,2,29,凱基-中壢,2024-07-02,9285
00878,國泰永續高股息,48,21,27,凱基-中壢,2024-07-02,9285
6441,廣錠,28,2,26,凱基-中壢,2024-07-02,9285
1301,台塑,30,5,25,凱基-中壢,2024-07-02,9285
00927,群益半導體收益,24,0,24,凱基-中壢,2024-07-02,9285
6770,力積電,27,4,23,凱基-中壢,2024-07-02,9285
3289,宜特,28,5,23,凱基-中壢,2024-07-02,9285
1802,台玻,35,13,22,凱基-中壢,2024-07-02,9285
00933B,國泰10Y+金融債,24,2,22,凱基-中壢,2024-07-02,9285
1609,大亞,54,33,21,凱基-中壢,2024-07-02,9285
2489,瑞軒,26,5,21,凱基-中壢,2024-07-02,9285
3038,全台,21,0,21,凱基-中壢,2024-07-02,9285
5452,佶優,45,25,20,凱基-中壢,2024-07-02,9285
00671R,富邦NASDAQ反1,20,0,20,凱基-中壢,2024-07-02,9285
00639,富邦深100,20,0,20,凱基-中壢,2024-07-02,9285
8476,台境*,20,0,20,凱基-中壢,2024-07-02,9285
3498,陽程,42,22,20,凱基-中壢,2024-07-02,9285
00935,野村臺灣新科技50,21,1,20,凱基-中壢,2024-07-02,9285
4533,協易機,26,7,19,凱基-中壢,2024-07-02,9285
3576,聯合再生,590,108,482,凱基-中壢,2024-07-03,9285
00934,中信成長高股息,186,1,185,凱基-中壢,2024-07-03,9285
00632R,元大台灣50反1,163,0,163,凱基-中壢,2024-07-03,9285
00679B,元大美債20年,152,3,149,凱基-中壢,2024-07-03,9285
00937B,群益ESG投等債20,138,0,138,凱基-中壢,2024-07-03,9285
5443,均豪,145,34,111,凱基-中壢,2024-07-03,9285
00676R,富邦臺灣加權反1,82,0,82,凱基-中壢,2024-07-03,9285
00929,復華台灣科技優息,106,25,81,凱基-中壢,2024-07-03,9285
00926,凱基全球菁英55,76,0,76,凱基-中壢,2024-07-03,9285
2317,鴻海,95,25,70,凱基-中壢,2024-07-03,9285
6757,台灣虎航,67,1,66,凱基-中壢,2024-07-03,9285
1802,台玻,65,0,65,凱基-中壢,2024-07-03,9285
6163,華電網,65,1,64,凱基-中壢,2024-07-03,9285
2405,輔信,102,39,63,凱基-中壢,2024-07-03,9285
00946,群益科技高息成長,55,0,55,凱基-中壢,2024-07-03,9285
3047,訊舟,103,50,53,凱基-中壢,2024-07-03,9285
4123,晟德,68,16,52,凱基-中壢,2024-07-03,9285
6016,康和證,52,0,52,凱基-中壢,2024-07-03,9285
00687B,國泰20年美債,51,0,51,凱基-中壢,2024-07-03,9285
00933B,國泰10Y+金融債,50,0,50,凱基-中壢,2024-07-03,9285
00902,中信電池及儲能,50,0,50,凱基-中壢,2024-07-03,9285
3265,台星科,100,51,49,凱基-中壢,2024-07-03,9285
4915,致伸,49,0,49,凱基-中壢,2024-07-03,9285
6244,茂迪,84,40,44,凱基-中壢,2024-07-03,9285
2402,毅嘉,83,43,40,凱基-中壢,2024-07-03,9285
2543,皇昌,49,11,38,凱基-中壢,2024-07-03,9285
00673R,期元大S＆P原油反1,37,0,37,凱基-中壢,2024-07-03,9285
00857B,永豐20年美公債,36,0,36,凱基-中壢,2024-07-03,9285
3481,群創,42,6,36,凱基-中壢,2024-07-03,9285
4542,科嶠,41,6,35,凱基-中壢,2024-07-03,9285
2906,高林,35,5,30,凱基-中壢,2024-07-03,9285
8440,綠電,32,5,27,凱基-中壢,2024-07-03,9285
3289,宜特,29,3,26,凱基-中壢,2024-07-03,9285
2332,友訊,76,50,26,凱基-中壢,2024-07-03,9285
3686,達能,38,13,25,凱基-中壢,2024-07-03,9285
6477,安集,31,8,23,凱基-中壢,2024-07-03,9285
6164,華興,22,0,22,凱基-中壢,2024-07-03,9285
3005,神基,59,39,20,凱基-中壢,2024-07-03,9285
00927,群益半導體收益,20,0,20,凱基-中壢,2024-07-03,9285
2913,農林,26,6,20,凱基-中壢,2024-07-03,9285
6901,鑽石投資,20,0,20,凱基-中壢,2024-07-03,9285
1326,台化,20,1,19,凱基-中壢,2024-07-03,9285
2603,長榮,30,11,19,凱基-中壢,2024-07-03,9285
5515,建國,25,6,19,凱基-中壢,2024-07-03,9285
2444,兆勁,19,0,19,凱基-中壢,2024-07-03,9285
2349,錸德,45,26,19,凱基-中壢,2024-07-03,9285
2374,佳能,19,0,19,凱基-中壢,2024-07-03,9285
6121,新普,19,1,18,凱基-中壢,2024-07-03,9285
6282,康舒,224,206,18,凱基-中壢,2024-07-03,9285
5236,凌陽創新,18,0,18,凱基-中壢,2024-07-03,9285
00632R,元大台灣50反1,902,177,725,凱基-中壢,2024-07-04,9285
00934,中信成長高股息,282,13,269,凱基-中壢,2024-07-04,9285
00935,野村臺灣新科技50,228,15,213,凱基-中壢,2024-07-04,9285
8096,擎亞,207,3,204,凱基-中壢,2024-07-04,9285
3062,建漢,211,12,199,凱基-中壢,2024-07-04,9285
2883,凱基金,246,64,182,凱基-中壢,2024-07-04,9285
2349,錸德,158,3,155,凱基-中壢,2024-07-04,9285
00725B,國泰投資級公司債,115,0,115,凱基-中壢,2024-07-04,9285
3047,訊舟,305,203,102,凱基-中壢,2024-07-04,9285
912000,晨訊科-DR,150,50,100,凱基-中壢,2024-07-04,9285
2412,中華電,95,0,95,凱基-中壢,2024-07-04,9285
00919,群益台灣精選高息,145,55,90,凱基-中壢,2024-07-04,9285
00946,群益科技高息成長,86,2,84,凱基-中壢,2024-07-04,9285
1802,台玻,78,1,77,凱基-中壢,2024-07-04,9285
00687B,國泰20年美債,77,10,67,凱基-中壢,2024-07-04,9285
2332,友訊,61,0,61,凱基-中壢,2024-07-04,9285
00933B,國泰10Y+金融債,60,1,59,凱基-中壢,2024-07-04,9285
00902,中信電池及儲能,50,0,50,凱基-中壢,2024-07-04,9285
2417,圓剛,92,44,48,凱基-中壢,2024-07-04,9285
1815,富喬,64,17,47,凱基-中壢,2024-07-04,9285
2609,陽明,56,11,45,凱基-中壢,2024-07-04,9285
2354,鴻準,89,44,45,凱基-中壢,2024-07-04,9285
00891,中信關鍵半導體,60,15,45,凱基-中壢,2024-07-04,9285
2618,長榮航,88,50,38,凱基-中壢,2024-07-04,9285
2206,三陽工業,40,4,36,凱基-中壢,2024-07-04,9285
2324,仁寶,36,1,35,凱基-中壢,2024-07-04,9285
3189,景碩,34,0,34,凱基-中壢,2024-07-04,9285
2201,裕隆,41,10,31,凱基-中壢,2024-07-04,9285
3202,樺晟,30,0,30,凱基-中壢,2024-07-04,9285
6133,金橋,37,7,30,凱基-中壢,2024-07-04,9285
00882,中信中國高股息,31,2,29,凱基-中壢,2024-07-04,9285
8163,達方,30,2,28,凱基-中壢,2024-07-04,9285
6244,茂迪,110,82,28,凱基-中壢,2024-07-04,9285
6757,台灣虎航,30,4,26,凱基-中壢,2024-07-04,9285
4542,科嶠,31,5,26,凱基-中壢,2024-07-04,9285
3230,錦明,25,0,25,凱基-中壢,2024-07-04,9285
3056,富華新,35,10,25,凱基-中壢,2024-07-04,9285
1409,新纖,77,52,25,凱基-中壢,2024-07-04,9285
3481,群創,227,202,25,凱基-中壢,2024-07-04,9285
2431,聯昌,24,0,24,凱基-中壢,2024-07-04,9285
2603,長榮,27,3,24,凱基-中壢,2024-07-04,9285
3617,碩天,23,0,23,凱基-中壢,2024-07-04,9285
2615,萬海,46,23,23,凱基-中壢,2024-07-04,9285
6142,友勁,32,10,22,凱基-中壢,2024-07-04,9285
00936,台新永續高息中小,31,10,21,凱基-中壢,2024-07-04,9285
5347,世界,45,24,21,凱基-中壢,2024-07-04,9285
00947,台新臺灣IC設計,20,0,20,凱基-中壢,2024-07-04,9285
00673R,期元大S＆P原油反1,20,0,20,凱基-中壢,2024-07-04,9285
00664R,國泰臺灣加權反1,20,0,20,凱基-中壢,2024-07-04,9285
2506,太設,20,0,20,凱基-中壢,2024-07-04,9285
2882,國泰金,463,9,454,凱基-中壢,2024-07-05,9285
00937B,群益ESG投等債20,278,48,230,凱基-中壢,2024-07-05,9285
1434,福懋,159,3,156,凱基-中壢,2024-07-05,9285
00934,中信成長高股息,110,10,100,凱基-中壢,2024-07-05,9285
2618,長榮航,160,76,84,凱基-中壢,2024-07-05,9285
6757,台灣虎航,70,0,70,凱基-中壢,2024-07-05,9285
00942B,台新美A公司債20+,72,5,67,凱基-中壢,2024-07-05,9285
6541,泰福-KY,71,7,64,凱基-中壢,2024-07-05,9285
2606,裕民,63,1,62,凱基-中壢,2024-07-05,9285
00948B,中信優息投資級債,72,12,60,凱基-中壢,2024-07-05,9285
00688L,國泰20年美債正2,60,0,60,凱基-中壢,2024-07-05,9285
00673R,期元大S＆P原油反1,56,0,56,凱基-中壢,2024-07-05,9285
1909,榮成,50,0,50,凱基-中壢,2024-07-05,9285
5530,龍巖,48,0,48,凱基-中壢,2024-07-05,9285
4534,慶騰,53,5,48,凱基-中壢,2024-07-05,9285
2312,金寶,60,14,46,凱基-中壢,2024-07-05,9285
00753L,中信中國50正2,42,0,42,凱基-中壢,2024-07-05,9285
2615,萬海,82,40,42,凱基-中壢,2024-07-05,9285
5512,力麒,41,5,36,凱基-中壢,2024-07-05,9285
6207,雷科,52,20,32,凱基-中壢,2024-07-05,9285
00895,富邦未來車,32,0,32,凱基-中壢,2024-07-05,9285
2617,台航,31,0,31,凱基-中壢,2024-07-05,9285
2889,國票金,30,0,30,凱基-中壢,2024-07-05,9285
6290,良維,32,2,30,凱基-中壢,2024-07-05,9285
2610,華航,63,33,30,凱基-中壢,2024-07-05,9285
4906,正文,108,79,29,凱基-中壢,2024-07-05,9285
2301,光寶科,47,19,28,凱基-中壢,2024-07-05,9285
6160,欣技,45,17,28,凱基-中壢,2024-07-05,9285
8064,東捷,62,34,28,凱基-中壢,2024-07-05,9285
1802,台玻,57,30,27,凱基-中壢,2024-07-05,9285
5608,四維航,29,2,27,凱基-中壢,2024-07-05,9285
2616,山隆,26,0,26,凱基-中壢,2024-07-05,9285
9105,泰金寶-DR,33,8,25,凱基-中壢,2024-07-05,9285
00687B,國泰20年美債,32,7,25,凱基-中壢,2024-07-05,9285
3005,神基,30,5,25,凱基-中壢,2024-07-05,9285
2464,盟立,102,79,23,凱基-中壢,2024-07-05,9285
6215,和椿,49,27,22,凱基-中壢,2024-07-05,9285
00926,凱基全球菁英55,22,0,22,凱基-中壢,2024-07-05,9285
00935,野村臺灣新科技50,22,0,22,凱基-中壢,2024-07-05,9285
8105,凌巨,22,1,21,凱基-中壢,2024-07-05,9285
6179,亞通,32,12,20,凱基-中壢,2024-07-05,9285
2504,國產,20,0,20,凱基-中壢,2024-07-05,9285
4760,勤凱,20,0,20,凱基-中壢,2024-07-05,9285
1475,業旺,20,0,20,凱基-中壢,2024-07-05,9285
00936,台新永續高息中小,19,0,19,凱基-中壢,2024-07-05,9285
3622,洋華,20,1,19,凱基-中壢,2024-07-05,9285
1795,美時,23,4,19,凱基-中壢,2024-07-05,9285
2603,長榮,31,12,19,凱基-中壢,2024-07-05,9285
1809,中釉,27,9,18,凱基-中壢,2024-07-05,9285
1597,直得,20,2,18,凱基-中壢,2024-07-05,9285
6757,台灣虎航,942,10,932,凱基-中壢,2024-07-08,9285
00632R,元大台灣50反1,444,34,410,凱基-中壢,2024-07-08,9285
00650L,復華香港正2,262,20,242,凱基-中壢,2024-07-08,9285
00934,中信成長高股息,231,0,231,凱基-中壢,2024-07-08,9285
5443,均豪,300,127,173,凱基-中壢,2024-07-08,9285
2618,長榮航,170,27,143,凱基-中壢,2024-07-08,9285
4906,正文,148,24,124,凱基-中壢,2024-07-08,9285
1434,福懋,105,0,105,凱基-中壢,2024-07-08,9285
00919,群益台灣精選高息,132,38,94,凱基-中壢,2024-07-08,9285
2606,裕民,124,40,84,凱基-中壢,2024-07-08,9285
00937B,群益ESG投等債20,254,178,76,凱基-中壢,2024-07-08,9285
2882,國泰金,88,16,72,凱基-中壢,2024-07-08,9285
5302,太欣,75,13,62,凱基-中壢,2024-07-08,9285
2888,新光金,80,20,60,凱基-中壢,2024-07-08,9285
2538,基泰,54,0,54,凱基-中壢,2024-07-08,9285
5452,佶優,64,14,50,凱基-中壢,2024-07-08,9285
911868,同方友友-DR,50,0,50,凱基-中壢,2024-07-08,9285
00929,復華台灣科技優息,113,67,46,凱基-中壢,2024-07-08,9285
912000,晨訊科-DR,136,90,46,凱基-中壢,2024-07-08,9285
2365,昆盈,189,144,45,凱基-中壢,2024-07-08,9285
2609,陽明,93,48,45,凱基-中壢,2024-07-08,9285
2108,南帝,62,20,42,凱基-中壢,2024-07-08,9285
3019,亞光,51,9,42,凱基-中壢,2024-07-08,9285
2337,旺宏,48,6,42,凱基-中壢,2024-07-08,9285
3033,威健,133,91,42,凱基-中壢,2024-07-08,9285
6451,訊芯-KY,96,56,40,凱基-中壢,2024-07-08,9285
6152,百一,44,5,39,凱基-中壢,2024-07-08,9285
3390,旭軟,37,1,36,凱基-中壢,2024-07-08,9285
2614,東森,36,0,36,凱基-中壢,2024-07-08,9285
6443,元晶,43,8,35,凱基-中壢,2024-07-08,9285
3045,台灣大,34,0,34,凱基-中壢,2024-07-08,9285
1785,光洋科,135,102,33,凱基-中壢,2024-07-08,9285
3048,益登,123,93,30,凱基-中壢,2024-07-08,9285
2066,世德,30,0,30,凱基-中壢,2024-07-08,9285
3229,晟鈦,29,1,28,凱基-中壢,2024-07-08,9285
00753L,中信中國50正2,28,0,28,凱基-中壢,2024-07-08,9285
3455,由田,30,3,27,凱基-中壢,2024-07-08,9285
2412,中華電,30,4,26,凱基-中壢,2024-07-08,9285
2009,第一銅,36,10,26,凱基-中壢,2024-07-08,9285
4976,佳凌,32,6,26,凱基-中壢,2024-07-08,9285
00680L,元大美債20正2,26,0,26,凱基-中壢,2024-07-08,9285
00679B,元大美債20年,31,5,26,凱基-中壢,2024-07-08,9285
00945B,凱基美國非投等債,29,4,25,凱基-中壢,2024-07-08,9285
00936,台新永續高息中小,34,9,25,凱基-中壢,2024-07-08,9285
6213,聯茂,34,10,24,凱基-中壢,2024-07-08,9285
4533,協易機,24,0,24,凱基-中壢,2024-07-08,9285
4510,高鋒,23,0,23,凱基-中壢,2024-07-08,9285
8021,尖點,32,9,23,凱基-中壢,2024-07-08,9285
8438,昶昕,24,1,23,凱基-中壢,2024-07-08,9285
2884,玉山金,30,7,23,凱基-中壢,2024-07-08,9285
6757,台灣虎航,245,0,245,凱基-中壢,2024-07-09,9285
00937B,群益ESG投等債20,254,43,211,凱基-中壢,2024-07-09,9285
00632R,元大台灣50反1,469,281,188,凱基-中壢,2024-07-09,9285
2609,陽明,168,21,147,凱基-中壢,2024-07-09,9285
2312,金寶,483,348,135,凱基-中壢,2024-07-09,9285
2888,新光金,328,193,135,凱基-中壢,2024-07-09,9285
2427,三商電,129,2,127,凱基-中壢,2024-07-09,9285
6016,康和證,123,0,123,凱基-中壢,2024-07-09,9285
00712,復華富時不動產,129,17,112,凱基-中壢,2024-07-09,9285
2317,鴻海,172,74,98,凱基-中壢,2024-07-09,9285
00936,台新永續高息中小,106,11,95,凱基-中壢,2024-07-09,9285
00934,中信成長高股息,127,38,89,凱基-中壢,2024-07-09,9285
3227,原相,83,0,83,凱基-中壢,2024-07-09,9285
2367,燿華,227,144,83,凱基-中壢,2024-07-09,9285
1785,光洋科,130,71,59,凱基-中壢,2024-07-09,9285
6143,振曜,54,0,54,凱基-中壢,2024-07-09,9285
00929,復華台灣科技優息,186,132,54,凱基-中壢,2024-07-09,9285
2349,錸德,116,66,50,凱基-中壢,2024-07-09,9285
5530,龍巖,50,0,50,凱基-中壢,2024-07-09,9285
3024,憶聲,50,2,48,凱基-中壢,2024-07-09,9285
00650L,復華香港正2,66,20,46,凱基-中壢,2024-07-09,9285
00680L,元大美債20正2,46,0,46,凱基-中壢,2024-07-09,9285
6133,金橋,56,12,44,凱基-中壢,2024-07-09,9285
3673,TPK-KY,94,51,43,凱基-中壢,2024-07-09,9285
2002,中鋼,75,33,42,凱基-中壢,2024-07-09,9285
2607,榮運,42,0,42,凱基-中壢,2024-07-09,9285
00918,大華優利高填息30,42,0,42,凱基-中壢,2024-07-09,9285
3230,錦明,43,2,41,凱基-中壢,2024-07-09,9285
1815,富喬,54,14,40,凱基-中壢,2024-07-09,9285
1802,台玻,37,0,37,凱基-中壢,2024-07-09,9285
2610,華航,53,16,37,凱基-中壢,2024-07-09,9285
2887,台新金,52,15,37,凱基-中壢,2024-07-09,9285
4306,炎洲,37,2,35,凱基-中壢,2024-07-09,9285
3450,聯鈞,56,22,34,凱基-中壢,2024-07-09,9285
2495,普安,35,2,33,凱基-中壢,2024-07-09,9285
00725B,國泰投資級公司債,32,0,32,凱基-中壢,2024-07-09,9285
3576,聯合再生,37,6,31,凱基-中壢,2024-07-09,9285
2449,京元電子,69,43,26,凱基-中壢,2024-07-09,9285
2412,中華電,26,0,26,凱基-中壢,2024-07-09,9285
4533,協易機,41,16,25,凱基-中壢,2024-07-09,9285
1909,榮成,25,0,25,凱基-中壢,2024-07-09,9285
1806,冠軍,25,0,25,凱基-中壢,2024-07-09,9285
4909,新復興,28,4,24,凱基-中壢,2024-07-09,9285
2603,長榮,48,24,24,凱基-中壢,2024-07-09,9285
5328,華容,40,17,23,凱基-中壢,2024-07-09,9285
2634,漢翔,27,4,23,凱基-中壢,2024-07-09,9285
1529,樂事綠能,26,4,22,凱基-中壢,2024-07-09,9285
4721,美琪瑪,21,0,21,凱基-中壢,2024-07-09,9285
6937,天虹,21,0,21,凱基-中壢,2024-07-09,9285
2834,臺企銀,95,74,21,凱基-中壢,2024-07-09,9285
2836,高雄銀,466,0,466,凱基-中壢,2024-07-10,9285
6757,台灣虎航,246,2,244,凱基-中壢,2024-07-10,9285
00934,中信成長高股息,212,5,207,凱基-中壢,2024-07-10,9285
4510,高鋒,200,1,199,凱基-中壢,2024-07-10,9285
2392,正崴,316,149,167,凱基-中壢,2024-07-10,9285
2312,金寶,228,94,134,凱基-中壢,2024-07-10,9285
6219,富旺,100,1,99,凱基-中壢,2024-07-10,9285
3481,群創,126,29,97,凱基-中壢,2024-07-10,9285
9105,泰金寶-DR,363,276,87,凱基-中壢,2024-07-10,9285
00679B,元大美債20年,86,0,86,凱基-中壢,2024-07-10,9285
00950B,凱基A級公司債,76,0,76,凱基-中壢,2024-07-10,9285
00882,中信中國高股息,90,16,74,凱基-中壢,2024-07-10,9285
00687B,國泰20年美債,72,16,56,凱基-中壢,2024-07-10,9285
00929,復華台灣科技優息,124,71,53,凱基-中壢,2024-07-10,9285
4904,遠傳,52,0,52,凱基-中壢,2024-07-10,9285
00676R,富邦臺灣加權反1,50,0,50,凱基-中壢,2024-07-10,9285
2606,裕民,49,0,49,凱基-中壢,2024-07-10,9285
2317,鴻海,65,17,48,凱基-中壢,2024-07-10,9285
8085,福華,53,6,47,凱基-中壢,2024-07-10,9285
2002,中鋼,47,1,46,凱基-中壢,2024-07-10,9285
2607,榮運,43,0,43,凱基-中壢,2024-07-10,9285
2834,臺企銀,46,5,41,凱基-中壢,2024-07-10,9285
00937B,群益ESG投等債20,87,46,41,凱基-中壢,2024-07-10,9285
00942B,台新美A公司債20+,60,20,40,凱基-中壢,2024-07-10,9285
5460,同協,50,11,39,凱基-中壢,2024-07-10,9285
2367,燿華,70,32,38,凱基-中壢,2024-07-10,9285
2489,瑞軒,90,55,35,凱基-中壢,2024-07-10,9285
5522,遠雄,34,0,34,凱基-中壢,2024-07-10,9285
2303,聯電,50,16,34,凱基-中壢,2024-07-10,9285
1809,中釉,43,13,30,凱基-中壢,2024-07-10,9285
6603,富強鑫,34,5,29,凱基-中壢,2024-07-10,9285
2603,長榮,31,2,29,凱基-中壢,2024-07-10,9285
00933B,國泰10Y+金融債,42,14,28,凱基-中壢,2024-07-10,9285
2009,第一銅,31,4,27,凱基-中壢,2024-07-10,9285
2405,輔信,34,8,26,凱基-中壢,2024-07-10,9285
6133,金橋,56,31,25,凱基-中壢,2024-07-10,9285
3060,銘異,25,0,25,凱基-中壢,2024-07-10,9285
1783,和康生,24,0,24,凱基-中壢,2024-07-10,9285
1618,合機,35,12,23,凱基-中壢,2024-07-10,9285
1616,億泰,53,30,23,凱基-中壢,2024-07-10,9285
1617,榮星,22,1,21,凱基-中壢,2024-07-10,9285
1101,台泥,23,2,21,凱基-中壢,2024-07-10,9285
00725B,國泰投資級公司債,20,0,20,凱基-中壢,2024-07-10,9285
6244,茂迪,23,3,20,凱基-中壢,2024-07-10,9285
1220,台榮,20,0,20,凱基-中壢,2024-07-10,9285
8277,商丞,20,0,20,凱基-中壢,2024-07-10,9285
5426,振發,26,7,19,凱基-中壢,2024-07-10,9285
2427,三商電,21,2,19,凱基-中壢,2024-07-10,9285
5876,上海商銀,18,0,18,凱基-中壢,2024-07-10,9285
2362,藍天,24,6,18,凱基-中壢,2024-07-10,9285
2883,凱基金,1717,142,1575,凱基-中壢,2024-07-11,9285
3062,建漢,358,15,343,凱基-中壢,2024-07-11,9285
00637L,元大滬深300正2,186,0,186,凱基-中壢,2024-07-11,9285
6757,台灣虎航,170,16,154,凱基-中壢,2024-07-11,9285
00934,中信成長高股息,135,3,132,凱基-中壢,2024-07-11,9285
2888,新光金,188,57,131,凱基-中壢,2024-07-11,9285
2002,中鋼,118,2,116,凱基-中壢,2024-07-11,9285
5443,均豪,123,21,102,凱基-中壢,2024-07-11,9285
2610,華航,144,50,94,凱基-中壢,2024-07-11,9285
6126,信音,142,52,90,凱基-中壢,2024-07-11,9285
2891,中信金,101,19,82,凱基-中壢,2024-07-11,9285
00946,群益科技高息成長,80,0,80,凱基-中壢,2024-07-11,9285
9105,泰金寶-DR,373,304,69,凱基-中壢,2024-07-11,9285
2867,三商壽,83,18,65,凱基-中壢,2024-07-11,9285
2489,瑞軒,147,83,64,凱基-中壢,2024-07-11,9285
1785,光洋科,80,18,62,凱基-中壢,2024-07-11,9285
3707,漢磊,69,24,45,凱基-中壢,2024-07-11,9285
2457,飛宏,45,1,44,凱基-中壢,2024-07-11,9285
00679B,元大美債20年,43,0,43,凱基-中壢,2024-07-11,9285
2886,兆豐金,49,9,40,凱基-中壢,2024-07-11,9285
2367,燿華,58,18,40,凱基-中壢,2024-07-11,9285
3056,富華新,40,0,40,凱基-中壢,2024-07-11,9285
00915,凱基優選高股息30,42,4,38,凱基-中壢,2024-07-11,9285
2412,中華電,33,0,33,凱基-中壢,2024-07-11,9285
1514,亞力,104,74,30,凱基-中壢,2024-07-11,9285
8085,福華,37,7,30,凱基-中壢,2024-07-11,9285
6270,倍微,34,4,30,凱基-中壢,2024-07-11,9285
8277,商丞,30,0,30,凱基-中壢,2024-07-11,9285
8064,東捷,60,30,30,凱基-中壢,2024-07-11,9285
2382,廣達,39,9,30,凱基-中壢,2024-07-11,9285
8028,昇陽半導體,52,23,29,凱基-中壢,2024-07-11,9285
2618,長榮航,51,22,29,凱基-中壢,2024-07-11,9285
3048,益登,76,47,29,凱基-中壢,2024-07-11,9285
3402,漢科,32,4,28,凱基-中壢,2024-07-11,9285
6548,長科*,31,3,28,凱基-中壢,2024-07-11,9285
5251,天鉞電,29,1,28,凱基-中壢,2024-07-11,9285
3481,群創,86,59,27,凱基-中壢,2024-07-11,9285
1503,士電,27,3,24,凱基-中壢,2024-07-11,9285
3594,磐儀,53,30,23,凱基-中壢,2024-07-11,9285
3541,西柏,23,0,23,凱基-中壢,2024-07-11,9285
2603,長榮,24,2,22,凱基-中壢,2024-07-11,9285
1569,濱川,28,6,22,凱基-中壢,2024-07-11,9285
2374,佳能,37,16,21,凱基-中壢,2024-07-11,9285
2408,南亞科,36,15,21,凱基-中壢,2024-07-11,9285
2301,光寶科,33,12,21,凱基-中壢,2024-07-11,9285
2834,臺企銀,36,15,21,凱基-中壢,2024-07-11,9285
4414,如興,21,0,21,凱基-中壢,2024-07-11,9285
2303,聯電,40,20,20,凱基-中壢,2024-07-11,9285
6486,互動,20,0,20,凱基-中壢,2024-07-11,9285
00713,元大台灣高息低波,27,7,20,凱基-中壢,2024-07-11,9285
00929,復華台灣科技優息,514,37,477,凱基-中壢,2024-07-12,9285
00637L,元大滬深300正2,240,2,238,凱基-中壢,2024-07-12,9285
00919,群益台灣精選高息,230,18,212,凱基-中壢,2024-07-12,9285
2317,鴻海,300,105,195,凱基-中壢,2024-07-12,9285
00937B,群益ESG投等債20,193,5,188,凱基-中壢,2024-07-12,9285
2312,金寶,305,149,156,凱基-中壢,2024-07-12,9285
00934,中信成長高股息,166,13,153,凱基-中壢,2024-07-12,9285
00688L,國泰20年美債正2,135,5,130,凱基-中壢,2024-07-12,9285
2303,聯電,121,15,106,凱基-中壢,2024-07-12,9285
4714,永捷,96,3,93,凱基-中壢,2024-07-12,9285
00665L,富邦�琤肭磪囓�2,100,27,73,凱基-中壢,2024-07-12,9285
00881,國泰台灣5G+,70,0,70,凱基-中壢,2024-07-12,9285
00939,統一台灣高息動能,60,1,59,凱基-中壢,2024-07-12,9285
3062,建漢,83,26,57,凱基-中壢,2024-07-12,9285
2406,國碩,99,46,53,凱基-中壢,2024-07-12,9285
2405,輔信,59,8,51,凱基-中壢,2024-07-12,9285
3047,訊舟,63,13,50,凱基-中壢,2024-07-12,9285
00927,群益半導體收益,46,0,46,凱基-中壢,2024-07-12,9285
0056,元大高股息,49,4,45,凱基-中壢,2024-07-12,9285
3710,連展投控,49,8,41,凱基-中壢,2024-07-12,9285
00936,台新永續高息中小,50,12,38,凱基-中壢,2024-07-12,9285
4566,時碩工業,75,40,35,凱基-中壢,2024-07-12,9285
3289,宜特,37,3,34,凱基-中壢,2024-07-12,9285
1536,和大,70,39,31,凱基-中壢,2024-07-12,9285
6264,富裔,34,4,30,凱基-中壢,2024-07-12,9285
2363,矽統,56,26,30,凱基-中壢,2024-07-12,9285
8107,大億金茂,30,0,30,凱基-中壢,2024-07-12,9285
2330,台積電,53,24,29,凱基-中壢,2024-07-12,9285
3048,益登,99,70,29,凱基-中壢,2024-07-12,9285
3231,緯創,30,2,28,凱基-中壢,2024-07-12,9285
2367,燿華,56,28,28,凱基-中壢,2024-07-12,9285
2615,萬海,37,12,25,凱基-中壢,2024-07-12,9285
2606,裕民,25,1,24,凱基-中壢,2024-07-12,9285
1301,台塑,25,1,24,凱基-中壢,2024-07-12,9285
006208,富邦台50,28,5,23,凱基-中壢,2024-07-12,9285
00882,中信中國高股息,27,4,23,凱基-中壢,2024-07-12,9285
5309,系統電,62,39,23,凱基-中壢,2024-07-12,9285
1616,億泰,34,12,22,凱基-中壢,2024-07-12,9285
6152,百一,21,0,21,凱基-中壢,2024-07-12,9285
00891,中信關鍵半導體,25,5,20,凱基-中壢,2024-07-12,9285
3594,磐儀,23,3,20,凱基-中壢,2024-07-12,9285
00935,野村臺灣新科技50,20,0,20,凱基-中壢,2024-07-12,9285
2007,燁興,20,0,20,凱基-中壢,2024-07-12,9285
3056,富華新,20,0,20,凱基-中壢,2024-07-12,9285
8105,凌巨,43,23,20,凱基-中壢,2024-07-12,9285
2506,太設,20,0,20,凱基-中壢,2024-07-12,9285
3711,日月光投控,23,3,20,凱基-中壢,2024-07-12,9285
1101,台泥,22,3,19,凱基-中壢,2024-07-12,9285
0050,元大台灣50,18,0,18,凱基-中壢,2024-07-12,9285
6189,豐藝,18,1,17,凱基-中壢,2024-07-12,9285
00934,中信成長高股息,520,59,461,凱基-中壢,2024-07-15,9285
9105,泰金寶-DR,396,212,184,凱基-中壢,2024-07-15,9285
00929,復華台灣科技優息,236,116,120,凱基-中壢,2024-07-15,9285
1314,中石化,114,3,111,凱基-中壢,2024-07-15,9285
2891,中信金,115,12,103,凱基-中壢,2024-07-15,9285
2392,正崴,124,22,102,凱基-中壢,2024-07-15,9285
2356,英業達,125,33,92,凱基-中壢,2024-07-15,9285
2489,瑞軒,191,109,82,凱基-中壢,2024-07-15,9285
0056,元大高股息,83,2,81,凱基-中壢,2024-07-15,9285
2312,金寶,322,241,81,凱基-中壢,2024-07-15,9285
00919,群益台灣精選高息,84,13,71,凱基-中壢,2024-07-15,9285
00937B,群益ESG投等債20,93,22,71,凱基-中壢,2024-07-15,9285
1609,大亞,148,79,69,凱基-中壢,2024-07-15,9285
00680L,元大美債20正2,64,3,61,凱基-中壢,2024-07-15,9285
6757,台灣虎航,64,6,58,凱基-中壢,2024-07-15,9285
2889,國票金,60,2,58,凱基-中壢,2024-07-15,9285
3306,鼎天,51,0,51,凱基-中壢,2024-07-15,9285
00688L,國泰20年美債正2,49,0,49,凱基-中壢,2024-07-15,9285
4566,時碩工業,61,13,48,凱基-中壢,2024-07-15,9285
00945B,凱基美國非投等債,47,0,47,凱基-中壢,2024-07-15,9285
00679B,元大美債20年,60,14,46,凱基-中壢,2024-07-15,9285
5381,合正,65,20,45,凱基-中壢,2024-07-15,9285
2409,友達,103,62,41,凱基-中壢,2024-07-15,9285
00933B,國泰10Y+金融債,41,0,41,凱基-中壢,2024-07-15,9285
1608,華榮,136,95,41,凱基-中壢,2024-07-15,9285
2353,宏��,50,9,41,凱基-中壢,2024-07-15,9285
8021,尖點,59,20,39,凱基-中壢,2024-07-15,9285
6770,力積電,39,2,37,凱基-中壢,2024-07-15,9285
2834,臺企銀,41,4,37,凱基-中壢,2024-07-15,9285
00687B,國泰20年美債,48,11,37,凱基-中壢,2024-07-15,9285
00676R,富邦臺灣加權反1,35,0,35,凱基-中壢,2024-07-15,9285
00665L,富邦�琤肭磪囓�2,50,15,35,凱基-中壢,2024-07-15,9285
2538,基泰,40,7,33,凱基-中壢,2024-07-15,9285
00918,大華優利高填息30,33,0,33,凱基-中壢,2024-07-15,9285
3062,建漢,33,1,32,凱基-中壢,2024-07-15,9285
00725B,國泰投資級公司債,31,0,31,凱基-中壢,2024-07-15,9285
2101,南港,30,0,30,凱基-中壢,2024-07-15,9285
912000,晨訊科-DR,40,10,30,凱基-中壢,2024-07-15,9285
4960,誠美材,40,11,29,凱基-中壢,2024-07-15,9285
6126,信音,32,4,28,凱基-中壢,2024-07-15,9285
2399,映泰,53,26,27,凱基-中壢,2024-07-15,9285
4533,協易機,38,12,26,凱基-中壢,2024-07-15,9285
2351,順德,29,3,26,凱基-中壢,2024-07-15,9285
6443,元晶,54,28,26,凱基-中壢,2024-07-15,9285
2329,華泰,26,1,25,凱基-中壢,2024-07-15,9285
4306,炎洲,25,0,25,凱基-中壢,2024-07-15,9285
1540,喬福,30,5,25,凱基-中壢,2024-07-15,9285
4155,訊映,30,5,25,凱基-中壢,2024-07-15,9285
00720B,元大投資級公司債,24,0,24,凱基-中壢,2024-07-15,9285
00950B,凱基A級公司債,43,20,23,凱基-中壢,2024-07-15,9285
00650L,復華香港正2,850,0,850,凱基-中壢,2024-07-16,9285
00935,野村臺灣新科技50,284,1,283,凱基-中壢,2024-07-16,9285
4939,亞電,271,21,250,凱基-中壢,2024-07-16,9285
2312,金寶,348,126,222,凱基-中壢,2024-07-16,9285
9945,潤泰新,228,8,220,凱基-中壢,2024-07-16,9285
00665L,富邦�琤肭磪囓�2,223,10,213,凱基-中壢,2024-07-16,9285
2332,友訊,200,35,165,凱基-中壢,2024-07-16,9285
00929,復華台灣科技優息,196,37,159,凱基-中壢,2024-07-16,9285
0056,元大高股息,143,0,143,凱基-中壢,2024-07-16,9285
2887,台新金,106,10,96,凱基-中壢,2024-07-16,9285
2838,聯邦銀,100,10,90,凱基-中壢,2024-07-16,9285
00950B,凱基A級公司債,90,0,90,凱基-中壢,2024-07-16,9285
00919,群益台灣精選高息,127,48,79,凱基-中壢,2024-07-16,9285
00934,中信成長高股息,206,130,76,凱基-中壢,2024-07-16,9285
00905,FT臺灣Smart,71,0,71,凱基-中壢,2024-07-16,9285
9105,泰金寶-DR,380,311,69,凱基-中壢,2024-07-16,9285
6757,台灣虎航,63,0,63,凱基-中壢,2024-07-16,9285
00882,中信中國高股息,73,15,58,凱基-中壢,2024-07-16,9285
00712,復華富時不動產,109,55,54,凱基-中壢,2024-07-16,9285
2891,中信金,56,4,52,凱基-中壢,2024-07-16,9285
2303,聯電,61,11,50,凱基-中壢,2024-07-16,9285
00753L,中信中國50正2,49,0,49,凱基-中壢,2024-07-16,9285
00632R,元大台灣50反1,47,0,47,凱基-中壢,2024-07-16,9285
00927,群益半導體收益,40,0,40,凱基-中壢,2024-07-16,9285
2405,輔信,53,15,38,凱基-中壢,2024-07-16,9285
1609,大亞,79,42,37,凱基-中壢,2024-07-16,9285
00948B,中信優息投資級債,36,0,36,凱基-中壢,2024-07-16,9285
00878,國泰永續高股息,47,12,35,凱基-中壢,2024-07-16,9285
2363,矽統,85,52,33,凱基-中壢,2024-07-16,9285
00937B,群益ESG投等債20,58,25,33,凱基-中壢,2024-07-16,9285
00909,國泰數位支付服務,32,0,32,凱基-中壢,2024-07-16,9285
2489,瑞軒,121,89,32,凱基-中壢,2024-07-16,9285
3481,群創,180,149,31,凱基-中壢,2024-07-16,9285
2867,三商壽,37,6,31,凱基-中壢,2024-07-16,9285
6530,創威,32,1,31,凱基-中壢,2024-07-16,9285
1802,台玻,30,0,30,凱基-中壢,2024-07-16,9285
2317,鴻海,98,68,30,凱基-中壢,2024-07-16,9285
2889,國票金,28,1,27,凱基-中壢,2024-07-16,9285
00885,富邦越南,28,1,27,凱基-中壢,2024-07-16,9285
2102,泰豐,27,0,27,凱基-中壢,2024-07-16,9285
1513,中興電,47,21,26,凱基-中壢,2024-07-16,9285
3236,千如,26,0,26,凱基-中壢,2024-07-16,9285
2365,昆盈,35,10,25,凱基-中壢,2024-07-16,9285
6806,森崴能源,37,13,24,凱基-中壢,2024-07-16,9285
2002,中鋼,26,2,24,凱基-中壢,2024-07-16,9285
2412,中華電,26,3,23,凱基-中壢,2024-07-16,9285
3312,弘憶股,25,3,22,凱基-中壢,2024-07-16,9285
8011,台通,52,31,21,凱基-中壢,2024-07-16,9285
1718,中纖,28,7,21,凱基-中壢,2024-07-16,9285
2615,萬海,36,15,21,凱基-中壢,2024-07-16,9285
00650L,復華香港正2,293,0,293,凱基-中壢,2024-07-17,9285
2516,新建,270,10,260,凱基-中壢,2024-07-17,9285
1416,廣豐,240,3,237,凱基-中壢,2024-07-17,9285
00929,復華台灣科技優息,297,72,225,凱基-中壢,2024-07-17,9285
00937B,群益ESG投等債20,370,209,161,凱基-中壢,2024-07-17,9285
1314,中石化,220,72,148,凱基-中壢,2024-07-17,9285
00927,群益半導體收益,152,22,130,凱基-中壢,2024-07-17,9285
00919,群益台灣精選高息,143,19,124,凱基-中壢,2024-07-17,9285
6770,力積電,119,1,118,凱基-中壢,2024-07-17,9285
6757,台灣虎航,111,0,111,凱基-中壢,2024-07-17,9285
2481,強茂,110,1,109,凱基-中壢,2024-07-17,9285
9105,泰金寶-DR,157,55,102,凱基-中壢,2024-07-17,9285
00942B,台新美A公司債20+,101,0,101,凱基-中壢,2024-07-17,9285
5876,上海商銀,100,0,100,凱基-中壢,2024-07-17,9285
2515,中工,104,30,74,凱基-中壢,2024-07-17,9285
00665L,富邦�琤肭磪囓�2,70,0,70,凱基-中壢,2024-07-17,9285
1305,華夏,70,0,70,凱基-中壢,2024-07-17,9285
2489,瑞軒,119,54,65,凱基-中壢,2024-07-17,9285
3062,建漢,86,22,64,凱基-中壢,2024-07-17,9285
00933B,國泰10Y+金融債,63,0,63,凱基-中壢,2024-07-17,9285
9945,潤泰新,234,176,58,凱基-中壢,2024-07-17,9285
3056,富華新,56,1,55,凱基-中壢,2024-07-17,9285
00918,大華優利高填息30,56,2,54,凱基-中壢,2024-07-17,9285
00715L,期街口布蘭特正2,51,0,51,凱基-中壢,2024-07-17,9285
1605,華新,63,12,51,凱基-中壢,2024-07-17,9285
00936,台新永續高息中小,52,3,49,凱基-中壢,2024-07-17,9285
4906,正文,61,16,45,凱基-中壢,2024-07-17,9285
2845,遠東銀,48,4,44,凱基-中壢,2024-07-17,9285
2431,聯昌,48,7,41,凱基-中壢,2024-07-17,9285
2610,華航,76,36,40,凱基-中壢,2024-07-17,9285
3231,緯創,56,17,39,凱基-中壢,2024-07-17,9285
2301,光寶科,59,20,39,凱基-中壢,2024-07-17,9285
5452,佶優,42,5,37,凱基-中壢,2024-07-17,9285
00949,復華日本龍頭,46,10,36,凱基-中壢,2024-07-17,9285
2323,中環,37,1,36,凱基-中壢,2024-07-17,9285
912000,晨訊科-DR,40,5,35,凱基-中壢,2024-07-17,9285
8028,昇陽半導體,47,15,32,凱基-中壢,2024-07-17,9285
1785,光洋科,65,33,32,凱基-中壢,2024-07-17,9285
4566,時碩工業,69,38,31,凱基-中壢,2024-07-17,9285
2330,台積電,36,6,30,凱基-中壢,2024-07-17,9285
2317,鴻海,61,31,30,凱基-中壢,2024-07-17,9285
00881,國泰台灣5G+,35,6,29,凱基-中壢,2024-07-17,9285
00934,中信成長高股息,29,1,28,凱基-中壢,2024-07-17,9285
2537,聯上發,109,81,28,凱基-中壢,2024-07-17,9285
2102,泰豐,27,0,27,凱基-中壢,2024-07-17,9285
2371,大同,36,10,26,凱基-中壢,2024-07-17,9285
2438,翔耀,26,0,26,凱基-中壢,2024-07-17,9285
2543,皇昌,41,15,26,凱基-中壢,2024-07-17,9285
00680L,元大美債20正2,63,37,26,凱基-中壢,2024-07-17,9285
4958,臻鼎-KY,42,16,26,凱基-中壢,2024-07-17,9285
00650L,復華香港正2,647,5,642,凱基-中壢,2024-07-18,9285
00671R,富邦NASDAQ反1,499,0,499,凱基-中壢,2024-07-18,9285
00937B,群益ESG投等債20,418,99,319,凱基-中壢,2024-07-18,9285
00942B,台新美A公司債20+,201,0,201,凱基-中壢,2024-07-18,9285
00929,復華台灣科技優息,398,210,188,凱基-中壢,2024-07-18,9285
3481,群創,290,110,180,凱基-中壢,2024-07-18,9285
00940,元大台灣價值高息,417,248,169,凱基-中壢,2024-07-18,9285
00919,群益台灣精選高息,189,24,165,凱基-中壢,2024-07-18,9285
2834,臺企銀,174,22,152,凱基-中壢,2024-07-18,9285
00878,國泰永續高股息,133,8,125,凱基-中壢,2024-07-18,9285
0056,元大高股息,111,9,102,凱基-中壢,2024-07-18,9285
2317,鴻海,132,32,100,凱基-中壢,2024-07-18,9285
6770,力積電,92,2,90,凱基-中壢,2024-07-18,9285
2356,英業達,90,3,87,凱基-中壢,2024-07-18,9285
2610,華航,94,9,85,凱基-中壢,2024-07-18,9285
2489,瑞軒,97,15,82,凱基-中壢,2024-07-18,9285
1416,廣豐,77,2,75,凱基-中壢,2024-07-18,9285
2888,新光金,129,62,67,凱基-中壢,2024-07-18,9285
5608,四維航,60,2,58,凱基-中壢,2024-07-18,9285
3037,欣興,86,29,57,凱基-中壢,2024-07-18,9285
00934,中信成長高股息,69,17,52,凱基-中壢,2024-07-18,9285
00665L,富邦�琤肭磪囓�2,65,15,50,凱基-中壢,2024-07-18,9285
00881,國泰台灣5G+,59,13,46,凱基-中壢,2024-07-18,9285
2330,台積電,64,20,44,凱基-中壢,2024-07-18,9285
2354,鴻準,52,9,43,凱基-中壢,2024-07-18,9285
8105,凌巨,96,53,43,凱基-中壢,2024-07-18,9285
6757,台灣虎航,35,0,35,凱基-中壢,2024-07-18,9285
00950B,凱基A級公司債,35,0,35,凱基-中壢,2024-07-18,9285
2618,長榮航,43,9,34,凱基-中壢,2024-07-18,9285
3581,博磊,40,6,34,凱基-中壢,2024-07-18,9285
9105,泰金寶-DR,41,7,34,凱基-中壢,2024-07-18,9285
00918,大華優利高填息30,41,10,31,凱基-中壢,2024-07-18,9285
3231,緯創,41,10,31,凱基-中壢,2024-07-18,9285
00753L,中信中國50正2,31,0,31,凱基-中壢,2024-07-18,9285
2382,廣達,49,19,30,凱基-中壢,2024-07-18,9285
2449,京元電子,63,33,30,凱基-中壢,2024-07-18,9285
2891,中信金,30,0,30,凱基-中壢,2024-07-18,9285
00941,中信上游半導體,34,5,29,凱基-中壢,2024-07-18,9285
6570,維田,39,11,28,凱基-中壢,2024-07-18,9285
1402,遠東新,29,2,27,凱基-中壢,2024-07-18,9285
00933B,國泰10Y+金融債,27,0,27,凱基-中壢,2024-07-18,9285
9945,潤泰新,202,175,27,凱基-中壢,2024-07-18,9285
6472,保瑞,35,10,25,凱基-中壢,2024-07-18,9285
2025,千興,25,0,25,凱基-中壢,2024-07-18,9285
00669R,國泰美國道瓊反1,25,0,25,凱基-中壢,2024-07-18,9285
00680L,元大美債20正2,28,4,24,凱基-中壢,2024-07-18,9285
2444,兆勁,31,7,24,凱基-中壢,2024-07-18,9285
1301,台塑,35,11,24,凱基-中壢,2024-07-18,9285
3189,景碩,61,37,24,凱基-中壢,2024-07-18,9285
1802,台玻,26,3,23,凱基-中壢,2024-07-18,9285
00632R,元大台灣50反1,825,404,421,凱基-中壢,2024-07-19,9285
2419,仲琦,274,57,217,凱基-中壢,2024-07-19,9285
00650L,復華香港正2,209,0,209,凱基-中壢,2024-07-19,9285
00929,復華台灣科技優息,371,222,149,凱基-中壢,2024-07-19,9285
00919,群益台灣精選高息,267,139,128,凱基-中壢,2024-07-19,9285
00942B,台新美A公司債20+,123,0,123,凱基-中壢,2024-07-19,9285
00665L,富邦�琤肭磪囓�2,93,0,93,凱基-中壢,2024-07-19,9285
2402,毅嘉,213,122,91,凱基-中壢,2024-07-19,9285
1802,台玻,87,0,87,凱基-中壢,2024-07-19,9285
4909,新復興,87,7,80,凱基-中壢,2024-07-19,9285
00936,台新永續高息中小,87,15,72,凱基-中壢,2024-07-19,9285
00680L,元大美債20正2,84,14,70,凱基-中壢,2024-07-19,9285
6116,彩晶,66,10,56,凱基-中壢,2024-07-19,9285
2330,台積電,104,51,53,凱基-中壢,2024-07-19,9285
5521,工信,48,0,48,凱基-中壢,2024-07-19,9285
00753L,中信中國50正2,43,0,43,凱基-中壢,2024-07-19,9285
1609,大亞,133,94,39,凱基-中壢,2024-07-19,9285
00939,統一台灣高息動能,66,28,38,凱基-中壢,2024-07-19,9285
1102,亞泥,37,0,37,凱基-中壢,2024-07-19,9285
2365,昆盈,164,129,35,凱基-中壢,2024-07-19,9285
4716,大立,45,11,34,凱基-中壢,2024-07-19,9285
2356,英業達,42,10,32,凱基-中壢,2024-07-19,9285
5512,力麒,74,42,32,凱基-中壢,2024-07-19,9285
2303,聯電,32,3,29,凱基-中壢,2024-07-19,9285
6770,力積電,29,0,29,凱基-中壢,2024-07-19,9285
2344,華邦電,30,2,28,凱基-中壢,2024-07-19,9285
00881,國泰台灣5G+,40,12,28,凱基-中壢,2024-07-19,9285
2606,裕民,32,5,27,凱基-中壢,2024-07-19,9285
3189,景碩,39,12,27,凱基-中壢,2024-07-19,9285
2615,萬海,40,14,26,凱基-中壢,2024-07-19,9285
2408,南亞科,28,2,26,凱基-中壢,2024-07-19,9285
8936,國統,60,34,26,凱基-中壢,2024-07-19,9285
2009,第一銅,26,1,25,凱基-中壢,2024-07-19,9285
4142,國光生,25,0,25,凱基-中壢,2024-07-19,9285
5531,鄉林,25,0,25,凱基-中壢,2024-07-19,9285
2834,臺企銀,31,7,24,凱基-中壢,2024-07-19,9285
00688L,國泰20年美債正2,24,0,24,凱基-中壢,2024-07-19,9285
2324,仁寶,26,2,24,凱基-中壢,2024-07-19,9285
00934,中信成長高股息,46,24,22,凱基-中壢,2024-07-19,9285
00922,國泰台灣領袖50,24,2,22,凱基-中壢,2024-07-19,9285
00905,FT臺灣Smart,22,0,22,凱基-中壢,2024-07-19,9285
6179,亞通,22,0,22,凱基-中壢,2024-07-19,9285
2354,鴻準,30,9,21,凱基-中壢,2024-07-19,9285
2610,華航,22,1,21,凱基-中壢,2024-07-19,9285
6438,迅得,21,0,21,凱基-中壢,2024-07-19,9285
6546,正基,21,0,21,凱基-中壢,2024-07-19,9285
2332,友訊,20,0,20,凱基-中壢,2024-07-19,9285
1528,恩德,20,0,20,凱基-中壢,2024-07-19,9285
1304,台聚,20,0,20,凱基-中壢,2024-07-19,9285
3037,欣興,55,35,20,凱基-中壢,2024-07-19,9285
00929,復華台灣科技優息,681,249,432,凱基-中壢,2024-07-22,9285
00671R,富邦NASDAQ反1,305,0,305,凱基-中壢,2024-07-22,9285
00919,群益台灣精選高息,337,127,210,凱基-中壢,2024-07-22,9285
00946,群益科技高息成長,165,15,150,凱基-中壢,2024-07-22,9285
3481,群創,215,92,123,凱基-中壢,2024-07-22,9285
00934,中信成長高股息,134,21,113,凱基-中壢,2024-07-22,9285
00933B,國泰10Y+金融債,136,29,107,凱基-中壢,2024-07-22,9285
2317,鴻海,188,89,99,凱基-中壢,2024-07-22,9285
00878,國泰永續高股息,172,78,94,凱基-中壢,2024-07-22,9285
0056,元大高股息,135,42,93,凱基-中壢,2024-07-22,9285
1802,台玻,89,1,88,凱基-中壢,2024-07-22,9285
00715L,期街口布蘭特正2,90,6,84,凱基-中壢,2024-07-22,9285
2312,金寶,125,50,75,凱基-中壢,2024-07-22,9285
912000,晨訊科-DR,110,35,75,凱基-中壢,2024-07-22,9285
00881,國泰台灣5G+,64,8,56,凱基-中壢,2024-07-22,9285
2303,聯電,70,17,53,凱基-中壢,2024-07-22,9285
4716,大立,51,0,51,凱基-中壢,2024-07-22,9285
00940,元大台灣價值高息,278,231,47,凱基-中壢,2024-07-22,9285
2330,台積電,74,32,42,凱基-中壢,2024-07-22,9285
2344,華邦電,41,5,36,凱基-中壢,2024-07-22,9285
1584,精剛,35,1,34,凱基-中壢,2024-07-22,9285
5443,均豪,116,83,33,凱基-中壢,2024-07-22,9285
5512,力麒,95,64,31,凱基-中壢,2024-07-22,9285
4566,時碩工業,50,19,31,凱基-中壢,2024-07-22,9285
6143,振曜,30,0,30,凱基-中壢,2024-07-22,9285
2610,華航,41,14,27,凱基-中壢,2024-07-22,9285
00680L,元大美債20正2,26,0,26,凱基-中壢,2024-07-22,9285
2356,英業達,42,17,25,凱基-中壢,2024-07-22,9285
00935,野村臺灣新科技50,24,1,23,凱基-中壢,2024-07-22,9285
2867,三商壽,25,2,23,凱基-中壢,2024-07-22,9285
00922,國泰台灣領袖50,28,5,23,凱基-中壢,2024-07-22,9285
2405,輔信,29,6,23,凱基-中壢,2024-07-22,9285
00712,復華富時不動產,62,40,22,凱基-中壢,2024-07-22,9285
3715,定穎投控,37,15,22,凱基-中壢,2024-07-22,9285
1416,廣豐,20,0,20,凱基-中壢,2024-07-22,9285
1605,華新,24,4,20,凱基-中壢,2024-07-22,9285
2025,千興,25,5,20,凱基-中壢,2024-07-22,9285
3689,湧德,31,11,20,凱基-中壢,2024-07-22,9285
2615,萬海,29,9,20,凱基-中壢,2024-07-22,9285
8473,山林水,48,28,20,凱基-中壢,2024-07-22,9285
8440,綠電,23,3,20,凱基-中壢,2024-07-22,9285
2399,映泰,20,1,19,凱基-中壢,2024-07-22,9285
3090,日電貿,17,0,17,凱基-中壢,2024-07-22,9285
3312,弘憶股,31,15,16,凱基-中壢,2024-07-22,9285
1314,中石化,16,0,16,凱基-中壢,2024-07-22,9285
3037,欣興,31,15,16,凱基-中壢,2024-07-22,9285
00939,統一台灣高息動能,63,47,16,凱基-中壢,2024-07-22,9285
00923,群益台ESG低碳50,31,16,15,凱基-中壢,2024-07-22,9285
2498,宏達電,15,0,15,凱基-中壢,2024-07-22,9285
00637L,元大滬深300正2,27,12,15,凱基-中壢,2024-07-22,9285
00929,復華台灣科技優息,409,131,278,凱基-中壢,2024-07-23,9285
2838,聯邦銀,200,0,200,凱基-中壢,2024-07-23,9285
6016,康和證,150,0,150,凱基-中壢,2024-07-23,9285
00937B,群益ESG投等債20,113,5,108,凱基-中壢,2024-07-23,9285
00934,中信成長高股息,84,3,81,凱基-中壢,2024-07-23,9285
00878,國泰永續高股息,94,23,71,凱基-中壢,2024-07-23,9285
00940,元大台灣價值高息,116,52,64,凱基-中壢,2024-07-23,9285
2812,台中銀,64,0,64,凱基-中壢,2024-07-23,9285
00688L,國泰20年美債正2,61,0,61,凱基-中壢,2024-07-23,9285
2002,中鋼,62,5,57,凱基-中壢,2024-07-23,9285
0056,元大高股息,55,1,54,凱基-中壢,2024-07-23,9285
3481,群創,258,207,51,凱基-中壢,2024-07-23,9285
00651R,復華香港反1,50,0,50,凱基-中壢,2024-07-23,9285
2409,友達,74,27,47,凱基-中壢,2024-07-23,9285
2524,京城,51,5,46,凱基-中壢,2024-07-23,9285
3189,景碩,66,22,44,凱基-中壢,2024-07-23,9285
2537,聯上發,48,5,43,凱基-中壢,2024-07-23,9285
00751B,元大AAA至A公司債,51,8,43,凱基-中壢,2024-07-23,9285
3163,波若威,58,18,40,凱基-中壢,2024-07-23,9285
2489,瑞軒,51,12,39,凱基-中壢,2024-07-23,9285
3037,欣興,66,29,37,凱基-中壢,2024-07-23,9285
00679B,元大美債20年,52,16,36,凱基-中壢,2024-07-23,9285
2317,鴻海,89,54,35,凱基-中壢,2024-07-23,9285
00715L,期街口布蘭特正2,32,0,32,凱基-中壢,2024-07-23,9285
2887,台新金,36,4,32,凱基-中壢,2024-07-23,9285
6116,彩晶,32,0,32,凱基-中壢,2024-07-23,9285
00933B,國泰10Y+金融債,31,0,31,凱基-中壢,2024-07-23,9285
00942B,台新美A公司債20+,39,10,29,凱基-中壢,2024-07-23,9285
6213,聯茂,32,3,29,凱基-中壢,2024-07-23,9285
2356,英業達,42,14,28,凱基-中壢,2024-07-23,9285
1314,中石化,26,0,26,凱基-中壢,2024-07-23,9285
3686,達能,43,18,25,凱基-中壢,2024-07-23,9285
3048,益登,48,23,25,凱基-中壢,2024-07-23,9285
1301,台塑,27,2,25,凱基-中壢,2024-07-23,9285
9105,泰金寶-DR,24,1,23,凱基-中壢,2024-07-23,9285
3580,友威科,53,30,23,凱基-中壢,2024-07-23,9285
2883,凱基金,30,7,23,凱基-中壢,2024-07-23,9285
00945B,凱基美國非投等債,21,0,21,凱基-中壢,2024-07-23,9285
5309,系統電,25,4,21,凱基-中壢,2024-07-23,9285
2464,盟立,36,16,20,凱基-中壢,2024-07-23,9285
3673,TPK-KY,20,0,20,凱基-中壢,2024-07-23,9285
2867,三商壽,21,2,19,凱基-中壢,2024-07-23,9285
00936,台新永續高息中小,19,0,19,凱基-中壢,2024-07-23,9285
00713,元大台灣高息低波,18,0,18,凱基-中壢,2024-07-23,9285
2102,泰豐,18,0,18,凱基-中壢,2024-07-23,9285
3231,緯創,41,23,18,凱基-中壢,2024-07-23,9285
6770,力積電,17,0,17,凱基-中壢,2024-07-23,9285
2330,台積電,37,20,17,凱基-中壢,2024-07-23,9285
2609,陽明,28,12,16,凱基-中壢,2024-07-23,9285
2344,華邦電,18,2,16,凱基-中壢,2024-07-23,9285
00929,復華台灣科技優息,312,34,278,凱基-中壢,2024-07-26,9285
00878,國泰永續高股息,224,35,189,凱基-中壢,2024-07-26,9285
00919,群益台灣精選高息,196,37,159,凱基-中壢,2024-07-26,9285
00650L,復華香港正2,152,3,149,凱基-中壢,2024-07-26,9285
00719B,元大美債1-3,134,0,134,凱基-中壢,2024-07-26,9285
0056,元大高股息,136,8,128,凱基-中壢,2024-07-26,9285
00937B,群益ESG投等債20,252,126,126,凱基-中壢,2024-07-26,9285
00946,群益科技高息成長,159,34,125,凱基-中壢,2024-07-26,9285
2915,潤泰全,119,10,109,凱基-中壢,2024-07-26,9285
2317,鴻海,140,36,104,凱基-中壢,2024-07-26,9285
00942B,台新美A公司債20+,109,17,92,凱基-中壢,2024-07-26,9285
00934,中信成長高股息,110,20,90,凱基-中壢,2024-07-26,9285
00948B,中信優息投資級債,91,5,86,凱基-中壢,2024-07-26,9285
00904,新光臺灣半導體30,85,0,85,凱基-中壢,2024-07-26,9285
2888,新光金,94,11,83,凱基-中壢,2024-07-26,9285
2330,台積電,95,20,75,凱基-中壢,2024-07-26,9285
00882,中信中國高股息,89,15,74,凱基-中壢,2024-07-26,9285
00637L,元大滬深300正2,66,0,66,凱基-中壢,2024-07-26,9285
2303,聯電,77,12,65,凱基-中壢,2024-07-26,9285
2002,中鋼,64,2,62,凱基-中壢,2024-07-26,9285
2834,臺企銀,89,29,60,凱基-中壢,2024-07-26,9285
00712,復華富時不動產,172,118,54,凱基-中壢,2024-07-26,9285
00687B,國泰20年美債,104,52,52,凱基-中壢,2024-07-26,9285
1540,喬福,72,23,49,凱基-中壢,2024-07-26,9285
2867,三商壽,48,1,47,凱基-中壢,2024-07-26,9285
00918,大華優利高填息30,71,27,44,凱基-中壢,2024-07-26,9285
3231,緯創,65,21,44,凱基-中壢,2024-07-26,9285
2349,錸德,51,14,37,凱基-中壢,2024-07-26,9285
00935,野村臺灣新科技50,36,0,36,凱基-中壢,2024-07-26,9285
2409,友達,68,33,35,凱基-中壢,2024-07-26,9285
3711,日月光投控,35,0,35,凱基-中壢,2024-07-26,9285
2408,南亞科,34,2,32,凱基-中壢,2024-07-26,9285
00936,台新永續高息中小,32,0,32,凱基-中壢,2024-07-26,9285
2356,英業達,36,4,32,凱基-中壢,2024-07-26,9285
6116,彩晶,31,0,31,凱基-中壢,2024-07-26,9285
00927,群益半導體收益,31,0,31,凱基-中壢,2024-07-26,9285
2352,佳世達,43,12,31,凱基-中壢,2024-07-26,9285
1909,榮成,30,0,30,凱基-中壢,2024-07-26,9285
00753L,中信中國50正2,30,0,30,凱基-中壢,2024-07-26,9285
00655L,國泰中國A50正2,28,0,28,凱基-中壢,2024-07-26,9285
2382,廣達,31,3,28,凱基-中壢,2024-07-26,9285
00941,中信上游半導體,27,0,27,凱基-中壢,2024-07-26,9285
3024,憶聲,27,0,27,凱基-中壢,2024-07-26,9285
00939,統一台灣高息動能,29,2,27,凱基-中壢,2024-07-26,9285
1584,精剛,26,0,26,凱基-中壢,2024-07-26,9285
00915,凱基優選高股息30,30,4,26,凱基-中壢,2024-07-26,9285
2206,三陽工業,26,0,26,凱基-中壢,2024-07-26,9285
2884,玉山金,49,24,25,凱基-中壢,2024-07-26,9285
00665L,富邦�琤肭磪囓�2,25,0,25,凱基-中壢,2024-07-26,9285
3013,晟銘電,40,17,23,凱基-中壢,2024-07-26,9285
00632R,元大台灣50反1,361,20,341,凱基-中壢,2024-07-29,9285
00937B,群益ESG投等債20,341,25,316,凱基-中壢,2024-07-29,9285
00940,元大台灣價值高息,355,52,303,凱基-中壢,2024-07-29,9285
3481,群創,333,59,274,凱基-中壢,2024-07-29,9285
00929,復華台灣科技優息,344,79,265,凱基-中壢,2024-07-29,9285
00878,國泰永續高股息,211,18,193,凱基-中壢,2024-07-29,9285
1416,廣豐,150,0,150,凱基-中壢,2024-07-29,9285
00919,群益台灣精選高息,229,97,132,凱基-中壢,2024-07-29,9285
4909,新復興,112,4,108,凱基-中壢,2024-07-29,9285
00934,中信成長高股息,96,0,96,凱基-中壢,2024-07-29,9285
00715L,期街口布蘭特正2,92,0,92,凱基-中壢,2024-07-29,9285
0056,元大高股息,100,13,87,凱基-中壢,2024-07-29,9285
2486,一詮,83,5,78,凱基-中壢,2024-07-29,9285
9945,潤泰新,90,24,66,凱基-中壢,2024-07-29,9285
00687B,國泰20年美債,61,0,61,凱基-中壢,2024-07-29,9285
00918,大華優利高填息30,76,20,56,凱基-中壢,2024-07-29,9285
3037,欣興,59,6,53,凱基-中壢,2024-07-29,9285
00946,群益科技高息成長,53,0,53,凱基-中壢,2024-07-29,9285
00902,中信電池及儲能,50,0,50,凱基-中壢,2024-07-29,9285
00942B,台新美A公司債20+,63,14,49,凱基-中壢,2024-07-29,9285
2352,佳世達,51,4,47,凱基-中壢,2024-07-29,9285
2884,玉山金,59,14,45,凱基-中壢,2024-07-29,9285
2363,矽統,76,32,44,凱基-中壢,2024-07-29,9285
00719B,元大美債1-3,44,0,44,凱基-中壢,2024-07-29,9285
00680L,元大美債20正2,43,0,43,凱基-中壢,2024-07-29,9285
2547,日勝生,43,0,43,凱基-中壢,2024-07-29,9285
912000,晨訊科-DR,41,1,40,凱基-中壢,2024-07-29,9285
2515,中工,76,39,37,凱基-中壢,2024-07-29,9285
1314,中石化,58,25,33,凱基-中壢,2024-07-29,9285
6116,彩晶,40,10,30,凱基-中壢,2024-07-29,9285
00679B,元大美債20年,54,24,30,凱基-中壢,2024-07-29,9285
00936,台新永續高息中小,29,1,28,凱基-中壢,2024-07-29,9285
2365,昆盈,68,40,28,凱基-中壢,2024-07-29,9285
00951,台新日本半導體,26,0,26,凱基-中壢,2024-07-29,9285
3324,雙鴻,25,1,24,凱基-中壢,2024-07-29,9285
1609,大亞,57,33,24,凱基-中壢,2024-07-29,9285
1717,長興,24,0,24,凱基-中壢,2024-07-29,9285
2405,輔信,33,10,23,凱基-中壢,2024-07-29,9285
00947,台新臺灣IC設計,22,0,22,凱基-中壢,2024-07-29,9285
3231,緯創,44,23,21,凱基-中壢,2024-07-29,9285
00891,中信關鍵半導體,21,0,21,凱基-中壢,2024-07-29,9285
8064,東捷,33,12,21,凱基-中壢,2024-07-29,9285
3052,夆典,20,0,20,凱基-中壢,2024-07-29,9285
00651R,復華香港反1,20,0,20,凱基-中壢,2024-07-29,9285
4714,永捷,20,0,20,凱基-中壢,2024-07-29,9285
00639,富邦深100,20,0,20,凱基-中壢,2024-07-29,9285
2356,英業達,49,30,19,凱基-中壢,2024-07-29,9285
6274,台燿,18,0,18,凱基-中壢,2024-07-29,9285
2313,華通,25,7,18,凱基-中壢,2024-07-29,9285
2883,凱基金,31,13,18,凱基-中壢,2024-07-29,9285
00937B,群益ESG投等債20,316,25,291,凱基-中壢,2024-07-30,9285
00715L,期街口布蘭特正2,269,0,269,凱基-中壢,2024-07-30,9285
00929,復華台灣科技優息,381,145,236,凱基-中壢,2024-07-30,9285
00878,國泰永續高股息,183,11,172,凱基-中壢,2024-07-30,9285
00940,元大台灣價值高息,427,262,165,凱基-中壢,2024-07-30,9285
00650L,復華香港正2,151,0,151,凱基-中壢,2024-07-30,9285
00637L,元大滬深300正2,150,0,150,凱基-中壢,2024-07-30,9285
2349,錸德,154,73,81,凱基-中壢,2024-07-30,9285
0056,元大高股息,84,18,66,凱基-中壢,2024-07-30,9285
00676R,富邦臺灣加權反1,120,55,65,凱基-中壢,2024-07-30,9285
00942B,台新美A公司債20+,63,0,63,凱基-中壢,2024-07-30,9285
00939,統一台灣高息動能,75,18,57,凱基-中壢,2024-07-30,9285
2891,中信金,49,1,48,凱基-中壢,2024-07-30,9285
2303,聯電,50,3,47,凱基-中壢,2024-07-30,9285
00946,群益科技高息成長,50,6,44,凱基-中壢,2024-07-30,9285
3189,景碩,66,23,43,凱基-中壢,2024-07-30,9285
8374,羅昇,45,2,43,凱基-中壢,2024-07-30,9285
2520,冠德,42,3,39,凱基-中壢,2024-07-30,9285
3548,兆利,34,3,31,凱基-中壢,2024-07-30,9285
2002,中鋼,31,0,31,凱基-中壢,2024-07-30,9285
4123,晟德,30,0,30,凱基-中壢,2024-07-30,9285
2365,昆盈,92,63,29,凱基-中壢,2024-07-30,9285
00680L,元大美債20正2,29,0,29,凱基-中壢,2024-07-30,9285
2884,玉山金,34,5,29,凱基-中壢,2024-07-30,9285
00947,台新臺灣IC設計,27,0,27,凱基-中壢,2024-07-30,9285
00936,台新永續高息中小,52,25,27,凱基-中壢,2024-07-30,9285
2610,華航,36,10,26,凱基-中壢,2024-07-30,9285
4532,瑞智,26,0,26,凱基-中壢,2024-07-30,9285
6116,彩晶,25,0,25,凱基-中壢,2024-07-30,9285
00881,國泰台灣5G+,24,0,24,凱基-中壢,2024-07-30,9285
3321,同泰,24,0,24,凱基-中壢,2024-07-30,9285
2883,凱基金,60,36,24,凱基-中壢,2024-07-30,9285
2476,鉅祥,25,2,23,凱基-中壢,2024-07-30,9285
1303,南亞,25,3,22,凱基-中壢,2024-07-30,9285
00934,中信成長高股息,79,57,22,凱基-中壢,2024-07-30,9285
2312,金寶,239,217,22,凱基-中壢,2024-07-30,9285
00679B,元大美債20年,39,17,22,凱基-中壢,2024-07-30,9285
00919,群益台灣精選高息,74,52,22,凱基-中壢,2024-07-30,9285
00918,大華優利高填息30,22,1,21,凱基-中壢,2024-07-30,9285
2382,廣達,35,14,21,凱基-中壢,2024-07-30,9285
8926,台汽電,29,9,20,凱基-中壢,2024-07-30,9285
8473,山林水,20,0,20,凱基-中壢,2024-07-30,9285
2838,聯邦銀,20,0,20,凱基-中壢,2024-07-30,9285
2363,矽統,30,11,19,凱基-中壢,2024-07-30,9285
2356,英業達,26,8,18,凱基-中壢,2024-07-30,9285
00882,中信中國高股息,18,0,18,凱基-中壢,2024-07-30,9285
1449,佳和,27,11,16,凱基-中壢,2024-07-30,9285
4714,永捷,16,0,16,凱基-中壢,2024-07-30,9285
00713,元大台灣高息低波,21,5,16,凱基-中壢,2024-07-30,9285
2337,旺宏,21,6,15,凱基-中壢,2024-07-30,9285
00715L,期街口布蘭特正2,220,40,180,凱基-中壢,2024-07-31,9285
00929,復華台灣科技優息,296,120,176,凱基-中壢,2024-07-31,9285
00948B,中信優息投資級債,140,0,140,凱基-中壢,2024-07-31,9285
3047,訊舟,224,100,124,凱基-中壢,2024-07-31,9285
00632R,元大台灣50反1,141,31,110,凱基-中壢,2024-07-31,9285
3481,群創,278,180,98,凱基-中壢,2024-07-31,9285
00878,國泰永續高股息,122,32,90,凱基-中壢,2024-07-31,9285
00687B,國泰20年美債,110,24,86,凱基-中壢,2024-07-31,9285
00937B,群益ESG投等債20,94,17,77,凱基-中壢,2024-07-31,9285
00679B,元大美債20年,76,9,67,凱基-中壢,2024-07-31,9285
00680L,元大美債20正2,63,0,63,凱基-中壢,2024-07-31,9285
00940,元大台灣價值高息,113,58,55,凱基-中壢,2024-07-31,9285
2884,玉山金,51,0,51,凱基-中壢,2024-07-31,9285
3548,兆利,50,0,50,凱基-中壢,2024-07-31,9285
4510,高鋒,56,8,48,凱基-中壢,2024-07-31,9285
00942B,台新美A公司債20+,40,0,40,凱基-中壢,2024-07-31,9285
2405,輔信,43,3,40,凱基-中壢,2024-07-31,9285
3105,穩懋,41,3,38,凱基-中壢,2024-07-31,9285
2489,瑞軒,42,5,37,凱基-中壢,2024-07-31,9285
00934,中信成長高股息,87,53,34,凱基-中壢,2024-07-31,9285
2845,遠東銀,33,0,33,凱基-中壢,2024-07-31,9285
2062,橋椿,38,7,31,凱基-中壢,2024-07-31,9285
9958,世紀鋼,31,2,29,凱基-中壢,2024-07-31,9285
00922,國泰台灣領袖50,29,1,28,凱基-中壢,2024-07-31,9285
00923,群益台ESG低碳50,28,0,28,凱基-中壢,2024-07-31,9285
9103,美德醫療-DR,27,0,27,凱基-中壢,2024-07-31,9285
3580,友威科,66,40,26,凱基-中壢,2024-07-31,9285
8440,綠電,31,5,26,凱基-中壢,2024-07-31,9285
0056,元大高股息,38,13,25,凱基-中壢,2024-07-31,9285
3037,欣興,35,11,24,凱基-中壢,2024-07-31,9285
00919,群益台灣精選高息,101,78,23,凱基-中壢,2024-07-31,9285
1453,大將,33,11,22,凱基-中壢,2024-07-31,9285
00881,國泰台灣5G+,22,1,21,凱基-中壢,2024-07-31,9285
2409,友達,27,6,21,凱基-中壢,2024-07-31,9285
3167,大量,35,15,20,凱基-中壢,2024-07-31,9285
1210,大成,20,0,20,凱基-中壢,2024-07-31,9285
5515,建國,31,12,19,凱基-中壢,2024-07-31,9285
2543,皇昌,26,7,19,凱基-中壢,2024-07-31,9285
3321,同泰,19,0,19,凱基-中壢,2024-07-31,9285
00951,台新日本半導體,19,1,18,凱基-中壢,2024-07-31,9285
2349,錸德,101,83,18,凱基-中壢,2024-07-31,9285
3702,大聯大,18,1,17,凱基-中壢,2024-07-31,9285
4526,東台,19,2,17,凱基-中壢,2024-07-31,9285
1742,台蠟,17,0,17,凱基-中壢,2024-07-31,9285
00669R,國泰美國道瓊反1,16,0,16,凱基-中壢,2024-07-31,9285
6179,亞通,16,0,16,凱基-中壢,2024-07-31,9285
3231,緯創,35,20,15,凱基-中壢,2024-07-31,9285
4545,銘鈺,16,1,15,凱基-中壢,2024-07-31,9285
5608,四維航,15,0,15,凱基-中壢,2024-07-31,9285
00706L,期元大S＆P日圓正2,15,0,15,凱基-中壢,2024-07-31,9285
00882,中信中國高股息,405,5,400,凱基-中壢,2024-08-01,9285
00878,國泰永續高股息,266,15,251,凱基-中壢,2024-08-01,9285
00680L,元大美債20正2,141,43,98,凱基-中壢,2024-08-01,9285
00942B,台新美A公司債20+,86,0,86,凱基-中壢,2024-08-01,9285
1314,中石化,110,24,86,凱基-中壢,2024-08-01,9285
00637L,元大滬深300正2,77,0,77,凱基-中壢,2024-08-01,9285
2405,輔信,84,13,71,凱基-中壢,2024-08-01,9285
00937B,群益ESG投等債20,159,105,54,凱基-中壢,2024-08-01,9285
6187,萬潤,53,5,48,凱基-中壢,2024-08-01,9285
2504,國產,49,5,44,凱基-中壢,2024-08-01,9285
6116,彩晶,44,0,44,凱基-中壢,2024-08-01,9285
3047,訊舟,154,115,39,凱基-中壢,2024-08-01,9285
00712,復華富時不動產,54,17,37,凱基-中壢,2024-08-01,9285
00923,群益台ESG低碳50,36,1,35,凱基-中壢,2024-08-01,9285
1536,和大,46,13,33,凱基-中壢,2024-08-01,9285
2495,普安,32,1,31,凱基-中壢,2024-08-01,9285
2527,宏璟,89,60,29,凱基-中壢,2024-08-01,9285
00934,中信成長高股息,39,12,27,凱基-中壢,2024-08-01,9285
00679B,元大美債20年,41,16,25,凱基-中壢,2024-08-01,9285
3312,弘憶股,27,2,25,凱基-中壢,2024-08-01,9285
3663,鑫科,64,40,24,凱基-中壢,2024-08-01,9285
2884,玉山金,24,0,24,凱基-中壢,2024-08-01,9285
00795B,中信美國公債20年,24,0,24,凱基-中壢,2024-08-01,9285
2313,華通,36,14,22,凱基-中壢,2024-08-01,9285
2467,志聖,22,1,21,凱基-中壢,2024-08-01,9285
2890,永豐金,22,1,21,凱基-中壢,2024-08-01,9285
2816,旺旺保,20,0,20,凱基-中壢,2024-08-01,9285
00642U,期元大S＆P石油,20,0,20,凱基-中壢,2024-08-01,9285
00665L,富邦�琤肭磪囓�2,20,0,20,凱基-中壢,2024-08-01,9285
2888,新光金,43,23,20,凱基-中壢,2024-08-01,9285
1742,台蠟,20,0,20,凱基-中壢,2024-08-01,9285
1216,統一,20,0,20,凱基-中壢,2024-08-01,9285
6239,力成,20,1,19,凱基-中壢,2024-08-01,9285
1321,大洋,19,0,19,凱基-中壢,2024-08-01,9285
00891,中信關鍵半導體,25,6,19,凱基-中壢,2024-08-01,9285
2408,南亞科,19,1,18,凱基-中壢,2024-08-01,9285
5434,崇越,18,0,18,凱基-中壢,2024-08-01,9285
1722,台肥,18,0,18,凱基-中壢,2024-08-01,9285
3535,晶彩科,61,43,18,凱基-中壢,2024-08-01,9285
2489,瑞軒,46,29,17,凱基-中壢,2024-08-01,9285
2402,毅嘉,22,5,17,凱基-中壢,2024-08-01,9285
8028,昇陽半導體,24,7,17,凱基-中壢,2024-08-01,9285
3105,穩懋,20,4,16,凱基-中壢,2024-08-01,9285
2596,綠意,24,8,16,凱基-中壢,2024-08-01,9285
5465,富驊,15,0,15,凱基-中壢,2024-08-01,9285
2442,新美齊,16,1,15,凱基-中壢,2024-08-01,9285
2419,仲琦,18,3,15,凱基-中壢,2024-08-01,9285
00881,國泰台灣5G+,33,19,14,凱基-中壢,2024-08-01,9285
5519,隆大,18,4,14,凱基-中壢,2024-08-01,9285
1569,濱川,17,4,13,凱基-中壢,2024-08-01,9285
00929,復華台灣科技優息,507,94,413,凱基-中壢,2024-08-02,9285
00650L,復華香港正2,382,5,377,凱基-中壢,2024-08-02,9285
00878,國泰永續高股息,384,34,350,凱基-中壢,2024-08-02,9285
00687B,國泰20年美債,369,42,327,凱基-中壢,2024-08-02,9285
00937B,群益ESG投等債20,457,138,319,凱基-中壢,2024-08-02,9285
00940,元大台灣價值高息,435,141,294,凱基-中壢,2024-08-02,9285
00637L,元大滬深300正2,294,0,294,凱基-中壢,2024-08-02,9285
00919,群益台灣精選高息,271,25,246,凱基-中壢,2024-08-02,9285
00881,國泰台灣5G+,136,0,136,凱基-中壢,2024-08-02,9285
0056,元大高股息,139,4,135,凱基-中壢,2024-08-02,9285
00951,台新日本半導體,132,0,132,凱基-中壢,2024-08-02,9285
00949,復華日本龍頭,132,0,132,凱基-中壢,2024-08-02,9285
1815,富喬,108,1,107,凱基-中壢,2024-08-02,9285
2515,中工,132,25,107,凱基-中壢,2024-08-02,9285
2887,台新金,108,6,102,凱基-中壢,2024-08-02,9285
2888,新光金,136,39,97,凱基-中壢,2024-08-02,9285
00946,群益科技高息成長,108,12,96,凱基-中壢,2024-08-02,9285
00715L,期街口布蘭特正2,93,0,93,凱基-中壢,2024-08-02,9285
3548,兆利,82,4,78,凱基-中壢,2024-08-02,9285
00945B,凱基美國非投等債,77,0,77,凱基-中壢,2024-08-02,9285
2501,國建,130,56,74,凱基-中壢,2024-08-02,9285
00918,大華優利高填息30,73,0,73,凱基-中壢,2024-08-02,9285
2317,鴻海,325,254,71,凱基-中壢,2024-08-02,9285
00664R,國泰臺灣加權反1,75,5,70,凱基-中壢,2024-08-02,9285
2891,中信金,73,5,68,凱基-中壢,2024-08-02,9285
2527,宏璟,92,26,66,凱基-中壢,2024-08-02,9285
00891,中信關鍵半導體,60,0,60,凱基-中壢,2024-08-02,9285
00936,台新永續高息中小,61,1,60,凱基-中壢,2024-08-02,9285
3037,欣興,72,14,58,凱基-中壢,2024-08-02,9285
2457,飛宏,52,2,50,凱基-中壢,2024-08-02,9285
2301,光寶科,79,32,47,凱基-中壢,2024-08-02,9285
912000,晨訊科-DR,50,10,40,凱基-中壢,2024-08-02,9285
1742,台蠟,40,0,40,凱基-中壢,2024-08-02,9285
0050,元大台灣50,40,2,38,凱基-中壢,2024-08-02,9285
00923,群益台ESG低碳50,38,0,38,凱基-中壢,2024-08-02,9285
2615,萬海,81,46,35,凱基-中壢,2024-08-02,9285
00927,群益半導體收益,35,0,35,凱基-中壢,2024-08-02,9285
00939,統一台灣高息動能,34,0,34,凱基-中壢,2024-08-02,9285
00935,野村臺灣新科技50,34,0,34,凱基-中壢,2024-08-02,9285
00905,FT臺灣Smart,33,0,33,凱基-中壢,2024-08-02,9285
00932,兆豐永續高息等權,33,0,33,凱基-中壢,2024-08-02,9285
2356,英業達,45,13,32,凱基-中壢,2024-08-02,9285
2330,台積電,82,51,31,凱基-中壢,2024-08-02,9285
8150,南茂,31,0,31,凱基-中壢,2024-08-02,9285
2382,廣達,61,31,30,凱基-中壢,2024-08-02,9285
5512,力麒,65,35,30,凱基-中壢,2024-08-02,9285
00885,富邦越南,29,0,29,凱基-中壢,2024-08-02,9285
9945,潤泰新,93,67,26,凱基-中壢,2024-08-02,9285
00894,中信小資高價30,26,0,26,凱基-中壢,2024-08-02,9285
2409,友達,25,0,25,凱基-中壢,2024-08-02,9285
00937B,群益ESG投等債20,939,262,677,凱基-中壢,2024-08-05,9285
00929,復華台灣科技優息,1184,596,588,凱基-中壢,2024-08-05,9285
00680L,元大美債20正2,602,115,487,凱基-中壢,2024-08-05,9285
00940,元大台灣價值高息,602,142,460,凱基-中壢,2024-08-05,9285
00878,國泰永續高股息,545,189,356,凱基-中壢,2024-08-05,9285
00715L,期街口布蘭特正2,323,51,272,凱基-中壢,2024-08-05,9285
2317,鴻海,313,64,249,凱基-中壢,2024-08-05,9285
00946,群益科技高息成長,259,21,238,凱基-中壢,2024-08-05,9285
00637L,元大滬深300正2,254,46,208,凱基-中壢,2024-08-05,9285
00650L,復華香港正2,281,95,186,凱基-中壢,2024-08-05,9285
2382,廣達,199,31,168,凱基-中壢,2024-08-05,9285
00907,永豐優息存股,150,0,150,凱基-中壢,2024-08-05,9285
2312,金寶,189,39,150,凱基-中壢,2024-08-05,9285
00939,統一台灣高息動能,149,4,145,凱基-中壢,2024-08-05,9285
00948B,中信優息投資級債,143,4,139,凱基-中壢,2024-08-05,9285
2409,友達,160,34,126,凱基-中壢,2024-08-05,9285
00936,台新永續高息中小,138,22,116,凱基-中壢,2024-08-05,9285
2330,台積電,193,78,115,凱基-中壢,2024-08-05,9285
00688L,國泰20年美債正2,274,163,111,凱基-中壢,2024-08-05,9285
00941,中信上游半導體,126,17,109,凱基-中壢,2024-08-05,9285
00679B,元大美債20年,201,109,92,凱基-中壢,2024-08-05,9285
1314,中石化,92,3,89,凱基-中壢,2024-08-05,9285
9951,皇田,104,16,88,凱基-中壢,2024-08-05,9285
00949,復華日本龍頭,87,3,84,凱基-中壢,2024-08-05,9285
2834,臺企銀,92,23,69,凱基-中壢,2024-08-05,9285
00706L,期元大S＆P日圓正2,121,53,68,凱基-中壢,2024-08-05,9285
0050,元大台灣50,78,13,65,凱基-中壢,2024-08-05,9285
00642U,期元大S＆P石油,60,0,60,凱基-中壢,2024-08-05,9285
00944,野村趨勢動能高息,102,43,59,凱基-中壢,2024-08-05,9285
00687B,國泰20年美債,234,179,55,凱基-中壢,2024-08-05,9285
1802,台玻,55,1,54,凱基-中壢,2024-08-05,9285
2801,彰銀,56,2,54,凱基-中壢,2024-08-05,9285
00881,國泰台灣5G+,82,30,52,凱基-中壢,2024-08-05,9285
0056,元大高股息,197,146,51,凱基-中壢,2024-08-05,9285
912000,晨訊科-DR,60,9,51,凱基-中壢,2024-08-05,9285
2527,宏璟,51,0,51,凱基-中壢,2024-08-05,9285
00654R,富邦印度反1,50,0,50,凱基-中壢,2024-08-05,9285
3548,兆利,60,11,49,凱基-中壢,2024-08-05,9285
006208,富邦台50,54,8,46,凱基-中壢,2024-08-05,9285
6770,力積電,71,26,45,凱基-中壢,2024-08-05,9285
00664R,國泰臺灣加權反1,65,21,44,凱基-中壢,2024-08-05,9285
00942B,台新美A公司債20+,44,0,44,凱基-中壢,2024-08-05,9285
2891,中信金,75,32,43,凱基-中壢,2024-08-05,9285
4532,瑞智,43,1,42,凱基-中壢,2024-08-05,9285
9105,泰金寶-DR,45,3,42,凱基-中壢,2024-08-05,9285
1231,聯華食,47,6,41,凱基-中壢,2024-08-05,9285
2882,國泰金,47,7,40,凱基-中壢,2024-08-05,9285
2324,仁寶,41,3,38,凱基-中壢,2024-08-05,9285
2390,云辰,38,0,38,凱基-中壢,2024-08-05,9285
4716,大立,52,14,38,凱基-中壢,2024-08-05,9285
00940,元大台灣價值高息,345,68,277,凱基-中壢,2024-08-06,9285
00632R,元大台灣50反1,670,445,225,凱基-中壢,2024-08-06,9285
00929,復華台灣科技優息,487,268,219,凱基-中壢,2024-08-06,9285
00946,群益科技高息成長,191,18,173,凱基-中壢,2024-08-06,9285
00878,國泰永續高股息,364,213,151,凱基-中壢,2024-08-06,9285
00902,中信電池及儲能,109,0,109,凱基-中壢,2024-08-06,9285
00937B,群益ESG投等債20,166,73,93,凱基-中壢,2024-08-06,9285
2888,新光金,88,9,79,凱基-中壢,2024-08-06,9285
9945,潤泰新,82,5,77,凱基-中壢,2024-08-06,9285
2887,台新金,119,43,76,凱基-中壢,2024-08-06,9285
2542,興富發,86,12,74,凱基-中壢,2024-08-06,9285
3037,欣興,80,23,57,凱基-中壢,2024-08-06,9285
1742,台蠟,54,0,54,凱基-中壢,2024-08-06,9285
3024,憶聲,88,35,53,凱基-中壢,2024-08-06,9285
2409,友達,70,18,52,凱基-中壢,2024-08-06,9285
00850,元大臺灣ESG永續,51,4,47,凱基-中壢,2024-08-06,9285
9105,泰金寶-DR,94,48,46,凱基-中壢,2024-08-06,9285
00650L,復華香港正2,322,276,46,凱基-中壢,2024-08-06,9285
2867,三商壽,55,10,45,凱基-中壢,2024-08-06,9285
9958,世紀鋼,44,1,43,凱基-中壢,2024-08-06,9285
3481,群創,78,36,42,凱基-中壢,2024-08-06,9285
2405,輔信,43,1,42,凱基-中壢,2024-08-06,9285
3013,晟銘電,51,12,39,凱基-中壢,2024-08-06,9285
9951,皇田,40,1,39,凱基-中壢,2024-08-06,9285
6126,信音,37,2,35,凱基-中壢,2024-08-06,9285
2365,昆盈,95,62,33,凱基-中壢,2024-08-06,9285
1815,富喬,148,115,33,凱基-中壢,2024-08-06,9285
6279,胡連,33,0,33,凱基-中壢,2024-08-06,9285
2495,普安,31,0,31,凱基-中壢,2024-08-06,9285
3686,達能,30,1,29,凱基-中壢,2024-08-06,9285
2317,鴻海,163,134,29,凱基-中壢,2024-08-06,9285
2633,台灣高鐵,28,2,26,凱基-中壢,2024-08-06,9285
00631L,元大台灣50正2,33,8,25,凱基-中壢,2024-08-06,9285
00934,中信成長高股息,32,8,24,凱基-中壢,2024-08-06,9285
6869,雲豹能源,29,5,24,凱基-中壢,2024-08-06,9285
2337,旺宏,86,63,23,凱基-中壢,2024-08-06,9285
00722B,群益投資級電信債,25,2,23,凱基-中壢,2024-08-06,9285
0050,元大台灣50,68,45,23,凱基-中壢,2024-08-06,9285
2845,遠東銀,22,0,22,凱基-中壢,2024-08-06,9285
3362,先進光,24,2,22,凱基-中壢,2024-08-06,9285
2476,鉅祥,26,5,21,凱基-中壢,2024-08-06,9285
9938,百和,20,0,20,凱基-中壢,2024-08-06,9285
006208,富邦台50,22,2,20,凱基-中壢,2024-08-06,9285
3149,正達,20,1,19,凱基-中壢,2024-08-06,9285
1540,喬福,133,114,19,凱基-中壢,2024-08-06,9285
00675L,富邦臺灣加權正2,29,10,19,凱基-中壢,2024-08-06,9285
00922,國泰台灣領袖50,19,1,18,凱基-中壢,2024-08-06,9285
2388,威盛,21,3,18,凱基-中壢,2024-08-06,9285
00795B,中信美國公債20年,21,4,17,凱基-中壢,2024-08-06,9285
6877,鏵友益,26,9,17,凱基-中壢,2024-08-06,9285
00632R,元大台灣50反1,2135,624,1511,凱基-中壢,2024-08-07,9285
00929,復華台灣科技優息,493,132,361,凱基-中壢,2024-08-07,9285
00665L,富邦�琤肭磪囓�2,350,0,350,凱基-中壢,2024-08-07,9285
00715L,期街口布蘭特正2,240,0,240,凱基-中壢,2024-08-07,9285
2312,金寶,221,16,205,凱基-中壢,2024-08-07,9285
00937B,群益ESG投等債20,326,124,202,凱基-中壢,2024-08-07,9285
00882,中信中國高股息,143,36,107,凱基-中壢,2024-08-07,9285
4909,新復興,122,23,99,凱基-中壢,2024-08-07,9285
00706L,期元大S＆P日圓正2,151,60,91,凱基-中壢,2024-08-07,9285
00878,國泰永續高股息,183,106,77,凱基-中壢,2024-08-07,9285
00676R,富邦臺灣加權反1,69,0,69,凱基-中壢,2024-08-07,9285
00919,群益台灣精選高息,96,29,67,凱基-中壢,2024-08-07,9285
2887,台新金,64,1,63,凱基-中壢,2024-08-07,9285
00942B,台新美A公司債20+,60,0,60,凱基-中壢,2024-08-07,9285
00923,群益台ESG低碳50,51,0,51,凱基-中壢,2024-08-07,9285
2409,友達,85,35,50,凱基-中壢,2024-08-07,9285
00951,台新日本半導體,49,0,49,凱基-中壢,2024-08-07,9285
2801,彰銀,54,8,46,凱基-中壢,2024-08-07,9285
00945B,凱基美國非投等債,54,10,44,凱基-中壢,2024-08-07,9285
3481,群創,50,9,41,凱基-中壢,2024-08-07,9285
2596,綠意,41,0,41,凱基-中壢,2024-08-07,9285
00669R,國泰美國道瓊反1,38,0,38,凱基-中壢,2024-08-07,9285
00915,凱基優選高股息30,35,1,34,凱基-中壢,2024-08-07,9285
00936,台新永續高息中小,63,31,32,凱基-中壢,2024-08-07,9285
9934,成霖,30,0,30,凱基-中壢,2024-08-07,9285
00900,富邦特選高股息30,32,4,28,凱基-中壢,2024-08-07,9285
2515,中工,40,12,28,凱基-中壢,2024-08-07,9285
2881,富邦金,28,0,28,凱基-中壢,2024-08-07,9285
00712,復華富時不動產,24,0,24,凱基-中壢,2024-08-07,9285
2363,矽統,31,9,22,凱基-中壢,2024-08-07,9285
2610,華航,38,17,21,凱基-中壢,2024-08-07,9285
6285,啟��,24,3,21,凱基-中壢,2024-08-07,9285
1321,大洋,20,0,20,凱基-中壢,2024-08-07,9285
4510,高鋒,44,25,19,凱基-中壢,2024-08-07,9285
00948B,中信優息投資級債,21,3,18,凱基-中壢,2024-08-07,9285
2892,第一金,18,0,18,凱基-中壢,2024-08-07,9285
2308,台達電,18,1,17,凱基-中壢,2024-08-07,9285
00655L,國泰中國A50正2,47,30,17,凱基-中壢,2024-08-07,9285
00642U,期元大S＆P石油,26,10,16,凱基-中壢,2024-08-07,9285
2349,錸德,28,12,16,凱基-中壢,2024-08-07,9285
00795B,中信美國公債20年,16,0,16,凱基-中壢,2024-08-07,9285
2891,中信金,30,15,15,凱基-中壢,2024-08-07,9285
1419,新紡,15,0,15,凱基-中壢,2024-08-07,9285
4540,全球傳動,29,15,14,凱基-中壢,2024-08-07,9285
2331,精英,14,0,14,凱基-中壢,2024-08-07,9285
6187,萬潤,15,1,14,凱基-中壢,2024-08-07,9285
00679B,元大美債20年,176,162,14,凱基-中壢,2024-08-07,9285
2615,萬海,64,51,13,凱基-中壢,2024-08-07,9285
2890,永豐金,16,3,13,凱基-中壢,2024-08-07,9285
3011,今皓,13,0,13,凱基-中壢,2024-08-07,9285
00937B,群益ESG投等債20,528,88,440,凱基-中壢,2024-08-08,9285
00929,復華台灣科技優息,361,52,309,凱基-中壢,2024-08-08,9285
2892,第一金,259,6,253,凱基-中壢,2024-08-08,9285
2887,台新金,202,1,201,凱基-中壢,2024-08-08,9285
00715L,期街口布蘭特正2,236,47,189,凱基-中壢,2024-08-08,9285
00878,國泰永續高股息,154,9,145,凱基-中壢,2024-08-08,9285
2888,新光金,120,6,114,凱基-中壢,2024-08-08,9285
3047,訊舟,125,26,99,凱基-中壢,2024-08-08,9285
2886,兆豐金,93,3,90,凱基-中壢,2024-08-08,9285
4510,高鋒,130,45,85,凱基-中壢,2024-08-08,9285
00680L,元大美債20正2,81,5,76,凱基-中壢,2024-08-08,9285
2834,臺企銀,70,1,69,凱基-中壢,2024-08-08,9285
00919,群益台灣精選高息,92,29,63,凱基-中壢,2024-08-08,9285
2317,鴻海,147,87,60,凱基-中壢,2024-08-08,9285
9103,美德醫療-DR,57,0,57,凱基-中壢,2024-08-08,9285
2356,英業達,134,84,50,凱基-中壢,2024-08-08,9285
00882,中信中國高股息,64,18,46,凱基-中壢,2024-08-08,9285
3062,建漢,47,3,44,凱基-中壢,2024-08-08,9285
4909,新復興,59,22,37,凱基-中壢,2024-08-08,9285
00915,凱基優選高股息30,34,1,33,凱基-中壢,2024-08-08,9285
2610,華航,44,12,32,凱基-中壢,2024-08-08,9285
6188,廣明,37,5,32,凱基-中壢,2024-08-08,9285
00951,台新日本半導體,31,0,31,凱基-中壢,2024-08-08,9285
00896,中信綠能及電動車,30,0,30,凱基-中壢,2024-08-08,9285
1815,富喬,37,7,30,凱基-中壢,2024-08-08,9285
3481,群創,58,28,30,凱基-中壢,2024-08-08,9285
2329,華泰,40,11,29,凱基-中壢,2024-08-08,9285
2615,萬海,53,24,29,凱基-中壢,2024-08-08,9285
00712,復華富時不動產,32,4,28,凱基-中壢,2024-08-08,9285
00950B,凱基A級公司債,30,5,25,凱基-中壢,2024-08-08,9285
2609,陽明,41,16,25,凱基-中壢,2024-08-08,9285
00881,國泰台灣5G+,24,0,24,凱基-中壢,2024-08-08,9285
2330,台積電,30,6,24,凱基-中壢,2024-08-08,9285
00751B,元大AAA至A公司債,24,0,24,凱基-中壢,2024-08-08,9285
0056,元大高股息,25,3,22,凱基-中壢,2024-08-08,9285
00934,中信成長高股息,53,32,21,凱基-中壢,2024-08-08,9285
3209,全科,21,0,21,凱基-中壢,2024-08-08,9285
5443,均豪,50,29,21,凱基-中壢,2024-08-08,9285
00830,國泰費城半導體,30,10,20,凱基-中壢,2024-08-08,9285
00857B,永豐20年美公債,20,0,20,凱基-中壢,2024-08-08,9285
912000,晨訊科-DR,20,0,20,凱基-中壢,2024-08-08,9285
00673R,期元大S＆P原油反1,20,1,19,凱基-中壢,2024-08-08,9285
3390,旭軟,21,2,19,凱基-中壢,2024-08-08,9285
1522,堤維西,19,0,19,凱基-中壢,2024-08-08,9285
00942B,台新美A公司債20+,19,0,19,凱基-中壢,2024-08-08,9285
1802,台玻,18,0,18,凱基-中壢,2024-08-08,9285
2489,瑞軒,35,18,17,凱基-中壢,2024-08-08,9285
2409,友達,46,29,17,凱基-中壢,2024-08-08,9285
2324,仁寶,30,14,16,凱基-中壢,2024-08-08,9285
3356,奇偶,16,0,16,凱基-中壢,2024-08-08,9285
00937B,群益ESG投等債20,526,121,405,凱基-中壢,2024-08-09,9285
00665L,富邦�琤肭磪囓�2,350,0,350,凱基-中壢,2024-08-09,9285
6757,台灣虎航,303,6,297,凱基-中壢,2024-08-09,9285
4909,新復興,374,129,245,凱基-中壢,2024-08-09,9285
00929,復華台灣科技優息,283,63,220,凱基-中壢,2024-08-09,9285
2883,凱基金,217,54,163,凱基-中壢,2024-08-09,9285
3715,定穎投控,162,45,117,凱基-中壢,2024-08-09,9285
00948B,中信優息投資級債,120,21,99,凱基-中壢,2024-08-09,9285
00688L,國泰20年美債正2,112,20,92,凱基-中壢,2024-08-09,9285
2489,瑞軒,116,51,65,凱基-中壢,2024-08-09,9285
3044,健鼎,63,1,62,凱基-中壢,2024-08-09,9285
2353,宏��,59,1,58,凱基-中壢,2024-08-09,9285
2243,宏旭-KY,64,8,56,凱基-中壢,2024-08-09,9285
3037,欣興,59,9,50,凱基-中壢,2024-08-09,9285
00902,中信電池及儲能,50,0,50,凱基-中壢,2024-08-09,9285
00795B,中信美國公債20年,42,0,42,凱基-中壢,2024-08-09,9285
2486,一詮,48,6,42,凱基-中壢,2024-08-09,9285
6285,啟��,52,13,39,凱基-中壢,2024-08-09,9285
00857B,永豐20年美公債,35,0,35,凱基-中壢,2024-08-09,9285
00900,富邦特選高股息30,36,2,34,凱基-中壢,2024-08-09,9285
5512,力麒,40,6,34,凱基-中壢,2024-08-09,9285
2349,錸德,68,41,27,凱基-中壢,2024-08-09,9285
0056,元大高股息,38,13,25,凱基-中壢,2024-08-09,9285
3518,柏騰,25,1,24,凱基-中壢,2024-08-09,9285
2888,新光金,70,46,24,凱基-中壢,2024-08-09,9285
3535,晶彩科,28,5,23,凱基-中壢,2024-08-09,9285
00933B,國泰10Y+金融債,21,0,21,凱基-中壢,2024-08-09,9285
1439,雋揚,21,0,21,凱基-中壢,2024-08-09,9285
2392,正崴,24,3,21,凱基-中壢,2024-08-09,9285
9105,泰金寶-DR,27,6,21,凱基-中壢,2024-08-09,9285
00756B,群益投等新興公債,20,0,20,凱基-中壢,2024-08-09,9285
1806,冠軍,20,0,20,凱基-中壢,2024-08-09,9285
1528,恩德,27,7,20,凱基-中壢,2024-08-09,9285
2227,裕日車,20,0,20,凱基-中壢,2024-08-09,9285
2610,華航,44,24,20,凱基-中壢,2024-08-09,9285
6443,元晶,19,0,19,凱基-中壢,2024-08-09,9285
6603,富強鑫,29,10,19,凱基-中壢,2024-08-09,9285
5452,佶優,21,2,19,凱基-中壢,2024-08-09,9285
2603,長榮,32,13,19,凱基-中壢,2024-08-09,9285
00712,復華富時不動產,18,0,18,凱基-中壢,2024-08-09,9285
3046,建��,21,3,18,凱基-中壢,2024-08-09,9285
8105,凌巨,17,0,17,凱基-中壢,2024-08-09,9285
4534,慶騰,30,13,17,凱基-中壢,2024-08-09,9285
00885,富邦越南,16,0,16,凱基-中壢,2024-08-09,9285
6139,亞翔,17,2,15,凱基-中壢,2024-08-09,9285
00676R,富邦臺灣加權反1,20,5,15,凱基-中壢,2024-08-09,9285
8150,南茂,15,0,15,凱基-中壢,2024-08-09,9285
2530,華建,14,0,14,凱基-中壢,2024-08-09,9285
00725B,國泰投資級公司債,13,0,13,凱基-中壢,2024-08-09,9285
2352,佳世達,14,1,13,凱基-中壢,2024-08-09,9285
00650L,復華香港正2,506,0,506,凱基-中壢,2024-08-12,9285
00948B,中信優息投資級債,368,10,358,凱基-中壢,2024-08-12,9285
00679B,元大美債20年,292,3,289,凱基-中壢,2024-08-12,9285
00929,復華台灣科技優息,306,153,153,凱基-中壢,2024-08-12,9285
00687B,國泰20年美債,153,2,151,凱基-中壢,2024-08-12,9285
00937B,群益ESG投等債20,300,151,149,凱基-中壢,2024-08-12,9285
1234,黑松,100,0,100,凱基-中壢,2024-08-12,9285
00632R,元大台灣50反1,439,365,74,凱基-中壢,2024-08-12,9285
4716,大立,72,8,64,凱基-中壢,2024-08-12,9285
00878,國泰永續高股息,134,74,60,凱基-中壢,2024-08-12,9285
00795B,中信美國公債20年,56,2,54,凱基-中壢,2024-08-12,9285
00688L,國泰20年美債正2,52,0,52,凱基-中壢,2024-08-12,9285
2867,三商壽,51,0,51,凱基-中壢,2024-08-12,9285
2891,中信金,48,0,48,凱基-中壢,2024-08-12,9285
5439,高技,41,0,41,凱基-中壢,2024-08-12,9285
2312,金寶,88,47,41,凱基-中壢,2024-08-12,9285
00680L,元大美債20正2,71,30,41,凱基-中壢,2024-08-12,9285
2506,太設,41,3,38,凱基-中壢,2024-08-12,9285
2367,燿華,43,6,37,凱基-中壢,2024-08-12,9285
00676R,富邦臺灣加權反1,35,0,35,凱基-中壢,2024-08-12,9285
00857B,永豐20年美公債,37,5,32,凱基-中壢,2024-08-12,9285
3710,連展投控,30,0,30,凱基-中壢,2024-08-12,9285
8049,晶采,30,0,30,凱基-中壢,2024-08-12,9285
3705,永信,30,0,30,凱基-中壢,2024-08-12,9285
00934,中信成長高股息,30,1,29,凱基-中壢,2024-08-12,9285
2464,盟立,40,13,27,凱基-中壢,2024-08-12,9285
2388,威盛,28,3,25,凱基-中壢,2024-08-12,9285
3663,鑫科,54,29,25,凱基-中壢,2024-08-12,9285
5519,隆大,26,3,23,凱基-中壢,2024-08-12,9285
00740B,富邦全球投等債,21,0,21,凱基-中壢,2024-08-12,9285
2365,昆盈,68,48,20,凱基-中壢,2024-08-12,9285
3024,憶聲,22,2,20,凱基-中壢,2024-08-12,9285
4974,亞泰,20,0,20,凱基-中壢,2024-08-12,9285
00891,中信關鍵半導體,20,0,20,凱基-中壢,2024-08-12,9285
00919,群益台灣精選高息,52,32,20,凱基-中壢,2024-08-12,9285
5452,佶優,19,0,19,凱基-中壢,2024-08-12,9285
2851,中再保,20,1,19,凱基-中壢,2024-08-12,9285
3047,訊舟,34,16,18,凱基-中壢,2024-08-12,9285
00923,群益台ESG低碳50,18,1,17,凱基-中壢,2024-08-12,9285
3017,奇鋐,60,44,16,凱基-中壢,2024-08-12,9285
4523,永彰,16,0,16,凱基-中壢,2024-08-12,9285
3374,精材,22,7,15,凱基-中壢,2024-08-12,9285
5469,瀚宇博,20,5,15,凱基-中壢,2024-08-12,9285
6425,易發,16,1,15,凱基-中壢,2024-08-12,9285
1447,力鵬,15,0,15,凱基-中壢,2024-08-12,9285
1597,直得,45,30,15,凱基-中壢,2024-08-12,9285
2882,國泰金,29,14,15,凱基-中壢,2024-08-12,9285
8916,光隆,19,5,14,凱基-中壢,2024-08-12,9285
1806,冠軍,14,0,14,凱基-中壢,2024-08-12,9285
1307,三芳,15,1,14,凱基-中壢,2024-08-12,9285
6757,台灣虎航,231,2,229,凱基-中壢,2024-08-13,9285
00632R,元大台灣50反1,412,196,216,凱基-中壢,2024-08-13,9285
00937B,群益ESG投等債20,213,0,213,凱基-中壢,2024-08-13,9285
00679B,元大美債20年,131,18,113,凱基-中壢,2024-08-13,9285
1815,富喬,113,15,98,凱基-中壢,2024-08-13,9285
00929,復華台灣科技優息,103,7,96,凱基-中壢,2024-08-13,9285
00795B,中信美國公債20年,90,1,89,凱基-中壢,2024-08-13,9285
2880,華南金,86,2,84,凱基-中壢,2024-08-13,9285
00919,群益台灣精選高息,76,16,60,凱基-中壢,2024-08-13,9285
00936,台新永續高息中小,58,0,58,凱基-中壢,2024-08-13,9285
2609,陽明,80,25,55,凱基-中壢,2024-08-13,9285
2069,運錩,53,1,52,凱基-中壢,2024-08-13,9285
3289,宜特,53,3,50,凱基-中壢,2024-08-13,9285
2886,兆豐金,41,2,39,凱基-中壢,2024-08-13,9285
3049,精金,38,0,38,凱基-中壢,2024-08-13,9285
2208,台船,66,28,38,凱基-中壢,2024-08-13,9285
00676R,富邦臺灣加權反1,37,0,37,凱基-中壢,2024-08-13,9285
2892,第一金,34,0,34,凱基-中壢,2024-08-13,9285
00712,復華富時不動產,34,0,34,凱基-中壢,2024-08-13,9285
00881,國泰台灣5G+,43,9,34,凱基-中壢,2024-08-13,9285
00948B,中信優息投資級債,35,1,34,凱基-中壢,2024-08-13,9285
2834,臺企銀,36,2,34,凱基-中壢,2024-08-13,9285
00673R,期元大S＆P原油反1,33,0,33,凱基-中壢,2024-08-13,9285
8916,光隆,33,0,33,凱基-中壢,2024-08-13,9285
2615,萬海,46,14,32,凱基-中壢,2024-08-13,9285
00931B,統一美債20年,30,0,30,凱基-中壢,2024-08-13,9285
3013,晟銘電,59,33,26,凱基-中壢,2024-08-13,9285
4576,大銀微系統,26,0,26,凱基-中壢,2024-08-13,9285
2801,彰銀,25,0,25,凱基-中壢,2024-08-13,9285
3481,群創,55,32,23,凱基-中壢,2024-08-13,9285
00878,國泰永續高股息,66,44,22,凱基-中壢,2024-08-13,9285
00902,中信電池及儲能,22,0,22,凱基-中壢,2024-08-13,9285
00934,中信成長高股息,58,38,20,凱基-中壢,2024-08-13,9285
1314,中石化,21,1,20,凱基-中壢,2024-08-13,9285
1337,再生-KY,20,0,20,凱基-中壢,2024-08-13,9285
4716,大立,30,10,20,凱基-中壢,2024-08-13,9285
1326,台化,21,1,20,凱基-中壢,2024-08-13,9285
4566,時碩工業,26,7,19,凱基-中壢,2024-08-13,9285
6207,雷科,54,35,19,凱基-中壢,2024-08-13,9285
1513,中興電,54,37,17,凱基-中壢,2024-08-13,9285
2634,漢翔,20,3,17,凱基-中壢,2024-08-13,9285
6215,和椿,42,25,17,凱基-中壢,2024-08-13,9285
3303,岱稜,25,8,17,凱基-中壢,2024-08-13,9285
00680L,元大美債20正2,16,0,16,凱基-中壢,2024-08-13,9285
3706,神達,27,12,15,凱基-中壢,2024-08-13,9285
6269,台郡,17,3,14,凱基-中壢,2024-08-13,9285
2486,一詮,16,2,14,凱基-中壢,2024-08-13,9285
3231,緯創,38,25,13,凱基-中壢,2024-08-13,9285
2365,昆盈,97,84,13,凱基-中壢,2024-08-13,9285
2002,中鋼,13,0,13,凱基-中壢,2024-08-13,9285
00937B,群益ESG投等債20,1197,8,1189,凱基-中壢,2024-08-14,9285
00687B,國泰20年美債,574,4,570,凱基-中壢,2024-08-14,9285
6757,台灣虎航,555,0,555,凱基-中壢,2024-08-14,9285
00637L,元大滬深300正2,283,0,283,凱基-中壢,2024-08-14,9285
00632R,元大台灣50反1,262,72,190,凱基-中壢,2024-08-14,9285
3062,建漢,167,15,152,凱基-中壢,2024-08-14,9285
00679B,元大美債20年,172,58,114,凱基-中壢,2024-08-14,9285
00688L,國泰20年美債正2,111,2,109,凱基-中壢,2024-08-14,9285
00795B,中信美國公債20年,105,1,104,凱基-中壢,2024-08-14,9285
1314,中石化,101,0,101,凱基-中壢,2024-08-14,9285
00945B,凱基美國非投等債,110,10,100,凱基-中壢,2024-08-14,9285
00933B,國泰10Y+金融債,92,10,82,凱基-中壢,2024-08-14,9285
00900,富邦特選高股息30,73,3,70,凱基-中壢,2024-08-14,9285
00948B,中信優息投資級債,65,0,65,凱基-中壢,2024-08-14,9285
2820,華票,50,0,50,凱基-中壢,2024-08-14,9285
2609,陽明,66,16,50,凱基-中壢,2024-08-14,9285
00878,國泰永續高股息,90,50,40,凱基-中壢,2024-08-14,9285
00882,中信中國高股息,40,0,40,凱基-中壢,2024-08-14,9285
3481,群創,110,70,40,凱基-中壢,2024-08-14,9285
8096,擎亞,103,64,39,凱基-中壢,2024-08-14,9285
3048,益登,43,7,36,凱基-中壢,2024-08-14,9285
2101,南港,36,2,34,凱基-中壢,2024-08-14,9285
6838,台新藥,30,0,30,凱基-中壢,2024-08-14,9285
00923,群益台ESG低碳50,31,1,30,凱基-中壢,2024-08-14,9285
00680L,元大美債20正2,56,28,28,凱基-中壢,2024-08-14,9285
00936,台新永續高息中小,26,0,26,凱基-中壢,2024-08-14,9285
4561,健椿,34,8,26,凱基-中壢,2024-08-14,9285
3019,亞光,46,21,25,凱基-中壢,2024-08-14,9285
00673R,期元大S＆P原油反1,25,0,25,凱基-中壢,2024-08-14,9285
3211,順達,23,0,23,凱基-中壢,2024-08-14,9285
2368,金像電,28,7,21,凱基-中壢,2024-08-14,9285
5443,均豪,74,53,21,凱基-中壢,2024-08-14,9285
00940,元大台灣價值高息,35,14,21,凱基-中壢,2024-08-14,9285
2520,冠德,28,7,21,凱基-中壢,2024-08-14,9285
4909,新復興,21,0,21,凱基-中壢,2024-08-14,9285
1532,勤美,21,0,21,凱基-中壢,2024-08-14,9285
2405,輔信,20,0,20,凱基-中壢,2024-08-14,9285
5381,合正,20,0,20,凱基-中壢,2024-08-14,9285
1582,信錦,25,5,20,凱基-中壢,2024-08-14,9285
4513,福裕,30,11,19,凱基-中壢,2024-08-14,9285
8150,南茂,22,3,19,凱基-中壢,2024-08-14,9285
3047,訊舟,32,13,19,凱基-中壢,2024-08-14,9285
2489,瑞軒,38,19,19,凱基-中壢,2024-08-14,9285
2401,凌陽,23,5,18,凱基-中壢,2024-08-14,9285
2880,華南金,51,33,18,凱基-中壢,2024-08-14,9285
6472,保瑞,17,0,17,凱基-中壢,2024-08-14,9285
00904,新光臺灣半導體30,16,0,16,凱基-中壢,2024-08-14,9285
1301,台塑,23,8,15,凱基-中壢,2024-08-14,9285
8043,蜜望實,59,44,15,凱基-中壢,2024-08-14,9285
00676R,富邦臺灣加權反1,15,0,15,凱基-中壢,2024-08-14,9285
00878,國泰永續高股息,263,38,225,凱基-中壢,2024-08-15,9285
00688L,國泰20年美債正2,238,50,188,凱基-中壢,2024-08-15,9285
00632R,元大台灣50反1,273,93,180,凱基-中壢,2024-08-15,9285
00679B,元大美債20年,189,21,168,凱基-中壢,2024-08-15,9285
00937B,群益ESG投等債20,219,72,147,凱基-中壢,2024-08-15,9285
00900,富邦特選高股息30,146,5,141,凱基-中壢,2024-08-15,9285
00929,復華台灣科技優息,184,55,129,凱基-中壢,2024-08-15,9285
00687B,國泰20年美債,130,5,125,凱基-中壢,2024-08-15,9285
00857B,永豐20年美公債,102,0,102,凱基-中壢,2024-08-15,9285
00948B,中信優息投資級債,100,0,100,凱基-中壢,2024-08-15,9285
00680L,元大美債20正2,110,36,74,凱基-中壢,2024-08-15,9285
00934,中信成長高股息,78,5,73,凱基-中壢,2024-08-15,9285
00945B,凱基美國非投等債,65,0,65,凱基-中壢,2024-08-15,9285
9955,佳龍,68,4,64,凱基-中壢,2024-08-15,9285
2317,鴻海,96,35,61,凱基-中壢,2024-08-15,9285
00931B,統一美債20年,57,7,50,凱基-中壢,2024-08-15,9285
00885,富邦越南,50,0,50,凱基-中壢,2024-08-15,9285
1314,中石化,60,10,50,凱基-中壢,2024-08-15,9285
2002,中鋼,39,1,38,凱基-中壢,2024-08-15,9285
9935,慶豐富,41,5,36,凱基-中壢,2024-08-15,9285
2103,台橡,35,0,35,凱基-中壢,2024-08-15,9285
5519,隆大,34,0,34,凱基-中壢,2024-08-15,9285
3663,鑫科,61,28,33,凱基-中壢,2024-08-15,9285
6470,宇智,33,0,33,凱基-中壢,2024-08-15,9285
3046,建��,30,0,30,凱基-中壢,2024-08-15,9285
8916,光隆,30,0,30,凱基-中壢,2024-08-15,9285
2891,中信金,29,1,28,凱基-中壢,2024-08-15,9285
2886,兆豐金,24,0,24,凱基-中壢,2024-08-15,9285
2504,國產,85,61,24,凱基-中壢,2024-08-15,9285
00715L,期街口布蘭特正2,41,17,24,凱基-中壢,2024-08-15,9285
2303,聯電,38,17,21,凱基-中壢,2024-08-15,9285
6241,易通展,21,0,21,凱基-中壢,2024-08-15,9285
2383,台光電,27,6,21,凱基-中壢,2024-08-15,9285
3062,建漢,31,10,21,凱基-中壢,2024-08-15,9285
1532,勤美,20,0,20,凱基-中壢,2024-08-15,9285
00907,永豐優息存股,20,0,20,凱基-中壢,2024-08-15,9285
5230,雷笛克光學,20,0,20,凱基-中壢,2024-08-15,9285
2892,第一金,19,0,19,凱基-中壢,2024-08-15,9285
3037,欣興,21,2,19,凱基-中壢,2024-08-15,9285
6757,台灣虎航,19,0,19,凱基-中壢,2024-08-15,9285
5876,上海商銀,20,1,19,凱基-中壢,2024-08-15,9285
2208,台船,34,15,19,凱基-中壢,2024-08-15,9285
1101,台泥,40,21,19,凱基-中壢,2024-08-15,9285
2352,佳世達,28,9,19,凱基-中壢,2024-08-15,9285
2545,皇翔,23,5,18,凱基-中壢,2024-08-15,9285
2376,技嘉,23,8,15,凱基-中壢,2024-08-15,9285
00676R,富邦臺灣加權反1,15,0,15,凱基-中壢,2024-08-15,9285
2323,中環,82,67,15,凱基-中壢,2024-08-15,9285
3217,優群,15,1,14,凱基-中壢,2024-08-15,9285
2845,遠東銀,14,0,14,凱基-中壢,2024-08-15,9285
00937B,群益ESG投等債20,327,47,280,凱基-中壢,2024-08-16,9285
00687B,國泰20年美債,299,33,266,凱基-中壢,2024-08-16,9285
2062,橋椿,231,48,183,凱基-中壢,2024-08-16,9285
2883,凱基金,209,76,133,凱基-中壢,2024-08-16,9285
00680L,元大美債20正2,127,10,117,凱基-中壢,2024-08-16,9285
8096,擎亞,213,98,115,凱基-中壢,2024-08-16,9285
1734,杏輝,100,0,100,凱基-中壢,2024-08-16,9285
00929,復華台灣科技優息,272,181,91,凱基-中壢,2024-08-16,9285
00679B,元大美債20年,108,25,83,凱基-中壢,2024-08-16,9285
5213,亞昕,82,1,81,凱基-中壢,2024-08-16,9285
00676R,富邦臺灣加權反1,60,0,60,凱基-中壢,2024-08-16,9285
2405,輔信,57,0,57,凱基-中壢,2024-08-16,9285
00665L,富邦�琤肭磪囓�2,56,0,56,凱基-中壢,2024-08-16,9285
9935,慶豐富,55,1,54,凱基-中壢,2024-08-16,9285
00688L,國泰20年美債正2,52,0,52,凱基-中壢,2024-08-16,9285
00900,富邦特選高股息30,54,4,50,凱基-中壢,2024-08-16,9285
00795B,中信美國公債20年,53,6,47,凱基-中壢,2024-08-16,9285
2610,華航,55,9,46,凱基-中壢,2024-08-16,9285
3548,兆利,46,0,46,凱基-中壢,2024-08-16,9285
6788,華景電,50,4,46,凱基-中壢,2024-08-16,9285
2323,中環,77,35,42,凱基-中壢,2024-08-16,9285
00942B,台新美A公司債20+,40,0,40,凱基-中壢,2024-08-16,9285
8021,尖點,49,10,39,凱基-中壢,2024-08-16,9285
3048,益登,56,19,37,凱基-中壢,2024-08-16,9285
2888,新光金,50,13,37,凱基-中壢,2024-08-16,9285
2002,中鋼,53,19,34,凱基-中壢,2024-08-16,9285
2834,臺企銀,32,1,31,凱基-中壢,2024-08-16,9285
8064,東捷,59,28,31,凱基-中壢,2024-08-16,9285
1731,美吾華,30,0,30,凱基-中壢,2024-08-16,9285
8916,光隆,30,0,30,凱基-中壢,2024-08-16,9285
5381,合正,30,0,30,凱基-中壢,2024-08-16,9285
8049,晶采,30,0,30,凱基-中壢,2024-08-16,9285
4564,元翎,26,0,26,凱基-中壢,2024-08-16,9285
1597,直得,48,22,26,凱基-中壢,2024-08-16,9285
3535,晶彩科,33,8,25,凱基-中壢,2024-08-16,9285
8028,昇陽半導體,34,11,23,凱基-中壢,2024-08-16,9285
2356,英業達,28,6,22,凱基-中壢,2024-08-16,9285
2467,志聖,26,4,22,凱基-中壢,2024-08-16,9285
2349,錸德,25,4,21,凱基-中壢,2024-08-16,9285
00945B,凱基美國非投等債,40,20,20,凱基-中壢,2024-08-16,9285
6120,達運,23,3,20,凱基-中壢,2024-08-16,9285
2506,太設,20,0,20,凱基-中壢,2024-08-16,9285
00830,國泰費城半導體,23,3,20,凱基-中壢,2024-08-16,9285
2615,萬海,40,21,19,凱基-中壢,2024-08-16,9285
00631L,元大台灣50正2,28,11,17,凱基-中壢,2024-08-16,9285
6215,和椿,21,4,17,凱基-中壢,2024-08-16,9285
2374,佳能,29,13,16,凱基-中壢,2024-08-16,9285
8011,台通,16,1,15,凱基-中壢,2024-08-16,9285
2603,長榮,30,15,15,凱基-中壢,2024-08-16,9285
2204,中華,15,1,14,凱基-中壢,2024-08-16,9285
00688L,國泰20年美債正2,1710,55,1655,凱基-中壢,2024-08-19,9285
6757,台灣虎航,565,13,552,凱基-中壢,2024-08-19,9285
00687B,國泰20年美債,468,3,465,凱基-中壢,2024-08-19,9285
00671R,富邦NASDAQ反1,202,0,202,凱基-中壢,2024-08-19,9285
00680L,元大美債20正2,143,0,143,凱基-中壢,2024-08-19,9285
00632R,元大台灣50反1,108,30,78,凱基-中壢,2024-08-19,9285
00679B,元大美債20年,95,19,76,凱基-中壢,2024-08-19,9285
2025,千興,72,0,72,凱基-中壢,2024-08-19,9285
00637L,元大滬深300正2,303,234,69,凱基-中壢,2024-08-19,9285
1584,精剛,67,10,57,凱基-中壢,2024-08-19,9285
3047,訊舟,208,158,50,凱基-中壢,2024-08-19,9285
2317,鴻海,86,40,46,凱基-中壢,2024-08-19,9285
8050,廣積,41,0,41,凱基-中壢,2024-08-19,9285
2062,橋椿,85,50,35,凱基-中壢,2024-08-19,9285
3231,緯創,39,4,35,凱基-中壢,2024-08-19,9285
2002,中鋼,41,7,34,凱基-中壢,2024-08-19,9285
8028,昇陽半導體,66,32,34,凱基-中壢,2024-08-19,9285
2405,輔信,44,12,32,凱基-中壢,2024-08-19,9285
00936,台新永續高息中小,31,0,31,凱基-中壢,2024-08-19,9285
2832,台產,30,0,30,凱基-中壢,2024-08-19,9285
8277,商丞,30,0,30,凱基-中壢,2024-08-19,9285
2353,宏��,33,4,29,凱基-中壢,2024-08-19,9285
00676R,富邦臺灣加權反1,28,0,28,凱基-中壢,2024-08-19,9285
00937B,群益ESG投等債20,57,30,27,凱基-中壢,2024-08-19,9285
2891,中信金,27,1,26,凱基-中壢,2024-08-19,9285
00751B,元大AAA至A公司債,26,0,26,凱基-中壢,2024-08-19,9285
00900,富邦特選高股息30,64,38,26,凱基-中壢,2024-08-19,9285
2354,鴻準,33,7,26,凱基-中壢,2024-08-19,9285
4716,大立,25,0,25,凱基-中壢,2024-08-19,9285
3645,達邁,60,35,25,凱基-中壢,2024-08-19,9285
00933B,國泰10Y+金融債,24,0,24,凱基-中壢,2024-08-19,9285
2324,仁寶,35,14,21,凱基-中壢,2024-08-19,9285
6218,豪勉,21,0,21,凱基-中壢,2024-08-19,9285
4566,時碩工業,27,6,21,凱基-中壢,2024-08-19,9285
1597,直得,29,9,20,凱基-中壢,2024-08-19,9285
1817,凱撒衛,20,0,20,凱基-中壢,2024-08-19,9285
5519,隆大,22,2,20,凱基-中壢,2024-08-19,9285
4908,前鼎,20,1,19,凱基-中壢,2024-08-19,9285
2359,所羅門,54,36,18,凱基-中壢,2024-08-19,9285
8390,金益鼎,19,2,17,凱基-中壢,2024-08-19,9285
4536,拓凱,18,1,17,凱基-中壢,2024-08-19,9285
00720B,元大投資級公司債,16,0,16,凱基-中壢,2024-08-19,9285
8916,光隆,16,0,16,凱基-中壢,2024-08-19,9285
2538,基泰,15,0,15,凱基-中壢,2024-08-19,9285
3227,原相,20,5,15,凱基-中壢,2024-08-19,9285
6154,順發,15,0,15,凱基-中壢,2024-08-19,9285
00918,大華優利高填息30,16,2,14,凱基-中壢,2024-08-19,9285
3163,波若威,23,9,14,凱基-中壢,2024-08-19,9285
3234,光環,14,0,14,凱基-中壢,2024-08-19,9285
1101,台泥,15,1,14,凱基-中壢,2024-08-19,9285
00688L,國泰20年美債正2,1695,4,1691,凱基-中壢,2024-08-20,9285
00715L,期街口布蘭特正2,538,100,438,凱基-中壢,2024-08-20,9285
00752,中信中國50,400,0,400,凱基-中壢,2024-08-20,9285
00687B,國泰20年美債,248,51,197,凱基-中壢,2024-08-20,9285
00882,中信中國高股息,179,0,179,凱基-中壢,2024-08-20,9285
2618,長榮航,202,32,170,凱基-中壢,2024-08-20,9285
6890,來億-KY,128,0,128,凱基-中壢,2024-08-20,9285
1731,美吾華,112,0,112,凱基-中壢,2024-08-20,9285
2317,鴻海,110,22,88,凱基-中壢,2024-08-20,9285
00632R,元大台灣50反1,235,160,75,凱基-中壢,2024-08-20,9285
00679B,元大美債20年,76,1,75,凱基-中壢,2024-08-20,9285
00642U,期元大S＆P石油,73,0,73,凱基-中壢,2024-08-20,9285
3062,建漢,78,7,71,凱基-中壢,2024-08-20,9285
2883,凱基金,62,6,56,凱基-中壢,2024-08-20,9285
2486,一詮,47,1,46,凱基-中壢,2024-08-20,9285
00665L,富邦�琤肭磪囓�2,42,0,42,凱基-中壢,2024-08-20,9285
2062,橋椿,59,23,36,凱基-中壢,2024-08-20,9285
2374,佳能,62,27,35,凱基-中壢,2024-08-20,9285
8050,廣積,30,0,30,凱基-中壢,2024-08-20,9285
00655L,國泰中國A50正2,30,0,30,凱基-中壢,2024-08-20,9285
00934,中信成長高股息,27,0,27,凱基-中壢,2024-08-20,9285
3289,宜特,35,9,26,凱基-中壢,2024-08-20,9285
2351,順德,61,37,24,凱基-中壢,2024-08-20,9285
00713,元大台灣高息低波,23,0,23,凱基-中壢,2024-08-20,9285
2867,三商壽,21,0,21,凱基-中壢,2024-08-20,9285
2888,新光金,231,210,21,凱基-中壢,2024-08-20,9285
4903,聯光通,22,2,20,凱基-中壢,2024-08-20,9285
5519,隆大,21,1,20,凱基-中壢,2024-08-20,9285
00857B,永豐20年美公債,26,7,19,凱基-中壢,2024-08-20,9285
0056,元大高股息,30,13,17,凱基-中壢,2024-08-20,9285
3019,亞光,37,21,16,凱基-中壢,2024-08-20,9285
00795B,中信美國公債20年,16,0,16,凱基-中壢,2024-08-20,9285
00937B,群益ESG投等債20,124,108,16,凱基-中壢,2024-08-20,9285
2417,圓剛,45,29,16,凱基-中壢,2024-08-20,9285
00929,復華台灣科技優息,165,150,15,凱基-中壢,2024-08-20,9285
00676R,富邦臺灣加權反1,15,0,15,凱基-中壢,2024-08-20,9285
8150,南茂,15,0,15,凱基-中壢,2024-08-20,9285
5351,鈺創,15,1,14,凱基-中壢,2024-08-20,9285
6125,廣運,22,8,14,凱基-中壢,2024-08-20,9285
5452,佶優,26,12,14,凱基-中壢,2024-08-20,9285
2367,燿華,27,13,14,凱基-中壢,2024-08-20,9285
5202,力新,15,1,14,凱基-中壢,2024-08-20,9285
2409,友達,27,13,14,凱基-中壢,2024-08-20,9285
5443,均豪,93,79,14,凱基-中壢,2024-08-20,9285
2476,鉅祥,24,11,13,凱基-中壢,2024-08-20,9285
8916,光隆,13,0,13,凱基-中壢,2024-08-20,9285
00940,元大台灣價值高息,45,32,13,凱基-中壢,2024-08-20,9285
3518,柏騰,12,0,12,凱基-中壢,2024-08-20,9285
3189,景碩,23,11,12,凱基-中壢,2024-08-20,9285
3234,光環,14,2,12,凱基-中壢,2024-08-20,9285
00882,中信中國高股息,767,96,671,凱基-中壢,2024-08-21,9285
00857B,永豐20年美公債,570,0,570,凱基-中壢,2024-08-21,9285
00953B,群益優選非投等債,362,0,362,凱基-中壢,2024-08-21,9285
00715L,期街口布蘭特正2,258,0,258,凱基-中壢,2024-08-21,9285
00650L,復華香港正2,185,0,185,凱基-中壢,2024-08-21,9285
2891,中信金,184,5,179,凱基-中壢,2024-08-21,9285
00680L,元大美債20正2,196,87,109,凱基-中壢,2024-08-21,9285
1785,光洋科,109,3,106,凱基-中壢,2024-08-21,9285
00919,群益台灣精選高息,107,3,104,凱基-中壢,2024-08-21,9285
00937B,群益ESG投等債20,113,18,95,凱基-中壢,2024-08-21,9285
2374,佳能,110,21,89,凱基-中壢,2024-08-21,9285
1584,精剛,64,15,49,凱基-中壢,2024-08-21,9285
6838,台新藥,45,0,45,凱基-中壢,2024-08-21,9285
8050,廣積,40,0,40,凱基-中壢,2024-08-21,9285
2504,國產,40,0,40,凱基-中壢,2024-08-21,9285
3645,達邁,102,63,39,凱基-中壢,2024-08-21,9285
00918,大華優利高填息30,39,1,38,凱基-中壢,2024-08-21,9285
00945B,凱基美國非投等債,42,5,37,凱基-中壢,2024-08-21,9285
3047,訊舟,203,169,34,凱基-中壢,2024-08-21,9285
2489,瑞軒,38,4,34,凱基-中壢,2024-08-21,9285
00795B,中信美國公債20年,36,5,31,凱基-中壢,2024-08-21,9285
00929,復華台灣科技優息,134,105,29,凱基-中壢,2024-08-21,9285
00923,群益台ESG低碳50,28,0,28,凱基-中壢,2024-08-21,9285
3548,兆利,26,0,26,凱基-中壢,2024-08-21,9285
3535,晶彩科,80,54,26,凱基-中壢,2024-08-21,9285
2317,鴻海,56,31,25,凱基-中壢,2024-08-21,9285
2363,矽統,27,3,24,凱基-中壢,2024-08-21,9285
3622,洋華,25,2,23,凱基-中壢,2024-08-21,9285
3189,景碩,32,11,21,凱基-中壢,2024-08-21,9285
2537,聯上發,22,1,21,凱基-中壢,2024-08-21,9285
00881,國泰台灣5G+,20,0,20,凱基-中壢,2024-08-21,9285
4563,百德,30,10,20,凱基-中壢,2024-08-21,9285
6770,力積電,23,4,19,凱基-中壢,2024-08-21,9285
6156,松上,34,15,19,凱基-中壢,2024-08-21,9285
6154,順發,18,0,18,凱基-中壢,2024-08-21,9285
00934,中信成長高股息,18,0,18,凱基-中壢,2024-08-21,9285
6869,雲豹能源,30,12,18,凱基-中壢,2024-08-21,9285
6133,金橋,17,0,17,凱基-中壢,2024-08-21,9285
2337,旺宏,19,2,17,凱基-中壢,2024-08-21,9285
2062,橋椿,35,20,15,凱基-中壢,2024-08-21,9285
2002,中鋼,36,21,15,凱基-中壢,2024-08-21,9285
00676R,富邦臺灣加權反1,15,0,15,凱基-中壢,2024-08-21,9285
0056,元大高股息,25,10,15,凱基-中壢,2024-08-21,9285
3035,智原,15,1,14,凱基-中壢,2024-08-21,9285
2409,友達,14,0,14,凱基-中壢,2024-08-21,9285
6570,維田,21,8,13,凱基-中壢,2024-08-21,9285
00671R,富邦NASDAQ反1,13,0,13,凱基-中壢,2024-08-21,9285
2883,凱基金,14,1,13,凱基-中壢,2024-08-21,9285
2838,聯邦銀,13,0,13,凱基-中壢,2024-08-21,9285
00927,群益半導體收益,12,0,12,凱基-中壢,2024-08-21,9285
00715L,期街口布蘭特正2,406,0,406,凱基-中壢,2024-08-22,9285
00680L,元大美債20正2,270,0,270,凱基-中壢,2024-08-22,9285
1711,永光,285,48,237,凱基-中壢,2024-08-22,9285
0056,元大高股息,116,1,115,凱基-中壢,2024-08-22,9285
8096,擎亞,155,53,102,凱基-中壢,2024-08-22,9285
2891,中信金,82,3,79,凱基-中壢,2024-08-22,9285
00937B,群益ESG投等債20,143,67,76,凱基-中壢,2024-08-22,9285
4909,新復興,168,104,64,凱基-中壢,2024-08-22,9285
2317,鴻海,86,25,61,凱基-中壢,2024-08-22,9285
00878,國泰永續高股息,61,3,58,凱基-中壢,2024-08-22,9285
4716,大立,94,43,51,凱基-中壢,2024-08-22,9285
00919,群益台灣精選高息,48,0,48,凱基-中壢,2024-08-22,9285
2618,長榮航,56,8,48,凱基-中壢,2024-08-22,9285
9907,統一實,50,3,47,凱基-中壢,2024-08-22,9285
00687B,國泰20年美債,64,18,46,凱基-中壢,2024-08-22,9285
2349,錸德,185,143,42,凱基-中壢,2024-08-22,9285
00688L,國泰20年美債正2,106,65,41,凱基-中壢,2024-08-22,9285
00857B,永豐20年美公債,39,0,39,凱基-中壢,2024-08-22,9285
00953B,群益優選非投等債,37,0,37,凱基-中壢,2024-08-22,9285
3047,訊舟,96,63,33,凱基-中壢,2024-08-22,9285
5236,凌陽創新,33,0,33,凱基-中壢,2024-08-22,9285
4303,信立,58,26,32,凱基-中壢,2024-08-22,9285
9105,泰金寶-DR,41,10,31,凱基-中壢,2024-08-22,9285
1731,美吾華,30,0,30,凱基-中壢,2024-08-22,9285
4714,永捷,48,18,30,凱基-中壢,2024-08-22,9285
8916,光隆,31,2,29,凱基-中壢,2024-08-22,9285
3518,柏騰,39,10,29,凱基-中壢,2024-08-22,9285
5443,均豪,93,66,27,凱基-中壢,2024-08-22,9285
00940,元大台灣價值高息,49,23,26,凱基-中壢,2024-08-22,9285
2890,永豐金,25,2,23,凱基-中壢,2024-08-22,9285
8043,蜜望實,48,27,21,凱基-中壢,2024-08-22,9285
2610,華航,31,10,21,凱基-中壢,2024-08-22,9285
00882,中信中國高股息,31,10,21,凱基-中壢,2024-08-22,9285
2303,聯電,30,11,19,凱基-中壢,2024-08-22,9285
00679B,元大美債20年,18,0,18,凱基-中壢,2024-08-22,9285
2302,麗正,19,1,18,凱基-中壢,2024-08-22,9285
00753L,中信中國50正2,18,0,18,凱基-中壢,2024-08-22,9285
6133,金橋,33,15,18,凱基-中壢,2024-08-22,9285
2359,所羅門,34,17,17,凱基-中壢,2024-08-22,9285
5452,佶優,24,7,17,凱基-中壢,2024-08-22,9285
8033,雷虎,26,10,16,凱基-中壢,2024-08-22,9285
2401,凌陽,16,0,16,凱基-中壢,2024-08-22,9285
00669R,國泰美國道瓊反1,16,0,16,凱基-中壢,2024-08-22,9285
6218,豪勉,15,0,15,凱基-中壢,2024-08-22,9285
912000,晨訊科-DR,20,5,15,凱基-中壢,2024-08-22,9285
4142,國光生,15,0,15,凱基-中壢,2024-08-22,9285
2881,富邦金,19,5,14,凱基-中壢,2024-08-22,9285
2062,橋椿,38,24,14,凱基-中壢,2024-08-22,9285
6274,台燿,16,3,13,凱基-中壢,2024-08-22,9285
00642U,期元大S＆P石油,13,0,13,凱基-中壢,2024-08-22,9285
00650L,復華香港正2,138,0,138,凱基-中壢,2024-08-23,9285
2349,錸德,291,154,137,凱基-中壢,2024-08-23,9285
00937B,群益ESG投等債20,136,4,132,凱基-中壢,2024-08-23,9285
2812,台中銀,121,0,121,凱基-中壢,2024-08-23,9285
00795B,中信美國公債20年,88,0,88,凱基-中壢,2024-08-23,9285
2891,中信金,97,14,83,凱基-中壢,2024-08-23,9285
00687B,國泰20年美債,95,13,82,凱基-中壢,2024-08-23,9285
1314,中石化,88,11,77,凱基-中壢,2024-08-23,9285
6890,來億-KY,74,2,72,凱基-中壢,2024-08-23,9285
4711,永純,70,3,67,凱基-中壢,2024-08-23,9285
4729,熒茂,78,14,64,凱基-中壢,2024-08-23,9285
3548,兆利,60,0,60,凱基-中壢,2024-08-23,9285
4909,新復興,115,61,54,凱基-中壢,2024-08-23,9285
00919,群益台灣精選高息,49,2,47,凱基-中壢,2024-08-23,9285
00637L,元大滬深300正2,153,107,46,凱基-中壢,2024-08-23,9285
00688L,國泰20年美債正2,52,11,41,凱基-中壢,2024-08-23,9285
8021,尖點,47,8,39,凱基-中壢,2024-08-23,9285
1731,美吾華,39,0,39,凱基-中壢,2024-08-23,9285
0056,元大高股息,38,1,37,凱基-中壢,2024-08-23,9285
3189,景碩,68,31,37,凱基-中壢,2024-08-23,9285
00715L,期街口布蘭特正2,68,32,36,凱基-中壢,2024-08-23,9285
00945B,凱基美國非投等債,39,3,36,凱基-中壢,2024-08-23,9285
2025,千興,34,0,34,凱基-中壢,2024-08-23,9285
8916,光隆,31,0,31,凱基-中壢,2024-08-23,9285
6606,建德工業,31,4,27,凱基-中壢,2024-08-23,9285
1721,三晃,45,20,25,凱基-中壢,2024-08-23,9285
2354,鴻準,31,6,25,凱基-中壢,2024-08-23,9285
2880,華南金,24,0,24,凱基-中壢,2024-08-23,9285
00878,國泰永續高股息,37,14,23,凱基-中壢,2024-08-23,9285
2329,華泰,36,15,21,凱基-中壢,2024-08-23,9285
6405,悅城,21,0,21,凱基-中壢,2024-08-23,9285
2836,高雄銀,20,0,20,凱基-中壢,2024-08-23,9285
2504,國產,20,0,20,凱基-中壢,2024-08-23,9285
6207,雷科,23,4,19,凱基-中壢,2024-08-23,9285
2317,鴻海,43,24,19,凱基-中壢,2024-08-23,9285
3580,友威科,82,64,18,凱基-中壢,2024-08-23,9285
3289,宜特,21,3,18,凱基-中壢,2024-08-23,9285
8432,東生華,18,0,18,凱基-中壢,2024-08-23,9285
4919,新唐,20,2,18,凱基-中壢,2024-08-23,9285
00940,元大台灣價值高息,18,1,17,凱基-中壢,2024-08-23,9285
2495,普安,39,22,17,凱基-中壢,2024-08-23,9285
00950B,凱基A級公司債,17,0,17,凱基-中壢,2024-08-23,9285
3033,威健,16,0,16,凱基-中壢,2024-08-23,9285
00675L,富邦臺灣加權正2,15,0,15,凱基-中壢,2024-08-23,9285
912000,晨訊科-DR,15,0,15,凱基-中壢,2024-08-23,9285
00713,元大台灣高息低波,17,3,14,凱基-中壢,2024-08-23,9285
4714,永捷,15,1,14,凱基-中壢,2024-08-23,9285
00918,大華優利高填息30,13,0,13,凱基-中壢,2024-08-23,9285
8071,能率網通,18,5,13,凱基-中壢,2024-08-23,9285
4741,泓瀚,13,0,13,凱基-中壢,2024-08-23,9285
00637L,元大滬深300正2,350,0,350,凱基-中壢,2024-08-26,9285
2888,新光金,790,499,291,凱基-中壢,2024-08-26,9285
2883,凱基金,200,68,132,凱基-中壢,2024-08-26,9285
00680L,元大美債20正2,205,77,128,凱基-中壢,2024-08-26,9285
00632R,元大台灣50反1,188,61,127,凱基-中壢,2024-08-26,9285
00937B,群益ESG投等債20,157,30,127,凱基-中壢,2024-08-26,9285
2402,毅嘉,220,103,117,凱基-中壢,2024-08-26,9285
00687B,國泰20年美債,111,0,111,凱基-中壢,2024-08-26,9285
2409,友達,146,54,92,凱基-中壢,2024-08-26,9285
2417,圓剛,107,17,90,凱基-中壢,2024-08-26,9285
6133,金橋,64,8,56,凱基-中壢,2024-08-26,9285
00679B,元大美債20年,54,0,54,凱基-中壢,2024-08-26,9285
8028,昇陽半導體,91,42,49,凱基-中壢,2024-08-26,9285
00946,群益科技高息成長,51,2,49,凱基-中壢,2024-08-26,9285
00902,中信電池及儲能,48,0,48,凱基-中壢,2024-08-26,9285
3289,宜特,44,5,39,凱基-中壢,2024-08-26,9285
00945B,凱基美國非投等債,37,0,37,凱基-中壢,2024-08-26,9285
3548,兆利,32,0,32,凱基-中壢,2024-08-26,9285
8916,光隆,31,0,31,凱基-中壢,2024-08-26,9285
2891,中信金,73,45,28,凱基-中壢,2024-08-26,9285
2002,中鋼,50,24,26,凱基-中壢,2024-08-26,9285
00738U,期元大道瓊白銀,25,0,25,凱基-中壢,2024-08-26,9285
2349,錸德,62,38,24,凱基-中壢,2024-08-26,9285
2880,華南金,23,0,23,凱基-中壢,2024-08-26,9285
3189,景碩,44,21,23,凱基-中壢,2024-08-26,9285
4967,十銓,38,15,23,凱基-中壢,2024-08-26,9285
00948B,中信優息投資級債,25,2,23,凱基-中壢,2024-08-26,9285
00669R,國泰美國道瓊反1,23,0,23,凱基-中壢,2024-08-26,9285
3711,日月光投控,22,0,22,凱基-中壢,2024-08-26,9285
4564,元翎,24,3,21,凱基-中壢,2024-08-26,9285
00950B,凱基A級公司債,20,0,20,凱基-中壢,2024-08-26,9285
4716,大立,20,0,20,凱基-中壢,2024-08-26,9285
5498,凱崴,20,0,20,凱基-中壢,2024-08-26,9285
2504,國產,20,1,19,凱基-中壢,2024-08-26,9285
4561,健椿,31,12,19,凱基-中壢,2024-08-26,9285
3033,威健,58,39,19,凱基-中壢,2024-08-26,9285
2365,昆盈,29,10,19,凱基-中壢,2024-08-26,9285
3645,達邁,28,11,17,凱基-中壢,2024-08-26,9285
8070,長華*,49,33,16,凱基-中壢,2024-08-26,9285
00919,群益台灣精選高息,18,3,15,凱基-中壢,2024-08-26,9285
2890,永豐金,19,5,14,凱基-中壢,2024-08-26,9285
00725B,國泰投資級公司債,14,0,14,凱基-中壢,2024-08-26,9285
1101,台泥,14,0,14,凱基-中壢,2024-08-26,9285
00713,元大台灣高息低波,13,0,13,凱基-中壢,2024-08-26,9285
8107,大億金茂,13,0,13,凱基-中壢,2024-08-26,9285
8354,冠好,17,4,13,凱基-中壢,2024-08-26,9285
3047,訊舟,38,26,12,凱基-中壢,2024-08-26,9285
3450,聯鈞,25,13,12,凱基-中壢,2024-08-26,9285
2374,佳能,12,0,12,凱基-中壢,2024-08-26,9285
6188,廣明,13,2,11,凱基-中壢,2024-08-26,9285
00937B,群益ESG投等債20,218,0,218,凱基-中壢,2024-08-27,9285
3481,群創,250,87,163,凱基-中壢,2024-08-27,9285
00929,復華台灣科技優息,167,26,141,凱基-中壢,2024-08-27,9285
2891,中信金,141,28,113,凱基-中壢,2024-08-27,9285
00752,中信中國50,107,0,107,凱基-中壢,2024-08-27,9285
00687B,國泰20年美債,89,0,89,凱基-中壢,2024-08-27,9285
2887,台新金,92,6,86,凱基-中壢,2024-08-27,9285
3665,貿聯-KY,113,41,72,凱基-中壢,2024-08-27,9285
00940,元大台灣價值高息,72,11,61,凱基-中壢,2024-08-27,9285
00919,群益台灣精選高息,58,0,58,凱基-中壢,2024-08-27,9285
2489,瑞軒,57,1,56,凱基-中壢,2024-08-27,9285
00948B,中信優息投資級債,56,2,54,凱基-中壢,2024-08-27,9285
6603,富強鑫,50,0,50,凱基-中壢,2024-08-27,9285
00650L,復華香港正2,46,0,46,凱基-中壢,2024-08-27,9285
3167,大量,46,6,40,凱基-中壢,2024-08-27,9285
2845,遠東銀,38,0,38,凱基-中壢,2024-08-27,9285
1731,美吾華,38,0,38,凱基-中壢,2024-08-27,9285
00942B,台新美A公司債20+,37,0,37,凱基-中壢,2024-08-27,9285
6405,悅城,35,0,35,凱基-中壢,2024-08-27,9285
00878,國泰永續高股息,59,26,33,凱基-中壢,2024-08-27,9285
2405,輔信,49,17,32,凱基-中壢,2024-08-27,9285
00887,永豐中國科技50大,30,0,30,凱基-中壢,2024-08-27,9285
8916,光隆,30,0,30,凱基-中壢,2024-08-27,9285
00679B,元大美債20年,34,4,30,凱基-中壢,2024-08-27,9285
2880,華南金,29,1,28,凱基-中壢,2024-08-27,9285
2609,陽明,34,8,26,凱基-中壢,2024-08-27,9285
3550,聯穎,33,7,26,凱基-中壢,2024-08-27,9285
00680L,元大美債20正2,45,20,25,凱基-中壢,2024-08-27,9285
00673R,期元大S＆P原油反1,25,0,25,凱基-中壢,2024-08-27,9285
1569,濱川,30,6,24,凱基-中壢,2024-08-27,9285
8028,昇陽半導體,84,61,23,凱基-中壢,2024-08-27,9285
3149,正達,32,10,22,凱基-中壢,2024-08-27,9285
2610,華航,44,22,22,凱基-中壢,2024-08-27,9285
9955,佳龍,46,25,21,凱基-中壢,2024-08-27,9285
0056,元大高股息,22,1,21,凱基-中壢,2024-08-27,9285
912000,晨訊科-DR,20,0,20,凱基-中壢,2024-08-27,9285
00933B,國泰10Y+金融債,20,0,20,凱基-中壢,2024-08-27,9285
00688L,國泰20年美債正2,20,0,20,凱基-中壢,2024-08-27,9285
3430,奇鈦科,22,2,20,凱基-中壢,2024-08-27,9285
8064,東捷,53,34,19,凱基-中壢,2024-08-27,9285
3605,宏致,47,29,18,凱基-中壢,2024-08-27,9285
00669R,國泰美國道瓊反1,18,0,18,凱基-中壢,2024-08-27,9285
2883,凱基金,24,7,17,凱基-中壢,2024-08-27,9285
00881,國泰台灣5G+,18,1,17,凱基-中壢,2024-08-27,9285
5386,青雲,17,0,17,凱基-中壢,2024-08-27,9285
00753L,中信中國50正2,22,5,17,凱基-中壢,2024-08-27,9285
6591,動力-KY,29,13,16,凱基-中壢,2024-08-27,9285
8039,台虹,52,36,16,凱基-中壢,2024-08-27,9285
3663,鑫科,22,7,15,凱基-中壢,2024-08-27,9285
2615,萬海,20,5,15,凱基-中壢,2024-08-27,9285
6603,富強鑫,334,102,232,凱基-中壢,2024-08-28,9285
2891,中信金,164,41,123,凱基-中壢,2024-08-28,9285
2867,三商壽,106,0,106,凱基-中壢,2024-08-28,9285
1314,中石化,62,3,59,凱基-中壢,2024-08-28,9285
3481,群創,138,79,59,凱基-中壢,2024-08-28,9285
00934,中信成長高股息,52,2,50,凱基-中壢,2024-08-28,9285
00857B,永豐20年美公債,50,0,50,凱基-中壢,2024-08-28,9285
00937B,群益ESG投等債20,46,0,46,凱基-中壢,2024-08-28,9285
00680L,元大美債20正2,51,8,43,凱基-中壢,2024-08-28,9285
00632R,元大台灣50反1,42,0,42,凱基-中壢,2024-08-28,9285
9919,康那香,42,0,42,凱基-中壢,2024-08-28,9285
2208,台船,41,0,41,凱基-中壢,2024-08-28,9285
00919,群益台灣精選高息,42,2,40,凱基-中壢,2024-08-28,9285
4526,東台,62,22,40,凱基-中壢,2024-08-28,9285
6156,松上,28,0,28,凱基-中壢,2024-08-28,9285
6133,金橋,25,0,25,凱基-中壢,2024-08-28,9285
6770,力積電,24,0,24,凱基-中壢,2024-08-28,9285
3062,建漢,39,15,24,凱基-中壢,2024-08-28,9285
5871,中租-KY,25,1,24,凱基-中壢,2024-08-28,9285
2409,友達,26,3,23,凱基-中壢,2024-08-28,9285
00933B,國泰10Y+金融債,23,0,23,凱基-中壢,2024-08-28,9285
4716,大立,21,0,21,凱基-中壢,2024-08-28,9285
4540,全球傳動,61,40,21,凱基-中壢,2024-08-28,9285
4909,新復興,28,7,21,凱基-中壢,2024-08-28,9285
8028,昇陽半導體,55,34,21,凱基-中壢,2024-08-28,9285
3594,磐儀,20,0,20,凱基-中壢,2024-08-28,9285
3149,正達,43,23,20,凱基-中壢,2024-08-28,9285
3209,全科,19,0,19,凱基-中壢,2024-08-28,9285
3550,聯穎,29,10,19,凱基-中壢,2024-08-28,9285
8429,金麗-KY,19,0,19,凱基-中壢,2024-08-28,9285
00687B,國泰20年美債,27,9,18,凱基-中壢,2024-08-28,9285
2425,承啟,28,10,18,凱基-中壢,2024-08-28,9285
00738U,期元大道瓊白銀,17,0,17,凱基-中壢,2024-08-28,9285
2880,華南金,16,0,16,凱基-中壢,2024-08-28,9285
6443,元晶,22,6,16,凱基-中壢,2024-08-28,9285
1708,東鹼,17,1,16,凱基-中壢,2024-08-28,9285
2467,志聖,21,5,16,凱基-中壢,2024-08-28,9285
3035,智原,18,3,15,凱基-中壢,2024-08-28,9285
4956,光鋐,15,0,15,凱基-中壢,2024-08-28,9285
00942B,台新美A公司債20+,15,0,15,凱基-中壢,2024-08-28,9285
00688L,國泰20年美債正2,15,0,15,凱基-中壢,2024-08-28,9285
00951,台新日本半導體,12,0,12,凱基-中壢,2024-08-28,9285
3059,華晶科,13,1,12,凱基-中壢,2024-08-28,9285
2009,第一銅,14,2,12,凱基-中壢,2024-08-28,9285
1321,大洋,12,0,12,凱基-中壢,2024-08-28,9285
6285,啟��,12,0,12,凱基-中壢,2024-08-28,9285
6207,雷科,13,2,11,凱基-中壢,2024-08-28,9285
6505,台塑化,12,1,11,凱基-中壢,2024-08-28,9285
00712,復華富時不動產,11,0,11,凱基-中壢,2024-08-28,9285
4555,氣立,32,21,11,凱基-中壢,2024-08-28,9285
8096,擎亞,126,6,120,凱基-中壢,2024-08-29,9285
00937B,群益ESG投等債20,134,21,113,凱基-中壢,2024-08-29,9285
1314,中石化,111,5,106,凱基-中壢,2024-08-29,9285
2883,凱基金,111,11,100,凱基-中壢,2024-08-29,9285
00679B,元大美債20年,101,2,99,凱基-中壢,2024-08-29,9285
2891,中信金,93,2,91,凱基-中壢,2024-08-29,9285
2426,鼎元,104,14,90,凱基-中壢,2024-08-29,9285
00680L,元大美債20正2,80,2,78,凱基-中壢,2024-08-29,9285
00715L,期街口布蘭特正2,76,0,76,凱基-中壢,2024-08-29,9285
6698,旭暉應材,66,8,58,凱基-中壢,2024-08-29,9285
2845,遠東銀,53,0,53,凱基-中壢,2024-08-29,9285
3665,貿聯-KY,42,3,39,凱基-中壢,2024-08-29,9285
00738U,期元大道瓊白銀,35,0,35,凱基-中壢,2024-08-29,9285
0056,元大高股息,35,1,34,凱基-中壢,2024-08-29,9285
2515,中工,44,11,33,凱基-中壢,2024-08-29,9285
4561,健椿,59,26,33,凱基-中壢,2024-08-29,9285
2887,台新金,31,1,30,凱基-中壢,2024-08-29,9285
2610,華航,33,4,29,凱基-中壢,2024-08-29,9285
2449,京元電子,31,3,28,凱基-中壢,2024-08-29,9285
2317,鴻海,38,10,28,凱基-中壢,2024-08-29,9285
2425,承啟,65,38,27,凱基-中壢,2024-08-29,9285
4526,東台,131,105,26,凱基-中壢,2024-08-29,9285
3231,緯創,29,3,26,凱基-中壢,2024-08-29,9285
00933B,國泰10Y+金融債,27,2,25,凱基-中壢,2024-08-29,9285
1336,台翰,25,0,25,凱基-中壢,2024-08-29,9285
4711,永純,29,5,24,凱基-中壢,2024-08-29,9285
4510,高鋒,111,88,23,凱基-中壢,2024-08-29,9285
3234,光環,23,0,23,凱基-中壢,2024-08-29,9285
2312,金寶,33,11,22,凱基-中壢,2024-08-29,9285
6603,富強鑫,67,45,22,凱基-中壢,2024-08-29,9285
2880,華南金,21,0,21,凱基-中壢,2024-08-29,9285
6668,中揚光,20,0,20,凱基-中壢,2024-08-29,9285
00948B,中信優息投資級債,22,2,20,凱基-中壢,2024-08-29,9285
3437,榮創,21,1,20,凱基-中壢,2024-08-29,9285
2330,台積電,24,6,18,凱基-中壢,2024-08-29,9285
8916,光隆,18,0,18,凱基-中壢,2024-08-29,9285
3019,亞光,58,40,18,凱基-中壢,2024-08-29,9285
5443,均豪,113,96,17,凱基-中壢,2024-08-29,9285
3189,景碩,48,31,17,凱基-中壢,2024-08-29,9285
00915,凱基優選高股息30,18,1,17,凱基-中壢,2024-08-29,9285
8105,凌巨,21,4,17,凱基-中壢,2024-08-29,9285
00940,元大台灣價值高息,24,7,17,凱基-中壢,2024-08-29,9285
3550,聯穎,30,14,16,凱基-中壢,2024-08-29,9285
6770,力積電,19,3,16,凱基-中壢,2024-08-29,9285
3450,聯鈞,62,46,16,凱基-中壢,2024-08-29,9285
00881,國泰台灣5G+,18,2,16,凱基-中壢,2024-08-29,9285
3548,兆利,15,0,15,凱基-中壢,2024-08-29,9285
6658,聯策,16,2,14,凱基-中壢,2024-08-29,9285
00882,中信中國高股息,15,1,14,凱基-中壢,2024-08-29,9285
3673,TPK-KY,17,4,13,凱基-中壢,2024-08-29,9285
00919,群益台灣精選高息,546,14,532,凱基-中壢,2024-08-30,9285
00632R,元大台灣50反1,176,58,118,凱基-中壢,2024-08-30,9285
6757,台灣虎航,98,22,76,凱基-中壢,2024-08-30,9285
2891,中信金,75,10,65,凱基-中壢,2024-08-30,9285
00679B,元大美債20年,72,8,64,凱基-中壢,2024-08-30,9285
3062,建漢,95,33,62,凱基-中壢,2024-08-30,9285
2367,燿華,125,67,58,凱基-中壢,2024-08-30,9285
00673R,期元大S＆P原油反1,52,0,52,凱基-中壢,2024-08-30,9285
3652,精聯,51,0,51,凱基-中壢,2024-08-30,9285
2349,錸德,58,8,50,凱基-中壢,2024-08-30,9285
1711,永光,200,154,46,凱基-中壢,2024-08-30,9285
1314,中石化,46,0,46,凱基-中壢,2024-08-30,9285
00932,兆豐永續高息等權,45,0,45,凱基-中壢,2024-08-30,9285
00959B,大華投等美債15Y+,43,0,43,凱基-中壢,2024-08-30,9285
00680L,元大美債20正2,42,0,42,凱基-中壢,2024-08-30,9285
1336,台翰,40,0,40,凱基-中壢,2024-08-30,9285
4716,大立,39,0,39,凱基-中壢,2024-08-30,9285
00687B,國泰20年美債,37,0,37,凱基-中壢,2024-08-30,9285
3665,貿聯-KY,36,0,36,凱基-中壢,2024-08-30,9285
3481,群創,161,128,33,凱基-中壢,2024-08-30,9285
1785,光洋科,65,32,33,凱基-中壢,2024-08-30,9285
8111,立��,58,26,32,凱基-中壢,2024-08-30,9285
2520,冠德,34,2,32,凱基-中壢,2024-08-30,9285
00937B,群益ESG投等債20,93,63,30,凱基-中壢,2024-08-30,9285
8086,宏捷科,37,7,30,凱基-中壢,2024-08-30,9285
00688L,國泰20年美債正2,26,0,26,凱基-中壢,2024-08-30,9285
8916,光隆,26,0,26,凱基-中壢,2024-08-30,9285
6890,來億-KY,27,3,24,凱基-中壢,2024-08-30,9285
6156,松上,37,14,23,凱基-中壢,2024-08-30,9285
2887,台新金,29,6,23,凱基-中壢,2024-08-30,9285
0056,元大高股息,23,2,21,凱基-中壢,2024-08-30,9285
3033,威健,32,11,21,凱基-中壢,2024-08-30,9285
00948B,中信優息投資級債,21,0,21,凱基-中壢,2024-08-30,9285
2399,映泰,22,2,20,凱基-中壢,2024-08-30,9285
00676R,富邦臺灣加權反1,20,0,20,凱基-中壢,2024-08-30,9285
00655L,國泰中國A50正2,20,0,20,凱基-中壢,2024-08-30,9285
2392,正崴,23,4,19,凱基-中壢,2024-08-30,9285
2405,輔信,21,2,19,凱基-中壢,2024-08-30,9285
00915,凱基優選高股息30,20,2,18,凱基-中壢,2024-08-30,9285
3645,達邁,25,7,18,凱基-中壢,2024-08-30,9285
4729,熒茂,20,3,17,凱基-中壢,2024-08-30,9285
2208,台船,30,13,17,凱基-中壢,2024-08-30,9285
2449,京元電子,19,3,16,凱基-中壢,2024-08-30,9285
00878,國泰永續高股息,25,9,16,凱基-中壢,2024-08-30,9285
2313,華通,85,69,16,凱基-中壢,2024-08-30,9285
2102,泰豐,16,0,16,凱基-中壢,2024-08-30,9285
1727,中華化,16,0,16,凱基-中壢,2024-08-30,9285
2409,友達,18,2,16,凱基-中壢,2024-08-30,9285
1540,喬福,36,20,16,凱基-中壢,2024-08-30,9285
6133,金橋,58,43,15,凱基-中壢,2024-08-30,9285
00650L,復華香港正2,376,0,376,凱基-中壢,2024-09-02,9285
00715L,期街口布蘭特正2,355,0,355,凱基-中壢,2024-09-02,9285
00919,群益台灣精選高息,268,2,266,凱基-中壢,2024-09-02,9285
00637L,元大滬深300正2,255,0,255,凱基-中壢,2024-09-02,9285
00680L,元大美債20正2,215,34,181,凱基-中壢,2024-09-02,9285
00665L,富邦�琤肭磪囓�2,139,0,139,凱基-中壢,2024-09-02,9285
00937B,群益ESG投等債20,157,34,123,凱基-中壢,2024-09-02,9285
4526,東台,136,28,108,凱基-中壢,2024-09-02,9285
2014,中鴻,100,0,100,凱基-中壢,2024-09-02,9285
6770,力積電,86,5,81,凱基-中壢,2024-09-02,9285
00687B,國泰20年美債,82,3,79,凱基-中壢,2024-09-02,9285
00679B,元大美債20年,90,18,72,凱基-中壢,2024-09-02,9285
1785,光洋科,156,87,69,凱基-中壢,2024-09-02,9285
00642U,期元大S＆P石油,67,0,67,凱基-中壢,2024-09-02,9285
3481,群創,65,6,59,凱基-中壢,2024-09-02,9285
2618,長榮航,68,10,58,凱基-中壢,2024-09-02,9285
00752,中信中國50,50,0,50,凱基-中壢,2024-09-02,9285
00959B,大華投等美債15Y+,57,13,44,凱基-中壢,2024-09-02,9285
00712,復華富時不動產,51,10,41,凱基-中壢,2024-09-02,9285
3665,貿聯-KY,41,1,40,凱基-中壢,2024-09-02,9285
2891,中信金,80,41,39,凱基-中壢,2024-09-02,9285
3049,精金,37,0,37,凱基-中壢,2024-09-02,9285
00688L,國泰20年美債正2,118,82,36,凱基-中壢,2024-09-02,9285
4716,大立,39,4,35,凱基-中壢,2024-09-02,9285
3390,旭軟,44,11,33,凱基-中壢,2024-09-02,9285
1540,喬福,35,3,32,凱基-中壢,2024-09-02,9285
00915,凱基優選高股息30,32,0,32,凱基-中壢,2024-09-02,9285
2313,華通,82,51,31,凱基-中壢,2024-09-02,9285
0056,元大高股息,31,1,30,凱基-中壢,2024-09-02,9285
4714,永捷,59,30,29,凱基-中壢,2024-09-02,9285
00753L,中信中國50正2,34,5,29,凱基-中壢,2024-09-02,9285
8011,台通,37,8,29,凱基-中壢,2024-09-02,9285
00933B,國泰10Y+金融債,27,0,27,凱基-中壢,2024-09-02,9285
00882,中信中國高股息,32,5,27,凱基-中壢,2024-09-02,9285
3550,聯穎,27,1,26,凱基-中壢,2024-09-02,9285
00885,富邦越南,27,1,26,凱基-中壢,2024-09-02,9285
6841,長佳智能,25,0,25,凱基-中壢,2024-09-02,9285
6530,創威,28,4,24,凱基-中壢,2024-09-02,9285
3189,景碩,36,14,22,凱基-中壢,2024-09-02,9285
00738U,期元大道瓊白銀,21,0,21,凱基-中壢,2024-09-02,9285
00719B,元大美債1-3,20,0,20,凱基-中壢,2024-09-02,9285
00713,元大台灣高息低波,21,2,19,凱基-中壢,2024-09-02,9285
6207,雷科,25,7,18,凱基-中壢,2024-09-02,9285
00918,大華優利高填息30,17,0,17,凱基-中壢,2024-09-02,9285
6285,啟��,16,0,16,凱基-中壢,2024-09-02,9285
1314,中石化,64,48,16,凱基-中壢,2024-09-02,9285
3498,陽程,16,0,16,凱基-中壢,2024-09-02,9285
2409,友達,30,15,15,凱基-中壢,2024-09-02,9285
1735,日勝化,15,0,15,凱基-中壢,2024-09-02,9285
00887,永豐中國科技50大,15,0,15,凱基-中壢,2024-09-02,9285
00919,群益台灣精選高息,282,12,270,凱基-中壢,2024-09-03,9285
00929,復華台灣科技優息,221,75,146,凱基-中壢,2024-09-03,9285
00680L,元大美債20正2,122,2,120,凱基-中壢,2024-09-03,9285
00688L,國泰20年美債正2,106,0,106,凱基-中壢,2024-09-03,9285
00706L,期元大S＆P日圓正2,100,0,100,凱基-中壢,2024-09-03,9285
00679B,元大美債20年,97,1,96,凱基-中壢,2024-09-03,9285
00878,國泰永續高股息,87,2,85,凱基-中壢,2024-09-03,9285
6770,力積電,82,0,82,凱基-中壢,2024-09-03,9285
00857B,永豐20年美公債,65,1,64,凱基-中壢,2024-09-03,9285
4532,瑞智,83,20,63,凱基-中壢,2024-09-03,9285
00937B,群益ESG投等債20,64,10,54,凱基-中壢,2024-09-03,9285
2537,聯上發,53,0,53,凱基-中壢,2024-09-03,9285
2891,中信金,75,24,51,凱基-中壢,2024-09-03,9285
2515,中工,51,3,48,凱基-中壢,2024-09-03,9285
00687B,國泰20年美債,52,5,47,凱基-中壢,2024-09-03,9285
00915,凱基優選高股息30,39,0,39,凱基-中壢,2024-09-03,9285
00934,中信成長高股息,38,0,38,凱基-中壢,2024-09-03,9285
8916,光隆,35,0,35,凱基-中壢,2024-09-03,9285
3550,聯穎,38,3,35,凱基-中壢,2024-09-03,9285
1815,富喬,43,9,34,凱基-中壢,2024-09-03,9285
3047,訊舟,53,21,32,凱基-中壢,2024-09-03,9285
6285,啟��,31,0,31,凱基-中壢,2024-09-03,9285
3289,宜特,33,3,30,凱基-中壢,2024-09-03,9285
2002,中鋼,29,0,29,凱基-中壢,2024-09-03,9285
00882,中信中國高股息,29,0,29,凱基-中壢,2024-09-03,9285
2313,華通,40,11,29,凱基-中壢,2024-09-03,9285
3062,建漢,43,17,26,凱基-中壢,2024-09-03,9285
4534,慶騰,31,6,25,凱基-中壢,2024-09-03,9285
6213,聯茂,57,33,24,凱基-中壢,2024-09-03,9285
00637L,元大滬深300正2,23,0,23,凱基-中壢,2024-09-03,9285
1101,台泥,22,0,22,凱基-中壢,2024-09-03,9285
2363,矽統,32,11,21,凱基-中壢,2024-09-03,9285
3623,富晶通,24,3,21,凱基-中壢,2024-09-03,9285
4956,光鋐,22,1,21,凱基-中壢,2024-09-03,9285
1522,堤維西,20,0,20,凱基-中壢,2024-09-03,9285
00946,群益科技高息成長,21,1,20,凱基-中壢,2024-09-03,9285
6244,茂迪,18,0,18,凱基-中壢,2024-09-03,9285
2882,國泰金,19,1,18,凱基-中壢,2024-09-03,9285
0056,元大高股息,19,2,17,凱基-中壢,2024-09-03,9285
2337,旺宏,19,2,17,凱基-中壢,2024-09-03,9285
00713,元大台灣高息低波,20,3,17,凱基-中壢,2024-09-03,9285
00918,大華優利高填息30,16,0,16,凱基-中壢,2024-09-03,9285
00932,兆豐永續高息等權,16,0,16,凱基-中壢,2024-09-03,9285
6215,和椿,46,30,16,凱基-中壢,2024-09-03,9285
1303,南亞,20,4,16,凱基-中壢,2024-09-03,9285
6609,瀧澤科,21,6,15,凱基-中壢,2024-09-03,9285
4566,時碩工業,37,22,15,凱基-中壢,2024-09-03,9285
3450,聯鈞,32,18,14,凱基-中壢,2024-09-03,9285
4716,大立,14,0,14,凱基-中壢,2024-09-03,9285
8096,擎亞,42,28,14,凱基-中壢,2024-09-03,9285
00650L,復華香港正2,423,0,423,凱基-中壢,2024-09-04,9285
00715L,期街口布蘭特正2,319,3,316,凱基-中壢,2024-09-04,9285
00919,群益台灣精選高息,331,26,305,凱基-中壢,2024-09-04,9285
00878,國泰永續高股息,431,137,294,凱基-中壢,2024-09-04,9285
00929,復華台灣科技優息,604,320,284,凱基-中壢,2024-09-04,9285
00687B,國泰20年美債,304,43,261,凱基-中壢,2024-09-04,9285
00915,凱基優選高股息30,183,1,182,凱基-中壢,2024-09-04,9285
00918,大華優利高填息30,181,12,169,凱基-中壢,2024-09-04,9285
00637L,元大滬深300正2,184,25,159,凱基-中壢,2024-09-04,9285
4909,新復興,159,8,151,凱基-中壢,2024-09-04,9285
0056,元大高股息,139,31,108,凱基-中壢,2024-09-04,9285
2330,台積電,115,18,97,凱基-中壢,2024-09-04,9285
00642U,期元大S＆P石油,95,0,95,凱基-中壢,2024-09-04,9285
2891,中信金,149,58,91,凱基-中壢,2024-09-04,9285
8096,擎亞,107,19,88,凱基-中壢,2024-09-04,9285
3062,建漢,103,25,78,凱基-中壢,2024-09-04,9285
00881,國泰台灣5G+,72,3,69,凱基-中壢,2024-09-04,9285
2344,華邦電,77,8,69,凱基-中壢,2024-09-04,9285
00713,元大台灣高息低波,74,9,65,凱基-中壢,2024-09-04,9285
00679B,元大美債20年,77,12,65,凱基-中壢,2024-09-04,9285
2382,廣達,77,13,64,凱基-中壢,2024-09-04,9285
1210,大成,62,0,62,凱基-中壢,2024-09-04,9285
6133,金橋,59,2,57,凱基-中壢,2024-09-04,9285
00665L,富邦�琤肭磪囓�2,56,4,52,凱基-中壢,2024-09-04,9285
3037,欣興,59,13,46,凱基-中壢,2024-09-04,9285
1540,喬福,130,85,45,凱基-中壢,2024-09-04,9285
00927,群益半導體收益,49,6,43,凱基-中壢,2024-09-04,9285
0050,元大台灣50,48,6,42,凱基-中壢,2024-09-04,9285
2886,兆豐金,41,0,41,凱基-中壢,2024-09-04,9285
2208,台船,46,5,41,凱基-中壢,2024-09-04,9285
00951,台新日本半導體,39,0,39,凱基-中壢,2024-09-04,9285
2002,中鋼,70,33,37,凱基-中壢,2024-09-04,9285
4303,信立,47,11,36,凱基-中壢,2024-09-04,9285
00934,中信成長高股息,42,7,35,凱基-中壢,2024-09-04,9285
3231,緯創,38,3,35,凱基-中壢,2024-09-04,9285
00923,群益台ESG低碳50,34,0,34,凱基-中壢,2024-09-04,9285
6770,力積電,34,0,34,凱基-中壢,2024-09-04,9285
00680L,元大美債20正2,101,67,34,凱基-中壢,2024-09-04,9285
2834,臺企銀,33,1,32,凱基-中壢,2024-09-04,9285
2892,第一金,30,0,30,凱基-中壢,2024-09-04,9285
00932,兆豐永續高息等權,28,0,28,凱基-中壢,2024-09-04,9285
00669R,國泰美國道瓊反1,33,5,28,凱基-中壢,2024-09-04,9285
00946,群益科技高息成長,28,0,28,凱基-中壢,2024-09-04,9285
00631L,元大台灣50正2,28,1,27,凱基-中壢,2024-09-04,9285
00675L,富邦臺灣加權正2,28,1,27,凱基-中壢,2024-09-04,9285
00937B,群益ESG投等債20,78,51,27,凱基-中壢,2024-09-04,9285
2882,國泰金,27,1,26,凱基-中壢,2024-09-04,9285
2610,華航,27,2,25,凱基-中壢,2024-09-04,9285
1802,台玻,25,0,25,凱基-中壢,2024-09-04,9285
006208,富邦台50,26,2,24,凱基-中壢,2024-09-04,9285
00688L,國泰20年美債正2,1187,164,1023,凱基-中壢,2024-09-05,9285
6757,台灣虎航,786,346,440,凱基-中壢,2024-09-05,9285
00952,凱基台灣AI50,337,45,292,凱基-中壢,2024-09-05,9285
00929,復華台灣科技優息,327,114,213,凱基-中壢,2024-09-05,9285
00671R,富邦NASDAQ反1,204,0,204,凱基-中壢,2024-09-05,9285
00687B,國泰20年美債,202,22,180,凱基-中壢,2024-09-05,9285
00919,群益台灣精選高息,202,42,160,凱基-中壢,2024-09-05,9285
00680L,元大美債20正2,200,57,143,凱基-中壢,2024-09-05,9285
1539,巨庭,145,26,119,凱基-中壢,2024-09-05,9285
00902,中信電池及儲能,99,0,99,凱基-中壢,2024-09-05,9285
00878,國泰永續高股息,110,13,97,凱基-中壢,2024-09-05,9285
00650L,復華香港正2,92,0,92,凱基-中壢,2024-09-05,9285
00637L,元大滬深300正2,92,2,90,凱基-中壢,2024-09-05,9285
00946,群益科技高息成長,106,17,89,凱基-中壢,2024-09-05,9285
3189,景碩,87,9,78,凱基-中壢,2024-09-05,9285
2317,鴻海,85,32,53,凱基-中壢,2024-09-05,9285
00642U,期元大S＆P石油,49,1,48,凱基-中壢,2024-09-05,9285
00915,凱基優選高股息30,48,3,45,凱基-中壢,2024-09-05,9285
2402,毅嘉,44,1,43,凱基-中壢,2024-09-05,9285
00752,中信中國50,43,0,43,凱基-中壢,2024-09-05,9285
00713,元大台灣高息低波,38,0,38,凱基-中壢,2024-09-05,9285
3047,訊舟,55,20,35,凱基-中壢,2024-09-05,9285
00940,元大台灣價值高息,59,27,32,凱基-中壢,2024-09-05,9285
2408,南亞科,32,1,31,凱基-中壢,2024-09-05,9285
00943,兆豐電子高息等權,30,0,30,凱基-中壢,2024-09-05,9285
1314,中石化,32,2,30,凱基-中壢,2024-09-05,9285
00712,復華富時不動產,32,2,30,凱基-中壢,2024-09-05,9285
2344,華邦電,30,0,30,凱基-中壢,2024-09-05,9285
00882,中信中國高股息,29,0,29,凱基-中壢,2024-09-05,9285
6270,倍微,31,2,29,凱基-中壢,2024-09-05,9285
4576,大銀微系統,39,12,27,凱基-中壢,2024-09-05,9285
00918,大華優利高填息30,32,5,27,凱基-中壢,2024-09-05,9285
3481,群創,41,15,26,凱基-中壢,2024-09-05,9285
2312,金寶,32,6,26,凱基-中壢,2024-09-05,9285
00679B,元大美債20年,42,17,25,凱基-中壢,2024-09-05,9285
3037,欣興,36,12,24,凱基-中壢,2024-09-05,9285
2363,矽統,25,1,24,凱基-中壢,2024-09-05,9285
2540,愛山林,24,0,24,凱基-中壢,2024-09-05,9285
2313,華通,36,13,23,凱基-中壢,2024-09-05,9285
00665L,富邦�琤肭磪囓�2,22,0,22,凱基-中壢,2024-09-05,9285
1776,展宇,22,0,22,凱基-中壢,2024-09-05,9285
2486,一詮,23,2,21,凱基-中壢,2024-09-05,9285
1785,光洋科,55,37,18,凱基-中壢,2024-09-05,9285
0056,元大高股息,18,0,18,凱基-中壢,2024-09-05,9285
6742,澤米,19,1,18,凱基-中壢,2024-09-05,9285
2337,旺宏,20,2,18,凱基-中壢,2024-09-05,9285
4714,永捷,44,26,18,凱基-中壢,2024-09-05,9285
3550,聯穎,19,1,18,凱基-中壢,2024-09-05,9285
3374,精材,26,9,17,凱基-中壢,2024-09-05,9285
3035,智原,18,1,17,凱基-中壢,2024-09-05,9285
00688L,國泰20年美債正2,622,26,596,凱基-中壢,2024-09-06,9285
00715L,期街口布蘭特正2,538,0,538,凱基-中壢,2024-09-06,9285
00632R,元大台灣50反1,336,33,303,凱基-中壢,2024-09-06,9285
00937B,群益ESG投等債20,247,12,235,凱基-中壢,2024-09-06,9285
00687B,國泰20年美債,205,27,178,凱基-中壢,2024-09-06,9285
4909,新復興,166,7,159,凱基-中壢,2024-09-06,9285
00929,復華台灣科技優息,200,72,128,凱基-中壢,2024-09-06,9285
4956,光鋐,117,12,105,凱基-中壢,2024-09-06,9285
3047,訊舟,118,17,101,凱基-中壢,2024-09-06,9285
00680L,元大美債20正2,290,198,92,凱基-中壢,2024-09-06,9285
00679B,元大美債20年,103,20,83,凱基-中壢,2024-09-06,9285
1314,中石化,72,0,72,凱基-中壢,2024-09-06,9285
6770,力積電,64,0,64,凱基-中壢,2024-09-06,9285
00919,群益台灣精選高息,76,13,63,凱基-中壢,2024-09-06,9285
2002,中鋼,61,2,59,凱基-中壢,2024-09-06,9285
1303,南亞,47,3,44,凱基-中壢,2024-09-06,9285
3702,大聯大,40,0,40,凱基-中壢,2024-09-06,9285
3481,群創,54,18,36,凱基-中壢,2024-09-06,9285
2497,怡利電,52,17,35,凱基-中壢,2024-09-06,9285
1540,喬福,64,32,32,凱基-中壢,2024-09-06,9285
00642U,期元大S＆P石油,31,0,31,凱基-中壢,2024-09-06,9285
1815,富喬,39,9,30,凱基-中壢,2024-09-06,9285
2408,南亞科,28,0,28,凱基-中壢,2024-09-06,9285
00941,中信上游半導體,31,4,27,凱基-中壢,2024-09-06,9285
00918,大華優利高填息30,35,11,24,凱基-中壢,2024-09-06,9285
2891,中信金,27,4,23,凱基-中壢,2024-09-06,9285
1711,永光,41,19,22,凱基-中壢,2024-09-06,9285
3062,建漢,33,11,22,凱基-中壢,2024-09-06,9285
2337,旺宏,22,0,22,凱基-中壢,2024-09-06,9285
00795B,中信美國公債20年,32,11,21,凱基-中壢,2024-09-06,9285
3607,谷崧,21,0,21,凱基-中壢,2024-09-06,9285
8171,天宇,20,0,20,凱基-中壢,2024-09-06,9285
00939,統一台灣高息動能,20,0,20,凱基-中壢,2024-09-06,9285
1808,潤隆,17,0,17,凱基-中壢,2024-09-06,9285
2883,凱基金,22,5,17,凱基-中壢,2024-09-06,9285
2027,大成鋼,15,0,15,凱基-中壢,2024-09-06,9285
2313,華通,30,15,15,凱基-中壢,2024-09-06,9285
3354,律勝,15,0,15,凱基-中壢,2024-09-06,9285
1101,台泥,15,1,14,凱基-中壢,2024-09-06,9285
2367,燿華,14,0,14,凱基-中壢,2024-09-06,9285
3617,碩天,16,2,14,凱基-中壢,2024-09-06,9285
00933B,國泰10Y+金融債,15,2,13,凱基-中壢,2024-09-06,9285
1409,新纖,14,1,13,凱基-中壢,2024-09-06,9285
6706,惠特,22,10,12,凱基-中壢,2024-09-06,9285
6215,和椿,88,76,12,凱基-中壢,2024-09-06,9285
4510,高鋒,48,37,11,凱基-中壢,2024-09-06,9285
6168,宏齊,11,0,11,凱基-中壢,2024-09-06,9285
5392,能率,12,1,11,凱基-中壢,2024-09-06,9285
4566,時碩工業,29,18,11,凱基-中壢,2024-09-06,9285
00676R,富邦臺灣加權反1,10,0,10,凱基-中壢,2024-09-06,9285
00715L,期街口布蘭特正2,1354,16,1338,凱基-中壢,2024-09-09,9285
00953B,群益優選非投等債,300,1,299,凱基-中壢,2024-09-09,9285
00919,群益台灣精選高息,230,12,218,凱基-中壢,2024-09-09,9285
00929,復華台灣科技優息,239,103,136,凱基-中壢,2024-09-09,9285
1718,中纖,131,0,131,凱基-中壢,2024-09-09,9285
00712,復華富時不動產,131,25,106,凱基-中壢,2024-09-09,9285
00878,國泰永續高股息,146,46,100,凱基-中壢,2024-09-09,9285
00948B,中信優息投資級債,85,0,85,凱基-中壢,2024-09-09,9285
2891,中信金,69,4,65,凱基-中壢,2024-09-09,9285
00679B,元大美債20年,105,40,65,凱基-中壢,2024-09-09,9285
00687B,國泰20年美債,72,7,65,凱基-中壢,2024-09-09,9285
00930,永豐ESG低碳高息,62,0,62,凱基-中壢,2024-09-09,9285
00918,大華優利高填息30,67,5,62,凱基-中壢,2024-09-09,9285
00940,元大台灣價值高息,62,1,61,凱基-中壢,2024-09-09,9285
00882,中信中國高股息,99,40,59,凱基-中壢,2024-09-09,9285
00830,國泰費城半導體,53,0,53,凱基-中壢,2024-09-09,9285
00942B,台新美A公司債20+,64,11,53,凱基-中壢,2024-09-09,9285
9950,萬國通,49,0,49,凱基-中壢,2024-09-09,9285
2881,富邦金,47,1,46,凱基-中壢,2024-09-09,9285
00915,凱基優選高股息30,66,23,43,凱基-中壢,2024-09-09,9285
00881,國泰台灣5G+,38,0,38,凱基-中壢,2024-09-09,9285
3231,緯創,39,3,36,凱基-中壢,2024-09-09,9285
3312,弘憶股,36,0,36,凱基-中壢,2024-09-09,9285
00706L,期元大S＆P日圓正2,35,0,35,凱基-中壢,2024-09-09,9285
00642U,期元大S＆P石油,34,0,34,凱基-中壢,2024-09-09,9285
6505,台塑化,82,50,32,凱基-中壢,2024-09-09,9285
0056,元大高股息,38,8,30,凱基-中壢,2024-09-09,9285
2615,萬海,29,1,28,凱基-中壢,2024-09-09,9285
2002,中鋼,47,22,25,凱基-中壢,2024-09-09,9285
2609,陽明,30,5,25,凱基-中壢,2024-09-09,9285
2313,華通,33,9,24,凱基-中壢,2024-09-09,9285
1434,福懋,43,19,24,凱基-中壢,2024-09-09,9285
2883,凱基金,43,20,23,凱基-中壢,2024-09-09,9285
8183,精星,23,0,23,凱基-中壢,2024-09-09,9285
3481,群創,26,3,23,凱基-中壢,2024-09-09,9285
2303,聯電,24,2,22,凱基-中壢,2024-09-09,9285
2489,瑞軒,35,13,22,凱基-中壢,2024-09-09,9285
5460,同協,20,0,20,凱基-中壢,2024-09-09,9285
5009,榮剛,20,0,20,凱基-中壢,2024-09-09,9285
2356,英業達,20,0,20,凱基-中壢,2024-09-09,9285
2426,鼎元,21,1,20,凱基-中壢,2024-09-09,9285
2464,盟立,53,33,20,凱基-中壢,2024-09-09,9285
00934,中信成長高股息,21,2,19,凱基-中壢,2024-09-09,9285
2027,大成鋼,19,0,19,凱基-中壢,2024-09-09,9285
1314,中石化,27,8,19,凱基-中壢,2024-09-09,9285
8011,台通,21,2,19,凱基-中壢,2024-09-09,9285
2382,廣達,36,17,19,凱基-中壢,2024-09-09,9285
1802,台玻,20,2,18,凱基-中壢,2024-09-09,9285
2330,台積電,25,8,17,凱基-中壢,2024-09-09,9285
1303,南亞,16,0,16,凱基-中壢,2024-09-09,9285
00715L,期街口布蘭特正2,544,100,444,凱基-中壢,2024-09-10,9285
00687B,國泰20年美債,271,25,246,凱基-中壢,2024-09-10,9285
00725B,國泰投資級公司債,158,0,158,凱基-中壢,2024-09-10,9285
3047,訊舟,158,41,117,凱基-中壢,2024-09-10,9285
3481,群創,125,10,115,凱基-中壢,2024-09-10,9285
2382,廣達,119,9,110,凱基-中壢,2024-09-10,9285
00795B,中信美國公債20年,110,2,108,凱基-中壢,2024-09-10,9285
00740B,富邦全球投等債,108,0,108,凱基-中壢,2024-09-10,9285
00919,群益台灣精選高息,124,21,103,凱基-中壢,2024-09-10,9285
00918,大華優利高填息30,99,2,97,凱基-中壢,2024-09-10,9285
4909,新復興,120,29,91,凱基-中壢,2024-09-10,9285
00915,凱基優選高股息30,100,12,88,凱基-中壢,2024-09-10,9285
6757,台灣虎航,92,16,76,凱基-中壢,2024-09-10,9285
00680L,元大美債20正2,261,189,72,凱基-中壢,2024-09-10,9285
00937B,群益ESG投等債20,178,113,65,凱基-中壢,2024-09-10,9285
00688L,國泰20年美債正2,93,42,51,凱基-中壢,2024-09-10,9285
2317,鴻海,62,18,44,凱基-中壢,2024-09-10,9285
1785,光洋科,42,1,41,凱基-中壢,2024-09-10,9285
5009,榮剛,40,0,40,凱基-中壢,2024-09-10,9285
00952,凱基台灣AI50,49,13,36,凱基-中壢,2024-09-10,9285
2542,興富發,35,0,35,凱基-中壢,2024-09-10,9285
00934,中信成長高股息,36,2,34,凱基-中壢,2024-09-10,9285
6443,元晶,39,6,33,凱基-中壢,2024-09-10,9285
2606,裕民,30,0,30,凱基-中壢,2024-09-10,9285
2337,旺宏,30,0,30,凱基-中壢,2024-09-10,9285
3703,欣陸,30,0,30,凱基-中壢,2024-09-10,9285
2303,聯電,34,5,29,凱基-中壢,2024-09-10,9285
5871,中租-KY,29,0,29,凱基-中壢,2024-09-10,9285
2891,中信金,36,7,29,凱基-中壢,2024-09-10,9285
00706L,期元大S＆P日圓正2,30,3,27,凱基-中壢,2024-09-10,9285
2363,矽統,26,1,25,凱基-中壢,2024-09-10,9285
4532,瑞智,37,12,25,凱基-中壢,2024-09-10,9285
1539,巨庭,27,2,25,凱基-中壢,2024-09-10,9285
00722B,群益投資級電信債,25,1,24,凱基-中壢,2024-09-10,9285
1312,國喬,30,7,23,凱基-中壢,2024-09-10,9285
1540,喬福,36,14,22,凱基-中壢,2024-09-10,9285
00713,元大台灣高息低波,21,0,21,凱基-中壢,2024-09-10,9285
3014,聯陽,20,0,20,凱基-中壢,2024-09-10,9285
00690,兆豐藍籌30,20,0,20,凱基-中壢,2024-09-10,9285
00932,兆豐永續高息等權,20,0,20,凱基-中壢,2024-09-10,9285
1301,台塑,35,16,19,凱基-中壢,2024-09-10,9285
4714,永捷,28,9,19,凱基-中壢,2024-09-10,9285
1570,力肯,18,0,18,凱基-中壢,2024-09-10,9285
3535,晶彩科,27,10,17,凱基-中壢,2024-09-10,9285
00948B,中信優息投資級債,42,25,17,凱基-中壢,2024-09-10,9285
3617,碩天,20,3,17,凱基-中壢,2024-09-10,9285
2457,飛宏,18,2,16,凱基-中壢,2024-09-10,9285
2301,光寶科,20,4,16,凱基-中壢,2024-09-10,9285
5484,慧友,15,0,15,凱基-中壢,2024-09-10,9285
3581,博磊,16,1,15,凱基-中壢,2024-09-10,9285
00715L,期街口布蘭特正2,723,40,683,凱基-中壢,2024-09-11,9285
00937B,群益ESG投等債20,483,5,478,凱基-中壢,2024-09-11,9285
00680L,元大美債20正2,425,53,372,凱基-中壢,2024-09-11,9285
00959B,大華投等美債15Y+,305,0,305,凱基-中壢,2024-09-11,9285
00688L,國泰20年美債正2,337,45,292,凱基-中壢,2024-09-11,9285
00632R,元大台灣50反1,257,22,235,凱基-中壢,2024-09-11,9285
00919,群益台灣精選高息,232,2,230,凱基-中壢,2024-09-11,9285
5905,南仁湖,132,0,132,凱基-中壢,2024-09-11,9285
00687B,國泰20年美債,176,48,128,凱基-中壢,2024-09-11,9285
00929,復華台灣科技優息,120,11,109,凱基-中壢,2024-09-11,9285
00857B,永豐20年美公債,98,1,97,凱基-中壢,2024-09-11,9285
00915,凱基優選高股息30,79,0,79,凱基-中壢,2024-09-11,9285
00650L,復華香港正2,58,0,58,凱基-中壢,2024-09-11,9285
00676R,富邦臺灣加權反1,54,0,54,凱基-中壢,2024-09-11,9285
00948B,中信優息投資級債,51,0,51,凱基-中壢,2024-09-11,9285
00706L,期元大S＆P日圓正2,55,5,50,凱基-中壢,2024-09-11,9285
00671R,富邦NASDAQ反1,50,0,50,凱基-中壢,2024-09-11,9285
2891,中信金,49,3,46,凱基-中壢,2024-09-11,9285
2542,興富發,45,1,44,凱基-中壢,2024-09-11,9285
00940,元大台灣價值高息,116,80,36,凱基-中壢,2024-09-11,9285
3047,訊舟,50,15,35,凱基-中壢,2024-09-11,9285
2495,普安,35,2,33,凱基-中壢,2024-09-11,9285
2504,國產,80,50,30,凱基-中壢,2024-09-11,9285
00946,群益科技高息成長,27,0,27,凱基-中壢,2024-09-11,9285
2365,昆盈,34,9,25,凱基-中壢,2024-09-11,9285
3360,尚立,25,0,25,凱基-中壢,2024-09-11,9285
00918,大華優利高填息30,25,1,24,凱基-中壢,2024-09-11,9285
6464,台數科,23,0,23,凱基-中壢,2024-09-11,9285
3019,亞光,24,1,23,凱基-中壢,2024-09-11,9285
4903,聯光通,21,0,21,凱基-中壢,2024-09-11,9285
1718,中纖,21,0,21,凱基-中壢,2024-09-11,9285
5484,慧友,22,1,21,凱基-中壢,2024-09-11,9285
00642U,期元大S＆P石油,20,0,20,凱基-中壢,2024-09-11,9285
3535,晶彩科,21,1,20,凱基-中壢,2024-09-11,9285
4935,茂林-KY,22,2,20,凱基-中壢,2024-09-11,9285
1444,力麗,20,0,20,凱基-中壢,2024-09-11,9285
9105,泰金寶-DR,23,3,20,凱基-中壢,2024-09-11,9285
0056,元大高股息,60,40,20,凱基-中壢,2024-09-11,9285
2834,臺企銀,23,4,19,凱基-中壢,2024-09-11,9285
3715,定穎投控,32,13,19,凱基-中壢,2024-09-11,9285
00679B,元大美債20年,30,11,19,凱基-中壢,2024-09-11,9285
2399,映泰,48,30,18,凱基-中壢,2024-09-11,9285
00648R,元大S＆P500反1,18,0,18,凱基-中壢,2024-09-11,9285
00713,元大台灣高息低波,18,2,16,凱基-中壢,2024-09-11,9285
00665L,富邦�琤肭磪囓�2,16,0,16,凱基-中壢,2024-09-11,9285
8927,北基,16,0,16,凱基-中壢,2024-09-11,9285
3550,聯穎,16,0,16,凱基-中壢,2024-09-11,9285
4974,亞泰,40,25,15,凱基-中壢,2024-09-11,9285
00934,中信成長高股息,14,0,14,凱基-中壢,2024-09-11,9285
00882,中信中國高股息,44,30,14,凱基-中壢,2024-09-11,9285
00632R,元大台灣50反1,2082,1302,780,凱基-中壢,2024-09-12,9285
9105,泰金寶-DR,302,3,299,凱基-中壢,2024-09-12,9285
00665L,富邦�琤肭磪囓�2,300,14,286,凱基-中壢,2024-09-12,9285
00919,群益台灣精選高息,265,0,265,凱基-中壢,2024-09-12,9285
2891,中信金,237,15,222,凱基-中壢,2024-09-12,9285
00637L,元大滬深300正2,186,0,186,凱基-中壢,2024-09-12,9285
2887,台新金,117,0,117,凱基-中壢,2024-09-12,9285
00929,復華台灣科技優息,129,17,112,凱基-中壢,2024-09-12,9285
2888,新光金,257,160,97,凱基-中壢,2024-09-12,9285
2313,華通,112,30,82,凱基-中壢,2024-09-12,9285
00795B,中信美國公債20年,180,110,70,凱基-中壢,2024-09-12,9285
00715L,期街口布蘭特正2,83,14,69,凱基-中壢,2024-09-12,9285
4716,大立,62,0,62,凱基-中壢,2024-09-12,9285
00959B,大華投等美債15Y+,60,0,60,凱基-中壢,2024-09-12,9285
00948B,中信優息投資級債,57,0,57,凱基-中壢,2024-09-12,9285
00918,大華優利高填息30,59,7,52,凱基-中壢,2024-09-12,9285
2489,瑞軒,79,33,46,凱基-中壢,2024-09-12,9285
1444,力麗,45,0,45,凱基-中壢,2024-09-12,9285
2406,國碩,40,0,40,凱基-中壢,2024-09-12,9285
00915,凱基優選高股息30,50,11,39,凱基-中壢,2024-09-12,9285
4714,永捷,36,6,30,凱基-中壢,2024-09-12,9285
2618,長榮航,66,38,28,凱基-中壢,2024-09-12,9285
6142,友勁,27,0,27,凱基-中壢,2024-09-12,9285
6120,達運,26,1,25,凱基-中壢,2024-09-12,9285
1303,南亞,25,1,24,凱基-中壢,2024-09-12,9285
4977,眾達-KY,54,32,22,凱基-中壢,2024-09-12,9285
3289,宜特,32,11,21,凱基-中壢,2024-09-12,9285
8076,伍豐,21,1,20,凱基-中壢,2024-09-12,9285
1446,宏和,20,0,20,凱基-中壢,2024-09-12,9285
6464,台數科,20,0,20,凱基-中壢,2024-09-12,9285
4729,熒茂,25,5,20,凱基-中壢,2024-09-12,9285
2634,漢翔,20,1,19,凱基-中壢,2024-09-12,9285
00713,元大台灣高息低波,51,34,17,凱基-中壢,2024-09-12,9285
2348,海悅,20,3,17,凱基-中壢,2024-09-12,9285
2468,華經,15,0,15,凱基-中壢,2024-09-12,9285
4958,臻鼎-KY,18,4,14,凱基-中壢,2024-09-12,9285
2408,南亞科,16,3,13,凱基-中壢,2024-09-12,9285
8249,菱光,41,28,13,凱基-中壢,2024-09-12,9285
00688L,國泰20年美債正2,28,16,12,凱基-中壢,2024-09-12,9285
2497,怡利電,28,16,12,凱基-中壢,2024-09-12,9285
5452,佶優,11,0,11,凱基-中壢,2024-09-12,9285
3033,威健,11,0,11,凱基-中壢,2024-09-12,9285
3550,聯穎,11,0,11,凱基-中壢,2024-09-12,9285
6505,台塑化,23,12,11,凱基-中壢,2024-09-12,9285
6121,新普,11,0,11,凱基-中壢,2024-09-12,9285
2543,皇昌,10,0,10,凱基-中壢,2024-09-12,9285
2201,裕隆,10,0,10,凱基-中壢,2024-09-12,9285
00642U,期元大S＆P石油,11,1,10,凱基-中壢,2024-09-12,9285
00645,富邦日本,10,0,10,凱基-中壢,2024-09-12,9285
3532,台勝科,10,0,10,凱基-中壢,2024-09-12,9285
6757,台灣虎航,245,26,219,凱基-中壢,2024-09-13,9285
00929,復華台灣科技優息,174,2,172,凱基-中壢,2024-09-13,9285
00687B,國泰20年美債,137,1,136,凱基-中壢,2024-09-13,9285
00715L,期街口布蘭特正2,281,150,131,凱基-中壢,2024-09-13,9285
2543,皇昌,112,0,112,凱基-中壢,2024-09-13,9285
00919,群益台灣精選高息,111,1,110,凱基-中壢,2024-09-13,9285
1314,中石化,104,4,100,凱基-中壢,2024-09-13,9285
00918,大華優利高填息30,55,5,50,凱基-中壢,2024-09-13,9285
9136,巨騰-DR,48,0,48,凱基-中壢,2024-09-13,9285
00915,凱基優選高股息30,60,20,40,凱基-中壢,2024-09-13,9285
00712,復華富時不動產,33,0,33,凱基-中壢,2024-09-13,9285
2317,鴻海,35,6,29,凱基-中壢,2024-09-13,9285
6405,悅城,48,19,29,凱基-中壢,2024-09-13,9285
00885,富邦越南,28,0,28,凱基-中壢,2024-09-13,9285
00679B,元大美債20年,27,0,27,凱基-中壢,2024-09-13,9285
00937B,群益ESG投等債20,23,0,23,凱基-中壢,2024-09-13,9285
00933B,國泰10Y+金融債,23,0,23,凱基-中壢,2024-09-13,9285
3702,大聯大,23,0,23,凱基-中壢,2024-09-13,9285
912000,晨訊科-DR,22,0,22,凱基-中壢,2024-09-13,9285
00680L,元大美債20正2,21,0,21,凱基-中壢,2024-09-13,9285
2881,富邦金,20,0,20,凱基-中壢,2024-09-13,9285
1467,南緯,20,0,20,凱基-中壢,2024-09-13,9285
2303,聯電,37,17,20,凱基-中壢,2024-09-13,9285
6246,臺龍,21,1,20,凱基-中壢,2024-09-13,9285
6616,特昇-KY,17,0,17,凱基-中壢,2024-09-13,9285
2312,金寶,16,0,16,凱基-中壢,2024-09-13,9285
2596,綠意,15,0,15,凱基-中壢,2024-09-13,9285
00676R,富邦臺灣加權反1,15,0,15,凱基-中壢,2024-09-13,9285
00637L,元大滬深300正2,15,0,15,凱基-中壢,2024-09-13,9285
00945B,凱基美國非投等債,15,0,15,凱基-中壢,2024-09-13,9285
3587,閎康,15,0,15,凱基-中壢,2024-09-13,9285
1326,台化,23,8,15,凱基-中壢,2024-09-13,9285
2880,華南金,15,1,14,凱基-中壢,2024-09-13,9285
2365,昆盈,18,4,14,凱基-中壢,2024-09-13,9285
5871,中租-KY,14,0,14,凱基-中壢,2024-09-13,9285
4566,時碩工業,17,3,14,凱基-中壢,2024-09-13,9285
3149,正達,22,8,14,凱基-中壢,2024-09-13,9285
00946,群益科技高息成長,13,0,13,凱基-中壢,2024-09-13,9285
2002,中鋼,14,1,13,凱基-中壢,2024-09-13,9285
3663,鑫科,33,20,13,凱基-中壢,2024-09-13,9285
2344,華邦電,14,1,13,凱基-中壢,2024-09-13,9285
3550,聯穎,35,22,13,凱基-中壢,2024-09-13,9285
1605,華新,13,0,13,凱基-中壢,2024-09-13,9285
6494,九齊,13,0,13,凱基-中壢,2024-09-13,9285
00882,中信中國高股息,24,12,12,凱基-中壢,2024-09-13,9285
4729,熒茂,12,0,12,凱基-中壢,2024-09-13,9285
00713,元大台灣高息低波,51,39,12,凱基-中壢,2024-09-13,9285
2367,燿華,11,0,11,凱基-中壢,2024-09-13,9285
3062,建漢,108,97,11,凱基-中壢,2024-09-13,9285
8105,凌巨,11,0,11,凱基-中壢,2024-09-13,9285
00857B,永豐20年美公債,308,0,308,凱基-中壢,2024-09-16,9285
00915,凱基優選高股息30,129,3,126,凱基-中壢,2024-09-16,9285
00650L,復華香港正2,108,15,93,凱基-中壢,2024-09-16,9285
00918,大華優利高填息30,60,3,57,凱基-中壢,2024-09-16,9285
1718,中纖,80,25,55,凱基-中壢,2024-09-16,9285
00919,群益台灣精選高息,177,131,46,凱基-中壢,2024-09-16,9285
00795B,中信美國公債20年,46,0,46,凱基-中壢,2024-09-16,9285
00945B,凱基美國非投等債,45,0,45,凱基-中壢,2024-09-16,9285
1301,台塑,51,6,45,凱基-中壢,2024-09-16,9285
2401,凌陽,40,0,40,凱基-中壢,2024-09-16,9285
6505,台塑化,38,2,36,凱基-中壢,2024-09-16,9285
00885,富邦越南,37,2,35,凱基-中壢,2024-09-16,9285
6443,元晶,32,1,31,凱基-中壢,2024-09-16,9285
9136,巨騰-DR,30,0,30,凱基-中壢,2024-09-16,9285
00882,中信中國高股息,33,3,30,凱基-中壢,2024-09-16,9285
6530,創威,67,41,26,凱基-中壢,2024-09-16,9285
00706L,期元大S＆P日圓正2,34,9,25,凱基-中壢,2024-09-16,9285
6142,友勁,52,27,25,凱基-中壢,2024-09-16,9285
00933B,國泰10Y+金融債,24,0,24,凱基-中壢,2024-09-16,9285
3550,聯穎,27,3,24,凱基-中壢,2024-09-16,9285
3049,精金,27,4,23,凱基-中壢,2024-09-16,9285
3037,欣興,25,4,21,凱基-中壢,2024-09-16,9285
3289,宜特,24,3,21,凱基-中壢,2024-09-16,9285
2349,錸德,52,32,20,凱基-中壢,2024-09-16,9285
00676R,富邦臺灣加權反1,20,0,20,凱基-中壢,2024-09-16,9285
6698,旭暉應材,26,7,19,凱基-中壢,2024-09-16,9285
5206,坤悅,18,0,18,凱基-中壢,2024-09-16,9285
1326,台化,28,10,18,凱基-中壢,2024-09-16,9285
1717,長興,18,0,18,凱基-中壢,2024-09-16,9285
00878,國泰永續高股息,38,21,17,凱基-中壢,2024-09-16,9285
2033,佳大,24,7,17,凱基-中壢,2024-09-16,9285
00948B,中信優息投資級債,17,0,17,凱基-中壢,2024-09-16,9285
00921,兆豐龍頭等權重,17,0,17,凱基-中壢,2024-09-16,9285
2891,中信金,48,32,16,凱基-中壢,2024-09-16,9285
8028,昇陽半導體,41,25,16,凱基-中壢,2024-09-16,9285
6405,悅城,60,44,16,凱基-中壢,2024-09-16,9285
00930,永豐ESG低碳高息,15,0,15,凱基-中壢,2024-09-16,9285
2449,京元電子,18,3,15,凱基-中壢,2024-09-16,9285
4956,光鋐,21,6,15,凱基-中壢,2024-09-16,9285
1582,信錦,15,0,15,凱基-中壢,2024-09-16,9285
6449,鈺邦,15,0,15,凱基-中壢,2024-09-16,9285
00713,元大台灣高息低波,20,7,13,凱基-中壢,2024-09-16,9285
2609,陽明,14,0,14,凱基-中壢,2024-09-16,9285
1540,喬福,31,18,13,凱基-中壢,2024-09-16,9285
2371,大同,30,17,13,凱基-中壢,2024-09-16,9285
6290,良維,13,1,12,凱基-中壢,2024-09-16,9285
00959B,大華投等美債15Y+,12,0,12,凱基-中壢,2024-09-16,9285
2379,瑞昱,11,0,11,凱基-中壢,2024-09-16,9285
3066,李洲,16,5,11,凱基-中壢,2024-09-16,9285
4123,晟德,13,2,11,凱基-中壢,2024-09-16,9285
00937B,群益ESG投等債20,545,46,499,凱基-中壢,2024-09-18,9285
00687B,國泰20年美債,454,22,432,凱基-中壢,2024-09-18,9285
00929,復華台灣科技優息,269,0,269,凱基-中壢,2024-09-18,9285
00637L,元大滬深300正2,143,20,123,凱基-中壢,2024-09-18,9285
00878,國泰永續高股息,122,1,121,凱基-中壢,2024-09-18,9285
00918,大華優利高填息30,120,2,118,凱基-中壢,2024-09-18,9285
00919,群益台灣精選高息,148,43,105,凱基-中壢,2024-09-18,9285
00915,凱基優選高股息30,129,33,96,凱基-中壢,2024-09-18,9285
00680L,元大美債20正2,134,43,91,凱基-中壢,2024-09-18,9285
4903,聯光通,102,30,72,凱基-中壢,2024-09-18,9285
2887,台新金,70,2,68,凱基-中壢,2024-09-18,9285
2303,聯電,67,2,65,凱基-中壢,2024-09-18,9285
1785,光洋科,102,41,61,凱基-中壢,2024-09-18,9285
00930,永豐ESG低碳高息,52,0,52,凱基-中壢,2024-09-18,9285
00713,元大台灣高息低波,51,0,51,凱基-中壢,2024-09-18,9285
0056,元大高股息,50,1,49,凱基-中壢,2024-09-18,9285
2344,華邦電,51,3,48,凱基-中壢,2024-09-18,9285
2317,鴻海,78,30,48,凱基-中壢,2024-09-18,9285
6757,台灣虎航,45,0,45,凱基-中壢,2024-09-18,9285
3550,聯穎,53,9,44,凱基-中壢,2024-09-18,9285
3062,建漢,103,63,40,凱基-中壢,2024-09-18,9285
5398,慕康生醫,41,2,39,凱基-中壢,2024-09-18,9285
5009,榮剛,41,2,39,凱基-中壢,2024-09-18,9285
00881,國泰台灣5G+,35,0,35,凱基-中壢,2024-09-18,9285
00945B,凱基美國非投等債,31,0,31,凱基-中壢,2024-09-18,9285
2313,華通,33,4,29,凱基-中壢,2024-09-18,9285
2477,美隆電,34,8,26,凱基-中壢,2024-09-18,9285
2408,南亞科,23,0,23,凱基-中壢,2024-09-18,9285
00942B,台新美A公司債20+,23,0,23,凱基-中壢,2024-09-18,9285
8222,寶一,21,1,20,凱基-中壢,2024-09-18,9285
6269,台郡,20,0,20,凱基-中壢,2024-09-18,9285
00927,群益半導體收益,19,0,19,凱基-中壢,2024-09-18,9285
00857B,永豐20年美公債,19,0,19,凱基-中壢,2024-09-18,9285
5905,南仁湖,23,4,19,凱基-中壢,2024-09-18,9285
8431,匯鑽科,21,3,18,凱基-中壢,2024-09-18,9285
2371,大同,30,12,18,凱基-中壢,2024-09-18,9285
2330,台積電,19,2,17,凱基-中壢,2024-09-18,9285
8112,至上,16,0,16,凱基-中壢,2024-09-18,9285
6472,保瑞,15,0,15,凱基-中壢,2024-09-18,9285
3607,谷崧,17,2,15,凱基-中壢,2024-09-18,9285
9105,泰金寶-DR,20,5,15,凱基-中壢,2024-09-18,9285
2402,毅嘉,14,0,14,凱基-中壢,2024-09-18,9285
2889,國票金,14,0,14,凱基-中壢,2024-09-18,9285
2455,全新,16,2,14,凱基-中壢,2024-09-18,9285
00679B,元大美債20年,15,1,14,凱基-中壢,2024-09-18,9285
6761,穩得,13,0,13,凱基-中壢,2024-09-18,9285
2349,錸德,47,34,13,凱基-中壢,2024-09-18,9285
3711,日月光投控,14,1,13,凱基-中壢,2024-09-18,9285
1727,中華化,17,5,12,凱基-中壢,2024-09-18,9285
3019,亞光,14,2,12,凱基-中壢,2024-09-18,9285
00632R,元大台灣50反1,2061,100,1961,凱基-中壢,2024-09-19,9285
00900,富邦特選高股息30,200,7,193,凱基-中壢,2024-09-19,9285
00919,群益台灣精選高息,180,6,174,凱基-中壢,2024-09-19,9285
00929,復華台灣科技優息,177,2,175,凱基-中壢,2024-09-19,9285
00687B,國泰20年美債,142,5,137,凱基-中壢,2024-09-19,9285
00937B,群益ESG投等債20,138,13,125,凱基-中壢,2024-09-19,9285
00680L,元大美債20正2,183,73,110,凱基-中壢,2024-09-19,9285
2313,華通,88,4,84,凱基-中壢,2024-09-19,9285
00706L,期元大S＆P日圓正2,83,0,83,凱基-中壢,2024-09-19,9285
3049,精金,107,28,79,凱基-中壢,2024-09-19,9285
2545,皇翔,77,2,75,凱基-中壢,2024-09-19,9285
00637L,元大滬深300正2,58,1,57,凱基-中壢,2024-09-19,9285
00915,凱基優選高股息30,54,0,54,凱基-中壢,2024-09-19,9285
00945B,凱基美國非投等債,62,9,53,凱基-中壢,2024-09-19,9285
8107,大億金茂,52,0,52,凱基-中壢,2024-09-19,9285
3481,群創,87,36,51,凱基-中壢,2024-09-19,9285
3044,健鼎,50,0,50,凱基-中壢,2024-09-19,9285
00918,大華優利高填息30,48,0,48,凱基-中壢,2024-09-19,9285
00958B,永豐ESG銀行債15,42,0,42,凱基-中壢,2024-09-19,9285
3062,建漢,87,46,41,凱基-中壢,2024-09-19,9285
3413,京鼎,41,0,41,凱基-中壢,2024-09-19,9285
00878,國泰永續高股息,45,6,39,凱基-中壢,2024-09-19,9285
2449,京元電子,44,5,39,凱基-中壢,2024-09-19,9285
1582,信錦,37,1,36,凱基-中壢,2024-09-19,9285
2022,聚亨,35,3,32,凱基-中壢,2024-09-19,9285
00688L,國泰20年美債正2,41,11,30,凱基-中壢,2024-09-19,9285
6197,佳必琪,28,0,28,凱基-中壢,2024-09-19,9285
2520,冠德,20,0,20,凱基-中壢,2024-09-19,9285
5009,榮剛,20,0,20,凱基-中壢,2024-09-19,9285
2303,聯電,27,8,19,凱基-中壢,2024-09-19,9285
6288,聯嘉,38,19,19,凱基-中壢,2024-09-19,9285
2025,千興,19,0,19,凱基-中壢,2024-09-19,9285
4562,穎漢,36,21,15,凱基-中壢,2024-09-19,9285
6548,長科*,15,0,15,凱基-中壢,2024-09-19,9285
2610,華航,31,16,15,凱基-中壢,2024-09-19,9285
2344,華邦電,17,3,14,凱基-中壢,2024-09-19,9285
00675L,富邦臺灣加權正2,15,1,14,凱基-中壢,2024-09-19,9285
00631L,元大台灣50正2,15,1,14,凱基-中壢,2024-09-19,9285
1710,東聯,13,0,13,凱基-中壢,2024-09-19,9285
2426,鼎元,24,11,13,凱基-中壢,2024-09-19,9285
2061,風青,13,0,13,凱基-中壢,2024-09-19,9285
5234,達興材料,22,10,12,凱基-中壢,2024-09-19,9285
00949,復華日本龍頭,12,0,12,凱基-中壢,2024-09-19,9285
8421,旭源,24,12,12,凱基-中壢,2024-09-19,9285
3376,新日興,28,16,12,凱基-中壢,2024-09-19,9285
2337,旺宏,11,0,11,凱基-中壢,2024-09-19,9285
2834,臺企銀,12,1,11,凱基-中壢,2024-09-19,9285
00679B,元大美債20年,97,86,11,凱基-中壢,2024-09-19,9285
1513,中興電,14,4,10,凱基-中壢,2024-09-19,9285
4105,東洋,10,0,10,凱基-中壢,2024-09-19,9285
00937B,群益ESG投等債20,483,104,379,凱基-中壢,2024-09-20,9285
00637L,元大滬深300正2,292,0,292,凱基-中壢,2024-09-20,9285
00857B,永豐20年美公債,241,0,241,凱基-中壢,2024-09-20,9285
00919,群益台灣精選高息,198,43,155,凱基-中壢,2024-09-20,9285
2399,映泰,204,98,106,凱基-中壢,2024-09-20,9285
2349,錸德,145,47,98,凱基-中壢,2024-09-20,9285
2545,皇翔,86,0,86,凱基-中壢,2024-09-20,9285
2867,三商壽,237,155,82,凱基-中壢,2024-09-20,9285
00687B,國泰20年美債,100,19,81,凱基-中壢,2024-09-20,9285
6133,金橋,80,11,69,凱基-中壢,2024-09-20,9285
00957B,兆豐US優選投等債,65,0,65,凱基-中壢,2024-09-20,9285
00948B,中信優息投資級債,64,0,64,凱基-中壢,2024-09-20,9285
00952,凱基台灣AI50,55,0,55,凱基-中壢,2024-09-20,9285
2542,興富發,64,9,55,凱基-中壢,2024-09-20,9285
2344,華邦電,64,10,54,凱基-中壢,2024-09-20,9285
0056,元大高股息,62,10,52,凱基-中壢,2024-09-20,9285
1731,美吾華,50,0,50,凱基-中壢,2024-09-20,9285
5009,榮剛,50,1,49,凱基-中壢,2024-09-20,9285
00939,統一台灣高息動能,45,7,38,凱基-中壢,2024-09-20,9285
6104,創惟,83,46,37,凱基-中壢,2024-09-20,9285
3390,旭軟,52,20,32,凱基-中壢,2024-09-20,9285
00679B,元大美債20年,66,34,32,凱基-中壢,2024-09-20,9285
00878,國泰永續高股息,74,43,31,凱基-中壢,2024-09-20,9285
6154,順發,30,0,30,凱基-中壢,2024-09-20,9285
2101,南港,28,0,28,凱基-中壢,2024-09-20,9285
00712,復華富時不動產,32,5,27,凱基-中壢,2024-09-20,9285
3056,富華新,27,0,27,凱基-中壢,2024-09-20,9285
6506,雙邦,26,0,26,凱基-中壢,2024-09-20,9285
2062,橋椿,31,7,24,凱基-中壢,2024-09-20,9285
1605,華新,23,0,23,凱基-中壢,2024-09-20,9285
2520,冠德,22,2,20,凱基-中壢,2024-09-20,9285
912000,晨訊科-DR,20,0,20,凱基-中壢,2024-09-20,9285
3703,欣陸,20,0,20,凱基-中壢,2024-09-20,9285
5512,力麒,19,0,19,凱基-中壢,2024-09-20,9285
8011,台通,22,5,17,凱基-中壢,2024-09-20,9285
00882,中信中國高股息,50,33,17,凱基-中壢,2024-09-20,9285
2426,鼎元,19,2,17,凱基-中壢,2024-09-20,9285
1906,寶隆,17,0,17,凱基-中壢,2024-09-20,9285
2883,凱基金,22,5,17,凱基-中壢,2024-09-20,9285
4934,太極,16,0,16,凱基-中壢,2024-09-20,9285
8466,美吉吉-KY,17,1,16,凱基-中壢,2024-09-20,9285
00958B,永豐ESG銀行債15,15,0,15,凱基-中壢,2024-09-20,9285
00960,野村全球航運龍頭,15,0,15,凱基-中壢,2024-09-20,9285
3466,德晉,15,0,15,凱基-中壢,2024-09-20,9285
1312,國喬,15,0,15,凱基-中壢,2024-09-20,9285
1709,和益,14,0,14,凱基-中壢,2024-09-20,9285
00673R,期元大S＆P原油反1,16,2,14,凱基-中壢,2024-09-20,9285
8021,尖點,20,6,14,凱基-中壢,2024-09-20,9285
9105,泰金寶-DR,13,0,13,凱基-中壢,2024-09-20,9285
2365,昆盈,21,8,13,凱基-中壢,2024-09-20,9285
00632R,元大台灣50反1,316,50,266,凱基-中壢,2024-09-23,9285
00919,群益台灣精選高息,249,19,230,凱基-中壢,2024-09-23,9285
2888,新光金,269,116,153,凱基-中壢,2024-09-23,9285
3715,定穎投控,220,83,137,凱基-中壢,2024-09-23,9285
00929,復華台灣科技優息,112,5,107,凱基-中壢,2024-09-23,9285
00878,國泰永續高股息,114,12,102,凱基-中壢,2024-09-23,9285
2545,皇翔,81,10,71,凱基-中壢,2024-09-23,9285
2062,橋椿,71,9,62,凱基-中壢,2024-09-23,9285
912000,晨訊科-DR,60,0,60,凱基-中壢,2024-09-23,9285
0056,元大高股息,75,20,55,凱基-中壢,2024-09-23,9285
00706L,期元大S＆P日圓正2,46,0,46,凱基-中壢,2024-09-23,9285
00850,元大臺灣ESG永續,45,0,45,凱基-中壢,2024-09-23,9285
2542,興富發,47,4,43,凱基-中壢,2024-09-23,9285
3498,陽程,51,15,36,凱基-中壢,2024-09-23,9285
2520,冠德,36,3,33,凱基-中壢,2024-09-23,9285
1301,台塑,32,0,32,凱基-中壢,2024-09-23,9285
1229,聯華,34,2,32,凱基-中壢,2024-09-23,9285
00942B,台新美A公司債20+,31,0,31,凱基-中壢,2024-09-23,9285
3689,湧德,32,4,28,凱基-中壢,2024-09-23,9285
00937B,群益ESG投等債20,130,103,27,凱基-中壢,2024-09-23,9285
5608,四維航,30,3,27,凱基-中壢,2024-09-23,9285
3450,聯鈞,53,27,26,凱基-中壢,2024-09-23,9285
1524,耿鼎,37,11,26,凱基-中壢,2024-09-23,9285
6438,迅得,26,2,24,凱基-中壢,2024-09-23,9285
2464,盟立,72,49,23,凱基-中壢,2024-09-23,9285
00671R,富邦NASDAQ反1,33,10,23,凱基-中壢,2024-09-23,9285
3550,聯穎,27,4,23,凱基-中壢,2024-09-23,9285
1711,永光,61,38,23,凱基-中壢,2024-09-23,9285
1314,中石化,25,3,22,凱基-中壢,2024-09-23,9285
3289,宜特,25,3,22,凱基-中壢,2024-09-23,9285
3005,神基,27,5,22,凱基-中壢,2024-09-23,9285
1721,三晃,113,92,21,凱基-中壢,2024-09-23,9285
2331,精英,20,0,20,凱基-中壢,2024-09-23,9285
2313,華通,28,8,20,凱基-中壢,2024-09-23,9285
4729,熒茂,29,9,20,凱基-中壢,2024-09-23,9285
6763,綠界科技*,20,0,20,凱基-中壢,2024-09-23,9285
2836,高雄銀,20,0,20,凱基-中壢,2024-09-23,9285
3227,原相,31,11,20,凱基-中壢,2024-09-23,9285
3564,其陽,19,1,18,凱基-中壢,2024-09-23,9285
6505,台塑化,16,0,16,凱基-中壢,2024-09-23,9285
00687B,國泰20年美債,125,110,15,凱基-中壢,2024-09-23,9285
2204,中華,15,0,15,凱基-中壢,2024-09-23,9285
2488,漢平,15,0,15,凱基-中壢,2024-09-23,9285
00679B,元大美債20年,54,41,13,凱基-中壢,2024-09-23,9285
6757,台灣虎航,13,0,13,凱基-中壢,2024-09-23,9285
00720B,元大投資級公司債,21,8,13,凱基-中壢,2024-09-23,9285
2883,凱基金,30,17,13,凱基-中壢,2024-09-23,9285
2887,台新金,12,0,12,凱基-中壢,2024-09-23,9285
3622,洋華,27,15,12,凱基-中壢,2024-09-23,9285
2497,怡利電,16,4,12,凱基-中壢,2024-09-23,9285
00665L,富邦�琤肭磪囓�2,521,252,269,凱基-中壢,2024-09-24,9285
00878,國泰永續高股息,166,7,159,凱基-中壢,2024-09-24,9285
00948B,中信優息投資級債,150,13,137,凱基-中壢,2024-09-24,9285
00960,野村全球航運龍頭,121,1,120,凱基-中壢,2024-09-24,9285
2891,中信金,127,21,106,凱基-中壢,2024-09-24,9285
00936,台新永續高息中小,100,0,100,凱基-中壢,2024-09-24,9285
1815,富喬,104,8,96,凱基-中壢,2024-09-24,9285
00680L,元大美債20正2,99,9,90,凱基-中壢,2024-09-24,9285
00919,群益台灣精選高息,106,17,89,凱基-中壢,2024-09-24,9285
00688L,國泰20年美債正2,95,9,86,凱基-中壢,2024-09-24,9285
0056,元大高股息,71,7,64,凱基-中壢,2024-09-24,9285
5531,鄉林,58,0,58,凱基-中壢,2024-09-24,9285
2515,中工,55,2,53,凱基-中壢,2024-09-24,9285
0050,元大台灣50,57,8,49,凱基-中壢,2024-09-24,9285
1582,信錦,52,3,49,凱基-中壢,2024-09-24,9285
6757,台灣虎航,49,1,48,凱基-中壢,2024-09-24,9285
00632R,元大台灣50反1,227,180,47,凱基-中壢,2024-09-24,9285
00934,中信成長高股息,51,5,46,凱基-中壢,2024-09-24,9285
2344,華邦電,61,18,43,凱基-中壢,2024-09-24,9285
3049,精金,49,10,39,凱基-中壢,2024-09-24,9285
912000,晨訊科-DR,40,5,35,凱基-中壢,2024-09-24,9285
3037,欣興,34,1,33,凱基-中壢,2024-09-24,9285
3013,晟銘電,50,17,33,凱基-中壢,2024-09-24,9285
3581,博磊,49,17,32,凱基-中壢,2024-09-24,9285
00639,富邦深100,30,0,30,凱基-中壢,2024-09-24,9285
3615,安可,34,4,30,凱基-中壢,2024-09-24,9285
3605,宏致,33,4,29,凱基-中壢,2024-09-24,9285
2888,新光金,42,15,27,凱基-中壢,2024-09-24,9285
2349,錸德,70,46,24,凱基-中壢,2024-09-24,9285
6133,金橋,25,1,24,凱基-中壢,2024-09-24,9285
00679B,元大美債20年,48,25,23,凱基-中壢,2024-09-24,9285
00712,復華富時不動產,22,0,22,凱基-中壢,2024-09-24,9285
3062,建漢,29,8,21,凱基-中壢,2024-09-24,9285
00945B,凱基美國非投等債,20,0,20,凱基-中壢,2024-09-24,9285
1540,喬福,46,26,20,凱基-中壢,2024-09-24,9285
2436,偉詮電,25,5,20,凱基-中壢,2024-09-24,9285
00676R,富邦臺灣加權反1,20,0,20,凱基-中壢,2024-09-24,9285
3021,鴻名,19,0,19,凱基-中壢,2024-09-24,9285
00952,凱基台灣AI50,16,0,16,凱基-中壢,2024-09-24,9285
2208,台船,16,0,16,凱基-中壢,2024-09-24,9285
1785,光洋科,25,10,15,凱基-中壢,2024-09-24,9285
8240,華宏,21,6,15,凱基-中壢,2024-09-24,9285
6530,創威,17,2,15,凱基-中壢,2024-09-24,9285
1522,堤維西,21,6,15,凱基-中壢,2024-09-24,9285
4526,東台,20,6,14,凱基-中壢,2024-09-24,9285
6531,愛普*,14,0,14,凱基-中壢,2024-09-24,9285
3537,堡達,18,4,14,凱基-中壢,2024-09-24,9285
2371,大同,18,5,13,凱基-中壢,2024-09-24,9285
6290,良維,13,0,13,凱基-中壢,2024-09-24,9285
2408,南亞科,23,10,13,凱基-中壢,2024-09-24,9285
00948B,中信優息投資級債,262,0,262,凱基-中壢,2024-09-25,9285
00687B,國泰20年美債,246,58,188,凱基-中壢,2024-09-25,9285
00671R,富邦NASDAQ反1,110,0,110,凱基-中壢,2024-09-25,9285
2891,中信金,96,28,68,凱基-中壢,2024-09-25,9285
4903,聯光通,75,12,63,凱基-中壢,2024-09-25,9285
1314,中石化,57,0,57,凱基-中壢,2024-09-25,9285
1444,力麗,53,0,53,凱基-中壢,2024-09-25,9285
3289,宜特,52,1,51,凱基-中壢,2024-09-25,9285
00688L,國泰20年美債正2,66,15,51,凱基-中壢,2024-09-25,9285
5009,榮剛,46,0,46,凱基-中壢,2024-09-25,9285
3550,聯穎,87,45,42,凱基-中壢,2024-09-25,9285
2867,三商壽,66,25,41,凱基-中壢,2024-09-25,9285
2208,台船,40,0,40,凱基-中壢,2024-09-25,9285
912000,晨訊科-DR,40,0,40,凱基-中壢,2024-09-25,9285
2365,昆盈,43,6,37,凱基-中壢,2024-09-25,9285
2002,中鋼,83,46,37,凱基-中壢,2024-09-25,9285
2313,華通,69,33,36,凱基-中壢,2024-09-25,9285
00882,中信中國高股息,75,41,34,凱基-中壢,2024-09-25,9285
3202,樺晟,32,0,32,凱基-中壢,2024-09-25,9285
3714,富采,33,1,32,凱基-中壢,2024-09-25,9285
0056,元大高股息,34,2,32,凱基-中壢,2024-09-25,9285
00922,國泰台灣領袖50,31,0,31,凱基-中壢,2024-09-25,9285
6505,台塑化,31,0,31,凱基-中壢,2024-09-25,9285
2495,普安,33,6,27,凱基-中壢,2024-09-25,9285
00632R,元大台灣50反1,164,137,27,凱基-中壢,2024-09-25,9285
8054,安國,33,7,26,凱基-中壢,2024-09-25,9285
3062,建漢,54,29,25,凱基-中壢,2024-09-25,9285
3455,由田,26,2,24,凱基-中壢,2024-09-25,9285
1626,艾美特-KY,32,8,24,凱基-中壢,2024-09-25,9285
00945B,凱基美國非投等債,23,0,23,凱基-中壢,2024-09-25,9285
3149,正達,55,32,23,凱基-中壢,2024-09-25,9285
4716,大立,40,17,23,凱基-中壢,2024-09-25,9285
2436,偉詮電,44,22,22,凱基-中壢,2024-09-25,9285
2883,凱基金,22,1,21,凱基-中壢,2024-09-25,9285
5531,鄉林,22,1,21,凱基-中壢,2024-09-25,9285
00960,野村全球航運龍頭,61,41,20,凱基-中壢,2024-09-25,9285
2204,中華,20,0,20,凱基-中壢,2024-09-25,9285
00639,富邦深100,20,0,20,凱基-中壢,2024-09-25,9285
3537,堡達,28,8,20,凱基-中壢,2024-09-25,9285
3057,喬鼎,20,0,20,凱基-中壢,2024-09-25,9285
6548,長科*,25,6,19,凱基-中壢,2024-09-25,9285
00680L,元大美債20正2,60,41,19,凱基-中壢,2024-09-25,9285
3450,聯鈞,41,22,19,凱基-中壢,2024-09-25,9285
3622,洋華,72,54,18,凱基-中壢,2024-09-25,9285
1326,台化,24,6,18,凱基-中壢,2024-09-25,9285
4571,鈞興-KY,21,4,17,凱基-中壢,2024-09-25,9285
4174,浩鼎,19,2,17,凱基-中壢,2024-09-25,9285
00713,元大台灣高息低波,16,0,16,凱基-中壢,2024-09-25,9285
5452,佶優,25,11,14,凱基-中壢,2024-09-25,9285
00676R,富邦臺灣加權反1,44,30,14,凱基-中壢,2024-09-25,9285
00948B,中信優息投資級債,405,0,405,凱基-中壢,2024-09-26,9285
00960,野村全球航運龍頭,250,35,215,凱基-中壢,2024-09-26,9285
2344,華邦電,260,53,207,凱基-中壢,2024-09-26,9285
00715L,期街口布蘭特正2,166,30,136,凱基-中壢,2024-09-26,9285
00687B,國泰20年美債,195,66,129,凱基-中壢,2024-09-26,9285
1905,華紙,101,1,100,凱基-中壢,2024-09-26,9285
2399,映泰,116,16,100,凱基-中壢,2024-09-26,9285
00937B,群益ESG投等債20,159,63,96,凱基-中壢,2024-09-26,9285
00688L,國泰20年美債正2,97,6,91,凱基-中壢,2024-09-26,9285
1802,台玻,78,10,68,凱基-中壢,2024-09-26,9285
00680L,元大美債20正2,71,12,59,凱基-中壢,2024-09-26,9285
00637L,元大滬深300正2,80,28,52,凱基-中壢,2024-09-26,9285
00919,群益台灣精選高息,130,80,50,凱基-中壢,2024-09-26,9285
3019,亞光,64,17,47,凱基-中壢,2024-09-26,9285
00650L,復華香港正2,41,0,41,凱基-中壢,2024-09-26,9285
3049,精金,35,0,35,凱基-中壢,2024-09-26,9285
5009,榮剛,40,5,35,凱基-中壢,2024-09-26,9285
6470,宇智,33,0,33,凱基-中壢,2024-09-26,9285
0056,元大高股息,40,8,32,凱基-中壢,2024-09-26,9285
00942B,台新美A公司債20+,31,0,31,凱基-中壢,2024-09-26,9285
3047,訊舟,43,13,30,凱基-中壢,2024-09-26,9285
1301,台塑,35,6,29,凱基-中壢,2024-09-26,9285
8070,長華*,37,9,28,凱基-中壢,2024-09-26,9285
2913,農林,34,7,27,凱基-中壢,2024-09-26,9285
3217,優群,26,0,26,凱基-中壢,2024-09-26,9285
00927,群益半導體收益,25,0,25,凱基-中壢,2024-09-26,9285
1717,長興,31,6,25,凱基-中壢,2024-09-26,9285
3149,正達,74,50,24,凱基-中壢,2024-09-26,9285
2208,台船,23,0,23,凱基-中壢,2024-09-26,9285
00878,國泰永續高股息,35,13,22,凱基-中壢,2024-09-26,9285
00720B,元大投資級公司債,21,1,20,凱基-中壢,2024-09-26,9285
00905,FT臺灣Smart,20,0,20,凱基-中壢,2024-09-26,9285
5381,合正,20,0,20,凱基-中壢,2024-09-26,9285
00706L,期元大S＆P日圓正2,20,0,20,凱基-中壢,2024-09-26,9285
2302,麗正,20,0,20,凱基-中壢,2024-09-26,9285
2883B,凱基金乙特,20,0,20,凱基-中壢,2024-09-26,9285
9105,泰金寶-DR,22,3,19,凱基-中壢,2024-09-26,9285
00712,復華富時不動產,22,4,18,凱基-中壢,2024-09-26,9285
2408,南亞科,35,17,18,凱基-中壢,2024-09-26,9285
4968,立積,23,5,18,凱基-中壢,2024-09-26,9285
2609,陽明,193,176,17,凱基-中壢,2024-09-26,9285
2636,台驊控股,20,3,17,凱基-中壢,2024-09-26,9285
2801,彰銀,17,0,17,凱基-中壢,2024-09-26,9285
2426,鼎元,24,8,16,凱基-中壢,2024-09-26,9285
4174,浩鼎,18,2,16,凱基-中壢,2024-09-26,9285
3062,建漢,22,6,16,凱基-中壢,2024-09-26,9285
2313,華通,24,9,15,凱基-中壢,2024-09-26,9285
00676R,富邦臺灣加權反1,85,70,15,凱基-中壢,2024-09-26,9285
2929,淘帝-KY,25,10,15,凱基-中壢,2024-09-26,9285
5880,合庫金,19,5,14,凱基-中壢,2024-09-26,9285
00632R,元大台灣50反1,1268,732,536,凱基-中壢,2024-09-27,9285
00687B,國泰20年美債,343,2,341,凱基-中壢,2024-09-27,9285
00671R,富邦NASDAQ反1,300,0,300,凱基-中壢,2024-09-27,9285
00929,復華台灣科技優息,306,80,226,凱基-中壢,2024-09-27,9285
00960,野村全球航運龍頭,187,15,172,凱基-中壢,2024-09-27,9285
2641,正德,164,3,161,凱基-中壢,2024-09-27,9285
00715L,期街口布蘭特正2,147,20,127,凱基-中壢,2024-09-27,9285
2637,慧洋-KY,107,4,103,凱基-中壢,2024-09-27,9285
2406,國碩,101,0,101,凱基-中壢,2024-09-27,9285
00680L,元大美債20正2,97,20,77,凱基-中壢,2024-09-27,9285
00679B,元大美債20年,99,23,76,凱基-中壢,2024-09-27,9285
00940,元大台灣價值高息,86,12,74,凱基-中壢,2024-09-27,9285
00945B,凱基美國非投等債,73,0,73,凱基-中壢,2024-09-27,9285
00958B,永豐ESG銀行債15,58,5,53,凱基-中壢,2024-09-27,9285
2352,佳世達,52,1,51,凱基-中壢,2024-09-27,9285
3289,宜特,52,2,50,凱基-中壢,2024-09-27,9285
3390,旭軟,47,0,47,凱基-中壢,2024-09-27,9285
00946,群益科技高息成長,37,0,37,凱基-中壢,2024-09-27,9285
00688L,國泰20年美債正2,37,1,36,凱基-中壢,2024-09-27,9285
00751B,元大AAA至A公司債,32,0,32,凱基-中壢,2024-09-27,9285
2349,錸德,35,3,32,凱基-中壢,2024-09-27,9285
2891,中信金,34,3,31,凱基-中壢,2024-09-27,9285
00713,元大台灣高息低波,31,0,31,凱基-中壢,2024-09-27,9285
2605,新興,48,19,29,凱基-中壢,2024-09-27,9285
3665,貿聯-KY,31,3,28,凱基-中壢,2024-09-27,9285
8107,大億金茂,30,2,28,凱基-中壢,2024-09-27,9285
1465,偉全,28,0,28,凱基-中壢,2024-09-27,9285
00850,元大臺灣ESG永續,31,4,27,凱基-中壢,2024-09-27,9285
2388,威盛,38,11,27,凱基-中壢,2024-09-27,9285
1540,喬福,43,16,27,凱基-中壢,2024-09-27,9285
6120,達運,25,0,25,凱基-中壢,2024-09-27,9285
00932,兆豐永續高息等權,24,1,23,凱基-中壢,2024-09-27,9285
00752,中信中國50,25,2,23,凱基-中壢,2024-09-27,9285
3033,威健,23,0,23,凱基-中壢,2024-09-27,9285
2363,矽統,121,99,22,凱基-中壢,2024-09-27,9285
00712,復華富時不動產,33,11,22,凱基-中壢,2024-09-27,9285
3019,亞光,26,5,21,凱基-中壢,2024-09-27,9285
5531,鄉林,20,0,20,凱基-中壢,2024-09-27,9285
912000,晨訊科-DR,25,5,20,凱基-中壢,2024-09-27,9285
4979,華星光,78,58,20,凱基-中壢,2024-09-27,9285
2886,兆豐金,21,2,19,凱基-中壢,2024-09-27,9285
3041,揚智,21,2,19,凱基-中壢,2024-09-27,9285
2313,華通,25,6,19,凱基-中壢,2024-09-27,9285
3062,建漢,17,0,17,凱基-中壢,2024-09-27,9285
3163,波若威,40,23,17,凱基-中壢,2024-09-27,9285
2603,長榮,42,26,16,凱基-中壢,2024-09-27,9285
00948B,中信優息投資級債,225,210,15,凱基-中壢,2024-09-27,9285
00795B,中信美國公債20年,25,10,15,凱基-中壢,2024-09-27,9285
8150,南茂,18,3,15,凱基-中壢,2024-09-27,9285
00706L,期元大S＆P日圓正2,14,0,14,凱基-中壢,2024-09-27,9285
00882,中信中國高股息,620,226,394,凱基-中壢,2024-09-30,9285
00919,群益台灣精選高息,233,6,227,凱基-中壢,2024-09-30,9285
00958B,永豐ESG銀行債15,173,0,173,凱基-中壢,2024-09-30,9285
2014,中鴻,183,54,129,凱基-中壢,2024-09-30,9285
00715L,期街口布蘭特正2,110,13,97,凱基-中壢,2024-09-30,9285
00881,國泰台灣5G+,107,16,91,凱基-中壢,2024-09-30,9285
9962,有益,95,10,85,凱基-中壢,2024-09-30,9285
00795B,中信美國公債20年,77,1,76,凱基-中壢,2024-09-30,9285
00680L,元大美債20正2,94,21,73,凱基-中壢,2024-09-30,9285
2605,新興,146,73,73,凱基-中壢,2024-09-30,9285
5014,建錩,85,13,72,凱基-中壢,2024-09-30,9285
2606,裕民,111,44,67,凱基-中壢,2024-09-30,9285
00688L,國泰20年美債正2,67,4,63,凱基-中壢,2024-09-30,9285
00706L,期元大S＆P日圓正2,108,50,58,凱基-中壢,2024-09-30,9285
2330,台積電,65,8,57,凱基-中壢,2024-09-30,9285
00669R,國泰美國道瓊反1,51,0,51,凱基-中壢,2024-09-30,9285
1309,台達化,37,1,36,凱基-中壢,2024-09-30,9285
00952,凱基台灣AI50,40,5,35,凱基-中壢,2024-09-30,9285
2609,陽明,73,40,33,凱基-中壢,2024-09-30,9285
0056,元大高股息,61,29,32,凱基-中壢,2024-09-30,9285
00753L,中信中國50正2,91,60,31,凱基-中壢,2024-09-30,9285
3715,定穎投控,53,23,30,凱基-中壢,2024-09-30,9285
6133,金橋,30,0,30,凱基-中壢,2024-09-30,9285
00922,國泰台灣領袖50,29,0,29,凱基-中壢,2024-09-30,9285
3149,正達,29,0,29,凱基-中壢,2024-09-30,9285
2615,萬海,76,47,29,凱基-中壢,2024-09-30,9285
3537,堡達,48,22,26,凱基-中壢,2024-09-30,9285
1314,中石化,25,2,23,凱基-中壢,2024-09-30,9285
1301,台塑,25,3,22,凱基-中壢,2024-09-30,9285
00927,群益半導體收益,60,38,22,凱基-中壢,2024-09-30,9285
1609,大亞,31,9,22,凱基-中壢,2024-09-30,9285
8404,百和興業-KY,25,4,21,凱基-中壢,2024-09-30,9285
2033,佳大,20,0,20,凱基-中壢,2024-09-30,9285
5381,合正,20,0,20,凱基-中壢,2024-09-30,9285
6153,嘉聯益,21,1,20,凱基-中壢,2024-09-30,9285
2891,中信金,25,6,19,凱基-中壢,2024-09-30,9285
2449,京元電子,26,6,20,凱基-中壢,2024-09-30,9285
6838,台新藥,20,1,19,凱基-中壢,2024-09-30,9285
00918,大華優利高填息30,23,4,19,凱基-中壢,2024-09-30,9285
00679B,元大美債20年,51,33,18,凱基-中壢,2024-09-30,9285
00945B,凱基美國非投等債,19,2,17,凱基-中壢,2024-09-30,9285
006208,富邦台50,17,0,17,凱基-中壢,2024-09-30,9285
8028,昇陽半導體,19,2,17,凱基-中壢,2024-09-30,9285
3059,華晶科,17,0,17,凱基-中壢,2024-09-30,9285
6757,台灣虎航,17,0,17,凱基-中壢,2024-09-30,9285
2399,映泰,25,8,17,凱基-中壢,2024-09-30,9285
0050,元大台灣50,18,1,17,凱基-中壢,2024-09-30,9285
3037,欣興,24,7,17,凱基-中壢,2024-09-30,9285
3605,宏致,26,10,16,凱基-中壢,2024-09-30,9285
00909,國泰數位支付服務,16,0,16,凱基-中壢,2024-09-30,9285
00632R,元大台灣50反1,5203,95,5108,凱基-中壢,2024-10-01,9285
00929,復華台灣科技優息,483,34,449,凱基-中壢,2024-10-01,9285
00650L,復華香港正2,358,0,358,凱基-中壢,2024-10-01,9285
00752,中信中國50,229,0,229,凱基-中壢,2024-10-01,9285
4716,大立,165,3,162,凱基-中壢,2024-10-01,9285
00679B,元大美債20年,159,2,157,凱基-中壢,2024-10-01,9285
0056,元大高股息,121,4,117,凱基-中壢,2024-10-01,9285
00878,國泰永續高股息,114,1,113,凱基-中壢,2024-10-01,9285
3047,訊舟,103,0,103,凱基-中壢,2024-10-01,9285
00940,元大台灣價值高息,134,34,100,凱基-中壢,2024-10-01,9285
00637L,元大滬深300正2,451,358,93,凱基-中壢,2024-10-01,9285
00712,復華富時不動產,67,0,67,凱基-中壢,2024-10-01,9285
00919,群益台灣精選高息,64,1,63,凱基-中壢,2024-10-01,9285
00922,國泰台灣領袖50,59,1,58,凱基-中壢,2024-10-01,9285
00915,凱基優選高股息30,64,7,57,凱基-中壢,2024-10-01,9285
00960,野村全球航運龍頭,62,6,56,凱基-中壢,2024-10-01,9285
912000,晨訊科-DR,50,0,50,凱基-中壢,2024-10-01,9285
00948B,中信優息投資級債,50,0,50,凱基-中壢,2024-10-01,9285
2344,華邦電,57,10,47,凱基-中壢,2024-10-01,9285
8111,立��,80,34,46,凱基-中壢,2024-10-01,9285
8097,常珵,47,10,37,凱基-中壢,2024-10-01,9285
6015,宏遠證,35,0,35,凱基-中壢,2024-10-01,9285
00665L,富邦�琤肭磪囓�2,47,12,35,凱基-中壢,2024-10-01,9285
00937B,群益ESG投等債20,40,6,34,凱基-中壢,2024-10-01,9285
5531,鄉林,33,0,33,凱基-中壢,2024-10-01,9285
8429,金麗-KY,37,6,31,凱基-中壢,2024-10-01,9285
00706L,期元大S＆P日圓正2,31,0,31,凱基-中壢,2024-10-01,9285
5603,陸海,40,10,30,凱基-中壢,2024-10-01,9285
00881,國泰台灣5G+,30,0,30,凱基-中壢,2024-10-01,9285
1785,光洋科,31,4,27,凱基-中壢,2024-10-01,9285
6530,創威,69,43,26,凱基-中壢,2024-10-01,9285
1742,台蠟,23,0,23,凱基-中壢,2024-10-01,9285
00713,元大台灣高息低波,22,0,22,凱基-中壢,2024-10-01,9285
6531,愛普*,21,0,21,凱基-中壢,2024-10-01,9285
8996,高力,21,0,21,凱基-中壢,2024-10-01,9285
00688L,國泰20年美債正2,21,0,21,凱基-中壢,2024-10-01,9285
2406,國碩,21,0,21,凱基-中壢,2024-10-01,9285
00927,群益半導體收益,20,0,20,凱基-中壢,2024-10-01,9285
6153,嘉聯益,20,0,20,凱基-中壢,2024-10-01,9285
00795B,中信美國公債20年,22,2,20,凱基-中壢,2024-10-01,9285
00669R,國泰美國道瓊反1,20,0,20,凱基-中壢,2024-10-01,9285
3588,通嘉,22,3,19,凱基-中壢,2024-10-01,9285
3481,群創,62,43,19,凱基-中壢,2024-10-01,9285
4909,新復興,25,9,16,凱基-中壢,2024-10-01,9285
2009,第一銅,16,1,15,凱基-中壢,2024-10-01,9285
2362,藍天,25,10,15,凱基-中壢,2024-10-01,9285
2888,新光金,34,19,15,凱基-中壢,2024-10-01,9285
00946,群益科技高息成長,14,0,14,凱基-中壢,2024-10-01,9285
2609,陽明,52,38,14,凱基-中壢,2024-10-01,9285
6770,力積電,47,33,14,凱基-中壢,2024-10-01,9285
00882,中信中國高股息,775,258,517,凱基-中壢,2024-10-04,9285
00725B,國泰投資級公司債,152,0,152,凱基-中壢,2024-10-04,9285
00929,復華台灣科技優息,182,47,135,凱基-中壢,2024-10-04,9285
00878,國泰永續高股息,205,82,123,凱基-中壢,2024-10-04,9285
00918,大華優利高填息30,118,5,113,凱基-中壢,2024-10-04,9285
00673R,期元大S＆P原油反1,99,0,99,凱基-中壢,2024-10-04,9285
4716,大立,96,0,96,凱基-中壢,2024-10-04,9285
00948B,中信優息投資級債,101,10,91,凱基-中壢,2024-10-04,9285
0056,元大高股息,89,13,76,凱基-中壢,2024-10-04,9285
2610,華航,89,14,75,凱基-中壢,2024-10-04,9285
2609,陽明,100,27,73,凱基-中壢,2024-10-04,9285
00752,中信中國50,95,26,69,凱基-中壢,2024-10-04,9285
2603,長榮,69,8,61,凱基-中壢,2024-10-04,9285
2449,京元電子,53,4,49,凱基-中壢,2024-10-04,9285
6770,力積電,61,15,46,凱基-中壢,2024-10-04,9285
2615,萬海,52,8,44,凱基-中壢,2024-10-04,9285
1309,台達化,42,0,42,凱基-中壢,2024-10-04,9285
912000,晨訊科-DR,127,87,40,凱基-中壢,2024-10-04,9285
8249,菱光,47,7,40,凱基-中壢,2024-10-04,9285
00687B,國泰20年美債,67,29,38,凱基-中壢,2024-10-04,9285
00706L,期元大S＆P日圓正2,37,0,37,凱基-中壢,2024-10-04,9285
2308,台達電,42,6,36,凱基-中壢,2024-10-04,9285
2303,聯電,53,18,35,凱基-中壢,2024-10-04,9285
00712,復華富時不動產,34,0,34,凱基-中壢,2024-10-04,9285
5876,上海商銀,32,0,32,凱基-中壢,2024-10-04,9285
5347,世界,34,2,32,凱基-中壢,2024-10-04,9285
5531,鄉林,32,0,32,凱基-中壢,2024-10-04,9285
2498,宏達電,92,61,31,凱基-中壢,2024-10-04,9285
00666R,富邦�琤肭磪齯�1,30,0,30,凱基-中壢,2024-10-04,9285
1524,耿鼎,28,0,28,凱基-中壢,2024-10-04,9285
2353,宏��,30,2,28,凱基-中壢,2024-10-04,9285
3189,景碩,24,0,24,凱基-中壢,2024-10-04,9285
2618,長榮航,51,27,24,凱基-中壢,2024-10-04,9285
8429,金麗-KY,35,12,23,凱基-中壢,2024-10-04,9285
2419,仲琦,32,9,23,凱基-中壢,2024-10-04,9285
3715,定穎投控,26,3,23,凱基-中壢,2024-10-04,9285
1595,川寶,26,4,22,凱基-中壢,2024-10-04,9285
4174,浩鼎,23,2,21,凱基-中壢,2024-10-04,9285
00922,國泰台灣領袖50,21,1,20,凱基-中壢,2024-10-04,9285
00669R,國泰美國道瓊反1,20,0,20,凱基-中壢,2024-10-04,9285
3617,碩天,19,0,19,凱基-中壢,2024-10-04,9285
2886,兆豐金,23,4,19,凱基-中壢,2024-10-04,9285
8070,長華*,18,0,18,凱基-中壢,2024-10-04,9285
00943,兆豐電子高息等權,18,0,18,凱基-中壢,2024-10-04,9285
5871,中租-KY,19,1,18,凱基-中壢,2024-10-04,9285
3149,正達,18,0,18,凱基-中壢,2024-10-04,9285
3013,晟銘電,20,3,17,凱基-中壢,2024-10-04,9285
00680L,元大美債20正2,118,101,17,凱基-中壢,2024-10-04,9285
2601,益航,36,19,17,凱基-中壢,2024-10-04,9285
2383,台光電,27,10,17,凱基-中壢,2024-10-04,9285
00882,中信中國高股息,667,135,532,凱基-中壢,2024-10-07,9285
00753L,中信中國50正2,298,68,230,凱基-中壢,2024-10-07,9285
00752,中信中國50,281,73,208,凱基-中壢,2024-10-07,9285
1314,中石化,232,44,188,凱基-中壢,2024-10-07,9285
3049,精金,159,33,126,凱基-中壢,2024-10-07,9285
8411,福貞-KY,102,2,100,凱基-中壢,2024-10-07,9285
2312,金寶,116,19,97,凱基-中壢,2024-10-07,9285
00665L,富邦�琤肭磪囓�2,115,19,96,凱基-中壢,2024-10-07,9285
912000,晨訊科-DR,168,78,90,凱基-中壢,2024-10-07,9285
6218,豪勉,105,24,81,凱基-中壢,2024-10-07,9285
2103,台橡,70,3,67,凱基-中壢,2024-10-07,9285
1802,台玻,76,15,61,凱基-中壢,2024-10-07,9285
5315,光聯,60,0,60,凱基-中壢,2024-10-07,9285
5907,大洋-KY,67,9,58,凱基-中壢,2024-10-07,9285
00878,國泰永續高股息,92,36,56,凱基-中壢,2024-10-07,9285
4977,眾達-KY,70,15,55,凱基-中壢,2024-10-07,9285
2355,敬鵬,51,0,51,凱基-中壢,2024-10-07,9285
8111,立��,104,57,47,凱基-中壢,2024-10-07,9285
00679B,元大美債20年,75,30,45,凱基-中壢,2024-10-07,9285
5876,上海商銀,45,0,45,凱基-中壢,2024-10-07,9285
2349,錸德,43,0,43,凱基-中壢,2024-10-07,9285
2356,英業達,38,1,37,凱基-中壢,2024-10-07,9285
00639,富邦深100,36,0,36,凱基-中壢,2024-10-07,9285
3498,陽程,37,1,36,凱基-中壢,2024-10-07,9285
6016,康和證,35,0,35,凱基-中壢,2024-10-07,9285
8249,菱光,39,4,35,凱基-中壢,2024-10-07,9285
00636,國泰中國A50,42,11,31,凱基-中壢,2024-10-07,9285
00887,永豐中國科技50大,85,55,30,凱基-中壢,2024-10-07,9285
2609,陽明,37,12,25,凱基-中壢,2024-10-07,9285
00948B,中信優息投資級債,30,5,25,凱基-中壢,2024-10-07,9285
5531,鄉林,26,1,25,凱基-中壢,2024-10-07,9285
2515,中工,37,13,24,凱基-中壢,2024-10-07,9285
00922,國泰台灣領袖50,29,5,24,凱基-中壢,2024-10-07,9285
2497,怡利電,32,8,24,凱基-中壢,2024-10-07,9285
2455,全新,23,0,23,凱基-中壢,2024-10-07,9285
2317,鴻海,66,45,21,凱基-中壢,2024-10-07,9285
1717,長興,23,2,21,凱基-中壢,2024-10-07,9285
00942B,台新美A公司債20+,20,0,20,凱基-中壢,2024-10-07,9285
3062,建漢,27,8,19,凱基-中壢,2024-10-07,9285
1340,勝悅-KY,20,2,18,凱基-中壢,2024-10-07,9285
2408,南亞科,18,1,17,凱基-中壢,2024-10-07,9285
2303,聯電,27,10,17,凱基-中壢,2024-10-07,9285
5014,建錩,25,8,17,凱基-中壢,2024-10-07,9285
3545,敦泰,17,1,16,凱基-中壢,2024-10-07,9285
2313,華通,21,6,15,凱基-中壢,2024-10-07,9285
2887,台新金,18,3,15,凱基-中壢,2024-10-07,9285
00706L,期元大S＆P日圓正2,15,0,15,凱基-中壢,2024-10-07,9285
2480,敦陽科,15,0,15,凱基-中壢,2024-10-07,9285
2236,百達-KY,15,0,15,凱基-中壢,2024-10-07,9285
00708L,期元大S＆P黃金正2,15,0,15,凱基-中壢,2024-10-07,9285
1314,中石化,252,0,252,凱基-中壢,2024-10-08,9285
2888,新光金,263,30,233,凱基-中壢,2024-10-08,9285
2834,臺企銀,202,1,201,凱基-中壢,2024-10-08,9285
00958B,永豐ESG銀行債15,190,0,190,凱基-中壢,2024-10-08,9285
0056,元大高股息,139,1,138,凱基-中壢,2024-10-08,9285
00929,復華台灣科技優息,192,55,137,凱基-中壢,2024-10-08,9285
2887,台新金,136,10,126,凱基-中壢,2024-10-08,9285
00919,群益台灣精選高息,143,22,121,凱基-中壢,2024-10-08,9285
00878,國泰永續高股息,112,3,109,凱基-中壢,2024-10-08,9285
3499,環天科,106,3,103,凱基-中壢,2024-10-08,9285
00948B,中信優息投資級債,100,15,85,凱基-中壢,2024-10-08,9285
00922,國泰台灣領袖50,77,0,77,凱基-中壢,2024-10-08,9285
4716,大立,73,1,72,凱基-中壢,2024-10-08,9285
00679B,元大美債20年,76,12,64,凱基-中壢,2024-10-08,9285
00887,永豐中國科技50大,99,38,61,凱基-中壢,2024-10-08,9285
00673R,期元大S＆P原油反1,55,0,55,凱基-中壢,2024-10-08,9285
3033,威健,69,14,55,凱基-中壢,2024-10-08,9285
00943,兆豐電子高息等權,51,0,51,凱基-中壢,2024-10-08,9285
3498,陽程,51,0,51,凱基-中壢,2024-10-08,9285
912000,晨訊科-DR,119,69,50,凱基-中壢,2024-10-08,9285
4903,聯光通,77,29,48,凱基-中壢,2024-10-08,9285
1802,台玻,56,10,46,凱基-中壢,2024-10-08,9285
00680L,元大美債20正2,48,3,45,凱基-中壢,2024-10-08,9285
00940,元大台灣價值高息,48,5,43,凱基-中壢,2024-10-08,9285
3049,精金,74,33,41,凱基-中壢,2024-10-08,9285
00712,復華富時不動產,40,0,40,凱基-中壢,2024-10-08,9285
3037,欣興,36,2,34,凱基-中壢,2024-10-08,9285
2426,鼎元,48,16,32,凱基-中壢,2024-10-08,9285
2355,敬鵬,33,1,32,凱基-中壢,2024-10-08,9285
00915,凱基優選高股息30,30,0,30,凱基-中壢,2024-10-08,9285
2425,承啟,88,58,30,凱基-中壢,2024-10-08,9285
3511,矽瑪,31,2,29,凱基-中壢,2024-10-08,9285
00665L,富邦�琤肭磪囓�2,40,11,29,凱基-中壢,2024-10-08,9285
5347,世界,33,6,27,凱基-中壢,2024-10-08,9285
00753L,中信中國50正2,310,284,26,凱基-中壢,2024-10-08,9285
2401,凌陽,25,0,25,凱基-中壢,2024-10-08,9285
1301,台塑,24,0,24,凱基-中壢,2024-10-08,9285
00713,元大台灣高息低波,25,1,24,凱基-中壢,2024-10-08,9285
3591,艾笛森,30,6,24,凱基-中壢,2024-10-08,9285
2317,鴻海,38,15,23,凱基-中壢,2024-10-08,9285
6770,力積電,41,20,21,凱基-中壢,2024-10-08,9285
2402,毅嘉,34,14,20,凱基-中壢,2024-10-08,9285
2615,萬海,30,10,20,凱基-中壢,2024-10-08,9285
00651R,復華香港反1,20,0,20,凱基-中壢,2024-10-08,9285
2356,英業達,24,5,19,凱基-中壢,2024-10-08,9285
3481,群創,21,3,18,凱基-中壢,2024-10-08,9285
2405,輔信,18,0,18,凱基-中壢,2024-10-08,9285
2353,宏��,18,0,18,凱基-中壢,2024-10-08,9285
00946,群益科技高息成長,17,0,17,凱基-中壢,2024-10-08,9285
3062,建漢,19,2,17,凱基-中壢,2024-10-08,9285
00637L,元大滬深300正2,888,477,411,凱基-中壢,2024-10-09,9285
1314,中石化,213,16,197,凱基-中壢,2024-10-09,9285
00940,元大台灣價值高息,214,20,194,凱基-中壢,2024-10-09,9285
00753L,中信中國50正2,304,133,171,凱基-中壢,2024-10-09,9285
00929,復華台灣科技優息,249,104,145,凱基-中壢,2024-10-09,9285
00688L,國泰20年美債正2,208,71,137,凱基-中壢,2024-10-09,9285
00687B,國泰20年美債,158,25,133,凱基-中壢,2024-10-09,9285
00937B,群益ESG投等債20,132,13,119,凱基-中壢,2024-10-09,9285
3047,訊舟,105,5,100,凱基-中壢,2024-10-09,9285
00650L,復華香港正2,448,349,99,凱基-中壢,2024-10-09,9285
00915,凱基優選高股息30,92,4,88,凱基-中壢,2024-10-09,9285
3498,陽程,88,8,80,凱基-中壢,2024-10-09,9285
2477,美隆電,69,0,69,凱基-中壢,2024-10-09,9285
00919,群益台灣精選高息,88,20,68,凱基-中壢,2024-10-09,9285
00676R,富邦臺灣加權反1,65,0,65,凱基-中壢,2024-10-09,9285
8011,台通,63,0,63,凱基-中壢,2024-10-09,9285
3576,聯合再生,64,4,60,凱基-中壢,2024-10-09,9285
1802,台玻,59,0,59,凱基-中壢,2024-10-09,9285
00679B,元大美債20年,55,3,52,凱基-中壢,2024-10-09,9285
6133,金橋,43,2,41,凱基-中壢,2024-10-09,9285
912000,晨訊科-DR,67,27,40,凱基-中壢,2024-10-09,9285
2609,陽明,43,8,35,凱基-中壢,2024-10-09,9285
5443,均豪,54,19,35,凱基-中壢,2024-10-09,9285
2303,聯電,32,1,31,凱基-中壢,2024-10-09,9285
00706L,期元大S＆P日圓正2,31,0,31,凱基-中壢,2024-10-09,9285
00905,FT臺灣Smart,40,9,31,凱基-中壢,2024-10-09,9285
00882,中信中國高股息,467,436,31,凱基-中壢,2024-10-09,9285
1569,濱川,31,1,30,凱基-中壢,2024-10-09,9285
00725B,國泰投資級公司債,34,5,29,凱基-中壢,2024-10-09,9285
8240,華宏,30,1,29,凱基-中壢,2024-10-09,9285
2888,新光金,39,11,28,凱基-中壢,2024-10-09,9285
3048,益登,36,9,27,凱基-中壢,2024-10-09,9285
6443,元晶,27,0,27,凱基-中壢,2024-10-09,9285
6658,聯策,29,2,27,凱基-中壢,2024-10-09,9285
5211,蒙恬,27,0,27,凱基-中壢,2024-10-09,9285
2313,華通,51,25,26,凱基-中壢,2024-10-09,9285
0056,元大高股息,38,12,26,凱基-中壢,2024-10-09,9285
6770,力積電,32,6,26,凱基-中壢,2024-10-09,9285
8070,長華*,24,1,23,凱基-中壢,2024-10-09,9285
00632R,元大台灣50反1,106,85,21,凱基-中壢,2024-10-09,9285
3481,群創,43,22,21,凱基-中壢,2024-10-09,9285
2601,益航,153,132,21,凱基-中壢,2024-10-09,9285
2834,臺企銀,21,0,21,凱基-中壢,2024-10-09,9285
4971,IET-KY,23,3,20,凱基-中壢,2024-10-09,9285
6176,瑞儀,20,0,20,凱基-中壢,2024-10-09,9285
2426,鼎元,25,5,20,凱基-中壢,2024-10-09,9285
2885,元大金,20,0,20,凱基-中壢,2024-10-09,9285
00712,復華富時不動產,19,0,19,凱基-中壢,2024-10-09,9285
4716,大立,24,5,19,凱基-中壢,2024-10-09,9285
2929,淘帝-KY,19,1,18,凱基-中壢,2024-10-09,9285
00637L,元大滬深300正2,695,72,623,凱基-中壢,2024-10-11,9285
00650L,復華香港正2,460,232,228,凱基-中壢,2024-10-11,9285
00632R,元大台灣50反1,142,10,132,凱基-中壢,2024-10-11,9285
2399,映泰,166,60,106,凱基-中壢,2024-10-11,9285
00712,復華富時不動產,99,0,99,凱基-中壢,2024-10-11,9285
00948B,中信優息投資級債,92,0,92,凱基-中壢,2024-10-11,9285
2601,益航,102,11,91,凱基-中壢,2024-10-11,9285
00882,中信中國高股息,151,65,86,凱基-中壢,2024-10-11,9285
2344,華邦電,71,0,71,凱基-中壢,2024-10-11,9285
00922,國泰台灣領袖50,81,11,70,凱基-中壢,2024-10-11,9285
00679B,元大美債20年,68,2,66,凱基-中壢,2024-10-11,9285
4909,新復興,162,102,60,凱基-中壢,2024-10-11,9285
00671R,富邦NASDAQ反1,56,0,56,凱基-中壢,2024-10-11,9285
00753L,中信中國50正2,61,6,55,凱基-中壢,2024-10-11,9285
2888,新光金,58,4,54,凱基-中壢,2024-10-11,9285
00687B,國泰20年美債,72,23,49,凱基-中壢,2024-10-11,9285
00639,富邦深100,48,1,47,凱基-中壢,2024-10-11,9285
2449,京元電子,65,18,47,凱基-中壢,2024-10-11,9285
2887,台新金,52,7,45,凱基-中壢,2024-10-11,9285
5347,世界,59,17,42,凱基-中壢,2024-10-11,9285
2388,威盛,56,14,42,凱基-中壢,2024-10-11,9285
2426,鼎元,73,35,38,凱基-中壢,2024-10-11,9285
0061,元大寶滬深,35,0,35,凱基-中壢,2024-10-11,9285
0056,元大高股息,54,23,31,凱基-中壢,2024-10-11,9285
1802,台玻,50,20,30,凱基-中壢,2024-10-11,9285
8070,長華*,37,8,29,凱基-中壢,2024-10-11,9285
4540,全球傳動,27,0,27,凱基-中壢,2024-10-11,9285
00752,中信中國50,30,4,26,凱基-中壢,2024-10-11,9285
6292,迅德,27,1,26,凱基-中壢,2024-10-11,9285
00940,元大台灣價值高息,33,9,24,凱基-中壢,2024-10-11,9285
00900,富邦特選高股息30,24,0,24,凱基-中壢,2024-10-11,9285
2486,一詮,48,24,24,凱基-中壢,2024-10-11,9285
1817,凱撒衛,23,0,23,凱基-中壢,2024-10-11,9285
1314,中石化,28,5,23,凱基-中壢,2024-10-11,9285
4906,正文,23,1,22,凱基-中壢,2024-10-11,9285
2409,友達,22,0,22,凱基-中壢,2024-10-11,9285
4167,松瑞藥,22,0,22,凱基-中壢,2024-10-11,9285
3390,旭軟,25,5,20,凱基-中壢,2024-10-11,9285
00795B,中信美國公債20年,20,0,20,凱基-中壢,2024-10-11,9285
1815,富喬,23,3,20,凱基-中壢,2024-10-11,9285
8111,立��,36,16,20,凱基-中壢,2024-10-11,9285
5443,均豪,51,31,20,凱基-中壢,2024-10-11,9285
6530,創威,34,15,19,凱基-中壢,2024-10-11,9285
00665L,富邦�琤肭磪囓�2,24,5,19,凱基-中壢,2024-10-11,9285
6220,岳豐,31,12,19,凱基-中壢,2024-10-11,9285
2363,矽統,66,47,19,凱基-中壢,2024-10-11,9285
00912,中信臺灣智慧50,18,0,18,凱基-中壢,2024-10-11,9285
2489,瑞軒,18,0,18,凱基-中壢,2024-10-11,9285
00633L,富邦上証正2,18,1,17,凱基-中壢,2024-10-11,9285
4979,華星光,26,9,17,凱基-中壢,2024-10-11,9285
00637L,元大滬深300正2,596,71,525,凱基-中壢,2024-10-14,9285
00650L,復華香港正2,460,2,458,凱基-中壢,2024-10-14,9285
0056,元大高股息,173,15,158,凱基-中壢,2024-10-14,9285
9105,泰金寶-DR,184,59,125,凱基-中壢,2024-10-14,9285
00948B,中信優息投資級債,119,9,110,凱基-中壢,2024-10-14,9285
2887,台新金,114,18,96,凱基-中壢,2024-10-14,9285
00940,元大台灣價值高息,111,17,94,凱基-中壢,2024-10-14,9285
00887,永豐中國科技50大,107,15,92,凱基-中壢,2024-10-14,9285
00679B,元大美債20年,122,39,83,凱基-中壢,2024-10-14,9285
00632R,元大台灣50反1,76,10,66,凱基-中壢,2024-10-14,9285
2312,金寶,85,20,65,凱基-中壢,2024-10-14,9285
00915,凱基優選高股息30,64,0,64,凱基-中壢,2024-10-14,9285
5347,世界,65,4,61,凱基-中壢,2024-10-14,9285
00918,大華優利高填息30,60,1,59,凱基-中壢,2024-10-14,9285
00937B,群益ESG投等債20,84,26,58,凱基-中壢,2024-10-14,9285
00753L,中信中國50正2,162,106,56,凱基-中壢,2024-10-14,9285
00673R,期元大S＆P原油反1,52,0,52,凱基-中壢,2024-10-14,9285
00922,國泰台灣領袖50,99,55,44,凱基-中壢,2024-10-14,9285
2421,建準,52,8,44,凱基-中壢,2024-10-14,9285
00712,復華富時不動產,44,1,43,凱基-中壢,2024-10-14,9285
4903,聯光通,105,63,42,凱基-中壢,2024-10-14,9285
3576,聯合再生,37,1,36,凱基-中壢,2024-10-14,9285
2883,凱基金,50,16,34,凱基-中壢,2024-10-14,9285
4532,瑞智,36,2,34,凱基-中壢,2024-10-14,9285
00687B,國泰20年美債,95,62,33,凱基-中壢,2024-10-14,9285
1464,得力,32,0,32,凱基-中壢,2024-10-14,9285
912000,晨訊科-DR,40,9,31,凱基-中壢,2024-10-14,9285
2344,華邦電,31,4,27,凱基-中壢,2024-10-14,9285
00945B,凱基美國非投等債,34,8,26,凱基-中壢,2024-10-14,9285
00680L,元大美債20正2,27,2,25,凱基-中壢,2024-10-14,9285
4142,國光生,24,1,23,凱基-中壢,2024-10-14,9285
00927,群益半導體收益,22,0,22,凱基-中壢,2024-10-14,9285
6220,岳豐,21,0,21,凱基-中壢,2024-10-14,9285
00913,兆豐台灣晶圓製造,20,0,20,凱基-中壢,2024-10-14,9285
00676R,富邦臺灣加權反1,20,0,20,凱基-中壢,2024-10-14,9285
00891,中信關鍵半導體,20,0,20,凱基-中壢,2024-10-14,9285
1909,榮成,20,1,19,凱基-中壢,2024-10-14,9285
00878,國泰永續高股息,48,29,19,凱基-中壢,2024-10-14,9285
8011,台通,62,43,19,凱基-中壢,2024-10-14,9285
8111,立��,48,29,19,凱基-中壢,2024-10-14,9285
00877,復華中國5G,17,0,17,凱基-中壢,2024-10-14,9285
2382,廣達,31,14,17,凱基-中壢,2024-10-14,9285
8050,廣積,16,0,16,凱基-中壢,2024-10-14,9285
8033,雷虎,17,2,15,凱基-中壢,2024-10-14,9285
6546,正基,16,1,15,凱基-中壢,2024-10-14,9285
4714,永捷,15,0,15,凱基-中壢,2024-10-14,9285
6525,捷敏-KY,15,0,15,凱基-中壢,2024-10-14,9285
2356,英業達,15,0,15,凱基-中壢,2024-10-14,9285
2867,三商壽,14,0,14,凱基-中壢,2024-10-14,9285
4545,銘鈺,14,0,14,凱基-中壢,2024-10-14,9285
00934,中信成長高股息,246,2,244,凱基-中壢,2024-10-15,9285
2888,新光金,250,14,236,凱基-中壢,2024-10-15,9285
00715L,期街口布蘭特正2,207,5,202,凱基-中壢,2024-10-15,9285
00650L,復華香港正2,193,0,193,凱基-中壢,2024-10-15,9285
3149,正達,214,56,158,凱基-中壢,2024-10-15,9285
00637L,元大滬深300正2,225,76,149,凱基-中壢,2024-10-15,9285
00948B,中信優息投資級債,133,9,124,凱基-中壢,2024-10-15,9285
00665L,富邦�琤肭磪囓�2,109,8,101,凱基-中壢,2024-10-15,9285
00919,群益台灣精選高息,115,33,82,凱基-中壢,2024-10-15,9285
00687B,國泰20年美債,82,0,82,凱基-中壢,2024-10-15,9285
4909,新復興,86,9,77,凱基-中壢,2024-10-15,9285
6449,鈺邦,70,0,70,凱基-中壢,2024-10-15,9285
912000,晨訊科-DR,95,30,65,凱基-中壢,2024-10-15,9285
00887,永豐中國科技50大,98,36,62,凱基-中壢,2024-10-15,9285
00688L,國泰20年美債正2,87,26,61,凱基-中壢,2024-10-15,9285
2834,臺企銀,64,3,61,凱基-中壢,2024-10-15,9285
00937B,群益ESG投等債20,102,54,48,凱基-中壢,2024-10-15,9285
00639,富邦深100,46,0,46,凱基-中壢,2024-10-15,9285
00753L,中信中國50正2,61,21,40,凱基-中壢,2024-10-15,9285
6763,綠界科技*,45,5,40,凱基-中壢,2024-10-15,9285
6770,力積電,70,35,35,凱基-中壢,2024-10-15,9285
00680L,元大美債20正2,34,0,34,凱基-中壢,2024-10-15,9285
00679B,元大美債20年,61,28,33,凱基-中壢,2024-10-15,9285
2486,一詮,74,41,33,凱基-中壢,2024-10-15,9285
2355,敬鵬,30,0,30,凱基-中壢,2024-10-15,9285
00932,兆豐永續高息等權,30,0,30,凱基-中壢,2024-10-15,9285
8383,千附,31,1,30,凱基-中壢,2024-10-15,9285
1301,台塑,30,1,29,凱基-中壢,2024-10-15,9285
00961,FT臺灣永續高息,52,25,27,凱基-中壢,2024-10-15,9285
00795B,中信美國公債20年,27,0,27,凱基-中壢,2024-10-15,9285
6220,岳豐,27,0,27,凱基-中壢,2024-10-15,9285
3049,精金,26,0,26,凱基-中壢,2024-10-15,9285
2101,南港,27,3,24,凱基-中壢,2024-10-15,9285
0056,元大高股息,67,45,22,凱基-中壢,2024-10-15,9285
1609,大亞,22,1,21,凱基-中壢,2024-10-15,9285
3025,星通,28,7,21,凱基-中壢,2024-10-15,9285
8011,台通,31,10,21,凱基-中壢,2024-10-15,9285
2405,輔信,21,0,21,凱基-中壢,2024-10-15,9285
2033,佳大,21,0,21,凱基-中壢,2024-10-15,9285
006208,富邦台50,22,2,20,凱基-中壢,2024-10-15,9285
5014,建錩,20,0,20,凱基-中壢,2024-10-15,9285
4714,永捷,23,5,18,凱基-中壢,2024-10-15,9285
3511,矽瑪,20,3,17,凱基-中壢,2024-10-15,9285
2504,國產,17,0,17,凱基-中壢,2024-10-15,9285
6156,松上,56,40,16,凱基-中壢,2024-10-15,9285
00725B,國泰投資級公司債,16,0,16,凱基-中壢,2024-10-15,9285
00636,國泰中國A50,17,1,16,凱基-中壢,2024-10-15,9285
6229,研通,16,1,15,凱基-中壢,2024-10-15,9285
00953B,群益優選非投等債,15,0,15,凱基-中壢,2024-10-15,9285
00642U,期元大S＆P石油,17,3,14,凱基-中壢,2024-10-15,9285
00632R,元大台灣50反1,1631,73,1558,凱基-中壢,2024-10-16,9285
00922,國泰台灣領袖50,388,2,386,凱基-中壢,2024-10-16,9285
00688L,國泰20年美債正2,358,75,283,凱基-中壢,2024-10-16,9285
00948B,中信優息投資級債,251,23,228,凱基-中壢,2024-10-16,9285
00680L,元大美債20正2,171,0,171,凱基-中壢,2024-10-16,9285
0056,元大高股息,150,7,143,凱基-中壢,2024-10-16,9285
00887,永豐中國科技50大,143,12,131,凱基-中壢,2024-10-16,9285
3149,正達,180,95,85,凱基-中壢,2024-10-16,9285
00945B,凱基美國非投等債,73,0,73,凱基-中壢,2024-10-16,9285
2887,台新金,64,0,64,凱基-中壢,2024-10-16,9285
3289,宜特,54,1,53,凱基-中壢,2024-10-16,9285
00933B,國泰10Y+金融債,52,0,52,凱基-中壢,2024-10-16,9285
2838,聯邦銀,60,10,50,凱基-中壢,2024-10-16,9285
8111,立��,123,75,48,凱基-中壢,2024-10-16,9285
6112,邁達特,50,3,47,凱基-中壢,2024-10-16,9285
00752,中信中國50,65,21,44,凱基-中壢,2024-10-16,9285
2363,矽統,79,38,41,凱基-中壢,2024-10-16,9285
2303,聯電,42,1,41,凱基-中壢,2024-10-16,9285
2241,艾姆勒,59,20,39,凱基-中壢,2024-10-16,9285
00715L,期街口布蘭特正2,54,16,38,凱基-中壢,2024-10-16,9285
5531,鄉林,32,0,32,凱基-中壢,2024-10-16,9285
00687B,國泰20年美債,58,27,31,凱基-中壢,2024-10-16,9285
6763,綠界科技*,33,3,30,凱基-中壢,2024-10-16,9285
4979,華星光,36,6,30,凱基-中壢,2024-10-16,9285
2027,大成鋼,29,0,29,凱基-中壢,2024-10-16,9285
2365,昆盈,46,18,28,凱基-中壢,2024-10-16,9285
00878,國泰永續高股息,108,81,27,凱基-中壢,2024-10-16,9285
5876,上海商銀,26,0,26,凱基-中壢,2024-10-16,9285
00830,國泰費城半導體,26,0,26,凱基-中壢,2024-10-16,9285
00676R,富邦臺灣加權反1,25,0,25,凱基-中壢,2024-10-16,9285
2388,威盛,44,19,25,凱基-中壢,2024-10-16,9285
2888,新光金,45,21,24,凱基-中壢,2024-10-16,9285
2354,鴻準,33,10,23,凱基-中壢,2024-10-16,9285
00961,FT臺灣永續高息,22,0,22,凱基-中壢,2024-10-16,9285
6770,力積電,42,20,22,凱基-中壢,2024-10-16,9285
4576,大銀微系統,30,9,21,凱基-中壢,2024-10-16,9285
2514,龍邦,21,0,21,凱基-中壢,2024-10-16,9285
5009,榮剛,20,1,19,凱基-中壢,2024-10-16,9285
00923,群益台ESG低碳50,18,0,18,凱基-中壢,2024-10-16,9285
3591,艾笛森,22,4,18,凱基-中壢,2024-10-16,9285
2464,盟立,19,1,18,凱基-中壢,2024-10-16,9285
00943,兆豐電子高息等權,19,1,18,凱基-中壢,2024-10-16,9285
00631L,元大台灣50正2,20,3,17,凱基-中壢,2024-10-16,9285
3450,聯鈞,38,21,17,凱基-中壢,2024-10-16,9285
00639,富邦深100,17,1,16,凱基-中壢,2024-10-16,9285
6530,創威,55,39,16,凱基-中壢,2024-10-16,9285
1905,華紙,15,0,15,凱基-中壢,2024-10-16,9285
00935,野村臺灣新科技50,15,0,15,凱基-中壢,2024-10-16,9285
3189,景碩,18,4,14,凱基-中壢,2024-10-16,9285
1540,喬福,14,0,14,凱基-中壢,2024-10-16,9285
9105,泰金寶-DR,576,155,421,凱基-中壢,2024-10-17,9285
00632R,元大台灣50反1,1377,1195,182,凱基-中壢,2024-10-17,9285
0056,元大高股息,167,1,166,凱基-中壢,2024-10-17,9285
1528,恩德,245,84,161,凱基-中壢,2024-10-17,9285
00887,永豐中國科技50大,193,37,156,凱基-中壢,2024-10-17,9285
00922,國泰台灣領袖50,140,4,136,凱基-中壢,2024-10-17,9285
00676R,富邦臺灣加權反1,125,14,111,凱基-中壢,2024-10-17,9285
2399,映泰,213,110,103,凱基-中壢,2024-10-17,9285
00878,國泰永續高股息,153,51,102,凱基-中壢,2024-10-17,9285
2312,金寶,238,150,88,凱基-中壢,2024-10-17,9285
00687B,國泰20年美債,88,7,81,凱基-中壢,2024-10-17,9285
00637L,元大滬深300正2,122,50,72,凱基-中壢,2024-10-17,9285
00945B,凱基美國非投等債,70,0,70,凱基-中壢,2024-10-17,9285
2363,矽統,83,16,67,凱基-中壢,2024-10-17,9285
00680L,元大美債20正2,52,2,50,凱基-中壢,2024-10-17,9285
6125,廣運,56,7,49,凱基-中壢,2024-10-17,9285
00941,中信上游半導體,48,0,48,凱基-中壢,2024-10-17,9285
2344,華邦電,46,3,43,凱基-中壢,2024-10-17,9285
3289,宜特,42,3,39,凱基-中壢,2024-10-17,9285
00753L,中信中國50正2,40,2,38,凱基-中壢,2024-10-17,9285
5009,榮剛,40,4,36,凱基-中壢,2024-10-17,9285
2365,昆盈,68,32,36,凱基-中壢,2024-10-17,9285
2330,台積電,41,6,35,凱基-中壢,2024-10-17,9285
00639,富邦深100,34,0,34,凱基-中壢,2024-10-17,9285
8097,常珵,44,11,33,凱基-中壢,2024-10-17,9285
00730,富邦臺灣優質高息,30,0,30,凱基-中壢,2024-10-17,9285
3209,全科,47,18,29,凱基-中壢,2024-10-17,9285
3062,建漢,56,28,28,凱基-中壢,2024-10-17,9285
2303,聯電,29,1,28,凱基-中壢,2024-10-17,9285
2838,聯邦銀,25,0,25,凱基-中壢,2024-10-17,9285
006208,富邦台50,24,0,24,凱基-中壢,2024-10-17,9285
3031,佰鴻,28,6,22,凱基-中壢,2024-10-17,9285
4977,眾達-KY,30,9,21,凱基-中壢,2024-10-17,9285
4532,瑞智,21,0,21,凱基-中壢,2024-10-17,9285
6143,振曜,20,0,20,凱基-中壢,2024-10-17,9285
2340,台亞,20,0,20,凱基-中壢,2024-10-17,9285
1721,三晃,61,43,18,凱基-中壢,2024-10-17,9285
00650L,復華香港正2,18,0,18,凱基-中壢,2024-10-17,9285
6190,萬泰科,16,0,16,凱基-中壢,2024-10-17,9285
4526,東台,36,20,16,凱基-中壢,2024-10-17,9285
4542,科嶠,32,16,16,凱基-中壢,2024-10-17,9285
00960,野村全球航運龍頭,15,0,15,凱基-中壢,2024-10-17,9285
2515,中工,15,1,14,凱基-中壢,2024-10-17,9285
3413,京鼎,14,0,14,凱基-中壢,2024-10-17,9285
6830,汎銓,27,13,14,凱基-中壢,2024-10-17,9285
6133,金橋,14,0,14,凱基-中壢,2024-10-17,9285
1785,光洋科,42,28,14,凱基-中壢,2024-10-17,9285
4956,光鋐,23,9,14,凱基-中壢,2024-10-17,9285
00940,元大台灣價值高息,55,41,14,凱基-中壢,2024-10-17,9285
6147,頎邦,13,0,13,凱基-中壢,2024-10-17,9285
00948B,中信優息投資級債,514,0,514,凱基-中壢,2024-10-18,9285
00679B,元大美債20年,193,50,143,凱基-中壢,2024-10-18,9285
00687B,國泰20年美債,167,45,122,凱基-中壢,2024-10-18,9285
00929,復華台灣科技優息,184,75,109,凱基-中壢,2024-10-18,9285
00887,永豐中國科技50大,125,21,104,凱基-中壢,2024-10-18,9285
00959B,大華投等美債15Y+,102,0,102,凱基-中壢,2024-10-18,9285
9105,泰金寶-DR,149,56,93,凱基-中壢,2024-10-18,9285
2303,聯電,136,49,87,凱基-中壢,2024-10-18,9285
5009,榮剛,80,0,80,凱基-中壢,2024-10-18,9285
4716,大立,85,5,80,凱基-中壢,2024-10-18,9285
6763,綠界科技*,95,26,69,凱基-中壢,2024-10-18,9285
00725B,國泰投資級公司債,61,0,61,凱基-中壢,2024-10-18,9285
00945B,凱基美國非投等債,62,2,60,凱基-中壢,2024-10-18,9285
0056,元大高股息,85,27,58,凱基-中壢,2024-10-18,9285
00673R,期元大S＆P原油反1,60,2,58,凱基-中壢,2024-10-18,9285
2867,三商壽,63,6,57,凱基-中壢,2024-10-18,9285
00795B,中信美國公債20年,50,0,50,凱基-中壢,2024-10-18,9285
2421,建準,53,5,48,凱基-中壢,2024-10-18,9285
2449,京元電子,62,16,46,凱基-中壢,2024-10-18,9285
6505,台塑化,45,0,45,凱基-中壢,2024-10-18,9285
00753L,中信中國50正2,50,5,45,凱基-中壢,2024-10-18,9285
2355,敬鵬,43,1,42,凱基-中壢,2024-10-18,9285
2344,華邦電,46,6,40,凱基-中壢,2024-10-18,9285
00752,中信中國50,45,6,39,凱基-中壢,2024-10-18,9285
2007,燁興,35,4,31,凱基-中壢,2024-10-18,9285
00900,富邦特選高股息30,34,4,30,凱基-中壢,2024-10-18,9285
1569,濱川,30,0,30,凱基-中壢,2024-10-18,9285
3037,欣興,31,2,29,凱基-中壢,2024-10-18,9285
2313,華通,36,8,28,凱基-中壢,2024-10-18,9285
3025,星通,40,13,27,凱基-中壢,2024-10-18,9285
6770,力積電,24,0,24,凱基-中壢,2024-10-18,9285
00937B,群益ESG投等債20,76,53,23,凱基-中壢,2024-10-18,9285
3149,正達,143,120,23,凱基-中壢,2024-10-18,9285
1536,和大,33,12,21,凱基-中壢,2024-10-18,9285
1473,台南,21,0,21,凱基-中壢,2024-10-18,9285
6142,友勁,24,3,21,凱基-中壢,2024-10-18,9285
2316,楠梓電,43,22,21,凱基-中壢,2024-10-18,9285
2888,新光金,22,1,21,凱基-中壢,2024-10-18,9285
4979,華星光,30,10,20,凱基-中壢,2024-10-18,9285
5381,合正,20,0,20,凱基-中壢,2024-10-18,9285
3289,宜特,42,22,20,凱基-中壢,2024-10-18,9285
3374,精材,43,24,19,凱基-中壢,2024-10-18,9285
2208,台船,19,0,19,凱基-中壢,2024-10-18,9285
1711,永光,32,13,19,凱基-中壢,2024-10-18,9285
1314,中石化,29,10,19,凱基-中壢,2024-10-18,9285
3450,聯鈞,42,23,19,凱基-中壢,2024-10-18,9285
6425,易發,38,20,18,凱基-中壢,2024-10-18,9285
1540,喬福,83,65,18,凱基-中壢,2024-10-18,9285
2367,燿華,48,31,17,凱基-中壢,2024-10-18,9285
4533,協易機,29,13,16,凱基-中壢,2024-10-18,9285
00715L,期街口布蘭特正2,675,5,670,凱基-中壢,2024-10-21,9285
00637L,元大滬深300正2,636,28,608,凱基-中壢,2024-10-21,9285
00650L,復華香港正2,322,0,322,凱基-中壢,2024-10-21,9285
00642U,期元大S＆P石油,207,0,207,凱基-中壢,2024-10-21,9285
00948B,中信優息投資級債,213,23,190,凱基-中壢,2024-10-21,9285
00905,FT臺灣Smart,98,0,98,凱基-中壢,2024-10-21,9285
9105,泰金寶-DR,139,50,89,凱基-中壢,2024-10-21,9285
00751B,元大AAA至A公司債,79,0,79,凱基-中壢,2024-10-21,9285
00953B,群益優選非投等債,77,0,77,凱基-中壢,2024-10-21,9285
00679B,元大美債20年,126,58,68,凱基-中壢,2024-10-21,9285
00720B,元大投資級公司債,65,3,62,凱基-中壢,2024-10-21,9285
6220,岳豐,51,0,51,凱基-中壢,2024-10-21,9285
2881,富邦金,45,0,45,凱基-中壢,2024-10-21,9285
00665L,富邦�琤肭磪囓�2,44,5,39,凱基-中壢,2024-10-21,9285
00753L,中信中國50正2,50,12,38,凱基-中壢,2024-10-21,9285
00680L,元大美債20正2,36,0,36,凱基-中壢,2024-10-21,9285
1569,濱川,33,0,33,凱基-中壢,2024-10-21,9285
2402,毅嘉,41,10,31,凱基-中壢,2024-10-21,9285
00882,中信中國高股息,41,10,31,凱基-中壢,2024-10-21,9285
2317,鴻海,87,57,30,凱基-中壢,2024-10-21,9285
2323,中環,50,20,30,凱基-中壢,2024-10-21,9285
00900,富邦特選高股息30,32,3,29,凱基-中壢,2024-10-21,9285
00687B,國泰20年美債,71,43,28,凱基-中壢,2024-10-21,9285
00951,台新日本半導體,29,2,27,凱基-中壢,2024-10-21,9285
912000,晨訊科-DR,25,0,25,凱基-中壢,2024-10-21,9285
2344,華邦電,37,12,25,凱基-中壢,2024-10-21,9285
2303,聯電,44,22,22,凱基-中壢,2024-10-21,9285
8176,智捷,20,0,20,凱基-中壢,2024-10-21,9285
4577,達航科技,20,0,20,凱基-中壢,2024-10-21,9285
2520,冠德,20,0,20,凱基-中壢,2024-10-21,9285
6234,高僑,20,1,19,凱基-中壢,2024-10-21,9285
2883B,凱基金乙特,20,2,18,凱基-中壢,2024-10-21,9285
00878,國泰永續高股息,41,24,17,凱基-中壢,2024-10-21,9285
1540,喬福,20,3,17,凱基-中壢,2024-10-21,9285
1711,永光,26,9,17,凱基-中壢,2024-10-21,9285
3167,大量,18,2,16,凱基-中壢,2024-10-21,9285
2419,仲琦,21,5,16,凱基-中壢,2024-10-21,9285
2882,國泰金,17,1,16,凱基-中壢,2024-10-21,9285
2883,凱基金,24,8,16,凱基-中壢,2024-10-21,9285
4909,新復興,25,9,16,凱基-中壢,2024-10-21,9285
1301,台塑,20,5,15,凱基-中壢,2024-10-21,9285
00923,群益台ESG低碳50,16,1,15,凱基-中壢,2024-10-21,9285
00676R,富邦臺灣加權反1,15,0,15,凱基-中壢,2024-10-21,9285
1626,艾美特-KY,15,0,15,凱基-中壢,2024-10-21,9285
00738U,期元大道瓊白銀,15,0,15,凱基-中壢,2024-10-21,9285
2495,普安,15,0,15,凱基-中壢,2024-10-21,9285
3430,奇鈦科,16,2,14,凱基-中壢,2024-10-21,9285
6505,台塑化,14,0,14,凱基-中壢,2024-10-21,9285
6530,創威,16,2,14,凱基-中壢,2024-10-21,9285
4526,東台,41,27,14,凱基-中壢,2024-10-21,9285
00637L,元大滬深300正2,265,21,244,凱基-中壢,2024-10-22,9285
00948B,中信優息投資級債,267,43,224,凱基-中壢,2024-10-22,9285
00679B,元大美債20年,250,36,214,凱基-中壢,2024-10-22,9285
00687B,國泰20年美債,280,68,212,凱基-中壢,2024-10-22,9285
00642U,期元大S＆P石油,205,2,203,凱基-中壢,2024-10-22,9285
00650L,復華香港正2,189,0,189,凱基-中壢,2024-10-22,9285
00959B,大華投等美債15Y+,136,0,136,凱基-中壢,2024-10-22,9285
00715L,期街口布蘭特正2,203,89,114,凱基-中壢,2024-10-22,9285
00643,群益深証中小,100,0,100,凱基-中壢,2024-10-22,9285
3049,精金,110,13,97,凱基-中壢,2024-10-22,9285
4909,新復興,64,2,62,凱基-中壢,2024-10-22,9285
00751B,元大AAA至A公司債,56,0,56,凱基-中壢,2024-10-22,9285
2601,益航,50,0,50,凱基-中壢,2024-10-22,9285
00636,國泰中國A50,50,0,50,凱基-中壢,2024-10-22,9285
00720B,元大投資級公司債,61,14,47,凱基-中壢,2024-10-22,9285
00795B,中信美國公債20年,45,2,43,凱基-中壢,2024-10-22,9285
6220,岳豐,45,6,39,凱基-中壢,2024-10-22,9285
2399,映泰,68,30,38,凱基-中壢,2024-10-22,9285
00676R,富邦臺灣加權反1,35,0,35,凱基-中壢,2024-10-22,9285
3481,群創,81,47,34,凱基-中壢,2024-10-22,9285
2476,鉅祥,49,15,34,凱基-中壢,2024-10-22,9285
4540,全球傳動,51,17,34,凱基-中壢,2024-10-22,9285
3289,宜特,42,9,33,凱基-中壢,2024-10-22,9285
006208,富邦台50,34,1,33,凱基-中壢,2024-10-22,9285
2303,聯電,44,13,31,凱基-中壢,2024-10-22,9285
4714,永捷,31,0,31,凱基-中壢,2024-10-22,9285
00712,復華富時不動產,30,0,30,凱基-中壢,2024-10-22,9285
8021,尖點,32,2,30,凱基-中壢,2024-10-22,9285
6609,瀧澤科,57,27,30,凱基-中壢,2024-10-22,9285
6438,迅得,33,3,30,凱基-中壢,2024-10-22,9285
4729,熒茂,42,13,29,凱基-中壢,2024-10-22,9285
00882,中信中國高股息,34,5,29,凱基-中壢,2024-10-22,9285
1802,台玻,30,4,26,凱基-中壢,2024-10-22,9285
4561,健椿,27,1,26,凱基-中壢,2024-10-22,9285
00887,永豐中國科技50大,34,9,25,凱基-中壢,2024-10-22,9285
6830,汎銓,27,2,25,凱基-中壢,2024-10-22,9285
2405,輔信,29,6,23,凱基-中壢,2024-10-22,9285
00929,復華台灣科技優息,48,27,21,凱基-中壢,2024-10-22,9285
00933B,國泰10Y+金融債,23,3,20,凱基-中壢,2024-10-22,9285
3430,奇鈦科,29,9,20,凱基-中壢,2024-10-22,9285
4562,穎漢,20,0,20,凱基-中壢,2024-10-22,9285
3715,定穎投控,39,20,19,凱基-中壢,2024-10-22,9285
1307,三芳,31,13,18,凱基-中壢,2024-10-22,9285
2344,華邦電,24,6,18,凱基-中壢,2024-10-22,9285
2467,志聖,18,1,17,凱基-中壢,2024-10-22,9285
2330,台積電,26,9,17,凱基-中壢,2024-10-22,9285
6530,創威,31,14,17,凱基-中壢,2024-10-22,9285
4533,協易機,23,6,17,凱基-中壢,2024-10-22,9285
5386,青雲,17,0,17,凱基-中壢,2024-10-22,9285
1301,台塑,17,1,16,凱基-中壢,2024-10-22,9285
00937B,群益ESG投等債20,275,2,273,凱基-中壢,2024-10-23,9285
00688L,國泰20年美債正2,250,18,232,凱基-中壢,2024-10-23,9285
2344,華邦電,189,34,155,凱基-中壢,2024-10-23,9285
1718,中纖,136,0,136,凱基-中壢,2024-10-23,9285
6770,力積電,112,7,105,凱基-中壢,2024-10-23,9285
3481,群創,149,50,99,凱基-中壢,2024-10-23,9285
00632R,元大台灣50反1,100,5,95,凱基-中壢,2024-10-23,9285
00943,兆豐電子高息等權,90,0,90,凱基-中壢,2024-10-23,9285
0056,元大高股息,80,0,80,凱基-中壢,2024-10-23,9285
2317,鴻海,120,40,80,凱基-中壢,2024-10-23,9285
00948B,中信優息投資級債,99,24,75,凱基-中壢,2024-10-23,9285
00679B,元大美債20年,77,13,64,凱基-中壢,2024-10-23,9285
5907,大洋-KY,66,3,63,凱基-中壢,2024-10-23,9285
00878,國泰永續高股息,65,12,53,凱基-中壢,2024-10-23,9285
2540,愛山林,52,0,52,凱基-中壢,2024-10-23,9285
2369,菱生,76,26,50,凱基-中壢,2024-10-23,9285
2303,聯電,51,1,50,凱基-中壢,2024-10-23,9285
3037,欣興,90,41,49,凱基-中壢,2024-10-23,9285
1569,濱川,55,7,48,凱基-中壢,2024-10-23,9285
3289,宜特,44,2,42,凱基-中壢,2024-10-23,9285
1776,展宇,42,1,41,凱基-中壢,2024-10-23,9285
00673R,期元大S＆P原油反1,40,0,40,凱基-中壢,2024-10-23,9285
2431,聯昌,44,4,40,凱基-中壢,2024-10-23,9285
00687B,國泰20年美債,48,10,38,凱基-中壢,2024-10-23,9285
00720B,元大投資級公司債,36,0,36,凱基-中壢,2024-10-23,9285
2371,大同,36,1,35,凱基-中壢,2024-10-23,9285
00751B,元大AAA至A公司債,35,0,35,凱基-中壢,2024-10-23,9285
4162,智擎,36,1,35,凱基-中壢,2024-10-23,9285
6438,迅得,35,2,33,凱基-中壢,2024-10-23,9285
6506,雙邦,34,1,33,凱基-中壢,2024-10-23,9285
8111,立��,51,20,31,凱基-中壢,2024-10-23,9285
2495,普安,33,4,29,凱基-中壢,2024-10-23,9285
2302,麗正,27,0,27,凱基-中壢,2024-10-23,9285
1605,華新,28,2,26,凱基-中壢,2024-10-23,9285
4720,德淵,32,7,25,凱基-中壢,2024-10-23,9285
00900,富邦特選高股息30,24,0,24,凱基-中壢,2024-10-23,9285
9950,萬國通,23,0,23,凱基-中壢,2024-10-23,9285
2330,台積電,24,1,23,凱基-中壢,2024-10-23,9285
2363,矽統,28,6,22,凱基-中壢,2024-10-23,9285
1301,台塑,22,0,22,凱基-中壢,2024-10-23,9285
2601,益航,36,14,22,凱基-中壢,2024-10-23,9285
2880,華南金,22,0,22,凱基-中壢,2024-10-23,9285
2329,華泰,100,78,22,凱基-中壢,2024-10-23,9285
1727,中華化,34,13,21,凱基-中壢,2024-10-23,9285
00919,群益台灣精選高息,57,37,20,凱基-中壢,2024-10-23,9285
00922,國泰台灣領袖50,20,0,20,凱基-中壢,2024-10-23,9285
00951,台新日本半導體,20,0,20,凱基-中壢,2024-10-23,9285
6241,易通展,20,0,20,凱基-中壢,2024-10-23,9285
006208,富邦台50,19,0,19,凱基-中壢,2024-10-23,9285
2888,新光金,26,7,19,凱基-中壢,2024-10-23,9285
00637L,元大滬深300正2,317,8,309,凱基-中壢,2024-10-24,9285
00650L,復華香港正2,246,0,246,凱基-中壢,2024-10-24,9285
00752,中信中國50,156,0,156,凱基-中壢,2024-10-24,9285
00919,群益台灣精選高息,155,26,129,凱基-中壢,2024-10-24,9285
00929,復華台灣科技優息,140,39,101,凱基-中壢,2024-10-24,9285
0056,元大高股息,106,5,101,凱基-中壢,2024-10-24,9285
00937B,群益ESG投等債20,201,103,98,凱基-中壢,2024-10-24,9285
2399,映泰,153,57,96,凱基-中壢,2024-10-24,9285
3362,先進光,80,2,78,凱基-中壢,2024-10-24,9285
00679B,元大美債20年,100,23,77,凱基-中壢,2024-10-24,9285
2344,華邦電,76,0,76,凱基-中壢,2024-10-24,9285
00945B,凱基美國非投等債,62,0,62,凱基-中壢,2024-10-24,9285
3548,兆利,60,0,60,凱基-中壢,2024-10-24,9285
2388,威盛,102,42,60,凱基-中壢,2024-10-24,9285
00938,凱基優選30,59,0,59,凱基-中壢,2024-10-24,9285
00680L,元大美債20正2,86,30,56,凱基-中壢,2024-10-24,9285
1528,恩德,186,130,56,凱基-中壢,2024-10-24,9285
2382,廣達,62,17,45,凱基-中壢,2024-10-24,9285
00751B,元大AAA至A公司債,44,0,44,凱基-中壢,2024-10-24,9285
00878,國泰永續高股息,71,27,44,凱基-中壢,2024-10-24,9285
2468,華經,37,0,37,凱基-中壢,2024-10-24,9285
00712,復華富時不動產,34,0,34,凱基-中壢,2024-10-24,9285
00655L,國泰中國A50正2,34,0,34,凱基-中壢,2024-10-24,9285
6451,訊芯-KY,39,6,33,凱基-中壢,2024-10-24,9285
2303,聯電,53,21,32,凱基-中壢,2024-10-24,9285
2355,敬鵬,33,5,28,凱基-中壢,2024-10-24,9285
1802,台玻,76,48,28,凱基-中壢,2024-10-24,9285
3324,雙鴻,31,4,27,凱基-中壢,2024-10-24,9285
3581,博磊,42,16,26,凱基-中壢,2024-10-24,9285
00753L,中信中國50正2,70,45,25,凱基-中壢,2024-10-24,9285
4532,瑞智,25,0,25,凱基-中壢,2024-10-24,9285
1301,台塑,24,0,24,凱基-中壢,2024-10-24,9285
2365,昆盈,28,4,24,凱基-中壢,2024-10-24,9285
00918,大華優利高填息30,27,5,22,凱基-中壢,2024-10-24,9285
6218,豪勉,32,10,22,凱基-中壢,2024-10-24,9285
3615,安可,48,26,22,凱基-中壢,2024-10-24,9285
2383,台光電,23,2,21,凱基-中壢,2024-10-24,9285
6207,雷科,23,2,21,凱基-中壢,2024-10-24,9285
8404,百和興業-KY,23,2,21,凱基-中壢,2024-10-24,9285
00665L,富邦�琤肭磪囓�2,55,34,21,凱基-中壢,2024-10-24,9285
1314,中石化,27,6,21,凱基-中壢,2024-10-24,9285
3060,銘異,24,3,21,凱基-中壢,2024-10-24,9285
912000,晨訊科-DR,20,0,20,凱基-中壢,2024-10-24,9285
3580,友威科,40,21,19,凱基-中壢,2024-10-24,9285
2449,京元電子,23,4,19,凱基-中壢,2024-10-24,9285
1721,三晃,37,19,18,凱基-中壢,2024-10-24,9285
6763,綠界科技*,44,27,17,凱基-中壢,2024-10-24,9285
3217,優群,18,1,17,凱基-中壢,2024-10-24,9285
4303,信立,30,13,17,凱基-中壢,2024-10-24,9285
3715,定穎投控,41,24,17,凱基-中壢,2024-10-24,9285
00679B,元大美債20年,159,4,155,凱基-中壢,2024-10-25,9285
00937B,群益ESG投等債20,108,7,101,凱基-中壢,2024-10-25,9285
00715L,期街口布蘭特正2,95,9,86,凱基-中壢,2024-10-25,9285
00919,群益台灣精選高息,75,1,74,凱基-中壢,2024-10-25,9285
00687B,國泰20年美債,63,13,50,凱基-中壢,2024-10-25,9285
1528,恩德,104,54,50,凱基-中壢,2024-10-25,9285
5388,中磊,60,10,50,凱基-中壢,2024-10-25,9285
1310,台苯,50,0,50,凱基-中壢,2024-10-25,9285
1303,南亞,43,1,42,凱基-中壢,2024-10-25,9285
00959B,大華投等美債15Y+,41,2,39,凱基-中壢,2024-10-25,9285
6770,力積電,35,0,35,凱基-中壢,2024-10-25,9285
1605,華新,31,0,31,凱基-中壢,2024-10-25,9285
00887,永豐中國科技50大,37,7,30,凱基-中壢,2024-10-25,9285
8021,尖點,37,8,29,凱基-中壢,2024-10-25,9285
2601,益航,37,9,28,凱基-中壢,2024-10-25,9285
3362,先進光,26,0,26,凱基-中壢,2024-10-25,9285
3548,兆利,23,0,23,凱基-中壢,2024-10-25,9285
8249,菱光,50,28,22,凱基-中壢,2024-10-25,9285
1711,永光,23,2,21,凱基-中壢,2024-10-25,9285
4167,松瑞藥,21,0,21,凱基-中壢,2024-10-25,9285
3715,定穎投控,62,41,21,凱基-中壢,2024-10-25,9285
3029,零壹,25,5,20,凱基-中壢,2024-10-25,9285
2880,華南金,20,0,20,凱基-中壢,2024-10-25,9285
2408,南亞科,20,0,20,凱基-中壢,2024-10-25,9285
00951,台新日本半導體,20,0,20,凱基-中壢,2024-10-25,9285
2405,輔信,36,16,20,凱基-中壢,2024-10-25,9285
00676R,富邦臺灣加權反1,20,0,20,凱基-中壢,2024-10-25,9285
2369,菱生,24,4,20,凱基-中壢,2024-10-25,9285
2515,中工,20,1,19,凱基-中壢,2024-10-25,9285
2610,華航,37,19,18,凱基-中壢,2024-10-25,9285
6218,豪勉,19,1,18,凱基-中壢,2024-10-25,9285
00637L,元大滬深300正2,32,15,17,凱基-中壢,2024-10-25,9285
1806,冠軍,18,2,16,凱基-中壢,2024-10-25,9285
2355,敬鵬,15,0,15,凱基-中壢,2024-10-25,9285
6609,瀧澤科,23,9,14,凱基-中壢,2024-10-25,9285
2388,威盛,29,15,14,凱基-中壢,2024-10-25,9285
3189,景碩,28,14,14,凱基-中壢,2024-10-25,9285
3062,建漢,20,6,14,凱基-中壢,2024-10-25,9285
6203,海韻電,14,0,14,凱基-中壢,2024-10-25,9285
00725B,國泰投資級公司債,14,0,14,凱基-中壢,2024-10-25,9285
5351,鈺創,13,0,13,凱基-中壢,2024-10-25,9285
6234,高僑,13,0,13,凱基-中壢,2024-10-25,9285
4532,瑞智,18,5,13,凱基-中壢,2024-10-25,9285
3167,大量,17,4,13,凱基-中壢,2024-10-25,9285
2455,全新,23,10,13,凱基-中壢,2024-10-25,9285
2371,大同,12,0,12,凱基-中壢,2024-10-25,9285
3437,榮創,12,0,12,凱基-中壢,2024-10-25,9285
1569,濱川,14,2,12,凱基-中壢,2024-10-25,9285
3033,威健,12,0,12,凱基-中壢,2024-10-25,9285
8070,長華*,12,0,12,凱基-中壢,2024-10-25,9285
00715L,期街口布蘭特正2,527,0,527,凱基-中壢,2024-10-28,9285
00937B,群益ESG投等債20,273,84,189,凱基-中壢,2024-10-28,9285
00948B,中信優息投資級債,193,13,180,凱基-中壢,2024-10-28,9285
00688L,國泰20年美債正2,165,11,154,凱基-中壢,2024-10-28,9285
00650L,復華香港正2,138,0,138,凱基-中壢,2024-10-28,9285
00687B,國泰20年美債,120,5,115,凱基-中壢,2024-10-28,9285
00680L,元大美債20正2,114,8,106,凱基-中壢,2024-10-28,9285
4716,大立,98,10,88,凱基-中壢,2024-10-28,9285
2615,萬海,106,34,72,凱基-中壢,2024-10-28,9285
00959B,大華投等美債15Y+,69,0,69,凱基-中壢,2024-10-28,9285
00751B,元大AAA至A公司債,77,10,67,凱基-中壢,2024-10-28,9285
00938,凱基優選30,73,12,61,凱基-中壢,2024-10-28,9285
00720B,元大投資級公司債,46,0,46,凱基-中壢,2024-10-28,9285
6770,力積電,67,32,35,凱基-中壢,2024-10-28,9285
5398,慕康生醫,34,1,33,凱基-中壢,2024-10-28,9285
2421,建準,34,2,32,凱基-中壢,2024-10-28,9285
00712,復華富時不動產,31,0,31,凱基-中壢,2024-10-28,9285
2477,美隆電,56,25,31,凱基-中壢,2024-10-28,9285
00679B,元大美債20年,126,97,29,凱基-中壢,2024-10-28,9285
1449,佳和,28,0,28,凱基-中壢,2024-10-28,9285
2355,敬鵬,25,0,25,凱基-中壢,2024-10-28,9285
3231,緯創,30,7,23,凱基-中壢,2024-10-28,9285
6609,瀧澤科,32,10,22,凱基-中壢,2024-10-28,9285
3289,宜特,23,1,22,凱基-中壢,2024-10-28,9285
00927,群益半導體收益,22,0,22,凱基-中壢,2024-10-28,9285
00891,中信關鍵半導體,40,20,20,凱基-中壢,2024-10-28,9285
00664R,國泰臺灣加權反1,20,0,20,凱基-中壢,2024-10-28,9285
0056,元大高股息,33,14,19,凱基-中壢,2024-10-28,9285
3548,兆利,18,0,18,凱基-中壢,2024-10-28,9285
3264,欣銓,17,0,17,凱基-中壢,2024-10-28,9285
3710,連展投控,21,4,17,凱基-中壢,2024-10-28,9285
2887,台新金,24,7,17,凱基-中壢,2024-10-28,9285
3552,同致,17,1,16,凱基-中壢,2024-10-28,9285
2888,新光金,16,0,16,凱基-中壢,2024-10-28,9285
3390,旭軟,17,2,15,凱基-中壢,2024-10-28,9285
6451,訊芯-KY,19,4,15,凱基-中壢,2024-10-28,9285
00795B,中信美國公債20年,19,4,15,凱基-中壢,2024-10-28,9285
2330,台積電,24,10,14,凱基-中壢,2024-10-28,9285
00915,凱基優選高股息30,14,0,14,凱基-中壢,2024-10-28,9285
4912,聯德控股-KY,14,0,14,凱基-中壢,2024-10-28,9285
6127,九豪,16,2,14,凱基-中壢,2024-10-28,9285
6443,元晶,15,1,14,凱基-中壢,2024-10-28,9285
00725B,國泰投資級公司債,13,0,13,凱基-中壢,2024-10-28,9285
2405,輔信,13,0,13,凱基-中壢,2024-10-28,9285
00922,國泰台灣領袖50,13,0,13,凱基-中壢,2024-10-28,9285
2618,長榮航,30,17,13,凱基-中壢,2024-10-28,9285
00857B,永豐20年美公債,12,0,12,凱基-中壢,2024-10-28,9285
3105,穩懋,12,0,12,凱基-中壢,2024-10-28,9285
00935,野村臺灣新科技50,12,0,12,凱基-中壢,2024-10-28,9285
2537,聯上發,12,0,12,凱基-中壢,2024-10-28,9285
00919,群益台灣精選高息,322,14,308,凱基-中壢,2024-10-29,9285
00929,復華台灣科技優息,426,121,305,凱基-中壢,2024-10-29,9285
00878,國泰永續高股息,220,13,207,凱基-中壢,2024-10-29,9285
00715L,期街口布蘭特正2,151,5,146,凱基-中壢,2024-10-29,9285
0056,元大高股息,122,17,105,凱基-中壢,2024-10-29,9285
6133,金橋,95,24,71,凱基-中壢,2024-10-29,9285
00642U,期元大S＆P石油,68,0,68,凱基-中壢,2024-10-29,9285
2303,聯電,122,57,65,凱基-中壢,2024-10-29,9285
00937B,群益ESG投等債20,80,20,60,凱基-中壢,2024-10-29,9285
6425,易發,59,4,55,凱基-中壢,2024-10-29,9285
00940,元大台灣價值高息,82,28,54,凱基-中壢,2024-10-29,9285
3037,欣興,59,5,54,凱基-中壢,2024-10-29,9285
6770,力積電,95,42,53,凱基-中壢,2024-10-29,9285
8249,菱光,59,8,51,凱基-中壢,2024-10-29,9285
2646,星宇航空,68,17,51,凱基-中壢,2024-10-29,9285
006208,富邦台50,52,5,47,凱基-中壢,2024-10-29,9285
00946,群益科技高息成長,57,10,47,凱基-中壢,2024-10-29,9285
4716,大立,58,13,45,凱基-中壢,2024-10-29,9285
00927,群益半導體收益,35,0,35,凱基-中壢,2024-10-29,9285
00713,元大台灣高息低波,33,1,32,凱基-中壢,2024-10-29,9285
00939,統一台灣高息動能,31,0,31,凱基-中壢,2024-10-29,9285
1802,台玻,75,44,31,凱基-中壢,2024-10-29,9285
00961,FT臺灣永續高息,30,0,30,凱基-中壢,2024-10-29,9285
912000,晨訊科-DR,30,0,30,凱基-中壢,2024-10-29,9285
00666R,富邦�琤肭磪齯�1,30,0,30,凱基-中壢,2024-10-29,9285
2344,華邦電,44,14,30,凱基-中壢,2024-10-29,9285
00918,大華優利高填息30,29,0,29,凱基-中壢,2024-10-29,9285
00922,國泰台灣領袖50,36,8,28,凱基-中壢,2024-10-29,9285
2883,凱基金,33,5,28,凱基-中壢,2024-10-29,9285
2363,矽統,32,5,27,凱基-中壢,2024-10-29,9285
00915,凱基優選高股息30,27,1,26,凱基-中壢,2024-10-29,9285
8107,大億金茂,49,23,26,凱基-中壢,2024-10-29,9285
9951,皇田,25,0,25,凱基-中壢,2024-10-29,9285
00943,兆豐電子高息等權,23,0,23,凱基-中壢,2024-10-29,9285
0050,元大台灣50,34,11,23,凱基-中壢,2024-10-29,9285
2880,華南金,22,0,22,凱基-中壢,2024-10-29,9285
00935,野村臺灣新科技50,22,0,22,凱基-中壢,2024-10-29,9285
2388,威盛,53,32,21,凱基-中壢,2024-10-29,9285
00751B,元大AAA至A公司債,21,0,21,凱基-中壢,2024-10-29,9285
00900,富邦特選高股息30,22,2,20,凱基-中壢,2024-10-29,9285
3189,景碩,25,7,18,凱基-中壢,2024-10-29,9285
00712,復華富時不動產,20,2,18,凱基-中壢,2024-10-29,9285
2421,建準,17,0,17,凱基-中壢,2024-10-29,9285
1524,耿鼎,18,1,17,凱基-中壢,2024-10-29,9285
3663,鑫科,22,5,17,凱基-中壢,2024-10-29,9285
2383,台光電,22,6,16,凱基-中壢,2024-10-29,9285
6288,聯嘉,26,10,16,凱基-中壢,2024-10-29,9285
2409,友達,16,0,16,凱基-中壢,2024-10-29,9285
3011,今皓,17,2,15,凱基-中壢,2024-10-29,9285
2457,飛宏,15,0,15,凱基-中壢,2024-10-29,9285
6757,台灣虎航,452,3,449,凱基-中壢,2024-10-30,9285
00882,中信中國高股息,172,5,167,凱基-中壢,2024-10-30,9285
00665L,富邦�琤肭磪囓�2,106,0,106,凱基-中壢,2024-10-30,9285
00929,復華台灣科技優息,121,28,93,凱基-中壢,2024-10-30,9285
4532,瑞智,66,2,64,凱基-中壢,2024-10-30,9285
6283,淳安,62,2,60,凱基-中壢,2024-10-30,9285
2337,旺宏,60,0,60,凱基-中壢,2024-10-30,9285
00919,群益台灣精選高息,60,1,59,凱基-中壢,2024-10-30,9285
00753L,中信中國50正2,72,18,54,凱基-中壢,2024-10-30,9285
1802,台玻,57,10,47,凱基-中壢,2024-10-30,9285
0056,元大高股息,52,7,45,凱基-中壢,2024-10-30,9285
00878,國泰永續高股息,53,13,40,凱基-中壢,2024-10-30,9285
00945B,凱基美國非投等債,45,5,40,凱基-中壢,2024-10-30,9285
912000,晨訊科-DR,40,0,40,凱基-中壢,2024-10-30,9285
2887,台新金,39,3,36,凱基-中壢,2024-10-30,9285
2646,星宇航空,39,3,36,凱基-中壢,2024-10-30,9285
2881,富邦金,36,1,35,凱基-中壢,2024-10-30,9285
2355,敬鵬,35,0,35,凱基-中壢,2024-10-30,9285
00959B,大華投等美債15Y+,35,2,33,凱基-中壢,2024-10-30,9285
2204,中華,32,1,31,凱基-中壢,2024-10-30,9285
2313,華通,51,21,30,凱基-中壢,2024-10-30,9285
5521,工信,30,0,30,凱基-中壢,2024-10-30,9285
3481,群創,40,12,28,凱基-中壢,2024-10-30,9285
00940,元大台灣價值高息,33,6,27,凱基-中壢,2024-10-30,9285
6257,矽格,27,1,26,凱基-中壢,2024-10-30,9285
00712,復華富時不動產,26,1,25,凱基-中壢,2024-10-30,9285
00948B,中信優息投資級債,51,26,25,凱基-中壢,2024-10-30,9285
00632R,元大台灣50反1,80,57,23,凱基-中壢,2024-10-30,9285
1785,光洋科,27,4,23,凱基-中壢,2024-10-30,9285
2388,威盛,42,19,23,凱基-中壢,2024-10-30,9285
8064,東捷,34,11,23,凱基-中壢,2024-10-30,9285
2883,凱基金,30,9,21,凱基-中壢,2024-10-30,9285
00915,凱基優選高股息30,21,0,21,凱基-中壢,2024-10-30,9285
00918,大華優利高填息30,21,0,21,凱基-中壢,2024-10-30,9285
00715L,期街口布蘭特正2,19,0,19,凱基-中壢,2024-10-30,9285
4503,金雨,19,0,19,凱基-中壢,2024-10-30,9285
00946,群益科技高息成長,19,0,19,凱基-中壢,2024-10-30,9285
4526,東台,20,2,18,凱基-中壢,2024-10-30,9285
2303,聯電,57,39,18,凱基-中壢,2024-10-30,9285
2409,友達,17,0,17,凱基-中壢,2024-10-30,9285
3047,訊舟,37,20,17,凱基-中壢,2024-10-30,9285
6156,松上,16,0,16,凱基-中壢,2024-10-30,9285
6241,易通展,16,0,16,凱基-中壢,2024-10-30,9285
2642,宅配通,19,4,15,凱基-中壢,2024-10-30,9285
9911,櫻花,15,0,15,凱基-中壢,2024-10-30,9285
6154,順發,15,0,15,凱基-中壢,2024-10-30,9285
00720B,元大投資級公司債,15,0,15,凱基-中壢,2024-10-30,9285
00927,群益半導體收益,15,0,15,凱基-中壢,2024-10-30,9285
4919,新唐,44,30,14,凱基-中壢,2024-10-30,9285
00938,凱基優選30,14,0,14,凱基-中壢,2024-10-30,9285
00632R,元大台灣50反1,1112,107,1005,凱基-中壢,2024-11-01,9285
6757,台灣虎航,415,0,415,凱基-中壢,2024-11-01,9285
00878,國泰永續高股息,230,2,228,凱基-中壢,2024-11-01,9285
00929,復華台灣科技優息,219,62,157,凱基-中壢,2024-11-01,9285
2303,聯電,162,19,143,凱基-中壢,2024-11-01,9285
00919,群益台灣精選高息,122,18,104,凱基-中壢,2024-11-01,9285
00635U,期元大S＆P黃金,90,0,90,凱基-中壢,2024-11-01,9285
0056,元大高股息,79,3,76,凱基-中壢,2024-11-01,9285
3047,訊舟,118,50,68,凱基-中壢,2024-11-01,9285
00948B,中信優息投資級債,67,0,67,凱基-中壢,2024-11-01,9285
2337,旺宏,55,1,54,凱基-中壢,2024-11-01,9285
00637L,元大滬深300正2,63,10,53,凱基-中壢,2024-11-01,9285
2317,鴻海,97,50,47,凱基-中壢,2024-11-01,9285
00688L,國泰20年美債正2,43,0,43,凱基-中壢,2024-11-01,9285
2495,普安,43,0,43,凱基-中壢,2024-11-01,9285
006208,富邦台50,45,2,43,凱基-中壢,2024-11-01,9285
00882,中信中國高股息,56,14,42,凱基-中壢,2024-11-01,9285
0050,元大台灣50,50,9,41,凱基-中壢,2024-11-01,9285
3548,兆利,40,0,40,凱基-中壢,2024-11-01,9285
00922,國泰台灣領袖50,40,1,39,凱基-中壢,2024-11-01,9285
2356,英業達,41,5,36,凱基-中壢,2024-11-01,9285
2344,華邦電,44,9,35,凱基-中壢,2024-11-01,9285
2354,鴻準,175,142,33,凱基-中壢,2024-11-01,9285
2002,中鋼,32,1,31,凱基-中壢,2024-11-01,9285
00712,復華富時不動產,34,5,29,凱基-中壢,2024-11-01,9285
2891,中信金,36,8,28,凱基-中壢,2024-11-01,9285
2881,富邦金,27,0,27,凱基-中壢,2024-11-01,9285
00679B,元大美債20年,32,6,26,凱基-中壢,2024-11-01,9285
2892,第一金,26,0,26,凱基-中壢,2024-11-01,9285
00751B,元大AAA至A公司債,22,0,22,凱基-中壢,2024-11-01,9285
00941,中信上游半導體,22,0,22,凱基-中壢,2024-11-01,9285
6506,雙邦,21,0,21,凱基-中壢,2024-11-01,9285
3013,晟銘電,26,6,20,凱基-中壢,2024-11-01,9285
1528,恩德,72,52,20,凱基-中壢,2024-11-01,9285
00937B,群益ESG投等債20,53,34,19,凱基-中壢,2024-11-01,9285
2392,正崴,23,4,19,凱基-中壢,2024-11-01,9285
00945B,凱基美國非投等債,19,0,19,凱基-中壢,2024-11-01,9285
00915,凱基優選高股息30,19,0,19,凱基-中壢,2024-11-01,9285
00946,群益科技高息成長,18,0,18,凱基-中壢,2024-11-01,9285
2409,友達,27,10,17,凱基-中壢,2024-11-01,9285
3481,群創,18,1,17,凱基-中壢,2024-11-01,9285
00927,群益半導體收益,18,1,17,凱基-中壢,2024-11-01,9285
00953B,群益優選非投等債,16,0,16,凱基-中壢,2024-11-01,9285
00933B,國泰10Y+金融債,16,0,16,凱基-中壢,2024-11-01,9285
00938,凱基優選30,16,0,16,凱基-中壢,2024-11-01,9285
4958,臻鼎-KY,15,0,15,凱基-中壢,2024-11-01,9285
00725B,國泰投資級公司債,15,0,15,凱基-中壢,2024-11-01,9285
00959B,大華投等美債15Y+,14,0,14,凱基-中壢,2024-11-01,9285
2890,永豐金,14,0,14,凱基-中壢,2024-11-01,9285
2646,星宇航空,28,14,14,凱基-中壢,2024-11-01,9285
00632R,元大台灣50反1,1084,551,533,凱基-中壢,2024-11-04,9285
6757,台灣虎航,548,18,530,凱基-中壢,2024-11-04,9285
00650L,復華香港正2,368,0,368,凱基-中壢,2024-11-04,9285
00637L,元大滬深300正2,372,41,331,凱基-中壢,2024-11-04,9285
2515,中工,241,0,241,凱基-中壢,2024-11-04,9285
00680L,元大美債20正2,284,75,209,凱基-中壢,2024-11-04,9285
00937B,群益ESG投等債20,257,54,203,凱基-中壢,2024-11-04,9285
00690,兆豐藍籌30,147,0,147,凱基-中壢,2024-11-04,9285
00679B,元大美債20年,137,2,135,凱基-中壢,2024-11-04,9285
2615,萬海,246,119,127,凱基-中壢,2024-11-04,9285
00878,國泰永續高股息,166,57,109,凱基-中壢,2024-11-04,9285
00948B,中信優息投資級債,98,0,98,凱基-中壢,2024-11-04,9285
00712,復華富時不動產,81,1,80,凱基-中壢,2024-11-04,9285
00919,群益台灣精選高息,102,26,76,凱基-中壢,2024-11-04,9285
00687B,國泰20年美債,93,17,76,凱基-中壢,2024-11-04,9285
00688L,國泰20年美債正2,75,0,75,凱基-中壢,2024-11-04,9285
00676R,富邦臺灣加權反1,65,0,65,凱基-中壢,2024-11-04,9285
00665L,富邦�琤肭磪囓�2,62,7,55,凱基-中壢,2024-11-04,9285
2646,星宇航空,62,8,54,凱基-中壢,2024-11-04,9285
3289,宜特,56,2,54,凱基-中壢,2024-11-04,9285
00751B,元大AAA至A公司債,53,0,53,凱基-中壢,2024-11-04,9285
3055,蔚華科,58,7,51,凱基-中壢,2024-11-04,9285
2303,聯電,82,34,48,凱基-中壢,2024-11-04,9285
0056,元大高股息,62,17,45,凱基-中壢,2024-11-04,9285
00725B,國泰投資級公司債,42,0,42,凱基-中壢,2024-11-04,9285
2363,矽統,45,3,42,凱基-中壢,2024-11-04,9285
3490,單井,46,5,41,凱基-中壢,2024-11-04,9285
8111,立��,112,74,38,凱基-中壢,2024-11-04,9285
00933B,國泰10Y+金融債,36,0,36,凱基-中壢,2024-11-04,9285
00945B,凱基美國非投等債,36,0,36,凱基-中壢,2024-11-04,9285
1815,富喬,36,1,35,凱基-中壢,2024-11-04,9285
4956,光鋐,32,1,31,凱基-中壢,2024-11-04,9285
2337,旺宏,32,2,30,凱基-中壢,2024-11-04,9285
00930,永豐ESG低碳高息,29,0,29,凱基-中壢,2024-11-04,9285
00953B,群益優選非投等債,27,0,27,凱基-中壢,2024-11-04,9285
00943,兆豐電子高息等權,26,0,26,凱基-中壢,2024-11-04,9285
00713,元大台灣高息低波,30,4,26,凱基-中壢,2024-11-04,9285
2520,冠德,25,0,25,凱基-中壢,2024-11-04,9285
00932,兆豐永續高息等權,25,0,25,凱基-中壢,2024-11-04,9285
1605,華新,21,0,21,凱基-中壢,2024-11-04,9285
6133,金橋,60,39,21,凱基-中壢,2024-11-04,9285
1524,耿鼎,20,0,20,凱基-中壢,2024-11-04,9285
2362,藍天,19,0,19,凱基-中壢,2024-11-04,9285
6472,保瑞,18,0,18,凱基-中壢,2024-11-04,9285
6197,佳必琪,23,6,17,凱基-中壢,2024-11-04,9285
00927,群益半導體收益,17,0,17,凱基-中壢,2024-11-04,9285
00900,富邦特選高股息30,16,1,15,凱基-中壢,2024-11-04,9285
00720B,元大投資級公司債,15,0,15,凱基-中壢,2024-11-04,9285
2887,台新金,16,1,15,凱基-中壢,2024-11-04,9285
2603,長榮,28,14,14,凱基-中壢,2024-11-04,9285
00680L,元大美債20正2,1450,33,1417,凱基-中壢,2024-11-05,9285
2515,中工,600,11,589,凱基-中壢,2024-11-05,9285
00632R,元大台灣50反1,1565,1103,462,凱基-中壢,2024-11-05,9285
00959B,大華投等美債15Y+,200,1,199,凱基-中壢,2024-11-05,9285
00679B,元大美債20年,218,26,192,凱基-中壢,2024-11-05,9285
00878,國泰永續高股息,203,35,168,凱基-中壢,2024-11-05,9285
6757,台灣虎航,305,148,157,凱基-中壢,2024-11-05,9285
00937B,群益ESG投等債20,133,2,131,凱基-中壢,2024-11-05,9285
00919,群益台灣精選高息,131,28,103,凱基-中壢,2024-11-05,9285
4956,光鋐,138,39,99,凱基-中壢,2024-11-05,9285
00932,兆豐永續高息等權,85,0,85,凱基-中壢,2024-11-05,9285
00687B,國泰20年美債,73,3,70,凱基-中壢,2024-11-05,9285
2303,聯電,120,51,69,凱基-中壢,2024-11-05,9285
5315,光聯,125,65,60,凱基-中壢,2024-11-05,9285
1595,川寶,62,4,58,凱基-中壢,2024-11-05,9285
00690,兆豐藍籌30,53,0,53,凱基-中壢,2024-11-05,9285
00940,元大台灣價值高息,60,20,40,凱基-中壢,2024-11-05,9285
3013,晟銘電,56,21,35,凱基-中壢,2024-11-05,9285
1301,台塑,32,0,32,凱基-中壢,2024-11-05,9285
00666R,富邦�琤肭磪齯�1,30,0,30,凱基-中壢,2024-11-05,9285
2332,友訊,30,0,30,凱基-中壢,2024-11-05,9285
0056,元大高股息,37,9,28,凱基-中壢,2024-11-05,9285
4903,聯光通,51,24,27,凱基-中壢,2024-11-05,9285
2431,聯昌,82,55,27,凱基-中壢,2024-11-05,9285
00753L,中信中國50正2,35,9,26,凱基-中壢,2024-11-05,9285
2646,星宇航空,31,5,26,凱基-中壢,2024-11-05,9285
3149,正達,22,2,20,凱基-中壢,2024-11-05,9285
3413,京鼎,21,1,20,凱基-中壢,2024-11-05,9285
00946,群益科技高息成長,19,0,19,凱基-中壢,2024-11-05,9285
00930,永豐ESG低碳高息,18,0,18,凱基-中壢,2024-11-05,9285
00712,復華富時不動產,17,0,17,凱基-中壢,2024-11-05,9285
3049,精金,50,33,17,凱基-中壢,2024-11-05,9285
6770,力積電,18,2,16,凱基-中壢,2024-11-05,9285
4533,協易機,16,1,15,凱基-中壢,2024-11-05,9285
5386,青雲,15,0,15,凱基-中壢,2024-11-05,9285
2641,正德,17,2,15,凱基-中壢,2024-11-05,9285
00752,中信中國50,25,10,15,凱基-中壢,2024-11-05,9285
1314,中石化,15,0,15,凱基-中壢,2024-11-05,9285
2353,宏��,16,1,15,凱基-中壢,2024-11-05,9285
00730,富邦臺灣優質高息,14,0,14,凱基-中壢,2024-11-05,9285
2007,燁興,14,0,14,凱基-中壢,2024-11-05,9285
2834,臺企銀,13,0,13,凱基-中壢,2024-11-05,9285
2371,大同,16,4,12,凱基-中壢,2024-11-05,9285
3605,宏致,17,5,12,凱基-中壢,2024-11-05,9285
2887,台新金,12,0,12,凱基-中壢,2024-11-05,9285
1569,濱川,13,2,11,凱基-中壢,2024-11-05,9285
2329,華泰,11,0,11,凱基-中壢,2024-11-05,9285
00941,中信上游半導體,11,0,11,凱基-中壢,2024-11-05,9285
2399,映泰,20,9,11,凱基-中壢,2024-11-05,9285
00915,凱基優選高股息30,11,0,11,凱基-中壢,2024-11-05,9285
00650L,復華香港正2,466,0,466,凱基-中壢,2024-11-06,9285
00959B,大華投等美債15Y+,431,1,430,凱基-中壢,2024-11-06,9285
00680L,元大美債20正2,400,7,393,凱基-中壢,2024-11-06,9285
00637L,元大滬深300正2,334,7,327,凱基-中壢,2024-11-06,9285
00679B,元大美債20年,253,19,234,凱基-中壢,2024-11-06,9285
2888,新光金,178,4,174,凱基-中壢,2024-11-06,9285
00878,國泰永續高股息,230,78,152,凱基-中壢,2024-11-06,9285
00688L,國泰20年美債正2,139,7,132,凱基-中壢,2024-11-06,9285
2515,中工,115,1,114,凱基-中壢,2024-11-06,9285
00687B,國泰20年美債,167,59,108,凱基-中壢,2024-11-06,9285
00932,兆豐永續高息等權,101,0,101,凱基-中壢,2024-11-06,9285
2431,聯昌,169,106,63,凱基-中壢,2024-11-06,9285
00752,中信中國50,60,0,60,凱基-中壢,2024-11-06,9285
00753L,中信中國50正2,70,15,55,凱基-中壢,2024-11-06,9285
00933B,國泰10Y+金融債,54,1,53,凱基-中壢,2024-11-06,9285
2314,台揚,52,2,50,凱基-中壢,2024-11-06,9285
8070,長華*,50,5,45,凱基-中壢,2024-11-06,9285
00751B,元大AAA至A公司債,45,0,45,凱基-中壢,2024-11-06,9285
6220,岳豐,42,0,42,凱基-中壢,2024-11-06,9285
00919,群益台灣精選高息,61,20,41,凱基-中壢,2024-11-06,9285
00795B,中信美國公債20年,43,2,41,凱基-中壢,2024-11-06,9285
4714,永捷,40,0,40,凱基-中壢,2024-11-06,9285
00665L,富邦�琤肭磪囓�2,35,3,32,凱基-中壢,2024-11-06,9285
4991,環宇-KY,49,17,32,凱基-中壢,2024-11-06,9285
6187,萬潤,32,3,29,凱基-中壢,2024-11-06,9285
00950B,凱基A級公司債,28,1,27,凱基-中壢,2024-11-06,9285
2615,萬海,57,30,27,凱基-中壢,2024-11-06,9285
4909,新復興,34,9,25,凱基-中壢,2024-11-06,9285
3706,神達,25,3,22,凱基-中壢,2024-11-06,9285
3581,博磊,21,0,21,凱基-中壢,2024-11-06,9285
00713,元大台灣高息低波,20,0,20,凱基-中壢,2024-11-06,9285
00676R,富邦臺灣加權反1,20,0,20,凱基-中壢,2024-11-06,9285
00725B,國泰投資級公司債,20,0,20,凱基-中壢,2024-11-06,9285
2891,中信金,41,22,19,凱基-中壢,2024-11-06,9285
00631L,元大台灣50正2,25,6,19,凱基-中壢,2024-11-06,9285
00946,群益科技高息成長,23,5,18,凱基-中壢,2024-11-06,9285
2337,旺宏,19,1,18,凱基-中壢,2024-11-06,9285
3715,定穎投控,22,5,17,凱基-中壢,2024-11-06,9285
2520,冠德,17,0,17,凱基-中壢,2024-11-06,9285
00915,凱基優選高股息30,20,3,17,凱基-中壢,2024-11-06,9285
2303,聯電,42,27,15,凱基-中壢,2024-11-06,9285
2385,群光,15,0,15,凱基-中壢,2024-11-06,9285
6753,龍德造船,16,1,15,凱基-中壢,2024-11-06,9285
2609,陽明,27,12,15,凱基-中壢,2024-11-06,9285
6213,聯茂,14,0,14,凱基-中壢,2024-11-06,9285
2618,長榮航,14,0,14,凱基-中壢,2024-11-06,9285
2646,星宇航空,16,3,13,凱基-中壢,2024-11-06,9285
6216,居易,12,0,12,凱基-中壢,2024-11-06,9285
2405,輔信,13,1,12,凱基-中壢,2024-11-06,9285
2642,宅配通,12,1,11,凱基-中壢,2024-11-06,9285
00632R,元大台灣50反1,1290,90,1200,凱基-中壢,2024-11-07,9285
9105,泰金寶-DR,705,245,460,凱基-中壢,2024-11-07,9285
6757,台灣虎航,346,27,319,凱基-中壢,2024-11-07,9285
00959B,大華投等美債15Y+,250,6,244,凱基-中壢,2024-11-07,9285
00673R,期元大S＆P原油反1,145,0,145,凱基-中壢,2024-11-07,9285
2399,映泰,139,21,118,凱基-中壢,2024-11-07,9285
00958B,永豐ESG銀行債15,108,0,108,凱基-中壢,2024-11-07,9285
2888,新光金,73,2,71,凱基-中壢,2024-11-07,9285
5309,系統電,73,4,69,凱基-中壢,2024-11-07,9285
00706L,期元大S＆P日圓正2,61,0,61,凱基-中壢,2024-11-07,9285
3689,湧德,83,24,59,凱基-中壢,2024-11-07,9285
4909,新復興,95,39,56,凱基-中壢,2024-11-07,9285
2303,聯電,83,32,51,凱基-中壢,2024-11-07,9285
00878,國泰永續高股息,86,52,34,凱基-中壢,2024-11-07,9285
00919,群益台灣精選高息,46,13,33,凱基-中壢,2024-11-07,9285
2892,第一金,33,0,33,凱基-中壢,2024-11-07,9285
00687B,國泰20年美債,45,13,32,凱基-中壢,2024-11-07,9285
00676R,富邦臺灣加權反1,42,10,32,凱基-中壢,2024-11-07,9285
00948B,中信優息投資級債,32,0,32,凱基-中壢,2024-11-07,9285
006208,富邦台50,31,0,31,凱基-中壢,2024-11-07,9285
00666R,富邦�琤肭磪齯�1,30,0,30,凱基-中壢,2024-11-07,9285
00631L,元大台灣50正2,39,9,30,凱基-中壢,2024-11-07,9285
1815,富喬,56,26,30,凱基-中壢,2024-11-07,9285
2812,台中銀,27,0,27,凱基-中壢,2024-11-07,9285
2493,揚博,32,5,27,凱基-中壢,2024-11-07,9285
4956,光鋐,26,1,25,凱基-中壢,2024-11-07,9285
2356,英業達,60,35,25,凱基-中壢,2024-11-07,9285
00679B,元大美債20年,69,46,23,凱基-中壢,2024-11-07,9285
5386,青雲,25,3,22,凱基-中壢,2024-11-07,9285
2312,金寶,71,49,22,凱基-中壢,2024-11-07,9285
3390,旭軟,21,0,21,凱基-中壢,2024-11-07,9285
1605,華新,21,0,21,凱基-中壢,2024-11-07,9285
2634,漢翔,22,1,21,凱基-中壢,2024-11-07,9285
3035,智原,20,0,20,凱基-中壢,2024-11-07,9285
6176,瑞儀,21,1,20,凱基-中壢,2024-11-07,9285
1314,中石化,24,4,20,凱基-中壢,2024-11-07,9285
2890,永豐金,19,0,19,凱基-中壢,2024-11-07,9285
2034,允強,19,0,19,凱基-中壢,2024-11-07,9285
1528,恩德,68,49,19,凱基-中壢,2024-11-07,9285
00918,大華優利高填息30,20,1,19,凱基-中壢,2024-11-07,9285
5426,振發,43,25,18,凱基-中壢,2024-11-07,9285
2615,萬海,53,36,17,凱基-中壢,2024-11-07,9285
0050,元大台灣50,28,12,16,凱基-中壢,2024-11-07,9285
2367,燿華,26,11,15,凱基-中壢,2024-11-07,9285
6603,富強鑫,14,0,14,凱基-中壢,2024-11-07,9285
8249,菱光,28,14,14,凱基-中壢,2024-11-07,9285
2851,中再保,15,1,14,凱基-中壢,2024-11-07,9285
3413,京鼎,13,0,13,凱基-中壢,2024-11-07,9285
3176,基亞,13,0,13,凱基-中壢,2024-11-07,9285
00713,元大台灣高息低波,13,0,13,凱基-中壢,2024-11-07,9285
00637L,元大滬深300正2,591,193,398,凱基-中壢,2024-11-08,9285
00958B,永豐ESG銀行債15,360,0,360,凱基-中壢,2024-11-08,9285
00878,國泰永續高股息,320,18,302,凱基-中壢,2024-11-08,9285
00650L,復華香港正2,281,138,143,凱基-中壢,2024-11-08,9285
2356,英業達,156,32,124,凱基-中壢,2024-11-08,9285
00929,復華台灣科技優息,191,95,96,凱基-中壢,2024-11-08,9285
3062,建漢,151,56,95,凱基-中壢,2024-11-08,9285
2495,普安,106,25,81,凱基-中壢,2024-11-08,9285
00664R,國泰臺灣加權反1,90,13,77,凱基-中壢,2024-11-08,9285
2354,鴻準,196,121,75,凱基-中壢,2024-11-08,9285
4716,大立,93,23,70,凱基-中壢,2024-11-08,9285
00673R,期元大S＆P原油反1,70,0,70,凱基-中壢,2024-11-08,9285
2332,友訊,71,2,69,凱基-中壢,2024-11-08,9285
5457,宣德,66,4,62,凱基-中壢,2024-11-08,9285
2303,聯電,91,36,55,凱基-中壢,2024-11-08,9285
1802,台玻,62,8,54,凱基-中壢,2024-11-08,9285
0056,元大高股息,78,27,51,凱基-中壢,2024-11-08,9285
00712,復華富時不動產,47,0,47,凱基-中壢,2024-11-08,9285
00676R,富邦臺灣加權反1,45,0,45,凱基-中壢,2024-11-08,9285
2392,正崴,88,47,41,凱基-中壢,2024-11-08,9285
1434,福懋,40,0,40,凱基-中壢,2024-11-08,9285
2618,長榮航,50,10,40,凱基-中壢,2024-11-08,9285
2313,華通,59,25,34,凱基-中壢,2024-11-08,9285
2731,雄獅,38,6,32,凱基-中壢,2024-11-08,9285
1528,恩德,52,20,32,凱基-中壢,2024-11-08,9285
00943,兆豐電子高息等權,30,0,30,凱基-中壢,2024-11-08,9285
00900,富邦特選高股息30,33,4,29,凱基-中壢,2024-11-08,9285
1303,南亞,31,2,29,凱基-中壢,2024-11-08,9285
3037,欣興,45,17,28,凱基-中壢,2024-11-08,9285
00795B,中信美國公債20年,51,23,28,凱基-中壢,2024-11-08,9285
00919,群益台灣精選高息,98,70,28,凱基-中壢,2024-11-08,9285
1711,永光,27,1,26,凱基-中壢,2024-11-08,9285
2388,威盛,67,42,25,凱基-中壢,2024-11-08,9285
00952,凱基台灣AI50,30,5,25,凱基-中壢,2024-11-08,9285
3056,富華新,24,1,23,凱基-中壢,2024-11-08,9285
8064,東捷,32,9,23,凱基-中壢,2024-11-08,9285
3701,大眾控,27,5,22,凱基-中壢,2024-11-08,9285
2520,冠德,23,1,22,凱基-中壢,2024-11-08,9285
3419,譁裕,23,2,21,凱基-中壢,2024-11-08,9285
2353,宏��,22,1,21,凱基-中壢,2024-11-08,9285
3437,榮創,21,0,21,凱基-中壢,2024-11-08,9285
00932,兆豐永續高息等權,20,0,20,凱基-中壢,2024-11-08,9285
1727,中華化,22,2,20,凱基-中壢,2024-11-08,9285
2038,海光,31,11,20,凱基-中壢,2024-11-08,9285
4720,德淵,20,0,20,凱基-中壢,2024-11-08,9285
6283,淳安,20,0,20,凱基-中壢,2024-11-08,9285
6505,台塑化,21,2,19,凱基-中壢,2024-11-08,9285
6164,華興,20,1,19,凱基-中壢,2024-11-08,9285
2363,矽統,36,18,18,凱基-中壢,2024-11-08,9285
3189,景碩,27,9,18,凱基-中壢,2024-11-08,9285
00878,國泰永續高股息,391,13,378,凱基-中壢,2024-11-11,9285
6757,台灣虎航,219,28,191,凱基-中壢,2024-11-11,9285
3047,訊舟,143,34,109,凱基-中壢,2024-11-11,9285
3481,群創,82,2,80,凱基-中壢,2024-11-11,9285
8047,星雲,69,5,64,凱基-中壢,2024-11-11,9285
3548,兆利,62,0,62,凱基-中壢,2024-11-11,9285
2891,中信金,64,5,59,凱基-中壢,2024-11-11,9285
2348,海悅,57,1,56,凱基-中壢,2024-11-11,9285
00943,兆豐電子高息等權,54,0,54,凱基-中壢,2024-11-11,9285
1308,亞聚,55,2,53,凱基-中壢,2024-11-11,9285
00919,群益台灣精選高息,57,4,53,凱基-中壢,2024-11-11,9285
8249,菱光,61,9,52,凱基-中壢,2024-11-11,9285
00665L,富邦�琤肭磪囓�2,94,44,50,凱基-中壢,2024-11-11,9285
2354,鴻準,128,78,50,凱基-中壢,2024-11-11,9285
00915,凱基優選高股息30,50,6,44,凱基-中壢,2024-11-11,9285
912000,晨訊科-DR,40,0,40,凱基-中壢,2024-11-11,9285
00715L,期街口布蘭特正2,39,0,39,凱基-中壢,2024-11-11,9285
00632R,元大台灣50反1,59,20,39,凱基-中壢,2024-11-11,9285
6588,東典光電,36,0,36,凱基-中壢,2024-11-11,9285
1605,華新,49,15,34,凱基-中壢,2024-11-11,9285
1808,潤隆,35,1,34,凱基-中壢,2024-11-11,9285
2882,國泰金,32,0,32,凱基-中壢,2024-11-11,9285
3303,岱稜,40,9,31,凱基-中壢,2024-11-11,9285
6770,力積電,33,3,30,凱基-中壢,2024-11-11,9285
6443,元晶,35,5,30,凱基-中壢,2024-11-11,9285
2892,第一金,30,0,30,凱基-中壢,2024-11-11,9285
0056,元大高股息,35,6,29,凱基-中壢,2024-11-11,9285
1326,台化,27,0,27,凱基-中壢,2024-11-11,9285
2834,臺企銀,29,4,25,凱基-中壢,2024-11-11,9285
00930,永豐ESG低碳高息,24,0,24,凱基-中壢,2024-11-11,9285
6877,鏵友益,26,2,24,凱基-中壢,2024-11-11,9285
2337,旺宏,24,0,24,凱基-中壢,2024-11-11,9285
5426,振發,77,53,24,凱基-中壢,2024-11-11,9285
0050,元大台灣50,24,1,23,凱基-中壢,2024-11-11,9285
00713,元大台灣高息低波,23,1,22,凱基-中壢,2024-11-11,9285
5243,乙盛-KY,27,5,22,凱基-中壢,2024-11-11,9285
2609,陽明,40,19,21,凱基-中壢,2024-11-11,9285
4716,大立,36,15,21,凱基-中壢,2024-11-11,9285
6281,全國電,21,0,21,凱基-中壢,2024-11-11,9285
2449,京元電子,31,10,21,凱基-中壢,2024-11-11,9285
2486,一詮,25,5,20,凱基-中壢,2024-11-11,9285
3231,緯創,66,46,20,凱基-中壢,2024-11-11,9285
3056,富華新,23,3,20,凱基-中壢,2024-11-11,9285
2646,星宇航空,37,18,19,凱基-中壢,2024-11-11,9285
00637L,元大滬深300正2,167,148,19,凱基-中壢,2024-11-11,9285
1802,台玻,28,10,18,凱基-中壢,2024-11-11,9285
2641,正德,18,0,18,凱基-中壢,2024-11-11,9285
00753L,中信中國50正2,20,2,18,凱基-中壢,2024-11-11,9285
6290,良維,17,0,17,凱基-中壢,2024-11-11,9285
00688L,國泰20年美債正2,19,2,17,凱基-中壢,2024-11-11,9285
00878,國泰永續高股息,554,19,535,凱基-中壢,2024-11-12,9285
00650L,復華香港正2,442,0,442,凱基-中壢,2024-11-12,9285
00715L,期街口布蘭特正2,404,2,402,凱基-中壢,2024-11-12,9285
00950B,凱基A級公司債,200,0,200,凱基-中壢,2024-11-12,9285
2002,中鋼,161,0,161,凱基-中壢,2024-11-12,9285
00943,兆豐電子高息等權,116,0,116,凱基-中壢,2024-11-12,9285
0056,元大高股息,112,5,107,凱基-中壢,2024-11-12,9285
2399,映泰,109,5,104,凱基-中壢,2024-11-12,9285
00915,凱基優選高股息30,90,0,90,凱基-中壢,2024-11-12,9285
00688L,國泰20年美債正2,91,8,83,凱基-中壢,2024-11-12,9285
3051,力特,80,1,79,凱基-中壢,2024-11-12,9285
5871,中租-KY,70,2,68,凱基-中壢,2024-11-12,9285
00665L,富邦�琤肭磪囓�2,137,70,67,凱基-中壢,2024-11-12,9285
6151,晉倫,62,2,60,凱基-中壢,2024-11-12,9285
00922,國泰台灣領袖50,58,0,58,凱基-中壢,2024-11-12,9285
2356,英業達,130,76,54,凱基-中壢,2024-11-12,9285
00919,群益台灣精選高息,60,12,48,凱基-中壢,2024-11-12,9285
6015,宏遠證,45,0,45,凱基-中壢,2024-11-12,9285
00753L,中信中國50正2,43,1,42,凱基-中壢,2024-11-12,9285
2882,國泰金,43,1,42,凱基-中壢,2024-11-12,9285
9105,泰金寶-DR,71,31,40,凱基-中壢,2024-11-12,9285
912000,晨訊科-DR,40,0,40,凱基-中壢,2024-11-12,9285
00940,元大台灣價值高息,42,5,37,凱基-中壢,2024-11-12,9285
2344,華邦電,39,2,37,凱基-中壢,2024-11-12,9285
00687B,國泰20年美債,65,29,36,凱基-中壢,2024-11-12,9285
5426,振發,68,33,35,凱基-中壢,2024-11-12,9285
00679B,元大美債20年,53,19,34,凱基-中壢,2024-11-12,9285
1314,中石化,31,0,31,凱基-中壢,2024-11-12,9285
2408,南亞科,29,0,29,凱基-中壢,2024-11-12,9285
2883,凱基金,46,17,29,凱基-中壢,2024-11-12,9285
00930,永豐ESG低碳高息,28,0,28,凱基-中壢,2024-11-12,9285
4714,永捷,33,5,28,凱基-中壢,2024-11-12,9285
5243,乙盛-KY,62,34,28,凱基-中壢,2024-11-12,9285
2891,中信金,41,14,27,凱基-中壢,2024-11-12,9285
3231,緯創,61,34,27,凱基-中壢,2024-11-12,9285
00713,元大台灣高息低波,27,2,25,凱基-中壢,2024-11-12,9285
2409,友達,33,8,25,凱基-中壢,2024-11-12,9285
2330,台積電,29,5,24,凱基-中壢,2024-11-12,9285
2615,萬海,81,57,24,凱基-中壢,2024-11-12,9285
00918,大華優利高填息30,23,0,23,凱基-中壢,2024-11-12,9285
2328,廣宇,30,7,23,凱基-中壢,2024-11-12,9285
4716,大立,26,3,23,凱基-中壢,2024-11-12,9285
3035,智原,23,1,22,凱基-中壢,2024-11-12,9285
2382,廣達,34,12,22,凱基-中壢,2024-11-12,9285
3362,先進光,21,0,21,凱基-中壢,2024-11-12,9285
3013,晟銘電,42,21,21,凱基-中壢,2024-11-12,9285
2887,台新金,23,2,21,凱基-中壢,2024-11-12,9285
2363,矽統,27,7,20,凱基-中壢,2024-11-12,9285
2349,錸德,28,8,20,凱基-中壢,2024-11-12,9285
00927,群益半導體收益,20,0,20,凱基-中壢,2024-11-12,9285
00878,國泰永續高股息,306,0,306,凱基-中壢,2024-11-13,9285
00795B,中信美國公債20年,153,0,153,凱基-中壢,2024-11-13,9285
00715L,期街口布蘭特正2,204,55,149,凱基-中壢,2024-11-13,9285
00650L,復華香港正2,100,0,100,凱基-中壢,2024-11-13,9285
6152,百一,99,0,99,凱基-中壢,2024-11-13,9285
00937B,群益ESG投等債20,102,8,94,凱基-中壢,2024-11-13,9285
6182,合晶,94,1,93,凱基-中壢,2024-11-13,9285
00948B,中信優息投資級債,91,12,79,凱基-中壢,2024-11-13,9285
00680L,元大美債20正2,62,3,59,凱基-中壢,2024-11-13,9285
00919,群益台灣精選高息,52,4,48,凱基-中壢,2024-11-13,9285
6505,台塑化,54,7,47,凱基-中壢,2024-11-13,9285
00679B,元大美債20年,73,26,47,凱基-中壢,2024-11-13,9285
00905,FT臺灣Smart,45,0,45,凱基-中壢,2024-11-13,9285
8047,星雲,46,1,45,凱基-中壢,2024-11-13,9285
3481,群創,44,3,41,凱基-中壢,2024-11-13,9285
0056,元大高股息,42,2,40,凱基-中壢,2024-11-13,9285
2882,國泰金,39,0,39,凱基-中壢,2024-11-13,9285
00915,凱基優選高股息30,40,3,37,凱基-中壢,2024-11-13,9285
006208,富邦台50,37,0,37,凱基-中壢,2024-11-13,9285
2615,萬海,57,21,36,凱基-中壢,2024-11-13,9285
2881,富邦金,30,1,29,凱基-中壢,2024-11-13,9285
3013,晟銘電,71,42,29,凱基-中壢,2024-11-13,9285
1303,南亞,47,20,27,凱基-中壢,2024-11-13,9285
3706,神達,148,121,27,凱基-中壢,2024-11-13,9285
00713,元大台灣高息低波,27,0,27,凱基-中壢,2024-11-13,9285
2883,凱基金,43,17,26,凱基-中壢,2024-11-13,9285
2314,台揚,25,1,24,凱基-中壢,2024-11-13,9285
2317,鴻海,51,28,23,凱基-中壢,2024-11-13,9285
6807,峰源-KY,23,0,23,凱基-中壢,2024-11-13,9285
00687B,國泰20年美債,27,5,22,凱基-中壢,2024-11-13,9285
2330,台積電,24,2,22,凱基-中壢,2024-11-13,9285
00882,中信中國高股息,26,5,21,凱基-中壢,2024-11-13,9285
1301,台塑,20,0,20,凱基-中壢,2024-11-13,9285
9945,潤泰新,25,5,20,凱基-中壢,2024-11-13,9285
4510,高鋒,21,1,20,凱基-中壢,2024-11-13,9285
00943,兆豐電子高息等權,20,0,20,凱基-中壢,2024-11-13,9285
3605,宏致,19,0,19,凱基-中壢,2024-11-13,9285
00720B,元大投資級公司債,21,2,19,凱基-中壢,2024-11-13,9285
3689,湧德,23,4,19,凱基-中壢,2024-11-13,9285
6658,聯策,23,4,19,凱基-中壢,2024-11-13,9285
00712,復華富時不動產,18,0,18,凱基-中壢,2024-11-13,9285
6153,嘉聯益,18,0,18,凱基-中壢,2024-11-13,9285
3712,永崴投控,20,3,17,凱基-中壢,2024-11-13,9285
6770,力積電,20,3,17,凱基-中壢,2024-11-13,9285
1789,神隆,17,0,17,凱基-中壢,2024-11-13,9285
00930,永豐ESG低碳高息,17,0,17,凱基-中壢,2024-11-13,9285
3189,景碩,27,10,17,凱基-中壢,2024-11-13,9285
2887,台新金,16,0,16,凱基-中壢,2024-11-13,9285
2504,國產,15,0,15,凱基-中壢,2024-11-13,9285
2603,長榮,23,8,15,凱基-中壢,2024-11-13,9285
00878,國泰永續高股息,572,13,559,凱基-中壢,2024-11-14,9285
00963,中信全球高股息,405,0,405,凱基-中壢,2024-11-14,9285
00929,復華台灣科技優息,317,48,269,凱基-中壢,2024-11-14,9285
00650L,復華香港正2,323,92,231,凱基-中壢,2024-11-14,9285
00937B,群益ESG投等債20,162,13,149,凱基-中壢,2024-11-14,9285
0056,元大高股息,137,1,136,凱基-中壢,2024-11-14,9285
00679B,元大美債20年,110,17,93,凱基-中壢,2024-11-14,9285
00715L,期街口布蘭特正2,90,5,85,凱基-中壢,2024-11-14,9285
2303,聯電,86,4,82,凱基-中壢,2024-11-14,9285
00940,元大台灣價值高息,76,0,76,凱基-中壢,2024-11-14,9285
6757,台灣虎航,92,17,75,凱基-中壢,2024-11-14,9285
2892,第一金,74,3,71,凱基-中壢,2024-11-14,9285
00919,群益台灣精選高息,72,2,70,凱基-中壢,2024-11-14,9285
00915,凱基優選高股息30,65,5,60,凱基-中壢,2024-11-14,9285
00943,兆豐電子高息等權,60,0,60,凱基-中壢,2024-11-14,9285
1528,恩德,59,6,53,凱基-中壢,2024-11-14,9285
00948B,中信優息投資級債,50,0,50,凱基-中壢,2024-11-14,9285
00927,群益半導體收益,49,0,49,凱基-中壢,2024-11-14,9285
2337,旺宏,76,28,48,凱基-中壢,2024-11-14,9285
2405,輔信,49,2,47,凱基-中壢,2024-11-14,9285
00946,群益科技高息成長,43,0,43,凱基-中壢,2024-11-14,9285
00687B,國泰20年美債,56,15,41,凱基-中壢,2024-11-14,9285
1232,大統益,40,0,40,凱基-中壢,2024-11-14,9285
00753L,中信中國50正2,52,12,40,凱基-中壢,2024-11-14,9285
00922,國泰台灣領袖50,44,7,37,凱基-中壢,2024-11-14,9285
3056,富華新,36,1,35,凱基-中壢,2024-11-14,9285
00665L,富邦�琤肭磪囓�2,35,1,34,凱基-中壢,2024-11-14,9285
1312,國喬,30,0,30,凱基-中壢,2024-11-14,9285
3481,群創,73,44,29,凱基-中壢,2024-11-14,9285
1815,富喬,34,6,28,凱基-中壢,2024-11-14,9285
00706L,期元大S＆P日圓正2,25,0,25,凱基-中壢,2024-11-14,9285
8076,伍豐,25,0,25,凱基-中壢,2024-11-14,9285
00637L,元大滬深300正2,425,401,24,凱基-中壢,2024-11-14,9285
00680L,元大美債20正2,73,49,24,凱基-中壢,2024-11-14,9285
2382,廣達,30,7,23,凱基-中壢,2024-11-14,9285
00751B,元大AAA至A公司債,23,0,23,凱基-中壢,2024-11-14,9285
9945,潤泰新,23,0,23,凱基-中壢,2024-11-14,9285
2312,金寶,45,22,23,凱基-中壢,2024-11-14,9285
0050,元大台灣50,23,0,23,凱基-中壢,2024-11-14,9285
3390,旭軟,22,0,22,凱基-中壢,2024-11-14,9285
6155,鈞寶,22,0,22,凱基-中壢,2024-11-14,9285
00935,野村臺灣新科技50,21,0,21,凱基-中壢,2024-11-14,9285
5871,中租-KY,25,4,21,凱基-中壢,2024-11-14,9285
2641,正德,20,0,20,凱基-中壢,2024-11-14,9285
00713,元大台灣高息低波,20,0,20,凱基-中壢,2024-11-14,9285
1710,東聯,20,0,20,凱基-中壢,2024-11-14,9285
2449,京元電子,24,4,20,凱基-中壢,2024-11-14,9285
2314,台揚,21,1,20,凱基-中壢,2024-11-14,9285
6147,頎邦,19,0,19,凱基-中壢,2024-11-14,9285
4532,瑞智,19,0,19,凱基-中壢,2024-11-14,9285
00878,國泰永續高股息,433,15,418,凱基-中壢,2024-11-15,9285
00637L,元大滬深300正2,347,13,334,凱基-中壢,2024-11-15,9285
00650L,復華香港正2,322,0,322,凱基-中壢,2024-11-15,9285
00963,中信全球高股息,140,0,140,凱基-中壢,2024-11-15,9285
00665L,富邦�琤肭磪囓�2,114,14,100,凱基-中壢,2024-11-15,9285
2382,廣達,113,18,95,凱基-中壢,2024-11-15,9285
2317,鴻海,147,68,79,凱基-中壢,2024-11-15,9285
00715L,期街口布蘭特正2,207,140,67,凱基-中壢,2024-11-15,9285
00933B,國泰10Y+金融債,69,2,67,凱基-中壢,2024-11-15,9285
6757,台灣虎航,134,86,48,凱基-中壢,2024-11-15,9285
00795B,中信美國公債20年,48,2,46,凱基-中壢,2024-11-15,9285
2332,友訊,54,11,43,凱基-中壢,2024-11-15,9285
2204,中華,48,8,40,凱基-中壢,2024-11-15,9285
6558,興能高,72,32,40,凱基-中壢,2024-11-15,9285
3622,洋華,40,1,39,凱基-中壢,2024-11-15,9285
3149,正達,43,4,39,凱基-中壢,2024-11-15,9285
00945B,凱基美國非投等債,45,10,35,凱基-中壢,2024-11-15,9285
00887,永豐中國科技50大,42,11,31,凱基-中壢,2024-11-15,9285
6179,亞通,31,0,31,凱基-中壢,2024-11-15,9285
00673R,期元大S＆P原油反1,30,0,30,凱基-中壢,2024-11-15,9285
00706L,期元大S＆P日圓正2,26,0,26,凱基-中壢,2024-11-15,9285
2606,裕民,50,26,24,凱基-中壢,2024-11-15,9285
3520,華盈,23,0,23,凱基-中壢,2024-11-15,9285
6505,台塑化,23,0,23,凱基-中壢,2024-11-15,9285
6164,華興,22,0,22,凱基-中壢,2024-11-15,9285
00937B,群益ESG投等債20,38,16,22,凱基-中壢,2024-11-15,9285
1795,美時,23,1,22,凱基-中壢,2024-11-15,9285
1402,遠東新,21,0,21,凱基-中壢,2024-11-15,9285
3450,聯鈞,53,33,20,凱基-中壢,2024-11-15,9285
6283,淳安,39,20,19,凱基-中壢,2024-11-15,9285
00891,中信關鍵半導體,18,0,18,凱基-中壢,2024-11-15,9285
5426,振發,35,17,18,凱基-中壢,2024-11-15,9285
2208,台船,18,0,18,凱基-中壢,2024-11-15,9285
6133,金橋,19,1,18,凱基-中壢,2024-11-15,9285
2421,建準,22,5,17,凱基-中壢,2024-11-15,9285
6405,悅城,16,0,16,凱基-中壢,2024-11-15,9285
0056,元大高股息,19,4,15,凱基-中壢,2024-11-15,9285
00953B,群益優選非投等債,15,0,15,凱基-中壢,2024-11-15,9285
00753L,中信中國50正2,28,13,15,凱基-中壢,2024-11-15,9285
1528,恩德,38,23,15,凱基-中壢,2024-11-15,9285
00948B,中信優息投資級債,14,0,14,凱基-中壢,2024-11-15,9285
1319,東陽,20,6,14,凱基-中壢,2024-11-15,9285
00919,群益台灣精選高息,36,22,14,凱基-中壢,2024-11-15,9285
4979,華星光,15,2,13,凱基-中壢,2024-11-15,9285
3013,晟銘電,21,9,12,凱基-中壢,2024-11-15,9285
8027,鈦昇,14,2,12,凱基-中壢,2024-11-15,9285
4977,眾達-KY,23,11,12,凱基-中壢,2024-11-15,9285
4931,新盛力,29,17,12,凱基-中壢,2024-11-15,9285
6509,聚和,12,0,12,凱基-中壢,2024-11-15,9285
4414,如興,12,0,12,凱基-中壢,2024-11-15,9285
00878,國泰永續高股息,464,71,393,凱基-中壢,2024-11-18,9285
00637L,元大滬深300正2,349,26,323,凱基-中壢,2024-11-18,9285
9105,泰金寶-DR,596,385,211,凱基-中壢,2024-11-18,9285
00650L,復華香港正2,138,7,131,凱基-中壢,2024-11-18,9285
6133,金橋,120,0,120,凱基-中壢,2024-11-18,9285
00715L,期街口布蘭特正2,128,10,118,凱基-中壢,2024-11-18,9285
00943,兆豐電子高息等權,113,0,113,凱基-中壢,2024-11-18,9285
6016,康和證,100,0,100,凱基-中壢,2024-11-18,9285
2489,瑞軒,95,0,95,凱基-中壢,2024-11-18,9285
00900,富邦特選高股息30,100,12,88,凱基-中壢,2024-11-18,9285
8044,網家,100,22,78,凱基-中壢,2024-11-18,9285
1711,永光,81,7,74,凱基-中壢,2024-11-18,9285
00919,群益台灣精選高息,79,10,69,凱基-中壢,2024-11-18,9285
0056,元大高股息,58,7,51,凱基-中壢,2024-11-18,9285
00937B,群益ESG投等債20,72,27,45,凱基-中壢,2024-11-18,9285
3706,神達,184,144,40,凱基-中壢,2024-11-18,9285
2317,鴻海,68,30,38,凱基-中壢,2024-11-18,9285
2312,金寶,146,109,37,凱基-中壢,2024-11-18,9285
2204,中華,39,3,36,凱基-中壢,2024-11-18,9285
2646,星宇航空,33,0,33,凱基-中壢,2024-11-18,9285
2409,友達,30,1,29,凱基-中壢,2024-11-18,9285
3605,宏致,25,0,25,凱基-中壢,2024-11-18,9285
8111,立��,24,0,24,凱基-中壢,2024-11-18,9285
00927,群益半導體收益,26,2,24,凱基-中壢,2024-11-18,9285
1409,新纖,26,2,24,凱基-中壢,2024-11-18,9285
2363,矽統,27,6,21,凱基-中壢,2024-11-18,9285
2314,台揚,20,0,20,凱基-中壢,2024-11-18,9285
2506,太設,20,0,20,凱基-中壢,2024-11-18,9285
00676R,富邦臺灣加權反1,30,10,20,凱基-中壢,2024-11-18,9285
00713,元大台灣高息低波,20,0,20,凱基-中壢,2024-11-18,9285
2382,廣達,25,5,20,凱基-中壢,2024-11-18,9285
5315,光聯,42,23,19,凱基-中壢,2024-11-18,9285
00915,凱基優選高股息30,21,2,19,凱基-中壢,2024-11-18,9285
2498,宏達電,18,0,18,凱基-中壢,2024-11-18,9285
6108,競國,18,0,18,凱基-中壢,2024-11-18,9285
5483,中美晶,17,0,17,凱基-中壢,2024-11-18,9285
3481,群創,25,9,16,凱基-中壢,2024-11-18,9285
00946,群益科技高息成長,16,0,16,凱基-中壢,2024-11-18,9285
00665L,富邦�琤肭磪囓�2,28,12,16,凱基-中壢,2024-11-18,9285
00795B,中信美國公債20年,16,0,16,凱基-中壢,2024-11-18,9285
00920,富邦ESG綠色電力,15,0,15,凱基-中壢,2024-11-18,9285
00679B,元大美債20年,47,32,15,凱基-中壢,2024-11-18,9285
006208,富邦台50,15,1,14,凱基-中壢,2024-11-18,9285
00680L,元大美債20正2,14,0,14,凱基-中壢,2024-11-18,9285
3013,晟銘電,45,31,14,凱基-中壢,2024-11-18,9285
00929,復華台灣科技優息,170,157,13,凱基-中壢,2024-11-18,9285
3062,建漢,24,11,13,凱基-中壢,2024-11-18,9285
6290,良維,12,0,12,凱基-中壢,2024-11-18,9285
1528,恩德,13,1,12,凱基-中壢,2024-11-18,9285
4729,熒茂,25,13,12,凱基-中壢,2024-11-18,9285
00632R,元大台灣50反1,1429,66,1363,凱基-中壢,2024-11-19,9285
00637L,元大滬深300正2,703,31,672,凱基-中壢,2024-11-19,9285
00650L,復華香港正2,368,0,368,凱基-中壢,2024-11-19,9285
1314,中石化,301,0,301,凱基-中壢,2024-11-19,9285
1303,南亞,102,1,101,凱基-中壢,2024-11-19,9285
00937B,群益ESG投等債20,68,5,63,凱基-中壢,2024-11-19,9285
2317,鴻海,89,29,60,凱基-中壢,2024-11-19,9285
00688L,國泰20年美債正2,60,1,59,凱基-中壢,2024-11-19,9285
2349,錸德,125,72,53,凱基-中壢,2024-11-19,9285
2537,聯上發,50,0,50,凱基-中壢,2024-11-19,9285
00933B,國泰10Y+金融債,50,0,50,凱基-中壢,2024-11-19,9285
6218,豪勉,48,0,48,凱基-中壢,2024-11-19,9285
3032,偉訓,89,42,47,凱基-中壢,2024-11-19,9285
00887,永豐中國科技50大,49,4,45,凱基-中壢,2024-11-19,9285
2382,廣達,39,7,32,凱基-中壢,2024-11-19,9285
00673R,期元大S＆P原油反1,30,0,30,凱基-中壢,2024-11-19,9285
5315,光聯,33,3,30,凱基-中壢,2024-11-19,9285
5608,四維航,25,0,25,凱基-中壢,2024-11-19,9285
0056,元大高股息,26,3,23,凱基-中壢,2024-11-19,9285
00676R,富邦臺灣加權反1,55,32,23,凱基-中壢,2024-11-19,9285
2905,三商,23,0,23,凱基-中壢,2024-11-19,9285
3541,西柏,20,0,20,凱基-中壢,2024-11-19,9285
1721,三晃,20,0,20,凱基-中壢,2024-11-19,9285
3209,全科,20,1,19,凱基-中壢,2024-11-19,9285
3211,順達,23,4,19,凱基-中壢,2024-11-19,9285
2330,台積電,23,5,18,凱基-中壢,2024-11-19,9285
5309,系統電,38,20,18,凱基-中壢,2024-11-19,9285
4306,炎洲,18,0,18,凱基-中壢,2024-11-19,9285
6757,台灣虎航,44,26,18,凱基-中壢,2024-11-19,9285
2431,聯昌,64,46,18,凱基-中壢,2024-11-19,9285
3605,宏致,17,0,17,凱基-中壢,2024-11-19,9285
2542,興富發,18,1,17,凱基-中壢,2024-11-19,9285
3231,緯創,50,34,16,凱基-中壢,2024-11-19,9285
2303,聯電,26,10,16,凱基-中壢,2024-11-19,9285
00932,兆豐永續高息等權,16,2,14,凱基-中壢,2024-11-19,9285
2329,華泰,19,5,14,凱基-中壢,2024-11-19,9285
4542,科嶠,19,6,13,凱基-中壢,2024-11-19,9285
2344,華邦電,18,5,13,凱基-中壢,2024-11-19,9285
8104,錸寶,23,11,12,凱基-中壢,2024-11-19,9285
8070,長華*,12,0,12,凱基-中壢,2024-11-19,9285
3024,憶聲,12,0,12,凱基-中壢,2024-11-19,9285
3504,揚明光,12,0,12,凱基-中壢,2024-11-19,9285
8111,立��,12,0,12,凱基-中壢,2024-11-19,9285
4931,新盛力,22,10,12,凱基-中壢,2024-11-19,9285
00713,元大台灣高息低波,11,0,11,凱基-中壢,2024-11-19,9285
2493,揚博,11,0,11,凱基-中壢,2024-11-19,9285
2641,正德,11,0,11,凱基-中壢,2024-11-19,9285
1301,台塑,22,12,10,凱基-中壢,2024-11-19,9285
2884,玉山金,14,3,11,凱基-中壢,2024-11-19,9285
2027,大成鋼,15,5,10,凱基-中壢,2024-11-19,9285
2354,鴻準,397,128,269,凱基-中壢,2024-11-20,9285
00637L,元大滬深300正2,251,21,230,凱基-中壢,2024-11-20,9285
00650L,復華香港正2,141,0,141,凱基-中壢,2024-11-20,9285
00712,復華富時不動產,134,0,134,凱基-中壢,2024-11-20,9285
1789,神隆,114,0,114,凱基-中壢,2024-11-20,9285
2495,普安,103,0,103,凱基-中壢,2024-11-20,9285
00679B,元大美債20年,65,1,64,凱基-中壢,2024-11-20,9285
00922,國泰台灣領袖50,62,0,62,凱基-中壢,2024-11-20,9285
00878,國泰永續高股息,59,2,57,凱基-中壢,2024-11-20,9285
00882,中信中國高股息,52,0,52,凱基-中壢,2024-11-20,9285
1301,台塑,51,0,51,凱基-中壢,2024-11-20,9285
00940,元大台灣價值高息,55,9,46,凱基-中壢,2024-11-20,9285
1815,富喬,58,12,46,凱基-中壢,2024-11-20,9285
2356,英業達,52,8,44,凱基-中壢,2024-11-20,9285
2883,凱基金,53,11,42,凱基-中壢,2024-11-20,9285
6108,競國,38,0,38,凱基-中壢,2024-11-20,9285
6558,興能高,147,110,37,凱基-中壢,2024-11-20,9285
6443,元晶,31,0,31,凱基-中壢,2024-11-20,9285
4577,達航科技,30,0,30,凱基-中壢,2024-11-20,9285
2329,華泰,34,6,28,凱基-中壢,2024-11-20,9285
2312,金寶,68,41,27,凱基-中壢,2024-11-20,9285
912000,晨訊科-DR,25,0,25,凱基-中壢,2024-11-20,9285
3338,泰碩,36,11,25,凱基-中壢,2024-11-20,9285
1808,潤隆,29,4,25,凱基-中壢,2024-11-20,9285
3323,加百裕,45,21,24,凱基-中壢,2024-11-20,9285
2834,臺企銀,25,1,24,凱基-中壢,2024-11-20,9285
5398,慕康生醫,44,21,23,凱基-中壢,2024-11-20,9285
2348,海悅,25,2,23,凱基-中壢,2024-11-20,9285
1449,佳和,24,2,22,凱基-中壢,2024-11-20,9285
2330,台積電,23,2,21,凱基-中壢,2024-11-20,9285
3490,單井,28,7,21,凱基-中壢,2024-11-20,9285
2460,建通,21,0,21,凱基-中壢,2024-11-20,9285
6877,鏵友益,22,1,21,凱基-中壢,2024-11-20,9285
6451,訊芯-KY,22,3,19,凱基-中壢,2024-11-20,9285
3483,力致,19,0,19,凱基-中壢,2024-11-20,9285
00930,永豐ESG低碳高息,17,0,17,凱基-中壢,2024-11-20,9285
4967,十銓,18,1,17,凱基-中壢,2024-11-20,9285
6770,力積電,26,10,16,凱基-中壢,2024-11-20,9285
4956,光鋐,24,8,16,凱基-中壢,2024-11-20,9285
2618,長榮航,46,30,16,凱基-中壢,2024-11-20,9285
00943,兆豐電子高息等權,15,0,15,凱基-中壢,2024-11-20,9285
1416,廣豐,15,0,15,凱基-中壢,2024-11-20,9285
2355,敬鵬,15,0,15,凱基-中壢,2024-11-20,9285
5907,大洋-KY,21,6,15,凱基-中壢,2024-11-20,9285
5426,振發,57,43,14,凱基-中壢,2024-11-20,9285
8088,品安,15,1,14,凱基-中壢,2024-11-20,9285
3605,宏致,15,2,13,凱基-中壢,2024-11-20,9285
2313,華通,12,0,12,凱基-中壢,2024-11-20,9285
4729,熒茂,26,14,12,凱基-中壢,2024-11-20,9285
00927,群益半導體收益,12,0,12,凱基-中壢,2024-11-20,9285
00878,國泰永續高股息,135,27,108,凱基-中壢,2024-11-21,9285
1304,台聚,100,0,100,凱基-中壢,2024-11-21,9285
2303,聯電,60,5,55,凱基-中壢,2024-11-21,9285
2887,台新金,58,5,53,凱基-中壢,2024-11-21,9285
6212,理銘,50,0,50,凱基-中壢,2024-11-21,9285
1313,聯成,50,0,50,凱基-中壢,2024-11-21,9285
00922,國泰台灣領袖50,48,0,48,凱基-中壢,2024-11-21,9285
2317,鴻海,75,27,48,凱基-中壢,2024-11-21,9285
8429,金麗-KY,36,2,34,凱基-中壢,2024-11-21,9285
00929,復華台灣科技優息,69,37,32,凱基-中壢,2024-11-21,9285
2349,錸德,41,11,30,凱基-中壢,2024-11-21,9285
1815,富喬,83,53,30,凱基-中壢,2024-11-21,9285
2542,興富發,29,0,29,凱基-中壢,2024-11-21,9285
3622,洋華,30,1,29,凱基-中壢,2024-11-21,9285
6282,康舒,59,31,28,凱基-中壢,2024-11-21,9285
2891,中信金,29,3,26,凱基-中壢,2024-11-21,9285
00900,富邦特選高股息30,25,0,25,凱基-中壢,2024-11-21,9285
6026,福邦證,25,0,25,凱基-中壢,2024-11-21,9285
4958,臻鼎-KY,24,0,24,凱基-中壢,2024-11-21,9285
2204,中華,77,54,23,凱基-中壢,2024-11-21,9285
2413,環科,65,42,23,凱基-中壢,2024-11-21,9285
9105,泰金寶-DR,367,344,23,凱基-中壢,2024-11-21,9285
0056,元大高股息,35,14,21,凱基-中壢,2024-11-21,9285
8104,錸寶,124,104,20,凱基-中壢,2024-11-21,9285
2882,國泰金,21,1,20,凱基-中壢,2024-11-21,9285
00688L,國泰20年美債正2,22,3,19,凱基-中壢,2024-11-21,9285
00915,凱基優選高股息30,17,0,17,凱基-中壢,2024-11-21,9285
2313,華通,19,2,17,凱基-中壢,2024-11-21,9285
0050,元大台灣50,20,3,17,凱基-中壢,2024-11-21,9285
2476,鉅祥,17,1,16,凱基-中壢,2024-11-21,9285
2014,中鴻,16,0,16,凱基-中壢,2024-11-21,9285
006208,富邦台50,17,1,16,凱基-中壢,2024-11-21,9285
00940,元大台灣價值高息,37,22,15,凱基-中壢,2024-11-21,9285
2801,彰銀,15,0,15,凱基-中壢,2024-11-21,9285
2353,宏��,14,0,14,凱基-中壢,2024-11-21,9285
3338,泰碩,24,10,14,凱基-中壢,2024-11-21,9285
6133,金橋,14,0,14,凱基-中壢,2024-11-21,9285
2330,台積電,16,3,13,凱基-中壢,2024-11-21,9285
00953B,群益優選非投等債,13,0,13,凱基-中壢,2024-11-21,9285
2344,華邦電,18,5,13,凱基-中壢,2024-11-21,9285
2506,太設,13,0,13,凱基-中壢,2024-11-21,9285
2027,大成鋼,13,0,13,凱基-中壢,2024-11-21,9285
5876,上海商銀,12,0,12,凱基-中壢,2024-11-21,9285
2208,台船,12,0,12,凱基-中壢,2024-11-21,9285
1326,台化,17,5,12,凱基-中壢,2024-11-21,9285
2881,富邦金,16,5,11,凱基-中壢,2024-11-21,9285
2890,永豐金,11,0,11,凱基-中壢,2024-11-21,9285
1795,美時,14,3,11,凱基-中壢,2024-11-21,9285
1618,合機,20,9,11,凱基-中壢,2024-11-21,9285
6288,聯嘉,12,1,11,凱基-中壢,2024-11-21,9285
6757,台灣虎航,194,6,188,凱基-中壢,2024-11-22,9285
6016,康和證,100,0,100,凱基-中壢,2024-11-22,9285
1802,台玻,236,140,96,凱基-中壢,2024-11-22,9285
1815,富喬,223,133,90,凱基-中壢,2024-11-22,9285
5438,東友,81,0,81,凱基-中壢,2024-11-22,9285
4306,炎洲,80,2,78,凱基-中壢,2024-11-22,9285
00753L,中信中國50正2,69,0,69,凱基-中壢,2024-11-22,9285
00673R,期元大S＆P原油反1,56,0,56,凱基-中壢,2024-11-22,9285
5213,亞昕,50,0,50,凱基-中壢,2024-11-22,9285
00674R,期元大S＆P黃金反1,49,0,49,凱基-中壢,2024-11-22,9285
1524,耿鼎,45,2,43,凱基-中壢,2024-11-22,9285
2609,陽明,73,34,39,凱基-中壢,2024-11-22,9285
8171,天宇,43,5,38,凱基-中壢,2024-11-22,9285
00919,群益台灣精選高息,95,63,32,凱基-中壢,2024-11-22,9285
00680L,元大美債20正2,34,2,32,凱基-中壢,2024-11-22,9285
5309,系統電,77,46,31,凱基-中壢,2024-11-22,9285
1301,台塑,37,6,31,凱基-中壢,2024-11-22,9285
3149,正達,43,13,30,凱基-中壢,2024-11-22,9285
6134,萬旭,31,2,29,凱基-中壢,2024-11-22,9285
2542,興富發,31,3,28,凱基-中壢,2024-11-22,9285
00930,永豐ESG低碳高息,27,0,27,凱基-中壢,2024-11-22,9285
2431,聯昌,47,20,27,凱基-中壢,2024-11-22,9285
00665L,富邦�琤肭磪囓�2,41,14,27,凱基-中壢,2024-11-22,9285
00878,國泰永續高股息,38,11,27,凱基-中壢,2024-11-22,9285
2615,萬海,53,26,27,凱基-中壢,2024-11-22,9285
2356,英業達,57,32,25,凱基-中壢,2024-11-22,9285
2408,南亞科,23,0,23,凱基-中壢,2024-11-22,9285
6770,力積電,24,2,22,凱基-中壢,2024-11-22,9285
00632R,元大台灣50反1,22,0,22,凱基-中壢,2024-11-22,9285
00937B,群益ESG投等債20,22,0,22,凱基-中壢,2024-11-22,9285
6558,興能高,66,44,22,凱基-中壢,2024-11-22,9285
3027,盛達,28,7,21,凱基-中壢,2024-11-22,9285
3706,神達,151,130,21,凱基-中壢,2024-11-22,9285
2317,鴻海,31,12,19,凱基-中壢,2024-11-22,9285
2501,國建,20,1,19,凱基-中壢,2024-11-22,9285
2303,聯電,27,10,17,凱基-中壢,2024-11-22,9285
00650L,復華香港正2,17,0,17,凱基-中壢,2024-11-22,9285
00882,中信中國高股息,16,0,16,凱基-中壢,2024-11-22,9285
1609,大亞,19,4,15,凱基-中壢,2024-11-22,9285
8069,元太,17,2,15,凱基-中壢,2024-11-22,9285
2891,中信金,16,1,15,凱基-中壢,2024-11-22,9285
00905,FT臺灣Smart,15,0,15,凱基-中壢,2024-11-22,9285
2515,中工,20,5,15,凱基-中壢,2024-11-22,9285
5871,中租-KY,15,1,14,凱基-中壢,2024-11-22,9285
2354,鴻準,164,150,14,凱基-中壢,2024-11-22,9285
2881,富邦金,14,0,14,凱基-中壢,2024-11-22,9285
00945B,凱基美國非投等債,25,11,14,凱基-中壢,2024-11-22,9285
00950B,凱基A級公司債,13,0,13,凱基-中壢,2024-11-22,9285
3323,加百裕,56,43,13,凱基-中壢,2024-11-22,9285
8104,錸寶,27,14,13,凱基-中壢,2024-11-22,9285
9105,泰金寶-DR,935,651,284,凱基-中壢,2024-11-25,9285
00919,群益台灣精選高息,111,1,110,凱基-中壢,2024-11-25,9285
2312,金寶,326,216,110,凱基-中壢,2024-11-25,9285
2489,瑞軒,102,2,100,凱基-中壢,2024-11-25,9285
00650L,復華香港正2,97,0,97,凱基-中壢,2024-11-25,9285
00915,凱基優選高股息30,98,15,83,凱基-中壢,2024-11-25,9285
6026,福邦證,80,0,80,凱基-中壢,2024-11-25,9285
00673R,期元大S＆P原油反1,75,0,75,凱基-中壢,2024-11-25,9285
8085,福華,75,2,73,凱基-中壢,2024-11-25,9285
1718,中纖,68,5,63,凱基-中壢,2024-11-25,9285
00940,元大台灣價值高息,70,12,58,凱基-中壢,2024-11-25,9285
3622,洋華,59,3,56,凱基-中壢,2024-11-25,9285
00706L,期元大S＆P日圓正2,50,0,50,凱基-中壢,2024-11-25,9285
5426,振發,82,40,42,凱基-中壢,2024-11-25,9285
6015,宏遠證,40,0,40,凱基-中壢,2024-11-25,9285
2449,京元電子,43,3,40,凱基-中壢,2024-11-25,9285
00887,永豐中國科技50大,38,0,38,凱基-中壢,2024-11-25,9285
00909,國泰數位支付服務,37,0,37,凱基-中壢,2024-11-25,9285
00688L,國泰20年美債正2,43,7,36,凱基-中壢,2024-11-25,9285
00953B,群益優選非投等債,39,4,35,凱基-中壢,2024-11-25,9285
2887,台新金,74,41,33,凱基-中壢,2024-11-25,9285
3114,好德,32,1,31,凱基-中壢,2024-11-25,9285
2344,華邦電,43,13,30,凱基-中壢,2024-11-25,9285
5347,世界,29,0,29,凱基-中壢,2024-11-25,9285
1809,中釉,30,2,28,凱基-中壢,2024-11-25,9285
1303,南亞,27,0,27,凱基-中壢,2024-11-25,9285
2614,東森,25,0,25,凱基-中壢,2024-11-25,9285
2104,國際中橡,25,0,25,凱基-中壢,2024-11-25,9285
00676R,富邦臺灣加權反1,35,10,25,凱基-中壢,2024-11-25,9285
2615,萬海,46,21,25,凱基-中壢,2024-11-25,9285
00665L,富邦�琤肭磪囓�2,24,0,24,凱基-中壢,2024-11-25,9285
8171,天宇,40,16,24,凱基-中壢,2024-11-25,9285
00674R,期元大S＆P黃金反1,21,0,21,凱基-中壢,2024-11-25,9285
00725B,國泰投資級公司債,20,0,20,凱基-中壢,2024-11-25,9285
8104,錸寶,35,15,20,凱基-中壢,2024-11-25,9285
2034,允強,19,0,19,凱基-中壢,2024-11-25,9285
6220,岳豐,22,3,19,凱基-中壢,2024-11-25,9285
3511,矽瑪,26,7,19,凱基-中壢,2024-11-25,9285
0056,元大高股息,19,2,17,凱基-中壢,2024-11-25,9285
6546,正基,27,11,16,凱基-中壢,2024-11-25,9285
1321,大洋,15,0,15,凱基-中壢,2024-11-25,9285
2028,威致,15,0,15,凱基-中壢,2024-11-25,9285
2505,國揚,15,0,15,凱基-中壢,2024-11-25,9285
5351,鈺創,14,0,14,凱基-中壢,2024-11-25,9285
6005,群益證,14,0,14,凱基-中壢,2024-11-25,9285
2897,王道銀行,14,0,14,凱基-中壢,2024-11-25,9285
2618,長榮航,16,3,13,凱基-中壢,2024-11-25,9285
00753L,中信中國50正2,33,20,13,凱基-中壢,2024-11-25,9285
6770,力積電,16,3,13,凱基-中壢,2024-11-25,9285
2431,聯昌,23,10,13,凱基-中壢,2024-11-25,9285
9105,泰金寶-DR,431,68,363,凱基-中壢,2024-11-26,9285
2646,星宇航空,206,6,200,凱基-中壢,2024-11-26,9285
6133,金橋,192,0,192,凱基-中壢,2024-11-26,9285
00929,復華台灣科技優息,210,22,188,凱基-中壢,2024-11-26,9285
1314,中石化,220,36,184,凱基-中壢,2024-11-26,9285
00953B,群益優選非投等債,154,0,154,凱基-中壢,2024-11-26,9285
00857B,永豐20年美公債,142,0,142,凱基-中壢,2024-11-26,9285
2426,鼎元,145,15,130,凱基-中壢,2024-11-26,9285
2337,旺宏,122,1,121,凱基-中壢,2024-11-26,9285
2367,燿華,112,5,107,凱基-中壢,2024-11-26,9285
2317,鴻海,119,26,93,凱基-中壢,2024-11-26,9285
2886,兆豐金,91,0,91,凱基-中壢,2024-11-26,9285
00878,國泰永續高股息,68,3,65,凱基-中壢,2024-11-26,9285
00715L,期街口布蘭特正2,89,25,64,凱基-中壢,2024-11-26,9285
6558,興能高,93,33,60,凱基-中壢,2024-11-26,9285
1815,富喬,299,243,56,凱基-中壢,2024-11-26,9285
00919,群益台灣精選高息,64,13,51,凱基-中壢,2024-11-26,9285
00940,元大台灣價值高息,83,32,51,凱基-中壢,2024-11-26,9285
3019,亞光,49,2,47,凱基-中壢,2024-11-26,9285
2495,普安,63,17,46,凱基-中壢,2024-11-26,9285
3706,神達,98,53,45,凱基-中壢,2024-11-26,9285
3231,緯創,53,10,43,凱基-中壢,2024-11-26,9285
00671R,富邦NASDAQ反1,40,0,40,凱基-中壢,2024-11-26,9285
3622,洋華,41,3,38,凱基-中壢,2024-11-26,9285
00915,凱基優選高股息30,38,0,38,凱基-中壢,2024-11-26,9285
00930,永豐ESG低碳高息,36,0,36,凱基-中壢,2024-11-26,9285
00905,FT臺灣Smart,31,0,31,凱基-中壢,2024-11-26,9285
6234,高僑,32,1,31,凱基-中壢,2024-11-26,9285
00959B,大華投等美債15Y+,30,0,30,凱基-中壢,2024-11-26,9285
2014,中鴻,40,10,30,凱基-中壢,2024-11-26,9285
912000,晨訊科-DR,50,20,30,凱基-中壢,2024-11-26,9285
00665L,富邦�琤肭磪囓�2,30,0,30,凱基-中壢,2024-11-26,9285
2615,萬海,41,13,28,凱基-中壢,2024-11-26,9285
6282,康舒,33,5,28,凱基-中壢,2024-11-26,9285
2890,永豐金,28,0,28,凱基-中壢,2024-11-26,9285
00900,富邦特選高股息30,27,0,27,凱基-中壢,2024-11-26,9285
3090,日電貿,34,8,26,凱基-中壢,2024-11-26,9285
5309,系統電,115,89,26,凱基-中壢,2024-11-26,9285
2392,正崴,55,30,25,凱基-中壢,2024-11-26,9285
00669R,國泰美國道瓊反1,25,0,25,凱基-中壢,2024-11-26,9285
2344,華邦電,27,2,25,凱基-中壢,2024-11-26,9285
2891,中信金,51,28,23,凱基-中壢,2024-11-26,9285
3712,永崴投控,30,8,22,凱基-中壢,2024-11-26,9285
00881,國泰台灣5G+,21,0,21,凱基-中壢,2024-11-26,9285
1540,喬福,22,1,21,凱基-中壢,2024-11-26,9285
3593,力銘,21,0,21,凱基-中壢,2024-11-26,9285
6962,ITH-KY,22,3,19,凱基-中壢,2024-11-26,9285
2634,漢翔,19,0,19,凱基-中壢,2024-11-26,9285
8044,網家,23,5,18,凱基-中壢,2024-11-26,9285
9904,寶成,17,0,17,凱基-中壢,2024-11-26,9285
00878,國泰永續高股息,317,26,291,凱基-中壢,2024-11-27,9285
2495,普安,261,8,253,凱基-中壢,2024-11-27,9285
00664R,國泰臺灣加權反1,220,0,220,凱基-中壢,2024-11-27,9285
00919,群益台灣精選高息,256,42,214,凱基-中壢,2024-11-27,9285
00637L,元大滬深300正2,257,99,158,凱基-中壢,2024-11-27,9285
0056,元大高股息,157,22,135,凱基-中壢,2024-11-27,9285
1815,富喬,171,81,90,凱基-中壢,2024-11-27,9285
00632R,元大台灣50反1,130,44,86,凱基-中壢,2024-11-27,9285
3231,緯創,97,20,77,凱基-中壢,2024-11-27,9285
00725B,國泰投資級公司債,60,0,60,凱基-中壢,2024-11-27,9285
2317,鴻海,145,86,59,凱基-中壢,2024-11-27,9285
2303,聯電,56,8,48,凱基-中壢,2024-11-27,9285
2883,凱基金,48,2,46,凱基-中壢,2024-11-27,9285
2609,陽明,73,28,45,凱基-中壢,2024-11-27,9285
3593,力銘,43,0,43,凱基-中壢,2024-11-27,9285
2367,燿華,54,12,42,凱基-中壢,2024-11-27,9285
6190,萬泰科,41,0,41,凱基-中壢,2024-11-27,9285
5309,系統電,76,35,41,凱基-中壢,2024-11-27,9285
2603,長榮,85,44,41,凱基-中壢,2024-11-27,9285
2392,正崴,77,37,40,凱基-中壢,2024-11-27,9285
2330,台積電,42,5,37,凱基-中壢,2024-11-27,9285
00639,富邦深100,39,2,37,凱基-中壢,2024-11-27,9285
2355,敬鵬,34,0,34,凱基-中壢,2024-11-27,9285
00915,凱基優選高股息30,63,30,33,凱基-中壢,2024-11-27,9285
2344,華邦電,43,10,33,凱基-中壢,2024-11-27,9285
3419,譁裕,55,25,30,凱基-中壢,2024-11-27,9285
00918,大華優利高填息30,58,29,29,凱基-中壢,2024-11-27,9285
006208,富邦台50,29,0,29,凱基-中壢,2024-11-27,9285
3062,建漢,67,40,27,凱基-中壢,2024-11-27,9285
5371,中光電,64,38,26,凱基-中壢,2024-11-27,9285
0050,元大台灣50,26,0,26,凱基-中壢,2024-11-27,9285
00922,國泰台灣領袖50,26,0,26,凱基-中壢,2024-11-27,9285
6770,力積電,36,11,25,凱基-中壢,2024-11-27,9285
00937B,群益ESG投等債20,32,7,25,凱基-中壢,2024-11-27,9285
00940,元大台灣價值高息,24,0,24,凱基-中壢,2024-11-27,9285
3037,欣興,29,5,24,凱基-中壢,2024-11-27,9285
00950B,凱基A級公司債,34,10,24,凱基-中壢,2024-11-27,9285
4931,新盛力,34,11,23,凱基-中壢,2024-11-27,9285
2374,佳能,22,0,22,凱基-中壢,2024-11-27,9285
2886,兆豐金,30,8,22,凱基-中壢,2024-11-27,9285
4532,瑞智,21,0,21,凱基-中壢,2024-11-27,9285
00674R,期元大S＆P黃金反1,20,0,20,凱基-中壢,2024-11-27,9285
3622,洋華,24,4,20,凱基-中壢,2024-11-27,9285
00751B,元大AAA至A公司債,20,0,20,凱基-中壢,2024-11-27,9285
1303,南亞,19,0,19,凱基-中壢,2024-11-27,9285
9105,泰金寶-DR,115,96,19,凱基-中壢,2024-11-27,9285
00930,永豐ESG低碳高息,42,23,19,凱基-中壢,2024-11-27,9285
3712,永崴投控,37,19,18,凱基-中壢,2024-11-27,9285
8111,立��,43,25,18,凱基-中壢,2024-11-27,9285
4562,穎漢,40,22,18,凱基-中壢,2024-11-27,9285
2515,中工,451,2,449,凱基-中壢,2024-11-28,9285
00637L,元大滬深300正2,279,7,272,凱基-中壢,2024-11-28,9285
00878,國泰永續高股息,279,64,215,凱基-中壢,2024-11-28,9285
00650L,復華香港正2,186,0,186,凱基-中壢,2024-11-28,9285
00919,群益台灣精選高息,192,25,167,凱基-中壢,2024-11-28,9285
2495,普安,107,4,103,凱基-中壢,2024-11-28,9285
2886,兆豐金,100,1,99,凱基-中壢,2024-11-28,9285
00715L,期街口布蘭特正2,102,10,92,凱基-中壢,2024-11-28,9285
9105,泰金寶-DR,167,78,89,凱基-中壢,2024-11-28,9285
00688L,國泰20年美債正2,96,16,80,凱基-中壢,2024-11-28,9285
00915,凱基優選高股息30,73,7,66,凱基-中壢,2024-11-28,9285
2303,聯電,75,20,55,凱基-中壢,2024-11-28,9285
00929,復華台灣科技優息,247,195,52,凱基-中壢,2024-11-28,9285
0056,元大高股息,93,41,52,凱基-中壢,2024-11-28,9285
2344,華邦電,69,21,48,凱基-中壢,2024-11-28,9285
00953B,群益優選非投等債,48,0,48,凱基-中壢,2024-11-28,9285
2609,陽明,70,26,44,凱基-中壢,2024-11-28,9285
00687B,國泰20年美債,93,50,43,凱基-中壢,2024-11-28,9285
2317,鴻海,85,43,42,凱基-中壢,2024-11-28,9285
3481,群創,52,10,42,凱基-中壢,2024-11-28,9285
00664R,國泰臺灣加權反1,60,20,40,凱基-中壢,2024-11-28,9285
3622,洋華,41,2,39,凱基-中壢,2024-11-28,9285
00918,大華優利高填息30,43,6,37,凱基-中壢,2024-11-28,9285
2615,萬海,56,19,37,凱基-中壢,2024-11-28,9285
3062,建漢,44,8,36,凱基-中壢,2024-11-28,9285
2354,鴻準,105,69,36,凱基-中壢,2024-11-28,9285
9951,皇田,35,0,35,凱基-中壢,2024-11-28,9285
2545,皇翔,35,1,34,凱基-中壢,2024-11-28,9285
8429,金麗-KY,41,9,32,凱基-中壢,2024-11-28,9285
3231,緯創,45,15,30,凱基-中壢,2024-11-28,9285
00674R,期元大S＆P黃金反1,30,0,30,凱基-中壢,2024-11-28,9285
00648R,元大S＆P500反1,30,0,30,凱基-中壢,2024-11-28,9285
00922,國泰台灣領袖50,32,2,30,凱基-中壢,2024-11-28,9285
6770,力積電,41,12,29,凱基-中壢,2024-11-28,9285
4510,高鋒,116,89,27,凱基-中壢,2024-11-28,9285
1718,中纖,32,5,27,凱基-中壢,2024-11-28,9285
3591,艾笛森,28,2,26,凱基-中壢,2024-11-28,9285
00950B,凱基A級公司債,25,0,25,凱基-中壢,2024-11-28,9285
1605,華新,28,3,25,凱基-中壢,2024-11-28,9285
00945B,凱基美國非投等債,24,0,24,凱基-中壢,2024-11-28,9285
2332,友訊,48,25,23,凱基-中壢,2024-11-28,9285
6558,興能高,47,26,21,凱基-中壢,2024-11-28,9285
6190,萬泰科,20,1,19,凱基-中壢,2024-11-28,9285
8112,至上,19,1,18,凱基-中壢,2024-11-28,9285
0050,元大台灣50,18,1,17,凱基-中壢,2024-11-28,9285
2489,瑞軒,16,0,16,凱基-中壢,2024-11-28,9285
00960,野村全球航運龍頭,22,6,16,凱基-中壢,2024-11-28,9285
00946,群益科技高息成長,15,0,15,凱基-中壢,2024-11-28,9285
2002,中鋼,17,2,15,凱基-中壢,2024-11-28,9285
4303,信立,30,15,15,凱基-中壢,2024-11-28,9285
2891,中信金,140,3,137,凱基-中壢,2024-11-29,9285
00919,群益台灣精選高息,111,8,103,凱基-中壢,2024-11-29,9285
00637L,元大滬深300正2,352,266,86,凱基-中壢,2024-11-29,9285
00929,復華台灣科技優息,107,42,65,凱基-中壢,2024-11-29,9285
2317,鴻海,82,22,60,凱基-中壢,2024-11-29,9285
00878,國泰永續高股息,70,13,57,凱基-中壢,2024-11-29,9285
00946,群益科技高息成長,53,0,53,凱基-中壢,2024-11-29,9285
2303,聯電,76,26,50,凱基-中壢,2024-11-29,9285
00674R,期元大S＆P黃金反1,50,0,50,凱基-中壢,2024-11-29,9285
2886,兆豐金,49,1,48,凱基-中壢,2024-11-29,9285
1301,台塑,54,9,45,凱基-中壢,2024-11-29,9285
00940,元大台灣價值高息,56,18,38,凱基-中壢,2024-11-29,9285
00905,FT臺灣Smart,33,0,33,凱基-中壢,2024-11-29,9285
2801,彰銀,30,0,30,凱基-中壢,2024-11-29,9285
00688L,國泰20年美債正2,61,32,29,凱基-中壢,2024-11-29,9285
00950B,凱基A級公司債,29,0,29,凱基-中壢,2024-11-29,9285
3090,日電貿,33,5,28,凱基-中壢,2024-11-29,9285
2002,中鋼,31,5,26,凱基-中壢,2024-11-29,9285
0056,元大高股息,52,27,25,凱基-中壢,2024-11-29,9285
2609,陽明,63,40,23,凱基-中壢,2024-11-29,9285
2528,皇普,28,5,23,凱基-中壢,2024-11-29,9285
2882,國泰金,29,8,21,凱基-中壢,2024-11-29,9285
2312,金寶,41,21,20,凱基-中壢,2024-11-29,9285
5371,中光電,40,20,20,凱基-中壢,2024-11-29,9285
00669R,國泰美國道瓊反1,20,0,20,凱基-中壢,2024-11-29,9285
00948B,中信優息投資級債,20,0,20,凱基-中壢,2024-11-29,9285
3622,洋華,22,2,20,凱基-中壢,2024-11-29,9285
2834,臺企銀,20,0,20,凱基-中壢,2024-11-29,9285
3481,群創,34,15,19,凱基-中壢,2024-11-29,9285
00915,凱基優選高股息30,21,2,19,凱基-中壢,2024-11-29,9285
00665L,富邦�琤肭磪囓�2,19,0,19,凱基-中壢,2024-11-29,9285
00633L,富邦上証正2,20,1,19,凱基-中壢,2024-11-29,9285
2515,中工,20,2,18,凱基-中壢,2024-11-29,9285
2376,技嘉,18,0,18,凱基-中壢,2024-11-29,9285
6546,正基,20,3,17,凱基-中壢,2024-11-29,9285
2305,全友,16,0,16,凱基-中壢,2024-11-29,9285
00671R,富邦NASDAQ反1,16,0,16,凱基-中壢,2024-11-29,9285
2408,南亞科,21,6,15,凱基-中壢,2024-11-29,9285
2375,凱美,15,0,15,凱基-中壢,2024-11-29,9285
1402,遠東新,13,0,13,凱基-中壢,2024-11-29,9285
2887,台新金,13,0,13,凱基-中壢,2024-11-29,9285
2208,台船,13,0,13,凱基-中壢,2024-11-29,9285
6494,九齊,12,0,12,凱基-中壢,2024-11-29,9285
2486,一詮,23,11,12,凱基-中壢,2024-11-29,9285
1815,富喬,61,50,11,凱基-中壢,2024-11-29,9285
2308,台達電,12,1,11,凱基-中壢,2024-11-29,9285
8038,長園科,22,11,11,凱基-中壢,2024-11-29,9285
6505,台塑化,25,14,11,凱基-中壢,2024-11-29,9285
2392,正崴,36,25,11,凱基-中壢,2024-11-29,9285
6922,宸曜,11,0,11,凱基-中壢,2024-11-29,9285
00715L,期街口布蘭特正2,442,0,442,凱基-中壢,2024-12-02,9285
00637L,元大滬深300正2,357,26,331,凱基-中壢,2024-12-02,9285
2886,兆豐金,128,3,125,凱基-中壢,2024-12-02,9285
2495,普安,95,5,90,凱基-中壢,2024-12-02,9285
00632R,元大台灣50反1,134,46,88,凱基-中壢,2024-12-02,9285
4909,新復興,131,43,88,凱基-中壢,2024-12-02,9285
00650L,復華香港正2,78,0,78,凱基-中壢,2024-12-02,9285
8047,星雲,76,0,76,凱基-中壢,2024-12-02,9285
00918,大華優利高填息30,73,0,73,凱基-中壢,2024-12-02,9285
00905,FT臺灣Smart,60,0,60,凱基-中壢,2024-12-02,9285
9951,皇田,50,0,50,凱基-中壢,2024-12-02,9285
6190,萬泰科,50,0,50,凱基-中壢,2024-12-02,9285
6127,九豪,47,8,39,凱基-中壢,2024-12-02,9285
00712,復華富時不動產,44,7,37,凱基-中壢,2024-12-02,9285
3622,洋華,39,3,36,凱基-中壢,2024-12-02,9285
00753L,中信中國50正2,35,0,35,凱基-中壢,2024-12-02,9285
00915,凱基優選高股息30,43,10,33,凱基-中壢,2024-12-02,9285
2317,鴻海,51,19,32,凱基-中壢,2024-12-02,9285
2392,正崴,44,13,31,凱基-中壢,2024-12-02,9285
2542,興富發,35,4,31,凱基-中壢,2024-12-02,9285
00878,國泰永續高股息,51,22,29,凱基-中壢,2024-12-02,9285
4123,晟德,46,21,25,凱基-中壢,2024-12-02,9285
3706,神達,72,48,24,凱基-中壢,2024-12-02,9285
2344,華邦電,24,0,24,凱基-中壢,2024-12-02,9285
00674R,期元大S＆P黃金反1,20,0,20,凱基-中壢,2024-12-02,9285
3037,欣興,24,5,19,凱基-中壢,2024-12-02,9285
4414,如興,19,0,19,凱基-中壢,2024-12-02,9285
00945B,凱基美國非投等債,20,1,19,凱基-中壢,2024-12-02,9285
2312,金寶,47,29,18,凱基-中壢,2024-12-02,9285
00938,凱基優選30,21,3,18,凱基-中壢,2024-12-02,9285
00639,富邦深100,17,0,17,凱基-中壢,2024-12-02,9285
00725B,國泰投資級公司債,20,3,17,凱基-中壢,2024-12-02,9285
2867,三商壽,17,0,17,凱基-中壢,2024-12-02,9285
00909,國泰數位支付服務,21,5,16,凱基-中壢,2024-12-02,9285
5309,系統電,97,82,15,凱基-中壢,2024-12-02,9285
00943,兆豐電子高息等權,15,0,15,凱基-中壢,2024-12-02,9285
8996,高力,17,2,15,凱基-中壢,2024-12-02,9285
4903,聯光通,18,3,15,凱基-中壢,2024-12-02,9285
8929,富堡,18,3,15,凱基-中壢,2024-12-02,9285
3450,聯鈞,42,28,14,凱基-中壢,2024-12-02,9285
3625,西勝,17,3,14,凱基-中壢,2024-12-02,9285
8111,立��,25,11,14,凱基-中壢,2024-12-02,9285
3090,日電貿,17,4,13,凱基-中壢,2024-12-02,9285
2497,怡利電,12,0,12,凱基-中壢,2024-12-02,9285
6558,興能高,92,81,11,凱基-中壢,2024-12-02,9285
1605,華新,20,9,11,凱基-中壢,2024-12-02,9285
3504,揚明光,10,0,10,凱基-中壢,2024-12-02,9285
3141,晶宏,10,0,10,凱基-中壢,2024-12-02,9285
6278,台表科,10,0,10,凱基-中壢,2024-12-02,9285
3437,榮創,10,0,10,凱基-中壢,2024-12-02,9285
00650L,復華香港正2,298,0,298,凱基-中壢,2024-12-03,9285
00919,群益台灣精選高息,336,106,230,凱基-中壢,2024-12-03,9285
00637L,元大滬深300正2,133,5,128,凱基-中壢,2024-12-03,9285
00918,大華優利高填息30,125,10,115,凱基-中壢,2024-12-03,9285
6962,ITH-KY,111,3,108,凱基-中壢,2024-12-03,9285
2888,新光金,110,3,107,凱基-中壢,2024-12-03,9285
6005,群益證,93,0,93,凱基-中壢,2024-12-03,9285
00712,復華富時不動產,102,12,90,凱基-中壢,2024-12-03,9285
00632R,元大台灣50反1,85,0,85,凱基-中壢,2024-12-03,9285
2312,金寶,106,31,75,凱基-中壢,2024-12-03,9285
2515,中工,62,2,60,凱基-中壢,2024-12-03,9285
2444,兆勁,73,18,55,凱基-中壢,2024-12-03,9285
00915,凱基優選高股息30,54,0,54,凱基-中壢,2024-12-03,9285
2303,聯電,47,8,39,凱基-中壢,2024-12-03,9285
4714,永捷,34,0,34,凱基-中壢,2024-12-03,9285
2027,大成鋼,31,0,31,凱基-中壢,2024-12-03,9285
5328,華容,34,3,31,凱基-中壢,2024-12-03,9285
2476,鉅祥,32,2,30,凱基-中壢,2024-12-03,9285
00959B,大華投等美債15Y+,30,0,30,凱基-中壢,2024-12-03,9285
00715L,期街口布蘭特正2,27,0,27,凱基-中壢,2024-12-03,9285
00924,復華S＆P500成長,26,0,26,凱基-中壢,2024-12-03,9285
4904,遠傳,23,0,23,凱基-中壢,2024-12-03,9285
0056,元大高股息,37,14,23,凱基-中壢,2024-12-03,9285
00753L,中信中國50正2,26,3,23,凱基-中壢,2024-12-03,9285
00905,FT臺灣Smart,23,0,23,凱基-中壢,2024-12-03,9285
3090,日電貿,26,4,22,凱基-中壢,2024-12-03,9285
4977,眾達-KY,43,22,21,凱基-中壢,2024-12-03,9285
2002,中鋼,25,5,20,凱基-中壢,2024-12-03,9285
1504,東元,24,4,20,凱基-中壢,2024-12-03,9285
00953B,群益優選非投等債,40,20,20,凱基-中壢,2024-12-03,9285
5907,大洋-KY,25,5,20,凱基-中壢,2024-12-03,9285
6877,鏵友益,20,1,19,凱基-中壢,2024-12-03,9285
5244,弘凱,49,30,19,凱基-中壢,2024-12-03,9285
2344,華邦電,19,1,18,凱基-中壢,2024-12-03,9285
4938,和碩,15,0,15,凱基-中壢,2024-12-03,9285
2867,三商壽,15,0,15,凱基-中壢,2024-12-03,9285
00642U,期元大S＆P石油,15,0,15,凱基-中壢,2024-12-03,9285
2208,台船,14,0,14,凱基-中壢,2024-12-03,9285
4716,大立,20,6,14,凱基-中壢,2024-12-03,9285
00687B,國泰20年美債,30,17,13,凱基-中壢,2024-12-03,9285
00713,元大台灣高息低波,14,1,13,凱基-中壢,2024-12-03,9285
2337,旺宏,12,0,12,凱基-中壢,2024-12-03,9285
5371,中光電,50,39,11,凱基-中壢,2024-12-03,9285
8996,高力,22,11,11,凱基-中壢,2024-12-03,9285
5309,系統電,47,37,10,凱基-中壢,2024-12-03,9285
3149,正達,10,0,10,凱基-中壢,2024-12-03,9285
3625,西勝,19,9,10,凱基-中壢,2024-12-03,9285
00633L,富邦上証正2,10,0,10,凱基-中壢,2024-12-03,9285
8163,達方,10,0,10,凱基-中壢,2024-12-03,9285
912000,晨訊科-DR,30,20,10,凱基-中壢,2024-12-03,9285
6757,台灣虎航,370,201,169,凱基-中壢,2024-12-04,9285
2312,金寶,181,32,149,凱基-中壢,2024-12-04,9285
00948B,中信優息投資級債,143,6,137,凱基-中壢,2024-12-04,9285
00919,群益台灣精選高息,157,24,133,凱基-中壢,2024-12-04,9285
00712,復華富時不動產,106,0,106,凱基-中壢,2024-12-04,9285
9105,泰金寶-DR,567,461,106,凱基-中壢,2024-12-04,9285
00673R,期元大S＆P原油反1,87,0,87,凱基-中壢,2024-12-04,9285
0056,元大高股息,56,3,53,凱基-中壢,2024-12-04,9285
3062,建漢,51,0,51,凱基-中壢,2024-12-04,9285
2303,聯電,56,11,45,凱基-中壢,2024-12-04,9285
00905,FT臺灣Smart,44,0,44,凱基-中壢,2024-12-04,9285
00945B,凱基美國非投等債,57,16,41,凱基-中壢,2024-12-04,9285
00878,國泰永續高股息,54,14,40,凱基-中壢,2024-12-04,9285
00915,凱基優選高股息30,47,7,40,凱基-中壢,2024-12-04,9285
00676R,富邦臺灣加權反1,40,0,40,凱基-中壢,2024-12-04,9285
3078,僑威,44,7,37,凱基-中壢,2024-12-04,9285
00953B,群益優選非投等債,50,14,36,凱基-中壢,2024-12-04,9285
3231,緯創,60,30,30,凱基-中壢,2024-12-04,9285
2349,錸德,34,6,28,凱基-中壢,2024-12-04,9285
00918,大華優利高填息30,48,22,26,凱基-中壢,2024-12-04,9285
2337,旺宏,35,9,26,凱基-中壢,2024-12-04,9285
00926,凱基全球菁英55,24,0,24,凱基-中壢,2024-12-04,9285
00887,永豐中國科技50大,24,0,24,凱基-中壢,2024-12-04,9285
2883,凱基金,42,19,23,凱基-中壢,2024-12-04,9285
8112,至上,23,2,21,凱基-中壢,2024-12-04,9285
3625,西勝,21,0,21,凱基-中壢,2024-12-04,9285
2419,仲琦,22,1,21,凱基-中壢,2024-12-04,9285
2887,台新金,19,0,19,凱基-中壢,2024-12-04,9285
1605,華新,20,2,18,凱基-中壢,2024-12-04,9285
00706L,期元大S＆P日圓正2,18,0,18,凱基-中壢,2024-12-04,9285
3617,碩天,18,0,18,凱基-中壢,2024-12-04,9285
2606,裕民,17,0,17,凱基-中壢,2024-12-04,9285
4903,聯光通,23,6,17,凱基-中壢,2024-12-04,9285
2354,鴻準,76,59,17,凱基-中壢,2024-12-04,9285
3499,環天科,16,0,16,凱基-中壢,2024-12-04,9285
8104,錸寶,40,24,16,凱基-中壢,2024-12-04,9285
1102,亞泥,15,0,15,凱基-中壢,2024-12-04,9285
2891,中信金,36,22,14,凱基-中壢,2024-12-04,9285
2408,南亞科,14,0,14,凱基-中壢,2024-12-04,9285
00713,元大台灣高息低波,22,8,14,凱基-中壢,2024-12-04,9285
3591,艾笛森,15,2,13,凱基-中壢,2024-12-04,9285
3605,宏致,16,3,13,凱基-中壢,2024-12-04,9285
3043,科風,30,17,13,凱基-中壢,2024-12-04,9285
1519,華城,16,3,13,凱基-中壢,2024-12-04,9285
2884,玉山金,13,0,13,凱基-中壢,2024-12-04,9285
3037,欣興,17,5,12,凱基-中壢,2024-12-04,9285
4303,信立,22,10,12,凱基-中壢,2024-12-04,9285
2605,新興,12,0,12,凱基-中壢,2024-12-04,9285
3202,樺晟,12,0,12,凱基-中壢,2024-12-04,9285
2457,飛宏,13,1,12,凱基-中壢,2024-12-04,9285
00650L,復華香港正2,392,0,392,凱基-中壢,2024-12-05,9285
9105,泰金寶-DR,149,45,104,凱基-中壢,2024-12-05,9285
2014,中鴻,102,0,102,凱基-中壢,2024-12-05,9285
00665L,富邦�琤肭磪囓�2,109,20,89,凱基-中壢,2024-12-05,9285
00918,大華優利高填息30,90,8,82,凱基-中壢,2024-12-05,9285
3706,神達,177,115,62,凱基-中壢,2024-12-05,9285
00712,復華富時不動產,57,5,52,凱基-中壢,2024-12-05,9285
2303,聯電,73,21,52,凱基-中壢,2024-12-05,9285
4931,新盛力,109,62,47,凱基-中壢,2024-12-05,9285
3323,加百裕,108,65,43,凱基-中壢,2024-12-05,9285
2317,鴻海,61,18,43,凱基-中壢,2024-12-05,9285
00887,永豐中國科技50大,43,1,42,凱基-中壢,2024-12-05,9285
3622,洋華,40,0,40,凱基-中壢,2024-12-05,9285
00715L,期街口布蘭特正2,149,110,39,凱基-中壢,2024-12-05,9285
2344,華邦電,35,0,35,凱基-中壢,2024-12-05,9285
2457,飛宏,34,5,29,凱基-中壢,2024-12-05,9285
00687B,國泰20年美債,29,5,24,凱基-中壢,2024-12-05,9285
0056,元大高股息,23,0,23,凱基-中壢,2024-12-05,9285
00953B,群益優選非投等債,23,3,20,凱基-中壢,2024-12-05,9285
6282,康舒,21,2,19,凱基-中壢,2024-12-05,9285
3499,環天科,18,0,18,凱基-中壢,2024-12-05,9285
00937B,群益ESG投等債20,23,5,18,凱基-中壢,2024-12-05,9285
1101,台泥,17,0,17,凱基-中壢,2024-12-05,9285
1815,富喬,247,230,17,凱基-中壢,2024-12-05,9285
00915,凱基優選高股息30,16,0,16,凱基-中壢,2024-12-05,9285
1321,大洋,15,0,15,凱基-中壢,2024-12-05,9285
8429,金麗-KY,15,0,15,凱基-中壢,2024-12-05,9285
1301,台塑,18,4,14,凱基-中壢,2024-12-05,9285
1512,瑞利,14,0,14,凱基-中壢,2024-12-05,9285
2867,三商壽,14,0,14,凱基-中壢,2024-12-05,9285
2367,燿華,19,6,13,凱基-中壢,2024-12-05,9285
8021,尖點,13,0,13,凱基-中壢,2024-12-05,9285
00753L,中信中國50正2,13,0,13,凱基-中壢,2024-12-05,9285
5907,大洋-KY,12,0,12,凱基-中壢,2024-12-05,9285
5328,華容,39,28,11,凱基-中壢,2024-12-05,9285
5309,系統電,24,13,11,凱基-中壢,2024-12-05,9285
6588,東典光電,11,0,11,凱基-中壢,2024-12-05,9285
3211,順達,37,27,10,凱基-中壢,2024-12-05,9285
6127,九豪,24,14,10,凱基-中壢,2024-12-05,9285
2002,中鋼,11,1,10,凱基-中壢,2024-12-05,9285
6558,興能高,86,76,10,凱基-中壢,2024-12-05,9285
4303,信立,38,28,10,凱基-中壢,2024-12-05,9285
1617,榮星,10,0,10,凱基-中壢,2024-12-05,9285
1308,亞聚,10,0,10,凱基-中壢,2024-12-05,9285
2477,美隆電,10,0,10,凱基-中壢,2024-12-05,9285
1218,泰山,10,0,10,凱基-中壢,2024-12-05,9285
2425,承啟,11,2,9,凱基-中壢,2024-12-05,9285
3054,立萬利,9,0,9,凱基-中壢,2024-12-05,9285
6770,力積電,9,0,9,凱基-中壢,2024-12-05,9285
00706L,期元大S＆P日圓正2,9,0,9,凱基-中壢,2024-12-05,9285
00715L,期街口布蘭特正2,146,0,146,凱基-中壢,2024-12-06,9285
8047,星雲,115,0,115,凱基-中壢,2024-12-06,9285
00919,群益台灣精選高息,139,29,110,凱基-中壢,2024-12-06,9285
2801,彰銀,100,0,100,凱基-中壢,2024-12-06,9285
00915,凱基優選高股息30,78,0,78,凱基-中壢,2024-12-06,9285
00918,大華優利高填息30,69,4,65,凱基-中壢,2024-12-06,9285
00953B,群益優選非投等債,68,5,63,凱基-中壢,2024-12-06,9285
2312,金寶,98,44,54,凱基-中壢,2024-12-06,9285
00687B,國泰20年美債,108,59,49,凱基-中壢,2024-12-06,9285
3521,鴻翊,46,0,46,凱基-中壢,2024-12-06,9285
2495,普安,51,10,41,凱基-中壢,2024-12-06,9285
00946,群益科技高息成長,36,0,36,凱基-中壢,2024-12-06,9285
3015,全漢,37,2,35,凱基-中壢,2024-12-06,9285
6558,興能高,91,56,35,凱基-中壢,2024-12-06,9285
3622,洋華,35,3,32,凱基-中壢,2024-12-06,9285
912000,晨訊科-DR,30,0,30,凱基-中壢,2024-12-06,9285
6190,萬泰科,30,0,30,凱基-中壢,2024-12-06,9285
8272,全景軟體,31,2,29,凱基-中壢,2024-12-06,9285
2405,輔信,66,39,27,凱基-中壢,2024-12-06,9285
3706,神達,146,120,26,凱基-中壢,2024-12-06,9285
00712,復華富時不動產,25,0,25,凱基-中壢,2024-12-06,9285
8429,金麗-KY,25,0,25,凱基-中壢,2024-12-06,9285
9105,泰金寶-DR,35,12,23,凱基-中壢,2024-12-06,9285
4919,新唐,41,18,23,凱基-中壢,2024-12-06,9285
00945B,凱基美國非投等債,29,7,22,凱基-中壢,2024-12-06,9285
2610,華航,57,35,22,凱基-中壢,2024-12-06,9285
2515,中工,22,1,21,凱基-中壢,2024-12-06,9285
2528,皇普,20,0,20,凱基-中壢,2024-12-06,9285
8277,商丞,20,0,20,凱基-中壢,2024-12-06,9285
00676R,富邦臺灣加權反1,19,0,19,凱基-中壢,2024-12-06,9285
1101,台泥,23,4,19,凱基-中壢,2024-12-06,9285
8111,立��,40,22,18,凱基-中壢,2024-12-06,9285
8929,富堡,20,2,18,凱基-中壢,2024-12-06,9285
2344,華邦電,25,8,17,凱基-中壢,2024-12-06,9285
00688L,國泰20年美債正2,18,1,17,凱基-中壢,2024-12-06,9285
6127,九豪,18,3,15,凱基-中壢,2024-12-06,9285
00887,永豐中國科技50大,15,0,15,凱基-中壢,2024-12-06,9285
3323,加百裕,28,14,14,凱基-中壢,2024-12-06,9285
00960,野村全球航運龍頭,13,0,13,凱基-中壢,2024-12-06,9285
2449,京元電子,15,2,13,凱基-中壢,2024-12-06,9285
8042,金山電,30,17,13,凱基-中壢,2024-12-06,9285
3105,穩懋,13,0,13,凱基-中壢,2024-12-06,9285
6416,瑞祺電通,13,1,12,凱基-中壢,2024-12-06,9285
00922,國泰台灣領袖50,12,0,12,凱基-中壢,2024-12-06,9285
2408,南亞科,13,1,12,凱基-中壢,2024-12-06,9285
2062,橋椿,20,8,12,凱基-中壢,2024-12-06,9285
00924,復華S＆P500成長,12,0,12,凱基-中壢,2024-12-06,9285
1616,億泰,12,1,11,凱基-中壢,2024-12-06,9285
1815,富喬,112,101,11,凱基-中壢,2024-12-06,9285
6282,康舒,10,0,10,凱基-中壢,2024-12-06,9285
00637L,元大滬深300正2,269,12,257,凱基-中壢,2024-12-09,9285
6757,台灣虎航,320,73,247,凱基-中壢,2024-12-09,9285
00715L,期街口布蘭特正2,239,30,209,凱基-中壢,2024-12-09,9285
00918,大華優利高填息30,131,3,128,凱基-中壢,2024-12-09,9285
0056,元大高股息,121,0,121,凱基-中壢,2024-12-09,9285
00937B,群益ESG投等債20,147,55,92,凱基-中壢,2024-12-09,9285
1815,富喬,105,21,84,凱基-中壢,2024-12-09,9285
00915,凱基優選高股息30,77,0,77,凱基-中壢,2024-12-09,9285
8047,星雲,70,0,70,凱基-中壢,2024-12-09,9285
00642U,期元大S＆P石油,69,0,69,凱基-中壢,2024-12-09,9285
1802,台玻,69,1,68,凱基-中壢,2024-12-09,9285
00905,FT臺灣Smart,62,0,62,凱基-中壢,2024-12-09,9285
3622,洋華,57,3,54,凱基-中壢,2024-12-09,9285
2363,矽統,60,7,53,凱基-中壢,2024-12-09,9285
4931,新盛力,62,11,51,凱基-中壢,2024-12-09,9285
4576,大銀微系統,43,0,43,凱基-中壢,2024-12-09,9285
9951,皇田,43,0,43,凱基-中壢,2024-12-09,9285
5309,系統電,60,19,41,凱基-中壢,2024-12-09,9285
2527,宏璟,40,0,40,凱基-中壢,2024-12-09,9285
2332,友訊,42,2,40,凱基-中壢,2024-12-09,9285
1303,南亞,40,2,38,凱基-中壢,2024-12-09,9285
00965,元大航太防衛科技,36,0,36,凱基-中壢,2024-12-09,9285
8249,菱光,40,5,35,凱基-中壢,2024-12-09,9285
2399,映泰,46,16,30,凱基-中壢,2024-12-09,9285
2471,資通,54,24,30,凱基-中壢,2024-12-09,9285
00919,群益台灣精選高息,69,41,28,凱基-中壢,2024-12-09,9285
3706,神達,87,59,28,凱基-中壢,2024-12-09,9285
2312,金寶,28,5,23,凱基-中壢,2024-12-09,9285
6505,台塑化,23,2,21,凱基-中壢,2024-12-09,9285
3030,德律,22,1,21,凱基-中壢,2024-12-09,9285
2317,鴻海,35,14,21,凱基-中壢,2024-12-09,9285
2812,台中銀,20,0,20,凱基-中壢,2024-12-09,9285
2303,聯電,23,4,19,凱基-中壢,2024-12-09,9285
00932,兆豐永續高息等權,18,0,18,凱基-中壢,2024-12-09,9285
3450,聯鈞,29,11,18,凱基-中壢,2024-12-09,9285
2356,英業達,18,0,18,凱基-中壢,2024-12-09,9285
2449,京元電子,18,1,17,凱基-中壢,2024-12-09,9285
9105,泰金寶-DR,21,4,17,凱基-中壢,2024-12-09,9285
00967B,元大優息美債,16,0,16,凱基-中壢,2024-12-09,9285
4979,華星光,25,9,16,凱基-中壢,2024-12-09,9285
6472,保瑞,19,3,16,凱基-中壢,2024-12-09,9285
2855,統一證,15,0,15,凱基-中壢,2024-12-09,9285
3032,偉訓,21,6,15,凱基-中壢,2024-12-09,9285
911608,明輝-DR,15,0,15,凱基-中壢,2024-12-09,9285
00673R,期元大S＆P原油反1,20,5,15,凱基-中壢,2024-12-09,9285
2348,海悅,15,1,14,凱基-中壢,2024-12-09,9285
2354,鴻準,173,159,14,凱基-中壢,2024-12-09,9285
6243,迅杰,16,3,13,凱基-中壢,2024-12-09,9285
00962,台新AI優息動能,12,0,12,凱基-中壢,2024-12-09,9285
00960,野村全球航運龍頭,12,0,12,凱基-中壢,2024-12-09,9285
00637L,元大滬深300正2,1031,529,502,凱基-中壢,2024-12-10,9285
00650L,復華香港正2,943,557,386,凱基-中壢,2024-12-10,9285
00937B,群益ESG投等債20,274,4,270,凱基-中壢,2024-12-10,9285
00919,群益台灣精選高息,323,55,268,凱基-中壢,2024-12-10,9285
3056,富華新,183,2,181,凱基-中壢,2024-12-10,9285
1616,億泰,132,0,132,凱基-中壢,2024-12-10,9285
2888,新光金,122,4,118,凱基-中壢,2024-12-10,9285
00878,國泰永續高股息,121,24,97,凱基-中壢,2024-12-10,9285
2495,普安,118,21,97,凱基-中壢,2024-12-10,9285
00918,大華優利高填息30,75,0,75,凱基-中壢,2024-12-10,9285
00715L,期街口布蘭特正2,88,15,73,凱基-中壢,2024-12-10,9285
00687B,國泰20年美債,76,6,70,凱基-中壢,2024-12-10,9285
3032,偉訓,77,12,65,凱基-中壢,2024-12-10,9285
00915,凱基優選高股息30,58,0,58,凱基-中壢,2024-12-10,9285
00753L,中信中國50正2,111,53,58,凱基-中壢,2024-12-10,9285
4991,環宇-KY,51,11,40,凱基-中壢,2024-12-10,9285
1301,台塑,46,8,38,凱基-中壢,2024-12-10,9285
2618,長榮航,45,8,37,凱基-中壢,2024-12-10,9285
0056,元大高股息,39,6,33,凱基-中壢,2024-12-10,9285
6120,達運,30,0,30,凱基-中壢,2024-12-10,9285
3484,崧騰,30,1,29,凱基-中壢,2024-12-10,9285
00881,國泰台灣5G+,28,0,28,凱基-中壢,2024-12-10,9285
2905,三商,28,0,28,凱基-中壢,2024-12-10,9285
1326,台化,38,13,25,凱基-中壢,2024-12-10,9285
00725B,國泰投資級公司債,21,1,20,凱基-中壢,2024-12-10,9285
2485,兆赫,20,0,20,凱基-中壢,2024-12-10,9285
8064,東捷,20,0,20,凱基-中壢,2024-12-10,9285
9105,泰金寶-DR,26,7,19,凱基-中壢,2024-12-10,9285
6937,天虹,21,2,19,凱基-中壢,2024-12-10,9285
2303,聯電,19,1,18,凱基-中壢,2024-12-10,9285
1303,南亞,18,2,16,凱基-中壢,2024-12-10,9285
4967,十銓,19,3,16,凱基-中壢,2024-12-10,9285
2355,敬鵬,16,0,16,凱基-中壢,2024-12-10,9285
8111,立��,24,9,15,凱基-中壢,2024-12-10,9285
6282,康舒,14,0,14,凱基-中壢,2024-12-10,9285
6155,鈞寶,13,0,13,凱基-中壢,2024-12-10,9285
2354,鴻準,69,57,12,凱基-中壢,2024-12-10,9285
00924,復華S＆P500成長,12,0,12,凱基-中壢,2024-12-10,9285
2603,長榮,36,24,12,凱基-中壢,2024-12-10,9285
2344,華邦電,17,5,12,凱基-中壢,2024-12-10,9285
4414,如興,12,0,12,凱基-中壢,2024-12-10,9285
6535,順藥,12,0,12,凱基-中壢,2024-12-10,9285
6684,安格,28,16,12,凱基-中壢,2024-12-10,9285
2883,凱基金,20,9,11,凱基-中壢,2024-12-10,9285
6829,千附精密,15,4,11,凱基-中壢,2024-12-10,9285
2426,鼎元,13,2,11,凱基-中壢,2024-12-10,9285
2615,萬海,17,6,11,凱基-中壢,2024-12-10,9285
2609,陽明,106,95,11,凱基-中壢,2024-12-10,9285
2530,華建,10,0,10,凱基-中壢,2024-12-10,9285
1101,台泥,18,8,10,凱基-中壢,2024-12-10,9285
00637L,元大滬深300正2,257,7,250,凱基-中壢,2024-12-11,9285
00919,群益台灣精選高息,244,13,231,凱基-中壢,2024-12-11,9285
00650L,復華香港正2,187,0,187,凱基-中壢,2024-12-11,9285
00950B,凱基A級公司債,182,0,182,凱基-中壢,2024-12-11,9285
00918,大華優利高填息30,156,0,156,凱基-中壢,2024-12-11,9285
3024,憶聲,134,7,127,凱基-中壢,2024-12-11,9285
00915,凱基優選高股息30,71,4,67,凱基-中壢,2024-12-11,9285
5371,中光電,99,33,66,凱基-中壢,2024-12-11,9285
2303,聯電,85,25,60,凱基-中壢,2024-12-11,9285
00712,復華富時不動產,68,11,57,凱基-中壢,2024-12-11,9285
00679B,元大美債20年,60,5,55,凱基-中壢,2024-12-11,9285
0056,元大高股息,55,5,50,凱基-中壢,2024-12-11,9285
00878,國泰永續高股息,56,11,45,凱基-中壢,2024-12-11,9285
00905,FT臺灣Smart,45,0,45,凱基-中壢,2024-12-11,9285
2317,鴻海,71,35,36,凱基-中壢,2024-12-11,9285
4991,環宇-KY,52,19,33,凱基-中壢,2024-12-11,9285
6108,競國,32,0,32,凱基-中壢,2024-12-11,9285
3234,光環,35,4,31,凱基-中壢,2024-12-11,9285
2344,華邦電,58,27,31,凱基-中壢,2024-12-11,9285
00753L,中信中國50正2,70,41,29,凱基-中壢,2024-12-11,9285
9105,泰金寶-DR,35,6,29,凱基-中壢,2024-12-11,9285
1314,中石化,28,0,28,凱基-中壢,2024-12-11,9285
2408,南亞科,41,13,28,凱基-中壢,2024-12-11,9285
2349,錸德,24,0,24,凱基-中壢,2024-12-11,9285
4716,大立,27,3,24,凱基-中壢,2024-12-11,9285
3593,力銘,22,0,22,凱基-中壢,2024-12-11,9285
2606,裕民,21,0,21,凱基-中壢,2024-12-11,9285
6770,力積電,75,54,21,凱基-中壢,2024-12-11,9285
5425,台半,21,1,20,凱基-中壢,2024-12-11,9285
00920,富邦ESG綠色電力,20,0,20,凱基-中壢,2024-12-11,9285
3706,神達,101,82,19,凱基-中壢,2024-12-11,9285
4931,新盛力,39,21,18,凱基-中壢,2024-12-11,9285
2392,正崴,19,2,17,凱基-中壢,2024-12-11,9285
5907,大洋-KY,25,9,16,凱基-中壢,2024-12-11,9285
3231,緯創,16,0,16,凱基-中壢,2024-12-11,9285
00642U,期元大S＆P石油,15,0,15,凱基-中壢,2024-12-11,9285
5871,中租-KY,14,0,14,凱基-中壢,2024-12-11,9285
2388,威盛,39,25,14,凱基-中壢,2024-12-11,9285
00887,永豐中國科技50大,20,6,14,凱基-中壢,2024-12-11,9285
1540,喬福,15,1,14,凱基-中壢,2024-12-11,9285
00633L,富邦上証正2,17,3,14,凱基-中壢,2024-12-11,9285
4510,高鋒,19,5,14,凱基-中壢,2024-12-11,9285
00937B,群益ESG投等債20,29,15,14,凱基-中壢,2024-12-11,9285
3062,建漢,13,0,13,凱基-中壢,2024-12-11,9285
8027,鈦昇,13,0,13,凱基-中壢,2024-12-11,9285
2867,三商壽,15,2,13,凱基-中壢,2024-12-11,9285
006208,富邦台50,14,2,12,凱基-中壢,2024-12-11,9285
2002,中鋼,14,2,12,凱基-中壢,2024-12-11,9285
3704,合勤控,12,0,12,凱基-中壢,2024-12-11,9285
4953,緯軟,22,10,12,凱基-中壢,2024-12-11,9285
00937B,群益ESG投等債20,260,16,244,凱基-中壢,2024-12-12,9285
2888,新光金,150,14,136,凱基-中壢,2024-12-12,9285
00673R,期元大S＆P原油反1,125,0,125,凱基-中壢,2024-12-12,9285
00687B,國泰20年美債,122,4,118,凱基-中壢,2024-12-12,9285
00679B,元大美債20年,73,0,73,凱基-中壢,2024-12-12,9285
00933B,國泰10Y+金融債,73,0,73,凱基-中壢,2024-12-12,9285
1815,富喬,94,24,70,凱基-中壢,2024-12-12,9285
1301,台塑,98,34,64,凱基-中壢,2024-12-12,9285
2317,鴻海,77,17,60,凱基-中壢,2024-12-12,9285
2887,台新金,51,3,48,凱基-中壢,2024-12-12,9285
2359,所羅門,60,15,45,凱基-中壢,2024-12-12,9285
00948B,中信優息投資級債,60,15,45,凱基-中壢,2024-12-12,9285
6962,ITH-KY,43,0,43,凱基-中壢,2024-12-12,9285
00918,大華優利高填息30,42,0,42,凱基-中壢,2024-12-12,9285
3049,精金,40,0,40,凱基-中壢,2024-12-12,9285
6108,競國,36,5,31,凱基-中壢,2024-12-12,9285
3032,偉訓,34,5,29,凱基-中壢,2024-12-12,9285
2303,聯電,60,33,27,凱基-中壢,2024-12-12,9285
3029,零壹,46,19,27,凱基-中壢,2024-12-12,9285
2002,中鋼,23,0,23,凱基-中壢,2024-12-12,9285
00878,國泰永續高股息,41,19,22,凱基-中壢,2024-12-12,9285
2606,裕民,22,0,22,凱基-中壢,2024-12-12,9285
4571,鈞興-KY,24,2,22,凱基-中壢,2024-12-12,9285
8163,達方,21,0,21,凱基-中壢,2024-12-12,9285
1413,宏洲,20,0,20,凱基-中壢,2024-12-12,9285
00712,復華富時不動產,31,11,20,凱基-中壢,2024-12-12,9285
6854,錼創科技-KY創,20,0,20,凱基-中壢,2024-12-12,9285
1326,台化,19,0,19,凱基-中壢,2024-12-12,9285
1517,利奇,22,3,19,凱基-中壢,2024-12-12,9285
8011,台通,20,2,18,凱基-中壢,2024-12-12,9285
00919,群益台灣精選高息,64,47,17,凱基-中壢,2024-12-12,9285
6274,台燿,43,27,16,凱基-中壢,2024-12-12,9285
00713,元大台灣高息低波,16,0,16,凱基-中壢,2024-12-12,9285
4977,眾達-KY,37,21,16,凱基-中壢,2024-12-12,9285
6282,康舒,16,0,16,凱基-中壢,2024-12-12,9285
2464,盟立,20,4,16,凱基-中壢,2024-12-12,9285
0056,元大高股息,17,1,16,凱基-中壢,2024-12-12,9285
1321,大洋,15,0,15,凱基-中壢,2024-12-12,9285
3594,磐儀,16,1,15,凱基-中壢,2024-12-12,9285
1802,台玻,19,4,15,凱基-中壢,2024-12-12,9285
2867,三商壽,16,1,15,凱基-中壢,2024-12-12,9285
00795B,中信美國公債20年,13,0,13,凱基-中壢,2024-12-12,9285
4909,新復興,17,4,13,凱基-中壢,2024-12-12,9285
6770,力積電,25,12,13,凱基-中壢,2024-12-12,9285
2312,金寶,37,26,11,凱基-中壢,2024-12-12,9285
2520,冠德,11,0,11,凱基-中壢,2024-12-12,9285
4510,高鋒,70,59,11,凱基-中壢,2024-12-12,9285
4968,立積,12,1,11,凱基-中壢,2024-12-12,9285
6558,興能高,24,14,10,凱基-中壢,2024-12-12,9285
00962,台新AI優息動能,10,0,10,凱基-中壢,2024-12-12,9285
00637L,元大滬深300正2,396,76,320,凱基-中壢,2024-12-13,9285
00650L,復華香港正2,230,0,230,凱基-中壢,2024-12-13,9285
9951,皇田,219,0,219,凱基-中壢,2024-12-13,9285
1314,中石化,216,1,215,凱基-中壢,2024-12-13,9285
00918,大華優利高填息30,118,2,116,凱基-中壢,2024-12-13,9285
00933B,國泰10Y+金融債,100,0,100,凱基-中壢,2024-12-13,9285
00915,凱基優選高股息30,96,6,90,凱基-中壢,2024-12-13,9285
00946,群益科技高息成長,104,20,84,凱基-中壢,2024-12-13,9285
00919,群益台灣精選高息,94,13,81,凱基-中壢,2024-12-13,9285
0056,元大高股息,82,1,81,凱基-中壢,2024-12-13,9285
00679B,元大美債20年,79,4,75,凱基-中壢,2024-12-13,9285
00665L,富邦�琤肭磪囓�2,69,2,67,凱基-中壢,2024-12-13,9285
00940,元大台灣價值高息,66,0,66,凱基-中壢,2024-12-13,9285
2355,敬鵬,62,3,59,凱基-中壢,2024-12-13,9285
00878,國泰永續高股息,75,19,56,凱基-中壢,2024-12-13,9285
00937B,群益ESG投等債20,75,20,55,凱基-中壢,2024-12-13,9285
00687B,國泰20年美債,56,5,51,凱基-中壢,2024-12-13,9285
3231,緯創,50,4,46,凱基-中壢,2024-12-13,9285
00752,中信中國50,42,0,42,凱基-中壢,2024-12-13,9285
1444,力麗,40,0,40,凱基-中壢,2024-12-13,9285
00900,富邦特選高股息30,51,12,39,凱基-中壢,2024-12-13,9285
2408,南亞科,38,0,38,凱基-中壢,2024-12-13,9285
5439,高技,30,4,26,凱基-中壢,2024-12-13,9285
3024,憶聲,31,5,26,凱基-中壢,2024-12-13,9285
2317,鴻海,58,33,25,凱基-中壢,2024-12-13,9285
2328,廣宇,32,7,25,凱基-中壢,2024-12-13,9285
00713,元大台灣高息低波,24,0,24,凱基-中壢,2024-12-13,9285
3037,欣興,31,8,23,凱基-中壢,2024-12-13,9285
2374,佳能,35,13,22,凱基-中壢,2024-12-13,9285
00753L,中信中國50正2,41,20,21,凱基-中壢,2024-12-13,9285
3450,聯鈞,55,35,20,凱基-中壢,2024-12-13,9285
00968B,元大優息投等債,20,0,20,凱基-中壢,2024-12-13,9285
8096,擎亞,21,1,20,凱基-中壢,2024-12-13,9285
912000,晨訊科-DR,20,0,20,凱基-中壢,2024-12-13,9285
4906,正文,23,4,19,凱基-中壢,2024-12-13,9285
6757,台灣虎航,30,11,19,凱基-中壢,2024-12-13,9285
2027,大成鋼,21,2,19,凱基-中壢,2024-12-13,9285
00712,復華富時不動產,19,1,18,凱基-中壢,2024-12-13,9285
3296,勝德,25,7,18,凱基-中壢,2024-12-13,9285
5871,中租-KY,19,1,18,凱基-中壢,2024-12-13,9285
2520,冠德,21,4,17,凱基-中壢,2024-12-13,9285
3032,偉訓,17,1,16,凱基-中壢,2024-12-13,9285
4120,友華,17,1,16,凱基-中壢,2024-12-13,9285
6116,彩晶,17,1,16,凱基-中壢,2024-12-13,9285
2890,永豐金,16,0,16,凱基-中壢,2024-12-13,9285
1605,華新,15,0,15,凱基-中壢,2024-12-13,9285
3011,今皓,16,1,15,凱基-中壢,2024-12-13,9285
2354,鴻準,62,48,14,凱基-中壢,2024-12-13,9285
00926,凱基全球菁英55,14,0,14,凱基-中壢,2024-12-13,9285
6153,嘉聯益,14,0,14,凱基-中壢,2024-12-13,9285
9105,泰金寶-DR,464,65,399,凱基-中壢,2024-12-16,9285
00919,群益台灣精選高息,200,6,194,凱基-中壢,2024-12-16,9285
00918,大華優利高填息30,242,60,182,凱基-中壢,2024-12-16,9285
00948B,中信優息投資級債,173,0,173,凱基-中壢,2024-12-16,9285
00687B,國泰20年美債,145,12,133,凱基-中壢,2024-12-16,9285
00673R,期元大S＆P原油反1,115,0,115,凱基-中壢,2024-12-16,9285
1314,中石化,103,0,103,凱基-中壢,2024-12-16,9285
00960,野村全球航運龍頭,100,0,100,凱基-中壢,2024-12-16,9285
00915,凱基優選高股息30,102,8,94,凱基-中壢,2024-12-16,9285
1815,富喬,119,28,91,凱基-中壢,2024-12-16,9285
6143,振曜,86,0,86,凱基-中壢,2024-12-16,9285
2609,陽明,111,26,85,凱基-中壢,2024-12-16,9285
00945B,凱基美國非投等債,84,0,84,凱基-中壢,2024-12-16,9285
4716,大立,80,1,79,凱基-中壢,2024-12-16,9285
00940,元大台灣價值高息,84,9,75,凱基-中壢,2024-12-16,9285
2408,南亞科,76,5,71,凱基-中壢,2024-12-16,9285
00953B,群益優選非投等債,117,63,54,凱基-中壢,2024-12-16,9285
0056,元大高股息,68,15,53,凱基-中壢,2024-12-16,9285
00910,第一金太空衛星,50,0,50,凱基-中壢,2024-12-16,9285
00905,FT臺灣Smart,50,0,50,凱基-中壢,2024-12-16,9285
6962,ITH-KY,51,2,49,凱基-中壢,2024-12-16,9285
2486,一詮,76,30,46,凱基-中壢,2024-12-16,9285
4991,環宇-KY,48,3,45,凱基-中壢,2024-12-16,9285
00665L,富邦�琤肭磪囓�2,42,2,40,凱基-中壢,2024-12-16,9285
2615,萬海,53,19,34,凱基-中壢,2024-12-16,9285
2542,興富發,33,0,33,凱基-中壢,2024-12-16,9285
1310,台苯,35,2,33,凱基-中壢,2024-12-16,9285
3706,神達,85,54,31,凱基-中壢,2024-12-16,9285
00878,國泰永續高股息,64,33,31,凱基-中壢,2024-12-16,9285
6104,創惟,30,1,29,凱基-中壢,2024-12-16,9285
4510,高鋒,32,4,28,凱基-中壢,2024-12-16,9285
1802,台玻,28,0,28,凱基-中壢,2024-12-16,9285
6108,競國,29,2,27,凱基-中壢,2024-12-16,9285
00706L,期元大S＆P日圓正2,26,0,26,凱基-中壢,2024-12-16,9285
6558,興能高,45,19,26,凱基-中壢,2024-12-16,9285
3231,緯創,45,20,25,凱基-中壢,2024-12-16,9285
2344,華邦電,50,29,21,凱基-中壢,2024-12-16,9285
5381,合正,20,0,20,凱基-中壢,2024-12-16,9285
3003,健和興,21,1,20,凱基-中壢,2024-12-16,9285
00751B,元大AAA至A公司債,19,0,19,凱基-中壢,2024-12-16,9285
4931,新盛力,52,33,19,凱基-中壢,2024-12-16,9285
3037,欣興,23,4,19,凱基-中壢,2024-12-16,9285
3062,建漢,22,4,18,凱基-中壢,2024-12-16,9285
9951,皇田,18,0,18,凱基-中壢,2024-12-16,9285
3622,洋華,19,1,18,凱基-中壢,2024-12-16,9285
00952,凱基台灣AI50,17,0,17,凱基-中壢,2024-12-16,9285
2929,淘帝-KY,21,5,16,凱基-中壢,2024-12-16,9285
2449,京元電子,41,25,16,凱基-中壢,2024-12-16,9285
6282,康舒,15,0,15,凱基-中壢,2024-12-16,9285
3296,勝德,21,6,15,凱基-中壢,2024-12-16,9285
00650L,復華香港正2,138,0,138,凱基-中壢,2024-12-17,9285
00937B,群益ESG投等債20,118,0,118,凱基-中壢,2024-12-17,9285
1314,中石化,123,9,114,凱基-中壢,2024-12-17,9285
00918,大華優利高填息30,105,0,105,凱基-中壢,2024-12-17,9285
00915,凱基優選高股息30,114,10,104,凱基-中壢,2024-12-17,9285
2401,凌陽,100,0,100,凱基-中壢,2024-12-17,9285
2323,中環,70,0,70,凱基-中壢,2024-12-17,9285
00712,復華富時不動產,64,2,62,凱基-中壢,2024-12-17,9285
00687B,國泰20年美債,59,5,54,凱基-中壢,2024-12-17,9285
00665L,富邦�琤肭磪囓�2,54,0,54,凱基-中壢,2024-12-17,9285
2888,新光金,50,0,50,凱基-中壢,2024-12-17,9285
00959B,大華投等美債15Y+,50,0,50,凱基-中壢,2024-12-17,9285
2344,華邦電,60,14,46,凱基-中壢,2024-12-17,9285
2317,鴻海,66,22,44,凱基-中壢,2024-12-17,9285
00713,元大台灣高息低波,32,0,32,凱基-中壢,2024-12-17,9285
6923,中台,30,0,30,凱基-中壢,2024-12-17,9285
0056,元大高股息,44,15,29,凱基-中壢,2024-12-17,9285
00715L,期街口布蘭特正2,31,3,28,凱基-中壢,2024-12-17,9285
00922,國泰台灣領袖50,30,3,27,凱基-中壢,2024-12-17,9285
2883,凱基金,30,4,26,凱基-中壢,2024-12-17,9285
2504,國產,26,0,26,凱基-中壢,2024-12-17,9285
2002,中鋼,32,6,26,凱基-中壢,2024-12-17,9285
2542,興富發,26,1,25,凱基-中壢,2024-12-17,9285
2610,華航,38,13,25,凱基-中壢,2024-12-17,9285
2464,盟立,29,5,24,凱基-中壢,2024-12-17,9285
00945B,凱基美國非投等債,46,22,24,凱基-中壢,2024-12-17,9285
00679B,元大美債20年,25,1,24,凱基-中壢,2024-12-17,9285
2303,聯電,77,54,23,凱基-中壢,2024-12-17,9285
5880,合庫金,23,0,23,凱基-中壢,2024-12-17,9285
2834,臺企銀,23,0,23,凱基-中壢,2024-12-17,9285
1605,華新,23,1,22,凱基-中壢,2024-12-17,9285
3712,永崴投控,23,2,21,凱基-中壢,2024-12-17,9285
00963,中信全球高股息,21,0,21,凱基-中壢,2024-12-17,9285
5438,東友,28,8,20,凱基-中壢,2024-12-17,9285
00676R,富邦臺灣加權反1,20,0,20,凱基-中壢,2024-12-17,9285
2527,宏璟,20,0,20,凱基-中壢,2024-12-17,9285
3481,群創,64,46,18,凱基-中壢,2024-12-17,9285
2374,佳能,113,96,17,凱基-中壢,2024-12-17,9285
00753L,中信中國50正2,18,1,17,凱基-中壢,2024-12-17,9285
3032,偉訓,19,2,17,凱基-中壢,2024-12-17,9285
3594,磐儀,15,0,15,凱基-中壢,2024-12-17,9285
6234,高僑,15,0,15,凱基-中壢,2024-12-17,9285
1326,台化,18,4,14,凱基-中壢,2024-12-17,9285
2801,彰銀,19,5,14,凱基-中壢,2024-12-17,9285
6770,力積電,25,11,14,凱基-中壢,2024-12-17,9285
6547,高端疫苗,13,0,13,凱基-中壢,2024-12-17,9285
3015,全漢,13,0,13,凱基-中壢,2024-12-17,9285
2882,國泰金,12,0,12,凱基-中壢,2024-12-17,9285
00946,群益科技高息成長,20,8,12,凱基-中壢,2024-12-17,9285
2409,友達,13,1,12,凱基-中壢,2024-12-17,9285
00688L,國泰20年美債正2,533,68,465,凱基-中壢,2024-12-18,9285
9105,泰金寶-DR,631,270,361,凱基-中壢,2024-12-18,9285
00637L,元大滬深300正2,405,108,297,凱基-中壢,2024-12-18,9285
00918,大華優利高填息30,297,62,235,凱基-中壢,2024-12-18,9285
2888,新光金,152,1,151,凱基-中壢,2024-12-18,9285
1314,中石化,119,2,117,凱基-中壢,2024-12-18,9285
00937B,群益ESG投等債20,107,0,107,凱基-中壢,2024-12-18,9285
2313,華通,217,136,81,凱基-中壢,2024-12-18,9285
1303,南亞,81,20,61,凱基-中壢,2024-12-18,9285
8249,菱光,137,78,59,凱基-中壢,2024-12-18,9285
00900,富邦特選高股息30,58,0,58,凱基-中壢,2024-12-18,9285
6143,振曜,50,0,50,凱基-中壢,2024-12-18,9285
00919,群益台灣精選高息,102,53,49,凱基-中壢,2024-12-18,9285
00959B,大華投等美債15Y+,48,0,48,凱基-中壢,2024-12-18,9285
2303,聯電,65,20,45,凱基-中壢,2024-12-18,9285
00676R,富邦臺灣加權反1,60,20,40,凱基-中壢,2024-12-18,9285
3041,揚智,95,56,39,凱基-中壢,2024-12-18,9285
2408,南亞科,48,9,39,凱基-中壢,2024-12-18,9285
2495,普安,37,0,37,凱基-中壢,2024-12-18,9285
00706L,期元大S＆P日圓正2,37,0,37,凱基-中壢,2024-12-18,9285
2618,長榮航,58,22,36,凱基-中壢,2024-12-18,9285
00950B,凱基A級公司債,36,0,36,凱基-中壢,2024-12-18,9285
3481,群創,35,0,35,凱基-中壢,2024-12-18,9285
6108,競國,36,1,35,凱基-中壢,2024-12-18,9285
0056,元大高股息,63,29,34,凱基-中壢,2024-12-18,9285
6854,錼創科技-KY創,28,0,28,凱基-中壢,2024-12-18,9285
4974,亞泰,48,23,25,凱基-中壢,2024-12-18,9285
6282,康舒,25,0,25,凱基-中壢,2024-12-18,9285
2344,華邦電,32,9,23,凱基-中壢,2024-12-18,9285
00715L,期街口布蘭特正2,30,7,23,凱基-中壢,2024-12-18,9285
00751B,元大AAA至A公司債,22,0,22,凱基-中壢,2024-12-18,9285
2882,國泰金,21,0,21,凱基-中壢,2024-12-18,9285
1597,直得,27,6,21,凱基-中壢,2024-12-18,9285
00946,群益科技高息成長,21,0,21,凱基-中壢,2024-12-18,9285
00679B,元大美債20年,31,10,21,凱基-中壢,2024-12-18,9285
00639,富邦深100,20,0,20,凱基-中壢,2024-12-18,9285
4714,永捷,20,0,20,凱基-中壢,2024-12-18,9285
912000,晨訊科-DR,25,5,20,凱基-中壢,2024-12-18,9285
5530,龍巖,19,0,19,凱基-中壢,2024-12-18,9285
4979,華星光,30,11,19,凱基-中壢,2024-12-18,9285
2354,鴻準,22,4,18,凱基-中壢,2024-12-18,9285
00945B,凱基美國非投等債,28,12,16,凱基-中壢,2024-12-18,9285
5244,弘凱,16,0,16,凱基-中壢,2024-12-18,9285
2367,燿華,15,0,15,凱基-中壢,2024-12-18,9285
2637,慧洋-KY,15,0,15,凱基-中壢,2024-12-18,9285
00708L,期元大S＆P黃金正2,15,0,15,凱基-中壢,2024-12-18,9285
00968B,元大優息投等債,15,0,15,凱基-中壢,2024-12-18,9285
2002,中鋼,16,1,15,凱基-中壢,2024-12-18,9285
8112,至上,14,0,14,凱基-中壢,2024-12-18,9285
4303,信立,27,13,14,凱基-中壢,2024-12-18,9285
00753L,中信中國50正2,1829,0,1829,凱基-中壢,2024-12-19,9285
00918,大華優利高填息30,462,0,462,凱基-中壢,2024-12-19,9285
00712,復華富時不動產,255,0,255,凱基-中壢,2024-12-19,9285
00688L,國泰20年美債正2,288,40,248,凱基-中壢,2024-12-19,9285
00937B,群益ESG投等債20,260,15,245,凱基-中壢,2024-12-19,9285
2515,中工,230,0,230,凱基-中壢,2024-12-19,9285
1718,中纖,227,0,227,凱基-中壢,2024-12-19,9285
00950B,凱基A級公司債,211,0,211,凱基-中壢,2024-12-19,9285
2888,新光金,147,1,146,凱基-中壢,2024-12-19,9285
00919,群益台灣精選高息,173,54,119,凱基-中壢,2024-12-19,9285
00893,國泰智能電動車,116,0,116,凱基-中壢,2024-12-19,9285
1314,中石化,112,3,109,凱基-中壢,2024-12-19,9285
2834,臺企銀,108,6,102,凱基-中壢,2024-12-19,9285
00650L,復華香港正2,102,0,102,凱基-中壢,2024-12-19,9285
00878,國泰永續高股息,91,7,84,凱基-中壢,2024-12-19,9285
00948B,中信優息投資級債,110,30,80,凱基-中壢,2024-12-19,9285
00679B,元大美債20年,88,14,74,凱基-中壢,2024-12-19,9285
2317,鴻海,76,14,62,凱基-中壢,2024-12-19,9285
00687B,國泰20年美債,61,6,55,凱基-中壢,2024-12-19,9285
1434,福懋,50,0,50,凱基-中壢,2024-12-19,9285
2880,華南金,49,0,49,凱基-中壢,2024-12-19,9285
00959B,大華投等美債15Y+,45,3,42,凱基-中壢,2024-12-19,9285
00751B,元大AAA至A公司債,37,1,36,凱基-中壢,2024-12-19,9285
00752,中信中國50,36,0,36,凱基-中壢,2024-12-19,9285
4931,新盛力,114,79,35,凱基-中壢,2024-12-19,9285
6962,ITH-KY,39,5,34,凱基-中壢,2024-12-19,9285
2303,聯電,66,32,34,凱基-中壢,2024-12-19,9285
0056,元大高股息,40,7,33,凱基-中壢,2024-12-19,9285
6770,力積電,34,1,33,凱基-中壢,2024-12-19,9285
00665L,富邦�琤肭磪囓�2,33,0,33,凱基-中壢,2024-12-19,9285
00706L,期元大S＆P日圓正2,33,0,33,凱基-中壢,2024-12-19,9285
2408,南亞科,51,21,30,凱基-中壢,2024-12-19,9285
006208,富邦台50,30,1,29,凱基-中壢,2024-12-19,9285
00915,凱基優選高股息30,74,45,29,凱基-中壢,2024-12-19,9285
5351,鈺創,27,0,27,凱基-中壢,2024-12-19,9285
2374,佳能,164,137,27,凱基-中壢,2024-12-19,9285
0050,元大台灣50,27,1,26,凱基-中壢,2024-12-19,9285
2606,裕民,25,0,25,凱基-中壢,2024-12-19,9285
00926,凱基全球菁英55,25,0,25,凱基-中壢,2024-12-19,9285
00905,FT臺灣Smart,26,2,24,凱基-中壢,2024-12-19,9285
1519,華城,27,3,24,凱基-中壢,2024-12-19,9285
6188,廣明,37,14,23,凱基-中壢,2024-12-19,9285
2883,凱基金,78,57,21,凱基-中壢,2024-12-19,9285
3231,緯創,35,15,20,凱基-中壢,2024-12-19,9285
2409,友達,21,0,21,凱基-中壢,2024-12-19,9285
6838,台新藥,20,0,20,凱基-中壢,2024-12-19,9285
00857B,永豐20年美公債,20,0,20,凱基-中壢,2024-12-19,9285
8163,達方,20,0,20,凱基-中壢,2024-12-19,9285
2892,第一金,21,2,19,凱基-中壢,2024-12-19,9285
2002,中鋼,28,9,19,凱基-中壢,2024-12-19,9285
