Ticker,Name,buy,sell,diff,Branch,Date,Branch_Code
4167,松瑞藥,67,10,57,凱基-埔墘,2023-01-03,9288
00632R,元大台灣50反1,32,0,32,凱基-埔墘,2023-01-03,9288
2201,裕隆,31,10,21,凱基-埔墘,2023-01-03,9288
00641R,富邦日本反1,20,0,20,凱基-埔墘,2023-01-03,9288
2425,承啟,20,0,20,凱基-埔墘,2023-01-03,9288
4114,健喬,15,3,12,凱基-埔墘,2023-01-03,9288
2317,鴻海,16,5,11,凱基-埔墘,2023-01-03,9288
1528,恩德,10,0,10,凱基-埔墘,2023-01-03,9288
00720B,元大投資級公司債,10,0,10,凱基-埔墘,2023-01-03,9288
4510,高鋒,10,0,10,凱基-埔墘,2023-01-03,9288
8171,天宇,21,11,10,凱基-埔墘,2023-01-03,9288
1305,華夏,10,1,9,凱基-埔墘,2023-01-03,9288
00665L,富邦�琤肭磪囓�2,13,4,9,凱基-埔墘,2023-01-03,9288
00878,國泰永續高股息,8,0,8,凱基-埔墘,2023-01-03,9288
6205,詮欣,8,0,8,凱基-埔墘,2023-01-03,9288
2609,陽明,7,0,7,凱基-埔墘,2023-01-03,9288
1531,高林股,6,0,6,凱基-埔墘,2023-01-03,9288
2867,三商壽,6,0,6,凱基-埔墘,2023-01-03,9288
2897,王道銀行,5,0,5,凱基-埔墘,2023-01-03,9288
4102,永日,5,0,5,凱基-埔墘,2023-01-03,9288
6282,康舒,10,5,5,凱基-埔墘,2023-01-03,9288
00637L,元大滬深300正2,13,9,4,凱基-埔墘,2023-01-03,9288
2014,中鴻,4,0,4,凱基-埔墘,2023-01-03,9288
2344,華邦電,6,2,4,凱基-埔墘,2023-01-03,9288
2363,矽統,4,0,4,凱基-埔墘,2023-01-03,9288
2399,映泰,5,1,4,凱基-埔墘,2023-01-03,9288
2887,台新金,4,0,4,凱基-埔墘,2023-01-03,9288
3346,麗清,4,0,4,凱基-埔墘,2023-01-03,9288
3504,揚明光,4,0,4,凱基-埔墘,2023-01-03,9288
9906,欣巴巴,4,0,4,凱基-埔墘,2023-01-03,9288
1707,葡萄王,3,0,3,凱基-埔墘,2023-01-03,9288
00706L,期元大S＆P日圓正2,3,0,3,凱基-埔墘,2023-01-03,9288
2382,廣達,4,1,3,凱基-埔墘,2023-01-03,9288
2481,強茂,3,0,3,凱基-埔墘,2023-01-03,9288
3532,台勝科,6,3,3,凱基-埔墘,2023-01-03,9288
0050,元大台灣50,2,0,2,凱基-埔墘,2023-01-03,9288
1447,力鵬,2,0,2,凱基-埔墘,2023-01-03,9288
00752,中信中國50,2,0,2,凱基-埔墘,2023-01-03,9288
00650L,復華香港正2,15,13,2,凱基-埔墘,2023-01-03,9288
1712,興農,2,0,2,凱基-埔墘,2023-01-03,9288
1795,美時,7,5,2,凱基-埔墘,2023-01-03,9288
1718,中纖,4,2,2,凱基-埔墘,2023-01-03,9288
1605,華新,27,25,2,凱基-埔墘,2023-01-03,9288
2480,敦陽科,2,0,2,凱基-埔墘,2023-01-03,9288
2615,萬海,7,5,2,凱基-埔墘,2023-01-03,9288
2634,漢翔,7,5,2,凱基-埔墘,2023-01-03,9288
2855,統一證,2,0,2,凱基-埔墘,2023-01-03,9288
2889,國票金,2,0,2,凱基-埔墘,2023-01-03,9288
3356,奇偶,2,0,2,凱基-埔墘,2023-01-03,9288
3693,營邦,2,0,2,凱基-埔墘,2023-01-03,9288
6282,康舒,50,10,40,凱基-埔墘,2023-01-04,9288
00715L,期街口布蘭特正2,33,0,33,凱基-埔墘,2023-01-04,9288
1609,大亞,22,5,17,凱基-埔墘,2023-01-04,9288
2239,英利-KY,16,0,16,凱基-埔墘,2023-01-04,9288
2388,威盛,26,10,16,凱基-埔墘,2023-01-04,9288
2618,長榮航,20,5,15,凱基-埔墘,2023-01-04,9288
2637,慧洋-KY,18,4,14,凱基-埔墘,2023-01-04,9288
6806,森崴能源,21,7,14,凱基-埔墘,2023-01-04,9288
00893,國泰智能電動車,12,0,12,凱基-埔墘,2023-01-04,9288
1101,台泥,11,0,11,凱基-埔墘,2023-01-04,9288
00679B,元大美債20年,11,0,11,凱基-埔墘,2023-01-04,9288
1701,中化,10,0,10,凱基-埔墘,2023-01-04,9288
1720,生達,10,0,10,凱基-埔墘,2023-01-04,9288
00632R,元大台灣50反1,10,0,10,凱基-埔墘,2023-01-04,9288
2634,漢翔,17,7,10,凱基-埔墘,2023-01-04,9288
2887,台新金,10,0,10,凱基-埔墘,2023-01-04,9288
2498,宏達電,19,11,8,凱基-埔墘,2023-01-04,9288
3380,明泰,6,0,6,凱基-埔墘,2023-01-04,9288
5284,jpp-KY,12,6,6,凱基-埔墘,2023-01-04,9288
6274,台燿,6,0,6,凱基-埔墘,2023-01-04,9288
6443,元晶,8,2,6,凱基-埔墘,2023-01-04,9288
00651R,復華香港反1,8,3,5,凱基-埔墘,2023-01-04,9288
1605,華新,53,48,5,凱基-埔墘,2023-01-04,9288
2340,台亞,5,0,5,凱基-埔墘,2023-01-04,9288
2615,萬海,6,1,5,凱基-埔墘,2023-01-04,9288
3221,台嘉碩,5,0,5,凱基-埔墘,2023-01-04,9288
4746,台耀,5,0,5,凱基-埔墘,2023-01-04,9288
5388,中磊,5,0,5,凱基-埔墘,2023-01-04,9288
1529,樂事綠能,7,3,4,凱基-埔墘,2023-01-04,9288
0050,元大台灣50,4,0,4,凱基-埔墘,2023-01-04,9288
2609,陽明,4,0,4,凱基-埔墘,2023-01-04,9288
8033,雷虎,5,1,4,凱基-埔墘,2023-01-04,9288
2884,玉山金,4,0,4,凱基-埔墘,2023-01-04,9288
00680L,元大美債20正2,3,0,3,凱基-埔墘,2023-01-04,9288
00878,國泰永續高股息,3,0,3,凱基-埔墘,2023-01-04,9288
2303,聯電,3,0,3,凱基-埔墘,2023-01-04,9288
2614,東森,3,0,3,凱基-埔墘,2023-01-04,9288
2882,國泰金,5,2,3,凱基-埔墘,2023-01-04,9288
2886,兆豐金,5,2,3,凱基-埔墘,2023-01-04,9288
4401,東隆興,3,0,3,凱基-埔墘,2023-01-04,9288
6438,迅得,3,0,3,凱基-埔墘,2023-01-04,9288
8069,元太,10,7,3,凱基-埔墘,2023-01-04,9288
00642U,期元大S＆P石油,2,0,2,凱基-埔墘,2023-01-04,9288
1466,聚隆,2,0,2,凱基-埔墘,2023-01-04,9288
00895,富邦未來車,2,0,2,凱基-埔墘,2023-01-04,9288
2359,所羅門,2,0,2,凱基-埔墘,2023-01-04,9288
2465,麗臺,2,0,2,凱基-埔墘,2023-01-04,9288
2603,長榮,5,3,2,凱基-埔墘,2023-01-04,9288
3037,欣興,3,1,2,凱基-埔墘,2023-01-04,9288
3490,單井,2,0,2,凱基-埔墘,2023-01-04,9288
00669R,國泰美國道瓊反1,100,0,100,凱基-埔墘,2023-01-05,9288
00770,國泰北美科技,50,0,50,凱基-埔墘,2023-01-05,9288
00642U,期元大S＆P石油,44,0,44,凱基-埔墘,2023-01-05,9288
1444,力麗,43,0,43,凱基-埔墘,2023-01-05,9288
2002,中鋼,37,1,36,凱基-埔墘,2023-01-05,9288
2501,國建,35,0,35,凱基-埔墘,2023-01-05,9288
00715L,期街口布蘭特正2,31,0,31,凱基-埔墘,2023-01-05,9288
00632R,元大台灣50反1,30,0,30,凱基-埔墘,2023-01-05,9288
00753L,中信中國50正2,30,0,30,凱基-埔墘,2023-01-05,9288
1609,大亞,22,0,22,凱基-埔墘,2023-01-05,9288
4130,健亞,14,0,14,凱基-埔墘,2023-01-05,9288
6806,森崴能源,13,0,13,凱基-埔墘,2023-01-05,9288
00751B,元大AAA至A公司債,10,0,10,凱基-埔墘,2023-01-05,9288
4950,牧東,10,0,10,凱基-埔墘,2023-01-05,9288
00665L,富邦�琤肭磪囓�2,10,1,9,凱基-埔墘,2023-01-05,9288
2409,友達,7,0,7,凱基-埔墘,2023-01-05,9288
5516,雙喜,7,0,7,凱基-埔墘,2023-01-05,9288
6244,茂迪,7,0,7,凱基-埔墘,2023-01-05,9288
00720B,元大投資級公司債,6,0,6,凱基-埔墘,2023-01-05,9288
2338,光罩,6,0,6,凱基-埔墘,2023-01-05,9288
2344,華邦電,8,2,6,凱基-埔墘,2023-01-05,9288
4931,新盛力,6,0,6,凱基-埔墘,2023-01-05,9288
00738U,期元大道瓊白銀,5,0,5,凱基-埔墘,2023-01-05,9288
00893,國泰智能電動車,5,0,5,凱基-埔墘,2023-01-05,9288
00881,國泰台灣5G+,5,0,5,凱基-埔墘,2023-01-05,9288
00693U,期街口S＆P黃豆,5,0,5,凱基-埔墘,2023-01-05,9288
2419,仲琦,5,0,5,凱基-埔墘,2023-01-05,9288
2317,鴻海,5,1,4,凱基-埔墘,2023-01-05,9288
2882,國泰金,5,1,4,凱基-埔墘,2023-01-05,9288
3272,東碩,64,60,4,凱基-埔墘,2023-01-05,9288
3413,京鼎,4,0,4,凱基-埔墘,2023-01-05,9288
00651R,復華香港反1,3,0,3,凱基-埔墘,2023-01-05,9288
2609,陽明,3,0,3,凱基-埔墘,2023-01-05,9288
5457,宣德,3,0,3,凱基-埔墘,2023-01-05,9288
5347,世界,9,7,2,凱基-埔墘,2023-01-05,9288
2497,怡利電,2,0,2,凱基-埔墘,2023-01-05,9288
3576,聯合再生,2,0,2,凱基-埔墘,2023-01-05,9288
00670L,富邦NASDAQ正2,2,0,2,凱基-埔墘,2023-01-05,9288
1808,潤隆,2,0,2,凱基-埔墘,2023-01-05,9288
2007,燁興,2,0,2,凱基-埔墘,2023-01-05,9288
2313,華通,2,0,2,凱基-埔墘,2023-01-05,9288
2380,虹光,2,0,2,凱基-埔墘,2023-01-05,9288
2615,萬海,2,0,2,凱基-埔墘,2023-01-05,9288
2634,漢翔,2,0,2,凱基-埔墘,2023-01-05,9288
2722,夏都,2,0,2,凱基-埔墘,2023-01-05,9288
3265,台星科,7,5,2,凱基-埔墘,2023-01-05,9288
3691,碩禾,2,0,2,凱基-埔墘,2023-01-05,9288
4171,瑞基,2,0,2,凱基-埔墘,2023-01-05,9288
4401,東隆興,2,0,2,凱基-埔墘,2023-01-05,9288
6235,華孚,2,0,2,凱基-埔墘,2023-01-05,9288
4105,東洋,20,0,20,凱基-埔墘,2023-01-06,9288
4977,眾達-KY,20,0,20,凱基-埔墘,2023-01-06,9288
6806,森崴能源,13,0,13,凱基-埔墘,2023-01-06,9288
00720B,元大投資級公司債,13,1,12,凱基-埔墘,2023-01-06,9288
00662,富邦NASDAQ,10,0,10,凱基-埔墘,2023-01-06,9288
3454,晶睿,10,0,10,凱基-埔墘,2023-01-06,9288
1519,華城,9,0,9,凱基-埔墘,2023-01-06,9288
00895,富邦未來車,7,0,7,凱基-埔墘,2023-01-06,9288
1785,光洋科,6,0,6,凱基-埔墘,2023-01-06,9288
00752,中信中國50,6,0,6,凱基-埔墘,2023-01-06,9288
00893,國泰智能電動車,6,0,6,凱基-埔墘,2023-01-06,9288
3413,京鼎,6,0,6,凱基-埔墘,2023-01-06,9288
3530,晶相光,6,0,6,凱基-埔墘,2023-01-06,9288
00885,富邦越南,5,0,5,凱基-埔墘,2023-01-06,9288
1701,中化,7,2,5,凱基-埔墘,2023-01-06,9288
3466,德晉,5,0,5,凱基-埔墘,2023-01-06,9288
4950,牧東,5,0,5,凱基-埔墘,2023-01-06,9288
6182,合晶,5,0,5,凱基-埔墘,2023-01-06,9288
6271,同欣電,5,0,5,凱基-埔墘,2023-01-06,9288
2317,鴻海,9,4,5,凱基-埔墘,2023-01-06,9288
00637L,元大滬深300正2,5,1,4,凱基-埔墘,2023-01-06,9288
2609,陽明,4,0,4,凱基-埔墘,2023-01-06,9288
4401,東隆興,4,0,4,凱基-埔墘,2023-01-06,9288
00650L,復華香港正2,3,0,3,凱基-埔墘,2023-01-06,9288
2007,燁興,5,2,3,凱基-埔墘,2023-01-06,9288
2498,宏達電,8,5,3,凱基-埔墘,2023-01-06,9288
3162,精確,3,0,3,凱基-埔墘,2023-01-06,9288
3234,光環,3,0,3,凱基-埔墘,2023-01-06,9288
3443,創意,6,3,3,凱基-埔墘,2023-01-06,9288
8046,南電,3,0,3,凱基-埔墘,2023-01-06,9288
8436,大江,4,1,3,凱基-埔墘,2023-01-06,9288
8996,高力,14,12,2,凱基-埔墘,2023-01-06,9288
00706L,期元大S＆P日圓正2,3,1,2,凱基-埔墘,2023-01-06,9288
1752,南光,3,1,2,凱基-埔墘,2023-01-06,9288
2610,華航,4,2,2,凱基-埔墘,2023-01-06,9288
2637,慧洋-KY,5,3,2,凱基-埔墘,2023-01-06,9288
2722,夏都,2,0,2,凱基-埔墘,2023-01-06,9288
2732,六角,2,0,2,凱基-埔墘,2023-01-06,9288
2886,兆豐金,2,0,2,凱基-埔墘,2023-01-06,9288
3508,位速,2,0,2,凱基-埔墘,2023-01-06,9288
3693,營邦,2,0,2,凱基-埔墘,2023-01-06,9288
4142,國光生,2,0,2,凱基-埔墘,2023-01-06,9288
4167,松瑞藥,3,1,2,凱基-埔墘,2023-01-06,9288
4958,臻鼎-KY,2,0,2,凱基-埔墘,2023-01-06,9288
4960,誠美材,2,0,2,凱基-埔墘,2023-01-06,9288
6244,茂迪,2,0,2,凱基-埔墘,2023-01-06,9288
4114,健喬,11,10,1,凱基-埔墘,2023-01-06,9288
2002,中鋼,1,0,1,凱基-埔墘,2023-01-06,9288
1795,美時,1,0,1,凱基-埔墘,2023-01-06,9288
1467,南緯,1,0,1,凱基-埔墘,2023-01-06,9288
4105,東洋,50,1,49,凱基-埔墘,2023-01-09,9288
3231,緯創,41,4,37,凱基-埔墘,2023-01-09,9288
2201,裕隆,68,40,28,凱基-埔墘,2023-01-09,9288
00637L,元大滬深300正2,13,0,13,凱基-埔墘,2023-01-09,9288
3189,景碩,13,2,11,凱基-埔墘,2023-01-09,9288
1560,中砂,10,0,10,凱基-埔墘,2023-01-09,9288
2006,東和鋼鐵,10,0,10,凱基-埔墘,2023-01-09,9288
2367,燿華,10,0,10,凱基-埔墘,2023-01-09,9288
2498,宏達電,12,2,10,凱基-埔墘,2023-01-09,9288
8341,日友,10,0,10,凱基-埔墘,2023-01-09,9288
1717,長興,10,1,9,凱基-埔墘,2023-01-09,9288
00673R,期元大S＆P原油反1,9,0,9,凱基-埔墘,2023-01-09,9288
2634,漢翔,10,1,9,凱基-埔墘,2023-01-09,9288
1503,士電,8,0,8,凱基-埔墘,2023-01-09,9288
5258,虹堡,10,2,8,凱基-埔墘,2023-01-09,9288
00665L,富邦�琤肭磪囓�2,8,1,7,凱基-埔墘,2023-01-09,9288
1909,榮成,8,1,7,凱基-埔墘,2023-01-09,9288
00715L,期街口布蘭特正2,6,0,6,凱基-埔墘,2023-01-09,9288
2328,廣宇,6,0,6,凱基-埔墘,2023-01-09,9288
00885,富邦越南,4,0,4,凱基-埔墘,2023-01-09,9288
1467,南緯,4,0,4,凱基-埔墘,2023-01-09,9288
2014,中鴻,4,0,4,凱基-埔墘,2023-01-09,9288
2241,艾姆勒,4,0,4,凱基-埔墘,2023-01-09,9288
4923,力士,4,0,4,凱基-埔墘,2023-01-09,9288
6806,森崴能源,4,0,4,凱基-埔墘,2023-01-09,9288
1529,樂事綠能,5,1,4,凱基-埔墘,2023-01-09,9288
00893,國泰智能電動車,3,0,3,凱基-埔墘,2023-01-09,9288
00744B,國泰中國政金債5+,3,0,3,凱基-埔墘,2023-01-09,9288
2501,國建,3,0,3,凱基-埔墘,2023-01-09,9288
3027,盛達,3,0,3,凱基-埔墘,2023-01-09,9288
3257,虹冠電,3,0,3,凱基-埔墘,2023-01-09,9288
3715,定穎投控,3,0,3,凱基-埔墘,2023-01-09,9288
6153,嘉聯益,4,1,3,凱基-埔墘,2023-01-09,9288
6552,易華電,3,0,3,凱基-埔墘,2023-01-09,9288
8044,網家,3,0,3,凱基-埔墘,2023-01-09,9288
2317,鴻海,3,1,2,凱基-埔墘,2023-01-09,9288
1718,中纖,2,0,2,凱基-埔墘,2023-01-09,9288
00679B,元大美債20年,2,0,2,凱基-埔墘,2023-01-09,9288
1319,東陽,3,1,2,凱基-埔墘,2023-01-09,9288
1905,華紙,2,0,2,凱基-埔墘,2023-01-09,9288
2465,麗臺,2,0,2,凱基-埔墘,2023-01-09,9288
2615,萬海,4,2,2,凱基-埔墘,2023-01-09,9288
2845,遠東銀,2,0,2,凱基-埔墘,2023-01-09,9288
2851,中再保,2,0,2,凱基-埔墘,2023-01-09,9288
2886,兆豐金,2,0,2,凱基-埔墘,2023-01-09,9288
3218,大學光,2,0,2,凱基-埔墘,2023-01-09,9288
3545,敦泰,2,0,2,凱基-埔墘,2023-01-09,9288
3552,同致,3,1,2,凱基-埔墘,2023-01-09,9288
5351,鈺創,2,0,2,凱基-埔墘,2023-01-09,9288
6215,和椿,4,2,2,凱基-埔墘,2023-01-09,9288
00632R,元大台灣50反1,55,0,55,凱基-埔墘,2023-01-10,9288
3207,耀勝,35,0,35,凱基-埔墘,2023-01-10,9288
4164,承業醫,13,0,13,凱基-埔墘,2023-01-10,9288
00673R,期元大S＆P原油反1,16,6,10,凱基-埔墘,2023-01-10,9288
2607,榮運,10,0,10,凱基-埔墘,2023-01-10,9288
3706,神達,10,0,10,凱基-埔墘,2023-01-10,9288
3034,聯詠,10,0,10,凱基-埔墘,2023-01-10,9288
00753L,中信中國50正2,9,0,9,凱基-埔墘,2023-01-10,9288
1301,台塑,8,0,8,凱基-埔墘,2023-01-10,9288
2338,光罩,7,0,7,凱基-埔墘,2023-01-10,9288
6756,威鋒電子,7,0,7,凱基-埔墘,2023-01-10,9288
2884,玉山金,6,0,6,凱基-埔墘,2023-01-10,9288
1717,長興,6,0,6,凱基-埔墘,2023-01-10,9288
6443,元晶,6,0,6,凱基-埔墘,2023-01-10,9288
00655L,國泰中國A50正2,5,0,5,凱基-埔墘,2023-01-10,9288
00650L,復華香港正2,5,0,5,凱基-埔墘,2023-01-10,9288
00637L,元大滬深300正2,5,0,5,凱基-埔墘,2023-01-10,9288
2230,泰茂,5,0,5,凱基-埔墘,2023-01-10,9288
2358,廷鑫,5,0,5,凱基-埔墘,2023-01-10,9288
2421,建準,5,0,5,凱基-埔墘,2023-01-10,9288
2609,陽明,6,1,5,凱基-埔墘,2023-01-10,9288
2618,長榮航,5,0,5,凱基-埔墘,2023-01-10,9288
2883,凱基金,5,0,5,凱基-埔墘,2023-01-10,9288
3481,群創,5,0,5,凱基-埔墘,2023-01-10,9288
4114,健喬,25,20,5,凱基-埔墘,2023-01-10,9288
6244,茂迪,5,0,5,凱基-埔墘,2023-01-10,9288
1303,南亞,5,1,4,凱基-埔墘,2023-01-10,9288
1736,喬山,4,0,4,凱基-埔墘,2023-01-10,9288
2312,金寶,4,0,4,凱基-埔墘,2023-01-10,9288
2888,新光金,5,1,4,凱基-埔墘,2023-01-10,9288
3049,精金,4,0,4,凱基-埔墘,2023-01-10,9288
1701,中化,3,0,3,凱基-埔墘,2023-01-10,9288
00900,富邦特選高股息30,3,0,3,凱基-埔墘,2023-01-10,9288
00878,國泰永續高股息,11,8,3,凱基-埔墘,2023-01-10,9288
00665L,富邦�琤肭磪囓�2,4,1,3,凱基-埔墘,2023-01-10,9288
2367,燿華,3,0,3,凱基-埔墘,2023-01-10,9288
2409,友達,3,0,3,凱基-埔墘,2023-01-10,9288
2851,中再保,3,0,3,凱基-埔墘,2023-01-10,9288
2867,三商壽,3,0,3,凱基-埔墘,2023-01-10,9288
4931,新盛力,3,0,3,凱基-埔墘,2023-01-10,9288
4977,眾達-KY,3,0,3,凱基-埔墘,2023-01-10,9288
6441,廣錠,3,0,3,凱基-埔墘,2023-01-10,9288
8093,保銳,3,0,3,凱基-埔墘,2023-01-10,9288
6446,藥華藥,2,0,2,凱基-埔墘,2023-01-10,9288
2881,富邦金,2,0,2,凱基-埔墘,2023-01-10,9288
3037,欣興,2,0,2,凱基-埔墘,2023-01-10,9288
00680L,元大美債20正2,2,0,2,凱基-埔墘,2023-01-10,9288
1615,大山,2,0,2,凱基-埔墘,2023-01-10,9288
1565,精華,2,0,2,凱基-埔墘,2023-01-10,9288
1760,寶齡富錦,2,0,2,凱基-埔墘,2023-01-10,9288
2023,燁輝,20,0,20,凱基-埔墘,2023-01-11,9288
4977,眾達-KY,17,0,17,凱基-埔墘,2023-01-11,9288
1701,中化,46,30,16,凱基-埔墘,2023-01-11,9288
2897,王道銀行,45,30,15,凱基-埔墘,2023-01-11,9288
4904,遠傳,15,0,15,凱基-埔墘,2023-01-11,9288
2498,宏達電,18,5,13,凱基-埔墘,2023-01-11,9288
2607,榮運,15,3,12,凱基-埔墘,2023-01-11,9288
1301,台塑,11,1,10,凱基-埔墘,2023-01-11,9288
2444,兆勁,10,0,10,凱基-埔墘,2023-01-11,9288
4164,承業醫,10,0,10,凱基-埔墘,2023-01-11,9288
3034,聯詠,10,0,10,凱基-埔墘,2023-01-11,9288
5284,jpp-KY,10,1,9,凱基-埔墘,2023-01-11,9288
2317,鴻海,9,1,8,凱基-埔墘,2023-01-11,9288
00632R,元大台灣50反1,8,0,8,凱基-埔墘,2023-01-11,9288
3704,合勤控,9,1,8,凱基-埔墘,2023-01-11,9288
6234,高僑,8,0,8,凱基-埔墘,2023-01-11,9288
2324,仁寶,7,0,7,凱基-埔墘,2023-01-11,9288
2615,萬海,8,1,7,凱基-埔墘,2023-01-11,9288
2413,環科,6,0,6,凱基-埔墘,2023-01-11,9288
00900,富邦特選高股息30,5,0,5,凱基-埔墘,2023-01-11,9288
2436,偉詮電,5,0,5,凱基-埔墘,2023-01-11,9288
4162,智擎,5,0,5,凱基-埔墘,2023-01-11,9288
4968,立積,6,1,5,凱基-埔墘,2023-01-11,9288
9938,百和,5,0,5,凱基-埔墘,2023-01-11,9288
2495,普安,6,2,4,凱基-埔墘,2023-01-11,9288
6167,久正,4,0,4,凱基-埔墘,2023-01-11,9288
6576,逸達,4,0,4,凱基-埔墘,2023-01-11,9288
8049,晶采,6,2,4,凱基-埔墘,2023-01-11,9288
2845,遠東銀,4,0,4,凱基-埔墘,2023-01-11,9288
3044,健鼎,3,0,3,凱基-埔墘,2023-01-11,9288
1529,樂事綠能,106,103,3,凱基-埔墘,2023-01-11,9288
2458,義隆,3,0,3,凱基-埔墘,2023-01-11,9288
2468,華經,3,0,3,凱基-埔墘,2023-01-11,9288
2867,三商壽,3,0,3,凱基-埔墘,2023-01-11,9288
3059,華晶科,3,0,3,凱基-埔墘,2023-01-11,9288
6806,森崴能源,3,0,3,凱基-埔墘,2023-01-11,9288
9945,潤泰新,3,0,3,凱基-埔墘,2023-01-11,9288
4743,合一,2,0,2,凱基-埔墘,2023-01-11,9288
00679B,元大美債20年,2,0,2,凱基-埔墘,2023-01-11,9288
1718,中纖,2,0,2,凱基-埔墘,2023-01-11,9288
1560,中砂,9,7,2,凱基-埔墘,2023-01-11,9288
1616,億泰,2,0,2,凱基-埔墘,2023-01-11,9288
2049,上銀,2,0,2,凱基-埔墘,2023-01-11,9288
2323,中環,2,0,2,凱基-埔墘,2023-01-11,9288
2357,華碩,5,3,2,凱基-埔墘,2023-01-11,9288
2368,金像電,2,0,2,凱基-埔墘,2023-01-11,9288
2455,全新,2,0,2,凱基-埔墘,2023-01-11,9288
3141,晶宏,3,1,2,凱基-埔墘,2023-01-11,9288
3162,精確,2,0,2,凱基-埔墘,2023-01-11,9288
3380,明泰,8,6,2,凱基-埔墘,2023-01-11,9288
00753L,中信中國50正2,26,0,26,凱基-埔墘,2023-01-12,9288
2330,台積電,26,2,24,凱基-埔墘,2023-01-12,9288
8069,元太,23,1,22,凱基-埔墘,2023-01-12,9288
1608,華榮,20,0,20,凱基-埔墘,2023-01-12,9288
2028,威致,15,0,15,凱基-埔墘,2023-01-12,9288
00637L,元大滬深300正2,15,2,13,凱基-埔墘,2023-01-12,9288
2618,長榮航,35,22,13,凱基-埔墘,2023-01-12,9288
2892,第一金,12,0,12,凱基-埔墘,2023-01-12,9288
00881,國泰台灣5G+,11,0,11,凱基-埔墘,2023-01-12,9288
00665L,富邦�琤肭磪囓�2,13,3,10,凱基-埔墘,2023-01-12,9288
1809,中釉,10,0,10,凱基-埔墘,2023-01-12,9288
2023,燁輝,30,20,10,凱基-埔墘,2023-01-12,9288
4904,遠傳,10,0,10,凱基-埔墘,2023-01-12,9288
00680L,元大美債20正2,9,0,9,凱基-埔墘,2023-01-12,9288
6244,茂迪,8,0,8,凱基-埔墘,2023-01-12,9288
5321,美而快,18,10,8,凱基-埔墘,2023-01-12,9288
2356,英業達,7,0,7,凱基-埔墘,2023-01-12,9288
6477,安集,6,0,6,凱基-埔墘,2023-01-12,9288
2615,萬海,11,5,6,凱基-埔墘,2023-01-12,9288
6754,匯僑設計,6,0,6,凱基-埔墘,2023-01-12,9288
5371,中光電,6,0,6,凱基-埔墘,2023-01-12,9288
4114,健喬,27,22,5,凱基-埔墘,2023-01-12,9288
2498,宏達電,12,7,5,凱基-埔墘,2023-01-12,9288
4743,合一,12,7,5,凱基-埔墘,2023-01-12,9288
2354,鴻準,5,0,5,凱基-埔墘,2023-01-12,9288
2413,環科,5,0,5,凱基-埔墘,2023-01-12,9288
2436,偉詮電,5,0,5,凱基-埔墘,2023-01-12,9288
5351,鈺創,5,0,5,凱基-埔墘,2023-01-12,9288
6233,旺玖,5,0,5,凱基-埔墘,2023-01-12,9288
8996,高力,18,13,5,凱基-埔墘,2023-01-12,9288
9919,康那香,5,0,5,凱基-埔墘,2023-01-12,9288
1718,中纖,4,0,4,凱基-埔墘,2023-01-12,9288
00650L,復華香港正2,12,8,4,凱基-埔墘,2023-01-12,9288
2324,仁寶,4,0,4,凱基-埔墘,2023-01-12,9288
2609,陽明,6,2,4,凱基-埔墘,2023-01-12,9288
3545,敦泰,4,0,4,凱基-埔墘,2023-01-12,9288
5227,立凱-KY,4,0,4,凱基-埔墘,2023-01-12,9288
2357,華碩,3,0,3,凱基-埔墘,2023-01-12,9288
00900,富邦特選高股息30,3,0,3,凱基-埔墘,2023-01-12,9288
3037,欣興,5,2,3,凱基-埔墘,2023-01-12,9288
6129,普誠,3,0,3,凱基-埔墘,2023-01-12,9288
6182,合晶,5,2,3,凱基-埔墘,2023-01-12,9288
2317,鴻海,2,0,2,凱基-埔墘,2023-01-12,9288
00720B,元大投資級公司債,2,0,2,凱基-埔墘,2023-01-12,9288
0056,元大高股息,3,1,2,凱基-埔墘,2023-01-12,9288
1447,力鵬,2,0,2,凱基-埔墘,2023-01-12,9288
1605,華新,13,11,2,凱基-埔墘,2023-01-12,9288
1616,億泰,2,0,2,凱基-埔墘,2023-01-12,9288
2367,燿華,2,0,2,凱基-埔墘,2023-01-12,9288
2393,億光,2,0,2,凱基-埔墘,2023-01-12,9288
2358,廷鑫,33,3,30,凱基-埔墘,2023-01-13,9288
00641R,富邦日本反1,26,0,26,凱基-埔墘,2023-01-13,9288
6138,茂達,17,0,17,凱基-埔墘,2023-01-13,9288
1101,台泥,24,9,15,凱基-埔墘,2023-01-13,9288
2002,中鋼,15,0,15,凱基-埔墘,2023-01-13,9288
9103,美德醫療-DR,12,0,12,凱基-埔墘,2023-01-13,9288
8091,翔名,11,0,11,凱基-埔墘,2023-01-13,9288
1809,中釉,10,0,10,凱基-埔墘,2023-01-13,9288
2845,遠東銀,10,0,10,凱基-埔墘,2023-01-13,9288
4130,健亞,10,0,10,凱基-埔墘,2023-01-13,9288
00715L,期街口布蘭特正2,12,3,9,凱基-埔墘,2023-01-13,9288
00680L,元大美債20正2,9,0,9,凱基-埔墘,2023-01-13,9288
4977,眾達-KY,8,0,8,凱基-埔墘,2023-01-13,9288
2206,三陽工業,7,0,7,凱基-埔墘,2023-01-13,9288
2498,宏達電,11,5,6,凱基-埔墘,2023-01-13,9288
2884,玉山金,6,0,6,凱基-埔墘,2023-01-13,9288
6197,佳必琪,5,0,5,凱基-埔墘,2023-01-13,9288
1524,耿鼎,4,0,4,凱基-埔墘,2023-01-13,9288
00632R,元大台灣50反1,4,0,4,凱基-埔墘,2023-01-13,9288
2388,威盛,4,0,4,凱基-埔墘,2023-01-13,9288
3704,合勤控,4,0,4,凱基-埔墘,2023-01-13,9288
5251,天鉞電,4,0,4,凱基-埔墘,2023-01-13,9288
1337,再生-KY,3,0,3,凱基-埔墘,2023-01-13,9288
1313,聯成,3,0,3,凱基-埔墘,2023-01-13,9288
00679B,元大美債20年,3,0,3,凱基-埔墘,2023-01-13,9288
00693U,期街口S＆P黃豆,3,0,3,凱基-埔墘,2023-01-13,9288
2373,震旦行,3,0,3,凱基-埔墘,2023-01-13,9288
6477,安集,3,0,3,凱基-埔墘,2023-01-13,9288
8105,凌巨,5,2,3,凱基-埔墘,2023-01-13,9288
2603,長榮,4,2,2,凱基-埔墘,2023-01-13,9288
6589,台康生技,2,0,2,凱基-埔墘,2023-01-13,9288
6443,元晶,2,0,2,凱基-埔墘,2023-01-13,9288
00706L,期元大S＆P日圓正2,2,0,2,凱基-埔墘,2023-01-13,9288
00900,富邦特選高股息30,2,0,2,凱基-埔墘,2023-01-13,9288
1466,聚隆,2,0,2,凱基-埔墘,2023-01-13,9288
1710,東聯,2,0,2,凱基-埔墘,2023-01-13,9288
1612,宏泰,2,0,2,凱基-埔墘,2023-01-13,9288
1905,華紙,2,0,2,凱基-埔墘,2023-01-13,9288
2105,正新,2,0,2,凱基-埔墘,2023-01-13,9288
2201,裕隆,2,0,2,凱基-埔墘,2023-01-13,9288
2369,菱生,2,0,2,凱基-埔墘,2023-01-13,9288
2404,漢唐,2,0,2,凱基-埔墘,2023-01-13,9288
2409,友達,4,2,2,凱基-埔墘,2023-01-13,9288
2468,華經,49,47,2,凱基-埔墘,2023-01-13,9288
2511,太子,2,0,2,凱基-埔墘,2023-01-13,9288
2890,永豐金,2,0,2,凱基-埔墘,2023-01-13,9288
3022,威強電,2,0,2,凱基-埔墘,2023-01-13,9288
3149,正達,2,0,2,凱基-埔墘,2023-01-13,9288
3162,精確,2,0,2,凱基-埔墘,2023-01-13,9288
3587,閎康,6,4,2,凱基-埔墘,2023-01-13,9288
2330,台積電,303,5,298,凱基-埔墘,2023-01-16,9288
8069,元太,71,4,67,凱基-埔墘,2023-01-16,9288
5880,合庫金,30,0,30,凱基-埔墘,2023-01-16,9288
2883,凱基金,22,1,21,凱基-埔墘,2023-01-16,9288
00882,中信中國高股息,20,0,20,凱基-埔墘,2023-01-16,9288
4743,合一,22,3,19,凱基-埔墘,2023-01-16,9288
1810,和成,16,0,16,凱基-埔墘,2023-01-16,9288
00632R,元大台灣50反1,13,0,13,凱基-埔墘,2023-01-16,9288
1710,東聯,10,0,10,凱基-埔墘,2023-01-16,9288
00680L,元大美債20正2,10,0,10,凱基-埔墘,2023-01-16,9288
6770,力積電,12,2,10,凱基-埔墘,2023-01-16,9288
00715L,期街口布蘭特正2,10,1,9,凱基-埔墘,2023-01-16,9288
2206,三陽工業,9,0,9,凱基-埔墘,2023-01-16,9288
2303,聯電,6,0,6,凱基-埔墘,2023-01-16,9288
2889,國票金,8,2,6,凱基-埔墘,2023-01-16,9288
3704,合勤控,6,0,6,凱基-埔墘,2023-01-16,9288
2208,台船,5,0,5,凱基-埔墘,2023-01-16,9288
2834,臺企銀,15,10,5,凱基-埔墘,2023-01-16,9288
2891,中信金,5,0,5,凱基-埔墘,2023-01-16,9288
4974,亞泰,6,1,5,凱基-埔墘,2023-01-16,9288
6271,同欣電,5,0,5,凱基-埔墘,2023-01-16,9288
6276,安鈦克,5,0,5,凱基-埔墘,2023-01-16,9288
6695,芯鼎,5,0,5,凱基-埔墘,2023-01-16,9288
2603,長榮,23,19,4,凱基-埔墘,2023-01-16,9288
00679B,元大美債20年,4,0,4,凱基-埔墘,2023-01-16,9288
00673R,期元大S＆P原油反1,4,0,4,凱基-埔墘,2023-01-16,9288
2634,漢翔,4,0,4,凱基-埔墘,2023-01-16,9288
2637,慧洋-KY,4,0,4,凱基-埔墘,2023-01-16,9288
2023,燁輝,3,0,3,凱基-埔墘,2023-01-16,9288
2340,台亞,3,0,3,凱基-埔墘,2023-01-16,9288
6139,亞翔,3,0,3,凱基-埔墘,2023-01-16,9288
2002,中鋼,5,2,3,凱基-埔墘,2023-01-16,9288
2317,鴻海,3,1,2,凱基-埔墘,2023-01-16,9288
1612,宏泰,2,0,2,凱基-埔墘,2023-01-16,9288
00670L,富邦NASDAQ正2,2,0,2,凱基-埔墘,2023-01-16,9288
1468,昶和,2,0,2,凱基-埔墘,2023-01-16,9288
2338,光罩,6,4,2,凱基-埔墘,2023-01-16,9288
2369,菱生,2,0,2,凱基-埔墘,2023-01-16,9288
2433,互盛電,2,0,2,凱基-埔墘,2023-01-16,9288
2511,太子,2,0,2,凱基-埔墘,2023-01-16,9288
2607,榮運,2,0,2,凱基-埔墘,2023-01-16,9288
3479,安勤,2,0,2,凱基-埔墘,2023-01-16,9288
4162,智擎,3,1,2,凱基-埔墘,2023-01-16,9288
6244,茂迪,2,0,2,凱基-埔墘,2023-01-16,9288
6689,伊雲谷,2,0,2,凱基-埔墘,2023-01-16,9288
8261,富鼎,2,0,2,凱基-埔墘,2023-01-16,9288
9904,寶成,2,0,2,凱基-埔墘,2023-01-16,9288
1218,泰山,1,0,1,凱基-埔墘,2023-01-16,9288
6763,綠界科技*,1,0,1,凱基-埔墘,2023-01-16,9288
00900,富邦特選高股息30,1,0,1,凱基-埔墘,2023-01-16,9288
2610,華航,56,3,53,凱基-埔墘,2023-01-17,9288
3443,創意,41,0,41,凱基-埔墘,2023-01-17,9288
2885,元大金,30,1,29,凱基-埔墘,2023-01-17,9288
2352,佳世達,20,0,20,凱基-埔墘,2023-01-17,9288
2330,台積電,21,3,18,凱基-埔墘,2023-01-17,9288
1101,台泥,24,8,16,凱基-埔墘,2023-01-17,9288
00882,中信中國高股息,15,0,15,凱基-埔墘,2023-01-17,9288
0050,元大台灣50,12,1,11,凱基-埔墘,2023-01-17,9288
4114,健喬,12,2,10,凱基-埔墘,2023-01-17,9288
00637L,元大滬深300正2,23,13,10,凱基-埔墘,2023-01-17,9288
00679B,元大美債20年,10,0,10,凱基-埔墘,2023-01-17,9288
2027,大成鋼,10,0,10,凱基-埔墘,2023-01-17,9288
5284,jpp-KY,34,24,10,凱基-埔墘,2023-01-17,9288
4167,松瑞藥,9,0,9,凱基-埔墘,2023-01-17,9288
2615,萬海,9,1,8,凱基-埔墘,2023-01-17,9288
2365,昆盈,8,1,7,凱基-埔墘,2023-01-17,9288
1760,寶齡富錦,10,4,6,凱基-埔墘,2023-01-17,9288
00770,國泰北美科技,6,0,6,凱基-埔墘,2023-01-17,9288
3035,智原,6,0,6,凱基-埔墘,2023-01-17,9288
1467,南緯,6,1,5,凱基-埔墘,2023-01-17,9288
00905,FT臺灣Smart,5,0,5,凱基-埔墘,2023-01-17,9288
2449,京元電子,5,0,5,凱基-埔墘,2023-01-17,9288
4130,健亞,5,0,5,凱基-埔墘,2023-01-17,9288
4162,智擎,4,0,4,凱基-埔墘,2023-01-17,9288
2338,光罩,4,0,4,凱基-埔墘,2023-01-17,9288
2369,菱生,4,0,4,凱基-埔墘,2023-01-17,9288
2888,新光金,7,3,4,凱基-埔墘,2023-01-17,9288
00885,富邦越南,5,2,3,凱基-埔墘,2023-01-17,9288
00693U,期街口S＆P黃豆,3,0,3,凱基-埔墘,2023-01-17,9288
2834,臺企銀,3,0,3,凱基-埔墘,2023-01-17,9288
3037,欣興,4,1,3,凱基-埔墘,2023-01-17,9288
5457,宣德,3,0,3,凱基-埔墘,2023-01-17,9288
6180,橘子,4,1,3,凱基-埔墘,2023-01-17,9288
00893,國泰智能電動車,2,0,2,凱基-埔墘,2023-01-17,9288
6547,高端疫苗,2,0,2,凱基-埔墘,2023-01-17,9288
1560,中砂,3,1,2,凱基-埔墘,2023-01-17,9288
1810,和成,2,0,2,凱基-埔墘,2023-01-17,9288
1809,中釉,2,0,2,凱基-埔墘,2023-01-17,9288
1308,亞聚,2,0,2,凱基-埔墘,2023-01-17,9288
00664R,國泰臺灣加權反1,2,0,2,凱基-埔墘,2023-01-17,9288
00680L,元大美債20正2,2,0,2,凱基-埔墘,2023-01-17,9288
00706L,期元大S＆P日圓正2,2,0,2,凱基-埔墘,2023-01-17,9288
2354,鴻準,2,0,2,凱基-埔墘,2023-01-17,9288
2433,互盛電,2,0,2,凱基-埔墘,2023-01-17,9288
2493,揚博,2,0,2,凱基-埔墘,2023-01-17,9288
2515,中工,2,0,2,凱基-埔墘,2023-01-17,9288
2812,台中銀,2,0,2,凱基-埔墘,2023-01-17,9288
3042,晶技,2,0,2,凱基-埔墘,2023-01-17,9288
3466,德晉,2,0,2,凱基-埔墘,2023-01-17,9288
3481,群創,2,0,2,凱基-埔墘,2023-01-17,9288
0056,元大高股息,303,5,298,凱基-埔墘,2023-01-30,9288
00632R,元大台灣50反1,117,2,115,凱基-埔墘,2023-01-30,9288
00830,國泰費城半導體,110,10,100,凱基-埔墘,2023-01-30,9288
2354,鴻準,60,4,56,凱基-埔墘,2023-01-30,9288
2380,虹光,32,0,32,凱基-埔墘,2023-01-30,9288
2313,華通,30,0,30,凱基-埔墘,2023-01-30,9288
8261,富鼎,33,3,30,凱基-埔墘,2023-01-30,9288
2344,華邦電,66,36,30,凱基-埔墘,2023-01-30,9288
00662,富邦NASDAQ,20,0,20,凱基-埔墘,2023-01-30,9288
2355,敬鵬,20,0,20,凱基-埔墘,2023-01-30,9288
3207,耀勝,52,32,20,凱基-埔墘,2023-01-30,9288
2497,怡利電,20,3,17,凱基-埔墘,2023-01-30,9288
2356,英業達,14,0,14,凱基-埔墘,2023-01-30,9288
5285,界霖,12,0,12,凱基-埔墘,2023-01-30,9288
00725B,國泰投資級公司債,10,0,10,凱基-埔墘,2023-01-30,9288
2032,新鋼,10,0,10,凱基-埔墘,2023-01-30,9288
4164,承業醫,10,0,10,凱基-埔墘,2023-01-30,9288
6101,寬魚國際,10,0,10,凱基-埔墘,2023-01-30,9288
00637L,元大滬深300正2,11,3,8,凱基-埔墘,2023-01-30,9288
2317,鴻海,8,0,8,凱基-埔墘,2023-01-30,9288
3231,緯創,11,3,8,凱基-埔墘,2023-01-30,9288
1319,東陽,7,0,7,凱基-埔墘,2023-01-30,9288
6550,北極星藥業-KY,5,0,5,凱基-埔墘,2023-01-30,9288
1789,神隆,5,0,5,凱基-埔墘,2023-01-30,9288
2436,偉詮電,5,0,5,凱基-埔墘,2023-01-30,9288
2634,漢翔,6,1,5,凱基-埔墘,2023-01-30,9288
1503,士電,5,1,4,凱基-埔墘,2023-01-30,9288
2545,皇翔,4,0,4,凱基-埔墘,2023-01-30,9288
4207,環泰,3,0,3,凱基-埔墘,2023-01-30,9288
1467,南緯,3,0,3,凱基-埔墘,2023-01-30,9288
1529,樂事綠能,3,0,3,凱基-埔墘,2023-01-30,9288
00680L,元大美債20正2,3,0,3,凱基-埔墘,2023-01-30,9288
1809,中釉,3,0,3,凱基-埔墘,2023-01-30,9288
2328,廣宇,3,0,3,凱基-埔墘,2023-01-30,9288
5258,虹堡,3,0,3,凱基-埔墘,2023-01-30,9288
9910,豐泰,3,0,3,凱基-埔墘,2023-01-30,9288
00666R,富邦�琤肭磪齯�1,2,0,2,凱基-埔墘,2023-01-30,9288
1565,精華,2,0,2,凱基-埔墘,2023-01-30,9288
2023,燁輝,2,0,2,凱基-埔墘,2023-01-30,9288
2373,震旦行,2,0,2,凱基-埔墘,2023-01-30,9288
2458,義隆,2,0,2,凱基-埔墘,2023-01-30,9288
2539,櫻花建,2,0,2,凱基-埔墘,2023-01-30,9288
3035,智原,4,2,2,凱基-埔墘,2023-01-30,9288
3346,麗清,2,0,2,凱基-埔墘,2023-01-30,9288
3390,旭軟,2,0,2,凱基-埔墘,2023-01-30,9288
6153,嘉聯益,2,0,2,凱基-埔墘,2023-01-30,9288
6756,威鋒電子,2,0,2,凱基-埔墘,2023-01-30,9288
8176,智捷,2,0,2,凱基-埔墘,2023-01-30,9288
8996,高力,11,9,2,凱基-埔墘,2023-01-30,9288
2884,玉山金,2,0,2,凱基-埔墘,2023-01-30,9288
00715L,期街口布蘭特正2,45,1,44,凱基-埔墘,2023-01-31,9288
00905,FT臺灣Smart,35,0,35,凱基-埔墘,2023-01-31,9288
8171,天宇,29,0,29,凱基-埔墘,2023-01-31,9288
4114,健喬,27,0,27,凱基-埔墘,2023-01-31,9288
3264,欣銓,25,0,25,凱基-埔墘,2023-01-31,9288
2201,裕隆,55,30,25,凱基-埔墘,2023-01-31,9288
2330,台積電,22,1,21,凱基-埔墘,2023-01-31,9288
9919,康那香,20,0,20,凱基-埔墘,2023-01-31,9288
2851,中再保,21,2,19,凱基-埔墘,2023-01-31,9288
2892,第一金,19,0,19,凱基-埔墘,2023-01-31,9288
00878,國泰永續高股息,22,4,18,凱基-埔墘,2023-01-31,9288
00720B,元大投資級公司債,12,0,12,凱基-埔墘,2023-01-31,9288
2534,宏盛,12,0,12,凱基-埔墘,2023-01-31,9288
2618,長榮航,10,0,10,凱基-埔墘,2023-01-31,9288
3207,耀勝,20,10,10,凱基-埔墘,2023-01-31,9288
6188,廣明,10,0,10,凱基-埔墘,2023-01-31,9288
2412,中華電,9,0,9,凱基-埔墘,2023-01-31,9288
5258,虹堡,15,6,9,凱基-埔墘,2023-01-31,9288
00893,國泰智能電動車,7,0,7,凱基-埔墘,2023-01-31,9288
2324,仁寶,7,0,7,凱基-埔墘,2023-01-31,9288
4979,華星光,13,6,7,凱基-埔墘,2023-01-31,9288
6129,普誠,7,0,7,凱基-埔墘,2023-01-31,9288
6806,森崴能源,7,0,7,凱基-埔墘,2023-01-31,9288
2897,王道銀行,6,0,6,凱基-埔墘,2023-01-31,9288
00632R,元大台灣50反1,5,0,5,凱基-埔墘,2023-01-31,9288
2023,燁輝,5,0,5,凱基-埔墘,2023-01-31,9288
2323,中環,5,0,5,凱基-埔墘,2023-01-31,9288
2867,三商壽,5,0,5,凱基-埔墘,2023-01-31,9288
3290,東浦,5,0,5,凱基-埔墘,2023-01-31,9288
4167,松瑞藥,5,0,5,凱基-埔墘,2023-01-31,9288
6578,達邦蛋白,5,0,5,凱基-埔墘,2023-01-31,9288
2357,華碩,5,0,5,凱基-埔墘,2023-01-31,9288
6719,力智,5,1,4,凱基-埔墘,2023-01-31,9288
2886,兆豐金,4,0,4,凱基-埔墘,2023-01-31,9288
6796,晉弘,4,0,4,凱基-埔墘,2023-01-31,9288
00665L,富邦�琤肭磪囓�2,5,1,4,凱基-埔墘,2023-01-31,9288
2726,雅茗-KY,4,0,4,凱基-埔墘,2023-01-31,9288
2891,中信金,7,3,4,凱基-埔墘,2023-01-31,9288
4755,三福化,5,1,4,凱基-埔墘,2023-01-31,9288
6416,瑞祺電通,4,0,4,凱基-埔墘,2023-01-31,9288
1752,南光,4,1,3,凱基-埔墘,2023-01-31,9288
2609,陽明,3,0,3,凱基-埔墘,2023-01-31,9288
2884,玉山金,3,0,3,凱基-埔墘,2023-01-31,9288
3711,日月光投控,3,0,3,凱基-埔墘,2023-01-31,9288
5474,聰泰,3,0,3,凱基-埔墘,2023-01-31,9288
6666,羅麗芬-KY,3,0,3,凱基-埔墘,2023-01-31,9288
8033,雷虎,3,0,3,凱基-埔墘,2023-01-31,9288
2454,聯發科,3,1,2,凱基-埔墘,2023-01-31,9288
1616,億泰,4,2,2,凱基-埔墘,2023-01-31,9288
00712,復華富時不動產,2,0,2,凱基-埔墘,2023-01-31,9288
2610,華航,78,14,64,凱基-埔墘,2023-02-01,9288
6205,詮欣,44,0,44,凱基-埔墘,2023-02-01,9288
6129,普誠,38,0,38,凱基-埔墘,2023-02-01,9288
2617,台航,26,0,26,凱基-埔墘,2023-02-01,9288
00632R,元大台灣50反1,25,0,25,凱基-埔墘,2023-02-01,9288
2812,台中銀,24,0,24,凱基-埔墘,2023-02-01,9288
2606,裕民,21,0,21,凱基-埔墘,2023-02-01,9288
3290,東浦,20,0,20,凱基-埔墘,2023-02-01,9288
4566,時碩工業,20,0,20,凱基-埔墘,2023-02-01,9288
00637L,元大滬深300正2,19,0,19,凱基-埔墘,2023-02-01,9288
00905,FT臺灣Smart,18,0,18,凱基-埔墘,2023-02-01,9288
2308,台達電,15,0,15,凱基-埔墘,2023-02-01,9288
5258,虹堡,56,41,15,凱基-埔墘,2023-02-01,9288
1503,士電,14,1,13,凱基-埔墘,2023-02-01,9288
5425,台半,18,5,13,凱基-埔墘,2023-02-01,9288
5009,榮剛,13,1,12,凱基-埔墘,2023-02-01,9288
00680L,元大美債20正2,11,0,11,凱基-埔墘,2023-02-01,9288
2007,燁興,11,0,11,凱基-埔墘,2023-02-01,9288
00882,中信中國高股息,10,0,10,凱基-埔墘,2023-02-01,9288
1701,中化,10,0,10,凱基-埔墘,2023-02-01,9288
2027,大成鋼,11,1,10,凱基-埔墘,2023-02-01,9288
2030,彰源,10,0,10,凱基-埔墘,2023-02-01,9288
2312,金寶,10,0,10,凱基-埔墘,2023-02-01,9288
2352,佳世達,10,0,10,凱基-埔墘,2023-02-01,9288
2380,虹光,10,0,10,凱基-埔墘,2023-02-01,9288
2754,亞洲藏壽司,10,0,10,凱基-埔墘,2023-02-01,9288
6443,元晶,20,11,9,凱基-埔墘,2023-02-01,9288
1609,大亞,31,23,8,凱基-埔墘,2023-02-01,9288
6182,合晶,8,0,8,凱基-埔墘,2023-02-01,9288
2409,友達,7,0,7,凱基-埔墘,2023-02-01,9288
4148,全宇生技-KY,7,0,7,凱基-埔墘,2023-02-01,9288
6770,力積電,7,0,7,凱基-埔墘,2023-02-01,9288
00878,國泰永續高股息,7,1,6,凱基-埔墘,2023-02-01,9288
2009,第一銅,42,36,6,凱基-埔墘,2023-02-01,9288
5284,jpp-KY,6,0,6,凱基-埔墘,2023-02-01,9288
6202,盛群,6,0,6,凱基-埔墘,2023-02-01,9288
5351,鈺創,5,0,5,凱基-埔墘,2023-02-01,9288
8050,廣積,5,0,5,凱基-埔墘,2023-02-01,9288
1529,樂事綠能,5,1,4,凱基-埔墘,2023-02-01,9288
00701,國泰股利精選30,4,0,4,凱基-埔墘,2023-02-01,9288
2485,兆赫,4,0,4,凱基-埔墘,2023-02-01,9288
6578,達邦蛋白,4,0,4,凱基-埔墘,2023-02-01,9288
8105,凌巨,6,2,4,凱基-埔墘,2023-02-01,9288
9958,世紀鋼,10,6,4,凱基-埔墘,2023-02-01,9288
0056,元大高股息,10,6,4,凱基-埔墘,2023-02-01,9288
1760,寶齡富錦,3,0,3,凱基-埔墘,2023-02-01,9288
2206,三陽工業,3,0,3,凱基-埔墘,2023-02-01,9288
2929,淘帝-KY,3,0,3,凱基-埔墘,2023-02-01,9288
3081,聯亞,3,0,3,凱基-埔墘,2023-02-01,9288
3479,安勤,3,0,3,凱基-埔墘,2023-02-01,9288
3041,揚智,501,0,501,凱基-埔墘,2023-02-02,9288
1503,士電,416,0,416,凱基-埔墘,2023-02-02,9288
2610,華航,371,5,366,凱基-埔墘,2023-02-02,9288
00632R,元大台灣50反1,222,10,212,凱基-埔墘,2023-02-02,9288
00715L,期街口布蘭特正2,83,0,83,凱基-埔墘,2023-02-02,9288
3702,大聯大,53,0,53,凱基-埔墘,2023-02-02,9288
6205,詮欣,54,1,53,凱基-埔墘,2023-02-02,9288
2344,華邦電,49,22,27,凱基-埔墘,2023-02-02,9288
00680L,元大美債20正2,25,0,25,凱基-埔墘,2023-02-02,9288
6282,康舒,173,149,24,凱基-埔墘,2023-02-02,9288
4105,東洋,22,0,22,凱基-埔墘,2023-02-02,9288
3034,聯詠,20,0,20,凱基-埔墘,2023-02-02,9288
8085,福華,20,0,20,凱基-埔墘,2023-02-02,9288
9955,佳龍,20,0,20,凱基-埔墘,2023-02-02,9288
0056,元大高股息,20,3,17,凱基-埔墘,2023-02-02,9288
8046,南電,21,6,15,凱基-埔墘,2023-02-02,9288
2634,漢翔,15,0,15,凱基-埔墘,2023-02-02,9288
6578,達邦蛋白,15,0,15,凱基-埔墘,2023-02-02,9288
5425,台半,15,2,13,凱基-埔墘,2023-02-02,9288
00671R,富邦NASDAQ反1,17,5,12,凱基-埔墘,2023-02-02,9288
00900,富邦特選高股息30,11,0,11,凱基-埔墘,2023-02-02,9288
6285,啟��,11,0,11,凱基-埔墘,2023-02-02,9288
1309,台達化,10,0,10,凱基-埔墘,2023-02-02,9288
00654R,富邦印度反1,10,0,10,凱基-埔墘,2023-02-02,9288
3362,先進光,10,0,10,凱基-埔墘,2023-02-02,9288
4927,泰鼎-KY,10,0,10,凱基-埔墘,2023-02-02,9288
6153,嘉聯益,11,2,9,凱基-埔墘,2023-02-02,9288
6732,昇佳電子,9,0,9,凱基-埔墘,2023-02-02,9288
2486,一詮,8,0,8,凱基-埔墘,2023-02-02,9288
2618,長榮航,8,0,8,凱基-埔墘,2023-02-02,9288
8040,九暘,10,2,8,凱基-埔墘,2023-02-02,9288
2388,威盛,15,8,7,凱基-埔墘,2023-02-02,9288
3701,大眾控,11,4,7,凱基-埔墘,2023-02-02,9288
6756,威鋒電子,7,0,7,凱基-埔墘,2023-02-02,9288
2402,毅嘉,6,0,6,凱基-埔墘,2023-02-02,9288
3006,晶豪科,7,1,6,凱基-埔墘,2023-02-02,9288
4564,元翎,6,0,6,凱基-埔墘,2023-02-02,9288
6139,亞翔,6,0,6,凱基-埔墘,2023-02-02,9288
00903,富邦元宇宙,5,0,5,凱基-埔墘,2023-02-02,9288
00651R,復華香港反1,5,0,5,凱基-埔墘,2023-02-02,9288
1522,堤維西,5,0,5,凱基-埔墘,2023-02-02,9288
2355,敬鵬,5,0,5,凱基-埔墘,2023-02-02,9288
2363,矽統,15,10,5,凱基-埔墘,2023-02-02,9288
2888,新光金,5,0,5,凱基-埔墘,2023-02-02,9288
2929,淘帝-KY,15,10,5,凱基-埔墘,2023-02-02,9288
3019,亞光,5,0,5,凱基-埔墘,2023-02-02,9288
4968,立積,5,0,5,凱基-埔墘,2023-02-02,9288
4979,華星光,5,0,5,凱基-埔墘,2023-02-02,9288
6127,九豪,5,0,5,凱基-埔墘,2023-02-02,9288
8038,長園科,5,0,5,凱基-埔墘,2023-02-02,9288
3041,揚智,110,0,110,凱基-埔墘,2023-02-03,9288
1503,士電,66,0,66,凱基-埔墘,2023-02-03,9288
1708,東鹼,53,0,53,凱基-埔墘,2023-02-03,9288
2103,台橡,47,0,47,凱基-埔墘,2023-02-03,9288
2388,威盛,46,2,44,凱基-埔墘,2023-02-03,9288
00878,國泰永續高股息,29,0,29,凱基-埔墘,2023-02-03,9288
3443,創意,32,5,27,凱基-埔墘,2023-02-03,9288
00632R,元大台灣50反1,25,0,25,凱基-埔墘,2023-02-03,9288
00715L,期街口布蘭特正2,25,0,25,凱基-埔墘,2023-02-03,9288
4157,太景*-KY,22,0,22,凱基-埔墘,2023-02-03,9288
2609,陽明,26,5,21,凱基-埔墘,2023-02-03,9288
2884,玉山金,20,0,20,凱基-埔墘,2023-02-03,9288
00680L,元大美債20正2,17,0,17,凱基-埔墘,2023-02-03,9288
2498,宏達電,47,30,17,凱基-埔墘,2023-02-03,9288
2610,華航,17,0,17,凱基-埔墘,2023-02-03,9288
6282,康舒,30,14,16,凱基-埔墘,2023-02-03,9288
00637L,元大滬深300正2,19,4,15,凱基-埔墘,2023-02-03,9288
6792,詠業,13,0,13,凱基-埔墘,2023-02-03,9288
2891,中信金,11,0,11,凱基-埔墘,2023-02-03,9288
8044,網家,10,0,10,凱基-埔墘,2023-02-03,9288
4943,康控-KY,9,0,9,凱基-埔墘,2023-02-03,9288
1701,中化,18,9,9,凱基-埔墘,2023-02-03,9288
00671R,富邦NASDAQ反1,8,0,8,凱基-埔墘,2023-02-03,9288
2413,環科,34,26,8,凱基-埔墘,2023-02-03,9288
3049,精金,8,0,8,凱基-埔墘,2023-02-03,9288
5340,建榮,7,0,7,凱基-埔墘,2023-02-03,9288
6411,晶焱,8,1,7,凱基-埔墘,2023-02-03,9288
00650L,復華香港正2,6,0,6,凱基-埔墘,2023-02-03,9288
1216,統一,6,0,6,凱基-埔墘,2023-02-03,9288
2317,鴻海,7,1,6,凱基-埔墘,2023-02-03,9288
8069,元太,10,4,6,凱基-埔墘,2023-02-03,9288
4114,健喬,5,0,5,凱基-埔墘,2023-02-03,9288
00919,群益台灣精選高息,5,0,5,凱基-埔墘,2023-02-03,9288
00885,富邦越南,7,2,5,凱基-埔墘,2023-02-03,9288
00642U,期元大S＆P石油,5,0,5,凱基-埔墘,2023-02-03,9288
1522,堤維西,5,0,5,凱基-埔墘,2023-02-03,9288
2486,一詮,5,0,5,凱基-埔墘,2023-02-03,9288
2637,慧洋-KY,6,1,5,凱基-埔墘,2023-02-03,9288
5371,中光電,5,0,5,凱基-埔墘,2023-02-03,9288
6245,立端,5,0,5,凱基-埔墘,2023-02-03,9288
9904,寶成,5,0,5,凱基-埔墘,2023-02-03,9288
00636,國泰中國A50,4,0,4,凱基-埔墘,2023-02-03,9288
00665L,富邦�琤肭磪囓�2,4,0,4,凱基-埔墘,2023-02-03,9288
1312,國喬,4,0,4,凱基-埔墘,2023-02-03,9288
2484,希華,14,10,4,凱基-埔墘,2023-02-03,9288
3508,位速,4,0,4,凱基-埔墘,2023-02-03,9288
4116,明基醫,5,1,4,凱基-埔墘,2023-02-03,9288
5434,崇越,4,0,4,凱基-埔墘,2023-02-03,9288
6116,彩晶,4,0,4,凱基-埔墘,2023-02-03,9288
8440,綠電,4,0,4,凱基-埔墘,2023-02-03,9288
1503,士電,219,0,219,凱基-埔墘,2023-02-06,9288
6443,元晶,95,3,92,凱基-埔墘,2023-02-06,9288
00878,國泰永續高股息,48,0,48,凱基-埔墘,2023-02-06,9288
3163,波若威,32,0,32,凱基-埔墘,2023-02-06,9288
3710,連展投控,23,0,23,凱基-埔墘,2023-02-06,9288
6282,康舒,30,7,23,凱基-埔墘,2023-02-06,9288
1201,味全,21,0,21,凱基-埔墘,2023-02-06,9288
1101,台泥,21,0,21,凱基-埔墘,2023-02-06,9288
1734,杏輝,20,0,20,凱基-埔墘,2023-02-06,9288
2324,仁寶,20,1,19,凱基-埔墘,2023-02-06,9288
2615,萬海,18,0,18,凱基-埔墘,2023-02-06,9288
2103,台橡,17,0,17,凱基-埔墘,2023-02-06,9288
2388,威盛,16,0,16,凱基-埔墘,2023-02-06,9288
6165,浪凡,12,0,12,凱基-埔墘,2023-02-06,9288
00753L,中信中國50正2,10,0,10,凱基-埔墘,2023-02-06,9288
00671R,富邦NASDAQ反1,10,0,10,凱基-埔墘,2023-02-06,9288
00715L,期街口布蘭特正2,12,2,10,凱基-埔墘,2023-02-06,9288
1709,和益,10,0,10,凱基-埔墘,2023-02-06,9288
3093,港建*,10,0,10,凱基-埔墘,2023-02-06,9288
4566,時碩工業,10,0,10,凱基-埔墘,2023-02-06,9288
2344,華邦電,7,0,7,凱基-埔墘,2023-02-06,9288
2867,三商壽,10,3,7,凱基-埔墘,2023-02-06,9288
5347,世界,6,0,6,凱基-埔墘,2023-02-06,9288
2603,長榮,6,0,6,凱基-埔墘,2023-02-06,9288
1524,耿鼎,6,0,6,凱基-埔墘,2023-02-06,9288
00642U,期元大S＆P石油,6,0,6,凱基-埔墘,2023-02-06,9288
2363,矽統,6,0,6,凱基-埔墘,2023-02-06,9288
8097,常珵,6,0,6,凱基-埔墘,2023-02-06,9288
0056,元大高股息,6,0,6,凱基-埔墘,2023-02-06,9288
3037,欣興,5,0,5,凱基-埔墘,2023-02-06,9288
2892,第一金,5,0,5,凱基-埔墘,2023-02-06,9288
2368,金像電,8,3,5,凱基-埔墘,2023-02-06,9288
00712,復華富時不動產,5,0,5,凱基-埔墘,2023-02-06,9288
00683L,期元大美元指正2,5,0,5,凱基-埔墘,2023-02-06,9288
00674R,期元大S＆P黃金反1,5,0,5,凱基-埔墘,2023-02-06,9288
1752,南光,10,5,5,凱基-埔墘,2023-02-06,9288
2834,臺企銀,10,5,5,凱基-埔墘,2023-02-06,9288
4102,永日,5,0,5,凱基-埔墘,2023-02-06,9288
8054,安國,5,0,5,凱基-埔墘,2023-02-06,9288
8163,達方,5,0,5,凱基-埔墘,2023-02-06,9288
912000,晨訊科-DR,5,0,5,凱基-埔墘,2023-02-06,9288
2884,玉山金,4,0,4,凱基-埔墘,2023-02-06,9288
00882,中信中國高股息,4,0,4,凱基-埔墘,2023-02-06,9288
2337,旺宏,4,0,4,凱基-埔墘,2023-02-06,9288
3322,建舜電,4,0,4,凱基-埔墘,2023-02-06,9288
6546,正基,4,0,4,凱基-埔墘,2023-02-06,9288
00900,富邦特選高股息30,3,0,3,凱基-埔墘,2023-02-06,9288
00673R,期元大S＆P原油反1,5,2,3,凱基-埔墘,2023-02-06,9288
1513,中興電,5,2,3,凱基-埔墘,2023-02-06,9288
2340,台亞,3,0,3,凱基-埔墘,2023-02-06,9288
2303,聯電,56,9,47,凱基-埔墘,2023-02-07,9288
4726,永昕,47,0,47,凱基-埔墘,2023-02-07,9288
3027,盛達,30,0,30,凱基-埔墘,2023-02-07,9288
1201,味全,29,1,28,凱基-埔墘,2023-02-07,9288
2610,華航,27,0,27,凱基-埔墘,2023-02-07,9288
00683L,期元大美元指正2,22,0,22,凱基-埔墘,2023-02-07,9288
1733,五鼎,20,0,20,凱基-埔墘,2023-02-07,9288
4114,健喬,25,5,20,凱基-埔墘,2023-02-07,9288
1605,華新,30,10,20,凱基-埔墘,2023-02-07,9288
00878,國泰永續高股息,19,0,19,凱基-埔墘,2023-02-07,9288
8076,伍豐,16,0,16,凱基-埔墘,2023-02-07,9288
2201,裕隆,21,6,15,凱基-埔墘,2023-02-07,9288
2498,宏達電,16,3,13,凱基-埔墘,2023-02-07,9288
6116,彩晶,13,0,13,凱基-埔墘,2023-02-07,9288
00772B,中信高評級公司債,10,0,10,凱基-埔墘,2023-02-07,9288
4979,華星光,10,0,10,凱基-埔墘,2023-02-07,9288
8050,廣積,10,0,10,凱基-埔墘,2023-02-07,9288
1709,和益,10,2,8,凱基-埔墘,2023-02-07,9288
6550,北極星藥業-KY,7,0,7,凱基-埔墘,2023-02-07,9288
00919,群益台灣精選高息,7,0,7,凱基-埔墘,2023-02-07,9288
3004,豐達科,7,0,7,凱基-埔墘,2023-02-07,9288
00712,復華富時不動產,5,0,5,凱基-埔墘,2023-02-07,9288
00901,永豐智能車供應鏈,5,0,5,凱基-埔墘,2023-02-07,9288
2317,鴻海,5,0,5,凱基-埔墘,2023-02-07,9288
2897,王道銀行,5,0,5,凱基-埔墘,2023-02-07,9288
3047,訊舟,5,0,5,凱基-埔墘,2023-02-07,9288
3189,景碩,5,0,5,凱基-埔墘,2023-02-07,9288
3264,欣銓,5,0,5,凱基-埔墘,2023-02-07,9288
3706,神達,10,5,5,凱基-埔墘,2023-02-07,9288
4747,強生,6,1,5,凱基-埔墘,2023-02-07,9288
6205,詮欣,5,0,5,凱基-埔墘,2023-02-07,9288
6235,華孚,20,15,5,凱基-埔墘,2023-02-07,9288
8341,日友,5,0,5,凱基-埔墘,2023-02-07,9288
9938,百和,5,0,5,凱基-埔墘,2023-02-07,9288
00888,永豐台灣ESG,4,0,4,凱基-埔墘,2023-02-07,9288
00885,富邦越南,4,0,4,凱基-埔墘,2023-02-07,9288
2231,為升,6,2,4,凱基-埔墘,2023-02-07,9288
3017,奇鋐,4,0,4,凱基-埔墘,2023-02-07,9288
6285,啟��,5,1,4,凱基-埔墘,2023-02-07,9288
6441,廣錠,11,7,4,凱基-埔墘,2023-02-07,9288
1513,中興電,3,0,3,凱基-埔墘,2023-02-07,9288
2891,中信金,3,0,3,凱基-埔墘,2023-02-07,9288
4763,材料-KY,3,0,3,凱基-埔墘,2023-02-07,9288
6127,九豪,3,0,3,凱基-埔墘,2023-02-07,9288
8040,九暘,3,0,3,凱基-埔墘,2023-02-07,9288
8097,常珵,3,0,3,凱基-埔墘,2023-02-07,9288
3481,群創,8,6,2,凱基-埔墘,2023-02-07,9288
1337,再生-KY,2,0,2,凱基-埔墘,2023-02-07,9288
1468,昶和,2,0,2,凱基-埔墘,2023-02-07,9288
2313,華通,3,1,2,凱基-埔墘,2023-02-07,9288
4960,誠美材,100,2,98,凱基-埔墘,2023-02-08,9288
00891,中信關鍵半導體,50,0,50,凱基-埔墘,2023-02-08,9288
2344,華邦電,51,6,45,凱基-埔墘,2023-02-08,9288
2049,上銀,40,0,40,凱基-埔墘,2023-02-08,9288
3049,精金,40,0,40,凱基-埔墘,2023-02-08,9288
2367,燿華,50,15,35,凱基-埔墘,2023-02-08,9288
3041,揚智,40,5,35,凱基-埔墘,2023-02-08,9288
1503,士電,22,0,22,凱基-埔墘,2023-02-08,9288
6190,萬泰科,21,0,21,凱基-埔墘,2023-02-08,9288
00878,國泰永續高股息,30,10,20,凱基-埔墘,2023-02-08,9288
3362,先進光,20,0,20,凱基-埔墘,2023-02-08,9288
3588,通嘉,20,0,20,凱基-埔墘,2023-02-08,9288
00901,永豐智能車供應鏈,19,0,19,凱基-埔墘,2023-02-08,9288
00893,國泰智能電動車,18,1,17,凱基-埔墘,2023-02-08,9288
2377,微星,18,1,17,凱基-埔墘,2023-02-08,9288
6217,中探針,13,0,13,凱基-埔墘,2023-02-08,9288
9958,世紀鋼,12,0,12,凱基-埔墘,2023-02-08,9288
2401,凌陽,20,9,11,凱基-埔墘,2023-02-08,9288
00725B,國泰投資級公司債,10,0,10,凱基-埔墘,2023-02-08,9288
3710,連展投控,10,0,10,凱基-埔墘,2023-02-08,9288
4164,承業醫,20,10,10,凱基-埔墘,2023-02-08,9288
6541,泰福-KY,10,0,10,凱基-埔墘,2023-02-08,9288
5309,系統電,11,2,9,凱基-埔墘,2023-02-08,9288
1605,華新,9,0,9,凱基-埔墘,2023-02-08,9288
3558,神準,9,1,8,凱基-埔墘,2023-02-08,9288
3481,群創,35,27,8,凱基-埔墘,2023-02-08,9288
2406,國碩,7,0,7,凱基-埔墘,2023-02-08,9288
6770,力積電,7,0,7,凱基-埔墘,2023-02-08,9288
1201,味全,6,0,6,凱基-埔墘,2023-02-08,9288
00679B,元大美債20年,6,0,6,凱基-埔墘,2023-02-08,9288
2413,環科,6,0,6,凱基-埔墘,2023-02-08,9288
3322,建舜電,6,0,6,凱基-埔墘,2023-02-08,9288
8996,高力,11,5,6,凱基-埔墘,2023-02-08,9288
2230,泰茂,6,0,6,凱基-埔墘,2023-02-08,9288
2607,榮運,5,0,5,凱基-埔墘,2023-02-08,9288
3071,協禧,25,20,5,凱基-埔墘,2023-02-08,9288
3221,台嘉碩,5,0,5,凱基-埔墘,2023-02-08,9288
3592,瑞鼎,5,0,5,凱基-埔墘,2023-02-08,9288
8097,常珵,5,0,5,凱基-埔墘,2023-02-08,9288
8261,富鼎,5,0,5,凱基-埔墘,2023-02-08,9288
8349,�矬�,5,0,5,凱基-埔墘,2023-02-08,9288
3707,漢磊,4,0,4,凱基-埔墘,2023-02-08,9288
00637L,元大滬深300正2,4,0,4,凱基-埔墘,2023-02-08,9288
2408,南亞科,4,0,4,凱基-埔墘,2023-02-08,9288
2425,承啟,4,0,4,凱基-埔墘,2023-02-08,9288
2444,兆勁,4,0,4,凱基-埔墘,2023-02-08,9288
3498,陽程,4,0,4,凱基-埔墘,2023-02-08,9288
6167,久正,4,0,4,凱基-埔墘,2023-02-08,9288
6790,永豐實,4,0,4,凱基-埔墘,2023-02-08,9288
8033,雷虎,4,0,4,凱基-埔墘,2023-02-08,9288
00673R,期元大S＆P原油反1,150,0,150,凱基-埔墘,2023-02-09,9288
3049,精金,110,0,110,凱基-埔墘,2023-02-09,9288
1605,華新,49,7,42,凱基-埔墘,2023-02-09,9288
2409,友達,77,35,42,凱基-埔墘,2023-02-09,9288
4164,承業醫,35,0,35,凱基-埔墘,2023-02-09,9288
2812,台中銀,30,0,30,凱基-埔墘,2023-02-09,9288
00878,國泰永續高股息,24,0,24,凱基-埔墘,2023-02-09,9288
4114,健喬,27,5,22,凱基-埔墘,2023-02-09,9288
4919,新唐,30,9,21,凱基-埔墘,2023-02-09,9288
2408,南亞科,18,1,17,凱基-埔墘,2023-02-09,9288
8349,�矬�,15,0,15,凱基-埔墘,2023-02-09,9288
1514,亞力,13,0,13,凱基-埔墘,2023-02-09,9288
00637L,元大滬深300正2,21,9,12,凱基-埔墘,2023-02-09,9288
6153,嘉聯益,11,0,11,凱基-埔墘,2023-02-09,9288
6245,立端,12,1,11,凱基-埔墘,2023-02-09,9288
00633L,富邦上証正2,10,0,10,凱基-埔墘,2023-02-09,9288
00688L,國泰20年美債正2,10,0,10,凱基-埔墘,2023-02-09,9288
1611,中電,10,0,10,凱基-埔墘,2023-02-09,9288
2483,百容,10,0,10,凱基-埔墘,2023-02-09,9288
4529,淳紳,10,0,10,凱基-埔墘,2023-02-09,9288
9958,世紀鋼,10,0,10,凱基-埔墘,2023-02-09,9288
9945,潤泰新,10,1,9,凱基-埔墘,2023-02-09,9288
6558,興能高,8,0,8,凱基-埔墘,2023-02-09,9288
6165,浪凡,8,0,8,凱基-埔墘,2023-02-09,9288
1795,美時,7,0,7,凱基-埔墘,2023-02-09,9288
2610,華航,12,5,7,凱基-埔墘,2023-02-09,9288
3141,晶宏,13,6,7,凱基-埔墘,2023-02-09,9288
00720B,元大投資級公司債,6,0,6,凱基-埔墘,2023-02-09,9288
2375,凱美,6,0,6,凱基-埔墘,2023-02-09,9288
3702,大聯大,6,0,6,凱基-埔墘,2023-02-09,9288
2888,新光金,5,0,5,凱基-埔墘,2023-02-09,9288
1760,寶齡富錦,7,2,5,凱基-埔墘,2023-02-09,9288
00882,中信中國高股息,5,0,5,凱基-埔墘,2023-02-09,9288
2201,裕隆,7,2,5,凱基-埔墘,2023-02-09,9288
2834,臺企銀,6,1,5,凱基-埔墘,2023-02-09,9288
2892,第一金,5,0,5,凱基-埔墘,2023-02-09,9288
2897,王道銀行,5,0,5,凱基-埔墘,2023-02-09,9288
4167,松瑞藥,5,0,5,凱基-埔墘,2023-02-09,9288
6443,元晶,6,1,5,凱基-埔墘,2023-02-09,9288
3228,金麗科,5,0,5,凱基-埔墘,2023-02-09,9288
3443,創意,8,3,5,凱基-埔墘,2023-02-09,9288
6770,力積電,5,1,4,凱基-埔墘,2023-02-09,9288
2368,金像電,4,0,4,凱基-埔墘,2023-02-09,9288
6781,AES-KY,4,0,4,凱基-埔墘,2023-02-09,9288
2413,環科,14,10,4,凱基-埔墘,2023-02-09,9288
2484,希華,5,1,4,凱基-埔墘,2023-02-09,9288
5309,系統電,4,0,4,凱基-埔墘,2023-02-09,9288
5371,中光電,4,0,4,凱基-埔墘,2023-02-09,9288
8933,愛地雅,4,0,4,凱基-埔墘,2023-02-09,9288
2891,中信金,4,1,3,凱基-埔墘,2023-02-09,9288
3049,精金,270,0,270,凱基-埔墘,2023-02-10,9288
4977,眾達-KY,63,0,63,凱基-埔墘,2023-02-10,9288
2634,漢翔,101,42,59,凱基-埔墘,2023-02-10,9288
00878,國泰永續高股息,56,0,56,凱基-埔墘,2023-02-10,9288
1785,光洋科,32,0,32,凱基-埔墘,2023-02-10,9288
00637L,元大滬深300正2,26,1,25,凱基-埔墘,2023-02-10,9288
3706,神達,25,0,25,凱基-埔墘,2023-02-10,9288
3443,創意,23,3,20,凱基-埔墘,2023-02-10,9288
1605,華新,28,8,20,凱基-埔墘,2023-02-10,9288
4164,承業醫,20,0,20,凱基-埔墘,2023-02-10,9288
4919,新唐,21,1,20,凱基-埔墘,2023-02-10,9288
8341,日友,18,0,18,凱基-埔墘,2023-02-10,9288
00720B,元大投資級公司債,14,0,14,凱基-埔墘,2023-02-10,9288
2618,長榮航,14,0,14,凱基-埔墘,2023-02-10,9288
4739,康普,13,0,13,凱基-埔墘,2023-02-10,9288
3207,耀勝,12,0,12,凱基-埔墘,2023-02-10,9288
2498,宏達電,21,11,10,凱基-埔墘,2023-02-10,9288
2465,麗臺,10,0,10,凱基-埔墘,2023-02-10,9288
6695,芯鼎,10,0,10,凱基-埔墘,2023-02-10,9288
6550,北極星藥業-KY,10,1,9,凱基-埔墘,2023-02-10,9288
2609,陽明,9,0,9,凱基-埔墘,2023-02-10,9288
4167,松瑞藥,8,0,8,凱基-埔墘,2023-02-10,9288
6282,康舒,10,2,8,凱基-埔墘,2023-02-10,9288
2610,華航,7,0,7,凱基-埔墘,2023-02-10,9288
2367,燿華,6,0,6,凱基-埔墘,2023-02-10,9288
2409,友達,8,2,6,凱基-埔墘,2023-02-10,9288
2601,益航,6,0,6,凱基-埔墘,2023-02-10,9288
3034,聯詠,6,0,6,凱基-埔墘,2023-02-10,9288
4979,華星光,10,4,6,凱基-埔墘,2023-02-10,9288
3594,磐儀,9,4,5,凱基-埔墘,2023-02-10,9288
1584,精剛,32,27,5,凱基-埔墘,2023-02-10,9288
3013,晟銘電,5,0,5,凱基-埔墘,2023-02-10,9288
3141,晶宏,5,0,5,凱基-埔墘,2023-02-10,9288
3704,合勤控,5,0,5,凱基-埔墘,2023-02-10,9288
5009,榮剛,5,0,5,凱基-埔墘,2023-02-10,9288
5340,建榮,5,0,5,凱基-埔墘,2023-02-10,9288
6547,高端疫苗,5,0,5,凱基-埔墘,2023-02-10,9288
6578,達邦蛋白,5,0,5,凱基-埔墘,2023-02-10,9288
5285,界霖,4,0,4,凱基-埔墘,2023-02-10,9288
6205,詮欣,5,1,4,凱基-埔墘,2023-02-10,9288
6443,元晶,9,5,4,凱基-埔墘,2023-02-10,9288
0056,元大高股息,3,0,3,凱基-埔墘,2023-02-10,9288
6116,彩晶,3,0,3,凱基-埔墘,2023-02-10,9288
4763,材料-KY,7,4,3,凱基-埔墘,2023-02-10,9288
2377,微星,4,1,3,凱基-埔墘,2023-02-10,9288
1463,強盛新,3,0,3,凱基-埔墘,2023-02-10,9288
00683L,期元大美元指正2,3,0,3,凱基-埔墘,2023-02-10,9288
2009,第一銅,4,1,3,凱基-埔墘,2023-02-10,9288
2312,金寶,3,0,3,凱基-埔墘,2023-02-10,9288
2344,華邦電,3,0,3,凱基-埔墘,2023-02-10,9288
2206,三陽工業,134,0,134,凱基-埔墘,2023-02-13,9288
00878,國泰永續高股息,61,1,60,凱基-埔墘,2023-02-13,9288
2409,友達,52,0,52,凱基-埔墘,2023-02-13,9288
4164,承業醫,50,5,45,凱基-埔墘,2023-02-13,9288
2049,上銀,32,0,32,凱基-埔墘,2023-02-13,9288
3022,威強電,30,0,30,凱基-埔墘,2023-02-13,9288
4503,金雨,82,52,30,凱基-埔墘,2023-02-13,9288
2303,聯電,36,9,27,凱基-埔墘,2023-02-13,9288
00637L,元大滬深300正2,30,7,23,凱基-埔墘,2023-02-13,9288
00882,中信中國高股息,20,0,20,凱基-埔墘,2023-02-13,9288
3443,創意,17,3,14,凱基-埔墘,2023-02-13,9288
6129,普誠,14,0,14,凱基-埔墘,2023-02-13,9288
00720B,元大投資級公司債,13,0,13,凱基-埔墘,2023-02-13,9288
2609,陽明,33,21,12,凱基-埔墘,2023-02-13,9288
4529,淳紳,12,0,12,凱基-埔墘,2023-02-13,9288
00725B,國泰投資級公司債,10,0,10,凱基-埔墘,2023-02-13,9288
4167,松瑞藥,10,0,10,凱基-埔墘,2023-02-13,9288
4931,新盛力,10,0,10,凱基-埔墘,2023-02-13,9288
2313,華通,10,1,9,凱基-埔墘,2023-02-13,9288
9958,世紀鋼,9,0,9,凱基-埔墘,2023-02-13,9288
2618,長榮航,12,4,8,凱基-埔墘,2023-02-13,9288
00632R,元大台灣50反1,7,0,7,凱基-埔墘,2023-02-13,9288
5347,世界,8,1,7,凱基-埔墘,2023-02-13,9288
6285,啟��,10,3,7,凱基-埔墘,2023-02-13,9288
8033,雷虎,7,0,7,凱基-埔墘,2023-02-13,9288
2615,萬海,6,0,6,凱基-埔墘,2023-02-13,9288
2034,允強,7,1,6,凱基-埔墘,2023-02-13,9288
6806,森崴能源,17,11,6,凱基-埔墘,2023-02-13,9288
2498,宏達電,8,2,6,凱基-埔墘,2023-02-13,9288
2014,中鴻,10,5,5,凱基-埔墘,2023-02-13,9288
2010,春源,5,0,5,凱基-埔墘,2023-02-13,9288
1718,中纖,5,0,5,凱基-埔墘,2023-02-13,9288
2433,互盛電,5,0,5,凱基-埔墘,2023-02-13,9288
2607,榮運,7,2,5,凱基-埔墘,2023-02-13,9288
2888,新光金,5,0,5,凱基-埔墘,2023-02-13,9288
3041,揚智,5,0,5,凱基-埔墘,2023-02-13,9288
6116,彩晶,5,0,5,凱基-埔墘,2023-02-13,9288
6541,泰福-KY,5,0,5,凱基-埔墘,2023-02-13,9288
1810,和成,4,0,4,凱基-埔墘,2023-02-13,9288
2317,鴻海,4,0,4,凱基-埔墘,2023-02-13,9288
3481,群創,4,0,4,凱基-埔墘,2023-02-13,9288
3558,神準,7,3,4,凱基-埔墘,2023-02-13,9288
5425,台半,4,0,4,凱基-埔墘,2023-02-13,9288
6782,視陽,4,0,4,凱基-埔墘,2023-02-13,9288
1710,東聯,3,0,3,凱基-埔墘,2023-02-13,9288
00830,國泰費城半導體,3,0,3,凱基-埔墘,2023-02-13,9288
2382,廣達,3,0,3,凱基-埔墘,2023-02-13,9288
2399,映泰,3,0,3,凱基-埔墘,2023-02-13,9288
2462,良得電,3,0,3,凱基-埔墘,2023-02-13,9288
2601,益航,3,0,3,凱基-埔墘,2023-02-13,9288
2427,三商電,100,0,100,凱基-埔墘,2023-02-14,9288
2206,三陽工業,53,1,52,凱基-埔墘,2023-02-14,9288
1612,宏泰,40,0,40,凱基-埔墘,2023-02-14,9288
00680L,元大美債20正2,26,0,26,凱基-埔墘,2023-02-14,9288
3049,精金,40,16,24,凱基-埔墘,2023-02-14,9288
1709,和益,20,0,20,凱基-埔墘,2023-02-14,9288
2812,台中銀,20,0,20,凱基-埔墘,2023-02-14,9288
6770,力積電,20,0,20,凱基-埔墘,2023-02-14,9288
2607,榮運,17,4,13,凱基-埔墘,2023-02-14,9288
1201,味全,10,0,10,凱基-埔墘,2023-02-14,9288
3017,奇鋐,13,3,10,凱基-埔墘,2023-02-14,9288
5309,系統電,10,0,10,凱基-埔墘,2023-02-14,9288
2009,第一銅,22,13,9,凱基-埔墘,2023-02-14,9288
2471,資通,16,7,9,凱基-埔墘,2023-02-14,9288
6234,高僑,9,0,9,凱基-埔墘,2023-02-14,9288
4931,新盛力,8,0,8,凱基-埔墘,2023-02-14,9288
1710,東聯,7,0,7,凱基-埔墘,2023-02-14,9288
2884,玉山金,11,4,7,凱基-埔墘,2023-02-14,9288
8349,�矬�,7,0,7,凱基-埔墘,2023-02-14,9288
2413,環科,9,3,6,凱基-埔墘,2023-02-14,9288
2433,互盛電,6,0,6,凱基-埔墘,2023-02-14,9288
4746,台耀,6,0,6,凱基-埔墘,2023-02-14,9288
6285,啟��,10,4,6,凱基-埔墘,2023-02-14,9288
3596,智易,5,0,5,凱基-埔墘,2023-02-14,9288
1584,精剛,5,0,5,凱基-埔墘,2023-02-14,9288
6163,華電網,5,0,5,凱基-埔墘,2023-02-14,9288
6517,保勝光學,5,0,5,凱基-埔墘,2023-02-14,9288
00885,富邦越南,4,0,4,凱基-埔墘,2023-02-14,9288
2453,凌群,26,22,4,凱基-埔墘,2023-02-14,9288
2498,宏達電,4,0,4,凱基-埔墘,2023-02-14,9288
4114,健喬,6,2,4,凱基-埔墘,2023-02-14,9288
6015,宏遠證,4,0,4,凱基-埔墘,2023-02-14,9288
6806,森崴能源,5,1,4,凱基-埔墘,2023-02-14,9288
1708,東鹼,3,0,3,凱基-埔墘,2023-02-14,9288
3552,同致,3,0,3,凱基-埔墘,2023-02-14,9288
4207,環泰,3,0,3,凱基-埔墘,2023-02-14,9288
5355,佳總,3,0,3,凱基-埔墘,2023-02-14,9288
6129,普誠,3,0,3,凱基-埔墘,2023-02-14,9288
6509,聚和,3,0,3,凱基-埔墘,2023-02-14,9288
8341,日友,3,0,3,凱基-埔墘,2023-02-14,9288
1342,八貫,8,5,3,凱基-埔墘,2023-02-14,9288
2338,光罩,2,0,2,凱基-埔墘,2023-02-14,9288
2404,漢唐,2,0,2,凱基-埔墘,2023-02-14,9288
00675L,富邦臺灣加權正2,2,0,2,凱基-埔墘,2023-02-14,9288
00878,國泰永續高股息,14,12,2,凱基-埔墘,2023-02-14,9288
1810,和成,2,0,2,凱基-埔墘,2023-02-14,9288
1701,中化,2,0,2,凱基-埔墘,2023-02-14,9288
2230,泰茂,2,0,2,凱基-埔墘,2023-02-14,9288
2603,長榮,3,1,2,凱基-埔墘,2023-02-14,9288
2726,雅茗-KY,2,0,2,凱基-埔墘,2023-02-14,9288
4960,誠美材,100,0,100,凱基-埔墘,2023-02-15,9288
6271,同欣電,50,0,50,凱基-埔墘,2023-02-15,9288
00878,國泰永續高股息,43,1,42,凱基-埔墘,2023-02-15,9288
2609,陽明,30,0,30,凱基-埔墘,2023-02-15,9288
3221,台嘉碩,35,6,29,凱基-埔墘,2023-02-15,9288
00900,富邦特選高股息30,25,0,25,凱基-埔墘,2023-02-15,9288
2462,良得電,91,68,23,凱基-埔墘,2023-02-15,9288
2607,榮運,22,0,22,凱基-埔墘,2023-02-15,9288
2743,山富,16,1,15,凱基-埔墘,2023-02-15,9288
5285,界霖,14,1,13,凱基-埔墘,2023-02-15,9288
6443,元晶,16,4,12,凱基-埔墘,2023-02-15,9288
6446,藥華藥,12,0,12,凱基-埔墘,2023-02-15,9288
2890,永豐金,11,0,11,凱基-埔墘,2023-02-15,9288
3558,神準,15,4,11,凱基-埔墘,2023-02-15,9288
2002,中鋼,10,0,10,凱基-埔墘,2023-02-15,9288
00896,中信綠能及電動車,10,0,10,凱基-埔墘,2023-02-15,9288
00753L,中信中國50正2,10,0,10,凱基-埔墘,2023-02-15,9288
2888,新光金,10,0,10,凱基-埔墘,2023-02-15,9288
3021,鴻名,10,0,10,凱基-埔墘,2023-02-15,9288
4555,氣立,10,0,10,凱基-埔墘,2023-02-15,9288
6733,博晟生醫,10,0,10,凱基-埔墘,2023-02-15,9288
8940,新天地,10,0,10,凱基-埔墘,2023-02-15,9288
00650L,復華香港正2,9,0,9,凱基-埔墘,2023-02-15,9288
00637L,元大滬深300正2,13,4,9,凱基-埔墘,2023-02-15,9288
00679B,元大美債20年,9,0,9,凱基-埔墘,2023-02-15,9288
4968,立積,9,0,9,凱基-埔墘,2023-02-15,9288
6129,普誠,9,0,9,凱基-埔墘,2023-02-15,9288
6244,茂迪,9,0,9,凱基-埔墘,2023-02-15,9288
2413,環科,8,0,8,凱基-埔墘,2023-02-15,9288
00680L,元大美債20正2,10,3,7,凱基-埔墘,2023-02-15,9288
4967,十銓,10,3,7,凱基-埔墘,2023-02-15,9288
6235,華孚,6,0,6,凱基-埔墘,2023-02-15,9288
6547,高端疫苗,5,0,5,凱基-埔墘,2023-02-15,9288
00671R,富邦NASDAQ反1,5,0,5,凱基-埔墘,2023-02-15,9288
00885,富邦越南,5,0,5,凱基-埔墘,2023-02-15,9288
1789,神隆,5,0,5,凱基-埔墘,2023-02-15,9288
2363,矽統,5,0,5,凱基-埔墘,2023-02-15,9288
2615,萬海,5,0,5,凱基-埔墘,2023-02-15,9288
4114,健喬,10,5,5,凱基-埔墘,2023-02-15,9288
4739,康普,8,3,5,凱基-埔墘,2023-02-15,9288
4979,華星光,5,0,5,凱基-埔墘,2023-02-15,9288
6104,創惟,6,1,5,凱基-埔墘,2023-02-15,9288
6116,彩晶,5,0,5,凱基-埔墘,2023-02-15,9288
2884,玉山金,5,0,5,凱基-埔墘,2023-02-15,9288
2027,大成鋼,5,1,4,凱基-埔墘,2023-02-15,9288
2337,旺宏,4,0,4,凱基-埔墘,2023-02-15,9288
2634,漢翔,5,1,4,凱基-埔墘,2023-02-15,9288
6411,晶焱,4,0,4,凱基-埔墘,2023-02-15,9288
8358,金居,4,0,4,凱基-埔墘,2023-02-15,9288
00882,中信中國高股息,3,0,3,凱基-埔墘,2023-02-15,9288
00878,國泰永續高股息,73,1,72,凱基-埔墘,2023-02-16,9288
2427,三商電,70,0,70,凱基-埔墘,2023-02-16,9288
6271,同欣電,50,0,50,凱基-埔墘,2023-02-16,9288
00632R,元大台灣50反1,41,0,41,凱基-埔墘,2023-02-16,9288
6477,安集,50,20,30,凱基-埔墘,2023-02-16,9288
2706,第一店,24,0,24,凱基-埔墘,2023-02-16,9288
00900,富邦特選高股息30,23,0,23,凱基-埔墘,2023-02-16,9288
3049,精金,22,0,22,凱基-埔墘,2023-02-16,9288
6173,信昌電,20,0,20,凱基-埔墘,2023-02-16,9288
6191,精成科,18,0,18,凱基-埔墘,2023-02-16,9288
00679B,元大美債20年,17,0,17,凱基-埔墘,2023-02-16,9288
9958,世紀鋼,17,0,17,凱基-埔墘,2023-02-16,9288
2201,裕隆,24,8,16,凱基-埔墘,2023-02-16,9288
2323,中環,15,0,15,凱基-埔墘,2023-02-16,9288
5285,界霖,12,1,11,凱基-埔墘,2023-02-16,9288
00885,富邦越南,10,0,10,凱基-埔墘,2023-02-16,9288
3710,連展投控,10,0,10,凱基-埔墘,2023-02-16,9288
3128,昇銳,11,2,9,凱基-埔墘,2023-02-16,9288
6603,富強鑫,7,0,7,凱基-埔墘,2023-02-16,9288
2634,漢翔,32,26,6,凱基-埔墘,2023-02-16,9288
2707,晶華,6,0,6,凱基-埔墘,2023-02-16,9288
9938,百和,6,0,6,凱基-埔墘,2023-02-16,9288
00671R,富邦NASDAQ反1,5,0,5,凱基-埔墘,2023-02-16,9288
3290,東浦,5,0,5,凱基-埔墘,2023-02-16,9288
3596,智易,5,0,5,凱基-埔墘,2023-02-16,9288
6167,久正,5,0,5,凱基-埔墘,2023-02-16,9288
2314,台揚,4,0,4,凱基-埔墘,2023-02-16,9288
2462,良得電,4,0,4,凱基-埔墘,2023-02-16,9288
2615,萬海,4,0,4,凱基-埔墘,2023-02-16,9288
4401,東隆興,4,0,4,凱基-埔墘,2023-02-16,9288
5608,四維航,4,0,4,凱基-埔墘,2023-02-16,9288
6531,愛普*,4,0,4,凱基-埔墘,2023-02-16,9288
6874,倍力,4,0,4,凱基-埔墘,2023-02-16,9288
8033,雷虎,4,0,4,凱基-埔墘,2023-02-16,9288
2337,旺宏,3,0,3,凱基-埔墘,2023-02-16,9288
3088,艾訊,3,0,3,凱基-埔墘,2023-02-16,9288
3712,永崴投控,3,0,3,凱基-埔墘,2023-02-16,9288
4961,天鈺,4,1,3,凱基-埔墘,2023-02-16,9288
6456,GIS-KY,3,0,3,凱基-埔墘,2023-02-16,9288
8183,精星,3,0,3,凱基-埔墘,2023-02-16,9288
6712,長聖,2,0,2,凱基-埔墘,2023-02-16,9288
1519,華城,4,2,2,凱基-埔墘,2023-02-16,9288
00673R,期元大S＆P原油反1,2,0,2,凱基-埔墘,2023-02-16,9288
2465,麗臺,11,9,2,凱基-埔墘,2023-02-16,9288
2723,美食-KY,2,0,2,凱基-埔墘,2023-02-16,9288
2883,凱基金,5,3,2,凱基-埔墘,2023-02-16,9288
3189,景碩,2,0,2,凱基-埔墘,2023-02-16,9288
3707,漢磊,3,1,2,凱基-埔墘,2023-02-16,9288
4746,台耀,2,0,2,凱基-埔墘,2023-02-16,9288
5347,世界,2,0,2,凱基-埔墘,2023-02-16,9288
2706,第一店,120,0,120,凱基-埔墘,2023-02-17,9288
00642U,期元大S＆P石油,100,1,99,凱基-埔墘,2023-02-17,9288
2610,華航,87,22,65,凱基-埔墘,2023-02-17,9288
4979,華星光,51,0,51,凱基-埔墘,2023-02-17,9288
5340,建榮,46,0,46,凱基-埔墘,2023-02-17,9288
2427,三商電,42,0,42,凱基-埔墘,2023-02-17,9288
2495,普安,40,0,40,凱基-埔墘,2023-02-17,9288
3443,創意,42,3,39,凱基-埔墘,2023-02-17,9288
00641R,富邦日本反1,35,0,35,凱基-埔墘,2023-02-17,9288
2734,易飛網,30,0,30,凱基-埔墘,2023-02-17,9288
4768,晶呈科技,21,0,21,凱基-埔墘,2023-02-17,9288
00885,富邦越南,20,3,17,凱基-埔墘,2023-02-17,9288
3024,憶聲,16,0,16,凱基-埔墘,2023-02-17,9288
5009,榮剛,14,0,14,凱基-埔墘,2023-02-17,9288
00878,國泰永續高股息,18,6,12,凱基-埔墘,2023-02-17,9288
00720B,元大投資級公司債,12,0,12,凱基-埔墘,2023-02-17,9288
1584,精剛,11,0,11,凱基-埔墘,2023-02-17,9288
5469,瀚宇博,12,1,11,凱基-埔墘,2023-02-17,9288
2882,國泰金,10,0,10,凱基-埔墘,2023-02-17,9288
4966,譜瑞-KY,10,0,10,凱基-埔墘,2023-02-17,9288
1417,嘉裕,10,0,10,凱基-埔墘,2023-02-17,9288
00688L,國泰20年美債正2,10,0,10,凱基-埔墘,2023-02-17,9288
1605,華新,18,8,10,凱基-埔墘,2023-02-17,9288
00679B,元大美債20年,8,0,8,凱基-埔墘,2023-02-17,9288
3049,精金,30,22,8,凱基-埔墘,2023-02-17,9288
1524,耿鼎,7,0,7,凱基-埔墘,2023-02-17,9288
00900,富邦特選高股息30,7,0,7,凱基-埔墘,2023-02-17,9288
4746,台耀,7,0,7,凱基-埔墘,2023-02-17,9288
6245,立端,11,4,7,凱基-埔墘,2023-02-17,9288
6443,元晶,9,2,7,凱基-埔墘,2023-02-17,9288
1342,八貫,8,2,6,凱基-埔墘,2023-02-17,9288
2637,慧洋-KY,6,0,6,凱基-埔墘,2023-02-17,9288
3376,新日興,10,4,6,凱基-埔墘,2023-02-17,9288
6235,華孚,10,4,6,凱基-埔墘,2023-02-17,9288
8033,雷虎,12,6,6,凱基-埔墘,2023-02-17,9288
1609,大亞,5,0,5,凱基-埔墘,2023-02-17,9288
2206,三陽工業,5,0,5,凱基-埔墘,2023-02-17,9288
2722,夏都,10,5,5,凱基-埔墘,2023-02-17,9288
4566,時碩工業,10,5,5,凱基-埔墘,2023-02-17,9288
4770,上品,6,1,5,凱基-埔墘,2023-02-17,9288
6226,光鼎,5,0,5,凱基-埔墘,2023-02-17,9288
8050,廣積,6,1,5,凱基-埔墘,2023-02-17,9288
8112,至上,5,0,5,凱基-埔墘,2023-02-17,9288
8938,明安,5,0,5,凱基-埔墘,2023-02-17,9288
8996,高力,6,1,5,凱基-埔墘,2023-02-17,9288
3228,金麗科,4,0,4,凱基-埔墘,2023-02-17,9288
00650L,復華香港正2,4,0,4,凱基-埔墘,2023-02-17,9288
00637L,元大滬深300正2,4,0,4,凱基-埔墘,2023-02-17,9288
2014,中鴻,6,2,4,凱基-埔墘,2023-02-17,9288
2368,金像電,10,6,4,凱基-埔墘,2023-02-17,9288
6205,詮欣,200,6,194,凱基-埔墘,2023-02-20,9288
2427,三商電,71,0,71,凱基-埔墘,2023-02-20,9288
3443,創意,72,3,69,凱基-埔墘,2023-02-20,9288
2706,第一店,50,0,50,凱基-埔墘,2023-02-20,9288
6158,禾昌,30,0,30,凱基-埔墘,2023-02-20,9288
2206,三陽工業,28,0,28,凱基-埔墘,2023-02-20,9288
8044,網家,25,1,24,凱基-埔墘,2023-02-20,9288
8033,雷虎,30,8,22,凱基-埔墘,2023-02-20,9288
4979,華星光,36,15,21,凱基-埔墘,2023-02-20,9288
2367,燿華,21,0,21,凱基-埔墘,2023-02-20,9288
00632R,元大台灣50反1,20,0,20,凱基-埔墘,2023-02-20,9288
9933,中鼎,20,0,20,凱基-埔墘,2023-02-20,9288
3046,建��,40,21,19,凱基-埔墘,2023-02-20,9288
2317,鴻海,18,1,17,凱基-埔墘,2023-02-20,9288
6284,佳邦,21,4,17,凱基-埔墘,2023-02-20,9288
6282,康舒,16,0,16,凱基-埔墘,2023-02-20,9288
00679B,元大美債20年,15,0,15,凱基-埔墘,2023-02-20,9288
1314,中石化,20,5,15,凱基-埔墘,2023-02-20,9288
8928,鉅明,15,0,15,凱基-埔墘,2023-02-20,9288
3024,憶聲,15,1,14,凱基-埔墘,2023-02-20,9288
3071,協禧,12,0,12,凱基-埔墘,2023-02-20,9288
8996,高力,13,1,12,凱基-埔墘,2023-02-20,9288
00893,國泰智能電動車,11,0,11,凱基-埔墘,2023-02-20,9288
2439,美律,12,1,11,凱基-埔墘,2023-02-20,9288
2303,聯電,15,5,10,凱基-埔墘,2023-02-20,9288
3030,德律,10,0,10,凱基-埔墘,2023-02-20,9288
2495,普安,10,0,10,凱基-埔墘,2023-02-20,9288
2851,中再保,10,0,10,凱基-埔墘,2023-02-20,9288
6470,宇智,10,0,10,凱基-埔墘,2023-02-20,9288
2610,華航,29,20,9,凱基-埔墘,2023-02-20,9288
3037,欣興,9,0,9,凱基-埔墘,2023-02-20,9288
6116,彩晶,20,11,9,凱基-埔墘,2023-02-20,9288
6438,迅得,9,0,9,凱基-埔墘,2023-02-20,9288
1709,和益,8,0,8,凱基-埔墘,2023-02-20,9288
1785,光洋科,7,0,7,凱基-埔墘,2023-02-20,9288
3189,景碩,7,0,7,凱基-埔墘,2023-02-20,9288
8086,宏捷科,7,0,7,凱基-埔墘,2023-02-20,9288
1513,中興電,6,0,6,凱基-埔墘,2023-02-20,9288
6541,泰福-KY,6,0,6,凱基-埔墘,2023-02-20,9288
8097,常珵,6,0,6,凱基-埔墘,2023-02-20,9288
00751B,元大AAA至A公司債,5,0,5,凱基-埔墘,2023-02-20,9288
1789,神隆,5,0,5,凱基-埔墘,2023-02-20,9288
2344,華邦電,6,1,5,凱基-埔墘,2023-02-20,9288
2637,慧洋-KY,5,0,5,凱基-埔墘,2023-02-20,9288
3019,亞光,5,0,5,凱基-埔墘,2023-02-20,9288
4919,新唐,5,0,5,凱基-埔墘,2023-02-20,9288
4927,泰鼎-KY,5,0,5,凱基-埔墘,2023-02-20,9288
9942,茂順,5,0,5,凱基-埔墘,2023-02-20,9288
1103,嘉泥,5,1,4,凱基-埔墘,2023-02-20,9288
1101B,台泥乙特,4,0,4,凱基-埔墘,2023-02-20,9288
6205,詮欣,143,16,127,凱基-埔墘,2023-02-21,9288
2461,光群雷,63,0,63,凱基-埔墘,2023-02-21,9288
3022,威強電,55,0,55,凱基-埔墘,2023-02-21,9288
3443,創意,52,3,49,凱基-埔墘,2023-02-21,9288
6282,康舒,54,11,43,凱基-埔墘,2023-02-21,9288
2049,上銀,40,3,37,凱基-埔墘,2023-02-21,9288
3071,協禧,35,0,35,凱基-埔墘,2023-02-21,9288
1460,宏遠,20,0,20,凱基-埔墘,2023-02-21,9288
2607,榮運,21,1,20,凱基-埔墘,2023-02-21,9288
2105,正新,20,1,19,凱基-埔墘,2023-02-21,9288
4529,淳紳,16,0,16,凱基-埔墘,2023-02-21,9288
3013,晟銘電,17,2,15,凱基-埔墘,2023-02-21,9288
2618,長榮航,17,3,14,凱基-埔墘,2023-02-21,9288
1108,幸福,13,0,13,凱基-埔墘,2023-02-21,9288
2457,飛宏,30,17,13,凱基-埔墘,2023-02-21,9288
2610,華航,15,3,12,凱基-埔墘,2023-02-21,9288
8996,高力,12,0,12,凱基-埔墘,2023-02-21,9288
2867,三商壽,11,0,11,凱基-埔墘,2023-02-21,9288
00878,國泰永續高股息,11,0,11,凱基-埔墘,2023-02-21,9288
00679B,元大美債20年,10,0,10,凱基-埔墘,2023-02-21,9288
1709,和益,10,0,10,凱基-埔墘,2023-02-21,9288
1810,和成,10,0,10,凱基-埔墘,2023-02-21,9288
2601,益航,10,0,10,凱基-埔墘,2023-02-21,9288
3049,精金,43,33,10,凱基-埔墘,2023-02-21,9288
3444,利機,10,0,10,凱基-埔墘,2023-02-21,9288
4961,天鈺,14,5,9,凱基-埔墘,2023-02-21,9288
4167,松瑞藥,10,1,9,凱基-埔墘,2023-02-21,9288
2409,友達,15,6,9,凱基-埔墘,2023-02-21,9288
2884,玉山金,18,10,8,凱基-埔墘,2023-02-21,9288
00650L,復華香港正2,8,0,8,凱基-埔墘,2023-02-21,9288
1419,新紡,7,0,7,凱基-埔墘,2023-02-21,9288
2883,凱基金,10,3,7,凱基-埔墘,2023-02-21,9288
6446,藥華藥,8,1,7,凱基-埔墘,2023-02-21,9288
00715L,期街口布蘭特正2,6,0,6,凱基-埔墘,2023-02-21,9288
2413,環科,6,0,6,凱基-埔墘,2023-02-21,9288
6235,華孚,20,14,6,凱基-埔墘,2023-02-21,9288
1522,堤維西,5,0,5,凱基-埔墘,2023-02-21,9288
00897,富邦基因免疫生技,5,0,5,凱基-埔墘,2023-02-21,9288
00830,國泰費城半導體,5,0,5,凱基-埔墘,2023-02-21,9288
2606,裕民,5,0,5,凱基-埔墘,2023-02-21,9288
3675,德微,16,11,5,凱基-埔墘,2023-02-21,9288
4919,新唐,8,3,5,凱基-埔墘,2023-02-21,9288
6153,嘉聯益,5,0,5,凱基-埔墘,2023-02-21,9288
6288,聯嘉,7,2,5,凱基-埔墘,2023-02-21,9288
3594,磐儀,5,1,4,凱基-埔墘,2023-02-21,9288
4960,誠美材,4,0,4,凱基-埔墘,2023-02-21,9288
8105,凌巨,14,10,4,凱基-埔墘,2023-02-21,9288
00725B,國泰投資級公司債,3,0,3,凱基-埔墘,2023-02-21,9288
3680,家登,3,0,3,凱基-埔墘,2023-02-21,9288
00882,中信中國高股息,3,0,3,凱基-埔墘,2023-02-21,9288
2706,第一店,103,0,103,凱基-埔墘,2023-02-22,9288
3443,創意,82,3,79,凱基-埔墘,2023-02-22,9288
1101,台泥,80,3,77,凱基-埔墘,2023-02-22,9288
2617,台航,74,0,74,凱基-埔墘,2023-02-22,9288
3022,威強電,70,1,69,凱基-埔墘,2023-02-22,9288
6205,詮欣,99,37,62,凱基-埔墘,2023-02-22,9288
2340,台亞,43,0,43,凱基-埔墘,2023-02-22,9288
2609,陽明,43,10,33,凱基-埔墘,2023-02-22,9288
8936,國統,43,11,32,凱基-埔墘,2023-02-22,9288
00878,國泰永續高股息,41,9,32,凱基-埔墘,2023-02-22,9288
00637L,元大滬深300正2,34,4,30,凱基-埔墘,2023-02-22,9288
2603,長榮,21,0,21,凱基-埔墘,2023-02-22,9288
2880,華南金,21,1,20,凱基-埔墘,2023-02-22,9288
00641R,富邦日本反1,20,0,20,凱基-埔墘,2023-02-22,9288
00751B,元大AAA至A公司債,17,0,17,凱基-埔墘,2023-02-22,9288
00720B,元大投資級公司債,16,0,16,凱基-埔墘,2023-02-22,9288
6158,禾昌,15,0,15,凱基-埔墘,2023-02-22,9288
4190,佐登-KY,20,7,13,凱基-埔墘,2023-02-22,9288
00898,國泰基因免疫革命,12,0,12,凱基-埔墘,2023-02-22,9288
2834,臺企銀,18,6,12,凱基-埔墘,2023-02-22,9288
4164,承業醫,11,0,11,凱基-埔墘,2023-02-22,9288
3419,譁裕,21,11,10,凱基-埔墘,2023-02-22,9288
1584,精剛,12,2,10,凱基-埔墘,2023-02-22,9288
2351,順德,10,0,10,凱基-埔墘,2023-02-22,9288
2385,群光,10,0,10,凱基-埔墘,2023-02-22,9288
8440,綠電,10,0,10,凱基-埔墘,2023-02-22,9288
4979,華星光,9,0,9,凱基-埔墘,2023-02-22,9288
8996,高力,15,6,9,凱基-埔墘,2023-02-22,9288
2014,中鴻,8,0,8,凱基-埔墘,2023-02-22,9288
2337,旺宏,8,0,8,凱基-埔墘,2023-02-22,9288
6165,浪凡,7,0,7,凱基-埔墘,2023-02-22,9288
00902,中信電池及儲能,7,0,7,凱基-埔墘,2023-02-22,9288
3413,京鼎,7,0,7,凱基-埔墘,2023-02-22,9288
8044,網家,11,4,7,凱基-埔墘,2023-02-22,9288
2498,宏達電,6,0,6,凱基-埔墘,2023-02-22,9288
00893,國泰智能電動車,6,0,6,凱基-埔墘,2023-02-22,9288
2457,飛宏,20,14,6,凱基-埔墘,2023-02-22,9288
1460,宏遠,6,0,6,凱基-埔墘,2023-02-22,9288
4961,天鈺,7,2,5,凱基-埔墘,2023-02-22,9288
4931,新盛力,5,0,5,凱基-埔墘,2023-02-22,9288
6244,茂迪,5,0,5,凱基-埔墘,2023-02-22,9288
1519,華城,78,73,5,凱基-埔墘,2023-02-22,9288
1529,樂事綠能,5,0,5,凱基-埔墘,2023-02-22,9288
2449,京元電子,5,0,5,凱基-埔墘,2023-02-22,9288
2605,新興,5,0,5,凱基-埔墘,2023-02-22,9288
2610,華航,6,1,5,凱基-埔墘,2023-02-22,9288
4167,松瑞藥,5,0,5,凱基-埔墘,2023-02-22,9288
6695,芯鼎,5,0,5,凱基-埔墘,2023-02-22,9288
3035,智原,6,2,4,凱基-埔墘,2023-02-22,9288
2756,聯發國際,5,1,4,凱基-埔墘,2023-02-22,9288
00632R,元大台灣50反1,198,0,198,凱基-埔墘,2023-02-23,9288
6205,詮欣,131,1,130,凱基-埔墘,2023-02-23,9288
6235,華孚,159,29,130,凱基-埔墘,2023-02-23,9288
2706,第一店,100,0,100,凱基-埔墘,2023-02-23,9288
2027,大成鋼,60,0,60,凱基-埔墘,2023-02-23,9288
3481,群創,47,0,47,凱基-埔墘,2023-02-23,9288
2344,華邦電,46,0,46,凱基-埔墘,2023-02-23,9288
2610,華航,39,1,38,凱基-埔墘,2023-02-23,9288
3058,立德,33,0,33,凱基-埔墘,2023-02-23,9288
6129,普誠,22,0,22,凱基-埔墘,2023-02-23,9288
5309,系統電,21,0,21,凱基-埔墘,2023-02-23,9288
2428,興勤,20,0,20,凱基-埔墘,2023-02-23,9288
2601,益航,20,0,20,凱基-埔墘,2023-02-23,9288
2834,臺企銀,30,10,20,凱基-埔墘,2023-02-23,9288
6715,嘉基,20,0,20,凱基-埔墘,2023-02-23,9288
5608,四維航,31,12,19,凱基-埔墘,2023-02-23,9288
00637L,元大滬深300正2,15,1,14,凱基-埔墘,2023-02-23,9288
2457,飛宏,19,6,13,凱基-埔墘,2023-02-23,9288
3037,欣興,12,1,11,凱基-埔墘,2023-02-23,9288
00725B,國泰投資級公司債,11,0,11,凱基-埔墘,2023-02-23,9288
5243,乙盛-KY,11,0,11,凱基-埔墘,2023-02-23,9288
1810,和成,15,5,10,凱基-埔墘,2023-02-23,9288
2103,台橡,10,0,10,凱基-埔墘,2023-02-23,9288
2492,華新科,10,0,10,凱基-埔墘,2023-02-23,9288
3673,TPK-KY,20,10,10,凱基-埔墘,2023-02-23,9288
00720B,元大投資級公司債,10,0,10,凱基-埔墘,2023-02-23,9288
2330,台積電,12,2,10,凱基-埔墘,2023-02-23,9288
00665L,富邦�琤肭磪囓�2,14,5,9,凱基-埔墘,2023-02-23,9288
2409,友達,21,12,9,凱基-埔墘,2023-02-23,9288
9907,統一實,10,1,9,凱基-埔墘,2023-02-23,9288
3042,晶技,8,0,8,凱基-埔墘,2023-02-23,9288
2461,光群雷,7,0,7,凱基-埔墘,2023-02-23,9288
2734,易飛網,12,5,7,凱基-埔墘,2023-02-23,9288
1524,耿鼎,6,0,6,凱基-埔墘,2023-02-23,9288
1785,光洋科,6,0,6,凱基-埔墘,2023-02-23,9288
2884,玉山金,6,0,6,凱基-埔墘,2023-02-23,9288
8996,高力,8,2,6,凱基-埔墘,2023-02-23,9288
4919,新唐,17,11,6,凱基-埔墘,2023-02-23,9288
4770,上品,7,2,5,凱基-埔墘,2023-02-23,9288
00642U,期元大S＆P石油,5,0,5,凱基-埔墘,2023-02-23,9288
1609,大亞,5,0,5,凱基-埔墘,2023-02-23,9288
2436,偉詮電,5,0,5,凱基-埔墘,2023-02-23,9288
2897,王道銀行,5,0,5,凱基-埔墘,2023-02-23,9288
3596,智易,5,0,5,凱基-埔墘,2023-02-23,9288
4190,佐登-KY,5,0,5,凱基-埔墘,2023-02-23,9288
6179,亞通,5,0,5,凱基-埔墘,2023-02-23,9288
8076,伍豐,5,0,5,凱基-埔墘,2023-02-23,9288
2314,台揚,4,0,4,凱基-埔墘,2023-02-23,9288
2356,英業達,5,1,4,凱基-埔墘,2023-02-23,9288
2377,微星,4,0,4,凱基-埔墘,2023-02-23,9288
6290,良維,330,2,328,凱基-埔墘,2023-02-24,9288
3049,精金,300,130,170,凱基-埔墘,2023-02-24,9288
2641,正德,69,12,57,凱基-埔墘,2023-02-24,9288
00637L,元大滬深300正2,56,2,54,凱基-埔墘,2023-02-24,9288
2206,三陽工業,43,2,41,凱基-埔墘,2023-02-24,9288
5381,合正,31,0,31,凱基-埔墘,2023-02-24,9288
00638R,元大滬深300反1,30,0,30,凱基-埔墘,2023-02-24,9288
1444,力麗,25,3,22,凱基-埔墘,2023-02-24,9288
6185,幃翔,20,0,20,凱基-埔墘,2023-02-24,9288
2890,永豐金,20,1,19,凱基-埔墘,2023-02-24,9288
2610,華航,27,10,17,凱基-埔墘,2023-02-24,9288
0056,元大高股息,16,0,16,凱基-埔墘,2023-02-24,9288
2812,台中銀,15,0,15,凱基-埔墘,2023-02-24,9288
3532,台勝科,15,0,15,凱基-埔墘,2023-02-24,9288
8150,南茂,15,0,15,凱基-埔墘,2023-02-24,9288
2618,長榮航,15,1,14,凱基-埔墘,2023-02-24,9288
3037,欣興,18,5,13,凱基-埔墘,2023-02-24,9288
2426,鼎元,13,0,13,凱基-埔墘,2023-02-24,9288
2014,中鴻,23,11,12,凱基-埔墘,2023-02-24,9288
2317,鴻海,13,1,12,凱基-埔墘,2023-02-24,9288
1101,台泥,12,1,11,凱基-埔墘,2023-02-24,9288
4919,新唐,21,10,11,凱基-埔墘,2023-02-24,9288
00753L,中信中國50正2,10,0,10,凱基-埔墘,2023-02-24,9288
00680L,元大美債20正2,10,0,10,凱基-埔墘,2023-02-24,9288
2441,超豐,10,0,10,凱基-埔墘,2023-02-24,9288
2547,日勝生,10,0,10,凱基-埔墘,2023-02-24,9288
2612,中航,10,0,10,凱基-埔墘,2023-02-24,9288
2637,慧洋-KY,27,17,10,凱基-埔墘,2023-02-24,9288
3058,立德,10,0,10,凱基-埔墘,2023-02-24,9288
3162,精確,10,0,10,凱基-埔墘,2023-02-24,9288
3339,泰谷,10,0,10,凱基-埔墘,2023-02-24,9288
3673,TPK-KY,10,0,10,凱基-埔墘,2023-02-24,9288
4114,健喬,10,0,10,凱基-埔墘,2023-02-24,9288
5425,台半,10,0,10,凱基-埔墘,2023-02-24,9288
6257,矽格,10,0,10,凱基-埔墘,2023-02-24,9288
1605,華新,12,3,9,凱基-埔墘,2023-02-24,9288
2344,華邦電,10,1,9,凱基-埔墘,2023-02-24,9288
00641R,富邦日本反1,8,0,8,凱基-埔墘,2023-02-24,9288
2388,威盛,61,53,8,凱基-埔墘,2023-02-24,9288
1503,士電,9,2,7,凱基-埔墘,2023-02-24,9288
2609,陽明,14,7,7,凱基-埔墘,2023-02-24,9288
4968,立積,7,0,7,凱基-埔墘,2023-02-24,9288
6515,穎崴,8,1,7,凱基-埔墘,2023-02-24,9288
2330,台積電,13,6,7,凱基-埔墘,2023-02-24,9288
3017,奇鋐,13,7,6,凱基-埔墘,2023-02-24,9288
4763,材料-KY,12,6,6,凱基-埔墘,2023-02-24,9288
6233,旺玖,6,0,6,凱基-埔墘,2023-02-24,9288
6285,啟��,6,0,6,凱基-埔墘,2023-02-24,9288
00632R,元大台灣50反1,5,0,5,凱基-埔墘,2023-02-24,9288
00897,富邦基因免疫生技,5,0,5,凱基-埔墘,2023-02-24,9288
4974,亞泰,207,0,207,凱基-埔墘,2023-03-01,9288
1605,華新,74,12,62,凱基-埔墘,2023-03-01,9288
4915,致伸,61,0,61,凱基-埔墘,2023-03-01,9288
00632R,元大台灣50反1,40,1,39,凱基-埔墘,2023-03-01,9288
00878,國泰永續高股息,36,0,36,凱基-埔墘,2023-03-01,9288
2610,華航,28,2,26,凱基-埔墘,2023-03-01,9288
6266,泰詠,27,3,24,凱基-埔墘,2023-03-01,9288
2206,三陽工業,21,0,21,凱基-埔墘,2023-03-01,9288
2439,美律,20,0,20,凱基-埔墘,2023-03-01,9288
2409,友達,22,4,18,凱基-埔墘,2023-03-01,9288
2605,新興,22,5,17,凱基-埔墘,2023-03-01,9288
00673R,期元大S＆P原油反1,16,0,16,凱基-埔墘,2023-03-01,9288
2027,大成鋼,15,0,15,凱基-埔墘,2023-03-01,9288
3703,欣陸,15,0,15,凱基-埔墘,2023-03-01,9288
5608,四維航,20,7,13,凱基-埔墘,2023-03-01,9288
2359,所羅門,42,30,12,凱基-埔墘,2023-03-01,9288
2484,希華,12,0,12,凱基-埔墘,2023-03-01,9288
2812,台中銀,12,0,12,凱基-埔墘,2023-03-01,9288
1210,大成,14,3,11,凱基-埔墘,2023-03-01,9288
2230,泰茂,10,0,10,凱基-埔墘,2023-03-01,9288
2433,互盛電,10,0,10,凱基-埔墘,2023-03-01,9288
2612,中航,10,0,10,凱基-埔墘,2023-03-01,9288
5309,系統電,10,0,10,凱基-埔墘,2023-03-01,9288
2609,陽明,11,2,9,凱基-埔墘,2023-03-01,9288
2408,南亞科,9,0,9,凱基-埔墘,2023-03-01,9288
3594,磐儀,9,0,9,凱基-埔墘,2023-03-01,9288
3147,大綜,8,0,8,凱基-埔墘,2023-03-01,9288
1905,華紙,11,4,7,凱基-埔墘,2023-03-01,9288
4174,浩鼎,7,0,7,凱基-埔墘,2023-03-01,9288
2006,東和鋼鐵,7,0,7,凱基-埔墘,2023-03-01,9288
0056,元大高股息,6,0,6,凱基-埔墘,2023-03-01,9288
4147,中裕,6,0,6,凱基-埔墘,2023-03-01,9288
6167,久正,6,0,6,凱基-埔墘,2023-03-01,9288
3481,群創,7,2,5,凱基-埔墘,2023-03-01,9288
3714,富采,5,0,5,凱基-埔墘,2023-03-01,9288
1467,南緯,5,0,5,凱基-埔墘,2023-03-01,9288
00888,永豐台灣ESG,5,0,5,凱基-埔墘,2023-03-01,9288
2457,飛宏,5,0,5,凱基-埔墘,2023-03-01,9288
2888,新光金,5,0,5,凱基-埔墘,2023-03-01,9288
6706,惠特,5,0,5,凱基-埔墘,2023-03-01,9288
00713,元大台灣高息低波,4,0,4,凱基-埔墘,2023-03-01,9288
1710,東聯,4,0,4,凱基-埔墘,2023-03-01,9288
1752,南光,4,0,4,凱基-埔墘,2023-03-01,9288
2419,仲琦,54,50,4,凱基-埔墘,2023-03-01,9288
2607,榮運,5,1,4,凱基-埔墘,2023-03-01,9288
2849,安泰銀,4,0,4,凱基-埔墘,2023-03-01,9288
3362,先進光,26,22,4,凱基-埔墘,2023-03-01,9288
3532,台勝科,8,4,4,凱基-埔墘,2023-03-01,9288
6129,普誠,5,1,4,凱基-埔墘,2023-03-01,9288
6443,元晶,4,0,4,凱基-埔墘,2023-03-01,9288
5439,高技,83,0,83,凱基-埔墘,2023-03-02,9288
3661,世芯-KY,63,1,62,凱基-埔墘,2023-03-02,9288
00878,國泰永續高股息,37,0,37,凱基-埔墘,2023-03-02,9288
2069,運錩,35,0,35,凱基-埔墘,2023-03-02,9288
1605,華新,44,10,34,凱基-埔墘,2023-03-02,9288
3030,德律,33,0,33,凱基-埔墘,2023-03-02,9288
5457,宣德,29,3,26,凱基-埔墘,2023-03-02,9288
2618,長榮航,32,9,23,凱基-埔墘,2023-03-02,9288
2409,友達,23,2,21,凱基-埔墘,2023-03-02,9288
2027,大成鋼,20,0,20,凱基-埔墘,2023-03-02,9288
2402,毅嘉,20,0,20,凱基-埔墘,2023-03-02,9288
3206,志豐,19,0,19,凱基-埔墘,2023-03-02,9288
3481,群創,19,0,19,凱基-埔墘,2023-03-02,9288
2340,台亞,26,10,16,凱基-埔墘,2023-03-02,9288
1906,寶隆,15,0,15,凱基-埔墘,2023-03-02,9288
3323,加百裕,15,0,15,凱基-埔墘,2023-03-02,9288
1513,中興電,13,1,12,凱基-埔墘,2023-03-02,9288
3689,湧德,12,0,12,凱基-埔墘,2023-03-02,9288
4915,致伸,12,0,12,凱基-埔墘,2023-03-02,9288
1440,南紡,10,0,10,凱基-埔墘,2023-03-02,9288
00632R,元大台灣50反1,10,0,10,凱基-埔墘,2023-03-02,9288
1503,士電,10,0,10,凱基-埔墘,2023-03-02,9288
2329,華泰,10,0,10,凱基-埔墘,2023-03-02,9288
2367,燿華,10,0,10,凱基-埔墘,2023-03-02,9288
2612,中航,10,0,10,凱基-埔墘,2023-03-02,9288
2834,臺企銀,10,0,10,凱基-埔墘,2023-03-02,9288
2867,三商壽,10,0,10,凱基-埔墘,2023-03-02,9288
4977,眾達-KY,10,0,10,凱基-埔墘,2023-03-02,9288
5452,佶優,10,0,10,凱基-埔墘,2023-03-02,9288
6609,瀧澤科,9,0,9,凱基-埔墘,2023-03-02,9288
00679B,元大美債20年,8,0,8,凱基-埔墘,2023-03-02,9288
8342,益張,8,0,8,凱基-埔墘,2023-03-02,9288
2634,漢翔,7,0,7,凱基-埔墘,2023-03-02,9288
3706,神達,7,0,7,凱基-埔墘,2023-03-02,9288
6261,久元,7,0,7,凱基-埔墘,2023-03-02,9288
6517,保勝光學,10,3,7,凱基-埔墘,2023-03-02,9288
00773B,中信優先金融債,6,0,6,凱基-埔墘,2023-03-02,9288
2641,正德,9,3,6,凱基-埔墘,2023-03-02,9288
1210,大成,5,0,5,凱基-埔墘,2023-03-02,9288
00637L,元大滬深300正2,5,0,5,凱基-埔墘,2023-03-02,9288
2338,光罩,5,0,5,凱基-埔墘,2023-03-02,9288
2433,互盛電,5,0,5,凱基-埔墘,2023-03-02,9288
3419,譁裕,5,0,5,凱基-埔墘,2023-03-02,9288
4736,泰博,5,0,5,凱基-埔墘,2023-03-02,9288
6153,嘉聯益,5,0,5,凱基-埔墘,2023-03-02,9288
1524,耿鼎,4,0,4,凱基-埔墘,2023-03-02,9288
2897,王道銀行,4,0,4,凱基-埔墘,2023-03-02,9288
3714,富采,5,1,4,凱基-埔墘,2023-03-02,9288
4401,東隆興,4,0,4,凱基-埔墘,2023-03-02,9288
4532,瑞智,4,0,4,凱基-埔墘,2023-03-02,9288
00673R,期元大S＆P原油反1,73,0,73,凱基-埔墘,2023-03-03,9288
2344,華邦電,94,29,65,凱基-埔墘,2023-03-03,9288
3443,創意,33,1,32,凱基-埔墘,2023-03-03,9288
3066,李洲,28,0,28,凱基-埔墘,2023-03-03,9288
6129,普誠,25,1,24,凱基-埔墘,2023-03-03,9288
1709,和益,20,0,20,凱基-埔墘,2023-03-03,9288
6438,迅得,18,0,18,凱基-埔墘,2023-03-03,9288
2031,新光鋼,16,0,16,凱基-埔墘,2023-03-03,9288
2027,大成鋼,13,0,13,凱基-埔墘,2023-03-03,9288
2484,希華,20,7,13,凱基-埔墘,2023-03-03,9288
2388,威盛,11,0,11,凱基-埔墘,2023-03-03,9288
5425,台半,13,2,11,凱基-埔墘,2023-03-03,9288
6547,高端疫苗,11,0,11,凱基-埔墘,2023-03-03,9288
3037,欣興,16,6,10,凱基-埔墘,2023-03-03,9288
00632R,元大台灣50反1,10,0,10,凱基-埔墘,2023-03-03,9288
00683L,期元大美元指正2,10,0,10,凱基-埔墘,2023-03-03,9288
00751B,元大AAA至A公司債,10,0,10,凱基-埔墘,2023-03-03,9288
2412,中華電,10,0,10,凱基-埔墘,2023-03-03,9288
2890,永豐金,10,0,10,凱基-埔墘,2023-03-03,9288
6689,伊雲谷,10,0,10,凱基-埔墘,2023-03-03,9288
6770,力積電,10,0,10,凱基-埔墘,2023-03-03,9288
00713,元大台灣高息低波,9,0,9,凱基-埔墘,2023-03-03,9288
00637L,元大滬深300正2,11,2,9,凱基-埔墘,2023-03-03,9288
2897,王道銀行,8,0,8,凱基-埔墘,2023-03-03,9288
2609,陽明,15,8,7,凱基-埔墘,2023-03-03,9288
1210,大成,6,0,6,凱基-埔墘,2023-03-03,9288
2736,富野,6,0,6,凱基-埔墘,2023-03-03,9288
2891,中信金,6,0,6,凱基-埔墘,2023-03-03,9288
3029,零壹,11,5,6,凱基-埔墘,2023-03-03,9288
3149,正達,6,0,6,凱基-埔墘,2023-03-03,9288
3221,台嘉碩,6,0,6,凱基-埔墘,2023-03-03,9288
3413,京鼎,6,0,6,凱基-埔墘,2023-03-03,9288
8171,天宇,6,0,6,凱基-埔墘,2023-03-03,9288
8341,日友,6,0,6,凱基-埔墘,2023-03-03,9288
1101,台泥,5,0,5,凱基-埔墘,2023-03-03,9288
2542,興富發,5,0,5,凱基-埔墘,2023-03-03,9288
2201,裕隆,10,5,5,凱基-埔墘,2023-03-03,9288
2340,台亞,5,0,5,凱基-埔墘,2023-03-03,9288
2601,益航,5,0,5,凱基-埔墘,2023-03-03,9288
2611,志信,5,0,5,凱基-埔墘,2023-03-03,9288
2887,台新金,5,0,5,凱基-埔墘,2023-03-03,9288
3706,神達,5,0,5,凱基-埔墘,2023-03-03,9288
6695,芯鼎,5,0,5,凱基-埔墘,2023-03-03,9288
1513,中興電,6,2,4,凱基-埔墘,2023-03-03,9288
2603,長榮,5,1,4,凱基-埔墘,2023-03-03,9288
3228,金麗科,4,0,4,凱基-埔墘,2023-03-03,9288
3479,安勤,4,0,4,凱基-埔墘,2023-03-03,9288
3594,磐儀,4,0,4,凱基-埔墘,2023-03-03,9288
4960,誠美材,4,0,4,凱基-埔墘,2023-03-03,9288
6531,愛普*,5,1,4,凱基-埔墘,2023-03-03,9288
00632R,元大台灣50反1,191,0,191,凱基-埔墘,2023-03-06,9288
2462,良得電,148,48,100,凱基-埔墘,2023-03-06,9288
00673R,期元大S＆P原油反1,104,24,80,凱基-埔墘,2023-03-06,9288
2344,華邦電,65,3,62,凱基-埔墘,2023-03-06,9288
00637L,元大滬深300正2,55,2,53,凱基-埔墘,2023-03-06,9288
2634,漢翔,55,5,50,凱基-埔墘,2023-03-06,9288
2886,兆豐金,43,2,41,凱基-埔墘,2023-03-06,9288
2637,慧洋-KY,34,0,34,凱基-埔墘,2023-03-06,9288
2069,運錩,30,0,30,凱基-埔墘,2023-03-06,9288
2206,三陽工業,33,4,29,凱基-埔墘,2023-03-06,9288
2609,陽明,38,11,27,凱基-埔墘,2023-03-06,9288
5457,宣德,27,0,27,凱基-埔墘,2023-03-06,9288
1504,東元,25,1,24,凱基-埔墘,2023-03-06,9288
2618,長榮航,21,0,21,凱基-埔墘,2023-03-06,9288
3162,精確,21,0,21,凱基-埔墘,2023-03-06,9288
1907,永豐餘,20,0,20,凱基-埔墘,2023-03-06,9288
4114,健喬,81,61,20,凱基-埔墘,2023-03-06,9288
5439,高技,17,0,17,凱基-埔墘,2023-03-06,9288
2633,台灣高鐵,20,4,16,凱基-埔墘,2023-03-06,9288
3694,海華,15,0,15,凱基-埔墘,2023-03-06,9288
4164,承業醫,25,10,15,凱基-埔墘,2023-03-06,9288
2890,永豐金,14,0,14,凱基-埔墘,2023-03-06,9288
0056,元大高股息,14,1,13,凱基-埔墘,2023-03-06,9288
2409,友達,14,1,13,凱基-埔墘,2023-03-06,9288
5258,虹堡,35,22,13,凱基-埔墘,2023-03-06,9288
00885,富邦越南,10,0,10,凱基-埔墘,2023-03-06,9288
1434,福懋,10,0,10,凱基-埔墘,2023-03-06,9288
00665L,富邦�琤肭磪囓�2,14,4,10,凱基-埔墘,2023-03-06,9288
1701,中化,10,0,10,凱基-埔墘,2023-03-06,9288
2352,佳世達,10,0,10,凱基-埔墘,2023-03-06,9288
2359,所羅門,10,0,10,凱基-埔墘,2023-03-06,9288
3035,智原,11,1,10,凱基-埔墘,2023-03-06,9288
6005,群益證,10,0,10,凱基-埔墘,2023-03-06,9288
6026,福邦證,10,0,10,凱基-埔墘,2023-03-06,9288
6282,康舒,19,9,10,凱基-埔墘,2023-03-06,9288
2408,南亞科,8,0,8,凱基-埔墘,2023-03-06,9288
3356,奇偶,13,5,8,凱基-埔墘,2023-03-06,9288
3707,漢磊,8,0,8,凱基-埔墘,2023-03-06,9288
00679B,元大美債20年,7,0,7,凱基-埔墘,2023-03-06,9288
2605,新興,7,0,7,凱基-埔墘,2023-03-06,9288
2617,台航,7,0,7,凱基-埔墘,2023-03-06,9288
5450,南良,7,0,7,凱基-埔墘,2023-03-06,9288
3504,揚明光,6,0,6,凱基-埔墘,2023-03-06,9288
5464,霖宏,11,5,6,凱基-埔墘,2023-03-06,9288
8016,矽創,6,0,6,凱基-埔墘,2023-03-06,9288
3037,欣興,11,6,5,凱基-埔墘,2023-03-06,9288
1218,泰山,5,0,5,凱基-埔墘,2023-03-06,9288
00696B,富邦美債20年,5,0,5,凱基-埔墘,2023-03-06,9288
00753L,中信中國50正2,5,0,5,凱基-埔墘,2023-03-06,9288
00680L,元大美債20正2,5,0,5,凱基-埔墘,2023-03-06,9288
3552,同致,96,11,85,凱基-埔墘,2023-03-07,9288
6234,高僑,113,63,50,凱基-埔墘,2023-03-07,9288
00642U,期元大S＆P石油,30,0,30,凱基-埔墘,2023-03-07,9288
1702,南僑,20,0,20,凱基-埔墘,2023-03-07,9288
2462,良得電,23,3,20,凱基-埔墘,2023-03-07,9288
2606,裕民,18,5,13,凱基-埔墘,2023-03-07,9288
3264,欣銓,16,3,13,凱基-埔墘,2023-03-07,9288
8358,金居,13,0,13,凱基-埔墘,2023-03-07,9288
3049,精金,12,0,12,凱基-埔墘,2023-03-07,9288
5608,四維航,20,8,12,凱基-埔墘,2023-03-07,9288
1513,中興電,18,7,11,凱基-埔墘,2023-03-07,9288
3491,昇達科,11,0,11,凱基-埔墘,2023-03-07,9288
00713,元大台灣高息低波,10,0,10,凱基-埔墘,2023-03-07,9288
00632R,元大台灣50反1,10,0,10,凱基-埔墘,2023-03-07,9288
00631L,元大台灣50正2,10,0,10,凱基-埔墘,2023-03-07,9288
2104,國際中橡,10,0,10,凱基-埔墘,2023-03-07,9288
2461,光群雷,10,0,10,凱基-埔墘,2023-03-07,9288
2611,志信,10,0,10,凱基-埔墘,2023-03-07,9288
3591,艾笛森,10,0,10,凱基-埔墘,2023-03-07,9288
2610,華航,9,0,9,凱基-埔墘,2023-03-07,9288
8383,千附,9,0,9,凱基-埔墘,2023-03-07,9288
2409,友達,11,2,9,凱基-埔墘,2023-03-07,9288
1560,中砂,8,0,8,凱基-埔墘,2023-03-07,9288
2457,飛宏,15,7,8,凱基-埔墘,2023-03-07,9288
3413,京鼎,8,0,8,凱基-埔墘,2023-03-07,9288
4164,承業醫,10,2,8,凱基-埔墘,2023-03-07,9288
2618,長榮航,12,5,7,凱基-埔墘,2023-03-07,9288
3481,群創,8,1,7,凱基-埔墘,2023-03-07,9288
1795,美時,9,2,7,凱基-埔墘,2023-03-07,9288
6770,力積電,13,6,7,凱基-埔墘,2023-03-07,9288
1580,新麥,6,0,6,凱基-埔墘,2023-03-07,9288
2344,華邦電,26,20,6,凱基-埔墘,2023-03-07,9288
2486,一詮,9,3,6,凱基-埔墘,2023-03-07,9288
4128,中天,7,1,6,凱基-埔墘,2023-03-07,9288
4919,新唐,6,0,6,凱基-埔墘,2023-03-07,9288
6446,藥華藥,9,3,6,凱基-埔墘,2023-03-07,9288
6668,中揚光,6,0,6,凱基-埔墘,2023-03-07,9288
2405,輔信,5,0,5,凱基-埔墘,2023-03-07,9288
2834,臺企銀,5,0,5,凱基-埔墘,2023-03-07,9288
2883,凱基金,5,0,5,凱基-埔墘,2023-03-07,9288
2886,兆豐金,5,0,5,凱基-埔墘,2023-03-07,9288
3272,東碩,5,0,5,凱基-埔墘,2023-03-07,9288
5347,世界,5,0,5,凱基-埔墘,2023-03-07,9288
6509,聚和,7,2,5,凱基-埔墘,2023-03-07,9288
8171,天宇,5,0,5,凱基-埔墘,2023-03-07,9288
00665L,富邦�琤肭磪囓�2,6,2,4,凱基-埔墘,2023-03-07,9288
1712,興農,4,0,4,凱基-埔墘,2023-03-07,9288
2453,凌群,4,0,4,凱基-埔墘,2023-03-07,9288
2482,連宇,5,1,4,凱基-埔墘,2023-03-07,9288
2884,玉山金,4,0,4,凱基-埔墘,2023-03-07,9288
6414,樺漢,163,2,161,凱基-埔墘,2023-03-08,9288
3552,同致,118,2,116,凱基-埔墘,2023-03-08,9288
3162,精確,77,0,77,凱基-埔墘,2023-03-08,9288
2208,台船,30,0,30,凱基-埔墘,2023-03-08,9288
4979,華星光,30,1,29,凱基-埔墘,2023-03-08,9288
00637L,元大滬深300正2,26,0,26,凱基-埔墘,2023-03-08,9288
2330,台積電,23,1,22,凱基-埔墘,2023-03-08,9288
5230,雷笛克光學,21,0,21,凱基-埔墘,2023-03-08,9288
2618,長榮航,20,0,20,凱基-埔墘,2023-03-08,9288
2605,新興,17,0,17,凱基-埔墘,2023-03-08,9288
2375,凱美,16,0,16,凱基-埔墘,2023-03-08,9288
1309,台達化,15,0,15,凱基-埔墘,2023-03-08,9288
8937,合騏,15,0,15,凱基-埔墘,2023-03-08,9288
00878,國泰永續高股息,15,1,14,凱基-埔墘,2023-03-08,9288
2880,華南金,14,0,14,凱基-埔墘,2023-03-08,9288
6016,康和證,14,0,14,凱基-埔墘,2023-03-08,9288
1701,中化,12,0,12,凱基-埔墘,2023-03-08,9288
1519,華城,15,3,12,凱基-埔墘,2023-03-08,9288
1227,佳格,11,0,11,凱基-埔墘,2023-03-08,9288
1605,華新,12,1,11,凱基-埔墘,2023-03-08,9288
2342,茂矽,11,0,11,凱基-埔墘,2023-03-08,9288
2482,連宇,13,2,11,凱基-埔墘,2023-03-08,9288
2603,長榮,12,1,11,凱基-埔墘,2023-03-08,9288
00715L,期街口布蘭特正2,16,6,10,凱基-埔墘,2023-03-08,9288
00713,元大台灣高息低波,10,0,10,凱基-埔墘,2023-03-08,9288
2201,裕隆,10,0,10,凱基-埔墘,2023-03-08,9288
2481,強茂,10,0,10,凱基-埔墘,2023-03-08,9288
3163,波若威,10,0,10,凱基-埔墘,2023-03-08,9288
6026,福邦證,10,0,10,凱基-埔墘,2023-03-08,9288
5009,榮剛,8,0,8,凱基-埔墘,2023-03-08,9288
00650L,復華香港正2,8,0,8,凱基-埔墘,2023-03-08,9288
2409,友達,10,2,8,凱基-埔墘,2023-03-08,9288
2615,萬海,7,0,7,凱基-埔墘,2023-03-08,9288
6180,橘子,7,0,7,凱基-埔墘,2023-03-08,9288
0056,元大高股息,6,0,6,凱基-埔墘,2023-03-08,9288
00830,國泰費城半導體,6,0,6,凱基-埔墘,2023-03-08,9288
00923,群益台ESG低碳50,6,0,6,凱基-埔墘,2023-03-08,9288
3029,零壹,6,0,6,凱基-埔墘,2023-03-08,9288
3532,台勝科,7,1,6,凱基-埔墘,2023-03-08,9288
1102,亞泥,5,0,5,凱基-埔墘,2023-03-08,9288
00712,復華富時不動產,5,0,5,凱基-埔墘,2023-03-08,9288
2314,台揚,5,0,5,凱基-埔墘,2023-03-08,9288
2433,互盛電,5,0,5,凱基-埔墘,2023-03-08,9288
2906,高林,5,0,5,凱基-埔墘,2023-03-08,9288
5284,jpp-KY,5,0,5,凱基-埔墘,2023-03-08,9288
5443,均豪,5,0,5,凱基-埔墘,2023-03-08,9288
8383,千附,10,5,5,凱基-埔墘,2023-03-08,9288
9906,欣巴巴,5,0,5,凱基-埔墘,2023-03-08,9288
00631L,元大台灣50正2,9,4,5,凱基-埔墘,2023-03-08,9288
2609,陽明,9,5,4,凱基-埔墘,2023-03-08,9288
3049,精金,144,49,95,凱基-埔墘,2023-03-09,9288
00641R,富邦日本反1,45,0,45,凱基-埔墘,2023-03-09,9288
2610,華航,113,68,45,凱基-埔墘,2023-03-09,9288
2457,飛宏,68,26,42,凱基-埔墘,2023-03-09,9288
3481,群創,33,0,33,凱基-埔墘,2023-03-09,9288
2409,友達,27,1,26,凱基-埔墘,2023-03-09,9288
4164,承業醫,22,0,22,凱基-埔墘,2023-03-09,9288
3163,波若威,20,0,20,凱基-埔墘,2023-03-09,9288
8383,千附,20,0,20,凱基-埔墘,2023-03-09,9288
00915,凱基優選高股息30,17,0,17,凱基-埔墘,2023-03-09,9288
2390,云辰,16,0,16,凱基-埔墘,2023-03-09,9288
5530,龍巖,15,0,15,凱基-埔墘,2023-03-09,9288
8937,合騏,15,0,15,凱基-埔墘,2023-03-09,9288
2359,所羅門,26,12,14,凱基-埔墘,2023-03-09,9288
2609,陽明,20,6,14,凱基-埔墘,2023-03-09,9288
3290,東浦,18,5,13,凱基-埔墘,2023-03-09,9288
6443,元晶,12,0,12,凱基-埔墘,2023-03-09,9288
2221,大甲,12,0,12,凱基-埔墘,2023-03-09,9288
6233,旺玖,12,0,12,凱基-埔墘,2023-03-09,9288
9906,欣巴巴,11,0,11,凱基-埔墘,2023-03-09,9288
6266,泰詠,12,1,11,凱基-埔墘,2023-03-09,9288
00632R,元大台灣50反1,10,0,10,凱基-埔墘,2023-03-09,9288
2206,三陽工業,10,0,10,凱基-埔墘,2023-03-09,9288
2408,南亞科,10,0,10,凱基-埔墘,2023-03-09,9288
2882,國泰金,10,0,10,凱基-埔墘,2023-03-09,9288
3162,精確,10,0,10,凱基-埔墘,2023-03-09,9288
00671R,富邦NASDAQ反1,9,0,9,凱基-埔墘,2023-03-09,9288
00878,國泰永續高股息,9,1,8,凱基-埔墘,2023-03-09,9288
2834,臺企銀,8,0,8,凱基-埔墘,2023-03-09,9288
6234,高僑,8,0,8,凱基-埔墘,2023-03-09,9288
1605,華新,28,21,7,凱基-埔墘,2023-03-09,9288
1909,榮成,7,0,7,凱基-埔墘,2023-03-09,9288
2734,易飛網,8,1,7,凱基-埔墘,2023-03-09,9288
6243,迅杰,7,0,7,凱基-埔墘,2023-03-09,9288
2317,鴻海,6,0,6,凱基-埔墘,2023-03-09,9288
2637,慧洋-KY,6,0,6,凱基-埔墘,2023-03-09,9288
00713,元大台灣高息低波,5,0,5,凱基-埔墘,2023-03-09,9288
1810,和成,5,0,5,凱基-埔墘,2023-03-09,9288
1905,華紙,5,0,5,凱基-埔墘,2023-03-09,9288
2349,錸德,5,0,5,凱基-埔墘,2023-03-09,9288
3056,富華新,5,0,5,凱基-埔墘,2023-03-09,9288
5009,榮剛,5,0,5,凱基-埔墘,2023-03-09,9288
5285,界霖,5,0,5,凱基-埔墘,2023-03-09,9288
5457,宣德,5,0,5,凱基-埔墘,2023-03-09,9288
6116,彩晶,5,0,5,凱基-埔墘,2023-03-09,9288
5258,虹堡,5,1,4,凱基-埔墘,2023-03-09,9288
00636,國泰中國A50,4,0,4,凱基-埔墘,2023-03-09,9288
1337,再生-KY,4,0,4,凱基-埔墘,2023-03-09,9288
2743,山富,5,1,4,凱基-埔墘,2023-03-09,9288
3013,晟銘電,7,3,4,凱基-埔墘,2023-03-09,9288
4164,承業醫,46,0,46,凱基-埔墘,2023-03-10,9288
6182,合晶,35,0,35,凱基-埔墘,2023-03-10,9288
1616,億泰,35,2,33,凱基-埔墘,2023-03-10,9288
6205,詮欣,35,2,33,凱基-埔墘,2023-03-10,9288
6443,元晶,31,1,30,凱基-埔墘,2023-03-10,9288
2880,華南金,30,0,30,凱基-埔墘,2023-03-10,9288
2906,高林,30,0,30,凱基-埔墘,2023-03-10,9288
00885,富邦越南,23,0,23,凱基-埔墘,2023-03-10,9288
3059,華晶科,20,0,20,凱基-埔墘,2023-03-10,9288
00641R,富邦日本反1,20,0,20,凱基-埔墘,2023-03-10,9288
1710,東聯,20,0,20,凱基-埔墘,2023-03-10,9288
00715L,期街口布蘭特正2,19,0,19,凱基-埔墘,2023-03-10,9288
2618,長榮航,34,17,17,凱基-埔墘,2023-03-10,9288
2344,華邦電,17,1,16,凱基-埔墘,2023-03-10,9288
2734,易飛網,16,0,16,凱基-埔墘,2023-03-10,9288
5285,界霖,15,0,15,凱基-埔墘,2023-03-10,9288
00878,國泰永續高股息,28,14,14,凱基-埔墘,2023-03-10,9288
00921,兆豐龍頭等權重,14,0,14,凱基-埔墘,2023-03-10,9288
2534,宏盛,14,0,14,凱基-埔墘,2023-03-10,9288
5381,合正,14,0,14,凱基-埔墘,2023-03-10,9288
2409,友達,23,10,13,凱基-埔墘,2023-03-10,9288
00915,凱基優選高股息30,13,0,13,凱基-埔墘,2023-03-10,9288
2201,裕隆,12,0,12,凱基-埔墘,2023-03-10,9288
3163,波若威,12,0,12,凱基-埔墘,2023-03-10,9288
4190,佐登-KY,12,0,12,凱基-埔墘,2023-03-10,9288
2883,凱基金,11,0,11,凱基-埔墘,2023-03-10,9288
6290,良維,11,0,11,凱基-埔墘,2023-03-10,9288
2607,榮運,18,7,11,凱基-埔墘,2023-03-10,9288
00893,國泰智能電動車,11,0,11,凱基-埔墘,2023-03-10,9288
2610,華航,17,7,10,凱基-埔墘,2023-03-10,9288
00753L,中信中國50正2,10,0,10,凱基-埔墘,2023-03-10,9288
00772B,中信高評級公司債,10,0,10,凱基-埔墘,2023-03-10,9288
3035,智原,16,6,10,凱基-埔墘,2023-03-10,9288
3264,欣銓,9,0,9,凱基-埔墘,2023-03-10,9288
3231,緯創,8,0,8,凱基-埔墘,2023-03-10,9288
00713,元大台灣高息低波,17,10,7,凱基-埔墘,2023-03-10,9288
2014,中鴻,10,3,7,凱基-埔墘,2023-03-10,9288
2206,三陽工業,8,1,7,凱基-埔墘,2023-03-10,9288
2929,淘帝-KY,127,120,7,凱基-埔墘,2023-03-10,9288
2881,富邦金,6,0,6,凱基-埔墘,2023-03-10,9288
00898,國泰基因免疫革命,6,0,6,凱基-埔墘,2023-03-10,9288
00669R,國泰美國道瓊反1,6,0,6,凱基-埔墘,2023-03-10,9288
2433,互盛電,6,0,6,凱基-埔墘,2023-03-10,9288
6770,力積電,11,5,6,凱基-埔墘,2023-03-10,9288
2412,中華電,5,0,5,凱基-埔墘,2023-03-10,9288
3481,群創,7,2,5,凱基-埔墘,2023-03-10,9288
2812,台中銀,5,0,5,凱基-埔墘,2023-03-10,9288
6477,安集,5,0,5,凱基-埔墘,2023-03-10,9288
00902,中信電池及儲能,5,0,5,凱基-埔墘,2023-03-10,9288
00900,富邦特選高股息30,5,0,5,凱基-埔墘,2023-03-10,9288
00632R,元大台灣50反1,230,0,230,凱基-埔墘,2023-03-13,9288
00878,國泰永續高股息,69,11,58,凱基-埔墘,2023-03-13,9288
2888,新光金,54,0,54,凱基-埔墘,2023-03-13,9288
00885,富邦越南,50,0,50,凱基-埔墘,2023-03-13,9288
2495,普安,74,51,23,凱基-埔墘,2023-03-13,9288
6446,藥華藥,21,0,21,凱基-埔墘,2023-03-13,9288
2890,永豐金,21,0,21,凱基-埔墘,2023-03-13,9288
4114,健喬,70,50,20,凱基-埔墘,2023-03-13,9288
00712,復華富時不動產,16,0,16,凱基-埔墘,2023-03-13,9288
2312,金寶,15,0,15,凱基-埔墘,2023-03-13,9288
4190,佐登-KY,15,0,15,凱基-埔墘,2023-03-13,9288
0056,元大高股息,16,2,14,凱基-埔墘,2023-03-13,9288
2017,官田鋼,14,0,14,凱基-埔墘,2023-03-13,9288
2884,玉山金,14,0,14,凱基-埔墘,2023-03-13,9288
1718,中纖,14,2,12,凱基-埔墘,2023-03-13,9288
3046,建��,18,7,11,凱基-埔墘,2023-03-13,9288
6770,力積電,13,2,11,凱基-埔墘,2023-03-13,9288
3661,世芯-KY,11,1,10,凱基-埔墘,2023-03-13,9288
00905,FT臺灣Smart,10,0,10,凱基-埔墘,2023-03-13,9288
2601,益航,10,0,10,凱基-埔墘,2023-03-13,9288
3494,誠研,10,0,10,凱基-埔墘,2023-03-13,9288
8937,合騏,10,0,10,凱基-埔墘,2023-03-13,9288
2421,建準,8,0,8,凱基-埔墘,2023-03-13,9288
2637,慧洋-KY,22,14,8,凱基-埔墘,2023-03-13,9288
2731,雄獅,8,0,8,凱基-埔墘,2023-03-13,9288
5285,界霖,21,13,8,凱基-埔墘,2023-03-13,9288
9955,佳龍,14,6,8,凱基-埔墘,2023-03-13,9288
6477,安集,6,0,6,凱基-埔墘,2023-03-13,9288
00898,國泰基因免疫革命,6,0,6,凱基-埔墘,2023-03-13,9288
1605,華新,7,1,6,凱基-埔墘,2023-03-13,9288
2402,毅嘉,7,1,6,凱基-埔墘,2023-03-13,9288
2434,統懋,6,0,6,凱基-埔墘,2023-03-13,9288
2482,連宇,6,0,6,凱基-埔墘,2023-03-13,9288
2812,台中銀,6,0,6,凱基-埔墘,2023-03-13,9288
5512,力麒,6,0,6,凱基-埔墘,2023-03-13,9288
6282,康舒,10,4,6,凱基-埔墘,2023-03-13,9288
3037,欣興,8,3,5,凱基-埔墘,2023-03-13,9288
2406,國碩,5,0,5,凱基-埔墘,2023-03-13,9288
5425,台半,6,1,5,凱基-埔墘,2023-03-13,9288
1708,東鹼,5,0,5,凱基-埔墘,2023-03-13,9288
1714,和桐,5,0,5,凱基-埔墘,2023-03-13,9288
1789,神隆,5,0,5,凱基-埔墘,2023-03-13,9288
2399,映泰,5,0,5,凱基-埔墘,2023-03-13,9288
2481,強茂,5,0,5,凱基-埔墘,2023-03-13,9288
2641,正德,8,3,5,凱基-埔墘,2023-03-13,9288
6016,康和證,5,0,5,凱基-埔墘,2023-03-13,9288
6120,達運,5,0,5,凱基-埔墘,2023-03-13,9288
6274,台燿,5,0,5,凱基-埔墘,2023-03-13,9288
00679B,元大美債20年,6,1,5,凱基-埔墘,2023-03-13,9288
1905,華紙,4,0,4,凱基-埔墘,2023-03-13,9288
00878,國泰永續高股息,71,1,70,凱基-埔墘,2023-03-14,9288
2880,華南金,61,0,61,凱基-埔墘,2023-03-14,9288
8390,金益鼎,55,2,53,凱基-埔墘,2023-03-14,9288
5608,四維航,40,0,40,凱基-埔墘,2023-03-14,9288
00715L,期街口布蘭特正2,34,0,34,凱基-埔墘,2023-03-14,9288
1504,東元,30,0,30,凱基-埔墘,2023-03-14,9288
2031,新光鋼,30,0,30,凱基-埔墘,2023-03-14,9288
00632R,元大台灣50反1,25,0,25,凱基-埔墘,2023-03-14,9288
2610,華航,24,0,24,凱基-埔墘,2023-03-14,9288
2618,長榮航,24,0,24,凱基-埔墘,2023-03-14,9288
2206,三陽工業,24,0,24,凱基-埔墘,2023-03-14,9288
00679B,元大美債20年,20,0,20,凱基-埔墘,2023-03-14,9288
2615,萬海,18,0,18,凱基-埔墘,2023-03-14,9288
4550,長佳,20,3,17,凱基-埔墘,2023-03-14,9288
2888,新光金,16,0,16,凱基-埔墘,2023-03-14,9288
00637L,元大滬深300正2,21,6,15,凱基-埔墘,2023-03-14,9288
6244,茂迪,15,0,15,凱基-埔墘,2023-03-14,9288
2409,友達,16,2,14,凱基-埔墘,2023-03-14,9288
00713,元大台灣高息低波,13,0,13,凱基-埔墘,2023-03-14,9288
2891,中信金,13,2,11,凱基-埔墘,2023-03-14,9288
2495,普安,11,0,11,凱基-埔墘,2023-03-14,9288
2890,永豐金,11,0,11,凱基-埔墘,2023-03-14,9288
00915,凱基優選高股息30,10,0,10,凱基-埔墘,2023-03-14,9288
3290,東浦,12,2,10,凱基-埔墘,2023-03-14,9288
3710,連展投控,10,0,10,凱基-埔墘,2023-03-14,9288
7402,邑錡,10,0,10,凱基-埔墘,2023-03-14,9288
3037,欣興,11,2,9,凱基-埔墘,2023-03-14,9288
2330,台積電,12,3,9,凱基-埔墘,2023-03-14,9288
00642U,期元大S＆P石油,8,0,8,凱基-埔墘,2023-03-14,9288
3481,群創,8,0,8,凱基-埔墘,2023-03-14,9288
2027,大成鋼,19,11,8,凱基-埔墘,2023-03-14,9288
2634,漢翔,20,12,8,凱基-埔墘,2023-03-14,9288
0056,元大高股息,13,6,7,凱基-埔墘,2023-03-14,9288
1605,華新,7,0,7,凱基-埔墘,2023-03-14,9288
6182,合晶,7,0,7,凱基-埔墘,2023-03-14,9288
3228,金麗科,6,0,6,凱基-埔墘,2023-03-14,9288
3162,精確,25,19,6,凱基-埔墘,2023-03-14,9288
00773B,中信優先金融債,6,0,6,凱基-埔墘,2023-03-14,9288
2603,長榮,17,11,6,凱基-埔墘,2023-03-14,9288
2885,元大金,6,0,6,凱基-埔墘,2023-03-14,9288
2897,王道銀行,6,0,6,凱基-埔墘,2023-03-14,9288
5285,界霖,11,5,6,凱基-埔墘,2023-03-14,9288
5880,合庫金,6,0,6,凱基-埔墘,2023-03-14,9288
6234,高僑,6,0,6,凱基-埔墘,2023-03-14,9288
2882,國泰金,13,8,5,凱基-埔墘,2023-03-14,9288
00650L,復華香港正2,12,7,5,凱基-埔墘,2023-03-14,9288
2434,統懋,5,0,5,凱基-埔墘,2023-03-14,9288
3017,奇鋐,5,0,5,凱基-埔墘,2023-03-14,9288
3049,精金,5,0,5,凱基-埔墘,2023-03-14,9288
3059,華晶科,5,0,5,凱基-埔墘,2023-03-14,9288
00642U,期元大S＆P石油,103,0,103,凱基-埔墘,2023-03-15,9288
00715L,期街口布蘭特正2,99,5,94,凱基-埔墘,2023-03-15,9288
2880,華南金,75,6,69,凱基-埔墘,2023-03-15,9288
00878,國泰永續高股息,60,0,60,凱基-埔墘,2023-03-15,9288
2476,鉅祥,53,6,47,凱基-埔墘,2023-03-15,9288
2317,鴻海,40,0,40,凱基-埔墘,2023-03-15,9288
1611,中電,150,115,35,凱基-埔墘,2023-03-15,9288
3022,威強電,30,2,28,凱基-埔墘,2023-03-15,9288
2903,遠百,25,0,25,凱基-埔墘,2023-03-15,9288
2617,台航,20,0,20,凱基-埔墘,2023-03-15,9288
8046,南電,20,0,20,凱基-埔墘,2023-03-15,9288
2376,技嘉,20,2,18,凱基-埔墘,2023-03-15,9288
2457,飛宏,51,34,17,凱基-埔墘,2023-03-15,9288
2618,長榮航,18,2,16,凱基-埔墘,2023-03-15,9288
1475,業旺,15,0,15,凱基-埔墘,2023-03-15,9288
5425,台半,17,2,15,凱基-埔墘,2023-03-15,9288
5465,富驊,15,0,15,凱基-埔墘,2023-03-15,9288
6873,泓德能源,12,0,12,凱基-埔墘,2023-03-15,9288
00632R,元大台灣50反1,10,0,10,凱基-埔墘,2023-03-15,9288
2845,遠東銀,10,0,10,凱基-埔墘,2023-03-15,9288
3323,加百裕,10,0,10,凱基-埔墘,2023-03-15,9288
8937,合騏,10,0,10,凱基-埔墘,2023-03-15,9288
9955,佳龍,11,1,10,凱基-埔墘,2023-03-15,9288
1905,華紙,9,0,9,凱基-埔墘,2023-03-15,9288
2498,宏達電,11,2,9,凱基-埔墘,2023-03-15,9288
2610,華航,10,1,9,凱基-埔墘,2023-03-15,9288
2603,長榮,58,50,8,凱基-埔墘,2023-03-15,9288
2330,台積電,9,2,7,凱基-埔墘,2023-03-15,9288
00713,元大台灣高息低波,6,0,6,凱基-埔墘,2023-03-15,9288
4190,佐登-KY,6,0,6,凱基-埔墘,2023-03-15,9288
9941,裕融,6,0,6,凱基-埔墘,2023-03-15,9288
6446,藥華藥,7,2,5,凱基-埔墘,2023-03-15,9288
00921,兆豐龍頭等權重,5,0,5,凱基-埔墘,2023-03-15,9288
1402,遠東新,5,0,5,凱基-埔墘,2023-03-15,9288
2312,金寶,5,0,5,凱基-埔墘,2023-03-15,9288
2413,環科,19,14,5,凱基-埔墘,2023-03-15,9288
2607,榮運,9,4,5,凱基-埔墘,2023-03-15,9288
2888,新光金,5,0,5,凱基-埔墘,2023-03-15,9288
3032,偉訓,5,0,5,凱基-埔墘,2023-03-15,9288
5530,龍巖,5,0,5,凱基-埔墘,2023-03-15,9288
6266,泰詠,5,0,5,凱基-埔墘,2023-03-15,9288
6743,安普新,5,0,5,凱基-埔墘,2023-03-15,9288
8436,大江,5,0,5,凱基-埔墘,2023-03-15,9288
1904,正隆,5,0,5,凱基-埔墘,2023-03-15,9288
1229,聯華,6,2,4,凱基-埔墘,2023-03-15,9288
2433,互盛電,4,0,4,凱基-埔墘,2023-03-15,9288
2614,東森,9,5,4,凱基-埔墘,2023-03-15,9288
2820,華票,4,0,4,凱基-埔墘,2023-03-15,9288
2883,凱基金,4,0,4,凱基-埔墘,2023-03-15,9288
2890,永豐金,4,0,4,凱基-埔墘,2023-03-15,9288
4966,譜瑞-KY,100,0,100,凱基-埔墘,2023-03-16,9288
8390,金益鼎,92,2,90,凱基-埔墘,2023-03-16,9288
3162,精確,81,0,81,凱基-埔墘,2023-03-16,9288
00878,國泰永續高股息,53,2,51,凱基-埔墘,2023-03-16,9288
4190,佐登-KY,50,7,43,凱基-埔墘,2023-03-16,9288
2883,凱基金,35,0,35,凱基-埔墘,2023-03-16,9288
00632R,元大台灣50反1,50,16,34,凱基-埔墘,2023-03-16,9288
2338,光罩,31,1,30,凱基-埔墘,2023-03-16,9288
2897,王道銀行,50,20,30,凱基-埔墘,2023-03-16,9288
1503,士電,30,1,29,凱基-埔墘,2023-03-16,9288
00713,元大台灣高息低波,28,0,28,凱基-埔墘,2023-03-16,9288
2834,臺企銀,36,8,28,凱基-埔墘,2023-03-16,9288
00673R,期元大S＆P原油反1,25,1,24,凱基-埔墘,2023-03-16,9288
5258,虹堡,20,0,20,凱基-埔墘,2023-03-16,9288
2457,飛宏,19,2,17,凱基-埔墘,2023-03-16,9288
2312,金寶,15,0,15,凱基-埔墘,2023-03-16,9288
2887,台新金,15,0,15,凱基-埔墘,2023-03-16,9288
2882,國泰金,15,1,14,凱基-埔墘,2023-03-16,9288
2618,長榮航,26,13,13,凱基-埔墘,2023-03-16,9288
2498,宏達電,12,0,12,凱基-埔墘,2023-03-16,9288
00900,富邦特選高股息30,11,0,11,凱基-埔墘,2023-03-16,9288
2615,萬海,17,6,11,凱基-埔墘,2023-03-16,9288
2376,技嘉,10,0,10,凱基-埔墘,2023-03-16,9288
2890,永豐金,10,0,10,凱基-埔墘,2023-03-16,9288
3558,神準,10,0,10,凱基-埔墘,2023-03-16,9288
4174,浩鼎,10,0,10,凱基-埔墘,2023-03-16,9288
2884,玉山金,9,0,9,凱基-埔墘,2023-03-16,9288
00893,國泰智能電動車,10,1,9,凱基-埔墘,2023-03-16,9288
2645,長榮航太,10,1,9,凱基-埔墘,2023-03-16,9288
2352,佳世達,10,2,8,凱基-埔墘,2023-03-16,9288
1718,中纖,8,0,8,凱基-埔墘,2023-03-16,9288
1605,華新,8,0,8,凱基-埔墘,2023-03-16,9288
2610,華航,10,2,8,凱基-埔墘,2023-03-16,9288
5465,富驊,8,0,8,凱基-埔墘,2023-03-16,9288
6116,彩晶,10,2,8,凱基-埔墘,2023-03-16,9288
6695,芯鼎,8,0,8,凱基-埔墘,2023-03-16,9288
2880,華南金,7,0,7,凱基-埔墘,2023-03-16,9288
3661,世芯-KY,11,4,7,凱基-埔墘,2023-03-16,9288
00680L,元大美債20正2,11,4,7,凱基-埔墘,2023-03-16,9288
2027,大成鋼,7,0,7,凱基-埔墘,2023-03-16,9288
4164,承業醫,18,11,7,凱基-埔墘,2023-03-16,9288
2330,台積電,12,5,7,凱基-埔墘,2023-03-16,9288
0050,元大台灣50,6,0,6,凱基-埔墘,2023-03-16,9288
00642U,期元大S＆P石油,6,0,6,凱基-埔墘,2023-03-16,9288
3038,全台,6,0,6,凱基-埔墘,2023-03-16,9288
5371,中光電,6,0,6,凱基-埔墘,2023-03-16,9288
6269,台郡,6,0,6,凱基-埔墘,2023-03-16,9288
6431,光麗-KY,6,0,6,凱基-埔墘,2023-03-16,9288
2891,中信金,6,1,5,凱基-埔墘,2023-03-16,9288
2482,連宇,5,0,5,凱基-埔墘,2023-03-16,9288
2867,三商壽,150,0,150,凱基-埔墘,2023-03-17,9288
2617,台航,115,0,115,凱基-埔墘,2023-03-17,9288
00885,富邦越南,100,0,100,凱基-埔墘,2023-03-17,9288
3661,世芯-KY,84,5,79,凱基-埔墘,2023-03-17,9288
2476,鉅祥,50,1,49,凱基-埔墘,2023-03-17,9288
2206,三陽工業,39,0,39,凱基-埔墘,2023-03-17,9288
1467,南緯,25,0,25,凱基-埔墘,2023-03-17,9288
00632R,元大台灣50反1,20,0,20,凱基-埔墘,2023-03-17,9288
2734,易飛網,20,0,20,凱基-埔墘,2023-03-17,9288
3162,精確,20,0,20,凱基-埔墘,2023-03-17,9288
2891,中信金,17,0,17,凱基-埔墘,2023-03-17,9288
1301,台塑,16,0,16,凱基-埔墘,2023-03-17,9288
5452,佶優,14,0,14,凱基-埔墘,2023-03-17,9288
6122,擎邦,14,0,14,凱基-埔墘,2023-03-17,9288
6182,合晶,19,5,14,凱基-埔墘,2023-03-17,9288
8390,金益鼎,20,6,14,凱基-埔墘,2023-03-17,9288
2890,永豐金,13,1,12,凱基-埔墘,2023-03-17,9288
6244,茂迪,15,3,12,凱基-埔墘,2023-03-17,9288
00713,元大台灣高息低波,10,0,10,凱基-埔墘,2023-03-17,9288
1227,佳格,14,4,10,凱基-埔墘,2023-03-17,9288
00912,中信臺灣智慧50,10,0,10,凱基-埔墘,2023-03-17,9288
2426,鼎元,10,0,10,凱基-埔墘,2023-03-17,9288
3071,協禧,15,5,10,凱基-埔墘,2023-03-17,9288
3558,神準,11,1,10,凱基-埔墘,2023-03-17,9288
3712,永崴投控,10,0,10,凱基-埔墘,2023-03-17,9288
4938,和碩,10,0,10,凱基-埔墘,2023-03-17,9288
5258,虹堡,10,0,10,凱基-埔墘,2023-03-17,9288
6282,康舒,10,0,10,凱基-埔墘,2023-03-17,9288
5425,台半,10,1,9,凱基-埔墘,2023-03-17,9288
00715L,期街口布蘭特正2,8,0,8,凱基-埔墘,2023-03-17,9288
2412,中華電,7,0,7,凱基-埔墘,2023-03-17,9288
3290,東浦,8,1,7,凱基-埔墘,2023-03-17,9288
4190,佐登-KY,7,0,7,凱基-埔墘,2023-03-17,9288
00878,國泰永續高股息,8,1,7,凱基-埔墘,2023-03-17,9288
2312,金寶,6,0,6,凱基-埔墘,2023-03-17,9288
1785,光洋科,6,0,6,凱基-埔墘,2023-03-17,9288
2201,裕隆,8,2,6,凱基-埔墘,2023-03-17,9288
2605,新興,6,0,6,凱基-埔墘,2023-03-17,9288
2645,長榮航太,7,1,6,凱基-埔墘,2023-03-17,9288
3231,緯創,6,0,6,凱基-埔墘,2023-03-17,9288
00642U,期元大S＆P石油,5,0,5,凱基-埔墘,2023-03-17,9288
2634,漢翔,6,1,5,凱基-埔墘,2023-03-17,9288
2883,凱基金,5,0,5,凱基-埔墘,2023-03-17,9288
3702,大聯大,5,0,5,凱基-埔墘,2023-03-17,9288
5272,笙科,5,0,5,凱基-埔墘,2023-03-17,9288
6207,雷科,5,0,5,凱基-埔墘,2023-03-17,9288
6706,惠特,5,0,5,凱基-埔墘,2023-03-17,9288
00679B,元大美債20年,4,0,4,凱基-埔墘,2023-03-17,9288
2609,陽明,4,0,4,凱基-埔墘,2023-03-17,9288
1524,耿鼎,9,5,4,凱基-埔墘,2023-03-17,9288
2867,三商壽,100,0,100,凱基-埔墘,2023-03-20,9288
8926,台汽電,64,10,54,凱基-埔墘,2023-03-20,9288
6233,旺玖,50,2,48,凱基-埔墘,2023-03-20,9288
1611,中電,30,0,30,凱基-埔墘,2023-03-20,9288
2618,長榮航,30,0,30,凱基-埔墘,2023-03-20,9288
3661,世芯-KY,32,2,30,凱基-埔墘,2023-03-20,9288
00715L,期街口布蘭特正2,36,9,27,凱基-埔墘,2023-03-20,9288
2883,凱基金,27,5,22,凱基-埔墘,2023-03-20,9288
2617,台航,21,0,21,凱基-埔墘,2023-03-20,9288
2495,普安,20,0,20,凱基-埔墘,2023-03-20,9288
2609,陽明,15,4,11,凱基-埔墘,2023-03-20,9288
8390,金益鼎,11,0,11,凱基-埔墘,2023-03-20,9288
00632R,元大台灣50反1,10,0,10,凱基-埔墘,2023-03-20,9288
00912,中信臺灣智慧50,10,0,10,凱基-埔墘,2023-03-20,9288
2206,三陽工業,10,0,10,凱基-埔墘,2023-03-20,9288
2607,榮運,10,0,10,凱基-埔墘,2023-03-20,9288
9958,世紀鋼,10,0,10,凱基-埔墘,2023-03-20,9288
2834,臺企銀,10,1,9,凱基-埔墘,2023-03-20,9288
3479,安勤,10,1,9,凱基-埔墘,2023-03-20,9288
2330,台積電,8,0,8,凱基-埔墘,2023-03-20,9288
00898,國泰基因免疫革命,8,0,8,凱基-埔墘,2023-03-20,9288
2471,資通,11,3,8,凱基-埔墘,2023-03-20,9288
2453,凌群,7,0,7,凱基-埔墘,2023-03-20,9288
1513,中興電,15,9,6,凱基-埔墘,2023-03-20,9288
00637L,元大滬深300正2,6,0,6,凱基-埔墘,2023-03-20,9288
00902,中信電池及儲能,6,0,6,凱基-埔墘,2023-03-20,9288
3056,富華新,7,1,6,凱基-埔墘,2023-03-20,9288
4934,太極,7,1,6,凱基-埔墘,2023-03-20,9288
00885,富邦越南,5,0,5,凱基-埔墘,2023-03-20,9288
00714,群益道瓊美國地產,5,0,5,凱基-埔墘,2023-03-20,9288
00642U,期元大S＆P石油,6,1,5,凱基-埔墘,2023-03-20,9288
2640,大車隊,5,0,5,凱基-埔墘,2023-03-20,9288
2887,台新金,5,0,5,凱基-埔墘,2023-03-20,9288
3323,加百裕,5,0,5,凱基-埔墘,2023-03-20,9288
4142,國光生,5,0,5,凱基-埔墘,2023-03-20,9288
4979,華星光,7,2,5,凱基-埔墘,2023-03-20,9288
6416,瑞祺電通,20,15,5,凱基-埔墘,2023-03-20,9288
2317,鴻海,4,0,4,凱基-埔墘,2023-03-20,9288
2327,國巨,4,0,4,凱基-埔墘,2023-03-20,9288
00650L,復華香港正2,4,0,4,凱基-埔墘,2023-03-20,9288
1108,幸福,4,0,4,凱基-埔墘,2023-03-20,9288
2449,京元電子,4,0,4,凱基-埔墘,2023-03-20,9288
3481,群創,4,0,4,凱基-埔墘,2023-03-20,9288
4976,佳凌,4,0,4,凱基-埔墘,2023-03-20,9288
2881,富邦金,4,1,3,凱基-埔墘,2023-03-20,9288
1605,華新,6,3,3,凱基-埔墘,2023-03-20,9288
00753L,中信中國50正2,3,0,3,凱基-埔墘,2023-03-20,9288
00636,國泰中國A50,3,0,3,凱基-埔墘,2023-03-20,9288
1795,美時,3,0,3,凱基-埔墘,2023-03-20,9288
2723,美食-KY,3,0,3,凱基-埔墘,2023-03-20,9288
00632R,元大台灣50反1,211,0,211,凱基-埔墘,2023-03-21,9288
9907,統一實,195,0,195,凱基-埔墘,2023-03-21,9288
3017,奇鋐,201,22,179,凱基-埔墘,2023-03-21,9288
3661,世芯-KY,73,1,72,凱基-埔墘,2023-03-21,9288
2867,三商壽,50,0,50,凱基-埔墘,2023-03-21,9288
00885,富邦越南,48,0,48,凱基-埔墘,2023-03-21,9288
2462,良得電,43,0,43,凱基-埔墘,2023-03-21,9288
2617,台航,33,0,33,凱基-埔墘,2023-03-21,9288
8289,泰藝,44,13,31,凱基-埔墘,2023-03-21,9288
7402,邑錡,31,1,30,凱基-埔墘,2023-03-21,9288
2891,中信金,21,0,21,凱基-埔墘,2023-03-21,9288
2609,陽明,23,6,17,凱基-埔墘,2023-03-21,9288
2883,凱基金,13,0,13,凱基-埔墘,2023-03-21,9288
1402,遠東新,12,0,12,凱基-埔墘,2023-03-21,9288
1321,大洋,12,0,12,凱基-埔墘,2023-03-21,9288
3704,合勤控,12,0,12,凱基-埔墘,2023-03-21,9288
3479,安勤,11,0,11,凱基-埔墘,2023-03-21,9288
6191,精成科,15,4,11,凱基-埔墘,2023-03-21,9288
6244,茂迪,13,3,10,凱基-埔墘,2023-03-21,9288
1528,恩德,10,0,10,凱基-埔墘,2023-03-21,9288
2426,鼎元,10,0,10,凱基-埔墘,2023-03-21,9288
2734,易飛網,10,0,10,凱基-埔墘,2023-03-21,9288
3029,零壹,35,27,8,凱基-埔墘,2023-03-21,9288
3545,敦泰,8,1,7,凱基-埔墘,2023-03-21,9288
1504,東元,9,3,6,凱基-埔墘,2023-03-21,9288
0056,元大高股息,5,0,5,凱基-埔墘,2023-03-21,9288
1616,億泰,5,0,5,凱基-埔墘,2023-03-21,9288
2481,強茂,5,0,5,凱基-埔墘,2023-03-21,9288
4967,十銓,5,0,5,凱基-埔墘,2023-03-21,9288
4979,華星光,5,0,5,凱基-埔墘,2023-03-21,9288
00902,中信電池及儲能,4,0,4,凱基-埔墘,2023-03-21,9288
2379,瑞昱,4,0,4,凱基-埔墘,2023-03-21,9288
4961,天鈺,5,1,4,凱基-埔墘,2023-03-21,9288
6282,康舒,5,1,4,凱基-埔墘,2023-03-21,9288
6747,亨泰光,4,0,4,凱基-埔墘,2023-03-21,9288
6531,愛普*,6,3,3,凱基-埔墘,2023-03-21,9288
00878,國泰永續高股息,3,0,3,凱基-埔墘,2023-03-21,9288
00882,中信中國高股息,3,0,3,凱基-埔墘,2023-03-21,9288
00712,復華富時不動產,3,0,3,凱基-埔墘,2023-03-21,9288
2208,台船,3,0,3,凱基-埔墘,2023-03-21,9288
2374,佳能,3,0,3,凱基-埔墘,2023-03-21,9288
2405,輔信,3,0,3,凱基-埔墘,2023-03-21,9288
2406,國碩,5,2,3,凱基-埔墘,2023-03-21,9288
2421,建準,4,1,3,凱基-埔墘,2023-03-21,9288
2888,新光金,3,0,3,凱基-埔墘,2023-03-21,9288
4102,永日,3,0,3,凱基-埔墘,2023-03-21,9288
4207,環泰,3,0,3,凱基-埔墘,2023-03-21,9288
5457,宣德,3,0,3,凱基-埔墘,2023-03-21,9288
6841,長佳智能,3,0,3,凱基-埔墘,2023-03-21,9288
2328,廣宇,5,2,3,凱基-埔墘,2023-03-21,9288
00632R,元大台灣50反1,376,0,376,凱基-埔墘,2023-03-22,9288
8390,金益鼎,200,0,200,凱基-埔墘,2023-03-22,9288
9907,統一實,108,0,108,凱基-埔墘,2023-03-22,9288
3041,揚智,65,0,65,凱基-埔墘,2023-03-22,9288
6233,旺玖,50,0,50,凱基-埔墘,2023-03-22,9288
2867,三商壽,50,0,50,凱基-埔墘,2023-03-22,9288
2344,華邦電,44,5,39,凱基-埔墘,2023-03-22,9288
2303,聯電,46,9,37,凱基-埔墘,2023-03-22,9288
5258,虹堡,36,0,36,凱基-埔墘,2023-03-22,9288
6104,創惟,34,2,32,凱基-埔墘,2023-03-22,9288
00902,中信電池及儲能,30,0,30,凱基-埔墘,2023-03-22,9288
00715L,期街口布蘭特正2,25,3,22,凱基-埔墘,2023-03-22,9288
00712,復華富時不動產,21,0,21,凱基-埔墘,2023-03-22,9288
9955,佳龍,21,0,21,凱基-埔墘,2023-03-22,9288
00671R,富邦NASDAQ反1,20,0,20,凱基-埔墘,2023-03-22,9288
00772B,中信高評級公司債,15,0,15,凱基-埔墘,2023-03-22,9288
3162,精確,15,0,15,凱基-埔墘,2023-03-22,9288
5483,中美晶,15,0,15,凱基-埔墘,2023-03-22,9288
3527,聚積,12,0,12,凱基-埔墘,2023-03-22,9288
1309,台達化,10,0,10,凱基-埔墘,2023-03-22,9288
1526,日馳,10,0,10,凱基-埔墘,2023-03-22,9288
1802,台玻,10,0,10,凱基-埔墘,2023-03-22,9288
2390,云辰,10,0,10,凱基-埔墘,2023-03-22,9288
2834,臺企銀,10,0,10,凱基-埔墘,2023-03-22,9288
3481,群創,10,0,10,凱基-埔墘,2023-03-22,9288
3673,TPK-KY,20,10,10,凱基-埔墘,2023-03-22,9288
6167,久正,16,6,10,凱基-埔墘,2023-03-22,9288
3189,景碩,12,2,10,凱基-埔墘,2023-03-22,9288
2603,長榮,11,2,9,凱基-埔墘,2023-03-22,9288
2882,國泰金,9,0,9,凱基-埔墘,2023-03-22,9288
3704,合勤控,13,5,8,凱基-埔墘,2023-03-22,9288
2421,建準,8,0,8,凱基-埔墘,2023-03-22,9288
5009,榮剛,8,0,8,凱基-埔墘,2023-03-22,9288
6207,雷科,7,0,7,凱基-埔墘,2023-03-22,9288
8049,晶采,7,0,7,凱基-埔墘,2023-03-22,9288
00665L,富邦�琤肭磪囓�2,8,2,6,凱基-埔墘,2023-03-22,9288
1605,華新,7,1,6,凱基-埔墘,2023-03-22,9288
2337,旺宏,7,1,6,凱基-埔墘,2023-03-22,9288
4968,立積,5,0,5,凱基-埔墘,2023-03-22,9288
2457,飛宏,15,10,5,凱基-埔墘,2023-03-22,9288
00885,富邦越南,5,0,5,凱基-埔墘,2023-03-22,9288
2427,三商電,25,20,5,凱基-埔墘,2023-03-22,9288
2732,六角,7,2,5,凱基-埔墘,2023-03-22,9288
4142,國光生,5,0,5,凱基-埔墘,2023-03-22,9288
6139,亞翔,9,4,5,凱基-埔墘,2023-03-22,9288
6282,康舒,10,5,5,凱基-埔墘,2023-03-22,9288
2498,宏達電,7,3,4,凱基-埔墘,2023-03-22,9288
00773B,中信優先金融債,4,0,4,凱基-埔墘,2023-03-22,9288
2014,中鴻,4,0,4,凱基-埔墘,2023-03-22,9288
2449,京元電子,4,0,4,凱基-埔墘,2023-03-22,9288
00632R,元大台灣50反1,288,140,148,凱基-埔墘,2023-03-23,9288
6603,富強鑫,100,0,100,凱基-埔墘,2023-03-23,9288
9907,統一實,57,1,56,凱基-埔墘,2023-03-23,9288
8390,金益鼎,55,0,55,凱基-埔墘,2023-03-23,9288
6244,茂迪,53,1,52,凱基-埔墘,2023-03-23,9288
2880,華南金,52,0,52,凱基-埔墘,2023-03-23,9288
3481,群創,66,15,51,凱基-埔墘,2023-03-23,9288
3521,鴻翊,51,0,51,凱基-埔墘,2023-03-23,9288
5512,力麒,48,0,48,凱基-埔墘,2023-03-23,9288
1528,恩德,40,0,40,凱基-埔墘,2023-03-23,9288
2883,凱基金,32,0,32,凱基-埔墘,2023-03-23,9288
2471,資通,35,8,27,凱基-埔墘,2023-03-23,9288
2303,聯電,37,12,25,凱基-埔墘,2023-03-23,9288
1568,倉佑,21,0,21,凱基-埔墘,2023-03-23,9288
2342,茂矽,33,12,21,凱基-埔墘,2023-03-23,9288
8289,泰藝,42,23,19,凱基-埔墘,2023-03-23,9288
2606,裕民,18,0,18,凱基-埔墘,2023-03-23,9288
5465,富驊,18,0,18,凱基-埔墘,2023-03-23,9288
2610,華航,25,10,15,凱基-埔墘,2023-03-23,9288
2637,慧洋-KY,16,1,15,凱基-埔墘,2023-03-23,9288
3576,聯合再生,20,7,13,凱基-埔墘,2023-03-23,9288
6282,康舒,11,0,11,凱基-埔墘,2023-03-23,9288
2402,毅嘉,21,10,11,凱基-埔墘,2023-03-23,9288
2427,三商電,13,2,11,凱基-埔墘,2023-03-23,9288
2022,聚亨,10,0,10,凱基-埔墘,2023-03-23,9288
2607,榮運,10,0,10,凱基-埔墘,2023-03-23,9288
2891,中信金,10,0,10,凱基-埔墘,2023-03-23,9288
2457,飛宏,12,3,9,凱基-埔墘,2023-03-23,9288
00655L,國泰中國A50正2,8,0,8,凱基-埔墘,2023-03-23,9288
4934,太極,7,0,7,凱基-埔墘,2023-03-23,9288
6235,華孚,15,9,6,凱基-埔墘,2023-03-23,9288
2462,良得電,6,0,6,凱基-埔墘,2023-03-23,9288
2605,新興,6,0,6,凱基-埔墘,2023-03-23,9288
3088,艾訊,18,12,6,凱基-埔墘,2023-03-23,9288
2890,永豐金,6,0,6,凱基-埔墘,2023-03-23,9288
3704,合勤控,5,0,5,凱基-埔墘,2023-03-23,9288
2313,華通,7,2,5,凱基-埔墘,2023-03-23,9288
2887,台新金,5,0,5,凱基-埔墘,2023-03-23,9288
5351,鈺創,7,2,5,凱基-埔墘,2023-03-23,9288
5425,台半,7,2,5,凱基-埔墘,2023-03-23,9288
6234,高僑,5,0,5,凱基-埔墘,2023-03-23,9288
6719,力智,9,4,5,凱基-埔墘,2023-03-23,9288
6245,立端,6,1,5,凱基-埔墘,2023-03-23,9288
2376,技嘉,5,0,5,凱基-埔墘,2023-03-23,9288
2449,京元電子,24,20,4,凱基-埔墘,2023-03-23,9288
2481,強茂,4,0,4,凱基-埔墘,2023-03-23,9288
2834,臺企銀,4,0,4,凱基-埔墘,2023-03-23,9288
3028,增你強,4,0,4,凱基-埔墘,2023-03-23,9288
5284,jpp-KY,4,0,4,凱基-埔墘,2023-03-23,9288
6191,精成科,4,0,4,凱基-埔墘,2023-03-23,9288
9907,統一實,166,1,165,凱基-埔墘,2023-03-24,9288
6226,光鼎,50,0,50,凱基-埔墘,2023-03-24,9288
2313,華通,53,4,49,凱基-埔墘,2023-03-24,9288
2439,美律,42,0,42,凱基-埔墘,2023-03-24,9288
00753L,中信中國50正2,41,0,41,凱基-埔墘,2023-03-24,9288
00715L,期街口布蘭特正2,36,2,34,凱基-埔墘,2023-03-24,9288
2402,毅嘉,41,10,31,凱基-埔墘,2023-03-24,9288
8390,金益鼎,30,0,30,凱基-埔墘,2023-03-24,9288
00673R,期元大S＆P原油反1,22,0,22,凱基-埔墘,2023-03-24,9288
2106,建大,20,0,20,凱基-埔墘,2023-03-24,9288
00642U,期元大S＆P石油,20,1,19,凱基-埔墘,2023-03-24,9288
2618,長榮航,17,1,16,凱基-埔墘,2023-03-24,9288
3189,景碩,16,1,15,凱基-埔墘,2023-03-24,9288
2546,根基,15,0,15,凱基-埔墘,2023-03-24,9288
2617,台航,15,0,15,凱基-埔墘,2023-03-24,9288
2891,中信金,15,0,15,凱基-埔墘,2023-03-24,9288
4967,十銓,25,10,15,凱基-埔墘,2023-03-24,9288
5258,虹堡,15,0,15,凱基-埔墘,2023-03-24,9288
1301,台塑,20,6,14,凱基-埔墘,2023-03-24,9288
3715,定穎投控,20,6,14,凱基-埔墘,2023-03-24,9288
2883,凱基金,12,0,12,凱基-埔墘,2023-03-24,9288
2303,聯電,11,0,11,凱基-埔墘,2023-03-24,9288
3094,聯傑,11,0,11,凱基-埔墘,2023-03-24,9288
3521,鴻翊,11,0,11,凱基-埔墘,2023-03-24,9288
1609,大亞,10,0,10,凱基-埔墘,2023-03-24,9288
2104,國際中橡,10,0,10,凱基-埔墘,2023-03-24,9288
00720B,元大投資級公司債,10,0,10,凱基-埔墘,2023-03-24,9288
00712,復華富時不動產,10,0,10,凱基-埔墘,2023-03-24,9288
1522,堤維西,11,1,10,凱基-埔墘,2023-03-24,9288
1709,和益,10,0,10,凱基-埔墘,2023-03-24,9288
2206,三陽工業,10,0,10,凱基-埔墘,2023-03-24,9288
2351,順德,21,11,10,凱基-埔墘,2023-03-24,9288
3432,台端,10,0,10,凱基-埔墘,2023-03-24,9288
5272,笙科,10,0,10,凱基-埔墘,2023-03-24,9288
5465,富驊,10,0,10,凱基-埔墘,2023-03-24,9288
6233,旺玖,10,0,10,凱基-埔墘,2023-03-24,9288
8086,宏捷科,10,0,10,凱基-埔墘,2023-03-24,9288
2723,美食-KY,9,0,9,凱基-埔墘,2023-03-24,9288
6510,精測,11,2,9,凱基-埔墘,2023-03-24,9288
3037,欣興,25,17,8,凱基-埔墘,2023-03-24,9288
6168,宏齊,23,15,8,凱基-埔墘,2023-03-24,9288
1605,華新,15,8,7,凱基-埔墘,2023-03-24,9288
2002,中鋼,6,0,6,凱基-埔墘,2023-03-24,9288
3105,穩懋,6,0,6,凱基-埔墘,2023-03-24,9288
1539,巨庭,6,0,6,凱基-埔墘,2023-03-24,9288
2457,飛宏,20,14,6,凱基-埔墘,2023-03-24,9288
3231,緯創,13,7,6,凱基-埔墘,2023-03-24,9288
8383,千附,5,0,5,凱基-埔墘,2023-03-24,9288
1532,勤美,5,0,5,凱基-埔墘,2023-03-24,9288
2352,佳世達,5,0,5,凱基-埔墘,2023-03-24,9288
3047,訊舟,51,0,51,凱基-埔墘,2023-03-27,9288
5465,富驊,45,0,45,凱基-埔墘,2023-03-27,9288
00882,中信中國高股息,36,0,36,凱基-埔墘,2023-03-27,9288
1605,華新,35,3,32,凱基-埔墘,2023-03-27,9288
4916,事欣科,33,3,30,凱基-埔墘,2023-03-27,9288
2344,華邦電,31,2,29,凱基-埔墘,2023-03-27,9288
6446,藥華藥,22,0,22,凱基-埔墘,2023-03-27,9288
1504,東元,30,9,21,凱基-埔墘,2023-03-27,9288
5289,宜鼎,22,1,21,凱基-埔墘,2023-03-27,9288
2548,華固,19,0,19,凱基-埔墘,2023-03-27,9288
6244,茂迪,17,0,17,凱基-埔墘,2023-03-27,9288
1584,精剛,25,9,16,凱基-埔墘,2023-03-27,9288
3046,建��,116,102,14,凱基-埔墘,2023-03-27,9288
9907,統一實,12,0,12,凱基-埔墘,2023-03-27,9288
2330,台積電,13,2,11,凱基-埔墘,2023-03-27,9288
2603,長榮,11,0,11,凱基-埔墘,2023-03-27,9288
2607,榮運,10,0,10,凱基-埔墘,2023-03-27,9288
2889,國票金,10,0,10,凱基-埔墘,2023-03-27,9288
3419,譁裕,10,0,10,凱基-埔墘,2023-03-27,9288
00650L,復華香港正2,9,0,9,凱基-埔墘,2023-03-27,9288
3094,聯傑,8,0,8,凱基-埔墘,2023-03-27,9288
4167,松瑞藥,8,0,8,凱基-埔墘,2023-03-27,9288
6276,安鈦克,8,0,8,凱基-埔墘,2023-03-27,9288
3293,鈊象,8,0,8,凱基-埔墘,2023-03-27,9288
6290,良維,7,0,7,凱基-埔墘,2023-03-27,9288
8088,品安,9,2,7,凱基-埔墘,2023-03-27,9288
00878,國泰永續高股息,11,4,7,凱基-埔墘,2023-03-27,9288
3552,同致,9,3,6,凱基-埔墘,2023-03-27,9288
6245,立端,6,0,6,凱基-埔墘,2023-03-27,9288
2002,中鋼,5,0,5,凱基-埔墘,2023-03-27,9288
1513,中興電,8,3,5,凱基-埔墘,2023-03-27,9288
1503,士電,5,0,5,凱基-埔墘,2023-03-27,9288
00772B,中信高評級公司債,10,5,5,凱基-埔墘,2023-03-27,9288
1718,中纖,5,0,5,凱基-埔墘,2023-03-27,9288
2340,台亞,10,5,5,凱基-埔墘,2023-03-27,9288
2891,中信金,5,0,5,凱基-埔墘,2023-03-27,9288
3035,智原,12,7,5,凱基-埔墘,2023-03-27,9288
3290,東浦,5,0,5,凱基-埔墘,2023-03-27,9288
3413,京鼎,5,0,5,凱基-埔墘,2023-03-27,9288
3707,漢磊,5,0,5,凱基-埔墘,2023-03-27,9288
5285,界霖,5,0,5,凱基-埔墘,2023-03-27,9288
6589,台康生技,5,0,5,凱基-埔墘,2023-03-27,9288
8033,雷虎,5,0,5,凱基-埔墘,2023-03-27,9288
1701,中化,5,0,5,凱基-埔墘,2023-03-27,9288
1220,台榮,4,0,4,凱基-埔墘,2023-03-27,9288
00680L,元大美債20正2,4,0,4,凱基-埔墘,2023-03-27,9288
2342,茂矽,9,5,4,凱基-埔墘,2023-03-27,9288
2402,毅嘉,10,6,4,凱基-埔墘,2023-03-27,9288
2498,宏達電,10,6,4,凱基-埔墘,2023-03-27,9288
3013,晟銘電,4,0,4,凱基-埔墘,2023-03-27,9288
00673R,期元大S＆P原油反1,20,0,20,凱基-埔墘,2023-03-28,9288
00895,富邦未來車,20,0,20,凱基-埔墘,2023-03-28,9288
00753L,中信中國50正2,19,0,19,凱基-埔墘,2023-03-28,9288
2607,榮運,20,2,18,凱基-埔墘,2023-03-28,9288
3715,定穎投控,20,2,18,凱基-埔墘,2023-03-28,9288
00679B,元大美債20年,18,1,17,凱基-埔墘,2023-03-28,9288
6446,藥華藥,17,0,17,凱基-埔墘,2023-03-28,9288
00878,國泰永續高股息,15,0,15,凱基-埔墘,2023-03-28,9288
00713,元大台灣高息低波,13,0,13,凱基-埔墘,2023-03-28,9288
2206,三陽工業,13,0,13,凱基-埔墘,2023-03-28,9288
1605,華新,27,14,13,凱基-埔墘,2023-03-28,9288
2337,旺宏,12,0,12,凱基-埔墘,2023-03-28,9288
8289,泰藝,15,3,12,凱基-埔墘,2023-03-28,9288
4967,十銓,10,0,10,凱基-埔墘,2023-03-28,9288
00720B,元大投資級公司債,10,0,10,凱基-埔墘,2023-03-28,9288
2332,友訊,10,0,10,凱基-埔墘,2023-03-28,9288
2887,台新金,10,0,10,凱基-埔墘,2023-03-28,9288
3596,智易,10,0,10,凱基-埔墘,2023-03-28,9288
2317,鴻海,9,0,9,凱基-埔墘,2023-03-28,9288
3035,智原,20,11,9,凱基-埔墘,2023-03-28,9288
6134,萬旭,9,0,9,凱基-埔墘,2023-03-28,9288
2330,台積電,10,1,9,凱基-埔墘,2023-03-28,9288
00923,群益台ESG低碳50,8,0,8,凱基-埔墘,2023-03-28,9288
2428,興勤,8,0,8,凱基-埔墘,2023-03-28,9288
3231,緯創,8,0,8,凱基-埔墘,2023-03-28,9288
00922,國泰台灣領袖50,7,0,7,凱基-埔墘,2023-03-28,9288
1584,精剛,11,4,7,凱基-埔墘,2023-03-28,9288
2610,華航,13,6,7,凱基-埔墘,2023-03-28,9288
2409,友達,6,0,6,凱基-埔墘,2023-03-28,9288
00632R,元大台灣50反1,5,0,5,凱基-埔墘,2023-03-28,9288
1532,勤美,5,0,5,凱基-埔墘,2023-03-28,9288
3017,奇鋐,7,2,5,凱基-埔墘,2023-03-28,9288
3380,明泰,5,0,5,凱基-埔墘,2023-03-28,9288
3413,京鼎,5,0,5,凱基-埔墘,2023-03-28,9288
4128,中天,6,1,5,凱基-埔墘,2023-03-28,9288
5272,笙科,5,0,5,凱基-埔墘,2023-03-28,9288
1710,東聯,4,0,4,凱基-埔墘,2023-03-28,9288
1810,和成,4,0,4,凱基-埔墘,2023-03-28,9288
2421,建準,6,2,4,凱基-埔墘,2023-03-28,9288
3290,東浦,4,0,4,凱基-埔墘,2023-03-28,9288
4190,佐登-KY,4,0,4,凱基-埔墘,2023-03-28,9288
6288,聯嘉,4,0,4,凱基-埔墘,2023-03-28,9288
6431,光麗-KY,4,0,4,凱基-埔墘,2023-03-28,9288
0056,元大高股息,5,2,3,凱基-埔墘,2023-03-28,9288
00650L,復華香港正2,3,0,3,凱基-埔墘,2023-03-28,9288
2457,飛宏,6,3,3,凱基-埔墘,2023-03-28,9288
2476,鉅祥,3,0,3,凱基-埔墘,2023-03-28,9288
2812,台中銀,3,0,3,凱基-埔墘,2023-03-28,9288
3006,晶豪科,4,1,3,凱基-埔墘,2023-03-28,9288
4927,泰鼎-KY,3,0,3,凱基-埔墘,2023-03-28,9288
00676R,富邦臺灣加權反1,58,0,58,凱基-埔墘,2023-03-29,9288
2461,光群雷,32,0,32,凱基-埔墘,2023-03-29,9288
5243,乙盛-KY,53,21,32,凱基-埔墘,2023-03-29,9288
3033,威健,30,0,30,凱基-埔墘,2023-03-29,9288
2617,台航,22,0,22,凱基-埔墘,2023-03-29,9288
2520,冠德,16,0,16,凱基-埔墘,2023-03-29,9288
2607,榮運,15,0,15,凱基-埔墘,2023-03-29,9288
8440,綠電,15,0,15,凱基-埔墘,2023-03-29,9288
1709,和益,13,0,13,凱基-埔墘,2023-03-29,9288
1522,堤維西,11,0,11,凱基-埔墘,2023-03-29,9288
00720B,元大投資級公司債,10,0,10,凱基-埔墘,2023-03-29,9288
00632R,元大台灣50反1,20,10,10,凱基-埔墘,2023-03-29,9288
3037,欣興,13,3,10,凱基-埔墘,2023-03-29,9288
00922,國泰台灣領袖50,9,0,9,凱基-埔墘,2023-03-29,9288
5285,界霖,10,1,9,凱基-埔墘,2023-03-29,9288
2342,茂矽,14,7,7,凱基-埔墘,2023-03-29,9288
3035,智原,16,9,7,凱基-埔墘,2023-03-29,9288
3290,東浦,6,0,6,凱基-埔墘,2023-03-29,9288
2303,聯電,8,2,6,凱基-埔墘,2023-03-29,9288
1513,中興電,9,4,5,凱基-埔墘,2023-03-29,9288
1104,環泥,5,0,5,凱基-埔墘,2023-03-29,9288
00900,富邦特選高股息30,5,0,5,凱基-埔墘,2023-03-29,9288
4164,承業醫,5,0,5,凱基-埔墘,2023-03-29,9288
3105,穩懋,6,2,4,凱基-埔墘,2023-03-29,9288
00919,群益台灣精選高息,4,0,4,凱基-埔墘,2023-03-29,9288
2481,強茂,4,0,4,凱基-埔墘,2023-03-29,9288
4581,光隆精密-KY,4,0,4,凱基-埔墘,2023-03-29,9288
6235,華孚,20,16,4,凱基-埔墘,2023-03-29,9288
6531,愛普*,5,1,4,凱基-埔墘,2023-03-29,9288
4919,新唐,3,0,3,凱基-埔墘,2023-03-29,9288
00679B,元大美債20年,3,0,3,凱基-埔墘,2023-03-29,9288
00725B,國泰投資級公司債,3,0,3,凱基-埔墘,2023-03-29,9288
2449,京元電子,3,0,3,凱基-埔墘,2023-03-29,9288
2471,資通,3,0,3,凱基-埔墘,2023-03-29,9288
2482,連宇,3,0,3,凱基-埔墘,2023-03-29,9288
3017,奇鋐,6,3,3,凱基-埔墘,2023-03-29,9288
4536,拓凱,3,0,3,凱基-埔墘,2023-03-29,9288
5236,凌陽創新,2,0,2,凱基-埔墘,2023-03-29,9288
3362,先進光,2,0,2,凱基-埔墘,2023-03-29,9288
2615,萬海,2,0,2,凱基-埔墘,2023-03-29,9288
2312,金寶,2,0,2,凱基-埔墘,2023-03-29,9288
1108,幸福,4,2,2,凱基-埔墘,2023-03-29,9288
1708,東鹼,2,0,2,凱基-埔墘,2023-03-29,9288
2002,中鋼,2,0,2,凱基-埔墘,2023-03-29,9288
2329,華泰,2,0,2,凱基-埔墘,2023-03-29,9288
2337,旺宏,2,0,2,凱基-埔墘,2023-03-29,9288
2368,金像電,5,3,2,凱基-埔墘,2023-03-29,9288
2371,大同,2,0,2,凱基-埔墘,2023-03-29,9288
2382,廣達,4,2,2,凱基-埔墘,2023-03-29,9288
2387,精元,2,0,2,凱基-埔墘,2023-03-29,9288
6285,啟��,302,10,292,凱基-埔墘,2023-03-30,9288
3324,雙鴻,230,0,230,凱基-埔墘,2023-03-30,9288
1504,東元,67,16,51,凱基-埔墘,2023-03-30,9288
6244,茂迪,63,23,40,凱基-埔墘,2023-03-30,9288
00715L,期街口布蘭特正2,30,0,30,凱基-埔墘,2023-03-30,9288
3290,東浦,24,0,24,凱基-埔墘,2023-03-30,9288
00632R,元大台灣50反1,21,0,21,凱基-埔墘,2023-03-30,9288
2412,中華電,20,0,20,凱基-埔墘,2023-03-30,9288
1528,恩德,20,0,20,凱基-埔墘,2023-03-30,9288
2427,三商電,21,1,20,凱基-埔墘,2023-03-30,9288
6589,台康生技,20,0,20,凱基-埔墘,2023-03-30,9288
8088,品安,17,0,17,凱基-埔墘,2023-03-30,9288
5425,台半,13,1,12,凱基-埔墘,2023-03-30,9288
4164,承業醫,40,30,10,凱基-埔墘,2023-03-30,9288
4938,和碩,10,0,10,凱基-埔墘,2023-03-30,9288
6245,立端,10,0,10,凱基-埔墘,2023-03-30,9288
8390,金益鼎,10,0,10,凱基-埔墘,2023-03-30,9288
00665L,富邦�琤肭磪囓�2,12,3,9,凱基-埔墘,2023-03-30,9288
2617,台航,9,0,9,凱基-埔墘,2023-03-30,9288
3715,定穎投控,12,3,9,凱基-埔墘,2023-03-30,9288
3527,聚積,8,0,8,凱基-埔墘,2023-03-30,9288
6414,樺漢,11,3,8,凱基-埔墘,2023-03-30,9288
1795,美時,7,0,7,凱基-埔墘,2023-03-30,9288
6133,金橋,7,0,7,凱基-埔墘,2023-03-30,9288
00679B,元大美債20年,6,0,6,凱基-埔墘,2023-03-30,9288
1560,中砂,5,0,5,凱基-埔墘,2023-03-30,9288
2401,凌陽,10,5,5,凱基-埔墘,2023-03-30,9288
2520,冠德,5,0,5,凱基-埔墘,2023-03-30,9288
3294,英濟,5,0,5,凱基-埔墘,2023-03-30,9288
6179,亞通,5,0,5,凱基-埔墘,2023-03-30,9288
7402,邑錡,6,1,5,凱基-埔墘,2023-03-30,9288
2484,希華,4,0,4,凱基-埔墘,2023-03-30,9288
3088,艾訊,6,2,4,凱基-埔墘,2023-03-30,9288
2330,台積電,11,8,3,凱基-埔墘,2023-03-30,9288
00912,中信臺灣智慧50,3,0,3,凱基-埔墘,2023-03-30,9288
3624,光頡,4,1,3,凱基-埔墘,2023-03-30,9288
4743,合一,3,0,3,凱基-埔墘,2023-03-30,9288
6122,擎邦,6,3,3,凱基-埔墘,2023-03-30,9288
6180,橘子,3,0,3,凱基-埔墘,2023-03-30,9288
8436,大江,3,0,3,凱基-埔墘,2023-03-30,9288
1905,華紙,2,0,2,凱基-埔墘,2023-03-30,9288
2006,東和鋼鐵,2,0,2,凱基-埔墘,2023-03-30,9288
1762,中化生,2,0,2,凱基-埔墘,2023-03-30,9288
1760,寶齡富錦,2,0,2,凱基-埔墘,2023-03-30,9288
00922,國泰台灣領袖50,2,0,2,凱基-埔墘,2023-03-30,9288
2331,精英,2,0,2,凱基-埔墘,2023-03-30,9288
2340,台亞,2,0,2,凱基-埔墘,2023-03-30,9288
2377,微星,2,0,2,凱基-埔墘,2023-03-30,9288
2409,友達,2,0,2,凱基-埔墘,2023-03-30,9288
2471,資通,2,0,2,凱基-埔墘,2023-03-30,9288
6603,富強鑫,100,0,100,凱基-埔墘,2023-03-31,9288
1504,東元,83,1,82,凱基-埔墘,2023-03-31,9288
8046,南電,80,0,80,凱基-埔墘,2023-03-31,9288
00632R,元大台灣50反1,60,10,50,凱基-埔墘,2023-03-31,9288
6133,金橋,46,2,44,凱基-埔墘,2023-03-31,9288
3217,優群,30,0,30,凱基-埔墘,2023-03-31,9288
6438,迅得,23,0,23,凱基-埔墘,2023-03-31,9288
3558,神準,19,0,19,凱基-埔墘,2023-03-31,9288
2457,飛宏,31,13,18,凱基-埔墘,2023-03-31,9288
2497,怡利電,16,0,16,凱基-埔墘,2023-03-31,9288
3701,大眾控,15,0,15,凱基-埔墘,2023-03-31,9288
8390,金益鼎,15,0,15,凱基-埔墘,2023-03-31,9288
4746,台耀,13,0,13,凱基-埔墘,2023-03-31,9288
3540,曜越,12,0,12,凱基-埔墘,2023-03-31,9288
6154,順發,12,0,12,凱基-埔墘,2023-03-31,9288
2337,旺宏,13,2,11,凱基-埔墘,2023-03-31,9288
2330,台積電,11,1,10,凱基-埔墘,2023-03-31,9288
2881,富邦金,10,0,10,凱基-埔墘,2023-03-31,9288
2233,宇隆,10,0,10,凱基-埔墘,2023-03-31,9288
6120,達運,10,0,10,凱基-埔墘,2023-03-31,9288
8926,台汽電,50,40,10,凱基-埔墘,2023-03-31,9288
1513,中興電,12,3,9,凱基-埔墘,2023-03-31,9288
1609,大亞,8,0,8,凱基-埔墘,2023-03-31,9288
2889,國票金,8,0,8,凱基-埔墘,2023-03-31,9288
3260,威剛,10,2,8,凱基-埔墘,2023-03-31,9288
3037,欣興,11,3,8,凱基-埔墘,2023-03-31,9288
2421,建準,7,0,7,凱基-埔墘,2023-03-31,9288
6134,萬旭,7,0,7,凱基-埔墘,2023-03-31,9288
6223,旺矽,7,0,7,凱基-埔墘,2023-03-31,9288
3272,東碩,6,0,6,凱基-埔墘,2023-03-31,9288
6182,合晶,7,1,6,凱基-埔墘,2023-03-31,9288
3081,聯亞,5,0,5,凱基-埔墘,2023-03-31,9288
2419,仲琦,5,0,5,凱基-埔墘,2023-03-31,9288
2426,鼎元,5,0,5,凱基-埔墘,2023-03-31,9288
2430,燦坤,5,0,5,凱基-埔墘,2023-03-31,9288
2612,中航,5,0,5,凱基-埔墘,2023-03-31,9288
6547,高端疫苗,5,0,5,凱基-埔墘,2023-03-31,9288
8917,欣泰,5,0,5,凱基-埔墘,2023-03-31,9288
9938,百和,5,0,5,凱基-埔墘,2023-03-31,9288
3576,聯合再生,4,0,4,凱基-埔墘,2023-03-31,9288
1795,美時,4,0,4,凱基-埔墘,2023-03-31,9288
6412,群電,4,0,4,凱基-埔墘,2023-03-31,9288
8050,廣積,5,1,4,凱基-埔墘,2023-03-31,9288
2634,漢翔,5,2,3,凱基-埔墘,2023-03-31,9288
4919,新唐,4,1,3,凱基-埔墘,2023-03-31,9288
1584,精剛,3,0,3,凱基-埔墘,2023-03-31,9288
2393,億光,3,0,3,凱基-埔墘,2023-03-31,9288
2471,資通,3,0,3,凱基-埔墘,2023-03-31,9288
3447,展達,3,0,3,凱基-埔墘,2023-03-31,9288
6116,彩晶,3,0,3,凱基-埔墘,2023-03-31,9288
6285,啟��,252,4,248,凱基-埔墘,2023-04-06,9288
2344,華邦電,53,1,52,凱基-埔墘,2023-04-06,9288
2313,華通,30,0,30,凱基-埔墘,2023-04-06,9288
6235,華孚,54,28,26,凱基-埔墘,2023-04-06,9288
5347,世界,25,0,25,凱基-埔墘,2023-04-06,9288
8390,金益鼎,25,2,23,凱基-埔墘,2023-04-06,9288
00637L,元大滬深300正2,22,0,22,凱基-埔墘,2023-04-06,9288
2317,鴻海,31,10,21,凱基-埔墘,2023-04-06,9288
00673R,期元大S＆P原油反1,35,20,15,凱基-埔墘,2023-04-06,9288
8926,台汽電,14,0,14,凱基-埔墘,2023-04-06,9288
2601,益航,13,0,13,凱基-埔墘,2023-04-06,9288
6161,捷波,12,0,12,凱基-埔墘,2023-04-06,9288
6133,金橋,11,0,11,凱基-埔墘,2023-04-06,9288
00632R,元大台灣50反1,10,0,10,凱基-埔墘,2023-04-06,9288
1528,恩德,10,0,10,凱基-埔墘,2023-04-06,9288
2457,飛宏,20,10,10,凱基-埔墘,2023-04-06,9288
6148,驊宏資,10,0,10,凱基-埔墘,2023-04-06,9288
00878,國泰永續高股息,10,0,10,凱基-埔墘,2023-04-06,9288
6414,樺漢,23,14,9,凱基-埔墘,2023-04-06,9288
6505,台塑化,9,0,9,凱基-埔墘,2023-04-06,9288
3025,星通,8,0,8,凱基-埔墘,2023-04-06,9288
2634,漢翔,18,11,7,凱基-埔墘,2023-04-06,9288
1514,亞力,7,0,7,凱基-埔墘,2023-04-06,9288
6104,創惟,7,0,7,凱基-埔墘,2023-04-06,9288
2330,台積電,10,4,6,凱基-埔墘,2023-04-06,9288
00650L,復華香港正2,6,0,6,凱基-埔墘,2023-04-06,9288
00655L,國泰中國A50正2,6,0,6,凱基-埔墘,2023-04-06,9288
1524,耿鼎,6,0,6,凱基-埔墘,2023-04-06,9288
3265,台星科,6,0,6,凱基-埔墘,2023-04-06,9288
6182,合晶,6,0,6,凱基-埔墘,2023-04-06,9288
1319,東陽,5,0,5,凱基-埔墘,2023-04-06,9288
00915,凱基優選高股息30,5,0,5,凱基-埔墘,2023-04-06,9288
00900,富邦特選高股息30,5,0,5,凱基-埔墘,2023-04-06,9288
1609,大亞,5,0,5,凱基-埔墘,2023-04-06,9288
1802,台玻,5,0,5,凱基-埔墘,2023-04-06,9288
2520,冠德,5,0,5,凱基-埔墘,2023-04-06,9288
6712,長聖,5,0,5,凱基-埔墘,2023-04-06,9288
00882,中信中國高股息,4,0,4,凱基-埔墘,2023-04-06,9288
00680L,元大美債20正2,5,1,4,凱基-埔墘,2023-04-06,9288
00885,富邦越南,4,0,4,凱基-埔墘,2023-04-06,9288
6244,茂迪,4,0,4,凱基-埔墘,2023-04-06,9288
00919,群益台灣精選高息,3,0,3,凱基-埔墘,2023-04-06,9288
2352,佳世達,4,1,3,凱基-埔墘,2023-04-06,9288
2482,連宇,5,2,3,凱基-埔墘,2023-04-06,9288
2484,希華,3,0,3,凱基-埔墘,2023-04-06,9288
2606,裕民,8,5,3,凱基-埔墘,2023-04-06,9288
3189,景碩,3,0,3,凱基-埔墘,2023-04-06,9288
3715,定穎投控,3,0,3,凱基-埔墘,2023-04-06,9288
6719,力智,3,0,3,凱基-埔墘,2023-04-06,9288
6770,力積電,3,0,3,凱基-埔墘,2023-04-06,9288
3521,鴻翊,91,0,91,凱基-埔墘,2023-04-07,9288
2208,台船,79,0,79,凱基-埔墘,2023-04-07,9288
2453,凌群,25,2,23,凱基-埔墘,2023-04-07,9288
00632R,元大台灣50反1,22,0,22,凱基-埔墘,2023-04-07,9288
5465,富驊,20,1,19,凱基-埔墘,2023-04-07,9288
3701,大眾控,17,0,17,凱基-埔墘,2023-04-07,9288
2891,中信金,16,0,16,凱基-埔墘,2023-04-07,9288
1513,中興電,30,15,15,凱基-埔墘,2023-04-07,9288
8028,昇陽半導體,20,5,15,凱基-埔墘,2023-04-07,9288
2537,聯上發,14,0,14,凱基-埔墘,2023-04-07,9288
6156,松上,35,21,14,凱基-埔墘,2023-04-07,9288
00665L,富邦�琤肭磪囓�2,15,2,13,凱基-埔墘,2023-04-07,9288
00679B,元大美債20年,12,0,12,凱基-埔墘,2023-04-07,9288
2408,南亞科,13,1,12,凱基-埔墘,2023-04-07,9288
1609,大亞,16,6,10,凱基-埔墘,2023-04-07,9288
2233,宇隆,10,0,10,凱基-埔墘,2023-04-07,9288
2615,萬海,10,0,10,凱基-埔墘,2023-04-07,9288
5443,均豪,10,0,10,凱基-埔墘,2023-04-07,9288
4114,健喬,20,11,9,凱基-埔墘,2023-04-07,9288
6538,倉和,8,0,8,凱基-埔墘,2023-04-07,9288
8105,凌巨,10,2,8,凱基-埔墘,2023-04-07,9288
8222,寶一,10,2,8,凱基-埔墘,2023-04-07,9288
8926,台汽電,8,0,8,凱基-埔墘,2023-04-07,9288
2066,世德,7,0,7,凱基-埔墘,2023-04-07,9288
4934,太極,7,0,7,凱基-埔墘,2023-04-07,9288
4967,十銓,27,20,7,凱基-埔墘,2023-04-07,9288
2330,台積電,6,0,6,凱基-埔墘,2023-04-07,9288
00712,復華富時不動產,6,0,6,凱基-埔墘,2023-04-07,9288
2312,金寶,6,0,6,凱基-埔墘,2023-04-07,9288
6161,捷波,6,0,6,凱基-埔墘,2023-04-07,9288
2382,廣達,6,0,6,凱基-埔墘,2023-04-07,9288
00882,中信中國高股息,5,0,5,凱基-埔墘,2023-04-07,9288
2489,瑞軒,5,0,5,凱基-埔墘,2023-04-07,9288
6244,茂迪,9,4,5,凱基-埔墘,2023-04-07,9288
2317,鴻海,5,0,5,凱基-埔墘,2023-04-07,9288
2340,台亞,5,0,5,凱基-埔墘,2023-04-07,9288
2369,菱生,5,0,5,凱基-埔墘,2023-04-07,9288
2892,第一金,5,0,5,凱基-埔墘,2023-04-07,9288
5388,中磊,5,0,5,凱基-埔墘,2023-04-07,9288
6125,廣運,5,0,5,凱基-埔墘,2023-04-07,9288
9907,統一實,5,0,5,凱基-埔墘,2023-04-07,9288
3272,東碩,4,0,4,凱基-埔墘,2023-04-07,9288
4806,桂田文創,4,0,4,凱基-埔墘,2023-04-07,9288
5222,全訊,9,5,4,凱基-埔墘,2023-04-07,9288
6122,擎邦,4,0,4,凱基-埔墘,2023-04-07,9288
3189,景碩,4,0,4,凱基-埔墘,2023-04-07,9288
6266,泰詠,6,2,4,凱基-埔墘,2023-04-07,9288
2457,飛宏,20,17,3,凱基-埔墘,2023-04-07,9288
1416,廣豐,3,0,3,凱基-埔墘,2023-04-07,9288
2637,慧洋-KY,5,2,3,凱基-埔墘,2023-04-07,9288
5484,慧友,91,0,91,凱基-埔墘,2023-04-10,9288
2867,三商壽,87,0,87,凱基-埔墘,2023-04-10,9288
2344,華邦電,53,0,53,凱基-埔墘,2023-04-10,9288
00902,中信電池及儲能,50,0,50,凱基-埔墘,2023-04-10,9288
5258,虹堡,40,0,40,凱基-埔墘,2023-04-10,9288
3518,柏騰,35,0,35,凱基-埔墘,2023-04-10,9288
9942,茂順,30,0,30,凱基-埔墘,2023-04-10,9288
3701,大眾控,30,10,20,凱基-埔墘,2023-04-10,9288
00679B,元大美債20年,18,0,18,凱基-埔墘,2023-04-10,9288
4190,佐登-KY,18,0,18,凱基-埔墘,2023-04-10,9288
2615,萬海,17,0,17,凱基-埔墘,2023-04-10,9288
2609,陽明,14,0,14,凱基-埔墘,2023-04-10,9288
8917,欣泰,14,0,14,凱基-埔墘,2023-04-10,9288
1609,大亞,12,0,12,凱基-埔墘,2023-04-10,9288
00632R,元大台灣50反1,12,0,12,凱基-埔墘,2023-04-10,9288
3207,耀勝,12,0,12,凱基-埔墘,2023-04-10,9288
00720B,元大投資級公司債,10,0,10,凱基-埔墘,2023-04-10,9288
2349,錸德,10,0,10,凱基-埔墘,2023-04-10,9288
2457,飛宏,154,144,10,凱基-埔墘,2023-04-10,9288
3711,日月光投控,10,0,10,凱基-埔墘,2023-04-10,9288
5011,久陽,10,0,10,凱基-埔墘,2023-04-10,9288
6133,金橋,10,0,10,凱基-埔墘,2023-04-10,9288
8201,無敵,10,0,10,凱基-埔墘,2023-04-10,9288
3479,安勤,8,0,8,凱基-埔墘,2023-04-10,9288
6163,華電網,8,0,8,凱基-埔墘,2023-04-10,9288
00715L,期街口布蘭特正2,64,58,6,凱基-埔墘,2023-04-10,9288
2369,菱生,6,0,6,凱基-埔墘,2023-04-10,9288
2382,廣達,6,0,6,凱基-埔墘,2023-04-10,9288
6182,合晶,7,1,6,凱基-埔墘,2023-04-10,9288
8926,台汽電,6,0,6,凱基-埔墘,2023-04-10,9288
1314,中石化,5,0,5,凱基-埔墘,2023-04-10,9288
2243,宏旭-KY,5,0,5,凱基-埔墘,2023-04-10,9288
2375,凱美,7,2,5,凱基-埔墘,2023-04-10,9288
3416,融程電,5,0,5,凱基-埔墘,2023-04-10,9288
5443,均豪,5,0,5,凱基-埔墘,2023-04-10,9288
5483,中美晶,6,1,5,凱基-埔墘,2023-04-10,9288
6191,精成科,5,0,5,凱基-埔墘,2023-04-10,9288
3006,晶豪科,6,2,4,凱基-埔墘,2023-04-10,9288
3058,立德,4,0,4,凱基-埔墘,2023-04-10,9288
00772B,中信高評級公司債,4,0,4,凱基-埔墘,2023-04-10,9288
2313,華通,4,0,4,凱基-埔墘,2023-04-10,9288
2413,環科,4,0,4,凱基-埔墘,2023-04-10,9288
4770,上品,4,0,4,凱基-埔墘,2023-04-10,9288
8383,千附,7,3,4,凱基-埔墘,2023-04-10,9288
8390,金益鼎,4,0,4,凱基-埔墘,2023-04-10,9288
2330,台積電,5,2,3,凱基-埔墘,2023-04-10,9288
00673R,期元大S＆P原油反1,3,0,3,凱基-埔墘,2023-04-10,9288
1718,中纖,3,0,3,凱基-埔墘,2023-04-10,9288
2201,裕隆,3,0,3,凱基-埔墘,2023-04-10,9288
2231,為升,4,1,3,凱基-埔墘,2023-04-10,9288
2208,台船,139,8,131,凱基-埔墘,2023-04-11,9288
3521,鴻翊,87,0,87,凱基-埔墘,2023-04-11,9288
5484,慧友,63,0,63,凱基-埔墘,2023-04-11,9288
2867,三商壽,54,1,53,凱基-埔墘,2023-04-11,9288
0056,元大高股息,55,6,49,凱基-埔墘,2023-04-11,9288
6274,台燿,45,0,45,凱基-埔墘,2023-04-11,9288
3038,全台,41,2,39,凱基-埔墘,2023-04-11,9288
00637L,元大滬深300正2,32,0,32,凱基-埔墘,2023-04-11,9288
6217,中探針,31,0,31,凱基-埔墘,2023-04-11,9288
8222,寶一,31,0,31,凱基-埔墘,2023-04-11,9288
6191,精成科,45,15,30,凱基-埔墘,2023-04-11,9288
8028,昇陽半導體,30,0,30,凱基-埔墘,2023-04-11,9288
00665L,富邦�琤肭磪囓�2,33,4,29,凱基-埔墘,2023-04-11,9288
2382,廣達,40,14,26,凱基-埔墘,2023-04-11,9288
5258,虹堡,25,0,25,凱基-埔墘,2023-04-11,9288
2428,興勤,25,1,24,凱基-埔墘,2023-04-11,9288
00720B,元大投資級公司債,20,0,20,凱基-埔墘,2023-04-11,9288
3049,精金,20,0,20,凱基-埔墘,2023-04-11,9288
2637,慧洋-KY,18,0,18,凱基-埔墘,2023-04-11,9288
3518,柏騰,17,0,17,凱基-埔墘,2023-04-11,9288
1609,大亞,26,10,16,凱基-埔墘,2023-04-11,9288
2351,順德,16,0,16,凱基-埔墘,2023-04-11,9288
6161,捷波,16,0,16,凱基-埔墘,2023-04-11,9288
00679B,元大美債20年,13,0,13,凱基-埔墘,2023-04-11,9288
2023,燁輝,13,0,13,凱基-埔墘,2023-04-11,9288
00753L,中信中國50正2,11,1,10,凱基-埔墘,2023-04-11,9288
2349,錸德,10,0,10,凱基-埔墘,2023-04-11,9288
2468,華經,10,0,10,凱基-埔墘,2023-04-11,9288
2845,遠東銀,10,0,10,凱基-埔墘,2023-04-11,9288
3032,偉訓,11,1,10,凱基-埔墘,2023-04-11,9288
2330,台積電,13,4,9,凱基-埔墘,2023-04-11,9288
2406,國碩,8,0,8,凱基-埔墘,2023-04-11,9288
00650L,復華香港正2,9,2,7,凱基-埔墘,2023-04-11,9288
3078,僑威,12,5,7,凱基-埔墘,2023-04-11,9288
00715L,期街口布蘭特正2,306,300,6,凱基-埔墘,2023-04-11,9288
1709,和益,6,0,6,凱基-埔墘,2023-04-11,9288
3715,定穎投控,7,1,6,凱基-埔墘,2023-04-11,9288
5483,中美晶,6,0,6,凱基-埔墘,2023-04-11,9288
2489,瑞軒,5,0,5,凱基-埔墘,2023-04-11,9288
6129,普誠,5,0,5,凱基-埔墘,2023-04-11,9288
00885,富邦越南,10,5,5,凱基-埔墘,2023-04-11,9288
00655L,國泰中國A50正2,5,0,5,凱基-埔墘,2023-04-11,9288
1316,上曜,5,0,5,凱基-埔墘,2023-04-11,9288
3703,欣陸,5,0,5,凱基-埔墘,2023-04-11,9288
4114,健喬,5,0,5,凱基-埔墘,2023-04-11,9288
6285,啟��,6,1,5,凱基-埔墘,2023-04-11,9288
6509,聚和,5,0,5,凱基-埔墘,2023-04-11,9288
6547,高端疫苗,5,0,5,凱基-埔墘,2023-04-11,9288
6706,惠特,5,0,5,凱基-埔墘,2023-04-11,9288
8383,千附,5,0,5,凱基-埔墘,2023-04-11,9288
3324,雙鴻,87,7,80,凱基-埔墘,2023-04-12,9288
2607,榮運,45,0,45,凱基-埔墘,2023-04-12,9288
2889,國票金,40,0,40,凱基-埔墘,2023-04-12,9288
4927,泰鼎-KY,25,0,25,凱基-埔墘,2023-04-12,9288
2528,皇普,22,0,22,凱基-埔墘,2023-04-12,9288
00720B,元大投資級公司債,21,0,21,凱基-埔墘,2023-04-12,9288
9942,茂順,20,0,20,凱基-埔墘,2023-04-12,9288
5258,虹堡,17,0,17,凱基-埔墘,2023-04-12,9288
2382,廣達,17,1,16,凱基-埔墘,2023-04-12,9288
6548,長科*,18,2,16,凱基-埔墘,2023-04-12,9288
00671R,富邦NASDAQ反1,15,0,15,凱基-埔墘,2023-04-12,9288
2634,漢翔,41,26,15,凱基-埔墘,2023-04-12,9288
8222,寶一,27,13,14,凱基-埔墘,2023-04-12,9288
4967,十銓,25,13,12,凱基-埔墘,2023-04-12,9288
2330,台積電,12,1,11,凱基-埔墘,2023-04-12,9288
4190,佐登-KY,11,0,11,凱基-埔墘,2023-04-12,9288
00637L,元大滬深300正2,10,0,10,凱基-埔墘,2023-04-12,9288
4739,康普,10,0,10,凱基-埔墘,2023-04-12,9288
6133,金橋,10,0,10,凱基-埔墘,2023-04-12,9288
6156,松上,10,0,10,凱基-埔墘,2023-04-12,9288
00680L,元大美債20正2,8,0,8,凱基-埔墘,2023-04-12,9288
2413,環科,10,2,8,凱基-埔墘,2023-04-12,9288
2609,陽明,15,7,8,凱基-埔墘,2023-04-12,9288
00673R,期元大S＆P原油反1,7,0,7,凱基-埔墘,2023-04-12,9288
2497,怡利電,7,0,7,凱基-埔墘,2023-04-12,9288
6477,安集,7,0,7,凱基-埔墘,2023-04-12,9288
6804,明係,7,0,7,凱基-埔墘,2023-04-12,9288
8926,台汽電,9,2,7,凱基-埔墘,2023-04-12,9288
5443,均豪,6,0,6,凱基-埔墘,2023-04-12,9288
2313,華通,6,0,6,凱基-埔墘,2023-04-12,9288
2393,億光,6,0,6,凱基-埔墘,2023-04-12,9288
6168,宏齊,6,0,6,凱基-埔墘,2023-04-12,9288
6235,華孚,11,5,6,凱基-埔墘,2023-04-12,9288
6712,長聖,6,0,6,凱基-埔墘,2023-04-12,9288
00664R,國泰臺灣加權反1,5,0,5,凱基-埔墘,2023-04-12,9288
1906,寶隆,5,0,5,凱基-埔墘,2023-04-12,9288
2419,仲琦,5,0,5,凱基-埔墘,2023-04-12,9288
2483,百容,5,0,5,凱基-埔墘,2023-04-12,9288
2506,太設,5,0,5,凱基-埔墘,2023-04-12,9288
3078,僑威,10,5,5,凱基-埔墘,2023-04-12,9288
3701,大眾控,5,0,5,凱基-埔墘,2023-04-12,9288
6148,驊宏資,5,0,5,凱基-埔墘,2023-04-12,9288
6175,立敦,5,0,5,凱基-埔墘,2023-04-12,9288
6191,精成科,5,0,5,凱基-埔墘,2023-04-12,9288
9945,潤泰新,5,0,5,凱基-埔墘,2023-04-12,9288
2329,華泰,60,56,4,凱基-埔墘,2023-04-12,9288
2409,友達,10,6,4,凱基-埔墘,2023-04-12,9288
2461,光群雷,4,0,4,凱基-埔墘,2023-04-12,9288
3265,台星科,4,0,4,凱基-埔墘,2023-04-12,9288
4536,拓凱,6,2,4,凱基-埔墘,2023-04-12,9288
3049,精金,390,0,390,凱基-埔墘,2023-04-13,9288
3594,磐儀,217,0,217,凱基-埔墘,2023-04-13,9288
00680L,元大美債20正2,60,0,60,凱基-埔墘,2023-04-13,9288
00772B,中信高評級公司債,56,0,56,凱基-埔墘,2023-04-13,9288
2495,普安,50,0,50,凱基-埔墘,2023-04-13,9288
3706,神達,37,0,37,凱基-埔墘,2023-04-13,9288
3479,安勤,30,2,28,凱基-埔墘,2023-04-13,9288
2610,華航,43,17,26,凱基-埔墘,2023-04-13,9288
00888,永豐台灣ESG,23,0,23,凱基-埔墘,2023-04-13,9288
00753L,中信中國50正2,20,0,20,凱基-埔墘,2023-04-13,9288
5328,華容,20,0,20,凱基-埔墘,2023-04-13,9288
2340,台亞,19,0,19,凱基-埔墘,2023-04-13,9288
8936,國統,21,2,19,凱基-埔墘,2023-04-13,9288
5512,力麒,20,2,18,凱基-埔墘,2023-04-13,9288
5371,中光電,83,66,17,凱基-埔墘,2023-04-13,9288
8926,台汽電,17,0,17,凱基-埔墘,2023-04-13,9288
3176,基亞,15,0,15,凱基-埔墘,2023-04-13,9288
00637L,元大滬深300正2,22,7,15,凱基-埔墘,2023-04-13,9288
6244,茂迪,15,0,15,凱基-埔墘,2023-04-13,9288
6016,康和證,14,0,14,凱基-埔墘,2023-04-13,9288
1605,華新,12,0,12,凱基-埔墘,2023-04-13,9288
2883,凱基金,12,1,11,凱基-埔墘,2023-04-13,9288
00885,富邦越南,10,0,10,凱基-埔墘,2023-04-13,9288
1609,大亞,19,9,10,凱基-埔墘,2023-04-13,9288
2382,廣達,10,0,10,凱基-埔墘,2023-04-13,9288
3207,耀勝,10,0,10,凱基-埔墘,2023-04-13,9288
4966,譜瑞-KY,11,1,10,凱基-埔墘,2023-04-13,9288
6179,亞通,10,0,10,凱基-埔墘,2023-04-13,9288
2330,台積電,10,0,10,凱基-埔墘,2023-04-13,9288
2206,三陽工業,9,0,9,凱基-埔墘,2023-04-13,9288
5009,榮剛,41,32,9,凱基-埔墘,2023-04-13,9288
6116,彩晶,10,1,9,凱基-埔墘,2023-04-13,9288
2337,旺宏,8,0,8,凱基-埔墘,2023-04-13,9288
2489,瑞軒,7,0,7,凱基-埔墘,2023-04-13,9288
6122,擎邦,20,13,7,凱基-埔墘,2023-04-13,9288
1524,耿鼎,6,0,6,凱基-埔墘,2023-04-13,9288
1760,寶齡富錦,6,0,6,凱基-埔墘,2023-04-13,9288
2302,麗正,7,1,6,凱基-埔墘,2023-04-13,9288
2312,金寶,6,0,6,凱基-埔墘,2023-04-13,9288
2528,皇普,8,2,6,凱基-埔墘,2023-04-13,9288
4960,誠美材,11,5,6,凱基-埔墘,2023-04-13,9288
6531,愛普*,7,1,6,凱基-埔墘,2023-04-13,9288
3715,定穎投控,6,1,5,凱基-埔墘,2023-04-13,9288
00922,國泰台灣領袖50,5,0,5,凱基-埔墘,2023-04-13,9288
1220,台榮,5,0,5,凱基-埔墘,2023-04-13,9288
1316,上曜,5,0,5,凱基-埔墘,2023-04-13,9288
2027,大成鋼,10,5,5,凱基-埔墘,2023-04-13,9288
2211,長榮鋼,15,10,5,凱基-埔墘,2023-04-13,9288
2471,資通,5,0,5,凱基-埔墘,2023-04-13,9288
2617,台航,5,0,5,凱基-埔墘,2023-04-13,9288
3058,立德,152,0,152,凱基-埔墘,2023-04-14,9288
2706,第一店,97,0,97,凱基-埔墘,2023-04-14,9288
2634,漢翔,93,21,72,凱基-埔墘,2023-04-14,9288
00878,國泰永續高股息,53,1,52,凱基-埔墘,2023-04-14,9288
2344,華邦電,47,3,44,凱基-埔墘,2023-04-14,9288
3521,鴻翊,44,0,44,凱基-埔墘,2023-04-14,9288
00680L,元大美債20正2,31,0,31,凱基-埔墘,2023-04-14,9288
3479,安勤,30,0,30,凱基-埔墘,2023-04-14,9288
9955,佳龍,30,0,30,凱基-埔墘,2023-04-14,9288
2614,東森,22,0,22,凱基-埔墘,2023-04-14,9288
3033,威健,20,0,20,凱基-埔墘,2023-04-14,9288
00772B,中信高評級公司債,18,0,18,凱基-埔墘,2023-04-14,9288
2382,廣達,15,0,15,凱基-埔墘,2023-04-14,9288
2618,長榮航,15,0,15,凱基-埔墘,2023-04-14,9288
4967,十銓,16,2,14,凱基-埔墘,2023-04-14,9288
6285,啟��,23,10,13,凱基-埔墘,2023-04-14,9288
9942,茂順,11,0,11,凱基-埔墘,2023-04-14,9288
1453,大將,10,0,10,凱基-埔墘,2023-04-14,9288
1531,高林股,10,0,10,凱基-埔墘,2023-04-14,9288
2483,百容,10,0,10,凱基-埔墘,2023-04-14,9288
2617,台航,10,0,10,凱基-埔墘,2023-04-14,9288
3504,揚明光,10,0,10,凱基-埔墘,2023-04-14,9288
00679B,元大美債20年,10,1,9,凱基-埔墘,2023-04-14,9288
7402,邑錡,15,6,9,凱基-埔墘,2023-04-14,9288
8222,寶一,15,6,9,凱基-埔墘,2023-04-14,9288
5009,榮剛,14,6,8,凱基-埔墘,2023-04-14,9288
8383,千附,9,1,8,凱基-埔墘,2023-04-14,9288
6550,北極星藥業-KY,7,0,7,凱基-埔墘,2023-04-14,9288
1709,和益,7,0,7,凱基-埔墘,2023-04-14,9288
3715,定穎投控,7,0,7,凱基-埔墘,2023-04-14,9288
3432,台端,6,0,6,凱基-埔墘,2023-04-14,9288
8104,錸寶,6,0,6,凱基-埔墘,2023-04-14,9288
6182,合晶,5,0,5,凱基-埔墘,2023-04-14,9288
3037,欣興,5,0,5,凱基-埔墘,2023-04-14,9288
2303,聯電,5,0,5,凱基-埔墘,2023-04-14,9288
2331,精英,5,0,5,凱基-埔墘,2023-04-14,9288
2885,元大金,5,0,5,凱基-埔墘,2023-04-14,9288
3141,晶宏,5,0,5,凱基-埔墘,2023-04-14,9288
5465,富驊,8,3,5,凱基-埔墘,2023-04-14,9288
6167,久正,8,3,5,凱基-埔墘,2023-04-14,9288
6188,廣明,5,0,5,凱基-埔墘,2023-04-14,9288
6733,博晟生醫,5,0,5,凱基-埔墘,2023-04-14,9288
8091,翔名,6,1,5,凱基-埔墘,2023-04-14,9288
8110,華東,5,0,5,凱基-埔墘,2023-04-14,9288
2492,華新科,5,0,5,凱基-埔墘,2023-04-14,9288
2328,廣宇,5,0,5,凱基-埔墘,2023-04-14,9288
00888,永豐台灣ESG,4,0,4,凱基-埔墘,2023-04-14,9288
1312,國喬,5,1,4,凱基-埔墘,2023-04-14,9288
2337,旺宏,4,0,4,凱基-埔墘,2023-04-14,9288
2421,建準,4,0,4,凱基-埔墘,2023-04-14,9288
1444,力麗,70,0,70,凱基-埔墘,2023-04-17,9288
2618,長榮航,42,5,37,凱基-埔墘,2023-04-17,9288
1605,華新,45,12,33,凱基-埔墘,2023-04-17,9288
3049,精金,30,0,30,凱基-埔墘,2023-04-17,9288
2455,全新,29,0,29,凱基-埔墘,2023-04-17,9288
6223,旺矽,21,0,21,凱基-埔墘,2023-04-17,9288
2356,英業達,20,0,20,凱基-埔墘,2023-04-17,9288
3147,大綜,20,0,20,凱基-埔墘,2023-04-17,9288
1717,長興,21,3,18,凱基-埔墘,2023-04-17,9288
00679B,元大美債20年,17,0,17,凱基-埔墘,2023-04-17,9288
3481,群創,19,2,17,凱基-埔墘,2023-04-17,9288
2489,瑞軒,16,0,16,凱基-埔墘,2023-04-17,9288
3521,鴻翊,16,0,16,凱基-埔墘,2023-04-17,9288
00680L,元大美債20正2,15,0,15,凱基-埔墘,2023-04-17,9288
00720B,元大投資級公司債,15,0,15,凱基-埔墘,2023-04-17,9288
4966,譜瑞-KY,15,0,15,凱基-埔墘,2023-04-17,9288
2748,雲品,13,0,13,凱基-埔墘,2023-04-17,9288
6235,華孚,37,24,13,凱基-埔墘,2023-04-17,9288
4977,眾達-KY,12,0,12,凱基-埔墘,2023-04-17,9288
6285,啟��,24,12,12,凱基-埔墘,2023-04-17,9288
6122,擎邦,17,6,11,凱基-埔墘,2023-04-17,9288
2206,三陽工業,25,15,10,凱基-埔墘,2023-04-17,9288
2211,長榮鋼,11,1,10,凱基-埔墘,2023-04-17,9288
2449,京元電子,13,3,10,凱基-埔墘,2023-04-17,9288
2885,元大金,10,0,10,凱基-埔墘,2023-04-17,9288
3682,亞太電,10,0,10,凱基-埔墘,2023-04-17,9288
6142,友勁,10,0,10,凱基-埔墘,2023-04-17,9288
00878,國泰永續高股息,9,0,9,凱基-埔墘,2023-04-17,9288
2454,聯發科,8,0,8,凱基-埔墘,2023-04-17,9288
8121,越峰,8,0,8,凱基-埔墘,2023-04-17,9288
00912,中信臺灣智慧50,7,0,7,凱基-埔墘,2023-04-17,9288
2610,華航,7,0,7,凱基-埔墘,2023-04-17,9288
3706,神達,7,0,7,凱基-埔墘,2023-04-17,9288
6792,詠業,7,0,7,凱基-埔墘,2023-04-17,9288
00885,富邦越南,6,0,6,凱基-埔墘,2023-04-17,9288
3272,東碩,6,0,6,凱基-埔墘,2023-04-17,9288
5484,慧友,6,0,6,凱基-埔墘,2023-04-17,9288
6116,彩晶,6,0,6,凱基-埔墘,2023-04-17,9288
1409,新纖,5,0,5,凱基-埔墘,2023-04-17,9288
0056,元大高股息,6,1,5,凱基-埔墘,2023-04-17,9288
2105,正新,5,0,5,凱基-埔墘,2023-04-17,9288
2106,建大,5,0,5,凱基-埔墘,2023-04-17,9288
2617,台航,5,0,5,凱基-埔墘,2023-04-17,9288
4167,松瑞藥,5,0,5,凱基-埔墘,2023-04-17,9288
6140,訊達,5,0,5,凱基-埔墘,2023-04-17,9288
6443,元晶,10,5,5,凱基-埔墘,2023-04-17,9288
3712,永崴投控,10,6,4,凱基-埔墘,2023-04-17,9288
6234,高僑,5,1,4,凱基-埔墘,2023-04-17,9288
00772B,中信高評級公司債,4,0,4,凱基-埔墘,2023-04-17,9288
00712,復華富時不動產,6,2,4,凱基-埔墘,2023-04-17,9288
1503,士電,81,11,70,凱基-埔墘,2023-04-18,9288
00720B,元大投資級公司債,46,0,46,凱基-埔墘,2023-04-18,9288
4147,中裕,41,1,40,凱基-埔墘,2023-04-18,9288
00679B,元大美債20年,28,1,27,凱基-埔墘,2023-04-18,9288
00680L,元大美債20正2,25,0,25,凱基-埔墘,2023-04-18,9288
2812,台中銀,30,5,25,凱基-埔墘,2023-04-18,9288
2618,長榮航,24,0,24,凱基-埔墘,2023-04-18,9288
00725B,國泰投資級公司債,20,0,20,凱基-埔墘,2023-04-18,9288
2887,台新金,20,0,20,凱基-埔墘,2023-04-18,9288
3013,晟銘電,20,0,20,凱基-埔墘,2023-04-18,9288
00772B,中信高評級公司債,19,0,19,凱基-埔墘,2023-04-18,9288
3078,僑威,30,12,18,凱基-埔墘,2023-04-18,9288
2634,漢翔,41,23,18,凱基-埔墘,2023-04-18,9288
4566,時碩工業,21,3,18,凱基-埔墘,2023-04-18,9288
2208,台船,26,10,16,凱基-埔墘,2023-04-18,9288
2457,飛宏,54,39,15,凱基-埔墘,2023-04-18,9288
2344,華邦電,14,0,14,凱基-埔墘,2023-04-18,9288
6472,保瑞,14,0,14,凱基-埔墘,2023-04-18,9288
00715L,期街口布蘭特正2,13,0,13,凱基-埔墘,2023-04-18,9288
2637,慧洋-KY,19,7,12,凱基-埔墘,2023-04-18,9288
5347,世界,12,0,12,凱基-埔墘,2023-04-18,9288
3046,建��,13,2,11,凱基-埔墘,2023-04-18,9288
4190,佐登-KY,11,0,11,凱基-埔墘,2023-04-18,9288
1529,樂事綠能,15,5,10,凱基-埔墘,2023-04-18,9288
2104,國際中橡,10,0,10,凱基-埔墘,2023-04-18,9288
2409,友達,12,2,10,凱基-埔墘,2023-04-18,9288
3479,安勤,10,0,10,凱基-埔墘,2023-04-18,9288
3682,亞太電,10,0,10,凱基-埔墘,2023-04-18,9288
3712,永崴投控,11,1,10,凱基-埔墘,2023-04-18,9288
4114,健喬,10,0,10,凱基-埔墘,2023-04-18,9288
6531,愛普*,13,3,10,凱基-埔墘,2023-04-18,9288
6733,博晟生醫,10,0,10,凱基-埔墘,2023-04-18,9288
00878,國泰永續高股息,15,6,9,凱基-埔墘,2023-04-18,9288
00665L,富邦�琤肭磪囓�2,12,3,9,凱基-埔墘,2023-04-18,9288
2359,所羅門,13,5,8,凱基-埔墘,2023-04-18,9288
6113,亞矽,8,0,8,凱基-埔墘,2023-04-18,9288
8926,台汽電,19,12,7,凱基-埔墘,2023-04-18,9288
2109,華豐,7,0,7,凱基-埔墘,2023-04-18,9288
2609,陽明,9,2,7,凱基-埔墘,2023-04-18,9288
3147,大綜,7,0,7,凱基-埔墘,2023-04-18,9288
6443,元晶,12,5,7,凱基-埔墘,2023-04-18,9288
1786,科妍,6,0,6,凱基-埔墘,2023-04-18,9288
2471,資通,10,4,6,凱基-埔墘,2023-04-18,9288
3032,偉訓,8,2,6,凱基-埔墘,2023-04-18,9288
3071,協禧,8,2,6,凱基-埔墘,2023-04-18,9288
1605,華新,6,0,6,凱基-埔墘,2023-04-18,9288
2884,玉山金,5,0,5,凱基-埔墘,2023-04-18,9288
00712,復華富時不動產,5,0,5,凱基-埔墘,2023-04-18,9288
00642U,期元大S＆P石油,5,0,5,凱基-埔墘,2023-04-18,9288
1519,華城,14,9,5,凱基-埔墘,2023-04-18,9288
3231,緯創,225,108,117,凱基-埔墘,2023-04-19,9288
1810,和成,70,5,65,凱基-埔墘,2023-04-19,9288
2634,漢翔,76,15,61,凱基-埔墘,2023-04-19,9288
00885,富邦越南,146,100,46,凱基-埔墘,2023-04-19,9288
3673,TPK-KY,31,0,31,凱基-埔墘,2023-04-19,9288
3481,群創,37,12,25,凱基-埔墘,2023-04-19,9288
2887,台新金,23,0,23,凱基-埔墘,2023-04-19,9288
2313,華通,22,0,22,凱基-埔墘,2023-04-19,9288
2206,三陽工業,38,17,21,凱基-埔墘,2023-04-19,9288
2610,華航,24,3,21,凱基-埔墘,2023-04-19,9288
3711,日月光投控,20,0,20,凱基-埔墘,2023-04-19,9288
4967,十銓,20,1,19,凱基-埔墘,2023-04-19,9288
4746,台耀,16,0,16,凱基-埔墘,2023-04-19,9288
1528,恩德,15,0,15,凱基-埔墘,2023-04-19,9288
3038,全台,15,0,15,凱基-埔墘,2023-04-19,9288
2886,兆豐金,15,0,15,凱基-埔墘,2023-04-19,9288
2457,飛宏,22,9,13,凱基-埔墘,2023-04-19,9288
3483,力致,13,1,12,凱基-埔墘,2023-04-19,9288
00679B,元大美債20年,11,0,11,凱基-埔墘,2023-04-19,9288
1709,和益,11,0,11,凱基-埔墘,2023-04-19,9288
3419,譁裕,11,0,11,凱基-埔墘,2023-04-19,9288
6127,九豪,10,0,10,凱基-埔墘,2023-04-19,9288
2204,中華,10,0,10,凱基-埔墘,2023-04-19,9288
3312,弘憶股,10,0,10,凱基-埔墘,2023-04-19,9288
6114,久威,10,0,10,凱基-埔墘,2023-04-19,9288
6234,高僑,10,0,10,凱基-埔墘,2023-04-19,9288
5285,界霖,8,0,8,凱基-埔墘,2023-04-19,9288
3712,永崴投控,9,1,8,凱基-埔墘,2023-04-19,9288
2615,萬海,7,0,7,凱基-埔墘,2023-04-19,9288
00888,永豐台灣ESG,7,0,7,凱基-埔墘,2023-04-19,9288
00665L,富邦�琤肭磪囓�2,9,2,7,凱基-埔墘,2023-04-19,9288
3037,欣興,10,3,7,凱基-埔墘,2023-04-19,9288
00715L,期街口布蘭特正2,6,0,6,凱基-埔墘,2023-04-19,9288
6469,大樹,6,0,6,凱基-埔墘,2023-04-19,9288
2314,台揚,8,2,6,凱基-埔墘,2023-04-19,9288
2498,宏達電,5,0,5,凱基-埔墘,2023-04-19,9288
1519,華城,6,1,5,凱基-埔墘,2023-04-19,9288
1312,國喬,5,0,5,凱基-埔墘,2023-04-19,9288
00717,富邦美國特別股,5,0,5,凱基-埔墘,2023-04-19,9288
1727,中華化,5,0,5,凱基-埔墘,2023-04-19,9288
2211,長榮鋼,5,0,5,凱基-埔墘,2023-04-19,9288
2375,凱美,5,0,5,凱基-埔墘,2023-04-19,9288
2614,東森,5,0,5,凱基-埔墘,2023-04-19,9288
2867,三商壽,5,0,5,凱基-埔墘,2023-04-19,9288
3003,健和興,6,1,5,凱基-埔墘,2023-04-19,9288
3046,建��,7,2,5,凱基-埔墘,2023-04-19,9288
3058,立德,11,6,5,凱基-埔墘,2023-04-19,9288
3290,東浦,5,0,5,凱基-埔墘,2023-04-19,9288
3682,亞太電,5,0,5,凱基-埔墘,2023-04-19,9288
5243,乙盛-KY,5,0,5,凱基-埔墘,2023-04-19,9288
00632R,元大台灣50反1,156,0,156,凱基-埔墘,2023-04-20,9288
00885,富邦越南,153,0,153,凱基-埔墘,2023-04-20,9288
3058,立德,98,1,97,凱基-埔墘,2023-04-20,9288
1314,中石化,68,3,65,凱基-埔墘,2023-04-20,9288
2313,華通,50,0,50,凱基-埔墘,2023-04-20,9288
1709,和益,40,0,40,凱基-埔墘,2023-04-20,9288
1909,榮成,29,0,29,凱基-埔墘,2023-04-20,9288
3673,TPK-KY,25,0,25,凱基-埔墘,2023-04-20,9288
4164,承業醫,23,2,21,凱基-埔墘,2023-04-20,9288
6156,松上,20,0,20,凱基-埔墘,2023-04-20,9288
6285,啟��,23,3,20,凱基-埔墘,2023-04-20,9288
4114,健喬,19,0,19,凱基-埔墘,2023-04-20,9288
6244,茂迪,45,28,17,凱基-埔墘,2023-04-20,9288
2409,友達,21,5,16,凱基-埔墘,2023-04-20,9288
2732,六角,15,0,15,凱基-埔墘,2023-04-20,9288
3163,波若威,12,0,12,凱基-埔墘,2023-04-20,9288
2498,宏達電,12,1,11,凱基-埔墘,2023-04-20,9288
1503,士電,11,0,11,凱基-埔墘,2023-04-20,9288
1409,新纖,10,0,10,凱基-埔墘,2023-04-20,9288
00923,群益台ESG低碳50,10,0,10,凱基-埔墘,2023-04-20,9288
00673R,期元大S＆P原油反1,10,0,10,凱基-埔墘,2023-04-20,9288
1616,億泰,14,4,10,凱基-埔墘,2023-04-20,9288
2489,瑞軒,10,0,10,凱基-埔墘,2023-04-20,9288
3479,安勤,10,0,10,凱基-埔墘,2023-04-20,9288
8111,立��,11,1,10,凱基-埔墘,2023-04-20,9288
00637L,元大滬深300正2,9,0,9,凱基-埔墘,2023-04-20,9288
4190,佐登-KY,9,0,9,凱基-埔墘,2023-04-20,9288
2302,麗正,10,2,8,凱基-埔墘,2023-04-20,9288
00642U,期元大S＆P石油,7,0,7,凱基-埔墘,2023-04-20,9288
6160,欣技,7,0,7,凱基-埔墘,2023-04-20,9288
00772B,中信高評級公司債,6,0,6,凱基-埔墘,2023-04-20,9288
2913,農林,6,0,6,凱基-埔墘,2023-04-20,9288
3552,同致,6,0,6,凱基-埔墘,2023-04-20,9288
5452,佶優,6,0,6,凱基-埔墘,2023-04-20,9288
6196,帆宣,6,0,6,凱基-埔墘,2023-04-20,9288
6288,聯嘉,10,4,6,凱基-埔墘,2023-04-20,9288
8105,凌巨,6,0,6,凱基-埔墘,2023-04-20,9288
4934,太極,5,0,5,凱基-埔墘,2023-04-20,9288
6770,力積電,6,1,5,凱基-埔墘,2023-04-20,9288
1609,大亞,11,6,5,凱基-埔墘,2023-04-20,9288
1906,寶隆,5,0,5,凱基-埔墘,2023-04-20,9288
2324,仁寶,5,0,5,凱基-埔墘,2023-04-20,9288
2618,長榮航,5,0,5,凱基-埔墘,2023-04-20,9288
3518,柏騰,5,0,5,凱基-埔墘,2023-04-20,9288
3711,日月光投控,5,0,5,凱基-埔墘,2023-04-20,9288
6148,驊宏資,15,10,5,凱基-埔墘,2023-04-20,9288
6218,豪勉,10,5,5,凱基-埔墘,2023-04-20,9288
6550,北極星藥業-KY,5,0,5,凱基-埔墘,2023-04-20,9288
8383,千附,5,0,5,凱基-埔墘,2023-04-20,9288
2314,台揚,6,2,4,凱基-埔墘,2023-04-20,9288
4147,中裕,105,5,100,凱基-埔墘,2023-04-21,9288
00885,富邦越南,80,0,80,凱基-埔墘,2023-04-21,9288
6770,力積電,27,0,27,凱基-埔墘,2023-04-21,9288
6218,豪勉,25,0,25,凱基-埔墘,2023-04-21,9288
1907,永豐餘,24,0,24,凱基-埔墘,2023-04-21,9288
2610,華航,24,2,22,凱基-埔墘,2023-04-21,9288
6244,茂迪,51,30,21,凱基-埔墘,2023-04-21,9288
4164,承業醫,21,0,21,凱基-埔墘,2023-04-21,9288
2732,六角,20,0,20,凱基-埔墘,2023-04-21,9288
6138,茂達,20,0,20,凱基-埔墘,2023-04-21,9288
2332,友訊,16,0,16,凱基-埔墘,2023-04-21,9288
2867,三商壽,14,0,14,凱基-埔墘,2023-04-21,9288
00753L,中信中國50正2,13,0,13,凱基-埔墘,2023-04-21,9288
3163,波若威,12,0,12,凱基-埔墘,2023-04-21,9288
6127,九豪,11,0,11,凱基-埔墘,2023-04-21,9288
3058,立德,51,40,11,凱基-埔墘,2023-04-21,9288
4114,健喬,24,13,11,凱基-埔墘,2023-04-21,9288
1309,台達化,10,0,10,凱基-埔墘,2023-04-21,9288
00715L,期街口布蘭特正2,10,0,10,凱基-埔墘,2023-04-21,9288
00712,復華富時不動產,10,0,10,凱基-埔墘,2023-04-21,9288
1609,大亞,12,2,10,凱基-埔墘,2023-04-21,9288
1727,中華化,10,0,10,凱基-埔墘,2023-04-21,9288
2442,新美齊,10,0,10,凱基-埔墘,2023-04-21,9288
2457,飛宏,24,14,10,凱基-埔墘,2023-04-21,9288
2634,漢翔,30,21,9,凱基-埔墘,2023-04-21,9288
4510,高鋒,10,1,9,凱基-埔墘,2023-04-21,9288
6134,萬旭,9,0,9,凱基-埔墘,2023-04-21,9288
00900,富邦特選高股息30,10,2,8,凱基-埔墘,2023-04-21,9288
2357,華碩,12,4,8,凱基-埔墘,2023-04-21,9288
2495,普安,8,0,8,凱基-埔墘,2023-04-21,9288
8926,台汽電,8,0,8,凱基-埔墘,2023-04-21,9288
2313,華通,9,2,7,凱基-埔墘,2023-04-21,9288
1522,堤維西,10,3,7,凱基-埔墘,2023-04-21,9288
1718,中纖,7,0,7,凱基-埔墘,2023-04-21,9288
2344,華邦電,10,3,7,凱基-埔墘,2023-04-21,9288
6791,虎門科技,7,0,7,凱基-埔墘,2023-04-21,9288
00888,永豐台灣ESG,6,0,6,凱基-埔墘,2023-04-21,9288
00688L,國泰20年美債正2,6,0,6,凱基-埔墘,2023-04-21,9288
00680L,元大美債20正2,6,0,6,凱基-埔墘,2023-04-21,9288
3071,協禧,20,14,6,凱基-埔墘,2023-04-21,9288
3702,大聯大,6,0,6,凱基-埔墘,2023-04-21,9288
0056,元大高股息,6,0,6,凱基-埔墘,2023-04-21,9288
00713,元大台灣高息低波,5,0,5,凱基-埔墘,2023-04-21,9288
00903,富邦元宇宙,5,0,5,凱基-埔墘,2023-04-21,9288
2208,台船,10,5,5,凱基-埔墘,2023-04-21,9288
2303,聯電,6,1,5,凱基-埔墘,2023-04-21,9288
3036,文曄,5,0,5,凱基-埔墘,2023-04-21,9288
3380,明泰,6,1,5,凱基-埔墘,2023-04-21,9288
4979,華星光,5,0,5,凱基-埔墘,2023-04-21,9288
6016,康和證,5,0,5,凱基-埔墘,2023-04-21,9288
2867,三商壽,455,65,390,凱基-埔墘,2023-04-24,9288
4960,誠美材,250,0,250,凱基-埔墘,2023-04-24,9288
00637L,元大滬深300正2,50,2,48,凱基-埔墘,2023-04-24,9288
00679B,元大美債20年,40,0,40,凱基-埔墘,2023-04-24,9288
6770,力積電,32,0,32,凱基-埔墘,2023-04-24,9288
00673R,期元大S＆P原油反1,31,0,31,凱基-埔墘,2023-04-24,9288
00878,國泰永續高股息,25,0,25,凱基-埔墘,2023-04-24,9288
2031,新光鋼,22,0,22,凱基-埔墘,2023-04-24,9288
3058,立德,20,0,20,凱基-埔墘,2023-04-24,9288
3479,安勤,20,0,20,凱基-埔墘,2023-04-24,9288
00753L,中信中國50正2,19,0,19,凱基-埔墘,2023-04-24,9288
2017,官田鋼,17,0,17,凱基-埔墘,2023-04-24,9288
00902,中信電池及儲能,16,0,16,凱基-埔墘,2023-04-24,9288
1528,恩德,15,0,15,凱基-埔墘,2023-04-24,9288
3013,晟銘電,16,1,15,凱基-埔墘,2023-04-24,9288
2617,台航,14,0,14,凱基-埔墘,2023-04-24,9288
4123,晟德,13,0,13,凱基-埔墘,2023-04-24,9288
6148,驊宏資,16,4,12,凱基-埔墘,2023-04-24,9288
00687B,國泰20年美債,11,0,11,凱基-埔墘,2023-04-24,9288
2618,長榮航,11,1,10,凱基-埔墘,2023-04-24,9288
3207,耀勝,10,0,10,凱基-埔墘,2023-04-24,9288
3481,群創,12,3,9,凱基-埔墘,2023-04-24,9288
2324,仁寶,8,0,8,凱基-埔墘,2023-04-24,9288
2453,凌群,8,0,8,凱基-埔墘,2023-04-24,9288
3484,崧騰,8,0,8,凱基-埔墘,2023-04-24,9288
4147,中裕,12,4,8,凱基-埔墘,2023-04-24,9288
2313,華通,7,0,7,凱基-埔墘,2023-04-24,9288
3078,僑威,7,1,6,凱基-埔墘,2023-04-24,9288
00680L,元大美債20正2,6,0,6,凱基-埔墘,2023-04-24,9288
2312,金寶,6,0,6,凱基-埔墘,2023-04-24,9288
8926,台汽電,6,0,6,凱基-埔墘,2023-04-24,9288
8933,愛地雅,6,0,6,凱基-埔墘,2023-04-24,9288
0056,元大高股息,5,0,5,凱基-埔墘,2023-04-24,9288
3594,磐儀,9,4,5,凱基-埔墘,2023-04-24,9288
3682,亞太電,5,0,5,凱基-埔墘,2023-04-24,9288
1310,台苯,5,1,4,凱基-埔墘,2023-04-24,9288
2347,聯強,4,0,4,凱基-埔墘,2023-04-24,9288
2421,建準,5,1,4,凱基-埔墘,2023-04-24,9288
5009,榮剛,9,5,4,凱基-埔墘,2023-04-24,9288
0050,元大台灣50,3,0,3,凱基-埔墘,2023-04-24,9288
00665L,富邦�琤肭磪囓�2,3,0,3,凱基-埔墘,2023-04-24,9288
00853B,統一美債10年Aa-,3,0,3,凱基-埔墘,2023-04-24,9288
1760,寶齡富錦,3,0,3,凱基-埔墘,2023-04-24,9288
2356,英業達,4,1,3,凱基-埔墘,2023-04-24,9288
3035,智原,5,2,3,凱基-埔墘,2023-04-24,9288
3228,金麗科,3,0,3,凱基-埔墘,2023-04-24,9288
3704,合勤控,3,0,3,凱基-埔墘,2023-04-24,9288
3712,永崴投控,5,2,3,凱基-埔墘,2023-04-24,9288
4979,華星光,3,0,3,凱基-埔墘,2023-04-24,9288
6221,晉泰,3,0,3,凱基-埔墘,2023-04-24,9288
00902,中信電池及儲能,22,0,22,凱基-埔墘,2023-04-25,9288
4113,聯上,20,0,20,凱基-埔墘,2023-04-25,9288
2618,長榮航,17,0,17,凱基-埔墘,2023-04-25,9288
3013,晟銘電,22,5,17,凱基-埔墘,2023-04-25,9288
8936,國統,18,1,17,凱基-埔墘,2023-04-25,9288
2313,華通,16,0,16,凱基-埔墘,2023-04-25,9288
1721,三晃,16,0,16,凱基-埔墘,2023-04-25,9288
1503,士電,15,0,15,凱基-埔墘,2023-04-25,9288
2412,中華電,15,0,15,凱基-埔墘,2023-04-25,9288
0050,元大台灣50,15,0,15,凱基-埔墘,2023-04-25,9288
2867,三商壽,14,0,14,凱基-埔墘,2023-04-25,9288
6282,康舒,13,0,13,凱基-埔墘,2023-04-25,9288
2610,華航,13,0,13,凱基-埔墘,2023-04-25,9288
4967,十銓,13,0,13,凱基-埔墘,2023-04-25,9288
00637L,元大滬深300正2,12,0,12,凱基-埔墘,2023-04-25,9288
00753L,中信中國50正2,11,0,11,凱基-埔墘,2023-04-25,9288
1796,金穎生技,11,1,10,凱基-埔墘,2023-04-25,9288
1907,永豐餘,10,0,10,凱基-埔墘,2023-04-25,9288
2601,益航,10,0,10,凱基-埔墘,2023-04-25,9288
3163,波若威,10,0,10,凱基-埔墘,2023-04-25,9288
3231,緯創,15,6,9,凱基-埔墘,2023-04-25,9288
00900,富邦特選高股息30,9,0,9,凱基-埔墘,2023-04-25,9288
3058,立德,9,0,9,凱基-埔墘,2023-04-25,9288
3224,三顧,17,8,9,凱基-埔墘,2023-04-25,9288
6625,必應,15,6,9,凱基-埔墘,2023-04-25,9288
00878,國泰永續高股息,10,2,8,凱基-埔墘,2023-04-25,9288
00912,中信臺灣智慧50,8,0,8,凱基-埔墘,2023-04-25,9288
2457,飛宏,75,67,8,凱基-埔墘,2023-04-25,9288
5457,宣德,7,0,7,凱基-埔墘,2023-04-25,9288
6218,豪勉,7,0,7,凱基-埔墘,2023-04-25,9288
00891,中信關鍵半導體,6,0,6,凱基-埔墘,2023-04-25,9288
1725,元禎,6,0,6,凱基-埔墘,2023-04-25,9288
2312,金寶,7,1,6,凱基-埔墘,2023-04-25,9288
2344,華邦電,7,1,6,凱基-埔墘,2023-04-25,9288
6770,力積電,6,0,6,凱基-埔墘,2023-04-25,9288
00893,國泰智能電動車,5,0,5,凱基-埔墘,2023-04-25,9288
8050,廣積,5,0,5,凱基-埔墘,2023-04-25,9288
006208,富邦台50,5,0,5,凱基-埔墘,2023-04-25,9288
6719,力智,6,1,5,凱基-埔墘,2023-04-25,9288
00665L,富邦�琤肭磪囓�2,6,1,5,凱基-埔墘,2023-04-25,9288
00715L,期街口布蘭特正2,5,0,5,凱基-埔墘,2023-04-25,9288
00922,國泰台灣領袖50,5,0,5,凱基-埔墘,2023-04-25,9288
1752,南光,5,0,5,凱基-埔墘,2023-04-25,9288
2438,翔耀,5,0,5,凱基-埔墘,2023-04-25,9288
2732,六角,5,0,5,凱基-埔墘,2023-04-25,9288
2913,農林,6,1,5,凱基-埔墘,2023-04-25,9288
3712,永崴投控,8,3,5,凱基-埔墘,2023-04-25,9288
6016,康和證,5,0,5,凱基-埔墘,2023-04-25,9288
6109,亞元,5,0,5,凱基-埔墘,2023-04-25,9288
6183,關貿,5,0,5,凱基-埔墘,2023-04-25,9288
3234,光環,50,0,50,凱基-埔墘,2023-04-26,9288
1101,台泥,32,0,32,凱基-埔墘,2023-04-26,9288
2913,農林,27,0,27,凱基-埔墘,2023-04-26,9288
2618,長榮航,31,10,21,凱基-埔墘,2023-04-26,9288
6138,茂達,39,19,20,凱基-埔墘,2023-04-26,9288
3324,雙鴻,21,2,19,凱基-埔墘,2023-04-26,9288
1711,永光,118,104,14,凱基-埔墘,2023-04-26,9288
2634,漢翔,33,19,14,凱基-埔墘,2023-04-26,9288
4966,譜瑞-KY,13,0,13,凱基-埔墘,2023-04-26,9288
2615,萬海,12,0,12,凱基-埔墘,2023-04-26,9288
4174,浩鼎,11,0,11,凱基-埔墘,2023-04-26,9288
2337,旺宏,13,3,10,凱基-埔墘,2023-04-26,9288
2883B,凱基金乙特,10,0,10,凱基-埔墘,2023-04-26,9288
4960,誠美材,10,0,10,凱基-埔墘,2023-04-26,9288
00878,國泰永續高股息,9,1,8,凱基-埔墘,2023-04-26,9288
6218,豪勉,10,2,8,凱基-埔墘,2023-04-26,9288
3035,智原,13,6,7,凱基-埔墘,2023-04-26,9288
2482,連宇,11,4,7,凱基-埔墘,2023-04-26,9288
0056,元大高股息,6,0,6,凱基-埔墘,2023-04-26,9288
2002,中鋼,6,0,6,凱基-埔墘,2023-04-26,9288
00900,富邦特選高股息30,6,0,6,凱基-埔墘,2023-04-26,9288
2344,華邦電,6,0,6,凱基-埔墘,2023-04-26,9288
2732,六角,6,0,6,凱基-埔墘,2023-04-26,9288
2883,凱基金,6,0,6,凱基-埔墘,2023-04-26,9288
4114,健喬,6,0,6,凱基-埔墘,2023-04-26,9288
4572,駐龍,16,10,6,凱基-埔墘,2023-04-26,9288
4967,十銓,6,0,6,凱基-埔墘,2023-04-26,9288
6156,松上,6,0,6,凱基-埔墘,2023-04-26,9288
00712,復華富時不動產,5,0,5,凱基-埔墘,2023-04-26,9288
2606,裕民,5,0,5,凱基-埔墘,2023-04-26,9288
8436,大江,8,3,5,凱基-埔墘,2023-04-26,9288
4743,合一,4,0,4,凱基-埔墘,2023-04-26,9288
1464,得力,4,0,4,凱基-埔墘,2023-04-26,9288
00893,國泰智能電動車,4,0,4,凱基-埔墘,2023-04-26,9288
2515,中工,5,1,4,凱基-埔墘,2023-04-26,9288
2614,東森,4,0,4,凱基-埔墘,2023-04-26,9288
3078,僑威,5,1,4,凱基-埔墘,2023-04-26,9288
4968,立積,8,4,4,凱基-埔墘,2023-04-26,9288
8227,巨有科技,4,0,4,凱基-埔墘,2023-04-26,9288
0050,元大台灣50,4,0,4,凱基-埔墘,2023-04-26,9288
00725B,國泰投資級公司債,3,0,3,凱基-埔墘,2023-04-26,9288
00724B,群益投資級金融債,3,0,3,凱基-埔墘,2023-04-26,9288
00715L,期街口布蘭特正2,10,7,3,凱基-埔墘,2023-04-26,9288
006208,富邦台50,3,0,3,凱基-埔墘,2023-04-26,9288
00881,國泰台灣5G+,3,0,3,凱基-埔墘,2023-04-26,9288
00919,群益台灣精選高息,3,0,3,凱基-埔墘,2023-04-26,9288
1905,華紙,17,14,3,凱基-埔墘,2023-04-26,9288
2352,佳世達,5,2,3,凱基-埔墘,2023-04-26,9288
2363,矽統,3,0,3,凱基-埔墘,2023-04-26,9288
2405,輔信,3,0,3,凱基-埔墘,2023-04-26,9288
1717,長興,53,3,50,凱基-埔墘,2023-04-27,9288
00715L,期街口布蘭特正2,31,0,31,凱基-埔墘,2023-04-27,9288
1709,和益,18,2,16,凱基-埔墘,2023-04-27,9288
1905,華紙,23,7,16,凱基-埔墘,2023-04-27,9288
1710,東聯,16,2,14,凱基-埔墘,2023-04-27,9288
6244,茂迪,22,9,13,凱基-埔墘,2023-04-27,9288
3231,緯創,18,5,13,凱基-埔墘,2023-04-27,9288
1584,精剛,10,0,10,凱基-埔墘,2023-04-27,9288
00642U,期元大S＆P石油,10,0,10,凱基-埔墘,2023-04-27,9288
1471,首利,11,1,10,凱基-埔墘,2023-04-27,9288
2353,宏��,10,0,10,凱基-埔墘,2023-04-27,9288
3083,網龍,10,0,10,凱基-埔墘,2023-04-27,9288
6156,松上,10,0,10,凱基-埔墘,2023-04-27,9288
00923,群益台ESG低碳50,8,0,8,凱基-埔墘,2023-04-27,9288
00878,國泰永續高股息,8,1,7,凱基-埔墘,2023-04-27,9288
00712,復華富時不動產,7,0,7,凱基-埔墘,2023-04-27,9288
2443,昶虹,7,0,7,凱基-埔墘,2023-04-27,9288
2881,富邦金,7,0,7,凱基-埔墘,2023-04-27,9288
1533,車王電,6,0,6,凱基-埔墘,2023-04-27,9288
1310,台苯,9,3,6,凱基-埔墘,2023-04-27,9288
00680L,元大美債20正2,6,0,6,凱基-埔墘,2023-04-27,9288
00830,國泰費城半導體,6,0,6,凱基-埔墘,2023-04-27,9288
1785,光洋科,6,0,6,凱基-埔墘,2023-04-27,9288
0050,元大台灣50,5,0,5,凱基-埔墘,2023-04-27,9288
00665L,富邦�琤肭磪囓�2,6,1,5,凱基-埔墘,2023-04-27,9288
00885,富邦越南,5,0,5,凱基-埔墘,2023-04-27,9288
1409,新纖,5,0,5,凱基-埔墘,2023-04-27,9288
3484,崧騰,6,1,5,凱基-埔墘,2023-04-27,9288
6185,幃翔,30,25,5,凱基-埔墘,2023-04-27,9288
1108,幸福,5,1,4,凱基-埔墘,2023-04-27,9288
3035,智原,8,4,4,凱基-埔墘,2023-04-27,9288
1519,華城,4,1,3,凱基-埔墘,2023-04-27,9288
2413,環科,3,0,3,凱基-埔墘,2023-04-27,9288
2610,華航,5,2,3,凱基-埔墘,2023-04-27,9288
4190,佐登-KY,3,0,3,凱基-埔墘,2023-04-27,9288
4566,時碩工業,3,0,3,凱基-埔墘,2023-04-27,9288
6790,永豐實,3,0,3,凱基-埔墘,2023-04-27,9288
8908,欣雄,3,0,3,凱基-埔墘,2023-04-27,9288
2002,中鋼,2,0,2,凱基-埔墘,2023-04-27,9288
5347,世界,3,1,2,凱基-埔墘,2023-04-27,9288
00725B,國泰投資級公司債,2,0,2,凱基-埔墘,2023-04-27,9288
00661,元大日經225,2,0,2,凱基-埔墘,2023-04-27,9288
1810,和成,2,0,2,凱基-埔墘,2023-04-27,9288
2495,普安,2,0,2,凱基-埔墘,2023-04-27,9288
2609,陽明,2,0,2,凱基-埔墘,2023-04-27,9288
2888,新光金,2,0,2,凱基-埔墘,2023-04-27,9288
3032,偉訓,2,0,2,凱基-埔墘,2023-04-27,9288
3041,揚智,2,0,2,凱基-埔墘,2023-04-27,9288
3312,弘憶股,2,0,2,凱基-埔墘,2023-04-27,9288
3430,奇鈦科,2,0,2,凱基-埔墘,2023-04-27,9288
2880,華南金,350,0,350,凱基-埔墘,2023-04-28,9288
4971,IET-KY,57,0,57,凱基-埔墘,2023-04-28,9288
00632R,元大台灣50反1,50,0,50,凱基-埔墘,2023-04-28,9288
3661,世芯-KY,31,1,30,凱基-埔墘,2023-04-28,9288
2206,三陽工業,35,8,27,凱基-埔墘,2023-04-28,9288
1709,和益,24,0,24,凱基-埔墘,2023-04-28,9288
2409,友達,24,0,24,凱基-埔墘,2023-04-28,9288
2610,華航,20,0,20,凱基-埔墘,2023-04-28,9288
5439,高技,20,0,20,凱基-埔墘,2023-04-28,9288
00680L,元大美債20正2,18,0,18,凱基-埔墘,2023-04-28,9288
00885,富邦越南,15,0,15,凱基-埔墘,2023-04-28,9288
6266,泰詠,14,0,14,凱基-埔墘,2023-04-28,9288
3481,群創,13,0,13,凱基-埔墘,2023-04-28,9288
2337,旺宏,12,0,12,凱基-埔墘,2023-04-28,9288
2443,昶虹,12,0,12,凱基-埔墘,2023-04-28,9288
2634,漢翔,43,31,12,凱基-埔墘,2023-04-28,9288
00878,國泰永續高股息,10,0,10,凱基-埔墘,2023-04-28,9288
00912,中信臺灣智慧50,10,0,10,凱基-埔墘,2023-04-28,9288
6142,友勁,10,0,10,凱基-埔墘,2023-04-28,9288
2881,富邦金,11,1,10,凱基-埔墘,2023-04-28,9288
2801,彰銀,10,1,9,凱基-埔墘,2023-04-28,9288
00679B,元大美債20年,8,0,8,凱基-埔墘,2023-04-28,9288
00665L,富邦�琤肭磪囓�2,10,2,8,凱基-埔墘,2023-04-28,9288
0050,元大台灣50,7,0,7,凱基-埔墘,2023-04-28,9288
3032,偉訓,7,0,7,凱基-埔墘,2023-04-28,9288
6269,台郡,7,0,7,凱基-埔墘,2023-04-28,9288
1609,大亞,7,1,6,凱基-埔墘,2023-04-28,9288
2031,新光鋼,6,0,6,凱基-埔墘,2023-04-28,9288
2363,矽統,6,0,6,凱基-埔墘,2023-04-28,9288
2457,飛宏,6,0,6,凱基-埔墘,2023-04-28,9288
4951,精拓科,6,0,6,凱基-埔墘,2023-04-28,9288
00712,復華富時不動產,5,0,5,凱基-埔墘,2023-04-28,9288
1785,光洋科,5,0,5,凱基-埔墘,2023-04-28,9288
2498,宏達電,5,0,5,凱基-埔墘,2023-04-28,9288
2609,陽明,5,0,5,凱基-埔墘,2023-04-28,9288
2892,第一金,5,0,5,凱基-埔墘,2023-04-28,9288
4916,事欣科,5,0,5,凱基-埔墘,2023-04-28,9288
5009,榮剛,42,37,5,凱基-埔墘,2023-04-28,9288
1513,中興電,11,7,4,凱基-埔墘,2023-04-28,9288
1210,大成,4,0,4,凱基-埔墘,2023-04-28,9288
1727,中華化,6,2,4,凱基-埔墘,2023-04-28,9288
2014,中鴻,5,1,4,凱基-埔墘,2023-04-28,9288
3447,展達,4,0,4,凱基-埔墘,2023-04-28,9288
8299,群聯,8,4,4,凱基-埔墘,2023-04-28,9288
2603,長榮,4,0,4,凱基-埔墘,2023-04-28,9288
00902,中信電池及儲能,3,0,3,凱基-埔墘,2023-04-28,9288
00751B,元大AAA至A公司債,3,0,3,凱基-埔墘,2023-04-28,9288
1904,正隆,3,0,3,凱基-埔墘,2023-04-28,9288
2913,農林,4,1,3,凱基-埔墘,2023-04-28,9288
3004,豐達科,7,4,3,凱基-埔墘,2023-04-28,9288
6112,邁達特,75,1,74,凱基-埔墘,2023-05-02,9288
2903,遠百,60,0,60,凱基-埔墘,2023-05-02,9288
00720B,元大投資級公司債,50,0,50,凱基-埔墘,2023-05-02,9288
2301,光寶科,50,0,50,凱基-埔墘,2023-05-02,9288
2323,中環,50,0,50,凱基-埔墘,2023-05-02,9288
2317,鴻海,61,13,48,凱基-埔墘,2023-05-02,9288
3033,威健,40,0,40,凱基-埔墘,2023-05-02,9288
6443,元晶,40,0,40,凱基-埔墘,2023-05-02,9288
00665L,富邦�琤肭磪囓�2,42,3,39,凱基-埔墘,2023-05-02,9288
2495,普安,32,0,32,凱基-埔墘,2023-05-02,9288
00680L,元大美債20正2,31,0,31,凱基-埔墘,2023-05-02,9288
00751B,元大AAA至A公司債,22,0,22,凱基-埔墘,2023-05-02,9288
00712,復華富時不動產,21,0,21,凱基-埔墘,2023-05-02,9288
00632R,元大台灣50反1,20,0,20,凱基-埔墘,2023-05-02,9288
00671R,富邦NASDAQ反1,20,0,20,凱基-埔墘,2023-05-02,9288
6133,金橋,20,0,20,凱基-埔墘,2023-05-02,9288
00679B,元大美債20年,16,0,16,凱基-埔墘,2023-05-02,9288
1504,東元,19,3,16,凱基-埔墘,2023-05-02,9288
00878,國泰永續高股息,15,0,15,凱基-埔墘,2023-05-02,9288
6234,高僑,20,7,13,凱基-埔墘,2023-05-02,9288
6806,森崴能源,14,1,13,凱基-埔墘,2023-05-02,9288
00715L,期街口布蘭特正2,12,0,12,凱基-埔墘,2023-05-02,9288
6438,迅得,12,0,12,凱基-埔墘,2023-05-02,9288
1905,華紙,14,3,11,凱基-埔墘,2023-05-02,9288
3712,永崴投控,13,2,11,凱基-埔墘,2023-05-02,9288
1452,宏益,10,0,10,凱基-埔墘,2023-05-02,9288
2017,官田鋼,10,0,10,凱基-埔墘,2023-05-02,9288
2461,光群雷,10,0,10,凱基-埔墘,2023-05-02,9288
2885,元大金,10,0,10,凱基-埔墘,2023-05-02,9288
2887,台新金,10,0,10,凱基-埔墘,2023-05-02,9288
3017,奇鋐,12,2,10,凱基-埔墘,2023-05-02,9288
8463,潤泰材,10,0,10,凱基-埔墘,2023-05-02,9288
2014,中鴻,9,0,9,凱基-埔墘,2023-05-02,9288
3576,聯合再生,9,1,8,凱基-埔墘,2023-05-02,9288
4934,太極,8,0,8,凱基-埔墘,2023-05-02,9288
2382,廣達,10,2,8,凱基-埔墘,2023-05-02,9288
2609,陽明,7,0,7,凱基-埔墘,2023-05-02,9288
2615,萬海,7,0,7,凱基-埔墘,2023-05-02,9288
6753,龍德造船,11,4,7,凱基-埔墘,2023-05-02,9288
1513,中興電,18,11,7,凱基-埔墘,2023-05-02,9288
3481,群創,11,5,6,凱基-埔墘,2023-05-02,9288
2312,金寶,6,0,6,凱基-埔墘,2023-05-02,9288
2406,國碩,6,0,6,凱基-埔墘,2023-05-02,9288
3029,零壹,20,14,6,凱基-埔墘,2023-05-02,9288
3149,正達,6,0,6,凱基-埔墘,2023-05-02,9288
6266,泰詠,6,0,6,凱基-埔墘,2023-05-02,9288
2603,長榮,7,1,6,凱基-埔墘,2023-05-02,9288
00645,富邦日本,5,0,5,凱基-埔墘,2023-05-02,9288
00650L,復華香港正2,8,3,5,凱基-埔墘,2023-05-02,9288
1701,中化,6,1,5,凱基-埔墘,2023-05-02,9288
3231,緯創,203,0,203,凱基-埔墘,2023-05-03,9288
3017,奇鋐,103,1,102,凱基-埔墘,2023-05-03,9288
1104,環泥,82,15,67,凱基-埔墘,2023-05-03,9288
00715L,期街口布蘭特正2,66,0,66,凱基-埔墘,2023-05-03,9288
5465,富驊,51,0,51,凱基-埔墘,2023-05-03,9288
4909,新復興,35,0,35,凱基-埔墘,2023-05-03,9288
4545,銘鈺,30,0,30,凱基-埔墘,2023-05-03,9288
00878,國泰永續高股息,27,0,27,凱基-埔墘,2023-05-03,9288
2461,光群雷,24,0,24,凱基-埔墘,2023-05-03,9288
8390,金益鼎,21,0,21,凱基-埔墘,2023-05-03,9288
1504,東元,21,1,20,凱基-埔墘,2023-05-03,9288
2201,裕隆,20,0,20,凱基-埔墘,2023-05-03,9288
2867,三商壽,20,0,20,凱基-埔墘,2023-05-03,9288
3443,創意,20,0,20,凱基-埔墘,2023-05-03,9288
1314,中石化,18,0,18,凱基-埔墘,2023-05-03,9288
3481,群創,15,0,15,凱基-埔墘,2023-05-03,9288
3484,崧騰,14,0,14,凱基-埔墘,2023-05-03,9288
2887,台新金,10,0,10,凱基-埔墘,2023-05-03,9288
00673R,期元大S＆P原油反1,13,3,10,凱基-埔墘,2023-05-03,9288
2417,圓剛,10,0,10,凱基-埔墘,2023-05-03,9288
3419,譁裕,10,0,10,凱基-埔墘,2023-05-03,9288
2634,漢翔,33,24,9,凱基-埔墘,2023-05-03,9288
1519,華城,20,12,8,凱基-埔墘,2023-05-03,9288
00665L,富邦�琤肭磪囓�2,10,2,8,凱基-埔墘,2023-05-03,9288
00650L,復華香港正2,7,0,7,凱基-埔墘,2023-05-03,9288
2206,三陽工業,8,1,7,凱基-埔墘,2023-05-03,9288
3712,永崴投控,12,5,7,凱基-埔墘,2023-05-03,9288
00637L,元大滬深300正2,6,0,6,凱基-埔墘,2023-05-03,9288
3006,晶豪科,6,0,6,凱基-埔墘,2023-05-03,9288
6446,藥華藥,7,2,5,凱基-埔墘,2023-05-03,9288
2337,旺宏,5,0,5,凱基-埔墘,2023-05-03,9288
1108,幸福,5,0,5,凱基-埔墘,2023-05-03,9288
00900,富邦特選高股息30,5,0,5,凱基-埔墘,2023-05-03,9288
1796,金穎生技,10,5,5,凱基-埔墘,2023-05-03,9288
2344,華邦電,5,0,5,凱基-埔墘,2023-05-03,9288
6282,康舒,15,10,5,凱基-埔墘,2023-05-03,9288
6835,圓裕,5,0,5,凱基-埔墘,2023-05-03,9288
0056,元大高股息,4,0,4,凱基-埔墘,2023-05-03,9288
2406,國碩,4,0,4,凱基-埔墘,2023-05-03,9288
00772B,中信高評級公司債,4,0,4,凱基-埔墘,2023-05-03,9288
00757,統一FANG+,4,0,4,凱基-埔墘,2023-05-03,9288
2913,農林,4,0,4,凱基-埔墘,2023-05-03,9288
3558,神準,6,2,4,凱基-埔墘,2023-05-03,9288
3646,艾恩特,4,0,4,凱基-埔墘,2023-05-03,9288
4979,華星光,7,3,4,凱基-埔墘,2023-05-03,9288
6104,創惟,4,0,4,凱基-埔墘,2023-05-03,9288
6558,興能高,4,0,4,凱基-埔墘,2023-05-03,9288
8105,凌巨,4,0,4,凱基-埔墘,2023-05-03,9288
2603,長榮,5,1,4,凱基-埔墘,2023-05-03,9288
00712,復華富時不動產,3,0,3,凱基-埔墘,2023-05-03,9288
2867,三商壽,410,0,410,凱基-埔墘,2023-05-04,9288
3231,緯創,144,16,128,凱基-埔墘,2023-05-04,9288
3324,雙鴻,81,2,79,凱基-埔墘,2023-05-04,9288
00715L,期街口布蘭特正2,62,4,58,凱基-埔墘,2023-05-04,9288
2369,菱生,50,0,50,凱基-埔墘,2023-05-04,9288
1503,士電,53,6,47,凱基-埔墘,2023-05-04,9288
9942,茂順,40,0,40,凱基-埔墘,2023-05-04,9288
2313,華通,30,0,30,凱基-埔墘,2023-05-04,9288
4711,永純,30,0,30,凱基-埔墘,2023-05-04,9288
2201,裕隆,21,1,20,凱基-埔墘,2023-05-04,9288
2442,新美齊,20,0,20,凱基-埔墘,2023-05-04,9288
6142,友勁,20,0,20,凱基-埔墘,2023-05-04,9288
2453,凌群,24,5,19,凱基-埔墘,2023-05-04,9288
2356,英業達,14,0,14,凱基-埔墘,2023-05-04,9288
3481,群創,13,0,13,凱基-埔墘,2023-05-04,9288
2409,友達,20,9,11,凱基-埔墘,2023-05-04,9288
00720B,元大投資級公司債,10,0,10,凱基-埔墘,2023-05-04,9288
2495,普安,12,2,10,凱基-埔墘,2023-05-04,9288
2897,王道銀行,10,0,10,凱基-埔墘,2023-05-04,9288
6112,邁達特,10,0,10,凱基-埔墘,2023-05-04,9288
6835,圓裕,10,0,10,凱基-埔墘,2023-05-04,9288
2607,榮運,9,0,9,凱基-埔墘,2023-05-04,9288
00878,國泰永續高股息,8,0,8,凱基-埔墘,2023-05-04,9288
00712,復華富時不動產,127,120,7,凱基-埔墘,2023-05-04,9288
2443,昶虹,7,0,7,凱基-埔墘,2023-05-04,9288
5371,中光電,9,2,7,凱基-埔墘,2023-05-04,9288
2615,萬海,6,0,6,凱基-埔墘,2023-05-04,9288
3712,永崴投控,6,0,6,凱基-埔墘,2023-05-04,9288
6282,康舒,6,0,6,凱基-埔墘,2023-05-04,9288
6443,元晶,6,0,6,凱基-埔墘,2023-05-04,9288
2344,華邦電,5,0,5,凱基-埔墘,2023-05-04,9288
2601,益航,5,0,5,凱基-埔墘,2023-05-04,9288
6244,茂迪,9,4,5,凱基-埔墘,2023-05-04,9288
8121,越峰,4,0,4,凱基-埔墘,2023-05-04,9288
00679B,元大美債20年,14,10,4,凱基-埔墘,2023-05-04,9288
00900,富邦特選高股息30,4,0,4,凱基-埔墘,2023-05-04,9288
00753L,中信中國50正2,4,0,4,凱基-埔墘,2023-05-04,9288
2206,三陽工業,18,14,4,凱基-埔墘,2023-05-04,9288
3025,星通,5,1,4,凱基-埔墘,2023-05-04,9288
3419,譁裕,4,0,4,凱基-埔墘,2023-05-04,9288
6234,高僑,5,1,4,凱基-埔墘,2023-05-04,9288
8926,台汽電,4,0,4,凱基-埔墘,2023-05-04,9288
6547,高端疫苗,5,1,4,凱基-埔墘,2023-05-04,9288
2457,飛宏,8,5,3,凱基-埔墘,2023-05-04,9288
6111,大宇資,5,2,3,凱基-埔墘,2023-05-04,9288
2002,中鋼,6,3,3,凱基-埔墘,2023-05-04,9288
00902,中信電池及儲能,3,0,3,凱基-埔墘,2023-05-04,9288
1312,國喬,3,0,3,凱基-埔墘,2023-05-04,9288
2380,虹光,3,0,3,凱基-埔墘,2023-05-04,9288
2431,聯昌,3,0,3,凱基-埔墘,2023-05-04,9288
00679B,元大美債20年,61,0,61,凱基-埔墘,2023-05-05,9288
2201,裕隆,53,0,53,凱基-埔墘,2023-05-05,9288
3005,神基,52,1,51,凱基-埔墘,2023-05-05,9288
6223,旺矽,50,0,50,凱基-埔墘,2023-05-05,9288
00720B,元大投資級公司債,34,0,34,凱基-埔墘,2023-05-05,9288
3017,奇鋐,33,3,30,凱基-埔墘,2023-05-05,9288
3483,力致,26,0,26,凱基-埔墘,2023-05-05,9288
6160,欣技,30,7,23,凱基-埔墘,2023-05-05,9288
00751B,元大AAA至A公司債,21,0,21,凱基-埔墘,2023-05-05,9288
2548,華固,21,0,21,凱基-埔墘,2023-05-05,9288
3324,雙鴻,50,30,20,凱基-埔墘,2023-05-05,9288
2453,凌群,21,1,20,凱基-埔墘,2023-05-05,9288
6133,金橋,20,0,20,凱基-埔墘,2023-05-05,9288
00715L,期街口布蘭特正2,19,2,17,凱基-埔墘,2023-05-05,9288
00773B,中信優先金融債,11,0,11,凱基-埔墘,2023-05-05,9288
3338,泰碩,11,0,11,凱基-埔墘,2023-05-05,9288
00717,富邦美國特別股,10,0,10,凱基-埔墘,2023-05-05,9288
1905,華紙,20,10,10,凱基-埔墘,2023-05-05,9288
2023,燁輝,10,0,10,凱基-埔墘,2023-05-05,9288
3479,安勤,11,1,10,凱基-埔墘,2023-05-05,9288
6244,茂迪,11,2,9,凱基-埔墘,2023-05-05,9288
8093,保銳,10,1,9,凱基-埔墘,2023-05-05,9288
00878,國泰永續高股息,8,0,8,凱基-埔墘,2023-05-05,9288
2495,普安,8,0,8,凱基-埔墘,2023-05-05,9288
4164,承業醫,12,4,8,凱基-埔墘,2023-05-05,9288
00885,富邦越南,7,0,7,凱基-埔墘,2023-05-05,9288
2610,華航,10,3,7,凱基-埔墘,2023-05-05,9288
6235,華孚,7,0,7,凱基-埔墘,2023-05-05,9288
2353,宏��,16,10,6,凱基-埔墘,2023-05-05,9288
3504,揚明光,6,0,6,凱基-埔墘,2023-05-05,9288
4979,華星光,12,6,6,凱基-埔墘,2023-05-05,9288
8099,大世科,6,0,6,凱基-埔墘,2023-05-05,9288
1301,台塑,5,0,5,凱基-埔墘,2023-05-05,9288
2017,官田鋼,5,0,5,凱基-埔墘,2023-05-05,9288
2027,大成鋼,5,0,5,凱基-埔墘,2023-05-05,9288
2344,華邦電,26,21,5,凱基-埔墘,2023-05-05,9288
2630,亞航,5,0,5,凱基-埔墘,2023-05-05,9288
3066,李洲,5,0,5,凱基-埔墘,2023-05-05,9288
3308,聯德,5,0,5,凱基-埔墘,2023-05-05,9288
3484,崧騰,5,0,5,凱基-埔墘,2023-05-05,9288
3518,柏騰,5,0,5,凱基-埔墘,2023-05-05,9288
4909,新復興,5,0,5,凱基-埔墘,2023-05-05,9288
5009,榮剛,12,7,5,凱基-埔墘,2023-05-05,9288
3231,緯創,7,3,4,凱基-埔墘,2023-05-05,9288
00830,國泰費城半導體,4,0,4,凱基-埔墘,2023-05-05,9288
1101,台泥,4,0,4,凱基-埔墘,2023-05-05,9288
2314,台揚,4,0,4,凱基-埔墘,2023-05-05,9288
2801,彰銀,4,0,4,凱基-埔墘,2023-05-05,9288
6241,易通展,4,0,4,凱基-埔墘,2023-05-05,9288
8215,明基材,3,0,3,凱基-埔墘,2023-05-05,9288
3037,欣興,309,18,291,凱基-埔墘,2023-05-08,9288
1609,大亞,237,53,184,凱基-埔墘,2023-05-08,9288
3231,緯創,100,4,96,凱基-埔墘,2023-05-08,9288
1709,和益,59,0,59,凱基-埔墘,2023-05-08,9288
00632R,元大台灣50反1,45,5,40,凱基-埔墘,2023-05-08,9288
1514,亞力,41,4,37,凱基-埔墘,2023-05-08,9288
00720B,元大投資級公司債,31,0,31,凱基-埔墘,2023-05-08,9288
2883,凱基金,29,0,29,凱基-埔墘,2023-05-08,9288
1218,泰山,34,8,26,凱基-埔墘,2023-05-08,9288
2867,三商壽,23,0,23,凱基-埔墘,2023-05-08,9288
00751B,元大AAA至A公司債,21,0,21,凱基-埔墘,2023-05-08,9288
00680L,元大美債20正2,20,0,20,凱基-埔墘,2023-05-08,9288
6125,廣運,20,0,20,凱基-埔墘,2023-05-08,9288
6224,聚鼎,15,0,15,凱基-埔墘,2023-05-08,9288
00641R,富邦日本反1,14,0,14,凱基-埔墘,2023-05-08,9288
2344,華邦電,15,2,13,凱基-埔墘,2023-05-08,9288
3596,智易,10,0,10,凱基-埔墘,2023-05-08,9288
6245,立端,10,0,10,凱基-埔墘,2023-05-08,9288
8093,保銳,10,0,10,凱基-埔墘,2023-05-08,9288
8436,大江,9,0,9,凱基-埔墘,2023-05-08,9288
1504,東元,34,26,8,凱基-埔墘,2023-05-08,9288
2634,漢翔,20,12,8,凱基-埔墘,2023-05-08,9288
3663,鑫科,9,1,8,凱基-埔墘,2023-05-08,9288
00772B,中信高評級公司債,7,0,7,凱基-埔墘,2023-05-08,9288
3715,定穎投控,11,4,7,凱基-埔墘,2023-05-08,9288
6160,欣技,7,0,7,凱基-埔墘,2023-05-08,9288
2313,華通,7,1,6,凱基-埔墘,2023-05-08,9288
2352,佳世達,6,0,6,凱基-埔墘,2023-05-08,9288
2453,凌群,6,0,6,凱基-埔墘,2023-05-08,9288
3481,群創,6,0,6,凱基-埔墘,2023-05-08,9288
8383,千附,6,0,6,凱基-埔墘,2023-05-08,9288
5371,中光電,9,3,6,凱基-埔墘,2023-05-08,9288
2017,官田鋼,5,0,5,凱基-埔墘,2023-05-08,9288
2328,廣宇,5,0,5,凱基-埔墘,2023-05-08,9288
2601,益航,10,5,5,凱基-埔墘,2023-05-08,9288
2607,榮運,5,0,5,凱基-埔墘,2023-05-08,9288
2736,富野,5,0,5,凱基-埔墘,2023-05-08,9288
2834,臺企銀,5,0,5,凱基-埔墘,2023-05-08,9288
2905,三商,5,0,5,凱基-埔墘,2023-05-08,9288
00712,復華富時不動產,4,0,4,凱基-埔墘,2023-05-08,9288
00885,富邦越南,4,0,4,凱基-埔墘,2023-05-08,9288
2208,台船,4,0,4,凱基-埔墘,2023-05-08,9288
2419,仲琦,4,0,4,凱基-埔墘,2023-05-08,9288
2451,創見,4,0,4,凱基-埔墘,2023-05-08,9288
2851,中再保,6,2,4,凱基-埔墘,2023-05-08,9288
2913,農林,6,2,4,凱基-埔墘,2023-05-08,9288
5464,霖宏,4,0,4,凱基-埔墘,2023-05-08,9288
6167,久正,4,0,4,凱基-埔墘,2023-05-08,9288
6806,森崴能源,6,2,4,凱基-埔墘,2023-05-08,9288
1605,華新,8,4,4,凱基-埔墘,2023-05-08,9288
00885,富邦越南,100,3,97,凱基-埔墘,2023-05-09,9288
4164,承業醫,70,0,70,凱基-埔墘,2023-05-09,9288
00642U,期元大S＆P石油,50,0,50,凱基-埔墘,2023-05-09,9288
6112,邁達特,51,1,50,凱基-埔墘,2023-05-09,9288
2607,榮運,45,3,42,凱基-埔墘,2023-05-09,9288
3202,樺晟,35,0,35,凱基-埔墘,2023-05-09,9288
00680L,元大美債20正2,30,0,30,凱基-埔墘,2023-05-09,9288
3231,緯創,36,7,29,凱基-埔墘,2023-05-09,9288
1609,大亞,34,9,25,凱基-埔墘,2023-05-09,9288
2206,三陽工業,30,8,22,凱基-埔墘,2023-05-09,9288
00720B,元大投資級公司債,21,0,21,凱基-埔墘,2023-05-09,9288
1101,台泥,25,4,21,凱基-埔墘,2023-05-09,9288
00679B,元大美債20年,15,0,15,凱基-埔墘,2023-05-09,9288
2017,官田鋼,15,0,15,凱基-埔墘,2023-05-09,9288
2736,富野,15,0,15,凱基-埔墘,2023-05-09,9288
3710,連展投控,15,0,15,凱基-埔墘,2023-05-09,9288
2453,凌群,14,0,14,凱基-埔墘,2023-05-09,9288
8926,台汽電,14,0,14,凱基-埔墘,2023-05-09,9288
5452,佶優,13,0,13,凱基-埔墘,2023-05-09,9288
6244,茂迪,15,4,11,凱基-埔墘,2023-05-09,9288
1584,精剛,15,4,11,凱基-埔墘,2023-05-09,9288
2495,普安,15,4,11,凱基-埔墘,2023-05-09,9288
3272,東碩,10,0,10,凱基-埔墘,2023-05-09,9288
6224,聚鼎,10,0,10,凱基-埔墘,2023-05-09,9288
6432,今展科,10,0,10,凱基-埔墘,2023-05-09,9288
00773B,中信優先金融債,9,0,9,凱基-埔墘,2023-05-09,9288
2645,長榮航太,9,0,9,凱基-埔墘,2023-05-09,9288
8436,大江,13,4,9,凱基-埔墘,2023-05-09,9288
6446,藥華藥,10,1,9,凱基-埔墘,2023-05-09,9288
1519,華城,11,4,7,凱基-埔墘,2023-05-09,9288
00772B,中信高評級公司債,7,0,7,凱基-埔墘,2023-05-09,9288
3149,正達,7,0,7,凱基-埔墘,2023-05-09,9288
5465,富驊,7,0,7,凱基-埔墘,2023-05-09,9288
00751B,元大AAA至A公司債,6,0,6,凱基-埔墘,2023-05-09,9288
00638R,元大滬深300反1,6,0,6,凱基-埔墘,2023-05-09,9288
2201,裕隆,11,5,6,凱基-埔墘,2023-05-09,9288
2328,廣宇,6,0,6,凱基-埔墘,2023-05-09,9288
2609,陽明,7,1,6,凱基-埔墘,2023-05-09,9288
3090,日電貿,6,0,6,凱基-埔墘,2023-05-09,9288
3483,力致,24,18,6,凱基-埔墘,2023-05-09,9288
00795B,中信美國公債20年,5,0,5,凱基-埔墘,2023-05-09,9288
00665L,富邦�琤肭磪囓�2,5,0,5,凱基-埔墘,2023-05-09,9288
2302,麗正,5,0,5,凱基-埔墘,2023-05-09,9288
2471,資通,7,2,5,凱基-埔墘,2023-05-09,9288
2498,宏達電,5,0,5,凱基-埔墘,2023-05-09,9288
2601,益航,5,0,5,凱基-埔墘,2023-05-09,9288
2634,漢翔,15,10,5,凱基-埔墘,2023-05-09,9288
3504,揚明光,6,1,5,凱基-埔墘,2023-05-09,9288
3622,洋華,5,0,5,凱基-埔墘,2023-05-09,9288
5864,致和證,5,0,5,凱基-埔墘,2023-05-09,9288
3017,奇鋐,100,0,100,凱基-埔墘,2023-05-10,9288
6116,彩晶,51,0,51,凱基-埔墘,2023-05-10,9288
3231,緯創,55,10,45,凱基-埔墘,2023-05-10,9288
00878,國泰永續高股息,33,0,33,凱基-埔墘,2023-05-10,9288
00680L,元大美債20正2,26,0,26,凱基-埔墘,2023-05-10,9288
00673R,期元大S＆P原油反1,25,0,25,凱基-埔墘,2023-05-10,9288
6138,茂達,25,0,25,凱基-埔墘,2023-05-10,9288
4503,金雨,23,3,20,凱基-埔墘,2023-05-10,9288
6112,邁達特,22,3,19,凱基-埔墘,2023-05-10,9288
2356,英業達,18,0,18,凱基-埔墘,2023-05-10,9288
4967,十銓,16,0,16,凱基-埔墘,2023-05-10,9288
3484,崧騰,13,0,13,凱基-埔墘,2023-05-10,9288
6244,茂迪,15,2,13,凱基-埔墘,2023-05-10,9288
5009,榮剛,29,18,11,凱基-埔墘,2023-05-10,9288
8093,保銳,11,0,11,凱基-埔墘,2023-05-10,9288
4147,中裕,10,0,10,凱基-埔墘,2023-05-10,9288
4746,台耀,10,0,10,凱基-埔墘,2023-05-10,9288
6167,久正,10,0,10,凱基-埔墘,2023-05-10,9288
00637L,元大滬深300正2,9,0,9,凱基-埔墘,2023-05-10,9288
2206,三陽工業,11,2,9,凱基-埔墘,2023-05-10,9288
6282,康舒,9,0,9,凱基-埔墘,2023-05-10,9288
3363,上詮,8,0,8,凱基-埔墘,2023-05-10,9288
8936,國統,8,0,8,凱基-埔墘,2023-05-10,9288
2606,裕民,10,2,8,凱基-埔墘,2023-05-10,9288
3483,力致,13,6,7,凱基-埔墘,2023-05-10,9288
00687B,國泰20年美債,6,0,6,凱基-埔墘,2023-05-10,9288
1907,永豐餘,6,0,6,凱基-埔墘,2023-05-10,9288
00650L,復華香港正2,5,0,5,凱基-埔墘,2023-05-10,9288
00900,富邦特選高股息30,5,0,5,凱基-埔墘,2023-05-10,9288
00795B,中信美國公債20年,5,0,5,凱基-埔墘,2023-05-10,9288
2633,台灣高鐵,5,0,5,凱基-埔墘,2023-05-10,9288
3207,耀勝,5,0,5,凱基-埔墘,2023-05-10,9288
3479,安勤,5,0,5,凱基-埔墘,2023-05-10,9288
5258,虹堡,5,0,5,凱基-埔墘,2023-05-10,9288
6835,圓裕,5,0,5,凱基-埔墘,2023-05-10,9288
00772B,中信高評級公司債,4,0,4,凱基-埔墘,2023-05-10,9288
00712,復華富時不動產,4,0,4,凱基-埔墘,2023-05-10,9288
2344,華邦電,6,2,4,凱基-埔墘,2023-05-10,9288
2409,友達,4,0,4,凱基-埔墘,2023-05-10,9288
3044,健鼎,4,0,4,凱基-埔墘,2023-05-10,9288
3149,正達,4,0,4,凱基-埔墘,2023-05-10,9288
3290,東浦,4,0,4,凱基-埔墘,2023-05-10,9288
3673,TPK-KY,4,0,4,凱基-埔墘,2023-05-10,9288
4979,華星光,4,0,4,凱基-埔墘,2023-05-10,9288
6266,泰詠,4,0,4,凱基-埔墘,2023-05-10,9288
8927,北基,4,0,4,凱基-埔墘,2023-05-10,9288
1503,士電,3,0,3,凱基-埔墘,2023-05-10,9288
1307,三芳,3,0,3,凱基-埔墘,2023-05-10,9288
00715L,期街口布蘭特正2,5,2,3,凱基-埔墘,2023-05-10,9288
3465,進泰電子,4,1,3,凱基-埔墘,2023-05-10,9288
3017,奇鋐,100,0,100,凱基-埔墘,2023-05-11,9288
6138,茂達,30,0,30,凱基-埔墘,2023-05-11,9288
1337,再生-KY,23,3,20,凱基-埔墘,2023-05-11,9288
3227,原相,20,0,20,凱基-埔墘,2023-05-11,9288
6282,康舒,28,12,16,凱基-埔墘,2023-05-11,9288
2615,萬海,16,0,16,凱基-埔墘,2023-05-11,9288
1609,大亞,16,3,13,凱基-埔墘,2023-05-11,9288
2489,瑞軒,12,0,12,凱基-埔墘,2023-05-11,9288
2610,華航,11,0,11,凱基-埔墘,2023-05-11,9288
3046,建��,12,1,11,凱基-埔墘,2023-05-11,9288
6160,欣技,12,1,11,凱基-埔墘,2023-05-11,9288
2344,華邦電,10,0,10,凱基-埔墘,2023-05-11,9288
2495,普安,12,2,10,凱基-埔墘,2023-05-11,9288
2851,中再保,10,0,10,凱基-埔墘,2023-05-11,9288
3527,聚積,10,0,10,凱基-埔墘,2023-05-11,9288
3661,世芯-KY,10,0,10,凱基-埔墘,2023-05-11,9288
4164,承業醫,10,0,10,凱基-埔墘,2023-05-11,9288
5309,系統電,10,0,10,凱基-埔墘,2023-05-11,9288
8390,金益鼎,10,0,10,凱基-埔墘,2023-05-11,9288
2312,金寶,8,0,8,凱基-埔墘,2023-05-11,9288
6417,韋僑,8,0,8,凱基-埔墘,2023-05-11,9288
1784,訊聯,7,0,7,凱基-埔墘,2023-05-11,9288
2201,裕隆,9,2,7,凱基-埔墘,2023-05-11,9288
5465,富驊,7,0,7,凱基-埔墘,2023-05-11,9288
6712,長聖,8,1,7,凱基-埔墘,2023-05-11,9288
4958,臻鼎-KY,6,0,6,凱基-埔墘,2023-05-11,9288
1447,力鵬,6,0,6,凱基-埔墘,2023-05-11,9288
6167,久正,10,4,6,凱基-埔墘,2023-05-11,9288
6469,大樹,6,1,5,凱基-埔墘,2023-05-11,9288
00878,國泰永續高股息,5,0,5,凱基-埔墘,2023-05-11,9288
00632R,元大台灣50反1,5,0,5,凱基-埔墘,2023-05-11,9288
2883,凱基金,5,0,5,凱基-埔墘,2023-05-11,9288
3189,景碩,5,0,5,凱基-埔墘,2023-05-11,9288
3322,建舜電,5,0,5,凱基-埔墘,2023-05-11,9288
3483,力致,8,3,5,凱基-埔墘,2023-05-11,9288
3484,崧騰,5,0,5,凱基-埔墘,2023-05-11,9288
4909,新復興,5,0,5,凱基-埔墘,2023-05-11,9288
5484,慧友,10,5,5,凱基-埔墘,2023-05-11,9288
5498,凱崴,5,0,5,凱基-埔墘,2023-05-11,9288
6109,亞元,5,0,5,凱基-埔墘,2023-05-11,9288
6125,廣運,5,0,5,凱基-埔墘,2023-05-11,9288
6570,維田,5,0,5,凱基-埔墘,2023-05-11,9288
6689,伊雲谷,7,2,5,凱基-埔墘,2023-05-11,9288
1503,士電,4,0,4,凱基-埔墘,2023-05-11,9288
2412,中華電,4,0,4,凱基-埔墘,2023-05-11,9288
00680L,元大美債20正2,4,0,4,凱基-埔墘,2023-05-11,9288
1718,中纖,4,0,4,凱基-埔墘,2023-05-11,9288
2392,正崴,4,0,4,凱基-埔墘,2023-05-11,9288
2498,宏達電,4,0,4,凱基-埔墘,2023-05-11,9288
2723,美食-KY,4,0,4,凱基-埔墘,2023-05-11,9288
3017,奇鋐,101,2,99,凱基-埔墘,2023-05-12,9288
1710,東聯,60,0,60,凱基-埔墘,2023-05-12,9288
00715L,期街口布蘭特正2,42,0,42,凱基-埔墘,2023-05-12,9288
2382,廣達,40,4,36,凱基-埔墘,2023-05-12,9288
2734,易飛網,30,1,29,凱基-埔墘,2023-05-12,9288
2888,新光金,28,0,28,凱基-埔墘,2023-05-12,9288
4533,協易機,23,0,23,凱基-埔墘,2023-05-12,9288
2867,三商壽,20,0,20,凱基-埔墘,2023-05-12,9288
3715,定穎投控,20,1,19,凱基-埔墘,2023-05-12,9288
6285,啟��,19,1,18,凱基-埔墘,2023-05-12,9288
6112,邁達特,54,39,15,凱基-埔墘,2023-05-12,9288
3481,群創,14,1,13,凱基-埔墘,2023-05-12,9288
2542,興富發,11,0,11,凱基-埔墘,2023-05-12,9288
3661,世芯-KY,12,1,11,凱基-埔墘,2023-05-12,9288
00878,國泰永續高股息,11,0,11,凱基-埔墘,2023-05-12,9288
00642U,期元大S＆P石油,10,0,10,凱基-埔墘,2023-05-12,9288
00632R,元大台灣50反1,70,60,10,凱基-埔墘,2023-05-12,9288
1905,華紙,14,4,10,凱基-埔墘,2023-05-12,9288
5309,系統電,10,1,9,凱基-埔墘,2023-05-12,9288
3363,上詮,8,0,8,凱基-埔墘,2023-05-12,9288
6441,廣錠,7,0,7,凱基-埔墘,2023-05-12,9288
00882,中信中國高股息,7,1,6,凱基-埔墘,2023-05-12,9288
2303,聯電,7,1,6,凱基-埔墘,2023-05-12,9288
2393,億光,6,0,6,凱基-埔墘,2023-05-12,9288
2412,中華電,6,0,6,凱基-埔墘,2023-05-12,9288
2421,建準,13,7,6,凱基-埔墘,2023-05-12,9288
3290,東浦,6,0,6,凱基-埔墘,2023-05-12,9288
9907,統一實,6,0,6,凱基-埔墘,2023-05-12,9288
2317,鴻海,5,0,5,凱基-埔墘,2023-05-12,9288
00885,富邦越南,5,0,5,凱基-埔墘,2023-05-12,9288
1611,中電,5,0,5,凱基-埔墘,2023-05-12,9288
6152,百一,5,0,5,凱基-埔墘,2023-05-12,9288
0056,元大高股息,4,0,4,凱基-埔墘,2023-05-12,9288
2017,官田鋼,4,0,4,凱基-埔墘,2023-05-12,9288
2201,裕隆,4,0,4,凱基-埔墘,2023-05-12,9288
2609,陽明,4,0,4,凱基-埔墘,2023-05-12,9288
3504,揚明光,4,0,4,凱基-埔墘,2023-05-12,9288
3558,神準,4,0,4,凱基-埔墘,2023-05-12,9288
9917,中保科,4,0,4,凱基-埔墘,2023-05-12,9288
2368,金像電,3,0,3,凱基-埔墘,2023-05-12,9288
1529,樂事綠能,3,0,3,凱基-埔墘,2023-05-12,9288
1309,台達化,3,0,3,凱基-埔墘,2023-05-12,9288
2312,金寶,3,0,3,凱基-埔墘,2023-05-12,9288
2313,華通,3,0,3,凱基-埔墘,2023-05-12,9288
2324,仁寶,3,0,3,凱基-埔墘,2023-05-12,9288
2457,飛宏,3,0,3,凱基-埔墘,2023-05-12,9288
2482,連宇,4,1,3,凱基-埔墘,2023-05-12,9288
2845,遠東銀,3,0,3,凱基-埔墘,2023-05-12,9288
3576,聯合再生,6,3,3,凱基-埔墘,2023-05-12,9288
4114,健喬,13,10,3,凱基-埔墘,2023-05-12,9288
2382,廣達,54,3,51,凱基-埔墘,2023-05-15,9288
2421,建準,50,5,45,凱基-埔墘,2023-05-15,9288
2356,英業達,43,2,41,凱基-埔墘,2023-05-15,9288
3479,安勤,35,5,30,凱基-埔墘,2023-05-15,9288
6112,邁達特,30,0,30,凱基-埔墘,2023-05-15,9288
6138,茂達,30,0,30,凱基-埔墘,2023-05-15,9288
3202,樺晟,60,32,28,凱基-埔墘,2023-05-15,9288
6417,韋僑,26,0,26,凱基-埔墘,2023-05-15,9288
2633,台灣高鐵,20,0,20,凱基-埔墘,2023-05-15,9288
00878,國泰永續高股息,22,3,19,凱基-埔墘,2023-05-15,9288
4164,承業醫,14,0,14,凱基-埔墘,2023-05-15,9288
2371,大同,28,16,12,凱基-埔墘,2023-05-15,9288
2453,凌群,12,0,12,凱基-埔墘,2023-05-15,9288
6245,立端,12,0,12,凱基-埔墘,2023-05-15,9288
2344,華邦電,11,0,11,凱基-埔墘,2023-05-15,9288
3058,立德,10,0,10,凱基-埔墘,2023-05-15,9288
6122,擎邦,30,21,9,凱基-埔墘,2023-05-15,9288
2357,華碩,15,7,8,凱基-埔墘,2023-05-15,9288
2603,長榮,8,0,8,凱基-埔墘,2023-05-15,9288
3290,東浦,7,0,7,凱基-埔墘,2023-05-15,9288
2317,鴻海,6,0,6,凱基-埔墘,2023-05-15,9288
1582,信錦,7,1,6,凱基-埔墘,2023-05-15,9288
00680L,元大美債20正2,6,0,6,凱基-埔墘,2023-05-15,9288
2022,聚亨,6,0,6,凱基-埔墘,2023-05-15,9288
6266,泰詠,6,0,6,凱基-埔墘,2023-05-15,9288
00632R,元大台灣50反1,5,0,5,凱基-埔墘,2023-05-15,9288
2208,台船,5,0,5,凱基-埔墘,2023-05-15,9288
2303,聯電,6,1,5,凱基-埔墘,2023-05-15,9288
2471,資通,5,0,5,凱基-埔墘,2023-05-15,9288
2834,臺企銀,5,0,5,凱基-埔墘,2023-05-15,9288
3227,原相,5,0,5,凱基-埔墘,2023-05-15,9288
3419,譁裕,5,0,5,凱基-埔墘,2023-05-15,9288
3712,永崴投控,6,1,5,凱基-埔墘,2023-05-15,9288
6152,百一,5,0,5,凱基-埔墘,2023-05-15,9288
8940,新天地,5,0,5,凱基-埔墘,2023-05-15,9288
2353,宏��,4,0,4,凱基-埔墘,2023-05-15,9288
2404,漢唐,4,0,4,凱基-埔墘,2023-05-15,9288
2645,長榮航太,4,0,4,凱基-埔墘,2023-05-15,9288
5209,新鼎,4,0,4,凱基-埔墘,2023-05-15,9288
00882,中信中國高股息,4,0,4,凱基-埔墘,2023-05-15,9288
3324,雙鴻,34,31,3,凱基-埔墘,2023-05-15,9288
00902,中信電池及儲能,3,0,3,凱基-埔墘,2023-05-15,9288
00637L,元大滬深300正2,5,2,3,凱基-埔墘,2023-05-15,9288
1529,樂事綠能,3,0,3,凱基-埔墘,2023-05-15,9288
2812,台中銀,3,0,3,凱基-埔墘,2023-05-15,9288
2886,兆豐金,3,0,3,凱基-埔墘,2023-05-15,9288
3231,緯創,9,6,3,凱基-埔墘,2023-05-15,9288
3532,台勝科,3,0,3,凱基-埔墘,2023-05-15,9288
3675,德微,3,0,3,凱基-埔墘,2023-05-15,9288
6115,鎰勝,3,0,3,凱基-埔墘,2023-05-15,9288
9942,茂順,250,0,250,凱基-埔墘,2023-05-16,9288
2356,英業達,98,1,97,凱基-埔墘,2023-05-16,9288
00631L,元大台灣50正2,40,0,40,凱基-埔墘,2023-05-16,9288
00632R,元大台灣50反1,36,0,36,凱基-埔墘,2023-05-16,9288
00751B,元大AAA至A公司債,33,0,33,凱基-埔墘,2023-05-16,9288
00680L,元大美債20正2,32,0,32,凱基-埔墘,2023-05-16,9288
2461,光群雷,29,0,29,凱基-埔墘,2023-05-16,9288
3591,艾笛森,18,0,18,凱基-埔墘,2023-05-16,9288
00679B,元大美債20年,17,0,17,凱基-埔墘,2023-05-16,9288
00772B,中信高評級公司債,14,0,14,凱基-埔墘,2023-05-16,9288
1101,台泥,13,0,13,凱基-埔墘,2023-05-16,9288
3006,晶豪科,21,8,13,凱基-埔墘,2023-05-16,9288
2489,瑞軒,14,2,12,凱基-埔墘,2023-05-16,9288
2367,燿華,10,0,10,凱基-埔墘,2023-05-16,9288
2388,威盛,10,0,10,凱基-埔墘,2023-05-16,9288
3011,今皓,10,0,10,凱基-埔墘,2023-05-16,9288
8011,台通,10,2,8,凱基-埔墘,2023-05-16,9288
1504,東元,9,2,7,凱基-埔墘,2023-05-16,9288
2617,台航,7,0,7,凱基-埔墘,2023-05-16,9288
2421,建準,6,0,6,凱基-埔墘,2023-05-16,9288
1529,樂事綠能,5,0,5,凱基-埔墘,2023-05-16,9288
1789,神隆,5,0,5,凱基-埔墘,2023-05-16,9288
2323,中環,5,0,5,凱基-埔墘,2023-05-16,9288
2338,光罩,5,0,5,凱基-埔墘,2023-05-16,9288
4127,天良,5,0,5,凱基-埔墘,2023-05-16,9288
6112,邁達特,5,0,5,凱基-埔墘,2023-05-16,9288
6411,晶焱,5,0,5,凱基-埔墘,2023-05-16,9288
8908,欣雄,5,0,5,凱基-埔墘,2023-05-16,9288
9928,中視,5,0,5,凱基-埔墘,2023-05-16,9288
2337,旺宏,5,0,5,凱基-埔墘,2023-05-16,9288
1904,正隆,4,0,4,凱基-埔墘,2023-05-16,9288
6470,宇智,4,0,4,凱基-埔墘,2023-05-16,9288
1906,寶隆,3,0,3,凱基-埔墘,2023-05-16,9288
2449,京元電子,3,0,3,凱基-埔墘,2023-05-16,9288
2603,長榮,5,2,3,凱基-埔墘,2023-05-16,9288
2812,台中銀,3,0,3,凱基-埔墘,2023-05-16,9288
3090,日電貿,3,0,3,凱基-埔墘,2023-05-16,9288
6104,創惟,5,2,3,凱基-埔墘,2023-05-16,9288
6111,大宇資,3,0,3,凱基-埔墘,2023-05-16,9288
6531,愛普*,5,2,3,凱基-埔墘,2023-05-16,9288
8076,伍豐,10,7,3,凱基-埔墘,2023-05-16,9288
8255,朋程,3,0,3,凱基-埔墘,2023-05-16,9288
8383,千附,3,0,3,凱基-埔墘,2023-05-16,9288
00795B,中信美國公債20年,2,0,2,凱基-埔墘,2023-05-16,9288
2357,華碩,3,1,2,凱基-埔墘,2023-05-16,9288
2406,國碩,2,0,2,凱基-埔墘,2023-05-16,9288
2425,承啟,2,0,2,凱基-埔墘,2023-05-16,9288
3032,偉訓,2,0,2,凱基-埔墘,2023-05-16,9288
3035,智原,2,0,2,凱基-埔墘,2023-05-16,9288
3149,正達,2,0,2,凱基-埔墘,2023-05-16,9288
6282,康舒,179,23,156,凱基-埔墘,2023-05-17,9288
00632R,元大台灣50反1,145,0,145,凱基-埔墘,2023-05-17,9288
8088,品安,52,3,49,凱基-埔墘,2023-05-17,9288
00751B,元大AAA至A公司債,36,0,36,凱基-埔墘,2023-05-17,9288
3022,威強電,33,2,31,凱基-埔墘,2023-05-17,9288
2903,遠百,30,0,30,凱基-埔墘,2023-05-17,9288
2301,光寶科,29,1,28,凱基-埔墘,2023-05-17,9288
1310,台苯,21,0,21,凱基-埔墘,2023-05-17,9288
2201,裕隆,22,1,21,凱基-埔墘,2023-05-17,9288
00680L,元大美債20正2,20,0,20,凱基-埔墘,2023-05-17,9288
00720B,元大投資級公司債,20,0,20,凱基-埔墘,2023-05-17,9288
2633,台灣高鐵,20,0,20,凱基-埔墘,2023-05-17,9288
6185,幃翔,20,0,20,凱基-埔墘,2023-05-17,9288
9942,茂順,18,0,18,凱基-埔墘,2023-05-17,9288
00637L,元大滬深300正2,17,2,15,凱基-埔墘,2023-05-17,9288
2208,台船,12,0,12,凱基-埔墘,2023-05-17,9288
00878,國泰永續高股息,22,11,11,凱基-埔墘,2023-05-17,9288
4927,泰鼎-KY,11,0,11,凱基-埔墘,2023-05-17,9288
2206,三陽工業,17,7,10,凱基-埔墘,2023-05-17,9288
2461,光群雷,10,0,10,凱基-埔墘,2023-05-17,9288
2883,凱基金,14,4,10,凱基-埔墘,2023-05-17,9288
00687B,國泰20年美債,9,0,9,凱基-埔墘,2023-05-17,9288
00772B,中信高評級公司債,8,0,8,凱基-埔墘,2023-05-17,9288
2881,富邦金,8,0,8,凱基-埔墘,2023-05-17,9288
00795B,中信美國公債20年,7,0,7,凱基-埔墘,2023-05-17,9288
1504,東元,8,1,7,凱基-埔墘,2023-05-17,9288
2337,旺宏,7,0,7,凱基-埔墘,2023-05-17,9288
2402,毅嘉,8,1,7,凱基-埔墘,2023-05-17,9288
2491,吉祥全,7,0,7,凱基-埔墘,2023-05-17,9288
2542,興富發,7,0,7,凱基-埔墘,2023-05-17,9288
4541,晟田,7,0,7,凱基-埔墘,2023-05-17,9288
3037,欣興,12,5,7,凱基-埔墘,2023-05-17,9288
00882,中信中國高股息,7,0,7,凱基-埔墘,2023-05-17,9288
4967,十銓,6,0,6,凱基-埔墘,2023-05-17,9288
00679B,元大美債20年,11,6,5,凱基-埔墘,2023-05-17,9288
00664R,國泰臺灣加權反1,5,0,5,凱基-埔墘,2023-05-17,9288
3046,建��,8,3,5,凱基-埔墘,2023-05-17,9288
3224,三顧,6,1,5,凱基-埔墘,2023-05-17,9288
4121,優盛,5,0,5,凱基-埔墘,2023-05-17,9288
4167,松瑞藥,5,0,5,凱基-埔墘,2023-05-17,9288
6160,欣技,17,12,5,凱基-埔墘,2023-05-17,9288
1789,神隆,5,1,4,凱基-埔墘,2023-05-17,9288
2892,第一金,4,0,4,凱基-埔墘,2023-05-17,9288
3006,晶豪科,19,15,4,凱基-埔墘,2023-05-17,9288
3078,僑威,5,1,4,凱基-埔墘,2023-05-17,9288
3231,緯創,7,3,4,凱基-埔墘,2023-05-17,9288
6111,大宇資,4,0,4,凱基-埔墘,2023-05-17,9288
00773B,中信優先金融債,3,0,3,凱基-埔墘,2023-05-17,9288
5225,東科-KY,9,6,3,凱基-埔墘,2023-05-17,9288
5351,鈺創,3,0,3,凱基-埔墘,2023-05-17,9288
3025,星通,704,0,704,凱基-埔墘,2023-05-18,9288
2376,技嘉,118,4,114,凱基-埔墘,2023-05-18,9288
6282,康舒,85,7,78,凱基-埔墘,2023-05-18,9288
2903,遠百,60,1,59,凱基-埔墘,2023-05-18,9288
6112,邁達特,65,25,40,凱基-埔墘,2023-05-18,9288
1904,正隆,31,0,31,凱基-埔墘,2023-05-18,9288
00680L,元大美債20正2,21,0,21,凱基-埔墘,2023-05-18,9288
6589,台康生技,22,1,21,凱基-埔墘,2023-05-18,9288
2520,冠德,20,0,20,凱基-埔墘,2023-05-18,9288
00632R,元大台灣50反1,20,0,20,凱基-埔墘,2023-05-18,9288
00641R,富邦日本反1,16,0,16,凱基-埔墘,2023-05-18,9288
1609,大亞,24,11,13,凱基-埔墘,2023-05-18,9288
2357,華碩,13,1,12,凱基-埔墘,2023-05-18,9288
2017,官田鋼,10,0,10,凱基-埔墘,2023-05-18,9288
3207,耀勝,10,0,10,凱基-埔墘,2023-05-18,9288
5234,達興材料,10,0,10,凱基-埔墘,2023-05-18,9288
1608,華榮,8,0,8,凱基-埔墘,2023-05-18,9288
1513,中興電,18,11,7,凱基-埔墘,2023-05-18,9288
1217,愛之味,10,3,7,凱基-埔墘,2023-05-18,9288
2369,菱生,7,0,7,凱基-埔墘,2023-05-18,9288
6266,泰詠,11,4,7,凱基-埔墘,2023-05-18,9288
00687B,國泰20年美債,6,0,6,凱基-埔墘,2023-05-18,9288
2617,台航,6,0,6,凱基-埔墘,2023-05-18,9288
3058,立德,7,1,6,凱基-埔墘,2023-05-18,9288
2406,國碩,5,0,5,凱基-埔墘,2023-05-18,9288
2206,三陽工業,24,19,5,凱基-埔墘,2023-05-18,9288
2312,金寶,5,0,5,凱基-埔墘,2023-05-18,9288
3006,晶豪科,8,3,5,凱基-埔墘,2023-05-18,9288
3686,達能,5,0,5,凱基-埔墘,2023-05-18,9288
4927,泰鼎-KY,5,0,5,凱基-埔墘,2023-05-18,9288
6461,益得,5,0,5,凱基-埔墘,2023-05-18,9288
6584,南俊國際,5,0,5,凱基-埔墘,2023-05-18,9288
6596,寬宏藝術,5,0,5,凱基-埔墘,2023-05-18,9288
8150,南茂,5,0,5,凱基-埔墘,2023-05-18,9288
3037,欣興,6,2,4,凱基-埔墘,2023-05-18,9288
00897,富邦基因免疫生技,3,0,3,凱基-埔墘,2023-05-18,9288
1720,生達,3,0,3,凱基-埔墘,2023-05-18,9288
3005,神基,5,2,3,凱基-埔墘,2023-05-18,9288
3149,正達,3,0,3,凱基-埔墘,2023-05-18,9288
3680,家登,3,0,3,凱基-埔墘,2023-05-18,9288
5434,崇越,3,0,3,凱基-埔墘,2023-05-18,9288
5512,力麒,3,0,3,凱基-埔墘,2023-05-18,9288
6285,啟��,5,2,3,凱基-埔墘,2023-05-18,9288
1218,泰山,2,0,2,凱基-埔墘,2023-05-18,9288
00885,富邦越南,2,0,2,凱基-埔墘,2023-05-18,9288
00795B,中信美國公債20年,2,0,2,凱基-埔墘,2023-05-18,9288
00773B,中信優先金融債,2,0,2,凱基-埔墘,2023-05-18,9288
00902,中信電池及儲能,2,0,2,凱基-埔墘,2023-05-18,9288
00900,富邦特選高股息30,5,3,2,凱基-埔墘,2023-05-18,9288
1101,台泥,3,1,2,凱基-埔墘,2023-05-18,9288
3025,星通,661,4,657,凱基-埔墘,2023-05-19,9288
00664R,國泰臺灣加權反1,100,0,100,凱基-埔墘,2023-05-19,9288
2903,遠百,97,1,96,凱基-埔墘,2023-05-19,9288
1710,東聯,95,0,95,凱基-埔墘,2023-05-19,9288
6233,旺玖,70,9,61,凱基-埔墘,2023-05-19,9288
00632R,元大台灣50反1,66,10,56,凱基-埔墘,2023-05-19,9288
5425,台半,50,0,50,凱基-埔墘,2023-05-19,9288
00637L,元大滬深300正2,46,0,46,凱基-埔墘,2023-05-19,9288
00680L,元大美債20正2,40,0,40,凱基-埔墘,2023-05-19,9288
1609,大亞,50,14,36,凱基-埔墘,2023-05-19,9288
6112,邁達特,33,0,33,凱基-埔墘,2023-05-19,9288
2421,建準,57,31,26,凱基-埔墘,2023-05-19,9288
9105,泰金寶-DR,24,0,24,凱基-埔墘,2023-05-19,9288
00772B,中信高評級公司債,20,0,20,凱基-埔墘,2023-05-19,9288
00690,兆豐藍籌30,19,0,19,凱基-埔墘,2023-05-19,9288
3029,零壹,24,7,17,凱基-埔墘,2023-05-19,9288
2610,華航,35,20,15,凱基-埔墘,2023-05-19,9288
00773B,中信優先金融債,12,0,12,凱基-埔墘,2023-05-19,9288
2748,雲品,12,0,12,凱基-埔墘,2023-05-19,9288
3044,健鼎,12,0,12,凱基-埔墘,2023-05-19,9288
3046,建��,13,1,12,凱基-埔墘,2023-05-19,9288
00679B,元大美債20年,11,0,11,凱基-埔墘,2023-05-19,9288
8383,千附,11,0,11,凱基-埔墘,2023-05-19,9288
00706L,期元大S＆P日圓正2,10,0,10,凱基-埔墘,2023-05-19,9288
1337,再生-KY,10,0,10,凱基-埔墘,2023-05-19,9288
2332,友訊,10,0,10,凱基-埔墘,2023-05-19,9288
2457,飛宏,18,8,10,凱基-埔墘,2023-05-19,9288
1905,華紙,10,1,9,凱基-埔墘,2023-05-19,9288
2357,華碩,9,0,9,凱基-埔墘,2023-05-19,9288
5864,致和證,8,0,8,凱基-埔墘,2023-05-19,9288
00882,中信中國高股息,8,0,8,凱基-埔墘,2023-05-19,9288
1605,華新,7,0,7,凱基-埔墘,2023-05-19,9288
1721,三晃,7,0,7,凱基-埔墘,2023-05-19,9288
00795B,中信美國公債20年,6,0,6,凱基-埔墘,2023-05-19,9288
00650L,復華香港正2,6,0,6,凱基-埔墘,2023-05-19,9288
1713,國化,6,0,6,凱基-埔墘,2023-05-19,9288
2471,資通,8,2,6,凱基-埔墘,2023-05-19,9288
3013,晟銘電,6,0,6,凱基-埔墘,2023-05-19,9288
4967,十銓,6,0,6,凱基-埔墘,2023-05-19,9288
6224,聚鼎,6,0,6,凱基-埔墘,2023-05-19,9288
6284,佳邦,6,0,6,凱基-埔墘,2023-05-19,9288
6589,台康生技,6,0,6,凱基-埔墘,2023-05-19,9288
1529,樂事綠能,5,0,5,凱基-埔墘,2023-05-19,9288
2371,大同,7,2,5,凱基-埔墘,2023-05-19,9288
2834,臺企銀,10,5,5,凱基-埔墘,2023-05-19,9288
3002,歐格,5,0,5,凱基-埔墘,2023-05-19,9288
3078,僑威,8,3,5,凱基-埔墘,2023-05-19,9288
3149,正達,5,0,5,凱基-埔墘,2023-05-19,9288
3178,公準,6,1,5,凱基-埔墘,2023-05-19,9288
3532,台勝科,5,0,5,凱基-埔墘,2023-05-19,9288
3025,星通,145,0,145,凱基-埔墘,2023-05-22,9288
2903,遠百,118,0,118,凱基-埔墘,2023-05-22,9288
3044,健鼎,112,2,110,凱基-埔墘,2023-05-22,9288
1528,恩德,102,2,100,凱基-埔墘,2023-05-22,9288
2206,三陽工業,62,13,49,凱基-埔墘,2023-05-22,9288
00683L,期元大美元指正2,40,0,40,凱基-埔墘,2023-05-22,9288
1529,樂事綠能,104,65,39,凱基-埔墘,2023-05-22,9288
00715L,期街口布蘭特正2,37,0,37,凱基-埔墘,2023-05-22,9288
2313,華通,37,2,35,凱基-埔墘,2023-05-22,9288
00680L,元大美債20正2,32,0,32,凱基-埔墘,2023-05-22,9288
2412,中華電,28,0,28,凱基-埔墘,2023-05-22,9288
3548,兆利,26,1,25,凱基-埔墘,2023-05-22,9288
00690,兆豐藍籌30,23,1,22,凱基-埔墘,2023-05-22,9288
3489,森寶,22,0,22,凱基-埔墘,2023-05-22,9288
00642U,期元大S＆P石油,20,0,20,凱基-埔墘,2023-05-22,9288
3701,大眾控,20,0,20,凱基-埔墘,2023-05-22,9288
8046,南電,18,0,18,凱基-埔墘,2023-05-22,9288
5243,乙盛-KY,54,37,17,凱基-埔墘,2023-05-22,9288
1504,東元,25,11,14,凱基-埔墘,2023-05-22,9288
1531,高林股,14,0,14,凱基-埔墘,2023-05-22,9288
2356,英業達,14,0,14,凱基-埔墘,2023-05-22,9288
00632R,元大台灣50反1,10,0,10,凱基-埔墘,2023-05-22,9288
1718,中纖,10,0,10,凱基-埔墘,2023-05-22,9288
1905,華紙,10,0,10,凱基-埔墘,2023-05-22,9288
2002,中鋼,10,0,10,凱基-埔墘,2023-05-22,9288
2344,華邦電,10,0,10,凱基-埔墘,2023-05-22,9288
8358,金居,46,37,9,凱基-埔墘,2023-05-22,9288
2303,聯電,9,0,9,凱基-埔墘,2023-05-22,9288
6191,精成科,13,5,8,凱基-埔墘,2023-05-22,9288
6441,廣錠,8,0,8,凱基-埔墘,2023-05-22,9288
1101,台泥,7,0,7,凱基-埔墘,2023-05-22,9288
00888,永豐台灣ESG,6,0,6,凱基-埔墘,2023-05-22,9288
1721,三晃,6,0,6,凱基-埔墘,2023-05-22,9288
4123,晟德,6,0,6,凱基-埔墘,2023-05-22,9288
00706L,期元大S＆P日圓正2,5,0,5,凱基-埔墘,2023-05-22,9288
2376,技嘉,5,0,5,凱基-埔墘,2023-05-22,9288
4927,泰鼎-KY,5,0,5,凱基-埔墘,2023-05-22,9288
5351,鈺創,5,0,5,凱基-埔墘,2023-05-22,9288
8049,晶采,5,0,5,凱基-埔墘,2023-05-22,9288
1503,士電,4,0,4,凱基-埔墘,2023-05-22,9288
00885,富邦越南,4,0,4,凱基-埔墘,2023-05-22,9288
00882,中信中國高股息,4,0,4,凱基-埔墘,2023-05-22,9288
1785,光洋科,8,4,4,凱基-埔墘,2023-05-22,9288
3149,正達,4,0,4,凱基-埔墘,2023-05-22,9288
3646,艾恩特,4,0,4,凱基-埔墘,2023-05-22,9288
5511,德昌,4,0,4,凱基-埔墘,2023-05-22,9288
6470,宇智,4,0,4,凱基-埔墘,2023-05-22,9288
9928,中視,5,1,4,凱基-埔墘,2023-05-22,9288
2489,瑞軒,4,0,4,凱基-埔墘,2023-05-22,9288
00679B,元大美債20年,6,2,4,凱基-埔墘,2023-05-22,9288
2618,長榮航,1067,20,1047,凱基-埔墘,2023-05-23,9288
2903,遠百,42,0,42,凱基-埔墘,2023-05-23,9288
00882,中信中國高股息,42,0,42,凱基-埔墘,2023-05-23,9288
2331,精英,38,0,38,凱基-埔墘,2023-05-23,9288
00680L,元大美債20正2,20,0,20,凱基-埔墘,2023-05-23,9288
2236,百達-KY,20,0,20,凱基-埔墘,2023-05-23,9288
5328,華容,20,0,20,凱基-埔墘,2023-05-23,9288
2208,台船,15,0,15,凱基-埔墘,2023-05-23,9288
5315,光聯,15,0,15,凱基-埔墘,2023-05-23,9288
3481,群創,17,3,14,凱基-埔墘,2023-05-23,9288
1605,華新,17,4,13,凱基-埔墘,2023-05-23,9288
6234,高僑,13,0,13,凱基-埔墘,2023-05-23,9288
1721,三晃,10,0,10,凱基-埔墘,2023-05-23,9288
2104,國際中橡,10,0,10,凱基-埔墘,2023-05-23,9288
2453,凌群,10,0,10,凱基-埔墘,2023-05-23,9288
2504,國產,10,0,10,凱基-埔墘,2023-05-23,9288
3050,鈺德,10,0,10,凱基-埔墘,2023-05-23,9288
8121,越峰,10,0,10,凱基-埔墘,2023-05-23,9288
9907,統一實,10,0,10,凱基-埔墘,2023-05-23,9288
2886,兆豐金,10,1,9,凱基-埔墘,2023-05-23,9288
3207,耀勝,10,1,9,凱基-埔墘,2023-05-23,9288
2201,裕隆,14,5,9,凱基-埔墘,2023-05-23,9288
5243,乙盛-KY,23,14,9,凱基-埔墘,2023-05-23,9288
1710,東聯,8,0,8,凱基-埔墘,2023-05-23,9288
00903,富邦元宇宙,7,0,7,凱基-埔墘,2023-05-23,9288
2888,新光金,7,0,7,凱基-埔墘,2023-05-23,9288
00679B,元大美債20年,7,0,7,凱基-埔墘,2023-05-23,9288
00795B,中信美國公債20年,6,0,6,凱基-埔墘,2023-05-23,9288
00720B,元大投資級公司債,6,0,6,凱基-埔墘,2023-05-23,9288
00650L,復華香港正2,6,0,6,凱基-埔墘,2023-05-23,9288
2609,陽明,7,1,6,凱基-埔墘,2023-05-23,9288
3491,昇達科,11,5,6,凱基-埔墘,2023-05-23,9288
6125,廣運,6,0,6,凱基-埔墘,2023-05-23,9288
00637L,元大滬深300正2,5,0,5,凱基-埔墘,2023-05-23,9288
1532,勤美,5,0,5,凱基-埔墘,2023-05-23,9288
2380,虹光,5,0,5,凱基-埔墘,2023-05-23,9288
8201,無敵,5,0,5,凱基-埔墘,2023-05-23,9288
2883B,凱基金乙特,5,0,5,凱基-埔墘,2023-05-23,9288
6770,力積電,4,0,4,凱基-埔墘,2023-05-23,9288
4743,合一,4,0,4,凱基-埔墘,2023-05-23,9288
0056,元大高股息,5,1,4,凱基-埔墘,2023-05-23,9288
00712,復華富時不動產,4,0,4,凱基-埔墘,2023-05-23,9288
00885,富邦越南,6,2,4,凱基-埔墘,2023-05-23,9288
3363,上詮,4,0,4,凱基-埔墘,2023-05-23,9288
3504,揚明光,4,0,4,凱基-埔墘,2023-05-23,9288
4121,優盛,4,0,4,凱基-埔墘,2023-05-23,9288
6235,華孚,6,2,4,凱基-埔墘,2023-05-23,9288
6741,91APP*-KY,4,0,4,凱基-埔墘,2023-05-23,9288
8383,千附,4,0,4,凱基-埔墘,2023-05-23,9288
00878,國泰永續高股息,3,0,3,凱基-埔墘,2023-05-23,9288
00637L,元大滬深300正2,242,2,240,凱基-埔墘,2023-05-24,9288
00882,中信中國高股息,67,0,67,凱基-埔墘,2023-05-24,9288
5905,南仁湖,42,1,41,凱基-埔墘,2023-05-24,9288
3701,大眾控,36,4,32,凱基-埔墘,2023-05-24,9288
3025,星通,24,0,24,凱基-埔墘,2023-05-24,9288
3046,建��,27,3,24,凱基-埔墘,2023-05-24,9288
00641R,富邦日本反1,20,0,20,凱基-埔墘,2023-05-24,9288
2421,建準,31,11,20,凱基-埔墘,2023-05-24,9288
2645,長榮航太,20,0,20,凱基-埔墘,2023-05-24,9288
3038,全台,21,1,20,凱基-埔墘,2023-05-24,9288
6416,瑞祺電通,20,0,20,凱基-埔墘,2023-05-24,9288
00679B,元大美債20年,25,6,19,凱基-埔墘,2023-05-24,9288
00878,國泰永續高股息,14,0,14,凱基-埔墘,2023-05-24,9288
2883,凱基金,14,0,14,凱基-埔墘,2023-05-24,9288
3006,晶豪科,14,0,14,凱基-埔墘,2023-05-24,9288
1519,華城,22,9,13,凱基-埔墘,2023-05-24,9288
2457,飛宏,100,88,12,凱基-埔墘,2023-05-24,9288
5009,榮剛,20,8,12,凱基-埔墘,2023-05-24,9288
2382,廣達,12,1,11,凱基-埔墘,2023-05-24,9288
00753L,中信中國50正2,11,0,11,凱基-埔墘,2023-05-24,9288
1584,精剛,13,3,10,凱基-埔墘,2023-05-24,9288
2017,官田鋼,10,0,10,凱基-埔墘,2023-05-24,9288
2387,精元,10,0,10,凱基-埔墘,2023-05-24,9288
2388,威盛,10,0,10,凱基-埔墘,2023-05-24,9288
2701,萬企,10,0,10,凱基-埔墘,2023-05-24,9288
2891,中信金,10,0,10,凱基-埔墘,2023-05-24,9288
2892,第一金,10,0,10,凱基-埔墘,2023-05-24,9288
5328,華容,10,0,10,凱基-埔墘,2023-05-24,9288
5475,德宏,10,0,10,凱基-埔墘,2023-05-24,9288
6148,驊宏資,11,1,10,凱基-埔墘,2023-05-24,9288
2634,漢翔,11,3,8,凱基-埔墘,2023-05-24,9288
00690,兆豐藍籌30,7,0,7,凱基-埔墘,2023-05-24,9288
1904,正隆,7,0,7,凱基-埔墘,2023-05-24,9288
2376,技嘉,6,0,6,凱基-埔墘,2023-05-24,9288
3035,智原,6,0,6,凱基-埔墘,2023-05-24,9288
6589,台康生技,5,0,5,凱基-埔墘,2023-05-24,9288
1522,堤維西,5,0,5,凱基-埔墘,2023-05-24,9288
00636,國泰中國A50,5,0,5,凱基-埔墘,2023-05-24,9288
2027,大成鋼,5,0,5,凱基-埔墘,2023-05-24,9288
2328,廣宇,10,5,5,凱基-埔墘,2023-05-24,9288
3013,晟銘電,5,0,5,凱基-埔墘,2023-05-24,9288
3050,鈺德,5,0,5,凱基-埔墘,2023-05-24,9288
5511,德昌,5,0,5,凱基-埔墘,2023-05-24,9288
6182,合晶,5,0,5,凱基-埔墘,2023-05-24,9288
8201,無敵,5,0,5,凱基-埔墘,2023-05-24,9288
2317,鴻海,4,0,4,凱基-埔墘,2023-05-24,9288
2539,櫻花建,4,0,4,凱基-埔墘,2023-05-24,9288
2630,亞航,12,8,4,凱基-埔墘,2023-05-24,9288
2734,易飛網,5,1,4,凱基-埔墘,2023-05-24,9288
3078,僑威,8,4,4,凱基-埔墘,2023-05-24,9288
6603,富強鑫,60,0,60,凱基-埔墘,2023-05-25,9288
2461,光群雷,60,2,58,凱基-埔墘,2023-05-25,9288
00882,中信中國高股息,58,2,56,凱基-埔墘,2023-05-25,9288
00637L,元大滬深300正2,57,6,51,凱基-埔墘,2023-05-25,9288
00679B,元大美債20年,34,2,32,凱基-埔墘,2023-05-25,9288
00632R,元大台灣50反1,30,0,30,凱基-埔墘,2023-05-25,9288
6531,愛普*,35,8,27,凱基-埔墘,2023-05-25,9288
2349,錸德,20,0,20,凱基-埔墘,2023-05-25,9288
2891,中信金,20,0,20,凱基-埔墘,2023-05-25,9288
3035,智原,22,2,20,凱基-埔墘,2023-05-25,9288
2409,友達,18,0,18,凱基-埔墘,2023-05-25,9288
4164,承業醫,18,0,18,凱基-埔墘,2023-05-25,9288
2408,南亞科,16,0,16,凱基-埔墘,2023-05-25,9288
2371,大同,15,2,13,凱基-埔墘,2023-05-25,9288
00650L,復華香港正2,15,3,12,凱基-埔墘,2023-05-25,9288
2352,佳世達,12,0,12,凱基-埔墘,2023-05-25,9288
2417,圓剛,11,0,11,凱基-埔墘,2023-05-25,9288
2702,華園,11,0,11,凱基-埔墘,2023-05-25,9288
3038,全台,10,0,10,凱基-埔墘,2023-05-25,9288
1907,永豐餘,10,0,10,凱基-埔墘,2023-05-25,9288
2421,建準,13,3,10,凱基-埔墘,2023-05-25,9288
2611,志信,10,0,10,凱基-埔墘,2023-05-25,9288
3050,鈺德,10,0,10,凱基-埔墘,2023-05-25,9288
6112,邁達特,10,0,10,凱基-埔墘,2023-05-25,9288
6835,圓裕,10,0,10,凱基-埔墘,2023-05-25,9288
00690,兆豐藍籌30,9,0,9,凱基-埔墘,2023-05-25,9288
1905,華紙,10,1,9,凱基-埔墘,2023-05-25,9288
3548,兆利,9,0,9,凱基-埔墘,2023-05-25,9288
3006,晶豪科,8,0,8,凱基-埔墘,2023-05-25,9288
6282,康舒,16,8,8,凱基-埔墘,2023-05-25,9288
2338,光罩,7,0,7,凱基-埔墘,2023-05-25,9288
5464,霖宏,7,0,7,凱基-埔墘,2023-05-25,9288
1504,東元,7,0,7,凱基-埔墘,2023-05-25,9288
1442,名軒,6,0,6,凱基-埔墘,2023-05-25,9288
00897,富邦基因免疫生技,6,0,6,凱基-埔墘,2023-05-25,9288
00680L,元大美債20正2,6,0,6,凱基-埔墘,2023-05-25,9288
2399,映泰,17,11,6,凱基-埔墘,2023-05-25,9288
2406,國碩,6,0,6,凱基-埔墘,2023-05-25,9288
2867,三商壽,26,20,6,凱基-埔墘,2023-05-25,9288
5457,宣德,6,0,6,凱基-埔墘,2023-05-25,9288
00713,元大台灣高息低波,10,5,5,凱基-埔墘,2023-05-25,9288
00795B,中信美國公債20年,6,1,5,凱基-埔墘,2023-05-25,9288
1529,樂事綠能,5,0,5,凱基-埔墘,2023-05-25,9288
1584,精剛,5,0,5,凱基-埔墘,2023-05-25,9288
2236,百達-KY,5,0,5,凱基-埔墘,2023-05-25,9288
2323,中環,5,0,5,凱基-埔墘,2023-05-25,9288
2637,慧洋-KY,5,0,5,凱基-埔墘,2023-05-25,9288
2888,新光金,5,0,5,凱基-埔墘,2023-05-25,9288
3149,正達,5,0,5,凱基-埔墘,2023-05-25,9288
3583,辛耘,5,0,5,凱基-埔墘,2023-05-25,9288
2367,燿華,95,0,95,凱基-埔墘,2023-05-26,9288
6223,旺矽,89,1,88,凱基-埔墘,2023-05-26,9288
00632R,元大台灣50反1,51,0,51,凱基-埔墘,2023-05-26,9288
00712,復華富時不動產,30,0,30,凱基-埔墘,2023-05-26,9288
00631L,元大台灣50正2,30,0,30,凱基-埔墘,2023-05-26,9288
6835,圓裕,30,0,30,凱基-埔墘,2023-05-26,9288
6125,廣運,27,0,27,凱基-埔墘,2023-05-26,9288
00687B,國泰20年美債,26,0,26,凱基-埔墘,2023-05-26,9288
2376,技嘉,43,19,24,凱基-埔墘,2023-05-26,9288
3178,公準,24,0,24,凱基-埔墘,2023-05-26,9288
00637L,元大滬深300正2,21,0,21,凱基-埔墘,2023-05-26,9288
00679B,元大美債20年,21,1,20,凱基-埔墘,2023-05-26,9288
00642U,期元大S＆P石油,20,0,20,凱基-埔墘,2023-05-26,9288
3596,智易,20,0,20,凱基-埔墘,2023-05-26,9288
4979,華星光,29,10,19,凱基-埔墘,2023-05-26,9288
2323,中環,38,20,18,凱基-埔墘,2023-05-26,9288
3363,上詮,23,7,16,凱基-埔墘,2023-05-26,9288
00680L,元大美債20正2,15,0,15,凱基-埔墘,2023-05-26,9288
1503,士電,17,2,15,凱基-埔墘,2023-05-26,9288
6244,茂迪,20,6,14,凱基-埔墘,2023-05-26,9288
6160,欣技,13,0,13,凱基-埔墘,2023-05-26,9288
3231,緯創,57,44,13,凱基-埔墘,2023-05-26,9288
2449,京元電子,22,10,12,凱基-埔墘,2023-05-26,9288
4164,承業醫,12,1,11,凱基-埔墘,2023-05-26,9288
3035,智原,13,3,10,凱基-埔墘,2023-05-26,9288
2468,華經,10,0,10,凱基-埔墘,2023-05-26,9288
2601,益航,10,0,10,凱基-埔墘,2023-05-26,9288
2867,三商壽,10,0,10,凱基-埔墘,2023-05-26,9288
3207,耀勝,10,0,10,凱基-埔墘,2023-05-26,9288
6274,台燿,10,0,10,凱基-埔墘,2023-05-26,9288
2457,飛宏,12,3,9,凱基-埔墘,2023-05-26,9288
1785,光洋科,10,1,9,凱基-埔墘,2023-05-26,9288
3325,旭品,11,2,9,凱基-埔墘,2023-05-26,9288
3105,穩懋,8,0,8,凱基-埔墘,2023-05-26,9288
00795B,中信美國公債20年,8,0,8,凱基-埔墘,2023-05-26,9288
6217,中探針,8,0,8,凱基-埔墘,2023-05-26,9288
4938,和碩,7,0,7,凱基-埔墘,2023-05-26,9288
00897,富邦基因免疫生技,6,0,6,凱基-埔墘,2023-05-26,9288
2884,玉山金,7,1,6,凱基-埔墘,2023-05-26,9288
4503,金雨,8,2,6,凱基-埔墘,2023-05-26,9288
6118,建達,6,0,6,凱基-埔墘,2023-05-26,9288
1313,聯成,5,0,5,凱基-埔墘,2023-05-26,9288
1907,永豐餘,5,0,5,凱基-埔墘,2023-05-26,9288
3038,全台,6,1,5,凱基-埔墘,2023-05-26,9288
4157,太景*-KY,5,0,5,凱基-埔墘,2023-05-26,9288
5706,鳳凰,14,9,5,凱基-埔墘,2023-05-26,9288
6284,佳邦,5,0,5,凱基-埔墘,2023-05-26,9288
6461,益得,5,0,5,凱基-埔墘,2023-05-26,9288
6470,宇智,5,0,5,凱基-埔墘,2023-05-26,9288
2406,國碩,4,0,4,凱基-埔墘,2023-05-26,9288
3006,晶豪科,86,27,59,凱基-埔墘,2023-05-29,9288
3044,健鼎,50,9,41,凱基-埔墘,2023-05-29,9288
00637L,元大滬深300正2,35,0,35,凱基-埔墘,2023-05-29,9288
2867,三商壽,40,10,30,凱基-埔墘,2023-05-29,9288
3264,欣銓,30,2,28,凱基-埔墘,2023-05-29,9288
00680L,元大美債20正2,26,0,26,凱基-埔墘,2023-05-29,9288
2412,中華電,24,0,24,凱基-埔墘,2023-05-29,9288
00772B,中信高評級公司債,23,0,23,凱基-埔墘,2023-05-29,9288
2352,佳世達,24,2,22,凱基-埔墘,2023-05-29,9288
3207,耀勝,22,0,22,凱基-埔墘,2023-05-29,9288
00725B,國泰投資級公司債,12,0,12,凱基-埔墘,2023-05-29,9288
1584,精剛,11,0,11,凱基-埔墘,2023-05-29,9288
00902,中信電池及儲能,11,0,11,凱基-埔墘,2023-05-29,9288
8150,南茂,11,0,11,凱基-埔墘,2023-05-29,9288
9907,統一實,11,0,11,凱基-埔墘,2023-05-29,9288
00895,富邦未來車,10,0,10,凱基-埔墘,2023-05-29,9288
2208,台船,10,0,10,凱基-埔墘,2023-05-29,9288
2467,志聖,10,0,10,凱基-埔墘,2023-05-29,9288
2801,彰銀,10,0,10,凱基-埔墘,2023-05-29,9288
8104,錸寶,10,0,10,凱基-埔墘,2023-05-29,9288
9942,茂順,10,0,10,凱基-埔墘,2023-05-29,9288
2408,南亞科,15,5,10,凱基-埔墘,2023-05-29,9288
2301,光寶科,9,0,9,凱基-埔墘,2023-05-29,9288
5425,台半,10,1,9,凱基-埔墘,2023-05-29,9288
2371,大同,19,11,8,凱基-埔墘,2023-05-29,9288
2495,普安,145,137,8,凱基-埔墘,2023-05-29,9288
2618,長榮航,24,16,8,凱基-埔墘,2023-05-29,9288
3163,波若威,11,3,8,凱基-埔墘,2023-05-29,9288
8996,高力,8,0,8,凱基-埔墘,2023-05-29,9288
00878,國泰永續高股息,17,9,8,凱基-埔墘,2023-05-29,9288
3058,立德,8,1,7,凱基-埔墘,2023-05-29,9288
3265,台星科,7,0,7,凱基-埔墘,2023-05-29,9288
5285,界霖,7,0,7,凱基-埔墘,2023-05-29,9288
1528,恩德,6,0,6,凱基-埔墘,2023-05-29,9288
00897,富邦基因免疫生技,6,0,6,凱基-埔墘,2023-05-29,9288
5706,鳳凰,6,0,6,凱基-埔墘,2023-05-29,9288
6223,旺矽,6,0,6,凱基-埔墘,2023-05-29,9288
8383,千附,6,0,6,凱基-埔墘,2023-05-29,9288
00706L,期元大S＆P日圓正2,5,0,5,凱基-埔墘,2023-05-29,9288
00671R,富邦NASDAQ反1,5,0,5,凱基-埔墘,2023-05-29,9288
00650L,復華香港正2,5,0,5,凱基-埔墘,2023-05-29,9288
2236,百達-KY,5,0,5,凱基-埔墘,2023-05-29,9288
2887,台新金,5,0,5,凱基-埔墘,2023-05-29,9288
4960,誠美材,5,0,5,凱基-埔墘,2023-05-29,9288
5907,大洋-KY,5,0,5,凱基-埔墘,2023-05-29,9288
0056,元大高股息,5,0,5,凱基-埔墘,2023-05-29,9288
2388,威盛,5,1,4,凱基-埔墘,2023-05-29,9288
3178,公準,4,0,4,凱基-埔墘,2023-05-29,9288
3189,景碩,5,1,4,凱基-埔墘,2023-05-29,9288
3325,旭品,4,0,4,凱基-埔墘,2023-05-29,9288
2201,裕隆,92,17,75,凱基-埔墘,2023-05-30,9288
2637,慧洋-KY,32,0,32,凱基-埔墘,2023-05-30,9288
2412,中華電,58,27,31,凱基-埔墘,2023-05-30,9288
1524,耿鼎,30,0,30,凱基-埔墘,2023-05-30,9288
4979,華星光,37,8,29,凱基-埔墘,2023-05-30,9288
5243,乙盛-KY,29,0,29,凱基-埔墘,2023-05-30,9288
4960,誠美材,25,0,25,凱基-埔墘,2023-05-30,9288
1709,和益,22,0,22,凱基-埔墘,2023-05-30,9288
6531,愛普*,25,3,22,凱基-埔墘,2023-05-30,9288
2002,中鋼,21,0,21,凱基-埔墘,2023-05-30,9288
6223,旺矽,21,1,20,凱基-埔墘,2023-05-30,9288
2356,英業達,25,6,19,凱基-埔墘,2023-05-30,9288
2618,長榮航,34,16,18,凱基-埔墘,2023-05-30,9288
00882,中信中國高股息,17,0,17,凱基-埔墘,2023-05-30,9288
00902,中信電池及儲能,16,0,16,凱基-埔墘,2023-05-30,9288
5371,中光電,16,0,16,凱基-埔墘,2023-05-30,9288
8046,南電,19,4,15,凱基-埔墘,2023-05-30,9288
00928,中信上櫃ESG30,15,0,15,凱基-埔墘,2023-05-30,9288
2388,威盛,15,0,15,凱基-埔墘,2023-05-30,9288
2453,凌群,14,1,13,凱基-埔墘,2023-05-30,9288
3231,緯創,15,3,12,凱基-埔墘,2023-05-30,9288
9907,統一實,12,0,12,凱基-埔墘,2023-05-30,9288
2236,百達-KY,10,0,10,凱基-埔墘,2023-05-30,9288
2442,新美齊,10,0,10,凱基-埔墘,2023-05-30,9288
4563,百德,10,0,10,凱基-埔墘,2023-05-30,9288
8358,金居,10,0,10,凱基-埔墘,2023-05-30,9288
0056,元大高股息,15,6,9,凱基-埔墘,2023-05-30,9288
3037,欣興,10,1,9,凱基-埔墘,2023-05-30,9288
2399,映泰,9,0,9,凱基-埔墘,2023-05-30,9288
2606,裕民,7,0,7,凱基-埔墘,2023-05-30,9288
3564,其陽,11,4,7,凱基-埔墘,2023-05-30,9288
6218,豪勉,8,1,7,凱基-埔墘,2023-05-30,9288
5483,中美晶,6,0,6,凱基-埔墘,2023-05-30,9288
6244,茂迪,6,0,6,凱基-埔墘,2023-05-30,9288
00636,國泰中國A50,6,0,6,凱基-埔墘,2023-05-30,9288
3006,晶豪科,16,10,6,凱基-埔墘,2023-05-30,9288
8054,安國,7,1,6,凱基-埔墘,2023-05-30,9288
3704,合勤控,19,13,6,凱基-埔墘,2023-05-30,9288
2603,長榮,5,0,5,凱基-埔墘,2023-05-30,9288
1584,精剛,10,5,5,凱基-埔墘,2023-05-30,9288
1301,台塑,5,0,5,凱基-埔墘,2023-05-30,9288
00679B,元大美債20年,5,0,5,凱基-埔墘,2023-05-30,9288
1721,三晃,5,0,5,凱基-埔墘,2023-05-30,9288
2105,正新,5,0,5,凱基-埔墘,2023-05-30,9288
2504,國產,5,0,5,凱基-埔墘,2023-05-30,9288
2633,台灣高鐵,5,0,5,凱基-埔墘,2023-05-30,9288
3078,僑威,5,0,5,凱基-埔墘,2023-05-30,9288
3189,景碩,5,0,5,凱基-埔墘,2023-05-30,9288
5312,寶島科,5,0,5,凱基-埔墘,2023-05-30,9288
6160,欣技,23,18,5,凱基-埔墘,2023-05-30,9288
6235,華孚,89,3,86,凱基-埔墘,2023-05-31,9288
3011,今皓,50,0,50,凱基-埔墘,2023-05-31,9288
0056,元大高股息,50,2,48,凱基-埔墘,2023-05-31,9288
00715L,期街口布蘭特正2,36,0,36,凱基-埔墘,2023-05-31,9288
6417,韋僑,35,0,35,凱基-埔墘,2023-05-31,9288
1524,耿鼎,34,0,34,凱基-埔墘,2023-05-31,9288
3017,奇鋐,33,1,32,凱基-埔墘,2023-05-31,9288
1904,正隆,30,0,30,凱基-埔墘,2023-05-31,9288
00642U,期元大S＆P石油,28,0,28,凱基-埔墘,2023-05-31,9288
3025,星通,23,2,21,凱基-埔墘,2023-05-31,9288
2476,鉅祥,20,0,20,凱基-埔墘,2023-05-31,9288
6282,康舒,38,18,20,凱基-埔墘,2023-05-31,9288
6191,精成科,19,0,19,凱基-埔墘,2023-05-31,9288
2515,中工,24,7,17,凱基-埔墘,2023-05-31,9288
2489,瑞軒,17,1,16,凱基-埔墘,2023-05-31,9288
2328,廣宇,78,63,15,凱基-埔墘,2023-05-31,9288
2915,潤泰全,15,0,15,凱基-埔墘,2023-05-31,9288
1609,大亞,16,2,14,凱基-埔墘,2023-05-31,9288
2736,富野,18,4,14,凱基-埔墘,2023-05-31,9288
6223,旺矽,14,1,13,凱基-埔墘,2023-05-31,9288
00882,中信中國高股息,11,0,11,凱基-埔墘,2023-05-31,9288
00632R,元大台灣50反1,10,0,10,凱基-埔墘,2023-05-31,9288
00671R,富邦NASDAQ反1,10,0,10,凱基-埔墘,2023-05-31,9288
00688L,國泰20年美債正2,10,0,10,凱基-埔墘,2023-05-31,9288
00928,中信上櫃ESG30,10,0,10,凱基-埔墘,2023-05-31,9288
3703,欣陸,10,0,10,凱基-埔墘,2023-05-31,9288
5439,高技,10,0,10,凱基-埔墘,2023-05-31,9288
00897,富邦基因免疫生技,9,0,9,凱基-埔墘,2023-05-31,9288
6269,台郡,9,0,9,凱基-埔墘,2023-05-31,9288
2453,凌群,10,2,8,凱基-埔墘,2023-05-31,9288
8076,伍豐,8,0,8,凱基-埔墘,2023-05-31,9288
00902,中信電池及儲能,7,0,7,凱基-埔墘,2023-05-31,9288
00680L,元大美債20正2,7,0,7,凱基-埔墘,2023-05-31,9288
2637,慧洋-KY,7,0,7,凱基-埔墘,2023-05-31,9288
3481,群創,9,2,7,凱基-埔墘,2023-05-31,9288
6863,永道-KY,7,0,7,凱基-埔墘,2023-05-31,9288
3231,緯創,38,31,7,凱基-埔墘,2023-05-31,9288
00885,富邦越南,6,0,6,凱基-埔墘,2023-05-31,9288
00712,復華富時不動產,5,0,5,凱基-埔墘,2023-05-31,9288
00753L,中信中國50正2,6,1,5,凱基-埔墘,2023-05-31,9288
00636,國泰中國A50,5,0,5,凱基-埔墘,2023-05-31,9288
1907,永豐餘,5,0,5,凱基-埔墘,2023-05-31,9288
2027,大成鋼,5,0,5,凱基-埔墘,2023-05-31,9288
2201,裕隆,5,0,5,凱基-埔墘,2023-05-31,9288
2344,華邦電,10,5,5,凱基-埔墘,2023-05-31,9288
2376,技嘉,7,2,5,凱基-埔墘,2023-05-31,9288
2419,仲琦,5,0,5,凱基-埔墘,2023-05-31,9288
2748,雲品,5,0,5,凱基-埔墘,2023-05-31,9288
3059,華晶科,5,0,5,凱基-埔墘,2023-05-31,9288
3078,僑威,5,0,5,凱基-埔墘,2023-05-31,9288
2371,大同,139,4,135,凱基-埔墘,2023-06-01,9288
3673,TPK-KY,65,0,65,凱基-埔墘,2023-06-01,9288
8021,尖點,36,0,36,凱基-埔墘,2023-06-01,9288
2611,志信,35,0,35,凱基-埔墘,2023-06-01,9288
2637,慧洋-KY,34,0,34,凱基-埔墘,2023-06-01,9288
6134,萬旭,31,0,31,凱基-埔墘,2023-06-01,9288
2476,鉅祥,30,0,30,凱基-埔墘,2023-06-01,9288
2903,遠百,30,0,30,凱基-埔墘,2023-06-01,9288
00715L,期街口布蘭特正2,26,0,26,凱基-埔墘,2023-06-01,9288
2412,中華電,55,30,25,凱基-埔墘,2023-06-01,9288
3706,神達,31,8,23,凱基-埔墘,2023-06-01,9288
2330,台積電,24,2,22,凱基-埔墘,2023-06-01,9288
00712,復華富時不動產,20,0,20,凱基-埔墘,2023-06-01,9288
4960,誠美材,20,2,18,凱基-埔墘,2023-06-01,9288
3481,群創,22,6,16,凱基-埔墘,2023-06-01,9288
2323,中環,32,18,14,凱基-埔墘,2023-06-01,9288
2340,台亞,14,0,14,凱基-埔墘,2023-06-01,9288
5243,乙盛-KY,16,2,14,凱基-埔墘,2023-06-01,9288
6672,騰輝電子-KY,14,0,14,凱基-埔墘,2023-06-01,9288
00882,中信中國高股息,13,0,13,凱基-埔墘,2023-06-01,9288
6244,茂迪,14,2,12,凱基-埔墘,2023-06-01,9288
2352,佳世達,12,0,12,凱基-埔墘,2023-06-01,9288
2453,凌群,12,0,12,凱基-埔墘,2023-06-01,9288
3006,晶豪科,17,5,12,凱基-埔墘,2023-06-01,9288
2615,萬海,11,0,11,凱基-埔墘,2023-06-01,9288
1907,永豐餘,12,1,11,凱基-埔墘,2023-06-01,9288
2206,三陽工業,18,7,11,凱基-埔墘,2023-06-01,9288
5388,中磊,11,1,10,凱基-埔墘,2023-06-01,9288
1906,寶隆,10,0,10,凱基-埔墘,2023-06-01,9288
2376,技嘉,13,3,10,凱基-埔墘,2023-06-01,9288
8110,華東,10,0,10,凱基-埔墘,2023-06-01,9288
2609,陽明,10,1,9,凱基-埔墘,2023-06-01,9288
2204,中華,8,0,8,凱基-埔墘,2023-06-01,9288
00878,國泰永續高股息,8,0,8,凱基-埔墘,2023-06-01,9288
6235,華孚,11,3,8,凱基-埔墘,2023-06-01,9288
5478,智冠,7,0,7,凱基-埔墘,2023-06-01,9288
00902,中信電池及儲能,7,0,7,凱基-埔墘,2023-06-01,9288
2913,農林,8,1,7,凱基-埔墘,2023-06-01,9288
00885,富邦越南,6,0,6,凱基-埔墘,2023-06-01,9288
00900,富邦特選高股息30,6,0,6,凱基-埔墘,2023-06-01,9288
5258,虹堡,6,0,6,凱基-埔墘,2023-06-01,9288
6269,台郡,6,0,6,凱基-埔墘,2023-06-01,9288
6180,橘子,13,8,5,凱基-埔墘,2023-06-01,9288
2314,台揚,5,0,5,凱基-埔墘,2023-06-01,9288
00928,中信上櫃ESG30,5,0,5,凱基-埔墘,2023-06-01,9288
1711,永光,5,0,5,凱基-埔墘,2023-06-01,9288
1721,三晃,5,0,5,凱基-埔墘,2023-06-01,9288
3083,網龍,5,0,5,凱基-埔墘,2023-06-01,9288
3363,上詮,5,0,5,凱基-埔墘,2023-06-01,9288
3406,玉晶光,4,0,4,凱基-埔墘,2023-06-01,9288
0056,元大高股息,350,9,341,凱基-埔墘,2023-06-02,9288
2323,中環,60,11,49,凱基-埔墘,2023-06-02,9288
2892,第一金,28,0,28,凱基-埔墘,2023-06-02,9288
00715L,期街口布蘭特正2,20,2,18,凱基-埔墘,2023-06-02,9288
3058,立德,19,1,18,凱基-埔墘,2023-06-02,9288
1503,士電,36,19,17,凱基-埔墘,2023-06-02,9288
2476,鉅祥,16,0,16,凱基-埔墘,2023-06-02,9288
3231,緯創,39,23,16,凱基-埔墘,2023-06-02,9288
3481,群創,15,0,15,凱基-埔墘,2023-06-02,9288
4114,健喬,15,0,15,凱基-埔墘,2023-06-02,9288
2331,精英,15,1,14,凱基-埔墘,2023-06-02,9288
2371,大同,31,18,13,凱基-埔墘,2023-06-02,9288
2376,技嘉,27,15,12,凱基-埔墘,2023-06-02,9288
2409,友達,18,6,12,凱基-埔墘,2023-06-02,9288
6026,福邦證,12,0,12,凱基-埔墘,2023-06-02,9288
00882,中信中國高股息,10,0,10,凱基-埔墘,2023-06-02,9288
00725B,國泰投資級公司債,10,0,10,凱基-埔墘,2023-06-02,9288
00643,群益深証中小,10,0,10,凱基-埔墘,2023-06-02,9288
6234,高僑,10,0,10,凱基-埔墘,2023-06-02,9288
6806,森崴能源,14,4,10,凱基-埔墘,2023-06-02,9288
3545,敦泰,10,1,9,凱基-埔墘,2023-06-02,9288
6276,安鈦克,10,1,9,凱基-埔墘,2023-06-02,9288
2382,廣達,30,22,8,凱基-埔墘,2023-06-02,9288
2489,瑞軒,10,2,8,凱基-埔墘,2023-06-02,9288
2201,裕隆,9,2,7,凱基-埔墘,2023-06-02,9288
2913,農林,7,0,7,凱基-埔墘,2023-06-02,9288
3031,佰鴻,7,0,7,凱基-埔墘,2023-06-02,9288
3189,景碩,14,7,7,凱基-埔墘,2023-06-02,9288
6275,元山,7,0,7,凱基-埔墘,2023-06-02,9288
4979,華星光,12,6,6,凱基-埔墘,2023-06-02,9288
00635U,期元大S＆P黃金,6,0,6,凱基-埔墘,2023-06-02,9288
2888,新光金,7,1,6,凱基-埔墘,2023-06-02,9288
00673R,期元大S＆P原油反1,5,0,5,凱基-埔墘,2023-06-02,9288
00714,群益道瓊美國地產,5,0,5,凱基-埔墘,2023-06-02,9288
00904,新光臺灣半導體30,5,0,5,凱基-埔墘,2023-06-02,9288
2236,百達-KY,5,0,5,凱基-埔墘,2023-06-02,9288
2340,台亞,5,0,5,凱基-埔墘,2023-06-02,9288
3041,揚智,5,0,5,凱基-埔墘,2023-06-02,9288
3047,訊舟,10,5,5,凱基-埔墘,2023-06-02,9288
3050,鈺德,5,0,5,凱基-埔墘,2023-06-02,9288
3306,鼎天,8,3,5,凱基-埔墘,2023-06-02,9288
8440,綠電,5,0,5,凱基-埔墘,2023-06-02,9288
6125,廣運,5,0,5,凱基-埔墘,2023-06-02,9288
1734,杏輝,4,0,4,凱基-埔墘,2023-06-02,9288
2481,強茂,5,1,4,凱基-埔墘,2023-06-02,9288
4960,誠美材,4,0,4,凱基-埔墘,2023-06-02,9288
6160,欣技,9,5,4,凱基-埔墘,2023-06-02,9288
00897,富邦基因免疫生技,3,0,3,凱基-埔墘,2023-06-02,9288
1608,華榮,3,0,3,凱基-埔墘,2023-06-02,9288
1701,中化,3,0,3,凱基-埔墘,2023-06-02,9288
1616,億泰,170,0,170,凱基-埔墘,2023-06-05,9288
1815,富喬,100,0,100,凱基-埔墘,2023-06-05,9288
00882,中信中國高股息,70,1,69,凱基-埔墘,2023-06-05,9288
3706,神達,67,0,67,凱基-埔墘,2023-06-05,9288
1513,中興電,58,1,57,凱基-埔墘,2023-06-05,9288
1810,和成,37,0,37,凱基-埔墘,2023-06-05,9288
00637L,元大滬深300正2,34,0,34,凱基-埔墘,2023-06-05,9288
3521,鴻翊,33,0,33,凱基-埔墘,2023-06-05,9288
2412,中華電,32,0,32,凱基-埔墘,2023-06-05,9288
00921,兆豐龍頭等權重,31,0,31,凱基-埔墘,2023-06-05,9288
4916,事欣科,38,7,31,凱基-埔墘,2023-06-05,9288
00679B,元大美債20年,28,0,28,凱基-埔墘,2023-06-05,9288
1524,耿鼎,140,112,28,凱基-埔墘,2023-06-05,9288
00632R,元大台灣50反1,21,0,21,凱基-埔墘,2023-06-05,9288
3025,星通,72,52,20,凱基-埔墘,2023-06-05,9288
4960,誠美材,20,0,20,凱基-埔墘,2023-06-05,9288
5340,建榮,20,0,20,凱基-埔墘,2023-06-05,9288
2353,宏��,23,7,16,凱基-埔墘,2023-06-05,9288
00680L,元大美債20正2,18,3,15,凱基-埔墘,2023-06-05,9288
5328,華容,15,0,15,凱基-埔墘,2023-06-05,9288
2382,廣達,14,0,14,凱基-埔墘,2023-06-05,9288
2419,仲琦,14,0,14,凱基-埔墘,2023-06-05,9288
2634,漢翔,30,16,14,凱基-埔墘,2023-06-05,9288
3224,三顧,13,1,12,凱基-埔墘,2023-06-05,9288
6244,茂迪,14,2,12,凱基-埔墘,2023-06-05,9288
2332,友訊,11,0,11,凱基-埔墘,2023-06-05,9288
2201,裕隆,16,5,11,凱基-埔墘,2023-06-05,9288
00664R,國泰臺灣加權反1,10,0,10,凱基-埔墘,2023-06-05,9288
1909,榮成,10,0,10,凱基-埔墘,2023-06-05,9288
2442,新美齊,10,0,10,凱基-埔墘,2023-06-05,9288
2611,志信,10,0,10,凱基-埔墘,2023-06-05,9288
6509,聚和,10,0,10,凱基-埔墘,2023-06-05,9288
8021,尖點,10,0,10,凱基-埔墘,2023-06-05,9288
8937,合騏,10,0,10,凱基-埔墘,2023-06-05,9288
1504,東元,10,1,9,凱基-埔墘,2023-06-05,9288
1529,樂事綠能,9,0,9,凱基-埔墘,2023-06-05,9288
2618,長榮航,16,7,9,凱基-埔墘,2023-06-05,9288
3046,建��,16,7,9,凱基-埔墘,2023-06-05,9288
2888,新光金,3919,3912,7,凱基-埔墘,2023-06-05,9288
2401,凌陽,7,0,7,凱基-埔墘,2023-06-05,9288
3078,僑威,11,4,7,凱基-埔墘,2023-06-05,9288
6417,韋僑,7,0,7,凱基-埔墘,2023-06-05,9288
6443,元晶,7,0,7,凱基-埔墘,2023-06-05,9288
4911,德英,6,0,6,凱基-埔墘,2023-06-05,9288
00919,群益台灣精選高息,5,0,5,凱基-埔墘,2023-06-05,9288
1519,華城,8,3,5,凱基-埔墘,2023-06-05,9288
2369,菱生,5,0,5,凱基-埔墘,2023-06-05,9288
2460,建通,5,0,5,凱基-埔墘,2023-06-05,9288
3265,台星科,5,0,5,凱基-埔墘,2023-06-05,9288
5285,界霖,5,0,5,凱基-埔墘,2023-06-05,9288
4533,協易機,203,3,200,凱基-埔墘,2023-06-06,9288
3231,緯創,117,7,110,凱基-埔墘,2023-06-06,9288
1710,東聯,100,8,92,凱基-埔墘,2023-06-06,9288
2461,光群雷,104,16,88,凱基-埔墘,2023-06-06,9288
2323,中環,100,43,57,凱基-埔墘,2023-06-06,9288
6235,華孚,61,10,51,凱基-埔墘,2023-06-06,9288
8046,南電,49,3,46,凱基-埔墘,2023-06-06,9288
3025,星通,32,0,32,凱基-埔墘,2023-06-06,9288
1616,億泰,30,0,30,凱基-埔墘,2023-06-06,9288
2427,三商電,28,0,28,凱基-埔墘,2023-06-06,9288
2399,映泰,28,2,26,凱基-埔墘,2023-06-06,9288
2881,富邦金,21,0,21,凱基-埔墘,2023-06-06,9288
4906,正文,21,0,21,凱基-埔墘,2023-06-06,9288
5243,乙盛-KY,21,0,21,凱基-埔墘,2023-06-06,9288
1905,華紙,36,16,20,凱基-埔墘,2023-06-06,9288
5864,致和證,20,0,20,凱基-埔墘,2023-06-06,9288
00753L,中信中國50正2,20,1,19,凱基-埔墘,2023-06-06,9288
8011,台通,17,0,17,凱基-埔墘,2023-06-06,9288
2617,台航,16,0,16,凱基-埔墘,2023-06-06,9288
4960,誠美材,16,1,15,凱基-埔墘,2023-06-06,9288
6244,茂迪,13,0,13,凱基-埔墘,2023-06-06,9288
4114,健喬,12,0,12,凱基-埔墘,2023-06-06,9288
00640L,富邦日本正2,12,0,12,凱基-埔墘,2023-06-06,9288
2402,毅嘉,12,0,12,凱基-埔墘,2023-06-06,9288
6456,GIS-KY,12,0,12,凱基-埔墘,2023-06-06,9288
8358,金居,24,12,12,凱基-埔墘,2023-06-06,9288
00632R,元大台灣50反1,11,0,11,凱基-埔墘,2023-06-06,9288
00927,群益半導體收益,11,0,11,凱基-埔墘,2023-06-06,9288
1609,大亞,35,24,11,凱基-埔墘,2023-06-06,9288
3046,建��,11,0,11,凱基-埔墘,2023-06-06,9288
1313,聯成,10,0,10,凱基-埔墘,2023-06-06,9288
2442,新美齊,10,0,10,凱基-埔墘,2023-06-06,9288
2611,志信,30,20,10,凱基-埔墘,2023-06-06,9288
2702,華園,10,0,10,凱基-埔墘,2023-06-06,9288
6596,寬宏藝術,10,1,9,凱基-埔墘,2023-06-06,9288
3078,僑威,11,2,9,凱基-埔墘,2023-06-06,9288
1711,永光,9,0,9,凱基-埔墘,2023-06-06,9288
5530,龍巖,8,0,8,凱基-埔墘,2023-06-06,9288
2498,宏達電,7,0,7,凱基-埔墘,2023-06-06,9288
2489,瑞軒,7,0,7,凱基-埔墘,2023-06-06,9288
2888,新光金,17,10,7,凱基-埔墘,2023-06-06,9288
00680L,元大美債20正2,6,0,6,凱基-埔墘,2023-06-06,9288
2201,裕隆,6,0,6,凱基-埔墘,2023-06-06,9288
3005,神基,6,0,6,凱基-埔墘,2023-06-06,9288
3290,東浦,6,0,6,凱基-埔墘,2023-06-06,9288
3541,西柏,6,0,6,凱基-埔墘,2023-06-06,9288
4726,永昕,6,0,6,凱基-埔墘,2023-06-06,9288
1227,佳格,5,0,5,凱基-埔墘,2023-06-06,9288
2458,義隆,5,0,5,凱基-埔墘,2023-06-06,9288
00645,富邦日本,5,0,5,凱基-埔墘,2023-06-06,9288
00885,富邦越南,82,1,81,凱基-埔墘,2023-06-07,9288
00637L,元大滬深300正2,63,1,62,凱基-埔墘,2023-06-07,9288
1616,億泰,52,0,52,凱基-埔墘,2023-06-07,9288
1710,東聯,51,5,46,凱基-埔墘,2023-06-07,9288
6438,迅得,44,0,44,凱基-埔墘,2023-06-07,9288
00632R,元大台灣50反1,35,0,35,凱基-埔墘,2023-06-07,9288
3003,健和興,31,5,26,凱基-埔墘,2023-06-07,9288
3058,立德,29,3,26,凱基-埔墘,2023-06-07,9288
2461,光群雷,24,0,24,凱基-埔墘,2023-06-07,9288
2376,技嘉,39,17,22,凱基-埔墘,2023-06-07,9288
4533,協易機,30,10,20,凱基-埔墘,2023-06-07,9288
3231,緯創,24,8,16,凱基-埔墘,2023-06-07,9288
6244,茂迪,16,0,16,凱基-埔墘,2023-06-07,9288
2412,中華電,15,0,15,凱基-埔墘,2023-06-07,9288
2402,毅嘉,14,0,14,凱基-埔墘,2023-06-07,9288
6282,康舒,19,6,13,凱基-埔墘,2023-06-07,9288
3234,光環,12,0,12,凱基-埔墘,2023-06-07,9288
00673R,期元大S＆P原油反1,16,5,11,凱基-埔墘,2023-06-07,9288
8033,雷虎,11,0,11,凱基-埔墘,2023-06-07,9288
2328,廣宇,10,0,10,凱基-埔墘,2023-06-07,9288
2610,華航,13,3,10,凱基-埔墘,2023-06-07,9288
2618,長榮航,16,6,10,凱基-埔墘,2023-06-07,9288
3257,虹冠電,10,0,10,凱基-埔墘,2023-06-07,9288
8358,金居,10,0,10,凱基-埔墘,2023-06-07,9288
4207,環泰,22,12,10,凱基-埔墘,2023-06-07,9288
2340,台亞,9,0,9,凱基-埔墘,2023-06-07,9288
3094,聯傑,10,1,9,凱基-埔墘,2023-06-07,9288
00919,群益台灣精選高息,8,0,8,凱基-埔墘,2023-06-07,9288
8027,鈦昇,8,0,8,凱基-埔墘,2023-06-07,9288
8383,千附,11,3,8,凱基-埔墘,2023-06-07,9288
3189,景碩,8,1,7,凱基-埔墘,2023-06-07,9288
3290,東浦,7,0,7,凱基-埔墘,2023-06-07,9288
3711,日月光投控,7,0,7,凱基-埔墘,2023-06-07,9288
00927,群益半導體收益,6,0,6,凱基-埔墘,2023-06-07,9288
00679B,元大美債20年,6,0,6,凱基-埔墘,2023-06-07,9288
00664R,國泰臺灣加權反1,5,0,5,凱基-埔墘,2023-06-07,9288
1464,得力,5,0,5,凱基-埔墘,2023-06-07,9288
1727,中華化,5,0,5,凱基-埔墘,2023-06-07,9288
2387,精元,5,0,5,凱基-埔墘,2023-06-07,9288
2401,凌陽,10,5,5,凱基-埔墘,2023-06-07,9288
2611,志信,5,0,5,凱基-埔墘,2023-06-07,9288
2615,萬海,10,5,5,凱基-埔墘,2023-06-07,9288
3252,海灣,6,1,5,凱基-埔墘,2023-06-07,9288
3551,世禾,5,0,5,凱基-埔墘,2023-06-07,9288
4927,泰鼎-KY,5,0,5,凱基-埔墘,2023-06-07,9288
4979,華星光,23,18,5,凱基-埔墘,2023-06-07,9288
6120,達運,5,0,5,凱基-埔墘,2023-06-07,9288
6830,汎銓,5,0,5,凱基-埔墘,2023-06-07,9288
8299,群聯,6,1,5,凱基-埔墘,2023-06-07,9288
2002,中鋼,10,5,5,凱基-埔墘,2023-06-07,9288
00885,富邦越南,150,0,150,凱基-埔墘,2023-06-08,9288
6223,旺矽,38,1,37,凱基-埔墘,2023-06-08,9288
3576,聯合再生,35,0,35,凱基-埔墘,2023-06-08,9288
4968,立積,33,0,33,凱基-埔墘,2023-06-08,9288
00680L,元大美債20正2,31,0,31,凱基-埔墘,2023-06-08,9288
00671R,富邦NASDAQ反1,30,0,30,凱基-埔墘,2023-06-08,9288
6417,韋僑,30,0,30,凱基-埔墘,2023-06-08,9288
4533,協易機,30,1,29,凱基-埔墘,2023-06-08,9288
1609,大亞,54,27,27,凱基-埔墘,2023-06-08,9288
6438,迅得,27,0,27,凱基-埔墘,2023-06-08,9288
4960,誠美材,326,300,26,凱基-埔墘,2023-06-08,9288
3489,森寶,23,0,23,凱基-埔墘,2023-06-08,9288
6116,彩晶,21,0,21,凱基-埔墘,2023-06-08,9288
2338,光罩,32,12,20,凱基-埔墘,2023-06-08,9288
2376,技嘉,20,2,18,凱基-埔墘,2023-06-08,9288
2344,華邦電,17,0,17,凱基-埔墘,2023-06-08,9288
4979,華星光,23,7,16,凱基-埔墘,2023-06-08,9288
2330,台積電,15,0,15,凱基-埔墘,2023-06-08,9288
2337,旺宏,22,7,15,凱基-埔墘,2023-06-08,9288
2461,光群雷,39,24,15,凱基-埔墘,2023-06-08,9288
3011,今皓,13,0,13,凱基-埔墘,2023-06-08,9288
2383,台光電,16,4,12,凱基-埔墘,2023-06-08,9288
2032,新鋼,10,0,10,凱基-埔墘,2023-06-08,9288
2611,志信,10,0,10,凱基-埔墘,2023-06-08,9288
3346,麗清,10,0,10,凱基-埔墘,2023-06-08,9288
3661,世芯-KY,11,1,10,凱基-埔墘,2023-06-08,9288
2882,國泰金,11,2,9,凱基-埔墘,2023-06-08,9288
1907,永豐餘,10,1,9,凱基-埔墘,2023-06-08,9288
2706,第一店,43,34,9,凱基-埔墘,2023-06-08,9288
6026,福邦證,10,1,9,凱基-埔墘,2023-06-08,9288
5206,坤悅,8,0,8,凱基-埔墘,2023-06-08,9288
8076,伍豐,8,0,8,凱基-埔墘,2023-06-08,9288
2498,宏達電,8,1,7,凱基-埔墘,2023-06-08,9288
3712,永崴投控,7,0,7,凱基-埔墘,2023-06-08,9288
4927,泰鼎-KY,7,0,7,凱基-埔墘,2023-06-08,9288
6276,安鈦克,7,0,7,凱基-埔墘,2023-06-08,9288
2201,裕隆,7,0,7,凱基-埔墘,2023-06-08,9288
2206,三陽工業,10,4,6,凱基-埔墘,2023-06-08,9288
1101,台泥,6,0,6,凱基-埔墘,2023-06-08,9288
2409,友達,6,0,6,凱基-埔墘,2023-06-08,9288
3290,東浦,8,2,6,凱基-埔墘,2023-06-08,9288
3541,西柏,6,0,6,凱基-埔墘,2023-06-08,9288
5371,中光電,7,1,6,凱基-埔墘,2023-06-08,9288
6202,盛群,6,0,6,凱基-埔墘,2023-06-08,9288
6732,昇佳電子,6,0,6,凱基-埔墘,2023-06-08,9288
00645,富邦日本,5,0,5,凱基-埔墘,2023-06-08,9288
00903,富邦元宇宙,5,0,5,凱基-埔墘,2023-06-08,9288
00927,群益半導體收益,5,0,5,凱基-埔墘,2023-06-08,9288
00751B,元大AAA至A公司債,5,0,5,凱基-埔墘,2023-06-08,9288
1529,樂事綠能,10,5,5,凱基-埔墘,2023-06-08,9288
1710,東聯,130,0,130,凱基-埔墘,2023-06-09,9288
1605,華新,62,0,62,凱基-埔墘,2023-06-09,9288
2382,廣達,53,6,47,凱基-埔墘,2023-06-09,9288
2367,燿華,40,0,40,凱基-埔墘,2023-06-09,9288
2867,三商壽,30,0,30,凱基-埔墘,2023-06-09,9288
2611,志信,39,11,28,凱基-埔墘,2023-06-09,9288
1903,士紙,27,0,27,凱基-埔墘,2023-06-09,9288
6414,樺漢,22,1,21,凱基-埔墘,2023-06-09,9288
00919,群益台灣精選高息,20,0,20,凱基-埔墘,2023-06-09,9288
5426,振發,20,0,20,凱基-埔墘,2023-06-09,9288
2388,威盛,21,2,19,凱基-埔墘,2023-06-09,9288
2356,英業達,19,2,17,凱基-埔墘,2023-06-09,9288
3046,建��,17,2,15,凱基-埔墘,2023-06-09,9288
00720B,元大投資級公司債,14,1,13,凱基-埔墘,2023-06-09,9288
2371,大同,13,1,12,凱基-埔墘,2023-06-09,9288
2618,長榮航,16,4,12,凱基-埔墘,2023-06-09,9288
2489,瑞軒,10,0,10,凱基-埔墘,2023-06-09,9288
2617,台航,10,0,10,凱基-埔墘,2023-06-09,9288
3551,世禾,10,0,10,凱基-埔墘,2023-06-09,9288
6224,聚鼎,10,0,10,凱基-埔墘,2023-06-09,9288
6266,泰詠,12,2,10,凱基-埔墘,2023-06-09,9288
3489,森寶,9,0,9,凱基-埔墘,2023-06-09,9288
00679B,元大美債20年,8,0,8,凱基-埔墘,2023-06-09,9288
3038,全台,8,1,7,凱基-埔墘,2023-06-09,9288
1104,環泥,7,0,7,凱基-埔墘,2023-06-09,9288
2201,裕隆,7,0,7,凱基-埔墘,2023-06-09,9288
2482,連宇,18,12,6,凱基-埔墘,2023-06-09,9288
1337,再生-KY,5,0,5,凱基-埔墘,2023-06-09,9288
2002,中鋼,5,0,5,凱基-埔墘,2023-06-09,9288
2337,旺宏,5,0,5,凱基-埔墘,2023-06-09,9288
2340,台亞,5,0,5,凱基-埔墘,2023-06-09,9288
3518,柏騰,5,0,5,凱基-埔墘,2023-06-09,9288
6150,撼訊,8,3,5,凱基-埔墘,2023-06-09,9288
6548,長科*,5,0,5,凱基-埔墘,2023-06-09,9288
1432,大魯閣,5,1,4,凱基-埔墘,2023-06-09,9288
1503,士電,5,1,4,凱基-埔墘,2023-06-09,9288
1513,中興電,4,0,4,凱基-埔墘,2023-06-09,9288
00715L,期街口布蘭特正2,4,0,4,凱基-埔墘,2023-06-09,9288
2451,創見,4,0,4,凱基-埔墘,2023-06-09,9288
2630,亞航,5,1,4,凱基-埔墘,2023-06-09,9288
2888,新光金,12,8,4,凱基-埔墘,2023-06-09,9288
3094,聯傑,7,3,4,凱基-埔墘,2023-06-09,9288
3202,樺晟,4,0,4,凱基-埔墘,2023-06-09,9288
5009,榮剛,7,3,4,凱基-埔墘,2023-06-09,9288
6668,中揚光,4,0,4,凱基-埔墘,2023-06-09,9288
9945,潤泰新,4,0,4,凱基-埔墘,2023-06-09,9288
8046,南電,3,0,3,凱基-埔墘,2023-06-09,9288
00680L,元大美債20正2,3,0,3,凱基-埔墘,2023-06-09,9288
00687B,國泰20年美債,3,0,3,凱基-埔墘,2023-06-09,9288
00916,國泰全球品牌50,3,0,3,凱基-埔墘,2023-06-09,9288
3017,奇鋐,103,6,97,凱基-埔墘,2023-06-12,9288
00919,群益台灣精選高息,72,0,72,凱基-埔墘,2023-06-12,9288
2888,新光金,87,31,56,凱基-埔墘,2023-06-12,9288
2303,聯電,47,1,46,凱基-埔墘,2023-06-12,9288
2356,英業達,52,7,45,凱基-埔墘,2023-06-12,9288
1903,士紙,43,0,43,凱基-埔墘,2023-06-12,9288
2367,燿華,42,0,42,凱基-埔墘,2023-06-12,9288
00929,復華台灣科技優息,34,0,34,凱基-埔墘,2023-06-12,9288
2201,裕隆,29,0,29,凱基-埔墘,2023-06-12,9288
2614,東森,30,1,29,凱基-埔墘,2023-06-12,9288
2515,中工,30,2,28,凱基-埔墘,2023-06-12,9288
00642U,期元大S＆P石油,22,0,22,凱基-埔墘,2023-06-12,9288
1605,華新,22,2,20,凱基-埔墘,2023-06-12,9288
2371,大同,24,5,19,凱基-埔墘,2023-06-12,9288
6531,愛普*,20,1,19,凱基-埔墘,2023-06-12,9288
00895,富邦未來車,15,0,15,凱基-埔墘,2023-06-12,9288
00888,永豐台灣ESG,14,0,14,凱基-埔墘,2023-06-12,9288
2887,台新金,13,0,13,凱基-埔墘,2023-06-12,9288
4979,華星光,19,6,13,凱基-埔墘,2023-06-12,9288
0056,元大高股息,12,0,12,凱基-埔墘,2023-06-12,9288
2206,三陽工業,13,1,12,凱基-埔墘,2023-06-12,9288
5206,坤悅,12,0,12,凱基-埔墘,2023-06-12,9288
8926,台汽電,12,1,11,凱基-埔墘,2023-06-12,9288
6244,茂迪,10,0,10,凱基-埔墘,2023-06-12,9288
00679B,元大美債20年,10,0,10,凱基-埔墘,2023-06-12,9288
4707,磐亞,10,0,10,凱基-埔墘,2023-06-12,9288
6160,欣技,12,2,10,凱基-埔墘,2023-06-12,9288
8383,千附,10,0,10,凱基-埔墘,2023-06-12,9288
4736,泰博,10,1,9,凱基-埔墘,2023-06-12,9288
1609,大亞,13,5,8,凱基-埔墘,2023-06-12,9288
5439,高技,8,0,8,凱基-埔墘,2023-06-12,9288
1524,耿鼎,8,0,8,凱基-埔墘,2023-06-12,9288
8038,長園科,9,1,8,凱基-埔墘,2023-06-12,9288
2801,彰銀,7,0,7,凱基-埔墘,2023-06-12,9288
3094,聯傑,7,0,7,凱基-埔墘,2023-06-12,9288
3231,緯創,10,3,7,凱基-埔墘,2023-06-12,9288
00715L,期街口布蘭特正2,6,0,6,凱基-埔墘,2023-06-12,9288
1612,宏泰,6,0,6,凱基-埔墘,2023-06-12,9288
1904,正隆,6,0,6,凱基-埔墘,2023-06-12,9288
2610,華航,11,5,6,凱基-埔墘,2023-06-12,9288
6679,鈺太,6,0,6,凱基-埔墘,2023-06-12,9288
2618,長榮航,31,26,5,凱基-埔墘,2023-06-12,9288
00664R,國泰臺灣加權反1,5,0,5,凱基-埔墘,2023-06-12,9288
00720B,元大投資級公司債,5,0,5,凱基-埔墘,2023-06-12,9288
00712,復華富時不動產,5,0,5,凱基-埔墘,2023-06-12,9288
00903,富邦元宇宙,5,0,5,凱基-埔墘,2023-06-12,9288
1503,士電,56,51,5,凱基-埔墘,2023-06-12,9288
1718,中纖,5,0,5,凱基-埔墘,2023-06-12,9288
2032,新鋼,5,0,5,凱基-埔墘,2023-06-12,9288
2312,金寶,6,1,5,凱基-埔墘,2023-06-12,9288
5425,台半,226,2,224,凱基-埔墘,2023-06-13,9288
6279,胡連,61,5,56,凱基-埔墘,2023-06-13,9288
00632R,元大台灣50反1,51,0,51,凱基-埔墘,2023-06-13,9288
00642U,期元大S＆P石油,36,1,35,凱基-埔墘,2023-06-13,9288
3033,威健,31,0,31,凱基-埔墘,2023-06-13,9288
2323,中環,140,115,25,凱基-埔墘,2023-06-13,9288
2617,台航,24,0,24,凱基-埔墘,2023-06-13,9288
3207,耀勝,22,0,22,凱基-埔墘,2023-06-13,9288
6167,久正,22,0,22,凱基-埔墘,2023-06-13,9288
1609,大亞,27,5,22,凱基-埔墘,2023-06-13,9288
2206,三陽工業,25,4,21,凱基-埔墘,2023-06-13,9288
8349,�矬�,15,0,15,凱基-埔墘,2023-06-13,9288
2345,智邦,15,1,14,凱基-埔墘,2023-06-13,9288
00715L,期街口布蘭特正2,19,7,12,凱基-埔墘,2023-06-13,9288
2609,陽明,11,0,11,凱基-埔墘,2023-06-13,9288
00888,永豐台灣ESG,10,0,10,凱基-埔墘,2023-06-13,9288
3118,進階,10,0,10,凱基-埔墘,2023-06-13,9288
5206,坤悅,10,0,10,凱基-埔墘,2023-06-13,9288
6243,迅杰,10,0,10,凱基-埔墘,2023-06-13,9288
00679B,元大美債20年,9,0,9,凱基-埔墘,2023-06-13,9288
2303,聯電,26,17,9,凱基-埔墘,2023-06-13,9288
5340,建榮,9,0,9,凱基-埔墘,2023-06-13,9288
2882,國泰金,8,0,8,凱基-埔墘,2023-06-13,9288
3707,漢磊,8,0,8,凱基-埔墘,2023-06-13,9288
8114,振樺電,8,0,8,凱基-埔墘,2023-06-13,9288
1524,耿鼎,13,6,7,凱基-埔墘,2023-06-13,9288
2449,京元電子,14,7,7,凱基-埔墘,2023-06-13,9288
00795B,中信美國公債20年,6,0,6,凱基-埔墘,2023-06-13,9288
2002,中鋼,6,0,6,凱基-埔墘,2023-06-13,9288
2367,燿華,6,0,6,凱基-埔墘,2023-06-13,9288
3673,TPK-KY,6,0,6,凱基-埔墘,2023-06-13,9288
8050,廣積,6,0,6,凱基-埔墘,2023-06-13,9288
3037,欣興,12,6,6,凱基-埔墘,2023-06-13,9288
1560,中砂,8,3,5,凱基-埔墘,2023-06-13,9288
2010,春源,5,0,5,凱基-埔墘,2023-06-13,9288
2812,台中銀,5,0,5,凱基-埔墘,2023-06-13,9288
2897,王道銀行,5,0,5,凱基-埔墘,2023-06-13,9288
4207,環泰,5,0,5,凱基-埔墘,2023-06-13,9288
4919,新唐,10,5,5,凱基-埔墘,2023-06-13,9288
5285,界霖,5,0,5,凱基-埔墘,2023-06-13,9288
6574,霈方,5,0,5,凱基-埔墘,2023-06-13,9288
00713,元大台灣高息低波,10,5,5,凱基-埔墘,2023-06-13,9288
3576,聯合再生,8,4,4,凱基-埔墘,2023-06-13,9288
00720B,元大投資級公司債,4,0,4,凱基-埔墘,2023-06-13,9288
1533,車王電,7,3,4,凱基-埔墘,2023-06-13,9288
1710,東聯,4,0,4,凱基-埔墘,2023-06-13,9288
2457,飛宏,7,3,4,凱基-埔墘,2023-06-13,9288
2731,雄獅,8,4,4,凱基-埔墘,2023-06-13,9288
2945,三商家購,4,0,4,凱基-埔墘,2023-06-13,9288
3078,僑威,15,11,4,凱基-埔墘,2023-06-13,9288
2610,華航,307,126,181,凱基-埔墘,2023-06-14,9288
6122,擎邦,85,11,74,凱基-埔墘,2023-06-14,9288
00919,群益台灣精選高息,70,0,70,凱基-埔墘,2023-06-14,9288
00679B,元大美債20年,60,0,60,凱基-埔墘,2023-06-14,9288
00715L,期街口布蘭特正2,68,9,59,凱基-埔墘,2023-06-14,9288
6167,久正,61,21,40,凱基-埔墘,2023-06-14,9288
2105,正新,30,0,30,凱基-埔墘,2023-06-14,9288
2888,新光金,26,0,26,凱基-埔墘,2023-06-14,9288
2617,台航,24,0,24,凱基-埔墘,2023-06-14,9288
1605,華新,21,1,20,凱基-埔墘,2023-06-14,9288
2845,遠東銀,20,0,20,凱基-埔墘,2023-06-14,9288
4564,元翎,20,0,20,凱基-埔墘,2023-06-14,9288
1609,大亞,21,1,20,凱基-埔墘,2023-06-14,9288
2376,技嘉,20,1,19,凱基-埔墘,2023-06-14,9288
2330,台積電,17,1,16,凱基-埔墘,2023-06-14,9288
00687B,國泰20年美債,16,0,16,凱基-埔墘,2023-06-14,9288
2908,特力,15,0,15,凱基-埔墘,2023-06-14,9288
6770,力積電,15,0,15,凱基-埔墘,2023-06-14,9288
1503,士電,56,43,13,凱基-埔墘,2023-06-14,9288
2356,英業達,35,23,12,凱基-埔墘,2023-06-14,9288
5324,士開,13,1,12,凱基-埔墘,2023-06-14,9288
9945,潤泰新,11,0,11,凱基-埔墘,2023-06-14,9288
00671R,富邦NASDAQ反1,10,0,10,凱基-埔墘,2023-06-14,9288
1608,華榮,10,0,10,凱基-埔墘,2023-06-14,9288
1611,中電,10,0,10,凱基-埔墘,2023-06-14,9288
1905,華紙,10,0,10,凱基-埔墘,2023-06-14,9288
2352,佳世達,10,0,10,凱基-埔墘,2023-06-14,9288
2601,益航,10,0,10,凱基-埔墘,2023-06-14,9288
2801,彰銀,10,0,10,凱基-埔墘,2023-06-14,9288
3043,科風,10,0,10,凱基-埔墘,2023-06-14,9288
4552,力達-KY,10,0,10,凱基-埔墘,2023-06-14,9288
8390,金益鼎,10,0,10,凱基-埔墘,2023-06-14,9288
5285,界霖,10,1,9,凱基-埔墘,2023-06-14,9288
1522,堤維西,25,17,8,凱基-埔墘,2023-06-14,9288
1907,永豐餘,11,3,8,凱基-埔墘,2023-06-14,9288
5426,振發,8,0,8,凱基-埔墘,2023-06-14,9288
00857B,永豐20年美公債,7,0,7,凱基-埔墘,2023-06-14,9288
2915,潤泰全,7,0,7,凱基-埔墘,2023-06-14,9288
9907,統一實,7,0,7,凱基-埔墘,2023-06-14,9288
00680L,元大美債20正2,6,0,6,凱基-埔墘,2023-06-14,9288
2705,六福,8,2,6,凱基-埔墘,2023-06-14,9288
6446,藥華藥,16,10,6,凱基-埔墘,2023-06-14,9288
8087,麗升能源,6,0,6,凱基-埔墘,2023-06-14,9288
8454,富邦媒,6,0,6,凱基-埔墘,2023-06-14,9288
3264,欣銓,5,0,5,凱基-埔墘,2023-06-14,9288
5483,中美晶,5,0,5,凱基-埔墘,2023-06-14,9288
00720B,元大投資級公司債,5,0,5,凱基-埔墘,2023-06-14,9288
00795B,中信美國公債20年,5,0,5,凱基-埔墘,2023-06-14,9288
1709,和益,5,0,5,凱基-埔墘,2023-06-14,9288
2436,偉詮電,5,0,5,凱基-埔墘,2023-06-14,9288
4526,東台,140,0,140,凱基-埔墘,2023-06-15,9288
2323,中環,180,70,110,凱基-埔墘,2023-06-15,9288
4938,和碩,60,0,60,凱基-埔墘,2023-06-15,9288
1444,力麗,50,0,50,凱基-埔墘,2023-06-15,9288
00907,永豐優息存股,50,0,50,凱基-埔墘,2023-06-15,9288
00715L,期街口布蘭特正2,45,0,45,凱基-埔墘,2023-06-15,9288
1528,恩德,54,10,44,凱基-埔墘,2023-06-15,9288
2888,新光金,33,0,33,凱基-埔墘,2023-06-15,9288
2317,鴻海,31,0,31,凱基-埔墘,2023-06-15,9288
6167,久正,25,0,25,凱基-埔墘,2023-06-15,9288
1522,堤維西,26,3,23,凱基-埔墘,2023-06-15,9288
3264,欣銓,26,5,21,凱基-埔墘,2023-06-15,9288
00671R,富邦NASDAQ反1,20,0,20,凱基-埔墘,2023-06-15,9288
2105,正新,20,0,20,凱基-埔墘,2023-06-15,9288
5530,龍巖,20,0,20,凱基-埔墘,2023-06-15,9288
1711,永光,16,0,16,凱基-埔墘,2023-06-15,9288
2405,輔信,16,0,16,凱基-埔墘,2023-06-15,9288
3016,嘉晶,15,0,15,凱基-埔墘,2023-06-15,9288
2376,技嘉,19,5,14,凱基-埔墘,2023-06-15,9288
00919,群益台灣精選高息,13,0,13,凱基-埔墘,2023-06-15,9288
8076,伍豐,72,60,12,凱基-埔墘,2023-06-15,9288
1402,遠東新,10,0,10,凱基-埔墘,2023-06-15,9288
1540,喬福,10,0,10,凱基-埔墘,2023-06-15,9288
3701,大眾控,10,0,10,凱基-埔墘,2023-06-15,9288
4552,力達-KY,10,0,10,凱基-埔墘,2023-06-15,9288
2331,精英,10,1,9,凱基-埔墘,2023-06-15,9288
2352,佳世達,12,3,9,凱基-埔墘,2023-06-15,9288
5340,建榮,10,1,9,凱基-埔墘,2023-06-15,9288
5351,鈺創,9,0,9,凱基-埔墘,2023-06-15,9288
2886,兆豐金,11,2,9,凱基-埔墘,2023-06-15,9288
2314,台揚,8,0,8,凱基-埔墘,2023-06-15,9288
2468,華經,10,2,8,凱基-埔墘,2023-06-15,9288
2618,長榮航,288,280,8,凱基-埔墘,2023-06-15,9288
3189,景碩,8,0,8,凱基-埔墘,2023-06-15,9288
3673,TPK-KY,8,0,8,凱基-埔墘,2023-06-15,9288
6282,康舒,37,29,8,凱基-埔墘,2023-06-15,9288
8028,昇陽半導體,9,1,8,凱基-埔墘,2023-06-15,9288
1710,東聯,7,0,7,凱基-埔墘,2023-06-15,9288
3231,緯創,9,2,7,凱基-埔墘,2023-06-15,9288
00680L,元大美債20正2,6,0,6,凱基-埔墘,2023-06-15,9288
1514,亞力,8,2,6,凱基-埔墘,2023-06-15,9288
3710,連展投控,7,1,6,凱基-埔墘,2023-06-15,9288
8033,雷虎,6,0,6,凱基-埔墘,2023-06-15,9288
8926,台汽電,11,5,6,凱基-埔墘,2023-06-15,9288
6770,力積電,8,2,6,凱基-埔墘,2023-06-15,9288
3046,建��,5,0,5,凱基-埔墘,2023-06-15,9288
4566,時碩工業,5,0,5,凱基-埔墘,2023-06-15,9288
8086,宏捷科,6,1,5,凱基-埔墘,2023-06-15,9288
1326,台化,4,0,4,凱基-埔墘,2023-06-15,9288
3481,群創,5,1,4,凱基-埔墘,2023-06-15,9288
2618,長榮航,182,44,138,凱基-埔墘,2023-06-16,9288
2883,凱基金,94,0,94,凱基-埔墘,2023-06-16,9288
1609,大亞,124,68,56,凱基-埔墘,2023-06-16,9288
00830,國泰費城半導體,53,0,53,凱基-埔墘,2023-06-16,9288
6288,聯嘉,40,0,40,凱基-埔墘,2023-06-16,9288
3264,欣銓,38,0,38,凱基-埔墘,2023-06-16,9288
1605,華新,46,14,32,凱基-埔墘,2023-06-16,9288
2888,新光金,32,0,32,凱基-埔墘,2023-06-16,9288
00919,群益台灣精選高息,27,0,27,凱基-埔墘,2023-06-16,9288
2382,廣達,36,9,27,凱基-埔墘,2023-06-16,9288
1616,億泰,26,0,26,凱基-埔墘,2023-06-16,9288
2105,正新,25,0,25,凱基-埔墘,2023-06-16,9288
5483,中美晶,25,1,24,凱基-埔墘,2023-06-16,9288
6235,華孚,27,3,24,凱基-埔墘,2023-06-16,9288
1711,永光,23,0,23,凱基-埔墘,2023-06-16,9288
1611,中電,21,0,21,凱基-埔墘,2023-06-16,9288
2317,鴻海,22,2,20,凱基-埔墘,2023-06-16,9288
00671R,富邦NASDAQ反1,18,0,18,凱基-埔墘,2023-06-16,9288
2402,毅嘉,17,0,17,凱基-埔墘,2023-06-16,9288
2330,台積電,18,1,17,凱基-埔墘,2023-06-16,9288
6167,久正,15,0,15,凱基-埔墘,2023-06-16,9288
6282,康舒,16,1,15,凱基-埔墘,2023-06-16,9288
2404,漢唐,14,1,13,凱基-埔墘,2023-06-16,9288
6223,旺矽,13,0,13,凱基-埔墘,2023-06-16,9288
0056,元大高股息,13,1,12,凱基-埔墘,2023-06-16,9288
2913,農林,12,1,11,凱基-埔墘,2023-06-16,9288
2106,建大,10,0,10,凱基-埔墘,2023-06-16,9288
3002,歐格,10,0,10,凱基-埔墘,2023-06-16,9288
4160,訊聯基因,10,0,10,凱基-埔墘,2023-06-16,9288
5309,系統電,10,0,10,凱基-埔墘,2023-06-16,9288
6461,益得,10,0,10,凱基-埔墘,2023-06-16,9288
6841,長佳智能,10,0,10,凱基-埔墘,2023-06-16,9288
2882,國泰金,9,0,9,凱基-埔墘,2023-06-16,9288
2014,中鴻,9,0,9,凱基-埔墘,2023-06-16,9288
00679B,元大美債20年,8,0,8,凱基-埔墘,2023-06-16,9288
00878,國泰永續高股息,15,8,7,凱基-埔墘,2023-06-16,9288
1802,台玻,14,7,7,凱基-埔墘,2023-06-16,9288
2345,智邦,7,0,7,凱基-埔墘,2023-06-16,9288
2515,中工,10,3,7,凱基-埔墘,2023-06-16,9288
4401,東隆興,7,0,7,凱基-埔墘,2023-06-16,9288
1529,樂事綠能,8,2,6,凱基-埔墘,2023-06-16,9288
3024,憶聲,6,0,6,凱基-埔墘,2023-06-16,9288
3324,雙鴻,8,2,6,凱基-埔墘,2023-06-16,9288
6016,康和證,6,0,6,凱基-埔墘,2023-06-16,9288
2201,裕隆,10,4,6,凱基-埔墘,2023-06-16,9288
6244,茂迪,31,26,5,凱基-埔墘,2023-06-16,9288
2301,光寶科,6,1,5,凱基-埔墘,2023-06-16,9288
1477,聚陽,6,1,5,凱基-埔墘,2023-06-16,9288
1815,富喬,5,0,5,凱基-埔墘,2023-06-16,9288
2344,華邦電,6,1,5,凱基-埔墘,2023-06-16,9288
2371,大同,94,29,65,凱基-埔墘,2023-06-19,9288
1513,中興電,68,19,49,凱基-埔墘,2023-06-19,9288
2610,華航,113,71,42,凱基-埔墘,2023-06-19,9288
6120,達運,58,18,40,凱基-埔墘,2023-06-19,9288
00637L,元大滬深300正2,36,0,36,凱基-埔墘,2023-06-19,9288
1464,得力,30,0,30,凱基-埔墘,2023-06-19,9288
9110,越南控-DR,25,0,25,凱基-埔墘,2023-06-19,9288
6282,康舒,26,4,22,凱基-埔墘,2023-06-19,9288
3217,優群,21,1,20,凱基-埔墘,2023-06-19,9288
6288,聯嘉,20,0,20,凱基-埔墘,2023-06-19,9288
3213,茂訊,20,0,20,凱基-埔墘,2023-06-19,9288
1609,大亞,50,33,17,凱基-埔墘,2023-06-19,9288
1503,士電,24,8,16,凱基-埔墘,2023-06-19,9288
3231,緯創,28,14,14,凱基-埔墘,2023-06-19,9288
1528,恩德,52,39,13,凱基-埔墘,2023-06-19,9288
2312,金寶,13,0,13,凱基-埔墘,2023-06-19,9288
00919,群益台灣精選高息,12,0,12,凱基-埔墘,2023-06-19,9288
1907,永豐餘,10,0,10,凱基-埔墘,2023-06-19,9288
2014,中鴻,10,0,10,凱基-埔墘,2023-06-19,9288
2353,宏��,13,3,10,凱基-埔墘,2023-06-19,9288
6167,久正,10,0,10,凱基-埔墘,2023-06-19,9288
6265,方土昶,10,0,10,凱基-埔墘,2023-06-19,9288
2324,仁寶,18,9,9,凱基-埔墘,2023-06-19,9288
1504,東元,16,7,9,凱基-埔墘,2023-06-19,9288
2421,建準,9,0,9,凱基-埔墘,2023-06-19,9288
8271,宇瞻,9,0,9,凱基-埔墘,2023-06-19,9288
00878,國泰永續高股息,8,0,8,凱基-埔墘,2023-06-19,9288
4967,十銓,55,47,8,凱基-埔墘,2023-06-19,9288
0056,元大高股息,10,3,7,凱基-埔墘,2023-06-19,9288
00715L,期街口布蘭特正2,16,9,7,凱基-埔墘,2023-06-19,9288
1524,耿鼎,7,0,7,凱基-埔墘,2023-06-19,9288
2645,長榮航太,7,0,7,凱基-埔墘,2023-06-19,9288
2382,廣達,8,2,6,凱基-埔墘,2023-06-19,9288
1713,國化,7,1,6,凱基-埔墘,2023-06-19,9288
1734,杏輝,6,0,6,凱基-埔墘,2023-06-19,9288
2208,台船,6,0,6,凱基-埔墘,2023-06-19,9288
2376,技嘉,6,0,6,凱基-埔墘,2023-06-19,9288
3006,晶豪科,6,0,6,凱基-埔墘,2023-06-19,9288
3163,波若威,6,0,6,凱基-埔墘,2023-06-19,9288
00882,中信中國高股息,6,0,6,凱基-埔墘,2023-06-19,9288
6244,茂迪,5,0,5,凱基-埔墘,2023-06-19,9288
1536,和大,5,0,5,凱基-埔墘,2023-06-19,9288
1519,華城,15,10,5,凱基-埔墘,2023-06-19,9288
00696B,富邦美債20年,5,0,5,凱基-埔墘,2023-06-19,9288
00687B,國泰20年美債,5,0,5,凱基-埔墘,2023-06-19,9288
00795B,中信美國公債20年,5,0,5,凱基-埔墘,2023-06-19,9288
00753L,中信中國50正2,5,0,5,凱基-埔墘,2023-06-19,9288
00673R,期元大S＆P原油反1,5,0,5,凱基-埔墘,2023-06-19,9288
2201,裕隆,5,0,5,凱基-埔墘,2023-06-19,9288
2545,皇翔,10,5,5,凱基-埔墘,2023-06-19,9288
1528,恩德,73,37,36,凱基-埔墘,2023-06-20,9288
1464,得力,30,0,30,凱基-埔墘,2023-06-20,9288
4306,炎洲,30,0,30,凱基-埔墘,2023-06-20,9288
4510,高鋒,30,0,30,凱基-埔墘,2023-06-20,9288
2610,華航,30,3,27,凱基-埔墘,2023-06-20,9288
1471,首利,25,0,25,凱基-埔墘,2023-06-20,9288
5340,建榮,30,6,24,凱基-埔墘,2023-06-20,9288
1905,華紙,25,2,23,凱基-埔墘,2023-06-20,9288
00715L,期街口布蘭特正2,35,13,22,凱基-埔墘,2023-06-20,9288
2206,三陽工業,24,2,22,凱基-埔墘,2023-06-20,9288
1714,和桐,20,0,20,凱基-埔墘,2023-06-20,9288
6182,合晶,20,0,20,凱基-埔墘,2023-06-20,9288
8021,尖點,20,0,20,凱基-埔墘,2023-06-20,9288
6235,華孚,20,1,19,凱基-埔墘,2023-06-20,9288
00680L,元大美債20正2,16,0,16,凱基-埔墘,2023-06-20,9288
1710,東聯,21,5,16,凱基-埔墘,2023-06-20,9288
2545,皇翔,15,0,15,凱基-埔墘,2023-06-20,9288
2454,聯發科,26,12,14,凱基-埔墘,2023-06-20,9288
2618,長榮航,29,15,14,凱基-埔墘,2023-06-20,9288
6217,中探針,10,0,10,凱基-埔墘,2023-06-20,9288
2412,中華電,10,0,10,凱基-埔墘,2023-06-20,9288
2883,凱基金,10,0,10,凱基-埔墘,2023-06-20,9288
6114,久威,10,0,10,凱基-埔墘,2023-06-20,9288
9110,越南控-DR,10,0,10,凱基-埔墘,2023-06-20,9288
3652,精聯,9,0,9,凱基-埔墘,2023-06-20,9288
2399,映泰,10,1,9,凱基-埔墘,2023-06-20,9288
2482,連宇,12,5,7,凱基-埔墘,2023-06-20,9288
00706L,期元大S＆P日圓正2,6,0,6,凱基-埔墘,2023-06-20,9288
3324,雙鴻,14,8,6,凱基-埔墘,2023-06-20,9288
4160,訊聯基因,6,0,6,凱基-埔墘,2023-06-20,9288
5285,界霖,6,0,6,凱基-埔墘,2023-06-20,9288
6111,大宇資,21,15,6,凱基-埔墘,2023-06-20,9288
2603,長榮,7,1,6,凱基-埔墘,2023-06-20,9288
1229,聯華,6,0,6,凱基-埔墘,2023-06-20,9288
1504,東元,16,11,5,凱基-埔墘,2023-06-20,9288
00753L,中信中國50正2,5,0,5,凱基-埔墘,2023-06-20,9288
2014,中鴻,5,0,5,凱基-埔墘,2023-06-20,9288
2049,上銀,5,0,5,凱基-埔墘,2023-06-20,9288
2413,環科,5,0,5,凱基-埔墘,2023-06-20,9288
2495,普安,5,0,5,凱基-埔墘,2023-06-20,9288
2722,夏都,5,0,5,凱基-埔墘,2023-06-20,9288
2867,三商壽,5,0,5,凱基-埔墘,2023-06-20,9288
2897,王道銀行,5,0,5,凱基-埔墘,2023-06-20,9288
3041,揚智,5,0,5,凱基-埔墘,2023-06-20,9288
3682,亞太電,5,0,5,凱基-埔墘,2023-06-20,9288
5289,宜鼎,5,0,5,凱基-埔墘,2023-06-20,9288
5905,南仁湖,5,0,5,凱基-埔墘,2023-06-20,9288
6026,福邦證,5,0,5,凱基-埔墘,2023-06-20,9288
6224,聚鼎,5,0,5,凱基-埔墘,2023-06-20,9288
6279,胡連,5,0,5,凱基-埔墘,2023-06-20,9288
2323,中環,112,32,80,凱基-埔墘,2023-06-21,9288
3045,台灣大,47,0,47,凱基-埔墘,2023-06-21,9288
3025,星通,43,15,28,凱基-埔墘,2023-06-21,9288
6120,達運,33,6,27,凱基-埔墘,2023-06-21,9288
3706,神達,25,1,24,凱基-埔墘,2023-06-21,9288
6125,廣運,24,0,24,凱基-埔墘,2023-06-21,9288
2427,三商電,31,9,22,凱基-埔墘,2023-06-21,9288
2637,慧洋-KY,16,0,16,凱基-埔墘,2023-06-21,9288
3042,晶技,16,0,16,凱基-埔墘,2023-06-21,9288
2357,華碩,15,0,15,凱基-埔墘,2023-06-21,9288
2371,大同,54,39,15,凱基-埔墘,2023-06-21,9288
6224,聚鼎,15,0,15,凱基-埔墘,2023-06-21,9288
1528,恩德,14,1,13,凱基-埔墘,2023-06-21,9288
00650L,復華香港正2,12,0,12,凱基-埔墘,2023-06-21,9288
2453,凌群,16,4,12,凱基-埔墘,2023-06-21,9288
00929,復華台灣科技優息,11,0,11,凱基-埔墘,2023-06-21,9288
1802,台玻,11,0,11,凱基-埔墘,2023-06-21,9288
2883,凱基金,12,1,11,凱基-埔墘,2023-06-21,9288
3013,晟銘電,15,4,11,凱基-埔墘,2023-06-21,9288
5484,慧友,11,0,11,凱基-埔墘,2023-06-21,9288
00888,永豐台灣ESG,10,0,10,凱基-埔墘,2023-06-21,9288
2545,皇翔,10,0,10,凱基-埔墘,2023-06-21,9288
2515,中工,10,1,9,凱基-埔墘,2023-06-21,9288
00706L,期元大S＆P日圓正2,8,0,8,凱基-埔墘,2023-06-21,9288
2454,聯發科,8,0,8,凱基-埔墘,2023-06-21,9288
3265,台星科,7,0,7,凱基-埔墘,2023-06-21,9288
8033,雷虎,7,0,7,凱基-埔墘,2023-06-21,9288
1815,富喬,6,0,6,凱基-埔墘,2023-06-21,9288
2344,華邦電,10,4,6,凱基-埔墘,2023-06-21,9288
2888,新光金,6,0,6,凱基-埔墘,2023-06-21,9288
2884,玉山金,5,0,5,凱基-埔墘,2023-06-21,9288
2498,宏達電,10,5,5,凱基-埔墘,2023-06-21,9288
3071,協禧,5,0,5,凱基-埔墘,2023-06-21,9288
3687,歐買尬,8,3,5,凱基-埔墘,2023-06-21,9288
4160,訊聯基因,5,0,5,凱基-埔墘,2023-06-21,9288
5907,大洋-KY,5,0,5,凱基-埔墘,2023-06-21,9288
2230,泰茂,6,1,5,凱基-埔墘,2023-06-21,9288
2615,萬海,4,0,4,凱基-埔墘,2023-06-21,9288
1416,廣豐,4,0,4,凱基-埔墘,2023-06-21,9288
1319,東陽,6,2,4,凱基-埔墘,2023-06-21,9288
2337,旺宏,4,0,4,凱基-埔墘,2023-06-21,9288
2352,佳世達,14,10,4,凱基-埔墘,2023-06-21,9288
2705,六福,45,41,4,凱基-埔墘,2023-06-21,9288
3521,鴻翊,4,0,4,凱基-埔墘,2023-06-21,9288
4916,事欣科,5,1,4,凱基-埔墘,2023-06-21,9288
6290,良維,4,0,4,凱基-埔墘,2023-06-21,9288
3231,緯創,43,39,4,凱基-埔墘,2023-06-21,9288
5871,中租-KY,4,1,3,凱基-埔墘,2023-06-21,9288
2105,正新,7,4,3,凱基-埔墘,2023-06-21,9288
2305,全友,3,0,3,凱基-埔墘,2023-06-21,9288
4510,高鋒,110,1,109,凱基-埔墘,2023-06-26,9288
00830,國泰費城半導體,53,0,53,凱基-埔墘,2023-06-26,9288
2323,中環,56,5,51,凱基-埔墘,2023-06-26,9288
5484,慧友,31,0,31,凱基-埔墘,2023-06-26,9288
1909,榮成,28,0,28,凱基-埔墘,2023-06-26,9288
00637L,元大滬深300正2,29,4,25,凱基-埔墘,2023-06-26,9288
6282,康舒,25,0,25,凱基-埔墘,2023-06-26,9288
2412,中華電,16,0,16,凱基-埔墘,2023-06-26,9288
1528,恩德,25,10,15,凱基-埔墘,2023-06-26,9288
2357,華碩,15,0,15,凱基-埔墘,2023-06-26,9288
2548,華固,14,0,14,凱基-埔墘,2023-06-26,9288
1337,再生-KY,21,9,12,凱基-埔墘,2023-06-26,9288
2338,光罩,14,2,12,凱基-埔墘,2023-06-26,9288
00882,中信中國高股息,11,0,11,凱基-埔墘,2023-06-26,9288
2312,金寶,11,0,11,凱基-埔墘,2023-06-26,9288
00753L,中信中國50正2,10,0,10,凱基-埔墘,2023-06-26,9288
2606,裕民,10,0,10,凱基-埔墘,2023-06-26,9288
3265,台星科,10,0,10,凱基-埔墘,2023-06-26,9288
6166,凌華,10,0,10,凱基-埔墘,2023-06-26,9288
6441,廣錠,10,0,10,凱基-埔墘,2023-06-26,9288
2610,華航,18,9,9,凱基-埔墘,2023-06-26,9288
3231,緯創,19,10,9,凱基-埔墘,2023-06-26,9288
2498,宏達電,9,0,9,凱基-埔墘,2023-06-26,9288
5425,台半,9,0,9,凱基-埔墘,2023-06-26,9288
1524,耿鼎,6,0,6,凱基-埔墘,2023-06-26,9288
00903,富邦元宇宙,6,0,6,凱基-埔墘,2023-06-26,9288
2303,聯電,8,2,6,凱基-埔墘,2023-06-26,9288
2453,凌群,11,5,6,凱基-埔墘,2023-06-26,9288
3094,聯傑,6,0,6,凱基-埔墘,2023-06-26,9288
6026,福邦證,6,0,6,凱基-埔墘,2023-06-26,9288
6461,益得,6,0,6,凱基-埔墘,2023-06-26,9288
8926,台汽電,7,1,6,凱基-埔墘,2023-06-26,9288
2332,友訊,6,0,6,凱基-埔墘,2023-06-26,9288
00712,復華富時不動產,5,0,5,凱基-埔墘,2023-06-26,9288
1471,首利,5,0,5,凱基-埔墘,2023-06-26,9288
00715L,期街口布蘭特正2,6,1,5,凱基-埔墘,2023-06-26,9288
2365,昆盈,5,0,5,凱基-埔墘,2023-06-26,9288
2634,漢翔,14,9,5,凱基-埔墘,2023-06-26,9288
2637,慧洋-KY,5,0,5,凱基-埔墘,2023-06-26,9288
3016,嘉晶,5,0,5,凱基-埔墘,2023-06-26,9288
3324,雙鴻,6,1,5,凱基-埔墘,2023-06-26,9288
5351,鈺創,5,0,5,凱基-埔墘,2023-06-26,9288
1605,華新,6,1,5,凱基-埔墘,2023-06-26,9288
3037,欣興,5,1,4,凱基-埔墘,2023-06-26,9288
1802,台玻,4,0,4,凱基-埔墘,2023-06-26,9288
2356,英業達,4,0,4,凱基-埔墘,2023-06-26,9288
2405,輔信,4,0,4,凱基-埔墘,2023-06-26,9288
2884,玉山金,5,1,4,凱基-埔墘,2023-06-26,9288
3032,偉訓,6,2,4,凱基-埔墘,2023-06-26,9288
3046,建��,4,0,4,凱基-埔墘,2023-06-26,9288
3035,智原,125,5,120,凱基-埔墘,2023-06-27,9288
00715L,期街口布蘭特正2,80,0,80,凱基-埔墘,2023-06-27,9288
2323,中環,126,67,59,凱基-埔墘,2023-06-27,9288
4164,承業醫,49,0,49,凱基-埔墘,2023-06-27,9288
3234,光環,35,0,35,凱基-埔墘,2023-06-27,9288
2888,新光金,30,0,30,凱基-埔墘,2023-06-27,9288
2883,凱基金,25,0,25,凱基-埔墘,2023-06-27,9288
3051,力特,24,0,24,凱基-埔墘,2023-06-27,9288
1907,永豐餘,30,8,22,凱基-埔墘,2023-06-27,9288
2453,凌群,21,0,21,凱基-埔墘,2023-06-27,9288
2409,友達,19,0,19,凱基-埔墘,2023-06-27,9288
2427,三商電,23,5,18,凱基-埔墘,2023-06-27,9288
2303,聯電,20,3,17,凱基-埔墘,2023-06-27,9288
2504,國產,17,0,17,凱基-埔墘,2023-06-27,9288
1503,士電,48,32,16,凱基-埔墘,2023-06-27,9288
2317,鴻海,25,9,16,凱基-埔墘,2023-06-27,9288
00893,國泰智能電動車,15,0,15,凱基-埔墘,2023-06-27,9288
3372,典範,15,0,15,凱基-埔墘,2023-06-27,9288
3481,群創,16,2,14,凱基-埔墘,2023-06-27,9288
6180,橘子,18,4,14,凱基-埔墘,2023-06-27,9288
4503,金雨,14,1,13,凱基-埔墘,2023-06-27,9288
00888,永豐台灣ESG,11,0,11,凱基-埔墘,2023-06-27,9288
1609,大亞,15,4,11,凱基-埔墘,2023-06-27,9288
2498,宏達電,10,0,10,凱基-埔墘,2023-06-27,9288
2892,第一金,10,0,10,凱基-埔墘,2023-06-27,9288
4510,高鋒,10,0,10,凱基-埔墘,2023-06-27,9288
5864,致和證,10,0,10,凱基-埔墘,2023-06-27,9288
2630,亞航,9,0,9,凱基-埔墘,2023-06-27,9288
0056,元大高股息,21,12,9,凱基-埔墘,2023-06-27,9288
00919,群益台灣精選高息,8,0,8,凱基-埔墘,2023-06-27,9288
3038,全台,10,2,8,凱基-埔墘,2023-06-27,9288
5484,慧友,8,0,8,凱基-埔墘,2023-06-27,9288
6015,宏遠證,8,0,8,凱基-埔墘,2023-06-27,9288
1905,華紙,9,2,7,凱基-埔墘,2023-06-27,9288
00900,富邦特選高股息30,6,0,6,凱基-埔墘,2023-06-27,9288
2884,玉山金,7,1,6,凱基-埔墘,2023-06-27,9288
00929,復華台灣科技優息,6,0,6,凱基-埔墘,2023-06-27,9288
1605,華新,11,5,6,凱基-埔墘,2023-06-27,9288
1612,宏泰,6,0,6,凱基-埔墘,2023-06-27,9288
3042,晶技,6,0,6,凱基-埔墘,2023-06-27,9288
4106,雃博,6,0,6,凱基-埔墘,2023-06-27,9288
1301,台塑,6,0,6,凱基-埔墘,2023-06-27,9288
2236,百達-KY,5,0,5,凱基-埔墘,2023-06-27,9288
2371,大同,10,5,5,凱基-埔墘,2023-06-27,9288
3083,網龍,6,1,5,凱基-埔墘,2023-06-27,9288
4114,健喬,5,0,5,凱基-埔墘,2023-06-27,9288
4919,新唐,5,0,5,凱基-埔墘,2023-06-27,9288
4967,十銓,7,2,5,凱基-埔墘,2023-06-27,9288
6182,合晶,7,2,5,凱基-埔墘,2023-06-27,9288
6695,芯鼎,5,0,5,凱基-埔墘,2023-06-27,9288
6125,廣運,633,0,633,凱基-埔墘,2023-06-28,9288
2903,遠百,66,0,66,凱基-埔墘,2023-06-28,9288
4164,承業醫,62,34,28,凱基-埔墘,2023-06-28,9288
1471,首利,25,0,25,凱基-埔墘,2023-06-28,9288
1444,力麗,21,0,21,凱基-埔墘,2023-06-28,9288
1714,和桐,20,0,20,凱基-埔墘,2023-06-28,9288
4564,元翎,20,0,20,凱基-埔墘,2023-06-28,9288
8076,伍豐,20,0,20,凱基-埔墘,2023-06-28,9288
2323,中環,102,83,19,凱基-埔墘,2023-06-28,9288
2834,臺企銀,19,0,19,凱基-埔墘,2023-06-28,9288
1605,華新,21,3,18,凱基-埔墘,2023-06-28,9288
2313,華通,15,0,15,凱基-埔墘,2023-06-28,9288
3706,神達,17,4,13,凱基-埔墘,2023-06-28,9288
3481,群創,16,4,12,凱基-埔墘,2023-06-28,9288
00650L,復華香港正2,14,2,12,凱基-埔墘,2023-06-28,9288
3231,緯創,31,19,12,凱基-埔墘,2023-06-28,9288
3035,智原,15,5,10,凱基-埔墘,2023-06-28,9288
1611,中電,10,0,10,凱基-埔墘,2023-06-28,9288
2236,百達-KY,10,0,10,凱基-埔墘,2023-06-28,9288
2371,大同,29,19,10,凱基-埔墘,2023-06-28,9288
2504,國產,10,0,10,凱基-埔墘,2023-06-28,9288
3703,欣陸,10,0,10,凱基-埔墘,2023-06-28,9288
6138,茂達,10,0,10,凱基-埔墘,2023-06-28,9288
2340,台亞,12,2,10,凱基-埔墘,2023-06-28,9288
2049,上銀,9,0,9,凱基-埔墘,2023-06-28,9288
00882,中信中國高股息,7,0,7,凱基-埔墘,2023-06-28,9288
4994,傳奇,10,3,7,凱基-埔墘,2023-06-28,9288
6546,正基,7,0,7,凱基-埔墘,2023-06-28,9288
6282,康舒,11,5,6,凱基-埔墘,2023-06-28,9288
4746,台耀,20,14,6,凱基-埔墘,2023-06-28,9288
1528,恩德,6,0,6,凱基-埔墘,2023-06-28,9288
2405,輔信,10,4,6,凱基-埔墘,2023-06-28,9288
5864,致和證,6,0,6,凱基-埔墘,2023-06-28,9288
6191,精成科,6,0,6,凱基-埔墘,2023-06-28,9288
4536,拓凱,5,0,5,凱基-埔墘,2023-06-28,9288
2615,萬海,5,0,5,凱基-埔墘,2023-06-28,9288
00637L,元大滬深300正2,5,0,5,凱基-埔墘,2023-06-28,9288
1609,大亞,7,2,5,凱基-埔墘,2023-06-28,9288
2606,裕民,5,0,5,凱基-埔墘,2023-06-28,9288
2888,新光金,5,0,5,凱基-埔墘,2023-06-28,9288
4123,晟德,5,0,5,凱基-埔墘,2023-06-28,9288
4510,高鋒,5,0,5,凱基-埔墘,2023-06-28,9288
6863,永道-KY,5,0,5,凱基-埔墘,2023-06-28,9288
8033,雷虎,5,0,5,凱基-埔墘,2023-06-28,9288
2356,英業達,8,4,4,凱基-埔墘,2023-06-28,9288
2331,精英,4,0,4,凱基-埔墘,2023-06-28,9288
3005,神基,10,6,4,凱基-埔墘,2023-06-28,9288
3011,今皓,4,0,4,凱基-埔墘,2023-06-28,9288
3038,全台,10,6,4,凱基-埔墘,2023-06-28,9288
3356,奇偶,8,4,4,凱基-埔墘,2023-06-28,9288
00715L,期街口布蘭特正2,243,60,183,凱基-埔墘,2023-06-29,9288
2888,新光金,110,0,110,凱基-埔墘,2023-06-29,9288
3035,智原,103,6,97,凱基-埔墘,2023-06-29,9288
3591,艾笛森,75,0,75,凱基-埔墘,2023-06-29,9288
2323,中環,58,2,56,凱基-埔墘,2023-06-29,9288
2027,大成鋼,50,0,50,凱基-埔墘,2023-06-29,9288
2317,鴻海,34,3,31,凱基-埔墘,2023-06-29,9288
6125,廣運,29,1,28,凱基-埔墘,2023-06-29,9288
1528,恩德,44,18,26,凱基-埔墘,2023-06-29,9288
2609,陽明,23,0,23,凱基-埔墘,2023-06-29,9288
2606,裕民,30,7,23,凱基-埔墘,2023-06-29,9288
3051,力特,20,0,20,凱基-埔墘,2023-06-29,9288
00706L,期元大S＆P日圓正2,16,0,16,凱基-埔墘,2023-06-29,9288
2618,長榮航,38,24,14,凱基-埔墘,2023-06-29,9288
2906,高林,11,0,11,凱基-埔墘,2023-06-29,9288
4157,太景*-KY,11,0,11,凱基-埔墘,2023-06-29,9288
6470,宇智,14,3,11,凱基-埔墘,2023-06-29,9288
2236,百達-KY,10,0,10,凱基-埔墘,2023-06-29,9288
3673,TPK-KY,10,0,10,凱基-埔墘,2023-06-29,9288
1784,訊聯,10,1,9,凱基-埔墘,2023-06-29,9288
2303,聯電,11,2,9,凱基-埔墘,2023-06-29,9288
2338,光罩,19,10,9,凱基-埔墘,2023-06-29,9288
2353,宏��,10,1,9,凱基-埔墘,2023-06-29,9288
3078,僑威,8,0,8,凱基-埔墘,2023-06-29,9288
2356,英業達,6,0,6,凱基-埔墘,2023-06-29,9288
2419,仲琦,13,7,6,凱基-埔墘,2023-06-29,9288
3163,波若威,10,4,6,凱基-埔墘,2023-06-29,9288
3380,明泰,27,21,6,凱基-埔墘,2023-06-29,9288
6124,業強,8,2,6,凱基-埔墘,2023-06-29,9288
00753L,中信中國50正2,5,0,5,凱基-埔墘,2023-06-29,9288
2545,皇翔,5,0,5,凱基-埔墘,2023-06-29,9288
2630,亞航,5,0,5,凱基-埔墘,2023-06-29,9288
3025,星通,19,14,5,凱基-埔墘,2023-06-29,9288
4160,訊聯基因,5,0,5,凱基-埔墘,2023-06-29,9288
4414,如興,5,0,5,凱基-埔墘,2023-06-29,9288
8088,品安,5,0,5,凱基-埔墘,2023-06-29,9288
4746,台耀,14,10,4,凱基-埔墘,2023-06-29,9288
1584,精剛,4,0,4,凱基-埔墘,2023-06-29,9288
2885,元大金,4,0,4,凱基-埔墘,2023-06-29,9288
3027,盛達,4,0,4,凱基-埔墘,2023-06-29,9288
3038,全台,11,7,4,凱基-埔墘,2023-06-29,9288
6118,建達,4,0,4,凱基-埔墘,2023-06-29,9288
6142,友勁,4,0,4,凱基-埔墘,2023-06-29,9288
2615,萬海,3,0,3,凱基-埔墘,2023-06-29,9288
1301,台塑,3,0,3,凱基-埔墘,2023-06-29,9288
00902,中信電池及儲能,3,0,3,凱基-埔墘,2023-06-29,9288
1736,喬山,3,0,3,凱基-埔墘,2023-06-29,9288
2705,六福,3,0,3,凱基-埔墘,2023-06-29,9288
2891,中信金,3,0,3,凱基-埔墘,2023-06-29,9288
3202,樺晟,3,0,3,凱基-埔墘,2023-06-29,9288
2331,精英,100,2,98,凱基-埔墘,2023-06-30,9288
2344,華邦電,51,2,49,凱基-埔墘,2023-06-30,9288
3234,光環,46,0,46,凱基-埔墘,2023-06-30,9288
2610,華航,67,22,45,凱基-埔墘,2023-06-30,9288
2903,遠百,44,0,44,凱基-埔墘,2023-06-30,9288
3591,艾笛森,25,0,25,凱基-埔墘,2023-06-30,9288
4157,太景*-KY,22,1,21,凱基-埔墘,2023-06-30,9288
5426,振發,21,0,21,凱基-埔墘,2023-06-30,9288
2883,凱基金,21,1,20,凱基-埔墘,2023-06-30,9288
4175,杏一,23,3,20,凱基-埔墘,2023-06-30,9288
1217,愛之味,17,1,16,凱基-埔墘,2023-06-30,9288
2888,新光金,14,0,14,凱基-埔墘,2023-06-30,9288
3017,奇鋐,18,4,14,凱基-埔墘,2023-06-30,9288
6282,康舒,12,0,12,凱基-埔墘,2023-06-30,9288
2317,鴻海,25,14,11,凱基-埔墘,2023-06-30,9288
00720B,元大投資級公司債,11,0,11,凱基-埔墘,2023-06-30,9288
4906,正文,15,4,11,凱基-埔墘,2023-06-30,9288
00878,國泰永續高股息,21,11,10,凱基-埔墘,2023-06-30,9288
2236,百達-KY,10,0,10,凱基-埔墘,2023-06-30,9288
2303,聯電,10,0,10,凱基-埔墘,2023-06-30,9288
2419,仲琦,19,9,10,凱基-埔墘,2023-06-30,9288
2462,良得電,10,0,10,凱基-埔墘,2023-06-30,9288
3006,晶豪科,10,0,10,凱基-埔墘,2023-06-30,9288
3163,波若威,10,0,10,凱基-埔墘,2023-06-30,9288
3324,雙鴻,10,0,10,凱基-埔墘,2023-06-30,9288
3596,智易,10,0,10,凱基-埔墘,2023-06-30,9288
3706,神達,11,1,10,凱基-埔墘,2023-06-30,9288
6026,福邦證,10,0,10,凱基-埔墘,2023-06-30,9288
2603,長榮,22,12,10,凱基-埔墘,2023-06-30,9288
2324,仁寶,9,0,9,凱基-埔墘,2023-06-30,9288
3481,群創,11,2,9,凱基-埔墘,2023-06-30,9288
2609,陽明,49,41,8,凱基-埔墘,2023-06-30,9288
1605,華新,13,6,7,凱基-埔墘,2023-06-30,9288
1584,精剛,7,0,7,凱基-埔墘,2023-06-30,9288
2734,易飛網,7,0,7,凱基-埔墘,2023-06-30,9288
3376,新日興,7,0,7,凱基-埔墘,2023-06-30,9288
6806,森崴能源,6,0,6,凱基-埔墘,2023-06-30,9288
00680L,元大美債20正2,6,0,6,凱基-埔墘,2023-06-30,9288
1904,正隆,7,1,6,凱基-埔墘,2023-06-30,9288
2637,慧洋-KY,6,0,6,凱基-埔墘,2023-06-30,9288
4744,皇將,6,0,6,凱基-埔墘,2023-06-30,9288
8450,霹靂,6,0,6,凱基-埔墘,2023-06-30,9288
1529,樂事綠能,5,0,5,凱基-埔墘,2023-06-30,9288
1905,華紙,5,0,5,凱基-埔墘,2023-06-30,9288
2027,大成鋼,5,0,5,凱基-埔墘,2023-06-30,9288
2385,群光,5,0,5,凱基-埔墘,2023-06-30,9288
6841,長佳智能,5,0,5,凱基-埔墘,2023-06-30,9288
8033,雷虎,5,0,5,凱基-埔墘,2023-06-30,9288
2323,中環,7,3,4,凱基-埔墘,2023-06-30,9288
1784,訊聯,5,1,4,凱基-埔墘,2023-06-30,9288
8050,廣積,232,10,222,凱基-埔墘,2023-07-03,9288
6188,廣明,96,8,88,凱基-埔墘,2023-07-03,9288
2617,台航,85,0,85,凱基-埔墘,2023-07-03,9288
00632R,元大台灣50反1,70,0,70,凱基-埔墘,2023-07-03,9288
3706,神達,49,5,44,凱基-埔墘,2023-07-03,9288
4510,高鋒,32,0,32,凱基-埔墘,2023-07-03,9288
2413,環科,28,0,28,凱基-埔墘,2023-07-03,9288
2603,長榮,27,5,22,凱基-埔墘,2023-07-03,9288
2329,華泰,20,0,20,凱基-埔墘,2023-07-03,9288
2637,慧洋-KY,20,0,20,凱基-埔墘,2023-07-03,9288
2836,高雄銀,20,0,20,凱基-埔墘,2023-07-03,9288
4532,瑞智,22,2,20,凱基-埔墘,2023-07-03,9288
2486,一詮,20,1,19,凱基-埔墘,2023-07-03,9288
3596,智易,19,0,19,凱基-埔墘,2023-07-03,9288
4175,杏一,18,2,16,凱基-埔墘,2023-07-03,9288
6234,高僑,15,0,15,凱基-埔墘,2023-07-03,9288
5388,中磊,14,2,12,凱基-埔墘,2023-07-03,9288
2609,陽明,100,89,11,凱基-埔墘,2023-07-03,9288
2352,佳世達,31,20,11,凱基-埔墘,2023-07-03,9288
00712,復華富時不動產,10,0,10,凱基-埔墘,2023-07-03,9288
3221,台嘉碩,10,0,10,凱基-埔墘,2023-07-03,9288
3591,艾笛森,10,0,10,凱基-埔墘,2023-07-03,9288
6026,福邦證,10,0,10,凱基-埔墘,2023-07-03,9288
2206,三陽工業,12,3,9,凱基-埔墘,2023-07-03,9288
2618,長榮航,11,2,9,凱基-埔墘,2023-07-03,9288
4147,中裕,8,0,8,凱基-埔墘,2023-07-03,9288
00912,中信臺灣智慧50,7,0,7,凱基-埔墘,2023-07-03,9288
2382,廣達,13,6,7,凱基-埔墘,2023-07-03,9288
3163,波若威,10,3,7,凱基-埔墘,2023-07-03,9288
8038,長園科,7,0,7,凱基-埔墘,2023-07-03,9288
2427,三商電,12,6,6,凱基-埔墘,2023-07-03,9288
3207,耀勝,6,0,6,凱基-埔墘,2023-07-03,9288
2412,中華電,5,0,5,凱基-埔墘,2023-07-03,9288
2303,聯電,6,1,5,凱基-埔墘,2023-07-03,9288
00673R,期元大S＆P原油反1,5,0,5,凱基-埔墘,2023-07-03,9288
1721,三晃,5,0,5,凱基-埔墘,2023-07-03,9288
2104,國際中橡,5,0,5,凱基-埔墘,2023-07-03,9288
2485,兆赫,5,0,5,凱基-埔墘,2023-07-03,9288
3042,晶技,5,0,5,凱基-埔墘,2023-07-03,9288
5511,德昌,5,0,5,凱基-埔墘,2023-07-03,9288
9943,好樂迪,5,0,5,凱基-埔墘,2023-07-03,9288
1907,永豐餘,4,0,4,凱基-埔墘,2023-07-03,9288
2201,裕隆,4,0,4,凱基-埔墘,2023-07-03,9288
2345,智邦,5,1,4,凱基-埔墘,2023-07-03,9288
2515,中工,6,2,4,凱基-埔墘,2023-07-03,9288
3162,精確,10,6,4,凱基-埔墘,2023-07-03,9288
3710,連展投控,4,0,4,凱基-埔墘,2023-07-03,9288
5609,中菲行,4,0,4,凱基-埔墘,2023-07-03,9288
8034,榮群,4,0,4,凱基-埔墘,2023-07-03,9288
00885,富邦越南,3,0,3,凱基-埔墘,2023-07-03,9288
2331,精英,155,1,154,凱基-埔墘,2023-07-04,9288
6414,樺漢,111,0,111,凱基-埔墘,2023-07-04,9288
2356,英業達,129,26,103,凱基-埔墘,2023-07-04,9288
6188,廣明,75,4,71,凱基-埔墘,2023-07-04,9288
00900,富邦特選高股息30,60,8,52,凱基-埔墘,2023-07-04,9288
2867,三商壽,46,0,46,凱基-埔墘,2023-07-04,9288
9904,寶成,43,0,43,凱基-埔墘,2023-07-04,9288
2601,益航,30,0,30,凱基-埔墘,2023-07-04,9288
2317,鴻海,30,2,28,凱基-埔墘,2023-07-04,9288
6112,邁達特,25,0,25,凱基-埔墘,2023-07-04,9288
1503,士電,45,23,22,凱基-埔墘,2023-07-04,9288
4977,眾達-KY,20,0,20,凱基-埔墘,2023-07-04,9288
00671R,富邦NASDAQ反1,20,0,20,凱基-埔墘,2023-07-04,9288
5608,四維航,20,0,20,凱基-埔墘,2023-07-04,9288
6015,宏遠證,20,0,20,凱基-埔墘,2023-07-04,9288
4906,正文,34,15,19,凱基-埔墘,2023-07-04,9288
2617,台航,19,1,18,凱基-埔墘,2023-07-04,9288
3013,晟銘電,24,6,18,凱基-埔墘,2023-07-04,9288
6282,康舒,63,46,17,凱基-埔墘,2023-07-04,9288
1905,華紙,26,11,15,凱基-埔墘,2023-07-04,9288
2888,新光金,18,3,15,凱基-埔墘,2023-07-04,9288
2603,長榮,40,25,15,凱基-埔墘,2023-07-04,9288
2439,美律,15,1,14,凱基-埔墘,2023-07-04,9288
3325,旭品,16,2,14,凱基-埔墘,2023-07-04,9288
4147,中裕,14,0,14,凱基-埔墘,2023-07-04,9288
4175,杏一,14,0,14,凱基-埔墘,2023-07-04,9288
3481,群創,16,5,11,凱基-埔墘,2023-07-04,9288
2634,漢翔,22,11,11,凱基-埔墘,2023-07-04,9288
3515,華擎,13,2,11,凱基-埔墘,2023-07-04,9288
2421,建準,25,15,10,凱基-埔墘,2023-07-04,9288
3652,精聯,10,0,10,凱基-埔墘,2023-07-04,9288
4526,東台,10,0,10,凱基-埔墘,2023-07-04,9288
5371,中光電,10,0,10,凱基-埔墘,2023-07-04,9288
6153,嘉聯益,10,0,10,凱基-埔墘,2023-07-04,9288
8076,伍豐,10,0,10,凱基-埔墘,2023-07-04,9288
2408,南亞科,13,4,9,凱基-埔墘,2023-07-04,9288
4532,瑞智,10,1,9,凱基-埔墘,2023-07-04,9288
2010,春源,8,0,8,凱基-埔墘,2023-07-04,9288
00637L,元大滬深300正2,6,0,6,凱基-埔墘,2023-07-04,9288
2392,正崴,6,0,6,凱基-埔墘,2023-07-04,9288
2419,仲琦,8,2,6,凱基-埔墘,2023-07-04,9288
2706,第一店,6,0,6,凱基-埔墘,2023-07-04,9288
2385,群光,5,0,5,凱基-埔墘,2023-07-04,9288
2332,友訊,6,1,5,凱基-埔墘,2023-07-04,9288
2425,承啟,5,0,5,凱基-埔墘,2023-07-04,9288
2468,華經,5,0,5,凱基-埔墘,2023-07-04,9288
3706,神達,10,5,5,凱基-埔墘,2023-07-04,9288
4160,訊聯基因,5,0,5,凱基-埔墘,2023-07-04,9288
6167,久正,5,0,5,凱基-埔墘,2023-07-04,9288
6220,岳豐,5,0,5,凱基-埔墘,2023-07-04,9288
2515,中工,87,2,85,凱基-埔墘,2023-07-05,9288
1477,聚陽,78,0,78,凱基-埔墘,2023-07-05,9288
6167,久正,75,0,75,凱基-埔墘,2023-07-05,9288
3706,神達,79,5,74,凱基-埔墘,2023-07-05,9288
3701,大眾控,78,18,60,凱基-埔墘,2023-07-05,9288
00753L,中信中國50正2,75,25,50,凱基-埔墘,2023-07-05,9288
00637L,元大滬深300正2,46,2,44,凱基-埔墘,2023-07-05,9288
2323,中環,175,131,44,凱基-埔墘,2023-07-05,9288
2313,華通,44,6,38,凱基-埔墘,2023-07-05,9288
2883,凱基金,29,4,25,凱基-埔墘,2023-07-05,9288
8076,伍豐,21,0,21,凱基-埔墘,2023-07-05,9288
1301,台塑,20,0,20,凱基-埔墘,2023-07-05,9288
2867,三商壽,20,0,20,凱基-埔墘,2023-07-05,9288
5340,建榮,23,4,19,凱基-埔墘,2023-07-05,9288
3715,定穎投控,20,2,18,凱基-埔墘,2023-07-05,9288
4510,高鋒,18,0,18,凱基-埔墘,2023-07-05,9288
3231,緯創,42,25,17,凱基-埔墘,2023-07-05,9288
3481,群創,21,5,16,凱基-埔墘,2023-07-05,9288
3163,波若威,16,1,15,凱基-埔墘,2023-07-05,9288
2329,華泰,16,3,13,凱基-埔墘,2023-07-05,9288
2393,億光,13,1,12,凱基-埔墘,2023-07-05,9288
6282,康舒,36,24,12,凱基-埔墘,2023-07-05,9288
2610,華航,47,36,11,凱基-埔墘,2023-07-05,9288
1101,台泥,10,0,10,凱基-埔墘,2023-07-05,9288
00650L,復華香港正2,12,2,10,凱基-埔墘,2023-07-05,9288
1905,華紙,12,2,10,凱基-埔墘,2023-07-05,9288
2832,台產,10,0,10,凱基-埔墘,2023-07-05,9288
4721,美琪瑪,10,0,10,凱基-埔墘,2023-07-05,9288
00706L,期元大S＆P日圓正2,9,0,9,凱基-埔墘,2023-07-05,9288
3027,盛達,10,1,9,凱基-埔墘,2023-07-05,9288
4503,金雨,9,0,9,凱基-埔墘,2023-07-05,9288
2312,金寶,8,0,8,凱基-埔墘,2023-07-05,9288
3583,辛耘,8,0,8,凱基-埔墘,2023-07-05,9288
2427,三商電,10,3,7,凱基-埔墘,2023-07-05,9288
1609,大亞,13,6,7,凱基-埔墘,2023-07-05,9288
2444,兆勁,6,0,6,凱基-埔墘,2023-07-05,9288
3019,亞光,6,0,6,凱基-埔墘,2023-07-05,9288
6133,金橋,6,0,6,凱基-埔墘,2023-07-05,9288
6443,元晶,5,0,5,凱基-埔墘,2023-07-05,9288
1604,聲寶,5,0,5,凱基-埔墘,2023-07-05,9288
1503,士電,7,2,5,凱基-埔墘,2023-07-05,9288
1809,中釉,5,0,5,凱基-埔墘,2023-07-05,9288
2010,春源,7,2,5,凱基-埔墘,2023-07-05,9288
2423,固緯,5,0,5,凱基-埔墘,2023-07-05,9288
2451,創見,5,0,5,凱基-埔墘,2023-07-05,9288
2897,王道銀行,5,0,5,凱基-埔墘,2023-07-05,9288
3058,立德,5,0,5,凱基-埔墘,2023-07-05,9288
3363,上詮,13,8,5,凱基-埔墘,2023-07-05,9288
3518,柏騰,5,0,5,凱基-埔墘,2023-07-05,9288
4414,如興,5,0,5,凱基-埔墘,2023-07-05,9288
00753L,中信中國50正2,117,0,117,凱基-埔墘,2023-07-06,9288
2883,凱基金,102,4,98,凱基-埔墘,2023-07-06,9288
4510,高鋒,112,47,65,凱基-埔墘,2023-07-06,9288
3234,光環,50,0,50,凱基-埔墘,2023-07-06,9288
6117,迎廣,40,0,40,凱基-埔墘,2023-07-06,9288
2451,創見,39,0,39,凱基-埔墘,2023-07-06,9288
8050,廣積,50,13,37,凱基-埔墘,2023-07-06,9288
2481,強茂,31,0,31,凱基-埔墘,2023-07-06,9288
1714,和桐,30,0,30,凱基-埔墘,2023-07-06,9288
3324,雙鴻,30,0,30,凱基-埔墘,2023-07-06,9288
00680L,元大美債20正2,26,0,26,凱基-埔墘,2023-07-06,9288
0056,元大高股息,24,0,24,凱基-埔墘,2023-07-06,9288
00679B,元大美債20年,22,0,22,凱基-埔墘,2023-07-06,9288
4532,瑞智,41,20,21,凱基-埔墘,2023-07-06,9288
2340,台亞,28,9,19,凱基-埔墘,2023-07-06,9288
3363,上詮,31,12,19,凱基-埔墘,2023-07-06,9288
2331,精英,16,0,16,凱基-埔墘,2023-07-06,9288
2888,新光金,16,0,16,凱基-埔墘,2023-07-06,9288
2887,台新金,12,0,12,凱基-埔墘,2023-07-06,9288
2834,臺企銀,12,0,12,凱基-埔墘,2023-07-06,9288
00882,中信中國高股息,12,0,12,凱基-埔墘,2023-07-06,9288
2317,鴻海,17,5,12,凱基-埔墘,2023-07-06,9288
2367,燿華,11,0,11,凱基-埔墘,2023-07-06,9288
2497,怡利電,11,0,11,凱基-埔墘,2023-07-06,9288
2010,春源,12,2,10,凱基-埔墘,2023-07-06,9288
2601,益航,10,0,10,凱基-埔墘,2023-07-06,9288
2637,慧洋-KY,10,0,10,凱基-埔墘,2023-07-06,9288
3033,威健,10,0,10,凱基-埔墘,2023-07-06,9288
3163,波若威,10,0,10,凱基-埔墘,2023-07-06,9288
2330,台積電,11,1,10,凱基-埔墘,2023-07-06,9288
8215,明基材,26,17,9,凱基-埔墘,2023-07-06,9288
6535,順藥,15,6,9,凱基-埔墘,2023-07-06,9288
2603,長榮,21,12,9,凱基-埔墘,2023-07-06,9288
2511,太子,8,0,8,凱基-埔墘,2023-07-06,9288
2891,中信金,8,0,8,凱基-埔墘,2023-07-06,9288
2382,廣達,7,0,7,凱基-埔墘,2023-07-06,9288
2002,中鋼,7,0,7,凱基-埔墘,2023-07-06,9288
3689,湧德,7,0,7,凱基-埔墘,2023-07-06,9288
2892,第一金,6,0,6,凱基-埔墘,2023-07-06,9288
1524,耿鼎,13,7,6,凱基-埔墘,2023-07-06,9288
1584,精剛,6,0,6,凱基-埔墘,2023-07-06,9288
2313,華通,12,6,6,凱基-埔墘,2023-07-06,9288
2380,虹光,6,0,6,凱基-埔墘,2023-07-06,9288
2534,宏盛,6,0,6,凱基-埔墘,2023-07-06,9288
3710,連展投控,6,0,6,凱基-埔墘,2023-07-06,9288
3711,日月光投控,6,1,5,凱基-埔墘,2023-07-06,9288
1477,聚陽,5,0,5,凱基-埔墘,2023-07-06,9288
4721,美琪瑪,5,0,5,凱基-埔墘,2023-07-06,9288
4915,致伸,5,0,5,凱基-埔墘,2023-07-06,9288
5511,德昌,5,0,5,凱基-埔墘,2023-07-06,9288
3481,群創,125,5,120,凱基-埔墘,2023-07-07,9288
4510,高鋒,50,3,47,凱基-埔墘,2023-07-07,9288
00753L,中信中國50正2,42,0,42,凱基-埔墘,2023-07-07,9288
2338,光罩,40,0,40,凱基-埔墘,2023-07-07,9288
2883,凱基金,38,0,38,凱基-埔墘,2023-07-07,9288
3035,智原,51,15,36,凱基-埔墘,2023-07-07,9288
4108,懷特,34,0,34,凱基-埔墘,2023-07-07,9288
1609,大亞,33,0,33,凱基-埔墘,2023-07-07,9288
4155,訊映,32,0,32,凱基-埔墘,2023-07-07,9288
8210,勤誠,39,7,32,凱基-埔墘,2023-07-07,9288
1809,中釉,33,2,31,凱基-埔墘,2023-07-07,9288
1907,永豐餘,30,0,30,凱基-埔墘,2023-07-07,9288
1905,華紙,27,2,25,凱基-埔墘,2023-07-07,9288
2344,華邦電,23,0,23,凱基-埔墘,2023-07-07,9288
3025,星通,42,21,21,凱基-埔墘,2023-07-07,9288
3701,大眾控,21,0,21,凱基-埔墘,2023-07-07,9288
00679B,元大美債20年,20,0,20,凱基-埔墘,2023-07-07,9288
4979,華星光,26,6,20,凱基-埔墘,2023-07-07,9288
00642U,期元大S＆P石油,20,1,19,凱基-埔墘,2023-07-07,9288
00680L,元大美債20正2,18,0,18,凱基-埔墘,2023-07-07,9288
3016,嘉晶,17,0,17,凱基-埔墘,2023-07-07,9288
1477,聚陽,16,1,15,凱基-埔墘,2023-07-07,9288
00673R,期元大S＆P原油反1,15,0,15,凱基-埔墘,2023-07-07,9288
3231,緯創,38,24,14,凱基-埔墘,2023-07-07,9288
2356,英業達,21,8,13,凱基-埔墘,2023-07-07,9288
3163,波若威,13,0,13,凱基-埔墘,2023-07-07,9288
00929,復華台灣科技優息,12,0,12,凱基-埔墘,2023-07-07,9288
2886,兆豐金,11,0,11,凱基-埔墘,2023-07-07,9288
00720B,元大投資級公司債,10,0,10,凱基-埔墘,2023-07-07,9288
2832,台產,10,0,10,凱基-埔墘,2023-07-07,9288
3520,華盈,10,0,10,凱基-埔墘,2023-07-07,9288
4967,十銓,10,0,10,凱基-埔墘,2023-07-07,9288
5309,系統電,10,0,10,凱基-埔墘,2023-07-07,9288
6116,彩晶,10,0,10,凱基-埔墘,2023-07-07,9288
6167,久正,10,0,10,凱基-埔墘,2023-07-07,9288
8096,擎亞,10,0,10,凱基-埔墘,2023-07-07,9288
2888,新光金,9,0,9,凱基-埔墘,2023-07-07,9288
3372,典範,9,0,9,凱基-埔墘,2023-07-07,9288
8112,至上,9,0,9,凱基-埔墘,2023-07-07,9288
00645,富邦日本,8,0,8,凱基-埔墘,2023-07-07,9288
4526,東台,12,5,7,凱基-埔墘,2023-07-07,9288
5285,界霖,7,0,7,凱基-埔墘,2023-07-07,9288
2609,陽明,9,2,7,凱基-埔墘,2023-07-07,9288
2610,華航,7,1,6,凱基-埔墘,2023-07-07,9288
2498,宏達電,6,0,6,凱基-埔墘,2023-07-07,9288
1303,南亞,6,0,6,凱基-埔墘,2023-07-07,9288
3218,大學光,6,0,6,凱基-埔墘,2023-07-07,9288
00878,國泰永續高股息,10,5,5,凱基-埔墘,2023-07-07,9288
3038,全台,5,0,5,凱基-埔墘,2023-07-07,9288
2731,雄獅,5,0,5,凱基-埔墘,2023-07-07,9288
2880,華南金,100,0,100,凱基-埔墘,2023-07-10,9288
00753L,中信中國50正2,102,4,98,凱基-埔墘,2023-07-10,9288
2903,遠百,91,0,91,凱基-埔墘,2023-07-10,9288
2419,仲琦,70,9,61,凱基-埔墘,2023-07-10,9288
4532,瑞智,86,36,50,凱基-埔墘,2023-07-10,9288
6830,汎銓,39,0,39,凱基-埔墘,2023-07-10,9288
6138,茂達,35,0,35,凱基-埔墘,2023-07-10,9288
00679B,元大美債20年,33,1,32,凱基-埔墘,2023-07-10,9288
0056,元大高股息,34,3,31,凱基-埔墘,2023-07-10,9288
4966,譜瑞-KY,22,0,22,凱基-埔墘,2023-07-10,9288
5608,四維航,20,0,20,凱基-埔墘,2023-07-10,9288
00673R,期元大S＆P原油反1,19,0,19,凱基-埔墘,2023-07-10,9288
6127,九豪,20,2,18,凱基-埔墘,2023-07-10,9288
6016,康和證,18,0,18,凱基-埔墘,2023-07-10,9288
2609,陽明,23,7,16,凱基-埔墘,2023-07-10,9288
00680L,元大美債20正2,16,0,16,凱基-埔墘,2023-07-10,9288
4979,華星光,23,8,15,凱基-埔墘,2023-07-10,9288
2399,映泰,14,0,14,凱基-埔墘,2023-07-10,9288
3202,樺晟,12,0,12,凱基-埔墘,2023-07-10,9288
3527,聚積,12,0,12,凱基-埔墘,2023-07-10,9288
00720B,元大投資級公司債,11,0,11,凱基-埔墘,2023-07-10,9288
2615,萬海,11,0,11,凱基-埔墘,2023-07-10,9288
00857B,永豐20年美公債,16,5,11,凱基-埔墘,2023-07-10,9288
2606,裕民,11,0,11,凱基-埔墘,2023-07-10,9288
2618,長榮航,16,5,11,凱基-埔墘,2023-07-10,9288
3701,大眾控,12,1,11,凱基-埔墘,2023-07-10,9288
00882,中信中國高股息,11,0,11,凱基-埔墘,2023-07-10,9288
8096,擎亞,10,0,10,凱基-埔墘,2023-07-10,9288
00645,富邦日本,9,0,9,凱基-埔墘,2023-07-10,9288
00900,富邦特選高股息30,10,1,9,凱基-埔墘,2023-07-10,9288
2886,兆豐金,9,0,9,凱基-埔墘,2023-07-10,9288
2324,仁寶,9,1,8,凱基-埔墘,2023-07-10,9288
2501,國建,8,0,8,凱基-埔墘,2023-07-10,9288
1809,中釉,10,2,8,凱基-埔墘,2023-07-10,9288
5234,達興材料,10,2,8,凱基-埔墘,2023-07-10,9288
6191,精成科,8,0,8,凱基-埔墘,2023-07-10,9288
2317,鴻海,9,2,7,凱基-埔墘,2023-07-10,9288
3532,台勝科,11,4,7,凱基-埔墘,2023-07-10,9288
00929,復華台灣科技優息,7,0,7,凱基-埔墘,2023-07-10,9288
3141,晶宏,7,0,7,凱基-埔墘,2023-07-10,9288
4721,美琪瑪,9,2,7,凱基-埔墘,2023-07-10,9288
1471,首利,6,0,6,凱基-埔墘,2023-07-10,9288
1904,正隆,6,0,6,凱基-埔墘,2023-07-10,9288
2468,華經,6,0,6,凱基-埔墘,2023-07-10,9288
2801,彰銀,6,0,6,凱基-埔墘,2023-07-10,9288
2890,永豐金,6,0,6,凱基-埔墘,2023-07-10,9288
2887,台新金,6,0,6,凱基-埔墘,2023-07-10,9288
2406,國碩,5,0,5,凱基-埔墘,2023-07-10,9288
00740B,富邦全球投等債,5,0,5,凱基-埔墘,2023-07-10,9288
1789,神隆,5,0,5,凱基-埔墘,2023-07-10,9288
3035,智原,126,10,116,凱基-埔墘,2023-07-11,9288
2855,統一證,73,0,73,凱基-埔墘,2023-07-11,9288
3701,大眾控,66,0,66,凱基-埔墘,2023-07-11,9288
3033,威健,65,0,65,凱基-埔墘,2023-07-11,9288
3260,威剛,50,0,50,凱基-埔墘,2023-07-11,9288
2903,遠百,47,0,47,凱基-埔墘,2023-07-11,9288
00878,國泰永續高股息,51,7,44,凱基-埔墘,2023-07-11,9288
2312,金寶,40,0,40,凱基-埔墘,2023-07-11,9288
5457,宣德,30,3,27,凱基-埔墘,2023-07-11,9288
3706,神達,28,2,26,凱基-埔墘,2023-07-11,9288
6167,久正,25,0,25,凱基-埔墘,2023-07-11,9288
2356,英業達,28,5,23,凱基-埔墘,2023-07-11,9288
1609,大亞,23,1,22,凱基-埔墘,2023-07-11,9288
2376,技嘉,27,5,22,凱基-埔墘,2023-07-11,9288
5285,界霖,21,0,21,凱基-埔墘,2023-07-11,9288
1308,亞聚,20,0,20,凱基-埔墘,2023-07-11,9288
1785,光洋科,22,2,20,凱基-埔墘,2023-07-11,9288
4164,承業醫,30,10,20,凱基-埔墘,2023-07-11,9288
2399,映泰,19,0,19,凱基-埔墘,2023-07-11,9288
2504,國產,19,0,19,凱基-埔墘,2023-07-11,9288
3324,雙鴻,22,3,19,凱基-埔墘,2023-07-11,9288
8936,國統,19,0,19,凱基-埔墘,2023-07-11,9288
2468,華經,18,0,18,凱基-埔墘,2023-07-11,9288
00673R,期元大S＆P原油反1,15,0,15,凱基-埔墘,2023-07-11,9288
2323,中環,21,6,15,凱基-埔墘,2023-07-11,9288
1101,台泥,14,0,14,凱基-埔墘,2023-07-11,9288
3016,嘉晶,14,0,14,凱基-埔墘,2023-07-11,9288
2637,慧洋-KY,14,1,13,凱基-埔墘,2023-07-11,9288
6706,惠特,12,0,12,凱基-埔墘,2023-07-11,9288
2609,陽明,14,3,11,凱基-埔墘,2023-07-11,9288
00893,國泰智能電動車,10,0,10,凱基-埔墘,2023-07-11,9288
1464,得力,10,0,10,凱基-埔墘,2023-07-11,9288
2867,三商壽,10,0,10,凱基-埔墘,2023-07-11,9288
3094,聯傑,10,0,10,凱基-埔墘,2023-07-11,9288
2382,廣達,19,9,10,凱基-埔墘,2023-07-11,9288
2617,台航,19,10,9,凱基-埔墘,2023-07-11,9288
2881,富邦金,10,1,9,凱基-埔墘,2023-07-11,9288
3580,友威科,9,0,9,凱基-埔墘,2023-07-11,9288
6806,森崴能源,9,0,9,凱基-埔墘,2023-07-11,9288
00912,中信臺灣智慧50,8,0,8,凱基-埔墘,2023-07-11,9288
6182,合晶,8,0,8,凱基-埔墘,2023-07-11,9288
2204,中華,7,0,7,凱基-埔墘,2023-07-11,9288
2461,光群雷,7,0,7,凱基-埔墘,2023-07-11,9288
2618,長榮航,15,8,7,凱基-埔墘,2023-07-11,9288
5864,致和證,7,0,7,凱基-埔墘,2023-07-11,9288
2457,飛宏,11,5,6,凱基-埔墘,2023-07-11,9288
4526,東台,7,1,6,凱基-埔墘,2023-07-11,9288
4908,前鼎,16,10,6,凱基-埔墘,2023-07-11,9288
1504,東元,7,1,6,凱基-埔墘,2023-07-11,9288
3596,智易,5,0,5,凱基-埔墘,2023-07-11,9288
3033,威健,113,11,102,凱基-埔墘,2023-07-12,9288
5285,界霖,77,1,76,凱基-埔墘,2023-07-12,9288
2419,仲琦,51,4,47,凱基-埔墘,2023-07-12,9288
3234,光環,50,3,47,凱基-埔墘,2023-07-12,9288
2323,中環,35,0,35,凱基-埔墘,2023-07-12,9288
2415,錩新,33,0,33,凱基-埔墘,2023-07-12,9288
2303,聯電,32,0,32,凱基-埔墘,2023-07-12,9288
3527,聚積,25,0,25,凱基-埔墘,2023-07-12,9288
1727,中華化,20,0,20,凱基-埔墘,2023-07-12,9288
2236,百達-KY,20,0,20,凱基-埔墘,2023-07-12,9288
3042,晶技,20,2,18,凱基-埔墘,2023-07-12,9288
2356,英業達,32,16,16,凱基-埔墘,2023-07-12,9288
2421,建準,17,2,15,凱基-埔墘,2023-07-12,9288
2460,建通,13,0,13,凱基-埔墘,2023-07-12,9288
5483,中美晶,16,3,13,凱基-埔墘,2023-07-12,9288
2455,全新,12,0,12,凱基-埔墘,2023-07-12,9288
2637,慧洋-KY,15,3,12,凱基-埔墘,2023-07-12,9288
3016,嘉晶,18,7,11,凱基-埔墘,2023-07-12,9288
3231,緯創,29,18,11,凱基-埔墘,2023-07-12,9288
2067,嘉鋼,10,0,10,凱基-埔墘,2023-07-12,9288
2453,凌群,10,0,10,凱基-埔墘,2023-07-12,9288
3094,聯傑,10,0,10,凱基-埔墘,2023-07-12,9288
3207,耀勝,10,0,10,凱基-埔墘,2023-07-12,9288
4157,太景*-KY,10,0,10,凱基-埔墘,2023-07-12,9288
8027,鈦昇,10,0,10,凱基-埔墘,2023-07-12,9288
9907,統一實,10,0,10,凱基-埔墘,2023-07-12,9288
6111,大宇資,12,3,9,凱基-埔墘,2023-07-12,9288
6188,廣明,18,9,9,凱基-埔墘,2023-07-12,9288
6282,康舒,16,7,9,凱基-埔墘,2023-07-12,9288
00882,中信中國高股息,8,0,8,凱基-埔墘,2023-07-12,9288
4908,前鼎,10,2,8,凱基-埔墘,2023-07-12,9288
2382,廣達,20,12,8,凱基-埔墘,2023-07-12,9288
0056,元大高股息,23,16,7,凱基-埔墘,2023-07-12,9288
2882,國泰金,10,3,7,凱基-埔墘,2023-07-12,9288
2615,萬海,10,3,7,凱基-埔墘,2023-07-12,9288
00715L,期街口布蘭特正2,8,1,7,凱基-埔墘,2023-07-12,9288
2606,裕民,12,5,7,凱基-埔墘,2023-07-12,9288
5608,四維航,10,4,6,凱基-埔墘,2023-07-12,9288
1515,力山,6,0,6,凱基-埔墘,2023-07-12,9288
1584,精剛,6,0,6,凱基-埔墘,2023-07-12,9288
00878,國泰永續高股息,43,37,6,凱基-埔墘,2023-07-12,9288
00680L,元大美債20正2,6,0,6,凱基-埔墘,2023-07-12,9288
00919,群益台灣精選高息,7,1,6,凱基-埔墘,2023-07-12,9288
2359,所羅門,12,6,6,凱基-埔墘,2023-07-12,9288
2409,友達,11,5,6,凱基-埔墘,2023-07-12,9288
5340,建榮,6,0,6,凱基-埔墘,2023-07-12,9288
8454,富邦媒,5,0,5,凱基-埔墘,2023-07-12,9288
00929,復華台灣科技優息,5,0,5,凱基-埔墘,2023-07-12,9288
00679B,元大美債20年,5,0,5,凱基-埔墘,2023-07-12,9288
2107,厚生,5,0,5,凱基-埔墘,2023-07-12,9288
6125,廣運,490,1,489,凱基-埔墘,2023-07-13,9288
00679B,元大美債20年,109,0,109,凱基-埔墘,2023-07-13,9288
2515,中工,73,2,71,凱基-埔墘,2023-07-13,9288
1609,大亞,77,10,67,凱基-埔墘,2023-07-13,9288
5258,虹堡,51,0,51,凱基-埔墘,2023-07-13,9288
6548,長科*,37,0,37,凱基-埔墘,2023-07-13,9288
0056,元大高股息,40,3,37,凱基-埔墘,2023-07-13,9288
3033,威健,36,0,36,凱基-埔墘,2023-07-13,9288
6245,立端,35,0,35,凱基-埔墘,2023-07-13,9288
00929,復華台灣科技優息,56,22,34,凱基-埔墘,2023-07-13,9288
3163,波若威,46,16,30,凱基-埔墘,2023-07-13,9288
3715,定穎投控,30,0,30,凱基-埔墘,2023-07-13,9288
2610,華航,45,17,28,凱基-埔墘,2023-07-13,9288
2615,萬海,25,0,25,凱基-埔墘,2023-07-13,9288
00632R,元大台灣50反1,23,0,23,凱基-埔墘,2023-07-13,9288
2371,大同,22,1,21,凱基-埔墘,2023-07-13,9288
1605,華新,23,3,20,凱基-埔墘,2023-07-13,9288
6104,創惟,20,0,20,凱基-埔墘,2023-07-13,9288
2324,仁寶,31,13,18,凱基-埔墘,2023-07-13,9288
2308,台達電,23,5,18,凱基-埔墘,2023-07-13,9288
2356,英業達,52,35,17,凱基-埔墘,2023-07-13,9288
00712,復華富時不動產,15,0,15,凱基-埔墘,2023-07-13,9288
1905,華紙,15,0,15,凱基-埔墘,2023-07-13,9288
2609,陽明,31,16,15,凱基-埔墘,2023-07-13,9288
2359,所羅門,23,11,12,凱基-埔墘,2023-07-13,9288
4533,協易機,13,1,12,凱基-埔墘,2023-07-13,9288
2367,燿華,11,0,11,凱基-埔墘,2023-07-13,9288
00713,元大台灣高息低波,10,0,10,凱基-埔墘,2023-07-13,9288
3094,聯傑,10,0,10,凱基-埔墘,2023-07-13,9288
3324,雙鴻,16,6,10,凱基-埔墘,2023-07-13,9288
3325,旭品,12,2,10,凱基-埔墘,2023-07-13,9288
4108,懷特,10,0,10,凱基-埔墘,2023-07-13,9288
3189,景碩,9,0,9,凱基-埔墘,2023-07-13,9288
2368,金像電,12,4,8,凱基-埔墘,2023-07-13,9288
2453,凌群,8,0,8,凱基-埔墘,2023-07-13,9288
1477,聚陽,7,0,7,凱基-埔墘,2023-07-13,9288
3260,威剛,7,0,7,凱基-埔墘,2023-07-13,9288
6276,安鈦克,7,0,7,凱基-埔墘,2023-07-13,9288
2303,聯電,6,0,6,凱基-埔墘,2023-07-13,9288
3380,明泰,7,1,6,凱基-埔墘,2023-07-13,9288
1471,首利,6,0,6,凱基-埔墘,2023-07-13,9288
00680L,元大美債20正2,6,0,6,凱基-埔墘,2023-07-13,9288
1612,宏泰,6,0,6,凱基-埔墘,2023-07-13,9288
1727,中華化,6,0,6,凱基-埔墘,2023-07-13,9288
2489,瑞軒,6,0,6,凱基-埔墘,2023-07-13,9288
4938,和碩,7,1,6,凱基-埔墘,2023-07-13,9288
2618,長榮航,26,20,6,凱基-埔墘,2023-07-13,9288
3231,緯創,46,40,6,凱基-埔墘,2023-07-13,9288
2881,富邦金,6,0,6,凱基-埔墘,2023-07-13,9288
1218,泰山,5,0,5,凱基-埔墘,2023-07-13,9288
2610,華航,187,37,150,凱基-埔墘,2023-07-14,9288
5258,虹堡,146,6,140,凱基-埔墘,2023-07-14,9288
5465,富驊,100,0,100,凱基-埔墘,2023-07-14,9288
2371,大同,66,2,64,凱基-埔墘,2023-07-14,9288
2618,長榮航,59,12,47,凱基-埔墘,2023-07-14,9288
2617,台航,41,0,41,凱基-埔墘,2023-07-14,9288
00632R,元大台灣50反1,40,0,40,凱基-埔墘,2023-07-14,9288
2356,英業達,49,11,38,凱基-埔墘,2023-07-14,9288
00929,復華台灣科技優息,30,2,28,凱基-埔墘,2023-07-14,9288
00712,復華富時不動產,30,6,24,凱基-埔墘,2023-07-14,9288
2855,統一證,21,0,21,凱基-埔墘,2023-07-14,9288
00738U,期元大道瓊白銀,20,0,20,凱基-埔墘,2023-07-14,9288
2515,中工,20,0,20,凱基-埔墘,2023-07-14,9288
2340,台亞,24,5,19,凱基-埔墘,2023-07-14,9288
3596,智易,19,0,19,凱基-埔墘,2023-07-14,9288
6548,長科*,16,0,16,凱基-埔墘,2023-07-14,9288
00882,中信中國高股息,15,0,15,凱基-埔墘,2023-07-14,9288
2486,一詮,15,0,15,凱基-埔墘,2023-07-14,9288
5443,均豪,15,0,15,凱基-埔墘,2023-07-14,9288
3105,穩懋,15,1,14,凱基-埔墘,2023-07-14,9288
2481,強茂,20,7,13,凱基-埔墘,2023-07-14,9288
2883,凱基金,15,2,13,凱基-埔墘,2023-07-14,9288
3025,星通,16,3,13,凱基-埔墘,2023-07-14,9288
2419,仲琦,15,3,12,凱基-埔墘,2023-07-14,9288
2609,陽明,25,13,12,凱基-埔墘,2023-07-14,9288
3419,譁裕,11,0,11,凱基-埔墘,2023-07-14,9288
1210,大成,10,0,10,凱基-埔墘,2023-07-14,9288
00645,富邦日本,10,0,10,凱基-埔墘,2023-07-14,9288
1718,中纖,10,0,10,凱基-埔墘,2023-07-14,9288
2236,百達-KY,10,0,10,凱基-埔墘,2023-07-14,9288
2337,旺宏,10,0,10,凱基-埔墘,2023-07-14,9288
3149,正達,10,0,10,凱基-埔墘,2023-07-14,9288
5014,建錩,10,0,10,凱基-埔墘,2023-07-14,9288
8096,擎亞,10,0,10,凱基-埔墘,2023-07-14,9288
8936,國統,11,1,10,凱基-埔墘,2023-07-14,9288
3032,偉訓,15,6,9,凱基-埔墘,2023-07-14,9288
6207,雷科,9,0,9,凱基-埔墘,2023-07-14,9288
6235,華孚,10,1,9,凱基-埔墘,2023-07-14,9288
8021,尖點,10,2,8,凱基-埔墘,2023-07-14,9288
6190,萬泰科,9,1,8,凱基-埔墘,2023-07-14,9288
8358,金居,8,1,7,凱基-埔墘,2023-07-14,9288
3706,神達,10,3,7,凱基-埔墘,2023-07-14,9288
1514,亞力,6,0,6,凱基-埔墘,2023-07-14,9288
1513,中興電,8,2,6,凱基-埔墘,2023-07-14,9288
00680L,元大美債20正2,6,0,6,凱基-埔墘,2023-07-14,9288
00679B,元大美債20年,6,0,6,凱基-埔墘,2023-07-14,9288
00673R,期元大S＆P原油反1,6,0,6,凱基-埔墘,2023-07-14,9288
3704,合勤控,14,8,6,凱基-埔墘,2023-07-14,9288
4960,誠美材,8,2,6,凱基-埔墘,2023-07-14,9288
2314,台揚,5,0,5,凱基-埔墘,2023-07-14,9288
00715L,期街口布蘭特正2,184,3,181,凱基-埔墘,2023-07-17,9288
2461,光群雷,154,9,145,凱基-埔墘,2023-07-17,9288
5258,虹堡,78,1,77,凱基-埔墘,2023-07-17,9288
2313,華通,72,3,69,凱基-埔墘,2023-07-17,9288
3047,訊舟,64,1,63,凱基-埔墘,2023-07-17,9288
00673R,期元大S＆P原油反1,55,0,55,凱基-埔墘,2023-07-17,9288
2376,技嘉,61,7,54,凱基-埔墘,2023-07-17,9288
1402,遠東新,41,0,41,凱基-埔墘,2023-07-17,9288
4123,晟德,33,0,33,凱基-埔墘,2023-07-17,9288
2362,藍天,30,0,30,凱基-埔墘,2023-07-17,9288
8403,盛弘,20,0,20,凱基-埔墘,2023-07-17,9288
5457,宣德,17,0,17,凱基-埔墘,2023-07-17,9288
2382,廣達,26,9,17,凱基-埔墘,2023-07-17,9288
2610,華航,26,10,16,凱基-埔墘,2023-07-17,9288
4938,和碩,17,1,16,凱基-埔墘,2023-07-17,9288
9941,裕融,16,0,16,凱基-埔墘,2023-07-17,9288
2236,百達-KY,15,0,15,凱基-埔墘,2023-07-17,9288
1504,東元,20,6,14,凱基-埔墘,2023-07-17,9288
3489,森寶,14,0,14,凱基-埔墘,2023-07-17,9288
3540,曜越,18,4,14,凱基-埔墘,2023-07-17,9288
6282,康舒,27,14,13,凱基-埔墘,2023-07-17,9288
3163,波若威,13,1,12,凱基-埔墘,2023-07-17,9288
3596,智易,12,1,11,凱基-埔墘,2023-07-17,9288
3050,鈺德,10,0,10,凱基-埔墘,2023-07-17,9288
020022,元大電動車N,10,0,10,凱基-埔墘,2023-07-17,9288
2332,友訊,10,0,10,凱基-埔墘,2023-07-17,9288
2606,裕民,11,1,10,凱基-埔墘,2023-07-17,9288
5206,坤悅,10,0,10,凱基-埔墘,2023-07-17,9288
8096,擎亞,10,0,10,凱基-埔墘,2023-07-17,9288
9938,百和,10,0,10,凱基-埔墘,2023-07-17,9288
3231,緯創,12,3,9,凱基-埔墘,2023-07-17,9288
00929,復華台灣科技優息,9,0,9,凱基-埔墘,2023-07-17,9288
1762,中化生,10,1,9,凱基-埔墘,2023-07-17,9288
3057,喬鼎,10,2,8,凱基-埔墘,2023-07-17,9288
3338,泰碩,8,0,8,凱基-埔墘,2023-07-17,9288
5351,鈺創,8,0,8,凱基-埔墘,2023-07-17,9288
00679B,元大美債20年,7,0,7,凱基-埔墘,2023-07-17,9288
2486,一詮,7,0,7,凱基-埔墘,2023-07-17,9288
6182,合晶,6,0,6,凱基-埔墘,2023-07-17,9288
6224,聚鼎,6,0,6,凱基-埔墘,2023-07-17,9288
1102,亞泥,8,3,5,凱基-埔墘,2023-07-17,9288
00753L,中信中國50正2,5,0,5,凱基-埔墘,2023-07-17,9288
1444,力麗,5,0,5,凱基-埔墘,2023-07-17,9288
1618,合機,15,10,5,凱基-埔墘,2023-07-17,9288
2329,華泰,5,0,5,凱基-埔墘,2023-07-17,9288
2349,錸德,5,0,5,凱基-埔墘,2023-07-17,9288
2380,虹光,5,0,5,凱基-埔墘,2023-07-17,9288
2609,陽明,18,13,5,凱基-埔墘,2023-07-17,9288
2855,統一證,6,1,5,凱基-埔墘,2023-07-17,9288
3003,健和興,5,0,5,凱基-埔墘,2023-07-17,9288
2461,光群雷,171,0,171,凱基-埔墘,2023-07-18,9288
5258,虹堡,165,2,163,凱基-埔墘,2023-07-18,9288
3047,訊舟,112,1,111,凱基-埔墘,2023-07-18,9288
00882,中信中國高股息,64,0,64,凱基-埔墘,2023-07-18,9288
8403,盛弘,60,0,60,凱基-埔墘,2023-07-18,9288
2353,宏��,71,14,57,凱基-埔墘,2023-07-18,9288
3706,神達,73,21,52,凱基-埔墘,2023-07-18,9288
2812,台中銀,46,0,46,凱基-埔墘,2023-07-18,9288
2312,金寶,49,9,40,凱基-埔墘,2023-07-18,9288
00929,復華台灣科技優息,39,0,39,凱基-埔墘,2023-07-18,9288
2352,佳世達,77,39,38,凱基-埔墘,2023-07-18,9288
2324,仁寶,52,16,36,凱基-埔墘,2023-07-18,9288
3715,定穎投控,30,0,30,凱基-埔墘,2023-07-18,9288
6282,康舒,43,18,25,凱基-埔墘,2023-07-18,9288
2399,映泰,23,3,20,凱基-埔墘,2023-07-18,9288
9904,寶成,20,2,18,凱基-埔墘,2023-07-18,9288
4938,和碩,20,4,16,凱基-埔墘,2023-07-18,9288
3163,波若威,17,2,15,凱基-埔墘,2023-07-18,9288
1514,亞力,19,4,15,凱基-埔墘,2023-07-18,9288
2515,中工,14,0,14,凱基-埔墘,2023-07-18,9288
3305,昇貿,12,0,12,凱基-埔墘,2023-07-18,9288
2303,聯電,12,0,12,凱基-埔墘,2023-07-18,9288
1609,大亞,70,59,11,凱基-埔墘,2023-07-18,9288
00640L,富邦日本正2,10,0,10,凱基-埔墘,2023-07-18,9288
2542,興富發,10,0,10,凱基-埔墘,2023-07-18,9288
3205,佰研,10,0,10,凱基-埔墘,2023-07-18,9288
4116,明基醫,10,0,10,凱基-埔墘,2023-07-18,9288
4164,承業醫,10,0,10,凱基-埔墘,2023-07-18,9288
6234,高僑,10,0,10,凱基-埔墘,2023-07-18,9288
6461,益得,10,0,10,凱基-埔墘,2023-07-18,9288
2340,台亞,11,2,9,凱基-埔墘,2023-07-18,9288
2344,華邦電,10,1,9,凱基-埔墘,2023-07-18,9288
2356,英業達,58,50,8,凱基-埔墘,2023-07-18,9288
3034,聯詠,8,0,8,凱基-埔墘,2023-07-18,9288
1789,神隆,7,0,7,凱基-埔墘,2023-07-18,9288
2449,京元電子,15,8,7,凱基-埔墘,2023-07-18,9288
3689,湧德,8,1,7,凱基-埔墘,2023-07-18,9288
4121,優盛,10,3,7,凱基-埔墘,2023-07-18,9288
5351,鈺創,7,0,7,凱基-埔墘,2023-07-18,9288
5443,均豪,7,0,7,凱基-埔墘,2023-07-18,9288
6462,神盾,7,0,7,凱基-埔墘,2023-07-18,9288
6470,宇智,11,4,7,凱基-埔墘,2023-07-18,9288
1313,聯成,9,3,6,凱基-埔墘,2023-07-18,9288
2337,旺宏,8,2,6,凱基-埔墘,2023-07-18,9288
3558,神準,7,1,6,凱基-埔墘,2023-07-18,9288
4746,台耀,8,2,6,凱基-埔墘,2023-07-18,9288
4960,誠美材,6,0,6,凱基-埔墘,2023-07-18,9288
5871,中租-KY,6,0,6,凱基-埔墘,2023-07-18,9288
6179,亞通,6,0,6,凱基-埔墘,2023-07-18,9288
3380,明泰,6,0,6,凱基-埔墘,2023-07-18,9288
00753L,中信中國50正2,146,1,145,凱基-埔墘,2023-07-19,9288
5465,富驊,100,0,100,凱基-埔墘,2023-07-19,9288
2461,光群雷,71,1,70,凱基-埔墘,2023-07-19,9288
00715L,期街口布蘭特正2,70,2,68,凱基-埔墘,2023-07-19,9288
00929,復華台灣科技優息,57,1,56,凱基-埔墘,2023-07-19,9288
00673R,期元大S＆P原油反1,50,0,50,凱基-埔墘,2023-07-19,9288
4123,晟德,55,5,50,凱基-埔墘,2023-07-19,9288
2610,華航,62,21,41,凱基-埔墘,2023-07-19,9288
2324,仁寶,48,16,32,凱基-埔墘,2023-07-19,9288
6166,凌華,41,10,31,凱基-埔墘,2023-07-19,9288
1402,遠東新,30,0,30,凱基-埔墘,2023-07-19,9288
2617,台航,26,0,26,凱基-埔墘,2023-07-19,9288
00679B,元大美債20年,25,0,25,凱基-埔墘,2023-07-19,9288
2609,陽明,27,4,23,凱基-埔墘,2023-07-19,9288
2618,長榮航,24,3,21,凱基-埔墘,2023-07-19,9288
2887,台新金,20,0,20,凱基-埔墘,2023-07-19,9288
2323,中環,30,10,20,凱基-埔墘,2023-07-19,9288
3231,緯創,25,5,20,凱基-埔墘,2023-07-19,9288
2344,華邦電,19,0,19,凱基-埔墘,2023-07-19,9288
00923,群益台ESG低碳50,15,0,15,凱基-埔墘,2023-07-19,9288
2433,互盛電,15,0,15,凱基-埔墘,2023-07-19,9288
6796,晉弘,15,0,15,凱基-埔墘,2023-07-19,9288
6585,鼎基,14,0,14,凱基-埔墘,2023-07-19,9288
9945,潤泰新,14,2,12,凱基-埔墘,2023-07-19,9288
00882,中信中國高股息,12,0,12,凱基-埔墘,2023-07-19,9288
3037,欣興,35,25,10,凱基-埔墘,2023-07-19,9288
00895,富邦未來車,10,0,10,凱基-埔墘,2023-07-19,9288
1795,美時,12,2,10,凱基-埔墘,2023-07-19,9288
3162,精確,10,0,10,凱基-埔墘,2023-07-19,9288
2393,億光,11,1,10,凱基-埔墘,2023-07-19,9288
2337,旺宏,13,4,9,凱基-埔墘,2023-07-19,9288
2317,鴻海,9,0,9,凱基-埔墘,2023-07-19,9288
2353,宏��,38,30,8,凱基-埔墘,2023-07-19,9288
3481,群創,17,9,8,凱基-埔墘,2023-07-19,9288
00878,國泰永續高股息,8,1,7,凱基-埔墘,2023-07-19,9288
1229,聯華,7,0,7,凱基-埔墘,2023-07-19,9288
2027,大成鋼,7,0,7,凱基-埔墘,2023-07-19,9288
2399,映泰,21,14,7,凱基-埔墘,2023-07-19,9288
00881,國泰台灣5G+,6,0,6,凱基-埔墘,2023-07-19,9288
1612,宏泰,6,0,6,凱基-埔墘,2023-07-19,9288
2637,慧洋-KY,11,5,6,凱基-埔墘,2023-07-19,9288
6188,廣明,19,13,6,凱基-埔墘,2023-07-19,9288
4566,時碩工業,15,9,6,凱基-埔墘,2023-07-19,9288
2330,台積電,7,2,5,凱基-埔墘,2023-07-19,9288
2308,台達電,5,0,5,凱基-埔墘,2023-07-19,9288
2301,光寶科,8,3,5,凱基-埔墘,2023-07-19,9288
2329,華泰,12,7,5,凱基-埔墘,2023-07-19,9288
2362,藍天,5,0,5,凱基-埔墘,2023-07-19,9288
2371,大同,15,10,5,凱基-埔墘,2023-07-19,9288
2903,遠百,5,0,5,凱基-埔墘,2023-07-19,9288
00715L,期街口布蘭特正2,658,0,658,凱基-埔墘,2023-07-20,9288
3481,群創,214,7,207,凱基-埔墘,2023-07-20,9288
3033,威健,68,0,68,凱基-埔墘,2023-07-20,9288
2340,台亞,52,2,50,凱基-埔墘,2023-07-20,9288
2382,廣達,53,9,44,凱基-埔墘,2023-07-20,9288
6112,邁達特,41,2,39,凱基-埔墘,2023-07-20,9288
6796,晉弘,35,0,35,凱基-埔墘,2023-07-20,9288
00637L,元大滬深300正2,38,4,34,凱基-埔墘,2023-07-20,9288
2303,聯電,31,1,30,凱基-埔墘,2023-07-20,9288
2337,旺宏,21,0,21,凱基-埔墘,2023-07-20,9288
1210,大成,20,0,20,凱基-埔墘,2023-07-20,9288
2344,華邦電,20,0,20,凱基-埔墘,2023-07-20,9288
00929,復華台灣科技優息,19,0,19,凱基-埔墘,2023-07-20,9288
00878,國泰永續高股息,26,9,17,凱基-埔墘,2023-07-20,9288
1471,首利,17,1,16,凱基-埔墘,2023-07-20,9288
2433,互盛電,16,0,16,凱基-埔墘,2023-07-20,9288
1102,亞泥,11,0,11,凱基-埔墘,2023-07-20,9288
4175,杏一,10,0,10,凱基-埔墘,2023-07-20,9288
2368,金像電,10,0,10,凱基-埔墘,2023-07-20,9288
2451,創見,10,0,10,凱基-埔墘,2023-07-20,9288
3380,明泰,14,4,10,凱基-埔墘,2023-07-20,9288
3520,華盈,10,0,10,凱基-埔墘,2023-07-20,9288
6461,益得,10,0,10,凱基-埔墘,2023-07-20,9288
3037,欣興,13,3,10,凱基-埔墘,2023-07-20,9288
1905,華紙,13,5,8,凱基-埔墘,2023-07-20,9288
2618,長榮航,24,16,8,凱基-埔墘,2023-07-20,9288
2812,台中銀,7,0,7,凱基-埔墘,2023-07-20,9288
5484,慧友,7,0,7,凱基-埔墘,2023-07-20,9288
6462,神盾,7,0,7,凱基-埔墘,2023-07-20,9288
8033,雷虎,10,3,7,凱基-埔墘,2023-07-20,9288
4123,晟德,16,10,6,凱基-埔墘,2023-07-20,9288
5706,鳳凰,6,0,6,凱基-埔墘,2023-07-20,9288
00893,國泰智能電動車,11,5,6,凱基-埔墘,2023-07-20,9288
2453,凌群,5,0,5,凱基-埔墘,2023-07-20,9288
3032,偉訓,7,2,5,凱基-埔墘,2023-07-20,9288
4563,百德,5,0,5,凱基-埔墘,2023-07-20,9288
6531,愛普*,5,0,5,凱基-埔墘,2023-07-20,9288
9904,寶成,5,0,5,凱基-埔墘,2023-07-20,9288
2324,仁寶,7,3,4,凱基-埔墘,2023-07-20,9288
00680L,元大美債20正2,4,0,4,凱基-埔墘,2023-07-20,9288
2206,三陽工業,6,2,4,凱基-埔墘,2023-07-20,9288
2329,華泰,5,1,4,凱基-埔墘,2023-07-20,9288
2481,強茂,6,2,4,凱基-埔墘,2023-07-20,9288
3264,欣銓,12,8,4,凱基-埔墘,2023-07-20,9288
8299,群聯,6,2,4,凱基-埔墘,2023-07-20,9288
9929,秋雨,4,0,4,凱基-埔墘,2023-07-20,9288
6150,撼訊,22,18,4,凱基-埔墘,2023-07-20,9288
2436,偉詮電,6,2,4,凱基-埔墘,2023-07-20,9288
2449,京元電子,3,0,3,凱基-埔墘,2023-07-20,9288
2301,光寶科,3,0,3,凱基-埔墘,2023-07-20,9288
00637L,元大滬深300正2,172,2,170,凱基-埔墘,2023-07-21,9288
6016,康和證,160,5,155,凱基-埔墘,2023-07-21,9288
00673R,期元大S＆P原油反1,55,0,55,凱基-埔墘,2023-07-21,9288
2369,菱生,50,0,50,凱基-埔墘,2023-07-21,9288
3715,定穎投控,50,3,47,凱基-埔墘,2023-07-21,9288
2867,三商壽,33,0,33,凱基-埔墘,2023-07-21,9288
2344,華邦電,26,0,26,凱基-埔墘,2023-07-21,9288
1710,東聯,25,0,25,凱基-埔墘,2023-07-21,9288
3324,雙鴻,31,6,25,凱基-埔墘,2023-07-21,9288
5474,聰泰,24,0,24,凱基-埔墘,2023-07-21,9288
1102,亞泥,22,0,22,凱基-埔墘,2023-07-21,9288
5258,虹堡,23,1,22,凱基-埔墘,2023-07-21,9288
1727,中華化,30,9,21,凱基-埔墘,2023-07-21,9288
3689,湧德,21,0,21,凱基-埔墘,2023-07-21,9288
1513,中興電,39,19,20,凱基-埔墘,2023-07-21,9288
1402,遠東新,20,0,20,凱基-埔墘,2023-07-21,9288
2351,順德,19,0,19,凱基-埔墘,2023-07-21,9288
1210,大成,25,10,15,凱基-埔墘,2023-07-21,9288
4977,眾達-KY,12,0,12,凱基-埔墘,2023-07-21,9288
2883,凱基金,12,0,12,凱基-埔墘,2023-07-21,9288
2609,陽明,14,2,12,凱基-埔墘,2023-07-21,9288
1514,亞力,15,4,11,凱基-埔墘,2023-07-21,9288
3707,漢磊,11,0,11,凱基-埔墘,2023-07-21,9288
1342,八貫,10,0,10,凱基-埔墘,2023-07-21,9288
2230,泰茂,10,0,10,凱基-埔墘,2023-07-21,9288
4541,晟田,10,0,10,凱基-埔墘,2023-07-21,9288
5302,太欣,10,0,10,凱基-埔墘,2023-07-21,9288
1503,士電,13,4,9,凱基-埔墘,2023-07-21,9288
2331,精英,10,1,9,凱基-埔墘,2023-07-21,9288
2376,技嘉,11,2,9,凱基-埔墘,2023-07-21,9288
3017,奇鋐,14,5,9,凱基-埔墘,2023-07-21,9288
6182,合晶,10,1,9,凱基-埔墘,2023-07-21,9288
6285,啟��,9,0,9,凱基-埔墘,2023-07-21,9288
2882,國泰金,8,0,8,凱基-埔墘,2023-07-21,9288
2330,台積電,9,2,7,凱基-埔墘,2023-07-21,9288
3037,欣興,15,8,7,凱基-埔墘,2023-07-21,9288
2303,聯電,13,7,6,凱基-埔墘,2023-07-21,9288
1515,力山,6,0,6,凱基-埔墘,2023-07-21,9288
3078,僑威,8,2,6,凱基-埔墘,2023-07-21,9288
3673,TPK-KY,6,0,6,凱基-埔墘,2023-07-21,9288
4533,協易機,6,0,6,凱基-埔墘,2023-07-21,9288
6214,精誠,6,0,6,凱基-埔墘,2023-07-21,9288
2301,光寶科,17,11,6,凱基-埔墘,2023-07-21,9288
3013,晟銘電,31,26,5,凱基-埔墘,2023-07-21,9288
1434,福懋,5,0,5,凱基-埔墘,2023-07-21,9288
00683L,期元大美元指正2,5,0,5,凱基-埔墘,2023-07-21,9288
00715L,期街口布蘭特正2,5,0,5,凱基-埔墘,2023-07-21,9288
00895,富邦未來車,5,0,5,凱基-埔墘,2023-07-21,9288
00927,群益半導體收益,5,0,5,凱基-埔墘,2023-07-21,9288
00923,群益台ESG低碳50,5,0,5,凱基-埔墘,2023-07-21,9288
00637L,元大滬深300正2,141,0,141,凱基-埔墘,2023-07-24,9288
00640L,富邦日本正2,100,0,100,凱基-埔墘,2023-07-24,9288
2449,京元電子,42,4,38,凱基-埔墘,2023-07-24,9288
5340,建榮,33,0,33,凱基-埔墘,2023-07-24,9288
3147,大綜,26,0,26,凱基-埔墘,2023-07-24,9288
3264,欣銓,32,8,24,凱基-埔墘,2023-07-24,9288
1102,亞泥,22,0,22,凱基-埔墘,2023-07-24,9288
1609,大亞,85,63,22,凱基-埔墘,2023-07-24,9288
3037,欣興,34,12,22,凱基-埔墘,2023-07-24,9288
6274,台燿,31,13,18,凱基-埔墘,2023-07-24,9288
2337,旺宏,17,0,17,凱基-埔墘,2023-07-24,9288
2610,華航,17,1,16,凱基-埔墘,2023-07-24,9288
6245,立端,15,0,15,凱基-埔墘,2023-07-24,9288
3481,群創,14,0,14,凱基-埔墘,2023-07-24,9288
3231,緯創,25,11,14,凱基-埔墘,2023-07-24,9288
6234,高僑,14,0,14,凱基-埔墘,2023-07-24,9288
2352,佳世達,20,7,13,凱基-埔墘,2023-07-24,9288
3707,漢磊,12,0,12,凱基-埔墘,2023-07-24,9288
2323,中環,11,0,11,凱基-埔墘,2023-07-24,9288
00900,富邦特選高股息30,10,0,10,凱基-埔墘,2023-07-24,9288
1718,中纖,10,0,10,凱基-埔墘,2023-07-24,9288
2461,光群雷,12,3,9,凱基-埔墘,2023-07-24,9288
2329,華泰,33,24,9,凱基-埔墘,2023-07-24,9288
2316,楠梓電,8,0,8,凱基-埔墘,2023-07-24,9288
2340,台亞,10,2,8,凱基-埔墘,2023-07-24,9288
3044,健鼎,8,0,8,凱基-埔墘,2023-07-24,9288
6282,康舒,19,11,8,凱基-埔墘,2023-07-24,9288
6550,北極星藥業-KY,8,0,8,凱基-埔墘,2023-07-24,9288
5474,聰泰,30,23,7,凱基-埔墘,2023-07-24,9288
00930,永豐ESG低碳高息,7,0,7,凱基-埔墘,2023-07-24,9288
2405,輔信,8,1,7,凱基-埔墘,2023-07-24,9288
2615,萬海,6,0,6,凱基-埔墘,2023-07-24,9288
00772B,中信高評級公司債,6,0,6,凱基-埔墘,2023-07-24,9288
00733,富邦臺灣中小,6,0,6,凱基-埔墘,2023-07-24,9288
00720B,元大投資級公司債,6,0,6,凱基-埔墘,2023-07-24,9288
2409,友達,8,2,6,凱基-埔墘,2023-07-24,9288
2481,強茂,8,2,6,凱基-埔墘,2023-07-24,9288
2834,臺企銀,6,0,6,凱基-埔墘,2023-07-24,9288
3548,兆利,6,0,6,凱基-埔墘,2023-07-24,9288
5483,中美晶,6,0,6,凱基-埔墘,2023-07-24,9288
2027,大成鋼,5,0,5,凱基-埔墘,2023-07-24,9288
2206,三陽工業,5,0,5,凱基-埔墘,2023-07-24,9288
2208,台船,5,0,5,凱基-埔墘,2023-07-24,9288
2617,台航,8,3,5,凱基-埔墘,2023-07-24,9288
2630,亞航,5,0,5,凱基-埔墘,2023-07-24,9288
3003,健和興,5,0,5,凱基-埔墘,2023-07-24,9288
3094,聯傑,5,0,5,凱基-埔墘,2023-07-24,9288
3444,利機,9,4,5,凱基-埔墘,2023-07-24,9288
4175,杏一,5,0,5,凱基-埔墘,2023-07-24,9288
5864,致和證,5,0,5,凱基-埔墘,2023-07-24,9288
00715L,期街口布蘭特正2,150,1,149,凱基-埔墘,2023-07-25,9288
00665L,富邦�琤肭磪囓�2,50,2,48,凱基-埔墘,2023-07-25,9288
9907,統一實,47,0,47,凱基-埔墘,2023-07-25,9288
8215,明基材,40,1,39,凱基-埔墘,2023-07-25,9288
2610,華航,42,11,31,凱基-埔墘,2023-07-25,9288
2236,百達-KY,29,0,29,凱基-埔墘,2023-07-25,9288
3231,緯創,38,13,25,凱基-埔墘,2023-07-25,9288
2449,京元電子,30,4,26,凱基-埔墘,2023-07-25,9288
2329,華泰,30,5,25,凱基-埔墘,2023-07-25,9288
00929,復華台灣科技優息,27,3,24,凱基-埔墘,2023-07-25,9288
1905,華紙,26,2,24,凱基-埔墘,2023-07-25,9288
1609,大亞,26,3,23,凱基-埔墘,2023-07-25,9288
2353,宏��,31,11,20,凱基-埔墘,2023-07-25,9288
5269,祥碩,20,0,20,凱基-埔墘,2023-07-25,9288
00632R,元大台灣50反1,20,0,20,凱基-埔墘,2023-07-25,9288
6182,合晶,20,0,20,凱基-埔墘,2023-07-25,9288
2881,富邦金,20,0,20,凱基-埔墘,2023-07-25,9288
00878,國泰永續高股息,17,3,14,凱基-埔墘,2023-07-25,9288
3037,欣興,29,15,14,凱基-埔墘,2023-07-25,9288
2887,台新金,16,3,13,凱基-埔墘,2023-07-25,9288
2228,劍麟,13,0,13,凱基-埔墘,2023-07-25,9288
6456,GIS-KY,13,0,13,凱基-埔墘,2023-07-25,9288
2382,廣達,61,49,12,凱基-埔墘,2023-07-25,9288
6546,正基,12,0,12,凱基-埔墘,2023-07-25,9288
3207,耀勝,11,0,11,凱基-埔墘,2023-07-25,9288
3481,群創,23,12,11,凱基-埔墘,2023-07-25,9288
2002,中鋼,10,0,10,凱基-埔墘,2023-07-25,9288
2913,農林,12,2,10,凱基-埔墘,2023-07-25,9288
4533,協易機,10,0,10,凱基-埔墘,2023-07-25,9288
6116,彩晶,10,0,10,凱基-埔墘,2023-07-25,9288
8093,保銳,10,0,10,凱基-埔墘,2023-07-25,9288
00912,中信臺灣智慧50,8,0,8,凱基-埔墘,2023-07-25,9288
3702,大聯大,8,0,8,凱基-埔墘,2023-07-25,9288
6533,晶心科,9,1,8,凱基-埔墘,2023-07-25,9288
00679B,元大美債20年,7,0,7,凱基-埔墘,2023-07-25,9288
6282,康舒,15,8,7,凱基-埔墘,2023-07-25,9288
2317,鴻海,20,13,7,凱基-埔墘,2023-07-25,9288
2330,台積電,9,3,6,凱基-埔墘,2023-07-25,9288
2230,泰茂,6,0,6,凱基-埔墘,2023-07-25,9288
2392,正崴,6,0,6,凱基-埔墘,2023-07-25,9288
5439,高技,10,4,6,凱基-埔墘,2023-07-25,9288
1102,亞泥,7,2,5,凱基-埔墘,2023-07-25,9288
1402,遠東新,5,0,5,凱基-埔墘,2023-07-25,9288
2340,台亞,9,4,5,凱基-埔墘,2023-07-25,9288
2425,承啟,12,7,5,凱基-埔墘,2023-07-25,9288
2633,台灣高鐵,5,0,5,凱基-埔墘,2023-07-25,9288
3071,協禧,7,2,5,凱基-埔墘,2023-07-25,9288
3535,晶彩科,5,0,5,凱基-埔墘,2023-07-25,9288
8027,鈦昇,5,0,5,凱基-埔墘,2023-07-25,9288
2402,毅嘉,5,1,4,凱基-埔墘,2023-07-25,9288
1217,愛之味,185,1,184,凱基-埔墘,2023-07-26,9288
2329,華泰,93,45,48,凱基-埔墘,2023-07-26,9288
1504,東元,59,23,36,凱基-埔墘,2023-07-26,9288
5531,鄉林,25,0,25,凱基-埔墘,2023-07-26,9288
1471,首利,28,4,24,凱基-埔墘,2023-07-26,9288
2337,旺宏,24,0,24,凱基-埔墘,2023-07-26,9288
00720B,元大投資級公司債,23,0,23,凱基-埔墘,2023-07-26,9288
4526,東台,23,0,23,凱基-埔墘,2023-07-26,9288
00902,中信電池及儲能,20,0,20,凱基-埔墘,2023-07-26,9288
6446,藥華藥,20,1,19,凱基-埔墘,2023-07-26,9288
2903,遠百,29,12,17,凱基-埔墘,2023-07-26,9288
1609,大亞,16,0,16,凱基-埔墘,2023-07-26,9288
3217,優群,16,0,16,凱基-埔墘,2023-07-26,9288
2883,凱基金,14,0,14,凱基-埔墘,2023-07-26,9288
00929,復華台灣科技優息,13,0,13,凱基-埔墘,2023-07-26,9288
2887,台新金,13,0,13,凱基-埔墘,2023-07-26,9288
00878,國泰永續高股息,13,0,13,凱基-埔墘,2023-07-26,9288
3016,嘉晶,12,0,12,凱基-埔墘,2023-07-26,9288
00919,群益台灣精選高息,12,0,12,凱基-埔墘,2023-07-26,9288
3707,漢磊,11,0,11,凱基-埔墘,2023-07-26,9288
2308,台達電,10,0,10,凱基-埔墘,2023-07-26,9288
2439,美律,10,0,10,凱基-埔墘,2023-07-26,9288
4532,瑞智,10,0,10,凱基-埔墘,2023-07-26,9288
8021,尖點,10,0,10,凱基-埔墘,2023-07-26,9288
8215,明基材,10,0,10,凱基-埔墘,2023-07-26,9288
5880,合庫金,11,1,10,凱基-埔墘,2023-07-26,9288
2881,富邦金,10,1,9,凱基-埔墘,2023-07-26,9288
8027,鈦昇,8,0,8,凱基-埔墘,2023-07-26,9288
2303,聯電,7,0,7,凱基-埔墘,2023-07-26,9288
8436,大江,7,0,7,凱基-埔墘,2023-07-26,9288
6182,合晶,6,0,6,凱基-埔墘,2023-07-26,9288
3306,鼎天,6,0,6,凱基-埔墘,2023-07-26,9288
3416,融程電,6,0,6,凱基-埔墘,2023-07-26,9288
6120,達運,10,4,6,凱基-埔墘,2023-07-26,9288
8150,南茂,6,0,6,凱基-埔墘,2023-07-26,9288
2301,光寶科,21,15,6,凱基-埔墘,2023-07-26,9288
3037,欣興,19,14,5,凱基-埔墘,2023-07-26,9288
2352,佳世達,11,6,5,凱基-埔墘,2023-07-26,9288
5483,中美晶,5,0,5,凱基-埔墘,2023-07-26,9288
00921,兆豐龍頭等權重,5,0,5,凱基-埔墘,2023-07-26,9288
1210,大成,5,0,5,凱基-埔墘,2023-07-26,9288
00891,中信關鍵半導體,5,0,5,凱基-埔墘,2023-07-26,9288
1727,中華化,5,0,5,凱基-埔墘,2023-07-26,9288
1732,毛寶,5,0,5,凱基-埔墘,2023-07-26,9288
2344,華邦電,7,2,5,凱基-埔墘,2023-07-26,9288
3615,安可,5,0,5,凱基-埔墘,2023-07-26,9288
5243,乙盛-KY,5,0,5,凱基-埔墘,2023-07-26,9288
6290,良維,6,1,5,凱基-埔墘,2023-07-26,9288
6546,正基,5,0,5,凱基-埔墘,2023-07-26,9288
4533,協易機,12,7,5,凱基-埔墘,2023-07-26,9288
1217,愛之味,165,0,165,凱基-埔墘,2023-07-27,9288
00902,中信電池及儲能,93,0,93,凱基-埔墘,2023-07-27,9288
00929,復華台灣科技優息,51,0,51,凱基-埔墘,2023-07-27,9288
2461,光群雷,57,8,49,凱基-埔墘,2023-07-27,9288
00665L,富邦�琤肭磪囓�2,50,2,48,凱基-埔墘,2023-07-27,9288
00637L,元大滬深300正2,49,1,48,凱基-埔墘,2023-07-27,9288
6016,康和證,47,2,45,凱基-埔墘,2023-07-27,9288
6283,淳安,35,0,35,凱基-埔墘,2023-07-27,9288
2888,新光金,62,28,34,凱基-埔墘,2023-07-27,9288
00885,富邦越南,32,0,32,凱基-埔墘,2023-07-27,9288
3035,智原,31,1,30,凱基-埔墘,2023-07-27,9288
5426,振發,30,0,30,凱基-埔墘,2023-07-27,9288
2340,台亞,41,20,21,凱基-埔墘,2023-07-27,9288
2329,華泰,74,54,20,凱基-埔墘,2023-07-27,9288
5243,乙盛-KY,18,0,18,凱基-埔墘,2023-07-27,9288
1514,亞力,16,0,16,凱基-埔墘,2023-07-27,9288
1611,中電,16,0,16,凱基-埔墘,2023-07-27,9288
1815,富喬,21,5,16,凱基-埔墘,2023-07-27,9288
1513,中興電,16,1,15,凱基-埔墘,2023-07-27,9288
1605,華新,20,5,15,凱基-埔墘,2023-07-27,9288
6120,達運,15,0,15,凱基-埔墘,2023-07-27,9288
2915,潤泰全,13,0,13,凱基-埔墘,2023-07-27,9288
2402,毅嘉,12,0,12,凱基-埔墘,2023-07-27,9288
1471,首利,15,5,10,凱基-埔墘,2023-07-27,9288
00919,群益台灣精選高息,10,0,10,凱基-埔墘,2023-07-27,9288
00632R,元大台灣50反1,10,0,10,凱基-埔墘,2023-07-27,9288
3673,TPK-KY,10,0,10,凱基-埔墘,2023-07-27,9288
4168,醣聯,10,0,10,凱基-埔墘,2023-07-27,9288
2002,中鋼,9,0,9,凱基-埔墘,2023-07-27,9288
2324,仁寶,14,6,8,凱基-埔墘,2023-07-27,9288
00679B,元大美債20年,7,0,7,凱基-埔墘,2023-07-27,9288
2453,凌群,9,2,7,凱基-埔墘,2023-07-27,9288
2471,資通,12,5,7,凱基-埔墘,2023-07-27,9288
3607,谷崧,7,0,7,凱基-埔墘,2023-07-27,9288
3694,海華,7,0,7,凱基-埔墘,2023-07-27,9288
4533,協易機,11,4,7,凱基-埔墘,2023-07-27,9288
1727,中華化,8,2,6,凱基-埔墘,2023-07-27,9288
2317,鴻海,6,0,6,凱基-埔墘,2023-07-27,9288
2633,台灣高鐵,6,0,6,凱基-埔墘,2023-07-27,9288
2301,光寶科,10,4,6,凱基-埔墘,2023-07-27,9288
2356,英業達,9,4,5,凱基-埔墘,2023-07-27,9288
3017,奇鋐,7,2,5,凱基-埔墘,2023-07-27,9288
1227,佳格,5,0,5,凱基-埔墘,2023-07-27,9288
2634,漢翔,5,0,5,凱基-埔墘,2023-07-27,9288
3217,優群,5,0,5,凱基-埔墘,2023-07-27,9288
3706,神達,5,0,5,凱基-埔墘,2023-07-27,9288
4164,承業醫,5,0,5,凱基-埔墘,2023-07-27,9288
5285,界霖,5,0,5,凱基-埔墘,2023-07-27,9288
6015,宏遠證,7,2,5,凱基-埔墘,2023-07-27,9288
6591,動力-KY,6,1,5,凱基-埔墘,2023-07-27,9288
9907,統一實,212,0,212,凱基-埔墘,2023-07-28,9288
3264,欣銓,65,0,65,凱基-埔墘,2023-07-28,9288
6283,淳安,60,0,60,凱基-埔墘,2023-07-28,9288
2913,農林,60,1,59,凱基-埔墘,2023-07-28,9288
5258,虹堡,50,0,50,凱基-埔墘,2023-07-28,9288
2329,華泰,60,10,50,凱基-埔墘,2023-07-28,9288
3715,定穎投控,40,0,40,凱基-埔墘,2023-07-28,9288
3035,智原,29,0,29,凱基-埔墘,2023-07-28,9288
00720B,元大投資級公司債,24,0,24,凱基-埔墘,2023-07-28,9288
5474,聰泰,24,0,24,凱基-埔墘,2023-07-28,9288
8358,金居,28,7,21,凱基-埔墘,2023-07-28,9288
1907,永豐餘,22,1,21,凱基-埔墘,2023-07-28,9288
6187,萬潤,21,1,20,凱基-埔墘,2023-07-28,9288
3231,緯創,51,33,18,凱基-埔墘,2023-07-28,9288
1611,中電,16,0,16,凱基-埔墘,2023-07-28,9288
2606,裕民,16,2,14,凱基-埔墘,2023-07-28,9288
1802,台玻,18,6,12,凱基-埔墘,2023-07-28,9288
8996,高力,10,0,10,凱基-埔墘,2023-07-28,9288
1785,光洋科,11,1,10,凱基-埔墘,2023-07-28,9288
2481,強茂,10,0,10,凱基-埔墘,2023-07-28,9288
5302,太欣,10,0,10,凱基-埔墘,2023-07-28,9288
6026,福邦證,10,0,10,凱基-埔墘,2023-07-28,9288
2634,漢翔,15,6,9,凱基-埔墘,2023-07-28,9288
3707,漢磊,19,11,8,凱基-埔墘,2023-07-28,9288
00795B,中信美國公債20年,7,0,7,凱基-埔墘,2023-07-28,9288
3346,麗清,8,1,7,凱基-埔墘,2023-07-28,9288
6274,台燿,27,20,7,凱基-埔墘,2023-07-28,9288
6282,康舒,23,16,7,凱基-埔墘,2023-07-28,9288
6538,倉和,7,0,7,凱基-埔墘,2023-07-28,9288
6531,愛普*,18,11,7,凱基-埔墘,2023-07-28,9288
3481,群創,34,27,7,凱基-埔墘,2023-07-28,9288
2369,菱生,10,4,6,凱基-埔墘,2023-07-28,9288
00772B,中信高評級公司債,6,0,6,凱基-埔墘,2023-07-28,9288
2356,英業達,15,9,6,凱基-埔墘,2023-07-28,9288
2867,三商壽,6,0,6,凱基-埔墘,2023-07-28,9288
3083,網龍,6,0,6,凱基-埔墘,2023-07-28,9288
6188,廣明,11,5,6,凱基-埔墘,2023-07-28,9288
2376,技嘉,8,3,5,凱基-埔墘,2023-07-28,9288
1434,福懋,5,0,5,凱基-埔墘,2023-07-28,9288
00857B,永豐20年美公債,5,0,5,凱基-埔墘,2023-07-28,9288
00665L,富邦�琤肭磪囓�2,7,2,5,凱基-埔墘,2023-07-28,9288
00680L,元大美債20正2,5,0,5,凱基-埔墘,2023-07-28,9288
00712,復華富時不動產,5,0,5,凱基-埔墘,2023-07-28,9288
2027,大成鋼,9,4,5,凱基-埔墘,2023-07-28,9288
2324,仁寶,7,2,5,凱基-埔墘,2023-07-28,9288
2340,台亞,6,1,5,凱基-埔墘,2023-07-28,9288
2480,敦陽科,5,0,5,凱基-埔墘,2023-07-28,9288
2834,臺企銀,5,0,5,凱基-埔墘,2023-07-28,9288
2906,高林,5,0,5,凱基-埔墘,2023-07-28,9288
3029,零壹,5,0,5,凱基-埔墘,2023-07-28,9288
00632R,元大台灣50反1,142,0,142,凱基-埔墘,2023-07-31,9288
00878,國泰永續高股息,124,17,107,凱基-埔墘,2023-07-31,9288
0056,元大高股息,106,16,90,凱基-埔墘,2023-07-31,9288
2329,華泰,94,22,72,凱基-埔墘,2023-07-31,9288
3017,奇鋐,56,5,51,凱基-埔墘,2023-07-31,9288
3231,緯創,91,52,39,凱基-埔墘,2023-07-31,9288
00679B,元大美債20年,41,2,39,凱基-埔墘,2023-07-31,9288
2461,光群雷,58,20,38,凱基-埔墘,2023-07-31,9288
00885,富邦越南,283,246,37,凱基-埔墘,2023-07-31,9288
1815,富喬,37,3,34,凱基-埔墘,2023-07-31,9288
2610,華航,33,2,31,凱基-埔墘,2023-07-31,9288
1210,大成,30,0,30,凱基-埔墘,2023-07-31,9288
00888,永豐台灣ESG,21,4,17,凱基-埔墘,2023-07-31,9288
4175,杏一,18,1,17,凱基-埔墘,2023-07-31,9288
2603,長榮,16,0,16,凱基-埔墘,2023-07-31,9288
00637L,元大滬深300正2,19,3,16,凱基-埔墘,2023-07-31,9288
1611,中電,16,0,16,凱基-埔墘,2023-07-31,9288
1612,宏泰,16,0,16,凱基-埔墘,2023-07-31,9288
6285,啟��,18,2,16,凱基-埔墘,2023-07-31,9288
8033,雷虎,16,0,16,凱基-埔墘,2023-07-31,9288
2312,金寶,28,12,16,凱基-埔墘,2023-07-31,9288
2356,英業達,19,4,15,凱基-埔墘,2023-07-31,9288
6016,康和證,15,0,15,凱基-埔墘,2023-07-31,9288
2913,農林,20,8,12,凱基-埔墘,2023-07-31,9288
00919,群益台灣精選高息,11,0,11,凱基-埔墘,2023-07-31,9288
1727,中華化,11,0,11,凱基-埔墘,2023-07-31,9288
2027,大成鋼,11,0,11,凱基-埔墘,2023-07-31,9288
3047,訊舟,12,1,11,凱基-埔墘,2023-07-31,9288
4989,榮科,11,0,11,凱基-埔墘,2023-07-31,9288
8454,富邦媒,10,0,10,凱基-埔墘,2023-07-31,9288
3037,欣興,13,3,10,凱基-埔墘,2023-07-31,9288
00650L,復華香港正2,10,0,10,凱基-埔墘,2023-07-31,9288
00930,永豐ESG低碳高息,10,0,10,凱基-埔墘,2023-07-31,9288
2812,台中銀,10,0,10,凱基-埔墘,2023-07-31,9288
2887,台新金,10,0,10,凱基-埔墘,2023-07-31,9288
2890,永豐金,12,2,10,凱基-埔墘,2023-07-31,9288
3092,鴻碩,10,0,10,凱基-埔墘,2023-07-31,9288
3707,漢磊,10,0,10,凱基-埔墘,2023-07-31,9288
1460,宏遠,9,0,9,凱基-埔墘,2023-07-31,9288
00720B,元大投資級公司債,10,1,9,凱基-埔墘,2023-07-31,9288
2618,長榮航,9,0,9,凱基-埔墘,2023-07-31,9288
5285,界霖,12,3,9,凱基-埔墘,2023-07-31,9288
00795B,中信美國公債20年,9,0,9,凱基-埔墘,2023-07-31,9288
4979,華星光,13,4,9,凱基-埔墘,2023-07-31,9288
3481,群創,12,4,8,凱基-埔墘,2023-07-31,9288
3706,神達,8,0,8,凱基-埔墘,2023-07-31,9288
2609,陽明,9,2,7,凱基-埔墘,2023-07-31,9288
1609,大亞,8,1,7,凱基-埔墘,2023-07-31,9288
1905,華紙,12,5,7,凱基-埔墘,2023-07-31,9288
3704,合勤控,9,2,7,凱基-埔墘,2023-07-31,9288
00637L,元大滬深300正2,81,4,77,凱基-埔墘,2023-08-01,9288
00715L,期街口布蘭特正2,71,1,70,凱基-埔墘,2023-08-01,9288
3481,群創,81,22,59,凱基-埔墘,2023-08-01,9288
2915,潤泰全,52,0,52,凱基-埔墘,2023-08-01,9288
2409,友達,51,2,49,凱基-埔墘,2023-08-01,9288
00690,兆豐藍籌30,46,4,42,凱基-埔墘,2023-08-01,9288
00902,中信電池及儲能,40,3,37,凱基-埔墘,2023-08-01,9288
2371,大同,25,0,25,凱基-埔墘,2023-08-01,9288
1402,遠東新,20,0,20,凱基-埔墘,2023-08-01,9288
00673R,期元大S＆P原油反1,16,0,16,凱基-埔墘,2023-08-01,9288
4908,前鼎,14,0,14,凱基-埔墘,2023-08-01,9288
2301,光寶科,30,18,12,凱基-埔墘,2023-08-01,9288
2312,金寶,16,4,12,凱基-埔墘,2023-08-01,9288
2392,正崴,12,0,12,凱基-埔墘,2023-08-01,9288
2609,陽明,15,3,12,凱基-埔墘,2023-08-01,9288
3530,晶相光,11,0,11,凱基-埔墘,2023-08-01,9288
6863,永道-KY,11,0,11,凱基-埔墘,2023-08-01,9288
3062,建漢,10,0,10,凱基-埔墘,2023-08-01,9288
3615,安可,10,0,10,凱基-埔墘,2023-08-01,9288
5302,太欣,10,0,10,凱基-埔墘,2023-08-01,9288
9919,康那香,10,0,10,凱基-埔墘,2023-08-01,9288
00885,富邦越南,20,11,9,凱基-埔墘,2023-08-01,9288
3686,達能,9,0,9,凱基-埔墘,2023-08-01,9288
5009,榮剛,17,8,9,凱基-埔墘,2023-08-01,9288
2881,富邦金,8,0,8,凱基-埔墘,2023-08-01,9288
1210,大成,8,0,8,凱基-埔墘,2023-08-01,9288
4960,誠美材,8,0,8,凱基-埔墘,2023-08-01,9288
6207,雷科,11,3,8,凱基-埔墘,2023-08-01,9288
6282,康舒,14,6,8,凱基-埔墘,2023-08-01,9288
3105,穩懋,6,0,6,凱基-埔墘,2023-08-01,9288
1905,華紙,9,3,6,凱基-埔墘,2023-08-01,9288
3551,世禾,6,0,6,凱基-埔墘,2023-08-01,9288
00929,復華台灣科技優息,5,0,5,凱基-埔墘,2023-08-01,9288
2457,飛宏,5,0,5,凱基-埔墘,2023-08-01,9288
00665L,富邦�琤肭磪囓�2,5,0,5,凱基-埔墘,2023-08-01,9288
00708L,期元大S＆P黃金正2,5,0,5,凱基-埔墘,2023-08-01,9288
2897,王道銀行,5,0,5,凱基-埔墘,2023-08-01,9288
3014,聯陽,5,0,5,凱基-埔墘,2023-08-01,9288
3694,海華,5,0,5,凱基-埔墘,2023-08-01,9288
4916,事欣科,5,0,5,凱基-埔墘,2023-08-01,9288
6285,啟��,21,17,4,凱基-埔墘,2023-08-01,9288
6239,力成,4,0,4,凱基-埔墘,2023-08-01,9288
00919,群益台灣精選高息,4,0,4,凱基-埔墘,2023-08-01,9288
5340,建榮,6,2,4,凱基-埔墘,2023-08-01,9288
6214,精誠,3,0,3,凱基-埔墘,2023-08-01,9288
00763U,期街口道瓊銅,3,0,3,凱基-埔墘,2023-08-01,9288
00722B,群益投資級電信債,3,0,3,凱基-埔墘,2023-08-01,9288
2323,中環,3,0,3,凱基-埔墘,2023-08-01,9288
2855,統一證,3,0,3,凱基-埔墘,2023-08-01,9288
3033,威健,3,0,3,凱基-埔墘,2023-08-01,9288
00923,群益台ESG低碳50,74,0,74,凱基-埔墘,2023-08-02,9288
00902,中信電池及儲能,72,0,72,凱基-埔墘,2023-08-02,9288
2883,凱基金,58,0,58,凱基-埔墘,2023-08-02,9288
2344,華邦電,60,4,56,凱基-埔墘,2023-08-02,9288
8215,明基材,53,0,53,凱基-埔墘,2023-08-02,9288
2913,農林,68,17,51,凱基-埔墘,2023-08-02,9288
00929,復華台灣科技優息,47,0,47,凱基-埔墘,2023-08-02,9288
3706,神達,42,1,41,凱基-埔墘,2023-08-02,9288
3234,光環,34,0,34,凱基-埔墘,2023-08-02,9288
2498,宏達電,33,1,32,凱基-埔墘,2023-08-02,9288
1314,中石化,32,0,32,凱基-埔墘,2023-08-02,9288
00642U,期元大S＆P石油,30,1,29,凱基-埔墘,2023-08-02,9288
3264,欣銓,30,1,29,凱基-埔墘,2023-08-02,9288
2610,華航,35,8,27,凱基-埔墘,2023-08-02,9288
00720B,元大投資級公司債,27,0,27,凱基-埔墘,2023-08-02,9288
00715L,期街口布蘭特正2,30,5,25,凱基-埔墘,2023-08-02,9288
1402,遠東新,20,0,20,凱基-埔墘,2023-08-02,9288
6138,茂達,20,0,20,凱基-埔墘,2023-08-02,9288
6275,元山,20,0,20,凱基-埔墘,2023-08-02,9288
00878,國泰永續高股息,57,39,18,凱基-埔墘,2023-08-02,9288
3035,智原,18,1,17,凱基-埔墘,2023-08-02,9288
2308,台達電,19,4,15,凱基-埔墘,2023-08-02,9288
1605,華新,411,396,15,凱基-埔墘,2023-08-02,9288
3356,奇偶,15,0,15,凱基-埔墘,2023-08-02,9288
2356,英業達,15,0,15,凱基-埔墘,2023-08-02,9288
5443,均豪,14,0,14,凱基-埔墘,2023-08-02,9288
2002,中鋼,13,0,13,凱基-埔墘,2023-08-02,9288
1789,神隆,12,0,12,凱基-埔墘,2023-08-02,9288
1210,大成,15,4,11,凱基-埔墘,2023-08-02,9288
3231,緯創,23,12,11,凱基-埔墘,2023-08-02,9288
1714,和桐,10,0,10,凱基-埔墘,2023-08-02,9288
4164,承業醫,10,0,10,凱基-埔墘,2023-08-02,9288
4958,臻鼎-KY,10,0,10,凱基-埔墘,2023-08-02,9288
6112,邁達特,10,0,10,凱基-埔墘,2023-08-02,9288
00680L,元大美債20正2,9,0,9,凱基-埔墘,2023-08-02,9288
5864,致和證,9,0,9,凱基-埔墘,2023-08-02,9288
4906,正文,8,0,8,凱基-埔墘,2023-08-02,9288
2402,毅嘉,9,1,8,凱基-埔墘,2023-08-02,9288
3325,旭品,29,21,8,凱基-埔墘,2023-08-02,9288
1909,榮成,7,0,7,凱基-埔墘,2023-08-02,9288
2887,台新金,7,0,7,凱基-埔墘,2023-08-02,9288
6213,聯茂,15,8,7,凱基-埔墘,2023-08-02,9288
1616,億泰,6,0,6,凱基-埔墘,2023-08-02,9288
2601,益航,6,0,6,凱基-埔墘,2023-08-02,9288
2915,潤泰全,6,0,6,凱基-埔墘,2023-08-02,9288
8383,千附,6,0,6,凱基-埔墘,2023-08-02,9288
8926,台汽電,6,0,6,凱基-埔墘,2023-08-02,9288
2324,仁寶,7,2,5,凱基-埔墘,2023-08-02,9288
2886,兆豐金,5,0,5,凱基-埔墘,2023-08-02,9288
00637L,元大滬深300正2,5,0,5,凱基-埔墘,2023-08-02,9288
00680L,元大美債20正2,112,10,102,凱基-埔墘,2023-08-04,9288
1616,億泰,100,0,100,凱基-埔墘,2023-08-04,9288
00885,富邦越南,120,49,71,凱基-埔墘,2023-08-04,9288
00637L,元大滬深300正2,77,13,64,凱基-埔墘,2023-08-04,9288
00929,復華台灣科技優息,63,0,63,凱基-埔墘,2023-08-04,9288
1609,大亞,94,36,58,凱基-埔墘,2023-08-04,9288
8215,明基材,56,1,55,凱基-埔墘,2023-08-04,9288
00687B,國泰20年美債,53,0,53,凱基-埔墘,2023-08-04,9288
00679B,元大美債20年,51,1,50,凱基-埔墘,2023-08-04,9288
1605,華新,65,16,49,凱基-埔墘,2023-08-04,9288
2891,中信金,42,0,42,凱基-埔墘,2023-08-04,9288
2344,華邦電,51,14,37,凱基-埔墘,2023-08-04,9288
00720B,元大投資級公司債,36,0,36,凱基-埔墘,2023-08-04,9288
3234,光環,35,0,35,凱基-埔墘,2023-08-04,9288
00690,兆豐藍籌30,30,0,30,凱基-埔墘,2023-08-04,9288
2913,農林,129,100,29,凱基-埔墘,2023-08-04,9288
1710,東聯,28,2,26,凱基-埔墘,2023-08-04,9288
00665L,富邦�琤肭磪囓�2,26,1,25,凱基-埔墘,2023-08-04,9288
2236,百達-KY,25,0,25,凱基-埔墘,2023-08-04,9288
3035,智原,20,1,19,凱基-埔墘,2023-08-04,9288
2457,飛宏,19,1,18,凱基-埔墘,2023-08-04,9288
3325,旭品,16,0,16,凱基-埔墘,2023-08-04,9288
1795,美時,15,0,15,凱基-埔墘,2023-08-04,9288
6282,康舒,15,1,14,凱基-埔墘,2023-08-04,9288
2618,長榮航,15,2,13,凱基-埔墘,2023-08-04,9288
00688L,國泰20年美債正2,12,0,12,凱基-埔墘,2023-08-04,9288
1727,中華化,12,0,12,凱基-埔墘,2023-08-04,9288
2440,太空梭,15,3,12,凱基-埔墘,2023-08-04,9288
00772B,中信高評級公司債,11,0,11,凱基-埔墘,2023-08-04,9288
2301,光寶科,17,6,11,凱基-埔墘,2023-08-04,9288
1217,愛之味,10,0,10,凱基-埔墘,2023-08-04,9288
1584,精剛,10,0,10,凱基-埔墘,2023-08-04,9288
1785,光洋科,15,5,10,凱基-埔墘,2023-08-04,9288
2897,王道銀行,12,2,10,凱基-埔墘,2023-08-04,9288
5285,界霖,11,1,10,凱基-埔墘,2023-08-04,9288
6234,高僑,10,0,10,凱基-埔墘,2023-08-04,9288
8255,朋程,10,0,10,凱基-埔墘,2023-08-04,9288
8926,台汽電,12,2,10,凱基-埔墘,2023-08-04,9288
00673R,期元大S＆P原油反1,9,0,9,凱基-埔墘,2023-08-04,9288
4746,台耀,9,0,9,凱基-埔墘,2023-08-04,9288
00650L,復華香港正2,8,0,8,凱基-埔墘,2023-08-04,9288
2356,英業達,13,5,8,凱基-埔墘,2023-08-04,9288
2425,承啟,6,0,6,凱基-埔墘,2023-08-04,9288
6016,康和證,6,0,6,凱基-埔墘,2023-08-04,9288
00676R,富邦臺灣加權反1,5,0,5,凱基-埔墘,2023-08-04,9288
1210,大成,15,10,5,凱基-埔墘,2023-08-04,9288
1101,台泥,5,0,5,凱基-埔墘,2023-08-04,9288
2351,順德,5,0,5,凱基-埔墘,2023-08-04,9288
6213,聯茂,6,1,5,凱基-埔墘,2023-08-04,9288
00923,群益台ESG低碳50,5,0,5,凱基-埔墘,2023-08-04,9288
2402,毅嘉,72,10,62,凱基-埔墘,2023-08-07,9288
00690,兆豐藍籌30,58,0,58,凱基-埔墘,2023-08-07,9288
00637L,元大滬深300正2,64,10,54,凱基-埔墘,2023-08-07,9288
2382,廣達,58,17,41,凱基-埔墘,2023-08-07,9288
2367,燿華,40,0,40,凱基-埔墘,2023-08-07,9288
2891,中信金,35,0,35,凱基-埔墘,2023-08-07,9288
1609,大亞,39,6,33,凱基-埔墘,2023-08-07,9288
1802,台玻,48,19,29,凱基-埔墘,2023-08-07,9288
6016,康和證,28,0,28,凱基-埔墘,2023-08-07,9288
3035,智原,27,0,27,凱基-埔墘,2023-08-07,9288
00753L,中信中國50正2,24,2,22,凱基-埔墘,2023-08-07,9288
00902,中信電池及儲能,21,0,21,凱基-埔墘,2023-08-07,9288
00720B,元大投資級公司債,20,0,20,凱基-埔墘,2023-08-07,9288
6138,茂達,20,0,20,凱基-埔墘,2023-08-07,9288
1905,華紙,32,14,18,凱基-埔墘,2023-08-07,9288
3596,智易,18,0,18,凱基-埔墘,2023-08-07,9288
2211,長榮鋼,16,1,15,凱基-埔墘,2023-08-07,9288
00885,富邦越南,370,356,14,凱基-埔墘,2023-08-07,9288
2618,長榮航,19,7,12,凱基-埔墘,2023-08-07,9288
00912,中信臺灣智慧50,12,0,12,凱基-埔墘,2023-08-07,9288
3016,嘉晶,11,0,11,凱基-埔墘,2023-08-07,9288
3231,緯創,755,745,10,凱基-埔墘,2023-08-07,9288
2014,中鴻,11,1,10,凱基-埔墘,2023-08-07,9288
2332,友訊,10,0,10,凱基-埔墘,2023-08-07,9288
5340,建榮,11,1,10,凱基-埔墘,2023-08-07,9288
6275,元山,12,2,10,凱基-埔墘,2023-08-07,9288
2352,佳世達,46,38,8,凱基-埔墘,2023-08-07,9288
2354,鴻準,8,0,8,凱基-埔墘,2023-08-07,9288
5371,中光電,18,10,8,凱基-埔墘,2023-08-07,9288
2330,台積電,8,1,7,凱基-埔墘,2023-08-07,9288
1471,首利,7,0,7,凱基-埔墘,2023-08-07,9288
2892,第一金,7,0,7,凱基-埔墘,2023-08-07,9288
5439,高技,9,2,7,凱基-埔墘,2023-08-07,9288
6830,汎銓,7,0,7,凱基-埔墘,2023-08-07,9288
00931B,統一美債20年,6,0,6,凱基-埔墘,2023-08-07,9288
00929,復華台灣科技優息,13,7,6,凱基-埔墘,2023-08-07,9288
2421,建準,6,0,6,凱基-埔墘,2023-08-07,9288
2883,凱基金,6,0,6,凱基-埔墘,2023-08-07,9288
6125,廣運,8,2,6,凱基-埔墘,2023-08-07,9288
00665L,富邦�琤肭磪囓�2,6,1,5,凱基-埔墘,2023-08-07,9288
00687B,國泰20年美債,5,0,5,凱基-埔墘,2023-08-07,9288
00891,中信關鍵半導體,5,0,5,凱基-埔墘,2023-08-07,9288
2236,百達-KY,5,0,5,凱基-埔墘,2023-08-07,9288
2706,第一店,5,0,5,凱基-埔墘,2023-08-07,9288
2905,三商,5,0,5,凱基-埔墘,2023-08-07,9288
3003,健和興,5,0,5,凱基-埔墘,2023-08-07,9288
3257,虹冠電,5,0,5,凱基-埔墘,2023-08-07,9288
6203,海韻電,5,0,5,凱基-埔墘,2023-08-07,9288
2498,宏達電,20,16,4,凱基-埔墘,2023-08-07,9288
00900,富邦特選高股息30,7,3,4,凱基-埔墘,2023-08-07,9288
00637L,元大滬深300正2,62,6,56,凱基-埔墘,2023-08-08,9288
00929,復華台灣科技優息,44,0,44,凱基-埔墘,2023-08-08,9288
00885,富邦越南,250,212,38,凱基-埔墘,2023-08-08,9288
3231,緯創,73,38,35,凱基-埔墘,2023-08-08,9288
3706,神達,47,13,34,凱基-埔墘,2023-08-08,9288
00715L,期街口布蘭特正2,27,0,27,凱基-埔墘,2023-08-08,9288
00931B,統一美債20年,24,0,24,凱基-埔墘,2023-08-08,9288
3017,奇鋐,27,3,24,凱基-埔墘,2023-08-08,9288
2504,國產,23,0,23,凱基-埔墘,2023-08-08,9288
2520,冠德,20,0,20,凱基-埔墘,2023-08-08,9288
2617,台航,18,0,18,凱基-埔墘,2023-08-08,9288
6285,啟��,18,4,14,凱基-埔墘,2023-08-08,9288
1905,華紙,13,0,13,凱基-埔墘,2023-08-08,9288
00679B,元大美債20年,12,0,12,凱基-埔墘,2023-08-08,9288
2891,中信金,11,0,11,凱基-埔墘,2023-08-08,9288
00900,富邦特選高股息30,11,0,11,凱基-埔墘,2023-08-08,9288
3128,昇銳,11,0,11,凱基-埔墘,2023-08-08,9288
3596,智易,14,3,11,凱基-埔墘,2023-08-08,9288
00720B,元大投資級公司債,10,0,10,凱基-埔墘,2023-08-08,9288
2393,億光,10,0,10,凱基-埔墘,2023-08-08,9288
00923,群益台ESG低碳50,10,0,10,凱基-埔墘,2023-08-08,9288
2382,廣達,20,11,9,凱基-埔墘,2023-08-08,9288
4123,晟德,9,0,9,凱基-埔墘,2023-08-08,9288
3715,定穎投控,10,2,8,凱基-埔墘,2023-08-08,9288
00650L,復華香港正2,8,0,8,凱基-埔墘,2023-08-08,9288
3016,嘉晶,8,0,8,凱基-埔墘,2023-08-08,9288
3163,波若威,13,5,8,凱基-埔墘,2023-08-08,9288
2337,旺宏,7,0,7,凱基-埔墘,2023-08-08,9288
2630,亞航,13,6,7,凱基-埔墘,2023-08-08,9288
5009,榮剛,13,6,7,凱基-埔墘,2023-08-08,9288
5443,均豪,7,0,7,凱基-埔墘,2023-08-08,9288
6138,茂達,20,13,7,凱基-埔墘,2023-08-08,9288
6188,廣明,12,5,7,凱基-埔墘,2023-08-08,9288
6667,信紘科,7,0,7,凱基-埔墘,2023-08-08,9288
2356,英業達,24,18,6,凱基-埔墘,2023-08-08,9288
1718,中纖,6,0,6,凱基-埔墘,2023-08-08,9288
2409,友達,6,0,6,凱基-埔墘,2023-08-08,9288
8390,金益鼎,6,0,6,凱基-埔墘,2023-08-08,9288
2303,聯電,5,0,5,凱基-埔墘,2023-08-08,9288
1532,勤美,5,0,5,凱基-埔墘,2023-08-08,9288
1217,愛之味,105,100,5,凱基-埔墘,2023-08-08,9288
00712,復華富時不動產,5,0,5,凱基-埔墘,2023-08-08,9288
00688L,國泰20年美債正2,5,0,5,凱基-埔墘,2023-08-08,9288
1802,台玻,7,2,5,凱基-埔墘,2023-08-08,9288
1904,正隆,6,1,5,凱基-埔墘,2023-08-08,9288
2329,華泰,7,2,5,凱基-埔墘,2023-08-08,9288
2344,華邦電,5,0,5,凱基-埔墘,2023-08-08,9288
2461,光群雷,6,1,5,凱基-埔墘,2023-08-08,9288
2607,榮運,5,0,5,凱基-埔墘,2023-08-08,9288
2897,王道銀行,5,0,5,凱基-埔墘,2023-08-08,9288
3017,奇鋐,85,4,81,凱基-埔墘,2023-08-09,9288
6120,達運,40,0,40,凱基-埔墘,2023-08-09,9288
2363,矽統,43,8,35,凱基-埔墘,2023-08-09,9288
2461,光群雷,36,1,35,凱基-埔墘,2023-08-09,9288
00900,富邦特選高股息30,27,0,27,凱基-埔墘,2023-08-09,9288
2351,順德,25,1,24,凱基-埔墘,2023-08-09,9288
00929,復華台灣科技優息,23,0,23,凱基-埔墘,2023-08-09,9288
00688L,國泰20年美債正2,20,0,20,凱基-埔墘,2023-08-09,9288
2801,彰銀,20,0,20,凱基-埔墘,2023-08-09,9288
3033,威健,20,0,20,凱基-埔墘,2023-08-09,9288
6548,長科*,21,1,20,凱基-埔墘,2023-08-09,9288
2881,富邦金,20,0,20,凱基-埔墘,2023-08-09,9288
3231,緯創,43,27,16,凱基-埔墘,2023-08-09,9288
00715L,期街口布蘭特正2,35,20,15,凱基-埔墘,2023-08-09,9288
2851,中再保,15,0,15,凱基-埔墘,2023-08-09,9288
2915,潤泰全,15,0,15,凱基-埔墘,2023-08-09,9288
00931B,統一美債20年,14,0,14,凱基-埔墘,2023-08-09,9288
2376,技嘉,14,2,12,凱基-埔墘,2023-08-09,9288
1464,得力,10,0,10,凱基-埔墘,2023-08-09,9288
1727,中華化,8,0,8,凱基-埔墘,2023-08-09,9288
1905,華紙,8,0,8,凱基-埔墘,2023-08-09,9288
5880,合庫金,8,0,8,凱基-埔墘,2023-08-09,9288
00930,永豐ESG低碳高息,7,0,7,凱基-埔墘,2023-08-09,9288
3047,訊舟,7,0,7,凱基-埔墘,2023-08-09,9288
6285,啟��,8,1,7,凱基-埔墘,2023-08-09,9288
6603,富強鑫,7,0,7,凱基-埔墘,2023-08-09,9288
1701,中化,10,4,6,凱基-埔墘,2023-08-09,9288
2316,楠梓電,8,2,6,凱基-埔墘,2023-08-09,9288
2354,鴻準,6,0,6,凱基-埔墘,2023-08-09,9288
2515,中工,6,0,6,凱基-埔墘,2023-08-09,9288
2630,亞航,6,0,6,凱基-埔墘,2023-08-09,9288
6667,信紘科,6,0,6,凱基-埔墘,2023-08-09,9288
1604,聲寶,5,0,5,凱基-埔墘,2023-08-09,9288
1609,大亞,13,8,5,凱基-埔墘,2023-08-09,9288
2520,冠德,5,0,5,凱基-埔墘,2023-08-09,9288
3346,麗清,7,2,5,凱基-埔墘,2023-08-09,9288
5206,坤悅,5,0,5,凱基-埔墘,2023-08-09,9288
6209,今國光,5,0,5,凱基-埔墘,2023-08-09,9288
1101,台泥,4,0,4,凱基-埔墘,2023-08-09,9288
2201,裕隆,5,1,4,凱基-埔墘,2023-08-09,9288
2916,滿心,4,0,4,凱基-埔墘,2023-08-09,9288
6789,采鈺,4,0,4,凱基-埔墘,2023-08-09,9288
8930,青鋼,5,1,4,凱基-埔墘,2023-08-09,9288
3356,奇偶,9,5,4,凱基-埔墘,2023-08-09,9288
00878,國泰永續高股息,3,0,3,凱基-埔墘,2023-08-09,9288
1802,台玻,5,2,3,凱基-埔墘,2023-08-09,9288
2208,台船,3,0,3,凱基-埔墘,2023-08-09,9288
2329,華泰,4,1,3,凱基-埔墘,2023-08-09,9288
2617,台航,3,0,3,凱基-埔墘,2023-08-09,9288
2886,兆豐金,3,0,3,凱基-埔墘,2023-08-09,9288
00929,復華台灣科技優息,111,0,111,凱基-埔墘,2023-08-10,9288
2409,友達,48,3,45,凱基-埔墘,2023-08-10,9288
1815,富喬,32,0,32,凱基-埔墘,2023-08-10,9288
00878,國泰永續高股息,53,22,31,凱基-埔墘,2023-08-10,9288
00900,富邦特選高股息30,31,0,31,凱基-埔墘,2023-08-10,9288
00720B,元大投資級公司債,28,0,28,凱基-埔墘,2023-08-10,9288
0056,元大高股息,28,3,25,凱基-埔墘,2023-08-10,9288
2382,廣達,30,9,21,凱基-埔墘,2023-08-10,9288
3257,虹冠電,20,0,20,凱基-埔墘,2023-08-10,9288
2023,燁輝,17,0,17,凱基-埔墘,2023-08-10,9288
3481,群創,18,5,13,凱基-埔墘,2023-08-10,9288
2461,光群雷,12,0,12,凱基-埔墘,2023-08-10,9288
2887,台新金,12,0,12,凱基-埔墘,2023-08-10,9288
4958,臻鼎-KY,10,0,10,凱基-埔墘,2023-08-10,9288
1464,得力,10,0,10,凱基-埔墘,2023-08-10,9288
00713,元大台灣高息低波,10,0,10,凱基-埔墘,2023-08-10,9288
2323,中環,10,0,10,凱基-埔墘,2023-08-10,9288
2402,毅嘉,10,0,10,凱基-埔墘,2023-08-10,9288
2845,遠東銀,10,0,10,凱基-埔墘,2023-08-10,9288
3322,建舜電,10,0,10,凱基-埔墘,2023-08-10,9288
5206,坤悅,10,0,10,凱基-埔墘,2023-08-10,9288
6235,華孚,10,0,10,凱基-埔墘,2023-08-10,9288
00891,中信關鍵半導體,10,1,9,凱基-埔墘,2023-08-10,9288
4906,正文,10,1,9,凱基-埔墘,2023-08-10,9288
5269,祥碩,10,1,9,凱基-埔墘,2023-08-10,9288
1609,大亞,14,6,8,凱基-埔墘,2023-08-10,9288
3078,僑威,8,0,8,凱基-埔墘,2023-08-10,9288
2352,佳世達,7,0,7,凱基-埔墘,2023-08-10,9288
0050,元大台灣50,8,0,8,凱基-埔墘,2023-08-10,9288
2368,金像電,9,2,7,凱基-埔墘,2023-08-10,9288
2630,亞航,12,5,7,凱基-埔墘,2023-08-10,9288
2913,農林,14,7,7,凱基-埔墘,2023-08-10,9288
5347,世界,7,0,7,凱基-埔墘,2023-08-10,9288
2886,兆豐金,9,2,7,凱基-埔墘,2023-08-10,9288
2324,仁寶,6,0,6,凱基-埔墘,2023-08-10,9288
2356,英業達,10,4,6,凱基-埔墘,2023-08-10,9288
2399,映泰,6,0,6,凱基-埔墘,2023-08-10,9288
3032,偉訓,7,1,6,凱基-埔墘,2023-08-10,9288
3689,湧德,11,5,6,凱基-埔墘,2023-08-10,9288
5439,高技,9,3,6,凱基-埔墘,2023-08-10,9288
6234,高僑,6,0,6,凱基-埔墘,2023-08-10,9288
8112,至上,24,19,5,凱基-埔墘,2023-08-10,9288
00650L,復華香港正2,5,0,5,凱基-埔墘,2023-08-10,9288
00740B,富邦全球投等債,5,0,5,凱基-埔墘,2023-08-10,9288
1604,聲寶,5,0,5,凱基-埔墘,2023-08-10,9288
2312,金寶,5,0,5,凱基-埔墘,2023-08-10,9288
2316,楠梓電,5,0,5,凱基-埔墘,2023-08-10,9288
2486,一詮,5,0,5,凱基-埔墘,2023-08-10,9288
2607,榮運,5,0,5,凱基-埔墘,2023-08-10,9288
2883,凱基金,5,0,5,凱基-埔墘,2023-08-10,9288
00637L,元大滬深300正2,165,1,164,凱基-埔墘,2023-08-11,9288
2903,遠百,50,3,47,凱基-埔墘,2023-08-11,9288
3234,光環,35,0,35,凱基-埔墘,2023-08-11,9288
1513,中興電,28,1,27,凱基-埔墘,2023-08-11,9288
2885,元大金,24,0,24,凱基-埔墘,2023-08-11,9288
00720B,元大投資級公司債,20,0,20,凱基-埔墘,2023-08-11,9288
3051,力特,18,0,18,凱基-埔墘,2023-08-11,9288
00931B,統一美債20年,15,0,15,凱基-埔墘,2023-08-11,9288
2915,潤泰全,15,0,15,凱基-埔墘,2023-08-11,9288
2317,鴻海,14,1,13,凱基-埔墘,2023-08-11,9288
2351,順德,12,0,12,凱基-埔墘,2023-08-11,9288
3481,群創,12,0,12,凱基-埔墘,2023-08-11,9288
2330,台積電,13,1,12,凱基-埔墘,2023-08-11,9288
2618,長榮航,14,3,11,凱基-埔墘,2023-08-11,9288
00706L,期元大S＆P日圓正2,10,0,10,凱基-埔墘,2023-08-11,9288
2344,華邦電,10,0,10,凱基-埔墘,2023-08-11,9288
2630,亞航,10,0,10,凱基-埔墘,2023-08-11,9288
2887,台新金,10,0,10,凱基-埔墘,2023-08-11,9288
4164,承業醫,10,0,10,凱基-埔墘,2023-08-11,9288
5309,系統電,10,0,10,凱基-埔墘,2023-08-11,9288
2023,燁輝,9,0,9,凱基-埔墘,2023-08-11,9288
6016,康和證,10,1,9,凱基-埔墘,2023-08-11,9288
2886,兆豐金,8,0,8,凱基-埔墘,2023-08-11,9288
1604,聲寶,7,0,7,凱基-埔墘,2023-08-11,9288
3416,融程電,7,0,7,凱基-埔墘,2023-08-11,9288
5511,德昌,7,0,7,凱基-埔墘,2023-08-11,9288
2892,第一金,8,2,6,凱基-埔墘,2023-08-11,9288
1514,亞力,21,15,6,凱基-埔墘,2023-08-11,9288
3105,穩懋,6,0,6,凱基-埔墘,2023-08-11,9288
1532,勤美,6,0,6,凱基-埔墘,2023-08-11,9288
2409,友達,7,1,6,凱基-埔墘,2023-08-11,9288
006208,富邦台50,5,0,5,凱基-埔墘,2023-08-11,9288
2498,宏達電,7,2,5,凱基-埔墘,2023-08-11,9288
2492,華新科,6,1,5,凱基-埔墘,2023-08-11,9288
00900,富邦特選高股息30,5,0,5,凱基-埔墘,2023-08-11,9288
00753L,中信中國50正2,5,0,5,凱基-埔墘,2023-08-11,9288
00740B,富邦全球投等債,5,0,5,凱基-埔墘,2023-08-11,9288
00688L,國泰20年美債正2,5,0,5,凱基-埔墘,2023-08-11,9288
00680L,元大美債20正2,5,0,5,凱基-埔墘,2023-08-11,9288
00679B,元大美債20年,5,0,5,凱基-埔墘,2023-08-11,9288
00676R,富邦臺灣加權反1,5,0,5,凱基-埔墘,2023-08-11,9288
1802,台玻,5,0,5,凱基-埔墘,2023-08-11,9288
3056,富華新,5,0,5,凱基-埔墘,2023-08-11,9288
4906,正文,5,0,5,凱基-埔墘,2023-08-11,9288
5206,坤悅,5,0,5,凱基-埔墘,2023-08-11,9288
6182,合晶,5,0,5,凱基-埔墘,2023-08-11,9288
6282,康舒,6,1,5,凱基-埔墘,2023-08-11,9288
6589,台康生技,5,0,5,凱基-埔墘,2023-08-11,9288
3483,力致,5,0,5,凱基-埔墘,2023-08-11,9288
3037,欣興,6,2,4,凱基-埔墘,2023-08-11,9288
00715L,期街口布蘭特正2,484,11,473,凱基-埔墘,2023-08-14,9288
5258,虹堡,130,0,130,凱基-埔墘,2023-08-14,9288
00929,復華台灣科技優息,51,2,49,凱基-埔墘,2023-08-14,9288
00900,富邦特選高股息30,44,0,44,凱基-埔墘,2023-08-14,9288
2883,凱基金,38,0,38,凱基-埔墘,2023-08-14,9288
2461,光群雷,30,0,30,凱基-埔墘,2023-08-14,9288
2834,臺企銀,28,0,28,凱基-埔墘,2023-08-14,9288
2887,台新金,26,0,26,凱基-埔墘,2023-08-14,9288
00923,群益台ESG低碳50,26,0,26,凱基-埔墘,2023-08-14,9288
6138,茂達,23,0,23,凱基-埔墘,2023-08-14,9288
00675L,富邦臺灣加權正2,22,0,22,凱基-埔墘,2023-08-14,9288
00720B,元大投資級公司債,20,0,20,凱基-埔墘,2023-08-14,9288
00878,國泰永續高股息,22,3,19,凱基-埔墘,2023-08-14,9288
3017,奇鋐,29,12,17,凱基-埔墘,2023-08-14,9288
2498,宏達電,17,0,17,凱基-埔墘,2023-08-14,9288
2891,中信金,15,0,15,凱基-埔墘,2023-08-14,9288
00753L,中信中國50正2,16,1,15,凱基-埔墘,2023-08-14,9288
4164,承業醫,15,0,15,凱基-埔墘,2023-08-14,9288
2344,華邦電,14,0,14,凱基-埔墘,2023-08-14,9288
2402,毅嘉,13,0,13,凱基-埔墘,2023-08-14,9288
2897,王道銀行,13,0,13,凱基-埔墘,2023-08-14,9288
4174,浩鼎,12,0,12,凱基-埔墘,2023-08-14,9288
00891,中信關鍵半導體,11,0,11,凱基-埔墘,2023-08-14,9288
00902,中信電池及儲能,11,0,11,凱基-埔墘,2023-08-14,9288
3058,立德,11,0,11,凱基-埔墘,2023-08-14,9288
00882,中信中國高股息,10,0,10,凱基-埔墘,2023-08-14,9288
00673R,期元大S＆P原油反1,10,0,10,凱基-埔墘,2023-08-14,9288
2022,聚亨,10,0,10,凱基-埔墘,2023-08-14,9288
2845,遠東銀,10,0,10,凱基-埔墘,2023-08-14,9288
006208,富邦台50,9,0,9,凱基-埔墘,2023-08-14,9288
2027,大成鋼,10,2,8,凱基-埔墘,2023-08-14,9288
0056,元大高股息,10,2,8,凱基-埔墘,2023-08-14,9288
2356,英業達,12,6,6,凱基-埔墘,2023-08-14,9288
0050,元大台灣50,7,0,7,凱基-埔墘,2023-08-14,9288
1227,佳格,6,0,6,凱基-埔墘,2023-08-14,9288
1513,中興電,6,0,6,凱基-埔墘,2023-08-14,9288
2637,慧洋-KY,8,2,6,凱基-埔墘,2023-08-14,9288
3016,嘉晶,6,0,6,凱基-埔墘,2023-08-14,9288
3356,奇偶,6,0,6,凱基-埔墘,2023-08-14,9288
2886,兆豐金,5,0,5,凱基-埔墘,2023-08-14,9288
2607,榮運,5,0,5,凱基-埔墘,2023-08-14,9288
00930,永豐ESG低碳高息,5,0,5,凱基-埔墘,2023-08-14,9288
1515,力山,5,0,5,凱基-埔墘,2023-08-14,9288
2464,盟立,5,0,5,凱基-埔墘,2023-08-14,9288
2867,三商壽,5,0,5,凱基-埔墘,2023-08-14,9288
3041,揚智,5,0,5,凱基-埔墘,2023-08-14,9288
3092,鴻碩,5,0,5,凱基-埔墘,2023-08-14,9288
3346,麗清,5,0,5,凱基-埔墘,2023-08-14,9288
3499,環天科,5,0,5,凱基-埔墘,2023-08-14,9288
3686,達能,5,0,5,凱基-埔墘,2023-08-14,9288
00715L,期街口布蘭特正2,252,0,252,凱基-埔墘,2023-08-15,9288
00923,群益台ESG低碳50,35,0,35,凱基-埔墘,2023-08-15,9288
2387,精元,30,0,30,凱基-埔墘,2023-08-15,9288
00929,復華台灣科技優息,28,1,27,凱基-埔墘,2023-08-15,9288
2618,長榮航,31,4,27,凱基-埔墘,2023-08-15,9288
2884,玉山金,22,0,22,凱基-埔墘,2023-08-15,9288
2891,中信金,21,0,21,凱基-埔墘,2023-08-15,9288
2617,台航,18,0,18,凱基-埔墘,2023-08-15,9288
00878,國泰永續高股息,19,3,16,凱基-埔墘,2023-08-15,9288
2353,宏��,17,3,14,凱基-埔墘,2023-08-15,9288
00907,永豐優息存股,12,0,12,凱基-埔墘,2023-08-15,9288
00900,富邦特選高股息30,11,0,11,凱基-埔墘,2023-08-15,9288
8383,千附,12,1,11,凱基-埔墘,2023-08-15,9288
00679B,元大美債20年,10,0,10,凱基-埔墘,2023-08-15,9288
1471,首利,10,0,10,凱基-埔墘,2023-08-15,9288
2421,建準,27,17,10,凱基-埔墘,2023-08-15,9288
3711,日月光投控,10,0,10,凱基-埔墘,2023-08-15,9288
1402,遠東新,7,0,7,凱基-埔墘,2023-08-15,9288
2892,第一金,7,0,7,凱基-埔墘,2023-08-15,9288
6285,啟��,9,2,7,凱基-埔墘,2023-08-15,9288
2329,華泰,7,1,6,凱基-埔墘,2023-08-15,9288
2351,順德,6,0,6,凱基-埔墘,2023-08-15,9288
2388,威盛,8,2,6,凱基-埔墘,2023-08-15,9288
00650L,復華香港正2,5,0,5,凱基-埔墘,2023-08-15,9288
00712,復華富時不動產,5,0,5,凱基-埔墘,2023-08-15,9288
00643,群益深証中小,5,0,5,凱基-埔墘,2023-08-15,9288
2890,永豐金,5,0,5,凱基-埔墘,2023-08-15,9288
2905,三商,5,0,5,凱基-埔墘,2023-08-15,9288
4909,新復興,37,32,5,凱基-埔墘,2023-08-15,9288
5309,系統電,5,0,5,凱基-埔墘,2023-08-15,9288
1722,台肥,4,0,4,凱基-埔墘,2023-08-15,9288
1701,中化,4,0,4,凱基-埔墘,2023-08-15,9288
1227,佳格,4,0,4,凱基-埔墘,2023-08-15,9288
1101,台泥,4,0,4,凱基-埔墘,2023-08-15,9288
2468,華經,4,0,4,凱基-埔墘,2023-08-15,9288
2885,元大金,4,0,4,凱基-埔墘,2023-08-15,9288
2897,王道銀行,4,0,4,凱基-埔墘,2023-08-15,9288
6015,宏遠證,4,0,4,凱基-埔墘,2023-08-15,9288
2851,中再保,3,0,3,凱基-埔墘,2023-08-15,9288
00720B,元大投資級公司債,3,0,3,凱基-埔墘,2023-08-15,9288
2834,臺企銀,3,0,3,凱基-埔墘,2023-08-15,9288
0050,元大台灣50,3,0,3,凱基-埔墘,2023-08-15,9288
00740B,富邦全球投等債,3,0,3,凱基-埔墘,2023-08-15,9288
2481,強茂,3,0,3,凱基-埔墘,2023-08-15,9288
2493,揚博,3,0,3,凱基-埔墘,2023-08-15,9288
2630,亞航,9,6,3,凱基-埔墘,2023-08-15,9288
3078,僑威,11,8,3,凱基-埔墘,2023-08-15,9288
3163,波若威,4,1,3,凱基-埔墘,2023-08-15,9288
8255,朋程,3,0,3,凱基-埔墘,2023-08-15,9288
9945,潤泰新,3,0,3,凱基-埔墘,2023-08-15,9288
00673R,期元大S＆P原油反1,110,0,110,凱基-埔墘,2023-08-16,9288
00715L,期街口布蘭特正2,80,0,80,凱基-埔墘,2023-08-16,9288
2409,友達,82,12,70,凱基-埔墘,2023-08-16,9288
2356,英業達,90,20,70,凱基-埔墘,2023-08-16,9288
8358,金居,60,10,50,凱基-埔墘,2023-08-16,9288
5351,鈺創,49,0,49,凱基-埔墘,2023-08-16,9288
1402,遠東新,43,0,43,凱基-埔墘,2023-08-16,9288
2887,台新金,36,0,36,凱基-埔墘,2023-08-16,9288
2897,王道銀行,35,0,35,凱基-埔墘,2023-08-16,9288
00675L,富邦臺灣加權正2,32,0,32,凱基-埔墘,2023-08-16,9288
2883,凱基金,33,2,31,凱基-埔墘,2023-08-16,9288
00632R,元大台灣50反1,30,0,30,凱基-埔墘,2023-08-16,9288
6446,藥華藥,54,24,30,凱基-埔墘,2023-08-16,9288
00878,國泰永續高股息,29,2,27,凱基-埔墘,2023-08-16,9288
2891,中信金,28,1,27,凱基-埔墘,2023-08-16,9288
00720B,元大投資級公司債,21,0,21,凱基-埔墘,2023-08-16,9288
2442,新美齊,21,0,21,凱基-埔墘,2023-08-16,9288
6757,台灣虎航,20,0,20,凱基-埔墘,2023-08-16,9288
2317,鴻海,19,0,19,凱基-埔墘,2023-08-16,9288
00772B,中信高評級公司債,19,0,19,凱基-埔墘,2023-08-16,9288
2329,華泰,62,44,18,凱基-埔墘,2023-08-16,9288
2617,台航,18,0,18,凱基-埔墘,2023-08-16,9288
3481,群創,17,1,16,凱基-埔墘,2023-08-16,9288
2892,第一金,15,0,15,凱基-埔墘,2023-08-16,9288
00923,群益台ESG低碳50,12,0,12,凱基-埔墘,2023-08-16,9288
6182,合晶,12,0,12,凱基-埔墘,2023-08-16,9288
00679B,元大美債20年,19,8,11,凱基-埔墘,2023-08-16,9288
00931B,統一美債20年,11,0,11,凱基-埔墘,2023-08-16,9288
2748,雲品,12,1,11,凱基-埔墘,2023-08-16,9288
00795B,中信美國公債20年,11,1,10,凱基-埔墘,2023-08-16,9288
2324,仁寶,21,11,10,凱基-埔墘,2023-08-16,9288
2637,慧洋-KY,9,0,9,凱基-埔墘,2023-08-16,9288
2308,台達電,8,0,8,凱基-埔墘,2023-08-16,9288
00900,富邦特選高股息30,8,0,8,凱基-埔墘,2023-08-16,9288
2002,中鋼,7,0,7,凱基-埔墘,2023-08-16,9288
00712,復華富時不動產,7,1,6,凱基-埔墘,2023-08-16,9288
2618,長榮航,6,0,6,凱基-埔墘,2023-08-16,9288
2834,臺企銀,6,0,6,凱基-埔墘,2023-08-16,9288
00882,中信中國高股息,6,0,6,凱基-埔墘,2023-08-16,9288
8150,南茂,6,0,6,凱基-埔墘,2023-08-16,9288
3043,科風,21,15,6,凱基-埔墘,2023-08-16,9288
00740B,富邦全球投等債,5,0,5,凱基-埔墘,2023-08-16,9288
2243,宏旭-KY,25,20,5,凱基-埔墘,2023-08-16,9288
2515,中工,5,0,5,凱基-埔墘,2023-08-16,9288
3149,正達,5,0,5,凱基-埔墘,2023-08-16,9288
6016,康和證,5,0,5,凱基-埔墘,2023-08-16,9288
2206,三陽工業,4,0,4,凱基-埔墘,2023-08-16,9288
0050,元大台灣50,4,0,4,凱基-埔墘,2023-08-16,9288
2884,玉山金,4,0,4,凱基-埔墘,2023-08-16,9288
2609,陽明,12,8,4,凱基-埔墘,2023-08-16,9288
2382,廣達,155,19,136,凱基-埔墘,2023-08-17,9288
2883,凱基金,67,5,62,凱基-埔墘,2023-08-17,9288
3231,緯創,68,31,37,凱基-埔墘,2023-08-17,9288
00679B,元大美債20年,30,0,30,凱基-埔墘,2023-08-17,9288
2421,建準,35,9,26,凱基-埔墘,2023-08-17,9288
2501,國建,25,0,25,凱基-埔墘,2023-08-17,9288
2461,光群雷,27,4,23,凱基-埔墘,2023-08-17,9288
00720B,元大投資級公司債,22,0,22,凱基-埔墘,2023-08-17,9288
2618,長榮航,30,9,21,凱基-埔墘,2023-08-17,9288
00931B,統一美債20年,20,0,20,凱基-埔墘,2023-08-17,9288
00919,群益台灣精選高息,20,0,20,凱基-埔墘,2023-08-17,9288
2329,華泰,36,17,19,凱基-埔墘,2023-08-17,9288
6282,康舒,20,1,19,凱基-埔墘,2023-08-17,9288
6446,藥華藥,20,3,17,凱基-埔墘,2023-08-17,9288
00687B,國泰20年美債,19,3,16,凱基-埔墘,2023-08-17,9288
2888,新光金,15,0,15,凱基-埔墘,2023-08-17,9288
2890,永豐金,15,0,15,凱基-埔墘,2023-08-17,9288
1609,大亞,29,15,14,凱基-埔墘,2023-08-17,9288
00650L,復華香港正2,18,5,13,凱基-埔墘,2023-08-17,9288
00751B,元大AAA至A公司債,12,0,12,凱基-埔墘,2023-08-17,9288
1471,首利,12,0,12,凱基-埔墘,2023-08-17,9288
1802,台玻,12,0,12,凱基-埔墘,2023-08-17,9288
2630,亞航,17,6,11,凱基-埔墘,2023-08-17,9288
9907,統一實,11,0,11,凱基-埔墘,2023-08-17,9288
3689,湧德,14,4,10,凱基-埔墘,2023-08-17,9288
00882,中信中國高股息,9,0,9,凱基-埔墘,2023-08-17,9288
00772B,中信高評級公司債,9,0,9,凱基-埔墘,2023-08-17,9288
2002,中鋼,8,0,8,凱基-埔墘,2023-08-17,9288
2383,台光電,9,2,7,凱基-埔墘,2023-08-17,9288
00795B,中信美國公債20年,7,0,7,凱基-埔墘,2023-08-17,9288
6182,合晶,7,0,7,凱基-埔墘,2023-08-17,9288
00631L,元大台灣50正2,6,0,6,凱基-埔墘,2023-08-17,9288
2885,元大金,6,0,6,凱基-埔墘,2023-08-17,9288
3051,力特,8,2,6,凱基-埔墘,2023-08-17,9288
6505,台塑化,6,0,6,凱基-埔墘,2023-08-17,9288
2881,富邦金,5,0,5,凱基-埔墘,2023-08-17,9288
2891,中信金,5,0,5,凱基-埔墘,2023-08-17,9288
00923,群益台ESG低碳50,8,3,5,凱基-埔墘,2023-08-17,9288
00922,國泰台灣領袖50,5,0,5,凱基-埔墘,2023-08-17,9288
00921,兆豐龍頭等權重,5,0,5,凱基-埔墘,2023-08-17,9288
1519,華城,11,6,5,凱基-埔墘,2023-08-17,9288
1605,華新,5,0,5,凱基-埔墘,2023-08-17,9288
2023,燁輝,5,0,5,凱基-埔墘,2023-08-17,9288
2609,陽明,5,0,5,凱基-埔墘,2023-08-17,9288
2905,三商,5,0,5,凱基-埔墘,2023-08-17,9288
8049,晶采,5,0,5,凱基-埔墘,2023-08-17,9288
8050,廣積,5,0,5,凱基-埔墘,2023-08-17,9288
3056,富華新,7,3,4,凱基-埔墘,2023-08-17,9288
6667,信紘科,4,0,4,凱基-埔墘,2023-08-17,9288
8087,麗升能源,4,0,4,凱基-埔墘,2023-08-17,9288
00885,富邦越南,95,11,84,凱基-埔墘,2023-08-18,9288
2883,凱基金,87,10,77,凱基-埔墘,2023-08-18,9288
2501,國建,75,0,75,凱基-埔墘,2023-08-18,9288
2014,中鴻,68,0,68,凱基-埔墘,2023-08-18,9288
00929,復華台灣科技優息,72,7,65,凱基-埔墘,2023-08-18,9288
00878,國泰永續高股息,65,8,57,凱基-埔墘,2023-08-18,9288
2610,華航,65,11,54,凱基-埔墘,2023-08-18,9288
2409,友達,52,0,52,凱基-埔墘,2023-08-18,9288
2885,元大金,39,0,39,凱基-埔墘,2023-08-18,9288
2402,毅嘉,42,5,37,凱基-埔墘,2023-08-18,9288
2401,凌陽,35,0,35,凱基-埔墘,2023-08-18,9288
3231,緯創,51,21,30,凱基-埔墘,2023-08-18,9288
00679B,元大美債20年,30,0,30,凱基-埔墘,2023-08-18,9288
2329,華泰,78,50,28,凱基-埔墘,2023-08-18,9288
6208,日揚,25,0,25,凱基-埔墘,2023-08-18,9288
2363,矽統,85,65,20,凱基-埔墘,2023-08-18,9288
1609,大亞,34,16,18,凱基-埔墘,2023-08-18,9288
4746,台耀,15,0,15,凱基-埔墘,2023-08-18,9288
1471,首利,15,0,15,凱基-埔墘,2023-08-18,9288
2002,中鋼,20,5,15,凱基-埔墘,2023-08-18,9288
2324,仁寶,28,14,14,凱基-埔墘,2023-08-18,9288
6282,康舒,13,1,12,凱基-埔墘,2023-08-18,9288
2353,宏��,17,5,12,凱基-埔墘,2023-08-18,9288
00675L,富邦臺灣加權正2,12,0,12,凱基-埔墘,2023-08-18,9288
2382,廣達,35,23,12,凱基-埔墘,2023-08-18,9288
1532,勤美,11,0,11,凱基-埔墘,2023-08-18,9288
2367,燿華,11,0,11,凱基-埔墘,2023-08-18,9288
4164,承業醫,10,0,10,凱基-埔墘,2023-08-18,9288
1101,台泥,10,1,9,凱基-埔墘,2023-08-18,9288
9904,寶成,9,0,9,凱基-埔墘,2023-08-18,9288
1727,中華化,8,0,8,凱基-埔墘,2023-08-18,9288
6015,宏遠證,8,0,8,凱基-埔墘,2023-08-18,9288
00712,復華富時不動產,12,5,7,凱基-埔墘,2023-08-18,9288
00772B,中信高評級公司債,7,0,7,凱基-埔墘,2023-08-18,9288
2887,台新金,7,0,7,凱基-埔墘,2023-08-18,9288
00900,富邦特選高股息30,6,0,6,凱基-埔墘,2023-08-18,9288
3715,定穎投控,25,19,6,凱基-埔墘,2023-08-18,9288
3362,先進光,8,2,6,凱基-埔墘,2023-08-18,9288
00640L,富邦日本正2,5,0,5,凱基-埔墘,2023-08-18,9288
00676R,富邦臺灣加權反1,5,0,5,凱基-埔墘,2023-08-18,9288
00706L,期元大S＆P日圓正2,5,0,5,凱基-埔墘,2023-08-18,9288
1513,中興電,11,6,5,凱基-埔墘,2023-08-18,9288
1515,力山,5,0,5,凱基-埔墘,2023-08-18,9288
2201,裕隆,5,0,5,凱基-埔墘,2023-08-18,9288
2303,聯電,5,0,5,凱基-埔墘,2023-08-18,9288
2313,華通,5,0,5,凱基-埔墘,2023-08-18,9288
2421,建準,7,2,5,凱基-埔墘,2023-08-18,9288
2425,承啟,6,1,5,凱基-埔墘,2023-08-18,9288
2464,盟立,5,0,5,凱基-埔墘,2023-08-18,9288
2834,臺企銀,5,0,5,凱基-埔墘,2023-08-18,9288
00885,富邦越南,107,41,66,凱基-埔墘,2023-08-21,9288
2892,第一金,52,0,52,凱基-埔墘,2023-08-21,9288
1513,中興電,56,5,51,凱基-埔墘,2023-08-21,9288
2442,新美齊,55,5,50,凱基-埔墘,2023-08-21,9288
1402,遠東新,38,0,38,凱基-埔墘,2023-08-21,9288
2382,廣達,47,12,35,凱基-埔墘,2023-08-21,9288
9907,統一實,28,0,28,凱基-埔墘,2023-08-21,9288
3443,創意,22,2,20,凱基-埔墘,2023-08-21,9288
00929,復華台灣科技優息,18,0,18,凱基-埔墘,2023-08-21,9288
2329,華泰,39,23,16,凱基-埔墘,2023-08-21,9288
2402,毅嘉,19,3,16,凱基-埔墘,2023-08-21,9288
00753L,中信中國50正2,16,3,13,凱基-埔墘,2023-08-21,9288
2883,凱基金,13,0,13,凱基-埔墘,2023-08-21,9288
2393,億光,12,0,12,凱基-埔墘,2023-08-21,9288
3016,嘉晶,13,2,11,凱基-埔墘,2023-08-21,9288
00687B,國泰20年美債,11,0,11,凱基-埔墘,2023-08-21,9288
3234,光環,11,0,11,凱基-埔墘,2023-08-21,9288
3715,定穎投控,11,0,11,凱基-埔墘,2023-08-21,9288
00931B,統一美債20年,10,0,10,凱基-埔墘,2023-08-21,9288
00888,永豐台灣ESG,10,0,10,凱基-埔墘,2023-08-21,9288
00720B,元大投資級公司債,10,0,10,凱基-埔墘,2023-08-21,9288
2352,佳世達,10,0,10,凱基-埔墘,2023-08-21,9288
3231,緯創,24,14,10,凱基-埔墘,2023-08-21,9288
3035,智原,11,2,9,凱基-埔墘,2023-08-21,9288
2605,新興,9,0,9,凱基-埔墘,2023-08-21,9288
0050,元大台灣50,8,0,8,凱基-埔墘,2023-08-21,9288
5340,建榮,8,0,8,凱基-埔墘,2023-08-21,9288
2886,兆豐金,7,0,7,凱基-埔墘,2023-08-21,9288
00637L,元大滬深300正2,7,0,7,凱基-埔墘,2023-08-21,9288
2486,一詮,10,3,7,凱基-埔墘,2023-08-21,9288
2356,英業達,13,6,7,凱基-埔墘,2023-08-21,9288
00650L,復華香港正2,6,0,6,凱基-埔墘,2023-08-21,9288
2027,大成鋼,6,0,6,凱基-埔墘,2023-08-21,9288
2344,華邦電,8,2,6,凱基-埔墘,2023-08-21,9288
2736,富野,6,0,6,凱基-埔墘,2023-08-21,9288
6275,元山,7,1,6,凱基-埔墘,2023-08-21,9288
2301,光寶科,13,8,5,凱基-埔墘,2023-08-21,9288
1471,首利,5,0,5,凱基-埔墘,2023-08-21,9288
00740B,富邦全球投等債,5,0,5,凱基-埔墘,2023-08-21,9288
2606,裕民,7,2,5,凱基-埔墘,2023-08-21,9288
2880,華南金,5,0,5,凱基-埔墘,2023-08-21,9288
3323,加百裕,5,0,5,凱基-埔墘,2023-08-21,9288
6550,北極星藥業-KY,5,0,5,凱基-埔墘,2023-08-21,9288
8358,金居,7,2,5,凱基-埔墘,2023-08-21,9288
2201,裕隆,4,0,4,凱基-埔墘,2023-08-21,9288
2419,仲琦,4,0,4,凱基-埔墘,2023-08-21,9288
2457,飛宏,5,1,4,凱基-埔墘,2023-08-21,9288
9950,萬國通,4,0,4,凱基-埔墘,2023-08-21,9288
2610,華航,23,20,3,凱基-埔墘,2023-08-21,9288
2014,中鴻,3,0,3,凱基-埔墘,2023-08-21,9288
00673R,期元大S＆P原油反1,200,0,200,凱基-埔墘,2023-08-22,9288
4906,正文,52,16,36,凱基-埔墘,2023-08-22,9288
1609,大亞,35,0,35,凱基-埔墘,2023-08-22,9288
2617,台航,34,0,34,凱基-埔墘,2023-08-22,9288
2883,凱基金,27,0,27,凱基-埔墘,2023-08-22,9288
2324,仁寶,34,12,22,凱基-埔墘,2023-08-22,9288
00919,群益台灣精選高息,21,0,21,凱基-埔墘,2023-08-22,9288
00662,富邦NASDAQ,16,0,16,凱基-埔墘,2023-08-22,9288
6125,廣運,26,10,16,凱基-埔墘,2023-08-22,9288
00931B,統一美債20年,15,0,15,凱基-埔墘,2023-08-22,9288
00687B,國泰20年美債,15,1,14,凱基-埔墘,2023-08-22,9288
3231,緯創,46,33,13,凱基-埔墘,2023-08-22,9288
4543,萬在,15,3,12,凱基-埔墘,2023-08-22,9288
3443,創意,11,0,11,凱基-埔墘,2023-08-22,9288
00712,復華富時不動產,11,0,11,凱基-埔墘,2023-08-22,9288
00637L,元大滬深300正2,11,0,11,凱基-埔墘,2023-08-22,9288
1303,南亞,10,0,10,凱基-埔墘,2023-08-22,9288
00688L,國泰20年美債正2,10,0,10,凱基-埔墘,2023-08-22,9288
00720B,元大投資級公司債,10,0,10,凱基-埔墘,2023-08-22,9288
2890,永豐金,10,0,10,凱基-埔墘,2023-08-22,9288
3339,泰谷,10,0,10,凱基-埔墘,2023-08-22,9288
2891,中信金,8,0,8,凱基-埔墘,2023-08-22,9288
2363,矽統,55,47,8,凱基-埔墘,2023-08-22,9288
00900,富邦特選高股息30,7,0,7,凱基-埔墘,2023-08-22,9288
2353,宏��,7,0,7,凱基-埔墘,2023-08-22,9288
1515,力山,6,0,6,凱基-埔墘,2023-08-22,9288
2367,燿華,6,0,6,凱基-埔墘,2023-08-22,9288
2460,建通,6,0,6,凱基-埔墘,2023-08-22,9288
2736,富野,6,0,6,凱基-埔墘,2023-08-22,9288
3038,全台,6,0,6,凱基-埔墘,2023-08-22,9288
3515,華擎,6,0,6,凱基-埔墘,2023-08-22,9288
6231,系微,10,4,6,凱基-埔墘,2023-08-22,9288
1301,台塑,5,0,5,凱基-埔墘,2023-08-22,9288
2010,春源,5,0,5,凱基-埔墘,2023-08-22,9288
2027,大成鋼,5,0,5,凱基-埔墘,2023-08-22,9288
2211,長榮鋼,5,0,5,凱基-埔墘,2023-08-22,9288
2515,中工,5,0,5,凱基-埔墘,2023-08-22,9288
2913,農林,5,0,5,凱基-埔墘,2023-08-22,9288
4113,聯上,5,0,5,凱基-埔墘,2023-08-22,9288
4164,承業醫,5,0,5,凱基-埔墘,2023-08-22,9288
6224,聚鼎,5,0,5,凱基-埔墘,2023-08-22,9288
6449,鈺邦,5,0,5,凱基-埔墘,2023-08-22,9288
6461,益得,5,0,5,凱基-埔墘,2023-08-22,9288
6895,宏碩系統,5,0,5,凱基-埔墘,2023-08-22,9288
8358,金居,6,1,5,凱基-埔墘,2023-08-22,9288
00715L,期街口布蘭特正2,4,0,4,凱基-埔墘,2023-08-22,9288
2201,裕隆,4,0,4,凱基-埔墘,2023-08-22,9288
2630,亞航,6,2,4,凱基-埔墘,2023-08-22,9288
5439,高技,4,0,4,凱基-埔墘,2023-08-22,9288
6122,擎邦,4,0,4,凱基-埔墘,2023-08-22,9288
4906,正文,127,2,125,凱基-埔墘,2023-08-23,9288
3443,創意,111,1,110,凱基-埔墘,2023-08-23,9288
3051,力特,41,3,38,凱基-埔墘,2023-08-23,9288
2634,漢翔,69,31,38,凱基-埔墘,2023-08-23,9288
2618,長榮航,52,21,31,凱基-埔墘,2023-08-23,9288
2481,強茂,26,0,26,凱基-埔墘,2023-08-23,9288
2371,大同,25,1,24,凱基-埔墘,2023-08-23,9288
2630,亞航,32,10,22,凱基-埔墘,2023-08-23,9288
3033,威健,20,0,20,凱基-埔墘,2023-08-23,9288
8390,金益鼎,20,0,20,凱基-埔墘,2023-08-23,9288
2888,新光金,15,0,15,凱基-埔墘,2023-08-23,9288
3006,晶豪科,15,0,15,凱基-埔墘,2023-08-23,9288
6117,迎廣,18,5,13,凱基-埔墘,2023-08-23,9288
3689,湧德,11,0,11,凱基-埔墘,2023-08-23,9288
00891,中信關鍵半導體,10,0,10,凱基-埔墘,2023-08-23,9288
2230,泰茂,10,0,10,凱基-埔墘,2023-08-23,9288
2892,第一金,10,0,10,凱基-埔墘,2023-08-23,9288
3071,協禧,11,3,8,凱基-埔墘,2023-08-23,9288
00830,國泰費城半導體,7,0,7,凱基-埔墘,2023-08-23,9288
2451,創見,7,0,7,凱基-埔墘,2023-08-23,9288
2457,飛宏,7,0,7,凱基-埔墘,2023-08-23,9288
3715,定穎投控,46,39,7,凱基-埔墘,2023-08-23,9288
6282,康舒,6,0,6,凱基-埔墘,2023-08-23,9288
2355,敬鵬,6,0,6,凱基-埔墘,2023-08-23,9288
00670L,富邦NASDAQ正2,6,0,6,凱基-埔墘,2023-08-23,9288
2388,威盛,6,0,6,凱基-埔墘,2023-08-23,9288
6125,廣運,9,3,6,凱基-埔墘,2023-08-23,9288
3680,家登,6,1,5,凱基-埔墘,2023-08-23,9288
1471,首利,11,6,5,凱基-埔墘,2023-08-23,9288
2331,精英,5,0,5,凱基-埔墘,2023-08-23,9288
2834,臺企銀,5,0,5,凱基-埔墘,2023-08-23,9288
2883,凱基金,5,0,5,凱基-埔墘,2023-08-23,9288
4552,力達-KY,5,0,5,凱基-埔墘,2023-08-23,9288
6167,久正,7,2,5,凱基-埔墘,2023-08-23,9288
1402,遠東新,4,0,4,凱基-埔墘,2023-08-23,9288
2303,聯電,4,0,4,凱基-埔墘,2023-08-23,9288
2376,技嘉,5,1,4,凱基-埔墘,2023-08-23,9288
6275,元山,9,5,4,凱基-埔墘,2023-08-23,9288
00687B,國泰20年美債,3,0,3,凱基-埔墘,2023-08-23,9288
00902,中信電池及儲能,3,0,3,凱基-埔墘,2023-08-23,9288
1515,力山,3,0,3,凱基-埔墘,2023-08-23,9288
1514,亞力,3,0,3,凱基-埔墘,2023-08-23,9288
1810,和成,3,0,3,凱基-埔墘,2023-08-23,9288
2615,萬海,3,0,3,凱基-埔墘,2023-08-23,9288
2880,華南金,3,0,3,凱基-埔墘,2023-08-23,9288
3032,偉訓,4,1,3,凱基-埔墘,2023-08-23,9288
3675,德微,4,1,3,凱基-埔墘,2023-08-23,9288
5439,高技,3,0,3,凱基-埔墘,2023-08-23,9288
6274,台燿,3,0,3,凱基-埔墘,2023-08-23,9288
2421,建準,17,14,3,凱基-埔墘,2023-08-23,9288
4906,正文,60,5,55,凱基-埔墘,2023-08-24,9288
3013,晟銘電,49,8,41,凱基-埔墘,2023-08-24,9288
00680L,元大美債20正2,40,0,40,凱基-埔墘,2023-08-24,9288
2419,仲琦,46,17,29,凱基-埔墘,2023-08-24,9288
00679B,元大美債20年,22,0,22,凱基-埔墘,2023-08-24,9288
00923,群益台ESG低碳50,21,0,21,凱基-埔墘,2023-08-24,9288
2023,燁輝,20,1,19,凱基-埔墘,2023-08-24,9288
3021,鴻名,18,0,18,凱基-埔墘,2023-08-24,9288
2332,友訊,27,10,17,凱基-埔墘,2023-08-24,9288
2363,矽統,117,101,16,凱基-埔墘,2023-08-24,9288
5009,榮剛,19,4,15,凱基-埔墘,2023-08-24,9288
2356,英業達,39,26,13,凱基-埔墘,2023-08-24,9288
2402,毅嘉,13,1,12,凱基-埔墘,2023-08-24,9288
00708L,期元大S＆P黃金正2,11,0,11,凱基-埔墘,2023-08-24,9288
2883,凱基金,13,2,11,凱基-埔墘,2023-08-24,9288
00650L,復華香港正2,15,5,10,凱基-埔墘,2023-08-24,9288
1907,永豐餘,10,0,10,凱基-埔墘,2023-08-24,9288
2539,櫻花建,10,0,10,凱基-埔墘,2023-08-24,9288
4142,國光生,10,0,10,凱基-埔墘,2023-08-24,9288
6129,普誠,10,0,10,凱基-埔墘,2023-08-24,9288
6418,詠昇,10,0,10,凱基-埔墘,2023-08-24,9288
2352,佳世達,9,0,9,凱基-埔墘,2023-08-24,9288
2449,京元電子,23,14,9,凱基-埔墘,2023-08-24,9288
2461,光群雷,9,0,9,凱基-埔墘,2023-08-24,9288
2618,長榮航,19,10,9,凱基-埔墘,2023-08-24,9288
6170,統振,9,0,9,凱基-埔墘,2023-08-24,9288
8033,雷虎,11,2,9,凱基-埔墘,2023-08-24,9288
2317,鴻海,14,5,9,凱基-埔墘,2023-08-24,9288
00725B,國泰投資級公司債,10,2,8,凱基-埔墘,2023-08-24,9288
00753L,中信中國50正2,11,3,8,凱基-埔墘,2023-08-24,9288
2376,技嘉,21,15,6,凱基-埔墘,2023-08-24,9288
2637,慧洋-KY,7,1,6,凱基-埔墘,2023-08-24,9288
2481,強茂,6,0,6,凱基-埔墘,2023-08-24,9288
2601,益航,6,0,6,凱基-埔墘,2023-08-24,9288
2736,富野,6,0,6,凱基-埔墘,2023-08-24,9288
4401,東隆興,6,0,6,凱基-埔墘,2023-08-24,9288
4746,台耀,6,0,6,凱基-埔墘,2023-08-24,9288
2331,精英,20,15,5,凱基-埔墘,2023-08-24,9288
2409,友達,5,0,5,凱基-埔墘,2023-08-24,9288
2485,兆赫,6,1,5,凱基-埔墘,2023-08-24,9288
2887,台新金,5,0,5,凱基-埔墘,2023-08-24,9288
3682,亞太電,5,0,5,凱基-埔墘,2023-08-24,9288
4113,聯上,5,0,5,凱基-埔墘,2023-08-24,9288
8996,高力,5,0,5,凱基-埔墘,2023-08-24,9288
2324,仁寶,7,3,4,凱基-埔墘,2023-08-24,9288
2606,裕民,7,3,4,凱基-埔墘,2023-08-24,9288
6117,迎廣,5,1,4,凱基-埔墘,2023-08-24,9288
1301,台塑,3,0,3,凱基-埔墘,2023-08-24,9288
00893,國泰智能電動車,3,0,3,凱基-埔墘,2023-08-24,9288
2027,大成鋼,3,0,3,凱基-埔墘,2023-08-24,9288
00878,國泰永續高股息,164,0,164,凱基-埔墘,2023-08-25,9288
00929,復華台灣科技優息,176,20,156,凱基-埔墘,2023-08-25,9288
3017,奇鋐,102,0,102,凱基-埔墘,2023-08-25,9288
4906,正文,111,19,92,凱基-埔墘,2023-08-25,9288
3231,緯創,104,18,86,凱基-埔墘,2023-08-25,9288
2890,永豐金,72,0,72,凱基-埔墘,2023-08-25,9288
00679B,元大美債20年,62,0,62,凱基-埔墘,2023-08-25,9288
4543,萬在,43,9,34,凱基-埔墘,2023-08-25,9288
1217,愛之味,40,20,20,凱基-埔墘,2023-08-25,9288
00907,永豐優息存股,20,0,20,凱基-埔墘,2023-08-25,9288
3051,力特,16,0,16,凱基-埔墘,2023-08-25,9288
2353,宏��,14,0,14,凱基-埔墘,2023-08-25,9288
00830,國泰費城半導體,14,0,14,凱基-埔墘,2023-08-25,9288
00919,群益台灣精選高息,13,0,13,凱基-埔墘,2023-08-25,9288
2486,一詮,12,0,12,凱基-埔墘,2023-08-25,9288
3715,定穎投控,12,0,12,凱基-埔墘,2023-08-25,9288
8222,寶一,17,5,12,凱基-埔墘,2023-08-25,9288
00680L,元大美債20正2,11,0,11,凱基-埔墘,2023-08-25,9288
2356,英業達,11,0,11,凱基-埔墘,2023-08-25,9288
8033,雷虎,12,1,11,凱基-埔墘,2023-08-25,9288
9934,成霖,11,0,11,凱基-埔墘,2023-08-25,9288
2382,廣達,20,9,11,凱基-埔墘,2023-08-25,9288
2330,台積電,11,1,10,凱基-埔墘,2023-08-25,9288
00638R,元大滬深300反1,10,0,10,凱基-埔墘,2023-08-25,9288
2367,燿華,10,0,10,凱基-埔墘,2023-08-25,9288
2371,大同,10,0,10,凱基-埔墘,2023-08-25,9288
2451,創見,10,0,10,凱基-埔墘,2023-08-25,9288
3003,健和興,10,0,10,凱基-埔墘,2023-08-25,9288
5381,合正,10,0,10,凱基-埔墘,2023-08-25,9288
0056,元大高股息,9,0,9,凱基-埔墘,2023-08-25,9288
2303,聯電,9,0,9,凱基-埔墘,2023-08-25,9288
2208,台船,11,2,9,凱基-埔墘,2023-08-25,9288
2388,威盛,22,13,9,凱基-埔墘,2023-08-25,9288
2317,鴻海,11,3,8,凱基-埔墘,2023-08-25,9288
2301,光寶科,11,3,8,凱基-埔墘,2023-08-25,9288
1471,首利,13,5,8,凱基-埔墘,2023-08-25,9288
2312,金寶,12,4,8,凱基-埔墘,2023-08-25,9288
6170,統振,17,9,8,凱基-埔墘,2023-08-25,9288
00857B,永豐20年美公債,7,0,7,凱基-埔墘,2023-08-25,9288
00900,富邦特選高股息30,7,0,7,凱基-埔墘,2023-08-25,9288
2376,技嘉,15,8,7,凱基-埔墘,2023-08-25,9288
2891,中信金,7,0,7,凱基-埔墘,2023-08-25,9288
3558,神準,7,0,7,凱基-埔墘,2023-08-25,9288
6167,久正,15,8,7,凱基-埔墘,2023-08-25,9288
6235,華孚,9,3,6,凱基-埔墘,2023-08-25,9288
1402,遠東新,6,0,6,凱基-埔墘,2023-08-25,9288
00720B,元大投資級公司債,6,0,6,凱基-埔墘,2023-08-25,9288
2027,大成鋼,6,0,6,凱基-埔墘,2023-08-25,9288
2344,華邦電,6,0,6,凱基-埔墘,2023-08-25,9288
2363,矽統,14,8,6,凱基-埔墘,2023-08-25,9288
00929,復華台灣科技優息,76,0,76,凱基-埔墘,2023-08-28,9288
2303,聯電,58,1,57,凱基-埔墘,2023-08-28,9288
6168,宏齊,52,0,52,凱基-埔墘,2023-08-28,9288
00885,富邦越南,40,2,38,凱基-埔墘,2023-08-28,9288
6418,詠昇,43,14,29,凱基-埔墘,2023-08-28,9288
9934,成霖,30,1,29,凱基-埔墘,2023-08-28,9288
3715,定穎投控,33,12,21,凱基-埔墘,2023-08-28,9288
4909,新復興,21,0,21,凱基-埔墘,2023-08-28,9288
4906,正文,32,21,11,凱基-埔墘,2023-08-28,9288
2371,大同,11,0,11,凱基-埔墘,2023-08-28,9288
3443,創意,11,0,11,凱基-埔墘,2023-08-28,9288
3489,森寶,11,0,11,凱基-埔墘,2023-08-28,9288
2426,鼎元,10,0,10,凱基-埔墘,2023-08-28,9288
2883,凱基金,10,0,10,凱基-埔墘,2023-08-28,9288
00650L,復華香港正2,7,0,7,凱基-埔墘,2023-08-28,9288
3484,崧騰,7,0,7,凱基-埔墘,2023-08-28,9288
3711,日月光投控,13,7,6,凱基-埔墘,2023-08-28,9288
2618,長榮航,12,6,6,凱基-埔墘,2023-08-28,9288
6788,華景電,6,0,6,凱基-埔墘,2023-08-28,9288
1737,臺鹽,1308,1302,6,凱基-埔墘,2023-08-28,9288
2401,凌陽,7,1,6,凱基-埔墘,2023-08-28,9288
5284,jpp-KY,8,2,6,凱基-埔墘,2023-08-28,9288
5443,均豪,6,0,6,凱基-埔墘,2023-08-28,9288
6167,久正,6,0,6,凱基-埔墘,2023-08-28,9288
6188,廣明,5,0,5,凱基-埔墘,2023-08-28,9288
1471,首利,10,5,5,凱基-埔墘,2023-08-28,9288
2331,精英,40,35,5,凱基-埔墘,2023-08-28,9288
2413,環科,5,0,5,凱基-埔墘,2023-08-28,9288
3454,晶睿,5,0,5,凱基-埔墘,2023-08-28,9288
3581,博磊,5,0,5,凱基-埔墘,2023-08-28,9288
5009,榮剛,6,1,5,凱基-埔墘,2023-08-28,9288
5309,系統電,5,0,5,凱基-埔墘,2023-08-28,9288
6015,宏遠證,5,0,5,凱基-埔墘,2023-08-28,9288
8926,台汽電,4,0,4,凱基-埔墘,2023-08-28,9288
00900,富邦特選高股息30,4,0,4,凱基-埔墘,2023-08-28,9288
00720B,元大投資級公司債,4,0,4,凱基-埔墘,2023-08-28,9288
00679B,元大美債20年,5,1,4,凱基-埔墘,2023-08-28,9288
2610,華航,5,2,3,凱基-埔墘,2023-08-28,9288
2301,光寶科,8,5,3,凱基-埔墘,2023-08-28,9288
0056,元大高股息,3,0,3,凱基-埔墘,2023-08-28,9288
00676R,富邦臺灣加權反1,3,0,3,凱基-埔墘,2023-08-28,9288
1802,台玻,3,0,3,凱基-埔墘,2023-08-28,9288
2312,金寶,3,0,3,凱基-埔墘,2023-08-28,9288
2324,仁寶,3,0,3,凱基-埔墘,2023-08-28,9288
2601,益航,3,0,3,凱基-埔墘,2023-08-28,9288
3036,文曄,3,0,3,凱基-埔墘,2023-08-28,9288
3047,訊舟,3,0,3,凱基-埔墘,2023-08-28,9288
3630,新鉅科,3,0,3,凱基-埔墘,2023-08-28,9288
2002,中鋼,2,0,2,凱基-埔墘,2023-08-28,9288
2206,三陽工業,14,12,2,凱基-埔墘,2023-08-28,9288
00929,復華台灣科技優息,78,8,70,凱基-埔墘,2023-08-29,9288
2303,聯電,57,8,49,凱基-埔墘,2023-08-29,9288
2105,正新,38,0,38,凱基-埔墘,2023-08-29,9288
2617,台航,32,0,32,凱基-埔墘,2023-08-29,9288
00878,國泰永續高股息,43,14,29,凱基-埔墘,2023-08-29,9288
00640L,富邦日本正2,22,0,22,凱基-埔墘,2023-08-29,9288
2363,矽統,78,57,21,凱基-埔墘,2023-08-29,9288
3234,光環,20,0,20,凱基-埔墘,2023-08-29,9288
00671R,富邦NASDAQ反1,19,0,19,凱基-埔墘,2023-08-29,9288
5512,力麒,19,0,19,凱基-埔墘,2023-08-29,9288
00665L,富邦�琤肭磪囓�2,19,1,18,凱基-埔墘,2023-08-29,9288
2440,太空梭,16,0,16,凱基-埔墘,2023-08-29,9288
2376,技嘉,21,5,16,凱基-埔墘,2023-08-29,9288
2426,鼎元,13,0,13,凱基-埔墘,2023-08-29,9288
2618,長榮航,14,2,12,凱基-埔墘,2023-08-29,9288
2027,大成鋼,10,0,10,凱基-埔墘,2023-08-29,9288
9945,潤泰新,10,0,10,凱基-埔墘,2023-08-29,9288
2312,金寶,11,2,9,凱基-埔墘,2023-08-29,9288
3163,波若威,16,7,9,凱基-埔墘,2023-08-29,9288
8383,千附,9,0,9,凱基-埔墘,2023-08-29,9288
2331,精英,40,33,7,凱基-埔墘,2023-08-29,9288
2485,兆赫,8,1,7,凱基-埔墘,2023-08-29,9288
00688L,國泰20年美債正2,6,0,6,凱基-埔墘,2023-08-29,9288
2637,慧洋-KY,12,6,6,凱基-埔墘,2023-08-29,9288
2317,鴻海,8,3,5,凱基-埔墘,2023-08-29,9288
2329,華泰,9,4,5,凱基-埔墘,2023-08-29,9288
1584,精剛,6,1,5,凱基-埔墘,2023-08-29,9288
00679B,元大美債20年,5,0,5,凱基-埔墘,2023-08-29,9288
2230,泰茂,5,0,5,凱基-埔墘,2023-08-29,9288
2308,台達電,5,0,5,凱基-埔墘,2023-08-29,9288
2603,長榮,5,0,5,凱基-埔墘,2023-08-29,9288
3481,群創,6,1,5,凱基-埔墘,2023-08-29,9288
6224,聚鼎,5,0,5,凱基-埔墘,2023-08-29,9288
9925,新保,5,0,5,凱基-埔墘,2023-08-29,9288
00643,群益深証中小,4,0,4,凱基-埔墘,2023-08-29,9288
2324,仁寶,8,4,4,凱基-埔墘,2023-08-29,9288
3013,晟銘電,4,0,4,凱基-埔墘,2023-08-29,9288
4906,正文,4,0,4,凱基-埔墘,2023-08-29,9288
5880,合庫金,3,0,3,凱基-埔墘,2023-08-29,9288
6188,廣明,4,1,3,凱基-埔墘,2023-08-29,9288
1519,華城,13,10,3,凱基-埔墘,2023-08-29,9288
2515,中工,3,0,3,凱基-埔墘,2023-08-29,9288
2834,臺企銀,3,0,3,凱基-埔墘,2023-08-29,9288
5348,正能量智能,3,0,3,凱基-埔墘,2023-08-29,9288
5443,均豪,3,0,3,凱基-埔墘,2023-08-29,9288
6167,久正,4,1,3,凱基-埔墘,2023-08-29,9288
6443,元晶,2,0,2,凱基-埔墘,2023-08-29,9288
0056,元大高股息,2,0,2,凱基-埔墘,2023-08-29,9288
1810,和成,2,0,2,凱基-埔墘,2023-08-29,9288
2377,微星,2,0,2,凱基-埔墘,2023-08-29,9288
2618,長榮航,49,0,49,凱基-埔墘,2023-08-30,9288
5452,佶優,30,0,30,凱基-埔墘,2023-08-30,9288
4934,太極,21,0,21,凱基-埔墘,2023-08-30,9288
2340,台亞,35,16,19,凱基-埔墘,2023-08-30,9288
3489,森寶,19,0,19,凱基-埔墘,2023-08-30,9288
2888,新光金,19,0,19,凱基-埔墘,2023-08-30,9288
2337,旺宏,74,58,16,凱基-埔墘,2023-08-30,9288
00687B,國泰20年美債,15,0,15,凱基-埔墘,2023-08-30,9288
3481,群創,15,2,13,凱基-埔墘,2023-08-30,9288
2637,慧洋-KY,11,0,11,凱基-埔墘,2023-08-30,9288
3163,波若威,11,0,11,凱基-埔墘,2023-08-30,9288
5381,合正,12,1,11,凱基-埔墘,2023-08-30,9288
00632R,元大台灣50反1,10,0,10,凱基-埔墘,2023-08-30,9288
2402,毅嘉,19,9,10,凱基-埔墘,2023-08-30,9288
3234,光環,10,0,10,凱基-埔墘,2023-08-30,9288
00637L,元大滬深300正2,9,0,9,凱基-埔墘,2023-08-30,9288
2882,國泰金,11,2,9,凱基-埔墘,2023-08-30,9288
3548,兆利,10,1,9,凱基-埔墘,2023-08-30,9288
3006,晶豪科,8,0,8,凱基-埔墘,2023-08-30,9288
6235,華孚,10,2,8,凱基-埔墘,2023-08-30,9288
1802,台玻,17,10,7,凱基-埔墘,2023-08-30,9288
00650L,復華香港正2,6,0,6,凱基-埔墘,2023-08-30,9288
5009,榮剛,7,1,6,凱基-埔墘,2023-08-30,9288
6213,聯茂,11,5,6,凱基-埔墘,2023-08-30,9288
1589,永冠-KY,5,0,5,凱基-埔墘,2023-08-30,9288
2014,中鴻,5,0,5,凱基-埔墘,2023-08-30,9288
2816,旺旺保,7,2,5,凱基-埔墘,2023-08-30,9288
3682,亞太電,5,0,5,凱基-埔墘,2023-08-30,9288
6143,振曜,5,0,5,凱基-埔墘,2023-08-30,9288
6585,鼎基,5,0,5,凱基-埔墘,2023-08-30,9288
1504,東元,4,0,4,凱基-埔墘,2023-08-30,9288
6188,廣明,5,1,4,凱基-埔墘,2023-08-30,9288
2376,技嘉,15,11,4,凱基-埔墘,2023-08-30,9288
2301,光寶科,3,0,3,凱基-埔墘,2023-08-30,9288
00919,群益台灣精選高息,3,0,3,凱基-埔墘,2023-08-30,9288
00665L,富邦�琤肭磪囓�2,4,1,3,凱基-埔墘,2023-08-30,9288
2314,台揚,3,0,3,凱基-埔墘,2023-08-30,9288
2449,京元電子,4,1,3,凱基-埔墘,2023-08-30,9288
2457,飛宏,3,0,3,凱基-埔墘,2023-08-30,9288
2489,瑞軒,3,0,3,凱基-埔墘,2023-08-30,9288
3032,偉訓,3,0,3,凱基-埔墘,2023-08-30,9288
3702,大聯大,3,0,3,凱基-埔墘,2023-08-30,9288
6126,信音,4,1,3,凱基-埔墘,2023-08-30,9288
8436,大江,3,0,3,凱基-埔墘,2023-08-30,9288
2329,華泰,4,1,3,凱基-埔墘,2023-08-30,9288
0050,元大台灣50,3,0,3,凱基-埔墘,2023-08-30,9288
3035,智原,10,7,3,凱基-埔墘,2023-08-30,9288
1609,大亞,8,6,2,凱基-埔墘,2023-08-30,9288
1527,鑽全,2,0,2,凱基-埔墘,2023-08-30,9288
1905,華紙,2,0,2,凱基-埔墘,2023-08-30,9288
3035,智原,156,3,153,凱基-埔墘,2023-08-31,9288
3693,營邦,119,3,116,凱基-埔墘,2023-08-31,9288
00929,復華台灣科技優息,102,6,96,凱基-埔墘,2023-08-31,9288
2903,遠百,45,0,45,凱基-埔墘,2023-08-31,9288
1802,台玻,50,8,42,凱基-埔墘,2023-08-31,9288
00878,國泰永續高股息,35,0,35,凱基-埔墘,2023-08-31,9288
00902,中信電池及儲能,34,0,34,凱基-埔墘,2023-08-31,9288
8916,光隆,31,0,31,凱基-埔墘,2023-08-31,9288
5465,富驊,30,0,30,凱基-埔墘,2023-08-31,9288
6234,高僑,30,0,30,凱基-埔墘,2023-08-31,9288
2618,長榮航,33,7,26,凱基-埔墘,2023-08-31,9288
6168,宏齊,30,8,22,凱基-埔墘,2023-08-31,9288
2801,彰銀,21,0,21,凱基-埔墘,2023-08-31,9288
3715,定穎投控,33,14,19,凱基-埔墘,2023-08-31,9288
6438,迅得,20,1,19,凱基-埔墘,2023-08-31,9288
00640L,富邦日本正2,18,0,18,凱基-埔墘,2023-08-31,9288
2002,中鋼,13,0,13,凱基-埔墘,2023-08-31,9288
2376,技嘉,23,11,12,凱基-埔墘,2023-08-31,9288
00931B,統一美債20年,11,0,11,凱基-埔墘,2023-08-31,9288
2495,普安,11,0,11,凱基-埔墘,2023-08-31,9288
6217,中探針,11,0,11,凱基-埔墘,2023-08-31,9288
3481,群創,13,3,10,凱基-埔墘,2023-08-31,9288
00696B,富邦美債20年,10,0,10,凱基-埔墘,2023-08-31,9288
3234,光環,10,0,10,凱基-埔墘,2023-08-31,9288
3338,泰碩,10,0,10,凱基-埔墘,2023-08-31,9288
6188,廣明,12,2,10,凱基-埔墘,2023-08-31,9288
1717,長興,10,1,9,凱基-埔墘,2023-08-31,9288
2399,映泰,9,0,9,凱基-埔墘,2023-08-31,9288
5371,中光電,12,3,9,凱基-埔墘,2023-08-31,9288
2316,楠梓電,10,2,8,凱基-埔墘,2023-08-31,9288
5443,均豪,7,0,7,凱基-埔墘,2023-08-31,9288
8358,金居,11,4,7,凱基-埔墘,2023-08-31,9288
3051,力特,6,0,6,凱基-埔墘,2023-08-31,9288
6015,宏遠證,6,0,6,凱基-埔墘,2023-08-31,9288
6841,長佳智能,6,0,6,凱基-埔墘,2023-08-31,9288
1303,南亞,5,0,5,凱基-埔墘,2023-08-31,9288
1102,亞泥,5,0,5,凱基-埔墘,2023-08-31,9288
2236,百達-KY,5,0,5,凱基-埔墘,2023-08-31,9288
2401,凌陽,7,2,5,凱基-埔墘,2023-08-31,9288
2634,漢翔,14,9,5,凱基-埔墘,2023-08-31,9288
2890,永豐金,5,0,5,凱基-埔墘,2023-08-31,9288
3325,旭品,6,1,5,凱基-埔墘,2023-08-31,9288
3682,亞太電,5,0,5,凱基-埔墘,2023-08-31,9288
6589,台康生技,5,0,5,凱基-埔墘,2023-08-31,9288
9904,寶成,5,0,5,凱基-埔墘,2023-08-31,9288
1707,葡萄王,4,0,4,凱基-埔墘,2023-08-31,9288
1514,亞力,4,0,4,凱基-埔墘,2023-08-31,9288
1101,台泥,4,0,4,凱基-埔墘,2023-08-31,9288
2324,仁寶,5,1,4,凱基-埔墘,2023-08-31,9288
2340,台亞,4,0,4,凱基-埔墘,2023-08-31,9288
00715L,期街口布蘭特正2,113,6,107,凱基-埔墘,2023-09-01,9288
2618,長榮航,55,11,44,凱基-埔墘,2023-09-01,9288
3693,營邦,32,2,30,凱基-埔墘,2023-09-01,9288
2903,遠百,21,0,21,凱基-埔墘,2023-09-01,9288
00673R,期元大S＆P原油反1,20,0,20,凱基-埔墘,2023-09-01,9288
2208,台船,20,0,20,凱基-埔墘,2023-09-01,9288
5465,富驊,20,0,20,凱基-埔墘,2023-09-01,9288
3715,定穎投控,25,6,19,凱基-埔墘,2023-09-01,9288
2301,光寶科,22,3,19,凱基-埔墘,2023-09-01,9288
1727,中華化,15,0,15,凱基-埔墘,2023-09-01,9288
2415,錩新,15,0,15,凱基-埔墘,2023-09-01,9288
3231,緯創,25,10,15,凱基-埔墘,2023-09-01,9288
3481,群創,13,0,13,凱基-埔墘,2023-09-01,9288
2329,華泰,15,2,13,凱基-埔墘,2023-09-01,9288
0056,元大高股息,11,0,11,凱基-埔墘,2023-09-01,9288
00919,群益台灣精選高息,11,0,11,凱基-埔墘,2023-09-01,9288
2382,廣達,16,6,10,凱基-埔墘,2023-09-01,9288
3059,華晶科,10,0,10,凱基-埔墘,2023-09-01,9288
4564,元翎,10,0,10,凱基-埔墘,2023-09-01,9288
4935,茂林-KY,10,0,10,凱基-埔墘,2023-09-01,9288
9938,百和,10,0,10,凱基-埔墘,2023-09-01,9288
2888,新光金,15,6,9,凱基-埔墘,2023-09-01,9288
00878,國泰永續高股息,9,0,9,凱基-埔墘,2023-09-01,9288
2402,毅嘉,85,77,8,凱基-埔墘,2023-09-01,9288
2883,凱基金,8,0,8,凱基-埔墘,2023-09-01,9288
6104,創惟,8,0,8,凱基-埔墘,2023-09-01,9288
1514,亞力,7,0,7,凱基-埔墘,2023-09-01,9288
00902,中信電池及儲能,7,0,7,凱基-埔墘,2023-09-01,9288
00671R,富邦NASDAQ反1,6,0,6,凱基-埔墘,2023-09-01,9288
1513,中興電,6,0,6,凱基-埔墘,2023-09-01,9288
2615,萬海,6,0,6,凱基-埔墘,2023-09-01,9288
6438,迅得,6,0,6,凱基-埔墘,2023-09-01,9288
8358,金居,6,0,6,凱基-埔墘,2023-09-01,9288
6282,康舒,7,2,5,凱基-埔墘,2023-09-01,9288
1789,神隆,5,0,5,凱基-埔墘,2023-09-01,9288
2364,倫飛,5,0,5,凱基-埔墘,2023-09-01,9288
2449,京元電子,11,6,5,凱基-埔墘,2023-09-01,9288
3078,僑威,11,6,5,凱基-埔墘,2023-09-01,9288
3682,亞太電,5,0,5,凱基-埔墘,2023-09-01,9288
6443,元晶,5,0,5,凱基-埔墘,2023-09-01,9288
8409,商之器,5,0,5,凱基-埔墘,2023-09-01,9288
8926,台汽電,5,0,5,凱基-埔墘,2023-09-01,9288
1605,華新,5,1,4,凱基-埔墘,2023-09-01,9288
2340,台亞,7,3,4,凱基-埔墘,2023-09-01,9288
2834,臺企銀,5,1,4,凱基-埔墘,2023-09-01,9288
3357,臺慶科,4,0,4,凱基-埔墘,2023-09-01,9288
6188,廣明,4,0,4,凱基-埔墘,2023-09-01,9288
2356,英業達,6,3,3,凱基-埔墘,2023-09-01,9288
2630,亞航,4,1,3,凱基-埔墘,2023-09-01,9288
8050,廣積,3,0,3,凱基-埔墘,2023-09-01,9288
3231,緯創,98,18,80,凱基-埔墘,2023-09-04,9288
8046,南電,80,1,79,凱基-埔墘,2023-09-04,9288
2356,英業達,52,2,50,凱基-埔墘,2023-09-04,9288
1802,台玻,29,0,29,凱基-埔墘,2023-09-04,9288
3035,智原,32,4,28,凱基-埔墘,2023-09-04,9288
2402,毅嘉,88,61,27,凱基-埔墘,2023-09-04,9288
00927,群益半導體收益,20,0,20,凱基-埔墘,2023-09-04,9288
6016,康和證,20,0,20,凱基-埔墘,2023-09-04,9288
6112,邁達特,20,0,20,凱基-埔墘,2023-09-04,9288
5488,松普,16,0,16,凱基-埔墘,2023-09-04,9288
3715,定穎投控,73,58,15,凱基-埔墘,2023-09-04,9288
00931B,統一美債20年,11,0,11,凱基-埔墘,2023-09-04,9288
2344,華邦電,11,0,11,凱基-埔墘,2023-09-04,9288
6284,佳邦,11,0,11,凱基-埔墘,2023-09-04,9288
2409,友達,10,0,10,凱基-埔墘,2023-09-04,9288
2634,漢翔,12,2,10,凱基-埔墘,2023-09-04,9288
8039,台虹,10,0,10,凱基-埔墘,2023-09-04,9288
9904,寶成,10,0,10,凱基-埔墘,2023-09-04,9288
9934,成霖,10,0,10,凱基-埔墘,2023-09-04,9288
3548,兆利,15,6,9,凱基-埔墘,2023-09-04,9288
2301,光寶科,8,0,8,凱基-埔墘,2023-09-04,9288
1584,精剛,8,0,8,凱基-埔墘,2023-09-04,9288
3163,波若威,10,2,8,凱基-埔墘,2023-09-04,9288
9945,潤泰新,8,0,8,凱基-埔墘,2023-09-04,9288
1307,三芳,7,0,7,凱基-埔墘,2023-09-04,9288
2329,華泰,11,4,7,凱基-埔墘,2023-09-04,9288
3338,泰碩,12,5,7,凱基-埔墘,2023-09-04,9288
2241,艾姆勒,6,0,6,凱基-埔墘,2023-09-04,9288
1326,台化,5,0,5,凱基-埔墘,2023-09-04,9288
1301,台塑,5,0,5,凱基-埔墘,2023-09-04,9288
2031,新光鋼,5,0,5,凱基-埔墘,2023-09-04,9288
2331,精英,5,0,5,凱基-埔墘,2023-09-04,9288
2881,富邦金,6,1,5,凱基-埔墘,2023-09-04,9288
3011,今皓,5,0,5,凱基-埔墘,2023-09-04,9288
4933,友輝,5,0,5,凱基-埔墘,2023-09-04,9288
5347,世界,5,0,5,凱基-埔墘,2023-09-04,9288
6173,信昌電,6,1,5,凱基-埔墘,2023-09-04,9288
9938,百和,5,0,5,凱基-埔墘,2023-09-04,9288
2542,興富發,5,0,5,凱基-埔墘,2023-09-04,9288
00919,群益台灣精選高息,4,0,4,凱基-埔墘,2023-09-04,9288
00673R,期元大S＆P原油反1,4,0,4,凱基-埔墘,2023-09-04,9288
2027,大成鋼,6,2,4,凱基-埔墘,2023-09-04,9288
2201,裕隆,10,6,4,凱基-埔墘,2023-09-04,9288
2303,聯電,4,0,4,凱基-埔墘,2023-09-04,9288
2489,瑞軒,4,0,4,凱基-埔墘,2023-09-04,9288
3071,協禧,4,0,4,凱基-埔墘,2023-09-04,9288
3689,湧德,4,0,4,凱基-埔墘,2023-09-04,9288
6182,合晶,4,0,4,凱基-埔墘,2023-09-04,9288
2885,元大金,3,0,3,凱基-埔墘,2023-09-04,9288
2354,鴻準,3,0,3,凱基-埔墘,2023-09-04,9288
00929,復華台灣科技優息,118,38,80,凱基-埔墘,2023-09-05,9288
3379,彬台,70,0,70,凱基-埔墘,2023-09-05,9288
00632R,元大台灣50反1,60,0,60,凱基-埔墘,2023-09-05,9288
1616,億泰,50,0,50,凱基-埔墘,2023-09-05,9288
5258,虹堡,41,2,39,凱基-埔墘,2023-09-05,9288
6667,信紘科,31,0,31,凱基-埔墘,2023-09-05,9288
2402,毅嘉,33,12,21,凱基-埔墘,2023-09-05,9288
2461,光群雷,20,0,20,凱基-埔墘,2023-09-05,9288
00915,凱基優選高股息30,15,0,15,凱基-埔墘,2023-09-05,9288
6167,久正,12,0,12,凱基-埔墘,2023-09-05,9288
2332,友訊,10,0,10,凱基-埔墘,2023-09-05,9288
2419,仲琦,10,0,10,凱基-埔墘,2023-09-05,9288
3264,欣銓,10,0,10,凱基-埔墘,2023-09-05,9288
4164,承業醫,10,0,10,凱基-埔墘,2023-09-05,9288
4744,皇將,10,0,10,凱基-埔墘,2023-09-05,9288
00679B,元大美債20年,9,0,9,凱基-埔墘,2023-09-05,9288
2892,第一金,8,0,8,凱基-埔墘,2023-09-05,9288
1609,大亞,8,0,8,凱基-埔墘,2023-09-05,9288
2612,中航,8,0,8,凱基-埔墘,2023-09-05,9288
2025,千興,7,0,7,凱基-埔墘,2023-09-05,9288
3149,正達,7,0,7,凱基-埔墘,2023-09-05,9288
00900,富邦特選高股息30,5,0,5,凱基-埔墘,2023-09-05,9288
00919,群益台灣精選高息,5,0,5,凱基-埔墘,2023-09-05,9288
00671R,富邦NASDAQ反1,5,0,5,凱基-埔墘,2023-09-05,9288
1785,光洋科,5,0,5,凱基-埔墘,2023-09-05,9288
2340,台亞,6,1,5,凱基-埔墘,2023-09-05,9288
3682,亞太電,5,0,5,凱基-埔墘,2023-09-05,9288
9911,櫻花,5,0,5,凱基-埔墘,2023-09-05,9288
3042,晶技,6,2,4,凱基-埔墘,2023-09-05,9288
00665L,富邦�琤肭磪囓�2,6,2,4,凱基-埔墘,2023-09-05,9288
00650L,復華香港正2,4,0,4,凱基-埔墘,2023-09-05,9288
1471,首利,4,0,4,凱基-埔墘,2023-09-05,9288
2008,高興昌,4,0,4,凱基-埔墘,2023-09-05,9288
3545,敦泰,10,6,4,凱基-埔墘,2023-09-05,9288
6182,合晶,4,0,4,凱基-埔墘,2023-09-05,9288
2337,旺宏,3,0,3,凱基-埔墘,2023-09-05,9288
2324,仁寶,14,11,3,凱基-埔墘,2023-09-05,9288
1514,亞力,5,2,3,凱基-埔墘,2023-09-05,9288
1525,江申,3,0,3,凱基-埔墘,2023-09-05,9288
00645,富邦日本,3,0,3,凱基-埔墘,2023-09-05,9288
1319,東陽,3,0,3,凱基-埔墘,2023-09-05,9288
2201,裕隆,3,0,3,凱基-埔墘,2023-09-05,9288
2388,威盛,6,3,3,凱基-埔墘,2023-09-05,9288
2542,興富發,3,0,3,凱基-埔墘,2023-09-05,9288
2888,新光金,3,0,3,凱基-埔墘,2023-09-05,9288
3006,晶豪科,3,0,3,凱基-埔墘,2023-09-05,9288
3071,協禧,3,0,3,凱基-埔墘,2023-09-05,9288
5351,鈺創,7,4,3,凱基-埔墘,2023-09-05,9288
5443,均豪,3,0,3,凱基-埔墘,2023-09-05,9288
8070,長華*,3,0,3,凱基-埔墘,2023-09-05,9288
00919,群益台灣精選高息,113,0,113,凱基-埔墘,2023-09-06,9288
5381,合正,59,22,37,凱基-埔墘,2023-09-06,9288
2313,華通,72,36,36,凱基-埔墘,2023-09-06,9288
3481,群創,51,16,35,凱基-埔墘,2023-09-06,9288
2890,永豐金,30,0,30,凱基-埔墘,2023-09-06,9288
2457,飛宏,26,1,25,凱基-埔墘,2023-09-06,9288
2409,友達,24,0,24,凱基-埔墘,2023-09-06,9288
3346,麗清,20,0,20,凱基-埔墘,2023-09-06,9288
3149,正達,20,1,19,凱基-埔墘,2023-09-06,9288
2358,廷鑫,20,3,17,凱基-埔墘,2023-09-06,9288
5328,華容,15,0,15,凱基-埔墘,2023-09-06,9288
2401,凌陽,20,6,14,凱基-埔墘,2023-09-06,9288
00918,大華優利高填息30,13,0,13,凱基-埔墘,2023-09-06,9288
6271,同欣電,15,2,13,凱基-埔墘,2023-09-06,9288
00915,凱基優選高股息30,12,0,12,凱基-埔墘,2023-09-06,9288
00902,中信電池及儲能,12,0,12,凱基-埔墘,2023-09-06,9288
2344,華邦電,12,0,12,凱基-埔墘,2023-09-06,9288
5488,松普,28,16,12,凱基-埔墘,2023-09-06,9288
1802,台玻,11,0,11,凱基-埔墘,2023-09-06,9288
00931B,統一美債20年,11,0,11,凱基-埔墘,2023-09-06,9288
1907,永豐餘,10,0,10,凱基-埔墘,2023-09-06,9288
2329,華泰,11,1,10,凱基-埔墘,2023-09-06,9288
2312,金寶,9,0,9,凱基-埔墘,2023-09-06,9288
2905,三商,7,0,7,凱基-埔墘,2023-09-06,9288
2363,矽統,12,6,6,凱基-埔墘,2023-09-06,9288
2369,菱生,6,0,6,凱基-埔墘,2023-09-06,9288
2388,威盛,11,5,6,凱基-埔墘,2023-09-06,9288
2498,宏達電,6,0,6,凱基-埔墘,2023-09-06,9288
2601,益航,6,0,6,凱基-埔墘,2023-09-06,9288
3689,湧德,6,0,6,凱基-埔墘,2023-09-06,9288
2882,國泰金,5,0,5,凱基-埔墘,2023-09-06,9288
1514,亞力,10,5,5,凱基-埔墘,2023-09-06,9288
1402,遠東新,5,0,5,凱基-埔墘,2023-09-06,9288
00923,群益台ESG低碳50,5,0,5,凱基-埔墘,2023-09-06,9288
00900,富邦特選高股息30,5,0,5,凱基-埔墘,2023-09-06,9288
00679B,元大美債20年,5,0,5,凱基-埔墘,2023-09-06,9288
00671R,富邦NASDAQ反1,5,0,5,凱基-埔墘,2023-09-06,9288
00753L,中信中國50正2,5,0,5,凱基-埔墘,2023-09-06,9288
2337,旺宏,6,1,5,凱基-埔墘,2023-09-06,9288
3624,光頡,6,1,5,凱基-埔墘,2023-09-06,9288
6147,頎邦,6,1,5,凱基-埔墘,2023-09-06,9288
6191,精成科,5,0,5,凱基-埔墘,2023-09-06,9288
6505,台塑化,5,0,5,凱基-埔墘,2023-09-06,9288
2892,第一金,4,0,4,凱基-埔墘,2023-09-06,9288
00720B,元大投資級公司債,4,0,4,凱基-埔墘,2023-09-06,9288
2486,一詮,6,2,4,凱基-埔墘,2023-09-06,9288
6016,康和證,4,0,4,凱基-埔墘,2023-09-06,9288
6139,亞翔,4,0,4,凱基-埔墘,2023-09-06,9288
6182,合晶,5,1,4,凱基-埔墘,2023-09-06,9288
2317,鴻海,4,0,4,凱基-埔墘,2023-09-06,9288
00919,群益台灣精選高息,81,0,81,凱基-埔墘,2023-09-07,9288
6285,啟��,155,95,60,凱基-埔墘,2023-09-07,9288
4744,皇將,57,0,57,凱基-埔墘,2023-09-07,9288
2331,精英,55,2,53,凱基-埔墘,2023-09-07,9288
00902,中信電池及儲能,39,0,39,凱基-埔墘,2023-09-07,9288
2351,順德,30,0,30,凱基-埔墘,2023-09-07,9288
2618,長榮航,22,0,22,凱基-埔墘,2023-09-07,9288
2887,台新金,20,0,20,凱基-埔墘,2023-09-07,9288
3264,欣銓,20,1,19,凱基-埔墘,2023-09-07,9288
4909,新復興,17,0,17,凱基-埔墘,2023-09-07,9288
00687B,國泰20年美債,16,0,16,凱基-埔墘,2023-09-07,9288
2312,金寶,16,0,16,凱基-埔墘,2023-09-07,9288
006208,富邦台50,15,0,15,凱基-埔墘,2023-09-07,9288
2897,王道銀行,15,0,15,凱基-埔墘,2023-09-07,9288
2409,友達,14,2,12,凱基-埔墘,2023-09-07,9288
1604,聲寶,12,0,12,凱基-埔墘,2023-09-07,9288
00893,國泰智能電動車,12,1,11,凱基-埔墘,2023-09-07,9288
00680L,元大美債20正2,11,0,11,凱基-埔墘,2023-09-07,9288
3051,力特,11,0,11,凱基-埔墘,2023-09-07,9288
00688L,國泰20年美債正2,10,0,10,凱基-埔墘,2023-09-07,9288
2023,燁輝,10,0,10,凱基-埔墘,2023-09-07,9288
2607,榮運,10,0,10,凱基-埔墘,2023-09-07,9288
3346,麗清,10,0,10,凱基-埔墘,2023-09-07,9288
3710,連展投控,10,0,10,凱基-埔墘,2023-09-07,9288
3481,群創,12,2,10,凱基-埔墘,2023-09-07,9288
2888,新光金,9,0,9,凱基-埔墘,2023-09-07,9288
2324,仁寶,9,1,8,凱基-埔墘,2023-09-07,9288
2436,偉詮電,11,3,8,凱基-埔墘,2023-09-07,9288
3257,虹冠電,8,0,8,凱基-埔墘,2023-09-07,9288
4533,協易機,13,5,8,凱基-埔墘,2023-09-07,9288
1102,亞泥,7,0,7,凱基-埔墘,2023-09-07,9288
2301,光寶科,7,0,7,凱基-埔墘,2023-09-07,9288
2401,凌陽,7,0,7,凱基-埔墘,2023-09-07,9288
2606,裕民,7,0,7,凱基-埔墘,2023-09-07,9288
1319,東陽,7,0,7,凱基-埔墘,2023-09-07,9288
2316,楠梓電,12,6,6,凱基-埔墘,2023-09-07,9288
3092,鴻碩,6,0,6,凱基-埔墘,2023-09-07,9288
6114,久威,6,0,6,凱基-埔墘,2023-09-07,9288
00930,永豐ESG低碳高息,5,0,5,凱基-埔墘,2023-09-07,9288
00637L,元大滬深300正2,5,0,5,凱基-埔墘,2023-09-07,9288
00715L,期街口布蘭特正2,5,0,5,凱基-埔墘,2023-09-07,9288
3149,正達,12,7,5,凱基-埔墘,2023-09-07,9288
3704,合勤控,6,1,5,凱基-埔墘,2023-09-07,9288
3715,定穎投控,15,10,5,凱基-埔墘,2023-09-07,9288
4906,正文,5,0,5,凱基-埔墘,2023-09-07,9288
5009,榮剛,7,2,5,凱基-埔墘,2023-09-07,9288
6015,宏遠證,5,0,5,凱基-埔墘,2023-09-07,9288
6589,台康生技,5,0,5,凱基-埔墘,2023-09-07,9288
8033,雷虎,5,0,5,凱基-埔墘,2023-09-07,9288
2002,中鋼,4,0,4,凱基-埔墘,2023-09-07,9288
00637L,元大滬深300正2,180,0,180,凱基-埔墘,2023-09-08,9288
00632R,元大台灣50反1,188,20,168,凱基-埔墘,2023-09-08,9288
00929,復華台灣科技優息,73,0,73,凱基-埔墘,2023-09-08,9288
6285,啟��,68,5,63,凱基-埔墘,2023-09-08,9288
00919,群益台灣精選高息,52,0,52,凱基-埔墘,2023-09-08,9288
1513,中興電,42,0,42,凱基-埔墘,2023-09-08,9288
9904,寶成,40,0,40,凱基-埔墘,2023-09-08,9288
6418,詠昇,40,0,40,凱基-埔墘,2023-09-08,9288
00753L,中信中國50正2,34,1,33,凱基-埔墘,2023-09-08,9288
2105,正新,33,9,24,凱基-埔墘,2023-09-08,9288
5258,虹堡,36,15,21,凱基-埔墘,2023-09-08,9288
2376,技嘉,23,3,20,凱基-埔墘,2023-09-08,9288
2618,長榮航,20,0,20,凱基-埔墘,2023-09-08,9288
2880,華南金,20,0,20,凱基-埔墘,2023-09-08,9288
6282,康舒,19,0,19,凱基-埔墘,2023-09-08,9288
00878,國泰永續高股息,18,0,18,凱基-埔墘,2023-09-08,9288
3346,麗清,19,1,18,凱基-埔墘,2023-09-08,9288
2903,遠百,16,0,16,凱基-埔墘,2023-09-08,9288
4746,台耀,15,0,15,凱基-埔墘,2023-09-08,9288
00902,中信電池及儲能,14,0,14,凱基-埔墘,2023-09-08,9288
2486,一詮,19,7,12,凱基-埔墘,2023-09-08,9288
2495,普安,12,0,12,凱基-埔墘,2023-09-08,9288
6188,廣明,11,0,11,凱基-埔墘,2023-09-08,9288
1471,首利,14,3,11,凱基-埔墘,2023-09-08,9288
2515,中工,10,0,10,凱基-埔墘,2023-09-08,9288
2812,台中銀,10,0,10,凱基-埔墘,2023-09-08,9288
4903,聯光通,10,0,10,凱基-埔墘,2023-09-08,9288
8222,寶一,11,2,9,凱基-埔墘,2023-09-08,9288
2358,廷鑫,10,2,8,凱基-埔墘,2023-09-08,9288
4744,皇將,8,0,8,凱基-埔墘,2023-09-08,9288
2634,漢翔,18,11,7,凱基-埔墘,2023-09-08,9288
3548,兆利,10,3,7,凱基-埔墘,2023-09-08,9288
2316,楠梓電,9,3,6,凱基-埔墘,2023-09-08,9288
8027,鈦昇,6,0,6,凱基-埔墘,2023-09-08,9288
8070,長華*,6,0,6,凱基-埔墘,2023-09-08,9288
3037,欣興,5,0,5,凱基-埔墘,2023-09-08,9288
4934,太極,5,0,5,凱基-埔墘,2023-09-08,9288
2106,建大,5,0,5,凱基-埔墘,2023-09-08,9288
2206,三陽工業,7,2,5,凱基-埔墘,2023-09-08,9288
2344,華邦電,7,2,5,凱基-埔墘,2023-09-08,9288
2889,國票金,5,0,5,凱基-埔墘,2023-09-08,9288
3682,亞太電,5,0,5,凱基-埔墘,2023-09-08,9288
8916,光隆,5,0,5,凱基-埔墘,2023-09-08,9288
9950,萬國通,5,0,5,凱基-埔墘,2023-09-08,9288
2382,廣達,7,2,5,凱基-埔墘,2023-09-08,9288
2002,中鋼,4,0,4,凱基-埔墘,2023-09-08,9288
1102,亞泥,4,0,4,凱基-埔墘,2023-09-08,9288
2421,建準,5,1,4,凱基-埔墘,2023-09-08,9288
2383,台光電,4,1,3,凱基-埔墘,2023-09-08,9288
1522,堤維西,3,0,3,凱基-埔墘,2023-09-08,9288
00671R,富邦NASDAQ反1,50,0,50,凱基-埔墘,2023-09-11,9288
00878,國泰永續高股息,48,7,41,凱基-埔墘,2023-09-11,9288
1515,力山,50,12,38,凱基-埔墘,2023-09-11,9288
2634,漢翔,43,11,32,凱基-埔墘,2023-09-11,9288
00919,群益台灣精選高息,32,0,32,凱基-埔墘,2023-09-11,9288
2363,矽統,71,51,20,凱基-埔墘,2023-09-11,9288
00687B,國泰20年美債,17,0,17,凱基-埔墘,2023-09-11,9288
3481,群創,23,7,16,凱基-埔墘,2023-09-11,9288
2344,華邦電,16,0,16,凱基-埔墘,2023-09-11,9288
4744,皇將,16,0,16,凱基-埔墘,2023-09-11,9288
9919,康那香,16,0,16,凱基-埔墘,2023-09-11,9288
2618,長榮航,28,13,15,凱基-埔墘,2023-09-11,9288
0056,元大高股息,15,1,14,凱基-埔墘,2023-09-11,9288
2356,英業達,15,1,14,凱基-埔墘,2023-09-11,9288
00902,中信電池及儲能,14,0,14,凱基-埔墘,2023-09-11,9288
2314,台揚,12,0,12,凱基-埔墘,2023-09-11,9288
2337,旺宏,12,0,12,凱基-埔墘,2023-09-11,9288
2891,中信金,12,0,12,凱基-埔墘,2023-09-11,9288
00932,兆豐永續高息等權,11,0,11,凱基-埔墘,2023-09-11,9288
8028,昇陽半導體,11,0,11,凱基-埔墘,2023-09-11,9288
2236,百達-KY,10,0,10,凱基-埔墘,2023-09-11,9288
2897,王道銀行,10,0,10,凱基-埔墘,2023-09-11,9288
5608,四維航,10,0,10,凱基-埔墘,2023-09-11,9288
1102,亞泥,9,0,9,凱基-埔墘,2023-09-11,9288
3680,家登,10,1,9,凱基-埔墘,2023-09-11,9288
6517,保勝光學,8,0,8,凱基-埔墘,2023-09-11,9288
3715,定穎投控,15,8,7,凱基-埔墘,2023-09-11,9288
8046,南電,10,3,7,凱基-埔墘,2023-09-11,9288
00900,富邦特選高股息30,7,0,7,凱基-埔墘,2023-09-11,9288
2888,新光金,7,0,7,凱基-埔墘,2023-09-11,9288
00688L,國泰20年美債正2,6,0,6,凱基-埔墘,2023-09-11,9288
00720B,元大投資級公司債,6,0,6,凱基-埔墘,2023-09-11,9288
1609,大亞,6,0,6,凱基-埔墘,2023-09-11,9288
2399,映泰,6,0,6,凱基-埔墘,2023-09-11,9288
2352,佳世達,10,5,5,凱基-埔墘,2023-09-11,9288
006208,富邦台50,5,0,5,凱基-埔墘,2023-09-11,9288
00725B,國泰投資級公司債,5,0,5,凱基-埔墘,2023-09-11,9288
00722B,群益投資級電信債,5,0,5,凱基-埔墘,2023-09-11,9288
2834,臺企銀,5,0,5,凱基-埔墘,2023-09-11,9288
4164,承業醫,5,0,5,凱基-埔墘,2023-09-11,9288
6170,統振,5,0,5,凱基-埔墘,2023-09-11,9288
6217,中探針,5,0,5,凱基-埔墘,2023-09-11,9288
00918,大華優利高填息30,4,0,4,凱基-埔墘,2023-09-11,9288
00930,永豐ESG低碳高息,4,0,4,凱基-埔墘,2023-09-11,9288
2436,偉詮電,9,5,4,凱基-埔墘,2023-09-11,9288
4401,東隆興,4,0,4,凱基-埔墘,2023-09-11,9288
6223,旺矽,6,2,4,凱基-埔墘,2023-09-11,9288
00881,國泰台灣5G+,3,0,3,凱基-埔墘,2023-09-11,9288
2317,鴻海,6,3,3,凱基-埔墘,2023-09-11,9288
00712,復華富時不動產,3,0,3,凱基-埔墘,2023-09-11,9288
8046,南電,60,6,54,凱基-埔墘,2023-09-12,9288
5533,皇鼎,50,0,50,凱基-埔墘,2023-09-12,9288
6285,啟��,82,32,50,凱基-埔墘,2023-09-12,9288
2313,華通,60,15,45,凱基-埔墘,2023-09-12,9288
4744,皇將,47,2,45,凱基-埔墘,2023-09-12,9288
00919,群益台灣精選高息,38,0,38,凱基-埔墘,2023-09-12,9288
2637,慧洋-KY,32,0,32,凱基-埔墘,2023-09-12,9288
3591,艾笛森,26,0,26,凱基-埔墘,2023-09-12,9288
3264,欣銓,26,7,19,凱基-埔墘,2023-09-12,9288
3163,波若威,21,3,18,凱基-埔墘,2023-09-12,9288
2405,輔信,17,0,17,凱基-埔墘,2023-09-12,9288
6282,康舒,29,15,14,凱基-埔墘,2023-09-12,9288
1101,台泥,13,0,13,凱基-埔墘,2023-09-12,9288
2330,台積電,11,0,11,凱基-埔墘,2023-09-12,9288
1324,地球,11,0,11,凱基-埔墘,2023-09-12,9288
00665L,富邦�琤肭磪囓�2,12,2,10,凱基-埔墘,2023-09-12,9288
6113,亞矽,8,0,8,凱基-埔墘,2023-09-12,9288
2382,廣達,11,4,7,凱基-埔墘,2023-09-12,9288
3363,上詮,8,1,7,凱基-埔墘,2023-09-12,9288
00878,國泰永續高股息,8,1,7,凱基-埔墘,2023-09-12,9288
00902,中信電池及儲能,6,0,6,凱基-埔墘,2023-09-12,9288
00900,富邦特選高股息30,6,0,6,凱基-埔墘,2023-09-12,9288
2634,漢翔,9,3,6,凱基-埔墘,2023-09-12,9288
2884,玉山金,6,0,6,凱基-埔墘,2023-09-12,9288
2356,英業達,6,1,5,凱基-埔墘,2023-09-12,9288
00738U,期元大道瓊白銀,5,0,5,凱基-埔墘,2023-09-12,9288
2481,強茂,5,0,5,凱基-埔墘,2023-09-12,9288
2612,中航,5,0,5,凱基-埔墘,2023-09-12,9288
2834,臺企銀,5,0,5,凱基-埔墘,2023-09-12,9288
3162,精確,5,0,5,凱基-埔墘,2023-09-12,9288
3715,定穎投控,7,2,5,凱基-埔墘,2023-09-12,9288
4164,承業醫,5,0,5,凱基-埔墘,2023-09-12,9288
5309,系統電,5,0,5,凱基-埔墘,2023-09-12,9288
5351,鈺創,5,0,5,凱基-埔墘,2023-09-12,9288
5465,富驊,5,0,5,凱基-埔墘,2023-09-12,9288
6120,達運,5,0,5,凱基-埔墘,2023-09-12,9288
6541,泰福-KY,5,0,5,凱基-埔墘,2023-09-12,9288
00637L,元大滬深300正2,4,0,4,凱基-埔墘,2023-09-12,9288
00772B,中信高評級公司債,4,0,4,凱基-埔墘,2023-09-12,9288
00923,群益台ESG低碳50,4,0,4,凱基-埔墘,2023-09-12,9288
2485,兆赫,4,0,4,凱基-埔墘,2023-09-12,9288
2618,長榮航,14,10,4,凱基-埔墘,2023-09-12,9288
4908,前鼎,21,17,4,凱基-埔墘,2023-09-12,9288
2457,飛宏,5,2,3,凱基-埔墘,2023-09-12,9288
6244,茂迪,3,0,3,凱基-埔墘,2023-09-12,9288
2301,光寶科,5,2,3,凱基-埔墘,2023-09-12,9288
3680,家登,3,0,3,凱基-埔墘,2023-09-12,9288
00915,凱基優選高股息30,3,0,3,凱基-埔墘,2023-09-12,9288
00885,富邦越南,214,211,3,凱基-埔墘,2023-09-12,9288
2312,金寶,3,0,3,凱基-埔墘,2023-09-12,9288
2417,圓剛,158,68,90,凱基-埔墘,2023-09-13,9288
6585,鼎基,90,1,89,凱基-埔墘,2023-09-13,9288
3264,欣銓,49,0,49,凱基-埔墘,2023-09-13,9288
00919,群益台灣精選高息,32,0,32,凱基-埔墘,2023-09-13,9288
3715,定穎投控,46,14,32,凱基-埔墘,2023-09-13,9288
2892,第一金,23,0,23,凱基-埔墘,2023-09-13,9288
3044,健鼎,26,4,22,凱基-埔墘,2023-09-13,9288
00878,國泰永續高股息,17,1,16,凱基-埔墘,2023-09-13,9288
3481,群創,16,0,16,凱基-埔墘,2023-09-13,9288
00637L,元大滬深300正2,13,0,13,凱基-埔墘,2023-09-13,9288
2498,宏達電,10,0,10,凱基-埔墘,2023-09-13,9288
3704,合勤控,10,0,10,凱基-埔墘,2023-09-13,9288
3231,緯創,8,0,8,凱基-埔墘,2023-09-13,9288
2025,千興,8,0,8,凱基-埔墘,2023-09-13,9288
00915,凱基優選高股息30,6,0,6,凱基-埔墘,2023-09-13,9288
2402,毅嘉,8,2,6,凱基-埔墘,2023-09-13,9288
4953,緯軟,6,0,6,凱基-埔墘,2023-09-13,9288
1533,車王電,6,1,5,凱基-埔墘,2023-09-13,9288
2353,宏��,5,0,5,凱基-埔墘,2023-09-13,9288
2419,仲琦,10,5,5,凱基-埔墘,2023-09-13,9288
4744,皇將,6,1,5,凱基-埔墘,2023-09-13,9288
6125,廣運,7,2,5,凱基-埔墘,2023-09-13,9288
8112,至上,6,1,5,凱基-埔墘,2023-09-13,9288
1101,台泥,5,0,5,凱基-埔墘,2023-09-13,9288
2355,敬鵬,18,14,4,凱基-埔墘,2023-09-13,9288
3162,精確,7,3,4,凱基-埔墘,2023-09-13,9288
3545,敦泰,5,1,4,凱基-埔墘,2023-09-13,9288
6414,樺漢,6,2,4,凱基-埔墘,2023-09-13,9288
3711,日月光投控,3,0,3,凱基-埔墘,2023-09-13,9288
00650L,復華香港正2,3,0,3,凱基-埔墘,2023-09-13,9288
00902,中信電池及儲能,3,0,3,凱基-埔墘,2023-09-13,9288
00900,富邦特選高股息30,3,0,3,凱基-埔墘,2023-09-13,9288
2313,華通,3,0,3,凱基-埔墘,2023-09-13,9288
2888,新光金,3,0,3,凱基-埔墘,2023-09-13,9288
2376,技嘉,7,5,2,凱基-埔墘,2023-09-13,9288
2383,台光電,3,1,2,凱基-埔墘,2023-09-13,9288
2330,台積電,2,0,2,凱基-埔墘,2023-09-13,9288
00720B,元大投資級公司債,2,0,2,凱基-埔墘,2023-09-13,9288
00708L,期元大S＆P黃金正2,2,0,2,凱基-埔墘,2023-09-13,9288
00923,群益台ESG低碳50,2,0,2,凱基-埔墘,2023-09-13,9288
1227,佳格,3,1,2,凱基-埔墘,2023-09-13,9288
1504,東元,2,0,2,凱基-埔墘,2023-09-13,9288
1582,信錦,2,0,2,凱基-埔墘,2023-09-13,9288
1568,倉佑,2,0,2,凱基-埔墘,2023-09-13,9288
2208,台船,2,0,2,凱基-埔墘,2023-09-13,9288
2312,金寶,3,1,2,凱基-埔墘,2023-09-13,9288
2374,佳能,2,0,2,凱基-埔墘,2023-09-13,9288
2609,陽明,2,0,2,凱基-埔墘,2023-09-13,9288
3005,神基,4,2,2,凱基-埔墘,2023-09-13,9288
3035,智原,13,11,2,凱基-埔墘,2023-09-13,9288
00902,中信電池及儲能,47,0,47,凱基-埔墘,2023-09-14,9288
2890,永豐金,50,7,43,凱基-埔墘,2023-09-14,9288
00640L,富邦日本正2,35,0,35,凱基-埔墘,2023-09-14,9288
00919,群益台灣精選高息,27,0,27,凱基-埔墘,2023-09-14,9288
2449,京元電子,18,0,18,凱基-埔墘,2023-09-14,9288
5465,富驊,21,4,17,凱基-埔墘,2023-09-14,9288
3707,漢磊,14,0,14,凱基-埔墘,2023-09-14,9288
4909,新復興,14,0,14,凱基-埔墘,2023-09-14,9288
2020,美亞,13,0,13,凱基-埔墘,2023-09-14,9288
2002,中鋼,12,0,12,凱基-埔墘,2023-09-14,9288
2883,凱基金,11,0,11,凱基-埔墘,2023-09-14,9288
3481,群創,10,0,10,凱基-埔墘,2023-09-14,9288
5258,虹堡,10,0,10,凱基-埔墘,2023-09-14,9288
6217,中探針,10,0,10,凱基-埔墘,2023-09-14,9288
6274,台燿,13,3,10,凱基-埔墘,2023-09-14,9288
9933,中鼎,10,0,10,凱基-埔墘,2023-09-14,9288
2402,毅嘉,10,1,9,凱基-埔墘,2023-09-14,9288
4739,康普,9,0,9,凱基-埔墘,2023-09-14,9288
1519,華城,8,1,7,凱基-埔墘,2023-09-14,9288
2605,新興,20,13,7,凱基-埔墘,2023-09-14,9288
2609,陽明,8,1,7,凱基-埔墘,2023-09-14,9288
2637,慧洋-KY,20,14,6,凱基-埔墘,2023-09-14,9288
9958,世紀鋼,6,1,5,凱基-埔墘,2023-09-14,9288
00713,元大台灣高息低波,5,0,5,凱基-埔墘,2023-09-14,9288
2337,旺宏,5,0,5,凱基-埔墘,2023-09-14,9288
3545,敦泰,5,0,5,凱基-埔墘,2023-09-14,9288
6235,華孚,6,1,5,凱基-埔墘,2023-09-14,9288
3044,健鼎,9,4,5,凱基-埔墘,2023-09-14,9288
2903,遠百,4,0,4,凱基-埔墘,2023-09-14,9288
2363,矽統,25,21,4,凱基-埔墘,2023-09-14,9288
5243,乙盛-KY,5,1,4,凱基-埔墘,2023-09-14,9288
1471,首利,6,2,4,凱基-埔墘,2023-09-14,9288
00673R,期元大S＆P原油反1,4,0,4,凱基-埔墘,2023-09-14,9288
2313,華通,7,3,4,凱基-埔墘,2023-09-14,9288
2367,燿華,5,1,4,凱基-埔墘,2023-09-14,9288
3162,精確,11,7,4,凱基-埔墘,2023-09-14,9288
3338,泰碩,6,2,4,凱基-埔墘,2023-09-14,9288
3380,明泰,4,0,4,凱基-埔墘,2023-09-14,9288
00882,中信中國高股息,3,0,3,凱基-埔墘,2023-09-14,9288
1503,士電,3,0,3,凱基-埔墘,2023-09-14,9288
1582,信錦,3,0,3,凱基-埔墘,2023-09-14,9288
1603,華電,3,0,3,凱基-埔墘,2023-09-14,9288
2351,順德,3,0,3,凱基-埔墘,2023-09-14,9288
2442,新美齊,3,0,3,凱基-埔墘,2023-09-14,9288
2486,一詮,61,58,3,凱基-埔墘,2023-09-14,9288
2515,中工,10,7,3,凱基-埔墘,2023-09-14,9288
3094,聯傑,5,2,3,凱基-埔墘,2023-09-14,9288
6111,大宇資,3,0,3,凱基-埔墘,2023-09-14,9288
6517,保勝光學,3,0,3,凱基-埔墘,2023-09-14,9288
8085,福華,3,0,3,凱基-埔墘,2023-09-14,9288
3450,聯鈞,628,14,614,凱基-埔墘,2023-09-15,9288
8046,南電,216,9,207,凱基-埔墘,2023-09-15,9288
00931B,統一美債20年,190,0,190,凱基-埔墘,2023-09-15,9288
2890,永豐金,70,0,70,凱基-埔墘,2023-09-15,9288
2486,一詮,110,51,59,凱基-埔墘,2023-09-15,9288
00715L,期街口布蘭特正2,50,0,50,凱基-埔墘,2023-09-15,9288
00902,中信電池及儲能,50,0,50,凱基-埔墘,2023-09-15,9288
2349,錸德,45,0,45,凱基-埔墘,2023-09-15,9288
2605,新興,55,22,33,凱基-埔墘,2023-09-15,9288
2363,矽統,47,19,28,凱基-埔墘,2023-09-15,9288
2637,慧洋-KY,71,44,27,凱基-埔墘,2023-09-15,9288
3035,智原,25,5,20,凱基-埔墘,2023-09-15,9288
00878,國泰永續高股息,19,0,19,凱基-埔墘,2023-09-15,9288
2010,春源,16,0,16,凱基-埔墘,2023-09-15,9288
2634,漢翔,28,12,16,凱基-埔墘,2023-09-15,9288
3323,加百裕,15,0,15,凱基-埔墘,2023-09-15,9288
00720B,元大投資級公司債,14,0,14,凱基-埔墘,2023-09-15,9288
00640L,富邦日本正2,12,0,12,凱基-埔墘,2023-09-15,9288
00683L,期元大美元指正2,10,0,10,凱基-埔墘,2023-09-15,9288
2834,臺企銀,12,2,10,凱基-埔墘,2023-09-15,9288
8926,台汽電,10,0,10,凱基-埔墘,2023-09-15,9288
4746,台耀,10,0,10,凱基-埔墘,2023-09-15,9288
2603,長榮,32,23,9,凱基-埔墘,2023-09-15,9288
2324,仁寶,9,0,9,凱基-埔墘,2023-09-15,9288
2317,鴻海,9,0,9,凱基-埔墘,2023-09-15,9288
2230,泰茂,8,0,8,凱基-埔墘,2023-09-15,9288
1717,長興,8,0,8,凱基-埔墘,2023-09-15,9288
4908,前鼎,14,6,8,凱基-埔墘,2023-09-15,9288
00637L,元大滬深300正2,7,0,7,凱基-埔墘,2023-09-15,9288
6234,高僑,7,0,7,凱基-埔墘,2023-09-15,9288
2332,友訊,6,0,6,凱基-埔墘,2023-09-15,9288
5871,中租-KY,6,1,5,凱基-埔墘,2023-09-15,9288
00673R,期元大S＆P原油反1,5,0,5,凱基-埔墘,2023-09-15,9288
00900,富邦特選高股息30,5,0,5,凱基-埔墘,2023-09-15,9288
00857B,永豐20年美公債,5,0,5,凱基-埔墘,2023-09-15,9288
2340,台亞,5,0,5,凱基-埔墘,2023-09-15,9288
2449,京元電子,10,5,5,凱基-埔墘,2023-09-15,9288
3058,立德,5,0,5,凱基-埔墘,2023-09-15,9288
3149,正達,5,0,5,凱基-埔墘,2023-09-15,9288
3162,精確,5,0,5,凱基-埔墘,2023-09-15,9288
5465,富驊,8,3,5,凱基-埔墘,2023-09-15,9288
6104,創惟,6,1,5,凱基-埔墘,2023-09-15,9288
6113,亞矽,5,0,5,凱基-埔墘,2023-09-15,9288
8467,波力-KY,5,0,5,凱基-埔墘,2023-09-15,9288
3081,聯亞,5,0,5,凱基-埔墘,2023-09-15,9288
00919,群益台灣精選高息,4,0,4,凱基-埔墘,2023-09-15,9288
8908,欣雄,4,0,4,凱基-埔墘,2023-09-15,9288
00772B,中信高評級公司債,3,0,3,凱基-埔墘,2023-09-15,9288
00670L,富邦NASDAQ正2,4,1,3,凱基-埔墘,2023-09-15,9288
3006,晶豪科,4,1,3,凱基-埔墘,2023-09-15,9288
5533,皇鼎,110,0,110,凱基-埔墘,2023-09-18,9288
00919,群益台灣精選高息,81,6,75,凱基-埔墘,2023-09-18,9288
00878,國泰永續高股息,43,0,43,凱基-埔墘,2023-09-18,9288
2605,新興,74,36,38,凱基-埔墘,2023-09-18,9288
3715,定穎投控,47,10,37,凱基-埔墘,2023-09-18,9288
3669,圓展,52,27,25,凱基-埔墘,2023-09-18,9288
2617,台航,27,4,23,凱基-埔墘,2023-09-18,9288
00687B,國泰20年美債,21,0,21,凱基-埔墘,2023-09-18,9288
2355,敬鵬,20,0,20,凱基-埔墘,2023-09-18,9288
6175,立敦,20,0,20,凱基-埔墘,2023-09-18,9288
00679B,元大美債20年,12,0,12,凱基-埔墘,2023-09-18,9288
00753L,中信中國50正2,11,0,11,凱基-埔墘,2023-09-18,9288
3042,晶技,12,1,11,凱基-埔墘,2023-09-18,9288
2027,大成鋼,16,5,11,凱基-埔墘,2023-09-18,9288
2382,廣達,11,1,10,凱基-埔墘,2023-09-18,9288
1314,中石化,10,0,10,凱基-埔墘,2023-09-18,9288
00725B,國泰投資級公司債,10,0,10,凱基-埔墘,2023-09-18,9288
2330,台積電,12,3,9,凱基-埔墘,2023-09-18,9288
00637L,元大滬深300正2,10,2,8,凱基-埔墘,2023-09-18,9288
1471,首利,9,1,8,凱基-埔墘,2023-09-18,9288
4971,IET-KY,8,0,8,凱基-埔墘,2023-09-18,9288
9904,寶成,8,0,8,凱基-埔墘,2023-09-18,9288
2313,華通,48,40,8,凱基-埔墘,2023-09-18,9288
00915,凱基優選高股息30,6,0,6,凱基-埔墘,2023-09-18,9288
2402,毅嘉,6,0,6,凱基-埔墘,2023-09-18,9288
8054,安國,36,30,6,凱基-埔墘,2023-09-18,9288
3037,欣興,8,2,6,凱基-埔墘,2023-09-18,9288
2317,鴻海,6,1,5,凱基-埔墘,2023-09-18,9288
3231,緯創,6,1,5,凱基-埔墘,2023-09-18,9288
2472,立隆電,5,0,5,凱基-埔墘,2023-09-18,9288
00650L,復華香港正2,5,0,5,凱基-埔墘,2023-09-18,9288
00713,元大台灣高息低波,5,0,5,凱基-埔墘,2023-09-18,9288
00706L,期元大S＆P日圓正2,5,0,5,凱基-埔墘,2023-09-18,9288
2481,強茂,5,0,5,凱基-埔墘,2023-09-18,9288
2515,中工,5,0,5,凱基-埔墘,2023-09-18,9288
3376,新日興,5,0,5,凱基-埔墘,2023-09-18,9288
8050,廣積,5,0,5,凱基-埔墘,2023-09-18,9288
8341,日友,5,0,5,凱基-埔墘,2023-09-18,9288
2301,光寶科,6,2,4,凱基-埔墘,2023-09-18,9288
2324,仁寶,5,1,4,凱基-埔墘,2023-09-18,9288
6244,茂迪,4,0,4,凱基-埔墘,2023-09-18,9288
00676R,富邦臺灣加權反1,4,0,4,凱基-埔墘,2023-09-18,9288
00720B,元大投資級公司債,4,0,4,凱基-埔墘,2023-09-18,9288
00772B,中信高評級公司債,4,0,4,凱基-埔墘,2023-09-18,9288
2363,矽統,40,36,4,凱基-埔墘,2023-09-18,9288
2399,映泰,4,0,4,凱基-埔墘,2023-09-18,9288
2609,陽明,5,1,4,凱基-埔墘,2023-09-18,9288
3701,大眾控,4,0,4,凱基-埔墘,2023-09-18,9288
8046,南電,7,3,4,凱基-埔墘,2023-09-18,9288
00881,國泰台灣5G+,3,0,3,凱基-埔墘,2023-09-18,9288
2313,華通,176,49,127,凱基-埔墘,2023-09-19,9288
2885,元大金,53,0,53,凱基-埔墘,2023-09-19,9288
00640L,富邦日本正2,50,0,50,凱基-埔墘,2023-09-19,9288
2371,大同,51,2,49,凱基-埔墘,2023-09-19,9288
5533,皇鼎,40,0,40,凱基-埔墘,2023-09-19,9288
2618,長榮航,25,0,25,凱基-埔墘,2023-09-19,9288
2606,裕民,26,3,23,凱基-埔墘,2023-09-19,9288
2498,宏達電,23,1,22,凱基-埔墘,2023-09-19,9288
3346,麗清,20,0,20,凱基-埔墘,2023-09-19,9288
2617,台航,20,1,19,凱基-埔墘,2023-09-19,9288
00919,群益台灣精選高息,17,0,17,凱基-埔墘,2023-09-19,9288
6285,啟��,17,1,16,凱基-埔墘,2023-09-19,9288
3032,偉訓,18,4,14,凱基-埔墘,2023-09-19,9288
4979,華星光,12,0,12,凱基-埔墘,2023-09-19,9288
1522,堤維西,11,1,10,凱基-埔墘,2023-09-19,9288
4402,郡都開發,10,0,10,凱基-埔墘,2023-09-19,9288
6288,聯嘉,10,0,10,凱基-埔墘,2023-09-19,9288
2405,輔信,9,0,9,凱基-埔墘,2023-09-19,9288
3042,晶技,11,2,9,凱基-埔墘,2023-09-19,9288
6451,訊芯-KY,12,3,9,凱基-埔墘,2023-09-19,9288
2330,台積電,8,0,8,凱基-埔墘,2023-09-19,9288
3163,波若威,10,2,8,凱基-埔墘,2023-09-19,9288
6244,茂迪,7,0,7,凱基-埔墘,2023-09-19,9288
00921,兆豐龍頭等權重,7,0,7,凱基-埔墘,2023-09-19,9288
0056,元大高股息,7,0,7,凱基-埔墘,2023-09-19,9288
2399,映泰,10,3,7,凱基-埔墘,2023-09-19,9288
8088,品安,7,0,7,凱基-埔墘,2023-09-19,9288
2610,華航,6,0,6,凱基-埔墘,2023-09-19,9288
3081,聯亞,6,0,6,凱基-埔墘,2023-09-19,9288
00665L,富邦�琤肭磪囓�2,7,1,6,凱基-埔墘,2023-09-19,9288
2388,威盛,11,5,6,凱基-埔墘,2023-09-19,9288
2605,新興,6,0,6,凱基-埔墘,2023-09-19,9288
2634,漢翔,7,1,6,凱基-埔墘,2023-09-19,9288
4908,前鼎,7,1,6,凱基-埔墘,2023-09-19,9288
3231,緯創,8,3,5,凱基-埔墘,2023-09-19,9288
2425,承啟,6,1,5,凱基-埔墘,2023-09-19,9288
3090,日電貿,5,0,5,凱基-埔墘,2023-09-19,9288
4967,十銓,5,0,5,凱基-埔墘,2023-09-19,9288
6282,康舒,6,2,4,凱基-埔墘,2023-09-19,9288
8046,南電,7,3,4,凱基-埔墘,2023-09-19,9288
1584,精剛,8,4,4,凱基-埔墘,2023-09-19,9288
00900,富邦特選高股息30,4,0,4,凱基-埔墘,2023-09-19,9288
2025,千興,4,0,4,凱基-埔墘,2023-09-19,9288
2331,精英,4,0,4,凱基-埔墘,2023-09-19,9288
3149,正達,4,0,4,凱基-埔墘,2023-09-19,9288
4746,台耀,4,0,4,凱基-埔墘,2023-09-19,9288
00650L,復華香港正2,3,0,3,凱基-埔墘,2023-09-19,9288
00918,大華優利高填息30,3,0,3,凱基-埔墘,2023-09-19,9288
2241,艾姆勒,3,0,3,凱基-埔墘,2023-09-19,9288
2312,金寶,3,0,3,凱基-埔墘,2023-09-19,9288
3715,定穎投控,119,24,95,凱基-埔墘,2023-09-20,9288
2618,長榮航,68,5,63,凱基-埔墘,2023-09-20,9288
2367,燿華,56,21,35,凱基-埔墘,2023-09-20,9288
00931B,統一美債20年,27,0,27,凱基-埔墘,2023-09-20,9288
2834,臺企銀,25,0,25,凱基-埔墘,2023-09-20,9288
6285,啟��,38,13,25,凱基-埔墘,2023-09-20,9288
00902,中信電池及儲能,20,0,20,凱基-埔墘,2023-09-20,9288
2498,宏達電,20,0,20,凱基-埔墘,2023-09-20,9288
00679B,元大美債20年,17,0,17,凱基-埔墘,2023-09-20,9288
00930,永豐ESG低碳高息,16,0,16,凱基-埔墘,2023-09-20,9288
3265,台星科,25,9,16,凱基-埔墘,2023-09-20,9288
2486,一詮,14,1,13,凱基-埔墘,2023-09-20,9288
5285,界霖,13,0,13,凱基-埔墘,2023-09-20,9288
00753L,中信中國50正2,12,0,12,凱基-埔墘,2023-09-20,9288
00919,群益台灣精選高息,11,0,11,凱基-埔墘,2023-09-20,9288
2449,京元電子,20,9,11,凱基-埔墘,2023-09-20,9288
00640L,富邦日本正2,10,0,10,凱基-埔墘,2023-09-20,9288
1708,東鹼,10,0,10,凱基-埔墘,2023-09-20,9288
1815,富喬,17,7,10,凱基-埔墘,2023-09-20,9288
1907,永豐餘,10,0,10,凱基-埔墘,2023-09-20,9288
2606,裕民,14,4,10,凱基-埔墘,2023-09-20,9288
3346,麗清,10,0,10,凱基-埔墘,2023-09-20,9288
6138,茂達,10,0,10,凱基-埔墘,2023-09-20,9288
2888,新光金,9,0,9,凱基-埔墘,2023-09-20,9288
2401,凌陽,8,0,8,凱基-埔墘,2023-09-20,9288
1519,華城,9,2,7,凱基-埔墘,2023-09-20,9288
8358,金居,8,1,7,凱基-埔墘,2023-09-20,9288
00772B,中信高評級公司債,6,0,6,凱基-埔墘,2023-09-20,9288
2317,鴻海,6,0,6,凱基-埔墘,2023-09-20,9288
2405,輔信,9,3,6,凱基-埔墘,2023-09-20,9288
2330,台積電,5,0,5,凱基-埔墘,2023-09-20,9288
8046,南電,5,0,5,凱基-埔墘,2023-09-20,9288
00830,國泰費城半導體,5,0,5,凱基-埔墘,2023-09-20,9288
2376,技嘉,13,8,5,凱基-埔墘,2023-09-20,9288
2489,瑞軒,5,0,5,凱基-埔墘,2023-09-20,9288
00932,兆豐永續高息等權,4,0,4,凱基-埔墘,2023-09-20,9288
2634,漢翔,4,0,4,凱基-埔墘,2023-09-20,9288
3019,亞光,4,0,4,凱基-埔墘,2023-09-20,9288
3708,上緯投控,4,0,4,凱基-埔墘,2023-09-20,9288
6120,達運,4,0,4,凱基-埔墘,2023-09-20,9288
6122,擎邦,4,0,4,凱基-埔墘,2023-09-20,9288
6266,泰詠,5,1,4,凱基-埔墘,2023-09-20,9288
6901,鑽石投資,4,0,4,凱基-埔墘,2023-09-20,9288
3481,群創,4,1,3,凱基-埔墘,2023-09-20,9288
00878,國泰永續高股息,3,0,3,凱基-埔墘,2023-09-20,9288
9958,世紀鋼,3,0,3,凱基-埔墘,2023-09-20,9288
2316,楠梓電,3,0,3,凱基-埔墘,2023-09-20,9288
2883,凱基金,3,0,3,凱基-埔墘,2023-09-20,9288
3035,智原,9,6,3,凱基-埔墘,2023-09-20,9288
4944,兆遠,3,0,3,凱基-埔墘,2023-09-20,9288
2401,凌陽,105,0,105,凱基-埔墘,2023-09-21,9288
2617,台航,105,0,105,凱基-埔墘,2023-09-21,9288
00929,復華台灣科技優息,98,11,87,凱基-埔墘,2023-09-21,9288
6531,愛普*,71,2,69,凱基-埔墘,2023-09-21,9288
2498,宏達電,20,0,20,凱基-埔墘,2023-09-21,9288
00919,群益台灣精選高息,20,0,20,凱基-埔墘,2023-09-21,9288
2399,映泰,21,2,19,凱基-埔墘,2023-09-21,9288
1101,台泥,17,0,17,凱基-埔墘,2023-09-21,9288
2884,玉山金,16,0,16,凱基-埔墘,2023-09-21,9288
2330,台積電,16,0,16,凱基-埔墘,2023-09-21,9288
2633,台灣高鐵,15,0,15,凱基-埔墘,2023-09-21,9288
2891,中信金,15,0,15,凱基-埔墘,2023-09-21,9288
0056,元大高股息,13,0,13,凱基-埔墘,2023-09-21,9288
2618,長榮航,16,4,12,凱基-埔墘,2023-09-21,9288
8215,明基材,12,0,12,凱基-埔墘,2023-09-21,9288
2002,中鋼,11,0,11,凱基-埔墘,2023-09-21,9288
4966,譜瑞-KY,11,0,11,凱基-埔墘,2023-09-21,9288
2409,友達,12,2,10,凱基-埔墘,2023-09-21,9288
00753L,中信中國50正2,10,0,10,凱基-埔墘,2023-09-21,9288
2888,新光金,10,0,10,凱基-埔墘,2023-09-21,9288
8027,鈦昇,10,0,10,凱基-埔墘,2023-09-21,9288
2637,慧洋-KY,9,0,9,凱基-埔墘,2023-09-21,9288
8068,全達,10,1,9,凱基-埔墘,2023-09-21,9288
00902,中信電池及儲能,8,0,8,凱基-埔墘,2023-09-21,9288
6275,元山,8,0,8,凱基-埔墘,2023-09-21,9288
00891,中信關鍵半導體,7,0,7,凱基-埔墘,2023-09-21,9288
2883,凱基金,7,0,7,凱基-埔墘,2023-09-21,9288
9904,寶成,7,0,7,凱基-埔墘,2023-09-21,9288
2402,毅嘉,6,0,6,凱基-埔墘,2023-09-21,9288
2615,萬海,6,0,6,凱基-埔墘,2023-09-21,9288
5009,榮剛,6,0,6,凱基-埔墘,2023-09-21,9288
6120,達運,6,0,6,凱基-埔墘,2023-09-21,9288
6285,啟��,5,0,5,凱基-埔墘,2023-09-21,9288
6443,元晶,5,0,5,凱基-埔墘,2023-09-21,9288
00931B,統一美債20年,5,0,5,凱基-埔墘,2023-09-21,9288
00713,元大台灣高息低波,5,0,5,凱基-埔墘,2023-09-21,9288
2014,中鴻,5,0,5,凱基-埔墘,2023-09-21,9288
2208,台船,5,0,5,凱基-埔墘,2023-09-21,9288
2612,中航,14,9,5,凱基-埔墘,2023-09-21,9288
2887,台新金,5,0,5,凱基-埔墘,2023-09-21,9288
2890,永豐金,5,0,5,凱基-埔墘,2023-09-21,9288
2897,王道銀行,5,0,5,凱基-埔墘,2023-09-21,9288
3481,群創,5,0,5,凱基-埔墘,2023-09-21,9288
4960,誠美材,5,0,5,凱基-埔墘,2023-09-21,9288
0050,元大台灣50,5,0,5,凱基-埔墘,2023-09-21,9288
00679B,元大美債20年,4,0,4,凱基-埔墘,2023-09-21,9288
8454,富邦媒,4,0,4,凱基-埔墘,2023-09-21,9288
2882,國泰金,4,0,4,凱基-埔墘,2023-09-21,9288
1319,東陽,7,3,4,凱基-埔墘,2023-09-21,9288
2367,燿華,9,5,4,凱基-埔墘,2023-09-21,9288
00679B,元大美債20年,57,0,57,凱基-埔墘,2023-09-22,9288
2495,普安,40,0,40,凱基-埔墘,2023-09-22,9288
00929,復華台灣科技優息,42,7,35,凱基-埔墘,2023-09-22,9288
2618,長榮航,43,12,31,凱基-埔墘,2023-09-22,9288
00931B,統一美債20年,26,0,26,凱基-埔墘,2023-09-22,9288
00720B,元大投資級公司債,26,0,26,凱基-埔墘,2023-09-22,9288
00687B,國泰20年美債,25,0,25,凱基-埔墘,2023-09-22,9288
1515,力山,20,0,20,凱基-埔墘,2023-09-22,9288
2617,台航,20,0,20,凱基-埔墘,2023-09-22,9288
00772B,中信高評級公司債,19,0,19,凱基-埔墘,2023-09-22,9288
1513,中興電,20,4,16,凱基-埔墘,2023-09-22,9288
00637L,元大滬深300正2,20,5,15,凱基-埔墘,2023-09-22,9288
2402,毅嘉,26,11,15,凱基-埔墘,2023-09-22,9288
00665L,富邦�琤肭磪囓�2,15,1,14,凱基-埔墘,2023-09-22,9288
2363,矽統,42,29,13,凱基-埔墘,2023-09-22,9288
2330,台積電,12,0,12,凱基-埔墘,2023-09-22,9288
00885,富邦越南,10,0,10,凱基-埔墘,2023-09-22,9288
2241,艾姆勒,10,0,10,凱基-埔墘,2023-09-22,9288
2331,精英,10,0,10,凱基-埔墘,2023-09-22,9288
6234,高僑,12,3,9,凱基-埔墘,2023-09-22,9288
00795B,中信美國公債20年,8,0,8,凱基-埔墘,2023-09-22,9288
2356,英業達,12,4,8,凱基-埔墘,2023-09-22,9288
3715,定穎投控,17,10,7,凱基-埔墘,2023-09-22,9288
2883,凱基金,7,0,7,凱基-埔墘,2023-09-22,9288
1417,嘉裕,6,0,6,凱基-埔墘,2023-09-22,9288
00891,中信關鍵半導體,6,0,6,凱基-埔墘,2023-09-22,9288
3013,晟銘電,6,0,6,凱基-埔墘,2023-09-22,9288
2376,技嘉,9,4,5,凱基-埔墘,2023-09-22,9288
2303,聯電,8,3,5,凱基-埔墘,2023-09-22,9288
00680L,元大美債20正2,5,0,5,凱基-埔墘,2023-09-22,9288
00676R,富邦臺灣加權反1,5,0,5,凱基-埔墘,2023-09-22,9288
4164,承業醫,5,0,5,凱基-埔墘,2023-09-22,9288
4966,譜瑞-KY,5,0,5,凱基-埔墘,2023-09-22,9288
5880,合庫金,5,0,5,凱基-埔墘,2023-09-22,9288
00878,國泰永續高股息,4,0,4,凱基-埔墘,2023-09-22,9288
6245,立端,6,2,4,凱基-埔墘,2023-09-22,9288
9919,康那香,4,0,4,凱基-埔墘,2023-09-22,9288
1815,富喬,11,7,4,凱基-埔墘,2023-09-22,9288
8046,南電,26,23,3,凱基-埔墘,2023-09-22,9288
2601,益航,3,0,3,凱基-埔墘,2023-09-22,9288
2605,新興,3,0,3,凱基-埔墘,2023-09-22,9288
3163,波若威,10,7,3,凱基-埔墘,2023-09-22,9288
3520,華盈,3,0,3,凱基-埔墘,2023-09-22,9288
4426,利勤,3,0,3,凱基-埔墘,2023-09-22,9288
6274,台燿,3,0,3,凱基-埔墘,2023-09-22,9288
6426,統新,3,0,3,凱基-埔墘,2023-09-22,9288
0050,元大台灣50,2,0,2,凱基-埔墘,2023-09-22,9288
1101,台泥,2,0,2,凱基-埔墘,2023-09-22,9288
00893,國泰智能電動車,2,0,2,凱基-埔墘,2023-09-22,9288
2421,建準,4,2,2,凱基-埔墘,2023-09-22,9288
2371,大同,75,0,75,凱基-埔墘,2023-09-25,9288
00929,復華台灣科技優息,61,2,59,凱基-埔墘,2023-09-25,9288
2313,華通,64,13,51,凱基-埔墘,2023-09-25,9288
6531,愛普*,47,3,44,凱基-埔墘,2023-09-25,9288
9904,寶成,45,6,39,凱基-埔墘,2023-09-25,9288
3149,正達,41,7,34,凱基-埔墘,2023-09-25,9288
00673R,期元大S＆P原油反1,30,0,30,凱基-埔墘,2023-09-25,9288
2402,毅嘉,51,22,29,凱基-埔墘,2023-09-25,9288
1515,力山,21,1,20,凱基-埔墘,2023-09-25,9288
1319,東陽,20,0,20,凱基-埔墘,2023-09-25,9288
2617,台航,21,1,20,凱基-埔墘,2023-09-25,9288
3346,麗清,20,0,20,凱基-埔墘,2023-09-25,9288
2356,英業達,20,2,18,凱基-埔墘,2023-09-25,9288
1101,台泥,15,0,15,凱基-埔墘,2023-09-25,9288
2367,燿華,20,5,15,凱基-埔墘,2023-09-25,9288
4908,前鼎,17,4,13,凱基-埔墘,2023-09-25,9288
3450,聯鈞,16,4,12,凱基-埔墘,2023-09-25,9288
2355,敬鵬,14,3,11,凱基-埔墘,2023-09-25,9288
00893,國泰智能電動車,11,0,11,凱基-埔墘,2023-09-25,9288
1307,三芳,10,0,10,凱基-埔墘,2023-09-25,9288
00712,復華富時不動產,10,0,10,凱基-埔墘,2023-09-25,9288
3025,星通,11,1,10,凱基-埔墘,2023-09-25,9288
2891,中信金,11,1,10,凱基-埔墘,2023-09-25,9288
2618,長榮航,13,4,9,凱基-埔墘,2023-09-25,9288
2368,金像電,16,8,8,凱基-埔墘,2023-09-25,9288
3032,偉訓,19,11,8,凱基-埔墘,2023-09-25,9288
6147,頎邦,7,0,7,凱基-埔墘,2023-09-25,9288
00902,中信電池及儲能,6,0,6,凱基-埔墘,2023-09-25,9288
00650L,復華香港正2,6,0,6,凱基-埔墘,2023-09-25,9288
1907,永豐餘,6,0,6,凱基-埔墘,2023-09-25,9288
2637,慧洋-KY,6,0,6,凱基-埔墘,2023-09-25,9288
3264,欣銓,6,0,6,凱基-埔墘,2023-09-25,9288
6288,聯嘉,7,1,6,凱基-埔墘,2023-09-25,9288
3711,日月光投控,5,0,5,凱基-埔墘,2023-09-25,9288
1514,亞力,5,0,5,凱基-埔墘,2023-09-25,9288
2316,楠梓電,5,0,5,凱基-埔墘,2023-09-25,9288
2515,中工,5,0,5,凱基-埔墘,2023-09-25,9288
4533,協易機,5,0,5,凱基-埔墘,2023-09-25,9288
4966,譜瑞-KY,5,0,5,凱基-埔墘,2023-09-25,9288
9938,百和,5,0,5,凱基-埔墘,2023-09-25,9288
3706,神達,4,0,4,凱基-埔墘,2023-09-25,9288
6517,保勝光學,4,0,4,凱基-埔墘,2023-09-25,9288
1513,中興電,5,1,4,凱基-埔墘,2023-09-25,9288
00679B,元大美債20年,4,0,4,凱基-埔墘,2023-09-25,9288
1504,東元,6,3,3,凱基-埔墘,2023-09-25,9288
00932,兆豐永續高息等權,3,0,3,凱基-埔墘,2023-09-25,9288
2888,新光金,3,0,3,凱基-埔墘,2023-09-25,9288
3532,台勝科,3,0,3,凱基-埔墘,2023-09-25,9288
3685,元創精密,3,0,3,凱基-埔墘,2023-09-25,9288
4426,利勤,3,0,3,凱基-埔墘,2023-09-25,9288
3051,力特,90,0,90,凱基-埔墘,2023-09-26,9288
5533,皇鼎,60,0,60,凱基-埔墘,2023-09-26,9288
00679B,元大美債20年,43,0,43,凱基-埔墘,2023-09-26,9288
00919,群益台灣精選高息,40,0,40,凱基-埔墘,2023-09-26,9288
00931B,統一美債20年,40,0,40,凱基-埔墘,2023-09-26,9288
3322,建舜電,30,0,30,凱基-埔墘,2023-09-26,9288
2618,長榮航,25,2,23,凱基-埔墘,2023-09-26,9288
2402,毅嘉,20,0,20,凱基-埔墘,2023-09-26,9288
2543,皇昌,20,0,20,凱基-埔墘,2023-09-26,9288
3260,威剛,22,2,20,凱基-埔墘,2023-09-26,9288
00687B,國泰20年美債,19,0,19,凱基-埔墘,2023-09-26,9288
3481,群創,17,0,17,凱基-埔墘,2023-09-26,9288
00772B,中信高評級公司債,14,0,14,凱基-埔墘,2023-09-26,9288
2881,富邦金,12,0,12,凱基-埔墘,2023-09-26,9288
2816,旺旺保,12,0,12,凱基-埔墘,2023-09-26,9288
1522,堤維西,13,2,11,凱基-埔墘,2023-09-26,9288
2538,基泰,11,0,11,凱基-埔墘,2023-09-26,9288
9904,寶成,11,0,11,凱基-埔墘,2023-09-26,9288
1307,三芳,10,0,10,凱基-埔墘,2023-09-26,9288
00773B,中信優先金融債,10,0,10,凱基-埔墘,2023-09-26,9288
2905,三商,10,0,10,凱基-埔墘,2023-09-26,9288
3450,聯鈞,12,2,10,凱基-埔墘,2023-09-26,9288
00637L,元大滬深300正2,9,0,9,凱基-埔墘,2023-09-26,9288
4906,正文,10,1,9,凱基-埔墘,2023-09-26,9288
2330,台積電,10,2,8,凱基-埔墘,2023-09-26,9288
2002,中鋼,8,0,8,凱基-埔墘,2023-09-26,9288
2337,旺宏,8,0,8,凱基-埔墘,2023-09-26,9288
1303,南亞,7,0,7,凱基-埔墘,2023-09-26,9288
1326,台化,7,0,7,凱基-埔墘,2023-09-26,9288
00665L,富邦�琤肭磪囓�2,7,0,7,凱基-埔墘,2023-09-26,9288
3710,連展投控,7,0,7,凱基-埔墘,2023-09-26,9288
2303,聯電,6,0,6,凱基-埔墘,2023-09-26,9288
9945,潤泰新,6,0,6,凱基-埔墘,2023-09-26,9288
00900,富邦特選高股息30,6,0,6,凱基-埔墘,2023-09-26,9288
00885,富邦越南,106,100,6,凱基-埔墘,2023-09-26,9288
3548,兆利,9,3,6,凱基-埔墘,2023-09-26,9288
00878,國泰永續高股息,6,0,6,凱基-埔墘,2023-09-26,9288
1471,首利,5,0,5,凱基-埔墘,2023-09-26,9288
3056,富華新,5,0,5,凱基-埔墘,2023-09-26,9288
1304,台聚,5,0,5,凱基-埔墘,2023-09-26,9288
1101,台泥,5,0,5,凱基-埔墘,2023-09-26,9288
00720B,元大投資級公司債,5,0,5,凱基-埔墘,2023-09-26,9288
1789,神隆,5,0,5,凱基-埔墘,2023-09-26,9288
2489,瑞軒,11,6,5,凱基-埔墘,2023-09-26,9288
2520,冠德,5,0,5,凱基-埔墘,2023-09-26,9288
2882,國泰金,5,0,5,凱基-埔墘,2023-09-26,9288
3047,訊舟,5,0,5,凱基-埔墘,2023-09-26,9288
3346,麗清,5,0,5,凱基-埔墘,2023-09-26,9288
6275,元山,5,0,5,凱基-埔墘,2023-09-26,9288
0050,元大台灣50,4,0,4,凱基-埔墘,2023-09-26,9288
2002,中鋼,49,0,49,凱基-埔墘,2023-09-27,9288
00929,復華台灣科技優息,48,0,48,凱基-埔墘,2023-09-27,9288
00720B,元大投資級公司債,19,0,19,凱基-埔墘,2023-09-27,9288
2401,凌陽,18,0,18,凱基-埔墘,2023-09-27,9288
2498,宏達電,15,0,15,凱基-埔墘,2023-09-27,9288
00891,中信關鍵半導體,12,0,12,凱基-埔墘,2023-09-27,9288
3163,波若威,15,3,12,凱基-埔墘,2023-09-27,9288
6288,聯嘉,11,0,11,凱基-埔墘,2023-09-27,9288
1618,合機,16,5,11,凱基-埔墘,2023-09-27,9288
1515,力山,10,0,10,凱基-埔墘,2023-09-27,9288
00915,凱基優選高股息30,10,0,10,凱基-埔墘,2023-09-27,9288
2402,毅嘉,10,0,10,凱基-埔墘,2023-09-27,9288
2816,旺旺保,9,0,9,凱基-埔墘,2023-09-27,9288
00932,兆豐永續高息等權,8,0,8,凱基-埔墘,2023-09-27,9288
1504,東元,11,4,7,凱基-埔墘,2023-09-27,9288
6104,創惟,7,0,7,凱基-埔墘,2023-09-27,9288
3037,欣興,10,3,7,凱基-埔墘,2023-09-27,9288
00637L,元大滬深300正2,6,0,6,凱基-埔墘,2023-09-27,9288
2358,廷鑫,6,0,6,凱基-埔墘,2023-09-27,9288
00878,國泰永續高股息,5,0,5,凱基-埔墘,2023-09-27,9288
00665L,富邦�琤肭磪囓�2,7,2,5,凱基-埔墘,2023-09-27,9288
1307,三芳,5,0,5,凱基-埔墘,2023-09-27,9288
1503,士電,5,0,5,凱基-埔墘,2023-09-27,9288
00902,中信電池及儲能,5,0,5,凱基-埔墘,2023-09-27,9288
2888,新光金,5,0,5,凱基-埔墘,2023-09-27,9288
5471,松翰,5,0,5,凱基-埔墘,2023-09-27,9288
2368,金像電,7,3,4,凱基-埔墘,2023-09-27,9288
2634,漢翔,7,3,4,凱基-埔墘,2023-09-27,9288
3149,正達,10,6,4,凱基-埔墘,2023-09-27,9288
3444,利機,4,0,4,凱基-埔墘,2023-09-27,9288
3481,群創,4,0,4,凱基-埔墘,2023-09-27,9288
0050,元大台灣50,3,0,3,凱基-埔墘,2023-09-27,9288
2542,興富發,3,0,3,凱基-埔墘,2023-09-27,9288
8420,明揚,3,0,3,凱基-埔墘,2023-09-27,9288
00919,群益台灣精選高息,3,0,3,凱基-埔墘,2023-09-27,9288
00687B,國泰20年美債,3,0,3,凱基-埔墘,2023-09-27,9288
00773B,中信優先金融債,3,0,3,凱基-埔墘,2023-09-27,9288
1584,精剛,6,3,3,凱基-埔墘,2023-09-27,9288
2458,義隆,3,0,3,凱基-埔墘,2023-09-27,9288
2834,臺企銀,3,0,3,凱基-埔墘,2023-09-27,9288
3014,聯陽,3,0,3,凱基-埔墘,2023-09-27,9288
6235,華孚,3,0,3,凱基-埔墘,2023-09-27,9288
6282,康舒,2,0,2,凱基-埔墘,2023-09-27,9288
3231,緯創,3,1,2,凱基-埔墘,2023-09-27,9288
2317,鴻海,3,1,2,凱基-埔墘,2023-09-27,9288
2337,旺宏,2,0,2,凱基-埔墘,2023-09-27,9288
1524,耿鼎,2,0,2,凱基-埔墘,2023-09-27,9288
1608,華榮,2,0,2,凱基-埔墘,2023-09-27,9288
00772B,中信高評級公司債,2,0,2,凱基-埔墘,2023-09-27,9288
00830,國泰費城半導體,2,0,2,凱基-埔墘,2023-09-27,9288
2538,基泰,35,0,35,凱基-埔墘,2023-09-28,9288
00715L,期街口布蘭特正2,30,0,30,凱基-埔墘,2023-09-28,9288
1471,首利,25,0,25,凱基-埔墘,2023-09-28,9288
2002,中鋼,28,9,19,凱基-埔墘,2023-09-28,9288
00772B,中信高評級公司債,15,0,15,凱基-埔墘,2023-09-28,9288
2363,矽統,24,11,13,凱基-埔墘,2023-09-28,9288
2753,八方雲集,15,2,13,凱基-埔墘,2023-09-28,9288
9904,寶成,13,0,13,凱基-埔墘,2023-09-28,9288
8088,品安,12,1,11,凱基-埔墘,2023-09-28,9288
2401,凌陽,11,1,10,凱基-埔墘,2023-09-28,9288
2498,宏達電,10,0,10,凱基-埔墘,2023-09-28,9288
00637L,元大滬深300正2,8,0,8,凱基-埔墘,2023-09-28,9288
00673R,期元大S＆P原油反1,7,0,7,凱基-埔墘,2023-09-28,9288
2316,楠梓電,10,3,7,凱基-埔墘,2023-09-28,9288
3037,欣興,7,0,7,凱基-埔墘,2023-09-28,9288
3163,波若威,7,0,7,凱基-埔墘,2023-09-28,9288
3231,緯創,13,7,6,凱基-埔墘,2023-09-28,9288
00650L,復華香港正2,6,0,6,凱基-埔墘,2023-09-28,9288
00878,國泰永續高股息,6,0,6,凱基-埔墘,2023-09-28,9288
1101,台泥,6,0,6,凱基-埔墘,2023-09-28,9288
00687B,國泰20年美債,6,0,6,凱基-埔墘,2023-09-28,9288
5353,台林,6,0,6,凱基-埔墘,2023-09-28,9288
00688L,國泰20年美債正2,5,0,5,凱基-埔墘,2023-09-28,9288
00632R,元大台灣50反1,10,5,5,凱基-埔墘,2023-09-28,9288
00753L,中信中國50正2,5,0,5,凱基-埔墘,2023-09-28,9288
2208,台船,5,0,5,凱基-埔墘,2023-09-28,9288
2406,國碩,5,0,5,凱基-埔墘,2023-09-28,9288
2461,光群雷,5,0,5,凱基-埔墘,2023-09-28,9288
3122,笙泉,5,0,5,凱基-埔墘,2023-09-28,9288
5452,佶優,5,0,5,凱基-埔墘,2023-09-28,9288
6806,森崴能源,7,2,5,凱基-埔墘,2023-09-28,9288
2344,華邦電,5,0,5,凱基-埔墘,2023-09-28,9288
00931B,統一美債20年,4,0,4,凱基-埔墘,2023-09-28,9288
00683L,期元大美元指正2,4,0,4,凱基-埔墘,2023-09-28,9288
00720B,元大投資級公司債,4,0,4,凱基-埔墘,2023-09-28,9288
2356,英業達,5,1,4,凱基-埔墘,2023-09-28,9288
2409,友達,7,3,4,凱基-埔墘,2023-09-28,9288
2816,旺旺保,4,0,4,凱基-埔墘,2023-09-28,9288
2014,中鴻,6,3,3,凱基-埔墘,2023-09-28,9288
2367,燿華,3,0,3,凱基-埔墘,2023-09-28,9288
2883,凱基金,3,0,3,凱基-埔墘,2023-09-28,9288
3548,兆利,6,3,3,凱基-埔墘,2023-09-28,9288
4906,正文,3,0,3,凱基-埔墘,2023-09-28,9288
6284,佳邦,5,2,3,凱基-埔墘,2023-09-28,9288
6418,詠昇,8,5,3,凱基-埔墘,2023-09-28,9288
6683,雍智科技,3,0,3,凱基-埔墘,2023-09-28,9288
2201,裕隆,5,2,3,凱基-埔墘,2023-09-28,9288
00712,復華富時不動產,2,0,2,凱基-埔墘,2023-09-28,9288
3042,晶技,2,0,2,凱基-埔墘,2023-09-28,9288
2610,華航,2,0,2,凱基-埔墘,2023-09-28,9288
6188,廣明,201,1,200,凱基-埔墘,2023-10-02,9288
00640L,富邦日本正2,75,0,75,凱基-埔墘,2023-10-02,9288
2313,華通,57,1,56,凱基-埔墘,2023-10-02,9288
2618,長榮航,27,0,27,凱基-埔墘,2023-10-02,9288
3324,雙鴻,30,3,27,凱基-埔墘,2023-10-02,9288
2363,矽統,32,6,26,凱基-埔墘,2023-10-02,9288
2888,新光金,26,0,26,凱基-埔墘,2023-10-02,9288
3339,泰谷,22,0,22,凱基-埔墘,2023-10-02,9288
2301,光寶科,21,1,20,凱基-埔墘,2023-10-02,9288
5533,皇鼎,20,0,20,凱基-埔墘,2023-10-02,9288
1514,亞力,20,1,19,凱基-埔墘,2023-10-02,9288
00772B,中信高評級公司債,18,0,18,凱基-埔墘,2023-10-02,9288
00665L,富邦�琤肭磪囓�2,19,1,18,凱基-埔墘,2023-10-02,9288
2630,亞航,15,0,15,凱基-埔墘,2023-10-02,9288
5285,界霖,13,0,13,凱基-埔墘,2023-10-02,9288
3669,圓展,20,8,12,凱基-埔墘,2023-10-02,9288
4542,科嶠,13,1,12,凱基-埔墘,2023-10-02,9288
2409,友達,11,0,11,凱基-埔墘,2023-10-02,9288
1101,台泥,11,0,11,凱基-埔墘,2023-10-02,9288
1307,三芳,10,0,10,凱基-埔墘,2023-10-02,9288
00715L,期街口布蘭特正2,10,0,10,凱基-埔墘,2023-10-02,9288
3149,正達,10,0,10,凱基-埔墘,2023-10-02,9288
6217,中探針,10,0,10,凱基-埔墘,2023-10-02,9288
2382,廣達,23,14,9,凱基-埔墘,2023-10-02,9288
00679B,元大美債20年,9,0,9,凱基-埔墘,2023-10-02,9288
4533,協易機,14,6,8,凱基-埔墘,2023-10-02,9288
2025,千興,7,0,7,凱基-埔墘,2023-10-02,9288
2201,裕隆,6,0,6,凱基-埔墘,2023-10-02,9288
2344,華邦電,6,0,6,凱基-埔墘,2023-10-02,9288
2457,飛宏,6,0,6,凱基-埔墘,2023-10-02,9288
2883,凱基金,6,0,6,凱基-埔墘,2023-10-02,9288
00897,富邦基因免疫生技,5,0,5,凱基-埔墘,2023-10-02,9288
00720B,元大投資級公司債,5,0,5,凱基-埔墘,2023-10-02,9288
2329,華泰,10,5,5,凱基-埔墘,2023-10-02,9288
2358,廷鑫,21,16,5,凱基-埔墘,2023-10-02,9288
3036,文曄,8,3,5,凱基-埔墘,2023-10-02,9288
5483,中美晶,5,0,5,凱基-埔墘,2023-10-02,9288
5603,陸海,5,0,5,凱基-埔墘,2023-10-02,9288
1301,台塑,4,0,4,凱基-埔墘,2023-10-02,9288
1584,精剛,4,0,4,凱基-埔墘,2023-10-02,9288
5225,東科-KY,19,15,4,凱基-埔墘,2023-10-02,9288
2603,長榮,8,5,3,凱基-埔墘,2023-10-02,9288
2332,友訊,3,0,3,凱基-埔墘,2023-10-02,9288
2337,旺宏,3,0,3,凱基-埔墘,2023-10-02,9288
2356,英業達,20,17,3,凱基-埔墘,2023-10-02,9288
3289,宜特,3,0,3,凱基-埔墘,2023-10-02,9288
6015,宏遠證,3,0,3,凱基-埔墘,2023-10-02,9288
1609,大亞,8,5,3,凱基-埔墘,2023-10-02,9288
2609,陽明,6,4,2,凱基-埔墘,2023-10-02,9288
00680L,元大美債20正2,2,0,2,凱基-埔墘,2023-10-02,9288
2618,長榮航,145,50,95,凱基-埔墘,2023-10-03,9288
1522,堤維西,61,10,51,凱基-埔墘,2023-10-03,9288
2371,大同,40,0,40,凱基-埔墘,2023-10-03,9288
3339,泰谷,40,0,40,凱基-埔墘,2023-10-03,9288
2888,新光金,32,0,32,凱基-埔墘,2023-10-03,9288
00637L,元大滬深300正2,26,0,26,凱基-埔墘,2023-10-03,9288
2402,毅嘉,17,0,17,凱基-埔墘,2023-10-03,9288
3669,圓展,22,9,13,凱基-埔墘,2023-10-03,9288
2301,光寶科,13,1,12,凱基-埔墘,2023-10-03,9288
2313,華通,13,2,11,凱基-埔墘,2023-10-03,9288
00715L,期街口布蘭特正2,11,0,11,凱基-埔墘,2023-10-03,9288
00753L,中信中國50正2,11,0,11,凱基-埔墘,2023-10-03,9288
2882,國泰金,11,0,11,凱基-埔墘,2023-10-03,9288
3149,正達,11,0,11,凱基-埔墘,2023-10-03,9288
3217,優群,13,2,11,凱基-埔墘,2023-10-03,9288
8034,榮群,10,0,10,凱基-埔墘,2023-10-03,9288
00900,富邦特選高股息30,10,0,10,凱基-埔墘,2023-10-03,9288
00772B,中信高評級公司債,10,0,10,凱基-埔墘,2023-10-03,9288
2637,慧洋-KY,10,0,10,凱基-埔墘,2023-10-03,9288
5474,聰泰,10,0,10,凱基-埔墘,2023-10-03,9288
5608,四維航,10,0,10,凱基-埔墘,2023-10-03,9288
00919,群益台灣精選高息,9,0,9,凱基-埔墘,2023-10-03,9288
3231,緯創,20,11,9,凱基-埔墘,2023-10-03,9288
6188,廣明,11,2,9,凱基-埔墘,2023-10-03,9288
0056,元大高股息,12,3,9,凱基-埔墘,2023-10-03,9288
00720B,元大投資級公司債,8,0,8,凱基-埔墘,2023-10-03,9288
2367,燿華,8,0,8,凱基-埔墘,2023-10-03,9288
2504,國產,8,0,8,凱基-埔墘,2023-10-03,9288
1102,亞泥,7,0,7,凱基-埔墘,2023-10-03,9288
4744,皇將,7,0,7,凱基-埔墘,2023-10-03,9288
00650L,復華香港正2,9,3,6,凱基-埔墘,2023-10-03,9288
00922,國泰台灣領袖50,6,0,6,凱基-埔墘,2023-10-03,9288
5351,鈺創,6,0,6,凱基-埔墘,2023-10-03,9288
3037,欣興,5,0,5,凱基-埔墘,2023-10-03,9288
2603,長榮,5,0,5,凱基-埔墘,2023-10-03,9288
2615,萬海,5,0,5,凱基-埔墘,2023-10-03,9288
1108,幸福,5,0,5,凱基-埔墘,2023-10-03,9288
00907,永豐優息存股,5,0,5,凱基-埔墘,2023-10-03,9288
00923,群益台ESG低碳50,5,0,5,凱基-埔墘,2023-10-03,9288
00897,富邦基因免疫生技,5,0,5,凱基-埔墘,2023-10-03,9288
00676R,富邦臺灣加權反1,5,0,5,凱基-埔墘,2023-10-03,9288
00687B,國泰20年美債,5,0,5,凱基-埔墘,2023-10-03,9288
2023,燁輝,5,0,5,凱基-埔墘,2023-10-03,9288
2230,泰茂,5,0,5,凱基-埔墘,2023-10-03,9288
2405,輔信,5,0,5,凱基-埔墘,2023-10-03,9288
2409,友達,25,20,5,凱基-埔墘,2023-10-03,9288
2427,三商電,12,7,5,凱基-埔墘,2023-10-03,9288
2481,強茂,5,0,5,凱基-埔墘,2023-10-03,9288
3044,健鼎,7,2,5,凱基-埔墘,2023-10-03,9288
3062,建漢,5,0,5,凱基-埔墘,2023-10-03,9288
2401,凌陽,99,0,99,凱基-埔墘,2023-10-04,9288
2605,新興,53,2,51,凱基-埔墘,2023-10-04,9288
00919,群益台灣精選高息,59,20,39,凱基-埔墘,2023-10-04,9288
3324,雙鴻,30,0,30,凱基-埔墘,2023-10-04,9288
00690,兆豐藍籌30,30,0,30,凱基-埔墘,2023-10-04,9288
00637L,元大滬深300正2,36,8,28,凱基-埔墘,2023-10-04,9288
2002,中鋼,29,4,25,凱基-埔墘,2023-10-04,9288
2888,新光金,22,0,22,凱基-埔墘,2023-10-04,9288
00772B,中信高評級公司債,21,0,21,凱基-埔墘,2023-10-04,9288
00902,中信電池及儲能,21,0,21,凱基-埔墘,2023-10-04,9288
00679B,元大美債20年,18,0,18,凱基-埔墘,2023-10-04,9288
00632R,元大台灣50反1,20,2,18,凱基-埔墘,2023-10-04,9288
2883,凱基金,18,0,18,凱基-埔墘,2023-10-04,9288
4744,皇將,24,6,18,凱基-埔墘,2023-10-04,9288
4967,十銓,27,10,17,凱基-埔墘,2023-10-04,9288
1586,和勤,42,27,15,凱基-埔墘,2023-10-04,9288
0056,元大高股息,16,2,14,凱基-埔墘,2023-10-04,9288
1609,大亞,13,0,13,凱基-埔墘,2023-10-04,9288
3037,欣興,12,0,12,凱基-埔墘,2023-10-04,9288
2230,泰茂,12,0,12,凱基-埔墘,2023-10-04,9288
2353,宏��,14,2,12,凱基-埔墘,2023-10-04,9288
3481,群創,11,0,11,凱基-埔墘,2023-10-04,9288
2618,長榮航,11,1,10,凱基-埔墘,2023-10-04,9288
00885,富邦越南,10,0,10,凱基-埔墘,2023-10-04,9288
2537,聯上發,10,0,10,凱基-埔墘,2023-10-04,9288
3035,智原,13,3,10,凱基-埔墘,2023-10-04,9288
6829,千附精密,10,0,10,凱基-埔墘,2023-10-04,9288
00687B,國泰20年美債,9,0,9,凱基-埔墘,2023-10-04,9288
2409,友達,9,0,9,凱基-埔墘,2023-10-04,9288
2481,強茂,8,0,8,凱基-埔墘,2023-10-04,9288
2498,宏達電,12,4,8,凱基-埔墘,2023-10-04,9288
3217,優群,8,0,8,凱基-埔墘,2023-10-04,9288
6770,力積電,8,0,8,凱基-埔墘,2023-10-04,9288
2316,楠梓電,7,0,7,凱基-埔墘,2023-10-04,9288
2337,旺宏,7,0,7,凱基-埔墘,2023-10-04,9288
3017,奇鋐,10,3,7,凱基-埔墘,2023-10-04,9288
3231,緯創,11,4,7,凱基-埔墘,2023-10-04,9288
3548,兆利,10,3,7,凱基-埔墘,2023-10-04,9288
00712,復華富時不動產,6,0,6,凱基-埔墘,2023-10-04,9288
5608,四維航,6,0,6,凱基-埔墘,2023-10-04,9288
1514,亞力,24,18,6,凱基-埔墘,2023-10-04,9288
00631L,元大台灣50正2,5,0,5,凱基-埔墘,2023-10-04,9288
3234,光環,8,3,5,凱基-埔墘,2023-10-04,9288
1227,佳格,5,0,5,凱基-埔墘,2023-10-04,9288
1312,國喬,5,0,5,凱基-埔墘,2023-10-04,9288
00680L,元大美債20正2,5,0,5,凱基-埔墘,2023-10-04,9288
1815,富喬,5,0,5,凱基-埔墘,2023-10-04,9288
3686,達能,5,0,5,凱基-埔墘,2023-10-04,9288
8034,榮群,5,0,5,凱基-埔墘,2023-10-04,9288
0050,元大台灣50,5,0,5,凱基-埔墘,2023-10-04,9288
00690,兆豐藍籌30,136,0,136,凱基-埔墘,2023-10-05,9288
00929,復華台灣科技優息,130,2,128,凱基-埔墘,2023-10-05,9288
00683L,期元大美元指正2,74,0,74,凱基-埔墘,2023-10-05,9288
00715L,期街口布蘭特正2,30,0,30,凱基-埔墘,2023-10-05,9288
5426,振發,30,0,30,凱基-埔墘,2023-10-05,9288
6112,邁達特,31,2,29,凱基-埔墘,2023-10-05,9288
2401,凌陽,23,3,20,凱基-埔墘,2023-10-05,9288
3036,文曄,21,6,15,凱基-埔墘,2023-10-05,9288
2617,台航,14,0,14,凱基-埔墘,2023-10-05,9288
3715,定穎投控,32,19,13,凱基-埔墘,2023-10-05,9288
4164,承業醫,20,8,12,凱基-埔墘,2023-10-05,9288
4966,譜瑞-KY,15,3,12,凱基-埔墘,2023-10-05,9288
00640L,富邦日本正2,10,0,10,凱基-埔墘,2023-10-05,9288
00670L,富邦NASDAQ正2,10,0,10,凱基-埔墘,2023-10-05,9288
2356,英業達,11,1,10,凱基-埔墘,2023-10-05,9288
6285,啟��,31,22,9,凱基-埔墘,2023-10-05,9288
5465,富驊,10,1,9,凱基-埔墘,2023-10-05,9288
8383,千附,9,0,9,凱基-埔墘,2023-10-05,9288
2303,聯電,11,2,9,凱基-埔墘,2023-10-05,9288
4967,十銓,12,4,8,凱基-埔墘,2023-10-05,9288
00680L,元大美債20正2,7,0,7,凱基-埔墘,2023-10-05,9288
3322,建舜電,7,0,7,凱基-埔墘,2023-10-05,9288
5258,虹堡,8,1,7,凱基-埔墘,2023-10-05,9288
2882,國泰金,7,1,6,凱基-埔墘,2023-10-05,9288
2888,新光金,6,0,6,凱基-埔墘,2023-10-05,9288
3363,上詮,6,0,6,凱基-埔墘,2023-10-05,9288
5381,合正,6,0,6,凱基-埔墘,2023-10-05,9288
6217,中探針,6,0,6,凱基-埔墘,2023-10-05,9288
8033,雷虎,6,0,6,凱基-埔墘,2023-10-05,9288
2458,義隆,7,1,6,凱基-埔墘,2023-10-05,9288
1513,中興電,5,0,5,凱基-埔墘,2023-10-05,9288
1303,南亞,5,0,5,凱基-埔墘,2023-10-05,9288
1108,幸福,5,0,5,凱基-埔墘,2023-10-05,9288
2329,華泰,6,1,5,凱基-埔墘,2023-10-05,9288
2405,輔信,5,0,5,凱基-埔墘,2023-10-05,9288
2498,宏達電,5,0,5,凱基-埔墘,2023-10-05,9288
2610,華航,5,0,5,凱基-埔墘,2023-10-05,9288
2897,王道銀行,5,0,5,凱基-埔墘,2023-10-05,9288
3002,歐格,5,0,5,凱基-埔墘,2023-10-05,9288
3105,穩懋,5,0,5,凱基-埔墘,2023-10-05,9288
5236,凌陽創新,5,0,5,凱基-埔墘,2023-10-05,9288
5351,鈺創,5,0,5,凱基-埔墘,2023-10-05,9288
2421,建準,9,5,4,凱基-埔墘,2023-10-05,9288
00637L,元大滬深300正2,5,1,4,凱基-埔墘,2023-10-05,9288
2002,中鋼,4,0,4,凱基-埔墘,2023-10-05,9288
2351,順德,6,2,4,凱基-埔墘,2023-10-05,9288
2388,威盛,9,5,4,凱基-埔墘,2023-10-05,9288
2486,一詮,11,7,4,凱基-埔墘,2023-10-05,9288
2538,基泰,5,1,4,凱基-埔墘,2023-10-05,9288
3044,健鼎,4,0,4,凱基-埔墘,2023-10-05,9288
00637L,元大滬深300正2,210,5,205,凱基-埔墘,2023-10-06,9288
2637,慧洋-KY,61,0,61,凱基-埔墘,2023-10-06,9288
3163,波若威,36,0,36,凱基-埔墘,2023-10-06,9288
5426,振發,32,0,32,凱基-埔墘,2023-10-06,9288
00929,復華台灣科技優息,32,1,31,凱基-埔墘,2023-10-06,9288
2618,長榮航,30,0,30,凱基-埔墘,2023-10-06,9288
2371,大同,27,0,27,凱基-埔墘,2023-10-06,9288
2329,華泰,38,17,21,凱基-埔墘,2023-10-06,9288
2405,輔信,20,0,20,凱基-埔墘,2023-10-06,9288
2457,飛宏,19,0,19,凱基-埔墘,2023-10-06,9288
2355,敬鵬,15,0,15,凱基-埔墘,2023-10-06,9288
2365,昆盈,1009,999,10,凱基-埔墘,2023-10-06,9288
2867,三商壽,10,0,10,凱基-埔墘,2023-10-06,9288
6111,大宇資,10,0,10,凱基-埔墘,2023-10-06,9288
8027,鈦昇,10,0,10,凱基-埔墘,2023-10-06,9288
2882,國泰金,10,1,9,凱基-埔墘,2023-10-06,9288
8088,品安,9,0,9,凱基-埔墘,2023-10-06,9288
2356,英業達,12,4,8,凱基-埔墘,2023-10-06,9288
4162,智擎,11,3,8,凱基-埔墘,2023-10-06,9288
00720B,元大投資級公司債,7,0,7,凱基-埔墘,2023-10-06,9288
4746,台耀,7,0,7,凱基-埔墘,2023-10-06,9288
3105,穩懋,6,0,6,凱基-埔墘,2023-10-06,9288
00751B,元大AAA至A公司債,5,0,5,凱基-埔墘,2023-10-06,9288
2313,華通,5,0,5,凱基-埔墘,2023-10-06,9288
2401,凌陽,6,1,5,凱基-埔墘,2023-10-06,9288
2453,凌群,5,0,5,凱基-埔墘,2023-10-06,9288
2481,強茂,6,1,5,凱基-埔墘,2023-10-06,9288
2486,一詮,5,0,5,凱基-埔墘,2023-10-06,9288
4744,皇將,5,0,5,凱基-埔墘,2023-10-06,9288
6112,邁達特,7,2,5,凱基-埔墘,2023-10-06,9288
6191,精成科,5,0,5,凱基-埔墘,2023-10-06,9288
9105,泰金寶-DR,5,0,5,凱基-埔墘,2023-10-06,9288
3231,緯創,10,5,5,凱基-埔墘,2023-10-06,9288
2303,聯電,5,1,4,凱基-埔墘,2023-10-06,9288
2376,技嘉,5,1,4,凱基-埔墘,2023-10-06,9288
2436,偉詮電,4,0,4,凱基-埔墘,2023-10-06,9288
6284,佳邦,4,0,4,凱基-埔墘,2023-10-06,9288
00680L,元大美債20正2,3,0,3,凱基-埔墘,2023-10-06,9288
00679B,元大美債20年,5,2,3,凱基-埔墘,2023-10-06,9288
2230,泰茂,5,2,3,凱基-埔墘,2023-10-06,9288
2241,艾姆勒,3,0,3,凱基-埔墘,2023-10-06,9288
2324,仁寶,3,0,3,凱基-埔墘,2023-10-06,9288
2399,映泰,3,0,3,凱基-埔墘,2023-10-06,9288
2402,毅嘉,7,4,3,凱基-埔墘,2023-10-06,9288
2449,京元電子,13,10,3,凱基-埔墘,2023-10-06,9288
2468,華經,3,0,3,凱基-埔墘,2023-10-06,9288
2630,亞航,3,0,3,凱基-埔墘,2023-10-06,9288
2634,漢翔,4,1,3,凱基-埔墘,2023-10-06,9288
2881,富邦金,4,1,3,凱基-埔墘,2023-10-06,9288
4915,致伸,3,0,3,凱基-埔墘,2023-10-06,9288
3339,泰谷,106,0,106,凱基-埔墘,2023-10-11,9288
00690,兆豐藍籌30,44,0,44,凱基-埔墘,2023-10-11,9288
6285,啟��,61,20,41,凱基-埔墘,2023-10-11,9288
2618,長榮航,89,49,40,凱基-埔墘,2023-10-11,9288
3231,緯創,44,10,34,凱基-埔墘,2023-10-11,9288
4164,承業醫,31,0,31,凱基-埔墘,2023-10-11,9288
6189,豐藝,22,1,21,凱基-埔墘,2023-10-11,9288
00712,復華富時不動產,20,0,20,凱基-埔墘,2023-10-11,9288
1307,三芳,25,5,20,凱基-埔墘,2023-10-11,9288
3017,奇鋐,19,1,18,凱基-埔墘,2023-10-11,9288
2402,毅嘉,22,4,18,凱基-埔墘,2023-10-11,9288
6530,創威,16,0,16,凱基-埔墘,2023-10-11,9288
1515,力山,15,0,15,凱基-埔墘,2023-10-11,9288
5285,界霖,14,0,14,凱基-埔墘,2023-10-11,9288
6266,泰詠,12,0,12,凱基-埔墘,2023-10-11,9288
3028,增你強,11,0,11,凱基-埔墘,2023-10-11,9288
3033,威健,11,0,11,凱基-埔墘,2023-10-11,9288
00764B,群益25年美債,10,0,10,凱基-埔墘,2023-10-11,9288
00722B,群益投資級電信債,10,0,10,凱基-埔墘,2023-10-11,9288
00915,凱基優選高股息30,10,0,10,凱基-埔墘,2023-10-11,9288
00902,中信電池及儲能,10,0,10,凱基-埔墘,2023-10-11,9288
00679B,元大美債20年,10,0,10,凱基-埔墘,2023-10-11,9288
2408,南亞科,10,0,10,凱基-埔墘,2023-10-11,9288
3149,正達,10,0,10,凱基-埔墘,2023-10-11,9288
3162,精確,10,0,10,凱基-埔墘,2023-10-11,9288
6150,撼訊,10,0,10,凱基-埔墘,2023-10-11,9288
6156,松上,10,0,10,凱基-埔墘,2023-10-11,9288
6418,詠昇,10,0,10,凱基-埔墘,2023-10-11,9288
2609,陽明,8,0,8,凱基-埔墘,2023-10-11,9288
2465,麗臺,8,0,8,凱基-埔墘,2023-10-11,9288
3706,神達,8,0,8,凱基-埔墘,2023-10-11,9288
6182,合晶,8,0,8,凱基-埔墘,2023-10-11,9288
2515,中工,7,0,7,凱基-埔墘,2023-10-11,9288
2637,慧洋-KY,7,0,7,凱基-埔墘,2023-10-11,9288
4714,永捷,7,0,7,凱基-埔墘,2023-10-11,9288
2615,萬海,6,0,6,凱基-埔墘,2023-10-11,9288
1217,愛之味,6,0,6,凱基-埔墘,2023-10-11,9288
2417,圓剛,6,0,6,凱基-埔墘,2023-10-11,9288
2601,益航,6,0,6,凱基-埔墘,2023-10-11,9288
3454,晶睿,6,0,6,凱基-埔墘,2023-10-11,9288
3548,兆利,6,0,6,凱基-埔墘,2023-10-11,9288
3686,達能,5,0,5,凱基-埔墘,2023-10-11,9288
00635U,期元大S＆P黃金,5,0,5,凱基-埔墘,2023-10-11,9288
00642U,期元大S＆P石油,5,0,5,凱基-埔墘,2023-10-11,9288
1815,富喬,5,0,5,凱基-埔墘,2023-10-11,9288
2312,金寶,5,0,5,凱基-埔墘,2023-10-11,9288
2458,義隆,5,0,5,凱基-埔墘,2023-10-11,9288
5483,中美晶,5,0,5,凱基-埔墘,2023-10-11,9288
6282,康舒,5,0,5,凱基-埔墘,2023-10-11,9288
6517,保勝光學,5,0,5,凱基-埔墘,2023-10-11,9288
00680L,元大美債20正2,1206,0,1206,凱基-埔墘,2023-10-12,9288
2402,毅嘉,53,0,53,凱基-埔墘,2023-10-12,9288
3013,晟銘電,33,3,30,凱基-埔墘,2023-10-12,9288
5531,鄉林,30,0,30,凱基-埔墘,2023-10-12,9288
8076,伍豐,30,0,30,凱基-埔墘,2023-10-12,9288
00905,FT臺灣Smart,20,0,20,凱基-埔墘,2023-10-12,9288
00764B,群益25年美債,20,0,20,凱基-埔墘,2023-10-12,9288
00722B,群益投資級電信債,20,0,20,凱基-埔墘,2023-10-12,9288
2236,百達-KY,20,0,20,凱基-埔墘,2023-10-12,9288
2405,輔信,20,0,20,凱基-埔墘,2023-10-12,9288
2408,南亞科,20,0,20,凱基-埔墘,2023-10-12,9288
2617,台航,20,0,20,凱基-埔墘,2023-10-12,9288
00632R,元大台灣50反1,15,0,15,凱基-埔墘,2023-10-12,9288
6285,啟��,27,14,13,凱基-埔墘,2023-10-12,9288
2329,華泰,14,2,12,凱基-埔墘,2023-10-12,9288
3033,威健,11,0,11,凱基-埔墘,2023-10-12,9288
6150,撼訊,11,1,10,凱基-埔墘,2023-10-12,9288
1504,東元,13,3,10,凱基-埔墘,2023-10-12,9288
00708L,期元大S＆P黃金正2,10,0,10,凱基-埔墘,2023-10-12,9288
2498,宏達電,10,0,10,凱基-埔墘,2023-10-12,9288
4714,永捷,10,0,10,凱基-埔墘,2023-10-12,9288
9935,慶豐富,10,0,10,凱基-埔墘,2023-10-12,9288
6187,萬潤,9,0,9,凱基-埔墘,2023-10-12,9288
00637L,元大滬深300正2,30,22,8,凱基-埔墘,2023-10-12,9288
6612,奈米醫材,10,2,8,凱基-埔墘,2023-10-12,9288
2634,漢翔,11,4,7,凱基-埔墘,2023-10-12,9288
3149,正達,7,0,7,凱基-埔墘,2023-10-12,9288
6116,彩晶,7,0,7,凱基-埔墘,2023-10-12,9288
3276,宇環,6,0,6,凱基-埔墘,2023-10-12,9288
9933,中鼎,6,0,6,凱基-埔墘,2023-10-12,9288
00665L,富邦�琤肭磪囓�2,6,1,5,凱基-埔墘,2023-10-12,9288
00772B,中信高評級公司債,5,0,5,凱基-埔墘,2023-10-12,9288
2230,泰茂,5,0,5,凱基-埔墘,2023-10-12,9288
2369,菱生,5,0,5,凱基-埔墘,2023-10-12,9288
2542,興富發,5,0,5,凱基-埔墘,2023-10-12,9288
4956,光鋐,5,0,5,凱基-埔墘,2023-10-12,9288
6111,大宇資,5,0,5,凱基-埔墘,2023-10-12,9288
6120,達運,5,0,5,凱基-埔墘,2023-10-12,9288
6695,芯鼎,9,4,5,凱基-埔墘,2023-10-12,9288
8996,高力,8,3,5,凱基-埔墘,2023-10-12,9288
00919,群益台灣精選高息,4,0,4,凱基-埔墘,2023-10-12,9288
2489,瑞軒,5,1,4,凱基-埔墘,2023-10-12,9288
3711,日月光投控,4,0,4,凱基-埔墘,2023-10-12,9288
5285,界霖,4,0,4,凱基-埔墘,2023-10-12,9288
6122,擎邦,4,0,4,凱基-埔墘,2023-10-12,9288
6770,力積電,4,0,4,凱基-埔墘,2023-10-12,9288
9904,寶成,4,0,4,凱基-埔墘,2023-10-12,9288
00688L,國泰20年美債正2,3,0,3,凱基-埔墘,2023-10-12,9288
2458,義隆,3,0,3,凱基-埔墘,2023-10-12,9288
3036,文曄,6,3,3,凱基-埔墘,2023-10-12,9288
2303,聯電,51,0,51,凱基-埔墘,2023-10-13,9288
1503,士電,40,0,40,凱基-埔墘,2023-10-13,9288
00929,復華台灣科技優息,34,0,34,凱基-埔墘,2023-10-13,9288
00637L,元大滬深300正2,25,0,25,凱基-埔墘,2023-10-13,9288
1905,華紙,23,0,23,凱基-埔墘,2023-10-13,9288
6605,帝寶,21,0,21,凱基-埔墘,2023-10-13,9288
4105,東洋,20,0,20,凱基-埔墘,2023-10-13,9288
8996,高力,19,0,19,凱基-埔墘,2023-10-13,9288
9919,康那香,17,0,17,凱基-埔墘,2023-10-13,9288
3025,星通,76,61,15,凱基-埔墘,2023-10-13,9288
00715L,期街口布蘭特正2,13,0,13,凱基-埔墘,2023-10-13,9288
8076,伍豐,13,0,13,凱基-埔墘,2023-10-13,9288
2618,長榮航,11,0,11,凱基-埔墘,2023-10-13,9288
2355,敬鵬,10,0,10,凱基-埔墘,2023-10-13,9288
2365,昆盈,10,0,10,凱基-埔墘,2023-10-13,9288
3715,定穎投控,27,18,9,凱基-埔墘,2023-10-13,9288
2888,新光金,8,0,8,凱基-埔墘,2023-10-13,9288
3325,旭品,7,0,7,凱基-埔墘,2023-10-13,9288
2382,廣達,14,8,6,凱基-埔墘,2023-10-13,9288
6202,盛群,6,0,6,凱基-埔墘,2023-10-13,9288
2324,仁寶,7,1,6,凱基-埔墘,2023-10-13,9288
00773B,中信優先金融債,6,0,6,凱基-埔墘,2023-10-13,9288
2356,英業達,11,5,6,凱基-埔墘,2023-10-13,9288
2461,光群雷,6,0,6,凱基-埔墘,2023-10-13,9288
6770,力積電,6,0,6,凱基-埔墘,2023-10-13,9288
8358,金居,7,1,6,凱基-埔墘,2023-10-13,9288
2615,萬海,5,0,5,凱基-埔墘,2023-10-13,9288
00713,元大台灣高息低波,5,0,5,凱基-埔墘,2023-10-13,9288
00687B,國泰20年美債,5,0,5,凱基-埔墘,2023-10-13,9288
2230,泰茂,5,0,5,凱基-埔墘,2023-10-13,9288
2439,美律,5,0,5,凱基-埔墘,2023-10-13,9288
3047,訊舟,5,0,5,凱基-埔墘,2023-10-13,9288
3483,力致,8,3,5,凱基-埔墘,2023-10-13,9288
4503,金雨,6,1,5,凱基-埔墘,2023-10-13,9288
4744,皇將,5,0,5,凱基-埔墘,2023-10-13,9288
4967,十銓,5,0,5,凱基-埔墘,2023-10-13,9288
6160,欣技,12,7,5,凱基-埔墘,2023-10-13,9288
6446,藥華藥,5,0,5,凱基-埔墘,2023-10-13,9288
00897,富邦基因免疫生技,4,0,4,凱基-埔墘,2023-10-13,9288
00919,群益台灣精選高息,4,0,4,凱基-埔墘,2023-10-13,9288
00680L,元大美債20正2,5,1,4,凱基-埔墘,2023-10-13,9288
2352,佳世達,5,1,4,凱基-埔墘,2023-10-13,9288
2369,菱生,4,0,4,凱基-埔墘,2023-10-13,9288
2486,一詮,4,0,4,凱基-埔墘,2023-10-13,9288
2489,瑞軒,4,0,4,凱基-埔墘,2023-10-13,9288
2882,國泰金,4,0,4,凱基-埔墘,2023-10-13,9288
4971,IET-KY,4,0,4,凱基-埔墘,2023-10-13,9288
6187,萬潤,4,0,4,凱基-埔墘,2023-10-13,9288
9904,寶成,4,0,4,凱基-埔墘,2023-10-13,9288
3481,群創,4,0,4,凱基-埔墘,2023-10-13,9288
3483,力致,202,3,199,凱基-埔墘,2023-10-16,9288
2515,中工,140,24,116,凱基-埔墘,2023-10-16,9288
00929,復華台灣科技優息,92,24,68,凱基-埔墘,2023-10-16,9288
6451,訊芯-KY,65,1,64,凱基-埔墘,2023-10-16,9288
6548,長科*,37,0,37,凱基-埔墘,2023-10-16,9288
9933,中鼎,38,1,37,凱基-埔墘,2023-10-16,9288
00713,元大台灣高息低波,37,1,36,凱基-埔墘,2023-10-16,9288
2344,華邦電,35,4,31,凱基-埔墘,2023-10-16,9288
2618,長榮航,26,0,26,凱基-埔墘,2023-10-16,9288
2610,華航,25,0,25,凱基-埔墘,2023-10-16,9288
00885,富邦越南,20,0,20,凱基-埔墘,2023-10-16,9288
2409,友達,17,0,17,凱基-埔墘,2023-10-16,9288
6257,矽格,17,0,17,凱基-埔墘,2023-10-16,9288
3272,東碩,16,0,16,凱基-埔墘,2023-10-16,9288
00753L,中信中國50正2,15,0,15,凱基-埔墘,2023-10-16,9288
0056,元大高股息,13,2,11,凱基-埔墘,2023-10-16,9288
00715L,期街口布蘭特正2,48,38,10,凱基-埔墘,2023-10-16,9288
00642U,期元大S＆P石油,10,0,10,凱基-埔墘,2023-10-16,9288
3481,群創,10,0,10,凱基-埔墘,2023-10-16,9288
8088,品安,12,2,10,凱基-埔墘,2023-10-16,9288
3231,緯創,12,3,9,凱基-埔墘,2023-10-16,9288
6187,萬潤,9,0,9,凱基-埔墘,2023-10-16,9288
8996,高力,10,1,9,凱基-埔墘,2023-10-16,9288
2486,一詮,13,5,8,凱基-埔墘,2023-10-16,9288
1605,華新,7,0,7,凱基-埔墘,2023-10-16,9288
2002,中鋼,7,0,7,凱基-埔墘,2023-10-16,9288
1319,東陽,6,0,6,凱基-埔墘,2023-10-16,9288
1464,得力,6,0,6,凱基-埔墘,2023-10-16,9288
2329,華泰,6,0,6,凱基-埔墘,2023-10-16,9288
2481,強茂,6,0,6,凱基-埔墘,2023-10-16,9288
00687B,國泰20年美債,5,0,5,凱基-埔墘,2023-10-16,9288
00673R,期元大S＆P原油反1,5,0,5,凱基-埔墘,2023-10-16,9288
2458,義隆,5,0,5,凱基-埔墘,2023-10-16,9288
2888,新光金,5,0,5,凱基-埔墘,2023-10-16,9288
3666,光耀,5,0,5,凱基-埔墘,2023-10-16,9288
8358,金居,5,0,5,凱基-埔墘,2023-10-16,9288
00905,FT臺灣Smart,4,0,4,凱基-埔墘,2023-10-16,9288
3025,星通,7,3,4,凱基-埔墘,2023-10-16,9288
3630,新鉅科,4,0,4,凱基-埔墘,2023-10-16,9288
2201,裕隆,4,0,4,凱基-埔墘,2023-10-16,9288
3047,訊舟,4,0,4,凱基-埔墘,2023-10-16,9288
8464,億豐,4,0,4,凱基-埔墘,2023-10-16,9288
2324,仁寶,4,0,4,凱基-埔墘,2023-10-16,9288
00712,復華富時不動產,8,4,4,凱基-埔墘,2023-10-16,9288
2382,廣達,4,1,3,凱基-埔墘,2023-10-16,9288
3078,僑威,4,1,3,凱基-埔墘,2023-10-16,9288
00650L,復華香港正2,3,0,3,凱基-埔墘,2023-10-16,9288
1785,光洋科,3,0,3,凱基-埔墘,2023-10-16,9288
2363,矽統,118,115,3,凱基-埔墘,2023-10-16,9288
2493,揚博,3,0,3,凱基-埔墘,2023-10-16,9288
6451,訊芯-KY,306,2,304,凱基-埔墘,2023-10-17,9288
2618,長榮航,120,2,118,凱基-埔墘,2023-10-17,9288
3339,泰谷,68,16,52,凱基-埔墘,2023-10-17,9288
00919,群益台灣精選高息,46,0,46,凱基-埔墘,2023-10-17,9288
00715L,期街口布蘭特正2,60,23,37,凱基-埔墘,2023-10-17,9288
8054,安國,36,9,27,凱基-埔墘,2023-10-17,9288
6285,啟��,37,15,22,凱基-埔墘,2023-10-17,9288
2303,聯電,31,12,19,凱基-埔墘,2023-10-17,9288
4164,承業醫,18,0,18,凱基-埔墘,2023-10-17,9288
00687B,國泰20年美債,16,0,16,凱基-埔墘,2023-10-17,9288
6290,良維,15,0,15,凱基-埔墘,2023-10-17,9288
3042,晶技,16,2,14,凱基-埔墘,2023-10-17,9288
00929,復華台灣科技優息,14,0,14,凱基-埔墘,2023-10-17,9288
00878,國泰永續高股息,13,0,13,凱基-埔墘,2023-10-17,9288
3376,新日興,15,2,13,凱基-埔墘,2023-10-17,9288
2316,楠梓電,12,0,12,凱基-埔墘,2023-10-17,9288
3715,定穎投控,26,14,12,凱基-埔墘,2023-10-17,9288
00642U,期元大S＆P石油,11,0,11,凱基-埔墘,2023-10-17,9288
2601,益航,11,0,11,凱基-埔墘,2023-10-17,9288
00902,中信電池及儲能,10,0,10,凱基-埔墘,2023-10-17,9288
00772B,中信高評級公司債,10,0,10,凱基-埔墘,2023-10-17,9288
5328,華容,10,0,10,凱基-埔墘,2023-10-17,9288
0056,元大高股息,9,0,9,凱基-埔墘,2023-10-17,9288
6770,力積電,10,1,9,凱基-埔墘,2023-10-17,9288
3272,東碩,8,1,7,凱基-埔墘,2023-10-17,9288
4960,誠美材,10,3,7,凱基-埔墘,2023-10-17,9288
6548,長科*,7,0,7,凱基-埔墘,2023-10-17,9288
3706,神達,6,0,6,凱基-埔墘,2023-10-17,9288
6187,萬潤,6,0,6,凱基-埔墘,2023-10-17,9288
00679B,元大美債20年,5,0,5,凱基-埔墘,2023-10-17,9288
2897,王道銀行,5,0,5,凱基-埔墘,2023-10-17,9288
3078,僑威,8,3,5,凱基-埔墘,2023-10-17,9288
6202,盛群,5,0,5,凱基-埔墘,2023-10-17,9288
2486,一詮,17,13,4,凱基-埔墘,2023-10-17,9288
00713,元大台灣高息低波,4,0,4,凱基-埔墘,2023-10-17,9288
00720B,元大投資級公司債,4,0,4,凱基-埔墘,2023-10-17,9288
00676R,富邦臺灣加權反1,4,0,4,凱基-埔墘,2023-10-17,9288
3227,原相,4,0,4,凱基-埔墘,2023-10-17,9288
3311,閎暉,4,0,4,凱基-埔墘,2023-10-17,9288
3484,崧騰,4,0,4,凱基-埔墘,2023-10-17,9288
3545,敦泰,5,1,4,凱基-埔墘,2023-10-17,9288
6197,佳必琪,4,0,4,凱基-埔墘,2023-10-17,9288
6209,今國光,4,0,4,凱基-埔墘,2023-10-17,9288
3615,安可,3,0,3,凱基-埔墘,2023-10-17,9288
1338,廣華-KY,3,0,3,凱基-埔墘,2023-10-17,9288
00680L,元大美債20正2,3,0,3,凱基-埔墘,2023-10-17,9288
2329,華泰,3,0,3,凱基-埔墘,2023-10-17,9288
2382,廣達,11,8,3,凱基-埔墘,2023-10-17,9288
2485,兆赫,3,0,3,凱基-埔墘,2023-10-17,9288
3006,晶豪科,6,3,3,凱基-埔墘,2023-10-17,9288
6451,訊芯-KY,169,7,162,凱基-埔墘,2023-10-18,9288
00878,國泰永續高股息,94,11,83,凱基-埔墘,2023-10-18,9288
0056,元大高股息,49,10,39,凱基-埔墘,2023-10-18,9288
3481,群創,30,0,30,凱基-埔墘,2023-10-18,9288
1409,新纖,30,0,30,凱基-埔墘,2023-10-18,9288
6548,長科*,27,0,27,凱基-埔墘,2023-10-18,9288
00919,群益台灣精選高息,21,0,21,凱基-埔墘,2023-10-18,9288
1402,遠東新,20,0,20,凱基-埔墘,2023-10-18,9288
2867,三商壽,20,0,20,凱基-埔墘,2023-10-18,9288
2887,台新金,20,0,20,凱基-埔墘,2023-10-18,9288
4744,皇將,20,0,20,凱基-埔墘,2023-10-18,9288
6138,茂達,20,0,20,凱基-埔墘,2023-10-18,9288
5351,鈺創,19,0,19,凱基-埔墘,2023-10-18,9288
00932,兆豐永續高息等權,19,0,19,凱基-埔墘,2023-10-18,9288
8358,金居,18,1,17,凱基-埔墘,2023-10-18,9288
6285,啟��,27,12,15,凱基-埔墘,2023-10-18,9288
1471,首利,15,0,15,凱基-埔墘,2023-10-18,9288
00922,國泰台灣領袖50,14,0,14,凱基-埔墘,2023-10-18,9288
00907,永豐優息存股,13,0,13,凱基-埔墘,2023-10-18,9288
00680L,元大美債20正2,13,0,13,凱基-埔墘,2023-10-18,9288
00679B,元大美債20年,14,4,10,凱基-埔墘,2023-10-18,9288
006208,富邦台50,10,0,10,凱基-埔墘,2023-10-18,9288
2002,中鋼,10,0,10,凱基-埔墘,2023-10-18,9288
00900,富邦特選高股息30,10,0,10,凱基-埔墘,2023-10-18,9288
00751B,元大AAA至A公司債,10,0,10,凱基-埔墘,2023-10-18,9288
2344,華邦電,10,0,10,凱基-埔墘,2023-10-18,9288
3339,泰谷,10,0,10,凱基-埔墘,2023-10-18,9288
6531,愛普*,13,3,10,凱基-埔墘,2023-10-18,9288
00687B,國泰20年美債,8,0,8,凱基-埔墘,2023-10-18,9288
2634,漢翔,11,3,8,凱基-埔墘,2023-10-18,9288
1605,華新,8,0,8,凱基-埔墘,2023-10-18,9288
6237,驊訊,7,0,7,凱基-埔墘,2023-10-18,9288
6288,聯嘉,8,1,7,凱基-埔墘,2023-10-18,9288
0050,元大台灣50,6,0,6,凱基-埔墘,2023-10-18,9288
1718,中纖,6,0,6,凱基-埔墘,2023-10-18,9288
2486,一詮,12,6,6,凱基-埔墘,2023-10-18,9288
3305,昇貿,6,0,6,凱基-埔墘,2023-10-18,9288
3588,通嘉,6,0,6,凱基-埔墘,2023-10-18,9288
6180,橘子,6,0,6,凱基-埔墘,2023-10-18,9288
6197,佳必琪,6,0,6,凱基-埔墘,2023-10-18,9288
2382,廣達,8,3,5,凱基-埔墘,2023-10-18,9288
00662,富邦NASDAQ,5,0,5,凱基-埔墘,2023-10-18,9288
00673R,期元大S＆P原油反1,5,0,5,凱基-埔墘,2023-10-18,9288
00632R,元大台灣50反1,55,50,5,凱基-埔墘,2023-10-18,9288
2201,裕隆,5,0,5,凱基-埔墘,2023-10-18,9288
2230,泰茂,5,0,5,凱基-埔墘,2023-10-18,9288
2481,強茂,5,0,5,凱基-埔墘,2023-10-18,9288
2489,瑞軒,5,0,5,凱基-埔墘,2023-10-18,9288
4164,承業醫,5,0,5,凱基-埔墘,2023-10-18,9288
4967,十銓,7,2,5,凱基-埔墘,2023-10-18,9288
3049,精金,96,0,96,凱基-埔墘,2023-10-19,9288
6451,訊芯-KY,88,17,71,凱基-埔墘,2023-10-19,9288
00878,國泰永續高股息,68,0,68,凱基-埔墘,2023-10-19,9288
00902,中信電池及儲能,33,0,33,凱基-埔墘,2023-10-19,9288
00680L,元大美債20正2,31,0,31,凱基-埔墘,2023-10-19,9288
2486,一詮,33,3,30,凱基-埔墘,2023-10-19,9288
2617,台航,25,0,25,凱基-埔墘,2023-10-19,9288
6168,宏齊,45,22,23,凱基-埔墘,2023-10-19,9288
0056,元大高股息,34,12,22,凱基-埔墘,2023-10-19,9288
00753L,中信中國50正2,20,0,20,凱基-埔墘,2023-10-19,9288
2204,中華,20,0,20,凱基-埔墘,2023-10-19,9288
00637L,元大滬深300正2,19,0,19,凱基-埔墘,2023-10-19,9288
1101,台泥,18,0,18,凱基-埔墘,2023-10-19,9288
2317,鴻海,18,0,18,凱基-埔墘,2023-10-19,9288
00687B,國泰20年美債,17,0,17,凱基-埔墘,2023-10-19,9288
2360,致茂,15,0,15,凱基-埔墘,2023-10-19,9288
4128,中天,16,1,15,凱基-埔墘,2023-10-19,9288
00931B,統一美債20年,14,0,14,凱基-埔墘,2023-10-19,9288
00720B,元大投資級公司債,13,0,13,凱基-埔墘,2023-10-19,9288
00772B,中信高評級公司債,13,0,13,凱基-埔墘,2023-10-19,9288
00933B,國泰10Y+金融債,12,0,12,凱基-埔墘,2023-10-19,9288
2465,麗臺,10,0,10,凱基-埔墘,2023-10-19,9288
2912,統一超,10,0,10,凱基-埔墘,2023-10-19,9288
00897,富邦基因免疫生技,9,0,9,凱基-埔墘,2023-10-19,9288
2637,慧洋-KY,8,0,8,凱基-埔墘,2023-10-19,9288
3715,定穎投控,22,14,8,凱基-埔墘,2023-10-19,9288
6643,M31,6,0,6,凱基-埔墘,2023-10-19,9288
8454,富邦媒,6,0,6,凱基-埔墘,2023-10-19,9288
6116,彩晶,5,0,5,凱基-埔墘,2023-10-19,9288
1314,中石化,6,1,5,凱基-埔墘,2023-10-19,9288
00725B,國泰投資級公司債,5,0,5,凱基-埔墘,2023-10-19,9288
2886,兆豐金,5,0,5,凱基-埔墘,2023-10-19,9288
3548,兆利,6,1,5,凱基-埔墘,2023-10-19,9288
4744,皇將,5,0,5,凱基-埔墘,2023-10-19,9288
5321,美而快,5,0,5,凱基-埔墘,2023-10-19,9288
8054,安國,12,7,5,凱基-埔墘,2023-10-19,9288
00885,富邦越南,4,0,4,凱基-埔墘,2023-10-19,9288
2324,仁寶,6,2,4,凱基-埔墘,2023-10-19,9288
3122,笙泉,4,0,4,凱基-埔墘,2023-10-19,9288
4908,前鼎,8,4,4,凱基-埔墘,2023-10-19,9288
6276,安鈦克,4,0,4,凱基-埔墘,2023-10-19,9288
6770,力積電,4,0,4,凱基-埔墘,2023-10-19,9288
6901,鑽石投資,3,0,3,凱基-埔墘,2023-10-19,9288
2356,英業達,7,4,3,凱基-埔墘,2023-10-19,9288
3481,群創,3,0,3,凱基-埔墘,2023-10-19,9288
1504,東元,3,0,3,凱基-埔墘,2023-10-19,9288
3406,玉晶光,3,0,3,凱基-埔墘,2023-10-19,9288
1568,倉佑,9,6,3,凱基-埔墘,2023-10-19,9288
2618,長榮航,21,18,3,凱基-埔墘,2023-10-19,9288
3169,亞信,3,0,3,凱基-埔墘,2023-10-19,9288
00931B,統一美債20年,200,0,200,凱基-埔墘,2023-10-20,9288
00632R,元大台灣50反1,120,1,119,凱基-埔墘,2023-10-20,9288
00690,兆豐藍籌30,100,0,100,凱基-埔墘,2023-10-20,9288
00878,國泰永續高股息,90,8,82,凱基-埔墘,2023-10-20,9288
00712,復華富時不動產,72,0,72,凱基-埔墘,2023-10-20,9288
00907,永豐優息存股,51,0,51,凱基-埔墘,2023-10-20,9288
00715L,期街口布蘭特正2,60,15,45,凱基-埔墘,2023-10-20,9288
00708L,期元大S＆P黃金正2,30,0,30,凱基-埔墘,2023-10-20,9288
0056,元大高股息,35,12,23,凱基-埔墘,2023-10-20,9288
2002,中鋼,23,1,22,凱基-埔墘,2023-10-20,9288
6451,訊芯-KY,27,5,22,凱基-埔墘,2023-10-20,9288
00919,群益台灣精選高息,16,1,15,凱基-埔墘,2023-10-20,9288
00642U,期元大S＆P石油,15,0,15,凱基-埔墘,2023-10-20,9288
4744,皇將,15,0,15,凱基-埔墘,2023-10-20,9288
2834,臺企銀,14,0,14,凱基-埔墘,2023-10-20,9288
00720B,元大投資級公司債,13,0,13,凱基-埔墘,2023-10-20,9288
2610,華航,12,0,12,凱基-埔墘,2023-10-20,9288
5285,界霖,12,0,12,凱基-埔墘,2023-10-20,9288
2888,新光金,11,0,11,凱基-埔墘,2023-10-20,9288
2236,百達-KY,10,0,10,凱基-埔墘,2023-10-20,9288
2887,台新金,10,0,10,凱基-埔墘,2023-10-20,9288
9934,成霖,10,0,10,凱基-埔墘,2023-10-20,9288
00680L,元大美債20正2,9,0,9,凱基-埔墘,2023-10-20,9288
1605,華新,9,0,9,凱基-埔墘,2023-10-20,9288
2489,瑞軒,9,0,9,凱基-埔墘,2023-10-20,9288
3035,智原,13,4,9,凱基-埔墘,2023-10-20,9288
4164,承業醫,9,0,9,凱基-埔墘,2023-10-20,9288
2886,兆豐金,8,0,8,凱基-埔墘,2023-10-20,9288
3231,緯創,18,11,7,凱基-埔墘,2023-10-20,9288
3703,欣陸,7,0,7,凱基-埔墘,2023-10-20,9288
00637L,元大滬深300正2,6,0,6,凱基-埔墘,2023-10-20,9288
00713,元大台灣高息低波,5,0,5,凱基-埔墘,2023-10-20,9288
6237,驊訊,8,3,5,凱基-埔墘,2023-10-20,9288
3481,群創,5,0,5,凱基-埔墘,2023-10-20,9288
00635U,期元大S＆P黃金,5,0,5,凱基-埔墘,2023-10-20,9288
00751B,元大AAA至A公司債,5,0,5,凱基-埔墘,2023-10-20,9288
00772B,中信高評級公司債,5,0,5,凱基-埔墘,2023-10-20,9288
2897,王道銀行,5,0,5,凱基-埔墘,2023-10-20,9288
3709,鑫聯大投控,5,0,5,凱基-埔墘,2023-10-20,9288
5381,合正,5,0,5,凱基-埔墘,2023-10-20,9288
6285,啟��,9,4,5,凱基-埔墘,2023-10-20,9288
6643,M31,5,0,5,凱基-埔墘,2023-10-20,9288
6695,芯鼎,5,0,5,凱基-埔墘,2023-10-20,9288
00900,富邦特選高股息30,5,1,4,凱基-埔墘,2023-10-20,9288
1609,大亞,5,1,4,凱基-埔墘,2023-10-20,9288
1718,中纖,4,0,4,凱基-埔墘,2023-10-20,9288
1785,光洋科,4,0,4,凱基-埔墘,2023-10-20,9288
2388,威盛,6,2,4,凱基-埔墘,2023-10-20,9288
2891,中信金,4,0,4,凱基-埔墘,2023-10-20,9288
3013,晟銘電,4,0,4,凱基-埔墘,2023-10-20,9288
2317,鴻海,98,1,97,凱基-埔墘,2023-10-23,9288
2401,凌陽,86,5,81,凱基-埔墘,2023-10-23,9288
00929,復華台灣科技優息,115,47,68,凱基-埔墘,2023-10-23,9288
2402,毅嘉,67,6,61,凱基-埔墘,2023-10-23,9288
00632R,元大台灣50反1,40,2,38,凱基-埔墘,2023-10-23,9288
2330,台積電,26,0,26,凱基-埔墘,2023-10-23,9288
00919,群益台灣精選高息,26,0,26,凱基-埔墘,2023-10-23,9288
1711,永光,20,0,20,凱基-埔墘,2023-10-23,9288
0056,元大高股息,19,0,19,凱基-埔墘,2023-10-23,9288
00715L,期街口布蘭特正2,19,3,16,凱基-埔墘,2023-10-23,9288
00642U,期元大S＆P石油,15,0,15,凱基-埔墘,2023-10-23,9288
2409,友達,10,0,10,凱基-埔墘,2023-10-23,9288
4561,健椿,10,0,10,凱基-埔墘,2023-10-23,9288
6147,頎邦,10,0,10,凱基-埔墘,2023-10-23,9288
3481,群創,11,2,9,凱基-埔墘,2023-10-23,9288
00687B,國泰20年美債,9,0,9,凱基-埔墘,2023-10-23,9288
00680L,元大美債20正2,8,0,8,凱基-埔墘,2023-10-23,9288
00673R,期元大S＆P原油反1,8,0,8,凱基-埔墘,2023-10-23,9288
00720B,元大投資級公司債,8,0,8,凱基-埔墘,2023-10-23,9288
6517,保勝光學,8,0,8,凱基-埔墘,2023-10-23,9288
00878,國泰永續高股息,7,0,7,凱基-埔墘,2023-10-23,9288
1718,中纖,8,2,6,凱基-埔墘,2023-10-23,9288
00902,中信電池及儲能,5,0,5,凱基-埔墘,2023-10-23,9288
00740B,富邦全球投等債,5,0,5,凱基-埔墘,2023-10-23,9288
00882,中信中國高股息,5,0,5,凱基-埔墘,2023-10-23,9288
1504,東元,15,10,5,凱基-埔墘,2023-10-23,9288
6156,松上,16,11,5,凱基-埔墘,2023-10-23,9288
6187,萬潤,8,3,5,凱基-埔墘,2023-10-23,9288
2882,國泰金,4,0,4,凱基-埔墘,2023-10-23,9288
3051,力特,9,5,4,凱基-埔墘,2023-10-23,9288
3138,耀登,4,0,4,凱基-埔墘,2023-10-23,9288
3715,定穎投控,17,13,4,凱基-埔墘,2023-10-23,9288
6158,禾昌,4,0,4,凱基-埔墘,2023-10-23,9288
00881,國泰台灣5G+,3,0,3,凱基-埔墘,2023-10-23,9288
00915,凱基優選高股息30,3,0,3,凱基-埔墘,2023-10-23,9288
1324,地球,3,0,3,凱基-埔墘,2023-10-23,9288
2344,華邦電,3,0,3,凱基-埔墘,2023-10-23,9288
2516,新建,3,0,3,凱基-埔墘,2023-10-23,9288
2605,新興,4,1,3,凱基-埔墘,2023-10-23,9288
3037,欣興,4,1,3,凱基-埔墘,2023-10-23,9288
6243,迅杰,6,3,3,凱基-埔墘,2023-10-23,9288
6282,康舒,3,0,3,凱基-埔墘,2023-10-23,9288
1303,南亞,3,0,3,凱基-埔墘,2023-10-23,9288
2891,中信金,3,0,3,凱基-埔墘,2023-10-23,9288
2609,陽明,3,0,3,凱基-埔墘,2023-10-23,9288
00932,兆豐永續高息等權,2,0,2,凱基-埔墘,2023-10-23,9288
1301,台塑,2,0,2,凱基-埔墘,2023-10-23,9288
2382,廣達,10,8,2,凱基-埔墘,2023-10-23,9288
1314,中石化,2,0,2,凱基-埔墘,2023-10-23,9288
00772B,中信高評級公司債,2,0,2,凱基-埔墘,2023-10-23,9288
2317,鴻海,58,3,55,凱基-埔墘,2023-10-24,9288
2454,聯發科,35,0,35,凱基-埔墘,2023-10-24,9288
3706,神達,20,0,20,凱基-埔墘,2023-10-24,9288
2610,華航,20,3,17,凱基-埔墘,2023-10-24,9288
8054,安國,16,0,16,凱基-埔墘,2023-10-24,9288
2344,華邦電,12,0,12,凱基-埔墘,2023-10-24,9288
5258,虹堡,15,3,12,凱基-埔墘,2023-10-24,9288
2891,中信金,11,0,11,凱基-埔墘,2023-10-24,9288
6548,長科*,11,0,11,凱基-埔墘,2023-10-24,9288
2498,宏達電,10,0,10,凱基-埔墘,2023-10-24,9288
8076,伍豐,10,0,10,凱基-埔墘,2023-10-24,9288
2371,大同,7,0,7,凱基-埔墘,2023-10-24,9288
2634,漢翔,12,5,7,凱基-埔墘,2023-10-24,9288
2002,中鋼,13,6,7,凱基-埔墘,2023-10-24,9288
3701,大眾控,6,0,6,凱基-埔墘,2023-10-24,9288
1815,富喬,8,2,6,凱基-埔墘,2023-10-24,9288
2388,威盛,14,8,6,凱基-埔墘,2023-10-24,9288
6158,禾昌,6,0,6,凱基-埔墘,2023-10-24,9288
8926,台汽電,5,0,5,凱基-埔墘,2023-10-24,9288
2834,臺企銀,5,0,5,凱基-埔墘,2023-10-24,9288
00919,群益台灣精選高息,5,0,5,凱基-埔墘,2023-10-24,9288
00673R,期元大S＆P原油反1,5,0,5,凱基-埔墘,2023-10-24,9288
2348,海悅,5,0,5,凱基-埔墘,2023-10-24,9288
3032,偉訓,5,0,5,凱基-埔墘,2023-10-24,9288
3481,群創,9,4,5,凱基-埔墘,2023-10-24,9288
3694,海華,5,0,5,凱基-埔墘,2023-10-24,9288
5302,太欣,5,0,5,凱基-埔墘,2023-10-24,9288
6139,亞翔,6,2,4,凱基-埔墘,2023-10-24,9288
6451,訊芯-KY,6,2,4,凱基-埔墘,2023-10-24,9288
6605,帝寶,4,0,4,凱基-埔墘,2023-10-24,9288
00878,國泰永續高股息,4,0,4,凱基-埔墘,2023-10-24,9288
2303,聯電,3,0,3,凱基-埔墘,2023-10-24,9288
2887,台新金,3,0,3,凱基-埔墘,2023-10-24,9288
1584,精剛,3,0,3,凱基-埔墘,2023-10-24,9288
1536,和大,3,0,3,凱基-埔墘,2023-10-24,9288
00662,富邦NASDAQ,3,0,3,凱基-埔墘,2023-10-24,9288
00637L,元大滬深300正2,3,0,3,凱基-埔墘,2023-10-24,9288
3051,力特,41,38,3,凱基-埔墘,2023-10-24,9288
4401,東隆興,3,0,3,凱基-埔墘,2023-10-24,9288
8110,華東,4,1,3,凱基-埔墘,2023-10-24,9288
8222,寶一,3,0,3,凱基-埔墘,2023-10-24,9288
0050,元大台灣50,2,0,2,凱基-埔墘,2023-10-24,9288
1513,中興電,2,0,2,凱基-埔墘,2023-10-24,9288
2330,台積電,3,1,2,凱基-埔墘,2023-10-24,9288
1101,台泥,3,1,2,凱基-埔墘,2023-10-24,9288
00881,國泰台灣5G+,2,0,2,凱基-埔墘,2023-10-24,9288
00643,群益深証中小,2,0,2,凱基-埔墘,2023-10-24,9288
1618,合機,2,0,2,凱基-埔墘,2023-10-24,9288
1707,葡萄王,2,0,2,凱基-埔墘,2023-10-24,9288
1718,中纖,2,0,2,凱基-埔墘,2023-10-24,9288
0056,元大高股息,180,2,178,凱基-埔墘,2023-10-25,9288
5531,鄉林,71,0,71,凱基-埔墘,2023-10-25,9288
6233,旺玖,65,7,58,凱基-埔墘,2023-10-25,9288
00923,群益台ESG低碳50,50,0,50,凱基-埔墘,2023-10-25,9288
2816,旺旺保,50,0,50,凱基-埔墘,2023-10-25,9288
3066,李洲,48,0,48,凱基-埔墘,2023-10-25,9288
2303,聯電,52,16,36,凱基-埔墘,2023-10-25,9288
3049,精金,35,0,35,凱基-埔墘,2023-10-25,9288
2454,聯發科,25,0,25,凱基-埔墘,2023-10-25,9288
1907,永豐餘,20,0,20,凱基-埔墘,2023-10-25,9288
3041,揚智,20,1,19,凱基-埔墘,2023-10-25,9288
3481,群創,22,3,19,凱基-埔墘,2023-10-25,9288
1609,大亞,26,8,18,凱基-埔墘,2023-10-25,9288
2331,精英,15,0,15,凱基-埔墘,2023-10-25,9288
2436,偉詮電,15,2,13,凱基-埔墘,2023-10-25,9288
00902,中信電池及儲能,12,0,12,凱基-埔墘,2023-10-25,9288
2348,海悅,24,12,12,凱基-埔墘,2023-10-25,9288
6451,訊芯-KY,23,11,12,凱基-埔墘,2023-10-25,9288
1522,堤維西,10,0,10,凱基-埔墘,2023-10-25,9288
00919,群益台灣精選高息,10,0,10,凱基-埔墘,2023-10-25,9288
2034,允強,10,0,10,凱基-埔墘,2023-10-25,9288
3234,光環,10,0,10,凱基-埔墘,2023-10-25,9288
8176,智捷,10,0,10,凱基-埔墘,2023-10-25,9288
2313,華通,10,1,9,凱基-埔墘,2023-10-25,9288
3025,星通,14,5,9,凱基-埔墘,2023-10-25,9288
2617,台航,8,0,8,凱基-埔墘,2023-10-25,9288
3588,通嘉,13,5,8,凱基-埔墘,2023-10-25,9288
6117,迎廣,16,8,8,凱基-埔墘,2023-10-25,9288
2317,鴻海,8,1,7,凱基-埔墘,2023-10-25,9288
3042,晶技,9,2,7,凱基-埔墘,2023-10-25,9288
00713,元大台灣高息低波,6,0,6,凱基-埔墘,2023-10-25,9288
4908,前鼎,9,3,6,凱基-埔墘,2023-10-25,9288
4960,誠美材,11,5,6,凱基-埔墘,2023-10-25,9288
00670L,富邦NASDAQ正2,5,0,5,凱基-埔墘,2023-10-25,9288
00673R,期元大S＆P原油反1,5,0,5,凱基-埔墘,2023-10-25,9288
1905,華紙,5,0,5,凱基-埔墘,2023-10-25,9288
2888,新光金,5,0,5,凱基-埔墘,2023-10-25,9288
2905,三商,5,0,5,凱基-埔墘,2023-10-25,9288
4123,晟德,5,0,5,凱基-埔墘,2023-10-25,9288
00712,復華富時不動產,4,0,4,凱基-埔墘,2023-10-25,9288
3545,敦泰,5,1,4,凱基-埔墘,2023-10-25,9288
6114,久威,10,6,4,凱基-埔墘,2023-10-25,9288
1218,泰山,3,0,3,凱基-埔墘,2023-10-25,9288
1503,士電,3,0,3,凱基-埔墘,2023-10-25,9288
2201,裕隆,3,0,3,凱基-埔墘,2023-10-25,9288
3339,泰谷,3,0,3,凱基-埔墘,2023-10-25,9288
5465,富驊,7,4,3,凱基-埔墘,2023-10-25,9288
9802,鈺齊-KY,3,0,3,凱基-埔墘,2023-10-25,9288
1301,台塑,3,0,3,凱基-埔墘,2023-10-25,9288
1101,台泥,2,0,2,凱基-埔墘,2023-10-25,9288
2344,華邦電,73,10,63,凱基-埔墘,2023-10-26,9288
00712,復華富時不動產,53,0,53,凱基-埔墘,2023-10-26,9288
2888,新光金,46,0,46,凱基-埔墘,2023-10-26,9288
0056,元大高股息,41,0,41,凱基-埔墘,2023-10-26,9288
2303,聯電,39,4,35,凱基-埔墘,2023-10-26,9288
2405,輔信,49,14,35,凱基-埔墘,2023-10-26,9288
3058,立德,30,0,30,凱基-埔墘,2023-10-26,9288
4526,東台,26,0,26,凱基-埔墘,2023-10-26,9288
00687B,國泰20年美債,21,0,21,凱基-埔墘,2023-10-26,9288
00878,國泰永續高股息,18,0,18,凱基-埔墘,2023-10-26,9288
00680L,元大美債20正2,18,0,18,凱基-埔墘,2023-10-26,9288
1721,三晃,36,18,18,凱基-埔墘,2023-10-26,9288
2834,臺企銀,18,0,18,凱基-埔墘,2023-10-26,9288
2367,燿華,16,0,16,凱基-埔墘,2023-10-26,9288
00919,群益台灣精選高息,13,0,13,凱基-埔墘,2023-10-26,9288
00902,中信電池及儲能,12,0,12,凱基-埔墘,2023-10-26,9288
3481,群創,12,0,12,凱基-埔墘,2023-10-26,9288
6284,佳邦,13,2,11,凱基-埔墘,2023-10-26,9288
1314,中石化,10,0,10,凱基-埔墘,2023-10-26,9288
00894,中信小資高價30,10,0,10,凱基-埔墘,2023-10-26,9288
2002,中鋼,10,0,10,凱基-埔墘,2023-10-26,9288
2637,慧洋-KY,10,0,10,凱基-埔墘,2023-10-26,9288
6138,茂達,10,0,10,凱基-埔墘,2023-10-26,9288
0050,元大台灣50,8,0,8,凱基-埔墘,2023-10-26,9288
00713,元大台灣高息低波,8,0,8,凱基-埔墘,2023-10-26,9288
2409,友達,10,2,8,凱基-埔墘,2023-10-26,9288
3122,笙泉,13,5,8,凱基-埔墘,2023-10-26,9288
4933,友輝,8,0,8,凱基-埔墘,2023-10-26,9288
00885,富邦越南,7,0,7,凱基-埔墘,2023-10-26,9288
3032,偉訓,6,0,6,凱基-埔墘,2023-10-26,9288
2618,長榮航,12,6,6,凱基-埔墘,2023-10-26,9288
2883,凱基金,14,8,6,凱基-埔墘,2023-10-26,9288
4971,IET-KY,7,1,6,凱基-埔墘,2023-10-26,9288
5236,凌陽創新,6,0,6,凱基-埔墘,2023-10-26,9288
2317,鴻海,7,2,5,凱基-埔墘,2023-10-26,9288
00896,中信綠能及電動車,5,0,5,凱基-埔墘,2023-10-26,9288
00888,永豐台灣ESG,5,0,5,凱基-埔墘,2023-10-26,9288
00773B,中信優先金融債,5,0,5,凱基-埔墘,2023-10-26,9288
2329,華泰,16,11,5,凱基-埔墘,2023-10-26,9288
2401,凌陽,11,6,5,凱基-埔墘,2023-10-26,9288
6667,信紘科,5,0,5,凱基-埔墘,2023-10-26,9288
8112,至上,5,0,5,凱基-埔墘,2023-10-26,9288
2330,台積電,5,1,4,凱基-埔墘,2023-10-26,9288
2892,第一金,4,0,4,凱基-埔墘,2023-10-26,9288
8046,南電,4,0,4,凱基-埔墘,2023-10-26,9288
1319,東陽,4,0,4,凱基-埔墘,2023-10-26,9288
1718,中纖,4,0,4,凱基-埔墘,2023-10-26,9288
1815,富喬,5,1,4,凱基-埔墘,2023-10-26,9288
2606,裕民,4,0,4,凱基-埔墘,2023-10-26,9288
2801,彰銀,4,0,4,凱基-埔墘,2023-10-26,9288
6472,保瑞,87,2,85,凱基-埔墘,2023-10-27,9288
3017,奇鋐,62,2,60,凱基-埔墘,2023-10-27,9288
2401,凌陽,52,1,51,凱基-埔墘,2023-10-27,9288
3339,泰谷,40,0,40,凱基-埔墘,2023-10-27,9288
6179,亞通,30,0,30,凱基-埔墘,2023-10-27,9288
8054,安國,25,0,25,凱基-埔墘,2023-10-27,9288
2449,京元電子,24,4,20,凱基-埔墘,2023-10-27,9288
2330,台積電,18,0,18,凱基-埔墘,2023-10-27,9288
6233,旺玖,50,33,17,凱基-埔墘,2023-10-27,9288
2617,台航,12,0,12,凱基-埔墘,2023-10-27,9288
0050,元大台灣50,10,0,10,凱基-埔墘,2023-10-27,9288
1402,遠東新,10,0,10,凱基-埔墘,2023-10-27,9288
00902,中信電池及儲能,10,0,10,凱基-埔墘,2023-10-27,9288
00715L,期街口布蘭特正2,10,0,10,凱基-埔墘,2023-10-27,9288
2460,建通,13,3,10,凱基-埔墘,2023-10-27,9288
2801,彰銀,10,0,10,凱基-埔墘,2023-10-27,9288
2834,臺企銀,10,0,10,凱基-埔墘,2023-10-27,9288
3268,海德威,10,0,10,凱基-埔墘,2023-10-27,9288
3481,群創,30,20,10,凱基-埔墘,2023-10-27,9288
5009,榮剛,23,13,10,凱基-埔墘,2023-10-27,9288
00878,國泰永續高股息,8,0,8,凱基-埔墘,2023-10-27,9288
5215,科嘉-KY,8,0,8,凱基-埔墘,2023-10-27,9288
3032,偉訓,18,10,8,凱基-埔墘,2023-10-27,9288
2462,良得電,7,0,7,凱基-埔墘,2023-10-27,9288
4908,前鼎,24,17,7,凱基-埔墘,2023-10-27,9288
5263,智崴,7,0,7,凱基-埔墘,2023-10-27,9288
3317,尼克森,6,0,6,凱基-埔墘,2023-10-27,9288
1815,富喬,6,0,6,凱基-埔墘,2023-10-27,9288
4128,中天,7,1,6,凱基-埔墘,2023-10-27,9288
00885,富邦越南,5,0,5,凱基-埔墘,2023-10-27,9288
2454,聯發科,5,0,5,凱基-埔墘,2023-10-27,9288
4743,合一,6,1,5,凱基-埔墘,2023-10-27,9288
00676R,富邦臺灣加權反1,5,0,5,凱基-埔墘,2023-10-27,9288
2338,光罩,5,0,5,凱基-埔墘,2023-10-27,9288
2465,麗臺,5,0,5,凱基-埔墘,2023-10-27,9288
2637,慧洋-KY,5,0,5,凱基-埔墘,2023-10-27,9288
2867,三商壽,5,0,5,凱基-埔墘,2023-10-27,9288
3041,揚智,5,0,5,凱基-埔墘,2023-10-27,9288
3058,立德,5,0,5,凱基-埔墘,2023-10-27,9288
3276,宇環,15,10,5,凱基-埔墘,2023-10-27,9288
4960,誠美材,7,2,5,凱基-埔墘,2023-10-27,9288
8034,榮群,5,0,5,凱基-埔墘,2023-10-27,9288
8358,金居,5,0,5,凱基-埔墘,2023-10-27,9288
00673R,期元大S＆P原油反1,4,0,4,凱基-埔墘,2023-10-27,9288
00712,復華富時不動產,4,0,4,凱基-埔墘,2023-10-27,9288
1721,三晃,17,13,4,凱基-埔墘,2023-10-27,9288
2353,宏��,4,0,4,凱基-埔墘,2023-10-27,9288
6160,欣技,4,0,4,凱基-埔墘,2023-10-27,9288
1785,光洋科,3,0,3,凱基-埔墘,2023-10-27,9288
2409,友達,3,0,3,凱基-埔墘,2023-10-27,9288
2317,鴻海,65,3,62,凱基-埔墘,2023-10-30,9288
6472,保瑞,36,3,33,凱基-埔墘,2023-10-30,9288
4763,材料-KY,33,0,33,凱基-埔墘,2023-10-30,9288
3441,聯一光,26,1,25,凱基-埔墘,2023-10-30,9288
00878,國泰永續高股息,24,2,22,凱基-埔墘,2023-10-30,9288
3322,建舜電,20,0,20,凱基-埔墘,2023-10-30,9288
2883,凱基金,18,4,14,凱基-埔墘,2023-10-30,9288
00679B,元大美債20年,12,0,12,凱基-埔墘,2023-10-30,9288
00751B,元大AAA至A公司債,12,0,12,凱基-埔墘,2023-10-30,9288
3260,威剛,11,0,11,凱基-埔墘,2023-10-30,9288
00902,中信電池及儲能,10,0,10,凱基-埔墘,2023-10-30,9288
2323,中環,10,0,10,凱基-埔墘,2023-10-30,9288
4164,承業醫,10,0,10,凱基-埔墘,2023-10-30,9288
2330,台積電,8,0,8,凱基-埔墘,2023-10-30,9288
2409,友達,10,2,8,凱基-埔墘,2023-10-30,9288
2476,鉅祥,8,0,8,凱基-埔墘,2023-10-30,9288
2891,中信金,7,0,7,凱基-埔墘,2023-10-30,9288
2485,兆赫,66,60,6,凱基-埔墘,2023-10-30,9288
3707,漢磊,6,0,6,凱基-埔墘,2023-10-30,9288
2230,泰茂,7,1,6,凱基-埔墘,2023-10-30,9288
0050,元大台灣50,5,0,5,凱基-埔墘,2023-10-30,9288
2816,旺旺保,5,0,5,凱基-埔墘,2023-10-30,9288
5880,合庫金,5,0,5,凱基-埔墘,2023-10-30,9288
0056,元大高股息,6,2,4,凱基-埔墘,2023-10-30,9288
2367,燿華,4,0,4,凱基-埔墘,2023-10-30,9288
3205,佰研,4,0,4,凱基-埔墘,2023-10-30,9288
4960,誠美材,6,2,4,凱基-埔墘,2023-10-30,9288
3231,緯創,20,17,3,凱基-埔墘,2023-10-30,9288
9921,巨大,3,0,3,凱基-埔墘,2023-10-30,9288
1785,光洋科,9,6,3,凱基-埔墘,2023-10-30,9288
1760,寶齡富錦,6,3,3,凱基-埔墘,2023-10-30,9288
1314,中石化,3,0,3,凱基-埔墘,2023-10-30,9288
006208,富邦台50,3,0,3,凱基-埔墘,2023-10-30,9288
2376,技嘉,3,0,3,凱基-埔墘,2023-10-30,9288
2634,漢翔,3,0,3,凱基-埔墘,2023-10-30,9288
3545,敦泰,5,2,3,凱基-埔墘,2023-10-30,9288
6216,居易,4,1,3,凱基-埔墘,2023-10-30,9288
8176,智捷,3,0,3,凱基-埔墘,2023-10-30,9288
3037,欣興,2,0,2,凱基-埔墘,2023-10-30,9288
00662,富邦NASDAQ,2,0,2,凱基-埔墘,2023-10-30,9288
00680L,元大美債20正2,2,0,2,凱基-埔墘,2023-10-30,9288
00687B,國泰20年美債,2,0,2,凱基-埔墘,2023-10-30,9288
00857B,永豐20年美公債,2,0,2,凱基-埔墘,2023-10-30,9288
00919,群益台灣精選高息,2,0,2,凱基-埔墘,2023-10-30,9288
1256,鮮活果汁-KY,2,0,2,凱基-埔墘,2023-10-30,9288
2002,中鋼,2,0,2,凱基-埔墘,2023-10-30,9288
2301,光寶科,2,0,2,凱基-埔墘,2023-10-30,9288
2303,聯電,2,0,2,凱基-埔墘,2023-10-30,9288
2331,精英,2,0,2,凱基-埔墘,2023-10-30,9288
2707,晶華,2,0,2,凱基-埔墘,2023-10-30,9288
6278,台表科,24,0,24,凱基-埔墘,2023-10-31,9288
0056,元大高股息,23,0,23,凱基-埔墘,2023-10-31,9288
00878,國泰永續高股息,24,1,23,凱基-埔墘,2023-10-31,9288
00687B,國泰20年美債,21,0,21,凱基-埔墘,2023-10-31,9288
00929,復華台灣科技優息,226,206,20,凱基-埔墘,2023-10-31,9288
2633,台灣高鐵,20,0,20,凱基-埔墘,2023-10-31,9288
5371,中光電,12,0,12,凱基-埔墘,2023-10-31,9288
00715L,期街口布蘭特正2,11,0,11,凱基-埔墘,2023-10-31,9288
6138,茂達,11,0,11,凱基-埔墘,2023-10-31,9288
0050,元大台灣50,10,0,10,凱基-埔墘,2023-10-31,9288
2409,友達,12,2,10,凱基-埔墘,2023-10-31,9288
2607,榮運,10,0,10,凱基-埔墘,2023-10-31,9288
2834,臺企銀,10,0,10,凱基-埔墘,2023-10-31,9288
3704,合勤控,14,4,10,凱基-埔墘,2023-10-31,9288
6129,普誠,10,0,10,凱基-埔墘,2023-10-31,9288
9935,慶豐富,10,0,10,凱基-埔墘,2023-10-31,9288
3675,德微,9,0,9,凱基-埔墘,2023-10-31,9288
3231,緯創,18,10,8,凱基-埔墘,2023-10-31,9288
4960,誠美材,8,0,8,凱基-埔墘,2023-10-31,9288
6443,元晶,15,7,8,凱基-埔墘,2023-10-31,9288
3548,兆利,9,2,7,凱基-埔墘,2023-10-31,9288
2230,泰茂,7,0,7,凱基-埔墘,2023-10-31,9288
2615,萬海,7,0,7,凱基-埔墘,2023-10-31,9288
6015,宏遠證,7,0,7,凱基-埔墘,2023-10-31,9288
00670L,富邦NASDAQ正2,6,0,6,凱基-埔墘,2023-10-31,9288
2486,一詮,7,1,6,凱基-埔墘,2023-10-31,9288
2883,凱基金,7,1,6,凱基-埔墘,2023-10-31,9288
3576,聯合再生,18,12,6,凱基-埔墘,2023-10-31,9288
1524,耿鼎,7,2,5,凱基-埔墘,2023-10-31,9288
00712,復華富時不動產,5,0,5,凱基-埔墘,2023-10-31,9288
00902,中信電池及儲能,5,0,5,凱基-埔墘,2023-10-31,9288
2867,三商壽,5,0,5,凱基-埔墘,2023-10-31,9288
4164,承業醫,10,5,5,凱基-埔墘,2023-10-31,9288
6285,啟��,6,2,4,凱基-埔墘,2023-10-31,9288
2330,台積電,4,0,4,凱基-埔墘,2023-10-31,9288
3680,家登,4,0,4,凱基-埔墘,2023-10-31,9288
3715,定穎投控,23,19,4,凱基-埔墘,2023-10-31,9288
5321,美而快,4,0,4,凱基-埔墘,2023-10-31,9288
5425,台半,4,0,4,凱基-埔墘,2023-10-31,9288
3324,雙鴻,3,0,3,凱基-埔墘,2023-10-31,9288
00751B,元大AAA至A公司債,3,0,3,凱基-埔墘,2023-10-31,9288
006208,富邦台50,3,0,3,凱基-埔墘,2023-10-31,9288
1216,統一,3,0,3,凱基-埔墘,2023-10-31,9288
2328,廣宇,3,0,3,凱基-埔墘,2023-10-31,9288
2390,云辰,3,0,3,凱基-埔墘,2023-10-31,9288
2489,瑞軒,3,0,3,凱基-埔墘,2023-10-31,9288
2645,長榮航太,3,0,3,凱基-埔墘,2023-10-31,9288
3325,旭品,4,1,3,凱基-埔墘,2023-10-31,9288
3481,群創,3,0,3,凱基-埔墘,2023-10-31,9288
3545,敦泰,3,0,3,凱基-埔墘,2023-10-31,9288
2401,凌陽,50,6,44,凱基-埔墘,2023-11-01,9288
00885,富邦越南,31,0,31,凱基-埔墘,2023-11-01,9288
2834,臺企銀,30,0,30,凱基-埔墘,2023-11-01,9288
8176,智捷,30,0,30,凱基-埔墘,2023-11-01,9288
00670L,富邦NASDAQ正2,25,0,25,凱基-埔墘,2023-11-01,9288
00935,野村臺灣新科技50,21,0,21,凱基-埔墘,2023-11-01,9288
2409,友達,20,0,20,凱基-埔墘,2023-11-01,9288
8044,網家,20,1,19,凱基-埔墘,2023-11-01,9288
00934,中信成長高股息,52,39,13,凱基-埔墘,2023-11-01,9288
5483,中美晶,15,2,13,凱基-埔墘,2023-11-01,9288
00679B,元大美債20年,12,0,12,凱基-埔墘,2023-11-01,9288
00753L,中信中國50正2,10,0,10,凱基-埔墘,2023-11-01,9288
00751B,元大AAA至A公司債,10,0,10,凱基-埔墘,2023-11-01,9288
2617,台航,9,0,9,凱基-埔墘,2023-11-01,9288
3338,泰碩,12,3,9,凱基-埔墘,2023-11-01,9288
5703,亞都,8,0,8,凱基-埔墘,2023-11-01,9288
2230,泰茂,7,0,7,凱基-埔墘,2023-11-01,9288
2344,華邦電,10,3,7,凱基-埔墘,2023-11-01,9288
2883,凱基金,6,0,6,凱基-埔墘,2023-11-01,9288
5351,鈺創,6,0,6,凱基-埔墘,2023-11-01,9288
00931B,統一美債20年,5,0,5,凱基-埔墘,2023-11-01,9288
00687B,國泰20年美債,5,0,5,凱基-埔墘,2023-11-01,9288
2329,華泰,5,0,5,凱基-埔墘,2023-11-01,9288
3036,文曄,17,12,5,凱基-埔墘,2023-11-01,9288
3532,台勝科,5,0,5,凱基-埔墘,2023-11-01,9288
6278,台表科,5,0,5,凱基-埔墘,2023-11-01,9288
00715L,期街口布蘭特正2,4,0,4,凱基-埔墘,2023-11-01,9288
2363,矽統,5,1,4,凱基-埔墘,2023-11-01,9288
6548,長科*,4,0,4,凱基-埔墘,2023-11-01,9288
8358,金居,4,0,4,凱基-埔墘,2023-11-01,9288
3035,智原,5,2,3,凱基-埔墘,2023-11-01,9288
00919,群益台灣精選高息,3,0,3,凱基-埔墘,2023-11-01,9288
00680L,元大美債20正2,3,0,3,凱基-埔墘,2023-11-01,9288
2887,台新金,3,0,3,凱基-埔墘,2023-11-01,9288
4108,懷特,3,0,3,凱基-埔墘,2023-11-01,9288
0056,元大高股息,2,0,2,凱基-埔墘,2023-11-01,9288
3481,群創,2,0,2,凱基-埔墘,2023-11-01,9288
2317,鴻海,2,0,2,凱基-埔墘,2023-11-01,9288
0050,元大台灣50,2,0,2,凱基-埔墘,2023-11-01,9288
1905,華紙,3,1,2,凱基-埔墘,2023-11-01,9288
1605,華新,2,0,2,凱基-埔墘,2023-11-01,9288
1731,美吾華,2,0,2,凱基-埔墘,2023-11-01,9288
1314,中石化,2,0,2,凱基-埔墘,2023-11-01,9288
2328,廣宇,2,0,2,凱基-埔墘,2023-11-01,9288
2390,云辰,2,0,2,凱基-埔墘,2023-11-01,9288
2489,瑞軒,2,0,2,凱基-埔墘,2023-11-01,9288
2881,富邦金,2,0,2,凱基-埔墘,2023-11-01,9288
3141,晶宏,2,0,2,凱基-埔墘,2023-11-01,9288
3702,大聯大,2,0,2,凱基-埔墘,2023-11-01,9288
4102,永日,2,0,2,凱基-埔墘,2023-11-01,9288
00687B,國泰20年美債,111,0,111,凱基-埔墘,2023-11-02,9288
5531,鄉林,70,0,70,凱基-埔墘,2023-11-02,9288
2344,華邦電,53,2,51,凱基-埔墘,2023-11-02,9288
00715L,期街口布蘭特正2,45,0,45,凱基-埔墘,2023-11-02,9288
1319,東陽,40,4,36,凱基-埔墘,2023-11-02,9288
2402,毅嘉,36,3,33,凱基-埔墘,2023-11-02,9288
3704,合勤控,31,6,25,凱基-埔墘,2023-11-02,9288
2618,長榮航,21,0,21,凱基-埔墘,2023-11-02,9288
00935,野村臺灣新科技50,20,0,20,凱基-埔墘,2023-11-02,9288
2006,東和鋼鐵,16,0,16,凱基-埔墘,2023-11-02,9288
2885,元大金,12,0,12,凱基-埔墘,2023-11-02,9288
6418,詠昇,12,0,12,凱基-埔墘,2023-11-02,9288
00680L,元大美債20正2,12,1,11,凱基-埔墘,2023-11-02,9288
2369,菱生,11,0,11,凱基-埔墘,2023-11-02,9288
3006,晶豪科,16,6,10,凱基-埔墘,2023-11-02,9288
4164,承業醫,10,0,10,凱基-埔墘,2023-11-02,9288
8176,智捷,10,0,10,凱基-埔墘,2023-11-02,9288
2236,百達-KY,9,0,9,凱基-埔墘,2023-11-02,9288
1513,中興電,9,1,8,凱基-埔墘,2023-11-02,9288
00878,國泰永續高股息,9,2,7,凱基-埔墘,2023-11-02,9288
5285,界霖,7,0,7,凱基-埔墘,2023-11-02,9288
00934,中信成長高股息,7,1,6,凱基-埔墘,2023-11-02,9288
00679B,元大美債20年,6,0,6,凱基-埔墘,2023-11-02,9288
2405,輔信,6,0,6,凱基-埔墘,2023-11-02,9288
3675,德微,6,0,6,凱基-埔墘,2023-11-02,9288
2317,鴻海,7,1,6,凱基-埔墘,2023-11-02,9288
00751B,元大AAA至A公司債,5,0,5,凱基-埔墘,2023-11-02,9288
00882,中信中國高股息,5,0,5,凱基-埔墘,2023-11-02,9288
2607,榮運,5,0,5,凱基-埔墘,2023-11-02,9288
2615,萬海,5,0,5,凱基-埔墘,2023-11-02,9288
2630,亞航,5,0,5,凱基-埔墘,2023-11-02,9288
2867,三商壽,5,0,5,凱基-埔墘,2023-11-02,9288
2883,凱基金,5,0,5,凱基-埔墘,2023-11-02,9288
3217,優群,5,0,5,凱基-埔墘,2023-11-02,9288
6202,盛群,5,0,5,凱基-埔墘,2023-11-02,9288
6530,創威,5,0,5,凱基-埔墘,2023-11-02,9288
6806,森崴能源,5,0,5,凱基-埔墘,2023-11-02,9288
8033,雷虎,5,0,5,凱基-埔墘,2023-11-02,9288
8054,安國,37,32,5,凱基-埔墘,2023-11-02,9288
5483,中美晶,5,0,5,凱基-埔墘,2023-11-02,9288
3481,群創,10,5,5,凱基-埔墘,2023-11-02,9288
2313,華通,10,6,4,凱基-埔墘,2023-11-02,9288
2388,威盛,14,10,4,凱基-埔墘,2023-11-02,9288
2485,兆赫,5,1,4,凱基-埔墘,2023-11-02,9288
3083,網龍,4,0,4,凱基-埔墘,2023-11-02,9288
4960,誠美材,4,0,4,凱基-埔墘,2023-11-02,9288
6276,安鈦克,4,0,4,凱基-埔墘,2023-11-02,9288
3189,景碩,3,0,3,凱基-埔墘,2023-11-02,9288
1301,台塑,3,0,3,凱基-埔墘,2023-11-02,9288
2382,廣達,5,2,3,凱基-埔墘,2023-11-02,9288
2427,三商電,33,0,33,凱基-埔墘,2023-11-03,9288
4167,松瑞藥,30,5,25,凱基-埔墘,2023-11-03,9288
2388,威盛,53,29,24,凱基-埔墘,2023-11-03,9288
2363,矽統,44,23,21,凱基-埔墘,2023-11-03,9288
1611,中電,20,0,20,凱基-埔墘,2023-11-03,9288
3055,蔚華科,22,2,20,凱基-埔墘,2023-11-03,9288
5531,鄉林,20,1,19,凱基-埔墘,2023-11-03,9288
2317,鴻海,22,6,16,凱基-埔墘,2023-11-03,9288
3217,優群,15,0,15,凱基-埔墘,2023-11-03,9288
3715,定穎投控,15,0,15,凱基-埔墘,2023-11-03,9288
6284,佳邦,15,0,15,凱基-埔墘,2023-11-03,9288
00900,富邦特選高股息30,14,0,14,凱基-埔墘,2023-11-03,9288
00680L,元大美債20正2,18,7,11,凱基-埔墘,2023-11-03,9288
1815,富喬,43,32,11,凱基-埔墘,2023-11-03,9288
1319,東陽,10,0,10,凱基-埔墘,2023-11-03,9288
2460,建通,13,3,10,凱基-埔墘,2023-11-03,9288
2883,凱基金,10,0,10,凱基-埔墘,2023-11-03,9288
3339,泰谷,10,0,10,凱基-埔墘,2023-11-03,9288
2344,華邦電,10,1,9,凱基-埔墘,2023-11-03,9288
2612,中航,8,0,8,凱基-埔墘,2023-11-03,9288
5471,松翰,8,0,8,凱基-埔墘,2023-11-03,9288
8044,網家,8,0,8,凱基-埔墘,2023-11-03,9288
8046,南電,7,0,7,凱基-埔墘,2023-11-03,9288
2230,泰茂,7,1,6,凱基-埔墘,2023-11-03,9288
00632R,元大台灣50反1,5,0,5,凱基-埔墘,2023-11-03,9288
2236,百達-KY,5,0,5,凱基-埔墘,2023-11-03,9288
2402,毅嘉,5,0,5,凱基-埔墘,2023-11-03,9288
6113,亞矽,5,0,5,凱基-埔墘,2023-11-03,9288
6179,亞通,5,0,5,凱基-埔墘,2023-11-03,9288
00679B,元大美債20年,4,0,4,凱基-埔墘,2023-11-03,9288
2367,燿華,4,0,4,凱基-埔墘,2023-11-03,9288
3037,欣興,4,0,4,凱基-埔墘,2023-11-03,9288
6202,盛群,3,0,3,凱基-埔墘,2023-11-03,9288
3694,海華,5,2,3,凱基-埔墘,2023-11-03,9288
6122,擎邦,3,0,3,凱基-埔墘,2023-11-03,9288
6237,驊訊,20,17,3,凱基-埔墘,2023-11-03,9288
00773B,中信優先金融債,3,0,3,凱基-埔墘,2023-11-03,9288
8040,九暘,2,0,2,凱基-埔墘,2023-11-03,9288
4966,譜瑞-KY,2,0,2,凱基-埔墘,2023-11-03,9288
2376,技嘉,7,5,2,凱基-埔墘,2023-11-03,9288
2324,仁寶,2,0,2,凱基-埔墘,2023-11-03,9288
1102,亞泥,2,0,2,凱基-埔墘,2023-11-03,9288
00934,中信成長高股息,2,0,2,凱基-埔墘,2023-11-03,9288
1305,華夏,2,0,2,凱基-埔墘,2023-11-03,9288
00919,群益台灣精選高息,2,0,2,凱基-埔墘,2023-11-03,9288
00908,富邦入息REITs+,2,0,2,凱基-埔墘,2023-11-03,9288
2313,華通,12,10,2,凱基-埔墘,2023-11-03,9288
2453,凌群,2,0,2,凱基-埔墘,2023-11-03,9288
3017,奇鋐,6,4,2,凱基-埔墘,2023-11-03,9288
3122,笙泉,2,0,2,凱基-埔墘,2023-11-03,9288
9103,美德醫療-DR,100,0,100,凱基-埔墘,2023-11-06,9288
4533,協易機,75,0,75,凱基-埔墘,2023-11-06,9288
2888,新光金,50,5,45,凱基-埔墘,2023-11-06,9288
2014,中鴻,41,0,41,凱基-埔墘,2023-11-06,9288
3376,新日興,21,0,21,凱基-埔墘,2023-11-06,9288
5426,振發,20,0,20,凱基-埔墘,2023-11-06,9288
6603,富強鑫,20,0,20,凱基-埔墘,2023-11-06,9288
1314,中石化,19,0,19,凱基-埔墘,2023-11-06,9288
2388,威盛,35,18,17,凱基-埔墘,2023-11-06,9288
00934,中信成長高股息,17,0,17,凱基-埔墘,2023-11-06,9288
2486,一詮,17,0,17,凱基-埔墘,2023-11-06,9288
4401,東隆興,15,0,15,凱基-埔墘,2023-11-06,9288
6770,力積電,12,0,12,凱基-埔墘,2023-11-06,9288
2618,長榮航,13,2,11,凱基-埔墘,2023-11-06,9288
00751B,元大AAA至A公司債,10,0,10,凱基-埔墘,2023-11-06,9288
00720B,元大投資級公司債,10,0,10,凱基-埔墘,2023-11-06,9288
3268,海德威,10,0,10,凱基-埔墘,2023-11-06,9288
6179,亞通,10,0,10,凱基-埔墘,2023-11-06,9288
6284,佳邦,11,1,10,凱基-埔墘,2023-11-06,9288
6869,雲豹能源,10,0,10,凱基-埔墘,2023-11-06,9288
2301,光寶科,10,1,9,凱基-埔墘,2023-11-06,9288
8222,寶一,12,3,9,凱基-埔墘,2023-11-06,9288
00632R,元大台灣50反1,8,0,8,凱基-埔墘,2023-11-06,9288
1721,三晃,22,14,8,凱基-埔墘,2023-11-06,9288
3034,聯詠,10,2,8,凱基-埔墘,2023-11-06,9288
2230,泰茂,7,0,7,凱基-埔墘,2023-11-06,9288
4906,正文,7,0,7,凱基-埔墘,2023-11-06,9288
2317,鴻海,7,1,6,凱基-埔墘,2023-11-06,9288
4164,承業醫,10,4,6,凱基-埔墘,2023-11-06,9288
1319,東陽,5,0,5,凱基-埔墘,2023-11-06,9288
1504,東元,6,1,5,凱基-埔墘,2023-11-06,9288
2612,中航,5,0,5,凱基-埔墘,2023-11-06,9288
2634,漢翔,6,1,5,凱基-埔墘,2023-11-06,9288
3029,零壹,5,0,5,凱基-埔墘,2023-11-06,9288
3545,敦泰,5,0,5,凱基-埔墘,2023-11-06,9288
5234,達興材料,5,0,5,凱基-埔墘,2023-11-06,9288
8299,群聯,5,0,5,凱基-埔墘,2023-11-06,9288
5483,中美晶,5,0,5,凱基-埔墘,2023-11-06,9288
2236,百達-KY,4,0,4,凱基-埔墘,2023-11-06,9288
2351,順德,4,0,4,凱基-埔墘,2023-11-06,9288
2362,藍天,4,0,4,凱基-埔墘,2023-11-06,9288
2363,矽統,56,52,4,凱基-埔墘,2023-11-06,9288
3339,泰谷,4,0,4,凱基-埔墘,2023-11-06,9288
4188,安克,4,0,4,凱基-埔墘,2023-11-06,9288
6139,亞翔,4,0,4,凱基-埔墘,2023-11-06,9288
3228,金麗科,3,0,3,凱基-埔墘,2023-11-06,9288
1519,華城,9,6,3,凱基-埔墘,2023-11-06,9288
00857B,永豐20年美公債,3,0,3,凱基-埔墘,2023-11-06,9288
3033,威健,3,0,3,凱基-埔墘,2023-11-06,9288
00642U,期元大S＆P石油,2,0,2,凱基-埔墘,2023-11-06,9288
00756B,群益投等新興公債,30,0,30,凱基-埔墘,2023-11-07,9288
00751B,元大AAA至A公司債,30,0,30,凱基-埔墘,2023-11-07,9288
2355,敬鵬,30,0,30,凱基-埔墘,2023-11-07,9288
2363,矽統,52,24,28,凱基-埔墘,2023-11-07,9288
8110,華東,20,0,20,凱基-埔墘,2023-11-07,9288
00878,國泰永續高股息,31,12,19,凱基-埔墘,2023-11-07,9288
9938,百和,15,0,15,凱基-埔墘,2023-11-07,9288
00712,復華富時不動產,14,0,14,凱基-埔墘,2023-11-07,9288
2634,漢翔,18,5,13,凱基-埔墘,2023-11-07,9288
3036,文曄,19,6,13,凱基-埔墘,2023-11-07,9288
4164,承業醫,38,25,13,凱基-埔墘,2023-11-07,9288
9945,潤泰新,12,0,12,凱基-埔墘,2023-11-07,9288
2486,一詮,12,0,12,凱基-埔墘,2023-11-07,9288
2618,長榮航,14,4,10,凱基-埔墘,2023-11-07,9288
3162,精確,10,0,10,凱基-埔墘,2023-11-07,9288
5258,虹堡,8,0,8,凱基-埔墘,2023-11-07,9288
5263,智崴,8,0,8,凱基-埔墘,2023-11-07,9288
00687B,國泰20年美債,7,0,7,凱基-埔墘,2023-11-07,9288
2230,泰茂,7,0,7,凱基-埔墘,2023-11-07,9288
6197,佳必琪,7,0,7,凱基-埔墘,2023-11-07,9288
6243,迅杰,10,3,7,凱基-埔墘,2023-11-07,9288
6531,愛普*,9,2,7,凱基-埔墘,2023-11-07,9288
00929,復華台灣科技優息,13,6,7,凱基-埔墘,2023-11-07,9288
1319,東陽,6,0,6,凱基-埔墘,2023-11-07,9288
2417,圓剛,6,0,6,凱基-埔墘,2023-11-07,9288
2439,美律,8,2,6,凱基-埔墘,2023-11-07,9288
8358,金居,6,0,6,凱基-埔墘,2023-11-07,9288
2337,旺宏,5,0,5,凱基-埔墘,2023-11-07,9288
2888,新光金,5,0,5,凱基-埔墘,2023-11-07,9288
4401,東隆興,5,0,5,凱基-埔墘,2023-11-07,9288
6139,亞翔,10,5,5,凱基-埔墘,2023-11-07,9288
6806,森崴能源,6,1,5,凱基-埔墘,2023-11-07,9288
8033,雷虎,5,0,5,凱基-埔墘,2023-11-07,9288
8299,群聯,5,0,5,凱基-埔墘,2023-11-07,9288
9911,櫻花,5,0,5,凱基-埔墘,2023-11-07,9288
1504,東元,4,0,4,凱基-埔墘,2023-11-07,9288
1815,富喬,20,16,4,凱基-埔墘,2023-11-07,9288
2344,華邦電,4,0,4,凱基-埔墘,2023-11-07,9288
2408,南亞科,4,0,4,凱基-埔墘,2023-11-07,9288
2617,台航,4,0,4,凱基-埔墘,2023-11-07,9288
2883,凱基金,10,6,4,凱基-埔墘,2023-11-07,9288
3563,牧德,22,18,4,凱基-埔墘,2023-11-07,9288
6282,康舒,3,0,3,凱基-埔墘,2023-11-07,9288
2002,中鋼,3,0,3,凱基-埔墘,2023-11-07,9288
5903,全家,3,0,3,凱基-埔墘,2023-11-07,9288
1314,中石化,5,2,3,凱基-埔墘,2023-11-07,9288
1515,力山,3,0,3,凱基-埔墘,2023-11-07,9288
5351,鈺創,6,3,3,凱基-埔墘,2023-11-07,9288
8222,寶一,3,0,3,凱基-埔墘,2023-11-07,9288
1503,士電,2,0,2,凱基-埔墘,2023-11-07,9288
00929,復華台灣科技優息,78,4,74,凱基-埔墘,2023-11-08,9288
00641R,富邦日本反1,60,0,60,凱基-埔墘,2023-11-08,9288
00878,國泰永續高股息,74,23,51,凱基-埔墘,2023-11-08,9288
3264,欣銓,50,0,50,凱基-埔墘,2023-11-08,9288
00915,凱基優選高股息30,50,4,46,凱基-埔墘,2023-11-08,9288
00673R,期元大S＆P原油反1,100,60,40,凱基-埔墘,2023-11-08,9288
00637L,元大滬深300正2,40,4,36,凱基-埔墘,2023-11-08,9288
4167,松瑞藥,34,3,31,凱基-埔墘,2023-11-08,9288
00715L,期街口布蘭特正2,30,0,30,凱基-埔墘,2023-11-08,9288
5426,振發,30,0,30,凱基-埔墘,2023-11-08,9288
2367,燿華,27,1,26,凱基-埔墘,2023-11-08,9288
2363,矽統,48,24,24,凱基-埔墘,2023-11-08,9288
2356,英業達,23,2,21,凱基-埔墘,2023-11-08,9288
2402,毅嘉,14,0,14,凱基-埔墘,2023-11-08,9288
00795B,中信美國公債20年,15,2,13,凱基-埔墘,2023-11-08,9288
1815,富喬,13,0,13,凱基-埔墘,2023-11-08,9288
2002,中鋼,11,0,11,凱基-埔墘,2023-11-08,9288
00936,台新永續高息中小,36,25,11,凱基-埔墘,2023-11-08,9288
00918,大華優利高填息30,10,0,10,凱基-埔墘,2023-11-08,9288
00670L,富邦NASDAQ正2,10,0,10,凱基-埔墘,2023-11-08,9288
1314,中石化,10,0,10,凱基-埔墘,2023-11-08,9288
2329,華泰,21,11,10,凱基-埔墘,2023-11-08,9288
2417,圓剛,10,0,10,凱基-埔墘,2023-11-08,9288
3669,圓展,10,0,10,凱基-埔墘,2023-11-08,9288
3231,緯創,44,35,9,凱基-埔墘,2023-11-08,9288
2230,泰茂,7,0,7,凱基-埔墘,2023-11-08,9288
2883,凱基金,7,0,7,凱基-埔墘,2023-11-08,9288
8210,勤誠,8,1,7,凱基-埔墘,2023-11-08,9288
3005,神基,8,2,6,凱基-埔墘,2023-11-08,9288
4123,晟德,6,0,6,凱基-埔墘,2023-11-08,9288
6782,視陽,6,0,6,凱基-埔墘,2023-11-08,9288
2308,台達電,5,0,5,凱基-埔墘,2023-11-08,9288
1449,佳和,5,0,5,凱基-埔墘,2023-11-08,9288
2488,漢平,6,1,5,凱基-埔墘,2023-11-08,9288
2537,聯上發,5,0,5,凱基-埔墘,2023-11-08,9288
5465,富驊,8,3,5,凱基-埔墘,2023-11-08,9288
6150,撼訊,5,0,5,凱基-埔墘,2023-11-08,9288
6269,台郡,5,0,5,凱基-埔墘,2023-11-08,9288
2618,長榮航,4,0,4,凱基-埔墘,2023-11-08,9288
4967,十銓,6,2,4,凱基-埔墘,2023-11-08,9288
2376,技嘉,12,9,3,凱基-埔墘,2023-11-08,9288
00632R,元大台灣50反1,3,0,3,凱基-埔墘,2023-11-08,9288
1568,倉佑,4,1,3,凱基-埔墘,2023-11-08,9288
2392,正崴,3,0,3,凱基-埔墘,2023-11-08,9288
4164,承業醫,5,2,3,凱基-埔墘,2023-11-08,9288
1301,台塑,3,0,3,凱基-埔墘,2023-11-08,9288
3017,奇鋐,3,1,2,凱基-埔墘,2023-11-08,9288
6770,力積電,2,0,2,凱基-埔墘,2023-11-08,9288
1504,東元,8,6,2,凱基-埔墘,2023-11-08,9288
1471,首利,2,0,2,凱基-埔墘,2023-11-08,9288
00680L,元大美債20正2,141,11,130,凱基-埔墘,2023-11-09,9288
00900,富邦特選高股息30,100,0,100,凱基-埔墘,2023-11-09,9288
2401,凌陽,51,0,51,凱基-埔墘,2023-11-09,9288
00878,國泰永續高股息,47,1,46,凱基-埔墘,2023-11-09,9288
2317,鴻海,44,1,43,凱基-埔墘,2023-11-09,9288
00673R,期元大S＆P原油反1,40,0,40,凱基-埔墘,2023-11-09,9288
3045,台灣大,40,2,38,凱基-埔墘,2023-11-09,9288
2329,華泰,43,8,35,凱基-埔墘,2023-11-09,9288
8110,華東,23,0,23,凱基-埔墘,2023-11-09,9288
2903,遠百,20,0,20,凱基-埔墘,2023-11-09,9288
3715,定穎投控,19,0,19,凱基-埔墘,2023-11-09,9288
00936,台新永續高息中小,15,0,15,凱基-埔墘,2023-11-09,9288
00885,富邦越南,320,307,13,凱基-埔墘,2023-11-09,9288
3483,力致,14,1,13,凱基-埔墘,2023-11-09,9288
1314,中石化,12,0,12,凱基-埔墘,2023-11-09,9288
00715L,期街口布蘭特正2,12,0,12,凱基-埔墘,2023-11-09,9288
3051,力特,10,0,10,凱基-埔墘,2023-11-09,9288
00882,中信中國高股息,10,0,10,凱基-埔墘,2023-11-09,9288
2743,山富,15,5,10,凱基-埔墘,2023-11-09,9288
4142,國光生,10,0,10,凱基-埔墘,2023-11-09,9288
4167,松瑞藥,10,0,10,凱基-埔墘,2023-11-09,9288
4532,瑞智,10,1,9,凱基-埔墘,2023-11-09,9288
2230,泰茂,8,0,8,凱基-埔墘,2023-11-09,9288
3141,晶宏,8,0,8,凱基-埔墘,2023-11-09,9288
6901,鑽石投資,8,1,7,凱基-埔墘,2023-11-09,9288
1582,信錦,7,0,7,凱基-埔墘,2023-11-09,9288
3005,神基,7,1,6,凱基-埔墘,2023-11-09,9288
5278,尚凡*,6,0,6,凱基-埔墘,2023-11-09,9288
2376,技嘉,10,5,5,凱基-埔墘,2023-11-09,9288
2617,台航,5,0,5,凱基-埔墘,2023-11-09,9288
2618,長榮航,27,22,5,凱基-埔墘,2023-11-09,9288
5351,鈺創,5,0,5,凱基-埔墘,2023-11-09,9288
6288,聯嘉,5,0,5,凱基-埔墘,2023-11-09,9288
8176,智捷,5,0,5,凱基-埔墘,2023-11-09,9288
2363,矽統,37,33,4,凱基-埔墘,2023-11-09,9288
4107,邦特,4,0,4,凱基-埔墘,2023-11-09,9288
00642U,期元大S＆P石油,4,0,4,凱基-埔墘,2023-11-09,9288
2417,圓剛,4,0,4,凱基-埔墘,2023-11-09,9288
3014,聯陽,5,1,4,凱基-埔墘,2023-11-09,9288
3094,聯傑,4,0,4,凱基-埔墘,2023-11-09,9288
4113,聯上,4,0,4,凱基-埔墘,2023-11-09,9288
5347,世界,4,0,4,凱基-埔墘,2023-11-09,9288
6117,迎廣,7,3,4,凱基-埔墘,2023-11-09,9288
6733,博晟生醫,4,0,4,凱基-埔墘,2023-11-09,9288
3034,聯詠,4,1,3,凱基-埔墘,2023-11-09,9288
00687B,國泰20年美債,3,0,3,凱基-埔墘,2023-11-09,9288
2338,光罩,3,0,3,凱基-埔墘,2023-11-09,9288
2344,華邦電,3,0,3,凱基-埔墘,2023-11-09,9288
2453,凌群,3,0,3,凱基-埔墘,2023-11-09,9288
2838,聯邦銀,3,0,3,凱基-埔墘,2023-11-09,9288
00878,國泰永續高股息,208,2,206,凱基-埔墘,2023-11-10,9288
00936,台新永續高息中小,53,0,53,凱基-埔墘,2023-11-10,9288
2402,毅嘉,26,0,26,凱基-埔墘,2023-11-10,9288
2449,京元電子,20,0,20,凱基-埔墘,2023-11-10,9288
6603,富強鑫,13,0,13,凱基-埔墘,2023-11-10,9288
1440,南紡,12,0,12,凱基-埔墘,2023-11-10,9288
00929,復華台灣科技優息,12,0,12,凱基-埔墘,2023-11-10,9288
2363,矽統,29,17,12,凱基-埔墘,2023-11-10,9288
00922,國泰台灣領袖50,10,0,10,凱基-埔墘,2023-11-10,9288
2888,新光金,10,0,10,凱基-埔墘,2023-11-10,9288
3339,泰谷,9,0,9,凱基-埔墘,2023-11-10,9288
1104,環泥,8,0,8,凱基-埔墘,2023-11-10,9288
2399,映泰,7,0,7,凱基-埔墘,2023-11-10,9288
4164,承業醫,7,0,7,凱基-埔墘,2023-11-10,9288
6120,達運,7,0,7,凱基-埔墘,2023-11-10,9288
00753L,中信中國50正2,6,0,6,凱基-埔墘,2023-11-10,9288
2382,廣達,10,4,6,凱基-埔墘,2023-11-10,9288
2425,承啟,7,1,6,凱基-埔墘,2023-11-10,9288
2433,互盛電,6,0,6,凱基-埔墘,2023-11-10,9288
1582,信錦,5,0,5,凱基-埔墘,2023-11-10,9288
00934,中信成長高股息,5,0,5,凱基-埔墘,2023-11-10,9288
3205,佰研,5,0,5,凱基-埔墘,2023-11-10,9288
4162,智擎,11,6,5,凱基-埔墘,2023-11-10,9288
5278,尚凡*,5,0,5,凱基-埔墘,2023-11-10,9288
5351,鈺創,5,0,5,凱基-埔墘,2023-11-10,9288
6016,康和證,5,0,5,凱基-埔墘,2023-11-10,9288
8176,智捷,5,0,5,凱基-埔墘,2023-11-10,9288
0056,元大高股息,5,0,5,凱基-埔墘,2023-11-10,9288
2002,中鋼,4,0,4,凱基-埔墘,2023-11-10,9288
3051,力特,6,2,4,凱基-埔墘,2023-11-10,9288
6805,富世達,5,1,4,凱基-埔墘,2023-11-10,9288
8111,立��,4,0,4,凱基-埔墘,2023-11-10,9288
4743,合一,17,13,4,凱基-埔墘,2023-11-10,9288
2344,華邦電,9,6,3,凱基-埔墘,2023-11-10,9288
2376,技嘉,4,1,3,凱基-埔墘,2023-11-10,9288
1504,東元,3,0,3,凱基-埔墘,2023-11-10,9288
1514,亞力,3,0,3,凱基-埔墘,2023-11-10,9288
00715L,期街口布蘭特正2,5,2,3,凱基-埔墘,2023-11-10,9288
00687B,國泰20年美債,3,0,3,凱基-埔墘,2023-11-10,9288
00712,復華富時不動產,3,0,3,凱基-埔墘,2023-11-10,9288
00795B,中信美國公債20年,3,0,3,凱基-埔墘,2023-11-10,9288
2351,順德,3,0,3,凱基-埔墘,2023-11-10,9288
2406,國碩,3,0,3,凱基-埔墘,2023-11-10,9288
2465,麗臺,3,0,3,凱基-埔墘,2023-11-10,9288
2486,一詮,3,0,3,凱基-埔墘,2023-11-10,9288
5488,松普,3,0,3,凱基-埔墘,2023-11-10,9288
6733,博晟生醫,3,0,3,凱基-埔墘,2023-11-10,9288
6770,力積電,3,0,3,凱基-埔墘,2023-11-10,9288
2330,台積電,2,0,2,凱基-埔墘,2023-11-10,9288
6605,帝寶,3,1,2,凱基-埔墘,2023-11-10,9288
00878,國泰永續高股息,211,0,211,凱基-埔墘,2023-11-13,9288
4167,松瑞藥,52,0,52,凱基-埔墘,2023-11-13,9288
3264,欣銓,51,2,49,凱基-埔墘,2023-11-13,9288
4744,皇將,39,0,39,凱基-埔墘,2023-11-13,9288
2356,英業達,30,0,30,凱基-埔墘,2023-11-13,9288
2369,菱生,35,12,23,凱基-埔墘,2023-11-13,9288
3027,盛達,24,2,22,凱基-埔墘,2023-11-13,9288
6116,彩晶,22,0,22,凱基-埔墘,2023-11-13,9288
2607,榮運,25,4,21,凱基-埔墘,2023-11-13,9288
2337,旺宏,20,0,20,凱基-埔墘,2023-11-13,9288
2340,台亞,20,0,20,凱基-埔墘,2023-11-13,9288
2618,長榮航,20,0,20,凱基-埔墘,2023-11-13,9288
3041,揚智,20,0,20,凱基-埔墘,2023-11-13,9288
2606,裕民,16,0,16,凱基-埔墘,2023-11-13,9288
3231,緯創,43,28,15,凱基-埔墘,2023-11-13,9288
5278,尚凡*,14,0,14,凱基-埔墘,2023-11-13,9288
00882,中信中國高股息,12,0,12,凱基-埔墘,2023-11-13,9288
3583,辛耘,13,1,12,凱基-埔墘,2023-11-13,9288
6290,良維,12,1,11,凱基-埔墘,2023-11-13,9288
2468,華經,12,1,11,凱基-埔墘,2023-11-13,9288
1314,中石化,10,0,10,凱基-埔墘,2023-11-13,9288
3287,廣寰科,10,0,10,凱基-埔墘,2023-11-13,9288
4174,浩鼎,10,0,10,凱基-埔墘,2023-11-13,9288
6138,茂達,10,0,10,凱基-埔墘,2023-11-13,9288
6143,振曜,10,0,10,凱基-埔墘,2023-11-13,9288
8033,雷虎,10,0,10,凱基-埔墘,2023-11-13,9288
1227,佳格,9,0,9,凱基-埔墘,2023-11-13,9288
2439,美律,11,3,8,凱基-埔墘,2023-11-13,9288
00637L,元大滬深300正2,8,0,8,凱基-埔墘,2023-11-13,9288
3189,景碩,8,0,8,凱基-埔墘,2023-11-13,9288
00795B,中信美國公債20年,7,0,7,凱基-埔墘,2023-11-13,9288
8454,富邦媒,7,0,7,凱基-埔墘,2023-11-13,9288
2433,互盛電,6,0,6,凱基-埔墘,2023-11-13,9288
2462,良得電,6,0,6,凱基-埔墘,2023-11-13,9288
4967,十銓,8,2,6,凱基-埔墘,2023-11-13,9288
8358,金居,6,0,6,凱基-埔墘,2023-11-13,9288
8112,至上,5,0,5,凱基-埔墘,2023-11-13,9288
3045,台灣大,5,0,5,凱基-埔墘,2023-11-13,9288
00632R,元大台灣50反1,5,0,5,凱基-埔墘,2023-11-13,9288
2743,山富,5,0,5,凱基-埔墘,2023-11-13,9288
6438,迅得,5,0,5,凱基-埔墘,2023-11-13,9288
6869,雲豹能源,5,0,5,凱基-埔墘,2023-11-13,9288
1101,台泥,6,1,5,凱基-埔墘,2023-11-13,9288
5234,達興材料,4,0,4,凱基-埔墘,2023-11-13,9288
6168,宏齊,4,0,4,凱基-埔墘,2023-11-13,9288
6829,千附精密,4,0,4,凱基-埔墘,2023-11-13,9288
6415,矽力*-KY,4,0,4,凱基-埔墘,2023-11-13,9288
2382,廣達,7,3,4,凱基-埔墘,2023-11-13,9288
1522,堤維西,3,0,3,凱基-埔墘,2023-11-13,9288
2014,中鴻,3,0,3,凱基-埔墘,2023-11-13,9288
2889,國票金,100,0,100,凱基-埔墘,2023-11-14,9288
2371,大同,50,0,50,凱基-埔墘,2023-11-14,9288
3338,泰碩,50,0,50,凱基-埔墘,2023-11-14,9288
6129,普誠,49,0,49,凱基-埔墘,2023-11-14,9288
4105,東洋,40,0,40,凱基-埔墘,2023-11-14,9288
1815,富喬,32,1,31,凱基-埔墘,2023-11-14,9288
2401,凌陽,30,0,30,凱基-埔墘,2023-11-14,9288
3006,晶豪科,34,5,29,凱基-埔墘,2023-11-14,9288
2449,京元電子,38,10,28,凱基-埔墘,2023-11-14,9288
2388,威盛,40,14,26,凱基-埔墘,2023-11-14,9288
6243,迅杰,30,5,25,凱基-埔墘,2023-11-14,9288
6643,M31,20,1,19,凱基-埔墘,2023-11-14,9288
1717,長興,19,1,18,凱基-埔墘,2023-11-14,9288
00919,群益台灣精選高息,15,0,15,凱基-埔墘,2023-11-14,9288
3231,緯創,19,4,15,凱基-埔墘,2023-11-14,9288
1477,聚陽,12,0,12,凱基-埔墘,2023-11-14,9288
00923,群益台ESG低碳50,12,0,12,凱基-埔墘,2023-11-14,9288
8222,寶一,11,0,11,凱基-埔墘,2023-11-14,9288
00720B,元大投資級公司債,10,0,10,凱基-埔墘,2023-11-14,9288
1907,永豐餘,10,0,10,凱基-埔墘,2023-11-14,9288
2402,毅嘉,25,15,10,凱基-埔墘,2023-11-14,9288
2606,裕民,11,1,10,凱基-埔墘,2023-11-14,9288
5521,工信,10,0,10,凱基-埔墘,2023-11-14,9288
2884,玉山金,10,1,9,凱基-埔墘,2023-11-14,9288
3189,景碩,8,0,8,凱基-埔墘,2023-11-14,9288
00715L,期街口布蘭特正2,13,6,7,凱基-埔墘,2023-11-14,9288
6593,台灣銘板,8,1,7,凱基-埔墘,2023-11-14,9288
00632R,元大台灣50反1,6,0,6,凱基-埔墘,2023-11-14,9288
5278,尚凡*,6,0,6,凱基-埔墘,2023-11-14,9288
6122,擎邦,29,23,6,凱基-埔墘,2023-11-14,9288
1504,東元,5,0,5,凱基-埔墘,2023-11-14,9288
2881,富邦金,5,0,5,凱基-埔墘,2023-11-14,9288
3036,文曄,8,3,5,凱基-埔墘,2023-11-14,9288
6111,大宇資,6,1,5,凱基-埔墘,2023-11-14,9288
6799,來頡,5,0,5,凱基-埔墘,2023-11-14,9288
9933,中鼎,5,0,5,凱基-埔墘,2023-11-14,9288
3176,基亞,4,0,4,凱基-埔墘,2023-11-14,9288
00637L,元大滬深300正2,4,0,4,凱基-埔墘,2023-11-14,9288
00680L,元大美債20正2,4,0,4,凱基-埔墘,2023-11-14,9288
4768,晶呈科技,6,2,4,凱基-埔墘,2023-11-14,9288
6282,康舒,6,3,3,凱基-埔墘,2023-11-14,9288
00673R,期元大S＆P原油反1,3,0,3,凱基-埔墘,2023-11-14,9288
2329,華泰,32,29,3,凱基-埔墘,2023-11-14,9288
2615,萬海,12,9,3,凱基-埔墘,2023-11-14,9288
3669,圓展,3,0,3,凱基-埔墘,2023-11-14,9288
4967,十銓,9,6,3,凱基-埔墘,2023-11-14,9288
5009,榮剛,6,3,3,凱基-埔墘,2023-11-14,9288
8936,國統,3,0,3,凱基-埔墘,2023-11-14,9288
3042,晶技,3,0,3,凱基-埔墘,2023-11-14,9288
00885,富邦越南,3,0,3,凱基-埔墘,2023-11-14,9288
00680L,元大美債20正2,831,73,758,凱基-埔墘,2023-11-15,9288
2331,精英,100,0,100,凱基-埔墘,2023-11-15,9288
00878,國泰永續高股息,116,21,95,凱基-埔墘,2023-11-15,9288
6129,普誠,86,0,86,凱基-埔墘,2023-11-15,9288
2349,錸德,45,0,45,凱基-埔墘,2023-11-15,9288
2330,台積電,51,7,44,凱基-埔墘,2023-11-15,9288
2106,建大,35,0,35,凱基-埔墘,2023-11-15,9288
9904,寶成,31,0,31,凱基-埔墘,2023-11-15,9288
00673R,期元大S＆P原油反1,20,0,20,凱基-埔墘,2023-11-15,9288
2340,台亞,20,0,20,凱基-埔墘,2023-11-15,9288
00933B,國泰10Y+金融債,17,0,17,凱基-埔墘,2023-11-15,9288
3059,華晶科,16,0,16,凱基-埔墘,2023-11-15,9288
1605,華新,25,10,15,凱基-埔墘,2023-11-15,9288
2449,京元電子,14,1,13,凱基-埔墘,2023-11-15,9288
2618,長榮航,14,1,13,凱基-埔墘,2023-11-15,9288
6550,北極星藥業-KY,12,1,11,凱基-埔墘,2023-11-15,9288
00640L,富邦日本正2,10,0,10,凱基-埔墘,2023-11-15,9288
00919,群益台灣精選高息,20,10,10,凱基-埔墘,2023-11-15,9288
3042,晶技,10,0,10,凱基-埔墘,2023-11-15,9288
4164,承業醫,10,0,10,凱基-埔墘,2023-11-15,9288
6288,聯嘉,10,0,10,凱基-埔墘,2023-11-15,9288
6712,長聖,10,0,10,凱基-埔墘,2023-11-15,9288
2303,聯電,10,1,9,凱基-埔墘,2023-11-15,9288
5278,尚凡*,8,0,8,凱基-埔墘,2023-11-15,9288
5351,鈺創,8,0,8,凱基-埔墘,2023-11-15,9288
3017,奇鋐,7,0,7,凱基-埔墘,2023-11-15,9288
6770,力積電,7,0,7,凱基-埔墘,2023-11-15,9288
2317,鴻海,14,8,6,凱基-埔墘,2023-11-15,9288
1314,中石化,10,4,6,凱基-埔墘,2023-11-15,9288
1815,富喬,11,5,6,凱基-埔墘,2023-11-15,9288
6593,台灣銘板,8,2,6,凱基-埔墘,2023-11-15,9288
8426,紅木-KY,10,4,6,凱基-埔墘,2023-11-15,9288
00904,新光臺灣半導體30,5,0,5,凱基-埔墘,2023-11-15,9288
1582,信錦,7,2,5,凱基-埔墘,2023-11-15,9288
3346,麗清,5,0,5,凱基-埔墘,2023-11-15,9288
2371,大同,5,0,5,凱基-埔墘,2023-11-15,9288
1477,聚陽,4,0,4,凱基-埔墘,2023-11-15,9288
2439,美律,4,0,4,凱基-埔墘,2023-11-15,9288
2382,廣達,7,3,4,凱基-埔墘,2023-11-15,9288
1795,美時,4,1,3,凱基-埔墘,2023-11-15,9288
1313,聯成,5,2,3,凱基-埔墘,2023-11-15,9288
1519,華城,13,10,3,凱基-埔墘,2023-11-15,9288
2204,中華,3,0,3,凱基-埔墘,2023-11-15,9288
2355,敬鵬,3,0,3,凱基-埔墘,2023-11-15,9288
2359,所羅門,3,0,3,凱基-埔墘,2023-11-15,9288
2516,新建,4,1,3,凱基-埔墘,2023-11-15,9288
3041,揚智,4,1,3,凱基-埔墘,2023-11-15,9288
3094,聯傑,4,1,3,凱基-埔墘,2023-11-15,9288
3450,聯鈞,3,0,3,凱基-埔墘,2023-11-15,9288
6179,亞通,3,0,3,凱基-埔墘,2023-11-15,9288
00929,復華台灣科技優息,121,9,112,凱基-埔墘,2023-11-16,9288
00919,群益台灣精選高息,82,0,82,凱基-埔墘,2023-11-16,9288
00878,國泰永續高股息,242,160,82,凱基-埔墘,2023-11-16,9288
2312,金寶,57,2,55,凱基-埔墘,2023-11-16,9288
2888,新光金,71,19,52,凱基-埔墘,2023-11-16,9288
6282,康舒,50,0,50,凱基-埔墘,2023-11-16,9288
1522,堤維西,50,1,49,凱基-埔墘,2023-11-16,9288
2014,中鴻,40,0,40,凱基-埔墘,2023-11-16,9288
2610,華航,37,4,33,凱基-埔墘,2023-11-16,9288
2106,建大,22,0,22,凱基-埔墘,2023-11-16,9288
3055,蔚華科,20,0,20,凱基-埔墘,2023-11-16,9288
5521,工信,20,0,20,凱基-埔墘,2023-11-16,9288
2388,威盛,25,5,20,凱基-埔墘,2023-11-16,9288
2369,菱生,21,3,18,凱基-埔墘,2023-11-16,9288
00690,兆豐藍籌30,16,0,16,凱基-埔墘,2023-11-16,9288
5512,力麒,15,0,15,凱基-埔墘,2023-11-16,9288
6129,普誠,13,0,13,凱基-埔墘,2023-11-16,9288
2417,圓剛,25,13,12,凱基-埔墘,2023-11-16,9288
00632R,元大台灣50反1,10,0,10,凱基-埔墘,2023-11-16,9288
2105,正新,10,0,10,凱基-埔墘,2023-11-16,9288
2308,台達電,10,0,10,凱基-埔墘,2023-11-16,9288
4164,承業醫,20,10,10,凱基-埔墘,2023-11-16,9288
5234,達興材料,20,10,10,凱基-埔墘,2023-11-16,9288
00857B,永豐20年美公債,9,0,9,凱基-埔墘,2023-11-16,9288
2516,新建,10,1,9,凱基-埔墘,2023-11-16,9288
4147,中裕,7,0,7,凱基-埔墘,2023-11-16,9288
00687B,國泰20年美債,7,0,7,凱基-埔墘,2023-11-16,9288
00680L,元大美債20正2,7,0,7,凱基-埔墘,2023-11-16,9288
00933B,國泰10Y+金融債,6,0,6,凱基-埔墘,2023-11-16,9288
00715L,期街口布蘭特正2,6,0,6,凱基-埔墘,2023-11-16,9288
2329,華泰,40,34,6,凱基-埔墘,2023-11-16,9288
3041,揚智,6,0,6,凱基-埔墘,2023-11-16,9288
5009,榮剛,13,7,6,凱基-埔墘,2023-11-16,9288
2303,聯電,6,1,5,凱基-埔墘,2023-11-16,9288
00756B,群益投等新興公債,5,0,5,凱基-埔墘,2023-11-16,9288
00679B,元大美債20年,5,0,5,凱基-埔墘,2023-11-16,9288
1504,東元,6,1,5,凱基-埔墘,2023-11-16,9288
6104,創惟,5,0,5,凱基-埔墘,2023-11-16,9288
8033,雷虎,5,0,5,凱基-埔墘,2023-11-16,9288
00664R,國泰臺灣加權反1,4,0,4,凱基-埔墘,2023-11-16,9288
00640L,富邦日本正2,4,0,4,凱基-埔墘,2023-11-16,9288
00927,群益半導體收益,4,0,4,凱基-埔墘,2023-11-16,9288
1584,精剛,4,0,4,凱基-埔墘,2023-11-16,9288
2027,大成鋼,8,4,4,凱基-埔墘,2023-11-16,9288
2368,金像電,4,0,4,凱基-埔墘,2023-11-16,9288
2449,京元電子,4,0,4,凱基-埔墘,2023-11-16,9288
8112,至上,4,0,4,凱基-埔墘,2023-11-16,9288
6456,GIS-KY,3,0,3,凱基-埔墘,2023-11-16,9288
1605,華新,9,6,3,凱基-埔墘,2023-11-16,9288
2454,聯發科,3,0,3,凱基-埔墘,2023-11-16,9288
5531,鄉林,100,0,100,凱基-埔墘,2023-11-17,9288
00680L,元大美債20正2,56,0,56,凱基-埔墘,2023-11-17,9288
2312,金寶,43,0,43,凱基-埔墘,2023-11-17,9288
6026,福邦證,40,0,40,凱基-埔墘,2023-11-17,9288
6284,佳邦,34,2,32,凱基-埔墘,2023-11-17,9288
00687B,國泰20年美債,24,0,24,凱基-埔墘,2023-11-17,9288
5706,鳳凰,28,5,23,凱基-埔墘,2023-11-17,9288
4147,中裕,20,0,20,凱基-埔墘,2023-11-17,9288
00708L,期元大S＆P黃金正2,20,0,20,凱基-埔墘,2023-11-17,9288
3706,神達,40,20,20,凱基-埔墘,2023-11-17,9288
2344,華邦電,25,6,19,凱基-埔墘,2023-11-17,9288
00642U,期元大S＆P石油,14,0,14,凱基-埔墘,2023-11-17,9288
2363,矽統,40,26,14,凱基-埔墘,2023-11-17,9288
1503,士電,11,0,11,凱基-埔墘,2023-11-17,9288
00753L,中信中國50正2,11,0,11,凱基-埔墘,2023-11-17,9288
2002,中鋼,11,0,11,凱基-埔墘,2023-11-17,9288
00929,復華台灣科技優息,24,13,11,凱基-埔墘,2023-11-17,9288
00919,群益台灣精選高息,11,1,10,凱基-埔墘,2023-11-17,9288
00918,大華優利高填息30,10,0,10,凱基-埔墘,2023-11-17,9288
00690,兆豐藍籌30,10,0,10,凱基-埔墘,2023-11-17,9288
00713,元大台灣高息低波,10,0,10,凱基-埔墘,2023-11-17,9288
2313,華通,35,25,10,凱基-埔墘,2023-11-17,9288
3055,蔚華科,10,0,10,凱基-埔墘,2023-11-17,9288
3588,通嘉,12,2,10,凱基-埔墘,2023-11-17,9288
5533,皇鼎,10,0,10,凱基-埔墘,2023-11-17,9288
6446,藥華藥,13,3,10,凱基-埔墘,2023-11-17,9288
00637L,元大滬深300正2,11,2,9,凱基-埔墘,2023-11-17,9288
3715,定穎投控,11,2,9,凱基-埔墘,2023-11-17,9288
00751B,元大AAA至A公司債,10,2,8,凱基-埔墘,2023-11-17,9288
2369,菱生,22,14,8,凱基-埔墘,2023-11-17,9288
3701,大眾控,81,73,8,凱基-埔墘,2023-11-17,9288
8034,榮群,9,1,8,凱基-埔墘,2023-11-17,9288
8222,寶一,8,0,8,凱基-埔墘,2023-11-17,9288
6233,旺玖,8,1,7,凱基-埔墘,2023-11-17,9288
1217,愛之味,6,0,6,凱基-埔墘,2023-11-17,9288
2230,泰茂,6,0,6,凱基-埔墘,2023-11-17,9288
2329,華泰,15,9,6,凱基-埔墘,2023-11-17,9288
2637,慧洋-KY,6,0,6,凱基-埔墘,2023-11-17,9288
6180,橘子,6,0,6,凱基-埔墘,2023-11-17,9288
2027,大成鋼,6,0,6,凱基-埔墘,2023-11-17,9288
1795,美時,8,2,6,凱基-埔墘,2023-11-17,9288
00715L,期街口布蘭特正2,9,4,5,凱基-埔墘,2023-11-17,9288
00934,中信成長高股息,5,0,5,凱基-埔墘,2023-11-17,9288
1714,和桐,5,0,5,凱基-埔墘,2023-11-17,9288
2338,光罩,5,0,5,凱基-埔墘,2023-11-17,9288
2390,云辰,5,0,5,凱基-埔墘,2023-11-17,9288
2905,三商,5,0,5,凱基-埔墘,2023-11-17,9288
3059,華晶科,5,0,5,凱基-埔墘,2023-11-17,9288
5234,達興材料,15,10,5,凱基-埔墘,2023-11-17,9288
6271,同欣電,5,0,5,凱基-埔墘,2023-11-17,9288
00680L,元大美債20正2,403,0,403,凱基-埔墘,2023-11-20,9288
3228,金麗科,149,0,149,凱基-埔墘,2023-11-20,9288
2312,金寶,110,0,110,凱基-埔墘,2023-11-20,9288
2317,鴻海,103,2,101,凱基-埔墘,2023-11-20,9288
4979,華星光,66,0,66,凱基-埔墘,2023-11-20,9288
5471,松翰,42,2,40,凱基-埔墘,2023-11-20,9288
6129,普誠,40,0,40,凱基-埔墘,2023-11-20,9288
6901,鑽石投資,26,0,26,凱基-埔墘,2023-11-20,9288
00690,兆豐藍籌30,20,0,20,凱基-埔墘,2023-11-20,9288
1727,中華化,20,0,20,凱基-埔墘,2023-11-20,9288
00919,群益台灣精選高息,15,3,12,凱基-埔墘,2023-11-20,9288
2332,友訊,12,0,12,凱基-埔墘,2023-11-20,9288
2369,菱生,13,1,12,凱基-埔墘,2023-11-20,9288
2610,華航,13,3,10,凱基-埔墘,2023-11-20,9288
6182,合晶,10,0,10,凱基-埔墘,2023-11-20,9288
2454,聯發科,10,1,9,凱基-埔墘,2023-11-20,9288
4129,聯合,10,1,9,凱基-埔墘,2023-11-20,9288
00795B,中信美國公債20年,8,0,8,凱基-埔墘,2023-11-20,9288
1718,中纖,8,0,8,凱基-埔墘,2023-11-20,9288
9945,潤泰新,7,0,7,凱基-埔墘,2023-11-20,9288
00902,中信電池及儲能,6,0,6,凱基-埔墘,2023-11-20,9288
3324,雙鴻,6,0,6,凱基-埔墘,2023-11-20,9288
6418,詠昇,9,3,6,凱基-埔墘,2023-11-20,9288
1217,愛之味,5,0,5,凱基-埔墘,2023-11-20,9288
00885,富邦越南,5,0,5,凱基-埔墘,2023-11-20,9288
1513,中興電,5,0,5,凱基-埔墘,2023-11-20,9288
2023,燁輝,5,0,5,凱基-埔墘,2023-11-20,9288
2637,慧洋-KY,5,0,5,凱基-埔墘,2023-11-20,9288
2731,雄獅,5,0,5,凱基-埔墘,2023-11-20,9288
2883,凱基金,5,0,5,凱基-埔墘,2023-11-20,9288
6443,元晶,5,0,5,凱基-埔墘,2023-11-20,9288
6589,台康生技,5,0,5,凱基-埔墘,2023-11-20,9288
8044,網家,5,0,5,凱基-埔墘,2023-11-20,9288
8068,全達,5,0,5,凱基-埔墘,2023-11-20,9288
8222,寶一,5,0,5,凱基-埔墘,2023-11-20,9288
1342,八貫,5,0,5,凱基-埔墘,2023-11-20,9288
00679B,元大美債20年,4,0,4,凱基-埔墘,2023-11-20,9288
00857B,永豐20年美公債,4,0,4,凱基-埔墘,2023-11-20,9288
2409,友達,4,0,4,凱基-埔墘,2023-11-20,9288
3491,昇達科,15,11,4,凱基-埔墘,2023-11-20,9288
6451,訊芯-KY,5,1,4,凱基-埔墘,2023-11-20,9288
6456,GIS-KY,4,0,4,凱基-埔墘,2023-11-20,9288
00933B,國泰10Y+金融債,3,0,3,凱基-埔墘,2023-11-20,9288
00632R,元大台灣50反1,3,0,3,凱基-埔墘,2023-11-20,9288
1795,美時,6,3,3,凱基-埔墘,2023-11-20,9288
3035,智原,4,1,3,凱基-埔墘,2023-11-20,9288
3227,原相,8,5,3,凱基-埔墘,2023-11-20,9288
3272,東碩,3,0,3,凱基-埔墘,2023-11-20,9288
4976,佳凌,5,2,3,凱基-埔墘,2023-11-20,9288
8255,朋程,3,0,3,凱基-埔墘,2023-11-20,9288
00680L,元大美債20正2,405,1,404,凱基-埔墘,2023-11-21,9288
00933B,國泰10Y+金融債,78,0,78,凱基-埔墘,2023-11-21,9288
00632R,元大台灣50反1,67,0,67,凱基-埔墘,2023-11-21,9288
00641R,富邦日本反1,60,0,60,凱基-埔墘,2023-11-21,9288
2610,華航,60,0,60,凱基-埔墘,2023-11-21,9288
00929,復華台灣科技優息,56,3,53,凱基-埔墘,2023-11-21,9288
2454,聯發科,53,2,51,凱基-埔墘,2023-11-21,9288
00679B,元大美債20年,39,0,39,凱基-埔墘,2023-11-21,9288
2461,光群雷,39,1,38,凱基-埔墘,2023-11-21,9288
00673R,期元大S＆P原油反1,30,0,30,凱基-埔墘,2023-11-21,9288
6120,達運,28,0,28,凱基-埔墘,2023-11-21,9288
6603,富強鑫,23,0,23,凱基-埔墘,2023-11-21,9288
1609,大亞,27,6,21,凱基-埔墘,2023-11-21,9288
8033,雷虎,15,0,15,凱基-埔墘,2023-11-21,9288
2344,華邦電,16,2,14,凱基-埔墘,2023-11-21,9288
6125,廣運,17,5,12,凱基-埔墘,2023-11-21,9288
6233,旺玖,12,0,12,凱基-埔墘,2023-11-21,9288
00919,群益台灣精選高息,10,0,10,凱基-埔墘,2023-11-21,9288
00687B,國泰20年美債,10,0,10,凱基-埔墘,2023-11-21,9288
2329,華泰,16,6,10,凱基-埔墘,2023-11-21,9288
4142,國光生,10,0,10,凱基-埔墘,2023-11-21,9288
9103,美德醫療-DR,10,0,10,凱基-埔墘,2023-11-21,9288
3041,揚智,22,13,9,凱基-埔墘,2023-11-21,9288
5236,凌陽創新,10,1,9,凱基-埔墘,2023-11-21,9288
6235,華孚,11,3,8,凱基-埔墘,2023-11-21,9288
2330,台積電,20,13,7,凱基-埔墘,2023-11-21,9288
2363,矽統,10,3,7,凱基-埔墘,2023-11-21,9288
2838,聯邦銀,7,0,7,凱基-埔墘,2023-11-21,9288
3356,奇偶,7,0,7,凱基-埔墘,2023-11-21,9288
2376,技嘉,13,7,6,凱基-埔墘,2023-11-21,9288
2023,燁輝,6,0,6,凱基-埔墘,2023-11-21,9288
2449,京元電子,6,0,6,凱基-埔墘,2023-11-21,9288
2891,中信金,7,1,6,凱基-埔墘,2023-11-21,9288
5347,世界,8,2,6,凱基-埔墘,2023-11-21,9288
5465,富驊,13,7,6,凱基-埔墘,2023-11-21,9288
1714,和桐,5,0,5,凱基-埔墘,2023-11-21,9288
2406,國碩,5,0,5,凱基-埔墘,2023-11-21,9288
3257,虹冠電,7,2,5,凱基-埔墘,2023-11-21,9288
3715,定穎投控,14,9,5,凱基-埔墘,2023-11-21,9288
6550,北極星藥業-KY,5,0,5,凱基-埔墘,2023-11-21,9288
6789,采鈺,8,3,5,凱基-埔墘,2023-11-21,9288
8358,金居,5,0,5,凱基-埔墘,2023-11-21,9288
9944,新麗,5,0,5,凱基-埔墘,2023-11-21,9288
8054,安國,4,0,4,凱基-埔墘,2023-11-21,9288
2355,敬鵬,6,2,4,凱基-埔墘,2023-11-21,9288
2401,凌陽,5,1,4,凱基-埔墘,2023-11-21,9288
2618,長榮航,4,0,4,凱基-埔墘,2023-11-21,9288
2634,漢翔,4,0,4,凱基-埔墘,2023-11-21,9288
4951,精拓科,5,1,4,凱基-埔墘,2023-11-21,9288
6116,彩晶,4,0,4,凱基-埔墘,2023-11-21,9288
3227,原相,311,0,311,凱基-埔墘,2023-11-22,9288
3049,精金,108,1,107,凱基-埔墘,2023-11-22,9288
2883,凱基金,113,18,95,凱基-埔墘,2023-11-22,9288
00919,群益台灣精選高息,86,0,86,凱基-埔墘,2023-11-22,9288
00915,凱基優選高股息30,63,0,63,凱基-埔墘,2023-11-22,9288
2388,威盛,40,4,36,凱基-埔墘,2023-11-22,9288
2405,輔信,35,1,34,凱基-埔墘,2023-11-22,9288
2312,金寶,33,0,33,凱基-埔墘,2023-11-22,9288
00888,永豐台灣ESG,22,0,22,凱基-埔墘,2023-11-22,9288
5706,鳳凰,23,1,22,凱基-埔墘,2023-11-22,9288
00878,國泰永續高股息,21,0,21,凱基-埔墘,2023-11-22,9288
00641R,富邦日本反1,20,0,20,凱基-埔墘,2023-11-22,9288
2449,京元電子,20,0,20,凱基-埔墘,2023-11-22,9288
6261,久元,20,0,20,凱基-埔墘,2023-11-22,9288
3231,緯創,18,0,18,凱基-埔墘,2023-11-22,9288
00679B,元大美債20年,16,0,16,凱基-埔墘,2023-11-22,9288
2382,廣達,17,1,16,凱基-埔墘,2023-11-22,9288
00936,台新永續高息中小,17,2,15,凱基-埔墘,2023-11-22,9288
1727,中華化,35,20,15,凱基-埔墘,2023-11-22,9288
4401,東隆興,15,0,15,凱基-埔墘,2023-11-22,9288
8222,寶一,15,0,15,凱基-埔墘,2023-11-22,9288
6603,富強鑫,14,0,14,凱基-埔墘,2023-11-22,9288
2888,新光金,13,0,13,凱基-埔墘,2023-11-22,9288
00934,中信成長高股息,12,0,12,凱基-埔墘,2023-11-22,9288
2356,英業達,15,3,12,凱基-埔墘,2023-11-22,9288
6245,立端,12,1,11,凱基-埔墘,2023-11-22,9288
00795B,中信美國公債20年,10,0,10,凱基-埔墘,2023-11-22,9288
1314,中石化,10,0,10,凱基-埔墘,2023-11-22,9288
2457,飛宏,11,1,10,凱基-埔墘,2023-11-22,9288
2516,新建,10,0,10,凱基-埔墘,2023-11-22,9288
00751B,元大AAA至A公司債,10,1,9,凱基-埔墘,2023-11-22,9288
1722,台肥,9,0,9,凱基-埔墘,2023-11-22,9288
4952,凌通,10,1,9,凱基-埔墘,2023-11-22,9288
4960,誠美材,13,4,9,凱基-埔墘,2023-11-22,9288
00900,富邦特選高股息30,8,0,8,凱基-埔墘,2023-11-22,9288
2363,矽統,24,16,8,凱基-埔墘,2023-11-22,9288
00905,FT臺灣Smart,7,0,7,凱基-埔墘,2023-11-22,9288
2351,順德,7,0,7,凱基-埔墘,2023-11-22,9288
3176,基亞,7,0,7,凱基-埔墘,2023-11-22,9288
3701,大眾控,7,0,7,凱基-埔墘,2023-11-22,9288
0056,元大高股息,7,0,7,凱基-埔墘,2023-11-22,9288
2606,裕民,6,0,6,凱基-埔墘,2023-11-22,9288
8046,南電,6,0,6,凱基-埔墘,2023-11-22,9288
00713,元大台灣高息低波,6,0,6,凱基-埔墘,2023-11-22,9288
2023,燁輝,6,0,6,凱基-埔墘,2023-11-22,9288
2353,宏��,6,0,6,凱基-埔墘,2023-11-22,9288
4744,皇將,11,5,6,凱基-埔墘,2023-11-22,9288
4951,精拓科,8,2,6,凱基-埔墘,2023-11-22,9288
1342,八貫,6,0,6,凱基-埔墘,2023-11-22,9288
6526,達發,6,1,5,凱基-埔墘,2023-11-22,9288
1449,佳和,135,5,130,凱基-埔墘,2023-11-23,9288
2515,中工,71,0,71,凱基-埔墘,2023-11-23,9288
2312,金寶,71,10,61,凱基-埔墘,2023-11-23,9288
2313,華通,82,24,58,凱基-埔墘,2023-11-23,9288
8358,金居,46,10,36,凱基-埔墘,2023-11-23,9288
3228,金麗科,33,0,33,凱基-埔墘,2023-11-23,9288
6603,富強鑫,30,0,30,凱基-埔墘,2023-11-23,9288
3339,泰谷,25,0,25,凱基-埔墘,2023-11-23,9288
6168,宏齊,25,1,24,凱基-埔墘,2023-11-23,9288
6290,良維,24,0,24,凱基-埔墘,2023-11-23,9288
1471,首利,20,0,20,凱基-埔墘,2023-11-23,9288
00900,富邦特選高股息30,17,0,17,凱基-埔墘,2023-11-23,9288
00878,國泰永續高股息,17,0,17,凱基-埔墘,2023-11-23,9288
6282,康舒,38,22,16,凱基-埔墘,2023-11-23,9288
2401,凌陽,17,1,16,凱基-埔墘,2023-11-23,9288
3122,笙泉,24,9,15,凱基-埔墘,2023-11-23,9288
6285,啟��,26,11,15,凱基-埔墘,2023-11-23,9288
5351,鈺創,22,7,15,凱基-埔墘,2023-11-23,9288
1513,中興電,16,2,14,凱基-埔墘,2023-11-23,9288
2317,鴻海,13,0,13,凱基-埔墘,2023-11-23,9288
5009,榮剛,16,4,12,凱基-埔墘,2023-11-23,9288
2891,中信金,12,1,11,凱基-埔墘,2023-11-23,9288
3325,旭品,10,0,10,凱基-埔墘,2023-11-23,9288
2405,輔信,12,3,9,凱基-埔墘,2023-11-23,9288
6418,詠昇,10,1,9,凱基-埔墘,2023-11-23,9288
2461,光群雷,7,0,7,凱基-埔墘,2023-11-23,9288
3059,華晶科,10,3,7,凱基-埔墘,2023-11-23,9288
5521,工信,9,2,7,凱基-埔墘,2023-11-23,9288
6719,力智,10,3,7,凱基-埔墘,2023-11-23,9288
6139,亞翔,6,0,6,凱基-埔墘,2023-11-23,9288
2615,萬海,6,0,6,凱基-埔墘,2023-11-23,9288
2352,佳世達,6,0,6,凱基-埔墘,2023-11-23,9288
4167,松瑞藥,7,1,6,凱基-埔墘,2023-11-23,9288
5258,虹堡,6,0,6,凱基-埔墘,2023-11-23,9288
2356,英業達,7,2,5,凱基-埔墘,2023-11-23,9288
00753L,中信中國50正2,6,1,5,凱基-埔墘,2023-11-23,9288
00687B,國泰20年美債,5,0,5,凱基-埔墘,2023-11-23,9288
2442,新美齊,5,0,5,凱基-埔墘,2023-11-23,9288
3701,大眾控,5,0,5,凱基-埔墘,2023-11-23,9288
5340,建榮,8,3,5,凱基-埔墘,2023-11-23,9288
5515,建國,5,0,5,凱基-埔墘,2023-11-23,9288
6126,信音,5,0,5,凱基-埔墘,2023-11-23,9288
6129,普誠,10,5,5,凱基-埔墘,2023-11-23,9288
6216,居易,5,0,5,凱基-埔墘,2023-11-23,9288
6456,GIS-KY,6,1,5,凱基-埔墘,2023-11-23,9288
3362,先進光,12,7,5,凱基-埔墘,2023-11-23,9288
1464,得力,4,0,4,凱基-埔墘,2023-11-23,9288
00637L,元大滬深300正2,4,0,4,凱基-埔墘,2023-11-23,9288
00676R,富邦臺灣加權反1,4,0,4,凱基-埔墘,2023-11-23,9288
00715L,期街口布蘭特正2,4,0,4,凱基-埔墘,2023-11-23,9288
00878,國泰永續高股息,165,0,165,凱基-埔墘,2023-11-24,9288
00642U,期元大S＆P石油,100,0,100,凱基-埔墘,2023-11-24,9288
1605,華新,74,0,74,凱基-埔墘,2023-11-24,9288
6173,信昌電,61,8,53,凱基-埔墘,2023-11-24,9288
3694,海華,36,1,35,凱基-埔墘,2023-11-24,9288
2610,華航,32,2,30,凱基-埔墘,2023-11-24,9288
3228,金麗科,30,1,29,凱基-埔墘,2023-11-24,9288
6235,華孚,22,1,21,凱基-埔墘,2023-11-24,9288
3706,神達,21,0,21,凱基-埔墘,2023-11-24,9288
2454,聯發科,21,0,21,凱基-埔墘,2023-11-24,9288
00641R,富邦日本反1,20,0,20,凱基-埔墘,2023-11-24,9288
6462,神盾,18,2,16,凱基-埔墘,2023-11-24,9288
00935,野村臺灣新科技50,15,0,15,凱基-埔墘,2023-11-24,9288
4714,永捷,15,0,15,凱基-埔墘,2023-11-24,9288
00687B,國泰20年美債,14,0,14,凱基-埔墘,2023-11-24,9288
6550,北極星藥業-KY,14,0,14,凱基-埔墘,2023-11-24,9288
1471,首利,12,0,12,凱基-埔墘,2023-11-24,9288
2891,中信金,11,0,11,凱基-埔墘,2023-11-24,9288
4956,光鋐,14,3,11,凱基-埔墘,2023-11-24,9288
8044,網家,11,0,11,凱基-埔墘,2023-11-24,9288
00751B,元大AAA至A公司債,10,0,10,凱基-埔墘,2023-11-24,9288
2337,旺宏,10,0,10,凱基-埔墘,2023-11-24,9288
2645,長榮航太,10,0,10,凱基-埔墘,2023-11-24,9288
6188,廣明,10,0,10,凱基-埔墘,2023-11-24,9288
6284,佳邦,10,0,10,凱基-埔墘,2023-11-24,9288
8383,千附,10,0,10,凱基-埔墘,2023-11-24,9288
00679B,元大美債20年,9,0,9,凱基-埔墘,2023-11-24,9288
3049,精金,8,0,8,凱基-埔墘,2023-11-24,9288
2606,裕民,10,2,8,凱基-埔墘,2023-11-24,9288
2369,菱生,8,1,7,凱基-埔墘,2023-11-24,9288
4960,誠美材,20,13,7,凱基-埔墘,2023-11-24,9288
2023,燁輝,6,0,6,凱基-埔墘,2023-11-24,9288
2312,金寶,6,0,6,凱基-埔墘,2023-11-24,9288
2313,華通,18,12,6,凱基-埔墘,2023-11-24,9288
3122,笙泉,6,0,6,凱基-埔墘,2023-11-24,9288
8176,智捷,6,0,6,凱基-埔墘,2023-11-24,9288
3437,榮創,10,5,5,凱基-埔墘,2023-11-24,9288
00688L,國泰20年美債正2,5,0,5,凱基-埔墘,2023-11-24,9288
2618,長榮航,10,5,5,凱基-埔墘,2023-11-24,9288
8054,安國,11,6,5,凱基-埔墘,2023-11-24,9288
5351,鈺創,6,1,5,凱基-埔墘,2023-11-24,9288
2401,凌陽,5,0,5,凱基-埔墘,2023-11-24,9288
1718,中纖,4,0,4,凱基-埔墘,2023-11-24,9288
3217,優群,5,1,4,凱基-埔墘,2023-11-24,9288
3704,合勤控,5,1,4,凱基-埔墘,2023-11-24,9288
5347,世界,8,4,4,凱基-埔墘,2023-11-24,9288
6684,安格,5,2,3,凱基-埔墘,2023-11-24,9288
3163,波若威,3,0,3,凱基-埔墘,2023-11-24,9288
1519,華城,10,7,3,凱基-埔墘,2023-11-24,9288
1319,東陽,3,0,3,凱基-埔墘,2023-11-24,9288
00715L,期街口布蘭特正2,94,0,94,凱基-埔墘,2023-11-27,9288
00637L,元大滬深300正2,84,0,84,凱基-埔墘,2023-11-27,9288
2313,華通,64,29,35,凱基-埔墘,2023-11-27,9288
00934,中信成長高股息,22,0,22,凱基-埔墘,2023-11-27,9288
00641R,富邦日本反1,20,0,20,凱基-埔墘,2023-11-27,9288
9938,百和,20,0,20,凱基-埔墘,2023-11-27,9288
3437,榮創,24,6,18,凱基-埔墘,2023-11-27,9288
1815,富喬,14,0,14,凱基-埔墘,2023-11-27,9288
2330,台積電,13,0,13,凱基-埔墘,2023-11-27,9288
00921,兆豐龍頭等權重,13,0,13,凱基-埔墘,2023-11-27,9288
1514,亞力,22,10,12,凱基-埔墘,2023-11-27,9288
3521,鴻翊,10,0,10,凱基-埔墘,2023-11-27,9288
00720B,元大投資級公司債,10,0,10,凱基-埔墘,2023-11-27,9288
2317,鴻海,11,1,10,凱基-埔墘,2023-11-27,9288
3024,憶聲,10,0,10,凱基-埔墘,2023-11-27,9288
4133,亞諾法,10,0,10,凱基-埔墘,2023-11-27,9288
4114,健喬,9,0,9,凱基-埔墘,2023-11-27,9288
8234,新漢,9,0,9,凱基-埔墘,2023-11-27,9288
00713,元大台灣高息低波,7,0,7,凱基-埔墘,2023-11-27,9288
00878,國泰永續高股息,7,0,7,凱基-埔墘,2023-11-27,9288
00753L,中信中國50正2,7,0,7,凱基-埔墘,2023-11-27,9288
6112,邁達特,7,0,7,凱基-埔墘,2023-11-27,9288
2353,宏��,6,0,6,凱基-埔墘,2023-11-27,9288
3045,台灣大,9,3,6,凱基-埔墘,2023-11-27,9288
8086,宏捷科,14,9,5,凱基-埔墘,2023-11-27,9288
2618,長榮航,5,0,5,凱基-埔墘,2023-11-27,9288
2888,新光金,5,0,5,凱基-埔墘,2023-11-27,9288
3406,玉晶光,5,0,5,凱基-埔墘,2023-11-27,9288
6612,奈米醫材,5,0,5,凱基-埔墘,2023-11-27,9288
2382,廣達,8,4,4,凱基-埔墘,2023-11-27,9288
0056,元大高股息,4,0,4,凱基-埔墘,2023-11-27,9288
3231,緯創,14,10,4,凱基-埔墘,2023-11-27,9288
1609,大亞,4,0,4,凱基-埔墘,2023-11-27,9288
1701,中化,10,6,4,凱基-埔墘,2023-11-27,9288
1718,中纖,4,0,4,凱基-埔墘,2023-11-27,9288
2354,鴻準,4,0,4,凱基-埔墘,2023-11-27,9288
2609,陽明,4,0,4,凱基-埔墘,2023-11-27,9288
3701,大眾控,4,0,4,凱基-埔墘,2023-11-27,9288
3715,定穎投控,10,6,4,凱基-埔墘,2023-11-27,9288
4401,東隆興,4,0,4,凱基-埔墘,2023-11-27,9288
4915,致伸,4,0,4,凱基-埔墘,2023-11-27,9288
5278,尚凡*,4,0,4,凱基-埔墘,2023-11-27,9288
1319,東陽,6,2,4,凱基-埔墘,2023-11-27,9288
8112,至上,3,0,3,凱基-埔墘,2023-11-27,9288
1471,首利,3,0,3,凱基-埔墘,2023-11-27,9288
1449,佳和,3,0,3,凱基-埔墘,2023-11-27,9288
00642U,期元大S＆P石油,3,0,3,凱基-埔墘,2023-11-27,9288
1795,美時,6,3,3,凱基-埔墘,2023-11-27,9288
2355,敬鵬,3,0,3,凱基-埔墘,2023-11-27,9288
2489,瑞軒,3,0,3,凱基-埔墘,2023-11-27,9288
00929,復華台灣科技優息,113,1,112,凱基-埔墘,2023-11-28,9288
00632R,元大台灣50反1,100,0,100,凱基-埔墘,2023-11-28,9288
2486,一詮,30,0,30,凱基-埔墘,2023-11-28,9288
3489,森寶,30,0,30,凱基-埔墘,2023-11-28,9288
6235,華孚,34,4,30,凱基-埔墘,2023-11-28,9288
2605,新興,32,8,24,凱基-埔墘,2023-11-28,9288
2363,矽統,28,10,18,凱基-埔墘,2023-11-28,9288
00885,富邦越南,17,0,17,凱基-埔墘,2023-11-28,9288
2402,毅嘉,30,14,16,凱基-埔墘,2023-11-28,9288
3149,正達,15,0,15,凱基-埔墘,2023-11-28,9288
00923,群益台ESG低碳50,15,0,15,凱基-埔墘,2023-11-28,9288
1101,台泥,19,5,14,凱基-埔墘,2023-11-28,9288
6418,詠昇,13,0,13,凱基-埔墘,2023-11-28,9288
3231,緯創,15,3,12,凱基-埔墘,2023-11-28,9288
2105,正新,12,0,12,凱基-埔墘,2023-11-28,9288
2352,佳世達,11,0,11,凱基-埔墘,2023-11-28,9288
2615,萬海,10,0,10,凱基-埔墘,2023-11-28,9288
8383,千附,10,0,10,凱基-埔墘,2023-11-28,9288
6288,聯嘉,9,0,9,凱基-埔墘,2023-11-28,9288
00637L,元大滬深300正2,7,0,7,凱基-埔墘,2023-11-28,9288
4114,健喬,14,7,7,凱基-埔墘,2023-11-28,9288
5215,科嘉-KY,6,0,6,凱基-埔墘,2023-11-28,9288
00934,中信成長高股息,5,0,5,凱基-埔墘,2023-11-28,9288
2442,新美齊,5,0,5,凱基-埔墘,2023-11-28,9288
5351,鈺創,5,0,5,凱基-埔墘,2023-11-28,9288
5531,鄉林,5,0,5,凱基-埔墘,2023-11-28,9288
6122,擎邦,5,0,5,凱基-埔墘,2023-11-28,9288
6271,同欣電,5,0,5,凱基-埔墘,2023-11-28,9288
8163,達方,5,0,5,凱基-埔墘,2023-11-28,9288
8176,智捷,5,0,5,凱基-埔墘,2023-11-28,9288
2303,聯電,4,0,4,凱基-埔墘,2023-11-28,9288
2382,廣達,5,1,4,凱基-埔墘,2023-11-28,9288
6282,康舒,10,6,4,凱基-埔墘,2023-11-28,9288
00712,復華富時不動產,4,0,4,凱基-埔墘,2023-11-28,9288
2353,宏��,6,2,4,凱基-埔墘,2023-11-28,9288
2355,敬鵬,5,1,4,凱基-埔墘,2023-11-28,9288
4967,十銓,4,0,4,凱基-埔墘,2023-11-28,9288
6245,立端,6,2,4,凱基-埔墘,2023-11-28,9288
8942,森鉅,4,0,4,凱基-埔墘,2023-11-28,9288
2002,中鋼,4,1,3,凱基-埔墘,2023-11-28,9288
00680L,元大美債20正2,3,0,3,凱基-埔墘,2023-11-28,9288
2354,鴻準,3,0,3,凱基-埔墘,2023-11-28,9288
2610,華航,3,0,3,凱基-埔墘,2023-11-28,9288
3024,憶聲,3,0,3,凱基-埔墘,2023-11-28,9288
3376,新日興,9,6,3,凱基-埔墘,2023-11-28,9288
4528,江興鍛,3,0,3,凱基-埔墘,2023-11-28,9288
6139,亞翔,4,1,3,凱基-埔墘,2023-11-28,9288
6446,藥華藥,3,0,3,凱基-埔墘,2023-11-28,9288
3623,富晶通,2,0,2,凱基-埔墘,2023-11-28,9288
1466,聚隆,4,2,2,凱基-埔墘,2023-11-28,9288
1616,億泰,100,0,100,凱基-埔墘,2023-11-29,9288
5347,世界,51,1,50,凱基-埔墘,2023-11-29,9288
2367,燿華,52,5,47,凱基-埔墘,2023-11-29,9288
6213,聯茂,40,0,40,凱基-埔墘,2023-11-29,9288
2401,凌陽,38,8,30,凱基-埔墘,2023-11-29,9288
5608,四維航,30,0,30,凱基-埔墘,2023-11-29,9288
3228,金麗科,29,0,29,凱基-埔墘,2023-11-29,9288
00637L,元大滬深300正2,27,0,27,凱基-埔墘,2023-11-29,9288
3231,緯創,28,2,26,凱基-埔墘,2023-11-29,9288
00673R,期元大S＆P原油反1,20,0,20,凱基-埔墘,2023-11-29,9288
9938,百和,20,0,20,凱基-埔墘,2023-11-29,9288
2356,英業達,23,5,18,凱基-埔墘,2023-11-29,9288
00680L,元大美債20正2,18,1,17,凱基-埔墘,2023-11-29,9288
3532,台勝科,17,0,17,凱基-埔墘,2023-11-29,9288
00885,富邦越南,15,0,15,凱基-埔墘,2023-11-29,9288
1718,中纖,12,0,12,凱基-埔墘,2023-11-29,9288
00936,台新永續高息中小,11,0,11,凱基-埔墘,2023-11-29,9288
6603,富強鑫,11,0,11,凱基-埔墘,2023-11-29,9288
2330,台積電,12,2,10,凱基-埔墘,2023-11-29,9288
1314,中石化,10,0,10,凱基-埔墘,2023-11-29,9288
2867,三商壽,10,0,10,凱基-埔墘,2023-11-29,9288
2883B,凱基金乙特,10,0,10,凱基-埔墘,2023-11-29,9288
6278,台表科,12,2,10,凱基-埔墘,2023-11-29,9288
9103,美德醫療-DR,10,0,10,凱基-埔墘,2023-11-29,9288
1815,富喬,10,1,9,凱基-埔墘,2023-11-29,9288
2618,長榮航,10,2,8,凱基-埔墘,2023-11-29,9288
6235,華孚,8,0,8,凱基-埔墘,2023-11-29,9288
00882,中信中國高股息,8,0,8,凱基-埔墘,2023-11-29,9288
00753L,中信中國50正2,7,0,7,凱基-埔墘,2023-11-29,9288
00935,野村臺灣新科技50,7,0,7,凱基-埔墘,2023-11-29,9288
3152,璟德,7,0,7,凱基-埔墘,2023-11-29,9288
3702,大聯大,7,0,7,凱基-埔墘,2023-11-29,9288
2377,微星,8,1,7,凱基-埔墘,2023-11-29,9288
00933B,國泰10Y+金融債,6,0,6,凱基-埔墘,2023-11-29,9288
2385,群光,6,0,6,凱基-埔墘,2023-11-29,9288
4966,譜瑞-KY,6,0,6,凱基-埔墘,2023-11-29,9288
6901,鑽石投資,6,0,6,凱基-埔墘,2023-11-29,9288
6443,元晶,5,0,5,凱基-埔墘,2023-11-29,9288
00904,新光臺灣半導體30,5,0,5,凱基-埔墘,2023-11-29,9288
00632R,元大台灣50反1,5,0,5,凱基-埔墘,2023-11-29,9288
2347,聯強,5,0,5,凱基-埔墘,2023-11-29,9288
2606,裕民,5,0,5,凱基-埔墘,2023-11-29,9288
2883,凱基金,13,8,5,凱基-埔墘,2023-11-29,9288
2888,新光金,5,0,5,凱基-埔墘,2023-11-29,9288
3041,揚智,5,0,5,凱基-埔墘,2023-11-29,9288
5258,虹堡,5,0,5,凱基-埔墘,2023-11-29,9288
6173,信昌電,8,3,5,凱基-埔墘,2023-11-29,9288
6243,迅杰,21,16,5,凱基-埔墘,2023-11-29,9288
9907,統一實,5,0,5,凱基-埔墘,2023-11-29,9288
1513,中興電,8,4,4,凱基-埔墘,2023-11-29,9288
2376,技嘉,306,4,302,凱基-埔墘,2023-11-30,9288
3013,晟銘電,103,0,103,凱基-埔墘,2023-11-30,9288
00888,永豐台灣ESG,100,0,100,凱基-埔墘,2023-11-30,9288
00929,復華台灣科技優息,103,10,93,凱基-埔墘,2023-11-30,9288
9103,美德醫療-DR,50,0,50,凱基-埔墘,2023-11-30,9288
00673R,期元大S＆P原油反1,39,0,39,凱基-埔墘,2023-11-30,9288
3276,宇環,25,0,25,凱基-埔墘,2023-11-30,9288
3520,華盈,20,0,20,凱基-埔墘,2023-11-30,9288
8222,寶一,19,0,19,凱基-埔墘,2023-11-30,9288
6243,迅杰,18,1,17,凱基-埔墘,2023-11-30,9288
4142,國光生,15,0,15,凱基-埔墘,2023-11-30,9288
2313,華通,33,18,15,凱基-埔墘,2023-11-30,9288
5483,中美晶,15,2,13,凱基-埔墘,2023-11-30,9288
8442,威宏-KY,13,0,13,凱基-埔墘,2023-11-30,9288
6180,橘子,21,9,12,凱基-埔墘,2023-11-30,9288
2365,昆盈,10,0,10,凱基-埔墘,2023-11-30,9288
3062,建漢,10,0,10,凱基-埔墘,2023-11-30,9288
4904,遠傳,10,0,10,凱基-埔墘,2023-11-30,9288
5347,世界,9,0,9,凱基-埔墘,2023-11-30,9288
6111,大宇資,11,2,9,凱基-埔墘,2023-11-30,9288
2324,仁寶,10,2,8,凱基-埔墘,2023-11-30,9288
4971,IET-KY,8,0,8,凱基-埔墘,2023-11-30,9288
4401,東隆興,7,0,7,凱基-埔墘,2023-11-30,9288
5272,笙科,7,0,7,凱基-埔墘,2023-11-30,9288
3437,榮創,6,0,6,凱基-埔墘,2023-11-30,9288
1314,中石化,5,0,5,凱基-埔墘,2023-11-30,9288
2630,亞航,6,1,5,凱基-埔墘,2023-11-30,9288
2707,晶華,5,0,5,凱基-埔墘,2023-11-30,9288
2905,三商,5,0,5,凱基-埔墘,2023-11-30,9288
3305,昇貿,5,0,5,凱基-埔墘,2023-11-30,9288
3322,建舜電,5,0,5,凱基-埔墘,2023-11-30,9288
3694,海華,5,0,5,凱基-埔墘,2023-11-30,9288
5302,太欣,5,0,5,凱基-埔墘,2023-11-30,9288
5309,系統電,5,0,5,凱基-埔墘,2023-11-30,9288
6118,建達,5,0,5,凱基-埔墘,2023-11-30,9288
8201,無敵,5,0,5,凱基-埔墘,2023-11-30,9288
2492,華新科,8,3,5,凱基-埔墘,2023-11-30,9288
8926,台汽電,5,0,5,凱基-埔墘,2023-11-30,9288
00637L,元大滬深300正2,10,6,4,凱基-埔墘,2023-11-30,9288
1303,南亞,4,0,4,凱基-埔墘,2023-11-30,9288
6282,康舒,4,0,4,凱基-埔墘,2023-11-30,9288
9919,康那香,7,3,4,凱基-埔墘,2023-11-30,9288
6684,安格,3,0,3,凱基-埔墘,2023-11-30,9288
8936,國統,5,2,3,凱基-埔墘,2023-11-30,9288
00772B,中信高評級公司債,3,0,3,凱基-埔墘,2023-11-30,9288
00753L,中信中國50正2,3,0,3,凱基-埔墘,2023-11-30,9288
00679B,元大美債20年,3,0,3,凱基-埔墘,2023-11-30,9288
1447,力鵬,3,0,3,凱基-埔墘,2023-11-30,9288
2328,廣宇,5,2,3,凱基-埔墘,2023-11-30,9288
2353,宏��,18,15,3,凱基-埔墘,2023-11-30,9288
00915,凱基優選高股息30,140,1,139,凱基-埔墘,2023-12-01,9288
00929,復華台灣科技優息,121,0,121,凱基-埔墘,2023-12-01,9288
00919,群益台灣精選高息,118,0,118,凱基-埔墘,2023-12-01,9288
00878,國泰永續高股息,80,20,60,凱基-埔墘,2023-12-01,9288
00715L,期街口布蘭特正2,58,2,56,凱基-埔墘,2023-12-01,9288
5328,華容,53,1,52,凱基-埔墘,2023-12-01,9288
2820,華票,40,0,40,凱基-埔墘,2023-12-01,9288
2317,鴻海,34,0,34,凱基-埔墘,2023-12-01,9288
2363,矽統,38,6,32,凱基-埔墘,2023-12-01,9288
6235,華孚,30,0,30,凱基-埔墘,2023-12-01,9288
5471,松翰,29,1,28,凱基-埔墘,2023-12-01,9288
9103,美德醫療-DR,25,0,25,凱基-埔墘,2023-12-01,9288
2007,燁興,22,0,22,凱基-埔墘,2023-12-01,9288
3041,揚智,28,7,21,凱基-埔墘,2023-12-01,9288
00637L,元大滬深300正2,18,0,18,凱基-埔墘,2023-12-01,9288
4956,光鋐,14,0,14,凱基-埔墘,2023-12-01,9288
2891,中信金,13,2,11,凱基-埔墘,2023-12-01,9288
2888,新光金,12,1,11,凱基-埔墘,2023-12-01,9288
3704,合勤控,15,4,11,凱基-埔墘,2023-12-01,9288
5531,鄉林,11,0,11,凱基-埔墘,2023-12-01,9288
00751B,元大AAA至A公司債,10,0,10,凱基-埔墘,2023-12-01,9288
3706,神達,10,0,10,凱基-埔墘,2023-12-01,9288
5533,皇鼎,10,0,10,凱基-埔墘,2023-12-01,9288
5608,四維航,10,0,10,凱基-埔墘,2023-12-01,9288
6603,富強鑫,10,0,10,凱基-埔墘,2023-12-01,9288
4164,承業醫,10,0,10,凱基-埔墘,2023-12-01,9288
2444,兆勁,8,0,8,凱基-埔墘,2023-12-01,9288
4706,大恭,8,0,8,凱基-埔墘,2023-12-01,9288
6108,競國,10,2,8,凱基-埔墘,2023-12-01,9288
3481,群創,10,2,8,凱基-埔墘,2023-12-01,9288
1513,中興電,11,4,7,凱基-埔墘,2023-12-01,9288
00680L,元大美債20正2,7,0,7,凱基-埔墘,2023-12-01,9288
3005,神基,8,1,7,凱基-埔墘,2023-12-01,9288
9945,潤泰新,7,0,7,凱基-埔墘,2023-12-01,9288
2313,華通,18,12,6,凱基-埔墘,2023-12-01,9288
3489,森寶,6,0,6,凱基-埔墘,2023-12-01,9288
4744,皇將,6,0,6,凱基-埔墘,2023-12-01,9288
3231,緯創,7,2,5,凱基-埔墘,2023-12-01,9288
1314,中石化,5,0,5,凱基-埔墘,2023-12-01,9288
1503,士電,5,0,5,凱基-埔墘,2023-12-01,9288
2324,仁寶,6,1,5,凱基-埔墘,2023-12-01,9288
2399,映泰,5,0,5,凱基-埔墘,2023-12-01,9288
2453,凌群,5,0,5,凱基-埔墘,2023-12-01,9288
2617,台航,5,0,5,凱基-埔墘,2023-12-01,9288
3083,網龍,5,0,5,凱基-埔墘,2023-12-01,9288
3189,景碩,5,0,5,凱基-埔墘,2023-12-01,9288
3217,優群,6,1,5,凱基-埔墘,2023-12-01,9288
3265,台星科,5,0,5,凱基-埔墘,2023-12-01,9288
4142,國光生,5,0,5,凱基-埔墘,2023-12-01,9288
4904,遠傳,5,0,5,凱基-埔墘,2023-12-01,9288
5328,華容,143,42,101,凱基-埔墘,2023-12-04,9288
00740B,富邦全球投等債,70,0,70,凱基-埔墘,2023-12-04,9288
00918,大華優利高填息30,70,1,69,凱基-埔墘,2023-12-04,9288
2312,金寶,73,6,67,凱基-埔墘,2023-12-04,9288
00720B,元大投資級公司債,58,0,58,凱基-埔墘,2023-12-04,9288
1104,環泥,58,0,58,凱基-埔墘,2023-12-04,9288
2417,圓剛,55,0,55,凱基-埔墘,2023-12-04,9288
1402,遠東新,41,0,41,凱基-埔墘,2023-12-04,9288
4164,承業醫,36,6,30,凱基-埔墘,2023-12-04,9288
00923,群益台ESG低碳50,24,0,24,凱基-埔墘,2023-12-04,9288
3264,欣銓,25,2,23,凱基-埔墘,2023-12-04,9288
8044,網家,20,1,19,凱基-埔墘,2023-12-04,9288
1504,東元,19,2,17,凱基-埔墘,2023-12-04,9288
2609,陽明,20,4,16,凱基-埔墘,2023-12-04,9288
2382,廣達,20,5,15,凱基-埔墘,2023-12-04,9288
5471,松翰,13,0,13,凱基-埔墘,2023-12-04,9288
1513,中興電,21,9,12,凱基-埔墘,2023-12-04,9288
3380,明泰,12,0,12,凱基-埔墘,2023-12-04,9288
2330,台積電,12,1,11,凱基-埔墘,2023-12-04,9288
8088,品安,25,14,11,凱基-埔墘,2023-12-04,9288
00641R,富邦日本反1,10,0,10,凱基-埔墘,2023-12-04,9288
1605,華新,13,3,10,凱基-埔墘,2023-12-04,9288
2313,華通,45,35,10,凱基-埔墘,2023-12-04,9288
3122,笙泉,10,0,10,凱基-埔墘,2023-12-04,9288
3041,揚智,11,2,9,凱基-埔墘,2023-12-04,9288
3669,圓展,9,0,9,凱基-埔墘,2023-12-04,9288
8222,寶一,16,7,9,凱基-埔墘,2023-12-04,9288
00642U,期元大S＆P石油,8,0,8,凱基-埔墘,2023-12-04,9288
2601,益航,11,3,8,凱基-埔墘,2023-12-04,9288
4956,光鋐,8,0,8,凱基-埔墘,2023-12-04,9288
00935,野村臺灣新科技50,7,0,7,凱基-埔墘,2023-12-04,9288
2356,英業達,7,0,7,凱基-埔墘,2023-12-04,9288
8210,勤誠,9,2,7,凱基-埔墘,2023-12-04,9288
8442,威宏-KY,7,0,7,凱基-埔墘,2023-12-04,9288
3231,緯創,9,3,6,凱基-埔墘,2023-12-04,9288
1503,士電,8,2,6,凱基-埔墘,2023-12-04,9288
00687B,國泰20年美債,6,0,6,凱基-埔墘,2023-12-04,9288
2355,敬鵬,24,18,6,凱基-埔墘,2023-12-04,9288
2543,皇昌,6,0,6,凱基-埔墘,2023-12-04,9288
2641,正德,7,1,6,凱基-埔墘,2023-12-04,9288
4533,協易機,6,0,6,凱基-埔墘,2023-12-04,9288
4906,正文,6,0,6,凱基-埔墘,2023-12-04,9288
8033,雷虎,6,0,6,凱基-埔墘,2023-12-04,9288
8054,安國,6,0,6,凱基-埔墘,2023-12-04,9288
00715L,期街口布蘭特正2,5,0,5,凱基-埔墘,2023-12-04,9288
2402,毅嘉,5,0,5,凱基-埔墘,2023-12-04,9288
2405,輔信,5,0,5,凱基-埔墘,2023-12-04,9288
4114,健喬,6,1,5,凱基-埔墘,2023-12-04,9288
6443,元晶,4,0,4,凱基-埔墘,2023-12-04,9288
00664R,國泰臺灣加權反1,8,4,4,凱基-埔墘,2023-12-04,9288
00937B,群益ESG投等債20,403,250,153,凱基-埔墘,2023-12-05,9288
00929,復華台灣科技優息,156,14,142,凱基-埔墘,2023-12-05,9288
2605,新興,165,61,104,凱基-埔墘,2023-12-05,9288
00751B,元大AAA至A公司債,88,0,88,凱基-埔墘,2023-12-05,9288
00753L,中信中國50正2,62,0,62,凱基-埔墘,2023-12-05,9288
6288,聯嘉,52,5,47,凱基-埔墘,2023-12-05,9288
2637,慧洋-KY,43,3,40,凱基-埔墘,2023-12-05,9288
5488,松普,40,0,40,凱基-埔墘,2023-12-05,9288
00687B,國泰20年美債,35,0,35,凱基-埔墘,2023-12-05,9288
00918,大華優利高填息30,35,0,35,凱基-埔墘,2023-12-05,9288
00915,凱基優選高股息30,50,20,30,凱基-埔墘,2023-12-05,9288
9103,美德醫療-DR,30,0,30,凱基-埔墘,2023-12-05,9288
3228,金麗科,29,0,29,凱基-埔墘,2023-12-05,9288
3050,鈺德,26,3,23,凱基-埔墘,2023-12-05,9288
00674R,期元大S＆P黃金反1,22,0,22,凱基-埔墘,2023-12-05,9288
3701,大眾控,22,1,21,凱基-埔墘,2023-12-05,9288
3042,晶技,19,0,19,凱基-埔墘,2023-12-05,9288
3013,晟銘電,40,22,18,凱基-埔墘,2023-12-05,9288
4164,承業醫,20,2,18,凱基-埔墘,2023-12-05,9288
8222,寶一,17,0,17,凱基-埔墘,2023-12-05,9288
2399,映泰,15,0,15,凱基-埔墘,2023-12-05,9288
2609,陽明,17,2,15,凱基-埔墘,2023-12-05,9288
3037,欣興,16,3,13,凱基-埔墘,2023-12-05,9288
3035,智原,19,6,13,凱基-埔墘,2023-12-05,9288
2888,新光金,11,0,11,凱基-埔墘,2023-12-05,9288
2371,大同,17,7,10,凱基-埔墘,2023-12-05,9288
2413,環科,10,0,10,凱基-埔墘,2023-12-05,9288
8044,網家,10,0,10,凱基-埔墘,2023-12-05,9288
2886,兆豐金,11,1,10,凱基-埔墘,2023-12-05,9288
1513,中興電,28,19,9,凱基-埔墘,2023-12-05,9288
5347,世界,10,2,8,凱基-埔墘,2023-12-05,9288
6550,北極星藥業-KY,7,0,7,凱基-埔墘,2023-12-05,9288
6124,業強,7,1,6,凱基-埔墘,2023-12-05,9288
00921,兆豐龍頭等權重,5,0,5,凱基-埔墘,2023-12-05,9288
00878,國泰永續高股息,5,0,5,凱基-埔墘,2023-12-05,9288
1907,永豐餘,5,0,5,凱基-埔墘,2023-12-05,9288
2617,台航,5,0,5,凱基-埔墘,2023-12-05,9288
3380,明泰,5,0,5,凱基-埔墘,2023-12-05,9288
4564,元翎,5,0,5,凱基-埔墘,2023-12-05,9288
8110,華東,5,0,5,凱基-埔墘,2023-12-05,9288
9938,百和,5,0,5,凱基-埔墘,2023-12-05,9288
00681R,元大美債20反1,4,0,4,凱基-埔墘,2023-12-05,9288
1560,中砂,4,0,4,凱基-埔墘,2023-12-05,9288
2332,友訊,6,2,4,凱基-埔墘,2023-12-05,9288
2353,宏��,4,0,4,凱基-埔墘,2023-12-05,9288
3287,廣寰科,4,0,4,凱基-埔墘,2023-12-05,9288
4566,時碩工業,4,0,4,凱基-埔墘,2023-12-05,9288
6125,廣運,4,0,4,凱基-埔墘,2023-12-05,9288
8936,國統,7,3,4,凱基-埔墘,2023-12-05,9288
00923,群益台ESG低碳50,3,0,3,凱基-埔墘,2023-12-05,9288
00680L,元大美債20正2,3605,1,3604,凱基-埔墘,2023-12-06,9288
00688L,國泰20年美債正2,2000,0,2000,凱基-埔墘,2023-12-06,9288
00929,復華台灣科技優息,176,0,176,凱基-埔墘,2023-12-06,9288
00720B,元大投資級公司債,115,1,114,凱基-埔墘,2023-12-06,9288
2903,遠百,108,0,108,凱基-埔墘,2023-12-06,9288
1616,億泰,100,0,100,凱基-埔墘,2023-12-06,9288
00937B,群益ESG投等債20,106,15,91,凱基-埔墘,2023-12-06,9288
00740B,富邦全球投等債,56,0,56,凱基-埔墘,2023-12-06,9288
00632R,元大台灣50反1,50,0,50,凱基-埔墘,2023-12-06,9288
2329,華泰,36,4,32,凱基-埔墘,2023-12-06,9288
6121,新普,30,0,30,凱基-埔墘,2023-12-06,9288
00751B,元大AAA至A公司債,29,0,29,凱基-埔墘,2023-12-06,9288
2461,光群雷,27,0,27,凱基-埔墘,2023-12-06,9288
5471,松翰,19,0,19,凱基-埔墘,2023-12-06,9288
1314,中石化,16,0,16,凱基-埔墘,2023-12-06,9288
3041,揚智,21,6,15,凱基-埔墘,2023-12-06,9288
00715L,期街口布蘭特正2,13,0,13,凱基-埔墘,2023-12-06,9288
4906,正文,12,0,12,凱基-埔墘,2023-12-06,9288
4956,光鋐,12,0,12,凱基-埔墘,2023-12-06,9288
8076,伍豐,12,0,12,凱基-埔墘,2023-12-06,9288
1609,大亞,10,0,10,凱基-埔墘,2023-12-06,9288
2027,大成鋼,10,0,10,凱基-埔墘,2023-12-06,9288
2236,百達-KY,10,0,10,凱基-埔墘,2023-12-06,9288
2365,昆盈,10,0,10,凱基-埔墘,2023-12-06,9288
2367,燿華,234,224,10,凱基-埔墘,2023-12-06,9288
3673,TPK-KY,10,0,10,凱基-埔墘,2023-12-06,9288
3701,大眾控,10,0,10,凱基-埔墘,2023-12-06,9288
6108,競國,10,0,10,凱基-埔墘,2023-12-06,9288
4113,聯上,9,0,9,凱基-埔墘,2023-12-06,9288
8442,威宏-KY,10,1,9,凱基-埔墘,2023-12-06,9288
2498,宏達電,7,0,7,凱基-埔墘,2023-12-06,9288
2489,瑞軒,9,3,6,凱基-埔墘,2023-12-06,9288
00935,野村臺灣新科技50,10,4,6,凱基-埔墘,2023-12-06,9288
1503,士電,14,8,6,凱基-埔墘,2023-12-06,9288
1504,東元,20,14,6,凱基-埔墘,2023-12-06,9288
4162,智擎,6,0,6,凱基-埔墘,2023-12-06,9288
2330,台積電,6,0,6,凱基-埔墘,2023-12-06,9288
2888,新光金,6,0,6,凱基-埔墘,2023-12-06,9288
2382,廣達,13,8,5,凱基-埔墘,2023-12-06,9288
00882,中信中國高股息,5,0,5,凱基-埔墘,2023-12-06,9288
00650L,復華香港正2,5,0,5,凱基-埔墘,2023-12-06,9288
1907,永豐餘,5,0,5,凱基-埔墘,2023-12-06,9288
2358,廷鑫,5,0,5,凱基-埔墘,2023-12-06,9288
4167,松瑞藥,5,0,5,凱基-埔墘,2023-12-06,9288
5009,榮剛,5,0,5,凱基-埔墘,2023-12-06,9288
8088,品安,5,0,5,凱基-埔墘,2023-12-06,9288
8926,台汽電,5,0,5,凱基-埔墘,2023-12-06,9288
1104,環泥,4,0,4,凱基-埔墘,2023-12-06,9288
00636,國泰中國A50,4,0,4,凱基-埔墘,2023-12-06,9288
2344,華邦電,6,2,4,凱基-埔墘,2023-12-06,9288
2617,台航,163,0,163,凱基-埔墘,2023-12-07,9288
00715L,期街口布蘭特正2,109,6,103,凱基-埔墘,2023-12-07,9288
00688L,國泰20年美債正2,85,16,69,凱基-埔墘,2023-12-07,9288
00642U,期元大S＆P石油,61,0,61,凱基-埔墘,2023-12-07,9288
00687B,國泰20年美債,49,0,49,凱基-埔墘,2023-12-07,9288
00918,大華優利高填息30,47,0,47,凱基-埔墘,2023-12-07,9288
00915,凱基優選高股息30,41,0,41,凱基-埔墘,2023-12-07,9288
3059,華晶科,25,0,25,凱基-埔墘,2023-12-07,9288
1513,中興電,28,8,20,凱基-埔墘,2023-12-07,9288
00680L,元大美債20正2,17,0,17,凱基-埔墘,2023-12-07,9288
00679B,元大美債20年,15,0,15,凱基-埔墘,2023-12-07,9288
4142,國光生,14,0,14,凱基-埔墘,2023-12-07,9288
6233,旺玖,16,3,13,凱基-埔墘,2023-12-07,9288
6237,驊訊,12,0,12,凱基-埔墘,2023-12-07,9288
2316,楠梓電,10,0,10,凱基-埔墘,2023-12-07,9288
5608,四維航,10,0,10,凱基-埔墘,2023-12-07,9288
2324,仁寶,10,0,10,凱基-埔墘,2023-12-07,9288
2486,一詮,14,4,10,凱基-埔墘,2023-12-07,9288
2601,益航,10,0,10,凱基-埔墘,2023-12-07,9288
2886,兆豐金,10,0,10,凱基-埔墘,2023-12-07,9288
2888,新光金,10,0,10,凱基-埔墘,2023-12-07,9288
5328,華容,12,2,10,凱基-埔墘,2023-12-07,9288
5381,合正,10,0,10,凱基-埔墘,2023-12-07,9288
6114,久威,10,0,10,凱基-埔墘,2023-12-07,9288
1718,中纖,9,0,9,凱基-埔墘,2023-12-07,9288
1618,合機,8,0,8,凱基-埔墘,2023-12-07,9288
2312,金寶,9,1,8,凱基-埔墘,2023-12-07,9288
2889,國票金,8,0,8,凱基-埔墘,2023-12-07,9288
5302,太欣,8,0,8,凱基-埔墘,2023-12-07,9288
5347,世界,7,0,7,凱基-埔墘,2023-12-07,9288
2613,中櫃,6,0,6,凱基-埔墘,2023-12-07,9288
3324,雙鴻,6,0,6,凱基-埔墘,2023-12-07,9288
2376,技嘉,13,8,5,凱基-埔墘,2023-12-07,9288
2303,聯電,6,1,5,凱基-埔墘,2023-12-07,9288
2377,微星,5,0,5,凱基-埔墘,2023-12-07,9288
2425,承啟,6,1,5,凱基-埔墘,2023-12-07,9288
2707,晶華,5,0,5,凱基-埔墘,2023-12-07,9288
2867,三商壽,5,0,5,凱基-埔墘,2023-12-07,9288
3508,位速,5,0,5,凱基-埔墘,2023-12-07,9288
8044,網家,5,0,5,凱基-埔墘,2023-12-07,9288
2419,仲琦,4,0,4,凱基-埔墘,2023-12-07,9288
2882,國泰金,4,0,4,凱基-埔墘,2023-12-07,9288
3055,蔚華科,4,0,4,凱基-埔墘,2023-12-07,9288
3260,威剛,5,1,4,凱基-埔墘,2023-12-07,9288
8171,天宇,4,0,4,凱基-埔墘,2023-12-07,9288
00923,群益台ESG低碳50,3,0,3,凱基-埔墘,2023-12-07,9288
1503,士電,14,11,3,凱基-埔墘,2023-12-07,9288
1605,華新,5,2,3,凱基-埔墘,2023-12-07,9288
1785,光洋科,3,0,3,凱基-埔墘,2023-12-07,9288
2313,華通,11,8,3,凱基-埔墘,2023-12-07,9288
00632R,元大台灣50反1,170,0,170,凱基-埔墘,2023-12-08,9288
00915,凱基優選高股息30,134,0,134,凱基-埔墘,2023-12-08,9288
2617,台航,112,0,112,凱基-埔墘,2023-12-08,9288
6239,力成,100,1,99,凱基-埔墘,2023-12-08,9288
00715L,期街口布蘭特正2,100,2,98,凱基-埔墘,2023-12-08,9288
2605,新興,160,104,56,凱基-埔墘,2023-12-08,9288
3346,麗清,40,0,40,凱基-埔墘,2023-12-08,9288
00937B,群益ESG投等債20,35,0,35,凱基-埔墘,2023-12-08,9288
2371,大同,35,3,32,凱基-埔墘,2023-12-08,9288
2601,益航,25,0,25,凱基-埔墘,2023-12-08,9288
2615,萬海,25,2,23,凱基-埔墘,2023-12-08,9288
2356,英業達,23,0,23,凱基-埔墘,2023-12-08,9288
5608,四維航,20,2,18,凱基-埔墘,2023-12-08,9288
2607,榮運,18,0,18,凱基-埔墘,2023-12-08,9288
2312,金寶,16,0,16,凱基-埔墘,2023-12-08,9288
2618,長榮航,18,4,14,凱基-埔墘,2023-12-08,9288
00753L,中信中國50正2,10,0,10,凱基-埔墘,2023-12-08,9288
6244,茂迪,10,0,10,凱基-埔墘,2023-12-08,9288
2867,三商壽,10,0,10,凱基-埔墘,2023-12-08,9288
3231,緯創,16,6,10,凱基-埔墘,2023-12-08,9288
4956,光鋐,10,0,10,凱基-埔墘,2023-12-08,9288
6418,詠昇,10,0,10,凱基-埔墘,2023-12-08,9288
6441,廣錠,10,0,10,凱基-埔墘,2023-12-08,9288
3062,建漢,9,0,9,凱基-埔墘,2023-12-08,9288
4906,正文,22,13,9,凱基-埔墘,2023-12-08,9288
00680L,元大美債20正2,8,0,8,凱基-埔墘,2023-12-08,9288
2376,技嘉,26,18,8,凱基-埔墘,2023-12-08,9288
2630,亞航,8,0,8,凱基-埔墘,2023-12-08,9288
5439,高技,8,0,8,凱基-埔墘,2023-12-08,9288
6271,同欣電,8,0,8,凱基-埔墘,2023-12-08,9288
6282,康舒,8,0,8,凱基-埔墘,2023-12-08,9288
8034,榮群,8,0,8,凱基-埔墘,2023-12-08,9288
00642U,期元大S＆P石油,7,0,7,凱基-埔墘,2023-12-08,9288
00929,復華台灣科技優息,106,100,6,凱基-埔墘,2023-12-08,9288
2328,廣宇,6,0,6,凱基-埔墘,2023-12-08,9288
2606,裕民,6,0,6,凱基-埔墘,2023-12-08,9288
5351,鈺創,6,0,6,凱基-埔墘,2023-12-08,9288
8442,威宏-KY,6,0,6,凱基-埔墘,2023-12-08,9288
2634,漢翔,5,0,5,凱基-埔墘,2023-12-08,9288
1303,南亞,5,0,5,凱基-埔墘,2023-12-08,9288
00918,大華優利高填息30,5,0,5,凱基-埔墘,2023-12-08,9288
00882,中信中國高股息,5,0,5,凱基-埔墘,2023-12-08,9288
2241,艾姆勒,5,0,5,凱基-埔墘,2023-12-08,9288
2359,所羅門,6,1,5,凱基-埔墘,2023-12-08,9288
3508,位速,5,0,5,凱基-埔墘,2023-12-08,9288
6233,旺玖,18,13,5,凱基-埔墘,2023-12-08,9288
8942,森鉅,5,0,5,凱基-埔墘,2023-12-08,9288
2449,京元電子,7,3,4,凱基-埔墘,2023-12-08,9288
1718,中纖,4,0,4,凱基-埔墘,2023-12-08,9288
00687B,國泰20年美債,4,0,4,凱基-埔墘,2023-12-08,9288
2605,新興,58,3,55,凱基-埔墘,2023-12-11,9288
8936,國統,53,2,51,凱基-埔墘,2023-12-11,9288
00637L,元大滬深300正2,48,0,48,凱基-埔墘,2023-12-11,9288
2425,承啟,45,1,44,凱基-埔墘,2023-12-11,9288
00919,群益台灣精選高息,138,95,43,凱基-埔墘,2023-12-11,9288
00937B,群益ESG投等債20,43,3,40,凱基-埔墘,2023-12-11,9288
00638R,元大滬深300反1,30,0,30,凱基-埔墘,2023-12-11,9288
1721,三晃,30,0,30,凱基-埔墘,2023-12-11,9288
00715L,期街口布蘭特正2,33,5,28,凱基-埔墘,2023-12-11,9288
1310,台苯,20,0,20,凱基-埔墘,2023-12-11,9288
00922,國泰台灣領袖50,20,0,20,凱基-埔墘,2023-12-11,9288
1524,耿鼎,29,10,19,凱基-埔墘,2023-12-11,9288
5439,高技,19,0,19,凱基-埔墘,2023-12-11,9288
00882,中信中國高股息,17,0,17,凱基-埔墘,2023-12-11,9288
2832,台產,15,0,15,凱基-埔墘,2023-12-11,9288
00680L,元大美債20正2,15,1,14,凱基-埔墘,2023-12-11,9288
00674R,期元大S＆P黃金反1,12,0,12,凱基-埔墘,2023-12-11,9288
2888,新光金,17,5,12,凱基-埔墘,2023-12-11,9288
4979,華星光,22,11,11,凱基-埔墘,2023-12-11,9288
1312,國喬,10,0,10,凱基-埔墘,2023-12-11,9288
2317,鴻海,10,0,10,凱基-埔墘,2023-12-11,9288
2882,國泰金,10,0,10,凱基-埔墘,2023-12-11,9288
4401,東隆興,10,0,10,凱基-埔墘,2023-12-11,9288
2891,中信金,10,1,9,凱基-埔墘,2023-12-11,9288
4744,皇將,9,0,9,凱基-埔墘,2023-12-11,9288
1301,台塑,8,0,8,凱基-埔墘,2023-12-11,9288
4174,浩鼎,6,0,6,凱基-埔墘,2023-12-11,9288
6114,久威,10,4,6,凱基-埔墘,2023-12-11,9288
00878,國泰永續高股息,5,0,5,凱基-埔墘,2023-12-11,9288
1303,南亞,5,0,5,凱基-埔墘,2023-12-11,9288
00681R,元大美債20反1,5,0,5,凱基-埔墘,2023-12-11,9288
1536,和大,6,1,5,凱基-埔墘,2023-12-11,9288
2313,華通,18,13,5,凱基-埔墘,2023-12-11,9288
2328,廣宇,5,0,5,凱基-埔墘,2023-12-11,9288
2485,兆赫,5,0,5,凱基-埔墘,2023-12-11,9288
2867,三商壽,5,0,5,凱基-埔墘,2023-12-11,9288
3444,利機,7,2,5,凱基-埔墘,2023-12-11,9288
3508,位速,5,0,5,凱基-埔墘,2023-12-11,9288
3715,定穎投控,5,0,5,凱基-埔墘,2023-12-11,9288
5471,松翰,5,0,5,凱基-埔墘,2023-12-11,9288
9911,櫻花,5,0,5,凱基-埔墘,2023-12-11,9288
4739,康普,5,0,5,凱基-埔墘,2023-12-11,9288
2476,鉅祥,4,0,4,凱基-埔墘,2023-12-11,9288
2883,凱基金,4,0,4,凱基-埔墘,2023-12-11,9288
8442,威宏-KY,4,0,4,凱基-埔墘,2023-12-11,9288
2354,鴻準,3,0,3,凱基-埔墘,2023-12-11,9288
00679B,元大美債20年,8,5,3,凱基-埔墘,2023-12-11,9288
1471,首利,6,3,3,凱基-埔墘,2023-12-11,9288
1584,精剛,4,1,3,凱基-埔墘,2023-12-11,9288
1616,億泰,3,0,3,凱基-埔墘,2023-12-11,9288
00918,大華優利高填息30,99,1,98,凱基-埔墘,2023-12-12,9288
2903,遠百,113,18,95,凱基-埔墘,2023-12-12,9288
00919,群益台灣精選高息,85,0,85,凱基-埔墘,2023-12-12,9288
2419,仲琦,72,5,67,凱基-埔墘,2023-12-12,9288
00632R,元大台灣50反1,60,0,60,凱基-埔墘,2023-12-12,9288
2816,旺旺保,50,0,50,凱基-埔墘,2023-12-12,9288
2547,日勝生,20,0,20,凱基-埔墘,2023-12-12,9288
4401,東隆興,20,0,20,凱基-埔墘,2023-12-12,9288
4956,光鋐,20,0,20,凱基-埔墘,2023-12-12,9288
1314,中石化,19,0,19,凱基-埔墘,2023-12-12,9288
4744,皇將,15,0,15,凱基-埔墘,2023-12-12,9288
2888,新光金,20,6,14,凱基-埔墘,2023-12-12,9288
00688L,國泰20年美債正2,12,0,12,凱基-埔墘,2023-12-12,9288
5439,高技,12,0,12,凱基-埔墘,2023-12-12,9288
2312,金寶,11,0,11,凱基-埔墘,2023-12-12,9288
8011,台通,14,3,11,凱基-埔墘,2023-12-12,9288
00720B,元大投資級公司債,10,0,10,凱基-埔墘,2023-12-12,9288
1324,地球,12,2,10,凱基-埔墘,2023-12-12,9288
2367,燿華,11,1,10,凱基-埔墘,2023-12-12,9288
2516,新建,10,0,10,凱基-埔墘,2023-12-12,9288
3479,安勤,10,0,10,凱基-埔墘,2023-12-12,9288
3673,TPK-KY,10,0,10,凱基-埔墘,2023-12-12,9288
4105,東洋,10,0,10,凱基-埔墘,2023-12-12,9288
1466,聚隆,9,0,9,凱基-埔墘,2023-12-12,9288
2369,菱生,9,0,9,凱基-埔墘,2023-12-12,9288
5426,振發,9,0,9,凱基-埔墘,2023-12-12,9288
3231,緯創,10,2,8,凱基-埔墘,2023-12-12,9288
00679B,元大美債20年,8,0,8,凱基-埔墘,2023-12-12,9288
2344,華邦電,8,0,8,凱基-埔墘,2023-12-12,9288
2890,永豐金,8,0,8,凱基-埔墘,2023-12-12,9288
3481,群創,8,0,8,凱基-埔墘,2023-12-12,9288
1471,首利,10,3,7,凱基-埔墘,2023-12-12,9288
3234,光環,7,0,7,凱基-埔墘,2023-12-12,9288
3504,揚明光,8,1,7,凱基-埔墘,2023-12-12,9288
6197,佳必琪,7,0,7,凱基-埔墘,2023-12-12,9288
2002,中鋼,8,2,6,凱基-埔墘,2023-12-12,9288
00637L,元大滬深300正2,60,54,6,凱基-埔墘,2023-12-12,9288
2542,興富發,6,0,6,凱基-埔墘,2023-12-12,9288
6550,北極星藥業-KY,6,0,6,凱基-埔墘,2023-12-12,9288
8054,安國,6,0,6,凱基-埔墘,2023-12-12,9288
6443,元晶,5,0,5,凱基-埔墘,2023-12-12,9288
2520,冠德,5,0,5,凱基-埔墘,2023-12-12,9288
1312,國喬,5,0,5,凱基-埔墘,2023-12-12,9288
00687B,國泰20年美債,7,2,5,凱基-埔墘,2023-12-12,9288
00934,中信成長高股息,5,0,5,凱基-埔墘,2023-12-12,9288
00922,國泰台灣領袖50,5,0,5,凱基-埔墘,2023-12-12,9288
2241,艾姆勒,5,0,5,凱基-埔墘,2023-12-12,9288
2328,廣宇,5,0,5,凱基-埔墘,2023-12-12,9288
3163,波若威,7,2,5,凱基-埔墘,2023-12-12,9288
3346,麗清,5,0,5,凱基-埔墘,2023-12-12,9288
00919,群益台灣精選高息,639,20,619,凱基-埔墘,2023-12-13,9288
6285,啟��,353,1,352,凱基-埔墘,2023-12-13,9288
00915,凱基優選高股息30,76,0,76,凱基-埔墘,2023-12-13,9288
2401,凌陽,50,0,50,凱基-埔墘,2023-12-13,9288
6209,今國光,50,0,50,凱基-埔墘,2023-12-13,9288
2376,技嘉,52,2,50,凱基-埔墘,2023-12-13,9288
00929,復華台灣科技優息,85,36,49,凱基-埔墘,2023-12-13,9288
4909,新復興,31,0,31,凱基-埔墘,2023-12-13,9288
00632R,元大台灣50反1,30,0,30,凱基-埔墘,2023-12-13,9288
2606,裕民,26,0,26,凱基-埔墘,2023-12-13,9288
00878,國泰永續高股息,27,2,25,凱基-埔墘,2023-12-13,9288
8936,國統,25,0,25,凱基-埔墘,2023-12-13,9288
00918,大華優利高填息30,32,10,22,凱基-埔墘,2023-12-13,9288
2913,農林,21,0,21,凱基-埔墘,2023-12-13,9288
4105,東洋,20,0,20,凱基-埔墘,2023-12-13,9288
00934,中信成長高股息,19,0,19,凱基-埔墘,2023-12-13,9288
4979,華星光,20,1,19,凱基-埔墘,2023-12-13,9288
3706,神達,33,15,18,凱基-埔墘,2023-12-13,9288
00882,中信中國高股息,15,0,15,凱基-埔墘,2023-12-13,9288
2867,三商壽,20,5,15,凱基-埔墘,2023-12-13,9288
00937B,群益ESG投等債20,14,0,14,凱基-埔墘,2023-12-13,9288
2002,中鋼,13,0,13,凱基-埔墘,2023-12-13,9288
2313,華通,53,40,13,凱基-埔墘,2023-12-13,9288
3260,威剛,16,3,13,凱基-埔墘,2023-12-13,9288
1605,華新,11,0,11,凱基-埔墘,2023-12-13,9288
00904,新光臺灣半導體30,10,0,10,凱基-埔墘,2023-12-13,9288
1611,中電,10,0,10,凱基-埔墘,2023-12-13,9288
2369,菱生,10,0,10,凱基-埔墘,2023-12-13,9288
2387,精元,10,0,10,凱基-埔墘,2023-12-13,9288
2402,毅嘉,10,0,10,凱基-埔墘,2023-12-13,9288
2882,國泰金,10,0,10,凱基-埔墘,2023-12-13,9288
4744,皇將,10,0,10,凱基-埔墘,2023-12-13,9288
6550,北極星藥業-KY,10,0,10,凱基-埔墘,2023-12-13,9288
1584,精剛,10,2,8,凱基-埔墘,2023-12-13,9288
2330,台積電,8,0,8,凱基-埔墘,2023-12-13,9288
00637L,元大滬深300正2,8,0,8,凱基-埔墘,2023-12-13,9288
3013,晟銘電,9,1,8,凱基-埔墘,2023-12-13,9288
1444,力麗,7,0,7,凱基-埔墘,2023-12-13,9288
4142,國光生,7,0,7,凱基-埔墘,2023-12-13,9288
1325,恆大,6,0,6,凱基-埔墘,2023-12-13,9288
1513,中興電,8,2,6,凱基-埔墘,2023-12-13,9288
5608,四維航,10,4,6,凱基-埔墘,2023-12-13,9288
00902,中信電池及儲能,5,0,5,凱基-埔墘,2023-12-13,9288
00680L,元大美債20正2,5,0,5,凱基-埔墘,2023-12-13,9288
00712,復華富時不動產,5,0,5,凱基-埔墘,2023-12-13,9288
00688L,國泰20年美債正2,5,0,5,凱基-埔墘,2023-12-13,9288
00642U,期元大S＆P石油,5,0,5,凱基-埔墘,2023-12-13,9288
00936,台新永續高息中小,5,0,5,凱基-埔墘,2023-12-13,9288
1326,台化,5,0,5,凱基-埔墘,2023-12-13,9288
2241,艾姆勒,5,0,5,凱基-埔墘,2023-12-13,9288
00937B,群益ESG投等債20,349,3,346,凱基-埔墘,2023-12-14,9288
2903,遠百,265,0,265,凱基-埔墘,2023-12-14,9288
3057,喬鼎,67,1,66,凱基-埔墘,2023-12-14,9288
5515,建國,56,2,54,凱基-埔墘,2023-12-14,9288
2376,技嘉,52,3,49,凱基-埔墘,2023-12-14,9288
6233,旺玖,43,0,43,凱基-埔墘,2023-12-14,9288
4909,新復興,42,1,41,凱基-埔墘,2023-12-14,9288
2313,華通,51,13,38,凱基-埔墘,2023-12-14,9288
4426,利勤,38,0,38,凱基-埔墘,2023-12-14,9288
2816,旺旺保,27,0,27,凱基-埔墘,2023-12-14,9288
3520,華盈,27,0,27,凱基-埔墘,2023-12-14,9288
00915,凱基優選高股息30,81,56,25,凱基-埔墘,2023-12-14,9288
00687B,國泰20年美債,22,0,22,凱基-埔墘,2023-12-14,9288
8085,福華,21,0,21,凱基-埔墘,2023-12-14,9288
2332,友訊,20,0,20,凱基-埔墘,2023-12-14,9288
3596,智易,20,2,18,凱基-埔墘,2023-12-14,9288
3041,揚智,23,6,17,凱基-埔墘,2023-12-14,9288
8110,華東,17,0,17,凱基-埔墘,2023-12-14,9288
6235,華孚,17,2,15,凱基-埔墘,2023-12-14,9288
00751B,元大AAA至A公司債,15,0,15,凱基-埔墘,2023-12-14,9288
2867,三商壽,15,0,15,凱基-埔墘,2023-12-14,9288
3703,欣陸,14,0,14,凱基-埔墘,2023-12-14,9288
5328,華容,30,16,14,凱基-埔墘,2023-12-14,9288
1514,亞力,12,1,11,凱基-埔墘,2023-12-14,9288
3673,TPK-KY,10,0,10,凱基-埔墘,2023-12-14,9288
00675L,富邦臺灣加權正2,10,0,10,凱基-埔墘,2023-12-14,9288
00720B,元大投資級公司債,10,0,10,凱基-埔墘,2023-12-14,9288
1762,中化生,10,0,10,凱基-埔墘,2023-12-14,9288
1907,永豐餘,10,0,10,凱基-埔墘,2023-12-14,9288
2501,國建,10,0,10,凱基-埔墘,2023-12-14,9288
1584,精剛,17,8,9,凱基-埔墘,2023-12-14,9288
00756B,群益投等新興公債,9,0,9,凱基-埔墘,2023-12-14,9288
2485,兆赫,10,1,9,凱基-埔墘,2023-12-14,9288
2615,萬海,8,0,8,凱基-埔墘,2023-12-14,9288
2419,仲琦,9,1,8,凱基-埔墘,2023-12-14,9288
6290,良維,9,1,8,凱基-埔墘,2023-12-14,9288
2609,陽明,9,2,7,凱基-埔墘,2023-12-14,9288
00637L,元大滬深300正2,6,0,6,凱基-埔墘,2023-12-14,9288
3005,神基,9,3,6,凱基-埔墘,2023-12-14,9288
4543,萬在,6,0,6,凱基-埔墘,2023-12-14,9288
8069,元太,7,1,6,凱基-埔墘,2023-12-14,9288
3665,貿聯-KY,5,0,5,凱基-埔墘,2023-12-14,9288
00885,富邦越南,5,0,5,凱基-埔墘,2023-12-14,9288
1503,士電,38,33,5,凱基-埔墘,2023-12-14,9288
3013,晟銘電,6,1,5,凱基-埔墘,2023-12-14,9288
3047,訊舟,5,0,5,凱基-埔墘,2023-12-14,9288
5351,鈺創,8,3,5,凱基-埔墘,2023-12-14,9288
6282,康舒,7,2,5,凱基-埔墘,2023-12-14,9288
6462,神盾,5,0,5,凱基-埔墘,2023-12-14,9288
2365,昆盈,6,1,5,凱基-埔墘,2023-12-14,9288
00918,大華優利高填息30,200,0,200,凱基-埔墘,2023-12-15,9288
00919,群益台灣精選高息,226,55,171,凱基-埔墘,2023-12-15,9288
00929,復華台灣科技優息,172,12,160,凱基-埔墘,2023-12-15,9288
2401,凌陽,156,4,152,凱基-埔墘,2023-12-15,9288
5483,中美晶,111,3,108,凱基-埔墘,2023-12-15,9288
2501,國建,75,0,75,凱基-埔墘,2023-12-15,9288
3057,喬鼎,61,0,61,凱基-埔墘,2023-12-15,9288
4167,松瑞藥,50,0,50,凱基-埔墘,2023-12-15,9288
1314,中石化,45,10,35,凱基-埔墘,2023-12-15,9288
2313,華通,43,8,35,凱基-埔墘,2023-12-15,9288
2363,矽統,52,20,32,凱基-埔墘,2023-12-15,9288
00687B,國泰20年美債,30,2,28,凱基-埔墘,2023-12-15,9288
6285,啟��,49,21,28,凱基-埔墘,2023-12-15,9288
3013,晟銘電,24,1,23,凱基-埔墘,2023-12-15,9288
2887,台新金,22,0,22,凱基-埔墘,2023-12-15,9288
2542,興富發,21,0,21,凱基-埔墘,2023-12-15,9288
00773B,中信優先金融債,20,0,20,凱基-埔墘,2023-12-15,9288
1503,士電,27,7,20,凱基-埔墘,2023-12-15,9288
1584,精剛,36,21,15,凱基-埔墘,2023-12-15,9288
6209,今國光,13,0,13,凱基-埔墘,2023-12-15,9288
00915,凱基優選高股息30,12,0,12,凱基-埔墘,2023-12-15,9288
2030,彰源,15,3,12,凱基-埔墘,2023-12-15,9288
3265,台星科,17,5,12,凱基-埔墘,2023-12-15,9288
2609,陽明,14,3,11,凱基-埔墘,2023-12-15,9288
3437,榮創,10,0,10,凱基-埔墘,2023-12-15,9288
00772B,中信高評級公司債,10,0,10,凱基-埔墘,2023-12-15,9288
00857B,永豐20年美公債,10,0,10,凱基-埔墘,2023-12-15,9288
2352,佳世達,10,0,10,凱基-埔墘,2023-12-15,9288
2419,仲琦,11,1,10,凱基-埔墘,2023-12-15,9288
2630,亞航,10,0,10,凱基-埔墘,2023-12-15,9288
2634,漢翔,10,0,10,凱基-埔墘,2023-12-15,9288
6754,匯僑設計,10,0,10,凱基-埔墘,2023-12-15,9288
2324,仁寶,9,0,9,凱基-埔墘,2023-12-15,9288
2481,強茂,10,1,9,凱基-埔墘,2023-12-15,9288
2329,華泰,10,2,8,凱基-埔墘,2023-12-15,9288
006208,富邦台50,8,0,8,凱基-埔墘,2023-12-15,9288
2340,台亞,8,0,8,凱基-埔墘,2023-12-15,9288
2382,廣達,9,1,8,凱基-埔墘,2023-12-15,9288
3231,緯創,8,1,7,凱基-埔墘,2023-12-15,9288
00712,復華富時不動產,6,0,6,凱基-埔墘,2023-12-15,9288
00650L,復華香港正2,6,0,6,凱基-埔墘,2023-12-15,9288
2376,技嘉,7,1,6,凱基-埔墘,2023-12-15,9288
3056,富華新,6,0,6,凱基-埔墘,2023-12-15,9288
6196,帆宣,6,0,6,凱基-埔墘,2023-12-15,9288
6462,神盾,7,1,6,凱基-埔墘,2023-12-15,9288
8088,品安,6,0,6,凱基-埔墘,2023-12-15,9288
4976,佳凌,5,0,5,凱基-埔墘,2023-12-15,9288
1312,國喬,5,0,5,凱基-埔墘,2023-12-15,9288
2236,百達-KY,10,5,5,凱基-埔墘,2023-12-15,9288
2449,京元電子,6,1,5,凱基-埔墘,2023-12-15,9288
2356,英業達,74,6,68,凱基-埔墘,2023-12-18,9288
00929,復華台灣科技優息,65,1,64,凱基-埔墘,2023-12-18,9288
1402,遠東新,50,10,40,凱基-埔墘,2023-12-18,9288
2618,長榮航,39,0,39,凱基-埔墘,2023-12-18,9288
4167,松瑞藥,35,0,35,凱基-埔墘,2023-12-18,9288
5608,四維航,30,0,30,凱基-埔墘,2023-12-18,9288
1905,華紙,38,11,27,凱基-埔墘,2023-12-18,9288
3006,晶豪科,34,8,26,凱基-埔墘,2023-12-18,9288
00919,群益台灣精選高息,27,3,24,凱基-埔墘,2023-12-18,9288
6285,啟��,38,17,21,凱基-埔墘,2023-12-18,9288
2617,台航,19,0,19,凱基-埔墘,2023-12-18,9288
1605,華新,21,4,17,凱基-埔墘,2023-12-18,9288
1218,泰山,17,0,17,凱基-埔墘,2023-12-18,9288
2023,燁輝,15,0,15,凱基-埔墘,2023-12-18,9288
3231,緯創,14,1,13,凱基-埔墘,2023-12-18,9288
1325,恆大,12,0,12,凱基-埔墘,2023-12-18,9288
00918,大華優利高填息30,11,0,11,凱基-埔墘,2023-12-18,9288
1312,國喬,10,0,10,凱基-埔墘,2023-12-18,9288
3346,麗清,10,0,10,凱基-埔墘,2023-12-18,9288
5457,宣德,10,0,10,凱基-埔墘,2023-12-18,9288
8222,寶一,10,0,10,凱基-埔墘,2023-12-18,9288
2027,大成鋼,11,3,8,凱基-埔墘,2023-12-18,9288
2637,慧洋-KY,9,1,8,凱基-埔墘,2023-12-18,9288
3437,榮創,8,0,8,凱基-埔墘,2023-12-18,9288
00713,元大台灣高息低波,7,0,7,凱基-埔墘,2023-12-18,9288
2031,新光鋼,7,0,7,凱基-埔墘,2023-12-18,9288
2419,仲琦,10,3,7,凱基-埔墘,2023-12-18,9288
00922,國泰台灣領袖50,6,0,6,凱基-埔墘,2023-12-18,9288
2007,燁興,6,0,6,凱基-埔墘,2023-12-18,9288
6284,佳邦,6,0,6,凱基-埔墘,2023-12-18,9288
2401,凌陽,12,6,6,凱基-埔墘,2023-12-18,9288
2337,旺宏,5,0,5,凱基-埔墘,2023-12-18,9288
2498,宏達電,5,0,5,凱基-埔墘,2023-12-18,9288
4976,佳凌,5,0,5,凱基-埔墘,2023-12-18,9288
1727,中華化,5,0,5,凱基-埔墘,2023-12-18,9288
1907,永豐餘,5,0,5,凱基-埔墘,2023-12-18,9288
2867,三商壽,5,0,5,凱基-埔墘,2023-12-18,9288
2888,新光金,5,0,5,凱基-埔墘,2023-12-18,9288
3645,達邁,5,0,5,凱基-埔墘,2023-12-18,9288
5351,鈺創,5,0,5,凱基-埔墘,2023-12-18,9288
6180,橘子,5,0,5,凱基-埔墘,2023-12-18,9288
8034,榮群,5,0,5,凱基-埔墘,2023-12-18,9288
1308,亞聚,10,6,4,凱基-埔墘,2023-12-18,9288
1513,中興電,5,1,4,凱基-埔墘,2023-12-18,9288
2392,正崴,4,0,4,凱基-埔墘,2023-12-18,9288
3056,富華新,4,0,4,凱基-埔墘,2023-12-18,9288
3138,耀登,4,0,4,凱基-埔墘,2023-12-18,9288
3548,兆利,4,0,4,凱基-埔墘,2023-12-18,9288
5371,中光電,4,0,4,凱基-埔墘,2023-12-18,9288
8201,無敵,4,0,4,凱基-埔墘,2023-12-18,9288
00680L,元大美債20正2,201,2,199,凱基-埔墘,2023-12-19,9288
2449,京元電子,66,6,60,凱基-埔墘,2023-12-19,9288
00937B,群益ESG投等債20,256,200,56,凱基-埔墘,2023-12-19,9288
00688L,國泰20年美債正2,51,0,51,凱基-埔墘,2023-12-19,9288
2353,宏��,63,27,36,凱基-埔墘,2023-12-19,9288
2618,長榮航,42,7,35,凱基-埔墘,2023-12-19,9288
9904,寶成,30,4,26,凱基-埔墘,2023-12-19,9288
00878,國泰永續高股息,24,0,24,凱基-埔墘,2023-12-19,9288
00919,群益台灣精選高息,23,0,23,凱基-埔墘,2023-12-19,9288
3057,喬鼎,22,0,22,凱基-埔墘,2023-12-19,9288
2605,新興,22,2,20,凱基-埔墘,2023-12-19,9288
5452,佶優,20,0,20,凱基-埔墘,2023-12-19,9288
3056,富華新,15,0,15,凱基-埔墘,2023-12-19,9288
4167,松瑞藥,28,13,15,凱基-埔墘,2023-12-19,9288
00934,中信成長高股息,13,0,13,凱基-埔墘,2023-12-19,9288
2515,中工,13,0,13,凱基-埔墘,2023-12-19,9288
2630,亞航,14,1,13,凱基-埔墘,2023-12-19,9288
2371,大同,11,0,11,凱基-埔墘,2023-12-19,9288
00918,大華優利高填息30,10,0,10,凱基-埔墘,2023-12-19,9288
1312,國喬,10,0,10,凱基-埔墘,2023-12-19,9288
1314,中石化,10,0,10,凱基-埔墘,2023-12-19,9288
1609,大亞,10,0,10,凱基-埔墘,2023-12-19,9288
2344,華邦電,12,2,10,凱基-埔墘,2023-12-19,9288
2451,創見,10,0,10,凱基-埔墘,2023-12-19,9288
3049,精金,10,0,10,凱基-埔墘,2023-12-19,9288
3231,緯創,12,2,10,凱基-埔墘,2023-12-19,9288
3379,彬台,10,0,10,凱基-埔墘,2023-12-19,9288
4174,浩鼎,10,0,10,凱基-埔墘,2023-12-19,9288
2352,佳世達,10,0,10,凱基-埔墘,2023-12-19,9288
3437,榮創,12,3,9,凱基-埔墘,2023-12-19,9288
1718,中纖,8,0,8,凱基-埔墘,2023-12-19,9288
1722,台肥,8,0,8,凱基-埔墘,2023-12-19,9288
6114,久威,8,0,8,凱基-埔墘,2023-12-19,9288
3481,群創,8,1,7,凱基-埔墘,2023-12-19,9288
1102,亞泥,7,0,7,凱基-埔墘,2023-12-19,9288
1504,東元,9,2,7,凱基-埔墘,2023-12-19,9288
6426,統新,7,0,7,凱基-埔墘,2023-12-19,9288
9919,康那香,7,0,7,凱基-埔墘,2023-12-19,9288
3548,兆利,12,6,6,凱基-埔墘,2023-12-19,9288
00720B,元大投資級公司債,7,1,6,凱基-埔墘,2023-12-19,9288
2032,新鋼,16,10,6,凱基-埔墘,2023-12-19,9288
2324,仁寶,5,0,5,凱基-埔墘,2023-12-19,9288
00675L,富邦臺灣加權正2,5,0,5,凱基-埔墘,2023-12-19,9288
2014,中鴻,29,24,5,凱基-埔墘,2023-12-19,9288
2104,國際中橡,5,0,5,凱基-埔墘,2023-12-19,9288
2887,台新金,5,0,5,凱基-埔墘,2023-12-19,9288
3047,訊舟,5,0,5,凱基-埔墘,2023-12-19,9288
3162,精確,5,0,5,凱基-埔墘,2023-12-19,9288
3376,新日興,7,2,5,凱基-埔墘,2023-12-19,9288
3712,永崴投控,5,0,5,凱基-埔墘,2023-12-19,9288
2312,金寶,160,10,150,凱基-埔墘,2023-12-20,9288
00679B,元大美債20年,83,0,83,凱基-埔墘,2023-12-20,9288
3013,晟銘電,70,0,70,凱基-埔墘,2023-12-20,9288
00688L,國泰20年美債正2,65,0,65,凱基-埔墘,2023-12-20,9288
3057,喬鼎,52,0,52,凱基-埔墘,2023-12-20,9288
2301,光寶科,51,1,50,凱基-埔墘,2023-12-20,9288
4121,優盛,50,0,50,凱基-埔墘,2023-12-20,9288
3548,兆利,44,3,41,凱基-埔墘,2023-12-20,9288
00937B,群益ESG投等債20,162,130,32,凱基-埔墘,2023-12-20,9288
2331,精英,38,8,30,凱基-埔墘,2023-12-20,9288
00918,大華優利高填息30,24,0,24,凱基-埔墘,2023-12-20,9288
2363,矽統,22,0,22,凱基-埔墘,2023-12-20,9288
3715,定穎投控,20,0,20,凱基-埔墘,2023-12-20,9288
2105,正新,20,1,19,凱基-埔墘,2023-12-20,9288
2426,鼎元,19,0,19,凱基-埔墘,2023-12-20,9288
2609,陽明,21,6,15,凱基-埔墘,2023-12-20,9288
2891,中信金,15,0,15,凱基-埔墘,2023-12-20,9288
2886,兆豐金,14,0,14,凱基-埔墘,2023-12-20,9288
6285,啟��,25,11,14,凱基-埔墘,2023-12-20,9288
00919,群益台灣精選高息,12,0,12,凱基-埔墘,2023-12-20,9288
3231,緯創,29,18,11,凱基-埔墘,2023-12-20,9288
2913,農林,10,0,10,凱基-埔墘,2023-12-20,9288
00708L,期元大S＆P黃金正2,10,0,10,凱基-埔墘,2023-12-20,9288
1907,永豐餘,10,0,10,凱基-埔墘,2023-12-20,9288
3033,威健,10,0,10,凱基-埔墘,2023-12-20,9288
6140,訊達,10,0,10,凱基-埔墘,2023-12-20,9288
6129,普誠,8,1,7,凱基-埔墘,2023-12-20,9288
00885,富邦越南,6,0,6,凱基-埔墘,2023-12-20,9288
3264,欣銓,6,0,6,凱基-埔墘,2023-12-20,9288
3706,神達,10,4,6,凱基-埔墘,2023-12-20,9288
9919,康那香,10,4,6,凱基-埔墘,2023-12-20,9288
00637L,元大滬深300正2,5,0,5,凱基-埔墘,2023-12-20,9288
00934,中信成長高股息,5,0,5,凱基-埔墘,2023-12-20,9288
1108,幸福,5,0,5,凱基-埔墘,2023-12-20,9288
2027,大成鋼,5,0,5,凱基-埔墘,2023-12-20,9288
2451,創見,5,0,5,凱基-埔墘,2023-12-20,9288
2606,裕民,5,0,5,凱基-埔墘,2023-12-20,9288
2630,亞航,5,0,5,凱基-埔墘,2023-12-20,9288
5215,科嘉-KY,5,0,5,凱基-埔墘,2023-12-20,9288
1718,中纖,8,4,4,凱基-埔墘,2023-12-20,9288
2101,南港,4,0,4,凱基-埔墘,2023-12-20,9288
2605,新興,4,0,4,凱基-埔墘,2023-12-20,9288
5439,高技,4,0,4,凱基-埔墘,2023-12-20,9288
3006,晶豪科,6,2,4,凱基-埔墘,2023-12-20,9288
2002,中鋼,3,0,3,凱基-埔墘,2023-12-20,9288
2618,長榮航,3,0,3,凱基-埔墘,2023-12-20,9288
3017,奇鋐,3,0,3,凱基-埔墘,2023-12-20,9288
3346,麗清,3,0,3,凱基-埔墘,2023-12-20,9288
5347,世界,3,0,3,凱基-埔墘,2023-12-20,9288
6180,橘子,3,0,3,凱基-埔墘,2023-12-20,9288
00937B,群益ESG投等債20,231,160,71,凱基-埔墘,2023-12-21,9288
3231,緯創,68,5,63,凱基-埔墘,2023-12-21,9288
00919,群益台灣精選高息,29,1,28,凱基-埔墘,2023-12-21,9288
00929,復華台灣科技優息,24,0,24,凱基-埔墘,2023-12-21,9288
2330,台積電,24,1,23,凱基-埔墘,2023-12-21,9288
00680L,元大美債20正2,20,0,20,凱基-埔墘,2023-12-21,9288
00931B,統一美債20年,20,0,20,凱基-埔墘,2023-12-21,9288
2417,圓剛,20,0,20,凱基-埔墘,2023-12-21,9288
2501,國建,20,0,20,凱基-埔墘,2023-12-21,9288
6213,聯茂,20,0,20,凱基-埔墘,2023-12-21,9288
4167,松瑞藥,23,4,19,凱基-埔墘,2023-12-21,9288
2014,中鴻,23,5,18,凱基-埔墘,2023-12-21,9288
00878,國泰永續高股息,17,0,17,凱基-埔墘,2023-12-21,9288
00632R,元大台灣50反1,15,0,15,凱基-埔墘,2023-12-21,9288
3548,兆利,17,3,14,凱基-埔墘,2023-12-21,9288
00923,群益台ESG低碳50,13,0,13,凱基-埔墘,2023-12-21,9288
5515,建國,13,0,13,凱基-埔墘,2023-12-21,9288
4174,浩鼎,12,0,12,凱基-埔墘,2023-12-21,9288
1504,東元,11,0,11,凱基-埔墘,2023-12-21,9288
2913,農林,11,0,11,凱基-埔墘,2023-12-21,9288
00921,兆豐龍頭等權重,10,0,10,凱基-埔墘,2023-12-21,9288
1708,東鹼,10,0,10,凱基-埔墘,2023-12-21,9288
2353,宏��,20,10,10,凱基-埔墘,2023-12-21,9288
3033,威健,10,0,10,凱基-埔墘,2023-12-21,9288
4133,亞諾法,10,0,10,凱基-埔墘,2023-12-21,9288
6668,中揚光,11,1,10,凱基-埔墘,2023-12-21,9288
2903,遠百,9,0,9,凱基-埔墘,2023-12-21,9288
1466,聚隆,10,2,8,凱基-埔墘,2023-12-21,9288
8442,威宏-KY,8,0,8,凱基-埔墘,2023-12-21,9288
2323,中環,7,0,7,凱基-埔墘,2023-12-21,9288
2884,玉山金,7,0,7,凱基-埔墘,2023-12-21,9288
8054,安國,10,3,7,凱基-埔墘,2023-12-21,9288
2329,華泰,6,0,6,凱基-埔墘,2023-12-21,9288
2344,華邦電,13,7,6,凱基-埔墘,2023-12-21,9288
2506,太設,6,0,6,凱基-埔墘,2023-12-21,9288
2809,京城銀,5,0,5,凱基-埔墘,2023-12-21,9288
3057,喬鼎,5,0,5,凱基-埔墘,2023-12-21,9288
3605,宏致,5,0,5,凱基-埔墘,2023-12-21,9288
4164,承業醫,5,0,5,凱基-埔墘,2023-12-21,9288
8085,福華,5,0,5,凱基-埔墘,2023-12-21,9288
2886,兆豐金,5,1,4,凱基-埔墘,2023-12-21,9288
2356,英業達,28,24,4,凱基-埔墘,2023-12-21,9288
2412,中華電,4,0,4,凱基-埔墘,2023-12-21,9288
00720B,元大投資級公司債,6,2,4,凱基-埔墘,2023-12-21,9288
1718,中纖,6,2,4,凱基-埔墘,2023-12-21,9288
2449,京元電子,4,0,4,凱基-埔墘,2023-12-21,9288
2739,寒舍,8,4,4,凱基-埔墘,2023-12-21,9288
3264,欣銓,4,0,4,凱基-埔墘,2023-12-21,9288
0056,元大高股息,4,1,3,凱基-埔墘,2023-12-21,9288
2542,興富發,3,0,3,凱基-埔墘,2023-12-21,9288
00680L,元大美債20正2,1704,37,1667,凱基-埔墘,2023-12-22,9288
00937B,群益ESG投等債20,213,0,213,凱基-埔墘,2023-12-22,9288
2371,大同,200,0,200,凱基-埔墘,2023-12-22,9288
2409,友達,167,5,162,凱基-埔墘,2023-12-22,9288
2344,華邦電,109,15,94,凱基-埔墘,2023-12-22,9288
4426,利勤,58,0,58,凱基-埔墘,2023-12-22,9288
2356,英業達,58,5,53,凱基-埔墘,2023-12-22,9288
1503,士電,50,0,50,凱基-埔墘,2023-12-22,9288
2401,凌陽,60,10,50,凱基-埔墘,2023-12-22,9288
2903,遠百,38,0,38,凱基-埔墘,2023-12-22,9288
2363,矽統,31,0,31,凱基-埔墘,2023-12-22,9288
2337,旺宏,40,10,30,凱基-埔墘,2023-12-22,9288
3057,喬鼎,29,0,29,凱基-埔墘,2023-12-22,9288
3231,緯創,34,5,29,凱基-埔墘,2023-12-22,9288
4167,松瑞藥,21,0,21,凱基-埔墘,2023-12-22,9288
1314,中石化,30,10,20,凱基-埔墘,2023-12-22,9288
00900,富邦特選高股息30,19,0,19,凱基-埔墘,2023-12-22,9288
6462,神盾,24,5,19,凱基-埔墘,2023-12-22,9288
2451,創見,15,0,15,凱基-埔墘,2023-12-22,9288
4142,國光生,15,0,15,凱基-埔墘,2023-12-22,9288
00753L,中信中國50正2,16,2,14,凱基-埔墘,2023-12-22,9288
8996,高力,11,0,11,凱基-埔墘,2023-12-22,9288
8112,至上,11,0,11,凱基-埔墘,2023-12-22,9288
5521,工信,10,0,10,凱基-埔墘,2023-12-22,9288
2388,威盛,12,2,10,凱基-埔墘,2023-12-22,9288
2637,慧洋-KY,15,5,10,凱基-埔墘,2023-12-22,9288
3622,洋華,10,0,10,凱基-埔墘,2023-12-22,9288
4401,東隆興,10,0,10,凱基-埔墘,2023-12-22,9288
4973,廣穎,10,0,10,凱基-埔墘,2023-12-22,9288
6140,訊達,10,0,10,凱基-埔墘,2023-12-22,9288
6182,合晶,10,0,10,凱基-埔墘,2023-12-22,9288
8085,福華,10,0,10,凱基-埔墘,2023-12-22,9288
9105,泰金寶-DR,11,1,10,凱基-埔墘,2023-12-22,9288
00693U,期街口S＆P黃豆,8,0,8,凱基-埔墘,2023-12-22,9288
1326,台化,8,0,8,凱基-埔墘,2023-12-22,9288
2355,敬鵬,6,0,6,凱基-埔墘,2023-12-22,9288
1718,中纖,6,0,6,凱基-埔墘,2023-12-22,9288
3013,晟銘電,8,2,6,凱基-埔墘,2023-12-22,9288
6443,元晶,5,0,5,凱基-埔墘,2023-12-22,9288
2002,中鋼,5,0,5,凱基-埔墘,2023-12-22,9288
2241,艾姆勒,5,0,5,凱基-埔墘,2023-12-22,9288
5009,榮剛,5,0,5,凱基-埔墘,2023-12-22,9288
6213,聯茂,5,0,5,凱基-埔墘,2023-12-22,9288
6284,佳邦,5,0,5,凱基-埔墘,2023-12-22,9288
6547,高端疫苗,5,0,5,凱基-埔墘,2023-12-22,9288
8110,華東,5,0,5,凱基-埔墘,2023-12-22,9288
0056,元大高股息,6,2,4,凱基-埔墘,2023-12-22,9288
1447,力鵬,4,0,4,凱基-埔墘,2023-12-22,9288
2421,建準,5,1,4,凱基-埔墘,2023-12-22,9288
2515,中工,5,1,4,凱基-埔墘,2023-12-22,9288
00919,群益台灣精選高息,55,7,48,凱基-埔墘,2023-12-25,9288
00715L,期街口布蘭特正2,50,5,45,凱基-埔墘,2023-12-25,9288
1101,台泥,30,0,30,凱基-埔墘,2023-12-25,9288
2399,映泰,20,0,20,凱基-埔墘,2023-12-25,9288
8039,台虹,20,0,20,凱基-埔墘,2023-12-25,9288
00720B,元大投資級公司債,16,0,16,凱基-埔墘,2023-12-25,9288
2615,萬海,41,26,15,凱基-埔墘,2023-12-25,9288
2486,一詮,15,0,15,凱基-埔墘,2023-12-25,9288
2630,亞航,19,5,14,凱基-埔墘,2023-12-25,9288
00937B,群益ESG投等債20,13,0,13,凱基-埔墘,2023-12-25,9288
6782,視陽,26,13,13,凱基-埔墘,2023-12-25,9288
3006,晶豪科,17,5,12,凱基-埔墘,2023-12-25,9288
2515,中工,35,23,12,凱基-埔墘,2023-12-25,9288
2498,宏達電,23,11,12,凱基-埔墘,2023-12-25,9288
00688L,國泰20年美債正2,11,0,11,凱基-埔墘,2023-12-25,9288
4906,正文,11,0,11,凱基-埔墘,2023-12-25,9288
6695,芯鼎,14,3,11,凱基-埔墘,2023-12-25,9288
1304,台聚,10,0,10,凱基-埔墘,2023-12-25,9288
2609,陽明,62,52,10,凱基-埔墘,2023-12-25,9288
2032,新鋼,10,1,9,凱基-埔墘,2023-12-25,9288
2882,國泰金,9,0,9,凱基-埔墘,2023-12-25,9288
2421,建準,12,4,8,凱基-埔墘,2023-12-25,9288
3014,聯陽,8,0,8,凱基-埔墘,2023-12-25,9288
00900,富邦特選高股息30,7,0,7,凱基-埔墘,2023-12-25,9288
3024,憶聲,7,0,7,凱基-埔墘,2023-12-25,9288
1605,華新,6,0,6,凱基-埔墘,2023-12-25,9288
2007,燁興,6,0,6,凱基-埔墘,2023-12-25,9288
2613,中櫃,6,0,6,凱基-埔墘,2023-12-25,9288
2903,遠百,6,0,6,凱基-埔墘,2023-12-25,9288
6116,彩晶,6,0,6,凱基-埔墘,2023-12-25,9288
00680L,元大美債20正2,12,7,5,凱基-埔墘,2023-12-25,9288
2409,友達,5,0,5,凱基-埔墘,2023-12-25,9288
2412,中華電,5,0,5,凱基-埔墘,2023-12-25,9288
6117,迎廣,8,3,5,凱基-埔墘,2023-12-25,9288
6284,佳邦,5,0,5,凱基-埔墘,2023-12-25,9288
8112,至上,4,0,4,凱基-埔墘,2023-12-25,9288
1805,寶徠,4,0,4,凱基-埔墘,2023-12-25,9288
2038,海光,6,2,4,凱基-埔墘,2023-12-25,9288
2618,長榮航,7,3,4,凱基-埔墘,2023-12-25,9288
3005,神基,6,2,4,凱基-埔墘,2023-12-25,9288
3055,蔚華科,4,0,4,凱基-埔墘,2023-12-25,9288
4543,萬在,4,0,4,凱基-埔墘,2023-12-25,9288
0056,元大高股息,19,15,4,凱基-埔墘,2023-12-25,9288
1303,南亞,3,0,3,凱基-埔墘,2023-12-25,9288
00637L,元大滬深300正2,3,0,3,凱基-埔墘,2023-12-25,9288
1514,亞力,3,0,3,凱基-埔墘,2023-12-25,9288
2369,菱生,3,0,3,凱基-埔墘,2023-12-25,9288
3036,文曄,4,1,3,凱基-埔墘,2023-12-25,9288
3217,優群,3,0,3,凱基-埔墘,2023-12-25,9288
4979,華星光,3,0,3,凱基-埔墘,2023-12-25,9288
1609,大亞,90,0,90,凱基-埔墘,2023-12-26,9288
00937B,群益ESG投等債20,75,0,75,凱基-埔墘,2023-12-26,9288
00919,群益台灣精選高息,72,0,72,凱基-埔墘,2023-12-26,9288
3481,群創,104,51,53,凱基-埔墘,2023-12-26,9288
00923,群益台ESG低碳50,40,0,40,凱基-埔墘,2023-12-26,9288
2409,友達,62,23,39,凱基-埔墘,2023-12-26,9288
2457,飛宏,31,1,30,凱基-埔墘,2023-12-26,9288
00688L,國泰20年美債正2,29,0,29,凱基-埔墘,2023-12-26,9288
3231,緯創,27,7,20,凱基-埔墘,2023-12-26,9288
6288,聯嘉,25,6,19,凱基-埔墘,2023-12-26,9288
1519,華城,26,9,17,凱基-埔墘,2023-12-26,9288
2402,毅嘉,17,4,13,凱基-埔墘,2023-12-26,9288
00687B,國泰20年美債,20,8,12,凱基-埔墘,2023-12-26,9288
8442,威宏-KY,32,20,12,凱基-埔墘,2023-12-26,9288
00929,復華台灣科技優息,13,2,11,凱基-埔墘,2023-12-26,9288
2618,長榮航,14,3,11,凱基-埔墘,2023-12-26,9288
1455,集盛,10,0,10,凱基-埔墘,2023-12-26,9288
6270,倍微,17,7,10,凱基-埔墘,2023-12-26,9288
8926,台汽電,10,0,10,凱基-埔墘,2023-12-26,9288
8089,康全電訊,12,3,9,凱基-埔墘,2023-12-26,9288
00680L,元大美債20正2,8,0,8,凱基-埔墘,2023-12-26,9288
3581,博磊,7,0,7,凱基-埔墘,2023-12-26,9288
6285,啟��,8,1,7,凱基-埔墘,2023-12-26,9288
2324,仁寶,44,37,7,凱基-埔墘,2023-12-26,9288
1304,台聚,5,0,5,凱基-埔墘,2023-12-26,9288
1591,駿吉-KY,5,0,5,凱基-埔墘,2023-12-26,9288
2314,台揚,5,0,5,凱基-埔墘,2023-12-26,9288
6191,精成科,5,0,5,凱基-埔墘,2023-12-26,9288
8068,全達,5,0,5,凱基-埔墘,2023-12-26,9288
8088,品安,11,6,5,凱基-埔墘,2023-12-26,9288
00753L,中信中國50正2,5,1,4,凱基-埔墘,2023-12-26,9288
00885,富邦越南,4,0,4,凱基-埔墘,2023-12-26,9288
2231,為升,4,0,4,凱基-埔墘,2023-12-26,9288
3583,辛耘,4,0,4,凱基-埔墘,2023-12-26,9288
8222,寶一,4,0,4,凱基-埔墘,2023-12-26,9288
2498,宏達電,3,0,3,凱基-埔墘,2023-12-26,9288
2014,中鴻,6,3,3,凱基-埔墘,2023-12-26,9288
00878,國泰永續高股息,15,12,3,凱基-埔墘,2023-12-26,9288
00795B,中信美國公債20年,5,2,3,凱基-埔墘,2023-12-26,9288
2017,官田鋼,3,0,3,凱基-埔墘,2023-12-26,9288
2408,南亞科,3,0,3,凱基-埔墘,2023-12-26,9288
3036,文曄,3,0,3,凱基-埔墘,2023-12-26,9288
3260,威剛,3,0,3,凱基-埔墘,2023-12-26,9288
5210,寶碩,3,0,3,凱基-埔墘,2023-12-26,9288
6112,邁達特,3,0,3,凱基-埔墘,2023-12-26,9288
6533,晶心科,3,0,3,凱基-埔墘,2023-12-26,9288
8426,紅木-KY,3,0,3,凱基-埔墘,2023-12-26,9288
2382,廣達,3,0,3,凱基-埔墘,2023-12-26,9288
1466,聚隆,2,0,2,凱基-埔墘,2023-12-26,9288
1560,中砂,5,3,2,凱基-埔墘,2023-12-26,9288
3376,新日興,172,16,156,凱基-埔墘,2023-12-27,9288
00688L,國泰20年美債正2,105,0,105,凱基-埔墘,2023-12-27,9288
6462,神盾,105,55,50,凱基-埔墘,2023-12-27,9288
3548,兆利,41,2,39,凱基-埔墘,2023-12-27,9288
00680L,元大美債20正2,31,0,31,凱基-埔墘,2023-12-27,9288
1603,華電,30,0,30,凱基-埔墘,2023-12-27,9288
2515,中工,29,0,29,凱基-埔墘,2023-12-27,9288
3231,緯創,35,7,28,凱基-埔墘,2023-12-27,9288
2462,良得電,25,1,24,凱基-埔墘,2023-12-27,9288
2618,長榮航,36,12,24,凱基-埔墘,2023-12-27,9288
00919,群益台灣精選高息,22,0,22,凱基-埔墘,2023-12-27,9288
5381,合正,21,0,21,凱基-埔墘,2023-12-27,9288
8105,凌巨,20,0,20,凱基-埔墘,2023-12-27,9288
2324,仁寶,41,27,14,凱基-埔墘,2023-12-27,9288
1504,東元,14,2,12,凱基-埔墘,2023-12-27,9288
2409,友達,30,18,12,凱基-埔墘,2023-12-27,9288
3006,晶豪科,18,6,12,凱基-埔墘,2023-12-27,9288
00687B,國泰20年美債,17,7,10,凱基-埔墘,2023-12-27,9288
2417,圓剛,10,0,10,凱基-埔墘,2023-12-27,9288
3005,神基,10,0,10,凱基-埔墘,2023-12-27,9288
6180,橘子,10,0,10,凱基-埔墘,2023-12-27,9288
6213,聯茂,13,3,10,凱基-埔墘,2023-12-27,9288
2353,宏��,34,24,10,凱基-埔墘,2023-12-27,9288
00679B,元大美債20年,11,2,9,凱基-埔墘,2023-12-27,9288
3694,海華,10,1,9,凱基-埔墘,2023-12-27,9288
6695,芯鼎,18,9,9,凱基-埔墘,2023-12-27,9288
2356,英業達,19,10,9,凱基-埔墘,2023-12-27,9288
6244,茂迪,11,4,7,凱基-埔墘,2023-12-27,9288
3545,敦泰,9,2,7,凱基-埔墘,2023-12-27,9288
6138,茂達,8,1,7,凱基-埔墘,2023-12-27,9288
8039,台虹,31,24,7,凱基-埔墘,2023-12-27,9288
2637,慧洋-KY,8,2,6,凱基-埔墘,2023-12-27,9288
1568,倉佑,6,0,6,凱基-埔墘,2023-12-27,9288
2405,輔信,11,5,6,凱基-埔墘,2023-12-27,9288
2867,三商壽,6,0,6,凱基-埔墘,2023-12-27,9288
3081,聯亞,6,0,6,凱基-埔墘,2023-12-27,9288
3260,威剛,7,1,6,凱基-埔墘,2023-12-27,9288
6182,合晶,7,1,6,凱基-埔墘,2023-12-27,9288
6756,威鋒電子,7,1,6,凱基-埔墘,2023-12-27,9288
00830,國泰費城半導體,5,0,5,凱基-埔墘,2023-12-27,9288
00673R,期元大S＆P原油反1,5,0,5,凱基-埔墘,2023-12-27,9288
1605,華新,8,3,5,凱基-埔墘,2023-12-27,9288
3138,耀登,5,0,5,凱基-埔墘,2023-12-27,9288
3152,璟德,5,0,5,凱基-埔墘,2023-12-27,9288
4142,國光生,5,0,5,凱基-埔墘,2023-12-27,9288
5014,建錩,5,0,5,凱基-埔墘,2023-12-27,9288
6104,創惟,5,0,5,凱基-埔墘,2023-12-27,9288
8011,台通,5,0,5,凱基-埔墘,2023-12-27,9288
8442,威宏-KY,21,16,5,凱基-埔墘,2023-12-27,9288
8926,台汽電,5,0,5,凱基-埔墘,2023-12-27,9288
00937B,群益ESG投等債20,731,205,526,凱基-埔墘,2023-12-28,9288
1503,士電,512,5,507,凱基-埔墘,2023-12-28,9288
2324,仁寶,186,15,171,凱基-埔墘,2023-12-28,9288
3376,新日興,144,2,142,凱基-埔墘,2023-12-28,9288
00882,中信中國高股息,100,0,100,凱基-埔墘,2023-12-28,9288
00637L,元大滬深300正2,100,17,83,凱基-埔墘,2023-12-28,9288
00688L,國泰20年美債正2,62,1,61,凱基-埔墘,2023-12-28,9288
1560,中砂,51,1,50,凱基-埔墘,2023-12-28,9288
2356,英業達,56,9,47,凱基-埔墘,2023-12-28,9288
0056,元大高股息,46,5,41,凱基-埔墘,2023-12-28,9288
1513,中興電,50,10,40,凱基-埔墘,2023-12-28,9288
2417,圓剛,30,0,30,凱基-埔墘,2023-12-28,9288
1605,華新,41,13,28,凱基-埔墘,2023-12-28,9288
00715L,期街口布蘭特正2,20,0,20,凱基-埔墘,2023-12-28,9288
2399,映泰,20,0,20,凱基-埔墘,2023-12-28,9288
3024,憶聲,20,0,20,凱基-埔墘,2023-12-28,9288
3645,達邁,20,0,20,凱基-埔墘,2023-12-28,9288
2630,亞航,18,3,15,凱基-埔墘,2023-12-28,9288
2312,金寶,14,0,14,凱基-埔墘,2023-12-28,9288
5381,合正,14,0,14,凱基-埔墘,2023-12-28,9288
00929,復華台灣科技優息,39,27,12,凱基-埔墘,2023-12-28,9288
00919,群益台灣精選高息,61,50,11,凱基-埔墘,2023-12-28,9288
00712,復華富時不動產,10,0,10,凱基-埔墘,2023-12-28,9288
00915,凱基優選高股息30,10,0,10,凱基-埔墘,2023-12-28,9288
2348,海悅,10,0,10,凱基-埔墘,2023-12-28,9288
2611,志信,10,0,10,凱基-埔墘,2023-12-28,9288
3380,明泰,10,0,10,凱基-埔墘,2023-12-28,9288
8926,台汽電,11,1,10,凱基-埔墘,2023-12-28,9288
1618,合機,16,7,9,凱基-埔墘,2023-12-28,9288
2542,興富發,9,0,9,凱基-埔墘,2023-12-28,9288
3338,泰碩,13,4,9,凱基-埔墘,2023-12-28,9288
2609,陽明,15,8,7,凱基-埔墘,2023-12-28,9288
2615,萬海,7,0,7,凱基-埔墘,2023-12-28,9288
00885,富邦越南,7,0,7,凱基-埔墘,2023-12-28,9288
5515,建國,7,0,7,凱基-埔墘,2023-12-28,9288
2353,宏��,29,22,7,凱基-埔墘,2023-12-28,9288
00850,元大臺灣ESG永續,6,0,6,凱基-埔墘,2023-12-28,9288
3305,昇貿,6,0,6,凱基-埔墘,2023-12-28,9288
6196,帆宣,6,0,6,凱基-埔墘,2023-12-28,9288
00708L,期元大S＆P黃金正2,5,0,5,凱基-埔墘,2023-12-28,9288
1733,五鼎,5,0,5,凱基-埔墘,2023-12-28,9288
3017,奇鋐,8,3,5,凱基-埔墘,2023-12-28,9288
3694,海華,10,5,5,凱基-埔墘,2023-12-28,9288
5608,四維航,5,0,5,凱基-埔墘,2023-12-28,9288
6150,撼訊,5,0,5,凱基-埔墘,2023-12-28,9288
6625,必應,5,0,5,凱基-埔墘,2023-12-28,9288
2308,台達電,4,0,4,凱基-埔墘,2023-12-28,9288
2436,偉詮電,10,6,4,凱基-埔墘,2023-12-28,9288
4908,前鼎,4,0,4,凱基-埔墘,2023-12-28,9288
5483,中美晶,3,0,3,凱基-埔墘,2023-12-28,9288
3260,威剛,96,1,95,凱基-埔墘,2023-12-29,9288
00673R,期元大S＆P原油反1,50,5,45,凱基-埔墘,2023-12-29,9288
00688L,國泰20年美債正2,35,0,35,凱基-埔墘,2023-12-29,9288
1560,中砂,31,1,30,凱基-埔墘,2023-12-29,9288
00937B,群益ESG投等債20,29,1,28,凱基-埔墘,2023-12-29,9288
2329,華泰,26,0,26,凱基-埔墘,2023-12-29,9288
2363,矽統,21,0,21,凱基-埔墘,2023-12-29,9288
6285,啟��,36,15,21,凱基-埔墘,2023-12-29,9288
00655L,國泰中國A50正2,20,0,20,凱基-埔墘,2023-12-29,9288
00715L,期街口布蘭特正2,20,0,20,凱基-埔墘,2023-12-29,9288
1616,億泰,20,0,20,凱基-埔墘,2023-12-29,9288
3704,合勤控,17,0,17,凱基-埔墘,2023-12-29,9288
6125,廣運,25,10,15,凱基-埔墘,2023-12-29,9288
1503,士電,16,2,14,凱基-埔墘,2023-12-29,9288
1504,東元,11,0,11,凱基-埔墘,2023-12-29,9288
2891,中信金,11,0,11,凱基-埔墘,2023-12-29,9288
2002,中鋼,11,1,10,凱基-埔墘,2023-12-29,9288
2348,海悅,10,0,10,凱基-埔墘,2023-12-29,9288
2812,台中銀,10,0,10,凱基-埔墘,2023-12-29,9288
2867,三商壽,10,0,10,凱基-埔墘,2023-12-29,9288
8088,品安,25,15,10,凱基-埔墘,2023-12-29,9288
9105,泰金寶-DR,10,0,10,凱基-埔墘,2023-12-29,9288
0056,元大高股息,9,0,9,凱基-埔墘,2023-12-29,9288
2353,宏��,21,12,9,凱基-埔墘,2023-12-29,9288
2606,裕民,10,1,9,凱基-埔墘,2023-12-29,9288
2027,大成鋼,8,0,8,凱基-埔墘,2023-12-29,9288
3558,神準,8,0,8,凱基-埔墘,2023-12-29,9288
6129,普誠,8,0,8,凱基-埔墘,2023-12-29,9288
2457,飛宏,6,0,6,凱基-埔墘,2023-12-29,9288
00642U,期元大S＆P石油,6,0,6,凱基-埔墘,2023-12-29,9288
00679B,元大美債20年,6,0,6,凱基-埔墘,2023-12-29,9288
00933B,國泰10Y+金融債,6,0,6,凱基-埔墘,2023-12-29,9288
00929,復華台灣科技優息,11,5,6,凱基-埔墘,2023-12-29,9288
3714,富采,6,0,6,凱基-埔墘,2023-12-29,9288
5351,鈺創,6,0,6,凱基-埔墘,2023-12-29,9288
5381,合正,6,0,6,凱基-埔墘,2023-12-29,9288
1513,中興電,6,1,5,凱基-埔墘,2023-12-29,9288
00795B,中信美國公債20年,5,0,5,凱基-埔墘,2023-12-29,9288
00772B,中信高評級公司債,5,0,5,凱基-埔墘,2023-12-29,9288
2610,華航,5,0,5,凱基-埔墘,2023-12-29,9288
4426,利勤,5,0,5,凱基-埔墘,2023-12-29,9288
8358,金居,5,0,5,凱基-埔墘,2023-12-29,9288
00882,中信中國高股息,4,0,4,凱基-埔墘,2023-12-29,9288
1805,寶徠,4,0,4,凱基-埔墘,2023-12-29,9288
6248,沛波,4,0,4,凱基-埔墘,2023-12-29,9288
00719B,元大美債1-3,3,0,3,凱基-埔墘,2023-12-29,9288
00934,中信成長高股息,3,0,3,凱基-埔墘,2023-12-29,9288
1708,東鹼,3,0,3,凱基-埔墘,2023-12-29,9288
1785,光洋科,3,0,3,凱基-埔墘,2023-12-29,9288
2371,大同,3,0,3,凱基-埔墘,2023-12-29,9288
2617,台航,126,1,125,凱基-埔墘,2024-01-02,9288
6223,旺矽,61,3,58,凱基-埔墘,2024-01-02,9288
00688L,國泰20年美債正2,53,0,53,凱基-埔墘,2024-01-02,9288
5533,皇鼎,50,0,50,凱基-埔墘,2024-01-02,9288
1733,五鼎,40,5,35,凱基-埔墘,2024-01-02,9288
00915,凱基優選高股息30,31,0,31,凱基-埔墘,2024-01-02,9288
2609,陽明,59,29,30,凱基-埔墘,2024-01-02,9288
2641,正德,28,2,26,凱基-埔墘,2024-01-02,9288
3489,森寶,21,0,21,凱基-埔墘,2024-01-02,9288
00923,群益台ESG低碳50,20,0,20,凱基-埔墘,2024-01-02,9288
2324,仁寶,57,38,19,凱基-埔墘,2024-01-02,9288
00637L,元大滬深300正2,17,0,17,凱基-埔墘,2024-01-02,9288
00937B,群益ESG投等債20,15,0,15,凱基-埔墘,2024-01-02,9288
00935,野村臺灣新科技50,15,0,15,凱基-埔墘,2024-01-02,9288
2610,華航,33,18,15,凱基-埔墘,2024-01-02,9288
3162,精確,15,0,15,凱基-埔墘,2024-01-02,9288
8011,台通,15,0,15,凱基-埔墘,2024-01-02,9288
00929,復華台灣科技優息,20,5,15,凱基-埔墘,2024-01-02,9288
00919,群益台灣精選高息,14,0,14,凱基-埔墘,2024-01-02,9288
6285,啟��,24,10,14,凱基-埔墘,2024-01-02,9288
2603,長榮,19,5,14,凱基-埔墘,2024-01-02,9288
00712,復華富時不動產,13,0,13,凱基-埔墘,2024-01-02,9288
2344,華邦電,17,4,13,凱基-埔墘,2024-01-02,9288
2027,大成鋼,13,1,12,凱基-埔墘,2024-01-02,9288
5515,建國,11,0,11,凱基-埔墘,2024-01-02,9288
00679B,元大美債20年,12,1,11,凱基-埔墘,2024-01-02,9288
2363,矽統,10,0,10,凱基-埔墘,2024-01-02,9288
2355,敬鵬,10,0,10,凱基-埔墘,2024-01-02,9288
00885,富邦越南,10,0,10,凱基-埔墘,2024-01-02,9288
2376,技嘉,12,2,10,凱基-埔墘,2024-01-02,9288
3346,麗清,10,0,10,凱基-埔墘,2024-01-02,9288
4401,東隆興,10,0,10,凱基-埔墘,2024-01-02,9288
0056,元大高股息,20,12,8,凱基-埔墘,2024-01-02,9288
2356,英業達,10,2,8,凱基-埔墘,2024-01-02,9288
2476,鉅祥,8,0,8,凱基-埔墘,2024-01-02,9288
4162,智擎,10,2,8,凱基-埔墘,2024-01-02,9288
3260,威剛,8,0,8,凱基-埔墘,2024-01-02,9288
3231,緯創,10,3,7,凱基-埔墘,2024-01-02,9288
4768,晶呈科技,8,1,7,凱基-埔墘,2024-01-02,9288
6550,北極星藥業-KY,7,0,7,凱基-埔墘,2024-01-02,9288
00878,國泰永續高股息,18,12,6,凱基-埔墘,2024-01-02,9288
00687B,國泰20年美債,6,0,6,凱基-埔墘,2024-01-02,9288
00680L,元大美債20正2,6,0,6,凱基-埔墘,2024-01-02,9288
2401,凌陽,11,5,6,凱基-埔墘,2024-01-02,9288
3504,揚明光,6,0,6,凱基-埔墘,2024-01-02,9288
6547,高端疫苗,5,0,5,凱基-埔墘,2024-01-02,9288
00674R,期元大S＆P黃金反1,5,0,5,凱基-埔墘,2024-01-02,9288
1618,合機,5,0,5,凱基-埔墘,2024-01-02,9288
2353,宏��,7,2,5,凱基-埔墘,2024-01-02,9288
2883,凱基金,5,0,5,凱基-埔墘,2024-01-02,9288
00919,群益台灣精選高息,315,0,315,凱基-埔墘,2024-01-03,9288
6129,普誠,120,0,120,凱基-埔墘,2024-01-03,9288
00725B,國泰投資級公司債,66,0,66,凱基-埔墘,2024-01-03,9288
00929,復華台灣科技優息,57,0,57,凱基-埔墘,2024-01-03,9288
2537,聯上發,50,0,50,凱基-埔墘,2024-01-03,9288
00715L,期街口布蘭特正2,42,0,42,凱基-埔墘,2024-01-03,9288
0056,元大高股息,39,0,39,凱基-埔墘,2024-01-03,9288
3188,鑫龍騰,30,0,30,凱基-埔墘,2024-01-03,9288
2362,藍天,48,20,28,凱基-埔墘,2024-01-03,9288
00937B,群益ESG投等債20,21,0,21,凱基-埔墘,2024-01-03,9288
2344,華邦電,24,3,21,凱基-埔墘,2024-01-03,9288
5381,合正,21,0,21,凱基-埔墘,2024-01-03,9288
6446,藥華藥,21,0,21,凱基-埔墘,2024-01-03,9288
00878,國泰永續高股息,21,1,20,凱基-埔墘,2024-01-03,9288
2618,長榮航,37,17,20,凱基-埔墘,2024-01-03,9288
00680L,元大美債20正2,16,0,16,凱基-埔墘,2024-01-03,9288
3231,緯創,18,2,16,凱基-埔墘,2024-01-03,9288
3481,群創,16,1,15,凱基-埔墘,2024-01-03,9288
00885,富邦越南,14,0,14,凱基-埔墘,2024-01-03,9288
00882,中信中國高股息,15,2,13,凱基-埔墘,2024-01-03,9288
2605,新興,13,0,13,凱基-埔墘,2024-01-03,9288
00923,群益台ESG低碳50,12,0,12,凱基-埔墘,2024-01-03,9288
2002,中鋼,12,0,12,凱基-埔墘,2024-01-03,9288
00688L,國泰20年美債正2,11,0,11,凱基-埔墘,2024-01-03,9288
2363,矽統,11,0,11,凱基-埔墘,2024-01-03,9288
00935,野村臺灣新科技50,10,0,10,凱基-埔墘,2024-01-03,9288
2324,仁寶,31,21,10,凱基-埔墘,2024-01-03,9288
00720B,元大投資級公司債,10,0,10,凱基-埔墘,2024-01-03,9288
1504,東元,20,10,10,凱基-埔墘,2024-01-03,9288
1522,堤維西,10,0,10,凱基-埔墘,2024-01-03,9288
2206,三陽工業,18,8,10,凱基-埔墘,2024-01-03,9288
2630,亞航,10,0,10,凱基-埔墘,2024-01-03,9288
2834,臺企銀,10,0,10,凱基-埔墘,2024-01-03,9288
3346,麗清,10,0,10,凱基-埔墘,2024-01-03,9288
3390,旭軟,17,8,9,凱基-埔墘,2024-01-03,9288
6550,北極星藥業-KY,9,0,9,凱基-埔墘,2024-01-03,9288
8936,國統,10,1,9,凱基-埔墘,2024-01-03,9288
2330,台積電,8,0,8,凱基-埔墘,2024-01-03,9288
00900,富邦特選高股息30,7,0,7,凱基-埔墘,2024-01-03,9288
3711,日月光投控,6,0,6,凱基-埔墘,2024-01-03,9288
2357,華碩,9,3,6,凱基-埔墘,2024-01-03,9288
00915,凱基優選高股息30,6,0,6,凱基-埔墘,2024-01-03,9288
1303,南亞,6,0,6,凱基-埔墘,2024-01-03,9288
4401,東隆興,6,0,6,凱基-埔墘,2024-01-03,9288
5426,振發,6,0,6,凱基-埔墘,2024-01-03,9288
9934,成霖,6,0,6,凱基-埔墘,2024-01-03,9288
2409,友達,10,4,6,凱基-埔墘,2024-01-03,9288
2498,宏達電,5,0,5,凱基-埔墘,2024-01-03,9288
00713,元大台灣高息低波,5,0,5,凱基-埔墘,2024-01-03,9288
1560,中砂,5,0,5,凱基-埔墘,2024-01-03,9288
00637L,元大滬深300正2,125,6,119,凱基-埔墘,2024-01-04,9288
3188,鑫龍騰,91,0,91,凱基-埔墘,2024-01-04,9288
00929,復華台灣科技優息,69,0,69,凱基-埔墘,2024-01-04,9288
2867,三商壽,49,0,49,凱基-埔墘,2024-01-04,9288
00927,群益半導體收益,41,0,41,凱基-埔墘,2024-01-04,9288
2451,創見,40,0,40,凱基-埔墘,2024-01-04,9288
00674R,期元大S＆P黃金反1,35,0,35,凱基-埔墘,2024-01-04,9288
2367,燿華,35,0,35,凱基-埔墘,2024-01-04,9288
1609,大亞,26,1,25,凱基-埔墘,2024-01-04,9288
2618,長榮航,51,26,25,凱基-埔墘,2024-01-04,9288
0056,元大高股息,26,2,24,凱基-埔墘,2024-01-04,9288
2344,華邦電,26,6,20,凱基-埔墘,2024-01-04,9288
2732,六角,20,0,20,凱基-埔墘,2024-01-04,9288
2630,亞航,18,0,18,凱基-埔墘,2024-01-04,9288
00937B,群益ESG投等債20,18,0,18,凱基-埔墘,2024-01-04,9288
00679B,元大美債20年,20,5,15,凱基-埔墘,2024-01-04,9288
2362,藍天,15,0,15,凱基-埔墘,2024-01-04,9288
8011,台通,13,0,13,凱基-埔墘,2024-01-04,9288
1466,聚隆,18,6,12,凱基-埔墘,2024-01-04,9288
9919,康那香,24,12,12,凱基-埔墘,2024-01-04,9288
2537,聯上發,10,0,10,凱基-埔墘,2024-01-04,9288
2543,皇昌,10,0,10,凱基-埔墘,2024-01-04,9288
4133,亞諾法,10,0,10,凱基-埔墘,2024-01-04,9288
6233,旺玖,10,0,10,凱基-埔墘,2024-01-04,9288
6285,啟��,24,15,9,凱基-埔墘,2024-01-04,9288
8936,國統,9,0,9,凱基-埔墘,2024-01-04,9288
2461,光群雷,7,0,7,凱基-埔墘,2024-01-04,9288
00680L,元大美債20正2,6,0,6,凱基-埔墘,2024-01-04,9288
3694,海華,6,0,6,凱基-埔墘,2024-01-04,9288
2603,長榮,17,11,6,凱基-埔墘,2024-01-04,9288
00795B,中信美國公債20年,5,0,5,凱基-埔墘,2024-01-04,9288
00738U,期元大道瓊白銀,5,0,5,凱基-埔墘,2024-01-04,9288
2520,冠德,5,0,5,凱基-埔墘,2024-01-04,9288
2887,台新金,5,0,5,凱基-埔墘,2024-01-04,9288
3217,優群,5,0,5,凱基-埔墘,2024-01-04,9288
5355,佳總,5,0,5,凱基-埔墘,2024-01-04,9288
5515,建國,5,0,5,凱基-埔墘,2024-01-04,9288
6224,聚鼎,5,0,5,凱基-埔墘,2024-01-04,9288
2449,京元電子,4,0,4,凱基-埔墘,2024-01-04,9288
3234,光環,4,0,4,凱基-埔墘,2024-01-04,9288
3669,圓展,4,0,4,凱基-埔墘,2024-01-04,9288
6695,芯鼎,9,5,4,凱基-埔墘,2024-01-04,9288
8033,雷虎,4,0,4,凱基-埔墘,2024-01-04,9288
2353,宏��,13,10,3,凱基-埔墘,2024-01-04,9288
8046,南電,3,0,3,凱基-埔墘,2024-01-04,9288
2357,華碩,3,0,3,凱基-埔墘,2024-01-04,9288
2492,華新科,3,0,3,凱基-埔墘,2024-01-04,9288
00918,大華優利高填息30,3,0,3,凱基-埔墘,2024-01-04,9288
00934,中信成長高股息,3,0,3,凱基-埔墘,2024-01-04,9288
00662,富邦NASDAQ,3,0,3,凱基-埔墘,2024-01-04,9288
2537,聯上發,90,0,90,凱基-埔墘,2024-01-05,9288
8105,凌巨,109,24,85,凱基-埔墘,2024-01-05,9288
2356,英業達,78,1,77,凱基-埔墘,2024-01-05,9288
5533,皇鼎,50,0,50,凱基-埔墘,2024-01-05,9288
2606,裕民,35,0,35,凱基-埔墘,2024-01-05,9288
3376,新日興,30,0,30,凱基-埔墘,2024-01-05,9288
00688L,國泰20年美債正2,30,0,30,凱基-埔墘,2024-01-05,9288
2618,長榮航,30,3,27,凱基-埔墘,2024-01-05,9288
00929,復華台灣科技優息,24,0,24,凱基-埔墘,2024-01-05,9288
2344,華邦電,22,0,22,凱基-埔墘,2024-01-05,9288
2610,華航,20,0,20,凱基-埔墘,2024-01-05,9288
2641,正德,22,5,17,凱基-埔墘,2024-01-05,9288
0056,元大高股息,16,1,15,凱基-埔墘,2024-01-05,9288
00715L,期街口布蘭特正2,15,0,15,凱基-埔墘,2024-01-05,9288
00927,群益半導體收益,14,0,14,凱基-埔墘,2024-01-05,9288
6285,啟��,24,10,14,凱基-埔墘,2024-01-05,9288
8096,擎亞,18,4,14,凱基-埔墘,2024-01-05,9288
2486,一詮,13,1,12,凱基-埔墘,2024-01-05,9288
00878,國泰永續高股息,12,2,10,凱基-埔墘,2024-01-05,9288
2327,國巨,10,0,10,凱基-埔墘,2024-01-05,9288
00881,國泰台灣5G+,10,0,10,凱基-埔墘,2024-01-05,9288
00902,中信電池及儲能,10,0,10,凱基-埔墘,2024-01-05,9288
3346,麗清,10,0,10,凱基-埔墘,2024-01-05,9288
4133,亞諾法,10,0,10,凱基-埔墘,2024-01-05,9288
5498,凱崴,10,0,10,凱基-埔墘,2024-01-05,9288
6271,同欣電,10,0,10,凱基-埔墘,2024-01-05,9288
00937B,群益ESG投等債20,9,0,9,凱基-埔墘,2024-01-05,9288
00923,群益台ESG低碳50,10,1,9,凱基-埔墘,2024-01-05,9288
1722,台肥,8,0,8,凱基-埔墘,2024-01-05,9288
2476,鉅祥,8,0,8,凱基-埔墘,2024-01-05,9288
3380,明泰,10,2,8,凱基-埔墘,2024-01-05,9288
3680,家登,7,0,7,凱基-埔墘,2024-01-05,9288
1466,聚隆,6,0,6,凱基-埔墘,2024-01-05,9288
2014,中鴻,6,0,6,凱基-埔墘,2024-01-05,9288
2362,藍天,35,29,6,凱基-埔墘,2024-01-05,9288
00795B,中信美國公債20年,5,0,5,凱基-埔墘,2024-01-05,9288
1584,精剛,10,5,5,凱基-埔墘,2024-01-05,9288
2303,聯電,6,1,5,凱基-埔墘,2024-01-05,9288
2353,宏��,5,0,5,凱基-埔墘,2024-01-05,9288
2611,志信,5,0,5,凱基-埔墘,2024-01-05,9288
2882,國泰金,5,0,5,凱基-埔墘,2024-01-05,9288
6191,精成科,5,0,5,凱基-埔墘,2024-01-05,9288
6667,信紘科,5,0,5,凱基-埔墘,2024-01-05,9288
2630,亞航,14,10,4,凱基-埔墘,2024-01-05,9288
2633,台灣高鐵,3,0,3,凱基-埔墘,2024-01-05,9288
00722B,群益投資級電信債,3,0,3,凱基-埔墘,2024-01-05,9288
00857B,永豐20年美公債,3,0,3,凱基-埔墘,2024-01-05,9288
00936,台新永續高息中小,3,0,3,凱基-埔墘,2024-01-05,9288
3489,森寶,3,0,3,凱基-埔墘,2024-01-05,9288
6113,亞矽,9,6,3,凱基-埔墘,2024-01-05,9288
00929,復華台灣科技優息,183,0,183,凱基-埔墘,2024-01-08,9288
1528,恩德,68,0,68,凱基-埔墘,2024-01-08,9288
5533,皇鼎,45,0,45,凱基-埔墘,2024-01-08,9288
3234,光環,26,0,26,凱基-埔墘,2024-01-08,9288
2317,鴻海,26,1,25,凱基-埔墘,2024-01-08,9288
2618,長榮航,20,0,20,凱基-埔墘,2024-01-08,9288
00688L,國泰20年美債正2,19,0,19,凱基-埔墘,2024-01-08,9288
00637L,元大滬深300正2,19,0,19,凱基-埔墘,2024-01-08,9288
00650L,復華香港正2,18,0,18,凱基-埔墘,2024-01-08,9288
00680L,元大美債20正2,18,0,18,凱基-埔墘,2024-01-08,9288
00937B,群益ESG投等債20,17,0,17,凱基-埔墘,2024-01-08,9288
6446,藥華藥,15,0,15,凱基-埔墘,2024-01-08,9288
6285,啟��,20,6,14,凱基-埔墘,2024-01-08,9288
2486,一詮,19,6,13,凱基-埔墘,2024-01-08,9288
3057,喬鼎,12,0,12,凱基-埔墘,2024-01-08,9288
2603,長榮,11,0,11,凱基-埔墘,2024-01-08,9288
1718,中纖,10,0,10,凱基-埔墘,2024-01-08,9288
2344,華邦電,18,8,10,凱基-埔墘,2024-01-08,9288
8096,擎亞,12,2,10,凱基-埔墘,2024-01-08,9288
3706,神達,11,2,9,凱基-埔墘,2024-01-08,9288
6182,合晶,9,0,9,凱基-埔墘,2024-01-08,9288
6472,保瑞,8,1,7,凱基-埔墘,2024-01-08,9288
00915,凱基優選高股息30,7,0,7,凱基-埔墘,2024-01-08,9288
2615,萬海,11,4,7,凱基-埔墘,2024-01-08,9288
2303,聯電,7,1,6,凱基-埔墘,2024-01-08,9288
00753L,中信中國50正2,7,1,6,凱基-埔墘,2024-01-08,9288
2352,佳世達,11,5,6,凱基-埔墘,2024-01-08,9288
3227,原相,6,0,6,凱基-埔墘,2024-01-08,9288
00902,中信電池及儲能,5,0,5,凱基-埔墘,2024-01-08,9288
00923,群益台ESG低碳50,5,0,5,凱基-埔墘,2024-01-08,9288
00921,兆豐龍頭等權重,5,0,5,凱基-埔墘,2024-01-08,9288
2610,華航,8,3,5,凱基-埔墘,2024-01-08,9288
8111,立��,5,0,5,凱基-埔墘,2024-01-08,9288
9919,康那香,5,0,5,凱基-埔墘,2024-01-08,9288
2308,台達電,4,0,4,凱基-埔墘,2024-01-08,9288
00687B,國泰20年美債,4,0,4,凱基-埔墘,2024-01-08,9288
00751B,元大AAA至A公司債,4,0,4,凱基-埔墘,2024-01-08,9288
2101,南港,4,0,4,凱基-埔墘,2024-01-08,9288
2388,威盛,7,3,4,凱基-埔墘,2024-01-08,9288
2467,志聖,10,6,4,凱基-埔墘,2024-01-08,9288
2633,台灣高鐵,4,0,4,凱基-埔墘,2024-01-08,9288
3047,訊舟,4,0,4,凱基-埔墘,2024-01-08,9288
3673,TPK-KY,4,0,4,凱基-埔墘,2024-01-08,9288
3680,家登,4,0,4,凱基-埔墘,2024-01-08,9288
6187,萬潤,4,0,4,凱基-埔墘,2024-01-08,9288
2606,裕民,6,2,4,凱基-埔墘,2024-01-08,9288
3032,偉訓,9,5,4,凱基-埔墘,2024-01-08,9288
2867,三商壽,4,0,4,凱基-埔墘,2024-01-08,9288
00919,群益台灣精選高息,3,0,3,凱基-埔墘,2024-01-08,9288
2613,中櫃,3,0,3,凱基-埔墘,2024-01-08,9288
2461,光群雷,167,8,159,凱基-埔墘,2024-01-09,9288
00929,復華台灣科技優息,119,0,119,凱基-埔墘,2024-01-09,9288
1514,亞力,118,3,115,凱基-埔墘,2024-01-09,9288
2610,華航,110,10,100,凱基-埔墘,2024-01-09,9288
00632R,元大台灣50反1,70,0,70,凱基-埔墘,2024-01-09,9288
2609,陽明,54,8,46,凱基-埔墘,2024-01-09,9288
3231,緯創,64,22,42,凱基-埔墘,2024-01-09,9288
1528,恩德,42,0,42,凱基-埔墘,2024-01-09,9288
5488,松普,38,0,38,凱基-埔墘,2024-01-09,9288
3376,新日興,30,0,30,凱基-埔墘,2024-01-09,9288
6285,啟��,27,10,17,凱基-埔墘,2024-01-09,9288
00933B,國泰10Y+金融債,15,0,15,凱基-埔墘,2024-01-09,9288
00932,兆豐永續高息等權,15,0,15,凱基-埔墘,2024-01-09,9288
3346,麗清,14,0,14,凱基-埔墘,2024-01-09,9288
5309,系統電,16,3,13,凱基-埔墘,2024-01-09,9288
2356,英業達,14,3,11,凱基-埔墘,2024-01-09,9288
2537,聯上發,12,2,10,凱基-埔墘,2024-01-09,9288
3013,晟銘電,10,0,10,凱基-埔墘,2024-01-09,9288
6196,帆宣,10,0,10,凱基-埔墘,2024-01-09,9288
2308,台達電,9,0,9,凱基-埔墘,2024-01-09,9288
00937B,群益ESG投等債20,9,0,9,凱基-埔墘,2024-01-09,9288
2615,萬海,22,14,8,凱基-埔墘,2024-01-09,9288
00680L,元大美債20正2,8,0,8,凱基-埔墘,2024-01-09,9288
2605,新興,8,0,8,凱基-埔墘,2024-01-09,9288
4164,承業醫,10,2,8,凱基-埔墘,2024-01-09,9288
2376,技嘉,9,2,7,凱基-埔墘,2024-01-09,9288
2324,仁寶,36,29,7,凱基-埔墘,2024-01-09,9288
5426,振發,27,20,7,凱基-埔墘,2024-01-09,9288
6446,藥華藥,7,0,7,凱基-埔墘,2024-01-09,9288
8105,凌巨,7,0,7,凱基-埔墘,2024-01-09,9288
8111,立��,19,13,6,凱基-埔墘,2024-01-09,9288
2887,台新金,5,0,5,凱基-埔墘,2024-01-09,9288
2363,矽統,12,7,5,凱基-埔墘,2024-01-09,9288
1304,台聚,5,0,5,凱基-埔墘,2024-01-09,9288
00915,凱基優選高股息30,5,0,5,凱基-埔墘,2024-01-09,9288
00795B,中信美國公債20年,5,0,5,凱基-埔墘,2024-01-09,9288
2303,聯電,8,3,5,凱基-埔墘,2024-01-09,9288
2382,廣達,10,5,5,凱基-埔墘,2024-01-09,9288
2421,建準,5,0,5,凱基-埔墘,2024-01-09,9288
2601,益航,5,0,5,凱基-埔墘,2024-01-09,9288
2630,亞航,5,0,5,凱基-埔墘,2024-01-09,9288
2883,凱基金,5,0,5,凱基-埔墘,2024-01-09,9288
2884,玉山金,5,0,5,凱基-埔墘,2024-01-09,9288
2603,長榮,10,6,4,凱基-埔墘,2024-01-09,9288
00864B,中信美國公債0-1,4,0,4,凱基-埔墘,2024-01-09,9288
00737,國泰AI+Robo,4,0,4,凱基-埔墘,2024-01-09,9288
1733,五鼎,4,0,4,凱基-埔墘,2024-01-09,9288
2230,泰茂,4,0,4,凱基-埔墘,2024-01-09,9288
2401,凌陽,6,2,4,凱基-埔墘,2024-01-09,9288
2543,皇昌,5,1,4,凱基-埔墘,2024-01-09,9288
00891,中信關鍵半導體,62,0,62,凱基-埔墘,2024-01-10,9288
9934,成霖,50,0,50,凱基-埔墘,2024-01-10,9288
2634,漢翔,45,8,37,凱基-埔墘,2024-01-10,9288
2506,太設,36,0,36,凱基-埔墘,2024-01-10,9288
2609,陽明,42,16,26,凱基-埔墘,2024-01-10,9288
2461,光群雷,24,0,24,凱基-埔墘,2024-01-10,9288
2317,鴻海,23,1,22,凱基-埔墘,2024-01-10,9288
00929,復華台灣科技優息,19,0,19,凱基-埔墘,2024-01-10,9288
0056,元大高股息,18,0,18,凱基-埔墘,2024-01-10,9288
2498,宏達電,17,2,15,凱基-埔墘,2024-01-10,9288
00673R,期元大S＆P原油反1,12,0,12,凱基-埔墘,2024-01-10,9288
2344,華邦電,11,0,11,凱基-埔墘,2024-01-10,9288
1528,恩德,10,0,10,凱基-埔墘,2024-01-10,9288
3479,安勤,10,0,10,凱基-埔墘,2024-01-10,9288
6285,啟��,24,15,9,凱基-埔墘,2024-01-10,9288
2330,台積電,8,0,8,凱基-埔墘,2024-01-10,9288
1326,台化,7,0,7,凱基-埔墘,2024-01-10,9288
00680L,元大美債20正2,7,0,7,凱基-埔墘,2024-01-10,9288
2356,英業達,8,1,7,凱基-埔墘,2024-01-10,9288
1301,台塑,7,1,6,凱基-埔墘,2024-01-10,9288
00923,群益台ESG低碳50,6,0,6,凱基-埔墘,2024-01-10,9288
00878,國泰永續高股息,7,2,5,凱基-埔墘,2024-01-10,9288
00712,復華富時不動產,5,0,5,凱基-埔墘,2024-01-10,9288
2362,藍天,10,5,5,凱基-埔墘,2024-01-10,9288
2887,台新金,5,0,5,凱基-埔墘,2024-01-10,9288
2897,王道銀行,5,0,5,凱基-埔墘,2024-01-10,9288
3499,環天科,5,0,5,凱基-埔墘,2024-01-10,9288
9911,櫻花,5,0,5,凱基-埔墘,2024-01-10,9288
00770,國泰北美科技,4,0,4,凱基-埔墘,2024-01-10,9288
00933B,國泰10Y+金融債,4,0,4,凱基-埔墘,2024-01-10,9288
1447,力鵬,4,0,4,凱基-埔墘,2024-01-10,9288
2031,新光鋼,4,0,4,凱基-埔墘,2024-01-10,9288
2421,建準,5,1,4,凱基-埔墘,2024-01-10,9288
6150,撼訊,4,0,4,凱基-埔墘,2024-01-10,9288
6550,北極星藥業-KY,6,2,4,凱基-埔墘,2024-01-10,9288
6803,崑鼎,3,0,3,凱基-埔墘,2024-01-10,9288
1101,台泥,3,0,3,凱基-埔墘,2024-01-10,9288
1733,五鼎,3,0,3,凱基-埔墘,2024-01-10,9288
1815,富喬,3,0,3,凱基-埔墘,2024-01-10,9288
2367,燿華,3,0,3,凱基-埔墘,2024-01-10,9288
2492,華新科,3,0,3,凱基-埔墘,2024-01-10,9288
2493,揚博,3,0,3,凱基-埔墘,2024-01-10,9288
2607,榮運,3,0,3,凱基-埔墘,2024-01-10,9288
3260,威剛,3,0,3,凱基-埔墘,2024-01-10,9288
4401,東隆興,3,0,3,凱基-埔墘,2024-01-10,9288
6207,雷科,3,0,3,凱基-埔墘,2024-01-10,9288
6805,富世達,3,0,3,凱基-埔墘,2024-01-10,9288
2637,慧洋-KY,2,0,2,凱基-埔墘,2024-01-10,9288
2603,長榮,4,2,2,凱基-埔墘,2024-01-10,9288
2014,中鴻,2,0,2,凱基-埔墘,2024-01-10,9288
2461,光群雷,133,0,133,凱基-埔墘,2024-01-11,9288
9934,成霖,55,0,55,凱基-埔墘,2024-01-11,9288
2317,鴻海,32,3,29,凱基-埔墘,2024-01-11,9288
2606,裕民,28,0,28,凱基-埔墘,2024-01-11,9288
2409,友達,28,2,26,凱基-埔墘,2024-01-11,9288
00688L,國泰20年美債正2,20,0,20,凱基-埔墘,2024-01-11,9288
2867,三商壽,20,0,20,凱基-埔墘,2024-01-11,9288
1560,中砂,20,1,19,凱基-埔墘,2024-01-11,9288
2897,王道銀行,15,0,15,凱基-埔墘,2024-01-11,9288
6285,啟��,24,10,14,凱基-埔墘,2024-01-11,9288
1733,五鼎,12,0,12,凱基-埔墘,2024-01-11,9288
2454,聯發科,11,1,10,凱基-埔墘,2024-01-11,9288
2301,光寶科,10,0,10,凱基-埔墘,2024-01-11,9288
3031,佰鴻,10,0,10,凱基-埔墘,2024-01-11,9288
3481,群創,13,3,10,凱基-埔墘,2024-01-11,9288
6603,富強鑫,10,0,10,凱基-埔墘,2024-01-11,9288
8050,廣積,10,0,10,凱基-埔墘,2024-01-11,9288
2329,華泰,25,16,9,凱基-埔墘,2024-01-11,9288
0050,元大台灣50,9,0,9,凱基-埔墘,2024-01-11,9288
00929,復華台灣科技優息,8,0,8,凱基-埔墘,2024-01-11,9288
1447,力鵬,8,0,8,凱基-埔墘,2024-01-11,9288
00680L,元大美債20正2,8,0,8,凱基-埔墘,2024-01-11,9288
6282,康舒,7,0,7,凱基-埔墘,2024-01-11,9288
2356,英業達,13,6,7,凱基-埔墘,2024-01-11,9288
2610,華航,7,0,7,凱基-埔墘,2024-01-11,9288
2406,國碩,6,0,6,凱基-埔墘,2024-01-11,9288
3147,大綜,6,0,6,凱基-埔墘,2024-01-11,9288
3390,旭軟,6,0,6,凱基-埔墘,2024-01-11,9288
8011,台通,10,4,6,凱基-埔墘,2024-01-11,9288
8454,富邦媒,5,0,5,凱基-埔墘,2024-01-11,9288
00720B,元大投資級公司債,5,0,5,凱基-埔墘,2024-01-11,9288
00715L,期街口布蘭特正2,5,0,5,凱基-埔墘,2024-01-11,9288
1312,國喬,5,0,5,凱基-埔墘,2024-01-11,9288
2605,新興,5,0,5,凱基-埔墘,2024-01-11,9288
3706,神達,20,15,5,凱基-埔墘,2024-01-11,9288
4401,東隆興,5,0,5,凱基-埔墘,2024-01-11,9288
5381,合正,5,0,5,凱基-埔墘,2024-01-11,9288
6108,競國,5,0,5,凱基-埔墘,2024-01-11,9288
6120,達運,16,11,5,凱基-埔墘,2024-01-11,9288
6168,宏齊,5,0,5,凱基-埔墘,2024-01-11,9288
6244,茂迪,5,0,5,凱基-埔墘,2024-01-11,9288
6509,聚和,5,0,5,凱基-埔墘,2024-01-11,9288
8096,擎亞,11,6,5,凱基-埔墘,2024-01-11,9288
2330,台積電,8,3,5,凱基-埔墘,2024-01-11,9288
3037,欣興,4,0,4,凱基-埔墘,2024-01-11,9288
1446,宏和,4,0,4,凱基-埔墘,2024-01-11,9288
2401,凌陽,4,0,4,凱基-埔墘,2024-01-11,9288
2882,國泰金,4,0,4,凱基-埔墘,2024-01-11,9288
3051,力特,4,0,4,凱基-埔墘,2024-01-11,9288
3712,永崴投控,4,0,4,凱基-埔墘,2024-01-11,9288
00929,復華台灣科技優息,33,3,30,凱基-埔墘,2024-01-12,9288
00933B,國泰10Y+金融債,30,0,30,凱基-埔墘,2024-01-12,9288
2618,長榮航,33,3,30,凱基-埔墘,2024-01-12,9288
0056,元大高股息,34,5,29,凱基-埔墘,2024-01-12,9288
1609,大亞,25,0,25,凱基-埔墘,2024-01-12,9288
1618,合機,23,0,23,凱基-埔墘,2024-01-12,9288
2634,漢翔,40,18,22,凱基-埔墘,2024-01-12,9288
5512,力麒,20,0,20,凱基-埔墘,2024-01-12,9288
8086,宏捷科,20,0,20,凱基-埔墘,2024-01-12,9288
6285,啟��,25,10,15,凱基-埔墘,2024-01-12,9288
3481,群創,14,0,14,凱基-埔墘,2024-01-12,9288
2641,正德,13,0,13,凱基-埔墘,2024-01-12,9288
2892,第一金,11,0,11,凱基-埔墘,2024-01-12,9288
3049,精金,11,0,11,凱基-埔墘,2024-01-12,9288
00904,新光臺灣半導體30,10,0,10,凱基-埔墘,2024-01-12,9288
00632R,元大台灣50反1,10,0,10,凱基-埔墘,2024-01-12,9288
00708L,期元大S＆P黃金正2,10,0,10,凱基-埔墘,2024-01-12,9288
1905,華紙,10,0,10,凱基-埔墘,2024-01-12,9288
2377,微星,10,0,10,凱基-埔墘,2024-01-12,9288
2481,強茂,10,0,10,凱基-埔墘,2024-01-12,9288
2886,兆豐金,10,0,10,凱基-埔墘,2024-01-12,9288
3260,威剛,10,0,10,凱基-埔墘,2024-01-12,9288
9934,成霖,10,0,10,凱基-埔墘,2024-01-12,9288
2897,王道銀行,9,0,9,凱基-埔墘,2024-01-12,9288
2449,京元電子,7,0,7,凱基-埔墘,2024-01-12,9288
8105,凌巨,7,0,7,凱基-埔墘,2024-01-12,9288
4979,華星光,9,2,7,凱基-埔墘,2024-01-12,9288
2324,仁寶,6,0,6,凱基-埔墘,2024-01-12,9288
2344,華邦電,6,0,6,凱基-埔墘,2024-01-12,9288
2425,承啟,8,2,6,凱基-埔墘,2024-01-12,9288
6695,芯鼎,13,7,6,凱基-埔墘,2024-01-12,9288
1337,再生-KY,5,0,5,凱基-埔墘,2024-01-12,9288
2453,凌群,5,0,5,凱基-埔墘,2024-01-12,9288
6219,富旺,5,0,5,凱基-埔墘,2024-01-12,9288
6790,永豐實,6,1,5,凱基-埔墘,2024-01-12,9288
1513,中興電,6,1,5,凱基-埔墘,2024-01-12,9288
2610,華航,4,0,4,凱基-埔墘,2024-01-12,9288
00772B,中信高評級公司債,5,1,4,凱基-埔墘,2024-01-12,9288
2461,光群雷,7,3,4,凱基-埔墘,2024-01-12,9288
2615,萬海,4,0,4,凱基-埔墘,2024-01-12,9288
3669,圓展,4,0,4,凱基-埔墘,2024-01-12,9288
6290,良維,4,0,4,凱基-埔墘,2024-01-12,9288
2353,宏��,9,5,4,凱基-埔墘,2024-01-12,9288
00936,台新永續高息中小,3,0,3,凱基-埔墘,2024-01-12,9288
00885,富邦越南,3,0,3,凱基-埔墘,2024-01-12,9288
1326,台化,3,0,3,凱基-埔墘,2024-01-12,9288
2337,旺宏,3,0,3,凱基-埔墘,2024-01-12,9288
2402,毅嘉,5,2,3,凱基-埔墘,2024-01-12,9288
2457,飛宏,3,0,3,凱基-埔墘,2024-01-12,9288
5009,榮剛,3,0,3,凱基-埔墘,2024-01-12,9288
00878,國泰永續高股息,150,5,145,凱基-埔墘,2024-01-15,9288
00632R,元大台灣50反1,80,0,80,凱基-埔墘,2024-01-15,9288
00929,復華台灣科技優息,56,0,56,凱基-埔墘,2024-01-15,9288
2486,一詮,51,6,45,凱基-埔墘,2024-01-15,9288
00881,國泰台灣5G+,25,0,25,凱基-埔墘,2024-01-15,9288
2617,台航,20,0,20,凱基-埔墘,2024-01-15,9288
3260,威剛,20,0,20,凱基-埔墘,2024-01-15,9288
4956,光鋐,20,0,20,凱基-埔墘,2024-01-15,9288
0056,元大高股息,28,10,18,凱基-埔墘,2024-01-15,9288
00931B,統一美債20年,16,0,16,凱基-埔墘,2024-01-15,9288
2897,王道銀行,16,0,16,凱基-埔墘,2024-01-15,9288
2481,強茂,15,0,15,凱基-埔墘,2024-01-15,9288
4164,承業醫,15,0,15,凱基-埔墘,2024-01-15,9288
8114,振樺電,35,20,15,凱基-埔墘,2024-01-15,9288
2634,漢翔,48,34,14,凱基-埔墘,2024-01-15,9288
00712,復華富時不動產,12,0,12,凱基-埔墘,2024-01-15,9288
00937B,群益ESG投等債20,11,0,11,凱基-埔墘,2024-01-15,9288
2324,仁寶,12,1,11,凱基-埔墘,2024-01-15,9288
2506,太設,16,5,11,凱基-埔墘,2024-01-15,9288
1528,恩德,11,1,10,凱基-埔墘,2024-01-15,9288
2101,南港,10,0,10,凱基-埔墘,2024-01-15,9288
2887,台新金,10,0,10,凱基-埔墘,2024-01-15,9288
1504,東元,10,1,9,凱基-埔墘,2024-01-15,9288
2882,國泰金,9,0,9,凱基-埔墘,2024-01-15,9288
6112,邁達特,9,0,9,凱基-埔墘,2024-01-15,9288
2888,新光金,11,3,8,凱基-埔墘,2024-01-15,9288
5426,振發,10,2,8,凱基-埔墘,2024-01-15,9288
00687B,國泰20年美債,7,0,7,凱基-埔墘,2024-01-15,9288
3437,榮創,7,0,7,凱基-埔墘,2024-01-15,9288
8039,台虹,7,0,7,凱基-埔墘,2024-01-15,9288
2382,廣達,8,2,6,凱基-埔墘,2024-01-15,9288
00882,中信中國高股息,5,0,5,凱基-埔墘,2024-01-15,9288
00930,永豐ESG低碳高息,5,0,5,凱基-埔墘,2024-01-15,9288
00637L,元大滬深300正2,21,16,5,凱基-埔墘,2024-01-15,9288
00680L,元大美債20正2,5,0,5,凱基-埔墘,2024-01-15,9288
1529,樂事綠能,5,0,5,凱基-埔墘,2024-01-15,9288
1733,五鼎,5,0,5,凱基-埔墘,2024-01-15,9288
2344,華邦電,14,9,5,凱基-埔墘,2024-01-15,9288
2883,凱基金,5,0,5,凱基-埔墘,2024-01-15,9288
4147,中裕,5,0,5,凱基-埔墘,2024-01-15,9288
6205,詮欣,5,0,5,凱基-埔墘,2024-01-15,9288
6443,元晶,10,5,5,凱基-埔墘,2024-01-15,9288
8068,全達,5,0,5,凱基-埔墘,2024-01-15,9288
0050,元大台灣50,7,2,5,凱基-埔墘,2024-01-15,9288
6223,旺矽,4,0,4,凱基-埔墘,2024-01-15,9288
2498,宏達電,5,1,4,凱基-埔墘,2024-01-15,9288
2884,玉山金,4,0,4,凱基-埔墘,2024-01-15,9288
3032,偉訓,4,0,4,凱基-埔墘,2024-01-15,9288
3588,通嘉,8,4,4,凱基-埔墘,2024-01-15,9288
6901,鑽石投資,4,0,4,凱基-埔墘,2024-01-15,9288
00929,復華台灣科技優息,114,5,109,凱基-埔墘,2024-01-16,9288
00878,國泰永續高股息,45,0,45,凱基-埔墘,2024-01-16,9288
00881,國泰台灣5G+,35,0,35,凱基-埔墘,2024-01-16,9288
0056,元大高股息,67,36,31,凱基-埔墘,2024-01-16,9288
2208,台船,32,1,31,凱基-埔墘,2024-01-16,9288
2344,華邦電,39,11,28,凱基-埔墘,2024-01-16,9288
2888,新光金,27,0,27,凱基-埔墘,2024-01-16,9288
6116,彩晶,23,1,22,凱基-埔墘,2024-01-16,9288
1565,精華,21,0,21,凱基-埔墘,2024-01-16,9288
2109,華豐,21,0,21,凱基-埔墘,2024-01-16,9288
2897,王道銀行,21,0,21,凱基-埔墘,2024-01-16,9288
3673,TPK-KY,21,0,21,凱基-埔墘,2024-01-16,9288
00715L,期街口布蘭特正2,20,0,20,凱基-埔墘,2024-01-16,9288
2485,兆赫,20,0,20,凱基-埔墘,2024-01-16,9288
1609,大亞,20,1,19,凱基-埔墘,2024-01-16,9288
6695,芯鼎,32,14,18,凱基-埔墘,2024-01-16,9288
1301,台塑,16,0,16,凱基-埔墘,2024-01-16,9288
2867,三商壽,16,0,16,凱基-埔墘,2024-01-16,9288
2887,台新金,15,0,15,凱基-埔墘,2024-01-16,9288
6147,頎邦,15,0,15,凱基-埔墘,2024-01-16,9288
00679B,元大美債20年,14,1,13,凱基-埔墘,2024-01-16,9288
2312,金寶,14,1,13,凱基-埔墘,2024-01-16,9288
3437,榮創,13,0,13,凱基-埔墘,2024-01-16,9288
00904,新光臺灣半導體30,12,0,12,凱基-埔墘,2024-01-16,9288
3027,盛達,12,0,12,凱基-埔墘,2024-01-16,9288
3032,偉訓,13,2,11,凱基-埔墘,2024-01-16,9288
3059,華晶科,11,0,11,凱基-埔墘,2024-01-16,9288
3706,神達,11,0,11,凱基-埔墘,2024-01-16,9288
00795B,中信美國公債20年,10,0,10,凱基-埔墘,2024-01-16,9288
1314,中石化,10,0,10,凱基-埔墘,2024-01-16,9288
1326,台化,10,0,10,凱基-埔墘,2024-01-16,9288
2601,益航,10,0,10,凱基-埔墘,2024-01-16,9288
3024,憶聲,10,0,10,凱基-埔墘,2024-01-16,9288
8917,欣泰,10,0,10,凱基-埔墘,2024-01-16,9288
2101,南港,10,0,10,凱基-埔墘,2024-01-16,9288
6550,北極星藥業-KY,9,0,9,凱基-埔墘,2024-01-16,9288
8096,擎亞,24,15,9,凱基-埔墘,2024-01-16,9288
00919,群益台灣精選高息,8,0,8,凱基-埔墘,2024-01-16,9288
8114,振樺電,8,0,8,凱基-埔墘,2024-01-16,9288
2356,英業達,9,1,8,凱基-埔墘,2024-01-16,9288
1102,亞泥,7,0,7,凱基-埔墘,2024-01-16,9288
1303,南亞,7,0,7,凱基-埔墘,2024-01-16,9288
00882,中信中國高股息,7,0,7,凱基-埔墘,2024-01-16,9288
3227,原相,7,0,7,凱基-埔墘,2024-01-16,9288
1109,信大,6,0,6,凱基-埔墘,2024-01-16,9288
1217,愛之味,5,0,5,凱基-埔墘,2024-01-16,9288
2241,艾姆勒,5,0,5,凱基-埔墘,2024-01-16,9288
2883,凱基金,5,0,5,凱基-埔墘,2024-01-16,9288
3499,環天科,5,0,5,凱基-埔墘,2024-01-16,9288
3712,永崴投控,8,3,5,凱基-埔墘,2024-01-16,9288
00882,中信中國高股息,113,0,113,凱基-埔墘,2024-01-17,9288
2371,大同,104,0,104,凱基-埔墘,2024-01-17,9288
00929,復華台灣科技優息,71,4,67,凱基-埔墘,2024-01-17,9288
0056,元大高股息,63,0,63,凱基-埔墘,2024-01-17,9288
00715L,期街口布蘭特正2,50,0,50,凱基-埔墘,2024-01-17,9288
2888,新光金,53,10,43,凱基-埔墘,2024-01-17,9288
6187,萬潤,41,1,40,凱基-埔墘,2024-01-17,9288
5488,松普,39,0,39,凱基-埔墘,2024-01-17,9288
00919,群益台灣精選高息,35,0,35,凱基-埔墘,2024-01-17,9288
00688L,國泰20年美債正2,33,0,33,凱基-埔墘,2024-01-17,9288
00637L,元大滬深300正2,28,0,28,凱基-埔墘,2024-01-17,9288
2317,鴻海,22,0,22,凱基-埔墘,2024-01-17,9288
2886,兆豐金,23,2,21,凱基-埔墘,2024-01-17,9288
2887,台新金,21,0,21,凱基-埔墘,2024-01-17,9288
2892,第一金,20,0,20,凱基-埔墘,2024-01-17,9288
2880,華南金,21,1,20,凱基-埔墘,2024-01-17,9288
2601,益航,20,0,20,凱基-埔墘,2024-01-17,9288
0050,元大台灣50,17,0,17,凱基-埔墘,2024-01-17,9288
1303,南亞,16,0,16,凱基-埔墘,2024-01-17,9288
2890,永豐金,20,4,16,凱基-埔墘,2024-01-17,9288
1718,中纖,14,0,14,凱基-埔墘,2024-01-17,9288
3481,群創,50,37,13,凱基-埔墘,2024-01-17,9288
2344,華邦電,23,11,12,凱基-埔墘,2024-01-17,9288
2405,輔信,12,0,12,凱基-埔墘,2024-01-17,9288
3583,辛耘,13,1,12,凱基-埔墘,2024-01-17,9288
00680L,元大美債20正2,11,0,11,凱基-埔墘,2024-01-17,9288
00753L,中信中國50正2,10,0,10,凱基-埔墘,2024-01-17,9288
6120,達運,12,2,10,凱基-埔墘,2024-01-17,9288
6152,百一,10,0,10,凱基-埔墘,2024-01-17,9288
6196,帆宣,10,0,10,凱基-埔墘,2024-01-17,9288
9934,成霖,10,0,10,凱基-埔墘,2024-01-17,9288
00878,國泰永續高股息,9,0,9,凱基-埔墘,2024-01-17,9288
2609,陽明,22,13,9,凱基-埔墘,2024-01-17,9288
5515,建國,8,0,8,凱基-埔墘,2024-01-17,9288
2492,華新科,8,1,7,凱基-埔墘,2024-01-17,9288
2883,凱基金,15,8,7,凱基-埔墘,2024-01-17,9288
3437,榮創,7,0,7,凱基-埔墘,2024-01-17,9288
2610,華航,106,100,6,凱基-埔墘,2024-01-17,9288
2618,長榮航,6,0,6,凱基-埔墘,2024-01-17,9288
2303,聯電,6,0,6,凱基-埔墘,2024-01-17,9288
6150,撼訊,6,0,6,凱基-埔墘,2024-01-17,9288
2374,佳能,6,0,6,凱基-埔墘,2024-01-17,9288
6443,元晶,5,0,5,凱基-埔墘,2024-01-17,9288
00900,富邦特選高股息30,5,0,5,凱基-埔墘,2024-01-17,9288
00795B,中信美國公債20年,5,0,5,凱基-埔墘,2024-01-17,9288
00751B,元大AAA至A公司債,5,0,5,凱基-埔墘,2024-01-17,9288
00642U,期元大S＆P石油,5,0,5,凱基-埔墘,2024-01-17,9288
1326,台化,6,1,5,凱基-埔墘,2024-01-17,9288
2101,南港,5,0,5,凱基-埔墘,2024-01-17,9288
2506,太設,5,0,5,凱基-埔墘,2024-01-17,9288
00919,群益台灣精選高息,143,0,143,凱基-埔墘,2024-01-18,9288
00929,復華台灣科技優息,62,13,49,凱基-埔墘,2024-01-18,9288
1560,中砂,43,0,43,凱基-埔墘,2024-01-18,9288
2371,大同,44,1,43,凱基-埔墘,2024-01-18,9288
4960,誠美材,40,0,40,凱基-埔墘,2024-01-18,9288
2888,新光金,42,4,38,凱基-埔墘,2024-01-18,9288
5328,華容,44,12,32,凱基-埔墘,2024-01-18,9288
2461,光群雷,31,0,31,凱基-埔墘,2024-01-18,9288
1513,中興電,20,0,20,凱基-埔墘,2024-01-18,9288
2382,廣達,21,4,17,凱基-埔墘,2024-01-18,9288
2882,國泰金,17,0,17,凱基-埔墘,2024-01-18,9288
00637L,元大滬深300正2,46,32,14,凱基-埔墘,2024-01-18,9288
2409,友達,21,9,12,凱基-埔墘,2024-01-18,9288
00720B,元大投資級公司債,12,0,12,凱基-埔墘,2024-01-18,9288
5426,振發,30,18,12,凱基-埔墘,2024-01-18,9288
1609,大亞,12,1,11,凱基-埔墘,2024-01-18,9288
00679B,元大美債20年,10,0,10,凱基-埔墘,2024-01-18,9288
00688L,國泰20年美債正2,10,0,10,凱基-埔墘,2024-01-18,9288
0051,元大中型100,10,0,10,凱基-埔墘,2024-01-18,9288
00671R,富邦NASDAQ反1,10,0,10,凱基-埔墘,2024-01-18,9288
1528,恩德,11,1,10,凱基-埔墘,2024-01-18,9288
6233,旺玖,10,0,10,凱基-埔墘,2024-01-18,9288
8112,至上,8,0,8,凱基-埔墘,2024-01-18,9288
00680L,元大美債20正2,8,0,8,凱基-埔墘,2024-01-18,9288
00904,新光臺灣半導體30,8,1,7,凱基-埔墘,2024-01-18,9288
00878,國泰永續高股息,7,0,7,凱基-埔墘,2024-01-18,9288
00937B,群益ESG投等債20,6,0,6,凱基-埔墘,2024-01-18,9288
00733,富邦臺灣中小,6,0,6,凱基-埔墘,2024-01-18,9288
2399,映泰,6,0,6,凱基-埔墘,2024-01-18,9288
4543,萬在,6,0,6,凱基-埔墘,2024-01-18,9288
00632R,元大台灣50反1,5,0,5,凱基-埔墘,2024-01-18,9288
2834,臺企銀,5,0,5,凱基-埔墘,2024-01-18,9288
3548,兆利,8,3,5,凱基-埔墘,2024-01-18,9288
3712,永崴投控,5,0,5,凱基-埔墘,2024-01-18,9288
4142,國光生,5,0,5,凱基-埔墘,2024-01-18,9288
3017,奇鋐,10,6,4,凱基-埔墘,2024-01-18,9288
1314,中石化,4,0,4,凱基-埔墘,2024-01-18,9288
2344,華邦電,5,1,4,凱基-埔墘,2024-01-18,9288
3030,德律,4,0,4,凱基-埔墘,2024-01-18,9288
3231,緯創,14,10,4,凱基-埔墘,2024-01-18,9288
8215,明基材,4,0,4,凱基-埔墘,2024-01-18,9288
2357,華碩,7,3,4,凱基-埔墘,2024-01-18,9288
2723,美食-KY,3,0,3,凱基-埔墘,2024-01-18,9288
00882,中信中國高股息,3,0,3,凱基-埔墘,2024-01-18,9288
1795,美時,3,0,3,凱基-埔墘,2024-01-18,9288
2504,國產,3,0,3,凱基-埔墘,2024-01-18,9288
3029,零壹,6,3,3,凱基-埔墘,2024-01-18,9288
3694,海華,6,3,3,凱基-埔墘,2024-01-18,9288
9907,統一實,3,0,3,凱基-埔墘,2024-01-18,9288
6235,華孚,3,0,3,凱基-埔墘,2024-01-18,9288
00919,群益台灣精選高息,537,1,536,凱基-埔墘,2024-01-19,9288
00715L,期街口布蘭特正2,540,70,470,凱基-埔墘,2024-01-19,9288
00891,中信關鍵半導體,150,0,150,凱基-埔墘,2024-01-19,9288
00688L,國泰20年美債正2,64,0,64,凱基-埔墘,2024-01-19,9288
00929,復華台灣科技優息,61,1,60,凱基-埔墘,2024-01-19,9288
2363,矽統,48,0,48,凱基-埔墘,2024-01-19,9288
3704,合勤控,43,2,41,凱基-埔墘,2024-01-19,9288
5328,華容,30,0,30,凱基-埔墘,2024-01-19,9288
2882,國泰金,26,0,26,凱基-埔墘,2024-01-19,9288
5483,中美晶,25,2,23,凱基-埔墘,2024-01-19,9288
2606,裕民,20,0,20,凱基-埔墘,2024-01-19,9288
00680L,元大美債20正2,19,0,19,凱基-埔墘,2024-01-19,9288
8040,九暘,22,4,18,凱基-埔墘,2024-01-19,9288
00673R,期元大S＆P原油反1,16,0,16,凱基-埔墘,2024-01-19,9288
00937B,群益ESG投等債20,16,0,16,凱基-埔墘,2024-01-19,9288
2609,陽明,13,1,12,凱基-埔墘,2024-01-19,9288
00665L,富邦�琤肭磪囓�2,12,1,11,凱基-埔墘,2024-01-19,9288
2610,華航,11,0,11,凱基-埔墘,2024-01-19,9288
6271,同欣電,10,0,10,凱基-埔墘,2024-01-19,9288
2453,凌群,16,6,10,凱基-埔墘,2024-01-19,9288
2618,長榮航,11,1,10,凱基-埔墘,2024-01-19,9288
6684,安格,12,2,10,凱基-埔墘,2024-01-19,9288
2329,華泰,25,16,9,凱基-埔墘,2024-01-19,9288
4960,誠美材,10,1,9,凱基-埔墘,2024-01-19,9288
2486,一詮,9,1,8,凱基-埔墘,2024-01-19,9288
6120,達運,12,4,8,凱基-埔墘,2024-01-19,9288
00882,中信中國高股息,7,0,7,凱基-埔墘,2024-01-19,9288
00632R,元大台灣50反1,7,0,7,凱基-埔墘,2024-01-19,9288
2356,英業達,18,11,7,凱基-埔墘,2024-01-19,9288
5488,松普,7,0,7,凱基-埔墘,2024-01-19,9288
00687B,國泰20年美債,6,0,6,凱基-埔墘,2024-01-19,9288
8454,富邦媒,6,0,6,凱基-埔墘,2024-01-19,9288
6443,元晶,6,0,6,凱基-埔墘,2024-01-19,9288
00772B,中信高評級公司債,14,9,5,凱基-埔墘,2024-01-19,9288
00751B,元大AAA至A公司債,7,2,5,凱基-埔墘,2024-01-19,9288
00902,中信電池及儲能,5,0,5,凱基-埔墘,2024-01-19,9288
00932,兆豐永續高息等權,5,0,5,凱基-埔墘,2024-01-19,9288
1609,大亞,10,5,5,凱基-埔墘,2024-01-19,9288
2905,三商,5,0,5,凱基-埔墘,2024-01-19,9288
8222,寶一,5,0,5,凱基-埔墘,2024-01-19,9288
9958,世紀鋼,5,0,5,凱基-埔墘,2024-01-19,9288
00933B,國泰10Y+金融債,4,0,4,凱基-埔墘,2024-01-19,9288
2408,南亞科,5,1,4,凱基-埔墘,2024-01-19,9288
3483,力致,4,0,4,凱基-埔墘,2024-01-19,9288
6188,廣明,6,2,4,凱基-埔墘,2024-01-19,9288
6285,啟��,6,2,4,凱基-埔墘,2024-01-19,9288
6446,藥華藥,5,1,4,凱基-埔墘,2024-01-19,9288
00904,新光臺灣半導體30,3,0,3,凱基-埔墘,2024-01-19,9288
00722B,群益投資級電信債,3,0,3,凱基-埔墘,2024-01-19,9288
00733,富邦臺灣中小,3,0,3,凱基-埔墘,2024-01-19,9288
00679B,元大美債20年,114,0,114,凱基-埔墘,2024-01-22,9288
00632R,元大台灣50反1,107,0,107,凱基-埔墘,2024-01-22,9288
2382,廣達,92,19,73,凱基-埔墘,2024-01-22,9288
00929,復華台灣科技優息,59,2,57,凱基-埔墘,2024-01-22,9288
3231,緯創,63,31,32,凱基-埔墘,2024-01-22,9288
1609,大亞,34,4,30,凱基-埔墘,2024-01-22,9288
6223,旺矽,32,2,30,凱基-埔墘,2024-01-22,9288
3706,神達,44,18,26,凱基-埔墘,2024-01-22,9288
3712,永崴投控,28,5,23,凱基-埔墘,2024-01-22,9288
4188,安克,22,0,22,凱基-埔墘,2024-01-22,9288
00687B,國泰20年美債,21,0,21,凱基-埔墘,2024-01-22,9288
00688L,國泰20年美債正2,21,2,19,凱基-埔墘,2024-01-22,9288
3305,昇貿,18,0,18,凱基-埔墘,2024-01-22,9288
2609,陽明,18,1,17,凱基-埔墘,2024-01-22,9288
00753L,中信中國50正2,16,1,15,凱基-埔墘,2024-01-22,9288
2485,兆赫,15,3,12,凱基-埔墘,2024-01-22,9288
2436,偉詮電,11,0,11,凱基-埔墘,2024-01-22,9288
3665,貿聯-KY,10,0,10,凱基-埔墘,2024-01-22,9288
4109,加捷生醫,10,0,10,凱基-埔墘,2024-01-22,9288
6180,橘子,10,0,10,凱基-埔墘,2024-01-22,9288
8086,宏捷科,35,25,10,凱基-埔墘,2024-01-22,9288
00680L,元大美債20正2,9,0,9,凱基-埔墘,2024-01-22,9288
3479,安勤,10,1,9,凱基-埔墘,2024-01-22,9288
8054,安國,13,4,9,凱基-埔墘,2024-01-22,9288
1101,台泥,10,1,9,凱基-埔墘,2024-01-22,9288
2887,台新金,7,0,7,凱基-埔墘,2024-01-22,9288
8150,南茂,6,0,6,凱基-埔墘,2024-01-22,9288
00650L,復華香港正2,6,0,6,凱基-埔墘,2024-01-22,9288
8011,台通,6,0,6,凱基-埔墘,2024-01-22,9288
00715L,期街口布蘭特正2,5,0,5,凱基-埔墘,2024-01-22,9288
2498,宏達電,10,5,5,凱基-埔墘,2024-01-22,9288
2867,三商壽,5,0,5,凱基-埔墘,2024-01-22,9288
2882,國泰金,5,0,5,凱基-埔墘,2024-01-22,9288
4129,聯合,6,1,5,凱基-埔墘,2024-01-22,9288
4157,太景*-KY,5,0,5,凱基-埔墘,2024-01-22,9288
2301,光寶科,10,6,4,凱基-埔墘,2024-01-22,9288
2328,廣宇,4,0,4,凱基-埔墘,2024-01-22,9288
2881,富邦金,4,0,4,凱基-埔墘,2024-01-22,9288
6120,達運,4,0,4,凱基-埔墘,2024-01-22,9288
2884,玉山金,4,0,4,凱基-埔墘,2024-01-22,9288
5347,世界,3,0,3,凱基-埔墘,2024-01-22,9288
00937B,群益ESG投等債20,3,0,3,凱基-埔墘,2024-01-22,9288
2308,台達電,6,3,3,凱基-埔墘,2024-01-22,9288
3024,憶聲,3,0,3,凱基-埔墘,2024-01-22,9288
3520,華盈,3,0,3,凱基-埔墘,2024-01-22,9288
3715,定穎投控,3,0,3,凱基-埔墘,2024-01-22,9288
6114,久威,3,0,3,凱基-埔墘,2024-01-22,9288
6139,亞翔,3,0,3,凱基-埔墘,2024-01-22,9288
6205,詮欣,7,4,3,凱基-埔墘,2024-01-22,9288
6550,北極星藥業-KY,3,0,3,凱基-埔墘,2024-01-22,9288
00715L,期街口布蘭特正2,1530,12,1518,凱基-埔墘,2024-01-23,9288
2313,華通,102,2,100,凱基-埔墘,2024-01-23,9288
00637L,元大滬深300正2,87,12,75,凱基-埔墘,2024-01-23,9288
3188,鑫龍騰,30,0,30,凱基-埔墘,2024-01-23,9288
5483,中美晶,30,0,30,凱基-埔墘,2024-01-23,9288
2615,萬海,21,0,21,凱基-埔墘,2024-01-23,9288
3481,群創,148,128,20,凱基-埔墘,2024-01-23,9288
2453,凌群,20,0,20,凱基-埔墘,2024-01-23,9288
3380,明泰,19,0,19,凱基-埔墘,2024-01-23,9288
2356,英業達,26,12,14,凱基-埔墘,2024-01-23,9288
2363,矽統,15,1,14,凱基-埔墘,2024-01-23,9288
7402,邑錡,12,0,12,凱基-埔墘,2024-01-23,9288
3265,台星科,17,6,11,凱基-埔墘,2024-01-23,9288
1314,中石化,10,0,10,凱基-埔墘,2024-01-23,9288
2010,春源,10,0,10,凱基-埔墘,2024-01-23,9288
2332,友訊,10,0,10,凱基-埔墘,2024-01-23,9288
3324,雙鴻,11,1,10,凱基-埔墘,2024-01-23,9288
6223,旺矽,10,0,10,凱基-埔墘,2024-01-23,9288
00679B,元大美債20年,9,0,9,凱基-埔墘,2024-01-23,9288
00680L,元大美債20正2,8,0,8,凱基-埔墘,2024-01-23,9288
1609,大亞,8,0,8,凱基-埔墘,2024-01-23,9288
2328,廣宇,8,0,8,凱基-埔墘,2024-01-23,9288
00665L,富邦�琤肭磪囓�2,12,5,7,凱基-埔墘,2024-01-23,9288
3217,優群,7,0,7,凱基-埔墘,2024-01-23,9288
6782,視陽,7,0,7,凱基-埔墘,2024-01-23,9288
2603,長榮,7,1,6,凱基-埔墘,2024-01-23,9288
2329,華泰,26,20,6,凱基-埔墘,2024-01-23,9288
2449,京元電子,5,0,5,凱基-埔墘,2024-01-23,9288
3152,璟德,5,0,5,凱基-埔墘,2024-01-23,9288
4938,和碩,5,0,5,凱基-埔墘,2024-01-23,9288
2002,中鋼,5,0,5,凱基-埔墘,2024-01-23,9288
1101,台泥,5,0,5,凱基-埔墘,2024-01-23,9288
2027,大成鋼,5,0,5,凱基-埔墘,2024-01-23,9288
2485,兆赫,5,0,5,凱基-埔墘,2024-01-23,9288
3305,昇貿,5,0,5,凱基-埔墘,2024-01-23,9288
4133,亞諾法,5,0,5,凱基-埔墘,2024-01-23,9288
5533,皇鼎,5,0,5,凱基-埔墘,2024-01-23,9288
5608,四維航,5,0,5,凱基-埔墘,2024-01-23,9288
6108,競國,5,0,5,凱基-埔墘,2024-01-23,9288
6113,亞矽,5,0,5,凱基-埔墘,2024-01-23,9288
8050,廣積,5,0,5,凱基-埔墘,2024-01-23,9288
00878,國泰永續高股息,8,3,5,凱基-埔墘,2024-01-23,9288
00772B,中信高評級公司債,4,0,4,凱基-埔墘,2024-01-23,9288
2301,光寶科,4,0,4,凱基-埔墘,2024-01-23,9288
2324,仁寶,4,0,4,凱基-埔墘,2024-01-23,9288
3163,波若威,4,0,4,凱基-埔墘,2024-01-23,9288
3504,揚明光,25,21,4,凱基-埔墘,2024-01-23,9288
4933,友輝,4,0,4,凱基-埔墘,2024-01-23,9288
6243,迅杰,15,11,4,凱基-埔墘,2024-01-23,9288
8069,元太,4,0,4,凱基-埔墘,2024-01-23,9288
2344,華邦電,142,25,117,凱基-埔墘,2024-01-24,9288
4402,郡都開發,110,0,110,凱基-埔墘,2024-01-24,9288
00680L,元大美債20正2,66,0,66,凱基-埔墘,2024-01-24,9288
2421,建準,108,51,57,凱基-埔墘,2024-01-24,9288
00632R,元大台灣50反1,50,0,50,凱基-埔墘,2024-01-24,9288
2313,華通,56,7,49,凱基-埔墘,2024-01-24,9288
00937B,群益ESG投等債20,36,0,36,凱基-埔墘,2024-01-24,9288
2323,中環,30,0,30,凱基-埔墘,2024-01-24,9288
00688L,國泰20年美債正2,21,1,20,凱基-埔墘,2024-01-24,9288
00665L,富邦�琤肭磪囓�2,23,3,20,凱基-埔墘,2024-01-24,9288
2369,菱生,24,4,20,凱基-埔墘,2024-01-24,9288
6180,橘子,20,0,20,凱基-埔墘,2024-01-24,9288
1560,中砂,20,1,19,凱基-埔墘,2024-01-24,9288
3260,威剛,15,0,15,凱基-埔墘,2024-01-24,9288
2610,華航,15,0,15,凱基-埔墘,2024-01-24,9288
2324,仁寶,14,0,14,凱基-埔墘,2024-01-24,9288
00637L,元大滬深300正2,30,16,14,凱基-埔墘,2024-01-24,9288
6104,創惟,14,0,14,凱基-埔墘,2024-01-24,9288
00929,復華台灣科技優息,19,6,13,凱基-埔墘,2024-01-24,9288
00687B,國泰20年美債,13,0,13,凱基-埔墘,2024-01-24,9288
2486,一詮,18,5,13,凱基-埔墘,2024-01-24,9288
00882,中信中國高股息,12,0,12,凱基-埔墘,2024-01-24,9288
8084,巨虹,11,0,11,凱基-埔墘,2024-01-24,9288
00751B,元大AAA至A公司債,10,0,10,凱基-埔墘,2024-01-24,9288
2393,億光,10,0,10,凱基-埔墘,2024-01-24,9288
2408,南亞科,11,1,10,凱基-埔墘,2024-01-24,9288
2542,興富發,10,0,10,凱基-埔墘,2024-01-24,9288
3114,好德,10,0,10,凱基-埔墘,2024-01-24,9288
6405,悅城,10,0,10,凱基-埔墘,2024-01-24,9288
5443,均豪,59,50,9,凱基-埔墘,2024-01-24,9288
4979,華星光,9,1,8,凱基-埔墘,2024-01-24,9288
3687,歐買尬,12,4,8,凱基-埔墘,2024-01-24,9288
6668,中揚光,8,0,8,凱基-埔墘,2024-01-24,9288
00753L,中信中國50正2,7,0,7,凱基-埔墘,2024-01-24,9288
2329,華泰,7,0,7,凱基-埔墘,2024-01-24,9288
2409,友達,7,0,7,凱基-埔墘,2024-01-24,9288
2641,正德,20,13,7,凱基-埔墘,2024-01-24,9288
00918,大華優利高填息30,5,0,5,凱基-埔墘,2024-01-24,9288
3081,聯亞,5,0,5,凱基-埔墘,2024-01-24,9288
6712,長聖,5,0,5,凱基-埔墘,2024-01-24,9288
2887,台新金,5,1,4,凱基-埔墘,2024-01-24,9288
00772B,中信高評級公司債,4,0,4,凱基-埔墘,2024-01-24,9288
00770,國泰北美科技,4,0,4,凱基-埔墘,2024-01-24,9288
2301,光寶科,4,0,4,凱基-埔墘,2024-01-24,9288
2353,宏��,7,3,4,凱基-埔墘,2024-01-24,9288
6125,廣運,4,0,4,凱基-埔墘,2024-01-24,9288
6237,驊訊,29,25,4,凱基-埔墘,2024-01-24,9288
8112,至上,4,0,4,凱基-埔墘,2024-01-24,9288
6462,神盾,9,5,4,凱基-埔墘,2024-01-24,9288
00720B,元大投資級公司債,3,0,3,凱基-埔墘,2024-01-24,9288
00891,中信關鍵半導體,300,1,299,凱基-埔墘,2024-01-25,9288
8936,國統,101,1,100,凱基-埔墘,2024-01-25,9288
00632R,元大台灣50反1,55,15,40,凱基-埔墘,2024-01-25,9288
3033,威健,43,3,40,凱基-埔墘,2024-01-25,9288
00680L,元大美債20正2,25,0,25,凱基-埔墘,2024-01-25,9288
00679B,元大美債20年,25,0,25,凱基-埔墘,2024-01-25,9288
5443,均豪,23,0,23,凱基-埔墘,2024-01-25,9288
6218,豪勉,22,0,22,凱基-埔墘,2024-01-25,9288
00688L,國泰20年美債正2,20,0,20,凱基-埔墘,2024-01-25,9288
3583,辛耘,20,0,20,凱基-埔墘,2024-01-25,9288
8091,翔名,20,0,20,凱基-埔墘,2024-01-25,9288
2328,廣宇,18,0,18,凱基-埔墘,2024-01-25,9288
1785,光洋科,17,0,17,凱基-埔墘,2024-01-25,9288
2356,英業達,30,15,15,凱基-埔墘,2024-01-25,9288
5880,合庫金,15,0,15,凱基-埔墘,2024-01-25,9288
8105,凌巨,17,2,15,凱基-埔墘,2024-01-25,9288
00937B,群益ESG投等債20,13,0,13,凱基-埔墘,2024-01-25,9288
00720B,元大投資級公司債,13,0,13,凱基-埔墘,2024-01-25,9288
2482,連宇,13,0,13,凱基-埔墘,2024-01-25,9288
2630,亞航,16,3,13,凱基-埔墘,2024-01-25,9288
00665L,富邦�琤肭磪囓�2,14,3,11,凱基-埔墘,2024-01-25,9288
2615,萬海,10,0,10,凱基-埔墘,2024-01-25,9288
2367,燿華,10,0,10,凱基-埔墘,2024-01-25,9288
3483,力致,10,0,10,凱基-埔墘,2024-01-25,9288
5488,松普,11,1,10,凱基-埔墘,2024-01-25,9288
00753L,中信中國50正2,13,4,9,凱基-埔墘,2024-01-25,9288
2617,台航,11,2,9,凱基-埔墘,2024-01-25,9288
6108,競國,12,3,9,凱基-埔墘,2024-01-25,9288
3581,博磊,8,0,8,凱基-埔墘,2024-01-25,9288
2365,昆盈,8,1,7,凱基-埔墘,2024-01-25,9288
2486,一詮,17,10,7,凱基-埔墘,2024-01-25,9288
2897,王道銀行,7,0,7,凱基-埔墘,2024-01-25,9288
3017,奇鋐,9,3,6,凱基-埔墘,2024-01-25,9288
3265,台星科,6,0,6,凱基-埔墘,2024-01-25,9288
8028,昇陽半導體,6,0,6,凱基-埔墘,2024-01-25,9288
3231,緯創,26,21,5,凱基-埔墘,2024-01-25,9288
2032,新鋼,5,0,5,凱基-埔墘,2024-01-25,9288
3296,勝德,5,0,5,凱基-埔墘,2024-01-25,9288
3680,家登,15,10,5,凱基-埔墘,2024-01-25,9288
5371,中光電,5,0,5,凱基-埔墘,2024-01-25,9288
6180,橘子,5,0,5,凱基-埔墘,2024-01-25,9288
6205,詮欣,5,0,5,凱基-埔墘,2024-01-25,9288
8917,欣泰,5,0,5,凱基-埔墘,2024-01-25,9288
00772B,中信高評級公司債,4,0,4,凱基-埔墘,2024-01-25,9288
00643,群益深証中小,4,0,4,凱基-埔墘,2024-01-25,9288
2883,凱基金,7,3,4,凱基-埔墘,2024-01-25,9288
3030,德律,4,0,4,凱基-埔墘,2024-01-25,9288
3380,明泰,5,1,4,凱基-埔墘,2024-01-25,9288
3580,友威科,4,0,4,凱基-埔墘,2024-01-25,9288
4188,安克,4,0,4,凱基-埔墘,2024-01-25,9288
00715L,期街口布蘭特正2,704,0,704,凱基-埔墘,2024-01-26,9288
6239,力成,103,3,100,凱基-埔墘,2024-01-26,9288
00891,中信關鍵半導體,50,0,50,凱基-埔墘,2024-01-26,9288
00929,復華台灣科技優息,48,1,47,凱基-埔墘,2024-01-26,9288
00680L,元大美債20正2,44,0,44,凱基-埔墘,2024-01-26,9288
2303,聯電,51,7,44,凱基-埔墘,2024-01-26,9288
9105,泰金寶-DR,35,2,33,凱基-埔墘,2024-01-26,9288
2344,華邦電,25,0,25,凱基-埔墘,2024-01-26,9288
00937B,群益ESG投等債20,20,0,20,凱基-埔墘,2024-01-26,9288
00902,中信電池及儲能,20,0,20,凱基-埔墘,2024-01-26,9288
2464,盟立,20,0,20,凱基-埔墘,2024-01-26,9288
2328,廣宇,18,0,18,凱基-埔墘,2024-01-26,9288
2618,長榮航,21,3,18,凱基-埔墘,2024-01-26,9288
00687B,國泰20年美債,13,0,13,凱基-埔墘,2024-01-26,9288
00665L,富邦�琤肭磪囓�2,12,0,12,凱基-埔墘,2024-01-26,9288
00688L,國泰20年美債正2,11,0,11,凱基-埔墘,2024-01-26,9288
3581,博磊,11,1,10,凱基-埔墘,2024-01-26,9288
6218,豪勉,10,0,10,凱基-埔墘,2024-01-26,9288
8091,翔名,10,0,10,凱基-埔墘,2024-01-26,9288
4906,正文,11,4,7,凱基-埔墘,2024-01-26,9288
00919,群益台灣精選高息,6,0,6,凱基-埔墘,2024-01-26,9288
2867,三商壽,6,0,6,凱基-埔墘,2024-01-26,9288
3623,富晶通,19,13,6,凱基-埔墘,2024-01-26,9288
6290,良維,6,0,6,凱基-埔墘,2024-01-26,9288
00878,國泰永續高股息,18,13,5,凱基-埔墘,2024-01-26,9288
00673R,期元大S＆P原油反1,5,0,5,凱基-埔墘,2024-01-26,9288
00753L,中信中國50正2,5,0,5,凱基-埔墘,2024-01-26,9288
2498,宏達電,5,0,5,凱基-埔墘,2024-01-26,9288
3265,台星科,18,13,5,凱基-埔墘,2024-01-26,9288
5443,均豪,5,0,5,凱基-埔墘,2024-01-26,9288
6782,視陽,5,0,5,凱基-埔墘,2024-01-26,9288
6113,亞矽,5,1,4,凱基-埔墘,2024-01-26,9288
2353,宏��,13,9,4,凱基-埔墘,2024-01-26,9288
00882,中信中國高股息,4,0,4,凱基-埔墘,2024-01-26,9288
00881,國泰台灣5G+,4,0,4,凱基-埔墘,2024-01-26,9288
2634,漢翔,4,0,4,凱基-埔墘,2024-01-26,9288
3141,晶宏,5,1,4,凱基-埔墘,2024-01-26,9288
6446,藥華藥,10,6,4,凱基-埔墘,2024-01-26,9288
8105,凌巨,4,0,4,凱基-埔墘,2024-01-26,9288
8110,華東,12,8,4,凱基-埔墘,2024-01-26,9288
00857B,永豐20年美公債,3,0,3,凱基-埔墘,2024-01-26,9288
00679B,元大美債20年,4,1,3,凱基-埔墘,2024-01-26,9288
2453,凌群,3,0,3,凱基-埔墘,2024-01-26,9288
2543,皇昌,10,7,3,凱基-埔墘,2024-01-26,9288
2617,台航,3,0,3,凱基-埔墘,2024-01-26,9288
3047,訊舟,3,0,3,凱基-埔墘,2024-01-26,9288
3312,弘憶股,8,5,3,凱基-埔墘,2024-01-26,9288
3535,晶彩科,3,0,3,凱基-埔墘,2024-01-26,9288
4909,新復興,14,11,3,凱基-埔墘,2024-01-26,9288
5439,高技,5,2,3,凱基-埔墘,2024-01-26,9288
00715L,期街口布蘭特正2,1066,1,1065,凱基-埔墘,2024-01-29,9288
3622,洋華,105,5,100,凱基-埔墘,2024-01-29,9288
2504,國產,48,0,48,凱基-埔墘,2024-01-29,9288
00882,中信中國高股息,40,0,40,凱基-埔墘,2024-01-29,9288
00673R,期元大S＆P原油反1,19,0,19,凱基-埔墘,2024-01-29,9288
3712,永崴投控,19,0,19,凱基-埔墘,2024-01-29,9288
00680L,元大美債20正2,18,0,18,凱基-埔墘,2024-01-29,9288
8114,振樺電,12,0,12,凱基-埔墘,2024-01-29,9288
2408,南亞科,11,0,11,凱基-埔墘,2024-01-29,9288
2834,臺企銀,10,0,10,凱基-埔墘,2024-01-29,9288
1101,台泥,10,2,8,凱基-埔墘,2024-01-29,9288
2356,英業達,11,3,8,凱基-埔墘,2024-01-29,9288
6165,浪凡,8,0,8,凱基-埔墘,2024-01-29,9288
6550,北極星藥業-KY,8,0,8,凱基-埔墘,2024-01-29,9288
00937B,群益ESG投等債20,6,0,6,凱基-埔墘,2024-01-29,9288
2630,亞航,6,0,6,凱基-埔墘,2024-01-29,9288
3036,文曄,7,1,6,凱基-埔墘,2024-01-29,9288
6695,芯鼎,10,4,6,凱基-埔墘,2024-01-29,9288
6589,台康生技,5,0,5,凱基-埔墘,2024-01-29,9288
00687B,國泰20年美債,7,2,5,凱基-埔墘,2024-01-29,9288
00712,復華富時不動產,5,0,5,凱基-埔墘,2024-01-29,9288
2032,新鋼,5,0,5,凱基-埔墘,2024-01-29,9288
2344,華邦電,13,8,5,凱基-埔墘,2024-01-29,9288
2897,王道銀行,5,0,5,凱基-埔墘,2024-01-29,9288
6129,普誠,5,0,5,凱基-埔墘,2024-01-29,9288
6188,廣明,6,1,5,凱基-埔墘,2024-01-29,9288
6191,精成科,5,0,5,凱基-埔墘,2024-01-29,9288
2303,聯電,7,2,5,凱基-埔墘,2024-01-29,9288
00679B,元大美債20年,4,0,4,凱基-埔墘,2024-01-29,9288
1609,大亞,4,0,4,凱基-埔墘,2024-01-29,9288
2421,建準,16,12,4,凱基-埔墘,2024-01-29,9288
2337,旺宏,4,0,4,凱基-埔墘,2024-01-29,9288
3032,偉訓,4,1,3,凱基-埔墘,2024-01-29,9288
3416,融程電,3,0,3,凱基-埔墘,2024-01-29,9288
4956,光鋐,3,0,3,凱基-埔墘,2024-01-29,9288
8222,寶一,3,0,3,凱基-埔墘,2024-01-29,9288
8932,智通*,3,0,3,凱基-埔墘,2024-01-29,9288
1785,光洋科,3,0,3,凱基-埔墘,2024-01-29,9288
00652,富邦印度,2,0,2,凱基-埔墘,2024-01-29,9288
00929,復華台灣科技優息,2,0,2,凱基-埔墘,2024-01-29,9288
6446,藥華藥,3,1,2,凱基-埔墘,2024-01-29,9288
3138,耀登,2,0,2,凱基-埔墘,2024-01-29,9288
00772B,中信高評級公司債,2,0,2,凱基-埔墘,2024-01-29,9288
2489,瑞軒,2,0,2,凱基-埔墘,2024-01-29,9288
3312,弘憶股,2,0,2,凱基-埔墘,2024-01-29,9288
3680,家登,3,1,2,凱基-埔墘,2024-01-29,9288
4543,萬在,3,1,2,凱基-埔墘,2024-01-29,9288
4938,和碩,2,0,2,凱基-埔墘,2024-01-29,9288
6104,創惟,2,0,2,凱基-埔墘,2024-01-29,9288
6161,捷波,2,0,2,凱基-埔墘,2024-01-29,9288
1560,中砂,65,7,58,凱基-埔墘,2024-01-30,9288
2867,三商壽,48,0,48,凱基-埔墘,2024-01-30,9288
3044,健鼎,50,3,47,凱基-埔墘,2024-01-30,9288
00690,兆豐藍籌30,45,0,45,凱基-埔墘,2024-01-30,9288
00680L,元大美債20正2,37,0,37,凱基-埔墘,2024-01-30,9288
2630,亞航,31,1,30,凱基-埔墘,2024-01-30,9288
6239,力成,23,3,20,凱基-埔墘,2024-01-30,9288
00637L,元大滬深300正2,16,0,16,凱基-埔墘,2024-01-30,9288
6165,浪凡,13,0,13,凱基-埔墘,2024-01-30,9288
9904,寶成,13,1,12,凱基-埔墘,2024-01-30,9288
00919,群益台灣精選高息,15,4,11,凱基-埔墘,2024-01-30,9288
00933B,國泰10Y+金融債,11,0,11,凱基-埔墘,2024-01-30,9288
2327,國巨,11,0,11,凱基-埔墘,2024-01-30,9288
6547,高端疫苗,10,0,10,凱基-埔墘,2024-01-30,9288
2419,仲琦,11,1,10,凱基-埔墘,2024-01-30,9288
6223,旺矽,10,0,10,凱基-埔墘,2024-01-30,9288
6873,泓德能源,10,0,10,凱基-埔墘,2024-01-30,9288
8114,振樺電,42,32,10,凱基-埔墘,2024-01-30,9288
3583,辛耘,10,1,9,凱基-埔墘,2024-01-30,9288
2329,華泰,21,12,9,凱基-埔墘,2024-01-30,9288
3706,神達,10,1,9,凱基-埔墘,2024-01-30,9288
8222,寶一,12,3,9,凱基-埔墘,2024-01-30,9288
00937B,群益ESG投等債20,7,0,7,凱基-埔墘,2024-01-30,9288
1785,光洋科,7,0,7,凱基-埔墘,2024-01-30,9288
2241,艾姆勒,8,1,7,凱基-埔墘,2024-01-30,9288
2356,英業達,8,1,7,凱基-埔墘,2024-01-30,9288
3312,弘憶股,10,3,7,凱基-埔墘,2024-01-30,9288
3339,泰谷,7,0,7,凱基-埔墘,2024-01-30,9288
4906,正文,8,1,7,凱基-埔墘,2024-01-30,9288
8011,台通,7,0,7,凱基-埔墘,2024-01-30,9288
00733,富邦臺灣中小,6,0,6,凱基-埔墘,2024-01-30,9288
2337,旺宏,6,0,6,凱基-埔墘,2024-01-30,9288
00679B,元大美債20年,7,1,6,凱基-埔墘,2024-01-30,9288
3360,尚立,8,2,6,凱基-埔墘,2024-01-30,9288
3715,定穎投控,9,3,6,凱基-埔墘,2024-01-30,9288
5880,合庫金,6,0,6,凱基-埔墘,2024-01-30,9288
6285,啟��,6,0,6,凱基-埔墘,2024-01-30,9288
3376,新日興,8,3,5,凱基-埔墘,2024-01-30,9288
2408,南亞科,5,0,5,凱基-埔墘,2024-01-30,9288
2897,王道銀行,5,0,5,凱基-埔墘,2024-01-30,9288
3481,群創,5,0,5,凱基-埔墘,2024-01-30,9288
3527,聚積,5,0,5,凱基-埔墘,2024-01-30,9288
3673,TPK-KY,5,0,5,凱基-埔墘,2024-01-30,9288
6224,聚鼎,5,0,5,凱基-埔墘,2024-01-30,9288
6282,康舒,11,6,5,凱基-埔墘,2024-01-30,9288
6788,華景電,5,0,5,凱基-埔墘,2024-01-30,9288
6790,永豐實,5,0,5,凱基-埔墘,2024-01-30,9288
3483,力致,5,1,4,凱基-埔墘,2024-01-30,9288
4934,太極,4,0,4,凱基-埔墘,2024-01-30,9288
00665L,富邦�琤肭磪囓�2,14,10,4,凱基-埔墘,2024-01-30,9288
6165,浪凡,52,1,51,凱基-埔墘,2024-01-31,9288
1785,光洋科,51,1,50,凱基-埔墘,2024-01-31,9288
2303,聯電,53,3,50,凱基-埔墘,2024-01-31,9288
3058,立德,50,0,50,凱基-埔墘,2024-01-31,9288
3231,緯創,57,18,39,凱基-埔墘,2024-01-31,9288
1560,中砂,52,21,31,凱基-埔墘,2024-01-31,9288
4167,松瑞藥,30,0,30,凱基-埔墘,2024-01-31,9288
8011,台通,26,2,24,凱基-埔墘,2024-01-31,9288
00680L,元大美債20正2,22,0,22,凱基-埔墘,2024-01-31,9288
00878,國泰永續高股息,21,0,21,凱基-埔墘,2024-01-31,9288
2330,台積電,44,24,20,凱基-埔墘,2024-01-31,9288
2316,楠梓電,15,0,15,凱基-埔墘,2024-01-31,9288
6462,神盾,36,23,13,凱基-埔墘,2024-01-31,9288
6285,啟��,12,0,12,凱基-埔墘,2024-01-31,9288
3324,雙鴻,22,11,11,凱基-埔墘,2024-01-31,9288
00650L,復華香港正2,10,0,10,凱基-埔墘,2024-01-31,9288
2344,華邦電,10,0,10,凱基-埔墘,2024-01-31,9288
5488,松普,10,0,10,凱基-埔墘,2024-01-31,9288
8222,寶一,10,0,10,凱基-埔墘,2024-01-31,9288
2867,三商壽,9,0,9,凱基-埔墘,2024-01-31,9288
3447,展達,9,0,9,凱基-埔墘,2024-01-31,9288
6108,競國,9,0,9,凱基-埔墘,2024-01-31,9288
6873,泓德能源,9,0,9,凱基-埔墘,2024-01-31,9288
6179,亞通,13,5,8,凱基-埔墘,2024-01-31,9288
2615,萬海,7,0,7,凱基-埔墘,2024-01-31,9288
5443,均豪,7,0,7,凱基-埔墘,2024-01-31,9288
0050,元大台灣50,9,3,6,凱基-埔墘,2024-01-31,9288
8040,九暘,13,7,6,凱基-埔墘,2024-01-31,9288
8059,凱碩,20,14,6,凱基-埔墘,2024-01-31,9288
8084,巨虹,6,0,6,凱基-埔墘,2024-01-31,9288
3481,群創,12,7,5,凱基-埔墘,2024-01-31,9288
00904,新光臺灣半導體30,5,0,5,凱基-埔墘,2024-01-31,9288
00643,群益深証中小,5,0,5,凱基-埔墘,2024-01-31,9288
00733,富邦臺灣中小,5,0,5,凱基-埔墘,2024-01-31,9288
2408,南亞科,5,0,5,凱基-埔墘,2024-01-31,9288
2498,宏達電,5,0,5,凱基-埔墘,2024-01-31,9288
4938,和碩,5,0,5,凱基-埔墘,2024-01-31,9288
8183,精星,5,0,5,凱基-埔墘,2024-01-31,9288
2382,廣達,7,2,5,凱基-埔墘,2024-01-31,9288
00687B,國泰20年美債,9,5,4,凱基-埔墘,2024-01-31,9288
1325,恆大,4,0,4,凱基-埔墘,2024-01-31,9288
2352,佳世達,6,2,4,凱基-埔墘,2024-01-31,9288
3615,安可,4,0,4,凱基-埔墘,2024-01-31,9288
00918,大華優利高填息30,5,2,3,凱基-埔墘,2024-01-31,9288
00919,群益台灣精選高息,3,0,3,凱基-埔墘,2024-01-31,9288
0056,元大高股息,5,2,3,凱基-埔墘,2024-01-31,9288
2453,凌群,3,0,3,凱基-埔墘,2024-01-31,9288
3285,微端,3,0,3,凱基-埔墘,2024-01-31,9288
3363,上詮,3,0,3,凱基-埔墘,2024-01-31,9288
3545,敦泰,3,0,3,凱基-埔墘,2024-01-31,9288
00937B,群益ESG投等債20,106,48,58,凱基-埔墘,2024-02-01,9288
2308,台達電,50,0,50,凱基-埔墘,2024-02-01,9288
2812,台中銀,65,20,45,凱基-埔墘,2024-02-01,9288
3033,威健,71,29,42,凱基-埔墘,2024-02-01,9288
3489,森寶,40,0,40,凱基-埔墘,2024-02-01,9288
9904,寶成,29,0,29,凱基-埔墘,2024-02-01,9288
00688L,國泰20年美債正2,20,5,15,凱基-埔墘,2024-02-01,9288
00929,復華台灣科技優息,14,0,14,凱基-埔墘,2024-02-01,9288
3055,蔚華科,17,3,14,凱基-埔墘,2024-02-01,9288
00878,國泰永續高股息,30,16,14,凱基-埔墘,2024-02-01,9288
2409,友達,16,3,13,凱基-埔墘,2024-02-01,9288
6243,迅杰,18,6,12,凱基-埔墘,2024-02-01,9288
3035,智原,12,1,11,凱基-埔墘,2024-02-01,9288
00882,中信中國高股息,10,0,10,凱基-埔墘,2024-02-01,9288
00712,復華富時不動產,10,0,10,凱基-埔墘,2024-02-01,9288
3231,緯創,16,6,10,凱基-埔墘,2024-02-01,9288
3583,辛耘,10,0,10,凱基-埔墘,2024-02-01,9288
5512,力麒,10,0,10,凱基-埔墘,2024-02-01,9288
2605,新興,10,1,9,凱基-埔墘,2024-02-01,9288
2886,兆豐金,10,1,9,凱基-埔墘,2024-02-01,9288
2303,聯電,12,4,8,凱基-埔墘,2024-02-01,9288
00933B,國泰10Y+金融債,8,1,7,凱基-埔墘,2024-02-01,9288
3548,兆利,11,4,7,凱基-埔墘,2024-02-01,9288
4979,華星光,9,2,7,凱基-埔墘,2024-02-01,9288
00687B,國泰20年美債,6,0,6,凱基-埔墘,2024-02-01,9288
2867,三商壽,6,0,6,凱基-埔墘,2024-02-01,9288
8084,巨虹,6,0,6,凱基-埔墘,2024-02-01,9288
0056,元大高股息,8,2,6,凱基-埔墘,2024-02-01,9288
00680L,元大美債20正2,5,0,5,凱基-埔墘,2024-02-01,9288
00923,群益台ESG低碳50,5,0,5,凱基-埔墘,2024-02-01,9288
2032,新鋼,5,0,5,凱基-埔墘,2024-02-01,9288
2324,仁寶,5,0,5,凱基-埔墘,2024-02-01,9288
2365,昆盈,7,2,5,凱基-埔墘,2024-02-01,9288
2438,翔耀,5,0,5,凱基-埔墘,2024-02-01,9288
2453,凌群,5,0,5,凱基-埔墘,2024-02-01,9288
6584,南俊國際,6,1,5,凱基-埔墘,2024-02-01,9288
6770,力積電,5,0,5,凱基-埔墘,2024-02-01,9288
8936,國統,13,8,5,凱基-埔墘,2024-02-01,9288
3023,信邦,4,0,4,凱基-埔墘,2024-02-01,9288
3285,微端,4,0,4,凱基-埔墘,2024-02-01,9288
3354,律勝,4,0,4,凱基-埔墘,2024-02-01,9288
4930,燦星網,4,0,4,凱基-埔墘,2024-02-01,9288
8091,翔名,4,0,4,凱基-埔墘,2024-02-01,9288
3017,奇鋐,8,4,4,凱基-埔墘,2024-02-01,9288
5880,合庫金,3,0,3,凱基-埔墘,2024-02-01,9288
00931B,統一美債20年,4,1,3,凱基-埔墘,2024-02-01,9288
2241,艾姆勒,4,1,3,凱基-埔墘,2024-02-01,9288
3543,州巧,3,0,3,凱基-埔墘,2024-02-01,9288
3706,神達,3,0,3,凱基-埔墘,2024-02-01,9288
5426,振發,3,0,3,凱基-埔墘,2024-02-01,9288
00753L,中信中國50正2,62,1,61,凱基-埔墘,2024-02-02,9288
3338,泰碩,50,9,41,凱基-埔墘,2024-02-02,9288
6165,浪凡,41,0,41,凱基-埔墘,2024-02-02,9288
2347,聯強,30,0,30,凱基-埔墘,2024-02-02,9288
00933B,國泰10Y+金融債,23,0,23,凱基-埔墘,2024-02-02,9288
8222,寶一,23,0,23,凱基-埔墘,2024-02-02,9288
00688L,國泰20年美債正2,25,3,22,凱基-埔墘,2024-02-02,9288
6805,富世達,20,0,20,凱基-埔墘,2024-02-02,9288
2241,艾姆勒,19,0,19,凱基-埔墘,2024-02-02,9288
8069,元太,20,1,19,凱基-埔墘,2024-02-02,9288
2402,毅嘉,18,1,17,凱基-埔墘,2024-02-02,9288
3081,聯亞,17,3,14,凱基-埔墘,2024-02-02,9288
2382,廣達,13,2,11,凱基-埔墘,2024-02-02,9288
00937B,群益ESG投等債20,14,3,11,凱基-埔墘,2024-02-02,9288
2317,鴻海,10,0,10,凱基-埔墘,2024-02-02,9288
2609,陽明,14,4,10,凱基-埔墘,2024-02-02,9288
3673,TPK-KY,10,0,10,凱基-埔墘,2024-02-02,9288
1314,中石化,10,0,10,凱基-埔墘,2024-02-02,9288
2405,輔信,10,0,10,凱基-埔墘,2024-02-02,9288
3058,立德,10,0,10,凱基-埔墘,2024-02-02,9288
4906,正文,11,1,10,凱基-埔墘,2024-02-02,9288
5488,松普,10,0,10,凱基-埔墘,2024-02-02,9288
6462,神盾,10,0,10,凱基-埔墘,2024-02-02,9288
1609,大亞,9,0,9,凱基-埔墘,2024-02-02,9288
1616,億泰,10,1,9,凱基-埔墘,2024-02-02,9288
1815,富喬,9,0,9,凱基-埔墘,2024-02-02,9288
2504,國產,9,0,9,凱基-埔墘,2024-02-02,9288
2630,亞航,9,0,9,凱基-埔墘,2024-02-02,9288
2377,微星,11,3,8,凱基-埔墘,2024-02-02,9288
3680,家登,10,2,8,凱基-埔墘,2024-02-02,9288
3055,蔚華科,11,4,7,凱基-埔墘,2024-02-02,9288
8084,巨虹,7,0,7,凱基-埔墘,2024-02-02,9288
3481,群創,8,1,7,凱基-埔墘,2024-02-02,9288
2615,萬海,7,1,6,凱基-埔墘,2024-02-02,9288
00885,富邦越南,6,0,6,凱基-埔墘,2024-02-02,9288
3285,微端,6,0,6,凱基-埔墘,2024-02-02,9288
5272,笙科,6,0,6,凱基-埔墘,2024-02-02,9288
3615,安可,10,5,5,凱基-埔墘,2024-02-02,9288
00665L,富邦�琤肭磪囓�2,6,1,5,凱基-埔墘,2024-02-02,9288
2313,華通,6,1,5,凱基-埔墘,2024-02-02,9288
2408,南亞科,5,0,5,凱基-埔墘,2024-02-02,9288
4543,萬在,9,4,5,凱基-埔墘,2024-02-02,9288
4956,光鋐,6,1,5,凱基-埔墘,2024-02-02,9288
6782,視陽,5,0,5,凱基-埔墘,2024-02-02,9288
2454,聯發科,6,1,5,凱基-埔墘,2024-02-02,9288
1101,台泥,4,0,4,凱基-埔墘,2024-02-02,9288
00680L,元大美債20正2,4,0,4,凱基-埔墘,2024-02-02,9288
00918,大華優利高填息30,4,0,4,凱基-埔墘,2024-02-02,9288
2301,光寶科,4,0,4,凱基-埔墘,2024-02-02,9288
3025,星通,4,0,4,凱基-埔墘,2024-02-02,9288
00680L,元大美債20正2,526,0,526,凱基-埔墘,2024-02-05,9288
00891,中信關鍵半導體,133,0,133,凱基-埔墘,2024-02-05,9288
00911,兆豐洲際半導體,101,0,101,凱基-埔墘,2024-02-05,9288
2340,台亞,53,0,53,凱基-埔墘,2024-02-05,9288
00919,群益台灣精選高息,48,0,48,凱基-埔墘,2024-02-05,9288
00688L,國泰20年美債正2,43,5,38,凱基-埔墘,2024-02-05,9288
1560,中砂,32,1,31,凱基-埔墘,2024-02-05,9288
3489,森寶,30,0,30,凱基-埔墘,2024-02-05,9288
2356,英業達,32,2,30,凱基-埔墘,2024-02-05,9288
2009,第一銅,25,0,25,凱基-埔墘,2024-02-05,9288
2324,仁寶,26,3,23,凱基-埔墘,2024-02-05,9288
00728,第一金工業30,22,0,22,凱基-埔墘,2024-02-05,9288
4979,華星光,21,0,21,凱基-埔墘,2024-02-05,9288
00665L,富邦�琤肭磪囓�2,22,2,20,凱基-埔墘,2024-02-05,9288
2027,大成鋼,20,0,20,凱基-埔墘,2024-02-05,9288
2606,裕民,20,0,20,凱基-埔墘,2024-02-05,9288
4306,炎洲,20,0,20,凱基-埔墘,2024-02-05,9288
8096,擎亞,21,3,18,凱基-埔墘,2024-02-05,9288
00715L,期街口布蘭特正2,17,0,17,凱基-埔墘,2024-02-05,9288
00933B,國泰10Y+金融債,14,0,14,凱基-埔墘,2024-02-05,9288
3527,聚積,14,0,14,凱基-埔墘,2024-02-05,9288
2241,艾姆勒,13,0,13,凱基-埔墘,2024-02-05,9288
1528,恩德,21,9,12,凱基-埔墘,2024-02-05,9288
3715,定穎投控,20,8,12,凱基-埔墘,2024-02-05,9288
00878,國泰永續高股息,13,1,12,凱基-埔墘,2024-02-05,9288
1605,華新,10,0,10,凱基-埔墘,2024-02-05,9288
00751B,元大AAA至A公司債,10,0,10,凱基-埔墘,2024-02-05,9288
2316,楠梓電,10,0,10,凱基-埔墘,2024-02-05,9288
3058,立德,10,0,10,凱基-埔墘,2024-02-05,9288
5533,皇鼎,10,0,10,凱基-埔墘,2024-02-05,9288
8222,寶一,10,0,10,凱基-埔墘,2024-02-05,9288
0050,元大台灣50,11,2,9,凱基-埔墘,2024-02-05,9288
00637L,元大滬深300正2,41,32,9,凱基-埔墘,2024-02-05,9288
2360,致茂,9,0,9,凱基-埔墘,2024-02-05,9288
00687B,國泰20年美債,8,0,8,凱基-埔墘,2024-02-05,9288
1101,台泥,10,2,8,凱基-埔墘,2024-02-05,9288
00712,復華富時不動產,11,3,8,凱基-埔墘,2024-02-05,9288
3285,微端,8,0,8,凱基-埔墘,2024-02-05,9288
5426,振發,18,10,8,凱基-埔墘,2024-02-05,9288
2601,益航,11,4,7,凱基-埔墘,2024-02-05,9288
2882,國泰金,7,0,7,凱基-埔墘,2024-02-05,9288
2382,廣達,7,1,6,凱基-埔墘,2024-02-05,9288
2363,矽統,6,0,6,凱基-埔墘,2024-02-05,9288
3481,群創,5,0,5,凱基-埔墘,2024-02-05,9288
3297,杭特,8,3,5,凱基-埔墘,2024-02-05,9288
00679B,元大美債20年,5,0,5,凱基-埔墘,2024-02-05,9288
00632R,元大台灣50反1,5,0,5,凱基-埔墘,2024-02-05,9288
00650L,復華香港正2,10,5,5,凱基-埔墘,2024-02-05,9288
00918,大華優利高填息30,5,0,5,凱基-埔墘,2024-02-05,9288
2025,千興,5,0,5,凱基-埔墘,2024-02-05,9288
00929,復華台灣科技優息,281,68,213,凱基-埔墘,2024-02-15,9288
00632R,元大台灣50反1,195,0,195,凱基-埔墘,2024-02-15,9288
2376,技嘉,206,11,195,凱基-埔墘,2024-02-15,9288
00795B,中信美國公債20年,91,0,91,凱基-埔墘,2024-02-15,9288
00688L,國泰20年美債正2,80,0,80,凱基-埔墘,2024-02-15,9288
2357,華碩,68,4,64,凱基-埔墘,2024-02-15,9288
2241,艾姆勒,40,0,40,凱基-埔墘,2024-02-15,9288
1786,科妍,38,0,38,凱基-埔墘,2024-02-15,9288
3013,晟銘電,40,3,37,凱基-埔墘,2024-02-15,9288
6282,康舒,35,0,35,凱基-埔墘,2024-02-15,9288
3481,群創,35,3,32,凱基-埔墘,2024-02-15,9288
2506,太設,30,0,30,凱基-埔墘,2024-02-15,9288
2610,華航,31,1,30,凱基-埔墘,2024-02-15,9288
3033,威健,30,2,28,凱基-埔墘,2024-02-15,9288
00680L,元大美債20正2,25,0,25,凱基-埔墘,2024-02-15,9288
2344,華邦電,24,0,24,凱基-埔墘,2024-02-15,9288
00687B,國泰20年美債,23,0,23,凱基-埔墘,2024-02-15,9288
00933B,國泰10Y+金融債,23,0,23,凱基-埔墘,2024-02-15,9288
9939,宏全,20,0,20,凱基-埔墘,2024-02-15,9288
2618,長榮航,23,3,20,凱基-埔墘,2024-02-15,9288
2486,一詮,28,8,20,凱基-埔墘,2024-02-15,9288
5536,聖暉*,20,0,20,凱基-埔墘,2024-02-15,9288
6257,矽格,20,0,20,凱基-埔墘,2024-02-15,9288
3260,威剛,18,1,17,凱基-埔墘,2024-02-15,9288
6219,富旺,17,0,17,凱基-埔墘,2024-02-15,9288
6742,澤米,17,0,17,凱基-埔墘,2024-02-15,9288
00712,復華富時不動產,15,0,15,凱基-埔墘,2024-02-15,9288
6205,詮欣,15,0,15,凱基-埔墘,2024-02-15,9288
8996,高力,15,1,14,凱基-埔墘,2024-02-15,9288
2356,英業達,32,19,13,凱基-埔墘,2024-02-15,9288
2031,新光鋼,15,2,13,凱基-埔墘,2024-02-15,9288
5213,亞昕,12,0,12,凱基-埔墘,2024-02-15,9288
3483,力致,14,2,12,凱基-埔墘,2024-02-15,9288
2449,京元電子,14,4,10,凱基-埔墘,2024-02-15,9288
00650L,復華香港正2,20,10,10,凱基-埔墘,2024-02-15,9288
1809,中釉,10,0,10,凱基-埔墘,2024-02-15,9288
2845,遠東銀,10,0,10,凱基-埔墘,2024-02-15,9288
3152,璟德,10,0,10,凱基-埔墘,2024-02-15,9288
3479,安勤,10,0,10,凱基-埔墘,2024-02-15,9288
5488,松普,10,0,10,凱基-埔墘,2024-02-15,9288
8463,潤泰材,10,0,10,凱基-埔墘,2024-02-15,9288
3680,家登,10,1,9,凱基-埔墘,2024-02-15,9288
6223,旺矽,10,1,9,凱基-埔墘,2024-02-15,9288
2408,南亞科,8,0,8,凱基-埔墘,2024-02-15,9288
3059,華晶科,8,0,8,凱基-埔墘,2024-02-15,9288
6187,萬潤,8,0,8,凱基-埔墘,2024-02-15,9288
1101,台泥,7,0,7,凱基-埔墘,2024-02-15,9288
3535,晶彩科,9,2,7,凱基-埔墘,2024-02-15,9288
3035,智原,9,2,7,凱基-埔墘,2024-02-15,9288
2897,王道銀行,8,2,6,凱基-埔墘,2024-02-15,9288
00878,國泰永續高股息,117,40,77,凱基-埔墘,2024-02-16,9288
6548,長科*,67,0,67,凱基-埔墘,2024-02-16,9288
2329,華泰,75,19,56,凱基-埔墘,2024-02-16,9288
2481,強茂,59,3,56,凱基-埔墘,2024-02-16,9288
1815,富喬,55,0,55,凱基-埔墘,2024-02-16,9288
2241,艾姆勒,45,0,45,凱基-埔墘,2024-02-16,9288
9934,成霖,41,0,41,凱基-埔墘,2024-02-16,9288
3535,晶彩科,40,0,40,凱基-埔墘,2024-02-16,9288
00665L,富邦�琤肭磪囓�2,44,5,39,凱基-埔墘,2024-02-16,9288
1609,大亞,40,4,36,凱基-埔墘,2024-02-16,9288
6274,台燿,36,9,27,凱基-埔墘,2024-02-16,9288
00680L,元大美債20正2,25,0,25,凱基-埔墘,2024-02-16,9288
2340,台亞,25,2,23,凱基-埔墘,2024-02-16,9288
00933B,國泰10Y+金融債,22,0,22,凱基-埔墘,2024-02-16,9288
00688L,國泰20年美債正2,22,0,22,凱基-埔墘,2024-02-16,9288
3178,公準,20,1,19,凱基-埔墘,2024-02-16,9288
3701,大眾控,19,0,19,凱基-埔墘,2024-02-16,9288
6189,豐藝,25,6,19,凱基-埔墘,2024-02-16,9288
00636,國泰中國A50,18,1,17,凱基-埔墘,2024-02-16,9288
00712,復華富時不動產,17,0,17,凱基-埔墘,2024-02-16,9288
2303,聯電,16,0,16,凱基-埔墘,2024-02-16,9288
3706,神達,16,0,16,凱基-埔墘,2024-02-16,9288
00687B,國泰20年美債,15,0,15,凱基-埔墘,2024-02-16,9288
3289,宜特,15,0,15,凱基-埔墘,2024-02-16,9288
4956,光鋐,15,0,15,凱基-埔墘,2024-02-16,9288
2888,新光金,14,0,14,凱基-埔墘,2024-02-16,9288
6126,信音,19,5,14,凱基-埔墘,2024-02-16,9288
2353,宏��,31,18,13,凱基-埔墘,2024-02-16,9288
4908,前鼎,27,14,13,凱基-埔墘,2024-02-16,9288
00857B,永豐20年美公債,12,0,12,凱基-埔墘,2024-02-16,9288
2368,金像電,24,12,12,凱基-埔墘,2024-02-16,9288
2609,陽明,12,0,12,凱基-埔墘,2024-02-16,9288
1785,光洋科,21,10,11,凱基-埔墘,2024-02-16,9288
6213,聯茂,11,0,11,凱基-埔墘,2024-02-16,9288
1907,永豐餘,10,0,10,凱基-埔墘,2024-02-16,9288
2316,楠梓電,10,0,10,凱基-埔墘,2024-02-16,9288
3033,威健,11,1,10,凱基-埔墘,2024-02-16,9288
5227,立凱-KY,10,0,10,凱基-埔墘,2024-02-16,9288
6104,創惟,10,0,10,凱基-埔墘,2024-02-16,9288
00751B,元大AAA至A公司債,10,0,10,凱基-埔墘,2024-02-16,9288
00882,中信中國高股息,10,0,10,凱基-埔墘,2024-02-16,9288
00632R,元大台灣50反1,10,0,10,凱基-埔墘,2024-02-16,9288
2258,鴻華先進-創,10,0,10,凱基-埔墘,2024-02-16,9288
2355,敬鵬,15,5,10,凱基-埔墘,2024-02-16,9288
5469,瀚宇博,10,0,10,凱基-埔墘,2024-02-16,9288
6799,來頡,10,0,10,凱基-埔墘,2024-02-16,9288
6187,萬潤,10,1,9,凱基-埔墘,2024-02-16,9288
3013,晟銘電,9,1,8,凱基-埔墘,2024-02-16,9288
4114,健喬,8,0,8,凱基-埔墘,2024-02-16,9288
4162,智擎,8,0,8,凱基-埔墘,2024-02-16,9288
00933B,國泰10Y+金融債,264,0,264,凱基-埔墘,2024-02-19,9288
00937B,群益ESG投等債20,122,20,102,凱基-埔墘,2024-02-19,9288
6196,帆宣,102,0,102,凱基-埔墘,2024-02-19,9288
00878,國泰永續高股息,105,6,99,凱基-埔墘,2024-02-19,9288
3321,同泰,71,1,70,凱基-埔墘,2024-02-19,9288
3548,兆利,67,0,67,凱基-埔墘,2024-02-19,9288
3587,閎康,61,9,52,凱基-埔墘,2024-02-19,9288
3058,立德,48,1,47,凱基-埔墘,2024-02-19,9288
1609,大亞,33,0,33,凱基-埔墘,2024-02-19,9288
2236,百達-KY,30,0,30,凱基-埔墘,2024-02-19,9288
3056,富華新,30,0,30,凱基-埔墘,2024-02-19,9288
2345,智邦,31,2,29,凱基-埔墘,2024-02-19,9288
3231,緯創,37,12,25,凱基-埔墘,2024-02-19,9288
00753L,中信中國50正2,21,1,20,凱基-埔墘,2024-02-19,9288
2105,正新,20,0,20,凱基-埔墘,2024-02-19,9288
2641,正德,20,0,20,凱基-埔墘,2024-02-19,9288
2258,鴻華先進-創,17,0,17,凱基-埔墘,2024-02-19,9288
2353,宏��,23,6,17,凱基-埔墘,2024-02-19,9288
00687B,國泰20年美債,17,0,17,凱基-埔墘,2024-02-19,9288
2376,技嘉,27,12,15,凱基-埔墘,2024-02-19,9288
2329,華泰,23,8,15,凱基-埔墘,2024-02-19,9288
00772B,中信高評級公司債,13,0,13,凱基-埔墘,2024-02-19,9288
2369,菱生,19,6,13,凱基-埔墘,2024-02-19,9288
6189,豐藝,15,2,13,凱基-埔墘,2024-02-19,9288
2356,英業達,16,4,12,凱基-埔墘,2024-02-19,9288
6275,元山,12,0,12,凱基-埔墘,2024-02-19,9288
2515,中工,14,3,11,凱基-埔墘,2024-02-19,9288
2331,精英,11,0,11,凱基-埔墘,2024-02-19,9288
00923,群益台ESG低碳50,10,0,10,凱基-埔墘,2024-02-19,9288
2367,燿華,14,4,10,凱基-埔墘,2024-02-19,9288
2888,新光金,10,0,10,凱基-埔墘,2024-02-19,9288
3527,聚積,10,0,10,凱基-埔墘,2024-02-19,9288
6835,圓裕,10,0,10,凱基-埔墘,2024-02-19,9288
8358,金居,11,1,10,凱基-埔墘,2024-02-19,9288
00919,群益台灣精選高息,9,0,9,凱基-埔墘,2024-02-19,9288
1319,東陽,12,3,9,凱基-埔墘,2024-02-19,9288
3027,盛達,12,3,9,凱基-埔墘,2024-02-19,9288
3607,谷崧,24,15,9,凱基-埔墘,2024-02-19,9288
2241,艾姆勒,8,0,8,凱基-埔墘,2024-02-19,9288
3265,台星科,8,0,8,凱基-埔墘,2024-02-19,9288
2609,陽明,14,6,8,凱基-埔墘,2024-02-19,9288
2453,凌群,7,0,7,凱基-埔墘,2024-02-19,9288
3105,穩懋,8,1,7,凱基-埔墘,2024-02-19,9288
4744,皇將,7,0,7,凱基-埔墘,2024-02-19,9288
4909,新復興,10,3,7,凱基-埔墘,2024-02-19,9288
00650L,復華香港正2,6,0,6,凱基-埔墘,2024-02-19,9288
2402,毅嘉,12,6,6,凱基-埔墘,2024-02-19,9288
1785,光洋科,10,4,6,凱基-埔墘,2024-02-19,9288
00680L,元大美債20正2,6,0,6,凱基-埔墘,2024-02-19,9288
00728,第一金工業30,6,0,6,凱基-埔墘,2024-02-19,9288
00878,國泰永續高股息,86,1,85,凱基-埔墘,2024-02-20,9288
00937B,群益ESG投等債20,79,0,79,凱基-埔墘,2024-02-20,9288
00933B,國泰10Y+金融債,60,0,60,凱基-埔墘,2024-02-20,9288
3167,大量,53,0,53,凱基-埔墘,2024-02-20,9288
00888,永豐台灣ESG,50,0,50,凱基-埔墘,2024-02-20,9288
2376,技嘉,40,4,36,凱基-埔墘,2024-02-20,9288
00688L,國泰20年美債正2,31,0,31,凱基-埔墘,2024-02-20,9288
5512,力麒,23,0,23,凱基-埔墘,2024-02-20,9288
3376,新日興,28,5,23,凱基-埔墘,2024-02-20,9288
1609,大亞,24,3,21,凱基-埔墘,2024-02-20,9288
4207,環泰,20,0,20,凱基-埔墘,2024-02-20,9288
8463,潤泰材,20,0,20,凱基-埔墘,2024-02-20,9288
2344,華邦電,19,1,18,凱基-埔墘,2024-02-20,9288
00687B,國泰20年美債,18,1,17,凱基-埔墘,2024-02-20,9288
2485,兆赫,16,0,16,凱基-埔墘,2024-02-20,9288
3305,昇貿,23,7,16,凱基-埔墘,2024-02-20,9288
2241,艾姆勒,15,0,15,凱基-埔墘,2024-02-20,9288
6282,康舒,19,5,14,凱基-埔墘,2024-02-20,9288
2027,大成鋼,13,0,13,凱基-埔墘,2024-02-20,9288
2834,臺企銀,13,0,13,凱基-埔墘,2024-02-20,9288
3680,家登,13,0,13,凱基-埔墘,2024-02-20,9288
3231,緯創,20,8,12,凱基-埔墘,2024-02-20,9288
00637L,元大滬深300正2,15,3,12,凱基-埔墘,2024-02-20,9288
00669R,國泰美國道瓊反1,12,0,12,凱基-埔墘,2024-02-20,9288
3715,定穎投控,12,0,12,凱基-埔墘,2024-02-20,9288
8103,瀚荃,12,0,12,凱基-埔墘,2024-02-20,9288
00935,野村臺灣新科技50,10,0,10,凱基-埔墘,2024-02-20,9288
00725B,國泰投資級公司債,10,0,10,凱基-埔墘,2024-02-20,9288
1815,富喬,10,0,10,凱基-埔墘,2024-02-20,9288
1907,永豐餘,10,0,10,凱基-埔墘,2024-02-20,9288
2609,陽明,11,1,10,凱基-埔墘,2024-02-20,9288
3689,湧德,10,0,10,凱基-埔墘,2024-02-20,9288
6275,元山,10,0,10,凱基-埔墘,2024-02-20,9288
6782,視陽,10,0,10,凱基-埔墘,2024-02-20,9288
8028,昇陽半導體,10,0,10,凱基-埔墘,2024-02-20,9288
1809,中釉,9,0,9,凱基-埔墘,2024-02-20,9288
3450,聯鈞,35,26,9,凱基-埔墘,2024-02-20,9288
3035,智原,56,47,9,凱基-埔墘,2024-02-20,9288
00673R,期元大S＆P原油反1,8,0,8,凱基-埔墘,2024-02-20,9288
00680L,元大美債20正2,8,0,8,凱基-埔墘,2024-02-20,9288
1513,中興電,15,7,8,凱基-埔墘,2024-02-20,9288
00679B,元大美債20年,7,0,7,凱基-埔墘,2024-02-20,9288
1519,華城,9,2,7,凱基-埔墘,2024-02-20,9288
1733,五鼎,7,0,7,凱基-埔墘,2024-02-20,9288
6532,瑞耘,7,0,7,凱基-埔墘,2024-02-20,9288
3481,群創,13,6,7,凱基-埔墘,2024-02-20,9288
2355,敬鵬,10,4,6,凱基-埔墘,2024-02-20,9288
00712,復華富時不動產,5,0,5,凱基-埔墘,2024-02-20,9288
2208,台船,5,0,5,凱基-埔墘,2024-02-20,9288
2832,台產,5,0,5,凱基-埔墘,2024-02-20,9288
00712,復華富時不動產,57,0,57,凱基-埔墘,2024-02-21,9288
2312,金寶,53,1,52,凱基-埔墘,2024-02-21,9288
00878,國泰永續高股息,49,0,49,凱基-埔墘,2024-02-21,9288
00937B,群益ESG投等債20,46,0,46,凱基-埔墘,2024-02-21,9288
6213,聯茂,31,0,31,凱基-埔墘,2024-02-21,9288
2208,台船,30,0,30,凱基-埔墘,2024-02-21,9288
5443,均豪,51,21,30,凱基-埔墘,2024-02-21,9288
6189,豐藝,31,1,30,凱基-埔墘,2024-02-21,9288
00933B,國泰10Y+金融債,28,0,28,凱基-埔墘,2024-02-21,9288
2612,中航,25,0,25,凱基-埔墘,2024-02-21,9288
8028,昇陽半導體,25,0,25,凱基-埔墘,2024-02-21,9288
00919,群益台灣精選高息,24,1,23,凱基-埔墘,2024-02-21,9288
1710,東聯,22,0,22,凱基-埔墘,2024-02-21,9288
3489,森寶,22,1,21,凱基-埔墘,2024-02-21,9288
3324,雙鴻,21,1,20,凱基-埔墘,2024-02-21,9288
3167,大量,19,0,19,凱基-埔墘,2024-02-21,9288
3481,群創,23,5,18,凱基-埔墘,2024-02-21,9288
8064,東捷,19,1,18,凱基-埔墘,2024-02-21,9288
9105,泰金寶-DR,20,3,17,凱基-埔墘,2024-02-21,9288
2303,聯電,16,0,16,凱基-埔墘,2024-02-21,9288
2066,世德,16,0,16,凱基-埔墘,2024-02-21,9288
2457,飛宏,15,0,15,凱基-埔墘,2024-02-21,9288
3521,鴻翊,15,0,15,凱基-埔墘,2024-02-21,9288
5457,宣德,15,0,15,凱基-埔墘,2024-02-21,9288
6233,旺玖,15,0,15,凱基-埔墘,2024-02-21,9288
8463,潤泰材,14,0,14,凱基-埔墘,2024-02-21,9288
00753L,中信中國50正2,50,37,13,凱基-埔墘,2024-02-21,9288
2258,鴻華先進-創,13,0,13,凱基-埔墘,2024-02-21,9288
2427,三商電,13,0,13,凱基-埔墘,2024-02-21,9288
2367,燿華,30,18,12,凱基-埔墘,2024-02-21,9288
2617,台航,16,5,11,凱基-埔墘,2024-02-21,9288
1524,耿鼎,11,0,11,凱基-埔墘,2024-02-21,9288
6275,元山,12,1,11,凱基-埔墘,2024-02-21,9288
3055,蔚華科,10,0,10,凱基-埔墘,2024-02-21,9288
1314,中石化,10,0,10,凱基-埔墘,2024-02-21,9288
00932,兆豐永續高息等權,10,0,10,凱基-埔墘,2024-02-21,9288
00922,國泰台灣領袖50,10,0,10,凱基-埔墘,2024-02-21,9288
1734,杏輝,10,0,10,凱基-埔墘,2024-02-21,9288
1809,中釉,10,0,10,凱基-埔墘,2024-02-21,9288
4927,泰鼎-KY,10,0,10,凱基-埔墘,2024-02-21,9288
5469,瀚宇博,10,0,10,凱基-埔墘,2024-02-21,9288
6005,群益證,10,0,10,凱基-埔墘,2024-02-21,9288
8085,福華,11,1,10,凱基-埔墘,2024-02-21,9288
3035,智原,22,13,9,凱基-埔墘,2024-02-21,9288
2382,廣達,10,1,9,凱基-埔墘,2024-02-21,9288
00795B,中信美國公債20年,9,0,9,凱基-埔墘,2024-02-21,9288
6112,邁達特,10,1,9,凱基-埔墘,2024-02-21,9288
3325,旭品,8,0,8,凱基-埔墘,2024-02-21,9288
6863,永道-KY,10,2,8,凱基-埔墘,2024-02-21,9288
2605,新興,11,4,7,凱基-埔墘,2024-02-21,9288
00937B,群益ESG投等債20,143,5,138,凱基-埔墘,2024-02-22,9288
1528,恩德,100,0,100,凱基-埔墘,2024-02-22,9288
2313,華通,104,19,85,凱基-埔墘,2024-02-22,9288
5483,中美晶,56,0,56,凱基-埔墘,2024-02-22,9288
00632R,元大台灣50反1,55,0,55,凱基-埔墘,2024-02-22,9288
2367,燿華,61,9,52,凱基-埔墘,2024-02-22,9288
00665L,富邦�琤肭磪囓�2,61,10,51,凱基-埔墘,2024-02-22,9288
2357,華碩,50,5,45,凱基-埔墘,2024-02-22,9288
8182,加高,54,10,44,凱基-埔墘,2024-02-22,9288
2328,廣宇,42,0,42,凱基-埔墘,2024-02-22,9288
5443,均豪,43,8,35,凱基-埔墘,2024-02-22,9288
00929,復華台灣科技優息,42,15,27,凱基-埔墘,2024-02-22,9288
6237,驊訊,25,0,25,凱基-埔墘,2024-02-22,9288
00687B,國泰20年美債,23,0,23,凱基-埔墘,2024-02-22,9288
2484,希華,54,33,21,凱基-埔墘,2024-02-22,9288
1319,東陽,27,7,20,凱基-埔墘,2024-02-22,9288
2489,瑞軒,31,11,20,凱基-埔墘,2024-02-22,9288
3032,偉訓,21,1,20,凱基-埔墘,2024-02-22,9288
6138,茂達,20,0,20,凱基-埔墘,2024-02-22,9288
6742,澤米,20,0,20,凱基-埔墘,2024-02-22,9288
00933B,國泰10Y+金融債,19,0,19,凱基-埔墘,2024-02-22,9288
4561,健椿,12,0,12,凱基-埔墘,2024-02-22,9288
6216,居易,12,0,12,凱基-埔墘,2024-02-22,9288
2408,南亞科,18,7,11,凱基-埔墘,2024-02-22,9288
5426,振發,11,0,11,凱基-埔墘,2024-02-22,9288
6782,視陽,11,0,11,凱基-埔墘,2024-02-22,9288
1536,和大,10,0,10,凱基-埔墘,2024-02-22,9288
2453,凌群,10,0,10,凱基-埔墘,2024-02-22,9288
4763,材料-KY,10,0,10,凱基-埔墘,2024-02-22,9288
6005,群益證,10,0,10,凱基-埔墘,2024-02-22,9288
6275,元山,11,1,10,凱基-埔墘,2024-02-22,9288
6790,永豐實,10,0,10,凱基-埔墘,2024-02-22,9288
6873,泓德能源,10,0,10,凱基-埔墘,2024-02-22,9288
8927,北基,10,0,10,凱基-埔墘,2024-02-22,9288
2356,英業達,31,22,9,凱基-埔墘,2024-02-22,9288
2379,瑞昱,9,0,9,凱基-埔墘,2024-02-22,9288
00751B,元大AAA至A公司債,8,0,8,凱基-埔墘,2024-02-22,9288
00680L,元大美債20正2,8,0,8,凱基-埔墘,2024-02-22,9288
8936,國統,8,0,8,凱基-埔墘,2024-02-22,9288
1210,大成,7,0,7,凱基-埔墘,2024-02-22,9288
00637L,元大滬深300正2,18,11,7,凱基-埔墘,2024-02-22,9288
2501,國建,7,0,7,凱基-埔墘,2024-02-22,9288
2732,六角,7,0,7,凱基-埔墘,2024-02-22,9288
00673R,期元大S＆P原油反1,6,0,6,凱基-埔墘,2024-02-22,9288
6446,藥華藥,6,0,6,凱基-埔墘,2024-02-22,9288
3481,群創,5,0,5,凱基-埔墘,2024-02-22,9288
3038,全台,5,0,5,凱基-埔墘,2024-02-22,9288
1809,中釉,5,0,5,凱基-埔墘,2024-02-22,9288
2897,王道銀行,5,0,5,凱基-埔墘,2024-02-22,9288
3042,晶技,5,0,5,凱基-埔墘,2024-02-22,9288
00929,復華台灣科技優息,525,76,449,凱基-埔墘,2024-02-23,9288
2313,華通,127,27,100,凱基-埔墘,2024-02-23,9288
3017,奇鋐,73,0,73,凱基-埔墘,2024-02-23,9288
1609,大亞,61,2,59,凱基-埔墘,2024-02-23,9288
00632R,元大台灣50反1,55,0,55,凱基-埔墘,2024-02-23,9288
2344,華邦電,53,0,53,凱基-埔墘,2024-02-23,9288
2484,希華,67,15,52,凱基-埔墘,2024-02-23,9288
00937B,群益ESG投等債20,51,3,48,凱基-埔墘,2024-02-23,9288
00919,群益台灣精選高息,84,41,43,凱基-埔墘,2024-02-23,9288
00878,國泰永續高股息,74,37,37,凱基-埔墘,2024-02-23,9288
6158,禾昌,37,0,37,凱基-埔墘,2024-02-23,9288
3049,精金,35,0,35,凱基-埔墘,2024-02-23,9288
00665L,富邦�琤肭磪囓�2,35,1,34,凱基-埔墘,2024-02-23,9288
3264,欣銓,33,0,33,凱基-埔墘,2024-02-23,9288
6288,聯嘉,35,2,33,凱基-埔墘,2024-02-23,9288
3169,亞信,30,0,30,凱基-埔墘,2024-02-23,9288
2888,新光金,28,0,28,凱基-埔墘,2024-02-23,9288
1711,永光,27,0,27,凱基-埔墘,2024-02-23,9288
3580,友威科,25,0,25,凱基-埔墘,2024-02-23,9288
5340,建榮,24,0,24,凱基-埔墘,2024-02-23,9288
3032,偉訓,28,6,22,凱基-埔墘,2024-02-23,9288
3360,尚立,21,0,21,凱基-埔墘,2024-02-23,9288
6189,豐藝,46,26,20,凱基-埔墘,2024-02-23,9288
2606,裕民,20,1,19,凱基-埔墘,2024-02-23,9288
2618,長榮航,19,0,19,凱基-埔墘,2024-02-23,9288
2367,燿華,17,1,16,凱基-埔墘,2024-02-23,9288
00885,富邦越南,20,5,15,凱基-埔墘,2024-02-23,9288
1514,亞力,30,15,15,凱基-埔墘,2024-02-23,9288
00927,群益半導體收益,14,0,14,凱基-埔墘,2024-02-23,9288
1536,和大,13,0,13,凱基-埔墘,2024-02-23,9288
3059,華晶科,13,0,13,凱基-埔墘,2024-02-23,9288
6205,詮欣,13,0,13,凱基-埔墘,2024-02-23,9288
3701,大眾控,12,0,12,凱基-埔墘,2024-02-23,9288
3481,群創,11,0,11,凱基-埔墘,2024-02-23,9288
4977,眾達-KY,11,0,11,凱基-埔墘,2024-02-23,9288
00933B,國泰10Y+金融債,10,0,10,凱基-埔墘,2024-02-23,9288
1314,中石化,10,0,10,凱基-埔墘,2024-02-23,9288
0050,元大台灣50,10,0,10,凱基-埔墘,2024-02-23,9288
2101,南港,10,0,10,凱基-埔墘,2024-02-23,9288
3041,揚智,11,1,10,凱基-埔墘,2024-02-23,9288
5388,中磊,15,5,10,凱基-埔墘,2024-02-23,9288
6790,永豐實,10,0,10,凱基-埔墘,2024-02-23,9288
3231,緯創,14,4,10,凱基-埔墘,2024-02-23,9288
0056,元大高股息,21,12,9,凱基-埔墘,2024-02-23,9288
5469,瀚宇博,10,1,9,凱基-埔墘,2024-02-23,9288
6446,藥華藥,16,7,9,凱基-埔墘,2024-02-23,9288
2439,美律,10,1,9,凱基-埔墘,2024-02-23,9288
2014,中鴻,9,1,8,凱基-埔墘,2024-02-23,9288
1717,長興,11,3,8,凱基-埔墘,2024-02-23,9288
2371,大同,7,0,7,凱基-埔墘,2024-02-23,9288
1560,中砂,98,11,87,凱基-埔墘,2024-02-26,9288
00680L,元大美債20正2,53,0,53,凱基-埔墘,2024-02-26,9288
5284,jpp-KY,53,0,53,凱基-埔墘,2024-02-26,9288
2812,台中銀,50,0,50,凱基-埔墘,2024-02-26,9288
6125,廣運,50,8,42,凱基-埔墘,2024-02-26,9288
00637L,元大滬深300正2,41,0,41,凱基-埔墘,2024-02-26,9288
3324,雙鴻,41,1,40,凱基-埔墘,2024-02-26,9288
00919,群益台灣精選高息,40,1,39,凱基-埔墘,2024-02-26,9288
6806,森崴能源,40,1,39,凱基-埔墘,2024-02-26,9288
00937B,群益ESG投等債20,39,2,37,凱基-埔墘,2024-02-26,9288
5488,松普,35,0,35,凱基-埔墘,2024-02-26,9288
1609,大亞,49,20,29,凱基-埔墘,2024-02-26,9288
2332,友訊,27,0,27,凱基-埔墘,2024-02-26,9288
00857B,永豐20年美公債,30,5,25,凱基-埔墘,2024-02-26,9288
1815,富喬,30,5,25,凱基-埔墘,2024-02-26,9288
6189,豐藝,24,0,24,凱基-埔墘,2024-02-26,9288
00933B,國泰10Y+金融債,23,0,23,凱基-埔墘,2024-02-26,9288
2365,昆盈,22,0,22,凱基-埔墘,2024-02-26,9288
1711,永光,25,5,20,凱基-埔墘,2024-02-26,9288
4513,福裕,19,0,19,凱基-埔墘,2024-02-26,9288
2329,華泰,29,12,17,凱基-埔墘,2024-02-26,9288
3017,奇鋐,21,4,17,凱基-埔墘,2024-02-26,9288
2888,新光金,15,0,15,凱基-埔墘,2024-02-26,9288
1519,華城,14,0,14,凱基-埔墘,2024-02-26,9288
00795B,中信美國公債20年,14,0,14,凱基-埔墘,2024-02-26,9288
5880,合庫金,13,0,13,凱基-埔墘,2024-02-26,9288
6188,廣明,13,0,13,凱基-埔墘,2024-02-26,9288
3231,緯創,23,10,13,凱基-埔墘,2024-02-26,9288
2356,英業達,14,2,12,凱基-埔墘,2024-02-26,9288
2610,華航,22,10,12,凱基-埔墘,2024-02-26,9288
3027,盛達,17,5,12,凱基-埔墘,2024-02-26,9288
3707,漢磊,10,0,10,凱基-埔墘,2024-02-26,9288
6005,群益證,10,0,10,凱基-埔墘,2024-02-26,9288
8089,康全電訊,16,7,9,凱基-埔墘,2024-02-26,9288
1718,中纖,13,5,8,凱基-埔墘,2024-02-26,9288
2630,亞航,21,13,8,凱基-埔墘,2024-02-26,9288
1229,聯華,7,0,7,凱基-埔墘,2024-02-26,9288
1536,和大,13,6,7,凱基-埔墘,2024-02-26,9288
3264,欣銓,7,0,7,凱基-埔墘,2024-02-26,9288
3605,宏致,7,0,7,凱基-埔墘,2024-02-26,9288
8996,高力,8,1,7,凱基-埔墘,2024-02-26,9288
2379,瑞昱,7,0,7,凱基-埔墘,2024-02-26,9288
00633L,富邦上証正2,6,0,6,凱基-埔墘,2024-02-26,9288
6104,創惟,10,4,6,凱基-埔墘,2024-02-26,9288
1342,八貫,5,0,5,凱基-埔墘,2024-02-26,9288
1447,力鵬,5,0,5,凱基-埔墘,2024-02-26,9288
1734,杏輝,5,0,5,凱基-埔墘,2024-02-26,9288
2241,艾姆勒,5,0,5,凱基-埔墘,2024-02-26,9288
2313,華通,9,4,5,凱基-埔墘,2024-02-26,9288
2453,凌群,5,0,5,凱基-埔墘,2024-02-26,9288
2357,華碩,83,3,80,凱基-埔墘,2024-02-27,9288
6218,豪勉,68,6,62,凱基-埔墘,2024-02-27,9288
3324,雙鴻,63,2,61,凱基-埔墘,2024-02-27,9288
2371,大同,59,5,54,凱基-埔墘,2024-02-27,9288
00632R,元大台灣50反1,50,0,50,凱基-埔墘,2024-02-27,9288
00937B,群益ESG投等債20,49,0,49,凱基-埔墘,2024-02-27,9288
4513,福裕,45,0,45,凱基-埔墘,2024-02-27,9288
6532,瑞耘,40,0,40,凱基-埔墘,2024-02-27,9288
2888,新光金,35,0,35,凱基-埔墘,2024-02-27,9288
4503,金雨,36,7,29,凱基-埔墘,2024-02-27,9288
8222,寶一,29,0,29,凱基-埔墘,2024-02-27,9288
3032,偉訓,20,1,19,凱基-埔墘,2024-02-27,9288
2454,聯發科,20,1,19,凱基-埔墘,2024-02-27,9288
1560,中砂,23,6,17,凱基-埔墘,2024-02-27,9288
2365,昆盈,16,0,16,凱基-埔墘,2024-02-27,9288
2405,輔信,17,2,15,凱基-埔墘,2024-02-27,9288
2637,慧洋-KY,15,0,15,凱基-埔墘,2024-02-27,9288
8059,凱碩,16,1,15,凱基-埔墘,2024-02-27,9288
6189,豐藝,14,0,14,凱基-埔墘,2024-02-27,9288
00933B,國泰10Y+金融債,13,0,13,凱基-埔墘,2024-02-27,9288
2476,鉅祥,13,0,13,凱基-埔墘,2024-02-27,9288
3707,漢磊,13,0,13,凱基-埔墘,2024-02-27,9288
3483,力致,18,6,12,凱基-埔墘,2024-02-27,9288
1316,上曜,12,0,12,凱基-埔墘,2024-02-27,9288
2406,國碩,12,0,12,凱基-埔墘,2024-02-27,9288
5465,富驊,12,0,12,凱基-埔墘,2024-02-27,9288
00919,群益台灣精選高息,323,312,11,凱基-埔墘,2024-02-27,9288
1721,三晃,11,0,11,凱基-埔墘,2024-02-27,9288
2014,中鴻,11,0,11,凱基-埔墘,2024-02-27,9288
2467,志聖,11,0,11,凱基-埔墘,2024-02-27,9288
3535,晶彩科,11,0,11,凱基-埔墘,2024-02-27,9288
6205,詮欣,11,0,11,凱基-埔墘,2024-02-27,9288
8091,翔名,11,0,11,凱基-埔墘,2024-02-27,9288
3430,奇鈦科,10,0,10,凱基-埔墘,2024-02-27,9288
00922,國泰台灣領袖50,10,0,10,凱基-埔墘,2024-02-27,9288
1109,信大,10,0,10,凱基-埔墘,2024-02-27,9288
1314,中石化,10,0,10,凱基-埔墘,2024-02-27,9288
2468,華經,10,0,10,凱基-埔墘,2024-02-27,9288
3508,位速,10,0,10,凱基-埔墘,2024-02-27,9288
5443,均豪,10,0,10,凱基-埔墘,2024-02-27,9288
5880,合庫金,10,0,10,凱基-埔墘,2024-02-27,9288
00680L,元大美債20正2,9,0,9,凱基-埔墘,2024-02-27,9288
2369,菱生,10,1,9,凱基-埔墘,2024-02-27,9288
00795B,中信美國公債20年,9,0,9,凱基-埔墘,2024-02-27,9288
00752,中信中國50,7,0,7,凱基-埔墘,2024-02-27,9288
00905,FT臺灣Smart,7,0,7,凱基-埔墘,2024-02-27,9288
1524,耿鼎,22,15,7,凱基-埔墘,2024-02-27,9288
2301,光寶科,7,0,7,凱基-埔墘,2024-02-27,9288
5351,鈺創,7,0,7,凱基-埔墘,2024-02-27,9288
8926,台汽電,8,1,7,凱基-埔墘,2024-02-27,9288
00878,國泰永續高股息,155,0,155,凱基-埔墘,2024-02-29,9288
2353,宏��,107,4,103,凱基-埔墘,2024-02-29,9288
3324,雙鴻,84,2,82,凱基-埔墘,2024-02-29,9288
2504,國產,57,0,57,凱基-埔墘,2024-02-29,9288
00937B,群益ESG投等債20,40,0,40,凱基-埔墘,2024-02-29,9288
3035,智原,45,10,35,凱基-埔墘,2024-02-29,9288
1785,光洋科,32,0,32,凱基-埔墘,2024-02-29,9288
6125,廣運,40,10,30,凱基-埔墘,2024-02-29,9288
00919,群益台灣精選高息,29,1,28,凱基-埔墘,2024-02-29,9288
2367,燿華,23,0,23,凱基-埔墘,2024-02-29,9288
2371,大同,37,15,22,凱基-埔墘,2024-02-29,9288
4503,金雨,21,0,21,凱基-埔墘,2024-02-29,9288
6438,迅得,21,0,21,凱基-埔墘,2024-02-29,9288
2633,台灣高鐵,20,0,20,凱基-埔墘,2024-02-29,9288
3346,麗清,20,0,20,凱基-埔墘,2024-02-29,9288
00933B,國泰10Y+金融債,19,0,19,凱基-埔墘,2024-02-29,9288
1524,耿鼎,24,6,18,凱基-埔墘,2024-02-29,9288
1529,樂事綠能,18,1,17,凱基-埔墘,2024-02-29,9288
3512,皇龍,17,0,17,凱基-埔墘,2024-02-29,9288
4927,泰鼎-KY,15,0,15,凱基-埔墘,2024-02-29,9288
00929,復華台灣科技優息,22,8,14,凱基-埔墘,2024-02-29,9288
2028,威致,13,0,13,凱基-埔墘,2024-02-29,9288
2630,亞航,13,0,13,凱基-埔墘,2024-02-29,9288
00680L,元大美債20正2,15,4,11,凱基-埔墘,2024-02-29,9288
5508,永信建,10,0,10,凱基-埔墘,2024-02-29,9288
00665L,富邦�琤肭磪囓�2,31,21,10,凱基-埔墘,2024-02-29,9288
2431,聯昌,10,0,10,凱基-埔墘,2024-02-29,9288
6449,鈺邦,10,0,10,凱基-埔墘,2024-02-29,9288
9939,宏全,10,0,10,凱基-埔墘,2024-02-29,9288
3017,奇鋐,12,3,9,凱基-埔墘,2024-02-29,9288
1447,力鵬,9,0,9,凱基-埔墘,2024-02-29,9288
8011,台通,9,0,9,凱基-埔墘,2024-02-29,9288
2890,永豐金,10,2,8,凱基-埔墘,2024-02-29,9288
3231,緯創,9,2,7,凱基-埔墘,2024-02-29,9288
4401,東隆興,7,0,7,凱基-埔墘,2024-02-29,9288
5258,虹堡,7,0,7,凱基-埔墘,2024-02-29,9288
6446,藥華藥,10,3,7,凱基-埔墘,2024-02-29,9288
1314,中石化,6,0,6,凱基-埔墘,2024-02-29,9288
2049,上銀,6,0,6,凱基-埔墘,2024-02-29,9288
1514,亞力,18,12,6,凱基-埔墘,2024-02-29,9288
2324,仁寶,6,0,6,凱基-埔墘,2024-02-29,9288
3321,同泰,6,0,6,凱基-埔墘,2024-02-29,9288
3430,奇鈦科,7,1,6,凱基-埔墘,2024-02-29,9288
5263,智崴,6,0,6,凱基-埔墘,2024-02-29,9288
00664R,國泰臺灣加權反1,5,0,5,凱基-埔墘,2024-02-29,9288
00690,兆豐藍籌30,5,0,5,凱基-埔墘,2024-02-29,9288
2014,中鴻,5,0,5,凱基-埔墘,2024-02-29,9288
2467,志聖,5,0,5,凱基-埔墘,2024-02-29,9288
2883,凱基金,10,5,5,凱基-埔墘,2024-02-29,9288
2888,新光金,10,5,5,凱基-埔墘,2024-02-29,9288
00687B,國泰20年美債,325,0,325,凱基-埔墘,2024-03-01,9288
00919,群益台灣精選高息,112,1,111,凱基-埔墘,2024-03-01,9288
00929,復華台灣科技優息,111,17,94,凱基-埔墘,2024-03-01,9288
00688L,國泰20年美債正2,85,0,85,凱基-埔墘,2024-03-01,9288
2367,燿華,88,3,85,凱基-埔墘,2024-03-01,9288
2379,瑞昱,68,2,66,凱基-埔墘,2024-03-01,9288
1786,科妍,29,0,29,凱基-埔墘,2024-03-01,9288
4526,東台,24,2,22,凱基-埔墘,2024-03-01,9288
00679B,元大美債20年,20,0,20,凱基-埔墘,2024-03-01,9288
2617,台航,20,0,20,凱基-埔墘,2024-03-01,9288
0050,元大台灣50,18,1,17,凱基-埔墘,2024-03-01,9288
2883,凱基金,23,6,17,凱基-埔墘,2024-03-01,9288
2867,三商壽,16,0,16,凱基-埔墘,2024-03-01,9288
3357,臺慶科,16,0,16,凱基-埔墘,2024-03-01,9288
3512,皇龍,16,0,16,凱基-埔墘,2024-03-01,9288
4533,協易機,16,0,16,凱基-埔墘,2024-03-01,9288
4951,精拓科,16,0,16,凱基-埔墘,2024-03-01,9288
1314,中石化,14,0,14,凱基-埔墘,2024-03-01,9288
00922,國泰台灣領袖50,13,0,13,凱基-埔墘,2024-03-01,9288
2615,萬海,17,5,12,凱基-埔墘,2024-03-01,9288
3047,訊舟,12,0,12,凱基-埔墘,2024-03-01,9288
3624,光頡,12,0,12,凱基-埔墘,2024-03-01,9288
8050,廣積,12,0,12,凱基-埔墘,2024-03-01,9288
2399,映泰,11,0,11,凱基-埔墘,2024-03-01,9288
2356,英業達,11,1,10,凱基-埔墘,2024-03-01,9288
00932,兆豐永續高息等權,10,0,10,凱基-埔墘,2024-03-01,9288
2515,中工,10,0,10,凱基-埔墘,2024-03-01,9288
3234,光環,10,0,10,凱基-埔墘,2024-03-01,9288
3708,上緯投控,10,0,10,凱基-埔墘,2024-03-01,9288
3324,雙鴻,10,0,10,凱基-埔墘,2024-03-01,9288
2476,鉅祥,10,1,9,凱基-埔墘,2024-03-01,9288
3535,晶彩科,9,0,9,凱基-埔墘,2024-03-01,9288
6275,元山,10,1,9,凱基-埔墘,2024-03-01,9288
3313,斐成,9,0,9,凱基-埔墘,2024-03-01,9288
00918,大華優利高填息30,8,0,8,凱基-埔墘,2024-03-01,9288
2408,南亞科,10,2,8,凱基-埔墘,2024-03-01,9288
4303,信立,11,3,8,凱基-埔墘,2024-03-01,9288
4561,健椿,8,0,8,凱基-埔墘,2024-03-01,9288
2467,志聖,7,0,7,凱基-埔墘,2024-03-01,9288
3041,揚智,12,5,7,凱基-埔墘,2024-03-01,9288
3163,波若威,7,0,7,凱基-埔墘,2024-03-01,9288
6143,振曜,8,1,7,凱基-埔墘,2024-03-01,9288
6216,居易,7,0,7,凱基-埔墘,2024-03-01,9288
0056,元大高股息,11,4,7,凱基-埔墘,2024-03-01,9288
1712,興農,6,0,6,凱基-埔墘,2024-03-01,9288
2241,艾姆勒,6,0,6,凱基-埔墘,2024-03-01,9288
2431,聯昌,6,0,6,凱基-埔墘,2024-03-01,9288
2605,新興,7,1,6,凱基-埔墘,2024-03-01,9288
3483,力致,9,3,6,凱基-埔墘,2024-03-01,9288
00680L,元大美債20正2,5,0,5,凱基-埔墘,2024-03-01,9288
00919,群益台灣精選高息,74,8,66,凱基-埔墘,2024-03-04,9288
3689,湧德,65,3,62,凱基-埔墘,2024-03-04,9288
3047,訊舟,55,0,55,凱基-埔墘,2024-03-04,9288
2344,華邦電,50,0,50,凱基-埔墘,2024-03-04,9288
6129,普誠,40,0,40,凱基-埔墘,2024-03-04,9288
1608,華榮,39,0,39,凱基-埔墘,2024-03-04,9288
00679B,元大美債20年,38,0,38,凱基-埔墘,2024-03-04,9288
1314,中石化,29,0,29,凱基-埔墘,2024-03-04,9288
3035,智原,33,6,27,凱基-埔墘,2024-03-04,9288
00937B,群益ESG投等債20,22,0,22,凱基-埔墘,2024-03-04,9288
3321,同泰,21,0,21,凱基-埔墘,2024-03-04,9288
2002,中鋼,21,2,19,凱基-埔墘,2024-03-04,9288
00673R,期元大S＆P原油反1,19,0,19,凱基-埔墘,2024-03-04,9288
00933B,國泰10Y+金融債,18,0,18,凱基-埔墘,2024-03-04,9288
1786,科妍,18,0,18,凱基-埔墘,2024-03-04,9288
3360,尚立,18,0,18,凱基-埔墘,2024-03-04,9288
00680L,元大美債20正2,17,0,17,凱基-埔墘,2024-03-04,9288
2371,大同,23,6,17,凱基-埔墘,2024-03-04,9288
1618,合機,16,0,16,凱基-埔墘,2024-03-04,9288
3042,晶技,15,1,14,凱基-埔墘,2024-03-04,9288
00915,凱基優選高股息30,25,12,13,凱基-埔墘,2024-03-04,9288
3605,宏致,13,0,13,凱基-埔墘,2024-03-04,9288
2324,仁寶,21,9,12,凱基-埔墘,2024-03-04,9288
2867,三商壽,12,0,12,凱基-埔墘,2024-03-04,9288
2888,新光金,12,0,12,凱基-埔墘,2024-03-04,9288
6235,華孚,12,0,12,凱基-埔墘,2024-03-04,9288
1513,中興電,25,13,12,凱基-埔墘,2024-03-04,9288
00645,富邦日本,11,0,11,凱基-埔墘,2024-03-04,9288
6446,藥華藥,11,0,11,凱基-埔墘,2024-03-04,9288
6526,達發,12,1,11,凱基-埔墘,2024-03-04,9288
00751B,元大AAA至A公司債,10,0,10,凱基-埔墘,2024-03-04,9288
2201,裕隆,10,0,10,凱基-埔墘,2024-03-04,9288
2468,華經,10,0,10,凱基-埔墘,2024-03-04,9288
3706,神達,11,1,10,凱基-埔墘,2024-03-04,9288
6426,統新,10,0,10,凱基-埔墘,2024-03-04,9288
1712,興農,9,0,9,凱基-埔墘,2024-03-04,9288
2630,亞航,10,1,9,凱基-埔墘,2024-03-04,9288
3138,耀登,9,0,9,凱基-埔墘,2024-03-04,9288
3380,明泰,11,2,9,凱基-埔墘,2024-03-04,9288
6770,力積電,9,1,8,凱基-埔墘,2024-03-04,9288
1904,正隆,8,0,8,凱基-埔墘,2024-03-04,9288
2601,益航,8,0,8,凱基-埔墘,2024-03-04,9288
3025,星通,8,0,8,凱基-埔墘,2024-03-04,9288
3234,光環,8,0,8,凱基-埔墘,2024-03-04,9288
6231,系微,9,1,8,凱基-埔墘,2024-03-04,9288
9907,統一實,8,0,8,凱基-埔墘,2024-03-04,9288
3213,茂訊,7,0,7,凱基-埔墘,2024-03-04,9288
4707,磐亞,7,0,7,凱基-埔墘,2024-03-04,9288
6126,信音,7,0,7,凱基-埔墘,2024-03-04,9288
6785,昱展新藥,7,0,7,凱基-埔墘,2024-03-04,9288
3515,華擎,211,3,208,凱基-埔墘,2024-03-05,9288
2376,技嘉,113,7,106,凱基-埔墘,2024-03-05,9288
3324,雙鴻,80,2,78,凱基-埔墘,2024-03-05,9288
2617,台航,75,15,60,凱基-埔墘,2024-03-05,9288
5439,高技,66,6,60,凱基-埔墘,2024-03-05,9288
2607,榮運,55,0,55,凱基-埔墘,2024-03-05,9288
2888,新光金,54,8,46,凱基-埔墘,2024-03-05,9288
3017,奇鋐,46,1,45,凱基-埔墘,2024-03-05,9288
00888,永豐台灣ESG,50,6,44,凱基-埔墘,2024-03-05,9288
00680L,元大美債20正2,39,0,39,凱基-埔墘,2024-03-05,9288
4533,協易機,39,1,38,凱基-埔墘,2024-03-05,9288
3481,群創,35,0,35,凱基-埔墘,2024-03-05,9288
6284,佳邦,34,0,34,凱基-埔墘,2024-03-05,9288
3035,智原,55,23,32,凱基-埔墘,2024-03-05,9288
00937B,群益ESG投等債20,33,1,32,凱基-埔墘,2024-03-05,9288
2337,旺宏,31,0,31,凱基-埔墘,2024-03-05,9288
6156,松上,30,0,30,凱基-埔墘,2024-03-05,9288
2485,兆赫,22,0,22,凱基-埔墘,2024-03-05,9288
2324,仁寶,21,0,21,凱基-埔墘,2024-03-05,9288
1409,新纖,22,1,21,凱基-埔墘,2024-03-05,9288
1104,環泥,18,0,18,凱基-埔墘,2024-03-05,9288
00753L,中信中國50正2,16,1,15,凱基-埔墘,2024-03-05,9288
2340,台亞,20,5,15,凱基-埔墘,2024-03-05,9288
8064,東捷,13,0,13,凱基-埔墘,2024-03-05,9288
00929,復華台灣科技優息,29,16,13,凱基-埔墘,2024-03-05,9288
00632R,元大台灣50反1,12,0,12,凱基-埔墘,2024-03-05,9288
00770,國泰北美科技,12,0,12,凱基-埔墘,2024-03-05,9288
2303,聯電,12,0,12,凱基-埔墘,2024-03-05,9288
4503,金雨,14,2,12,凱基-埔墘,2024-03-05,9288
6125,廣運,14,2,12,凱基-埔墘,2024-03-05,9288
8930,青鋼,12,0,12,凱基-埔墘,2024-03-05,9288
9933,中鼎,12,0,12,凱基-埔墘,2024-03-05,9288
00915,凱基優選高股息30,11,0,11,凱基-埔墘,2024-03-05,9288
1314,中石化,11,0,11,凱基-埔墘,2024-03-05,9288
2634,漢翔,10,0,10,凱基-埔墘,2024-03-05,9288
00712,復華富時不動產,10,0,10,凱基-埔墘,2024-03-05,9288
2354,鴻準,11,1,10,凱基-埔墘,2024-03-05,9288
2834,臺企銀,10,0,10,凱基-埔墘,2024-03-05,9288
2845,遠東銀,10,0,10,凱基-埔墘,2024-03-05,9288
3708,上緯投控,10,0,10,凱基-埔墘,2024-03-05,9288
2367,燿華,72,63,9,凱基-埔墘,2024-03-05,9288
00679B,元大美債20年,8,0,8,凱基-埔墘,2024-03-05,9288
1303,南亞,8,0,8,凱基-埔墘,2024-03-05,9288
3372,典範,13,5,8,凱基-埔墘,2024-03-05,9288
2630,亞航,8,0,8,凱基-埔墘,2024-03-05,9288
3062,建漢,7,0,7,凱基-埔墘,2024-03-05,9288
1326,台化,7,0,7,凱基-埔墘,2024-03-05,9288
1718,中纖,7,0,7,凱基-埔墘,2024-03-05,9288
3289,宜特,7,0,7,凱基-埔墘,2024-03-05,9288
3535,晶彩科,7,0,7,凱基-埔墘,2024-03-05,9288
3265,台星科,311,7,304,凱基-埔墘,2024-03-06,9288
3483,力致,417,216,201,凱基-埔墘,2024-03-06,9288
3035,智原,112,3,109,凱基-埔墘,2024-03-06,9288
00937B,群益ESG投等債20,85,5,80,凱基-埔墘,2024-03-06,9288
00919,群益台灣精選高息,82,15,67,凱基-埔墘,2024-03-06,9288
2382,廣達,53,9,44,凱基-埔墘,2024-03-06,9288
00893,國泰智能電動車,41,0,41,凱基-埔墘,2024-03-06,9288
00923,群益台ESG低碳50,40,0,40,凱基-埔墘,2024-03-06,9288
1608,華榮,31,0,31,凱基-埔墘,2024-03-06,9288
3645,達邁,31,0,31,凱基-埔墘,2024-03-06,9288
1711,永光,27,0,27,凱基-埔墘,2024-03-06,9288
4906,正文,33,7,26,凱基-埔墘,2024-03-06,9288
00680L,元大美債20正2,24,1,23,凱基-埔墘,2024-03-06,9288
00918,大華優利高填息30,22,0,22,凱基-埔墘,2024-03-06,9288
2468,華經,21,0,21,凱基-埔墘,2024-03-06,9288
6643,M31,20,0,20,凱基-埔墘,2024-03-06,9288
2834,臺企銀,21,1,20,凱基-埔墘,2024-03-06,9288
2883,凱基金,20,0,20,凱基-埔墘,2024-03-06,9288
3041,揚智,21,1,20,凱基-埔墘,2024-03-06,9288
3708,上緯投控,20,0,20,凱基-埔墘,2024-03-06,9288
6284,佳邦,19,0,19,凱基-埔墘,2024-03-06,9288
4967,十銓,18,0,18,凱基-埔墘,2024-03-06,9288
3567,逸昌,15,0,15,凱基-埔墘,2024-03-06,9288
1752,南光,15,1,14,凱基-埔墘,2024-03-06,9288
5521,工信,17,3,14,凱基-埔墘,2024-03-06,9288
6770,力積電,16,2,14,凱基-埔墘,2024-03-06,9288
1314,中石化,13,0,13,凱基-埔墘,2024-03-06,9288
6191,精成科,12,0,12,凱基-埔墘,2024-03-06,9288
4971,IET-KY,12,0,12,凱基-埔墘,2024-03-06,9288
2845,遠東銀,11,0,11,凱基-埔墘,2024-03-06,9288
3017,奇鋐,22,11,11,凱基-埔墘,2024-03-06,9288
3078,僑威,18,8,10,凱基-埔墘,2024-03-06,9288
6282,康舒,10,0,10,凱基-埔墘,2024-03-06,9288
6526,達發,10,0,10,凱基-埔墘,2024-03-06,9288
3518,柏騰,10,0,10,凱基-埔墘,2024-03-06,9288
00632R,元大台灣50反1,10,0,10,凱基-埔墘,2024-03-06,9288
00687B,國泰20年美債,20,10,10,凱基-埔墘,2024-03-06,9288
00915,凱基優選高股息30,10,0,10,凱基-埔墘,2024-03-06,9288
1584,精剛,10,0,10,凱基-埔墘,2024-03-06,9288
2025,千興,10,0,10,凱基-埔墘,2024-03-06,9288
3712,永崴投控,10,0,10,凱基-埔墘,2024-03-06,9288
5465,富驊,21,11,10,凱基-埔墘,2024-03-06,9288
1471,首利,10,0,10,凱基-埔墘,2024-03-06,9288
8454,富邦媒,9,0,9,凱基-埔墘,2024-03-06,9288
2002,中鋼,11,2,9,凱基-埔墘,2024-03-06,9288
8064,東捷,11,2,9,凱基-埔墘,2024-03-06,9288
1785,光洋科,10,2,8,凱基-埔墘,2024-03-06,9288
2867,三商壽,8,0,8,凱基-埔墘,2024-03-06,9288
3021,鴻名,7,0,7,凱基-埔墘,2024-03-06,9288
3376,新日興,12,5,7,凱基-埔墘,2024-03-06,9288
00690,兆豐藍籌30,264,5,259,凱基-埔墘,2024-03-07,9288
00632R,元大台灣50反1,121,0,121,凱基-埔墘,2024-03-07,9288
00937B,群益ESG投等債20,81,0,81,凱基-埔墘,2024-03-07,9288
8112,至上,83,4,79,凱基-埔墘,2024-03-07,9288
00919,群益台灣精選高息,62,2,60,凱基-埔墘,2024-03-07,9288
00878,國泰永續高股息,65,14,51,凱基-埔墘,2024-03-07,9288
00676R,富邦臺灣加權反1,50,0,50,凱基-埔墘,2024-03-07,9288
1582,信錦,46,2,44,凱基-埔墘,2024-03-07,9288
8048,德勝,41,0,41,凱基-埔墘,2024-03-07,9288
1109,信大,30,0,30,凱基-埔墘,2024-03-07,9288
00679B,元大美債20年,31,2,29,凱基-埔墘,2024-03-07,9288
5452,佶優,29,0,29,凱基-埔墘,2024-03-07,9288
3324,雙鴻,40,15,25,凱基-埔墘,2024-03-07,9288
00915,凱基優選高股息30,29,4,25,凱基-埔墘,2024-03-07,9288
3360,尚立,24,0,24,凱基-埔墘,2024-03-07,9288
6235,華孚,20,0,20,凱基-埔墘,2024-03-07,9288
6782,視陽,20,0,20,凱基-埔墘,2024-03-07,9288
3231,緯創,35,16,19,凱基-埔墘,2024-03-07,9288
3005,神基,18,0,18,凱基-埔墘,2024-03-07,9288
3374,精材,18,0,18,凱基-埔墘,2024-03-07,9288
3624,光頡,30,13,17,凱基-埔墘,2024-03-07,9288
6274,台燿,27,10,17,凱基-埔墘,2024-03-07,9288
2379,瑞昱,18,2,16,凱基-埔墘,2024-03-07,9288
1815,富喬,31,15,16,凱基-埔墘,2024-03-07,9288
2454,聯發科,20,4,16,凱基-埔墘,2024-03-07,9288
00665L,富邦�琤肭磪囓�2,25,10,15,凱基-埔墘,2024-03-07,9288
6180,橘子,15,0,15,凱基-埔墘,2024-03-07,9288
2354,鴻準,15,1,14,凱基-埔墘,2024-03-07,9288
6126,信音,15,1,14,凱基-埔墘,2024-03-07,9288
3163,波若威,50,37,13,凱基-埔墘,2024-03-07,9288
3105,穩懋,13,1,12,凱基-埔墘,2024-03-07,9288
4581,光隆精密-KY,13,1,12,凱基-埔墘,2024-03-07,9288
2330,台積電,21,10,11,凱基-埔墘,2024-03-07,9288
2383,台光電,11,0,11,凱基-埔墘,2024-03-07,9288
1316,上曜,24,13,11,凱基-埔墘,2024-03-07,9288
00927,群益半導體收益,13,2,11,凱基-埔墘,2024-03-07,9288
1609,大亞,11,0,11,凱基-埔墘,2024-03-07,9288
2834,臺企銀,11,0,11,凱基-埔墘,2024-03-07,9288
6584,南俊國際,11,0,11,凱基-埔墘,2024-03-07,9288
2467,志聖,11,1,10,凱基-埔墘,2024-03-07,9288
2313,華通,12,2,10,凱基-埔墘,2024-03-07,9288
1416,廣豐,10,0,10,凱基-埔墘,2024-03-07,9288
2476,鉅祥,10,0,10,凱基-埔墘,2024-03-07,9288
3479,安勤,10,0,10,凱基-埔墘,2024-03-07,9288
3551,世禾,10,0,10,凱基-埔墘,2024-03-07,9288
3596,智易,10,0,10,凱基-埔墘,2024-03-07,9288
9927,泰銘,10,0,10,凱基-埔墘,2024-03-07,9288
3481,群創,9,0,9,凱基-埔墘,2024-03-07,9288
6171,大城地產,9,0,9,凱基-埔墘,2024-03-07,9288
8183,精星,9,0,9,凱基-埔墘,2024-03-07,9288
2855,統一證,212,6,206,凱基-埔墘,2024-03-08,9288
00632R,元大台灣50反1,223,55,168,凱基-埔墘,2024-03-08,9288
2376,技嘉,124,10,114,凱基-埔墘,2024-03-08,9288
5310,天剛,101,0,101,凱基-埔墘,2024-03-08,9288
2607,榮運,60,3,57,凱基-埔墘,2024-03-08,9288
5483,中美晶,61,7,54,凱基-埔墘,2024-03-08,9288
1815,富喬,63,11,52,凱基-埔墘,2024-03-08,9288
2344,華邦電,51,2,49,凱基-埔墘,2024-03-08,9288
2476,鉅祥,32,0,32,凱基-埔墘,2024-03-08,9288
00690,兆豐藍籌30,30,0,30,凱基-埔墘,2024-03-08,9288
00679B,元大美債20年,31,2,29,凱基-埔墘,2024-03-08,9288
5344,立衛,25,0,25,凱基-埔墘,2024-03-08,9288
9955,佳龍,25,0,25,凱基-埔墘,2024-03-08,9288
6015,宏遠證,23,0,23,凱基-埔墘,2024-03-08,9288
00637L,元大滬深300正2,21,0,21,凱基-埔墘,2024-03-08,9288
6271,同欣電,20,0,20,凱基-埔墘,2024-03-08,9288
2506,太設,22,2,20,凱基-埔墘,2024-03-08,9288
1736,喬山,57,39,18,凱基-埔墘,2024-03-08,9288
6182,合晶,22,4,18,凱基-埔墘,2024-03-08,9288
6584,南俊國際,16,0,16,凱基-埔墘,2024-03-08,9288
2358,廷鑫,23,8,15,凱基-埔墘,2024-03-08,9288
8147,正淩,15,0,15,凱基-埔墘,2024-03-08,9288
1503,士電,15,1,14,凱基-埔墘,2024-03-08,9288
1718,中纖,14,0,14,凱基-埔墘,2024-03-08,9288
1907,永豐餘,13,0,13,凱基-埔墘,2024-03-08,9288
6446,藥華藥,24,11,13,凱基-埔墘,2024-03-08,9288
6526,達發,16,3,13,凱基-埔墘,2024-03-08,9288
3163,波若威,63,50,13,凱基-埔墘,2024-03-08,9288
3338,泰碩,18,6,12,凱基-埔墘,2024-03-08,9288
8446,華研,12,0,12,凱基-埔墘,2024-03-08,9288
2404,漢唐,12,0,12,凱基-埔墘,2024-03-08,9288
2329,華泰,14,3,11,凱基-埔墘,2024-03-08,9288
3406,玉晶光,10,0,10,凱基-埔墘,2024-03-08,9288
00665L,富邦�琤肭磪囓�2,21,11,10,凱基-埔墘,2024-03-08,9288
1506,正道,10,0,10,凱基-埔墘,2024-03-08,9288
2467,志聖,10,0,10,凱基-埔墘,2024-03-08,9288
2887,台新金,10,0,10,凱基-埔墘,2024-03-08,9288
4707,磐亞,10,0,10,凱基-埔墘,2024-03-08,9288
6188,廣明,10,0,10,凱基-埔墘,2024-03-08,9288
9924,福興,10,0,10,凱基-埔墘,2024-03-08,9288
2637,慧洋-KY,14,5,9,凱基-埔墘,2024-03-08,9288
00935,野村臺灣新科技50,9,0,9,凱基-埔墘,2024-03-08,9288
00930,永豐ESG低碳高息,8,0,8,凱基-埔墘,2024-03-08,9288
3376,新日興,8,0,8,凱基-埔墘,2024-03-08,9288
3260,威剛,8,0,8,凱基-埔墘,2024-03-08,9288
00937B,群益ESG投等債20,40,33,7,凱基-埔墘,2024-03-08,9288
1519,華城,7,0,7,凱基-埔墘,2024-03-08,9288
3481,群創,9,2,7,凱基-埔墘,2024-03-08,9288
2457,飛宏,6,0,6,凱基-埔墘,2024-03-08,9288
1303,南亞,6,0,6,凱基-埔墘,2024-03-08,9288
2883,凱基金,246,8,238,凱基-埔墘,2024-03-11,9288
6223,旺矽,120,1,119,凱基-埔墘,2024-03-11,9288
2357,華碩,91,2,89,凱基-埔墘,2024-03-11,9288
00919,群益台灣精選高息,118,36,82,凱基-埔墘,2024-03-11,9288
2855,統一證,65,1,64,凱基-埔墘,2024-03-11,9288
00929,復華台灣科技優息,34,4,30,凱基-埔墘,2024-03-11,9288
1457,宜進,30,1,29,凱基-埔墘,2024-03-11,9288
00687B,國泰20年美債,26,0,26,凱基-埔墘,2024-03-11,9288
2404,漢唐,25,0,25,凱基-埔墘,2024-03-11,9288
9934,成霖,23,0,23,凱基-埔墘,2024-03-11,9288
3321,同泰,22,0,22,凱基-埔墘,2024-03-11,9288
1815,富喬,26,5,21,凱基-埔墘,2024-03-11,9288
2476,鉅祥,26,6,20,凱基-埔墘,2024-03-11,9288
00753L,中信中國50正2,20,0,20,凱基-埔墘,2024-03-11,9288
6643,M31,20,0,20,凱基-埔墘,2024-03-11,9288
2303,聯電,22,4,18,凱基-埔墘,2024-03-11,9288
1109,信大,16,0,16,凱基-埔墘,2024-03-11,9288
00933B,國泰10Y+金融債,15,0,15,凱基-埔墘,2024-03-11,9288
00918,大華優利高填息30,17,2,15,凱基-埔墘,2024-03-11,9288
2615,萬海,20,5,15,凱基-埔墘,2024-03-11,9288
3016,嘉晶,15,0,15,凱基-埔墘,2024-03-11,9288
5452,佶優,15,0,15,凱基-埔墘,2024-03-11,9288
6205,詮欣,15,0,15,凱基-埔墘,2024-03-11,9288
2834,臺企銀,14,0,14,凱基-埔墘,2024-03-11,9288
00679B,元大美債20年,13,0,13,凱基-埔墘,2024-03-11,9288
3005,神基,15,2,13,凱基-埔墘,2024-03-11,9288
3264,欣銓,13,0,13,凱基-埔墘,2024-03-11,9288
2603,長榮,14,1,13,凱基-埔墘,2024-03-11,9288
6180,橘子,12,0,12,凱基-埔墘,2024-03-11,9288
2352,佳世達,12,1,11,凱基-埔墘,2024-03-11,9288
3013,晟銘電,13,2,11,凱基-埔墘,2024-03-11,9288
6782,視陽,12,1,11,凱基-埔墘,2024-03-11,9288
2867,三商壽,10,0,10,凱基-埔墘,2024-03-11,9288
2363,矽統,9,0,9,凱基-埔墘,2024-03-11,9288
3706,神達,14,5,9,凱基-埔墘,2024-03-11,9288
2610,華航,8,0,8,凱基-埔墘,2024-03-11,9288
00915,凱基優選高股息30,8,0,8,凱基-埔墘,2024-03-11,9288
0056,元大高股息,7,0,7,凱基-埔墘,2024-03-11,9288
00713,元大台灣高息低波,7,0,7,凱基-埔墘,2024-03-11,9288
00882,中信中國高股息,7,0,7,凱基-埔墘,2024-03-11,9288
00900,富邦特選高股息30,6,0,6,凱基-埔墘,2024-03-11,9288
00712,復華富時不動產,6,0,6,凱基-埔墘,2024-03-11,9288
1227,佳格,6,0,6,凱基-埔墘,2024-03-11,9288
1587,吉茂,6,0,6,凱基-埔墘,2024-03-11,9288
2419,仲琦,6,0,6,凱基-埔墘,2024-03-11,9288
6584,南俊國際,5,0,5,凱基-埔墘,2024-03-11,9288
1618,合機,5,0,5,凱基-埔墘,2024-03-11,9288
2812,台中銀,5,0,5,凱基-埔墘,2024-03-11,9288
00674R,期元大S＆P黃金反1,5,0,5,凱基-埔墘,2024-03-11,9288
00931B,統一美債20年,5,0,5,凱基-埔墘,2024-03-11,9288
2883,凱基金,307,12,295,凱基-埔墘,2024-03-12,9288
00919,群益台灣精選高息,327,61,266,凱基-埔墘,2024-03-12,9288
2401,凌陽,105,6,99,凱基-埔墘,2024-03-12,9288
2208,台船,93,0,93,凱基-埔墘,2024-03-12,9288
00929,復華台灣科技優息,104,16,88,凱基-埔墘,2024-03-12,9288
2317,鴻海,122,54,68,凱基-埔墘,2024-03-12,9288
2855,統一證,58,0,58,凱基-埔墘,2024-03-12,9288
00937B,群益ESG投等債20,47,0,47,凱基-埔墘,2024-03-12,9288
4401,東隆興,69,32,37,凱基-埔墘,2024-03-12,9288
00712,復華富時不動產,25,0,25,凱基-埔墘,2024-03-12,9288
1515,力山,25,0,25,凱基-埔墘,2024-03-12,9288
00918,大華優利高填息30,23,0,23,凱基-埔墘,2024-03-12,9288
4961,天鈺,23,0,23,凱基-埔墘,2024-03-12,9288
3537,堡達,21,0,21,凱基-埔墘,2024-03-12,9288
5498,凱崴,20,0,20,凱基-埔墘,2024-03-12,9288
1109,信大,20,0,20,凱基-埔墘,2024-03-12,9288
00665L,富邦�琤肭磪囓�2,30,10,20,凱基-埔墘,2024-03-12,9288
3481,群創,20,0,20,凱基-埔墘,2024-03-12,9288
9934,成霖,20,0,20,凱基-埔墘,2024-03-12,9288
00857B,永豐20年美公債,16,0,16,凱基-埔墘,2024-03-12,9288
2612,中航,15,0,15,凱基-埔墘,2024-03-12,9288
00679B,元大美債20年,15,0,15,凱基-埔墘,2024-03-12,9288
2379,瑞昱,15,0,15,凱基-埔墘,2024-03-12,9288
4174,浩鼎,15,0,15,凱基-埔墘,2024-03-12,9288
2476,鉅祥,14,0,14,凱基-埔墘,2024-03-12,9288
8112,至上,28,14,14,凱基-埔墘,2024-03-12,9288
2313,華通,19,7,12,凱基-埔墘,2024-03-12,9288
1513,中興電,20,8,12,凱基-埔墘,2024-03-12,9288
4967,十銓,12,0,12,凱基-埔墘,2024-03-12,9288
5410,國眾,11,0,11,凱基-埔墘,2024-03-12,9288
00751B,元大AAA至A公司債,11,0,11,凱基-埔墘,2024-03-12,9288
9955,佳龍,11,0,11,凱基-埔墘,2024-03-12,9288
6223,旺矽,12,2,10,凱基-埔墘,2024-03-12,9288
3321,同泰,10,0,10,凱基-埔墘,2024-03-12,9288
1589,永冠-KY,10,0,10,凱基-埔墘,2024-03-12,9288
3027,盛達,11,1,10,凱基-埔墘,2024-03-12,9288
3338,泰碩,10,0,10,凱基-埔墘,2024-03-12,9288
00650L,復華香港正2,10,0,10,凱基-埔墘,2024-03-12,9288
2399,映泰,15,5,10,凱基-埔墘,2024-03-12,9288
2408,南亞科,10,0,10,凱基-埔墘,2024-03-12,9288
2809,京城銀,10,0,10,凱基-埔墘,2024-03-12,9288
2897,王道銀行,10,0,10,凱基-埔墘,2024-03-12,9288
6176,瑞儀,10,0,10,凱基-埔墘,2024-03-12,9288
6584,南俊國際,10,0,10,凱基-埔墘,2024-03-12,9288
6873,泓德能源,10,0,10,凱基-埔墘,2024-03-12,9288
8086,宏捷科,9,0,9,凱基-埔墘,2024-03-12,9288
3356,奇偶,9,1,8,凱基-埔墘,2024-03-12,9288
8996,高力,35,27,8,凱基-埔墘,2024-03-12,9288
2371,大同,7,0,7,凱基-埔墘,2024-03-12,9288
3049,精金,7,0,7,凱基-埔墘,2024-03-12,9288
00929,復華台灣科技優息,995,16,979,凱基-埔墘,2024-03-13,9288
00919,群益台灣精選高息,204,5,199,凱基-埔墘,2024-03-13,9288
2303,聯電,101,40,61,凱基-埔墘,2024-03-13,9288
6223,旺矽,50,1,49,凱基-埔墘,2024-03-13,9288
00650L,復華香港正2,60,20,40,凱基-埔墘,2024-03-13,9288
1609,大亞,38,0,38,凱基-埔墘,2024-03-13,9288
3017,奇鋐,42,6,36,凱基-埔墘,2024-03-13,9288
3231,緯創,30,2,28,凱基-埔墘,2024-03-13,9288
4971,IET-KY,73,47,26,凱基-埔墘,2024-03-13,9288
8176,智捷,25,0,25,凱基-埔墘,2024-03-13,9288
00878,國泰永續高股息,25,1,24,凱基-埔墘,2024-03-13,9288
00918,大華優利高填息30,33,10,23,凱基-埔墘,2024-03-13,9288
2855,統一證,21,0,21,凱基-埔墘,2024-03-13,9288
5488,松普,21,1,20,凱基-埔墘,2024-03-13,9288
8040,九暘,39,21,18,凱基-埔墘,2024-03-13,9288
2476,鉅祥,17,0,17,凱基-埔墘,2024-03-13,9288
00751B,元大AAA至A公司債,15,0,15,凱基-埔墘,2024-03-13,9288
3705,永信,15,0,15,凱基-埔墘,2024-03-13,9288
6770,力積電,13,0,13,凱基-埔墘,2024-03-13,9288
2867,三商壽,13,0,13,凱基-埔墘,2024-03-13,9288
6284,佳邦,14,1,13,凱基-埔墘,2024-03-13,9288
00885,富邦越南,20,8,12,凱基-埔墘,2024-03-13,9288
00679B,元大美債20年,11,0,11,凱基-埔墘,2024-03-13,9288
00645,富邦日本,11,0,11,凱基-埔墘,2024-03-13,9288
00637L,元大滬深300正2,11,0,11,凱基-埔墘,2024-03-13,9288
2101,南港,11,0,11,凱基-埔墘,2024-03-13,9288
6538,倉和,11,0,11,凱基-埔墘,2024-03-13,9288
6282,康舒,10,0,10,凱基-埔墘,2024-03-13,9288
00922,國泰台灣領袖50,10,0,10,凱基-埔墘,2024-03-13,9288
00932,兆豐永續高息等權,10,0,10,凱基-埔墘,2024-03-13,9288
2543,皇昌,10,0,10,凱基-埔墘,2024-03-13,9288
2612,中航,10,0,10,凱基-埔墘,2024-03-13,9288
6869,雲豹能源,10,0,10,凱基-埔墘,2024-03-13,9288
8454,富邦媒,10,0,10,凱基-埔墘,2024-03-13,9288
5498,凱崴,10,1,9,凱基-埔墘,2024-03-13,9288
00687B,國泰20年美債,9,0,9,凱基-埔墘,2024-03-13,9288
3567,逸昌,9,0,9,凱基-埔墘,2024-03-13,9288
5425,台半,9,0,9,凱基-埔墘,2024-03-13,9288
2882,國泰金,10,1,9,凱基-埔墘,2024-03-13,9288
1513,中興電,39,30,9,凱基-埔墘,2024-03-13,9288
2607,榮運,8,0,8,凱基-埔墘,2024-03-13,9288
2637,慧洋-KY,8,0,8,凱基-埔墘,2024-03-13,9288
6446,藥華藥,19,11,8,凱基-埔墘,2024-03-13,9288
2329,華泰,8,1,7,凱基-埔墘,2024-03-13,9288
00933B,國泰10Y+金融債,7,0,7,凱基-埔墘,2024-03-13,9288
6219,富旺,7,0,7,凱基-埔墘,2024-03-13,9288
2542,興富發,6,0,6,凱基-埔墘,2024-03-13,9288
6015,宏遠證,6,0,6,凱基-埔墘,2024-03-13,9288
00713,元大台灣高息低波,6,0,6,凱基-埔墘,2024-03-13,9288
1447,力鵬,6,0,6,凱基-埔墘,2024-03-13,9288
00919,群益台灣精選高息,174,30,144,凱基-埔墘,2024-03-14,9288
2903,遠百,93,0,93,凱基-埔墘,2024-03-14,9288
00637L,元大滬深300正2,61,0,61,凱基-埔墘,2024-03-14,9288
1608,華榮,57,15,42,凱基-埔墘,2024-03-14,9288
00885,富邦越南,45,5,40,凱基-埔墘,2024-03-14,9288
9938,百和,38,1,37,凱基-埔墘,2024-03-14,9288
2892,第一金,35,0,35,凱基-埔墘,2024-03-14,9288
6223,旺矽,40,10,30,凱基-埔墘,2024-03-14,9288
00918,大華優利高填息30,42,12,30,凱基-埔墘,2024-03-14,9288
9934,成霖,30,0,30,凱基-埔墘,2024-03-14,9288
6005,群益證,33,6,27,凱基-埔墘,2024-03-14,9288
6446,藥華藥,27,1,26,凱基-埔墘,2024-03-14,9288
00929,復華台灣科技優息,58,33,25,凱基-埔墘,2024-03-14,9288
00753L,中信中國50正2,35,10,25,凱基-埔墘,2024-03-14,9288
2889,國票金,23,0,23,凱基-埔墘,2024-03-14,9288
1513,中興電,30,7,23,凱基-埔墘,2024-03-14,9288
3711,日月光投控,23,1,22,凱基-埔墘,2024-03-14,9288
1603,華電,22,0,22,凱基-埔墘,2024-03-14,9288
6153,嘉聯益,21,0,21,凱基-埔墘,2024-03-14,9288
2753,八方雲集,22,2,20,凱基-埔墘,2024-03-14,9288
2105,正新,22,2,20,凱基-埔墘,2024-03-14,9288
3042,晶技,20,0,20,凱基-埔墘,2024-03-14,9288
6275,元山,21,2,19,凱基-埔墘,2024-03-14,9288
3704,合勤控,18,0,18,凱基-埔墘,2024-03-14,9288
4971,IET-KY,17,1,16,凱基-埔墘,2024-03-14,9288
00688L,國泰20年美債正2,16,0,16,凱基-埔墘,2024-03-14,9288
2732,六角,16,0,16,凱基-埔墘,2024-03-14,9288
4174,浩鼎,15,0,15,凱基-埔墘,2024-03-14,9288
5498,凱崴,15,0,15,凱基-埔墘,2024-03-14,9288
6015,宏遠證,15,0,15,凱基-埔墘,2024-03-14,9288
3163,波若威,25,11,14,凱基-埔墘,2024-03-14,9288
00915,凱基優選高股息30,15,1,14,凱基-埔墘,2024-03-14,9288
1319,東陽,15,2,13,凱基-埔墘,2024-03-14,9288
00937B,群益ESG投等債20,12,0,12,凱基-埔墘,2024-03-14,9288
00933B,國泰10Y+金融債,13,1,12,凱基-埔墘,2024-03-14,9288
2365,昆盈,12,0,12,凱基-埔墘,2024-03-14,9288
2009,第一銅,13,1,12,凱基-埔墘,2024-03-14,9288
2492,華新科,11,0,11,凱基-埔墘,2024-03-14,9288
00665L,富邦�琤肭磪囓�2,21,10,11,凱基-埔墘,2024-03-14,9288
1515,力山,11,0,11,凱基-埔墘,2024-03-14,9288
8926,台汽電,10,0,10,凱基-埔墘,2024-03-14,9288
00719B,元大美債1-3,10,0,10,凱基-埔墘,2024-03-14,9288
2832,台產,10,0,10,凱基-埔墘,2024-03-14,9288
3535,晶彩科,10,0,10,凱基-埔墘,2024-03-14,9288
8423,保綠-KY,10,0,10,凱基-埔墘,2024-03-14,9288
9924,福興,10,0,10,凱基-埔墘,2024-03-14,9288
00680L,元大美債20正2,8,0,8,凱基-埔墘,2024-03-14,9288
2481,強茂,8,0,8,凱基-埔墘,2024-03-14,9288
2603,長榮,31,24,7,凱基-埔墘,2024-03-14,9288
3702,大聯大,7,0,7,凱基-埔墘,2024-03-14,9288
00929,復華台灣科技優息,427,18,409,凱基-埔墘,2024-03-15,9288
00915,凱基優選高股息30,222,0,222,凱基-埔墘,2024-03-15,9288
2354,鴻準,216,26,190,凱基-埔墘,2024-03-15,9288
6223,旺矽,91,1,90,凱基-埔墘,2024-03-15,9288
00919,群益台灣精選高息,99,12,87,凱基-埔墘,2024-03-15,9288
2855,統一證,37,0,37,凱基-埔墘,2024-03-15,9288
2501,國建,37,7,30,凱基-埔墘,2024-03-15,9288
6005,群益證,30,0,30,凱基-埔墘,2024-03-15,9288
1513,中興電,33,13,20,凱基-埔墘,2024-03-15,9288
1809,中釉,27,10,17,凱基-埔墘,2024-03-15,9288
00937B,群益ESG投等債20,15,0,15,凱基-埔墘,2024-03-15,9288
00688L,國泰20年美債正2,15,0,15,凱基-埔墘,2024-03-15,9288
00687B,國泰20年美債,15,0,15,凱基-埔墘,2024-03-15,9288
00680L,元大美債20正2,14,0,14,凱基-埔墘,2024-03-15,9288
2439,美律,14,0,14,凱基-埔墘,2024-03-15,9288
6275,元山,14,0,14,凱基-埔墘,2024-03-15,9288
8105,凌巨,14,0,14,凱基-埔墘,2024-03-15,9288
00753L,中信中國50正2,13,0,13,凱基-埔墘,2024-03-15,9288
00637L,元大滬深300正2,12,0,12,凱基-埔墘,2024-03-15,9288
3163,波若威,13,1,12,凱基-埔墘,2024-03-15,9288
6015,宏遠證,12,0,12,凱基-埔墘,2024-03-15,9288
6016,康和證,11,0,11,凱基-埔墘,2024-03-15,9288
2022,聚亨,10,0,10,凱基-埔墘,2024-03-15,9288
2303,聯電,11,1,10,凱基-埔墘,2024-03-15,9288
3062,建漢,10,0,10,凱基-埔墘,2024-03-15,9288
2618,長榮航,10,1,9,凱基-埔墘,2024-03-15,9288
3548,兆利,16,7,9,凱基-埔墘,2024-03-15,9288
2603,長榮,15,6,9,凱基-埔墘,2024-03-15,9288
1308,亞聚,8,0,8,凱基-埔墘,2024-03-15,9288
1314,中石化,8,0,8,凱基-埔墘,2024-03-15,9288
2241,艾姆勒,8,0,8,凱基-埔墘,2024-03-15,9288
2885,元大金,13,5,8,凱基-埔墘,2024-03-15,9288
4513,福裕,8,0,8,凱基-埔墘,2024-03-15,9288
6190,萬泰科,8,0,8,凱基-埔墘,2024-03-15,9288
2352,佳世達,8,0,8,凱基-埔墘,2024-03-15,9288
2637,慧洋-KY,13,6,7,凱基-埔墘,2024-03-15,9288
6171,大城地產,11,4,7,凱基-埔墘,2024-03-15,9288
2834,臺企銀,16,10,6,凱基-埔墘,2024-03-15,9288
2615,萬海,7,1,6,凱基-埔墘,2024-03-15,9288
1808,潤隆,6,0,6,凱基-埔墘,2024-03-15,9288
2732,六角,6,0,6,凱基-埔墘,2024-03-15,9288
3527,聚積,6,0,6,凱基-埔墘,2024-03-15,9288
4714,永捷,7,1,6,凱基-埔墘,2024-03-15,9288
2330,台積電,7,2,5,凱基-埔墘,2024-03-15,9288
1109,信大,5,0,5,凱基-埔墘,2024-03-15,9288
1312,國喬,5,0,5,凱基-埔墘,2024-03-15,9288
00665L,富邦�琤肭磪囓�2,5,0,5,凱基-埔墘,2024-03-15,9288
00633L,富邦上証正2,5,0,5,凱基-埔墘,2024-03-15,9288
1609,大亞,5,0,5,凱基-埔墘,2024-03-15,9288
2101,南港,5,0,5,凱基-埔墘,2024-03-15,9288
00929,復華台灣科技優息,1370,4,1366,凱基-埔墘,2024-03-18,9288
2105,正新,80,0,80,凱基-埔墘,2024-03-18,9288
2515,中工,72,0,72,凱基-埔墘,2024-03-18,9288
00919,群益台灣精選高息,106,45,61,凱基-埔墘,2024-03-18,9288
2409,友達,62,10,52,凱基-埔墘,2024-03-18,9288
00878,國泰永續高股息,53,3,50,凱基-埔墘,2024-03-18,9288
1514,亞力,49,9,40,凱基-埔墘,2024-03-18,9288
2611,志信,32,0,32,凱基-埔墘,2024-03-18,9288
2025,千興,30,0,30,凱基-埔墘,2024-03-18,9288
3346,麗清,30,0,30,凱基-埔墘,2024-03-18,9288
2476,鉅祥,26,0,26,凱基-埔墘,2024-03-18,9288
00679B,元大美債20年,24,0,24,凱基-埔墘,2024-03-18,9288
9938,百和,23,0,23,凱基-埔墘,2024-03-18,9288
3622,洋華,17,0,17,凱基-埔墘,2024-03-18,9288
6782,視陽,23,6,17,凱基-埔墘,2024-03-18,9288
2376,技嘉,17,2,15,凱基-埔墘,2024-03-18,9288
6126,信音,12,1,11,凱基-埔墘,2024-03-18,9288
2834,臺企銀,11,0,11,凱基-埔墘,2024-03-18,9288
00937B,群益ESG投等債20,10,0,10,凱基-埔墘,2024-03-18,9288
00857B,永豐20年美公債,10,0,10,凱基-埔墘,2024-03-18,9288
4973,廣穎,10,0,10,凱基-埔墘,2024-03-18,9288
5272,笙科,10,0,10,凱基-埔墘,2024-03-18,9288
3231,緯創,20,10,10,凱基-埔墘,2024-03-18,9288
00680L,元大美債20正2,9,0,9,凱基-埔墘,2024-03-18,9288
2323,中環,9,0,9,凱基-埔墘,2024-03-18,9288
1808,潤隆,8,0,8,凱基-埔墘,2024-03-18,9288
6508,惠光,8,0,8,凱基-埔墘,2024-03-18,9288
00632R,元大台灣50反1,12,5,7,凱基-埔墘,2024-03-18,9288
00673R,期元大S＆P原油反1,10,3,7,凱基-埔墘,2024-03-18,9288
2812,台中銀,12,6,6,凱基-埔墘,2024-03-18,9288
00918,大華優利高填息30,6,0,6,凱基-埔墘,2024-03-18,9288
2352,佳世達,6,0,6,凱基-埔墘,2024-03-18,9288
00915,凱基優選高股息30,17,11,6,凱基-埔墘,2024-03-18,9288
1609,大亞,21,15,6,凱基-埔墘,2024-03-18,9288
1773,勝一,6,0,6,凱基-埔墘,2024-03-18,9288
2230,泰茂,6,0,6,凱基-埔墘,2024-03-18,9288
3005,神基,10,4,6,凱基-埔墘,2024-03-18,9288
6577,勁豐,6,0,6,凱基-埔墘,2024-03-18,9288
6244,茂迪,5,0,5,凱基-埔墘,2024-03-18,9288
1305,華夏,5,0,5,凱基-埔墘,2024-03-18,9288
2363,矽統,5,0,5,凱基-埔墘,2024-03-18,9288
4766,南寶,5,0,5,凱基-埔墘,2024-03-18,9288
4971,IET-KY,9,4,5,凱基-埔墘,2024-03-18,9288
5471,松翰,5,0,5,凱基-埔墘,2024-03-18,9288
6805,富世達,5,0,5,凱基-埔墘,2024-03-18,9288
8110,華東,5,0,5,凱基-埔墘,2024-03-18,9288
3294,英濟,14,9,5,凱基-埔墘,2024-03-18,9288
2607,榮運,5,1,4,凱基-埔墘,2024-03-18,9288
1444,力麗,4,0,4,凱基-埔墘,2024-03-18,9288
1447,力鵬,4,0,4,凱基-埔墘,2024-03-18,9288
00929,復華台灣科技優息,1345,27,1318,凱基-埔墘,2024-03-19,9288
6005,群益證,230,0,230,凱基-埔墘,2024-03-19,9288
3059,華晶科,80,0,80,凱基-埔墘,2024-03-19,9288
3163,波若威,61,0,61,凱基-埔墘,2024-03-19,9288
2903,遠百,58,0,58,凱基-埔墘,2024-03-19,9288
3035,智原,46,1,45,凱基-埔墘,2024-03-19,9288
00679B,元大美債20年,36,0,36,凱基-埔墘,2024-03-19,9288
00770,國泰北美科技,32,0,32,凱基-埔墘,2024-03-19,9288
2855,統一證,31,0,31,凱基-埔墘,2024-03-19,9288
8936,國統,29,7,22,凱基-埔墘,2024-03-19,9288
9904,寶成,21,0,21,凱基-埔墘,2024-03-19,9288
2834,臺企銀,21,0,21,凱基-埔墘,2024-03-19,9288
2542,興富發,20,0,20,凱基-埔墘,2024-03-19,9288
2641,正德,20,0,20,凱基-埔墘,2024-03-19,9288
00680L,元大美債20正2,18,0,18,凱基-埔墘,2024-03-19,9288
2323,中環,18,0,18,凱基-埔墘,2024-03-19,9288
00857B,永豐20年美公債,16,0,16,凱基-埔墘,2024-03-19,9288
1815,富喬,15,0,15,凱基-埔墘,2024-03-19,9288
2888,新光金,15,0,15,凱基-埔墘,2024-03-19,9288
3390,旭軟,15,0,15,凱基-埔墘,2024-03-19,9288
2356,英業達,22,7,15,凱基-埔墘,2024-03-19,9288
6274,台燿,20,7,13,凱基-埔墘,2024-03-19,9288
2476,鉅祥,13,1,12,凱基-埔墘,2024-03-19,9288
3704,合勤控,11,0,11,凱基-埔墘,2024-03-19,9288
1314,中石化,10,0,10,凱基-埔墘,2024-03-19,9288
3360,尚立,10,0,10,凱基-埔墘,2024-03-19,9288
5498,凱崴,10,0,10,凱基-埔墘,2024-03-19,9288
1608,華榮,10,1,9,凱基-埔墘,2024-03-19,9288
6290,良維,10,1,9,凱基-埔墘,2024-03-19,9288
6282,康舒,7,0,7,凱基-埔墘,2024-03-19,9288
00937B,群益ESG投等債20,7,0,7,凱基-埔墘,2024-03-19,9288
8028,昇陽半導體,8,1,7,凱基-埔墘,2024-03-19,9288
3005,神基,11,4,7,凱基-埔墘,2024-03-19,9288
00687B,國泰20年美債,24,18,6,凱基-埔墘,2024-03-19,9288
1503,士電,21,15,6,凱基-埔墘,2024-03-19,9288
1609,大亞,7,1,6,凱基-埔墘,2024-03-19,9288
2241,艾姆勒,6,0,6,凱基-埔墘,2024-03-19,9288
5880,合庫金,6,0,6,凱基-埔墘,2024-03-19,9288
6805,富世達,5,0,5,凱基-埔墘,2024-03-19,9288
2208,台船,5,0,5,凱基-埔墘,2024-03-19,9288
2230,泰茂,5,0,5,凱基-埔墘,2024-03-19,9288
2867,三商壽,5,0,5,凱基-埔墘,2024-03-19,9288
3454,晶睿,5,0,5,凱基-埔墘,2024-03-19,9288
3527,聚積,5,0,5,凱基-埔墘,2024-03-19,9288
3715,定穎投控,22,17,5,凱基-埔墘,2024-03-19,9288
6668,中揚光,5,0,5,凱基-埔墘,2024-03-19,9288
3443,創意,4,0,4,凱基-埔墘,2024-03-19,9288
1584,精剛,5,1,4,凱基-埔墘,2024-03-19,9288
2630,亞航,7,3,4,凱基-埔墘,2024-03-19,9288
3489,森寶,4,0,4,凱基-埔墘,2024-03-19,9288
00919,群益台灣精選高息,2091,14,2077,凱基-埔墘,2024-03-20,9288
00939,統一台灣高息動能,1212,594,618,凱基-埔墘,2024-03-20,9288
2354,鴻準,130,12,118,凱基-埔墘,2024-03-20,9288
2892,第一金,101,0,101,凱基-埔墘,2024-03-20,9288
00753L,中信中國50正2,97,1,96,凱基-埔墘,2024-03-20,9288
2855,統一證,95,0,95,凱基-埔墘,2024-03-20,9288
00929,復華台灣科技優息,155,67,88,凱基-埔墘,2024-03-20,9288
00687B,國泰20年美債,62,0,62,凱基-埔墘,2024-03-20,9288
3264,欣銓,45,3,42,凱基-埔墘,2024-03-20,9288
3294,英濟,37,0,37,凱基-埔墘,2024-03-20,9288
2851,中再保,30,0,30,凱基-埔墘,2024-03-20,9288
3567,逸昌,30,0,30,凱基-埔墘,2024-03-20,9288
1314,中石化,44,16,28,凱基-埔墘,2024-03-20,9288
6742,澤米,25,0,25,凱基-埔墘,2024-03-20,9288
2486,一詮,22,0,22,凱基-埔墘,2024-03-20,9288
6191,精成科,35,14,21,凱基-埔墘,2024-03-20,9288
2606,裕民,19,0,19,凱基-埔墘,2024-03-20,9288
2834,臺企銀,23,4,19,凱基-埔墘,2024-03-20,9288
4533,協易機,21,3,18,凱基-埔墘,2024-03-20,9288
2376,技嘉,23,5,18,凱基-埔墘,2024-03-20,9288
00897,富邦基因免疫生技,17,0,17,凱基-埔墘,2024-03-20,9288
00770,國泰北美科技,16,0,16,凱基-埔墘,2024-03-20,9288
3231,緯創,28,12,16,凱基-埔墘,2024-03-20,9288
3481,群創,15,0,15,凱基-埔墘,2024-03-20,9288
2601,益航,14,0,14,凱基-埔墘,2024-03-20,9288
4938,和碩,36,22,14,凱基-埔墘,2024-03-20,9288
00665L,富邦�琤肭磪囓�2,32,20,12,凱基-埔墘,2024-03-20,9288
2618,長榮航,12,0,12,凱基-埔墘,2024-03-20,9288
4714,永捷,12,0,12,凱基-埔墘,2024-03-20,9288
00679B,元大美債20年,11,0,11,凱基-埔墘,2024-03-20,9288
1101,台泥,11,0,11,凱基-埔墘,2024-03-20,9288
00688L,國泰20年美債正2,10,0,10,凱基-埔墘,2024-03-20,9288
1808,潤隆,10,0,10,凱基-埔墘,2024-03-20,9288
2611,志信,10,0,10,凱基-埔墘,2024-03-20,9288
2303,聯電,16,6,10,凱基-埔墘,2024-03-20,9288
1434,福懋,9,0,9,凱基-埔墘,2024-03-20,9288
2367,燿華,19,10,9,凱基-埔墘,2024-03-20,9288
6668,中揚光,9,0,9,凱基-埔墘,2024-03-20,9288
2609,陽明,10,2,8,凱基-埔墘,2024-03-20,9288
00712,復華富時不動產,8,0,8,凱基-埔墘,2024-03-20,9288
5483,中美晶,12,4,8,凱基-埔墘,2024-03-20,9288
2356,英業達,8,1,7,凱基-埔墘,2024-03-20,9288
2382,廣達,7,0,7,凱基-埔墘,2024-03-20,9288
2301,光寶科,28,21,7,凱基-埔墘,2024-03-20,9288
2867,三商壽,7,0,7,凱基-埔墘,2024-03-20,9288
2241,艾姆勒,6,0,6,凱基-埔墘,2024-03-20,9288
4164,承業醫,20,14,6,凱基-埔墘,2024-03-20,9288
6150,撼訊,8,2,6,凱基-埔墘,2024-03-20,9288
3035,智原,5,0,5,凱基-埔墘,2024-03-20,9288
2603,長榮,13,8,5,凱基-埔墘,2024-03-20,9288
2354,鴻準,245,10,235,凱基-埔墘,2024-03-21,9288
2303,聯電,86,17,69,凱基-埔墘,2024-03-21,9288
00919,群益台灣精選高息,49,5,44,凱基-埔墘,2024-03-21,9288
4526,東台,40,0,40,凱基-埔墘,2024-03-21,9288
6166,凌華,30,0,30,凱基-埔墘,2024-03-21,9288
2601,益航,28,0,28,凱基-埔墘,2024-03-21,9288
6443,元晶,29,1,28,凱基-埔墘,2024-03-21,9288
00929,復華台灣科技優息,35,8,27,凱基-埔墘,2024-03-21,9288
00679B,元大美債20年,27,0,27,凱基-埔墘,2024-03-21,9288
00687B,國泰20年美債,26,0,26,凱基-埔墘,2024-03-21,9288
1319,東陽,25,2,23,凱基-埔墘,2024-03-21,9288
00680L,元大美債20正2,21,0,21,凱基-埔墘,2024-03-21,9288
2883,凱基金,20,0,20,凱基-埔墘,2024-03-21,9288
00632R,元大台灣50反1,25,5,20,凱基-埔墘,2024-03-21,9288
2643,捷迅,20,0,20,凱基-埔墘,2024-03-21,9288
8210,勤誠,20,0,20,凱基-埔墘,2024-03-21,9288
6735,美達科技,17,1,16,凱基-埔墘,2024-03-21,9288
2867,三商壽,15,0,15,凱基-埔墘,2024-03-21,9288
3264,欣銓,15,0,15,凱基-埔墘,2024-03-21,9288
2618,長榮航,18,4,14,凱基-埔墘,2024-03-21,9288
3576,聯合再生,20,6,14,凱基-埔墘,2024-03-21,9288
2401,凌陽,13,0,13,凱基-埔墘,2024-03-21,9288
2886,兆豐金,15,2,13,凱基-埔墘,2024-03-21,9288
2449,京元電子,11,0,11,凱基-埔墘,2024-03-21,9288
5483,中美晶,14,3,11,凱基-埔墘,2024-03-21,9288
1785,光洋科,16,5,11,凱基-埔墘,2024-03-21,9288
2312,金寶,11,0,11,凱基-埔墘,2024-03-21,9288
00650L,復華香港正2,10,0,10,凱基-埔墘,2024-03-21,9288
00772B,中信高評級公司債,10,0,10,凱基-埔墘,2024-03-21,9288
2417,圓剛,10,0,10,凱基-埔墘,2024-03-21,9288
4401,東隆興,10,0,10,凱基-埔墘,2024-03-21,9288
6284,佳邦,10,0,10,凱基-埔墘,2024-03-21,9288
3013,晟銘電,9,0,9,凱基-埔墘,2024-03-21,9288
1513,中興電,20,14,6,凱基-埔墘,2024-03-21,9288
00933B,國泰10Y+金融債,6,0,6,凱基-埔墘,2024-03-21,9288
00915,凱基優選高股息30,6,0,6,凱基-埔墘,2024-03-21,9288
2371,大同,12,6,6,凱基-埔墘,2024-03-21,9288
1718,中纖,5,0,5,凱基-埔墘,2024-03-21,9288
2369,菱生,7,2,5,凱基-埔墘,2024-03-21,9288
2385,群光,18,13,5,凱基-埔墘,2024-03-21,9288
2453,凌群,5,0,5,凱基-埔墘,2024-03-21,9288
2527,宏璟,5,0,5,凱基-埔墘,2024-03-21,9288
2611,志信,5,0,5,凱基-埔墘,2024-03-21,9288
3041,揚智,5,0,5,凱基-埔墘,2024-03-21,9288
6182,合晶,5,0,5,凱基-埔墘,2024-03-21,9288
6668,中揚光,5,0,5,凱基-埔墘,2024-03-21,9288
8926,台汽電,5,0,5,凱基-埔墘,2024-03-21,9288
4979,華星光,4,0,4,凱基-埔墘,2024-03-21,9288
6176,瑞儀,4,0,4,凱基-埔墘,2024-03-21,9288
00882,中信中國高股息,5,1,4,凱基-埔墘,2024-03-21,9288
2317,鴻海,889,54,835,凱基-埔墘,2024-03-22,9288
00878,國泰永續高股息,150,8,142,凱基-埔墘,2024-03-22,9288
2515,中工,132,2,130,凱基-埔墘,2024-03-22,9288
3481,群創,128,18,110,凱基-埔墘,2024-03-22,9288
00939,統一台灣高息動能,103,9,94,凱基-埔墘,2024-03-22,9288
2308,台達電,109,20,89,凱基-埔墘,2024-03-22,9288
2344,華邦電,91,17,74,凱基-埔墘,2024-03-22,9288
00676R,富邦臺灣加權反1,50,0,50,凱基-埔墘,2024-03-22,9288
5498,凱崴,46,0,46,凱基-埔墘,2024-03-22,9288
2303,聯電,47,4,43,凱基-埔墘,2024-03-22,9288
6753,龍德造船,43,0,43,凱基-埔墘,2024-03-22,9288
6166,凌華,40,0,40,凱基-埔墘,2024-03-22,9288
00937B,群益ESG投等債20,55,16,39,凱基-埔墘,2024-03-22,9288
00637L,元大滬深300正2,47,9,38,凱基-埔墘,2024-03-22,9288
6668,中揚光,49,15,34,凱基-埔墘,2024-03-22,9288
2882,國泰金,31,1,30,凱基-埔墘,2024-03-22,9288
2408,南亞科,40,10,30,凱基-埔墘,2024-03-22,9288
3058,立德,24,3,21,凱基-埔墘,2024-03-22,9288
1609,大亞,43,22,21,凱基-埔墘,2024-03-22,9288
1568,倉佑,20,0,20,凱基-埔墘,2024-03-22,9288
6235,華孚,20,0,20,凱基-埔墘,2024-03-22,9288
00753L,中信中國50正2,18,0,18,凱基-埔墘,2024-03-22,9288
1605,華新,24,7,17,凱基-埔墘,2024-03-22,9288
3231,緯創,39,24,15,凱基-埔墘,2024-03-22,9288
2367,燿華,49,35,14,凱基-埔墘,2024-03-22,9288
2356,英業達,67,54,13,凱基-埔墘,2024-03-22,9288
2353,宏��,16,4,12,凱基-埔墘,2024-03-22,9288
2409,友達,27,16,11,凱基-埔墘,2024-03-22,9288
00915,凱基優選高股息30,12,1,11,凱基-埔墘,2024-03-22,9288
2888,新光金,11,0,11,凱基-埔墘,2024-03-22,9288
3583,辛耘,27,16,11,凱基-埔墘,2024-03-22,9288
8112,至上,26,15,11,凱基-埔墘,2024-03-22,9288
00687B,國泰20年美債,11,0,11,凱基-埔墘,2024-03-22,9288
2610,華航,10,0,10,凱基-埔墘,2024-03-22,9288
1314,中石化,10,0,10,凱基-埔墘,2024-03-22,9288
00857B,永豐20年美公債,10,0,10,凱基-埔墘,2024-03-22,9288
3630,新鉅科,10,0,10,凱基-埔墘,2024-03-22,9288
6205,詮欣,10,0,10,凱基-埔墘,2024-03-22,9288
2376,技嘉,18,9,9,凱基-埔墘,2024-03-22,9288
1514,亞力,14,5,9,凱基-埔墘,2024-03-22,9288
2731,雄獅,8,0,8,凱基-埔墘,2024-03-22,9288
1785,光洋科,10,2,8,凱基-埔墘,2024-03-22,9288
3450,聯鈞,9,1,8,凱基-埔墘,2024-03-22,9288
5536,聖暉*,8,0,8,凱基-埔墘,2024-03-22,9288
6442,光聖,11,3,8,凱基-埔墘,2024-03-22,9288
8454,富邦媒,20,12,8,凱基-埔墘,2024-03-22,9288
00715L,期街口布蘭特正2,7,0,7,凱基-埔墘,2024-03-22,9288
1815,富喬,7,0,7,凱基-埔墘,2024-03-22,9288
3013,晟銘電,8,1,7,凱基-埔墘,2024-03-22,9288
3322,建舜電,7,0,7,凱基-埔墘,2024-03-22,9288
1609,大亞,236,52,184,凱基-埔墘,2024-03-25,9288
6189,豐藝,182,0,182,凱基-埔墘,2024-03-25,9288
2376,技嘉,82,26,56,凱基-埔墘,2024-03-25,9288
2356,英業達,80,32,48,凱基-埔墘,2024-03-25,9288
3450,聯鈞,42,0,42,凱基-埔墘,2024-03-25,9288
2360,致茂,26,0,26,凱基-埔墘,2024-03-25,9288
3058,立德,24,1,23,凱基-埔墘,2024-03-25,9288
2302,麗正,20,0,20,凱基-埔墘,2024-03-25,9288
5498,凱崴,20,0,20,凱基-埔墘,2024-03-25,9288
00939,統一台灣高息動能,43,24,19,凱基-埔墘,2024-03-25,9288
1513,中興電,35,19,16,凱基-埔墘,2024-03-25,9288
2303,聯電,17,1,16,凱基-埔墘,2024-03-25,9288
00937B,群益ESG投等債20,14,0,14,凱基-埔墘,2024-03-25,9288
2353,宏��,24,10,14,凱基-埔墘,2024-03-25,9288
3357,臺慶科,15,1,14,凱基-埔墘,2024-03-25,9288
2419,仲琦,13,0,13,凱基-埔墘,2024-03-25,9288
6016,康和證,12,0,12,凱基-埔墘,2024-03-25,9288
3005,神基,12,1,11,凱基-埔墘,2024-03-25,9288
3390,旭軟,11,0,11,凱基-埔墘,2024-03-25,9288
2014,中鴻,10,0,10,凱基-埔墘,2024-03-25,9288
00751B,元大AAA至A公司債,10,0,10,凱基-埔墘,2024-03-25,9288
1304,台聚,10,0,10,凱基-埔墘,2024-03-25,9288
1528,恩德,10,0,10,凱基-埔墘,2024-03-25,9288
2611,志信,10,0,10,凱基-埔墘,2024-03-25,9288
3489,森寶,10,0,10,凱基-埔墘,2024-03-25,9288
3596,智易,10,0,10,凱基-埔墘,2024-03-25,9288
3622,洋華,10,0,10,凱基-埔墘,2024-03-25,9288
4532,瑞智,10,0,10,凱基-埔墘,2024-03-25,9288
5880,合庫金,10,0,10,凱基-埔墘,2024-03-25,9288
00688L,國泰20年美債正2,14,5,9,凱基-埔墘,2024-03-25,9288
2884,玉山金,10,1,9,凱基-埔墘,2024-03-25,9288
3231,緯創,11,2,9,凱基-埔墘,2024-03-25,9288
1734,杏輝,10,2,8,凱基-埔墘,2024-03-25,9288
6443,元晶,9,1,8,凱基-埔墘,2024-03-25,9288
8936,國統,9,1,8,凱基-埔墘,2024-03-25,9288
2330,台積電,8,1,7,凱基-埔墘,2024-03-25,9288
6282,康舒,8,2,6,凱基-埔墘,2024-03-25,9288
00680L,元大美債20正2,6,0,6,凱基-埔墘,2024-03-25,9288
1711,永光,6,0,6,凱基-埔墘,2024-03-25,9288
3711,日月光投控,6,0,6,凱基-埔墘,2024-03-25,9288
6227,茂綸,6,0,6,凱基-埔墘,2024-03-25,9288
6235,華孚,6,0,6,凱基-埔墘,2024-03-25,9288
6244,茂迪,6,0,6,凱基-埔墘,2024-03-25,9288
6284,佳邦,16,10,6,凱基-埔墘,2024-03-25,9288
8473,山林水,7,2,5,凱基-埔墘,2024-03-25,9288
1808,潤隆,5,0,5,凱基-埔墘,2024-03-25,9288
2301,光寶科,6,1,5,凱基-埔墘,2024-03-25,9288
2332,友訊,5,0,5,凱基-埔墘,2024-03-25,9288
2454,聯發科,5,0,5,凱基-埔墘,2024-03-25,9288
2464,盟立,7,2,5,凱基-埔墘,2024-03-25,9288
00632R,元大台灣50反1,129,10,119,凱基-埔墘,2024-03-26,9288
00941,中信上游半導體,117,23,94,凱基-埔墘,2024-03-26,9288
2515,中工,53,2,51,凱基-埔墘,2024-03-26,9288
1609,大亞,106,56,50,凱基-埔墘,2024-03-26,9288
6125,廣運,53,7,46,凱基-埔墘,2024-03-26,9288
00679B,元大美債20年,50,8,42,凱基-埔墘,2024-03-26,9288
00937B,群益ESG投等債20,32,0,32,凱基-埔墘,2024-03-26,9288
3231,緯創,42,17,25,凱基-埔墘,2024-03-26,9288
2313,華通,33,10,23,凱基-埔墘,2024-03-26,9288
1305,華夏,20,0,20,凱基-埔墘,2024-03-26,9288
4526,東台,21,1,20,凱基-埔墘,2024-03-26,9288
6770,力積電,20,0,20,凱基-埔墘,2024-03-26,9288
1808,潤隆,17,0,17,凱基-埔墘,2024-03-26,9288
2312,金寶,15,0,15,凱基-埔墘,2024-03-26,9288
3583,辛耘,16,1,15,凱基-埔墘,2024-03-26,9288
5439,高技,16,1,15,凱基-埔墘,2024-03-26,9288
6197,佳必琪,14,0,14,凱基-埔墘,2024-03-26,9288
2330,台積電,16,3,13,凱基-埔墘,2024-03-26,9288
2356,英業達,21,8,13,凱基-埔墘,2024-03-26,9288
00857B,永豐20年美公債,12,0,12,凱基-埔墘,2024-03-26,9288
3005,神基,19,7,12,凱基-埔墘,2024-03-26,9288
3059,華晶科,109,97,12,凱基-埔墘,2024-03-26,9288
2360,致茂,12,0,12,凱基-埔墘,2024-03-26,9288
00878,國泰永續高股息,11,0,11,凱基-埔墘,2024-03-26,9288
1616,億泰,13,2,11,凱基-埔墘,2024-03-26,9288
2809,京城銀,11,0,11,凱基-埔墘,2024-03-26,9288
5498,凱崴,11,0,11,凱基-埔墘,2024-03-26,9288
00772B,中信高評級公司債,10,0,10,凱基-埔墘,2024-03-26,9288
00909,國泰數位支付服務,10,0,10,凱基-埔墘,2024-03-26,9288
4164,承業醫,10,0,10,凱基-埔墘,2024-03-26,9288
2637,慧洋-KY,9,0,9,凱基-埔墘,2024-03-26,9288
9919,康那香,9,0,9,凱基-埔墘,2024-03-26,9288
2731,雄獅,8,0,8,凱基-埔墘,2024-03-26,9288
6234,高僑,8,0,8,凱基-埔墘,2024-03-26,9288
6237,驊訊,8,0,8,凱基-埔墘,2024-03-26,9288
6425,易發,8,0,8,凱基-埔墘,2024-03-26,9288
6829,千附精密,8,0,8,凱基-埔墘,2024-03-26,9288
2323,中環,7,1,6,凱基-埔墘,2024-03-26,9288
2049,上銀,14,8,6,凱基-埔墘,2024-03-26,9288
2363,矽統,6,0,6,凱基-埔墘,2024-03-26,9288
00680L,元大美債20正2,6,0,6,凱基-埔墘,2024-03-26,9288
2468,華經,6,0,6,凱基-埔墘,2024-03-26,9288
4979,華星光,8,2,6,凱基-埔墘,2024-03-26,9288
5469,瀚宇博,6,0,6,凱基-埔墘,2024-03-26,9288
6224,聚鼎,6,0,6,凱基-埔墘,2024-03-26,9288
6233,旺玖,6,0,6,凱基-埔墘,2024-03-26,9288
6742,澤米,6,0,6,凱基-埔墘,2024-03-26,9288
8147,正淩,6,0,6,凱基-埔墘,2024-03-26,9288
1504,東元,9,3,6,凱基-埔墘,2024-03-26,9288
2603,長榮,7,2,5,凱基-埔墘,2024-03-26,9288
2515,中工,448,3,445,凱基-埔墘,2024-03-27,9288
00919,群益台灣精選高息,174,16,158,凱基-埔墘,2024-03-27,9288
2883,凱基金,90,3,87,凱基-埔墘,2024-03-27,9288
2354,鴻準,116,33,83,凱基-埔墘,2024-03-27,9288
00929,復華台灣科技優息,92,15,77,凱基-埔墘,2024-03-27,9288
00878,國泰永續高股息,65,13,52,凱基-埔墘,2024-03-27,9288
00937B,群益ESG投等債20,50,0,50,凱基-埔墘,2024-03-27,9288
5258,虹堡,48,0,48,凱基-埔墘,2024-03-27,9288
3390,旭軟,50,3,47,凱基-埔墘,2024-03-27,9288
2884,玉山金,42,1,41,凱基-埔墘,2024-03-27,9288
00939,統一台灣高息動能,42,7,35,凱基-埔墘,2024-03-27,9288
1584,精剛,30,0,30,凱基-埔墘,2024-03-27,9288
3706,神達,53,25,28,凱基-埔墘,2024-03-27,9288
4142,國光生,22,0,22,凱基-埔墘,2024-03-27,9288
2385,群光,24,2,22,凱基-埔墘,2024-03-27,9288
2641,正德,20,0,20,凱基-埔墘,2024-03-27,9288
4908,前鼎,23,3,20,凱基-埔墘,2024-03-27,9288
1609,大亞,28,10,18,凱基-埔墘,2024-03-27,9288
00933B,國泰10Y+金融債,50,33,17,凱基-埔墘,2024-03-27,9288
3711,日月光投控,16,0,16,凱基-埔墘,2024-03-27,9288
1316,上曜,17,3,14,凱基-埔墘,2024-03-27,9288
2867,三商壽,13,0,13,凱基-埔墘,2024-03-27,9288
2009,第一銅,11,0,11,凱基-埔墘,2024-03-27,9288
6442,光聖,13,2,11,凱基-埔墘,2024-03-27,9288
1612,宏泰,119,109,10,凱基-埔墘,2024-03-27,9288
00751B,元大AAA至A公司債,10,0,10,凱基-埔墘,2024-03-27,9288
00673R,期元大S＆P原油反1,10,0,10,凱基-埔墘,2024-03-27,9288
5515,建國,14,4,10,凱基-埔墘,2024-03-27,9288
1608,華榮,11,2,9,凱基-埔墘,2024-03-27,9288
1618,合機,10,2,8,凱基-埔墘,2024-03-27,9288
6257,矽格,8,0,8,凱基-埔墘,2024-03-27,9288
2301,光寶科,8,1,7,凱基-埔墘,2024-03-27,9288
1616,億泰,13,6,7,凱基-埔墘,2024-03-27,9288
2408,南亞科,7,0,7,凱基-埔墘,2024-03-27,9288
5483,中美晶,7,1,6,凱基-埔墘,2024-03-27,9288
2102,泰豐,6,0,6,凱基-埔墘,2024-03-27,9288
00680L,元大美債20正2,6,0,6,凱基-埔墘,2024-03-27,9288
2486,一詮,6,0,6,凱基-埔墘,2024-03-27,9288
3374,精材,6,0,6,凱基-埔墘,2024-03-27,9288
3376,新日興,6,0,6,凱基-埔墘,2024-03-27,9288
2421,建準,18,12,6,凱基-埔墘,2024-03-27,9288
6282,康舒,5,0,5,凱基-埔墘,2024-03-27,9288
00753L,中信中國50正2,10,5,5,凱基-埔墘,2024-03-27,9288
2481,強茂,5,0,5,凱基-埔墘,2024-03-27,9288
2601,益航,5,0,5,凱基-埔墘,2024-03-27,9288
2812,台中銀,5,0,5,凱基-埔墘,2024-03-27,9288
3622,洋華,6,1,5,凱基-埔墘,2024-03-27,9288
5009,榮剛,5,0,5,凱基-埔墘,2024-03-27,9288
5310,天剛,5,0,5,凱基-埔墘,2024-03-27,9288
2603,長榮,14,9,5,凱基-埔墘,2024-03-27,9288
2354,鴻準,144,40,104,凱基-埔墘,2024-03-28,9288
2385,群光,60,2,58,凱基-埔墘,2024-03-28,9288
1584,精剛,51,5,46,凱基-埔墘,2024-03-28,9288
2855,統一證,46,0,46,凱基-埔墘,2024-03-28,9288
00937B,群益ESG投等債20,33,0,33,凱基-埔墘,2024-03-28,9288
3360,尚立,30,0,30,凱基-埔墘,2024-03-28,9288
00919,群益台灣精選高息,45,17,28,凱基-埔墘,2024-03-28,9288
00939,統一台灣高息動能,28,0,28,凱基-埔墘,2024-03-28,9288
3576,聯合再生,30,4,26,凱基-埔墘,2024-03-28,9288
9958,世紀鋼,22,0,22,凱基-埔墘,2024-03-28,9288
00688L,國泰20年美債正2,20,0,20,凱基-埔墘,2024-03-28,9288
2888,新光金,18,0,18,凱基-埔墘,2024-03-28,9288
8442,威宏-KY,21,6,15,凱基-埔墘,2024-03-28,9288
2610,華航,14,0,14,凱基-埔墘,2024-03-28,9288
2449,京元電子,15,1,14,凱基-埔墘,2024-03-28,9288
2317,鴻海,52,38,14,凱基-埔墘,2024-03-28,9288
3058,立德,19,6,13,凱基-埔墘,2024-03-28,9288
2611,志信,12,0,12,凱基-埔墘,2024-03-28,9288
6269,台郡,12,0,12,凱基-埔墘,2024-03-28,9288
00631L,元大台灣50正2,10,0,10,凱基-埔墘,2024-03-28,9288
00679B,元大美債20年,12,2,10,凱基-埔墘,2024-03-28,9288
00673R,期元大S＆P原油反1,10,0,10,凱基-埔墘,2024-03-28,9288
00877,復華中國5G,10,0,10,凱基-埔墘,2024-03-28,9288
00857B,永豐20年美公債,10,0,10,凱基-埔墘,2024-03-28,9288
1604,聲寶,10,0,10,凱基-埔墘,2024-03-28,9288
2421,建準,24,14,10,凱基-埔墘,2024-03-28,9288
00882,中信中國高股息,9,0,9,凱基-埔墘,2024-03-28,9288
2330,台積電,8,0,8,凱基-埔墘,2024-03-28,9288
1101,台泥,8,0,8,凱基-埔墘,2024-03-28,9288
2340,台亞,8,0,8,凱基-埔墘,2024-03-28,9288
6451,訊芯-KY,8,0,8,凱基-埔墘,2024-03-28,9288
3450,聯鈞,8,1,7,凱基-埔墘,2024-03-28,9288
6443,元晶,11,4,7,凱基-埔墘,2024-03-28,9288
1605,華新,7,0,7,凱基-埔墘,2024-03-28,9288
3231,緯創,21,15,6,凱基-埔墘,2024-03-28,9288
2337,旺宏,7,1,6,凱基-埔墘,2024-03-28,9288
4966,譜瑞-KY,6,0,6,凱基-埔墘,2024-03-28,9288
00680L,元大美債20正2,6,0,6,凱基-埔墘,2024-03-28,9288
3390,旭軟,10,4,6,凱基-埔墘,2024-03-28,9288
9934,成霖,6,0,6,凱基-埔墘,2024-03-28,9288
00665L,富邦�琤肭磪囓�2,5,0,5,凱基-埔墘,2024-03-28,9288
2301,光寶科,7,2,5,凱基-埔墘,2024-03-28,9288
6282,康舒,5,0,5,凱基-埔墘,2024-03-28,9288
6584,南俊國際,5,0,5,凱基-埔墘,2024-03-28,9288
8255,朋程,5,0,5,凱基-埔墘,2024-03-28,9288
8996,高力,64,59,5,凱基-埔墘,2024-03-28,9288
9938,百和,5,0,5,凱基-埔墘,2024-03-28,9288
00674R,期元大S＆P黃金反1,4,0,4,凱基-埔墘,2024-03-28,9288
2401,凌陽,6,2,4,凱基-埔墘,2024-03-28,9288
6126,信音,4,0,4,凱基-埔墘,2024-03-28,9288
2354,鴻準,415,18,397,凱基-埔墘,2024-03-29,9288
00632R,元大台灣50反1,102,0,102,凱基-埔墘,2024-03-29,9288
8996,高力,69,24,45,凱基-埔墘,2024-03-29,9288
8463,潤泰材,42,0,42,凱基-埔墘,2024-03-29,9288
2317,鴻海,52,13,39,凱基-埔墘,2024-03-29,9288
2356,英業達,137,100,37,凱基-埔墘,2024-03-29,9288
6274,台燿,30,2,28,凱基-埔墘,2024-03-29,9288
00687B,國泰20年美債,20,0,20,凱基-埔墘,2024-03-29,9288
5324,士開,20,0,20,凱基-埔墘,2024-03-29,9288
3228,金麗科,18,0,18,凱基-埔墘,2024-03-29,9288
2324,仁寶,19,1,18,凱基-埔墘,2024-03-29,9288
2344,華邦電,17,0,17,凱基-埔墘,2024-03-29,9288
8222,寶一,21,4,17,凱基-埔墘,2024-03-29,9288
2515,中工,16,0,16,凱基-埔墘,2024-03-29,9288
2468,華經,15,0,15,凱基-埔墘,2024-03-29,9288
00795B,中信美國公債20年,12,0,12,凱基-埔墘,2024-03-29,9288
3376,新日興,25,13,12,凱基-埔墘,2024-03-29,9288
3596,智易,12,0,12,凱基-埔墘,2024-03-29,9288
8442,威宏-KY,13,1,12,凱基-埔墘,2024-03-29,9288
3551,世禾,12,1,11,凱基-埔墘,2024-03-29,9288
6290,良維,12,1,11,凱基-埔墘,2024-03-29,9288
00909,國泰數位支付服務,10,0,10,凱基-埔墘,2024-03-29,9288
1604,聲寶,10,0,10,凱基-埔墘,2024-03-29,9288
1789,神隆,10,0,10,凱基-埔墘,2024-03-29,9288
2365,昆盈,10,0,10,凱基-埔墘,2024-03-29,9288
2609,陽明,10,0,10,凱基-埔墘,2024-03-29,9288
2615,萬海,10,0,10,凱基-埔墘,2024-03-29,9288
5309,系統電,20,10,10,凱基-埔墘,2024-03-29,9288
6584,南俊國際,10,0,10,凱基-埔墘,2024-03-29,9288
00919,群益台灣精選高息,13,4,9,凱基-埔墘,2024-03-29,9288
2889,國票金,9,0,9,凱基-埔墘,2024-03-29,9288
2330,台積電,10,1,9,凱基-埔墘,2024-03-29,9288
4938,和碩,9,1,8,凱基-埔墘,2024-03-29,9288
00939,統一台灣高息動能,19,11,8,凱基-埔墘,2024-03-29,9288
9934,成霖,8,0,8,凱基-埔墘,2024-03-29,9288
00680L,元大美債20正2,6,0,6,凱基-埔墘,2024-03-29,9288
2637,慧洋-KY,7,1,6,凱基-埔墘,2024-03-29,9288
6133,金橋,6,0,6,凱基-埔墘,2024-03-29,9288
6770,力積電,6,0,6,凱基-埔墘,2024-03-29,9288
6829,千附精密,6,0,6,凱基-埔墘,2024-03-29,9288
3023,信邦,6,1,5,凱基-埔墘,2024-03-29,9288
00941,中信上游半導體,5,0,5,凱基-埔墘,2024-03-29,9288
2399,映泰,5,0,5,凱基-埔墘,2024-03-29,9288
2548,華固,5,0,5,凱基-埔墘,2024-03-29,9288
3390,旭軟,6,1,5,凱基-埔墘,2024-03-29,9288
3605,宏致,7,2,5,凱基-埔墘,2024-03-29,9288
5471,松翰,5,0,5,凱基-埔墘,2024-03-29,9288
5515,建國,5,0,5,凱基-埔墘,2024-03-29,9288
8147,正淩,6,1,5,凱基-埔墘,2024-03-29,9288
9904,寶成,5,1,4,凱基-埔墘,2024-03-29,9288
00940,元大台灣價值高息,403,141,262,凱基-埔墘,2024-04-01,9288
5533,皇鼎,102,0,102,凱基-埔墘,2024-04-01,9288
00919,群益台灣精選高息,64,6,58,凱基-埔墘,2024-04-01,9288
2515,中工,60,2,58,凱基-埔墘,2024-04-01,9288
3037,欣興,53,3,50,凱基-埔墘,2024-04-01,9288
1532,勤美,38,5,33,凱基-埔墘,2024-04-01,9288
00937B,群益ESG投等債20,29,2,27,凱基-埔墘,2024-04-01,9288
2891,中信金,28,1,27,凱基-埔墘,2024-04-01,9288
00939,統一台灣高息動能,23,2,21,凱基-埔墘,2024-04-01,9288
1608,華榮,26,5,21,凱基-埔墘,2024-04-01,9288
2637,慧洋-KY,23,2,21,凱基-埔墘,2024-04-01,9288
00650L,復華香港正2,20,0,20,凱基-埔墘,2024-04-01,9288
2356,英業達,26,9,17,凱基-埔墘,2024-04-01,9288
2603,長榮,17,2,15,凱基-埔墘,2024-04-01,9288
2887,台新金,13,0,13,凱基-埔墘,2024-04-01,9288
1605,華新,12,0,12,凱基-埔墘,2024-04-01,9288
2634,漢翔,16,4,12,凱基-埔墘,2024-04-01,9288
1609,大亞,13,2,11,凱基-埔墘,2024-04-01,9288
6239,力成,12,1,11,凱基-埔墘,2024-04-01,9288
00857B,永豐20年美公債,10,0,10,凱基-埔墘,2024-04-01,9288
1809,中釉,10,0,10,凱基-埔墘,2024-04-01,9288
3163,波若威,10,0,10,凱基-埔墘,2024-04-01,9288
5471,松翰,10,0,10,凱基-埔墘,2024-04-01,9288
8103,瀚荃,11,1,10,凱基-埔墘,2024-04-01,9288
9934,成霖,10,0,10,凱基-埔墘,2024-04-01,9288
1815,富喬,15,6,9,凱基-埔墘,2024-04-01,9288
2354,鴻準,31,22,9,凱基-埔墘,2024-04-01,9288
00680L,元大美債20正2,6,0,6,凱基-埔墘,2024-04-01,9288
00941,中信上游半導體,6,0,6,凱基-埔墘,2024-04-01,9288
2353,宏��,6,0,6,凱基-埔墘,2024-04-01,9288
2610,華航,6,0,6,凱基-埔墘,2024-04-01,9288
2382,廣達,11,5,6,凱基-埔墘,2024-04-01,9288
00674R,期元大S＆P黃金反1,5,0,5,凱基-埔墘,2024-04-01,9288
2363,矽統,10,5,5,凱基-埔墘,2024-04-01,9288
3666,光耀,5,0,5,凱基-埔墘,2024-04-01,9288
4121,優盛,6,1,5,凱基-埔墘,2024-04-01,9288
5309,系統電,5,0,5,凱基-埔墘,2024-04-01,9288
2101,南港,4,0,4,凱基-埔墘,2024-04-01,9288
2323,中環,4,0,4,凱基-埔墘,2024-04-01,9288
2536,宏普,4,0,4,凱基-埔墘,2024-04-01,9288
4583,台灣精銳,4,0,4,凱基-埔墘,2024-04-01,9288
6230,尼得科超眾,4,0,4,凱基-埔墘,2024-04-01,9288
6666,羅麗芬-KY,4,0,4,凱基-埔墘,2024-04-01,9288
8917,欣泰,4,0,4,凱基-埔墘,2024-04-01,9288
9933,中鼎,4,0,4,凱基-埔墘,2024-04-01,9288
8033,雷虎,4,0,4,凱基-埔墘,2024-04-01,9288
2609,陽明,3,0,3,凱基-埔墘,2024-04-01,9288
3491,昇達科,3,0,3,凱基-埔墘,2024-04-01,9288
00923,群益台ESG低碳50,3,0,3,凱基-埔墘,2024-04-01,9288
00915,凱基優選高股息30,3,0,3,凱基-埔墘,2024-04-01,9288
2515,中工,224,17,207,凱基-埔墘,2024-04-02,9288
00940,元大台灣價值高息,163,29,134,凱基-埔墘,2024-04-02,9288
2344,華邦電,87,36,51,凱基-埔墘,2024-04-02,9288
6005,群益證,58,20,38,凱基-埔墘,2024-04-02,9288
2022,聚亨,30,0,30,凱基-埔墘,2024-04-02,9288
00688L,國泰20年美債正2,28,0,28,凱基-埔墘,2024-04-02,9288
2486,一詮,40,13,27,凱基-埔墘,2024-04-02,9288
4958,臻鼎-KY,25,0,25,凱基-埔墘,2024-04-02,9288
00632R,元大台灣50反1,21,0,21,凱基-埔墘,2024-04-02,9288
8442,威宏-KY,22,1,21,凱基-埔墘,2024-04-02,9288
00927,群益半導體收益,20,0,20,凱基-埔墘,2024-04-02,9288
4510,高鋒,20,0,20,凱基-埔墘,2024-04-02,9288
6173,信昌電,19,0,19,凱基-埔墘,2024-04-02,9288
2002,中鋼,22,5,17,凱基-埔墘,2024-04-02,9288
6189,豐藝,19,3,16,凱基-埔墘,2024-04-02,9288
00665L,富邦�琤肭磪囓�2,15,0,15,凱基-埔墘,2024-04-02,9288
2303,聯電,15,0,15,凱基-埔墘,2024-04-02,9288
2509,全坤建,15,0,15,凱基-埔墘,2024-04-02,9288
3260,威剛,16,1,15,凱基-埔墘,2024-04-02,9288
2536,宏普,14,0,14,凱基-埔墘,2024-04-02,9288
00687B,國泰20年美債,14,1,13,凱基-埔墘,2024-04-02,9288
8064,東捷,13,0,13,凱基-埔墘,2024-04-02,9288
00680L,元大美債20正2,12,0,12,凱基-埔墘,2024-04-02,9288
6284,佳邦,12,0,12,凱基-埔墘,2024-04-02,9288
2301,光寶科,17,6,11,凱基-埔墘,2024-04-02,9288
2439,美律,12,1,11,凱基-埔墘,2024-04-02,9288
2472,立隆電,11,1,10,凱基-埔墘,2024-04-02,9288
2520,冠德,11,1,10,凱基-埔墘,2024-04-02,9288
8147,正淩,10,0,10,凱基-埔墘,2024-04-02,9288
1608,華榮,10,1,9,凱基-埔墘,2024-04-02,9288
3689,湧德,9,0,9,凱基-埔墘,2024-04-02,9288
1504,東元,8,0,8,凱基-埔墘,2024-04-02,9288
2009,第一銅,8,0,8,凱基-埔墘,2024-04-02,9288
3163,波若威,10,2,8,凱基-埔墘,2024-04-02,9288
3078,僑威,7,0,7,凱基-埔墘,2024-04-02,9288
00650L,復華香港正2,27,20,7,凱基-埔墘,2024-04-02,9288
6414,樺漢,10,3,7,凱基-埔墘,2024-04-02,9288
3481,群創,7,0,7,凱基-埔墘,2024-04-02,9288
2382,廣達,12,6,6,凱基-埔墘,2024-04-02,9288
00939,統一台灣高息動能,7,1,6,凱基-埔墘,2024-04-02,9288
2401,凌陽,11,5,6,凱基-埔墘,2024-04-02,9288
8033,雷虎,7,1,6,凱基-埔墘,2024-04-02,9288
00679B,元大美債20年,6,1,5,凱基-埔墘,2024-04-02,9288
1717,長興,13,8,5,凱基-埔墘,2024-04-02,9288
2352,佳世達,5,0,5,凱基-埔墘,2024-04-02,9288
2363,矽統,5,0,5,凱基-埔墘,2024-04-02,9288
2611,志信,5,0,5,凱基-埔墘,2024-04-02,9288
3363,上詮,5,0,5,凱基-埔墘,2024-04-02,9288
3705,永信,5,0,5,凱基-埔墘,2024-04-02,9288
4979,華星光,6,1,5,凱基-埔墘,2024-04-02,9288
2317,鴻海,74,18,56,凱基-埔墘,2024-04-03,9288
4958,臻鼎-KY,50,0,50,凱基-埔墘,2024-04-03,9288
00680L,元大美債20正2,29,0,29,凱基-埔墘,2024-04-03,9288
00687B,國泰20年美債,25,0,25,凱基-埔墘,2024-04-03,9288
2643,捷迅,22,0,22,凱基-埔墘,2024-04-03,9288
00937B,群益ESG投等債20,20,0,20,凱基-埔墘,2024-04-03,9288
8463,潤泰材,19,0,19,凱基-埔墘,2024-04-03,9288
2537,聯上發,18,3,15,凱基-埔墘,2024-04-03,9288
5347,世界,15,0,15,凱基-埔墘,2024-04-03,9288
6189,豐藝,16,1,15,凱基-埔墘,2024-04-03,9288
3481,群創,14,0,14,凱基-埔墘,2024-04-03,9288
3032,偉訓,20,6,14,凱基-埔墘,2024-04-03,9288
00929,復華台灣科技優息,31,18,13,凱基-埔墘,2024-04-03,9288
6101,寬魚國際,13,0,13,凱基-埔墘,2024-04-03,9288
1808,潤隆,12,0,12,凱基-埔墘,2024-04-03,9288
00637L,元大滬深300正2,14,2,12,凱基-埔墘,2024-04-03,9288
6785,昱展新藥,12,0,12,凱基-埔墘,2024-04-03,9288
2301,光寶科,12,0,12,凱基-埔墘,2024-04-03,9288
00751B,元大AAA至A公司債,11,0,11,凱基-埔墘,2024-04-03,9288
00679B,元大美債20年,11,0,11,凱基-埔墘,2024-04-03,9288
2371,大同,13,2,11,凱基-埔墘,2024-04-03,9288
8222,寶一,11,0,11,凱基-埔墘,2024-04-03,9288
00665L,富邦�琤肭磪囓�2,15,5,10,凱基-埔墘,2024-04-03,9288
00933B,國泰10Y+金融債,10,0,10,凱基-埔墘,2024-04-03,9288
1717,長興,10,0,10,凱基-埔墘,2024-04-03,9288
2605,新興,10,0,10,凱基-埔墘,2024-04-03,9288
3489,森寶,10,0,10,凱基-埔墘,2024-04-03,9288
2009,第一銅,14,5,9,凱基-埔墘,2024-04-03,9288
2515,中工,46,37,9,凱基-埔墘,2024-04-03,9288
8996,高力,10,1,9,凱基-埔墘,2024-04-03,9288
00939,統一台灣高息動能,9,1,8,凱基-埔墘,2024-04-03,9288
2402,毅嘉,9,1,8,凱基-埔墘,2024-04-03,9288
2330,台積電,8,0,8,凱基-埔墘,2024-04-03,9288
3036,文曄,7,1,6,凱基-埔墘,2024-04-03,9288
4938,和碩,6,0,6,凱基-埔墘,2024-04-03,9288
00941,中信上游半導體,6,0,6,凱基-埔墘,2024-04-03,9288
2014,中鴻,6,0,6,凱基-埔墘,2024-04-03,9288
5508,永信建,6,0,6,凱基-埔墘,2024-04-03,9288
5536,聖暉*,6,0,6,凱基-埔墘,2024-04-03,9288
6667,信紘科,6,0,6,凱基-埔墘,2024-04-03,9288
6782,視陽,6,0,6,凱基-埔墘,2024-04-03,9288
00650L,復華香港正2,5,0,5,凱基-埔墘,2024-04-03,9288
00927,群益半導體收益,5,0,5,凱基-埔墘,2024-04-03,9288
2201,裕隆,5,0,5,凱基-埔墘,2024-04-03,9288
4908,前鼎,9,4,5,凱基-埔墘,2024-04-03,9288
6116,彩晶,5,0,5,凱基-埔墘,2024-04-03,9288
6126,信音,6,1,5,凱基-埔墘,2024-04-03,9288
6789,采鈺,4,0,4,凱基-埔墘,2024-04-03,9288
2367,燿華,4,0,4,凱基-埔墘,2024-04-03,9288
2486,一詮,19,15,4,凱基-埔墘,2024-04-03,9288
1314,中石化,204,0,204,凱基-埔墘,2024-04-08,9288
3017,奇鋐,78,9,69,凱基-埔墘,2024-04-08,9288
2374,佳能,50,1,49,凱基-埔墘,2024-04-08,9288
00637L,元大滬深300正2,36,0,36,凱基-埔墘,2024-04-08,9288
00687B,國泰20年美債,36,0,36,凱基-埔墘,2024-04-08,9288
2520,冠德,31,0,31,凱基-埔墘,2024-04-08,9288
8086,宏捷科,31,0,31,凱基-埔墘,2024-04-08,9288
6548,長科*,30,1,29,凱基-埔墘,2024-04-08,9288
00929,復華台灣科技優息,32,6,26,凱基-埔墘,2024-04-08,9288
00795B,中信美國公債20年,25,0,25,凱基-埔墘,2024-04-08,9288
2365,昆盈,29,4,25,凱基-埔墘,2024-04-08,9288
8222,寶一,25,0,25,凱基-埔墘,2024-04-08,9288
2515,中工,40,16,24,凱基-埔墘,2024-04-08,9288
1605,華新,24,1,23,凱基-埔墘,2024-04-08,9288
3260,威剛,21,0,21,凱基-埔墘,2024-04-08,9288
00680L,元大美債20正2,20,0,20,凱基-埔墘,2024-04-08,9288
2408,南亞科,32,12,20,凱基-埔墘,2024-04-08,9288
6143,振曜,20,0,20,凱基-埔墘,2024-04-08,9288
6234,高僑,20,0,20,凱基-埔墘,2024-04-08,9288
00940,元大台灣價值高息,41,22,19,凱基-埔墘,2024-04-08,9288
8996,高力,79,61,18,凱基-埔墘,2024-04-08,9288
00919,群益台灣精選高息,17,0,17,凱基-埔墘,2024-04-08,9288
00937B,群益ESG投等債20,11,0,11,凱基-埔墘,2024-04-08,9288
2605,新興,11,0,11,凱基-埔墘,2024-04-08,9288
00751B,元大AAA至A公司債,10,0,10,凱基-埔墘,2024-04-08,9288
00665L,富邦�琤肭磪囓�2,17,7,10,凱基-埔墘,2024-04-08,9288
00857B,永豐20年美公債,10,0,10,凱基-埔墘,2024-04-08,9288
1584,精剛,10,0,10,凱基-埔墘,2024-04-08,9288
2324,仁寶,11,2,9,凱基-埔墘,2024-04-08,9288
2371,大同,10,1,9,凱基-埔墘,2024-04-08,9288
2038,海光,11,3,8,凱基-埔墘,2024-04-08,9288
2303,聯電,10,2,8,凱基-埔墘,2024-04-08,9288
2634,漢翔,8,0,8,凱基-埔墘,2024-04-08,9288
4714,永捷,8,0,8,凱基-埔墘,2024-04-08,9288
6015,宏遠證,8,0,8,凱基-埔墘,2024-04-08,9288
4938,和碩,10,2,8,凱基-埔墘,2024-04-08,9288
00939,統一台灣高息動能,8,1,7,凱基-埔墘,2024-04-08,9288
2536,宏普,7,0,7,凱基-埔墘,2024-04-08,9288
8070,長華*,7,0,7,凱基-埔墘,2024-04-08,9288
2313,華通,16,10,6,凱基-埔墘,2024-04-08,9288
00753L,中信中國50正2,7,1,6,凱基-埔墘,2024-04-08,9288
00674R,期元大S＆P黃金反1,6,0,6,凱基-埔墘,2024-04-08,9288
3596,智易,6,0,6,凱基-埔墘,2024-04-08,9288
4973,廣穎,6,0,6,凱基-埔墘,2024-04-08,9288
5426,振發,6,0,6,凱基-埔墘,2024-04-08,9288
8054,安國,11,5,6,凱基-埔墘,2024-04-08,9288
8088,品安,6,0,6,凱基-埔墘,2024-04-08,9288
9902,台火,6,0,6,凱基-埔墘,2024-04-08,9288
6282,康舒,5,0,5,凱基-埔墘,2024-04-08,9288
00632R,元大台灣50反1,8,3,5,凱基-埔墘,2024-04-08,9288
1513,中興電,178,51,127,凱基-埔墘,2024-04-09,9288
00795B,中信美國公債20年,85,1,84,凱基-埔墘,2024-04-09,9288
00929,復華台灣科技優息,63,0,63,凱基-埔墘,2024-04-09,9288
2101,南港,53,0,53,凱基-埔墘,2024-04-09,9288
00687B,國泰20年美債,52,0,52,凱基-埔墘,2024-04-09,9288
8011,台通,50,0,50,凱基-埔墘,2024-04-09,9288
6188,廣明,53,3,50,凱基-埔墘,2024-04-09,9288
1316,上曜,34,0,34,凱基-埔墘,2024-04-09,9288
8155,博智,33,1,32,凱基-埔墘,2024-04-09,9288
912000,晨訊科-DR,31,0,31,凱基-埔墘,2024-04-09,9288
3360,尚立,25,0,25,凱基-埔墘,2024-04-09,9288
4432,銘旺實,25,0,25,凱基-埔墘,2024-04-09,9288
3265,台星科,22,1,21,凱基-埔墘,2024-04-09,9288
8039,台虹,21,0,21,凱基-埔墘,2024-04-09,9288
2421,建準,21,1,20,凱基-埔墘,2024-04-09,9288
9938,百和,20,1,19,凱基-埔墘,2024-04-09,9288
2609,陽明,22,4,18,凱基-埔墘,2024-04-09,9288
6546,正基,17,0,17,凱基-埔墘,2024-04-09,9288
2461,光群雷,15,1,14,凱基-埔墘,2024-04-09,9288
2634,漢翔,30,17,13,凱基-埔墘,2024-04-09,9288
00679B,元大美債20年,13,1,12,凱基-埔墘,2024-04-09,9288
2489,瑞軒,11,0,11,凱基-埔墘,2024-04-09,9288
00931B,統一美債20年,11,0,11,凱基-埔墘,2024-04-09,9288
2402,毅嘉,11,0,11,凱基-埔墘,2024-04-09,9288
00933B,國泰10Y+金融債,10,0,10,凱基-埔墘,2024-04-09,9288
00857B,永豐20年美公債,10,0,10,凱基-埔墘,2024-04-09,9288
00637L,元大滬深300正2,10,0,10,凱基-埔墘,2024-04-09,9288
00688L,國泰20年美債正2,10,0,10,凱基-埔墘,2024-04-09,9288
1603,華電,13,3,10,凱基-埔墘,2024-04-09,9288
2419,仲琦,10,0,10,凱基-埔墘,2024-04-09,9288
2601,益航,10,0,10,凱基-埔墘,2024-04-09,9288
3029,零壹,10,0,10,凱基-埔墘,2024-04-09,9288
4526,東台,10,0,10,凱基-埔墘,2024-04-09,9288
9955,佳龍,10,1,9,凱基-埔墘,2024-04-09,9288
1736,喬山,10,2,8,凱基-埔墘,2024-04-09,9288
2379,瑞昱,8,0,8,凱基-埔墘,2024-04-09,9288
2408,南亞科,8,0,8,凱基-埔墘,2024-04-09,9288
6207,雷科,12,5,7,凱基-埔墘,2024-04-09,9288
2509,全坤建,8,1,7,凱基-埔墘,2024-04-09,9288
6143,振曜,7,0,7,凱基-埔墘,2024-04-09,9288
3037,欣興,10,4,6,凱基-埔墘,2024-04-09,9288
6548,長科*,7,1,6,凱基-埔墘,2024-04-09,9288
00692,富邦公司治理,6,0,6,凱基-埔墘,2024-04-09,9288
00882,中信中國高股息,6,0,6,凱基-埔墘,2024-04-09,9288
2374,佳能,6,0,6,凱基-埔墘,2024-04-09,9288
2486,一詮,9,3,6,凱基-埔墘,2024-04-09,9288
6829,千附精密,6,0,6,凱基-埔墘,2024-04-09,9288
2301,光寶科,5,0,5,凱基-埔墘,2024-04-09,9288
00927,群益半導體收益,5,0,5,凱基-埔墘,2024-04-09,9288
00664R,國泰臺灣加權反1,5,0,5,凱基-埔墘,2024-04-09,9288
00937B,群益ESG投等債20,1161,0,1161,凱基-埔墘,2024-04-10,9288
00929,復華台灣科技優息,270,15,255,凱基-埔墘,2024-04-10,9288
2379,瑞昱,90,0,90,凱基-埔墘,2024-04-10,9288
00857B,永豐20年美公債,40,0,40,凱基-埔墘,2024-04-10,9288
00637L,元大滬深300正2,37,2,35,凱基-埔墘,2024-04-10,9288
3363,上詮,30,0,30,凱基-埔墘,2024-04-10,9288
3489,森寶,29,0,29,凱基-埔墘,2024-04-10,9288
1608,華榮,28,1,27,凱基-埔墘,2024-04-10,9288
2106,建大,26,0,26,凱基-埔墘,2024-04-10,9288
6015,宏遠證,29,3,26,凱基-埔墘,2024-04-10,9288
3715,定穎投控,26,1,25,凱基-埔墘,2024-04-10,9288
2449,京元電子,25,0,25,凱基-埔墘,2024-04-10,9288
3231,緯創,33,13,20,凱基-埔墘,2024-04-10,9288
6016,康和證,17,0,17,凱基-埔墘,2024-04-10,9288
3037,欣興,16,0,16,凱基-埔墘,2024-04-10,9288
2515,中工,16,0,16,凱基-埔墘,2024-04-10,9288
2338,光罩,15,0,15,凱基-埔墘,2024-04-10,9288
5533,皇鼎,15,0,15,凱基-埔墘,2024-04-10,9288
00751B,元大AAA至A公司債,13,0,13,凱基-埔墘,2024-04-10,9288
2330,台積電,14,1,13,凱基-埔墘,2024-04-10,9288
4533,協易機,33,21,12,凱基-埔墘,2024-04-10,9288
6933,AMAX-KY,14,2,12,凱基-埔墘,2024-04-10,9288
2317,鴻海,24,12,12,凱基-埔墘,2024-04-10,9288
6245,立端,11,0,11,凱基-埔墘,2024-04-10,9288
2329,華泰,19,8,11,凱基-埔墘,2024-04-10,9288
6213,聯茂,14,3,11,凱基-埔墘,2024-04-10,9288
6189,豐藝,11,0,11,凱基-埔墘,2024-04-10,9288
6188,廣明,13,2,11,凱基-埔墘,2024-04-10,9288
00687B,國泰20年美債,10,0,10,凱基-埔墘,2024-04-10,9288
1503,士電,15,5,10,凱基-埔墘,2024-04-10,9288
2002,中鋼,10,0,10,凱基-埔墘,2024-04-10,9288
00927,群益半導體收益,10,0,10,凱基-埔墘,2024-04-10,9288
1589,永冠-KY,10,0,10,凱基-埔墘,2024-04-10,9288
2101,南港,10,0,10,凱基-埔墘,2024-04-10,9288
3481,群創,15,5,10,凱基-埔墘,2024-04-10,9288
3686,達能,10,0,10,凱基-埔墘,2024-04-10,9288
5498,凱崴,10,0,10,凱基-埔墘,2024-04-10,9288
6201,亞弘電,10,0,10,凱基-埔墘,2024-04-10,9288
6770,力積電,14,4,10,凱基-埔墘,2024-04-10,9288
1513,中興電,16,6,10,凱基-埔墘,2024-04-10,9288
3217,優群,9,0,9,凱基-埔墘,2024-04-10,9288
2376,技嘉,13,4,9,凱基-埔墘,2024-04-10,9288
2308,台達電,8,0,8,凱基-埔墘,2024-04-10,9288
1316,上曜,12,4,8,凱基-埔墘,2024-04-10,9288
1314,中石化,8,0,8,凱基-埔墘,2024-04-10,9288
1616,億泰,8,0,8,凱基-埔墘,2024-04-10,9288
8112,至上,7,0,7,凱基-埔墘,2024-04-10,9288
2340,台亞,7,0,7,凱基-埔墘,2024-04-10,9288
2888,新光金,7,0,7,凱基-埔墘,2024-04-10,9288
2303,聯電,23,17,6,凱基-埔墘,2024-04-10,9288
2317,鴻海,152,15,137,凱基-埔墘,2024-04-11,9288
2520,冠德,99,2,97,凱基-埔墘,2024-04-11,9288
00679B,元大美債20年,91,0,91,凱基-埔墘,2024-04-11,9288
1532,勤美,71,13,58,凱基-埔墘,2024-04-11,9288
3481,群創,55,0,55,凱基-埔墘,2024-04-11,9288
00688L,國泰20年美債正2,98,50,48,凱基-埔墘,2024-04-11,9288
3576,聯合再生,61,17,44,凱基-埔墘,2024-04-11,9288
2605,新興,32,0,32,凱基-埔墘,2024-04-11,9288
00637L,元大滬深300正2,34,4,30,凱基-埔墘,2024-04-11,9288
6742,澤米,30,0,30,凱基-埔墘,2024-04-11,9288
8088,品安,30,0,30,凱基-埔墘,2024-04-11,9288
00929,復華台灣科技優息,26,0,26,凱基-埔墘,2024-04-11,9288
00940,元大台灣價值高息,28,2,26,凱基-埔墘,2024-04-11,9288
3036,文曄,31,6,25,凱基-埔墘,2024-04-11,9288
00665L,富邦�琤肭磪囓�2,25,0,25,凱基-埔墘,2024-04-11,9288
2344,華邦電,21,0,21,凱基-埔墘,2024-04-11,9288
00632R,元大台灣50反1,20,0,20,凱基-埔墘,2024-04-11,9288
00795B,中信美國公債20年,20,0,20,凱基-埔墘,2024-04-11,9288
3645,達邁,20,0,20,凱基-埔墘,2024-04-11,9288
2888,新光金,22,3,19,凱基-埔墘,2024-04-11,9288
1584,精剛,21,3,18,凱基-埔墘,2024-04-11,9288
00937B,群益ESG投等債20,16,0,16,凱基-埔墘,2024-04-11,9288
1605,華新,20,4,16,凱基-埔墘,2024-04-11,9288
00919,群益台灣精選高息,14,0,14,凱基-埔墘,2024-04-11,9288
2312,金寶,14,0,14,凱基-埔墘,2024-04-11,9288
1604,聲寶,12,0,12,凱基-埔墘,2024-04-11,9288
2883,凱基金,12,0,12,凱基-埔墘,2024-04-11,9288
1517,利奇,11,0,11,凱基-埔墘,2024-04-11,9288
5324,士開,11,0,11,凱基-埔墘,2024-04-11,9288
0056,元大高股息,11,0,11,凱基-埔墘,2024-04-11,9288
3706,神達,11,1,10,凱基-埔墘,2024-04-11,9288
3363,上詮,15,5,10,凱基-埔墘,2024-04-11,9288
2014,中鴻,10,0,10,凱基-埔墘,2024-04-11,9288
1305,華夏,10,0,10,凱基-埔墘,2024-04-11,9288
1314,中石化,13,3,10,凱基-埔墘,2024-04-11,9288
1815,富喬,10,0,10,凱基-埔墘,2024-04-11,9288
2601,益航,10,0,10,凱基-埔墘,2024-04-11,9288
2887,台新金,10,0,10,凱基-埔墘,2024-04-11,9288
2891,中信金,10,0,10,凱基-埔墘,2024-04-11,9288
3033,威健,10,0,10,凱基-埔墘,2024-04-11,9288
5230,雷笛克光學,10,0,10,凱基-埔墘,2024-04-11,9288
2303,聯電,12,2,10,凱基-埔墘,2024-04-11,9288
00687B,國泰20年美債,29,20,9,凱基-埔墘,2024-04-11,9288
2449,京元電子,9,0,9,凱基-埔墘,2024-04-11,9288
3211,順達,9,0,9,凱基-埔墘,2024-04-11,9288
2330,台積電,9,1,8,凱基-埔墘,2024-04-11,9288
6770,力積電,8,0,8,凱基-埔墘,2024-04-11,9288
00673R,期元大S＆P原油反1,8,0,8,凱基-埔墘,2024-04-11,9288
1603,華電,13,5,8,凱基-埔墘,2024-04-11,9288
4533,協易機,23,16,7,凱基-埔墘,2024-04-11,9288
2340,台亞,67,2,65,凱基-埔墘,2024-04-12,9288
00929,復華台灣科技優息,66,5,61,凱基-埔墘,2024-04-12,9288
00679B,元大美債20年,54,0,54,凱基-埔墘,2024-04-12,9288
2610,華航,51,0,51,凱基-埔墘,2024-04-12,9288
00687B,國泰20年美債,45,0,45,凱基-埔墘,2024-04-12,9288
8105,凌巨,45,0,45,凱基-埔墘,2024-04-12,9288
2618,長榮航,31,0,31,凱基-埔墘,2024-04-12,9288
2344,華邦電,28,0,28,凱基-埔墘,2024-04-12,9288
1795,美時,30,7,23,凱基-埔墘,2024-04-12,9288
00940,元大台灣價值高息,59,38,21,凱基-埔墘,2024-04-12,9288
5443,均豪,21,0,21,凱基-埔墘,2024-04-12,9288
2303,聯電,20,3,17,凱基-埔墘,2024-04-12,9288
6414,樺漢,20,4,16,凱基-埔墘,2024-04-12,9288
2486,一詮,20,4,16,凱基-埔墘,2024-04-12,9288
2101,南港,24,10,14,凱基-埔墘,2024-04-12,9288
2406,國碩,15,1,14,凱基-埔墘,2024-04-12,9288
00680L,元大美債20正2,13,0,13,凱基-埔墘,2024-04-12,9288
1605,華新,15,2,13,凱基-埔墘,2024-04-12,9288
00720B,元大投資級公司債,12,0,12,凱基-埔墘,2024-04-12,9288
2883,凱基金,11,0,11,凱基-埔墘,2024-04-12,9288
2009,第一銅,15,4,11,凱基-埔墘,2024-04-12,9288
2888,新光金,11,0,11,凱基-埔墘,2024-04-12,9288
2892,第一金,11,0,11,凱基-埔墘,2024-04-12,9288
00795B,中信美國公債20年,10,0,10,凱基-埔墘,2024-04-12,9288
2537,聯上發,10,0,10,凱基-埔墘,2024-04-12,9288
3006,晶豪科,11,1,10,凱基-埔墘,2024-04-12,9288
3178,公準,11,2,9,凱基-埔墘,2024-04-12,9288
6234,高僑,9,0,9,凱基-埔墘,2024-04-12,9288
8442,威宏-KY,9,0,9,凱基-埔墘,2024-04-12,9288
6223,旺矽,14,6,8,凱基-埔墘,2024-04-12,9288
6284,佳邦,13,5,8,凱基-埔墘,2024-04-12,9288
3712,永崴投控,11,3,8,凱基-埔墘,2024-04-12,9288
2330,台積電,9,2,7,凱基-埔墘,2024-04-12,9288
6235,華孚,8,1,7,凱基-埔墘,2024-04-12,9288
8033,雷虎,7,0,7,凱基-埔墘,2024-04-12,9288
8112,至上,11,4,7,凱基-埔墘,2024-04-12,9288
3363,上詮,6,0,6,凱基-埔墘,2024-04-12,9288
00710B,復華彭博非投等債,6,0,6,凱基-埔墘,2024-04-12,9288
1308,亞聚,6,0,6,凱基-埔墘,2024-04-12,9288
00933B,國泰10Y+金融債,6,0,6,凱基-埔墘,2024-04-12,9288
2312,金寶,6,0,6,凱基-埔墘,2024-04-12,9288
2501,國建,7,1,6,凱基-埔墘,2024-04-12,9288
2547,日勝生,6,0,6,凱基-埔墘,2024-04-12,9288
3030,德律,6,0,6,凱基-埔墘,2024-04-12,9288
1513,中興電,26,20,6,凱基-埔墘,2024-04-12,9288
2363,矽統,50,45,5,凱基-埔墘,2024-04-12,9288
2014,中鴻,6,1,5,凱基-埔墘,2024-04-12,9288
00939,統一台灣高息動能,5,0,5,凱基-埔墘,2024-04-12,9288
1339,昭輝,5,0,5,凱基-埔墘,2024-04-12,9288
1584,精剛,10,5,5,凱基-埔墘,2024-04-12,9288
00929,復華台灣科技優息,88,4,84,凱基-埔墘,2024-04-15,9288
00753L,中信中國50正2,64,7,57,凱基-埔墘,2024-04-15,9288
2834,臺企銀,50,0,50,凱基-埔墘,2024-04-15,9288
5230,雷笛克光學,50,0,50,凱基-埔墘,2024-04-15,9288
1101,台泥,50,1,49,凱基-埔墘,2024-04-15,9288
2317,鴻海,51,5,46,凱基-埔墘,2024-04-15,9288
00940,元大台灣價值高息,40,0,40,凱基-埔墘,2024-04-15,9288
2101,南港,37,4,33,凱基-埔墘,2024-04-15,9288
2610,華航,31,0,31,凱基-埔墘,2024-04-15,9288
6223,旺矽,30,0,30,凱基-埔墘,2024-04-15,9288
00937B,群益ESG投等債20,30,0,30,凱基-埔墘,2024-04-15,9288
2618,長榮航,31,1,30,凱基-埔墘,2024-04-15,9288
0056,元大高股息,23,0,23,凱基-埔墘,2024-04-15,9288
2330,台積電,23,0,23,凱基-埔墘,2024-04-15,9288
2409,友達,20,0,20,凱基-埔墘,2024-04-15,9288
1605,華新,25,6,19,凱基-埔墘,2024-04-15,9288
1608,華榮,32,14,18,凱基-埔墘,2024-04-15,9288
2356,英業達,17,0,17,凱基-埔墘,2024-04-15,9288
2002,中鋼,17,0,17,凱基-埔墘,2024-04-15,9288
6188,廣明,17,0,17,凱基-埔墘,2024-04-15,9288
00733,富邦臺灣中小,16,0,16,凱基-埔墘,2024-04-15,9288
2401,凌陽,15,0,15,凱基-埔墘,2024-04-15,9288
2371,大同,38,24,14,凱基-埔墘,2024-04-15,9288
1532,勤美,14,0,14,凱基-埔墘,2024-04-15,9288
00927,群益半導體收益,13,0,13,凱基-埔墘,2024-04-15,9288
5371,中光電,14,1,13,凱基-埔墘,2024-04-15,9288
9945,潤泰新,15,2,13,凱基-埔墘,2024-04-15,9288
006208,富邦台50,10,0,10,凱基-埔墘,2024-04-15,9288
00941,中信上游半導體,10,0,10,凱基-埔墘,2024-04-15,9288
00931B,統一美債20年,10,0,10,凱基-埔墘,2024-04-15,9288
3563,牧德,10,0,10,凱基-埔墘,2024-04-15,9288
4956,光鋐,10,0,10,凱基-埔墘,2024-04-15,9288
8085,福華,10,0,10,凱基-埔墘,2024-04-15,9288
2402,毅嘉,10,0,10,凱基-埔墘,2024-04-15,9288
00939,統一台灣高息動能,10,0,10,凱基-埔墘,2024-04-15,9288
00650L,復華香港正2,9,0,9,凱基-埔墘,2024-04-15,9288
2353,宏��,10,1,9,凱基-埔墘,2024-04-15,9288
2367,燿華,45,36,9,凱基-埔墘,2024-04-15,9288
2855,統一證,10,1,9,凱基-埔墘,2024-04-15,9288
8183,精星,9,0,9,凱基-埔墘,2024-04-15,9288
2363,矽統,9,0,9,凱基-埔墘,2024-04-15,9288
00919,群益台灣精選高息,9,0,9,凱基-埔墘,2024-04-15,9288
2331,精英,8,0,8,凱基-埔墘,2024-04-15,9288
3312,弘憶股,12,4,8,凱基-埔墘,2024-04-15,9288
00878,國泰永續高股息,12,4,8,凱基-埔墘,2024-04-15,9288
1795,美時,11,4,7,凱基-埔墘,2024-04-15,9288
2543,皇昌,8,1,7,凱基-埔墘,2024-04-15,9288
2388,威盛,12,5,7,凱基-埔墘,2024-04-15,9288
5410,國眾,7,0,7,凱基-埔墘,2024-04-15,9288
6005,群益證,7,0,7,凱基-埔墘,2024-04-15,9288
00937B,群益ESG投等債20,315,0,315,凱基-埔墘,2024-04-16,9288
00940,元大台灣價值高息,231,0,231,凱基-埔墘,2024-04-16,9288
00939,統一台灣高息動能,76,0,76,凱基-埔墘,2024-04-16,9288
00929,復華台灣科技優息,69,0,69,凱基-埔墘,2024-04-16,9288
00919,群益台灣精選高息,113,61,52,凱基-埔墘,2024-04-16,9288
00885,富邦越南,55,4,51,凱基-埔墘,2024-04-16,9288
00679B,元大美債20年,40,0,40,凱基-埔墘,2024-04-16,9288
6223,旺矽,36,6,30,凱基-埔墘,2024-04-16,9288
2537,聯上發,29,2,27,凱基-埔墘,2024-04-16,9288
6015,宏遠證,26,0,26,凱基-埔墘,2024-04-16,9288
6443,元晶,25,0,25,凱基-埔墘,2024-04-16,9288
00680L,元大美債20正2,26,5,21,凱基-埔墘,2024-04-16,9288
2025,千興,20,0,20,凱基-埔墘,2024-04-16,9288
3231,緯創,23,3,20,凱基-埔墘,2024-04-16,9288
2610,華航,21,2,19,凱基-埔墘,2024-04-16,9288
9934,成霖,26,7,19,凱基-埔墘,2024-04-16,9288
3017,奇鋐,23,5,18,凱基-埔墘,2024-04-16,9288
8454,富邦媒,20,2,18,凱基-埔墘,2024-04-16,9288
1101,台泥,29,12,17,凱基-埔墘,2024-04-16,9288
2615,萬海,17,0,17,凱基-埔墘,2024-04-16,9288
2637,慧洋-KY,20,3,17,凱基-埔墘,2024-04-16,9288
2888,新光金,17,0,17,凱基-埔墘,2024-04-16,9288
6770,力積電,16,0,16,凱基-埔墘,2024-04-16,9288
5309,系統電,15,0,15,凱基-埔墘,2024-04-16,9288
2834,臺企銀,14,0,14,凱基-埔墘,2024-04-16,9288
2312,金寶,14,0,14,凱基-埔墘,2024-04-16,9288
8442,威宏-KY,13,0,13,凱基-埔墘,2024-04-16,9288
6290,良維,15,3,12,凱基-埔墘,2024-04-16,9288
0056,元大高股息,55,43,12,凱基-埔墘,2024-04-16,9288
1504,東元,13,2,11,凱基-埔墘,2024-04-16,9288
2883,凱基金,12,2,10,凱基-埔墘,2024-04-16,9288
2618,長榮航,10,0,10,凱基-埔墘,2024-04-16,9288
2892,第一金,10,0,10,凱基-埔墘,2024-04-16,9288
2347,聯強,10,0,10,凱基-埔墘,2024-04-16,9288
2906,高林,10,0,10,凱基-埔墘,2024-04-16,9288
3260,威剛,15,5,10,凱基-埔墘,2024-04-16,9288
3527,聚積,10,0,10,凱基-埔墘,2024-04-16,9288
5498,凱崴,10,0,10,凱基-埔墘,2024-04-16,9288
8034,榮群,10,0,10,凱基-埔墘,2024-04-16,9288
9904,寶成,10,0,10,凱基-埔墘,2024-04-16,9288
1612,宏泰,9,0,9,凱基-埔墘,2024-04-16,9288
6125,廣運,9,0,9,凱基-埔墘,2024-04-16,9288
6605,帝寶,9,0,9,凱基-埔墘,2024-04-16,9288
2356,英業達,11,3,8,凱基-埔墘,2024-04-16,9288
2329,華泰,9,1,8,凱基-埔墘,2024-04-16,9288
00933B,國泰10Y+金融債,8,0,8,凱基-埔墘,2024-04-16,9288
00687B,國泰20年美債,8,0,8,凱基-埔墘,2024-04-16,9288
2009,第一銅,14,6,8,凱基-埔墘,2024-04-16,9288
2367,燿華,33,25,8,凱基-埔墘,2024-04-16,9288
4938,和碩,10,2,8,凱基-埔墘,2024-04-16,9288
00937B,群益ESG投等債20,80,0,80,凱基-埔墘,2024-04-17,9288
3017,奇鋐,64,3,61,凱基-埔墘,2024-04-17,9288
2855,統一證,47,8,39,凱基-埔墘,2024-04-17,9288
00919,群益台灣精選高息,32,2,30,凱基-埔墘,2024-04-17,9288
1532,勤美,31,1,30,凱基-埔墘,2024-04-17,9288
1810,和成,38,8,30,凱基-埔墘,2024-04-17,9288
2313,華通,32,2,30,凱基-埔墘,2024-04-17,9288
8222,寶一,35,5,30,凱基-埔墘,2024-04-17,9288
00632R,元大台灣50反1,25,0,25,凱基-埔墘,2024-04-17,9288
3231,緯創,33,10,23,凱基-埔墘,2024-04-17,9288
00939,統一台灣高息動能,22,0,22,凱基-埔墘,2024-04-17,9288
2367,燿華,28,6,22,凱基-埔墘,2024-04-17,9288
3027,盛達,40,19,21,凱基-埔墘,2024-04-17,9288
00679B,元大美債20年,20,0,20,凱基-埔墘,2024-04-17,9288
1539,巨庭,20,0,20,凱基-埔墘,2024-04-17,9288
0056,元大高股息,19,1,18,凱基-埔墘,2024-04-17,9288
00720B,元大投資級公司債,20,5,15,凱基-埔墘,2024-04-17,9288
5381,合正,15,0,15,凱基-埔墘,2024-04-17,9288
5371,中光電,14,1,13,凱基-埔墘,2024-04-17,9288
00885,富邦越南,12,0,12,凱基-埔墘,2024-04-17,9288
00857B,永豐20年美公債,12,0,12,凱基-埔墘,2024-04-17,9288
00795B,中信美國公債20年,12,0,12,凱基-埔墘,2024-04-17,9288
00665L,富邦�琤肭磪囓�2,12,0,12,凱基-埔墘,2024-04-17,9288
1101,台泥,12,0,12,凱基-埔墘,2024-04-17,9288
1605,華新,55,43,12,凱基-埔墘,2024-04-17,9288
2408,南亞科,12,1,11,凱基-埔墘,2024-04-17,9288
2382,廣達,14,4,10,凱基-埔墘,2024-04-17,9288
00927,群益半導體收益,10,0,10,凱基-埔墘,2024-04-17,9288
00712,復華富時不動產,10,0,10,凱基-埔墘,2024-04-17,9288
2014,中鴻,10,0,10,凱基-埔墘,2024-04-17,9288
5309,系統電,10,0,10,凱基-埔墘,2024-04-17,9288
6770,力積電,9,0,9,凱基-埔墘,2024-04-17,9288
00687B,國泰20年美債,13,5,8,凱基-埔墘,2024-04-17,9288
1584,精剛,9,1,8,凱基-埔墘,2024-04-17,9288
2353,宏��,8,0,8,凱基-埔墘,2024-04-17,9288
2344,華邦電,22,15,7,凱基-埔墘,2024-04-17,9288
9938,百和,7,0,7,凱基-埔墘,2024-04-17,9288
2409,友達,10,4,6,凱基-埔墘,2024-04-17,9288
2454,聯發科,6,0,6,凱基-埔墘,2024-04-17,9288
2331,精英,6,0,6,凱基-埔墘,2024-04-17,9288
3033,威健,6,0,6,凱基-埔墘,2024-04-17,9288
3312,弘憶股,7,1,6,凱基-埔墘,2024-04-17,9288
2303,聯電,5,0,5,凱基-埔墘,2024-04-17,9288
2363,矽統,35,30,5,凱基-埔墘,2024-04-17,9288
2383,台光電,5,0,5,凱基-埔墘,2024-04-17,9288
2376,技嘉,8,3,5,凱基-埔墘,2024-04-17,9288
2606,裕民,5,0,5,凱基-埔墘,2024-04-17,9288
3481,群創,5,0,5,凱基-埔墘,2024-04-17,9288
5452,佶優,5,0,5,凱基-埔墘,2024-04-17,9288
6120,達運,5,0,5,凱基-埔墘,2024-04-17,9288
00937B,群益ESG投等債20,368,0,368,凱基-埔墘,2024-04-18,9288
2855,統一證,172,0,172,凱基-埔墘,2024-04-18,9288
00878,國泰永續高股息,165,2,163,凱基-埔墘,2024-04-18,9288
2511,太子,103,5,98,凱基-埔墘,2024-04-18,9288
00929,復華台灣科技優息,54,0,54,凱基-埔墘,2024-04-18,9288
3481,群創,41,2,39,凱基-埔墘,2024-04-18,9288
2101,南港,35,1,34,凱基-埔墘,2024-04-18,9288
4533,協易機,31,1,30,凱基-埔墘,2024-04-18,9288
3583,辛耘,32,2,30,凱基-埔墘,2024-04-18,9288
00939,統一台灣高息動能,27,0,27,凱基-埔墘,2024-04-18,9288
3707,漢磊,35,11,24,凱基-埔墘,2024-04-18,9288
6219,富旺,26,2,24,凱基-埔墘,2024-04-18,9288
3017,奇鋐,27,7,20,凱基-埔墘,2024-04-18,9288
3491,昇達科,21,1,20,凱基-埔墘,2024-04-18,9288
1532,勤美,19,0,19,凱基-埔墘,2024-04-18,9288
00733,富邦臺灣中小,19,0,19,凱基-埔墘,2024-04-18,9288
8112,至上,20,4,16,凱基-埔墘,2024-04-18,9288
00919,群益台灣精選高息,22,7,15,凱基-埔墘,2024-04-18,9288
1785,光洋科,15,0,15,凱基-埔墘,2024-04-18,9288
006208,富邦台50,13,0,13,凱基-埔墘,2024-04-18,9288
2371,大同,57,45,12,凱基-埔墘,2024-04-18,9288
00688L,國泰20年美債正2,11,0,11,凱基-埔墘,2024-04-18,9288
3289,宜特,11,0,11,凱基-埔墘,2024-04-18,9288
1905,華紙,10,0,10,凱基-埔墘,2024-04-18,9288
2601,益航,10,0,10,凱基-埔墘,2024-04-18,9288
3032,偉訓,10,0,10,凱基-埔墘,2024-04-18,9288
3062,建漢,10,0,10,凱基-埔墘,2024-04-18,9288
3673,TPK-KY,10,0,10,凱基-埔墘,2024-04-18,9288
5531,鄉林,10,0,10,凱基-埔墘,2024-04-18,9288
6005,群益證,10,0,10,凱基-埔墘,2024-04-18,9288
4746,台耀,8,0,8,凱基-埔墘,2024-04-18,9288
2352,佳世達,7,0,7,凱基-埔墘,2024-04-18,9288
1612,宏泰,7,0,7,凱基-埔墘,2024-04-18,9288
3178,公準,7,0,7,凱基-埔墘,2024-04-18,9288
8064,東捷,7,0,7,凱基-埔墘,2024-04-18,9288
8147,正淩,7,0,7,凱基-埔墘,2024-04-18,9288
1504,東元,14,7,7,凱基-埔墘,2024-04-18,9288
00940,元大台灣價值高息,41,35,6,凱基-埔墘,2024-04-18,9288
2374,佳能,8,2,6,凱基-埔墘,2024-04-18,9288
2897,王道銀行,11,5,6,凱基-埔墘,2024-04-18,9288
6788,華景電,6,0,6,凱基-埔墘,2024-04-18,9288
3711,日月光投控,5,0,5,凱基-埔墘,2024-04-18,9288
1227,佳格,5,0,5,凱基-埔墘,2024-04-18,9288
1108,幸福,5,0,5,凱基-埔墘,2024-04-18,9288
00679B,元大美債20年,5,0,5,凱基-埔墘,2024-04-18,9288
1536,和大,5,0,5,凱基-埔墘,2024-04-18,9288
2610,華航,6,1,5,凱基-埔墘,2024-04-18,9288
2867,三商壽,25,20,5,凱基-埔墘,2024-04-18,9288
3712,永崴投控,5,0,5,凱基-埔墘,2024-04-18,9288
4142,國光生,5,0,5,凱基-埔墘,2024-04-18,9288
2371,大同,775,67,708,凱基-埔墘,2024-04-19,9288
0056,元大高股息,298,1,297,凱基-埔墘,2024-04-19,9288
00940,元大台灣價值高息,146,3,143,凱基-埔墘,2024-04-19,9288
00751B,元大AAA至A公司債,88,0,88,凱基-埔墘,2024-04-19,9288
2515,中工,135,47,88,凱基-埔墘,2024-04-19,9288
00929,復華台灣科技優息,79,4,75,凱基-埔墘,2024-04-19,9288
2547,日勝生,64,0,64,凱基-埔墘,2024-04-19,9288
00919,群益台灣精選高息,67,19,48,凱基-埔墘,2024-04-19,9288
00637L,元大滬深300正2,46,0,46,凱基-埔墘,2024-04-19,9288
00878,國泰永續高股息,42,2,40,凱基-埔墘,2024-04-19,9288
00941,中信上游半導體,36,0,36,凱基-埔墘,2024-04-19,9288
2009,第一銅,35,1,34,凱基-埔墘,2024-04-19,9288
2637,慧洋-KY,78,44,34,凱基-埔墘,2024-04-19,9288
2520,冠德,63,33,30,凱基-埔墘,2024-04-19,9288
2330,台積電,35,5,30,凱基-埔墘,2024-04-19,9288
0050,元大台灣50,29,1,28,凱基-埔墘,2024-04-19,9288
5512,力麒,33,7,26,凱基-埔墘,2024-04-19,9288
4533,協易機,21,0,21,凱基-埔墘,2024-04-19,9288
5443,均豪,25,5,20,凱基-埔墘,2024-04-19,9288
5222,全訊,20,1,19,凱基-埔墘,2024-04-19,9288
3033,威健,24,6,18,凱基-埔墘,2024-04-19,9288
3260,威剛,17,0,17,凱基-埔墘,2024-04-19,9288
8473,山林水,17,0,17,凱基-埔墘,2024-04-19,9288
1603,華電,30,14,16,凱基-埔墘,2024-04-19,9288
2303,聯電,22,7,15,凱基-埔墘,2024-04-19,9288
00893,國泰智能電動車,21,6,15,凱基-埔墘,2024-04-19,9288
1539,巨庭,15,0,15,凱基-埔墘,2024-04-19,9288
1608,華榮,37,23,14,凱基-埔墘,2024-04-19,9288
2317,鴻海,22,8,14,凱基-埔墘,2024-04-19,9288
2101,南港,35,22,13,凱基-埔墘,2024-04-19,9288
6244,茂迪,14,1,13,凱基-埔墘,2024-04-19,9288
00885,富邦越南,12,0,12,凱基-埔墘,2024-04-19,9288
00881,國泰台灣5G+,12,0,12,凱基-埔墘,2024-04-19,9288
3356,奇偶,12,0,12,凱基-埔墘,2024-04-19,9288
8089,康全電訊,14,2,12,凱基-埔墘,2024-04-19,9288
8926,台汽電,12,0,12,凱基-埔墘,2024-04-19,9288
9955,佳龍,17,5,12,凱基-埔墘,2024-04-19,9288
1532,勤美,11,0,11,凱基-埔墘,2024-04-19,9288
3481,群創,11,0,11,凱基-埔墘,2024-04-19,9288
1609,大亞,89,79,10,凱基-埔墘,2024-04-19,9288
2014,中鴻,10,0,10,凱基-埔墘,2024-04-19,9288
2888,新光金,11,1,10,凱基-埔墘,2024-04-19,9288
3032,偉訓,10,0,10,凱基-埔墘,2024-04-19,9288
1227,佳格,9,0,9,凱基-埔墘,2024-04-19,9288
006208,富邦台50,8,0,8,凱基-埔墘,2024-04-19,9288
2409,友達,8,0,8,凱基-埔墘,2024-04-19,9288
8027,鈦昇,10,2,8,凱基-埔墘,2024-04-19,9288
1785,光洋科,9,1,8,凱基-埔墘,2024-04-19,9288
00679B,元大美債20年,10,2,8,凱基-埔墘,2024-04-19,9288
1326,台化,7,0,7,凱基-埔墘,2024-04-19,9288
00878,國泰永續高股息,93,1,92,凱基-埔墘,2024-04-22,9288
2344,華邦電,74,0,74,凱基-埔墘,2024-04-22,9288
00929,復華台灣科技優息,72,0,72,凱基-埔墘,2024-04-22,9288
00712,復華富時不動產,53,0,53,凱基-埔墘,2024-04-22,9288
6125,廣運,73,23,50,凱基-埔墘,2024-04-22,9288
2536,宏普,50,2,48,凱基-埔墘,2024-04-22,9288
00882,中信中國高股息,40,0,40,凱基-埔墘,2024-04-22,9288
00939,統一台灣高息動能,37,0,37,凱基-埔墘,2024-04-22,9288
00937B,群益ESG投等債20,28,0,28,凱基-埔墘,2024-04-22,9288
3033,威健,32,4,28,凱基-埔墘,2024-04-22,9288
00632R,元大台灣50反1,27,0,27,凱基-埔墘,2024-04-22,9288
1609,大亞,28,2,26,凱基-埔墘,2024-04-22,9288
00715L,期街口布蘭特正2,25,2,23,凱基-埔墘,2024-04-22,9288
4513,福裕,24,1,23,凱基-埔墘,2024-04-22,9288
3260,威剛,22,0,22,凱基-埔墘,2024-04-22,9288
6219,富旺,21,0,21,凱基-埔墘,2024-04-22,9288
2379,瑞昱,20,0,20,凱基-埔墘,2024-04-22,9288
1474,弘裕,19,0,19,凱基-埔墘,2024-04-22,9288
2609,陽明,25,10,15,凱基-埔墘,2024-04-22,9288
2543,皇昌,32,18,14,凱基-埔墘,2024-04-22,9288
0056,元大高股息,12,0,12,凱基-埔墘,2024-04-22,9288
2634,漢翔,30,18,12,凱基-埔墘,2024-04-22,9288
2753,八方雲集,12,0,12,凱基-埔墘,2024-04-22,9288
3703,欣陸,65,54,11,凱基-埔墘,2024-04-22,9288
00919,群益台灣精選高息,20,10,10,凱基-埔墘,2024-04-22,9288
00687B,國泰20年美債,10,0,10,凱基-埔墘,2024-04-22,9288
1785,光洋科,10,0,10,凱基-埔墘,2024-04-22,9288
2014,中鴻,10,0,10,凱基-埔墘,2024-04-22,9288
5531,鄉林,11,1,10,凱基-埔墘,2024-04-22,9288
1314,中石化,10,1,9,凱基-埔墘,2024-04-22,9288
2406,國碩,10,1,9,凱基-埔墘,2024-04-22,9288
2324,仁寶,8,0,8,凱基-埔墘,2024-04-22,9288
2409,友達,11,3,8,凱基-埔墘,2024-04-22,9288
00679B,元大美債20年,10,2,8,凱基-埔墘,2024-04-22,9288
2367,燿華,7,0,7,凱基-埔墘,2024-04-22,9288
3015,全漢,15,8,7,凱基-埔墘,2024-04-22,9288
3680,家登,7,0,7,凱基-埔墘,2024-04-22,9288
3481,群創,6,0,6,凱基-埔墘,2024-04-22,9288
1603,華電,12,6,6,凱基-埔墘,2024-04-22,9288
2329,華泰,8,2,6,凱基-埔墘,2024-04-22,9288
006208,富邦台50,5,0,5,凱基-埔墘,2024-04-22,9288
00642U,期元大S＆P石油,5,0,5,凱基-埔墘,2024-04-22,9288
1909,榮成,5,0,5,凱基-埔墘,2024-04-22,9288
2208,台船,5,0,5,凱基-埔墘,2024-04-22,9288
2401,凌陽,5,0,5,凱基-埔墘,2024-04-22,9288
3062,建漢,5,0,5,凱基-埔墘,2024-04-22,9288
3491,昇達科,5,0,5,凱基-埔墘,2024-04-22,9288
4533,協易機,5,0,5,凱基-埔墘,2024-04-22,9288
1608,華榮,5,0,5,凱基-埔墘,2024-04-22,9288
0050,元大台灣50,4,0,4,凱基-埔墘,2024-04-22,9288
3481,群創,2503,5,2498,凱基-埔墘,2024-04-23,9288
00942B,台新美A公司債20+,100,40,60,凱基-埔墘,2024-04-23,9288
00919,群益台灣精選高息,20,0,20,凱基-埔墘,2024-04-23,9288
1455,集盛,20,0,20,凱基-埔墘,2024-04-23,9288
00637L,元大滬深300正2,20,4,16,凱基-埔墘,2024-04-23,9288
2543,皇昌,25,9,16,凱基-埔墘,2024-04-23,9288
1457,宜進,15,0,15,凱基-埔墘,2024-04-23,9288
2344,華邦電,15,0,15,凱基-埔墘,2024-04-23,9288
4174,浩鼎,15,0,15,凱基-埔墘,2024-04-23,9288
8936,國統,20,5,15,凱基-埔墘,2024-04-23,9288
00940,元大台灣價值高息,14,1,13,凱基-埔墘,2024-04-23,9288
8222,寶一,13,0,13,凱基-埔墘,2024-04-23,9288
2301,光寶科,13,1,12,凱基-埔墘,2024-04-23,9288
00939,統一台灣高息動能,11,0,11,凱基-埔墘,2024-04-23,9288
00902,中信電池及儲能,10,0,10,凱基-埔墘,2024-04-23,9288
2406,國碩,10,0,10,凱基-埔墘,2024-04-23,9288
3017,奇鋐,12,2,10,凱基-埔墘,2024-04-23,9288
3037,欣興,10,0,10,凱基-埔墘,2024-04-23,9288
4561,健椿,10,0,10,凱基-埔墘,2024-04-23,9288
1227,佳格,9,0,9,凱基-埔墘,2024-04-23,9288
6125,廣運,21,12,9,凱基-埔墘,2024-04-23,9288
6219,富旺,10,1,9,凱基-埔墘,2024-04-23,9288
3231,緯創,15,7,8,凱基-埔墘,2024-04-23,9288
0056,元大高股息,9,2,7,凱基-埔墘,2024-04-23,9288
1440,南紡,12,5,7,凱基-埔墘,2024-04-23,9288
1603,華電,7,0,7,凱基-埔墘,2024-04-23,9288
1609,大亞,22,15,7,凱基-埔墘,2024-04-23,9288
2371,大同,17,10,7,凱基-埔墘,2024-04-23,9288
1474,弘裕,5,0,5,凱基-埔墘,2024-04-23,9288
00680L,元大美債20正2,5,0,5,凱基-埔墘,2024-04-23,9288
1785,光洋科,5,0,5,凱基-埔墘,2024-04-23,9288
2208,台船,5,0,5,凱基-埔墘,2024-04-23,9288
2834,臺企銀,10,5,5,凱基-埔墘,2024-04-23,9288
2913,農林,5,0,5,凱基-埔墘,2024-04-23,9288
5521,工信,6,1,5,凱基-埔墘,2024-04-23,9288
6005,群益證,7,2,5,凱基-埔墘,2024-04-23,9288
6805,富世達,5,0,5,凱基-埔墘,2024-04-23,9288
6869,雲豹能源,5,0,5,凱基-埔墘,2024-04-23,9288
9955,佳龍,5,0,5,凱基-埔墘,2024-04-23,9288
3715,定穎投控,4,0,4,凱基-埔墘,2024-04-23,9288
6244,茂迪,4,0,4,凱基-埔墘,2024-04-23,9288
2303,聯電,4,0,4,凱基-埔墘,2024-04-23,9288
2489,瑞軒,54,50,4,凱基-埔墘,2024-04-23,9288
2501,國建,8,4,4,凱基-埔墘,2024-04-23,9288
2509,全坤建,7,3,4,凱基-埔墘,2024-04-23,9288
2736,富野,5,1,4,凱基-埔墘,2024-04-23,9288
2809,京城銀,4,0,4,凱基-埔墘,2024-04-23,9288
8096,擎亞,4,0,4,凱基-埔墘,2024-04-23,9288
00773B,中信優先金融債,3,0,3,凱基-埔墘,2024-04-23,9288
1102,亞泥,3,0,3,凱基-埔墘,2024-04-23,9288
1455,集盛,196,0,196,凱基-埔墘,2024-04-24,9288
00679B,元大美債20年,106,0,106,凱基-埔墘,2024-04-24,9288
2634,漢翔,62,1,61,凱基-埔墘,2024-04-24,9288
4967,十銓,56,0,56,凱基-埔墘,2024-04-24,9288
2344,華邦電,57,15,42,凱基-埔墘,2024-04-24,9288
2855,統一證,41,0,41,凱基-埔墘,2024-04-24,9288
00940,元大台灣價值高息,49,14,35,凱基-埔墘,2024-04-24,9288
1220,台榮,31,0,31,凱基-埔墘,2024-04-24,9288
5443,均豪,22,1,21,凱基-埔墘,2024-04-24,9288
2374,佳能,32,12,20,凱基-埔墘,2024-04-24,9288
2883,凱基金,20,1,19,凱基-埔墘,2024-04-24,9288
00939,統一台灣高息動能,18,2,16,凱基-埔墘,2024-04-24,9288
3357,臺慶科,15,0,15,凱基-埔墘,2024-04-24,9288
2637,慧洋-KY,26,12,14,凱基-埔墘,2024-04-24,9288
00687B,國泰20年美債,13,0,13,凱基-埔墘,2024-04-24,9288
2363,矽統,26,13,13,凱基-埔墘,2024-04-24,9288
2388,威盛,12,0,12,凱基-埔墘,2024-04-24,9288
00878,國泰永續高股息,10,0,10,凱基-埔墘,2024-04-24,9288
2534,宏盛,10,0,10,凱基-埔墘,2024-04-24,9288
0056,元大高股息,10,1,9,凱基-埔墘,2024-04-24,9288
6829,千附精密,9,0,9,凱基-埔墘,2024-04-24,9288
1473,台南,8,0,8,凱基-埔墘,2024-04-24,9288
8442,威宏-KY,8,0,8,凱基-埔墘,2024-04-24,9288
2409,友達,9,2,7,凱基-埔墘,2024-04-24,9288
2412,中華電,7,0,7,凱基-埔墘,2024-04-24,9288
2489,瑞軒,11,4,7,凱基-埔墘,2024-04-24,9288
2504,國產,7,0,7,凱基-埔墘,2024-04-24,9288
4543,萬在,10,3,7,凱基-埔墘,2024-04-24,9288
6117,迎廣,11,4,7,凱基-埔墘,2024-04-24,9288
1321,大洋,6,0,6,凱基-埔墘,2024-04-24,9288
1102,亞泥,11,5,6,凱基-埔墘,2024-04-24,9288
00937B,群益ESG投等債20,6,0,6,凱基-埔墘,2024-04-24,9288
2101,南港,22,16,6,凱基-埔墘,2024-04-24,9288
3481,群創,7,1,6,凱基-埔墘,2024-04-24,9288
1474,弘裕,5,0,5,凱基-埔墘,2024-04-24,9288
00915,凱基優選高股息30,5,0,5,凱基-埔墘,2024-04-24,9288
3287,廣寰科,5,0,5,凱基-埔墘,2024-04-24,9288
4402,郡都開發,5,0,5,凱基-埔墘,2024-04-24,9288
5515,建國,5,0,5,凱基-埔墘,2024-04-24,9288
6290,良維,5,0,5,凱基-埔墘,2024-04-24,9288
6869,雲豹能源,5,0,5,凱基-埔墘,2024-04-24,9288
8931,大汽電,5,0,5,凱基-埔墘,2024-04-24,9288
3703,欣陸,5,0,5,凱基-埔墘,2024-04-24,9288
2886,兆豐金,4,0,4,凱基-埔墘,2024-04-24,9288
2536,宏普,5,1,4,凱基-埔墘,2024-04-24,9288
3563,牧德,4,0,4,凱基-埔墘,2024-04-24,9288
4306,炎洲,4,0,4,凱基-埔墘,2024-04-24,9288
9938,百和,4,0,4,凱基-埔墘,2024-04-24,9288
00676R,富邦臺灣加權反1,3,0,3,凱基-埔墘,2024-04-24,9288
00751B,元大AAA至A公司債,3,0,3,凱基-埔墘,2024-04-24,9288
2511,太子,50,0,50,凱基-埔墘,2024-04-25,9288
2206,三陽工業,50,1,49,凱基-埔墘,2024-04-25,9288
2383,台光電,44,2,42,凱基-埔墘,2024-04-25,9288
2801,彰銀,30,0,30,凱基-埔墘,2024-04-25,9288
2317,鴻海,29,9,20,凱基-埔墘,2024-04-25,9288
3631,晟楠,20,0,20,凱基-埔墘,2024-04-25,9288
00929,復華台灣科技優息,20,1,19,凱基-埔墘,2024-04-25,9288
8039,台虹,19,1,18,凱基-埔墘,2024-04-25,9288
00937B,群益ESG投等債20,18,0,18,凱基-埔墘,2024-04-25,9288
9933,中鼎,16,1,15,凱基-埔墘,2024-04-25,9288
00680L,元大美債20正2,14,0,14,凱基-埔墘,2024-04-25,9288
00940,元大台灣價值高息,29,16,13,凱基-埔墘,2024-04-25,9288
00939,統一台灣高息動能,12,0,12,凱基-埔墘,2024-04-25,9288
1532,勤美,11,0,11,凱基-埔墘,2024-04-25,9288
3035,智原,14,3,11,凱基-埔墘,2024-04-25,9288
6125,廣運,18,7,11,凱基-埔墘,2024-04-25,9288
00688L,國泰20年美債正2,10,0,10,凱基-埔墘,2024-04-25,9288
1584,精剛,10,0,10,凱基-埔墘,2024-04-25,9288
2538,基泰,10,0,10,凱基-埔墘,2024-04-25,9288
9907,統一實,10,0,10,凱基-埔墘,2024-04-25,9288
00919,群益台灣精選高息,14,5,9,凱基-埔墘,2024-04-25,9288
2882,國泰金,8,0,8,凱基-埔墘,2024-04-25,9288
2371,大同,22,14,8,凱基-埔墘,2024-04-25,9288
2359,所羅門,10,3,7,凱基-埔墘,2024-04-25,9288
6116,彩晶,7,0,7,凱基-埔墘,2024-04-25,9288
1605,華新,7,0,7,凱基-埔墘,2024-04-25,9288
2362,藍天,7,0,7,凱基-埔墘,2024-04-25,9288
2363,矽統,18,11,7,凱基-埔墘,2024-04-25,9288
3707,漢磊,7,0,7,凱基-埔墘,2024-04-25,9288
2330,台積電,7,0,7,凱基-埔墘,2024-04-25,9288
00679B,元大美債20年,6,0,6,凱基-埔墘,2024-04-25,9288
2353,宏��,6,0,6,凱基-埔墘,2024-04-25,9288
3481,群創,11,5,6,凱基-埔墘,2024-04-25,9288
5443,均豪,7,1,6,凱基-埔墘,2024-04-25,9288
6209,今國光,6,0,6,凱基-埔墘,2024-04-25,9288
8105,凌巨,6,0,6,凱基-埔墘,2024-04-25,9288
9938,百和,6,0,6,凱基-埔墘,2024-04-25,9288
6188,廣明,7,1,6,凱基-埔墘,2024-04-25,9288
1301,台塑,5,0,5,凱基-埔墘,2024-04-25,9288
00923,群益台ESG低碳50,5,0,5,凱基-埔墘,2024-04-25,9288
00891,中信關鍵半導體,5,0,5,凱基-埔墘,2024-04-25,9288
1474,弘裕,5,0,5,凱基-埔墘,2024-04-25,9288
2014,中鴻,5,0,5,凱基-埔墘,2024-04-25,9288
2486,一詮,5,0,5,凱基-埔墘,2024-04-25,9288
3006,晶豪科,6,1,5,凱基-埔墘,2024-04-25,9288
3059,華晶科,11,6,5,凱基-埔墘,2024-04-25,9288
4906,正文,5,0,5,凱基-埔墘,2024-04-25,9288
00878,國泰永續高股息,7,2,5,凱基-埔墘,2024-04-25,9288
6770,力積電,6,2,4,凱基-埔墘,2024-04-25,9288
1560,中砂,6,2,4,凱基-埔墘,2024-04-25,9288
00720B,元大投資級公司債,90,0,90,凱基-埔墘,2024-04-26,9288
2509,全坤建,60,0,60,凱基-埔墘,2024-04-26,9288
2344,華邦電,51,2,49,凱基-埔墘,2024-04-26,9288
00937B,群益ESG投等債20,37,0,37,凱基-埔墘,2024-04-26,9288
3017,奇鋐,37,6,31,凱基-埔墘,2024-04-26,9288
7402,邑錡,30,0,30,凱基-埔墘,2024-04-26,9288
00679B,元大美債20年,25,0,25,凱基-埔墘,2024-04-26,9288
3587,閎康,22,0,22,凱基-埔墘,2024-04-26,9288
4908,前鼎,21,0,21,凱基-埔墘,2024-04-26,9288
5222,全訊,20,0,20,凱基-埔墘,2024-04-26,9288
2520,冠德,31,15,16,凱基-埔墘,2024-04-26,9288
00929,復華台灣科技優息,15,0,15,凱基-埔墘,2024-04-26,9288
00878,國泰永續高股息,14,0,14,凱基-埔墘,2024-04-26,9288
2009,第一銅,17,3,14,凱基-埔墘,2024-04-26,9288
2536,宏普,16,3,13,凱基-埔墘,2024-04-26,9288
3706,神達,19,6,13,凱基-埔墘,2024-04-26,9288
1532,勤美,12,0,12,凱基-埔墘,2024-04-26,9288
2855,統一證,12,0,12,凱基-埔墘,2024-04-26,9288
8222,寶一,12,0,12,凱基-埔墘,2024-04-26,9288
2538,基泰,10,0,10,凱基-埔墘,2024-04-26,9288
2834,臺企銀,10,0,10,凱基-埔墘,2024-04-26,9288
2359,所羅門,19,9,10,凱基-埔墘,2024-04-26,9288
8105,凌巨,17,8,9,凱基-埔墘,2024-04-26,9288
00795B,中信美國公債20年,8,0,8,凱基-埔墘,2024-04-26,9288
2201,裕隆,8,0,8,凱基-埔墘,2024-04-26,9288
6143,振曜,9,1,8,凱基-埔墘,2024-04-26,9288
2371,大同,32,24,8,凱基-埔墘,2024-04-26,9288
2505,國揚,7,0,7,凱基-埔墘,2024-04-26,9288
3231,緯創,14,8,6,凱基-埔墘,2024-04-26,9288
1612,宏泰,24,18,6,凱基-埔墘,2024-04-26,9288
4967,十銓,7,1,6,凱基-埔墘,2024-04-26,9288
8358,金居,8,2,6,凱基-埔墘,2024-04-26,9288
1608,華榮,7,2,5,凱基-埔墘,2024-04-26,9288
00688L,國泰20年美債正2,5,0,5,凱基-埔墘,2024-04-26,9288
00712,復華富時不動產,5,0,5,凱基-埔墘,2024-04-26,9288
00852L,國泰美國道瓊正2,5,0,5,凱基-埔墘,2024-04-26,9288
2329,華泰,7,2,5,凱基-埔墘,2024-04-26,9288
2897,王道銀行,5,0,5,凱基-埔墘,2024-04-26,9288
3041,揚智,5,0,5,凱基-埔墘,2024-04-26,9288
3062,建漢,5,0,5,凱基-埔墘,2024-04-26,9288
6015,宏遠證,5,0,5,凱基-埔墘,2024-04-26,9288
6869,雲豹能源,5,0,5,凱基-埔墘,2024-04-26,9288
2002,中鋼,4,0,4,凱基-埔墘,2024-04-26,9288
3230,錦明,4,0,4,凱基-埔墘,2024-04-26,9288
6234,高僑,4,0,4,凱基-埔墘,2024-04-26,9288
1101,台泥,4,0,4,凱基-埔墘,2024-04-26,9288
00751B,元大AAA至A公司債,3,0,3,凱基-埔墘,2024-04-26,9288
00710B,復華彭博非投等債,3,0,3,凱基-埔墘,2024-04-26,9288
1442,名軒,3,0,3,凱基-埔墘,2024-04-26,9288
1503,士電,21,18,3,凱基-埔墘,2024-04-26,9288
2515,中工,379,21,358,凱基-埔墘,2024-04-29,9288
3583,辛耘,340,2,338,凱基-埔墘,2024-04-29,9288
1608,華榮,197,0,197,凱基-埔墘,2024-04-29,9288
3481,群創,142,1,141,凱基-埔墘,2024-04-29,9288
2511,太子,125,0,125,凱基-埔墘,2024-04-29,9288
00650L,復華香港正2,123,0,123,凱基-埔墘,2024-04-29,9288
00679B,元大美債20年,101,0,101,凱基-埔墘,2024-04-29,9288
3587,閎康,60,0,60,凱基-埔墘,2024-04-29,9288
2880,華南金,55,0,55,凱基-埔墘,2024-04-29,9288
1455,集盛,30,0,30,凱基-埔墘,2024-04-29,9288
2634,漢翔,30,2,28,凱基-埔墘,2024-04-29,9288
2323,中環,39,11,28,凱基-埔墘,2024-04-29,9288
2359,所羅門,29,4,25,凱基-埔墘,2024-04-29,9288
00665L,富邦�琤肭磪囓�2,28,6,22,凱基-埔墘,2024-04-29,9288
2206,三陽工業,24,3,21,凱基-埔墘,2024-04-29,9288
8358,金居,22,1,21,凱基-埔墘,2024-04-29,9288
2618,長榮航,59,41,18,凱基-埔墘,2024-04-29,9288
1402,遠東新,15,0,15,凱基-埔墘,2024-04-29,9288
2363,矽統,21,7,14,凱基-埔墘,2024-04-29,9288
3557,嘉威,14,0,14,凱基-埔墘,2024-04-29,9288
6177,達麗,14,0,14,凱基-埔墘,2024-04-29,9288
2534,宏盛,14,2,12,凱基-埔墘,2024-04-29,9288
1702,南僑,10,0,10,凱基-埔墘,2024-04-29,9288
00919,群益台灣精選高息,19,9,10,凱基-埔墘,2024-04-29,9288
6234,高僑,9,0,9,凱基-埔墘,2024-04-29,9288
6275,元山,9,0,9,凱基-埔墘,2024-04-29,9288
1815,富喬,9,0,9,凱基-埔墘,2024-04-29,9288
2501,國建,10,2,8,凱基-埔墘,2024-04-29,9288
3034,聯詠,10,2,8,凱基-埔墘,2024-04-29,9288
00929,復華台灣科技優息,10,3,7,凱基-埔墘,2024-04-29,9288
2101,南港,19,12,7,凱基-埔墘,2024-04-29,9288
2241,艾姆勒,10,3,7,凱基-埔墘,2024-04-29,9288
2547,日勝生,11,4,7,凱基-埔墘,2024-04-29,9288
2603,長榮,13,6,7,凱基-埔墘,2024-04-29,9288
4114,健喬,7,0,7,凱基-埔墘,2024-04-29,9288
00706L,期元大S＆P日圓正2,6,0,6,凱基-埔墘,2024-04-29,9288
1474,弘裕,6,0,6,凱基-埔墘,2024-04-29,9288
3390,旭軟,6,0,6,凱基-埔墘,2024-04-29,9288
4162,智擎,7,1,6,凱基-埔墘,2024-04-29,9288
6219,富旺,7,1,6,凱基-埔墘,2024-04-29,9288
1409,新纖,5,0,5,凱基-埔墘,2024-04-29,9288
2536,宏普,8,3,5,凱基-埔墘,2024-04-29,9288
2537,聯上發,5,0,5,凱基-埔墘,2024-04-29,9288
2617,台航,10,5,5,凱基-埔墘,2024-04-29,9288
3059,華晶科,5,0,5,凱基-埔墘,2024-04-29,9288
6215,和椿,7,2,5,凱基-埔墘,2024-04-29,9288
6603,富強鑫,5,0,5,凱基-埔墘,2024-04-29,9288
6829,千附精密,5,0,5,凱基-埔墘,2024-04-29,9288
8917,欣泰,5,0,5,凱基-埔墘,2024-04-29,9288
3035,智原,7,3,4,凱基-埔墘,2024-04-29,9288
2241,艾姆勒,100,7,93,凱基-埔墘,2024-04-30,9288
3583,辛耘,44,1,43,凱基-埔墘,2024-04-30,9288
00902,中信電池及儲能,50,10,40,凱基-埔墘,2024-04-30,9288
1314,中石化,47,12,35,凱基-埔墘,2024-04-30,9288
2363,矽統,49,21,28,凱基-埔墘,2024-04-30,9288
1608,華榮,26,0,26,凱基-埔墘,2024-04-30,9288
5324,士開,21,0,21,凱基-埔墘,2024-04-30,9288
2412,中華電,20,0,20,凱基-埔墘,2024-04-30,9288
2317,鴻海,26,7,19,凱基-埔墘,2024-04-30,9288
1582,信錦,19,3,16,凱基-埔墘,2024-04-30,9288
1474,弘裕,15,0,15,凱基-埔墘,2024-04-30,9288
4967,十銓,17,2,15,凱基-埔墘,2024-04-30,9288
6271,同欣電,13,0,13,凱基-埔墘,2024-04-30,9288
2359,所羅門,29,16,13,凱基-埔墘,2024-04-30,9288
2206,三陽工業,18,6,12,凱基-埔墘,2024-04-30,9288
2618,長榮航,18,6,12,凱基-埔墘,2024-04-30,9288
2637,慧洋-KY,15,3,12,凱基-埔墘,2024-04-30,9288
00937B,群益ESG投等債20,11,0,11,凱基-埔墘,2024-04-30,9288
2845,遠東銀,11,0,11,凱基-埔墘,2024-04-30,9288
1809,中釉,10,0,10,凱基-埔墘,2024-04-30,9288
2743,山富,10,0,10,凱基-埔墘,2024-04-30,9288
3466,德晉,10,0,10,凱基-埔墘,2024-04-30,9288
4956,光鋐,10,0,10,凱基-埔墘,2024-04-30,9288
5457,宣德,10,0,10,凱基-埔墘,2024-04-30,9288
6239,力成,10,0,10,凱基-埔墘,2024-04-30,9288
00706L,期元大S＆P日圓正2,9,0,9,凱基-埔墘,2024-04-30,9288
2867,三商壽,12,3,9,凱基-埔墘,2024-04-30,9288
2515,中工,10,2,8,凱基-埔墘,2024-04-30,9288
00939,統一台灣高息動能,7,0,7,凱基-埔墘,2024-04-30,9288
1316,上曜,7,0,7,凱基-埔墘,2024-04-30,9288
6269,台郡,6,0,6,凱基-埔墘,2024-04-30,9288
1609,大亞,12,6,6,凱基-埔墘,2024-04-30,9288
2607,榮運,6,0,6,凱基-埔墘,2024-04-30,9288
2855,統一證,6,0,6,凱基-埔墘,2024-04-30,9288
3013,晟銘電,6,0,6,凱基-埔墘,2024-04-30,9288
8917,欣泰,6,0,6,凱基-埔墘,2024-04-30,9288
2610,華航,12,7,5,凱基-埔墘,2024-04-30,9288
2301,光寶科,5,0,5,凱基-埔墘,2024-04-30,9288
2486,一詮,5,0,5,凱基-埔墘,2024-04-30,9288
2540,愛山林,5,0,5,凱基-埔墘,2024-04-30,9288
3030,德律,5,0,5,凱基-埔墘,2024-04-30,9288
3312,弘憶股,5,0,5,凱基-埔墘,2024-04-30,9288
4533,協易機,5,0,5,凱基-埔墘,2024-04-30,9288
5608,四維航,8,3,5,凱基-埔墘,2024-04-30,9288
6234,高僑,5,0,5,凱基-埔墘,2024-04-30,9288
9945,潤泰新,5,0,5,凱基-埔墘,2024-04-30,9288
9962,有益,5,0,5,凱基-埔墘,2024-04-30,9288
2327,國巨,5,1,4,凱基-埔墘,2024-04-30,9288
00940,元大台灣價值高息,7,3,4,凱基-埔墘,2024-04-30,9288
2258,鴻華先進-創,4,0,4,凱基-埔墘,2024-04-30,9288
3481,群創,124,1,123,凱基-埔墘,2024-05-02,9288
00937B,群益ESG投等債20,71,0,71,凱基-埔墘,2024-05-02,9288
1587,吉茂,60,0,60,凱基-埔墘,2024-05-02,9288
2241,艾姆勒,59,1,58,凱基-埔墘,2024-05-02,9288
00878,國泰永續高股息,54,0,54,凱基-埔墘,2024-05-02,9288
00679B,元大美債20年,52,1,51,凱基-埔墘,2024-05-02,9288
2511,太子,40,0,40,凱基-埔墘,2024-05-02,9288
2609,陽明,38,5,33,凱基-埔墘,2024-05-02,9288
00637L,元大滬深300正2,39,7,32,凱基-埔墘,2024-05-02,9288
00857B,永豐20年美公債,30,0,30,凱基-埔墘,2024-05-02,9288
00929,復華台灣科技優息,28,1,27,凱基-埔墘,2024-05-02,9288
00650L,復華香港正2,28,1,27,凱基-埔墘,2024-05-02,9288
2618,長榮航,51,26,25,凱基-埔墘,2024-05-02,9288
1609,大亞,25,2,23,凱基-埔墘,2024-05-02,9288
2537,聯上發,45,23,22,凱基-埔墘,2024-05-02,9288
2801,彰銀,20,0,20,凱基-埔墘,2024-05-02,9288
2371,大同,36,19,17,凱基-埔墘,2024-05-02,9288
00688L,國泰20年美債正2,20,5,15,凱基-埔墘,2024-05-02,9288
1608,華榮,13,0,13,凱基-埔墘,2024-05-02,9288
8064,東捷,18,5,13,凱基-埔墘,2024-05-02,9288
00715L,期街口布蘭特正2,12,0,12,凱基-埔墘,2024-05-02,9288
00665L,富邦�琤肭磪囓�2,18,6,12,凱基-埔墘,2024-05-02,9288
6177,達麗,17,5,12,凱基-埔墘,2024-05-02,9288
2409,友達,15,4,11,凱基-埔墘,2024-05-02,9288
6275,元山,11,0,11,凱基-埔墘,2024-05-02,9288
00940,元大台灣價值高息,25,15,10,凱基-埔墘,2024-05-02,9288
9924,福興,10,0,10,凱基-埔墘,2024-05-02,9288
2852,第一保,9,0,9,凱基-埔墘,2024-05-02,9288
00919,群益台灣精選高息,8,0,8,凱基-埔墘,2024-05-02,9288
4967,十銓,8,0,8,凱基-埔墘,2024-05-02,9288
6219,富旺,10,2,8,凱基-埔墘,2024-05-02,9288
2515,中工,18,11,7,凱基-埔墘,2024-05-02,9288
8917,欣泰,7,0,7,凱基-埔墘,2024-05-02,9288
00939,統一台灣高息動能,6,1,5,凱基-埔墘,2024-05-02,9288
1474,弘裕,5,0,5,凱基-埔墘,2024-05-02,9288
1504,東元,7,2,5,凱基-埔墘,2024-05-02,9288
1604,聲寶,5,0,5,凱基-埔墘,2024-05-02,9288
2851,中再保,5,0,5,凱基-埔墘,2024-05-02,9288
2888,新光金,5,0,5,凱基-埔墘,2024-05-02,9288
6015,宏遠證,5,0,5,凱基-埔墘,2024-05-02,9288
6143,振曜,5,0,5,凱基-埔墘,2024-05-02,9288
2376,技嘉,4,0,4,凱基-埔墘,2024-05-02,9288
2337,旺宏,5,1,4,凱基-埔墘,2024-05-02,9288
1806,冠軍,6,2,4,凱基-埔墘,2024-05-02,9288
2353,宏��,5,1,4,凱基-埔墘,2024-05-02,9288
2501,國建,5,1,4,凱基-埔墘,2024-05-02,9288
2915,潤泰全,5,1,4,凱基-埔墘,2024-05-02,9288
3049,精金,5,1,4,凱基-埔墘,2024-05-02,9288
00931B,統一美債20年,3,0,3,凱基-埔墘,2024-05-02,9288
00881,國泰台灣5G+,3,0,3,凱基-埔墘,2024-05-02,9288
00937B,群益ESG投等債20,51,0,51,凱基-埔墘,2024-05-03,9288
5521,工信,50,0,50,凱基-埔墘,2024-05-03,9288
00929,復華台灣科技優息,50,5,45,凱基-埔墘,2024-05-03,9288
3481,群創,41,0,41,凱基-埔墘,2024-05-03,9288
4714,永捷,39,8,31,凱基-埔墘,2024-05-03,9288
00878,國泰永續高股息,35,5,30,凱基-埔墘,2024-05-03,9288
3231,緯創,25,1,24,凱基-埔墘,2024-05-03,9288
2915,潤泰全,20,0,20,凱基-埔墘,2024-05-03,9288
6127,九豪,20,0,20,凱基-埔墘,2024-05-03,9288
00650L,復華香港正2,21,2,19,凱基-埔墘,2024-05-03,9288
2241,艾姆勒,18,2,16,凱基-埔墘,2024-05-03,9288
5607,遠雄港,16,0,16,凱基-埔墘,2024-05-03,9288
00687B,國泰20年美債,15,0,15,凱基-埔墘,2024-05-03,9288
2743,山富,15,0,15,凱基-埔墘,2024-05-03,9288
6120,達運,16,2,14,凱基-埔墘,2024-05-03,9288
6284,佳邦,15,1,14,凱基-埔墘,2024-05-03,9288
3680,家登,13,1,12,凱基-埔墘,2024-05-03,9288
00857B,永豐20年美公債,12,0,12,凱基-埔墘,2024-05-03,9288
2344,華邦電,13,1,12,凱基-埔墘,2024-05-03,9288
2515,中工,30,19,11,凱基-埔墘,2024-05-03,9288
5483,中美晶,10,0,10,凱基-埔墘,2024-05-03,9288
00632R,元大台灣50反1,10,0,10,凱基-埔墘,2024-05-03,9288
2601,益航,10,0,10,凱基-埔墘,2024-05-03,9288
2618,長榮航,43,33,10,凱基-埔墘,2024-05-03,9288
6191,精成科,12,2,10,凱基-埔墘,2024-05-03,9288
2906,高林,10,0,10,凱基-埔墘,2024-05-03,9288
6290,良維,9,0,9,凱基-埔墘,2024-05-03,9288
2547,日勝生,11,2,9,凱基-埔墘,2024-05-03,9288
2610,華航,10,2,8,凱基-埔墘,2024-05-03,9288
00715L,期街口布蘭特正2,10,2,8,凱基-埔墘,2024-05-03,9288
2852,第一保,8,0,8,凱基-埔墘,2024-05-03,9288
4513,福裕,8,0,8,凱基-埔墘,2024-05-03,9288
8442,威宏-KY,7,0,7,凱基-埔墘,2024-05-03,9288
1616,億泰,6,0,6,凱基-埔墘,2024-05-03,9288
9955,佳龍,6,0,6,凱基-埔墘,2024-05-03,9288
9904,寶成,5,0,5,凱基-埔墘,2024-05-03,9288
1514,亞力,5,0,5,凱基-埔墘,2024-05-03,9288
2545,皇翔,10,5,5,凱基-埔墘,2024-05-03,9288
3041,揚智,5,0,5,凱基-埔墘,2024-05-03,9288
3236,千如,5,0,5,凱基-埔墘,2024-05-03,9288
3645,達邁,6,1,5,凱基-埔墘,2024-05-03,9288
5258,虹堡,5,0,5,凱基-埔墘,2024-05-03,9288
2371,大同,29,24,5,凱基-埔墘,2024-05-03,9288
4417,金洲,4,0,4,凱基-埔墘,2024-05-03,9288
6442,光聖,14,10,4,凱基-埔墘,2024-05-03,9288
2609,陽明,11,8,3,凱基-埔墘,2024-05-03,9288
3037,欣興,3,0,3,凱基-埔墘,2024-05-03,9288
1308,亞聚,3,0,3,凱基-埔墘,2024-05-03,9288
00795B,中信美國公債20年,3,0,3,凱基-埔墘,2024-05-03,9288
00939,統一台灣高息動能,3,0,3,凱基-埔墘,2024-05-03,9288
00878,國泰永續高股息,215,23,192,凱基-埔墘,2024-05-06,9288
3481,群創,144,2,142,凱基-埔墘,2024-05-06,9288
00941,中信上游半導體,50,0,50,凱基-埔墘,2024-05-06,9288
2363,矽統,47,6,41,凱基-埔墘,2024-05-06,9288
3221,台嘉碩,40,0,40,凱基-埔墘,2024-05-06,9288
6127,九豪,30,0,30,凱基-埔墘,2024-05-06,9288
2537,聯上發,29,0,29,凱基-埔墘,2024-05-06,9288
2472,立隆電,25,0,25,凱基-埔墘,2024-05-06,9288
2105,正新,21,0,21,凱基-埔墘,2024-05-06,9288
2206,三陽工業,23,5,18,凱基-埔墘,2024-05-06,9288
4933,友輝,18,0,18,凱基-埔墘,2024-05-06,9288
00937B,群益ESG投等債20,16,0,16,凱基-埔墘,2024-05-06,9288
2705,六福,16,0,16,凱基-埔墘,2024-05-06,9288
1101,台泥,16,1,15,凱基-埔墘,2024-05-06,9288
6283,淳安,14,0,14,凱基-埔墘,2024-05-06,9288
9933,中鼎,13,0,13,凱基-埔墘,2024-05-06,9288
2615,萬海,13,0,13,凱基-埔墘,2024-05-06,9288
8096,擎亞,69,56,13,凱基-埔墘,2024-05-06,9288
4167,松瑞藥,12,0,12,凱基-埔墘,2024-05-06,9288
8222,寶一,12,0,12,凱基-埔墘,2024-05-06,9288
6223,旺矽,32,20,12,凱基-埔墘,2024-05-06,9288
6770,力積電,12,2,10,凱基-埔墘,2024-05-06,9288
00715L,期街口布蘭特正2,10,0,10,凱基-埔墘,2024-05-06,9288
00753L,中信中國50正2,10,0,10,凱基-埔墘,2024-05-06,9288
2637,慧洋-KY,12,2,10,凱基-埔墘,2024-05-06,9288
2743,山富,10,0,10,凱基-埔墘,2024-05-06,9288
5521,工信,10,0,10,凱基-埔墘,2024-05-06,9288
2357,華碩,17,7,10,凱基-埔墘,2024-05-06,9288
6191,精成科,10,1,9,凱基-埔墘,2024-05-06,9288
00919,群益台灣精選高息,10,1,9,凱基-埔墘,2024-05-06,9288
2327,國巨,9,0,9,凱基-埔墘,2024-05-06,9288
3289,宜特,8,0,8,凱基-埔墘,2024-05-06,9288
6177,達麗,10,2,8,凱基-埔墘,2024-05-06,9288
8033,雷虎,8,0,8,凱基-埔墘,2024-05-06,9288
2812,台中銀,7,0,7,凱基-埔墘,2024-05-06,9288
2316,楠梓電,16,10,6,凱基-埔墘,2024-05-06,9288
1785,光洋科,6,0,6,凱基-埔墘,2024-05-06,9288
2892,第一金,6,0,6,凱基-埔墘,2024-05-06,9288
3163,波若威,6,0,6,凱基-埔墘,2024-05-06,9288
5498,凱崴,6,0,6,凱基-埔墘,2024-05-06,9288
5534,長虹,9,3,6,凱基-埔墘,2024-05-06,9288
9924,福興,7,1,6,凱基-埔墘,2024-05-06,9288
1337,再生-KY,5,0,5,凱基-埔墘,2024-05-06,9288
1720,生達,5,0,5,凱基-埔墘,2024-05-06,9288
2382,廣達,12,7,5,凱基-埔墘,2024-05-06,9288
2601,益航,5,0,5,凱基-埔墘,2024-05-06,9288
2832,台產,5,0,5,凱基-埔墘,2024-05-06,9288
2915,潤泰全,5,0,5,凱基-埔墘,2024-05-06,9288
3034,聯詠,5,0,5,凱基-埔墘,2024-05-06,9288
3324,雙鴻,5,0,5,凱基-埔墘,2024-05-06,9288
00937B,群益ESG投等債20,211,0,211,凱基-埔墘,2024-05-07,9288
00929,復華台灣科技優息,114,7,107,凱基-埔墘,2024-05-07,9288
00940,元大台灣價值高息,65,4,61,凱基-埔墘,2024-05-07,9288
3033,威健,68,12,56,凱基-埔墘,2024-05-07,9288
2356,英業達,51,0,51,凱基-埔墘,2024-05-07,9288
00878,國泰永續高股息,51,3,48,凱基-埔墘,2024-05-07,9288
2344,華邦電,52,8,44,凱基-埔墘,2024-05-07,9288
4961,天鈺,33,0,33,凱基-埔墘,2024-05-07,9288
2376,技嘉,32,1,31,凱基-埔墘,2024-05-07,9288
3017,奇鋐,31,0,31,凱基-埔墘,2024-05-07,9288
2486,一詮,78,51,27,凱基-埔墘,2024-05-07,9288
00942B,台新美A公司債20+,30,8,22,凱基-埔墘,2024-05-07,9288
2371,大同,31,10,21,凱基-埔墘,2024-05-07,9288
6219,富旺,21,2,19,凱基-埔墘,2024-05-07,9288
1609,大亞,20,4,16,凱基-埔墘,2024-05-07,9288
2906,高林,15,0,15,凱基-埔墘,2024-05-07,9288
6005,群益證,15,0,15,凱基-埔墘,2024-05-07,9288
1608,華榮,64,50,14,凱基-埔墘,2024-05-07,9288
2609,陽明,51,38,13,凱基-埔墘,2024-05-07,9288
00665L,富邦�琤肭磪囓�2,32,20,12,凱基-埔墘,2024-05-07,9288
2241,艾姆勒,14,2,12,凱基-埔墘,2024-05-07,9288
2382,廣達,13,1,12,凱基-埔墘,2024-05-07,9288
3231,緯創,18,7,11,凱基-埔墘,2024-05-07,9288
1309,台達化,10,0,10,凱基-埔墘,2024-05-07,9288
2543,皇昌,19,9,10,凱基-埔墘,2024-05-07,9288
2845,遠東銀,10,0,10,凱基-埔墘,2024-05-07,9288
3025,星通,10,0,10,凱基-埔墘,2024-05-07,9288
2379,瑞昱,12,3,9,凱基-埔墘,2024-05-07,9288
2509,全坤建,10,1,9,凱基-埔墘,2024-05-07,9288
2536,宏普,11,2,9,凱基-埔墘,2024-05-07,9288
00915,凱基優選高股息30,8,0,8,凱基-埔墘,2024-05-07,9288
2852,第一保,8,0,8,凱基-埔墘,2024-05-07,9288
5512,力麒,8,0,8,凱基-埔墘,2024-05-07,9288
6177,達麗,16,8,8,凱基-埔墘,2024-05-07,9288
2753,八方雲集,9,1,8,凱基-埔墘,2024-05-07,9288
2317,鴻海,26,18,8,凱基-埔墘,2024-05-07,9288
2402,毅嘉,7,0,7,凱基-埔墘,2024-05-07,9288
2539,櫻花建,7,0,7,凱基-埔墘,2024-05-07,9288
6546,正基,7,0,7,凱基-埔墘,2024-05-07,9288
8917,欣泰,7,0,7,凱基-埔墘,2024-05-07,9288
2501,國建,16,10,6,凱基-埔墘,2024-05-07,9288
00939,統一台灣高息動能,6,0,6,凱基-埔墘,2024-05-07,9288
2611,志信,6,0,6,凱基-埔墘,2024-05-07,9288
00637L,元大滬深300正2,5,0,5,凱基-埔墘,2024-05-07,9288
2889,國票金,5,0,5,凱基-埔墘,2024-05-07,9288
3083,網龍,5,0,5,凱基-埔墘,2024-05-07,9288
4906,正文,8,3,5,凱基-埔墘,2024-05-07,9288
5272,笙科,5,0,5,凱基-埔墘,2024-05-07,9288
6016,康和證,5,0,5,凱基-埔墘,2024-05-07,9288
6120,達運,5,0,5,凱基-埔墘,2024-05-07,9288
2606,裕民,86,4,82,凱基-埔墘,2024-05-08,9288
2641,正德,55,0,55,凱基-埔墘,2024-05-08,9288
6219,富旺,57,3,54,凱基-埔墘,2024-05-08,9288
00687B,國泰20年美債,53,0,53,凱基-埔墘,2024-05-08,9288
2637,慧洋-KY,76,36,40,凱基-埔墘,2024-05-08,9288
00929,復華台灣科技優息,30,0,30,凱基-埔墘,2024-05-08,9288
2454,聯發科,30,0,30,凱基-埔墘,2024-05-08,9288
1339,昭輝,27,0,27,凱基-埔墘,2024-05-08,9288
1608,華榮,105,80,25,凱基-埔墘,2024-05-08,9288
3624,光頡,25,0,25,凱基-埔墘,2024-05-08,9288
2316,楠梓電,21,1,20,凱基-埔墘,2024-05-08,9288
2344,華邦電,20,0,20,凱基-埔墘,2024-05-08,9288
8096,擎亞,25,7,18,凱基-埔墘,2024-05-08,9288
6189,豐藝,21,4,17,凱基-埔墘,2024-05-08,9288
00715L,期街口布蘭特正2,15,0,15,凱基-埔墘,2024-05-08,9288
2355,敬鵬,15,0,15,凱基-埔墘,2024-05-08,9288
3706,神達,13,0,13,凱基-埔墘,2024-05-08,9288
1609,大亞,46,33,13,凱基-埔墘,2024-05-08,9288
00878,國泰永續高股息,33,21,12,凱基-埔墘,2024-05-08,9288
2457,飛宏,12,0,12,凱基-埔墘,2024-05-08,9288
1616,億泰,11,0,11,凱基-埔墘,2024-05-08,9288
5347,世界,11,0,11,凱基-埔墘,2024-05-08,9288
6805,富世達,13,2,11,凱基-埔墘,2024-05-08,9288
8087,麗升能源,11,0,11,凱基-埔墘,2024-05-08,9288
00882,中信中國高股息,10,0,10,凱基-埔墘,2024-05-08,9288
2702,華園,10,0,10,凱基-埔墘,2024-05-08,9288
2845,遠東銀,10,0,10,凱基-埔墘,2024-05-08,9288
3535,晶彩科,10,0,10,凱基-埔墘,2024-05-08,9288
6016,康和證,10,0,10,凱基-埔墘,2024-05-08,9288
2374,佳能,12,3,9,凱基-埔墘,2024-05-08,9288
2379,瑞昱,9,0,9,凱基-埔墘,2024-05-08,9288
6207,雷科,12,3,9,凱基-埔墘,2024-05-08,9288
00932,兆豐永續高息等權,8,0,8,凱基-埔墘,2024-05-08,9288
00915,凱基優選高股息30,8,0,8,凱基-埔墘,2024-05-08,9288
2852,第一保,8,0,8,凱基-埔墘,2024-05-08,9288
3034,聯詠,7,0,7,凱基-埔墘,2024-05-08,9288
2317,鴻海,14,8,6,凱基-埔墘,2024-05-08,9288
00918,大華優利高填息30,6,0,6,凱基-埔墘,2024-05-08,9288
00939,統一台灣高息動能,6,0,6,凱基-埔墘,2024-05-08,9288
3312,弘憶股,6,0,6,凱基-埔墘,2024-05-08,9288
6188,廣明,12,6,6,凱基-埔墘,2024-05-08,9288
9945,潤泰新,6,0,6,凱基-埔墘,2024-05-08,9288
3036,文曄,6,0,6,凱基-埔墘,2024-05-08,9288
1513,中興電,15,10,5,凱基-埔墘,2024-05-08,9288
1314,中石化,11,6,5,凱基-埔墘,2024-05-08,9288
00673R,期元大S＆P原油反1,5,0,5,凱基-埔墘,2024-05-08,9288
00733,富邦臺灣中小,5,0,5,凱基-埔墘,2024-05-08,9288
2371,大同,49,44,5,凱基-埔墘,2024-05-08,9288
2409,友達,5,0,5,凱基-埔墘,2024-05-08,9288
3025,星通,5,0,5,凱基-埔墘,2024-05-08,9288
2845,遠東銀,82,0,82,凱基-埔墘,2024-05-09,9288
00929,復華台灣科技優息,50,0,50,凱基-埔墘,2024-05-09,9288
00918,大華優利高填息30,50,0,50,凱基-埔墘,2024-05-09,9288
2353,宏��,50,3,47,凱基-埔墘,2024-05-09,9288
6290,良維,40,0,40,凱基-埔墘,2024-05-09,9288
6215,和椿,25,1,24,凱基-埔墘,2024-05-09,9288
1721,三晃,23,0,23,凱基-埔墘,2024-05-09,9288
5531,鄉林,20,0,20,凱基-埔墘,2024-05-09,9288
00940,元大台灣價值高息,20,2,18,凱基-埔墘,2024-05-09,9288
00715L,期街口布蘭特正2,18,0,18,凱基-埔墘,2024-05-09,9288
4967,十銓,20,2,18,凱基-埔墘,2024-05-09,9288
00878,國泰永續高股息,18,2,16,凱基-埔墘,2024-05-09,9288
00944,野村趨勢動能高息,16,0,16,凱基-埔墘,2024-05-09,9288
2371,大同,17,1,16,凱基-埔墘,2024-05-09,9288
2409,友達,15,0,15,凱基-埔墘,2024-05-09,9288
2367,燿華,29,14,15,凱基-埔墘,2024-05-09,9288
5871,中租-KY,16,1,15,凱基-埔墘,2024-05-09,9288
3535,晶彩科,14,0,14,凱基-埔墘,2024-05-09,9288
5213,亞昕,14,0,14,凱基-埔墘,2024-05-09,9288
6285,啟��,15,1,14,凱基-埔墘,2024-05-09,9288
8089,康全電訊,14,0,14,凱基-埔墘,2024-05-09,9288
6188,廣明,13,0,13,凱基-埔墘,2024-05-09,9288
00946,群益科技高息成長,32,20,12,凱基-埔墘,2024-05-09,9288
2501,國建,13,1,12,凱基-埔墘,2024-05-09,9288
2888,新光金,13,1,12,凱基-埔墘,2024-05-09,9288
3481,群創,11,0,11,凱基-埔墘,2024-05-09,9288
2337,旺宏,10,0,10,凱基-埔墘,2024-05-09,9288
3715,定穎投控,14,4,10,凱基-埔墘,2024-05-09,9288
00937B,群益ESG投等債20,10,0,10,凱基-埔墘,2024-05-09,9288
1760,寶齡富錦,10,0,10,凱基-埔墘,2024-05-09,9288
3013,晟銘電,16,6,10,凱基-埔墘,2024-05-09,9288
2379,瑞昱,9,0,9,凱基-埔墘,2024-05-09,9288
8112,至上,11,2,9,凱基-埔墘,2024-05-09,9288
2618,長榮航,21,13,8,凱基-埔墘,2024-05-09,9288
6005,群益證,8,0,8,凱基-埔墘,2024-05-09,9288
6703,軒郁,8,0,8,凱基-埔墘,2024-05-09,9288
2330,台積電,6,0,6,凱基-埔墘,2024-05-09,9288
2449,京元電子,6,0,6,凱基-埔墘,2024-05-09,9288
00939,統一台灣高息動能,6,0,6,凱基-埔墘,2024-05-09,9288
1513,中興電,6,0,6,凱基-埔墘,2024-05-09,9288
1605,華新,6,0,6,凱基-埔墘,2024-05-09,9288
1815,富喬,16,10,6,凱基-埔墘,2024-05-09,9288
2645,長榮航太,6,0,6,凱基-埔墘,2024-05-09,9288
3363,上詮,6,0,6,凱基-埔墘,2024-05-09,9288
4908,前鼎,7,1,6,凱基-埔墘,2024-05-09,9288
00942B,台新美A公司債20+,5,0,5,凱基-埔墘,2024-05-09,9288
00632R,元大台灣50反1,5,0,5,凱基-埔墘,2024-05-09,9288
2009,第一銅,10,5,5,凱基-埔墘,2024-05-09,9288
2867,三商壽,5,0,5,凱基-埔墘,2024-05-09,9288
3390,旭軟,5,0,5,凱基-埔墘,2024-05-09,9288
00929,復華台灣科技優息,76,1,75,凱基-埔墘,2024-05-10,9288
9945,潤泰新,60,2,58,凱基-埔墘,2024-05-10,9288
2353,宏��,50,1,49,凱基-埔墘,2024-05-10,9288
00937B,群益ESG投等債20,45,2,43,凱基-埔墘,2024-05-10,9288
2367,燿華,38,9,29,凱基-埔墘,2024-05-10,9288
2855,統一證,27,1,26,凱基-埔墘,2024-05-10,9288
00919,群益台灣精選高息,26,0,26,凱基-埔墘,2024-05-10,9288
2637,慧洋-KY,36,13,23,凱基-埔墘,2024-05-10,9288
6116,彩晶,21,0,21,凱基-埔墘,2024-05-10,9288
2834,臺企銀,30,10,20,凱基-埔墘,2024-05-10,9288
3583,辛耘,24,7,17,凱基-埔墘,2024-05-10,9288
2109,華豐,16,0,16,凱基-埔墘,2024-05-10,9288
2101,南港,18,3,15,凱基-埔墘,2024-05-10,9288
3206,志豐,15,0,15,凱基-埔墘,2024-05-10,9288
3379,彬台,15,0,15,凱基-埔墘,2024-05-10,9288
2317,鴻海,16,3,13,凱基-埔墘,2024-05-10,9288
2612,中航,17,4,13,凱基-埔墘,2024-05-10,9288
1786,科妍,14,2,12,凱基-埔墘,2024-05-10,9288
8442,威宏-KY,12,0,12,凱基-埔墘,2024-05-10,9288
8112,至上,20,8,12,凱基-埔墘,2024-05-10,9288
00637L,元大滬深300正2,15,4,11,凱基-埔墘,2024-05-10,9288
6207,雷科,11,0,11,凱基-埔墘,2024-05-10,9288
00700,富邦�琤肭磪�,10,0,10,凱基-埔墘,2024-05-10,9288
1446,宏和,10,0,10,凱基-埔墘,2024-05-10,9288
2498,宏達電,15,5,10,凱基-埔墘,2024-05-10,9288
6127,九豪,10,0,10,凱基-埔墘,2024-05-10,9288
2382,廣達,9,0,9,凱基-埔墘,2024-05-10,9288
2501,國建,18,9,9,凱基-埔墘,2024-05-10,9288
1314,中石化,10,1,9,凱基-埔墘,2024-05-10,9288
6177,達麗,10,1,9,凱基-埔墘,2024-05-10,9288
2412,中華電,8,0,8,凱基-埔墘,2024-05-10,9288
3706,神達,11,3,8,凱基-埔墘,2024-05-10,9288
4513,福裕,8,0,8,凱基-埔墘,2024-05-10,9288
3141,晶宏,7,0,7,凱基-埔墘,2024-05-10,9288
5706,鳳凰,9,2,7,凱基-埔墘,2024-05-10,9288
3443,創意,7,0,7,凱基-埔墘,2024-05-10,9288
1785,光洋科,11,5,6,凱基-埔墘,2024-05-10,9288
2316,楠梓電,6,0,6,凱基-埔墘,2024-05-10,9288
2457,飛宏,6,0,6,凱基-埔墘,2024-05-10,9288
2489,瑞軒,6,0,6,凱基-埔墘,2024-05-10,9288
3218,大學光,6,0,6,凱基-埔墘,2024-05-10,9288
5871,中租-KY,5,0,5,凱基-埔墘,2024-05-10,9288
1609,大亞,9,4,5,凱基-埔墘,2024-05-10,9288
1808,潤隆,5,0,5,凱基-埔墘,2024-05-10,9288
2363,矽統,50,45,5,凱基-埔墘,2024-05-10,9288
2409,友達,5,0,5,凱基-埔墘,2024-05-10,9288
3313,斐成,5,0,5,凱基-埔墘,2024-05-10,9288
6015,宏遠證,5,0,5,凱基-埔墘,2024-05-10,9288
6288,聯嘉,5,0,5,凱基-埔墘,2024-05-10,9288
6443,元晶,16,11,5,凱基-埔墘,2024-05-10,9288
00937B,群益ESG投等債20,139,20,119,凱基-埔墘,2024-05-13,9288
00929,復華台灣科技優息,99,2,97,凱基-埔墘,2024-05-13,9288
1101,台泥,93,2,91,凱基-埔墘,2024-05-13,9288
2601,益航,193,143,50,凱基-埔墘,2024-05-13,9288
9938,百和,50,0,50,凱基-埔墘,2024-05-13,9288
1447,力鵬,57,22,35,凱基-埔墘,2024-05-13,9288
3712,永崴投控,34,0,34,凱基-埔墘,2024-05-13,9288
2367,燿華,34,8,26,凱基-埔墘,2024-05-13,9288
2618,長榮航,44,18,26,凱基-埔墘,2024-05-13,9288
6147,頎邦,24,0,24,凱基-埔墘,2024-05-13,9288
00637L,元大滬深300正2,25,2,23,凱基-埔墘,2024-05-13,9288
5213,亞昕,20,0,20,凱基-埔墘,2024-05-13,9288
8996,高力,20,0,20,凱基-埔墘,2024-05-13,9288
00650L,復華香港正2,26,7,19,凱基-埔墘,2024-05-13,9288
2485,兆赫,27,8,19,凱基-埔墘,2024-05-13,9288
00665L,富邦�琤肭磪囓�2,21,6,15,凱基-埔墘,2024-05-13,9288
2617,台航,14,0,14,凱基-埔墘,2024-05-13,9288
00878,國泰永續高股息,12,0,12,凱基-埔墘,2024-05-13,9288
2610,華航,33,22,11,凱基-埔墘,2024-05-13,9288
2891,中信金,11,0,11,凱基-埔墘,2024-05-13,9288
5206,坤悅,11,0,11,凱基-埔墘,2024-05-13,9288
6127,九豪,10,0,10,凱基-埔墘,2024-05-13,9288
6790,永豐實,10,0,10,凱基-埔墘,2024-05-13,9288
3689,湧德,10,0,10,凱基-埔墘,2024-05-13,9288
3141,晶宏,9,0,9,凱基-埔墘,2024-05-13,9288
2476,鉅祥,9,2,7,凱基-埔墘,2024-05-13,9288
2867,三商壽,7,0,7,凱基-埔墘,2024-05-13,9288
3221,台嘉碩,7,0,7,凱基-埔墘,2024-05-13,9288
00753L,中信中國50正2,6,0,6,凱基-埔墘,2024-05-13,9288
2504,國產,6,0,6,凱基-埔墘,2024-05-13,9288
2607,榮運,6,0,6,凱基-埔墘,2024-05-13,9288
4977,眾達-KY,6,0,6,凱基-埔墘,2024-05-13,9288
8048,德勝,7,1,6,凱基-埔墘,2024-05-13,9288
9945,潤泰新,15,9,6,凱基-埔墘,2024-05-13,9288
2409,友達,5,0,5,凱基-埔墘,2024-05-13,9288
3481,群創,5,0,5,凱基-埔墘,2024-05-13,9288
3231,緯創,7,2,5,凱基-埔墘,2024-05-13,9288
0056,元大高股息,5,0,5,凱基-埔墘,2024-05-13,9288
1473,台南,5,0,5,凱基-埔墘,2024-05-13,9288
2613,中櫃,5,0,5,凱基-埔墘,2024-05-13,9288
2913,農林,5,0,5,凱基-埔墘,2024-05-13,9288
3264,欣銓,5,0,5,凱基-埔墘,2024-05-13,9288
5356,協益,5,0,5,凱基-埔墘,2024-05-13,9288
5519,隆大,5,0,5,凱基-埔墘,2024-05-13,9288
8085,福華,5,0,5,凱基-埔墘,2024-05-13,9288
3260,威剛,7,3,4,凱基-埔墘,2024-05-13,9288
9933,中鼎,4,0,4,凱基-埔墘,2024-05-13,9288
2002,中鋼,6,2,4,凱基-埔墘,2024-05-13,9288
3691,碩禾,5,1,4,凱基-埔墘,2024-05-13,9288
3047,訊舟,6,2,4,凱基-埔墘,2024-05-13,9288
2356,英業達,103,7,96,凱基-埔墘,2024-05-14,9288
00940,元大台灣價值高息,100,9,91,凱基-埔墘,2024-05-14,9288
2371,大同,100,21,79,凱基-埔墘,2024-05-14,9288
00929,復華台灣科技優息,63,1,62,凱基-埔墘,2024-05-14,9288
2615,萬海,97,40,57,凱基-埔墘,2024-05-14,9288
00937B,群益ESG投等債20,46,0,46,凱基-埔墘,2024-05-14,9288
2344,華邦電,90,45,45,凱基-埔墘,2024-05-14,9288
00933B,國泰10Y+金融債,35,0,35,凱基-埔墘,2024-05-14,9288
2106,建大,32,0,32,凱基-埔墘,2024-05-14,9288
9945,潤泰新,44,14,30,凱基-埔墘,2024-05-14,9288
2537,聯上發,33,3,30,凱基-埔墘,2024-05-14,9288
3005,神基,30,0,30,凱基-埔墘,2024-05-14,9288
2617,台航,27,0,27,凱基-埔墘,2024-05-14,9288
00680L,元大美債20正2,25,0,25,凱基-埔墘,2024-05-14,9288
2412,中華電,23,0,23,凱基-埔墘,2024-05-14,9288
3583,辛耘,21,0,21,凱基-埔墘,2024-05-14,9288
5213,亞昕,21,0,21,凱基-埔墘,2024-05-14,9288
5450,南良,21,0,21,凱基-埔墘,2024-05-14,9288
2486,一詮,20,0,20,凱基-埔墘,2024-05-14,9288
4916,事欣科,20,0,20,凱基-埔墘,2024-05-14,9288
2454,聯發科,20,0,20,凱基-埔墘,2024-05-14,9288
00650L,復華香港正2,18,0,18,凱基-埔墘,2024-05-14,9288
00891,中信關鍵半導體,15,0,15,凱基-埔墘,2024-05-14,9288
00720B,元大投資級公司債,25,10,15,凱基-埔墘,2024-05-14,9288
2867,三商壽,17,2,15,凱基-埔墘,2024-05-14,9288
1815,富喬,14,0,14,凱基-埔墘,2024-05-14,9288
6271,同欣電,13,0,13,凱基-埔墘,2024-05-14,9288
00878,國泰永續高股息,12,0,12,凱基-埔墘,2024-05-14,9288
1409,新纖,10,0,10,凱基-埔墘,2024-05-14,9288
1809,中釉,10,0,10,凱基-埔墘,2024-05-14,9288
2543,皇昌,10,0,10,凱基-埔墘,2024-05-14,9288
6127,九豪,10,0,10,凱基-埔墘,2024-05-14,9288
3490,單井,11,2,9,凱基-埔墘,2024-05-14,9288
1529,樂事綠能,8,0,8,凱基-埔墘,2024-05-14,9288
2834,臺企銀,10,2,8,凱基-埔墘,2024-05-14,9288
3083,網龍,8,0,8,凱基-埔墘,2024-05-14,9288
00882,中信中國高股息,8,0,8,凱基-埔墘,2024-05-14,9288
00753L,中信中國50正2,10,3,7,凱基-埔墘,2024-05-14,9288
6288,聯嘉,11,4,7,凱基-埔墘,2024-05-14,9288
2603,長榮,31,24,7,凱基-埔墘,2024-05-14,9288
00665L,富邦�琤肭磪囓�2,25,19,6,凱基-埔墘,2024-05-14,9288
2009,第一銅,6,0,6,凱基-埔墘,2024-05-14,9288
2316,楠梓電,6,0,6,凱基-埔墘,2024-05-14,9288
5206,坤悅,6,0,6,凱基-埔墘,2024-05-14,9288
6177,達麗,7,1,6,凱基-埔墘,2024-05-14,9288
2382,廣達,7,2,5,凱基-埔墘,2024-05-14,9288
2534,宏盛,5,0,5,凱基-埔墘,2024-05-14,9288
1515,力山,5,0,5,凱基-埔墘,2024-05-14,9288
1616,億泰,5,0,5,凱基-埔墘,2024-05-14,9288
2612,中航,5,0,5,凱基-埔墘,2024-05-14,9288
00937B,群益ESG投等債20,753,22,731,凱基-埔墘,2024-05-15,9288
2317,鴻海,437,28,409,凱基-埔墘,2024-05-15,9288
9904,寶成,80,0,80,凱基-埔墘,2024-05-15,9288
2617,台航,67,6,61,凱基-埔墘,2024-05-15,9288
2855,統一證,68,13,55,凱基-埔墘,2024-05-15,9288
1440,南紡,52,0,52,凱基-埔墘,2024-05-15,9288
00940,元大台灣價值高息,51,3,48,凱基-埔墘,2024-05-15,9288
2603,長榮,60,16,44,凱基-埔墘,2024-05-15,9288
2312,金寶,46,5,41,凱基-埔墘,2024-05-15,9288
3035,智原,42,2,40,凱基-埔墘,2024-05-15,9288
2324,仁寶,35,0,35,凱基-埔墘,2024-05-15,9288
3689,湧德,33,2,31,凱基-埔墘,2024-05-15,9288
2637,慧洋-KY,26,0,26,凱基-埔墘,2024-05-15,9288
3045,台灣大,26,0,26,凱基-埔墘,2024-05-15,9288
00946,群益科技高息成長,24,2,22,凱基-埔墘,2024-05-15,9288
2634,漢翔,24,2,22,凱基-埔墘,2024-05-15,9288
2106,建大,21,0,21,凱基-埔墘,2024-05-15,9288
1447,力鵬,21,2,19,凱基-埔墘,2024-05-15,9288
2344,華邦電,21,5,16,凱基-埔墘,2024-05-15,9288
3047,訊舟,18,4,14,凱基-埔墘,2024-05-15,9288
2356,英業達,20,6,14,凱基-埔墘,2024-05-15,9288
00637L,元大滬深300正2,20,8,12,凱基-埔墘,2024-05-15,9288
1444,力麗,12,0,12,凱基-埔墘,2024-05-15,9288
2009,第一銅,14,2,12,凱基-埔墘,2024-05-15,9288
00919,群益台灣精選高息,15,4,11,凱基-埔墘,2024-05-15,9288
2449,京元電子,11,0,11,凱基-埔墘,2024-05-15,9288
2612,中航,11,0,11,凱基-埔墘,2024-05-15,9288
3005,神基,11,0,11,凱基-埔墘,2024-05-15,9288
0056,元大高股息,12,1,11,凱基-埔墘,2024-05-15,9288
3443,創意,10,0,10,凱基-埔墘,2024-05-15,9288
00936,台新永續高息中小,10,0,10,凱基-埔墘,2024-05-15,9288
6127,九豪,10,0,10,凱基-埔墘,2024-05-15,9288
6643,M31,10,0,10,凱基-埔墘,2024-05-15,9288
6770,力積電,10,0,10,凱基-埔墘,2024-05-15,9288
8088,品安,10,0,10,凱基-埔墘,2024-05-15,9288
2412,中華電,10,1,9,凱基-埔墘,2024-05-15,9288
2363,矽統,16,8,8,凱基-埔墘,2024-05-15,9288
2417,圓剛,8,0,8,凱基-埔墘,2024-05-15,9288
2618,長榮航,7,0,7,凱基-埔墘,2024-05-15,9288
1310,台苯,7,0,7,凱基-埔墘,2024-05-15,9288
1522,堤維西,8,1,7,凱基-埔墘,2024-05-15,9288
912000,晨訊科-DR,7,0,7,凱基-埔墘,2024-05-15,9288
2374,佳能,13,7,6,凱基-埔墘,2024-05-15,9288
9945,潤泰新,11,5,6,凱基-埔墘,2024-05-15,9288
00652,富邦印度,5,0,5,凱基-埔墘,2024-05-15,9288
5531,鄉林,5,0,5,凱基-埔墘,2024-05-15,9288
2371,大同,13,8,5,凱基-埔墘,2024-05-15,9288
00680L,元大美債20正2,5,0,5,凱基-埔墘,2024-05-15,9288
1337,再生-KY,5,0,5,凱基-埔墘,2024-05-15,9288
2495,普安,5,0,5,凱基-埔墘,2024-05-15,9288
2501,國建,342,2,340,凱基-埔墘,2024-05-16,9288
2855,統一證,128,20,108,凱基-埔墘,2024-05-16,9288
00664R,國泰臺灣加權反1,100,0,100,凱基-埔墘,2024-05-16,9288
2022,聚亨,67,0,67,凱基-埔墘,2024-05-16,9288
00939,統一台灣高息動能,50,0,50,凱基-埔墘,2024-05-16,9288
00679B,元大美債20年,62,12,50,凱基-埔墘,2024-05-16,9288
4533,協易機,106,60,46,凱基-埔墘,2024-05-16,9288
1447,力鵬,46,1,45,凱基-埔墘,2024-05-16,9288
2609,陽明,92,53,39,凱基-埔墘,2024-05-16,9288
2038,海光,31,0,31,凱基-埔墘,2024-05-16,9288
2408,南亞科,29,1,28,凱基-埔墘,2024-05-16,9288
2603,長榮,48,20,28,凱基-埔墘,2024-05-16,9288
00665L,富邦�琤肭磪囓�2,28,1,27,凱基-埔墘,2024-05-16,9288
00637L,元大滬深300正2,30,9,21,凱基-埔墘,2024-05-16,9288
00945B,凱基美國非投等債,20,0,20,凱基-埔墘,2024-05-16,9288
1810,和成,20,0,20,凱基-埔墘,2024-05-16,9288
2412,中華電,20,0,20,凱基-埔墘,2024-05-16,9288
9944,新麗,20,3,17,凱基-埔墘,2024-05-16,9288
5351,鈺創,25,9,16,凱基-埔墘,2024-05-16,9288
8415,大國鋼,16,0,16,凱基-埔墘,2024-05-16,9288
2382,廣達,24,8,16,凱基-埔墘,2024-05-16,9288
2359,所羅門,27,12,15,凱基-埔墘,2024-05-16,9288
2612,中航,14,0,14,凱基-埔墘,2024-05-16,9288
5511,德昌,14,0,14,凱基-埔墘,2024-05-16,9288
2476,鉅祥,15,1,14,凱基-埔墘,2024-05-16,9288
1532,勤美,13,1,12,凱基-埔墘,2024-05-16,9288
6805,富世達,11,0,11,凱基-埔墘,2024-05-16,9288
3437,榮創,10,0,10,凱基-埔墘,2024-05-16,9288
2010,春源,10,0,10,凱基-埔墘,2024-05-16,9288
2012,春雨,10,0,10,凱基-埔墘,2024-05-16,9288
2363,矽統,73,63,10,凱基-埔墘,2024-05-16,9288
2514,龍邦,20,10,10,凱基-埔墘,2024-05-16,9288
2911,麗嬰房,10,0,10,凱基-埔墘,2024-05-16,9288
3706,神達,9,0,9,凱基-埔墘,2024-05-16,9288
2630,亞航,7,0,7,凱基-埔墘,2024-05-16,9288
3231,緯創,15,8,7,凱基-埔墘,2024-05-16,9288
2301,光寶科,7,0,7,凱基-埔墘,2024-05-16,9288
00687B,國泰20年美債,6,0,6,凱基-埔墘,2024-05-16,9288
1312,國喬,6,0,6,凱基-埔墘,2024-05-16,9288
2495,普安,7,1,6,凱基-埔墘,2024-05-16,9288
00933B,國泰10Y+金融債,10,5,5,凱基-埔墘,2024-05-16,9288
1444,力麗,5,0,5,凱基-埔墘,2024-05-16,9288
1618,合機,5,0,5,凱基-埔墘,2024-05-16,9288
3025,星通,5,0,5,凱基-埔墘,2024-05-16,9288
4580,捷流閥業,5,0,5,凱基-埔墘,2024-05-16,9288
5356,協益,5,0,5,凱基-埔墘,2024-05-16,9288
6015,宏遠證,5,0,5,凱基-埔墘,2024-05-16,9288
6643,M31,5,0,5,凱基-埔墘,2024-05-16,9288
8131,福懋科,5,0,5,凱基-埔墘,2024-05-16,9288
8917,欣泰,5,0,5,凱基-埔墘,2024-05-16,9288
00929,復華台灣科技優息,147,1,146,凱基-埔墘,2024-05-17,9288
2637,慧洋-KY,87,0,87,凱基-埔墘,2024-05-17,9288
2489,瑞軒,74,8,66,凱基-埔墘,2024-05-17,9288
5498,凱崴,66,0,66,凱基-埔墘,2024-05-17,9288
2312,金寶,65,0,65,凱基-埔墘,2024-05-17,9288
3305,昇貿,55,0,55,凱基-埔墘,2024-05-17,9288
2367,燿華,88,35,53,凱基-埔墘,2024-05-17,9288
00940,元大台灣價值高息,45,0,45,凱基-埔墘,2024-05-17,9288
6770,力積電,42,2,40,凱基-埔墘,2024-05-17,9288
00679B,元大美債20年,36,0,36,凱基-埔墘,2024-05-17,9288
2009,第一銅,34,0,34,凱基-埔墘,2024-05-17,9288
2383,台光電,35,3,32,凱基-埔墘,2024-05-17,9288
00878,國泰永續高股息,39,7,32,凱基-埔墘,2024-05-17,9288
2344,華邦電,31,0,31,凱基-埔墘,2024-05-17,9288
2610,華航,67,37,30,凱基-埔墘,2024-05-17,9288
1455,集盛,26,1,25,凱基-埔墘,2024-05-17,9288
2353,宏��,20,0,20,凱基-埔墘,2024-05-17,9288
00919,群益台灣精選高息,21,5,16,凱基-埔墘,2024-05-17,9288
00680L,元大美債20正2,20,5,15,凱基-埔墘,2024-05-17,9288
1785,光洋科,15,0,15,凱基-埔墘,2024-05-17,9288
2356,英業達,15,0,15,凱基-埔墘,2024-05-17,9288
3715,定穎投控,15,1,14,凱基-埔墘,2024-05-17,9288
3312,弘憶股,27,15,12,凱基-埔墘,2024-05-17,9288
2371,大同,13,1,12,凱基-埔墘,2024-05-17,9288
3259,鑫創,12,0,12,凱基-埔墘,2024-05-17,9288
6229,研通,14,2,12,凱基-埔墘,2024-05-17,9288
6477,安集,11,0,11,凱基-埔墘,2024-05-17,9288
00687B,國泰20年美債,11,0,11,凱基-埔墘,2024-05-17,9288
1608,華榮,14,3,11,凱基-埔墘,2024-05-17,9288
2514,龍邦,11,1,10,凱基-埔墘,2024-05-17,9288
2911,麗嬰房,10,0,10,凱基-埔墘,2024-05-17,9288
4927,泰鼎-KY,10,0,10,凱基-埔墘,2024-05-17,9288
4968,立積,11,1,10,凱基-埔墘,2024-05-17,9288
2409,友達,9,0,9,凱基-埔墘,2024-05-17,9288
3706,神達,10,1,9,凱基-埔墘,2024-05-17,9288
2408,南亞科,10,1,9,凱基-埔墘,2024-05-17,9288
1584,精剛,10,1,9,凱基-埔墘,2024-05-17,9288
00944,野村趨勢動能高息,8,0,8,凱基-埔墘,2024-05-17,9288
3060,銘異,8,0,8,凱基-埔墘,2024-05-17,9288
3024,憶聲,7,0,7,凱基-埔墘,2024-05-17,9288
3231,緯創,8,2,6,凱基-埔墘,2024-05-17,9288
2101,南港,6,0,6,凱基-埔墘,2024-05-17,9288
2613,中櫃,7,1,6,凱基-埔墘,2024-05-17,9288
6143,振曜,6,0,6,凱基-埔墘,2024-05-17,9288
1438,三地開發,5,0,5,凱基-埔墘,2024-05-17,9288
1447,力鵬,5,0,5,凱基-埔墘,2024-05-17,9288
2038,海光,5,0,5,凱基-埔墘,2024-05-17,9288
2476,鉅祥,5,0,5,凱基-埔墘,2024-05-17,9288
2481,強茂,5,0,5,凱基-埔墘,2024-05-17,9288
2606,裕民,5,0,5,凱基-埔墘,2024-05-17,9288
2392,正崴,303,8,295,凱基-埔墘,2024-05-20,9288
00632R,元大台灣50反1,200,0,200,凱基-埔墘,2024-05-20,9288
00929,復華台灣科技優息,184,10,174,凱基-埔墘,2024-05-20,9288
8110,華東,106,0,106,凱基-埔墘,2024-05-20,9288
5014,建錩,51,1,50,凱基-埔墘,2024-05-20,9288
2022,聚亨,42,1,41,凱基-埔墘,2024-05-20,9288
2317,鴻海,47,11,36,凱基-埔墘,2024-05-20,9288
2603,長榮,39,4,35,凱基-埔墘,2024-05-20,9288
2520,冠德,31,4,27,凱基-埔墘,2024-05-20,9288
2867,三商壽,38,13,25,凱基-埔墘,2024-05-20,9288
3017,奇鋐,24,3,21,凱基-埔墘,2024-05-20,9288
6706,惠特,20,0,20,凱基-埔墘,2024-05-20,9288
8415,大國鋼,17,0,17,凱基-埔墘,2024-05-20,9288
2637,慧洋-KY,17,4,13,凱基-埔墘,2024-05-20,9288
3231,緯創,12,1,11,凱基-埔墘,2024-05-20,9288
8028,昇陽半導體,12,2,10,凱基-埔墘,2024-05-20,9288
00891,中信關鍵半導體,10,0,10,凱基-埔墘,2024-05-20,9288
2911,麗嬰房,10,0,10,凱基-埔墘,2024-05-20,9288
4906,正文,51,41,10,凱基-埔墘,2024-05-20,9288
6127,九豪,10,0,10,凱基-埔墘,2024-05-20,9288
3596,智易,10,0,10,凱基-埔墘,2024-05-20,9288
00857B,永豐20年美公債,10,0,10,凱基-埔墘,2024-05-20,9288
00715L,期街口布蘭特正2,9,0,9,凱基-埔墘,2024-05-20,9288
00650L,復華香港正2,10,1,9,凱基-埔墘,2024-05-20,9288
2613,中櫃,7,0,7,凱基-埔墘,2024-05-20,9288
3047,訊舟,7,0,7,凱基-埔墘,2024-05-20,9288
3605,宏致,14,7,7,凱基-埔墘,2024-05-20,9288
4976,佳凌,7,0,7,凱基-埔墘,2024-05-20,9288
6282,康舒,7,0,7,凱基-埔墘,2024-05-20,9288
3234,光環,6,0,6,凱基-埔墘,2024-05-20,9288
2610,華航,25,19,6,凱基-埔墘,2024-05-20,9288
2852,第一保,6,0,6,凱基-埔墘,2024-05-20,9288
3686,達能,6,0,6,凱基-埔墘,2024-05-20,9288
6928,攸泰科技,9,3,6,凱基-埔墘,2024-05-20,9288
00931B,統一美債20年,5,0,5,凱基-埔墘,2024-05-20,9288
6425,易發,5,0,5,凱基-埔墘,2024-05-20,9288
00944,野村趨勢動能高息,5,0,5,凱基-埔墘,2024-05-20,9288
1605,華新,47,42,5,凱基-埔墘,2024-05-20,9288
2025,千興,5,0,5,凱基-埔墘,2024-05-20,9288
2102,泰豐,5,0,5,凱基-埔墘,2024-05-20,9288
2481,強茂,5,0,5,凱基-埔墘,2024-05-20,9288
2855,統一證,5,0,5,凱基-埔墘,2024-05-20,9288
3024,憶聲,5,0,5,凱基-埔墘,2024-05-20,9288
3033,威健,9,4,5,凱基-埔墘,2024-05-20,9288
3615,安可,5,0,5,凱基-埔墘,2024-05-20,9288
5009,榮剛,5,0,5,凱基-埔墘,2024-05-20,9288
6123,上奇,5,0,5,凱基-埔墘,2024-05-20,9288
6177,達麗,5,0,5,凱基-埔墘,2024-05-20,9288
2352,佳世達,5,0,5,凱基-埔墘,2024-05-20,9288
1301,台塑,5,0,5,凱基-埔墘,2024-05-20,9288
2022,聚亨,91,0,91,凱基-埔墘,2024-05-21,9288
2891,中信金,53,1,52,凱基-埔墘,2024-05-21,9288
2312,金寶,51,2,49,凱基-埔墘,2024-05-21,9288
2303,聯電,58,16,42,凱基-埔墘,2024-05-21,9288
8050,廣積,40,0,40,凱基-埔墘,2024-05-21,9288
1605,華新,50,14,36,凱基-埔墘,2024-05-21,9288
00665L,富邦�琤肭磪囓�2,31,0,31,凱基-埔墘,2024-05-21,9288
2409,友達,30,0,30,凱基-埔墘,2024-05-21,9288
2883,凱基金,30,0,30,凱基-埔墘,2024-05-21,9288
00915,凱基優選高股息30,40,14,26,凱基-埔墘,2024-05-21,9288
3689,湧德,32,10,22,凱基-埔墘,2024-05-21,9288
2344,華邦電,21,0,21,凱基-埔墘,2024-05-21,9288
2365,昆盈,26,5,21,凱基-埔墘,2024-05-21,9288
00688L,國泰20年美債正2,20,0,20,凱基-埔墘,2024-05-21,9288
2385,群光,20,0,20,凱基-埔墘,2024-05-21,9288
00650L,復華香港正2,18,0,18,凱基-埔墘,2024-05-21,9288
2009,第一銅,22,5,17,凱基-埔墘,2024-05-21,9288
2352,佳世達,16,0,16,凱基-埔墘,2024-05-21,9288
2354,鴻準,21,5,16,凱基-埔墘,2024-05-21,9288
8415,大國鋼,16,0,16,凱基-埔墘,2024-05-21,9288
00946,群益科技高息成長,15,0,15,凱基-埔墘,2024-05-21,9288
3360,尚立,15,0,15,凱基-埔墘,2024-05-21,9288
5536,聖暉*,15,0,15,凱基-埔墘,2024-05-21,9288
2329,華泰,13,1,12,凱基-埔墘,2024-05-21,9288
2537,聯上發,12,0,12,凱基-埔墘,2024-05-21,9288
8054,安國,18,6,12,凱基-埔墘,2024-05-21,9288
00939,統一台灣高息動能,15,4,11,凱基-埔墘,2024-05-21,9288
00753L,中信中國50正2,15,4,11,凱基-埔墘,2024-05-21,9288
00944,野村趨勢動能高息,11,0,11,凱基-埔墘,2024-05-21,9288
2887,台新金,10,0,10,凱基-埔墘,2024-05-21,9288
3010,華立,10,0,10,凱基-埔墘,2024-05-21,9288
5512,力麒,10,0,10,凱基-埔墘,2024-05-21,9288
7402,邑錡,10,0,10,凱基-埔墘,2024-05-21,9288
00878,國泰永續高股息,9,0,9,凱基-埔墘,2024-05-21,9288
2634,漢翔,9,0,9,凱基-埔墘,2024-05-21,9288
8086,宏捷科,9,0,9,凱基-埔墘,2024-05-21,9288
5443,均豪,9,1,8,凱基-埔墘,2024-05-21,9288
2888,新光金,7,0,7,凱基-埔墘,2024-05-21,9288
1584,精剛,7,0,7,凱基-埔墘,2024-05-21,9288
1752,南光,8,1,7,凱基-埔墘,2024-05-21,9288
5371,中光電,15,8,7,凱基-埔墘,2024-05-21,9288
00715L,期街口布蘭特正2,6,0,6,凱基-埔墘,2024-05-21,9288
2392,正崴,7,1,6,凱基-埔墘,2024-05-21,9288
2606,裕民,6,0,6,凱基-埔墘,2024-05-21,9288
2812,台中銀,6,0,6,凱基-埔墘,2024-05-21,9288
9945,潤泰新,5,0,5,凱基-埔墘,2024-05-21,9288
5531,鄉林,5,0,5,凱基-埔墘,2024-05-21,9288
00909,國泰數位支付服務,5,0,5,凱基-埔墘,2024-05-21,9288
3050,鈺德,5,0,5,凱基-埔墘,2024-05-21,9288
6770,力積電,6,1,5,凱基-埔墘,2024-05-21,9288
2303,聯電,93,32,61,凱基-埔墘,2024-05-22,9288
2367,燿華,57,6,51,凱基-埔墘,2024-05-22,9288
6264,富裔,48,0,48,凱基-埔墘,2024-05-22,9288
00937B,群益ESG投等債20,53,10,43,凱基-埔墘,2024-05-22,9288
00715L,期街口布蘭特正2,37,0,37,凱基-埔墘,2024-05-22,9288
3321,同泰,39,5,34,凱基-埔墘,2024-05-22,9288
2356,英業達,39,12,27,凱基-埔墘,2024-05-22,9288
2371,大同,36,10,26,凱基-埔墘,2024-05-22,9288
1513,中興電,25,0,25,凱基-埔墘,2024-05-22,9288
5230,雷笛克光學,30,5,25,凱基-埔墘,2024-05-22,9288
00857B,永豐20年美公債,23,0,23,凱基-埔墘,2024-05-22,9288
2867,三商壽,26,3,23,凱基-埔墘,2024-05-22,9288
3047,訊舟,34,11,23,凱基-埔墘,2024-05-22,9288
2618,長榮航,20,0,20,凱基-埔墘,2024-05-22,9288
2641,正德,20,0,20,凱基-埔墘,2024-05-22,9288
2617,台航,18,1,17,凱基-埔墘,2024-05-22,9288
3360,尚立,20,3,17,凱基-埔墘,2024-05-22,9288
8110,華東,123,106,17,凱基-埔墘,2024-05-22,9288
2359,所羅門,35,19,16,凱基-埔墘,2024-05-22,9288
00915,凱基優選高股息30,16,0,16,凱基-埔墘,2024-05-22,9288
2312,金寶,16,0,16,凱基-埔墘,2024-05-22,9288
8917,欣泰,16,0,16,凱基-埔墘,2024-05-22,9288
3025,星通,15,0,15,凱基-埔墘,2024-05-22,9288
2002,中鋼,15,1,14,凱基-埔墘,2024-05-22,9288
3265,台星科,14,0,14,凱基-埔墘,2024-05-22,9288
2834,臺企銀,12,0,12,凱基-埔墘,2024-05-22,9288
5392,能率,133,121,12,凱基-埔墘,2024-05-22,9288
3013,晟銘電,19,8,11,凱基-埔墘,2024-05-22,9288
6834,天二科技,17,6,11,凱基-埔墘,2024-05-22,9288
00753L,中信中國50正2,15,5,10,凱基-埔墘,2024-05-22,9288
2363,矽統,26,16,10,凱基-埔墘,2024-05-22,9288
2449,京元電子,11,1,10,凱基-埔墘,2024-05-22,9288
8222,寶一,10,0,10,凱基-埔墘,2024-05-22,9288
2330,台積電,15,6,9,凱基-埔墘,2024-05-22,9288
00932,兆豐永續高息等權,8,0,8,凱基-埔墘,2024-05-22,9288
2314,台揚,8,0,8,凱基-埔墘,2024-05-22,9288
6125,廣運,41,34,7,凱基-埔墘,2024-05-22,9288
6191,精成科,10,3,7,凱基-埔墘,2024-05-22,9288
1301,台塑,6,0,6,凱基-埔墘,2024-05-22,9288
2504,國產,7,1,6,凱基-埔墘,2024-05-22,9288
6274,台燿,7,1,6,凱基-埔墘,2024-05-22,9288
00922,國泰台灣領袖50,5,0,5,凱基-埔墘,2024-05-22,9288
1584,精剛,5,0,5,凱基-埔墘,2024-05-22,9288
2014,中鴻,5,0,5,凱基-埔墘,2024-05-22,9288
2353,宏��,40,35,5,凱基-埔墘,2024-05-22,9288
2355,敬鵬,5,0,5,凱基-埔墘,2024-05-22,9288
2609,陽明,8,3,5,凱基-埔墘,2024-05-22,9288
2887,台新金,5,0,5,凱基-埔墘,2024-05-22,9288
3374,精材,5,0,5,凱基-埔墘,2024-05-22,9288
5443,均豪,12,7,5,凱基-埔墘,2024-05-22,9288
6805,富世達,181,1,180,凱基-埔墘,2024-05-23,9288
2371,大同,117,0,117,凱基-埔墘,2024-05-23,9288
3483,力致,89,11,78,凱基-埔墘,2024-05-23,9288
6264,富裔,52,0,52,凱基-埔墘,2024-05-23,9288
3537,堡達,54,3,51,凱基-埔墘,2024-05-23,9288
2611,志信,40,0,40,凱基-埔墘,2024-05-23,9288
5213,亞昕,36,0,36,凱基-埔墘,2024-05-23,9288
00637L,元大滬深300正2,32,0,32,凱基-埔墘,2024-05-23,9288
2537,聯上發,31,0,31,凱基-埔墘,2024-05-23,9288
00946,群益科技高息成長,30,0,30,凱基-埔墘,2024-05-23,9288
2486,一詮,29,2,27,凱基-埔墘,2024-05-23,9288
2603,長榮,27,2,25,凱基-埔墘,2024-05-23,9288
2409,友達,22,0,22,凱基-埔墘,2024-05-23,9288
00940,元大台灣價值高息,23,3,20,凱基-埔墘,2024-05-23,9288
1402,遠東新,20,0,20,凱基-埔墘,2024-05-23,9288
00665L,富邦�琤肭磪囓�2,20,0,20,凱基-埔墘,2024-05-23,9288
00937B,群益ESG投等債20,19,0,19,凱基-埔墘,2024-05-23,9288
00944,野村趨勢動能高息,18,2,16,凱基-埔墘,2024-05-23,9288
00632R,元大台灣50反1,16,0,16,凱基-埔墘,2024-05-23,9288
00753L,中信中國50正2,17,2,15,凱基-埔墘,2024-05-23,9288
1584,精剛,15,0,15,凱基-埔墘,2024-05-23,9288
2101,南港,15,0,15,凱基-埔墘,2024-05-23,9288
2351,順德,15,0,15,凱基-埔墘,2024-05-23,9288
1513,中興電,15,0,15,凱基-埔墘,2024-05-23,9288
2359,所羅門,45,30,15,凱基-埔墘,2024-05-23,9288
1609,大亞,14,0,14,凱基-埔墘,2024-05-23,9288
8431,匯鑽科,14,0,14,凱基-埔墘,2024-05-23,9288
2427,三商電,13,0,13,凱基-埔墘,2024-05-23,9288
00715L,期街口布蘭特正2,15,3,12,凱基-埔墘,2024-05-23,9288
1785,光洋科,23,12,11,凱基-埔墘,2024-05-23,9288
2324,仁寶,29,18,11,凱基-埔墘,2024-05-23,9288
1409,新纖,10,0,10,凱基-埔墘,2024-05-23,9288
2464,盟立,63,53,10,凱基-埔墘,2024-05-23,9288
2601,益航,10,0,10,凱基-埔墘,2024-05-23,9288
6190,萬泰科,13,3,10,凱基-埔墘,2024-05-23,9288
8043,蜜望實,10,0,10,凱基-埔墘,2024-05-23,9288
3305,昇貿,10,1,9,凱基-埔墘,2024-05-23,9288
5230,雷笛克光學,9,0,9,凱基-埔墘,2024-05-23,9288
6215,和椿,8,0,8,凱基-埔墘,2024-05-23,9288
00919,群益台灣精選高息,10,3,7,凱基-埔墘,2024-05-23,9288
4533,協易機,101,94,7,凱基-埔墘,2024-05-23,9288
4906,正文,7,0,7,凱基-埔墘,2024-05-23,9288
00713,元大台灣高息低波,7,0,7,凱基-埔墘,2024-05-23,9288
2002,中鋼,6,0,6,凱基-埔墘,2024-05-23,9288
2637,慧洋-KY,7,1,6,凱基-埔墘,2024-05-23,9288
3312,弘憶股,7,1,6,凱基-埔墘,2024-05-23,9288
4706,大恭,6,0,6,凱基-埔墘,2024-05-23,9288
6177,達麗,6,0,6,凱基-埔墘,2024-05-23,9288
6209,今國光,11,5,6,凱基-埔墘,2024-05-23,9288
1303,南亞,5,0,5,凱基-埔墘,2024-05-23,9288
2891,中信金,100,0,100,凱基-埔墘,2024-05-24,9288
2353,宏��,138,44,94,凱基-埔墘,2024-05-24,9288
00637L,元大滬深300正2,73,6,67,凱基-埔墘,2024-05-24,9288
2363,矽統,114,61,53,凱基-埔墘,2024-05-24,9288
2617,台航,52,2,50,凱基-埔墘,2024-05-24,9288
2241,艾姆勒,39,0,39,凱基-埔墘,2024-05-24,9288
2367,燿華,84,46,38,凱基-埔墘,2024-05-24,9288
2603,長榮,57,20,37,凱基-埔墘,2024-05-24,9288
2618,長榮航,35,0,35,凱基-埔墘,2024-05-24,9288
9945,潤泰新,26,1,25,凱基-埔墘,2024-05-24,9288
2002,中鋼,24,1,23,凱基-埔墘,2024-05-24,9288
00712,復華富時不動產,22,0,22,凱基-埔墘,2024-05-24,9288
00650L,復華香港正2,32,10,22,凱基-埔墘,2024-05-24,9288
1217,愛之味,15,0,15,凱基-埔墘,2024-05-24,9288
2486,一詮,58,44,14,凱基-埔墘,2024-05-24,9288
00665L,富邦�琤肭磪囓�2,20,6,14,凱基-埔墘,2024-05-24,9288
2330,台積電,13,0,13,凱基-埔墘,2024-05-24,9288
1605,華新,13,0,13,凱基-埔墘,2024-05-24,9288
6805,富世達,13,1,12,凱基-埔墘,2024-05-24,9288
2303,聯電,18,7,11,凱基-埔墘,2024-05-24,9288
00946,群益科技高息成長,11,0,11,凱基-埔墘,2024-05-24,9288
5213,亞昕,11,0,11,凱基-埔墘,2024-05-24,9288
1815,富喬,129,118,11,凱基-埔墘,2024-05-24,9288
3545,敦泰,10,0,10,凱基-埔墘,2024-05-24,9288
1440,南紡,10,0,10,凱基-埔墘,2024-05-24,9288
1314,中石化,10,0,10,凱基-埔墘,2024-05-24,9288
00725B,國泰投資級公司債,10,0,10,凱基-埔墘,2024-05-24,9288
2883,凱基金,10,0,10,凱基-埔墘,2024-05-24,9288
3037,欣興,10,0,10,凱基-埔墘,2024-05-24,9288
3141,晶宏,10,0,10,凱基-埔墘,2024-05-24,9288
6196,帆宣,10,0,10,凱基-埔墘,2024-05-24,9288
6558,興能高,10,0,10,凱基-埔墘,2024-05-24,9288
00940,元大台灣價值高息,11,2,9,凱基-埔墘,2024-05-24,9288
4540,全球傳動,9,0,9,凱基-埔墘,2024-05-24,9288
6167,久正,8,0,8,凱基-埔墘,2024-05-24,9288
00679B,元大美債20年,7,0,7,凱基-埔墘,2024-05-24,9288
2392,正崴,7,0,7,凱基-埔墘,2024-05-24,9288
6770,力積電,7,0,7,凱基-埔墘,2024-05-24,9288
00919,群益台灣精選高息,15,9,6,凱基-埔墘,2024-05-24,9288
2610,華航,7,1,6,凱基-埔墘,2024-05-24,9288
2630,亞航,6,0,6,凱基-埔墘,2024-05-24,9288
3055,蔚華科,21,15,6,凱基-埔墘,2024-05-24,9288
00929,復華台灣科技優息,30,25,5,凱基-埔墘,2024-05-24,9288
1303,南亞,5,0,5,凱基-埔墘,2024-05-24,9288
2884,玉山金,5,0,5,凱基-埔墘,2024-05-24,9288
1301,台塑,5,0,5,凱基-埔墘,2024-05-24,9288
00891,中信關鍵半導體,5,0,5,凱基-埔墘,2024-05-24,9288
00882,中信中國高股息,5,0,5,凱基-埔墘,2024-05-24,9288
2351,順德,5,0,5,凱基-埔墘,2024-05-24,9288
2495,普安,6,1,5,凱基-埔墘,2024-05-24,9288
2236,百達-KY,100,0,100,凱基-埔墘,2024-05-27,9288
00878,國泰永續高股息,102,41,61,凱基-埔墘,2024-05-27,9288
2344,華邦電,60,0,60,凱基-埔墘,2024-05-27,9288
00937B,群益ESG投等債20,54,0,54,凱基-埔墘,2024-05-27,9288
2891,中信金,50,0,50,凱基-埔墘,2024-05-27,9288
9105,泰金寶-DR,47,0,47,凱基-埔墘,2024-05-27,9288
2353,宏��,84,41,43,凱基-埔墘,2024-05-27,9288
2412,中華電,37,0,37,凱基-埔墘,2024-05-27,9288
2855,統一證,35,0,35,凱基-埔墘,2024-05-27,9288
3058,立德,25,0,25,凱基-埔墘,2024-05-27,9288
3088,艾訊,25,0,25,凱基-埔墘,2024-05-27,9288
6770,力積電,27,5,22,凱基-埔墘,2024-05-27,9288
00942B,台新美A公司債20+,20,0,20,凱基-埔墘,2024-05-27,9288
2481,強茂,20,0,20,凱基-埔墘,2024-05-27,9288
6284,佳邦,15,0,15,凱基-埔墘,2024-05-27,9288
00637L,元大滬深300正2,14,0,14,凱基-埔墘,2024-05-27,9288
1815,富喬,136,122,14,凱基-埔墘,2024-05-27,9288
2371,大同,15,1,14,凱基-埔墘,2024-05-27,9288
2330,台積電,14,0,14,凱基-埔墘,2024-05-27,9288
00679B,元大美債20年,13,0,13,凱基-埔墘,2024-05-27,9288
3027,盛達,12,0,12,凱基-埔墘,2024-05-27,9288
00940,元大台灣價值高息,19,8,11,凱基-埔墘,2024-05-27,9288
3483,力致,11,0,11,凱基-埔墘,2024-05-27,9288
00795B,中信美國公債20年,10,0,10,凱基-埔墘,2024-05-27,9288
5531,鄉林,12,2,10,凱基-埔墘,2024-05-27,9288
6414,樺漢,10,0,10,凱基-埔墘,2024-05-27,9288
2367,燿華,41,32,9,凱基-埔墘,2024-05-27,9288
2352,佳世達,14,5,9,凱基-埔墘,2024-05-27,9288
2618,長榮航,9,0,9,凱基-埔墘,2024-05-27,9288
5285,界霖,9,0,9,凱基-埔墘,2024-05-27,9288
6133,金橋,9,0,9,凱基-埔墘,2024-05-27,9288
2603,長榮,16,7,9,凱基-埔墘,2024-05-27,9288
2002,中鋼,10,1,9,凱基-埔墘,2024-05-27,9288
2369,菱生,11,3,8,凱基-埔墘,2024-05-27,9288
00665L,富邦�琤肭磪囓�2,13,6,7,凱基-埔墘,2024-05-27,9288
2347,聯強,7,0,7,凱基-埔墘,2024-05-27,9288
2867,三商壽,22,15,7,凱基-埔墘,2024-05-27,9288
5212,凌網,7,0,7,凱基-埔墘,2024-05-27,9288
2609,陽明,15,8,7,凱基-埔墘,2024-05-27,9288
2454,聯發科,10,3,7,凱基-埔墘,2024-05-27,9288
2356,英業達,10,4,6,凱基-埔墘,2024-05-27,9288
3481,群創,15,9,6,凱基-埔墘,2024-05-27,9288
2328,廣宇,6,0,6,凱基-埔墘,2024-05-27,9288
2641,正德,7,1,6,凱基-埔墘,2024-05-27,9288
3265,台星科,6,0,6,凱基-埔墘,2024-05-27,9288
3489,森寶,6,0,6,凱基-埔墘,2024-05-27,9288
4513,福裕,6,0,6,凱基-埔墘,2024-05-27,9288
1710,東聯,5,0,5,凱基-埔墘,2024-05-27,9288
00933B,國泰10Y+金融債,5,0,5,凱基-埔墘,2024-05-27,9288
00905,FT臺灣Smart,5,0,5,凱基-埔墘,2024-05-27,9288
00937B,群益ESG投等債20,93,0,93,凱基-埔墘,2024-05-28,9288
2905,三商,59,0,59,凱基-埔墘,2024-05-28,9288
6167,久正,50,0,50,凱基-埔墘,2024-05-28,9288
00939,統一台灣高息動能,50,3,47,凱基-埔墘,2024-05-28,9288
00940,元大台灣價值高息,47,4,43,凱基-埔墘,2024-05-28,9288
00878,國泰永續高股息,39,0,39,凱基-埔墘,2024-05-28,9288
2349,錸德,25,0,25,凱基-埔墘,2024-05-28,9288
6147,頎邦,23,0,23,凱基-埔墘,2024-05-28,9288
3231,緯創,41,20,21,凱基-埔墘,2024-05-28,9288
5498,凱崴,24,5,19,凱基-埔墘,2024-05-28,9288
9940,信義,16,0,16,凱基-埔墘,2024-05-28,9288
00679B,元大美債20年,15,0,15,凱基-埔墘,2024-05-28,9288
6790,永豐實,15,0,15,凱基-埔墘,2024-05-28,9288
2317,鴻海,23,11,12,凱基-埔墘,2024-05-28,9288
2328,廣宇,14,2,12,凱基-埔墘,2024-05-28,9288
00795B,中信美國公債20年,11,0,11,凱基-埔墘,2024-05-28,9288
2356,英業達,24,13,11,凱基-埔墘,2024-05-28,9288
5230,雷笛克光學,11,0,11,凱基-埔墘,2024-05-28,9288
6133,金橋,11,0,11,凱基-埔墘,2024-05-28,9288
2419,仲琦,10,0,10,凱基-埔墘,2024-05-28,9288
2481,強茂,10,0,10,凱基-埔墘,2024-05-28,9288
3088,艾訊,10,0,10,凱基-埔墘,2024-05-28,9288
3306,鼎天,14,4,10,凱基-埔墘,2024-05-28,9288
3489,森寶,10,0,10,凱基-埔墘,2024-05-28,9288
2891,中信金,9,0,9,凱基-埔墘,2024-05-28,9288
3624,光頡,10,1,9,凱基-埔墘,2024-05-28,9288
6285,啟��,8,0,8,凱基-埔墘,2024-05-28,9288
006208,富邦台50,7,0,7,凱基-埔墘,2024-05-28,9288
2630,亞航,7,0,7,凱基-埔墘,2024-05-28,9288
3055,蔚華科,9,2,7,凱基-埔墘,2024-05-28,9288
2340,台亞,8,2,6,凱基-埔墘,2024-05-28,9288
5706,鳳凰,7,1,6,凱基-埔墘,2024-05-28,9288
00830,國泰費城半導體,6,0,6,凱基-埔墘,2024-05-28,9288
00712,復華富時不動產,6,0,6,凱基-埔墘,2024-05-28,9288
2886,兆豐金,6,0,6,凱基-埔墘,2024-05-28,9288
5285,界霖,6,0,6,凱基-埔墘,2024-05-28,9288
6168,宏齊,6,0,6,凱基-埔墘,2024-05-28,9288
6177,達麗,6,0,6,凱基-埔墘,2024-05-28,9288
6187,萬潤,6,0,6,凱基-埔墘,2024-05-28,9288
1326,台化,5,0,5,凱基-埔墘,2024-05-28,9288
2323,中環,12,7,5,凱基-埔墘,2024-05-28,9288
2371,大同,9,4,5,凱基-埔墘,2024-05-28,9288
2408,南亞科,6,1,5,凱基-埔墘,2024-05-28,9288
3202,樺晟,5,0,5,凱基-埔墘,2024-05-28,9288
3673,TPK-KY,5,0,5,凱基-埔墘,2024-05-28,9288
4543,萬在,58,53,5,凱基-埔墘,2024-05-28,9288
6274,台燿,5,0,5,凱基-埔墘,2024-05-28,9288
1316,上曜,6,2,4,凱基-埔墘,2024-05-28,9288
2250,IKKA-KY,7,3,4,凱基-埔墘,2024-05-28,9288
2354,鴻準,64,60,4,凱基-埔墘,2024-05-28,9288
00878,國泰永續高股息,351,28,323,凱基-埔墘,2024-05-29,9288
2412,中華電,55,0,55,凱基-埔墘,2024-05-29,9288
00937B,群益ESG投等債20,54,0,54,凱基-埔墘,2024-05-29,9288
00795B,中信美國公債20年,52,0,52,凱基-埔墘,2024-05-29,9288
3035,智原,52,5,47,凱基-埔墘,2024-05-29,9288
2891,中信金,44,2,42,凱基-埔墘,2024-05-29,9288
2617,台航,42,0,42,凱基-埔墘,2024-05-29,9288
00919,群益台灣精選高息,45,5,40,凱基-埔墘,2024-05-29,9288
00679B,元大美債20年,33,0,33,凱基-埔墘,2024-05-29,9288
2888,新光金,60,31,29,凱基-埔墘,2024-05-29,9288
3058,立德,27,0,27,凱基-埔墘,2024-05-29,9288
00715L,期街口布蘭特正2,30,5,25,凱基-埔墘,2024-05-29,9288
6147,頎邦,24,0,24,凱基-埔墘,2024-05-29,9288
00753L,中信中國50正2,21,0,21,凱基-埔墘,2024-05-29,9288
2401,凌陽,62,42,20,凱基-埔墘,2024-05-29,9288
2317,鴻海,24,4,20,凱基-埔墘,2024-05-29,9288
9940,信義,18,0,18,凱基-埔墘,2024-05-29,9288
2610,華航,23,6,17,凱基-埔墘,2024-05-29,9288
6167,久正,17,0,17,凱基-埔墘,2024-05-29,9288
2356,英業達,16,0,16,凱基-埔墘,2024-05-29,9288
2834,臺企銀,15,0,15,凱基-埔墘,2024-05-29,9288
00942B,台新美A公司債20+,14,0,14,凱基-埔墘,2024-05-29,9288
3045,台灣大,14,0,14,凱基-埔墘,2024-05-29,9288
3689,湧德,13,0,13,凱基-埔墘,2024-05-29,9288
00687B,國泰20年美債,13,1,12,凱基-埔墘,2024-05-29,9288
2886,兆豐金,12,0,12,凱基-埔墘,2024-05-29,9288
2409,友達,12,0,12,凱基-埔墘,2024-05-29,9288
2363,矽統,13,3,10,凱基-埔墘,2024-05-29,9288
2368,金像電,10,0,10,凱基-埔墘,2024-05-29,9288
2897,王道銀行,10,0,10,凱基-埔墘,2024-05-29,9288
3005,神基,10,0,10,凱基-埔墘,2024-05-29,9288
6120,達運,10,0,10,凱基-埔墘,2024-05-29,9288
9919,康那香,10,0,10,凱基-埔墘,2024-05-29,9288
3231,緯創,13,4,9,凱基-埔墘,2024-05-29,9288
00688L,國泰20年美債正2,9,0,9,凱基-埔墘,2024-05-29,9288
2101,南港,9,0,9,凱基-埔墘,2024-05-29,9288
6187,萬潤,9,0,9,凱基-埔墘,2024-05-29,9288
8906,花王,9,0,9,凱基-埔墘,2024-05-29,9288
3047,訊舟,21,12,9,凱基-埔墘,2024-05-29,9288
2614,東森,8,0,8,凱基-埔墘,2024-05-29,9288
2010,春源,7,0,7,凱基-埔墘,2024-05-29,9288
6224,聚鼎,7,0,7,凱基-埔墘,2024-05-29,9288
2340,台亞,7,0,7,凱基-埔墘,2024-05-29,9288
2365,昆盈,8,1,7,凱基-埔墘,2024-05-29,9288
2330,台積電,6,0,6,凱基-埔墘,2024-05-29,9288
2884,玉山金,6,0,6,凱基-埔墘,2024-05-29,9288
2337,旺宏,6,0,6,凱基-埔墘,2024-05-29,9288
2427,三商電,6,0,6,凱基-埔墘,2024-05-29,9288
2478,大毅,6,0,6,凱基-埔墘,2024-05-29,9288
2630,亞航,6,0,6,凱基-埔墘,2024-05-29,9288
00637L,元大滬深300正2,78,0,78,凱基-埔墘,2024-05-30,9288
00937B,群益ESG投等債20,71,0,71,凱基-埔墘,2024-05-30,9288
00680L,元大美債20正2,60,0,60,凱基-埔墘,2024-05-30,9288
00929,復華台灣科技優息,156,101,55,凱基-埔墘,2024-05-30,9288
2344,華邦電,52,2,50,凱基-埔墘,2024-05-30,9288
2476,鉅祥,48,1,47,凱基-埔墘,2024-05-30,9288
00679B,元大美債20年,46,0,46,凱基-埔墘,2024-05-30,9288
2618,長榮航,44,2,42,凱基-埔墘,2024-05-30,9288
2610,華航,49,8,41,凱基-埔墘,2024-05-30,9288
2617,台航,42,1,41,凱基-埔墘,2024-05-30,9288
2834,臺企銀,41,0,41,凱基-埔墘,2024-05-30,9288
1815,富喬,47,14,33,凱基-埔墘,2024-05-30,9288
6126,信音,31,2,29,凱基-埔墘,2024-05-30,9288
4533,協易機,49,26,23,凱基-埔墘,2024-05-30,9288
3481,群創,22,0,22,凱基-埔墘,2024-05-30,9288
00940,元大台灣價值高息,22,4,18,凱基-埔墘,2024-05-30,9288
2353,宏��,28,11,17,凱基-埔墘,2024-05-30,9288
00632R,元大台灣50反1,37,20,17,凱基-埔墘,2024-05-30,9288
4906,正文,22,5,17,凱基-埔墘,2024-05-30,9288
5243,乙盛-KY,16,0,16,凱基-埔墘,2024-05-30,9288
2891,中信金,18,2,16,凱基-埔墘,2024-05-30,9288
00946,群益科技高息成長,17,2,15,凱基-埔墘,2024-05-30,9288
6805,富世達,14,0,14,凱基-埔墘,2024-05-30,9288
1316,上曜,16,2,14,凱基-埔墘,2024-05-30,9288
2401,凌陽,24,10,14,凱基-埔墘,2024-05-30,9288
2888,新光金,14,0,14,凱基-埔墘,2024-05-30,9288
2606,裕民,14,1,13,凱基-埔墘,2024-05-30,9288
2317,鴻海,18,6,12,凱基-埔墘,2024-05-30,9288
00650L,復華香港正2,12,0,12,凱基-埔墘,2024-05-30,9288
006208,富邦台50,11,0,11,凱基-埔墘,2024-05-30,9288
3035,智原,13,2,11,凱基-埔墘,2024-05-30,9288
3338,泰碩,19,8,11,凱基-埔墘,2024-05-30,9288
5285,界霖,11,0,11,凱基-埔墘,2024-05-30,9288
6269,台郡,10,0,10,凱基-埔墘,2024-05-30,9288
00795B,中信美國公債20年,10,0,10,凱基-埔墘,2024-05-30,9288
00751B,元大AAA至A公司債,10,0,10,凱基-埔墘,2024-05-30,9288
2340,台亞,10,0,10,凱基-埔墘,2024-05-30,9288
2363,矽統,11,1,10,凱基-埔墘,2024-05-30,9288
2613,中櫃,16,6,10,凱基-埔墘,2024-05-30,9288
3032,偉訓,10,0,10,凱基-埔墘,2024-05-30,9288
6190,萬泰科,10,0,10,凱基-埔墘,2024-05-30,9288
1303,南亞,9,0,9,凱基-埔墘,2024-05-30,9288
1582,信錦,11,2,9,凱基-埔墘,2024-05-30,9288
2354,鴻準,20,11,9,凱基-埔墘,2024-05-30,9288
5880,合庫金,9,0,9,凱基-埔墘,2024-05-30,9288
6147,頎邦,10,1,9,凱基-埔墘,2024-05-30,9288
4909,新復興,9,0,9,凱基-埔墘,2024-05-30,9288
00687B,國泰20年美債,8,0,8,凱基-埔墘,2024-05-30,9288
00919,群益台灣精選高息,8,0,8,凱基-埔墘,2024-05-30,9288
2324,仁寶,8,0,8,凱基-埔墘,2024-05-30,9288
2354,鴻準,266,51,215,凱基-埔墘,2024-05-31,9288
00939,統一台灣高息動能,106,2,104,凱基-埔墘,2024-05-31,9288
2888,新光金,132,37,95,凱基-埔墘,2024-05-31,9288
2609,陽明,90,23,67,凱基-埔墘,2024-05-31,9288
00715L,期街口布蘭特正2,46,0,46,凱基-埔墘,2024-05-31,9288
3376,新日興,36,0,36,凱基-埔墘,2024-05-31,9288
2476,鉅祥,35,0,35,凱基-埔墘,2024-05-31,9288
2002,中鋼,31,0,31,凱基-埔墘,2024-05-31,9288
2617,台航,33,2,31,凱基-埔墘,2024-05-31,9288
00937B,群益ESG投等債20,30,0,30,凱基-埔墘,2024-05-31,9288
6213,聯茂,31,1,30,凱基-埔墘,2024-05-31,9288
2641,正德,30,1,29,凱基-埔墘,2024-05-31,9288
2515,中工,28,1,27,凱基-埔墘,2024-05-31,9288
6456,GIS-KY,24,0,24,凱基-埔墘,2024-05-31,9288
5880,合庫金,22,0,22,凱基-埔墘,2024-05-31,9288
2317,鴻海,34,14,20,凱基-埔墘,2024-05-31,9288
00946,群益科技高息成長,20,0,20,凱基-埔墘,2024-05-31,9288
3032,偉訓,20,0,20,凱基-埔墘,2024-05-31,9288
7402,邑錡,20,0,20,凱基-埔墘,2024-05-31,9288
3689,湧德,19,0,19,凱基-埔墘,2024-05-31,9288
2344,華邦電,18,0,18,凱基-埔墘,2024-05-31,9288
6526,達發,11,0,11,凱基-埔墘,2024-05-31,9288
8107,大億金茂,11,0,11,凱基-埔墘,2024-05-31,9288
6719,力智,11,1,10,凱基-埔墘,2024-05-31,9288
4979,華星光,10,1,9,凱基-埔墘,2024-05-31,9288
6443,元晶,8,0,8,凱基-埔墘,2024-05-31,9288
2204,中華,10,2,8,凱基-埔墘,2024-05-31,9288
2489,瑞軒,10,2,8,凱基-埔墘,2024-05-31,9288
8150,南茂,8,0,8,凱基-埔墘,2024-05-31,9288
2615,萬海,10,3,7,凱基-埔墘,2024-05-31,9288
00637L,元大滬深300正2,13,6,7,凱基-埔墘,2024-05-31,9288
5206,坤悅,7,0,7,凱基-埔墘,2024-05-31,9288
5475,德宏,7,0,7,凱基-埔墘,2024-05-31,9288
6126,信音,7,0,7,凱基-埔墘,2024-05-31,9288
2382,廣達,6,0,6,凱基-埔墘,2024-05-31,9288
2363,矽統,6,0,6,凱基-埔墘,2024-05-31,9288
2399,映泰,6,0,6,凱基-埔墘,2024-05-31,9288
3702,大聯大,6,0,6,凱基-埔墘,2024-05-31,9288
3231,緯創,15,10,5,凱基-埔墘,2024-05-31,9288
2449,京元電子,12,7,5,凱基-埔墘,2024-05-31,9288
00665L,富邦�琤肭磪囓�2,6,1,5,凱基-埔墘,2024-05-31,9288
1802,台玻,7,2,5,凱基-埔墘,2024-05-31,9288
1809,中釉,5,0,5,凱基-埔墘,2024-05-31,9288
1905,華紙,5,0,5,凱基-埔墘,2024-05-31,9288
2323,中環,5,0,5,凱基-埔墘,2024-05-31,9288
2601,益航,5,0,5,凱基-埔墘,2024-05-31,9288
3202,樺晟,5,0,5,凱基-埔墘,2024-05-31,9288
4113,聯上,5,0,5,凱基-埔墘,2024-05-31,9288
6120,達運,5,0,5,凱基-埔墘,2024-05-31,9288
6274,台燿,5,0,5,凱基-埔墘,2024-05-31,9288
2515,中工,136,5,131,凱基-埔墘,2024-06-03,9288
2855,統一證,108,0,108,凱基-埔墘,2024-06-03,9288
5353,台林,56,0,56,凱基-埔墘,2024-06-03,9288
2905,三商,40,0,40,凱基-埔墘,2024-06-03,9288
2417,圓剛,40,2,38,凱基-埔墘,2024-06-03,9288
3057,喬鼎,31,1,30,凱基-埔墘,2024-06-03,9288
2610,華航,32,6,26,凱基-埔墘,2024-06-03,9288
2615,萬海,34,9,25,凱基-埔墘,2024-06-03,9288
00929,復華台灣科技優息,28,4,24,凱基-埔墘,2024-06-03,9288
6215,和椿,28,6,22,凱基-埔墘,2024-06-03,9288
6166,凌華,22,0,22,凱基-埔墘,2024-06-03,9288
2867,三商壽,21,0,21,凱基-埔墘,2024-06-03,9288
00919,群益台灣精選高息,18,0,18,凱基-埔墘,2024-06-03,9288
2101,南港,18,0,18,凱基-埔墘,2024-06-03,9288
2354,鴻準,24,6,18,凱基-埔墘,2024-06-03,9288
00882,中信中國高股息,16,0,16,凱基-埔墘,2024-06-03,9288
2353,宏��,17,1,16,凱基-埔墘,2024-06-03,9288
4566,時碩工業,19,3,16,凱基-埔墘,2024-06-03,9288
2412,中華電,21,9,12,凱基-埔墘,2024-06-03,9288
3419,譁裕,12,0,12,凱基-埔墘,2024-06-03,9288
3437,榮創,14,2,12,凱基-埔墘,2024-06-03,9288
1326,台化,11,0,11,凱基-埔墘,2024-06-03,9288
1309,台達化,11,0,11,凱基-埔墘,2024-06-03,9288
2324,仁寶,16,5,11,凱基-埔墘,2024-06-03,9288
5230,雷笛克光學,12,1,11,凱基-埔墘,2024-06-03,9288
912000,晨訊科-DR,11,0,11,凱基-埔墘,2024-06-03,9288
00687B,國泰20年美債,10,0,10,凱基-埔墘,2024-06-03,9288
00715L,期街口布蘭特正2,10,0,10,凱基-埔墘,2024-06-03,9288
2369,菱生,10,0,10,凱基-埔墘,2024-06-03,9288
2436,偉詮電,11,1,10,凱基-埔墘,2024-06-03,9288
2542,興富發,10,0,10,凱基-埔墘,2024-06-03,9288
2605,新興,10,0,10,凱基-埔墘,2024-06-03,9288
2834,臺企銀,10,0,10,凱基-埔墘,2024-06-03,9288
3665,貿聯-KY,10,0,10,凱基-埔墘,2024-06-03,9288
6167,久正,10,0,10,凱基-埔墘,2024-06-03,9288
2344,華邦電,10,1,9,凱基-埔墘,2024-06-03,9288
4113,聯上,13,4,9,凱基-埔墘,2024-06-03,9288
00637L,元大滬深300正2,8,0,8,凱基-埔墘,2024-06-03,9288
2637,慧洋-KY,11,3,8,凱基-埔墘,2024-06-03,9288
00830,國泰費城半導體,10,3,7,凱基-埔墘,2024-06-03,9288
2241,艾姆勒,9,2,7,凱基-埔墘,2024-06-03,9288
2630,亞航,8,1,7,凱基-埔墘,2024-06-03,9288
2317,鴻海,18,11,7,凱基-埔墘,2024-06-03,9288
2520,冠德,11,4,7,凱基-埔墘,2024-06-03,9288
1785,光洋科,10,4,6,凱基-埔墘,2024-06-03,9288
2312,金寶,15,9,6,凱基-埔墘,2024-06-03,9288
2313,華通,6,0,6,凱基-埔墘,2024-06-03,9288
5522,遠雄,7,1,6,凱基-埔墘,2024-06-03,9288
6219,富旺,6,0,6,凱基-埔墘,2024-06-03,9288
2301,光寶科,6,1,5,凱基-埔墘,2024-06-03,9288
2101,南港,213,42,171,凱基-埔墘,2024-06-04,9288
00929,復華台灣科技優息,104,0,104,凱基-埔墘,2024-06-04,9288
00918,大華優利高填息30,103,0,103,凱基-埔墘,2024-06-04,9288
2344,華邦電,106,30,76,凱基-埔墘,2024-06-04,9288
3037,欣興,57,1,56,凱基-埔墘,2024-06-04,9288
3294,英濟,50,0,50,凱基-埔墘,2024-06-04,9288
2312,金寶,57,10,47,凱基-埔墘,2024-06-04,9288
00919,群益台灣精選高息,32,0,32,凱基-埔墘,2024-06-04,9288
3665,貿聯-KY,40,9,31,凱基-埔墘,2024-06-04,9288
2520,冠德,27,4,23,凱基-埔墘,2024-06-04,9288
00940,元大台灣價值高息,22,1,21,凱基-埔墘,2024-06-04,9288
2385,群光,21,1,20,凱基-埔墘,2024-06-04,9288
9904,寶成,19,0,19,凱基-埔墘,2024-06-04,9288
5234,達興材料,18,0,18,凱基-埔墘,2024-06-04,9288
5353,台林,18,0,18,凱基-埔墘,2024-06-04,9288
4566,時碩工業,23,7,16,凱基-埔墘,2024-06-04,9288
00936,台新永續高息中小,15,1,14,凱基-埔墘,2024-06-04,9288
2409,友達,12,0,12,凱基-埔墘,2024-06-04,9288
2637,慧洋-KY,14,3,11,凱基-埔墘,2024-06-04,9288
3416,融程電,11,0,11,凱基-埔墘,2024-06-04,9288
2905,三商,10,0,10,凱基-埔墘,2024-06-04,9288
3032,偉訓,10,0,10,凱基-埔墘,2024-06-04,9288
4113,聯上,11,1,10,凱基-埔墘,2024-06-04,9288
2356,英業達,11,2,9,凱基-埔墘,2024-06-04,9288
2241,艾姆勒,21,12,9,凱基-埔墘,2024-06-04,9288
3706,神達,9,0,9,凱基-埔墘,2024-06-04,9288
6120,達運,9,0,9,凱基-埔墘,2024-06-04,9288
2382,廣達,8,0,8,凱基-埔墘,2024-06-04,9288
2353,宏��,9,1,8,凱基-埔墘,2024-06-04,9288
4513,福裕,8,0,8,凱基-埔墘,2024-06-04,9288
00881,國泰台灣5G+,8,0,8,凱基-埔墘,2024-06-04,9288
2489,瑞軒,9,1,8,凱基-埔墘,2024-06-04,9288
6443,元晶,7,0,7,凱基-埔墘,2024-06-04,9288
1815,富喬,33,26,7,凱基-埔墘,2024-06-04,9288
2641,正德,7,0,7,凱基-埔墘,2024-06-04,9288
3689,湧德,17,10,7,凱基-埔墘,2024-06-04,9288
4938,和碩,7,0,7,凱基-埔墘,2024-06-04,9288
2337,旺宏,6,0,6,凱基-埔墘,2024-06-04,9288
2374,佳能,6,0,6,凱基-埔墘,2024-06-04,9288
00830,國泰費城半導體,5,0,5,凱基-埔墘,2024-06-04,9288
1217,愛之味,5,0,5,凱基-埔墘,2024-06-04,9288
00896,中信綠能及電動車,5,0,5,凱基-埔墘,2024-06-04,9288
00632R,元大台灣50反1,5,0,5,凱基-埔墘,2024-06-04,9288
2884,玉山金,5,0,5,凱基-埔墘,2024-06-04,9288
3260,威剛,5,0,5,凱基-埔墘,2024-06-04,9288
4128,中天,5,0,5,凱基-埔墘,2024-06-04,9288
4207,環泰,5,0,5,凱基-埔墘,2024-06-04,9288
5425,台半,10,5,5,凱基-埔墘,2024-06-04,9288
5483,中美晶,5,0,5,凱基-埔墘,2024-06-04,9288
8033,雷虎,5,0,5,凱基-埔墘,2024-06-04,9288
00637L,元大滬深300正2,200,10,190,凱基-埔墘,2024-06-05,9288
6683,雍智科技,160,0,160,凱基-埔墘,2024-06-05,9288
00753L,中信中國50正2,150,5,145,凱基-埔墘,2024-06-05,9288
00936,台新永續高息中小,129,0,129,凱基-埔墘,2024-06-05,9288
2331,精英,176,70,106,凱基-埔墘,2024-06-05,9288
00715L,期街口布蘭特正2,102,0,102,凱基-埔墘,2024-06-05,9288
00929,復華台灣科技優息,85,7,78,凱基-埔墘,2024-06-05,9288
3062,建漢,52,0,52,凱基-埔墘,2024-06-05,9288
6163,華電網,45,0,45,凱基-埔墘,2024-06-05,9288
2328,廣宇,45,6,39,凱基-埔墘,2024-06-05,9288
1447,力鵬,30,0,30,凱基-埔墘,2024-06-05,9288
2324,仁寶,30,3,27,凱基-埔墘,2024-06-05,9288
00940,元大台灣價值高息,31,5,26,凱基-埔墘,2024-06-05,9288
2520,冠德,31,5,26,凱基-埔墘,2024-06-05,9288
9940,信義,59,33,26,凱基-埔墘,2024-06-05,9288
2888,新光金,25,0,25,凱基-埔墘,2024-06-05,9288
1789,神隆,22,0,22,凱基-埔墘,2024-06-05,9288
5498,凱崴,22,0,22,凱基-埔墘,2024-06-05,9288
3339,泰谷,20,0,20,凱基-埔墘,2024-06-05,9288
3346,麗清,20,0,20,凱基-埔墘,2024-06-05,9288
2867,三商壽,16,0,16,凱基-埔墘,2024-06-05,9288
2367,燿華,28,13,15,凱基-埔墘,2024-06-05,9288
5483,中美晶,15,0,15,凱基-埔墘,2024-06-05,9288
2317,鴻海,30,15,15,凱基-埔墘,2024-06-05,9288
2617,台航,25,11,14,凱基-埔墘,2024-06-05,9288
2482,連宇,16,3,13,凱基-埔墘,2024-06-05,9288
3231,緯創,13,0,13,凱基-埔墘,2024-06-05,9288
2303,聯電,12,1,11,凱基-埔墘,2024-06-05,9288
2354,鴻準,20,9,11,凱基-埔墘,2024-06-05,9288
2891,中信金,11,0,11,凱基-埔墘,2024-06-05,9288
3202,樺晟,11,0,11,凱基-埔墘,2024-06-05,9288
2454,聯發科,10,0,10,凱基-埔墘,2024-06-05,9288
00882,中信中國高股息,10,0,10,凱基-埔墘,2024-06-05,9288
2449,京元電子,10,0,10,凱基-埔墘,2024-06-05,9288
2501,國建,11,1,10,凱基-埔墘,2024-06-05,9288
8099,大世科,11,1,10,凱基-埔墘,2024-06-05,9288
3673,TPK-KY,9,0,9,凱基-埔墘,2024-06-05,9288
2002,中鋼,9,0,9,凱基-埔墘,2024-06-05,9288
2356,英業達,12,4,8,凱基-埔墘,2024-06-05,9288
00665L,富邦�琤肭磪囓�2,8,0,8,凱基-埔墘,2024-06-05,9288
2236,百達-KY,8,0,8,凱基-埔墘,2024-06-05,9288
2241,艾姆勒,8,0,8,凱基-埔墘,2024-06-05,9288
2537,聯上發,8,0,8,凱基-埔墘,2024-06-05,9288
4532,瑞智,10,2,8,凱基-埔墘,2024-06-05,9288
1513,中興電,7,0,7,凱基-埔墘,2024-06-05,9288
00919,群益台灣精選高息,17,10,7,凱基-埔墘,2024-06-05,9288
2543,皇昌,7,0,7,凱基-埔墘,2024-06-05,9288
2596,綠意,7,0,7,凱基-埔墘,2024-06-05,9288
3564,其陽,9,2,7,凱基-埔墘,2024-06-05,9288
00918,大華優利高填息30,7,0,7,凱基-埔墘,2024-06-05,9288
00936,台新永續高息中小,239,0,239,凱基-埔墘,2024-06-06,9288
2331,精英,99,20,79,凱基-埔墘,2024-06-06,9288
2344,華邦電,70,6,64,凱基-埔墘,2024-06-06,9288
8021,尖點,55,0,55,凱基-埔墘,2024-06-06,9288
00923,群益台ESG低碳50,50,0,50,凱基-埔墘,2024-06-06,9288
2609,陽明,107,68,39,凱基-埔墘,2024-06-06,9288
2317,鴻海,52,15,37,凱基-埔墘,2024-06-06,9288
2312,金寶,103,66,37,凱基-埔墘,2024-06-06,9288
00929,復華台灣科技優息,73,42,31,凱基-埔墘,2024-06-06,9288
00918,大華優利高填息30,31,0,31,凱基-埔墘,2024-06-06,9288
2367,燿華,77,46,31,凱基-埔墘,2024-06-06,9288
00937B,群益ESG投等債20,39,10,29,凱基-埔墘,2024-06-06,9288
6155,鈞寶,28,0,28,凱基-埔墘,2024-06-06,9288
2542,興富發,27,1,26,凱基-埔墘,2024-06-06,9288
00931B,統一美債20年,20,0,20,凱基-埔墘,2024-06-06,9288
00688L,國泰20年美債正2,20,0,20,凱基-埔墘,2024-06-06,9288
3346,麗清,20,0,20,凱基-埔墘,2024-06-06,9288
00679B,元大美債20年,21,3,18,凱基-埔墘,2024-06-06,9288
2353,宏��,21,7,14,凱基-埔墘,2024-06-06,9288
00665L,富邦�琤肭磪囓�2,11,0,11,凱基-埔墘,2024-06-06,9288
2617,台航,17,6,11,凱基-埔墘,2024-06-06,9288
1314,中石化,10,0,10,凱基-埔墘,2024-06-06,9288
2105,正新,10,0,10,凱基-埔墘,2024-06-06,9288
3665,貿聯-KY,11,1,10,凱基-埔墘,2024-06-06,9288
5864,致和證,10,0,10,凱基-埔墘,2024-06-06,9288
2324,仁寶,9,0,9,凱基-埔墘,2024-06-06,9288
2611,志信,15,6,9,凱基-埔墘,2024-06-06,9288
4960,誠美材,14,5,9,凱基-埔墘,2024-06-06,9288
00919,群益台灣精選高息,11,3,8,凱基-埔墘,2024-06-06,9288
00850,元大臺灣ESG永續,10,2,8,凱基-埔墘,2024-06-06,9288
2328,廣宇,20,12,8,凱基-埔墘,2024-06-06,9288
5263,智崴,8,0,8,凱基-埔墘,2024-06-06,9288
2101,南港,8,1,7,凱基-埔墘,2024-06-06,9288
2211,長榮鋼,7,0,7,凱基-埔墘,2024-06-06,9288
3202,樺晟,7,0,7,凱基-埔墘,2024-06-06,9288
6120,達運,7,0,7,凱基-埔墘,2024-06-06,9288
6125,廣運,8,2,6,凱基-埔墘,2024-06-06,9288
3231,緯創,7,1,6,凱基-埔墘,2024-06-06,9288
1102,亞泥,6,0,6,凱基-埔墘,2024-06-06,9288
2241,艾姆勒,6,0,6,凱基-埔墘,2024-06-06,9288
3019,亞光,6,0,6,凱基-埔墘,2024-06-06,9288
9938,百和,6,0,6,凱基-埔墘,2024-06-06,9288
2354,鴻準,8,3,5,凱基-埔墘,2024-06-06,9288
2498,宏達電,5,0,5,凱基-埔墘,2024-06-06,9288
2438,翔耀,5,0,5,凱基-埔墘,2024-06-06,9288
4927,泰鼎-KY,5,0,5,凱基-埔墘,2024-06-06,9288
5353,台林,5,0,5,凱基-埔墘,2024-06-06,9288
5392,能率,10,5,5,凱基-埔墘,2024-06-06,9288
5609,中菲行,6,1,5,凱基-埔墘,2024-06-06,9288
8084,巨虹,5,0,5,凱基-埔墘,2024-06-06,9288
00753L,中信中國50正2,110,5,105,凱基-埔墘,2024-06-07,9288
2331,精英,112,15,97,凱基-埔墘,2024-06-07,9288
00637L,元大滬深300正2,94,3,91,凱基-埔墘,2024-06-07,9288
00929,復華台灣科技優息,56,2,54,凱基-埔墘,2024-06-07,9288
2609,陽明,108,61,47,凱基-埔墘,2024-06-07,9288
00919,群益台灣精選高息,49,4,45,凱基-埔墘,2024-06-07,9288
00936,台新永續高息中小,41,3,38,凱基-埔墘,2024-06-07,9288
3362,先進光,25,0,25,凱基-埔墘,2024-06-07,9288
5609,中菲行,30,6,24,凱基-埔墘,2024-06-07,9288
3017,奇鋐,24,3,21,凱基-埔墘,2024-06-07,9288
2236,百達-KY,20,0,20,凱基-埔墘,2024-06-07,9288
2371,大同,24,4,20,凱基-埔墘,2024-06-07,9288
6167,久正,20,0,20,凱基-埔墘,2024-06-07,9288
00650L,復華香港正2,18,0,18,凱基-埔墘,2024-06-07,9288
2637,慧洋-KY,20,3,17,凱基-埔墘,2024-06-07,9288
2615,萬海,24,7,17,凱基-埔墘,2024-06-07,9288
2330,台積電,16,0,16,凱基-埔墘,2024-06-07,9288
1475,業旺,15,0,15,凱基-埔墘,2024-06-07,9288
2613,中櫃,25,10,15,凱基-埔墘,2024-06-07,9288
8085,福華,15,0,15,凱基-埔墘,2024-06-07,9288
9955,佳龍,14,0,14,凱基-埔墘,2024-06-07,9288
2542,興富發,22,8,14,凱基-埔墘,2024-06-07,9288
3481,群創,13,0,13,凱基-埔墘,2024-06-07,9288
2317,鴻海,28,15,13,凱基-埔墘,2024-06-07,9288
3689,湧德,12,0,12,凱基-埔墘,2024-06-07,9288
00918,大華優利高填息30,11,0,11,凱基-埔墘,2024-06-07,9288
3558,神準,12,2,10,凱基-埔墘,2024-06-07,9288
00632R,元大台灣50反1,10,0,10,凱基-埔墘,2024-06-07,9288
2509,全坤建,10,0,10,凱基-埔墘,2024-06-07,9288
3346,麗清,10,0,10,凱基-埔墘,2024-06-07,9288
9940,信義,10,0,10,凱基-埔墘,2024-06-07,9288
6125,廣運,11,2,9,凱基-埔墘,2024-06-07,9288
1618,合機,14,6,8,凱基-埔墘,2024-06-07,9288
2543,皇昌,10,2,8,凱基-埔墘,2024-06-07,9288
2630,亞航,8,0,8,凱基-埔墘,2024-06-07,9288
2356,英業達,8,0,8,凱基-埔墘,2024-06-07,9288
1524,耿鼎,8,1,7,凱基-埔墘,2024-06-07,9288
2489,瑞軒,14,7,7,凱基-埔墘,2024-06-07,9288
2605,新興,9,2,7,凱基-埔墘,2024-06-07,9288
3706,神達,7,0,7,凱基-埔墘,2024-06-07,9288
4906,正文,12,5,7,凱基-埔墘,2024-06-07,9288
5864,致和證,7,0,7,凱基-埔墘,2024-06-07,9288
6143,振曜,7,0,7,凱基-埔墘,2024-06-07,9288
00940,元大台灣價值高息,18,12,6,凱基-埔墘,2024-06-07,9288
1513,中興電,21,15,6,凱基-埔墘,2024-06-07,9288
2367,燿華,68,62,6,凱基-埔墘,2024-06-07,9288
5392,能率,6,0,6,凱基-埔墘,2024-06-07,9288
3324,雙鴻,6,1,5,凱基-埔墘,2024-06-07,9288
2383,台光電,5,0,5,凱基-埔墘,2024-06-07,9288
1316,上曜,15,10,5,凱基-埔墘,2024-06-07,9288
00929,復華台灣科技優息,141,0,141,凱基-埔墘,2024-06-11,9288
2891,中信金,101,0,101,凱基-埔墘,2024-06-11,9288
1513,中興電,72,4,68,凱基-埔墘,2024-06-11,9288
00650L,復華香港正2,55,3,52,凱基-埔墘,2024-06-11,9288
00937B,群益ESG投等債20,39,0,39,凱基-埔墘,2024-06-11,9288
3712,永崴投控,36,2,34,凱基-埔墘,2024-06-11,9288
00637L,元大滬深300正2,34,3,31,凱基-埔墘,2024-06-11,9288
2637,慧洋-KY,51,24,27,凱基-埔墘,2024-06-11,9288
2204,中華,25,0,25,凱基-埔墘,2024-06-11,9288
6206,飛捷,23,0,23,凱基-埔墘,2024-06-11,9288
00679B,元大美債20年,21,0,21,凱基-埔墘,2024-06-11,9288
2402,毅嘉,21,0,21,凱基-埔墘,2024-06-11,9288
6127,九豪,20,0,20,凱基-埔墘,2024-06-11,9288
3122,笙泉,18,0,18,凱基-埔墘,2024-06-11,9288
2027,大成鋼,17,0,17,凱基-埔墘,2024-06-11,9288
3033,威健,18,1,17,凱基-埔墘,2024-06-11,9288
00687B,國泰20年美債,26,10,16,凱基-埔墘,2024-06-11,9288
1227,佳格,15,0,15,凱基-埔墘,2024-06-11,9288
4164,承業醫,15,0,15,凱基-埔墘,2024-06-11,9288
2303,聯電,20,5,15,凱基-埔墘,2024-06-11,9288
00720B,元大投資級公司債,14,0,14,凱基-埔墘,2024-06-11,9288
3312,弘憶股,14,0,14,凱基-埔墘,2024-06-11,9288
2301,光寶科,13,0,13,凱基-埔墘,2024-06-11,9288
2605,新興,25,12,13,凱基-埔墘,2024-06-11,9288
00878,國泰永續高股息,15,2,13,凱基-埔墘,2024-06-11,9288
2324,仁寶,12,0,12,凱基-埔墘,2024-06-11,9288
3548,兆利,12,0,12,凱基-埔墘,2024-06-11,9288
2359,所羅門,11,0,11,凱基-埔墘,2024-06-11,9288
00919,群益台灣精選高息,13,2,11,凱基-埔墘,2024-06-11,9288
3162,精確,37,26,11,凱基-埔墘,2024-06-11,9288
0056,元大高股息,10,0,10,凱基-埔墘,2024-06-11,9288
2454,聯發科,10,0,10,凱基-埔墘,2024-06-11,9288
2617,台航,47,37,10,凱基-埔墘,2024-06-11,9288
2888,新光金,24,14,10,凱基-埔墘,2024-06-11,9288
3086,華義,10,0,10,凱基-埔墘,2024-06-11,9288
1101,台泥,8,0,8,凱基-埔墘,2024-06-11,9288
4967,十銓,36,28,8,凱基-埔墘,2024-06-11,9288
6274,台燿,8,0,8,凱基-埔墘,2024-06-11,9288
00918,大華優利高填息30,7,0,7,凱基-埔墘,2024-06-11,9288
1316,上曜,27,20,7,凱基-埔墘,2024-06-11,9288
4113,聯上,22,15,7,凱基-埔墘,2024-06-11,9288
2383,台光電,7,0,7,凱基-埔墘,2024-06-11,9288
2371,大同,9,3,6,凱基-埔墘,2024-06-11,9288
6139,亞翔,8,2,6,凱基-埔墘,2024-06-11,9288
1514,亞力,24,18,6,凱基-埔墘,2024-06-11,9288
1612,宏泰,6,0,6,凱基-埔墘,2024-06-11,9288
2834,臺企銀,8,2,6,凱基-埔墘,2024-06-11,9288
4739,康普,6,0,6,凱基-埔墘,2024-06-11,9288
4960,誠美材,6,0,6,凱基-埔墘,2024-06-11,9288
8048,德勝,6,0,6,凱基-埔墘,2024-06-11,9288
3665,貿聯-KY,91,11,80,凱基-埔墘,2024-06-12,9288
1815,富喬,50,3,47,凱基-埔墘,2024-06-12,9288
00918,大華優利高填息30,41,0,41,凱基-埔墘,2024-06-12,9288
00857B,永豐20年美公債,40,2,38,凱基-埔墘,2024-06-12,9288
8086,宏捷科,37,0,37,凱基-埔墘,2024-06-12,9288
2637,慧洋-KY,31,1,30,凱基-埔墘,2024-06-12,9288
2641,正德,30,0,30,凱基-埔墘,2024-06-12,9288
2888,新光金,49,19,30,凱基-埔墘,2024-06-12,9288
2883,凱基金,41,14,27,凱基-埔墘,2024-06-12,9288
2344,華邦電,46,20,26,凱基-埔墘,2024-06-12,9288
00919,群益台灣精選高息,26,1,25,凱基-埔墘,2024-06-12,9288
2002,中鋼,27,2,25,凱基-埔墘,2024-06-12,9288
2363,矽統,30,5,25,凱基-埔墘,2024-06-12,9288
2449,京元電子,28,3,25,凱基-埔墘,2024-06-12,9288
2027,大成鋼,19,0,19,凱基-埔墘,2024-06-12,9288
1101,台泥,22,3,19,凱基-埔墘,2024-06-12,9288
2615,萬海,36,18,18,凱基-埔墘,2024-06-12,9288
2356,英業達,19,1,18,凱基-埔墘,2024-06-12,9288
3481,群創,20,3,17,凱基-埔墘,2024-06-12,9288
00632R,元大台灣50反1,20,4,16,凱基-埔墘,2024-06-12,9288
3029,零壹,16,0,16,凱基-埔墘,2024-06-12,9288
6683,雍智科技,21,5,16,凱基-埔墘,2024-06-12,9288
2601,益航,15,0,15,凱基-埔墘,2024-06-12,9288
4906,正文,17,3,14,凱基-埔墘,2024-06-12,9288
2486,一詮,54,41,13,凱基-埔墘,2024-06-12,9288
6188,廣明,14,1,13,凱基-埔墘,2024-06-12,9288
00637L,元大滬深300正2,12,0,12,凱基-埔墘,2024-06-12,9288
2241,艾姆勒,12,1,11,凱基-埔墘,2024-06-12,9288
3312,弘憶股,10,0,10,凱基-埔墘,2024-06-12,9288
1802,台玻,10,0,10,凱基-埔墘,2024-06-12,9288
2891,中信金,10,0,10,凱基-埔墘,2024-06-12,9288
6127,九豪,10,0,10,凱基-埔墘,2024-06-12,9288
2365,昆盈,9,0,9,凱基-埔墘,2024-06-12,9288
4960,誠美材,9,0,9,凱基-埔墘,2024-06-12,9288
2354,鴻準,11,3,8,凱基-埔墘,2024-06-12,9288
00720B,元大投資級公司債,8,0,8,凱基-埔墘,2024-06-12,9288
1314,中石化,8,0,8,凱基-埔墘,2024-06-12,9288
4952,凌通,8,0,8,凱基-埔墘,2024-06-12,9288
3047,訊舟,38,31,7,凱基-埔墘,2024-06-12,9288
3535,晶彩科,7,0,7,凱基-埔墘,2024-06-12,9288
5484,慧友,7,0,7,凱基-埔墘,2024-06-12,9288
6190,萬泰科,7,0,7,凱基-埔墘,2024-06-12,9288
2603,長榮,22,16,6,凱基-埔墘,2024-06-12,9288
5608,四維航,6,0,6,凱基-埔墘,2024-06-12,9288
1608,華榮,6,0,6,凱基-埔墘,2024-06-12,9288
2460,建通,10,4,6,凱基-埔墘,2024-06-12,9288
6219,富旺,10,4,6,凱基-埔墘,2024-06-12,9288
3231,緯創,13,8,5,凱基-埔墘,2024-06-12,9288
00650L,復華香港正2,8,3,5,凱基-埔墘,2024-06-12,9288
00878,國泰永續高股息,6,1,5,凱基-埔墘,2024-06-12,9288
00830,國泰費城半導體,1600,6,1594,凱基-埔墘,2024-06-13,9288
2383,台光電,86,5,81,凱基-埔墘,2024-06-13,9288
00664R,國泰臺灣加權反1,50,0,50,凱基-埔墘,2024-06-13,9288
3450,聯鈞,52,5,47,凱基-埔墘,2024-06-13,9288
00632R,元大台灣50反1,40,0,40,凱基-埔墘,2024-06-13,9288
2606,裕民,40,1,39,凱基-埔墘,2024-06-13,9288
00918,大華優利高填息30,27,3,24,凱基-埔墘,2024-06-13,9288
00948B,中信優息投資級債,24,0,24,凱基-埔墘,2024-06-13,9288
4167,松瑞藥,23,0,23,凱基-埔墘,2024-06-13,9288
2845,遠東銀,20,0,20,凱基-埔墘,2024-06-13,9288
1326,台化,19,0,19,凱基-埔墘,2024-06-13,9288
2379,瑞昱,18,2,16,凱基-埔墘,2024-06-13,9288
2609,陽明,62,47,15,凱基-埔墘,2024-06-13,9288
1473,台南,17,2,15,凱基-埔墘,2024-06-13,9288
5258,虹堡,15,0,15,凱基-埔墘,2024-06-13,9288
2449,京元電子,38,25,13,凱基-埔墘,2024-06-13,9288
8183,精星,12,0,12,凱基-埔墘,2024-06-13,9288
2367,燿華,29,18,11,凱基-埔墘,2024-06-13,9288
8099,大世科,11,0,11,凱基-埔墘,2024-06-13,9288
2002,中鋼,10,0,10,凱基-埔墘,2024-06-13,9288
00882,中信中國高股息,10,0,10,凱基-埔墘,2024-06-13,9288
2324,仁寶,10,0,10,凱基-埔墘,2024-06-13,9288
2426,鼎元,10,0,10,凱基-埔墘,2024-06-13,9288
2867,三商壽,10,0,10,凱基-埔墘,2024-06-13,9288
2888,新光金,10,0,10,凱基-埔墘,2024-06-13,9288
6505,台塑化,10,0,10,凱基-埔墘,2024-06-13,9288
2066,世德,9,0,9,凱基-埔墘,2024-06-13,9288
2236,百達-KY,12,3,9,凱基-埔墘,2024-06-13,9288
1304,台聚,8,0,8,凱基-埔墘,2024-06-13,9288
2408,南亞科,8,0,8,凱基-埔墘,2024-06-13,9288
3202,樺晟,9,1,8,凱基-埔墘,2024-06-13,9288
5230,雷笛克光學,8,0,8,凱基-埔墘,2024-06-13,9288
3406,玉晶光,10,2,8,凱基-埔墘,2024-06-13,9288
6290,良維,7,0,7,凱基-埔墘,2024-06-13,9288
1301,台塑,7,0,7,凱基-埔墘,2024-06-13,9288
2371,大同,7,0,7,凱基-埔墘,2024-06-13,9288
00929,復華台灣科技優息,54,47,7,凱基-埔墘,2024-06-13,9288
4960,誠美材,7,0,7,凱基-埔墘,2024-06-13,9288
2618,長榮航,10,4,6,凱基-埔墘,2024-06-13,9288
3317,尼克森,6,0,6,凱基-埔墘,2024-06-13,9288
3680,家登,6,0,6,凱基-埔墘,2024-06-13,9288
5469,瀚宇博,5,0,5,凱基-埔墘,2024-06-13,9288
6216,居易,6,1,5,凱基-埔墘,2024-06-13,9288
2641,正德,5,0,5,凱基-埔墘,2024-06-13,9288
1229,聯華,4,0,4,凱基-埔墘,2024-06-13,9288
2313,華通,4,0,4,凱基-埔墘,2024-06-13,9288
2354,鴻準,11,7,4,凱基-埔墘,2024-06-13,9288
2427,三商電,4,0,4,凱基-埔墘,2024-06-13,9288
2438,翔耀,5,1,4,凱基-埔墘,2024-06-13,9288
2605,新興,4,0,4,凱基-埔墘,2024-06-13,9288
00948B,中信優息投資級債,41,0,41,凱基-埔墘,2024-06-14,9288
00637L,元大滬深300正2,47,10,37,凱基-埔墘,2024-06-14,9288
6546,正基,37,0,37,凱基-埔墘,2024-06-14,9288
3450,聯鈞,44,12,32,凱基-埔墘,2024-06-14,9288
5243,乙盛-KY,74,46,28,凱基-埔墘,2024-06-14,9288
2344,華邦電,25,0,25,凱基-埔墘,2024-06-14,9288
2408,南亞科,26,2,24,凱基-埔墘,2024-06-14,9288
00947,台新臺灣IC設計,20,0,20,凱基-埔墘,2024-06-14,9288
4532,瑞智,20,0,20,凱基-埔墘,2024-06-14,9288
5484,慧友,19,0,19,凱基-埔墘,2024-06-14,9288
8011,台通,17,0,17,凱基-埔墘,2024-06-14,9288
1608,華榮,23,7,16,凱基-埔墘,2024-06-14,9288
00687B,國泰20年美債,30,15,15,凱基-埔墘,2024-06-14,9288
00795B,中信美國公債20年,15,0,15,凱基-埔墘,2024-06-14,9288
00882,中信中國高股息,15,0,15,凱基-埔墘,2024-06-14,9288
6890,來億-KY,16,1,15,凱基-埔墘,2024-06-14,9288
2324,仁寶,14,0,14,凱基-埔墘,2024-06-14,9288
2449,京元電子,27,15,12,凱基-埔墘,2024-06-14,9288
8064,東捷,13,1,12,凱基-埔墘,2024-06-14,9288
2371,大同,28,17,11,凱基-埔墘,2024-06-14,9288
2442,新美齊,11,0,11,凱基-埔墘,2024-06-14,9288
2883,凱基金,11,0,11,凱基-埔墘,2024-06-14,9288
00936,台新永續高息中小,10,0,10,凱基-埔墘,2024-06-14,9288
1409,新纖,10,0,10,凱基-埔墘,2024-06-14,9288
2349,錸德,10,0,10,凱基-埔墘,2024-06-14,9288
2439,美律,10,0,10,凱基-埔墘,2024-06-14,9288
2537,聯上發,10,0,10,凱基-埔墘,2024-06-14,9288
3673,TPK-KY,10,0,10,凱基-埔墘,2024-06-14,9288
6127,九豪,10,0,10,凱基-埔墘,2024-06-14,9288
8917,欣泰,10,0,10,凱基-埔墘,2024-06-14,9288
3006,晶豪科,10,1,9,凱基-埔墘,2024-06-14,9288
2352,佳世達,9,0,9,凱基-埔墘,2024-06-14,9288
6125,廣運,9,0,9,凱基-埔墘,2024-06-14,9288
2367,燿華,8,0,8,凱基-埔墘,2024-06-14,9288
2867,三商壽,13,5,8,凱基-埔墘,2024-06-14,9288
3390,旭軟,8,0,8,凱基-埔墘,2024-06-14,9288
2489,瑞軒,7,0,7,凱基-埔墘,2024-06-14,9288
2543,皇昌,7,0,7,凱基-埔墘,2024-06-14,9288
3081,聯亞,7,0,7,凱基-埔墘,2024-06-14,9288
3535,晶彩科,12,5,7,凱基-埔墘,2024-06-14,9288
00878,國泰永續高股息,7,0,7,凱基-埔墘,2024-06-14,9288
2476,鉅祥,6,0,6,凱基-埔墘,2024-06-14,9288
6223,旺矽,16,10,6,凱基-埔墘,2024-06-14,9288
2354,鴻準,6,0,6,凱基-埔墘,2024-06-14,9288
2401,凌陽,6,0,6,凱基-埔墘,2024-06-14,9288
3062,建漢,7,1,6,凱基-埔墘,2024-06-14,9288
3234,光環,6,0,6,凱基-埔墘,2024-06-14,9288
00713,元大台灣高息低波,5,0,5,凱基-埔墘,2024-06-14,9288
3048,益登,22,17,5,凱基-埔墘,2024-06-14,9288
2331,精英,6,1,5,凱基-埔墘,2024-06-14,9288
2317,鴻海,223,24,199,凱基-埔墘,2024-06-17,9288
5243,乙盛-KY,57,1,56,凱基-埔墘,2024-06-17,9288
9945,潤泰新,55,0,55,凱基-埔墘,2024-06-17,9288
00936,台新永續高息中小,50,2,48,凱基-埔墘,2024-06-17,9288
911868,同方友友-DR,33,0,33,凱基-埔墘,2024-06-17,9288
4164,承業醫,41,12,29,凱基-埔墘,2024-06-17,9288
5484,慧友,30,1,29,凱基-埔墘,2024-06-17,9288
1709,和益,26,0,26,凱基-埔墘,2024-06-17,9288
00946,群益科技高息成長,22,0,22,凱基-埔墘,2024-06-17,9288
2355,敬鵬,22,1,21,凱基-埔墘,2024-06-17,9288
2385,群光,20,0,20,凱基-埔墘,2024-06-17,9288
5309,系統電,20,0,20,凱基-埔墘,2024-06-17,9288
6127,九豪,20,0,20,凱基-埔墘,2024-06-17,9288
2408,南亞科,19,1,18,凱基-埔墘,2024-06-17,9288
00687B,國泰20年美債,17,0,17,凱基-埔墘,2024-06-17,9288
1785,光洋科,26,10,16,凱基-埔墘,2024-06-17,9288
00919,群益台灣精選高息,30,15,15,凱基-埔墘,2024-06-17,9288
2867,三商壽,15,0,15,凱基-埔墘,2024-06-17,9288
2897,王道銀行,15,0,15,凱基-埔墘,2024-06-17,9288
3360,尚立,15,0,15,凱基-埔墘,2024-06-17,9288
00937B,群益ESG投等債20,14,0,14,凱基-埔墘,2024-06-17,9288
00948B,中信優息投資級債,13,1,12,凱基-埔墘,2024-06-17,9288
00918,大華優利高填息30,12,0,12,凱基-埔墘,2024-06-17,9288
00882,中信中國高股息,15,3,12,凱基-埔墘,2024-06-17,9288
00688L,國泰20年美債正2,11,0,11,凱基-埔墘,2024-06-17,9288
2520,冠德,11,0,11,凱基-埔墘,2024-06-17,9288
3481,群創,38,27,11,凱基-埔墘,2024-06-17,9288
00632R,元大台灣50反1,10,0,10,凱基-埔墘,2024-06-17,9288
6139,亞翔,8,0,8,凱基-埔墘,2024-06-17,9288
4714,永捷,8,0,8,凱基-埔墘,2024-06-17,9288
3231,緯創,9,2,7,凱基-埔墘,2024-06-17,9288
00942B,台新美A公司債20+,7,0,7,凱基-埔墘,2024-06-17,9288
2606,裕民,7,0,7,凱基-埔墘,2024-06-17,9288
2883,凱基金,10,3,7,凱基-埔墘,2024-06-17,9288
8039,台虹,7,0,7,凱基-埔墘,2024-06-17,9288
9940,信義,7,0,7,凱基-埔墘,2024-06-17,9288
2540,愛山林,6,0,6,凱基-埔墘,2024-06-17,9288
2637,慧洋-KY,6,0,6,凱基-埔墘,2024-06-17,9288
3379,彬台,6,0,6,凱基-埔墘,2024-06-17,9288
6219,富旺,6,0,6,凱基-埔墘,2024-06-17,9288
1503,士電,11,5,6,凱基-埔墘,2024-06-17,9288
0056,元大高股息,10,5,5,凱基-埔墘,2024-06-17,9288
00690,兆豐藍籌30,5,0,5,凱基-埔墘,2024-06-17,9288
00753L,中信中國50正2,5,0,5,凱基-埔墘,2024-06-17,9288
00934,中信成長高股息,5,0,5,凱基-埔墘,2024-06-17,9288
2379,瑞昱,10,5,5,凱基-埔墘,2024-06-17,9288
2501,國建,5,0,5,凱基-埔墘,2024-06-17,9288
2515,中工,7,2,5,凱基-埔墘,2024-06-17,9288
2601,益航,5,0,5,凱基-埔墘,2024-06-17,9288
2630,亞航,5,0,5,凱基-埔墘,2024-06-17,9288
00713,元大台灣高息低波,81,5,76,凱基-埔墘,2024-06-18,9288
00948B,中信優息投資級債,62,0,62,凱基-埔墘,2024-06-18,9288
1109,信大,100,42,58,凱基-埔墘,2024-06-18,9288
2610,華航,55,3,52,凱基-埔墘,2024-06-18,9288
3481,群創,47,7,40,凱基-埔墘,2024-06-18,9288
1802,台玻,45,7,38,凱基-埔墘,2024-06-18,9288
5439,高技,36,2,34,凱基-埔墘,2024-06-18,9288
8093,保銳,35,1,34,凱基-埔墘,2024-06-18,9288
8096,擎亞,50,16,34,凱基-埔墘,2024-06-18,9288
00936,台新永續高息中小,43,12,31,凱基-埔墘,2024-06-18,9288
00751B,元大AAA至A公司債,30,0,30,凱基-埔墘,2024-06-18,9288
2402,毅嘉,30,0,30,凱基-埔墘,2024-06-18,9288
00915,凱基優選高股息30,25,1,24,凱基-埔墘,2024-06-18,9288
2617,台航,24,0,24,凱基-埔墘,2024-06-18,9288
9945,潤泰新,30,9,21,凱基-埔墘,2024-06-18,9288
00946,群益科技高息成長,20,0,20,凱基-埔墘,2024-06-18,9288
00857B,永豐20年美公債,20,0,20,凱基-埔墘,2024-06-18,9288
6770,力積電,19,0,19,凱基-埔墘,2024-06-18,9288
9105,泰金寶-DR,24,6,18,凱基-埔墘,2024-06-18,9288
3017,奇鋐,17,1,16,凱基-埔墘,2024-06-18,9288
4968,立積,17,1,16,凱基-埔墘,2024-06-18,9288
3622,洋華,18,3,15,凱基-埔墘,2024-06-18,9288
6282,康舒,18,3,15,凱基-埔墘,2024-06-18,9288
5522,遠雄,14,0,14,凱基-埔墘,2024-06-18,9288
0056,元大高股息,14,2,12,凱基-埔墘,2024-06-18,9288
00662,富邦NASDAQ,11,0,11,凱基-埔墘,2024-06-18,9288
6190,萬泰科,11,0,11,凱基-埔墘,2024-06-18,9288
00720B,元大投資級公司債,10,0,10,凱基-埔墘,2024-06-18,9288
00712,復華富時不動產,10,0,10,凱基-埔墘,2024-06-18,9288
00632R,元大台灣50反1,50,40,10,凱基-埔墘,2024-06-18,9288
1536,和大,12,2,10,凱基-埔墘,2024-06-18,9288
2468,華經,10,0,10,凱基-埔墘,2024-06-18,9288
2641,正德,10,0,10,凱基-埔墘,2024-06-18,9288
4171,瑞基,10,0,10,凱基-埔墘,2024-06-18,9288
4526,東台,12,2,10,凱基-埔墘,2024-06-18,9288
6127,九豪,10,0,10,凱基-埔墘,2024-06-18,9288
00937B,群益ESG投等債20,9,0,9,凱基-埔墘,2024-06-18,9288
6841,長佳智能,11,2,9,凱基-埔墘,2024-06-18,9288
2365,昆盈,10,2,8,凱基-埔墘,2024-06-18,9288
2634,漢翔,9,1,8,凱基-埔墘,2024-06-18,9288
4533,協易機,10,2,8,凱基-埔墘,2024-06-18,9288
4919,新唐,8,0,8,凱基-埔墘,2024-06-18,9288
6538,倉和,8,0,8,凱基-埔墘,2024-06-18,9288
2371,大同,29,21,8,凱基-埔墘,2024-06-18,9288
00919,群益台灣精選高息,8,0,8,凱基-埔墘,2024-06-18,9288
1504,東元,8,1,7,凱基-埔墘,2024-06-18,9288
2301,光寶科,7,0,7,凱基-埔墘,2024-06-18,9288
2601,益航,7,0,7,凱基-埔墘,2024-06-18,9288
3217,優群,7,0,7,凱基-埔墘,2024-06-18,9288
3376,新日興,13,7,6,凱基-埔墘,2024-06-18,9288
00632R,元大台灣50反1,134,0,134,凱基-埔墘,2024-06-19,9288
9940,信義,86,0,86,凱基-埔墘,2024-06-19,9288
3466,德晉,48,0,48,凱基-埔墘,2024-06-19,9288
5443,均豪,42,7,35,凱基-埔墘,2024-06-19,9288
6005,群益證,35,2,33,凱基-埔墘,2024-06-19,9288
00915,凱基優選高股息30,25,0,25,凱基-埔墘,2024-06-19,9288
2002,中鋼,25,2,23,凱基-埔墘,2024-06-19,9288
6190,萬泰科,24,2,22,凱基-埔墘,2024-06-19,9288
00936,台新永續高息中小,21,0,21,凱基-埔墘,2024-06-19,9288
00948B,中信優息投資級債,20,0,20,凱基-埔墘,2024-06-19,9288
3551,世禾,20,0,20,凱基-埔墘,2024-06-19,9288
3624,光頡,20,0,20,凱基-埔墘,2024-06-19,9288
2330,台積電,64,48,16,凱基-埔墘,2024-06-19,9288
00891,中信關鍵半導體,15,0,15,凱基-埔墘,2024-06-19,9288
2352,佳世達,18,5,13,凱基-埔墘,2024-06-19,9288
2615,萬海,16,3,13,凱基-埔墘,2024-06-19,9288
00688L,國泰20年美債正2,12,0,12,凱基-埔墘,2024-06-19,9288
3234,光環,12,0,12,凱基-埔墘,2024-06-19,9288
00687B,國泰20年美債,11,0,11,凱基-埔墘,2024-06-19,9288
3013,晟銘電,11,1,10,凱基-埔墘,2024-06-19,9288
00830,國泰費城半導體,10,0,10,凱基-埔墘,2024-06-19,9288
1721,三晃,10,0,10,凱基-埔墘,2024-06-19,9288
2867,三商壽,10,0,10,凱基-埔墘,2024-06-19,9288
2885,元大金,10,0,10,凱基-埔墘,2024-06-19,9288
3048,益登,14,4,10,凱基-埔墘,2024-06-19,9288
4510,高鋒,10,0,10,凱基-埔墘,2024-06-19,9288
4967,十銓,10,0,10,凱基-埔墘,2024-06-19,9288
5452,佶優,10,0,10,凱基-埔墘,2024-06-19,9288
6127,九豪,10,0,10,凱基-埔墘,2024-06-19,9288
6456,GIS-KY,10,0,10,凱基-埔墘,2024-06-19,9288
3062,建漢,165,156,9,凱基-埔墘,2024-06-19,9288
2371,大同,57,48,9,凱基-埔墘,2024-06-19,9288
1907,永豐餘,8,0,8,凱基-埔墘,2024-06-19,9288
8404,百和興業-KY,8,0,8,凱基-埔墘,2024-06-19,9288
00713,元大台灣高息低波,7,0,7,凱基-埔墘,2024-06-19,9288
2101,南港,10,3,7,凱基-埔墘,2024-06-19,9288
2476,鉅祥,7,0,7,凱基-埔墘,2024-06-19,9288
3535,晶彩科,7,0,7,凱基-埔墘,2024-06-19,9288
4549,桓達,7,0,7,凱基-埔墘,2024-06-19,9288
6213,聯茂,8,1,7,凱基-埔墘,2024-06-19,9288
2344,華邦電,47,40,7,凱基-埔墘,2024-06-19,9288
6244,茂迪,12,6,6,凱基-埔墘,2024-06-19,9288
3081,聯亞,9,3,6,凱基-埔墘,2024-06-19,9288
00637L,元大滬深300正2,6,0,6,凱基-埔墘,2024-06-19,9288
1309,台達化,6,0,6,凱基-埔墘,2024-06-19,9288
2353,宏��,6,0,6,凱基-埔墘,2024-06-19,9288
2489,瑞軒,6,0,6,凱基-埔墘,2024-06-19,9288
2501,國建,6,0,6,凱基-埔墘,2024-06-19,9288
4540,全球傳動,6,0,6,凱基-埔墘,2024-06-19,9288
6282,康舒,6,0,6,凱基-埔墘,2024-06-19,9288
00940,元大台灣價值高息,238,2,236,凱基-埔墘,2024-06-20,9288
3483,力致,130,5,125,凱基-埔墘,2024-06-20,9288
9940,信義,48,0,48,凱基-埔墘,2024-06-20,9288
2412,中華電,38,0,38,凱基-埔墘,2024-06-20,9288
3006,晶豪科,50,13,37,凱基-埔墘,2024-06-20,9288
00945B,凱基美國非投等債,30,0,30,凱基-埔墘,2024-06-20,9288
8996,高力,31,2,29,凱基-埔墘,2024-06-20,9288
2888,新光金,33,5,28,凱基-埔墘,2024-06-20,9288
00936,台新永續高息中小,27,0,27,凱基-埔墘,2024-06-20,9288
3045,台灣大,26,0,26,凱基-埔墘,2024-06-20,9288
2354,鴻準,25,2,23,凱基-埔墘,2024-06-20,9288
8103,瀚荃,24,1,23,凱基-埔墘,2024-06-20,9288
00751B,元大AAA至A公司債,20,0,20,凱基-埔墘,2024-06-20,9288
0056,元大高股息,20,1,19,凱基-埔墘,2024-06-20,9288
6005,群益證,23,5,18,凱基-埔墘,2024-06-20,9288
6526,達發,18,0,18,凱基-埔墘,2024-06-20,9288
2330,台積電,25,8,17,凱基-埔墘,2024-06-20,9288
00687B,國泰20年美債,16,0,16,凱基-埔墘,2024-06-20,9288
3264,欣銓,15,0,15,凱基-埔墘,2024-06-20,9288
3402,漢科,15,0,15,凱基-埔墘,2024-06-20,9288
6160,欣技,15,0,15,凱基-埔墘,2024-06-20,9288
00830,國泰費城半導體,16,2,14,凱基-埔墘,2024-06-20,9288
00720B,元大投資級公司債,14,0,14,凱基-埔墘,2024-06-20,9288
00933B,國泰10Y+金融債,13,0,13,凱基-埔墘,2024-06-20,9288
5371,中光電,13,0,13,凱基-埔墘,2024-06-20,9288
6153,嘉聯益,20,7,13,凱基-埔墘,2024-06-20,9288
5284,jpp-KY,12,0,12,凱基-埔墘,2024-06-20,9288
5452,佶優,12,0,12,凱基-埔墘,2024-06-20,9288
3498,陽程,11,0,11,凱基-埔墘,2024-06-20,9288
8064,東捷,31,20,11,凱基-埔墘,2024-06-20,9288
00948B,中信優息投資級債,10,0,10,凱基-埔墘,2024-06-20,9288
00947,台新臺灣IC設計,10,0,10,凱基-埔墘,2024-06-20,9288
00934,中信成長高股息,10,0,10,凱基-埔墘,2024-06-20,9288
2353,宏��,17,7,10,凱基-埔墘,2024-06-20,9288
2329,華泰,15,5,10,凱基-埔墘,2024-06-20,9288
00919,群益台灣精選高息,13,4,9,凱基-埔墘,2024-06-20,9288
2618,長榮航,8,1,7,凱基-埔墘,2024-06-20,9288
2009,第一銅,7,0,7,凱基-埔墘,2024-06-20,9288
2886,兆豐金,7,0,7,凱基-埔墘,2024-06-20,9288
5439,高技,8,1,7,凱基-埔墘,2024-06-20,9288
6257,矽格,7,0,7,凱基-埔墘,2024-06-20,9288
2324,仁寶,6,0,6,凱基-埔墘,2024-06-20,9288
1304,台聚,6,0,6,凱基-埔墘,2024-06-20,9288
1305,華夏,6,0,6,凱基-埔墘,2024-06-20,9288
1608,華榮,12,6,6,凱基-埔墘,2024-06-20,9288
4526,東台,19,13,6,凱基-埔墘,2024-06-20,9288
6207,雷科,7,1,6,凱基-埔墘,2024-06-20,9288
6890,來億-KY,6,0,6,凱基-埔墘,2024-06-20,9288
9945,潤泰新,6,0,6,凱基-埔墘,2024-06-20,9288
4566,時碩工業,9,4,5,凱基-埔墘,2024-06-20,9288
3483,力致,181,11,170,凱基-埔墘,2024-06-21,9288
00937B,群益ESG投等債20,163,1,162,凱基-埔墘,2024-06-21,9288
1815,富喬,161,1,160,凱基-埔墘,2024-06-21,9288
00919,群益台灣精選高息,113,24,89,凱基-埔墘,2024-06-21,9288
2022,聚亨,70,0,70,凱基-埔墘,2024-06-21,9288
00940,元大台灣價值高息,63,10,53,凱基-埔墘,2024-06-21,9288
6167,久正,50,0,50,凱基-埔墘,2024-06-21,9288
2329,華泰,55,7,48,凱基-埔墘,2024-06-21,9288
00929,復華台灣科技優息,76,33,43,凱基-埔墘,2024-06-21,9288
8085,福華,45,5,40,凱基-埔墘,2024-06-21,9288
5484,慧友,36,0,36,凱基-埔墘,2024-06-21,9288
3312,弘憶股,35,0,35,凱基-埔墘,2024-06-21,9288
00637L,元大滬深300正2,39,6,33,凱基-埔墘,2024-06-21,9288
6284,佳邦,32,6,26,凱基-埔墘,2024-06-21,9288
3380,明泰,25,2,23,凱基-埔墘,2024-06-21,9288
4526,東台,22,6,16,凱基-埔墘,2024-06-21,9288
00946,群益科技高息成長,15,0,15,凱基-埔墘,2024-06-21,9288
2421,建準,15,0,15,凱基-埔墘,2024-06-21,9288
3372,典範,15,0,15,凱基-埔墘,2024-06-21,9288
6196,帆宣,15,0,15,凱基-埔墘,2024-06-21,9288
2317,鴻海,26,11,15,凱基-埔墘,2024-06-21,9288
5284,jpp-KY,14,0,14,凱基-埔墘,2024-06-21,9288
00933B,國泰10Y+金融債,13,0,13,凱基-埔墘,2024-06-21,9288
3624,光頡,13,0,13,凱基-埔墘,2024-06-21,9288
9940,信義,13,0,13,凱基-埔墘,2024-06-21,9288
4956,光鋐,36,23,13,凱基-埔墘,2024-06-21,9288
2330,台積電,22,10,12,凱基-埔墘,2024-06-21,9288
3466,德晉,12,0,12,凱基-埔墘,2024-06-21,9288
3622,洋華,12,0,12,凱基-埔墘,2024-06-21,9288
1473,台南,11,0,11,凱基-埔墘,2024-06-21,9288
2520,冠德,12,1,11,凱基-埔墘,2024-06-21,9288
3305,昇貿,16,5,11,凱基-埔墘,2024-06-21,9288
00751B,元大AAA至A公司債,10,0,10,凱基-埔墘,2024-06-21,9288
2323,中環,10,0,10,凱基-埔墘,2024-06-21,9288
2468,華經,10,0,10,凱基-埔墘,2024-06-21,9288
2313,華通,11,2,9,凱基-埔墘,2024-06-21,9288
2867,三商壽,10,1,9,凱基-埔墘,2024-06-21,9288
3498,陽程,21,12,9,凱基-埔墘,2024-06-21,9288
2406,國碩,10,2,8,凱基-埔墘,2024-06-21,9288
00830,國泰費城半導體,7,0,7,凱基-埔墘,2024-06-21,9288
00878,國泰永續高股息,7,0,7,凱基-埔墘,2024-06-21,9288
2634,漢翔,7,0,7,凱基-埔墘,2024-06-21,9288
1301,台塑,6,0,6,凱基-埔墘,2024-06-21,9288
00753L,中信中國50正2,6,0,6,凱基-埔墘,2024-06-21,9288
00650L,復華香港正2,9,3,6,凱基-埔墘,2024-06-21,9288
00680L,元大美債20正2,7,1,6,凱基-埔墘,2024-06-21,9288
1604,聲寶,6,0,6,凱基-埔墘,2024-06-21,9288
2412,中華電,6,0,6,凱基-埔墘,2024-06-21,9288
2540,愛山林,10,4,6,凱基-埔墘,2024-06-21,9288
6217,中探針,8,2,6,凱基-埔墘,2024-06-21,9288
3481,群創,228,49,179,凱基-埔墘,2024-06-24,9288
8085,福華,174,2,172,凱基-埔墘,2024-06-24,9288
00919,群益台灣精選高息,79,3,76,凱基-埔墘,2024-06-24,9288
00929,復華台灣科技優息,66,0,66,凱基-埔墘,2024-06-24,9288
2061,風青,51,0,51,凱基-埔墘,2024-06-24,9288
5484,慧友,37,0,37,凱基-埔墘,2024-06-24,9288
6167,久正,35,0,35,凱基-埔墘,2024-06-24,9288
3450,聯鈞,65,33,32,凱基-埔墘,2024-06-24,9288
6449,鈺邦,36,11,25,凱基-埔墘,2024-06-24,9288
1815,富喬,20,1,19,凱基-埔墘,2024-06-24,9288
1785,光洋科,73,56,17,凱基-埔墘,2024-06-24,9288
6127,九豪,16,0,16,凱基-埔墘,2024-06-24,9288
2412,中華電,15,0,15,凱基-埔墘,2024-06-24,9288
3031,佰鴻,15,0,15,凱基-埔墘,2024-06-24,9288
6546,正基,15,0,15,凱基-埔墘,2024-06-24,9288
3312,弘憶股,14,0,14,凱基-埔墘,2024-06-24,9288
6443,元晶,14,0,14,凱基-埔墘,2024-06-24,9288
00936,台新永續高息中小,12,0,12,凱基-埔墘,2024-06-24,9288
00878,國泰永續高股息,12,0,12,凱基-埔墘,2024-06-24,9288
00650L,復華香港正2,12,0,12,凱基-埔墘,2024-06-24,9288
1473,台南,12,0,12,凱基-埔墘,2024-06-24,9288
2344,華邦電,19,7,12,凱基-埔墘,2024-06-24,9288
2897,王道銀行,12,0,12,凱基-埔墘,2024-06-24,9288
00902,中信電池及儲能,10,0,10,凱基-埔墘,2024-06-24,9288
1215,卜蜂,10,0,10,凱基-埔墘,2024-06-24,9288
2355,敬鵬,11,1,10,凱基-埔墘,2024-06-24,9288
2601,益航,10,0,10,凱基-埔墘,2024-06-24,9288
2801,彰銀,10,0,10,凱基-埔墘,2024-06-24,9288
3357,臺慶科,10,0,10,凱基-埔墘,2024-06-24,9288
912000,晨訊科-DR,10,0,10,凱基-埔墘,2024-06-24,9288
8048,德勝,10,1,9,凱基-埔墘,2024-06-24,9288
5328,華容,13,4,9,凱基-埔墘,2024-06-24,9288
6111,大宇資,12,3,9,凱基-埔墘,2024-06-24,9288
00631L,元大台灣50正2,8,0,8,凱基-埔墘,2024-06-24,9288
2548,華固,10,2,8,凱基-埔墘,2024-06-24,9288
1305,華夏,8,0,8,凱基-埔墘,2024-06-24,9288
2618,長榮航,13,5,8,凱基-埔墘,2024-06-24,9288
3624,光頡,8,0,8,凱基-埔墘,2024-06-24,9288
6598,ABC-KY,8,0,8,凱基-埔墘,2024-06-24,9288
0056,元大高股息,8,1,7,凱基-埔墘,2024-06-24,9288
4726,永昕,7,0,7,凱基-埔墘,2024-06-24,9288
2515,中工,6,0,6,凱基-埔墘,2024-06-24,9288
00905,FT臺灣Smart,6,0,6,凱基-埔墘,2024-06-24,9288
00939,統一台灣高息動能,6,0,6,凱基-埔墘,2024-06-24,9288
2498,宏達電,10,4,6,凱基-埔墘,2024-06-24,9288
3047,訊舟,9,3,6,凱基-埔墘,2024-06-24,9288
4960,誠美材,6,0,6,凱基-埔墘,2024-06-24,9288
00937B,群益ESG投等債20,5,0,5,凱基-埔墘,2024-06-24,9288
00915,凱基優選高股息30,6,1,5,凱基-埔墘,2024-06-24,9288
1319,東陽,5,0,5,凱基-埔墘,2024-06-24,9288
3481,群創,115,31,84,凱基-埔墘,2024-06-25,9288
00687B,國泰20年美債,60,0,60,凱基-埔墘,2024-06-25,9288
8085,福華,67,14,53,凱基-埔墘,2024-06-25,9288
2464,盟立,56,7,49,凱基-埔墘,2024-06-25,9288
00929,復華台灣科技優息,63,27,36,凱基-埔墘,2024-06-25,9288
00679B,元大美債20年,35,1,34,凱基-埔墘,2024-06-25,9288
3483,力致,40,7,33,凱基-埔墘,2024-06-25,9288
2409,友達,31,0,31,凱基-埔墘,2024-06-25,9288
2855,統一證,29,0,29,凱基-埔墘,2024-06-25,9288
00940,元大台灣價值高息,40,12,28,凱基-埔墘,2024-06-25,9288
6138,茂達,20,0,20,凱基-埔墘,2024-06-25,9288
4919,新唐,19,0,19,凱基-埔墘,2024-06-25,9288
0056,元大高股息,27,8,19,凱基-埔墘,2024-06-25,9288
3535,晶彩科,27,9,18,凱基-埔墘,2024-06-25,9288
6546,正基,17,0,17,凱基-埔墘,2024-06-25,9288
00919,群益台灣精選高息,26,9,17,凱基-埔墘,2024-06-25,9288
1514,亞力,22,7,15,凱基-埔墘,2024-06-25,9288
3231,緯創,20,5,15,凱基-埔墘,2024-06-25,9288
3017,奇鋐,14,0,14,凱基-埔墘,2024-06-25,9288
2330,台積電,22,8,14,凱基-埔墘,2024-06-25,9288
2344,華邦電,14,1,13,凱基-埔墘,2024-06-25,9288
1305,華夏,11,0,11,凱基-埔墘,2024-06-25,9288
2368,金像電,11,0,11,凱基-埔墘,2024-06-25,9288
6116,彩晶,10,0,10,凱基-埔墘,2024-06-25,9288
2061,風青,10,0,10,凱基-埔墘,2024-06-25,9288
2537,聯上發,10,0,10,凱基-埔墘,2024-06-25,9288
4164,承業醫,10,0,10,凱基-埔墘,2024-06-25,9288
8027,鈦昇,12,2,10,凱基-埔墘,2024-06-25,9288
8064,東捷,15,6,9,凱基-埔墘,2024-06-25,9288
3450,聯鈞,16,8,8,凱基-埔墘,2024-06-25,9288
5452,佶優,24,16,8,凱基-埔墘,2024-06-25,9288
00936,台新永續高息中小,7,0,7,凱基-埔墘,2024-06-25,9288
1503,士電,19,12,7,凱基-埔墘,2024-06-25,9288
2324,仁寶,7,0,7,凱基-埔墘,2024-06-25,9288
6173,信昌電,8,1,7,凱基-埔墘,2024-06-25,9288
3037,欣興,6,0,6,凱基-埔墘,2024-06-25,9288
2352,佳世達,26,20,6,凱基-埔墘,2024-06-25,9288
2353,宏��,7,1,6,凱基-埔墘,2024-06-25,9288
3005,神基,6,0,6,凱基-埔墘,2024-06-25,9288
6177,達麗,6,0,6,凱基-埔墘,2024-06-25,9288
00713,元大台灣高息低波,5,0,5,凱基-埔墘,2024-06-25,9288
1304,台聚,5,0,5,凱基-埔墘,2024-06-25,9288
2890,永豐金,5,0,5,凱基-埔墘,2024-06-25,9288
4958,臻鼎-KY,6,1,5,凱基-埔墘,2024-06-25,9288
6182,合晶,5,0,5,凱基-埔墘,2024-06-25,9288
8926,台汽電,5,0,5,凱基-埔墘,2024-06-25,9288
2603,長榮,4,0,4,凱基-埔墘,2024-06-25,9288
1815,富喬,5,1,4,凱基-埔墘,2024-06-25,9288
2014,中鴻,4,0,4,凱基-埔墘,2024-06-25,9288
2406,國碩,5,1,4,凱基-埔墘,2024-06-25,9288
2855,統一證,178,0,178,凱基-埔墘,2024-06-26,9288
00878,國泰永續高股息,102,0,102,凱基-埔墘,2024-06-26,9288
8358,金居,36,0,36,凱基-埔墘,2024-06-26,9288
00929,復華台灣科技優息,50,14,36,凱基-埔墘,2024-06-26,9288
5452,佶優,34,2,32,凱基-埔墘,2024-06-26,9288
1795,美時,23,0,23,凱基-埔墘,2024-06-26,9288
2317,鴻海,30,9,21,凱基-埔墘,2024-06-26,9288
2409,友達,21,0,21,凱基-埔墘,2024-06-26,9288
3624,光頡,21,1,20,凱基-埔墘,2024-06-26,9288
8085,福華,22,2,20,凱基-埔墘,2024-06-26,9288
6127,九豪,18,0,18,凱基-埔墘,2024-06-26,9288
4401,東隆興,16,0,16,凱基-埔墘,2024-06-26,9288
2609,陽明,15,1,14,凱基-埔墘,2024-06-26,9288
3037,欣興,12,0,12,凱基-埔墘,2024-06-26,9288
2344,華邦電,12,1,11,凱基-埔墘,2024-06-26,9288
3419,譁裕,11,0,11,凱基-埔墘,2024-06-26,9288
6550,北極星藥業-KY,11,0,11,凱基-埔墘,2024-06-26,9288
2603,長榮,16,5,11,凱基-埔墘,2024-06-26,9288
3036,文曄,11,1,10,凱基-埔墘,2024-06-26,9288
2002,中鋼,10,0,10,凱基-埔墘,2024-06-26,9288
00885,富邦越南,10,0,10,凱基-埔墘,2024-06-26,9288
1785,光洋科,19,9,10,凱基-埔墘,2024-06-26,9288
2412,中華電,10,0,10,凱基-埔墘,2024-06-26,9288
00918,大華優利高填息30,9,0,9,凱基-埔墘,2024-06-26,9288
3035,智原,16,7,9,凱基-埔墘,2024-06-26,9288
00637L,元大滬深300正2,8,0,8,凱基-埔墘,2024-06-26,9288
3581,博磊,13,5,8,凱基-埔墘,2024-06-26,9288
6275,元山,8,0,8,凱基-埔墘,2024-06-26,9288
6706,惠特,11,3,8,凱基-埔墘,2024-06-26,9288
2371,大同,8,1,7,凱基-埔墘,2024-06-26,9288
3231,緯創,10,3,7,凱基-埔墘,2024-06-26,9288
2301,光寶科,9,2,7,凱基-埔墘,2024-06-26,9288
6806,森崴能源,14,7,7,凱基-埔墘,2024-06-26,9288
2884,玉山金,8,1,7,凱基-埔墘,2024-06-26,9288
1215,卜蜂,6,0,6,凱基-埔墘,2024-06-26,9288
2388,威盛,6,0,6,凱基-埔墘,2024-06-26,9288
2812,台中銀,6,0,6,凱基-埔墘,2024-06-26,9288
6901,鑽石投資,6,0,6,凱基-埔墘,2024-06-26,9288
00665L,富邦�琤肭磪囓�2,21,16,5,凱基-埔墘,2024-06-26,9288
00712,復華富時不動產,5,0,5,凱基-埔墘,2024-06-26,9288
00830,國泰費城半導體,5,0,5,凱基-埔墘,2024-06-26,9288
00937B,群益ESG投等債20,5,0,5,凱基-埔墘,2024-06-26,9288
1304,台聚,5,0,5,凱基-埔墘,2024-06-26,9288
1721,三晃,5,0,5,凱基-埔墘,2024-06-26,9288
2498,宏達電,5,0,5,凱基-埔墘,2024-06-26,9288
2601,益航,5,0,5,凱基-埔墘,2024-06-26,9288
3062,建漢,22,17,5,凱基-埔墘,2024-06-26,9288
5009,榮剛,6,1,5,凱基-埔墘,2024-06-26,9288
5471,松翰,5,0,5,凱基-埔墘,2024-06-26,9288
5481,新華,5,0,5,凱基-埔墘,2024-06-26,9288
2610,華航,124,28,96,凱基-埔墘,2024-06-27,9288
3576,聯合再生,95,36,59,凱基-埔墘,2024-06-27,9288
8076,伍豐,78,19,59,凱基-埔墘,2024-06-27,9288
8085,福華,46,1,45,凱基-埔墘,2024-06-27,9288
4167,松瑞藥,111,77,34,凱基-埔墘,2024-06-27,9288
4938,和碩,24,0,24,凱基-埔墘,2024-06-27,9288
3047,訊舟,24,3,21,凱基-埔墘,2024-06-27,9288
3481,群創,38,17,21,凱基-埔墘,2024-06-27,9288
00937B,群益ESG投等債20,20,0,20,凱基-埔墘,2024-06-27,9288
00632R,元大台灣50反1,20,0,20,凱基-埔墘,2024-06-27,9288
2855,統一證,20,0,20,凱基-埔墘,2024-06-27,9288
00936,台新永續高息中小,18,0,18,凱基-埔墘,2024-06-27,9288
00929,復華台灣科技優息,17,0,17,凱基-埔墘,2024-06-27,9288
1611,中電,17,0,17,凱基-埔墘,2024-06-27,9288
2449,京元電子,22,6,16,凱基-埔墘,2024-06-27,9288
00795B,中信美國公債20年,15,0,15,凱基-埔墘,2024-06-27,9288
00650L,復華香港正2,20,5,15,凱基-埔墘,2024-06-27,9288
1474,弘裕,15,0,15,凱基-埔墘,2024-06-27,9288
4566,時碩工業,18,3,15,凱基-埔墘,2024-06-27,9288
00915,凱基優選高股息30,13,0,13,凱基-埔墘,2024-06-27,9288
6770,力積電,12,1,11,凱基-埔墘,2024-06-27,9288
00939,統一台灣高息動能,11,0,11,凱基-埔墘,2024-06-27,9288
00919,群益台灣精選高息,10,0,10,凱基-埔墘,2024-06-27,9288
6116,彩晶,10,0,10,凱基-埔墘,2024-06-27,9288
00646,元大S＆P500,10,0,10,凱基-埔墘,2024-06-27,9288
2888,新光金,10,0,10,凱基-埔墘,2024-06-27,9288
3265,台星科,10,0,10,凱基-埔墘,2024-06-27,9288
6538,倉和,10,0,10,凱基-埔墘,2024-06-27,9288
6550,北極星藥業-KY,12,2,10,凱基-埔墘,2024-06-27,9288
00948B,中信優息投資級債,9,0,9,凱基-埔墘,2024-06-27,9288
00830,國泰費城半導體,8,0,8,凱基-埔墘,2024-06-27,9288
1304,台聚,8,0,8,凱基-埔墘,2024-06-27,9288
2609,陽明,9,1,8,凱基-埔墘,2024-06-27,9288
8064,東捷,13,5,8,凱基-埔墘,2024-06-27,9288
6805,富世達,8,1,7,凱基-埔墘,2024-06-27,9288
2009,第一銅,7,0,7,凱基-埔墘,2024-06-27,9288
00878,國泰永續高股息,12,5,7,凱基-埔墘,2024-06-27,9288
2352,佳世達,7,0,7,凱基-埔墘,2024-06-27,9288
3338,泰碩,8,1,7,凱基-埔墘,2024-06-27,9288
6285,啟��,7,0,7,凱基-埔墘,2024-06-27,9288
6443,元晶,24,17,7,凱基-埔墘,2024-06-27,9288
9103,美德醫療-DR,7,0,7,凱基-埔墘,2024-06-27,9288
912000,晨訊科-DR,7,0,7,凱基-埔墘,2024-06-27,9288
00679B,元大美債20年,6,0,6,凱基-埔墘,2024-06-27,9288
2501,國建,6,0,6,凱基-埔墘,2024-06-27,9288
1326,台化,6,0,6,凱基-埔墘,2024-06-27,9288
1524,耿鼎,10,4,6,凱基-埔墘,2024-06-27,9288
1617,榮星,8,2,6,凱基-埔墘,2024-06-27,9288
6275,元山,6,0,6,凱基-埔墘,2024-06-27,9288
6288,聯嘉,6,0,6,凱基-埔墘,2024-06-27,9288
2368,金像電,69,3,66,凱基-埔墘,2024-06-28,9288
2382,廣達,67,6,61,凱基-埔墘,2024-06-28,9288
1736,喬山,45,0,45,凱基-埔墘,2024-06-28,9288
6167,久正,40,0,40,凱基-埔墘,2024-06-28,9288
2615,萬海,39,1,38,凱基-埔墘,2024-06-28,9288
00679B,元大美債20年,30,0,30,凱基-埔墘,2024-06-28,9288
1710,東聯,30,0,30,凱基-埔墘,2024-06-28,9288
2313,華通,30,2,28,凱基-埔墘,2024-06-28,9288
2337,旺宏,26,0,26,凱基-埔墘,2024-06-28,9288
3047,訊舟,33,7,26,凱基-埔墘,2024-06-28,9288
1474,弘裕,25,0,25,凱基-埔墘,2024-06-28,9288
6805,富世達,25,4,21,凱基-埔墘,2024-06-28,9288
00929,復華台灣科技優息,22,2,20,凱基-埔墘,2024-06-28,9288
2355,敬鵬,20,2,18,凱基-埔墘,2024-06-28,9288
2610,華航,32,19,13,凱基-埔墘,2024-06-28,9288
8271,宇瞻,13,0,13,凱基-埔墘,2024-06-28,9288
2609,陽明,12,0,12,凱基-埔墘,2024-06-28,9288
3520,華盈,13,1,12,凱基-埔墘,2024-06-28,9288
8103,瀚荃,12,0,12,凱基-埔墘,2024-06-28,9288
2002,中鋼,12,1,11,凱基-埔墘,2024-06-28,9288
2520,冠德,11,0,11,凱基-埔墘,2024-06-28,9288
00712,復華富時不動產,11,0,11,凱基-埔墘,2024-06-28,9288
2010,春源,10,0,10,凱基-埔墘,2024-06-28,9288
2641,正德,10,0,10,凱基-埔墘,2024-06-28,9288
5443,均豪,11,1,10,凱基-埔墘,2024-06-28,9288
2486,一詮,9,0,9,凱基-埔墘,2024-06-28,9288
4157,太景*-KY,10,1,9,凱基-埔墘,2024-06-28,9288
2449,京元電子,13,4,9,凱基-埔墘,2024-06-28,9288
6477,安集,8,0,8,凱基-埔墘,2024-06-28,9288
00706L,期元大S＆P日圓正2,8,0,8,凱基-埔墘,2024-06-28,9288
1215,卜蜂,8,0,8,凱基-埔墘,2024-06-28,9288
2352,佳世達,7,0,7,凱基-埔墘,2024-06-28,9288
1727,中華化,12,5,7,凱基-埔墘,2024-06-28,9288
2101,南港,9,2,7,凱基-埔墘,2024-06-28,9288
2882,國泰金,7,0,7,凱基-埔墘,2024-06-28,9288
2356,英業達,6,0,6,凱基-埔墘,2024-06-28,9288
2630,亞航,6,0,6,凱基-埔墘,2024-06-28,9288
2301,光寶科,7,1,6,凱基-埔墘,2024-06-28,9288
00882,中信中國高股息,5,0,5,凱基-埔墘,2024-06-28,9288
00673R,期元大S＆P原油反1,5,0,5,凱基-埔墘,2024-06-28,9288
2379,瑞昱,5,0,5,凱基-埔墘,2024-06-28,9288
2409,友達,5,0,5,凱基-埔墘,2024-06-28,9288
2498,宏達電,5,0,5,凱基-埔墘,2024-06-28,9288
2883,凱基金,5,0,5,凱基-埔墘,2024-06-28,9288
3005,神基,5,0,5,凱基-埔墘,2024-06-28,9288
6190,萬泰科,5,0,5,凱基-埔墘,2024-06-28,9288
2540,愛山林,5,1,4,凱基-埔墘,2024-06-28,9288
00830,國泰費城半導體,4,0,4,凱基-埔墘,2024-06-28,9288
00713,元大台灣高息低波,4,0,4,凱基-埔墘,2024-06-28,9288
2393,億光,4,0,4,凱基-埔墘,2024-06-28,9288
00679B,元大美債20年,58,0,58,凱基-埔墘,2024-07-01,9288
00937B,群益ESG投等債20,48,0,48,凱基-埔墘,2024-07-01,9288
00795B,中信美國公債20年,40,0,40,凱基-埔墘,2024-07-01,9288
2365,昆盈,77,38,39,凱基-埔墘,2024-07-01,9288
2303,聯電,51,12,39,凱基-埔墘,2024-07-01,9288
00687B,國泰20年美債,35,0,35,凱基-埔墘,2024-07-01,9288
00942B,台新美A公司債20+,35,0,35,凱基-埔墘,2024-07-01,9288
3481,群創,35,5,30,凱基-埔墘,2024-07-01,9288
2367,燿華,33,3,30,凱基-埔墘,2024-07-01,9288
2301,光寶科,41,13,28,凱基-埔墘,2024-07-01,9288
1789,神隆,27,0,27,凱基-埔墘,2024-07-01,9288
2317,鴻海,27,2,25,凱基-埔墘,2024-07-01,9288
8085,福華,25,1,24,凱基-埔墘,2024-07-01,9288
00929,復華台灣科技優息,20,0,20,凱基-埔墘,2024-07-01,9288
00720B,元大投資級公司債,21,1,20,凱基-埔墘,2024-07-01,9288
3057,喬鼎,20,0,20,凱基-埔墘,2024-07-01,9288
00933B,國泰10Y+金融債,22,3,19,凱基-埔墘,2024-07-01,9288
2352,佳世達,18,0,18,凱基-埔墘,2024-07-01,9288
2495,普安,20,3,17,凱基-埔墘,2024-07-01,9288
00680L,元大美債20正2,16,0,16,凱基-埔墘,2024-07-01,9288
00948B,中信優息投資級債,15,0,15,凱基-埔墘,2024-07-01,9288
4167,松瑞藥,23,8,15,凱基-埔墘,2024-07-01,9288
8064,東捷,34,20,14,凱基-埔墘,2024-07-01,9288
3615,安可,13,0,13,凱基-埔墘,2024-07-01,9288
2883,凱基金,13,0,13,凱基-埔墘,2024-07-01,9288
00946,群益科技高息成長,12,0,12,凱基-埔墘,2024-07-01,9288
2537,聯上發,13,1,12,凱基-埔墘,2024-07-01,9288
0056,元大高股息,11,0,11,凱基-埔墘,2024-07-01,9288
6244,茂迪,10,0,10,凱基-埔墘,2024-07-01,9288
1210,大成,10,0,10,凱基-埔墘,2024-07-01,9288
2323,中環,10,0,10,凱基-埔墘,2024-07-01,9288
2368,金像電,12,2,10,凱基-埔墘,2024-07-01,9288
2641,正德,10,0,10,凱基-埔墘,2024-07-01,9288
6603,富強鑫,10,0,10,凱基-埔墘,2024-07-01,9288
6770,力積電,10,0,10,凱基-埔墘,2024-07-01,9288
8071,能率網通,9,0,9,凱基-埔墘,2024-07-01,9288
3580,友威科,19,11,8,凱基-埔墘,2024-07-01,9288
6188,廣明,21,13,8,凱基-埔墘,2024-07-01,9288
912000,晨訊科-DR,8,0,8,凱基-埔墘,2024-07-01,9288
2353,宏��,12,4,8,凱基-埔墘,2024-07-01,9288
2324,仁寶,7,0,7,凱基-埔墘,2024-07-01,9288
3105,穩懋,18,11,7,凱基-埔墘,2024-07-01,9288
00712,復華富時不動產,7,0,7,凱基-埔墘,2024-07-01,9288
1513,中興電,9,2,7,凱基-埔墘,2024-07-01,9288
8222,寶一,6,0,6,凱基-埔墘,2024-07-01,9288
1536,和大,6,0,6,凱基-埔墘,2024-07-01,9288
3024,憶聲,44,38,6,凱基-埔墘,2024-07-01,9288
4113,聯上,6,0,6,凱基-埔墘,2024-07-01,9288
6205,詮欣,6,0,6,凱基-埔墘,2024-07-01,9288
6215,和椿,9,3,6,凱基-埔墘,2024-07-01,9288
00929,復華台灣科技優息,208,12,196,凱基-埔墘,2024-07-02,9288
2303,聯電,85,0,85,凱基-埔墘,2024-07-02,9288
1806,冠軍,83,2,81,凱基-埔墘,2024-07-02,9288
00679B,元大美債20年,57,0,57,凱基-埔墘,2024-07-02,9288
00934,中信成長高股息,52,2,50,凱基-埔墘,2024-07-02,9288
2883,凱基金,50,2,48,凱基-埔墘,2024-07-02,9288
9105,泰金寶-DR,48,1,47,凱基-埔墘,2024-07-02,9288
6805,富世達,45,0,45,凱基-埔墘,2024-07-02,9288
00919,群益台灣精選高息,40,4,36,凱基-埔墘,2024-07-02,9288
4109,加捷生醫,35,0,35,凱基-埔墘,2024-07-02,9288
00795B,中信美國公債20年,33,0,33,凱基-埔墘,2024-07-02,9288
2317,鴻海,38,6,32,凱基-埔墘,2024-07-02,9288
00688L,國泰20年美債正2,30,0,30,凱基-埔墘,2024-07-02,9288
3680,家登,28,4,24,凱基-埔墘,2024-07-02,9288
3665,貿聯-KY,24,0,24,凱基-埔墘,2024-07-02,9288
00687B,國泰20年美債,32,9,23,凱基-埔墘,2024-07-02,9288
2349,錸德,27,4,23,凱基-埔墘,2024-07-02,9288
6116,彩晶,20,0,20,凱基-埔墘,2024-07-02,9288
00680L,元大美債20正2,20,0,20,凱基-埔墘,2024-07-02,9288
1326,台化,20,0,20,凱基-埔墘,2024-07-02,9288
2316,楠梓電,20,0,20,凱基-埔墘,2024-07-02,9288
00948B,中信優息投資級債,19,0,19,凱基-埔墘,2024-07-02,9288
2611,志信,17,0,17,凱基-埔墘,2024-07-02,9288
3712,永崴投控,17,1,16,凱基-埔墘,2024-07-02,9288
5234,達興材料,16,0,16,凱基-埔墘,2024-07-02,9288
3481,群創,15,0,15,凱基-埔墘,2024-07-02,9288
00878,國泰永續高股息,15,0,15,凱基-埔墘,2024-07-02,9288
3027,盛達,14,0,14,凱基-埔墘,2024-07-02,9288
8917,欣泰,13,0,13,凱基-埔墘,2024-07-02,9288
2324,仁寶,13,0,13,凱基-埔墘,2024-07-02,9288
2301,光寶科,13,1,12,凱基-埔墘,2024-07-02,9288
2495,普安,20,8,12,凱基-埔墘,2024-07-02,9288
2545,皇翔,12,0,12,凱基-埔墘,2024-07-02,9288
00712,復華富時不動產,12,0,12,凱基-埔墘,2024-07-02,9288
00918,大華優利高填息30,10,0,10,凱基-埔墘,2024-07-02,9288
3711,日月光投控,10,0,10,凱基-埔墘,2024-07-02,9288
00674R,期元大S＆P黃金反1,10,0,10,凱基-埔墘,2024-07-02,9288
00673R,期元大S＆P原油反1,10,0,10,凱基-埔墘,2024-07-02,9288
1608,華榮,10,0,10,凱基-埔墘,2024-07-02,9288
2880,華南金,10,0,10,凱基-埔墘,2024-07-02,9288
3010,華立,10,0,10,凱基-埔墘,2024-07-02,9288
3228,金麗科,11,1,10,凱基-埔墘,2024-07-02,9288
3372,典範,10,0,10,凱基-埔墘,2024-07-02,9288
3380,明泰,10,0,10,凱基-埔墘,2024-07-02,9288
3419,譁裕,10,0,10,凱基-埔墘,2024-07-02,9288
6188,廣明,10,0,10,凱基-埔墘,2024-07-02,9288
2354,鴻準,9,0,9,凱基-埔墘,2024-07-02,9288
3338,泰碩,15,6,9,凱基-埔墘,2024-07-02,9288
8271,宇瞻,8,0,8,凱基-埔墘,2024-07-02,9288
00706L,期元大S＆P日圓正2,8,0,8,凱基-埔墘,2024-07-02,9288
5443,均豪,160,35,125,凱基-埔墘,2024-07-03,9288
00929,復華台灣科技優息,73,26,47,凱基-埔墘,2024-07-03,9288
2641,正德,41,0,41,凱基-埔墘,2024-07-03,9288
1447,力鵬,45,8,37,凱基-埔墘,2024-07-03,9288
00937B,群益ESG投等債20,32,0,32,凱基-埔墘,2024-07-03,9288
1608,華榮,30,1,29,凱基-埔墘,2024-07-03,9288
00878,國泰永續高股息,52,25,27,凱基-埔墘,2024-07-03,9288
2883,凱基金,61,35,26,凱基-埔墘,2024-07-03,9288
00934,中信成長高股息,27,5,22,凱基-埔墘,2024-07-03,9288
4510,高鋒,21,0,21,凱基-埔墘,2024-07-03,9288
2344,華邦電,22,5,17,凱基-埔墘,2024-07-03,9288
5243,乙盛-KY,20,3,17,凱基-埔墘,2024-07-03,9288
2365,昆盈,37,21,16,凱基-埔墘,2024-07-03,9288
3149,正達,16,0,16,凱基-埔墘,2024-07-03,9288
1721,三晃,15,0,15,凱基-埔墘,2024-07-03,9288
2412,中華電,16,1,15,凱基-埔墘,2024-07-03,9288
3712,永崴投控,14,0,14,凱基-埔墘,2024-07-03,9288
6442,光聖,14,0,14,凱基-埔墘,2024-07-03,9288
00679B,元大美債20年,13,0,13,凱基-埔墘,2024-07-03,9288
6531,愛普*,13,0,13,凱基-埔墘,2024-07-03,9288
00928,中信上櫃ESG30,12,0,12,凱基-埔墘,2024-07-03,9288
00795B,中信美國公債20年,16,4,12,凱基-埔墘,2024-07-03,9288
5392,能率,12,0,12,凱基-埔墘,2024-07-03,9288
5474,聰泰,13,1,12,凱基-埔墘,2024-07-03,9288
00687B,國泰20年美債,11,0,11,凱基-埔墘,2024-07-03,9288
2405,輔信,15,4,11,凱基-埔墘,2024-07-03,9288
6435,大中,11,0,11,凱基-埔墘,2024-07-03,9288
00949,復華日本龍頭,10,0,10,凱基-埔墘,2024-07-03,9288
6215,和椿,10,0,10,凱基-埔墘,2024-07-03,9288
6538,倉和,15,5,10,凱基-埔墘,2024-07-03,9288
2349,錸德,10,1,9,凱基-埔墘,2024-07-03,9288
2630,亞航,10,1,9,凱基-埔墘,2024-07-03,9288
3031,佰鴻,10,1,9,凱基-埔墘,2024-07-03,9288
3563,牧德,9,0,9,凱基-埔墘,2024-07-03,9288
6288,聯嘉,10,1,9,凱基-埔墘,2024-07-03,9288
2324,仁寶,8,0,8,凱基-埔墘,2024-07-03,9288
2408,南亞科,25,17,8,凱基-埔墘,2024-07-03,9288
6770,力積電,10,2,8,凱基-埔墘,2024-07-03,9288
3576,聯合再生,31,24,7,凱基-埔墘,2024-07-03,9288
1785,光洋科,15,8,7,凱基-埔墘,2024-07-03,9288
00936,台新永續高息中小,6,0,6,凱基-埔墘,2024-07-03,9288
2354,鴻準,6,0,6,凱基-埔墘,2024-07-03,9288
9958,世紀鋼,6,0,6,凱基-埔墘,2024-07-03,9288
2323,中環,11,5,6,凱基-埔墘,2024-07-03,9288
2442,新美齊,6,0,6,凱基-埔墘,2024-07-03,9288
6603,富強鑫,6,0,6,凱基-埔墘,2024-07-03,9288
00905,FT臺灣Smart,5,0,5,凱基-埔墘,2024-07-03,9288
2301,光寶科,5,0,5,凱基-埔墘,2024-07-03,9288
2520,冠德,6,1,5,凱基-埔墘,2024-07-03,9288
3455,由田,12,7,5,凱基-埔墘,2024-07-03,9288
6213,聯茂,142,3,139,凱基-埔墘,2024-07-04,9288
3450,聯鈞,127,26,101,凱基-埔墘,2024-07-04,9288
1815,富喬,62,2,60,凱基-埔墘,2024-07-04,9288
1618,合機,55,8,47,凱基-埔墘,2024-07-04,9288
2412,中華電,38,0,38,凱基-埔墘,2024-07-04,9288
9940,信義,36,0,36,凱基-埔墘,2024-07-04,9288
00680L,元大美債20正2,32,0,32,凱基-埔墘,2024-07-04,9288
6770,力積電,25,0,25,凱基-埔墘,2024-07-04,9288
00929,復華台灣科技優息,25,2,23,凱基-埔墘,2024-07-04,9288
9105,泰金寶-DR,26,3,23,凱基-埔墘,2024-07-04,9288
2618,長榮航,23,0,23,凱基-埔墘,2024-07-04,9288
3058,立德,20,0,20,凱基-埔墘,2024-07-04,9288
2883,凱基金,26,7,19,凱基-埔墘,2024-07-04,9288
2337,旺宏,22,4,18,凱基-埔墘,2024-07-04,9288
2888,新光金,20,2,18,凱基-埔墘,2024-07-04,9288
3231,緯創,19,3,16,凱基-埔墘,2024-07-04,9288
6179,亞通,15,0,15,凱基-埔墘,2024-07-04,9288
8917,欣泰,15,0,15,凱基-埔墘,2024-07-04,9288
4904,遠傳,15,0,15,凱基-埔墘,2024-07-04,9288
3017,奇鋐,13,0,13,凱基-埔墘,2024-07-04,9288
00919,群益台灣精選高息,20,8,12,凱基-埔墘,2024-07-04,9288
2476,鉅祥,11,0,11,凱基-埔墘,2024-07-04,9288
2514,龍邦,11,0,11,凱基-埔墘,2024-07-04,9288
1514,亞力,21,10,11,凱基-埔墘,2024-07-04,9288
00650L,復華香港正2,13,3,10,凱基-埔墘,2024-07-04,9288
1409,新纖,13,3,10,凱基-埔墘,2024-07-04,9288
2905,三商,10,0,10,凱基-埔墘,2024-07-04,9288
3030,德律,10,0,10,凱基-埔墘,2024-07-04,9288
1447,力鵬,12,3,9,凱基-埔墘,2024-07-04,9288
2354,鴻準,14,5,9,凱基-埔墘,2024-07-04,9288
8163,達方,9,0,9,凱基-埔墘,2024-07-04,9288
2405,輔信,20,12,8,凱基-埔墘,2024-07-04,9288
2617,台航,8,0,8,凱基-埔墘,2024-07-04,9288
3680,家登,9,1,8,凱基-埔墘,2024-07-04,9288
5215,科嘉-KY,10,2,8,凱基-埔墘,2024-07-04,9288
6443,元晶,16,8,8,凱基-埔墘,2024-07-04,9288
2344,華邦電,16,9,7,凱基-埔墘,2024-07-04,9288
2542,興富發,12,5,7,凱基-埔墘,2024-07-04,9288
2352,佳世達,10,3,7,凱基-埔墘,2024-07-04,9288
5443,均豪,20,13,7,凱基-埔墘,2024-07-04,9288
00857B,永豐20年美公債,7,1,6,凱基-埔墘,2024-07-04,9288
2433,互盛電,6,0,6,凱基-埔墘,2024-07-04,9288
2504,國產,6,0,6,凱基-埔墘,2024-07-04,9288
2637,慧洋-KY,6,0,6,凱基-埔墘,2024-07-04,9288
4109,加捷生醫,12,6,6,凱基-埔墘,2024-07-04,9288
8011,台通,6,0,6,凱基-埔墘,2024-07-04,9288
8071,能率網通,37,31,6,凱基-埔墘,2024-07-04,9288
8932,智通*,6,0,6,凱基-埔墘,2024-07-04,9288
5347,世界,5,0,5,凱基-埔墘,2024-07-04,9288
6244,茂迪,10,5,5,凱基-埔墘,2024-07-04,9288
00919,群益台灣精選高息,142,3,139,凱基-埔墘,2024-07-05,9288
00637L,元大滬深300正2,108,13,95,凱基-埔墘,2024-07-05,9288
2323,中環,50,2,48,凱基-埔墘,2024-07-05,9288
6179,亞通,41,1,40,凱基-埔墘,2024-07-05,9288
2356,英業達,39,7,32,凱基-埔墘,2024-07-05,9288
2331,精英,31,2,29,凱基-埔墘,2024-07-05,9288
00940,元大台灣價值高息,49,21,28,凱基-埔墘,2024-07-05,9288
3017,奇鋐,27,1,26,凱基-埔墘,2024-07-05,9288
2615,萬海,24,1,23,凱基-埔墘,2024-07-05,9288
1809,中釉,21,1,20,凱基-埔墘,2024-07-05,9288
3105,穩懋,22,2,20,凱基-埔墘,2024-07-05,9288
8011,台通,20,0,20,凱基-埔墘,2024-07-05,9288
3071,協禧,20,2,18,凱基-埔墘,2024-07-05,9288
3481,群創,20,4,16,凱基-埔墘,2024-07-05,9288
2888,新光金,46,30,16,凱基-埔墘,2024-07-05,9288
2374,佳能,26,10,16,凱基-埔墘,2024-07-05,9288
2610,華航,17,2,15,凱基-埔墘,2024-07-05,9288
6461,益得,15,0,15,凱基-埔墘,2024-07-05,9288
2618,長榮航,14,1,13,凱基-埔墘,2024-07-05,9288
8085,福華,15,2,13,凱基-埔墘,2024-07-05,9288
8150,南茂,18,5,13,凱基-埔墘,2024-07-05,9288
2637,慧洋-KY,12,0,12,凱基-埔墘,2024-07-05,9288
3037,欣興,11,0,11,凱基-埔墘,2024-07-05,9288
2349,錸德,11,0,11,凱基-埔墘,2024-07-05,9288
912000,晨訊科-DR,11,0,11,凱基-埔墘,2024-07-05,9288
00915,凱基優選高股息30,10,0,10,凱基-埔墘,2024-07-05,9288
00673R,期元大S＆P原油反1,10,0,10,凱基-埔墘,2024-07-05,9288
3206,志豐,10,0,10,凱基-埔墘,2024-07-05,9288
3419,譁裕,10,0,10,凱基-埔墘,2024-07-05,9288
8110,華東,16,6,10,凱基-埔墘,2024-07-05,9288
5522,遠雄,10,0,10,凱基-埔墘,2024-07-05,9288
1514,亞力,21,12,9,凱基-埔墘,2024-07-05,9288
2897,王道銀行,9,0,9,凱基-埔墘,2024-07-05,9288
4967,十銓,23,14,9,凱基-埔墘,2024-07-05,9288
6531,愛普*,10,1,9,凱基-埔墘,2024-07-05,9288
8374,羅昇,15,6,9,凱基-埔墘,2024-07-05,9288
9940,信義,9,0,9,凱基-埔墘,2024-07-05,9288
2344,華邦電,8,0,8,凱基-埔墘,2024-07-05,9288
00713,元大台灣高息低波,8,1,7,凱基-埔墘,2024-07-05,9288
1597,直得,7,0,7,凱基-埔墘,2024-07-05,9288
2401,凌陽,14,7,7,凱基-埔墘,2024-07-05,9288
2408,南亞科,10,3,7,凱基-埔墘,2024-07-05,9288
6177,達麗,9,2,7,凱基-埔墘,2024-07-05,9288
8112,至上,12,5,7,凱基-埔墘,2024-07-05,9288
00878,國泰永續高股息,7,1,6,凱基-埔墘,2024-07-05,9288
3615,安可,8,2,6,凱基-埔墘,2024-07-05,9288
0056,元大高股息,7,1,6,凱基-埔墘,2024-07-05,9288
2439,美律,6,0,6,凱基-埔墘,2024-07-05,9288
2442,新美齊,6,0,6,凱基-埔墘,2024-07-05,9288
5425,台半,6,0,6,凱基-埔墘,2024-07-05,9288
2855,統一證,75,0,75,凱基-埔墘,2024-07-08,9288
2367,燿華,72,13,59,凱基-埔墘,2024-07-08,9288
2888,新光金,50,0,50,凱基-埔墘,2024-07-08,9288
3312,弘憶股,52,9,43,凱基-埔墘,2024-07-08,9288
00927,群益半導體收益,28,0,28,凱基-埔墘,2024-07-08,9288
2344,華邦電,26,0,26,凱基-埔墘,2024-07-08,9288
2618,長榮航,25,3,22,凱基-埔墘,2024-07-08,9288
8064,東捷,31,9,22,凱基-埔墘,2024-07-08,9288
5328,華容,91,71,20,凱基-埔墘,2024-07-08,9288
6435,大中,20,0,20,凱基-埔墘,2024-07-08,9288
1785,光洋科,39,22,17,凱基-埔墘,2024-07-08,9288
00882,中信中國高股息,16,0,16,凱基-埔墘,2024-07-08,9288
2461,光群雷,15,0,15,凱基-埔墘,2024-07-08,9288
3450,聯鈞,23,8,15,凱基-埔墘,2024-07-08,9288
00934,中信成長高股息,14,0,14,凱基-埔墘,2024-07-08,9288
2453,凌群,15,4,11,凱基-埔墘,2024-07-08,9288
6223,旺矽,11,0,11,凱基-埔墘,2024-07-08,9288
8215,明基材,11,0,11,凱基-埔墘,2024-07-08,9288
00679B,元大美債20年,11,0,11,凱基-埔墘,2024-07-08,9288
2412,中華電,10,0,10,凱基-埔墘,2024-07-08,9288
1309,台達化,12,2,10,凱基-埔墘,2024-07-08,9288
2468,華經,10,0,10,凱基-埔墘,2024-07-08,9288
6016,康和證,10,0,10,凱基-埔墘,2024-07-08,9288
6141,柏承,10,0,10,凱基-埔墘,2024-07-08,9288
2349,錸德,11,1,10,凱基-埔墘,2024-07-08,9288
2606,裕民,10,1,9,凱基-埔墘,2024-07-08,9288
00687B,國泰20年美債,10,1,9,凱基-埔墘,2024-07-08,9288
2356,英業達,10,1,9,凱基-埔墘,2024-07-08,9288
6139,亞翔,10,1,9,凱基-埔墘,2024-07-08,9288
8085,福華,11,2,9,凱基-埔墘,2024-07-08,9288
9105,泰金寶-DR,10,1,9,凱基-埔墘,2024-07-08,9288
00929,復華台灣科技優息,8,0,8,凱基-埔墘,2024-07-08,9288
2365,昆盈,45,37,8,凱基-埔墘,2024-07-08,9288
00881,國泰台灣5G+,9,1,8,凱基-埔墘,2024-07-08,9288
00650L,復華香港正2,8,0,8,凱基-埔墘,2024-07-08,9288
4967,十銓,10,2,8,凱基-埔墘,2024-07-08,9288
5607,遠雄港,10,2,8,凱基-埔墘,2024-07-08,9288
6177,達麗,8,0,8,凱基-埔墘,2024-07-08,9288
2352,佳世達,16,9,7,凱基-埔墘,2024-07-08,9288
2486,一詮,10,3,7,凱基-埔墘,2024-07-08,9288
2630,亞航,7,0,7,凱基-埔墘,2024-07-08,9288
6683,雍智科技,7,0,7,凱基-埔墘,2024-07-08,9288
8028,昇陽半導體,10,3,7,凱基-埔墘,2024-07-08,9288
1101,台泥,7,1,6,凱基-埔墘,2024-07-08,9288
2353,宏��,6,0,6,凱基-埔墘,2024-07-08,9288
2476,鉅祥,7,1,6,凱基-埔墘,2024-07-08,9288
3006,晶豪科,10,4,6,凱基-埔墘,2024-07-08,9288
3033,威健,33,27,6,凱基-埔墘,2024-07-08,9288
3313,斐成,6,0,6,凱基-埔墘,2024-07-08,9288
6126,信音,6,0,6,凱基-埔墘,2024-07-08,9288
2363,矽統,323,22,301,凱基-埔墘,2024-07-09,9288
2888,新光金,193,30,163,凱基-埔墘,2024-07-09,9288
4958,臻鼎-KY,156,4,152,凱基-埔墘,2024-07-09,9288
00929,復華台灣科技優息,149,10,139,凱基-埔墘,2024-07-09,9288
1447,力鵬,76,0,76,凱基-埔墘,2024-07-09,9288
00632R,元大台灣50反1,40,0,40,凱基-埔墘,2024-07-09,9288
2834,臺企銀,42,2,40,凱基-埔墘,2024-07-09,9288
2641,正德,30,0,30,凱基-埔墘,2024-07-09,9288
6435,大中,30,0,30,凱基-埔墘,2024-07-09,9288
5234,達興材料,25,0,25,凱基-埔墘,2024-07-09,9288
00934,中信成長高股息,26,2,24,凱基-埔墘,2024-07-09,9288
2312,金寶,28,4,24,凱基-埔墘,2024-07-09,9288
6127,九豪,20,0,20,凱基-埔墘,2024-07-09,9288
6603,富強鑫,20,0,20,凱基-埔墘,2024-07-09,9288
1785,光洋科,41,22,19,凱基-埔墘,2024-07-09,9288
6234,高僑,21,2,19,凱基-埔墘,2024-07-09,9288
00936,台新永續高息中小,17,0,17,凱基-埔墘,2024-07-09,9288
00687B,國泰20年美債,20,4,16,凱基-埔墘,2024-07-09,9288
00937B,群益ESG投等債20,16,0,16,凱基-埔墘,2024-07-09,9288
4904,遠傳,13,0,13,凱基-埔墘,2024-07-09,9288
2405,輔信,33,20,13,凱基-埔墘,2024-07-09,9288
2324,仁寶,12,0,12,凱基-埔墘,2024-07-09,9288
2356,英業達,17,5,12,凱基-埔墘,2024-07-09,9288
00637L,元大滬深300正2,18,7,11,凱基-埔墘,2024-07-09,9288
2618,長榮航,11,0,11,凱基-埔墘,2024-07-09,9288
4960,誠美材,16,5,11,凱基-埔墘,2024-07-09,9288
8105,凌巨,13,2,11,凱基-埔墘,2024-07-09,9288
2610,華航,10,0,10,凱基-埔墘,2024-07-09,9288
1314,中石化,10,0,10,凱基-埔墘,2024-07-09,9288
2601,益航,10,0,10,凱基-埔墘,2024-07-09,9288
2637,慧洋-KY,10,0,10,凱基-埔墘,2024-07-09,9288
3056,富華新,10,0,10,凱基-埔墘,2024-07-09,9288
3479,安勤,10,0,10,凱基-埔墘,2024-07-09,9288
6112,邁達特,11,1,10,凱基-埔墘,2024-07-09,9288
8201,無敵,10,0,10,凱基-埔墘,2024-07-09,9288
00888,永豐台灣ESG,10,0,10,凱基-埔墘,2024-07-09,9288
0056,元大高股息,14,5,9,凱基-埔墘,2024-07-09,9288
1608,華榮,10,1,9,凱基-埔墘,2024-07-09,9288
2354,鴻準,15,6,9,凱基-埔墘,2024-07-09,9288
3372,典範,16,7,9,凱基-埔墘,2024-07-09,9288
2317,鴻海,34,25,9,凱基-埔墘,2024-07-09,9288
2543,皇昌,11,3,8,凱基-埔墘,2024-07-09,9288
1513,中興電,12,4,8,凱基-埔墘,2024-07-09,9288
2353,宏��,11,3,8,凱基-埔墘,2024-07-09,9288
2427,三商電,8,0,8,凱基-埔墘,2024-07-09,9288
2337,旺宏,8,1,7,凱基-埔墘,2024-07-09,9288
00881,國泰台灣5G+,7,0,7,凱基-埔墘,2024-07-09,9288
1909,榮成,7,0,7,凱基-埔墘,2024-07-09,9288
2609,陽明,12,6,6,凱基-埔墘,2024-07-09,9288
2634,漢翔,6,0,6,凱基-埔墘,2024-07-09,9288
00878,國泰永續高股息,152,2,150,凱基-埔墘,2024-07-10,9288
2317,鴻海,133,3,130,凱基-埔墘,2024-07-10,9288
2363,矽統,106,5,101,凱基-埔墘,2024-07-10,9288
2855,統一證,80,0,80,凱基-埔墘,2024-07-10,9288
00929,復華台灣科技優息,54,1,53,凱基-埔墘,2024-07-10,9288
1605,華新,51,0,51,凱基-埔墘,2024-07-10,9288
3339,泰谷,46,0,46,凱基-埔墘,2024-07-10,9288
3346,麗清,40,0,40,凱基-埔墘,2024-07-10,9288
6153,嘉聯益,39,6,33,凱基-埔墘,2024-07-10,9288
00936,台新永續高息中小,31,0,31,凱基-埔墘,2024-07-10,9288
00939,統一台灣高息動能,35,10,25,凱基-埔墘,2024-07-10,9288
1101,台泥,25,0,25,凱基-埔墘,2024-07-10,9288
8917,欣泰,23,0,23,凱基-埔墘,2024-07-10,9288
00688L,國泰20年美債正2,21,0,21,凱基-埔墘,2024-07-10,9288
00715L,期街口布蘭特正2,21,0,21,凱基-埔墘,2024-07-10,9288
1326,台化,21,0,21,凱基-埔墘,2024-07-10,9288
3062,建漢,20,0,20,凱基-埔墘,2024-07-10,9288
9945,潤泰新,19,0,19,凱基-埔墘,2024-07-10,9288
2392,正崴,19,1,18,凱基-埔墘,2024-07-10,9288
2888,新光金,47,29,18,凱基-埔墘,2024-07-10,9288
3033,威健,21,3,18,凱基-埔墘,2024-07-10,9288
2406,國碩,17,0,17,凱基-埔墘,2024-07-10,9288
2453,凌群,16,0,16,凱基-埔墘,2024-07-10,9288
1616,億泰,14,0,14,凱基-埔墘,2024-07-10,9288
2236,百達-KY,13,0,13,凱基-埔墘,2024-07-10,9288
2353,宏��,26,13,13,凱基-埔墘,2024-07-10,9288
2421,建準,13,0,13,凱基-埔墘,2024-07-10,9288
2891,中信金,25,12,13,凱基-埔墘,2024-07-10,9288
2915,潤泰全,13,0,13,凱基-埔墘,2024-07-10,9288
2344,華邦電,18,6,12,凱基-埔墘,2024-07-10,9288
00934,中信成長高股息,11,0,11,凱基-埔墘,2024-07-10,9288
00753L,中信中國50正2,17,6,11,凱基-埔墘,2024-07-10,9288
2867,三商壽,11,0,11,凱基-埔墘,2024-07-10,9288
4904,遠傳,11,0,11,凱基-埔墘,2024-07-10,9288
9921,巨大,11,0,11,凱基-埔墘,2024-07-10,9288
00725B,國泰投資級公司債,10,0,10,凱基-埔墘,2024-07-10,9288
1314,中石化,10,0,10,凱基-埔墘,2024-07-10,9288
2393,億光,10,0,10,凱基-埔墘,2024-07-10,9288
2528,皇普,10,0,10,凱基-埔墘,2024-07-10,9288
3607,谷崧,10,0,10,凱基-埔墘,2024-07-10,9288
6127,九豪,10,0,10,凱基-埔墘,2024-07-10,9288
6143,振曜,10,0,10,凱基-埔墘,2024-07-10,9288
6167,久正,10,0,10,凱基-埔墘,2024-07-10,9288
3045,台灣大,8,0,8,凱基-埔墘,2024-07-10,9288
6109,亞元,8,0,8,凱基-埔墘,2024-07-10,9288
2412,中華電,8,0,8,凱基-埔墘,2024-07-10,9288
1584,精剛,8,1,7,凱基-埔墘,2024-07-10,9288
2606,裕民,7,0,7,凱基-埔墘,2024-07-10,9288
8105,凌巨,13,6,7,凱基-埔墘,2024-07-10,9288
3202,樺晟,6,0,6,凱基-埔墘,2024-07-10,9288
00937B,群益ESG投等債20,55,0,55,凱基-埔墘,2024-07-11,9288
4958,臻鼎-KY,55,3,52,凱基-埔墘,2024-07-11,9288
2515,中工,50,0,50,凱基-埔墘,2024-07-11,9288
2891,中信金,54,5,49,凱基-埔墘,2024-07-11,9288
2855,統一證,43,0,43,凱基-埔墘,2024-07-11,9288
0056,元大高股息,49,6,43,凱基-埔墘,2024-07-11,9288
2316,楠梓電,42,1,41,凱基-埔墘,2024-07-11,9288
6126,信音,76,40,36,凱基-埔墘,2024-07-11,9288
4746,台耀,26,0,26,凱基-埔墘,2024-07-11,9288
00934,中信成長高股息,25,1,24,凱基-埔墘,2024-07-11,9288
2882,國泰金,22,0,22,凱基-埔墘,2024-07-11,9288
00830,國泰費城半導體,22,0,22,凱基-埔墘,2024-07-11,9288
1584,精剛,21,0,21,凱基-埔墘,2024-07-11,9288
2911,麗嬰房,20,0,20,凱基-埔墘,2024-07-11,9288
3006,晶豪科,20,0,20,凱基-埔墘,2024-07-11,9288
00725B,國泰投資級公司債,18,0,18,凱基-埔墘,2024-07-11,9288
3624,光頡,18,0,18,凱基-埔墘,2024-07-11,9288
6163,華電網,28,10,18,凱基-埔墘,2024-07-11,9288
912000,晨訊科-DR,16,0,16,凱基-埔墘,2024-07-11,9288
6125,廣運,15,0,15,凱基-埔墘,2024-07-11,9288
4906,正文,19,5,14,凱基-埔墘,2024-07-11,9288
3217,優群,15,1,14,凱基-埔墘,2024-07-11,9288
8092,建暐,13,0,13,凱基-埔墘,2024-07-11,9288
2236,百達-KY,12,0,12,凱基-埔墘,2024-07-11,9288
00929,復華台灣科技優息,33,21,12,凱基-埔墘,2024-07-11,9288
006208,富邦台50,11,0,11,凱基-埔墘,2024-07-11,9288
6805,富世達,10,0,10,凱基-埔墘,2024-07-11,9288
2618,長榮航,10,0,10,凱基-埔墘,2024-07-11,9288
4927,泰鼎-KY,10,0,10,凱基-埔墘,2024-07-11,9288
00740B,富邦全球投等債,10,0,10,凱基-埔墘,2024-07-11,9288
2884,玉山金,22,12,10,凱基-埔墘,2024-07-11,9288
4979,華星光,13,3,10,凱基-埔墘,2024-07-11,9288
3438,類比科,10,0,10,凱基-埔墘,2024-07-11,9288
00941,中信上游半導體,10,1,9,凱基-埔墘,2024-07-11,9288
3138,耀登,9,0,9,凱基-埔墘,2024-07-11,9288
1447,力鵬,10,2,8,凱基-埔墘,2024-07-11,9288
2303,聯電,9,1,8,凱基-埔墘,2024-07-11,9288
3712,永崴投控,13,5,8,凱基-埔墘,2024-07-11,9288
4904,遠傳,8,0,8,凱基-埔墘,2024-07-11,9288
6120,達運,8,0,8,凱基-埔墘,2024-07-11,9288
00919,群益台灣精選高息,13,6,7,凱基-埔墘,2024-07-11,9288
3083,網龍,7,0,7,凱基-埔墘,2024-07-11,9288
2472,立隆電,7,0,7,凱基-埔墘,2024-07-11,9288
5371,中光電,7,0,7,凱基-埔墘,2024-07-11,9288
5452,佶優,7,0,7,凱基-埔墘,2024-07-11,9288
1513,中興電,10,3,7,凱基-埔墘,2024-07-11,9288
00942B,台新美A公司債20+,6,0,6,凱基-埔墘,2024-07-11,9288
3047,訊舟,10,4,6,凱基-埔墘,2024-07-11,9288
3689,湧德,10,4,6,凱基-埔墘,2024-07-11,9288
4401,東隆興,6,0,6,凱基-埔墘,2024-07-11,9288
00929,復華台灣科技優息,106,12,94,凱基-埔墘,2024-07-12,9288
2317,鴻海,63,6,57,凱基-埔墘,2024-07-12,9288
2867,三商壽,58,9,49,凱基-埔墘,2024-07-12,9288
00688L,國泰20年美債正2,45,0,45,凱基-埔墘,2024-07-12,9288
00927,群益半導體收益,44,0,44,凱基-埔墘,2024-07-12,9288
1316,上曜,54,17,37,凱基-埔墘,2024-07-12,9288
00940,元大台灣價值高息,65,29,36,凱基-埔墘,2024-07-12,9288
2481,強茂,34,1,33,凱基-埔墘,2024-07-12,9288
00919,群益台灣精選高息,34,1,33,凱基-埔墘,2024-07-12,9288
00937B,群益ESG投等債20,34,3,31,凱基-埔墘,2024-07-12,9288
9958,世紀鋼,30,0,30,凱基-埔墘,2024-07-12,9288
6026,福邦證,30,0,30,凱基-埔墘,2024-07-12,9288
00632R,元大台灣50反1,25,0,25,凱基-埔墘,2024-07-12,9288
4952,凌通,25,0,25,凱基-埔墘,2024-07-12,9288
3138,耀登,22,0,22,凱基-埔墘,2024-07-12,9288
1529,樂事綠能,23,2,21,凱基-埔墘,2024-07-12,9288
2323,中環,20,0,20,凱基-埔墘,2024-07-12,9288
9904,寶成,20,0,20,凱基-埔墘,2024-07-12,9288
6449,鈺邦,22,4,18,凱基-埔墘,2024-07-12,9288
5284,jpp-KY,18,0,18,凱基-埔墘,2024-07-12,9288
4538,大詠城,21,4,17,凱基-埔墘,2024-07-12,9288
2330,台積電,19,3,16,凱基-埔墘,2024-07-12,9288
3711,日月光投控,16,1,15,凱基-埔墘,2024-07-12,9288
6805,富世達,15,0,15,凱基-埔墘,2024-07-12,9288
2303,聯電,25,10,15,凱基-埔墘,2024-07-12,9288
00897,富邦基因免疫生技,13,0,13,凱基-埔墘,2024-07-12,9288
00941,中信上游半導體,13,0,13,凱基-埔墘,2024-07-12,9288
5381,合正,12,0,12,凱基-埔墘,2024-07-12,9288
6441,廣錠,12,0,12,凱基-埔墘,2024-07-12,9288
1301,台塑,11,0,11,凱基-埔墘,2024-07-12,9288
3706,神達,14,3,11,凱基-埔墘,2024-07-12,9288
6603,富強鑫,71,60,11,凱基-埔墘,2024-07-12,9288
5871,中租-KY,15,4,11,凱基-埔墘,2024-07-12,9288
6411,晶焱,12,1,11,凱基-埔墘,2024-07-12,9288
1303,南亞,10,0,10,凱基-埔墘,2024-07-12,9288
0050,元大台灣50,10,0,10,凱基-埔墘,2024-07-12,9288
00935,野村臺灣新科技50,10,0,10,凱基-埔墘,2024-07-12,9288
00680L,元大美債20正2,10,0,10,凱基-埔墘,2024-07-12,9288
00888,永豐台灣ESG,10,0,10,凱基-埔墘,2024-07-12,9288
1785,光洋科,23,13,10,凱基-埔墘,2024-07-12,9288
1815,富喬,12,2,10,凱基-埔墘,2024-07-12,9288
2316,楠梓電,24,14,10,凱基-埔墘,2024-07-12,9288
3630,新鉅科,10,0,10,凱基-埔墘,2024-07-12,9288
6462,神盾,13,3,10,凱基-埔墘,2024-07-12,9288
8938,明安,10,0,10,凱基-埔墘,2024-07-12,9288
9802,鈺齊-KY,10,0,10,凱基-埔墘,2024-07-12,9288
00881,國泰台灣5G+,12,3,9,凱基-埔墘,2024-07-12,9288
2887,台新金,10,1,9,凱基-埔墘,2024-07-12,9288
6127,九豪,10,1,9,凱基-埔墘,2024-07-12,9288
3231,緯創,8,0,8,凱基-埔墘,2024-07-12,9288
00929,復華台灣科技優息,136,0,136,凱基-埔墘,2024-07-15,9288
00719B,元大美債1-3,120,0,120,凱基-埔墘,2024-07-15,9288
2888,新光金,112,0,112,凱基-埔墘,2024-07-15,9288
1785,光洋科,105,0,105,凱基-埔墘,2024-07-15,9288
8936,國統,101,16,85,凱基-埔墘,2024-07-15,9288
2891,中信金,94,10,84,凱基-埔墘,2024-07-15,9288
1568,倉佑,50,0,50,凱基-埔墘,2024-07-15,9288
1608,華榮,50,1,49,凱基-埔墘,2024-07-15,9288
2637,慧洋-KY,41,1,40,凱基-埔墘,2024-07-15,9288
2356,英業達,54,22,32,凱基-埔墘,2024-07-15,9288
00937B,群益ESG投等債20,36,5,31,凱基-埔墘,2024-07-15,9288
4927,泰鼎-KY,29,0,29,凱基-埔墘,2024-07-15,9288
5263,智崴,28,0,28,凱基-埔墘,2024-07-15,9288
00936,台新永續高息中小,27,0,27,凱基-埔墘,2024-07-15,9288
6438,迅得,31,4,27,凱基-埔墘,2024-07-15,9288
8463,潤泰材,24,0,24,凱基-埔墘,2024-07-15,9288
2332,友訊,30,7,23,凱基-埔墘,2024-07-15,9288
3339,泰谷,23,0,23,凱基-埔墘,2024-07-15,9288
00919,群益台灣精選高息,21,0,21,凱基-埔墘,2024-07-15,9288
00735,國泰臺韓科技,20,0,20,凱基-埔墘,2024-07-15,9288
00911,兆豐洲際半導體,20,0,20,凱基-埔墘,2024-07-15,9288
2070,精湛,20,0,20,凱基-埔墘,2024-07-15,9288
2618,長榮航,20,0,20,凱基-埔墘,2024-07-15,9288
00688L,國泰20年美債正2,19,0,19,凱基-埔墘,2024-07-15,9288
2409,友達,17,0,17,凱基-埔墘,2024-07-15,9288
5522,遠雄,30,13,17,凱基-埔墘,2024-07-15,9288
2543,皇昌,16,0,16,凱基-埔墘,2024-07-15,9288
2352,佳世達,15,0,15,凱基-埔墘,2024-07-15,9288
2363,矽統,21,6,15,凱基-埔墘,2024-07-15,9288
3481,群創,22,8,14,凱基-埔墘,2024-07-15,9288
00680L,元大美債20正2,14,0,14,凱基-埔墘,2024-07-15,9288
1303,南亞,13,0,13,凱基-埔墘,2024-07-15,9288
2408,南亞科,13,0,13,凱基-埔墘,2024-07-15,9288
4958,臻鼎-KY,14,1,13,凱基-埔墘,2024-07-15,9288
8938,明安,13,0,13,凱基-埔墘,2024-07-15,9288
2027,大成鋼,12,0,12,凱基-埔墘,2024-07-15,9288
00679B,元大美債20年,12,0,12,凱基-埔墘,2024-07-15,9288
2353,宏��,16,5,11,凱基-埔墘,2024-07-15,9288
00650L,復華香港正2,11,0,11,凱基-埔墘,2024-07-15,9288
4906,正文,12,1,11,凱基-埔墘,2024-07-15,9288
00934,中信成長高股息,10,0,10,凱基-埔墘,2024-07-15,9288
1326,台化,10,0,10,凱基-埔墘,2024-07-15,9288
2344,華邦電,45,35,10,凱基-埔墘,2024-07-15,9288
2468,華經,10,0,10,凱基-埔墘,2024-07-15,9288
6127,九豪,10,0,10,凱基-埔墘,2024-07-15,9288
6584,南俊國際,20,10,10,凱基-埔墘,2024-07-15,9288
6770,力積電,11,1,10,凱基-埔墘,2024-07-15,9288
1513,中興電,13,3,10,凱基-埔墘,2024-07-15,9288
2236,百達-KY,9,0,9,凱基-埔墘,2024-07-15,9288
6605,帝寶,9,1,8,凱基-埔墘,2024-07-15,9288
00753L,中信中國50正2,132,2,130,凱基-埔墘,2024-07-16,9288
00665L,富邦�琤肭磪囓�2,126,0,126,凱基-埔墘,2024-07-16,9288
00637L,元大滬深300正2,124,2,122,凱基-埔墘,2024-07-16,9288
2891,中信金,78,0,78,凱基-埔墘,2024-07-16,9288
00937B,群益ESG投等債20,60,0,60,凱基-埔墘,2024-07-16,9288
2511,太子,55,0,55,凱基-埔墘,2024-07-16,9288
00934,中信成長高股息,49,0,49,凱基-埔墘,2024-07-16,9288
6127,九豪,46,1,45,凱基-埔墘,2024-07-16,9288
00933B,國泰10Y+金融債,30,0,30,凱基-埔墘,2024-07-16,9288
2489,瑞軒,39,10,29,凱基-埔墘,2024-07-16,9288
00929,復華台灣科技優息,28,0,28,凱基-埔墘,2024-07-16,9288
9945,潤泰新,32,7,25,凱基-埔墘,2024-07-16,9288
2867,三商壽,38,16,22,凱基-埔墘,2024-07-16,9288
2312,金寶,60,39,21,凱基-埔墘,2024-07-16,9288
2472,立隆電,21,0,21,凱基-埔墘,2024-07-16,9288
00940,元大台灣價值高息,20,0,20,凱基-埔墘,2024-07-16,9288
00650L,復華香港正2,20,0,20,凱基-埔墘,2024-07-16,9288
6438,迅得,21,1,20,凱基-埔墘,2024-07-16,9288
3406,玉晶光,20,0,20,凱基-埔墘,2024-07-16,9288
2538,基泰,22,3,19,凱基-埔墘,2024-07-16,9288
5484,慧友,20,2,18,凱基-埔墘,2024-07-16,9288
5263,智崴,16,0,16,凱基-埔墘,2024-07-16,9288
3049,精金,15,0,15,凱基-埔墘,2024-07-16,9288
00905,FT臺灣Smart,12,0,12,凱基-埔墘,2024-07-16,9288
6173,信昌電,21,9,12,凱基-埔墘,2024-07-16,9288
1529,樂事綠能,13,2,11,凱基-埔墘,2024-07-16,9288
2543,皇昌,13,2,11,凱基-埔墘,2024-07-16,9288
0056,元大高股息,13,3,10,凱基-埔墘,2024-07-16,9288
00882,中信中國高股息,11,0,11,凱基-埔墘,2024-07-16,9288
00680L,元大美債20正2,10,0,10,凱基-埔墘,2024-07-16,9288
1604,聲寶,10,0,10,凱基-埔墘,2024-07-16,9288
2006,東和鋼鐵,10,0,10,凱基-埔墘,2024-07-16,9288
2332,友訊,10,0,10,凱基-埔墘,2024-07-16,9288
2449,京元電子,14,4,10,凱基-埔墘,2024-07-16,9288
3706,神達,12,2,10,凱基-埔墘,2024-07-16,9288
4414,如興,10,0,10,凱基-埔墘,2024-07-16,9288
1513,中興電,12,3,9,凱基-埔墘,2024-07-16,9288
2614,東森,10,1,9,凱基-埔墘,2024-07-16,9288
1608,華榮,11,2,9,凱基-埔墘,2024-07-16,9288
6229,研通,9,0,9,凱基-埔墘,2024-07-16,9288
6441,廣錠,28,19,9,凱基-埔墘,2024-07-16,9288
8936,國統,13,4,9,凱基-埔墘,2024-07-16,9288
2317,鴻海,14,6,8,凱基-埔墘,2024-07-16,9288
1301,台塑,8,0,8,凱基-埔墘,2024-07-16,9288
2303,聯電,13,5,8,凱基-埔墘,2024-07-16,9288
1316,上曜,57,49,8,凱基-埔墘,2024-07-16,9288
4534,慶騰,9,1,8,凱基-埔墘,2024-07-16,9288
6005,群益證,8,0,8,凱基-埔墘,2024-07-16,9288
6505,台塑化,8,0,8,凱基-埔墘,2024-07-16,9288
2834,臺企銀,7,0,7,凱基-埔墘,2024-07-16,9288
5521,工信,180,0,180,凱基-埔墘,2024-07-17,9288
3673,TPK-KY,61,7,54,凱基-埔墘,2024-07-17,9288
1584,精剛,47,0,47,凱基-埔墘,2024-07-17,9288
1609,大亞,60,17,43,凱基-埔墘,2024-07-17,9288
5328,華容,35,0,35,凱基-埔墘,2024-07-17,9288
2501,國建,61,29,32,凱基-埔墘,2024-07-17,9288
1303,南亞,31,2,29,凱基-埔墘,2024-07-17,9288
9904,寶成,29,6,23,凱基-埔墘,2024-07-17,9288
2027,大成鋼,21,0,21,凱基-埔墘,2024-07-17,9288
2317,鴻海,28,9,19,凱基-埔墘,2024-07-17,9288
4906,正文,19,2,17,凱基-埔墘,2024-07-17,9288
006208,富邦台50,26,10,16,凱基-埔墘,2024-07-17,9288
1102,亞泥,15,0,15,凱基-埔墘,2024-07-17,9288
3294,英濟,49,34,15,凱基-埔墘,2024-07-17,9288
3704,合勤控,15,0,15,凱基-埔墘,2024-07-17,9288
00936,台新永續高息中小,14,0,14,凱基-埔墘,2024-07-17,9288
2356,英業達,16,2,14,凱基-埔墘,2024-07-17,9288
00687B,國泰20年美債,14,0,14,凱基-埔墘,2024-07-17,9288
2330,台積電,14,1,13,凱基-埔墘,2024-07-17,9288
2353,宏��,15,3,12,凱基-埔墘,2024-07-17,9288
3665,貿聯-KY,12,0,12,凱基-埔墘,2024-07-17,9288
8438,昶昕,12,0,12,凱基-埔墘,2024-07-17,9288
2382,廣達,12,2,10,凱基-埔墘,2024-07-17,9288
00675L,富邦臺灣加權正2,10,0,10,凱基-埔墘,2024-07-17,9288
2002,中鋼,10,0,10,凱基-埔墘,2024-07-17,9288
9958,世紀鋼,10,0,10,凱基-埔墘,2024-07-17,9288
00665L,富邦�琤肭磪囓�2,11,1,10,凱基-埔墘,2024-07-17,9288
2323,中環,10,0,10,凱基-埔墘,2024-07-17,9288
2332,友訊,10,0,10,凱基-埔墘,2024-07-17,9288
2453,凌群,10,0,10,凱基-埔墘,2024-07-17,9288
5522,遠雄,10,0,10,凱基-埔墘,2024-07-17,9288
00753L,中信中國50正2,9,0,9,凱基-埔墘,2024-07-17,9288
1560,中砂,10,2,8,凱基-埔墘,2024-07-17,9288
2887,台新金,10,2,8,凱基-埔墘,2024-07-17,9288
1409,新纖,7,0,7,凱基-埔墘,2024-07-17,9288
00918,大華優利高填息30,7,0,7,凱基-埔墘,2024-07-17,9288
1605,華新,10,3,7,凱基-埔墘,2024-07-17,9288
3048,益登,10,3,7,凱基-埔墘,2024-07-17,9288
6139,亞翔,9,2,7,凱基-埔墘,2024-07-17,9288
1513,中興電,9,2,7,凱基-埔墘,2024-07-17,9288
00713,元大台灣高息低波,6,0,6,凱基-埔墘,2024-07-17,9288
3047,訊舟,6,0,6,凱基-埔墘,2024-07-17,9288
00878,國泰永續高股息,6,0,6,凱基-埔墘,2024-07-17,9288
0056,元大高股息,6,0,6,凱基-埔墘,2024-07-17,9288
00795B,中信美國公債20年,6,0,6,凱基-埔墘,2024-07-17,9288
2609,陽明,5,0,5,凱基-埔墘,2024-07-17,9288
2344,華邦電,5,0,5,凱基-埔墘,2024-07-17,9288
2603,長榮,5,0,5,凱基-埔墘,2024-07-17,9288
00697B,元大美債7-10,5,0,5,凱基-埔墘,2024-07-17,9288
00905,FT臺灣Smart,5,0,5,凱基-埔墘,2024-07-17,9288
9105,泰金寶-DR,111,1,110,凱基-埔墘,2024-07-18,9288
3481,群創,111,10,101,凱基-埔墘,2024-07-18,9288
2888,新光金,97,0,97,凱基-埔墘,2024-07-18,9288
2027,大成鋼,69,3,66,凱基-埔墘,2024-07-18,9288
00937B,群益ESG投等債20,61,0,61,凱基-埔墘,2024-07-18,9288
1308,亞聚,60,0,60,凱基-埔墘,2024-07-18,9288
00929,復華台灣科技優息,117,66,51,凱基-埔墘,2024-07-18,9288
6770,力積電,56,5,51,凱基-埔墘,2024-07-18,9288
2867,三商壽,53,5,48,凱基-埔墘,2024-07-18,9288
2915,潤泰全,45,1,44,凱基-埔墘,2024-07-18,9288
1402,遠東新,41,0,41,凱基-埔墘,2024-07-18,9288
2516,新建,40,0,40,凱基-埔墘,2024-07-18,9288
5484,慧友,40,0,40,凱基-埔墘,2024-07-18,9288
2634,漢翔,44,6,38,凱基-埔墘,2024-07-18,9288
00940,元大台灣價值高息,43,9,34,凱基-埔墘,2024-07-18,9288
2891,中信金,34,0,34,凱基-埔墘,2024-07-18,9288
00632R,元大台灣50反1,30,0,30,凱基-埔墘,2024-07-18,9288
2489,瑞軒,43,17,26,凱基-埔墘,2024-07-18,9288
4903,聯光通,25,0,25,凱基-埔墘,2024-07-18,9288
00933B,國泰10Y+金融債,22,0,22,凱基-埔墘,2024-07-18,9288
2610,華航,20,0,20,凱基-埔墘,2024-07-18,9288
00878,國泰永續高股息,20,0,20,凱基-埔墘,2024-07-18,9288
5310,天剛,20,1,19,凱基-埔墘,2024-07-18,9288
8358,金居,19,0,19,凱基-埔墘,2024-07-18,9288
3711,日月光投控,18,0,18,凱基-埔墘,2024-07-18,9288
2356,英業達,18,0,18,凱基-埔墘,2024-07-18,9288
2543,皇昌,16,0,16,凱基-埔墘,2024-07-18,9288
00795B,中信美國公債20年,15,0,15,凱基-埔墘,2024-07-18,9288
1304,台聚,21,6,15,凱基-埔墘,2024-07-18,9288
1312,國喬,20,5,15,凱基-埔墘,2024-07-18,9288
2501,國建,15,0,15,凱基-埔墘,2024-07-18,9288
00934,中信成長高股息,15,1,14,凱基-埔墘,2024-07-18,9288
2855,統一證,31,17,14,凱基-埔墘,2024-07-18,9288
2362,藍天,17,4,13,凱基-埔墘,2024-07-18,9288
2495,普安,12,0,12,凱基-埔墘,2024-07-18,9288
2382,廣達,11,0,11,凱基-埔墘,2024-07-18,9288
3202,樺晟,11,0,11,凱基-埔墘,2024-07-18,9288
3372,典範,11,0,11,凱基-埔墘,2024-07-18,9288
8033,雷虎,11,0,11,凱基-埔墘,2024-07-18,9288
2308,台達電,11,1,10,凱基-埔墘,2024-07-18,9288
2887,台新金,10,0,10,凱基-埔墘,2024-07-18,9288
1560,中砂,11,1,10,凱基-埔墘,2024-07-18,9288
3163,波若威,10,0,10,凱基-埔墘,2024-07-18,9288
2618,長榮航,10,0,10,凱基-埔墘,2024-07-18,9288
00753L,中信中國50正2,18,8,10,凱基-埔墘,2024-07-18,9288
1528,恩德,10,0,10,凱基-埔墘,2024-07-18,9288
1809,中釉,10,0,10,凱基-埔墘,2024-07-18,9288
2409,友達,14,4,10,凱基-埔墘,2024-07-18,9288
5452,佶優,12,2,10,凱基-埔墘,2024-07-18,9288
6142,友勁,10,0,10,凱基-埔墘,2024-07-18,9288
00665L,富邦�琤肭磪囓�2,84,7,77,凱基-埔墘,2024-07-19,9288
00919,群益台灣精選高息,73,0,73,凱基-埔墘,2024-07-19,9288
00753L,中信中國50正2,73,10,63,凱基-埔墘,2024-07-19,9288
2897,王道銀行,46,0,46,凱基-埔墘,2024-07-19,9288
2516,新建,40,0,40,凱基-埔墘,2024-07-19,9288
00937B,群益ESG投等債20,34,0,34,凱基-埔墘,2024-07-19,9288
9904,寶成,32,0,32,凱基-埔墘,2024-07-19,9288
00878,國泰永續高股息,36,7,29,凱基-埔墘,2024-07-19,9288
2027,大成鋼,28,0,28,凱基-埔墘,2024-07-19,9288
1785,光洋科,29,5,24,凱基-埔墘,2024-07-19,9288
2891,中信金,26,3,23,凱基-埔墘,2024-07-19,9288
00881,國泰台灣5G+,23,0,23,凱基-埔墘,2024-07-19,9288
3231,緯創,25,3,22,凱基-埔墘,2024-07-19,9288
0056,元大高股息,22,1,21,凱基-埔墘,2024-07-19,9288
2618,長榮航,20,0,20,凱基-埔墘,2024-07-19,9288
2834,臺企銀,18,0,18,凱基-埔墘,2024-07-19,9288
2637,慧洋-KY,18,1,17,凱基-埔墘,2024-07-19,9288
00679B,元大美債20年,17,0,17,凱基-埔墘,2024-07-19,9288
4401,東隆興,16,0,16,凱基-埔墘,2024-07-19,9288
5521,工信,16,0,16,凱基-埔墘,2024-07-19,9288
8033,雷虎,15,0,15,凱基-埔墘,2024-07-19,9288
00940,元大台灣價值高息,20,5,15,凱基-埔墘,2024-07-19,9288
2888,新光金,28,13,15,凱基-埔墘,2024-07-19,9288
2367,燿華,16,1,15,凱基-埔墘,2024-07-19,9288
00941,中信上游半導體,14,0,14,凱基-埔墘,2024-07-19,9288
2867,三商壽,14,0,14,凱基-埔墘,2024-07-19,9288
3312,弘憶股,22,8,14,凱基-埔墘,2024-07-19,9288
2344,華邦電,15,2,13,凱基-埔墘,2024-07-19,9288
1611,中電,13,0,13,凱基-埔墘,2024-07-19,9288
00933B,國泰10Y+金融債,12,0,12,凱基-埔墘,2024-07-19,9288
2356,英業達,11,0,11,凱基-埔墘,2024-07-19,9288
3515,華擎,11,0,11,凱基-埔墘,2024-07-19,9288
00948B,中信優息投資級債,10,0,10,凱基-埔墘,2024-07-19,9288
2230,泰茂,10,0,10,凱基-埔墘,2024-07-19,9288
2236,百達-KY,10,0,10,凱基-埔墘,2024-07-19,9288
2402,毅嘉,10,0,10,凱基-埔墘,2024-07-19,9288
2417,圓剛,10,0,10,凱基-埔墘,2024-07-19,9288
4534,慶騰,10,0,10,凱基-埔墘,2024-07-19,9288
4916,事欣科,22,12,10,凱基-埔墘,2024-07-19,9288
6443,元晶,11,1,10,凱基-埔墘,2024-07-19,9288
2882,國泰金,12,3,9,凱基-埔墘,2024-07-19,9288
00936,台新永續高息中小,10,1,9,凱基-埔墘,2024-07-19,9288
00944,野村趨勢動能高息,9,0,9,凱基-埔墘,2024-07-19,9288
2352,佳世達,11,2,9,凱基-埔墘,2024-07-19,9288
2408,南亞科,15,6,9,凱基-埔墘,2024-07-19,9288
5284,jpp-KY,9,0,9,凱基-埔墘,2024-07-19,9288
00949,復華日本龍頭,8,0,8,凱基-埔墘,2024-07-19,9288
6163,華電網,8,0,8,凱基-埔墘,2024-07-19,9288
8358,金居,8,0,8,凱基-埔墘,2024-07-19,9288
00713,元大台灣高息低波,7,0,7,凱基-埔墘,2024-07-19,9288
00686R,群益臺灣加權反1,560,0,560,凱基-埔墘,2024-07-22,9288
00940,元大台灣價值高息,135,2,133,凱基-埔墘,2024-07-22,9288
00919,群益台灣精選高息,86,20,66,凱基-埔墘,2024-07-22,9288
3481,群創,62,11,51,凱基-埔墘,2024-07-22,9288
2888,新光金,77,42,35,凱基-埔墘,2024-07-22,9288
0056,元大高股息,34,0,34,凱基-埔墘,2024-07-22,9288
8103,瀚荃,33,0,33,凱基-埔墘,2024-07-22,9288
00632R,元大台灣50反1,31,0,31,凱基-埔墘,2024-07-22,9288
2897,王道銀行,31,0,31,凱基-埔墘,2024-07-22,9288
00753L,中信中國50正2,29,0,29,凱基-埔墘,2024-07-22,9288
4526,東台,30,1,29,凱基-埔墘,2024-07-22,9288
2542,興富發,35,7,28,凱基-埔墘,2024-07-22,9288
00934,中信成長高股息,29,2,27,凱基-埔墘,2024-07-22,9288
00949,復華日本龍頭,20,0,20,凱基-埔墘,2024-07-22,9288
8917,欣泰,20,0,20,凱基-埔墘,2024-07-22,9288
0050,元大台灣50,19,0,19,凱基-埔墘,2024-07-22,9288
00881,國泰台灣5G+,18,0,18,凱基-埔墘,2024-07-22,9288
2883,凱基金,20,3,17,凱基-埔墘,2024-07-22,9288
6138,茂達,20,6,14,凱基-埔墘,2024-07-22,9288
00715L,期街口布蘭特正2,13,0,13,凱基-埔墘,2024-07-22,9288
2601,益航,13,0,13,凱基-埔墘,2024-07-22,9288
5512,力麒,15,2,13,凱基-埔墘,2024-07-22,9288
1785,光洋科,20,8,12,凱基-埔墘,2024-07-22,9288
2344,華邦電,12,0,12,凱基-埔墘,2024-07-22,9288
2365,昆盈,15,4,11,凱基-埔墘,2024-07-22,9288
8936,國統,13,2,11,凱基-埔墘,2024-07-22,9288
5871,中租-KY,10,0,10,凱基-埔墘,2024-07-22,9288
00915,凱基優選高股息30,10,0,10,凱基-埔墘,2024-07-22,9288
1608,華榮,10,0,10,凱基-埔墘,2024-07-22,9288
3236,千如,10,0,10,凱基-埔墘,2024-07-22,9288
9904,寶成,10,0,10,凱基-埔墘,2024-07-22,9288
4739,康普,9,0,9,凱基-埔墘,2024-07-22,9288
5310,天剛,10,1,9,凱基-埔墘,2024-07-22,9288
2915,潤泰全,15,6,9,凱基-埔墘,2024-07-22,9288
00935,野村臺灣新科技50,8,0,8,凱基-埔墘,2024-07-22,9288
4903,聯光通,8,0,8,凱基-埔墘,2024-07-22,9288
5457,宣德,8,0,8,凱基-埔墘,2024-07-22,9288
8473,山林水,10,3,7,凱基-埔墘,2024-07-22,9288
00631L,元大台灣50正2,10,3,7,凱基-埔墘,2024-07-22,9288
2406,國碩,7,0,7,凱基-埔墘,2024-07-22,9288
2637,慧洋-KY,14,7,7,凱基-埔墘,2024-07-22,9288
8358,金居,7,0,7,凱基-埔墘,2024-07-22,9288
2891,中信金,8,1,7,凱基-埔墘,2024-07-22,9288
006208,富邦台50,6,0,6,凱基-埔墘,2024-07-22,9288
00921,兆豐龍頭等權重,6,0,6,凱基-埔墘,2024-07-22,9288
2449,京元電子,7,1,6,凱基-埔墘,2024-07-22,9288
6125,廣運,6,0,6,凱基-埔墘,2024-07-22,9288
00939,統一台灣高息動能,6,1,5,凱基-埔墘,2024-07-22,9288
2392,正崴,7,2,5,凱基-埔墘,2024-07-22,9288
00902,中信電池及儲能,5,0,5,凱基-埔墘,2024-07-22,9288
00929,復華台灣科技優息,189,0,189,凱基-埔墘,2024-07-23,9288
00632R,元大台灣50反1,140,1,139,凱基-埔墘,2024-07-23,9288
3481,群創,112,31,81,凱基-埔墘,2024-07-23,9288
2516,新建,70,0,70,凱基-埔墘,2024-07-23,9288
00637L,元大滬深300正2,41,0,41,凱基-埔墘,2024-07-23,9288
00878,國泰永續高股息,108,70,38,凱基-埔墘,2024-07-23,9288
8103,瀚荃,28,0,28,凱基-埔墘,2024-07-23,9288
6219,富旺,25,0,25,凱基-埔墘,2024-07-23,9288
6215,和椿,27,6,21,凱基-埔墘,2024-07-23,9288
2107,厚生,20,0,20,凱基-埔墘,2024-07-23,9288
6271,同欣電,20,0,20,凱基-埔墘,2024-07-23,9288
2891,中信金,31,11,20,凱基-埔墘,2024-07-23,9288
3062,建漢,20,1,19,凱基-埔墘,2024-07-23,9288
1301,台塑,18,0,18,凱基-埔墘,2024-07-23,9288
00706L,期元大S＆P日圓正2,16,0,16,凱基-埔墘,2024-07-23,9288
2027,大成鋼,15,1,14,凱基-埔墘,2024-07-23,9288
2610,華航,16,3,13,凱基-埔墘,2024-07-23,9288
5521,工信,13,0,13,凱基-埔墘,2024-07-23,9288
3686,達能,11,0,11,凱基-埔墘,2024-07-23,9288
00937B,群益ESG投等債20,11,0,11,凱基-埔墘,2024-07-23,9288
8096,擎亞,11,0,11,凱基-埔墘,2024-07-23,9288
9945,潤泰新,16,5,11,凱基-埔墘,2024-07-23,9288
00941,中信上游半導體,10,0,10,凱基-埔墘,2024-07-23,9288
5498,凱崴,10,0,10,凱基-埔墘,2024-07-23,9288
2634,漢翔,25,16,9,凱基-埔墘,2024-07-23,9288
2324,仁寶,9,0,9,凱基-埔墘,2024-07-23,9288
8349,�矬�,8,0,8,凱基-埔墘,2024-07-23,9288
2486,一詮,8,1,7,凱基-埔墘,2024-07-23,9288
2489,瑞軒,14,7,7,凱基-埔墘,2024-07-23,9288
3712,永崴投控,8,1,7,凱基-埔墘,2024-07-23,9288
2408,南亞科,8,2,6,凱基-埔墘,2024-07-23,9288
3673,TPK-KY,6,0,6,凱基-埔墘,2024-07-23,9288
00900,富邦特選高股息30,6,0,6,凱基-埔墘,2024-07-23,9288
1529,樂事綠能,6,0,6,凱基-埔墘,2024-07-23,9288
2537,聯上發,8,2,6,凱基-埔墘,2024-07-23,9288
4109,加捷生醫,6,0,6,凱基-埔墘,2024-07-23,9288
4960,誠美材,11,5,6,凱基-埔墘,2024-07-23,9288
9802,鈺齊-KY,6,0,6,凱基-埔墘,2024-07-23,9288
2303,聯電,6,0,6,凱基-埔墘,2024-07-23,9288
00690,兆豐藍籌30,5,0,5,凱基-埔墘,2024-07-23,9288
2344,華邦電,5,0,5,凱基-埔墘,2024-07-23,9288
2365,昆盈,17,12,5,凱基-埔墘,2024-07-23,9288
2409,友達,15,10,5,凱基-埔墘,2024-07-23,9288
2538,基泰,5,0,5,凱基-埔墘,2024-07-23,9288
3689,湧德,5,0,5,凱基-埔墘,2024-07-23,9288
4534,慶騰,5,0,5,凱基-埔墘,2024-07-23,9288
5905,南仁湖,5,0,5,凱基-埔墘,2024-07-23,9288
6431,光麗-KY,5,0,5,凱基-埔墘,2024-07-23,9288
6592,和潤企業,5,0,5,凱基-埔墘,2024-07-23,9288
00940,元大台灣價值高息,5,1,4,凱基-埔墘,2024-07-23,9288
00637L,元大滬深300正2,184,2,182,凱基-埔墘,2024-07-26,9288
00951,台新日本半導體,119,0,119,凱基-埔墘,2024-07-26,9288
00940,元大台灣價值高息,87,4,83,凱基-埔墘,2024-07-26,9288
00949,復華日本龍頭,68,0,68,凱基-埔墘,2024-07-26,9288
2303,聯電,53,0,53,凱基-埔墘,2024-07-26,9288
00665L,富邦�琤肭磪囓�2,55,2,53,凱基-埔墘,2024-07-26,9288
00929,復華台灣科技優息,51,0,51,凱基-埔墘,2024-07-26,9288
00946,群益科技高息成長,51,0,51,凱基-埔墘,2024-07-26,9288
6116,彩晶,44,0,44,凱基-埔墘,2024-07-26,9288
2516,新建,37,0,37,凱基-埔墘,2024-07-26,9288
2230,泰茂,35,0,35,凱基-埔墘,2024-07-26,9288
00915,凱基優選高股息30,30,0,30,凱基-埔墘,2024-07-26,9288
2330,台積電,31,2,29,凱基-埔墘,2024-07-26,9288
3047,訊舟,27,0,27,凱基-埔墘,2024-07-26,9288
00878,國泰永續高股息,24,0,24,凱基-埔墘,2024-07-26,9288
9904,寶成,25,1,24,凱基-埔墘,2024-07-26,9288
2897,王道銀行,41,20,21,凱基-埔墘,2024-07-26,9288
0056,元大高股息,22,1,21,凱基-埔墘,2024-07-26,9288
2634,漢翔,25,8,17,凱基-埔墘,2024-07-26,9288
00939,統一台灣高息動能,16,0,16,凱基-埔墘,2024-07-26,9288
5388,中磊,16,0,16,凱基-埔墘,2024-07-26,9288
00753L,中信中國50正2,15,0,15,凱基-埔墘,2024-07-26,9288
2317,鴻海,46,31,15,凱基-埔墘,2024-07-26,9288
00937B,群益ESG投等債20,14,0,14,凱基-埔墘,2024-07-26,9288
8926,台汽電,14,0,14,凱基-埔墘,2024-07-26,9288
9933,中鼎,15,1,14,凱基-埔墘,2024-07-26,9288
2891,中信金,15,1,14,凱基-埔墘,2024-07-26,9288
00934,中信成長高股息,13,0,13,凱基-埔墘,2024-07-26,9288
8103,瀚荃,12,0,12,凱基-埔墘,2024-07-26,9288
5521,工信,11,0,11,凱基-埔墘,2024-07-26,9288
3231,緯創,10,0,10,凱基-埔墘,2024-07-26,9288
00646,元大S＆P500,10,0,10,凱基-埔墘,2024-07-26,9288
2867,三商壽,10,0,10,凱基-埔墘,2024-07-26,9288
2884,玉山金,9,0,9,凱基-埔墘,2024-07-26,9288
00885,富邦越南,9,0,9,凱基-埔墘,2024-07-26,9288
2630,亞航,9,0,9,凱基-埔墘,2024-07-26,9288
3622,洋華,9,0,9,凱基-埔墘,2024-07-26,9288
8358,金居,9,0,9,凱基-埔墘,2024-07-26,9288
0050,元大台灣50,9,0,9,凱基-埔墘,2024-07-26,9288
00942B,台新美A公司債20+,8,0,8,凱基-埔墘,2024-07-26,9288
00944,野村趨勢動能高息,8,0,8,凱基-埔墘,2024-07-26,9288
2356,英業達,18,10,8,凱基-埔墘,2024-07-26,9288
3665,貿聯-KY,8,0,8,凱基-埔墘,2024-07-26,9288
9802,鈺齊-KY,8,0,8,凱基-埔墘,2024-07-26,9288
00881,國泰台灣5G+,7,0,7,凱基-埔墘,2024-07-26,9288
4566,時碩工業,11,4,7,凱基-埔墘,2024-07-26,9288
2352,佳世達,7,0,7,凱基-埔墘,2024-07-26,9288
2349,錸德,43,37,6,凱基-埔墘,2024-07-26,9288
00651R,復華香港反1,6,0,6,凱基-埔墘,2024-07-26,9288
1608,華榮,8,2,6,凱基-埔墘,2024-07-26,9288
00929,復華台灣科技優息,107,0,107,凱基-埔墘,2024-07-29,9288
00878,國泰永續高股息,91,0,91,凱基-埔墘,2024-07-29,9288
00725B,國泰投資級公司債,52,0,52,凱基-埔墘,2024-07-29,9288
2515,中工,39,0,39,凱基-埔墘,2024-07-29,9288
00948B,中信優息投資級債,34,0,34,凱基-埔墘,2024-07-29,9288
0056,元大高股息,31,0,31,凱基-埔墘,2024-07-29,9288
00720B,元大投資級公司債,28,0,28,凱基-埔墘,2024-07-29,9288
00940,元大台灣價值高息,24,0,24,凱基-埔墘,2024-07-29,9288
00946,群益科技高息成長,21,0,21,凱基-埔墘,2024-07-29,9288
2915,潤泰全,27,6,21,凱基-埔墘,2024-07-29,9288
3673,TPK-KY,20,0,20,凱基-埔墘,2024-07-29,9288
2230,泰茂,20,0,20,凱基-埔墘,2024-07-29,9288
00919,群益台灣精選高息,22,2,20,凱基-埔墘,2024-07-29,9288
3047,訊舟,18,0,18,凱基-埔墘,2024-07-29,9288
9105,泰金寶-DR,16,0,16,凱基-埔墘,2024-07-29,9288
00713,元大台灣高息低波,13,0,13,凱基-埔墘,2024-07-29,9288
4916,事欣科,13,0,13,凱基-埔墘,2024-07-29,9288
2867,三商壽,15,3,12,凱基-埔墘,2024-07-29,9288
00951,台新日本半導體,11,0,11,凱基-埔墘,2024-07-29,9288
3037,欣興,13,3,10,凱基-埔墘,2024-07-29,9288
00687B,國泰20年美債,10,0,10,凱基-埔墘,2024-07-29,9288
00715L,期街口布蘭特正2,10,0,10,凱基-埔墘,2024-07-29,9288
2505,國揚,10,0,10,凱基-埔墘,2024-07-29,9288
4714,永捷,10,0,10,凱基-埔墘,2024-07-29,9288
8033,雷虎,10,0,10,凱基-埔墘,2024-07-29,9288
2324,仁寶,9,0,9,凱基-埔墘,2024-07-29,9288
2534,宏盛,11,2,9,凱基-埔墘,2024-07-29,9288
8442,威宏-KY,9,0,9,凱基-埔墘,2024-07-29,9288
3189,景碩,14,5,9,凱基-埔墘,2024-07-29,9288
9914,美利達,9,0,9,凱基-埔墘,2024-07-29,9288
5443,均豪,19,10,9,凱基-埔墘,2024-07-29,9288
2349,錸德,11,3,8,凱基-埔墘,2024-07-29,9288
8103,瀚荃,11,3,8,凱基-埔墘,2024-07-29,9288
9904,寶成,10,2,8,凱基-埔墘,2024-07-29,9288
3231,緯創,9,2,7,凱基-埔墘,2024-07-29,9288
1608,華榮,7,0,7,凱基-埔墘,2024-07-29,9288
00881,國泰台灣5G+,6,0,6,凱基-埔墘,2024-07-29,9288
2884,玉山金,6,0,6,凱基-埔墘,2024-07-29,9288
00733,富邦臺灣中小,6,0,6,凱基-埔墘,2024-07-29,9288
00915,凱基優選高股息30,6,0,6,凱基-埔墘,2024-07-29,9288
2027,大成鋼,6,0,6,凱基-埔墘,2024-07-29,9288
2388,威盛,8,2,6,凱基-埔墘,2024-07-29,9288
3663,鑫科,10,4,6,凱基-埔墘,2024-07-29,9288
2356,英業達,8,3,5,凱基-埔墘,2024-07-29,9288
2317,鴻海,10,5,5,凱基-埔墘,2024-07-29,9288
0050,元大台灣50,11,6,5,凱基-埔墘,2024-07-29,9288
00688L,國泰20年美債正2,5,0,5,凱基-埔墘,2024-07-29,9288
00795B,中信美國公債20年,5,0,5,凱基-埔墘,2024-07-29,9288
1815,富喬,5,0,5,凱基-埔墘,2024-07-29,9288
2367,燿華,15,10,5,凱基-埔墘,2024-07-29,9288
00885,富邦越南,100,0,100,凱基-埔墘,2024-07-30,9288
00929,復華台灣科技優息,75,7,68,凱基-埔墘,2024-07-30,9288
2867,三商壽,68,6,62,凱基-埔墘,2024-07-30,9288
00637L,元大滬深300正2,57,0,57,凱基-埔墘,2024-07-30,9288
00940,元大台灣價值高息,46,0,46,凱基-埔墘,2024-07-30,9288
4526,東台,65,20,45,凱基-埔墘,2024-07-30,9288
00882,中信中國高股息,45,0,45,凱基-埔墘,2024-07-30,9288
00919,群益台灣精選高息,31,2,29,凱基-埔墘,2024-07-30,9288
00680L,元大美債20正2,30,2,28,凱基-埔墘,2024-07-30,9288
00946,群益科技高息成長,28,2,26,凱基-埔墘,2024-07-30,9288
2344,華邦電,27,4,23,凱基-埔墘,2024-07-30,9288
00688L,國泰20年美債正2,21,0,21,凱基-埔墘,2024-07-30,9288
5457,宣德,20,0,20,凱基-埔墘,2024-07-30,9288
2337,旺宏,23,4,19,凱基-埔墘,2024-07-30,9288
6438,迅得,18,0,18,凱基-埔墘,2024-07-30,9288
2230,泰茂,15,0,15,凱基-埔墘,2024-07-30,9288
2467,志聖,14,1,13,凱基-埔墘,2024-07-30,9288
00715L,期街口布蘭特正2,12,0,12,凱基-埔墘,2024-07-30,9288
00933B,國泰10Y+金融債,11,0,11,凱基-埔墘,2024-07-30,9288
1456,怡華,11,0,11,凱基-埔墘,2024-07-30,9288
2536,宏普,11,0,11,凱基-埔墘,2024-07-30,9288
00632R,元大台灣50反1,20,10,10,凱基-埔墘,2024-07-30,9288
1314,中石化,10,0,10,凱基-埔墘,2024-07-30,9288
4564,元翎,10,0,10,凱基-埔墘,2024-07-30,9288
6505,台塑化,10,0,10,凱基-埔墘,2024-07-30,9288
2882,國泰金,11,1,10,凱基-埔墘,2024-07-30,9288
00857B,永豐20年美公債,9,0,9,凱基-埔墘,2024-07-30,9288
0056,元大高股息,18,9,9,凱基-埔墘,2024-07-30,9288
2538,基泰,9,0,9,凱基-埔墘,2024-07-30,9288
3450,聯鈞,11,2,9,凱基-埔墘,2024-07-30,9288
00713,元大台灣高息低波,8,0,8,凱基-埔墘,2024-07-30,9288
2363,矽統,10,2,8,凱基-埔墘,2024-07-30,9288
2442,新美齊,48,40,8,凱基-埔墘,2024-07-30,9288
4938,和碩,8,0,8,凱基-埔墘,2024-07-30,9288
8103,瀚荃,9,1,8,凱基-埔墘,2024-07-30,9288
00675L,富邦臺灣加權正2,7,0,7,凱基-埔墘,2024-07-30,9288
00951,台新日本半導體,7,0,7,凱基-埔墘,2024-07-30,9288
2884,玉山金,7,0,7,凱基-埔墘,2024-07-30,9288
2303,聯電,7,0,7,凱基-埔墘,2024-07-30,9288
00915,凱基優選高股息30,6,0,6,凱基-埔墘,2024-07-30,9288
3481,群創,8,2,6,凱基-埔墘,2024-07-30,9288
8043,蜜望實,6,0,6,凱基-埔墘,2024-07-30,9288
2891,中信金,7,1,6,凱基-埔墘,2024-07-30,9288
2603,長榮,5,0,5,凱基-埔墘,2024-07-30,9288
00650L,復華香港正2,5,0,5,凱基-埔墘,2024-07-30,9288
00934,中信成長高股息,5,0,5,凱基-埔墘,2024-07-30,9288
2374,佳能,5,0,5,凱基-埔墘,2024-07-30,9288
2489,瑞軒,7,2,5,凱基-埔墘,2024-07-30,9288
5531,鄉林,5,0,5,凱基-埔墘,2024-07-30,9288
2330,台積電,8,3,5,凱基-埔墘,2024-07-30,9288
1711,永光,151,0,151,凱基-埔墘,2024-07-31,9288
00940,元大台灣價值高息,51,0,51,凱基-埔墘,2024-07-31,9288
3481,群創,58,15,43,凱基-埔墘,2024-07-31,9288
00929,復華台灣科技優息,30,0,30,凱基-埔墘,2024-07-31,9288
6271,同欣電,20,2,18,凱基-埔墘,2024-07-31,9288
1597,直得,16,0,16,凱基-埔墘,2024-07-31,9288
2230,泰茂,15,0,15,凱基-埔墘,2024-07-31,9288
4746,台耀,15,0,15,凱基-埔墘,2024-07-31,9288
8358,金居,14,1,13,凱基-埔墘,2024-07-31,9288
00927,群益半導體收益,12,0,12,凱基-埔墘,2024-07-31,9288
3037,欣興,18,6,12,凱基-埔墘,2024-07-31,9288
2610,華航,15,3,12,凱基-埔墘,2024-07-31,9288
4545,銘鈺,13,1,12,凱基-埔墘,2024-07-31,9288
2331,精英,10,0,10,凱基-埔墘,2024-07-31,9288
00939,統一台灣高息動能,10,1,9,凱基-埔墘,2024-07-31,9288
00937B,群益ESG投等債20,9,0,9,凱基-埔墘,2024-07-31,9288
3518,柏騰,9,0,9,凱基-埔墘,2024-07-31,9288
3665,貿聯-KY,9,0,9,凱基-埔墘,2024-07-31,9288
1536,和大,9,0,9,凱基-埔墘,2024-07-31,9288
00680L,元大美債20正2,10,2,8,凱基-埔墘,2024-07-31,9288
2301,光寶科,11,3,8,凱基-埔墘,2024-07-31,9288
2353,宏��,7,0,7,凱基-埔墘,2024-07-31,9288
2537,聯上發,7,0,7,凱基-埔墘,2024-07-31,9288
3006,晶豪科,6,0,6,凱基-埔墘,2024-07-31,9288
6438,迅得,6,0,6,凱基-埔墘,2024-07-31,9288
8271,宇瞻,6,0,6,凱基-埔墘,2024-07-31,9288
2884,玉山金,7,1,6,凱基-埔墘,2024-07-31,9288
2365,昆盈,15,10,5,凱基-埔墘,2024-07-31,9288
2330,台積電,11,6,5,凱基-埔墘,2024-07-31,9288
00674R,期元大S＆P黃金反1,5,0,5,凱基-埔墘,2024-07-31,9288
00945B,凱基美國非投等債,5,0,5,凱基-埔墘,2024-07-31,9288
4510,高鋒,5,0,5,凱基-埔墘,2024-07-31,9288
4927,泰鼎-KY,5,0,5,凱基-埔墘,2024-07-31,9288
6151,晉倫,5,0,5,凱基-埔墘,2024-07-31,9288
6239,力成,5,0,5,凱基-埔墘,2024-07-31,9288
6895,宏碩系統,5,0,5,凱基-埔墘,2024-07-31,9288
2891,中信金,5,1,4,凱基-埔墘,2024-07-31,9288
2885,元大金,4,0,4,凱基-埔墘,2024-07-31,9288
3686,達能,7,3,4,凱基-埔墘,2024-07-31,9288
6134,萬旭,4,0,4,凱基-埔墘,2024-07-31,9288
6415,矽力*-KY,4,0,4,凱基-埔墘,2024-07-31,9288
6841,長佳智能,4,0,4,凱基-埔墘,2024-07-31,9288
9906,欣巴巴,5,1,4,凱基-埔墘,2024-07-31,9288
2062,橋椿,3,0,3,凱基-埔墘,2024-07-31,9288
00878,國泰永續高股息,3,0,3,凱基-埔墘,2024-07-31,9288
3231,緯創,8,5,3,凱基-埔墘,2024-07-31,9288
00830,國泰費城半導體,3,0,3,凱基-埔墘,2024-07-31,9288
2324,仁寶,3,0,3,凱基-埔墘,2024-07-31,9288
2356,英業達,3,0,3,凱基-埔墘,2024-07-31,9288
2453,凌群,3,0,3,凱基-埔墘,2024-07-31,9288
00919,群益台灣精選高息,215,0,215,凱基-埔墘,2024-08-01,9288
2511,太子,50,0,50,凱基-埔墘,2024-08-01,9288
8463,潤泰材,45,0,45,凱基-埔墘,2024-08-01,9288
4533,協易機,42,0,42,凱基-埔墘,2024-08-01,9288
00937B,群益ESG投等債20,30,0,30,凱基-埔墘,2024-08-01,9288
6438,迅得,28,1,27,凱基-埔墘,2024-08-01,9288
4563,百德,24,0,24,凱基-埔墘,2024-08-01,9288
2337,旺宏,63,39,24,凱基-埔墘,2024-08-01,9288
1609,大亞,23,0,23,凱基-埔墘,2024-08-01,9288
00715L,期街口布蘭特正2,18,0,18,凱基-埔墘,2024-08-01,9288
00940,元大台灣價值高息,16,0,16,凱基-埔墘,2024-08-01,9288
2891,中信金,14,0,14,凱基-埔墘,2024-08-01,9288
5512,力麒,16,3,13,凱基-埔墘,2024-08-01,9288
5443,均豪,18,6,12,凱基-埔墘,2024-08-01,9288
00637L,元大滬深300正2,11,0,11,凱基-埔墘,2024-08-01,9288
1711,永光,12,1,11,凱基-埔墘,2024-08-01,9288
2610,華航,11,0,11,凱基-埔墘,2024-08-01,9288
1416,廣豐,10,0,10,凱基-埔墘,2024-08-01,9288
2344,華邦電,10,0,10,凱基-埔墘,2024-08-01,9288
3339,泰谷,10,0,10,凱基-埔墘,2024-08-01,9288
3652,精聯,10,0,10,凱基-埔墘,2024-08-01,9288
4564,元翎,10,0,10,凱基-埔墘,2024-08-01,9288
9907,統一實,10,0,10,凱基-埔墘,2024-08-01,9288
2515,中工,22,13,9,凱基-埔墘,2024-08-01,9288
8440,綠電,9,0,9,凱基-埔墘,2024-08-01,9288
00945B,凱基美國非投等債,8,0,8,凱基-埔墘,2024-08-01,9288
2884,玉山金,8,0,8,凱基-埔墘,2024-08-01,9288
5306,桂盟,6,0,6,凱基-埔墘,2024-08-01,9288
00687B,國泰20年美債,7,1,6,凱基-埔墘,2024-08-01,9288
00712,復華富時不動產,6,0,6,凱基-埔墘,2024-08-01,9288
00935,野村臺灣新科技50,6,0,6,凱基-埔墘,2024-08-01,9288
2634,漢翔,6,0,6,凱基-埔墘,2024-08-01,9288
6757,台灣虎航,6,0,6,凱基-埔墘,2024-08-01,9288
00931B,統一美債20年,5,0,5,凱基-埔墘,2024-08-01,9288
2409,友達,5,0,5,凱基-埔墘,2024-08-01,9288
00688L,國泰20年美債正2,22,17,5,凱基-埔墘,2024-08-01,9288
00680L,元大美債20正2,6,1,5,凱基-埔墘,2024-08-01,9288
00650L,復華香港正2,15,10,5,凱基-埔墘,2024-08-01,9288
00882,中信中國高股息,5,0,5,凱基-埔墘,2024-08-01,9288
2613,中櫃,5,0,5,凱基-埔墘,2024-08-01,9288
2887,台新金,5,0,5,凱基-埔墘,2024-08-01,9288
8937,合騏,5,0,5,凱基-埔墘,2024-08-01,9288
2330,台積電,16,12,4,凱基-埔墘,2024-08-01,9288
6869,雲豹能源,7,3,4,凱基-埔墘,2024-08-01,9288
3036,文曄,4,0,4,凱基-埔墘,2024-08-01,9288
3081,聯亞,4,0,4,凱基-埔墘,2024-08-01,9288
6188,廣明,11,7,4,凱基-埔墘,2024-08-01,9288
9904,寶成,84,80,4,凱基-埔墘,2024-08-01,9288
3686,達能,4,0,4,凱基-埔墘,2024-08-01,9288
6239,力成,3,0,3,凱基-埔墘,2024-08-01,9288
00679B,元大美債20年,1220,17,1203,凱基-埔墘,2024-08-02,9288
00687B,國泰20年美債,811,0,811,凱基-埔墘,2024-08-02,9288
00937B,群益ESG投等債20,85,0,85,凱基-埔墘,2024-08-02,9288
00929,復華台灣科技優息,74,0,74,凱基-埔墘,2024-08-02,9288
4563,百德,69,1,68,凱基-埔墘,2024-08-02,9288
00878,國泰永續高股息,67,0,67,凱基-埔墘,2024-08-02,9288
2317,鴻海,60,15,45,凱基-埔墘,2024-08-02,9288
3037,欣興,35,2,33,凱基-埔墘,2024-08-02,9288
3665,貿聯-KY,33,1,32,凱基-埔墘,2024-08-02,9288
2867,三商壽,29,0,29,凱基-埔墘,2024-08-02,9288
2027,大成鋼,41,13,28,凱基-埔墘,2024-08-02,9288
2330,台積電,27,2,25,凱基-埔墘,2024-08-02,9288
2885,元大金,25,0,25,凱基-埔墘,2024-08-02,9288
2637,慧洋-KY,24,0,24,凱基-埔墘,2024-08-02,9288
2891,中信金,23,0,23,凱基-埔墘,2024-08-02,9288
2365,昆盈,26,3,23,凱基-埔墘,2024-08-02,9288
9105,泰金寶-DR,22,0,22,凱基-埔墘,2024-08-02,9288
00930,永豐ESG低碳高息,21,0,21,凱基-埔墘,2024-08-02,9288
00706L,期元大S＆P日圓正2,20,0,20,凱基-埔墘,2024-08-02,9288
1326,台化,20,1,19,凱基-埔墘,2024-08-02,9288
00919,群益台灣精選高息,26,7,19,凱基-埔墘,2024-08-02,9288
0056,元大高股息,21,2,19,凱基-埔墘,2024-08-02,9288
8103,瀚荃,19,1,18,凱基-埔墘,2024-08-02,9288
00947,台新臺灣IC設計,16,0,16,凱基-埔墘,2024-08-02,9288
00881,國泰台灣5G+,15,0,15,凱基-埔墘,2024-08-02,9288
2886,兆豐金,15,0,15,凱基-埔墘,2024-08-02,9288
2897,王道銀行,15,0,15,凱基-埔墘,2024-08-02,9288
00646,元大S＆P500,14,0,14,凱基-埔墘,2024-08-02,9288
3374,精材,14,0,14,凱基-埔墘,2024-08-02,9288
2337,旺宏,34,21,13,凱基-埔墘,2024-08-02,9288
3673,TPK-KY,13,0,13,凱基-埔墘,2024-08-02,9288
00900,富邦特選高股息30,13,0,13,凱基-埔墘,2024-08-02,9288
3231,緯創,12,1,11,凱基-埔墘,2024-08-02,9288
00713,元大台灣高息低波,11,0,11,凱基-埔墘,2024-08-02,9288
00675L,富邦臺灣加權正2,11,0,11,凱基-埔墘,2024-08-02,9288
006208,富邦台50,10,0,10,凱基-埔墘,2024-08-02,9288
00949,復華日本龍頭,10,0,10,凱基-埔墘,2024-08-02,9288
3372,典範,10,0,10,凱基-埔墘,2024-08-02,9288
4927,泰鼎-KY,10,0,10,凱基-埔墘,2024-08-02,9288
5457,宣德,10,0,10,凱基-埔墘,2024-08-02,9288
1316,上曜,27,18,9,凱基-埔墘,2024-08-02,9288
1536,和大,13,4,9,凱基-埔墘,2024-08-02,9288
00650L,復華香港正2,16,7,9,凱基-埔墘,2024-08-02,9288
2356,英業達,13,4,9,凱基-埔墘,2024-08-02,9288
3105,穩懋,10,2,8,凱基-埔墘,2024-08-02,9288
00948B,中信優息投資級債,8,0,8,凱基-埔墘,2024-08-02,9288
9938,百和,8,0,8,凱基-埔墘,2024-08-02,9288
00891,中信關鍵半導體,7,0,7,凱基-埔墘,2024-08-02,9288
1721,三晃,7,0,7,凱基-埔墘,2024-08-02,9288
2486,一詮,11,4,7,凱基-埔墘,2024-08-02,9288
2887,台新金,127,16,111,凱基-埔墘,2024-08-05,9288
00940,元大台灣價值高息,159,50,109,凱基-埔墘,2024-08-05,9288
2637,慧洋-KY,98,1,97,凱基-埔墘,2024-08-05,9288
00878,國泰永續高股息,109,40,69,凱基-埔墘,2024-08-05,9288
5876,上海商銀,70,2,68,凱基-埔墘,2024-08-05,9288
2401,凌陽,59,1,58,凱基-埔墘,2024-08-05,9288
00918,大華優利高填息30,58,2,56,凱基-埔墘,2024-08-05,9288
00671R,富邦NASDAQ反1,50,0,50,凱基-埔墘,2024-08-05,9288
00919,群益台灣精選高息,49,3,46,凱基-埔墘,2024-08-05,9288
2867,三商壽,44,0,44,凱基-埔墘,2024-08-05,9288
00688L,國泰20年美債正2,57,15,42,凱基-埔墘,2024-08-05,9288
6505,台塑化,40,0,40,凱基-埔墘,2024-08-05,9288
2603,長榮,138,98,40,凱基-埔墘,2024-08-05,9288
0056,元大高股息,40,1,39,凱基-埔墘,2024-08-05,9288
00941,中信上游半導體,37,0,37,凱基-埔墘,2024-08-05,9288
2409,友達,39,7,32,凱基-埔墘,2024-08-05,9288
2317,鴻海,80,53,27,凱基-埔墘,2024-08-05,9288
2834,臺企銀,28,2,26,凱基-埔墘,2024-08-05,9288
00675L,富邦臺灣加權正2,27,2,25,凱基-埔墘,2024-08-05,9288
2886,兆豐金,27,2,25,凱基-埔墘,2024-08-05,9288
00679B,元大美債20年,36,12,24,凱基-埔墘,2024-08-05,9288
4563,百德,24,0,24,凱基-埔墘,2024-08-05,9288
6116,彩晶,24,0,24,凱基-埔墘,2024-08-05,9288
6177,達麗,22,0,22,凱基-埔墘,2024-08-05,9288
2002,中鋼,23,2,21,凱基-埔墘,2024-08-05,9288
00654R,富邦印度反1,20,0,20,凱基-埔墘,2024-08-05,9288
2312,金寶,22,2,20,凱基-埔墘,2024-08-05,9288
2897,王道銀行,25,5,20,凱基-埔墘,2024-08-05,9288
4105,東洋,20,0,20,凱基-埔墘,2024-08-05,9288
9925,新保,20,0,20,凱基-埔墘,2024-08-05,9288
1718,中纖,29,10,19,凱基-埔墘,2024-08-05,9288
8103,瀚荃,17,0,17,凱基-埔墘,2024-08-05,9288
5871,中租-KY,17,0,17,凱基-埔墘,2024-08-05,9288
1710,東聯,15,0,15,凱基-埔墘,2024-08-05,9288
2891,中信金,14,0,14,凱基-埔墘,2024-08-05,9288
6182,合晶,14,0,14,凱基-埔墘,2024-08-05,9288
2601,益航,14,0,14,凱基-埔墘,2024-08-05,9288
9105,泰金寶-DR,14,0,14,凱基-埔墘,2024-08-05,9288
2442,新美齊,13,0,13,凱基-埔墘,2024-08-05,9288
3056,富華新,13,0,13,凱基-埔墘,2024-08-05,9288
0050,元大台灣50,15,3,12,凱基-埔墘,2024-08-05,9288
00881,國泰台灣5G+,13,1,12,凱基-埔墘,2024-08-05,9288
2498,宏達電,12,0,12,凱基-埔墘,2024-08-05,9288
2365,昆盈,14,2,12,凱基-埔墘,2024-08-05,9288
2515,中工,16,4,12,凱基-埔墘,2024-08-05,9288
5457,宣德,12,0,12,凱基-埔墘,2024-08-05,9288
6770,力積電,15,3,12,凱基-埔墘,2024-08-05,9288
00930,永豐ESG低碳高息,11,0,11,凱基-埔墘,2024-08-05,9288
2337,旺宏,19,8,11,凱基-埔墘,2024-08-05,9288
00931B,統一美債20年,11,0,11,凱基-埔墘,2024-08-05,9288
2317,鴻海,170,50,120,凱基-埔墘,2024-08-06,9288
00940,元大台灣價值高息,89,8,81,凱基-埔墘,2024-08-06,9288
3042,晶技,79,1,78,凱基-埔墘,2024-08-06,9288
2542,興富發,78,12,66,凱基-埔墘,2024-08-06,9288
00632R,元大台灣50反1,98,35,63,凱基-埔墘,2024-08-06,9288
6264,富裔,50,0,50,凱基-埔墘,2024-08-06,9288
2382,廣達,51,5,46,凱基-埔墘,2024-08-06,9288
4401,東隆興,45,0,45,凱基-埔墘,2024-08-06,9288
2834,臺企銀,25,0,25,凱基-埔墘,2024-08-06,9288
2337,旺宏,26,3,23,凱基-埔墘,2024-08-06,9288
2605,新興,20,0,20,凱基-埔墘,2024-08-06,9288
6683,雍智科技,20,0,20,凱基-埔墘,2024-08-06,9288
3443,創意,17,0,17,凱基-埔墘,2024-08-06,9288
2543,皇昌,17,0,17,凱基-埔墘,2024-08-06,9288
4174,浩鼎,17,0,17,凱基-埔墘,2024-08-06,9288
3481,群創,38,22,16,凱基-埔墘,2024-08-06,9288
00637L,元大滬深300正2,15,0,15,凱基-埔墘,2024-08-06,9288
1513,中興電,15,0,15,凱基-埔墘,2024-08-06,9288
4714,永捷,15,0,15,凱基-埔墘,2024-08-06,9288
3324,雙鴻,28,14,14,凱基-埔墘,2024-08-06,9288
8917,欣泰,13,0,13,凱基-埔墘,2024-08-06,9288
1710,東聯,12,0,12,凱基-埔墘,2024-08-06,9288
6219,富旺,14,2,12,凱基-埔墘,2024-08-06,9288
2739,寒舍,11,0,11,凱基-埔墘,2024-08-06,9288
6901,鑽石投資,11,0,11,凱基-埔墘,2024-08-06,9288
3321,同泰,10,0,10,凱基-埔墘,2024-08-06,9288
6790,永豐實,10,0,10,凱基-埔墘,2024-08-06,9288
8033,雷虎,10,0,10,凱基-埔墘,2024-08-06,9288
2367,燿華,10,1,9,凱基-埔墘,2024-08-06,9288
0056,元大高股息,21,13,8,凱基-埔墘,2024-08-06,9288
00923,群益台ESG低碳50,10,2,8,凱基-埔墘,2024-08-06,9288
00919,群益台灣精選高息,9,1,8,凱基-埔墘,2024-08-06,9288
3202,樺晟,8,0,8,凱基-埔墘,2024-08-06,9288
6438,迅得,8,0,8,凱基-埔墘,2024-08-06,9288
00881,國泰台灣5G+,9,2,7,凱基-埔墘,2024-08-06,9288
00948B,中信優息投資級債,7,0,7,凱基-埔墘,2024-08-06,9288
3305,昇貿,8,1,7,凱基-埔墘,2024-08-06,9288
5225,東科-KY,7,0,7,凱基-埔墘,2024-08-06,9288
8114,振樺電,7,0,7,凱基-埔墘,2024-08-06,9288
3037,欣興,8,2,6,凱基-埔墘,2024-08-06,9288
6126,信音,6,0,6,凱基-埔墘,2024-08-06,9288
2495,普安,9,3,6,凱基-埔墘,2024-08-06,9288
00936,台新永續高息中小,5,0,5,凱基-埔墘,2024-08-06,9288
00733,富邦臺灣中小,5,0,5,凱基-埔墘,2024-08-06,9288
5522,遠雄,6,1,5,凱基-埔墘,2024-08-06,9288
00690,兆豐藍籌30,5,0,5,凱基-埔墘,2024-08-06,9288
1316,上曜,7,2,5,凱基-埔墘,2024-08-06,9288
2609,陽明,14,9,5,凱基-埔墘,2024-08-06,9288
2867,三商壽,30,25,5,凱基-埔墘,2024-08-06,9288
3056,富華新,5,0,5,凱基-埔墘,2024-08-06,9288
2101,南港,150,0,150,凱基-埔墘,2024-08-07,9288
8110,華東,63,0,63,凱基-埔墘,2024-08-07,9288
00632R,元大台灣50反1,70,20,50,凱基-埔墘,2024-08-07,9288
00882,中信中國高股息,35,2,33,凱基-埔墘,2024-08-07,9288
2344,華邦電,50,18,32,凱基-埔墘,2024-08-07,9288
1101,台泥,41,11,30,凱基-埔墘,2024-08-07,9288
2915,潤泰全,29,0,29,凱基-埔墘,2024-08-07,9288
00676R,富邦臺灣加權反1,25,0,25,凱基-埔墘,2024-08-07,9288
2356,英業達,29,6,23,凱基-埔墘,2024-08-07,9288
2886,兆豐金,27,5,22,凱基-埔墘,2024-08-07,9288
00947,台新臺灣IC設計,20,0,20,凱基-埔墘,2024-08-07,9288
1409,新纖,20,0,20,凱基-埔墘,2024-08-07,9288
6683,雍智科技,20,0,20,凱基-埔墘,2024-08-07,9288
0056,元大高股息,20,0,20,凱基-埔墘,2024-08-07,9288
3583,辛耘,19,0,19,凱基-埔墘,2024-08-07,9288
00680L,元大美債20正2,19,0,19,凱基-埔墘,2024-08-07,9288
2303,聯電,31,12,19,凱基-埔墘,2024-08-07,9288
3481,群創,22,4,18,凱基-埔墘,2024-08-07,9288
00933B,國泰10Y+金融債,18,0,18,凱基-埔墘,2024-08-07,9288
3489,森寶,22,4,18,凱基-埔墘,2024-08-07,9288
3704,合勤控,18,0,18,凱基-埔墘,2024-08-07,9288
00715L,期街口布蘭特正2,16,0,16,凱基-埔墘,2024-08-07,9288
00937B,群益ESG投等債20,16,1,15,凱基-埔墘,2024-08-07,9288
4938,和碩,22,8,14,凱基-埔墘,2024-08-07,9288
2337,旺宏,15,2,13,凱基-埔墘,2024-08-07,9288
2409,友達,12,0,12,凱基-埔墘,2024-08-07,9288
6438,迅得,12,0,12,凱基-埔墘,2024-08-07,9288
2206,三陽工業,12,0,12,凱基-埔墘,2024-08-07,9288
2382,廣達,13,2,11,凱基-埔墘,2024-08-07,9288
00697B,元大美債7-10,11,0,11,凱基-埔墘,2024-08-07,9288
2615,萬海,22,11,11,凱基-埔墘,2024-08-07,9288
3037,欣興,13,2,11,凱基-埔墘,2024-08-07,9288
6290,良維,10,0,10,凱基-埔墘,2024-08-07,9288
00919,群益台灣精選高息,14,4,10,凱基-埔墘,2024-08-07,9288
00948B,中信優息投資級債,10,0,10,凱基-埔墘,2024-08-07,9288
1907,永豐餘,10,0,10,凱基-埔墘,2024-08-07,9288
4128,中天,10,0,10,凱基-埔墘,2024-08-07,9288
6143,振曜,10,0,10,凱基-埔墘,2024-08-07,9288
1540,喬福,11,2,9,凱基-埔墘,2024-08-07,9288
3711,日月光投控,10,1,9,凱基-埔墘,2024-08-07,9288
2363,矽統,9,1,8,凱基-埔墘,2024-08-07,9288
2887,台新金,7,0,7,凱基-埔墘,2024-08-07,9288
4510,高鋒,8,1,7,凱基-埔墘,2024-08-07,9288
1309,台達化,6,0,6,凱基-埔墘,2024-08-07,9288
4540,全球傳動,10,4,6,凱基-埔墘,2024-08-07,9288
6139,亞翔,8,2,6,凱基-埔墘,2024-08-07,9288
2330,台積電,20,14,6,凱基-埔墘,2024-08-07,9288
2834,臺企銀,7,1,6,凱基-埔墘,2024-08-07,9288
1305,華夏,5,0,5,凱基-埔墘,2024-08-07,9288
2314,台揚,6,1,5,凱基-埔墘,2024-08-07,9288
6285,啟��,251,1,250,凱基-埔墘,2024-08-08,9288
2609,陽明,83,0,83,凱基-埔墘,2024-08-08,9288
1455,集盛,75,0,75,凱基-埔墘,2024-08-08,9288
6165,浪凡,59,0,59,凱基-埔墘,2024-08-08,9288
6290,良維,46,0,46,凱基-埔墘,2024-08-08,9288
2313,華通,47,3,44,凱基-埔墘,2024-08-08,9288
5425,台半,43,0,43,凱基-埔墘,2024-08-08,9288
1447,力鵬,37,0,37,凱基-埔墘,2024-08-08,9288
00937B,群益ESG投等債20,24,0,24,凱基-埔墘,2024-08-08,9288
1326,台化,20,0,20,凱基-埔墘,2024-08-08,9288
2636,台驊控股,16,0,16,凱基-埔墘,2024-08-08,9288
2834,臺企銀,16,0,16,凱基-埔墘,2024-08-08,9288
4551,智伸科,16,0,16,凱基-埔墘,2024-08-08,9288
00929,復華台灣科技優息,18,3,15,凱基-埔墘,2024-08-08,9288
2317,鴻海,22,7,15,凱基-埔墘,2024-08-08,9288
2330,台積電,16,3,13,凱基-埔墘,2024-08-08,9288
2489,瑞軒,33,20,13,凱基-埔墘,2024-08-08,9288
1321,大洋,14,2,12,凱基-埔墘,2024-08-08,9288
1536,和大,11,0,11,凱基-埔墘,2024-08-08,9288
5388,中磊,10,0,10,凱基-埔墘,2024-08-08,9288
00942B,台新美A公司債20+,10,0,10,凱基-埔墘,2024-08-08,9288
00632R,元大台灣50反1,20,10,10,凱基-埔墘,2024-08-08,9288
00679B,元大美債20年,9,0,9,凱基-埔墘,2024-08-08,9288
2367,燿華,13,4,9,凱基-埔墘,2024-08-08,9288
2399,映泰,9,0,9,凱基-埔墘,2024-08-08,9288
00688L,國泰20年美債正2,8,0,8,凱基-埔墘,2024-08-08,9288
2543,皇昌,14,6,8,凱基-埔墘,2024-08-08,9288
6015,宏遠證,8,0,8,凱基-埔墘,2024-08-08,9288
2615,萬海,16,8,8,凱基-埔墘,2024-08-08,9288
2886,兆豐金,8,0,8,凱基-埔墘,2024-08-08,9288
6213,聯茂,11,4,7,凱基-埔墘,2024-08-08,9288
2408,南亞科,13,6,7,凱基-埔墘,2024-08-08,9288
2610,華航,7,0,7,凱基-埔墘,2024-08-08,9288
8917,欣泰,7,0,7,凱基-埔墘,2024-08-08,9288
0050,元大台灣50,9,2,7,凱基-埔墘,2024-08-08,9288
0056,元大高股息,8,1,7,凱基-埔墘,2024-08-08,9288
1301,台塑,6,0,6,凱基-埔墘,2024-08-08,9288
00935,野村臺灣新科技50,7,1,6,凱基-埔墘,2024-08-08,9288
2365,昆盈,68,62,6,凱基-埔墘,2024-08-08,9288
2867,三商壽,16,10,6,凱基-埔墘,2024-08-08,9288
2352,佳世達,5,0,5,凱基-埔墘,2024-08-08,9288
00900,富邦特選高股息30,5,0,5,凱基-埔墘,2024-08-08,9288
6120,達運,5,0,5,凱基-埔墘,2024-08-08,9288
3037,欣興,6,1,5,凱基-埔墘,2024-08-08,9288
2344,華邦電,5,0,5,凱基-埔墘,2024-08-08,9288
2460,建通,5,0,5,凱基-埔墘,2024-08-08,9288
2630,亞航,5,0,5,凱基-埔墘,2024-08-08,9288
2891,中信金,6,1,5,凱基-埔墘,2024-08-08,9288
3047,訊舟,6,1,5,凱基-埔墘,2024-08-08,9288
3705,永信,5,0,5,凱基-埔墘,2024-08-08,9288
3481,群創,85,22,63,凱基-埔墘,2024-08-09,9288
00937B,群益ESG投等債20,53,0,53,凱基-埔墘,2024-08-09,9288
00930,永豐ESG低碳高息,49,0,49,凱基-埔墘,2024-08-09,9288
00632R,元大台灣50反1,62,25,37,凱基-埔墘,2024-08-09,9288
00929,復華台灣科技優息,52,16,36,凱基-埔墘,2024-08-09,9288
6643,M31,30,0,30,凱基-埔墘,2024-08-09,9288
2103,台橡,25,0,25,凱基-埔墘,2024-08-09,9288
00951,台新日本半導體,21,1,20,凱基-埔墘,2024-08-09,9288
1321,大洋,19,0,19,凱基-埔墘,2024-08-09,9288
3484,崧騰,18,0,18,凱基-埔墘,2024-08-09,9288
00940,元大台灣價值高息,17,0,17,凱基-埔墘,2024-08-09,9288
3042,晶技,17,0,17,凱基-埔墘,2024-08-09,9288
6757,台灣虎航,19,2,17,凱基-埔墘,2024-08-09,9288
2888,新光金,13,0,13,凱基-埔墘,2024-08-09,9288
00936,台新永續高息中小,11,0,11,凱基-埔墘,2024-08-09,9288
00688L,國泰20年美債正2,10,0,10,凱基-埔墘,2024-08-09,9288
1409,新纖,10,0,10,凱基-埔墘,2024-08-09,9288
5230,雷笛克光學,10,0,10,凱基-埔墘,2024-08-09,9288
00680L,元大美債20正2,9,0,9,凱基-埔墘,2024-08-09,9288
1101,台泥,12,3,9,凱基-埔墘,2024-08-09,9288
8105,凌巨,12,3,9,凱基-埔墘,2024-08-09,9288
4562,穎漢,14,6,8,凱基-埔墘,2024-08-09,9288
6285,啟��,7,0,7,凱基-埔墘,2024-08-09,9288
8092,建暐,7,0,7,凱基-埔墘,2024-08-09,9288
2615,萬海,14,8,6,凱基-埔墘,2024-08-09,9288
00679B,元大美債20年,6,0,6,凱基-埔墘,2024-08-09,9288
2337,旺宏,10,4,6,凱基-埔墘,2024-08-09,9288
6005,群益證,6,0,6,凱基-埔墘,2024-08-09,9288
6603,富強鑫,6,0,6,凱基-埔墘,2024-08-09,9288
3576,聯合再生,5,0,5,凱基-埔墘,2024-08-09,9288
00687B,國泰20年美債,5,0,5,凱基-埔墘,2024-08-09,9288
00933B,國泰10Y+金融債,5,0,5,凱基-埔墘,2024-08-09,9288
2353,宏��,6,1,5,凱基-埔墘,2024-08-09,9288
00948B,中信優息投資級債,5,0,5,凱基-埔墘,2024-08-09,9288
2312,金寶,16,11,5,凱基-埔墘,2024-08-09,9288
5309,系統電,7,2,5,凱基-埔墘,2024-08-09,9288
6213,聯茂,17,12,5,凱基-埔墘,2024-08-09,9288
8112,至上,5,0,5,凱基-埔墘,2024-08-09,9288
8917,欣泰,5,0,5,凱基-埔墘,2024-08-09,9288
9906,欣巴巴,11,6,5,凱基-埔墘,2024-08-09,9288
2882,國泰金,5,0,5,凱基-埔墘,2024-08-09,9288
2383,台光電,5,1,4,凱基-埔墘,2024-08-09,9288
2634,漢翔,4,0,4,凱基-埔墘,2024-08-09,9288
2349,錸德,4,0,4,凱基-埔墘,2024-08-09,9288
00941,中信上游半導體,4,0,4,凱基-埔墘,2024-08-09,9288
2301,光寶科,4,0,4,凱基-埔墘,2024-08-09,9288
3230,錦明,4,0,4,凱基-埔墘,2024-08-09,9288
5263,智崴,4,0,4,凱基-埔墘,2024-08-09,9288
5498,凱崴,4,0,4,凱基-埔墘,2024-08-09,9288
1785,光洋科,9,6,3,凱基-埔墘,2024-08-09,9288
3481,群創,559,123,436,凱基-埔墘,2024-08-12,9288
6285,啟��,202,0,202,凱基-埔墘,2024-08-12,9288
00915,凱基優選高股息30,100,0,100,凱基-埔墘,2024-08-12,9288
00679B,元大美債20年,90,11,79,凱基-埔墘,2024-08-12,9288
3324,雙鴻,60,0,60,凱基-埔墘,2024-08-12,9288
00632R,元大台灣50反1,51,5,46,凱基-埔墘,2024-08-12,9288
00795B,中信美國公債20年,46,0,46,凱基-埔墘,2024-08-12,9288
2897,王道銀行,40,0,40,凱基-埔墘,2024-08-12,9288
1513,中興電,44,6,38,凱基-埔墘,2024-08-12,9288
2883,凱基金,38,3,35,凱基-埔墘,2024-08-12,9288
8478,東哥遊艇,34,1,33,凱基-埔墘,2024-08-12,9288
2317,鴻海,46,14,32,凱基-埔墘,2024-08-12,9288
00687B,國泰20年美債,32,1,31,凱基-埔墘,2024-08-12,9288
2472,立隆電,32,1,31,凱基-埔墘,2024-08-12,9288
00945B,凱基美國非投等債,30,0,30,凱基-埔墘,2024-08-12,9288
2371,大同,25,2,23,凱基-埔墘,2024-08-12,9288
00931B,統一美債20年,21,0,21,凱基-埔墘,2024-08-12,9288
1321,大洋,19,0,19,凱基-埔墘,2024-08-12,9288
8222,寶一,19,0,19,凱基-埔墘,2024-08-12,9288
00857B,永豐20年美公債,16,0,16,凱基-埔墘,2024-08-12,9288
00942B,台新美A公司債20+,15,0,15,凱基-埔墘,2024-08-12,9288
1584,精剛,15,0,15,凱基-埔墘,2024-08-12,9288
2312,金寶,39,26,13,凱基-埔墘,2024-08-12,9288
1536,和大,11,0,11,凱基-埔墘,2024-08-12,9288
2109,華豐,11,0,11,凱基-埔墘,2024-08-12,9288
6126,信音,13,2,11,凱基-埔墘,2024-08-12,9288
8110,華東,11,0,11,凱基-埔墘,2024-08-12,9288
1101,台泥,10,0,10,凱基-埔墘,2024-08-12,9288
2062,橋椿,22,12,10,凱基-埔墘,2024-08-12,9288
2468,華經,10,0,10,凱基-埔墘,2024-08-12,9288
5309,系統電,15,5,10,凱基-埔墘,2024-08-12,9288
4720,德淵,9,0,9,凱基-埔墘,2024-08-12,9288
6173,信昌電,9,0,9,凱基-埔墘,2024-08-12,9288
2027,大成鋼,7,0,7,凱基-埔墘,2024-08-12,9288
4402,郡都開發,7,0,7,凱基-埔墘,2024-08-12,9288
2382,廣達,9,3,6,凱基-埔墘,2024-08-12,9288
2606,裕民,5,0,5,凱基-埔墘,2024-08-12,9288
2388,威盛,5,0,5,凱基-埔墘,2024-08-12,9288
00637L,元大滬深300正2,5,0,5,凱基-埔墘,2024-08-12,9288
00633L,富邦上証正2,5,0,5,凱基-埔墘,2024-08-12,9288
00881,國泰台灣5G+,9,4,5,凱基-埔墘,2024-08-12,9288
1718,中纖,5,0,5,凱基-埔墘,2024-08-12,9288
2365,昆盈,8,3,5,凱基-埔墘,2024-08-12,9288
3339,泰谷,5,0,5,凱基-埔墘,2024-08-12,9288
2609,陽明,21,17,4,凱基-埔墘,2024-08-12,9288
1453,大將,4,0,4,凱基-埔墘,2024-08-12,9288
00932,兆豐永續高息等權,4,0,4,凱基-埔墘,2024-08-12,9288
1597,直得,5,1,4,凱基-埔墘,2024-08-12,9288
2891,中信金,4,0,4,凱基-埔墘,2024-08-12,9288
6188,廣明,6,2,4,凱基-埔墘,2024-08-12,9288
00632R,元大台灣50反1,413,0,413,凱基-埔墘,2024-08-13,9288
2880,華南金,105,0,105,凱基-埔墘,2024-08-13,9288
3481,群創,58,1,57,凱基-埔墘,2024-08-13,9288
6274,台燿,51,0,51,凱基-埔墘,2024-08-13,9288
2101,南港,100,50,50,凱基-埔墘,2024-08-13,9288
00882,中信中國高股息,45,0,45,凱基-埔墘,2024-08-13,9288
6139,亞翔,30,5,25,凱基-埔墘,2024-08-13,9288
1618,合機,23,3,20,凱基-埔墘,2024-08-13,9288
6116,彩晶,20,0,20,凱基-埔墘,2024-08-13,9288
2890,永豐金,15,0,15,凱基-埔墘,2024-08-13,9288
6257,矽格,15,0,15,凱基-埔墘,2024-08-13,9288
1513,中興電,25,11,14,凱基-埔墘,2024-08-13,9288
00937B,群益ESG投等債20,23,10,13,凱基-埔墘,2024-08-13,9288
00945B,凱基美國非投等債,12,0,12,凱基-埔墘,2024-08-13,9288
2610,華航,212,200,12,凱基-埔墘,2024-08-13,9288
3017,奇鋐,14,2,12,凱基-埔墘,2024-08-13,9288
3324,雙鴻,16,4,12,凱基-埔墘,2024-08-13,9288
2886,兆豐金,11,0,11,凱基-埔墘,2024-08-13,9288
2637,慧洋-KY,11,0,11,凱基-埔墘,2024-08-13,9288
4402,郡都開發,11,0,11,凱基-埔墘,2024-08-13,9288
1101,台泥,21,11,10,凱基-埔墘,2024-08-13,9288
5880,合庫金,10,0,10,凱基-埔墘,2024-08-13,9288
6269,台郡,10,0,10,凱基-埔墘,2024-08-13,9288
1314,中石化,10,0,10,凱基-埔墘,2024-08-13,9288
2492,華新科,12,2,10,凱基-埔墘,2024-08-13,9288
2801,彰銀,10,0,10,凱基-埔墘,2024-08-13,9288
3551,世禾,10,0,10,凱基-埔墘,2024-08-13,9288
5309,系統電,10,0,10,凱基-埔墘,2024-08-13,9288
1321,大洋,9,0,9,凱基-埔墘,2024-08-13,9288
3006,晶豪科,9,0,9,凱基-埔墘,2024-08-13,9288
00948B,中信優息投資級債,7,0,7,凱基-埔墘,2024-08-13,9288
3484,崧騰,7,0,7,凱基-埔墘,2024-08-13,9288
00931B,統一美債20年,6,0,6,凱基-埔墘,2024-08-13,9288
3062,建漢,10,4,6,凱基-埔墘,2024-08-13,9288
8358,金居,6,0,6,凱基-埔墘,2024-08-13,9288
8454,富邦媒,10,4,6,凱基-埔墘,2024-08-13,9288
1584,精剛,7,2,5,凱基-埔墘,2024-08-13,9288
00674R,期元大S＆P黃金反1,5,0,5,凱基-埔墘,2024-08-13,9288
00637L,元大滬深300正2,5,0,5,凱基-埔墘,2024-08-13,9288
00932,兆豐永續高息等權,5,0,5,凱基-埔墘,2024-08-13,9288
00857B,永豐20年美公債,5,0,5,凱基-埔墘,2024-08-13,9288
00951,台新日本半導體,5,0,5,凱基-埔墘,2024-08-13,9288
2409,友達,5,0,5,凱基-埔墘,2024-08-13,9288
2501,國建,5,0,5,凱基-埔墘,2024-08-13,9288
2630,亞航,5,0,5,凱基-埔墘,2024-08-13,9288
2885,元大金,5,0,5,凱基-埔墘,2024-08-13,9288
2897,王道銀行,5,0,5,凱基-埔墘,2024-08-13,9288
3663,鑫科,5,0,5,凱基-埔墘,2024-08-13,9288
5215,科嘉-KY,5,0,5,凱基-埔墘,2024-08-13,9288
5481,新華,8,3,5,凱基-埔墘,2024-08-13,9288
00680L,元大美債20正2,2697,5,2692,凱基-埔墘,2024-08-14,9288
00632R,元大台灣50反1,91,0,91,凱基-埔墘,2024-08-14,9288
3303,岱稜,92,2,90,凱基-埔墘,2024-08-14,9288
6165,浪凡,62,0,62,凱基-埔墘,2024-08-14,9288
1314,中石化,55,0,55,凱基-埔墘,2024-08-14,9288
9904,寶成,51,0,51,凱基-埔墘,2024-08-14,9288
8028,昇陽半導體,52,2,50,凱基-埔墘,2024-08-14,9288
1708,東鹼,54,9,45,凱基-埔墘,2024-08-14,9288
9907,統一實,45,0,45,凱基-埔墘,2024-08-14,9288
2101,南港,99,55,44,凱基-埔墘,2024-08-14,9288
1560,中砂,44,1,43,凱基-埔墘,2024-08-14,9288
00795B,中信美國公債20年,36,1,35,凱基-埔墘,2024-08-14,9288
2429,銘旺科,23,0,23,凱基-埔墘,2024-08-14,9288
2880,華南金,22,0,22,凱基-埔墘,2024-08-14,9288
3005,神基,22,0,22,凱基-埔墘,2024-08-14,9288
2472,立隆電,20,0,20,凱基-埔墘,2024-08-14,9288
4766,南寶,20,0,20,凱基-埔墘,2024-08-14,9288
00900,富邦特選高股息30,20,1,19,凱基-埔墘,2024-08-14,9288
2324,仁寶,21,4,17,凱基-埔墘,2024-08-14,9288
2356,英業達,18,1,17,凱基-埔墘,2024-08-14,9288
00679B,元大美債20年,16,0,16,凱基-埔墘,2024-08-14,9288
2461,光群雷,14,0,14,凱基-埔墘,2024-08-14,9288
3413,京鼎,12,0,12,凱基-埔墘,2024-08-14,9288
8234,新漢,31,19,12,凱基-埔墘,2024-08-14,9288
6446,藥華藥,14,3,11,凱基-埔墘,2024-08-14,9288
6274,台燿,12,1,11,凱基-埔墘,2024-08-14,9288
00929,復華台灣科技優息,17,7,10,凱基-埔墘,2024-08-14,9288
4958,臻鼎-KY,11,1,10,凱基-埔墘,2024-08-14,9288
00715L,期街口布蘭特正2,10,0,10,凱基-埔墘,2024-08-14,9288
00690,兆豐藍籌30,10,0,10,凱基-埔墘,2024-08-14,9288
1608,華榮,10,0,10,凱基-埔墘,2024-08-14,9288
2427,三商電,10,0,10,凱基-埔墘,2024-08-14,9288
00919,群益台灣精選高息,14,4,10,凱基-埔墘,2024-08-14,9288
5009,榮剛,10,1,9,凱基-埔墘,2024-08-14,9288
00688L,國泰20年美債正2,8,0,8,凱基-埔墘,2024-08-14,9288
6757,台灣虎航,8,0,8,凱基-埔墘,2024-08-14,9288
3062,建漢,14,6,8,凱基-埔墘,2024-08-14,9288
8069,元太,6,0,6,凱基-埔墘,2024-08-14,9288
1584,精剛,11,5,6,凱基-埔墘,2024-08-14,9288
00950B,凱基A級公司債,5,0,5,凱基-埔墘,2024-08-14,9288
1802,台玻,5,0,5,凱基-埔墘,2024-08-14,9288
3230,錦明,5,0,5,凱基-埔墘,2024-08-14,9288
5481,新華,5,0,5,凱基-埔墘,2024-08-14,9288
5519,隆大,5,0,5,凱基-埔墘,2024-08-14,9288
6177,達麗,5,0,5,凱基-埔墘,2024-08-14,9288
6438,迅得,5,0,5,凱基-埔墘,2024-08-14,9288
3686,達能,4,0,4,凱基-埔墘,2024-08-14,9288
2002,中鋼,4,0,4,凱基-埔墘,2024-08-14,9288
2455,全新,4,0,4,凱基-埔墘,2024-08-14,9288
3498,陽程,4,0,4,凱基-埔墘,2024-08-14,9288
00795B,中信美國公債20年,95,0,95,凱基-埔墘,2024-08-15,9288
00679B,元大美債20年,39,0,39,凱基-埔墘,2024-08-15,9288
00900,富邦特選高股息30,34,0,34,凱基-埔墘,2024-08-15,9288
6451,訊芯-KY,36,2,34,凱基-埔墘,2024-08-15,9288
00929,復華台灣科技優息,31,0,31,凱基-埔墘,2024-08-15,9288
1314,中石化,35,4,31,凱基-埔墘,2024-08-15,9288
3047,訊舟,32,3,29,凱基-埔墘,2024-08-15,9288
6165,浪凡,26,0,26,凱基-埔墘,2024-08-15,9288
00940,元大台灣價值高息,23,1,22,凱基-埔墘,2024-08-15,9288
2834,臺企銀,20,0,20,凱基-埔墘,2024-08-15,9288
2344,華邦電,20,0,20,凱基-埔墘,2024-08-15,9288
3711,日月光投控,19,0,19,凱基-埔墘,2024-08-15,9288
3484,崧騰,16,0,16,凱基-埔墘,2024-08-15,9288
00715L,期街口布蘭特正2,15,0,15,凱基-埔墘,2024-08-15,9288
4927,泰鼎-KY,15,0,15,凱基-埔墘,2024-08-15,9288
2520,冠德,13,0,13,凱基-埔墘,2024-08-15,9288
3665,貿聯-KY,12,0,12,凱基-埔墘,2024-08-15,9288
4534,慶騰,12,0,12,凱基-埔墘,2024-08-15,9288
1785,光洋科,31,20,11,凱基-埔墘,2024-08-15,9288
00947,台新臺灣IC設計,10,0,10,凱基-埔墘,2024-08-15,9288
00712,復華富時不動產,10,0,10,凱基-埔墘,2024-08-15,9288
00731,復華富時高息低波,10,0,10,凱基-埔墘,2024-08-15,9288
6016,康和證,10,0,10,凱基-埔墘,2024-08-15,9288
3032,偉訓,10,1,9,凱基-埔墘,2024-08-15,9288
2887,台新金,8,0,8,凱基-埔墘,2024-08-15,9288
1453,大將,8,0,8,凱基-埔墘,2024-08-15,9288
2461,光群雷,8,0,8,凱基-埔墘,2024-08-15,9288
3663,鑫科,9,1,8,凱基-埔墘,2024-08-15,9288
4164,承業醫,8,0,8,凱基-埔墘,2024-08-15,9288
8358,金居,8,0,8,凱基-埔墘,2024-08-15,9288
8917,欣泰,8,0,8,凱基-埔墘,2024-08-15,9288
00881,國泰台灣5G+,7,0,7,凱基-埔墘,2024-08-15,9288
00931B,統一美債20年,7,0,7,凱基-埔墘,2024-08-15,9288
1708,東鹼,9,2,7,凱基-埔墘,2024-08-15,9288
1584,精剛,7,0,7,凱基-埔墘,2024-08-15,9288
00753L,中信中國50正2,6,0,6,凱基-埔墘,2024-08-15,9288
2472,立隆電,6,0,6,凱基-埔墘,2024-08-15,9288
4766,南寶,6,0,6,凱基-埔墘,2024-08-15,9288
6895,宏碩系統,6,0,6,凱基-埔墘,2024-08-15,9288
2002,中鋼,5,0,5,凱基-埔墘,2024-08-15,9288
00936,台新永續高息中小,5,0,5,凱基-埔墘,2024-08-15,9288
00882,中信中國高股息,5,0,5,凱基-埔墘,2024-08-15,9288
00720B,元大投資級公司債,5,0,5,凱基-埔墘,2024-08-15,9288
00632R,元大台灣50反1,5,0,5,凱基-埔墘,2024-08-15,9288
1609,大亞,6,1,5,凱基-埔墘,2024-08-15,9288
2009,第一銅,8,3,5,凱基-埔墘,2024-08-15,9288
2882,國泰金,5,0,5,凱基-埔墘,2024-08-15,9288
2885,元大金,7,2,5,凱基-埔墘,2024-08-15,9288
2886,兆豐金,6,1,5,凱基-埔墘,2024-08-15,9288
3230,錦明,7,2,5,凱基-埔墘,2024-08-15,9288
00878,國泰永續高股息,213,37,176,凱基-埔墘,2024-08-16,9288
00632R,元大台灣50反1,101,15,86,凱基-埔墘,2024-08-16,9288
00882,中信中國高股息,57,0,57,凱基-埔墘,2024-08-16,9288
2317,鴻海,61,6,55,凱基-埔墘,2024-08-16,9288
5269,祥碩,53,0,53,凱基-埔墘,2024-08-16,9288
2388,威盛,45,4,41,凱基-埔墘,2024-08-16,9288
3017,奇鋐,43,3,40,凱基-埔墘,2024-08-16,9288
9907,統一實,28,0,28,凱基-埔墘,2024-08-16,9288
00679B,元大美債20年,27,0,27,凱基-埔墘,2024-08-16,9288
6757,台灣虎航,26,0,26,凱基-埔墘,2024-08-16,9288
2323,中環,32,11,21,凱基-埔墘,2024-08-16,9288
6438,迅得,21,0,21,凱基-埔墘,2024-08-16,9288
00680L,元大美債20正2,42,23,19,凱基-埔墘,2024-08-16,9288
00948B,中信優息投資級債,18,0,18,凱基-埔墘,2024-08-16,9288
2542,興富發,27,9,18,凱基-埔墘,2024-08-16,9288
5498,凱崴,18,0,18,凱基-埔墘,2024-08-16,9288
00900,富邦特選高股息30,21,4,17,凱基-埔墘,2024-08-16,9288
1449,佳和,15,0,15,凱基-埔墘,2024-08-16,9288
2630,亞航,16,1,15,凱基-埔墘,2024-08-16,9288
1301,台塑,13,0,13,凱基-埔墘,2024-08-16,9288
1785,光洋科,15,3,12,凱基-埔墘,2024-08-16,9288
2356,英業達,13,1,12,凱基-埔墘,2024-08-16,9288
6165,浪凡,12,0,12,凱基-埔墘,2024-08-16,9288
3484,崧騰,11,0,11,凱基-埔墘,2024-08-16,9288
2501,國建,10,0,10,凱基-埔墘,2024-08-16,9288
3576,聯合再生,10,0,10,凱基-埔墘,2024-08-16,9288
4113,聯上,10,0,10,凱基-埔墘,2024-08-16,9288
006206,元大上證50,9,0,9,凱基-埔墘,2024-08-16,9288
1316,上曜,12,4,8,凱基-埔墘,2024-08-16,9288
3593,力銘,8,0,8,凱基-埔墘,2024-08-16,9288
8917,欣泰,8,0,8,凱基-埔墘,2024-08-16,9288
1609,大亞,7,0,7,凱基-埔墘,2024-08-16,9288
2537,聯上發,14,7,7,凱基-埔墘,2024-08-16,9288
1536,和大,8,2,6,凱基-埔墘,2024-08-16,9288
2243,宏旭-KY,6,0,6,凱基-埔墘,2024-08-16,9288
3498,陽程,8,2,6,凱基-埔墘,2024-08-16,9288
3019,亞光,10,4,6,凱基-埔墘,2024-08-16,9288
2010,春源,5,0,5,凱基-埔墘,2024-08-16,9288
00712,復華富時不動產,5,0,5,凱基-埔墘,2024-08-16,9288
00934,中信成長高股息,5,0,5,凱基-埔墘,2024-08-16,9288
1569,濱川,5,0,5,凱基-埔墘,2024-08-16,9288
4968,立積,5,0,5,凱基-埔墘,2024-08-16,9288
5364,力麗店,5,0,5,凱基-埔墘,2024-08-16,9288
6116,彩晶,5,0,5,凱基-埔墘,2024-08-16,9288
6261,久元,5,0,5,凱基-埔墘,2024-08-16,9288
8210,勤誠,6,1,5,凱基-埔墘,2024-08-16,9288
6446,藥華藥,4,0,4,凱基-埔墘,2024-08-16,9288
5443,均豪,68,64,4,凱基-埔墘,2024-08-16,9288
2062,橋椿,9,5,4,凱基-埔墘,2024-08-16,9288
4401,東隆興,4,0,4,凱基-埔墘,2024-08-16,9288
00945B,凱基美國非投等債,200,0,200,凱基-埔墘,2024-08-19,9288
2409,友達,87,0,87,凱基-埔墘,2024-08-19,9288
00679B,元大美債20年,53,0,53,凱基-埔墘,2024-08-19,9288
00687B,國泰20年美債,44,0,44,凱基-埔墘,2024-08-19,9288
2324,仁寶,40,0,40,凱基-埔墘,2024-08-19,9288
00937B,群益ESG投等債20,36,0,36,凱基-埔墘,2024-08-19,9288
2706,第一店,30,0,30,凱基-埔墘,2024-08-19,9288
2354,鴻準,25,2,23,凱基-埔墘,2024-08-19,9288
2501,國建,31,10,21,凱基-埔墘,2024-08-19,9288
2374,佳能,22,2,20,凱基-埔墘,2024-08-19,9288
00898,國泰基因免疫革命,20,3,17,凱基-埔墘,2024-08-19,9288
3707,漢磊,15,0,15,凱基-埔墘,2024-08-19,9288
8039,台虹,15,0,15,凱基-埔墘,2024-08-19,9288
00948B,中信優息投資級債,14,0,14,凱基-埔墘,2024-08-19,9288
00907,永豐優息存股,14,0,14,凱基-埔墘,2024-08-19,9288
2359,所羅門,27,13,14,凱基-埔墘,2024-08-19,9288
6165,浪凡,12,0,12,凱基-埔墘,2024-08-19,9288
2344,華邦電,14,2,12,凱基-埔墘,2024-08-19,9288
00715L,期街口布蘭特正2,11,0,11,凱基-埔墘,2024-08-19,9288
1785,光洋科,22,11,11,凱基-埔墘,2024-08-19,9288
2371,大同,12,2,10,凱基-埔墘,2024-08-19,9288
3017,奇鋐,11,1,10,凱基-埔墘,2024-08-19,9288
00680L,元大美債20正2,11,1,10,凱基-埔墘,2024-08-19,9288
3033,威健,10,0,10,凱基-埔墘,2024-08-19,9288
3704,合勤控,12,2,10,凱基-埔墘,2024-08-19,9288
4927,泰鼎-KY,10,0,10,凱基-埔墘,2024-08-19,9288
00720B,元大投資級公司債,9,0,9,凱基-埔墘,2024-08-19,9288
2201,裕隆,9,0,9,凱基-埔墘,2024-08-19,9288
1416,廣豐,8,0,8,凱基-埔墘,2024-08-19,9288
2537,聯上發,9,1,8,凱基-埔墘,2024-08-19,9288
3047,訊舟,17,9,8,凱基-埔墘,2024-08-19,9288
5371,中光電,13,5,8,凱基-埔墘,2024-08-19,9288
6215,和椿,11,3,8,凱基-埔墘,2024-08-19,9288
1718,中纖,9,2,7,凱基-埔墘,2024-08-19,9288
2609,陽明,11,4,7,凱基-埔墘,2024-08-19,9288
2885,元大金,7,0,7,凱基-埔墘,2024-08-19,9288
5534,長虹,7,0,7,凱基-埔墘,2024-08-19,9288
00905,FT臺灣Smart,6,0,6,凱基-埔墘,2024-08-19,9288
1712,興農,6,0,6,凱基-埔墘,2024-08-19,9288
2062,橋椿,7,1,6,凱基-埔墘,2024-08-19,9288
2453,凌群,6,0,6,凱基-埔墘,2024-08-19,9288
00900,富邦特選高股息30,5,0,5,凱基-埔墘,2024-08-19,9288
2009,第一銅,10,5,5,凱基-埔墘,2024-08-19,9288
2897,王道銀行,5,0,5,凱基-埔墘,2024-08-19,9288
3230,錦明,5,0,5,凱基-埔墘,2024-08-19,9288
3374,精材,12,7,5,凱基-埔墘,2024-08-19,9288
3518,柏騰,5,0,5,凱基-埔墘,2024-08-19,9288
6213,聯茂,6,1,5,凱基-埔墘,2024-08-19,9288
6805,富世達,5,0,5,凱基-埔墘,2024-08-19,9288
2542,興富發,7,2,5,凱基-埔墘,2024-08-19,9288
2476,鉅祥,104,0,104,凱基-埔墘,2024-08-20,9288
2888,新光金,142,50,92,凱基-埔墘,2024-08-20,9288
00687B,國泰20年美債,52,0,52,凱基-埔墘,2024-08-20,9288
00679B,元大美債20年,45,0,45,凱基-埔墘,2024-08-20,9288
00937B,群益ESG投等債20,41,0,41,凱基-埔墘,2024-08-20,9288
2374,佳能,40,9,31,凱基-埔墘,2024-08-20,9288
3605,宏致,30,0,30,凱基-埔墘,2024-08-20,9288
1708,東鹼,29,0,29,凱基-埔墘,2024-08-20,9288
1314,中石化,20,0,20,凱基-埔墘,2024-08-20,9288
1326,台化,22,2,20,凱基-埔墘,2024-08-20,9288
00878,國泰永續高股息,16,0,16,凱基-埔墘,2024-08-20,9288
1584,精剛,20,5,15,凱基-埔墘,2024-08-20,9288
3047,訊舟,22,9,13,凱基-埔墘,2024-08-20,9288
6953,家碩,13,0,13,凱基-埔墘,2024-08-20,9288
5534,長虹,12,0,12,凱基-埔墘,2024-08-20,9288
2356,英業達,12,1,11,凱基-埔墘,2024-08-20,9288
2472,立隆電,11,0,11,凱基-埔墘,2024-08-20,9288
2845,遠東銀,11,0,11,凱基-埔墘,2024-08-20,9288
4766,南寶,11,0,11,凱基-埔墘,2024-08-20,9288
3033,威健,10,0,10,凱基-埔墘,2024-08-20,9288
9105,泰金寶-DR,10,0,10,凱基-埔墘,2024-08-20,9288
2382,廣達,10,1,9,凱基-埔墘,2024-08-20,9288
00929,復華台灣科技優息,17,8,9,凱基-埔墘,2024-08-20,9288
3580,友威科,12,3,9,凱基-埔墘,2024-08-20,9288
8071,能率網通,9,0,9,凱基-埔墘,2024-08-20,9288
2501,國建,8,0,8,凱基-埔墘,2024-08-20,9288
3706,神達,9,1,8,凱基-埔墘,2024-08-20,9288
4401,東隆興,8,0,8,凱基-埔墘,2024-08-20,9288
6173,信昌電,8,0,8,凱基-埔墘,2024-08-20,9288
2330,台積電,7,0,7,凱基-埔墘,2024-08-20,9288
1795,美時,7,0,7,凱基-埔墘,2024-08-20,9288
2344,華邦電,13,6,7,凱基-埔墘,2024-08-20,9288
3663,鑫科,11,4,7,凱基-埔墘,2024-08-20,9288
2637,慧洋-KY,6,0,6,凱基-埔墘,2024-08-20,9288
00948B,中信優息投資級債,5,0,5,凱基-埔墘,2024-08-20,9288
2371,大同,6,1,5,凱基-埔墘,2024-08-20,9288
2540,愛山林,6,1,5,凱基-埔墘,2024-08-20,9288
2867,三商壽,5,0,5,凱基-埔墘,2024-08-20,9288
2885,元大金,5,0,5,凱基-埔墘,2024-08-20,9288
4707,磐亞,5,0,5,凱基-埔墘,2024-08-20,9288
6290,良維,5,0,5,凱基-埔墘,2024-08-20,9288
2368,金像電,5,0,5,凱基-埔墘,2024-08-20,9288
00642U,期元大S＆P石油,4,0,4,凱基-埔墘,2024-08-20,9288
4561,健椿,4,0,4,凱基-埔墘,2024-08-20,9288
2630,亞航,4,0,4,凱基-埔墘,2024-08-20,9288
3704,合勤控,4,0,4,凱基-埔墘,2024-08-20,9288
4174,浩鼎,11,7,4,凱基-埔墘,2024-08-20,9288
4562,穎漢,7,3,4,凱基-埔墘,2024-08-20,9288
8271,宇瞻,4,0,4,凱基-埔墘,2024-08-20,9288
2891,中信金,3,0,3,凱基-埔墘,2024-08-20,9288
00715L,期街口布蘭特正2,573,40,533,凱基-埔墘,2024-08-21,9288
00632R,元大台灣50反1,100,0,100,凱基-埔墘,2024-08-21,9288
5263,智崴,66,0,66,凱基-埔墘,2024-08-21,9288
2891,中信金,44,2,42,凱基-埔墘,2024-08-21,9288
2609,陽明,29,0,29,凱基-埔墘,2024-08-21,9288
2371,大同,20,0,20,凱基-埔墘,2024-08-21,9288
2890,永豐金,20,0,20,凱基-埔墘,2024-08-21,9288
8039,台虹,20,0,20,凱基-埔墘,2024-08-21,9288
00907,永豐優息存股,18,0,18,凱基-埔墘,2024-08-21,9288
4766,南寶,18,0,18,凱基-埔墘,2024-08-21,9288
00919,群益台灣精選高息,16,0,16,凱基-埔墘,2024-08-21,9288
00795B,中信美國公債20年,16,0,16,凱基-埔墘,2024-08-21,9288
1785,光洋科,28,13,15,凱基-埔墘,2024-08-21,9288
2344,華邦電,14,0,14,凱基-埔墘,2024-08-21,9288
00918,大華優利高填息30,12,0,12,凱基-埔墘,2024-08-21,9288
00679B,元大美債20年,10,0,10,凱基-埔墘,2024-08-21,9288
3607,谷崧,10,0,10,凱基-埔墘,2024-08-21,9288
2537,聯上發,9,0,9,凱基-埔墘,2024-08-21,9288
3712,永崴投控,14,6,8,凱基-埔墘,2024-08-21,9288
6805,富世達,8,1,7,凱基-埔墘,2024-08-21,9288
5371,中光電,6,0,6,凱基-埔墘,2024-08-21,9288
3376,新日興,6,0,6,凱基-埔墘,2024-08-21,9288
3680,家登,6,0,6,凱基-埔墘,2024-08-21,9288
00878,國泰永續高股息,10,5,5,凱基-埔墘,2024-08-21,9288
00923,群益台ESG低碳50,5,0,5,凱基-埔墘,2024-08-21,9288
1471,首利,5,0,5,凱基-埔墘,2024-08-21,9288
1513,中興電,8,3,5,凱基-埔墘,2024-08-21,9288
2409,友達,6,1,5,凱基-埔墘,2024-08-21,9288
4526,東台,5,0,5,凱基-埔墘,2024-08-21,9288
4540,全球傳動,7,2,5,凱基-埔墘,2024-08-21,9288
4906,正文,10,5,5,凱基-埔墘,2024-08-21,9288
4927,泰鼎-KY,5,0,5,凱基-埔墘,2024-08-21,9288
6139,亞翔,10,5,5,凱基-埔墘,2024-08-21,9288
6570,維田,6,1,5,凱基-埔墘,2024-08-21,9288
8043,蜜望實,8,3,5,凱基-埔墘,2024-08-21,9288
2317,鴻海,10,6,4,凱基-埔墘,2024-08-21,9288
00929,復華台灣科技優息,15,11,4,凱基-埔墘,2024-08-21,9288
1305,華夏,4,0,4,凱基-埔墘,2024-08-21,9288
2312,金寶,16,12,4,凱基-埔墘,2024-08-21,9288
2540,愛山林,4,0,4,凱基-埔墘,2024-08-21,9288
3005,神基,5,1,4,凱基-埔墘,2024-08-21,9288
5905,南仁湖,16,12,4,凱基-埔墘,2024-08-21,9288
6165,浪凡,4,0,4,凱基-埔墘,2024-08-21,9288
4958,臻鼎-KY,3,0,3,凱基-埔墘,2024-08-21,9288
6244,茂迪,6,3,3,凱基-埔墘,2024-08-21,9288
1101,台泥,3,0,3,凱基-埔墘,2024-08-21,9288
1795,美時,3,0,3,凱基-埔墘,2024-08-21,9288
2356,英業達,15,12,3,凱基-埔墘,2024-08-21,9288
3363,上詮,4,1,3,凱基-埔墘,2024-08-21,9288
4109,加捷生醫,3,0,3,凱基-埔墘,2024-08-21,9288
9907,統一實,144,0,144,凱基-埔墘,2024-08-22,9288
1709,和益,60,0,60,凱基-埔墘,2024-08-22,9288
2409,友達,62,6,56,凱基-埔墘,2024-08-22,9288
00907,永豐優息存股,50,0,50,凱基-埔墘,2024-08-22,9288
00715L,期街口布蘭特正2,37,0,37,凱基-埔墘,2024-08-22,9288
1584,精剛,30,8,22,凱基-埔墘,2024-08-22,9288
5309,系統電,30,8,22,凱基-埔墘,2024-08-22,9288
2834,臺企銀,21,0,21,凱基-埔墘,2024-08-22,9288
00919,群益台灣精選高息,16,0,16,凱基-埔墘,2024-08-22,9288
2340,台亞,16,1,15,凱基-埔墘,2024-08-22,9288
5905,南仁湖,23,9,14,凱基-埔墘,2024-08-22,9288
8039,台虹,15,2,13,凱基-埔墘,2024-08-22,9288
3450,聯鈞,12,0,12,凱基-埔墘,2024-08-22,9288
00795B,中信美國公債20年,11,0,11,凱基-埔墘,2024-08-22,9288
1617,榮星,11,0,11,凱基-埔墘,2024-08-22,9288
2371,大同,11,0,11,凱基-埔墘,2024-08-22,9288
1301,台塑,10,0,10,凱基-埔墘,2024-08-22,9288
00937B,群益ESG投等債20,30,20,10,凱基-埔墘,2024-08-22,9288
00679B,元大美債20年,10,0,10,凱基-埔墘,2024-08-22,9288
2883,凱基金,10,0,10,凱基-埔墘,2024-08-22,9288
4766,南寶,10,0,10,凱基-埔墘,2024-08-22,9288
00929,復華台灣科技優息,8,0,8,凱基-埔墘,2024-08-22,9288
1799,易威,8,0,8,凱基-埔墘,2024-08-22,9288
2351,順德,10,2,8,凱基-埔墘,2024-08-22,9288
3047,訊舟,10,2,8,凱基-埔墘,2024-08-22,9288
6449,鈺邦,7,0,7,凱基-埔墘,2024-08-22,9288
2401,凌陽,7,0,7,凱基-埔墘,2024-08-22,9288
1514,亞力,21,15,6,凱基-埔墘,2024-08-22,9288
1504,東元,6,0,6,凱基-埔墘,2024-08-22,9288
1717,長興,6,0,6,凱基-埔墘,2024-08-22,9288
2023,燁輝,6,0,6,凱基-埔墘,2024-08-22,9288
2347,聯強,8,2,6,凱基-埔墘,2024-08-22,9288
2537,聯上發,7,1,6,凱基-埔墘,2024-08-22,9288
2630,亞航,6,0,6,凱基-埔墘,2024-08-22,9288
2885,元大金,6,0,6,凱基-埔墘,2024-08-22,9288
2890,永豐金,6,0,6,凱基-埔墘,2024-08-22,9288
3171,炎洲流通,6,0,6,凱基-埔墘,2024-08-22,9288
6126,信音,6,0,6,凱基-埔墘,2024-08-22,9288
8054,安國,6,0,6,凱基-埔墘,2024-08-22,9288
2891,中信金,5,0,5,凱基-埔墘,2024-08-22,9288
5443,均豪,11,6,5,凱基-埔墘,2024-08-22,9288
2349,錸德,31,26,5,凱基-埔墘,2024-08-22,9288
2615,萬海,6,1,5,凱基-埔墘,2024-08-22,9288
1471,首利,5,0,5,凱基-埔墘,2024-08-22,9288
00953B,群益優選非投等債,5,0,5,凱基-埔墘,2024-08-22,9288
00753L,中信中國50正2,5,0,5,凱基-埔墘,2024-08-22,9288
2905,三商,5,0,5,凱基-埔墘,2024-08-22,9288
3033,威健,5,0,5,凱基-埔墘,2024-08-22,9288
4164,承業醫,5,0,5,凱基-埔墘,2024-08-22,9288
4555,氣立,5,0,5,凱基-埔墘,2024-08-22,9288
2888,新光金,1237,294,943,凱基-埔墘,2024-08-23,9288
00687B,國泰20年美債,67,1,66,凱基-埔墘,2024-08-23,9288
8043,蜜望實,32,5,27,凱基-埔墘,2024-08-23,9288
2351,順德,26,0,26,凱基-埔墘,2024-08-23,9288
3047,訊舟,25,3,22,凱基-埔墘,2024-08-23,9288
00679B,元大美債20年,20,0,20,凱基-埔墘,2024-08-23,9288
00632R,元大台灣50反1,20,0,20,凱基-埔墘,2024-08-23,9288
2881,富邦金,24,4,20,凱基-埔墘,2024-08-23,9288
2023,燁輝,19,0,19,凱基-埔墘,2024-08-23,9288
2892,第一金,18,0,18,凱基-埔墘,2024-08-23,9288
00919,群益台灣精選高息,17,0,17,凱基-埔墘,2024-08-23,9288
00878,國泰永續高股息,22,5,17,凱基-埔墘,2024-08-23,9288
00936,台新永續高息中小,16,0,16,凱基-埔墘,2024-08-23,9288
1609,大亞,16,1,15,凱基-埔墘,2024-08-23,9288
1314,中石化,14,0,14,凱基-埔墘,2024-08-23,9288
1584,精剛,14,0,14,凱基-埔墘,2024-08-23,9288
2834,臺企銀,13,0,13,凱基-埔墘,2024-08-23,9288
00680L,元大美債20正2,12,0,12,凱基-埔墘,2024-08-23,9288
5905,南仁湖,12,0,12,凱基-埔墘,2024-08-23,9288
4766,南寶,11,0,11,凱基-埔墘,2024-08-23,9288
2330,台積電,11,0,11,凱基-埔墘,2024-08-23,9288
00757,統一FANG+,10,0,10,凱基-埔墘,2024-08-23,9288
1709,和益,10,0,10,凱基-埔墘,2024-08-23,9288
2365,昆盈,10,0,10,凱基-埔墘,2024-08-23,9288
3032,偉訓,10,0,10,凱基-埔墘,2024-08-23,9288
5309,系統電,13,4,9,凱基-埔墘,2024-08-23,9288
6165,浪凡,9,0,9,凱基-埔墘,2024-08-23,9288
2891,中信金,10,1,9,凱基-埔墘,2024-08-23,9288
2344,華邦電,8,0,8,凱基-埔墘,2024-08-23,9288
00918,大華優利高填息30,10,2,8,凱基-埔墘,2024-08-23,9288
4979,華星光,9,2,7,凱基-埔墘,2024-08-23,9288
6244,茂迪,6,0,6,凱基-埔墘,2024-08-23,9288
1305,華夏,6,0,6,凱基-埔墘,2024-08-23,9288
1708,東鹼,8,2,6,凱基-埔墘,2024-08-23,9288
4716,大立,6,0,6,凱基-埔墘,2024-08-23,9288
6423,億而得-創,6,0,6,凱基-埔墘,2024-08-23,9288
00929,復華台灣科技優息,20,15,5,凱基-埔墘,2024-08-23,9288
8085,福華,6,1,5,凱基-埔墘,2024-08-23,9288
00951,台新日本半導體,5,0,5,凱基-埔墘,2024-08-23,9288
00675L,富邦臺灣加權正2,5,0,5,凱基-埔墘,2024-08-23,9288
1718,中纖,5,0,5,凱基-埔墘,2024-08-23,9288
2486,一詮,5,0,5,凱基-埔墘,2024-08-23,9288
2596,綠意,9,4,5,凱基-埔墘,2024-08-23,9288
3645,達邁,5,0,5,凱基-埔墘,2024-08-23,9288
4729,熒茂,16,11,5,凱基-埔墘,2024-08-23,9288
8917,欣泰,5,0,5,凱基-埔墘,2024-08-23,9288
00795B,中信美國公債20年,5,1,4,凱基-埔墘,2024-08-23,9288
2548,華固,4,0,4,凱基-埔墘,2024-08-23,9288
2887,台新金,7,3,4,凱基-埔墘,2024-08-23,9288
3189,景碩,8,4,4,凱基-埔墘,2024-08-23,9288
8150,南茂,50,0,50,凱基-埔墘,2024-08-26,9288
00919,群益台灣精選高息,49,0,49,凱基-埔墘,2024-08-26,9288
1711,永光,36,0,36,凱基-埔墘,2024-08-26,9288
00937B,群益ESG投等債20,32,0,32,凱基-埔墘,2024-08-26,9288
5905,南仁湖,32,0,32,凱基-埔墘,2024-08-26,9288
6438,迅得,28,1,27,凱基-埔墘,2024-08-26,9288
2402,毅嘉,26,4,22,凱基-埔墘,2024-08-26,9288
6134,萬旭,21,0,21,凱基-埔墘,2024-08-26,9288
00680L,元大美債20正2,21,0,21,凱基-埔墘,2024-08-26,9288
4576,大銀微系統,19,0,19,凱基-埔墘,2024-08-26,9288
2617,台航,15,0,15,凱基-埔墘,2024-08-26,9288
3450,聯鈞,14,1,13,凱基-埔墘,2024-08-26,9288
00720B,元大投資級公司債,12,0,12,凱基-埔墘,2024-08-26,9288
2409,友達,19,7,12,凱基-埔墘,2024-08-26,9288
2365,昆盈,11,0,11,凱基-埔墘,2024-08-26,9288
3033,威健,61,50,11,凱基-埔墘,2024-08-26,9288
2888,新光金,264,253,11,凱基-埔墘,2024-08-26,9288
2105,正新,10,0,10,凱基-埔墘,2024-08-26,9288
2340,台亞,12,2,10,凱基-埔墘,2024-08-26,9288
8070,長華*,15,5,10,凱基-埔墘,2024-08-26,9288
00637L,元大滬深300正2,9,0,9,凱基-埔墘,2024-08-26,9288
2467,志聖,22,14,8,凱基-埔墘,2024-08-26,9288
4540,全球傳動,8,0,8,凱基-埔墘,2024-08-26,9288
8039,台虹,10,2,8,凱基-埔墘,2024-08-26,9288
00679B,元大美債20年,7,0,7,凱基-埔墘,2024-08-26,9288
6165,浪凡,6,0,6,凱基-埔墘,2024-08-26,9288
8104,錸寶,6,0,6,凱基-埔墘,2024-08-26,9288
2002,中鋼,6,0,6,凱基-埔墘,2024-08-26,9288
00893,國泰智能電動車,5,0,5,凱基-埔墘,2024-08-26,9288
2206,三陽工業,5,0,5,凱基-埔墘,2024-08-26,9288
2449,京元電子,8,3,5,凱基-埔墘,2024-08-26,9288
2453,凌群,5,0,5,凱基-埔墘,2024-08-26,9288
3686,達能,5,0,5,凱基-埔墘,2024-08-26,9288
4562,穎漢,5,0,5,凱基-埔墘,2024-08-26,9288
4927,泰鼎-KY,10,5,5,凱基-埔墘,2024-08-26,9288
5443,均豪,25,20,5,凱基-埔墘,2024-08-26,9288
3712,永崴投控,4,0,4,凱基-埔墘,2024-08-26,9288
00673R,期元大S＆P原油反1,4,0,4,凱基-埔墘,2024-08-26,9288
2406,國碩,4,0,4,凱基-埔墘,2024-08-26,9288
2427,三商電,4,0,4,凱基-埔墘,2024-08-26,9288
8028,昇陽半導體,14,10,4,凱基-埔墘,2024-08-26,9288
2376,技嘉,4,1,3,凱基-埔墘,2024-08-26,9288
2388,威盛,7,4,3,凱基-埔墘,2024-08-26,9288
1513,中興電,3,0,3,凱基-埔墘,2024-08-26,9288
00895,富邦未來車,5,2,3,凱基-埔墘,2024-08-26,9288
1783,和康生,3,0,3,凱基-埔墘,2024-08-26,9288
2331,精英,3,0,3,凱基-埔墘,2024-08-26,9288
2884,玉山金,5,2,3,凱基-埔墘,2024-08-26,9288
3013,晟銘電,6,3,3,凱基-埔墘,2024-08-26,9288
5263,智崴,3,0,3,凱基-埔墘,2024-08-26,9288
00687B,國泰20年美債,99,6,93,凱基-埔墘,2024-08-27,9288
00680L,元大美債20正2,57,0,57,凱基-埔墘,2024-08-27,9288
2888,新光金,128,76,52,凱基-埔墘,2024-08-27,9288
2845,遠東銀,51,0,51,凱基-埔墘,2024-08-27,9288
00929,復華台灣科技優息,30,2,28,凱基-埔墘,2024-08-27,9288
2402,毅嘉,33,8,25,凱基-埔墘,2024-08-27,9288
00679B,元大美債20年,22,0,22,凱基-埔墘,2024-08-27,9288
2392,正崴,20,0,20,凱基-埔墘,2024-08-27,9288
8104,錸寶,18,0,18,凱基-埔墘,2024-08-27,9288
2467,志聖,17,1,16,凱基-埔墘,2024-08-27,9288
6143,振曜,16,1,15,凱基-埔墘,2024-08-27,9288
2101,南港,15,1,14,凱基-埔墘,2024-08-27,9288
2637,慧洋-KY,14,1,13,凱基-埔墘,2024-08-27,9288
2317,鴻海,15,3,12,凱基-埔墘,2024-08-27,9288
2834,臺企銀,12,0,12,凱基-埔墘,2024-08-27,9288
8021,尖點,12,0,12,凱基-埔墘,2024-08-27,9288
00937B,群益ESG投等債20,11,0,11,凱基-埔墘,2024-08-27,9288
1314,中石化,10,0,10,凱基-埔墘,2024-08-27,9288
00945B,凱基美國非投等債,10,0,10,凱基-埔墘,2024-08-27,9288
00688L,國泰20年美債正2,10,0,10,凱基-埔墘,2024-08-27,9288
00675L,富邦臺灣加權正2,10,0,10,凱基-埔墘,2024-08-27,9288
3032,偉訓,11,1,10,凱基-埔墘,2024-08-27,9288
3231,緯創,10,0,10,凱基-埔墘,2024-08-27,9288
6016,康和證,10,0,10,凱基-埔墘,2024-08-27,9288
6405,悅城,10,0,10,凱基-埔墘,2024-08-27,9288
4967,十銓,13,4,9,凱基-埔墘,2024-08-27,9288
00919,群益台灣精選高息,9,0,9,凱基-埔墘,2024-08-27,9288
6449,鈺邦,8,0,8,凱基-埔墘,2024-08-27,9288
8222,寶一,8,0,8,凱基-埔墘,2024-08-27,9288
2887,台新金,8,1,7,凱基-埔墘,2024-08-27,9288
2351,順德,8,1,7,凱基-埔墘,2024-08-27,9288
6715,嘉基,7,0,7,凱基-埔墘,2024-08-27,9288
2891,中信金,7,1,6,凱基-埔墘,2024-08-27,9288
2615,萬海,6,0,6,凱基-埔墘,2024-08-27,9288
1597,直得,7,1,6,凱基-埔墘,2024-08-27,9288
2543,皇昌,7,1,6,凱基-埔墘,2024-08-27,9288
3033,威健,86,80,6,凱基-埔墘,2024-08-27,9288
6743,安普新,7,1,6,凱基-埔墘,2024-08-27,9288
00878,國泰永續高股息,6,0,6,凱基-埔墘,2024-08-27,9288
00751B,元大AAA至A公司債,5,0,5,凱基-埔墘,2024-08-27,9288
1438,三地開發,5,0,5,凱基-埔墘,2024-08-27,9288
2023,燁輝,5,0,5,凱基-埔墘,2024-08-27,9288
2331,精英,5,0,5,凱基-埔墘,2024-08-27,9288
2357,華碩,8,3,5,凱基-埔墘,2024-08-27,9288
3260,威剛,7,2,5,凱基-埔墘,2024-08-27,9288
6165,浪凡,5,0,5,凱基-埔墘,2024-08-27,9288
2356,英業達,4,0,4,凱基-埔墘,2024-08-27,9288
8096,擎亞,7,3,4,凱基-埔墘,2024-08-27,9288
2542,興富發,4,0,4,凱基-埔墘,2024-08-27,9288
3149,正達,7,3,4,凱基-埔墘,2024-08-27,9288
9907,統一實,102,2,100,凱基-埔墘,2024-08-28,9288
00687B,國泰20年美債,96,0,96,凱基-埔墘,2024-08-28,9288
8021,尖點,55,0,55,凱基-埔墘,2024-08-28,9288
5263,智崴,50,3,47,凱基-埔墘,2024-08-28,9288
3481,群創,55,18,37,凱基-埔墘,2024-08-28,9288
00948B,中信優息投資級債,30,0,30,凱基-埔墘,2024-08-28,9288
1586,和勤,30,0,30,凱基-埔墘,2024-08-28,9288
5905,南仁湖,26,0,26,凱基-埔墘,2024-08-28,9288
00937B,群益ESG投等債20,20,0,20,凱基-埔墘,2024-08-28,9288
2027,大成鋼,20,0,20,凱基-埔墘,2024-08-28,9288
2834,臺企銀,20,0,20,凱基-埔墘,2024-08-28,9288
8996,高力,20,0,20,凱基-埔墘,2024-08-28,9288
2367,燿華,34,15,19,凱基-埔墘,2024-08-28,9288
3665,貿聯-KY,19,0,19,凱基-埔墘,2024-08-28,9288
6207,雷科,20,1,19,凱基-埔墘,2024-08-28,9288
00882,中信中國高股息,22,5,17,凱基-埔墘,2024-08-28,9288
00679B,元大美債20年,16,0,16,凱基-埔墘,2024-08-28,9288
2867,三商壽,15,0,15,凱基-埔墘,2024-08-28,9288
3164,景岳,15,0,15,凱基-埔墘,2024-08-28,9288
3443,創意,15,0,15,凱基-埔墘,2024-08-28,9288
8039,台虹,14,1,13,凱基-埔墘,2024-08-28,9288
4513,福裕,12,0,12,凱基-埔墘,2024-08-28,9288
3047,訊舟,15,3,12,凱基-埔墘,2024-08-28,9288
6449,鈺邦,12,0,12,凱基-埔墘,2024-08-28,9288
6770,力積電,11,0,11,凱基-埔墘,2024-08-28,9288
2419,仲琦,10,0,10,凱基-埔墘,2024-08-28,9288
2520,冠德,11,1,10,凱基-埔墘,2024-08-28,9288
8105,凌巨,12,2,10,凱基-埔墘,2024-08-28,9288
00929,復華台灣科技優息,12,3,9,凱基-埔墘,2024-08-28,9288
4303,信立,17,8,9,凱基-埔墘,2024-08-28,9288
2888,新光金,19,10,9,凱基-埔墘,2024-08-28,9288
00885,富邦越南,10,2,8,凱基-埔墘,2024-08-28,9288
6285,啟��,8,0,8,凱基-埔墘,2024-08-28,9288
2330,台積電,11,4,7,凱基-埔墘,2024-08-28,9288
3715,定穎投控,10,3,7,凱基-埔墘,2024-08-28,9288
4714,永捷,10,3,7,凱基-埔墘,2024-08-28,9288
2365,昆盈,6,0,6,凱基-埔墘,2024-08-28,9288
2377,微星,7,1,6,凱基-埔墘,2024-08-28,9288
2498,宏達電,5,0,5,凱基-埔墘,2024-08-28,9288
3037,欣興,5,0,5,凱基-埔墘,2024-08-28,9288
00959B,大華投等美債15Y+,5,0,5,凱基-埔墘,2024-08-28,9288
00764B,群益25年美債,5,0,5,凱基-埔墘,2024-08-28,9288
00753L,中信中國50正2,5,0,5,凱基-埔墘,2024-08-28,9288
00919,群益台灣精選高息,5,0,5,凱基-埔墘,2024-08-28,9288
1785,光洋科,5,0,5,凱基-埔墘,2024-08-28,9288
2023,燁輝,5,0,5,凱基-埔墘,2024-08-28,9288
3217,優群,5,0,5,凱基-埔墘,2024-08-28,9288
4174,浩鼎,8,3,5,凱基-埔墘,2024-08-28,9288
4760,勤凱,5,0,5,凱基-埔墘,2024-08-28,9288
6016,康和證,5,0,5,凱基-埔墘,2024-08-28,9288
00632R,元大台灣50反1,130,0,130,凱基-埔墘,2024-08-29,9288
00687B,國泰20年美債,83,6,77,凱基-埔墘,2024-08-29,9288
00937B,群益ESG投等債20,65,0,65,凱基-埔墘,2024-08-29,9288
8076,伍豐,57,0,57,凱基-埔墘,2024-08-29,9288
2891,中信金,55,0,55,凱基-埔墘,2024-08-29,9288
00948B,中信優息投資級債,42,0,42,凱基-埔墘,2024-08-29,9288
2367,燿華,68,26,42,凱基-埔墘,2024-08-29,9288
00932,兆豐永續高息等權,40,0,40,凱基-埔墘,2024-08-29,9288
3481,群創,55,15,40,凱基-埔墘,2024-08-29,9288
00679B,元大美債20年,36,0,36,凱基-埔墘,2024-08-29,9288
3033,威健,24,0,24,凱基-埔墘,2024-08-29,9288
2834,臺企銀,20,0,20,凱基-埔墘,2024-08-29,9288
00637L,元大滬深300正2,19,0,19,凱基-埔墘,2024-08-29,9288
5443,均豪,182,164,18,凱基-埔墘,2024-08-29,9288
00795B,中信美國公債20年,21,5,16,凱基-埔墘,2024-08-29,9288
3047,訊舟,16,1,15,凱基-埔墘,2024-08-29,9288
3673,TPK-KY,15,0,15,凱基-埔墘,2024-08-29,9288
6274,台燿,15,0,15,凱基-埔墘,2024-08-29,9288
3062,建漢,14,0,14,凱基-埔墘,2024-08-29,9288
6770,力積電,14,0,14,凱基-埔墘,2024-08-29,9288
00929,復華台灣科技優息,14,0,14,凱基-埔墘,2024-08-29,9288
00680L,元大美債20正2,12,0,12,凱基-埔墘,2024-08-29,9288
00715L,期街口布蘭特正2,12,0,12,凱基-埔墘,2024-08-29,9288
00751B,元大AAA至A公司債,11,0,11,凱基-埔墘,2024-08-29,9288
00953B,群益優選非投等債,10,0,10,凱基-埔墘,2024-08-29,9288
00688L,國泰20年美債正2,10,0,10,凱基-埔墘,2024-08-29,9288
1314,中石化,10,0,10,凱基-埔墘,2024-08-29,9288
2344,華邦電,10,0,10,凱基-埔墘,2024-08-29,9288
3003,健和興,12,2,10,凱基-埔墘,2024-08-29,9288
4510,高鋒,21,11,10,凱基-埔墘,2024-08-29,9288
1711,永光,13,5,8,凱基-埔墘,2024-08-29,9288
3289,宜特,8,0,8,凱基-埔墘,2024-08-29,9288
3689,湧德,15,7,8,凱基-埔墘,2024-08-29,9288
6603,富強鑫,7,0,7,凱基-埔墘,2024-08-29,9288
3498,陽程,6,0,6,凱基-埔墘,2024-08-29,9288
00893,國泰智能電動車,6,0,6,凱基-埔墘,2024-08-29,9288
00830,國泰費城半導體,6,0,6,凱基-埔墘,2024-08-29,9288
1586,和勤,6,0,6,凱基-埔墘,2024-08-29,9288
2317,鴻海,12,6,6,凱基-埔墘,2024-08-29,9288
2353,宏��,6,0,6,凱基-埔墘,2024-08-29,9288
3550,聯穎,13,7,6,凱基-埔墘,2024-08-29,9288
6213,聯茂,7,1,6,凱基-埔墘,2024-08-29,9288
2383,台光電,5,0,5,凱基-埔墘,2024-08-29,9288
8383,千附,5,0,5,凱基-埔墘,2024-08-29,9288
00956,中信日經高股息,5,0,5,凱基-埔墘,2024-08-29,9288
00933B,國泰10Y+金融債,5,0,5,凱基-埔墘,2024-08-29,9288
00724B,群益投資級金融債,5,0,5,凱基-埔墘,2024-08-29,9288
00722B,群益投資級電信債,5,0,5,凱基-埔墘,2024-08-29,9288
00696B,富邦美債20年,5,0,5,凱基-埔墘,2024-08-29,9288
00675L,富邦臺灣加權正2,5,0,5,凱基-埔墘,2024-08-29,9288
2511,太子,120,0,120,凱基-埔墘,2024-08-30,9288
4720,德淵,71,0,71,凱基-埔墘,2024-08-30,9288
1314,中石化,63,0,63,凱基-埔墘,2024-08-30,9288
00680L,元大美債20正2,46,0,46,凱基-埔墘,2024-08-30,9288
1709,和益,44,0,44,凱基-埔墘,2024-08-30,9288
4526,東台,58,18,40,凱基-埔墘,2024-08-30,9288
00937B,群益ESG投等債20,28,0,28,凱基-埔墘,2024-08-30,9288
00919,群益台灣精選高息,30,3,27,凱基-埔墘,2024-08-30,9288
2542,興富發,33,7,26,凱基-埔墘,2024-08-30,9288
00946,群益科技高息成長,25,0,25,凱基-埔墘,2024-08-30,9288
6213,聯茂,31,9,22,凱基-埔墘,2024-08-30,9288
2461,光群雷,20,0,20,凱基-埔墘,2024-08-30,9288
2301,光寶科,20,0,20,凱基-埔墘,2024-08-30,9288
00679B,元大美債20年,19,0,19,凱基-埔墘,2024-08-30,9288
8076,伍豐,19,0,19,凱基-埔墘,2024-08-30,9288
2313,華通,27,9,18,凱基-埔墘,2024-08-30,9288
6706,惠特,18,0,18,凱基-埔墘,2024-08-30,9288
2605,新興,17,0,17,凱基-埔墘,2024-08-30,9288
5263,智崴,16,0,16,凱基-埔墘,2024-08-30,9288
00929,復華台灣科技優息,16,1,15,凱基-埔墘,2024-08-30,9288
4927,泰鼎-KY,15,0,15,凱基-埔墘,2024-08-30,9288
3374,精材,19,5,14,凱基-埔墘,2024-08-30,9288
3037,欣興,15,2,13,凱基-埔墘,2024-08-30,9288
00959B,大華投等美債15Y+,10,0,10,凱基-埔墘,2024-08-30,9288
00907,永豐優息存股,10,0,10,凱基-埔墘,2024-08-30,9288
1337,再生-KY,10,0,10,凱基-埔墘,2024-08-30,9288
2476,鉅祥,9,0,9,凱基-埔墘,2024-08-30,9288
3303,岱稜,12,4,8,凱基-埔墘,2024-08-30,9288
3645,達邁,8,0,8,凱基-埔墘,2024-08-30,9288
2439,美律,7,0,7,凱基-埔墘,2024-08-30,9288
8064,東捷,7,0,7,凱基-埔墘,2024-08-30,9288
3447,展達,6,0,6,凱基-埔墘,2024-08-30,9288
2425,承啟,5,0,5,凱基-埔墘,2024-08-30,9288
1609,大亞,8,3,5,凱基-埔墘,2024-08-30,9288
3019,亞光,9,4,5,凱基-埔墘,2024-08-30,9288
3163,波若威,8,3,5,凱基-埔墘,2024-08-30,9288
3481,群創,11,6,5,凱基-埔墘,2024-08-30,9288
4958,臻鼎-KY,7,2,5,凱基-埔墘,2024-08-30,9288
00915,凱基優選高股息30,5,0,5,凱基-埔墘,2024-08-30,9288
00751B,元大AAA至A公司債,4,0,4,凱基-埔墘,2024-08-30,9288
00722B,群益投資級電信債,4,0,4,凱基-埔墘,2024-08-30,9288
2427,三商電,6,2,4,凱基-埔墘,2024-08-30,9288
3042,晶技,4,0,4,凱基-埔墘,2024-08-30,9288
4532,瑞智,4,0,4,凱基-埔墘,2024-08-30,9288
6683,雍智科技,5,1,4,凱基-埔墘,2024-08-30,9288
8033,雷虎,5,1,4,凱基-埔墘,2024-08-30,9288
8054,安國,4,0,4,凱基-埔墘,2024-08-30,9288
2348,海悅,3,0,3,凱基-埔墘,2024-08-30,9288
2406,國碩,7,4,3,凱基-埔墘,2024-08-30,9288
1301,台塑,3,0,3,凱基-埔墘,2024-08-30,9288
1709,和益,84,4,80,凱基-埔墘,2024-09-02,9288
00937B,群益ESG投等債20,56,0,56,凱基-埔墘,2024-09-02,9288
00715L,期街口布蘭特正2,52,0,52,凱基-埔墘,2024-09-02,9288
00891,中信關鍵半導體,30,1,29,凱基-埔墘,2024-09-02,9288
00915,凱基優選高股息30,28,1,27,凱基-埔墘,2024-09-02,9288
8043,蜜望實,28,3,25,凱基-埔墘,2024-09-02,9288
4927,泰鼎-KY,24,0,24,凱基-埔墘,2024-09-02,9288
00680L,元大美債20正2,23,0,23,凱基-埔墘,2024-09-02,9288
2349,錸德,47,25,22,凱基-埔墘,2024-09-02,9288
1101,台泥,22,1,21,凱基-埔墘,2024-09-02,9288
3673,TPK-KY,21,1,20,凱基-埔墘,2024-09-02,9288
2542,興富發,18,1,17,凱基-埔墘,2024-09-02,9288
00687B,國泰20年美債,17,0,17,凱基-埔墘,2024-09-02,9288
2408,南亞科,15,0,15,凱基-埔墘,2024-09-02,9288
3694,海華,15,0,15,凱基-埔墘,2024-09-02,9288
4174,浩鼎,15,2,13,凱基-埔墘,2024-09-02,9288
00637L,元大滬深300正2,12,0,12,凱基-埔墘,2024-09-02,9288
00650L,復華香港正2,12,0,12,凱基-埔墘,2024-09-02,9288
6706,惠特,18,6,12,凱基-埔墘,2024-09-02,9288
1326,台化,11,0,11,凱基-埔墘,2024-09-02,9288
2915,潤泰全,10,0,10,凱基-埔墘,2024-09-02,9288
2514,龍邦,10,0,10,凱基-埔墘,2024-09-02,9288
2867,三商壽,10,0,10,凱基-埔墘,2024-09-02,9288
2883,凱基金,10,0,10,凱基-埔墘,2024-09-02,9288
00675L,富邦臺灣加權正2,8,0,8,凱基-埔墘,2024-09-02,9288
6683,雍智科技,8,0,8,凱基-埔墘,2024-09-02,9288
2615,萬海,7,0,7,凱基-埔墘,2024-09-02,9288
1316,上曜,7,0,7,凱基-埔墘,2024-09-02,9288
2313,華通,8,1,7,凱基-埔墘,2024-09-02,9288
2382,廣達,6,0,6,凱基-埔墘,2024-09-02,9288
2405,輔信,6,0,6,凱基-埔墘,2024-09-02,9288
6257,矽格,7,1,6,凱基-埔墘,2024-09-02,9288
8070,長華*,7,1,6,凱基-埔墘,2024-09-02,9288
2498,宏達電,5,0,5,凱基-埔墘,2024-09-02,9288
8089,康全電訊,5,0,5,凱基-埔墘,2024-09-02,9288
00918,大華優利高填息30,6,1,5,凱基-埔墘,2024-09-02,9288
00945B,凱基美國非投等債,5,0,5,凱基-埔墘,2024-09-02,9288
1712,興農,5,0,5,凱基-埔墘,2024-09-02,9288
3037,欣興,5,0,5,凱基-埔墘,2024-09-02,9288
3339,泰谷,5,0,5,凱基-埔墘,2024-09-02,9288
3665,貿聯-KY,5,0,5,凱基-埔墘,2024-09-02,9288
4726,永昕,5,0,5,凱基-埔墘,2024-09-02,9288
4958,臻鼎-KY,5,0,5,凱基-埔墘,2024-09-02,9288
6192,巨路,5,0,5,凱基-埔墘,2024-09-02,9288
2504,國產,5,1,4,凱基-埔墘,2024-09-02,9288
2359,所羅門,5,1,4,凱基-埔墘,2024-09-02,9288
5508,永信建,4,0,4,凱基-埔墘,2024-09-02,9288
2406,國碩,6,2,4,凱基-埔墘,2024-09-02,9288
3029,零壹,4,0,4,凱基-埔墘,2024-09-02,9288
3056,富華新,4,0,4,凱基-埔墘,2024-09-02,9288
2883,凱基金,100,0,100,凱基-埔墘,2024-09-03,9288
00919,群益台灣精選高息,68,4,64,凱基-埔墘,2024-09-03,9288
00918,大華優利高填息30,36,0,36,凱基-埔墘,2024-09-03,9288
1808,潤隆,31,0,31,凱基-埔墘,2024-09-03,9288
00937B,群益ESG投等債20,127,100,27,凱基-埔墘,2024-09-03,9288
4927,泰鼎-KY,21,0,21,凱基-埔墘,2024-09-03,9288
2399,映泰,20,0,20,凱基-埔墘,2024-09-03,9288
00637L,元大滬深300正2,20,0,20,凱基-埔墘,2024-09-03,9288
00857B,永豐20年美公債,20,0,20,凱基-埔墘,2024-09-03,9288
3032,偉訓,20,0,20,凱基-埔墘,2024-09-03,9288
8021,尖點,19,0,19,凱基-埔墘,2024-09-03,9288
00936,台新永續高息中小,21,4,17,凱基-埔墘,2024-09-03,9288
00929,復華台灣科技優息,36,21,15,凱基-埔墘,2024-09-03,9288
2408,南亞科,13,0,13,凱基-埔墘,2024-09-03,9288
2344,華邦電,22,10,12,凱基-埔墘,2024-09-03,9288
00679B,元大美債20年,13,1,12,凱基-埔墘,2024-09-03,9288
6770,力積電,11,0,11,凱基-埔墘,2024-09-03,9288
00948B,中信優息投資級債,10,0,10,凱基-埔墘,2024-09-03,9288
00891,中信關鍵半導體,10,0,10,凱基-埔墘,2024-09-03,9288
2520,冠德,11,1,10,凱基-埔墘,2024-09-03,9288
3706,神達,10,0,10,凱基-埔墘,2024-09-03,9288
00687B,國泰20年美債,9,0,9,凱基-埔墘,2024-09-03,9288
2002,中鋼,13,5,8,凱基-埔墘,2024-09-03,9288
3047,訊舟,20,12,8,凱基-埔墘,2024-09-03,9288
6706,惠特,12,4,8,凱基-埔墘,2024-09-03,9288
00675L,富邦臺灣加權正2,7,0,7,凱基-埔墘,2024-09-03,9288
2330,台積電,8,2,6,凱基-埔墘,2024-09-03,9288
00688L,國泰20年美債正2,6,0,6,凱基-埔墘,2024-09-03,9288
2419,仲琦,6,0,6,凱基-埔墘,2024-09-03,9288
8071,能率網通,11,5,6,凱基-埔墘,2024-09-03,9288
00893,國泰智能電動車,5,0,5,凱基-埔墘,2024-09-03,9288
00924,復華S＆P500成長,5,0,5,凱基-埔墘,2024-09-03,9288
1785,光洋科,5,0,5,凱基-埔墘,2024-09-03,9288
2486,一詮,18,13,5,凱基-埔墘,2024-09-03,9288
4726,永昕,5,0,5,凱基-埔墘,2024-09-03,9288
6269,台郡,6,1,5,凱基-埔墘,2024-09-03,9288
3231,緯創,4,0,4,凱基-埔墘,2024-09-03,9288
2354,鴻準,26,22,4,凱基-埔墘,2024-09-03,9288
1905,華紙,4,0,4,凱基-埔墘,2024-09-03,9288
4960,誠美材,4,0,4,凱基-埔墘,2024-09-03,9288
5905,南仁湖,4,0,4,凱基-埔墘,2024-09-03,9288
3450,聯鈞,8,5,3,凱基-埔墘,2024-09-03,9288
6244,茂迪,6,3,3,凱基-埔墘,2024-09-03,9288
00650L,復華香港正2,3,0,3,凱基-埔墘,2024-09-03,9288
00713,元大台灣高息低波,3,0,3,凱基-埔墘,2024-09-03,9288
00881,國泰台灣5G+,5,2,3,凱基-埔墘,2024-09-03,9288
1597,直得,3,0,3,凱基-埔墘,2024-09-03,9288
2385,群光,3,0,3,凱基-埔墘,2024-09-03,9288
2397,友通,3,0,3,凱基-埔墘,2024-09-03,9288
2405,輔信,3,0,3,凱基-埔墘,2024-09-03,9288
2888,新光金,243,20,223,凱基-埔墘,2024-09-04,9288
2883,凱基金,100,0,100,凱基-埔墘,2024-09-04,9288
00919,群益台灣精選高息,94,2,92,凱基-埔墘,2024-09-04,9288
00878,國泰永續高股息,82,0,82,凱基-埔墘,2024-09-04,9288
00929,復華台灣科技優息,78,9,69,凱基-埔墘,2024-09-04,9288
00918,大華優利高填息30,60,1,59,凱基-埔墘,2024-09-04,9288
00940,元大台灣價值高息,61,6,55,凱基-埔墘,2024-09-04,9288
0056,元大高股息,52,6,46,凱基-埔墘,2024-09-04,9288
1718,中纖,40,0,40,凱基-埔墘,2024-09-04,9288
6506,雙邦,40,0,40,凱基-埔墘,2024-09-04,9288
2891,中信金,33,0,33,凱基-埔墘,2024-09-04,9288
00947,台新臺灣IC設計,30,0,30,凱基-埔墘,2024-09-04,9288
00715L,期街口布蘭特正2,30,0,30,凱基-埔墘,2024-09-04,9288
00915,凱基優選高股息30,28,0,28,凱基-埔墘,2024-09-04,9288
00642U,期元大S＆P石油,22,0,22,凱基-埔墘,2024-09-04,9288
00933B,國泰10Y+金融債,28,6,22,凱基-埔墘,2024-09-04,9288
00891,中信關鍵半導體,21,0,21,凱基-埔墘,2024-09-04,9288
2845,遠東銀,21,0,21,凱基-埔墘,2024-09-04,9288
3032,偉訓,20,0,20,凱基-埔墘,2024-09-04,9288
2887,台新金,19,0,19,凱基-埔墘,2024-09-04,9288
1808,潤隆,18,0,18,凱基-埔墘,2024-09-04,9288
3481,群創,16,0,16,凱基-埔墘,2024-09-04,9288
00888,永豐台灣ESG,15,0,15,凱基-埔墘,2024-09-04,9288
2515,中工,15,0,15,凱基-埔墘,2024-09-04,9288
2867,三商壽,20,5,15,凱基-埔墘,2024-09-04,9288
0050,元大台灣50,14,1,13,凱基-埔墘,2024-09-04,9288
3231,緯創,14,2,12,凱基-埔墘,2024-09-04,9288
00675L,富邦臺灣加權正2,13,1,12,凱基-埔墘,2024-09-04,9288
00946,群益科技高息成長,15,3,12,凱基-埔墘,2024-09-04,9288
2367,燿華,21,9,12,凱基-埔墘,2024-09-04,9288
4303,信立,22,10,12,凱基-埔墘,2024-09-04,9288
2344,華邦電,21,10,11,凱基-埔墘,2024-09-04,9288
2880,華南金,11,0,11,凱基-埔墘,2024-09-04,9288
2330,台積電,15,5,10,凱基-埔墘,2024-09-04,9288
2801,彰銀,10,0,10,凱基-埔墘,2024-09-04,9288
00690,兆豐藍籌30,10,0,10,凱基-埔墘,2024-09-04,9288
00932,兆豐永續高息等權,10,0,10,凱基-埔墘,2024-09-04,9288
00945B,凱基美國非投等債,10,0,10,凱基-埔墘,2024-09-04,9288
2399,映泰,10,0,10,凱基-埔墘,2024-09-04,9288
2601,益航,10,0,10,凱基-埔墘,2024-09-04,9288
2890,永豐金,10,0,10,凱基-埔墘,2024-09-04,9288
4927,泰鼎-KY,10,0,10,凱基-埔墘,2024-09-04,9288
3037,欣興,14,4,10,凱基-埔墘,2024-09-04,9288
1709,和益,10,1,9,凱基-埔墘,2024-09-04,9288
1711,永光,10,1,9,凱基-埔墘,2024-09-04,9288
2618,長榮航,9,0,9,凱基-埔墘,2024-09-04,9288
2637,慧洋-KY,9,0,9,凱基-埔墘,2024-09-04,9288
1560,中砂,8,0,8,凱基-埔墘,2024-09-04,9288
8021,尖點,8,0,8,凱基-埔墘,2024-09-04,9288
00939,統一台灣高息動能,8,1,7,凱基-埔墘,2024-09-04,9288
00948B,中信優息投資級債,160,0,160,凱基-埔墘,2024-09-05,9288
00952,凱基台灣AI50,116,3,113,凱基-埔墘,2024-09-05,9288
00632R,元大台灣50反1,100,0,100,凱基-埔墘,2024-09-05,9288
00951,台新日本半導體,89,0,89,凱基-埔墘,2024-09-05,9288
00919,群益台灣精選高息,55,0,55,凱基-埔墘,2024-09-05,9288
00929,復華台灣科技優息,52,2,50,凱基-埔墘,2024-09-05,9288
00891,中信關鍵半導體,40,0,40,凱基-埔墘,2024-09-05,9288
2323,中環,32,0,32,凱基-埔墘,2024-09-05,9288
00715L,期街口布蘭特正2,24,0,24,凱基-埔墘,2024-09-05,9288
2867,三商壽,21,0,21,凱基-埔墘,2024-09-05,9288
00940,元大台灣價值高息,17,0,17,凱基-埔墘,2024-09-05,9288
3374,精材,16,3,13,凱基-埔墘,2024-09-05,9288
2408,南亞科,13,0,13,凱基-埔墘,2024-09-05,9288
00679B,元大美債20年,12,0,12,凱基-埔墘,2024-09-05,9288
2351,順德,12,0,12,凱基-埔墘,2024-09-05,9288
00857B,永豐20年美公債,11,0,11,凱基-埔墘,2024-09-05,9288
2371,大同,14,3,11,凱基-埔墘,2024-09-05,9288
3455,由田,11,0,11,凱基-埔墘,2024-09-05,9288
00795B,中信美國公債20年,11,1,10,凱基-埔墘,2024-09-05,9288
00930,永豐ESG低碳高息,10,0,10,凱基-埔墘,2024-09-05,9288
1808,潤隆,10,0,10,凱基-埔墘,2024-09-05,9288
1907,永豐餘,10,0,10,凱基-埔墘,2024-09-05,9288
5009,榮剛,10,0,10,凱基-埔墘,2024-09-05,9288
00946,群益科技高息成長,9,0,9,凱基-埔墘,2024-09-05,9288
00931B,統一美債20年,9,0,9,凱基-埔墘,2024-09-05,9288
00878,國泰永續高股息,15,8,7,凱基-埔墘,2024-09-05,9288
00687B,國泰20年美債,7,0,7,凱基-埔墘,2024-09-05,9288
3689,湧德,10,3,7,凱基-埔墘,2024-09-05,9288
6138,茂達,7,0,7,凱基-埔墘,2024-09-05,9288
2317,鴻海,11,4,7,凱基-埔墘,2024-09-05,9288
4174,浩鼎,6,0,6,凱基-埔墘,2024-09-05,9288
2027,大成鋼,6,0,6,凱基-埔墘,2024-09-05,9288
00941,中信上游半導體,6,0,6,凱基-埔墘,2024-09-05,9288
1785,光洋科,6,0,6,凱基-埔墘,2024-09-05,9288
6757,台灣虎航,6,0,6,凱基-埔墘,2024-09-05,9288
00924,復華S＆P500成長,5,0,5,凱基-埔墘,2024-09-05,9288
00893,國泰智能電動車,5,0,5,凱基-埔墘,2024-09-05,9288
1735,日勝化,11,6,5,凱基-埔墘,2024-09-05,9288
2497,怡利電,9,4,5,凱基-埔墘,2024-09-05,9288
3042,晶技,5,0,5,凱基-埔墘,2024-09-05,9288
3535,晶彩科,6,1,5,凱基-埔墘,2024-09-05,9288
4164,承業醫,5,0,5,凱基-埔墘,2024-09-05,9288
4927,泰鼎-KY,5,0,5,凱基-埔墘,2024-09-05,9288
5443,均豪,13,8,5,凱基-埔墘,2024-09-05,9288
6285,啟��,5,0,5,凱基-埔墘,2024-09-05,9288
8071,能率網通,5,0,5,凱基-埔墘,2024-09-05,9288
2313,華通,5,1,4,凱基-埔墘,2024-09-05,9288
2486,一詮,4,0,4,凱基-埔墘,2024-09-05,9288
2883,凱基金,11,7,4,凱基-埔墘,2024-09-05,9288
2236,百達-KY,3,0,3,凱基-埔墘,2024-09-05,9288
3437,榮創,98,7,91,凱基-埔墘,2024-09-06,9288
1709,和益,76,1,75,凱基-埔墘,2024-09-06,9288
00919,群益台灣精選高息,38,1,37,凱基-埔墘,2024-09-06,9288
00948B,中信優息投資級債,30,0,30,凱基-埔墘,2024-09-06,9288
1314,中石化,21,0,21,凱基-埔墘,2024-09-06,9288
00930,永豐ESG低碳高息,20,0,20,凱基-埔墘,2024-09-06,9288
5234,達興材料,21,2,19,凱基-埔墘,2024-09-06,9288
00933B,國泰10Y+金融債,20,1,19,凱基-埔墘,2024-09-06,9288
00952,凱基台灣AI50,12,0,12,凱基-埔墘,2024-09-06,9288
00929,復華台灣科技優息,12,0,12,凱基-埔墘,2024-09-06,9288
2464,盟立,12,1,11,凱基-埔墘,2024-09-06,9288
00680L,元大美債20正2,11,1,10,凱基-埔墘,2024-09-06,9288
00945B,凱基美國非投等債,10,0,10,凱基-埔墘,2024-09-06,9288
2845,遠東銀,10,0,10,凱基-埔墘,2024-09-06,9288
4123,晟德,10,0,10,凱基-埔墘,2024-09-06,9288
8996,高力,12,2,10,凱基-埔墘,2024-09-06,9288
2365,昆盈,8,0,8,凱基-埔墘,2024-09-06,9288
4526,東台,10,2,8,凱基-埔墘,2024-09-06,9288
00951,台新日本半導體,7,0,7,凱基-埔墘,2024-09-06,9288
00713,元大台灣高息低波,6,0,6,凱基-埔墘,2024-09-06,9288
00830,國泰費城半導體,5,0,5,凱基-埔墘,2024-09-06,9288
00715L,期街口布蘭特正2,5,0,5,凱基-埔墘,2024-09-06,9288
1569,濱川,5,0,5,凱基-埔墘,2024-09-06,9288
2891,中信金,5,0,5,凱基-埔墘,2024-09-06,9288
3303,岱稜,5,0,5,凱基-埔墘,2024-09-06,9288
4729,熒茂,5,0,5,凱基-埔墘,2024-09-06,9288
4927,泰鼎-KY,5,0,5,凱基-埔墘,2024-09-06,9288
5481,新華,5,0,5,凱基-埔墘,2024-09-06,9288
8096,擎亞,5,0,5,凱基-埔墘,2024-09-06,9288
3037,欣興,4,0,4,凱基-埔墘,2024-09-06,9288
1605,華新,4,0,4,凱基-埔墘,2024-09-06,9288
3665,貿聯-KY,4,0,4,凱基-埔墘,2024-09-06,9288
4979,華星光,4,0,4,凱基-埔墘,2024-09-06,9288
6151,晉倫,4,0,4,凱基-埔墘,2024-09-06,9288
8011,台通,3,0,3,凱基-埔墘,2024-09-06,9288
2388,威盛,3,0,3,凱基-埔墘,2024-09-06,9288
2408,南亞科,3,0,3,凱基-埔墘,2024-09-06,9288
1303,南亞,3,0,3,凱基-埔墘,2024-09-06,9288
00931B,統一美債20年,3,0,3,凱基-埔墘,2024-09-06,9288
00918,大華優利高填息30,3,0,3,凱基-埔墘,2024-09-06,9288
00675L,富邦臺灣加權正2,3,0,3,凱基-埔墘,2024-09-06,9288
00665L,富邦�琤肭磪囓�2,3,0,3,凱基-埔墘,2024-09-06,9288
2337,旺宏,3,0,3,凱基-埔墘,2024-09-06,9288
2338,光罩,3,0,3,凱基-埔墘,2024-09-06,9288
2359,所羅門,3,0,3,凱基-埔墘,2024-09-06,9288
2363,矽統,3,0,3,凱基-埔墘,2024-09-06,9288
2897,王道銀行,3,0,3,凱基-埔墘,2024-09-06,9288
3035,智原,3,0,3,凱基-埔墘,2024-09-06,9288
3058,立德,3,0,3,凱基-埔墘,2024-09-06,9288
3581,博磊,10,7,3,凱基-埔墘,2024-09-06,9288
00940,元大台灣價值高息,360,0,360,凱基-埔墘,2024-09-09,9288
1582,信錦,126,4,122,凱基-埔墘,2024-09-09,9288
3707,漢磊,73,0,73,凱基-埔墘,2024-09-09,9288
00919,群益台灣精選高息,66,0,66,凱基-埔墘,2024-09-09,9288
8076,伍豐,48,0,48,凱基-埔墘,2024-09-09,9288
8249,菱光,44,4,40,凱基-埔墘,2024-09-09,9288
00878,國泰永續高股息,33,0,33,凱基-埔墘,2024-09-09,9288
5234,達興材料,30,0,30,凱基-埔墘,2024-09-09,9288
00929,復華台灣科技優息,30,0,30,凱基-埔墘,2024-09-09,9288
00915,凱基優選高股息30,27,0,27,凱基-埔墘,2024-09-09,9288
00918,大華優利高填息30,26,0,26,凱基-埔墘,2024-09-09,9288
8043,蜜望實,25,0,25,凱基-埔墘,2024-09-09,9288
00687B,國泰20年美債,23,0,23,凱基-埔墘,2024-09-09,9288
3017,奇鋐,23,0,23,凱基-埔墘,2024-09-09,9288
2891,中信金,22,0,22,凱基-埔墘,2024-09-09,9288
3605,宏致,18,0,18,凱基-埔墘,2024-09-09,9288
2885,元大金,17,0,17,凱基-埔墘,2024-09-09,9288
2356,英業達,19,4,15,凱基-埔墘,2024-09-09,9288
00881,國泰台灣5G+,14,0,14,凱基-埔墘,2024-09-09,9288
2317,鴻海,13,0,13,凱基-埔墘,2024-09-09,9288
2881,富邦金,13,0,13,凱基-埔墘,2024-09-09,9288
2330,台積電,15,2,13,凱基-埔墘,2024-09-09,9288
00637L,元大滬深300正2,12,0,12,凱基-埔墘,2024-09-09,9288
6770,力積電,12,0,12,凱基-埔墘,2024-09-09,9288
5880,合庫金,11,0,11,凱基-埔墘,2024-09-09,9288
2887,台新金,11,0,11,凱基-埔墘,2024-09-09,9288
3715,定穎投控,12,1,11,凱基-埔墘,2024-09-09,9288
00948B,中信優息投資級債,10,0,10,凱基-埔墘,2024-09-09,9288
00951,台新日本半導體,10,0,10,凱基-埔墘,2024-09-09,9288
2880,華南金,10,0,10,凱基-埔墘,2024-09-09,9288
2897,王道銀行,10,0,10,凱基-埔墘,2024-09-09,9288
5521,工信,10,0,10,凱基-埔墘,2024-09-09,9288
2615,萬海,10,0,10,凱基-埔墘,2024-09-09,9288
1709,和益,27,18,9,凱基-埔墘,2024-09-09,9288
00642U,期元大S＆P石油,8,0,8,凱基-埔墘,2024-09-09,9288
00753L,中信中國50正2,8,0,8,凱基-埔墘,2024-09-09,9288
4174,浩鼎,10,2,8,凱基-埔墘,2024-09-09,9288
0056,元大高股息,9,1,8,凱基-埔墘,2024-09-09,9288
00715L,期街口布蘭特正2,7,0,7,凱基-埔墘,2024-09-09,9288
5230,雷笛克光學,7,0,7,凱基-埔墘,2024-09-09,9288
8917,欣泰,7,0,7,凱基-埔墘,2024-09-09,9288
6532,瑞耘,6,0,6,凱基-埔墘,2024-09-09,9288
00921,兆豐龍頭等權重,6,0,6,凱基-埔墘,2024-09-09,9288
00952,凱基台灣AI50,6,0,6,凱基-埔墘,2024-09-09,9288
3033,威健,6,0,6,凱基-埔墘,2024-09-09,9288
00923,群益台ESG低碳50,5,0,5,凱基-埔墘,2024-09-09,9288
2609,陽明,5,0,5,凱基-埔墘,2024-09-09,9288
6274,台燿,8,3,5,凱基-埔墘,2024-09-09,9288
00922,國泰台灣領袖50,5,0,5,凱基-埔墘,2024-09-09,9288
00932,兆豐永續高息等權,5,0,5,凱基-埔墘,2024-09-09,9288
6152,百一,100,0,100,凱基-埔墘,2024-09-10,9288
3360,尚立,50,0,50,凱基-埔墘,2024-09-10,9288
3707,漢磊,40,2,38,凱基-埔墘,2024-09-10,9288
00919,群益台灣精選高息,37,0,37,凱基-埔墘,2024-09-10,9288
4576,大銀微系統,35,2,33,凱基-埔墘,2024-09-10,9288
8076,伍豐,34,1,33,凱基-埔墘,2024-09-10,9288
00929,復華台灣科技優息,39,10,29,凱基-埔墘,2024-09-10,9288
2312,金寶,21,0,21,凱基-埔墘,2024-09-10,9288
00632R,元大台灣50反1,20,0,20,凱基-埔墘,2024-09-10,9288
3441,聯一光,20,0,20,凱基-埔墘,2024-09-10,9288
2609,陽明,21,1,20,凱基-埔墘,2024-09-10,9288
2344,華邦電,17,2,15,凱基-埔墘,2024-09-10,9288
2367,燿華,13,0,13,凱基-埔墘,2024-09-10,9288
2408,南亞科,12,0,12,凱基-埔墘,2024-09-10,9288
5347,世界,11,0,11,凱基-埔墘,2024-09-10,9288
2382,廣達,11,0,11,凱基-埔墘,2024-09-10,9288
0056,元大高股息,11,0,11,凱基-埔墘,2024-09-10,9288
3689,湧德,11,1,10,凱基-埔墘,2024-09-10,9288
5481,新華,10,0,10,凱基-埔墘,2024-09-10,9288
00952,凱基台灣AI50,9,0,9,凱基-埔墘,2024-09-10,9288
4566,時碩工業,15,6,9,凱基-埔墘,2024-09-10,9288
00915,凱基優選高股息30,8,0,8,凱基-埔墘,2024-09-10,9288
00675L,富邦臺灣加權正2,7,0,7,凱基-埔墘,2024-09-10,9288
00907,永豐優息存股,6,0,6,凱基-埔墘,2024-09-10,9288
00918,大華優利高填息30,7,1,6,凱基-埔墘,2024-09-10,9288
1605,華新,6,0,6,凱基-埔墘,2024-09-10,9288
4956,光鋐,6,0,6,凱基-埔墘,2024-09-10,9288
6151,晉倫,10,4,6,凱基-埔墘,2024-09-10,9288
6763,綠界科技*,6,0,6,凱基-埔墘,2024-09-10,9288
6770,力積電,6,0,6,凱基-埔墘,2024-09-10,9288
00959B,大華投等美債15Y+,5,0,5,凱基-埔墘,2024-09-10,9288
2303,聯電,5,0,5,凱基-埔墘,2024-09-10,9288
2374,佳能,5,0,5,凱基-埔墘,2024-09-10,9288
2458,義隆,5,0,5,凱基-埔墘,2024-09-10,9288
2540,愛山林,5,0,5,凱基-埔墘,2024-09-10,9288
2882,國泰金,5,0,5,凱基-埔墘,2024-09-10,9288
3202,樺晟,5,0,5,凱基-埔墘,2024-09-10,9288
3712,永崴投控,6,1,5,凱基-埔墘,2024-09-10,9288
4540,全球傳動,5,0,5,凱基-埔墘,2024-09-10,9288
5426,振發,5,0,5,凱基-埔墘,2024-09-10,9288
6215,和椿,11,6,5,凱基-埔墘,2024-09-10,9288
00687B,國泰20年美債,5,1,4,凱基-埔墘,2024-09-10,9288
3231,緯創,5,1,4,凱基-埔墘,2024-09-10,9288
1513,中興電,4,0,4,凱基-埔墘,2024-09-10,9288
00881,國泰台灣5G+,4,0,4,凱基-埔墘,2024-09-10,9288
00930,永豐ESG低碳高息,4,0,4,凱基-埔墘,2024-09-10,9288
2539,櫻花建,6,2,4,凱基-埔墘,2024-09-10,9288
4909,新復興,4,0,4,凱基-埔墘,2024-09-10,9288
6114,久威,5,1,4,凱基-埔墘,2024-09-10,9288
6147,頎邦,4,0,4,凱基-埔墘,2024-09-10,9288
2888,新光金,2120,76,2044,凱基-埔墘,2024-09-11,9288
9907,統一實,502,6,496,凱基-埔墘,2024-09-11,9288
2337,旺宏,143,40,103,凱基-埔墘,2024-09-11,9288
00940,元大台灣價值高息,56,0,56,凱基-埔墘,2024-09-11,9288
2401,凌陽,50,0,50,凱基-埔墘,2024-09-11,9288
2344,華邦電,98,54,44,凱基-埔墘,2024-09-11,9288
00715L,期街口布蘭特正2,30,1,29,凱基-埔墘,2024-09-11,9288
00688L,國泰20年美債正2,27,0,27,凱基-埔墘,2024-09-11,9288
2867,三商壽,30,5,25,凱基-埔墘,2024-09-11,9288
00878,國泰永續高股息,15,0,15,凱基-埔墘,2024-09-11,9288
4566,時碩工業,16,2,14,凱基-埔墘,2024-09-11,9288
3715,定穎投控,17,4,13,凱基-埔墘,2024-09-11,9288
00929,復華台灣科技優息,16,3,13,凱基-埔墘,2024-09-11,9288
2388,威盛,14,2,12,凱基-埔墘,2024-09-11,9288
2891,中信金,10,0,10,凱基-埔墘,2024-09-11,9288
00945B,凱基美國非投等債,10,0,10,凱基-埔墘,2024-09-11,9288
2897,王道銀行,10,0,10,凱基-埔墘,2024-09-11,9288
3360,尚立,20,10,10,凱基-埔墘,2024-09-11,9288
00919,群益台灣精選高息,13,4,9,凱基-埔墘,2024-09-11,9288
00931B,統一美債20年,9,0,9,凱基-埔墘,2024-09-11,9288
6139,亞翔,8,0,8,凱基-埔墘,2024-09-11,9288
5234,達興材料,10,2,8,凱基-埔墘,2024-09-11,9288
00751B,元大AAA至A公司債,7,0,7,凱基-埔墘,2024-09-11,9288
00642U,期元大S＆P石油,7,0,7,凱基-埔墘,2024-09-11,9288
2359,所羅門,14,7,7,凱基-埔墘,2024-09-11,9288
4174,浩鼎,6,0,6,凱基-埔墘,2024-09-11,9288
00724B,群益投資級金融債,6,0,6,凱基-埔墘,2024-09-11,9288
00722B,群益投資級電信債,6,0,6,凱基-埔墘,2024-09-11,9288
00753L,中信中國50正2,6,0,6,凱基-埔墘,2024-09-11,9288
00915,凱基優選高股息30,5,0,5,凱基-埔墘,2024-09-11,9288
00933B,國泰10Y+金融債,5,0,5,凱基-埔墘,2024-09-11,9288
00952,凱基台灣AI50,5,0,5,凱基-埔墘,2024-09-11,9288
3689,湧德,5,0,5,凱基-埔墘,2024-09-11,9288
4510,高鋒,8,3,5,凱基-埔墘,2024-09-11,9288
00857B,永豐20年美公債,4,0,4,凱基-埔墘,2024-09-11,9288
2402,毅嘉,4,0,4,凱基-埔墘,2024-09-11,9288
3086,華義,4,0,4,凱基-埔墘,2024-09-11,9288
3563,牧德,4,0,4,凱基-埔墘,2024-09-11,9288
4935,茂林-KY,4,0,4,凱基-埔墘,2024-09-11,9288
00882,中信中國高股息,4,0,4,凱基-埔墘,2024-09-11,9288
00725B,國泰投資級公司債,3,0,3,凱基-埔墘,2024-09-11,9288
00746B,富邦A級公司債,3,0,3,凱基-埔墘,2024-09-11,9288
00795B,中信美國公債20年,3,0,3,凱基-埔墘,2024-09-11,9288
00696B,富邦美債20年,3,0,3,凱基-埔墘,2024-09-11,9288
1711,永光,20,17,3,凱基-埔墘,2024-09-11,9288
2392,正崴,3,0,3,凱基-埔墘,2024-09-11,9288
2834,臺企銀,3,0,3,凱基-埔墘,2024-09-11,9288
4113,聯上,3,0,3,凱基-埔墘,2024-09-11,9288
6207,雷科,3,0,3,凱基-埔墘,2024-09-11,9288
6449,鈺邦,3,0,3,凱基-埔墘,2024-09-11,9288
2888,新光金,3014,2512,502,凱基-埔墘,2024-09-12,9288
1326,台化,153,0,153,凱基-埔墘,2024-09-12,9288
2883,凱基金,100,0,100,凱基-埔墘,2024-09-12,9288
00959B,大華投等美債15Y+,97,0,97,凱基-埔墘,2024-09-12,9288
00937B,群益ESG投等債20,80,10,70,凱基-埔墘,2024-09-12,9288
00680L,元大美債20正2,82,17,65,凱基-埔墘,2024-09-12,9288
5438,東友,50,0,50,凱基-埔墘,2024-09-12,9288
8076,伍豐,45,0,45,凱基-埔墘,2024-09-12,9288
9907,統一實,44,0,44,凱基-埔墘,2024-09-12,9288
00915,凱基優選高股息30,40,0,40,凱基-埔墘,2024-09-12,9288
9935,慶豐富,40,0,40,凱基-埔墘,2024-09-12,9288
2344,華邦電,44,6,38,凱基-埔墘,2024-09-12,9288
00687B,國泰20年美債,28,0,28,凱基-埔墘,2024-09-12,9288
6143,振曜,22,0,22,凱基-埔墘,2024-09-12,9288
00952,凱基台灣AI50,20,0,20,凱基-埔墘,2024-09-12,9288
00904,新光臺灣半導體30,20,0,20,凱基-埔墘,2024-09-12,9288
3360,尚立,21,1,20,凱基-埔墘,2024-09-12,9288
00930,永豐ESG低碳高息,17,0,17,凱基-埔墘,2024-09-12,9288
00919,群益台灣精選高息,15,0,15,凱基-埔墘,2024-09-12,9288
1785,光洋科,13,1,12,凱基-埔墘,2024-09-12,9288
6163,華電網,11,0,11,凱基-埔墘,2024-09-12,9288
00948B,中信優息投資級債,10,0,10,凱基-埔墘,2024-09-12,9288
00751B,元大AAA至A公司債,10,0,10,凱基-埔墘,2024-09-12,9288
2312,金寶,10,0,10,凱基-埔墘,2024-09-12,9288
2364,倫飛,10,0,10,凱基-埔墘,2024-09-12,9288
2887,台新金,11,1,10,凱基-埔墘,2024-09-12,9288
2891,中信金,10,0,10,凱基-埔墘,2024-09-12,9288
6609,瀧澤科,9,0,9,凱基-埔墘,2024-09-12,9288
2356,英業達,11,3,8,凱基-埔墘,2024-09-12,9288
2481,強茂,8,0,8,凱基-埔墘,2024-09-12,9288
00772B,中信高評級公司債,7,0,7,凱基-埔墘,2024-09-12,9288
3607,谷崧,7,0,7,凱基-埔墘,2024-09-12,9288
6285,啟��,7,0,7,凱基-埔墘,2024-09-12,9288
00720B,元大投資級公司債,6,0,6,凱基-埔墘,2024-09-12,9288
00725B,國泰投資級公司債,6,0,6,凱基-埔墘,2024-09-12,9288
3056,富華新,6,0,6,凱基-埔墘,2024-09-12,9288
6171,大城地產,6,0,6,凱基-埔墘,2024-09-12,9288
00637L,元大滬深300正2,5,0,5,凱基-埔墘,2024-09-12,9288
00891,中信關鍵半導體,5,0,5,凱基-埔墘,2024-09-12,9288
1522,堤維西,5,0,5,凱基-埔墘,2024-09-12,9288
2537,聯上發,5,0,5,凱基-埔墘,2024-09-12,9288
3164,景岳,5,0,5,凱基-埔墘,2024-09-12,9288
3230,錦明,5,0,5,凱基-埔墘,2024-09-12,9288
3706,神達,12,7,5,凱基-埔墘,2024-09-12,9288
5309,系統電,5,0,5,凱基-埔墘,2024-09-12,9288
8070,長華*,6,1,5,凱基-埔墘,2024-09-12,9288
00935,野村臺灣新科技50,4,0,4,凱基-埔墘,2024-09-12,9288
3019,亞光,4,0,4,凱基-埔墘,2024-09-12,9288
3303,岱稜,6,2,4,凱基-埔墘,2024-09-12,9288
2409,友達,5,1,4,凱基-埔墘,2024-09-12,9288
1447,力鵬,145,0,145,凱基-埔墘,2024-09-13,9288
8076,伍豐,122,10,112,凱基-埔墘,2024-09-13,9288
00929,復華台灣科技優息,51,1,50,凱基-埔墘,2024-09-13,9288
9938,百和,50,0,50,凱基-埔墘,2024-09-13,9288
3149,正達,67,18,49,凱基-埔墘,2024-09-13,9288
00687B,國泰20年美債,37,1,36,凱基-埔墘,2024-09-13,9288
00937B,群益ESG投等債20,32,0,32,凱基-埔墘,2024-09-13,9288
00933B,國泰10Y+金融債,30,0,30,凱基-埔墘,2024-09-13,9288
00952,凱基台灣AI50,30,0,30,凱基-埔墘,2024-09-13,9288
3056,富華新,18,0,18,凱基-埔墘,2024-09-13,9288
3167,大量,22,4,18,凱基-埔墘,2024-09-13,9288
8011,台通,15,0,15,凱基-埔墘,2024-09-13,9288
6104,創惟,25,12,13,凱基-埔墘,2024-09-13,9288
2399,映泰,12,0,12,凱基-埔墘,2024-09-13,9288
00919,群益台灣精選高息,10,0,10,凱基-埔墘,2024-09-13,9288
00957B,兆豐US優選投等債,10,0,10,凱基-埔墘,2024-09-13,9288
2609,陽明,15,5,10,凱基-埔墘,2024-09-13,9288
5521,工信,10,0,10,凱基-埔墘,2024-09-13,9288
6142,友勁,10,0,10,凱基-埔墘,2024-09-13,9288
8039,台虹,10,0,10,凱基-埔墘,2024-09-13,9288
2449,京元電子,14,6,8,凱基-埔墘,2024-09-13,9288
6143,振曜,8,0,8,凱基-埔墘,2024-09-13,9288
1321,大洋,7,0,7,凱基-埔墘,2024-09-13,9288
2365,昆盈,7,0,7,凱基-埔墘,2024-09-13,9288
00915,凱基優選高股息30,6,0,6,凱基-埔墘,2024-09-13,9288
2489,瑞軒,5,0,5,凱基-埔墘,2024-09-13,9288
2883,凱基金,5,0,5,凱基-埔墘,2024-09-13,9288
3164,景岳,5,0,5,凱基-埔墘,2024-09-13,9288
1727,中華化,4,0,4,凱基-埔墘,2024-09-13,9288
3583,辛耘,3,0,3,凱基-埔墘,2024-09-13,9288
6669,緯穎,3,0,3,凱基-埔墘,2024-09-13,9288
00720B,元大投資級公司債,3,0,3,凱基-埔墘,2024-09-13,9288
00715L,期街口布蘭特正2,5,2,3,凱基-埔墘,2024-09-13,9288
00878,國泰永續高股息,3,0,3,凱基-埔墘,2024-09-13,9288
2351,順德,3,0,3,凱基-埔墘,2024-09-13,9288
3511,矽瑪,3,0,3,凱基-埔墘,2024-09-13,9288
5356,協益,3,0,3,凱基-埔墘,2024-09-13,9288
5519,隆大,3,0,3,凱基-埔墘,2024-09-13,9288
6830,汎銓,3,0,3,凱基-埔墘,2024-09-13,9288
5443,均豪,242,240,2,凱基-埔墘,2024-09-13,9288
00637L,元大滬深300正2,2,0,2,凱基-埔墘,2024-09-13,9288
00946,群益科技高息成長,2,0,2,凱基-埔墘,2024-09-13,9288
00941,中信上游半導體,2,0,2,凱基-埔墘,2024-09-13,9288
00885,富邦越南,2,0,2,凱基-埔墘,2024-09-13,9288
1597,直得,2,0,2,凱基-埔墘,2024-09-13,9288
2303,聯電,2,0,2,凱基-埔墘,2024-09-13,9288
2408,南亞科,3,1,2,凱基-埔墘,2024-09-13,9288
2476,鉅祥,2,0,2,凱基-埔墘,2024-09-13,9288
2486,一詮,2,0,2,凱基-埔墘,2024-09-13,9288
2618,長榮航,2,0,2,凱基-埔墘,2024-09-13,9288
00937B,群益ESG投等債20,64,0,64,凱基-埔墘,2024-09-16,9288
8182,加高,63,0,63,凱基-埔墘,2024-09-16,9288
1304,台聚,60,0,60,凱基-埔墘,2024-09-16,9288
00687B,國泰20年美債,53,0,53,凱基-埔墘,2024-09-16,9288
1326,台化,51,0,51,凱基-埔墘,2024-09-16,9288
4306,炎洲,50,0,50,凱基-埔墘,2024-09-16,9288
2344,華邦電,58,10,48,凱基-埔墘,2024-09-16,9288
00929,復華台灣科技優息,49,8,41,凱基-埔墘,2024-09-16,9288
3481,群創,66,32,34,凱基-埔墘,2024-09-16,9288
2409,友達,36,8,28,凱基-埔墘,2024-09-16,9288
9958,世紀鋼,20,0,20,凱基-埔墘,2024-09-16,9288
5234,達興材料,20,0,20,凱基-埔墘,2024-09-16,9288
00940,元大台灣價值高息,20,1,19,凱基-埔墘,2024-09-16,9288
3374,精材,17,1,16,凱基-埔墘,2024-09-16,9288
00680L,元大美債20正2,13,0,13,凱基-埔墘,2024-09-16,9288
9938,百和,13,1,12,凱基-埔墘,2024-09-16,9288
2888,新光金,12,0,12,凱基-埔墘,2024-09-16,9288
00924,復華S＆P500成長,11,0,11,凱基-埔墘,2024-09-16,9288
2408,南亞科,11,0,11,凱基-埔墘,2024-09-16,9288
00957B,兆豐US優選投等債,10,0,10,凱基-埔墘,2024-09-16,9288
00952,凱基台灣AI50,10,0,10,凱基-埔墘,2024-09-16,9288
0056,元大高股息,10,0,10,凱基-埔墘,2024-09-16,9288
00948B,中信優息投資級債,10,0,10,凱基-埔墘,2024-09-16,9288
00945B,凱基美國非投等債,10,0,10,凱基-埔墘,2024-09-16,9288
2401,凌陽,10,0,10,凱基-埔墘,2024-09-16,9288
2431,聯昌,10,0,10,凱基-埔墘,2024-09-16,9288
6142,友勁,10,0,10,凱基-埔墘,2024-09-16,9288
8076,伍豐,10,0,10,凱基-埔墘,2024-09-16,9288
8110,華東,10,0,10,凱基-埔墘,2024-09-16,9288
8111,立��,10,0,10,凱基-埔墘,2024-09-16,9288
8064,東捷,9,0,9,凱基-埔墘,2024-09-16,9288
1815,富喬,20,13,7,凱基-埔墘,2024-09-16,9288
6143,振曜,7,0,7,凱基-埔墘,2024-09-16,9288
00939,統一台灣高息動能,6,0,6,凱基-埔墘,2024-09-16,9288
2402,毅嘉,6,0,6,凱基-埔墘,2024-09-16,9288
8071,能率網通,7,1,6,凱基-埔墘,2024-09-16,9288
8255,朋程,6,0,6,凱基-埔墘,2024-09-16,9288
00915,凱基優選高股息30,7,2,5,凱基-埔墘,2024-09-16,9288
00632R,元大台灣50反1,5,0,5,凱基-埔墘,2024-09-16,9288
2038,海光,5,0,5,凱基-埔墘,2024-09-16,9288
2603,長榮,6,1,5,凱基-埔墘,2024-09-16,9288
2883,凱基金,5,0,5,凱基-埔墘,2024-09-16,9288
4729,熒茂,5,0,5,凱基-埔墘,2024-09-16,9288
4935,茂林-KY,5,0,5,凱基-埔墘,2024-09-16,9288
8271,宇瞻,5,0,5,凱基-埔墘,2024-09-16,9288
9945,潤泰新,5,0,5,凱基-埔墘,2024-09-16,9288
2458,義隆,10,5,5,凱基-埔墘,2024-09-16,9288
1303,南亞,8,4,4,凱基-埔墘,2024-09-16,9288
00878,國泰永續高股息,4,0,4,凱基-埔墘,2024-09-16,9288
00941,中信上游半導體,4,0,4,凱基-埔墘,2024-09-16,9288
2888,新光金,200,20,180,凱基-埔墘,2024-09-18,9288
6116,彩晶,100,5,95,凱基-埔墘,2024-09-18,9288
00929,復華台灣科技優息,79,2,77,凱基-埔墘,2024-09-18,9288
3481,群創,82,6,76,凱基-埔墘,2024-09-18,9288
1711,永光,79,20,59,凱基-埔墘,2024-09-18,9288
6108,競國,50,0,50,凱基-埔墘,2024-09-18,9288
00687B,國泰20年美債,44,0,44,凱基-埔墘,2024-09-18,9288
8076,伍豐,31,0,31,凱基-埔墘,2024-09-18,9288
2038,海光,25,0,25,凱基-埔墘,2024-09-18,9288
00918,大華優利高填息30,30,6,24,凱基-埔墘,2024-09-18,9288
3017,奇鋐,22,0,22,凱基-埔墘,2024-09-18,9288
3360,尚立,61,39,22,凱基-埔墘,2024-09-18,9288
3062,建漢,22,5,17,凱基-埔墘,2024-09-18,9288
2476,鉅祥,15,0,15,凱基-埔墘,2024-09-18,9288
6143,振曜,15,0,15,凱基-埔墘,2024-09-18,9288
00940,元大台灣價值高息,16,2,14,凱基-埔墘,2024-09-18,9288
2313,華通,14,1,13,凱基-埔墘,2024-09-18,9288
00919,群益台灣精選高息,36,24,12,凱基-埔墘,2024-09-18,9288
00713,元大台灣高息低波,11,0,11,凱基-埔墘,2024-09-18,9288
2399,映泰,15,4,11,凱基-埔墘,2024-09-18,9288
0056,元大高股息,10,0,10,凱基-埔墘,2024-09-18,9288
00930,永豐ESG低碳高息,10,0,10,凱基-埔墘,2024-09-18,9288
3032,偉訓,10,0,10,凱基-埔墘,2024-09-18,9288
8147,正淩,10,0,10,凱基-埔墘,2024-09-18,9288
8182,加高,10,0,10,凱基-埔墘,2024-09-18,9288
2317,鴻海,9,1,8,凱基-埔墘,2024-09-18,9288
2360,致茂,7,0,7,凱基-埔墘,2024-09-18,9288
00915,凱基優選高股息30,7,0,7,凱基-埔墘,2024-09-18,9288
8111,立��,7,0,7,凱基-埔墘,2024-09-18,9288
00878,國泰永續高股息,6,0,6,凱基-埔墘,2024-09-18,9288
00952,凱基台灣AI50,6,0,6,凱基-埔墘,2024-09-18,9288
2409,友達,7,1,6,凱基-埔墘,2024-09-18,9288
3550,聯穎,9,3,6,凱基-埔墘,2024-09-18,9288
5519,隆大,6,0,6,凱基-埔墘,2024-09-18,9288
00959B,大華投等美債15Y+,5,0,5,凱基-埔墘,2024-09-18,9288
00953B,群益優選非投等債,5,0,5,凱基-埔墘,2024-09-18,9288
1815,富喬,5,0,5,凱基-埔墘,2024-09-18,9288
2332,友訊,5,0,5,凱基-埔墘,2024-09-18,9288
2539,櫻花建,5,0,5,凱基-埔墘,2024-09-18,9288
3645,達邁,5,0,5,凱基-埔墘,2024-09-18,9288
5222,全訊,5,0,5,凱基-埔墘,2024-09-18,9288
8358,金居,5,0,5,凱基-埔墘,2024-09-18,9288
00637L,元大滬深300正2,4,0,4,凱基-埔墘,2024-09-18,9288
2402,毅嘉,4,0,4,凱基-埔墘,2024-09-18,9288
2542,興富發,4,0,4,凱基-埔墘,2024-09-18,9288
4164,承業醫,4,0,4,凱基-埔墘,2024-09-18,9288
4557,永新-KY,4,0,4,凱基-埔墘,2024-09-18,9288
5234,達興材料,6,2,4,凱基-埔墘,2024-09-18,9288
6530,創威,6,2,4,凱基-埔墘,2024-09-18,9288
6805,富世達,7,3,4,凱基-埔墘,2024-09-18,9288
00958B,永豐ESG銀行債15,112,0,112,凱基-埔墘,2024-09-19,9288
00915,凱基優選高股息30,103,0,103,凱基-埔墘,2024-09-19,9288
00918,大華優利高填息30,84,0,84,凱基-埔墘,2024-09-19,9288
00929,復華台灣科技優息,84,2,82,凱基-埔墘,2024-09-19,9288
2022,聚亨,76,6,70,凱基-埔墘,2024-09-19,9288
1709,和益,66,0,66,凱基-埔墘,2024-09-19,9288
2329,華泰,57,0,57,凱基-埔墘,2024-09-19,9288
1711,永光,54,7,47,凱基-埔墘,2024-09-19,9288
2344,華邦電,55,10,45,凱基-埔墘,2024-09-19,9288
3689,湧德,55,12,43,凱基-埔墘,2024-09-19,9288
00687B,國泰20年美債,34,0,34,凱基-埔墘,2024-09-19,9288
3294,英濟,30,0,30,凱基-埔墘,2024-09-19,9288
3049,精金,45,18,27,凱基-埔墘,2024-09-19,9288
00680L,元大美債20正2,62,38,24,凱基-埔墘,2024-09-19,9288
00857B,永豐20年美公債,21,0,21,凱基-埔墘,2024-09-19,9288
4526,東台,21,2,19,凱基-埔墘,2024-09-19,9288
4716,大立,20,1,19,凱基-埔墘,2024-09-19,9288
3450,聯鈞,20,2,18,凱基-埔墘,2024-09-19,9288
3021,鴻名,18,1,17,凱基-埔墘,2024-09-19,9288
2401,凌陽,15,0,15,凱基-埔墘,2024-09-19,9288
3010,華立,15,0,15,凱基-埔墘,2024-09-19,9288
1326,台化,10,0,10,凱基-埔墘,2024-09-19,9288
1447,力鵬,10,0,10,凱基-埔墘,2024-09-19,9288
00795B,中信美國公債20年,10,0,10,凱基-埔墘,2024-09-19,9288
4306,炎洲,10,0,10,凱基-埔墘,2024-09-19,9288
4571,鈞興-KY,10,0,10,凱基-埔墘,2024-09-19,9288
5905,南仁湖,10,0,10,凱基-埔墘,2024-09-19,9288
6116,彩晶,10,0,10,凱基-埔墘,2024-09-19,9288
2399,映泰,66,57,9,凱基-埔墘,2024-09-19,9288
2467,志聖,11,2,9,凱基-埔墘,2024-09-19,9288
00679B,元大美債20年,10,2,8,凱基-埔墘,2024-09-19,9288
5519,隆大,8,0,8,凱基-埔墘,2024-09-19,9288
2374,佳能,13,6,7,凱基-埔墘,2024-09-19,9288
4513,福裕,13,6,7,凱基-埔墘,2024-09-19,9288
6143,振曜,6,0,6,凱基-埔墘,2024-09-19,9288
00937B,群益ESG投等債20,5,0,5,凱基-埔墘,2024-09-19,9288
2409,友達,5,0,5,凱基-埔墘,2024-09-19,9288
2542,興富發,5,0,5,凱基-埔墘,2024-09-19,9288
2630,亞航,5,0,5,凱基-埔墘,2024-09-19,9288
4562,穎漢,5,0,5,凱基-埔墘,2024-09-19,9288
4720,德淵,5,0,5,凱基-埔墘,2024-09-19,9288
5347,世界,8,3,5,凱基-埔墘,2024-09-19,9288
6177,達麗,5,0,5,凱基-埔墘,2024-09-19,9288
6609,瀧澤科,5,0,5,凱基-埔墘,2024-09-19,9288
2406,國碩,4,0,4,凱基-埔墘,2024-09-19,9288
2543,皇昌,4,0,4,凱基-埔墘,2024-09-19,9288
3230,錦明,5,1,4,凱基-埔墘,2024-09-19,9288
3550,聯穎,4,0,4,凱基-埔墘,2024-09-19,9288
1785,光洋科,21,18,3,凱基-埔墘,2024-09-19,9288
2360,致茂,3,0,3,凱基-埔墘,2024-09-19,9288
2888,新光金,1034,31,1003,凱基-埔墘,2024-09-20,9288
3049,精金,150,46,104,凱基-埔墘,2024-09-20,9288
00929,復華台灣科技優息,76,0,76,凱基-埔墘,2024-09-20,9288
00937B,群益ESG投等債20,71,0,71,凱基-埔墘,2024-09-20,9288
2501,國建,54,0,54,凱基-埔墘,2024-09-20,9288
00958B,永豐ESG銀行債15,53,0,53,凱基-埔墘,2024-09-20,9288
00632R,元大台灣50反1,52,0,52,凱基-埔墘,2024-09-20,9288
00915,凱基優選高股息30,50,0,50,凱基-埔墘,2024-09-20,9288
00687B,國泰20年美債,39,0,39,凱基-埔墘,2024-09-20,9288
00673R,期元大S＆P原油反1,30,0,30,凱基-埔墘,2024-09-20,9288
2317,鴻海,32,5,27,凱基-埔墘,2024-09-20,9288
4755,三福化,27,0,27,凱基-埔墘,2024-09-20,9288
8076,伍豐,25,7,18,凱基-埔墘,2024-09-20,9288
00907,永豐優息存股,17,0,17,凱基-埔墘,2024-09-20,9288
2330,台積電,20,3,17,凱基-埔墘,2024-09-20,9288
3303,岱稜,22,7,15,凱基-埔墘,2024-09-20,9288
2542,興富發,13,0,13,凱基-埔墘,2024-09-20,9288
00680L,元大美債20正2,13,0,13,凱基-埔墘,2024-09-20,9288
00948B,中信優息投資級債,11,0,11,凱基-埔墘,2024-09-20,9288
6425,易發,11,0,11,凱基-埔墘,2024-09-20,9288
2062,橋椿,12,1,11,凱基-埔墘,2024-09-20,9288
00960,野村全球航運龍頭,10,0,10,凱基-埔墘,2024-09-20,9288
1717,長興,10,0,10,凱基-埔墘,2024-09-20,9288
2382,廣達,11,1,10,凱基-埔墘,2024-09-20,9288
3481,群創,19,9,10,凱基-埔墘,2024-09-20,9288
4968,立積,10,0,10,凱基-埔墘,2024-09-20,9288
1319,東陽,12,3,9,凱基-埔墘,2024-09-20,9288
4720,德淵,12,3,9,凱基-埔墘,2024-09-20,9288
00930,永豐ESG低碳高息,8,0,8,凱基-埔墘,2024-09-20,9288
4714,永捷,8,0,8,凱基-埔墘,2024-09-20,9288
2634,漢翔,7,0,7,凱基-埔墘,2024-09-20,9288
00637L,元大滬深300正2,6,0,6,凱基-埔墘,2024-09-20,9288
00931B,統一美債20年,6,0,6,凱基-埔墘,2024-09-20,9288
1721,三晃,6,0,6,凱基-埔墘,2024-09-20,9288
2399,映泰,45,39,6,凱基-埔墘,2024-09-20,9288
2537,聯上發,6,0,6,凱基-埔墘,2024-09-20,9288
3673,TPK-KY,17,11,6,凱基-埔墘,2024-09-20,9288
4526,東台,6,0,6,凱基-埔墘,2024-09-20,9288
6143,振曜,6,0,6,凱基-埔墘,2024-09-20,9288
8011,台通,6,1,5,凱基-埔墘,2024-09-20,9288
00882,中信中國高股息,5,0,5,凱基-埔墘,2024-09-20,9288
1568,倉佑,5,0,5,凱基-埔墘,2024-09-20,9288
2038,海光,5,0,5,凱基-埔墘,2024-09-20,9288
2362,藍天,5,0,5,凱基-埔墘,2024-09-20,9288
2367,燿華,5,0,5,凱基-埔墘,2024-09-20,9288
2449,京元電子,13,8,5,凱基-埔墘,2024-09-20,9288
2481,強茂,5,0,5,凱基-埔墘,2024-09-20,9288
2486,一詮,6,1,5,凱基-埔墘,2024-09-20,9288
5309,系統電,5,0,5,凱基-埔墘,2024-09-20,9288
6148,驊宏資,65,60,5,凱基-埔墘,2024-09-20,9288
00919,群益台灣精選高息,329,8,321,凱基-埔墘,2024-09-23,9288
6005,群益證,100,0,100,凱基-埔墘,2024-09-23,9288
3290,東浦,65,0,65,凱基-埔墘,2024-09-23,9288
3481,群創,56,2,54,凱基-埔墘,2024-09-23,9288
1711,永光,53,8,45,凱基-埔墘,2024-09-23,9288
6134,萬旭,47,7,40,凱基-埔墘,2024-09-23,9288
00957B,兆豐US優選投等債,30,0,30,凱基-埔墘,2024-09-23,9288
2891,中信金,49,20,29,凱基-埔墘,2024-09-23,9288
9907,統一實,24,0,24,凱基-埔墘,2024-09-23,9288
2379,瑞昱,20,0,20,凱基-埔墘,2024-09-23,9288
0056,元大高股息,43,25,18,凱基-埔墘,2024-09-23,9288
1709,和益,16,1,15,凱基-埔墘,2024-09-23,9288
2329,華泰,15,0,15,凱基-埔墘,2024-09-23,9288
4707,磐亞,16,3,13,凱基-埔墘,2024-09-23,9288
00679B,元大美債20年,17,4,13,凱基-埔墘,2024-09-23,9288
00687B,國泰20年美債,12,0,12,凱基-埔墘,2024-09-23,9288
3374,精材,12,0,12,凱基-埔墘,2024-09-23,9288
2515,中工,11,0,11,凱基-埔墘,2024-09-23,9288
00680L,元大美債20正2,21,10,11,凱基-埔墘,2024-09-23,9288
00948B,中信優息投資級債,10,0,10,凱基-埔墘,2024-09-23,9288
00635U,期元大S＆P黃金,10,0,10,凱基-埔墘,2024-09-23,9288
5371,中光電,12,2,10,凱基-埔墘,2024-09-23,9288
00937B,群益ESG投等債20,9,0,9,凱基-埔墘,2024-09-23,9288
2409,友達,9,0,9,凱基-埔墘,2024-09-23,9288
3056,富華新,9,0,9,凱基-埔墘,2024-09-23,9288
6438,迅得,9,0,9,凱基-埔墘,2024-09-23,9288
3450,聯鈞,13,5,8,凱基-埔墘,2024-09-23,9288
2596,綠意,8,0,8,凱基-埔墘,2024-09-23,9288
2425,承啟,16,10,6,凱基-埔墘,2024-09-23,9288
4716,大立,9,3,6,凱基-埔墘,2024-09-23,9288
4755,三福化,6,0,6,凱基-埔墘,2024-09-23,9288
6548,長科*,6,0,6,凱基-埔墘,2024-09-23,9288
00929,復華台灣科技優息,11,6,5,凱基-埔墘,2024-09-23,9288
6547,高端疫苗,5,0,5,凱基-埔墘,2024-09-23,9288
00947,台新臺灣IC設計,5,0,5,凱基-埔墘,2024-09-23,9288
1524,耿鼎,5,0,5,凱基-埔墘,2024-09-23,9288
1725,元禎,5,0,5,凱基-埔墘,2024-09-23,9288
2402,毅嘉,5,0,5,凱基-埔墘,2024-09-23,9288
2464,盟立,5,0,5,凱基-埔墘,2024-09-23,9288
2498,宏達電,5,0,5,凱基-埔墘,2024-09-23,9288
2897,王道銀行,5,0,5,凱基-埔墘,2024-09-23,9288
3167,大量,12,7,5,凱基-埔墘,2024-09-23,9288
3303,岱稜,5,0,5,凱基-埔墘,2024-09-23,9288
4903,聯光通,6,1,5,凱基-埔墘,2024-09-23,9288
6271,同欣電,5,0,5,凱基-埔墘,2024-09-23,9288
2312,金寶,4,0,4,凱基-埔墘,2024-09-23,9288
2449,京元電子,18,14,4,凱基-埔墘,2024-09-23,9288
2880,華南金,5,1,4,凱基-埔墘,2024-09-23,9288
3580,友威科,5,1,4,凱基-埔墘,2024-09-23,9288
5469,瀚宇博,4,0,4,凱基-埔墘,2024-09-23,9288
2888,新光金,1006,27,979,凱基-埔墘,2024-09-24,9288
00882,中信中國高股息,149,23,126,凱基-埔墘,2024-09-24,9288
6706,惠特,86,8,78,凱基-埔墘,2024-09-24,9288
2617,台航,54,0,54,凱基-埔墘,2024-09-24,9288
2851,中再保,50,0,50,凱基-埔墘,2024-09-24,9288
1336,台翰,39,0,39,凱基-埔墘,2024-09-24,9288
2634,漢翔,31,4,27,凱基-埔墘,2024-09-24,9288
1584,精剛,33,6,27,凱基-埔墘,2024-09-24,9288
3360,尚立,26,0,26,凱基-埔墘,2024-09-24,9288
2436,偉詮電,21,0,21,凱基-埔墘,2024-09-24,9288
2062,橋椿,20,1,19,凱基-埔墘,2024-09-24,9288
2356,英業達,16,0,16,凱基-埔墘,2024-09-24,9288
2344,華邦電,22,6,16,凱基-埔墘,2024-09-24,9288
5460,同協,15,0,15,凱基-埔墘,2024-09-24,9288
2609,陽明,45,31,14,凱基-埔墘,2024-09-24,9288
00679B,元大美債20年,13,1,12,凱基-埔墘,2024-09-24,9288
00687B,國泰20年美債,12,0,12,凱基-埔墘,2024-09-24,9288
0056,元大高股息,11,0,11,凱基-埔墘,2024-09-24,9288
00960,野村全球航運龍頭,11,0,11,凱基-埔墘,2024-09-24,9288
3162,精確,11,0,11,凱基-埔墘,2024-09-24,9288
1314,中石化,10,0,10,凱基-埔墘,2024-09-24,9288
00905,FT臺灣Smart,10,0,10,凱基-埔墘,2024-09-24,9288
2236,百達-KY,10,0,10,凱基-埔墘,2024-09-24,9288
3550,聯穎,17,7,10,凱基-埔墘,2024-09-24,9288
5608,四維航,10,0,10,凱基-埔墘,2024-09-24,9288
6108,競國,10,0,10,凱基-埔墘,2024-09-24,9288
00919,群益台灣精選高息,10,1,9,凱基-埔墘,2024-09-24,9288
2354,鴻準,9,0,9,凱基-埔墘,2024-09-24,9288
6219,富旺,10,2,8,凱基-埔墘,2024-09-24,9288
2399,映泰,52,45,7,凱基-埔墘,2024-09-24,9288
00937B,群益ESG投等債20,7,0,7,凱基-埔墘,2024-09-24,9288
6806,森崴能源,7,1,6,凱基-埔墘,2024-09-24,9288
2472,立隆電,6,0,6,凱基-埔墘,2024-09-24,9288
4526,東台,13,7,6,凱基-埔墘,2024-09-24,9288
3374,精材,6,1,5,凱基-埔墘,2024-09-24,9288
00680L,元大美債20正2,5,0,5,凱基-埔墘,2024-09-24,9288
00907,永豐優息存股,5,0,5,凱基-埔墘,2024-09-24,9288
1604,聲寶,5,0,5,凱基-埔墘,2024-09-24,9288
2458,義隆,5,0,5,凱基-埔墘,2024-09-24,9288
2476,鉅祥,5,0,5,凱基-埔墘,2024-09-24,9288
8105,凌巨,5,0,5,凱基-埔墘,2024-09-24,9288
8147,正淩,10,5,5,凱基-埔墘,2024-09-24,9288
3615,安可,8,4,4,凱基-埔墘,2024-09-24,9288
00929,復華台灣科技優息,26,22,4,凱基-埔墘,2024-09-24,9288
00878,國泰永續高股息,4,0,4,凱基-埔墘,2024-09-24,9288
2332,友訊,4,0,4,凱基-埔墘,2024-09-24,9288
2505,國揚,4,0,4,凱基-埔墘,2024-09-24,9288
2610,華航,4,0,4,凱基-埔墘,2024-09-24,9288
2891,中信金,15,11,4,凱基-埔墘,2024-09-24,9288
3046,建��,4,0,4,凱基-埔墘,2024-09-24,9288
2344,華邦電,62,7,55,凱基-埔墘,2024-09-25,9288
2883,凱基金,50,0,50,凱基-埔墘,2024-09-25,9288
3689,湧德,40,0,40,凱基-埔墘,2024-09-25,9288
2449,京元電子,42,6,36,凱基-埔墘,2024-09-25,9288
2464,盟立,38,2,36,凱基-埔墘,2024-09-25,9288
2617,台航,34,0,34,凱基-埔墘,2024-09-25,9288
3550,聯穎,50,22,28,凱基-埔墘,2024-09-25,9288
00688L,國泰20年美債正2,21,0,21,凱基-埔墘,2024-09-25,9288
1709,和益,26,5,21,凱基-埔墘,2024-09-25,9288
6237,驊訊,20,0,20,凱基-埔墘,2024-09-25,9288
2891,中信金,19,3,16,凱基-埔墘,2024-09-25,9288
00752,中信中國50,20,4,16,凱基-埔墘,2024-09-25,9288
2330,台積電,19,3,16,凱基-埔墘,2024-09-25,9288
2313,華通,18,4,14,凱基-埔墘,2024-09-25,9288
00929,復華台灣科技優息,18,4,14,凱基-埔墘,2024-09-25,9288
1710,東聯,13,0,13,凱基-埔墘,2024-09-25,9288
2476,鉅祥,13,0,13,凱基-埔墘,2024-09-25,9288
3324,雙鴻,13,0,13,凱基-埔墘,2024-09-25,9288
00919,群益台灣精選高息,12,1,11,凱基-埔墘,2024-09-25,9288
1785,光洋科,12,1,11,凱基-埔墘,2024-09-25,9288
00946,群益科技高息成長,10,0,10,凱基-埔墘,2024-09-25,9288
00945B,凱基美國非投等債,10,0,10,凱基-埔墘,2024-09-25,9288
2363,矽統,10,0,10,凱基-埔墘,2024-09-25,9288
2388,威盛,13,3,10,凱基-埔墘,2024-09-25,9288
4736,泰博,10,0,10,凱基-埔墘,2024-09-25,9288
5460,同協,17,7,10,凱基-埔墘,2024-09-25,9288
1513,中興電,10,1,9,凱基-埔墘,2024-09-25,9288
4979,華星光,11,3,8,凱基-埔墘,2024-09-25,9288
2355,敬鵬,7,0,7,凱基-埔墘,2024-09-25,9288
2605,新興,7,0,7,凱基-埔墘,2024-09-25,9288
1711,永光,7,1,6,凱基-埔墘,2024-09-25,9288
4526,東台,27,21,6,凱基-埔墘,2024-09-25,9288
00675L,富邦臺灣加權正2,5,0,5,凱基-埔墘,2024-09-25,9288
00643,群益深証中小,5,0,5,凱基-埔墘,2024-09-25,9288
00639,富邦深100,5,0,5,凱基-埔墘,2024-09-25,9288
00907,永豐優息存股,5,0,5,凱基-埔墘,2024-09-25,9288
2481,強茂,10,5,5,凱基-埔墘,2024-09-25,9288
3149,正達,7,2,5,凱基-埔墘,2024-09-25,9288
3317,尼克森,5,0,5,凱基-埔墘,2024-09-25,9288
3511,矽瑪,5,0,5,凱基-埔墘,2024-09-25,9288
4903,聯光通,7,2,5,凱基-埔墘,2024-09-25,9288
6116,彩晶,5,0,5,凱基-埔墘,2024-09-25,9288
6147,頎邦,5,0,5,凱基-埔墘,2024-09-25,9288
8076,伍豐,5,0,5,凱基-埔墘,2024-09-25,9288
2409,友達,5,0,5,凱基-埔墘,2024-09-25,9288
2542,興富發,4,0,4,凱基-埔墘,2024-09-25,9288
00960,野村全球航運龍頭,24,20,4,凱基-埔墘,2024-09-25,9288
00936,台新永續高息中小,5,1,4,凱基-埔墘,2024-09-25,9288
2467,志聖,4,0,4,凱基-埔墘,2024-09-25,9288
3231,緯創,16,12,4,凱基-埔墘,2024-09-25,9288
00937B,群益ESG投等債20,109,2,107,凱基-埔墘,2024-09-26,9288
0056,元大高股息,113,6,107,凱基-埔墘,2024-09-26,9288
2331,精英,100,0,100,凱基-埔墘,2024-09-26,9288
2344,華邦電,48,1,47,凱基-埔墘,2024-09-26,9288
00680L,元大美債20正2,32,0,32,凱基-埔墘,2024-09-26,9288
00632R,元大台灣50反1,51,20,31,凱基-埔墘,2024-09-26,9288
00679B,元大美債20年,30,0,30,凱基-埔墘,2024-09-26,9288
8076,伍豐,30,0,30,凱基-埔墘,2024-09-26,9288
3003,健和興,30,2,28,凱基-埔墘,2024-09-26,9288
2409,友達,32,7,25,凱基-埔墘,2024-09-26,9288
8105,凌巨,24,0,24,凱基-埔墘,2024-09-26,9288
00907,永豐優息存股,22,0,22,凱基-埔墘,2024-09-26,9288
4729,熒茂,22,0,22,凱基-埔墘,2024-09-26,9288
00712,復華富時不動產,21,0,21,凱基-埔墘,2024-09-26,9288
3689,湧德,21,0,21,凱基-埔墘,2024-09-26,9288
00948B,中信優息投資級債,20,0,20,凱基-埔墘,2024-09-26,9288
2367,燿華,21,1,20,凱基-埔墘,2024-09-26,9288
00927,群益半導體收益,20,1,19,凱基-埔墘,2024-09-26,9288
2062,橋椿,20,2,18,凱基-埔墘,2024-09-26,9288
6589,台康生技,20,2,18,凱基-埔墘,2024-09-26,9288
00688L,國泰20年美債正2,16,0,16,凱基-埔墘,2024-09-26,9288
00960,野村全球航運龍頭,26,11,15,凱基-埔墘,2024-09-26,9288
2317,鴻海,23,9,14,凱基-埔墘,2024-09-26,9288
3312,弘憶股,15,2,13,凱基-埔墘,2024-09-26,9288
1586,和勤,13,1,12,凱基-埔墘,2024-09-26,9288
3481,群創,27,15,12,凱基-埔墘,2024-09-26,9288
2402,毅嘉,11,0,11,凱基-埔墘,2024-09-26,9288
5460,同協,13,2,11,凱基-埔墘,2024-09-26,9288
8926,台汽電,11,0,11,凱基-埔墘,2024-09-26,9288
2356,英業達,16,5,11,凱基-埔墘,2024-09-26,9288
00947,台新臺灣IC設計,10,0,10,凱基-埔墘,2024-09-26,9288
1709,和益,20,10,10,凱基-埔墘,2024-09-26,9288
2399,映泰,10,0,10,凱基-埔墘,2024-09-26,9288
3005,神基,12,2,10,凱基-埔墘,2024-09-26,9288
00752,中信中國50,10,1,9,凱基-埔墘,2024-09-26,9288
3019,亞光,10,1,9,凱基-埔墘,2024-09-26,9288
3576,聯合再生,9,0,9,凱基-埔墘,2024-09-26,9288
9938,百和,10,1,9,凱基-埔墘,2024-09-26,9288
2408,南亞科,8,1,7,凱基-埔墘,2024-09-26,9288
6175,立敦,7,0,7,凱基-埔墘,2024-09-26,9288
2542,興富發,7,0,7,凱基-埔墘,2024-09-26,9288
00687B,國泰20年美債,6,0,6,凱基-埔墘,2024-09-26,9288
3691,碩禾,7,1,6,凱基-埔墘,2024-09-26,9288
2425,承啟,6,0,6,凱基-埔墘,2024-09-26,9288
2617,台航,6,0,6,凱基-埔墘,2024-09-26,9288
3673,TPK-KY,6,0,6,凱基-埔墘,2024-09-26,9288
8110,華東,6,0,6,凱基-埔墘,2024-09-26,9288
00878,國泰永續高股息,8,2,6,凱基-埔墘,2024-09-26,9288
4543,萬在,6,0,6,凱基-埔墘,2024-09-26,9288
00958B,永豐ESG銀行債15,5,0,5,凱基-埔墘,2024-09-26,9288
3037,欣興,276,8,268,凱基-埔墘,2024-09-27,9288
00632R,元大台灣50反1,62,0,62,凱基-埔墘,2024-09-27,9288
8076,伍豐,61,0,61,凱基-埔墘,2024-09-27,9288
0061,元大寶滬深,50,0,50,凱基-埔墘,2024-09-27,9288
1304,台聚,46,0,46,凱基-埔墘,2024-09-27,9288
2476,鉅祥,35,0,35,凱基-埔墘,2024-09-27,9288
00687B,國泰20年美債,29,0,29,凱基-埔墘,2024-09-27,9288
00960,野村全球航運龍頭,26,0,26,凱基-埔墘,2024-09-27,9288
2371,大同,20,0,20,凱基-埔墘,2024-09-27,9288
4414,如興,20,0,20,凱基-埔墘,2024-09-27,9288
4571,鈞興-KY,20,0,20,凱基-埔墘,2024-09-27,9288
9907,統一實,21,2,19,凱基-埔墘,2024-09-27,9288
00752,中信中國50,17,0,17,凱基-埔墘,2024-09-27,9288
00715L,期街口布蘭特正2,15,0,15,凱基-埔墘,2024-09-27,9288
00948B,中信優息投資級債,15,0,15,凱基-埔墘,2024-09-27,9288
8150,南茂,15,0,15,凱基-埔墘,2024-09-27,9288
2884,玉山金,15,0,15,凱基-埔墘,2024-09-27,9288
3162,精確,13,0,13,凱基-埔墘,2024-09-27,9288
4563,百德,13,0,13,凱基-埔墘,2024-09-27,9288
00929,復華台灣科技優息,15,2,13,凱基-埔墘,2024-09-27,9288
00642U,期元大S＆P石油,12,0,12,凱基-埔墘,2024-09-27,9288
00945B,凱基美國非投等債,12,0,12,凱基-埔墘,2024-09-27,9288
2388,威盛,16,5,11,凱基-埔墘,2024-09-27,9288
3163,波若威,11,0,11,凱基-埔墘,2024-09-27,9288
8021,尖點,11,0,11,凱基-埔墘,2024-09-27,9288
00952,凱基台灣AI50,10,0,10,凱基-埔墘,2024-09-27,9288
3003,健和興,10,0,10,凱基-埔墘,2024-09-27,9288
4716,大立,10,0,10,凱基-埔墘,2024-09-27,9288
2605,新興,9,0,9,凱基-埔墘,2024-09-27,9288
3005,神基,9,0,9,凱基-埔墘,2024-09-27,9288
1586,和勤,8,0,8,凱基-埔墘,2024-09-27,9288
2402,毅嘉,8,0,8,凱基-埔墘,2024-09-27,9288
2408,南亞科,10,2,8,凱基-埔墘,2024-09-27,9288
8299,群聯,8,0,8,凱基-埔墘,2024-09-27,9288
00679B,元大美債20年,18,10,8,凱基-埔墘,2024-09-27,9288
3303,岱稜,7,0,7,凱基-埔墘,2024-09-27,9288
5371,中光電,6,0,6,凱基-埔墘,2024-09-27,9288
00680L,元大美債20正2,6,0,6,凱基-埔墘,2024-09-27,9288
4952,凌通,6,0,6,凱基-埔墘,2024-09-27,9288
6215,和椿,13,7,6,凱基-埔墘,2024-09-27,9288
00907,永豐優息存股,5,0,5,凱基-埔墘,2024-09-27,9288
00795B,中信美國公債20年,5,0,5,凱基-埔墘,2024-09-27,9288
1584,精剛,6,1,5,凱基-埔墘,2024-09-27,9288
8111,立��,5,0,5,凱基-埔墘,2024-09-27,9288
9938,百和,5,0,5,凱基-埔墘,2024-09-27,9288
2009,第一銅,6,1,5,凱基-埔墘,2024-09-27,9288
3265,台星科,4,0,4,凱基-埔墘,2024-09-27,9288
6213,聯茂,5,1,4,凱基-埔墘,2024-09-27,9288
8147,正淩,5,1,4,凱基-埔墘,2024-09-27,9288
5871,中租-KY,6,2,4,凱基-埔墘,2024-09-27,9288
2618,長榮航,100,15,85,凱基-埔墘,2024-09-30,9288
0056,元大高股息,64,3,61,凱基-埔墘,2024-09-30,9288
00680L,元大美債20正2,60,0,60,凱基-埔墘,2024-09-30,9288
00679B,元大美債20年,57,0,57,凱基-埔墘,2024-09-30,9288
0061,元大寶滬深,50,0,50,凱基-埔墘,2024-09-30,9288
3290,東浦,50,0,50,凱基-埔墘,2024-09-30,9288
3605,宏致,50,0,50,凱基-埔墘,2024-09-30,9288
00687B,國泰20年美債,48,0,48,凱基-埔墘,2024-09-30,9288
9938,百和,58,10,48,凱基-埔墘,2024-09-30,9288
00937B,群益ESG投等債20,47,1,46,凱基-埔墘,2024-09-30,9288
8249,菱光,49,4,45,凱基-埔墘,2024-09-30,9288
9907,統一實,46,2,44,凱基-埔墘,2024-09-30,9288
00919,群益台灣精選高息,45,3,42,凱基-埔墘,2024-09-30,9288
3058,立德,30,0,30,凱基-埔墘,2024-09-30,9288
2027,大成鋼,27,0,27,凱基-埔墘,2024-09-30,9288
2891,中信金,24,0,24,凱基-埔墘,2024-09-30,9288
3481,群創,27,6,21,凱基-埔墘,2024-09-30,9288
2609,陽明,24,4,20,凱基-埔墘,2024-09-30,9288
3003,健和興,20,0,20,凱基-埔墘,2024-09-30,9288
2903,遠百,18,0,18,凱基-埔墘,2024-09-30,9288
6163,華電網,18,0,18,凱基-埔墘,2024-09-30,9288
2606,裕民,16,0,16,凱基-埔墘,2024-09-30,9288
00960,野村全球航運龍頭,15,0,15,凱基-埔墘,2024-09-30,9288
1301,台塑,15,1,14,凱基-埔墘,2024-09-30,9288
00929,復華台灣科技優息,20,6,14,凱基-埔墘,2024-09-30,9288
2867,三商壽,13,0,13,凱基-埔墘,2024-09-30,9288
2603,長榮,13,0,13,凱基-埔墘,2024-09-30,9288
3037,欣興,13,1,12,凱基-埔墘,2024-09-30,9288
4716,大立,12,0,12,凱基-埔墘,2024-09-30,9288
2330,台積電,12,2,10,凱基-埔墘,2024-09-30,9288
2030,彰源,18,8,10,凱基-埔墘,2024-09-30,9288
00945B,凱基美國非投等債,10,0,10,凱基-埔墘,2024-09-30,9288
5014,建錩,10,0,10,凱基-埔墘,2024-09-30,9288
00753L,中信中國50正2,10,1,9,凱基-埔墘,2024-09-30,9288
00948B,中信優息投資級債,8,0,8,凱基-埔墘,2024-09-30,9288
2464,盟立,11,3,8,凱基-埔墘,2024-09-30,9288
2317,鴻海,12,5,7,凱基-埔墘,2024-09-30,9288
2062,橋椿,7,0,7,凱基-埔墘,2024-09-30,9288
6609,瀧澤科,7,0,7,凱基-埔墘,2024-09-30,9288
6770,力積電,8,1,7,凱基-埔墘,2024-09-30,9288
3231,緯創,6,0,6,凱基-埔墘,2024-09-30,9288
00881,國泰台灣5G+,6,0,6,凱基-埔墘,2024-09-30,9288
2605,新興,17,11,6,凱基-埔墘,2024-09-30,9288
4906,正文,6,0,6,凱基-埔墘,2024-09-30,9288
00930,永豐ESG低碳高息,5,0,5,凱基-埔墘,2024-09-30,9288
00693U,期街口S＆P黃豆,5,0,5,凱基-埔墘,2024-09-30,9288
00946,群益科技高息成長,5,0,5,凱基-埔墘,2024-09-30,9288
00953B,群益優選非投等債,5,0,5,凱基-埔墘,2024-09-30,9288
3615,安可,5,0,5,凱基-埔墘,2024-09-30,9288
4903,聯光通,5,0,5,凱基-埔墘,2024-09-30,9288
00665L,富邦�琤肭磪囓�2,207,9,198,凱基-埔墘,2024-10-01,9288
2344,華邦電,95,0,95,凱基-埔墘,2024-10-01,9288
0056,元大高股息,68,0,68,凱基-埔墘,2024-10-01,9288
6438,迅得,36,3,33,凱基-埔墘,2024-10-01,9288
00687B,國泰20年美債,31,0,31,凱基-埔墘,2024-10-01,9288
2436,偉詮電,27,0,27,凱基-埔墘,2024-10-01,9288
00929,復華台灣科技優息,24,0,24,凱基-埔墘,2024-10-01,9288
6237,驊訊,19,0,19,凱基-埔墘,2024-10-01,9288
00948B,中信優息投資級債,17,0,17,凱基-埔墘,2024-10-01,9288
8105,凌巨,17,0,17,凱基-埔墘,2024-10-01,9288
00922,國泰台灣領袖50,15,0,15,凱基-埔墘,2024-10-01,9288
00927,群益半導體收益,13,0,13,凱基-埔墘,2024-10-01,9288
8249,菱光,13,0,13,凱基-埔墘,2024-10-01,9288
2834,臺企銀,12,0,12,凱基-埔墘,2024-10-01,9288
4915,致伸,11,0,11,凱基-埔墘,2024-10-01,9288
00915,凱基優選高股息30,11,0,11,凱基-埔墘,2024-10-01,9288
00679B,元大美債20年,10,0,10,凱基-埔墘,2024-10-01,9288
2014,中鴻,10,0,10,凱基-埔墘,2024-10-01,9288
2408,南亞科,10,0,10,凱基-埔墘,2024-10-01,9288
2515,中工,10,0,10,凱基-埔墘,2024-10-01,9288
3058,立德,10,0,10,凱基-埔墘,2024-10-01,9288
5351,鈺創,10,0,10,凱基-埔墘,2024-10-01,9288
5608,四維航,10,0,10,凱基-埔墘,2024-10-01,9288
2062,橋椿,8,0,8,凱基-埔墘,2024-10-01,9288
1313,聯成,7,0,7,凱基-埔墘,2024-10-01,9288
00878,國泰永續高股息,7,0,7,凱基-埔墘,2024-10-01,9288
3290,東浦,7,0,7,凱基-埔墘,2024-10-01,9288
5871,中租-KY,7,1,6,凱基-埔墘,2024-10-01,9288
3017,奇鋐,8,2,6,凱基-埔墘,2024-10-01,9288
00688L,國泰20年美債正2,6,0,6,凱基-埔墘,2024-10-01,9288
3580,友威科,6,0,6,凱基-埔墘,2024-10-01,9288
6491,晶碩,5,0,5,凱基-埔墘,2024-10-01,9288
00675L,富邦臺灣加權正2,5,0,5,凱基-埔墘,2024-10-01,9288
00952,凱基台灣AI50,5,0,5,凱基-埔墘,2024-10-01,9288
2103,台橡,5,0,5,凱基-埔墘,2024-10-01,9288
2331,精英,5,0,5,凱基-埔墘,2024-10-01,9288
2412,中華電,5,0,5,凱基-埔墘,2024-10-01,9288
2615,萬海,17,12,5,凱基-埔墘,2024-10-01,9288
6219,富旺,5,0,5,凱基-埔墘,2024-10-01,9288
6928,攸泰科技,5,0,5,凱基-埔墘,2024-10-01,9288
8039,台虹,7,2,5,凱基-埔墘,2024-10-01,9288
9962,有益,5,0,5,凱基-埔墘,2024-10-01,9288
2543,皇昌,5,1,4,凱基-埔墘,2024-10-01,9288
1319,東陽,4,0,4,凱基-埔墘,2024-10-01,9288
1721,三晃,5,1,4,凱基-埔墘,2024-10-01,9288
2316,楠梓電,5,1,4,凱基-埔墘,2024-10-01,9288
2367,燿華,4,0,4,凱基-埔墘,2024-10-01,9288
3511,矽瑪,4,0,4,凱基-埔墘,2024-10-01,9288
6546,正基,4,0,4,凱基-埔墘,2024-10-01,9288
6609,瀧澤科,4,0,4,凱基-埔墘,2024-10-01,9288
00882,中信中國高股息,171,35,136,凱基-埔墘,2024-10-04,9288
3037,欣興,103,0,103,凱基-埔墘,2024-10-04,9288
00680L,元大美債20正2,67,0,67,凱基-埔墘,2024-10-04,9288
00952,凱基台灣AI50,63,7,56,凱基-埔墘,2024-10-04,9288
00687B,國泰20年美債,53,0,53,凱基-埔墘,2024-10-04,9288
00940,元大台灣價值高息,53,1,52,凱基-埔墘,2024-10-04,9288
0061,元大寶滬深,50,0,50,凱基-埔墘,2024-10-04,9288
00919,群益台灣精選高息,62,14,48,凱基-埔墘,2024-10-04,9288
00688L,國泰20年美債正2,42,0,42,凱基-埔墘,2024-10-04,9288
2388,威盛,39,0,39,凱基-埔墘,2024-10-04,9288
1709,和益,40,3,37,凱基-埔墘,2024-10-04,9288
2609,陽明,38,1,37,凱基-埔墘,2024-10-04,9288
00679B,元大美債20年,32,1,31,凱基-埔墘,2024-10-04,9288
0056,元大高股息,32,1,31,凱基-埔墘,2024-10-04,9288
00673R,期元大S＆P原油反1,30,0,30,凱基-埔墘,2024-10-04,9288
00929,復華台灣科技優息,23,0,23,凱基-埔墘,2024-10-04,9288
2615,萬海,23,0,23,凱基-埔墘,2024-10-04,9288
2637,慧洋-KY,32,10,22,凱基-埔墘,2024-10-04,9288
00937B,群益ESG投等債20,20,0,20,凱基-埔墘,2024-10-04,9288
8039,台虹,23,4,19,凱基-埔墘,2024-10-04,9288
00960,野村全球航運龍頭,16,0,16,凱基-埔墘,2024-10-04,9288
2603,長榮,14,0,14,凱基-埔墘,2024-10-04,9288
00918,大華優利高填息30,11,0,11,凱基-埔墘,2024-10-04,9288
2498,宏達電,14,3,11,凱基-埔墘,2024-10-04,9288
00943,兆豐電子高息等權,12,1,11,凱基-埔墘,2024-10-04,9288
00948B,中信優息投資級債,11,0,11,凱基-埔墘,2024-10-04,9288
3017,奇鋐,10,0,10,凱基-埔墘,2024-10-04,9288
5351,鈺創,10,0,10,凱基-埔墘,2024-10-04,9288
1815,富喬,10,0,10,凱基-埔墘,2024-10-04,9288
3058,立德,10,0,10,凱基-埔墘,2024-10-04,9288
6152,百一,10,0,10,凱基-埔墘,2024-10-04,9288
8201,無敵,10,0,10,凱基-埔墘,2024-10-04,9288
8996,高力,10,0,10,凱基-埔墘,2024-10-04,9288
2449,京元電子,9,0,9,凱基-埔墘,2024-10-04,9288
4576,大銀微系統,9,0,9,凱基-埔墘,2024-10-04,9288
00915,凱基優選高股息30,8,0,8,凱基-埔墘,2024-10-04,9288
2610,華航,8,0,8,凱基-埔墘,2024-10-04,9288
4938,和碩,8,0,8,凱基-埔墘,2024-10-04,9288
6425,易發,13,5,8,凱基-埔墘,2024-10-04,9288
3048,益登,7,0,7,凱基-埔墘,2024-10-04,9288
3303,岱稜,7,0,7,凱基-埔墘,2024-10-04,9288
8917,欣泰,7,0,7,凱基-埔墘,2024-10-04,9288
00712,復華富時不動產,6,0,6,凱基-埔墘,2024-10-04,9288
00638R,元大滬深300反1,6,0,6,凱基-埔墘,2024-10-04,9288
2606,裕民,6,0,6,凱基-埔墘,2024-10-04,9288
6548,長科*,6,0,6,凱基-埔墘,2024-10-04,9288
2543,皇昌,7,1,6,凱基-埔墘,2024-10-04,9288
2402,毅嘉,10,4,6,凱基-埔墘,2024-10-04,9288
3293,鈊象,5,0,5,凱基-埔墘,2024-10-04,9288
00650L,復華香港正2,9,4,5,凱基-埔墘,2024-10-04,9288
00753L,中信中國50正2,77,8,69,凱基-埔墘,2024-10-07,9288
00665L,富邦�琤肭磪囓�2,66,1,65,凱基-埔墘,2024-10-07,9288
00637L,元大滬深300正2,118,57,61,凱基-埔墘,2024-10-07,9288
2103,台橡,53,0,53,凱基-埔墘,2024-10-07,9288
0061,元大寶滬深,53,3,50,凱基-埔墘,2024-10-07,9288
2106,建大,36,0,36,凱基-埔墘,2024-10-07,9288
2382,廣達,33,1,32,凱基-埔墘,2024-10-07,9288
00679B,元大美債20年,27,0,27,凱基-埔墘,2024-10-07,9288
8996,高力,21,0,21,凱基-埔墘,2024-10-07,9288
00940,元大台灣價值高息,20,0,20,凱基-埔墘,2024-10-07,9288
1709,和益,17,0,17,凱基-埔墘,2024-10-07,9288
4571,鈞興-KY,17,0,17,凱基-埔墘,2024-10-07,9288
0056,元大高股息,21,7,14,凱基-埔墘,2024-10-07,9288
2027,大成鋼,15,1,14,凱基-埔墘,2024-10-07,9288
3040,遠見,14,0,14,凱基-埔墘,2024-10-07,9288
2455,全新,13,0,13,凱基-埔墘,2024-10-07,9288
00919,群益台灣精選高息,12,0,12,凱基-埔墘,2024-10-07,9288
00688L,國泰20年美債正2,12,0,12,凱基-埔墘,2024-10-07,9288
00687B,國泰20年美債,12,0,12,凱基-埔墘,2024-10-07,9288
00632R,元大台灣50反1,10,0,10,凱基-埔墘,2024-10-07,9288
1809,中釉,10,0,10,凱基-埔墘,2024-10-07,9288
2887,台新金,10,0,10,凱基-埔墘,2024-10-07,9288
4968,立積,10,0,10,凱基-埔墘,2024-10-07,9288
6126,信音,11,1,10,凱基-埔墘,2024-10-07,9288
00680L,元大美債20正2,19,10,9,凱基-埔墘,2024-10-07,9288
2867,三商壽,10,1,9,凱基-埔墘,2024-10-07,9288
6426,統新,10,1,9,凱基-埔墘,2024-10-07,9288
4903,聯光通,8,0,8,凱基-埔墘,2024-10-07,9288
6805,富世達,10,2,8,凱基-埔墘,2024-10-07,9288
00878,國泰永續高股息,8,0,8,凱基-埔墘,2024-10-07,9288
2615,萬海,12,5,7,凱基-埔墘,2024-10-07,9288
2888,新光金,7,0,7,凱基-埔墘,2024-10-07,9288
3056,富華新,7,0,7,凱基-埔墘,2024-10-07,9288
2408,南亞科,7,0,7,凱基-埔墘,2024-10-07,9288
2349,錸德,20,14,6,凱基-埔墘,2024-10-07,9288
2316,楠梓電,7,1,6,凱基-埔墘,2024-10-07,9288
2495,普安,8,2,6,凱基-埔墘,2024-10-07,9288
9904,寶成,6,0,6,凱基-埔墘,2024-10-07,9288
2313,華通,5,0,5,凱基-埔墘,2024-10-07,9288
2356,英業達,6,1,5,凱基-埔墘,2024-10-07,9288
00953B,群益優選非投等債,5,0,5,凱基-埔墘,2024-10-07,9288
2458,義隆,5,0,5,凱基-埔墘,2024-10-07,9288
3037,欣興,5,0,5,凱基-埔墘,2024-10-07,9288
3265,台星科,6,1,5,凱基-埔墘,2024-10-07,9288
3706,神達,5,0,5,凱基-埔墘,2024-10-07,9288
5351,鈺創,5,0,5,凱基-埔墘,2024-10-07,9288
6141,柏承,5,0,5,凱基-埔墘,2024-10-07,9288
6526,達發,5,0,5,凱基-埔墘,2024-10-07,9288
2317,鴻海,12,7,5,凱基-埔墘,2024-10-07,9288
00638R,元大滬深300反1,10,6,4,凱基-埔墘,2024-10-07,9288
00637L,元大滬深300正2,180,24,156,凱基-埔墘,2024-10-08,9288
00922,國泰台灣領袖50,106,0,106,凱基-埔墘,2024-10-08,9288
00753L,中信中國50正2,115,15,100,凱基-埔墘,2024-10-08,9288
00929,復華台灣科技優息,71,0,71,凱基-埔墘,2024-10-08,9288
2891,中信金,68,2,66,凱基-埔墘,2024-10-08,9288
00665L,富邦�琤肭磪囓�2,67,6,61,凱基-埔墘,2024-10-08,9288
00857B,永豐20年美公債,40,0,40,凱基-埔墘,2024-10-08,9288
5230,雷笛克光學,40,0,40,凱基-埔墘,2024-10-08,9288
00937B,群益ESG投等債20,35,0,35,凱基-埔墘,2024-10-08,9288
2027,大成鋼,36,8,28,凱基-埔墘,2024-10-08,9288
00636,國泰中國A50,27,0,27,凱基-埔墘,2024-10-08,9288
5443,均豪,99,73,26,凱基-埔墘,2024-10-08,9288
00887,永豐中國科技50大,27,6,21,凱基-埔墘,2024-10-08,9288
00927,群益半導體收益,20,0,20,凱基-埔墘,2024-10-08,9288
00943,兆豐電子高息等權,20,0,20,凱基-埔墘,2024-10-08,9288
6116,彩晶,20,0,20,凱基-埔墘,2024-10-08,9288
6877,鏵友益,20,0,20,凱基-埔墘,2024-10-08,9288
0056,元大高股息,19,1,18,凱基-埔墘,2024-10-08,9288
00680L,元大美債20正2,17,0,17,凱基-埔墘,2024-10-08,9288
2601,益航,18,1,17,凱基-埔墘,2024-10-08,9288
00940,元大台灣價值高息,16,0,16,凱基-埔墘,2024-10-08,9288
00687B,國泰20年美債,15,0,15,凱基-埔墘,2024-10-08,9288
00673R,期元大S＆P原油反1,15,0,15,凱基-埔墘,2024-10-08,9288
2476,鉅祥,14,0,14,凱基-埔墘,2024-10-08,9288
3481,群創,16,2,14,凱基-埔墘,2024-10-08,9288
00919,群益台灣精選高息,13,0,13,凱基-埔墘,2024-10-08,9288
4979,華星光,19,6,13,凱基-埔墘,2024-10-08,9288
00878,國泰永續高股息,13,1,12,凱基-埔墘,2024-10-08,9288
00960,野村全球航運龍頭,11,0,11,凱基-埔墘,2024-10-08,9288
2362,藍天,18,7,11,凱基-埔墘,2024-10-08,9288
2374,佳能,23,13,10,凱基-埔墘,2024-10-08,9288
2498,宏達電,10,0,10,凱基-埔墘,2024-10-08,9288
00639,富邦深100,10,0,10,凱基-埔墘,2024-10-08,9288
1709,和益,10,0,10,凱基-埔墘,2024-10-08,9288
2014,中鴻,10,0,10,凱基-埔墘,2024-10-08,9288
2206,三陽工業,10,0,10,凱基-埔墘,2024-10-08,9288
3032,偉訓,10,0,10,凱基-埔墘,2024-10-08,9288
1815,富喬,9,0,9,凱基-埔墘,2024-10-08,9288
5309,系統電,8,0,8,凱基-埔墘,2024-10-08,9288
2467,志聖,9,1,8,凱基-埔墘,2024-10-08,9288
00655L,國泰中國A50正2,7,0,7,凱基-埔墘,2024-10-08,9288
2425,承啟,9,2,7,凱基-埔墘,2024-10-08,9288
6124,業強,7,0,7,凱基-埔墘,2024-10-08,9288
6651,全宇昕,7,0,7,凱基-埔墘,2024-10-08,9288
00921,兆豐龍頭等權重,6,0,6,凱基-埔墘,2024-10-08,9288
00948B,中信優息投資級債,6,0,6,凱基-埔墘,2024-10-08,9288
2408,南亞科,8,2,6,凱基-埔墘,2024-10-08,9288
2461,光群雷,6,0,6,凱基-埔墘,2024-10-08,9288
2834,臺企銀,7,1,6,凱基-埔墘,2024-10-08,9288
3033,威健,6,0,6,凱基-埔墘,2024-10-08,9288
3360,尚立,66,2,64,凱基-埔墘,2024-10-09,9288
2851,中再保,50,0,50,凱基-埔墘,2024-10-09,9288
2486,一詮,58,9,49,凱基-埔墘,2024-10-09,9288
5288,豐祥-KY,39,0,39,凱基-埔墘,2024-10-09,9288
3209,全科,38,1,37,凱基-埔墘,2024-10-09,9288
5521,工信,30,0,30,凱基-埔墘,2024-10-09,9288
00680L,元大美債20正2,20,0,20,凱基-埔墘,2024-10-09,9288
8028,昇陽半導體,25,6,19,凱基-埔墘,2024-10-09,9288
8996,高力,20,1,19,凱基-埔墘,2024-10-09,9288
00919,群益台灣精選高息,16,0,16,凱基-埔墘,2024-10-09,9288
2359,所羅門,15,0,15,凱基-埔墘,2024-10-09,9288
2867,三商壽,16,1,15,凱基-埔墘,2024-10-09,9288
8105,凌巨,14,0,14,凱基-埔墘,2024-10-09,9288
00688L,國泰20年美債正2,13,0,13,凱基-埔墘,2024-10-09,9288
00918,大華優利高填息30,10,0,10,凱基-埔墘,2024-10-09,9288
2337,旺宏,10,0,10,凱基-埔墘,2024-10-09,9288
4743,合一,10,0,10,凱基-埔墘,2024-10-09,9288
5225,東科-KY,10,0,10,凱基-埔墘,2024-10-09,9288
00687B,國泰20年美債,8,0,8,凱基-埔墘,2024-10-09,9288
00653L,富邦印度正2,8,0,8,凱基-埔墘,2024-10-09,9288
6126,信音,10,2,8,凱基-埔墘,2024-10-09,9288
2498,宏達電,8,1,7,凱基-埔墘,2024-10-09,9288
00679B,元大美債20年,7,0,7,凱基-埔墘,2024-10-09,9288
00642U,期元大S＆P石油,10,3,7,凱基-埔墘,2024-10-09,9288
00943,兆豐電子高息等權,7,0,7,凱基-埔墘,2024-10-09,9288
3511,矽瑪,11,4,7,凱基-埔墘,2024-10-09,9288
8021,尖點,7,0,7,凱基-埔墘,2024-10-09,9288
00952,凱基台灣AI50,6,0,6,凱基-埔墘,2024-10-09,9288
2367,燿華,6,0,6,凱基-埔墘,2024-10-09,9288
2888,新光金,6,0,6,凱基-埔墘,2024-10-09,9288
0056,元大高股息,15,10,5,凱基-埔墘,2024-10-09,9288
00753L,中信中國50正2,7,2,5,凱基-埔墘,2024-10-09,9288
2892,第一金,5,0,5,凱基-埔墘,2024-10-09,9288
00703,台新MSCI中國,5,0,5,凱基-埔墘,2024-10-09,9288
00882,中信中國高股息,14,9,5,凱基-埔墘,2024-10-09,9288
2363,矽統,42,37,5,凱基-埔墘,2024-10-09,9288
2402,毅嘉,5,0,5,凱基-埔墘,2024-10-09,9288
2897,王道銀行,5,0,5,凱基-埔墘,2024-10-09,9288
3265,台星科,5,0,5,凱基-埔墘,2024-10-09,9288
3357,臺慶科,5,0,5,凱基-埔墘,2024-10-09,9288
3645,達邁,5,0,5,凱基-埔墘,2024-10-09,9288
3712,永崴投控,5,0,5,凱基-埔墘,2024-10-09,9288
5907,大洋-KY,5,0,5,凱基-埔墘,2024-10-09,9288
6116,彩晶,5,0,5,凱基-埔墘,2024-10-09,9288
6219,富旺,5,0,5,凱基-埔墘,2024-10-09,9288
6271,同欣電,5,0,5,凱基-埔墘,2024-10-09,9288
8097,常珵,5,0,5,凱基-埔墘,2024-10-09,9288
8222,寶一,5,0,5,凱基-埔墘,2024-10-09,9288
912000,晨訊科-DR,5,0,5,凱基-埔墘,2024-10-09,9288
00922,國泰台灣領袖50,4,0,4,凱基-埔墘,2024-10-09,9288
9907,統一實,173,2,171,凱基-埔墘,2024-10-11,9288
0056,元大高股息,88,0,88,凱基-埔墘,2024-10-11,9288
2388,威盛,84,0,84,凱基-埔墘,2024-10-11,9288
1314,中石化,108,41,67,凱基-埔墘,2024-10-11,9288
00679B,元大美債20年,51,0,51,凱基-埔墘,2024-10-11,9288
8103,瀚荃,47,0,47,凱基-埔墘,2024-10-11,9288
00680L,元大美債20正2,40,0,40,凱基-埔墘,2024-10-11,9288
5608,四維航,30,0,30,凱基-埔墘,2024-10-11,9288
6167,久正,30,0,30,凱基-埔墘,2024-10-11,9288
3583,辛耘,34,4,30,凱基-埔墘,2024-10-11,9288
00632R,元大台灣50反1,57,30,27,凱基-埔墘,2024-10-11,9288
8107,大億金茂,26,0,26,凱基-埔墘,2024-10-11,9288
00687B,國泰20年美債,26,2,24,凱基-埔墘,2024-10-11,9288
6116,彩晶,23,0,23,凱基-埔墘,2024-10-11,9288
2344,華邦電,38,15,23,凱基-埔墘,2024-10-11,9288
00922,國泰台灣領袖50,17,0,17,凱基-埔墘,2024-10-11,9288
3303,岱稜,16,1,15,凱基-埔墘,2024-10-11,9288
00637L,元大滬深300正2,17,5,12,凱基-埔墘,2024-10-11,9288
2515,中工,10,0,10,凱基-埔墘,2024-10-11,9288
00933B,國泰10Y+金融債,10,0,10,凱基-埔墘,2024-10-11,9288
00673R,期元大S＆P原油反1,10,0,10,凱基-埔墘,2024-10-11,9288
2867,三商壽,10,0,10,凱基-埔墘,2024-10-11,9288
2887,台新金,10,0,10,凱基-埔墘,2024-10-11,9288
2897,王道銀行,10,0,10,凱基-埔墘,2024-10-11,9288
3032,偉訓,10,0,10,凱基-埔墘,2024-10-11,9288
4967,十銓,11,1,10,凱基-埔墘,2024-10-11,9288
3706,神達,12,3,9,凱基-埔墘,2024-10-11,9288
5225,東科-KY,9,0,9,凱基-埔墘,2024-10-11,9288
4909,新復興,10,2,8,凱基-埔墘,2024-10-11,9288
00753L,中信中國50正2,9,1,8,凱基-埔墘,2024-10-11,9288
3149,正達,12,4,8,凱基-埔墘,2024-10-11,9288
3162,精確,13,5,8,凱基-埔墘,2024-10-11,9288
2356,英業達,7,0,7,凱基-埔墘,2024-10-11,9288
2354,鴻準,9,2,7,凱基-埔墘,2024-10-11,9288
2634,漢翔,7,0,7,凱基-埔墘,2024-10-11,9288
3033,威健,6,0,6,凱基-埔墘,2024-10-11,9288
2359,所羅門,5,0,5,凱基-埔墘,2024-10-11,9288
2449,京元電子,13,8,5,凱基-埔墘,2024-10-11,9288
00696B,富邦美債20年,5,0,5,凱基-埔墘,2024-10-11,9288
2888,新光金,5,0,5,凱基-埔墘,2024-10-11,9288
4164,承業醫,5,0,5,凱基-埔墘,2024-10-11,9288
4991,環宇-KY,10,5,5,凱基-埔墘,2024-10-11,9288
5351,鈺創,5,0,5,凱基-埔墘,2024-10-11,9288
6617,共信-KY,5,0,5,凱基-埔墘,2024-10-11,9288
8111,立��,8,3,5,凱基-埔墘,2024-10-11,9288
00948B,中信優息投資級債,4,0,4,凱基-埔墘,2024-10-11,9288
5206,坤悅,4,0,4,凱基-埔墘,2024-10-11,9288
6207,雷科,4,0,4,凱基-埔墘,2024-10-11,9288
00960,野村全球航運龍頭,3,0,3,凱基-埔墘,2024-10-11,9288
1815,富喬,3,0,3,凱基-埔墘,2024-10-11,9288
9907,統一實,170,2,168,凱基-埔墘,2024-10-14,9288
00753L,中信中國50正2,75,1,74,凱基-埔墘,2024-10-14,9288
6451,訊芯-KY,56,5,51,凱基-埔墘,2024-10-14,9288
00679B,元大美債20年,46,10,36,凱基-埔墘,2024-10-14,9288
00680L,元大美債20正2,33,0,33,凱基-埔墘,2024-10-14,9288
8917,欣泰,28,0,28,凱基-埔墘,2024-10-14,9288
00937B,群益ESG投等債20,27,0,27,凱基-埔墘,2024-10-14,9288
00887,永豐中國科技50大,27,2,25,凱基-埔墘,2024-10-14,9288
3591,艾笛森,23,0,23,凱基-埔墘,2024-10-14,9288
2359,所羅門,26,4,22,凱基-埔墘,2024-10-14,9288
9105,泰金寶-DR,20,0,20,凱基-埔墘,2024-10-14,9288
00687B,國泰20年美債,21,3,18,凱基-埔墘,2024-10-14,9288
00922,國泰台灣領袖50,19,1,18,凱基-埔墘,2024-10-14,9288
00878,國泰永續高股息,16,1,15,凱基-埔墘,2024-10-14,9288
2344,華邦電,28,15,13,凱基-埔墘,2024-10-14,9288
2887,台新金,12,0,12,凱基-埔墘,2024-10-14,9288
00945B,凱基美國非投等債,10,0,10,凱基-埔墘,2024-10-14,9288
00715L,期街口布蘭特正2,10,0,10,凱基-埔墘,2024-10-14,9288
2312,金寶,23,13,10,凱基-埔墘,2024-10-14,9288
2486,一詮,11,1,10,凱基-埔墘,2024-10-14,9288
5309,系統電,10,0,10,凱基-埔墘,2024-10-14,9288
5905,南仁湖,25,16,9,凱基-埔墘,2024-10-14,9288
2634,漢翔,8,0,8,凱基-埔墘,2024-10-14,9288
5371,中光電,8,0,8,凱基-埔墘,2024-10-14,9288
9938,百和,9,1,8,凱基-埔墘,2024-10-14,9288
8011,台通,10,2,8,凱基-埔墘,2024-10-14,9288
00882,中信中國高股息,11,4,7,凱基-埔墘,2024-10-14,9288
2023,燁輝,7,0,7,凱基-埔墘,2024-10-14,9288
3049,精金,14,7,7,凱基-埔墘,2024-10-14,9288
6116,彩晶,7,0,7,凱基-埔墘,2024-10-14,9288
1815,富喬,6,0,6,凱基-埔墘,2024-10-14,9288
3013,晟銘電,7,1,6,凱基-埔墘,2024-10-14,9288
5516,雙喜,6,0,6,凱基-埔墘,2024-10-14,9288
00720B,元大投資級公司債,5,0,5,凱基-埔墘,2024-10-14,9288
2476,鉅祥,7,2,5,凱基-埔墘,2024-10-14,9288
2498,宏達電,5,0,5,凱基-埔墘,2024-10-14,9288
6139,亞翔,5,0,5,凱基-埔墘,2024-10-14,9288
6426,統新,5,0,5,凱基-埔墘,2024-10-14,9288
8032,光菱,7,2,5,凱基-埔墘,2024-10-14,9288
2103,台橡,4,0,4,凱基-埔墘,2024-10-14,9288
2427,三商電,4,0,4,凱基-埔墘,2024-10-14,9288
2888,新光金,6,2,4,凱基-埔墘,2024-10-14,9288
00713,元大台灣高息低波,3,0,3,凱基-埔墘,2024-10-14,9288
00751B,元大AAA至A公司債,3,0,3,凱基-埔墘,2024-10-14,9288
00722B,群益投資級電信債,3,0,3,凱基-埔墘,2024-10-14,9288
1326,台化,5,2,3,凱基-埔墘,2024-10-14,9288
1595,川寶,3,0,3,凱基-埔墘,2024-10-14,9288
1711,永光,3,0,3,凱基-埔墘,2024-10-14,9288
2426,鼎元,8,5,3,凱基-埔墘,2024-10-14,9288
3380,明泰,3,0,3,凱基-埔墘,2024-10-14,9288
00753L,中信中國50正2,517,168,349,凱基-埔墘,2024-10-15,9288
00679B,元大美債20年,96,0,96,凱基-埔墘,2024-10-15,9288
4979,華星光,90,7,83,凱基-埔墘,2024-10-15,9288
0056,元大高股息,152,81,71,凱基-埔墘,2024-10-15,9288
00680L,元大美債20正2,55,0,55,凱基-埔墘,2024-10-15,9288
00725B,國泰投資級公司債,50,0,50,凱基-埔墘,2024-10-15,9288
00632R,元大台灣50反1,50,0,50,凱基-埔墘,2024-10-15,9288
2891,中信金,62,15,47,凱基-埔墘,2024-10-15,9288
1709,和益,43,0,43,凱基-埔墘,2024-10-15,9288
5234,達興材料,25,0,25,凱基-埔墘,2024-10-15,9288
6449,鈺邦,21,0,21,凱基-埔墘,2024-10-15,9288
2476,鉅祥,20,0,20,凱基-埔墘,2024-10-15,9288
0050,元大台灣50,23,6,17,凱基-埔墘,2024-10-15,9288
00943,兆豐電子高息等權,13,0,13,凱基-埔墘,2024-10-15,9288
3707,漢磊,11,0,11,凱基-埔墘,2024-10-15,9288
3447,展達,34,23,11,凱基-埔墘,2024-10-15,9288
00961,FT臺灣永續高息,10,0,10,凱基-埔墘,2024-10-15,9288
3577,泓格,10,0,10,凱基-埔墘,2024-10-15,9288
6877,鏵友益,10,0,10,凱基-埔墘,2024-10-15,9288
8103,瀚荃,10,0,10,凱基-埔墘,2024-10-15,9288
3033,威健,17,8,9,凱基-埔墘,2024-10-15,9288
00713,元大台灣高息低波,14,6,8,凱基-埔墘,2024-10-15,9288
8917,欣泰,8,0,8,凱基-埔墘,2024-10-15,9288
00715L,期街口布蘭特正2,7,0,7,凱基-埔墘,2024-10-15,9288
00642U,期元大S＆P石油,7,0,7,凱基-埔墘,2024-10-15,9288
2408,南亞科,10,3,7,凱基-埔墘,2024-10-15,9288
9938,百和,12,5,7,凱基-埔墘,2024-10-15,9288
4174,浩鼎,6,0,6,凱基-埔墘,2024-10-15,9288
1326,台化,7,1,6,凱基-埔墘,2024-10-15,9288
1503,士電,6,0,6,凱基-埔墘,2024-10-15,9288
4551,智伸科,6,0,6,凱基-埔墘,2024-10-15,9288
6213,聯茂,6,0,6,凱基-埔墘,2024-10-15,9288
6451,訊芯-KY,10,4,6,凱基-埔墘,2024-10-15,9288
2867,三商壽,5,0,5,凱基-埔墘,2024-10-15,9288
00687B,國泰20年美債,25,20,5,凱基-埔墘,2024-10-15,9288
00878,國泰永續高股息,10,5,5,凱基-埔墘,2024-10-15,9288
00932,兆豐永續高息等權,5,0,5,凱基-埔墘,2024-10-15,9288
2312,金寶,18,13,5,凱基-埔墘,2024-10-15,9288
3013,晟銘電,7,2,5,凱基-埔墘,2024-10-15,9288
4510,高鋒,5,0,5,凱基-埔墘,2024-10-15,9288
6126,信音,5,0,5,凱基-埔墘,2024-10-15,9288
3498,陽程,6,1,5,凱基-埔墘,2024-10-15,9288
00948B,中信優息投資級債,4,0,4,凱基-埔墘,2024-10-15,9288
3551,世禾,4,0,4,凱基-埔墘,2024-10-15,9288
4903,聯光通,4,0,4,凱基-埔墘,2024-10-15,9288
5460,同協,6,2,4,凱基-埔墘,2024-10-15,9288
6163,華電網,4,0,4,凱基-埔墘,2024-10-15,9288
8105,凌巨,8,4,4,凱基-埔墘,2024-10-15,9288
8906,花王,4,0,4,凱基-埔墘,2024-10-15,9288
00936,台新永續高息中小,5,1,4,凱基-埔墘,2024-10-15,9288
00753L,中信中國50正2,256,3,253,凱基-埔墘,2024-10-16,9288
0056,元大高股息,156,1,155,凱基-埔墘,2024-10-16,9288
00725B,國泰投資級公司債,76,0,76,凱基-埔墘,2024-10-16,9288
00687B,國泰20年美債,61,0,61,凱基-埔墘,2024-10-16,9288
3060,銘異,30,0,30,凱基-埔墘,2024-10-16,9288
4979,華星光,30,2,28,凱基-埔墘,2024-10-16,9288
8076,伍豐,24,0,24,凱基-埔墘,2024-10-16,9288
00688L,國泰20年美債正2,20,0,20,凱基-埔墘,2024-10-16,9288
0050,元大台灣50,23,6,17,凱基-埔墘,2024-10-16,9288
00891,中信關鍵半導體,15,0,15,凱基-埔墘,2024-10-16,9288
2630,亞航,15,0,15,凱基-埔墘,2024-10-16,9288
00878,國泰永續高股息,13,0,13,凱基-埔墘,2024-10-16,9288
00887,永豐中國科技50大,14,2,12,凱基-埔墘,2024-10-16,9288
00922,國泰台灣領袖50,11,0,11,凱基-埔墘,2024-10-16,9288
1314,中石化,11,0,11,凱基-埔墘,2024-10-16,9288
2476,鉅祥,11,0,11,凱基-埔墘,2024-10-16,9288
00919,群益台灣精選高息,11,1,10,凱基-埔墘,2024-10-16,9288
00915,凱基優選高股息30,10,0,10,凱基-埔墘,2024-10-16,9288
1709,和益,10,0,10,凱基-埔墘,2024-10-16,9288
2393,億光,10,0,10,凱基-埔墘,2024-10-16,9288
00675L,富邦臺灣加權正2,9,0,9,凱基-埔墘,2024-10-16,9288
1785,光洋科,9,0,9,凱基-埔墘,2024-10-16,9288
8917,欣泰,9,0,9,凱基-埔墘,2024-10-16,9288
3450,聯鈞,35,27,8,凱基-埔墘,2024-10-16,9288
2903,遠百,8,0,8,凱基-埔墘,2024-10-16,9288
3149,正達,24,16,8,凱基-埔墘,2024-10-16,9288
4174,浩鼎,9,1,8,凱基-埔墘,2024-10-16,9288
6134,萬旭,27,19,8,凱基-埔墘,2024-10-16,9288
4561,健椿,7,0,7,凱基-埔墘,2024-10-16,9288
2891,中信金,9,2,7,凱基-埔墘,2024-10-16,9288
2317,鴻海,9,2,7,凱基-埔墘,2024-10-16,9288
2330,台積電,9,3,6,凱基-埔墘,2024-10-16,9288
00642U,期元大S＆P石油,6,0,6,凱基-埔墘,2024-10-16,9288
0052,富邦科技,6,0,6,凱基-埔墘,2024-10-16,9288
1605,華新,6,0,6,凱基-埔墘,2024-10-16,9288
2426,鼎元,10,4,6,凱基-埔墘,2024-10-16,9288
6116,彩晶,6,0,6,凱基-埔墘,2024-10-16,9288
2887,台新金,5,0,5,凱基-埔墘,2024-10-16,9288
2498,宏達電,10,5,5,凱基-埔墘,2024-10-16,9288
00830,國泰費城半導體,5,0,5,凱基-埔墘,2024-10-16,9288
1474,弘裕,5,0,5,凱基-埔墘,2024-10-16,9288
2365,昆盈,6,1,5,凱基-埔墘,2024-10-16,9288
4563,百德,5,0,5,凱基-埔墘,2024-10-16,9288
5481,新華,5,0,5,凱基-埔墘,2024-10-16,9288
6112,邁達特,5,0,5,凱基-埔墘,2024-10-16,9288
6168,宏齊,5,0,5,凱基-埔墘,2024-10-16,9288
6589,台康生技,5,0,5,凱基-埔墘,2024-10-16,9288
8032,光菱,5,0,5,凱基-埔墘,2024-10-16,9288
00881,國泰台灣5G+,4,0,4,凱基-埔墘,2024-10-16,9288
00858,永豐美國500大,4,0,4,凱基-埔墘,2024-10-16,9288
3450,聯鈞,208,14,194,凱基-埔墘,2024-10-17,9288
00922,國泰台灣領袖50,56,1,55,凱基-埔墘,2024-10-17,9288
6546,正基,50,1,49,凱基-埔墘,2024-10-17,9288
8240,華宏,56,10,46,凱基-埔墘,2024-10-17,9288
00753L,中信中國50正2,47,2,45,凱基-埔墘,2024-10-17,9288
2486,一詮,37,2,35,凱基-埔墘,2024-10-17,9288
4909,新復興,22,0,22,凱基-埔墘,2024-10-17,9288
9904,寶成,21,0,21,凱基-埔墘,2024-10-17,9288
00919,群益台灣精選高息,18,0,18,凱基-埔墘,2024-10-17,9288
2399,映泰,37,20,17,凱基-埔墘,2024-10-17,9288
0050,元大台灣50,16,0,16,凱基-埔墘,2024-10-17,9288
2421,建準,16,0,16,凱基-埔墘,2024-10-17,9288
4526,東台,15,1,14,凱基-埔墘,2024-10-17,9288
6283,淳安,14,0,14,凱基-埔墘,2024-10-17,9288
8103,瀚荃,13,0,13,凱基-埔墘,2024-10-17,9288
00960,野村全球航運龍頭,11,0,11,凱基-埔墘,2024-10-17,9288
0056,元大高股息,12,1,11,凱基-埔墘,2024-10-17,9288
2412,中華電,10,0,10,凱基-埔墘,2024-10-17,9288
2038,海光,10,0,10,凱基-埔墘,2024-10-17,9288
2374,佳能,12,2,10,凱基-埔墘,2024-10-17,9288
2476,鉅祥,10,0,10,凱基-埔墘,2024-10-17,9288
3049,精金,10,0,10,凱基-埔墘,2024-10-17,9288
8070,長華*,10,0,10,凱基-埔墘,2024-10-17,9288
00687B,國泰20年美債,9,0,9,凱基-埔墘,2024-10-17,9288
00887,永豐中國科技50大,8,0,8,凱基-埔墘,2024-10-17,9288
00932,兆豐永續高息等權,10,2,8,凱基-埔墘,2024-10-17,9288
2903,遠百,9,1,8,凱基-埔墘,2024-10-17,9288
4736,泰博,8,0,8,凱基-埔墘,2024-10-17,9288
5230,雷笛克光學,15,7,8,凱基-埔墘,2024-10-17,9288
4958,臻鼎-KY,7,0,7,凱基-埔墘,2024-10-17,9288
6443,元晶,6,0,6,凱基-埔墘,2024-10-17,9288
8064,東捷,42,36,6,凱基-埔墘,2024-10-17,9288
1319,東陽,5,0,5,凱基-埔墘,2024-10-17,9288
00923,群益台ESG低碳50,5,0,5,凱基-埔墘,2024-10-17,9288
00688L,國泰20年美債正2,5,0,5,凱基-埔墘,2024-10-17,9288
00680L,元大美債20正2,5,0,5,凱基-埔墘,2024-10-17,9288
1528,恩德,31,26,5,凱基-埔墘,2024-10-17,9288
3577,泓格,5,0,5,凱基-埔墘,2024-10-17,9288
8111,立��,13,8,5,凱基-埔墘,2024-10-17,9288
1605,華新,11,6,5,凱基-埔墘,2024-10-17,9288
2330,台積電,20,16,4,凱基-埔墘,2024-10-17,9288
2014,中鴻,5,1,4,凱基-埔墘,2024-10-17,9288
2637,慧洋-KY,4,0,4,凱基-埔墘,2024-10-17,9288
4903,聯光通,23,19,4,凱基-埔墘,2024-10-17,9288
5443,均豪,6,2,4,凱基-埔墘,2024-10-17,9288
5521,工信,4,0,4,凱基-埔墘,2024-10-17,9288
6763,綠界科技*,4,0,4,凱基-埔墘,2024-10-17,9288
00675L,富邦臺灣加權正2,3,0,3,凱基-埔墘,2024-10-17,9288
1710,東聯,3,0,3,凱基-埔墘,2024-10-17,9288
2340,台亞,3,0,3,凱基-埔墘,2024-10-17,9288
00753L,中信中國50正2,55,1,54,凱基-埔墘,2024-10-18,9288
2344,華邦電,51,0,51,凱基-埔墘,2024-10-18,9288
2887,台新金,51,0,51,凱基-埔墘,2024-10-18,9288
3481,群創,69,20,49,凱基-埔墘,2024-10-18,9288
00680L,元大美債20正2,42,0,42,凱基-埔墘,2024-10-18,9288
2641,正德,40,0,40,凱基-埔墘,2024-10-18,9288
3450,聯鈞,38,4,34,凱基-埔墘,2024-10-18,9288
2331,精英,30,0,30,凱基-埔墘,2024-10-18,9288
00679B,元大美債20年,27,0,27,凱基-埔墘,2024-10-18,9288
2476,鉅祥,25,0,25,凱基-埔墘,2024-10-18,9288
8039,台虹,22,0,22,凱基-埔墘,2024-10-18,9288
8240,華宏,21,0,21,凱基-埔墘,2024-10-18,9288
00687B,國泰20年美債,19,0,19,凱基-埔墘,2024-10-18,9288
4164,承業醫,17,0,17,凱基-埔墘,2024-10-18,9288
2388,威盛,16,0,16,凱基-埔墘,2024-10-18,9288
2303,聯電,15,0,15,凱基-埔墘,2024-10-18,9288
00675L,富邦臺灣加權正2,15,0,15,凱基-埔墘,2024-10-18,9288
3049,精金,16,1,15,凱基-埔墘,2024-10-18,9288
4979,華星光,16,1,15,凱基-埔墘,2024-10-18,9288
2374,佳能,28,15,13,凱基-埔墘,2024-10-18,9288
1314,中石化,12,0,12,凱基-埔墘,2024-10-18,9288
00931B,統一美債20年,12,0,12,凱基-埔墘,2024-10-18,9288
00688L,國泰20年美債正2,15,4,11,凱基-埔墘,2024-10-18,9288
1785,光洋科,12,1,11,凱基-埔墘,2024-10-18,9288
9907,統一實,12,1,11,凱基-埔墘,2024-10-18,9288
00907,永豐優息存股,10,0,10,凱基-埔墘,2024-10-18,9288
00927,群益半導體收益,10,0,10,凱基-埔墘,2024-10-18,9288
00953B,群益優選非投等債,10,0,10,凱基-埔墘,2024-10-18,9288
6770,力積電,10,0,10,凱基-埔墘,2024-10-18,9288
8112,至上,10,0,10,凱基-埔墘,2024-10-18,9288
00919,群益台灣精選高息,15,6,9,凱基-埔墘,2024-10-18,9288
00887,永豐中國科技50大,9,0,9,凱基-埔墘,2024-10-18,9288
1597,直得,9,0,9,凱基-埔墘,2024-10-18,9288
3062,建漢,10,1,9,凱基-埔墘,2024-10-18,9288
2367,燿華,10,2,8,凱基-埔墘,2024-10-18,9288
6213,聯茂,8,0,8,凱基-埔墘,2024-10-18,9288
6274,台燿,8,0,8,凱基-埔墘,2024-10-18,9288
2427,三商電,8,0,8,凱基-埔墘,2024-10-18,9288
2603,長榮,10,2,8,凱基-埔墘,2024-10-18,9288
8028,昇陽半導體,18,11,7,凱基-埔墘,2024-10-18,9288
8917,欣泰,8,1,7,凱基-埔墘,2024-10-18,9288
3017,奇鋐,10,3,7,凱基-埔墘,2024-10-18,9288
00948B,中信優息投資級債,7,0,7,凱基-埔墘,2024-10-18,9288
2903,遠百,6,0,6,凱基-埔墘,2024-10-18,9288
6451,訊芯-KY,10,4,6,凱基-埔墘,2024-10-18,9288
2356,英業達,16,10,6,凱基-埔墘,2024-10-18,9288
00795B,中信美國公債20年,5,0,5,凱基-埔墘,2024-10-18,9288
3031,佰鴻,5,0,5,凱基-埔墘,2024-10-18,9288
3060,銘異,5,0,5,凱基-埔墘,2024-10-18,9288
3149,正達,6,1,5,凱基-埔墘,2024-10-18,9288
00915,凱基優選高股息30,285,0,285,凱基-埔墘,2024-10-21,9288
00929,復華台灣科技優息,110,6,104,凱基-埔墘,2024-10-21,9288
1307,三芳,81,0,81,凱基-埔墘,2024-10-21,9288
6770,力積電,50,0,50,凱基-埔墘,2024-10-21,9288
8183,精星,43,0,43,凱基-埔墘,2024-10-21,9288
2891,中信金,32,0,32,凱基-埔墘,2024-10-21,9288
00878,國泰永續高股息,28,0,28,凱基-埔墘,2024-10-21,9288
8240,華宏,49,21,28,凱基-埔墘,2024-10-21,9288
00679B,元大美債20年,22,0,22,凱基-埔墘,2024-10-21,9288
3450,聯鈞,27,6,21,凱基-埔墘,2024-10-21,9288
00937B,群益ESG投等債20,19,0,19,凱基-埔墘,2024-10-21,9288
2313,華通,20,1,19,凱基-埔墘,2024-10-21,9288
2618,長榮航,20,1,19,凱基-埔墘,2024-10-21,9288
00687B,國泰20年美債,17,0,17,凱基-埔墘,2024-10-21,9288
8039,台虹,16,0,16,凱基-埔墘,2024-10-21,9288
2317,鴻海,21,7,14,凱基-埔墘,2024-10-21,9288
00905,FT臺灣Smart,13,0,13,凱基-埔墘,2024-10-21,9288
2329,華泰,12,0,12,凱基-埔墘,2024-10-21,9288
4526,東台,14,2,12,凱基-埔墘,2024-10-21,9288
00715L,期街口布蘭特正2,10,0,10,凱基-埔墘,2024-10-21,9288
1560,中砂,11,1,10,凱基-埔墘,2024-10-21,9288
2344,華邦電,10,0,10,凱基-埔墘,2024-10-21,9288
3162,精確,10,0,10,凱基-埔墘,2024-10-21,9288
6509,聚和,10,0,10,凱基-埔墘,2024-10-21,9288
1815,富喬,9,0,9,凱基-埔墘,2024-10-21,9288
2027,大成鋼,9,0,9,凱基-埔墘,2024-10-21,9288
2610,華航,10,1,9,凱基-埔墘,2024-10-21,9288
2303,聯電,8,0,8,凱基-埔墘,2024-10-21,9288
00919,群益台灣精選高息,15,7,8,凱基-埔墘,2024-10-21,9288
00948B,中信優息投資級債,7,0,7,凱基-埔墘,2024-10-21,9288
2402,毅嘉,8,1,7,凱基-埔墘,2024-10-21,9288
2363,矽統,19,13,6,凱基-埔墘,2024-10-21,9288
2603,長榮,9,3,6,凱基-埔墘,2024-10-21,9288
2023,燁輝,6,0,6,凱基-埔墘,2024-10-21,9288
2421,建準,12,6,6,凱基-埔墘,2024-10-21,9288
6117,迎廣,6,0,6,凱基-埔墘,2024-10-21,9288
00772B,中信高評級公司債,5,0,5,凱基-埔墘,2024-10-21,9288
00933B,國泰10Y+金融債,5,0,5,凱基-埔墘,2024-10-21,9288
2355,敬鵬,5,0,5,凱基-埔墘,2024-10-21,9288
2409,友達,5,0,5,凱基-埔墘,2024-10-21,9288
2883,凱基金,23,18,5,凱基-埔墘,2024-10-21,9288
3011,今皓,5,0,5,凱基-埔墘,2024-10-21,9288
3605,宏致,7,2,5,凱基-埔墘,2024-10-21,9288
4303,信立,5,0,5,凱基-埔墘,2024-10-21,9288
5309,系統電,5,0,5,凱基-埔墘,2024-10-21,9288
6156,松上,5,0,5,凱基-埔墘,2024-10-21,9288
00922,國泰台灣領袖50,7,3,4,凱基-埔墘,2024-10-21,9288
00857B,永豐20年美公債,4,0,4,凱基-埔墘,2024-10-21,9288
00722B,群益投資級電信債,4,0,4,凱基-埔墘,2024-10-21,9288
00751B,元大AAA至A公司債,4,0,4,凱基-埔墘,2024-10-21,9288
00679B,元大美債20年,109,1,108,凱基-埔墘,2024-10-22,9288
3450,聯鈞,106,24,82,凱基-埔墘,2024-10-22,9288
00680L,元大美債20正2,56,0,56,凱基-埔墘,2024-10-22,9288
00937B,群益ESG投等債20,65,11,54,凱基-埔墘,2024-10-22,9288
2409,友達,40,6,34,凱基-埔墘,2024-10-22,9288
6138,茂達,52,23,29,凱基-埔墘,2024-10-22,9288
3481,群創,30,4,26,凱基-埔墘,2024-10-22,9288
2615,萬海,50,24,26,凱基-埔墘,2024-10-22,9288
00948B,中信優息投資級債,25,0,25,凱基-埔墘,2024-10-22,9288
6603,富強鑫,25,0,25,凱基-埔墘,2024-10-22,9288
00687B,國泰20年美債,24,0,24,凱基-埔墘,2024-10-22,9288
00935,野村臺灣新科技50,20,0,20,凱基-埔墘,2024-10-22,9288
3033,威健,20,0,20,凱基-埔墘,2024-10-22,9288
8183,精星,21,2,19,凱基-埔墘,2024-10-22,9288
00655L,國泰中國A50正2,20,3,17,凱基-埔墘,2024-10-22,9288
6906,現觀科,23,7,16,凱基-埔墘,2024-10-22,9288
00753L,中信中國50正2,16,0,16,凱基-埔墘,2024-10-22,9288
3615,安可,22,8,14,凱基-埔墘,2024-10-22,9288
00931B,統一美債20年,11,0,11,凱基-埔墘,2024-10-22,9288
4164,承業醫,11,0,11,凱基-埔墘,2024-10-22,9288
5521,工信,11,0,11,凱基-埔墘,2024-10-22,9288
8917,欣泰,11,0,11,凱基-埔墘,2024-10-22,9288
2330,台積電,11,1,10,凱基-埔墘,2024-10-22,9288
00940,元大台灣價值高息,10,0,10,凱基-埔墘,2024-10-22,9288
00720B,元大投資級公司債,10,0,10,凱基-埔墘,2024-10-22,9288
2883,凱基金,10,0,10,凱基-埔墘,2024-10-22,9288
2903,遠百,10,0,10,凱基-埔墘,2024-10-22,9288
9105,泰金寶-DR,10,0,10,凱基-埔墘,2024-10-22,9288
00929,復華台灣科技優息,16,6,10,凱基-埔墘,2024-10-22,9288
3715,定穎投控,16,6,10,凱基-埔墘,2024-10-22,9288
3022,威強電,9,0,9,凱基-埔墘,2024-10-22,9288
4540,全球傳動,10,1,9,凱基-埔墘,2024-10-22,9288
6134,萬旭,16,7,9,凱基-埔墘,2024-10-22,9288
00877,復華中國5G,8,0,8,凱基-埔墘,2024-10-22,9288
1609,大亞,8,0,8,凱基-埔墘,2024-10-22,9288
00882,中信中國高股息,7,0,7,凱基-埔墘,2024-10-22,9288
1582,信錦,7,0,7,凱基-埔墘,2024-10-22,9288
2634,漢翔,7,0,7,凱基-埔墘,2024-10-22,9288
6126,信音,8,1,7,凱基-埔墘,2024-10-22,9288
2867,三商壽,7,0,7,凱基-埔墘,2024-10-22,9288
00751B,元大AAA至A公司債,6,0,6,凱基-埔墘,2024-10-22,9288
1785,光洋科,11,5,6,凱基-埔墘,2024-10-22,9288
2027,大成鋼,6,0,6,凱基-埔墘,2024-10-22,9288
2329,華泰,10,4,6,凱基-埔墘,2024-10-22,9288
3390,旭軟,6,0,6,凱基-埔墘,2024-10-22,9288
00712,復華富時不動產,5,0,5,凱基-埔墘,2024-10-22,9288
2356,英業達,6,1,5,凱基-埔墘,2024-10-22,9288
2371,大同,5,0,5,凱基-埔墘,2024-10-22,9288
3354,律勝,10,5,5,凱基-埔墘,2024-10-22,9288
4109,加捷生醫,5,0,5,凱基-埔墘,2024-10-22,9288
00680L,元大美債20正2,65,0,65,凱基-埔墘,2024-10-23,9288
8183,精星,45,0,45,凱基-埔墘,2024-10-23,9288
2867,三商壽,34,0,34,凱基-埔墘,2024-10-23,9288
00937B,群益ESG投等債20,28,3,25,凱基-埔墘,2024-10-23,9288
9105,泰金寶-DR,23,0,23,凱基-埔墘,2024-10-23,9288
6189,豐藝,27,6,21,凱基-埔墘,2024-10-23,9288
1609,大亞,21,1,20,凱基-埔墘,2024-10-23,9288
00679B,元大美債20年,19,0,19,凱基-埔墘,2024-10-23,9288
3704,合勤控,22,4,18,凱基-埔墘,2024-10-23,9288
6603,富強鑫,17,0,17,凱基-埔墘,2024-10-23,9288
5315,光聯,16,0,16,凱基-埔墘,2024-10-23,9288
8076,伍豐,15,0,15,凱基-埔墘,2024-10-23,9288
3290,東浦,25,10,15,凱基-埔墘,2024-10-23,9288
00948B,中信優息投資級債,13,0,13,凱基-埔墘,2024-10-23,9288
4157,太景*-KY,12,0,12,凱基-埔墘,2024-10-23,9288
6706,惠特,12,0,12,凱基-埔墘,2024-10-23,9288
2354,鴻準,11,1,10,凱基-埔墘,2024-10-23,9288
2426,鼎元,10,0,10,凱基-埔墘,2024-10-23,9288
2481,強茂,12,2,10,凱基-埔墘,2024-10-23,9288
2911,麗嬰房,10,0,10,凱基-埔墘,2024-10-23,9288
4720,德淵,10,0,10,凱基-埔墘,2024-10-23,9288
6127,九豪,10,0,10,凱基-埔墘,2024-10-23,9288
2603,長榮,10,0,10,凱基-埔墘,2024-10-23,9288
6906,現觀科,9,0,9,凱基-埔墘,2024-10-23,9288
00720B,元大投資級公司債,9,0,9,凱基-埔墘,2024-10-23,9288
2399,映泰,33,24,9,凱基-埔墘,2024-10-23,9288
6151,晉倫,15,6,9,凱基-埔墘,2024-10-23,9288
2371,大同,11,3,8,凱基-埔墘,2024-10-23,9288
2408,南亞科,8,0,8,凱基-埔墘,2024-10-23,9288
00687B,國泰20年美債,8,0,8,凱基-埔墘,2024-10-23,9288
4583,台灣精銳,7,0,7,凱基-埔墘,2024-10-23,9288
3583,辛耘,9,2,7,凱基-埔墘,2024-10-23,9288
00675L,富邦臺灣加權正2,6,0,6,凱基-埔墘,2024-10-23,9288
00637L,元大滬深300正2,36,30,6,凱基-埔墘,2024-10-23,9288
2412,中華電,7,1,6,凱基-埔墘,2024-10-23,9288
00919,群益台灣精選高息,10,5,5,凱基-埔墘,2024-10-23,9288
00951,台新日本半導體,5,0,5,凱基-埔墘,2024-10-23,9288
1605,華新,5,0,5,凱基-埔墘,2024-10-23,9288
2027,大成鋼,6,1,5,凱基-埔墘,2024-10-23,9288
2344,華邦電,5,0,5,凱基-埔墘,2024-10-23,9288
2472,立隆電,5,0,5,凱基-埔墘,2024-10-23,9288
2897,王道銀行,5,0,5,凱基-埔墘,2024-10-23,9288
3022,威強電,5,0,5,凱基-埔墘,2024-10-23,9288
3535,晶彩科,24,19,5,凱基-埔墘,2024-10-23,9288
3591,艾笛森,5,0,5,凱基-埔墘,2024-10-23,9288
3645,達邁,5,0,5,凱基-埔墘,2024-10-23,9288
6138,茂達,5,0,5,凱基-埔墘,2024-10-23,9288
6405,悅城,8,3,5,凱基-埔墘,2024-10-23,9288
8021,尖點,5,0,5,凱基-埔墘,2024-10-23,9288
3189,景碩,5,0,5,凱基-埔墘,2024-10-23,9288
00919,群益台灣精選高息,70,1,69,凱基-埔墘,2024-10-24,9288
00929,復華台灣科技優息,68,0,68,凱基-埔墘,2024-10-24,9288
5315,光聯,64,13,51,凱基-埔墘,2024-10-24,9288
3209,全科,42,0,42,凱基-埔墘,2024-10-24,9288
0056,元大高股息,23,0,23,凱基-埔墘,2024-10-24,9288
8183,精星,22,0,22,凱基-埔墘,2024-10-24,9288
00940,元大台灣價值高息,20,0,20,凱基-埔墘,2024-10-24,9288
3167,大量,31,11,20,凱基-埔墘,2024-10-24,9288
00938,凱基優選30,17,0,17,凱基-埔墘,2024-10-24,9288
00907,永豐優息存股,16,0,16,凱基-埔墘,2024-10-24,9288
2498,宏達電,16,0,16,凱基-埔墘,2024-10-24,9288
2406,國碩,15,0,15,凱基-埔墘,2024-10-24,9288
00637L,元大滬深300正2,14,0,14,凱基-埔墘,2024-10-24,9288
00893,國泰智能電動車,14,1,13,凱基-埔墘,2024-10-24,9288
1101,台泥,12,0,12,凱基-埔墘,2024-10-24,9288
2360,致茂,12,0,12,凱基-埔墘,2024-10-24,9288
2388,威盛,13,2,11,凱基-埔墘,2024-10-24,9288
6770,力積電,10,0,10,凱基-埔墘,2024-10-24,9288
00953B,群益優選非投等債,10,0,10,凱基-埔墘,2024-10-24,9288
3481,群創,14,4,10,凱基-埔墘,2024-10-24,9288
3518,柏騰,10,0,10,凱基-埔墘,2024-10-24,9288
4563,百德,10,0,10,凱基-埔墘,2024-10-24,9288
5225,東科-KY,10,0,10,凱基-埔墘,2024-10-24,9288
6116,彩晶,10,0,10,凱基-埔墘,2024-10-24,9288
6288,聯嘉,11,1,10,凱基-埔墘,2024-10-24,9288
6841,長佳智能,10,0,10,凱基-埔墘,2024-10-24,9288
6877,鏵友益,10,0,10,凱基-埔墘,2024-10-24,9288
2059,川湖,10,0,10,凱基-埔墘,2024-10-24,9288
6706,惠特,10,1,9,凱基-埔墘,2024-10-24,9288
3017,奇鋐,12,3,9,凱基-埔墘,2024-10-24,9288
00675L,富邦臺灣加權正2,9,0,9,凱基-埔墘,2024-10-24,9288
00753L,中信中國50正2,9,0,9,凱基-埔墘,2024-10-24,9288
4164,承業醫,9,0,9,凱基-埔墘,2024-10-24,9288
5007,三星,9,0,9,凱基-埔墘,2024-10-24,9288
8240,華宏,9,0,9,凱基-埔墘,2024-10-24,9288
00687B,國泰20年美債,8,0,8,凱基-埔墘,2024-10-24,9288
2344,華邦電,10,2,8,凱基-埔墘,2024-10-24,9288
2867,三商壽,10,2,8,凱基-埔墘,2024-10-24,9288
6142,友勁,8,0,8,凱基-埔墘,2024-10-24,9288
00696B,富邦美債20年,7,0,7,凱基-埔墘,2024-10-24,9288
1528,恩德,22,15,7,凱基-埔墘,2024-10-24,9288
1785,光洋科,12,5,7,凱基-埔墘,2024-10-24,9288
3162,精確,7,0,7,凱基-埔墘,2024-10-24,9288
4979,華星光,7,0,7,凱基-埔墘,2024-10-24,9288
5234,達興材料,17,10,7,凱基-埔墘,2024-10-24,9288
2317,鴻海,18,11,7,凱基-埔墘,2024-10-24,9288
00712,復華富時不動產,6,0,6,凱基-埔墘,2024-10-24,9288
2481,強茂,6,0,6,凱基-埔墘,2024-10-24,9288
4571,鈞興-KY,6,0,6,凱基-埔墘,2024-10-24,9288
6906,現觀科,6,0,6,凱基-埔墘,2024-10-24,9288
4162,智擎,105,0,105,凱基-埔墘,2024-10-25,9288
3290,東浦,102,17,85,凱基-埔墘,2024-10-25,9288
2388,威盛,51,3,48,凱基-埔墘,2024-10-25,9288
6509,聚和,51,12,39,凱基-埔墘,2024-10-25,9288
2344,華邦電,31,0,31,凱基-埔墘,2024-10-25,9288
2883,凱基金,25,0,25,凱基-埔墘,2024-10-25,9288
3058,立德,25,0,25,凱基-埔墘,2024-10-25,9288
2495,普安,36,15,21,凱基-埔墘,2024-10-25,9288
2867,三商壽,21,0,21,凱基-埔墘,2024-10-25,9288
3675,德微,21,0,21,凱基-埔墘,2024-10-25,9288
00959B,大華投等美債15Y+,20,0,20,凱基-埔墘,2024-10-25,9288
5315,光聯,16,0,16,凱基-埔墘,2024-10-25,9288
00878,國泰永續高股息,15,0,15,凱基-埔墘,2024-10-25,9288
2312,金寶,20,5,15,凱基-埔墘,2024-10-25,9288
4164,承業醫,15,0,15,凱基-埔墘,2024-10-25,9288
00937B,群益ESG投等債20,15,2,13,凱基-埔墘,2024-10-25,9288
5007,三星,13,0,13,凱基-埔墘,2024-10-25,9288
0056,元大高股息,13,1,12,凱基-埔墘,2024-10-25,9288
00687B,國泰20年美債,12,0,12,凱基-埔墘,2024-10-25,9288
3149,正達,12,0,12,凱基-埔墘,2024-10-25,9288
00857B,永豐20年美公債,11,0,11,凱基-埔墘,2024-10-25,9288
2609,陽明,14,3,11,凱基-埔墘,2024-10-25,9288
2615,萬海,11,0,11,凱基-埔墘,2024-10-25,9288
4919,新唐,18,7,11,凱基-埔墘,2024-10-25,9288
2330,台積電,10,0,10,凱基-埔墘,2024-10-25,9288
00772B,中信高評級公司債,10,0,10,凱基-埔墘,2024-10-25,9288
00680L,元大美債20正2,15,5,10,凱基-埔墘,2024-10-25,9288
00715L,期街口布蘭特正2,10,0,10,凱基-埔墘,2024-10-25,9288
6202,盛群,10,0,10,凱基-埔墘,2024-10-25,9288
6806,森崴能源,10,0,10,凱基-埔墘,2024-10-25,9288
4303,信立,10,1,9,凱基-埔墘,2024-10-25,9288
8044,網家,10,1,9,凱基-埔墘,2024-10-25,9288
8183,精星,18,10,8,凱基-埔墘,2024-10-25,9288
4952,凌通,7,0,7,凱基-埔墘,2024-10-25,9288
5309,系統電,7,0,7,凱基-埔墘,2024-10-25,9288
6207,雷科,10,3,7,凱基-埔墘,2024-10-25,9288
6603,富強鑫,7,0,7,凱基-埔墘,2024-10-25,9288
8043,蜜望實,13,6,7,凱基-埔墘,2024-10-25,9288
2303,聯電,7,1,6,凱基-埔墘,2024-10-25,9288
2903,遠百,6,0,6,凱基-埔墘,2024-10-25,9288
3615,安可,10,4,6,凱基-埔墘,2024-10-25,9288
5880,合庫金,5,0,5,凱基-埔墘,2024-10-25,9288
00675L,富邦臺灣加權正2,5,0,5,凱基-埔墘,2024-10-25,9288
00712,復華富時不動產,5,0,5,凱基-埔墘,2024-10-25,9288
00887,永豐中國科技50大,5,0,5,凱基-埔墘,2024-10-25,9288
1326,台化,5,0,5,凱基-埔墘,2024-10-25,9288
1560,中砂,5,0,5,凱基-埔墘,2024-10-25,9288
1597,直得,5,0,5,凱基-埔墘,2024-10-25,9288
3455,由田,5,0,5,凱基-埔墘,2024-10-25,9288
3481,群創,5,1,4,凱基-埔墘,2024-10-25,9288
4162,智擎,202,2,200,凱基-埔墘,2024-10-28,9288
00679B,元大美債20年,61,8,53,凱基-埔墘,2024-10-28,9288
2867,三商壽,30,0,30,凱基-埔墘,2024-10-28,9288
00937B,群益ESG投等債20,28,0,28,凱基-埔墘,2024-10-28,9288
2883B,凱基金乙特,25,0,25,凱基-埔墘,2024-10-28,9288
2103,台橡,24,0,24,凱基-埔墘,2024-10-28,9288
00715L,期街口布蘭特正2,23,0,23,凱基-埔墘,2024-10-28,9288
3272,東碩,25,5,20,凱基-埔墘,2024-10-28,9288
6451,訊芯-KY,20,0,20,凱基-埔墘,2024-10-28,9288
00637L,元大滬深300正2,23,4,19,凱基-埔墘,2024-10-28,9288
3675,德微,19,0,19,凱基-埔墘,2024-10-28,9288
5450,南良,17,0,17,凱基-埔墘,2024-10-28,9288
00929,復華台灣科技優息,19,2,17,凱基-埔墘,2024-10-28,9288
8240,華宏,16,0,16,凱基-埔墘,2024-10-28,9288
2646,星宇航空,31,16,15,凱基-埔墘,2024-10-28,9288
00712,復華富時不動產,15,0,15,凱基-埔墘,2024-10-28,9288
2603,長榮,14,0,14,凱基-埔墘,2024-10-28,9288
2399,映泰,14,2,12,凱基-埔墘,2024-10-28,9288
00857B,永豐20年美公債,11,0,11,凱基-埔墘,2024-10-28,9288
1449,佳和,11,0,11,凱基-埔墘,2024-10-28,9288
00949,復華日本龍頭,10,0,10,凱基-埔墘,2024-10-28,9288
2886,兆豐金,10,0,10,凱基-埔墘,2024-10-28,9288
3607,谷崧,10,0,10,凱基-埔墘,2024-10-28,9288
4563,百德,10,0,10,凱基-埔墘,2024-10-28,9288
5488,松普,10,0,10,凱基-埔墘,2024-10-28,9288
6770,力積電,9,0,9,凱基-埔墘,2024-10-28,9288
6743,安普新,9,0,9,凱基-埔墘,2024-10-28,9288
9904,寶成,10,1,9,凱基-埔墘,2024-10-28,9288
1711,永光,10,2,8,凱基-埔墘,2024-10-28,9288
3290,東浦,8,0,8,凱基-埔墘,2024-10-28,9288
3303,岱稜,8,0,8,凱基-埔墘,2024-10-28,9288
6603,富強鑫,8,0,8,凱基-埔墘,2024-10-28,9288
6235,華孚,10,3,7,凱基-埔墘,2024-10-28,9288
6658,聯策,14,7,7,凱基-埔墘,2024-10-28,9288
2409,友達,6,0,6,凱基-埔墘,2024-10-28,9288
3581,博磊,6,0,6,凱基-埔墘,2024-10-28,9288
6207,雷科,6,0,6,凱基-埔墘,2024-10-28,9288
6449,鈺邦,6,0,6,凱基-埔墘,2024-10-28,9288
6244,茂迪,5,0,5,凱基-埔墘,2024-10-28,9288
00706L,期元大S＆P日圓正2,5,0,5,凱基-埔墘,2024-10-28,9288
00636,國泰中國A50,5,0,5,凱基-埔墘,2024-10-28,9288
00675L,富邦臺灣加權正2,5,0,5,凱基-埔墘,2024-10-28,9288
2354,鴻準,11,6,5,凱基-埔墘,2024-10-28,9288
2477,美隆電,6,1,5,凱基-埔墘,2024-10-28,9288
2543,皇昌,7,2,5,凱基-埔墘,2024-10-28,9288
3003,健和興,5,0,5,凱基-埔墘,2024-10-28,9288
3005,神基,5,0,5,凱基-埔墘,2024-10-28,9288
3011,今皓,5,0,5,凱基-埔墘,2024-10-28,9288
3167,大量,15,10,5,凱基-埔墘,2024-10-28,9288
3234,光環,5,0,5,凱基-埔墘,2024-10-28,9288
00959B,大華投等美債15Y+,60,0,60,凱基-埔墘,2024-10-29,9288
2867,三商壽,58,0,58,凱基-埔墘,2024-10-29,9288
00918,大華優利高填息30,40,0,40,凱基-埔墘,2024-10-29,9288
00919,群益台灣精選高息,40,1,39,凱基-埔墘,2024-10-29,9288
4162,智擎,39,1,38,凱基-埔墘,2024-10-29,9288
00929,復華台灣科技優息,39,2,37,凱基-埔墘,2024-10-29,9288
00715L,期街口布蘭特正2,33,0,33,凱基-埔墘,2024-10-29,9288
00878,國泰永續高股息,30,0,30,凱基-埔墘,2024-10-29,9288
00940,元大台灣價值高息,29,0,29,凱基-埔墘,2024-10-29,9288
9904,寶成,27,2,25,凱基-埔墘,2024-10-29,9288
00952,凱基台灣AI50,20,0,20,凱基-埔墘,2024-10-29,9288
3032,偉訓,20,0,20,凱基-埔墘,2024-10-29,9288
00730,富邦臺灣優質高息,19,0,19,凱基-埔墘,2024-10-29,9288
6443,元晶,19,0,19,凱基-埔墘,2024-10-29,9288
0056,元大高股息,20,1,19,凱基-埔墘,2024-10-29,9288
6770,力積電,16,0,16,凱基-埔墘,2024-10-29,9288
8240,華宏,14,0,14,凱基-埔墘,2024-10-29,9288
00673R,期元大S＆P原油反1,13,0,13,凱基-埔墘,2024-10-29,9288
00943,兆豐電子高息等權,13,0,13,凱基-埔墘,2024-10-29,9288
8183,精星,17,4,13,凱基-埔墘,2024-10-29,9288
2603,長榮,13,0,13,凱基-埔墘,2024-10-29,9288
2884,玉山金,12,0,12,凱基-埔墘,2024-10-29,9288
00885,富邦越南,12,0,12,凱基-埔墘,2024-10-29,9288
2646,星宇航空,17,6,11,凱基-埔墘,2024-10-29,9288
2388,威盛,12,1,11,凱基-埔墘,2024-10-29,9288
00900,富邦特選高股息30,10,0,10,凱基-埔墘,2024-10-29,9288
00934,中信成長高股息,10,0,10,凱基-埔墘,2024-10-29,9288
00712,復華富時不動產,10,0,10,凱基-埔墘,2024-10-29,9288
1802,台玻,11,1,10,凱基-埔墘,2024-10-29,9288
2903,遠百,10,0,10,凱基-埔墘,2024-10-29,9288
6207,雷科,10,0,10,凱基-埔墘,2024-10-29,9288
6875,國邑*,10,0,10,凱基-埔墘,2024-10-29,9288
2317,鴻海,18,10,8,凱基-埔墘,2024-10-29,9288
2303,聯電,8,0,8,凱基-埔墘,2024-10-29,9288
2236,百達-KY,10,2,8,凱基-埔墘,2024-10-29,9288
00753L,中信中國50正2,8,0,8,凱基-埔墘,2024-10-29,9288
00936,台新永續高息中小,10,3,7,凱基-埔墘,2024-10-29,9288
3189,景碩,7,0,7,凱基-埔墘,2024-10-29,9288
2360,致茂,6,0,6,凱基-埔墘,2024-10-29,9288
6603,富強鑫,6,0,6,凱基-埔墘,2024-10-29,9288
00713,元大台灣高息低波,5,0,5,凱基-埔墘,2024-10-29,9288
2412,中華電,5,0,5,凱基-埔墘,2024-10-29,9288
2498,宏達電,8,3,5,凱基-埔墘,2024-10-29,9288
2486,一詮,6,1,5,凱基-埔墘,2024-10-29,9288
2897,王道銀行,5,0,5,凱基-埔墘,2024-10-29,9288
3003,健和興,5,0,5,凱基-埔墘,2024-10-29,9288
3011,今皓,5,0,5,凱基-埔墘,2024-10-29,9288
3372,典範,5,0,5,凱基-埔墘,2024-10-29,9288
4747,強生,5,0,5,凱基-埔墘,2024-10-29,9288
6134,萬旭,5,0,5,凱基-埔墘,2024-10-29,9288
2388,威盛,49,4,45,凱基-埔墘,2024-10-30,9288
00637L,元大滬深300正2,24,0,24,凱基-埔墘,2024-10-30,9288
3704,合勤控,24,1,23,凱基-埔墘,2024-10-30,9288
6229,研通,22,0,22,凱基-埔墘,2024-10-30,9288
00753L,中信中國50正2,21,0,21,凱基-埔墘,2024-10-30,9288
00680L,元大美債20正2,20,0,20,凱基-埔墘,2024-10-30,9288
6138,茂達,20,0,20,凱基-埔墘,2024-10-30,9288
6530,創威,15,0,15,凱基-埔墘,2024-10-30,9288
0056,元大高股息,15,0,15,凱基-埔墘,2024-10-30,9288
00675L,富邦臺灣加權正2,14,0,14,凱基-埔墘,2024-10-30,9288
00878,國泰永續高股息,12,0,12,凱基-埔墘,2024-10-30,9288
2330,台積電,12,0,12,凱基-埔墘,2024-10-30,9288
00712,復華富時不動產,11,0,11,凱基-埔墘,2024-10-30,9288
3032,偉訓,10,0,10,凱基-埔墘,2024-10-30,9288
3450,聯鈞,11,3,8,凱基-埔墘,2024-10-30,9288
00929,復華台灣科技優息,14,7,7,凱基-埔墘,2024-10-30,9288
00940,元大台灣價值高息,7,0,7,凱基-埔墘,2024-10-30,9288
2492,華新科,7,0,7,凱基-埔墘,2024-10-30,9288
00943,兆豐電子高息等權,6,0,6,凱基-埔墘,2024-10-30,9288
3481,群創,10,5,5,凱基-埔墘,2024-10-30,9288
5007,三星,5,0,5,凱基-埔墘,2024-10-30,9288
8105,凌巨,5,0,5,凱基-埔墘,2024-10-30,9288
6770,力積電,6,2,4,凱基-埔墘,2024-10-30,9288
6219,富旺,4,0,4,凱基-埔墘,2024-10-30,9288
2337,旺宏,4,0,4,凱基-埔墘,2024-10-30,9288
3615,安可,4,0,4,凱基-埔墘,2024-10-30,9288
1815,富喬,4,0,4,凱基-埔墘,2024-10-30,9288
2027,大成鋼,4,0,4,凱基-埔墘,2024-10-30,9288
2347,聯強,4,0,4,凱基-埔墘,2024-10-30,9288
6244,茂迪,4,0,4,凱基-埔墘,2024-10-30,9288
6283,淳安,7,3,4,凱基-埔墘,2024-10-30,9288
2887,台新金,3,0,3,凱基-埔墘,2024-10-30,9288
2646,星宇航空,3,0,3,凱基-埔墘,2024-10-30,9288
3035,智原,8,5,3,凱基-埔墘,2024-10-30,9288
6156,松上,3,0,3,凱基-埔墘,2024-10-30,9288
00665L,富邦�琤肭磪囓�2,3,0,3,凱基-埔墘,2024-10-30,9288
00932,兆豐永續高息等權,3,0,3,凱基-埔墘,2024-10-30,9288
2382,廣達,3,0,3,凱基-埔墘,2024-10-30,9288
2402,毅嘉,3,0,3,凱基-埔墘,2024-10-30,9288
2809,京城銀,3,0,3,凱基-埔墘,2024-10-30,9288
4577,達航科技,4,1,3,凱基-埔墘,2024-10-30,9288
4979,華星光,3,0,3,凱基-埔墘,2024-10-30,9288
5460,同協,3,0,3,凱基-埔墘,2024-10-30,9288
6153,嘉聯益,3,0,3,凱基-埔墘,2024-10-30,9288
8183,精星,4,1,3,凱基-埔墘,2024-10-30,9288
00915,凱基優選高股息30,2,0,2,凱基-埔墘,2024-10-30,9288
3272,東碩,2,0,2,凱基-埔墘,2024-10-30,9288
3231,緯創,2,0,2,凱基-埔墘,2024-10-30,9288
6274,台燿,2,0,2,凱基-埔墘,2024-10-30,9288
00687B,國泰20年美債,2,0,2,凱基-埔墘,2024-10-30,9288
9907,統一實,150,15,135,凱基-埔墘,2024-11-01,9288
2388,威盛,50,0,50,凱基-埔墘,2024-11-01,9288
00919,群益台灣精選高息,37,1,36,凱基-埔墘,2024-11-01,9288
2399,映泰,50,20,30,凱基-埔墘,2024-11-01,9288
00930,永豐ESG低碳高息,28,0,28,凱基-埔墘,2024-11-01,9288
00929,復華台灣科技優息,27,0,27,凱基-埔墘,2024-11-01,9288
00939,統一台灣高息動能,25,0,25,凱基-埔墘,2024-11-01,9288
00878,國泰永續高股息,25,0,25,凱基-埔墘,2024-11-01,9288
6116,彩晶,24,0,24,凱基-埔墘,2024-11-01,9288
00935,野村臺灣新科技50,22,0,22,凱基-埔墘,2024-11-01,9288
00915,凱基優選高股息30,22,1,21,凱基-埔墘,2024-11-01,9288
00632R,元大台灣50反1,21,0,21,凱基-埔墘,2024-11-01,9288
2884,玉山金,17,0,17,凱基-埔墘,2024-11-01,9288
00959B,大華投等美債15Y+,15,0,15,凱基-埔墘,2024-11-01,9288
00946,群益科技高息成長,15,0,15,凱基-埔墘,2024-11-01,9288
00907,永豐優息存股,15,0,15,凱基-埔墘,2024-11-01,9288
2354,鴻準,50,37,13,凱基-埔墘,2024-11-01,9288
2431,聯昌,13,1,12,凱基-埔墘,2024-11-01,9288
3162,精確,12,0,12,凱基-埔墘,2024-11-01,9288
00675L,富邦臺灣加權正2,11,0,11,凱基-埔墘,2024-11-01,9288
00753L,中信中國50正2,11,0,11,凱基-埔墘,2024-11-01,9288
2405,輔信,11,0,11,凱基-埔墘,2024-11-01,9288
9904,寶成,11,0,11,凱基-埔墘,2024-11-01,9288
2317,鴻海,19,8,11,凱基-埔墘,2024-11-01,9288
1584,精剛,10,0,10,凱基-埔墘,2024-11-01,9288
2328,廣宇,10,0,10,凱基-埔墘,2024-11-01,9288
2887,台新金,10,0,10,凱基-埔墘,2024-11-01,9288
2330,台積電,13,3,10,凱基-埔墘,2024-11-01,9288
5309,系統電,9,0,9,凱基-埔墘,2024-11-01,9288
0056,元大高股息,11,3,8,凱基-埔墘,2024-11-01,9288
00673R,期元大S＆P原油反1,8,0,8,凱基-埔墘,2024-11-01,9288
2915,潤泰全,8,0,8,凱基-埔墘,2024-11-01,9288
2303,聯電,9,1,8,凱基-埔墘,2024-11-01,9288
1477,聚陽,7,0,7,凱基-埔墘,2024-11-01,9288
2646,星宇航空,10,3,7,凱基-埔墘,2024-11-01,9288
1301,台塑,7,0,7,凱基-埔墘,2024-11-01,9288
00712,復華富時不動產,7,0,7,凱基-埔墘,2024-11-01,9288
6743,安普新,7,0,7,凱基-埔墘,2024-11-01,9288
8917,欣泰,7,0,7,凱基-埔墘,2024-11-01,9288
00650L,復華香港正2,6,0,6,凱基-埔墘,2024-11-01,9288
00943,兆豐電子高息等權,6,0,6,凱基-埔墘,2024-11-01,9288
3511,矽瑪,6,0,6,凱基-埔墘,2024-11-01,9288
5519,隆大,6,0,6,凱基-埔墘,2024-11-01,9288
2002,中鋼,5,0,5,凱基-埔墘,2024-11-01,9288
3686,達能,5,0,5,凱基-埔墘,2024-11-01,9288
8044,網家,5,0,5,凱基-埔墘,2024-11-01,9288
00944,野村趨勢動能高息,5,0,5,凱基-埔墘,2024-11-01,9288
2495,普安,5,0,5,凱基-埔墘,2024-11-01,9288
2888,新光金,5,0,5,凱基-埔墘,2024-11-01,9288
5007,三星,5,0,5,凱基-埔墘,2024-11-01,9288
00882,中信中國高股息,163,0,163,凱基-埔墘,2024-11-04,9288
9907,統一實,160,11,149,凱基-埔墘,2024-11-04,9288
1531,高林股,100,0,100,凱基-埔墘,2024-11-04,9288
2344,華邦電,78,0,78,凱基-埔墘,2024-11-04,9288
2388,威盛,68,0,68,凱基-埔墘,2024-11-04,9288
00679B,元大美債20年,51,0,51,凱基-埔墘,2024-11-04,9288
2486,一詮,37,0,37,凱基-埔墘,2024-11-04,9288
00878,國泰永續高股息,45,9,36,凱基-埔墘,2024-11-04,9288
6133,金橋,31,2,29,凱基-埔墘,2024-11-04,9288
00937B,群益ESG投等債20,26,0,26,凱基-埔墘,2024-11-04,9288
00919,群益台灣精選高息,26,0,26,凱基-埔墘,2024-11-04,9288
00725B,國泰投資級公司債,25,0,25,凱基-埔墘,2024-11-04,9288
3450,聯鈞,29,5,24,凱基-埔墘,2024-11-04,9288
00943,兆豐電子高息等權,25,1,24,凱基-埔墘,2024-11-04,9288
3236,千如,24,0,24,凱基-埔墘,2024-11-04,9288
00712,復華富時不動產,20,0,20,凱基-埔墘,2024-11-04,9288
4714,永捷,20,0,20,凱基-埔墘,2024-11-04,9288
6116,彩晶,20,0,20,凱基-埔墘,2024-11-04,9288
00632R,元大台灣50反1,20,1,19,凱基-埔墘,2024-11-04,9288
2204,中華,11,0,11,凱基-埔墘,2024-11-04,9288
5007,三星,11,0,11,凱基-埔墘,2024-11-04,9288
1560,中砂,10,0,10,凱基-埔墘,2024-11-04,9288
3324,雙鴻,11,1,10,凱基-埔墘,2024-11-04,9288
1714,和桐,10,0,10,凱基-埔墘,2024-11-04,9288
2706,第一店,10,0,10,凱基-埔墘,2024-11-04,9288
2867,三商壽,10,0,10,凱基-埔墘,2024-11-04,9288
3035,智原,10,0,10,凱基-埔墘,2024-11-04,9288
3710,連展投控,10,0,10,凱基-埔墘,2024-11-04,9288
6215,和椿,10,0,10,凱基-埔墘,2024-11-04,9288
2312,金寶,11,1,10,凱基-埔墘,2024-11-04,9288
00753L,中信中國50正2,9,0,9,凱基-埔墘,2024-11-04,9288
2360,致茂,9,0,9,凱基-埔墘,2024-11-04,9288
00930,永豐ESG低碳高息,8,0,8,凱基-埔墘,2024-11-04,9288
8240,華宏,11,3,8,凱基-埔墘,2024-11-04,9288
9904,寶成,30,22,8,凱基-埔墘,2024-11-04,9288
2646,星宇航空,11,4,7,凱基-埔墘,2024-11-04,9288
2427,三商電,7,0,7,凱基-埔墘,2024-11-04,9288
00795B,中信美國公債20年,7,0,7,凱基-埔墘,2024-11-04,9288
00915,凱基優選高股息30,8,1,7,凱基-埔墘,2024-11-04,9288
8089,康全電訊,7,1,6,凱基-埔墘,2024-11-04,9288
00655L,國泰中國A50正2,5,0,5,凱基-埔墘,2024-11-04,9288
2354,鴻準,17,12,5,凱基-埔墘,2024-11-04,9288
2897,王道銀行,5,0,5,凱基-埔墘,2024-11-04,9288
3032,偉訓,5,0,5,凱基-埔墘,2024-11-04,9288
8926,台汽電,5,0,5,凱基-埔墘,2024-11-04,9288
9958,世紀鋼,15,10,5,凱基-埔墘,2024-11-04,9288
00687B,國泰20年美債,4,0,4,凱基-埔墘,2024-11-04,9288
00940,元大台灣價值高息,4,0,4,凱基-埔墘,2024-11-04,9288
1528,恩德,14,10,4,凱基-埔墘,2024-11-04,9288
2359,所羅門,4,0,4,凱基-埔墘,2024-11-04,9288
9907,統一實,57,1,56,凱基-埔墘,2024-11-05,9288
00919,群益台灣精選高息,35,0,35,凱基-埔墘,2024-11-05,9288
2344,華邦電,30,0,30,凱基-埔墘,2024-11-05,9288
00679B,元大美債20年,60,30,30,凱基-埔墘,2024-11-05,9288
2354,鴻準,57,31,26,凱基-埔墘,2024-11-05,9288
5371,中光電,27,1,26,凱基-埔墘,2024-11-05,9288
00725B,國泰投資級公司債,25,0,25,凱基-埔墘,2024-11-05,9288
6443,元晶,23,0,23,凱基-埔墘,2024-11-05,9288
2356,英業達,31,11,20,凱基-埔墘,2024-11-05,9288
00904,新光臺灣半導體30,20,0,20,凱基-埔墘,2024-11-05,9288
2365,昆盈,20,0,20,凱基-埔墘,2024-11-05,9288
00878,國泰永續高股息,19,0,19,凱基-埔墘,2024-11-05,9288
00675L,富邦臺灣加權正2,12,0,12,凱基-埔墘,2024-11-05,9288
2243,宏旭-KY,10,0,10,凱基-埔墘,2024-11-05,9288
2303,聯電,13,3,10,凱基-埔墘,2024-11-05,9288
3049,精金,18,9,9,凱基-埔墘,2024-11-05,9288
3211,順達,7,0,7,凱基-埔墘,2024-11-05,9288
0056,元大高股息,7,1,6,凱基-埔墘,2024-11-05,9288
00932,兆豐永續高息等權,6,0,6,凱基-埔墘,2024-11-05,9288
2406,國碩,6,0,6,凱基-埔墘,2024-11-05,9288
2834,臺企銀,6,0,6,凱基-埔墘,2024-11-05,9288
4714,永捷,6,0,6,凱基-埔墘,2024-11-05,9288
00881,國泰台灣5G+,6,0,6,凱基-埔墘,2024-11-05,9288
1795,美時,6,1,5,凱基-埔墘,2024-11-05,9288
4903,聯光通,7,2,5,凱基-埔墘,2024-11-05,9288
00633L,富邦上証正2,5,0,5,凱基-埔墘,2024-11-05,9288
4303,信立,5,0,5,凱基-埔墘,2024-11-05,9288
5234,達興材料,5,0,5,凱基-埔墘,2024-11-05,9288
6706,惠特,6,1,5,凱基-埔墘,2024-11-05,9288
8111,立��,6,1,5,凱基-埔墘,2024-11-05,9288
3035,智原,4,0,4,凱基-埔墘,2024-11-05,9288
6530,創威,8,4,4,凱基-埔墘,2024-11-05,9288
00930,永豐ESG低碳高息,3,0,3,凱基-埔墘,2024-11-05,9288
00943,兆豐電子高息等權,3,0,3,凱基-埔墘,2024-11-05,9288
2301,光寶科,3,0,3,凱基-埔墘,2024-11-05,9288
2313,華通,3,0,3,凱基-埔墘,2024-11-05,9288
2337,旺宏,3,0,3,凱基-埔墘,2024-11-05,9288
2347,聯強,3,0,3,凱基-埔墘,2024-11-05,9288
2399,映泰,17,14,3,凱基-埔墘,2024-11-05,9288
2442,新美齊,3,0,3,凱基-埔墘,2024-11-05,9288
2887,台新金,8,5,3,凱基-埔墘,2024-11-05,9288
2903,遠百,3,0,3,凱基-埔墘,2024-11-05,9288
3005,神基,5,2,3,凱基-埔墘,2024-11-05,9288
3048,益登,3,0,3,凱基-埔墘,2024-11-05,9288
3454,晶睿,3,0,3,凱基-埔墘,2024-11-05,9288
3702,大聯大,3,0,3,凱基-埔墘,2024-11-05,9288
6550,北極星藥業-KY,3,0,3,凱基-埔墘,2024-11-05,9288
2467,志聖,3,1,2,凱基-埔墘,2024-11-05,9288
2493,揚博,2,0,2,凱基-埔墘,2024-11-05,9288
00946,群益科技高息成長,2,0,2,凱基-埔墘,2024-11-05,9288
00679B,元大美債20年,227,60,167,凱基-埔墘,2024-11-06,9288
4979,華星光,100,1,99,凱基-埔墘,2024-11-06,9288
2887,台新金,50,0,50,凱基-埔墘,2024-11-06,9288
2103,台橡,30,0,30,凱基-埔墘,2024-11-06,9288
9907,統一實,27,0,27,凱基-埔墘,2024-11-06,9288
3346,麗清,26,0,26,凱基-埔墘,2024-11-06,9288
00680L,元大美債20正2,44,20,24,凱基-埔墘,2024-11-06,9288
2312,金寶,60,39,21,凱基-埔墘,2024-11-06,9288
00753L,中信中國50正2,22,2,20,凱基-埔墘,2024-11-06,9288
00650L,復華香港正2,18,0,18,凱基-埔墘,2024-11-06,9288
9105,泰金寶-DR,20,4,16,凱基-埔墘,2024-11-06,9288
2303,聯電,17,2,15,凱基-埔墘,2024-11-06,9288
3231,緯創,21,6,15,凱基-埔墘,2024-11-06,9288
00637L,元大滬深300正2,52,38,14,凱基-埔墘,2024-11-06,9288
1305,華夏,13,0,13,凱基-埔墘,2024-11-06,9288
4971,IET-KY,12,0,12,凱基-埔墘,2024-11-06,9288
4743,合一,11,0,11,凱基-埔墘,2024-11-06,9288
00885,富邦越南,10,0,10,凱基-埔墘,2024-11-06,9288
2014,中鴻,10,0,10,凱基-埔墘,2024-11-06,9288
2731,雄獅,10,0,10,凱基-埔墘,2024-11-06,9288
3049,精金,10,0,10,凱基-埔墘,2024-11-06,9288
3706,神達,10,0,10,凱基-埔墘,2024-11-06,9288
6167,久正,10,0,10,凱基-埔墘,2024-11-06,9288
2615,萬海,20,11,9,凱基-埔墘,2024-11-06,9288
00931B,統一美債20年,8,0,8,凱基-埔墘,2024-11-06,9288
00937B,群益ESG投等債20,12,5,7,凱基-埔墘,2024-11-06,9288
8111,立��,7,0,7,凱基-埔墘,2024-11-06,9288
8374,羅昇,7,0,7,凱基-埔墘,2024-11-06,9288
1513,中興電,6,0,6,凱基-埔墘,2024-11-06,9288
00921,兆豐龍頭等權重,6,0,6,凱基-埔墘,2024-11-06,9288
2605,新興,7,1,6,凱基-埔墘,2024-11-06,9288
2834,臺企銀,6,0,6,凱基-埔墘,2024-11-06,9288
3062,建漢,7,1,6,凱基-埔墘,2024-11-06,9288
6405,悅城,6,0,6,凱基-埔墘,2024-11-06,9288
00929,復華台灣科技優息,7,1,6,凱基-埔墘,2024-11-06,9288
3260,威剛,7,2,5,凱基-埔墘,2024-11-06,9288
00959B,大華投等美債15Y+,5,0,5,凱基-埔墘,2024-11-06,9288
00943,兆豐電子高息等權,6,1,5,凱基-埔墘,2024-11-06,9288
1789,神隆,5,0,5,凱基-埔墘,2024-11-06,9288
2314,台揚,5,0,5,凱基-埔墘,2024-11-06,9288
2365,昆盈,5,0,5,凱基-埔墘,2024-11-06,9288
3005,神基,6,1,5,凱基-埔墘,2024-11-06,9288
3689,湧德,10,5,5,凱基-埔墘,2024-11-06,9288
6838,台新藥,5,0,5,凱基-埔墘,2024-11-06,9288
8027,鈦昇,5,0,5,凱基-埔墘,2024-11-06,9288
8210,勤誠,5,0,5,凱基-埔墘,2024-11-06,9288
2385,群光,4,0,4,凱基-埔墘,2024-11-06,9288
00930,永豐ESG低碳高息,4,0,4,凱基-埔墘,2024-11-06,9288
00939,統一台灣高息動能,4,0,4,凱基-埔墘,2024-11-06,9288
00933B,國泰10Y+金融債,4,0,4,凱基-埔墘,2024-11-06,9288
00878,國泰永續高股息,180,1,179,凱基-埔墘,2024-11-07,9288
00680L,元大美債20正2,58,0,58,凱基-埔墘,2024-11-07,9288
2401,凌陽,50,1,49,凱基-埔墘,2024-11-07,9288
2409,友達,50,3,47,凱基-埔墘,2024-11-07,9288
9105,泰金寶-DR,77,33,44,凱基-埔墘,2024-11-07,9288
6805,富世達,24,1,23,凱基-埔墘,2024-11-07,9288
4401,東隆興,22,1,21,凱基-埔墘,2024-11-07,9288
2303,聯電,26,6,20,凱基-埔墘,2024-11-07,9288
1309,台達化,20,0,20,凱基-埔墘,2024-11-07,9288
1709,和益,20,0,20,凱基-埔墘,2024-11-07,9288
6768,志強-KY,21,1,20,凱基-埔墘,2024-11-07,9288
4510,高鋒,23,5,18,凱基-埔墘,2024-11-07,9288
8383,千附,16,0,16,凱基-埔墘,2024-11-07,9288
3490,單井,15,0,15,凱基-埔墘,2024-11-07,9288
3701,大眾控,17,3,14,凱基-埔墘,2024-11-07,9288
8112,至上,11,0,11,凱基-埔墘,2024-11-07,9288
00882,中信中國高股息,10,0,10,凱基-埔墘,2024-11-07,9288
1589,永冠-KY,10,0,10,凱基-埔墘,2024-11-07,9288
2038,海光,12,2,10,凱基-埔墘,2024-11-07,9288
3162,精確,10,0,10,凱基-埔墘,2024-11-07,9288
2337,旺宏,10,1,9,凱基-埔墘,2024-11-07,9288
3706,神達,21,12,9,凱基-埔墘,2024-11-07,9288
00688L,國泰20年美債正2,7,0,7,凱基-埔墘,2024-11-07,9288
2495,普安,7,0,7,凱基-埔墘,2024-11-07,9288
6829,千附精密,7,0,7,凱基-埔墘,2024-11-07,9288
00929,復華台灣科技優息,11,5,6,凱基-埔墘,2024-11-07,9288
00712,復華富時不動產,6,0,6,凱基-埔墘,2024-11-07,9288
5243,乙盛-KY,9,3,6,凱基-埔墘,2024-11-07,9288
5258,虹堡,6,0,6,凱基-埔墘,2024-11-07,9288
1513,中興電,6,0,6,凱基-埔墘,2024-11-07,9288
2615,萬海,19,13,6,凱基-埔墘,2024-11-07,9288
6188,廣明,5,0,5,凱基-埔墘,2024-11-07,9288
1789,神隆,5,0,5,凱基-埔墘,2024-11-07,9288
2062,橋椿,5,0,5,凱基-埔墘,2024-11-07,9288
2476,鉅祥,9,4,5,凱基-埔墘,2024-11-07,9288
6235,華孚,6,1,5,凱基-埔墘,2024-11-07,9288
6658,聯策,5,0,5,凱基-埔墘,2024-11-07,9288
2367,燿華,5,0,5,凱基-埔墘,2024-11-07,9288
3013,晟銘電,14,10,4,凱基-埔墘,2024-11-07,9288
2020,美亞,4,0,4,凱基-埔墘,2024-11-07,9288
2816,旺旺保,4,0,4,凱基-埔墘,2024-11-07,9288
2891,中信金,5,1,4,凱基-埔墘,2024-11-07,9288
3022,威強電,4,0,4,凱基-埔墘,2024-11-07,9288
8271,宇瞻,4,0,4,凱基-埔墘,2024-11-07,9288
6770,力積電,5,1,4,凱基-埔墘,2024-11-07,9288
9958,世紀鋼,43,40,3,凱基-埔墘,2024-11-07,9288
2027,大成鋼,16,13,3,凱基-埔墘,2024-11-07,9288
2312,金寶,33,30,3,凱基-埔墘,2024-11-07,9288
2890,永豐金,3,0,3,凱基-埔墘,2024-11-07,9288
3260,威剛,4,1,3,凱基-埔墘,2024-11-07,9288
00680L,元大美債20正2,103,0,103,凱基-埔墘,2024-11-08,9288
2344,華邦電,78,4,74,凱基-埔墘,2024-11-08,9288
9958,世紀鋼,55,0,55,凱基-埔墘,2024-11-08,9288
5014,建錩,52,0,52,凱基-埔墘,2024-11-08,9288
2349,錸德,50,0,50,凱基-埔墘,2024-11-08,9288
00632R,元大台灣50反1,50,3,47,凱基-埔墘,2024-11-08,9288
2352,佳世達,38,0,38,凱基-埔墘,2024-11-08,9288
6108,競國,45,10,35,凱基-埔墘,2024-11-08,9288
3346,麗清,34,0,34,凱基-埔墘,2024-11-08,9288
2353,宏��,30,0,30,凱基-埔墘,2024-11-08,9288
3490,單井,40,15,25,凱基-埔墘,2024-11-08,9288
3481,群創,21,1,20,凱基-埔墘,2024-11-08,9288
2392,正崴,27,9,18,凱基-埔墘,2024-11-08,9288
5243,乙盛-KY,18,1,17,凱基-埔墘,2024-11-08,9288
2489,瑞軒,14,0,14,凱基-埔墘,2024-11-08,9288
4164,承業醫,13,0,13,凱基-埔墘,2024-11-08,9288
8039,台虹,12,0,12,凱基-埔墘,2024-11-08,9288
2303,聯電,11,0,11,凱基-埔墘,2024-11-08,9288
6609,瀧澤科,13,2,11,凱基-埔墘,2024-11-08,9288
6768,志強-KY,11,0,11,凱基-埔墘,2024-11-08,9288
8150,南茂,11,0,11,凱基-埔墘,2024-11-08,9288
2354,鴻準,25,14,11,凱基-埔墘,2024-11-08,9288
1314,中石化,10,0,10,凱基-埔墘,2024-11-08,9288
2442,新美齊,10,0,10,凱基-埔墘,2024-11-08,9288
6202,盛群,10,0,10,凱基-埔墘,2024-11-08,9288
8105,凌巨,10,0,10,凱基-埔墘,2024-11-08,9288
5234,達興材料,9,0,9,凱基-埔墘,2024-11-08,9288
2363,矽統,9,1,8,凱基-埔墘,2024-11-08,9288
6269,台郡,9,2,7,凱基-埔墘,2024-11-08,9288
2027,大成鋼,7,0,7,凱基-埔墘,2024-11-08,9288
6219,富旺,6,0,6,凱基-埔墘,2024-11-08,9288
6805,富世達,14,8,6,凱基-埔墘,2024-11-08,9288
2236,百達-KY,6,0,6,凱基-埔墘,2024-11-08,9288
00929,復華台灣科技優息,5,0,5,凱基-埔墘,2024-11-08,9288
2340,台亞,5,0,5,凱基-埔墘,2024-11-08,9288
00953B,群益優選非投等債,5,0,5,凱基-埔墘,2024-11-08,9288
1789,神隆,5,0,5,凱基-埔墘,2024-11-08,9288
3062,建漢,24,19,5,凱基-埔墘,2024-11-08,9288
3313,斐成,5,0,5,凱基-埔墘,2024-11-08,9288
3360,尚立,5,0,5,凱基-埔墘,2024-11-08,9288
3712,永崴投控,17,12,5,凱基-埔墘,2024-11-08,9288
6419,京晨科,5,0,5,凱基-埔墘,2024-11-08,9288
6546,正基,5,0,5,凱基-埔墘,2024-11-08,9288
8917,欣泰,5,0,5,凱基-埔墘,2024-11-08,9288
00919,群益台灣精選高息,4,0,4,凱基-埔墘,2024-11-08,9288
5371,中光電,8,4,4,凱基-埔墘,2024-11-08,9288
00687B,國泰20年美債,4,0,4,凱基-埔墘,2024-11-08,9288
1815,富喬,4,0,4,凱基-埔墘,2024-11-08,9288
2241,艾姆勒,4,0,4,凱基-埔墘,2024-11-08,9288
3025,星通,4,0,4,凱基-埔墘,2024-11-08,9288
0056,元大高股息,59,3,56,凱基-埔墘,2024-11-11,9288
3303,岱稜,51,3,48,凱基-埔墘,2024-11-11,9288
00753L,中信中國50正2,34,1,33,凱基-埔墘,2024-11-11,9288
2354,鴻準,34,6,28,凱基-埔墘,2024-11-11,9288
6127,九豪,27,0,27,凱基-埔墘,2024-11-11,9288
3090,日電貿,21,0,21,凱基-埔墘,2024-11-11,9288
3490,單井,20,0,20,凱基-埔墘,2024-11-11,9288
00632R,元大台灣50反1,20,0,20,凱基-埔墘,2024-11-11,9288
00943,兆豐電子高息等權,16,0,16,凱基-埔墘,2024-11-11,9288
3231,緯創,16,1,15,凱基-埔墘,2024-11-11,9288
00712,復華富時不動產,20,5,15,凱基-埔墘,2024-11-11,9288
00680L,元大美債20正2,15,0,15,凱基-埔墘,2024-11-11,9288
3040,遠見,15,0,15,凱基-埔墘,2024-11-11,9288
2236,百達-KY,14,0,14,凱基-埔墘,2024-11-11,9288
9904,寶成,13,0,13,凱基-埔墘,2024-11-11,9288
1815,富喬,12,0,12,凱基-埔墘,2024-11-11,9288
00679B,元大美債20年,11,0,11,凱基-埔墘,2024-11-11,9288
00930,永豐ESG低碳高息,11,0,11,凱基-埔墘,2024-11-11,9288
2834,臺企銀,13,2,11,凱基-埔墘,2024-11-11,9288
1718,中纖,10,0,10,凱基-埔墘,2024-11-11,9288
2915,潤泰全,10,0,10,凱基-埔墘,2024-11-11,9288
3481,群創,10,0,10,凱基-埔墘,2024-11-11,9288
3511,矽瑪,10,0,10,凱基-埔墘,2024-11-11,9288
4401,東隆興,10,0,10,凱基-埔墘,2024-11-11,9288
4977,眾達-KY,10,0,10,凱基-埔墘,2024-11-11,9288
5009,榮剛,10,0,10,凱基-埔墘,2024-11-11,9288
2353,宏��,8,0,8,凱基-埔墘,2024-11-11,9288
2369,菱生,8,0,8,凱基-埔墘,2024-11-11,9288
8011,台通,8,0,8,凱基-埔墘,2024-11-11,9288
5371,中光電,9,2,7,凱基-埔墘,2024-11-11,9288
6150,撼訊,10,3,7,凱基-埔墘,2024-11-11,9288
2338,光罩,6,0,6,凱基-埔墘,2024-11-11,9288
3551,世禾,6,0,6,凱基-埔墘,2024-11-11,9288
00713,元大台灣高息低波,5,0,5,凱基-埔墘,2024-11-11,9288
4919,新唐,5,0,5,凱基-埔墘,2024-11-11,9288
6443,元晶,5,0,5,凱基-埔墘,2024-11-11,9288
00885,富邦越南,5,0,5,凱基-埔墘,2024-11-11,9288
2419,仲琦,5,0,5,凱基-埔墘,2024-11-11,9288
2606,裕民,5,0,5,凱基-埔墘,2024-11-11,9288
2630,亞航,5,0,5,凱基-埔墘,2024-11-11,9288
5905,南仁湖,52,47,5,凱基-埔墘,2024-11-11,9288
6191,精成科,5,0,5,凱基-埔墘,2024-11-11,9288
3597,映興,5,0,5,凱基-埔墘,2024-11-11,9288
2392,正崴,11,6,5,凱基-埔墘,2024-11-11,9288
1605,華新,4,0,4,凱基-埔墘,2024-11-11,9288
6223,旺矽,6,2,4,凱基-埔墘,2024-11-11,9288
2303,聯電,5,1,4,凱基-埔墘,2024-11-11,9288
2426,鼎元,4,0,4,凱基-埔墘,2024-11-11,9288
3025,星通,4,0,4,凱基-埔墘,2024-11-11,9288
5315,光聯,4,0,4,凱基-埔墘,2024-11-11,9288
00937B,群益ESG投等債20,88,1,87,凱基-埔墘,2024-11-12,9288
4162,智擎,61,1,60,凱基-埔墘,2024-11-12,9288
00878,國泰永續高股息,63,9,54,凱基-埔墘,2024-11-12,9288
2401,凌陽,51,0,51,凱基-埔墘,2024-11-12,9288
3481,群創,50,3,47,凱基-埔墘,2024-11-12,9288
00919,群益台灣精選高息,60,16,44,凱基-埔墘,2024-11-12,9288
2356,英業達,44,4,40,凱基-埔墘,2024-11-12,9288
00680L,元大美債20正2,37,0,37,凱基-埔墘,2024-11-12,9288
0056,元大高股息,38,3,35,凱基-埔墘,2024-11-12,9288
00915,凱基優選高股息30,31,5,26,凱基-埔墘,2024-11-12,9288
3303,岱稜,22,0,22,凱基-埔墘,2024-11-12,9288
1531,高林股,21,0,21,凱基-埔墘,2024-11-12,9288
5234,達興材料,16,0,16,凱基-埔墘,2024-11-12,9288
2330,台積電,18,2,16,凱基-埔墘,2024-11-12,9288
00940,元大台灣價值高息,15,0,15,凱基-埔墘,2024-11-12,9288
3234,光環,15,0,15,凱基-埔墘,2024-11-12,9288
00715L,期街口布蘭特正2,12,0,12,凱基-埔墘,2024-11-12,9288
006208,富邦台50,12,0,12,凱基-埔墘,2024-11-12,9288
6188,廣明,14,3,11,凱基-埔墘,2024-11-12,9288
5009,榮剛,13,2,11,凱基-埔墘,2024-11-12,9288
00945B,凱基美國非投等債,10,0,10,凱基-埔墘,2024-11-12,9288
1789,神隆,10,0,10,凱基-埔墘,2024-11-12,9288
2442,新美齊,11,1,10,凱基-埔墘,2024-11-12,9288
4303,信立,12,2,10,凱基-埔墘,2024-11-12,9288
4583,台灣精銳,10,0,10,凱基-埔墘,2024-11-12,9288
9934,成霖,10,0,10,凱基-埔墘,2024-11-12,9288
2834,臺企銀,10,0,10,凱基-埔墘,2024-11-12,9288
2354,鴻準,24,15,9,凱基-埔墘,2024-11-12,9288
4714,永捷,9,0,9,凱基-埔墘,2024-11-12,9288
6206,飛捷,9,0,9,凱基-埔墘,2024-11-12,9288
8240,華宏,9,0,9,凱基-埔墘,2024-11-12,9288
2317,鴻海,15,6,9,凱基-埔墘,2024-11-12,9288
1301,台塑,8,0,8,凱基-埔墘,2024-11-12,9288
00753L,中信中國50正2,10,2,8,凱基-埔墘,2024-11-12,9288
2392,正崴,9,1,8,凱基-埔墘,2024-11-12,9288
5450,南良,8,0,8,凱基-埔墘,2024-11-12,9288
9904,寶成,9,1,8,凱基-埔墘,2024-11-12,9288
2303,聯電,13,5,8,凱基-埔墘,2024-11-12,9288
5871,中租-KY,8,0,8,凱基-埔墘,2024-11-12,9288
00642U,期元大S＆P石油,7,0,7,凱基-埔墘,2024-11-12,9288
00887,永豐中國科技50大,7,0,7,凱基-埔墘,2024-11-12,9288
00930,永豐ESG低碳高息,7,0,7,凱基-埔墘,2024-11-12,9288
5258,虹堡,7,0,7,凱基-埔墘,2024-11-12,9288
6805,富世達,7,0,7,凱基-埔墘,2024-11-12,9288
9105,泰金寶-DR,7,0,7,凱基-埔墘,2024-11-12,9288
00952,凱基台灣AI50,6,0,6,凱基-埔墘,2024-11-12,9288
2236,百達-KY,6,0,6,凱基-埔墘,2024-11-12,9288
00881,國泰台灣5G+,5,0,5,凱基-埔墘,2024-11-12,9288
2542,興富發,5,0,5,凱基-埔墘,2024-11-12,9288
00885,富邦越南,5,0,5,凱基-埔墘,2024-11-12,9288
00882,中信中國高股息,166,0,166,凱基-埔墘,2024-11-13,9288
00885,富邦越南,100,0,100,凱基-埔墘,2024-11-13,9288
9105,泰金寶-DR,94,21,73,凱基-埔墘,2024-11-13,9288
6706,惠特,50,0,50,凱基-埔墘,2024-11-13,9288
00878,國泰永續高股息,46,0,46,凱基-埔墘,2024-11-13,9288
3481,群創,105,59,46,凱基-埔墘,2024-11-13,9288
2388,威盛,30,1,29,凱基-埔墘,2024-11-13,9288
2354,鴻準,35,8,27,凱基-埔墘,2024-11-13,9288
5450,南良,34,12,22,凱基-埔墘,2024-11-13,9288
00938,凱基優選30,20,0,20,凱基-埔墘,2024-11-13,9288
00632R,元大台灣50反1,20,0,20,凱基-埔墘,2024-11-13,9288
3047,訊舟,21,1,20,凱基-埔墘,2024-11-13,9288
2330,台積電,22,2,20,凱基-埔墘,2024-11-13,9288
2344,華邦電,17,0,17,凱基-埔墘,2024-11-13,9288
00665L,富邦�琤肭磪囓�2,15,0,15,凱基-埔墘,2024-11-13,9288
2617,台航,15,0,15,凱基-埔墘,2024-11-13,9288
5309,系統電,15,2,13,凱基-埔墘,2024-11-13,9288
6215,和椿,13,0,13,凱基-埔墘,2024-11-13,9288
00915,凱基優選高股息30,12,0,12,凱基-埔墘,2024-11-13,9288
2027,大成鋼,13,1,12,凱基-埔墘,2024-11-13,9288
3312,弘憶股,11,0,11,凱基-埔墘,2024-11-13,9288
00948B,中信優息投資級債,10,0,10,凱基-埔墘,2024-11-13,9288
00715L,期街口布蘭特正2,15,5,10,凱基-埔墘,2024-11-13,9288
2884,玉山金,10,0,10,凱基-埔墘,2024-11-13,9288
3152,璟德,10,0,10,凱基-埔墘,2024-11-13,9288
3511,矽瑪,12,2,10,凱基-埔墘,2024-11-13,9288
4909,新復興,10,0,10,凱基-埔墘,2024-11-13,9288
6877,鏵友益,10,0,10,凱基-埔墘,2024-11-13,9288
8039,台虹,10,1,9,凱基-埔墘,2024-11-13,9288
8112,至上,10,1,9,凱基-埔墘,2024-11-13,9288
2834,臺企銀,8,0,8,凱基-埔墘,2024-11-13,9288
4956,光鋐,10,2,8,凱基-埔墘,2024-11-13,9288
9904,寶成,52,44,8,凱基-埔墘,2024-11-13,9288
00919,群益台灣精選高息,9,2,7,凱基-埔墘,2024-11-13,9288
00753L,中信中國50正2,7,0,7,凱基-埔墘,2024-11-13,9288
2486,一詮,9,2,7,凱基-埔墘,2024-11-13,9288
3303,岱稜,7,0,7,凱基-埔墘,2024-11-13,9288
8201,無敵,7,0,7,凱基-埔墘,2024-11-13,9288
2020,美亞,6,0,6,凱基-埔墘,2024-11-13,9288
3489,森寶,6,0,6,凱基-埔墘,2024-11-13,9288
6219,富旺,6,0,6,凱基-埔墘,2024-11-13,9288
6505,台塑化,6,0,6,凱基-埔墘,2024-11-13,9288
8076,伍豐,6,0,6,凱基-埔墘,2024-11-13,9288
8150,南茂,6,0,6,凱基-埔墘,2024-11-13,9288
2382,廣達,7,1,6,凱基-埔墘,2024-11-13,9288
2543,皇昌,6,1,5,凱基-埔墘,2024-11-13,9288
6150,撼訊,5,0,5,凱基-埔墘,2024-11-13,9288
2002,中鋼,5,0,5,凱基-埔墘,2024-11-13,9288
1102,亞泥,5,0,5,凱基-埔墘,2024-11-13,9288
2442,新美齊,6,1,5,凱基-埔墘,2024-11-13,9288
2610,華航,55,0,55,凱基-埔墘,2024-11-14,9288
00878,國泰永續高股息,55,1,54,凱基-埔墘,2024-11-14,9288
3152,璟德,52,2,50,凱基-埔墘,2024-11-14,9288
6116,彩晶,50,0,50,凱基-埔墘,2024-11-14,9288
00929,復華台灣科技優息,34,1,33,凱基-埔墘,2024-11-14,9288
2614,東森,31,0,31,凱基-埔墘,2024-11-14,9288
2101,南港,27,0,27,凱基-埔墘,2024-11-14,9288
2603,長榮,26,1,25,凱基-埔墘,2024-11-14,9288
00937B,群益ESG投等債20,22,0,22,凱基-埔墘,2024-11-14,9288
2444,兆勁,20,0,20,凱基-埔墘,2024-11-14,9288
6877,鏵友益,20,0,20,凱基-埔墘,2024-11-14,9288
6805,富世達,18,1,17,凱基-埔墘,2024-11-14,9288
00919,群益台灣精選高息,17,1,16,凱基-埔墘,2024-11-14,9288
0056,元大高股息,16,1,15,凱基-埔墘,2024-11-14,9288
2354,鴻準,21,6,15,凱基-埔墘,2024-11-14,9288
2472,立隆電,15,0,15,凱基-埔墘,2024-11-14,9288
3615,安可,15,0,15,凱基-埔墘,2024-11-14,9288
8107,大億金茂,15,0,15,凱基-埔墘,2024-11-14,9288
3689,湧德,17,3,14,凱基-埔墘,2024-11-14,9288
5871,中租-KY,13,0,13,凱基-埔墘,2024-11-14,9288
2885,元大金,12,0,12,凱基-埔墘,2024-11-14,9288
2344,華邦電,11,0,11,凱基-埔墘,2024-11-14,9288
8076,伍豐,11,0,11,凱基-埔墘,2024-11-14,9288
00915,凱基優選高股息30,10,0,10,凱基-埔墘,2024-11-14,9288
1471,首利,10,0,10,凱基-埔墘,2024-11-14,9288
1611,中電,10,0,10,凱基-埔墘,2024-11-14,9288
2408,南亞科,10,0,10,凱基-埔墘,2024-11-14,9288
6274,台燿,10,0,10,凱基-埔墘,2024-11-14,9288
2609,陽明,15,6,9,凱基-埔墘,2024-11-14,9288
2617,台航,9,0,9,凱基-埔墘,2024-11-14,9288
2892,第一金,9,0,9,凱基-埔墘,2024-11-14,9288
4956,光鋐,9,0,9,凱基-埔墘,2024-11-14,9288
2495,普安,12,4,8,凱基-埔墘,2024-11-14,9288
00922,國泰台灣領袖50,7,0,7,凱基-埔墘,2024-11-14,9288
00679B,元大美債20年,7,0,7,凱基-埔墘,2024-11-14,9288
00952,凱基台灣AI50,7,0,7,凱基-埔墘,2024-11-14,9288
2303,聯電,10,3,7,凱基-埔墘,2024-11-14,9288
2330,台積電,7,1,6,凱基-埔墘,2024-11-14,9288
00944,野村趨勢動能高息,6,0,6,凱基-埔墘,2024-11-14,9288
00940,元大台灣價值高息,6,0,6,凱基-埔墘,2024-11-14,9288
3234,光環,7,1,6,凱基-埔墘,2024-11-14,9288
6770,力積電,6,0,6,凱基-埔墘,2024-11-14,9288
00939,統一台灣高息動能,5,0,5,凱基-埔墘,2024-11-14,9288
00675L,富邦臺灣加權正2,5,0,5,凱基-埔墘,2024-11-14,9288
2367,燿華,5,0,5,凱基-埔墘,2024-11-14,9288
3303,岱稜,5,0,5,凱基-埔墘,2024-11-14,9288
3597,映興,14,9,5,凱基-埔墘,2024-11-14,9288
5309,系統電,5,0,5,凱基-埔墘,2024-11-14,9288
2002,中鋼,5,0,5,凱基-埔墘,2024-11-14,9288
2382,廣達,5,0,5,凱基-埔墘,2024-11-14,9288
2888,新光金,110,2,108,凱基-埔墘,2024-11-15,9288
00878,國泰永續高股息,80,1,79,凱基-埔墘,2024-11-15,9288
5309,系統電,30,0,30,凱基-埔墘,2024-11-15,9288
00632R,元大台灣50反1,28,0,28,凱基-埔墘,2024-11-15,9288
2317,鴻海,31,10,21,凱基-埔墘,2024-11-15,9288
3202,樺晟,20,0,20,凱基-埔墘,2024-11-15,9288
2486,一詮,15,0,15,凱基-埔墘,2024-11-15,9288
3164,景岳,15,0,15,凱基-埔墘,2024-11-15,9288
2382,廣達,16,3,13,凱基-埔墘,2024-11-15,9288
3017,奇鋐,14,2,12,凱基-埔墘,2024-11-15,9288
00940,元大台灣價值高息,11,0,11,凱基-埔墘,2024-11-15,9288
2344,華邦電,25,14,11,凱基-埔墘,2024-11-15,9288
00943,兆豐電子高息等權,10,0,10,凱基-埔墘,2024-11-15,9288
00719B,元大美債1-3,10,0,10,凱基-埔墘,2024-11-15,9288
00922,國泰台灣領袖50,10,0,10,凱基-埔墘,2024-11-15,9288
2328,廣宇,11,1,10,凱基-埔墘,2024-11-15,9288
2801,彰銀,10,0,10,凱基-埔墘,2024-11-15,9288
6217,中探針,10,0,10,凱基-埔墘,2024-11-15,9288
1522,堤維西,10,1,9,凱基-埔墘,2024-11-15,9288
1471,首利,10,2,8,凱基-埔墘,2024-11-15,9288
2634,漢翔,9,1,8,凱基-埔墘,2024-11-15,9288
2356,英業達,8,1,7,凱基-埔墘,2024-11-15,9288
3003,健和興,7,0,7,凱基-埔墘,2024-11-15,9288
4562,穎漢,7,0,7,凱基-埔墘,2024-11-15,9288
3706,神達,29,22,7,凱基-埔墘,2024-11-15,9288
00936,台新永續高息中小,6,0,6,凱基-埔墘,2024-11-15,9288
00665L,富邦�琤肭磪囓�2,7,1,6,凱基-埔墘,2024-11-15,9288
00690,兆豐藍籌30,6,0,6,凱基-埔墘,2024-11-15,9288
3346,麗清,6,0,6,凱基-埔墘,2024-11-15,9288
5234,達興材料,12,6,6,凱基-埔墘,2024-11-15,9288
00731,復華富時高息低波,6,0,6,凱基-埔墘,2024-11-15,9288
00937B,群益ESG投等債20,5,0,5,凱基-埔墘,2024-11-15,9288
3293,鈊象,5,0,5,凱基-埔墘,2024-11-15,9288
1513,中興電,5,0,5,凱基-埔墘,2024-11-15,9288
00963,中信全球高股息,5,0,5,凱基-埔墘,2024-11-15,9288
3056,富華新,5,0,5,凱基-埔墘,2024-11-15,9288
4977,眾達-KY,7,2,5,凱基-埔墘,2024-11-15,9288
6269,台郡,5,0,5,凱基-埔墘,2024-11-15,9288
6869,雲豹能源,6,1,5,凱基-埔墘,2024-11-15,9288
8039,台虹,17,12,5,凱基-埔墘,2024-11-15,9288
2337,旺宏,5,1,4,凱基-埔墘,2024-11-15,9288
2495,普安,4,0,4,凱基-埔墘,2024-11-15,9288
2308,台達電,4,0,4,凱基-埔墘,2024-11-15,9288
2615,萬海,25,21,4,凱基-埔墘,2024-11-15,9288
2883B,凱基金乙特,4,0,4,凱基-埔墘,2024-11-15,9288
3037,欣興,4,0,4,凱基-埔墘,2024-11-15,9288
8044,網家,4,0,4,凱基-埔墘,2024-11-15,9288
8403,盛弘,4,0,4,凱基-埔墘,2024-11-15,9288
8917,欣泰,4,0,4,凱基-埔墘,2024-11-15,9288
00753L,中信中國50正2,3,0,3,凱基-埔墘,2024-11-15,9288
2392,正崴,72,12,60,凱基-埔墘,2024-11-18,9288
2401,凌陽,50,0,50,凱基-埔墘,2024-11-18,9288
2495,普安,30,0,30,凱基-埔墘,2024-11-18,9288
00878,國泰永續高股息,71,45,26,凱基-埔墘,2024-11-18,9288
00929,復華台灣科技優息,23,0,23,凱基-埔墘,2024-11-18,9288
00919,群益台灣精選高息,22,0,22,凱基-埔墘,2024-11-18,9288
00715L,期街口布蘭特正2,20,0,20,凱基-埔墘,2024-11-18,9288
3202,樺晟,20,0,20,凱基-埔墘,2024-11-18,9288
0056,元大高股息,17,1,16,凱基-埔墘,2024-11-18,9288
00632R,元大台灣50反1,35,20,15,凱基-埔墘,2024-11-18,9288
9904,寶成,30,16,14,凱基-埔墘,2024-11-18,9288
1301,台塑,14,1,13,凱基-埔墘,2024-11-18,9288
5234,達興材料,13,0,13,凱基-埔墘,2024-11-18,9288
00943,兆豐電子高息等權,12,0,12,凱基-埔墘,2024-11-18,9288
1785,光洋科,12,0,12,凱基-埔墘,2024-11-18,9288
2312,金寶,51,39,12,凱基-埔墘,2024-11-18,9288
2617,台航,25,13,12,凱基-埔墘,2024-11-18,9288
3236,千如,12,0,12,凱基-埔墘,2024-11-18,9288
2915,潤泰全,11,0,11,凱基-埔墘,2024-11-18,9288
00952,凱基台灣AI50,10,0,10,凱基-埔墘,2024-11-18,9288
00719B,元大美債1-3,10,0,10,凱基-埔墘,2024-11-18,9288
1314,中石化,10,0,10,凱基-埔墘,2024-11-18,9288
2468,華經,10,0,10,凱基-埔墘,2024-11-18,9288
3689,湧德,12,2,10,凱基-埔墘,2024-11-18,9288
6877,鏵友益,10,0,10,凱基-埔墘,2024-11-18,9288
8107,大億金茂,10,0,10,凱基-埔墘,2024-11-18,9288
9938,百和,10,0,10,凱基-埔墘,2024-11-18,9288
00637L,元大滬深300正2,16,7,9,凱基-埔墘,2024-11-18,9288
5371,中光電,10,1,9,凱基-埔墘,2024-11-18,9288
6763,綠界科技*,10,1,9,凱基-埔墘,2024-11-18,9288
2881,富邦金,7,0,7,凱基-埔墘,2024-11-18,9288
2603,長榮,21,14,7,凱基-埔墘,2024-11-18,9288
3625,西勝,7,0,7,凱基-埔墘,2024-11-18,9288
00944,野村趨勢動能高息,6,0,6,凱基-埔墘,2024-11-18,9288
3040,遠見,6,0,6,凱基-埔墘,2024-11-18,9288
3088,艾訊,8,2,6,凱基-埔墘,2024-11-18,9288
00923,群益台ESG低碳50,5,0,5,凱基-埔墘,2024-11-18,9288
00636,國泰中國A50,5,0,5,凱基-埔墘,2024-11-18,9288
2486,一詮,5,0,5,凱基-埔墘,2024-11-18,9288
2498,宏達電,5,0,5,凱基-埔墘,2024-11-18,9288
2867,三商壽,5,0,5,凱基-埔墘,2024-11-18,9288
2349,錸德,9,4,5,凱基-埔墘,2024-11-18,9288
00915,凱基優選高股息30,5,0,5,凱基-埔墘,2024-11-18,9288
00679B,元大美債20年,9,5,4,凱基-埔墘,2024-11-18,9288
2359,所羅門,4,0,4,凱基-埔墘,2024-11-18,9288
2303,聯電,8,4,4,凱基-埔墘,2024-11-18,9288
3149,正達,4,0,4,凱基-埔墘,2024-11-18,9288
3234,光環,4,0,4,凱基-埔墘,2024-11-18,9288
6859,伯特光,4,0,4,凱基-埔墘,2024-11-18,9288
8240,華宏,4,0,4,凱基-埔墘,2024-11-18,9288
2344,華邦電,114,8,106,凱基-埔墘,2024-11-19,9288
1531,高林股,90,0,90,凱基-埔墘,2024-11-19,9288
9105,泰金寶-DR,367,301,66,凱基-埔墘,2024-11-19,9288
00878,國泰永續高股息,50,1,49,凱基-埔墘,2024-11-19,9288
2332,友訊,30,0,30,凱基-埔墘,2024-11-19,9288
00637L,元大滬深300正2,30,9,21,凱基-埔墘,2024-11-19,9288
00938,凱基優選30,20,0,20,凱基-埔墘,2024-11-19,9288
3511,矽瑪,29,9,20,凱基-埔墘,2024-11-19,9288
6589,台康生技,20,0,20,凱基-埔墘,2024-11-19,9288
8404,百和興業-KY,20,0,20,凱基-埔墘,2024-11-19,9288
00753L,中信中國50正2,18,0,18,凱基-埔墘,2024-11-19,9288
3689,湧德,21,3,18,凱基-埔墘,2024-11-19,9288
2349,錸德,17,1,16,凱基-埔墘,2024-11-19,9288
2486,一詮,13,0,13,凱基-埔墘,2024-11-19,9288
9904,寶成,29,16,13,凱基-埔墘,2024-11-19,9288
1471,首利,12,0,12,凱基-埔墘,2024-11-19,9288
3705,永信,12,0,12,凱基-埔墘,2024-11-19,9288
1301,台塑,11,0,11,凱基-埔墘,2024-11-19,9288
2630,亞航,11,0,11,凱基-埔墘,2024-11-19,9288
00719B,元大美債1-3,10,0,10,凱基-埔墘,2024-11-19,9288
00885,富邦越南,10,0,10,凱基-埔墘,2024-11-19,9288
00943,兆豐電子高息等權,10,0,10,凱基-埔墘,2024-11-19,9288
8107,大億金茂,10,0,10,凱基-埔墘,2024-11-19,9288
8111,立��,10,0,10,凱基-埔墘,2024-11-19,9288
00945B,凱基美國非投等債,14,5,9,凱基-埔墘,2024-11-19,9288
3040,遠見,9,0,9,凱基-埔墘,2024-11-19,9288
00929,復華台灣科技優息,10,2,8,凱基-埔墘,2024-11-19,9288
00932,兆豐永續高息等權,7,0,7,凱基-埔墘,2024-11-19,9288
6219,富旺,8,1,7,凱基-埔墘,2024-11-19,9288
1102,亞泥,7,0,7,凱基-埔墘,2024-11-19,9288
00650L,復華香港正2,6,0,6,凱基-埔墘,2024-11-19,9288
2312,金寶,40,34,6,凱基-埔墘,2024-11-19,9288
5864,致和證,7,1,6,凱基-埔墘,2024-11-19,9288
2382,廣達,6,1,5,凱基-埔墘,2024-11-19,9288
00679B,元大美債20年,5,0,5,凱基-埔墘,2024-11-19,9288
4979,華星光,15,10,5,凱基-埔墘,2024-11-19,9288
5215,科嘉-KY,5,0,5,凱基-埔墘,2024-11-19,9288
3062,建漢,5,0,5,凱基-埔墘,2024-11-19,9288
00930,永豐ESG低碳高息,4,0,4,凱基-埔墘,2024-11-19,9288
1708,東鹼,4,0,4,凱基-埔墘,2024-11-19,9288
2317,鴻海,3,0,3,凱基-埔墘,2024-11-19,9288
00725B,國泰投資級公司債,3,0,3,凱基-埔墘,2024-11-19,9288
2476,鉅祥,4,1,3,凱基-埔墘,2024-11-19,9288
8089,康全電訊,3,0,3,凱基-埔墘,2024-11-19,9288
2002,中鋼,2,0,2,凱基-埔墘,2024-11-19,9288
3227,原相,2,0,2,凱基-埔墘,2024-11-19,9288
00887,永豐中國科技50大,2,0,2,凱基-埔墘,2024-11-19,9288
00830,國泰費城半導體,2,0,2,凱基-埔墘,2024-11-19,9288
00687B,國泰20年美債,3,1,2,凱基-埔墘,2024-11-19,9288
2020,美亞,2,0,2,凱基-埔墘,2024-11-19,9288
00679B,元大美債20年,77,10,67,凱基-埔墘,2024-11-20,9288
2356,英業達,60,14,46,凱基-埔墘,2024-11-20,9288
2354,鴻準,57,13,44,凱基-埔墘,2024-11-20,9288
2610,華航,34,1,33,凱基-埔墘,2024-11-20,9288
2515,中工,30,0,30,凱基-埔墘,2024-11-20,9288
2495,普安,26,0,26,凱基-埔墘,2024-11-20,9288
00937B,群益ESG投等債20,24,2,22,凱基-埔墘,2024-11-20,9288
00878,國泰永續高股息,20,0,20,凱基-埔墘,2024-11-20,9288
2352,佳世達,20,1,19,凱基-埔墘,2024-11-20,9288
2615,萬海,60,41,19,凱基-埔墘,2024-11-20,9288
3022,威強電,18,0,18,凱基-埔墘,2024-11-20,9288
2332,友訊,16,0,16,凱基-埔墘,2024-11-20,9288
2317,鴻海,18,4,14,凱基-埔墘,2024-11-20,9288
3605,宏致,12,0,12,凱基-埔墘,2024-11-20,9288
006208,富邦台50,12,1,11,凱基-埔墘,2024-11-20,9288
00930,永豐ESG低碳高息,11,0,11,凱基-埔墘,2024-11-20,9288
4162,智擎,12,1,11,凱基-埔墘,2024-11-20,9288
9958,世紀鋼,10,0,10,凱基-埔墘,2024-11-20,9288
4540,全球傳動,10,0,10,凱基-埔墘,2024-11-20,9288
3231,緯創,10,1,9,凱基-埔墘,2024-11-20,9288
4729,熒茂,20,11,9,凱基-埔墘,2024-11-20,9288
2903,遠百,8,0,8,凱基-埔墘,2024-11-20,9288
8429,金麗-KY,8,0,8,凱基-埔墘,2024-11-20,9288
2303,聯電,7,0,7,凱基-埔墘,2024-11-20,9288
3548,兆利,6,0,6,凱基-埔墘,2024-11-20,9288
3705,永信,6,0,6,凱基-埔墘,2024-11-20,9288
5309,系統電,6,0,6,凱基-埔墘,2024-11-20,9288
8096,擎亞,6,0,6,凱基-埔墘,2024-11-20,9288
9904,寶成,34,28,6,凱基-埔墘,2024-11-20,9288
1102,亞泥,5,0,5,凱基-埔墘,2024-11-20,9288
00708L,期元大S＆P黃金正2,5,0,5,凱基-埔墘,2024-11-20,9288
2328,廣宇,5,0,5,凱基-埔墘,2024-11-20,9288
2359,所羅門,6,1,5,凱基-埔墘,2024-11-20,9288
4577,達航科技,5,0,5,凱基-埔墘,2024-11-20,9288
4956,光鋐,14,9,5,凱基-埔墘,2024-11-20,9288
2408,南亞科,4,0,4,凱基-埔墘,2024-11-20,9288
2537,聯上發,4,0,4,凱基-埔墘,2024-11-20,9288
2605,新興,10,6,4,凱基-埔墘,2024-11-20,9288
2634,漢翔,7,3,4,凱基-埔墘,2024-11-20,9288
3090,日電貿,4,0,4,凱基-埔墘,2024-11-20,9288
3706,神達,20,16,4,凱基-埔墘,2024-11-20,9288
9105,泰金寶-DR,13,9,4,凱基-埔墘,2024-11-20,9288
2915,潤泰全,4,0,4,凱基-埔墘,2024-11-20,9288
00675L,富邦臺灣加權正2,3,0,3,凱基-埔墘,2024-11-20,9288
1449,佳和,4,1,3,凱基-埔墘,2024-11-20,9288
2392,正崴,3,0,3,凱基-埔墘,2024-11-20,9288
5213,亞昕,3,0,3,凱基-埔墘,2024-11-20,9288
6116,彩晶,3,0,3,凱基-埔墘,2024-11-20,9288
6155,鈞寶,3,0,3,凱基-埔墘,2024-11-20,9288
6541,泰福-KY,3,0,3,凱基-埔墘,2024-11-20,9288
6757,台灣虎航,60,0,60,凱基-埔墘,2024-11-21,9288
2610,華航,55,4,51,凱基-埔墘,2024-11-21,9288
2010,春源,39,0,39,凱基-埔墘,2024-11-21,9288
8404,百和興業-KY,38,8,30,凱基-埔墘,2024-11-21,9288
00919,群益台灣精選高息,21,0,21,凱基-埔墘,2024-11-21,9288
2528,皇普,20,1,19,凱基-埔墘,2024-11-21,9288
00878,國泰永續高股息,24,10,14,凱基-埔墘,2024-11-21,9288
00937B,群益ESG投等債20,12,0,12,凱基-埔墘,2024-11-21,9288
2444,兆勁,10,0,10,凱基-埔墘,2024-11-21,9288
4162,智擎,10,0,10,凱基-埔墘,2024-11-21,9288
6213,聯茂,11,1,10,凱基-埔墘,2024-11-21,9288
2354,鴻準,35,26,9,凱基-埔墘,2024-11-21,9288
5905,南仁湖,10,2,8,凱基-埔墘,2024-11-21,9288
00915,凱基優選高股息30,8,0,8,凱基-埔墘,2024-11-21,9288
1471,首利,22,15,7,凱基-埔墘,2024-11-21,9288
00637L,元大滬深300正2,10,3,7,凱基-埔墘,2024-11-21,9288
2617,台航,7,0,7,凱基-埔墘,2024-11-21,9288
6139,亞翔,7,0,7,凱基-埔墘,2024-11-21,9288
2303,聯電,10,4,6,凱基-埔墘,2024-11-21,9288
2353,宏��,6,0,6,凱基-埔墘,2024-11-21,9288
4303,信立,6,0,6,凱基-埔墘,2024-11-21,9288
6282,康舒,6,0,6,凱基-埔墘,2024-11-21,9288
8081,致新,5,0,5,凱基-埔墘,2024-11-21,9288
2881,富邦金,6,2,4,凱基-埔墘,2024-11-21,9288
2330,台積電,4,0,4,凱基-埔墘,2024-11-21,9288
0050,元大台灣50,4,0,4,凱基-埔墘,2024-11-21,9288
2317,鴻海,7,3,4,凱基-埔墘,2024-11-21,9288
3011,今皓,4,0,4,凱基-埔墘,2024-11-21,9288
3088,艾訊,6,2,4,凱基-埔墘,2024-11-21,9288
3234,光環,4,0,4,凱基-埔墘,2024-11-21,9288
4931,新盛力,5,1,4,凱基-埔墘,2024-11-21,9288
6838,台新藥,4,0,4,凱基-埔墘,2024-11-21,9288
0056,元大高股息,6,2,4,凱基-埔墘,2024-11-21,9288
00959B,大華投等美債15Y+,3,0,3,凱基-埔墘,2024-11-21,9288
1303,南亞,3,0,3,凱基-埔墘,2024-11-21,9288
00731,復華富時高息低波,3,0,3,凱基-埔墘,2024-11-21,9288
00725B,國泰投資級公司債,3,0,3,凱基-埔墘,2024-11-21,9288
2027,大成鋼,3,0,3,凱基-埔墘,2024-11-21,9288
2204,中華,11,8,3,凱基-埔墘,2024-11-21,9288
2359,所羅門,3,0,3,凱基-埔墘,2024-11-21,9288
2431,聯昌,3,0,3,凱基-埔墘,2024-11-21,9288
2457,飛宏,3,0,3,凱基-埔墘,2024-11-21,9288
3213,茂訊,3,0,3,凱基-埔墘,2024-11-21,9288
3231,緯創,3,0,3,凱基-埔墘,2024-11-21,9288
3625,西勝,3,0,3,凱基-埔墘,2024-11-21,9288
5213,亞昕,3,0,3,凱基-埔墘,2024-11-21,9288
6116,彩晶,3,0,3,凱基-埔墘,2024-11-21,9288
6269,台郡,4,1,3,凱基-埔墘,2024-11-21,9288
6517,保勝光學,3,0,3,凱基-埔墘,2024-11-21,9288
6937,天虹,3,0,3,凱基-埔墘,2024-11-21,9288
00915,凱基優選高股息30,81,0,81,凱基-埔墘,2024-11-22,9288
00753L,中信中國50正2,59,0,59,凱基-埔墘,2024-11-22,9288
3022,威強電,58,2,56,凱基-埔墘,2024-11-22,9288
2367,燿華,45,8,37,凱基-埔墘,2024-11-22,9288
2610,華航,35,0,35,凱基-埔墘,2024-11-22,9288
9904,寶成,33,0,33,凱基-埔墘,2024-11-22,9288
00937B,群益ESG投等債20,32,0,32,凱基-埔墘,2024-11-22,9288
2344,華邦電,29,0,29,凱基-埔墘,2024-11-22,9288
1802,台玻,29,10,19,凱基-埔墘,2024-11-22,9288
3323,加百裕,15,2,13,凱基-埔墘,2024-11-22,9288
6664,群翊,12,0,12,凱基-埔墘,2024-11-22,9288
2867,三商壽,12,1,11,凱基-埔墘,2024-11-22,9288
1531,高林股,10,0,10,凱基-埔墘,2024-11-22,9288
2801,彰銀,10,0,10,凱基-埔墘,2024-11-22,9288
2615,萬海,16,7,9,凱基-埔墘,2024-11-22,9288
5905,南仁湖,24,15,9,凱基-埔墘,2024-11-22,9288
2408,南亞科,8,0,8,凱基-埔墘,2024-11-22,9288
2609,陽明,10,3,7,凱基-埔墘,2024-11-22,9288
3484,崧騰,7,0,7,凱基-埔墘,2024-11-22,9288
00637L,元大滬深300正2,12,6,6,凱基-埔墘,2024-11-22,9288
4729,熒茂,11,5,6,凱基-埔墘,2024-11-22,9288
2498,宏達電,5,0,5,凱基-埔墘,2024-11-22,9288
00963,中信全球高股息,5,0,5,凱基-埔墘,2024-11-22,9288
00881,國泰台灣5G+,5,0,5,凱基-埔墘,2024-11-22,9288
00878,國泰永續高股息,12,7,5,凱基-埔墘,2024-11-22,9288
2539,櫻花建,5,0,5,凱基-埔墘,2024-11-22,9288
2915,潤泰全,5,0,5,凱基-埔墘,2024-11-22,9288
3413,京鼎,5,0,5,凱基-埔墘,2024-11-22,9288
4510,高鋒,7,2,5,凱基-埔墘,2024-11-22,9288
6116,彩晶,5,0,5,凱基-埔墘,2024-11-22,9288
6558,興能高,7,2,5,凱基-埔墘,2024-11-22,9288
8917,欣泰,5,0,5,凱基-埔墘,2024-11-22,9288
0056,元大高股息,5,0,5,凱基-埔墘,2024-11-22,9288
2458,義隆,4,0,4,凱基-埔墘,2024-11-22,9288
2617,台航,4,0,4,凱基-埔墘,2024-11-22,9288
3236,千如,4,0,4,凱基-埔墘,2024-11-22,9288
4128,中天,4,0,4,凱基-埔墘,2024-11-22,9288
8021,尖點,4,0,4,凱基-埔墘,2024-11-22,9288
8040,九暘,4,0,4,凱基-埔墘,2024-11-22,9288
9105,泰金寶-DR,27,23,4,凱基-埔墘,2024-11-22,9288
00918,大華優利高填息30,3,0,3,凱基-埔墘,2024-11-22,9288
00725B,國泰投資級公司債,3,0,3,凱基-埔墘,2024-11-22,9288
00633L,富邦上証正2,3,0,3,凱基-埔墘,2024-11-22,9288
1301,台塑,3,0,3,凱基-埔墘,2024-11-22,9288
2316,楠梓電,3,0,3,凱基-埔墘,2024-11-22,9288
2449,京元電子,4,1,3,凱基-埔墘,2024-11-22,9288
2476,鉅祥,3,0,3,凱基-埔墘,2024-11-22,9288
2486,一詮,3,0,3,凱基-埔墘,2024-11-22,9288
2881,富邦金,3,0,3,凱基-埔墘,2024-11-22,9288
2884,玉山金,3,0,3,凱基-埔墘,2024-11-22,9288
3231,緯創,106,5,101,凱基-埔墘,2024-11-25,9288
2610,華航,53,0,53,凱基-埔墘,2024-11-25,9288
2354,鴻準,63,11,52,凱基-埔墘,2024-11-25,9288
00924,復華S＆P500成長,40,0,40,凱基-埔墘,2024-11-25,9288
00715L,期街口布蘭特正2,30,0,30,凱基-埔墘,2024-11-25,9288
2603,長榮,31,4,27,凱基-埔墘,2024-11-25,9288
2609,陽明,29,6,23,凱基-埔墘,2024-11-25,9288
00665L,富邦�琤肭磪囓�2,21,0,21,凱基-埔墘,2024-11-25,9288
00940,元大台灣價值高息,20,0,20,凱基-埔墘,2024-11-25,9288
1612,宏泰,20,0,20,凱基-埔墘,2024-11-25,9288
3022,威強電,20,0,20,凱基-埔墘,2024-11-25,9288
6116,彩晶,20,0,20,凱基-埔墘,2024-11-25,9288
00637L,元大滬深300正2,19,0,19,凱基-埔墘,2024-11-25,9288
2228,劍麟,19,0,19,凱基-埔墘,2024-11-25,9288
1609,大亞,16,1,15,凱基-埔墘,2024-11-25,9288
2539,櫻花建,18,7,11,凱基-埔墘,2024-11-25,9288
00937B,群益ESG投等債20,10,0,10,凱基-埔墘,2024-11-25,9288
006208,富邦台50,10,0,10,凱基-埔墘,2024-11-25,9288
1531,高林股,10,0,10,凱基-埔墘,2024-11-25,9288
2528,皇普,10,0,10,凱基-埔墘,2024-11-25,9288
8076,伍豐,10,0,10,凱基-埔墘,2024-11-25,9288
9105,泰金寶-DR,27,17,10,凱基-埔墘,2024-11-25,9288
00945B,凱基美國非投等債,8,0,8,凱基-埔墘,2024-11-25,9288
3484,崧騰,8,0,8,凱基-埔墘,2024-11-25,9288
6517,保勝光學,8,0,8,凱基-埔墘,2024-11-25,9288
00919,群益台灣精選高息,8,0,8,凱基-埔墘,2024-11-25,9288
2312,金寶,23,17,6,凱基-埔墘,2024-11-25,9288
3019,亞光,7,1,6,凱基-埔墘,2024-11-25,9288
6664,群翊,6,0,6,凱基-埔墘,2024-11-25,9288
2344,華邦電,5,0,5,凱基-埔墘,2024-11-25,9288
8163,達方,15,10,5,凱基-埔墘,2024-11-25,9288
00909,國泰數位支付服務,5,0,5,凱基-埔墘,2024-11-25,9288
00636,國泰中國A50,5,0,5,凱基-埔墘,2024-11-25,9288
2355,敬鵬,5,0,5,凱基-埔墘,2024-11-25,9288
2442,新美齊,5,0,5,凱基-埔墘,2024-11-25,9288
3149,正達,5,0,5,凱基-埔墘,2024-11-25,9288
4909,新復興,7,2,5,凱基-埔墘,2024-11-25,9288
1303,南亞,4,0,4,凱基-埔墘,2024-11-25,9288
1432,大魯閣,5,1,4,凱基-埔墘,2024-11-25,9288
1569,濱川,4,0,4,凱基-埔墘,2024-11-25,9288
2606,裕民,5,1,4,凱基-埔墘,2024-11-25,9288
2634,漢翔,5,1,4,凱基-埔墘,2024-11-25,9288
3558,神準,6,2,4,凱基-埔墘,2024-11-25,9288
3591,艾笛森,4,0,4,凱基-埔墘,2024-11-25,9288
6133,金橋,5,1,4,凱基-埔墘,2024-11-25,9288
8021,尖點,4,0,4,凱基-埔墘,2024-11-25,9288
2303,聯電,5,2,3,凱基-埔墘,2024-11-25,9288
6488,環球晶,3,0,3,凱基-埔墘,2024-11-25,9288
00631L,元大台灣50正2,3,0,3,凱基-埔墘,2024-11-25,9288
00753L,中信中國50正2,9,6,3,凱基-埔墘,2024-11-25,9288
3231,緯創,107,4,103,凱基-埔墘,2024-11-26,9288
1531,高林股,40,0,40,凱基-埔墘,2024-11-26,9288
1709,和益,32,0,32,凱基-埔墘,2024-11-26,9288
2371,大同,22,4,18,凱基-埔墘,2024-11-26,9288
6165,浪凡,18,0,18,凱基-埔墘,2024-11-26,9288
3162,精確,20,3,17,凱基-埔墘,2024-11-26,9288
6213,聯茂,16,0,16,凱基-埔墘,2024-11-26,9288
2317,鴻海,20,4,16,凱基-埔墘,2024-11-26,9288
4927,泰鼎-KY,15,0,15,凱基-埔墘,2024-11-26,9288
00878,國泰永續高股息,31,16,15,凱基-埔墘,2024-11-26,9288
00915,凱基優選高股息30,11,0,11,凱基-埔墘,2024-11-26,9288
00680L,元大美債20正2,10,0,10,凱基-埔墘,2024-11-26,9288
00965,元大航太防衛科技,10,0,10,凱基-埔墘,2024-11-26,9288
5488,松普,10,0,10,凱基-埔墘,2024-11-26,9288
9904,寶成,28,19,9,凱基-埔墘,2024-11-26,9288
1802,台玻,12,5,7,凱基-埔墘,2024-11-26,9288
2354,鴻準,10,3,7,凱基-埔墘,2024-11-26,9288
8222,寶一,8,1,7,凱基-埔墘,2024-11-26,9288
00963,中信全球高股息,6,0,6,凱基-埔墘,2024-11-26,9288
2426,鼎元,19,13,6,凱基-埔墘,2024-11-26,9288
2867,三商壽,6,0,6,凱基-埔墘,2024-11-26,9288
5439,高技,6,0,6,凱基-埔墘,2024-11-26,9288
00936,台新永續高息中小,5,0,5,凱基-埔墘,2024-11-26,9288
1528,恩德,9,4,5,凱基-埔墘,2024-11-26,9288
1569,濱川,5,0,5,凱基-埔墘,2024-11-26,9288
1612,宏泰,6,1,5,凱基-埔墘,2024-11-26,9288
2362,藍天,5,0,5,凱基-埔墘,2024-11-26,9288
2408,南亞科,8,3,5,凱基-埔墘,2024-11-26,9288
5353,台林,5,0,5,凱基-埔墘,2024-11-26,9288
8044,網家,7,2,5,凱基-埔墘,2024-11-26,9288
9933,中鼎,5,0,5,凱基-埔墘,2024-11-26,9288
00958B,永豐ESG銀行債15,4,0,4,凱基-埔墘,2024-11-26,9288
00753L,中信中國50正2,4,0,4,凱基-埔墘,2024-11-26,9288
00675L,富邦臺灣加權正2,4,0,4,凱基-埔墘,2024-11-26,9288
3234,光環,4,0,4,凱基-埔墘,2024-11-26,9288
5465,富驊,5,1,4,凱基-埔墘,2024-11-26,9288
1560,中砂,4,0,4,凱基-埔墘,2024-11-26,9288
00929,復華台灣科技優息,6,3,3,凱基-埔墘,2024-11-26,9288
2330,台積電,5,2,3,凱基-埔墘,2024-11-26,9288
00951,台新日本半導體,3,0,3,凱基-埔墘,2024-11-26,9288
00918,大華優利高填息30,3,0,3,凱基-埔墘,2024-11-26,9288
00935,野村臺灣新科技50,3,0,3,凱基-埔墘,2024-11-26,9288
2501,國建,3,0,3,凱基-埔墘,2024-11-26,9288
2606,裕民,3,0,3,凱基-埔墘,2024-11-26,9288
3043,科風,3,0,3,凱基-埔墘,2024-11-26,9288
4562,穎漢,6,3,3,凱基-埔墘,2024-11-26,9288
5243,乙盛-KY,3,0,3,凱基-埔墘,2024-11-26,9288
6182,合晶,3,0,3,凱基-埔墘,2024-11-26,9288
6830,汎銓,3,0,3,凱基-埔墘,2024-11-26,9288
8163,達方,4,1,3,凱基-埔墘,2024-11-26,9288
1531,高林股,100,0,100,凱基-埔墘,2024-11-27,9288
00878,國泰永續高股息,78,10,68,凱基-埔墘,2024-11-27,9288
9105,泰金寶-DR,72,7,65,凱基-埔墘,2024-11-27,9288
00919,群益台灣精選高息,55,0,55,凱基-埔墘,2024-11-27,9288
3231,緯創,57,3,54,凱基-埔墘,2024-11-27,9288
4162,智擎,31,0,31,凱基-埔墘,2024-11-27,9288
0056,元大高股息,30,0,30,凱基-埔墘,2024-11-27,9288
00918,大華優利高填息30,23,0,23,凱基-埔墘,2024-11-27,9288
3040,遠見,20,0,20,凱基-埔墘,2024-11-27,9288
6167,久正,20,0,20,凱基-埔墘,2024-11-27,9288
3149,正達,19,0,19,凱基-埔墘,2024-11-27,9288
3490,單井,24,5,19,凱基-埔墘,2024-11-27,9288
00715L,期街口布蘭特正2,18,0,18,凱基-埔墘,2024-11-27,9288
2317,鴻海,17,2,15,凱基-埔墘,2024-11-27,9288
6770,力積電,13,0,13,凱基-埔墘,2024-11-27,9288
2303,聯電,13,0,13,凱基-埔墘,2024-11-27,9288
2615,萬海,12,0,12,凱基-埔墘,2024-11-27,9288
5234,達興材料,12,0,12,凱基-埔墘,2024-11-27,9288
2605,新興,11,0,11,凱基-埔墘,2024-11-27,9288
2330,台積電,12,1,11,凱基-埔墘,2024-11-27,9288
00932,兆豐永續高息等權,10,0,10,凱基-埔墘,2024-11-27,9288
2867,三商壽,10,0,10,凱基-埔墘,2024-11-27,9288
3380,明泰,10,0,10,凱基-埔墘,2024-11-27,9288
6116,彩晶,10,0,10,凱基-埔墘,2024-11-27,9288
00929,復華台灣科技優息,10,0,10,凱基-埔墘,2024-11-27,9288
00915,凱基優選高股息30,9,0,9,凱基-埔墘,2024-11-27,9288
6505,台塑化,9,0,9,凱基-埔墘,2024-11-27,9288
00940,元大台灣價值高息,8,0,8,凱基-埔墘,2024-11-27,9288
2392,正崴,17,10,7,凱基-埔墘,2024-11-27,9288
3037,欣興,7,0,7,凱基-埔墘,2024-11-27,9288
3548,兆利,7,0,7,凱基-埔墘,2024-11-27,9288
006208,富邦台50,7,0,7,凱基-埔墘,2024-11-27,9288
00930,永豐ESG低碳高息,6,0,6,凱基-埔墘,2024-11-27,9288
00946,群益科技高息成長,6,0,6,凱基-埔墘,2024-11-27,9288
1102,亞泥,6,0,6,凱基-埔墘,2024-11-27,9288
2020,美亞,6,0,6,凱基-埔墘,2024-11-27,9288
2609,陽明,7,1,6,凱基-埔墘,2024-11-27,9288
4960,誠美材,6,0,6,凱基-埔墘,2024-11-27,9288
6962,ITH-KY,7,1,6,凱基-埔墘,2024-11-27,9288
9904,寶成,6,0,6,凱基-埔墘,2024-11-27,9288
2881,富邦金,5,0,5,凱基-埔墘,2024-11-27,9288
00725B,國泰投資級公司債,5,0,5,凱基-埔墘,2024-11-27,9288
2204,中華,10,5,5,凱基-埔墘,2024-11-27,9288
2356,英業達,4,0,4,凱基-埔墘,2024-11-27,9288
0050,元大台灣50,4,0,4,凱基-埔墘,2024-11-27,9288
2002,中鋼,3,0,3,凱基-埔墘,2024-11-27,9288
00730,富邦臺灣優質高息,3,0,3,凱基-埔墘,2024-11-27,9288
1326,台化,3,0,3,凱基-埔墘,2024-11-27,9288
1612,宏泰,4,1,3,凱基-埔墘,2024-11-27,9288
2228,劍麟,3,0,3,凱基-埔墘,2024-11-27,9288
2388,威盛,100,0,100,凱基-埔墘,2024-11-28,9288
00943,兆豐電子高息等權,68,0,68,凱基-埔墘,2024-11-28,9288
5234,達興材料,69,5,64,凱基-埔墘,2024-11-28,9288
9105,泰金寶-DR,68,14,54,凱基-埔墘,2024-11-28,9288
1531,高林股,51,0,51,凱基-埔墘,2024-11-28,9288
2891,中信金,41,0,41,凱基-埔墘,2024-11-28,9288
4162,智擎,30,0,30,凱基-埔墘,2024-11-28,9288
00919,群益台灣精選高息,31,4,27,凱基-埔墘,2024-11-28,9288
2332,友訊,34,9,25,凱基-埔墘,2024-11-28,9288
00878,國泰永續高股息,26,2,24,凱基-埔墘,2024-11-28,9288
3162,精確,22,0,22,凱基-埔墘,2024-11-28,9288
1560,中砂,21,0,21,凱基-埔墘,2024-11-28,9288
2312,金寶,20,5,15,凱基-埔墘,2024-11-28,9288
2867,三商壽,15,0,15,凱基-埔墘,2024-11-28,9288
6116,彩晶,40,25,15,凱基-埔墘,2024-11-28,9288
4909,新復興,15,2,13,凱基-埔墘,2024-11-28,9288
6531,愛普*,13,0,13,凱基-埔墘,2024-11-28,9288
00946,群益科技高息成長,11,0,11,凱基-埔墘,2024-11-28,9288
8064,東捷,11,0,11,凱基-埔墘,2024-11-28,9288
1612,宏泰,10,0,10,凱基-埔墘,2024-11-28,9288
3149,正達,12,2,10,凱基-埔墘,2024-11-28,9288
3374,精材,10,0,10,凱基-埔墘,2024-11-28,9288
8070,長華*,10,0,10,凱基-埔墘,2024-11-28,9288
3037,欣興,10,1,9,凱基-埔墘,2024-11-28,9288
00944,野村趨勢動能高息,9,0,9,凱基-埔墘,2024-11-28,9288
8240,華宏,9,0,9,凱基-埔墘,2024-11-28,9288
00929,復華台灣科技優息,12,4,8,凱基-埔墘,2024-11-28,9288
3706,神達,42,34,8,凱基-埔墘,2024-11-28,9288
2609,陽明,12,4,8,凱基-埔墘,2024-11-28,9288
6706,惠特,11,4,7,凱基-埔墘,2024-11-28,9288
00637L,元大滬深300正2,19,12,7,凱基-埔墘,2024-11-28,9288
00922,國泰台灣領袖50,9,2,7,凱基-埔墘,2024-11-28,9288
1815,富喬,32,25,7,凱基-埔墘,2024-11-28,9288
6165,浪凡,7,0,7,凱基-埔墘,2024-11-28,9288
00915,凱基優選高股息30,7,0,7,凱基-埔墘,2024-11-28,9288
00939,統一台灣高息動能,6,0,6,凱基-埔墘,2024-11-28,9288
1802,台玻,6,0,6,凱基-埔墘,2024-11-28,9288
2356,英業達,9,3,6,凱基-埔墘,2024-11-28,9288
4303,信立,6,0,6,凱基-埔墘,2024-11-28,9288
3596,智易,5,0,5,凱基-埔墘,2024-11-28,9288
2498,宏達電,5,0,5,凱基-埔墘,2024-11-28,9288
2382,廣達,5,0,5,凱基-埔墘,2024-11-28,9288
1524,耿鼎,5,0,5,凱基-埔墘,2024-11-28,9288
1569,濱川,5,0,5,凱基-埔墘,2024-11-28,9288
2897,王道銀行,5,0,5,凱基-埔墘,2024-11-28,9288
3019,亞光,6,1,5,凱基-埔墘,2024-11-28,9288
6505,台塑化,5,0,5,凱基-埔墘,2024-11-28,9288
6877,鏵友益,5,0,5,凱基-埔墘,2024-11-28,9288
8150,南茂,5,0,5,凱基-埔墘,2024-11-28,9288
2646,星宇航空,4,0,4,凱基-埔墘,2024-11-28,9288
4162,智擎,50,0,50,凱基-埔墘,2024-11-29,9288
1531,高林股,49,0,49,凱基-埔墘,2024-11-29,9288
00665L,富邦�琤肭磪囓�2,40,0,40,凱基-埔墘,2024-11-29,9288
00919,群益台灣精選高息,25,0,25,凱基-埔墘,2024-11-29,9288
2230,泰茂,19,0,19,凱基-埔墘,2024-11-29,9288
2303,聯電,28,11,17,凱基-埔墘,2024-11-29,9288
2344,華邦電,17,0,17,凱基-埔墘,2024-11-29,9288
8240,華宏,16,0,16,凱基-埔墘,2024-11-29,9288
00940,元大台灣價值高息,14,0,14,凱基-埔墘,2024-11-29,9288
2426,鼎元,12,1,11,凱基-埔墘,2024-11-29,9288
00680L,元大美債20正2,10,0,10,凱基-埔墘,2024-11-29,9288
5398,慕康生醫,15,5,10,凱基-埔墘,2024-11-29,9288
2617,台航,9,0,9,凱基-埔墘,2024-11-29,9288
6116,彩晶,9,0,9,凱基-埔墘,2024-11-29,9288
6877,鏵友益,9,0,9,凱基-埔墘,2024-11-29,9288
1301,台塑,8,1,7,凱基-埔墘,2024-11-29,9288
2528,皇普,7,0,7,凱基-埔墘,2024-11-29,9288
8076,伍豐,7,0,7,凱基-埔墘,2024-11-29,9288
00939,統一台灣高息動能,11,5,6,凱基-埔墘,2024-11-29,9288
2886,兆豐金,6,0,6,凱基-埔墘,2024-11-29,9288
006208,富邦台50,5,0,5,凱基-埔墘,2024-11-29,9288
2002,中鋼,5,0,5,凱基-埔墘,2024-11-29,9288
00915,凱基優選高股息30,5,0,5,凱基-埔墘,2024-11-29,9288
6757,台灣虎航,9,4,5,凱基-埔墘,2024-11-29,9288
2317,鴻海,13,8,5,凱基-埔墘,2024-11-29,9288
1319,東陽,7,2,5,凱基-埔墘,2024-11-29,9288
00830,國泰費城半導體,5,0,5,凱基-埔墘,2024-11-29,9288
2101,南港,5,0,5,凱基-埔墘,2024-11-29,9288
2332,友訊,5,0,5,凱基-埔墘,2024-11-29,9288
3372,典範,5,0,5,凱基-埔墘,2024-11-29,9288
5465,富驊,5,0,5,凱基-埔墘,2024-11-29,9288
00878,國泰永續高股息,22,17,5,凱基-埔墘,2024-11-29,9288
2354,鴻準,15,11,4,凱基-埔墘,2024-11-29,9288
2392,正崴,19,15,4,凱基-埔墘,2024-11-29,9288
1102,亞泥,4,0,4,凱基-埔墘,2024-11-29,9288
2399,映泰,9,5,4,凱基-埔墘,2024-11-29,9288
2834,臺企銀,4,0,4,凱基-埔墘,2024-11-29,9288
4931,新盛力,4,0,4,凱基-埔墘,2024-11-29,9288
00922,國泰台灣領袖50,3,0,3,凱基-埔墘,2024-11-29,9288
5234,達興材料,3,0,3,凱基-埔墘,2024-11-29,9288
1217,愛之味,3,0,3,凱基-埔墘,2024-11-29,9288
00951,台新日本半導體,3,0,3,凱基-埔墘,2024-11-29,9288
2338,光罩,3,0,3,凱基-埔墘,2024-11-29,9288
2867,三商壽,3,0,3,凱基-埔墘,2024-11-29,9288
5285,界霖,3,0,3,凱基-埔墘,2024-11-29,9288
6530,創威,5,2,3,凱基-埔墘,2024-11-29,9288
9958,世紀鋼,22,20,2,凱基-埔墘,2024-11-29,9288
3231,緯創,4,2,2,凱基-埔墘,2024-11-29,9288
00963,中信全球高股息,2,0,2,凱基-埔墘,2024-11-29,9288
00725B,國泰投資級公司債,2,0,2,凱基-埔墘,2024-11-29,9288
3037,欣興,104,0,104,凱基-埔墘,2024-12-02,9288
6104,創惟,70,23,47,凱基-埔墘,2024-12-02,9288
4162,智擎,40,0,40,凱基-埔墘,2024-12-02,9288
5309,系統電,31,5,26,凱基-埔墘,2024-12-02,9288
00953B,群益優選非投等債,21,0,21,凱基-埔墘,2024-12-02,9288
2495,普安,19,0,19,凱基-埔墘,2024-12-02,9288
2449,京元電子,19,0,19,凱基-埔墘,2024-12-02,9288
3236,千如,21,3,18,凱基-埔墘,2024-12-02,9288
6862,三集瑞-KY,16,0,16,凱基-埔墘,2024-12-02,9288
5234,達興材料,14,0,14,凱基-埔墘,2024-12-02,9288
1528,恩德,12,0,12,凱基-埔墘,2024-12-02,9288
1314,中石化,10,0,10,凱基-埔墘,2024-12-02,9288
2038,海光,10,0,10,凱基-埔墘,2024-12-02,9288
2408,南亞科,10,0,10,凱基-埔墘,2024-12-02,9288
2883,凱基金,10,0,10,凱基-埔墘,2024-12-02,9288
3024,憶聲,10,0,10,凱基-埔墘,2024-12-02,9288
1301,台塑,9,0,9,凱基-埔墘,2024-12-02,9288
3591,艾笛森,9,0,9,凱基-埔墘,2024-12-02,9288
6757,台灣虎航,8,0,8,凱基-埔墘,2024-12-02,9288
8076,伍豐,8,0,8,凱基-埔墘,2024-12-02,9288
2354,鴻準,11,4,7,凱基-埔墘,2024-12-02,9288
1536,和大,14,7,7,凱基-埔墘,2024-12-02,9288
2886,兆豐金,13,6,7,凱基-埔墘,2024-12-02,9288
5285,界霖,7,0,7,凱基-埔墘,2024-12-02,9288
6284,佳邦,7,0,7,凱基-埔墘,2024-12-02,9288
2359,所羅門,6,0,6,凱基-埔墘,2024-12-02,9288
8163,達方,6,0,6,凱基-埔墘,2024-12-02,9288
1309,台達化,5,0,5,凱基-埔墘,2024-12-02,9288
00715L,期街口布蘭特正2,5,0,5,凱基-埔墘,2024-12-02,9288
2101,南港,5,0,5,凱基-埔墘,2024-12-02,9288
2444,兆勁,5,0,5,凱基-埔墘,2024-12-02,9288
2498,宏達電,5,0,5,凱基-埔墘,2024-12-02,9288
2867,三商壽,5,0,5,凱基-埔墘,2024-12-02,9288
3498,陽程,5,0,5,凱基-埔墘,2024-12-02,9288
00713,元大台灣高息低波,4,0,4,凱基-埔墘,2024-12-02,9288
2399,映泰,4,0,4,凱基-埔墘,2024-12-02,9288
2617,台航,4,0,4,凱基-埔墘,2024-12-02,9288
3032,偉訓,5,1,4,凱基-埔墘,2024-12-02,9288
3211,順達,7,3,4,凱基-埔墘,2024-12-02,9288
3702A,大聯大甲特,4,0,4,凱基-埔墘,2024-12-02,9288
3706,神達,9,5,4,凱基-埔墘,2024-12-02,9288
2317,鴻海,5,2,3,凱基-埔墘,2024-12-02,9288
4510,高鋒,4,1,3,凱基-埔墘,2024-12-02,9288
00915,凱基優選高股息30,3,0,3,凱基-埔墘,2024-12-02,9288
00922,國泰台灣領袖50,3,0,3,凱基-埔墘,2024-12-02,9288
00725B,國泰投資級公司債,3,0,3,凱基-埔墘,2024-12-02,9288
0050,元大台灣50,5,2,3,凱基-埔墘,2024-12-02,9288
1808,潤隆,3,0,3,凱基-埔墘,2024-12-02,9288
2363,矽統,5,2,3,凱基-埔墘,2024-12-02,9288
2637,慧洋-KY,3,0,3,凱基-埔墘,2024-12-02,9288
00919,群益台灣精選高息,540,1,539,凱基-埔墘,2024-12-03,9288
2388,威盛,100,0,100,凱基-埔墘,2024-12-03,9288
2344,華邦電,88,2,86,凱基-埔墘,2024-12-03,9288
00878,國泰永續高股息,79,26,53,凱基-埔墘,2024-12-03,9288
2887,台新金,50,0,50,凱基-埔墘,2024-12-03,9288
4968,立積,41,4,37,凱基-埔墘,2024-12-03,9288
3234,光環,36,1,35,凱基-埔墘,2024-12-03,9288
00715L,期街口布蘭特正2,25,0,25,凱基-埔墘,2024-12-03,9288
9904,寶成,25,1,24,凱基-埔墘,2024-12-03,9288
00918,大華優利高填息30,26,3,23,凱基-埔墘,2024-12-03,9288
8404,百和興業-KY,20,0,20,凱基-埔墘,2024-12-03,9288
9938,百和,25,8,17,凱基-埔墘,2024-12-03,9288
6165,浪凡,16,0,16,凱基-埔墘,2024-12-03,9288
8104,錸寶,16,0,16,凱基-埔墘,2024-12-03,9288
00665L,富邦�琤肭磪囓�2,16,1,15,凱基-埔墘,2024-12-03,9288
6180,橘子,13,0,13,凱基-埔墘,2024-12-03,9288
4162,智擎,12,0,12,凱基-埔墘,2024-12-03,9288
3031,佰鴻,31,20,11,凱基-埔墘,2024-12-03,9288
4967,十銓,10,0,10,凱基-埔墘,2024-12-03,9288
3706,神達,38,29,9,凱基-埔墘,2024-12-03,9288
3323,加百裕,17,8,9,凱基-埔墘,2024-12-03,9288
3040,遠見,10,1,9,凱基-埔墘,2024-12-03,9288
2303,聯電,8,0,8,凱基-埔墘,2024-12-03,9288
00943,兆豐電子高息等權,8,0,8,凱基-埔墘,2024-12-03,9288
3037,欣興,7,0,7,凱基-埔墘,2024-12-03,9288
2408,南亞科,8,1,7,凱基-埔墘,2024-12-03,9288
2449,京元電子,8,1,7,凱基-埔墘,2024-12-03,9288
4971,IET-KY,18,11,7,凱基-埔墘,2024-12-03,9288
2317,鴻海,11,5,6,凱基-埔墘,2024-12-03,9288
1612,宏泰,6,0,6,凱基-埔墘,2024-12-03,9288
3025,星通,6,0,6,凱基-埔墘,2024-12-03,9288
3591,艾笛森,6,0,6,凱基-埔墘,2024-12-03,9288
00713,元大台灣高息低波,5,0,5,凱基-埔墘,2024-12-03,9288
3231,緯創,6,1,5,凱基-埔墘,2024-12-03,9288
2498,宏達電,5,0,5,凱基-埔墘,2024-12-03,9288
1909,榮成,5,0,5,凱基-埔墘,2024-12-03,9288
2399,映泰,5,0,5,凱基-埔墘,2024-12-03,9288
3036,文曄,5,0,5,凱基-埔墘,2024-12-03,9288
3056,富華新,5,0,5,凱基-埔墘,2024-12-03,9288
3211,順達,9,4,5,凱基-埔墘,2024-12-03,9288
8039,台虹,5,0,5,凱基-埔墘,2024-12-03,9288
1605,華新,5,0,5,凱基-埔墘,2024-12-03,9288
9105,泰金寶-DR,13,9,4,凱基-埔墘,2024-12-03,9288
00963,中信全球高股息,3,0,3,凱基-埔墘,2024-12-03,9288
00725B,國泰投資級公司債,3,0,3,凱基-埔墘,2024-12-03,9288
1815,富喬,4,1,3,凱基-埔墘,2024-12-03,9288
2228,劍麟,3,0,3,凱基-埔墘,2024-12-03,9288
4904,遠傳,3,0,3,凱基-埔墘,2024-12-03,9288
5907,大洋-KY,3,0,3,凱基-埔墘,2024-12-03,9288
6274,台燿,3,0,3,凱基-埔墘,2024-12-03,9288
00950B,凱基A級公司債,40,0,40,凱基-埔墘,2024-12-04,9288
00919,群益台灣精選高息,36,2,34,凱基-埔墘,2024-12-04,9288
00937B,群益ESG投等債20,30,0,30,凱基-埔墘,2024-12-04,9288
2312,金寶,21,0,21,凱基-埔墘,2024-12-04,9288
00915,凱基優選高股息30,20,0,20,凱基-埔墘,2024-12-04,9288
3040,遠見,20,0,20,凱基-埔墘,2024-12-04,9288
3162,精確,22,2,20,凱基-埔墘,2024-12-04,9288
3558,神準,20,0,20,凱基-埔墘,2024-12-04,9288
4760,勤凱,20,0,20,凱基-埔墘,2024-12-04,9288
6425,易發,20,0,20,凱基-埔墘,2024-12-04,9288
8088,品安,20,0,20,凱基-埔墘,2024-12-04,9288
5371,中光電,18,3,15,凱基-埔墘,2024-12-04,9288
3036,文曄,15,0,15,凱基-埔墘,2024-12-04,9288
2344,華邦電,14,0,14,凱基-埔墘,2024-12-04,9288
2404,漢唐,14,0,14,凱基-埔墘,2024-12-04,9288
6173,信昌電,14,1,13,凱基-埔墘,2024-12-04,9288
2884,玉山金,20,7,13,凱基-埔墘,2024-12-04,9288
6757,台灣虎航,12,0,12,凱基-埔墘,2024-12-04,9288
6284,佳邦,12,0,12,凱基-埔墘,2024-12-04,9288
2834,臺企銀,11,0,11,凱基-埔墘,2024-12-04,9288
4162,智擎,10,0,10,凱基-埔墘,2024-12-04,9288
3605,宏致,9,0,9,凱基-埔墘,2024-12-04,9288
9904,寶成,9,0,9,凱基-埔墘,2024-12-04,9288
3706,神達,15,6,9,凱基-埔墘,2024-12-04,9288
1605,華新,10,1,9,凱基-埔墘,2024-12-04,9288
2303,聯電,8,0,8,凱基-埔墘,2024-12-04,9288
2903,遠百,7,0,7,凱基-埔墘,2024-12-04,9288
3704,合勤控,8,1,7,凱基-埔墘,2024-12-04,9288
1446,宏和,6,0,6,凱基-埔墘,2024-12-04,9288
1612,宏泰,6,0,6,凱基-埔墘,2024-12-04,9288
2442,新美齊,6,0,6,凱基-埔墘,2024-12-04,9288
00882,中信中國高股息,5,0,5,凱基-埔墘,2024-12-04,9288
2637,慧洋-KY,5,0,5,凱基-埔墘,2024-12-04,9288
3419,譁裕,5,0,5,凱基-埔墘,2024-12-04,9288
3511,矽瑪,7,2,5,凱基-埔墘,2024-12-04,9288
6180,橘子,5,0,5,凱基-埔墘,2024-12-04,9288
8021,尖點,5,0,5,凱基-埔墘,2024-12-04,9288
8111,立��,6,1,5,凱基-埔墘,2024-12-04,9288
9105,泰金寶-DR,17,12,5,凱基-埔墘,2024-12-04,9288
00878,國泰永續高股息,5,0,5,凱基-埔墘,2024-12-04,9288
2354,鴻準,9,5,4,凱基-埔墘,2024-12-04,9288
4979,華星光,18,14,4,凱基-埔墘,2024-12-04,9288
00918,大華優利高填息30,4,0,4,凱基-埔墘,2024-12-04,9288
00953B,群益優選非投等債,4,0,4,凱基-埔墘,2024-12-04,9288
2408,南亞科,4,0,4,凱基-埔墘,2024-12-04,9288
3043,科風,4,0,4,凱基-埔墘,2024-12-04,9288
4958,臻鼎-KY,4,0,4,凱基-埔墘,2024-12-04,9288
8929,富堡,6,2,4,凱基-埔墘,2024-12-04,9288
00725B,國泰投資級公司債,3,0,3,凱基-埔墘,2024-12-04,9288
2014,中鴻,3,0,3,凱基-埔墘,2024-12-04,9288
3037,欣興,102,3,99,凱基-埔墘,2024-12-05,9288
1815,富喬,37,7,30,凱基-埔墘,2024-12-05,9288
3694,海華,30,0,30,凱基-埔墘,2024-12-05,9288
00915,凱基優選高股息30,28,0,28,凱基-埔墘,2024-12-05,9288
2344,華邦電,27,1,26,凱基-埔墘,2024-12-05,9288
4971,IET-KY,81,56,25,凱基-埔墘,2024-12-05,9288
6116,彩晶,28,5,23,凱基-埔墘,2024-12-05,9288
3234,光環,22,0,22,凱基-埔墘,2024-12-05,9288
3689,湧德,21,2,19,凱基-埔墘,2024-12-05,9288
8076,伍豐,19,0,19,凱基-埔墘,2024-12-05,9288
6770,力積電,16,0,16,凱基-埔墘,2024-12-05,9288
6451,訊芯-KY,18,3,15,凱基-埔墘,2024-12-05,9288
6274,台燿,15,1,14,凱基-埔墘,2024-12-05,9288
6163,華電網,13,0,13,凱基-埔墘,2024-12-05,9288
2371,大同,12,0,12,凱基-埔墘,2024-12-05,9288
1718,中纖,11,0,11,凱基-埔墘,2024-12-05,9288
2603,長榮,12,1,11,凱基-埔墘,2024-12-05,9288
020029,元大ESG高股息N,10,0,10,凱基-埔墘,2024-12-05,9288
1597,直得,10,0,10,凱基-埔墘,2024-12-05,9288
6112,邁達特,10,0,10,凱基-埔墘,2024-12-05,9288
6546,正基,12,2,10,凱基-埔墘,2024-12-05,9288
8021,尖點,10,0,10,凱基-埔墘,2024-12-05,9288
1595,川寶,10,1,9,凱基-埔墘,2024-12-05,9288
3043,科風,11,2,9,凱基-埔墘,2024-12-05,9288
2354,鴻準,41,33,8,凱基-埔墘,2024-12-05,9288
2472,立隆電,8,0,8,凱基-埔墘,2024-12-05,9288
3481,群創,9,1,8,凱基-埔墘,2024-12-05,9288
3511,矽瑪,8,0,8,凱基-埔墘,2024-12-05,9288
6173,信昌電,9,1,8,凱基-埔墘,2024-12-05,9288
00921,兆豐龍頭等權重,7,0,7,凱基-埔墘,2024-12-05,9288
2392,正崴,10,3,7,凱基-埔墘,2024-12-05,9288
3257,虹冠電,7,0,7,凱基-埔墘,2024-12-05,9288
6757,台灣虎航,7,0,7,凱基-埔墘,2024-12-05,9288
2464,盟立,9,3,6,凱基-埔墘,2024-12-05,9288
4927,泰鼎-KY,7,1,6,凱基-埔墘,2024-12-05,9288
3211,順達,13,8,5,凱基-埔墘,2024-12-05,9288
00919,群益台灣精選高息,7,2,5,凱基-埔墘,2024-12-05,9288
1584,精剛,5,0,5,凱基-埔墘,2024-12-05,9288
2408,南亞科,5,0,5,凱基-埔墘,2024-12-05,9288
2442,新美齊,5,0,5,凱基-埔墘,2024-12-05,9288
2498,宏達電,5,0,5,凱基-埔墘,2024-12-05,9288
3022,威強電,5,0,5,凱基-埔墘,2024-12-05,9288
6271,同欣電,5,0,5,凱基-埔墘,2024-12-05,9288
6683,雍智科技,5,0,5,凱基-埔墘,2024-12-05,9288
6862,三集瑞-KY,6,1,5,凱基-埔墘,2024-12-05,9288
3029,零壹,5,0,5,凱基-埔墘,2024-12-05,9288
5371,中光電,12,8,4,凱基-埔墘,2024-12-05,9288
2363,矽統,5,1,4,凱基-埔墘,2024-12-05,9288
3548,兆利,4,0,4,凱基-埔墘,2024-12-05,9288
6207,雷科,4,0,4,凱基-埔墘,2024-12-05,9288
00919,群益台灣精選高息,131,1,130,凱基-埔墘,2024-12-06,9288
2354,鴻準,169,53,116,凱基-埔墘,2024-12-06,9288
00715L,期街口布蘭特正2,74,0,74,凱基-埔墘,2024-12-06,9288
00953B,群益優選非投等債,33,0,33,凱基-埔墘,2024-12-06,9288
3162,精確,32,0,32,凱基-埔墘,2024-12-06,9288
5328,華容,34,2,32,凱基-埔墘,2024-12-06,9288
1815,富喬,31,2,29,凱基-埔墘,2024-12-06,9288
3450,聯鈞,26,5,21,凱基-埔墘,2024-12-06,9288
2344,華邦電,23,2,21,凱基-埔墘,2024-12-06,9288
6546,正基,20,0,20,凱基-埔墘,2024-12-06,9288
2405,輔信,21,2,19,凱基-埔墘,2024-12-06,9288
3230,錦明,17,0,17,凱基-埔墘,2024-12-06,9288
3706,神達,29,16,13,凱基-埔墘,2024-12-06,9288
6425,易發,13,0,13,凱基-埔墘,2024-12-06,9288
1584,精剛,12,0,12,凱基-埔墘,2024-12-06,9288
00712,復華富時不動產,11,0,11,凱基-埔墘,2024-12-06,9288
8201,無敵,10,0,10,凱基-埔墘,2024-12-06,9288
2356,英業達,16,7,9,凱基-埔墘,2024-12-06,9288
2888,新光金,10,1,9,凱基-埔墘,2024-12-06,9288
3704,合勤控,11,2,9,凱基-埔墘,2024-12-06,9288
3234,光環,10,2,8,凱基-埔墘,2024-12-06,9288
3032,偉訓,9,2,7,凱基-埔墘,2024-12-06,9288
4303,信立,8,1,7,凱基-埔墘,2024-12-06,9288
1301,台塑,6,0,6,凱基-埔墘,2024-12-06,9288
6271,同欣電,7,1,6,凱基-埔墘,2024-12-06,9288
6274,台燿,7,1,6,凱基-埔墘,2024-12-06,9288
9105,泰金寶-DR,20,14,6,凱基-埔墘,2024-12-06,9288
00965,元大航太防衛科技,5,0,5,凱基-埔墘,2024-12-06,9288
1802,台玻,5,0,5,凱基-埔墘,2024-12-06,9288
2538,基泰,5,0,5,凱基-埔墘,2024-12-06,9288
3019,亞光,5,0,5,凱基-埔墘,2024-12-06,9288
3056,富華新,5,0,5,凱基-埔墘,2024-12-06,9288
3511,矽瑪,5,0,5,凱基-埔墘,2024-12-06,9288
6174,安��,5,0,5,凱基-埔墘,2024-12-06,9288
2495,普安,4,0,4,凱基-埔墘,2024-12-06,9288
6720,久昌,4,0,4,凱基-埔墘,2024-12-06,9288
8097,常珵,5,1,4,凱基-埔墘,2024-12-06,9288
2317,鴻海,4,1,3,凱基-埔墘,2024-12-06,9288
1595,川寶,8,5,3,凱基-埔墘,2024-12-06,9288
3265,台星科,3,0,3,凱基-埔墘,2024-12-06,9288
3017,奇鋐,5,2,3,凱基-埔墘,2024-12-06,9288
00964,中信亞太高股息,3,0,3,凱基-埔墘,2024-12-06,9288
00918,大華優利高填息30,4,1,3,凱基-埔墘,2024-12-06,9288
00830,國泰費城半導體,3,0,3,凱基-埔墘,2024-12-06,9288
1449,佳和,3,0,3,凱基-埔墘,2024-12-06,9288
2399,映泰,10,7,3,凱基-埔墘,2024-12-06,9288
2457,飛宏,3,0,3,凱基-埔墘,2024-12-06,9288
2476,鉅祥,3,0,3,凱基-埔墘,2024-12-06,9288
3591,艾笛森,5,2,3,凱基-埔墘,2024-12-06,9288
3707,漢磊,3,0,3,凱基-埔墘,2024-12-06,9288
3037,欣興,52,0,52,凱基-埔墘,2024-12-09,9288
3211,順達,36,0,36,凱基-埔墘,2024-12-09,9288
1605,華新,40,10,30,凱基-埔墘,2024-12-09,9288
2374,佳能,26,1,25,凱基-埔墘,2024-12-09,9288
2617,台航,25,0,25,凱基-埔墘,2024-12-09,9288
3694,海華,23,0,23,凱基-埔墘,2024-12-09,9288
3543,州巧,20,0,20,凱基-埔墘,2024-12-09,9288
00715L,期街口布蘭特正2,17,0,17,凱基-埔墘,2024-12-09,9288
6757,台灣虎航,17,0,17,凱基-埔墘,2024-12-09,9288
2834,臺企銀,15,0,15,凱基-埔墘,2024-12-09,9288
0056,元大高股息,11,0,11,凱基-埔墘,2024-12-09,9288
00915,凱基優選高股息30,11,0,11,凱基-埔墘,2024-12-09,9288
1785,光洋科,15,4,11,凱基-埔墘,2024-12-09,9288
8104,錸寶,20,10,10,凱基-埔墘,2024-12-09,9288
1326,台化,10,0,10,凱基-埔墘,2024-12-09,9288
00919,群益台灣精選高息,11,1,10,凱基-埔墘,2024-12-09,9288
00937B,群益ESG投等債20,11,1,10,凱基-埔墘,2024-12-09,9288
2453,凌群,10,0,10,凱基-埔墘,2024-12-09,9288
2344,華邦電,11,3,8,凱基-埔墘,2024-12-09,9288
2392,正崴,9,2,7,凱基-埔墘,2024-12-09,9288
00943,兆豐電子高息等權,9,2,7,凱基-埔墘,2024-12-09,9288
3025,星通,7,0,7,凱基-埔墘,2024-12-09,9288
00953B,群益優選非投等債,6,0,6,凱基-埔墘,2024-12-09,9288
6462,神盾,15,10,5,凱基-埔墘,2024-12-09,9288
2498,宏達電,5,0,5,凱基-埔墘,2024-12-09,9288
00951,台新日本半導體,5,0,5,凱基-埔墘,2024-12-09,9288
00963,中信全球高股息,5,0,5,凱基-埔墘,2024-12-09,9288
00656R,國泰中國A50反1,5,0,5,凱基-埔墘,2024-12-09,9288
00907,永豐優息存股,5,0,5,凱基-埔墘,2024-12-09,9288
2468,華經,10,5,5,凱基-埔墘,2024-12-09,9288
6269,台郡,5,0,5,凱基-埔墘,2024-12-09,9288
8054,安國,5,0,5,凱基-埔墘,2024-12-09,9288
3017,奇鋐,6,1,5,凱基-埔墘,2024-12-09,9288
3088,艾訊,4,0,4,凱基-埔墘,2024-12-09,9288
2801,彰銀,5,1,4,凱基-埔墘,2024-12-09,9288
3035,智原,4,0,4,凱基-埔墘,2024-12-09,9288
2436,偉詮電,4,0,4,凱基-埔墘,2024-12-09,9288
1449,佳和,5,1,4,凱基-埔墘,2024-12-09,9288
1584,精剛,4,0,4,凱基-埔墘,2024-12-09,9288
2002,中鋼,10,6,4,凱基-埔墘,2024-12-09,9288
6243,迅杰,6,2,4,凱基-埔墘,2024-12-09,9288
6505,台塑化,6,2,4,凱基-埔墘,2024-12-09,9288
6546,正基,4,0,4,凱基-埔墘,2024-12-09,9288
8028,昇陽半導體,4,0,4,凱基-埔墘,2024-12-09,9288
8163,達方,4,0,4,凱基-埔墘,2024-12-09,9288
5871,中租-KY,3,0,3,凱基-埔墘,2024-12-09,9288
00725B,國泰投資級公司債,3,0,3,凱基-埔墘,2024-12-09,9288
1815,富喬,4,1,3,凱基-埔墘,2024-12-09,9288
2020,美亞,3,0,3,凱基-埔墘,2024-12-09,9288
2312,金寶,4,1,3,凱基-埔墘,2024-12-09,9288
00937B,群益ESG投等債20,60,1,59,凱基-埔墘,2024-12-10,9288
2312,金寶,55,0,55,凱基-埔墘,2024-12-10,9288
00887,永豐中國科技50大,31,1,30,凱基-埔墘,2024-12-10,9288
6535,順藥,29,1,28,凱基-埔墘,2024-12-10,9288
8249,菱光,32,7,25,凱基-埔墘,2024-12-10,9288
00918,大華優利高填息30,25,1,24,凱基-埔墘,2024-12-10,9288
1605,華新,33,9,24,凱基-埔墘,2024-12-10,9288
00919,群益台灣精選高息,24,2,22,凱基-埔墘,2024-12-10,9288
00953B,群益優選非投等債,20,0,20,凱基-埔墘,2024-12-10,9288
1444,力麗,20,0,20,凱基-埔墘,2024-12-10,9288
2374,佳能,20,0,20,凱基-埔墘,2024-12-10,9288
2834,臺企銀,20,1,19,凱基-埔墘,2024-12-10,9288
1905,華紙,20,3,17,凱基-埔墘,2024-12-10,9288
2354,鴻準,15,1,14,凱基-埔墘,2024-12-10,9288
3511,矽瑪,15,1,14,凱基-埔墘,2024-12-10,9288
6695,芯鼎,25,12,13,凱基-埔墘,2024-12-10,9288
6859,伯特光,13,0,13,凱基-埔墘,2024-12-10,9288
4577,達航科技,12,0,12,凱基-埔墘,2024-12-10,9288
3694,海華,11,0,11,凱基-埔墘,2024-12-10,9288
5381,合正,10,0,10,凱基-埔墘,2024-12-10,9288
00878,國泰永續高股息,10,1,9,凱基-埔墘,2024-12-10,9288
1608,華榮,9,0,9,凱基-埔墘,2024-12-10,9288
3162,精確,10,1,9,凱基-埔墘,2024-12-10,9288
2014,中鴻,6,0,6,凱基-埔墘,2024-12-10,9288
2020,美亞,6,0,6,凱基-埔墘,2024-12-10,9288
3413,京鼎,6,0,6,凱基-埔墘,2024-12-10,9288
3543,州巧,6,0,6,凱基-埔墘,2024-12-10,9288
2330,台積電,9,4,5,凱基-埔墘,2024-12-10,9288
2603,長榮,13,8,5,凱基-埔墘,2024-12-10,9288
2615,萬海,5,0,5,凱基-埔墘,2024-12-10,9288
3303,岱稜,5,0,5,凱基-埔墘,2024-12-10,9288
00650L,復華香港正2,5,0,5,凱基-埔墘,2024-12-10,9288
1569,濱川,5,0,5,凱基-埔墘,2024-12-10,9288
4991,環宇-KY,5,0,5,凱基-埔墘,2024-12-10,9288
6163,華電網,5,0,5,凱基-埔墘,2024-12-10,9288
6438,迅得,5,0,5,凱基-埔墘,2024-12-10,9288
6877,鏵友益,6,1,5,凱基-埔墘,2024-12-10,9288
9904,寶成,6,1,5,凱基-埔墘,2024-12-10,9288
3037,欣興,4,0,4,凱基-埔墘,2024-12-10,9288
00720B,元大投資級公司債,4,0,4,凱基-埔墘,2024-12-10,9288
00679B,元大美債20年,4,0,4,凱基-埔墘,2024-12-10,9288
1409,新纖,4,0,4,凱基-埔墘,2024-12-10,9288
1815,富喬,4,0,4,凱基-埔墘,2024-12-10,9288
2467,志聖,5,1,4,凱基-埔墘,2024-12-10,9288
3230,錦明,8,4,4,凱基-埔墘,2024-12-10,9288
9105,泰金寶-DR,9,5,4,凱基-埔墘,2024-12-10,9288
0056,元大高股息,5,1,4,凱基-埔墘,2024-12-10,9288
9933,中鼎,3,0,3,凱基-埔墘,2024-12-10,9288
1217,愛之味,3,0,3,凱基-埔墘,2024-12-10,9288
1449,佳和,3,0,3,凱基-埔墘,2024-12-10,9288
00918,大華優利高填息30,221,0,221,凱基-埔墘,2024-12-11,9288
00915,凱基優選高股息30,210,0,210,凱基-埔墘,2024-12-11,9288
2609,陽明,57,15,42,凱基-埔墘,2024-12-11,9288
00753L,中信中國50正2,35,0,35,凱基-埔墘,2024-12-11,9288
00937B,群益ESG投等債20,28,0,28,凱基-埔墘,2024-12-11,9288
00919,群益台灣精選高息,27,5,22,凱基-埔墘,2024-12-11,9288
1402,遠東新,20,0,20,凱基-埔墘,2024-12-11,9288
2888,新光金,20,0,20,凱基-埔墘,2024-12-11,9288
2634,漢翔,15,1,14,凱基-埔墘,2024-12-11,9288
2344,華邦電,13,0,13,凱基-埔墘,2024-12-11,9288
6589,台康生技,12,0,12,凱基-埔墘,2024-12-11,9288
00922,國泰台灣領袖50,12,0,12,凱基-埔墘,2024-12-11,9288
4743,合一,11,0,11,凱基-埔墘,2024-12-11,9288
6139,亞翔,11,0,11,凱基-埔墘,2024-12-11,9288
3450,聯鈞,18,7,11,凱基-埔墘,2024-12-11,9288
2330,台積電,12,1,11,凱基-埔墘,2024-12-11,9288
00637L,元大滬深300正2,13,3,10,凱基-埔墘,2024-12-11,9288
2611,志信,10,0,10,凱基-埔墘,2024-12-11,9288
4956,光鋐,12,2,10,凱基-埔墘,2024-12-11,9288
3211,順達,16,6,10,凱基-埔墘,2024-12-11,9288
3234,光環,24,15,9,凱基-埔墘,2024-12-11,9288
00632R,元大台灣50反1,20,11,9,凱基-埔墘,2024-12-11,9288
2027,大成鋼,8,0,8,凱基-埔墘,2024-12-11,9288
5328,華容,8,0,8,凱基-埔墘,2024-12-11,9288
2408,南亞科,7,0,7,凱基-埔墘,2024-12-11,9288
6859,伯特光,7,0,7,凱基-埔墘,2024-12-11,9288
2392,正崴,6,0,6,凱基-埔墘,2024-12-11,9288
1326,台化,6,0,6,凱基-埔墘,2024-12-11,9288
2471,資通,8,2,6,凱基-埔墘,2024-12-11,9288
8249,菱光,11,5,6,凱基-埔墘,2024-12-11,9288
6770,力積電,7,1,6,凱基-埔墘,2024-12-11,9288
2317,鴻海,7,1,6,凱基-埔墘,2024-12-11,9288
00953B,群益優選非投等債,5,0,5,凱基-埔墘,2024-12-11,9288
1309,台達化,5,0,5,凱基-埔墘,2024-12-11,9288
1805,寶徠,5,0,5,凱基-埔墘,2024-12-11,9288
2618,長榮航,5,0,5,凱基-埔墘,2024-12-11,9288
4576,大銀微系統,16,11,5,凱基-埔墘,2024-12-11,9288
9938,百和,5,0,5,凱基-埔墘,2024-12-11,9288
6235,華孚,7,2,5,凱基-埔墘,2024-12-11,9288
1795,美時,5,0,5,凱基-埔墘,2024-12-11,9288
0056,元大高股息,6,1,5,凱基-埔墘,2024-12-11,9288
2002,中鋼,4,0,4,凱基-埔墘,2024-12-11,9288
1303,南亞,4,0,4,凱基-埔墘,2024-12-11,9288
00878,國泰永續高股息,4,0,4,凱基-埔墘,2024-12-11,9288
5450,南良,4,0,4,凱基-埔墘,2024-12-11,9288
6148,驊宏資,4,0,4,凱基-埔墘,2024-12-11,9288
6180,橘子,4,0,4,凱基-埔墘,2024-12-11,9288
6446,藥華藥,4,0,4,凱基-埔墘,2024-12-11,9288
2303,聯電,8,5,3,凱基-埔墘,2024-12-11,9288
2427,三商電,3,0,3,凱基-埔墘,2024-12-11,9288
00882,中信中國高股息,165,1,164,凱基-埔墘,2024-12-12,9288
00937B,群益ESG投等債20,52,0,52,凱基-埔墘,2024-12-12,9288
3450,聯鈞,45,15,30,凱基-埔墘,2024-12-12,9288
2609,陽明,40,11,29,凱基-埔墘,2024-12-12,9288
2382,廣達,29,0,29,凱基-埔墘,2024-12-12,9288
00919,群益台灣精選高息,28,3,25,凱基-埔墘,2024-12-12,9288
3211,順達,21,2,19,凱基-埔墘,2024-12-12,9288
9105,泰金寶-DR,37,19,18,凱基-埔墘,2024-12-12,9288
00680L,元大美債20正2,21,5,16,凱基-埔墘,2024-12-12,9288
4979,華星光,14,1,13,凱基-埔墘,2024-12-12,9288
2317,鴻海,16,4,12,凱基-埔墘,2024-12-12,9288
00679B,元大美債20年,11,0,11,凱基-埔墘,2024-12-12,9288
3374,精材,13,2,11,凱基-埔墘,2024-12-12,9288
2355,敬鵬,10,0,10,凱基-埔墘,2024-12-12,9288
2371,大同,10,0,10,凱基-埔墘,2024-12-12,9288
00673R,期元大S＆P原油反1,10,0,10,凱基-埔墘,2024-12-12,9288
1584,精剛,10,0,10,凱基-埔墘,2024-12-12,9288
6207,雷科,10,0,10,凱基-埔墘,2024-12-12,9288
9802,鈺齊-KY,10,0,10,凱基-埔墘,2024-12-12,9288
2356,英業達,12,3,9,凱基-埔墘,2024-12-12,9288
00915,凱基優選高股息30,8,0,8,凱基-埔墘,2024-12-12,9288
2468,華經,20,12,8,凱基-埔墘,2024-12-12,9288
2303,聯電,8,2,6,凱基-埔墘,2024-12-12,9288
2453,凌群,8,2,6,凱基-埔墘,2024-12-12,9288
8222,寶一,6,0,6,凱基-埔墘,2024-12-12,9288
00963,中信全球高股息,5,0,5,凱基-埔墘,2024-12-12,9288
2027,大成鋼,5,0,5,凱基-埔墘,2024-12-12,9288
2867,三商壽,5,0,5,凱基-埔墘,2024-12-12,9288
3031,佰鴻,5,0,5,凱基-埔墘,2024-12-12,9288
5328,華容,5,0,5,凱基-埔墘,2024-12-12,9288
6163,華電網,5,0,5,凱基-埔墘,2024-12-12,9288
00720B,元大投資級公司債,4,0,4,凱基-埔墘,2024-12-12,9288
1806,冠軍,4,0,4,凱基-埔墘,2024-12-12,9288
2458,義隆,6,2,4,凱基-埔墘,2024-12-12,9288
3234,光環,4,0,4,凱基-埔墘,2024-12-12,9288
3712,永崴投控,4,0,4,凱基-埔墘,2024-12-12,9288
4562,穎漢,5,1,4,凱基-埔墘,2024-12-12,9288
00687B,國泰20年美債,3,0,3,凱基-埔墘,2024-12-12,9288
00922,國泰台灣領袖50,3,0,3,凱基-埔墘,2024-12-12,9288
1303,南亞,3,0,3,凱基-埔墘,2024-12-12,9288
1517,利奇,3,0,3,凱基-埔墘,2024-12-12,9288
2385,群光,3,0,3,凱基-埔墘,2024-12-12,9288
2449,京元電子,4,1,3,凱基-埔墘,2024-12-12,9288
3511,矽瑪,3,0,3,凱基-埔墘,2024-12-12,9288
4576,大銀微系統,23,20,3,凱基-埔墘,2024-12-12,9288
6112,邁達特,3,0,3,凱基-埔墘,2024-12-12,9288
6213,聯茂,3,0,3,凱基-埔墘,2024-12-12,9288
6588,東典光電,3,0,3,凱基-埔墘,2024-12-12,9288
6752,叡揚,3,0,3,凱基-埔墘,2024-12-12,9288
3013,晟銘電,3,1,2,凱基-埔墘,2024-12-12,9288
00918,大華優利高填息30,86,0,86,凱基-埔墘,2024-12-13,9288
3694,海華,75,2,73,凱基-埔墘,2024-12-13,9288
00878,國泰永續高股息,63,0,63,凱基-埔墘,2024-12-13,9288
00937B,群益ESG投等債20,62,0,62,凱基-埔墘,2024-12-13,9288
3037,欣興,60,0,60,凱基-埔墘,2024-12-13,9288
2449,京元電子,40,3,37,凱基-埔墘,2024-12-13,9288
00919,群益台灣精選高息,35,0,35,凱基-埔墘,2024-12-13,9288
2349,錸德,31,0,31,凱基-埔墘,2024-12-13,9288
2867,三商壽,25,0,25,凱基-埔墘,2024-12-13,9288
2609,陽明,45,24,21,凱基-埔墘,2024-12-13,9288
2610,華航,21,0,21,凱基-埔墘,2024-12-13,9288
6776,展�眥篕�,21,0,21,凱基-埔墘,2024-12-13,9288
1449,佳和,21,1,20,凱基-埔墘,2024-12-13,9288
9938,百和,23,5,18,凱基-埔墘,2024-12-13,9288
0056,元大高股息,17,0,17,凱基-埔墘,2024-12-13,9288
5439,高技,17,1,16,凱基-埔墘,2024-12-13,9288
3450,聯鈞,26,11,15,凱基-埔墘,2024-12-13,9288
6207,雷科,15,0,15,凱基-埔墘,2024-12-13,9288
00953B,群益優選非投等債,13,0,13,凱基-埔墘,2024-12-13,9288
8222,寶一,15,2,13,凱基-埔墘,2024-12-13,9288
6589,台康生技,10,0,10,凱基-埔墘,2024-12-13,9288
00679B,元大美債20年,10,0,10,凱基-埔墘,2024-12-13,9288
1309,台達化,10,0,10,凱基-埔墘,2024-12-13,9288
1720,生達,10,0,10,凱基-埔墘,2024-12-13,9288
8358,金居,10,0,10,凱基-埔墘,2024-12-13,9288
2515,中工,10,1,9,凱基-埔墘,2024-12-13,9288
2408,南亞科,13,4,9,凱基-埔墘,2024-12-13,9288
2880,華南金,10,1,9,凱基-埔墘,2024-12-13,9288
9904,寶成,12,3,9,凱基-埔墘,2024-12-13,9288
2317,鴻海,11,2,9,凱基-埔墘,2024-12-13,9288
00637L,元大滬深300正2,16,8,8,凱基-埔墘,2024-12-13,9288
00753L,中信中國50正2,23,15,8,凱基-埔墘,2024-12-13,9288
8111,立��,9,1,8,凱基-埔墘,2024-12-13,9288
00915,凱基優選高股息30,8,0,8,凱基-埔墘,2024-12-13,9288
5381,合正,7,0,7,凱基-埔墘,2024-12-13,9288
2371,大同,9,3,6,凱基-埔墘,2024-12-13,9288
2498,宏達電,6,0,6,凱基-埔墘,2024-12-13,9288
00932,兆豐永續高息等權,6,0,6,凱基-埔墘,2024-12-13,9288
2313,華通,6,0,6,凱基-埔墘,2024-12-13,9288
2399,映泰,6,0,6,凱基-埔墘,2024-12-13,9288
4979,華星光,8,2,6,凱基-埔墘,2024-12-13,9288
00675L,富邦臺灣加權正2,5,0,5,凱基-埔墘,2024-12-13,9288
4174,浩鼎,5,0,5,凱基-埔墘,2024-12-13,9288
6919,康霈*,5,0,5,凱基-埔墘,2024-12-13,9288
00952,凱基台灣AI50,5,0,5,凱基-埔墘,2024-12-13,9288
00940,元大台灣價值高息,6,1,5,凱基-埔墘,2024-12-13,9288
00930,永豐ESG低碳高息,5,0,5,凱基-埔墘,2024-12-13,9288
00656R,國泰中國A50反1,5,0,5,凱基-埔墘,2024-12-13,9288
00636,國泰中國A50,5,0,5,凱基-埔墘,2024-12-13,9288
00688L,國泰20年美債正2,5,0,5,凱基-埔墘,2024-12-13,9288
00918,大華優利高填息30,133,0,133,凱基-埔墘,2024-12-16,9288
2349,錸德,60,0,60,凱基-埔墘,2024-12-16,9288
9105,泰金寶-DR,66,8,58,凱基-埔墘,2024-12-16,9288
2401,凌陽,50,0,50,凱基-埔墘,2024-12-16,9288
00937B,群益ESG投等債20,34,0,34,凱基-埔墘,2024-12-16,9288
6776,展�眥篕�,33,0,33,凱基-埔墘,2024-12-16,9288
00943,兆豐電子高息等權,29,0,29,凱基-埔墘,2024-12-16,9288
2609,陽明,31,3,28,凱基-埔墘,2024-12-16,9288
00680L,元大美債20正2,28,0,28,凱基-埔墘,2024-12-16,9288
00919,群益台灣精選高息,25,0,25,凱基-埔墘,2024-12-16,9288
5439,高技,23,2,21,凱基-埔墘,2024-12-16,9288
2371,大同,20,0,20,凱基-埔墘,2024-12-16,9288
00706L,期元大S＆P日圓正2,20,0,20,凱基-埔墘,2024-12-16,9288
5381,合正,20,0,20,凱基-埔墘,2024-12-16,9288
2867,三商壽,20,1,19,凱基-埔墘,2024-12-16,9288
2312,金寶,17,0,17,凱基-埔墘,2024-12-16,9288
0056,元大高股息,15,0,15,凱基-埔墘,2024-12-16,9288
00915,凱基優選高股息30,14,0,14,凱基-埔墘,2024-12-16,9288
00679B,元大美債20年,12,0,12,凱基-埔墘,2024-12-16,9288
2388,威盛,12,0,12,凱基-埔墘,2024-12-16,9288
2498,宏達電,11,0,11,凱基-埔墘,2024-12-16,9288
6757,台灣虎航,12,1,11,凱基-埔墘,2024-12-16,9288
2442,新美齊,10,0,10,凱基-埔墘,2024-12-16,9288
2486,一詮,13,3,10,凱基-埔墘,2024-12-16,9288
2374,佳能,24,14,10,凱基-埔墘,2024-12-16,9288
2317,鴻海,16,7,9,凱基-埔墘,2024-12-16,9288
2610,華航,9,1,8,凱基-埔墘,2024-12-16,9288
00878,國泰永續高股息,7,0,7,凱基-埔墘,2024-12-16,9288
3303,岱稜,7,0,7,凱基-埔墘,2024-12-16,9288
00907,永豐優息存股,7,0,7,凱基-埔墘,2024-12-16,9288
00960,野村全球航運龍頭,7,0,7,凱基-埔墘,2024-12-16,9288
3037,欣興,6,0,6,凱基-埔墘,2024-12-16,9288
00945B,凱基美國非投等債,6,0,6,凱基-埔墘,2024-12-16,9288
1536,和大,6,0,6,凱基-埔墘,2024-12-16,9288
2449,京元電子,6,0,6,凱基-埔墘,2024-12-16,9288
4968,立積,10,4,6,凱基-埔墘,2024-12-16,9288
9958,世紀鋼,5,0,5,凱基-埔墘,2024-12-16,9288
00795B,中信美國公債20年,5,0,5,凱基-埔墘,2024-12-16,9288
1909,榮成,5,0,5,凱基-埔墘,2024-12-16,9288
2408,南亞科,13,8,5,凱基-埔墘,2024-12-16,9288
3705,永信,5,0,5,凱基-埔墘,2024-12-16,9288
2646,星宇航空,5,0,5,凱基-埔墘,2024-12-16,9288
00720B,元大投資級公司債,4,0,4,凱基-埔墘,2024-12-16,9288
00909,國泰數位支付服務,4,0,4,凱基-埔墘,2024-12-16,9288
00932,兆豐永續高息等權,4,0,4,凱基-埔墘,2024-12-16,9288
2363,矽統,6,2,4,凱基-埔墘,2024-12-16,9288
3035,智原,4,0,4,凱基-埔墘,2024-12-16,9288
6805,富世達,4,0,4,凱基-埔墘,2024-12-16,9288
2354,鴻準,5,2,3,凱基-埔墘,2024-12-16,9288
2230,泰茂,3,0,3,凱基-埔墘,2024-12-16,9288
00937B,群益ESG投等債20,49,0,49,凱基-埔墘,2024-12-17,9288
00918,大華優利高填息30,26,0,26,凱基-埔墘,2024-12-17,9288
2408,南亞科,28,4,24,凱基-埔墘,2024-12-17,9288
1402,遠東新,20,0,20,凱基-埔墘,2024-12-17,9288
3122,笙泉,20,0,20,凱基-埔墘,2024-12-17,9288
5439,高技,21,1,20,凱基-埔墘,2024-12-17,9288
00915,凱基優選高股息30,21,3,18,凱基-埔墘,2024-12-17,9288
6757,台灣虎航,17,0,17,凱基-埔墘,2024-12-17,9288
2609,陽明,19,2,17,凱基-埔墘,2024-12-17,9288
2303,聯電,18,2,16,凱基-埔墘,2024-12-17,9288
0056,元大高股息,18,2,16,凱基-埔墘,2024-12-17,9288
00919,群益台灣精選高息,33,18,15,凱基-埔墘,2024-12-17,9288
2886,兆豐金,14,0,14,凱基-埔墘,2024-12-17,9288
3324,雙鴻,15,1,14,凱基-埔墘,2024-12-17,9288
00878,國泰永續高股息,12,2,10,凱基-埔墘,2024-12-17,9288
00665L,富邦�琤肭磪囓�2,16,6,10,凱基-埔墘,2024-12-17,9288
2476,鉅祥,10,0,10,凱基-埔墘,2024-12-17,9288
2888,新光金,10,0,10,凱基-埔墘,2024-12-17,9288
3543,州巧,10,0,10,凱基-埔墘,2024-12-17,9288
6214,精誠,10,0,10,凱基-埔墘,2024-12-17,9288
6684,安格,12,2,10,凱基-埔墘,2024-12-17,9288
4510,高鋒,19,10,9,凱基-埔墘,2024-12-17,9288
00713,元大台灣高息低波,9,0,9,凱基-埔墘,2024-12-17,9288
1217,愛之味,8,0,8,凱基-埔墘,2024-12-17,9288
2834,臺企銀,7,0,7,凱基-埔墘,2024-12-17,9288
2883,凱基金,7,0,7,凱基-埔墘,2024-12-17,9288
8163,達方,6,0,6,凱基-埔墘,2024-12-17,9288
00936,台新永續高息中小,6,0,6,凱基-埔墘,2024-12-17,9288
6643,M31,9,3,6,凱基-埔墘,2024-12-17,9288
006208,富邦台50,6,0,6,凱基-埔墘,2024-12-17,9288
2539,櫻花建,5,0,5,凱基-埔墘,2024-12-17,9288
4714,永捷,5,0,5,凱基-埔墘,2024-12-17,9288
4953,緯軟,5,0,5,凱基-埔墘,2024-12-17,9288
5438,東友,14,9,5,凱基-埔墘,2024-12-17,9288
8917,欣泰,5,0,5,凱基-埔墘,2024-12-17,9288
4577,達航科技,9,4,5,凱基-埔墘,2024-12-17,9288
2313,華通,41,37,4,凱基-埔墘,2024-12-17,9288
2801,彰銀,4,0,4,凱基-埔墘,2024-12-17,9288
3162,精確,4,0,4,凱基-埔墘,2024-12-17,9288
4919,新唐,5,1,4,凱基-埔墘,2024-12-17,9288
5371,中光電,7,4,3,凱基-埔墘,2024-12-17,9288
00632R,元大台灣50反1,3,0,3,凱基-埔墘,2024-12-17,9288
2002,中鋼,5,2,3,凱基-埔墘,2024-12-17,9288
3041,揚智,3,0,3,凱基-埔墘,2024-12-17,9288
5392,能率,3,0,3,凱基-埔墘,2024-12-17,9288
6174,安��,3,0,3,凱基-埔墘,2024-12-17,9288
6517,保勝光學,3,0,3,凱基-埔墘,2024-12-17,9288
6657,華安,3,0,3,凱基-埔墘,2024-12-17,9288
3019,亞光,9,6,3,凱基-埔墘,2024-12-17,9288
5871,中租-KY,3,1,2,凱基-埔墘,2024-12-17,9288
00918,大華優利高填息30,137,0,137,凱基-埔墘,2024-12-18,9288
00937B,群益ESG投等債20,87,0,87,凱基-埔墘,2024-12-18,9288
2903,遠百,36,1,35,凱基-埔墘,2024-12-18,9288
2888,新光金,30,0,30,凱基-埔墘,2024-12-18,9288
8929,富堡,18,0,18,凱基-埔墘,2024-12-18,9288
2886,兆豐金,17,0,17,凱基-埔墘,2024-12-18,9288
2609,陽明,29,13,16,凱基-埔墘,2024-12-18,9288
1314,中石化,11,0,11,凱基-埔墘,2024-12-18,9288
2002,中鋼,10,0,10,凱基-埔墘,2024-12-18,9288
3545,敦泰,10,0,10,凱基-埔墘,2024-12-18,9288
4976,佳凌,13,3,10,凱基-埔墘,2024-12-18,9288
2363,矽統,9,0,9,凱基-埔墘,2024-12-18,9288
4958,臻鼎-KY,18,10,8,凱基-埔墘,2024-12-18,9288
00878,國泰永續高股息,15,7,8,凱基-埔墘,2024-12-18,9288
2374,佳能,15,8,7,凱基-埔墘,2024-12-18,9288
2610,華航,7,0,7,凱基-埔墘,2024-12-18,9288
4991,環宇-KY,8,1,7,凱基-埔墘,2024-12-18,9288
6757,台灣虎航,12,5,7,凱基-埔墘,2024-12-18,9288
00940,元大台灣價值高息,11,5,6,凱基-埔墘,2024-12-18,9288
3234,光環,6,0,6,凱基-埔墘,2024-12-18,9288
1301,台塑,5,0,5,凱基-埔墘,2024-12-18,9288
6438,迅得,9,4,5,凱基-埔墘,2024-12-18,9288
00632R,元大台灣50反1,14,9,5,凱基-埔墘,2024-12-18,9288
2427,三商電,5,0,5,凱基-埔墘,2024-12-18,9288
2605,新興,5,0,5,凱基-埔墘,2024-12-18,9288
3260,威剛,5,0,5,凱基-埔墘,2024-12-18,9288
6957,裕慶-KY,5,0,5,凱基-埔墘,2024-12-18,9288
1815,富喬,17,13,4,凱基-埔墘,2024-12-18,9288
00881,國泰台灣5G+,4,0,4,凱基-埔墘,2024-12-18,9288
00795B,中信美國公債20年,4,0,4,凱基-埔墘,2024-12-18,9288
3466,德晉,4,0,4,凱基-埔墘,2024-12-18,9288
4303,信立,7,3,4,凱基-埔墘,2024-12-18,9288
6174,安��,4,0,4,凱基-埔墘,2024-12-18,9288
8081,致新,4,0,4,凱基-埔墘,2024-12-18,9288
8163,達方,5,1,4,凱基-埔墘,2024-12-18,9288
6770,力積電,4,0,4,凱基-埔墘,2024-12-18,9288
1802,台玻,3,0,3,凱基-埔墘,2024-12-18,9288
00725B,國泰投資級公司債,3,0,3,凱基-埔墘,2024-12-18,9288
2472,立隆電,3,0,3,凱基-埔墘,2024-12-18,9288
2596,綠意,3,0,3,凱基-埔墘,2024-12-18,9288
3025,星通,4,1,3,凱基-埔墘,2024-12-18,9288
3481,群創,3,0,3,凱基-埔墘,2024-12-18,9288
3597,映興,3,0,3,凱基-埔墘,2024-12-18,9288
4772,台特化,3,0,3,凱基-埔墘,2024-12-18,9288
4956,光鋐,8,5,3,凱基-埔墘,2024-12-18,9288
5285,界霖,4,1,3,凱基-埔墘,2024-12-18,9288
5439,高技,3,0,3,凱基-埔墘,2024-12-18,9288
4979,華星光,23,20,3,凱基-埔墘,2024-12-18,9288
2359,所羅門,4,2,2,凱基-埔墘,2024-12-18,9288
2892,第一金,2,0,2,凱基-埔墘,2024-12-18,9288
00948B,中信優息投資級債,100,0,100,凱基-埔墘,2024-12-19,9288
2883,凱基金,116,31,85,凱基-埔墘,2024-12-19,9288
2349,錸德,60,0,60,凱基-埔墘,2024-12-19,9288
00937B,群益ESG投等債20,50,0,50,凱基-埔墘,2024-12-19,9288
00918,大華優利高填息30,37,0,37,凱基-埔墘,2024-12-19,9288
00725B,國泰投資級公司債,30,0,30,凱基-埔墘,2024-12-19,9288
2888,新光金,21,0,21,凱基-埔墘,2024-12-19,9288
00715L,期街口布蘭特正2,20,0,20,凱基-埔墘,2024-12-19,9288
3701,大眾控,21,1,20,凱基-埔墘,2024-12-19,9288
6209,今國光,22,2,20,凱基-埔墘,2024-12-19,9288
1301,台塑,15,0,15,凱基-埔墘,2024-12-19,9288
00878,國泰永續高股息,14,0,14,凱基-埔墘,2024-12-19,9288
00915,凱基優選高股息30,10,0,10,凱基-埔墘,2024-12-19,9288
00902,中信電池及儲能,10,0,10,凱基-埔墘,2024-12-19,9288
00950B,凱基A級公司債,10,0,10,凱基-埔墘,2024-12-19,9288
6658,聯策,10,0,10,凱基-埔墘,2024-12-19,9288
6757,台灣虎航,10,0,10,凱基-埔墘,2024-12-19,9288
0056,元大高股息,9,1,8,凱基-埔墘,2024-12-19,9288
00706L,期元大S＆P日圓正2,8,0,8,凱基-埔墘,2024-12-19,9288
00939,統一台灣高息動能,7,0,7,凱基-埔墘,2024-12-19,9288
2317,鴻海,11,4,7,凱基-埔墘,2024-12-19,9288
00675L,富邦臺灣加權正2,6,0,6,凱基-埔墘,2024-12-19,9288
00930,永豐ESG低碳高息,6,0,6,凱基-埔墘,2024-12-19,9288
2890,永豐金,6,0,6,凱基-埔墘,2024-12-19,9288
2303,聯電,5,0,5,凱基-埔墘,2024-12-19,9288
3711,日月光投控,5,0,5,凱基-埔墘,2024-12-19,9288
00905,FT臺灣Smart,5,0,5,凱基-埔墘,2024-12-19,9288
00900,富邦特選高股息30,5,0,5,凱基-埔墘,2024-12-19,9288
00963,中信全球高股息,5,0,5,凱基-埔墘,2024-12-19,9288
2637,慧洋-KY,5,0,5,凱基-埔墘,2024-12-19,9288
3673,TPK-KY,5,0,5,凱基-埔墘,2024-12-19,9288
4540,全球傳動,5,0,5,凱基-埔墘,2024-12-19,9288
5381,合正,5,0,5,凱基-埔墘,2024-12-19,9288
6139,亞翔,5,0,5,凱基-埔墘,2024-12-19,9288
6274,台燿,5,0,5,凱基-埔墘,2024-12-19,9288
00922,國泰台灣領袖50,5,0,5,凱基-埔墘,2024-12-19,9288
2881,富邦金,4,0,4,凱基-埔墘,2024-12-19,9288
00687B,國泰20年美債,4,0,4,凱基-埔墘,2024-12-19,9288
00896,中信綠能及電動車,4,0,4,凱基-埔墘,2024-12-19,9288
00720B,元大投資級公司債,4,0,4,凱基-埔墘,2024-12-19,9288
00653L,富邦印度正2,4,0,4,凱基-埔墘,2024-12-19,9288
00958B,永豐ESG銀行債15,4,0,4,凱基-埔墘,2024-12-19,9288
2301,光寶科,4,0,4,凱基-埔墘,2024-12-19,9288
2845,遠東銀,5,1,4,凱基-埔墘,2024-12-19,9288
3152,璟德,4,0,4,凱基-埔墘,2024-12-19,9288
6108,競國,4,0,4,凱基-埔墘,2024-12-19,9288
00632R,元大台灣50反1,4,0,4,凱基-埔墘,2024-12-19,9288
006208,富邦台50,3,0,3,凱基-埔墘,2024-12-19,9288
6116,彩晶,3,0,3,凱基-埔墘,2024-12-19,9288
2330,台積電,11,8,3,凱基-埔墘,2024-12-19,9288
