Ticker,Name,buy,sell,diff,Branch,Date,Branch_Code
00676R,富邦臺灣加權反1,502,42,460,華南永昌-高雄,2023-01-03,9303
00679B,元大美債20年,457,0,457,華南永昌-高雄,2023-01-03,9303
00885,富邦越南,126,11,115,華南永昌-高雄,2023-01-03,9303
2317,鴻海,50,8,42,華南永昌-高雄,2023-01-03,9303
1605,華新,75,38,37,華南永昌-高雄,2023-01-03,9303
4763,材料-KY,36,1,35,華南永昌-高雄,2023-01-03,9303
2615,萬海,48,14,34,華南永昌-高雄,2023-01-03,9303
2867,三商壽,33,0,33,華南永昌-高雄,2023-01-03,9303
8097,常珵,33,2,31,華南永昌-高雄,2023-01-03,9303
5607,遠雄港,30,0,30,華南永昌-高雄,2023-01-03,9303
00882,中信中國高股息,30,5,25,華南永昌-高雄,2023-01-03,9303
1909,榮成,25,2,23,華南永昌-高雄,2023-01-03,9303
6547,高端疫苗,18,1,17,華南永昌-高雄,2023-01-03,9303
00878,國泰永續高股息,18,3,15,華南永昌-高雄,2023-01-03,9303
2890,永豐金,15,0,15,華南永昌-高雄,2023-01-03,9303
3035,智原,26,11,15,華南永昌-高雄,2023-01-03,9303
2610,華航,20,5,15,華南永昌-高雄,2023-01-03,9303
2707,晶華,14,0,14,華南永昌-高雄,2023-01-03,9303
2027,大成鋼,16,2,14,華南永昌-高雄,2023-01-03,9303
1463,強盛新,14,0,14,華南永昌-高雄,2023-01-03,9303
3508,位速,18,4,14,華南永昌-高雄,2023-01-03,9303
1101,台泥,20,7,13,華南永昌-高雄,2023-01-03,9303
2425,承啟,35,22,13,華南永昌-高雄,2023-01-03,9303
6180,橘子,15,2,13,華南永昌-高雄,2023-01-03,9303
1720,生達,23,12,11,華南永昌-高雄,2023-01-03,9303
2888,新光金,13,2,11,華南永昌-高雄,2023-01-03,9303
1522,堤維西,11,0,11,華南永昌-高雄,2023-01-03,9303
00720B,元大投資級公司債,11,0,11,華南永昌-高雄,2023-01-03,9303
4979,華星光,19,8,11,華南永昌-高雄,2023-01-03,9303
00637L,元大滬深300正2,20,9,11,華南永昌-高雄,2023-01-03,9303
4977,眾達-KY,14,3,11,華南永昌-高雄,2023-01-03,9303
2359,所羅門,12,1,11,華南永昌-高雄,2023-01-03,9303
2801,彰銀,11,0,11,華南永昌-高雄,2023-01-03,9303
2303,聯電,15,5,10,華南永昌-高雄,2023-01-03,9303
2887,台新金,10,0,10,華南永昌-高雄,2023-01-03,9303
5258,虹堡,10,0,10,華南永昌-高雄,2023-01-03,9303
00725B,國泰投資級公司債,10,0,10,華南永昌-高雄,2023-01-03,9303
2641,正德,10,0,10,華南永昌-高雄,2023-01-03,9303
6625,必應,10,0,10,華南永昌-高雄,2023-01-03,9303
00712,復華富時不動產,9,0,9,華南永昌-高雄,2023-01-03,9303
8043,蜜望實,9,0,9,華南永昌-高雄,2023-01-03,9303
8070,長華*,9,0,9,華南永昌-高雄,2023-01-03,9303
1718,中纖,7,0,7,華南永昌-高雄,2023-01-03,9303
6118,建達,15,8,7,華南永昌-高雄,2023-01-03,9303
2354,鴻準,13,6,7,華南永昌-高雄,2023-01-03,9303
8171,天宇,11,4,7,華南永昌-高雄,2023-01-03,9303
2885,元大金,6,0,6,華南永昌-高雄,2023-01-03,9303
2444,兆勁,7,1,6,華南永昌-高雄,2023-01-03,9303
3083,網龍,9,3,6,華南永昌-高雄,2023-01-03,9303
3006,晶豪科,13,7,6,華南永昌-高雄,2023-01-03,9303
00893,國泰智能電動車,255,0,255,華南永昌-高雄,2023-01-04,9303
1909,榮成,196,37,159,華南永昌-高雄,2023-01-04,9303
00679B,元大美債20年,172,60,112,華南永昌-高雄,2023-01-04,9303
3479,安勤,94,8,86,華南永昌-高雄,2023-01-04,9303
2201,裕隆,83,22,61,華南永昌-高雄,2023-01-04,9303
00878,國泰永續高股息,54,0,54,華南永昌-高雄,2023-01-04,9303
5483,中美晶,48,1,47,華南永昌-高雄,2023-01-04,9303
2889,國票金,40,0,40,華南永昌-高雄,2023-01-04,9303
8110,華東,37,1,36,華南永昌-高雄,2023-01-04,9303
2317,鴻海,35,3,32,華南永昌-高雄,2023-01-04,9303
2368,金像電,31,0,31,華南永昌-高雄,2023-01-04,9303
00895,富邦未來車,29,0,29,華南永昌-高雄,2023-01-04,9303
6182,合晶,30,5,25,華南永昌-高雄,2023-01-04,9303
6411,晶焱,24,0,24,華南永昌-高雄,2023-01-04,9303
8097,常珵,24,0,24,華南永昌-高雄,2023-01-04,9303
00637L,元大滬深300正2,29,7,22,華南永昌-高雄,2023-01-04,9303
4167,松瑞藥,26,5,21,華南永昌-高雄,2023-01-04,9303
00706L,期元大S＆P日圓正2,20,0,20,華南永昌-高雄,2023-01-04,9303
6266,泰詠,20,0,20,華南永昌-高雄,2023-01-04,9303
2609,陽明,43,25,18,華南永昌-高雄,2023-01-04,9303
3481,群創,24,6,18,華南永昌-高雄,2023-01-04,9303
00651R,復華香港反1,17,0,17,華南永昌-高雄,2023-01-04,9303
3704,合勤控,23,7,16,華南永昌-高雄,2023-01-04,9303
2027,大成鋼,16,0,16,華南永昌-高雄,2023-01-04,9303
00720B,元大投資級公司債,16,0,16,華南永昌-高雄,2023-01-04,9303
0056,元大高股息,14,0,14,華南永昌-高雄,2023-01-04,9303
1514,亞力,56,42,14,華南永昌-高雄,2023-01-04,9303
4977,眾達-KY,14,0,14,華南永昌-高雄,2023-01-04,9303
6224,聚鼎,13,0,13,華南永昌-高雄,2023-01-04,9303
8996,高力,22,10,12,華南永昌-高雄,2023-01-04,9303
1810,和成,12,0,12,華南永昌-高雄,2023-01-04,9303
00715L,期街口布蘭特正2,12,0,12,華南永昌-高雄,2023-01-04,9303
2615,萬海,45,35,10,華南永昌-高雄,2023-01-04,9303
1795,美時,14,4,10,華南永昌-高雄,2023-01-04,9303
00773B,中信優先金融債,10,0,10,華南永昌-高雄,2023-01-04,9303
2734,易飛網,10,0,10,華南永昌-高雄,2023-01-04,9303
8043,蜜望實,10,0,10,華南永昌-高雄,2023-01-04,9303
00904,新光臺灣半導體30,10,0,10,華南永昌-高雄,2023-01-04,9303
1467,南緯,10,0,10,華南永昌-高雄,2023-01-04,9303
2867,三商壽,10,0,10,華南永昌-高雄,2023-01-04,9303
4171,瑞基,12,2,10,華南永昌-高雄,2023-01-04,9303
3037,欣興,16,7,9,華南永昌-高雄,2023-01-04,9303
3162,精確,12,3,9,華南永昌-高雄,2023-01-04,9303
4114,健喬,18,9,9,華南永昌-高雄,2023-01-04,9303
2637,慧洋-KY,18,10,8,華南永昌-高雄,2023-01-04,9303
8046,南電,12,4,8,華南永昌-高雄,2023-01-04,9303
1752,南光,47,39,8,華南永昌-高雄,2023-01-04,9303
3491,昇達科,8,0,8,華南永昌-高雄,2023-01-04,9303
5608,四維航,16,8,8,華南永昌-高雄,2023-01-04,9303
2884,玉山金,12,4,8,華南永昌-高雄,2023-01-04,9303
4977,眾達-KY,176,50,126,華南永昌-高雄,2023-01-05,9303
2313,華通,117,6,111,華南永昌-高雄,2023-01-05,9303
00715L,期街口布蘭特正2,111,1,110,華南永昌-高雄,2023-01-05,9303
2887,台新金,98,22,76,華南永昌-高雄,2023-01-05,9303
2302,麗正,55,0,55,華南永昌-高雄,2023-01-05,9303
2891,中信金,56,2,54,華南永昌-高雄,2023-01-05,9303
2409,友達,80,53,27,華南永昌-高雄,2023-01-05,9303
2867,三商壽,29,2,27,華南永昌-高雄,2023-01-05,9303
1513,中興電,56,31,25,華南永昌-高雄,2023-01-05,9303
2007,燁興,32,7,25,華南永昌-高雄,2023-01-05,9303
8069,元太,41,18,23,華南永昌-高雄,2023-01-05,9303
3027,盛達,28,5,23,華南永昌-高雄,2023-01-05,9303
6128,上福,21,0,21,華南永昌-高雄,2023-01-05,9303
3189,景碩,21,0,21,華南永昌-高雄,2023-01-05,9303
6770,力積電,24,3,21,華南永昌-高雄,2023-01-05,9303
6278,台表科,20,0,20,華南永昌-高雄,2023-01-05,9303
2481,強茂,20,0,20,華南永昌-高雄,2023-01-05,9303
5353,台林,21,1,20,華南永昌-高雄,2023-01-05,9303
6129,普誠,21,1,20,華南永昌-高雄,2023-01-05,9303
2419,仲琦,22,3,19,華南永昌-高雄,2023-01-05,9303
6182,合晶,20,1,19,華南永昌-高雄,2023-01-05,9303
4915,致伸,20,1,19,華南永昌-高雄,2023-01-05,9303
1529,樂事綠能,35,16,19,華南永昌-高雄,2023-01-05,9303
8044,網家,27,8,19,華南永昌-高雄,2023-01-05,9303
5905,南仁湖,26,9,17,華南永昌-高雄,2023-01-05,9303
2344,華邦電,33,16,17,華南永昌-高雄,2023-01-05,9303
1305,華夏,16,0,16,華南永昌-高雄,2023-01-05,9303
00773B,中信優先金融債,15,0,15,華南永昌-高雄,2023-01-05,9303
1504,東元,26,11,15,華南永昌-高雄,2023-01-05,9303
4972,湯石照明,15,1,14,華南永昌-高雄,2023-01-05,9303
1605,華新,28,14,14,華南永昌-高雄,2023-01-05,9303
00679B,元大美債20年,30,16,14,華南永昌-高雄,2023-01-05,9303
4958,臻鼎-KY,14,1,13,華南永昌-高雄,2023-01-05,9303
6133,金橋,16,4,12,華南永昌-高雄,2023-01-05,9303
00882,中信中國高股息,20,9,11,華南永昌-高雄,2023-01-05,9303
2535,達欣工,11,0,11,華南永昌-高雄,2023-01-05,9303
3454,晶睿,11,1,10,華南永昌-高雄,2023-01-05,9303
1519,華城,176,166,10,華南永昌-高雄,2023-01-05,9303
2332,友訊,12,2,10,華南永昌-高雄,2023-01-05,9303
00706L,期元大S＆P日圓正2,10,0,10,華南永昌-高雄,2023-01-05,9303
00632R,元大台灣50反1,10,0,10,華南永昌-高雄,2023-01-05,9303
3035,智原,14,4,10,華南永昌-高雄,2023-01-05,9303
6441,廣錠,10,0,10,華南永昌-高雄,2023-01-05,9303
00725B,國泰投資級公司債,10,0,10,華南永昌-高雄,2023-01-05,9303
6461,益得,10,0,10,華南永昌-高雄,2023-01-05,9303
2886,兆豐金,12,3,9,華南永昌-高雄,2023-01-05,9303
00651R,復華香港反1,9,0,9,華南永昌-高雄,2023-01-05,9303
5371,中光電,20,11,9,華南永昌-高雄,2023-01-05,9303
6443,元晶,11,2,9,華南永昌-高雄,2023-01-05,9303
6244,茂迪,8,0,8,華南永昌-高雄,2023-01-05,9303
00676R,富邦臺灣加權反1,513,0,513,華南永昌-高雄,2023-01-06,9303
2609,陽明,56,5,51,華南永昌-高雄,2023-01-06,9303
1467,南緯,53,2,51,華南永昌-高雄,2023-01-06,9303
00633L,富邦上証正2,56,11,45,華南永昌-高雄,2023-01-06,9303
1301,台塑,42,4,38,華南永昌-高雄,2023-01-06,9303
00893,國泰智能電動車,37,0,37,華南永昌-高雄,2023-01-06,9303
6505,台塑化,38,3,35,華南永昌-高雄,2023-01-06,9303
2332,友訊,47,14,33,華南永昌-高雄,2023-01-06,9303
2243,宏旭-KY,33,0,33,華南永昌-高雄,2023-01-06,9303
1442,名軒,30,0,30,華南永昌-高雄,2023-01-06,9303
00664R,國泰臺灣加權反1,34,5,29,華南永昌-高雄,2023-01-06,9303
4977,眾達-KY,53,27,26,華南永昌-高雄,2023-01-06,9303
00720B,元大投資級公司債,24,0,24,華南永昌-高雄,2023-01-06,9303
2890,永豐金,25,1,24,華南永昌-高雄,2023-01-06,9303
1909,榮成,52,29,23,華南永昌-高雄,2023-01-06,9303
2867,三商壽,31,10,21,華南永昌-高雄,2023-01-06,9303
2637,慧洋-KY,42,23,19,華南永昌-高雄,2023-01-06,9303
00895,富邦未來車,18,0,18,華南永昌-高雄,2023-01-06,9303
3374,精材,16,0,16,華南永昌-高雄,2023-01-06,9303
00632R,元大台灣50反1,16,0,16,華南永昌-高雄,2023-01-06,9303
00679B,元大美債20年,56,40,16,華南永昌-高雄,2023-01-06,9303
00651R,復華香港反1,15,0,15,華南永昌-高雄,2023-01-06,9303
5483,中美晶,22,7,15,華南永昌-高雄,2023-01-06,9303
8390,金益鼎,13,0,13,華南永昌-高雄,2023-01-06,9303
4114,健喬,28,17,11,華南永昌-高雄,2023-01-06,9303
6770,力積電,36,25,11,華南永昌-高雄,2023-01-06,9303
2886,兆豐金,15,5,10,華南永昌-高雄,2023-01-06,9303
2027,大成鋼,10,0,10,華南永昌-高雄,2023-01-06,9303
5469,瀚宇博,10,0,10,華南永昌-高雄,2023-01-06,9303
1805,寶徠,10,0,10,華南永昌-高雄,2023-01-06,9303
00905,FT臺灣Smart,10,0,10,華南永昌-高雄,2023-01-06,9303
5905,南仁湖,11,1,10,華南永昌-高雄,2023-01-06,9303
6191,精成科,10,0,10,華南永昌-高雄,2023-01-06,9303
3293,鈊象,15,5,10,華南永昌-高雄,2023-01-06,9303
2884,玉山金,11,2,9,華南永昌-高雄,2023-01-06,9303
1101,台泥,11,2,9,華南永昌-高雄,2023-01-06,9303
2615,萬海,39,30,9,華南永昌-高雄,2023-01-06,9303
9921,巨大,9,0,9,華南永昌-高雄,2023-01-06,9303
4931,新盛力,10,1,9,華南永昌-高雄,2023-01-06,9303
2816,旺旺保,8,0,8,華南永昌-高雄,2023-01-06,9303
2419,仲琦,8,0,8,華南永昌-高雄,2023-01-06,9303
2888,新光金,8,0,8,華南永昌-高雄,2023-01-06,9303
00882,中信中國高股息,12,5,7,華南永昌-高雄,2023-01-06,9303
4968,立積,7,0,7,華南永昌-高雄,2023-01-06,9303
3545,敦泰,10,3,7,華南永昌-高雄,2023-01-06,9303
2754,亞洲藏壽司,6,0,6,華南永昌-高雄,2023-01-06,9303
6415,矽力*-KY,24,18,6,華南永昌-高雄,2023-01-06,9303
1524,耿鼎,6,1,5,華南永昌-高雄,2023-01-06,9303
2606,裕民,7,2,5,華南永昌-高雄,2023-01-06,9303
00706L,期元大S＆P日圓正2,5,0,5,華南永昌-高雄,2023-01-06,9303
00632R,元大台灣50反1,139,15,124,華南永昌-高雄,2023-01-09,9303
6128,上福,123,0,123,華南永昌-高雄,2023-01-09,9303
1409,新纖,110,0,110,華南永昌-高雄,2023-01-09,9303
2313,華通,106,12,94,華南永昌-高雄,2023-01-09,9303
2618,長榮航,100,22,78,華南永昌-高雄,2023-01-09,9303
9802,鈺齊-KY,62,6,56,華南永昌-高雄,2023-01-09,9303
1722,台肥,53,0,53,華南永昌-高雄,2023-01-09,9303
00664R,國泰臺灣加權反1,54,2,52,華南永昌-高雄,2023-01-09,9303
6282,康舒,51,0,51,華南永昌-高雄,2023-01-09,9303
6770,力積電,70,20,50,華南永昌-高雄,2023-01-09,9303
2641,正德,50,8,42,華南永昌-高雄,2023-01-09,9303
6505,台塑化,40,0,40,華南永昌-高雄,2023-01-09,9303
1506,正道,39,1,38,華南永昌-高雄,2023-01-09,9303
1909,榮成,67,30,37,華南永昌-高雄,2023-01-09,9303
00882,中信中國高股息,40,6,34,華南永昌-高雄,2023-01-09,9303
4763,材料-KY,74,40,34,華南永昌-高雄,2023-01-09,9303
2851,中再保,30,1,29,華南永昌-高雄,2023-01-09,9303
2883B,凱基金乙特,29,0,29,華南永昌-高雄,2023-01-09,9303
00671R,富邦NASDAQ反1,28,0,28,華南永昌-高雄,2023-01-09,9303
2867,三商壽,27,0,27,華南永昌-高雄,2023-01-09,9303
5236,凌陽創新,26,0,26,華南永昌-高雄,2023-01-09,9303
9924,福興,24,0,24,華南永昌-高雄,2023-01-09,9303
3481,群創,37,14,23,華南永昌-高雄,2023-01-09,9303
00669R,國泰美國道瓊反1,23,0,23,華南永昌-高雄,2023-01-09,9303
6233,旺玖,23,0,23,華南永昌-高雄,2023-01-09,9303
5536,聖暉*,22,0,22,華南永昌-高雄,2023-01-09,9303
3062,建漢,20,0,20,華南永昌-高雄,2023-01-09,9303
6024,群益期,30,10,20,華南永昌-高雄,2023-01-09,9303
00676R,富邦臺灣加權反1,19,0,19,華南永昌-高雄,2023-01-09,9303
4972,湯石照明,18,0,18,華南永昌-高雄,2023-01-09,9303
1605,華新,50,33,17,華南永昌-高雄,2023-01-09,9303
2603,長榮,20,3,17,華南永昌-高雄,2023-01-09,9303
3141,晶宏,38,22,16,華南永昌-高雄,2023-01-09,9303
2014,中鴻,20,4,16,華南永昌-高雄,2023-01-09,9303
6411,晶焱,19,6,13,華南永昌-高雄,2023-01-09,9303
2457,飛宏,15,2,13,華南永昌-高雄,2023-01-09,9303
2367,燿華,12,0,12,華南永昌-高雄,2023-01-09,9303
4114,健喬,35,24,11,華南永昌-高雄,2023-01-09,9303
1609,大亞,18,7,11,華南永昌-高雄,2023-01-09,9303
1301,台塑,15,4,11,華南永昌-高雄,2023-01-09,9303
1519,華城,17,6,11,華南永昌-高雄,2023-01-09,9303
5425,台半,13,3,10,華南永昌-高雄,2023-01-09,9303
8074,鉅橡,10,0,10,華南永昌-高雄,2023-01-09,9303
00665L,富邦�琤肭磪囓�2,10,0,10,華南永昌-高雄,2023-01-09,9303
2375,凱美,10,0,10,華南永昌-高雄,2023-01-09,9303
2801,彰銀,9,0,9,華南永昌-高雄,2023-01-09,9303
8996,高力,11,2,9,華南永昌-高雄,2023-01-09,9303
2201,裕隆,27,18,9,華南永昌-高雄,2023-01-09,9303
2881,富邦金,25,16,9,華南永昌-高雄,2023-01-09,9303
2614,東森,9,0,9,華南永昌-高雄,2023-01-09,9303
2390,云辰,62,2,60,華南永昌-高雄,2023-01-10,9303
4977,眾達-KY,54,0,54,華南永昌-高雄,2023-01-10,9303
00878,國泰永續高股息,72,28,44,華南永昌-高雄,2023-01-10,9303
6128,上福,43,0,43,華南永昌-高雄,2023-01-10,9303
00632R,元大台灣50反1,41,1,40,華南永昌-高雄,2023-01-10,9303
3044,健鼎,40,4,36,華南永昌-高雄,2023-01-10,9303
2313,華通,43,7,36,華南永昌-高雄,2023-01-10,9303
6244,茂迪,32,0,32,華南永昌-高雄,2023-01-10,9303
1409,新纖,30,0,30,華南永昌-高雄,2023-01-10,9303
2413,環科,29,1,28,華南永昌-高雄,2023-01-10,9303
6282,康舒,25,0,25,華南永昌-高雄,2023-01-10,9303
2482,連宇,25,0,25,華南永昌-高雄,2023-01-10,9303
4171,瑞基,22,1,21,華南永昌-高雄,2023-01-10,9303
8349,�矬�,20,0,20,華南永昌-高雄,2023-01-10,9303
8358,金居,33,18,15,華南永昌-高雄,2023-01-10,9303
5536,聖暉*,15,0,15,華南永昌-高雄,2023-01-10,9303
1701,中化,33,19,14,華南永昌-高雄,2023-01-10,9303
1451,年興,14,0,14,華南永昌-高雄,2023-01-10,9303
5425,台半,17,3,14,華南永昌-高雄,2023-01-10,9303
00633L,富邦上証正2,13,0,13,華南永昌-高雄,2023-01-10,9303
2801,彰銀,12,0,12,華南永昌-高雄,2023-01-10,9303
1815,富喬,12,0,12,華南永昌-高雄,2023-01-10,9303
2882,國泰金,11,0,11,華南永昌-高雄,2023-01-10,9303
2323,中環,11,0,11,華南永昌-高雄,2023-01-10,9303
8996,高力,16,5,11,華南永昌-高雄,2023-01-10,9303
8033,雷虎,11,0,11,華南永昌-高雄,2023-01-10,9303
6118,建達,10,0,10,華南永昌-高雄,2023-01-10,9303
3027,盛達,33,23,10,華南永昌-高雄,2023-01-10,9303
3228,金麗科,13,3,10,華南永昌-高雄,2023-01-10,9303
2745,五福,10,0,10,華南永昌-高雄,2023-01-10,9303
00715L,期街口布蘭特正2,9,0,9,華南永昌-高雄,2023-01-10,9303
2851,中再保,10,1,9,華南永昌-高雄,2023-01-10,9303
2615,萬海,22,13,9,華南永昌-高雄,2023-01-10,9303
2867,三商壽,9,1,8,華南永昌-高雄,2023-01-10,9303
9958,世紀鋼,11,3,8,華南永昌-高雄,2023-01-10,9303
2609,陽明,116,108,8,華南永昌-高雄,2023-01-10,9303
6111,大宇資,8,0,8,華南永昌-高雄,2023-01-10,9303
3406,玉晶光,7,0,7,華南永昌-高雄,2023-01-10,9303
6443,元晶,10,3,7,華南永昌-高雄,2023-01-10,9303
6182,合晶,9,2,7,華南永昌-高雄,2023-01-10,9303
2312,金寶,7,0,7,華南永昌-高雄,2023-01-10,9303
3515,華擎,8,1,7,華南永昌-高雄,2023-01-10,9303
3356,奇偶,8,1,7,華南永昌-高雄,2023-01-10,9303
6223,旺矽,11,4,7,華南永昌-高雄,2023-01-10,9303
3707,漢磊,10,3,7,華南永昌-高雄,2023-01-10,9303
2409,友達,7,1,6,華南永昌-高雄,2023-01-10,9303
2884,玉山金,6,0,6,華南永昌-高雄,2023-01-10,9303
00642U,期元大S＆P石油,6,0,6,華南永昌-高雄,2023-01-10,9303
1796,金穎生技,6,0,6,華南永昌-高雄,2023-01-10,9303
00664R,國泰臺灣加權反1,6,0,6,華南永昌-高雄,2023-01-10,9303
8097,常珵,228,3,225,華南永昌-高雄,2023-01-11,9303
2888,新光金,222,3,219,華南永昌-高雄,2023-01-11,9303
6128,上福,105,0,105,華南永昌-高雄,2023-01-11,9303
6245,立端,80,8,72,華南永昌-高雄,2023-01-11,9303
2201,裕隆,55,5,50,華南永昌-高雄,2023-01-11,9303
2436,偉詮電,49,9,40,華南永昌-高雄,2023-01-11,9303
5536,聖暉*,36,0,36,華南永昌-高雄,2023-01-11,9303
6533,晶心科,43,7,36,華南永昌-高雄,2023-01-11,9303
2313,華通,35,6,29,華南永昌-高雄,2023-01-11,9303
2610,華航,39,13,26,華南永昌-高雄,2023-01-11,9303
00907,永豐優息存股,24,0,24,華南永昌-高雄,2023-01-11,9303
8222,寶一,26,2,24,華南永昌-高雄,2023-01-11,9303
3027,盛達,36,14,22,華南永昌-高雄,2023-01-11,9303
1506,正道,22,0,22,華南永昌-高雄,2023-01-11,9303
00671R,富邦NASDAQ反1,22,0,22,華南永昌-高雄,2023-01-11,9303
1519,華城,27,5,22,華南永昌-高雄,2023-01-11,9303
1736,喬山,20,0,20,華南永昌-高雄,2023-01-11,9303
8415,大國鋼,20,0,20,華南永昌-高雄,2023-01-11,9303
4979,華星光,23,6,17,華南永昌-高雄,2023-01-11,9303
9919,康那香,17,3,14,華南永昌-高雄,2023-01-11,9303
2845,遠東銀,15,2,13,華南永昌-高雄,2023-01-11,9303
6625,必應,13,0,13,華南永昌-高雄,2023-01-11,9303
2880,華南金,16,4,12,華南永昌-高雄,2023-01-11,9303
9802,鈺齊-KY,12,0,12,華南永昌-高雄,2023-01-11,9303
5258,虹堡,44,32,12,華南永昌-高雄,2023-01-11,9303
00885,富邦越南,27,15,12,華南永昌-高雄,2023-01-11,9303
1314,中石化,12,1,11,華南永昌-高雄,2023-01-11,9303
2867,三商壽,15,4,11,華南永昌-高雄,2023-01-11,9303
2881,富邦金,11,0,11,華南永昌-高雄,2023-01-11,9303
1722,台肥,11,0,11,華南永昌-高雄,2023-01-11,9303
1605,華新,31,20,11,華南永昌-高雄,2023-01-11,9303
2501,國建,11,0,11,華南永昌-高雄,2023-01-11,9303
6865,偉康科技,11,0,11,華南永昌-高雄,2023-01-11,9303
4114,健喬,18,8,10,華南永昌-高雄,2023-01-11,9303
00669R,國泰美國道瓊反1,10,0,10,華南永昌-高雄,2023-01-11,9303
1409,新纖,10,0,10,華南永昌-高雄,2023-01-11,9303
4171,瑞基,10,0,10,華南永昌-高雄,2023-01-11,9303
8046,南電,13,4,9,華南永昌-高雄,2023-01-11,9303
1815,富喬,10,1,9,華南永昌-高雄,2023-01-11,9303
2317,鴻海,11,3,8,華南永昌-高雄,2023-01-11,9303
00679B,元大美債20年,9,1,8,華南永昌-高雄,2023-01-11,9303
4726,永昕,10,2,8,華南永昌-高雄,2023-01-11,9303
8050,廣積,13,5,8,華南永昌-高雄,2023-01-11,9303
2897,王道銀行,10,2,8,華南永昌-高雄,2023-01-11,9303
2375,凱美,8,1,7,華南永昌-高雄,2023-01-11,9303
6770,力積電,20,13,7,華南永昌-高雄,2023-01-11,9303
3704,合勤控,8,1,7,華南永昌-高雄,2023-01-11,9303
2359,所羅門,7,0,7,華南永昌-高雄,2023-01-11,9303
00632R,元大台灣50反1,7,0,7,華南永昌-高雄,2023-01-11,9303
2457,飛宏,6,0,6,華南永昌-高雄,2023-01-11,9303
8069,元太,167,9,158,華南永昌-高雄,2023-01-12,9303
2880,華南金,108,9,99,華南永昌-高雄,2023-01-12,9303
2313,華通,76,11,65,華南永昌-高雄,2023-01-12,9303
6244,茂迪,53,1,52,華南永昌-高雄,2023-01-12,9303
00671R,富邦NASDAQ反1,41,0,41,華南永昌-高雄,2023-01-12,9303
1584,精剛,42,12,30,華南永昌-高雄,2023-01-12,9303
00878,國泰永續高股息,58,33,25,華南永昌-高雄,2023-01-12,9303
2009,第一銅,59,35,24,華南永昌-高雄,2023-01-12,9303
4121,優盛,22,1,21,華南永昌-高雄,2023-01-12,9303
4770,上品,27,7,20,華南永昌-高雄,2023-01-12,9303
6591,動力-KY,20,0,20,華南永昌-高雄,2023-01-12,9303
3687,歐買尬,21,2,19,華南永昌-高雄,2023-01-12,9303
2354,鴻準,18,0,18,華南永昌-高雄,2023-01-12,9303
1506,正道,17,0,17,華南永昌-高雄,2023-01-12,9303
0050,元大台灣50,21,4,17,華南永昌-高雄,2023-01-12,9303
3481,群創,16,0,16,華南永昌-高雄,2023-01-12,9303
2498,宏達電,70,54,16,華南永昌-高雄,2023-01-12,9303
6128,上福,16,0,16,華南永昌-高雄,2023-01-12,9303
6603,富強鑫,16,0,16,華南永昌-高雄,2023-01-12,9303
2014,中鴻,50,36,14,華南永昌-高雄,2023-01-12,9303
2421,建準,14,0,14,華南永昌-高雄,2023-01-12,9303
6461,益得,14,0,14,華南永昌-高雄,2023-01-12,9303
1529,樂事綠能,14,0,14,華南永昌-高雄,2023-01-12,9303
2603,長榮,18,5,13,華南永昌-高雄,2023-01-12,9303
00637L,元大滬深300正2,106,93,13,華南永昌-高雄,2023-01-12,9303
3714,富采,13,0,13,華南永昌-高雄,2023-01-12,9303
5905,南仁湖,11,0,11,華南永昌-高雄,2023-01-12,9303
4128,中天,27,16,11,華南永昌-高雄,2023-01-12,9303
2609,陽明,23,12,11,華南永昌-高雄,2023-01-12,9303
6186,新潤,10,0,10,華南永昌-高雄,2023-01-12,9303
5015,華祺,10,0,10,華南永昌-高雄,2023-01-12,9303
00669R,國泰美國道瓊反1,20,10,10,華南永昌-高雄,2023-01-12,9303
2637,慧洋-KY,10,0,10,華南永昌-高雄,2023-01-12,9303
2892,第一金,11,2,9,華南永昌-高雄,2023-01-12,9303
3704,合勤控,16,8,8,華南永昌-高雄,2023-01-12,9303
00665L,富邦�琤肭磪囓�2,8,0,8,華南永昌-高雄,2023-01-12,9303
00903,富邦元宇宙,10,3,7,華南永昌-高雄,2023-01-12,9303
2367,燿華,7,0,7,華南永昌-高雄,2023-01-12,9303
9962,有益,8,1,7,華南永昌-高雄,2023-01-12,9303
4961,天鈺,12,6,6,華南永昌-高雄,2023-01-12,9303
1760,寶齡富錦,8,2,6,華南永昌-高雄,2023-01-12,9303
2308,台達電,6,0,6,華南永昌-高雄,2023-01-12,9303
3346,麗清,9,3,6,華南永昌-高雄,2023-01-12,9303
2338,光罩,9,3,6,華南永昌-高雄,2023-01-12,9303
2352,佳世達,6,0,6,華南永昌-高雄,2023-01-12,9303
6509,聚和,6,0,6,華南永昌-高雄,2023-01-12,9303
2884,玉山金,5,0,5,華南永昌-高雄,2023-01-12,9303
1453,大將,5,0,5,華南永昌-高雄,2023-01-12,9303
00895,富邦未來車,5,0,5,華南永昌-高雄,2023-01-12,9303
4979,華星光,13,8,5,華南永昌-高雄,2023-01-12,9303
2880,華南金,135,4,131,華南永昌-高雄,2023-01-13,9303
00632R,元大台灣50反1,169,50,119,華南永昌-高雄,2023-01-13,9303
6245,立端,119,36,83,華南永昌-高雄,2023-01-13,9303
1463,強盛新,74,1,73,華南永昌-高雄,2023-01-13,9303
00673R,期元大S＆P原油反1,50,0,50,華南永昌-高雄,2023-01-13,9303
2302,麗正,48,0,48,華南永昌-高雄,2023-01-13,9303
2498,宏達電,56,9,47,華南永昌-高雄,2023-01-13,9303
6244,茂迪,43,1,42,華南永昌-高雄,2023-01-13,9303
00671R,富邦NASDAQ反1,34,0,34,華南永昌-高雄,2023-01-13,9303
0056,元大高股息,37,4,33,華南永昌-高雄,2023-01-13,9303
3027,盛達,33,3,30,華南永昌-高雄,2023-01-13,9303
2313,華通,34,8,26,華南永昌-高雄,2023-01-13,9303
00676R,富邦臺灣加權反1,23,0,23,華南永昌-高雄,2023-01-13,9303
1609,大亞,25,2,23,華南永昌-高雄,2023-01-13,9303
3704,合勤控,28,7,21,華南永昌-高雄,2023-01-13,9303
6150,撼訊,21,1,20,華南永昌-高雄,2023-01-13,9303
2867,三商壽,19,0,19,華南永昌-高雄,2023-01-13,9303
1584,精剛,45,28,17,華南永昌-高雄,2023-01-13,9303
2009,第一銅,23,6,17,華南永昌-高雄,2023-01-13,9303
2748,雲品,15,0,15,華南永昌-高雄,2023-01-13,9303
4979,華星光,33,18,15,華南永昌-高雄,2023-01-13,9303
3162,精確,17,4,13,華南永昌-高雄,2023-01-13,9303
1443,立益物流,13,0,13,華南永昌-高雄,2023-01-13,9303
2436,偉詮電,22,11,11,華南永昌-高雄,2023-01-13,9303
2883,凱基金,28,17,11,華南永昌-高雄,2023-01-13,9303
5388,中磊,11,0,11,華南永昌-高雄,2023-01-13,9303
8996,高力,17,6,11,華南永昌-高雄,2023-01-13,9303
2739,寒舍,10,0,10,華南永昌-高雄,2023-01-13,9303
00900,富邦特選高股息30,10,0,10,華南永昌-高雄,2023-01-13,9303
3576,聯合再生,10,0,10,華南永昌-高雄,2023-01-13,9303
6186,新潤,10,0,10,華南永昌-高雄,2023-01-13,9303
5871,中租-KY,9,0,9,華南永昌-高雄,2023-01-13,9303
2014,中鴻,17,8,9,華南永昌-高雄,2023-01-13,9303
2371,大同,9,0,9,華南永昌-高雄,2023-01-13,9303
1909,榮成,20,11,9,華南永昌-高雄,2023-01-13,9303
8234,新漢,8,0,8,華南永昌-高雄,2023-01-13,9303
6224,聚鼎,8,0,8,華南永昌-高雄,2023-01-13,9303
1326,台化,12,4,8,華南永昌-高雄,2023-01-13,9303
00665L,富邦�琤肭磪囓�2,8,0,8,華南永昌-高雄,2023-01-13,9303
8086,宏捷科,11,3,8,華南永昌-高雄,2023-01-13,9303
5347,世界,13,6,7,華南永昌-高雄,2023-01-13,9303
2105,正新,7,0,7,華南永昌-高雄,2023-01-13,9303
2340,台亞,7,0,7,華南永昌-高雄,2023-01-13,9303
2885,元大金,7,0,7,華南永昌-高雄,2023-01-13,9303
3105,穩懋,10,3,7,華南永昌-高雄,2023-01-13,9303
00882,中信中國高股息,13,6,7,華南永昌-高雄,2023-01-13,9303
4931,新盛力,6,0,6,華南永昌-高雄,2023-01-13,9303
1409,新纖,6,0,6,華南永昌-高雄,2023-01-13,9303
00715L,期街口布蘭特正2,10,4,6,華南永昌-高雄,2023-01-13,9303
3707,漢磊,7,1,6,華南永昌-高雄,2023-01-13,9303
00770,國泰北美科技,307,0,307,華南永昌-高雄,2023-01-16,9303
6770,力積電,176,13,163,華南永昌-高雄,2023-01-16,9303
00632R,元大台灣50反1,189,90,99,華南永昌-高雄,2023-01-16,9303
00679B,元大美債20年,63,1,62,華南永昌-高雄,2023-01-16,9303
8097,常珵,46,3,43,華南永昌-高雄,2023-01-16,9303
00673R,期元大S＆P原油反1,43,0,43,華南永昌-高雄,2023-01-16,9303
2609,陽明,44,8,36,華南永昌-高雄,2023-01-16,9303
1813,寶利徠,34,0,34,華南永昌-高雄,2023-01-16,9303
1584,精剛,51,18,33,華南永昌-高雄,2023-01-16,9303
8996,高力,42,9,33,華南永昌-高雄,2023-01-16,9303
2338,光罩,47,18,29,華南永昌-高雄,2023-01-16,9303
2883,凱基金,43,17,26,華南永昌-高雄,2023-01-16,9303
2851,中再保,25,0,25,華南永昌-高雄,2023-01-16,9303
00725B,國泰投資級公司債,22,0,22,華南永昌-高雄,2023-01-16,9303
00671R,富邦NASDAQ反1,21,0,21,華南永昌-高雄,2023-01-16,9303
00676R,富邦臺灣加權反1,21,0,21,華南永昌-高雄,2023-01-16,9303
2302,麗正,20,0,20,華南永昌-高雄,2023-01-16,9303
1909,榮成,30,10,20,華南永昌-高雄,2023-01-16,9303
2867,三商壽,20,0,20,華南永昌-高雄,2023-01-16,9303
2891,中信金,18,1,17,華南永昌-高雄,2023-01-16,9303
00882,中信中國高股息,16,1,15,華南永昌-高雄,2023-01-16,9303
2637,慧洋-KY,16,1,15,華南永昌-高雄,2023-01-16,9303
00903,富邦元宇宙,15,1,14,華南永昌-高雄,2023-01-16,9303
4162,智擎,14,1,13,華南永昌-高雄,2023-01-16,9303
3419,譁裕,12,0,12,華南永昌-高雄,2023-01-16,9303
8086,宏捷科,12,1,11,華南永昌-高雄,2023-01-16,9303
3025,星通,12,2,10,華南永昌-高雄,2023-01-16,9303
00720B,元大投資級公司債,10,0,10,華南永昌-高雄,2023-01-16,9303
1612,宏泰,10,0,10,華南永昌-高雄,2023-01-16,9303
00688L,國泰20年美債正2,10,0,10,華南永昌-高雄,2023-01-16,9303
8358,金居,19,9,10,華南永昌-高雄,2023-01-16,9303
2748,雲品,12,3,9,華南永昌-高雄,2023-01-16,9303
2488,漢平,9,0,9,華南永昌-高雄,2023-01-16,9303
2618,長榮航,22,14,8,華南永昌-高雄,2023-01-16,9303
2615,萬海,27,20,7,華南永昌-高雄,2023-01-16,9303
2885,元大金,24,17,7,華南永昌-高雄,2023-01-16,9303
8462,柏文,7,0,7,華南永昌-高雄,2023-01-16,9303
2030,彰源,7,0,7,華南永昌-高雄,2023-01-16,9303
6477,安集,6,0,6,華南永昌-高雄,2023-01-16,9303
1468,昶和,6,0,6,華南永昌-高雄,2023-01-16,9303
8084,巨虹,6,0,6,華南永昌-高雄,2023-01-16,9303
8068,全達,6,0,6,華南永昌-高雄,2023-01-16,9303
2882,國泰金,17,12,5,華南永昌-高雄,2023-01-16,9303
2392,正崴,6,1,5,華南永昌-高雄,2023-01-16,9303
00912,中信臺灣智慧50,5,0,5,華南永昌-高雄,2023-01-16,9303
5483,中美晶,7,2,5,華南永昌-高雄,2023-01-16,9303
1443,立益物流,11,6,5,華南永昌-高雄,2023-01-16,9303
00877,復華中國5G,5,0,5,華南永昌-高雄,2023-01-16,9303
8050,廣積,6,1,5,華南永昌-高雄,2023-01-16,9303
2906,高林,5,0,5,華南永昌-高雄,2023-01-16,9303
00632R,元大台灣50反1,103,0,103,華南永昌-高雄,2023-01-17,9303
3481,群創,106,6,100,華南永昌-高雄,2023-01-17,9303
4979,華星光,138,59,79,華南永昌-高雄,2023-01-17,9303
4977,眾達-KY,75,13,62,華南永昌-高雄,2023-01-17,9303
2880,華南金,60,1,59,華南永昌-高雄,2023-01-17,9303
6531,愛普*,50,0,50,華南永昌-高雄,2023-01-17,9303
2731,雄獅,50,0,50,華南永昌-高雄,2023-01-17,9303
2812,台中銀,50,0,50,華南永昌-高雄,2023-01-17,9303
2317,鴻海,56,7,49,華南永昌-高雄,2023-01-17,9303
1326,台化,40,0,40,華南永昌-高雄,2023-01-17,9303
6533,晶心科,32,0,32,華南永昌-高雄,2023-01-17,9303
2890,永豐金,51,20,31,華南永昌-高雄,2023-01-17,9303
2014,中鴻,54,26,28,華南永昌-高雄,2023-01-17,9303
5880,合庫金,37,10,27,華南永昌-高雄,2023-01-17,9303
2498,宏達電,34,11,23,華南永昌-高雄,2023-01-17,9303
1463,強盛新,22,0,22,華南永昌-高雄,2023-01-17,9303
1506,正道,22,0,22,華南永昌-高雄,2023-01-17,9303
5536,聖暉*,17,0,17,華南永昌-高雄,2023-01-17,9303
8038,長園科,16,0,16,華南永昌-高雄,2023-01-17,9303
6505,台塑化,22,6,16,華南永昌-高雄,2023-01-17,9303
00882,中信中國高股息,16,0,16,華南永昌-高雄,2023-01-17,9303
2610,華航,17,1,16,華南永昌-高雄,2023-01-17,9303
4114,健喬,19,4,15,華南永昌-高雄,2023-01-17,9303
00671R,富邦NASDAQ反1,20,6,14,華南永昌-高雄,2023-01-17,9303
1813,寶利徠,16,3,13,華南永昌-高雄,2023-01-17,9303
00720B,元大投資級公司債,12,0,12,華南永昌-高雄,2023-01-17,9303
4162,智擎,11,0,11,華南永昌-高雄,2023-01-17,9303
6770,力積電,41,30,11,華南永昌-高雄,2023-01-17,9303
1734,杏輝,12,1,11,華南永昌-高雄,2023-01-17,9303
2409,友達,12,2,10,華南永昌-高雄,2023-01-17,9303
2324,仁寶,10,0,10,華南永昌-高雄,2023-01-17,9303
2023,燁輝,10,0,10,華南永昌-高雄,2023-01-17,9303
00888,永豐台灣ESG,10,0,10,華南永昌-高雄,2023-01-17,9303
3576,聯合再生,10,0,10,華南永昌-高雄,2023-01-17,9303
4566,時碩工業,10,0,10,華南永昌-高雄,2023-01-17,9303
00749B,凱基新興債10+,10,0,10,華南永昌-高雄,2023-01-17,9303
00726B,國泰新興投等債,10,0,10,華南永昌-高雄,2023-01-17,9303
5371,中光電,10,0,10,華南永昌-高雄,2023-01-17,9303
00639,富邦深100,10,0,10,華南永昌-高雄,2023-01-17,9303
00636,國泰中國A50,10,0,10,華南永昌-高雄,2023-01-17,9303
1304,台聚,10,1,9,華南永昌-高雄,2023-01-17,9303
2845,遠東銀,9,0,9,華南永昌-高雄,2023-01-17,9303
2885,元大金,10,2,8,華南永昌-高雄,2023-01-17,9303
1309,台達化,10,2,8,華南永昌-高雄,2023-01-17,9303
2419,仲琦,10,2,8,華南永昌-高雄,2023-01-17,9303
0050,元大台灣50,13,5,8,華南永昌-高雄,2023-01-17,9303
6510,精測,7,0,7,華南永昌-高雄,2023-01-17,9303
1342,八貫,7,0,7,華南永昌-高雄,2023-01-17,9303
1710,東聯,7,0,7,華南永昌-高雄,2023-01-17,9303
2338,光罩,12,5,7,華南永昌-高雄,2023-01-17,9303
4979,華星光,247,52,195,華南永昌-高雄,2023-01-30,9303
00632R,元大台灣50反1,426,256,170,華南永昌-高雄,2023-01-30,9303
1608,華榮,102,0,102,華南永昌-高雄,2023-01-30,9303
8069,元太,90,12,78,華南永昌-高雄,2023-01-30,9303
9802,鈺齊-KY,66,0,66,華南永昌-高雄,2023-01-30,9303
2317,鴻海,72,8,64,華南永昌-高雄,2023-01-30,9303
00679B,元大美債20年,42,1,41,華南永昌-高雄,2023-01-30,9303
2014,中鴻,61,23,38,華南永昌-高雄,2023-01-30,9303
6732,昇佳電子,30,0,30,華南永昌-高雄,2023-01-30,9303
2609,陽明,43,14,29,華南永昌-高雄,2023-01-30,9303
00885,富邦越南,43,15,28,華南永昌-高雄,2023-01-30,9303
8996,高力,52,28,24,華南永昌-高雄,2023-01-30,9303
00676R,富邦臺灣加權反1,24,0,24,華南永昌-高雄,2023-01-30,9303
3413,京鼎,22,0,22,華南永昌-高雄,2023-01-30,9303
00642U,期元大S＆P石油,21,0,21,華南永昌-高雄,2023-01-30,9303
00920,富邦ESG綠色電力,20,0,20,華南永昌-高雄,2023-01-30,9303
00664R,國泰臺灣加權反1,17,0,17,華南永昌-高雄,2023-01-30,9303
2748,雲品,16,0,16,華南永昌-高雄,2023-01-30,9303
1513,中興電,29,13,16,華南永昌-高雄,2023-01-30,9303
4977,眾達-KY,21,6,15,華南永昌-高雄,2023-01-30,9303
1560,中砂,17,3,14,華南永昌-高雄,2023-01-30,9303
3038,全台,13,1,12,華南永昌-高雄,2023-01-30,9303
00905,FT臺灣Smart,14,2,12,華南永昌-高雄,2023-01-30,9303
1312,國喬,13,2,11,華南永昌-高雄,2023-01-30,9303
6217,中探針,11,0,11,華南永昌-高雄,2023-01-30,9303
6274,台燿,11,1,10,華南永昌-高雄,2023-01-30,9303
5284,jpp-KY,11,1,10,華南永昌-高雄,2023-01-30,9303
8074,鉅橡,10,0,10,華南永昌-高雄,2023-01-30,9303
4114,健喬,10,1,9,華南永昌-高雄,2023-01-30,9303
4958,臻鼎-KY,10,1,9,華南永昌-高雄,2023-01-30,9303
8038,長園科,10,1,9,華南永昌-高雄,2023-01-30,9303
3324,雙鴻,9,0,9,華南永昌-高雄,2023-01-30,9303
00637L,元大滬深300正2,27,19,8,華南永昌-高雄,2023-01-30,9303
2540,愛山林,8,0,8,華南永昌-高雄,2023-01-30,9303
5609,中菲行,8,0,8,華南永昌-高雄,2023-01-30,9303
2340,台亞,9,1,8,華南永昌-高雄,2023-01-30,9303
6182,合晶,13,5,8,華南永昌-高雄,2023-01-30,9303
3693,營邦,15,7,8,華南永昌-高雄,2023-01-30,9303
4162,智擎,7,0,7,華南永昌-高雄,2023-01-30,9303
00673R,期元大S＆P原油反1,7,0,7,華南永昌-高雄,2023-01-30,9303
2637,慧洋-KY,8,1,7,華南永昌-高雄,2023-01-30,9303
2892,第一金,7,0,7,華南永昌-高雄,2023-01-30,9303
1529,樂事綠能,11,4,7,華南永昌-高雄,2023-01-30,9303
5483,中美晶,20,13,7,華南永昌-高雄,2023-01-30,9303
3714,富采,9,2,7,華南永昌-高雄,2023-01-30,9303
8443,阿瘦,8,1,7,華南永昌-高雄,2023-01-30,9303
3264,欣銓,10,4,6,華南永昌-高雄,2023-01-30,9303
00877,復華中國5G,6,0,6,華南永昌-高雄,2023-01-30,9303
00671R,富邦NASDAQ反1,6,0,6,華南永昌-高雄,2023-01-30,9303
2754,亞洲藏壽司,6,0,6,華南永昌-高雄,2023-01-30,9303
8121,越峰,353,37,316,華南永昌-高雄,2023-01-31,9303
00905,FT臺灣Smart,119,0,119,華南永昌-高雄,2023-01-31,9303
4142,國光生,111,14,97,華南永昌-高雄,2023-01-31,9303
1524,耿鼎,74,3,71,華南永昌-高雄,2023-01-31,9303
4961,天鈺,79,11,68,華南永昌-高雄,2023-01-31,9303
00679B,元大美債20年,63,0,63,華南永昌-高雄,2023-01-31,9303
2880,華南金,59,0,59,華南永昌-高雄,2023-01-31,9303
2890,永豐金,60,3,57,華南永昌-高雄,2023-01-31,9303
2892,第一金,53,0,53,華南永昌-高雄,2023-01-31,9303
1506,正道,50,0,50,華南永昌-高雄,2023-01-31,9303
00671R,富邦NASDAQ反1,50,0,50,華南永昌-高雄,2023-01-31,9303
6116,彩晶,54,5,49,華南永昌-高雄,2023-01-31,9303
00878,國泰永續高股息,49,2,47,華南永昌-高雄,2023-01-31,9303
2883,凱基金,40,4,36,華南永昌-高雄,2023-01-31,9303
2867,三商壽,33,0,33,華南永昌-高雄,2023-01-31,9303
00753L,中信中國50正2,31,0,31,華南永昌-高雄,2023-01-31,9303
8215,明基材,31,3,28,華南永昌-高雄,2023-01-31,9303
2492,華新科,33,5,28,華南永昌-高雄,2023-01-31,9303
5309,系統電,31,4,27,華南永昌-高雄,2023-01-31,9303
00632R,元大台灣50反1,32,5,27,華南永昌-高雄,2023-01-31,9303
2884,玉山金,24,0,24,華南永昌-高雄,2023-01-31,9303
2342,茂矽,36,12,24,華南永昌-高雄,2023-01-31,9303
1312,國喬,32,10,22,華南永昌-高雄,2023-01-31,9303
2885,元大金,21,0,21,華南永昌-高雄,2023-01-31,9303
2634,漢翔,21,0,21,華南永昌-高雄,2023-01-31,9303
2615,萬海,23,3,20,華南永昌-高雄,2023-01-31,9303
1586,和勤,19,0,19,華南永昌-高雄,2023-01-31,9303
2888,新光金,20,1,19,華南永昌-高雄,2023-01-31,9303
6182,合晶,21,3,18,華南永昌-高雄,2023-01-31,9303
2028,威致,25,7,18,華南永昌-高雄,2023-01-31,9303
1519,華城,53,36,17,華南永昌-高雄,2023-01-31,9303
2887,台新金,17,0,17,華南永昌-高雄,2023-01-31,9303
6278,台表科,22,5,17,華南永昌-高雄,2023-01-31,9303
4979,華星光,28,11,17,華南永昌-高雄,2023-01-31,9303
2886,兆豐金,21,4,17,華南永昌-高雄,2023-01-31,9303
6125,廣運,16,0,16,華南永昌-高雄,2023-01-31,9303
00637L,元大滬深300正2,49,33,16,華南永昌-高雄,2023-01-31,9303
1718,中纖,16,1,15,華南永昌-高雄,2023-01-31,9303
2732,六角,15,0,15,華南永昌-高雄,2023-01-31,9303
6188,廣明,18,4,14,華南永昌-高雄,2023-01-31,9303
4402,郡都開發,14,0,14,華南永昌-高雄,2023-01-31,9303
1513,中興電,43,29,14,華南永昌-高雄,2023-01-31,9303
2330,台積電,28,15,13,華南永昌-高雄,2023-01-31,9303
3224,三顧,13,0,13,華南永昌-高雄,2023-01-31,9303
6679,鈺太,16,3,13,華南永昌-高雄,2023-01-31,9303
2344,華邦電,13,0,13,華南永昌-高雄,2023-01-31,9303
1612,宏泰,32,20,12,華南永昌-高雄,2023-01-31,9303
2506,太設,12,0,12,華南永昌-高雄,2023-01-31,9303
8038,長園科,34,22,12,華南永昌-高雄,2023-01-31,9303
1101,台泥,32,20,12,華南永昌-高雄,2023-01-31,9303
8121,越峰,137,43,94,華南永昌-高雄,2023-02-01,9303
6128,上福,90,0,90,華南永昌-高雄,2023-02-01,9303
2891,中信金,89,0,89,華南永昌-高雄,2023-02-01,9303
00878,國泰永續高股息,90,4,86,華南永昌-高雄,2023-02-01,9303
2867,三商壽,73,2,71,華南永昌-高雄,2023-02-01,9303
3227,原相,77,10,67,華南永昌-高雄,2023-02-01,9303
00632R,元大台灣50反1,59,0,59,華南永昌-高雄,2023-02-01,9303
3019,亞光,51,4,47,華南永昌-高雄,2023-02-01,9303
1529,樂事綠能,49,2,47,華南永昌-高雄,2023-02-01,9303
00637L,元大滬深300正2,60,14,46,華南永昌-高雄,2023-02-01,9303
1809,中釉,63,21,42,華南永昌-高雄,2023-02-01,9303
2317,鴻海,45,5,40,華南永昌-高雄,2023-02-01,9303
2009,第一銅,96,61,35,華南永昌-高雄,2023-02-01,9303
2883,凱基金,44,9,35,華南永昌-高雄,2023-02-01,9303
00671R,富邦NASDAQ反1,31,0,31,華南永昌-高雄,2023-02-01,9303
8105,凌巨,32,1,31,華南永昌-高雄,2023-02-01,9303
00905,FT臺灣Smart,28,1,27,華南永昌-高雄,2023-02-01,9303
2614,東森,33,6,27,華南永昌-高雄,2023-02-01,9303
0056,元大高股息,34,10,24,華南永昌-高雄,2023-02-01,9303
3481,群創,39,15,24,華南永昌-高雄,2023-02-01,9303
2481,強茂,31,7,24,華南永昌-高雄,2023-02-01,9303
4961,天鈺,25,2,23,華南永昌-高雄,2023-02-01,9303
2929,淘帝-KY,23,0,23,華南永昌-高雄,2023-02-01,9303
3693,營邦,25,2,23,華南永昌-高雄,2023-02-01,9303
3413,京鼎,25,2,23,華南永昌-高雄,2023-02-01,9303
6150,撼訊,25,3,22,華南永昌-高雄,2023-02-01,9303
4114,健喬,36,14,22,華南永昌-高雄,2023-02-01,9303
00679B,元大美債20年,21,0,21,華南永昌-高雄,2023-02-01,9303
6443,元晶,41,20,21,華南永昌-高雄,2023-02-01,9303
4564,元翎,20,0,20,華南永昌-高雄,2023-02-01,9303
2023,燁輝,20,1,19,華南永昌-高雄,2023-02-01,9303
2887,台新金,22,4,18,華南永昌-高雄,2023-02-01,9303
3224,三顧,17,0,17,華南永昌-高雄,2023-02-01,9303
2506,太設,16,0,16,華南永昌-高雄,2023-02-01,9303
6244,茂迪,23,7,16,華南永昌-高雄,2023-02-01,9303
9907,統一實,16,0,16,華南永昌-高雄,2023-02-01,9303
2324,仁寶,15,0,15,華南永昌-高雄,2023-02-01,9303
1314,中石化,20,5,15,華南永昌-高雄,2023-02-01,9303
2201,裕隆,29,15,14,華南永昌-高雄,2023-02-01,9303
2412,中華電,17,3,14,華南永昌-高雄,2023-02-01,9303
2515,中工,15,2,13,華南永昌-高雄,2023-02-01,9303
1605,華新,80,68,12,華南永昌-高雄,2023-02-01,9303
8033,雷虎,15,3,12,華南永昌-高雄,2023-02-01,9303
3707,漢磊,14,2,12,華南永昌-高雄,2023-02-01,9303
3540,曜越,12,0,12,華南永昌-高雄,2023-02-01,9303
1303,南亞,16,5,11,華南永昌-高雄,2023-02-01,9303
2027,大成鋼,37,26,11,華南永昌-高雄,2023-02-01,9303
5880,合庫金,11,0,11,華南永昌-高雄,2023-02-01,9303
5284,jpp-KY,10,0,10,華南永昌-高雄,2023-02-01,9303
6116,彩晶,20,10,10,華南永昌-高雄,2023-02-01,9303
2890,永豐金,175,12,163,華南永昌-高雄,2023-02-02,9303
00878,國泰永續高股息,210,59,151,華南永昌-高雄,2023-02-02,9303
2867,三商壽,132,6,126,華南永昌-高雄,2023-02-02,9303
00679B,元大美債20年,79,1,78,華南永昌-高雄,2023-02-02,9303
2609,陽明,138,61,77,華南永昌-高雄,2023-02-02,9303
2891,中信金,74,0,74,華南永昌-高雄,2023-02-02,9303
2618,長榮航,187,119,68,華南永昌-高雄,2023-02-02,9303
00671R,富邦NASDAQ反1,69,2,67,華南永昌-高雄,2023-02-02,9303
2007,燁興,60,0,60,華南永昌-高雄,2023-02-02,9303
4956,光鋐,55,0,55,華南永昌-高雄,2023-02-02,9303
2014,中鴻,89,37,52,華南永昌-高雄,2023-02-02,9303
6128,上福,51,0,51,華南永昌-高雄,2023-02-02,9303
6443,元晶,68,24,44,華南永昌-高雄,2023-02-02,9303
3041,揚智,61,20,41,華南永昌-高雄,2023-02-02,9303
00904,新光臺灣半導體30,40,0,40,華南永昌-高雄,2023-02-02,9303
2834,臺企銀,33,1,32,華南永昌-高雄,2023-02-02,9303
2201,裕隆,45,13,32,華南永昌-高雄,2023-02-02,9303
5351,鈺創,44,13,31,華南永昌-高雄,2023-02-02,9303
4162,智擎,48,17,31,華南永昌-高雄,2023-02-02,9303
2610,華航,88,57,31,華南永昌-高雄,2023-02-02,9303
3481,群創,30,0,30,華南永昌-高雄,2023-02-02,9303
2484,希華,30,1,29,華南永昌-高雄,2023-02-02,9303
8105,凌巨,30,2,28,華南永昌-高雄,2023-02-02,9303
6282,康舒,79,51,28,華南永昌-高雄,2023-02-02,9303
2482,連宇,30,3,27,華南永昌-高雄,2023-02-02,9303
2317,鴻海,38,11,27,華南永昌-高雄,2023-02-02,9303
2358,廷鑫,47,21,26,華南永昌-高雄,2023-02-02,9303
2888,新光金,27,3,24,華南永昌-高雄,2023-02-02,9303
2492,華新科,27,5,22,華南永昌-高雄,2023-02-02,9303
6546,正基,22,0,22,華南永昌-高雄,2023-02-02,9303
00642U,期元大S＆P石油,21,0,21,華南永昌-高雄,2023-02-02,9303
1609,大亞,35,15,20,華南永昌-高雄,2023-02-02,9303
4931,新盛力,25,6,19,華南永昌-高雄,2023-02-02,9303
00903,富邦元宇宙,23,5,18,華南永昌-高雄,2023-02-02,9303
1342,八貫,18,1,17,華南永昌-高雄,2023-02-02,9303
3704,合勤控,27,10,17,華南永昌-高雄,2023-02-02,9303
1611,中電,20,4,16,華南永昌-高雄,2023-02-02,9303
2614,東森,17,1,16,華南永昌-高雄,2023-02-02,9303
3665,貿聯-KY,20,4,16,華南永昌-高雄,2023-02-02,9303
3624,光頡,23,8,15,華南永昌-高雄,2023-02-02,9303
00676R,富邦臺灣加權反1,18,3,15,華南永昌-高雄,2023-02-02,9303
00885,富邦越南,34,20,14,華南永昌-高雄,2023-02-02,9303
6770,力積電,51,37,14,華南永昌-高雄,2023-02-02,9303
6411,晶焱,43,29,14,華南永昌-高雄,2023-02-02,9303
2880,華南金,14,1,13,華南永昌-高雄,2023-02-02,9303
2457,飛宏,12,0,12,華南永昌-高雄,2023-02-02,9303
8109,博大,12,0,12,華南永昌-高雄,2023-02-02,9303
5425,台半,13,1,12,華南永昌-高雄,2023-02-02,9303
3059,華晶科,12,1,11,華南永昌-高雄,2023-02-02,9303
3207,耀勝,17,6,11,華南永昌-高雄,2023-02-02,9303
2888,新光金,258,2,256,華南永昌-高雄,2023-02-03,9303
2891,中信金,201,1,200,華南永昌-高雄,2023-02-03,9303
2409,友達,182,6,176,華南永昌-高雄,2023-02-03,9303
3189,景碩,107,5,102,華南永昌-高雄,2023-02-03,9303
2880,華南金,105,14,91,華南永昌-高雄,2023-02-03,9303
2882,國泰金,73,2,71,華南永昌-高雄,2023-02-03,9303
1611,中電,60,0,60,華南永昌-高雄,2023-02-03,9303
2883B,凱基金乙特,58,0,58,華南永昌-高雄,2023-02-03,9303
2890,永豐金,66,10,56,華南永昌-高雄,2023-02-03,9303
2812,台中銀,51,0,51,華南永昌-高雄,2023-02-03,9303
8121,越峰,73,23,50,華南永昌-高雄,2023-02-03,9303
2881,富邦金,48,0,48,華南永昌-高雄,2023-02-03,9303
00671R,富邦NASDAQ反1,43,0,43,華南永昌-高雄,2023-02-03,9303
00632R,元大台灣50反1,38,0,38,華南永昌-高雄,2023-02-03,9303
2498,宏達電,96,58,38,華南永昌-高雄,2023-02-03,9303
6128,上福,34,0,34,華南永昌-高雄,2023-02-03,9303
2886,兆豐金,43,10,33,華南永昌-高雄,2023-02-03,9303
2014,中鴻,36,3,33,華南永昌-高雄,2023-02-03,9303
2388,威盛,62,30,32,華南永昌-高雄,2023-02-03,9303
1718,中纖,35,5,30,華南永昌-高雄,2023-02-03,9303
6770,力積電,88,61,27,華南永昌-高雄,2023-02-03,9303
2906,高林,28,2,26,華南永昌-高雄,2023-02-03,9303
2609,陽明,51,26,25,華南永昌-高雄,2023-02-03,9303
2201,裕隆,41,17,24,華南永昌-高雄,2023-02-03,9303
6550,北極星藥業-KY,27,4,23,華南永昌-高雄,2023-02-03,9303
2368,金像電,48,25,23,華南永昌-高雄,2023-02-03,9303
00642U,期元大S＆P石油,21,0,21,華南永昌-高雄,2023-02-03,9303
5009,榮剛,39,18,21,華南永昌-高雄,2023-02-03,9303
4931,新盛力,21,1,20,華南永昌-高雄,2023-02-03,9303
8936,國統,20,0,20,華南永昌-高雄,2023-02-03,9303
00882,中信中國高股息,20,0,20,華南永昌-高雄,2023-02-03,9303
2385,群光,21,2,19,華南永昌-高雄,2023-02-03,9303
1101,台泥,21,3,18,華南永昌-高雄,2023-02-03,9303
6150,撼訊,32,14,18,華南永昌-高雄,2023-02-03,9303
3059,華晶科,20,3,17,華南永昌-高雄,2023-02-03,9303
2743,山富,22,5,17,華南永昌-高雄,2023-02-03,9303
8046,南電,17,1,16,華南永昌-高雄,2023-02-03,9303
2892,第一金,18,2,16,華南永昌-高雄,2023-02-03,9303
00720B,元大投資級公司債,15,0,15,華南永昌-高雄,2023-02-03,9303
9105,泰金寶-DR,22,7,15,華南永昌-高雄,2023-02-03,9303
2317,鴻海,16,1,15,華南永昌-高雄,2023-02-03,9303
3017,奇鋐,15,2,13,華南永昌-高雄,2023-02-03,9303
1512,瑞利,12,0,12,華南永昌-高雄,2023-02-03,9303
2603,長榮,23,12,11,華南永昌-高雄,2023-02-03,9303
2027,大成鋼,31,20,11,華南永昌-高雄,2023-02-03,9303
3141,晶宏,14,3,11,華南永昌-高雄,2023-02-03,9303
00746B,富邦A級公司債,10,0,10,華南永昌-高雄,2023-02-03,9303
00665L,富邦�琤肭磪囓�2,10,0,10,華南永昌-高雄,2023-02-03,9303
1708,東鹼,10,0,10,華南永昌-高雄,2023-02-03,9303
4533,協易機,10,0,10,華南永昌-高雄,2023-02-03,9303
00679B,元大美債20年,167,1,166,華南永昌-高雄,2023-02-06,9303
3189,景碩,106,2,104,華南永昌-高雄,2023-02-06,9303
2313,華通,106,7,99,華南永昌-高雄,2023-02-06,9303
2883B,凱基金乙特,80,0,80,華南永昌-高雄,2023-02-06,9303
8121,越峰,89,22,67,華南永昌-高雄,2023-02-06,9303
9802,鈺齊-KY,61,1,60,華南永昌-高雄,2023-02-06,9303
2482,連宇,133,73,60,華南永昌-高雄,2023-02-06,9303
00878,國泰永續高股息,115,56,59,華南永昌-高雄,2023-02-06,9303
0056,元大高股息,48,1,47,華南永昌-高雄,2023-02-06,9303
2615,萬海,54,10,44,華南永昌-高雄,2023-02-06,9303
3444,利機,48,5,43,華南永昌-高雄,2023-02-06,9303
2425,承啟,120,80,40,華南永昌-高雄,2023-02-06,9303
00637L,元大滬深300正2,52,16,36,華南永昌-高雄,2023-02-06,9303
00882,中信中國高股息,30,0,30,華南永昌-高雄,2023-02-06,9303
2880,華南金,38,11,27,華南永昌-高雄,2023-02-06,9303
2449,京元電子,26,0,26,華南永昌-高雄,2023-02-06,9303
2867,三商壽,25,1,24,華南永昌-高雄,2023-02-06,9303
1909,榮成,24,0,24,華南永昌-高雄,2023-02-06,9303
1783,和康生,29,6,23,華南永昌-高雄,2023-02-06,9303
6533,晶心科,23,0,23,華南永昌-高雄,2023-02-06,9303
2884,玉山金,28,6,22,華南永昌-高雄,2023-02-06,9303
8043,蜜望實,23,1,22,華南永昌-高雄,2023-02-06,9303
1560,中砂,24,3,21,華南永昌-高雄,2023-02-06,9303
00715L,期街口布蘭特正2,22,1,21,華南永昌-高雄,2023-02-06,9303
00642U,期元大S＆P石油,21,0,21,華南永昌-高雄,2023-02-06,9303
00900,富邦特選高股息30,22,2,20,華南永昌-高雄,2023-02-06,9303
2609,陽明,27,8,19,華南永昌-高雄,2023-02-06,9303
6128,上福,18,0,18,華南永昌-高雄,2023-02-06,9303
3037,欣興,43,26,17,華南永昌-高雄,2023-02-06,9303
00720B,元大投資級公司債,16,0,16,華南永昌-高雄,2023-02-06,9303
2891,中信金,18,3,15,華南永昌-高雄,2023-02-06,9303
2201,裕隆,20,5,15,華南永昌-高雄,2023-02-06,9303
2344,華邦電,36,21,15,華南永昌-高雄,2023-02-06,9303
00671R,富邦NASDAQ反1,15,0,15,華南永昌-高雄,2023-02-06,9303
2892,第一金,15,1,14,華南永昌-高雄,2023-02-06,9303
2882,國泰金,16,2,14,華南永昌-高雄,2023-02-06,9303
1701,中化,22,8,14,華南永昌-高雄,2023-02-06,9303
9958,世紀鋼,14,0,14,華南永昌-高雄,2023-02-06,9303
8046,南電,16,3,13,華南永昌-高雄,2023-02-06,9303
1313,聯成,13,0,13,華南永昌-高雄,2023-02-06,9303
2035,唐榮,13,0,13,華南永昌-高雄,2023-02-06,9303
6223,旺矽,16,3,13,華南永昌-高雄,2023-02-06,9303
6770,力積電,12,0,12,華南永昌-高雄,2023-02-06,9303
2383,台光電,12,1,11,華南永昌-高雄,2023-02-06,9303
2002,中鋼,13,2,11,華南永昌-高雄,2023-02-06,9303
1325,恆大,10,0,10,華南永昌-高雄,2023-02-06,9303
3303,岱稜,10,0,10,華南永昌-高雄,2023-02-06,9303
1584,精剛,14,4,10,華南永昌-高雄,2023-02-06,9303
3224,三顧,10,0,10,華南永昌-高雄,2023-02-06,9303
00665L,富邦�琤肭磪囓�2,10,0,10,華南永昌-高雄,2023-02-06,9303
2888,新光金,96,1,95,華南永昌-高雄,2023-02-07,9303
2498,宏達電,100,26,74,華南永昌-高雄,2023-02-07,9303
00878,國泰永續高股息,84,10,74,華南永昌-高雄,2023-02-07,9303
2610,華航,74,10,64,華南永昌-高雄,2023-02-07,9303
6470,宇智,63,0,63,華南永昌-高雄,2023-02-07,9303
2313,華通,61,7,54,華南永昌-高雄,2023-02-07,9303
6217,中探針,52,7,45,華南永昌-高雄,2023-02-07,9303
4102,永日,51,6,45,華南永昌-高雄,2023-02-07,9303
00679B,元大美債20年,61,20,41,華南永昌-高雄,2023-02-07,9303
2405,輔信,36,0,36,華南永昌-高雄,2023-02-07,9303
2891,中信金,34,0,34,華南永昌-高雄,2023-02-07,9303
2618,長榮航,35,1,34,華南永昌-高雄,2023-02-07,9303
9802,鈺齊-KY,30,0,30,華南永昌-高雄,2023-02-07,9303
2344,華邦電,33,3,30,華南永昌-高雄,2023-02-07,9303
8070,長華*,26,0,26,華南永昌-高雄,2023-02-07,9303
00720B,元大投資級公司債,24,0,24,華南永昌-高雄,2023-02-07,9303
4763,材料-KY,30,6,24,華南永昌-高雄,2023-02-07,9303
2867,三商壽,28,5,23,華南永昌-高雄,2023-02-07,9303
1605,華新,112,89,23,華南永昌-高雄,2023-02-07,9303
6756,威鋒電子,22,0,22,華南永昌-高雄,2023-02-07,9303
3006,晶豪科,24,2,22,華南永昌-高雄,2023-02-07,9303
3265,台星科,22,0,22,華南永昌-高雄,2023-02-07,9303
2484,希華,20,0,20,華南永昌-高雄,2023-02-07,9303
4915,致伸,20,0,20,華南永昌-高雄,2023-02-07,9303
6278,台表科,20,0,20,華南永昌-高雄,2023-02-07,9303
0056,元大高股息,19,0,19,華南永昌-高雄,2023-02-07,9303
5371,中光電,20,2,18,華南永昌-高雄,2023-02-07,9303
4142,國光生,26,9,17,華南永昌-高雄,2023-02-07,9303
2884,玉山金,19,2,17,華南永昌-高雄,2023-02-07,9303
2614,東森,21,5,16,華南永昌-高雄,2023-02-07,9303
2609,陽明,15,0,15,華南永昌-高雄,2023-02-07,9303
3030,德律,15,0,15,華南永昌-高雄,2023-02-07,9303
00772B,中信高評級公司債,14,0,14,華南永昌-高雄,2023-02-07,9303
1701,中化,15,1,14,華南永昌-高雄,2023-02-07,9303
00751B,元大AAA至A公司債,13,0,13,華南永昌-高雄,2023-02-07,9303
8916,光隆,13,0,13,華南永昌-高雄,2023-02-07,9303
00907,永豐優息存股,12,0,12,華南永昌-高雄,2023-02-07,9303
00725B,國泰投資級公司債,12,0,12,華南永昌-高雄,2023-02-07,9303
00664R,國泰臺灣加權反1,12,0,12,華南永昌-高雄,2023-02-07,9303
4979,華星光,24,12,12,華南永昌-高雄,2023-02-07,9303
3693,營邦,35,24,11,華南永昌-高雄,2023-02-07,9303
3059,華晶科,11,0,11,華南永昌-高雄,2023-02-07,9303
1417,嘉裕,40,29,11,華南永昌-高雄,2023-02-07,9303
00780B,國泰A級金融債,11,0,11,華南永昌-高雄,2023-02-07,9303
2201,裕隆,18,7,11,華南永昌-高雄,2023-02-07,9303
3454,晶睿,19,8,11,華南永昌-高雄,2023-02-07,9303
6231,系微,11,0,11,華南永昌-高雄,2023-02-07,9303
4566,時碩工業,10,0,10,華南永昌-高雄,2023-02-07,9303
2317,鴻海,18,9,9,華南永昌-高雄,2023-02-07,9303
2489,瑞軒,11,1,10,華南永昌-高雄,2023-02-07,9303
2884,玉山金,283,5,278,華南永昌-高雄,2023-02-08,9303
3444,利機,214,20,194,華南永昌-高雄,2023-02-08,9303
1314,中石化,150,0,150,華南永昌-高雄,2023-02-08,9303
00893,國泰智能電動車,144,18,126,華南永昌-高雄,2023-02-08,9303
2801,彰銀,102,0,102,華南永昌-高雄,2023-02-08,9303
00671R,富邦NASDAQ反1,86,0,86,華南永昌-高雄,2023-02-08,9303
00878,國泰永續高股息,92,13,79,華南永昌-高雄,2023-02-08,9303
1909,榮成,132,57,75,華南永昌-高雄,2023-02-08,9303
00679B,元大美債20年,74,0,74,華南永昌-高雄,2023-02-08,9303
2888,新光金,59,0,59,華南永昌-高雄,2023-02-08,9303
00637L,元大滬深300正2,72,17,55,華南永昌-高雄,2023-02-08,9303
3011,今皓,55,2,53,華南永昌-高雄,2023-02-08,9303
00882,中信中國高股息,45,0,45,華南永昌-高雄,2023-02-08,9303
2408,南亞科,43,1,42,華南永昌-高雄,2023-02-08,9303
1506,正道,30,0,30,華南永昌-高雄,2023-02-08,9303
3228,金麗科,33,3,30,華南永昌-高雄,2023-02-08,9303
5284,jpp-KY,28,1,27,華南永昌-高雄,2023-02-08,9303
1440,南紡,26,0,26,華南永昌-高雄,2023-02-08,9303
00673R,期元大S＆P原油反1,26,0,26,華南永昌-高雄,2023-02-08,9303
2201,裕隆,45,20,25,華南永昌-高雄,2023-02-08,9303
5258,虹堡,26,3,23,華南永昌-高雄,2023-02-08,9303
8069,元太,43,20,23,華南永昌-高雄,2023-02-08,9303
6547,高端疫苗,23,0,23,華南永昌-高雄,2023-02-08,9303
4128,中天,29,6,23,華南永昌-高雄,2023-02-08,9303
2618,長榮航,23,1,22,華南永昌-高雄,2023-02-08,9303
2066,世德,20,0,20,華南永昌-高雄,2023-02-08,9303
2481,強茂,19,0,19,華南永昌-高雄,2023-02-08,9303
2338,光罩,46,27,19,華南永昌-高雄,2023-02-08,9303
2498,宏達電,43,24,19,華南永昌-高雄,2023-02-08,9303
4721,美琪瑪,23,5,18,華南永昌-高雄,2023-02-08,9303
6231,系微,20,2,18,華南永昌-高雄,2023-02-08,9303
1609,大亞,20,2,18,華南永昌-高雄,2023-02-08,9303
6129,普誠,25,8,17,華南永昌-高雄,2023-02-08,9303
2482,連宇,31,16,15,華南永昌-高雄,2023-02-08,9303
2419,仲琦,16,1,15,華南永昌-高雄,2023-02-08,9303
00885,富邦越南,31,18,13,華南永昌-高雄,2023-02-08,9303
1584,精剛,14,1,13,華南永昌-高雄,2023-02-08,9303
00753L,中信中國50正2,12,0,12,華南永昌-高雄,2023-02-08,9303
6443,元晶,17,5,12,華南永昌-高雄,2023-02-08,9303
3231,緯創,12,0,12,華南永昌-高雄,2023-02-08,9303
1605,華新,46,35,11,華南永昌-高雄,2023-02-08,9303
1312,國喬,11,0,11,華南永昌-高雄,2023-02-08,9303
6415,矽力*-KY,13,2,11,華南永昌-高雄,2023-02-08,9303
2474,可成,13,2,11,華南永昌-高雄,2023-02-08,9303
4147,中裕,10,0,10,華南永昌-高雄,2023-02-08,9303
3046,建��,25,15,10,華南永昌-高雄,2023-02-08,9303
2545,皇翔,10,0,10,華南永昌-高雄,2023-02-08,9303
3360,尚立,10,0,10,華南永昌-高雄,2023-02-08,9303
1701,中化,11,1,10,華南永昌-高雄,2023-02-08,9303
1512,瑞利,10,0,10,華南永昌-高雄,2023-02-08,9303
0056,元大高股息,112,0,112,華南永昌-高雄,2023-02-09,9303
2388,威盛,100,33,67,華南永昌-高雄,2023-02-09,9303
4114,健喬,75,15,60,華南永昌-高雄,2023-02-09,9303
1701,中化,60,3,57,華南永昌-高雄,2023-02-09,9303
00878,國泰永續高股息,54,2,52,華南永昌-高雄,2023-02-09,9303
3189,景碩,50,0,50,華南永昌-高雄,2023-02-09,9303
6470,宇智,46,3,43,華南永昌-高雄,2023-02-09,9303
6245,立端,55,15,40,華南永昌-高雄,2023-02-09,9303
8163,達方,38,0,38,華南永昌-高雄,2023-02-09,9303
00712,復華富時不動產,35,0,35,華南永昌-高雄,2023-02-09,9303
00673R,期元大S＆P原油反1,33,0,33,華南永昌-高雄,2023-02-09,9303
2886,兆豐金,33,0,33,華南永昌-高雄,2023-02-09,9303
2867,三商壽,32,0,32,華南永昌-高雄,2023-02-09,9303
1308,亞聚,31,0,31,華南永昌-高雄,2023-02-09,9303
2327,國巨,31,1,30,華南永昌-高雄,2023-02-09,9303
6625,必應,31,1,30,華南永昌-高雄,2023-02-09,9303
2607,榮運,47,21,26,華南永昌-高雄,2023-02-09,9303
2344,華邦電,60,36,24,華南永昌-高雄,2023-02-09,9303
3481,群創,29,6,23,華南永昌-高雄,2023-02-09,9303
2408,南亞科,23,0,23,華南永昌-高雄,2023-02-09,9303
2801,彰銀,22,0,22,華南永昌-高雄,2023-02-09,9303
00720B,元大投資級公司債,21,0,21,華南永昌-高雄,2023-02-09,9303
3687,歐買尬,20,0,20,華南永昌-高雄,2023-02-09,9303
2888,新光金,19,0,19,華南永昌-高雄,2023-02-09,9303
2201,裕隆,22,4,18,華南永昌-高雄,2023-02-09,9303
00679B,元大美債20年,23,6,17,華南永昌-高雄,2023-02-09,9303
2618,長榮航,17,0,17,華南永昌-高雄,2023-02-09,9303
8429,金麗-KY,20,4,16,華南永昌-高雄,2023-02-09,9303
6235,華孚,35,19,16,華南永昌-高雄,2023-02-09,9303
2006,東和鋼鐵,15,1,14,華南永昌-高雄,2023-02-09,9303
00900,富邦特選高股息30,14,0,14,華南永昌-高雄,2023-02-09,9303
1560,中砂,20,6,14,華南永昌-高雄,2023-02-09,9303
4162,智擎,18,4,14,華南永昌-高雄,2023-02-09,9303
2880,華南金,14,0,14,華南永昌-高雄,2023-02-09,9303
2603,長榮,14,1,13,華南永昌-高雄,2023-02-09,9303
2027,大成鋼,14,1,13,華南永昌-高雄,2023-02-09,9303
00885,富邦越南,22,10,12,華南永昌-高雄,2023-02-09,9303
2610,華航,12,0,12,華南永昌-高雄,2023-02-09,9303
6443,元晶,13,2,11,華南永昌-高雄,2023-02-09,9303
1506,正道,11,0,11,華南永昌-高雄,2023-02-09,9303
1783,和康生,15,4,11,華南永昌-高雄,2023-02-09,9303
6643,M31,36,25,11,華南永昌-高雄,2023-02-09,9303
8227,巨有科技,12,1,11,華南永昌-高雄,2023-02-09,9303
2883,凱基金,25,15,10,華南永昌-高雄,2023-02-09,9303
1438,三地開發,10,0,10,華南永昌-高雄,2023-02-09,9303
3105,穩懋,10,0,10,華南永昌-高雄,2023-02-09,9303
6548,長科*,10,0,10,華南永昌-高雄,2023-02-09,9303
6533,晶心科,22,12,10,華南永昌-高雄,2023-02-09,9303
1216,統一,11,2,9,華南永昌-高雄,2023-02-09,9303
6282,康舒,79,70,9,華南永昌-高雄,2023-02-09,9303
4979,華星光,380,77,303,華南永昌-高雄,2023-02-10,9303
8222,寶一,267,6,261,華南永昌-高雄,2023-02-10,9303
4915,致伸,238,1,237,華南永昌-高雄,2023-02-10,9303
00671R,富邦NASDAQ反1,120,4,116,華南永昌-高雄,2023-02-10,9303
00878,國泰永續高股息,116,2,114,華南永昌-高雄,2023-02-10,9303
5351,鈺創,103,1,102,華南永昌-高雄,2023-02-10,9303
3059,華晶科,100,0,100,華南永昌-高雄,2023-02-10,9303
8936,國統,82,0,82,華南永昌-高雄,2023-02-10,9303
2801,彰銀,56,0,56,華南永昌-高雄,2023-02-10,9303
2498,宏達電,62,7,55,華南永昌-高雄,2023-02-10,9303
2324,仁寶,55,0,55,華南永昌-高雄,2023-02-10,9303
00632R,元大台灣50反1,50,0,50,華南永昌-高雄,2023-02-10,9303
2313,華通,53,8,45,華南永昌-高雄,2023-02-10,9303
6282,康舒,61,17,44,華南永昌-高雄,2023-02-10,9303
1303,南亞,43,3,40,華南永昌-高雄,2023-02-10,9303
2425,承啟,106,67,39,華南永昌-高雄,2023-02-10,9303
6443,元晶,40,1,39,華南永昌-高雄,2023-02-10,9303
0056,元大高股息,42,3,39,華南永昌-高雄,2023-02-10,9303
2867,三商壽,37,1,36,華南永昌-高雄,2023-02-10,9303
6531,愛普*,36,1,35,華南永昌-高雄,2023-02-10,9303
6533,晶心科,36,2,34,華南永昌-高雄,2023-02-10,9303
2312,金寶,35,1,34,華南永昌-高雄,2023-02-10,9303
2484,希華,37,4,33,華南永昌-高雄,2023-02-10,9303
1783,和康生,33,0,33,華南永昌-高雄,2023-02-10,9303
1560,中砂,33,2,31,華南永昌-高雄,2023-02-10,9303
6278,台表科,32,1,31,華南永昌-高雄,2023-02-10,9303
1312,國喬,30,0,30,華南永昌-高雄,2023-02-10,9303
2481,強茂,31,3,28,華南永昌-高雄,2023-02-10,9303
3265,台星科,30,2,28,華南永昌-高雄,2023-02-10,9303
00637L,元大滬深300正2,43,16,27,華南永昌-高雄,2023-02-10,9303
2883,凱基金,37,11,26,華南永昌-高雄,2023-02-10,9303
2888,新光金,27,2,25,華南永昌-高雄,2023-02-10,9303
1434,福懋,26,3,23,華南永昌-高雄,2023-02-10,9303
6217,中探針,24,1,23,華南永昌-高雄,2023-02-10,9303
6505,台塑化,40,17,23,華南永昌-高雄,2023-02-10,9303
1605,華新,45,23,22,華南永昌-高雄,2023-02-10,9303
2002,中鋼,21,1,20,華南永昌-高雄,2023-02-10,9303
3444,利機,21,1,20,華南永昌-高雄,2023-02-10,9303
00780B,國泰A級金融債,20,0,20,華南永昌-高雄,2023-02-10,9303
5425,台半,21,1,20,華南永昌-高雄,2023-02-10,9303
6234,高僑,25,5,20,華南永昌-高雄,2023-02-10,9303
8121,越峰,21,2,19,華南永昌-高雄,2023-02-10,9303
1513,中興電,38,19,19,華南永昌-高雄,2023-02-10,9303
6188,廣明,19,1,18,華南永昌-高雄,2023-02-10,9303
4919,新唐,27,9,18,華南永昌-高雄,2023-02-10,9303
3710,連展投控,17,0,17,華南永昌-高雄,2023-02-10,9303
00664R,國泰臺灣加權反1,15,0,15,華南永昌-高雄,2023-02-10,9303
3454,晶睿,22,7,15,華南永昌-高雄,2023-02-10,9303
2610,華航,27,13,14,華南永昌-高雄,2023-02-10,9303
3231,緯創,13,0,13,華南永昌-高雄,2023-02-10,9303
00878,國泰永續高股息,117,9,108,華南永昌-高雄,2023-02-13,9303
2409,友達,59,2,57,華南永昌-高雄,2023-02-13,9303
6806,森崴能源,67,14,53,華南永昌-高雄,2023-02-13,9303
2609,陽明,58,16,42,華南永昌-高雄,2023-02-13,9303
00673R,期元大S＆P原油反1,34,0,34,華南永昌-高雄,2023-02-13,9303
00679B,元大美債20年,30,0,30,華南永昌-高雄,2023-02-13,9303
2002,中鋼,34,9,25,華南永昌-高雄,2023-02-13,9303
1795,美時,30,6,24,華南永昌-高雄,2023-02-13,9303
2610,華航,33,9,24,華南永昌-高雄,2023-02-13,9303
6770,力積電,58,35,23,華南永昌-高雄,2023-02-13,9303
2634,漢翔,38,15,23,華南永昌-高雄,2023-02-13,9303
1909,榮成,20,0,20,華南永昌-高雄,2023-02-13,9303
3038,全台,20,0,20,華南永昌-高雄,2023-02-13,9303
00885,富邦越南,20,0,20,華南永昌-高雄,2023-02-13,9303
4931,新盛力,78,59,19,華南永昌-高雄,2023-02-13,9303
2884,玉山金,52,34,18,華南永昌-高雄,2023-02-13,9303
2888,新光金,21,4,17,華南永昌-高雄,2023-02-13,9303
00637L,元大滬深300正2,30,13,17,華南永昌-高雄,2023-02-13,9303
3481,群創,21,4,17,華南永昌-高雄,2023-02-13,9303
1783,和康生,16,0,16,華南永昌-高雄,2023-02-13,9303
00780B,國泰A級金融債,15,0,15,華南永昌-高雄,2023-02-13,9303
3438,類比科,15,0,15,華南永昌-高雄,2023-02-13,9303
00720B,元大投資級公司債,14,0,14,華南永昌-高雄,2023-02-13,9303
1605,華新,17,3,14,華南永昌-高雄,2023-02-13,9303
3564,其陽,14,0,14,華南永昌-高雄,2023-02-13,9303
2303,聯電,51,38,13,華南永昌-高雄,2023-02-13,9303
2323,中環,13,0,13,華南永昌-高雄,2023-02-13,9303
8121,越峰,13,0,13,華南永昌-高雄,2023-02-13,9303
00772B,中信高評級公司債,12,0,12,華南永昌-高雄,2023-02-13,9303
00882,中信中國高股息,13,1,12,華南永昌-高雄,2023-02-13,9303
1218,泰山,12,1,11,華南永昌-高雄,2023-02-13,9303
4743,合一,14,3,11,華南永昌-高雄,2023-02-13,9303
4566,時碩工業,11,0,11,華南永昌-高雄,2023-02-13,9303
00665L,富邦�琤肭磪囓�2,13,2,11,華南永昌-高雄,2023-02-13,9303
00753L,中信中國50正2,11,0,11,華南永昌-高雄,2023-02-13,9303
00900,富邦特選高股息30,10,0,10,華南永昌-高雄,2023-02-13,9303
5284,jpp-KY,10,0,10,華南永昌-高雄,2023-02-13,9303
2388,威盛,24,14,10,華南永昌-高雄,2023-02-13,9303
8093,保銳,10,0,10,華南永昌-高雄,2023-02-13,9303
00893,國泰智能電動車,10,0,10,華南永昌-高雄,2023-02-13,9303
00890B,凱基ESG BBB債,10,0,10,華南永昌-高雄,2023-02-13,9303
2108,南帝,10,0,10,華南永昌-高雄,2023-02-13,9303
1312,國喬,10,0,10,華南永昌-高雄,2023-02-13,9303
6643,M31,57,47,10,華南永昌-高雄,2023-02-13,9303
3322,建舜電,10,0,10,華南永昌-高雄,2023-02-13,9303
5706,鳳凰,10,0,10,華南永昌-高雄,2023-02-13,9303
2471,資通,10,0,10,華南永昌-高雄,2023-02-13,9303
2406,國碩,9,0,9,華南永昌-高雄,2023-02-13,9303
0056,元大高股息,9,0,9,華南永昌-高雄,2023-02-13,9303
3704,合勤控,31,22,9,華南永昌-高雄,2023-02-13,9303
00673R,期元大S＆P原油反1,135,0,135,華南永昌-高雄,2023-02-14,9303
3438,類比科,70,1,69,華南永昌-高雄,2023-02-14,9303
1440,南紡,60,0,60,華南永昌-高雄,2023-02-14,9303
6244,茂迪,52,0,52,華南永昌-高雄,2023-02-14,9303
8069,元太,67,18,49,華南永昌-高雄,2023-02-14,9303
1905,華紙,47,0,47,華南永昌-高雄,2023-02-14,9303
00637L,元大滬深300正2,48,2,46,華南永昌-高雄,2023-02-14,9303
8476,台境*,58,14,44,華南永昌-高雄,2023-02-14,9303
2351,順德,51,7,44,華南永昌-高雄,2023-02-14,9303
4114,健喬,78,41,37,華南永昌-高雄,2023-02-14,9303
2208,台船,35,0,35,華南永昌-高雄,2023-02-14,9303
2027,大成鋼,64,30,34,華南永昌-高雄,2023-02-14,9303
2883B,凱基金乙特,30,0,30,華南永昌-高雄,2023-02-14,9303
2889,國票金,31,1,30,華南永昌-高雄,2023-02-14,9303
00772B,中信高評級公司債,29,0,29,華南永昌-高雄,2023-02-14,9303
00878,國泰永續高股息,141,116,25,華南永昌-高雄,2023-02-14,9303
2495,普安,25,0,25,華南永昌-高雄,2023-02-14,9303
3481,群創,55,30,25,華南永昌-高雄,2023-02-14,9303
3704,合勤控,28,5,23,華南永昌-高雄,2023-02-14,9303
9928,中視,23,0,23,華南永昌-高雄,2023-02-14,9303
8996,高力,23,1,22,華南永昌-高雄,2023-02-14,9303
00679B,元大美債20年,21,0,21,華南永昌-高雄,2023-02-14,9303
1513,中興電,39,18,21,華南永昌-高雄,2023-02-14,9303
3594,磐儀,24,3,21,華南永昌-高雄,2023-02-14,9303
2405,輔信,20,0,20,華南永昌-高雄,2023-02-14,9303
6470,宇智,50,30,20,華南永昌-高雄,2023-02-14,9303
00780B,國泰A級金融債,20,0,20,華南永昌-高雄,2023-02-14,9303
6282,康舒,25,5,20,華南永昌-高雄,2023-02-14,9303
8234,新漢,19,0,19,華南永昌-高雄,2023-02-14,9303
3653,健策,20,1,19,華南永昌-高雄,2023-02-14,9303
1101,台泥,44,27,17,華南永昌-高雄,2023-02-14,9303
00753L,中信中國50正2,16,0,16,華南永昌-高雄,2023-02-14,9303
1314,中石化,16,1,15,華南永昌-高雄,2023-02-14,9303
4130,健亞,18,3,15,華南永昌-高雄,2023-02-14,9303
00882,中信中國高股息,16,2,14,華南永昌-高雄,2023-02-14,9303
8222,寶一,22,9,13,華南永昌-高雄,2023-02-14,9303
00676R,富邦臺灣加權反1,13,0,13,華南永昌-高雄,2023-02-14,9303
2890,永豐金,12,0,12,華南永昌-高雄,2023-02-14,9303
1312,國喬,12,0,12,華南永昌-高雄,2023-02-14,9303
6235,華孚,13,2,11,華南永昌-高雄,2023-02-14,9303
1795,美時,17,6,11,華南永昌-高雄,2023-02-14,9303
2641,正德,11,1,10,華南永昌-高雄,2023-02-14,9303
3564,其陽,10,0,10,華南永昌-高雄,2023-02-14,9303
2324,仁寶,10,0,10,華南永昌-高雄,2023-02-14,9303
5536,聖暉*,10,0,10,華南永昌-高雄,2023-02-14,9303
2108,南帝,10,0,10,華南永昌-高雄,2023-02-14,9303
3693,營邦,11,1,10,華南永昌-高雄,2023-02-14,9303
3528,安馳,10,0,10,華南永昌-高雄,2023-02-14,9303
2883,凱基金,9,0,9,華南永昌-高雄,2023-02-14,9303
2363,矽統,10,1,9,華南永昌-高雄,2023-02-14,9303
00878,國泰永續高股息,235,36,199,華南永昌-高雄,2023-02-15,9303
2027,大成鋼,168,27,141,華南永昌-高雄,2023-02-15,9303
8476,台境*,136,25,111,華南永昌-高雄,2023-02-15,9303
1512,瑞利,100,0,100,華南永昌-高雄,2023-02-15,9303
00671R,富邦NASDAQ反1,98,0,98,華南永昌-高雄,2023-02-15,9303
2745,五福,94,0,94,華南永昌-高雄,2023-02-15,9303
1506,正道,82,10,72,華南永昌-高雄,2023-02-15,9303
2731,雄獅,73,15,58,華南永昌-高雄,2023-02-15,9303
6470,宇智,58,0,58,華南永昌-高雄,2023-02-15,9303
2637,慧洋-KY,53,0,53,華南永昌-高雄,2023-02-15,9303
2610,華航,57,4,53,華南永昌-高雄,2023-02-15,9303
1584,精剛,61,11,50,華南永昌-高雄,2023-02-15,9303
2743,山富,45,3,42,華南永昌-高雄,2023-02-15,9303
2330,台積電,57,22,35,華南永昌-高雄,2023-02-15,9303
2891,中信金,30,0,30,華南永昌-高雄,2023-02-15,9303
2002,中鋼,33,5,28,華南永昌-高雄,2023-02-15,9303
00882,中信中國高股息,28,0,28,華南永昌-高雄,2023-02-15,9303
4967,十銓,28,2,26,華南永昌-高雄,2023-02-15,9303
00907,永豐優息存股,27,1,26,華南永昌-高雄,2023-02-15,9303
0050,元大台灣50,26,2,24,華南永昌-高雄,2023-02-15,9303
2834,臺企銀,22,0,22,華南永昌-高雄,2023-02-15,9303
2801,彰銀,22,0,22,華南永昌-高雄,2023-02-15,9303
00637L,元大滬深300正2,30,8,22,華南永昌-高雄,2023-02-15,9303
2887,台新金,21,1,20,華南永昌-高雄,2023-02-15,9303
6592,和潤企業,20,0,20,華南永昌-高雄,2023-02-15,9303
00720B,元大投資級公司債,18,0,18,華南永昌-高雄,2023-02-15,9303
2208,台船,31,13,18,華南永昌-高雄,2023-02-15,9303
00885,富邦越南,20,5,15,華南永昌-高雄,2023-02-15,9303
2328,廣宇,15,0,15,華南永昌-高雄,2023-02-15,9303
8069,元太,52,37,15,華南永昌-高雄,2023-02-15,9303
1560,中砂,15,1,14,華南永昌-高雄,2023-02-15,9303
00891,中信關鍵半導體,22,9,13,華南永昌-高雄,2023-02-15,9303
6282,康舒,22,9,13,華南永昌-高雄,2023-02-15,9303
2495,普安,13,0,13,華南永昌-高雄,2023-02-15,9303
2634,漢翔,12,0,12,華南永昌-高雄,2023-02-15,9303
5425,台半,24,12,12,華南永昌-高雄,2023-02-15,9303
2885,元大金,12,1,11,華南永昌-高雄,2023-02-15,9303
8390,金益鼎,11,0,11,華南永昌-高雄,2023-02-15,9303
3141,晶宏,12,1,11,華南永昌-高雄,2023-02-15,9303
2022,聚亨,11,0,11,華南永昌-高雄,2023-02-15,9303
3653,健策,10,0,10,華南永昌-高雄,2023-02-15,9303
2337,旺宏,23,13,10,華南永昌-高雄,2023-02-15,9303
00650L,復華香港正2,10,0,10,華南永昌-高雄,2023-02-15,9303
4989,榮科,10,0,10,華南永昌-高雄,2023-02-15,9303
2030,彰源,10,0,10,華南永昌-高雄,2023-02-15,9303
9943,好樂迪,10,0,10,華南永昌-高雄,2023-02-15,9303
1611,中電,11,1,10,華南永昌-高雄,2023-02-15,9303
1789,神隆,10,0,10,華南永昌-高雄,2023-02-15,9303
6120,達運,10,0,10,華南永昌-高雄,2023-02-15,9303
5347,世界,12,3,9,華南永昌-高雄,2023-02-15,9303
00878,國泰永續高股息,244,45,199,華南永昌-高雄,2023-02-16,9303
00632R,元大台灣50反1,173,0,173,華南永昌-高雄,2023-02-16,9303
00772B,中信高評級公司債,180,35,145,華南永昌-高雄,2023-02-16,9303
2834,臺企銀,104,0,104,華南永昌-高雄,2023-02-16,9303
2884,玉山金,94,2,92,華南永昌-高雄,2023-02-16,9303
00673R,期元大S＆P原油反1,81,0,81,華南永昌-高雄,2023-02-16,9303
00679B,元大美債20年,76,0,76,華南永昌-高雄,2023-02-16,9303
0056,元大高股息,83,14,69,華南永昌-高雄,2023-02-16,9303
00671R,富邦NASDAQ反1,64,0,64,華南永昌-高雄,2023-02-16,9303
3189,景碩,62,5,57,華南永昌-高雄,2023-02-16,9303
3017,奇鋐,63,10,53,華南永昌-高雄,2023-02-16,9303
1440,南紡,51,0,51,華南永昌-高雄,2023-02-16,9303
1471,首利,50,0,50,華南永昌-高雄,2023-02-16,9303
8936,國統,54,8,46,華南永昌-高雄,2023-02-16,9303
6266,泰詠,45,3,42,華南永昌-高雄,2023-02-16,9303
00720B,元大投資級公司債,38,0,38,華南永昌-高雄,2023-02-16,9303
2495,普安,38,1,37,華南永昌-高雄,2023-02-16,9303
2002,中鋼,53,18,35,華南永昌-高雄,2023-02-16,9303
1609,大亞,52,19,33,華南永昌-高雄,2023-02-16,9303
2027,大成鋼,37,7,30,華南永昌-高雄,2023-02-16,9303
2606,裕民,31,1,30,華南永昌-高雄,2023-02-16,9303
2882,國泰金,29,0,29,華南永昌-高雄,2023-02-16,9303
2049,上銀,29,0,29,華南永昌-高雄,2023-02-16,9303
1460,宏遠,30,2,28,華南永昌-高雄,2023-02-16,9303
3576,聯合再生,25,1,24,華南永昌-高雄,2023-02-16,9303
00751B,元大AAA至A公司債,23,0,23,華南永昌-高雄,2023-02-16,9303
1736,喬山,20,0,20,華南永昌-高雄,2023-02-16,9303
2465,麗臺,20,0,20,華南永昌-高雄,2023-02-16,9303
00642U,期元大S＆P石油,20,0,20,華南永昌-高雄,2023-02-16,9303
2892,第一金,20,1,19,華南永昌-高雄,2023-02-16,9303
2637,慧洋-KY,18,0,18,華南永昌-高雄,2023-02-16,9303
2399,映泰,16,0,16,華南永昌-高雄,2023-02-16,9303
1524,耿鼎,15,0,15,華南永昌-高雄,2023-02-16,9303
4931,新盛力,18,3,15,華南永昌-高雄,2023-02-16,9303
1503,士電,59,46,13,華南永昌-高雄,2023-02-16,9303
2887,台新金,13,0,13,華南永昌-高雄,2023-02-16,9303
00882,中信中國高股息,14,1,13,華南永昌-高雄,2023-02-16,9303
00893,國泰智能電動車,21,9,12,華南永昌-高雄,2023-02-16,9303
4744,皇將,11,0,11,華南永昌-高雄,2023-02-16,9303
6245,立端,17,6,11,華南永昌-高雄,2023-02-16,9303
3224,三顧,11,0,11,華南永昌-高雄,2023-02-16,9303
3090,日電貿,11,1,10,華南永昌-高雄,2023-02-16,9303
3058,立德,18,8,10,華南永昌-高雄,2023-02-16,9303
2845,遠東銀,10,0,10,華南永昌-高雄,2023-02-16,9303
3675,德微,12,2,10,華南永昌-高雄,2023-02-16,9303
1512,瑞利,10,0,10,華南永昌-高雄,2023-02-16,9303
3454,晶睿,34,24,10,華南永昌-高雄,2023-02-16,9303
3013,晟銘電,10,0,10,華南永昌-高雄,2023-02-16,9303
00780B,國泰A級金融債,9,0,9,華南永昌-高雄,2023-02-16,9303
3289,宜特,12,3,9,華南永昌-高雄,2023-02-16,9303
2243,宏旭-KY,280,47,233,華南永昌-高雄,2023-02-17,9303
2610,華航,460,302,158,華南永昌-高雄,2023-02-17,9303
00878,國泰永續高股息,176,51,125,華南永昌-高雄,2023-02-17,9303
2313,華通,102,8,94,華南永昌-高雄,2023-02-17,9303
00772B,中信高評級公司債,119,31,88,華南永昌-高雄,2023-02-17,9303
00637L,元大滬深300正2,89,7,82,華南永昌-高雄,2023-02-17,9303
1506,正道,80,0,80,華南永昌-高雄,2023-02-17,9303
3711,日月光投控,62,0,62,華南永昌-高雄,2023-02-17,9303
0056,元大高股息,54,0,54,華南永昌-高雄,2023-02-17,9303
3189,景碩,56,5,51,華南永昌-高雄,2023-02-17,9303
6245,立端,255,205,50,華南永昌-高雄,2023-02-17,9303
6266,泰詠,49,1,48,華南永昌-高雄,2023-02-17,9303
00893,國泰智能電動車,44,3,41,華南永昌-高雄,2023-02-17,9303
2495,普安,32,0,32,華南永昌-高雄,2023-02-17,9303
2358,廷鑫,30,0,30,華南永昌-高雄,2023-02-17,9303
00679B,元大美債20年,42,15,27,華南永昌-高雄,2023-02-17,9303
2618,長榮航,37,11,26,華南永昌-高雄,2023-02-17,9303
3090,日電貿,25,0,25,華南永昌-高雄,2023-02-17,9303
00751B,元大AAA至A公司債,39,15,24,華南永昌-高雄,2023-02-17,9303
0050,元大台灣50,24,0,24,華南永昌-高雄,2023-02-17,9303
1218,泰山,22,1,21,華南永昌-高雄,2023-02-17,9303
00632R,元大台灣50反1,20,0,20,華南永昌-高雄,2023-02-17,9303
2607,榮運,21,2,19,華南永昌-高雄,2023-02-17,9303
3037,欣興,25,6,19,華南永昌-高雄,2023-02-17,9303
2353,宏��,20,1,19,華南永昌-高雄,2023-02-17,9303
1810,和成,34,15,19,華南永昌-高雄,2023-02-17,9303
2883B,凱基金乙特,20,2,18,華南永昌-高雄,2023-02-17,9303
8996,高力,18,1,17,華南永昌-高雄,2023-02-17,9303
2884,玉山金,27,11,16,華南永昌-高雄,2023-02-17,9303
2471,資通,23,7,16,華南永昌-高雄,2023-02-17,9303
00907,永豐優息存股,17,1,16,華南永昌-高雄,2023-02-17,9303
2330,台積電,19,3,16,華南永昌-高雄,2023-02-17,9303
2027,大成鋼,15,0,15,華南永昌-高雄,2023-02-17,9303
00780B,國泰A級金融債,15,0,15,華南永昌-高雄,2023-02-17,9303
00680L,元大美債20正2,15,0,15,華南永昌-高雄,2023-02-17,9303
6104,創惟,18,3,15,華南永昌-高雄,2023-02-17,9303
8069,元太,39,24,15,華南永昌-高雄,2023-02-17,9303
00900,富邦特選高股息30,13,0,13,華南永昌-高雄,2023-02-17,9303
2317,鴻海,20,8,12,華南永昌-高雄,2023-02-17,9303
4979,華星光,23,11,12,華南永昌-高雄,2023-02-17,9303
3228,金麗科,12,0,12,華南永昌-高雄,2023-02-17,9303
3376,新日興,15,3,12,華南永昌-高雄,2023-02-17,9303
2892,第一金,12,0,12,華南永昌-高雄,2023-02-17,9303
3224,三顧,11,0,11,華南永昌-高雄,2023-02-17,9303
00676R,富邦臺灣加權反1,11,0,11,華南永昌-高雄,2023-02-17,9303
00715L,期街口布蘭特正2,11,0,11,華南永昌-高雄,2023-02-17,9303
1709,和益,10,0,10,華南永昌-高雄,2023-02-17,9303
2606,裕民,10,0,10,華南永昌-高雄,2023-02-17,9303
6108,競國,10,0,10,華南永昌-高雄,2023-02-17,9303
1736,喬山,10,0,10,華南永昌-高雄,2023-02-17,9303
00632R,元大台灣50反1,202,20,182,華南永昌-高雄,2023-02-20,9303
00878,國泰永續高股息,242,110,132,華南永昌-高雄,2023-02-20,9303
2243,宏旭-KY,133,10,123,華南永昌-高雄,2023-02-20,9303
2208,台船,226,157,69,華南永昌-高雄,2023-02-20,9303
2607,榮運,70,2,68,華南永昌-高雄,2023-02-20,9303
2495,普安,66,0,66,華南永昌-高雄,2023-02-20,9303
2745,五福,56,0,56,華南永昌-高雄,2023-02-20,9303
00900,富邦特選高股息30,50,0,50,華南永昌-高雄,2023-02-20,9303
1513,中興電,63,16,47,華南永昌-高雄,2023-02-20,9303
00637L,元大滬深300正2,55,11,44,華南永昌-高雄,2023-02-20,9303
2634,漢翔,52,9,43,華南永昌-高雄,2023-02-20,9303
5512,力麒,54,14,40,華南永昌-高雄,2023-02-20,9303
2883B,凱基金乙特,40,0,40,華南永昌-高雄,2023-02-20,9303
8476,台境*,38,0,38,華南永昌-高雄,2023-02-20,9303
2610,華航,274,239,35,華南永昌-高雄,2023-02-20,9303
6235,華孚,96,68,28,華南永昌-高雄,2023-02-20,9303
6116,彩晶,84,59,25,華南永昌-高雄,2023-02-20,9303
6182,合晶,24,1,23,華南永昌-高雄,2023-02-20,9303
2206,三陽工業,23,1,22,華南永昌-高雄,2023-02-20,9303
2506,太設,22,0,22,華南永昌-高雄,2023-02-20,9303
4968,立積,68,46,22,華南永昌-高雄,2023-02-20,9303
00679B,元大美債20年,37,15,22,華南永昌-高雄,2023-02-20,9303
5905,南仁湖,24,3,21,華南永昌-高雄,2023-02-20,9303
4564,元翎,20,0,20,華南永昌-高雄,2023-02-20,9303
2471,資通,27,8,19,華南永昌-高雄,2023-02-20,9303
2007,燁興,18,0,18,華南永昌-高雄,2023-02-20,9303
5609,中菲行,18,0,18,華南永昌-高雄,2023-02-20,9303
00753L,中信中國50正2,17,0,17,華南永昌-高雄,2023-02-20,9303
2108,南帝,17,0,17,華南永昌-高雄,2023-02-20,9303
5340,建榮,16,0,16,華南永昌-高雄,2023-02-20,9303
2867,三商壽,17,2,15,華南永昌-高雄,2023-02-20,9303
2743,山富,15,0,15,華南永昌-高雄,2023-02-20,9303
1519,華城,51,36,15,華南永昌-高雄,2023-02-20,9303
1313,聯成,20,5,15,華南永昌-高雄,2023-02-20,9303
2387,精元,15,0,15,華南永昌-高雄,2023-02-20,9303
3017,奇鋐,14,0,14,華南永昌-高雄,2023-02-20,9303
2890,永豐金,13,0,13,華南永昌-高雄,2023-02-20,9303
2324,仁寶,14,2,12,華南永昌-高雄,2023-02-20,9303
1268,漢來美食,11,0,11,華南永昌-高雄,2023-02-20,9303
2314,台揚,14,3,11,華南永昌-高雄,2023-02-20,9303
9904,寶成,11,0,11,華南永昌-高雄,2023-02-20,9303
3591,艾笛森,11,0,11,華南永昌-高雄,2023-02-20,9303
6625,必應,11,0,11,華南永昌-高雄,2023-02-20,9303
4526,東台,12,1,11,華南永昌-高雄,2023-02-20,9303
1611,中電,10,0,10,華南永昌-高雄,2023-02-20,9303
2405,輔信,11,1,10,華南永昌-高雄,2023-02-20,9303
3710,連展投控,12,2,10,華南永昌-高雄,2023-02-20,9303
1503,士電,22,12,10,華南永昌-高雄,2023-02-20,9303
2705,六福,10,0,10,華南永昌-高雄,2023-02-20,9303
2029,盛餘,10,0,10,華南永昌-高雄,2023-02-20,9303
2206,三陽工業,203,7,196,華南永昌-高雄,2023-02-21,9303
1314,中石化,102,2,100,華南永昌-高雄,2023-02-21,9303
2349,錸德,99,5,94,華南永昌-高雄,2023-02-21,9303
1216,統一,70,1,69,華南永昌-高雄,2023-02-21,9303
6266,泰詠,84,17,67,華南永昌-高雄,2023-02-21,9303
4526,東台,60,0,60,華南永昌-高雄,2023-02-21,9303
1529,樂事綠能,57,1,56,華南永昌-高雄,2023-02-21,9303
2368,金像電,68,13,55,華南永昌-高雄,2023-02-21,9303
2457,飛宏,64,13,51,華南永昌-高雄,2023-02-21,9303
00632R,元大台灣50反1,50,0,50,華南永昌-高雄,2023-02-21,9303
2867,三商壽,50,1,49,華南永昌-高雄,2023-02-21,9303
2845,遠東銀,42,0,42,華南永昌-高雄,2023-02-21,9303
3013,晟銘電,42,1,41,華南永昌-高雄,2023-02-21,9303
8016,矽創,84,44,40,華南永昌-高雄,2023-02-21,9303
2618,長榮航,48,12,36,華南永昌-高雄,2023-02-21,9303
00725B,國泰投資級公司債,34,0,34,華南永昌-高雄,2023-02-21,9303
2610,華航,560,527,33,華南永昌-高雄,2023-02-21,9303
4979,華星光,32,6,26,華南永昌-高雄,2023-02-21,9303
2243,宏旭-KY,25,0,25,華南永昌-高雄,2023-02-21,9303
1513,中興電,59,35,24,華南永昌-高雄,2023-02-21,9303
1609,大亞,30,7,23,華南永昌-高雄,2023-02-21,9303
2614,東森,22,0,22,華南永昌-高雄,2023-02-21,9303
2002,中鋼,42,20,22,華南永昌-高雄,2023-02-21,9303
00907,永豐優息存股,28,7,21,華南永昌-高雄,2023-02-21,9303
2905,三商,20,0,20,華南永昌-高雄,2023-02-21,9303
3011,今皓,20,0,20,華南永昌-高雄,2023-02-21,9303
2201,裕隆,35,16,19,華南永昌-高雄,2023-02-21,9303
6603,富強鑫,19,1,18,華南永昌-高雄,2023-02-21,9303
2745,五福,18,0,18,華南永昌-高雄,2023-02-21,9303
8476,台境*,36,18,18,華南永昌-高雄,2023-02-21,9303
2313,華通,17,1,16,華南永昌-高雄,2023-02-21,9303
2888,新光金,53,38,15,華南永昌-高雄,2023-02-21,9303
6531,愛普*,21,6,15,華南永昌-高雄,2023-02-21,9303
2834,臺企銀,18,3,15,華南永昌-高雄,2023-02-21,9303
2323,中環,16,1,15,華南永昌-高雄,2023-02-21,9303
6223,旺矽,20,6,14,華南永昌-高雄,2023-02-21,9303
3046,建��,19,5,14,華南永昌-高雄,2023-02-21,9303
2851,中再保,13,0,13,華南永昌-高雄,2023-02-21,9303
8171,天宇,37,25,12,華南永昌-高雄,2023-02-21,9303
0056,元大高股息,14,3,11,華南永昌-高雄,2023-02-21,9303
8358,金居,17,6,11,華南永昌-高雄,2023-02-21,9303
00760B,復華新興企業債,11,0,11,華南永昌-高雄,2023-02-21,9303
2882,國泰金,23,12,11,華南永昌-高雄,2023-02-21,9303
4113,聯上,15,4,11,華南永昌-高雄,2023-02-21,9303
4961,天鈺,21,10,11,華南永昌-高雄,2023-02-21,9303
5608,四維航,14,3,11,華南永昌-高雄,2023-02-21,9303
5309,系統電,19,8,11,華南永昌-高雄,2023-02-21,9303
2887,台新金,14,3,11,華南永昌-高雄,2023-02-21,9303
4104,佳醫,10,0,10,華南永昌-高雄,2023-02-21,9303
2387,精元,10,0,10,華南永昌-高雄,2023-02-21,9303
00878,國泰永續高股息,246,18,228,華南永昌-高雄,2023-02-22,9303
2376,技嘉,81,2,79,華南永昌-高雄,2023-02-22,9303
4113,聯上,75,0,75,華南永昌-高雄,2023-02-22,9303
2002,中鋼,81,6,75,華南永昌-高雄,2023-02-22,9303
2731,雄獅,76,11,65,華南永昌-高雄,2023-02-22,9303
2884,玉山金,72,10,62,華南永昌-高雄,2023-02-22,9303
2618,長榮航,70,8,62,華南永昌-高雄,2023-02-22,9303
3189,景碩,51,1,50,華南永昌-高雄,2023-02-22,9303
2888,新光金,46,0,46,華南永昌-高雄,2023-02-22,9303
2882,國泰金,46,3,43,華南永昌-高雄,2023-02-22,9303
3035,智原,42,11,31,華南永昌-高雄,2023-02-22,9303
6282,康舒,48,19,29,華南永昌-高雄,2023-02-22,9303
00720B,元大投資級公司債,42,16,26,華南永昌-高雄,2023-02-22,9303
3228,金麗科,27,2,25,華南永昌-高雄,2023-02-22,9303
2867,三商壽,32,7,25,華南永昌-高雄,2023-02-22,9303
2201,裕隆,28,3,25,華南永昌-高雄,2023-02-22,9303
006208,富邦台50,24,0,24,華南永昌-高雄,2023-02-22,9303
1513,中興電,55,33,22,華南永昌-高雄,2023-02-22,9303
00751B,元大AAA至A公司債,38,16,22,華南永昌-高雄,2023-02-22,9303
2706,第一店,21,0,21,華南永昌-高雄,2023-02-22,9303
3037,欣興,22,1,21,華南永昌-高雄,2023-02-22,9303
5512,力麒,51,31,20,華南永昌-高雄,2023-02-22,9303
1527,鑽全,21,1,20,華南永昌-高雄,2023-02-22,9303
3030,德律,20,0,20,華南永昌-高雄,2023-02-22,9303
00679B,元大美債20年,35,17,18,華南永昌-高雄,2023-02-22,9303
2338,光罩,23,5,18,華南永昌-高雄,2023-02-22,9303
1108,幸福,19,1,18,華南永昌-高雄,2023-02-22,9303
2482,連宇,17,0,17,華南永昌-高雄,2023-02-22,9303
00753L,中信中國50正2,17,0,17,華南永昌-高雄,2023-02-22,9303
00893,國泰智能電動車,16,0,16,華南永昌-高雄,2023-02-22,9303
8478,東哥遊艇,26,11,15,華南永昌-高雄,2023-02-22,9303
2454,聯發科,14,0,14,華南永昌-高雄,2023-02-22,9303
2615,萬海,76,62,14,華南永昌-高雄,2023-02-22,9303
00760B,復華新興企業債,14,0,14,華南永昌-高雄,2023-02-22,9303
0056,元大高股息,20,6,14,華南永昌-高雄,2023-02-22,9303
00900,富邦特選高股息30,13,0,13,華南永昌-高雄,2023-02-22,9303
6770,力積電,15,2,13,華南永昌-高雄,2023-02-22,9303
00897,富邦基因免疫生技,13,0,13,華南永昌-高雄,2023-02-22,9303
6244,茂迪,13,0,13,華南永昌-高雄,2023-02-22,9303
2883,凱基金,24,11,13,華南永昌-高雄,2023-02-22,9303
2834,臺企銀,31,18,13,華南永昌-高雄,2023-02-22,9303
1795,美時,17,5,12,華南永昌-高雄,2023-02-22,9303
8261,富鼎,12,0,12,華南永昌-高雄,2023-02-22,9303
1605,華新,44,32,12,華南永昌-高雄,2023-02-22,9303
0050,元大台灣50,12,0,12,華南永昌-高雄,2023-02-22,9303
2892,第一金,15,4,11,華南永昌-高雄,2023-02-22,9303
00898,國泰基因免疫革命,11,0,11,華南永昌-高雄,2023-02-22,9303
2886,兆豐金,14,3,11,華南永昌-高雄,2023-02-22,9303
2457,飛宏,43,32,11,華南永昌-高雄,2023-02-22,9303
00902,中信電池及儲能,10,0,10,華南永昌-高雄,2023-02-22,9303
3481,群創,270,14,256,華南永昌-高雄,2023-02-23,9303
6288,聯嘉,157,2,155,華南永昌-高雄,2023-02-23,9303
8033,雷虎,157,5,152,華南永昌-高雄,2023-02-23,9303
2409,友達,167,25,142,華南永昌-高雄,2023-02-23,9303
2884,玉山金,130,22,108,華南永昌-高雄,2023-02-23,9303
8069,元太,117,9,108,華南永昌-高雄,2023-02-23,9303
00632R,元大台灣50反1,152,50,102,華南永昌-高雄,2023-02-23,9303
6770,力積電,95,3,92,華南永昌-高雄,2023-02-23,9303
8936,國統,143,71,72,華南永昌-高雄,2023-02-23,9303
00642U,期元大S＆P石油,70,0,70,華南永昌-高雄,2023-02-23,9303
6548,長科*,70,0,70,華南永昌-高雄,2023-02-23,9303
2883B,凱基金乙特,70,0,70,華南永昌-高雄,2023-02-23,9303
00903,富邦元宇宙,52,0,52,華南永昌-高雄,2023-02-23,9303
00715L,期街口布蘭特正2,46,0,46,華南永昌-高雄,2023-02-23,9303
4113,聯上,52,12,40,華南永昌-高雄,2023-02-23,9303
3563,牧德,34,0,34,華南永昌-高雄,2023-02-23,9303
2208,台船,53,19,34,華南永昌-高雄,2023-02-23,9303
3092,鴻碩,33,0,33,華南永昌-高雄,2023-02-23,9303
1584,精剛,34,4,30,華南永昌-高雄,2023-02-23,9303
3014,聯陽,32,3,29,華南永昌-高雄,2023-02-23,9303
2482,連宇,74,46,28,華南永昌-高雄,2023-02-23,9303
6582,申豐,26,0,26,華南永昌-高雄,2023-02-23,9303
2344,華邦電,31,5,26,華南永昌-高雄,2023-02-23,9303
2303,聯電,77,52,25,華南永昌-高雄,2023-02-23,9303
00882,中信中國高股息,24,0,24,華南永昌-高雄,2023-02-23,9303
00720B,元大投資級公司債,43,19,24,華南永昌-高雄,2023-02-23,9303
3265,台星科,23,0,23,華南永昌-高雄,2023-02-23,9303
5371,中光電,24,1,23,華南永昌-高雄,2023-02-23,9303
1514,亞力,72,49,23,華南永昌-高雄,2023-02-23,9303
00671R,富邦NASDAQ反1,22,0,22,華南永昌-高雄,2023-02-23,9303
2610,華航,48,26,22,華南永昌-高雄,2023-02-23,9303
2641,正德,25,3,22,華南永昌-高雄,2023-02-23,9303
2743,山富,23,3,20,華南永昌-高雄,2023-02-23,9303
6278,台表科,21,1,20,華南永昌-高雄,2023-02-23,9303
2484,希華,20,0,20,華南永昌-高雄,2023-02-23,9303
2069,運錩,20,0,20,華南永昌-高雄,2023-02-23,9303
6129,普誠,20,1,19,華南永昌-高雄,2023-02-23,9303
2613,中櫃,20,1,19,華南永昌-高雄,2023-02-23,9303
4939,亞電,19,0,19,華南永昌-高雄,2023-02-23,9303
6138,茂達,20,1,19,華南永昌-高雄,2023-02-23,9303
2603,長榮,52,33,19,華南永昌-高雄,2023-02-23,9303
2618,長榮航,44,26,18,華南永昌-高雄,2023-02-23,9303
2705,六福,40,22,18,華南永昌-高雄,2023-02-23,9303
3049,精金,19,1,18,華南永昌-高雄,2023-02-23,9303
3037,欣興,18,1,17,華南永昌-高雄,2023-02-23,9303
6581,鋼聯,17,1,16,華南永昌-高雄,2023-02-23,9303
1609,大亞,16,1,15,華南永昌-高雄,2023-02-23,9303
2457,飛宏,25,11,14,華南永昌-高雄,2023-02-23,9303
00885,富邦越南,32,20,12,華南永昌-高雄,2023-02-23,9303
00676R,富邦臺灣加權反1,12,0,12,華南永昌-高雄,2023-02-23,9303
6733,博晟生醫,205,1,204,華南永昌-高雄,2023-02-24,9303
6548,長科*,111,0,111,華南永昌-高雄,2023-02-24,9303
00637L,元大滬深300正2,116,7,109,華南永昌-高雄,2023-02-24,9303
00712,復華富時不動產,101,0,101,華南永昌-高雄,2023-02-24,9303
2618,長榮航,101,2,99,華南永昌-高雄,2023-02-24,9303
2867,三商壽,60,8,52,華南永昌-高雄,2023-02-24,9303
00878,國泰永續高股息,74,24,50,華南永昌-高雄,2023-02-24,9303
1701,中化,50,0,50,華南永昌-高雄,2023-02-24,9303
2888,新光金,51,2,49,華南永昌-高雄,2023-02-24,9303
3037,欣興,73,28,45,華南永昌-高雄,2023-02-24,9303
6282,康舒,53,8,45,華南永昌-高雄,2023-02-24,9303
6288,聯嘉,45,3,42,華南永昌-高雄,2023-02-24,9303
00662,富邦NASDAQ,40,0,40,華南永昌-高雄,2023-02-24,9303
2610,華航,58,19,39,華南永昌-高雄,2023-02-24,9303
3013,晟銘電,40,3,37,華南永昌-高雄,2023-02-24,9303
3481,群創,45,8,37,華南永昌-高雄,2023-02-24,9303
1584,精剛,44,7,37,華南永昌-高雄,2023-02-24,9303
00715L,期街口布蘭特正2,52,16,36,華南永昌-高雄,2023-02-24,9303
1309,台達化,35,0,35,華南永昌-高雄,2023-02-24,9303
2471,資通,37,4,33,華南永昌-高雄,2023-02-24,9303
2014,中鴻,52,23,29,華南永昌-高雄,2023-02-24,9303
2303,聯電,41,13,28,華南永昌-高雄,2023-02-24,9303
6443,元晶,30,3,27,華南永昌-高雄,2023-02-24,9303
2612,中航,27,1,26,華南永昌-高雄,2023-02-24,9303
3058,立德,25,0,25,華南永昌-高雄,2023-02-24,9303
2317,鴻海,28,4,24,華南永昌-高雄,2023-02-24,9303
8088,品安,23,1,22,華南永昌-高雄,2023-02-24,9303
00650L,復華香港正2,22,0,22,華南永昌-高雄,2023-02-24,9303
8074,鉅橡,21,0,21,華南永昌-高雄,2023-02-24,9303
2376,技嘉,24,3,21,華南永昌-高雄,2023-02-24,9303
2023,燁輝,20,0,20,華南永昌-高雄,2023-02-24,9303
4967,十銓,23,3,20,華南永昌-高雄,2023-02-24,9303
00902,中信電池及儲能,20,0,20,華南永昌-高雄,2023-02-24,9303
00907,永豐優息存股,21,1,20,華南永昌-高雄,2023-02-24,9303
2601,益航,29,10,19,華南永昌-高雄,2023-02-24,9303
2312,金寶,30,12,18,華南永昌-高雄,2023-02-24,9303
6235,華孚,31,13,18,華南永昌-高雄,2023-02-24,9303
8936,國統,49,31,18,華南永昌-高雄,2023-02-24,9303
2884,玉山金,22,5,17,華南永昌-高雄,2023-02-24,9303
4979,華星光,21,4,17,華南永昌-高雄,2023-02-24,9303
4919,新唐,20,4,16,華南永昌-高雄,2023-02-24,9303
8940,新天地,18,2,16,華南永昌-高雄,2023-02-24,9303
3011,今皓,15,0,15,華南永昌-高雄,2023-02-24,9303
2481,強茂,21,6,15,華南永昌-高雄,2023-02-24,9303
9802,鈺齊-KY,20,6,14,華南永昌-高雄,2023-02-24,9303
00753L,中信中國50正2,13,0,13,華南永昌-高雄,2023-02-24,9303
1795,美時,16,3,13,華南永昌-高雄,2023-02-24,9303
2883,凱基金,39,26,13,華南永昌-高雄,2023-02-24,9303
3141,晶宏,13,0,13,華南永昌-高雄,2023-02-24,9303
4989,榮科,13,0,13,華南永昌-高雄,2023-02-24,9303
00878,國泰永續高股息,545,261,284,華南永昌-高雄,2023-03-01,9303
1605,華新,124,44,80,華南永昌-高雄,2023-03-01,9303
2618,長榮航,65,1,64,華南永昌-高雄,2023-03-01,9303
2637,慧洋-KY,68,11,57,華南永昌-高雄,2023-03-01,9303
2882,國泰金,60,4,56,華南永昌-高雄,2023-03-01,9303
2888,新光金,55,0,55,華南永昌-高雄,2023-03-01,9303
1219,福壽,65,18,47,華南永昌-高雄,2023-03-01,9303
6266,泰詠,46,3,43,華南永昌-高雄,2023-03-01,9303
2634,漢翔,41,0,41,華南永昌-高雄,2023-03-01,9303
4763,材料-KY,66,26,40,華南永昌-高雄,2023-03-01,9303
00712,復華富時不動產,35,0,35,華南永昌-高雄,2023-03-01,9303
5608,四維航,95,64,31,華南永昌-高雄,2023-03-01,9303
2108,南帝,30,0,30,華南永昌-高雄,2023-03-01,9303
3052,夆典,40,10,30,華南永昌-高雄,2023-03-01,9303
1101,台泥,38,11,27,華南永昌-高雄,2023-03-01,9303
2609,陽明,55,32,23,華南永昌-高雄,2023-03-01,9303
00713,元大台灣高息低波,21,0,21,華南永昌-高雄,2023-03-01,9303
4113,聯上,22,1,21,華南永昌-高雄,2023-03-01,9303
1718,中纖,20,0,20,華南永昌-高雄,2023-03-01,9303
00650L,復華香港正2,20,0,20,華南永昌-高雄,2023-03-01,9303
5512,力麒,32,14,18,華南永昌-高雄,2023-03-01,9303
4967,十銓,20,3,17,華南永昌-高雄,2023-03-01,9303
00881,國泰台灣5G+,20,3,17,華南永昌-高雄,2023-03-01,9303
2615,萬海,24,7,17,華南永昌-高雄,2023-03-01,9303
2812,台中銀,31,15,16,華南永昌-高雄,2023-03-01,9303
00885,富邦越南,22,6,16,華南永昌-高雄,2023-03-01,9303
6118,建達,34,18,16,華南永昌-高雄,2023-03-01,9303
6741,91APP*-KY,16,0,16,華南永昌-高雄,2023-03-01,9303
2606,裕民,25,10,15,華南永昌-高雄,2023-03-01,9303
0056,元大高股息,37,22,15,華南永昌-高雄,2023-03-01,9303
00753L,中信中國50正2,15,0,15,華南永昌-高雄,2023-03-01,9303
8401,白紗科,15,0,15,華南永昌-高雄,2023-03-01,9303
6547,高端疫苗,15,0,15,華南永昌-高雄,2023-03-01,9303
1314,中石化,14,0,14,華南永昌-高雄,2023-03-01,9303
4147,中裕,17,3,14,華南永昌-高雄,2023-03-01,9303
6285,啟��,14,0,14,華南永昌-高雄,2023-03-01,9303
2201,裕隆,38,24,14,華南永昌-高雄,2023-03-01,9303
2887,台新金,15,2,13,華南永昌-高雄,2023-03-01,9303
00679B,元大美債20年,29,16,13,華南永昌-高雄,2023-03-01,9303
00673R,期元大S＆P原油反1,15,2,13,華南永昌-高雄,2023-03-01,9303
3673,TPK-KY,13,0,13,華南永昌-高雄,2023-03-01,9303
2241,艾姆勒,13,0,13,華南永昌-高雄,2023-03-01,9303
2317,鴻海,18,5,13,華南永昌-高雄,2023-03-01,9303
2722,夏都,26,14,12,華南永昌-高雄,2023-03-01,9303
2206,三陽工業,15,3,12,華南永昌-高雄,2023-03-01,9303
2605,新興,37,25,12,華南永昌-高雄,2023-03-01,9303
1313,聯成,11,0,11,華南永昌-高雄,2023-03-01,9303
8289,泰藝,20,9,11,華南永昌-高雄,2023-03-01,9303
2371,大同,11,0,11,華南永昌-高雄,2023-03-01,9303
8088,品安,31,20,11,華南永昌-高雄,2023-03-01,9303
3481,群創,315,21,294,華南永昌-高雄,2023-03-02,9303
00878,國泰永續高股息,216,79,137,華南永昌-高雄,2023-03-02,9303
8936,國統,76,7,69,華南永昌-高雄,2023-03-02,9303
00676R,富邦臺灣加權反1,62,0,62,華南永昌-高雄,2023-03-02,9303
2881,富邦金,60,1,59,華南永昌-高雄,2023-03-02,9303
1605,華新,152,94,58,華南永昌-高雄,2023-03-02,9303
00679B,元大美債20年,69,17,52,華南永昌-高雄,2023-03-02,9303
00712,復華富時不動產,45,0,45,華南永昌-高雄,2023-03-02,9303
2886,兆豐金,66,22,44,華南永昌-高雄,2023-03-02,9303
3128,昇銳,48,4,44,華南永昌-高雄,2023-03-02,9303
2439,美律,35,0,35,華南永昌-高雄,2023-03-02,9303
6245,立端,34,1,33,華南永昌-高雄,2023-03-02,9303
6578,達邦蛋白,31,1,30,華南永昌-高雄,2023-03-02,9303
2887,台新金,28,0,28,華南永昌-高雄,2023-03-02,9303
6796,晉弘,85,58,27,華南永昌-高雄,2023-03-02,9303
2834,臺企銀,39,15,24,華南永昌-高雄,2023-03-02,9303
2457,飛宏,25,1,24,華南永昌-高雄,2023-03-02,9303
1101,台泥,34,11,23,華南永昌-高雄,2023-03-02,9303
6743,安普新,22,0,22,華南永昌-高雄,2023-03-02,9303
2890,永豐金,32,10,22,華南永昌-高雄,2023-03-02,9303
2359,所羅門,21,0,21,華南永昌-高雄,2023-03-02,9303
9802,鈺齊-KY,20,0,20,華南永昌-高雄,2023-03-02,9303
6799,來頡,46,26,20,華南永昌-高雄,2023-03-02,9303
2340,台亞,21,3,18,華南永昌-高雄,2023-03-02,9303
2641,正德,64,46,18,華南永昌-高雄,2023-03-02,9303
00686R,群益臺灣加權反1,17,0,17,華南永昌-高雄,2023-03-02,9303
2201,裕隆,45,30,15,華南永昌-高雄,2023-03-02,9303
2393,億光,15,0,15,華南永昌-高雄,2023-03-02,9303
5608,四維航,50,35,15,華南永昌-高雄,2023-03-02,9303
5512,力麒,36,22,14,華南永昌-高雄,2023-03-02,9303
2637,慧洋-KY,26,13,13,華南永昌-高雄,2023-03-02,9303
2732,六角,14,1,13,華南永昌-高雄,2023-03-02,9303
00900,富邦特選高股息30,13,1,12,華南永昌-高雄,2023-03-02,9303
00897,富邦基因免疫生技,12,0,12,華南永昌-高雄,2023-03-02,9303
2885,元大金,11,0,11,華南永昌-高雄,2023-03-02,9303
00885,富邦越南,16,5,11,華南永昌-高雄,2023-03-02,9303
2812,台中銀,11,0,11,華南永昌-高雄,2023-03-02,9303
6550,北極星藥業-KY,15,5,10,華南永昌-高雄,2023-03-02,9303
2498,宏達電,26,16,10,華南永昌-高雄,2023-03-02,9303
6841,長佳智能,15,5,10,華南永昌-高雄,2023-03-02,9303
2801,彰銀,10,0,10,華南永昌-高雄,2023-03-02,9303
00637L,元大滬深300正2,12,2,10,華南永昌-高雄,2023-03-02,9303
2354,鴻準,10,0,10,華南永昌-高雄,2023-03-02,9303
00903,富邦元宇宙,10,0,10,華南永昌-高雄,2023-03-02,9303
2458,義隆,10,0,10,華南永昌-高雄,2023-03-02,9303
6279,胡連,10,0,10,華南永昌-高雄,2023-03-02,9303
00632R,元大台灣50反1,8,0,8,華南永昌-高雄,2023-03-02,9303
3027,盛達,10,2,8,華南永昌-高雄,2023-03-02,9303
4164,承業醫,8,0,8,華南永昌-高雄,2023-03-02,9303
5450,南良,7,0,7,華南永昌-高雄,2023-03-02,9303
00632R,元大台灣50反1,500,50,450,華南永昌-高雄,2023-03-03,9303
6411,晶焱,235,8,227,華南永昌-高雄,2023-03-03,9303
8033,雷虎,125,21,104,華南永昌-高雄,2023-03-03,9303
2344,華邦電,171,78,93,華南永昌-高雄,2023-03-03,9303
3356,奇偶,91,12,79,華南永昌-高雄,2023-03-03,9303
00679B,元大美債20年,106,37,69,華南永昌-高雄,2023-03-03,9303
00713,元大台灣高息低波,70,1,69,華南永昌-高雄,2023-03-03,9303
1528,恩德,51,1,50,華南永昌-高雄,2023-03-03,9303
2845,遠東銀,54,5,49,華南永昌-高雄,2023-03-03,9303
2482,連宇,73,26,47,華南永昌-高雄,2023-03-03,9303
8936,國統,45,11,34,華南永昌-高雄,2023-03-03,9303
8112,至上,37,8,29,華南永昌-高雄,2023-03-03,9303
8227,巨有科技,31,5,26,華南永昌-高雄,2023-03-03,9303
8069,元太,33,9,24,華南永昌-高雄,2023-03-03,9303
0056,元大高股息,40,17,23,華南永昌-高雄,2023-03-03,9303
2707,晶華,25,2,23,華南永昌-高雄,2023-03-03,9303
5353,台林,24,2,22,華南永昌-高雄,2023-03-03,9303
00712,復華富時不動產,22,0,22,華南永昌-高雄,2023-03-03,9303
3231,緯創,28,8,20,華南永昌-高雄,2023-03-03,9303
2444,兆勁,20,0,20,華南永昌-高雄,2023-03-03,9303
2834,臺企銀,21,1,20,華南永昌-高雄,2023-03-03,9303
2884,玉山金,19,1,18,華南永昌-高雄,2023-03-03,9303
00881,國泰台灣5G+,18,0,18,華南永昌-高雄,2023-03-03,9303
1708,東鹼,38,21,17,華南永昌-高雄,2023-03-03,9303
2634,漢翔,16,0,16,華南永昌-高雄,2023-03-03,9303
1712,興農,16,0,16,華南永昌-高雄,2023-03-03,9303
2601,益航,17,1,16,華南永昌-高雄,2023-03-03,9303
1909,榮成,16,0,16,華南永昌-高雄,2023-03-03,9303
1103,嘉泥,16,0,16,華南永昌-高雄,2023-03-03,9303
1810,和成,20,5,15,華南永昌-高雄,2023-03-03,9303
1709,和益,14,0,14,華南永昌-高雄,2023-03-03,9303
2498,宏達電,28,15,13,華南永昌-高雄,2023-03-03,9303
6288,聯嘉,15,2,13,華南永昌-高雄,2023-03-03,9303
3011,今皓,13,0,13,華南永昌-高雄,2023-03-03,9303
2492,華新科,17,4,13,華南永昌-高雄,2023-03-03,9303
1219,福壽,28,15,13,華南永昌-高雄,2023-03-03,9303
8043,蜜望實,18,5,13,華南永昌-高雄,2023-03-03,9303
9907,統一實,16,4,12,華南永昌-高雄,2023-03-03,9303
1514,亞力,35,23,12,華南永昌-高雄,2023-03-03,9303
2748,雲品,13,1,12,華南永昌-高雄,2023-03-03,9303
6488,環球晶,13,2,11,華南永昌-高雄,2023-03-03,9303
2897,王道銀行,11,0,11,華南永昌-高雄,2023-03-03,9303
6589,台康生技,11,0,11,華南永昌-高雄,2023-03-03,9303
2002,中鋼,11,0,11,華南永昌-高雄,2023-03-03,9303
3141,晶宏,18,8,10,華南永昌-高雄,2023-03-03,9303
1718,中纖,10,0,10,華南永昌-高雄,2023-03-03,9303
2723,美食-KY,10,0,10,華南永昌-高雄,2023-03-03,9303
8234,新漢,15,5,10,華南永昌-高雄,2023-03-03,9303
6189,豐藝,12,2,10,華南永昌-高雄,2023-03-03,9303
3630,新鉅科,10,0,10,華南永昌-高雄,2023-03-03,9303
2883B,凱基金乙特,200,0,200,華南永昌-高雄,2023-03-06,9303
00632R,元大台灣50反1,264,90,174,華南永昌-高雄,2023-03-06,9303
00673R,期元大S＆P原油反1,160,0,160,華南永昌-高雄,2023-03-06,9303
0056,元大高股息,183,24,159,華南永昌-高雄,2023-03-06,9303
8936,國統,232,115,117,華南永昌-高雄,2023-03-06,9303
4113,聯上,70,0,70,華南永昌-高雄,2023-03-06,9303
2105,正新,68,3,65,華南永昌-高雄,2023-03-06,9303
2337,旺宏,61,4,57,華南永昌-高雄,2023-03-06,9303
00753L,中信中國50正2,50,0,50,華南永昌-高雄,2023-03-06,9303
2444,兆勁,64,20,44,華南永昌-高雄,2023-03-06,9303
5905,南仁湖,45,2,43,華南永昌-高雄,2023-03-06,9303
3128,昇銳,98,56,42,華南永昌-高雄,2023-03-06,9303
8401,白紗科,40,0,40,華南永昌-高雄,2023-03-06,9303
8222,寶一,37,5,32,華南永昌-高雄,2023-03-06,9303
4754,國碳科,32,0,32,華南永昌-高雄,2023-03-06,9303
3006,晶豪科,42,13,29,華南永昌-高雄,2023-03-06,9303
3630,新鉅科,50,22,28,華南永昌-高雄,2023-03-06,9303
4919,新唐,63,36,27,華南永昌-高雄,2023-03-06,9303
4108,懷特,25,0,25,華南永昌-高雄,2023-03-06,9303
5512,力麒,24,0,24,華南永昌-高雄,2023-03-06,9303
6122,擎邦,25,1,24,華南永昌-高雄,2023-03-06,9303
1708,東鹼,25,2,23,華南永昌-高雄,2023-03-06,9303
6182,合晶,24,2,22,華南永昌-高雄,2023-03-06,9303
6770,力積電,371,350,21,華南永昌-高雄,2023-03-06,9303
8038,長園科,20,0,20,華南永昌-高雄,2023-03-06,9303
6129,普誠,21,1,20,華南永昌-高雄,2023-03-06,9303
2890,永豐金,26,7,19,華南永昌-高雄,2023-03-06,9303
2356,英業達,20,2,18,華南永昌-高雄,2023-03-06,9303
1514,亞力,36,18,18,華南永昌-高雄,2023-03-06,9303
6411,晶焱,59,42,17,華南永昌-高雄,2023-03-06,9303
2313,華通,17,0,17,華南永昌-高雄,2023-03-06,9303
1103,嘉泥,16,0,16,華南永昌-高雄,2023-03-06,9303
6191,精成科,25,9,16,華南永昌-高雄,2023-03-06,9303
6282,康舒,87,71,16,華南永昌-高雄,2023-03-06,9303
3265,台星科,21,6,15,華南永昌-高雄,2023-03-06,9303
00903,富邦元宇宙,15,0,15,華南永昌-高雄,2023-03-06,9303
4953,緯軟,15,1,14,華南永昌-高雄,2023-03-06,9303
00900,富邦特選高股息30,15,2,13,華南永昌-高雄,2023-03-06,9303
2388,威盛,29,16,13,華南永昌-高雄,2023-03-06,9303
4707,磐亞,12,0,12,華南永昌-高雄,2023-03-06,9303
5309,系統電,16,4,12,華南永昌-高雄,2023-03-06,9303
4167,松瑞藥,12,0,12,華南永昌-高雄,2023-03-06,9303
2891,中信金,14,2,12,華南永昌-高雄,2023-03-06,9303
4534,慶騰,12,1,11,華南永昌-高雄,2023-03-06,9303
5222,全訊,12,1,11,華南永昌-高雄,2023-03-06,9303
6117,迎廣,10,0,10,華南永昌-高雄,2023-03-06,9303
1608,華榮,10,0,10,華南永昌-高雄,2023-03-06,9303
3454,晶睿,20,10,10,華南永昌-高雄,2023-03-06,9303
4744,皇將,10,0,10,華南永昌-高雄,2023-03-06,9303
3147,大綜,13,3,10,華南永昌-高雄,2023-03-06,9303
00632R,元大台灣50反1,306,53,253,華南永昌-高雄,2023-03-07,9303
00673R,期元大S＆P原油反1,151,0,151,華南永昌-高雄,2023-03-07,9303
2313,華通,151,13,138,華南永昌-高雄,2023-03-07,9303
2867,三商壽,106,0,106,華南永昌-高雄,2023-03-07,9303
00885,富邦越南,109,5,104,華南永昌-高雄,2023-03-07,9303
2884,玉山金,115,16,99,華南永昌-高雄,2023-03-07,9303
3362,先進光,102,35,67,華南永昌-高雄,2023-03-07,9303
2801,彰銀,66,1,65,華南永昌-高雄,2023-03-07,9303
4526,東台,62,3,59,華南永昌-高雄,2023-03-07,9303
2002,中鋼,71,19,52,華南永昌-高雄,2023-03-07,9303
2883B,凱基金乙特,50,0,50,華南永昌-高雄,2023-03-07,9303
3013,晟銘電,46,4,42,華南永昌-高雄,2023-03-07,9303
2023,燁輝,40,0,40,華南永昌-高雄,2023-03-07,9303
00637L,元大滬深300正2,45,14,31,華南永昌-高雄,2023-03-07,9303
3037,欣興,59,30,29,華南永昌-高雄,2023-03-07,9303
8069,元太,54,25,29,華南永昌-高雄,2023-03-07,9303
1584,精剛,43,15,28,華南永昌-高雄,2023-03-07,9303
3019,亞光,42,16,26,華南永昌-高雄,2023-03-07,9303
2482,連宇,56,31,25,華南永昌-高雄,2023-03-07,9303
2484,希華,24,0,24,華南永昌-高雄,2023-03-07,9303
6235,華孚,49,25,24,華南永昌-高雄,2023-03-07,9303
3059,華晶科,24,2,22,華南永昌-高雄,2023-03-07,9303
2851,中再保,22,0,22,華南永昌-高雄,2023-03-07,9303
5258,虹堡,45,24,21,華南永昌-高雄,2023-03-07,9303
5243,乙盛-KY,21,1,20,華南永昌-高雄,2023-03-07,9303
2332,友訊,20,0,20,華南永昌-高雄,2023-03-07,9303
2371,大同,145,125,20,華南永昌-高雄,2023-03-07,9303
3062,建漢,20,0,20,華南永昌-高雄,2023-03-07,9303
2617,台航,29,10,19,華南永昌-高雄,2023-03-07,9303
1718,中纖,20,2,18,華南永昌-高雄,2023-03-07,9303
2337,旺宏,17,0,17,華南永昌-高雄,2023-03-07,9303
2243,宏旭-KY,18,2,16,華南永昌-高雄,2023-03-07,9303
1519,華城,38,22,16,華南永昌-高雄,2023-03-07,9303
5512,力麒,14,1,13,華南永昌-高雄,2023-03-07,9303
3317,尼克森,13,0,13,華南永昌-高雄,2023-03-07,9303
3576,聯合再生,12,0,12,華南永昌-高雄,2023-03-07,9303
2323,中環,12,0,12,華南永昌-高雄,2023-03-07,9303
00725B,國泰投資級公司債,16,4,12,華南永昌-高雄,2023-03-07,9303
8070,長華*,12,0,12,華南永昌-高雄,2023-03-07,9303
2609,陽明,38,26,12,華南永昌-高雄,2023-03-07,9303
8222,寶一,12,0,12,華南永昌-高雄,2023-03-07,9303
3714,富采,14,2,12,華南永昌-高雄,2023-03-07,9303
2618,長榮航,12,1,11,華南永昌-高雄,2023-03-07,9303
2641,正德,12,1,11,華南永昌-高雄,2023-03-07,9303
2444,兆勁,11,0,11,華南永昌-高雄,2023-03-07,9303
1810,和成,11,0,11,華南永昌-高雄,2023-03-07,9303
8234,新漢,11,0,11,華南永昌-高雄,2023-03-07,9303
4967,十銓,11,1,10,華南永昌-高雄,2023-03-07,9303
1909,榮成,11,1,10,華南永昌-高雄,2023-03-07,9303
00900,富邦特選高股息30,12,2,10,華南永昌-高雄,2023-03-07,9303
1308,亞聚,200,0,200,華南永昌-高雄,2023-03-08,9303
3029,零壹,173,49,124,華南永昌-高雄,2023-03-08,9303
4956,光鋐,110,2,108,華南永昌-高雄,2023-03-08,9303
00637L,元大滬深300正2,72,8,64,華南永昌-高雄,2023-03-08,9303
6547,高端疫苗,60,1,59,華南永昌-高雄,2023-03-08,9303
00878,國泰永續高股息,306,253,53,華南永昌-高雄,2023-03-08,9303
2883B,凱基金乙特,50,1,49,華南永昌-高雄,2023-03-08,9303
2482,連宇,56,7,49,華南永昌-高雄,2023-03-08,9303
1101,台泥,52,4,48,華南永昌-高雄,2023-03-08,9303
6770,力積電,57,13,44,華南永昌-高雄,2023-03-08,9303
2027,大成鋼,68,27,41,華南永昌-高雄,2023-03-08,9303
00713,元大台灣高息低波,43,2,41,華南永昌-高雄,2023-03-08,9303
2609,陽明,45,9,36,華南永昌-高雄,2023-03-08,9303
3289,宜特,43,7,36,華南永昌-高雄,2023-03-08,9303
2606,裕民,38,4,34,華南永昌-高雄,2023-03-08,9303
2371,大同,51,17,34,華南永昌-高雄,2023-03-08,9303
2890,永豐金,32,1,31,華南永昌-高雄,2023-03-08,9303
2610,華航,32,1,31,華南永昌-高雄,2023-03-08,9303
9907,統一實,41,11,30,華南永昌-高雄,2023-03-08,9303
2851,中再保,30,0,30,華南永昌-高雄,2023-03-08,9303
1514,亞力,44,15,29,華南永昌-高雄,2023-03-08,9303
2014,中鴻,30,3,27,華南永昌-高雄,2023-03-08,9303
2607,榮運,28,1,27,華南永昌-高雄,2023-03-08,9303
6234,高僑,27,1,26,華南永昌-高雄,2023-03-08,9303
0056,元大高股息,39,14,25,華南永昌-高雄,2023-03-08,9303
2634,漢翔,98,74,24,華南永昌-高雄,2023-03-08,9303
2891,中信金,22,0,22,華南永昌-高雄,2023-03-08,9303
2603,長榮,27,6,21,華南永昌-高雄,2023-03-08,9303
2354,鴻準,82,61,21,華南永昌-高雄,2023-03-08,9303
2208,台船,42,21,21,華南永昌-高雄,2023-03-08,9303
5439,高技,20,0,20,華南永昌-高雄,2023-03-08,9303
1618,合機,20,0,20,華南永昌-高雄,2023-03-08,9303
2356,英業達,35,15,20,華南永昌-高雄,2023-03-08,9303
00665L,富邦�琤肭磪囓�2,19,0,19,華南永昌-高雄,2023-03-08,9303
1519,華城,50,32,18,華南永昌-高雄,2023-03-08,9303
00900,富邦特選高股息30,21,3,18,華南永昌-高雄,2023-03-08,9303
00712,復華富時不動產,18,0,18,華南永昌-高雄,2023-03-08,9303
1605,華新,68,50,18,華南永昌-高雄,2023-03-08,9303
6799,來頡,19,1,18,華南永昌-高雄,2023-03-08,9303
2498,宏達電,35,18,17,華南永昌-高雄,2023-03-08,9303
5284,jpp-KY,21,5,16,華南永昌-高雄,2023-03-08,9303
2880,華南金,16,0,16,華南永昌-高雄,2023-03-08,9303
2201,裕隆,20,5,15,華南永昌-高雄,2023-03-08,9303
8163,達方,23,8,15,華南永昌-高雄,2023-03-08,9303
6108,競國,14,0,14,華南永昌-高雄,2023-03-08,9303
2601,益航,15,1,14,華南永昌-高雄,2023-03-08,9303
3265,台星科,20,6,14,華南永昌-高雄,2023-03-08,9303
4722,國精化,14,0,14,華南永昌-高雄,2023-03-08,9303
6470,宇智,22,8,14,華南永昌-高雄,2023-03-08,9303
6469,大樹,15,2,13,華南永昌-高雄,2023-03-08,9303
2884,玉山金,254,28,226,華南永昌-高雄,2023-03-09,9303
1308,亞聚,218,0,218,華南永昌-高雄,2023-03-09,9303
6470,宇智,192,36,156,華南永昌-高雄,2023-03-09,9303
2610,華航,232,81,151,華南永昌-高雄,2023-03-09,9303
00878,國泰永續高股息,116,7,109,華南永昌-高雄,2023-03-09,9303
3046,建��,134,30,104,華南永昌-高雄,2023-03-09,9303
2453,凌群,105,16,89,華南永昌-高雄,2023-03-09,9303
9907,統一實,77,0,77,華南永昌-高雄,2023-03-09,9303
3481,群創,66,0,66,華南永昌-高雄,2023-03-09,9303
2313,華通,64,2,62,華南永昌-高雄,2023-03-09,9303
8936,國統,293,235,58,華南永昌-高雄,2023-03-09,9303
6226,光鼎,55,0,55,華南永昌-高雄,2023-03-09,9303
2891,中信金,52,0,52,華南永昌-高雄,2023-03-09,9303
1314,中石化,52,1,51,華南永昌-高雄,2023-03-09,9303
00637L,元大滬深300正2,50,7,43,華南永昌-高雄,2023-03-09,9303
4956,光鋐,43,0,43,華南永昌-高雄,2023-03-09,9303
5512,力麒,43,1,42,華南永昌-高雄,2023-03-09,9303
1101,台泥,47,9,38,華南永昌-高雄,2023-03-09,9303
1905,華紙,37,0,37,華南永昌-高雄,2023-03-09,9303
6116,彩晶,37,0,37,華南永昌-高雄,2023-03-09,9303
3029,零壹,70,36,34,華南永昌-高雄,2023-03-09,9303
8222,寶一,59,26,33,華南永昌-高雄,2023-03-09,9303
2002,中鋼,33,0,33,華南永昌-高雄,2023-03-09,9303
5543,桓鼎-KY,29,0,29,華南永昌-高雄,2023-03-09,9303
3380,明泰,33,4,29,華南永昌-高雄,2023-03-09,9303
3005,神基,28,2,26,華南永昌-高雄,2023-03-09,9303
8227,巨有科技,30,4,26,華南永昌-高雄,2023-03-09,9303
3013,晟銘電,35,9,26,華南永昌-高雄,2023-03-09,9303
2409,友達,24,0,24,華南永昌-高雄,2023-03-09,9303
2457,飛宏,63,39,24,華南永昌-高雄,2023-03-09,9303
1528,恩德,31,8,23,華南永昌-高雄,2023-03-09,9303
8171,天宇,23,1,22,華南永昌-高雄,2023-03-09,9303
6217,中探針,27,6,21,華南永昌-高雄,2023-03-09,9303
2801,彰銀,20,0,20,華南永昌-高雄,2023-03-09,9303
4903,聯光通,20,0,20,華南永昌-高雄,2023-03-09,9303
2317,鴻海,22,3,19,華南永昌-高雄,2023-03-09,9303
8046,南電,22,4,18,華南永昌-高雄,2023-03-09,9303
1609,大亞,19,1,18,華南永昌-高雄,2023-03-09,9303
9962,有益,20,2,18,華南永昌-高雄,2023-03-09,9303
00897,富邦基因免疫生技,17,0,17,華南永昌-高雄,2023-03-09,9303
9904,寶成,18,1,17,華南永昌-高雄,2023-03-09,9303
2368,金像電,20,4,16,華南永昌-高雄,2023-03-09,9303
2017,官田鋼,16,0,16,華南永昌-高雄,2023-03-09,9303
3323,加百裕,16,0,16,華南永昌-高雄,2023-03-09,9303
1504,東元,40,24,16,華南永昌-高雄,2023-03-09,9303
5609,中菲行,15,0,15,華南永昌-高雄,2023-03-09,9303
00713,元大台灣高息低波,16,1,15,華南永昌-高雄,2023-03-09,9303
2344,華邦電,45,30,15,華南永昌-高雄,2023-03-09,9303
00712,復華富時不動產,15,0,15,華南永昌-高雄,2023-03-09,9303
2359,所羅門,48,33,15,華南永昌-高雄,2023-03-09,9303
3481,群創,378,80,298,華南永昌-高雄,2023-03-10,9303
00878,國泰永續高股息,643,417,226,華南永昌-高雄,2023-03-10,9303
2887,台新金,156,10,146,華南永昌-高雄,2023-03-10,9303
2323,中環,109,9,100,華南永昌-高雄,2023-03-10,9303
0056,元大高股息,98,1,97,華南永昌-高雄,2023-03-10,9303
00715L,期街口布蘭特正2,93,0,93,華南永昌-高雄,2023-03-10,9303
2883,凱基金,89,4,85,華南永昌-高雄,2023-03-10,9303
9907,統一實,82,1,81,華南永昌-高雄,2023-03-10,9303
2105,正新,80,0,80,華南永昌-高雄,2023-03-10,9303
00713,元大台灣高息低波,77,1,76,華南永昌-高雄,2023-03-10,9303
2884,玉山金,84,10,74,華南永昌-高雄,2023-03-10,9303
2453,凌群,125,58,67,華南永昌-高雄,2023-03-10,9303
2618,長榮航,69,4,65,華南永昌-高雄,2023-03-10,9303
2891,中信金,62,0,62,華南永昌-高雄,2023-03-10,9303
2030,彰源,50,0,50,華南永昌-高雄,2023-03-10,9303
1560,中砂,47,0,47,華南永昌-高雄,2023-03-10,9303
3444,利機,57,13,44,華南永昌-高雄,2023-03-10,9303
2851,中再保,41,0,41,華南永昌-高雄,2023-03-10,9303
0050,元大台灣50,39,0,39,華南永昌-高雄,2023-03-10,9303
2344,華邦電,50,12,38,華南永昌-高雄,2023-03-10,9303
2243,宏旭-KY,38,0,38,華南永昌-高雄,2023-03-10,9303
1605,華新,61,23,38,華南永昌-高雄,2023-03-10,9303
1416,廣豐,33,1,32,華南永昌-高雄,2023-03-10,9303
2014,中鴻,32,0,32,華南永昌-高雄,2023-03-10,9303
2027,大成鋼,35,4,31,華南永昌-高雄,2023-03-10,9303
2882,國泰金,31,0,31,華南永昌-高雄,2023-03-10,9303
00923,群益台ESG低碳50,39,10,29,華南永昌-高雄,2023-03-10,9303
8069,元太,32,4,28,華南永昌-高雄,2023-03-10,9303
6733,博晟生醫,28,0,28,華南永昌-高雄,2023-03-10,9303
5543,桓鼎-KY,27,0,27,華南永昌-高雄,2023-03-10,9303
5512,力麒,27,1,26,華南永昌-高雄,2023-03-10,9303
4722,國精化,25,0,25,華南永昌-高雄,2023-03-10,9303
2354,鴻準,24,0,24,華南永昌-高雄,2023-03-10,9303
2885,元大金,23,0,23,華南永昌-高雄,2023-03-10,9303
6753,龍德造船,25,2,23,華南永昌-高雄,2023-03-10,9303
2612,中航,22,0,22,華南永昌-高雄,2023-03-10,9303
2201,裕隆,82,61,21,華南永昌-高雄,2023-03-10,9303
6531,愛普*,27,7,20,華南永昌-高雄,2023-03-10,9303
3265,台星科,23,3,20,華南永昌-高雄,2023-03-10,9303
2028,威致,20,0,20,華南永昌-高雄,2023-03-10,9303
00773B,中信優先金融債,20,0,20,華南永昌-高雄,2023-03-10,9303
2313,華通,19,0,19,華南永昌-高雄,2023-03-10,9303
1609,大亞,28,9,19,華南永昌-高雄,2023-03-10,9303
8112,至上,18,1,17,華南永昌-高雄,2023-03-10,9303
6285,啟��,19,2,17,華南永昌-高雄,2023-03-10,9303
00642U,期元大S＆P石油,17,0,17,華南永昌-高雄,2023-03-10,9303
5876,上海商銀,18,1,17,華南永昌-高雄,2023-03-10,9303
2880,華南金,37,20,17,華南永昌-高雄,2023-03-10,9303
2342,茂矽,16,0,16,華南永昌-高雄,2023-03-10,9303
9945,潤泰新,18,2,16,華南永昌-高雄,2023-03-10,9303
00878,國泰永續高股息,867,695,172,華南永昌-高雄,2023-03-13,9303
2801,彰銀,103,0,103,華南永昌-高雄,2023-03-13,9303
2884,玉山金,97,13,84,華南永昌-高雄,2023-03-13,9303
2609,陽明,122,71,51,華南永昌-高雄,2023-03-13,9303
3703,欣陸,57,10,47,華南永昌-高雄,2023-03-13,9303
00632R,元大台灣50反1,55,8,47,華南永昌-高雄,2023-03-13,9303
3017,奇鋐,38,0,38,華南永昌-高雄,2023-03-13,9303
0056,元大高股息,48,12,36,華南永昌-高雄,2023-03-13,9303
3714,富采,33,0,33,華南永昌-高雄,2023-03-13,9303
1440,南紡,31,0,31,華南永昌-高雄,2023-03-13,9303
2886,兆豐金,35,6,29,華南永昌-高雄,2023-03-13,9303
00671R,富邦NASDAQ反1,28,0,28,華南永昌-高雄,2023-03-13,9303
6770,力積電,59,33,26,華南永昌-高雄,2023-03-13,9303
3682,亞太電,25,0,25,華南永昌-高雄,2023-03-13,9303
2888,新光金,47,22,25,華南永昌-高雄,2023-03-13,9303
4564,元翎,24,0,24,華南永昌-高雄,2023-03-13,9303
6234,高僑,27,3,24,華南永昌-高雄,2023-03-13,9303
00713,元大台灣高息低波,24,0,24,華南永昌-高雄,2023-03-13,9303
2482,連宇,44,21,23,華南永昌-高雄,2023-03-13,9303
00772B,中信高評級公司債,51,30,21,華南永昌-高雄,2023-03-13,9303
2845,遠東銀,21,1,20,華南永昌-高雄,2023-03-13,9303
2881,富邦金,20,0,20,華南永昌-高雄,2023-03-13,9303
3234,光環,20,0,20,華南永昌-高雄,2023-03-13,9303
2103,台橡,20,0,20,華南永昌-高雄,2023-03-13,9303
2014,中鴻,33,14,19,華南永昌-高雄,2023-03-13,9303
6016,康和證,20,1,19,華南永昌-高雄,2023-03-13,9303
1313,聯成,17,0,17,華南永昌-高雄,2023-03-13,9303
2607,榮運,17,0,17,華南永昌-高雄,2023-03-13,9303
5309,系統電,17,0,17,華南永昌-高雄,2023-03-13,9303
00720B,元大投資級公司債,33,16,17,華南永昌-高雄,2023-03-13,9303
2834,臺企銀,26,10,16,華南永昌-高雄,2023-03-13,9303
2610,華航,35,19,16,華南永昌-高雄,2023-03-13,9303
2371,大同,24,8,16,華南永昌-高雄,2023-03-13,9303
6245,立端,33,17,16,華南永昌-高雄,2023-03-13,9303
1312,國喬,22,6,16,華南永昌-高雄,2023-03-13,9303
1718,中纖,16,1,15,華南永昌-高雄,2023-03-13,9303
6116,彩晶,15,0,15,華南永昌-高雄,2023-03-13,9303
1516,川飛,15,0,15,華南永昌-高雄,2023-03-13,9303
3666,光耀,15,0,15,華南永昌-高雄,2023-03-13,9303
2634,漢翔,16,2,14,華南永昌-高雄,2023-03-13,9303
2891,中信金,16,2,14,華南永昌-高雄,2023-03-13,9303
6189,豐藝,21,7,14,華南永昌-高雄,2023-03-13,9303
5512,力麒,18,5,13,華南永昌-高雄,2023-03-13,9303
3532,台勝科,13,0,13,華南永昌-高雄,2023-03-13,9303
1701,中化,12,0,12,華南永昌-高雄,2023-03-13,9303
8050,廣積,12,0,12,華南永昌-高雄,2023-03-13,9303
3710,連展投控,12,0,12,華南永昌-高雄,2023-03-13,9303
2409,友達,22,11,11,華南永昌-高雄,2023-03-13,9303
00715L,期街口布蘭特正2,43,32,11,華南永昌-高雄,2023-03-13,9303
2106,建大,11,0,11,華南永昌-高雄,2023-03-13,9303
00878,國泰永續高股息,1310,947,363,華南永昌-高雄,2023-03-14,9303
00715L,期街口布蘭特正2,136,3,133,華南永昌-高雄,2023-03-14,9303
6770,力積電,144,11,133,華南永昌-高雄,2023-03-14,9303
8936,國統,127,3,124,華南永昌-高雄,2023-03-14,9303
2880,華南金,151,31,120,華南永昌-高雄,2023-03-14,9303
3189,景碩,102,1,101,華南永昌-高雄,2023-03-14,9303
2618,長榮航,121,23,98,華南永昌-高雄,2023-03-14,9303
2027,大成鋼,157,71,86,華南永昌-高雄,2023-03-14,9303
2891,中信金,91,10,81,華南永昌-高雄,2023-03-14,9303
1589,永冠-KY,80,0,80,華南永昌-高雄,2023-03-14,9303
1442,名軒,68,0,68,華南永昌-高雄,2023-03-14,9303
2615,萬海,82,18,64,華南永昌-高雄,2023-03-14,9303
2883,凱基金,69,10,59,華南永昌-高雄,2023-03-14,9303
2303,聯電,95,37,58,華南永昌-高雄,2023-03-14,9303
2867,三商壽,51,3,48,華南永昌-高雄,2023-03-14,9303
2834,臺企銀,57,13,44,華南永昌-高雄,2023-03-14,9303
2453,凌群,55,13,42,華南永昌-高雄,2023-03-14,9303
00642U,期元大S＆P石油,39,0,39,華南永昌-高雄,2023-03-14,9303
2409,友達,45,7,38,華南永昌-高雄,2023-03-14,9303
2885,元大金,38,0,38,華南永昌-高雄,2023-03-14,9303
00712,復華富時不動產,37,0,37,華南永昌-高雄,2023-03-14,9303
2888,新光金,36,0,36,華南永昌-高雄,2023-03-14,9303
2845,遠東銀,33,0,33,華南永昌-高雄,2023-03-14,9303
00632R,元大台灣50反1,32,0,32,華南永昌-高雄,2023-03-14,9303
0056,元大高股息,34,2,32,華南永昌-高雄,2023-03-14,9303
00720B,元大投資級公司債,49,18,31,華南永昌-高雄,2023-03-14,9303
8222,寶一,52,21,31,華南永昌-高雄,2023-03-14,9303
2023,燁輝,36,6,30,華南永昌-高雄,2023-03-14,9303
1325,恆大,30,0,30,華南永昌-高雄,2023-03-14,9303
2884,玉山金,64,35,29,華南永昌-高雄,2023-03-14,9303
4763,材料-KY,35,8,27,華南永昌-高雄,2023-03-14,9303
5880,合庫金,24,0,24,華南永昌-高雄,2023-03-14,9303
2637,慧洋-KY,31,8,23,華南永昌-高雄,2023-03-14,9303
2344,華邦電,31,10,21,華南永昌-高雄,2023-03-14,9303
3019,亞光,21,0,21,華南永昌-高雄,2023-03-14,9303
2881,富邦金,21,0,21,華南永昌-高雄,2023-03-14,9303
2801,彰銀,20,0,20,華南永昌-高雄,2023-03-14,9303
00669R,國泰美國道瓊反1,20,0,20,華南永昌-高雄,2023-03-14,9303
00652,富邦印度,20,0,20,華南永昌-高雄,2023-03-14,9303
2889,國票金,23,3,20,華南永昌-高雄,2023-03-14,9303
00773B,中信優先金融債,28,9,19,華南永昌-高雄,2023-03-14,9303
00882,中信中國高股息,18,0,18,華南永昌-高雄,2023-03-14,9303
1907,永豐餘,20,2,18,華南永昌-高雄,2023-03-14,9303
2014,中鴻,18,0,18,華南永昌-高雄,2023-03-14,9303
4958,臻鼎-KY,19,1,18,華南永昌-高雄,2023-03-14,9303
00888,永豐台灣ESG,17,0,17,華南永昌-高雄,2023-03-14,9303
00902,中信電池及儲能,17,0,17,華南永昌-高雄,2023-03-14,9303
00713,元大台灣高息低波,17,0,17,華南永昌-高雄,2023-03-14,9303
2457,飛宏,52,36,16,華南永昌-高雄,2023-03-14,9303
2603,長榮,39,23,16,華南永昌-高雄,2023-03-14,9303
0056,元大高股息,135,5,130,華南永昌-高雄,2023-03-15,9303
8936,國統,119,8,111,華南永昌-高雄,2023-03-15,9303
00715L,期街口布蘭特正2,92,2,90,華南永昌-高雄,2023-03-15,9303
6016,康和證,99,10,89,華南永昌-高雄,2023-03-15,9303
2880,華南金,78,0,78,華南永昌-高雄,2023-03-15,9303
2884,玉山金,84,22,62,華南永昌-高雄,2023-03-15,9303
2891,中信金,62,0,62,華南永昌-高雄,2023-03-15,9303
2887,台新金,59,4,55,華南永昌-高雄,2023-03-15,9303
2603,長榮,125,70,55,華南永昌-高雄,2023-03-15,9303
2888,新光金,52,0,52,華南永昌-高雄,2023-03-15,9303
00671R,富邦NASDAQ反1,82,30,52,華南永昌-高雄,2023-03-15,9303
6770,力積電,54,2,52,華南永昌-高雄,2023-03-15,9303
00878,國泰永續高股息,326,282,44,華南永昌-高雄,2023-03-15,9303
1504,東元,62,21,41,華南永昌-高雄,2023-03-15,9303
2027,大成鋼,54,13,41,華南永昌-高雄,2023-03-15,9303
4207,環泰,40,0,40,華南永昌-高雄,2023-03-15,9303
3189,景碩,40,4,36,華南永昌-高雄,2023-03-15,9303
00720B,元大投資級公司債,51,17,34,華南永昌-高雄,2023-03-15,9303
2889,國票金,42,8,34,華南永昌-高雄,2023-03-15,9303
2609,陽明,92,58,34,華南永昌-高雄,2023-03-15,9303
2610,華航,111,80,31,華南永昌-高雄,2023-03-15,9303
6576,逸達,31,0,31,華南永昌-高雄,2023-03-15,9303
8390,金益鼎,32,1,31,華南永昌-高雄,2023-03-15,9303
00712,復華富時不動產,32,2,30,華南永昌-高雄,2023-03-15,9303
4906,正文,31,2,29,華南永昌-高雄,2023-03-15,9303
00773B,中信優先金融債,48,21,27,華南永昌-高雄,2023-03-15,9303
00772B,中信高評級公司債,90,64,26,華南永昌-高雄,2023-03-15,9303
4960,誠美材,26,0,26,華南永昌-高雄,2023-03-15,9303
2915,潤泰全,34,9,25,華南永昌-高雄,2023-03-15,9303
00642U,期元大S＆P石油,22,0,22,華南永昌-高雄,2023-03-15,9303
2471,資通,20,1,19,華南永昌-高雄,2023-03-15,9303
2883,凱基金,30,11,19,華南永昌-高雄,2023-03-15,9303
2607,榮運,24,5,19,華南永昌-高雄,2023-03-15,9303
2882,國泰金,25,8,17,華南永昌-高雄,2023-03-15,9303
2834,臺企銀,19,2,17,華南永昌-高雄,2023-03-15,9303
2359,所羅門,27,12,15,華南永昌-高雄,2023-03-15,9303
6835,圓裕,15,0,15,華南永昌-高雄,2023-03-15,9303
00903,富邦元宇宙,15,1,14,華南永昌-高雄,2023-03-15,9303
00919,群益台灣精選高息,14,0,14,華南永昌-高雄,2023-03-15,9303
2388,威盛,29,16,13,華南永昌-高雄,2023-03-15,9303
2881,富邦金,14,1,13,華南永昌-高雄,2023-03-15,9303
3481,群創,22,10,12,華南永昌-高雄,2023-03-15,9303
2506,太設,12,0,12,華南永昌-高雄,2023-03-15,9303
5258,虹堡,18,6,12,華南永昌-高雄,2023-03-15,9303
00713,元大台灣高息低波,12,0,12,華南永昌-高雄,2023-03-15,9303
4938,和碩,11,0,11,華南永昌-高雄,2023-03-15,9303
6282,康舒,23,12,11,華南永昌-高雄,2023-03-15,9303
1514,亞力,17,6,11,華南永昌-高雄,2023-03-15,9303
8933,愛地雅,11,0,11,華南永昌-高雄,2023-03-15,9303
00882,中信中國高股息,10,0,10,華南永昌-高雄,2023-03-15,9303
00676R,富邦臺灣加權反1,499,0,499,華南永昌-高雄,2023-03-16,9303
2867,三商壽,238,2,236,華南永昌-高雄,2023-03-16,9303
2834,臺企銀,281,67,214,華南永昌-高雄,2023-03-16,9303
00715L,期街口布蘭特正2,140,21,119,華南永昌-高雄,2023-03-16,9303
2891,中信金,142,26,116,華南永昌-高雄,2023-03-16,9303
2884,玉山金,141,30,111,華南永昌-高雄,2023-03-16,9303
00642U,期元大S＆P石油,91,0,91,華南永昌-高雄,2023-03-16,9303
2880,華南金,112,24,88,華南永昌-高雄,2023-03-16,9303
00669R,國泰美國道瓊反1,80,0,80,華南永昌-高雄,2023-03-16,9303
6547,高端疫苗,81,3,78,華南永昌-高雄,2023-03-16,9303
2888,新光金,93,25,68,華南永昌-高雄,2023-03-16,9303
2609,陽明,94,27,67,華南永昌-高雄,2023-03-16,9303
2634,漢翔,56,1,55,華南永昌-高雄,2023-03-16,9303
6016,康和證,53,0,53,華南永昌-高雄,2023-03-16,9303
6770,力積電,56,3,53,華南永昌-高雄,2023-03-16,9303
2601,益航,51,0,51,華南永昌-高雄,2023-03-16,9303
2027,大成鋼,81,33,48,華南永昌-高雄,2023-03-16,9303
0056,元大高股息,49,3,46,華南永昌-高雄,2023-03-16,9303
00713,元大台灣高息低波,46,0,46,華南永昌-高雄,2023-03-16,9303
1101,台泥,46,0,46,華南永昌-高雄,2023-03-16,9303
5608,四維航,54,8,46,華南永昌-高雄,2023-03-16,9303
1312,國喬,41,0,41,華南永昌-高雄,2023-03-16,9303
3019,亞光,41,2,39,華南永昌-高雄,2023-03-16,9303
2883,凱基金,50,20,30,華南永昌-高雄,2023-03-16,9303
2603,長榮,60,30,30,華南永昌-高雄,2023-03-16,9303
3056,富華新,44,15,29,華南永昌-高雄,2023-03-16,9303
6244,茂迪,31,5,26,華南永昌-高雄,2023-03-16,9303
8933,愛地雅,26,1,25,華南永昌-高雄,2023-03-16,9303
2313,華通,22,0,22,華南永昌-高雄,2023-03-16,9303
2881,富邦金,25,3,22,華南永昌-高雄,2023-03-16,9303
6191,精成科,21,0,21,華南永昌-高雄,2023-03-16,9303
2453,凌群,28,7,21,華南永昌-高雄,2023-03-16,9303
3675,德微,42,21,21,華南永昌-高雄,2023-03-16,9303
2640,大車隊,20,0,20,華南永昌-高雄,2023-03-16,9303
1609,大亞,25,6,19,華南永昌-高雄,2023-03-16,9303
2482,連宇,22,5,17,華南永昌-高雄,2023-03-16,9303
00712,復華富時不動產,21,5,16,華南永昌-高雄,2023-03-16,9303
2732,六角,16,0,16,華南永昌-高雄,2023-03-16,9303
1813,寶利徠,16,0,16,華南永昌-高雄,2023-03-16,9303
2323,中環,15,0,15,華南永昌-高雄,2023-03-16,9303
00905,FT臺灣Smart,14,0,14,華南永昌-高雄,2023-03-16,9303
5009,榮剛,25,12,13,華南永昌-高雄,2023-03-16,9303
1229,聯華,15,2,13,華南永昌-高雄,2023-03-16,9303
4168,醣聯,13,0,13,華南永昌-高雄,2023-03-16,9303
1517,利奇,14,1,13,華南永昌-高雄,2023-03-16,9303
9802,鈺齊-KY,12,0,12,華南永昌-高雄,2023-03-16,9303
2354,鴻準,13,1,12,華南永昌-高雄,2023-03-16,9303
2915,潤泰全,30,18,12,華南永昌-高雄,2023-03-16,9303
9105,泰金寶-DR,12,0,12,華南永昌-高雄,2023-03-16,9303
2243,宏旭-KY,45,33,12,華南永昌-高雄,2023-03-16,9303
2889,國票金,343,3,340,華南永昌-高雄,2023-03-17,9303
2618,長榮航,228,10,218,華南永昌-高雄,2023-03-17,9303
1101,台泥,150,14,136,華南永昌-高雄,2023-03-17,9303
3062,建漢,116,0,116,華南永昌-高雄,2023-03-17,9303
6116,彩晶,107,4,103,華南永昌-高雄,2023-03-17,9303
2891,中信金,102,1,101,華南永昌-高雄,2023-03-17,9303
00712,復華富時不動產,78,1,77,華南永昌-高雄,2023-03-17,9303
00632R,元大台灣50反1,205,131,74,華南永昌-高雄,2023-03-17,9303
2834,臺企銀,94,31,63,華南永昌-高雄,2023-03-17,9303
2812,台中銀,63,1,62,華南永昌-高雄,2023-03-17,9303
2243,宏旭-KY,90,29,61,華南永昌-高雄,2023-03-17,9303
6788,華景電,60,2,58,華南永昌-高雄,2023-03-17,9303
4989,榮科,50,0,50,華南永昌-高雄,2023-03-17,9303
2313,華通,54,8,46,華南永昌-高雄,2023-03-17,9303
8171,天宇,51,5,46,華南永昌-高雄,2023-03-17,9303
00671R,富邦NASDAQ反1,44,0,44,華南永昌-高雄,2023-03-17,9303
3056,富華新,48,7,41,華南永昌-高雄,2023-03-17,9303
5533,皇鼎,40,0,40,華南永昌-高雄,2023-03-17,9303
1907,永豐餘,40,0,40,華南永昌-高雄,2023-03-17,9303
1611,中電,42,4,38,華南永昌-高雄,2023-03-17,9303
2881,富邦金,39,1,38,華南永昌-高雄,2023-03-17,9303
6133,金橋,51,14,37,華南永昌-高雄,2023-03-17,9303
00642U,期元大S＆P石油,36,0,36,華南永昌-高雄,2023-03-17,9303
2105,正新,38,2,36,華南永昌-高雄,2023-03-17,9303
00637L,元大滬深300正2,49,15,34,華南永昌-高雄,2023-03-17,9303
9907,統一實,29,0,29,華南永昌-高雄,2023-03-17,9303
1609,大亞,44,16,28,華南永昌-高雄,2023-03-17,9303
1442,名軒,30,2,28,華南永昌-高雄,2023-03-17,9303
00715L,期街口布蘭特正2,34,6,28,華南永昌-高雄,2023-03-17,9303
3122,笙泉,27,0,27,華南永昌-高雄,2023-03-17,9303
6163,華電網,29,3,26,華南永昌-高雄,2023-03-17,9303
2637,慧洋-KY,29,3,26,華南永昌-高雄,2023-03-17,9303
2376,技嘉,26,1,25,華南永昌-高雄,2023-03-17,9303
0056,元大高股息,31,8,23,華南永昌-高雄,2023-03-17,9303
5483,中美晶,29,6,23,華南永昌-高雄,2023-03-17,9303
2880,華南金,25,4,21,華南永昌-高雄,2023-03-17,9303
00679B,元大美債20年,105,85,20,華南永昌-高雄,2023-03-17,9303
2330,台積電,31,11,20,華南永昌-高雄,2023-03-17,9303
00902,中信電池及儲能,20,0,20,華南永昌-高雄,2023-03-17,9303
5608,四維航,32,13,19,華南永昌-高雄,2023-03-17,9303
6531,愛普*,29,11,18,華南永昌-高雄,2023-03-17,9303
3576,聯合再生,20,2,18,華南永昌-高雄,2023-03-17,9303
3027,盛達,32,14,18,華南永昌-高雄,2023-03-17,9303
3224,三顧,18,0,18,華南永昌-高雄,2023-03-17,9303
2425,承啟,128,111,17,華南永昌-高雄,2023-03-17,9303
2886,兆豐金,15,0,15,華南永昌-高雄,2023-03-17,9303
1586,和勤,23,9,14,華南永昌-高雄,2023-03-17,9303
00713,元大台灣高息低波,14,0,14,華南永昌-高雄,2023-03-17,9303
2890,永豐金,12,1,11,華南永昌-高雄,2023-03-17,9303
2610,華航,33,22,11,華南永昌-高雄,2023-03-17,9303
6244,茂迪,331,83,248,華南永昌-高雄,2023-03-20,9303
2243,宏旭-KY,178,30,148,華南永昌-高雄,2023-03-20,9303
00878,國泰永續高股息,392,291,101,華南永昌-高雄,2023-03-20,9303
00642U,期元大S＆P石油,76,0,76,華南永昌-高雄,2023-03-20,9303
2882,國泰金,74,4,70,華南永昌-高雄,2023-03-20,9303
3481,群創,98,35,63,華南永昌-高雄,2023-03-20,9303
00669R,國泰美國道瓊反1,50,0,50,華南永昌-高雄,2023-03-20,9303
4513,福裕,43,1,42,華南永昌-高雄,2023-03-20,9303
00715L,期街口布蘭特正2,54,15,39,華南永昌-高雄,2023-03-20,9303
6245,立端,36,0,36,華南永昌-高雄,2023-03-20,9303
00679B,元大美債20年,50,18,32,華南永昌-高雄,2023-03-20,9303
6733,博晟生醫,34,5,29,華南永昌-高雄,2023-03-20,9303
2888,新光金,36,9,27,華南永昌-高雄,2023-03-20,9303
2603,長榮,37,10,27,華南永昌-高雄,2023-03-20,9303
1442,名軒,26,0,26,華南永昌-高雄,2023-03-20,9303
6163,華電網,37,11,26,華南永昌-高雄,2023-03-20,9303
1605,華新,34,9,25,華南永昌-高雄,2023-03-20,9303
2615,萬海,25,1,24,華南永昌-高雄,2023-03-20,9303
4164,承業醫,24,1,23,華南永昌-高雄,2023-03-20,9303
2368,金像電,28,5,23,華南永昌-高雄,2023-03-20,9303
2892,第一金,26,3,23,華南永昌-高雄,2023-03-20,9303
3038,全台,40,18,22,華南永昌-高雄,2023-03-20,9303
00902,中信電池及儲能,24,3,21,華南永昌-高雄,2023-03-20,9303
1712,興農,20,0,20,華南永昌-高雄,2023-03-20,9303
5439,高技,20,0,20,華南永昌-高雄,2023-03-20,9303
3005,神基,18,0,18,華南永昌-高雄,2023-03-20,9303
1402,遠東新,17,0,17,華南永昌-高雄,2023-03-20,9303
00772B,中信高評級公司債,31,14,17,華南永昌-高雄,2023-03-20,9303
5880,合庫金,16,1,15,華南永昌-高雄,2023-03-20,9303
00907,永豐優息存股,19,4,15,華南永昌-高雄,2023-03-20,9303
2915,潤泰全,15,0,15,華南永昌-高雄,2023-03-20,9303
2609,陽明,31,16,15,華南永昌-高雄,2023-03-20,9303
00637L,元大滬深300正2,21,6,15,華南永昌-高雄,2023-03-20,9303
2883,凱基金,16,2,14,華南永昌-高雄,2023-03-20,9303
00898,國泰基因免疫革命,14,0,14,華南永昌-高雄,2023-03-20,9303
00885,富邦越南,14,0,14,華南永昌-高雄,2023-03-20,9303
6806,森崴能源,13,0,13,華南永昌-高雄,2023-03-20,9303
2748,雲品,21,8,13,華南永昌-高雄,2023-03-20,9303
6226,光鼎,13,0,13,華南永昌-高雄,2023-03-20,9303
5258,虹堡,21,8,13,華南永昌-高雄,2023-03-20,9303
2387,精元,13,0,13,華南永昌-高雄,2023-03-20,9303
2362,藍天,12,0,12,華南永昌-高雄,2023-03-20,9303
2890,永豐金,39,28,11,華南永昌-高雄,2023-03-20,9303
1519,華城,23,12,11,華南永昌-高雄,2023-03-20,9303
6753,龍德造船,18,7,11,華南永昌-高雄,2023-03-20,9303
3444,利機,13,2,11,華南永昌-高雄,2023-03-20,9303
2208,台船,27,17,10,華南永昌-高雄,2023-03-20,9303
00713,元大台灣高息低波,10,0,10,華南永昌-高雄,2023-03-20,9303
5483,中美晶,13,3,10,華南永昌-高雄,2023-03-20,9303
00921,兆豐龍頭等權重,10,0,10,華南永昌-高雄,2023-03-20,9303
00632R,元大台灣50反1,171,50,121,華南永昌-高雄,2023-03-21,9303
1314,中石化,68,0,68,華南永昌-高雄,2023-03-21,9303
4906,正文,71,12,59,華南永昌-高雄,2023-03-21,9303
2881,富邦金,56,4,52,華南永昌-高雄,2023-03-21,9303
2303,聯電,58,17,41,華南永昌-高雄,2023-03-21,9303
1611,中電,57,17,40,華南永昌-高雄,2023-03-21,9303
6443,元晶,80,41,39,華南永昌-高雄,2023-03-21,9303
6470,宇智,41,4,37,華南永昌-高雄,2023-03-21,9303
0056,元大高股息,40,3,37,華南永昌-高雄,2023-03-21,9303
6477,安集,36,1,35,華南永昌-高雄,2023-03-21,9303
2888,新光金,40,6,34,華南永昌-高雄,2023-03-21,9303
8064,東捷,34,0,34,華南永昌-高雄,2023-03-21,9303
2610,華航,58,24,34,華南永昌-高雄,2023-03-21,9303
4739,康普,33,0,33,華南永昌-高雄,2023-03-21,9303
2630,亞航,30,0,30,華南永昌-高雄,2023-03-21,9303
00753L,中信中國50正2,30,0,30,華南永昌-高雄,2023-03-21,9303
1402,遠東新,29,0,29,華南永昌-高雄,2023-03-21,9303
2891,中信金,38,10,28,華南永昌-高雄,2023-03-21,9303
00885,富邦越南,32,6,26,華南永昌-高雄,2023-03-21,9303
2637,慧洋-KY,26,1,25,華南永昌-高雄,2023-03-21,9303
2528,皇普,25,0,25,華南永昌-高雄,2023-03-21,9303
2388,威盛,41,17,24,華南永昌-高雄,2023-03-21,9303
4934,太極,40,17,23,華南永昌-高雄,2023-03-21,9303
6733,博晟生醫,40,17,23,華南永昌-高雄,2023-03-21,9303
2243,宏旭-KY,21,0,21,華南永昌-高雄,2023-03-21,9303
2883B,凱基金乙特,20,0,20,華南永昌-高雄,2023-03-21,9303
6129,普誠,20,1,19,華南永昌-高雄,2023-03-21,9303
2892,第一金,20,1,19,華南永昌-高雄,2023-03-21,9303
2867,三商壽,22,3,19,華南永昌-高雄,2023-03-21,9303
3029,零壹,32,14,18,華南永昌-高雄,2023-03-21,9303
3265,台星科,20,2,18,華南永昌-高雄,2023-03-21,9303
5425,台半,30,12,18,華南永昌-高雄,2023-03-21,9303
3236,千如,19,2,17,華南永昌-高雄,2023-03-21,9303
6122,擎邦,18,1,17,華南永昌-高雄,2023-03-21,9303
2375,凱美,18,2,16,華南永昌-高雄,2023-03-21,9303
6116,彩晶,14,0,14,華南永昌-高雄,2023-03-21,9303
2049,上銀,20,6,14,華南永昌-高雄,2023-03-21,9303
5015,華祺,14,1,13,華南永昌-高雄,2023-03-21,9303
2885,元大金,14,1,13,華南永昌-高雄,2023-03-21,9303
2609,陽明,15,3,12,華南永昌-高雄,2023-03-21,9303
1603,華電,16,4,12,華南永昌-高雄,2023-03-21,9303
6142,友勁,12,0,12,華南永昌-高雄,2023-03-21,9303
00715L,期街口布蘭特正2,15,3,12,華南永昌-高雄,2023-03-21,9303
1524,耿鼎,19,8,11,華南永昌-高雄,2023-03-21,9303
1514,亞力,27,16,11,華南永昌-高雄,2023-03-21,9303
3624,光頡,21,10,11,華南永昌-高雄,2023-03-21,9303
2409,友達,21,11,10,華南永昌-高雄,2023-03-21,9303
1813,寶利徠,10,0,10,華南永昌-高雄,2023-03-21,9303
2201,裕隆,14,4,10,華南永昌-高雄,2023-03-21,9303
2617,台航,10,0,10,華南永昌-高雄,2023-03-21,9303
00632R,元大台灣50反1,263,0,263,華南永昌-高雄,2023-03-22,9303
00878,國泰永續高股息,355,152,203,華南永昌-高雄,2023-03-22,9303
3714,富采,130,68,62,華南永昌-高雄,2023-03-22,9303
00679B,元大美債20年,146,86,60,華南永昌-高雄,2023-03-22,9303
3715,定穎投控,60,3,57,華南永昌-高雄,2023-03-22,9303
6733,博晟生醫,90,38,52,華南永昌-高雄,2023-03-22,9303
1504,東元,76,27,49,華南永昌-高雄,2023-03-22,9303
00673R,期元大S＆P原油反1,48,0,48,華南永昌-高雄,2023-03-22,9303
3481,群創,83,41,42,華南永昌-高雄,2023-03-22,9303
00671R,富邦NASDAQ反1,34,0,34,華南永昌-高雄,2023-03-22,9303
2812,台中銀,32,0,32,華南永昌-高雄,2023-03-22,9303
2453,凌群,50,18,32,華南永昌-高雄,2023-03-22,9303
1258,其祥-KY,30,0,30,華南永昌-高雄,2023-03-22,9303
2712,遠雄來,29,0,29,華南永昌-高雄,2023-03-22,9303
4979,華星光,32,3,29,華南永昌-高雄,2023-03-22,9303
6026,福邦證,27,0,27,華南永昌-高雄,2023-03-22,9303
3059,華晶科,37,11,26,華南永昌-高雄,2023-03-22,9303
2867,三商壽,25,0,25,華南永昌-高雄,2023-03-22,9303
3037,欣興,53,28,25,華南永昌-高雄,2023-03-22,9303
1409,新纖,25,0,25,華南永昌-高雄,2023-03-22,9303
3162,精確,53,29,24,華南永昌-高雄,2023-03-22,9303
3062,建漢,23,1,22,華南永昌-高雄,2023-03-22,9303
1524,耿鼎,54,32,22,華南永昌-高雄,2023-03-22,9303
6531,愛普*,23,2,21,華南永昌-高雄,2023-03-22,9303
3141,晶宏,23,2,21,華南永昌-高雄,2023-03-22,9303
3029,零壹,20,0,20,華南永昌-高雄,2023-03-22,9303
2360,致茂,20,0,20,華南永昌-高雄,2023-03-22,9303
3558,神準,46,26,20,華南永昌-高雄,2023-03-22,9303
1513,中興電,19,1,18,華南永昌-高雄,2023-03-22,9303
6191,精成科,18,1,17,華南永昌-高雄,2023-03-22,9303
2002,中鋼,19,3,16,華南永昌-高雄,2023-03-22,9303
3322,建舜電,30,14,16,華南永昌-高雄,2023-03-22,9303
2495,普安,25,9,16,華南永昌-高雄,2023-03-22,9303
2344,華邦電,16,1,15,華南永昌-高雄,2023-03-22,9303
1712,興農,15,0,15,華南永昌-高雄,2023-03-22,9303
2436,偉詮電,25,10,15,華南永昌-高雄,2023-03-22,9303
3438,類比科,16,1,15,華南永昌-高雄,2023-03-22,9303
4564,元翎,13,0,13,華南永昌-高雄,2023-03-22,9303
1586,和勤,13,0,13,華南永昌-高雄,2023-03-22,9303
3046,建��,21,9,12,華南永昌-高雄,2023-03-22,9303
2375,凱美,12,0,12,華南永昌-高雄,2023-03-22,9303
3712,永崴投控,12,0,12,華南永昌-高雄,2023-03-22,9303
9904,寶成,12,0,12,華南永昌-高雄,2023-03-22,9303
00720B,元大投資級公司債,13,1,12,華南永昌-高雄,2023-03-22,9303
3231,緯創,43,32,11,華南永昌-高雄,2023-03-22,9303
5351,鈺創,11,0,11,華南永昌-高雄,2023-03-22,9303
00637L,元大滬深300正2,17,6,11,華南永昌-高雄,2023-03-22,9303
00795B,中信美國公債20年,11,0,11,華南永昌-高雄,2023-03-22,9303
8112,至上,13,2,11,華南永昌-高雄,2023-03-22,9303
8201,無敵,11,0,11,華南永昌-高雄,2023-03-22,9303
3481,群創,120,9,111,華南永昌-高雄,2023-03-23,9303
6244,茂迪,115,34,81,華南永昌-高雄,2023-03-23,9303
3092,鴻碩,64,0,64,華南永昌-高雄,2023-03-23,9303
2313,華通,62,0,62,華南永昌-高雄,2023-03-23,9303
2882,國泰金,68,13,55,華南永昌-高雄,2023-03-23,9303
2880,華南金,50,1,49,華南永昌-高雄,2023-03-23,9303
2637,慧洋-KY,52,8,44,華南永昌-高雄,2023-03-23,9303
2609,陽明,85,43,42,華南永昌-高雄,2023-03-23,9303
3005,神基,40,2,38,華南永昌-高雄,2023-03-23,9303
9934,成霖,40,2,38,華南永昌-高雄,2023-03-23,9303
2617,台航,38,1,37,華南永昌-高雄,2023-03-23,9303
2607,榮運,41,6,35,華南永昌-高雄,2023-03-23,9303
2243,宏旭-KY,51,18,33,華南永昌-高雄,2023-03-23,9303
2601,益航,32,0,32,華南永昌-高雄,2023-03-23,9303
3372,典範,30,0,30,華南永昌-高雄,2023-03-23,9303
4532,瑞智,30,0,30,華南永昌-高雄,2023-03-23,9303
2605,新興,28,0,28,華南永昌-高雄,2023-03-23,9303
3322,建舜電,56,28,28,華南永昌-高雄,2023-03-23,9303
8222,寶一,32,5,27,華南永昌-高雄,2023-03-23,9303
6026,福邦證,24,0,24,華南永昌-高雄,2023-03-23,9303
00673R,期元大S＆P原油反1,24,0,24,華南永昌-高雄,2023-03-23,9303
00751B,元大AAA至A公司債,32,8,24,華南永昌-高雄,2023-03-23,9303
6770,力積電,27,6,21,華南永昌-高雄,2023-03-23,9303
1101,台泥,46,26,20,華南永昌-高雄,2023-03-23,9303
00902,中信電池及儲能,20,0,20,華南永昌-高雄,2023-03-23,9303
2883B,凱基金乙特,33,13,20,華南永昌-高雄,2023-03-23,9303
4536,拓凱,20,1,19,華南永昌-高雄,2023-03-23,9303
6589,台康生技,19,1,18,華南永昌-高雄,2023-03-23,9303
00720B,元大投資級公司債,26,9,17,華南永昌-高雄,2023-03-23,9303
2641,正德,21,4,17,華南永昌-高雄,2023-03-23,9303
5425,台半,37,21,16,華南永昌-高雄,2023-03-23,9303
6226,光鼎,16,0,16,華南永昌-高雄,2023-03-23,9303
6190,萬泰科,16,0,16,華南永昌-高雄,2023-03-23,9303
00772B,中信高評級公司債,43,27,16,華南永昌-高雄,2023-03-23,9303
3576,聯合再生,16,1,15,華南永昌-高雄,2023-03-23,9303
2890,永豐金,14,0,14,華南永昌-高雄,2023-03-23,9303
2332,友訊,14,0,14,華南永昌-高雄,2023-03-23,9303
8926,台汽電,15,1,14,華南永昌-高雄,2023-03-23,9303
2409,友達,17,4,13,華南永昌-高雄,2023-03-23,9303
3489,森寶,13,0,13,華南永昌-高雄,2023-03-23,9303
6288,聯嘉,20,8,12,華南永昌-高雄,2023-03-23,9303
2610,華航,16,4,12,華南永昌-高雄,2023-03-23,9303
2402,毅嘉,88,77,11,華南永昌-高雄,2023-03-23,9303
00897,富邦基因免疫生技,11,0,11,華南永昌-高雄,2023-03-23,9303
3058,立德,21,10,11,華南永昌-高雄,2023-03-23,9303
2002,中鋼,12,1,11,華南永昌-高雄,2023-03-23,9303
1584,精剛,10,0,10,華南永昌-高雄,2023-03-23,9303
2221,大甲,11,1,10,華南永昌-高雄,2023-03-23,9303
6523,達爾膚,10,0,10,華南永昌-高雄,2023-03-23,9303
3224,三顧,10,0,10,華南永昌-高雄,2023-03-23,9303
00878,國泰永續高股息,225,38,187,華南永昌-高雄,2023-03-24,9303
00632R,元大台灣50反1,177,50,127,華南永昌-高雄,2023-03-24,9303
3189,景碩,130,4,126,華南永昌-高雄,2023-03-24,9303
2106,建大,104,0,104,華南永昌-高雄,2023-03-24,9303
3011,今皓,101,0,101,華南永昌-高雄,2023-03-24,9303
9934,成霖,110,22,88,華南永昌-高雄,2023-03-24,9303
2337,旺宏,90,5,85,華南永昌-高雄,2023-03-24,9303
8936,國統,93,14,79,華南永昌-高雄,2023-03-24,9303
1101,台泥,89,21,68,華南永昌-高雄,2023-03-24,9303
2002,中鋼,53,2,51,華南永昌-高雄,2023-03-24,9303
1907,永豐餘,43,0,43,華南永昌-高雄,2023-03-24,9303
6546,正基,65,24,41,華南永昌-高雄,2023-03-24,9303
2402,毅嘉,98,60,38,華南永昌-高雄,2023-03-24,9303
3035,智原,98,60,38,華南永昌-高雄,2023-03-24,9303
6122,擎邦,53,16,37,華南永昌-高雄,2023-03-24,9303
6163,華電網,43,7,36,華南永昌-高雄,2023-03-24,9303
2105,正新,75,40,35,華南永昌-高雄,2023-03-24,9303
8222,寶一,39,5,34,華南永昌-高雄,2023-03-24,9303
4707,磐亞,30,0,30,華南永昌-高雄,2023-03-24,9303
2891,中信金,30,2,28,華南永昌-高雄,2023-03-24,9303
2413,環科,28,1,27,華南永昌-高雄,2023-03-24,9303
8121,越峰,40,13,27,華南永昌-高雄,2023-03-24,9303
1718,中纖,20,0,20,華南永昌-高雄,2023-03-24,9303
2302,麗正,20,0,20,華南永昌-高雄,2023-03-24,9303
00680L,元大美債20正2,20,0,20,華南永昌-高雄,2023-03-24,9303
2637,慧洋-KY,23,3,20,華南永昌-高雄,2023-03-24,9303
2883,凱基金,28,9,19,華南永昌-高雄,2023-03-24,9303
2889,國票金,24,5,19,華南永昌-高雄,2023-03-24,9303
00637L,元大滬深300正2,74,55,19,華南永昌-高雄,2023-03-24,9303
2049,上銀,18,0,18,華南永昌-高雄,2023-03-24,9303
2888,新光金,18,0,18,華南永昌-高雄,2023-03-24,9303
6244,茂迪,43,25,18,華南永昌-高雄,2023-03-24,9303
6523,達爾膚,17,0,17,華南永昌-高雄,2023-03-24,9303
6606,建德工業,48,32,16,華南永昌-高雄,2023-03-24,9303
2453,凌群,21,6,15,華南永昌-高雄,2023-03-24,9303
4903,聯光通,17,2,15,華南永昌-高雄,2023-03-24,9303
3029,零壹,21,6,15,華南永昌-高雄,2023-03-24,9303
3033,威健,18,4,14,華南永昌-高雄,2023-03-24,9303
3005,神基,17,3,14,華南永昌-高雄,2023-03-24,9303
5284,jpp-KY,20,6,14,華南永昌-高雄,2023-03-24,9303
3322,建舜電,15,2,13,華南永昌-高雄,2023-03-24,9303
4534,慶騰,13,0,13,華南永昌-高雄,2023-03-24,9303
4171,瑞基,13,1,12,華南永昌-高雄,2023-03-24,9303
2323,中環,15,3,12,華南永昌-高雄,2023-03-24,9303
00671R,富邦NASDAQ反1,12,0,12,華南永昌-高雄,2023-03-24,9303
8234,新漢,29,17,12,華南永昌-高雄,2023-03-24,9303
2332,友訊,21,9,12,華南永昌-高雄,2023-03-24,9303
2609,陽明,14,3,11,華南永昌-高雄,2023-03-24,9303
2014,中鴻,11,0,11,華南永昌-高雄,2023-03-24,9303
4168,醣聯,11,0,11,華南永昌-高雄,2023-03-24,9303
3189,景碩,184,0,184,華南永昌-高雄,2023-03-27,9303
9934,成霖,150,5,145,華南永昌-高雄,2023-03-27,9303
6548,長科*,147,7,140,華南永昌-高雄,2023-03-27,9303
4127,天良,124,0,124,華南永昌-高雄,2023-03-27,9303
1504,東元,149,46,103,華南永昌-高雄,2023-03-27,9303
3338,泰碩,75,9,66,華南永昌-高雄,2023-03-27,9303
6733,博晟生醫,78,12,66,華南永昌-高雄,2023-03-27,9303
6244,茂迪,94,41,53,華南永昌-高雄,2023-03-27,9303
2344,華邦電,64,12,52,華南永昌-高雄,2023-03-27,9303
2324,仁寶,50,0,50,華南永昌-高雄,2023-03-27,9303
2890,永豐金,67,22,45,華南永昌-高雄,2023-03-27,9303
2637,慧洋-KY,49,6,43,華南永昌-高雄,2023-03-27,9303
1609,大亞,55,14,41,華南永昌-高雄,2023-03-27,9303
6279,胡連,41,10,31,華南永昌-高雄,2023-03-27,9303
3372,典範,30,0,30,華南永昌-高雄,2023-03-27,9303
3056,富華新,30,0,30,華南永昌-高雄,2023-03-27,9303
3481,群創,35,8,27,華南永昌-高雄,2023-03-27,9303
00715L,期街口布蘭特正2,27,2,25,華南永昌-高雄,2023-03-27,9303
8070,長華*,25,0,25,華南永昌-高雄,2023-03-27,9303
00637L,元大滬深300正2,29,4,25,華南永昌-高雄,2023-03-27,9303
8088,品安,35,13,22,華南永昌-高雄,2023-03-27,9303
4123,晟德,21,0,21,華南永昌-高雄,2023-03-27,9303
00923,群益台ESG低碳50,23,2,21,華南永昌-高雄,2023-03-27,9303
2206,三陽工業,23,2,21,華南永昌-高雄,2023-03-27,9303
3105,穩懋,37,16,21,華南永昌-高雄,2023-03-27,9303
6168,宏齊,21,1,20,華南永昌-高雄,2023-03-27,9303
2201,裕隆,19,0,19,華南永昌-高雄,2023-03-27,9303
1533,車王電,21,2,19,華南永昌-高雄,2023-03-27,9303
00882,中信中國高股息,18,0,18,華南永昌-高雄,2023-03-27,9303
5425,台半,21,4,17,華南永昌-高雄,2023-03-27,9303
2402,毅嘉,50,33,17,華南永昌-高雄,2023-03-27,9303
6550,北極星藥業-KY,17,0,17,華南永昌-高雄,2023-03-27,9303
2349,錸德,18,2,16,華南永昌-高雄,2023-03-27,9303
2317,鴻海,19,3,16,華南永昌-高雄,2023-03-27,9303
00919,群益台灣精選高息,16,0,16,華南永昌-高雄,2023-03-27,9303
6217,中探針,16,0,16,華南永昌-高雄,2023-03-27,9303
2633,台灣高鐵,16,0,16,華南永昌-高雄,2023-03-27,9303
3714,富采,23,7,16,華南永昌-高雄,2023-03-27,9303
3005,神基,17,2,15,華南永昌-高雄,2023-03-27,9303
6861,睿生光電,15,0,15,華南永昌-高雄,2023-03-27,9303
3011,今皓,15,0,15,華南永昌-高雄,2023-03-27,9303
3047,訊舟,37,22,15,華南永昌-高雄,2023-03-27,9303
6443,元晶,17,2,15,華南永昌-高雄,2023-03-27,9303
3715,定穎投控,33,19,14,華南永昌-高雄,2023-03-27,9303
2303,聯電,21,7,14,華南永昌-高雄,2023-03-27,9303
2345,智邦,14,0,14,華南永昌-高雄,2023-03-27,9303
6111,大宇資,27,13,14,華南永昌-高雄,2023-03-27,9303
2867,三商壽,13,0,13,華南永昌-高雄,2023-03-27,9303
2476,鉅祥,26,13,13,華南永昌-高雄,2023-03-27,9303
00900,富邦特選高股息30,13,0,13,華南永昌-高雄,2023-03-27,9303
4127,天良,330,2,328,華南永昌-高雄,2023-03-28,9303
2882,國泰金,113,1,112,華南永昌-高雄,2023-03-28,9303
00679B,元大美債20年,216,119,97,華南永昌-高雄,2023-03-28,9303
3189,景碩,102,7,95,華南永昌-高雄,2023-03-28,9303
6485,點序,88,10,78,華南永昌-高雄,2023-03-28,9303
6548,長科*,73,0,73,華南永昌-高雄,2023-03-28,9303
1708,東鹼,60,5,55,華南永昌-高雄,2023-03-28,9303
00673R,期元大S＆P原油反1,44,0,44,華南永昌-高雄,2023-03-28,9303
8936,國統,50,7,43,華南永昌-高雄,2023-03-28,9303
3374,精材,60,21,39,華南永昌-高雄,2023-03-28,9303
1605,華新,104,68,36,華南永昌-高雄,2023-03-28,9303
2349,錸德,34,0,34,華南永昌-高雄,2023-03-28,9303
3481,群創,36,4,32,華南永昌-高雄,2023-03-28,9303
1584,精剛,39,7,32,華南永昌-高雄,2023-03-28,9303
2618,長榮航,31,1,30,華南永昌-高雄,2023-03-28,9303
00720B,元大投資級公司債,46,16,30,華南永昌-高雄,2023-03-28,9303
2409,友達,29,0,29,華南永昌-高雄,2023-03-28,9303
1101,台泥,63,37,26,華南永昌-高雄,2023-03-28,9303
3207,耀勝,29,4,25,華南永昌-高雄,2023-03-28,9303
3141,晶宏,81,56,25,華南永昌-高雄,2023-03-28,9303
2323,中環,24,0,24,華南永昌-高雄,2023-03-28,9303
4916,事欣科,24,1,23,華南永昌-高雄,2023-03-28,9303
2634,漢翔,27,5,22,華南永昌-高雄,2023-03-28,9303
00751B,元大AAA至A公司債,40,19,21,華南永昌-高雄,2023-03-28,9303
00772B,中信高評級公司債,80,59,21,華南永昌-高雄,2023-03-28,9303
6279,胡連,25,4,21,華南永昌-高雄,2023-03-28,9303
00632R,元大台灣50反1,20,0,20,華南永昌-高雄,2023-03-28,9303
1305,華夏,20,0,20,華南永昌-高雄,2023-03-28,9303
4564,元翎,23,4,19,華南永昌-高雄,2023-03-28,9303
1304,台聚,20,2,18,華南永昌-高雄,2023-03-28,9303
1789,神隆,18,0,18,華南永昌-高雄,2023-03-28,9303
8222,寶一,38,20,18,華南永昌-高雄,2023-03-28,9303
0056,元大高股息,23,5,18,華南永昌-高雄,2023-03-28,9303
3011,今皓,22,5,17,華南永昌-高雄,2023-03-28,9303
2601,益航,16,0,16,華南永昌-高雄,2023-03-28,9303
00923,群益台ESG低碳50,16,0,16,華南永昌-高雄,2023-03-28,9303
2330,台積電,17,2,15,華南永昌-高雄,2023-03-28,9303
006208,富邦台50,28,14,14,華南永昌-高雄,2023-03-28,9303
6770,力積電,16,3,13,華南永昌-高雄,2023-03-28,9303
00882,中信中國高股息,13,0,13,華南永昌-高雄,2023-03-28,9303
6606,建德工業,14,1,13,華南永昌-高雄,2023-03-28,9303
00921,兆豐龍頭等權重,12,0,12,華南永昌-高雄,2023-03-28,9303
1219,福壽,11,0,11,華南永昌-高雄,2023-03-28,9303
1802,台玻,11,0,11,華南永昌-高雄,2023-03-28,9303
2883B,凱基金乙特,11,0,11,華南永昌-高雄,2023-03-28,9303
6248,沛波,11,0,11,華南永昌-高雄,2023-03-28,9303
3037,欣興,25,15,10,華南永昌-高雄,2023-03-28,9303
8358,金居,11,1,10,華南永昌-高雄,2023-03-28,9303
2888,新光金,10,0,10,華南永昌-高雄,2023-03-28,9303
5706,鳳凰,12,2,10,華南永昌-高雄,2023-03-28,9303
4127,天良,175,0,175,華南永昌-高雄,2023-03-29,9303
00679B,元大美債20年,157,101,56,華南永昌-高雄,2023-03-29,9303
1504,東元,80,32,48,華南永昌-高雄,2023-03-29,9303
00673R,期元大S＆P原油反1,45,0,45,華南永昌-高雄,2023-03-29,9303
6548,長科*,40,0,40,華南永昌-高雄,2023-03-29,9303
3483,力致,40,4,36,華南永昌-高雄,2023-03-29,9303
8049,晶采,35,0,35,華南永昌-高雄,2023-03-29,9303
1809,中釉,31,0,31,華南永昌-高雄,2023-03-29,9303
3231,緯創,49,18,31,華南永昌-高雄,2023-03-29,9303
2303,聯電,57,29,28,華南永昌-高雄,2023-03-29,9303
1722,台肥,26,0,26,華南永昌-高雄,2023-03-29,9303
00772B,中信高評級公司債,98,75,23,華南永昌-高雄,2023-03-29,9303
3715,定穎投控,118,95,23,華南永昌-高雄,2023-03-29,9303
00751B,元大AAA至A公司債,26,4,22,華南永昌-高雄,2023-03-29,9303
1905,華紙,20,0,20,華南永昌-高雄,2023-03-29,9303
1708,東鹼,20,0,20,華南永昌-高雄,2023-03-29,9303
2496,卓越,20,0,20,華南永昌-高雄,2023-03-29,9303
2867,三商壽,24,5,19,華南永昌-高雄,2023-03-29,9303
4916,事欣科,20,3,17,華南永昌-高雄,2023-03-29,9303
2601,益航,17,0,17,華南永昌-高雄,2023-03-29,9303
2353,宏��,41,24,17,華南永昌-高雄,2023-03-29,9303
2609,陽明,30,14,16,華南永昌-高雄,2023-03-29,9303
4770,上品,16,0,16,華南永昌-高雄,2023-03-29,9303
6285,啟��,23,7,16,華南永昌-高雄,2023-03-29,9303
6116,彩晶,16,0,16,華南永昌-高雄,2023-03-29,9303
6235,華孚,44,28,16,華南永昌-高雄,2023-03-29,9303
8176,智捷,15,0,15,華南永昌-高雄,2023-03-29,9303
2913,農林,15,0,15,華南永昌-高雄,2023-03-29,9303
3035,智原,30,16,14,華南永昌-高雄,2023-03-29,9303
3272,東碩,15,2,13,華南永昌-高雄,2023-03-29,9303
1560,中砂,14,1,13,華南永昌-高雄,2023-03-29,9303
5211,蒙恬,13,0,13,華南永昌-高雄,2023-03-29,9303
5425,台半,38,25,13,華南永昌-高雄,2023-03-29,9303
4583,台灣精銳,12,0,12,華南永昌-高雄,2023-03-29,9303
3706,神達,12,0,12,華南永昌-高雄,2023-03-29,9303
2484,希華,11,0,11,華南永昌-高雄,2023-03-29,9303
2363,矽統,11,0,11,華南永昌-高雄,2023-03-29,9303
00905,FT臺灣Smart,11,0,11,華南永昌-高雄,2023-03-29,9303
1815,富喬,11,0,11,華南永昌-高雄,2023-03-29,9303
5353,台林,14,3,11,華南永昌-高雄,2023-03-29,9303
6111,大宇資,13,2,11,華南永昌-高雄,2023-03-29,9303
8926,台汽電,11,0,11,華南永昌-高雄,2023-03-29,9303
4919,新唐,15,5,10,華南永昌-高雄,2023-03-29,9303
2405,輔信,12,2,10,華南永昌-高雄,2023-03-29,9303
3438,類比科,12,2,10,華南永昌-高雄,2023-03-29,9303
2455,全新,20,10,10,華南永昌-高雄,2023-03-29,9303
3027,盛達,10,0,10,華南永昌-高雄,2023-03-29,9303
2801,彰銀,10,0,10,華南永昌-高雄,2023-03-29,9303
2610,華航,65,56,9,華南永昌-高雄,2023-03-29,9303
6719,力智,22,13,9,華南永昌-高雄,2023-03-29,9303
4127,天良,161,0,161,華南永昌-高雄,2023-03-30,9303
2867,三商壽,112,6,106,華南永昌-高雄,2023-03-30,9303
2890,永豐金,92,0,92,華南永昌-高雄,2023-03-30,9303
3211,順達,67,0,67,華南永昌-高雄,2023-03-30,9303
1618,合機,63,1,62,華南永昌-高雄,2023-03-30,9303
8931,大汽電,61,3,58,華南永昌-高雄,2023-03-30,9303
2065,世豐,38,0,38,華南永昌-高雄,2023-03-30,9303
3324,雙鴻,42,6,36,華南永昌-高雄,2023-03-30,9303
00673R,期元大S＆P原油反1,33,1,32,華南永昌-高雄,2023-03-30,9303
2302,麗正,33,2,31,華南永昌-高雄,2023-03-30,9303
2610,華航,36,6,30,華南永昌-高雄,2023-03-30,9303
2353,宏��,34,9,25,華南永昌-高雄,2023-03-30,9303
4934,太極,28,3,25,華南永昌-高雄,2023-03-30,9303
6134,萬旭,26,2,24,華南永昌-高雄,2023-03-30,9303
6122,擎邦,43,20,23,華南永昌-高雄,2023-03-30,9303
1586,和勤,21,0,21,華南永昌-高雄,2023-03-30,9303
5284,jpp-KY,21,0,21,華南永昌-高雄,2023-03-30,9303
1721,三晃,20,0,20,華南永昌-高雄,2023-03-30,9303
6129,普誠,21,1,20,華南永昌-高雄,2023-03-30,9303
00882,中信中國高股息,19,0,19,華南永昌-高雄,2023-03-30,9303
2457,飛宏,28,9,19,華南永昌-高雄,2023-03-30,9303
00679B,元大美債20年,102,84,18,華南永昌-高雄,2023-03-30,9303
8033,雷虎,20,2,18,華南永昌-高雄,2023-03-30,9303
1605,華新,19,2,17,華南永昌-高雄,2023-03-30,9303
5388,中磊,24,8,16,華南永昌-高雄,2023-03-30,9303
8105,凌巨,16,1,15,華南永昌-高雄,2023-03-30,9303
2405,輔信,13,0,13,華南永昌-高雄,2023-03-30,9303
3481,群創,19,6,13,華南永昌-高雄,2023-03-30,9303
1101,台泥,13,1,12,華南永昌-高雄,2023-03-30,9303
5258,虹堡,15,3,12,華南永昌-高雄,2023-03-30,9303
2427,三商電,11,0,11,華南永昌-高雄,2023-03-30,9303
6026,福邦證,50,40,10,華南永昌-高雄,2023-03-30,9303
6550,北極星藥業-KY,12,2,10,華南永昌-高雄,2023-03-30,9303
1503,士電,10,0,10,華南永昌-高雄,2023-03-30,9303
6770,力積電,10,0,10,華南永昌-高雄,2023-03-30,9303
00671R,富邦NASDAQ反1,10,0,10,華南永昌-高雄,2023-03-30,9303
8112,至上,10,0,10,華南永昌-高雄,2023-03-30,9303
2393,億光,15,5,10,華南永昌-高雄,2023-03-30,9303
6715,嘉基,11,1,10,華南永昌-高雄,2023-03-30,9303
1708,東鹼,10,0,10,華南永昌-高雄,2023-03-30,9303
2308,台達電,10,0,10,華南永昌-高雄,2023-03-30,9303
6788,華景電,9,0,9,華南永昌-高雄,2023-03-30,9303
5243,乙盛-KY,10,1,9,華南永昌-高雄,2023-03-30,9303
4743,合一,12,3,9,華南永昌-高雄,2023-03-30,9303
1795,美時,24,15,9,華南永昌-高雄,2023-03-30,9303
3706,神達,9,0,9,華南永昌-高雄,2023-03-30,9303
6111,大宇資,11,3,8,華南永昌-高雄,2023-03-30,9303
00753L,中信中國50正2,8,0,8,華南永昌-高雄,2023-03-30,9303
2359,所羅門,21,13,8,華南永昌-高雄,2023-03-30,9303
2535,達欣工,7,0,7,華南永昌-高雄,2023-03-30,9303
2302,麗正,94,3,91,華南永昌-高雄,2023-03-31,9303
2337,旺宏,221,144,77,華南永昌-高雄,2023-03-31,9303
6235,華孚,184,119,65,華南永昌-高雄,2023-03-31,9303
4979,華星光,57,5,52,華南永昌-高雄,2023-03-31,9303
4127,天良,49,0,49,華南永昌-高雄,2023-03-31,9303
3211,順達,53,9,44,華南永昌-高雄,2023-03-31,9303
1605,華新,59,16,43,華南永昌-高雄,2023-03-31,9303
3583,辛耘,41,0,41,華南永昌-高雄,2023-03-31,9303
1314,中石化,40,4,36,華南永昌-高雄,2023-03-31,9303
9934,成霖,50,15,35,華南永昌-高雄,2023-03-31,9303
6796,晉弘,31,0,31,華南永昌-高雄,2023-03-31,9303
3290,東浦,30,1,29,華南永昌-高雄,2023-03-31,9303
2867,三商壽,29,0,29,華南永昌-高雄,2023-03-31,9303
00712,復華富時不動產,27,0,27,華南永昌-高雄,2023-03-31,9303
00673R,期元大S＆P原油反1,26,0,26,華南永昌-高雄,2023-03-31,9303
6732,昇佳電子,27,2,25,華南永昌-高雄,2023-03-31,9303
00679B,元大美債20年,36,13,23,華南永昌-高雄,2023-03-31,9303
6770,力積電,74,52,22,華南永昌-高雄,2023-03-31,9303
00633L,富邦上証正2,23,2,21,華南永昌-高雄,2023-03-31,9303
2453,凌群,23,2,21,華南永昌-高雄,2023-03-31,9303
6233,旺玖,20,0,20,華南永昌-高雄,2023-03-31,9303
4114,健喬,20,0,20,華南永昌-高雄,2023-03-31,9303
8105,凌巨,21,2,19,華南永昌-高雄,2023-03-31,9303
6133,金橋,33,15,18,華南永昌-高雄,2023-03-31,9303
00720B,元大投資級公司債,16,0,16,華南永昌-高雄,2023-03-31,9303
2419,仲琦,17,1,16,華南永昌-高雄,2023-03-31,9303
6108,競國,15,0,15,華南永昌-高雄,2023-03-31,9303
6285,啟��,19,5,14,華南永昌-高雄,2023-03-31,9303
1513,中興電,20,6,14,華南永昌-高雄,2023-03-31,9303
5213,亞昕,25,11,14,華南永昌-高雄,2023-03-31,9303
6191,精成科,24,11,13,華南永昌-高雄,2023-03-31,9303
5871,中租-KY,13,1,12,華南永昌-高雄,2023-03-31,9303
9945,潤泰新,16,4,12,華南永昌-高雄,2023-03-31,9303
5388,中磊,12,0,12,華南永昌-高雄,2023-03-31,9303
2393,億光,12,0,12,華南永昌-高雄,2023-03-31,9303
2374,佳能,11,0,11,華南永昌-高雄,2023-03-31,9303
3037,欣興,28,17,11,華南永昌-高雄,2023-03-31,9303
6733,博晟生醫,11,0,11,華南永昌-高雄,2023-03-31,9303
2449,京元電子,16,5,11,華南永昌-高雄,2023-03-31,9303
3046,建��,37,26,11,華南永昌-高雄,2023-03-31,9303
3706,神達,10,0,10,華南永昌-高雄,2023-03-31,9303
1609,大亞,20,10,10,華南永昌-高雄,2023-03-31,9303
4973,廣穎,15,5,10,華南永昌-高雄,2023-03-31,9303
2538,基泰,10,0,10,華南永昌-高雄,2023-03-31,9303
3693,營邦,10,0,10,華南永昌-高雄,2023-03-31,9303
00671R,富邦NASDAQ反1,10,0,10,華南永昌-高雄,2023-03-31,9303
2359,所羅門,21,12,9,華南永昌-高雄,2023-03-31,9303
8215,明基材,9,0,9,華南永昌-高雄,2023-03-31,9303
4564,元翎,9,0,9,華南永昌-高雄,2023-03-31,9303
8050,廣積,11,3,8,華南永昌-高雄,2023-03-31,9303
6026,福邦證,185,2,183,華南永昌-高雄,2023-04-06,9303
2888,新光金,154,11,143,華南永昌-高雄,2023-04-06,9303
00673R,期元大S＆P原油反1,115,0,115,華南永昌-高雄,2023-04-06,9303
2344,華邦電,101,11,90,華南永昌-高雄,2023-04-06,9303
2887,台新金,75,5,70,華南永昌-高雄,2023-04-06,9303
5309,系統電,71,12,59,華南永昌-高雄,2023-04-06,9303
2409,友達,62,13,49,華南永昌-高雄,2023-04-06,9303
00633L,富邦上証正2,49,0,49,華南永昌-高雄,2023-04-06,9303
2317,鴻海,45,0,45,華南永昌-高雄,2023-04-06,9303
3707,漢磊,42,0,42,華南永昌-高雄,2023-04-06,9303
3324,雙鴻,42,3,39,華南永昌-高雄,2023-04-06,9303
2027,大成鋼,30,1,29,華南永昌-高雄,2023-04-06,9303
00893,國泰智能電動車,34,6,28,華南永昌-高雄,2023-04-06,9303
6770,力積電,25,3,22,華南永昌-高雄,2023-04-06,9303
6747,亨泰光,22,0,22,華南永昌-高雄,2023-04-06,9303
1504,東元,28,6,22,華南永昌-高雄,2023-04-06,9303
1905,華紙,20,0,20,華南永昌-高雄,2023-04-06,9303
0056,元大高股息,26,6,20,華南永昌-高雄,2023-04-06,9303
6416,瑞祺電通,20,0,20,華南永昌-高雄,2023-04-06,9303
1712,興農,20,0,20,華南永昌-高雄,2023-04-06,9303
4967,十銓,57,39,18,華南永昌-高雄,2023-04-06,9303
2338,光罩,23,5,18,華南永昌-高雄,2023-04-06,9303
2609,陽明,44,26,18,華南永昌-高雄,2023-04-06,9303
3520,華盈,17,0,17,華南永昌-高雄,2023-04-06,9303
8234,新漢,18,1,17,華南永昌-高雄,2023-04-06,9303
00900,富邦特選高股息30,21,5,16,華南永昌-高雄,2023-04-06,9303
2540,愛山林,18,2,16,華南永昌-高雄,2023-04-06,9303
4931,新盛力,17,2,15,華南永昌-高雄,2023-04-06,9303
1314,中石化,17,2,15,華南永昌-高雄,2023-04-06,9303
00902,中信電池及儲能,15,0,15,華南永昌-高雄,2023-04-06,9303
00882,中信中國高股息,14,0,14,華南永昌-高雄,2023-04-06,9303
2891,中信金,21,8,13,華南永昌-高雄,2023-04-06,9303
8069,元太,18,6,12,華南永昌-高雄,2023-04-06,9303
2329,華泰,12,0,12,華南永昌-高雄,2023-04-06,9303
3037,欣興,18,6,12,華南永昌-高雄,2023-04-06,9303
8028,昇陽半導體,22,11,11,華南永昌-高雄,2023-04-06,9303
2886,兆豐金,25,14,11,華南永昌-高雄,2023-04-06,9303
00712,復華富時不動產,11,0,11,華南永昌-高雄,2023-04-06,9303
2342,茂矽,12,1,11,華南永昌-高雄,2023-04-06,9303
3034,聯詠,17,6,11,華南永昌-高雄,2023-04-06,9303
2402,毅嘉,43,32,11,華南永昌-高雄,2023-04-06,9303
2362,藍天,10,0,10,華南永昌-高雄,2023-04-06,9303
1560,中砂,77,67,10,華南永昌-高雄,2023-04-06,9303
1503,士電,10,0,10,華南永昌-高雄,2023-04-06,9303
6191,精成科,10,0,10,華南永昌-高雄,2023-04-06,9303
00671R,富邦NASDAQ反1,10,0,10,華南永昌-高雄,2023-04-06,9303
00637L,元大滬深300正2,38,28,10,華南永昌-高雄,2023-04-06,9303
00753L,中信中國50正2,14,4,10,華南永昌-高雄,2023-04-06,9303
5519,隆大,10,0,10,華南永昌-高雄,2023-04-06,9303
3583,辛耘,10,0,10,華南永昌-高雄,2023-04-06,9303
2867,三商壽,261,16,245,華南永昌-高雄,2023-04-07,9303
00720B,元大投資級公司債,126,19,107,華南永昌-高雄,2023-04-07,9303
4564,元翎,91,3,88,華南永昌-高雄,2023-04-07,9303
1409,新纖,70,0,70,華南永昌-高雄,2023-04-07,9303
00922,國泰台灣領袖50,57,0,57,華南永昌-高雄,2023-04-07,9303
00673R,期元大S＆P原油反1,55,0,55,華南永昌-高雄,2023-04-07,9303
00665L,富邦�琤肭磪囓�2,50,0,50,華南永昌-高雄,2023-04-07,9303
1514,亞力,53,4,49,華南永昌-高雄,2023-04-07,9303
1519,華城,62,18,44,華南永昌-高雄,2023-04-07,9303
6829,千附精密,43,0,43,華南永昌-高雄,2023-04-07,9303
2331,精英,41,0,41,華南永昌-高雄,2023-04-07,9303
1609,大亞,71,32,39,華南永昌-高雄,2023-04-07,9303
2495,普安,39,1,38,華南永昌-高雄,2023-04-07,9303
2302,麗正,37,5,32,華南永昌-高雄,2023-04-07,9303
1218,泰山,31,0,31,華南永昌-高雄,2023-04-07,9303
8171,天宇,31,0,31,華南永昌-高雄,2023-04-07,9303
2208,台船,35,4,31,華南永昌-高雄,2023-04-07,9303
4127,天良,27,0,27,華南永昌-高雄,2023-04-07,9303
3664,安瑞-KY,25,0,25,華南永昌-高雄,2023-04-07,9303
3004,豐達科,24,0,24,華南永昌-高雄,2023-04-07,9303
3313,斐成,24,0,24,華南永昌-高雄,2023-04-07,9303
2358,廷鑫,24,0,24,華南永昌-高雄,2023-04-07,9303
2409,友達,23,0,23,華南永昌-高雄,2023-04-07,9303
5388,中磊,22,0,22,華南永昌-高雄,2023-04-07,9303
6715,嘉基,21,0,21,華南永昌-高雄,2023-04-07,9303
00893,國泰智能電動車,20,0,20,華南永昌-高雄,2023-04-07,9303
00652,富邦印度,20,0,20,華南永昌-高雄,2023-04-07,9303
3447,展達,23,3,20,華南永昌-高雄,2023-04-07,9303
5465,富驊,18,0,18,華南永昌-高雄,2023-04-07,9303
3707,漢磊,19,2,17,華南永昌-高雄,2023-04-07,9303
4541,晟田,20,4,16,華南永昌-高雄,2023-04-07,9303
5243,乙盛-KY,15,0,15,華南永昌-高雄,2023-04-07,9303
2886,兆豐金,14,0,14,華南永昌-高雄,2023-04-07,9303
2332,友訊,14,0,14,華南永昌-高雄,2023-04-07,9303
2614,東森,18,5,13,華南永昌-高雄,2023-04-07,9303
2884,玉山金,12,0,12,華南永昌-高雄,2023-04-07,9303
6235,華孚,54,43,11,華南永昌-高雄,2023-04-07,9303
3272,東碩,11,0,11,華南永昌-高雄,2023-04-07,9303
1612,宏泰,11,0,11,華南永昌-高雄,2023-04-07,9303
2453,凌群,25,14,11,華南永昌-高雄,2023-04-07,9303
2482,連宇,16,5,11,華南永昌-高雄,2023-04-07,9303
3028,增你強,11,0,11,華南永昌-高雄,2023-04-07,9303
2603,長榮,19,9,10,華南永昌-高雄,2023-04-07,9303
2027,大成鋼,21,11,10,華南永昌-高雄,2023-04-07,9303
2645,長榮航太,14,4,10,華南永昌-高雄,2023-04-07,9303
2601,益航,10,0,10,華南永昌-高雄,2023-04-07,9303
3202,樺晟,10,0,10,華南永昌-高雄,2023-04-07,9303
00892,富邦台灣半導體,10,0,10,華南永昌-高雄,2023-04-07,9303
1512,瑞利,10,0,10,華南永昌-高雄,2023-04-07,9303
5608,四維航,10,0,10,華南永昌-高雄,2023-04-07,9303
00632R,元大台灣50反1,350,63,287,華南永昌-高雄,2023-04-10,9303
2002,中鋼,122,0,122,華南永昌-高雄,2023-04-10,9303
2457,飛宏,145,25,120,華南永昌-高雄,2023-04-10,9303
1314,中石化,103,2,101,華南永昌-高雄,2023-04-10,9303
00679B,元大美債20年,183,121,62,華南永昌-高雄,2023-04-10,9303
2367,燿華,55,0,55,華南永昌-高雄,2023-04-10,9303
4127,天良,48,0,48,華南永昌-高雄,2023-04-10,9303
2323,中環,127,80,47,華南永昌-高雄,2023-04-10,9303
8028,昇陽半導體,43,9,34,華南永昌-高雄,2023-04-10,9303
2605,新興,36,5,31,華南永昌-高雄,2023-04-10,9303
2886,兆豐金,30,0,30,華南永昌-高雄,2023-04-10,9303
2609,陽明,62,36,26,華南永昌-高雄,2023-04-10,9303
4153,鈺緯,25,0,25,華南永昌-高雄,2023-04-10,9303
6548,長科*,26,2,24,華南永昌-高雄,2023-04-10,9303
2317,鴻海,24,1,23,華南永昌-高雄,2023-04-10,9303
6235,華孚,49,26,23,華南永昌-高雄,2023-04-10,9303
3707,漢磊,23,1,22,華南永昌-高雄,2023-04-10,9303
8426,紅木-KY,20,0,20,華南永昌-高雄,2023-04-10,9303
6152,百一,20,0,20,華南永昌-高雄,2023-04-10,9303
2344,華邦電,37,17,20,華南永昌-高雄,2023-04-10,9303
00725B,國泰投資級公司債,26,8,18,華南永昌-高雄,2023-04-10,9303
1605,華新,47,31,16,華南永昌-高雄,2023-04-10,9303
4130,健亞,15,0,15,華南永昌-高雄,2023-04-10,9303
2030,彰源,15,0,15,華南永昌-高雄,2023-04-10,9303
2481,強茂,16,1,15,華南永昌-高雄,2023-04-10,9303
6279,胡連,15,1,14,華南永昌-高雄,2023-04-10,9303
6285,啟��,16,2,14,華南永昌-高雄,2023-04-10,9303
2637,慧洋-KY,18,4,14,華南永昌-高雄,2023-04-10,9303
8222,寶一,18,4,14,華南永昌-高雄,2023-04-10,9303
00720B,元大投資級公司債,19,6,13,華南永昌-高雄,2023-04-10,9303
3078,僑威,15,2,13,華南永昌-高雄,2023-04-10,9303
00751B,元大AAA至A公司債,28,15,13,華南永昌-高雄,2023-04-10,9303
2413,環科,14,2,12,華南永昌-高雄,2023-04-10,9303
00673R,期元大S＆P原油反1,12,0,12,華南永昌-高雄,2023-04-10,9303
2302,麗正,12,0,12,華南永昌-高雄,2023-04-10,9303
1611,中電,12,0,12,華南永昌-高雄,2023-04-10,9303
6477,安集,22,10,12,華南永昌-高雄,2023-04-10,9303
1609,大亞,18,6,12,華南永昌-高雄,2023-04-10,9303
4968,立積,23,11,12,華南永昌-高雄,2023-04-10,9303
1795,美時,13,2,11,華南永昌-高雄,2023-04-10,9303
1712,興農,11,0,11,華南永昌-高雄,2023-04-10,9303
5465,富驊,13,2,11,華南永昌-高雄,2023-04-10,9303
1720,生達,11,0,11,華南永昌-高雄,2023-04-10,9303
3056,富華新,10,0,10,華南永昌-高雄,2023-04-10,9303
1220,台榮,10,0,10,華南永昌-高雄,2023-04-10,9303
2614,東森,10,0,10,華南永昌-高雄,2023-04-10,9303
2014,中鴻,10,0,10,華南永昌-高雄,2023-04-10,9303
3664,安瑞-KY,10,0,10,華南永昌-高雄,2023-04-10,9303
2889,國票金,10,0,10,華南永昌-高雄,2023-04-10,9303
9962,有益,9,0,9,華南永昌-高雄,2023-04-10,9303
6127,九豪,192,1,191,華南永昌-高雄,2023-04-11,9303
4127,天良,142,0,142,華南永昌-高雄,2023-04-11,9303
2634,漢翔,130,14,116,華南永昌-高雄,2023-04-11,9303
00673R,期元大S＆P原油反1,79,0,79,華南永昌-高雄,2023-04-11,9303
00679B,元大美債20年,188,120,68,華南永昌-高雄,2023-04-11,9303
6485,點序,65,5,60,華南永昌-高雄,2023-04-11,9303
4927,泰鼎-KY,82,30,52,華南永昌-高雄,2023-04-11,9303
2443,昶虹,48,0,48,華南永昌-高雄,2023-04-11,9303
00772B,中信高評級公司債,54,10,44,華南永昌-高雄,2023-04-11,9303
2867,三商壽,48,7,41,華南永昌-高雄,2023-04-11,9303
6770,力積電,134,95,39,華南永昌-高雄,2023-04-11,9303
3029,零壹,52,15,37,華南永昌-高雄,2023-04-11,9303
6548,長科*,52,16,36,華南永昌-高雄,2023-04-11,9303
3481,群創,47,14,33,華南永昌-高雄,2023-04-11,9303
3441,聯一光,38,7,31,華南永昌-高雄,2023-04-11,9303
3058,立德,30,0,30,華南永昌-高雄,2023-04-11,9303
6547,高端疫苗,29,0,29,華南永昌-高雄,2023-04-11,9303
3447,展達,28,2,26,華南永昌-高雄,2023-04-11,9303
0052,富邦科技,26,0,26,華南永昌-高雄,2023-04-11,9303
00712,復華富時不動產,25,0,25,華南永昌-高雄,2023-04-11,9303
6209,今國光,29,4,25,華南永昌-高雄,2023-04-11,9303
2413,環科,32,7,25,華南永昌-高雄,2023-04-11,9303
3520,華盈,25,0,25,華南永昌-高雄,2023-04-11,9303
2303,聯電,32,8,24,華南永昌-高雄,2023-04-11,9303
2330,台積電,27,4,23,華南永昌-高雄,2023-04-11,9303
6470,宇智,23,1,22,華南永昌-高雄,2023-04-11,9303
3049,精金,24,2,22,華南永昌-高雄,2023-04-11,9303
1409,新纖,20,0,20,華南永昌-高雄,2023-04-11,9303
9934,成霖,20,0,20,華南永昌-高雄,2023-04-11,9303
00665L,富邦�琤肭磪囓�2,20,0,20,華南永昌-高雄,2023-04-11,9303
4989,榮科,20,0,20,華南永昌-高雄,2023-04-11,9303
2367,燿華,20,0,20,華南永昌-高雄,2023-04-11,9303
8227,巨有科技,20,1,19,華南永昌-高雄,2023-04-11,9303
5425,台半,25,8,17,華南永昌-高雄,2023-04-11,9303
6245,立端,27,10,17,華南永昌-高雄,2023-04-11,9303
2105,正新,15,2,13,華南永昌-高雄,2023-04-11,9303
1718,中纖,13,0,13,華南永昌-高雄,2023-04-11,9303
4746,台耀,21,9,12,華南永昌-高雄,2023-04-11,9303
5227,立凱-KY,13,1,12,華南永昌-高雄,2023-04-11,9303
1101,台泥,37,26,11,華南永昌-高雄,2023-04-11,9303
00725B,國泰投資級公司債,19,8,11,華南永昌-高雄,2023-04-11,9303
5315,光聯,11,0,11,華南永昌-高雄,2023-04-11,9303
4153,鈺緯,20,9,11,華南永昌-高雄,2023-04-11,9303
00637L,元大滬深300正2,14,3,11,華南永昌-高雄,2023-04-11,9303
00907,永豐優息存股,11,0,11,華南永昌-高雄,2023-04-11,9303
2402,毅嘉,16,5,11,華南永昌-高雄,2023-04-11,9303
1611,中電,10,0,10,華南永昌-高雄,2023-04-11,9303
4130,健亞,10,0,10,華南永昌-高雄,2023-04-11,9303
8426,紅木-KY,10,0,10,華南永昌-高雄,2023-04-11,9303
2028,威致,10,0,10,華南永昌-高雄,2023-04-11,9303
1514,亞力,266,45,221,華南永昌-高雄,2023-04-12,9303
8936,國統,128,31,97,華南永昌-高雄,2023-04-12,9303
00673R,期元大S＆P原油反1,93,0,93,華南永昌-高雄,2023-04-12,9303
1504,東元,121,49,72,華南永昌-高雄,2023-04-12,9303
2317,鴻海,67,8,59,華南永昌-高雄,2023-04-12,9303
0056,元大高股息,55,5,50,華南永昌-高雄,2023-04-12,9303
6217,中探針,55,11,44,華南永昌-高雄,2023-04-12,9303
3033,威健,40,0,40,華南永昌-高雄,2023-04-12,9303
00712,復華富時不動產,39,0,39,華南永昌-高雄,2023-04-12,9303
1609,大亞,98,59,39,華南永昌-高雄,2023-04-12,9303
3520,華盈,37,2,35,華南永昌-高雄,2023-04-12,9303
00679B,元大美債20年,78,45,33,華南永昌-高雄,2023-04-12,9303
6274,台燿,31,1,30,華南永昌-高雄,2023-04-12,9303
2886,兆豐金,30,0,30,華南永昌-高雄,2023-04-12,9303
3617,碩天,30,0,30,華南永昌-高雄,2023-04-12,9303
3037,欣興,27,2,25,華南永昌-高雄,2023-04-12,9303
4967,十銓,71,46,25,華南永昌-高雄,2023-04-12,9303
2605,新興,25,0,25,華南永昌-高雄,2023-04-12,9303
2402,毅嘉,36,11,25,華南永昌-高雄,2023-04-12,9303
6829,千附精密,21,0,21,華南永昌-高雄,2023-04-12,9303
6234,高僑,21,2,19,華南永昌-高雄,2023-04-12,9303
2313,華通,22,3,19,華南永昌-高雄,2023-04-12,9303
2530,華建,20,1,19,華南永昌-高雄,2023-04-12,9303
4536,拓凱,21,2,19,華南永昌-高雄,2023-04-12,9303
00878,國泰永續高股息,34,16,18,華南永昌-高雄,2023-04-12,9303
00905,FT臺灣Smart,20,2,18,華南永昌-高雄,2023-04-12,9303
3264,欣銓,21,3,18,華南永昌-高雄,2023-04-12,9303
2867,三商壽,19,1,18,華南永昌-高雄,2023-04-12,9303
6188,廣明,23,5,18,華南永昌-高雄,2023-04-12,9303
2885,元大金,21,4,17,華南永昌-高雄,2023-04-12,9303
3533,嘉澤,18,1,17,華南永昌-高雄,2023-04-12,9303
6470,宇智,17,0,17,華南永昌-高雄,2023-04-12,9303
3207,耀勝,16,0,16,華南永昌-高雄,2023-04-12,9303
2399,映泰,16,0,16,華南永昌-高雄,2023-04-12,9303
8088,品安,44,28,16,華南永昌-高雄,2023-04-12,9303
3701,大眾控,21,5,16,華南永昌-高雄,2023-04-12,9303
1409,新纖,15,0,15,華南永昌-高雄,2023-04-12,9303
6275,元山,15,0,15,華南永昌-高雄,2023-04-12,9303
8426,紅木-KY,15,0,15,華南永昌-高雄,2023-04-12,9303
1535,中宇,17,2,15,華南永昌-高雄,2023-04-12,9303
2427,三商電,15,1,14,華南永昌-高雄,2023-04-12,9303
3494,誠研,14,0,14,華南永昌-高雄,2023-04-12,9303
3540,曜越,23,9,14,華南永昌-高雄,2023-04-12,9303
00637L,元大滬深300正2,17,4,13,華南永昌-高雄,2023-04-12,9303
3406,玉晶光,34,22,12,華南永昌-高雄,2023-04-12,9303
6248,沛波,12,0,12,華南永昌-高雄,2023-04-12,9303
6266,泰詠,21,9,12,華南永昌-高雄,2023-04-12,9303
1229,聯華,12,1,11,華南永昌-高雄,2023-04-12,9303
2460,建通,11,0,11,華南永昌-高雄,2023-04-12,9303
6462,神盾,12,1,11,華南永昌-高雄,2023-04-12,9303
2390,云辰,110,15,95,華南永昌-高雄,2023-04-13,9303
00673R,期元大S＆P原油反1,91,0,91,華南永昌-高雄,2023-04-13,9303
8926,台汽電,95,14,81,華南永昌-高雄,2023-04-13,9303
6122,擎邦,77,7,70,華南永昌-高雄,2023-04-13,9303
3062,建漢,61,0,61,華南永昌-高雄,2023-04-13,9303
00679B,元大美債20年,89,37,52,華南永昌-高雄,2023-04-13,9303
6234,高僑,63,12,51,華南永昌-高雄,2023-04-13,9303
1609,大亞,129,81,48,華南永昌-高雄,2023-04-13,9303
2816,旺旺保,44,0,44,華南永昌-高雄,2023-04-13,9303
2344,華邦電,64,20,44,華南永昌-高雄,2023-04-13,9303
3312,弘憶股,41,0,41,華南永昌-高雄,2023-04-13,9303
4979,華星光,81,42,39,華南永昌-高雄,2023-04-13,9303
2367,燿華,62,25,37,華南永昌-高雄,2023-04-13,9303
2317,鴻海,46,10,36,華南永昌-高雄,2023-04-13,9303
1101,台泥,39,6,33,華南永昌-高雄,2023-04-13,9303
2380,虹光,31,0,31,華南永昌-高雄,2023-04-13,9303
4541,晟田,30,0,30,華南永昌-高雄,2023-04-13,9303
3576,聯合再生,63,34,29,華南永昌-高雄,2023-04-13,9303
2358,廷鑫,31,2,29,華南永昌-高雄,2023-04-13,9303
1503,士電,59,31,28,華南永昌-高雄,2023-04-13,9303
3078,僑威,31,4,27,華南永昌-高雄,2023-04-13,9303
00637L,元大滬深300正2,34,8,26,華南永昌-高雄,2023-04-13,9303
6547,高端疫苗,31,5,26,華南永昌-高雄,2023-04-13,9303
1471,首利,25,0,25,華南永昌-高雄,2023-04-13,9303
00665L,富邦�琤肭磪囓�2,25,0,25,華南永昌-高雄,2023-04-13,9303
2330,台積電,29,4,25,華南永昌-高雄,2023-04-13,9303
00725B,國泰投資級公司債,32,9,23,華南永昌-高雄,2023-04-13,9303
00753L,中信中國50正2,23,0,23,華南永昌-高雄,2023-04-13,9303
00712,復華富時不動產,23,0,23,華南永昌-高雄,2023-04-13,9303
3013,晟銘電,26,4,22,華南永昌-高雄,2023-04-13,9303
00896,中信綠能及電動車,22,0,22,華南永昌-高雄,2023-04-13,9303
3034,聯詠,21,0,21,華南永昌-高雄,2023-04-13,9303
3056,富華新,23,3,20,華南永昌-高雄,2023-04-13,9303
1513,中興電,57,38,19,華南永昌-高雄,2023-04-13,9303
6770,力積電,20,1,19,華南永昌-高雄,2023-04-13,9303
1308,亞聚,34,15,19,華南永昌-高雄,2023-04-13,9303
00923,群益台ESG低碳50,19,0,19,華南永昌-高雄,2023-04-13,9303
2485,兆赫,20,2,18,華南永昌-高雄,2023-04-13,9303
6548,長科*,19,1,18,華南永昌-高雄,2023-04-13,9303
2436,偉詮電,18,0,18,華南永昌-高雄,2023-04-13,9303
6217,中探針,21,4,17,華南永昌-高雄,2023-04-13,9303
4967,十銓,31,14,17,華南永昌-高雄,2023-04-13,9303
6282,康舒,16,0,16,華南永昌-高雄,2023-04-13,9303
6285,啟��,17,1,16,華南永昌-高雄,2023-04-13,9303
00720B,元大投資級公司債,22,6,16,華南永昌-高雄,2023-04-13,9303
2329,華泰,21,6,15,華南永昌-高雄,2023-04-13,9303
3711,日月光投控,16,1,15,華南永昌-高雄,2023-04-13,9303
00674R,期元大S＆P黃金反1,15,0,15,華南永昌-高雄,2023-04-13,9303
2375,凱美,18,3,15,華南永昌-高雄,2023-04-13,9303
9962,有益,15,0,15,華南永昌-高雄,2023-04-13,9303
2610,華航,245,16,229,華南永昌-高雄,2023-04-14,9303
8936,國統,228,6,222,華南永昌-高雄,2023-04-14,9303
6127,九豪,205,0,205,華南永昌-高雄,2023-04-14,9303
1609,大亞,145,60,85,華南永昌-高雄,2023-04-14,9303
2208,台船,210,140,70,華南永昌-高雄,2023-04-14,9303
8926,台汽電,71,2,69,華南永昌-高雄,2023-04-14,9303
3049,精金,65,1,64,華南永昌-高雄,2023-04-14,9303
00912,中信臺灣智慧50,57,0,57,華南永昌-高雄,2023-04-14,9303
4526,東台,51,2,49,華南永昌-高雄,2023-04-14,9303
00679B,元大美債20年,205,157,48,華南永昌-高雄,2023-04-14,9303
6122,擎邦,91,46,45,華南永昌-高雄,2023-04-14,9303
2409,友達,58,14,44,華南永昌-高雄,2023-04-14,9303
2834,臺企銀,77,34,43,華南永昌-高雄,2023-04-14,9303
5243,乙盛-KY,41,0,41,華南永昌-高雄,2023-04-14,9303
5512,力麒,42,3,39,華南永昌-高雄,2023-04-14,9303
2382,廣達,58,20,38,華南永昌-高雄,2023-04-14,9303
00632R,元大台灣50反1,46,10,36,華南永昌-高雄,2023-04-14,9303
00720B,元大投資級公司債,53,19,34,華南永昌-高雄,2023-04-14,9303
2106,建大,30,0,30,華南永昌-高雄,2023-04-14,9303
2344,華邦電,35,6,29,華南永昌-高雄,2023-04-14,9303
2402,毅嘉,81,52,29,華南永昌-高雄,2023-04-14,9303
4127,天良,29,0,29,華南永昌-高雄,2023-04-14,9303
00712,復華富時不動產,29,0,29,華南永昌-高雄,2023-04-14,9303
3481,群創,98,70,28,華南永昌-高雄,2023-04-14,9303
00772B,中信高評級公司債,121,94,27,華南永昌-高雄,2023-04-14,9303
1513,中興電,49,22,27,華南永昌-高雄,2023-04-14,9303
8176,智捷,27,0,27,華南永昌-高雄,2023-04-14,9303
3550,聯穎,27,1,26,華南永昌-高雄,2023-04-14,9303
6732,昇佳電子,27,2,25,華南永昌-高雄,2023-04-14,9303
2023,燁輝,25,0,25,華南永昌-高雄,2023-04-14,9303
2812,台中銀,26,1,25,華南永昌-高雄,2023-04-14,9303
1503,士電,41,16,25,華南永昌-高雄,2023-04-14,9303
6282,康舒,36,13,23,華南永昌-高雄,2023-04-14,9303
5498,凱崴,22,0,22,華南永昌-高雄,2023-04-14,9303
3017,奇鋐,29,8,21,華南永昌-高雄,2023-04-14,9303
6829,千附精密,36,16,20,華南永昌-高雄,2023-04-14,9303
2495,普安,37,17,20,華南永昌-高雄,2023-04-14,9303
6477,安集,28,8,20,華南永昌-高雄,2023-04-14,9303
3715,定穎投控,17,0,17,華南永昌-高雄,2023-04-14,9303
3680,家登,23,6,17,華南永昌-高雄,2023-04-14,9303
2323,中環,18,1,17,華南永昌-高雄,2023-04-14,9303
5328,華容,24,7,17,華南永昌-高雄,2023-04-14,9303
6005,群益證,17,0,17,華南永昌-高雄,2023-04-14,9303
1504,東元,37,21,16,華南永昌-高雄,2023-04-14,9303
2399,映泰,16,0,16,華南永昌-高雄,2023-04-14,9303
2331,精英,20,4,16,華南永昌-高雄,2023-04-14,9303
4746,台耀,16,0,16,華南永昌-高雄,2023-04-14,9303
2354,鴻準,21,6,15,華南永昌-高雄,2023-04-14,9303
8028,昇陽半導體,16,1,15,華南永昌-高雄,2023-04-14,9303
1702,南僑,15,0,15,華南永昌-高雄,2023-04-14,9303
3481,群創,269,26,243,華南永昌-高雄,2023-04-17,9303
2706,第一店,207,0,207,華南永昌-高雄,2023-04-17,9303
00679B,元大美債20年,298,121,177,華南永昌-高雄,2023-04-17,9303
2460,建通,155,4,151,華南永昌-高雄,2023-04-17,9303
4513,福裕,82,0,82,華南永昌-高雄,2023-04-17,9303
8926,台汽電,81,5,76,華南永昌-高雄,2023-04-17,9303
6127,九豪,77,3,74,華南永昌-高雄,2023-04-17,9303
4127,天良,122,56,66,華南永昌-高雄,2023-04-17,9303
6282,康舒,137,73,64,華南永昌-高雄,2023-04-17,9303
3004,豐達科,56,1,55,華南永昌-高雄,2023-04-17,9303
00712,復華富時不動產,52,0,52,華南永昌-高雄,2023-04-17,9303
1605,華新,93,43,50,華南永昌-高雄,2023-04-17,9303
2618,長榮航,44,0,44,華南永昌-高雄,2023-04-17,9303
4526,東台,45,2,43,華南永昌-高雄,2023-04-17,9303
9802,鈺齊-KY,37,0,37,華南永昌-高雄,2023-04-17,9303
00673R,期元大S＆P原油反1,35,0,35,華南永昌-高雄,2023-04-17,9303
6026,福邦證,54,19,35,華南永昌-高雄,2023-04-17,9303
2425,承啟,44,9,35,華南永昌-高雄,2023-04-17,9303
2329,華泰,43,9,34,華南永昌-高雄,2023-04-17,9303
2002,中鋼,35,3,32,華南永昌-高雄,2023-04-17,9303
3032,偉訓,36,5,31,華南永昌-高雄,2023-04-17,9303
2913,農林,31,0,31,華南永昌-高雄,2023-04-17,9303
00680L,元大美債20正2,43,13,30,華南永昌-高雄,2023-04-17,9303
1514,亞力,47,17,30,華南永昌-高雄,2023-04-17,9303
3576,聯合再生,29,2,27,華南永昌-高雄,2023-04-17,9303
1519,華城,46,19,27,華南永昌-高雄,2023-04-17,9303
8936,國統,31,5,26,華南永昌-高雄,2023-04-17,9303
2340,台亞,26,2,24,華南永昌-高雄,2023-04-17,9303
2323,中環,31,7,24,華南永昌-高雄,2023-04-17,9303
1529,樂事綠能,31,7,24,華南永昌-高雄,2023-04-17,9303
6547,高端疫苗,119,95,24,華南永昌-高雄,2023-04-17,9303
4541,晟田,28,5,23,華南永昌-高雄,2023-04-17,9303
6190,萬泰科,31,8,23,華南永昌-高雄,2023-04-17,9303
9914,美利達,22,0,22,華南永昌-高雄,2023-04-17,9303
2867,三商壽,29,8,21,華南永昌-高雄,2023-04-17,9303
00772B,中信高評級公司債,56,35,21,華南永昌-高雄,2023-04-17,9303
4114,健喬,34,14,20,華南永昌-高雄,2023-04-17,9303
3712,永崴投控,47,27,20,華南永昌-高雄,2023-04-17,9303
2409,友達,19,0,19,華南永昌-高雄,2023-04-17,9303
2312,金寶,25,8,17,華南永昌-高雄,2023-04-17,9303
6142,友勁,23,7,16,華南永昌-高雄,2023-04-17,9303
8176,智捷,21,5,16,華南永昌-高雄,2023-04-17,9303
6235,華孚,65,50,15,華南永昌-高雄,2023-04-17,9303
6790,永豐實,15,0,15,華南永昌-高雄,2023-04-17,9303
00907,永豐優息存股,15,0,15,華南永昌-高雄,2023-04-17,9303
3013,晟銘電,27,12,15,華南永昌-高雄,2023-04-17,9303
3017,奇鋐,16,2,14,華南永昌-高雄,2023-04-17,9303
3550,聯穎,14,0,14,華南永昌-高雄,2023-04-17,9303
3680,家登,18,4,14,華南永昌-高雄,2023-04-17,9303
4916,事欣科,20,6,14,華南永昌-高雄,2023-04-17,9303
8926,台汽電,209,34,175,華南永昌-高雄,2023-04-18,9303
00679B,元大美債20年,195,96,99,華南永昌-高雄,2023-04-18,9303
2610,華航,104,16,88,華南永昌-高雄,2023-04-18,9303
2867,三商壽,89,9,80,華南永昌-高雄,2023-04-18,9303
00720B,元大投資級公司債,87,14,73,華南永昌-高雄,2023-04-18,9303
2208,台船,105,37,68,華南永昌-高雄,2023-04-18,9303
2344,華邦電,61,0,61,華南永昌-高雄,2023-04-18,9303
2421,建準,62,2,60,華南永昌-高雄,2023-04-18,9303
6026,福邦證,55,1,54,華南永昌-高雄,2023-04-18,9303
00912,中信臺灣智慧50,54,0,54,華南永昌-高雄,2023-04-18,9303
6127,九豪,119,66,53,華南永昌-高雄,2023-04-18,9303
1308,亞聚,52,0,52,華南永昌-高雄,2023-04-18,9303
1312,國喬,51,0,51,華南永昌-高雄,2023-04-18,9303
00673R,期元大S＆P原油反1,52,2,50,華南永昌-高雄,2023-04-18,9303
4127,天良,48,0,48,華南永昌-高雄,2023-04-18,9303
1529,樂事綠能,72,26,46,華南永昌-高雄,2023-04-18,9303
1444,力麗,47,5,42,華南永昌-高雄,2023-04-18,9303
2342,茂矽,40,0,40,華南永昌-高雄,2023-04-18,9303
5211,蒙恬,41,6,35,華南永昌-高雄,2023-04-18,9303
00680L,元大美債20正2,36,1,35,華南永昌-高雄,2023-04-18,9303
6548,長科*,40,5,35,華南永昌-高雄,2023-04-18,9303
1605,華新,61,27,34,華南永昌-高雄,2023-04-18,9303
8171,天宇,34,0,34,華南永昌-高雄,2023-04-18,9303
3615,安可,30,0,30,華南永昌-高雄,2023-04-18,9303
00895,富邦未來車,30,0,30,華南永昌-高雄,2023-04-18,9303
3231,緯創,39,10,29,華南永昌-高雄,2023-04-18,9303
6133,金橋,27,2,25,華南永昌-高雄,2023-04-18,9303
2609,陽明,35,10,25,華南永昌-高雄,2023-04-18,9303
2409,友達,24,0,24,華南永昌-高雄,2023-04-18,9303
2049,上銀,24,0,24,華南永昌-高雄,2023-04-18,9303
2812,台中銀,24,0,24,華南永昌-高雄,2023-04-18,9303
8936,國統,33,10,23,華南永昌-高雄,2023-04-18,9303
5452,佶優,22,0,22,華南永昌-高雄,2023-04-18,9303
5009,榮剛,41,19,22,華南永昌-高雄,2023-04-18,9303
2634,漢翔,137,115,22,華南永昌-高雄,2023-04-18,9303
00751B,元大AAA至A公司債,25,4,21,華南永昌-高雄,2023-04-18,9303
2615,萬海,54,33,21,華南永昌-高雄,2023-04-18,9303
1337,再生-KY,21,0,21,華南永昌-高雄,2023-04-18,9303
0056,元大高股息,29,9,20,華南永昌-高雄,2023-04-18,9303
2428,興勤,20,0,20,華南永昌-高雄,2023-04-18,9303
00772B,中信高評級公司債,52,33,19,華南永昌-高雄,2023-04-18,9303
3234,光環,24,5,19,華南永昌-高雄,2023-04-18,9303
2471,資通,24,6,18,華南永昌-高雄,2023-04-18,9303
2302,麗正,18,1,17,華南永昌-高雄,2023-04-18,9303
4906,正文,36,19,17,華南永昌-高雄,2023-04-18,9303
2457,飛宏,81,64,17,華南永昌-高雄,2023-04-18,9303
2359,所羅門,42,26,16,華南永昌-高雄,2023-04-18,9303
00923,群益台ESG低碳50,16,0,16,華南永昌-高雄,2023-04-18,9303
8038,長園科,16,0,16,華南永昌-高雄,2023-04-18,9303
00712,復華富時不動產,16,1,15,華南永昌-高雄,2023-04-18,9303
2313,華通,121,0,121,華南永昌-高雄,2023-04-19,9303
2353,宏��,121,20,101,華南永昌-高雄,2023-04-19,9303
2344,華邦電,94,10,84,華南永昌-高雄,2023-04-19,9303
5478,智冠,82,4,78,華南永昌-高雄,2023-04-19,9303
4979,華星光,86,28,58,華南永昌-高雄,2023-04-19,9303
1810,和成,83,29,54,華南永昌-高雄,2023-04-19,9303
020032,元大綠能N,50,0,50,華南永昌-高雄,2023-04-19,9303
00665L,富邦�琤肭磪囓�2,50,0,50,華南永昌-高雄,2023-04-19,9303
4402,郡都開發,48,0,48,華南永昌-高雄,2023-04-19,9303
3004,豐達科,46,1,45,華南永昌-高雄,2023-04-19,9303
00923,群益台ESG低碳50,44,0,44,華南永昌-高雄,2023-04-19,9303
4167,松瑞藥,41,0,41,華南永昌-高雄,2023-04-19,9303
4510,高鋒,43,5,38,華南永昌-高雄,2023-04-19,9303
4127,天良,44,10,34,華南永昌-高雄,2023-04-19,9303
00900,富邦特選高股息30,32,0,32,華南永昌-高雄,2023-04-19,9303
2482,連宇,34,3,31,華南永昌-高雄,2023-04-19,9303
6182,合晶,45,14,31,華南永昌-高雄,2023-04-19,9303
6190,萬泰科,31,0,31,華南永昌-高雄,2023-04-19,9303
2201,裕隆,38,11,27,華南永昌-高雄,2023-04-19,9303
2356,英業達,29,3,26,華南永昌-高雄,2023-04-19,9303
3046,建��,28,2,26,華南永昌-高雄,2023-04-19,9303
4967,十銓,32,7,25,華南永昌-高雄,2023-04-19,9303
2317,鴻海,25,1,24,華南永昌-高雄,2023-04-19,9303
2409,友達,38,14,24,華南永昌-高雄,2023-04-19,9303
2634,漢翔,69,45,24,華南永昌-高雄,2023-04-19,9303
3481,群創,106,82,24,華南永昌-高雄,2023-04-19,9303
4716,大立,29,6,23,華南永昌-高雄,2023-04-19,9303
6865,偉康科技,25,2,23,華南永昌-高雄,2023-04-19,9303
00679B,元大美債20年,61,39,22,華南永昌-高雄,2023-04-19,9303
2460,建通,24,2,22,華南永昌-高雄,2023-04-19,9303
2812,台中銀,22,0,22,華南永昌-高雄,2023-04-19,9303
2614,東森,22,0,22,華南永昌-高雄,2023-04-19,9303
2324,仁寶,67,46,21,華南永昌-高雄,2023-04-19,9303
3047,訊舟,32,12,20,華南永昌-高雄,2023-04-19,9303
00772B,中信高評級公司債,28,9,19,華南永昌-高雄,2023-04-19,9303
3588,通嘉,24,5,19,華南永昌-高雄,2023-04-19,9303
6111,大宇資,24,6,18,華南永昌-高雄,2023-04-19,9303
00637L,元大滬深300正2,24,6,18,華南永昌-高雄,2023-04-19,9303
3003,健和興,22,4,18,華南永昌-高雄,2023-04-19,9303
6234,高僑,23,6,17,華南永昌-高雄,2023-04-19,9303
2367,燿華,17,0,17,華南永昌-高雄,2023-04-19,9303
6796,晉弘,15,0,15,華南永昌-高雄,2023-04-19,9303
6806,森崴能源,24,9,15,華南永昌-高雄,2023-04-19,9303
1323,永裕,15,0,15,華南永昌-高雄,2023-04-19,9303
00751B,元大AAA至A公司債,15,0,15,華南永昌-高雄,2023-04-19,9303
1722,台肥,15,0,15,華南永昌-高雄,2023-04-19,9303
2342,茂矽,34,19,15,華南永昌-高雄,2023-04-19,9303
6163,華電網,38,23,15,華南永昌-高雄,2023-04-19,9303
6770,力積電,23,9,14,華南永昌-高雄,2023-04-19,9303
2303,聯電,17,3,14,華南永昌-高雄,2023-04-19,9303
00888,永豐台灣ESG,92,0,92,華南永昌-高雄,2023-04-20,9303
6122,擎邦,84,1,83,華南永昌-高雄,2023-04-20,9303
00632R,元大台灣50反1,73,4,69,華南永昌-高雄,2023-04-20,9303
3017,奇鋐,78,13,65,華南永昌-高雄,2023-04-20,9303
5211,蒙恬,57,3,54,華南永昌-高雄,2023-04-20,9303
00878,國泰永續高股息,324,271,53,華南永昌-高雄,2023-04-20,9303
3576,聯合再生,61,8,53,華南永昌-高雄,2023-04-20,9303
2535,達欣工,52,3,49,華南永昌-高雄,2023-04-20,9303
4934,太極,52,3,49,華南永昌-高雄,2023-04-20,9303
4167,松瑞藥,52,12,40,華南永昌-高雄,2023-04-20,9303
6244,茂迪,114,77,37,華南永昌-高雄,2023-04-20,9303
8038,長園科,43,6,37,華南永昌-高雄,2023-04-20,9303
2409,友達,36,1,35,華南永昌-高雄,2023-04-20,9303
1810,和成,133,98,35,華南永昌-高雄,2023-04-20,9303
6235,華孚,51,25,26,華南永昌-高雄,2023-04-20,9303
1503,士電,30,4,26,華南永昌-高雄,2023-04-20,9303
2634,漢翔,71,45,26,華南永昌-高雄,2023-04-20,9303
00720B,元大投資級公司債,25,0,25,華南永昌-高雄,2023-04-20,9303
2314,台揚,30,5,25,華南永昌-高雄,2023-04-20,9303
5284,jpp-KY,26,1,25,華南永昌-高雄,2023-04-20,9303
5009,榮剛,32,7,25,華南永昌-高雄,2023-04-20,9303
1809,中釉,29,5,24,華南永昌-高雄,2023-04-20,9303
2484,希華,25,2,23,華南永昌-高雄,2023-04-20,9303
3673,TPK-KY,23,1,22,華南永昌-高雄,2023-04-20,9303
4968,立積,22,1,21,華南永昌-高雄,2023-04-20,9303
2754,亞洲藏壽司,20,0,20,華南永昌-高雄,2023-04-20,9303
00912,中信臺灣智慧50,20,0,20,華南永昌-高雄,2023-04-20,9303
4966,譜瑞-KY,20,0,20,華南永昌-高雄,2023-04-20,9303
3090,日電貿,20,0,20,華南永昌-高雄,2023-04-20,9303
3078,僑威,48,28,20,華南永昌-高雄,2023-04-20,9303
6443,元晶,43,25,18,華南永昌-高雄,2023-04-20,9303
6282,康舒,109,91,18,華南永昌-高雄,2023-04-20,9303
2303,聯電,19,1,18,華南永昌-高雄,2023-04-20,9303
4147,中裕,30,13,17,華南永昌-高雄,2023-04-20,9303
4923,力士,17,0,17,華南永昌-高雄,2023-04-20,9303
2453,凌群,19,3,16,華南永昌-高雄,2023-04-20,9303
00891,中信關鍵半導體,15,0,15,華南永昌-高雄,2023-04-20,9303
1323,永裕,15,0,15,華南永昌-高雄,2023-04-20,9303
3092,鴻碩,16,1,15,華南永昌-高雄,2023-04-20,9303
6234,高僑,25,10,15,華南永昌-高雄,2023-04-20,9303
2515,中工,23,10,13,華南永昌-高雄,2023-04-20,9303
2324,仁寶,23,10,13,華南永昌-高雄,2023-04-20,9303
8111,立��,21,8,13,華南永昌-高雄,2023-04-20,9303
1708,東鹼,15,2,13,華南永昌-高雄,2023-04-20,9303
5243,乙盛-KY,25,12,13,華南永昌-高雄,2023-04-20,9303
6550,北極星藥業-KY,24,12,12,華南永昌-高雄,2023-04-20,9303
2201,裕隆,29,17,12,華南永昌-高雄,2023-04-20,9303
00772B,中信高評級公司債,17,5,12,華南永昌-高雄,2023-04-20,9303
3094,聯傑,11,0,11,華南永昌-高雄,2023-04-20,9303
2498,宏達電,20,9,11,華南永昌-高雄,2023-04-20,9303
4931,新盛力,190,31,159,華南永昌-高雄,2023-04-21,9303
6770,力積電,102,1,101,華南永昌-高雄,2023-04-21,9303
00919,群益台灣精選高息,73,0,73,華南永昌-高雄,2023-04-21,9303
1611,中電,119,51,68,華南永昌-高雄,2023-04-21,9303
6122,擎邦,63,1,62,華南永昌-高雄,2023-04-21,9303
6285,啟��,59,0,59,華南永昌-高雄,2023-04-21,9303
2027,大成鋼,51,0,51,華南永昌-高雄,2023-04-21,9303
3583,辛耘,50,0,50,華南永昌-高雄,2023-04-21,9303
6523,達爾膚,52,3,49,華南永昌-高雄,2023-04-21,9303
00715L,期街口布蘭特正2,49,5,44,華南永昌-高雄,2023-04-21,9303
6244,茂迪,147,104,43,華南永昌-高雄,2023-04-21,9303
00878,國泰永續高股息,235,192,43,華南永昌-高雄,2023-04-21,9303
3058,立德,52,11,41,華南永昌-高雄,2023-04-21,9303
2484,希華,62,23,39,華南永昌-高雄,2023-04-21,9303
6829,千附精密,46,10,36,華南永昌-高雄,2023-04-21,9303
2453,凌群,36,2,34,華南永昌-高雄,2023-04-21,9303
2535,達欣工,40,6,34,華南永昌-高雄,2023-04-21,9303
0056,元大高股息,45,12,33,華南永昌-高雄,2023-04-21,9303
2634,漢翔,98,67,31,華南永昌-高雄,2023-04-21,9303
2637,慧洋-KY,34,4,30,華南永昌-高雄,2023-04-21,9303
1809,中釉,30,0,30,華南永昌-高雄,2023-04-21,9303
2323,中環,30,0,30,華南永昌-高雄,2023-04-21,9303
1323,永裕,30,0,30,華南永昌-高雄,2023-04-21,9303
2913,農林,155,125,30,華南永昌-高雄,2023-04-21,9303
6865,偉康科技,30,1,29,華南永昌-高雄,2023-04-21,9303
6841,長佳智能,28,0,28,華南永昌-高雄,2023-04-21,9303
4526,東台,27,0,27,華南永昌-高雄,2023-04-21,9303
2609,陽明,43,18,25,華南永昌-高雄,2023-04-21,9303
6218,豪勉,27,2,25,華南永昌-高雄,2023-04-21,9303
00923,群益台ESG低碳50,23,0,23,華南永昌-高雄,2023-04-21,9303
2303,聯電,24,2,22,華南永昌-高雄,2023-04-21,9303
2208,台船,29,7,22,華南永昌-高雄,2023-04-21,9303
6279,胡連,23,1,22,華南永昌-高雄,2023-04-21,9303
00720B,元大投資級公司債,27,6,21,華南永昌-高雄,2023-04-21,9303
3673,TPK-KY,21,0,21,華南永昌-高雄,2023-04-21,9303
2705,六福,21,0,21,華南永昌-高雄,2023-04-21,9303
00888,永豐台灣ESG,20,0,20,華南永昌-高雄,2023-04-21,9303
3004,豐達科,28,8,20,華南永昌-高雄,2023-04-21,9303
2607,榮運,20,0,20,華南永昌-高雄,2023-04-21,9303
1513,中興電,40,20,20,華南永昌-高雄,2023-04-21,9303
2891,中信金,20,0,20,華南永昌-高雄,2023-04-21,9303
3501,維熹,25,5,20,華南永昌-高雄,2023-04-21,9303
5211,蒙恬,20,0,20,華南永昌-高雄,2023-04-21,9303
00900,富邦特選高股息30,19,0,19,華南永昌-高雄,2023-04-21,9303
4147,中裕,26,7,19,華南永昌-高雄,2023-04-21,9303
3045,台灣大,81,62,19,華南永昌-高雄,2023-04-21,9303
3033,威健,19,0,19,華南永昌-高雄,2023-04-21,9303
3149,正達,19,2,17,華南永昌-高雄,2023-04-21,9303
1522,堤維西,21,4,17,華南永昌-高雄,2023-04-21,9303
3691,碩禾,16,0,16,華南永昌-高雄,2023-04-21,9303
4207,環泰,120,0,120,華南永昌-高雄,2023-04-24,9303
1907,永豐餘,82,19,63,華南永昌-高雄,2023-04-24,9303
2337,旺宏,70,15,55,華南永昌-高雄,2023-04-24,9303
1809,中釉,52,0,52,華南永昌-高雄,2023-04-24,9303
2634,漢翔,109,58,51,華南永昌-高雄,2023-04-24,9303
1101,台泥,87,41,46,華南永昌-高雄,2023-04-24,9303
2313,華通,47,3,44,華南永昌-高雄,2023-04-24,9303
3711,日月光投控,39,0,39,華南永昌-高雄,2023-04-24,9303
6122,擎邦,36,1,35,華南永昌-高雄,2023-04-24,9303
6625,必應,44,10,34,華南永昌-高雄,2023-04-24,9303
6182,合晶,33,0,33,華南永昌-高雄,2023-04-24,9303
00679B,元大美債20年,152,120,32,華南永昌-高雄,2023-04-24,9303
1905,華紙,71,41,30,華南永昌-高雄,2023-04-24,9303
2204,中華,31,3,28,華南永昌-高雄,2023-04-24,9303
1310,台苯,32,5,27,華南永昌-高雄,2023-04-24,9303
2891,中信金,27,0,27,華南永昌-高雄,2023-04-24,9303
4931,新盛力,37,11,26,華南永昌-高雄,2023-04-24,9303
2614,東森,25,0,25,華南永昌-高雄,2023-04-24,9303
3712,永崴投控,26,1,25,華南永昌-高雄,2023-04-24,9303
8033,雷虎,25,0,25,華南永昌-高雄,2023-04-24,9303
00902,中信電池及儲能,23,0,23,華南永昌-高雄,2023-04-24,9303
2353,宏��,23,0,23,華南永昌-高雄,2023-04-24,9303
8091,翔名,23,0,23,華南永昌-高雄,2023-04-24,9303
2637,慧洋-KY,22,0,22,華南永昌-高雄,2023-04-24,9303
6443,元晶,25,4,21,華南永昌-高雄,2023-04-24,9303
1711,永光,31,11,20,華南永昌-高雄,2023-04-24,9303
2104,國際中橡,20,0,20,華南永昌-高雄,2023-04-24,9303
3416,融程電,20,0,20,華南永昌-高雄,2023-04-24,9303
00720B,元大投資級公司債,21,3,18,華南永昌-高雄,2023-04-24,9303
2031,新光鋼,24,6,18,華南永昌-高雄,2023-04-24,9303
9902,台火,18,0,18,華南永昌-高雄,2023-04-24,9303
00712,復華富時不動產,16,0,16,華南永昌-高雄,2023-04-24,9303
00715L,期街口布蘭特正2,15,0,15,華南永昌-高雄,2023-04-24,9303
9907,統一實,15,0,15,華南永昌-高雄,2023-04-24,9303
6285,啟��,13,0,13,華南永昌-高雄,2023-04-24,9303
2027,大成鋼,13,0,13,華南永昌-高雄,2023-04-24,9303
2705,六福,12,0,12,華南永昌-高雄,2023-04-24,9303
6770,力積電,15,3,12,華南永昌-高雄,2023-04-24,9303
00853B,統一美債10年Aa-,12,0,12,華南永昌-高雄,2023-04-24,9303
5425,台半,21,10,11,華南永昌-高雄,2023-04-24,9303
00881,國泰台灣5G+,11,0,11,華南永昌-高雄,2023-04-24,9303
4953,緯軟,11,0,11,華南永昌-高雄,2023-04-24,9303
6829,千附精密,18,7,11,華南永昌-高雄,2023-04-24,9303
2002,中鋼,13,2,11,華南永昌-高雄,2023-04-24,9303
9958,世紀鋼,12,2,10,華南永昌-高雄,2023-04-24,9303
2342,茂矽,11,1,10,華南永昌-高雄,2023-04-24,9303
2495,普安,11,1,10,華南永昌-高雄,2023-04-24,9303
4167,松瑞藥,10,0,10,華南永昌-高雄,2023-04-24,9303
8105,凌巨,11,1,10,華南永昌-高雄,2023-04-24,9303
5009,榮剛,16,7,9,華南永昌-高雄,2023-04-24,9303
1314,中石化,558,319,239,華南永昌-高雄,2023-04-25,9303
2845,遠東銀,168,3,165,華南永昌-高雄,2023-04-25,9303
3591,艾笛森,113,1,112,華南永昌-高雄,2023-04-25,9303
1310,台苯,143,34,109,華南永昌-高雄,2023-04-25,9303
0056,元大高股息,106,6,100,華南永昌-高雄,2023-04-25,9303
6770,力積電,76,0,76,華南永昌-高雄,2023-04-25,9303
2409,友達,93,26,67,華南永昌-高雄,2023-04-25,9303
00673R,期元大S＆P原油反1,72,5,67,華南永昌-高雄,2023-04-25,9303
2337,旺宏,81,22,59,華南永昌-高雄,2023-04-25,9303
2303,聯電,60,2,58,華南永昌-高雄,2023-04-25,9303
2888,新光金,51,0,51,華南永昌-高雄,2023-04-25,9303
2614,東森,51,0,51,華南永昌-高雄,2023-04-25,9303
2002,中鋼,52,5,47,華南永昌-高雄,2023-04-25,9303
00923,群益台ESG低碳50,46,1,45,華南永昌-高雄,2023-04-25,9303
1503,士電,62,19,43,華南永昌-高雄,2023-04-25,9303
2913,農林,63,22,41,華南永昌-高雄,2023-04-25,9303
3231,緯創,79,39,40,華南永昌-高雄,2023-04-25,9303
5222,全訊,45,6,39,華南永昌-高雄,2023-04-25,9303
00891,中信關鍵半導體,39,0,39,華南永昌-高雄,2023-04-25,9303
2317,鴻海,54,17,37,華南永昌-高雄,2023-04-25,9303
2515,中工,32,0,32,華南永昌-高雄,2023-04-25,9303
5465,富驊,36,5,31,華南永昌-高雄,2023-04-25,9303
6285,啟��,38,8,30,華南永昌-高雄,2023-04-25,9303
3481,群創,30,2,28,華南永昌-高雄,2023-04-25,9303
00900,富邦特選高股息30,28,0,28,華南永昌-高雄,2023-04-25,9303
2457,飛宏,59,32,27,華南永昌-高雄,2023-04-25,9303
2610,華航,63,37,26,華南永昌-高雄,2023-04-25,9303
3019,亞光,26,0,26,華南永昌-高雄,2023-04-25,9303
0050,元大台灣50,25,1,24,華南永昌-高雄,2023-04-25,9303
8033,雷虎,25,1,24,華南永昌-高雄,2023-04-25,9303
1710,東聯,26,2,24,華南永昌-高雄,2023-04-25,9303
2354,鴻準,21,0,21,華南永昌-高雄,2023-04-25,9303
1720,生達,26,5,21,華南永昌-高雄,2023-04-25,9303
4114,健喬,25,4,21,華南永昌-高雄,2023-04-25,9303
2618,長榮航,26,5,21,華南永昌-高雄,2023-04-25,9303
00881,國泰台灣5G+,20,0,20,華南永昌-高雄,2023-04-25,9303
00902,中信電池及儲能,20,0,20,華南永昌-高雄,2023-04-25,9303
4967,十銓,27,7,20,華南永昌-高雄,2023-04-25,9303
00753L,中信中國50正2,20,0,20,華南永昌-高雄,2023-04-25,9303
6016,康和證,20,0,20,華南永昌-高雄,2023-04-25,9303
1504,東元,55,35,20,華南永昌-高雄,2023-04-25,9303
4968,立積,36,17,19,華南永昌-高雄,2023-04-25,9303
2637,慧洋-KY,25,6,19,華南永昌-高雄,2023-04-25,9303
2615,萬海,21,3,18,華南永昌-高雄,2023-04-25,9303
1423,利華,18,0,18,華南永昌-高雄,2023-04-25,9303
2601,益航,18,0,18,華南永昌-高雄,2023-04-25,9303
00712,復華富時不動產,18,0,18,華南永昌-高雄,2023-04-25,9303
2330,台積電,20,3,17,華南永昌-高雄,2023-04-25,9303
2887,台新金,20,3,17,華南永昌-高雄,2023-04-25,9303
1560,中砂,16,0,16,華南永昌-高雄,2023-04-25,9303
2845,遠東銀,225,3,222,華南永昌-高雄,2023-04-26,9303
2610,華航,229,103,126,華南永昌-高雄,2023-04-26,9303
2027,大成鋼,148,25,123,華南永昌-高雄,2023-04-26,9303
2618,長榮航,116,13,103,華南永昌-高雄,2023-04-26,9303
2313,華通,103,7,96,華南永昌-高雄,2023-04-26,9303
3624,光頡,71,9,62,華南永昌-高雄,2023-04-26,9303
2002,中鋼,51,1,50,華南永昌-高雄,2023-04-26,9303
00679B,元大美債20年,64,14,50,華南永昌-高雄,2023-04-26,9303
00712,復華富時不動產,43,1,42,華南永昌-高雄,2023-04-26,9303
2609,陽明,62,24,38,華南永昌-高雄,2023-04-26,9303
2337,旺宏,57,21,36,華南永昌-高雄,2023-04-26,9303
1905,華紙,89,53,36,華南永昌-高雄,2023-04-26,9303
1712,興農,34,1,33,華南永昌-高雄,2023-04-26,9303
4979,華星光,32,5,27,華南永昌-高雄,2023-04-26,9303
00727B,國泰優選非投等債,25,0,25,華南永昌-高雄,2023-04-26,9303
6226,光鼎,25,0,25,華南永昌-高雄,2023-04-26,9303
00885,富邦越南,124,100,24,華南永昌-高雄,2023-04-26,9303
00715L,期街口布蘭特正2,34,11,23,華南永昌-高雄,2023-04-26,9303
0056,元大高股息,29,6,23,華南永昌-高雄,2023-04-26,9303
4114,健喬,23,1,22,華南永昌-高雄,2023-04-26,9303
6770,力積電,22,1,21,華南永昌-高雄,2023-04-26,9303
0050,元大台灣50,22,1,21,華南永昌-高雄,2023-04-26,9303
2886,兆豐金,22,1,21,華南永昌-高雄,2023-04-26,9303
1720,生達,35,15,20,華南永昌-高雄,2023-04-26,9303
4572,駐龍,32,13,19,華南永昌-高雄,2023-04-26,9303
2308,台達電,20,2,18,華南永昌-高雄,2023-04-26,9303
2498,宏達電,18,0,18,華南永昌-高雄,2023-04-26,9303
2482,連宇,56,38,18,華南永昌-高雄,2023-04-26,9303
6234,高僑,28,10,18,華南永昌-高雄,2023-04-26,9303
6829,千附精密,30,15,15,華南永昌-高雄,2023-04-26,9303
6282,康舒,28,13,15,華南永昌-高雄,2023-04-26,9303
00671R,富邦NASDAQ反1,15,0,15,華南永昌-高雄,2023-04-26,9303
6288,聯嘉,15,0,15,華南永昌-高雄,2023-04-26,9303
4953,緯軟,15,0,15,華南永昌-高雄,2023-04-26,9303
00751B,元大AAA至A公司債,15,0,15,華南永昌-高雄,2023-04-26,9303
3027,盛達,16,2,14,華南永昌-高雄,2023-04-26,9303
8105,凌巨,15,1,14,華南永昌-高雄,2023-04-26,9303
3035,智原,23,10,13,華南永昌-高雄,2023-04-26,9303
8222,寶一,28,14,14,華南永昌-高雄,2023-04-26,9303
2409,友達,17,4,13,華南永昌-高雄,2023-04-26,9303
00923,群益台ESG低碳50,18,5,13,華南永昌-高雄,2023-04-26,9303
2890,永豐金,13,0,13,華南永昌-高雄,2023-04-26,9303
4306,炎洲,13,1,12,華南永昌-高雄,2023-04-26,9303
8926,台汽電,12,0,12,華南永昌-高雄,2023-04-26,9303
1721,三晃,42,31,11,華南永昌-高雄,2023-04-26,9303
1529,樂事綠能,14,2,12,華南永昌-高雄,2023-04-26,9303
2603,長榮,17,6,11,華南永昌-高雄,2023-04-26,9303
1416,廣豐,14,3,11,華南永昌-高雄,2023-04-26,9303
6517,保勝光學,15,4,11,華南永昌-高雄,2023-04-26,9303
3545,敦泰,12,1,11,華南永昌-高雄,2023-04-26,9303
00715L,期街口布蘭特正2,158,0,158,華南永昌-高雄,2023-04-27,9303
6288,聯嘉,103,11,92,華南永昌-高雄,2023-04-27,9303
2880,華南金,62,0,62,華南永昌-高雄,2023-04-27,9303
2317,鴻海,60,4,56,華南永昌-高雄,2023-04-27,9303
5284,jpp-KY,64,9,55,華南永昌-高雄,2023-04-27,9303
3006,晶豪科,93,39,54,華南永昌-高雄,2023-04-27,9303
2002,中鋼,53,3,50,華南永昌-高雄,2023-04-27,9303
2801,彰銀,49,1,48,華南永昌-高雄,2023-04-27,9303
6770,力積電,56,11,45,華南永昌-高雄,2023-04-27,9303
2409,友達,41,0,41,華南永昌-高雄,2023-04-27,9303
5009,榮剛,76,35,41,華南永昌-高雄,2023-04-27,9303
1711,永光,120,80,40,華南永昌-高雄,2023-04-27,9303
00642U,期元大S＆P石油,39,0,39,華南永昌-高雄,2023-04-27,9303
2888,新光金,34,0,34,華南永昌-高雄,2023-04-27,9303
1710,東聯,79,46,33,華南永昌-高雄,2023-04-27,9303
1310,台苯,32,3,29,華南永昌-高雄,2023-04-27,9303
3232,昱捷,32,4,28,華南永昌-高雄,2023-04-27,9303
3481,群創,29,2,27,華南永昌-高雄,2023-04-27,9303
6282,康舒,53,27,26,華南永昌-高雄,2023-04-27,9303
00727B,國泰優選非投等債,25,0,25,華南永昌-高雄,2023-04-27,9303
4572,駐龍,110,87,23,華南永昌-高雄,2023-04-27,9303
6129,普誠,22,0,22,華南永昌-高雄,2023-04-27,9303
6531,愛普*,26,5,21,華南永昌-高雄,2023-04-27,9303
1514,亞力,29,8,21,華南永昌-高雄,2023-04-27,9303
00905,FT臺灣Smart,21,0,21,華南永昌-高雄,2023-04-27,9303
2706,第一店,20,0,20,華南永昌-高雄,2023-04-27,9303
2609,陽明,34,14,20,華南永昌-高雄,2023-04-27,9303
2495,普安,43,24,19,華南永昌-高雄,2023-04-27,9303
2603,長榮,22,3,19,華南永昌-高雄,2023-04-27,9303
3017,奇鋐,37,19,18,華南永昌-高雄,2023-04-27,9303
1101,台泥,21,4,17,華南永昌-高雄,2023-04-27,9303
3624,光頡,42,25,17,華南永昌-高雄,2023-04-27,9303
4763,材料-KY,18,2,16,華南永昌-高雄,2023-04-27,9303
00679B,元大美債20年,92,76,16,華南永昌-高雄,2023-04-27,9303
2208,台船,16,1,15,華南永昌-高雄,2023-04-27,9303
00772B,中信高評級公司債,96,81,15,華南永昌-高雄,2023-04-27,9303
00632R,元大台灣50反1,17,2,15,華南永昌-高雄,2023-04-27,9303
2206,三陽工業,30,15,15,華南永昌-高雄,2023-04-27,9303
1513,中興電,19,5,14,華南永昌-高雄,2023-04-27,9303
1313,聯成,14,0,14,華南永昌-高雄,2023-04-27,9303
1219,福壽,13,0,13,華南永昌-高雄,2023-04-27,9303
3071,協禧,16,3,13,華南永昌-高雄,2023-04-27,9303
1717,長興,19,7,12,華南永昌-高雄,2023-04-27,9303
00720B,元大投資級公司債,20,8,12,華南永昌-高雄,2023-04-27,9303
6179,亞通,12,0,12,華南永昌-高雄,2023-04-27,9303
4566,時碩工業,24,12,12,華南永昌-高雄,2023-04-27,9303
00900,富邦特選高股息30,12,0,12,華南永昌-高雄,2023-04-27,9303
3005,神基,13,2,11,華南永昌-高雄,2023-04-27,9303
5289,宜鼎,11,0,11,華南永昌-高雄,2023-04-27,9303
2330,台積電,11,0,11,華南永昌-高雄,2023-04-27,9303
2890,永豐金,322,1,321,華南永昌-高雄,2023-04-28,9303
2409,友達,115,2,113,華南永昌-高雄,2023-04-28,9303
3481,群創,116,22,94,華南永昌-高雄,2023-04-28,9303
2887,台新金,92,29,63,華南永昌-高雄,2023-04-28,9303
00878,國泰永續高股息,119,56,63,華南永昌-高雄,2023-04-28,9303
2454,聯發科,51,3,48,華南永昌-高雄,2023-04-28,9303
2495,普安,43,6,37,華南永昌-高雄,2023-04-28,9303
00679B,元大美債20年,120,87,33,華南永昌-高雄,2023-04-28,9303
6829,千附精密,37,4,33,華南永昌-高雄,2023-04-28,9303
2801,彰銀,32,0,32,華南永昌-高雄,2023-04-28,9303
3706,神達,32,0,32,華南永昌-高雄,2023-04-28,9303
2344,華邦電,54,22,32,華南永昌-高雄,2023-04-28,9303
0056,元大高股息,42,10,32,華南永昌-高雄,2023-04-28,9303
1314,中石化,51,20,31,華南永昌-高雄,2023-04-28,9303
1471,首利,31,1,30,華南永昌-高雄,2023-04-28,9303
6266,泰詠,57,30,27,華南永昌-高雄,2023-04-28,9303
00671R,富邦NASDAQ反1,25,0,25,華南永昌-高雄,2023-04-28,9303
3078,僑威,27,4,23,華南永昌-高雄,2023-04-28,9303
2340,台亞,22,0,22,華南永昌-高雄,2023-04-28,9303
3704,合勤控,24,2,22,華南永昌-高雄,2023-04-28,9303
6116,彩晶,22,1,21,華南永昌-高雄,2023-04-28,9303
00720B,元大投資級公司債,30,9,21,華南永昌-高雄,2023-04-28,9303
6550,北極星藥業-KY,24,3,21,華南永昌-高雄,2023-04-28,9303
00680L,元大美債20正2,28,8,20,華南永昌-高雄,2023-04-28,9303
1714,和桐,20,0,20,華南永昌-高雄,2023-04-28,9303
00850,元大臺灣ESG永續,18,0,18,華南永昌-高雄,2023-04-28,9303
3615,安可,18,0,18,華南永昌-高雄,2023-04-28,9303
4763,材料-KY,19,1,18,華南永昌-高雄,2023-04-28,9303
2303,聯電,29,12,17,華南永昌-高雄,2023-04-28,9303
00902,中信電池及儲能,17,0,17,華南永昌-高雄,2023-04-28,9303
5284,jpp-KY,29,14,15,華南永昌-高雄,2023-04-28,9303
1514,亞力,18,3,15,華南永昌-高雄,2023-04-28,9303
3004,豐達科,20,5,15,華南永昌-高雄,2023-04-28,9303
6179,亞通,14,0,14,華南永昌-高雄,2023-04-28,9303
3545,敦泰,27,13,14,華南永昌-高雄,2023-04-28,9303
1709,和益,16,3,13,華南永昌-高雄,2023-04-28,9303
3025,星通,14,1,13,華南永昌-高雄,2023-04-28,9303
1319,東陽,13,0,13,華南永昌-高雄,2023-04-28,9303
2883,凱基金,14,2,12,華南永昌-高雄,2023-04-28,9303
2027,大成鋼,15,3,12,華南永昌-高雄,2023-04-28,9303
1528,恩德,13,1,12,華南永昌-高雄,2023-04-28,9303
1304,台聚,12,0,12,華南永昌-高雄,2023-04-28,9303
5425,台半,14,2,12,華南永昌-高雄,2023-04-28,9303
8011,台通,13,1,12,華南永昌-高雄,2023-04-28,9303
2413,環科,11,0,11,華南永昌-高雄,2023-04-28,9303
1216,統一,10,0,10,華南永昌-高雄,2023-04-28,9303
3710,連展投控,11,1,10,華南永昌-高雄,2023-04-28,9303
6218,豪勉,10,0,10,華南永昌-高雄,2023-04-28,9303
1313,聯成,10,0,10,華南永昌-高雄,2023-04-28,9303
3711,日月光投控,10,0,10,華南永昌-高雄,2023-04-28,9303
6288,聯嘉,143,4,139,華南永昌-高雄,2023-05-02,9303
8038,長園科,128,2,126,華南永昌-高雄,2023-05-02,9303
1409,新纖,80,0,80,華南永昌-高雄,2023-05-02,9303
3518,柏騰,96,16,80,華南永昌-高雄,2023-05-02,9303
2884,玉山金,94,16,78,華南永昌-高雄,2023-05-02,9303
00720B,元大投資級公司債,76,20,56,華南永昌-高雄,2023-05-02,9303
00712,復華富時不動產,57,1,56,華南永昌-高雄,2023-05-02,9303
00751B,元大AAA至A公司債,73,20,53,華南永昌-高雄,2023-05-02,9303
2603,長榮,68,16,52,華南永昌-高雄,2023-05-02,9303
5488,松普,51,0,51,華南永昌-高雄,2023-05-02,9303
6112,邁達特,56,5,51,華南永昌-高雄,2023-05-02,9303
6234,高僑,49,4,45,華南永昌-高雄,2023-05-02,9303
6148,驊宏資,49,4,45,華南永昌-高雄,2023-05-02,9303
3017,奇鋐,59,19,40,華南永昌-高雄,2023-05-02,9303
1308,亞聚,37,0,37,華南永昌-高雄,2023-05-02,9303
1905,華紙,81,45,36,華南永昌-高雄,2023-05-02,9303
2634,漢翔,71,38,33,華南永昌-高雄,2023-05-02,9303
2609,陽明,36,4,32,華南永昌-高雄,2023-05-02,9303
00679B,元大美債20年,148,118,30,華南永昌-高雄,2023-05-02,9303
8403,盛弘,70,41,29,華南永昌-高雄,2023-05-02,9303
2888,新光金,58,30,28,華南永昌-高雄,2023-05-02,9303
00772B,中信高評級公司債,172,144,28,華南永昌-高雄,2023-05-02,9303
2424,隴華,25,0,25,華南永昌-高雄,2023-05-02,9303
00773B,中信優先金融債,34,9,25,華南永昌-高雄,2023-05-02,9303
2233,宇隆,24,0,24,華南永昌-高雄,2023-05-02,9303
3058,立德,28,5,23,華南永昌-高雄,2023-05-02,9303
2331,精英,24,3,21,華南永昌-高雄,2023-05-02,9303
2883B,凱基金乙特,20,0,20,華南永昌-高雄,2023-05-02,9303
6182,合晶,20,0,20,華南永昌-高雄,2023-05-02,9303
1795,美時,27,8,19,華南永昌-高雄,2023-05-02,9303
00680L,元大美債20正2,21,3,18,華南永昌-高雄,2023-05-02,9303
2885,元大金,20,2,18,華南永昌-高雄,2023-05-02,9303
2344,華邦電,19,2,17,華南永昌-高雄,2023-05-02,9303
6547,高端疫苗,16,0,16,華南永昌-高雄,2023-05-02,9303
1734,杏輝,16,0,16,華南永昌-高雄,2023-05-02,9303
2455,全新,16,0,16,華南永昌-高雄,2023-05-02,9303
2801,彰銀,18,2,16,華南永昌-高雄,2023-05-02,9303
3037,欣興,36,21,15,華南永昌-高雄,2023-05-02,9303
1789,神隆,15,0,15,華南永昌-高雄,2023-05-02,9303
2412,中華電,22,7,15,華南永昌-高雄,2023-05-02,9303
6226,光鼎,14,0,14,華南永昌-高雄,2023-05-02,9303
4510,高鋒,15,1,14,華南永昌-高雄,2023-05-02,9303
6218,豪勉,13,0,13,華南永昌-高雄,2023-05-02,9303
4105,東洋,13,0,13,華南永昌-高雄,2023-05-02,9303
4147,中裕,16,3,13,華南永昌-高雄,2023-05-02,9303
3094,聯傑,22,10,12,華南永昌-高雄,2023-05-02,9303
2601,益航,12,0,12,華南永昌-高雄,2023-05-02,9303
2748,雲品,17,5,12,華南永昌-高雄,2023-05-02,9303
2515,中工,16,4,12,華南永昌-高雄,2023-05-02,9303
2480,敦陽科,22,10,12,華南永昌-高雄,2023-05-02,9303
2884,玉山金,596,27,569,華南永昌-高雄,2023-05-03,9303
00715L,期街口布蘭特正2,169,0,169,華南永昌-高雄,2023-05-03,9303
3189,景碩,100,0,100,華南永昌-高雄,2023-05-03,9303
00712,復華富時不動產,89,0,89,華南永昌-高雄,2023-05-03,9303
3078,僑威,83,6,77,華南永昌-高雄,2023-05-03,9303
3017,奇鋐,82,7,75,華南永昌-高雄,2023-05-03,9303
8038,長園科,74,0,74,華南永昌-高雄,2023-05-03,9303
00878,國泰永續高股息,226,156,70,華南永昌-高雄,2023-05-03,9303
1514,亞力,84,15,69,華南永昌-高雄,2023-05-03,9303
2603,長榮,61,5,56,華南永昌-高雄,2023-05-03,9303
1101,台泥,66,18,48,華南永昌-高雄,2023-05-03,9303
6288,聯嘉,47,0,47,華南永昌-高雄,2023-05-03,9303
2913,農林,77,33,44,華南永昌-高雄,2023-05-03,9303
2634,漢翔,98,56,42,華南永昌-高雄,2023-05-03,9303
1308,亞聚,44,4,40,華南永昌-高雄,2023-05-03,9303
00706L,期元大S＆P日圓正2,40,1,39,華南永昌-高雄,2023-05-03,9303
6770,力積電,53,15,38,華南永昌-高雄,2023-05-03,9303
3481,群創,48,10,38,華南永昌-高雄,2023-05-03,9303
00642U,期元大S＆P石油,36,0,36,華南永昌-高雄,2023-05-03,9303
3419,譁裕,50,14,36,華南永昌-高雄,2023-05-03,9303
4129,聯合,42,7,35,華南永昌-高雄,2023-05-03,9303
4968,立積,41,6,35,華南永昌-高雄,2023-05-03,9303
2406,國碩,33,2,31,華南永昌-高雄,2023-05-03,9303
2615,萬海,39,10,29,華南永昌-高雄,2023-05-03,9303
2801,彰銀,28,0,28,華南永昌-高雄,2023-05-03,9303
1710,東聯,27,1,26,華南永昌-高雄,2023-05-03,9303
2363,矽統,26,1,25,華南永昌-高雄,2023-05-03,9303
2706,第一店,25,0,25,華南永昌-高雄,2023-05-03,9303
2409,友達,24,1,23,華南永昌-高雄,2023-05-03,9303
1907,永豐餘,24,1,23,華南永昌-高雄,2023-05-03,9303
00637L,元大滬深300正2,21,0,21,華南永昌-高雄,2023-05-03,9303
00679B,元大美債20年,32,12,20,華南永昌-高雄,2023-05-03,9303
2382,廣達,23,3,20,華南永昌-高雄,2023-05-03,9303
6116,彩晶,20,1,19,華南永昌-高雄,2023-05-03,9303
3029,零壹,27,8,19,華南永昌-高雄,2023-05-03,9303
1519,華城,63,45,18,華南永昌-高雄,2023-05-03,9303
4114,健喬,25,7,18,華南永昌-高雄,2023-05-03,9303
2630,亞航,17,0,17,華南永昌-高雄,2023-05-03,9303
2421,建準,19,2,17,華南永昌-高雄,2023-05-03,9303
1609,大亞,17,1,16,華南永昌-高雄,2023-05-03,9303
2340,台亞,17,1,16,華南永昌-高雄,2023-05-03,9303
1909,榮成,16,0,16,華南永昌-高雄,2023-05-03,9303
2880,華南金,19,3,16,華南永昌-高雄,2023-05-03,9303
4916,事欣科,18,4,14,華南永昌-高雄,2023-05-03,9303
3032,偉訓,33,20,13,華南永昌-高雄,2023-05-03,9303
2208,台船,14,1,13,華南永昌-高雄,2023-05-03,9303
3479,安勤,15,2,13,華南永昌-高雄,2023-05-03,9303
2892,第一金,12,0,12,華南永昌-高雄,2023-05-03,9303
00907,永豐優息存股,12,0,12,華南永昌-高雄,2023-05-03,9303
2885,元大金,12,0,12,華南永昌-高雄,2023-05-03,9303
00715L,期街口布蘭特正2,330,5,325,華南永昌-高雄,2023-05-04,9303
00712,復華富時不動產,134,0,134,華南永昌-高雄,2023-05-04,9303
6148,驊宏資,129,22,107,華南永昌-高雄,2023-05-04,9303
00642U,期元大S＆P石油,64,0,64,華南永昌-高雄,2023-05-04,9303
2454,聯發科,55,0,55,華南永昌-高雄,2023-05-04,9303
2027,大成鋼,50,3,47,華南永昌-高雄,2023-05-04,9303
6163,華電網,57,13,44,華南永昌-高雄,2023-05-04,9303
3682,亞太電,39,0,39,華南永昌-高雄,2023-05-04,9303
2332,友訊,34,0,34,華南永昌-高雄,2023-05-04,9303
3276,宇環,33,0,33,華南永昌-高雄,2023-05-04,9303
4162,智擎,30,0,30,華南永昌-高雄,2023-05-04,9303
2440,太空梭,30,0,30,華南永昌-高雄,2023-05-04,9303
9105,泰金寶-DR,30,0,30,華南永昌-高雄,2023-05-04,9303
4741,泓瀚,26,0,26,華南永昌-高雄,2023-05-04,9303
2489,瑞軒,45,20,25,華南永昌-高雄,2023-05-04,9303
1314,中石化,26,1,25,華南永昌-高雄,2023-05-04,9303
1608,華榮,25,1,24,華南永昌-高雄,2023-05-04,9303
6806,森崴能源,45,21,24,華南永昌-高雄,2023-05-04,9303
5009,榮剛,43,20,23,華南永昌-高雄,2023-05-04,9303
4114,健喬,33,10,23,華南永昌-高雄,2023-05-04,9303
1104,環泥,22,0,22,華南永昌-高雄,2023-05-04,9303
2353,宏��,21,0,21,華南永昌-高雄,2023-05-04,9303
8085,福華,19,0,19,華南永昌-高雄,2023-05-04,9303
5465,富驊,26,7,19,華南永昌-高雄,2023-05-04,9303
1308,亞聚,19,0,19,華南永昌-高雄,2023-05-04,9303
2609,陽明,40,22,18,華南永昌-高雄,2023-05-04,9303
1312,國喬,17,0,17,華南永昌-高雄,2023-05-04,9303
6799,來頡,17,0,17,華南永昌-高雄,2023-05-04,9303
2457,飛宏,21,5,16,華南永昌-高雄,2023-05-04,9303
2601,益航,17,1,16,華南永昌-高雄,2023-05-04,9303
2634,漢翔,124,109,15,華南永昌-高雄,2023-05-04,9303
2482,連宇,28,13,15,華南永昌-高雄,2023-05-04,9303
2002,中鋼,14,0,14,華南永昌-高雄,2023-05-04,9303
6129,普誠,13,0,13,華南永昌-高雄,2023-05-04,9303
2201,裕隆,13,1,12,華南永昌-高雄,2023-05-04,9303
5469,瀚宇博,19,7,12,華南永昌-高雄,2023-05-04,9303
3005,神基,19,7,12,華南永昌-高雄,2023-05-04,9303
4968,立積,23,11,12,華南永昌-高雄,2023-05-04,9303
3202,樺晟,15,4,11,華南永昌-高雄,2023-05-04,9303
2913,農林,25,14,11,華南永昌-高雄,2023-05-04,9303
1240,茂生農經,11,0,11,華南永昌-高雄,2023-05-04,9303
4566,時碩工業,19,8,11,華南永昌-高雄,2023-05-04,9303
2867,三商壽,10,0,10,華南永昌-高雄,2023-05-04,9303
4111,濟生,11,1,10,華南永昌-高雄,2023-05-04,9303
3231,緯創,48,38,10,華南永昌-高雄,2023-05-04,9303
1519,華城,24,14,10,華南永昌-高雄,2023-05-04,9303
4722,國精化,10,0,10,華南永昌-高雄,2023-05-04,9303
6112,邁達特,10,0,10,華南永昌-高雄,2023-05-04,9303
1529,樂事綠能,19,10,9,華南永昌-高雄,2023-05-04,9303
1313,聯成,10,1,9,華南永昌-高雄,2023-05-04,9303
2610,華航,213,5,208,華南永昌-高雄,2023-05-05,9303
00715L,期街口布蘭特正2,105,0,105,華南永昌-高雄,2023-05-05,9303
00878,國泰永續高股息,484,396,88,華南永昌-高雄,2023-05-05,9303
1529,樂事綠能,103,39,64,華南永昌-高雄,2023-05-05,9303
2891,中信金,77,15,62,華南永昌-高雄,2023-05-05,9303
1609,大亞,149,94,55,華南永昌-高雄,2023-05-05,9303
4541,晟田,74,19,55,華南永昌-高雄,2023-05-05,9303
2340,台亞,50,1,49,華南永昌-高雄,2023-05-05,9303
3664,安瑞-KY,46,0,46,華南永昌-高雄,2023-05-05,9303
00642U,期元大S＆P石油,45,0,45,華南永昌-高雄,2023-05-05,9303
8215,明基材,55,12,43,華南永昌-高雄,2023-05-05,9303
2353,宏��,45,2,43,華南永昌-高雄,2023-05-05,9303
2706,第一店,41,1,40,華南永昌-高雄,2023-05-05,9303
00679B,元大美債20年,105,72,33,華南永昌-高雄,2023-05-05,9303
2371,大同,30,0,30,華南永昌-高雄,2023-05-05,9303
4175,杏一,38,9,29,華南永昌-高雄,2023-05-05,9303
1504,東元,41,13,28,華南永昌-高雄,2023-05-05,9303
2615,萬海,33,5,28,華南永昌-高雄,2023-05-05,9303
8403,盛弘,34,7,27,華南永昌-高雄,2023-05-05,9303
00720B,元大投資級公司債,26,0,26,華南永昌-高雄,2023-05-05,9303
6173,信昌電,26,0,26,華南永昌-高雄,2023-05-05,9303
6806,森崴能源,26,1,25,華南永昌-高雄,2023-05-05,9303
2614,東森,30,5,25,華南永昌-高雄,2023-05-05,9303
4114,健喬,49,26,23,華南永昌-高雄,2023-05-05,9303
1314,中石化,42,20,22,華南永昌-高雄,2023-05-05,9303
2457,飛宏,29,7,22,華南永昌-高雄,2023-05-05,9303
00772B,中信高評級公司債,119,97,22,華南永昌-高雄,2023-05-05,9303
6244,茂迪,38,17,21,華南永昌-高雄,2023-05-05,9303
5498,凱崴,20,0,20,華南永昌-高雄,2023-05-05,9303
2882,國泰金,20,0,20,華南永昌-高雄,2023-05-05,9303
6148,驊宏資,31,12,19,華南永昌-高雄,2023-05-05,9303
1101,台泥,26,7,19,華南永昌-高雄,2023-05-05,9303
6282,康舒,26,8,18,華南永昌-高雄,2023-05-05,9303
2354,鴻準,22,5,17,華南永昌-高雄,2023-05-05,9303
4129,聯合,19,2,17,華南永昌-高雄,2023-05-05,9303
6218,豪勉,31,14,17,華南永昌-高雄,2023-05-05,9303
5512,力麒,20,3,17,華南永昌-高雄,2023-05-05,9303
1909,榮成,16,0,16,華南永昌-高雄,2023-05-05,9303
5356,協益,27,12,15,華南永昌-高雄,2023-05-05,9303
3338,泰碩,29,14,15,華南永昌-高雄,2023-05-05,9303
4916,事欣科,17,3,14,華南永昌-高雄,2023-05-05,9303
2027,大成鋼,15,1,14,華南永昌-高雄,2023-05-05,9303
00680L,元大美債20正2,25,11,14,華南永昌-高雄,2023-05-05,9303
2913,農林,16,3,13,華南永昌-高雄,2023-05-05,9303
00712,復華富時不動產,74,61,13,華南永昌-高雄,2023-05-05,9303
2413,環科,13,0,13,華南永昌-高雄,2023-05-05,9303
6590,普鴻,12,0,12,華南永昌-高雄,2023-05-05,9303
00900,富邦特選高股息30,12,0,12,華南永昌-高雄,2023-05-05,9303
1809,中釉,13,1,12,華南永昌-高雄,2023-05-05,9303
3712,永崴投控,12,1,11,華南永昌-高雄,2023-05-05,9303
1605,華新,121,30,91,華南永昌-高雄,2023-05-08,9303
2409,友達,67,13,54,華南永昌-高雄,2023-05-08,9303
3051,力特,51,0,51,華南永昌-高雄,2023-05-08,9303
1218,泰山,106,62,44,華南永昌-高雄,2023-05-08,9303
2887,台新金,57,14,43,華南永昌-高雄,2023-05-08,9303
1308,亞聚,42,0,42,華南永昌-高雄,2023-05-08,9303
6523,達爾膚,40,0,40,華南永昌-高雄,2023-05-08,9303
2883,凱基金,120,87,33,華南永昌-高雄,2023-05-08,9303
6125,廣運,34,2,32,華南永昌-高雄,2023-05-08,9303
00773B,中信優先金融債,30,0,30,華南永昌-高雄,2023-05-08,9303
4994,傳奇,30,0,30,華南永昌-高雄,2023-05-08,9303
5512,力麒,28,0,28,華南永昌-高雄,2023-05-08,9303
00751B,元大AAA至A公司債,32,4,28,華南永昌-高雄,2023-05-08,9303
2368,金像電,48,21,27,華南永昌-高雄,2023-05-08,9303
4113,聯上,26,0,26,華南永昌-高雄,2023-05-08,9303
2412,中華電,45,22,23,華南永昌-高雄,2023-05-08,9303
3693,營邦,53,30,23,華南永昌-高雄,2023-05-08,9303
2614,東森,22,0,22,華南永昌-高雄,2023-05-08,9303
4121,優盛,24,2,22,華南永昌-高雄,2023-05-08,9303
1904,正隆,21,0,21,華南永昌-高雄,2023-05-08,9303
00720B,元大投資級公司債,40,20,20,華南永昌-高雄,2023-05-08,9303
3094,聯傑,20,0,20,華南永昌-高雄,2023-05-08,9303
8463,潤泰材,20,0,20,華南永昌-高雄,2023-05-08,9303
3664,安瑞-KY,20,1,19,華南永昌-高雄,2023-05-08,9303
2609,陽明,28,10,18,華南永昌-高雄,2023-05-08,9303
00687B,國泰20年美債,16,0,16,華南永昌-高雄,2023-05-08,9303
00679B,元大美債20年,58,44,14,華南永昌-高雄,2023-05-08,9303
2009,第一銅,20,6,14,華南永昌-高雄,2023-05-08,9303
2812,台中銀,12,0,12,華南永昌-高雄,2023-05-08,9303
1314,中石化,32,20,12,華南永昌-高雄,2023-05-08,9303
3481,群創,28,16,12,華南永昌-高雄,2023-05-08,9303
2344,華邦電,12,1,11,華南永昌-高雄,2023-05-08,9303
00712,復華富時不動產,15,4,11,華南永昌-高雄,2023-05-08,9303
2495,普安,13,2,11,華南永昌-高雄,2023-05-08,9303
2482,連宇,38,27,11,華南永昌-高雄,2023-05-08,9303
3356,奇偶,12,1,11,華南永昌-高雄,2023-05-08,9303
6763,綠界科技*,11,0,11,華南永昌-高雄,2023-05-08,9303
2354,鴻準,11,0,11,華南永昌-高雄,2023-05-08,9303
2358,廷鑫,10,0,10,華南永昌-高雄,2023-05-08,9303
2408,南亞科,14,4,10,華南永昌-高雄,2023-05-08,9303
6446,藥華藥,10,0,10,華南永昌-高雄,2023-05-08,9303
3704,合勤控,13,3,10,華南永昌-高雄,2023-05-08,9303
3035,智原,20,10,10,華南永昌-高雄,2023-05-08,9303
2515,中工,11,1,10,華南永昌-高雄,2023-05-08,9303
6274,台燿,10,0,10,華南永昌-高雄,2023-05-08,9303
4967,十銓,13,3,10,華南永昌-高雄,2023-05-08,9303
2706,第一店,10,0,10,華南永昌-高雄,2023-05-08,9303
8027,鈦昇,10,0,10,華南永昌-高雄,2023-05-08,9303
6148,驊宏資,14,4,10,華南永昌-高雄,2023-05-08,9303
3038,全台,12,3,9,華南永昌-高雄,2023-05-08,9303
00679B,元大美債20年,203,111,92,華南永昌-高雄,2023-05-09,9303
8222,寶一,95,28,67,華南永昌-高雄,2023-05-09,9303
2468,華經,65,0,65,華南永昌-高雄,2023-05-09,9303
1314,中石化,66,3,63,華南永昌-高雄,2023-05-09,9303
2106,建大,60,0,60,華南永昌-高雄,2023-05-09,9303
3045,台灣大,70,18,52,華南永昌-高雄,2023-05-09,9303
2302,麗正,55,4,51,華南永昌-高雄,2023-05-09,9303
2027,大成鋼,62,12,50,華南永昌-高雄,2023-05-09,9303
1905,華紙,101,54,47,華南永昌-高雄,2023-05-09,9303
2457,飛宏,55,10,45,華南永昌-高雄,2023-05-09,9303
4127,天良,45,0,45,華南永昌-高雄,2023-05-09,9303
2637,慧洋-KY,41,0,41,華南永昌-高雄,2023-05-09,9303
2890,永豐金,51,14,37,華南永昌-高雄,2023-05-09,9303
1605,華新,51,15,36,華南永昌-高雄,2023-05-09,9303
3058,立德,39,4,35,華南永昌-高雄,2023-05-09,9303
5211,蒙恬,38,3,35,華南永昌-高雄,2023-05-09,9303
00878,國泰永續高股息,62,28,34,華南永昌-高雄,2023-05-09,9303
3712,永崴投控,34,0,34,華南永昌-高雄,2023-05-09,9303
00720B,元大投資級公司債,50,19,31,華南永昌-高雄,2023-05-09,9303
00715L,期街口布蘭特正2,71,40,31,華南永昌-高雄,2023-05-09,9303
4906,正文,34,3,31,華南永昌-高雄,2023-05-09,9303
2402,毅嘉,46,15,31,華南永昌-高雄,2023-05-09,9303
6244,茂迪,39,9,30,華南永昌-高雄,2023-05-09,9303
1609,大亞,49,23,26,華南永昌-高雄,2023-05-09,9303
3013,晟銘電,27,2,25,華南永昌-高雄,2023-05-09,9303
1323,永裕,25,0,25,華南永昌-高雄,2023-05-09,9303
3481,群創,35,10,25,華南永昌-高雄,2023-05-09,9303
00680L,元大美債20正2,24,0,24,華南永昌-高雄,2023-05-09,9303
1308,亞聚,23,0,23,華南永昌-高雄,2023-05-09,9303
00632R,元大台灣50反1,23,0,23,華南永昌-高雄,2023-05-09,9303
5880,合庫金,25,3,22,華南永昌-高雄,2023-05-09,9303
2421,建準,45,23,22,華南永昌-高雄,2023-05-09,9303
2867,三商壽,22,0,22,華南永昌-高雄,2023-05-09,9303
00751B,元大AAA至A公司債,39,18,21,華南永昌-高雄,2023-05-09,9303
00687B,國泰20年美債,26,6,20,華南永昌-高雄,2023-05-09,9303
2812,台中銀,25,5,20,華南永昌-高雄,2023-05-09,9303
2601,益航,20,0,20,華南永昌-高雄,2023-05-09,9303
1101,台泥,92,73,19,華南永昌-高雄,2023-05-09,9303
6112,邁達特,32,13,19,華南永昌-高雄,2023-05-09,9303
1513,中興電,60,43,17,華南永昌-高雄,2023-05-09,9303
00773B,中信優先金融債,17,1,16,華南永昌-高雄,2023-05-09,9303
9958,世紀鋼,16,0,16,華南永昌-高雄,2023-05-09,9303
00772B,中信高評級公司債,109,93,16,華南永昌-高雄,2023-05-09,9303
2359,所羅門,19,4,15,華南永昌-高雄,2023-05-09,9303
5009,榮剛,18,3,15,華南永昌-高雄,2023-05-09,9303
1210,大成,16,2,14,華南永昌-高雄,2023-05-09,9303
2634,漢翔,43,29,14,華南永昌-高雄,2023-05-09,9303
6125,廣運,15,1,14,華南永昌-高雄,2023-05-09,9303
2836,高雄銀,14,0,14,華南永昌-高雄,2023-05-09,9303
1459,聯發,14,0,14,華南永昌-高雄,2023-05-09,9303
0056,元大高股息,86,0,86,華南永昌-高雄,2023-05-10,9303
00712,復華富時不動產,62,0,62,華南永昌-高雄,2023-05-10,9303
3062,建漢,60,0,60,華南永昌-高雄,2023-05-10,9303
4744,皇將,74,17,57,華南永昌-高雄,2023-05-10,9303
00679B,元大美債20年,86,35,51,華南永昌-高雄,2023-05-10,9303
5356,協益,50,0,50,華南永昌-高雄,2023-05-10,9303
00637L,元大滬深300正2,45,0,45,華南永昌-高雄,2023-05-10,9303
6245,立端,53,8,45,華南永昌-高雄,2023-05-10,9303
1514,亞力,49,6,43,華南永昌-高雄,2023-05-10,9303
4114,健喬,40,0,40,華南永昌-高雄,2023-05-10,9303
1519,華城,57,24,33,華南永昌-高雄,2023-05-10,9303
2890,永豐金,32,1,31,華南永昌-高雄,2023-05-10,9303
00687B,國泰20年美債,35,6,29,華南永昌-高雄,2023-05-10,9303
00888,永豐台灣ESG,27,0,27,華南永昌-高雄,2023-05-10,9303
4906,正文,27,1,26,華南永昌-高雄,2023-05-10,9303
3712,永崴投控,35,10,25,華南永昌-高雄,2023-05-10,9303
1580,新麥,26,3,23,華南永昌-高雄,2023-05-10,9303
6235,華孚,29,7,22,華南永昌-高雄,2023-05-10,9303
3017,奇鋐,45,23,22,華南永昌-高雄,2023-05-10,9303
2208,台船,21,0,21,華南永昌-高雄,2023-05-10,9303
1904,正隆,23,2,21,華南永昌-高雄,2023-05-10,9303
3661,世芯-KY,26,5,21,華南永昌-高雄,2023-05-10,9303
1323,永裕,20,0,20,華南永昌-高雄,2023-05-10,9303
6285,啟��,28,8,20,華南永昌-高雄,2023-05-10,9303
00680L,元大美債20正2,20,0,20,華南永昌-高雄,2023-05-10,9303
2836,高雄銀,19,0,19,華南永昌-高雄,2023-05-10,9303
2468,華經,21,2,19,華南永昌-高雄,2023-05-10,9303
8033,雷虎,35,17,18,華南永昌-高雄,2023-05-10,9303
8222,寶一,33,15,18,華南永昌-高雄,2023-05-10,9303
6111,大宇資,22,5,17,華南永昌-高雄,2023-05-10,9303
5009,榮剛,22,5,17,華南永昌-高雄,2023-05-10,9303
2630,亞航,22,6,16,華南永昌-高雄,2023-05-10,9303
2368,金像電,20,4,16,華南永昌-高雄,2023-05-10,9303
00669R,國泰美國道瓊反1,15,0,15,華南永昌-高雄,2023-05-10,9303
00648R,元大S＆P500反1,15,0,15,華南永昌-高雄,2023-05-10,9303
00632R,元大台灣50反1,15,0,15,華南永昌-高雄,2023-05-10,9303
3664,安瑞-KY,15,0,15,華南永昌-高雄,2023-05-10,9303
00671R,富邦NASDAQ反1,15,0,15,華南永昌-高雄,2023-05-10,9303
6274,台燿,14,0,14,華南永昌-高雄,2023-05-10,9303
1102,亞泥,14,0,14,華南永昌-高雄,2023-05-10,9303
2812,台中銀,16,2,14,華南永昌-高雄,2023-05-10,9303
3209,全科,16,2,14,華南永昌-高雄,2023-05-10,9303
1905,華紙,27,14,13,華南永昌-高雄,2023-05-10,9303
00907,永豐優息存股,13,0,13,華南永昌-高雄,2023-05-10,9303
2354,鴻準,13,0,13,華南永昌-高雄,2023-05-10,9303
2387,精元,12,0,12,華南永昌-高雄,2023-05-10,9303
6279,胡連,12,0,12,華南永昌-高雄,2023-05-10,9303
2409,友達,12,1,11,華南永昌-高雄,2023-05-10,9303
5469,瀚宇博,11,1,10,華南永昌-高雄,2023-05-10,9303
2528,皇普,10,0,10,華南永昌-高雄,2023-05-10,9303
3481,群創,169,0,169,華南永昌-高雄,2023-05-11,9303
3062,建漢,141,0,141,華南永昌-高雄,2023-05-11,9303
2890,永豐金,95,0,95,華南永昌-高雄,2023-05-11,9303
2425,承啟,103,14,89,華南永昌-高雄,2023-05-11,9303
2601,益航,132,51,81,華南永昌-高雄,2023-05-11,9303
2409,友達,108,32,76,華南永昌-高雄,2023-05-11,9303
1609,大亞,91,19,72,華南永昌-高雄,2023-05-11,9303
4744,皇將,95,25,70,華南永昌-高雄,2023-05-11,9303
00712,復華富時不動產,63,0,63,華南永昌-高雄,2023-05-11,9303
6806,森崴能源,71,12,59,華南永昌-高雄,2023-05-11,9303
2610,華航,60,2,58,華南永昌-高雄,2023-05-11,9303
2605,新興,52,0,52,華南永昌-高雄,2023-05-11,9303
2344,華邦電,56,11,45,華南永昌-高雄,2023-05-11,9303
2743,山富,51,6,45,華南永昌-高雄,2023-05-11,9303
5284,jpp-KY,92,48,44,華南永昌-高雄,2023-05-11,9303
1529,樂事綠能,45,2,43,華南永昌-高雄,2023-05-11,9303
4967,十銓,40,1,39,華南永昌-高雄,2023-05-11,9303
1310,台苯,34,1,33,華南永昌-高雄,2023-05-11,9303
5356,協益,33,0,33,華南永昌-高雄,2023-05-11,9303
2883,凱基金,34,1,33,華南永昌-高雄,2023-05-11,9303
4541,晟田,33,1,32,華南永昌-高雄,2023-05-11,9303
1201,味全,31,0,31,華南永昌-高雄,2023-05-11,9303
2609,陽明,31,2,29,華南永昌-高雄,2023-05-11,9303
1323,永裕,29,0,29,華南永昌-高雄,2023-05-11,9303
9907,統一實,40,13,27,華南永昌-高雄,2023-05-11,9303
4127,天良,26,0,26,華南永昌-高雄,2023-05-11,9303
2387,精元,27,2,25,華南永昌-高雄,2023-05-11,9303
1905,華紙,66,41,25,華南永昌-高雄,2023-05-11,9303
3363,上詮,24,2,22,華南永昌-高雄,2023-05-11,9303
8222,寶一,35,13,22,華南永昌-高雄,2023-05-11,9303
0056,元大高股息,21,0,21,華南永昌-高雄,2023-05-11,9303
2528,皇普,20,0,20,華南永昌-高雄,2023-05-11,9303
1314,中石化,20,0,20,華南永昌-高雄,2023-05-11,9303
00850,元大臺灣ESG永續,20,1,19,華南永昌-高雄,2023-05-11,9303
00679B,元大美債20年,38,20,18,華南永昌-高雄,2023-05-11,9303
2812,台中銀,16,0,16,華南永昌-高雄,2023-05-11,9303
5009,榮剛,21,5,16,華南永昌-高雄,2023-05-11,9303
3033,威健,20,5,15,華南永昌-高雄,2023-05-11,9303
5309,系統電,15,0,15,華南永昌-高雄,2023-05-11,9303
4130,健亞,15,0,15,華南永昌-高雄,2023-05-11,9303
4160,訊聯基因,15,0,15,華南永昌-高雄,2023-05-11,9303
6285,啟��,21,7,14,華南永昌-高雄,2023-05-11,9303
2929,淘帝-KY,14,0,14,華南永昌-高雄,2023-05-11,9303
00671R,富邦NASDAQ反1,14,0,14,華南永昌-高雄,2023-05-11,9303
1909,榮成,14,0,14,華南永昌-高雄,2023-05-11,9303
1514,亞力,40,26,14,華南永昌-高雄,2023-05-11,9303
3682,亞太電,13,0,13,華南永昌-高雄,2023-05-11,9303
3032,偉訓,16,3,13,華南永昌-高雄,2023-05-11,9303
6179,亞通,16,3,13,華南永昌-高雄,2023-05-11,9303
5512,力麒,13,0,13,華南永昌-高雄,2023-05-11,9303
2542,興富發,189,33,156,華南永昌-高雄,2023-05-12,9303
2888,新光金,112,3,109,華南永昌-高雄,2023-05-12,9303
00878,國泰永續高股息,193,98,95,華南永昌-高雄,2023-05-12,9303
00642U,期元大S＆P石油,88,0,88,華南永昌-高雄,2023-05-12,9303
2883,凱基金,90,12,78,華南永昌-高雄,2023-05-12,9303
00712,復華富時不動產,73,0,73,華南永昌-高雄,2023-05-12,9303
00715L,期街口布蘭特正2,190,126,64,華南永昌-高雄,2023-05-12,9303
6112,邁達特,69,15,54,華南永昌-高雄,2023-05-12,9303
2801,彰銀,59,7,52,華南永昌-高雄,2023-05-12,9303
00637L,元大滬深300正2,77,29,48,華南永昌-高雄,2023-05-12,9303
2317,鴻海,50,4,46,華南永昌-高雄,2023-05-12,9303
6234,高僑,57,13,44,華南永昌-高雄,2023-05-12,9303
2890,永豐金,43,1,42,華南永昌-高雄,2023-05-12,9303
5258,虹堡,84,46,38,華南永昌-高雄,2023-05-12,9303
8940,新天地,38,1,37,華南永昌-高雄,2023-05-12,9303
9919,康那香,35,0,35,華南永昌-高雄,2023-05-12,9303
2887,台新金,32,1,31,華南永昌-高雄,2023-05-12,9303
4994,傳奇,30,0,30,華南永昌-高雄,2023-05-12,9303
3481,群創,30,0,30,華南永昌-高雄,2023-05-12,9303
5512,力麒,27,1,26,華南永昌-高雄,2023-05-12,9303
1101,台泥,28,3,25,華南永昌-高雄,2023-05-12,9303
00882,中信中國高股息,24,0,24,華南永昌-高雄,2023-05-12,9303
2882,國泰金,22,0,22,華南永昌-高雄,2023-05-12,9303
00902,中信電池及儲能,22,0,22,華南永昌-高雄,2023-05-12,9303
2884,玉山金,24,2,22,華南永昌-高雄,2023-05-12,9303
1314,中石化,36,15,21,華南永昌-高雄,2023-05-12,9303
00907,永豐優息存股,21,0,21,華南永昌-高雄,2023-05-12,9303
3058,立德,33,13,20,華南永昌-高雄,2023-05-12,9303
1323,永裕,20,0,20,華南永昌-高雄,2023-05-12,9303
6016,康和證,19,0,19,華南永昌-高雄,2023-05-12,9303
6285,啟��,65,47,18,華南永昌-高雄,2023-05-12,9303
0056,元大高股息,18,0,18,華南永昌-高雄,2023-05-12,9303
6026,福邦證,18,0,18,華南永昌-高雄,2023-05-12,9303
00669R,國泰美國道瓊反1,15,0,15,華南永昌-高雄,2023-05-12,9303
2606,裕民,15,0,15,華南永昌-高雄,2023-05-12,9303
6266,泰詠,16,1,15,華南永昌-高雄,2023-05-12,9303
3682,亞太電,14,0,14,華南永昌-高雄,2023-05-12,9303
1514,亞力,30,16,14,華南永昌-高雄,2023-05-12,9303
2409,友達,14,0,14,華南永昌-高雄,2023-05-12,9303
2630,亞航,16,4,12,華南永昌-高雄,2023-05-12,9303
5284,jpp-KY,97,85,12,華南永昌-高雄,2023-05-12,9303
8222,寶一,18,6,12,華南永昌-高雄,2023-05-12,9303
2208,台船,11,0,11,華南永昌-高雄,2023-05-12,9303
3128,昇銳,11,0,11,華南永昌-高雄,2023-05-12,9303
9907,統一實,11,0,11,華南永昌-高雄,2023-05-12,9303
8176,智捷,11,0,11,華南永昌-高雄,2023-05-12,9303
4979,華星光,15,5,10,華南永昌-高雄,2023-05-12,9303
1220,台榮,10,0,10,華南永昌-高雄,2023-05-12,9303
1326,台化,11,1,10,華南永昌-高雄,2023-05-12,9303
5706,鳳凰,10,0,10,華南永昌-高雄,2023-05-12,9303
00878,國泰永續高股息,470,250,220,華南永昌-高雄,2023-05-15,9303
2618,長榮航,205,6,199,華南永昌-高雄,2023-05-15,9303
4533,協易機,152,0,152,華南永昌-高雄,2023-05-15,9303
2425,承啟,93,0,93,華南永昌-高雄,2023-05-15,9303
6122,擎邦,106,14,92,華南永昌-高雄,2023-05-15,9303
2743,山富,95,19,76,華南永昌-高雄,2023-05-15,9303
2303,聯電,60,1,59,華南永昌-高雄,2023-05-15,9303
6547,高端疫苗,53,0,53,華南永昌-高雄,2023-05-15,9303
00715L,期街口布蘭特正2,60,10,50,華南永昌-高雄,2023-05-15,9303
1314,中石化,53,8,45,華南永昌-高雄,2023-05-15,9303
3682,亞太電,41,0,41,華南永昌-高雄,2023-05-15,9303
00751B,元大AAA至A公司債,32,1,31,華南永昌-高雄,2023-05-15,9303
4526,東台,30,0,30,華南永昌-高雄,2023-05-15,9303
2888,新光金,29,0,29,華南永昌-高雄,2023-05-15,9303
00882,中信中國高股息,29,0,29,華南永昌-高雄,2023-05-15,9303
2313,華通,31,5,26,華南永昌-高雄,2023-05-15,9303
6234,高僑,28,3,25,華南永昌-高雄,2023-05-15,9303
2344,華邦電,63,39,24,華南永昌-高雄,2023-05-15,9303
6235,華孚,66,42,24,華南永昌-高雄,2023-05-15,9303
5543,桓鼎-KY,24,0,24,華南永昌-高雄,2023-05-15,9303
3231,緯創,39,17,22,華南永昌-高雄,2023-05-15,9303
00687B,國泰20年美債,25,3,22,華南永昌-高雄,2023-05-15,9303
1609,大亞,94,73,21,華南永昌-高雄,2023-05-15,9303
4561,健椿,20,0,20,華南永昌-高雄,2023-05-15,9303
1216,統一,20,0,20,華南永昌-高雄,2023-05-15,9303
4960,誠美材,20,0,20,華南永昌-高雄,2023-05-15,9303
4968,立積,29,10,19,華南永昌-高雄,2023-05-15,9303
6275,元山,20,1,19,華南永昌-高雄,2023-05-15,9303
2331,精英,20,1,19,華南永昌-高雄,2023-05-15,9303
2382,廣達,24,7,17,華南永昌-高雄,2023-05-15,9303
8076,伍豐,25,8,17,華南永昌-高雄,2023-05-15,9303
2745,五福,17,1,16,華南永昌-高雄,2023-05-15,9303
8038,長園科,20,4,16,華南永昌-高雄,2023-05-15,9303
1513,中興電,38,23,15,華南永昌-高雄,2023-05-15,9303
5281,大峽谷-KY,15,0,15,華南永昌-高雄,2023-05-15,9303
1101,台泥,20,6,14,華南永昌-高雄,2023-05-15,9303
1742,台蠟,14,0,14,華南永昌-高雄,2023-05-15,9303
4979,華星光,18,5,13,華南永昌-高雄,2023-05-15,9303
5478,智冠,13,0,13,華南永昌-高雄,2023-05-15,9303
4763,材料-KY,16,3,13,華南永昌-高雄,2023-05-15,9303
2845,遠東銀,15,3,12,華南永昌-高雄,2023-05-15,9303
2453,凌群,14,2,12,華南永昌-高雄,2023-05-15,9303
6550,北極星藥業-KY,12,0,12,華南永昌-高雄,2023-05-15,9303
00679B,元大美債20年,73,62,11,華南永昌-高雄,2023-05-15,9303
00712,復華富時不動產,11,0,11,華南永昌-高雄,2023-05-15,9303
5871,中租-KY,13,2,11,華南永昌-高雄,2023-05-15,9303
3224,三顧,13,2,11,華南永昌-高雄,2023-05-15,9303
1795,美時,13,2,11,華南永昌-高雄,2023-05-15,9303
4961,天鈺,13,2,11,華南永昌-高雄,2023-05-15,9303
3037,欣興,11,0,11,華南永昌-高雄,2023-05-15,9303
2618,長榮航,201,40,161,華南永昌-高雄,2023-05-16,9303
1727,中華化,143,75,68,華南永昌-高雄,2023-05-16,9303
00680L,元大美債20正2,65,3,62,華南永昌-高雄,2023-05-16,9303
00725B,國泰投資級公司債,67,11,56,華南永昌-高雄,2023-05-16,9303
3615,安可,49,0,49,華南永昌-高雄,2023-05-16,9303
1101,台泥,55,8,47,華南永昌-高雄,2023-05-16,9303
00751B,元大AAA至A公司債,58,13,45,華南永昌-高雄,2023-05-16,9303
2317,鴻海,38,5,33,華南永昌-高雄,2023-05-16,9303
00773B,中信優先金融債,32,0,32,華南永昌-高雄,2023-05-16,9303
2406,國碩,33,2,31,華南永昌-高雄,2023-05-16,9303
6234,高僑,36,7,29,華南永昌-高雄,2023-05-16,9303
2609,陽明,33,7,26,華南永昌-高雄,2023-05-16,9303
2340,台亞,25,0,25,華南永昌-高雄,2023-05-16,9303
2633,台灣高鐵,37,13,24,華南永昌-高雄,2023-05-16,9303
00687B,國泰20年美債,24,0,24,華南永昌-高雄,2023-05-16,9303
1529,樂事綠能,36,13,23,華南永昌-高雄,2023-05-16,9303
1104,環泥,21,0,21,華南永昌-高雄,2023-05-16,9303
1201,味全,20,0,20,華南永昌-高雄,2023-05-16,9303
2409,友達,22,2,20,華南永昌-高雄,2023-05-16,9303
00632R,元大台灣50反1,40,20,20,華南永昌-高雄,2023-05-16,9303
2603,長榮,21,2,19,華南永昌-高雄,2023-05-16,9303
00772B,中信高評級公司債,115,96,19,華南永昌-高雄,2023-05-16,9303
1304,台聚,19,0,19,華南永昌-高雄,2023-05-16,9303
1709,和益,18,0,18,華南永昌-高雄,2023-05-16,9303
8076,伍豐,96,80,16,華南永昌-高雄,2023-05-16,9303
2331,精英,16,1,15,華南永昌-高雄,2023-05-16,9303
2402,毅嘉,22,7,15,華南永昌-高雄,2023-05-16,9303
6214,精誠,18,3,15,華南永昌-高雄,2023-05-16,9303
3004,豐達科,14,0,14,華南永昌-高雄,2023-05-16,9303
3010,華立,14,0,14,華南永昌-高雄,2023-05-16,9303
2706,第一店,13,0,13,華南永昌-高雄,2023-05-16,9303
2834,臺企銀,12,0,12,華南永昌-高雄,2023-05-16,9303
3035,智原,20,8,12,華南永昌-高雄,2023-05-16,9303
00720B,元大投資級公司債,30,18,12,華南永昌-高雄,2023-05-16,9303
5512,力麒,11,0,11,華南永昌-高雄,2023-05-16,9303
3712,永崴投控,13,2,11,華南永昌-高雄,2023-05-16,9303
00673R,期元大S＆P原油反1,10,0,10,華南永昌-高雄,2023-05-16,9303
4561,健椿,10,0,10,華南永昌-高雄,2023-05-16,9303
4979,華星光,11,1,10,華南永昌-高雄,2023-05-16,9303
00795B,中信美國公債20年,11,1,10,華南永昌-高雄,2023-05-16,9303
4113,聯上,10,0,10,華南永昌-高雄,2023-05-16,9303
2208,台船,30,20,10,華南永昌-高雄,2023-05-16,9303
2845,遠東銀,12,2,10,華南永昌-高雄,2023-05-16,9303
5324,士開,10,0,10,華南永昌-高雄,2023-05-16,9303
8038,長園科,14,4,10,華南永昌-高雄,2023-05-16,9303
2731,雄獅,22,12,10,華南永昌-高雄,2023-05-16,9303
2908,特力,9,0,9,華南永昌-高雄,2023-05-16,9303
5483,中美晶,11,2,9,華南永昌-高雄,2023-05-16,9303
2601,益航,12,3,9,華南永昌-高雄,2023-05-16,9303
5281,大峽谷-KY,9,0,9,華南永昌-高雄,2023-05-16,9303
3665,貿聯-KY,118,0,118,華南永昌-高雄,2023-05-17,9303
2618,長榮航,107,2,105,華南永昌-高雄,2023-05-17,9303
00725B,國泰投資級公司債,100,13,87,華南永昌-高雄,2023-05-17,9303
2883,凱基金,115,40,75,華南永昌-高雄,2023-05-17,9303
3416,融程電,55,1,54,華南永昌-高雄,2023-05-17,9303
00715L,期街口布蘭特正2,53,1,52,華南永昌-高雄,2023-05-17,9303
00772B,中信高評級公司債,88,36,52,華南永昌-高雄,2023-05-17,9303
6290,良維,54,2,52,華南永昌-高雄,2023-05-17,9303
00637L,元大滬深300正2,52,6,46,華南永昌-高雄,2023-05-17,9303
00878,國泰永續高股息,85,40,45,華南永昌-高雄,2023-05-17,9303
1905,華紙,51,8,43,華南永昌-高雄,2023-05-17,9303
00673R,期元大S＆P原油反1,41,0,41,華南永昌-高雄,2023-05-17,9303
00751B,元大AAA至A公司債,47,6,41,華南永昌-高雄,2023-05-17,9303
6625,必應,43,4,39,華南永昌-高雄,2023-05-17,9303
2402,毅嘉,79,42,37,華南永昌-高雄,2023-05-17,9303
00680L,元大美債20正2,34,0,34,華南永昌-高雄,2023-05-17,9303
2610,華航,36,3,33,華南永昌-高雄,2023-05-17,9303
4138,曜亞,43,12,31,華南永昌-高雄,2023-05-17,9303
00679B,元大美債20年,104,75,29,華南永昌-高雄,2023-05-17,9303
1742,台蠟,26,0,26,華南永昌-高雄,2023-05-17,9303
2317,鴻海,28,2,26,華南永昌-高雄,2023-05-17,9303
3704,合勤控,27,3,24,華南永昌-高雄,2023-05-17,9303
3046,建��,56,34,22,華南永昌-高雄,2023-05-17,9303
00687B,國泰20年美債,26,5,21,華南永昌-高雄,2023-05-17,9303
00713,元大台灣高息低波,20,0,20,華南永昌-高雄,2023-05-17,9303
3078,僑威,26,6,20,華南永昌-高雄,2023-05-17,9303
2731,雄獅,24,4,20,華南永昌-高雄,2023-05-17,9303
6282,康舒,26,7,19,華南永昌-高雄,2023-05-17,9303
6234,高僑,33,15,18,華南永昌-高雄,2023-05-17,9303
00712,復華富時不動產,17,0,17,華南永昌-高雄,2023-05-17,9303
3715,定穎投控,21,4,17,華南永昌-高雄,2023-05-17,9303
6441,廣錠,16,0,16,華南永昌-高雄,2023-05-17,9303
3059,華晶科,16,1,15,華南永昌-高雄,2023-05-17,9303
8105,凌巨,16,1,15,華南永昌-高雄,2023-05-17,9303
5245,智晶,15,0,15,華南永昌-高雄,2023-05-17,9303
1810,和成,34,20,14,華南永昌-高雄,2023-05-17,9303
4915,致伸,16,3,13,華南永昌-高雄,2023-05-17,9303
6248,沛波,13,0,13,華南永昌-高雄,2023-05-17,9303
5225,東科-KY,16,4,12,華南永昌-高雄,2023-05-17,9303
2327,國巨,12,1,11,華南永昌-高雄,2023-05-17,9303
6275,元山,11,0,11,華南永昌-高雄,2023-05-17,9303
6285,啟��,25,14,11,華南永昌-高雄,2023-05-17,9303
1524,耿鼎,12,2,10,華南永昌-高雄,2023-05-17,9303
3047,訊舟,10,0,10,華南永昌-高雄,2023-05-17,9303
4561,健椿,10,0,10,華南永昌-高雄,2023-05-17,9303
1720,生達,10,0,10,華南永昌-高雄,2023-05-17,9303
2472,立隆電,10,0,10,華南永昌-高雄,2023-05-17,9303
3591,艾笛森,10,0,10,華南永昌-高雄,2023-05-17,9303
6550,北極星藥業-KY,10,0,10,華南永昌-高雄,2023-05-17,9303
00635U,期元大S＆P黃金,10,0,10,華南永昌-高雄,2023-05-17,9303
8105,凌巨,72,0,72,華南永昌-高雄,2023-05-18,9303
2890,永豐金,80,11,69,華南永昌-高雄,2023-05-18,9303
00632R,元大台灣50反1,260,192,68,華南永昌-高雄,2023-05-18,9303
00878,國泰永續高股息,86,22,64,華南永昌-高雄,2023-05-18,9303
8222,寶一,82,18,64,華南永昌-高雄,2023-05-18,9303
6715,嘉基,48,1,47,華南永昌-高雄,2023-05-18,9303
2630,亞航,68,23,45,華南永昌-高雄,2023-05-18,9303
6550,北極星藥業-KY,50,10,40,華南永昌-高雄,2023-05-18,9303
00665L,富邦�琤肭磪囓�2,45,5,40,華南永昌-高雄,2023-05-18,9303
00680L,元大美債20正2,39,0,39,華南永昌-高雄,2023-05-18,9303
3362,先進光,54,19,35,華南永昌-高雄,2023-05-18,9303
2614,東森,32,1,31,華南永昌-高雄,2023-05-18,9303
1220,台榮,30,0,30,華南永昌-高雄,2023-05-18,9303
3058,立德,54,24,30,華南永昌-高雄,2023-05-18,9303
3673,TPK-KY,32,5,27,華南永昌-高雄,2023-05-18,9303
2504,國產,26,0,26,華南永昌-高雄,2023-05-18,9303
6266,泰詠,29,5,24,華南永昌-高雄,2023-05-18,9303
2886,兆豐金,29,5,24,華南永昌-高雄,2023-05-18,9303
6235,華孚,54,31,23,華南永昌-高雄,2023-05-18,9303
1216,統一,21,0,21,華南永昌-高雄,2023-05-18,9303
5210,寶碩,20,0,20,華南永昌-高雄,2023-05-18,9303
1323,永裕,20,0,20,華南永昌-高雄,2023-05-18,9303
00674R,期元大S＆P黃金反1,20,0,20,華南永昌-高雄,2023-05-18,9303
00751B,元大AAA至A公司債,20,1,19,華南永昌-高雄,2023-05-18,9303
1513,中興電,50,31,19,華南永昌-高雄,2023-05-18,9303
1213,大飲,18,0,18,華南永昌-高雄,2023-05-18,9303
1795,美時,36,18,18,華南永昌-高雄,2023-05-18,9303
1314,中石化,28,10,18,華南永昌-高雄,2023-05-18,9303
6443,元晶,19,2,17,華南永昌-高雄,2023-05-18,9303
3704,合勤控,33,16,17,華南永昌-高雄,2023-05-18,9303
2104,國際中橡,17,1,16,華南永昌-高雄,2023-05-18,9303
8234,新漢,19,3,16,華南永昌-高雄,2023-05-18,9303
3591,艾笛森,16,0,16,華南永昌-高雄,2023-05-18,9303
6282,康舒,23,8,15,華南永昌-高雄,2023-05-18,9303
3056,富華新,15,0,15,華南永昌-高雄,2023-05-18,9303
00712,復華富時不動產,59,44,15,華南永昌-高雄,2023-05-18,9303
1101,台泥,16,2,14,華南永昌-高雄,2023-05-18,9303
1304,台聚,13,0,13,華南永昌-高雄,2023-05-18,9303
6026,福邦證,13,0,13,華南永昌-高雄,2023-05-18,9303
00687B,國泰20年美債,17,5,12,華南永昌-高雄,2023-05-18,9303
2491,吉祥全,12,0,12,華南永昌-高雄,2023-05-18,9303
6770,力積電,14,2,12,華南永昌-高雄,2023-05-18,9303
6806,森崴能源,16,4,12,華南永昌-高雄,2023-05-18,9303
2340,台亞,14,3,11,華南永昌-高雄,2023-05-18,9303
2468,華經,11,0,11,華南永昌-高雄,2023-05-18,9303
1783,和康生,12,1,11,華南永昌-高雄,2023-05-18,9303
2332,友訊,13,2,11,華南永昌-高雄,2023-05-18,9303
2480,敦陽科,19,8,11,華南永昌-高雄,2023-05-18,9303
2706,第一店,10,0,10,華南永昌-高雄,2023-05-18,9303
006208,富邦台50,10,0,10,華南永昌-高雄,2023-05-18,9303
5243,乙盛-KY,127,13,114,華南永昌-高雄,2023-05-19,9303
2427,三商電,113,5,108,華南永昌-高雄,2023-05-19,9303
00720B,元大投資級公司債,89,5,84,華南永昌-高雄,2023-05-19,9303
2883,凱基金,117,34,83,華南永昌-高雄,2023-05-19,9303
2883B,凱基金乙特,79,1,78,華南永昌-高雄,2023-05-19,9303
00632R,元大台灣50反1,121,50,71,華南永昌-高雄,2023-05-19,9303
00772B,中信高評級公司債,151,86,65,華南永昌-高雄,2023-05-19,9303
6290,良維,47,0,47,華南永昌-高雄,2023-05-19,9303
1609,大亞,71,26,45,華南永昌-高雄,2023-05-19,9303
00679B,元大美債20年,121,77,44,華南永昌-高雄,2023-05-19,9303
4967,十銓,45,2,43,華南永昌-高雄,2023-05-19,9303
00687B,國泰20年美債,47,6,41,華南永昌-高雄,2023-05-19,9303
2425,承啟,43,3,40,華南永昌-高雄,2023-05-19,9303
00751B,元大AAA至A公司債,57,18,39,華南永昌-高雄,2023-05-19,9303
1529,樂事綠能,70,32,38,華南永昌-高雄,2023-05-19,9303
5009,榮剛,42,4,38,華南永昌-高雄,2023-05-19,9303
00637L,元大滬深300正2,56,19,37,華南永昌-高雄,2023-05-19,9303
00725B,國泰投資級公司債,49,13,36,華南永昌-高雄,2023-05-19,9303
3029,零壹,67,31,36,華南永昌-高雄,2023-05-19,9303
2332,友訊,56,22,34,華南永昌-高雄,2023-05-19,9303
2468,華經,38,4,34,華南永昌-高雄,2023-05-19,9303
4968,立積,35,3,32,華南永昌-高雄,2023-05-19,9303
6547,高端疫苗,31,0,31,華南永昌-高雄,2023-05-19,9303
1605,華新,53,23,30,華南永昌-高雄,2023-05-19,9303
3046,建��,31,2,29,華南永昌-高雄,2023-05-19,9303
00690,兆豐藍籌30,26,0,26,華南永昌-高雄,2023-05-19,9303
1337,再生-KY,25,0,25,華南永昌-高雄,2023-05-19,9303
00665L,富邦�琤肭磪囓�2,30,5,25,華南永昌-高雄,2023-05-19,9303
00882,中信中國高股息,24,0,24,華南永昌-高雄,2023-05-19,9303
6163,華電網,26,2,24,華南永昌-高雄,2023-05-19,9303
2801,彰銀,23,0,23,華南永昌-高雄,2023-05-19,9303
1513,中興電,48,26,22,華南永昌-高雄,2023-05-19,9303
3630,新鉅科,21,0,21,華南永昌-高雄,2023-05-19,9303
3045,台灣大,83,63,20,華南永昌-高雄,2023-05-19,9303
00673R,期元大S＆P原油反1,20,0,20,華南永昌-高雄,2023-05-19,9303
3558,神準,20,1,19,華南永昌-高雄,2023-05-19,9303
00757,統一FANG+,20,1,19,華南永昌-高雄,2023-05-19,9303
2208,台船,23,5,18,華南永昌-高雄,2023-05-19,9303
2104,國際中橡,18,0,18,華南永昌-高雄,2023-05-19,9303
6531,愛普*,21,4,17,華南永昌-高雄,2023-05-19,9303
6214,精誠,19,2,17,華南永昌-高雄,2023-05-19,9303
8234,新漢,16,0,16,華南永昌-高雄,2023-05-19,9303
2834,臺企銀,16,0,16,華南永昌-高雄,2023-05-19,9303
6441,廣錠,18,3,15,華南永昌-高雄,2023-05-19,9303
1504,東元,108,94,14,華南永昌-高雄,2023-05-19,9303
2614,東森,14,0,14,華南永昌-高雄,2023-05-19,9303
6148,驊宏資,13,0,13,華南永昌-高雄,2023-05-19,9303
1905,華紙,14,1,13,華南永昌-高雄,2023-05-19,9303
3661,世芯-KY,31,18,13,華南永昌-高雄,2023-05-19,9303
2888,新光金,26,13,13,華南永昌-高雄,2023-05-19,9303
2618,長榮航,235,121,114,華南永昌-高雄,2023-05-22,9303
00715L,期街口布蘭特正2,93,0,93,華南永昌-高雄,2023-05-22,9303
2313,華通,85,1,84,華南永昌-高雄,2023-05-22,9303
1314,中石化,69,3,66,華南永昌-高雄,2023-05-22,9303
00687B,國泰20年美債,72,6,66,華南永昌-高雄,2023-05-22,9303
4130,健亞,53,0,53,華南永昌-高雄,2023-05-22,9303
3207,耀勝,51,0,51,華南永昌-高雄,2023-05-22,9303
00642U,期元大S＆P石油,45,0,45,華南永昌-高雄,2023-05-22,9303
3037,欣興,67,24,43,華南永昌-高雄,2023-05-22,9303
00679B,元大美債20年,95,53,42,華南永昌-高雄,2023-05-22,9303
2427,三商電,244,202,42,華南永昌-高雄,2023-05-22,9303
2323,中環,49,8,41,華南永昌-高雄,2023-05-22,9303
00878,國泰永續高股息,271,235,36,華南永昌-高雄,2023-05-22,9303
2356,英業達,34,0,34,華南永昌-高雄,2023-05-22,9303
2303,聯電,51,17,34,華南永昌-高雄,2023-05-22,9303
00680L,元大美債20正2,30,0,30,華南永昌-高雄,2023-05-22,9303
00633L,富邦上証正2,27,0,27,華南永昌-高雄,2023-05-22,9303
00772B,中信高評級公司債,119,95,24,華南永昌-高雄,2023-05-22,9303
1809,中釉,26,3,23,華南永昌-高雄,2023-05-22,9303
6517,保勝光學,29,7,22,華南永昌-高雄,2023-05-22,9303
2722,夏都,27,5,22,華南永昌-高雄,2023-05-22,9303
4114,健喬,21,0,21,華南永昌-高雄,2023-05-22,9303
1218,泰山,20,0,20,華南永昌-高雄,2023-05-22,9303
1323,永裕,20,0,20,華南永昌-高雄,2023-05-22,9303
6167,久正,21,1,20,華南永昌-高雄,2023-05-22,9303
6122,擎邦,18,0,18,華南永昌-高雄,2023-05-22,9303
1717,長興,17,0,17,華南永昌-高雄,2023-05-22,9303
3017,奇鋐,19,3,16,華南永昌-高雄,2023-05-22,9303
1609,大亞,56,42,14,華南永昌-高雄,2023-05-22,9303
2412,中華電,25,11,14,華南永昌-高雄,2023-05-22,9303
2748,雲品,26,13,13,華南永昌-高雄,2023-05-22,9303
6531,愛普*,16,3,13,華南永昌-高雄,2023-05-22,9303
3003,健和興,14,1,13,華南永昌-高雄,2023-05-22,9303
00712,復華富時不動產,12,0,12,華南永昌-高雄,2023-05-22,9303
2615,萬海,17,5,12,華南永昌-高雄,2023-05-22,9303
00795B,中信美國公債20年,12,1,11,華南永昌-高雄,2023-05-22,9303
4909,新復興,11,0,11,華南永昌-高雄,2023-05-22,9303
3444,利機,13,2,11,華南永昌-高雄,2023-05-22,9303
1459,聯發,11,0,11,華南永昌-高雄,2023-05-22,9303
00751B,元大AAA至A公司債,29,18,11,華南永昌-高雄,2023-05-22,9303
2739,寒舍,12,2,10,華南永昌-高雄,2023-05-22,9303
4561,健椿,10,0,10,華南永昌-高雄,2023-05-22,9303
1417,嘉裕,10,0,10,華南永昌-高雄,2023-05-22,9303
6589,台康生技,10,0,10,華南永昌-高雄,2023-05-22,9303
00882,中信中國高股息,10,0,10,華南永昌-高雄,2023-05-22,9303
8038,長園科,10,0,10,華南永昌-高雄,2023-05-22,9303
00665L,富邦�琤肭磪囓�2,10,0,10,華南永昌-高雄,2023-05-22,9303
1586,和勤,10,0,10,華南永昌-高雄,2023-05-22,9303
2442,新美齊,10,0,10,華南永昌-高雄,2023-05-22,9303
6441,廣錠,10,1,9,華南永昌-高雄,2023-05-22,9303
5301,寶得利,448,0,448,華南永昌-高雄,2023-05-23,9303
8059,凱碩,128,15,113,華南永昌-高雄,2023-05-23,9303
2634,漢翔,100,8,92,華南永昌-高雄,2023-05-23,9303
4162,智擎,79,0,79,華南永昌-高雄,2023-05-23,9303
2702,華園,49,0,49,華南永昌-高雄,2023-05-23,9303
5531,鄉林,48,1,47,華南永昌-高雄,2023-05-23,9303
00680L,元大美債20正2,47,0,47,華南永昌-高雄,2023-05-23,9303
5284,jpp-KY,107,65,42,華南永昌-高雄,2023-05-23,9303
2739,寒舍,51,10,41,華南永昌-高雄,2023-05-23,9303
00878,國泰永續高股息,129,88,41,華南永昌-高雄,2023-05-23,9303
00687B,國泰20年美債,37,0,37,華南永昌-高雄,2023-05-23,9303
2427,三商電,59,24,35,華南永昌-高雄,2023-05-23,9303
2425,承啟,98,68,30,華南永昌-高雄,2023-05-23,9303
2457,飛宏,37,7,30,華南永昌-高雄,2023-05-23,9303
2442,新美齊,33,3,30,華南永昌-高雄,2023-05-23,9303
00772B,中信高評級公司債,142,115,27,華南永昌-高雄,2023-05-23,9303
00679B,元大美債20年,80,55,25,華南永昌-高雄,2023-05-23,9303
4746,台耀,38,18,20,華南永昌-高雄,2023-05-23,9303
5356,協益,20,0,20,華南永昌-高雄,2023-05-23,9303
1323,永裕,20,0,20,華南永昌-高雄,2023-05-23,9303
6226,光鼎,20,0,20,華南永昌-高雄,2023-05-23,9303
00882,中信中國高股息,19,0,19,華南永昌-高雄,2023-05-23,9303
2609,陽明,25,6,19,華南永昌-高雄,2023-05-23,9303
1710,東聯,20,1,19,華南永昌-高雄,2023-05-23,9303
2313,華通,42,23,19,華南永昌-高雄,2023-05-23,9303
1528,恩德,34,15,19,華南永昌-高雄,2023-05-23,9303
2458,義隆,31,13,18,華南永昌-高雄,2023-05-23,9303
00637L,元大滬深300正2,34,16,18,華南永昌-高雄,2023-05-23,9303
3682,亞太電,18,1,17,華南永昌-高雄,2023-05-23,9303
1101,台泥,24,8,16,華南永昌-高雄,2023-05-23,9303
5324,士開,16,0,16,華南永昌-高雄,2023-05-23,9303
6446,藥華藥,18,3,15,華南永昌-高雄,2023-05-23,9303
3339,泰谷,19,4,15,華南永昌-高雄,2023-05-23,9303
3406,玉晶光,17,2,15,華南永昌-高雄,2023-05-23,9303
3259,鑫創,14,0,14,華南永昌-高雄,2023-05-23,9303
8099,大世科,27,14,13,華南永昌-高雄,2023-05-23,9303
1314,中石化,15,2,13,華南永昌-高雄,2023-05-23,9303
4541,晟田,29,16,13,華南永昌-高雄,2023-05-23,9303
1319,東陽,12,0,12,華南永昌-高雄,2023-05-23,9303
3046,建��,16,4,12,華南永昌-高雄,2023-05-23,9303
6282,康舒,68,56,12,華南永昌-高雄,2023-05-23,9303
2409,友達,12,0,12,華南永昌-高雄,2023-05-23,9303
1904,正隆,11,0,11,華南永昌-高雄,2023-05-23,9303
1312,國喬,11,0,11,華南永昌-高雄,2023-05-23,9303
5481,新華,10,0,10,華南永昌-高雄,2023-05-23,9303
4931,新盛力,13,3,10,華南永昌-高雄,2023-05-23,9303
2331,精英,10,0,10,華南永昌-高雄,2023-05-23,9303
4561,健椿,10,0,10,華南永昌-高雄,2023-05-23,9303
00632R,元大台灣50反1,20,10,10,華南永昌-高雄,2023-05-23,9303
6112,邁達特,17,7,10,華南永昌-高雄,2023-05-23,9303
5225,東科-KY,163,0,163,華南永昌-高雄,2023-05-24,9303
2801,彰銀,78,0,78,華南永昌-高雄,2023-05-24,9303
4173,久裕,80,3,77,華南永昌-高雄,2023-05-24,9303
00637L,元大滬深300正2,87,15,72,華南永昌-高雄,2023-05-24,9303
5243,乙盛-KY,71,3,68,華南永昌-高雄,2023-05-24,9303
2884,玉山金,55,0,55,華南永昌-高雄,2023-05-24,9303
5512,力麒,56,3,53,華南永昌-高雄,2023-05-24,9303
1905,華紙,107,57,50,華南永昌-高雄,2023-05-24,9303
00878,國泰永續高股息,262,214,48,華南永昌-高雄,2023-05-24,9303
6122,擎邦,59,15,44,華南永昌-高雄,2023-05-24,9303
00673R,期元大S＆P原油反1,43,2,41,華南永昌-高雄,2023-05-24,9303
00882,中信中國高股息,34,0,34,華南永昌-高雄,2023-05-24,9303
2633,台灣高鐵,36,2,34,華南永昌-高雄,2023-05-24,9303
2610,華航,66,33,33,華南永昌-高雄,2023-05-24,9303
3664,安瑞-KY,33,0,33,華南永昌-高雄,2023-05-24,9303
00674R,期元大S＆P黃金反1,32,0,32,華南永昌-高雄,2023-05-24,9303
3682,亞太電,31,0,31,華南永昌-高雄,2023-05-24,9303
2399,映泰,76,47,29,華南永昌-高雄,2023-05-24,9303
2630,亞航,48,19,29,華南永昌-高雄,2023-05-24,9303
00679B,元大美債20年,165,137,28,華南永昌-高雄,2023-05-24,9303
2701,萬企,27,0,27,華南永昌-高雄,2023-05-24,9303
2812,台中銀,31,5,26,華南永昌-高雄,2023-05-24,9303
1513,中興電,38,15,23,華南永昌-高雄,2023-05-24,9303
1529,樂事綠能,30,7,23,華南永昌-高雄,2023-05-24,9303
3591,艾笛森,24,1,23,華南永昌-高雄,2023-05-24,9303
1101,台泥,30,7,23,華南永昌-高雄,2023-05-24,9303
2722,夏都,26,5,21,華南永昌-高雄,2023-05-24,9303
2328,廣宇,28,7,21,華南永昌-高雄,2023-05-24,9303
5258,虹堡,37,16,21,華南永昌-高雄,2023-05-24,9303
2748,雲品,59,38,21,華南永昌-高雄,2023-05-24,9303
00795B,中信美國公債20年,20,0,20,華南永昌-高雄,2023-05-24,9303
2515,中工,72,53,19,華南永昌-高雄,2023-05-24,9303
00907,永豐優息存股,19,0,19,華南永昌-高雄,2023-05-24,9303
3325,旭品,22,3,19,華南永昌-高雄,2023-05-24,9303
3078,僑威,31,13,18,華南永昌-高雄,2023-05-24,9303
2888,新光金,18,0,18,華南永昌-高雄,2023-05-24,9303
2705,六福,62,44,18,華南永昌-高雄,2023-05-24,9303
3617,碩天,89,71,18,華南永昌-高雄,2023-05-24,9303
2634,漢翔,81,64,17,華南永昌-高雄,2023-05-24,9303
5009,榮剛,17,1,16,華南永昌-高雄,2023-05-24,9303
6282,康舒,61,45,16,華南永昌-高雄,2023-05-24,9303
5871,中租-KY,15,0,15,華南永昌-高雄,2023-05-24,9303
1325,恆大,14,0,14,華南永昌-高雄,2023-05-24,9303
2330,台積電,15,1,14,華南永昌-高雄,2023-05-24,9303
3686,達能,13,0,13,華南永昌-高雄,2023-05-24,9303
2303,聯電,12,0,12,華南永昌-高雄,2023-05-24,9303
3363,上詮,29,17,12,華南永昌-高雄,2023-05-24,9303
2887,台新金,11,0,11,華南永昌-高雄,2023-05-24,9303
2618,長榮航,68,57,11,華南永昌-高雄,2023-05-24,9303
6275,元山,11,0,11,華南永昌-高雄,2023-05-24,9303
00632R,元大台灣50反1,323,0,323,華南永昌-高雄,2023-05-25,9303
6441,廣錠,251,1,250,華南永昌-高雄,2023-05-25,9303
2618,長榮航,337,104,233,華南永昌-高雄,2023-05-25,9303
00751B,元大AAA至A公司債,126,10,116,華南永昌-高雄,2023-05-25,9303
3045,台灣大,194,80,114,華南永昌-高雄,2023-05-25,9303
2323,中環,135,30,105,華南永昌-高雄,2023-05-25,9303
00665L,富邦�琤肭磪囓�2,92,0,92,華南永昌-高雄,2023-05-25,9303
2736,富野,134,54,80,華南永昌-高雄,2023-05-25,9303
00882,中信中國高股息,57,1,56,華南永昌-高雄,2023-05-25,9303
00715L,期街口布蘭特正2,133,77,56,華南永昌-高雄,2023-05-25,9303
00637L,元大滬深300正2,80,25,55,華南永昌-高雄,2023-05-25,9303
2317,鴻海,56,5,51,華南永昌-高雄,2023-05-25,9303
5310,天剛,45,0,45,華南永昌-高雄,2023-05-25,9303
00712,復華富時不動產,43,0,43,華南永昌-高雄,2023-05-25,9303
2634,漢翔,54,16,38,華南永昌-高雄,2023-05-25,9303
2611,志信,39,3,36,華南永昌-高雄,2023-05-25,9303
1101,台泥,44,10,34,華南永昌-高雄,2023-05-25,9303
1785,光洋科,39,6,33,華南永昌-高雄,2023-05-25,9303
00722B,群益投資級電信債,30,0,30,華南永昌-高雄,2023-05-25,9303
2702,華園,53,23,30,華南永昌-高雄,2023-05-25,9303
5225,東科-KY,28,0,28,華南永昌-高雄,2023-05-25,9303
3252,海灣,34,6,28,華南永昌-高雄,2023-05-25,9303
1609,大亞,47,19,28,華南永昌-高雄,2023-05-25,9303
2801,彰銀,27,0,27,華南永昌-高雄,2023-05-25,9303
6548,長科*,27,0,27,華南永昌-高雄,2023-05-25,9303
5703,亞都,26,0,26,華南永昌-高雄,2023-05-25,9303
3013,晟銘電,32,6,26,華南永昌-高雄,2023-05-25,9303
1216,統一,25,0,25,華南永昌-高雄,2023-05-25,9303
00680L,元大美債20正2,23,0,23,華南永昌-高雄,2023-05-25,9303
5531,鄉林,26,3,23,華南永昌-高雄,2023-05-25,9303
2630,亞航,55,33,22,華南永昌-高雄,2023-05-25,9303
00687B,國泰20年美債,22,1,21,華南永昌-高雄,2023-05-25,9303
2722,夏都,56,35,21,華南永昌-高雄,2023-05-25,9303
2453,凌群,37,17,20,華南永昌-高雄,2023-05-25,9303
4906,正文,27,8,19,華南永昌-高雄,2023-05-25,9303
8358,金居,20,1,19,華南永昌-高雄,2023-05-25,9303
3715,定穎投控,25,6,19,華南永昌-高雄,2023-05-25,9303
5478,智冠,20,2,18,華南永昌-高雄,2023-05-25,9303
00679B,元大美債20年,111,94,17,華南永昌-高雄,2023-05-25,9303
00650L,復華香港正2,17,0,17,華南永昌-高雄,2023-05-25,9303
6226,光鼎,17,0,17,華南永昌-高雄,2023-05-25,9303
5905,南仁湖,21,4,17,華南永昌-高雄,2023-05-25,9303
8940,新天地,20,5,15,華南永昌-高雄,2023-05-25,9303
1605,華新,17,2,15,華南永昌-高雄,2023-05-25,9303
2344,華邦電,33,19,14,華南永昌-高雄,2023-05-25,9303
2504,國產,14,0,14,華南永昌-高雄,2023-05-25,9303
3207,耀勝,16,3,13,華南永昌-高雄,2023-05-25,9303
2880,華南金,12,0,12,華南永昌-高雄,2023-05-25,9303
2603,長榮,14,2,12,華南永昌-高雄,2023-05-25,9303
5243,乙盛-KY,129,117,12,華南永昌-高雄,2023-05-25,9303
00632R,元大台灣50反1,446,112,334,華南永昌-高雄,2023-05-26,9303
00715L,期街口布蘭特正2,123,2,121,華南永昌-高雄,2023-05-26,9303
00712,復華富時不動產,109,0,109,華南永昌-高雄,2023-05-26,9303
3264,欣銓,110,13,97,華南永昌-高雄,2023-05-26,9303
4564,元翎,77,14,63,華南永昌-高雄,2023-05-26,9303
2883,凱基金,90,36,54,華南永昌-高雄,2023-05-26,9303
4746,台耀,82,29,53,華南永昌-高雄,2023-05-26,9303
4119,旭富,53,0,53,華南永昌-高雄,2023-05-26,9303
2352,佳世達,57,4,53,華南永昌-高雄,2023-05-26,9303
2314,台揚,55,3,52,華南永昌-高雄,2023-05-26,9303
00680L,元大美債20正2,51,0,51,華南永昌-高雄,2023-05-26,9303
00637L,元大滬深300正2,70,23,47,華南永昌-高雄,2023-05-26,9303
00882,中信中國高股息,47,0,47,華南永昌-高雄,2023-05-26,9303
2303,聯電,133,87,46,華南永昌-高雄,2023-05-26,9303
00795B,中信美國公債20年,42,0,42,華南永昌-高雄,2023-05-26,9303
00772B,中信高評級公司債,84,48,36,華南永昌-高雄,2023-05-26,9303
4968,立積,40,4,36,華南永昌-高雄,2023-05-26,9303
1905,華紙,40,6,34,華南永昌-高雄,2023-05-26,9303
2421,建準,117,85,32,華南永昌-高雄,2023-05-26,9303
00642U,期元大S＆P石油,47,15,32,華南永昌-高雄,2023-05-26,9303
00665L,富邦�琤肭磪囓�2,31,0,31,華南永昌-高雄,2023-05-26,9303
2103,台橡,31,0,31,華南永昌-高雄,2023-05-26,9303
2887,台新金,30,0,30,華南永昌-高雄,2023-05-26,9303
6142,友勁,30,2,28,華南永昌-高雄,2023-05-26,9303
8390,金益鼎,27,0,27,華南永昌-高雄,2023-05-26,9303
3231,緯創,109,83,26,華南永昌-高雄,2023-05-26,9303
1909,榮成,32,7,25,華南永昌-高雄,2023-05-26,9303
2722,夏都,77,52,25,華南永昌-高雄,2023-05-26,9303
1711,永光,25,0,25,華南永昌-高雄,2023-05-26,9303
8358,金居,51,28,23,華南永昌-高雄,2023-05-26,9303
00902,中信電池及儲能,22,0,22,華南永昌-高雄,2023-05-26,9303
4104,佳醫,22,0,22,華南永昌-高雄,2023-05-26,9303
5225,東科-KY,22,0,22,華南永昌-高雄,2023-05-26,9303
00687B,國泰20年美債,22,0,22,華南永昌-高雄,2023-05-26,9303
2851,中再保,22,0,22,華南永昌-高雄,2023-05-26,9303
1323,永裕,20,0,20,華南永昌-高雄,2023-05-26,9303
00751B,元大AAA至A公司債,19,0,19,華南永昌-高雄,2023-05-26,9303
00673R,期元大S＆P原油反1,20,1,19,華南永昌-高雄,2023-05-26,9303
6584,南俊國際,20,2,18,華南永昌-高雄,2023-05-26,9303
2637,慧洋-KY,29,12,17,華南永昌-高雄,2023-05-26,9303
1717,長興,17,0,17,華南永昌-高雄,2023-05-26,9303
2630,亞航,35,18,17,華南永昌-高雄,2023-05-26,9303
5905,南仁湖,20,4,16,華南永昌-高雄,2023-05-26,9303
00720B,元大投資級公司債,24,8,16,華南永昌-高雄,2023-05-26,9303
1314,中石化,17,2,15,華南永昌-高雄,2023-05-26,9303
2719,燦星旅,16,1,15,華南永昌-高雄,2023-05-26,9303
2206,三陽工業,17,2,15,華南永昌-高雄,2023-05-26,9303
1308,亞聚,15,1,14,華南永昌-高雄,2023-05-26,9303
6770,力積電,16,3,13,華南永昌-高雄,2023-05-26,9303
5483,中美晶,17,4,13,華南永昌-高雄,2023-05-26,9303
2618,長榮航,258,148,110,華南永昌-高雄,2023-05-29,9303
0056,元大高股息,100,14,86,華南永昌-高雄,2023-05-29,9303
8171,天宇,64,2,62,華南永昌-高雄,2023-05-29,9303
2736,富野,86,26,60,華南永昌-高雄,2023-05-29,9303
00795B,中信美國公債20年,58,2,56,華南永昌-高雄,2023-05-29,9303
6282,康舒,118,67,51,華南永昌-高雄,2023-05-29,9303
9919,康那香,50,0,50,華南永昌-高雄,2023-05-29,9303
00891,中信關鍵半導體,49,4,45,華南永昌-高雄,2023-05-29,9303
5864,致和證,46,2,44,華南永昌-高雄,2023-05-29,9303
3481,群創,68,29,39,華南永昌-高雄,2023-05-29,9303
3058,立德,37,1,36,華南永昌-高雄,2023-05-29,9303
3706,神達,65,29,36,華南永昌-高雄,2023-05-29,9303
4744,皇將,47,12,35,華南永昌-高雄,2023-05-29,9303
3017,奇鋐,51,17,34,華南永昌-高雄,2023-05-29,9303
3037,欣興,55,23,32,華南永昌-高雄,2023-05-29,9303
00673R,期元大S＆P原油反1,31,0,31,華南永昌-高雄,2023-05-29,9303
8069,元太,44,13,31,華南永昌-高雄,2023-05-29,9303
2427,三商電,45,16,29,華南永昌-高雄,2023-05-29,9303
00882,中信中國高股息,27,0,27,華南永昌-高雄,2023-05-29,9303
5301,寶得利,29,3,26,華南永昌-高雄,2023-05-29,9303
2349,錸德,25,0,25,華南永昌-高雄,2023-05-29,9303
1101,台泥,26,2,24,華南永昌-高雄,2023-05-29,9303
2883,凱基金,25,2,23,華南永昌-高雄,2023-05-29,9303
6217,中探針,35,12,23,華南永昌-高雄,2023-05-29,9303
1312,國喬,22,0,22,華南永昌-高雄,2023-05-29,9303
8021,尖點,21,0,21,華南永昌-高雄,2023-05-29,9303
8354,冠好,27,6,21,華南永昌-高雄,2023-05-29,9303
1323,永裕,20,0,20,華南永昌-高雄,2023-05-29,9303
1608,華榮,41,21,20,華南永昌-高雄,2023-05-29,9303
8996,高力,30,12,18,華南永昌-高雄,2023-05-29,9303
5706,鳳凰,33,15,18,華南永昌-高雄,2023-05-29,9303
00878,國泰永續高股息,52,34,18,華南永昌-高雄,2023-05-29,9303
00923,群益台ESG低碳50,18,0,18,華南永昌-高雄,2023-05-29,9303
00757,統一FANG+,18,0,18,華南永昌-高雄,2023-05-29,9303
00637L,元大滬深300正2,47,30,17,華南永昌-高雄,2023-05-29,9303
1582,信錦,17,0,17,華南永昌-高雄,2023-05-29,9303
2498,宏達電,41,25,16,華南永昌-高雄,2023-05-29,9303
8038,長園科,16,0,16,華南永昌-高雄,2023-05-29,9303
2002,中鋼,16,1,15,華南永昌-高雄,2023-05-29,9303
2491,吉祥全,15,0,15,華南永昌-高雄,2023-05-29,9303
1314,中石化,13,0,13,華南永昌-高雄,2023-05-29,9303
4966,譜瑞-KY,13,0,13,華南永昌-高雄,2023-05-29,9303
6190,萬泰科,38,25,13,華南永昌-高雄,2023-05-29,9303
4702,中美實,17,5,12,華南永昌-高雄,2023-05-29,9303
6712,長聖,12,0,12,華南永昌-高雄,2023-05-29,9303
2329,華泰,15,4,11,華南永昌-高雄,2023-05-29,9303
2382,廣達,15,4,11,華南永昌-高雄,2023-05-29,9303
00753L,中信中國50正2,11,0,11,華南永昌-高雄,2023-05-29,9303
5225,東科-KY,74,63,11,華南永昌-高雄,2023-05-29,9303
1460,宏遠,13,2,11,華南永昌-高雄,2023-05-29,9303
3231,緯創,472,249,223,華南永昌-高雄,2023-05-30,9303
5301,寶得利,119,5,114,華南永昌-高雄,2023-05-30,9303
2356,英業達,160,47,113,華南永昌-高雄,2023-05-30,9303
2371,大同,117,16,101,華南永昌-高雄,2023-05-30,9303
6166,凌華,70,3,67,華南永昌-高雄,2023-05-30,9303
2618,長榮航,249,186,63,華南永昌-高雄,2023-05-30,9303
4906,正文,64,3,61,華南永昌-高雄,2023-05-30,9303
00772B,中信高評級公司債,90,32,58,華南永昌-高雄,2023-05-30,9303
4979,華星光,84,28,56,華南永昌-高雄,2023-05-30,9303
5498,凱崴,53,0,53,華南永昌-高雄,2023-05-30,9303
2425,承啟,152,101,51,華南永昌-高雄,2023-05-30,9303
2630,亞航,50,0,50,華南永昌-高雄,2023-05-30,9303
6142,友勁,50,0,50,華南永昌-高雄,2023-05-30,9303
3047,訊舟,50,0,50,華南永昌-高雄,2023-05-30,9303
00665L,富邦�琤肭磪囓�2,50,0,50,華南永昌-高雄,2023-05-30,9303
6477,安集,45,0,45,華南永昌-高雄,2023-05-30,9303
00751B,元大AAA至A公司債,43,0,43,華南永昌-高雄,2023-05-30,9303
5381,合正,41,0,41,華南永昌-高雄,2023-05-30,9303
00637L,元大滬深300正2,72,31,41,華南永昌-高雄,2023-05-30,9303
6505,台塑化,40,0,40,華南永昌-高雄,2023-05-30,9303
0056,元大高股息,54,17,37,華南永昌-高雄,2023-05-30,9303
5225,東科-KY,36,1,35,華南永昌-高雄,2023-05-30,9303
1524,耿鼎,52,21,31,華南永昌-高雄,2023-05-30,9303
8171,天宇,31,0,31,華南永昌-高雄,2023-05-30,9303
6271,同欣電,29,3,26,華南永昌-高雄,2023-05-30,9303
3206,志豐,26,0,26,華南永昌-高雄,2023-05-30,9303
4543,萬在,25,0,25,華南永昌-高雄,2023-05-30,9303
2634,漢翔,31,6,25,華南永昌-高雄,2023-05-30,9303
2382,廣達,33,9,24,華南永昌-高雄,2023-05-30,9303
3013,晟銘電,87,64,23,華南永昌-高雄,2023-05-30,9303
2834,臺企銀,30,7,23,華南永昌-高雄,2023-05-30,9303
2883,凱基金,25,3,22,華南永昌-高雄,2023-05-30,9303
2465,麗臺,22,0,22,華南永昌-高雄,2023-05-30,9303
6535,順藥,24,2,22,華南永昌-高雄,2023-05-30,9303
6125,廣運,24,2,22,華南永昌-高雄,2023-05-30,9303
2002,中鋼,26,4,22,華南永昌-高雄,2023-05-30,9303
2637,慧洋-KY,25,4,21,華南永昌-高雄,2023-05-30,9303
3025,星通,44,23,21,華南永昌-高雄,2023-05-30,9303
6122,擎邦,28,7,21,華南永昌-高雄,2023-05-30,9303
2736,富野,35,14,21,華南永昌-高雄,2023-05-30,9303
2314,台揚,20,0,20,華南永昌-高雄,2023-05-30,9303
00696B,富邦美債20年,20,0,20,華南永昌-高雄,2023-05-30,9303
3710,連展投控,20,0,20,華南永昌-高雄,2023-05-30,9303
3673,TPK-KY,20,1,19,華南永昌-高雄,2023-05-30,9303
4744,皇將,19,0,19,華南永昌-高雄,2023-05-30,9303
1416,廣豐,18,0,18,華南永昌-高雄,2023-05-30,9303
2867,三商壽,17,0,17,華南永昌-高雄,2023-05-30,9303
00725B,國泰投資級公司債,21,4,17,華南永昌-高雄,2023-05-30,9303
00642U,期元大S＆P石油,17,0,17,華南永昌-高雄,2023-05-30,9303
3017,奇鋐,22,5,17,華南永昌-高雄,2023-05-30,9303
00715L,期街口布蘭特正2,342,0,342,華南永昌-高雄,2023-05-31,9303
2801,彰銀,96,0,96,華南永昌-高雄,2023-05-31,9303
00642U,期元大S＆P石油,77,0,77,華南永昌-高雄,2023-05-31,9303
2356,英業達,67,4,63,華南永昌-高雄,2023-05-31,9303
8171,天宇,56,0,56,華南永昌-高雄,2023-05-31,9303
2461,光群雷,50,1,49,華南永昌-高雄,2023-05-31,9303
00637L,元大滬深300正2,73,24,49,華南永昌-高雄,2023-05-31,9303
6202,盛群,71,23,48,華南永昌-高雄,2023-05-31,9303
5706,鳳凰,79,35,44,華南永昌-高雄,2023-05-31,9303
2457,飛宏,107,63,44,華南永昌-高雄,2023-05-31,9303
1101,台泥,43,3,40,華南永昌-高雄,2023-05-31,9303
5512,力麒,42,5,37,華南永昌-高雄,2023-05-31,9303
3031,佰鴻,71,38,33,華南永昌-高雄,2023-05-31,9303
3615,安可,32,0,32,華南永昌-高雄,2023-05-31,9303
8054,安國,32,0,32,華南永昌-高雄,2023-05-31,9303
00882,中信中國高股息,32,7,25,華南永昌-高雄,2023-05-31,9303
8210,勤誠,36,11,25,華南永昌-高雄,2023-05-31,9303
5864,致和證,27,4,23,華南永昌-高雄,2023-05-31,9303
8046,南電,27,4,23,華南永昌-高雄,2023-05-31,9303
2201,裕隆,50,28,22,華南永昌-高雄,2023-05-31,9303
00633L,富邦上証正2,22,0,22,華南永昌-高雄,2023-05-31,9303
2845,遠東銀,22,0,22,華南永昌-高雄,2023-05-31,9303
4763,材料-KY,24,2,22,華南永昌-高雄,2023-05-31,9303
3706,神達,36,15,21,華南永昌-高雄,2023-05-31,9303
00674R,期元大S＆P黃金反1,21,0,21,華南永昌-高雄,2023-05-31,9303
6841,長佳智能,23,2,21,華南永昌-高雄,2023-05-31,9303
1213,大飲,20,0,20,華南永昌-高雄,2023-05-31,9303
00665L,富邦�琤肭磪囓�2,20,0,20,華南永昌-高雄,2023-05-31,9303
4543,萬在,26,7,19,華南永昌-高雄,2023-05-31,9303
2349,錸德,20,4,16,華南永昌-高雄,2023-05-31,9303
1513,中興電,34,19,15,華南永昌-高雄,2023-05-31,9303
5243,乙盛-KY,22,7,15,華南永昌-高雄,2023-05-31,9303
5478,智冠,14,0,14,華南永昌-高雄,2023-05-31,9303
8105,凌巨,15,1,14,華南永昌-高雄,2023-05-31,9303
5236,凌陽創新,21,8,13,華南永昌-高雄,2023-05-31,9303
4916,事欣科,21,9,12,華南永昌-高雄,2023-05-31,9303
6217,中探針,12,0,12,華南永昌-高雄,2023-05-31,9303
2883,凱基金,18,6,12,華南永昌-高雄,2023-05-31,9303
6274,台燿,22,10,12,華南永昌-高雄,2023-05-31,9303
8227,巨有科技,13,1,12,華南永昌-高雄,2023-05-31,9303
2449,京元電子,11,0,11,華南永昌-高雄,2023-05-31,9303
6148,驊宏資,11,0,11,華南永昌-高雄,2023-05-31,9303
2748,雲品,52,41,11,華南永昌-高雄,2023-05-31,9303
4528,江興鍛,11,1,10,華南永昌-高雄,2023-05-31,9303
5871,中租-KY,10,0,10,華南永昌-高雄,2023-05-31,9303
6770,力積電,14,4,10,華南永昌-高雄,2023-05-31,9303
6117,迎廣,10,0,10,華南永昌-高雄,2023-05-31,9303
4744,皇將,16,6,10,華南永昌-高雄,2023-05-31,9303
4746,台耀,13,3,10,華南永昌-高雄,2023-05-31,9303
3232,昱捷,11,1,10,華南永昌-高雄,2023-05-31,9303
2610,華航,961,408,553,華南永昌-高雄,2023-06-01,9303
2323,中環,284,16,268,華南永昌-高雄,2023-06-01,9303
00715L,期街口布蘭特正2,256,23,233,華南永昌-高雄,2023-06-01,9303
1314,中石化,166,1,165,華南永昌-高雄,2023-06-01,9303
00751B,元大AAA至A公司債,105,0,105,華南永昌-高雄,2023-06-01,9303
1612,宏泰,103,0,103,華南永昌-高雄,2023-06-01,9303
4564,元翎,93,2,91,華南永昌-高雄,2023-06-01,9303
00642U,期元大S＆P石油,88,0,88,華南永昌-高雄,2023-06-01,9303
3615,安可,79,0,79,華南永昌-高雄,2023-06-01,9303
6122,擎邦,74,3,71,華南永昌-高雄,2023-06-01,9303
2303,聯電,76,8,68,華南永昌-高雄,2023-06-01,9303
2913,農林,169,104,65,華南永昌-高雄,2023-06-01,9303
8271,宇瞻,73,14,59,華南永昌-高雄,2023-06-01,9303
2027,大成鋼,43,2,41,華南永昌-高雄,2023-06-01,9303
2344,華邦電,51,14,37,華南永昌-高雄,2023-06-01,9303
2609,陽明,42,7,35,華南永昌-高雄,2023-06-01,9303
6282,康舒,92,57,35,華南永昌-高雄,2023-06-01,9303
8048,德勝,36,1,35,華南永昌-高雄,2023-06-01,9303
6579,研揚,39,6,33,華南永昌-高雄,2023-06-01,9303
6770,力積電,30,1,29,華南永昌-高雄,2023-06-01,9303
6275,元山,31,2,29,華南永昌-高雄,2023-06-01,9303
3013,晟銘電,53,27,26,華南永昌-高雄,2023-06-01,9303
2371,大同,46,22,24,華南永昌-高雄,2023-06-01,9303
00665L,富邦�琤肭磪囓�2,25,1,24,華南永昌-高雄,2023-06-01,9303
6166,凌華,23,0,23,華南永昌-高雄,2023-06-01,9303
2892,第一金,22,0,22,華南永昌-高雄,2023-06-01,9303
2605,新興,21,0,21,華南永昌-高雄,2023-06-01,9303
00674R,期元大S＆P黃金反1,21,0,21,華南永昌-高雄,2023-06-01,9303
2607,榮運,21,0,21,華南永昌-高雄,2023-06-01,9303
2049,上銀,20,0,20,華南永昌-高雄,2023-06-01,9303
1104,環泥,20,0,20,華南永昌-高雄,2023-06-01,9303
1304,台聚,19,0,19,華南永昌-高雄,2023-06-01,9303
00795B,中信美國公債20年,18,0,18,華南永昌-高雄,2023-06-01,9303
1586,和勤,17,0,17,華南永昌-高雄,2023-06-01,9303
2356,英業達,27,10,17,華南永昌-高雄,2023-06-01,9303
4533,協易機,132,115,17,華南永昌-高雄,2023-06-01,9303
2427,三商電,39,23,16,華南永昌-高雄,2023-06-01,9303
1218,泰山,22,6,16,華南永昌-高雄,2023-06-01,9303
1909,榮成,18,2,16,華南永昌-高雄,2023-06-01,9303
3059,華晶科,18,3,15,華南永昌-高雄,2023-06-01,9303
8926,台汽電,19,4,15,華南永昌-高雄,2023-06-01,9303
8011,台通,35,20,15,華南永昌-高雄,2023-06-01,9303
00885,富邦越南,15,0,15,華南永昌-高雄,2023-06-01,9303
2890,永豐金,21,6,15,華南永昌-高雄,2023-06-01,9303
00679B,元大美債20年,107,93,14,華南永昌-高雄,2023-06-01,9303
2002,中鋼,17,3,14,華南永昌-高雄,2023-06-01,9303
00772B,中信高評級公司債,42,28,14,華南永昌-高雄,2023-06-01,9303
3038,全台,14,0,14,華南永昌-高雄,2023-06-01,9303
6441,廣錠,17,3,14,華南永昌-高雄,2023-06-01,9303
3058,立德,15,1,14,華南永昌-高雄,2023-06-01,9303
2610,華航,1052,90,962,華南永昌-高雄,2023-06-02,9303
2323,中環,378,132,246,華南永昌-高雄,2023-06-02,9303
1905,華紙,280,114,166,華南永昌-高雄,2023-06-02,9303
00751B,元大AAA至A公司債,159,0,159,華南永昌-高雄,2023-06-02,9303
2888,新光金,83,1,82,華南永昌-高雄,2023-06-02,9303
00712,復華富時不動產,61,2,59,華南永昌-高雄,2023-06-02,9303
3038,全台,60,8,52,華南永昌-高雄,2023-06-02,9303
2359,所羅門,68,17,51,華南永昌-高雄,2023-06-02,9303
1308,亞聚,50,0,50,華南永昌-高雄,2023-06-02,9303
2615,萬海,56,8,48,華南永昌-高雄,2023-06-02,9303
2630,亞航,75,29,46,華南永昌-高雄,2023-06-02,9303
00882,中信中國高股息,43,0,43,華南永昌-高雄,2023-06-02,9303
4543,萬在,86,46,40,華南永昌-高雄,2023-06-02,9303
00919,群益台灣精選高息,34,0,34,華南永昌-高雄,2023-06-02,9303
3013,晟銘電,74,40,34,華南永昌-高雄,2023-06-02,9303
4747,強生,32,0,32,華南永昌-高雄,2023-06-02,9303
8105,凌巨,53,22,31,華南永昌-高雄,2023-06-02,9303
2883B,凱基金乙特,30,0,30,華南永昌-高雄,2023-06-02,9303
2314,台揚,30,0,30,華南永昌-高雄,2023-06-02,9303
1504,東元,61,34,27,華南永昌-高雄,2023-06-02,9303
2457,飛宏,82,57,25,華南永昌-高雄,2023-06-02,9303
3231,緯創,380,356,24,華南永昌-高雄,2023-06-02,9303
1904,正隆,25,2,23,華南永昌-高雄,2023-06-02,9303
1503,士電,173,150,23,華南永昌-高雄,2023-06-02,9303
2427,三商電,48,25,23,華南永昌-高雄,2023-06-02,9303
2371,大同,55,32,23,華南永昌-高雄,2023-06-02,9303
2913,農林,40,18,22,華南永昌-高雄,2023-06-02,9303
00679B,元大美債20年,159,138,21,華南永昌-高雄,2023-06-02,9303
00674R,期元大S＆P黃金反1,21,0,21,華南永昌-高雄,2023-06-02,9303
8110,華東,21,1,20,華南永昌-高雄,2023-06-02,9303
4147,中裕,24,4,20,華南永昌-高雄,2023-06-02,9303
6770,力積電,26,7,19,華南永昌-高雄,2023-06-02,9303
1301,台塑,20,1,19,華南永昌-高雄,2023-06-02,9303
3693,營邦,21,3,18,華南永昌-高雄,2023-06-02,9303
3047,訊舟,18,1,17,華南永昌-高雄,2023-06-02,9303
2482,連宇,23,7,16,華南永昌-高雄,2023-06-02,9303
1303,南亞,18,2,16,華南永昌-高雄,2023-06-02,9303
6168,宏齊,17,1,16,華南永昌-高雄,2023-06-02,9303
6276,安鈦克,15,0,15,華南永昌-高雄,2023-06-02,9303
2368,金像電,30,15,15,華南永昌-高雄,2023-06-02,9303
00637L,元大滬深300正2,39,24,15,華南永昌-高雄,2023-06-02,9303
2376,技嘉,91,77,14,華南永昌-高雄,2023-06-02,9303
3017,奇鋐,33,20,13,華南永昌-高雄,2023-06-02,9303
3661,世芯-KY,14,1,13,華南永昌-高雄,2023-06-02,9303
00687B,國泰20年美債,13,0,13,華南永昌-高雄,2023-06-02,9303
2882,國泰金,13,1,12,華南永昌-高雄,2023-06-02,9303
00753L,中信中國50正2,15,3,12,華南永昌-高雄,2023-06-02,9303
1524,耿鼎,12,0,12,華南永昌-高雄,2023-06-02,9303
3444,利機,12,0,12,華南永昌-高雄,2023-06-02,9303
2439,美律,11,0,11,華南永昌-高雄,2023-06-02,9303
6185,幃翔,137,4,133,華南永昌-高雄,2023-06-05,9303
00673R,期元大S＆P原油反1,111,0,111,華南永昌-高雄,2023-06-05,9303
2618,長榮航,131,37,94,華南永昌-高雄,2023-06-05,9303
2353,宏��,109,17,92,華南永昌-高雄,2023-06-05,9303
4931,新盛力,131,40,91,華南永昌-高雄,2023-06-05,9303
2344,華邦電,115,26,89,華南永昌-高雄,2023-06-05,9303
6198,瑞築,77,0,77,華南永昌-高雄,2023-06-05,9303
2515,中工,75,2,73,華南永昌-高雄,2023-06-05,9303
2887,台新金,71,3,68,華南永昌-高雄,2023-06-05,9303
6282,康舒,157,90,67,華南永昌-高雄,2023-06-05,9303
4960,誠美材,60,0,60,華南永昌-高雄,2023-06-05,9303
00679B,元大美債20年,109,50,59,華南永昌-高雄,2023-06-05,9303
2023,燁輝,50,0,50,華南永昌-高雄,2023-06-05,9303
2002,中鋼,44,1,43,華南永昌-高雄,2023-06-05,9303
6223,旺矽,44,3,41,華南永昌-高雄,2023-06-05,9303
2201,裕隆,56,16,40,華南永昌-高雄,2023-06-05,9303
3034,聯詠,55,17,38,華南永昌-高雄,2023-06-05,9303
1714,和桐,42,5,37,華南永昌-高雄,2023-06-05,9303
2323,中環,69,34,35,華南永昌-高雄,2023-06-05,9303
00878,國泰永續高股息,312,279,33,華南永昌-高雄,2023-06-05,9303
1529,樂事綠能,60,30,30,華南永昌-高雄,2023-06-05,9303
2630,亞航,50,21,29,華南永昌-高雄,2023-06-05,9303
4123,晟德,30,2,28,華南永昌-高雄,2023-06-05,9303
1514,亞力,77,51,26,華南永昌-高雄,2023-06-05,9303
2867,三商壽,25,0,25,華南永昌-高雄,2023-06-05,9303
00882,中信中國高股息,24,0,24,華南永昌-高雄,2023-06-05,9303
8059,凱碩,26,2,24,華南永昌-高雄,2023-06-05,9303
1717,長興,24,2,22,華南永昌-高雄,2023-06-05,9303
8021,尖點,22,0,22,華南永昌-高雄,2023-06-05,9303
00687B,國泰20年美債,23,3,20,華南永昌-高雄,2023-06-05,9303
6026,福邦證,20,0,20,華南永昌-高雄,2023-06-05,9303
2457,飛宏,47,27,20,華南永昌-高雄,2023-06-05,9303
3617,碩天,25,5,20,華南永昌-高雄,2023-06-05,9303
3707,漢磊,22,3,19,華南永昌-高雄,2023-06-05,9303
00926,凱基全球菁英55,19,0,19,華南永昌-高雄,2023-06-05,9303
6005,群益證,21,3,18,華南永昌-高雄,2023-06-05,9303
00671R,富邦NASDAQ反1,17,0,17,華南永昌-高雄,2023-06-05,9303
4906,正文,22,5,17,華南永昌-高雄,2023-06-05,9303
00900,富邦特選高股息30,31,15,16,華南永昌-高雄,2023-06-05,9303
6122,擎邦,16,0,16,華南永昌-高雄,2023-06-05,9303
2324,仁寶,19,3,16,華南永昌-高雄,2023-06-05,9303
0056,元大高股息,25,9,16,華南永昌-高雄,2023-06-05,9303
6188,廣明,27,12,15,華南永昌-高雄,2023-06-05,9303
2634,漢翔,42,27,15,華南永昌-高雄,2023-06-05,9303
6160,欣技,27,13,14,華南永昌-高雄,2023-06-05,9303
1218,泰山,13,0,13,華南永昌-高雄,2023-06-05,9303
3706,神達,19,6,13,華南永昌-高雄,2023-06-05,9303
1513,中興電,38,25,13,華南永昌-高雄,2023-06-05,9303
2637,慧洋-KY,16,3,13,華南永昌-高雄,2023-06-05,9303
00919,群益台灣精選高息,15,2,13,華南永昌-高雄,2023-06-05,9303
1609,大亞,310,108,202,華南永昌-高雄,2023-06-06,9303
1528,恩德,147,9,138,華南永昌-高雄,2023-06-06,9303
2637,慧洋-KY,118,3,115,華南永昌-高雄,2023-06-06,9303
2461,光群雷,132,17,115,華南永昌-高雄,2023-06-06,9303
00919,群益台灣精選高息,108,0,108,華南永昌-高雄,2023-06-06,9303
00751B,元大AAA至A公司債,68,0,68,華南永昌-高雄,2023-06-06,9303
1905,華紙,203,137,66,華南永昌-高雄,2023-06-06,9303
2489,瑞軒,60,0,60,華南永昌-高雄,2023-06-06,9303
2610,華航,98,52,46,華南永昌-高雄,2023-06-06,9303
3481,群創,76,33,43,華南永昌-高雄,2023-06-06,9303
3027,盛達,45,3,42,華南永昌-高雄,2023-06-06,9303
1586,和勤,40,0,40,華南永昌-高雄,2023-06-06,9303
00679B,元大美債20年,173,133,40,華南永昌-高雄,2023-06-06,9303
4968,立積,39,4,35,華南永昌-高雄,2023-06-06,9303
2402,毅嘉,42,8,34,華南永昌-高雄,2023-06-06,9303
8426,紅木-KY,37,5,32,華南永昌-高雄,2023-06-06,9303
2634,漢翔,36,5,31,華南永昌-高雄,2023-06-06,9303
8358,金居,42,14,28,華南永昌-高雄,2023-06-06,9303
2606,裕民,35,7,28,華南永昌-高雄,2023-06-06,9303
3406,玉晶光,29,3,26,華南永昌-高雄,2023-06-06,9303
00650L,復華香港正2,25,0,25,華南永昌-高雄,2023-06-06,9303
2323,中環,61,36,25,華南永昌-高雄,2023-06-06,9303
2614,東森,24,0,24,華南永昌-高雄,2023-06-06,9303
6706,惠特,26,2,24,華南永昌-高雄,2023-06-06,9303
00795B,中信美國公債20年,29,5,24,華南永昌-高雄,2023-06-06,9303
3078,僑威,44,21,23,華南永昌-高雄,2023-06-06,9303
5474,聰泰,22,0,22,華南永昌-高雄,2023-06-06,9303
2314,台揚,20,0,20,華南永昌-高雄,2023-06-06,9303
2371,大同,26,7,19,華南永昌-高雄,2023-06-06,9303
3231,緯創,72,53,19,華南永昌-高雄,2023-06-06,9303
4906,正文,19,2,17,華南永昌-高雄,2023-06-06,9303
2303,聯電,24,9,15,華南永昌-高雄,2023-06-06,9303
00882,中信中國高股息,15,0,15,華南永昌-高雄,2023-06-06,9303
1314,中石化,26,11,15,華南永昌-高雄,2023-06-06,9303
4714,永捷,15,1,14,華南永昌-高雄,2023-06-06,9303
2630,亞航,68,54,14,華南永昌-高雄,2023-06-06,9303
2421,建準,18,4,14,華南永昌-高雄,2023-06-06,9303
00878,國泰永續高股息,79,65,14,華南永昌-高雄,2023-06-06,9303
1711,永光,17,4,13,華南永昌-高雄,2023-06-06,9303
1727,中華化,15,2,13,華南永昌-高雄,2023-06-06,9303
00915,凱基優選高股息30,13,0,13,華南永昌-高雄,2023-06-06,9303
6160,欣技,30,17,13,華南永昌-高雄,2023-06-06,9303
2498,宏達電,19,7,12,華南永昌-高雄,2023-06-06,9303
3706,神達,14,2,12,華南永昌-高雄,2023-06-06,9303
00637L,元大滬深300正2,39,27,12,華南永昌-高雄,2023-06-06,9303
3374,精材,14,2,12,華南永昌-高雄,2023-06-06,9303
1529,樂事綠能,31,19,12,華南永昌-高雄,2023-06-06,9303
3057,喬鼎,11,0,11,華南永昌-高雄,2023-06-06,9303
2457,飛宏,52,41,11,華南永昌-高雄,2023-06-06,9303
3545,敦泰,11,0,11,華南永昌-高雄,2023-06-06,9303
4979,華星光,191,84,107,華南永昌-高雄,2023-06-07,9303
2323,中環,130,25,105,華南永昌-高雄,2023-06-07,9303
0056,元大高股息,110,21,89,華南永昌-高雄,2023-06-07,9303
2515,中工,119,50,69,華南永昌-高雄,2023-06-07,9303
2409,友達,71,3,68,華南永昌-高雄,2023-06-07,9303
00919,群益台灣精選高息,67,0,67,華南永昌-高雄,2023-06-07,9303
3481,群創,95,35,60,華南永昌-高雄,2023-06-07,9303
2457,飛宏,64,5,59,華南永昌-高雄,2023-06-07,9303
1605,華新,62,11,51,華南永昌-高雄,2023-06-07,9303
2637,慧洋-KY,47,4,43,華南永昌-高雄,2023-06-07,9303
4744,皇將,39,1,38,華南永昌-高雄,2023-06-07,9303
1710,東聯,70,32,38,華南永昌-高雄,2023-06-07,9303
4129,聯合,41,6,35,華南永昌-高雄,2023-06-07,9303
1586,和勤,35,0,35,華南永昌-高雄,2023-06-07,9303
1308,亞聚,33,0,33,華南永昌-高雄,2023-06-07,9303
00642U,期元大S＆P石油,31,0,31,華南永昌-高雄,2023-06-07,9303
9802,鈺齊-KY,30,0,30,華南永昌-高雄,2023-06-07,9303
6125,廣運,38,8,30,華南永昌-高雄,2023-06-07,9303
2027,大成鋼,41,12,29,華南永昌-高雄,2023-06-07,9303
5706,鳳凰,95,67,28,華南永昌-高雄,2023-06-07,9303
3045,台灣大,50,22,28,華南永昌-高雄,2023-06-07,9303
3217,優群,34,6,28,華南永昌-高雄,2023-06-07,9303
2913,農林,30,2,28,華南永昌-高雄,2023-06-07,9303
4739,康普,30,2,28,華南永昌-高雄,2023-06-07,9303
6535,順藥,26,0,26,華南永昌-高雄,2023-06-07,9303
1519,華城,35,11,24,華南永昌-高雄,2023-06-07,9303
8092,建暐,24,0,24,華南永昌-高雄,2023-06-07,9303
8222,寶一,31,8,23,華南永昌-高雄,2023-06-07,9303
2888,新光金,52,30,22,華南永昌-高雄,2023-06-07,9303
2889,國票金,23,1,22,華南永昌-高雄,2023-06-07,9303
1528,恩德,32,10,22,華南永昌-高雄,2023-06-07,9303
3583,辛耘,22,0,22,華南永昌-高雄,2023-06-07,9303
3231,緯創,92,70,22,華南永昌-高雄,2023-06-07,9303
00927,群益半導體收益,21,0,21,華南永昌-高雄,2023-06-07,9303
3046,建��,55,34,21,華南永昌-高雄,2023-06-07,9303
00885,富邦越南,23,3,20,華南永昌-高雄,2023-06-07,9303
1323,永裕,20,0,20,華南永昌-高雄,2023-06-07,9303
2344,華邦電,30,10,20,華南永昌-高雄,2023-06-07,9303
8076,伍豐,22,4,18,華南永昌-高雄,2023-06-07,9303
2601,益航,26,8,18,華南永昌-高雄,2023-06-07,9303
2530,華建,18,1,17,華南永昌-高雄,2023-06-07,9303
8234,新漢,21,4,17,華南永昌-高雄,2023-06-07,9303
4123,晟德,28,12,16,華南永昌-高雄,2023-06-07,9303
2331,精英,19,3,16,華南永昌-高雄,2023-06-07,9303
4747,強生,19,3,16,華南永昌-高雄,2023-06-07,9303
3438,類比科,16,0,16,華南永昌-高雄,2023-06-07,9303
00878,國泰永續高股息,51,35,16,華南永昌-高雄,2023-06-07,9303
8105,凌巨,15,1,14,華南永昌-高雄,2023-06-07,9303
00679B,元大美債20年,54,40,14,華南永昌-高雄,2023-06-07,9303
2412,中華電,18,4,14,華南永昌-高雄,2023-06-07,9303
2888,新光金,372,84,288,華南永昌-高雄,2023-06-08,9303
00673R,期元大S＆P原油反1,253,0,253,華南永昌-高雄,2023-06-08,9303
0056,元大高股息,218,15,203,華南永昌-高雄,2023-06-08,9303
2323,中環,211,8,203,華南永昌-高雄,2023-06-08,9303
00919,群益台灣精選高息,188,0,188,華南永昌-高雄,2023-06-08,9303
2344,華邦電,170,33,137,華南永昌-高雄,2023-06-08,9303
1612,宏泰,234,116,118,華南永昌-高雄,2023-06-08,9303
2610,華航,148,49,99,華南永昌-高雄,2023-06-08,9303
00751B,元大AAA至A公司債,94,11,83,華南永昌-高雄,2023-06-08,9303
00679B,元大美債20年,165,86,79,華南永昌-高雄,2023-06-08,9303
00927,群益半導體收益,71,0,71,華南永昌-高雄,2023-06-08,9303
1584,精剛,61,2,59,華南永昌-高雄,2023-06-08,9303
5512,力麒,60,2,58,華南永昌-高雄,2023-06-08,9303
3034,聯詠,66,10,56,華南永昌-高雄,2023-06-08,9303
00725B,國泰投資級公司債,66,14,52,華南永昌-高雄,2023-06-08,9303
6770,力積電,55,4,51,華南永昌-高雄,2023-06-08,9303
2498,宏達電,44,1,43,華南永昌-高雄,2023-06-08,9303
2637,慧洋-KY,56,13,43,華南永昌-高雄,2023-06-08,9303
6015,宏遠證,42,0,42,華南永昌-高雄,2023-06-08,9303
00687B,國泰20年美債,46,7,39,華南永昌-高雄,2023-06-08,9303
2413,環科,43,8,35,華南永昌-高雄,2023-06-08,9303
00713,元大台灣高息低波,36,5,31,華南永昌-高雄,2023-06-08,9303
2324,仁寶,32,2,30,華南永昌-高雄,2023-06-08,9303
3037,欣興,70,43,27,華南永昌-高雄,2023-06-08,9303
3481,群創,36,9,27,華南永昌-高雄,2023-06-08,9303
6187,萬潤,35,8,27,華南永昌-高雄,2023-06-08,9303
2615,萬海,61,34,27,華南永昌-高雄,2023-06-08,9303
00772B,中信高評級公司債,189,162,27,華南永昌-高雄,2023-06-08,9303
1312,國喬,26,0,26,華南永昌-高雄,2023-06-08,9303
2736,富野,33,7,26,華南永昌-高雄,2023-06-08,9303
6733,博晟生醫,27,1,26,華南永昌-高雄,2023-06-08,9303
1605,華新,42,17,25,華南永昌-高雄,2023-06-08,9303
2882,國泰金,26,2,24,華南永昌-高雄,2023-06-08,9303
3591,艾笛森,28,6,22,華南永昌-高雄,2023-06-08,9303
6282,康舒,53,32,21,華南永昌-高雄,2023-06-08,9303
1709,和益,20,0,20,華南永昌-高雄,2023-06-08,9303
3105,穩懋,20,0,20,華南永昌-高雄,2023-06-08,9303
2104,國際中橡,20,0,20,華南永昌-高雄,2023-06-08,9303
6274,台燿,44,24,20,華南永昌-高雄,2023-06-08,9303
2409,友達,35,15,20,華南永昌-高雄,2023-06-08,9303
2352,佳世達,27,8,19,華南永昌-高雄,2023-06-08,9303
2734,易飛網,22,4,18,華南永昌-高雄,2023-06-08,9303
00907,永豐優息存股,17,0,17,華南永昌-高雄,2023-06-08,9303
1560,中砂,17,0,17,華南永昌-高雄,2023-06-08,9303
3252,海灣,20,3,17,華南永昌-高雄,2023-06-08,9303
2618,長榮航,48,32,16,華南永昌-高雄,2023-06-08,9303
3078,僑威,30,14,16,華南永昌-高雄,2023-06-08,9303
2408,南亞科,17,1,16,華南永昌-高雄,2023-06-08,9303
1503,士電,18,3,15,華南永昌-高雄,2023-06-08,9303
4190,佐登-KY,15,0,15,華南永昌-高雄,2023-06-08,9303
00715L,期街口布蘭特正2,326,8,318,華南永昌-高雄,2023-06-09,9303
00929,復華台灣科技優息,247,6,241,華南永昌-高雄,2023-06-09,9303
8926,台汽電,205,15,190,華南永昌-高雄,2023-06-09,9303
4533,協易機,128,6,122,華南永昌-高雄,2023-06-09,9303
2888,新光金,339,222,117,華南永昌-高雄,2023-06-09,9303
2515,中工,112,22,90,華南永昌-高雄,2023-06-09,9303
2323,中環,163,82,81,華南永昌-高雄,2023-06-09,9303
2883B,凱基金乙特,67,1,66,華南永昌-高雄,2023-06-09,9303
6770,力積電,52,0,52,華南永昌-高雄,2023-06-09,9303
00712,復華富時不動產,59,20,39,華南永昌-高雄,2023-06-09,9303
1905,華紙,50,18,32,華南永昌-高雄,2023-06-09,9303
3290,東浦,32,0,32,華南永昌-高雄,2023-06-09,9303
3045,台灣大,45,14,31,華南永昌-高雄,2023-06-09,9303
2356,英業達,74,45,29,華南永昌-高雄,2023-06-09,9303
2332,友訊,27,2,25,華南永昌-高雄,2023-06-09,9303
2421,建準,35,10,25,華南永昌-高雄,2023-06-09,9303
3380,明泰,25,0,25,華南永昌-高雄,2023-06-09,9303
2482,連宇,30,7,23,華南永昌-高雄,2023-06-09,9303
00919,群益台灣精選高息,29,6,23,華南永昌-高雄,2023-06-09,9303
6111,大宇資,21,0,21,華南永昌-高雄,2023-06-09,9303
2022,聚亨,20,0,20,華南永昌-高雄,2023-06-09,9303
1717,長興,20,0,20,華南永昌-高雄,2023-06-09,9303
1440,南紡,20,0,20,華南永昌-高雄,2023-06-09,9303
6589,台康生技,20,0,20,華南永昌-高雄,2023-06-09,9303
3305,昇貿,20,0,20,華南永昌-高雄,2023-06-09,9303
3511,矽瑪,20,0,20,華南永昌-高雄,2023-06-09,9303
6148,驊宏資,20,0,20,華南永昌-高雄,2023-06-09,9303
2301,光寶科,21,2,19,華南永昌-高雄,2023-06-09,9303
1612,宏泰,28,10,18,華南永昌-高雄,2023-06-09,9303
8942,森鉅,20,2,18,華南永昌-高雄,2023-06-09,9303
4763,材料-KY,19,1,18,華南永昌-高雄,2023-06-09,9303
2353,宏��,46,29,17,華南永昌-高雄,2023-06-09,9303
00882,中信中國高股息,19,2,17,華南永昌-高雄,2023-06-09,9303
2637,慧洋-KY,18,1,17,華南永昌-高雄,2023-06-09,9303
2609,陽明,20,3,17,華南永昌-高雄,2023-06-09,9303
3374,精材,45,29,16,華南永昌-高雄,2023-06-09,9303
6517,保勝光學,16,0,16,華南永昌-高雄,2023-06-09,9303
1608,華榮,28,12,16,華南永昌-高雄,2023-06-09,9303
00642U,期元大S＆P石油,16,0,16,華南永昌-高雄,2023-06-09,9303
1504,東元,44,28,16,華南永昌-高雄,2023-06-09,9303
2328,廣宇,17,2,15,華南永昌-高雄,2023-06-09,9303
6625,必應,28,13,15,華南永昌-高雄,2023-06-09,9303
1319,東陽,15,0,15,華南永昌-高雄,2023-06-09,9303
2731,雄獅,32,17,15,華南永昌-高雄,2023-06-09,9303
5465,富驊,20,6,14,華南永昌-高雄,2023-06-09,9303
2743,山富,60,47,13,華南永昌-高雄,2023-06-09,9303
2606,裕民,13,0,13,華南永昌-高雄,2023-06-09,9303
6125,廣運,38,25,13,華南永昌-高雄,2023-06-09,9303
3630,新鉅科,21,9,12,華南永昌-高雄,2023-06-09,9303
2457,飛宏,80,68,12,華南永昌-高雄,2023-06-09,9303
2618,長榮航,279,22,257,華南永昌-高雄,2023-06-12,9303
00715L,期街口布蘭特正2,223,0,223,華南永昌-高雄,2023-06-12,9303
00919,群益台灣精選高息,122,11,111,華南永昌-高雄,2023-06-12,9303
00632R,元大台灣50反1,207,100,107,華南永昌-高雄,2023-06-12,9303
00712,復華富時不動產,108,10,98,華南永昌-高雄,2023-06-12,9303
2382,廣達,128,43,85,華南永昌-高雄,2023-06-12,9303
0056,元大高股息,110,26,84,華南永昌-高雄,2023-06-12,9303
1326,台化,88,4,84,華南永昌-高雄,2023-06-12,9303
3231,緯創,130,46,84,華南永昌-高雄,2023-06-12,9303
00878,國泰永續高股息,632,560,72,華南永昌-高雄,2023-06-12,9303
6196,帆宣,66,8,58,華南永昌-高雄,2023-06-12,9303
2399,映泰,78,20,58,華南永昌-高雄,2023-06-12,9303
1609,大亞,144,87,57,華南永昌-高雄,2023-06-12,9303
9924,福興,47,0,47,華南永昌-高雄,2023-06-12,9303
2634,漢翔,49,8,41,華南永昌-高雄,2023-06-12,9303
4960,誠美材,40,0,40,華南永昌-高雄,2023-06-12,9303
8059,凱碩,158,120,38,華南永昌-高雄,2023-06-12,9303
00642U,期元大S＆P石油,37,0,37,華南永昌-高雄,2023-06-12,9303
00751B,元大AAA至A公司債,36,0,36,華南永昌-高雄,2023-06-12,9303
00885,富邦越南,41,7,34,華南永昌-高雄,2023-06-12,9303
3045,台灣大,60,27,33,華南永昌-高雄,2023-06-12,9303
2891,中信金,31,1,30,華南永昌-高雄,2023-06-12,9303
00929,復華台灣科技優息,89,59,30,華南永昌-高雄,2023-06-12,9303
3027,盛達,44,15,29,華南永昌-高雄,2023-06-12,9303
5426,振發,30,1,29,華南永昌-高雄,2023-06-12,9303
2356,英業達,52,24,28,華南永昌-高雄,2023-06-12,9303
4527,方土霖,37,10,27,華南永昌-高雄,2023-06-12,9303
6548,長科*,27,1,26,華南永昌-高雄,2023-06-12,9303
8390,金益鼎,26,2,24,華南永昌-高雄,2023-06-12,9303
2206,三陽工業,30,7,23,華南永昌-高雄,2023-06-12,9303
6167,久正,28,5,23,華南永昌-高雄,2023-06-12,9303
2323,中環,51,30,21,華南永昌-高雄,2023-06-12,9303
6279,胡連,26,6,20,華南永昌-高雄,2023-06-12,9303
1734,杏輝,18,0,18,華南永昌-高雄,2023-06-12,9303
2425,承啟,105,87,18,華南永昌-高雄,2023-06-12,9303
0050,元大台灣50,20,3,17,華南永昌-高雄,2023-06-12,9303
1815,富喬,30,13,17,華南永昌-高雄,2023-06-12,9303
1605,華新,19,3,16,華南永昌-高雄,2023-06-12,9303
00679B,元大美債20年,67,50,17,華南永昌-高雄,2023-06-12,9303
2889,國票金,16,0,16,華南永昌-高雄,2023-06-12,9303
3032,偉訓,22,6,16,華南永昌-高雄,2023-06-12,9303
3346,麗清,33,18,15,華南永昌-高雄,2023-06-12,9303
6125,廣運,14,0,14,華南永昌-高雄,2023-06-12,9303
6160,欣技,16,2,14,華南永昌-高雄,2023-06-12,9303
3438,類比科,15,1,14,華南永昌-高雄,2023-06-12,9303
2413,環科,13,0,13,華南永昌-高雄,2023-06-12,9303
6148,驊宏資,16,3,13,華南永昌-高雄,2023-06-12,9303
2637,慧洋-KY,16,3,13,華南永昌-高雄,2023-06-12,9303
5388,中磊,12,0,12,華南永昌-高雄,2023-06-12,9303
1717,長興,12,0,12,華南永昌-高雄,2023-06-12,9303
00715L,期街口布蘭特正2,435,2,433,華南永昌-高雄,2023-06-13,9303
2888,新光金,198,8,190,華南永昌-高雄,2023-06-13,9303
4968,立積,71,5,66,華南永昌-高雄,2023-06-13,9303
00642U,期元大S＆P石油,59,0,59,華南永昌-高雄,2023-06-13,9303
6288,聯嘉,58,7,51,華南永昌-高雄,2023-06-13,9303
6198,瑞築,52,2,50,華南永昌-高雄,2023-06-13,9303
2722,夏都,55,9,46,華南永昌-高雄,2023-06-13,9303
3038,全台,43,3,40,華南永昌-高雄,2023-06-13,9303
1785,光洋科,47,8,39,華南永昌-高雄,2023-06-13,9303
8390,金益鼎,36,0,36,華南永昌-高雄,2023-06-13,9303
00632R,元大台灣50反1,60,25,35,華南永昌-高雄,2023-06-13,9303
3224,三顧,34,0,34,華南永昌-高雄,2023-06-13,9303
4157,太景*-KY,32,0,32,華南永昌-高雄,2023-06-13,9303
6788,華景電,114,83,31,華南永昌-高雄,2023-06-13,9303
4533,協易機,43,12,31,華南永昌-高雄,2023-06-13,9303
3031,佰鴻,30,0,30,華南永昌-高雄,2023-06-13,9303
3017,奇鋐,43,13,30,華南永昌-高雄,2023-06-13,9303
2323,中環,37,9,28,華南永昌-高雄,2023-06-13,9303
6217,中探針,73,45,28,華南永昌-高雄,2023-06-13,9303
00882,中信中國高股息,27,1,26,華南永昌-高雄,2023-06-13,9303
2427,三商電,32,7,25,華南永昌-高雄,2023-06-13,9303
00637L,元大滬深300正2,44,20,24,華南永昌-高雄,2023-06-13,9303
2885,元大金,25,1,24,華南永昌-高雄,2023-06-13,9303
8358,金居,31,9,22,華南永昌-高雄,2023-06-13,9303
2889,國票金,21,0,21,華南永昌-高雄,2023-06-13,9303
00923,群益台ESG低碳50,20,0,20,華南永昌-高雄,2023-06-13,9303
5426,振發,21,2,19,華南永昌-高雄,2023-06-13,9303
1609,大亞,75,56,19,華南永昌-高雄,2023-06-13,9303
2305,全友,20,1,19,華南永昌-高雄,2023-06-13,9303
2615,萬海,32,13,19,華南永昌-高雄,2023-06-13,9303
3027,盛達,34,15,19,華南永昌-高雄,2023-06-13,9303
3055,蔚華科,30,12,18,華南永昌-高雄,2023-06-13,9303
2634,漢翔,23,5,18,華南永昌-高雄,2023-06-13,9303
3712,永崴投控,18,0,18,華南永昌-高雄,2023-06-13,9303
6150,撼訊,19,2,17,華南永昌-高雄,2023-06-13,9303
6605,帝寶,16,0,16,華南永昌-高雄,2023-06-13,9303
8121,越峰,16,0,16,華南永昌-高雄,2023-06-13,9303
6125,廣運,38,23,15,華南永昌-高雄,2023-06-13,9303
2834,臺企銀,18,3,15,華南永昌-高雄,2023-06-13,9303
2482,連宇,38,23,15,華南永昌-高雄,2023-06-13,9303
00892,富邦台灣半導體,15,0,15,華南永昌-高雄,2023-06-13,9303
5351,鈺創,25,10,15,華南永昌-高雄,2023-06-13,9303
8076,伍豐,15,0,15,華南永昌-高雄,2023-06-13,9303
5465,富驊,20,5,15,華南永昌-高雄,2023-06-13,9303
5310,天剛,14,0,14,華南永昌-高雄,2023-06-13,9303
2913,農林,16,2,14,華南永昌-高雄,2023-06-13,9303
2542,興富發,12,0,12,華南永昌-高雄,2023-06-13,9303
5864,致和證,12,0,12,華南永昌-高雄,2023-06-13,9303
4527,方土霖,12,0,12,華南永昌-高雄,2023-06-13,9303
1104,環泥,19,7,12,華南永昌-高雄,2023-06-13,9303
2888,新光金,324,11,313,華南永昌-高雄,2023-06-14,9303
8433,弘帆,88,1,87,華南永昌-高雄,2023-06-14,9303
8358,金居,71,6,65,華南永昌-高雄,2023-06-14,9303
1609,大亞,76,17,59,華南永昌-高雄,2023-06-14,9303
00712,復華富時不動產,58,0,58,華南永昌-高雄,2023-06-14,9303
00919,群益台灣精選高息,83,26,57,華南永昌-高雄,2023-06-14,9303
3034,聯詠,55,3,52,華南永昌-高雄,2023-06-14,9303
00679B,元大美債20年,183,132,51,華南永昌-高雄,2023-06-14,9303
1701,中化,50,0,50,華南永昌-高雄,2023-06-14,9303
00665L,富邦�琤肭磪囓�2,50,0,50,華南永昌-高雄,2023-06-14,9303
2615,萬海,55,6,49,華南永昌-高雄,2023-06-14,9303
00892,富邦台灣半導體,49,5,44,華南永昌-高雄,2023-06-14,9303
2618,長榮航,290,248,42,華南永昌-高雄,2023-06-14,9303
2356,英業達,153,112,41,華南永昌-高雄,2023-06-14,9303
1522,堤維西,65,24,41,華南永昌-高雄,2023-06-14,9303
8059,凱碩,40,0,40,華南永昌-高雄,2023-06-14,9303
00885,富邦越南,45,11,34,華南永昌-高雄,2023-06-14,9303
2324,仁寶,35,3,32,華南永昌-高雄,2023-06-14,9303
1795,美時,120,89,31,華南永昌-高雄,2023-06-14,9303
00915,凱基優選高股息30,30,0,30,華南永昌-高雄,2023-06-14,9303
4906,正文,32,5,27,華南永昌-高雄,2023-06-14,9303
00795B,中信美國公債20年,28,2,26,華南永昌-高雄,2023-06-14,9303
1337,再生-KY,24,0,24,華南永昌-高雄,2023-06-14,9303
1905,華紙,75,52,23,華南永昌-高雄,2023-06-14,9303
2382,廣達,38,16,22,華南永昌-高雄,2023-06-14,9303
3078,僑威,32,12,20,華南永昌-高雄,2023-06-14,9303
00781B,國泰A級科技債,20,0,20,華南永昌-高雄,2023-06-14,9303
00862B,中信投資級公司債,20,0,20,華南永昌-高雄,2023-06-14,9303
2457,飛宏,45,25,20,華南永昌-高雄,2023-06-14,9303
6278,台表科,20,1,19,華南永昌-高雄,2023-06-14,9303
5425,台半,24,6,18,華南永昌-高雄,2023-06-14,9303
6198,瑞築,17,0,17,華南永昌-高雄,2023-06-14,9303
3583,辛耘,25,9,16,華南永昌-高雄,2023-06-14,9303
3532,台勝科,17,1,16,華南永昌-高雄,2023-06-14,9303
8028,昇陽半導體,17,2,15,華南永昌-高雄,2023-06-14,9303
4510,高鋒,15,0,15,華南永昌-高雄,2023-06-14,9303
3498,陽程,15,1,14,華南永昌-高雄,2023-06-14,9303
3605,宏致,14,0,14,華南永昌-高雄,2023-06-14,9303
2371,大同,17,3,14,華南永昌-高雄,2023-06-14,9303
6274,台燿,17,3,14,華南永昌-高雄,2023-06-14,9303
5347,世界,13,0,13,華南永昌-高雄,2023-06-14,9303
3045,台灣大,23,10,13,華南永昌-高雄,2023-06-14,9303
6547,高端疫苗,13,0,13,華南永昌-高雄,2023-06-14,9303
2468,華經,21,8,13,華南永昌-高雄,2023-06-14,9303
2323,中環,48,36,12,華南永昌-高雄,2023-06-14,9303
6288,聯嘉,19,7,12,華南永昌-高雄,2023-06-14,9303
2301,光寶科,12,1,11,華南永昌-高雄,2023-06-14,9303
1529,樂事綠能,40,29,11,華南永昌-高雄,2023-06-14,9303
1104,環泥,12,1,11,華南永昌-高雄,2023-06-14,9303
2314,台揚,12,1,11,華南永昌-高雄,2023-06-14,9303
2401,凌陽,308,88,220,華南永昌-高雄,2023-06-15,9303
00715L,期街口布蘭特正2,223,18,205,華南永昌-高雄,2023-06-15,9303
00679B,元大美債20年,196,91,105,華南永昌-高雄,2023-06-15,9303
4513,福裕,82,0,82,華南永昌-高雄,2023-06-15,9303
3356,奇偶,91,10,81,華南永昌-高雄,2023-06-15,9303
00673R,期元大S＆P原油反1,56,0,56,華南永昌-高雄,2023-06-15,9303
00720B,元大投資級公司債,54,0,54,華南永昌-高雄,2023-06-15,9303
1701,中化,50,0,50,華南永昌-高雄,2023-06-15,9303
4572,駐龍,55,6,49,華南永昌-高雄,2023-06-15,9303
2888,新光金,52,11,41,華南永昌-高雄,2023-06-15,9303
1608,華榮,38,7,31,華南永昌-高雄,2023-06-15,9303
00680L,元大美債20正2,30,0,30,華南永昌-高雄,2023-06-15,9303
00712,復華富時不動產,31,1,30,華南永昌-高雄,2023-06-15,9303
2382,廣達,96,67,29,華南永昌-高雄,2023-06-15,9303
3374,精材,35,6,29,華南永昌-高雄,2023-06-15,9303
2323,中環,88,60,28,華南永昌-高雄,2023-06-15,9303
2637,慧洋-KY,27,0,27,華南永昌-高雄,2023-06-15,9303
2609,陽明,34,9,25,華南永昌-高雄,2023-06-15,9303
00921,兆豐龍頭等權重,25,0,25,華南永昌-高雄,2023-06-15,9303
1528,恩德,26,1,25,華南永昌-高雄,2023-06-15,9303
6233,旺玖,24,1,23,華南永昌-高雄,2023-06-15,9303
2515,中工,22,0,22,華南永昌-高雄,2023-06-15,9303
00642U,期元大S＆P石油,22,0,22,華南永昌-高雄,2023-06-15,9303
00882,中信中國高股息,22,0,22,華南永昌-高雄,2023-06-15,9303
3019,亞光,25,4,21,華南永昌-高雄,2023-06-15,9303
2892,第一金,21,0,21,華南永昌-高雄,2023-06-15,9303
2206,三陽工業,28,7,21,華南永昌-高雄,2023-06-15,9303
2344,華邦電,50,29,21,華南永昌-高雄,2023-06-15,9303
3706,神達,79,58,21,華南永昌-高雄,2023-06-15,9303
1617,榮星,20,0,20,華南永昌-高雄,2023-06-15,9303
5276,達輝-KY,20,0,20,華南永昌-高雄,2023-06-15,9303
2891,中信金,21,1,20,華南永昌-高雄,2023-06-15,9303
1733,五鼎,20,0,20,華南永昌-高雄,2023-06-15,9303
3323,加百裕,20,0,20,華南永昌-高雄,2023-06-15,9303
2482,連宇,31,13,18,華南永昌-高雄,2023-06-15,9303
2603,長榮,24,5,19,華南永昌-高雄,2023-06-15,9303
2106,建大,18,0,18,華南永昌-高雄,2023-06-15,9303
3045,台灣大,77,59,18,華南永昌-高雄,2023-06-15,9303
2104,國際中橡,18,0,18,華南永昌-高雄,2023-06-15,9303
3625,西勝,18,0,18,華南永昌-高雄,2023-06-15,9303
4906,正文,18,0,18,華南永昌-高雄,2023-06-15,9303
2317,鴻海,21,5,16,華南永昌-高雄,2023-06-15,9303
1504,東元,26,10,16,華南永昌-高雄,2023-06-15,9303
1802,台玻,22,6,16,華南永昌-高雄,2023-06-15,9303
2449,京元電子,19,4,15,華南永昌-高雄,2023-06-15,9303
6122,擎邦,36,21,15,華南永昌-高雄,2023-06-15,9303
00764B,群益25年美債,15,0,15,華南永昌-高雄,2023-06-15,9303
6532,瑞耘,17,2,15,華南永昌-高雄,2023-06-15,9303
00857B,永豐20年美公債,14,0,14,華南永昌-高雄,2023-06-15,9303
3032,偉訓,14,0,14,華南永昌-高雄,2023-06-15,9303
2845,遠東銀,662,8,654,華南永昌-高雄,2023-06-16,9303
2610,華航,726,424,302,華南永昌-高雄,2023-06-16,9303
2888,新光金,210,15,195,華南永昌-高雄,2023-06-16,9303
00673R,期元大S＆P原油反1,114,0,114,華南永昌-高雄,2023-06-16,9303
3706,神達,137,28,109,華南永昌-高雄,2023-06-16,9303
2356,英業達,170,66,104,華南永昌-高雄,2023-06-16,9303
1514,亞力,127,26,101,華南永昌-高雄,2023-06-16,9303
2106,建大,102,5,97,華南永昌-高雄,2023-06-16,9303
00929,復華台灣科技優息,135,40,95,華南永昌-高雄,2023-06-16,9303
2014,中鴻,233,142,91,華南永昌-高雄,2023-06-16,9303
00676R,富邦臺灣加權反1,90,0,90,華南永昌-高雄,2023-06-16,9303
00878,國泰永續高股息,552,477,75,華南永昌-高雄,2023-06-16,9303
3078,僑威,98,24,74,華南永昌-高雄,2023-06-16,9303
00919,群益台灣精選高息,139,69,70,華南永昌-高雄,2023-06-16,9303
4533,協易機,80,12,68,華南永昌-高雄,2023-06-16,9303
1605,華新,126,60,66,華南永昌-高雄,2023-06-16,9303
2401,凌陽,104,42,62,華南永昌-高雄,2023-06-16,9303
3481,群創,72,12,60,華南永昌-高雄,2023-06-16,9303
00665L,富邦�琤肭磪囓�2,60,1,59,華南永昌-高雄,2023-06-16,9303
1815,富喬,58,3,55,華南永昌-高雄,2023-06-16,9303
5426,振發,55,1,54,華南永昌-高雄,2023-06-16,9303
6770,力積電,56,5,51,華南永昌-高雄,2023-06-16,9303
1736,喬山,50,0,50,華南永昌-高雄,2023-06-16,9303
8358,金居,56,6,50,華南永昌-高雄,2023-06-16,9303
2371,大同,114,66,48,華南永昌-高雄,2023-06-16,9303
2605,新興,50,5,45,華南永昌-高雄,2023-06-16,9303
6282,康舒,60,19,41,華南永昌-高雄,2023-06-16,9303
2359,所羅門,74,35,39,華南永昌-高雄,2023-06-16,9303
2103,台橡,38,1,37,華南永昌-高雄,2023-06-16,9303
00674R,期元大S＆P黃金反1,34,0,34,華南永昌-高雄,2023-06-16,9303
6188,廣明,72,38,34,華南永昌-高雄,2023-06-16,9303
00751B,元大AAA至A公司債,31,0,31,華南永昌-高雄,2023-06-16,9303
2201,裕隆,33,2,31,華南永昌-高雄,2023-06-16,9303
4979,華星光,67,38,29,華南永昌-高雄,2023-06-16,9303
1789,神隆,35,7,28,華南永昌-高雄,2023-06-16,9303
3013,晟銘電,36,10,26,華南永昌-高雄,2023-06-16,9303
1301,台塑,24,0,24,華南永昌-高雄,2023-06-16,9303
2834,臺企銀,23,0,23,華南永昌-高雄,2023-06-16,9303
8050,廣積,39,16,23,華南永昌-高雄,2023-06-16,9303
2722,夏都,40,18,22,華南永昌-高雄,2023-06-16,9303
2331,精英,23,1,22,華南永昌-高雄,2023-06-16,9303
2376,技嘉,25,4,21,華南永昌-高雄,2023-06-16,9303
3163,波若威,23,3,20,華南永昌-高雄,2023-06-16,9303
4108,懷特,20,0,20,華南永昌-高雄,2023-06-16,9303
2734,易飛網,21,1,20,華南永昌-高雄,2023-06-16,9303
0056,元大高股息,23,4,19,華南永昌-高雄,2023-06-16,9303
2303,聯電,30,12,18,華南永昌-高雄,2023-06-16,9303
3265,台星科,19,1,18,華南永昌-高雄,2023-06-16,9303
2883,凱基金,30,12,18,華南永昌-高雄,2023-06-16,9303
5014,建錩,18,0,18,華南永昌-高雄,2023-06-16,9303
2845,遠東銀,329,0,329,華南永昌-高雄,2023-06-19,9303
00673R,期元大S＆P原油反1,161,0,161,華南永昌-高雄,2023-06-19,9303
6288,聯嘉,206,55,151,華南永昌-高雄,2023-06-19,9303
00712,復華富時不動產,131,0,131,華南永昌-高雄,2023-06-19,9303
2353,宏��,111,31,80,華南永昌-高雄,2023-06-19,9303
2324,仁寶,92,28,64,華南永昌-高雄,2023-06-19,9303
2457,飛宏,85,24,61,華南永昌-高雄,2023-06-19,9303
1586,和勤,61,0,61,華南永昌-高雄,2023-06-19,9303
8277,商丞,61,1,60,華南永昌-高雄,2023-06-19,9303
1529,樂事綠能,75,17,58,華南永昌-高雄,2023-06-19,9303
6547,高端疫苗,61,4,57,華南永昌-高雄,2023-06-19,9303
4119,旭富,50,0,50,華南永昌-高雄,2023-06-19,9303
2883,凱基金,62,13,49,華南永昌-高雄,2023-06-19,9303
2312,金寶,153,104,49,華南永昌-高雄,2023-06-19,9303
00679B,元大美債20年,100,52,48,華南永昌-高雄,2023-06-19,9303
2323,中環,78,33,45,華南永昌-高雄,2023-06-19,9303
8070,長華*,46,2,44,華南永昌-高雄,2023-06-19,9303
1312,國喬,40,0,40,華南永昌-高雄,2023-06-19,9303
00929,復華台灣科技優息,63,24,39,華南永昌-高雄,2023-06-19,9303
2748,雲品,57,20,37,華南永昌-高雄,2023-06-19,9303
3231,緯創,76,40,36,華南永昌-高雄,2023-06-19,9303
2344,華邦電,44,9,35,華南永昌-高雄,2023-06-19,9303
3006,晶豪科,37,2,35,華南永昌-高雄,2023-06-19,9303
1314,中石化,37,3,34,華南永昌-高雄,2023-06-19,9303
2888,新光金,37,3,34,華南永昌-高雄,2023-06-19,9303
2913,農林,34,0,34,華南永昌-高雄,2023-06-19,9303
00882,中信中國高股息,32,0,32,華南永昌-高雄,2023-06-19,9303
1605,華新,68,37,31,華南永昌-高雄,2023-06-19,9303
4960,誠美材,33,2,31,華南永昌-高雄,2023-06-19,9303
6116,彩晶,53,28,25,華南永昌-高雄,2023-06-19,9303
3711,日月光投控,26,1,25,華南永昌-高雄,2023-06-19,9303
1522,堤維西,24,1,23,華南永昌-高雄,2023-06-19,9303
0056,元大高股息,27,5,22,華南永昌-高雄,2023-06-19,9303
6279,胡連,25,4,21,華南永昌-高雄,2023-06-19,9303
5258,虹堡,29,9,20,華南永昌-高雄,2023-06-19,9303
1710,東聯,20,0,20,華南永昌-高雄,2023-06-19,9303
2425,承啟,91,72,19,華南永昌-高雄,2023-06-19,9303
2419,仲琦,17,0,17,華南永昌-高雄,2023-06-19,9303
1802,台玻,21,5,16,華南永昌-高雄,2023-06-19,9303
6188,廣明,18,2,16,華南永昌-高雄,2023-06-19,9303
2719,燦星旅,16,0,16,華南永昌-高雄,2023-06-19,9303
5460,同協,16,1,15,華南永昌-高雄,2023-06-19,9303
3356,奇偶,19,4,15,華南永昌-高雄,2023-06-19,9303
3046,建��,23,8,15,華南永昌-高雄,2023-06-19,9303
6148,驊宏資,47,32,15,華南永昌-高雄,2023-06-19,9303
3207,耀勝,22,7,15,華南永昌-高雄,2023-06-19,9303
2030,彰源,14,0,14,華南永昌-高雄,2023-06-19,9303
1459,聯發,14,0,14,華南永昌-高雄,2023-06-19,9303
4755,三福化,18,4,14,華南永昌-高雄,2023-06-19,9303
6216,居易,14,0,14,華南永昌-高雄,2023-06-19,9303
2618,長榮航,900,62,838,華南永昌-高雄,2023-06-20,9303
2337,旺宏,332,0,332,華南永昌-高雄,2023-06-20,9303
8936,國統,170,7,163,華南永昌-高雄,2023-06-20,9303
3481,群創,204,50,154,華南永昌-高雄,2023-06-20,9303
4916,事欣科,125,5,120,華南永昌-高雄,2023-06-20,9303
2845,遠東銀,120,7,113,華南永昌-高雄,2023-06-20,9303
6282,康舒,86,7,79,華南永昌-高雄,2023-06-20,9303
3011,今皓,81,6,75,華南永昌-高雄,2023-06-20,9303
2634,漢翔,146,77,69,華南永昌-高雄,2023-06-20,9303
2610,華航,196,130,66,華南永昌-高雄,2023-06-20,9303
3045,台灣大,85,20,65,華南永昌-高雄,2023-06-20,9303
00673R,期元大S＆P原油反1,60,0,60,華南永昌-高雄,2023-06-20,9303
2427,三商電,57,2,55,華南永昌-高雄,2023-06-20,9303
2104,國際中橡,60,9,51,華南永昌-高雄,2023-06-20,9303
1471,首利,47,0,47,華南永昌-高雄,2023-06-20,9303
1736,喬山,50,3,47,華南永昌-高雄,2023-06-20,9303
2340,台亞,60,20,40,華南永昌-高雄,2023-06-20,9303
4538,大詠城,40,5,35,華南永昌-高雄,2023-06-20,9303
1810,和成,37,2,35,華南永昌-高雄,2023-06-20,9303
2382,廣達,51,17,34,華南永昌-高雄,2023-06-20,9303
5386,青雲,43,10,33,華南永昌-高雄,2023-06-20,9303
1432,大魯閣,32,0,32,華南永昌-高雄,2023-06-20,9303
8222,寶一,40,9,31,華南永昌-高雄,2023-06-20,9303
1444,力麗,31,0,31,華南永昌-高雄,2023-06-20,9303
1447,力鵬,30,0,30,華南永昌-高雄,2023-06-20,9303
8210,勤誠,132,103,29,華南永昌-高雄,2023-06-20,9303
6244,茂迪,53,25,28,華南永昌-高雄,2023-06-20,9303
2885,元大金,23,0,23,華南永昌-高雄,2023-06-20,9303
2506,太設,23,0,23,華南永昌-高雄,2023-06-20,9303
6185,幃翔,23,1,22,華南永昌-高雄,2023-06-20,9303
2303,聯電,26,5,21,華南永昌-高雄,2023-06-20,9303
1701,中化,21,0,21,華南永昌-高雄,2023-06-20,9303
2208,台船,21,0,21,華南永昌-高雄,2023-06-20,9303
00665L,富邦�琤肭磪囓�2,20,0,20,華南永昌-高雄,2023-06-20,9303
5531,鄉林,20,0,20,華南永昌-高雄,2023-06-20,9303
2206,三陽工業,35,16,19,華南永昌-高雄,2023-06-20,9303
6218,豪勉,20,1,19,華南永昌-高雄,2023-06-20,9303
2453,凌群,30,11,19,華南永昌-高雄,2023-06-20,9303
4979,華星光,45,26,19,華南永昌-高雄,2023-06-20,9303
2454,聯發科,20,1,19,華南永昌-高雄,2023-06-20,9303
3207,耀勝,25,6,19,華南永昌-高雄,2023-06-20,9303
2356,英業達,57,39,18,華南永昌-高雄,2023-06-20,9303
2461,光群雷,18,0,18,華南永昌-高雄,2023-06-20,9303
3055,蔚華科,21,3,18,華南永昌-高雄,2023-06-20,9303
8099,大世科,23,5,18,華南永昌-高雄,2023-06-20,9303
1513,中興電,47,30,17,華南永昌-高雄,2023-06-20,9303
1584,精剛,26,9,17,華南永昌-高雄,2023-06-20,9303
1101,台泥,19,3,16,華南永昌-高雄,2023-06-20,9303
6148,驊宏資,31,16,15,華南永昌-高雄,2023-06-20,9303
2409,友達,97,82,15,華南永昌-高雄,2023-06-20,9303
00671R,富邦NASDAQ反1,300,0,300,華南永昌-高雄,2023-06-21,9303
6282,康舒,139,8,131,華南永昌-高雄,2023-06-21,9303
3045,台灣大,174,52,122,華南永昌-高雄,2023-06-21,9303
6125,廣運,119,18,101,華南永昌-高雄,2023-06-21,9303
3071,協禧,101,1,100,華南永昌-高雄,2023-06-21,9303
2371,大同,139,49,90,華南永昌-高雄,2023-06-21,9303
5426,振發,105,34,71,華南永昌-高雄,2023-06-21,9303
0056,元大高股息,72,2,70,華南永昌-高雄,2023-06-21,9303
2312,金寶,65,1,64,華南永昌-高雄,2023-06-21,9303
2405,輔信,66,5,61,華南永昌-高雄,2023-06-21,9303
00665L,富邦�琤肭磪囓�2,60,0,60,華南永昌-高雄,2023-06-21,9303
2845,遠東銀,60,6,54,華南永昌-高雄,2023-06-21,9303
2634,漢翔,107,56,51,華南永昌-高雄,2023-06-21,9303
00673R,期元大S＆P原油反1,50,0,50,華南永昌-高雄,2023-06-21,9303
6203,海韻電,46,4,42,華南永昌-高雄,2023-06-21,9303
2888,新光金,71,31,40,華南永昌-高雄,2023-06-21,9303
6120,達運,64,24,40,華南永昌-高雄,2023-06-21,9303
2323,中環,125,86,39,華南永昌-高雄,2023-06-21,9303
2883,凱基金,48,10,38,華南永昌-高雄,2023-06-21,9303
00882,中信中國高股息,35,0,35,華南永昌-高雄,2023-06-21,9303
2354,鴻準,34,0,34,華南永昌-高雄,2023-06-21,9303
2337,旺宏,44,11,33,華南永昌-高雄,2023-06-21,9303
2401,凌陽,45,12,33,華南永昌-高雄,2023-06-21,9303
2705,六福,79,46,33,華南永昌-高雄,2023-06-21,9303
2308,台達電,41,9,32,華南永昌-高雄,2023-06-21,9303
1440,南紡,39,8,31,華南永昌-高雄,2023-06-21,9303
6219,富旺,40,9,31,華南永昌-高雄,2023-06-21,9303
1586,和勤,27,0,27,華南永昌-高雄,2023-06-21,9303
2633,台灣高鐵,24,0,24,華南永昌-高雄,2023-06-21,9303
2603,長榮,49,27,22,華南永昌-高雄,2023-06-21,9303
2506,太設,22,0,22,華南永昌-高雄,2023-06-21,9303
1444,力麗,23,1,22,華南永昌-高雄,2023-06-21,9303
1609,大亞,40,18,22,華南永昌-高雄,2023-06-21,9303
1337,再生-KY,21,0,21,華南永昌-高雄,2023-06-21,9303
5425,台半,41,20,21,華南永昌-高雄,2023-06-21,9303
1810,和成,20,0,20,華南永昌-高雄,2023-06-21,9303
2067,嘉鋼,20,0,20,華南永昌-高雄,2023-06-21,9303
1612,宏泰,25,6,19,華南永昌-高雄,2023-06-21,9303
5706,鳳凰,55,37,18,華南永昌-高雄,2023-06-21,9303
3234,光環,20,2,18,華南永昌-高雄,2023-06-21,9303
4904,遠傳,27,10,17,華南永昌-高雄,2023-06-21,9303
2601,益航,17,0,17,華南永昌-高雄,2023-06-21,9303
3714,富采,16,0,16,華南永昌-高雄,2023-06-21,9303
3715,定穎投控,17,1,16,華南永昌-高雄,2023-06-21,9303
1904,正隆,16,1,15,華南永昌-高雄,2023-06-21,9303
1909,榮成,15,1,14,華南永昌-高雄,2023-06-21,9303
8358,金居,199,186,13,華南永昌-高雄,2023-06-21,9303
00650L,復華香港正2,13,0,13,華南永昌-高雄,2023-06-21,9303
6122,擎邦,19,6,13,華南永昌-高雄,2023-06-21,9303
2890,永豐金,13,0,13,華南永昌-高雄,2023-06-21,9303
1598,岱宇,212,9,203,華南永昌-高雄,2023-06-26,9303
3038,全台,175,7,168,華南永昌-高雄,2023-06-26,9303
3481,群創,175,45,130,華南永昌-高雄,2023-06-26,9303
2801,彰銀,106,2,104,華南永昌-高雄,2023-06-26,9303
2890,永豐金,110,20,90,華南永昌-高雄,2023-06-26,9303
3706,神達,116,36,80,華南永昌-高雄,2023-06-26,9303
2845,遠東銀,76,5,71,華南永昌-高雄,2023-06-26,9303
00715L,期街口布蘭特正2,73,3,70,華南永昌-高雄,2023-06-26,9303
00929,復華台灣科技優息,91,23,68,華南永昌-高雄,2023-06-26,9303
2867,三商壽,67,2,65,華南永昌-高雄,2023-06-26,9303
2883,凱基金,69,5,64,華南永昌-高雄,2023-06-26,9303
1605,華新,65,9,56,華南永昌-高雄,2023-06-26,9303
2337,旺宏,110,57,53,華南永昌-高雄,2023-06-26,9303
00632R,元大台灣50反1,53,0,53,華南永昌-高雄,2023-06-26,9303
2409,友達,107,55,52,華南永昌-高雄,2023-06-26,9303
00751B,元大AAA至A公司債,82,30,52,華南永昌-高雄,2023-06-26,9303
2736,富野,90,46,44,華南永昌-高雄,2023-06-26,9303
3630,新鉅科,41,0,41,華南永昌-高雄,2023-06-26,9303
1809,中釉,40,0,40,華南永昌-高雄,2023-06-26,9303
2609,陽明,44,6,38,華南永昌-高雄,2023-06-26,9303
3032,偉訓,39,2,37,華南永昌-高雄,2023-06-26,9303
00642U,期元大S＆P石油,37,0,37,華南永昌-高雄,2023-06-26,9303
00637L,元大滬深300正2,51,17,34,華南永昌-高雄,2023-06-26,9303
2615,萬海,36,2,34,華南永昌-高雄,2023-06-26,9303
2610,華航,53,20,33,華南永昌-高雄,2023-06-26,9303
2748,雲品,34,1,33,華南永昌-高雄,2023-06-26,9303
2601,益航,32,0,32,華南永昌-高雄,2023-06-26,9303
2382,廣達,52,21,31,華南永昌-高雄,2023-06-26,9303
2618,長榮航,73,43,30,華南永昌-高雄,2023-06-26,9303
5426,振發,54,25,29,華南永昌-高雄,2023-06-26,9303
1402,遠東新,30,2,28,華南永昌-高雄,2023-06-26,9303
2498,宏達電,25,0,25,華南永昌-高雄,2023-06-26,9303
3363,上詮,35,12,23,華南永昌-高雄,2023-06-26,9303
3491,昇達科,23,0,23,華南永昌-高雄,2023-06-26,9303
3413,京鼎,25,3,22,華南永昌-高雄,2023-06-26,9303
2344,華邦電,62,41,21,華南永昌-高雄,2023-06-26,9303
4916,事欣科,26,7,19,華南永昌-高雄,2023-06-26,9303
6245,立端,20,1,19,華南永昌-高雄,2023-06-26,9303
2405,輔信,48,30,18,華南永昌-高雄,2023-06-26,9303
6122,擎邦,19,1,18,華南永昌-高雄,2023-06-26,9303
2206,三陽工業,19,2,17,華南永昌-高雄,2023-06-26,9303
6219,富旺,54,37,17,華南永昌-高雄,2023-06-26,9303
5009,榮剛,18,2,16,華南永昌-高雄,2023-06-26,9303
6176,瑞儀,15,0,15,華南永昌-高雄,2023-06-26,9303
1504,東元,17,2,15,華南永昌-高雄,2023-06-26,9303
5871,中租-KY,15,0,15,華南永昌-高雄,2023-06-26,9303
2356,英業達,45,30,15,華南永昌-高雄,2023-06-26,9303
2067,嘉鋼,15,0,15,華南永昌-高雄,2023-06-26,9303
2913,農林,19,4,15,華南永昌-高雄,2023-06-26,9303
2727,王品,15,0,15,華南永昌-高雄,2023-06-26,9303
2867,三商壽,603,60,543,華南永昌-高雄,2023-06-27,9303
2610,華航,648,241,407,華南永昌-高雄,2023-06-27,9303
2303,聯電,349,14,335,華南永昌-高雄,2023-06-27,9303
8936,國統,243,3,240,華南永昌-高雄,2023-06-27,9303
00929,復華台灣科技優息,270,57,213,華南永昌-高雄,2023-06-27,9303
1736,喬山,133,2,131,華南永昌-高雄,2023-06-27,9303
1471,首利,176,47,129,華南永昌-高雄,2023-06-27,9303
2801,彰銀,120,0,120,華南永昌-高雄,2023-06-27,9303
00878,國泰永續高股息,603,493,110,華南永昌-高雄,2023-06-27,9303
2618,長榮航,153,48,105,華南永昌-高雄,2023-06-27,9303
1905,華紙,97,17,80,華南永昌-高雄,2023-06-27,9303
2409,友達,103,26,77,華南永昌-高雄,2023-06-27,9303
3481,群創,187,111,76,華南永昌-高雄,2023-06-27,9303
1447,力鵬,65,0,65,華南永昌-高雄,2023-06-27,9303
2344,華邦電,91,27,64,華南永昌-高雄,2023-06-27,9303
00882,中信中國高股息,64,1,63,華南永昌-高雄,2023-06-27,9303
3011,今皓,67,13,54,華南永昌-高雄,2023-06-27,9303
4106,雃博,59,8,51,華南永昌-高雄,2023-06-27,9303
00751B,元大AAA至A公司債,50,1,49,華南永昌-高雄,2023-06-27,9303
2427,三商電,80,31,49,華南永昌-高雄,2023-06-27,9303
3122,笙泉,52,5,47,華南永昌-高雄,2023-06-27,9303
1783,和康生,50,4,46,華南永昌-高雄,2023-06-27,9303
2349,錸德,59,14,45,華南永昌-高雄,2023-06-27,9303
2371,大同,85,41,44,華南永昌-高雄,2023-06-27,9303
2067,嘉鋼,42,0,42,華南永昌-高雄,2023-06-27,9303
2883,凱基金,59,17,42,華南永昌-高雄,2023-06-27,9303
00637L,元大滬深300正2,44,4,40,華南永昌-高雄,2023-06-27,9303
3017,奇鋐,43,4,39,華南永昌-高雄,2023-06-27,9303
9105,泰金寶-DR,99,60,39,華南永昌-高雄,2023-06-27,9303
2504,國產,40,4,36,華南永昌-高雄,2023-06-27,9303
00772B,中信高評級公司債,60,25,35,華南永昌-高雄,2023-06-27,9303
2376,技嘉,75,43,32,華南永昌-高雄,2023-06-27,9303
00676R,富邦臺灣加權反1,30,0,30,華南永昌-高雄,2023-06-27,9303
1586,和勤,29,0,29,華南永昌-高雄,2023-06-27,9303
2356,英業達,63,38,25,華南永昌-高雄,2023-06-27,9303
2206,三陽工業,28,4,24,華南永昌-高雄,2023-06-27,9303
6276,安鈦克,28,4,24,華南永昌-高雄,2023-06-27,9303
6125,廣運,33,9,24,華南永昌-高雄,2023-06-27,9303
2408,南亞科,36,13,23,華南永昌-高雄,2023-06-27,9303
6282,康舒,28,6,22,華南永昌-高雄,2023-06-27,9303
3630,新鉅科,23,1,22,華南永昌-高雄,2023-06-27,9303
2367,燿華,21,0,21,華南永昌-高雄,2023-06-27,9303
6288,聯嘉,21,0,21,華南永昌-高雄,2023-06-27,9303
2481,強茂,27,6,21,華南永昌-高雄,2023-06-27,9303
0056,元大高股息,54,33,21,華南永昌-高雄,2023-06-27,9303
1313,聯成,40,20,20,華南永昌-高雄,2023-06-27,9303
2890,永豐金,20,0,20,華南永昌-高雄,2023-06-27,9303
2105,正新,20,0,20,華南永昌-高雄,2023-06-27,9303
2615,萬海,21,1,20,華南永昌-高雄,2023-06-27,9303
3413,京鼎,20,1,19,華南永昌-高雄,2023-06-27,9303
00715L,期街口布蘭特正2,470,2,468,華南永昌-高雄,2023-06-28,9303
2867,三商壽,403,54,349,華南永昌-高雄,2023-06-28,9303
4114,健喬,331,4,327,華南永昌-高雄,2023-06-28,9303
6276,安鈦克,165,21,144,華南永昌-高雄,2023-06-28,9303
1301,台塑,80,0,80,華南永昌-高雄,2023-06-28,9303
1605,華新,97,19,78,華南永昌-高雄,2023-06-28,9303
3481,群創,101,26,75,華南永昌-高雄,2023-06-28,9303
1598,岱宇,72,0,72,華南永昌-高雄,2023-06-28,9303
2323,中環,72,17,55,華南永昌-高雄,2023-06-28,9303
2409,友達,70,16,54,華南永昌-高雄,2023-06-28,9303
2913,農林,59,8,51,華南永昌-高雄,2023-06-28,9303
8210,勤誠,55,4,51,華南永昌-高雄,2023-06-28,9303
00751B,元大AAA至A公司債,50,0,50,華南永昌-高雄,2023-06-28,9303
2014,中鴻,52,4,48,華南永昌-高雄,2023-06-28,9303
2888,新光金,50,6,44,華南永昌-高雄,2023-06-28,9303
2609,陽明,53,13,40,華南永昌-高雄,2023-06-28,9303
2421,建準,54,14,40,華南永昌-高雄,2023-06-28,9303
4563,百德,40,0,40,華南永昌-高雄,2023-06-28,9303
4908,前鼎,39,1,38,華南永昌-高雄,2023-06-28,9303
00712,復華富時不動產,35,3,32,華南永昌-高雄,2023-06-28,9303
00772B,中信高評級公司債,36,4,32,華南永昌-高雄,2023-06-28,9303
6116,彩晶,26,0,26,華南永昌-高雄,2023-06-28,9303
2881,富邦金,28,2,26,華南永昌-高雄,2023-06-28,9303
00642U,期元大S＆P石油,25,0,25,華南永昌-高雄,2023-06-28,9303
2067,嘉鋼,23,0,23,華南永昌-高雄,2023-06-28,9303
1101,台泥,33,10,23,華南永昌-高雄,2023-06-28,9303
2892,第一金,24,2,22,華南永昌-高雄,2023-06-28,9303
3380,明泰,34,13,21,華南永昌-高雄,2023-06-28,9303
2736,富野,87,67,20,華南永昌-高雄,2023-06-28,9303
8271,宇瞻,20,0,20,華南永昌-高雄,2023-06-28,9303
2882,國泰金,22,5,17,華南永昌-高雄,2023-06-28,9303
2385,群光,19,2,17,華南永昌-高雄,2023-06-28,9303
3264,欣銓,17,0,17,華南永昌-高雄,2023-06-28,9303
2883,凱基金,28,12,16,華南永昌-高雄,2023-06-28,9303
2885,元大金,15,0,15,華南永昌-高雄,2023-06-28,9303
4916,事欣科,15,1,14,華南永昌-高雄,2023-06-28,9303
2412,中華電,17,3,14,華南永昌-高雄,2023-06-28,9303
2303,聯電,14,0,14,華南永昌-高雄,2023-06-28,9303
6111,大宇資,20,7,13,華南永昌-高雄,2023-06-28,9303
6190,萬泰科,21,8,13,華南永昌-高雄,2023-06-28,9303
3013,晟銘電,22,9,13,華南永昌-高雄,2023-06-28,9303
1513,中興電,44,32,12,華南永昌-高雄,2023-06-28,9303
00722B,群益投資級電信債,11,0,11,華南永昌-高雄,2023-06-28,9303
4167,松瑞藥,12,1,11,華南永昌-高雄,2023-06-28,9303
4994,傳奇,15,4,11,華南永昌-高雄,2023-06-28,9303
6216,居易,11,0,11,華南永昌-高雄,2023-06-28,9303
1609,大亞,28,17,11,華南永昌-高雄,2023-06-28,9303
2331,精英,22,11,11,華南永昌-高雄,2023-06-28,9303
00919,群益台灣精選高息,10,0,10,華南永昌-高雄,2023-06-28,9303
3231,緯創,87,77,10,華南永昌-高雄,2023-06-28,9303
2618,長榮航,207,58,149,華南永昌-高雄,2023-06-29,9303
2888,新光金,151,18,133,華南永昌-高雄,2023-06-29,9303
2317,鴻海,129,4,125,華南永昌-高雄,2023-06-29,9303
00929,復華台灣科技優息,114,35,79,華南永昌-高雄,2023-06-29,9303
00878,國泰永續高股息,178,114,64,華南永昌-高雄,2023-06-29,9303
2882,國泰金,55,0,55,華南永昌-高雄,2023-06-29,9303
00751B,元大AAA至A公司債,50,0,50,華南永昌-高雄,2023-06-29,9303
00671R,富邦NASDAQ反1,50,0,50,華南永昌-高雄,2023-06-29,9303
4967,十銓,110,63,47,華南永昌-高雄,2023-06-29,9303
1605,華新,47,3,44,華南永昌-高雄,2023-06-29,9303
8171,天宇,40,1,39,華南永昌-高雄,2023-06-29,9303
2427,三商電,44,8,36,華南永昌-高雄,2023-06-29,9303
2002,中鋼,41,6,35,華南永昌-高雄,2023-06-29,9303
2353,宏��,45,10,35,華南永昌-高雄,2023-06-29,9303
1795,美時,39,7,32,華南永昌-高雄,2023-06-29,9303
3481,群創,35,5,30,華南永昌-高雄,2023-06-29,9303
2301,光寶科,33,3,30,華南永昌-高雄,2023-06-29,9303
2409,友達,40,13,27,華南永昌-高雄,2023-06-29,9303
2615,萬海,26,0,26,華南永昌-高雄,2023-06-29,9303
2049,上銀,23,0,23,華南永昌-高雄,2023-06-29,9303
6216,居易,23,0,23,華南永昌-高雄,2023-06-29,9303
2303,聯電,30,9,21,華南永昌-高雄,2023-06-29,9303
3694,海華,21,0,21,華南永昌-高雄,2023-06-29,9303
1444,力麗,32,11,21,華南永昌-高雄,2023-06-29,9303
3037,欣興,22,2,20,華南永昌-高雄,2023-06-29,9303
3202,樺晟,20,0,20,華南永昌-高雄,2023-06-29,9303
1734,杏輝,20,2,18,華南永昌-高雄,2023-06-29,9303
2885,元大金,20,3,17,華南永昌-高雄,2023-06-29,9303
6126,信音,17,0,17,華南永昌-高雄,2023-06-29,9303
7402,邑錡,24,8,16,華南永昌-高雄,2023-06-29,9303
1416,廣豐,16,0,16,華南永昌-高雄,2023-06-29,9303
2887,台新金,16,0,16,華南永昌-高雄,2023-06-29,9303
2634,漢翔,24,8,16,華南永昌-高雄,2023-06-29,9303
3447,展達,15,0,15,華南永昌-高雄,2023-06-29,9303
8358,金居,23,8,15,華南永昌-高雄,2023-06-29,9303
5007,三星,16,1,15,華南永昌-高雄,2023-06-29,9303
1586,和勤,14,0,14,華南永昌-高雄,2023-06-29,9303
6190,萬泰科,14,0,14,華南永昌-高雄,2023-06-29,9303
2382,廣達,53,39,14,華南永昌-高雄,2023-06-29,9303
8933,愛地雅,16,3,13,華南永昌-高雄,2023-06-29,9303
8215,明基材,13,0,13,華南永昌-高雄,2023-06-29,9303
2609,陽明,60,48,12,華南永昌-高雄,2023-06-29,9303
00882,中信中國高股息,12,0,12,華南永昌-高雄,2023-06-29,9303
1303,南亞,12,0,12,華南永昌-高雄,2023-06-29,9303
1231,聯華食,12,0,12,華南永昌-高雄,2023-06-29,9303
4526,東台,13,2,11,華南永昌-高雄,2023-06-29,9303
2371,大同,31,20,11,華南永昌-高雄,2023-06-29,9303
6877,鏵友益,10,0,10,華南永昌-高雄,2023-06-29,9303
4989,榮科,10,0,10,華南永昌-高雄,2023-06-29,9303
1312,國喬,10,0,10,華南永昌-高雄,2023-06-29,9303
2344,華邦電,151,43,108,華南永昌-高雄,2023-06-30,9303
8426,紅木-KY,91,0,91,華南永昌-高雄,2023-06-30,9303
2618,長榮航,147,64,83,華南永昌-高雄,2023-06-30,9303
2317,鴻海,80,18,62,華南永昌-高雄,2023-06-30,9303
3019,亞光,61,0,61,華南永昌-高雄,2023-06-30,9303
2883,凱基金,70,12,58,華南永昌-高雄,2023-06-30,9303
2603,長榮,91,35,56,華南永昌-高雄,2023-06-30,9303
2888,新光金,53,0,53,華南永昌-高雄,2023-06-30,9303
00772B,中信高評級公司債,88,37,51,華南永昌-高雄,2023-06-30,9303
3704,合勤控,249,198,51,華南永昌-高雄,2023-06-30,9303
00679B,元大美債20年,202,152,50,華南永昌-高雄,2023-06-30,9303
3518,柏騰,51,4,47,華南永昌-高雄,2023-06-30,9303
1447,力鵬,46,0,46,華南永昌-高雄,2023-06-30,9303
2610,華航,62,16,46,華南永昌-高雄,2023-06-30,9303
1586,和勤,40,0,40,華南永昌-高雄,2023-06-30,9303
3078,僑威,49,11,38,華南永昌-高雄,2023-06-30,9303
2368,金像電,61,23,38,華南永昌-高雄,2023-06-30,9303
8210,勤誠,52,17,35,華南永昌-高雄,2023-06-30,9303
6451,訊芯-KY,42,7,35,華南永昌-高雄,2023-06-30,9303
6576,逸達,32,0,32,華南永昌-高雄,2023-06-30,9303
1102,亞泥,31,0,31,華南永昌-高雄,2023-06-30,9303
2412,中華電,30,0,30,華南永昌-高雄,2023-06-30,9303
2324,仁寶,31,2,29,華南永昌-高雄,2023-06-30,9303
1528,恩德,36,7,29,華南永昌-高雄,2023-06-30,9303
2882,國泰金,25,0,25,華南永昌-高雄,2023-06-30,9303
2409,友達,47,22,25,華南永昌-高雄,2023-06-30,9303
00795B,中信美國公債20年,22,0,22,華南永昌-高雄,2023-06-30,9303
9939,宏全,21,0,21,華南永昌-高雄,2023-06-30,9303
2732,六角,20,0,20,華南永昌-高雄,2023-06-30,9303
2371,大同,50,30,20,華南永昌-高雄,2023-06-30,9303
6689,伊雲谷,21,1,20,華南永昌-高雄,2023-06-30,9303
6547,高端疫苗,20,0,20,華南永昌-高雄,2023-06-30,9303
6153,嘉聯益,29,9,20,華南永昌-高雄,2023-06-30,9303
1301,台塑,19,0,19,華南永昌-高雄,2023-06-30,9303
00687B,國泰20年美債,18,0,18,華南永昌-高雄,2023-06-30,9303
6116,彩晶,17,0,17,華南永昌-高雄,2023-06-30,9303
4157,太景*-KY,36,19,17,華南永昌-高雄,2023-06-30,9303
2755,揚秦,16,0,16,華南永昌-高雄,2023-06-30,9303
00857B,永豐20年美公債,15,0,15,華南永昌-高雄,2023-06-30,9303
00892,富邦台灣半導體,15,0,15,華南永昌-高雄,2023-06-30,9303
00640L,富邦日本正2,15,0,15,華南永昌-高雄,2023-06-30,9303
1533,車王電,22,8,14,華南永昌-高雄,2023-06-30,9303
8163,達方,14,0,14,華南永昌-高雄,2023-06-30,9303
3694,海華,14,0,14,華南永昌-高雄,2023-06-30,9303
1416,廣豐,14,0,14,華南永昌-高雄,2023-06-30,9303
2885,元大金,13,0,13,華南永昌-高雄,2023-06-30,9303
00885,富邦越南,26,13,13,華南永昌-高雄,2023-06-30,9303
6531,愛普*,14,1,13,華南永昌-高雄,2023-06-30,9303
2034,允強,13,0,13,華南永昌-高雄,2023-06-30,9303
2027,大成鋼,15,2,13,華南永昌-高雄,2023-06-30,9303
0056,元大高股息,310,36,274,華南永昌-高雄,2023-07-03,9303
00673R,期元大S＆P原油反1,106,0,106,華南永昌-高雄,2023-07-03,9303
2312,金寶,100,6,94,華南永昌-高雄,2023-07-03,9303
00929,復華台灣科技優息,70,2,68,華南永昌-高雄,2023-07-03,9303
00919,群益台灣精選高息,67,1,66,華南永昌-高雄,2023-07-03,9303
2637,慧洋-KY,60,3,57,華南永昌-高雄,2023-07-03,9303
2409,友達,76,23,53,華南永昌-高雄,2023-07-03,9303
4906,正文,81,30,51,華南永昌-高雄,2023-07-03,9303
2421,建準,85,34,51,華南永昌-高雄,2023-07-03,9303
00671R,富邦NASDAQ反1,50,5,45,華南永昌-高雄,2023-07-03,9303
2354,鴻準,65,21,44,華南永昌-高雄,2023-07-03,9303
6603,富強鑫,40,0,40,華南永昌-高雄,2023-07-03,9303
2017,官田鋼,50,10,40,華南永昌-高雄,2023-07-03,9303
1586,和勤,49,10,39,華南永昌-高雄,2023-07-03,9303
2356,英業達,67,30,37,華南永昌-高雄,2023-07-03,9303
6111,大宇資,41,8,33,華南永昌-高雄,2023-07-03,9303
6276,安鈦克,154,122,32,華南永昌-高雄,2023-07-03,9303
4108,懷特,31,0,31,華南永昌-高雄,2023-07-03,9303
00632R,元大台灣50反1,50,20,30,華南永昌-高雄,2023-07-03,9303
2303,聯電,49,23,26,華南永昌-高雄,2023-07-03,9303
00888,永豐台灣ESG,25,0,25,華南永昌-高雄,2023-07-03,9303
2301,光寶科,33,8,25,華南永昌-高雄,2023-07-03,9303
00922,國泰台灣領袖50,23,0,23,華南永昌-高雄,2023-07-03,9303
1609,大亞,48,26,22,華南永昌-高雄,2023-07-03,9303
00918,大華優利高填息30,24,2,22,華南永昌-高雄,2023-07-03,9303
6451,訊芯-KY,59,38,21,華南永昌-高雄,2023-07-03,9303
2023,燁輝,20,0,20,華南永昌-高雄,2023-07-03,9303
00642U,期元大S＆P石油,20,0,20,華南永昌-高雄,2023-07-03,9303
8150,南茂,21,1,20,華南永昌-高雄,2023-07-03,9303
3481,群創,58,40,18,華南永昌-高雄,2023-07-03,9303
3018,隆銘綠能,17,0,17,華南永昌-高雄,2023-07-03,9303
3380,明泰,27,11,16,華南永昌-高雄,2023-07-03,9303
6282,康舒,35,19,16,華南永昌-高雄,2023-07-03,9303
6188,廣明,41,25,16,華南永昌-高雄,2023-07-03,9303
2353,宏��,15,0,15,華南永昌-高雄,2023-07-03,9303
2542,興富發,15,1,14,華南永昌-高雄,2023-07-03,9303
2412,中華電,18,5,13,華南永昌-高雄,2023-07-03,9303
2337,旺宏,38,25,13,華南永昌-高雄,2023-07-03,9303
3260,威剛,13,0,13,華南永昌-高雄,2023-07-03,9303
3545,敦泰,14,1,13,華南永昌-高雄,2023-07-03,9303
00712,復華富時不動產,13,0,13,華南永昌-高雄,2023-07-03,9303
6129,普誠,13,0,13,華南永昌-高雄,2023-07-03,9303
1783,和康生,13,0,13,華南永昌-高雄,2023-07-03,9303
2419,仲琦,20,8,12,華南永昌-高雄,2023-07-03,9303
1416,廣豐,12,0,12,華南永昌-高雄,2023-07-03,9303
8069,元太,18,6,12,華南永昌-高雄,2023-07-03,9303
2408,南亞科,12,0,12,華南永昌-高雄,2023-07-03,9303
3346,麗清,17,5,12,華南永昌-高雄,2023-07-03,9303
2449,京元電子,14,2,12,華南永昌-高雄,2023-07-03,9303
2062,橋椿,12,0,12,華南永昌-高雄,2023-07-03,9303
8936,國統,343,190,153,華南永昌-高雄,2023-07-04,9303
8426,紅木-KY,150,0,150,華南永昌-高雄,2023-07-04,9303
2888,新光金,96,7,89,華南永昌-高雄,2023-07-04,9303
2883,凱基金,161,80,81,華南永昌-高雄,2023-07-04,9303
2615,萬海,126,45,81,華南永昌-高雄,2023-07-04,9303
8110,華東,77,1,76,華南永昌-高雄,2023-07-04,9303
2301,光寶科,135,62,73,華南永昌-高雄,2023-07-04,9303
3025,星通,89,20,69,華南永昌-高雄,2023-07-04,9303
2317,鴻海,67,6,61,華南永昌-高雄,2023-07-04,9303
3071,協禧,53,2,51,華南永昌-高雄,2023-07-04,9303
5512,力麒,50,0,50,華南永昌-高雄,2023-07-04,9303
2913,農林,96,50,46,華南永昌-高雄,2023-07-04,9303
2603,長榮,181,139,42,華南永昌-高雄,2023-07-04,9303
0056,元大高股息,71,33,38,華南永昌-高雄,2023-07-04,9303
2845,遠東銀,41,3,38,華南永昌-高雄,2023-07-04,9303
1301,台塑,36,0,36,華南永昌-高雄,2023-07-04,9303
1513,中興電,37,2,35,華南永昌-高雄,2023-07-04,9303
3704,合勤控,73,38,35,華南永昌-高雄,2023-07-04,9303
6691,洋基工程,33,0,33,華南永昌-高雄,2023-07-04,9303
3583,辛耘,79,46,33,華南永昌-高雄,2023-07-04,9303
2371,大同,101,68,33,華南永昌-高雄,2023-07-04,9303
8033,雷虎,33,1,32,華南永昌-高雄,2023-07-04,9303
6122,擎邦,47,16,31,華南永昌-高雄,2023-07-04,9303
6129,普誠,30,0,30,華南永昌-高雄,2023-07-04,9303
2449,京元電子,42,13,29,華南永昌-高雄,2023-07-04,9303
1524,耿鼎,30,3,27,華南永昌-高雄,2023-07-04,9303
2867,三商壽,27,0,27,華南永昌-高雄,2023-07-04,9303
2605,新興,30,4,26,華南永昌-高雄,2023-07-04,9303
2332,友訊,34,9,25,華南永昌-高雄,2023-07-04,9303
00929,復華台灣科技優息,102,79,23,華南永昌-高雄,2023-07-04,9303
2457,飛宏,55,32,23,華南永昌-高雄,2023-07-04,9303
2884,玉山金,22,0,22,華南永昌-高雄,2023-07-04,9303
1909,榮成,22,0,22,華南永昌-高雄,2023-07-04,9303
3032,偉訓,48,26,22,華南永昌-高雄,2023-07-04,9303
3689,湧德,21,2,19,華南永昌-高雄,2023-07-04,9303
2516,新建,19,0,19,華南永昌-高雄,2023-07-04,9303
3013,晟銘電,33,15,18,華南永昌-高雄,2023-07-04,9303
2468,華經,21,3,18,華南永昌-高雄,2023-07-04,9303
2727,王品,21,3,18,華南永昌-高雄,2023-07-04,9303
1101,台泥,18,1,17,華南永昌-高雄,2023-07-04,9303
6148,驊宏資,19,3,16,華南永昌-高雄,2023-07-04,9303
00857B,永豐20年美公債,15,0,15,華南永昌-高雄,2023-07-04,9303
2331,精英,24,9,15,華南永昌-高雄,2023-07-04,9303
2882,國泰金,14,0,14,華南永昌-高雄,2023-07-04,9303
1416,廣豐,14,0,14,華南永昌-高雄,2023-07-04,9303
6182,合晶,17,3,14,華南永昌-高雄,2023-07-04,9303
00679B,元大美債20年,67,53,14,華南永昌-高雄,2023-07-04,9303
2885,元大金,13,0,13,華南永昌-高雄,2023-07-04,9303
1611,中電,14,1,13,華南永昌-高雄,2023-07-04,9303
5706,鳳凰,16,3,13,華南永昌-高雄,2023-07-04,9303
2618,長榮航,187,69,118,華南永昌-高雄,2023-07-05,9303
8936,國統,161,47,114,華南永昌-高雄,2023-07-05,9303
00673R,期元大S＆P原油反1,102,0,102,華南永昌-高雄,2023-07-05,9303
8426,紅木-KY,92,1,91,華南永昌-高雄,2023-07-05,9303
2356,英業達,123,47,76,華南永昌-高雄,2023-07-05,9303
0056,元大高股息,87,21,66,華南永昌-高雄,2023-07-05,9303
3481,群創,65,1,64,華南永昌-高雄,2023-07-05,9303
2890,永豐金,70,8,62,華南永昌-高雄,2023-07-05,9303
2883,凱基金,55,2,53,華南永昌-高雄,2023-07-05,9303
3706,神達,97,44,53,華南永昌-高雄,2023-07-05,9303
2317,鴻海,54,2,52,華南永昌-高雄,2023-07-05,9303
2312,金寶,49,2,47,華南永昌-高雄,2023-07-05,9303
6173,信昌電,52,5,47,華南永昌-高雄,2023-07-05,9303
2419,仲琦,51,6,45,華南永昌-高雄,2023-07-05,9303
8092,建暐,45,0,45,華南永昌-高雄,2023-07-05,9303
6285,啟��,57,13,44,華南永昌-高雄,2023-07-05,9303
9924,福興,44,0,44,華南永昌-高雄,2023-07-05,9303
4906,正文,70,28,42,華南永昌-高雄,2023-07-05,9303
00929,復華台灣科技優息,41,0,41,華南永昌-高雄,2023-07-05,9303
6538,倉和,43,4,39,華南永昌-高雄,2023-07-05,9303
2402,毅嘉,72,34,38,華南永昌-高雄,2023-07-05,9303
1586,和勤,36,0,36,華南永昌-高雄,2023-07-05,9303
5347,世界,35,2,33,華南永昌-高雄,2023-07-05,9303
5508,永信建,40,7,33,華南永昌-高雄,2023-07-05,9303
00882,中信中國高股息,32,0,32,華南永昌-高雄,2023-07-05,9303
6603,富強鑫,30,0,30,華南永昌-高雄,2023-07-05,9303
8215,明基材,33,6,27,華南永昌-高雄,2023-07-05,9303
00858,永豐美國500大,25,0,25,華南永昌-高雄,2023-07-05,9303
6691,洋基工程,29,5,24,華南永昌-高雄,2023-07-05,9303
6605,帝寶,23,0,23,華南永昌-高雄,2023-07-05,9303
3025,星通,24,1,23,華南永昌-高雄,2023-07-05,9303
2340,台亞,29,7,22,華南永昌-高雄,2023-07-05,9303
2382,廣達,51,29,22,華南永昌-高雄,2023-07-05,9303
1528,恩德,27,6,21,華南永昌-高雄,2023-07-05,9303
2845,遠東銀,32,12,20,華南永昌-高雄,2023-07-05,9303
00687B,國泰20年美債,20,0,20,華南永昌-高雄,2023-07-05,9303
6689,伊雲谷,20,0,20,華南永昌-高雄,2023-07-05,9303
1905,華紙,19,0,19,華南永昌-高雄,2023-07-05,9303
2610,華航,240,222,18,華南永昌-高雄,2023-07-05,9303
3231,緯創,120,102,18,華南永昌-高雄,2023-07-05,9303
1522,堤維西,18,0,18,華南永昌-高雄,2023-07-05,9303
2369,菱生,24,6,18,華南永昌-高雄,2023-07-05,9303
1736,喬山,20,3,17,華南永昌-高雄,2023-07-05,9303
1301,台塑,18,1,17,華南永昌-高雄,2023-07-05,9303
2014,中鴻,17,0,17,華南永昌-高雄,2023-07-05,9303
2888,新光金,18,2,16,華南永昌-高雄,2023-07-05,9303
2354,鴻準,17,1,16,華南永昌-高雄,2023-07-05,9303
3363,上詮,49,33,16,華南永昌-高雄,2023-07-05,9303
00665L,富邦�琤肭磪囓�2,16,0,16,華南永昌-高雄,2023-07-05,9303
2743,山富,18,3,15,華南永昌-高雄,2023-07-05,9303
8093,保銳,194,0,194,華南永昌-高雄,2023-07-06,9303
2880,華南金,147,0,147,華南永昌-高雄,2023-07-06,9303
00673R,期元大S＆P原油反1,141,0,141,華南永昌-高雄,2023-07-06,9303
2883,凱基金,163,33,130,華南永昌-高雄,2023-07-06,9303
0056,元大高股息,88,4,84,華南永昌-高雄,2023-07-06,9303
2890,永豐金,77,4,73,華南永昌-高雄,2023-07-06,9303
00772B,中信高評級公司債,121,51,70,華南永昌-高雄,2023-07-06,9303
5512,力麒,62,0,62,華南永昌-高雄,2023-07-06,9303
5243,乙盛-KY,60,1,59,華南永昌-高雄,2023-07-06,9303
2891,中信金,61,3,58,華南永昌-高雄,2023-07-06,9303
3013,晟銘電,106,49,57,華南永昌-高雄,2023-07-06,9303
2887,台新金,55,0,55,華南永昌-高雄,2023-07-06,9303
2892,第一金,50,0,50,華南永昌-高雄,2023-07-06,9303
00929,復華台灣科技優息,187,141,46,華南永昌-高雄,2023-07-06,9303
2340,台亞,97,52,45,華南永昌-高雄,2023-07-06,9303
2323,中環,106,61,45,華南永昌-高雄,2023-07-06,9303
4906,正文,81,36,45,華南永昌-高雄,2023-07-06,9303
2409,友達,73,29,44,華南永昌-高雄,2023-07-06,9303
3231,緯創,145,103,42,華南永昌-高雄,2023-07-06,9303
2609,陽明,89,47,42,華南永昌-高雄,2023-07-06,9303
2885,元大金,40,0,40,華南永昌-高雄,2023-07-06,9303
5474,聰泰,53,14,39,華南永昌-高雄,2023-07-06,9303
1101,台泥,40,2,38,華南永昌-高雄,2023-07-06,9303
2421,建準,56,20,36,華南永昌-高雄,2023-07-06,9303
8426,紅木-KY,37,1,36,華南永昌-高雄,2023-07-06,9303
3037,欣興,48,14,34,華南永昌-高雄,2023-07-06,9303
2801,彰銀,35,1,34,華南永昌-高雄,2023-07-06,9303
2002,中鋼,37,3,34,華南永昌-高雄,2023-07-06,9303
2317,鴻海,41,7,34,華南永昌-高雄,2023-07-06,9303
2882,國泰金,39,6,33,華南永昌-高雄,2023-07-06,9303
6770,力積電,32,0,32,華南永昌-高雄,2023-07-06,9303
00640L,富邦日本正2,30,0,30,華南永昌-高雄,2023-07-06,9303
3704,合勤控,63,34,29,華南永昌-高雄,2023-07-06,9303
2330,台積電,31,2,29,華南永昌-高雄,2023-07-06,9303
2485,兆赫,34,5,29,華南永昌-高雄,2023-07-06,9303
1909,榮成,29,1,28,華南永昌-高雄,2023-07-06,9303
2313,華通,30,3,27,華南永昌-高雄,2023-07-06,9303
2888,新光金,55,29,26,華南永昌-高雄,2023-07-06,9303
00882,中信中國高股息,26,0,26,華南永昌-高雄,2023-07-06,9303
2913,農林,26,0,26,華南永昌-高雄,2023-07-06,9303
6122,擎邦,26,0,26,華南永昌-高雄,2023-07-06,9303
1434,福懋,25,0,25,華南永昌-高雄,2023-07-06,9303
2881,富邦金,25,0,25,華南永昌-高雄,2023-07-06,9303
1504,東元,27,2,25,華南永昌-高雄,2023-07-06,9303
00679B,元大美債20年,176,152,24,華南永昌-高雄,2023-07-06,9303
2363,矽統,29,5,24,華南永昌-高雄,2023-07-06,9303
3035,智原,47,23,24,華南永昌-高雄,2023-07-06,9303
2886,兆豐金,24,0,24,華南永昌-高雄,2023-07-06,9303
6446,藥華藥,26,3,23,華南永昌-高雄,2023-07-06,9303
5876,上海商銀,21,0,21,華南永昌-高雄,2023-07-06,9303
2883,凱基金,452,10,442,華南永昌-高雄,2023-07-07,9303
8936,國統,186,3,183,華南永昌-高雄,2023-07-07,9303
2409,友達,133,0,133,華南永昌-高雄,2023-07-07,9303
6117,迎廣,142,27,115,華南永昌-高雄,2023-07-07,9303
2618,長榮航,194,84,110,華南永昌-高雄,2023-07-07,9303
2880,華南金,109,0,109,華南永昌-高雄,2023-07-07,9303
3025,星通,274,165,109,華南永昌-高雄,2023-07-07,9303
8201,無敵,108,1,107,華南永昌-高雄,2023-07-07,9303
00671R,富邦NASDAQ反1,100,0,100,華南永昌-高雄,2023-07-07,9303
2340,台亞,90,10,80,華南永昌-高雄,2023-07-07,9303
00929,復華台灣科技優息,77,8,69,華南永昌-高雄,2023-07-07,9303
00882,中信中國高股息,68,0,68,華南永昌-高雄,2023-07-07,9303
3481,群創,60,1,59,華南永昌-高雄,2023-07-07,9303
2881,富邦金,62,6,56,華南永昌-高雄,2023-07-07,9303
2454,聯發科,56,1,55,華南永昌-高雄,2023-07-07,9303
4967,十銓,80,27,53,華南永昌-高雄,2023-07-07,9303
1301,台塑,51,0,51,華南永昌-高雄,2023-07-07,9303
6603,富強鑫,51,0,51,華南永昌-高雄,2023-07-07,9303
00665L,富邦�琤肭磪囓�2,50,0,50,華南永昌-高雄,2023-07-07,9303
4108,懷特,50,0,50,華南永昌-高雄,2023-07-07,9303
00632R,元大台灣50反1,45,0,45,華南永昌-高雄,2023-07-07,9303
00673R,期元大S＆P原油反1,45,0,45,華南永昌-高雄,2023-07-07,9303
2425,承啟,89,45,44,華南永昌-高雄,2023-07-07,9303
00679B,元大美債20年,192,149,43,華南永昌-高雄,2023-07-07,9303
6148,驊宏資,49,8,41,華南永昌-高雄,2023-07-07,9303
2603,長榮,107,68,39,華南永昌-高雄,2023-07-07,9303
00676R,富邦臺灣加權反1,37,0,37,華南永昌-高雄,2023-07-07,9303
2801,彰銀,37,0,37,華南永昌-高雄,2023-07-07,9303
2634,漢翔,45,9,36,華南永昌-高雄,2023-07-07,9303
00680L,元大美債20正2,36,0,36,華南永昌-高雄,2023-07-07,9303
00772B,中信高評級公司債,129,94,35,華南永昌-高雄,2023-07-07,9303
4127,天良,35,0,35,華南永昌-高雄,2023-07-07,9303
3071,協禧,34,2,32,華南永昌-高雄,2023-07-07,9303
1717,長興,31,0,31,華南永昌-高雄,2023-07-07,9303
6185,幃翔,30,0,30,華南永昌-高雄,2023-07-07,9303
2324,仁寶,33,3,30,華南永昌-高雄,2023-07-07,9303
2014,中鴻,31,2,29,華南永昌-高雄,2023-07-07,9303
00751B,元大AAA至A公司債,28,1,27,華南永昌-高雄,2023-07-07,9303
1416,廣豐,26,0,26,華南永昌-高雄,2023-07-07,9303
3706,神達,28,2,26,華南永昌-高雄,2023-07-07,9303
5871,中租-KY,25,0,25,華南永昌-高雄,2023-07-07,9303
2002,中鋼,25,1,24,華南永昌-高雄,2023-07-07,9303
2421,建準,54,30,24,華南永昌-高雄,2023-07-07,9303
2882,國泰金,29,5,24,華南永昌-高雄,2023-07-07,9303
4934,太極,29,5,24,華南永昌-高雄,2023-07-07,9303
2887,台新金,28,5,23,華南永昌-高雄,2023-07-07,9303
2888,新光金,23,0,23,華南永昌-高雄,2023-07-07,9303
3231,緯創,122,99,23,華南永昌-高雄,2023-07-07,9303
6770,力積電,24,2,22,華南永昌-高雄,2023-07-07,9303
6188,廣明,59,38,21,華南永昌-高雄,2023-07-07,9303
00673R,期元大S＆P原油反1,223,0,223,華南永昌-高雄,2023-07-10,9303
5864,致和證,95,3,92,華南永昌-高雄,2023-07-10,9303
2359,所羅門,75,3,72,華南永昌-高雄,2023-07-10,9303
4532,瑞智,111,51,60,華南永昌-高雄,2023-07-10,9303
00882,中信中國高股息,65,10,55,華南永昌-高雄,2023-07-10,9303
00679B,元大美債20年,208,153,55,華南永昌-高雄,2023-07-10,9303
2883,凱基金,182,133,49,華南永昌-高雄,2023-07-10,9303
6182,合晶,57,12,45,華南永昌-高雄,2023-07-10,9303
2323,中環,52,9,43,華南永昌-高雄,2023-07-10,9303
2890,永豐金,40,0,40,華南永昌-高雄,2023-07-10,9303
6120,達運,73,35,38,華南永昌-高雄,2023-07-10,9303
1541,錩泰,37,0,37,華南永昌-高雄,2023-07-10,9303
2609,陽明,88,51,37,華南永昌-高雄,2023-07-10,9303
3346,麗清,87,51,36,華南永昌-高雄,2023-07-10,9303
1301,台塑,34,1,33,華南永昌-高雄,2023-07-10,9303
4119,旭富,34,1,33,華南永昌-高雄,2023-07-10,9303
1101,台泥,35,2,33,華南永昌-高雄,2023-07-10,9303
6185,幃翔,35,3,32,華南永昌-高雄,2023-07-10,9303
3265,台星科,35,3,32,華南永昌-高雄,2023-07-10,9303
2358,廷鑫,31,0,31,華南永昌-高雄,2023-07-10,9303
00929,復華台灣科技優息,32,2,30,華南永昌-高雄,2023-07-10,9303
2324,仁寶,34,5,29,華南永昌-高雄,2023-07-10,9303
3356,奇偶,30,3,27,華南永昌-高雄,2023-07-10,9303
2356,英業達,34,8,26,華南永昌-高雄,2023-07-10,9303
6811,宏�硌穈T,26,0,26,華南永昌-高雄,2023-07-10,9303
2340,台亞,38,13,25,華南永昌-高雄,2023-07-10,9303
3037,欣興,23,2,21,華南永昌-高雄,2023-07-10,9303
3234,光環,21,1,20,華南永昌-高雄,2023-07-10,9303
2481,強茂,31,13,18,華南永昌-高雄,2023-07-10,9303
00642U,期元大S＆P石油,20,2,18,華南永昌-高雄,2023-07-10,9303
3042,晶技,17,0,17,華南永昌-高雄,2023-07-10,9303
3379,彬台,17,0,17,華南永昌-高雄,2023-07-10,9303
3576,聯合再生,20,3,17,華南永昌-高雄,2023-07-10,9303
6282,康舒,112,95,17,華南永昌-高雄,2023-07-10,9303
1795,美時,18,2,16,華南永昌-高雄,2023-07-10,9303
1312,國喬,15,0,15,華南永昌-高雄,2023-07-10,9303
00722B,群益投資級電信債,15,0,15,華南永昌-高雄,2023-07-10,9303
4743,合一,26,11,15,華南永昌-高雄,2023-07-10,9303
6830,汎銓,15,0,15,華南永昌-高雄,2023-07-10,9303
2634,漢翔,22,7,15,華南永昌-高雄,2023-07-10,9303
6116,彩晶,14,0,14,華南永昌-高雄,2023-07-10,9303
1513,中興電,18,5,13,華南永昌-高雄,2023-07-10,9303
6695,芯鼎,13,0,13,華南永昌-高雄,2023-07-10,9303
2371,大同,44,31,13,華南永昌-高雄,2023-07-10,9303
3454,晶睿,14,1,13,華南永昌-高雄,2023-07-10,9303
2880,華南金,14,1,13,華南永昌-高雄,2023-07-10,9303
8163,達方,12,0,12,華南永昌-高雄,2023-07-10,9303
2633,台灣高鐵,12,0,12,華南永昌-高雄,2023-07-10,9303
2002,中鋼,11,0,11,華南永昌-高雄,2023-07-10,9303
2889,國票金,12,1,11,華南永昌-高雄,2023-07-10,9303
8936,國統,224,45,179,華南永昌-高雄,2023-07-11,9303
3114,好德,158,3,155,華南永昌-高雄,2023-07-11,9303
6235,華孚,97,9,88,華南永昌-高雄,2023-07-11,9303
2356,英業達,122,62,60,華南永昌-高雄,2023-07-11,9303
6282,康舒,99,43,56,華南永昌-高雄,2023-07-11,9303
4716,大立,52,0,52,華南永昌-高雄,2023-07-11,9303
1785,光洋科,57,5,52,華南永昌-高雄,2023-07-11,9303
2867,三商壽,50,0,50,華南永昌-高雄,2023-07-11,9303
1752,南光,50,1,49,華南永昌-高雄,2023-07-11,9303
2491,吉祥全,49,0,49,華南永昌-高雄,2023-07-11,9303
00882,中信中國高股息,50,3,47,華南永昌-高雄,2023-07-11,9303
0056,元大高股息,63,17,46,華南永昌-高雄,2023-07-11,9303
1809,中釉,52,11,41,華南永昌-高雄,2023-07-11,9303
00673R,期元大S＆P原油反1,40,0,40,華南永昌-高雄,2023-07-11,9303
2413,環科,35,0,35,華南永昌-高雄,2023-07-11,9303
1586,和勤,36,2,34,華南永昌-高雄,2023-07-11,9303
2603,長榮,47,13,34,華南永昌-高雄,2023-07-11,9303
6139,亞翔,34,1,33,華南永昌-高雄,2023-07-11,9303
2303,聯電,48,17,31,華南永昌-高雄,2023-07-11,9303
2425,承啟,31,0,31,華南永昌-高雄,2023-07-11,9303
1101,台泥,38,8,30,華南永昌-高雄,2023-07-11,9303
5356,協益,30,0,30,華南永昌-高雄,2023-07-11,9303
4510,高鋒,31,1,30,華南永昌-高雄,2023-07-11,9303
2498,宏達電,50,22,28,華南永昌-高雄,2023-07-11,9303
1541,錩泰,27,0,27,華南永昌-高雄,2023-07-11,9303
8046,南電,28,1,27,華南永昌-高雄,2023-07-11,9303
6182,合晶,27,2,25,華南永昌-高雄,2023-07-11,9303
2618,長榮航,136,111,25,華南永昌-高雄,2023-07-11,9303
8210,勤誠,43,21,22,華南永昌-高雄,2023-07-11,9303
2204,中華,21,0,21,華南永昌-高雄,2023-07-11,9303
3025,星通,63,42,21,華南永昌-高雄,2023-07-11,9303
2468,華經,22,2,20,華南永昌-高雄,2023-07-11,9303
3666,光耀,23,3,20,華南永昌-高雄,2023-07-11,9303
2634,漢翔,21,1,20,華南永昌-高雄,2023-07-11,9303
2371,大同,47,28,19,華南永昌-高雄,2023-07-11,9303
3088,艾訊,19,1,18,華南永昌-高雄,2023-07-11,9303
2929,淘帝-KY,17,0,17,華南永昌-高雄,2023-07-11,9303
6288,聯嘉,17,1,16,華南永昌-高雄,2023-07-11,9303
00679B,元大美債20年,109,95,14,華南永昌-高雄,2023-07-11,9303
8933,愛地雅,15,1,14,華南永昌-高雄,2023-07-11,9303
2317,鴻海,17,3,14,華南永昌-高雄,2023-07-11,9303
4934,太極,17,3,14,華南永昌-高雄,2023-07-11,9303
8410,森田,15,1,14,華南永昌-高雄,2023-07-11,9303
3703,欣陸,15,1,14,華南永昌-高雄,2023-07-11,9303
3032,偉訓,36,23,13,華南永昌-高雄,2023-07-11,9303
3016,嘉晶,18,5,13,華南永昌-高雄,2023-07-11,9303
1604,聲寶,13,0,13,華南永昌-高雄,2023-07-11,9303
3356,奇偶,59,46,13,華南永昌-高雄,2023-07-11,9303
4532,瑞智,51,38,13,華南永昌-高雄,2023-07-11,9303
2515,中工,13,0,13,華南永昌-高雄,2023-07-11,9303
00673R,期元大S＆P原油反1,86,5,81,華南永昌-高雄,2023-07-12,9303
8155,博智,73,6,67,華南永昌-高雄,2023-07-12,9303
2303,聯電,75,8,67,華南永昌-高雄,2023-07-12,9303
2356,英業達,196,132,64,華南永昌-高雄,2023-07-12,9303
3481,群創,170,108,62,華南永昌-高雄,2023-07-12,9303
8093,保銳,61,5,56,華南永昌-高雄,2023-07-12,9303
8936,國統,157,102,55,華南永昌-高雄,2023-07-12,9303
9904,寶成,55,3,52,華南永昌-高雄,2023-07-12,9303
1905,華紙,61,13,48,華南永昌-高雄,2023-07-12,9303
2323,中環,85,47,38,華南永昌-高雄,2023-07-12,9303
1718,中纖,36,0,36,華南永昌-高雄,2023-07-12,9303
00679B,元大美債20年,163,129,34,華南永昌-高雄,2023-07-12,9303
2342,茂矽,32,0,32,華南永昌-高雄,2023-07-12,9303
2498,宏達電,36,8,28,華南永昌-高雄,2023-07-12,9303
2882,國泰金,32,4,28,華南永昌-高雄,2023-07-12,9303
2481,強茂,60,34,26,華南永昌-高雄,2023-07-12,9303
2889,國票金,26,0,26,華南永昌-高雄,2023-07-12,9303
1444,力麗,25,0,25,華南永昌-高雄,2023-07-12,9303
6185,幃翔,24,0,24,華南永昌-高雄,2023-07-12,9303
6548,長科*,24,0,24,華南永昌-高雄,2023-07-12,9303
6216,居易,28,4,24,華南永昌-高雄,2023-07-12,9303
2486,一詮,26,3,23,華南永昌-高雄,2023-07-12,9303
2329,華泰,28,6,22,華南永昌-高雄,2023-07-12,9303
2301,光寶科,91,69,22,華南永昌-高雄,2023-07-12,9303
6188,廣明,75,54,21,華南永昌-高雄,2023-07-12,9303
6517,保勝光學,21,0,21,華南永昌-高雄,2023-07-12,9303
8341,日友,21,0,21,華南永昌-高雄,2023-07-12,9303
2634,漢翔,21,1,20,華南永昌-高雄,2023-07-12,9303
2328,廣宇,31,11,20,華南永昌-高雄,2023-07-12,9303
3380,明泰,19,0,19,華南永昌-高雄,2023-07-12,9303
2104,國際中橡,20,2,18,華南永昌-高雄,2023-07-12,9303
5864,致和證,18,0,18,華南永昌-高雄,2023-07-12,9303
6120,達運,66,49,17,華南永昌-高雄,2023-07-12,9303
2618,長榮航,64,47,17,華南永昌-高雄,2023-07-12,9303
3413,京鼎,16,0,16,華南永昌-高雄,2023-07-12,9303
2371,大同,43,27,16,華南永昌-高雄,2023-07-12,9303
2399,映泰,33,17,16,華南永昌-高雄,2023-07-12,9303
6691,洋基工程,27,12,15,華南永昌-高雄,2023-07-12,9303
2421,建準,60,45,15,華南永昌-高雄,2023-07-12,9303
00687B,國泰20年美債,16,1,15,華南永昌-高雄,2023-07-12,9303
2722,夏都,15,0,15,華南永昌-高雄,2023-07-12,9303
00640L,富邦日本正2,15,0,15,華南永昌-高雄,2023-07-12,9303
6244,茂迪,15,0,15,華南永昌-高雄,2023-07-12,9303
00857B,永豐20年美公債,15,0,15,華南永昌-高雄,2023-07-12,9303
00927,群益半導體收益,13,0,13,華南永昌-高雄,2023-07-12,9303
3234,光環,17,4,13,華南永昌-高雄,2023-07-12,9303
2881,富邦金,16,3,13,華南永昌-高雄,2023-07-12,9303
1416,廣豐,12,0,12,華南永昌-高雄,2023-07-12,9303
8069,元太,21,9,12,華南永昌-高雄,2023-07-12,9303
1541,錩泰,12,0,12,華南永昌-高雄,2023-07-12,9303
2610,華航,342,11,331,華南永昌-高雄,2023-07-13,9303
5864,致和證,248,10,238,華南永昌-高雄,2023-07-13,9303
2618,長榮航,311,145,166,華南永昌-高雄,2023-07-13,9303
00929,復華台灣科技優息,120,4,116,華南永昌-高雄,2023-07-13,9303
9904,寶成,109,0,109,華南永昌-高雄,2023-07-13,9303
00673R,期元大S＆P原油反1,102,10,92,華南永昌-高雄,2023-07-13,9303
00930,永豐ESG低碳高息,90,0,90,華南永昌-高雄,2023-07-13,9303
00632R,元大台灣50反1,134,46,88,華南永昌-高雄,2023-07-13,9303
9105,泰金寶-DR,80,0,80,華南永昌-高雄,2023-07-13,9303
3483,力致,88,11,77,華南永昌-高雄,2023-07-13,9303
2409,友達,78,12,66,華南永昌-高雄,2023-07-13,9303
2027,大成鋼,72,7,65,華南永昌-高雄,2023-07-13,9303
2388,威盛,98,33,65,華南永昌-高雄,2023-07-13,9303
2603,長榮,113,50,63,華南永昌-高雄,2023-07-13,9303
4533,協易機,71,9,62,華南永昌-高雄,2023-07-13,9303
2913,農林,61,1,60,華南永昌-高雄,2023-07-13,9303
00878,國泰永續高股息,343,292,51,華南永昌-高雄,2023-07-13,9303
5474,聰泰,58,9,49,華南永昌-高雄,2023-07-13,9303
6111,大宇資,46,6,40,華南永昌-高雄,2023-07-13,9303
2615,萬海,41,1,40,華南永昌-高雄,2023-07-13,9303
2303,聯電,45,8,37,華南永昌-高雄,2023-07-13,9303
8110,華東,30,0,30,華南永昌-高雄,2023-07-13,9303
2883,凱基金,30,1,29,華南永昌-高雄,2023-07-13,9303
1101,台泥,32,5,27,華南永昌-高雄,2023-07-13,9303
1736,喬山,32,6,26,華南永昌-高雄,2023-07-13,9303
00679B,元大美債20年,115,89,26,華南永昌-高雄,2023-07-13,9303
2498,宏達電,59,36,23,華南永昌-高雄,2023-07-13,9303
6139,亞翔,36,13,23,華南永昌-高雄,2023-07-13,9303
8093,保銳,28,5,23,華南永昌-高雄,2023-07-13,9303
2838,聯邦銀,22,0,22,華南永昌-高雄,2023-07-13,9303
6691,洋基工程,21,0,21,華南永昌-高雄,2023-07-13,9303
1611,中電,21,0,21,華南永昌-高雄,2023-07-13,9303
2208,台船,21,0,21,華南永昌-高雄,2023-07-13,9303
2331,精英,24,3,21,華南永昌-高雄,2023-07-13,9303
2382,廣達,46,26,20,華南永昌-高雄,2023-07-13,9303
8050,廣積,45,25,20,華南永昌-高雄,2023-07-13,9303
2332,友訊,20,0,20,華南永昌-高雄,2023-07-13,9303
6148,驊宏資,42,22,20,華南永昌-高雄,2023-07-13,9303
8033,雷虎,31,11,20,華南永昌-高雄,2023-07-13,9303
1471,首利,28,9,19,華南永昌-高雄,2023-07-13,9303
5457,宣德,26,7,19,華南永昌-高雄,2023-07-13,9303
5905,南仁湖,18,0,18,華南永昌-高雄,2023-07-13,9303
1529,樂事綠能,19,1,18,華南永昌-高雄,2023-07-13,9303
2891,中信金,18,0,18,華南永昌-高雄,2023-07-13,9303
3045,台灣大,17,0,17,華南永昌-高雄,2023-07-13,9303
2634,漢翔,33,16,17,華南永昌-高雄,2023-07-13,9303
00712,復華富時不動產,19,2,17,華南永昌-高雄,2023-07-13,9303
3624,光頡,15,0,15,華南永昌-高雄,2023-07-13,9303
6517,保勝光學,31,16,15,華南永昌-高雄,2023-07-13,9303
2312,金寶,208,193,15,華南永昌-高雄,2023-07-13,9303
2610,華航,683,101,582,華南永昌-高雄,2023-07-14,9303
2382,廣達,213,94,119,華南永昌-高雄,2023-07-14,9303
2356,英業達,219,103,116,華南永昌-高雄,2023-07-14,9303
6806,森崴能源,113,3,110,華南永昌-高雄,2023-07-14,9303
3287,廣寰科,90,0,90,華南永昌-高雄,2023-07-14,9303
2027,大成鋼,101,14,87,華南永昌-高雄,2023-07-14,9303
3305,昇貿,88,2,86,華南永昌-高雄,2023-07-14,9303
2618,長榮航,288,205,83,華南永昌-高雄,2023-07-14,9303
0056,元大高股息,267,197,70,華南永昌-高雄,2023-07-14,9303
00673R,期元大S＆P原油反1,67,0,67,華南永昌-高雄,2023-07-14,9303
2867,三商壽,63,0,63,華南永昌-高雄,2023-07-14,9303
8940,新天地,56,0,56,華南永昌-高雄,2023-07-14,9303
8277,商丞,51,0,51,華南永昌-高雄,2023-07-14,9303
2883B,凱基金乙特,50,0,50,華南永昌-高雄,2023-07-14,9303
4935,茂林-KY,45,0,45,華南永昌-高雄,2023-07-14,9303
2457,飛宏,86,41,45,華南永昌-高雄,2023-07-14,9303
2329,華泰,78,34,44,華南永昌-高雄,2023-07-14,9303
00929,復華台灣科技優息,87,50,37,華南永昌-高雄,2023-07-14,9303
8105,凌巨,33,0,33,華南永昌-高雄,2023-07-14,9303
8429,金麗-KY,33,1,32,華南永昌-高雄,2023-07-14,9303
00679B,元大美債20年,94,64,30,華南永昌-高雄,2023-07-14,9303
00725B,國泰投資級公司債,32,2,30,華南永昌-高雄,2023-07-14,9303
2359,所羅門,35,6,29,華南永昌-高雄,2023-07-14,9303
2495,普安,30,1,29,華南永昌-高雄,2023-07-14,9303
4953,緯軟,27,0,27,華南永昌-高雄,2023-07-14,9303
2006,東和鋼鐵,26,0,26,華南永昌-高雄,2023-07-14,9303
2301,光寶科,71,47,24,華南永昌-高雄,2023-07-14,9303
2201,裕隆,29,5,24,華南永昌-高雄,2023-07-14,9303
2324,仁寶,46,23,23,華南永昌-高雄,2023-07-14,9303
2355,敬鵬,24,1,23,華南永昌-高雄,2023-07-14,9303
6182,合晶,24,2,22,華南永昌-高雄,2023-07-14,9303
00687B,國泰20年美債,21,0,21,華南永昌-高雄,2023-07-14,9303
3038,全台,20,0,20,華南永昌-高雄,2023-07-14,9303
2449,京元電子,35,15,20,華南永昌-高雄,2023-07-14,9303
6589,台康生技,20,0,20,華南永昌-高雄,2023-07-14,9303
2606,裕民,21,1,20,華南永昌-高雄,2023-07-14,9303
2481,強茂,50,31,19,華南永昌-高雄,2023-07-14,9303
2340,台亞,39,20,19,華南永昌-高雄,2023-07-14,9303
6548,長科*,19,2,17,華南永昌-高雄,2023-07-14,9303
5009,榮剛,17,1,16,華南永昌-高雄,2023-07-14,9303
1314,中石化,21,5,16,華南永昌-高雄,2023-07-14,9303
1560,中砂,110,93,17,華南永昌-高雄,2023-07-14,9303
3062,建漢,16,0,16,華南永昌-高雄,2023-07-14,9303
1907,永豐餘,17,1,16,華南永昌-高雄,2023-07-14,9303
1718,中纖,15,0,15,華南永昌-高雄,2023-07-14,9303
2882,國泰金,20,5,15,華南永昌-高雄,2023-07-14,9303
9933,中鼎,15,0,15,華南永昌-高雄,2023-07-14,9303
8201,無敵,18,3,15,華南永昌-高雄,2023-07-14,9303
1503,士電,42,27,15,華南永昌-高雄,2023-07-14,9303
1618,合機,15,0,15,華南永昌-高雄,2023-07-14,9303
8936,國統,273,11,262,華南永昌-高雄,2023-07-17,9303
00929,復華台灣科技優息,200,54,146,華南永昌-高雄,2023-07-17,9303
3287,廣寰科,100,0,100,華南永昌-高雄,2023-07-17,9303
1527,鑽全,94,0,94,華南永昌-高雄,2023-07-17,9303
4938,和碩,115,24,91,華南永昌-高雄,2023-07-17,9303
8426,紅木-KY,85,0,85,華南永昌-高雄,2023-07-17,9303
2312,金寶,133,62,71,華南永昌-高雄,2023-07-17,9303
4175,杏一,65,0,65,華南永昌-高雄,2023-07-17,9303
2356,英業達,134,72,62,華南永昌-高雄,2023-07-17,9303
2340,台亞,89,28,61,華南永昌-高雄,2023-07-17,9303
00673R,期元大S＆P原油反1,50,1,49,華南永昌-高雄,2023-07-17,9303
3032,偉訓,61,20,41,華南永昌-高雄,2023-07-17,9303
2634,漢翔,41,7,34,華南永昌-高雄,2023-07-17,9303
3537,堡達,38,5,33,華南永昌-高雄,2023-07-17,9303
6234,高僑,40,8,32,華南永昌-高雄,2023-07-17,9303
6129,普誠,32,0,32,華南永昌-高雄,2023-07-17,9303
5426,振發,32,1,31,華南永昌-高雄,2023-07-17,9303
00665L,富邦�琤肭磪囓�2,30,0,30,華南永昌-高雄,2023-07-17,9303
3706,神達,30,1,29,華南永昌-高雄,2023-07-17,9303
3058,立德,28,0,28,華南永昌-高雄,2023-07-17,9303
3362,先進光,53,25,28,華南永昌-高雄,2023-07-17,9303
00882,中信中國高股息,26,0,26,華南永昌-高雄,2023-07-17,9303
2812,台中銀,29,3,26,華南永昌-高雄,2023-07-17,9303
5607,遠雄港,29,3,26,華南永昌-高雄,2023-07-17,9303
3042,晶技,25,1,24,華南永昌-高雄,2023-07-17,9303
6191,精成科,25,2,23,華南永昌-高雄,2023-07-17,9303
9907,統一實,24,1,23,華南永昌-高雄,2023-07-17,9303
3540,曜越,32,10,22,華南永昌-高雄,2023-07-17,9303
4123,晟德,29,8,21,華南永昌-高雄,2023-07-17,9303
2301,光寶科,81,60,21,華南永昌-高雄,2023-07-17,9303
00892,富邦台灣半導體,21,0,21,華南永昌-高雄,2023-07-17,9303
5483,中美晶,26,6,20,華南永昌-高雄,2023-07-17,9303
3052,夆典,20,0,20,華南永昌-高雄,2023-07-17,9303
1402,遠東新,19,0,19,華南永昌-高雄,2023-07-17,9303
6841,長佳智能,20,2,18,華南永昌-高雄,2023-07-17,9303
8933,愛地雅,22,3,19,華南永昌-高雄,2023-07-17,9303
6182,合晶,67,49,18,華南永昌-高雄,2023-07-17,9303
2444,兆勁,20,2,18,華南永昌-高雄,2023-07-17,9303
4967,十銓,28,10,18,華南永昌-高雄,2023-07-17,9303
8028,昇陽半導體,25,8,17,華南永昌-高雄,2023-07-17,9303
6290,良維,19,2,17,華南永昌-高雄,2023-07-17,9303
4960,誠美材,17,0,17,華南永昌-高雄,2023-07-17,9303
6139,亞翔,20,3,17,華南永昌-高雄,2023-07-17,9303
5439,高技,17,1,16,華南永昌-高雄,2023-07-17,9303
00722B,群益投資級電信債,16,0,16,華南永昌-高雄,2023-07-17,9303
8050,廣積,35,20,15,華南永昌-高雄,2023-07-17,9303
3045,台灣大,15,0,15,華南永昌-高雄,2023-07-17,9303
1229,聯華,15,0,15,華南永昌-高雄,2023-07-17,9303
6548,長科*,18,3,15,華南永昌-高雄,2023-07-17,9303
00679B,元大美債20年,50,36,14,華南永昌-高雄,2023-07-17,9303
1618,合機,284,17,267,華南永昌-高雄,2023-07-18,9303
00929,復華台灣科技優息,206,39,167,華南永昌-高雄,2023-07-18,9303
00878,國泰永續高股息,485,323,162,華南永昌-高雄,2023-07-18,9303
3706,神達,294,134,160,華南永昌-高雄,2023-07-18,9303
0056,元大高股息,202,49,153,華南永昌-高雄,2023-07-18,9303
2356,英業達,342,196,146,華南永昌-高雄,2023-07-18,9303
6282,康舒,225,86,139,華南永昌-高雄,2023-07-18,9303
2312,金寶,254,124,130,華南永昌-高雄,2023-07-18,9303
8176,智捷,122,0,122,華南永昌-高雄,2023-07-18,9303
8426,紅木-KY,79,0,79,華南永昌-高雄,2023-07-18,9303
2324,仁寶,160,83,77,華南永昌-高雄,2023-07-18,9303
2352,佳世達,113,48,65,華南永昌-高雄,2023-07-18,9303
2027,大成鋼,59,0,59,華南永昌-高雄,2023-07-18,9303
2409,友達,65,12,53,華南永昌-高雄,2023-07-18,9303
1905,華紙,53,0,53,華南永昌-高雄,2023-07-18,9303
00930,永豐ESG低碳高息,53,0,53,華南永昌-高雄,2023-07-18,9303
2867,三商壽,50,0,50,華南永昌-高雄,2023-07-18,9303
00888,永豐台灣ESG,49,0,49,華南永昌-高雄,2023-07-18,9303
2329,華泰,145,102,43,華南永昌-高雄,2023-07-18,9303
2888,新光金,172,129,43,華南永昌-高雄,2023-07-18,9303
9105,泰金寶-DR,76,33,43,華南永昌-高雄,2023-07-18,9303
4533,協易機,49,8,41,華南永昌-高雄,2023-07-18,9303
2201,裕隆,44,5,39,華南永昌-高雄,2023-07-18,9303
3227,原相,37,0,37,華南永昌-高雄,2023-07-18,9303
8201,無敵,63,27,36,華南永昌-高雄,2023-07-18,9303
2481,強茂,54,19,35,華南永昌-高雄,2023-07-18,9303
1504,東元,52,17,35,華南永昌-高雄,2023-07-18,9303
1527,鑽全,31,0,31,華南永昌-高雄,2023-07-18,9303
3540,曜越,39,10,29,華南永昌-高雄,2023-07-18,9303
1402,遠東新,29,0,29,華南永昌-高雄,2023-07-18,9303
8940,新天地,32,4,28,華南永昌-高雄,2023-07-18,9303
2449,京元電子,64,36,28,華南永昌-高雄,2023-07-18,9303
2405,輔信,30,3,27,華南永昌-高雄,2023-07-18,9303
2889,國票金,25,0,25,華南永昌-高雄,2023-07-18,9303
5014,建錩,25,0,25,華南永昌-高雄,2023-07-18,9303
3287,廣寰科,24,0,24,華南永昌-高雄,2023-07-18,9303
00882,中信中國高股息,72,50,22,華南永昌-高雄,2023-07-18,9303
9907,統一實,22,0,22,華南永昌-高雄,2023-07-18,9303
6188,廣明,45,23,22,華南永昌-高雄,2023-07-18,9303
8210,勤誠,31,9,22,華南永昌-高雄,2023-07-18,9303
2374,佳能,24,2,22,華南永昌-高雄,2023-07-18,9303
2323,中環,36,14,22,華南永昌-高雄,2023-07-18,9303
8050,廣積,36,14,22,華南永昌-高雄,2023-07-18,9303
00713,元大台灣高息低波,22,1,21,華南永昌-高雄,2023-07-18,9303
00892,富邦台灣半導體,21,0,21,華南永昌-高雄,2023-07-18,9303
4906,正文,29,9,20,華南永昌-高雄,2023-07-18,9303
6177,達麗,20,0,20,華南永昌-高雄,2023-07-18,9303
00665L,富邦�琤肭磪囓�2,20,0,20,華南永昌-高雄,2023-07-18,9303
3583,辛耘,24,5,19,華南永昌-高雄,2023-07-18,9303
6122,擎邦,38,19,19,華南永昌-高雄,2023-07-18,9303
8936,國統,265,5,260,華南永昌-高雄,2023-07-19,9303
2867,三商壽,240,0,240,華南永昌-高雄,2023-07-19,9303
2312,金寶,258,74,184,華南永昌-高雄,2023-07-19,9303
3481,群創,178,30,148,華南永昌-高雄,2023-07-19,9303
2324,仁寶,223,107,116,華南永昌-高雄,2023-07-19,9303
2329,華泰,119,31,88,華南永昌-高雄,2023-07-19,9303
3037,欣興,145,65,80,華南永昌-高雄,2023-07-19,9303
00900,富邦特選高股息30,85,5,80,華南永昌-高雄,2023-07-19,9303
00929,復華台灣科技優息,184,109,75,華南永昌-高雄,2023-07-19,9303
1736,喬山,74,2,72,華南永昌-高雄,2023-07-19,9303
8201,無敵,215,151,64,華南永昌-高雄,2023-07-19,9303
2618,長榮航,134,74,60,華南永昌-高雄,2023-07-19,9303
3706,神達,444,384,60,華南永昌-高雄,2023-07-19,9303
5009,榮剛,57,1,56,華南永昌-高雄,2023-07-19,9303
8093,保銳,58,2,56,華南永昌-高雄,2023-07-19,9303
2748,雲品,53,1,52,華南永昌-高雄,2023-07-19,9303
2303,聯電,54,2,52,華南永昌-高雄,2023-07-19,9303
2409,友達,105,54,51,華南永昌-高雄,2023-07-19,9303
00680L,元大美債20正2,51,1,50,華南永昌-高雄,2023-07-19,9303
8426,紅木-KY,44,0,44,華南永昌-高雄,2023-07-19,9303
2353,宏��,142,99,43,華南永昌-高雄,2023-07-19,9303
2801,彰銀,46,5,41,華南永昌-高雄,2023-07-19,9303
2317,鴻海,34,1,33,華南永昌-高雄,2023-07-19,9303
6275,元山,32,0,32,華南永昌-高雄,2023-07-19,9303
2344,華邦電,43,11,32,華南永昌-高雄,2023-07-19,9303
2889,國票金,30,0,30,華南永昌-高雄,2023-07-19,9303
2419,仲琦,57,29,28,華南永昌-高雄,2023-07-19,9303
2017,官田鋼,29,1,28,華南永昌-高雄,2023-07-19,9303
6282,康舒,93,70,23,華南永昌-高雄,2023-07-19,9303
6116,彩晶,25,2,23,華南永昌-高雄,2023-07-19,9303
8222,寶一,21,0,21,華南永昌-高雄,2023-07-19,9303
6535,順藥,23,2,21,華南永昌-高雄,2023-07-19,9303
1513,中興電,21,0,21,華南永昌-高雄,2023-07-19,9303
3362,先進光,41,21,20,華南永昌-高雄,2023-07-19,9303
6177,達麗,20,0,20,華南永昌-高雄,2023-07-19,9303
00665L,富邦�琤肭磪囓�2,20,0,20,華南永昌-高雄,2023-07-19,9303
3149,正達,20,0,20,華南永昌-高雄,2023-07-19,9303
6770,力積電,19,0,19,華南永昌-高雄,2023-07-19,9303
1514,亞力,30,11,19,華南永昌-高雄,2023-07-19,9303
2208,台船,23,5,18,華南永昌-高雄,2023-07-19,9303
1710,東聯,20,2,18,華南永昌-高雄,2023-07-19,9303
2331,精英,20,2,18,華南永昌-高雄,2023-07-19,9303
5864,致和證,17,0,17,華南永昌-高雄,2023-07-19,9303
2014,中鴻,17,0,17,華南永昌-高雄,2023-07-19,9303
1789,神隆,27,10,17,華南永昌-高雄,2023-07-19,9303
1605,華新,19,3,16,華南永昌-高雄,2023-07-19,9303
3045,台灣大,16,0,16,華南永昌-高雄,2023-07-19,9303
1565,精華,16,0,16,華南永昌-高雄,2023-07-19,9303
6592,和潤企業,16,1,15,華南永昌-高雄,2023-07-19,9303
1455,集盛,15,0,15,華南永昌-高雄,2023-07-19,9303
0056,元大高股息,412,36,376,華南永昌-高雄,2023-07-20,9303
3588,通嘉,143,2,141,華南永昌-高雄,2023-07-20,9303
2027,大成鋼,135,26,109,華南永昌-高雄,2023-07-20,9303
3450,聯鈞,107,3,104,華南永昌-高雄,2023-07-20,9303
2303,聯電,107,5,102,華南永昌-高雄,2023-07-20,9303
8071,能率網通,101,0,101,華南永昌-高雄,2023-07-20,9303
00929,復華台灣科技優息,63,2,61,華南永昌-高雄,2023-07-20,9303
6841,長佳智能,74,15,59,華南永昌-高雄,2023-07-20,9303
2425,承啟,61,4,57,華南永昌-高雄,2023-07-20,9303
3583,辛耘,60,8,52,華南永昌-高雄,2023-07-20,9303
2337,旺宏,54,2,52,華南永昌-高雄,2023-07-20,9303
6016,康和證,50,0,50,華南永昌-高雄,2023-07-20,9303
2356,英業達,78,29,49,華南永昌-高雄,2023-07-20,9303
3032,偉訓,73,28,45,華南永昌-高雄,2023-07-20,9303
2617,台航,38,1,37,華南永昌-高雄,2023-07-20,9303
8201,無敵,69,33,36,華南永昌-高雄,2023-07-20,9303
3481,群創,41,6,35,華南永昌-高雄,2023-07-20,9303
2405,輔信,59,25,34,華南永昌-高雄,2023-07-20,9303
00930,永豐ESG低碳高息,33,0,33,華南永昌-高雄,2023-07-20,9303
3289,宜特,36,4,32,華南永昌-高雄,2023-07-20,9303
2340,台亞,42,13,29,華南永昌-高雄,2023-07-20,9303
6531,愛普*,27,0,27,華南永昌-高雄,2023-07-20,9303
2206,三陽工業,51,24,27,華南永昌-高雄,2023-07-20,9303
3037,欣興,70,44,26,華南永昌-高雄,2023-07-20,9303
2353,宏��,46,20,26,華南永昌-高雄,2023-07-20,9303
1102,亞泥,25,2,23,華南永昌-高雄,2023-07-20,9303
5706,鳳凰,23,0,23,華南永昌-高雄,2023-07-20,9303
1795,美時,40,18,22,華南永昌-高雄,2023-07-20,9303
2312,金寶,31,11,20,華南永昌-高雄,2023-07-20,9303
8033,雷虎,30,10,20,華南永昌-高雄,2023-07-20,9303
1529,樂事綠能,25,6,19,華南永昌-高雄,2023-07-20,9303
2332,友訊,23,4,19,華南永昌-高雄,2023-07-20,9303
2329,華泰,46,29,17,華南永昌-高雄,2023-07-20,9303
8093,保銳,19,2,17,華南永昌-高雄,2023-07-20,9303
3346,麗清,51,34,17,華南永昌-高雄,2023-07-20,9303
6282,康舒,67,52,15,華南永昌-高雄,2023-07-20,9303
2302,麗正,15,0,15,華南永昌-高雄,2023-07-20,9303
5386,青雲,24,10,14,華南永昌-高雄,2023-07-20,9303
5425,台半,28,14,14,華南永昌-高雄,2023-07-20,9303
1618,合機,33,19,14,華南永昌-高雄,2023-07-20,9303
00720B,元大投資級公司債,13,0,13,華南永昌-高雄,2023-07-20,9303
6128,上福,13,0,13,華南永昌-高雄,2023-07-20,9303
5608,四維航,13,0,13,華南永昌-高雄,2023-07-20,9303
3055,蔚華科,14,1,13,華南永昌-高雄,2023-07-20,9303
6612,奈米醫材,12,0,12,華南永昌-高雄,2023-07-20,9303
1301,台塑,12,0,12,華南永昌-高雄,2023-07-20,9303
3260,威剛,11,0,11,華南永昌-高雄,2023-07-20,9303
8050,廣積,30,19,11,華南永昌-高雄,2023-07-20,9303
2883,凱基金,25,14,11,華南永昌-高雄,2023-07-20,9303
6216,居易,11,0,11,華南永昌-高雄,2023-07-20,9303
1736,喬山,204,3,201,華南永昌-高雄,2023-07-21,9303
2329,華泰,212,51,161,華南永昌-高雄,2023-07-21,9303
8940,新天地,82,4,78,華南永昌-高雄,2023-07-21,9303
6443,元晶,60,0,60,華南永昌-高雄,2023-07-21,9303
2801,彰銀,55,0,55,華南永昌-高雄,2023-07-21,9303
2482,連宇,43,1,42,華南永昌-高雄,2023-07-21,9303
2376,技嘉,63,22,41,華南永昌-高雄,2023-07-21,9303
2610,華航,65,25,40,華南永昌-高雄,2023-07-21,9303
2887,台新金,42,3,39,華南永昌-高雄,2023-07-21,9303
00878,國泰永續高股息,298,259,39,華南永昌-高雄,2023-07-21,9303
2888,新光金,55,19,36,華南永昌-高雄,2023-07-21,9303
00751B,元大AAA至A公司債,35,0,35,華南永昌-高雄,2023-07-21,9303
2344,華邦電,52,17,35,華南永昌-高雄,2023-07-21,9303
3588,通嘉,40,5,35,華南永昌-高雄,2023-07-21,9303
00930,永豐ESG低碳高息,30,0,30,華南永昌-高雄,2023-07-21,9303
00725B,國泰投資級公司債,33,4,29,華南永昌-高雄,2023-07-21,9303
8390,金益鼎,28,0,28,華南永昌-高雄,2023-07-21,9303
5706,鳳凰,74,46,28,華南永昌-高雄,2023-07-21,9303
2609,陽明,46,19,27,華南永昌-高雄,2023-07-21,9303
1416,廣豐,27,0,27,華南永昌-高雄,2023-07-21,9303
2330,台積電,39,13,26,華南永昌-高雄,2023-07-21,9303
3483,力致,29,3,26,華南永昌-高雄,2023-07-21,9303
2419,仲琦,85,60,25,華南永昌-高雄,2023-07-21,9303
6282,康舒,28,4,24,華南永昌-高雄,2023-07-21,9303
4119,旭富,25,1,24,華南永昌-高雄,2023-07-21,9303
1101,台泥,23,0,23,華南永昌-高雄,2023-07-21,9303
2352,佳世達,32,11,21,華南永昌-高雄,2023-07-21,9303
2504,國產,21,0,21,華南永昌-高雄,2023-07-21,9303
1513,中興電,106,86,20,華南永昌-高雄,2023-07-21,9303
6591,動力-KY,20,0,20,華南永昌-高雄,2023-07-21,9303
1314,中石化,20,1,19,華南永昌-高雄,2023-07-21,9303
2002,中鋼,21,2,19,華南永昌-高雄,2023-07-21,9303
2301,光寶科,67,48,19,華南永昌-高雄,2023-07-21,9303
2881,富邦金,23,7,16,華南永昌-高雄,2023-07-21,9303
4532,瑞智,44,28,16,華南永昌-高雄,2023-07-21,9303
4763,材料-KY,15,1,14,華南永昌-高雄,2023-07-21,9303
0050,元大台灣50,14,0,14,華南永昌-高雄,2023-07-21,9303
2353,宏��,26,12,14,華南永昌-高雄,2023-07-21,9303
4967,十銓,16,2,14,華南永昌-高雄,2023-07-21,9303
3481,群創,18,4,14,華南永昌-高雄,2023-07-21,9303
3013,晟銘電,44,30,14,華南永昌-高雄,2023-07-21,9303
2206,三陽工業,20,7,13,華南永昌-高雄,2023-07-21,9303
2382,廣達,76,63,13,華南永昌-高雄,2023-07-21,9303
1434,福懋,13,1,12,華南永昌-高雄,2023-07-21,9303
00882,中信中國高股息,12,0,12,華南永昌-高雄,2023-07-21,9303
2340,台亞,15,3,12,華南永昌-高雄,2023-07-21,9303
1714,和桐,13,1,12,華南永昌-高雄,2023-07-21,9303
1605,華新,17,6,11,華南永昌-高雄,2023-07-21,9303
006208,富邦台50,11,0,11,華南永昌-高雄,2023-07-21,9303
1102,亞泥,11,0,11,華南永昌-高雄,2023-07-21,9303
1101,台泥,125,13,112,華南永昌-高雄,2023-07-24,9303
3481,群創,97,8,89,華南永昌-高雄,2023-07-24,9303
2312,金寶,90,5,85,華南永昌-高雄,2023-07-24,9303
00878,國泰永續高股息,380,308,72,華南永昌-高雄,2023-07-24,9303
2421,建準,93,23,70,華南永昌-高雄,2023-07-24,9303
2323,中環,104,47,57,華南永昌-高雄,2023-07-24,9303
2454,聯發科,54,0,54,華南永昌-高雄,2023-07-24,9303
3588,通嘉,110,56,54,華南永昌-高雄,2023-07-24,9303
3013,晟銘電,124,71,53,華南永昌-高雄,2023-07-24,9303
3062,建漢,51,1,50,華南永昌-高雄,2023-07-24,9303
3706,神達,63,15,48,華南永昌-高雄,2023-07-24,9303
00679B,元大美債20年,57,13,44,華南永昌-高雄,2023-07-24,9303
5009,榮剛,47,5,42,華南永昌-高雄,2023-07-24,9303
3540,曜越,51,9,42,華南永昌-高雄,2023-07-24,9303
8210,勤誠,64,24,40,華南永昌-高雄,2023-07-24,9303
2356,英業達,63,27,36,華南永昌-高雄,2023-07-24,9303
2303,聯電,54,18,36,華南永昌-高雄,2023-07-24,9303
6125,廣運,49,14,35,華南永昌-高雄,2023-07-24,9303
2634,漢翔,59,26,33,華南永昌-高雄,2023-07-24,9303
3231,緯創,46,16,30,華南永昌-高雄,2023-07-24,9303
6234,高僑,30,0,30,華南永昌-高雄,2023-07-24,9303
4967,十銓,33,3,30,華南永昌-高雄,2023-07-24,9303
00687B,國泰20年美債,30,0,30,華南永昌-高雄,2023-07-24,9303
5706,鳳凰,35,5,30,華南永昌-高雄,2023-07-24,9303
2606,裕民,29,0,29,華南永昌-高雄,2023-07-24,9303
1907,永豐餘,35,6,29,華南永昌-高雄,2023-07-24,9303
3287,廣寰科,28,0,28,華南永昌-高雄,2023-07-24,9303
1717,長興,27,0,27,華南永昌-高雄,2023-07-24,9303
3305,昇貿,31,5,26,華南永昌-高雄,2023-07-24,9303
2748,雲品,31,5,26,華南永昌-高雄,2023-07-24,9303
5288,豐祥-KY,25,0,25,華南永昌-高雄,2023-07-24,9303
2542,興富發,24,0,24,華南永昌-高雄,2023-07-24,9303
3703,欣陸,24,0,24,華南永昌-高雄,2023-07-24,9303
2357,華碩,26,2,24,華南永昌-高雄,2023-07-24,9303
6531,愛普*,24,0,24,華南永昌-高雄,2023-07-24,9303
1402,遠東新,24,0,24,華南永昌-高雄,2023-07-24,9303
3357,臺慶科,24,1,23,華南永昌-高雄,2023-07-24,9303
1337,再生-KY,22,0,22,華南永昌-高雄,2023-07-24,9303
2618,長榮航,33,11,22,華南永昌-高雄,2023-07-24,9303
3338,泰碩,67,45,22,華南永昌-高雄,2023-07-24,9303
3035,智原,50,28,22,華南永昌-高雄,2023-07-24,9303
1513,中興電,44,22,22,華南永昌-高雄,2023-07-24,9303
2353,宏��,60,39,21,華南永昌-高雄,2023-07-24,9303
2371,大同,25,4,21,華南永昌-高雄,2023-07-24,9303
2890,永豐金,21,0,21,華南永昌-高雄,2023-07-24,9303
3306,鼎天,23,2,21,華南永昌-高雄,2023-07-24,9303
1609,大亞,58,38,20,華南永昌-高雄,2023-07-24,9303
020030,統一智慧電動車N,20,0,20,華南永昌-高雄,2023-07-24,9303
1504,東元,22,2,20,華南永昌-高雄,2023-07-24,9303
00673R,期元大S＆P原油反1,20,1,19,華南永昌-高雄,2023-07-24,9303
00878,國泰永續高股息,421,258,163,華南永昌-高雄,2023-07-25,9303
2610,華航,129,21,108,華南永昌-高雄,2023-07-25,9303
2353,宏��,172,85,87,華南永昌-高雄,2023-07-25,9303
2359,所羅門,101,16,85,華南永昌-高雄,2023-07-25,9303
00679B,元大美債20年,240,163,77,華南永昌-高雄,2023-07-25,9303
1905,華紙,97,30,67,華南永昌-高雄,2023-07-25,9303
6770,力積電,70,12,58,華南永昌-高雄,2023-07-25,9303
020030,統一智慧電動車N,50,0,50,華南永昌-高雄,2023-07-25,9303
3583,辛耘,65,16,49,華南永昌-高雄,2023-07-25,9303
2356,英業達,85,37,48,華南永昌-高雄,2023-07-25,9303
1444,力麗,41,0,41,華南永昌-高雄,2023-07-25,9303
2409,友達,51,14,37,華南永昌-高雄,2023-07-25,9303
3071,協禧,36,1,35,華南永昌-高雄,2023-07-25,9303
2382,廣達,118,83,35,華南永昌-高雄,2023-07-25,9303
3037,欣興,61,27,34,華南永昌-高雄,2023-07-25,9303
5706,鳳凰,34,1,33,華南永昌-高雄,2023-07-25,9303
2883B,凱基金乙特,30,0,30,華南永昌-高雄,2023-07-25,9303
2419,仲琦,38,9,29,華南永昌-高雄,2023-07-25,9303
5469,瀚宇博,34,8,26,華南永昌-高雄,2023-07-25,9303
5425,台半,26,1,25,華南永昌-高雄,2023-07-25,9303
6216,居易,25,0,25,華南永昌-高雄,2023-07-25,9303
1217,愛之味,25,1,24,華南永昌-高雄,2023-07-25,9303
6125,廣運,51,27,24,華南永昌-高雄,2023-07-25,9303
00929,復華台灣科技優息,37,14,23,華南永昌-高雄,2023-07-25,9303
2612,中航,22,0,22,華南永昌-高雄,2023-07-25,9303
2491,吉祥全,22,0,22,華南永昌-高雄,2023-07-25,9303
6191,精成科,32,11,21,華南永昌-高雄,2023-07-25,9303
6591,動力-KY,21,0,21,華南永昌-高雄,2023-07-25,9303
1101,台泥,56,35,21,華南永昌-高雄,2023-07-25,9303
2801,彰銀,20,0,20,華南永昌-高雄,2023-07-25,9303
1301,台塑,20,0,20,華南永昌-高雄,2023-07-25,9303
8028,昇陽半導體,23,3,20,華南永昌-高雄,2023-07-25,9303
1409,新纖,20,0,20,華南永昌-高雄,2023-07-25,9303
00857B,永豐20年美公債,32,13,19,華南永昌-高雄,2023-07-25,9303
2615,萬海,23,5,18,華南永昌-高雄,2023-07-25,9303
2340,台亞,25,7,18,華南永昌-高雄,2023-07-25,9303
3231,緯創,59,41,18,華南永昌-高雄,2023-07-25,9303
6139,亞翔,18,1,17,華南永昌-高雄,2023-07-25,9303
5340,建榮,16,0,16,華南永昌-高雄,2023-07-25,9303
8044,網家,15,0,15,華南永昌-高雄,2023-07-25,9303
2069,運錩,15,0,15,華南永昌-高雄,2023-07-25,9303
2354,鴻準,46,32,14,華南永昌-高雄,2023-07-25,9303
00712,復華富時不動產,20,6,14,華南永昌-高雄,2023-07-25,9303
5864,致和證,24,10,14,華南永昌-高雄,2023-07-25,9303
2303,聯電,30,16,14,華南永昌-高雄,2023-07-25,9303
3706,神達,56,43,13,華南永昌-高雄,2023-07-25,9303
6527,明達醫,13,0,13,華南永昌-高雄,2023-07-25,9303
3515,華擎,13,0,13,華南永昌-高雄,2023-07-25,9303
2383,台光電,13,0,13,華南永昌-高雄,2023-07-25,9303
3163,波若威,15,3,12,華南永昌-高雄,2023-07-25,9303
2329,華泰,998,213,785,華南永昌-高雄,2023-07-26,9303
00673R,期元大S＆P原油反1,97,0,97,華南永昌-高雄,2023-07-26,9303
2312,金寶,95,7,88,華南永昌-高雄,2023-07-26,9303
2303,聯電,71,9,62,華南永昌-高雄,2023-07-26,9303
2027,大成鋼,79,17,62,華南永昌-高雄,2023-07-26,9303
2425,承啟,84,22,62,華南永昌-高雄,2023-07-26,9303
8358,金居,96,36,60,華南永昌-高雄,2023-07-26,9303
6275,元山,93,37,56,華南永昌-高雄,2023-07-26,9303
00665L,富邦�琤肭磪囓�2,50,0,50,華南永昌-高雄,2023-07-26,9303
00679B,元大美債20年,174,126,48,華南永昌-高雄,2023-07-26,9303
00929,復華台灣科技優息,80,36,44,華南永昌-高雄,2023-07-26,9303
00930,永豐ESG低碳高息,42,0,42,華南永昌-高雄,2023-07-26,9303
2330,台積電,42,3,39,華南永昌-高雄,2023-07-26,9303
1471,首利,41,8,33,華南永昌-高雄,2023-07-26,9303
8926,台汽電,33,3,30,華南永昌-高雄,2023-07-26,9303
8033,雷虎,32,2,30,華南永昌-高雄,2023-07-26,9303
1504,東元,72,42,30,華南永昌-高雄,2023-07-26,9303
6770,力積電,47,18,29,華南永昌-高雄,2023-07-26,9303
2354,鴻準,45,18,27,華南永昌-高雄,2023-07-26,9303
2618,長榮航,49,24,25,華南永昌-高雄,2023-07-26,9303
5347,世界,30,6,24,華南永昌-高雄,2023-07-26,9303
5871,中租-KY,24,0,24,華南永昌-高雄,2023-07-26,9303
9933,中鼎,24,0,24,華南永昌-高雄,2023-07-26,9303
6126,信音,25,2,23,華南永昌-高雄,2023-07-26,9303
5258,虹堡,28,6,22,華南永昌-高雄,2023-07-26,9303
6443,元晶,23,2,21,華南永昌-高雄,2023-07-26,9303
2880,華南金,22,1,21,華南永昌-高雄,2023-07-26,9303
6104,創惟,50,29,21,華南永昌-高雄,2023-07-26,9303
4174,浩鼎,21,0,21,華南永昌-高雄,2023-07-26,9303
5483,中美晶,24,3,21,華南永昌-高雄,2023-07-26,9303
3588,通嘉,22,2,20,華南永昌-高雄,2023-07-26,9303
3071,協禧,24,5,19,華南永昌-高雄,2023-07-26,9303
2388,威盛,27,8,19,華南永昌-高雄,2023-07-26,9303
2421,建準,52,34,18,華南永昌-高雄,2023-07-26,9303
4726,永昕,23,5,18,華南永昌-高雄,2023-07-26,9303
3504,揚明光,20,2,18,華南永昌-高雄,2023-07-26,9303
3481,群創,69,52,17,華南永昌-高雄,2023-07-26,9303
4129,聯合,27,10,17,華南永昌-高雄,2023-07-26,9303
1337,再生-KY,20,3,17,華南永昌-高雄,2023-07-26,9303
1101,台泥,30,14,16,華南永昌-高雄,2023-07-26,9303
6811,宏�硌穈T,16,0,16,華南永昌-高雄,2023-07-26,9303
3059,華晶科,34,18,16,華南永昌-高雄,2023-07-26,9303
2211,長榮鋼,16,1,15,華南永昌-高雄,2023-07-26,9303
2883B,凱基金乙特,15,0,15,華南永昌-高雄,2023-07-26,9303
2313,華通,22,7,15,華南永昌-高雄,2023-07-26,9303
00857B,永豐20年美公債,14,0,14,華南永昌-高雄,2023-07-26,9303
2323,中環,58,44,14,華南永昌-高雄,2023-07-26,9303
3704,合勤控,14,0,14,華南永昌-高雄,2023-07-26,9303
2887,台新金,19,5,14,華南永昌-高雄,2023-07-26,9303
6282,康舒,90,77,13,華南永昌-高雄,2023-07-26,9303
2329,華泰,431,83,348,華南永昌-高雄,2023-07-27,9303
6161,捷波,157,1,156,華南永昌-高雄,2023-07-27,9303
2610,華航,166,49,117,華南永昌-高雄,2023-07-27,9303
6282,康舒,145,45,100,華南永昌-高雄,2023-07-27,9303
00715L,期街口布蘭特正2,100,1,99,華南永昌-高雄,2023-07-27,9303
00679B,元大美債20年,252,166,86,華南永昌-高雄,2023-07-27,9303
3703,欣陸,104,25,79,華南永昌-高雄,2023-07-27,9303
00878,國泰永續高股息,142,69,73,華南永昌-高雄,2023-07-27,9303
3217,優群,52,0,52,華南永昌-高雄,2023-07-27,9303
2312,金寶,52,2,50,華南永昌-高雄,2023-07-27,9303
6125,廣運,92,45,47,華南永昌-高雄,2023-07-27,9303
2356,英業達,69,22,47,華南永昌-高雄,2023-07-27,9303
2606,裕民,48,8,40,華南永昌-高雄,2023-07-27,9303
8936,國統,40,2,38,華南永昌-高雄,2023-07-27,9303
1434,福懋,34,0,34,華南永昌-高雄,2023-07-27,9303
1313,聯成,41,10,31,華南永昌-高雄,2023-07-27,9303
2002,中鋼,34,3,31,華南永昌-高雄,2023-07-27,9303
2489,瑞軒,30,1,29,華南永昌-高雄,2023-07-27,9303
2884,玉山金,34,6,28,華南永昌-高雄,2023-07-27,9303
1710,東聯,35,7,28,華南永昌-高雄,2023-07-27,9303
2382,廣達,69,42,27,華南永昌-高雄,2023-07-27,9303
5452,佶優,28,1,27,華南永昌-高雄,2023-07-27,9303
1402,遠東新,30,3,27,華南永昌-高雄,2023-07-27,9303
6203,海韻電,32,6,26,華南永昌-高雄,2023-07-27,9303
00795B,中信美國公債20年,25,0,25,華南永昌-高雄,2023-07-27,9303
1909,榮成,33,8,25,華南永昌-高雄,2023-07-27,9303
2887,台新金,25,0,25,華南永昌-高雄,2023-07-27,9303
00687B,國泰20年美債,24,0,24,華南永昌-高雄,2023-07-27,9303
2881,富邦金,31,7,24,華南永昌-高雄,2023-07-27,9303
9949,琉園,29,7,22,華南永昌-高雄,2023-07-27,9303
8234,新漢,40,18,22,華南永昌-高雄,2023-07-27,9303
2885,元大金,32,11,21,華南永昌-高雄,2023-07-27,9303
6216,居易,21,0,21,華南永昌-高雄,2023-07-27,9303
6120,達運,30,9,21,華南永昌-高雄,2023-07-27,9303
8358,金居,84,64,20,華南永昌-高雄,2023-07-27,9303
3011,今皓,20,0,20,華南永昌-高雄,2023-07-27,9303
2603,長榮,18,0,18,華南永昌-高雄,2023-07-27,9303
3305,昇貿,23,5,18,華南永昌-高雄,2023-07-27,9303
2324,仁寶,55,38,17,華南永昌-高雄,2023-07-27,9303
2401,凌陽,18,2,16,華南永昌-高雄,2023-07-27,9303
9105,泰金寶-DR,16,1,15,華南永昌-高雄,2023-07-27,9303
2106,建大,15,0,15,華南永昌-高雄,2023-07-27,9303
6190,萬泰科,19,4,15,華南永昌-高雄,2023-07-27,9303
4552,力達-KY,15,0,15,華南永昌-高雄,2023-07-27,9303
2609,陽明,50,36,14,華南永昌-高雄,2023-07-27,9303
3231,緯創,36,22,14,華南永昌-高雄,2023-07-27,9303
6841,長佳智能,24,11,13,華南永昌-高雄,2023-07-27,9303
00929,復華台灣科技優息,13,0,13,華南永昌-高雄,2023-07-27,9303
1326,台化,13,0,13,華南永昌-高雄,2023-07-27,9303
3306,鼎天,29,16,13,華南永昌-高雄,2023-07-27,9303
6218,豪勉,203,15,188,華南永昌-高雄,2023-07-28,9303
3056,富華新,160,16,144,華南永昌-高雄,2023-07-28,9303
2027,大成鋼,158,28,130,華南永昌-高雄,2023-07-28,9303
1809,中釉,130,1,129,華南永昌-高雄,2023-07-28,9303
2610,華航,131,11,120,華南永昌-高雄,2023-07-28,9303
1314,中石化,120,0,120,華南永昌-高雄,2023-07-28,9303
3078,僑威,106,11,95,華南永昌-高雄,2023-07-28,9303
2344,華邦電,114,19,95,華南永昌-高雄,2023-07-28,9303
00679B,元大美債20年,229,144,85,華南永昌-高雄,2023-07-28,9303
00680L,元大美債20正2,82,0,82,華南永昌-高雄,2023-07-28,9303
2323,中環,92,20,72,華南永昌-高雄,2023-07-28,9303
00929,復華台灣科技優息,60,0,60,華南永昌-高雄,2023-07-28,9303
6161,捷波,232,179,53,華南永昌-高雄,2023-07-28,9303
2882,國泰金,53,2,51,華南永昌-高雄,2023-07-28,9303
2888,新光金,83,32,51,華南永昌-高雄,2023-07-28,9303
2867,三商壽,50,0,50,華南永昌-高雄,2023-07-28,9303
2409,友達,151,111,40,華南永昌-高雄,2023-07-28,9303
00687B,國泰20年美債,44,10,34,華南永昌-高雄,2023-07-28,9303
2002,中鋼,34,1,33,華南永昌-高雄,2023-07-28,9303
3231,緯創,156,123,33,華南永昌-高雄,2023-07-28,9303
1313,聯成,32,0,32,華南永昌-高雄,2023-07-28,9303
1802,台玻,30,2,28,華南永昌-高雄,2023-07-28,9303
5009,榮剛,31,5,26,華南永昌-高雄,2023-07-28,9303
4973,廣穎,30,5,25,華南永昌-高雄,2023-07-28,9303
00722B,群益投資級電信債,23,0,23,華南永昌-高雄,2023-07-28,9303
3346,麗清,57,35,22,華南永昌-高雄,2023-07-28,9303
8028,昇陽半導體,33,12,21,華南永昌-高雄,2023-07-28,9303
6535,順藥,28,7,21,華南永昌-高雄,2023-07-28,9303
8936,國統,21,0,21,華南永昌-高雄,2023-07-28,9303
8201,無敵,28,7,21,華南永昌-高雄,2023-07-28,9303
2887,台新金,21,0,21,華南永昌-高雄,2023-07-28,9303
00724B,群益投資級金融債,20,0,20,華南永昌-高雄,2023-07-28,9303
00740B,富邦全球投等債,20,0,20,華南永昌-高雄,2023-07-28,9303
5328,華容,20,0,20,華南永昌-高雄,2023-07-28,9303
2885,元大金,19,0,19,華南永昌-高雄,2023-07-28,9303
00712,復華富時不動產,19,0,19,華南永昌-高雄,2023-07-28,9303
2388,威盛,20,2,18,華南永昌-高雄,2023-07-28,9303
1904,正隆,29,11,18,華南永昌-高雄,2023-07-28,9303
6217,中探針,25,7,18,華南永昌-高雄,2023-07-28,9303
1560,中砂,18,1,17,華南永昌-高雄,2023-07-28,9303
1609,大亞,72,55,17,華南永昌-高雄,2023-07-28,9303
2883,凱基金,28,11,17,華南永昌-高雄,2023-07-28,9303
6443,元晶,23,7,16,華南永昌-高雄,2023-07-28,9303
6548,長科*,16,0,16,華南永昌-高雄,2023-07-28,9303
1316,上曜,15,0,15,華南永昌-高雄,2023-07-28,9303
3045,台灣大,15,1,14,華南永昌-高雄,2023-07-28,9303
006208,富邦台50,14,0,14,華南永昌-高雄,2023-07-28,9303
2458,義隆,20,6,14,華南永昌-高雄,2023-07-28,9303
00688L,國泰20年美債正2,14,0,14,華南永昌-高雄,2023-07-28,9303
00795B,中信美國公債20年,14,0,14,華南永昌-高雄,2023-07-28,9303
3231,緯創,172,58,114,華南永昌-高雄,2023-07-31,9303
00878,國泰永續高股息,842,733,109,華南永昌-高雄,2023-07-31,9303
00679B,元大美債20年,156,53,103,華南永昌-高雄,2023-07-31,9303
3481,群創,151,72,79,華南永昌-高雄,2023-07-31,9303
6161,捷波,139,61,78,華南永昌-高雄,2023-07-31,9303
2409,友達,141,77,64,華南永昌-高雄,2023-07-31,9303
2329,華泰,175,117,58,華南永昌-高雄,2023-07-31,9303
3034,聯詠,61,6,55,華南永昌-高雄,2023-07-31,9303
3019,亞光,50,1,49,華南永昌-高雄,2023-07-31,9303
1314,中石化,54,7,47,華南永昌-高雄,2023-07-31,9303
6282,康舒,158,114,44,華南永昌-高雄,2023-07-31,9303
6185,幃翔,45,2,43,華南永昌-高雄,2023-07-31,9303
00900,富邦特選高股息30,48,9,39,華南永昌-高雄,2023-07-31,9303
2883,凱基金,46,8,38,華南永昌-高雄,2023-07-31,9303
8936,國統,43,5,38,華南永昌-高雄,2023-07-31,9303
00720B,元大投資級公司債,38,1,37,華南永昌-高雄,2023-07-31,9303
6182,合晶,37,0,37,華南永昌-高雄,2023-07-31,9303
6532,瑞耘,41,4,37,華南永昌-高雄,2023-07-31,9303
2337,旺宏,92,56,36,華南永昌-高雄,2023-07-31,9303
2002,中鋼,39,5,34,華南永昌-高雄,2023-07-31,9303
00929,復華台灣科技優息,85,52,33,華南永昌-高雄,2023-07-31,9303
8033,雷虎,38,5,33,華南永昌-高雄,2023-07-31,9303
2887,台新金,65,32,33,華南永昌-高雄,2023-07-31,9303
5009,榮剛,40,8,32,華南永昌-高雄,2023-07-31,9303
3704,合勤控,33,2,31,華南永昌-高雄,2023-07-31,9303
2610,華航,33,2,31,華南永昌-高雄,2023-07-31,9303
5284,jpp-KY,32,2,30,華南永昌-高雄,2023-07-31,9303
00665L,富邦�琤肭磪囓�2,55,25,30,華南永昌-高雄,2023-07-31,9303
2301,光寶科,66,37,29,華南永昌-高雄,2023-07-31,9303
5425,台半,34,5,29,華南永昌-高雄,2023-07-31,9303
3078,僑威,42,14,28,華南永昌-高雄,2023-07-31,9303
2368,金像電,31,4,27,華南永昌-高雄,2023-07-31,9303
2615,萬海,26,1,25,華南永昌-高雄,2023-07-31,9303
5864,致和證,25,0,25,華南永昌-高雄,2023-07-31,9303
8048,德勝,34,10,24,華南永昌-高雄,2023-07-31,9303
2323,中環,50,26,24,華南永昌-高雄,2023-07-31,9303
00715L,期街口布蘭特正2,30,7,23,華南永昌-高雄,2023-07-31,9303
1907,永豐餘,26,4,22,華南永昌-高雄,2023-07-31,9303
2425,承啟,35,13,22,華南永昌-高雄,2023-07-31,9303
6188,廣明,42,21,21,華南永昌-高雄,2023-07-31,9303
3093,港建*,20,0,20,華南永昌-高雄,2023-07-31,9303
020038,元大ESG配息N,20,0,20,華南永昌-高雄,2023-07-31,9303
4977,眾達-KY,24,4,20,華南永昌-高雄,2023-07-31,9303
2354,鴻準,22,2,20,華南永昌-高雄,2023-07-31,9303
4906,正文,27,8,19,華南永昌-高雄,2023-07-31,9303
2436,偉詮電,26,7,19,華南永昌-高雄,2023-07-31,9303
2449,京元電子,21,3,18,華南永昌-高雄,2023-07-31,9303
2421,建準,26,9,17,華南永昌-高雄,2023-07-31,9303
00751B,元大AAA至A公司債,15,0,15,華南永昌-高雄,2023-07-31,9303
1717,長興,15,0,15,華南永昌-高雄,2023-07-31,9303
6218,豪勉,292,8,284,華南永昌-高雄,2023-08-01,9303
6550,北極星藥業-KY,136,13,123,華南永昌-高雄,2023-08-01,9303
00712,復華富時不動產,111,5,106,華南永昌-高雄,2023-08-01,9303
4747,強生,91,1,90,華南永昌-高雄,2023-08-01,9303
1909,榮成,75,0,75,華南永昌-高雄,2023-08-01,9303
2323,中環,94,33,61,華南永昌-高雄,2023-08-01,9303
2504,國產,57,0,57,華南永昌-高雄,2023-08-01,9303
5009,榮剛,53,3,50,華南永昌-高雄,2023-08-01,9303
5388,中磊,56,8,48,華南永昌-高雄,2023-08-01,9303
2312,金寶,50,3,47,華南永昌-高雄,2023-08-01,9303
8027,鈦昇,49,7,42,華南永昌-高雄,2023-08-01,9303
1618,合機,41,3,38,華南永昌-高雄,2023-08-01,9303
00679B,元大美債20年,45,12,33,華南永昌-高雄,2023-08-01,9303
3540,曜越,34,3,31,華南永昌-高雄,2023-08-01,9303
00929,復華台灣科技優息,44,14,30,華南永昌-高雄,2023-08-01,9303
2344,華邦電,31,3,28,華南永昌-高雄,2023-08-01,9303
8016,矽創,29,2,27,華南永昌-高雄,2023-08-01,9303
3583,辛耘,47,21,26,華南永昌-高雄,2023-08-01,9303
3596,智易,25,2,23,華南永昌-高雄,2023-08-01,9303
6188,廣明,39,17,22,華南永昌-高雄,2023-08-01,9303
8936,國統,50,28,22,華南永昌-高雄,2023-08-01,9303
1905,華紙,51,29,22,華南永昌-高雄,2023-08-01,9303
1513,中興電,29,8,21,華南永昌-高雄,2023-08-01,9303
6234,高僑,21,1,20,華南永昌-高雄,2023-08-01,9303
1609,大亞,29,9,20,華南永昌-高雄,2023-08-01,9303
2915,潤泰全,20,0,20,華南永昌-高雄,2023-08-01,9303
9933,中鼎,20,0,20,華南永昌-高雄,2023-08-01,9303
8021,尖點,19,0,19,華南永昌-高雄,2023-08-01,9303
1815,富喬,20,3,17,華南永昌-高雄,2023-08-01,9303
3518,柏騰,18,1,17,華南永昌-高雄,2023-08-01,9303
4953,緯軟,21,5,16,華南永昌-高雄,2023-08-01,9303
2313,華通,17,1,16,華南永昌-高雄,2023-08-01,9303
4906,正文,16,0,16,華南永昌-高雄,2023-08-01,9303
2383,台光電,22,6,16,華南永昌-高雄,2023-08-01,9303
00923,群益台ESG低碳50,15,0,15,華南永昌-高雄,2023-08-01,9303
2409,友達,81,66,15,華南永昌-高雄,2023-08-01,9303
2603,長榮,30,15,15,華南永昌-高雄,2023-08-01,9303
6753,龍德造船,13,0,13,華南永昌-高雄,2023-08-01,9303
2419,仲琦,28,15,13,華南永昌-高雄,2023-08-01,9303
3380,明泰,22,9,13,華南永昌-高雄,2023-08-01,9303
3491,昇達科,14,1,13,華南永昌-高雄,2023-08-01,9303
2363,矽統,50,37,13,華南永昌-高雄,2023-08-01,9303
5864,致和證,20,8,12,華南永昌-高雄,2023-08-01,9303
3217,優群,33,21,12,華南永昌-高雄,2023-08-01,9303
1586,和勤,12,0,12,華南永昌-高雄,2023-08-01,9303
6214,精誠,12,1,11,華南永昌-高雄,2023-08-01,9303
6282,康舒,55,44,11,華南永昌-高雄,2023-08-01,9303
1535,中宇,10,0,10,華南永昌-高雄,2023-08-01,9303
2421,建準,11,1,10,華南永昌-高雄,2023-08-01,9303
2369,菱生,10,0,10,華南永昌-高雄,2023-08-01,9303
00900,富邦特選高股息30,172,35,137,華南永昌-高雄,2023-08-02,9303
00923,群益台ESG低碳50,126,0,126,華南永昌-高雄,2023-08-02,9303
00929,復華台灣科技優息,124,2,122,華南永昌-高雄,2023-08-02,9303
00878,國泰永續高股息,292,173,119,華南永昌-高雄,2023-08-02,9303
2618,長榮航,122,15,107,華南永昌-高雄,2023-08-02,9303
2883,凱基金,77,12,65,華南永昌-高雄,2023-08-02,9303
2888,新光金,113,50,63,華南永昌-高雄,2023-08-02,9303
2409,友達,268,208,60,華南永昌-高雄,2023-08-02,9303
2323,中環,79,31,48,華南永昌-高雄,2023-08-02,9303
2344,華邦電,53,7,46,華南永昌-高雄,2023-08-02,9303
2382,廣達,120,74,46,華南永昌-高雄,2023-08-02,9303
2880,華南金,42,0,42,華南永昌-高雄,2023-08-02,9303
00888,永豐台灣ESG,42,1,41,華南永昌-高雄,2023-08-02,9303
00751B,元大AAA至A公司債,40,1,39,華南永昌-高雄,2023-08-02,9303
2317,鴻海,57,18,39,華南永昌-高雄,2023-08-02,9303
3481,群創,55,21,34,華南永昌-高雄,2023-08-02,9303
3588,通嘉,37,3,34,華南永昌-高雄,2023-08-02,9303
2881,富邦金,36,5,31,華南永昌-高雄,2023-08-02,9303
5483,中美晶,34,4,30,華南永昌-高雄,2023-08-02,9303
00679B,元大美債20年,172,143,29,華南永昌-高雄,2023-08-02,9303
3231,緯創,84,55,29,華南永昌-高雄,2023-08-02,9303
2882,國泰金,33,4,29,華南永昌-高雄,2023-08-02,9303
6285,啟��,113,85,28,華南永昌-高雄,2023-08-02,9303
2308,台達電,63,35,28,華南永昌-高雄,2023-08-02,9303
00687B,國泰20年美債,27,0,27,華南永昌-高雄,2023-08-02,9303
1605,華新,179,154,25,華南永昌-高雄,2023-08-02,9303
2002,中鋼,51,27,24,華南永昌-高雄,2023-08-02,9303
2301,光寶科,56,33,23,華南永昌-高雄,2023-08-02,9303
00922,國泰台灣領袖50,25,2,23,華南永昌-高雄,2023-08-02,9303
1785,光洋科,68,45,23,華南永昌-高雄,2023-08-02,9303
00665L,富邦�琤肭磪囓�2,25,2,23,華南永昌-高雄,2023-08-02,9303
5258,虹堡,27,5,22,華南永昌-高雄,2023-08-02,9303
2030,彰源,22,0,22,華南永昌-高雄,2023-08-02,9303
2610,華航,63,41,22,華南永昌-高雄,2023-08-02,9303
4526,東台,22,0,22,華南永昌-高雄,2023-08-02,9303
2331,精英,27,6,21,華南永昌-高雄,2023-08-02,9303
3033,威健,23,3,20,華南永昌-高雄,2023-08-02,9303
6234,高僑,20,0,20,華南永昌-高雄,2023-08-02,9303
4532,瑞智,21,1,20,華南永昌-高雄,2023-08-02,9303
00640L,富邦日本正2,20,0,20,華南永昌-高雄,2023-08-02,9303
3045,台灣大,20,1,19,華南永昌-高雄,2023-08-02,9303
2425,承啟,23,4,19,華南永昌-高雄,2023-08-02,9303
2332,友訊,20,1,19,華南永昌-高雄,2023-08-02,9303
2337,旺宏,42,23,19,華南永昌-高雄,2023-08-02,9303
6190,萬泰科,25,6,19,華南永昌-高雄,2023-08-02,9303
00885,富邦越南,21,2,19,華南永昌-高雄,2023-08-02,9303
2890,永豐金,19,1,18,華南永昌-高雄,2023-08-02,9303
2892,第一金,22,4,18,華南永昌-高雄,2023-08-02,9303
00680L,元大美債20正2,17,0,17,華南永昌-高雄,2023-08-02,9303
4147,中裕,19,2,17,華南永昌-高雄,2023-08-02,9303
1609,大亞,260,24,236,華南永昌-高雄,2023-08-04,9303
00929,復華台灣科技優息,210,23,187,華南永昌-高雄,2023-08-04,9303
4714,永捷,182,6,176,華南永昌-高雄,2023-08-04,9303
2883,凱基金,207,32,175,華南永昌-高雄,2023-08-04,9303
00878,國泰永續高股息,706,548,158,華南永昌-高雄,2023-08-04,9303
00712,復華富時不動產,128,2,126,華南永昌-高雄,2023-08-04,9303
00679B,元大美債20年,250,125,125,華南永昌-高雄,2023-08-04,9303
00923,群益台ESG低碳50,105,0,105,華南永昌-高雄,2023-08-04,9303
2891,中信金,107,10,97,華南永昌-高雄,2023-08-04,9303
2344,華邦電,92,8,84,華南永昌-高雄,2023-08-04,9303
1216,統一,83,0,83,華南永昌-高雄,2023-08-04,9303
6125,廣運,83,12,71,華南永昌-高雄,2023-08-04,9303
2890,永豐金,72,1,71,華南永昌-高雄,2023-08-04,9303
3034,聯詠,55,0,55,華南永昌-高雄,2023-08-04,9303
0056,元大高股息,258,206,52,華南永昌-高雄,2023-08-04,9303
3231,緯創,158,110,48,華南永昌-高雄,2023-08-04,9303
00680L,元大美債20正2,44,0,44,華南永昌-高雄,2023-08-04,9303
00688L,國泰20年美債正2,44,0,44,華南永昌-高雄,2023-08-04,9303
2801,彰銀,44,0,44,華南永昌-高雄,2023-08-04,9303
1314,中石化,51,15,36,華南永昌-高雄,2023-08-04,9303
00900,富邦特選高股息30,34,0,34,華南永昌-高雄,2023-08-04,9303
00772B,中信高評級公司債,142,112,30,華南永昌-高雄,2023-08-04,9303
00687B,國泰20年美債,36,7,29,華南永昌-高雄,2023-08-04,9303
00720B,元大投資級公司債,37,9,28,華南永昌-高雄,2023-08-04,9303
00751B,元大AAA至A公司債,43,17,26,華南永昌-高雄,2023-08-04,9303
00795B,中信美國公債20年,26,0,26,華南永昌-高雄,2023-08-04,9303
2743,山富,26,1,25,華南永昌-高雄,2023-08-04,9303
1605,華新,67,42,25,華南永昌-高雄,2023-08-04,9303
5258,虹堡,26,3,23,華南永昌-高雄,2023-08-04,9303
5425,台半,23,1,22,華南永昌-高雄,2023-08-04,9303
8215,明基材,23,2,21,華南永昌-高雄,2023-08-04,9303
2376,技嘉,36,16,20,華南永昌-高雄,2023-08-04,9303
6550,北極星藥業-KY,30,12,18,華南永昌-高雄,2023-08-04,9303
4746,台耀,20,3,17,華南永昌-高雄,2023-08-04,9303
8150,南茂,18,2,16,華南永昌-高雄,2023-08-04,9303
3213,茂訊,20,4,16,華南永昌-高雄,2023-08-04,9303
1815,富喬,16,0,16,華南永昌-高雄,2023-08-04,9303
2356,英業達,107,91,16,華南永昌-高雄,2023-08-04,9303
6223,旺矽,16,1,15,華南永昌-高雄,2023-08-04,9303
1303,南亞,15,0,15,華南永昌-高雄,2023-08-04,9303
7402,邑錡,15,0,15,華南永昌-高雄,2023-08-04,9303
1210,大成,15,1,14,華南永昌-高雄,2023-08-04,9303
6841,長佳智能,15,1,14,華南永昌-高雄,2023-08-04,9303
3576,聯合再生,18,4,14,華南永昌-高雄,2023-08-04,9303
6153,嘉聯益,13,0,13,華南永昌-高雄,2023-08-04,9303
6415,矽力*-KY,13,0,13,華南永昌-高雄,2023-08-04,9303
1612,宏泰,20,7,13,華南永昌-高雄,2023-08-04,9303
2330,台積電,13,0,13,華南永昌-高雄,2023-08-04,9303
2358,廷鑫,13,0,13,華南永昌-高雄,2023-08-04,9303
1305,華夏,12,0,12,華南永昌-高雄,2023-08-04,9303
6443,元晶,205,2,203,華南永昌-高雄,2023-08-07,9303
3305,昇貿,201,1,200,華南永昌-高雄,2023-08-07,9303
00751B,元大AAA至A公司債,149,4,145,華南永昌-高雄,2023-08-07,9303
2888,新光金,154,17,137,華南永昌-高雄,2023-08-07,9303
00929,復華台灣科技優息,137,17,120,華南永昌-高雄,2023-08-07,9303
2409,友達,158,65,93,華南永昌-高雄,2023-08-07,9303
00923,群益台ESG低碳50,91,1,90,華南永昌-高雄,2023-08-07,9303
1609,大亞,82,3,79,華南永昌-高雄,2023-08-07,9303
1905,華紙,115,48,67,華南永昌-高雄,2023-08-07,9303
5009,榮剛,75,11,64,華南永昌-高雄,2023-08-07,9303
6550,北極星藥業-KY,113,53,60,華南永昌-高雄,2023-08-07,9303
2913,農林,85,41,44,華南永昌-高雄,2023-08-07,9303
2485,兆赫,42,0,42,華南永昌-高雄,2023-08-07,9303
00900,富邦特選高股息30,38,0,38,華南永昌-高雄,2023-08-07,9303
5452,佶優,41,4,37,華南永昌-高雄,2023-08-07,9303
2618,長榮航,82,46,36,華南永昌-高雄,2023-08-07,9303
2337,旺宏,42,6,36,華南永昌-高雄,2023-08-07,9303
2801,彰銀,34,0,34,華南永昌-高雄,2023-08-07,9303
00882,中信中國高股息,39,5,34,華南永昌-高雄,2023-08-07,9303
2323,中環,33,0,33,華南永昌-高雄,2023-08-07,9303
5880,合庫金,34,3,31,華南永昌-高雄,2023-08-07,9303
2317,鴻海,43,12,31,華南永昌-高雄,2023-08-07,9303
3581,博磊,31,0,31,華南永昌-高雄,2023-08-07,9303
1314,中石化,30,0,30,華南永昌-高雄,2023-08-07,9303
1736,喬山,30,0,30,華南永昌-高雄,2023-08-07,9303
9904,寶成,30,0,30,華南永昌-高雄,2023-08-07,9303
2504,國產,30,1,29,華南永昌-高雄,2023-08-07,9303
2009,第一銅,30,3,27,華南永昌-高雄,2023-08-07,9303
2891,中信金,29,2,27,華南永昌-高雄,2023-08-07,9303
8034,榮群,30,3,27,華南永昌-高雄,2023-08-07,9303
00679B,元大美債20年,38,12,26,華南永昌-高雄,2023-08-07,9303
6170,統振,25,0,25,華南永昌-高雄,2023-08-07,9303
00931B,統一美債20年,74,50,24,華南永昌-高雄,2023-08-07,9303
6125,廣運,56,33,23,華南永昌-高雄,2023-08-07,9303
00772B,中信高評級公司債,41,18,23,華南永昌-高雄,2023-08-07,9303
2609,陽明,32,9,23,華南永昌-高雄,2023-08-07,9303
2867,三商壽,23,0,23,華南永昌-高雄,2023-08-07,9303
8086,宏捷科,22,0,22,華南永昌-高雄,2023-08-07,9303
3071,協禧,21,0,21,華南永昌-高雄,2023-08-07,9303
00712,復華富時不動產,21,0,21,華南永昌-高雄,2023-08-07,9303
00680L,元大美債20正2,17,0,17,華南永昌-高雄,2023-08-07,9303
00637L,元大滬深300正2,22,5,17,華南永昌-高雄,2023-08-07,9303
2301,光寶科,50,33,17,華南永昌-高雄,2023-08-07,9303
6016,康和證,23,7,16,華南永昌-高雄,2023-08-07,9303
00893,國泰智能電動車,16,1,15,華南永昌-高雄,2023-08-07,9303
6472,保瑞,17,3,14,華南永昌-高雄,2023-08-07,9303
4904,遠傳,14,1,13,華南永昌-高雄,2023-08-07,9303
6469,大樹,13,0,13,華南永昌-高雄,2023-08-07,9303
00795B,中信美國公債20年,13,0,13,華南永昌-高雄,2023-08-07,9303
3044,健鼎,15,3,12,華南永昌-高雄,2023-08-07,9303
00919,群益台灣精選高息,244,0,244,華南永昌-高雄,2023-08-08,9303
00929,復華台灣科技優息,186,10,176,華南永昌-高雄,2023-08-08,9303
2356,英業達,219,54,165,華南永昌-高雄,2023-08-08,9303
00900,富邦特選高股息30,106,0,106,華南永昌-高雄,2023-08-08,9303
00673R,期元大S＆P原油反1,89,0,89,華南永昌-高雄,2023-08-08,9303
2401,凌陽,98,15,83,華南永昌-高雄,2023-08-08,9303
6550,北極星藥業-KY,109,29,80,華南永昌-高雄,2023-08-08,9303
2313,華通,85,9,76,華南永昌-高雄,2023-08-08,9303
2409,友達,133,60,73,華南永昌-高雄,2023-08-08,9303
00931B,統一美債20年,53,0,53,華南永昌-高雄,2023-08-08,9303
00923,群益台ESG低碳50,54,1,53,華南永昌-高雄,2023-08-08,9303
3062,建漢,50,0,50,華南永昌-高雄,2023-08-08,9303
00679B,元大美債20年,64,18,46,華南永昌-高雄,2023-08-08,9303
4114,健喬,46,2,44,華南永昌-高雄,2023-08-08,9303
3021,鴻名,46,6,40,華南永昌-高雄,2023-08-08,9303
2504,國產,30,0,30,華南永昌-高雄,2023-08-08,9303
9934,成霖,30,0,30,華南永昌-高雄,2023-08-08,9303
2891,中信金,29,0,29,華南永昌-高雄,2023-08-08,9303
1310,台苯,27,0,27,華南永昌-高雄,2023-08-08,9303
00888,永豐台灣ESG,26,0,26,華南永昌-高雄,2023-08-08,9303
1560,中砂,28,2,26,華南永昌-高雄,2023-08-08,9303
1815,富喬,26,0,26,華南永昌-高雄,2023-08-08,9303
8201,無敵,25,0,25,華南永昌-高雄,2023-08-08,9303
00712,復華富時不動產,32,7,25,華南永昌-高雄,2023-08-08,9303
8027,鈦昇,46,21,25,華南永昌-高雄,2023-08-08,9303
9944,新麗,24,0,24,華南永昌-高雄,2023-08-08,9303
2881,富邦金,24,0,24,華南永昌-高雄,2023-08-08,9303
2301,光寶科,71,48,23,華南永昌-高雄,2023-08-08,9303
8069,元太,23,1,22,華南永昌-高雄,2023-08-08,9303
00720B,元大投資級公司債,25,4,21,華南永昌-高雄,2023-08-08,9303
2344,華邦電,22,1,21,華南永昌-高雄,2023-08-08,9303
5425,台半,22,1,21,華南永昌-高雄,2023-08-08,9303
2886,兆豐金,21,1,20,華南永昌-高雄,2023-08-08,9303
00878,國泰永續高股息,314,294,20,華南永昌-高雄,2023-08-08,9303
5469,瀚宇博,21,2,19,華南永昌-高雄,2023-08-08,9303
2845,遠東銀,20,1,19,華南永昌-高雄,2023-08-08,9303
2376,技嘉,23,5,18,華南永昌-高雄,2023-08-08,9303
00753L,中信中國50正2,17,0,17,華南永昌-高雄,2023-08-08,9303
1101,台泥,19,2,17,華南永昌-高雄,2023-08-08,9303
00687B,國泰20年美債,22,5,17,華南永昌-高雄,2023-08-08,9303
2323,中環,46,29,17,華南永昌-高雄,2023-08-08,9303
6770,力積電,15,0,15,華南永昌-高雄,2023-08-08,9303
5483,中美晶,17,2,15,華南永昌-高雄,2023-08-08,9303
2884,玉山金,15,0,15,華南永昌-高雄,2023-08-08,9303
6182,合晶,15,0,15,華南永昌-高雄,2023-08-08,9303
6505,台塑化,15,0,15,華南永昌-高雄,2023-08-08,9303
2023,燁輝,14,0,14,華南永昌-高雄,2023-08-08,9303
3141,晶宏,15,1,14,華南永昌-高雄,2023-08-08,9303
3706,神達,31,18,13,華南永昌-高雄,2023-08-08,9303
2883,凱基金,16,3,13,華南永昌-高雄,2023-08-08,9303
3231,緯創,175,76,99,華南永昌-高雄,2023-08-09,9303
00929,復華台灣科技優息,98,0,98,華南永昌-高雄,2023-08-09,9303
2801,彰銀,125,44,81,華南永昌-高雄,2023-08-09,9303
00900,富邦特選高股息30,78,5,73,華南永昌-高雄,2023-08-09,9303
3483,力致,116,52,64,華南永昌-高雄,2023-08-09,9303
3481,群創,88,30,58,華南永昌-高雄,2023-08-09,9303
3701,大眾控,55,2,53,華南永昌-高雄,2023-08-09,9303
6274,台燿,57,7,50,華南永昌-高雄,2023-08-09,9303
00931B,統一美債20年,52,5,47,華南永昌-高雄,2023-08-09,9303
6125,廣運,47,9,38,華南永昌-高雄,2023-08-09,9303
2301,光寶科,61,27,34,華南永昌-高雄,2023-08-09,9303
1605,華新,34,0,34,華南永昌-高雄,2023-08-09,9303
00930,永豐ESG低碳高息,30,0,30,華南永昌-高雄,2023-08-09,9303
00898,國泰基因免疫革命,30,0,30,華南永昌-高雄,2023-08-09,9303
00673R,期元大S＆P原油反1,30,0,30,華南永昌-高雄,2023-08-09,9303
2371,大同,32,7,25,華南永昌-高雄,2023-08-09,9303
6472,保瑞,33,8,25,華南永昌-高雄,2023-08-09,9303
2312,金寶,70,46,24,華南永昌-高雄,2023-08-09,9303
2886,兆豐金,29,6,23,華南永昌-高雄,2023-08-09,9303
2002,中鋼,32,9,23,華南永昌-高雄,2023-08-09,9303
1584,精剛,21,0,21,華南永昌-高雄,2023-08-09,9303
2915,潤泰全,21,0,21,華南永昌-高雄,2023-08-09,9303
2201,裕隆,27,6,21,華南永昌-高雄,2023-08-09,9303
00923,群益台ESG低碳50,21,0,21,華南永昌-高雄,2023-08-09,9303
6120,達運,20,0,20,華南永昌-高雄,2023-08-09,9303
00751B,元大AAA至A公司債,28,9,19,華南永昌-高雄,2023-08-09,9303
6129,普誠,26,7,19,華南永昌-高雄,2023-08-09,9303
00679B,元大美債20年,21,3,18,華南永昌-高雄,2023-08-09,9303
2892,第一金,23,6,17,華南永昌-高雄,2023-08-09,9303
3617,碩天,22,5,17,華南永昌-高雄,2023-08-09,9303
2890,永豐金,21,5,16,華南永昌-高雄,2023-08-09,9303
5386,青雲,22,7,15,華南永昌-高雄,2023-08-09,9303
6244,茂迪,14,0,14,華南永昌-高雄,2023-08-09,9303
3669,圓展,13,0,13,華南永昌-高雄,2023-08-09,9303
4526,東台,12,0,12,華南永昌-高雄,2023-08-09,9303
00687B,國泰20年美債,12,0,12,華南永昌-高雄,2023-08-09,9303
2891,中信金,16,4,12,華南永昌-高雄,2023-08-09,9303
2427,三商電,12,0,12,華南永昌-高雄,2023-08-09,9303
00907,永豐優息存股,13,1,12,華南永昌-高雄,2023-08-09,9303
3356,奇偶,16,4,12,華南永昌-高雄,2023-08-09,9303
00882,中信中國高股息,11,0,11,華南永昌-高雄,2023-08-09,9303
2845,遠東銀,11,0,11,華南永昌-高雄,2023-08-09,9303
6550,北極星藥業-KY,20,9,11,華南永昌-高雄,2023-08-09,9303
2030,彰源,10,0,10,華南永昌-高雄,2023-08-09,9303
00720B,元大投資級公司債,10,0,10,華南永昌-高雄,2023-08-09,9303
00753L,中信中國50正2,10,0,10,華南永昌-高雄,2023-08-09,9303
6841,長佳智能,10,0,10,華南永昌-高雄,2023-08-09,9303
00712,復華富時不動產,13,3,10,華南永昌-高雄,2023-08-09,9303
5483,中美晶,11,2,9,華南永昌-高雄,2023-08-09,9303
6016,康和證,10,1,9,華南永昌-高雄,2023-08-09,9303
3056,富華新,230,1,229,華南永昌-高雄,2023-08-10,9303
00900,富邦特選高股息30,161,1,160,華南永昌-高雄,2023-08-10,9303
00929,復華台灣科技優息,170,11,159,華南永昌-高雄,2023-08-10,9303
00878,國泰永續高股息,731,607,124,華南永昌-高雄,2023-08-10,9303
2610,華航,139,35,104,華南永昌-高雄,2023-08-10,9303
3481,群創,138,47,91,華南永昌-高雄,2023-08-10,9303
2409,友達,111,21,90,華南永昌-高雄,2023-08-10,9303
2883,凱基金,81,14,67,華南永昌-高雄,2023-08-10,9303
2382,廣達,112,48,64,華南永昌-高雄,2023-08-10,9303
2886,兆豐金,55,1,54,華南永昌-高雄,2023-08-10,9303
3062,建漢,50,0,50,華南永昌-高雄,2023-08-10,9303
2889,國票金,44,0,44,華南永昌-高雄,2023-08-10,9303
00930,永豐ESG低碳高息,42,0,42,華南永昌-高雄,2023-08-10,9303
2002,中鋼,41,0,41,華南永昌-高雄,2023-08-10,9303
6026,福邦證,40,0,40,華南永昌-高雄,2023-08-10,9303
2324,仁寶,45,6,39,華南永昌-高雄,2023-08-10,9303
00923,群益台ESG低碳50,36,0,36,華南永昌-高雄,2023-08-10,9303
3038,全台,37,2,35,華南永昌-高雄,2023-08-10,9303
2323,中環,45,11,34,華南永昌-高雄,2023-08-10,9303
3017,奇鋐,34,1,33,華南永昌-高雄,2023-08-10,9303
6282,康舒,88,56,32,華南永昌-高雄,2023-08-10,9303
2890,永豐金,91,60,31,華南永昌-高雄,2023-08-10,9303
5452,佶優,35,5,30,華南永昌-高雄,2023-08-10,9303
1605,華新,31,3,28,華南永昌-高雄,2023-08-10,9303
2313,華通,98,70,28,華南永昌-高雄,2023-08-10,9303
4989,榮科,25,0,25,華南永昌-高雄,2023-08-10,9303
2104,國際中橡,25,1,24,華南永昌-高雄,2023-08-10,9303
2425,承啟,91,67,24,華南永昌-高雄,2023-08-10,9303
0050,元大台灣50,24,0,24,華南永昌-高雄,2023-08-10,9303
2363,矽統,64,41,23,華南永昌-高雄,2023-08-10,9303
2801,彰銀,40,18,22,華南永昌-高雄,2023-08-10,9303
2303,聯電,28,7,21,華南永昌-高雄,2023-08-10,9303
2606,裕民,26,5,21,華南永昌-高雄,2023-08-10,9303
00888,永豐台灣ESG,21,0,21,華南永昌-高雄,2023-08-10,9303
8155,博智,22,1,21,華南永昌-高雄,2023-08-10,9303
3032,偉訓,23,3,20,華南永昌-高雄,2023-08-10,9303
00706L,期元大S＆P日圓正2,20,0,20,華南永昌-高雄,2023-08-10,9303
6177,達麗,20,0,20,華南永昌-高雄,2023-08-10,9303
8936,國統,22,2,20,華南永昌-高雄,2023-08-10,9303
1815,富喬,20,0,20,華南永昌-高雄,2023-08-10,9303
6116,彩晶,18,0,18,華南永昌-高雄,2023-08-10,9303
00931B,統一美債20年,18,0,18,華南永昌-高雄,2023-08-10,9303
1802,台玻,19,1,18,華南永昌-高雄,2023-08-10,9303
5439,高技,18,1,17,華南永昌-高雄,2023-08-10,9303
2312,金寶,18,2,16,華南永昌-高雄,2023-08-10,9303
1513,中興電,25,9,16,華南永昌-高雄,2023-08-10,9303
2419,仲琦,39,23,16,華南永昌-高雄,2023-08-10,9303
6672,騰輝電子-KY,21,5,16,華南永昌-高雄,2023-08-10,9303
3645,達邁,16,0,16,華南永昌-高雄,2023-08-10,9303
4906,正文,34,18,16,華南永昌-高雄,2023-08-10,9303
2618,長榮航,357,31,326,華南永昌-高雄,2023-08-11,9303
2888,新光金,197,0,197,華南永昌-高雄,2023-08-11,9303
0056,元大高股息,206,26,180,華南永昌-高雄,2023-08-11,9303
2880,華南金,126,2,124,華南永昌-高雄,2023-08-11,9303
5706,鳳凰,103,3,100,華南永昌-高雄,2023-08-11,9303
00679B,元大美債20年,111,39,72,華南永昌-高雄,2023-08-11,9303
3056,富華新,100,30,70,華南永昌-高雄,2023-08-11,9303
00929,復華台灣科技優息,66,1,65,華南永昌-高雄,2023-08-11,9303
2454,聯發科,61,3,58,華南永昌-高雄,2023-08-11,9303
2892,第一金,54,3,51,華南永昌-高雄,2023-08-11,9303
00727B,國泰優選非投等債,50,0,50,華南永昌-高雄,2023-08-11,9303
2634,漢翔,47,3,44,華南永昌-高雄,2023-08-11,9303
2605,新興,43,0,43,華南永昌-高雄,2023-08-11,9303
00673R,期元大S＆P原油反1,41,0,41,華南永昌-高雄,2023-08-11,9303
00751B,元大AAA至A公司債,71,32,39,華南永昌-高雄,2023-08-11,9303
4989,榮科,39,0,39,華南永昌-高雄,2023-08-11,9303
00931B,統一美債20年,88,50,38,華南永昌-高雄,2023-08-11,9303
2317,鴻海,36,1,35,華南永昌-高雄,2023-08-11,9303
3034,聯詠,35,1,34,華南永昌-高雄,2023-08-11,9303
2915,潤泰全,35,1,34,華南永昌-高雄,2023-08-11,9303
2402,毅嘉,43,9,34,華南永昌-高雄,2023-08-11,9303
00725B,國泰投資級公司債,34,2,32,華南永昌-高雄,2023-08-11,9303
6418,詠昇,34,4,30,華南永昌-高雄,2023-08-11,9303
00878,國泰永續高股息,98,71,27,華南永昌-高雄,2023-08-11,9303
2882,國泰金,71,44,27,華南永昌-高雄,2023-08-11,9303
5608,四維航,30,4,26,華南永昌-高雄,2023-08-11,9303
6770,力積電,26,2,24,華南永昌-高雄,2023-08-11,9303
2027,大成鋼,24,0,24,華南永昌-高雄,2023-08-11,9303
2002,中鋼,25,1,24,華南永昌-高雄,2023-08-11,9303
2330,台積電,25,2,23,華南永昌-高雄,2023-08-11,9303
6531,愛普*,23,1,22,華南永昌-高雄,2023-08-11,9303
2014,中鴻,21,0,21,華南永昌-高雄,2023-08-11,9303
2885,元大金,31,10,21,華南永昌-高雄,2023-08-11,9303
1310,台苯,21,0,21,華南永昌-高雄,2023-08-11,9303
00720B,元大投資級公司債,22,1,21,華南永昌-高雄,2023-08-11,9303
00923,群益台ESG低碳50,21,0,21,華南永昌-高雄,2023-08-11,9303
6603,富強鑫,20,0,20,華南永昌-高雄,2023-08-11,9303
2610,華航,96,76,20,華南永昌-高雄,2023-08-11,9303
2029,盛餘,20,0,20,華南永昌-高雄,2023-08-11,9303
3231,緯創,107,89,18,華南永昌-高雄,2023-08-11,9303
00893,國泰智能電動車,19,1,18,華南永昌-高雄,2023-08-11,9303
9934,成霖,30,12,18,華南永昌-高雄,2023-08-11,9303
3483,力致,21,3,18,華南永昌-高雄,2023-08-11,9303
3037,欣興,17,0,17,華南永昌-高雄,2023-08-11,9303
3038,全台,17,0,17,華南永昌-高雄,2023-08-11,9303
1314,中石化,20,3,17,華南永昌-高雄,2023-08-11,9303
2412,中華電,21,7,14,華南永昌-高雄,2023-08-11,9303
3257,虹冠電,20,6,14,華南永昌-高雄,2023-08-11,9303
3545,敦泰,14,0,14,華南永昌-高雄,2023-08-11,9303
1795,美時,14,1,13,華南永昌-高雄,2023-08-11,9303
2323,中環,418,102,316,華南永昌-高雄,2023-08-14,9303
00929,復華台灣科技優息,260,38,222,華南永昌-高雄,2023-08-14,9303
2880,華南金,177,4,173,華南永昌-高雄,2023-08-14,9303
00900,富邦特選高股息30,195,81,114,華南永昌-高雄,2023-08-14,9303
2618,長榮航,108,30,78,華南永昌-高雄,2023-08-14,9303
2610,華航,79,16,63,華南永昌-高雄,2023-08-14,9303
00772B,中信高評級公司債,70,11,59,華南永昌-高雄,2023-08-14,9303
3045,台灣大,55,0,55,華南永昌-高雄,2023-08-14,9303
3062,建漢,50,0,50,華南永昌-高雄,2023-08-14,9303
00923,群益台ESG低碳50,60,13,47,華南永昌-高雄,2023-08-14,9303
00673R,期元大S＆P原油反1,46,0,46,華南永昌-高雄,2023-08-14,9303
6664,群翊,52,6,46,華南永昌-高雄,2023-08-14,9303
2337,旺宏,69,24,45,華南永昌-高雄,2023-08-14,9303
8390,金益鼎,43,2,41,華南永昌-高雄,2023-08-14,9303
2609,陽明,41,6,35,華南永昌-高雄,2023-08-14,9303
1314,中石化,33,0,33,華南永昌-高雄,2023-08-14,9303
2344,華邦電,38,5,33,華南永昌-高雄,2023-08-14,9303
2486,一詮,30,0,30,華南永昌-高雄,2023-08-14,9303
2882,國泰金,29,1,28,華南永昌-高雄,2023-08-14,9303
0050,元大台灣50,32,5,27,華南永昌-高雄,2023-08-14,9303
3231,緯創,85,58,27,華南永昌-高雄,2023-08-14,9303
1313,聯成,22,0,22,華南永昌-高雄,2023-08-14,9303
6216,居易,22,0,22,華南永昌-高雄,2023-08-14,9303
6443,元晶,26,4,22,華南永昌-高雄,2023-08-14,9303
00679B,元大美債20年,21,0,21,華南永昌-高雄,2023-08-14,9303
5009,榮剛,23,2,21,華南永昌-高雄,2023-08-14,9303
1464,得力,22,1,21,華南永昌-高雄,2023-08-14,9303
6016,康和證,25,4,21,華南永昌-高雄,2023-08-14,9303
2363,矽統,94,73,21,華南永昌-高雄,2023-08-14,9303
00751B,元大AAA至A公司債,36,16,20,華南永昌-高雄,2023-08-14,9303
2208,台船,25,5,20,華南永昌-高雄,2023-08-14,9303
1101,台泥,21,1,20,華南永昌-高雄,2023-08-14,9303
2027,大成鋼,24,4,20,華南永昌-高雄,2023-08-14,9303
2014,中鴻,24,5,19,華南永昌-高雄,2023-08-14,9303
2885,元大金,29,10,19,華南永昌-高雄,2023-08-14,9303
00930,永豐ESG低碳高息,19,0,19,華南永昌-高雄,2023-08-14,9303
2888,新光金,79,61,18,華南永昌-高雄,2023-08-14,9303
6770,力積電,30,12,18,華南永昌-高雄,2023-08-14,9303
2356,英業達,140,122,18,華南永昌-高雄,2023-08-14,9303
4989,榮科,18,0,18,華南永昌-高雄,2023-08-14,9303
2542,興富發,17,0,17,華南永昌-高雄,2023-08-14,9303
00922,國泰台灣領袖50,17,0,17,華南永昌-高雄,2023-08-14,9303
6125,廣運,55,38,17,華南永昌-高雄,2023-08-14,9303
00893,國泰智能電動車,17,0,17,華南永昌-高雄,2023-08-14,9303
2316,楠梓電,23,6,17,華南永昌-高雄,2023-08-14,9303
5871,中租-KY,17,1,16,華南永昌-高雄,2023-08-14,9303
00888,永豐台灣ESG,16,0,16,華南永昌-高雄,2023-08-14,9303
020038,元大ESG配息N,16,0,16,華南永昌-高雄,2023-08-14,9303
3703,欣陸,14,0,14,華南永昌-高雄,2023-08-14,9303
2312,金寶,67,53,14,華南永昌-高雄,2023-08-14,9303
2880,華南金,112,0,112,華南永昌-高雄,2023-08-15,9303
00878,國泰永續高股息,221,130,91,華南永昌-高雄,2023-08-15,9303
00923,群益台ESG低碳50,81,2,79,華南永昌-高雄,2023-08-15,9303
2317,鴻海,76,7,69,華南永昌-高雄,2023-08-15,9303
00929,復華台灣科技優息,127,59,68,華南永昌-高雄,2023-08-15,9303
2883,凱基金,65,0,65,華南永昌-高雄,2023-08-15,9303
8210,勤誠,72,13,59,華南永昌-高雄,2023-08-15,9303
00900,富邦特選高股息30,63,10,53,華南永昌-高雄,2023-08-15,9303
2002,中鋼,42,0,42,華南永昌-高雄,2023-08-15,9303
2891,中信金,46,7,39,華南永昌-高雄,2023-08-15,9303
00671R,富邦NASDAQ反1,37,0,37,華南永昌-高雄,2023-08-15,9303
00907,永豐優息存股,36,2,34,華南永昌-高雄,2023-08-15,9303
3481,群創,40,7,33,華南永昌-高雄,2023-08-15,9303
3231,緯創,84,53,31,華南永昌-高雄,2023-08-15,9303
00679B,元大美債20年,44,18,26,華南永昌-高雄,2023-08-15,9303
00637L,元大滬深300正2,40,16,24,華南永昌-高雄,2023-08-15,9303
00931B,統一美債20年,23,0,23,華南永昌-高雄,2023-08-15,9303
00850,元大臺灣ESG永續,21,0,21,華南永昌-高雄,2023-08-15,9303
6116,彩晶,20,0,20,華南永昌-高雄,2023-08-15,9303
6841,長佳智能,20,0,20,華南永昌-高雄,2023-08-15,9303
00772B,中信高評級公司債,20,1,19,華南永昌-高雄,2023-08-15,9303
1101,台泥,19,0,19,華南永昌-高雄,2023-08-15,9303
2538,基泰,21,2,19,華南永昌-高雄,2023-08-15,9303
2887,台新金,19,0,19,華南永昌-高雄,2023-08-15,9303
2358,廷鑫,18,0,18,華南永昌-高雄,2023-08-15,9303
5907,大洋-KY,18,0,18,華南永昌-高雄,2023-08-15,9303
2382,廣達,41,24,17,華南永昌-高雄,2023-08-15,9303
2834,臺企銀,27,10,17,華南永昌-高雄,2023-08-15,9303
00680L,元大美債20正2,16,0,16,華南永昌-高雄,2023-08-15,9303
00665L,富邦�琤肭磪囓�2,31,15,16,華南永昌-高雄,2023-08-15,9303
0050,元大台灣50,18,2,16,華南永昌-高雄,2023-08-15,9303
2027,大成鋼,23,8,15,華南永昌-高雄,2023-08-15,9303
2337,旺宏,90,75,15,華南永昌-高雄,2023-08-15,9303
2023,燁輝,15,0,15,華南永昌-高雄,2023-08-15,9303
2637,慧洋-KY,21,7,14,華南永昌-高雄,2023-08-15,9303
8105,凌巨,15,2,13,華南永昌-高雄,2023-08-15,9303
1301,台塑,13,1,12,華南永昌-高雄,2023-08-15,9303
00687B,國泰20年美債,12,0,12,華南永昌-高雄,2023-08-15,9303
2888,新光金,19,8,11,華南永昌-高雄,2023-08-15,9303
2890,永豐金,12,2,10,華南永昌-高雄,2023-08-15,9303
4960,誠美材,10,0,10,華南永昌-高雄,2023-08-15,9303
3289,宜特,11,1,10,華南永昌-高雄,2023-08-15,9303
3673,TPK-KY,10,0,10,華南永昌-高雄,2023-08-15,9303
1586,和勤,11,1,10,華南永昌-高雄,2023-08-15,9303
1789,神隆,10,0,10,華南永昌-高雄,2023-08-15,9303
00913,兆豐台灣晶圓製造,10,0,10,華南永昌-高雄,2023-08-15,9303
2892,第一金,9,0,9,華南永昌-高雄,2023-08-15,9303
006208,富邦台50,9,0,9,華南永昌-高雄,2023-08-15,9303
1795,美時,13,4,9,華南永昌-高雄,2023-08-15,9303
2363,矽統,57,49,8,華南永昌-高雄,2023-08-15,9303
00929,復華台灣科技優息,206,26,180,華南永昌-高雄,2023-08-16,9303
2880,華南金,154,5,149,華南永昌-高雄,2023-08-16,9303
2303,聯電,139,9,130,華南永昌-高雄,2023-08-16,9303
3056,富華新,133,4,129,華南永昌-高雄,2023-08-16,9303
3481,群創,131,2,129,華南永昌-高雄,2023-08-16,9303
00664R,國泰臺灣加權反1,105,0,105,華南永昌-高雄,2023-08-16,9303
2421,建準,364,293,71,華南永昌-高雄,2023-08-16,9303
3231,緯創,162,100,62,華南永昌-高雄,2023-08-16,9303
1535,中宇,62,1,61,華南永昌-高雄,2023-08-16,9303
2324,仁寶,87,30,57,華南永昌-高雄,2023-08-16,9303
2002,中鋼,56,1,55,華南永昌-高雄,2023-08-16,9303
00878,國泰永續高股息,347,292,55,華南永昌-高雄,2023-08-16,9303
2867,三商壽,53,0,53,華南永昌-高雄,2023-08-16,9303
00712,復華富時不動產,52,0,52,華南永昌-高雄,2023-08-16,9303
2332,友訊,59,10,49,華南永昌-高雄,2023-08-16,9303
2618,長榮航,55,9,46,華南永昌-高雄,2023-08-16,9303
2317,鴻海,51,5,46,華南永昌-高雄,2023-08-16,9303
1101,台泥,66,21,45,華南永昌-高雄,2023-08-16,9303
2886,兆豐金,58,15,43,華南永昌-高雄,2023-08-16,9303
6117,迎廣,42,0,42,華南永昌-高雄,2023-08-16,9303
00662,富邦NASDAQ,40,0,40,華南永昌-高雄,2023-08-16,9303
2610,華航,38,1,37,華南永昌-高雄,2023-08-16,9303
2363,矽統,109,72,37,華南永昌-高雄,2023-08-16,9303
00673R,期元大S＆P原油反1,42,10,32,華南永昌-高雄,2023-08-16,9303
00923,群益台ESG低碳50,37,6,31,華南永昌-高雄,2023-08-16,9303
2323,中環,31,0,31,華南永昌-高雄,2023-08-16,9303
2409,友達,51,20,31,華南永昌-高雄,2023-08-16,9303
00888,永豐台灣ESG,29,0,29,華南永昌-高雄,2023-08-16,9303
3711,日月光投控,26,0,26,華南永昌-高雄,2023-08-16,9303
3338,泰碩,26,0,26,華南永昌-高雄,2023-08-16,9303
6116,彩晶,27,2,25,華南永昌-高雄,2023-08-16,9303
2884,玉山金,25,0,25,華南永昌-高雄,2023-08-16,9303
2897,王道銀行,28,4,24,華南永昌-高雄,2023-08-16,9303
0050,元大台灣50,22,0,22,華南永昌-高雄,2023-08-16,9303
1584,精剛,22,1,21,華南永昌-高雄,2023-08-16,9303
2340,台亞,25,5,20,華南永昌-高雄,2023-08-16,9303
1605,華新,21,2,19,華南永昌-高雄,2023-08-16,9303
3706,神達,23,4,19,華南永昌-高雄,2023-08-16,9303
2329,華泰,71,52,19,華南永昌-高雄,2023-08-16,9303
2014,中鴻,29,11,18,華南永昌-高雄,2023-08-16,9303
1717,長興,16,0,16,華南永昌-高雄,2023-08-16,9303
00751B,元大AAA至A公司債,26,10,16,華南永昌-高雄,2023-08-16,9303
2358,廷鑫,17,1,16,華南永昌-高雄,2023-08-16,9303
00679B,元大美債20年,62,46,16,華南永昌-高雄,2023-08-16,9303
1301,台塑,16,0,16,華南永昌-高雄,2023-08-16,9303
00648R,元大S＆P500反1,15,0,15,華南永昌-高雄,2023-08-16,9303
00669R,國泰美國道瓊反1,15,0,15,華南永昌-高雄,2023-08-16,9303
1909,榮成,19,4,15,華南永昌-高雄,2023-08-16,9303
6668,中揚光,14,0,14,華南永昌-高雄,2023-08-16,9303
2344,華邦電,15,1,14,華南永昌-高雄,2023-08-16,9303
2363,矽統,441,92,349,華南永昌-高雄,2023-08-17,9303
2883,凱基金,359,21,338,華南永昌-高雄,2023-08-17,9303
2890,永豐金,137,0,137,華南永昌-高雄,2023-08-17,9303
3231,緯創,301,196,105,華南永昌-高雄,2023-08-17,9303
5706,鳳凰,100,1,99,華南永昌-高雄,2023-08-17,9303
00665L,富邦�琤肭磪囓�2,90,2,88,華南永昌-高雄,2023-08-17,9303
2329,華泰,151,76,75,華南永昌-高雄,2023-08-17,9303
00664R,國泰臺灣加權反1,72,0,72,華南永昌-高雄,2023-08-17,9303
00929,復華台灣科技優息,56,6,50,華南永昌-高雄,2023-08-17,9303
2002,中鋼,61,13,48,華南永昌-高雄,2023-08-17,9303
00679B,元大美債20年,130,85,45,華南永昌-高雄,2023-08-17,9303
2891,中信金,51,6,45,華南永昌-高雄,2023-08-17,9303
00632R,元大台灣50反1,48,8,40,華南永昌-高雄,2023-08-17,9303
2303,聯電,45,13,32,華南永昌-高雄,2023-08-17,9303
2888,新光金,42,10,32,華南永昌-高雄,2023-08-17,9303
2884,玉山金,30,1,29,華南永昌-高雄,2023-08-17,9303
6122,擎邦,27,0,27,華南永昌-高雄,2023-08-17,9303
2886,兆豐金,27,1,26,華南永昌-高雄,2023-08-17,9303
2206,三陽工業,33,7,26,華南永昌-高雄,2023-08-17,9303
3224,三顧,23,0,23,華南永昌-高雄,2023-08-17,9303
3583,辛耘,52,29,23,華南永昌-高雄,2023-08-17,9303
00680L,元大美債20正2,24,2,22,華南永昌-高雄,2023-08-17,9303
00712,復華富時不動產,27,5,22,華南永昌-高雄,2023-08-17,9303
00772B,中信高評級公司債,34,13,21,華南永昌-高雄,2023-08-17,9303
2399,映泰,23,2,21,華南永昌-高雄,2023-08-17,9303
9950,萬國通,21,0,21,華南永昌-高雄,2023-08-17,9303
5488,松普,20,0,20,華南永昌-高雄,2023-08-17,9303
2357,華碩,23,3,20,華南永昌-高雄,2023-08-17,9303
00926,凱基全球菁英55,20,0,20,華南永昌-高雄,2023-08-17,9303
1909,榮成,26,6,20,華南永昌-高雄,2023-08-17,9303
2892,第一金,19,1,18,華南永昌-高雄,2023-08-17,9303
00637L,元大滬深300正2,22,5,17,華南永昌-高雄,2023-08-17,9303
2356,英業達,114,97,17,華南永昌-高雄,2023-08-17,9303
2834,臺企銀,17,1,16,華南永昌-高雄,2023-08-17,9303
00931B,統一美債20年,19,3,16,華南永昌-高雄,2023-08-17,9303
6538,倉和,17,1,16,華南永昌-高雄,2023-08-17,9303
00751B,元大AAA至A公司債,41,26,15,華南永昌-高雄,2023-08-17,9303
3035,智原,48,33,15,華南永昌-高雄,2023-08-17,9303
1101,台泥,22,8,14,華南永昌-高雄,2023-08-17,9303
2027,大成鋼,17,3,14,華南永昌-高雄,2023-08-17,9303
6116,彩晶,13,0,13,華南永昌-高雄,2023-08-17,9303
00720B,元大投資級公司債,24,11,13,華南永昌-高雄,2023-08-17,9303
2324,仁寶,87,75,12,華南永昌-高雄,2023-08-17,9303
6269,台郡,12,0,12,華南永昌-高雄,2023-08-17,9303
4935,茂林-KY,11,0,11,華南永昌-高雄,2023-08-17,9303
3042,晶技,19,8,11,華南永昌-高雄,2023-08-17,9303
1513,中興電,13,3,10,華南永昌-高雄,2023-08-17,9303
2323,中環,69,59,10,華南永昌-高雄,2023-08-17,9303
00648R,元大S＆P500反1,10,0,10,華南永昌-高雄,2023-08-17,9303
00669R,國泰美國道瓊反1,10,0,10,華南永昌-高雄,2023-08-17,9303
00632R,元大台灣50反1,650,50,600,華南永昌-高雄,2023-08-18,9303
00929,復華台灣科技優息,137,3,134,華南永昌-高雄,2023-08-18,9303
3231,緯創,286,202,84,華南永昌-高雄,2023-08-18,9303
2356,英業達,136,86,50,華南永昌-高雄,2023-08-18,9303
6438,迅得,48,1,47,華南永昌-高雄,2023-08-18,9303
00919,群益台灣精選高息,48,2,46,華南永昌-高雄,2023-08-18,9303
00680L,元大美債20正2,44,0,44,華南永昌-高雄,2023-08-18,9303
1471,首利,54,10,44,華南永昌-高雄,2023-08-18,9303
4953,緯軟,45,2,43,華南永昌-高雄,2023-08-18,9303
00712,復華富時不動產,53,11,42,華南永昌-高雄,2023-08-18,9303
3706,神達,164,126,38,華南永昌-高雄,2023-08-18,9303
1504,東元,37,0,37,華南永昌-高雄,2023-08-18,9303
6418,詠昇,35,0,35,華南永昌-高雄,2023-08-18,9303
6139,亞翔,60,26,34,華南永昌-高雄,2023-08-18,9303
3236,千如,38,5,33,華南永昌-高雄,2023-08-18,9303
00931B,統一美債20年,33,2,31,華南永昌-高雄,2023-08-18,9303
1536,和大,31,1,30,華南永昌-高雄,2023-08-18,9303
8390,金益鼎,30,0,30,華南永昌-高雄,2023-08-18,9303
2486,一詮,30,2,28,華南永昌-高雄,2023-08-18,9303
4906,正文,27,4,23,華南永昌-高雄,2023-08-18,9303
2313,華通,29,7,22,華南永昌-高雄,2023-08-18,9303
00900,富邦特選高股息30,83,62,21,華南永昌-高雄,2023-08-18,9303
1310,台苯,21,0,21,華南永昌-高雄,2023-08-18,9303
1101,台泥,30,9,21,華南永昌-高雄,2023-08-18,9303
2449,京元電子,23,2,21,華南永昌-高雄,2023-08-18,9303
2312,金寶,29,9,20,華南永昌-高雄,2023-08-18,9303
1303,南亞,20,0,20,華南永昌-高雄,2023-08-18,9303
2374,佳能,27,9,18,華南永昌-高雄,2023-08-18,9303
2323,中環,28,11,17,華南永昌-高雄,2023-08-18,9303
00878,國泰永續高股息,185,169,16,華南永昌-高雄,2023-08-18,9303
2610,華航,24,8,16,華南永昌-高雄,2023-08-18,9303
6282,康舒,72,56,16,華南永昌-高雄,2023-08-18,9303
6120,達運,17,2,15,華南永昌-高雄,2023-08-18,9303
2892,第一金,15,0,15,華南永昌-高雄,2023-08-18,9303
6275,元山,14,0,14,華南永昌-高雄,2023-08-18,9303
2495,普安,16,2,14,華南永昌-高雄,2023-08-18,9303
3013,晟銘電,26,12,14,華南永昌-高雄,2023-08-18,9303
2886,兆豐金,24,11,13,華南永昌-高雄,2023-08-18,9303
2376,技嘉,19,7,12,華南永昌-高雄,2023-08-18,9303
1503,士電,14,2,12,華南永昌-高雄,2023-08-18,9303
2603,長榮,27,15,12,華南永昌-高雄,2023-08-18,9303
00720B,元大投資級公司債,34,23,11,華南永昌-高雄,2023-08-18,9303
1434,福懋,11,0,11,華南永昌-高雄,2023-08-18,9303
3078,僑威,20,9,11,華南永昌-高雄,2023-08-18,9303
3305,昇貿,11,0,11,華南永昌-高雄,2023-08-18,9303
5864,致和證,11,0,11,華南永昌-高雄,2023-08-18,9303
6142,友勁,11,0,11,華南永昌-高雄,2023-08-18,9303
2308,台達電,16,5,11,華南永昌-高雄,2023-08-18,9303
2402,毅嘉,29,18,11,華南永昌-高雄,2023-08-18,9303
2887,台新金,14,4,10,華南永昌-高雄,2023-08-18,9303
3236,千如,64,0,64,華南永昌-高雄,2023-08-21,9303
2329,華泰,134,80,54,華南永昌-高雄,2023-08-21,9303
2301,光寶科,83,36,47,華南永昌-高雄,2023-08-21,9303
2332,友訊,147,101,46,華南永昌-高雄,2023-08-21,9303
8050,廣積,63,18,45,華南永昌-高雄,2023-08-21,9303
6531,愛普*,46,2,44,華南永昌-高雄,2023-08-21,9303
3025,星通,46,3,43,華南永昌-高雄,2023-08-21,9303
6125,廣運,58,18,40,華南永昌-高雄,2023-08-21,9303
00679B,元大美債20年,60,23,37,華南永昌-高雄,2023-08-21,9303
00882,中信中國高股息,35,1,34,華南永昌-高雄,2023-08-21,9303
2615,萬海,46,12,34,華南永昌-高雄,2023-08-21,9303
3706,神達,115,82,33,華南永昌-高雄,2023-08-21,9303
00929,復華台灣科技優息,41,8,33,華南永昌-高雄,2023-08-21,9303
5608,四維航,85,55,30,華南永昌-高雄,2023-08-21,9303
2363,矽統,155,126,29,華南永昌-高雄,2023-08-21,9303
00772B,中信高評級公司債,26,0,26,華南永昌-高雄,2023-08-21,9303
00919,群益台灣精選高息,25,0,25,華南永昌-高雄,2023-08-21,9303
2637,慧洋-KY,27,5,22,華南永昌-高雄,2023-08-21,9303
00712,復華富時不動產,20,0,20,華南永昌-高雄,2023-08-21,9303
2324,仁寶,32,14,18,華南永昌-高雄,2023-08-21,9303
2027,大成鋼,35,17,18,華南永昌-高雄,2023-08-21,9303
5347,世界,21,5,16,華南永昌-高雄,2023-08-21,9303
6111,大宇資,16,1,15,華南永昌-高雄,2023-08-21,9303
2606,裕民,37,23,14,華南永昌-高雄,2023-08-21,9303
6150,撼訊,15,1,14,華南永昌-高雄,2023-08-21,9303
1905,華紙,15,2,13,華南永昌-高雄,2023-08-21,9303
2883,凱基金,20,8,12,華南永昌-高雄,2023-08-21,9303
00931B,統一美債20年,15,4,11,華南永昌-高雄,2023-08-21,9303
2617,台航,25,14,11,華南永昌-高雄,2023-08-21,9303
2356,英業達,80,69,11,華南永昌-高雄,2023-08-21,9303
1301,台塑,10,0,10,華南永昌-高雄,2023-08-21,9303
2368,金像電,23,13,10,華南永昌-高雄,2023-08-21,9303
00665L,富邦�琤肭磪囓�2,11,1,10,華南永昌-高雄,2023-08-21,9303
1609,大亞,12,2,10,華南永昌-高雄,2023-08-21,9303
2382,廣達,62,53,9,華南永昌-高雄,2023-08-21,9303
1504,東元,14,5,9,華南永昌-高雄,2023-08-21,9303
6116,彩晶,16,7,9,華南永昌-高雄,2023-08-21,9303
2883B,凱基金乙特,9,0,9,華南永昌-高雄,2023-08-21,9303
0050,元大台灣50,10,1,9,華南永昌-高雄,2023-08-21,9303
1303,南亞,8,0,8,華南永昌-高雄,2023-08-21,9303
00637L,元大滬深300正2,17,9,8,華南永昌-高雄,2023-08-21,9303
2344,華邦電,9,1,8,華南永昌-高雄,2023-08-21,9303
1586,和勤,8,0,8,華南永昌-高雄,2023-08-21,9303
5321,美而快,8,0,8,華南永昌-高雄,2023-08-21,9303
2402,毅嘉,10,2,8,華南永昌-高雄,2023-08-21,9303
00888,永豐台灣ESG,7,0,7,華南永昌-高雄,2023-08-21,9303
1802,台玻,9,2,7,華南永昌-高雄,2023-08-21,9303
2401,凌陽,15,8,7,華南永昌-高雄,2023-08-21,9303
00664R,國泰臺灣加權反1,7,0,7,華南永昌-高雄,2023-08-21,9303
3306,鼎天,21,14,7,華南永昌-高雄,2023-08-21,9303
2610,華航,204,8,196,華南永昌-高雄,2023-08-22,9303
00673R,期元大S＆P原油反1,84,0,84,華南永昌-高雄,2023-08-22,9303
2303,聯電,59,2,57,華南永昌-高雄,2023-08-22,9303
4147,中裕,62,10,52,華南永昌-高雄,2023-08-22,9303
2421,建準,72,21,51,華南永昌-高雄,2023-08-22,9303
2324,仁寶,82,33,49,華南永昌-高雄,2023-08-22,9303
2374,佳能,48,0,48,華南永昌-高雄,2023-08-22,9303
1444,力麗,46,0,46,華南永昌-高雄,2023-08-22,9303
1471,首利,56,12,44,華南永昌-高雄,2023-08-22,9303
2883,凱基金,41,0,41,華南永昌-高雄,2023-08-22,9303
00671R,富邦NASDAQ反1,41,0,41,華南永昌-高雄,2023-08-22,9303
4542,科嶠,41,0,41,華南永昌-高雄,2023-08-22,9303
00679B,元大美債20年,93,56,37,華南永昌-高雄,2023-08-22,9303
6016,康和證,36,0,36,華南永昌-高雄,2023-08-22,9303
3163,波若威,50,14,36,華南永昌-高雄,2023-08-22,9303
2606,裕民,49,13,36,華南永昌-高雄,2023-08-22,9303
6603,富強鑫,35,0,35,華南永昌-高雄,2023-08-22,9303
00929,復華台灣科技優息,44,10,34,華南永昌-高雄,2023-08-22,9303
3236,千如,33,0,33,華南永昌-高雄,2023-08-22,9303
2002,中鋼,35,3,32,華南永昌-高雄,2023-08-22,9303
2314,台揚,31,0,31,華南永昌-高雄,2023-08-22,9303
2542,興富發,27,0,27,華南永昌-高雄,2023-08-22,9303
2323,中環,59,32,27,華南永昌-高雄,2023-08-22,9303
8050,廣積,26,1,25,華南永昌-高雄,2023-08-22,9303
2382,廣達,104,79,25,華南永昌-高雄,2023-08-22,9303
00751B,元大AAA至A公司債,49,24,25,華南永昌-高雄,2023-08-22,9303
3025,星通,30,7,23,華南永昌-高雄,2023-08-22,9303
6125,廣運,108,85,23,華南永昌-高雄,2023-08-22,9303
0056,元大高股息,25,5,20,華南永昌-高雄,2023-08-22,9303
3380,明泰,22,2,20,華南永昌-高雄,2023-08-22,9303
2886,兆豐金,23,4,19,華南永昌-高雄,2023-08-22,9303
3483,力致,23,4,19,華南永昌-高雄,2023-08-22,9303
6235,華孚,23,4,19,華南永昌-高雄,2023-08-22,9303
2485,兆赫,20,1,19,華南永昌-高雄,2023-08-22,9303
2891,中信金,18,1,17,華南永昌-高雄,2023-08-22,9303
3035,智原,35,18,17,華南永昌-高雄,2023-08-22,9303
3045,台灣大,16,0,16,華南永昌-高雄,2023-08-22,9303
1303,南亞,15,0,15,華南永昌-高雄,2023-08-22,9303
2486,一詮,16,1,15,華南永昌-高雄,2023-08-22,9303
00885,富邦越南,15,0,15,華南永昌-高雄,2023-08-22,9303
2312,金寶,26,11,15,華南永昌-高雄,2023-08-22,9303
6415,矽力*-KY,14,0,14,華南永昌-高雄,2023-08-22,9303
1504,東元,20,6,14,華南永昌-高雄,2023-08-22,9303
6188,廣明,30,17,13,華南永昌-高雄,2023-08-22,9303
4979,華星光,33,20,13,華南永昌-高雄,2023-08-22,9303
2412,中華電,12,0,12,華南永昌-高雄,2023-08-22,9303
6285,啟��,34,23,11,華南永昌-高雄,2023-08-22,9303
9105,泰金寶-DR,61,50,11,華南永昌-高雄,2023-08-22,9303
1513,中興電,13,2,11,華南永昌-高雄,2023-08-22,9303
9949,琉園,19,9,10,華南永昌-高雄,2023-08-22,9303
00919,群益台灣精選高息,311,0,311,華南永昌-高雄,2023-08-23,9303
3311,閎暉,99,0,99,華南永昌-高雄,2023-08-23,9303
2618,長榮航,104,12,92,華南永昌-高雄,2023-08-23,9303
1905,華紙,66,4,62,華南永昌-高雄,2023-08-23,9303
3013,晟銘電,135,75,60,華南永昌-高雄,2023-08-23,9303
2367,燿華,52,3,49,華南永昌-高雄,2023-08-23,9303
2002,中鋼,47,4,43,華南永昌-高雄,2023-08-23,9303
6167,久正,54,18,36,華南永昌-高雄,2023-08-23,9303
2425,承啟,61,32,29,華南永昌-高雄,2023-08-23,9303
1409,新纖,28,0,28,華南永昌-高雄,2023-08-23,9303
2880,華南金,25,0,25,華南永昌-高雄,2023-08-23,9303
2323,中環,33,8,25,華南永昌-高雄,2023-08-23,9303
6282,康舒,71,50,21,華南永昌-高雄,2023-08-23,9303
3231,緯創,153,132,21,華南永昌-高雄,2023-08-23,9303
5608,四維航,27,7,20,華南永昌-高雄,2023-08-23,9303
2884,玉山金,20,0,20,華南永昌-高雄,2023-08-23,9303
2882,國泰金,22,3,19,華南永昌-高雄,2023-08-23,9303
2891,中信金,17,0,17,華南永昌-高雄,2023-08-23,9303
2634,漢翔,83,66,17,華南永昌-高雄,2023-08-23,9303
4960,誠美材,27,10,17,華南永昌-高雄,2023-08-23,9303
2449,京元電子,69,53,16,華南永昌-高雄,2023-08-23,9303
2615,萬海,20,4,16,華南永昌-高雄,2023-08-23,9303
2329,華泰,62,46,16,華南永昌-高雄,2023-08-23,9303
2332,友訊,31,15,16,華南永昌-高雄,2023-08-23,9303
1524,耿鼎,15,0,15,華南永昌-高雄,2023-08-23,9303
00751B,元大AAA至A公司債,15,0,15,華南永昌-高雄,2023-08-23,9303
1101,台泥,14,0,14,華南永昌-高雄,2023-08-23,9303
1316,上曜,14,0,14,華南永昌-高雄,2023-08-23,9303
6170,統振,18,4,14,華南永昌-高雄,2023-08-23,9303
2886,兆豐金,14,0,14,華南永昌-高雄,2023-08-23,9303
2892,第一金,13,0,13,華南永昌-高雄,2023-08-23,9303
9907,統一實,12,0,12,華南永昌-高雄,2023-08-23,9303
1303,南亞,12,0,12,華南永昌-高雄,2023-08-23,9303
1301,台塑,11,0,11,華南永昌-高雄,2023-08-23,9303
00923,群益台ESG低碳50,11,0,11,華南永昌-高雄,2023-08-23,9303
6829,千附精密,13,2,11,華南永昌-高雄,2023-08-23,9303
5351,鈺創,11,0,11,華南永昌-高雄,2023-08-23,9303
8222,寶一,12,1,11,華南永昌-高雄,2023-08-23,9303
6218,豪勉,11,0,11,華南永昌-高雄,2023-08-23,9303
0056,元大高股息,29,18,11,華南永昌-高雄,2023-08-23,9303
00665L,富邦�琤肭磪囓�2,10,0,10,華南永昌-高雄,2023-08-23,9303
1442,名軒,16,6,10,華南永昌-高雄,2023-08-23,9303
00656R,國泰中國A50反1,10,0,10,華南永昌-高雄,2023-08-23,9303
5880,合庫金,11,1,10,華南永昌-高雄,2023-08-23,9303
5871,中租-KY,10,1,9,華南永昌-高雄,2023-08-23,9303
2883B,凱基金乙特,9,0,9,華南永昌-高雄,2023-08-23,9303
5871A,中租-KY甲特,9,0,9,華南永昌-高雄,2023-08-23,9303
00885,富邦越南,9,0,9,華南永昌-高雄,2023-08-23,9303
00753L,中信中國50正2,9,0,9,華南永昌-高雄,2023-08-23,9303
2421,建準,29,21,8,華南永昌-高雄,2023-08-23,9303
00878,國泰永續高股息,510,293,217,華南永昌-高雄,2023-08-24,9303
3231,緯創,317,217,100,華南永昌-高雄,2023-08-24,9303
2356,英業達,135,56,79,華南永昌-高雄,2023-08-24,9303
3706,神達,132,72,60,華南永昌-高雄,2023-08-24,9303
2363,矽統,603,550,53,華南永昌-高雄,2023-08-24,9303
2537,聯上發,48,0,48,華南永昌-高雄,2023-08-24,9303
00919,群益台灣精選高息,53,8,45,華南永昌-高雄,2023-08-24,9303
1471,首利,47,6,41,華南永昌-高雄,2023-08-24,9303
00671R,富邦NASDAQ反1,38,0,38,華南永昌-高雄,2023-08-24,9303
2605,新興,38,1,37,華南永昌-高雄,2023-08-24,9303
00712,復華富時不動產,36,1,35,華南永昌-高雄,2023-08-24,9303
2880,華南金,40,7,33,華南永昌-高雄,2023-08-24,9303
2884,玉山金,31,0,31,華南永昌-高雄,2023-08-24,9303
2883,凱基金,55,26,29,華南永昌-高雄,2023-08-24,9303
2399,映泰,32,5,27,華南永昌-高雄,2023-08-24,9303
2495,普安,31,5,26,華南永昌-高雄,2023-08-24,9303
4541,晟田,25,0,25,華南永昌-高雄,2023-08-24,9303
00715L,期街口布蘭特正2,24,0,24,華南永昌-高雄,2023-08-24,9303
2419,仲琦,28,5,23,華南永昌-高雄,2023-08-24,9303
2486,一詮,23,2,21,華南永昌-高雄,2023-08-24,9303
3078,僑威,35,15,20,華南永昌-高雄,2023-08-24,9303
2915,潤泰全,20,0,20,華南永昌-高雄,2023-08-24,9303
8210,勤誠,39,19,20,華南永昌-高雄,2023-08-24,9303
2345,智邦,18,1,17,華南永昌-高雄,2023-08-24,9303
1611,中電,20,3,17,華南永昌-高雄,2023-08-24,9303
4763,材料-KY,24,8,16,華南永昌-高雄,2023-08-24,9303
6531,愛普*,19,3,16,華南永昌-高雄,2023-08-24,9303
2913,農林,18,2,16,華南永昌-高雄,2023-08-24,9303
2382,廣達,158,143,15,華南永昌-高雄,2023-08-24,9303
2002,中鋼,23,8,15,華南永昌-高雄,2023-08-24,9303
4119,旭富,15,0,15,華南永昌-高雄,2023-08-24,9303
8050,廣積,49,34,15,華南永昌-高雄,2023-08-24,9303
3035,智原,24,10,14,華南永昌-高雄,2023-08-24,9303
00679B,元大美債20年,15,1,14,華南永昌-高雄,2023-08-24,9303
6111,大宇資,15,1,14,華南永昌-高雄,2023-08-24,9303
1455,集盛,14,0,14,華南永昌-高雄,2023-08-24,9303
00929,復華台灣科技優息,89,75,14,華南永昌-高雄,2023-08-24,9303
5347,世界,14,1,13,華南永昌-高雄,2023-08-24,9303
6446,藥華藥,17,4,13,華南永昌-高雄,2023-08-24,9303
5340,建榮,14,2,12,華南永昌-高雄,2023-08-24,9303
6550,北極星藥業-KY,21,9,12,華南永昌-高雄,2023-08-24,9303
2014,中鴻,12,0,12,華南永昌-高雄,2023-08-24,9303
2603,長榮,11,0,11,華南永昌-高雄,2023-08-24,9303
4123,晟德,11,0,11,華南永昌-高雄,2023-08-24,9303
1737,臺鹽,13,2,11,華南永昌-高雄,2023-08-24,9303
2340,台亞,13,3,10,華南永昌-高雄,2023-08-24,9303
2897,王道銀行,10,0,10,華南永昌-高雄,2023-08-24,9303
00913,兆豐台灣晶圓製造,10,0,10,華南永昌-高雄,2023-08-24,9303
6116,彩晶,10,0,10,華南永昌-高雄,2023-08-24,9303
6125,廣運,41,31,10,華南永昌-高雄,2023-08-24,9303
3231,緯創,302,86,216,華南永昌-高雄,2023-08-25,9303
00878,國泰永續高股息,723,601,122,華南永昌-高雄,2023-08-25,9303
2485,兆赫,122,5,117,華南永昌-高雄,2023-08-25,9303
2425,承啟,92,15,77,華南永昌-高雄,2023-08-25,9303
2537,聯上發,73,0,73,華南永昌-高雄,2023-08-25,9303
00929,復華台灣科技優息,73,17,56,華南永昌-高雄,2023-08-25,9303
2382,廣達,81,31,50,華南永昌-高雄,2023-08-25,9303
00919,群益台灣精選高息,52,2,50,華南永昌-高雄,2023-08-25,9303
2353,宏��,45,2,43,華南永昌-高雄,2023-08-25,9303
3035,智原,156,115,41,華南永昌-高雄,2023-08-25,9303
2630,亞航,46,8,38,華南永昌-高雄,2023-08-25,9303
00900,富邦特選高股息30,38,0,38,華南永昌-高雄,2023-08-25,9303
2303,聯電,47,10,37,華南永昌-高雄,2023-08-25,9303
2409,友達,34,0,34,華南永昌-高雄,2023-08-25,9303
1471,首利,135,102,33,華南永昌-高雄,2023-08-25,9303
2002,中鋼,33,0,33,華南永昌-高雄,2023-08-25,9303
2880,華南金,52,20,32,華南永昌-高雄,2023-08-25,9303
4541,晟田,31,0,31,華南永昌-高雄,2023-08-25,9303
4953,緯軟,26,2,24,華南永昌-高雄,2023-08-25,9303
3037,欣興,25,4,21,華南永昌-高雄,2023-08-25,9303
2883,凱基金,25,4,21,華南永昌-高雄,2023-08-25,9303
2891,中信金,19,0,19,華南永昌-高雄,2023-08-25,9303
2645,長榮航太,21,2,19,華南永昌-高雄,2023-08-25,9303
2884,玉山金,18,0,18,華南永昌-高雄,2023-08-25,9303
2301,光寶科,34,17,17,華南永昌-高雄,2023-08-25,9303
2610,華航,24,7,17,華南永昌-高雄,2023-08-25,9303
2344,華邦電,17,0,17,華南永昌-高雄,2023-08-25,9303
00923,群益台ESG低碳50,16,0,16,華南永昌-高雄,2023-08-25,9303
3045,台灣大,16,0,16,華南永昌-高雄,2023-08-25,9303
2618,長榮航,40,24,16,華南永昌-高雄,2023-08-25,9303
6531,愛普*,41,25,16,華南永昌-高雄,2023-08-25,9303
5880,合庫金,16,0,16,華南永昌-高雄,2023-08-25,9303
6188,廣明,17,2,15,華南永昌-高雄,2023-08-25,9303
1101,台泥,14,0,14,華南永昌-高雄,2023-08-25,9303
4147,中裕,23,9,14,華南永昌-高雄,2023-08-25,9303
6235,華孚,41,28,13,華南永昌-高雄,2023-08-25,9303
2330,台積電,16,3,13,華南永昌-高雄,2023-08-25,9303
3017,奇鋐,35,23,12,華南永昌-高雄,2023-08-25,9303
3685,元創精密,12,0,12,華南永昌-高雄,2023-08-25,9303
2312,金寶,13,1,12,華南永昌-高雄,2023-08-25,9303
1463,強盛新,11,0,11,華南永昌-高雄,2023-08-25,9303
3034,聯詠,10,0,10,華南永昌-高雄,2023-08-25,9303
1447,力鵬,10,0,10,華南永昌-高雄,2023-08-25,9303
00922,國泰台灣領袖50,10,0,10,華南永昌-高雄,2023-08-25,9303
2633,台灣高鐵,10,0,10,華南永昌-高雄,2023-08-25,9303
00665L,富邦�琤肭磪囓�2,10,0,10,華南永昌-高雄,2023-08-25,9303
2449,京元電子,44,34,10,華南永昌-高雄,2023-08-25,9303
1303,南亞,9,0,9,華南永昌-高雄,2023-08-25,9303
1536,和大,9,0,9,華南永昌-高雄,2023-08-25,9303
0050,元大台灣50,9,0,9,華南永昌-高雄,2023-08-25,9303
2618,長榮航,564,24,540,華南永昌-高雄,2023-08-28,9303
1471,首利,176,8,168,華南永昌-高雄,2023-08-28,9303
2323,中環,133,36,97,華南永昌-高雄,2023-08-28,9303
3045,台灣大,62,0,62,華南永昌-高雄,2023-08-28,9303
00634R,富邦上証反1,60,0,60,華南永昌-高雄,2023-08-28,9303
1584,精剛,65,11,54,華南永昌-高雄,2023-08-28,9303
00929,復華台灣科技優息,76,26,50,華南永昌-高雄,2023-08-28,9303
3685,元創精密,48,0,48,華南永昌-高雄,2023-08-28,9303
3011,今皓,43,3,40,華南永昌-高雄,2023-08-28,9303
2409,友達,43,4,39,華南永昌-高雄,2023-08-28,9303
2353,宏��,39,5,34,華南永昌-高雄,2023-08-28,9303
2610,華航,39,8,31,華南永昌-高雄,2023-08-28,9303
3489,森寶,31,0,31,華南永昌-高雄,2023-08-28,9303
2388,威盛,44,14,30,華南永昌-高雄,2023-08-28,9303
2482,連宇,30,0,30,華南永昌-高雄,2023-08-28,9303
1609,大亞,36,7,29,華南永昌-高雄,2023-08-28,9303
3094,聯傑,64,37,27,華南永昌-高雄,2023-08-28,9303
2903,遠百,26,0,26,華南永昌-高雄,2023-08-28,9303
00671R,富邦NASDAQ反1,25,0,25,華南永昌-高雄,2023-08-28,9303
6216,居易,25,0,25,華南永昌-高雄,2023-08-28,9303
3308,聯德,59,35,24,華南永昌-高雄,2023-08-28,9303
2376,技嘉,31,9,22,華南永昌-高雄,2023-08-28,9303
00632R,元大台灣50反1,20,0,20,華南永昌-高雄,2023-08-28,9303
2421,建準,28,8,20,華南永昌-高雄,2023-08-28,9303
00673R,期元大S＆P原油反1,19,0,19,華南永昌-高雄,2023-08-28,9303
2371,大同,22,3,19,華南永昌-高雄,2023-08-28,9303
2609,陽明,30,11,19,華南永昌-高雄,2023-08-28,9303
4543,萬在,17,0,17,華南永昌-高雄,2023-08-28,9303
6168,宏齊,18,1,17,華南永昌-高雄,2023-08-28,9303
3051,力特,29,12,17,華南永昌-高雄,2023-08-28,9303
2331,精英,43,27,16,華南永昌-高雄,2023-08-28,9303
1737,臺鹽,29,13,16,華南永昌-高雄,2023-08-28,9303
4906,正文,55,39,16,華南永昌-高雄,2023-08-28,9303
3380,明泰,17,1,16,華南永昌-高雄,2023-08-28,9303
3041,揚智,15,0,15,華南永昌-高雄,2023-08-28,9303
2332,友訊,28,13,15,華南永昌-高雄,2023-08-28,9303
1463,強盛新,15,0,15,華南永昌-高雄,2023-08-28,9303
8086,宏捷科,15,0,15,華南永昌-高雄,2023-08-28,9303
6531,愛普*,15,0,15,華南永昌-高雄,2023-08-28,9303
1301,台塑,15,1,14,華南永昌-高雄,2023-08-28,9303
2359,所羅門,15,1,14,華南永昌-高雄,2023-08-28,9303
4123,晟德,14,0,14,華南永昌-高雄,2023-08-28,9303
3666,光耀,14,0,14,華南永昌-高雄,2023-08-28,9303
2317,鴻海,19,6,13,華南永昌-高雄,2023-08-28,9303
2468,華經,15,2,13,華南永昌-高雄,2023-08-28,9303
2890,永豐金,23,11,12,華南永昌-高雄,2023-08-28,9303
1513,中興電,12,0,12,華南永昌-高雄,2023-08-28,9303
2356,英業達,25,14,11,華南永昌-高雄,2023-08-28,9303
2419,仲琦,17,6,11,華南永昌-高雄,2023-08-28,9303
00712,復華富時不動產,11,0,11,華南永昌-高雄,2023-08-28,9303
0056,元大高股息,202,9,193,華南永昌-高雄,2023-08-29,9303
2436,偉詮電,196,25,171,華南永昌-高雄,2023-08-29,9303
00929,復華台灣科技優息,131,2,129,華南永昌-高雄,2023-08-29,9303
3046,建��,105,3,102,華南永昌-高雄,2023-08-29,9303
00719B,元大美債1-3,100,0,100,華南永昌-高雄,2023-08-29,9303
3231,緯創,141,52,89,華南永昌-高雄,2023-08-29,9303
2537,聯上發,80,0,80,華南永昌-高雄,2023-08-29,9303
00634R,富邦上証反1,60,0,60,華南永昌-高雄,2023-08-29,9303
2340,台亞,63,6,57,華南永昌-高雄,2023-08-29,9303
2888,新光金,60,6,54,華南永昌-高雄,2023-08-29,9303
8222,寶一,55,6,49,華南永昌-高雄,2023-08-29,9303
2303,聯電,94,57,37,華南永昌-高雄,2023-08-29,9303
2002,中鋼,36,1,35,華南永昌-高雄,2023-08-29,9303
6443,元晶,32,3,29,華南永昌-高雄,2023-08-29,9303
00637L,元大滬深300正2,43,14,29,華南永昌-高雄,2023-08-29,9303
2317,鴻海,41,14,27,華南永昌-高雄,2023-08-29,9303
2630,亞航,45,23,22,華南永昌-高雄,2023-08-29,9303
2314,台揚,22,0,22,華南永昌-高雄,2023-08-29,9303
00885,富邦越南,21,0,21,華南永昌-高雄,2023-08-29,9303
2014,中鴻,18,2,16,華南永昌-高雄,2023-08-29,9303
4961,天鈺,17,1,16,華南永昌-高雄,2023-08-29,9303
1584,精剛,23,7,16,華南永昌-高雄,2023-08-29,9303
00638R,元大滬深300反1,15,0,15,華南永昌-高雄,2023-08-29,9303
2892,第一金,14,0,14,華南永昌-高雄,2023-08-29,9303
8093,保銳,17,3,14,華南永昌-高雄,2023-08-29,9303
6234,高僑,20,6,14,華南永昌-高雄,2023-08-29,9303
6285,啟��,25,12,13,華南永昌-高雄,2023-08-29,9303
2615,萬海,14,1,13,華南永昌-高雄,2023-08-29,9303
3035,智原,43,31,12,華南永昌-高雄,2023-08-29,9303
3489,森寶,12,0,12,華南永昌-高雄,2023-08-29,9303
00900,富邦特選高股息30,14,3,11,華南永昌-高雄,2023-08-29,9303
1905,華紙,12,1,11,華南永昌-高雄,2023-08-29,9303
4541,晟田,11,0,11,華南永昌-高雄,2023-08-29,9303
2405,輔信,10,0,10,華南永昌-高雄,2023-08-29,9303
2464,盟立,10,0,10,華南永昌-高雄,2023-08-29,9303
8210,勤誠,16,6,10,華南永昌-高雄,2023-08-29,9303
00762,元大全球AI,10,0,10,華南永昌-高雄,2023-08-29,9303
00632R,元大台灣50反1,10,0,10,華南永昌-高雄,2023-08-29,9303
3163,波若威,13,4,9,華南永昌-高雄,2023-08-29,9303
4906,正文,9,1,8,華南永昌-高雄,2023-08-29,9303
2388,威盛,18,10,8,華南永昌-高雄,2023-08-29,9303
8150,南茂,8,0,8,華南永昌-高雄,2023-08-29,9303
3708,上緯投控,8,0,8,華南永昌-高雄,2023-08-29,9303
3308,聯德,77,69,8,華南永昌-高雄,2023-08-29,9303
6235,華孚,30,23,7,華南永昌-高雄,2023-08-29,9303
3013,晟銘電,13,6,7,華南永昌-高雄,2023-08-29,9303
3011,今皓,10,3,7,華南永昌-高雄,2023-08-29,9303
00671R,富邦NASDAQ反1,7,0,7,華南永昌-高雄,2023-08-29,9303
3078,僑威,19,12,7,華南永昌-高雄,2023-08-29,9303
00713,元大台灣高息低波,6,0,6,華南永昌-高雄,2023-08-29,9303
2485,兆赫,281,13,268,華南永昌-高雄,2023-08-30,9303
2610,華航,220,17,203,華南永昌-高雄,2023-08-30,9303
00931B,統一美債20年,78,0,78,華南永昌-高雄,2023-08-30,9303
2884,玉山金,73,1,72,華南永昌-高雄,2023-08-30,9303
4542,科嶠,50,0,50,華南永昌-高雄,2023-08-30,9303
2340,台亞,52,9,43,華南永昌-高雄,2023-08-30,9303
2464,盟立,44,1,43,華南永昌-高雄,2023-08-30,9303
2630,亞航,51,11,40,華南永昌-高雄,2023-08-30,9303
6217,中探針,40,1,39,華南永昌-高雄,2023-08-30,9303
3046,建��,67,33,34,華南永昌-高雄,2023-08-30,9303
5009,榮剛,34,0,34,華南永昌-高雄,2023-08-30,9303
2634,漢翔,58,29,29,華南永昌-高雄,2023-08-30,9303
2645,長榮航太,35,9,26,華南永昌-高雄,2023-08-30,9303
00885,富邦越南,26,0,26,華南永昌-高雄,2023-08-30,9303
2409,友達,41,17,24,華南永昌-高雄,2023-08-30,9303
4142,國光生,25,5,20,華南永昌-高雄,2023-08-30,9303
3481,群創,50,31,19,華南永昌-高雄,2023-08-30,9303
3489,森寶,18,0,18,華南永昌-高雄,2023-08-30,9303
2356,英業達,37,20,17,華南永昌-高雄,2023-08-30,9303
2344,華邦電,35,19,16,華南永昌-高雄,2023-08-30,9303
2915,潤泰全,16,0,16,華南永昌-高雄,2023-08-30,9303
2301,光寶科,34,18,16,華南永昌-高雄,2023-08-30,9303
1584,精剛,28,12,16,華南永昌-高雄,2023-08-30,9303
6188,廣明,19,5,14,華南永昌-高雄,2023-08-30,9303
5258,虹堡,13,0,13,華南永昌-高雄,2023-08-30,9303
00637L,元大滬深300正2,13,1,12,華南永昌-高雄,2023-08-30,9303
00671R,富邦NASDAQ反1,12,0,12,華南永昌-高雄,2023-08-30,9303
4961,天鈺,12,0,12,華南永昌-高雄,2023-08-30,9303
2324,仁寶,18,6,12,華南永昌-高雄,2023-08-30,9303
2603,長榮,13,2,11,華南永昌-高雄,2023-08-30,9303
2419,仲琦,15,4,11,華南永昌-高雄,2023-08-30,9303
2323,中環,32,21,11,華南永昌-高雄,2023-08-30,9303
2421,建準,25,15,10,華南永昌-高雄,2023-08-30,9303
00898,國泰基因免疫革命,10,0,10,華南永昌-高雄,2023-08-30,9303
6005,群益證,10,0,10,華南永昌-高雄,2023-08-30,9303
2331,精英,19,9,10,華南永昌-高雄,2023-08-30,9303
5347,世界,13,3,10,華南永昌-高雄,2023-08-30,9303
00923,群益台ESG低碳50,11,1,10,華南永昌-高雄,2023-08-30,9303
6282,康舒,14,5,9,華南永昌-高雄,2023-08-30,9303
2891,中信金,11,2,9,華南永昌-高雄,2023-08-30,9303
00900,富邦特選高股息30,9,0,9,華南永昌-高雄,2023-08-30,9303
2637,慧洋-KY,9,0,9,華南永昌-高雄,2023-08-30,9303
3013,晟銘電,10,1,9,華南永昌-高雄,2023-08-30,9303
2449,京元電子,18,9,9,華南永昌-高雄,2023-08-30,9303
2059,川湖,13,4,9,華南永昌-高雄,2023-08-30,9303
00919,群益台灣精選高息,8,0,8,華南永昌-高雄,2023-08-30,9303
00773B,中信優先金融債,8,0,8,華南永昌-高雄,2023-08-30,9303
2105,正新,7,0,7,華南永昌-高雄,2023-08-30,9303
3176,基亞,10,3,7,華南永昌-高雄,2023-08-30,9303
2889,國票金,7,0,7,華南永昌-高雄,2023-08-30,9303
2436,偉詮電,154,24,130,華南永昌-高雄,2023-08-31,9303
6547,高端疫苗,112,19,93,華南永昌-高雄,2023-08-31,9303
2323,中環,96,11,85,華南永昌-高雄,2023-08-31,9303
00929,復華台灣科技優息,93,28,65,華南永昌-高雄,2023-08-31,9303
3149,正達,65,1,64,華南永昌-高雄,2023-08-31,9303
3059,華晶科,63,1,62,華南永昌-高雄,2023-08-31,9303
2324,仁寶,61,15,46,華南永昌-高雄,2023-08-31,9303
2834,臺企銀,43,0,43,華南永昌-高雄,2023-08-31,9303
00637L,元大滬深300正2,45,4,41,華南永昌-高雄,2023-08-31,9303
00878,國泰永續高股息,103,63,40,華南永昌-高雄,2023-08-31,9303
3094,聯傑,77,40,37,華南永昌-高雄,2023-08-31,9303
00919,群益台灣精選高息,36,0,36,華南永昌-高雄,2023-08-31,9303
2890,永豐金,45,10,35,華南永昌-高雄,2023-08-31,9303
2337,旺宏,64,30,34,華南永昌-高雄,2023-08-31,9303
3711,日月光投控,32,0,32,華南永昌-高雄,2023-08-31,9303
2314,台揚,30,0,30,華南永昌-高雄,2023-08-31,9303
2892,第一金,30,0,30,華南永昌-高雄,2023-08-31,9303
2880,華南金,31,1,30,華南永昌-高雄,2023-08-31,9303
2610,華航,39,10,29,華南永昌-高雄,2023-08-31,9303
6770,力積電,37,8,29,華南永昌-高雄,2023-08-31,9303
3011,今皓,29,0,29,華南永昌-高雄,2023-08-31,9303
2364,倫飛,26,0,26,華南永昌-高雄,2023-08-31,9303
8086,宏捷科,28,3,25,華南永昌-高雄,2023-08-31,9303
2301,光寶科,37,13,24,華南永昌-高雄,2023-08-31,9303
1802,台玻,33,10,23,華南永昌-高雄,2023-08-31,9303
1101,台泥,24,2,22,華南永昌-高雄,2023-08-31,9303
00673R,期元大S＆P原油反1,21,0,21,華南永昌-高雄,2023-08-31,9303
3045,台灣大,19,0,19,華南永昌-高雄,2023-08-31,9303
2374,佳能,20,1,19,華南永昌-高雄,2023-08-31,9303
2303,聯電,30,11,19,華南永昌-高雄,2023-08-31,9303
2885,元大金,17,0,17,華南永昌-高雄,2023-08-31,9303
1216,統一,16,0,16,華南永昌-高雄,2023-08-31,9303
8210,勤誠,22,6,16,華南永昌-高雄,2023-08-31,9303
2367,燿華,37,21,16,華南永昌-高雄,2023-08-31,9303
3455,由田,18,2,16,華南永昌-高雄,2023-08-31,9303
2605,新興,20,6,14,華南永昌-高雄,2023-08-31,9303
2383,台光電,17,3,14,華南永昌-高雄,2023-08-31,9303
8936,國統,13,0,13,華南永昌-高雄,2023-08-31,9303
5880,合庫金,13,0,13,華南永昌-高雄,2023-08-31,9303
2401,凌陽,16,3,13,華南永昌-高雄,2023-08-31,9303
6108,競國,13,0,13,華南永昌-高雄,2023-08-31,9303
1605,華新,26,13,13,華南永昌-高雄,2023-08-31,9303
8088,品安,18,5,13,華南永昌-高雄,2023-08-31,9303
6168,宏齊,12,0,12,華南永昌-高雄,2023-08-31,9303
2801,彰銀,12,0,12,華南永昌-高雄,2023-08-31,9303
00671R,富邦NASDAQ反1,12,0,12,華南永昌-高雄,2023-08-31,9303
6213,聯茂,20,8,12,華南永昌-高雄,2023-08-31,9303
2884,玉山金,13,2,11,華南永昌-高雄,2023-08-31,9303
00923,群益台ESG低碳50,17,6,11,華南永昌-高雄,2023-08-31,9303
1326,台化,13,2,11,華南永昌-高雄,2023-08-31,9303
00919,群益台灣精選高息,289,0,289,華南永昌-高雄,2023-09-01,9303
3234,光環,235,0,235,華南永昌-高雄,2023-09-01,9303
2363,矽統,1129,1012,117,華南永昌-高雄,2023-09-01,9303
00673R,期元大S＆P原油反1,95,0,95,華南永昌-高雄,2023-09-01,9303
00929,復華台灣科技優息,93,2,91,華南永昌-高雄,2023-09-01,9303
2356,英業達,118,34,84,華南永昌-高雄,2023-09-01,9303
3548,兆利,75,12,63,華南永昌-高雄,2023-09-01,9303
4909,新復興,61,0,61,華南永昌-高雄,2023-09-01,9303
3188,鑫龍騰,55,0,55,華南永昌-高雄,2023-09-01,9303
2329,華泰,111,58,53,華南永昌-高雄,2023-09-01,9303
5880,合庫金,51,0,51,華南永昌-高雄,2023-09-01,9303
2442,新美齊,51,0,51,華南永昌-高雄,2023-09-01,9303
5301,寶得利,50,0,50,華南永昌-高雄,2023-09-01,9303
2301,光寶科,69,36,33,華南永昌-高雄,2023-09-01,9303
2355,敬鵬,39,8,31,華南永昌-高雄,2023-09-01,9303
2891,中信金,28,0,28,華南永昌-高雄,2023-09-01,9303
3026,禾伸堂,29,1,28,華南永昌-高雄,2023-09-01,9303
2382,廣達,62,34,28,華南永昌-高雄,2023-09-01,9303
3231,緯創,157,135,22,華南永昌-高雄,2023-09-01,9303
1101,台泥,26,4,22,華南永昌-高雄,2023-09-01,9303
3011,今皓,33,13,20,華南永昌-高雄,2023-09-01,9303
6284,佳邦,24,5,19,華南永昌-高雄,2023-09-01,9303
00915,凱基優選高股息30,22,3,19,華南永昌-高雄,2023-09-01,9303
1522,堤維西,17,0,17,華南永昌-高雄,2023-09-01,9303
00637L,元大滬深300正2,60,43,17,華南永昌-高雄,2023-09-01,9303
2834,臺企銀,16,0,16,華南永昌-高雄,2023-09-01,9303
2630,亞航,22,6,16,華南永昌-高雄,2023-09-01,9303
2402,毅嘉,91,75,16,華南永昌-高雄,2023-09-01,9303
2359,所羅門,17,2,15,華南永昌-高雄,2023-09-01,9303
00638R,元大滬深300反1,15,0,15,華南永昌-高雄,2023-09-01,9303
2323,中環,18,3,15,華南永昌-高雄,2023-09-01,9303
3689,湧德,16,1,15,華南永昌-高雄,2023-09-01,9303
1795,美時,17,3,14,華南永昌-高雄,2023-09-01,9303
2884,玉山金,15,1,14,華南永昌-高雄,2023-09-01,9303
3622,洋華,16,2,14,華南永昌-高雄,2023-09-01,9303
6830,汎銓,14,0,14,華南永昌-高雄,2023-09-01,9303
1512,瑞利,14,0,14,華南永昌-高雄,2023-09-01,9303
2880,華南金,14,1,13,華南永昌-高雄,2023-09-01,9303
8088,品安,24,12,12,華南永昌-高雄,2023-09-01,9303
00878,國泰永續高股息,186,175,11,華南永昌-高雄,2023-09-01,9303
00885,富邦越南,11,0,11,華南永昌-高雄,2023-09-01,9303
6235,華孚,36,25,11,華南永昌-高雄,2023-09-01,9303
1455,集盛,10,0,10,華南永昌-高雄,2023-09-01,9303
6016,康和證,10,0,10,華南永昌-高雄,2023-09-01,9303
3489,森寶,10,0,10,華南永昌-高雄,2023-09-01,9303
2547,日勝生,10,0,10,華南永昌-高雄,2023-09-01,9303
1216,統一,11,1,10,華南永昌-高雄,2023-09-01,9303
3483,力致,12,2,10,華南永昌-高雄,2023-09-01,9303
6168,宏齊,10,0,10,華南永昌-高雄,2023-09-01,9303
2340,台亞,20,11,9,華南永昌-高雄,2023-09-01,9303
2323,中環,232,36,196,華南永昌-高雄,2023-09-04,9303
6158,禾昌,188,0,188,華南永昌-高雄,2023-09-04,9303
00772B,中信高評級公司債,94,3,91,華南永昌-高雄,2023-09-04,9303
00929,復華台灣科技優息,111,21,90,華南永昌-高雄,2023-09-04,9303
2816,旺旺保,82,6,76,華南永昌-高雄,2023-09-04,9303
2409,友達,83,10,73,華南永昌-高雄,2023-09-04,9303
00751B,元大AAA至A公司債,92,25,67,華南永昌-高雄,2023-09-04,9303
00919,群益台灣精選高息,54,0,54,華南永昌-高雄,2023-09-04,9303
2880,華南金,48,2,46,華南永昌-高雄,2023-09-04,9303
1216,統一,40,1,39,華南永昌-高雄,2023-09-04,9303
2605,新興,45,7,38,華南永昌-高雄,2023-09-04,9303
00673R,期元大S＆P原油反1,37,0,37,華南永昌-高雄,2023-09-04,9303
2633,台灣高鐵,32,0,32,華南永昌-高雄,2023-09-04,9303
2340,台亞,36,4,32,華南永昌-高雄,2023-09-04,9303
2201,裕隆,61,30,31,華南永昌-高雄,2023-09-04,9303
6804,明係,33,2,31,華南永昌-高雄,2023-09-04,9303
2436,偉詮電,166,137,29,華南永昌-高雄,2023-09-04,9303
3290,東浦,41,12,29,華南永昌-高雄,2023-09-04,9303
1471,首利,29,1,28,華南永昌-高雄,2023-09-04,9303
2634,漢翔,43,15,28,華南永昌-高雄,2023-09-04,9303
00915,凱基優選高股息30,27,0,27,華南永昌-高雄,2023-09-04,9303
5009,榮剛,40,14,26,華南永昌-高雄,2023-09-04,9303
1802,台玻,33,10,23,華南永昌-高雄,2023-09-04,9303
6732,昇佳電子,23,1,22,華南永昌-高雄,2023-09-04,9303
9907,統一實,21,0,21,華南永昌-高雄,2023-09-04,9303
2314,台揚,21,0,21,華南永昌-高雄,2023-09-04,9303
2371,大同,36,16,20,華南永昌-高雄,2023-09-04,9303
2329,華泰,47,28,19,華南永昌-高雄,2023-09-04,9303
2540,愛山林,18,0,18,華南永昌-高雄,2023-09-04,9303
3715,定穎投控,120,102,18,華南永昌-高雄,2023-09-04,9303
3257,虹冠電,29,11,18,華南永昌-高雄,2023-09-04,9303
2204,中華,26,8,18,華南永昌-高雄,2023-09-04,9303
1101,台泥,19,4,15,華南永昌-高雄,2023-09-04,9303
2358,廷鑫,48,33,15,華南永昌-高雄,2023-09-04,9303
00724B,群益投資級金融債,15,0,15,華南永昌-高雄,2023-09-04,9303
2356,英業達,40,27,13,華南永昌-高雄,2023-09-04,9303
2383,台光電,18,6,12,華南永昌-高雄,2023-09-04,9303
8088,品安,12,0,12,華南永昌-高雄,2023-09-04,9303
2317,鴻海,15,3,12,華南永昌-高雄,2023-09-04,9303
00896,中信綠能及電動車,12,0,12,華南永昌-高雄,2023-09-04,9303
2312,金寶,14,2,12,華南永昌-高雄,2023-09-04,9303
8942,森鉅,12,0,12,華南永昌-高雄,2023-09-04,9303
2331,精英,35,23,12,華南永昌-高雄,2023-09-04,9303
2208,台船,12,1,11,華南永昌-高雄,2023-09-04,9303
2630,亞航,14,3,11,華南永昌-高雄,2023-09-04,9303
5371,中光電,12,1,11,華南永昌-高雄,2023-09-04,9303
8070,長華*,14,3,11,華南永昌-高雄,2023-09-04,9303
2492,華新科,29,18,11,華南永昌-高雄,2023-09-04,9303
00773B,中信優先金融債,11,0,11,華南永昌-高雄,2023-09-04,9303
2883B,凱基金乙特,11,0,11,華南永昌-高雄,2023-09-04,9303
2358,廷鑫,407,143,264,華南永昌-高雄,2023-09-05,9303
00929,復華台灣科技優息,338,85,253,華南永昌-高雄,2023-09-05,9303
00753L,中信中國50正2,200,0,200,華南永昌-高雄,2023-09-05,9303
2882,國泰金,82,0,82,華南永昌-高雄,2023-09-05,9303
2618,長榮航,86,12,74,華南永昌-高雄,2023-09-05,9303
6531,愛普*,76,12,64,華南永昌-高雄,2023-09-05,9303
2312,金寶,80,16,64,華南永昌-高雄,2023-09-05,9303
3481,群創,61,2,59,華南永昌-高雄,2023-09-05,9303
00878,國泰永續高股息,191,140,51,華南永昌-高雄,2023-09-05,9303
6282,康舒,52,8,44,華南永昌-高雄,2023-09-05,9303
2436,偉詮電,263,221,42,華南永昌-高雄,2023-09-05,9303
2816,旺旺保,42,0,42,華南永昌-高雄,2023-09-05,9303
6122,擎邦,117,76,41,華南永昌-高雄,2023-09-05,9303
8930,青鋼,44,4,40,華南永昌-高雄,2023-09-05,9303
00665L,富邦�琤肭磪囓�2,38,0,38,華南永昌-高雄,2023-09-05,9303
2363,矽統,157,119,38,華南永昌-高雄,2023-09-05,9303
6274,台燿,206,173,33,華南永昌-高雄,2023-09-05,9303
2906,高林,32,0,32,華南永昌-高雄,2023-09-05,9303
2610,華航,44,12,32,華南永昌-高雄,2023-09-05,9303
00918,大華優利高填息30,26,0,26,華南永昌-高雄,2023-09-05,9303
3624,光頡,24,0,24,華南永昌-高雄,2023-09-05,9303
00637L,元大滬深300正2,24,0,24,華南永昌-高雄,2023-09-05,9303
00773B,中信優先金融債,23,0,23,華南永昌-高雄,2023-09-05,9303
3682,亞太電,21,0,21,華南永昌-高雄,2023-09-05,9303
00919,群益台灣精選高息,37,19,18,華南永昌-高雄,2023-09-05,9303
1101,台泥,18,1,17,華南永昌-高雄,2023-09-05,9303
3231,緯創,37,21,16,華南永昌-高雄,2023-09-05,9303
2344,華邦電,32,16,16,華南永昌-高雄,2023-09-05,9303
4916,事欣科,16,0,16,華南永昌-高雄,2023-09-05,9303
3094,聯傑,18,2,16,華南永昌-高雄,2023-09-05,9303
8086,宏捷科,50,34,16,華南永昌-高雄,2023-09-05,9303
3290,東浦,15,0,15,華南永昌-高雄,2023-09-05,9303
6219,富旺,15,0,15,華南永昌-高雄,2023-09-05,9303
6235,華孚,41,26,15,華南永昌-高雄,2023-09-05,9303
2201,裕隆,43,29,14,華南永昌-高雄,2023-09-05,9303
1605,華新,14,0,14,華南永昌-高雄,2023-09-05,9303
5215,科嘉-KY,14,1,13,華南永昌-高雄,2023-09-05,9303
5469,瀚宇博,18,6,12,華南永昌-高雄,2023-09-05,9303
00907,永豐優息存股,12,0,12,華南永昌-高雄,2023-09-05,9303
3711,日月光投控,12,0,12,華南永昌-高雄,2023-09-05,9303
2376,技嘉,14,3,11,華南永昌-高雄,2023-09-05,9303
1442,名軒,11,0,11,華南永昌-高雄,2023-09-05,9303
8358,金居,130,119,11,華南永昌-高雄,2023-09-05,9303
1216,統一,10,0,10,華南永昌-高雄,2023-09-05,9303
2104,國際中橡,10,0,10,華南永昌-高雄,2023-09-05,9303
8201,無敵,10,0,10,華南永昌-高雄,2023-09-05,9303
1584,精剛,15,5,10,華南永昌-高雄,2023-09-05,9303
1514,亞力,10,0,10,華南永昌-高雄,2023-09-05,9303
1558,伸興,10,0,10,華南永昌-高雄,2023-09-05,9303
3489,森寶,10,0,10,華南永昌-高雄,2023-09-05,9303
00929,復華台灣科技優息,298,76,222,華南永昌-高雄,2023-09-06,9303
2610,華航,201,8,193,華南永昌-高雄,2023-09-06,9303
2409,友達,194,29,165,華南永昌-高雄,2023-09-06,9303
2882,國泰金,148,4,144,華南永昌-高雄,2023-09-06,9303
2363,矽統,260,144,116,華南永昌-高雄,2023-09-06,9303
6016,康和證,111,0,111,華南永昌-高雄,2023-09-06,9303
2884,玉山金,107,2,105,華南永昌-高雄,2023-09-06,9303
00932,兆豐永續高息等權,66,5,61,華南永昌-高雄,2023-09-06,9303
2358,廷鑫,68,11,57,華南永昌-高雄,2023-09-06,9303
2816,旺旺保,58,8,50,華南永昌-高雄,2023-09-06,9303
00900,富邦特選高股息30,48,0,48,華南永昌-高雄,2023-09-06,9303
2376,技嘉,61,14,47,華南永昌-高雄,2023-09-06,9303
3715,定穎投控,62,21,41,華南永昌-高雄,2023-09-06,9303
2880,華南金,39,0,39,華南永昌-高雄,2023-09-06,9303
00915,凱基優選高股息30,38,1,37,華南永昌-高雄,2023-09-06,9303
3163,波若威,201,167,34,華南永昌-高雄,2023-09-06,9303
2888,新光金,30,0,30,華南永昌-高雄,2023-09-06,9303
2883,凱基金,33,6,27,華南永昌-高雄,2023-09-06,9303
1101,台泥,44,18,26,華南永昌-高雄,2023-09-06,9303
2834,臺企銀,25,1,24,華南永昌-高雄,2023-09-06,9303
1216,統一,23,0,23,華南永昌-高雄,2023-09-06,9303
9938,百和,28,5,23,華南永昌-高雄,2023-09-06,9303
2382,廣達,43,20,23,華南永昌-高雄,2023-09-06,9303
00919,群益台灣精選高息,40,18,22,華南永昌-高雄,2023-09-06,9303
9904,寶成,32,10,22,華南永昌-高雄,2023-09-06,9303
3481,群創,134,113,21,華南永昌-高雄,2023-09-06,9303
00772B,中信高評級公司債,112,92,20,華南永昌-高雄,2023-09-06,9303
2442,新美齊,20,0,20,華南永昌-高雄,2023-09-06,9303
5215,科嘉-KY,20,0,20,華南永昌-高雄,2023-09-06,9303
00898,國泰基因免疫革命,20,0,20,華南永昌-高雄,2023-09-06,9303
6139,亞翔,21,1,20,華南永昌-高雄,2023-09-06,9303
3265,台星科,23,4,19,華南永昌-高雄,2023-09-06,9303
1471,首利,21,2,19,華南永昌-高雄,2023-09-06,9303
3311,閎暉,23,4,19,華南永昌-高雄,2023-09-06,9303
3046,建��,29,11,18,華南永昌-高雄,2023-09-06,9303
2340,台亞,33,16,17,華南永昌-高雄,2023-09-06,9303
00637L,元大滬深300正2,25,8,17,華南永昌-高雄,2023-09-06,9303
2027,大成鋼,17,0,17,華南永昌-高雄,2023-09-06,9303
4906,正文,20,3,17,華南永昌-高雄,2023-09-06,9303
00773B,中信優先金融債,16,0,16,華南永昌-高雄,2023-09-06,9303
2331,精英,30,16,14,華南永昌-高雄,2023-09-06,9303
4916,事欣科,14,0,14,華南永昌-高雄,2023-09-06,9303
00665L,富邦�琤肭磪囓�2,14,0,14,華南永昌-高雄,2023-09-06,9303
00857B,永豐20年美公債,13,0,13,華南永昌-高雄,2023-09-06,9303
2356,英業達,53,40,13,華南永昌-高雄,2023-09-06,9303
2419,仲琦,14,1,13,華南永昌-高雄,2023-09-06,9303
1444,力麗,13,0,13,華南永昌-高雄,2023-09-06,9303
8436,大江,13,0,13,華南永昌-高雄,2023-09-06,9303
2349,錸德,12,0,12,華南永昌-高雄,2023-09-06,9303
5425,台半,11,0,11,華南永昌-高雄,2023-09-06,9303
8112,至上,185,11,174,華南永昌-高雄,2023-09-07,9303
00929,復華台灣科技優息,190,34,156,華南永昌-高雄,2023-09-07,9303
3481,群創,64,1,63,華南永昌-高雄,2023-09-07,9303
2409,友達,73,19,54,華南永昌-高雄,2023-09-07,9303
2618,長榮航,64,15,49,華南永昌-高雄,2023-09-07,9303
4147,中裕,47,1,46,華南永昌-高雄,2023-09-07,9303
2442,新美齊,40,0,40,華南永昌-高雄,2023-09-07,9303
2312,金寶,37,0,37,華南永昌-高雄,2023-09-07,9303
4909,新復興,46,10,36,華南永昌-高雄,2023-09-07,9303
2340,台亞,39,3,36,華南永昌-高雄,2023-09-07,9303
2356,英業達,59,26,33,華南永昌-高雄,2023-09-07,9303
2314,台揚,33,0,33,華南永昌-高雄,2023-09-07,9303
00915,凱基優選高股息30,32,0,32,華南永昌-高雄,2023-09-07,9303
00919,群益台灣精選高息,74,43,31,華南永昌-高雄,2023-09-07,9303
2002,中鋼,31,1,30,華南永昌-高雄,2023-09-07,9303
00715L,期街口布蘭特正2,30,1,29,華南永昌-高雄,2023-09-07,9303
2880,華南金,28,0,28,華南永昌-高雄,2023-09-07,9303
2368,金像電,29,1,28,華南永昌-高雄,2023-09-07,9303
3231,緯創,51,24,27,華南永昌-高雄,2023-09-07,9303
00632R,元大台灣50反1,25,0,25,華南永昌-高雄,2023-09-07,9303
00918,大華優利高填息30,25,0,25,華南永昌-高雄,2023-09-07,9303
6274,台燿,62,38,24,華南永昌-高雄,2023-09-07,9303
2913,農林,25,1,24,華南永昌-高雄,2023-09-07,9303
6024,群益期,29,5,24,華南永昌-高雄,2023-09-07,9303
2884,玉山金,24,1,23,華南永昌-高雄,2023-09-07,9303
2883,凱基金,20,0,20,華南永昌-高雄,2023-09-07,9303
1307,三芳,21,1,20,華南永昌-高雄,2023-09-07,9303
5488,松普,20,0,20,華南永昌-高雄,2023-09-07,9303
2610,華航,25,7,18,華南永昌-高雄,2023-09-07,9303
00712,復華富時不動產,18,0,18,華南永昌-高雄,2023-09-07,9303
2313,華通,45,27,18,華南永昌-高雄,2023-09-07,9303
00637L,元大滬深300正2,18,1,17,華南永昌-高雄,2023-09-07,9303
2330,台積電,18,1,17,華南永昌-高雄,2023-09-07,9303
1802,台玻,18,3,15,華南永昌-高雄,2023-09-07,9303
2891,中信金,18,3,15,華南永昌-高雄,2023-09-07,9303
4906,正文,23,8,15,華南永昌-高雄,2023-09-07,9303
3042,晶技,16,1,15,華南永昌-高雄,2023-09-07,9303
00902,中信電池及儲能,14,0,14,華南永昌-高雄,2023-09-07,9303
5706,鳳凰,14,0,14,華南永昌-高雄,2023-09-07,9303
2412,中華電,14,0,14,華南永昌-高雄,2023-09-07,9303
6139,亞翔,20,6,14,華南永昌-高雄,2023-09-07,9303
2614,東森,23,10,13,華南永昌-高雄,2023-09-07,9303
1216,統一,13,0,13,華南永昌-高雄,2023-09-07,9303
9904,寶成,13,0,13,華南永昌-高雄,2023-09-07,9303
00679B,元大美債20年,12,0,12,華南永昌-高雄,2023-09-07,9303
2324,仁寶,15,3,12,華南永昌-高雄,2023-09-07,9303
2492,華新科,14,2,12,華南永昌-高雄,2023-09-07,9303
3455,由田,12,0,12,華南永昌-高雄,2023-09-07,9303
00888,永豐台灣ESG,15,4,11,華南永昌-高雄,2023-09-07,9303
2801,彰銀,11,0,11,華南永昌-高雄,2023-09-07,9303
2358,廷鑫,713,418,295,華南永昌-高雄,2023-09-08,9303
2618,長榮航,255,131,124,華南永昌-高雄,2023-09-08,9303
2610,華航,104,0,104,華南永昌-高雄,2023-09-08,9303
2002,中鋼,91,1,90,華南永昌-高雄,2023-09-08,9303
00919,群益台灣精選高息,73,7,66,華南永昌-高雄,2023-09-08,9303
3481,群創,61,8,53,華南永昌-高雄,2023-09-08,9303
1314,中石化,40,0,40,華南永昌-高雄,2023-09-08,9303
8112,至上,89,58,31,華南永昌-高雄,2023-09-08,9303
2356,英業達,38,8,30,華南永昌-高雄,2023-09-08,9303
2344,華邦電,33,5,28,華南永昌-高雄,2023-09-08,9303
1471,首利,89,62,27,華南永昌-高雄,2023-09-08,9303
00915,凱基優選高股息30,26,0,26,華南永昌-高雄,2023-09-08,9303
2913,農林,25,0,25,華南永昌-高雄,2023-09-08,9303
00932,兆豐永續高息等權,26,3,23,華南永昌-高雄,2023-09-08,9303
2442,新美齊,23,0,23,華南永昌-高雄,2023-09-08,9303
4147,中裕,36,15,21,華南永昌-高雄,2023-09-08,9303
2371,大同,26,5,21,華南永昌-高雄,2023-09-08,9303
2816,旺旺保,30,10,20,華南永昌-高雄,2023-09-08,9303
00931B,統一美債20年,19,0,19,華南永昌-高雄,2023-09-08,9303
2369,菱生,20,1,19,華南永昌-高雄,2023-09-08,9303
00918,大華優利高填息30,18,0,18,華南永昌-高雄,2023-09-08,9303
3289,宜特,18,0,18,華南永昌-高雄,2023-09-08,9303
00922,國泰台灣領袖50,17,0,17,華南永昌-高雄,2023-09-08,9303
2330,台積電,21,4,17,華南永昌-高雄,2023-09-08,9303
2376,技嘉,27,11,16,華南永昌-高雄,2023-09-08,9303
1213,大飲,15,0,15,華南永昌-高雄,2023-09-08,9303
2412,中華電,15,0,15,華南永昌-高雄,2023-09-08,9303
2329,華泰,57,42,15,華南永昌-高雄,2023-09-08,9303
6703,軒郁,15,0,15,華南永昌-高雄,2023-09-08,9303
2880,華南金,16,2,14,華南永昌-高雄,2023-09-08,9303
5452,佶優,13,0,13,華南永昌-高雄,2023-09-08,9303
3090,日電貿,17,4,13,華南永昌-高雄,2023-09-08,9303
2337,旺宏,15,2,13,華南永昌-高雄,2023-09-08,9303
8477,創業家,12,0,12,華南永昌-高雄,2023-09-08,9303
3293,鈊象,13,2,11,華南永昌-高雄,2023-09-08,9303
2495,普安,11,0,11,華南永昌-高雄,2023-09-08,9303
1442,名軒,13,2,11,華南永昌-高雄,2023-09-08,9303
2355,敬鵬,11,0,11,華南永昌-高雄,2023-09-08,9303
5488,松普,14,3,11,華南永昌-高雄,2023-09-08,9303
8222,寶一,17,6,11,華南永昌-高雄,2023-09-08,9303
1802,台玻,11,0,11,華南永昌-高雄,2023-09-08,9303
2485,兆赫,10,0,10,華南永昌-高雄,2023-09-08,9303
6415,矽力*-KY,10,0,10,華南永昌-高雄,2023-09-08,9303
1608,華榮,10,0,10,華南永昌-高雄,2023-09-08,9303
1513,中興電,11,1,10,華南永昌-高雄,2023-09-08,9303
4714,永捷,10,0,10,華南永昌-高雄,2023-09-08,9303
6016,康和證,10,0,10,華南永昌-高雄,2023-09-08,9303
2382,廣達,44,34,10,華南永昌-高雄,2023-09-08,9303
6188,廣明,33,23,10,華南永昌-高雄,2023-09-08,9303
1101,台泥,22,13,9,華南永昌-高雄,2023-09-08,9303
3311,閎暉,256,0,256,華南永昌-高雄,2023-09-11,9303
00919,群益台灣精選高息,191,1,190,華南永昌-高雄,2023-09-11,9303
00929,復華台灣科技優息,212,56,156,華南永昌-高雄,2023-09-11,9303
2363,矽統,200,92,108,華南永昌-高雄,2023-09-11,9303
00753L,中信中國50正2,102,1,101,華南永昌-高雄,2023-09-11,9303
00632R,元大台灣50反1,100,12,88,華南永昌-高雄,2023-09-11,9303
4526,東台,58,0,58,華南永昌-高雄,2023-09-11,9303
3481,群創,100,53,47,華南永昌-高雄,2023-09-11,9303
5227,立凱-KY,49,3,46,華南永昌-高雄,2023-09-11,9303
00918,大華優利高填息30,44,0,44,華南永昌-高雄,2023-09-11,9303
3231,緯創,118,76,42,華南永昌-高雄,2023-09-11,9303
6531,愛普*,36,1,35,華南永昌-高雄,2023-09-11,9303
6625,必應,50,16,34,華南永昌-高雄,2023-09-11,9303
2409,友達,78,44,34,華南永昌-高雄,2023-09-11,9303
00857B,永豐20年美公債,33,0,33,華南永昌-高雄,2023-09-11,9303
00751B,元大AAA至A公司債,56,25,31,華南永昌-高雄,2023-09-11,9303
1528,恩德,31,1,30,華南永昌-高雄,2023-09-11,9303
3019,亞光,30,0,30,華南永昌-高雄,2023-09-11,9303
2376,技嘉,44,16,28,華南永昌-高雄,2023-09-11,9303
5880,合庫金,28,0,28,華南永昌-高雄,2023-09-11,9303
2359,所羅門,34,6,28,華南永昌-高雄,2023-09-11,9303
00932,兆豐永續高息等權,27,0,27,華南永昌-高雄,2023-09-11,9303
00915,凱基優選高股息30,27,1,26,華南永昌-高雄,2023-09-11,9303
00923,群益台ESG低碳50,30,5,25,華南永昌-高雄,2023-09-11,9303
00679B,元大美債20年,25,0,25,華南永昌-高雄,2023-09-11,9303
2884,玉山金,24,0,24,華南永昌-高雄,2023-09-11,9303
6139,亞翔,27,3,24,華南永昌-高雄,2023-09-11,9303
00922,國泰台灣領袖50,20,0,20,華南永昌-高雄,2023-09-11,9303
1568,倉佑,20,0,20,華南永昌-高雄,2023-09-11,9303
0056,元大高股息,22,3,19,華南永昌-高雄,2023-09-11,9303
2834,臺企銀,25,7,18,華南永昌-高雄,2023-09-11,9303
3178,公準,25,7,18,華南永昌-高雄,2023-09-11,9303
3034,聯詠,20,2,18,華南永昌-高雄,2023-09-11,9303
00931B,統一美債20年,18,0,18,華南永昌-高雄,2023-09-11,9303
2498,宏達電,20,3,17,華南永昌-高雄,2023-09-11,9303
1802,台玻,17,0,17,華南永昌-高雄,2023-09-11,9303
2352,佳世達,23,7,16,華南永昌-高雄,2023-09-11,9303
2301,光寶科,46,31,15,華南永昌-高雄,2023-09-11,9303
2332,友訊,22,8,14,華南永昌-高雄,2023-09-11,9303
5488,松普,14,1,13,華南永昌-高雄,2023-09-11,9303
2845,遠東銀,20,7,13,華南永昌-高雄,2023-09-11,9303
1513,中興電,18,6,12,華南永昌-高雄,2023-09-11,9303
2371,大同,13,1,12,華南永昌-高雄,2023-09-11,9303
4938,和碩,13,1,12,華南永昌-高雄,2023-09-11,9303
5469,瀚宇博,14,2,12,華南永昌-高雄,2023-09-11,9303
2314,台揚,13,2,11,華南永昌-高雄,2023-09-11,9303
00896,中信綠能及電動車,12,1,11,華南永昌-高雄,2023-09-11,9303
2344,華邦電,16,5,11,華南永昌-高雄,2023-09-11,9303
6016,康和證,11,0,11,華南永昌-高雄,2023-09-11,9303
2382,廣達,55,44,11,華南永昌-高雄,2023-09-11,9303
00929,復華台灣科技優息,277,31,246,華南永昌-高雄,2023-09-12,9303
3322,建舜電,208,12,196,華南永昌-高雄,2023-09-12,9303
3709,鑫聯大投控,136,0,136,華南永昌-高雄,2023-09-12,9303
00676R,富邦臺灣加權反1,100,0,100,華南永昌-高雄,2023-09-12,9303
1471,首利,101,29,72,華南永昌-高雄,2023-09-12,9303
00919,群益台灣精選高息,73,6,67,華南永昌-高雄,2023-09-12,9303
2880,華南金,65,0,65,華南永昌-高雄,2023-09-12,9303
00753L,中信中國50正2,56,1,55,華南永昌-高雄,2023-09-12,9303
2888,新光金,52,0,52,華南永昌-高雄,2023-09-12,9303
6491,晶碩,52,2,50,華南永昌-高雄,2023-09-12,9303
00688L,國泰20年美債正2,45,0,45,華南永昌-高雄,2023-09-12,9303
6120,達運,60,22,38,華南永昌-高雄,2023-09-12,9303
6282,康舒,49,12,37,華南永昌-高雄,2023-09-12,9303
00751B,元大AAA至A公司債,35,4,31,華南永昌-高雄,2023-09-12,9303
00712,復華富時不動產,30,0,30,華南永昌-高雄,2023-09-12,9303
6219,富旺,30,0,30,華南永昌-高雄,2023-09-12,9303
9904,寶成,30,1,29,華南永昌-高雄,2023-09-12,9303
00885,富邦越南,23,0,23,華南永昌-高雄,2023-09-12,9303
2630,亞航,48,26,22,華南永昌-高雄,2023-09-12,9303
00679B,元大美債20年,20,0,20,華南永昌-高雄,2023-09-12,9303
3035,智原,29,10,19,華南永昌-高雄,2023-09-12,9303
2324,仁寶,23,5,18,華南永昌-高雄,2023-09-12,9303
2358,廷鑫,21,3,18,華南永昌-高雄,2023-09-12,9303
3363,上詮,58,40,18,華南永昌-高雄,2023-09-12,9303
2356,英業達,48,32,16,華南永昌-高雄,2023-09-12,9303
8358,金居,28,12,16,華南永昌-高雄,2023-09-12,9303
2457,飛宏,21,7,14,華南永昌-高雄,2023-09-12,9303
6472,保瑞,14,1,13,華南永昌-高雄,2023-09-12,9303
6451,訊芯-KY,14,1,13,華南永昌-高雄,2023-09-12,9303
6188,廣明,15,2,13,華南永昌-高雄,2023-09-12,9303
2405,輔信,18,6,12,華南永昌-高雄,2023-09-12,9303
2458,義隆,15,4,11,華南永昌-高雄,2023-09-12,9303
5351,鈺創,22,11,11,華南永昌-高雄,2023-09-12,9303
00673R,期元大S＆P原油反1,11,0,11,華南永昌-高雄,2023-09-12,9303
4119,旭富,10,0,10,華南永昌-高雄,2023-09-12,9303
00720B,元大投資級公司債,10,0,10,華南永昌-高雄,2023-09-12,9303
2468,華經,10,0,10,華南永昌-高雄,2023-09-12,9303
2486,一詮,10,0,10,華南永昌-高雄,2023-09-12,9303
6415,矽力*-KY,22,12,10,華南永昌-高雄,2023-09-12,9303
2887,台新金,10,1,9,華南永昌-高雄,2023-09-12,9303
2323,中環,24,15,9,華南永昌-高雄,2023-09-12,9303
00932,兆豐永續高息等權,9,0,9,華南永昌-高雄,2023-09-12,9303
8222,寶一,14,5,9,華南永昌-高雄,2023-09-12,9303
3545,敦泰,15,7,8,華南永昌-高雄,2023-09-12,9303
2504,國產,8,0,8,華南永昌-高雄,2023-09-12,9303
8076,伍豐,13,5,8,華南永昌-高雄,2023-09-12,9303
1810,和成,18,10,8,華南永昌-高雄,2023-09-12,9303
2340,台亞,43,35,8,華南永昌-高雄,2023-09-12,9303
4979,華星光,8,0,8,華南永昌-高雄,2023-09-12,9303
3017,奇鋐,9,1,8,華南永昌-高雄,2023-09-12,9303
00929,復華台灣科技優息,248,42,206,華南永昌-高雄,2023-09-13,9303
2486,一詮,191,4,187,華南永昌-高雄,2023-09-13,9303
00688L,國泰20年美債正2,120,0,120,華南永昌-高雄,2023-09-13,9303
00919,群益台灣精選高息,103,0,103,華南永昌-高雄,2023-09-13,9303
1524,耿鼎,204,136,68,華南永昌-高雄,2023-09-13,9303
6715,嘉基,61,0,61,華南永昌-高雄,2023-09-13,9303
00918,大華優利高填息30,56,0,56,華南永昌-高雄,2023-09-13,9303
1471,首利,58,6,52,華南永昌-高雄,2023-09-13,9303
00673R,期元大S＆P原油反1,46,0,46,華南永昌-高雄,2023-09-13,9303
6219,富旺,75,30,45,華南永昌-高雄,2023-09-13,9303
6451,訊芯-KY,45,4,41,華南永昌-高雄,2023-09-13,9303
3231,緯創,66,30,36,華南永昌-高雄,2023-09-13,9303
1314,中石化,35,2,33,華南永昌-高雄,2023-09-13,9303
1319,東陽,51,22,29,華南永昌-高雄,2023-09-13,9303
8112,至上,73,47,26,華南永昌-高雄,2023-09-13,9303
2618,長榮航,34,12,22,華南永昌-高雄,2023-09-13,9303
00720B,元大投資級公司債,22,0,22,華南永昌-高雄,2023-09-13,9303
3044,健鼎,27,5,22,華南永昌-高雄,2023-09-13,9303
2352,佳世達,29,8,21,華南永昌-高雄,2023-09-13,9303
00753L,中信中國50正2,20,0,20,華南永昌-高雄,2023-09-13,9303
2106,建大,20,0,20,華南永昌-高雄,2023-09-13,9303
1312,國喬,20,0,20,華南永昌-高雄,2023-09-13,9303
4739,康普,18,0,18,華南永昌-高雄,2023-09-13,9303
6216,居易,17,0,17,華南永昌-高雄,2023-09-13,9303
2880,華南金,17,0,17,華南永昌-高雄,2023-09-13,9303
1101,台泥,27,11,16,華南永昌-高雄,2023-09-13,9303
00902,中信電池及儲能,16,0,16,華南永昌-高雄,2023-09-13,9303
6182,合晶,20,6,14,華南永昌-高雄,2023-09-13,9303
3141,晶宏,14,0,14,華南永昌-高雄,2023-09-13,9303
6470,宇智,15,1,14,華南永昌-高雄,2023-09-13,9303
3624,光頡,17,4,13,華南永昌-高雄,2023-09-13,9303
2025,千興,13,0,13,華南永昌-高雄,2023-09-13,9303
00679B,元大美債20年,13,0,13,華南永昌-高雄,2023-09-13,9303
6275,元山,12,0,12,華南永昌-高雄,2023-09-13,9303
5871,中租-KY,12,0,12,華南永昌-高雄,2023-09-13,9303
00713,元大台灣高息低波,12,0,12,華南永昌-高雄,2023-09-13,9303
6531,愛普*,13,1,12,華南永昌-高雄,2023-09-13,9303
2363,矽統,70,59,11,華南永昌-高雄,2023-09-13,9303
6457,紘康,11,0,11,華南永昌-高雄,2023-09-13,9303
2887,台新金,11,0,11,華南永昌-高雄,2023-09-13,9303
2105,正新,11,0,11,華南永昌-高雄,2023-09-13,9303
4533,協易機,10,0,10,華南永昌-高雄,2023-09-13,9303
00637L,元大滬深300正2,11,1,10,華南永昌-高雄,2023-09-13,9303
9946,三發地產,10,0,10,華南永昌-高雄,2023-09-13,9303
2029,盛餘,10,0,10,華南永昌-高雄,2023-09-13,9303
2030,彰源,10,0,10,華南永昌-高雄,2023-09-13,9303
5244,弘凱,10,0,10,華南永昌-高雄,2023-09-13,9303
2412,中華電,13,3,10,華南永昌-高雄,2023-09-13,9303
00782B,國泰A級公用債,10,0,10,華南永昌-高雄,2023-09-13,9303
00896,中信綠能及電動車,10,0,10,華南永昌-高雄,2023-09-13,9303
00929,復華台灣科技優息,459,17,442,華南永昌-高雄,2023-09-14,9303
00919,群益台灣精選高息,214,4,210,華南永昌-高雄,2023-09-14,9303
3311,閎暉,151,0,151,華南永昌-高雄,2023-09-14,9303
00676R,富邦臺灣加權反1,150,0,150,華南永昌-高雄,2023-09-14,9303
2610,華航,130,10,120,華南永昌-高雄,2023-09-14,9303
00688L,國泰20年美債正2,110,5,105,華南永昌-高雄,2023-09-14,9303
1314,中石化,103,13,90,華南永昌-高雄,2023-09-14,9303
3709,鑫聯大投控,68,0,68,華南永昌-高雄,2023-09-14,9303
6426,統新,68,4,64,華南永昌-高雄,2023-09-14,9303
2323,中環,85,30,55,華南永昌-高雄,2023-09-14,9303
2630,亞航,65,13,52,華南永昌-高雄,2023-09-14,9303
2816,旺旺保,50,0,50,華南永昌-高雄,2023-09-14,9303
3362,先進光,43,1,42,華南永昌-高雄,2023-09-14,9303
00632R,元大台灣50反1,49,10,39,華南永昌-高雄,2023-09-14,9303
00931B,統一美債20年,55,18,37,華南永昌-高雄,2023-09-14,9303
2371,大同,48,11,37,華南永昌-高雄,2023-09-14,9303
6139,亞翔,34,1,33,華南永昌-高雄,2023-09-14,9303
8088,品安,34,2,32,華南永昌-高雄,2023-09-14,9303
00885,富邦越南,32,0,32,華南永昌-高雄,2023-09-14,9303
00915,凱基優選高股息30,38,10,28,華南永昌-高雄,2023-09-14,9303
3380,明泰,32,5,27,華南永昌-高雄,2023-09-14,9303
00900,富邦特選高股息30,24,0,24,華南永昌-高雄,2023-09-14,9303
2834,臺企銀,20,2,18,華南永昌-高雄,2023-09-14,9303
5381,合正,18,0,18,華南永昌-高雄,2023-09-14,9303
4127,天良,18,0,18,華南永昌-高雄,2023-09-14,9303
00679B,元大美債20年,17,0,17,華南永昌-高雄,2023-09-14,9303
2409,友達,18,3,15,華南永昌-高雄,2023-09-14,9303
2402,毅嘉,41,28,13,華南永昌-高雄,2023-09-14,9303
2421,建準,19,6,13,華南永昌-高雄,2023-09-14,9303
5880,合庫金,13,0,13,華南永昌-高雄,2023-09-14,9303
4532,瑞智,12,0,12,華南永昌-高雄,2023-09-14,9303
8150,南茂,13,1,12,華南永昌-高雄,2023-09-14,9303
6271,同欣電,27,16,11,華南永昌-高雄,2023-09-14,9303
2504,國產,11,0,11,華南永昌-高雄,2023-09-14,9303
2332,友訊,17,6,11,華南永昌-高雄,2023-09-14,9303
5907,大洋-KY,11,0,11,華南永昌-高雄,2023-09-14,9303
2881,富邦金,12,1,11,華南永昌-高雄,2023-09-14,9303
3624,光頡,11,1,10,華南永昌-高雄,2023-09-14,9303
3289,宜特,10,0,10,華南永昌-高雄,2023-09-14,9303
00902,中信電池及儲能,15,5,10,華南永昌-高雄,2023-09-14,9303
00753L,中信中國50正2,10,0,10,華南永昌-高雄,2023-09-14,9303
00907,永豐優息存股,10,0,10,華南永昌-高雄,2023-09-14,9303
8086,宏捷科,18,8,10,華南永昌-高雄,2023-09-14,9303
6288,聯嘉,13,3,10,華南永昌-高雄,2023-09-14,9303
2382,廣達,26,17,9,華南永昌-高雄,2023-09-14,9303
2401,凌陽,16,7,9,華南永昌-高雄,2023-09-14,9303
6275,元山,16,7,9,華南永昌-高雄,2023-09-14,9303
3189,景碩,10,1,9,華南永昌-高雄,2023-09-14,9303
00751B,元大AAA至A公司債,10,2,8,華南永昌-高雄,2023-09-14,9303
6182,合晶,11,3,8,華南永昌-高雄,2023-09-14,9303
00929,復華台灣科技優息,464,121,343,華南永昌-高雄,2023-09-15,9303
3715,定穎投控,113,12,101,華南永昌-高雄,2023-09-15,9303
00712,復華富時不動產,100,9,91,華南永昌-高雄,2023-09-15,9303
3481,群創,100,16,84,華南永昌-高雄,2023-09-15,9303
2449,京元電子,104,24,80,華南永昌-高雄,2023-09-15,9303
00919,群益台灣精選高息,149,71,78,華南永昌-高雄,2023-09-15,9303
2880,華南金,85,11,74,華南永昌-高雄,2023-09-15,9303
8112,至上,89,19,70,華南永昌-高雄,2023-09-15,9303
2641,正德,72,16,56,華南永昌-高雄,2023-09-15,9303
3323,加百裕,55,0,55,華南永昌-高雄,2023-09-15,9303
2891,中信金,57,4,53,華南永昌-高雄,2023-09-15,9303
00673R,期元大S＆P原油反1,50,1,49,華南永昌-高雄,2023-09-15,9303
1802,台玻,48,0,48,華南永昌-高雄,2023-09-15,9303
00900,富邦特選高股息30,47,0,47,華南永昌-高雄,2023-09-15,9303
2027,大成鋼,89,46,43,華南永昌-高雄,2023-09-15,9303
6104,創惟,44,2,42,華南永昌-高雄,2023-09-15,9303
1568,倉佑,49,11,38,華南永昌-高雄,2023-09-15,9303
2890,永豐金,54,16,38,華南永昌-高雄,2023-09-15,9303
00688L,國泰20年美債正2,36,0,36,華南永昌-高雄,2023-09-15,9303
2317,鴻海,43,10,33,華南永昌-高雄,2023-09-15,9303
2340,台亞,35,4,31,華南永昌-高雄,2023-09-15,9303
2312,金寶,31,2,29,華南永昌-高雄,2023-09-15,9303
00679B,元大美債20年,33,5,28,華南永昌-高雄,2023-09-15,9303
3035,智原,55,29,26,華南永昌-高雄,2023-09-15,9303
3024,憶聲,25,0,25,華南永昌-高雄,2023-09-15,9303
2630,亞航,31,7,24,華南永昌-高雄,2023-09-15,9303
2331,精英,34,10,24,華南永昌-高雄,2023-09-15,9303
2356,英業達,56,33,23,華南永昌-高雄,2023-09-15,9303
3709,鑫聯大投控,22,0,22,華南永昌-高雄,2023-09-15,9303
9946,三發地產,21,0,21,華南永昌-高雄,2023-09-15,9303
2405,輔信,29,8,21,華南永昌-高雄,2023-09-15,9303
2610,華航,35,14,21,華南永昌-高雄,2023-09-15,9303
2323,中環,21,0,21,華南永昌-高雄,2023-09-15,9303
2816,旺旺保,23,3,20,華南永昌-高雄,2023-09-15,9303
00898,國泰基因免疫革命,20,0,20,華南永昌-高雄,2023-09-15,9303
2367,燿華,21,1,20,華南永昌-高雄,2023-09-15,9303
00637L,元大滬深300正2,25,6,19,華南永昌-高雄,2023-09-15,9303
8215,明基材,19,0,19,華南永昌-高雄,2023-09-15,9303
6477,安集,21,2,19,華南永昌-高雄,2023-09-15,9303
5227,立凱-KY,28,10,18,華南永昌-高雄,2023-09-15,9303
00857B,永豐20年美公債,18,0,18,華南永昌-高雄,2023-09-15,9303
5483,中美晶,24,7,17,華南永昌-高雄,2023-09-15,9303
6274,台燿,29,13,16,華南永昌-高雄,2023-09-15,9303
1471,首利,22,6,16,華南永昌-高雄,2023-09-15,9303
2634,漢翔,22,7,15,華南永昌-高雄,2023-09-15,9303
00772B,中信高評級公司債,41,26,15,華南永昌-高雄,2023-09-15,9303
2834,臺企銀,26,12,14,華南永昌-高雄,2023-09-15,9303
2376,技嘉,18,5,13,華南永昌-高雄,2023-09-15,9303
3260,威剛,30,17,13,華南永昌-高雄,2023-09-15,9303
3163,波若威,85,73,12,華南永昌-高雄,2023-09-15,9303
00929,復華台灣科技優息,395,87,308,華南永昌-高雄,2023-09-18,9303
00919,群益台灣精選高息,184,6,178,華南永昌-高雄,2023-09-18,9303
00676R,富邦臺灣加權反1,100,0,100,華南永昌-高雄,2023-09-18,9303
2462,良得電,124,36,88,華南永昌-高雄,2023-09-18,9303
00688L,國泰20年美債正2,75,0,75,華南永昌-高雄,2023-09-18,9303
6284,佳邦,73,4,69,華南永昌-高雄,2023-09-18,9303
00918,大華優利高填息30,60,1,59,華南永昌-高雄,2023-09-18,9303
00751B,元大AAA至A公司債,78,26,52,華南永昌-高雄,2023-09-18,9303
00665L,富邦�琤肭磪囓�2,53,2,51,華南永昌-高雄,2023-09-18,9303
9958,世紀鋼,54,3,51,華南永昌-高雄,2023-09-18,9303
2356,英業達,65,16,49,華南永昌-高雄,2023-09-18,9303
00878,國泰永續高股息,92,47,45,華南永昌-高雄,2023-09-18,9303
00679B,元大美債20年,39,0,39,華南永昌-高雄,2023-09-18,9303
2913,農林,40,1,39,華南永昌-高雄,2023-09-18,9303
00915,凱基優選高股息30,57,24,33,華南永昌-高雄,2023-09-18,9303
00772B,中信高評級公司債,127,94,33,華南永昌-高雄,2023-09-18,9303
9904,寶成,32,0,32,華南永昌-高雄,2023-09-18,9303
2486,一詮,41,11,30,華南永昌-高雄,2023-09-18,9303
3231,緯創,58,29,29,華南永昌-高雄,2023-09-18,9303
00720B,元大投資級公司債,27,1,26,華南永昌-高雄,2023-09-18,9303
3034,聯詠,26,1,25,華南永昌-高雄,2023-09-18,9303
2329,華泰,25,0,25,華南永昌-高雄,2023-09-18,9303
2609,陽明,38,14,24,華南永昌-高雄,2023-09-18,9303
0056,元大高股息,26,2,24,華南永昌-高雄,2023-09-18,9303
2330,台積電,24,0,24,華南永昌-高雄,2023-09-18,9303
2880,華南金,23,0,23,華南永昌-高雄,2023-09-18,9303
4979,華星光,50,28,22,華南永昌-高雄,2023-09-18,9303
00931B,統一美債20年,21,0,21,華南永昌-高雄,2023-09-18,9303
00857B,永豐20年美公債,21,0,21,華南永昌-高雄,2023-09-18,9303
2606,裕民,33,12,21,華南永昌-高雄,2023-09-18,9303
2382,廣達,39,18,21,華南永昌-高雄,2023-09-18,9303
1449,佳和,20,0,20,華南永昌-高雄,2023-09-18,9303
00885,富邦越南,20,0,20,華南永昌-高雄,2023-09-18,9303
3311,閎暉,20,0,20,華南永昌-高雄,2023-09-18,9303
3234,光環,25,6,19,華南永昌-高雄,2023-09-18,9303
2303,聯電,20,2,18,華南永昌-高雄,2023-09-18,9303
3006,晶豪科,22,5,17,華南永昌-高雄,2023-09-18,9303
2376,技嘉,23,6,17,華南永昌-高雄,2023-09-18,9303
5306,桂盟,16,0,16,華南永昌-高雄,2023-09-18,9303
00773B,中信優先金融債,16,0,16,華南永昌-高雄,2023-09-18,9303
00687B,國泰20年美債,16,0,16,華南永昌-高雄,2023-09-18,9303
3325,旭品,15,0,15,華南永昌-高雄,2023-09-18,9303
00932,兆豐永續高息等權,15,0,15,華南永昌-高雄,2023-09-18,9303
8201,無敵,15,0,15,華南永昌-高雄,2023-09-18,9303
4714,永捷,17,2,15,華南永昌-高雄,2023-09-18,9303
3058,立德,18,3,15,華南永昌-高雄,2023-09-18,9303
2888,新光金,14,0,14,華南永昌-高雄,2023-09-18,9303
00902,中信電池及儲能,14,0,14,華南永昌-高雄,2023-09-18,9303
3666,光耀,16,2,14,華南永昌-高雄,2023-09-18,9303
2605,新興,29,16,13,華南永昌-高雄,2023-09-18,9303
00929,復華台灣科技優息,235,39,196,華南永昌-高雄,2023-09-19,9303
2884,玉山金,97,2,95,華南永昌-高雄,2023-09-19,9303
2881,富邦金,90,0,90,華南永昌-高雄,2023-09-19,9303
3005,神基,115,32,83,華南永昌-高雄,2023-09-19,9303
2002,中鋼,80,9,71,華南永昌-高雄,2023-09-19,9303
00919,群益台灣精選高息,73,2,71,華南永昌-高雄,2023-09-19,9303
2605,新興,61,4,57,華南永昌-高雄,2023-09-19,9303
2363,矽統,104,49,55,華南永昌-高雄,2023-09-19,9303
2105,正新,66,14,52,華南永昌-高雄,2023-09-19,9303
3265,台星科,148,96,52,華南永昌-高雄,2023-09-19,9303
00932,兆豐永續高息等權,48,0,48,華南永昌-高雄,2023-09-19,9303
00665L,富邦�琤肭磪囓�2,52,5,47,華南永昌-高雄,2023-09-19,9303
00688L,國泰20年美債正2,41,0,41,華南永昌-高雄,2023-09-19,9303
2880,華南金,70,30,40,華南永昌-高雄,2023-09-19,9303
00722B,群益投資級電信債,38,0,38,華南永昌-高雄,2023-09-19,9303
4207,環泰,36,0,36,華南永昌-高雄,2023-09-19,9303
1522,堤維西,51,16,35,華南永昌-高雄,2023-09-19,9303
2330,台積電,31,1,30,華南永昌-高雄,2023-09-19,9303
2610,華航,47,17,30,華南永昌-高雄,2023-09-19,9303
9946,三發地產,30,0,30,華南永昌-高雄,2023-09-19,9303
3231,緯創,78,51,27,華南永昌-高雄,2023-09-19,9303
00878,國泰永續高股息,30,3,27,華南永昌-高雄,2023-09-19,9303
6271,同欣電,26,0,26,華南永昌-高雄,2023-09-19,9303
00915,凱基優選高股息30,32,6,26,華南永昌-高雄,2023-09-19,9303
2409,友達,26,1,25,華南永昌-高雄,2023-09-19,9303
00679B,元大美債20年,24,0,24,華南永昌-高雄,2023-09-19,9303
2641,正德,25,2,23,華南永昌-高雄,2023-09-19,9303
00673R,期元大S＆P原油反1,23,0,23,華南永昌-高雄,2023-09-19,9303
2408,南亞科,28,6,22,華南永昌-高雄,2023-09-19,9303
3481,群創,39,18,21,華南永昌-高雄,2023-09-19,9303
2614,東森,21,1,20,華南永昌-高雄,2023-09-19,9303
6477,安集,20,0,20,華南永昌-高雄,2023-09-19,9303
1471,首利,22,3,19,華南永昌-高雄,2023-09-19,9303
00888,永豐台灣ESG,19,0,19,華南永昌-高雄,2023-09-19,9303
2425,承啟,83,64,19,華南永昌-高雄,2023-09-19,9303
4979,華星光,50,32,18,華南永昌-高雄,2023-09-19,9303
2637,慧洋-KY,46,28,18,華南永昌-高雄,2023-09-19,9303
1907,永豐餘,17,0,17,華南永昌-高雄,2023-09-19,9303
2356,英業達,32,16,16,華南永昌-高雄,2023-09-19,9303
2303,聯電,20,4,16,華南永昌-高雄,2023-09-19,9303
2332,友訊,37,21,16,華南永昌-高雄,2023-09-19,9303
00902,中信電池及儲能,16,0,16,華南永昌-高雄,2023-09-19,9303
00637L,元大滬深300正2,23,7,16,華南永昌-高雄,2023-09-19,9303
00713,元大台灣高息低波,16,1,15,華南永昌-高雄,2023-09-19,9303
4944,兆遠,18,4,14,華南永昌-高雄,2023-09-19,9303
1504,東元,21,7,14,華南永昌-高雄,2023-09-19,9303
3024,憶聲,14,0,14,華南永昌-高雄,2023-09-19,9303
3289,宜特,13,0,13,華南永昌-高雄,2023-09-19,9303
2401,凌陽,16,3,13,華南永昌-高雄,2023-09-19,9303
6550,北極星藥業-KY,20,8,12,華南永昌-高雄,2023-09-19,9303
00929,復華台灣科技優息,448,226,222,華南永昌-高雄,2023-09-20,9303
1316,上曜,219,2,217,華南永昌-高雄,2023-09-20,9303
00688L,國泰20年美債正2,80,0,80,華南永昌-高雄,2023-09-20,9303
2882,國泰金,84,10,74,華南永昌-高雄,2023-09-20,9303
3036,文曄,214,143,71,華南永昌-高雄,2023-09-20,9303
2344,華邦電,76,9,67,華南永昌-高雄,2023-09-20,9303
2618,長榮航,79,29,50,華南永昌-高雄,2023-09-20,9303
8086,宏捷科,50,1,49,華南永昌-高雄,2023-09-20,9303
00915,凱基優選高股息30,43,0,43,華南永昌-高雄,2023-09-20,9303
00932,兆豐永續高息等權,43,0,43,華南永昌-高雄,2023-09-20,9303
2883,凱基金,48,5,43,華南永昌-高雄,2023-09-20,9303
00919,群益台灣精選高息,104,63,41,華南永昌-高雄,2023-09-20,9303
3024,憶聲,40,0,40,華南永昌-高雄,2023-09-20,9303
2888,新光金,33,0,33,華南永昌-高雄,2023-09-20,9303
2630,亞航,55,23,32,華南永昌-高雄,2023-09-20,9303
2356,英業達,94,62,32,華南永昌-高雄,2023-09-20,9303
2340,台亞,40,8,32,華南永昌-高雄,2023-09-20,9303
1604,聲寶,31,0,31,華南永昌-高雄,2023-09-20,9303
2449,京元電子,35,5,30,華南永昌-高雄,2023-09-20,9303
2442,新美齊,30,0,30,華南永昌-高雄,2023-09-20,9303
3709,鑫聯大投控,30,0,30,華南永昌-高雄,2023-09-20,9303
00679B,元大美債20年,29,0,29,華南永昌-高雄,2023-09-20,9303
6182,合晶,34,8,26,華南永昌-高雄,2023-09-20,9303
00921,兆豐龍頭等權重,26,0,26,華南永昌-高雄,2023-09-20,9303
2371,大同,27,2,25,華南永昌-高雄,2023-09-20,9303
6216,居易,25,0,25,華南永昌-高雄,2023-09-20,9303
00878,國泰永續高股息,29,4,25,華南永昌-高雄,2023-09-20,9303
1605,華新,44,23,21,華南永昌-高雄,2023-09-20,9303
3264,欣銓,21,1,20,華南永昌-高雄,2023-09-20,9303
00715L,期街口布蘭特正2,20,0,20,華南永昌-高雄,2023-09-20,9303
2303,聯電,30,11,19,華南永昌-高雄,2023-09-20,9303
5215,科嘉-KY,19,0,19,華南永昌-高雄,2023-09-20,9303
2614,東森,19,1,18,華南永昌-高雄,2023-09-20,9303
6139,亞翔,18,0,18,華南永昌-高雄,2023-09-20,9303
2330,台積電,18,0,18,華南永昌-高雄,2023-09-20,9303
00751B,元大AAA至A公司債,26,9,17,華南永昌-高雄,2023-09-20,9303
3078,僑威,18,1,17,華南永昌-高雄,2023-09-20,9303
0056,元大高股息,17,1,16,華南永昌-高雄,2023-09-20,9303
2313,華通,107,91,16,華南永昌-高雄,2023-09-20,9303
2354,鴻準,17,2,15,華南永昌-高雄,2023-09-20,9303
2401,凌陽,28,14,14,華南永昌-高雄,2023-09-20,9303
2332,友訊,46,32,14,華南永昌-高雄,2023-09-20,9303
3037,欣興,15,1,14,華南永昌-高雄,2023-09-20,9303
3234,光環,13,0,13,華南永昌-高雄,2023-09-20,9303
2436,偉詮電,17,4,13,華南永昌-高雄,2023-09-20,9303
2892,第一金,13,0,13,華南永昌-高雄,2023-09-20,9303
1101,台泥,22,9,13,華南永昌-高雄,2023-09-20,9303
2338,光罩,17,5,12,華南永昌-高雄,2023-09-20,9303
9958,世紀鋼,12,0,12,華南永昌-高雄,2023-09-20,9303
00918,大華優利高填息30,12,0,12,華南永昌-高雄,2023-09-20,9303
00929,復華台灣科技優息,316,112,204,華南永昌-高雄,2023-09-21,9303
00676R,富邦臺灣加權反1,100,0,100,華南永昌-高雄,2023-09-21,9303
3715,定穎投控,191,112,79,華南永昌-高雄,2023-09-21,9303
2882,國泰金,70,0,70,華南永昌-高雄,2023-09-21,9303
00878,國泰永續高股息,77,10,67,華南永昌-高雄,2023-09-21,9303
6901,鑽石投資,76,11,65,華南永昌-高雄,2023-09-21,9303
3276,宇環,71,11,60,華南永昌-高雄,2023-09-21,9303
2615,萬海,57,0,57,華南永昌-高雄,2023-09-21,9303
2891,中信金,80,25,55,華南永昌-高雄,2023-09-21,9303
2834,臺企銀,52,0,52,華南永昌-高雄,2023-09-21,9303
2363,矽統,72,21,51,華南永昌-高雄,2023-09-21,9303
2002,中鋼,49,2,47,華南永昌-高雄,2023-09-21,9303
1101,台泥,47,0,47,華南永昌-高雄,2023-09-21,9303
00919,群益台灣精選高息,86,42,44,華南永昌-高雄,2023-09-21,9303
2888,新光金,49,9,40,華南永昌-高雄,2023-09-21,9303
00679B,元大美債20年,47,10,37,華南永昌-高雄,2023-09-21,9303
2610,華航,50,13,37,華南永昌-高雄,2023-09-21,9303
1604,聲寶,36,0,36,華南永昌-高雄,2023-09-21,9303
2317,鴻海,38,6,32,華南永昌-高雄,2023-09-21,9303
00688L,國泰20年美債正2,41,10,31,華南永昌-高雄,2023-09-21,9303
9924,福興,31,0,31,華南永昌-高雄,2023-09-21,9303
2330,台積電,37,8,29,華南永昌-高雄,2023-09-21,9303
2883,凱基金,38,9,29,華南永昌-高雄,2023-09-21,9303
3024,憶聲,28,0,28,華南永昌-高雄,2023-09-21,9303
0056,元大高股息,52,27,25,華南永昌-高雄,2023-09-21,9303
00923,群益台ESG低碳50,28,5,23,華南永昌-高雄,2023-09-21,9303
0050,元大台灣50,23,0,23,華南永昌-高雄,2023-09-21,9303
00888,永豐台灣ESG,21,0,21,華南永昌-高雄,2023-09-21,9303
2890,永豐金,22,1,21,華南永昌-高雄,2023-09-21,9303
8028,昇陽半導體,21,0,21,華南永昌-高雄,2023-09-21,9303
1504,東元,21,2,19,華南永昌-高雄,2023-09-21,9303
3045,台灣大,18,0,18,華南永昌-高雄,2023-09-21,9303
1303,南亞,18,0,18,華南永昌-高雄,2023-09-21,9303
2449,京元電子,30,12,18,華南永昌-高雄,2023-09-21,9303
2634,漢翔,17,0,17,華南永昌-高雄,2023-09-21,9303
00712,復華富時不動產,17,0,17,華南永昌-高雄,2023-09-21,9303
3450,聯鈞,73,56,17,華南永昌-高雄,2023-09-21,9303
2881,富邦金,16,0,16,華南永昌-高雄,2023-09-21,9303
00631L,元大台灣50正2,16,0,16,華南永昌-高雄,2023-09-21,9303
00900,富邦特選高股息30,16,0,16,華南永昌-高雄,2023-09-21,9303
6016,康和證,16,0,16,華南永昌-高雄,2023-09-21,9303
00773B,中信優先金融債,15,0,15,華南永昌-高雄,2023-09-21,9303
1717,長興,15,0,15,華南永昌-高雄,2023-09-21,9303
2312,金寶,15,0,15,華南永昌-高雄,2023-09-21,9303
1522,堤維西,15,0,15,華南永昌-高雄,2023-09-21,9303
3265,台星科,24,9,15,華南永昌-高雄,2023-09-21,9303
5880,合庫金,15,0,15,華南永昌-高雄,2023-09-21,9303
2612,中航,18,4,14,華南永昌-高雄,2023-09-21,9303
2641,正德,26,12,14,華南永昌-高雄,2023-09-21,9303
2880,華南金,24,10,14,華南永昌-高雄,2023-09-21,9303
00720B,元大投資級公司債,243,0,243,華南永昌-高雄,2023-09-22,9303
2610,華航,211,7,204,華南永昌-高雄,2023-09-22,9303
00676R,富邦臺灣加權反1,100,0,100,華南永昌-高雄,2023-09-22,9303
2883,凱基金,90,0,90,華南永昌-高雄,2023-09-22,9303
00679B,元大美債20年,89,5,84,華南永昌-高雄,2023-09-22,9303
00919,群益台灣精選高息,84,5,79,華南永昌-高雄,2023-09-22,9303
3438,類比科,62,2,60,華南永昌-高雄,2023-09-22,9303
00929,復華台灣科技優息,164,109,55,華南永昌-高雄,2023-09-22,9303
3363,上詮,100,54,46,華南永昌-高雄,2023-09-22,9303
3056,富華新,61,16,45,華南永昌-高雄,2023-09-22,9303
3709,鑫聯大投控,45,3,42,華南永昌-高雄,2023-09-22,9303
00772B,中信高評級公司債,153,111,42,華南永昌-高雄,2023-09-22,9303
3450,聯鈞,79,38,41,華南永昌-高雄,2023-09-22,9303
3149,正達,41,0,41,華南永昌-高雄,2023-09-22,9303
00712,復華富時不動產,39,2,37,華南永昌-高雄,2023-09-22,9303
4908,前鼎,76,43,33,華南永昌-高雄,2023-09-22,9303
2881,富邦金,30,0,30,華南永昌-高雄,2023-09-22,9303
2891,中信金,38,10,28,華南永昌-高雄,2023-09-22,9303
00680L,元大美債20正2,26,0,26,華南永昌-高雄,2023-09-22,9303
1314,中石化,25,0,25,華南永昌-高雄,2023-09-22,9303
6715,嘉基,24,0,24,華南永昌-高雄,2023-09-22,9303
00773B,中信優先金融債,24,0,24,華南永昌-高雄,2023-09-22,9303
2371,大同,31,7,24,華南永昌-高雄,2023-09-22,9303
00915,凱基優選高股息30,24,0,24,華南永昌-高雄,2023-09-22,9303
2352,佳世達,26,2,24,華南永昌-高雄,2023-09-22,9303
3338,泰碩,30,8,22,華南永昌-高雄,2023-09-22,9303
2330,台積電,22,1,21,華南永昌-高雄,2023-09-22,9303
00931B,統一美債20年,24,3,21,華南永昌-高雄,2023-09-22,9303
2890,永豐金,20,0,20,華南永昌-高雄,2023-09-22,9303
00687B,國泰20年美債,19,0,19,華南永昌-高雄,2023-09-22,9303
2605,新興,19,1,18,華南永昌-高雄,2023-09-22,9303
2630,亞航,20,2,18,華南永昌-高雄,2023-09-22,9303
9928,中視,17,0,17,華南永昌-高雄,2023-09-22,9303
1101,台泥,20,3,17,華南永昌-高雄,2023-09-22,9303
00799B,國泰A級醫療債,15,0,15,華南永昌-高雄,2023-09-22,9303
2303,聯電,20,5,15,華南永昌-高雄,2023-09-22,9303
1444,力麗,15,1,14,華南永昌-高雄,2023-09-22,9303
00885,富邦越南,13,0,13,華南永昌-高雄,2023-09-22,9303
2316,楠梓電,24,11,13,華南永昌-高雄,2023-09-22,9303
3265,台星科,20,7,13,華南永昌-高雄,2023-09-22,9303
00655L,國泰中國A50正2,12,0,12,華南永昌-高雄,2023-09-22,9303
00857B,永豐20年美公債,12,0,12,華南永昌-高雄,2023-09-22,9303
2485,兆赫,12,1,11,華南永昌-高雄,2023-09-22,9303
1313,聯成,10,0,10,華南永昌-高雄,2023-09-22,9303
1471,首利,10,0,10,華南永昌-高雄,2023-09-22,9303
4127,天良,10,0,10,華南永昌-高雄,2023-09-22,9303
2367,燿華,22,12,10,華南永昌-高雄,2023-09-22,9303
00764B,群益25年美債,9,0,9,華南永昌-高雄,2023-09-22,9303
2538,基泰,10,1,9,華南永昌-高雄,2023-09-22,9303
4911,德英,9,0,9,華南永昌-高雄,2023-09-22,9303
4739,康普,264,3,261,華南永昌-高雄,2023-09-25,9303
2538,基泰,80,0,80,華南永昌-高雄,2023-09-25,9303
4542,科嶠,68,2,66,華南永昌-高雄,2023-09-25,9303
1101,台泥,65,0,65,華南永昌-高雄,2023-09-25,9303
3715,定穎投控,233,175,58,華南永昌-高雄,2023-09-25,9303
00929,復華台灣科技優息,83,27,56,華南永昌-高雄,2023-09-25,9303
00679B,元大美債20年,55,5,50,華南永昌-高雄,2023-09-25,9303
2363,矽統,73,26,47,華南永昌-高雄,2023-09-25,9303
2367,燿華,53,8,45,華南永昌-高雄,2023-09-25,9303
4916,事欣科,30,1,29,華南永昌-高雄,2023-09-25,9303
2641,正德,30,2,28,華南永昌-高雄,2023-09-25,9303
00919,群益台灣精選高息,27,1,26,華南永昌-高雄,2023-09-25,9303
1504,東元,42,17,25,華南永昌-高雄,2023-09-25,9303
2618,長榮航,40,15,25,華南永昌-高雄,2023-09-25,9303
3056,富華新,41,16,25,華南永昌-高雄,2023-09-25,9303
4768,晶呈科技,25,1,24,華南永昌-高雄,2023-09-25,9303
6530,創威,23,0,23,華南永昌-高雄,2023-09-25,9303
3035,智原,36,14,22,華南永昌-高雄,2023-09-25,9303
2392,正崴,28,6,22,華南永昌-高雄,2023-09-25,9303
2002,中鋼,20,0,20,華南永昌-高雄,2023-09-25,9303
00688L,國泰20年美債正2,20,0,20,華南永昌-高雄,2023-09-25,9303
00795B,中信美國公債20年,20,0,20,華南永昌-高雄,2023-09-25,9303
3706,神達,56,38,18,華南永昌-高雄,2023-09-25,9303
2354,鴻準,21,4,17,華南永昌-高雄,2023-09-25,9303
6155,鈞寶,19,2,17,華南永昌-高雄,2023-09-25,9303
6491,晶碩,29,13,16,華南永昌-高雄,2023-09-25,9303
3583,辛耘,32,16,16,華南永昌-高雄,2023-09-25,9303
00665L,富邦�琤肭磪囓�2,15,0,15,華南永昌-高雄,2023-09-25,9303
2542,興富發,14,0,14,華南永昌-高雄,2023-09-25,9303
8112,至上,63,49,14,華南永昌-高雄,2023-09-25,9303
00751B,元大AAA至A公司債,16,3,13,華南永昌-高雄,2023-09-25,9303
2344,華邦電,15,2,13,華南永昌-高雄,2023-09-25,9303
2316,楠梓電,14,1,13,華南永昌-高雄,2023-09-25,9303
2882,國泰金,11,0,11,華南永昌-高雄,2023-09-25,9303
2376,技嘉,31,20,11,華南永昌-高雄,2023-09-25,9303
3090,日電貿,11,0,11,華南永昌-高雄,2023-09-25,9303
2516,新建,11,0,11,華南永昌-高雄,2023-09-25,9303
2880,華南金,11,1,10,華南永昌-高雄,2023-09-25,9303
2382,廣達,21,11,10,華南永昌-高雄,2023-09-25,9303
3236,千如,10,0,10,華南永昌-高雄,2023-09-25,9303
6477,安集,10,0,10,華南永昌-高雄,2023-09-25,9303
2014,中鴻,14,4,10,華南永昌-高雄,2023-09-25,9303
2313,華通,19,9,10,華南永昌-高雄,2023-09-25,9303
6285,啟��,15,5,10,華南永昌-高雄,2023-09-25,9303
2883,凱基金,13,3,10,華南永昌-高雄,2023-09-25,9303
3163,波若威,32,22,10,華南永昌-高雄,2023-09-25,9303
5452,佶優,10,0,10,華南永昌-高雄,2023-09-25,9303
2314,台揚,11,1,10,華南永昌-高雄,2023-09-25,9303
6139,亞翔,29,19,10,華南永昌-高雄,2023-09-25,9303
5880,合庫金,10,0,10,華南永昌-高雄,2023-09-25,9303
00676R,富邦臺灣加權反1,100,0,100,華南永昌-高雄,2023-09-26,9303
00919,群益台灣精選高息,77,1,76,華南永昌-高雄,2023-09-26,9303
00679B,元大美債20年,90,26,64,華南永昌-高雄,2023-09-26,9303
3715,定穎投控,177,114,63,華南永昌-高雄,2023-09-26,9303
2834,臺企銀,75,23,52,華南永昌-高雄,2023-09-26,9303
1721,三晃,45,0,45,華南永昌-高雄,2023-09-26,9303
2356,英業達,47,6,41,華南永昌-高雄,2023-09-26,9303
2884,玉山金,39,3,36,華南永昌-高雄,2023-09-26,9303
3019,亞光,34,0,34,華南永昌-高雄,2023-09-26,9303
2303,聯電,33,2,31,華南永昌-高雄,2023-09-26,9303
3481,群創,36,5,31,華南永昌-高雄,2023-09-26,9303
6204,艾華,31,1,30,華南永昌-高雄,2023-09-26,9303
2883,凱基金,32,3,29,華南永昌-高雄,2023-09-26,9303
3311,閎暉,29,0,29,華南永昌-高雄,2023-09-26,9303
2317,鴻海,31,3,28,華南永昌-高雄,2023-09-26,9303
00878,國泰永續高股息,31,4,27,華南永昌-高雄,2023-09-26,9303
1524,耿鼎,53,26,27,華南永昌-高雄,2023-09-26,9303
2880,華南金,26,0,26,華南永昌-高雄,2023-09-26,9303
2002,中鋼,30,7,23,華南永昌-高雄,2023-09-26,9303
00857B,永豐20年美公債,22,0,22,華南永昌-高雄,2023-09-26,9303
2634,漢翔,23,1,22,華南永昌-高雄,2023-09-26,9303
1304,台聚,21,0,21,華南永昌-高雄,2023-09-26,9303
00688L,國泰20年美債正2,21,0,21,華南永昌-高雄,2023-09-26,9303
0056,元大高股息,23,2,21,華南永昌-高雄,2023-09-26,9303
00687B,國泰20年美債,21,1,20,華南永昌-高雄,2023-09-26,9303
8454,富邦媒,20,0,20,華南永昌-高雄,2023-09-26,9303
00772B,中信高評級公司債,129,109,20,華南永昌-高雄,2023-09-26,9303
8938,明安,38,18,20,華南永昌-高雄,2023-09-26,9303
2312,金寶,19,0,19,華南永昌-高雄,2023-09-26,9303
3709,鑫聯大投控,19,0,19,華南永昌-高雄,2023-09-26,9303
6732,昇佳電子,22,4,18,華南永昌-高雄,2023-09-26,9303
00929,復華台灣科技優息,90,72,18,華南永昌-高雄,2023-09-26,9303
00931B,統一美債20年,24,7,17,華南永昌-高雄,2023-09-26,9303
00712,復華富時不動產,17,0,17,華南永昌-高雄,2023-09-26,9303
1514,亞力,22,5,17,華南永昌-高雄,2023-09-26,9303
00680L,元大美債20正2,15,0,15,華南永昌-高雄,2023-09-26,9303
2344,華邦電,19,4,15,華南永昌-高雄,2023-09-26,9303
2409,友達,14,0,14,華南永昌-高雄,2023-09-26,9303
3711,日月光投控,14,0,14,華南永昌-高雄,2023-09-26,9303
2368,金像電,22,8,14,華南永昌-高雄,2023-09-26,9303
1303,南亞,14,0,14,華南永昌-高雄,2023-09-26,9303
2881,富邦金,14,1,13,華南永昌-高雄,2023-09-26,9303
0050,元大台灣50,14,1,13,華南永昌-高雄,2023-09-26,9303
3231,緯創,41,28,13,華南永昌-高雄,2023-09-26,9303
3450,聯鈞,50,37,13,華南永昌-高雄,2023-09-26,9303
00923,群益台ESG低碳50,13,0,13,華南永昌-高雄,2023-09-26,9303
2201,裕隆,17,5,12,華南永昌-高雄,2023-09-26,9303
2489,瑞軒,11,0,11,華南永昌-高雄,2023-09-26,9303
00888,永豐台灣ESG,11,0,11,華南永昌-高雄,2023-09-26,9303
00891,中信關鍵半導體,11,0,11,華南永昌-高雄,2023-09-26,9303
00929,復華台灣科技優息,163,7,156,華南永昌-高雄,2023-09-27,9303
6139,亞翔,79,8,71,華南永昌-高雄,2023-09-27,9303
2002,中鋼,86,25,61,華南永昌-高雄,2023-09-27,9303
00919,群益台灣精選高息,49,0,49,華南永昌-高雄,2023-09-27,9303
3036,文曄,106,57,49,華南永昌-高雄,2023-09-27,9303
1504,東元,32,3,29,華南永昌-高雄,2023-09-27,9303
2888,新光金,25,0,25,華南永昌-高雄,2023-09-27,9303
2303,聯電,27,2,25,華南永昌-高雄,2023-09-27,9303
00679B,元大美債20年,21,0,21,華南永昌-高雄,2023-09-27,9303
00688L,國泰20年美債正2,20,0,20,華南永昌-高雄,2023-09-27,9303
2883,凱基金,22,3,19,華南永昌-高雄,2023-09-27,9303
2610,華航,20,2,18,華南永昌-高雄,2023-09-27,9303
6405,悅城,19,1,18,華南永昌-高雄,2023-09-27,9303
00932,兆豐永續高息等權,17,0,17,華南永昌-高雄,2023-09-27,9303
1609,大亞,45,28,17,華南永昌-高雄,2023-09-27,9303
2516,新建,17,0,17,華南永昌-高雄,2023-09-27,9303
2542,興富發,16,0,16,華南永昌-高雄,2023-09-27,9303
1216,統一,18,2,16,華南永昌-高雄,2023-09-27,9303
4127,天良,16,0,16,華南永昌-高雄,2023-09-27,9303
3520,華盈,16,0,16,華南永昌-高雄,2023-09-27,9303
3037,欣興,18,2,16,華南永昌-高雄,2023-09-27,9303
00878,國泰永續高股息,17,2,15,華南永昌-高雄,2023-09-27,9303
4114,健喬,15,0,15,華南永昌-高雄,2023-09-27,9303
3481,群創,18,3,15,華南永昌-高雄,2023-09-27,9303
2323,中環,14,0,14,華南永昌-高雄,2023-09-27,9303
1711,永光,13,0,13,華南永昌-高雄,2023-09-27,9303
2014,中鴻,25,13,12,華南永昌-高雄,2023-09-27,9303
2884,玉山金,14,2,12,華南永昌-高雄,2023-09-27,9303
3025,星通,12,0,12,華南永昌-高雄,2023-09-27,9303
2314,台揚,11,0,11,華南永昌-高雄,2023-09-27,9303
3078,僑威,11,0,11,華南永昌-高雄,2023-09-27,9303
1514,亞力,14,3,11,華南永昌-高雄,2023-09-27,9303
2889,國票金,10,0,10,華南永昌-高雄,2023-09-27,9303
3363,上詮,26,16,10,華南永昌-高雄,2023-09-27,9303
00930,永豐ESG低碳高息,10,0,10,華南永昌-高雄,2023-09-27,9303
1323,永裕,10,0,10,華南永昌-高雄,2023-09-27,9303
00923,群益台ESG低碳50,10,0,10,華南永昌-高雄,2023-09-27,9303
1101,台泥,9,0,9,華南永昌-高雄,2023-09-27,9303
1409,新纖,9,0,9,華南永昌-高雄,2023-09-27,9303
2603,長榮,9,0,9,華南永昌-高雄,2023-09-27,9303
1513,中興電,8,0,8,華南永昌-高雄,2023-09-27,9303
00673R,期元大S＆P原油反1,10,2,8,華南永昌-高雄,2023-09-27,9303
00772B,中信高評級公司債,70,62,8,華南永昌-高雄,2023-09-27,9303
5347,世界,7,0,7,華南永昌-高雄,2023-09-27,9303
1301,台塑,7,0,7,華南永昌-高雄,2023-09-27,9303
8938,明安,13,6,7,華南永昌-高雄,2023-09-27,9303
6168,宏齊,7,0,7,華南永昌-高雄,2023-09-27,9303
2340,台亞,11,4,7,華南永昌-高雄,2023-09-27,9303
1605,華新,11,5,6,華南永昌-高雄,2023-09-27,9303
2891,中信金,8,2,6,華南永昌-高雄,2023-09-27,9303
2017,官田鋼,221,4,217,華南永昌-高雄,2023-09-28,9303
3709,鑫聯大投控,209,0,209,華南永昌-高雄,2023-09-28,9303
2834,臺企銀,111,5,106,華南永昌-高雄,2023-09-28,9303
2002,中鋼,108,12,96,華南永昌-高雄,2023-09-28,9303
3231,緯創,106,40,66,華南永昌-高雄,2023-09-28,9303
3260,威剛,66,3,63,華南永昌-高雄,2023-09-28,9303
2880,華南金,63,0,63,華南永昌-高雄,2023-09-28,9303
00919,群益台灣精選高息,63,1,62,華南永昌-高雄,2023-09-28,9303
2610,華航,67,5,62,華南永昌-高雄,2023-09-28,9303
00929,復華台灣科技優息,84,23,61,華南永昌-高雄,2023-09-28,9303
00715L,期街口布蘭特正2,60,5,55,華南永昌-高雄,2023-09-28,9303
1815,富喬,57,3,54,華南永昌-高雄,2023-09-28,9303
4542,科嶠,112,58,54,華南永昌-高雄,2023-09-28,9303
1608,華榮,50,0,50,華南永昌-高雄,2023-09-28,9303
9950,萬國通,48,1,47,華南永昌-高雄,2023-09-28,9303
1471,首利,42,2,40,華南永昌-高雄,2023-09-28,9303
00673R,期元大S＆P原油反1,40,0,40,華南永昌-高雄,2023-09-28,9303
00878,國泰永續高股息,28,1,27,華南永昌-高雄,2023-09-28,9303
00712,復華富時不動產,37,10,27,華南永昌-高雄,2023-09-28,9303
2885,元大金,26,0,26,華南永昌-高雄,2023-09-28,9303
6155,鈞寶,27,2,25,華南永昌-高雄,2023-09-28,9303
6204,艾華,25,0,25,華南永昌-高雄,2023-09-28,9303
1216,統一,23,0,23,華南永昌-高雄,2023-09-28,9303
2408,南亞科,44,22,22,華南永昌-高雄,2023-09-28,9303
00857B,永豐20年美公債,22,0,22,華南永昌-高雄,2023-09-28,9303
3017,奇鋐,33,11,22,華南永昌-高雄,2023-09-28,9303
8255,朋程,23,2,21,華南永昌-高雄,2023-09-28,9303
1524,耿鼎,28,7,21,華南永昌-高雄,2023-09-28,9303
00885,富邦越南,21,0,21,華南永昌-高雄,2023-09-28,9303
2313,華通,48,27,21,華南永昌-高雄,2023-09-28,9303
2201,裕隆,48,30,18,華南永昌-高雄,2023-09-28,9303
00679B,元大美債20年,20,2,18,華南永昌-高雄,2023-09-28,9303
3481,群創,46,29,17,華南永昌-高雄,2023-09-28,9303
2344,華邦電,28,12,16,華南永昌-高雄,2023-09-28,9303
2364,倫飛,16,0,16,華南永昌-高雄,2023-09-28,9303
00772B,中信高評級公司債,120,104,16,華南永昌-高雄,2023-09-28,9303
3450,聯鈞,50,36,14,華南永昌-高雄,2023-09-28,9303
4763,材料-KY,14,0,14,華南永昌-高雄,2023-09-28,9303
3704,合勤控,17,3,14,華南永昌-高雄,2023-09-28,9303
3056,富華新,13,0,13,華南永昌-高雄,2023-09-28,9303
00687B,國泰20年美債,14,1,13,華南永昌-高雄,2023-09-28,9303
2382,廣達,55,43,12,華南永昌-高雄,2023-09-28,9303
00931B,統一美債20年,15,3,12,華南永昌-高雄,2023-09-28,9303
2353,宏��,12,0,12,華南永昌-高雄,2023-09-28,9303
3711,日月光投控,12,0,12,華南永昌-高雄,2023-09-28,9303
2618,長榮航,21,9,12,華南永昌-高雄,2023-09-28,9303
1340,勝悅-KY,10,0,10,華南永昌-高雄,2023-09-28,9303
2356,英業達,35,25,10,華南永昌-高雄,2023-09-28,9303
00650L,復華香港正2,10,0,10,華南永昌-高雄,2023-09-28,9303
1323,永裕,10,0,10,華南永昌-高雄,2023-09-28,9303
2002,中鋼,130,5,125,華南永昌-高雄,2023-10-02,9303
00676R,富邦臺灣加權反1,100,0,100,華南永昌-高雄,2023-10-02,9303
3032,偉訓,103,9,94,華南永昌-高雄,2023-10-02,9303
00712,復華富時不動產,91,0,91,華南永昌-高雄,2023-10-02,9303
2409,友達,92,14,78,華南永昌-高雄,2023-10-02,9303
910861,神州-DR,62,0,62,華南永昌-高雄,2023-10-02,9303
00929,復華台灣科技優息,83,24,59,華南永昌-高雄,2023-10-02,9303
6282,康舒,56,8,48,華南永昌-高雄,2023-10-02,9303
2618,長榮航,47,1,46,華南永昌-高雄,2023-10-02,9303
2382,廣達,106,62,44,華南永昌-高雄,2023-10-02,9303
2888,新光金,40,0,40,華南永昌-高雄,2023-10-02,9303
2367,燿華,40,3,37,華南永昌-高雄,2023-10-02,9303
2201,裕隆,60,30,30,華南永昌-高雄,2023-10-02,9303
1609,大亞,56,26,30,華南永昌-高雄,2023-10-02,9303
4979,華星光,37,9,28,華南永昌-高雄,2023-10-02,9303
1471,首利,36,8,28,華南永昌-高雄,2023-10-02,9303
1785,光洋科,27,0,27,華南永昌-高雄,2023-10-02,9303
2442,新美齊,26,0,26,華南永昌-高雄,2023-10-02,9303
2324,仁寶,29,3,26,華南永昌-高雄,2023-10-02,9303
00772B,中信高評級公司債,131,109,22,華南永昌-高雄,2023-10-02,9303
2363,矽統,71,51,20,華南永昌-高雄,2023-10-02,9303
00857B,永豐20年美公債,20,0,20,華南永昌-高雄,2023-10-02,9303
2890,永豐金,20,0,20,華南永昌-高雄,2023-10-02,9303
2801,彰銀,20,0,20,華南永昌-高雄,2023-10-02,9303
4127,天良,18,0,18,華南永昌-高雄,2023-10-02,9303
2329,華泰,97,80,17,華南永昌-高雄,2023-10-02,9303
00722B,群益投資級電信債,19,2,17,華南永昌-高雄,2023-10-02,9303
2891,中信金,16,0,16,華南永昌-高雄,2023-10-02,9303
00665L,富邦�琤肭磪囓�2,16,0,16,華南永昌-高雄,2023-10-02,9303
00720B,元大投資級公司債,16,0,16,華南永昌-高雄,2023-10-02,9303
1303,南亞,15,0,15,華南永昌-高雄,2023-10-02,9303
4572,駐龍,15,0,15,華南永昌-高雄,2023-10-02,9303
1213,大飲,15,0,15,華南永昌-高雄,2023-10-02,9303
3325,旭品,20,6,14,華南永昌-高雄,2023-10-02,9303
4162,智擎,15,1,14,華南永昌-高雄,2023-10-02,9303
2354,鴻準,14,1,13,華南永昌-高雄,2023-10-02,9303
6139,亞翔,25,12,13,華南永昌-高雄,2023-10-02,9303
1101,台泥,12,0,12,華南永昌-高雄,2023-10-02,9303
2880,華南金,12,0,12,華南永昌-高雄,2023-10-02,9303
2605,新興,13,1,12,華南永昌-高雄,2023-10-02,9303
6415,矽力*-KY,12,0,12,華南永昌-高雄,2023-10-02,9303
6550,北極星藥業-KY,20,8,12,華南永昌-高雄,2023-10-02,9303
3481,群創,25,14,11,華南永昌-高雄,2023-10-02,9303
1319,東陽,13,2,11,華南永昌-高雄,2023-10-02,9303
9907,統一實,11,0,11,華南永昌-高雄,2023-10-02,9303
6442,光聖,13,3,10,華南永昌-高雄,2023-10-02,9303
4114,健喬,10,0,10,華南永昌-高雄,2023-10-02,9303
1305,華夏,10,0,10,華南永昌-高雄,2023-10-02,9303
00688L,國泰20年美債正2,10,0,10,華南永昌-高雄,2023-10-02,9303
00640L,富邦日本正2,10,0,10,華南永昌-高雄,2023-10-02,9303
2834,臺企銀,250,30,220,華南永昌-高雄,2023-10-03,9303
8936,國統,203,46,157,華南永昌-高雄,2023-10-03,9303
00919,群益台灣精選高息,90,5,85,華南永昌-高雄,2023-10-03,9303
2409,友達,111,28,83,華南永昌-高雄,2023-10-03,9303
00712,復華富時不動產,63,2,61,華南永昌-高雄,2023-10-03,9303
00929,復華台灣科技優息,119,61,58,華南永昌-高雄,2023-10-03,9303
2356,英業達,68,12,56,華南永昌-高雄,2023-10-03,9303
0056,元大高股息,55,4,51,華南永昌-高雄,2023-10-03,9303
6531,愛普*,61,10,51,華南永昌-高雄,2023-10-03,9303
1809,中釉,50,0,50,華南永昌-高雄,2023-10-03,9303
2630,亞航,49,3,46,華南永昌-高雄,2023-10-03,9303
2719,燦星旅,45,0,45,華南永昌-高雄,2023-10-03,9303
1815,富喬,63,19,44,華南永昌-高雄,2023-10-03,9303
00637L,元大滬深300正2,44,0,44,華南永昌-高雄,2023-10-03,9303
2364,倫飛,47,4,43,華南永昌-高雄,2023-10-03,9303
2880,華南金,42,2,40,華南永昌-高雄,2023-10-03,9303
00922,國泰台灣領袖50,40,0,40,華南永昌-高雄,2023-10-03,9303
2417,圓剛,46,8,38,華南永昌-高雄,2023-10-03,9303
3260,威剛,66,31,35,華南永昌-高雄,2023-10-03,9303
1584,精剛,31,1,30,華南永昌-高雄,2023-10-03,9303
3481,群創,64,35,29,華南永昌-高雄,2023-10-03,9303
2317,鴻海,29,1,28,華南永昌-高雄,2023-10-03,9303
2888,新光金,42,15,27,華南永昌-高雄,2023-10-03,9303
8112,至上,42,16,26,華南永昌-高雄,2023-10-03,9303
00772B,中信高評級公司債,131,105,26,華南永昌-高雄,2023-10-03,9303
2382,廣達,59,34,25,華南永昌-高雄,2023-10-03,9303
3325,旭品,100,75,25,華南永昌-高雄,2023-10-03,9303
00720B,元大投資級公司債,34,10,24,華南永昌-高雄,2023-10-03,9303
1463,強盛新,23,0,23,華南永昌-高雄,2023-10-03,9303
2002,中鋼,34,11,23,華南永昌-高雄,2023-10-03,9303
00878,國泰永續高股息,27,5,22,華南永昌-高雄,2023-10-03,9303
3231,緯創,88,66,22,華南永昌-高雄,2023-10-03,9303
00923,群益台ESG低碳50,32,10,22,華南永昌-高雄,2023-10-03,9303
00885,富邦越南,24,3,21,華南永昌-高雄,2023-10-03,9303
5469,瀚宇博,20,0,20,華南永昌-高雄,2023-10-03,9303
2615,萬海,21,2,19,華南永昌-高雄,2023-10-03,9303
2618,長榮航,37,19,18,華南永昌-高雄,2023-10-03,9303
2313,華通,38,20,18,華南永昌-高雄,2023-10-03,9303
1301,台塑,17,0,17,華南永昌-高雄,2023-10-03,9303
3322,建舜電,28,11,17,華南永昌-高雄,2023-10-03,9303
2367,燿華,33,16,17,華南永昌-高雄,2023-10-03,9303
3013,晟銘電,45,28,17,華南永昌-高雄,2023-10-03,9303
2201,裕隆,18,1,17,華南永昌-高雄,2023-10-03,9303
3265,台星科,18,1,17,華南永昌-高雄,2023-10-03,9303
4908,前鼎,27,11,16,華南永昌-高雄,2023-10-03,9303
2329,華泰,125,109,16,華南永昌-高雄,2023-10-03,9303
8390,金益鼎,15,0,15,華南永昌-高雄,2023-10-03,9303
00751B,元大AAA至A公司債,23,8,15,華南永昌-高雄,2023-10-03,9303
4906,正文,16,1,15,華南永昌-高雄,2023-10-03,9303
2427,三商電,19,4,15,華南永昌-高雄,2023-10-03,9303
2880,華南金,169,10,159,華南永昌-高雄,2023-10-04,9303
2442,新美齊,125,1,124,華南永昌-高雄,2023-10-04,9303
00929,復華台灣科技優息,121,7,114,華南永昌-高雄,2023-10-04,9303
2888,新光金,83,2,81,華南永昌-高雄,2023-10-04,9303
2867,三商壽,75,0,75,華南永昌-高雄,2023-10-04,9303
00679B,元大美債20年,177,111,66,華南永昌-高雄,2023-10-04,9303
2409,友達,68,6,62,華南永昌-高雄,2023-10-04,9303
2891,中信金,60,0,60,華南永昌-高雄,2023-10-04,9303
1616,億泰,59,0,59,華南永昌-高雄,2023-10-04,9303
00919,群益台灣精選高息,53,0,53,華南永昌-高雄,2023-10-04,9303
2303,聯電,52,2,50,華南永昌-高雄,2023-10-04,9303
3231,緯創,63,20,43,華南永昌-高雄,2023-10-04,9303
2002,中鋼,213,170,43,華南永昌-高雄,2023-10-04,9303
00712,復華富時不動產,87,44,43,華南永昌-高雄,2023-10-04,9303
8936,國統,37,0,37,華南永昌-高雄,2023-10-04,9303
00720B,元大投資級公司債,36,0,36,華南永昌-高雄,2023-10-04,9303
00857B,永豐20年美公債,35,0,35,華南永昌-高雄,2023-10-04,9303
00878,國泰永續高股息,51,17,34,華南永昌-高雄,2023-10-04,9303
2344,華邦電,33,0,33,華南永昌-高雄,2023-10-04,9303
1216,統一,31,0,31,華南永昌-高雄,2023-10-04,9303
2317,鴻海,38,7,31,華南永昌-高雄,2023-10-04,9303
4533,協易機,30,0,30,華南永昌-高雄,2023-10-04,9303
5009,榮剛,29,0,29,華南永昌-高雄,2023-10-04,9303
1303,南亞,29,0,29,華南永昌-高雄,2023-10-04,9303
1301,台塑,29,1,28,華南永昌-高雄,2023-10-04,9303
2330,台積電,28,0,28,華南永昌-高雄,2023-10-04,9303
3481,群創,27,0,27,華南永昌-高雄,2023-10-04,9303
2417,圓剛,39,12,27,華南永昌-高雄,2023-10-04,9303
2834,臺企銀,29,3,26,華南永昌-高雄,2023-10-04,9303
2913,農林,25,0,25,華南永昌-高雄,2023-10-04,9303
2634,漢翔,25,0,25,華南永昌-高雄,2023-10-04,9303
00898,國泰基因免疫革命,23,0,23,華南永昌-高雄,2023-10-04,9303
00772B,中信高評級公司債,144,122,22,華南永昌-高雄,2023-10-04,9303
00922,國泰台灣領袖50,22,0,22,華南永昌-高雄,2023-10-04,9303
2892,第一金,22,1,21,華南永昌-高雄,2023-10-04,9303
1313,聯成,20,0,20,華南永昌-高雄,2023-10-04,9303
00680L,元大美債20正2,20,0,20,華南永昌-高雄,2023-10-04,9303
2881,富邦金,19,0,19,華南永昌-高雄,2023-10-04,9303
00637L,元大滬深300正2,23,4,19,華南永昌-高雄,2023-10-04,9303
2884,玉山金,19,0,19,華南永昌-高雄,2023-10-04,9303
2313,華通,38,20,18,華南永昌-高雄,2023-10-04,9303
2630,亞航,22,6,16,華南永昌-高雄,2023-10-04,9303
5880,合庫金,15,0,15,華南永昌-高雄,2023-10-04,9303
00907,永豐優息存股,15,0,15,華南永昌-高雄,2023-10-04,9303
3260,威剛,32,17,15,華南永昌-高雄,2023-10-04,9303
00885,富邦越南,19,4,15,華南永昌-高雄,2023-10-04,9303
00888,永豐台灣ESG,14,0,14,華南永昌-高雄,2023-10-04,9303
6274,台燿,16,2,14,華南永昌-高雄,2023-10-04,9303
2886,兆豐金,13,0,13,華南永昌-高雄,2023-10-04,9303
00631L,元大台灣50正2,13,0,13,華南永昌-高雄,2023-10-04,9303
9105,泰金寶-DR,1861,41,1820,華南永昌-高雄,2023-10-05,9303
2834,臺企銀,93,2,91,華南永昌-高雄,2023-10-05,9303
00712,復華富時不動產,84,9,75,華南永昌-高雄,2023-10-05,9303
2618,長榮航,108,48,60,華南永昌-高雄,2023-10-05,9303
6443,元晶,60,2,58,華南永昌-高雄,2023-10-05,9303
1584,精剛,57,0,57,華南永昌-高雄,2023-10-05,9303
00679B,元大美債20年,57,2,55,華南永昌-高雄,2023-10-05,9303
9802,鈺齊-KY,53,2,51,華南永昌-高雄,2023-10-05,9303
2236,百達-KY,46,0,46,華南永昌-高雄,2023-10-05,9303
1909,榮成,41,1,40,華南永昌-高雄,2023-10-05,9303
4542,科嶠,51,17,34,華南永昌-高雄,2023-10-05,9303
00720B,元大投資級公司債,32,0,32,華南永昌-高雄,2023-10-05,9303
2883,凱基金,29,0,29,華南永昌-高雄,2023-10-05,9303
1815,富喬,46,17,29,華南永昌-高雄,2023-10-05,9303
2538,基泰,49,21,28,華南永昌-高雄,2023-10-05,9303
00922,國泰台灣領袖50,22,0,22,華南永昌-高雄,2023-10-05,9303
2363,矽統,30,10,20,華南永昌-高雄,2023-10-05,9303
8112,至上,28,8,20,華南永昌-高雄,2023-10-05,9303
3037,欣興,21,2,19,華南永昌-高雄,2023-10-05,9303
3122,笙泉,26,7,19,華南永昌-高雄,2023-10-05,9303
6550,北極星藥業-KY,30,12,18,華南永昌-高雄,2023-10-05,9303
3231,緯創,50,33,17,華南永昌-高雄,2023-10-05,9303
4958,臻鼎-KY,17,0,17,華南永昌-高雄,2023-10-05,9303
6442,光聖,18,2,16,華南永昌-高雄,2023-10-05,9303
6139,亞翔,20,4,16,華南永昌-高雄,2023-10-05,9303
3059,華晶科,16,0,16,華南永昌-高雄,2023-10-05,9303
4979,華星光,17,2,15,華南永昌-高雄,2023-10-05,9303
2405,輔信,16,1,15,華南永昌-高雄,2023-10-05,9303
2606,裕民,18,3,15,華南永昌-高雄,2023-10-05,9303
3715,定穎投控,60,46,14,華南永昌-高雄,2023-10-05,9303
00772B,中信高評級公司債,55,42,13,華南永昌-高雄,2023-10-05,9303
6446,藥華藥,15,2,13,華南永昌-高雄,2023-10-05,9303
1319,東陽,22,9,13,華南永昌-高雄,2023-10-05,9303
6274,台燿,26,15,11,華南永昌-高雄,2023-10-05,9303
00795B,中信美國公債20年,11,0,11,華南永昌-高雄,2023-10-05,9303
3044,健鼎,12,1,11,華南永昌-高雄,2023-10-05,9303
5469,瀚宇博,10,0,10,華南永昌-高雄,2023-10-05,9303
3163,波若威,21,11,10,華南永昌-高雄,2023-10-05,9303
3669,圓展,16,6,10,華南永昌-高雄,2023-10-05,9303
3078,僑威,10,1,9,華南永昌-高雄,2023-10-05,9303
3530,晶相光,20,11,9,華南永昌-高雄,2023-10-05,9303
3706,神達,13,4,9,華南永昌-高雄,2023-10-05,9303
3380,明泰,10,2,8,華南永昌-高雄,2023-10-05,9303
2316,楠梓電,8,0,8,華南永昌-高雄,2023-10-05,9303
2421,建準,8,0,8,華南永昌-高雄,2023-10-05,9303
2634,漢翔,10,2,8,華南永昌-高雄,2023-10-05,9303
6531,愛普*,8,0,8,華南永昌-高雄,2023-10-05,9303
00931B,統一美債20年,13,5,8,華南永昌-高雄,2023-10-05,9303
1603,華電,11,3,8,華南永昌-高雄,2023-10-05,9303
2382,廣達,28,21,7,華南永昌-高雄,2023-10-05,9303
2618,長榮航,252,13,239,華南永昌-高雄,2023-10-06,9303
2610,華航,212,3,209,華南永昌-高雄,2023-10-06,9303
3013,晟銘電,454,255,199,華南永昌-高雄,2023-10-06,9303
4155,訊映,133,0,133,華南永昌-高雄,2023-10-06,9303
00929,復華台灣科技優息,98,2,96,華南永昌-高雄,2023-10-06,9303
2329,華泰,147,96,51,華南永昌-高雄,2023-10-06,9303
00632R,元大台灣50反1,50,0,50,華南永昌-高雄,2023-10-06,9303
00712,復華富時不動產,41,4,37,華南永昌-高雄,2023-10-06,9303
4127,天良,36,0,36,華南永昌-高雄,2023-10-06,9303
2409,友達,53,20,33,華南永昌-高雄,2023-10-06,9303
00878,國泰永續高股息,37,6,31,華南永昌-高雄,2023-10-06,9303
3450,聯鈞,38,8,30,華南永昌-高雄,2023-10-06,9303
8938,明安,29,0,29,華南永昌-高雄,2023-10-06,9303
6443,元晶,31,4,27,華南永昌-高雄,2023-10-06,9303
3481,群創,24,1,23,華南永昌-高雄,2023-10-06,9303
0056,元大高股息,21,3,18,華南永昌-高雄,2023-10-06,9303
2399,映泰,24,6,18,華南永昌-高雄,2023-10-06,9303
6274,台燿,33,15,18,華南永昌-高雄,2023-10-06,9303
6220,岳豐,17,0,17,華南永昌-高雄,2023-10-06,9303
2883,凱基金,16,0,16,華南永昌-高雄,2023-10-06,9303
3019,亞光,15,0,15,華南永昌-高雄,2023-10-06,9303
6223,旺矽,15,0,15,華南永昌-高雄,2023-10-06,9303
9933,中鼎,15,0,15,華南永昌-高雄,2023-10-06,9303
4714,永捷,23,8,15,華南永昌-高雄,2023-10-06,9303
8027,鈦昇,15,0,15,華南永昌-高雄,2023-10-06,9303
00679B,元大美債20年,36,21,15,華南永昌-高雄,2023-10-06,9303
9950,萬國通,16,1,15,華南永昌-高雄,2023-10-06,9303
6712,長聖,15,0,15,華南永昌-高雄,2023-10-06,9303
00931B,統一美債20年,15,0,15,華南永昌-高雄,2023-10-06,9303
2236,百達-KY,34,20,14,華南永昌-高雄,2023-10-06,9303
1101,台泥,13,0,13,華南永昌-高雄,2023-10-06,9303
3037,欣興,13,0,13,華南永昌-高雄,2023-10-06,9303
5347,世界,15,2,13,華南永昌-高雄,2023-10-06,9303
4526,東台,12,0,12,華南永昌-高雄,2023-10-06,9303
2371,大同,12,0,12,華南永昌-高雄,2023-10-06,9303
2427,三商電,22,11,11,華南永昌-高雄,2023-10-06,9303
6531,愛普*,12,1,11,華南永昌-高雄,2023-10-06,9303
4543,萬在,14,3,11,華南永昌-高雄,2023-10-06,9303
1609,大亞,22,11,11,華南永昌-高雄,2023-10-06,9303
3704,合勤控,10,0,10,華南永昌-高雄,2023-10-06,9303
5469,瀚宇博,10,0,10,華南永昌-高雄,2023-10-06,9303
2634,漢翔,11,1,10,華南永昌-高雄,2023-10-06,9303
910861,神州-DR,10,0,10,華南永昌-高雄,2023-10-06,9303
00799B,國泰A級醫療債,10,0,10,華南永昌-高雄,2023-10-06,9303
1616,億泰,10,0,10,華南永昌-高雄,2023-10-06,9303
00696B,富邦美債20年,10,0,10,華南永昌-高雄,2023-10-06,9303
5426,振發,11,1,10,華南永昌-高雄,2023-10-06,9303
3051,力特,15,5,10,華南永昌-高雄,2023-10-06,9303
6451,訊芯-KY,19,9,10,華南永昌-高雄,2023-10-06,9303
2313,華通,10,1,9,華南永昌-高雄,2023-10-06,9303
2363,矽統,392,142,250,華南永昌-高雄,2023-10-11,9303
3231,緯創,173,50,123,華南永昌-高雄,2023-10-11,9303
2364,倫飛,105,3,102,華南永昌-高雄,2023-10-11,9303
2444,兆勁,100,0,100,華南永昌-高雄,2023-10-11,9303
6213,聯茂,82,4,78,華南永昌-高雄,2023-10-11,9303
00919,群益台灣精選高息,163,101,62,華南永昌-高雄,2023-10-11,9303
3038,全台,52,0,52,華南永昌-高雄,2023-10-11,9303
3481,群創,43,2,41,華南永昌-高雄,2023-10-11,9303
3438,類比科,29,0,29,華南永昌-高雄,2023-10-11,9303
1584,精剛,29,1,28,華南永昌-高雄,2023-10-11,9303
4714,永捷,36,9,27,華南永昌-高雄,2023-10-11,9303
2610,華航,28,4,24,華南永昌-高雄,2023-10-11,9303
2603,長榮,33,11,22,華南永昌-高雄,2023-10-11,9303
2392,正崴,23,1,22,華南永昌-高雄,2023-10-11,9303
2421,建準,28,7,21,華南永昌-高雄,2023-10-11,9303
00712,復華富時不動產,24,3,21,華南永昌-高雄,2023-10-11,9303
3019,亞光,21,0,21,華南永昌-高雄,2023-10-11,9303
4207,環泰,20,0,20,華南永昌-高雄,2023-10-11,9303
2637,慧洋-KY,19,0,19,華南永昌-高雄,2023-10-11,9303
3122,笙泉,22,3,19,華南永昌-高雄,2023-10-11,9303
3325,旭品,25,6,19,華南永昌-高雄,2023-10-11,9303
6530,創威,20,2,18,華南永昌-高雄,2023-10-11,9303
3047,訊舟,17,0,17,華南永昌-高雄,2023-10-11,9303
00922,國泰台灣領袖50,28,11,17,華南永昌-高雄,2023-10-11,9303
3576,聯合再生,19,3,16,華南永昌-高雄,2023-10-11,9303
5469,瀚宇博,16,0,16,華南永昌-高雄,2023-10-11,9303
00632R,元大台灣50反1,66,50,16,華南永昌-高雄,2023-10-11,9303
3005,神基,15,0,15,華南永昌-高雄,2023-10-11,9303
00673R,期元大S＆P原油反1,17,2,15,華南永昌-高雄,2023-10-11,9303
3006,晶豪科,26,11,15,華南永昌-高雄,2023-10-11,9303
6550,北極星藥業-KY,16,1,15,華南永昌-高雄,2023-10-11,9303
00679B,元大美債20年,15,1,14,華南永昌-高雄,2023-10-11,9303
3028,增你強,13,0,13,華南永昌-高雄,2023-10-11,9303
6108,競國,13,0,13,華南永昌-高雄,2023-10-11,9303
6712,長聖,14,1,13,華南永昌-高雄,2023-10-11,9303
2913,農林,15,3,12,華南永昌-高雄,2023-10-11,9303
00665L,富邦�琤肭磪囓�2,12,0,12,華南永昌-高雄,2023-10-11,9303
00720B,元大投資級公司債,12,0,12,華南永昌-高雄,2023-10-11,9303
2376,技嘉,21,10,11,華南永昌-高雄,2023-10-11,9303
2356,英業達,88,77,11,華南永昌-高雄,2023-10-11,9303
00671R,富邦NASDAQ反1,11,0,11,華南永昌-高雄,2023-10-11,9303
00722B,群益投資級電信債,11,0,11,華南永昌-高雄,2023-10-11,9303
2332,友訊,13,2,11,華南永昌-高雄,2023-10-11,9303
2323,中環,11,0,11,華南永昌-高雄,2023-10-11,9303
5864,致和證,11,0,11,華南永昌-高雄,2023-10-11,9303
6770,力積電,11,1,10,華南永昌-高雄,2023-10-11,9303
1734,杏輝,10,0,10,華南永昌-高雄,2023-10-11,9303
6275,元山,10,0,10,華南永昌-高雄,2023-10-11,9303
3276,宇環,15,5,10,華南永昌-高雄,2023-10-11,9303
4934,太極,10,0,10,華南永昌-高雄,2023-10-11,9303
00929,復華台灣科技優息,232,34,198,華南永昌-高雄,2023-10-12,9303
00712,復華富時不動產,62,1,61,華南永昌-高雄,2023-10-12,9303
3709,鑫聯大投控,60,0,60,華南永昌-高雄,2023-10-12,9303
00688L,國泰20年美債正2,55,0,55,華南永昌-高雄,2023-10-12,9303
3715,定穎投控,209,160,49,華南永昌-高雄,2023-10-12,9303
4908,前鼎,117,76,41,華南永昌-高雄,2023-10-12,9303
2881,富邦金,35,0,35,華南永昌-高雄,2023-10-12,9303
2606,裕民,33,1,32,華南永昌-高雄,2023-10-12,9303
1463,強盛新,32,0,32,華南永昌-高雄,2023-10-12,9303
6275,元山,30,0,30,華南永昌-高雄,2023-10-12,9303
6139,亞翔,31,1,30,華南永昌-高雄,2023-10-12,9303
2444,兆勁,28,0,28,華南永昌-高雄,2023-10-12,9303
00922,國泰台灣領袖50,27,2,25,華南永昌-高雄,2023-10-12,9303
8390,金益鼎,21,0,21,華南永昌-高雄,2023-10-12,9303
1909,榮成,21,0,21,華南永昌-高雄,2023-10-12,9303
3685,元創精密,20,0,20,華南永昌-高雄,2023-10-12,9303
2303,聯電,28,9,19,華南永昌-高雄,2023-10-12,9303
4563,百德,19,0,19,華南永昌-高雄,2023-10-12,9303
8436,大江,19,0,19,華南永昌-高雄,2023-10-12,9303
00679B,元大美債20年,28,11,17,華南永昌-高雄,2023-10-12,9303
00671R,富邦NASDAQ反1,17,0,17,華南永昌-高雄,2023-10-12,9303
2465,麗臺,36,19,17,華南永昌-高雄,2023-10-12,9303
00715L,期街口布蘭特正2,16,0,16,華南永昌-高雄,2023-10-12,9303
2356,英業達,62,48,14,華南永昌-高雄,2023-10-12,9303
00919,群益台灣精選高息,16,2,14,華南永昌-高雄,2023-10-12,9303
2542,興富發,14,0,14,華南永昌-高雄,2023-10-12,9303
2468,華經,17,3,14,華南永昌-高雄,2023-10-12,9303
3450,聯鈞,29,15,14,華南永昌-高雄,2023-10-12,9303
2605,新興,15,2,13,華南永昌-高雄,2023-10-12,9303
00696B,富邦美債20年,13,0,13,華南永昌-高雄,2023-10-12,9303
00665L,富邦�琤肭磪囓�2,13,0,13,華南永昌-高雄,2023-10-12,9303
2888,新光金,36,23,13,華南永昌-高雄,2023-10-12,9303
2880,華南金,35,23,12,華南永昌-高雄,2023-10-12,9303
3014,聯陽,12,0,12,華南永昌-高雄,2023-10-12,9303
2104,國際中橡,11,0,11,華南永昌-高雄,2023-10-12,9303
2355,敬鵬,11,0,11,華南永昌-高雄,2023-10-12,9303
1795,美時,14,4,10,華南永昌-高雄,2023-10-12,9303
8033,雷虎,10,0,10,華南永昌-高雄,2023-10-12,9303
5608,四維航,11,1,10,華南永昌-高雄,2023-10-12,9303
00720B,元大投資級公司債,9,0,9,華南永昌-高雄,2023-10-12,9303
1303,南亞,10,1,9,華南永昌-高雄,2023-10-12,9303
3013,晟銘電,24,15,9,華南永昌-高雄,2023-10-12,9303
6168,宏齊,11,2,9,華南永昌-高雄,2023-10-12,9303
6285,啟��,14,5,9,華南永昌-高雄,2023-10-12,9303
3518,柏騰,8,0,8,華南永昌-高雄,2023-10-12,9303
3704,合勤控,9,1,8,華南永昌-高雄,2023-10-12,9303
6182,合晶,12,4,8,華南永昌-高雄,2023-10-12,9303
00927,群益半導體收益,11,3,8,華南永昌-高雄,2023-10-12,9303
6122,擎邦,8,0,8,華南永昌-高雄,2023-10-12,9303
2352,佳世達,9,2,7,華南永昌-高雄,2023-10-12,9303
1718,中纖,100,0,100,華南永昌-高雄,2023-10-13,9303
9950,萬國通,101,2,99,華南永昌-高雄,2023-10-13,9303
00673R,期元大S＆P原油反1,100,4,96,華南永昌-高雄,2023-10-13,9303
3363,上詮,122,38,84,華南永昌-高雄,2023-10-13,9303
2409,友達,87,6,81,華南永昌-高雄,2023-10-13,9303
6216,居易,75,0,75,華南永昌-高雄,2023-10-13,9303
0056,元大高股息,69,1,68,華南永昌-高雄,2023-10-13,9303
2618,長榮航,65,0,65,華南永昌-高雄,2023-10-13,9303
00878,國泰永續高股息,69,5,64,華南永昌-高雄,2023-10-13,9303
2364,倫飛,61,4,57,華南永昌-高雄,2023-10-13,9303
00922,國泰台灣領袖50,56,1,55,華南永昌-高雄,2023-10-13,9303
1216,統一,51,0,51,華南永昌-高雄,2023-10-13,9303
1809,中釉,50,0,50,華南永昌-高雄,2023-10-13,9303
6139,亞翔,71,30,41,華南永昌-高雄,2023-10-13,9303
8390,金益鼎,36,0,36,華南永昌-高雄,2023-10-13,9303
3231,緯創,83,48,35,華南永昌-高雄,2023-10-13,9303
3034,聯詠,35,2,33,華南永昌-高雄,2023-10-13,9303
3715,定穎投控,61,29,32,華南永昌-高雄,2023-10-13,9303
00679B,元大美債20年,28,0,28,華南永昌-高雄,2023-10-13,9303
2486,一詮,30,3,27,華南永昌-高雄,2023-10-13,9303
3025,星通,31,5,26,華南永昌-高雄,2023-10-13,9303
4542,科嶠,25,0,25,華南永昌-高雄,2023-10-13,9303
00919,群益台灣精選高息,31,7,24,華南永昌-高雄,2023-10-13,9303
3287,廣寰科,23,0,23,華南永昌-高雄,2023-10-13,9303
2371,大同,21,0,21,華南永昌-高雄,2023-10-13,9303
2312,金寶,21,0,21,華南永昌-高雄,2023-10-13,9303
8996,高力,24,4,20,華南永昌-高雄,2023-10-13,9303
3236,千如,20,0,20,華南永昌-高雄,2023-10-13,9303
2324,仁寶,20,0,20,華南永昌-高雄,2023-10-13,9303
00637L,元大滬深300正2,21,1,20,華南永昌-高雄,2023-10-13,9303
2356,英業達,69,52,17,華南永昌-高雄,2023-10-13,9303
2329,華泰,146,129,17,華南永昌-高雄,2023-10-13,9303
00857B,永豐20年美公債,17,0,17,華南永昌-高雄,2023-10-13,9303
00795B,中信美國公債20年,16,0,16,華南永昌-高雄,2023-10-13,9303
00830,國泰費城半導體,17,1,16,華南永昌-高雄,2023-10-13,9303
2880,華南金,16,1,15,華南永昌-高雄,2023-10-13,9303
8088,品安,17,2,15,華南永昌-高雄,2023-10-13,9303
2376,技嘉,23,9,14,華南永昌-高雄,2023-10-13,9303
3059,華晶科,17,3,14,華南永昌-高雄,2023-10-13,9303
3038,全台,14,0,14,華南永昌-高雄,2023-10-13,9303
2301,光寶科,19,7,12,華南永昌-高雄,2023-10-13,9303
00931B,統一美債20年,11,0,11,華南永昌-高雄,2023-10-13,9303
2419,仲琦,11,0,11,華南永昌-高雄,2023-10-13,9303
00888,永豐台灣ESG,11,0,11,華南永昌-高雄,2023-10-13,9303
3481,群創,14,4,10,華南永昌-高雄,2023-10-13,9303
3313,斐成,12,2,10,華南永昌-高雄,2023-10-13,9303
9933,中鼎,10,0,10,華南永昌-高雄,2023-10-13,9303
1101,台泥,16,6,10,華南永昌-高雄,2023-10-13,9303
2353,宏��,10,0,10,華南永昌-高雄,2023-10-13,9303
2498,宏達電,10,0,10,華南永昌-高雄,2023-10-13,9303
2618,長榮航,135,0,135,華南永昌-高雄,2023-10-16,9303
00929,復華台灣科技優息,116,2,114,華南永昌-高雄,2023-10-16,9303
2344,華邦電,116,6,110,華南永昌-高雄,2023-10-16,9303
00919,群益台灣精選高息,96,6,90,華南永昌-高雄,2023-10-16,9303
5215,科嘉-KY,90,3,87,華南永昌-高雄,2023-10-16,9303
2515,中工,117,36,81,華南永昌-高雄,2023-10-16,9303
2610,華航,66,2,64,華南永昌-高雄,2023-10-16,9303
00712,復華富時不動產,54,1,53,華南永昌-高雄,2023-10-16,9303
6235,華孚,52,2,50,華南永昌-高雄,2023-10-16,9303
00673R,期元大S＆P原油反1,50,0,50,華南永昌-高雄,2023-10-16,9303
0056,元大高股息,58,10,48,華南永昌-高雄,2023-10-16,9303
3038,全台,45,0,45,華南永昌-高雄,2023-10-16,9303
3481,群創,51,7,44,華南永昌-高雄,2023-10-16,9303
5347,世界,38,0,38,華南永昌-高雄,2023-10-16,9303
3325,旭品,39,2,37,華南永昌-高雄,2023-10-16,9303
6770,力積電,43,7,36,華南永昌-高雄,2023-10-16,9303
5009,榮剛,37,5,32,華南永昌-高雄,2023-10-16,9303
2371,大同,30,0,30,華南永昌-高雄,2023-10-16,9303
2201,裕隆,56,28,28,華南永昌-高雄,2023-10-16,9303
1605,華新,30,4,26,華南永昌-高雄,2023-10-16,9303
8088,品安,24,0,24,華南永昌-高雄,2023-10-16,9303
3545,敦泰,26,4,22,華南永昌-高雄,2023-10-16,9303
00878,國泰永續高股息,24,4,20,華南永昌-高雄,2023-10-16,9303
9950,萬國通,23,3,20,華南永昌-高雄,2023-10-16,9303
00882,中信中國高股息,17,0,17,華南永昌-高雄,2023-10-16,9303
00637L,元大滬深300正2,17,0,17,華南永昌-高雄,2023-10-16,9303
3231,緯創,80,64,16,華南永昌-高雄,2023-10-16,9303
6274,台燿,18,1,17,華南永昌-高雄,2023-10-16,9303
2606,裕民,16,0,16,華南永昌-高雄,2023-10-16,9303
2002,中鋼,18,3,15,華南永昌-高雄,2023-10-16,9303
4967,十銓,21,6,15,華南永昌-高雄,2023-10-16,9303
3706,神達,17,2,15,華南永昌-高雄,2023-10-16,9303
00922,國泰台灣領袖50,21,8,13,華南永昌-高雄,2023-10-16,9303
4743,合一,13,0,13,華南永昌-高雄,2023-10-16,9303
8222,寶一,14,1,13,華南永昌-高雄,2023-10-16,9303
8155,博智,13,0,13,華南永昌-高雄,2023-10-16,9303
6415,矽力*-KY,13,1,12,華南永昌-高雄,2023-10-16,9303
1442,名軒,12,0,12,華南永昌-高雄,2023-10-16,9303
8390,金益鼎,14,2,12,華南永昌-高雄,2023-10-16,9303
3019,亞光,12,0,12,華南永昌-高雄,2023-10-16,9303
00720B,元大投資級公司債,11,0,11,華南永昌-高雄,2023-10-16,9303
3017,奇鋐,14,3,11,華南永昌-高雄,2023-10-16,9303
5880,合庫金,11,0,11,華南永昌-高雄,2023-10-16,9303
1586,和勤,11,0,11,華南永昌-高雄,2023-10-16,9303
6530,創威,13,2,11,華南永昌-高雄,2023-10-16,9303
2356,英業達,27,17,10,華南永昌-高雄,2023-10-16,9303
1584,精剛,21,11,10,華南永昌-高雄,2023-10-16,9303
4127,天良,10,0,10,華南永昌-高雄,2023-10-16,9303
2465,麗臺,11,1,10,華南永昌-高雄,2023-10-16,9303
2511,太子,10,0,10,華南永昌-高雄,2023-10-16,9303
00929,復華台灣科技優息,427,48,379,華南永昌-高雄,2023-10-17,9303
0056,元大高股息,175,18,157,華南永昌-高雄,2023-10-17,9303
8176,智捷,106,6,100,華南永昌-高雄,2023-10-17,9303
2236,百達-KY,113,21,92,華南永昌-高雄,2023-10-17,9303
3231,緯創,190,103,87,華南永昌-高雄,2023-10-17,9303
3038,全台,76,0,76,華南永昌-高雄,2023-10-17,9303
00915,凱基優選高股息30,70,0,70,華南永昌-高雄,2023-10-17,9303
6770,力積電,72,6,66,華南永昌-高雄,2023-10-17,9303
2363,矽統,1227,1164,63,華南永昌-高雄,2023-10-17,9303
00687B,國泰20年美債,46,0,46,華南永昌-高雄,2023-10-17,9303
6219,富旺,45,0,45,華南永昌-高雄,2023-10-17,9303
2409,友達,39,4,35,華南永昌-高雄,2023-10-17,9303
2201,裕隆,45,11,34,華南永昌-高雄,2023-10-17,9303
1442,名軒,34,0,34,華南永昌-高雄,2023-10-17,9303
2641,正德,31,0,31,華南永昌-高雄,2023-10-17,9303
1471,首利,33,2,31,華南永昌-高雄,2023-10-17,9303
6182,合晶,30,0,30,華南永昌-高雄,2023-10-17,9303
5439,高技,44,15,29,華南永昌-高雄,2023-10-17,9303
9105,泰金寶-DR,28,1,27,華南永昌-高雄,2023-10-17,9303
4102,永日,56,29,27,華南永昌-高雄,2023-10-17,9303
00712,復華富時不動產,32,5,27,華南永昌-高雄,2023-10-17,9303
2323,中環,96,70,26,華南永昌-高雄,2023-10-17,9303
1514,亞力,40,16,24,華南永昌-高雄,2023-10-17,9303
3709,鑫聯大投控,57,33,24,華南永昌-高雄,2023-10-17,9303
3481,群創,34,11,23,華南永昌-高雄,2023-10-17,9303
2002,中鋼,23,1,22,華南永昌-高雄,2023-10-17,9303
5213,亞昕,20,0,20,華南永昌-高雄,2023-10-17,9303
00931B,統一美債20年,17,0,17,華南永昌-高雄,2023-10-17,9303
2867,三商壽,16,0,16,華南永昌-高雄,2023-10-17,9303
2425,承啟,80,64,16,華南永昌-高雄,2023-10-17,9303
2637,慧洋-KY,15,0,15,華南永昌-高雄,2023-10-17,9303
1584,精剛,36,21,15,華南永昌-高雄,2023-10-17,9303
1815,富喬,15,1,14,華南永昌-高雄,2023-10-17,9303
1609,大亞,14,1,13,華南永昌-高雄,2023-10-17,9303
2442,新美齊,13,0,13,華南永昌-高雄,2023-10-17,9303
1504,東元,13,1,12,華南永昌-高雄,2023-10-17,9303
00772B,中信高評級公司債,130,118,12,華南永昌-高雄,2023-10-17,9303
2426,鼎元,12,0,12,華南永昌-高雄,2023-10-17,9303
3576,聯合再生,15,4,11,華南永昌-高雄,2023-10-17,9303
00679B,元大美債20年,11,0,11,華南永昌-高雄,2023-10-17,9303
3363,上詮,19,8,11,華南永昌-高雄,2023-10-17,9303
2601,益航,11,0,11,華南永昌-高雄,2023-10-17,9303
00722B,群益投資級電信債,11,0,11,華南永昌-高雄,2023-10-17,9303
2332,友訊,12,2,10,華南永昌-高雄,2023-10-17,9303
2017,官田鋼,10,0,10,華南永昌-高雄,2023-10-17,9303
2316,楠梓電,12,2,10,華南永昌-高雄,2023-10-17,9303
2506,太設,10,0,10,華南永昌-高雄,2023-10-17,9303
5009,榮剛,11,1,10,華南永昌-高雄,2023-10-17,9303
2356,英業達,62,53,9,華南永昌-高雄,2023-10-17,9303
1101,台泥,10,1,9,華南永昌-高雄,2023-10-17,9303
0056,元大高股息,567,40,527,華南永昌-高雄,2023-10-18,9303
2369,菱生,214,17,197,華南永昌-高雄,2023-10-18,9303
00878,國泰永續高股息,167,8,159,華南永昌-高雄,2023-10-18,9303
00929,復華台灣科技優息,160,7,153,華南永昌-高雄,2023-10-18,9303
3038,全台,78,0,78,華南永昌-高雄,2023-10-18,9303
5381,合正,71,0,71,華南永昌-高雄,2023-10-18,9303
1471,首利,82,14,68,華南永昌-高雄,2023-10-18,9303
6219,富旺,50,0,50,華南永昌-高雄,2023-10-18,9303
3701,大眾控,53,7,46,華南永昌-高雄,2023-10-18,9303
2313,華通,70,26,44,華南永昌-高雄,2023-10-18,9303
1815,富喬,58,16,42,華南永昌-高雄,2023-10-18,9303
2888,新光金,40,0,40,華南永昌-高雄,2023-10-18,9303
3481,群創,41,2,39,華南永昌-高雄,2023-10-18,9303
2340,台亞,38,0,38,華南永昌-高雄,2023-10-18,9303
3588,通嘉,43,7,36,華南永昌-高雄,2023-10-18,9303
2382,廣達,62,29,33,華南永昌-高雄,2023-10-18,9303
2353,宏��,37,5,32,華南永昌-高雄,2023-10-18,9303
2641,正德,33,1,32,華南永昌-高雄,2023-10-18,9303
2882,國泰金,35,3,32,華南永昌-高雄,2023-10-18,9303
2388,威盛,122,90,32,華南永昌-高雄,2023-10-18,9303
2354,鴻準,33,2,31,華南永昌-高雄,2023-10-18,9303
9105,泰金寶-DR,30,0,30,華南永昌-高雄,2023-10-18,9303
1101,台泥,30,0,30,華南永昌-高雄,2023-10-18,9303
2371,大同,39,10,29,華南永昌-高雄,2023-10-18,9303
00712,復華富時不動產,29,1,28,華南永昌-高雄,2023-10-18,9303
2634,漢翔,38,10,28,華南永昌-高雄,2023-10-18,9303
2002,中鋼,29,4,25,華南永昌-高雄,2023-10-18,9303
2344,華邦電,39,14,25,華南永昌-高雄,2023-10-18,9303
2201,裕隆,38,13,25,華南永昌-高雄,2023-10-18,9303
6531,愛普*,28,3,25,華南永昌-高雄,2023-10-18,9303
00922,國泰台灣領袖50,44,20,24,華南永昌-高雄,2023-10-18,9303
2457,飛宏,24,0,24,華南永昌-高雄,2023-10-18,9303
00919,群益台灣精選高息,53,32,21,華南永昌-高雄,2023-10-18,9303
1616,億泰,21,0,21,華南永昌-高雄,2023-10-18,9303
4743,合一,25,5,20,華南永昌-高雄,2023-10-18,9303
6612,奈米醫材,20,0,20,華南永昌-高雄,2023-10-18,9303
2409,友達,22,2,20,華南永昌-高雄,2023-10-18,9303
4989,榮科,20,0,20,華南永昌-高雄,2023-10-18,9303
2883,凱基金,22,3,19,華南永昌-高雄,2023-10-18,9303
2329,華泰,29,10,19,華南永昌-高雄,2023-10-18,9303
2618,長榮航,30,12,18,華南永昌-高雄,2023-10-18,9303
00931B,統一美債20年,18,0,18,華南永昌-高雄,2023-10-18,9303
2376,技嘉,30,12,18,華南永昌-高雄,2023-10-18,9303
00932,兆豐永續高息等權,16,0,16,華南永昌-高雄,2023-10-18,9303
6237,驊訊,32,16,16,華南永昌-高雄,2023-10-18,9303
2498,宏達電,20,4,16,華南永昌-高雄,2023-10-18,9303
2516,新建,16,1,15,華南永昌-高雄,2023-10-18,9303
9945,潤泰新,14,0,14,華南永昌-高雄,2023-10-18,9303
2610,華航,33,19,14,華南永昌-高雄,2023-10-18,9303
8341,日友,15,1,14,華南永昌-高雄,2023-10-18,9303
00933B,國泰10Y+金融債,416,33,383,華南永昌-高雄,2023-10-19,9303
0056,元大高股息,217,21,196,華南永昌-高雄,2023-10-19,9303
00885,富邦越南,82,0,82,華南永昌-高雄,2023-10-19,9303
3231,緯創,169,96,73,華南永昌-高雄,2023-10-19,9303
00929,復華台灣科技優息,130,62,68,華南永昌-高雄,2023-10-19,9303
00712,復華富時不動產,63,0,63,華南永昌-高雄,2023-10-19,9303
2888,新光金,63,1,62,華南永昌-高雄,2023-10-19,9303
00679B,元大美債20年,55,4,51,華南永昌-高雄,2023-10-19,9303
4526,東台,50,0,50,華南永昌-高雄,2023-10-19,9303
3038,全台,48,0,48,華南永昌-高雄,2023-10-19,9303
00720B,元大投資級公司債,49,3,46,華南永昌-高雄,2023-10-19,9303
1101,台泥,48,2,46,華南永昌-高雄,2023-10-19,9303
00680L,元大美債20正2,50,5,45,華南永昌-高雄,2023-10-19,9303
00878,國泰永續高股息,145,105,40,華南永昌-高雄,2023-10-19,9303
2317,鴻海,45,5,40,華南永昌-高雄,2023-10-19,9303
4127,天良,38,0,38,華南永昌-高雄,2023-10-19,9303
2356,英業達,68,30,38,華南永昌-高雄,2023-10-19,9303
9924,福興,35,0,35,華南永昌-高雄,2023-10-19,9303
1442,名軒,39,5,34,華南永昌-高雄,2023-10-19,9303
6204,艾華,34,0,34,華南永昌-高雄,2023-10-19,9303
2409,友達,34,0,34,華南永昌-高雄,2023-10-19,9303
2363,矽統,85,54,31,華南永昌-高雄,2023-10-19,9303
00919,群益台灣精選高息,30,0,30,華南永昌-高雄,2023-10-19,9303
6276,安鈦克,31,1,30,華南永昌-高雄,2023-10-19,9303
00857B,永豐20年美公債,28,0,28,華南永昌-高雄,2023-10-19,9303
3059,華晶科,30,3,27,華南永昌-高雄,2023-10-19,9303
00687B,國泰20年美債,35,8,27,華南永昌-高雄,2023-10-19,9303
8040,九暘,28,4,24,華南永昌-高雄,2023-10-19,9303
1568,倉佑,31,7,24,華南永昌-高雄,2023-10-19,9303
00751B,元大AAA至A公司債,26,3,23,華南永昌-高雄,2023-10-19,9303
3481,群創,25,2,23,華南永昌-高雄,2023-10-19,9303
2369,菱生,31,8,23,華南永昌-高雄,2023-10-19,9303
2344,華邦電,26,3,23,華南永昌-高雄,2023-10-19,9303
2834,臺企銀,22,0,22,華南永昌-高雄,2023-10-19,9303
00922,國泰台灣領袖50,37,15,22,華南永昌-高雄,2023-10-19,9303
2002,中鋼,30,8,22,華南永昌-高雄,2023-10-19,9303
2880,華南金,22,0,22,華南永昌-高雄,2023-10-19,9303
6901,鑽石投資,44,24,20,華南永昌-高雄,2023-10-19,9303
9105,泰金寶-DR,20,0,20,華南永昌-高雄,2023-10-19,9303
00902,中信電池及儲能,19,0,19,華南永昌-高雄,2023-10-19,9303
2618,長榮航,26,9,17,華南永昌-高雄,2023-10-19,9303
00773B,中信優先金融債,16,0,16,華南永昌-高雄,2023-10-19,9303
6237,驊訊,17,2,15,華南永昌-高雄,2023-10-19,9303
00882,中信中國高股息,15,0,15,華南永昌-高雄,2023-10-19,9303
1305,華夏,15,0,15,華南永昌-高雄,2023-10-19,9303
4552,力達-KY,15,0,15,華南永昌-高雄,2023-10-19,9303
2891,中信金,17,3,14,華南永昌-高雄,2023-10-19,9303
2353,宏��,15,2,13,華南永昌-高雄,2023-10-19,9303
5009,榮剛,13,0,13,華南永昌-高雄,2023-10-19,9303
3715,定穎投控,137,125,12,華南永昌-高雄,2023-10-19,9303
00753L,中信中國50正2,530,0,530,華南永昌-高雄,2023-10-20,9303
2883,凱基金,496,4,492,華南永昌-高雄,2023-10-20,9303
00712,復華富時不動產,323,8,315,華南永昌-高雄,2023-10-20,9303
00933B,國泰10Y+金融債,238,3,235,華南永昌-高雄,2023-10-20,9303
0056,元大高股息,187,11,176,華南永昌-高雄,2023-10-20,9303
2880,華南金,164,8,156,華南永昌-高雄,2023-10-20,9303
00878,國泰永續高股息,201,89,112,華南永昌-高雄,2023-10-20,9303
2884,玉山金,113,4,109,華南永昌-高雄,2023-10-20,9303
2885,元大金,106,0,106,華南永昌-高雄,2023-10-20,9303
6901,鑽石投資,89,3,86,華南永昌-高雄,2023-10-20,9303
2888,新光金,83,4,79,華南永昌-高雄,2023-10-20,9303
2457,飛宏,91,13,78,華南永昌-高雄,2023-10-20,9303
00919,群益台灣精選高息,75,2,73,華南永昌-高雄,2023-10-20,9303
00929,復華台灣科技優息,163,95,68,華南永昌-高雄,2023-10-20,9303
2002,中鋼,64,5,59,華南永昌-高雄,2023-10-20,9303
2891,中信金,63,6,57,華南永昌-高雄,2023-10-20,9303
6114,久威,50,0,50,華南永昌-高雄,2023-10-20,9303
00932,兆豐永續高息等權,54,7,47,華南永昌-高雄,2023-10-20,9303
4933,友輝,56,10,46,華南永昌-高雄,2023-10-20,9303
2409,友達,59,14,45,華南永昌-高雄,2023-10-20,9303
00673R,期元大S＆P原油反1,42,0,42,華南永昌-高雄,2023-10-20,9303
4552,力達-KY,40,0,40,華南永昌-高雄,2023-10-20,9303
2634,漢翔,38,0,38,華南永昌-高雄,2023-10-20,9303
2606,裕民,36,0,36,華南永昌-高雄,2023-10-20,9303
00857B,永豐20年美公債,36,0,36,華南永昌-高雄,2023-10-20,9303
6122,擎邦,32,0,32,華南永昌-高雄,2023-10-20,9303
3038,全台,32,0,32,華南永昌-高雄,2023-10-20,9303
6526,達發,36,6,30,華南永昌-高雄,2023-10-20,9303
3545,敦泰,46,16,30,華南永昌-高雄,2023-10-20,9303
2382,廣達,70,41,29,華南永昌-高雄,2023-10-20,9303
3481,群創,39,11,28,華南永昌-高雄,2023-10-20,9303
2364,倫飛,27,0,27,華南永昌-高雄,2023-10-20,9303
2892,第一金,27,1,26,華南永昌-高雄,2023-10-20,9303
2882,國泰金,28,5,23,華南永昌-高雄,2023-10-20,9303
2801,彰銀,22,0,22,華南永昌-高雄,2023-10-20,9303
1101,台泥,21,1,20,華南永昌-高雄,2023-10-20,9303
5880,合庫金,20,0,20,華南永昌-高雄,2023-10-20,9303
2009,第一銅,20,0,20,華南永昌-高雄,2023-10-20,9303
00881,國泰台灣5G+,22,2,20,華南永昌-高雄,2023-10-20,9303
2201,裕隆,53,35,18,華南永昌-高雄,2023-10-20,9303
6269,台郡,18,0,18,華南永昌-高雄,2023-10-20,9303
2886,兆豐金,22,5,17,華南永昌-高雄,2023-10-20,9303
00902,中信電池及儲能,17,0,17,華南永昌-高雄,2023-10-20,9303
2881,富邦金,27,11,16,華南永昌-高雄,2023-10-20,9303
6237,驊訊,19,4,15,華南永昌-高雄,2023-10-20,9303
2313,華通,32,17,15,華南永昌-高雄,2023-10-20,9303
2486,一詮,19,4,15,華南永昌-高雄,2023-10-20,9303
2812,台中銀,15,0,15,華南永昌-高雄,2023-10-20,9303
1219,福壽,24,10,14,華南永昌-高雄,2023-10-20,9303
2719,燦星旅,14,0,14,華南永昌-高雄,2023-10-20,9303
2317,鴻海,252,42,210,華南永昌-高雄,2023-10-23,9303
2371,大同,163,3,160,華南永昌-高雄,2023-10-23,9303
00712,復華富時不動產,121,9,112,華南永昌-高雄,2023-10-23,9303
00929,復華台灣科技優息,170,66,104,華南永昌-高雄,2023-10-23,9303
2605,新興,58,0,58,華南永昌-高雄,2023-10-23,9303
2880,華南金,51,1,50,華南永昌-高雄,2023-10-23,9303
3481,群創,39,0,39,華南永昌-高雄,2023-10-23,9303
00679B,元大美債20年,38,0,38,華南永昌-高雄,2023-10-23,9303
2606,裕民,38,0,38,華南永昌-高雄,2023-10-23,9303
6204,艾華,41,4,37,華南永昌-高雄,2023-10-23,9303
00687B,國泰20年美債,39,5,34,華南永昌-高雄,2023-10-23,9303
0056,元大高股息,33,0,33,華南永昌-高雄,2023-10-23,9303
2883,凱基金,33,0,33,華南永昌-高雄,2023-10-23,9303
9924,福興,32,0,32,華南永昌-高雄,2023-10-23,9303
2409,友達,28,0,28,華南永昌-高雄,2023-10-23,9303
8110,華東,30,3,27,華南永昌-高雄,2023-10-23,9303
00919,群益台灣精選高息,30,3,27,華南永昌-高雄,2023-10-23,9303
2344,華邦電,27,1,26,華南永昌-高雄,2023-10-23,9303
4552,力達-KY,41,16,25,華南永昌-高雄,2023-10-23,9303
3287,廣寰科,23,0,23,華南永昌-高雄,2023-10-23,9303
00631L,元大台灣50正2,22,0,22,華南永昌-高雄,2023-10-23,9303
2208,台船,21,0,21,華南永昌-高雄,2023-10-23,9303
6142,友勁,20,0,20,華南永昌-高雄,2023-10-23,9303
00900,富邦特選高股息30,19,0,19,華南永昌-高雄,2023-10-23,9303
2201,裕隆,33,15,18,華南永昌-高雄,2023-10-23,9303
2401,凌陽,53,35,18,華南永昌-高雄,2023-10-23,9303
00922,國泰台灣領袖50,23,5,18,華南永昌-高雄,2023-10-23,9303
00933B,國泰10Y+金融債,27,10,17,華南永昌-高雄,2023-10-23,9303
2330,台積電,16,1,15,華南永昌-高雄,2023-10-23,9303
2888,新光金,15,0,15,華南永昌-高雄,2023-10-23,9303
00902,中信電池及儲能,15,0,15,華南永昌-高雄,2023-10-23,9303
2002,中鋼,13,1,12,華南永昌-高雄,2023-10-23,9303
00878,國泰永續高股息,62,50,12,華南永昌-高雄,2023-10-23,9303
2891,中信金,34,22,12,華南永昌-高雄,2023-10-23,9303
6148,驊宏資,13,1,12,華南永昌-高雄,2023-10-23,9303
00881,國泰台灣5G+,14,2,12,華南永昌-高雄,2023-10-23,9303
00751B,元大AAA至A公司債,11,0,11,華南永昌-高雄,2023-10-23,9303
6530,創威,12,1,11,華南永昌-高雄,2023-10-23,9303
2884,玉山金,11,0,11,華南永昌-高雄,2023-10-23,9303
6116,彩晶,11,0,11,華南永昌-高雄,2023-10-23,9303
4958,臻鼎-KY,12,1,11,華南永昌-高雄,2023-10-23,9303
6187,萬潤,16,5,11,華南永昌-高雄,2023-10-23,9303
00923,群益台ESG低碳50,14,3,11,華南永昌-高雄,2023-10-23,9303
00857B,永豐20年美公債,11,0,11,華南永昌-高雄,2023-10-23,9303
2402,毅嘉,22,12,10,華南永昌-高雄,2023-10-23,9303
6152,百一,10,0,10,華南永昌-高雄,2023-10-23,9303
2382,廣達,28,18,10,華南永昌-高雄,2023-10-23,9303
3176,基亞,10,0,10,華南永昌-高雄,2023-10-23,9303
6443,元晶,10,0,10,華南永昌-高雄,2023-10-23,9303
00719B,元大美債1-3,10,0,10,華南永昌-高雄,2023-10-23,9303
2618,長榮航,519,17,502,華南永昌-高雄,2023-10-24,9303
2317,鴻海,206,75,131,華南永昌-高雄,2023-10-24,9303
2883,凱基金,133,11,122,華南永昌-高雄,2023-10-24,9303
9950,萬國通,123,4,119,華南永昌-高雄,2023-10-24,9303
6153,嘉聯益,65,0,65,華南永昌-高雄,2023-10-24,9303
1802,台玻,60,3,57,華南永昌-高雄,2023-10-24,9303
2880,華南金,55,0,55,華南永昌-高雄,2023-10-24,9303
6204,艾華,53,2,51,華南永昌-高雄,2023-10-24,9303
4933,友輝,50,0,50,華南永昌-高雄,2023-10-24,9303
00712,復華富時不動產,60,15,45,華南永昌-高雄,2023-10-24,9303
2002,中鋼,49,6,43,華南永昌-高雄,2023-10-24,9303
8086,宏捷科,40,0,40,華南永昌-高雄,2023-10-24,9303
2369,菱生,138,101,37,華南永昌-高雄,2023-10-24,9303
4128,中天,40,6,34,華南永昌-高雄,2023-10-24,9303
2405,輔信,43,9,34,華南永昌-高雄,2023-10-24,9303
2890,永豐金,34,1,33,華南永昌-高雄,2023-10-24,9303
3041,揚智,77,46,31,華南永昌-高雄,2023-10-24,9303
3481,群創,31,2,29,華南永昌-高雄,2023-10-24,9303
1301,台塑,28,0,28,華南永昌-高雄,2023-10-24,9303
1909,榮成,27,0,27,華南永昌-高雄,2023-10-24,9303
9105,泰金寶-DR,84,60,24,華南永昌-高雄,2023-10-24,9303
3715,定穎投控,44,20,24,華南永昌-高雄,2023-10-24,9303
1711,永光,25,1,24,華南永昌-高雄,2023-10-24,9303
2606,裕民,26,3,23,華南永昌-高雄,2023-10-24,9303
2027,大成鋼,22,0,22,華南永昌-高雄,2023-10-24,9303
00680L,元大美債20正2,31,10,21,華南永昌-高雄,2023-10-24,9303
3576,聯合再生,20,0,20,華南永昌-高雄,2023-10-24,9303
3032,偉訓,20,1,19,華南永昌-高雄,2023-10-24,9303
4908,前鼎,122,103,19,華南永昌-高雄,2023-10-24,9303
2888,新光金,20,2,18,華南永昌-高雄,2023-10-24,9303
2303,聯電,51,34,17,華南永昌-高雄,2023-10-24,9303
1101,台泥,18,0,18,華南永昌-高雄,2023-10-24,9303
3081,聯亞,17,0,17,華南永昌-高雄,2023-10-24,9303
00637L,元大滬深300正2,25,10,15,華南永昌-高雄,2023-10-24,9303
6415,矽力*-KY,14,0,14,華南永昌-高雄,2023-10-24,9303
2516,新建,16,3,13,華南永昌-高雄,2023-10-24,9303
2305,全友,15,2,13,華南永昌-高雄,2023-10-24,9303
1815,富喬,16,3,13,華南永昌-高雄,2023-10-24,9303
00888,永豐台灣ESG,12,0,12,華南永昌-高雄,2023-10-24,9303
2615,萬海,12,0,12,華南永昌-高雄,2023-10-24,9303
2637,慧洋-KY,11,0,11,華南永昌-高雄,2023-10-24,9303
8054,安國,17,6,11,華南永昌-高雄,2023-10-24,9303
2367,燿華,38,27,11,華南永昌-高雄,2023-10-24,9303
3704,合勤控,13,2,11,華南永昌-高雄,2023-10-24,9303
2344,華邦電,17,6,11,華南永昌-高雄,2023-10-24,9303
2014,中鴻,10,0,10,華南永昌-高雄,2023-10-24,9303
3630,新鉅科,10,0,10,華南永昌-高雄,2023-10-24,9303
5347,世界,22,12,10,華南永昌-高雄,2023-10-24,9303
4755,三福化,10,0,10,華南永昌-高雄,2023-10-24,9303
00924,復華S＆P500成長,10,0,10,華南永昌-高雄,2023-10-24,9303
2883,凱基金,474,9,465,華南永昌-高雄,2023-10-25,9303
00712,復華富時不動產,148,23,125,華南永昌-高雄,2023-10-25,9303
2618,長榮航,118,0,118,華南永昌-高雄,2023-10-25,9303
4552,力達-KY,144,35,109,華南永昌-高雄,2023-10-25,9303
1314,中石化,112,31,81,華南永昌-高雄,2023-10-25,9303
2880,華南金,43,2,41,華南永昌-高雄,2023-10-25,9303
00632R,元大台灣50反1,40,0,40,華南永昌-高雄,2023-10-25,9303
2888,新光金,36,0,36,華南永昌-高雄,2023-10-25,9303
2317,鴻海,59,26,33,華南永昌-高雄,2023-10-25,9303
00929,復華台灣科技優息,47,14,33,華南永昌-高雄,2023-10-25,9303
3481,群創,53,22,31,華南永昌-高雄,2023-10-25,9303
6150,撼訊,28,0,28,華南永昌-高雄,2023-10-25,9303
3025,星通,47,19,28,華南永昌-高雄,2023-10-25,9303
3374,精材,30,4,26,華南永昌-高雄,2023-10-25,9303
00919,群益台灣精選高息,24,0,24,華南永昌-高雄,2023-10-25,9303
8110,華東,35,11,24,華南永昌-高雄,2023-10-25,9303
5215,科嘉-KY,30,6,24,華南永昌-高雄,2023-10-25,9303
2409,友達,45,21,24,華南永昌-高雄,2023-10-25,9303
2337,旺宏,27,3,24,華南永昌-高雄,2023-10-25,9303
00902,中信電池及儲能,21,0,21,華南永昌-高雄,2023-10-25,9303
2023,燁輝,20,0,20,華南永昌-高雄,2023-10-25,9303
1609,大亞,23,3,20,華南永昌-高雄,2023-10-25,9303
2332,友訊,19,0,19,華南永昌-高雄,2023-10-25,9303
4958,臻鼎-KY,22,3,19,華南永昌-高雄,2023-10-25,9303
2340,台亞,24,5,19,華南永昌-高雄,2023-10-25,9303
2834,臺企銀,26,7,19,華南永昌-高雄,2023-10-25,9303
3228,金麗科,18,0,18,華南永昌-高雄,2023-10-25,9303
00720B,元大投資級公司債,16,0,16,華南永昌-高雄,2023-10-25,9303
2049,上銀,15,0,15,華南永昌-高雄,2023-10-25,9303
00700,富邦�琤肭磪�,15,0,15,華南永昌-高雄,2023-10-25,9303
2369,菱生,52,37,15,華南永昌-高雄,2023-10-25,9303
1524,耿鼎,320,306,14,華南永昌-高雄,2023-10-25,9303
2344,華邦電,18,4,14,華南永昌-高雄,2023-10-25,9303
2329,華泰,33,19,14,華南永昌-高雄,2023-10-25,9303
3035,智原,36,23,13,華南永昌-高雄,2023-10-25,9303
4979,華星光,22,9,13,華南永昌-高雄,2023-10-25,9303
8050,廣積,15,2,13,華南永昌-高雄,2023-10-25,9303
1815,富喬,34,22,12,華南永昌-高雄,2023-10-25,9303
3078,僑威,23,11,12,華南永昌-高雄,2023-10-25,9303
00923,群益台ESG低碳50,12,0,12,華南永昌-高雄,2023-10-25,9303
2338,光罩,13,1,12,華南永昌-高雄,2023-10-25,9303
2316,楠梓電,21,9,12,華南永昌-高雄,2023-10-25,9303
2462,良得電,16,4,12,華南永昌-高雄,2023-10-25,9303
6243,迅杰,108,96,12,華南永昌-高雄,2023-10-25,9303
2890,永豐金,23,12,11,華南永昌-高雄,2023-10-25,9303
6643,M31,11,0,11,華南永昌-高雄,2023-10-25,9303
2881,富邦金,12,2,10,華南永昌-高雄,2023-10-25,9303
6114,久威,10,0,10,華南永昌-高雄,2023-10-25,9303
3489,森寶,10,0,10,華南永昌-高雄,2023-10-25,9303
4908,前鼎,52,42,10,華南永昌-高雄,2023-10-25,9303
2883,凱基金,467,5,462,華南永昌-高雄,2023-10-26,9303
8936,國統,207,8,199,華南永昌-高雄,2023-10-26,9303
00929,復華台灣科技優息,189,5,184,華南永昌-高雄,2023-10-26,9303
00878,國泰永續高股息,150,26,124,華南永昌-高雄,2023-10-26,9303
2303,聯電,149,29,120,華南永昌-高雄,2023-10-26,9303
2344,華邦電,110,18,92,華南永昌-高雄,2023-10-26,9303
3363,上詮,145,75,70,華南永昌-高雄,2023-10-26,9303
0056,元大高股息,68,0,68,華南永昌-高雄,2023-10-26,9303
00919,群益台灣精選高息,56,3,53,華南永昌-高雄,2023-10-26,9303
00673R,期元大S＆P原油反1,51,0,51,華南永昌-高雄,2023-10-26,9303
2801,彰銀,50,0,50,華南永昌-高雄,2023-10-26,9303
2405,輔信,58,10,48,華南永昌-高雄,2023-10-26,9303
2880,華南金,42,0,42,華南永昌-高雄,2023-10-26,9303
2317,鴻海,45,6,39,華南永昌-高雄,2023-10-26,9303
2465,麗臺,34,2,32,華南永昌-高雄,2023-10-26,9303
00932,兆豐永續高息等權,32,0,32,華南永昌-高雄,2023-10-26,9303
2313,華通,36,6,30,華南永昌-高雄,2023-10-26,9303
00922,國泰台灣領袖50,29,0,29,華南永昌-高雄,2023-10-26,9303
00885,富邦越南,28,0,28,華南永昌-高雄,2023-10-26,9303
6531,愛普*,25,1,24,華南永昌-高雄,2023-10-26,9303
4128,中天,34,10,24,華南永昌-高雄,2023-10-26,9303
8358,金居,27,3,24,華南永昌-高雄,2023-10-26,9303
2371,大同,24,1,23,華南永昌-高雄,2023-10-26,9303
0050,元大台灣50,23,0,23,華南永昌-高雄,2023-10-26,9303
00687B,國泰20年美債,22,0,22,華南永昌-高雄,2023-10-26,9303
2338,光罩,22,0,22,華南永昌-高雄,2023-10-26,9303
8086,宏捷科,22,0,22,華南永昌-高雄,2023-10-26,9303
2330,台積電,28,8,20,華南永昌-高雄,2023-10-26,9303
00898,國泰基因免疫革命,20,0,20,華南永昌-高雄,2023-10-26,9303
6290,良維,27,8,19,華南永昌-高雄,2023-10-26,9303
2887,台新金,20,1,19,華南永昌-高雄,2023-10-26,9303
6122,擎邦,27,8,19,華南永昌-高雄,2023-10-26,9303
1434,福懋,20,2,18,華南永昌-高雄,2023-10-26,9303
5347,世界,19,1,18,華南永昌-高雄,2023-10-26,9303
8155,博智,17,0,17,華南永昌-高雄,2023-10-26,9303
1514,亞力,17,1,16,華南永昌-高雄,2023-10-26,9303
1312,國喬,16,0,16,華南永昌-高雄,2023-10-26,9303
00933B,國泰10Y+金融債,16,0,16,華南永昌-高雄,2023-10-26,9303
4127,天良,15,0,15,華南永昌-高雄,2023-10-26,9303
4958,臻鼎-KY,15,0,15,華南永昌-高雄,2023-10-26,9303
00888,永豐台灣ESG,15,0,15,華南永昌-高雄,2023-10-26,9303
6770,力積電,20,6,14,華南永昌-高雄,2023-10-26,9303
2323,中環,14,0,14,華南永昌-高雄,2023-10-26,9303
2610,華航,22,9,13,華南永昌-高雄,2023-10-26,9303
1303,南亞,14,1,13,華南永昌-高雄,2023-10-26,9303
3715,定穎投控,43,30,13,華南永昌-高雄,2023-10-26,9303
3481,群創,13,1,12,華南永昌-高雄,2023-10-26,9303
4714,永捷,13,1,12,華南永昌-高雄,2023-10-26,9303
9950,萬國通,12,0,12,華南永昌-高雄,2023-10-26,9303
6441,廣錠,12,0,12,華南永昌-高雄,2023-10-26,9303
9950,萬國通,151,1,150,華南永昌-高雄,2023-10-27,9303
2485,兆赫,201,104,97,華南永昌-高雄,2023-10-27,9303
00929,復華台灣科技優息,100,5,95,華南永昌-高雄,2023-10-27,9303
2425,承啟,60,3,57,華南永昌-高雄,2023-10-27,9303
3122,笙泉,86,34,52,華南永昌-高雄,2023-10-27,9303
2329,華泰,115,65,50,華南永昌-高雄,2023-10-27,9303
2465,麗臺,59,10,49,華南永昌-高雄,2023-10-27,9303
2883,凱基金,49,5,44,華南永昌-高雄,2023-10-27,9303
2337,旺宏,43,2,41,華南永昌-高雄,2023-10-27,9303
00676R,富邦臺灣加權反1,35,0,35,華南永昌-高雄,2023-10-27,9303
9105,泰金寶-DR,34,4,30,華南永昌-高雄,2023-10-27,9303
5009,榮剛,29,1,28,華南永昌-高雄,2023-10-27,9303
2323,中環,29,1,28,華南永昌-高雄,2023-10-27,9303
2409,友達,68,41,27,華南永昌-高雄,2023-10-27,9303
2344,華邦電,35,10,25,華南永昌-高雄,2023-10-27,9303
00720B,元大投資級公司債,24,1,23,華南永昌-高雄,2023-10-27,9303
6213,聯茂,23,0,23,華南永昌-高雄,2023-10-27,9303
3545,敦泰,22,0,22,華南永昌-高雄,2023-10-27,9303
1760,寶齡富錦,54,32,22,華南永昌-高雄,2023-10-27,9303
3078,僑威,25,7,18,華南永昌-高雄,2023-10-27,9303
00919,群益台灣精選高息,17,0,17,華南永昌-高雄,2023-10-27,9303
2358,廷鑫,19,3,16,華南永昌-高雄,2023-10-27,9303
4147,中裕,16,2,14,華南永昌-高雄,2023-10-27,9303
4956,光鋐,14,0,14,華南永昌-高雄,2023-10-27,9303
3346,麗清,14,0,14,華南永昌-高雄,2023-10-27,9303
3704,合勤控,18,4,14,華南永昌-高雄,2023-10-27,9303
1303,南亞,12,0,12,華南永昌-高雄,2023-10-27,9303
3037,欣興,17,5,12,華南永昌-高雄,2023-10-27,9303
2363,矽統,14,3,11,華南永昌-高雄,2023-10-27,9303
2408,南亞科,17,6,11,華南永昌-高雄,2023-10-27,9303
6223,旺矽,12,1,11,華南永昌-高雄,2023-10-27,9303
3013,晟銘電,20,9,11,華南永昌-高雄,2023-10-27,9303
00922,國泰台灣領袖50,12,2,10,華南永昌-高雄,2023-10-27,9303
3005,神基,15,5,10,華南永昌-高雄,2023-10-27,9303
2489,瑞軒,14,4,10,華南永昌-高雄,2023-10-27,9303
2637,慧洋-KY,12,2,10,華南永昌-高雄,2023-10-27,9303
1784,訊聯,10,0,10,華南永昌-高雄,2023-10-27,9303
3051,力特,10,0,10,華南永昌-高雄,2023-10-27,9303
3322,建舜電,10,0,10,華南永昌-高雄,2023-10-27,9303
4744,皇將,10,0,10,華南永昌-高雄,2023-10-27,9303
1524,耿鼎,143,133,10,華南永昌-高雄,2023-10-27,9303
0056,元大高股息,15,5,10,華南永昌-高雄,2023-10-27,9303
2317,鴻海,21,11,10,華南永昌-高雄,2023-10-27,9303
00712,復華富時不動產,11,1,10,華南永昌-高雄,2023-10-27,9303
3481,群創,10,1,9,華南永昌-高雄,2023-10-27,9303
2308,台達電,13,4,9,華南永昌-高雄,2023-10-27,9303
3014,聯陽,10,1,9,華南永昌-高雄,2023-10-27,9303
6684,安格,11,2,9,華南永昌-高雄,2023-10-27,9303
4763,材料-KY,15,6,9,華南永昌-高雄,2023-10-27,9303
2890,永豐金,23,15,8,華南永昌-高雄,2023-10-27,9303
2883,凱基金,375,0,375,華南永昌-高雄,2023-10-30,9303
00687B,國泰20年美債,207,0,207,華南永昌-高雄,2023-10-30,9303
2317,鴻海,205,55,150,華南永昌-高雄,2023-10-30,9303
00881,國泰台灣5G+,101,3,98,華南永昌-高雄,2023-10-30,9303
4532,瑞智,81,6,75,華南永昌-高雄,2023-10-30,9303
4960,誠美材,83,13,70,華南永昌-高雄,2023-10-30,9303
2354,鴻準,67,8,59,華南永昌-高雄,2023-10-30,9303
2890,永豐金,77,23,54,華南永昌-高雄,2023-10-30,9303
00676R,富邦臺灣加權反1,50,0,50,華南永昌-高雄,2023-10-30,9303
2888,新光金,45,0,45,華南永昌-高雄,2023-10-30,9303
00712,復華富時不動產,44,0,44,華南永昌-高雄,2023-10-30,9303
3438,類比科,79,37,42,華南永昌-高雄,2023-10-30,9303
5215,科嘉-KY,40,2,38,華南永昌-高雄,2023-10-30,9303
3051,力特,39,2,37,華南永昌-高雄,2023-10-30,9303
4123,晟德,42,9,33,華南永昌-高雄,2023-10-30,9303
2356,英業達,44,14,30,華南永昌-高雄,2023-10-30,9303
00786B,元大10年IG銀行債,30,0,30,華南永昌-高雄,2023-10-30,9303
00632R,元大台灣50反1,30,0,30,華南永昌-高雄,2023-10-30,9303
8040,九暘,31,1,30,華南永昌-高雄,2023-10-30,9303
2485,兆赫,51,22,29,華南永昌-高雄,2023-10-30,9303
2880,華南金,27,0,27,華南永昌-高雄,2023-10-30,9303
2408,南亞科,51,24,27,華南永昌-高雄,2023-10-30,9303
4743,合一,32,5,27,華南永昌-高雄,2023-10-30,9303
2301,光寶科,28,2,26,華南永昌-高雄,2023-10-30,9303
3530,晶相光,26,1,25,華南永昌-高雄,2023-10-30,9303
3231,緯創,49,25,24,華南永昌-高雄,2023-10-30,9303
2603,長榮,36,12,24,華南永昌-高雄,2023-10-30,9303
00922,國泰台灣領袖50,23,0,23,華南永昌-高雄,2023-10-30,9303
2637,慧洋-KY,23,0,23,華南永昌-高雄,2023-10-30,9303
3669,圓展,26,5,21,華南永昌-高雄,2023-10-30,9303
6133,金橋,20,0,20,華南永昌-高雄,2023-10-30,9303
2390,云辰,27,7,20,華南永昌-高雄,2023-10-30,9303
1323,永裕,20,0,20,華南永昌-高雄,2023-10-30,9303
4168,醣聯,20,0,20,華南永昌-高雄,2023-10-30,9303
1712,興農,20,0,20,華南永昌-高雄,2023-10-30,9303
5347,世界,19,0,19,華南永昌-高雄,2023-10-30,9303
6117,迎廣,80,63,17,華南永昌-高雄,2023-10-30,9303
00878,國泰永續高股息,16,0,16,華南永昌-高雄,2023-10-30,9303
1303,南亞,16,0,16,華南永昌-高雄,2023-10-30,9303
2337,旺宏,19,5,14,華南永昌-高雄,2023-10-30,9303
2867,三商壽,15,1,14,華南永昌-高雄,2023-10-30,9303
4162,智擎,20,8,12,華南永昌-高雄,2023-10-30,9303
6442,光聖,13,1,12,華南永昌-高雄,2023-10-30,9303
6182,合晶,13,1,12,華南永昌-高雄,2023-10-30,9303
00933B,國泰10Y+金融債,17,5,12,華南永昌-高雄,2023-10-30,9303
3260,威剛,24,12,12,華南永昌-高雄,2023-10-30,9303
2323,中環,11,0,11,華南永昌-高雄,2023-10-30,9303
2610,華航,16,5,11,華南永昌-高雄,2023-10-30,9303
4164,承業醫,11,0,11,華南永昌-高雄,2023-10-30,9303
8085,福華,11,0,11,華南永昌-高雄,2023-10-30,9303
2610,華航,205,10,195,華南永昌-高雄,2023-10-31,9303
4960,誠美材,186,0,186,華南永昌-高雄,2023-10-31,9303
2406,國碩,107,12,95,華南永昌-高雄,2023-10-31,9303
00933B,國泰10Y+金融債,82,1,81,華南永昌-高雄,2023-10-31,9303
2913,農林,70,1,69,華南永昌-高雄,2023-10-31,9303
6492,生華科,304,244,60,華南永昌-高雄,2023-10-31,9303
9950,萬國通,60,3,57,華南永昌-高雄,2023-10-31,9303
00878,國泰永續高股息,77,23,54,華南永昌-高雄,2023-10-31,9303
00919,群益台灣精選高息,76,24,52,華南永昌-高雄,2023-10-31,9303
2409,友達,63,12,51,華南永昌-高雄,2023-10-31,9303
0056,元大高股息,47,1,46,華南永昌-高雄,2023-10-31,9303
3576,聯合再生,64,23,41,華南永昌-高雄,2023-10-31,9303
00929,復華台灣科技優息,61,27,34,華南永昌-高雄,2023-10-31,9303
1785,光洋科,38,5,33,華南永昌-高雄,2023-10-31,9303
3176,基亞,34,2,32,華南永昌-高雄,2023-10-31,9303
1216,統一,31,0,31,華南永昌-高雄,2023-10-31,9303
2323,中環,32,1,31,華南永昌-高雄,2023-10-31,9303
1323,永裕,30,0,30,華南永昌-高雄,2023-10-31,9303
6182,合晶,34,5,29,華南永昌-高雄,2023-10-31,9303
00715L,期街口布蘭特正2,27,1,26,華南永昌-高雄,2023-10-31,9303
00885,富邦越南,34,9,25,華南永昌-高雄,2023-10-31,9303
6216,居易,27,3,24,華南永昌-高雄,2023-10-31,9303
2867,三商壽,23,0,23,華南永昌-高雄,2023-10-31,9303
2344,華邦電,25,3,22,華南永昌-高雄,2023-10-31,9303
1712,興農,22,0,22,華南永昌-高雄,2023-10-31,9303
4127,天良,20,0,20,華南永昌-高雄,2023-10-31,9303
2618,長榮航,29,11,18,華南永昌-高雄,2023-10-31,9303
6443,元晶,44,27,17,華南永昌-高雄,2023-10-31,9303
3105,穩懋,45,29,16,華南永昌-高雄,2023-10-31,9303
1301,台塑,16,0,16,華南永昌-高雄,2023-10-31,9303
0050,元大台灣50,15,0,15,華南永昌-高雄,2023-10-31,9303
2301,光寶科,27,12,15,華南永昌-高雄,2023-10-31,9303
00923,群益台ESG低碳50,14,0,14,華南永昌-高雄,2023-10-31,9303
00712,復華富時不動產,14,0,14,華南永昌-高雄,2023-10-31,9303
00922,國泰台灣領袖50,19,5,14,華南永昌-高雄,2023-10-31,9303
3189,景碩,63,50,13,華南永昌-高雄,2023-10-31,9303
3363,上詮,30,17,13,華南永昌-高雄,2023-10-31,9303
00671R,富邦NASDAQ反1,13,0,13,華南永昌-高雄,2023-10-31,9303
2371,大同,15,3,12,華南永昌-高雄,2023-10-31,9303
00932,兆豐永續高息等權,12,0,12,華南永昌-高雄,2023-10-31,9303
2337,旺宏,18,6,12,華南永昌-高雄,2023-10-31,9303
2330,台積電,14,2,12,華南永昌-高雄,2023-10-31,9303
2338,光罩,11,0,11,華南永昌-高雄,2023-10-31,9303
1513,中興電,12,1,11,華南永昌-高雄,2023-10-31,9303
6757,台灣虎航,60,49,11,華南永昌-高雄,2023-10-31,9303
1784,訊聯,11,0,11,華南永昌-高雄,2023-10-31,9303
00893,國泰智能電動車,11,0,11,華南永昌-高雄,2023-10-31,9303
2417,圓剛,13,2,11,華南永昌-高雄,2023-10-31,9303
4979,華星光,29,18,11,華南永昌-高雄,2023-10-31,9303
3037,欣興,13,3,10,華南永昌-高雄,2023-10-31,9303
00934,中信成長高股息,435,157,278,華南永昌-高雄,2023-11-01,9303
00676R,富邦臺灣加權反1,225,0,225,華南永昌-高雄,2023-11-01,9303
2457,飛宏,182,3,179,華南永昌-高雄,2023-11-01,9303
2409,友達,125,0,125,華南永昌-高雄,2023-11-01,9303
00878,國泰永續高股息,103,15,88,華南永昌-高雄,2023-11-01,9303
00712,復華富時不動產,82,4,78,華南永昌-高雄,2023-11-01,9303
3715,定穎投控,334,270,64,華南永昌-高雄,2023-11-01,9303
8034,榮群,55,0,55,華南永昌-高雄,2023-11-01,9303
00715L,期街口布蘭特正2,52,0,52,華南永昌-高雄,2023-11-01,9303
00857B,永豐20年美公債,52,0,52,華南永昌-高雄,2023-11-01,9303
00935,野村臺灣新科技50,51,0,51,華南永昌-高雄,2023-11-01,9303
2883,凱基金,56,11,45,華南永昌-高雄,2023-11-01,9303
2606,裕民,42,0,42,華南永昌-高雄,2023-11-01,9303
5301,寶得利,40,0,40,華南永昌-高雄,2023-11-01,9303
00679B,元大美債20年,39,0,39,華南永昌-高雄,2023-11-01,9303
00885,富邦越南,38,0,38,華南永昌-高雄,2023-11-01,9303
00929,復華台灣科技優息,48,10,38,華南永昌-高雄,2023-11-01,9303
4960,誠美材,33,0,33,華南永昌-高雄,2023-11-01,9303
1323,永裕,30,0,30,華南永昌-高雄,2023-11-01,9303
00933B,國泰10Y+金融債,24,0,24,華南永昌-高雄,2023-11-01,9303
4167,松瑞藥,27,4,23,華南永昌-高雄,2023-11-01,9303
3380,明泰,23,1,22,華南永昌-高雄,2023-11-01,9303
1795,美時,27,5,22,華南永昌-高雄,2023-11-01,9303
00919,群益台灣精選高息,37,16,21,華南永昌-高雄,2023-11-01,9303
2905,三商,20,0,20,華南永昌-高雄,2023-11-01,9303
2002,中鋼,18,0,18,華南永昌-高雄,2023-11-01,9303
2358,廷鑫,22,5,17,華南永昌-高雄,2023-11-01,9303
2417,圓剛,43,26,17,華南永昌-高雄,2023-11-01,9303
00680L,元大美債20正2,31,15,16,華南永昌-高雄,2023-11-01,9303
1471,首利,15,0,15,華南永昌-高雄,2023-11-01,9303
00671R,富邦NASDAQ反1,20,6,14,華南永昌-高雄,2023-11-01,9303
2402,毅嘉,13,0,13,華南永昌-高雄,2023-11-01,9303
2745,五福,14,1,13,華南永昌-高雄,2023-11-01,9303
2353,宏��,12,0,12,華南永昌-高雄,2023-11-01,9303
4979,華星光,21,9,12,華南永昌-高雄,2023-11-01,9303
2317,鴻海,22,10,12,華南永昌-高雄,2023-11-01,9303
1616,億泰,11,1,10,華南永昌-高雄,2023-11-01,9303
8150,南茂,10,0,10,華南永昌-高雄,2023-11-01,9303
2615,萬海,10,0,10,華南永昌-高雄,2023-11-01,9303
8940,新天地,10,0,10,華南永昌-高雄,2023-11-01,9303
3481,群創,12,3,9,華南永昌-高雄,2023-11-01,9303
6191,精成科,28,19,9,華南永昌-高雄,2023-11-01,9303
2886,兆豐金,8,0,8,華南永昌-高雄,2023-11-01,9303
2301,光寶科,18,10,8,華南永昌-高雄,2023-11-01,9303
1101,台泥,9,1,8,華南永昌-高雄,2023-11-01,9303
6443,元晶,8,1,7,華南永昌-高雄,2023-11-01,9303
2405,輔信,9,2,7,華南永昌-高雄,2023-11-01,9303
3338,泰碩,8,1,7,華南永昌-高雄,2023-11-01,9303
6243,迅杰,8,1,7,華南永昌-高雄,2023-11-01,9303
5469,瀚宇博,13,6,7,華南永昌-高雄,2023-11-01,9303
2618,長榮航,410,16,394,華南永昌-高雄,2023-11-02,9303
1217,愛之味,152,0,152,華南永昌-高雄,2023-11-02,9303
00632R,元大台灣50反1,105,0,105,華南永昌-高雄,2023-11-02,9303
00712,復華富時不動產,105,15,90,華南永昌-高雄,2023-11-02,9303
1303,南亞,65,1,64,華南永昌-高雄,2023-11-02,9303
2884,玉山金,57,4,53,華南永昌-高雄,2023-11-02,9303
00676R,富邦臺灣加權反1,50,0,50,華南永昌-高雄,2023-11-02,9303
6139,亞翔,56,6,50,華南永昌-高雄,2023-11-02,9303
9105,泰金寶-DR,61,12,49,華南永昌-高雄,2023-11-02,9303
2367,燿華,76,29,47,華南永昌-高雄,2023-11-02,9303
00935,野村臺灣新科技50,67,26,41,華南永昌-高雄,2023-11-02,9303
3380,明泰,56,16,40,華南永昌-高雄,2023-11-02,9303
3062,建漢,39,0,39,華南永昌-高雄,2023-11-02,9303
00671R,富邦NASDAQ反1,32,0,32,華南永昌-高雄,2023-11-02,9303
3481,群創,243,215,28,華南永昌-高雄,2023-11-02,9303
2365,昆盈,20,0,20,華南永昌-高雄,2023-11-02,9303
6177,達麗,20,0,20,華南永昌-高雄,2023-11-02,9303
3630,新鉅科,20,0,20,華南永昌-高雄,2023-11-02,9303
1323,永裕,20,0,20,華南永昌-高雄,2023-11-02,9303
6770,力積電,40,21,19,華南永昌-高雄,2023-11-02,9303
00720B,元大投資級公司債,16,3,13,華南永昌-高雄,2023-11-02,9303
3276,宇環,15,2,13,華南永昌-高雄,2023-11-02,9303
2883,凱基金,16,3,13,華南永昌-高雄,2023-11-02,9303
00830,國泰費城半導體,12,0,12,華南永昌-高雄,2023-11-02,9303
6213,聯茂,26,15,11,華南永昌-高雄,2023-11-02,9303
4108,懷特,11,0,11,華南永昌-高雄,2023-11-02,9303
4960,誠美材,10,0,10,華南永昌-高雄,2023-11-02,9303
6125,廣運,17,7,10,華南永昌-高雄,2023-11-02,9303
6219,富旺,40,30,10,華南永昌-高雄,2023-11-02,9303
9958,世紀鋼,13,3,10,華南永昌-高雄,2023-11-02,9303
6589,台康生技,10,0,10,華南永昌-高雄,2023-11-02,9303
2809,京城銀,10,0,10,華南永昌-高雄,2023-11-02,9303
1477,聚陽,10,0,10,華南永昌-高雄,2023-11-02,9303
2305,全友,9,0,9,華南永昌-高雄,2023-11-02,9303
00715L,期街口布蘭特正2,9,0,9,華南永昌-高雄,2023-11-02,9303
1514,亞力,9,0,9,華南永昌-高雄,2023-11-02,9303
3704,合勤控,35,26,9,華南永昌-高雄,2023-11-02,9303
6732,昇佳電子,24,15,9,華南永昌-高雄,2023-11-02,9303
1463,強盛新,9,0,9,華南永昌-高雄,2023-11-02,9303
2363,矽統,39,30,9,華南永昌-高雄,2023-11-02,9303
4167,松瑞藥,24,16,8,華南永昌-高雄,2023-11-02,9303
3006,晶豪科,23,16,7,華南永昌-高雄,2023-11-02,9303
2457,飛宏,46,39,7,華南永昌-高雄,2023-11-02,9303
1582,信錦,7,0,7,華南永昌-高雄,2023-11-02,9303
4966,譜瑞-KY,8,1,7,華南永昌-高雄,2023-11-02,9303
3122,笙泉,18,11,7,華南永昌-高雄,2023-11-02,9303
2867,三商壽,7,1,6,華南永昌-高雄,2023-11-02,9303
3163,波若威,10,4,6,華南永昌-高雄,2023-11-02,9303
9919,康那香,6,0,6,華南永昌-高雄,2023-11-02,9303
3702,大聯大,10,4,6,華南永昌-高雄,2023-11-02,9303
00687B,國泰20年美債,801,2,799,華南永昌-高雄,2023-11-03,9303
00673R,期元大S＆P原油反1,100,0,100,華南永昌-高雄,2023-11-03,9303
2363,矽統,260,187,73,華南永昌-高雄,2023-11-03,9303
2371,大同,66,0,66,華南永昌-高雄,2023-11-03,9303
3363,上詮,68,3,65,華南永昌-高雄,2023-11-03,9303
00676R,富邦臺灣加權反1,50,0,50,華南永昌-高雄,2023-11-03,9303
3231,緯創,102,54,48,華南永昌-高雄,2023-11-03,9303
00712,復華富時不動產,57,11,46,華南永昌-高雄,2023-11-03,9303
2317,鴻海,83,41,42,華南永昌-高雄,2023-11-03,9303
00919,群益台灣精選高息,46,5,41,華南永昌-高雄,2023-11-03,9303
8011,台通,40,0,40,華南永昌-高雄,2023-11-03,9303
00934,中信成長高股息,44,8,36,華南永昌-高雄,2023-11-03,9303
2358,廷鑫,35,3,32,華南永昌-高雄,2023-11-03,9303
2367,燿華,32,5,27,華南永昌-高雄,2023-11-03,9303
2344,華邦電,74,48,26,華南永昌-高雄,2023-11-03,9303
00878,國泰永續高股息,71,46,25,華南永昌-高雄,2023-11-03,9303
2356,英業達,33,9,24,華南永昌-高雄,2023-11-03,9303
00772B,中信高評級公司債,33,10,23,華南永昌-高雄,2023-11-03,9303
00671R,富邦NASDAQ反1,22,0,22,華南永昌-高雄,2023-11-03,9303
6290,良維,21,0,21,華南永昌-高雄,2023-11-03,9303
6841,長佳智能,22,2,20,華南永昌-高雄,2023-11-03,9303
6213,聯茂,39,20,19,華南永昌-高雄,2023-11-03,9303
1323,永裕,18,0,18,華南永昌-高雄,2023-11-03,9303
3006,晶豪科,27,9,18,華南永昌-高雄,2023-11-03,9303
4967,十銓,70,53,17,華南永昌-高雄,2023-11-03,9303
3577,泓格,17,0,17,華南永昌-高雄,2023-11-03,9303
3035,智原,31,15,16,華南永昌-高雄,2023-11-03,9303
1463,強盛新,15,0,15,華南永昌-高雄,2023-11-03,9303
5347,世界,16,2,14,華南永昌-高雄,2023-11-03,9303
6274,台燿,21,7,14,華南永昌-高雄,2023-11-03,9303
2457,飛宏,51,37,14,華南永昌-高雄,2023-11-03,9303
3576,聯合再生,13,0,13,華南永昌-高雄,2023-11-03,9303
5469,瀚宇博,13,0,13,華南永昌-高雄,2023-11-03,9303
2458,義隆,23,10,13,華南永昌-高雄,2023-11-03,9303
2880,華南金,20,7,13,華南永昌-高雄,2023-11-03,9303
8034,榮群,13,0,13,華南永昌-高雄,2023-11-03,9303
00679B,元大美債20年,14,2,12,華南永昌-高雄,2023-11-03,9303
6593,台灣銘板,13,1,12,華南永昌-高雄,2023-11-03,9303
3032,偉訓,15,4,11,華南永昌-高雄,2023-11-03,9303
3321,同泰,11,0,11,華南永昌-高雄,2023-11-03,9303
8150,南茂,33,23,10,華南永昌-高雄,2023-11-03,9303
2312,金寶,10,0,10,華南永昌-高雄,2023-11-03,9303
6442,光聖,10,0,10,華南永昌-高雄,2023-11-03,9303
2462,良得電,10,0,10,華南永昌-高雄,2023-11-03,9303
3630,新鉅科,11,1,10,華南永昌-高雄,2023-11-03,9303
6219,富旺,10,0,10,華南永昌-高雄,2023-11-03,9303
9907,統一實,10,0,10,華南永昌-高雄,2023-11-03,9303
2809,京城銀,10,0,10,華南永昌-高雄,2023-11-03,9303
2353,宏��,11,1,10,華南永昌-高雄,2023-11-03,9303
9950,萬國通,18,8,10,華南永昌-高雄,2023-11-03,9303
00935,野村臺灣新科技50,264,10,254,華南永昌-高雄,2023-11-06,9303
00687B,國泰20年美債,134,0,134,華南永昌-高雄,2023-11-06,9303
2457,飛宏,146,19,127,華南永昌-高雄,2023-11-06,9303
1809,中釉,82,1,81,華南永昌-高雄,2023-11-06,9303
5351,鈺創,150,70,80,華南永昌-高雄,2023-11-06,9303
9950,萬國通,74,3,71,華南永昌-高雄,2023-11-06,9303
2722,夏都,63,2,61,華南永昌-高雄,2023-11-06,9303
00715L,期街口布蘭特正2,56,0,56,華南永昌-高雄,2023-11-06,9303
2371,大同,40,1,39,華南永昌-高雄,2023-11-06,9303
1582,信錦,34,0,34,華南永昌-高雄,2023-11-06,9303
8034,榮群,34,0,34,華南永昌-高雄,2023-11-06,9303
00931B,統一美債20年,33,0,33,華南永昌-高雄,2023-11-06,9303
1720,生達,33,1,32,華南永昌-高雄,2023-11-06,9303
4162,智擎,59,28,31,華南永昌-高雄,2023-11-06,9303
6182,合晶,33,3,30,華南永昌-高雄,2023-11-06,9303
2363,矽統,131,102,29,華南永昌-高雄,2023-11-06,9303
2329,華泰,106,77,29,華南永昌-高雄,2023-11-06,9303
2388,威盛,79,51,28,華南永昌-高雄,2023-11-06,9303
1795,美時,27,2,25,華南永昌-高雄,2023-11-06,9303
2615,萬海,27,2,25,華南永昌-高雄,2023-11-06,9303
4127,天良,25,0,25,華南永昌-高雄,2023-11-06,9303
2002,中鋼,38,13,25,華南永昌-高雄,2023-11-06,9303
1802,台玻,23,3,20,華南永昌-高雄,2023-11-06,9303
2603,長榮,25,5,20,華南永昌-高雄,2023-11-06,9303
2312,金寶,20,0,20,華南永昌-高雄,2023-11-06,9303
1323,永裕,20,0,20,華南永昌-高雄,2023-11-06,9303
8926,台汽電,20,0,20,華南永昌-高雄,2023-11-06,9303
2408,南亞科,55,36,19,華南永昌-高雄,2023-11-06,9303
3207,耀勝,18,0,18,華南永昌-高雄,2023-11-06,9303
6412,群電,22,4,18,華南永昌-高雄,2023-11-06,9303
00720B,元大投資級公司債,17,0,17,華南永昌-高雄,2023-11-06,9303
6770,力積電,19,4,15,華南永昌-高雄,2023-11-06,9303
6415,矽力*-KY,15,0,15,華南永昌-高雄,2023-11-06,9303
6122,擎邦,17,2,15,華南永昌-高雄,2023-11-06,9303
3228,金麗科,18,3,15,華南永昌-高雄,2023-11-06,9303
1721,三晃,31,17,14,華南永昌-高雄,2023-11-06,9303
3032,偉訓,13,0,13,華南永昌-高雄,2023-11-06,9303
6603,富強鑫,20,7,13,華南永昌-高雄,2023-11-06,9303
6461,益得,17,5,12,華南永昌-高雄,2023-11-06,9303
2455,全新,14,2,12,華南永昌-高雄,2023-11-06,9303
6285,啟��,16,5,11,華南永昌-高雄,2023-11-06,9303
3006,晶豪科,12,1,11,華南永昌-高雄,2023-11-06,9303
2358,廷鑫,11,0,11,華南永昌-高雄,2023-11-06,9303
6558,興能高,10,0,10,華南永昌-高雄,2023-11-06,9303
00671R,富邦NASDAQ反1,10,0,10,華南永昌-高雄,2023-11-06,9303
2739,寒舍,11,1,10,華南永昌-高雄,2023-11-06,9303
3374,精材,27,17,10,華南永昌-高雄,2023-11-06,9303
2890,永豐金,13,4,9,華南永昌-高雄,2023-11-06,9303
2809,京城銀,10,1,9,華南永昌-高雄,2023-11-06,9303
2465,麗臺,9,0,9,華南永昌-高雄,2023-11-06,9303
00935,野村臺灣新科技50,243,4,239,華南永昌-高雄,2023-11-07,9303
2882,國泰金,169,0,169,華南永昌-高雄,2023-11-07,9303
3041,揚智,110,8,102,華南永昌-高雄,2023-11-07,9303
2453,凌群,86,18,68,華南永昌-高雄,2023-11-07,9303
9105,泰金寶-DR,53,0,53,華南永昌-高雄,2023-11-07,9303
00933B,國泰10Y+金融債,70,20,50,華南永昌-高雄,2023-11-07,9303
2634,漢翔,52,3,49,華南永昌-高雄,2023-11-07,9303
2344,華邦電,52,6,46,華南永昌-高雄,2023-11-07,9303
9950,萬國通,48,2,46,華南永昌-高雄,2023-11-07,9303
3481,群創,54,12,42,華南永昌-高雄,2023-11-07,9303
4743,合一,46,6,40,華南永昌-高雄,2023-11-07,9303
00715L,期街口布蘭特正2,37,0,37,華南永昌-高雄,2023-11-07,9303
4167,松瑞藥,59,23,36,華南永昌-高雄,2023-11-07,9303
2002,中鋼,37,5,32,華南永昌-高雄,2023-11-07,9303
2492,華新科,32,0,32,華南永昌-高雄,2023-11-07,9303
1586,和勤,30,0,30,華南永昌-高雄,2023-11-07,9303
00753L,中信中國50正2,28,0,28,華南永昌-高雄,2023-11-07,9303
00679B,元大美債20年,28,2,26,華南永昌-高雄,2023-11-07,9303
1323,永裕,24,0,24,華南永昌-高雄,2023-11-07,9303
6122,擎邦,29,6,23,華南永昌-高雄,2023-11-07,9303
00934,中信成長高股息,24,2,22,華南永昌-高雄,2023-11-07,9303
6213,聯茂,22,0,22,華南永昌-高雄,2023-11-07,9303
00632R,元大台灣50反1,22,0,22,華南永昌-高雄,2023-11-07,9303
6589,台康生技,20,0,20,華南永昌-高雄,2023-11-07,9303
00688L,國泰20年美債正2,20,0,20,華南永昌-高雄,2023-11-07,9303
9907,統一實,30,10,20,華南永昌-高雄,2023-11-07,9303
2105,正新,20,3,17,華南永昌-高雄,2023-11-07,9303
5521,工信,19,2,17,華南永昌-高雄,2023-11-07,9303
6202,盛群,25,8,17,華南永昌-高雄,2023-11-07,9303
6285,啟��,16,0,16,華南永昌-高雄,2023-11-07,9303
2610,華航,17,1,16,華南永昌-高雄,2023-11-07,9303
2606,裕民,21,7,14,華南永昌-高雄,2023-11-07,9303
3207,耀勝,14,0,14,華南永昌-高雄,2023-11-07,9303
4908,前鼎,55,41,14,華南永昌-高雄,2023-11-07,9303
6133,金橋,14,0,14,華南永昌-高雄,2023-11-07,9303
2317,鴻海,14,1,13,華南永昌-高雄,2023-11-07,9303
2457,飛宏,13,0,13,華南永昌-高雄,2023-11-07,9303
00687B,國泰20年美債,15,2,13,華南永昌-高雄,2023-11-07,9303
5289,宜鼎,63,50,13,華南永昌-高雄,2023-11-07,9303
2498,宏達電,16,3,13,華南永昌-高雄,2023-11-07,9303
00680L,元大美債20正2,12,0,12,華南永昌-高雄,2023-11-07,9303
2812,台中銀,12,0,12,華南永昌-高雄,2023-11-07,9303
2312,金寶,32,20,12,華南永昌-高雄,2023-11-07,9303
1734,杏輝,13,1,12,華南永昌-高雄,2023-11-07,9303
2892,第一金,12,0,12,華南永昌-高雄,2023-11-07,9303
6770,力積電,16,5,11,華南永昌-高雄,2023-11-07,9303
3037,欣興,18,7,11,華南永昌-高雄,2023-11-07,9303
2417,圓剛,27,16,11,華南永昌-高雄,2023-11-07,9303
2388,威盛,36,25,11,華南永昌-高雄,2023-11-07,9303
8358,金居,11,0,11,華南永昌-高雄,2023-11-07,9303
9105,泰金寶-DR,151,2,149,華南永昌-高雄,2023-11-08,9303
00929,復華台灣科技優息,86,1,85,華南永昌-高雄,2023-11-08,9303
3363,上詮,98,20,78,華南永昌-高雄,2023-11-08,9303
00933B,國泰10Y+金融債,80,5,75,華南永昌-高雄,2023-11-08,9303
2363,矽統,158,84,74,華南永昌-高雄,2023-11-08,9303
00712,復華富時不動產,68,3,65,華南永昌-高雄,2023-11-08,9303
00715L,期街口布蘭特正2,63,9,54,華南永昌-高雄,2023-11-08,9303
6117,迎廣,80,27,53,華南永昌-高雄,2023-11-08,9303
00676R,富邦臺灣加權反1,50,0,50,華南永昌-高雄,2023-11-08,9303
00935,野村臺灣新科技50,54,5,49,華南永昌-高雄,2023-11-08,9303
00936,台新永續高息中小,58,10,48,華南永昌-高雄,2023-11-08,9303
8110,華東,41,3,38,華南永昌-高雄,2023-11-08,9303
1568,倉佑,39,6,33,華南永昌-高雄,2023-11-08,9303
00688L,國泰20年美債正2,30,0,30,華南永昌-高雄,2023-11-08,9303
2547,日勝生,30,0,30,華南永昌-高雄,2023-11-08,9303
00687B,國泰20年美債,32,4,28,華南永昌-高雄,2023-11-08,9303
2409,友達,31,4,27,華南永昌-高雄,2023-11-08,9303
4127,天良,27,0,27,華南永昌-高雄,2023-11-08,9303
4979,華星光,22,2,20,華南永昌-高雄,2023-11-08,9303
2388,威盛,50,30,20,華南永昌-高雄,2023-11-08,9303
2880,華南金,20,0,20,華南永昌-高雄,2023-11-08,9303
5347,世界,21,2,19,華南永昌-高雄,2023-11-08,9303
2615,萬海,20,1,19,華南永昌-高雄,2023-11-08,9303
6227,茂綸,21,3,18,華南永昌-高雄,2023-11-08,9303
00642U,期元大S＆P石油,18,0,18,華南永昌-高雄,2023-11-08,9303
2303,聯電,28,11,17,華南永昌-高雄,2023-11-08,9303
00934,中信成長高股息,17,0,17,華南永昌-高雄,2023-11-08,9303
2609,陽明,19,3,16,華南永昌-高雄,2023-11-08,9303
00671R,富邦NASDAQ反1,16,0,16,華南永昌-高雄,2023-11-08,9303
2313,華通,35,19,16,華南永昌-高雄,2023-11-08,9303
2618,長榮航,41,26,15,華南永昌-高雄,2023-11-08,9303
1440,南紡,15,0,15,華南永昌-高雄,2023-11-08,9303
1815,富喬,37,22,15,華南永昌-高雄,2023-11-08,9303
8358,金居,15,1,14,華南永昌-高雄,2023-11-08,9303
9950,萬國通,183,169,14,華南永昌-高雄,2023-11-08,9303
6243,迅杰,23,9,14,華南永昌-高雄,2023-11-08,9303
2612,中航,14,0,14,華南永昌-高雄,2023-11-08,9303
00632R,元大台灣50反1,14,0,14,華南永昌-高雄,2023-11-08,9303
2883,凱基金,40,27,13,華南永昌-高雄,2023-11-08,9303
2401,凌陽,18,5,13,華南永昌-高雄,2023-11-08,9303
8054,安國,16,4,12,華南永昌-高雄,2023-11-08,9303
2515,中工,13,1,12,華南永昌-高雄,2023-11-08,9303
4953,緯軟,11,0,11,華南永昌-高雄,2023-11-08,9303
8048,德勝,10,0,10,華南永昌-高雄,2023-11-08,9303
5864,致和證,10,0,10,華南永昌-高雄,2023-11-08,9303
00885,富邦越南,11,1,10,華南永昌-高雄,2023-11-08,9303
2890,永豐金,12,2,10,華南永昌-高雄,2023-11-08,9303
2884,玉山金,10,1,9,華南永昌-高雄,2023-11-08,9303
3176,基亞,10,1,9,華南永昌-高雄,2023-11-08,9303
1219,福壽,9,0,9,華南永昌-高雄,2023-11-08,9303
2329,華泰,250,84,166,華南永昌-高雄,2023-11-09,9303
8011,台通,342,193,149,華南永昌-高雄,2023-11-09,9303
2610,華航,131,7,124,華南永昌-高雄,2023-11-09,9303
3043,科風,92,3,89,華南永昌-高雄,2023-11-09,9303
00878,國泰永續高股息,89,10,79,華南永昌-高雄,2023-11-09,9303
9950,萬國通,64,2,62,華南永昌-高雄,2023-11-09,9303
00936,台新永續高息中小,60,2,58,華南永昌-高雄,2023-11-09,9303
00687B,國泰20年美債,73,16,57,華南永昌-高雄,2023-11-09,9303
2722,夏都,56,2,54,華南永昌-高雄,2023-11-09,9303
00676R,富邦臺灣加權反1,50,0,50,華南永昌-高雄,2023-11-09,9303
2363,矽統,152,105,47,華南永昌-高雄,2023-11-09,9303
4128,中天,47,6,41,華南永昌-高雄,2023-11-09,9303
00715L,期街口布蘭特正2,39,0,39,華南永昌-高雄,2023-11-09,9303
2634,漢翔,38,1,37,華南永昌-高雄,2023-11-09,9303
5347,世界,36,0,36,華南永昌-高雄,2023-11-09,9303
6219,富旺,62,32,30,華南永昌-高雄,2023-11-09,9303
5607,遠雄港,30,1,29,華南永昌-高雄,2023-11-09,9303
2606,裕民,30,1,29,華南永昌-高雄,2023-11-09,9303
00929,復華台灣科技優息,61,33,28,華南永昌-高雄,2023-11-09,9303
6125,廣運,38,12,26,華南永昌-高雄,2023-11-09,9303
3014,聯陽,30,5,25,華南永昌-高雄,2023-11-09,9303
1515,力山,21,0,21,華南永昌-高雄,2023-11-09,9303
6133,金橋,20,0,20,華南永昌-高雄,2023-11-09,9303
2313,華通,31,11,20,華南永昌-高雄,2023-11-09,9303
6122,擎邦,62,42,20,華南永昌-高雄,2023-11-09,9303
2031,新光鋼,20,1,19,華南永昌-高雄,2023-11-09,9303
1568,倉佑,17,1,16,華南永昌-高雄,2023-11-09,9303
3078,僑威,18,3,15,華南永昌-高雄,2023-11-09,9303
4167,松瑞藥,25,10,15,華南永昌-高雄,2023-11-09,9303
3032,偉訓,17,2,15,華南永昌-高雄,2023-11-09,9303
2453,凌群,14,0,14,華南永昌-高雄,2023-11-09,9303
1522,堤維西,14,0,14,華南永昌-高雄,2023-11-09,9303
2323,中環,14,0,14,華南永昌-高雄,2023-11-09,9303
1721,三晃,21,7,14,華南永昌-高雄,2023-11-09,9303
1319,東陽,15,2,13,華南永昌-高雄,2023-11-09,9303
6130,上亞科技,13,0,13,華南永昌-高雄,2023-11-09,9303
3483,力致,22,9,13,華南永昌-高雄,2023-11-09,9303
3680,家登,13,1,12,華南永昌-高雄,2023-11-09,9303
00795B,中信美國公債20年,12,0,12,華南永昌-高雄,2023-11-09,9303
00679B,元大美債20年,27,15,12,華南永昌-高雄,2023-11-09,9303
00934,中信成長高股息,17,6,11,華南永昌-高雄,2023-11-09,9303
00882,中信中國高股息,13,2,11,華南永昌-高雄,2023-11-09,9303
4967,十銓,12,1,11,華南永昌-高雄,2023-11-09,9303
2358,廷鑫,11,0,11,華南永昌-高雄,2023-11-09,9303
3037,欣興,12,2,10,華南永昌-高雄,2023-11-09,9303
00642U,期元大S＆P石油,15,5,10,華南永昌-高雄,2023-11-09,9303
6443,元晶,11,1,10,華南永昌-高雄,2023-11-09,9303
1323,永裕,10,0,10,華南永昌-高雄,2023-11-09,9303
4207,環泰,10,0,10,華南永昌-高雄,2023-11-09,9303
4127,天良,10,0,10,華南永昌-高雄,2023-11-09,9303
00878,國泰永續高股息,86,14,72,華南永昌-高雄,2023-11-10,9303
00936,台新永續高息中小,66,2,64,華南永昌-高雄,2023-11-10,9303
00772B,中信高評級公司債,98,37,61,華南永昌-高雄,2023-11-10,9303
1339,昭輝,50,0,50,華南永昌-高雄,2023-11-10,9303
00929,復華台灣科技優息,49,2,47,華南永昌-高雄,2023-11-10,9303
3231,緯創,96,53,43,華南永昌-高雄,2023-11-10,9303
2313,華通,144,107,37,華南永昌-高雄,2023-11-10,9303
00882,中信中國高股息,37,0,37,華南永昌-高雄,2023-11-10,9303
4127,天良,34,0,34,華南永昌-高雄,2023-11-10,9303
2610,華航,42,10,32,華南永昌-高雄,2023-11-10,9303
00933B,國泰10Y+金融債,56,25,31,華南永昌-高雄,2023-11-10,9303
1815,富喬,36,6,30,華南永昌-高雄,2023-11-10,9303
2344,華邦電,35,5,30,華南永昌-高雄,2023-11-10,9303
1442,名軒,30,0,30,華南永昌-高雄,2023-11-10,9303
00934,中信成長高股息,31,1,30,華南永昌-高雄,2023-11-10,9303
1582,信錦,30,2,28,華南永昌-高雄,2023-11-10,9303
2002,中鋼,45,18,27,華南永昌-高雄,2023-11-10,9303
2317,鴻海,27,1,26,華南永昌-高雄,2023-11-10,9303
1515,力山,118,93,25,華南永昌-高雄,2023-11-10,9303
00931B,統一美債20年,24,0,24,華南永昌-高雄,2023-11-10,9303
00679B,元大美債20年,26,3,23,華南永昌-高雄,2023-11-10,9303
2353,宏��,25,2,23,華南永昌-高雄,2023-11-10,9303
2634,漢翔,24,1,23,華南永昌-高雄,2023-11-10,9303
3043,科風,23,0,23,華南永昌-高雄,2023-11-10,9303
00857B,永豐20年美公債,21,0,21,華南永昌-高雄,2023-11-10,9303
2462,良得電,20,0,20,華南永昌-高雄,2023-11-10,9303
4109,加捷生醫,20,0,20,華南永昌-高雄,2023-11-10,9303
6526,達發,23,4,19,華南永昌-高雄,2023-11-10,9303
2739,寒舍,20,1,19,華南永昌-高雄,2023-11-10,9303
2606,裕民,19,0,19,華南永昌-高雄,2023-11-10,9303
4108,懷特,15,0,15,華南永昌-高雄,2023-11-10,9303
00671R,富邦NASDAQ反1,15,0,15,華南永昌-高雄,2023-11-10,9303
6605,帝寶,13,0,13,華南永昌-高雄,2023-11-10,9303
00680L,元大美債20正2,13,0,13,華南永昌-高雄,2023-11-10,9303
2338,光罩,17,4,13,華南永昌-高雄,2023-11-10,9303
1795,美時,18,5,13,華南永昌-高雄,2023-11-10,9303
2609,陽明,13,1,12,華南永昌-高雄,2023-11-10,9303
2618,長榮航,23,11,12,華南永昌-高雄,2023-11-10,9303
3037,欣興,13,2,11,華南永昌-高雄,2023-11-10,9303
4960,誠美材,61,50,11,華南永昌-高雄,2023-11-10,9303
2340,台亞,15,4,11,華南永昌-高雄,2023-11-10,9303
0056,元大高股息,11,0,11,華南永昌-高雄,2023-11-10,9303
6290,良維,11,0,11,華南永昌-高雄,2023-11-10,9303
6016,康和證,10,0,10,華南永昌-高雄,2023-11-10,9303
2419,仲琦,10,0,10,華南永昌-高雄,2023-11-10,9303
1314,中石化,10,0,10,華南永昌-高雄,2023-11-10,9303
1301,台塑,10,0,10,華南永昌-高雄,2023-11-10,9303
2405,輔信,10,0,10,華南永昌-高雄,2023-11-10,9303
2352,佳世達,40,30,10,華南永昌-高雄,2023-11-10,9303
00918,大華優利高填息30,10,0,10,華南永昌-高雄,2023-11-10,9303
2618,長榮航,81,10,71,華南永昌-高雄,2023-11-13,9303
00632R,元大台灣50反1,52,0,52,華南永昌-高雄,2023-11-13,9303
00676R,富邦臺灣加權反1,50,0,50,華南永昌-高雄,2023-11-13,9303
00712,復華富時不動產,51,2,49,華南永昌-高雄,2023-11-13,9303
2442,新美齊,54,10,44,華南永昌-高雄,2023-11-13,9303
6451,訊芯-KY,47,3,44,華南永昌-高雄,2023-11-13,9303
2888,新光金,44,0,44,華南永昌-高雄,2023-11-13,9303
6198,瑞築,40,0,40,華南永昌-高雄,2023-11-13,9303
00878,國泰永續高股息,47,9,38,華南永昌-高雄,2023-11-13,9303
00936,台新永續高息中小,37,0,37,華南永昌-高雄,2023-11-13,9303
2382,廣達,58,28,30,華南永昌-高雄,2023-11-13,9303
2369,菱生,148,118,30,華南永昌-高雄,2023-11-13,9303
1323,永裕,30,0,30,華南永昌-高雄,2023-11-13,9303
6901,鑽石投資,32,3,29,華南永昌-高雄,2023-11-13,9303
00929,復華台灣科技優息,43,15,28,華南永昌-高雄,2023-11-13,9303
3481,群創,36,8,28,華南永昌-高雄,2023-11-13,9303
6143,振曜,26,0,26,華南永昌-高雄,2023-11-13,9303
4979,華星光,35,10,25,華南永昌-高雄,2023-11-13,9303
6133,金橋,25,1,24,華南永昌-高雄,2023-11-13,9303
8358,金居,26,4,22,華南永昌-高雄,2023-11-13,9303
3576,聯合再生,24,2,22,華南永昌-高雄,2023-11-13,9303
2745,五福,22,1,21,華南永昌-高雄,2023-11-13,9303
6139,亞翔,61,41,20,華南永昌-高雄,2023-11-13,9303
00786B,元大10年IG銀行債,20,0,20,華南永昌-高雄,2023-11-13,9303
2002,中鋼,37,19,18,華南永昌-高雄,2023-11-13,9303
2606,裕民,19,1,18,華南永昌-高雄,2023-11-13,9303
6770,力積電,21,5,16,華南永昌-高雄,2023-11-13,9303
2387,精元,19,4,15,華南永昌-高雄,2023-11-13,9303
00679B,元大美債20年,19,4,15,華南永昌-高雄,2023-11-13,9303
4552,力達-KY,15,0,15,華南永昌-高雄,2023-11-13,9303
1795,美時,23,8,15,華南永昌-高雄,2023-11-13,9303
2641,正德,15,0,15,華南永昌-高雄,2023-11-13,9303
1101,台泥,16,2,14,華南永昌-高雄,2023-11-13,9303
1723,中碳,14,0,14,華南永昌-高雄,2023-11-13,9303
2408,南亞科,24,10,14,華南永昌-高雄,2023-11-13,9303
6491,晶碩,14,0,14,華南永昌-高雄,2023-11-13,9303
1314,中石化,14,1,13,華南永昌-高雄,2023-11-13,9303
2486,一詮,13,0,13,華南永昌-高雄,2023-11-13,9303
8390,金益鼎,13,0,13,華南永昌-高雄,2023-11-13,9303
8048,德勝,12,0,12,華南永昌-高雄,2023-11-13,9303
2615,萬海,22,10,12,華南永昌-高雄,2023-11-13,9303
00671R,富邦NASDAQ反1,12,0,12,華南永昌-高雄,2023-11-13,9303
1217,愛之味,12,0,12,華南永昌-高雄,2023-11-13,9303
9919,康那香,12,0,12,華南永昌-高雄,2023-11-13,9303
2485,兆赫,12,1,11,華南永昌-高雄,2023-11-13,9303
2331,精英,11,0,11,華南永昌-高雄,2023-11-13,9303
00715L,期街口布蘭特正2,10,0,10,華南永昌-高雄,2023-11-13,9303
1201,味全,10,0,10,華南永昌-高雄,2023-11-13,9303
6616,特昇-KY,10,0,10,華南永昌-高雄,2023-11-13,9303
1618,合機,11,1,10,華南永昌-高雄,2023-11-13,9303
2344,華邦電,960,67,893,華南永昌-高雄,2023-11-14,9303
2417,圓剛,412,222,190,華南永昌-高雄,2023-11-14,9303
4127,天良,57,0,57,華南永昌-高雄,2023-11-14,9303
2606,裕民,64,10,54,華南永昌-高雄,2023-11-14,9303
8011,台通,173,121,52,華南永昌-高雄,2023-11-14,9303
00935,野村臺灣新科技50,53,10,43,華南永昌-高雄,2023-11-14,9303
9105,泰金寶-DR,40,0,40,華南永昌-高雄,2023-11-14,9303
6550,北極星藥業-KY,32,0,32,華南永昌-高雄,2023-11-14,9303
1504,東元,33,3,30,華南永昌-高雄,2023-11-14,9303
2890,永豐金,43,13,30,華南永昌-高雄,2023-11-14,9303
6143,振曜,26,1,25,華南永昌-高雄,2023-11-14,9303
1463,強盛新,25,0,25,華南永昌-高雄,2023-11-14,9303
2002,中鋼,25,3,22,華南永昌-高雄,2023-11-14,9303
1815,富喬,23,2,21,華南永昌-高雄,2023-11-14,9303
2618,長榮航,36,18,18,華南永昌-高雄,2023-11-14,9303
2206,三陽工業,24,6,18,華南永昌-高雄,2023-11-14,9303
2105,正新,25,7,18,華南永昌-高雄,2023-11-14,9303
2356,英業達,36,19,17,華南永昌-高雄,2023-11-14,9303
8088,品安,23,6,17,華南永昌-高雄,2023-11-14,9303
3402,漢科,18,1,17,華南永昌-高雄,2023-11-14,9303
3037,欣興,19,3,16,華南永昌-高雄,2023-11-14,9303
2371,大同,15,0,15,華南永昌-高雄,2023-11-14,9303
3081,聯亞,15,0,15,華南永昌-高雄,2023-11-14,9303
00713,元大台灣高息低波,15,1,14,華南永昌-高雄,2023-11-14,9303
2834,臺企銀,14,0,14,華南永昌-高雄,2023-11-14,9303
4207,環泰,14,0,14,華南永昌-高雄,2023-11-14,9303
1802,台玻,15,1,14,華南永昌-高雄,2023-11-14,9303
2442,新美齊,14,0,14,華南永昌-高雄,2023-11-14,9303
3548,兆利,122,108,14,華南永昌-高雄,2023-11-14,9303
3406,玉晶光,19,6,13,華南永昌-高雄,2023-11-14,9303
1304,台聚,17,4,13,華南永昌-高雄,2023-11-14,9303
00632R,元大台灣50反1,18,5,13,華南永昌-高雄,2023-11-14,9303
4906,正文,15,3,12,華南永昌-高雄,2023-11-14,9303
3231,緯創,80,68,12,華南永昌-高雄,2023-11-14,9303
2355,敬鵬,16,5,11,華南永昌-高雄,2023-11-14,9303
2402,毅嘉,15,4,11,華南永昌-高雄,2023-11-14,9303
00890B,凱基ESG BBB債,11,0,11,華南永昌-高雄,2023-11-14,9303
9945,潤泰新,15,4,11,華南永昌-高雄,2023-11-14,9303
2637,慧洋-KY,12,2,10,華南永昌-高雄,2023-11-14,9303
2605,新興,13,3,10,華南永昌-高雄,2023-11-14,9303
2511,太子,10,0,10,華南永昌-高雄,2023-11-14,9303
4770,上品,10,0,10,華南永昌-高雄,2023-11-14,9303
6257,矽格,10,1,9,華南永昌-高雄,2023-11-14,9303
1217,愛之味,16,7,9,華南永昌-高雄,2023-11-14,9303
00756B,群益投等新興公債,8,0,8,華南永昌-高雄,2023-11-14,9303
3041,揚智,12,4,8,華南永昌-高雄,2023-11-14,9303
00687B,國泰20年美債,7,0,7,華南永昌-高雄,2023-11-14,9303
1515,力山,15,8,7,華南永昌-高雄,2023-11-14,9303
1101,台泥,7,0,7,華南永昌-高雄,2023-11-14,9303
2323,中環,7,0,7,華南永昌-高雄,2023-11-14,9303
5607,遠雄港,166,40,126,華南永昌-高雄,2023-11-15,9303
2323,中環,121,1,120,華南永昌-高雄,2023-11-15,9303
00632R,元大台灣50反1,110,5,105,華南永昌-高雄,2023-11-15,9303
00878,國泰永續高股息,107,21,86,華南永昌-高雄,2023-11-15,9303
00687B,國泰20年美債,80,8,72,華南永昌-高雄,2023-11-15,9303
6901,鑽石投資,73,5,68,華南永昌-高雄,2023-11-15,9303
00712,復華富時不動產,80,14,66,華南永昌-高雄,2023-11-15,9303
9105,泰金寶-DR,60,0,60,華南永昌-高雄,2023-11-15,9303
6143,振曜,50,3,47,華南永昌-高雄,2023-11-15,9303
4906,正文,46,0,46,華南永昌-高雄,2023-11-15,9303
4979,華星光,48,5,43,華南永昌-高雄,2023-11-15,9303
2353,宏��,33,0,33,華南永昌-高雄,2023-11-15,9303
1568,倉佑,36,3,33,華南永昌-高雄,2023-11-15,9303
3545,敦泰,49,16,33,華南永昌-高雄,2023-11-15,9303
2890,永豐金,40,8,32,華南永昌-高雄,2023-11-15,9303
00679B,元大美債20年,30,0,30,華南永昌-高雄,2023-11-15,9303
3036,文曄,40,10,30,華南永昌-高雄,2023-11-15,9303
4127,天良,30,0,30,華南永昌-高雄,2023-11-15,9303
1708,東鹼,30,0,30,華南永昌-高雄,2023-11-15,9303
2313,華通,43,18,25,華南永昌-高雄,2023-11-15,9303
2630,亞航,26,2,24,華南永昌-高雄,2023-11-15,9303
2371,大同,33,9,24,華南永昌-高雄,2023-11-15,9303
8358,金居,22,0,22,華南永昌-高雄,2023-11-15,9303
1560,中砂,23,2,21,華南永昌-高雄,2023-11-15,9303
2442,新美齊,21,0,21,華南永昌-高雄,2023-11-15,9303
8011,台通,55,35,20,華南永昌-高雄,2023-11-15,9303
6275,元山,20,0,20,華南永昌-高雄,2023-11-15,9303
8936,國統,21,2,19,華南永昌-高雄,2023-11-15,9303
2363,矽統,141,124,17,華南永昌-高雄,2023-11-15,9303
6451,訊芯-KY,30,13,17,華南永昌-高雄,2023-11-15,9303
1586,和勤,17,0,17,華南永昌-高雄,2023-11-15,9303
1721,三晃,29,13,16,華南永昌-高雄,2023-11-15,9303
2883B,凱基金乙特,16,0,16,華南永昌-高雄,2023-11-15,9303
00931B,統一美債20年,15,0,15,華南永昌-高雄,2023-11-15,9303
1216,統一,15,0,15,華南永昌-高雄,2023-11-15,9303
00929,復華台灣科技優息,38,24,14,華南永昌-高雄,2023-11-15,9303
5258,虹堡,14,1,13,華南永昌-高雄,2023-11-15,9303
3704,合勤控,13,0,13,華南永昌-高雄,2023-11-15,9303
2359,所羅門,21,9,12,華南永昌-高雄,2023-11-15,9303
00903,富邦元宇宙,12,0,12,華南永昌-高雄,2023-11-15,9303
3402,漢科,12,1,11,華南永昌-高雄,2023-11-15,9303
2607,榮運,12,1,11,華南永昌-高雄,2023-11-15,9303
6257,矽格,11,0,11,華南永昌-高雄,2023-11-15,9303
6189,豐藝,10,0,10,華南永昌-高雄,2023-11-15,9303
4533,協易機,11,1,10,華南永昌-高雄,2023-11-15,9303
5475,德宏,10,0,10,華南永昌-高雄,2023-11-15,9303
6442,光聖,10,0,10,華南永昌-高雄,2023-11-15,9303
2637,慧洋-KY,22,12,10,華南永昌-高雄,2023-11-15,9303
9921,巨大,11,1,10,華南永昌-高雄,2023-11-15,9303
4939,亞電,10,0,10,華南永昌-高雄,2023-11-15,9303
6695,芯鼎,126,33,93,華南永昌-高雄,2023-11-16,9303
00878,國泰永續高股息,97,14,83,華南永昌-高雄,2023-11-16,9303
00632R,元大台灣50反1,76,0,76,華南永昌-高雄,2023-11-16,9303
2388,威盛,93,21,72,華南永昌-高雄,2023-11-16,9303
00715L,期街口布蘭特正2,67,0,67,華南永昌-高雄,2023-11-16,9303
4979,華星光,104,46,58,華南永昌-高雄,2023-11-16,9303
2023,燁輝,85,31,54,華南永昌-高雄,2023-11-16,9303
00679B,元大美債20年,57,6,51,華南永昌-高雄,2023-11-16,9303
2363,矽統,139,89,50,華南永昌-高雄,2023-11-16,9303
00676R,富邦臺灣加權反1,50,0,50,華南永昌-高雄,2023-11-16,9303
5321,美而快,49,0,49,華南永昌-高雄,2023-11-16,9303
00680L,元大美債20正2,48,0,48,華南永昌-高雄,2023-11-16,9303
1339,昭輝,50,2,48,華南永昌-高雄,2023-11-16,9303
3231,緯創,69,24,45,華南永昌-高雄,2023-11-16,9303
5512,力麒,41,0,41,華南永昌-高雄,2023-11-16,9303
4108,懷特,38,0,38,華南永昌-高雄,2023-11-16,9303
4967,十銓,73,40,33,華南永昌-高雄,2023-11-16,9303
3715,定穎投控,40,9,31,華南永昌-高雄,2023-11-16,9303
2329,華泰,193,165,28,華南永昌-高雄,2023-11-16,9303
6901,鑽石投資,30,2,28,華南永昌-高雄,2023-11-16,9303
2485,兆赫,30,6,24,華南永昌-高雄,2023-11-16,9303
00931B,統一美債20年,23,0,23,華南永昌-高雄,2023-11-16,9303
5607,遠雄港,55,32,23,華南永昌-高雄,2023-11-16,9303
00857B,永豐20年美公債,23,0,23,華南永昌-高雄,2023-11-16,9303
1609,大亞,29,7,22,華南永昌-高雄,2023-11-16,9303
2637,慧洋-KY,23,3,20,華南永昌-高雄,2023-11-16,9303
00751B,元大AAA至A公司債,17,0,17,華南永昌-高雄,2023-11-16,9303
2462,良得電,18,2,16,華南永昌-高雄,2023-11-16,9303
2442,新美齊,16,0,16,華南永昌-高雄,2023-11-16,9303
2313,華通,27,11,16,華南永昌-高雄,2023-11-16,9303
00637L,元大滬深300正2,16,1,15,華南永昌-高雄,2023-11-16,9303
8054,安國,20,5,15,華南永昌-高雄,2023-11-16,9303
00933B,國泰10Y+金融債,14,0,14,華南永昌-高雄,2023-11-16,9303
9907,統一實,13,0,13,華南永昌-高雄,2023-11-16,9303
00687B,國泰20年美債,17,4,13,華南永昌-高雄,2023-11-16,9303
00929,復華台灣科技優息,29,16,13,華南永昌-高雄,2023-11-16,9303
00935,野村臺灣新科技50,12,0,12,華南永昌-高雄,2023-11-16,9303
3511,矽瑪,12,0,12,華南永昌-高雄,2023-11-16,9303
2402,毅嘉,15,3,12,華南永昌-高雄,2023-11-16,9303
2354,鴻準,13,2,11,華南永昌-高雄,2023-11-16,9303
1313,聯成,14,3,11,華南永昌-高雄,2023-11-16,9303
2380,虹光,13,2,11,華南永昌-高雄,2023-11-16,9303
1434,福懋,10,0,10,華南永昌-高雄,2023-11-16,9303
1504,東元,16,6,10,華南永昌-高雄,2023-11-16,9303
2615,萬海,20,10,10,華南永昌-高雄,2023-11-16,9303
3685,元創精密,10,0,10,華南永昌-高雄,2023-11-16,9303
6442,光聖,11,1,10,華南永昌-高雄,2023-11-16,9303
1714,和桐,10,0,10,華南永昌-高雄,2023-11-16,9303
3489,森寶,10,0,10,華南永昌-高雄,2023-11-16,9303
8048,德勝,10,0,10,華南永昌-高雄,2023-11-16,9303
5607,遠雄港,310,27,283,華南永昌-高雄,2023-11-17,9303
1432,大魯閣,215,5,210,華南永昌-高雄,2023-11-17,9303
00715L,期街口布蘭特正2,132,1,131,華南永昌-高雄,2023-11-17,9303
2241,艾姆勒,107,0,107,華南永昌-高雄,2023-11-17,9303
00919,群益台灣精選高息,127,30,97,華南永昌-高雄,2023-11-17,9303
1515,力山,105,10,95,華南永昌-高雄,2023-11-17,9303
00929,復華台灣科技優息,119,61,58,華南永昌-高雄,2023-11-17,9303
1582,信錦,52,0,52,華南永昌-高雄,2023-11-17,9303
2106,建大,50,1,49,華南永昌-高雄,2023-11-17,9303
6243,迅杰,92,47,45,華南永昌-高雄,2023-11-17,9303
2371,大同,43,3,40,華南永昌-高雄,2023-11-17,9303
6219,富旺,55,15,40,華南永昌-高雄,2023-11-17,9303
00751B,元大AAA至A公司債,38,0,38,華南永昌-高雄,2023-11-17,9303
8936,國統,39,4,35,華南永昌-高雄,2023-11-17,9303
6026,福邦證,30,0,30,華南永昌-高雄,2023-11-17,9303
6122,擎邦,29,0,29,華南永昌-高雄,2023-11-17,9303
4127,天良,27,0,27,華南永昌-高雄,2023-11-17,9303
00931B,統一美債20年,25,0,25,華南永昌-高雄,2023-11-17,9303
00637L,元大滬深300正2,28,3,25,華南永昌-高雄,2023-11-17,9303
2369,菱生,37,14,23,華南永昌-高雄,2023-11-17,9303
8028,昇陽半導體,23,0,23,華南永昌-高雄,2023-11-17,9303
00679B,元大美債20年,25,2,23,華南永昌-高雄,2023-11-17,9303
2705,六福,24,1,23,華南永昌-高雄,2023-11-17,9303
1815,富喬,35,14,21,華南永昌-高雄,2023-11-17,9303
00882,中信中國高股息,21,0,21,華南永昌-高雄,2023-11-17,9303
3011,今皓,21,0,21,華南永昌-高雄,2023-11-17,9303
00885,富邦越南,20,0,20,華南永昌-高雄,2023-11-17,9303
6275,元山,22,2,20,華南永昌-高雄,2023-11-17,9303
00664R,國泰臺灣加權反1,20,0,20,華南永昌-高雄,2023-11-17,9303
2356,英業達,37,18,19,華南永昌-高雄,2023-11-17,9303
2903,遠百,20,1,19,華南永昌-高雄,2023-11-17,9303
1409,新纖,20,2,18,華南永昌-高雄,2023-11-17,9303
2610,華航,35,19,16,華南永昌-高雄,2023-11-17,9303
3489,森寶,16,0,16,華南永昌-高雄,2023-11-17,9303
4552,力達-KY,15,0,15,華南永昌-高雄,2023-11-17,9303
2885,元大金,16,1,15,華南永昌-高雄,2023-11-17,9303
6016,康和證,15,0,15,華南永昌-高雄,2023-11-17,9303
00642U,期元大S＆P石油,15,1,14,華南永昌-高雄,2023-11-17,9303
4768,晶呈科技,13,0,13,華南永昌-高雄,2023-11-17,9303
2630,亞航,12,0,12,華南永昌-高雄,2023-11-17,9303
1584,精剛,12,0,12,華南永昌-高雄,2023-11-17,9303
8358,金居,21,9,12,華南永昌-高雄,2023-11-17,9303
1319,東陽,14,3,11,華南永昌-高雄,2023-11-17,9303
4908,前鼎,16,5,11,華南永昌-高雄,2023-11-17,9303
2641,正德,11,0,11,華南永昌-高雄,2023-11-17,9303
00900,富邦特選高股息30,11,0,11,華南永昌-高雄,2023-11-17,9303
00706L,期元大S＆P日圓正2,11,0,11,華南永昌-高雄,2023-11-17,9303
9921,巨大,10,0,10,華南永昌-高雄,2023-11-17,9303
5512,力麒,10,0,10,華南永昌-高雄,2023-11-17,9303
2059,川湖,18,8,10,華南永昌-高雄,2023-11-17,9303
00679B,元大美債20年,145,0,145,華南永昌-高雄,2023-11-20,9303
00637L,元大滬深300正2,116,17,99,華南永昌-高雄,2023-11-20,9303
00878,國泰永續高股息,73,2,71,華南永昌-高雄,2023-11-20,9303
2888,新光金,70,6,64,華南永昌-高雄,2023-11-20,9303
2618,長榮航,79,20,59,華南永昌-高雄,2023-11-20,9303
2883,凱基金,57,3,54,華南永昌-高雄,2023-11-20,9303
00885,富邦越南,54,0,54,華南永昌-高雄,2023-11-20,9303
2801,彰銀,52,2,50,華南永昌-高雄,2023-11-20,9303
1316,上曜,42,3,39,華南永昌-高雄,2023-11-20,9303
4129,聯合,83,48,35,華南永昌-高雄,2023-11-20,9303
2610,華航,37,5,32,華南永昌-高雄,2023-11-20,9303
2880,華南金,44,12,32,華南永昌-高雄,2023-11-20,9303
2442,新美齊,30,0,30,華南永昌-高雄,2023-11-20,9303
00687B,國泰20年美債,29,0,29,華南永昌-高雄,2023-11-20,9303
2316,楠梓電,30,1,29,華南永昌-高雄,2023-11-20,9303
5347,世界,72,44,28,華南永昌-高雄,2023-11-20,9303
5607,遠雄港,54,26,28,華南永昌-高雄,2023-11-20,9303
2312,金寶,41,14,27,華南永昌-高雄,2023-11-20,9303
00915,凱基優選高股息30,25,1,24,華南永昌-高雄,2023-11-20,9303
5236,凌陽創新,25,4,21,華南永昌-高雄,2023-11-20,9303
3060,銘異,23,2,21,華南永昌-高雄,2023-11-20,9303
6138,茂達,36,15,21,華南永昌-高雄,2023-11-20,9303
2601,益航,20,0,20,華南永昌-高雄,2023-11-20,9303
8261,富鼎,21,1,20,華南永昌-高雄,2023-11-20,9303
5706,鳳凰,30,11,19,華南永昌-高雄,2023-11-20,9303
6191,精成科,20,1,19,華南永昌-高雄,2023-11-20,9303
2380,虹光,22,4,18,華南永昌-高雄,2023-11-20,9303
00919,群益台灣精選高息,24,8,16,華南永昌-高雄,2023-11-20,9303
3701,大眾控,18,2,16,華南永昌-高雄,2023-11-20,9303
2105,正新,16,0,16,華南永昌-高雄,2023-11-20,9303
8086,宏捷科,15,0,15,華南永昌-高雄,2023-11-20,9303
00706L,期元大S＆P日圓正2,15,0,15,華南永昌-高雄,2023-11-20,9303
2402,毅嘉,21,6,15,華南永昌-高雄,2023-11-20,9303
6270,倍微,16,1,15,華南永昌-高雄,2023-11-20,9303
3037,欣興,27,13,14,華南永昌-高雄,2023-11-20,9303
3363,上詮,14,0,14,華南永昌-高雄,2023-11-20,9303
2014,中鴻,14,0,14,華南永昌-高雄,2023-11-20,9303
2881,富邦金,18,4,14,華南永昌-高雄,2023-11-20,9303
00931B,統一美債20年,13,0,13,華南永昌-高雄,2023-11-20,9303
2401,凌陽,24,11,13,華南永昌-高雄,2023-11-20,9303
2340,台亞,16,3,13,華南永昌-高雄,2023-11-20,9303
1313,聯成,13,0,13,華南永昌-高雄,2023-11-20,9303
2201,裕隆,15,3,12,華南永昌-高雄,2023-11-20,9303
3036,文曄,25,13,12,華南永昌-高雄,2023-11-20,9303
00712,復華富時不動產,12,0,12,華南永昌-高雄,2023-11-20,9303
4931,新盛力,15,3,12,華南永昌-高雄,2023-11-20,9303
2409,友達,11,0,11,華南永昌-高雄,2023-11-20,9303
8163,達方,11,0,11,華南永昌-高雄,2023-11-20,9303
2637,慧洋-KY,12,1,11,華南永昌-高雄,2023-11-20,9303
00934,中信成長高股息,17,7,10,華南永昌-高雄,2023-11-20,9303
1432,大魯閣,271,6,265,華南永昌-高雄,2023-11-21,9303
00632R,元大台灣50反1,180,10,170,華南永昌-高雄,2023-11-21,9303
3041,揚智,142,13,129,華南永昌-高雄,2023-11-21,9303
3049,精金,97,1,96,華南永昌-高雄,2023-11-21,9303
5292,華懋,84,0,84,華南永昌-高雄,2023-11-21,9303
6530,創威,88,4,84,華南永昌-高雄,2023-11-21,9303
2537,聯上發,81,6,75,華南永昌-高雄,2023-11-21,9303
00919,群益台灣精選高息,74,3,71,華南永昌-高雄,2023-11-21,9303
1604,聲寶,65,0,65,華南永昌-高雄,2023-11-21,9303
9927,泰銘,56,0,56,華南永昌-高雄,2023-11-21,9303
5347,世界,85,30,55,華南永昌-高雄,2023-11-21,9303
8936,國統,60,11,49,華南永昌-高雄,2023-11-21,9303
5533,皇鼎,45,2,43,華南永昌-高雄,2023-11-21,9303
1316,上曜,42,1,41,華南永昌-高雄,2023-11-21,9303
6462,神盾,35,1,34,華南永昌-高雄,2023-11-21,9303
2380,虹光,44,11,33,華南永昌-高雄,2023-11-21,9303
2540,愛山林,30,0,30,華南永昌-高雄,2023-11-21,9303
5871,中租-KY,30,0,30,華南永昌-高雄,2023-11-21,9303
3059,華晶科,40,10,30,華南永昌-高雄,2023-11-21,9303
6168,宏齊,30,3,27,華南永昌-高雄,2023-11-21,9303
2421,建準,32,6,26,華南永昌-高雄,2023-11-21,9303
6125,廣運,61,35,26,華南永昌-高雄,2023-11-21,9303
6139,亞翔,34,9,25,華南永昌-高雄,2023-11-21,9303
2883,凱基金,72,49,23,華南永昌-高雄,2023-11-21,9303
1722,台肥,23,0,23,華南永昌-高雄,2023-11-21,9303
2481,強茂,22,0,22,華南永昌-高雄,2023-11-21,9303
3062,建漢,28,7,21,華南永昌-高雄,2023-11-21,9303
3047,訊舟,37,16,21,華南永昌-高雄,2023-11-21,9303
6122,擎邦,21,0,21,華南永昌-高雄,2023-11-21,9303
6117,迎廣,105,84,21,華南永昌-高雄,2023-11-21,9303
2329,華泰,49,30,19,華南永昌-高雄,2023-11-21,9303
00679B,元大美債20年,19,0,19,華南永昌-高雄,2023-11-21,9303
2355,敬鵬,36,18,18,華南永昌-高雄,2023-11-21,9303
8261,富鼎,17,0,17,華南永昌-高雄,2023-11-21,9303
3665,貿聯-KY,15,0,15,華南永昌-高雄,2023-11-21,9303
00893,國泰智能電動車,20,5,15,華南永昌-高雄,2023-11-21,9303
1324,地球,17,2,15,華南永昌-高雄,2023-11-21,9303
3715,定穎投控,22,7,15,華南永昌-高雄,2023-11-21,9303
1524,耿鼎,46,32,14,華南永昌-高雄,2023-11-21,9303
2204,中華,28,14,14,華南永昌-高雄,2023-11-21,9303
00922,國泰台灣領袖50,13,0,13,華南永昌-高雄,2023-11-21,9303
5351,鈺創,71,58,13,華南永昌-高雄,2023-11-21,9303
2412,中華電,12,0,12,華南永昌-高雄,2023-11-21,9303
00936,台新永續高息中小,13,1,12,華南永昌-高雄,2023-11-21,9303
2605,新興,13,1,12,華南永昌-高雄,2023-11-21,9303
9945,潤泰新,14,3,11,華南永昌-高雄,2023-11-21,9303
2402,毅嘉,11,0,11,華南永昌-高雄,2023-11-21,9303
2401,凌陽,16,5,11,華南永昌-高雄,2023-11-21,9303
2855,統一證,10,0,10,華南永昌-高雄,2023-11-21,9303
4729,熒茂,10,0,10,華南永昌-高雄,2023-11-21,9303
3231,緯創,164,50,114,華南永昌-高雄,2023-11-22,9303
2356,英業達,106,11,95,華南永昌-高雄,2023-11-22,9303
2367,燿華,220,140,80,華南永昌-高雄,2023-11-22,9303
3122,笙泉,92,14,78,華南永昌-高雄,2023-11-22,9303
6282,康舒,152,81,71,華南永昌-高雄,2023-11-22,9303
5292,華懋,63,8,55,華南永昌-高雄,2023-11-22,9303
1528,恩德,54,0,54,華南永昌-高雄,2023-11-22,9303
1463,強盛新,37,0,37,華南永昌-高雄,2023-11-22,9303
1616,億泰,40,4,36,華南永昌-高雄,2023-11-22,9303
00772B,中信高評級公司債,51,17,34,華南永昌-高雄,2023-11-22,9303
8936,國統,219,186,33,華南永昌-高雄,2023-11-22,9303
2301,光寶科,33,2,31,華南永昌-高雄,2023-11-22,9303
00751B,元大AAA至A公司債,28,0,28,華南永昌-高雄,2023-11-22,9303
2340,台亞,28,1,27,華南永昌-高雄,2023-11-22,9303
2409,友達,27,2,25,華南永昌-高雄,2023-11-22,9303
6901,鑽石投資,23,2,21,華南永昌-高雄,2023-11-22,9303
1720,生達,20,0,20,華南永昌-高雄,2023-11-22,9303
2002,中鋼,61,41,20,華南永昌-高雄,2023-11-22,9303
3325,旭品,39,20,19,華南永昌-高雄,2023-11-22,9303
2637,慧洋-KY,19,0,19,華南永昌-高雄,2023-11-22,9303
3005,神基,27,8,19,華南永昌-高雄,2023-11-22,9303
2317,鴻海,31,13,18,華南永昌-高雄,2023-11-22,9303
2801,彰銀,18,0,18,華南永昌-高雄,2023-11-22,9303
6275,元山,20,3,17,華南永昌-高雄,2023-11-22,9303
2421,建準,17,1,16,華南永昌-高雄,2023-11-22,9303
2748,雲品,28,12,16,華南永昌-高雄,2023-11-22,9303
5443,均豪,26,10,16,華南永昌-高雄,2023-11-22,9303
2888,新光金,15,0,15,華南永昌-高雄,2023-11-22,9303
5381,合正,15,0,15,華南永昌-高雄,2023-11-22,9303
3163,波若威,16,1,15,華南永昌-高雄,2023-11-22,9303
3051,力特,16,1,15,華南永昌-高雄,2023-11-22,9303
6139,亞翔,31,16,15,華南永昌-高雄,2023-11-22,9303
2610,華航,47,33,14,華南永昌-高雄,2023-11-22,9303
2352,佳世達,14,0,14,華南永昌-高雄,2023-11-22,9303
2537,聯上發,20,6,14,華南永昌-高雄,2023-11-22,9303
2401,凌陽,21,7,14,華南永昌-高雄,2023-11-22,9303
5289,宜鼎,13,0,13,華南永昌-高雄,2023-11-22,9303
2201,裕隆,13,0,13,華南永昌-高雄,2023-11-22,9303
00720B,元大投資級公司債,13,0,13,華南永昌-高雄,2023-11-22,9303
6418,詠昇,14,1,13,華南永昌-高雄,2023-11-22,9303
2855,統一證,13,0,13,華南永昌-高雄,2023-11-22,9303
2388,威盛,66,54,12,華南永昌-高雄,2023-11-22,9303
8429,金麗-KY,12,0,12,華南永昌-高雄,2023-11-22,9303
6533,晶心科,26,14,12,華南永昌-高雄,2023-11-22,9303
9907,統一實,11,0,11,華南永昌-高雄,2023-11-22,9303
3227,原相,35,24,11,華南永昌-高雄,2023-11-22,9303
3545,敦泰,33,22,11,華南永昌-高雄,2023-11-22,9303
5871,中租-KY,11,0,11,華南永昌-高雄,2023-11-22,9303
2382,廣達,29,19,10,華南永昌-高雄,2023-11-22,9303
1721,三晃,10,0,10,華南永昌-高雄,2023-11-22,9303
9105,泰金寶-DR,228,16,212,華南永昌-高雄,2023-11-23,9303
8936,國統,156,35,121,華南永昌-高雄,2023-11-23,9303
00919,群益台灣精選高息,116,0,116,華南永昌-高雄,2023-11-23,9303
3694,海華,109,2,107,華南永昌-高雄,2023-11-23,9303
1432,大魯閣,95,10,85,華南永昌-高雄,2023-11-23,9303
2547,日勝生,85,0,85,華南永昌-高雄,2023-11-23,9303
3623,富晶通,195,116,79,華南永昌-高雄,2023-11-23,9303
00715L,期街口布蘭特正2,86,10,76,華南永昌-高雄,2023-11-23,9303
6695,芯鼎,74,8,66,華南永昌-高雄,2023-11-23,9303
00929,復華台灣科技優息,79,25,54,華南永昌-高雄,2023-11-23,9303
3231,緯創,88,37,51,華南永昌-高雄,2023-11-23,9303
6578,達邦蛋白,40,0,40,華南永昌-高雄,2023-11-23,9303
2363,矽統,64,26,38,華南永昌-高雄,2023-11-23,9303
2356,英業達,50,13,37,華南永昌-高雄,2023-11-23,9303
3289,宜特,37,0,37,華南永昌-高雄,2023-11-23,9303
2457,飛宏,42,5,37,華南永昌-高雄,2023-11-23,9303
6901,鑽石投資,37,2,35,華南永昌-高雄,2023-11-23,9303
5292,華懋,36,5,31,華南永昌-高雄,2023-11-23,9303
2344,華邦電,33,2,31,華南永昌-高雄,2023-11-23,9303
5515,建國,38,10,28,華南永昌-高雄,2023-11-23,9303
1586,和勤,25,0,25,華南永昌-高雄,2023-11-23,9303
2010,春源,25,0,25,華南永昌-高雄,2023-11-23,9303
3169,亞信,24,0,24,華南永昌-高雄,2023-11-23,9303
2498,宏達電,27,3,24,華南永昌-高雄,2023-11-23,9303
00637L,元大滬深300正2,27,4,23,華南永昌-高雄,2023-11-23,9303
4960,誠美材,22,0,22,華南永昌-高雄,2023-11-23,9303
2739,寒舍,26,4,22,華南永昌-高雄,2023-11-23,9303
3078,僑威,91,70,21,華南永昌-高雄,2023-11-23,9303
2329,華泰,34,13,21,華南永昌-高雄,2023-11-23,9303
8096,擎亞,20,0,20,華南永昌-高雄,2023-11-23,9303
8926,台汽電,20,0,20,華南永昌-高雄,2023-11-23,9303
2637,慧洋-KY,25,5,20,華南永昌-高雄,2023-11-23,9303
2317,鴻海,36,16,20,華南永昌-高雄,2023-11-23,9303
2615,萬海,20,0,20,華南永昌-高雄,2023-11-23,9303
00936,台新永續高息中小,20,0,20,華南永昌-高雄,2023-11-23,9303
9921,巨大,20,0,20,華南永昌-高雄,2023-11-23,9303
8054,安國,57,37,20,華南永昌-高雄,2023-11-23,9303
2412,中華電,20,2,18,華南永昌-高雄,2023-11-23,9303
3374,精材,47,30,17,華南永昌-高雄,2023-11-23,9303
2405,輔信,23,6,17,華南永昌-高雄,2023-11-23,9303
1795,美時,23,7,16,華南永昌-高雄,2023-11-23,9303
6122,擎邦,16,0,16,華南永昌-高雄,2023-11-23,9303
00878,國泰永續高股息,25,10,15,華南永昌-高雄,2023-11-23,9303
1449,佳和,17,2,15,華南永昌-高雄,2023-11-23,9303
3047,訊舟,17,3,14,華南永昌-高雄,2023-11-23,9303
2883,凱基金,37,23,14,華南永昌-高雄,2023-11-23,9303
4906,正文,13,0,13,華南永昌-高雄,2023-11-23,9303
1815,富喬,43,30,13,華南永昌-高雄,2023-11-23,9303
1582,信錦,17,4,13,華南永昌-高雄,2023-11-23,9303
6517,保勝光學,49,36,13,華南永昌-高雄,2023-11-23,9303
1432,大魯閣,108,0,108,華南永昌-高雄,2023-11-24,9303
2317,鴻海,58,0,58,華南永昌-高雄,2023-11-24,9303
5351,鈺創,130,75,55,華南永昌-高雄,2023-11-24,9303
6901,鑽石投資,57,4,53,華南永昌-高雄,2023-11-24,9303
2353,宏��,57,12,45,華南永昌-高雄,2023-11-24,9303
2618,長榮航,50,6,44,華南永昌-高雄,2023-11-24,9303
5347,世界,150,109,41,華南永昌-高雄,2023-11-24,9303
00673R,期元大S＆P原油反1,40,0,40,華南永昌-高雄,2023-11-24,9303
6216,居易,40,0,40,華南永昌-高雄,2023-11-24,9303
2356,英業達,47,13,34,華南永昌-高雄,2023-11-24,9303
2457,飛宏,64,32,32,華南永昌-高雄,2023-11-24,9303
2329,華泰,45,14,31,華南永昌-高雄,2023-11-24,9303
4934,太極,31,1,30,華南永昌-高雄,2023-11-24,9303
2451,創見,30,3,27,華南永昌-高雄,2023-11-24,9303
2371,大同,27,4,23,華南永昌-高雄,2023-11-24,9303
3141,晶宏,23,1,22,華南永昌-高雄,2023-11-24,9303
6164,華興,21,0,21,華南永昌-高雄,2023-11-24,9303
4906,正文,30,10,20,華南永昌-高雄,2023-11-24,9303
00687B,國泰20年美債,20,0,20,華南永昌-高雄,2023-11-24,9303
00720B,元大投資級公司債,19,0,19,華南永昌-高雄,2023-11-24,9303
6278,台表科,19,0,19,華南永昌-高雄,2023-11-24,9303
2615,萬海,18,0,18,華南永昌-高雄,2023-11-24,9303
2408,南亞科,24,7,17,華南永昌-高雄,2023-11-24,9303
2104,國際中橡,18,1,17,華南永昌-高雄,2023-11-24,9303
1905,華紙,21,4,17,華南永昌-高雄,2023-11-24,9303
3260,威剛,16,0,16,華南永昌-高雄,2023-11-24,9303
6449,鈺邦,16,0,16,華南永昌-高雄,2023-11-24,9303
3363,上詮,16,0,16,華南永昌-高雄,2023-11-24,9303
2313,華通,82,66,16,華南永昌-高雄,2023-11-24,9303
00751B,元大AAA至A公司債,15,0,15,華南永昌-高雄,2023-11-24,9303
00931B,統一美債20年,15,0,15,華南永昌-高雄,2023-11-24,9303
00676R,富邦臺灣加權反1,15,0,15,華南永昌-高雄,2023-11-24,9303
1314,中石化,21,7,14,華南永昌-高雄,2023-11-24,9303
9105,泰金寶-DR,18,4,14,華南永昌-高雄,2023-11-24,9303
6668,中揚光,14,0,14,華南永昌-高雄,2023-11-24,9303
6117,迎廣,16,2,14,華南永昌-高雄,2023-11-24,9303
1504,東元,22,9,13,華南永昌-高雄,2023-11-24,9303
5299,杰力,13,0,13,華南永昌-高雄,2023-11-24,9303
3032,偉訓,12,0,12,華南永昌-高雄,2023-11-24,9303
2344,華邦電,22,10,12,華南永昌-高雄,2023-11-24,9303
2855,統一證,12,0,12,華南永昌-高雄,2023-11-24,9303
00772B,中信高評級公司債,89,77,12,華南永昌-高雄,2023-11-24,9303
00642U,期元大S＆P石油,12,0,12,華南永昌-高雄,2023-11-24,9303
3376,新日興,18,6,12,華南永昌-高雄,2023-11-24,9303
3701,大眾控,15,3,12,華南永昌-高雄,2023-11-24,9303
4909,新復興,12,0,12,華南永昌-高雄,2023-11-24,9303
00679B,元大美債20年,12,0,12,華南永昌-高雄,2023-11-24,9303
3706,神達,43,32,11,華南永昌-高雄,2023-11-24,9303
4543,萬在,12,1,11,華南永昌-高雄,2023-11-24,9303
4127,天良,11,0,11,華南永昌-高雄,2023-11-24,9303
1752,南光,117,1,116,華南永昌-高雄,2023-11-27,9303
2812,台中銀,80,0,80,華南永昌-高雄,2023-11-27,9303
00931B,統一美債20年,73,0,73,華南永昌-高雄,2023-11-27,9303
5347,世界,83,14,69,華南永昌-高雄,2023-11-27,9303
00919,群益台灣精選高息,67,3,64,華南永昌-高雄,2023-11-27,9303
2356,英業達,69,15,54,華南永昌-高雄,2023-11-27,9303
2855,統一證,53,0,53,華南永昌-高雄,2023-11-27,9303
00637L,元大滬深300正2,65,12,53,華南永昌-高雄,2023-11-27,9303
2892,第一金,52,1,51,華南永昌-高雄,2023-11-27,9303
00676R,富邦臺灣加權反1,50,0,50,華南永昌-高雄,2023-11-27,9303
2412,中華電,52,2,50,華南永昌-高雄,2023-11-27,9303
00715L,期街口布蘭特正2,49,2,47,華南永昌-高雄,2023-11-27,9303
1338,廣華-KY,47,2,45,華南永昌-高雄,2023-11-27,9303
2880,華南金,61,24,37,華南永昌-高雄,2023-11-27,9303
3017,奇鋐,40,6,34,華南永昌-高雄,2023-11-27,9303
2317,鴻海,39,5,34,華南永昌-高雄,2023-11-27,9303
1312,國喬,43,10,33,華南永昌-高雄,2023-11-27,9303
2630,亞航,45,12,33,華南永昌-高雄,2023-11-27,9303
2883,凱基金,73,41,32,華南永昌-高雄,2023-11-27,9303
00712,復華富時不動產,31,0,31,華南永昌-高雄,2023-11-27,9303
2303,聯電,38,7,31,華南永昌-高雄,2023-11-27,9303
2528,皇普,30,0,30,華南永昌-高雄,2023-11-27,9303
1760,寶齡富錦,64,35,29,華南永昌-高雄,2023-11-27,9303
00687B,國泰20年美債,27,0,27,華南永昌-高雄,2023-11-27,9303
5351,鈺創,33,8,25,華南永昌-高雄,2023-11-27,9303
00922,國泰台灣領袖50,22,0,22,華南永昌-高雄,2023-11-27,9303
00700,富邦�琤肭磪�,21,0,21,華南永昌-高雄,2023-11-27,9303
6233,旺玖,25,4,21,華南永昌-高雄,2023-11-27,9303
2323,中環,30,10,20,華南永昌-高雄,2023-11-27,9303
6216,居易,20,0,20,華南永昌-高雄,2023-11-27,9303
2605,新興,115,95,20,華南永昌-高雄,2023-11-27,9303
00929,復華台灣科技優息,76,57,19,華南永昌-高雄,2023-11-27,9303
3041,揚智,23,4,19,華南永昌-高雄,2023-11-27,9303
2352,佳世達,22,4,18,華南永昌-高雄,2023-11-27,9303
1701,中化,23,5,18,華南永昌-高雄,2023-11-27,9303
3231,緯創,71,53,18,華南永昌-高雄,2023-11-27,9303
00882,中信中國高股息,17,0,17,華南永昌-高雄,2023-11-27,9303
2330,台積電,20,3,17,華南永昌-高雄,2023-11-27,9303
5706,鳳凰,25,9,16,華南永昌-高雄,2023-11-27,9303
00857B,永豐20年美公債,16,0,16,華南永昌-高雄,2023-11-27,9303
2618,長榮航,117,101,16,華南永昌-高雄,2023-11-27,9303
9105,泰金寶-DR,15,0,15,華南永昌-高雄,2023-11-27,9303
00888,永豐台灣ESG,15,0,15,華南永昌-高雄,2023-11-27,9303
00921,兆豐龍頭等權重,14,0,14,華南永昌-高雄,2023-11-27,9303
3234,光環,14,0,14,華南永昌-高雄,2023-11-27,9303
5230,雷笛克光學,15,1,14,華南永昌-高雄,2023-11-27,9303
3685,元創精密,14,0,14,華南永昌-高雄,2023-11-27,9303
00679B,元大美債20年,14,0,14,華南永昌-高雄,2023-11-27,9303
6274,台燿,13,0,13,華南永昌-高雄,2023-11-27,9303
1529,樂事綠能,18,5,13,華南永昌-高雄,2023-11-27,9303
8028,昇陽半導體,194,71,123,華南永昌-高雄,2023-11-28,9303
5292,華懋,78,3,75,華南永昌-高雄,2023-11-28,9303
8054,安國,119,53,66,華南永昌-高雄,2023-11-28,9303
2516,新建,63,2,61,華南永昌-高雄,2023-11-28,9303
00715L,期街口布蘭特正2,53,0,53,華南永昌-高雄,2023-11-28,9303
1809,中釉,50,0,50,華南永昌-高雄,2023-11-28,9303
2630,亞航,49,9,40,華南永昌-高雄,2023-11-28,9303
2367,燿華,71,34,37,華南永昌-高雄,2023-11-28,9303
5347,世界,43,8,35,華南永昌-高雄,2023-11-28,9303
6271,同欣電,59,28,31,華南永昌-高雄,2023-11-28,9303
2412,中華電,28,0,28,華南永昌-高雄,2023-11-28,9303
6245,立端,36,10,26,華南永昌-高雄,2023-11-28,9303
3231,緯創,39,13,26,華南永昌-高雄,2023-11-28,9303
1514,亞力,35,10,25,華南永昌-高雄,2023-11-28,9303
2454,聯發科,26,2,24,華南永昌-高雄,2023-11-28,9303
9105,泰金寶-DR,24,0,24,華南永昌-高雄,2023-11-28,9303
9907,統一實,23,0,23,華南永昌-高雄,2023-11-28,9303
1101,台泥,54,31,23,華南永昌-高雄,2023-11-28,9303
00885,富邦越南,18,0,18,華南永昌-高雄,2023-11-28,9303
4157,太景*-KY,18,0,18,華南永昌-高雄,2023-11-28,9303
6216,居易,17,0,17,華南永昌-高雄,2023-11-28,9303
2801,彰銀,28,12,16,華南永昌-高雄,2023-11-28,9303
8086,宏捷科,40,24,16,華南永昌-高雄,2023-11-28,9303
3715,定穎投控,30,15,15,華南永昌-高雄,2023-11-28,9303
6204,艾華,17,2,15,華南永昌-高雄,2023-11-28,9303
6127,九豪,18,4,14,華南永昌-高雄,2023-11-28,9303
1605,華新,17,3,14,華南永昌-高雄,2023-11-28,9303
6237,驊訊,16,3,13,華南永昌-高雄,2023-11-28,9303
2442,新美齊,13,0,13,華南永昌-高雄,2023-11-28,9303
2606,裕民,48,36,12,華南永昌-高雄,2023-11-28,9303
2882,國泰金,12,0,12,華南永昌-高雄,2023-11-28,9303
3147,大綜,13,1,12,華南永昌-高雄,2023-11-28,9303
1815,富喬,13,1,12,華南永昌-高雄,2023-11-28,9303
3576,聯合再生,11,0,11,華南永昌-高雄,2023-11-28,9303
3706,神達,12,1,11,華南永昌-高雄,2023-11-28,9303
2382,廣達,25,14,11,華南永昌-高雄,2023-11-28,9303
2010,春源,10,0,10,華南永昌-高雄,2023-11-28,9303
2067,嘉鋼,10,0,10,華南永昌-高雄,2023-11-28,9303
8210,勤誠,11,1,10,華南永昌-高雄,2023-11-28,9303
2887,台新金,11,2,9,華南永昌-高雄,2023-11-28,9303
00637L,元大滬深300正2,12,3,9,華南永昌-高雄,2023-11-28,9303
6451,訊芯-KY,9,0,9,華南永昌-高雄,2023-11-28,9303
6589,台康生技,9,0,9,華南永昌-高雄,2023-11-28,9303
8436,大江,10,1,9,華南永昌-高雄,2023-11-28,9303
3059,華晶科,9,0,9,華南永昌-高雄,2023-11-28,9303
2104,國際中橡,11,3,8,華南永昌-高雄,2023-11-28,9303
1701,中化,25,17,8,華南永昌-高雄,2023-11-28,9303
2506,太設,8,0,8,華南永昌-高雄,2023-11-28,9303
3533,嘉澤,8,0,8,華南永昌-高雄,2023-11-28,9303
00919,群益台灣精選高息,12,4,8,華南永昌-高雄,2023-11-28,9303
6894,衛司特,119,1,118,華南永昌-高雄,2023-11-29,9303
1432,大魯閣,119,12,107,華南永昌-高雄,2023-11-29,9303
00830,國泰費城半導體,68,0,68,華南永昌-高雄,2023-11-29,9303
2329,華泰,128,61,67,華南永昌-高雄,2023-11-29,9303
2377,微星,175,109,66,華南永昌-高雄,2023-11-29,9303
5328,華容,109,53,56,華南永昌-高雄,2023-11-29,9303
6443,元晶,53,0,53,華南永昌-高雄,2023-11-29,9303
2890,永豐金,50,0,50,華南永昌-高雄,2023-11-29,9303
4768,晶呈科技,50,5,45,華南永昌-高雄,2023-11-29,9303
00673R,期元大S＆P原油反1,40,0,40,華南永昌-高雄,2023-11-29,9303
00679B,元大美債20年,34,0,34,華南永昌-高雄,2023-11-29,9303
2002,中鋼,195,164,31,華南永昌-高雄,2023-11-29,9303
2313,華通,139,109,30,華南永昌-高雄,2023-11-29,9303
8936,國統,42,15,27,華南永昌-高雄,2023-11-29,9303
4207,環泰,27,0,27,華南永昌-高雄,2023-11-29,9303
9940,信義,25,0,25,華南永昌-高雄,2023-11-29,9303
8105,凌巨,28,3,25,華南永昌-高雄,2023-11-29,9303
2605,新興,30,6,24,華南永昌-高雄,2023-11-29,9303
00713,元大台灣高息低波,24,0,24,華南永昌-高雄,2023-11-29,9303
5351,鈺創,62,39,23,華南永昌-高雄,2023-11-29,9303
00931B,統一美債20年,21,0,21,華南永昌-高雄,2023-11-29,9303
00882,中信中國高股息,24,3,21,華南永昌-高雄,2023-11-29,9303
1101,台泥,30,10,20,華南永昌-高雄,2023-11-29,9303
4108,懷特,20,0,20,華南永昌-高雄,2023-11-29,9303
2344,華邦電,56,37,19,華南永昌-高雄,2023-11-29,9303
00637L,元大滬深300正2,22,3,19,華南永昌-高雄,2023-11-29,9303
3049,精金,21,2,19,華南永昌-高雄,2023-11-29,9303
2401,凌陽,23,6,17,華南永昌-高雄,2023-11-29,9303
6127,九豪,18,1,17,華南永昌-高雄,2023-11-29,9303
00687B,國泰20年美債,16,0,16,華南永昌-高雄,2023-11-29,9303
3047,訊舟,26,10,16,華南永昌-高雄,2023-11-29,9303
3094,聯傑,20,4,16,華南永昌-高雄,2023-11-29,9303
3231,緯創,43,28,15,華南永昌-高雄,2023-11-29,9303
4442,竣邦-KY,15,0,15,華南永昌-高雄,2023-11-29,9303
2474,可成,15,0,15,華南永昌-高雄,2023-11-29,9303
00915,凱基優選高股息30,24,10,14,華南永昌-高雄,2023-11-29,9303
1229,聯華,20,6,14,華南永昌-高雄,2023-11-29,9303
6415,矽力*-KY,14,1,13,華南永昌-高雄,2023-11-29,9303
1815,富喬,14,1,13,華南永昌-高雄,2023-11-29,9303
6245,立端,13,0,13,華南永昌-高雄,2023-11-29,9303
5347,世界,27,15,12,華南永昌-高雄,2023-11-29,9303
2891,中信金,13,1,12,華南永昌-高雄,2023-11-29,9303
1102,亞泥,13,1,12,華南永昌-高雄,2023-11-29,9303
4114,健喬,14,3,11,華南永昌-高雄,2023-11-29,9303
6282,康舒,13,2,11,華南永昌-高雄,2023-11-29,9303
00753L,中信中國50正2,11,0,11,華南永昌-高雄,2023-11-29,9303
2881,富邦金,11,0,11,華南永昌-高雄,2023-11-29,9303
1717,長興,10,0,10,華南永昌-高雄,2023-11-29,9303
4164,承業醫,10,0,10,華南永昌-高雄,2023-11-29,9303
00895,富邦未來車,10,0,10,華南永昌-高雄,2023-11-29,9303
00933B,國泰10Y+金融債,170,10,160,華南永昌-高雄,2023-11-30,9303
00687B,國泰20年美債,116,0,116,華南永昌-高雄,2023-11-30,9303
2618,長榮航,111,3,108,華南永昌-高雄,2023-11-30,9303
2413,環科,102,5,97,華南永昌-高雄,2023-11-30,9303
2409,友達,74,3,71,華南永昌-高雄,2023-11-30,9303
2377,微星,73,6,67,華南永昌-高雄,2023-11-30,9303
2332,友訊,96,31,65,華南永昌-高雄,2023-11-30,9303
3552,同致,64,0,64,華南永昌-高雄,2023-11-30,9303
6625,必應,99,44,55,華南永昌-高雄,2023-11-30,9303
00929,復華台灣科技優息,57,4,53,華南永昌-高雄,2023-11-30,9303
5272,笙科,82,30,52,華南永昌-高雄,2023-11-30,9303
2606,裕民,71,24,47,華南永昌-高雄,2023-11-30,9303
2474,可成,38,0,38,華南永昌-高雄,2023-11-30,9303
3231,緯創,67,34,33,華南永昌-高雄,2023-11-30,9303
8054,安國,134,102,32,華南永昌-高雄,2023-11-30,9303
1809,中釉,30,0,30,華南永昌-高雄,2023-11-30,9303
00696B,富邦美債20年,30,0,30,華南永昌-高雄,2023-11-30,9303
2460,建通,30,0,30,華南永昌-高雄,2023-11-30,9303
1795,美時,49,21,28,華南永昌-高雄,2023-11-30,9303
3437,榮創,39,12,27,華南永昌-高雄,2023-11-30,9303
2330,台積電,27,0,27,華南永昌-高雄,2023-11-30,9303
3624,光頡,32,8,24,華南永昌-高雄,2023-11-30,9303
8936,國統,28,4,24,華南永昌-高雄,2023-11-30,9303
2609,陽明,22,0,22,華南永昌-高雄,2023-11-30,9303
4945,陞達科技,22,0,22,華南永昌-高雄,2023-11-30,9303
5478,智冠,30,8,22,華南永昌-高雄,2023-11-30,9303
00679B,元大美債20年,21,1,20,華南永昌-高雄,2023-11-30,9303
3059,華晶科,24,4,20,華南永昌-高雄,2023-11-30,9303
9940,信義,20,0,20,華南永昌-高雄,2023-11-30,9303
6173,信昌電,21,2,19,華南永昌-高雄,2023-11-30,9303
6278,台表科,20,2,18,華南永昌-高雄,2023-11-30,9303
00919,群益台灣精選高息,41,23,18,華南永昌-高雄,2023-11-30,9303
6139,亞翔,17,1,16,華南永昌-高雄,2023-11-30,9303
00934,中信成長高股息,20,4,16,華南永昌-高雄,2023-11-30,9303
3380,明泰,15,0,15,華南永昌-高雄,2023-11-30,9303
6482,弘煜科,15,0,15,華南永昌-高雄,2023-11-30,9303
8210,勤誠,35,20,15,華南永昌-高雄,2023-11-30,9303
00935,野村臺灣新科技50,14,0,14,華南永昌-高雄,2023-11-30,9303
2421,建準,20,7,13,華南永昌-高雄,2023-11-30,9303
1616,億泰,41,28,13,華南永昌-高雄,2023-11-30,9303
2353,宏��,13,1,12,華南永昌-高雄,2023-11-30,9303
3694,海華,76,64,12,華南永昌-高雄,2023-11-30,9303
2355,敬鵬,17,5,12,華南永昌-高雄,2023-11-30,9303
2610,華航,13,1,12,華南永昌-高雄,2023-11-30,9303
2801,彰銀,13,1,12,華南永昌-高雄,2023-11-30,9303
9935,慶豐富,12,0,12,華南永昌-高雄,2023-11-30,9303
00936,台新永續高息中小,12,0,12,華南永昌-高雄,2023-11-30,9303
3363,上詮,15,3,12,華南永昌-高雄,2023-11-30,9303
00650L,復華香港正2,12,0,12,華南永昌-高雄,2023-11-30,9303
6282,康舒,18,8,10,華南永昌-高雄,2023-11-30,9303
00687B,國泰20年美債,126,0,126,華南永昌-高雄,2023-12-01,9303
5439,高技,88,1,87,華南永昌-高雄,2023-12-01,9303
5452,佶優,86,6,80,華南永昌-高雄,2023-12-01,9303
2460,建通,95,19,76,華南永昌-高雄,2023-12-01,9303
1463,強盛新,70,0,70,華南永昌-高雄,2023-12-01,9303
00715L,期街口布蘭特正2,93,32,61,華南永昌-高雄,2023-12-01,9303
2883,凱基金,77,20,57,華南永昌-高雄,2023-12-01,9303
2002,中鋼,277,221,56,華南永昌-高雄,2023-12-01,9303
00931B,統一美債20年,55,2,53,華南永昌-高雄,2023-12-01,9303
00919,群益台灣精選高息,57,9,48,華南永昌-高雄,2023-12-01,9303
2405,輔信,43,6,37,華南永昌-高雄,2023-12-01,9303
9940,信義,37,0,37,華南永昌-高雄,2023-12-01,9303
2855,統一證,33,1,32,華南永昌-高雄,2023-12-01,9303
2102,泰豐,30,0,30,華南永昌-高雄,2023-12-01,9303
1905,華紙,27,0,27,華南永昌-高雄,2023-12-01,9303
1471,首利,27,0,27,華南永昌-高雄,2023-12-01,9303
2892,第一金,27,0,27,華南永昌-高雄,2023-12-01,9303
2884,玉山金,27,0,27,華南永昌-高雄,2023-12-01,9303
6237,驊訊,38,12,26,華南永昌-高雄,2023-12-01,9303
3374,精材,35,9,26,華南永昌-高雄,2023-12-01,9303
2324,仁寶,25,0,25,華南永昌-高雄,2023-12-01,9303
5347,世界,53,28,25,華南永昌-高雄,2023-12-01,9303
3363,上詮,49,25,24,華南永昌-高雄,2023-12-01,9303
00679B,元大美債20年,29,6,23,華南永昌-高雄,2023-12-01,9303
5351,鈺創,46,24,22,華南永昌-高雄,2023-12-01,9303
2344,華邦電,65,44,21,華南永昌-高雄,2023-12-01,9303
8936,國統,22,2,20,華南永昌-高雄,2023-12-01,9303
4114,健喬,30,12,18,華南永昌-高雄,2023-12-01,9303
4167,松瑞藥,49,31,18,華南永昌-高雄,2023-12-01,9303
2409,友達,29,11,18,華南永昌-高雄,2023-12-01,9303
1304,台聚,17,0,17,華南永昌-高雄,2023-12-01,9303
5607,遠雄港,41,24,17,華南永昌-高雄,2023-12-01,9303
1701,中化,21,4,17,華南永昌-高雄,2023-12-01,9303
6691,洋基工程,18,2,16,華南永昌-高雄,2023-12-01,9303
00900,富邦特選高股息30,16,0,16,華南永昌-高雄,2023-12-01,9303
00712,復華富時不動產,15,0,15,華南永昌-高雄,2023-12-01,9303
3706,神達,79,64,15,華南永昌-高雄,2023-12-01,9303
00878,國泰永續高股息,30,16,14,華南永昌-高雄,2023-12-01,9303
2356,英業達,23,9,14,華南永昌-高雄,2023-12-01,9303
1760,寶齡富錦,15,1,14,華南永昌-高雄,2023-12-01,9303
2888,新光金,22,8,14,華南永昌-高雄,2023-12-01,9303
2845,遠東銀,14,0,14,華南永昌-高雄,2023-12-01,9303
3511,矽瑪,14,0,14,華南永昌-高雄,2023-12-01,9303
3665,貿聯-KY,21,8,13,華南永昌-高雄,2023-12-01,9303
9935,慶豐富,13,0,13,華南永昌-高雄,2023-12-01,9303
2887,台新金,12,0,12,華南永昌-高雄,2023-12-01,9303
00680L,元大美債20正2,12,0,12,華南永昌-高雄,2023-12-01,9303
6505,台塑化,12,0,12,華南永昌-高雄,2023-12-01,9303
2880,華南金,14,3,11,華南永昌-高雄,2023-12-01,9303
1409,新纖,11,0,11,華南永昌-高雄,2023-12-01,9303
00715L,期街口布蘭特正2,185,2,183,華南永昌-高雄,2023-12-04,9303
2355,敬鵬,157,24,133,華南永昌-高雄,2023-12-04,9303
00712,復華富時不動產,91,7,84,華南永昌-高雄,2023-12-04,9303
3706,神達,96,12,84,華南永昌-高雄,2023-12-04,9303
00919,群益台灣精選高息,78,5,73,華南永昌-高雄,2023-12-04,9303
3715,定穎投控,87,18,69,華南永昌-高雄,2023-12-04,9303
6233,旺玖,69,11,58,華南永昌-高雄,2023-12-04,9303
6216,居易,56,0,56,華南永昌-高雄,2023-12-04,9303
8105,凌巨,51,2,49,華南永昌-高雄,2023-12-04,9303
1471,首利,49,1,48,華南永昌-高雄,2023-12-04,9303
2537,聯上發,40,0,40,華南永昌-高雄,2023-12-04,9303
2312,金寶,41,4,37,華南永昌-高雄,2023-12-04,9303
2883,凱基金,49,14,35,華南永昌-高雄,2023-12-04,9303
2421,建準,40,5,35,華南永昌-高雄,2023-12-04,9303
3231,緯創,65,34,31,華南永昌-高雄,2023-12-04,9303
1568,倉佑,31,1,30,華南永昌-高雄,2023-12-04,9303
4960,誠美材,50,21,29,華南永昌-高雄,2023-12-04,9303
6122,擎邦,43,14,29,華南永昌-高雄,2023-12-04,9303
2801,彰銀,28,0,28,華南永昌-高雄,2023-12-04,9303
1528,恩德,28,0,28,華南永昌-高雄,2023-12-04,9303
1605,華新,46,18,28,華南永昌-高雄,2023-12-04,9303
5009,榮剛,30,3,27,華南永昌-高雄,2023-12-04,9303
4142,國光生,30,3,27,華南永昌-高雄,2023-12-04,9303
2002,中鋼,288,262,26,華南永昌-高雄,2023-12-04,9303
00935,野村臺灣新科技50,32,6,26,華南永昌-高雄,2023-12-04,9303
00642U,期元大S＆P石油,26,0,26,華南永昌-高雄,2023-12-04,9303
9919,康那香,60,36,24,華南永昌-高雄,2023-12-04,9303
2376,技嘉,28,5,23,華南永昌-高雄,2023-12-04,9303
3259,鑫創,25,2,23,華南永昌-高雄,2023-12-04,9303
6531,愛普*,26,4,22,華南永昌-高雄,2023-12-04,9303
2105,正新,24,2,22,華南永昌-高雄,2023-12-04,9303
1514,亞力,50,29,21,華南永昌-高雄,2023-12-04,9303
2405,輔信,35,15,20,華南永昌-高雄,2023-12-04,9303
910861,神州-DR,20,0,20,華南永昌-高雄,2023-12-04,9303
4109,加捷生醫,20,0,20,華南永昌-高雄,2023-12-04,9303
00674R,期元大S＆P黃金反1,20,0,20,華南永昌-高雄,2023-12-04,9303
2915,潤泰全,21,2,19,華南永昌-高雄,2023-12-04,9303
6733,博晟生醫,19,0,19,華南永昌-高雄,2023-12-04,9303
00687B,國泰20年美債,18,0,18,華南永昌-高雄,2023-12-04,9303
00665L,富邦�琤肭磪囓�2,18,0,18,華南永昌-高雄,2023-12-04,9303
00751B,元大AAA至A公司債,17,0,17,華南永昌-高雄,2023-12-04,9303
3390,旭軟,22,5,17,華南永昌-高雄,2023-12-04,9303
3380,明泰,170,154,16,華南永昌-高雄,2023-12-04,9303
6482,弘煜科,16,0,16,華南永昌-高雄,2023-12-04,9303
00918,大華優利高填息30,16,0,16,華南永昌-高雄,2023-12-04,9303
4968,立積,19,3,16,華南永昌-高雄,2023-12-04,9303
2834,臺企銀,17,2,15,華南永昌-高雄,2023-12-04,9303
2201,裕隆,16,1,15,華南永昌-高雄,2023-12-04,9303
2368,金像電,14,1,13,華南永昌-高雄,2023-12-04,9303
2911,麗嬰房,13,0,13,華南永昌-高雄,2023-12-04,9303
00687B,國泰20年美債,285,23,262,華南永昌-高雄,2023-12-05,9303
2883,凱基金,207,6,201,華南永昌-高雄,2023-12-05,9303
2615,萬海,158,2,156,華南永昌-高雄,2023-12-05,9303
00679B,元大美債20年,195,60,135,華南永昌-高雄,2023-12-05,9303
2601,益航,117,19,98,華南永昌-高雄,2023-12-05,9303
1503,士電,105,7,98,華南永昌-高雄,2023-12-05,9303
3062,建漢,100,5,95,華南永昌-高雄,2023-12-05,9303
8936,國統,82,0,82,華南永昌-高雄,2023-12-05,9303
6285,啟��,92,12,80,華南永昌-高雄,2023-12-05,9303
00918,大華優利高填息30,74,0,74,華南永昌-高雄,2023-12-05,9303
5347,世界,67,6,61,華南永昌-高雄,2023-12-05,9303
2641,正德,126,68,58,華南永昌-高雄,2023-12-05,9303
5864,致和證,62,5,57,華南永昌-高雄,2023-12-05,9303
00919,群益台灣精選高息,110,54,56,華南永昌-高雄,2023-12-05,9303
3522,御嵿,55,0,55,華南永昌-高雄,2023-12-05,9303
2515,中工,55,1,54,華南永昌-高雄,2023-12-05,9303
3231,緯創,82,29,53,華南永昌-高雄,2023-12-05,9303
2882,國泰金,47,0,47,華南永昌-高雄,2023-12-05,9303
1605,華新,54,12,42,華南永昌-高雄,2023-12-05,9303
3481,群創,59,19,40,華南永昌-高雄,2023-12-05,9303
00878,國泰永續高股息,41,5,36,華南永昌-高雄,2023-12-05,9303
2610,華航,36,1,35,華南永昌-高雄,2023-12-05,9303
00715L,期街口布蘭特正2,34,1,33,華南永昌-高雄,2023-12-05,9303
2303,聯電,35,3,32,華南永昌-高雄,2023-12-05,9303
3013,晟銘電,237,205,32,華南永昌-高雄,2023-12-05,9303
00696B,富邦美債20年,30,0,30,華南永昌-高雄,2023-12-05,9303
2496,卓越,30,2,28,華南永昌-高雄,2023-12-05,9303
00882,中信中國高股息,30,2,28,華南永昌-高雄,2023-12-05,9303
2609,陽明,54,27,27,華南永昌-高雄,2023-12-05,9303
00700,富邦�琤肭磪�,26,0,26,華南永昌-高雄,2023-12-05,9303
00937B,群益ESG投等債20,330,305,25,華南永昌-高雄,2023-12-05,9303
3380,明泰,25,0,25,華南永昌-高雄,2023-12-05,9303
2412,中華電,25,0,25,華南永昌-高雄,2023-12-05,9303
00915,凱基優選高股息30,27,6,21,華南永昌-高雄,2023-12-05,9303
1314,中石化,21,0,21,華南永昌-高雄,2023-12-05,9303
2911,麗嬰房,21,0,21,華南永昌-高雄,2023-12-05,9303
2460,建通,21,0,21,華南永昌-高雄,2023-12-05,9303
1338,廣華-KY,20,0,20,華南永昌-高雄,2023-12-05,9303
00929,復華台灣科技優息,85,66,19,華南永昌-高雄,2023-12-05,9303
9919,康那香,22,3,19,華南永昌-高雄,2023-12-05,9303
3010,華立,19,0,19,華南永昌-高雄,2023-12-05,9303
5608,四維航,292,274,18,華南永昌-高雄,2023-12-05,9303
3260,威剛,22,5,17,華南永昌-高雄,2023-12-05,9303
2888,新光金,27,10,17,華南永昌-高雄,2023-12-05,9303
1504,東元,20,3,17,華南永昌-高雄,2023-12-05,9303
6531,愛普*,17,1,16,華南永昌-高雄,2023-12-05,9303
2891,中信金,36,20,16,華南永昌-高雄,2023-12-05,9303
3373,熱映,19,4,15,華南永昌-高雄,2023-12-05,9303
2618,長榮航,22,7,15,華南永昌-高雄,2023-12-05,9303
4541,晟田,15,0,15,華南永昌-高雄,2023-12-05,9303
00687B,國泰20年美債,804,8,796,華南永昌-高雄,2023-12-06,9303
2845,遠東銀,332,6,326,華南永昌-高雄,2023-12-06,9303
00937B,群益ESG投等債20,267,82,185,華南永昌-高雄,2023-12-06,9303
2722,夏都,99,2,97,華南永昌-高雄,2023-12-06,9303
00679B,元大美債20年,220,126,94,華南永昌-高雄,2023-12-06,9303
5210,寶碩,87,0,87,華南永昌-高雄,2023-12-06,9303
3481,群創,92,11,81,華南永昌-高雄,2023-12-06,9303
00715L,期街口布蘭特正2,57,0,57,華南永昌-高雄,2023-12-06,9303
6243,迅杰,60,9,51,華南永昌-高雄,2023-12-06,9303
2462,良得電,50,0,50,華南永昌-高雄,2023-12-06,9303
2609,陽明,60,11,49,華南永昌-高雄,2023-12-06,9303
2615,萬海,51,5,46,華南永昌-高雄,2023-12-06,9303
9919,康那香,53,7,46,華南永昌-高雄,2023-12-06,9303
1616,億泰,56,11,45,華南永昌-高雄,2023-12-06,9303
2637,慧洋-KY,60,18,42,華南永昌-高雄,2023-12-06,9303
2344,華邦電,43,5,38,華南永昌-高雄,2023-12-06,9303
2888,新光金,53,15,38,華南永昌-高雄,2023-12-06,9303
00720B,元大投資級公司債,65,28,37,華南永昌-高雄,2023-12-06,9303
3086,華義,36,0,36,華南永昌-高雄,2023-12-06,9303
2371,大同,49,18,31,華南永昌-高雄,2023-12-06,9303
6672,騰輝電子-KY,31,0,31,華南永昌-高雄,2023-12-06,9303
9941,裕融,30,0,30,華南永昌-高雄,2023-12-06,9303
2365,昆盈,30,0,30,華南永昌-高雄,2023-12-06,9303
2409,友達,31,1,30,華南永昌-高雄,2023-12-06,9303
2419,仲琦,40,11,29,華南永昌-高雄,2023-12-06,9303
5864,致和證,31,4,27,華南永昌-高雄,2023-12-06,9303
1522,堤維西,38,12,26,華南永昌-高雄,2023-12-06,9303
00637L,元大滬深300正2,39,13,26,華南永昌-高雄,2023-12-06,9303
6116,彩晶,26,0,26,華南永昌-高雄,2023-12-06,9303
1721,三晃,26,0,26,華南永昌-高雄,2023-12-06,9303
6213,聯茂,26,1,25,華南永昌-高雄,2023-12-06,9303
3680,家登,26,1,25,華南永昌-高雄,2023-12-06,9303
00918,大華優利高填息30,25,0,25,華南永昌-高雄,2023-12-06,9303
00688L,國泰20年美債正2,23,2,21,華南永昌-高雄,2023-12-06,9303
2460,建通,22,1,21,華南永昌-高雄,2023-12-06,9303
1515,力山,26,6,20,華南永昌-高雄,2023-12-06,9303
00934,中信成長高股息,27,7,20,華南永昌-高雄,2023-12-06,9303
9802,鈺齊-KY,20,0,20,華南永昌-高雄,2023-12-06,9303
00900,富邦特選高股息30,20,0,20,華南永昌-高雄,2023-12-06,9303
3522,御嵿,20,1,19,華南永昌-高雄,2023-12-06,9303
5202,力新,22,3,19,華南永昌-高雄,2023-12-06,9303
3708,上緯投控,19,0,19,華南永昌-高雄,2023-12-06,9303
1314,中石化,18,0,18,華南永昌-高雄,2023-12-06,9303
1504,東元,37,21,16,華南永昌-高雄,2023-12-06,9303
6117,迎廣,28,12,16,華南永昌-高雄,2023-12-06,9303
6596,寬宏藝術,15,0,15,華南永昌-高雄,2023-12-06,9303
3706,神達,72,57,15,華南永昌-高雄,2023-12-06,9303
2377,微星,18,4,14,華南永昌-高雄,2023-12-06,9303
00919,群益台灣精選高息,26,13,13,華南永昌-高雄,2023-12-06,9303
2303,聯電,31,18,13,華南永昌-高雄,2023-12-06,9303
00687B,國泰20年美債,640,11,629,華南永昌-高雄,2023-12-07,9303
3041,揚智,564,16,548,華南永昌-高雄,2023-12-07,9303
00937B,群益ESG投等債20,352,112,240,華南永昌-高雄,2023-12-07,9303
00679B,元大美債20年,182,26,156,華南永昌-高雄,2023-12-07,9303
3522,御嵿,132,0,132,華南永昌-高雄,2023-12-07,9303
00919,群益台灣精選高息,137,5,132,華南永昌-高雄,2023-12-07,9303
00715L,期街口布蘭特正2,99,10,89,華南永昌-高雄,2023-12-07,9303
00764B,群益25年美債,71,1,70,華南永昌-高雄,2023-12-07,9303
00929,復華台灣科技優息,118,56,62,華南永昌-高雄,2023-12-07,9303
2374,佳能,62,0,62,華南永昌-高雄,2023-12-07,9303
2605,新興,136,75,61,華南永昌-高雄,2023-12-07,9303
8054,安國,58,11,47,華南永昌-高雄,2023-12-07,9303
00680L,元大美債20正2,48,1,47,華南永昌-高雄,2023-12-07,9303
2890,永豐金,45,0,45,華南永昌-高雄,2023-12-07,9303
1324,地球,121,76,45,華南永昌-高雄,2023-12-07,9303
00882,中信中國高股息,46,1,45,華南永昌-高雄,2023-12-07,9303
2888,新光金,46,2,44,華南永昌-高雄,2023-12-07,9303
2618,長榮航,89,50,39,華南永昌-高雄,2023-12-07,9303
2367,燿華,60,24,36,華南永昌-高雄,2023-12-07,9303
2882,國泰金,46,11,35,華南永昌-高雄,2023-12-07,9303
6117,迎廣,71,38,33,華南永昌-高雄,2023-12-07,9303
2425,承啟,44,12,32,華南永昌-高雄,2023-12-07,9303
1522,堤維西,64,35,29,華南永昌-高雄,2023-12-07,9303
00918,大華優利高填息30,29,1,28,華南永昌-高雄,2023-12-07,9303
5302,太欣,29,1,28,華南永昌-高雄,2023-12-07,9303
00751B,元大AAA至A公司債,49,22,27,華南永昌-高雄,2023-12-07,9303
3325,旭品,32,6,26,華南永昌-高雄,2023-12-07,9303
2303,聯電,30,5,25,華南永昌-高雄,2023-12-07,9303
1568,倉佑,33,9,24,華南永昌-高雄,2023-12-07,9303
00936,台新永續高息中小,24,0,24,華南永昌-高雄,2023-12-07,9303
3260,威剛,32,9,23,華南永昌-高雄,2023-12-07,9303
4967,十銓,121,98,23,華南永昌-高雄,2023-12-07,9303
3264,欣銓,22,0,22,華南永昌-高雄,2023-12-07,9303
1609,大亞,46,24,22,華南永昌-高雄,2023-12-07,9303
00712,復華富時不動產,35,14,21,華南永昌-高雄,2023-12-07,9303
8105,凌巨,21,0,21,華南永昌-高雄,2023-12-07,9303
3706,神達,26,6,20,華南永昌-高雄,2023-12-07,9303
8426,紅木-KY,20,0,20,華南永昌-高雄,2023-12-07,9303
1524,耿鼎,50,30,20,華南永昌-高雄,2023-12-07,9303
1618,合機,38,18,20,華南永昌-高雄,2023-12-07,9303
1612,宏泰,21,2,19,華南永昌-高雄,2023-12-07,9303
1513,中興電,74,55,19,華南永昌-高雄,2023-12-07,9303
2634,漢翔,20,2,18,華南永昌-高雄,2023-12-07,9303
00688L,國泰20年美債正2,23,5,18,華南永昌-高雄,2023-12-07,9303
3479,安勤,21,3,18,華南永昌-高雄,2023-12-07,9303
3167,大量,22,5,17,華南永昌-高雄,2023-12-07,9303
00915,凱基優選高股息30,17,0,17,華南永昌-高雄,2023-12-07,9303
2344,華邦電,17,1,16,華南永昌-高雄,2023-12-07,9303
00900,富邦特選高股息30,16,0,16,華南永昌-高雄,2023-12-07,9303
3059,華晶科,40,24,16,華南永昌-高雄,2023-12-07,9303
2605,新興,367,121,246,華南永昌-高雄,2023-12-08,9303
00937B,群益ESG投等債20,176,51,125,華南永昌-高雄,2023-12-08,9303
3499,環天科,120,1,119,華南永昌-高雄,2023-12-08,9303
00764B,群益25年美債,82,0,82,華南永昌-高雄,2023-12-08,9303
00919,群益台灣精選高息,66,1,65,華南永昌-高雄,2023-12-08,9303
00882,中信中國高股息,70,6,64,華南永昌-高雄,2023-12-08,9303
6668,中揚光,66,3,63,華南永昌-高雄,2023-12-08,9303
2376,技嘉,77,25,52,華南永昌-高雄,2023-12-08,9303
00715L,期街口布蘭特正2,64,13,51,華南永昌-高雄,2023-12-08,9303
8936,國統,83,36,47,華南永昌-高雄,2023-12-08,9303
00687B,國泰20年美債,46,2,44,華南永昌-高雄,2023-12-08,9303
2312,金寶,88,45,43,華南永昌-高雄,2023-12-08,9303
00679B,元大美債20年,51,12,39,華南永昌-高雄,2023-12-08,9303
3231,緯創,83,47,36,華南永昌-高雄,2023-12-08,9303
1616,億泰,42,7,35,華南永昌-高雄,2023-12-08,9303
00712,復華富時不動產,35,0,35,華南永昌-高雄,2023-12-08,9303
006205,富邦上証,34,0,34,華南永昌-高雄,2023-12-08,9303
1101,台泥,38,4,34,華南永昌-高雄,2023-12-08,9303
2374,佳能,31,1,30,華南永昌-高雄,2023-12-08,9303
2332,友訊,32,4,28,華南永昌-高雄,2023-12-08,9303
2377,微星,53,27,26,華南永昌-高雄,2023-12-08,9303
6451,訊芯-KY,27,2,25,華南永昌-高雄,2023-12-08,9303
1459,聯發,22,0,22,華南永昌-高雄,2023-12-08,9303
1312,國喬,21,0,21,華南永昌-高雄,2023-12-08,9303
2888,新光金,41,21,20,華南永昌-高雄,2023-12-08,9303
1316,上曜,20,0,20,華南永昌-高雄,2023-12-08,9303
00706L,期元大S＆P日圓正2,20,0,20,華南永昌-高雄,2023-12-08,9303
4174,浩鼎,20,0,20,華南永昌-高雄,2023-12-08,9303
6188,廣明,19,0,19,華南永昌-高雄,2023-12-08,9303
6603,富強鑫,19,0,19,華南永昌-高雄,2023-12-08,9303
2409,友達,22,5,17,華南永昌-高雄,2023-12-08,9303
00688L,國泰20年美債正2,22,5,17,華南永昌-高雄,2023-12-08,9303
00931B,統一美債20年,17,1,16,華南永昌-高雄,2023-12-08,9303
8096,擎亞,20,4,16,華南永昌-高雄,2023-12-08,9303
2405,輔信,54,40,14,華南永昌-高雄,2023-12-08,9303
1504,東元,16,2,14,華南永昌-高雄,2023-12-08,9303
00918,大華優利高填息30,23,10,13,華南永昌-高雄,2023-12-08,9303
6227,茂綸,13,0,13,華南永昌-高雄,2023-12-08,9303
2637,慧洋-KY,19,6,13,華南永昌-高雄,2023-12-08,9303
4938,和碩,13,0,13,華南永昌-高雄,2023-12-08,9303
2641,正德,22,10,12,華南永昌-高雄,2023-12-08,9303
2882,國泰金,16,4,12,華南永昌-高雄,2023-12-08,9303
3081,聯亞,12,0,12,華南永昌-高雄,2023-12-08,9303
3017,奇鋐,14,3,11,華南永昌-高雄,2023-12-08,9303
2358,廷鑫,16,5,11,華南永昌-高雄,2023-12-08,9303
6016,康和證,11,0,11,華南永昌-高雄,2023-12-08,9303
6245,立端,11,0,11,華南永昌-高雄,2023-12-08,9303
4953,緯軟,19,9,10,華南永昌-高雄,2023-12-08,9303
2365,昆盈,13,2,11,華南永昌-高雄,2023-12-08,9303
1313,聯成,10,0,10,華南永昌-高雄,2023-12-08,9303
6219,富旺,233,12,221,華南永昌-高雄,2023-12-11,9303
1618,合機,231,106,125,華南永昌-高雄,2023-12-11,9303
2317,鴻海,104,1,103,華南永昌-高雄,2023-12-11,9303
2409,友達,106,17,89,華南永昌-高雄,2023-12-11,9303
00919,群益台灣精選高息,102,22,80,華南永昌-高雄,2023-12-11,9303
00679B,元大美債20年,93,22,71,華南永昌-高雄,2023-12-11,9303
3062,建漢,69,0,69,華南永昌-高雄,2023-12-11,9303
2388,威盛,139,81,58,華南永昌-高雄,2023-12-11,9303
6547,高端疫苗,50,0,50,華南永昌-高雄,2023-12-11,9303
1616,億泰,47,0,47,華南永昌-高雄,2023-12-11,9303
00712,復華富時不動產,47,0,47,華南永昌-高雄,2023-12-11,9303
3545,敦泰,49,4,45,華南永昌-高雄,2023-12-11,9303
00687B,國泰20年美債,47,3,44,華南永昌-高雄,2023-12-11,9303
1604,聲寶,40,0,40,華南永昌-高雄,2023-12-11,9303
2204,中華,57,17,40,華南永昌-高雄,2023-12-11,9303
9919,康那香,40,3,37,華南永昌-高雄,2023-12-11,9303
00878,國泰永續高股息,50,15,35,華南永昌-高雄,2023-12-11,9303
2330,台積電,32,1,31,華南永昌-高雄,2023-12-11,9303
2618,長榮航,33,2,31,華南永昌-高雄,2023-12-11,9303
2460,建通,31,0,31,華南永昌-高雄,2023-12-11,9303
00923,群益台ESG低碳50,31,0,31,華南永昌-高雄,2023-12-11,9303
6139,亞翔,35,5,30,華南永昌-高雄,2023-12-11,9303
2516,新建,35,6,29,華南永昌-高雄,2023-12-11,9303
1312,國喬,29,0,29,華南永昌-高雄,2023-12-11,9303
2002,中鋼,229,200,29,華南永昌-高雄,2023-12-11,9303
9927,泰銘,28,1,27,華南永昌-高雄,2023-12-11,9303
2323,中環,59,32,27,華南永昌-高雄,2023-12-11,9303
2359,所羅門,27,0,27,華南永昌-高雄,2023-12-11,9303
3715,定穎投控,44,19,25,華南永昌-高雄,2023-12-11,9303
2329,華泰,125,101,24,華南永昌-高雄,2023-12-11,9303
1519,華城,29,7,22,華南永昌-高雄,2023-12-11,9303
1815,富喬,32,10,22,華南永昌-高雄,2023-12-11,9303
4906,正文,22,0,22,華南永昌-高雄,2023-12-11,9303
8926,台汽電,22,0,22,華南永昌-高雄,2023-12-11,9303
4108,懷特,22,0,22,華南永昌-高雄,2023-12-11,9303
4142,國光生,23,2,21,華南永昌-高雄,2023-12-11,9303
2374,佳能,20,0,20,華南永昌-高雄,2023-12-11,9303
2888,新光金,27,7,20,華南永昌-高雄,2023-12-11,9303
4939,亞電,21,1,20,華南永昌-高雄,2023-12-11,9303
5202,力新,24,5,19,華南永昌-高雄,2023-12-11,9303
9940,信義,18,0,18,華南永昌-高雄,2023-12-11,9303
6275,元山,20,3,17,華南永昌-高雄,2023-12-11,9303
1568,倉佑,47,31,16,華南永昌-高雄,2023-12-11,9303
6235,華孚,18,3,15,華南永昌-高雄,2023-12-11,9303
6205,詮欣,15,0,15,華南永昌-高雄,2023-12-11,9303
1612,宏泰,47,32,15,華南永昌-高雄,2023-12-11,9303
6282,康舒,28,14,14,華南永昌-高雄,2023-12-11,9303
3438,類比科,14,0,14,華南永昌-高雄,2023-12-11,9303
1528,恩德,14,0,14,華南永昌-高雄,2023-12-11,9303
3680,家登,15,2,13,華南永昌-高雄,2023-12-11,9303
8068,全達,214,6,208,華南永昌-高雄,2023-12-12,9303
8936,國統,168,11,157,華南永昌-高雄,2023-12-12,9303
3481,群創,153,46,107,華南永昌-高雄,2023-12-12,9303
3622,洋華,246,139,107,華南永昌-高雄,2023-12-12,9303
00937B,群益ESG投等債20,135,41,94,華南永昌-高雄,2023-12-12,9303
8011,台通,253,167,86,華南永昌-高雄,2023-12-12,9303
5011,久陽,82,3,79,華南永昌-高雄,2023-12-12,9303
00919,群益台灣精選高息,89,13,76,華南永昌-高雄,2023-12-12,9303
2313,華通,113,42,71,華南永昌-高雄,2023-12-12,9303
8112,至上,152,85,67,華南永昌-高雄,2023-12-12,9303
00632R,元大台灣50反1,59,0,59,華南永昌-高雄,2023-12-12,9303
00688L,國泰20年美債正2,40,0,40,華南永昌-高雄,2023-12-12,9303
00673R,期元大S＆P原油反1,40,0,40,華南永昌-高雄,2023-12-12,9303
6122,擎邦,41,4,37,華南永昌-高雄,2023-12-12,9303
00712,復華富時不動產,45,9,36,華南永昌-高雄,2023-12-12,9303
1312,國喬,38,4,34,華南永昌-高雄,2023-12-12,9303
2618,長榮航,40,6,34,華南永昌-高雄,2023-12-12,9303
00918,大華優利高填息30,37,3,34,華南永昌-高雄,2023-12-12,9303
3231,緯創,58,25,33,華南永昌-高雄,2023-12-12,9303
00857B,永豐20年美公債,31,0,31,華南永昌-高雄,2023-12-12,9303
2406,國碩,30,0,30,華南永昌-高雄,2023-12-12,9303
6684,安格,30,2,28,華南永昌-高雄,2023-12-12,9303
2417,圓剛,31,3,28,華南永昌-高雄,2023-12-12,9303
1325,恆大,27,0,27,華南永昌-高雄,2023-12-12,9303
00637L,元大滬深300正2,46,19,27,華南永昌-高雄,2023-12-12,9303
00679B,元大美債20年,25,0,25,華南永昌-高雄,2023-12-12,9303
2323,中環,26,1,25,華南永昌-高雄,2023-12-12,9303
5351,鈺創,36,11,25,華南永昌-高雄,2023-12-12,9303
910861,神州-DR,24,0,24,華南永昌-高雄,2023-12-12,9303
6113,亞矽,27,3,24,華南永昌-高雄,2023-12-12,9303
3380,明泰,74,51,23,華南永昌-高雄,2023-12-12,9303
2610,華航,26,3,23,華南永昌-高雄,2023-12-12,9303
4207,環泰,23,0,23,華南永昌-高雄,2023-12-12,9303
1459,聯發,22,0,22,華南永昌-高雄,2023-12-12,9303
3715,定穎投控,26,4,22,華南永昌-高雄,2023-12-12,9303
2409,友達,33,11,22,華南永昌-高雄,2023-12-12,9303
8215,明基材,21,0,21,華南永昌-高雄,2023-12-12,9303
3141,晶宏,21,0,21,華南永昌-高雄,2023-12-12,9303
2002,中鋼,332,312,20,華南永昌-高雄,2023-12-12,9303
6114,久威,21,1,20,華南永昌-高雄,2023-12-12,9303
2888,新光金,19,0,19,華南永昌-高雄,2023-12-12,9303
00931B,統一美債20年,19,0,19,華南永昌-高雄,2023-12-12,9303
2363,矽統,30,12,18,華南永昌-高雄,2023-12-12,9303
00687B,國泰20年美債,46,28,18,華南永昌-高雄,2023-12-12,9303
2516,新建,20,2,18,華南永昌-高雄,2023-12-12,9303
2883,凱基金,22,5,17,華南永昌-高雄,2023-12-12,9303
4142,國光生,21,4,17,華南永昌-高雄,2023-12-12,9303
5202,力新,17,0,17,華南永昌-高雄,2023-12-12,9303
3260,威剛,26,11,15,華南永昌-高雄,2023-12-12,9303
00772B,中信高評級公司債,37,22,15,華南永昌-高雄,2023-12-12,9303
00919,群益台灣精選高息,165,12,153,華南永昌-高雄,2023-12-13,9303
2208,台船,136,0,136,華南永昌-高雄,2023-12-13,9303
00715L,期街口布蘭特正2,123,4,119,華南永昌-高雄,2023-12-13,9303
3047,訊舟,110,4,106,華南永昌-高雄,2023-12-13,9303
3390,旭軟,99,2,97,華南永昌-高雄,2023-12-13,9303
00918,大華優利高填息30,77,8,69,華南永昌-高雄,2023-12-13,9303
2409,友達,65,2,63,華南永昌-高雄,2023-12-13,9303
00857B,永豐20年美公債,56,0,56,華南永昌-高雄,2023-12-13,9303
6114,久威,55,1,54,華南永昌-高雄,2023-12-13,9303
2002,中鋼,270,217,53,華南永昌-高雄,2023-12-13,9303
1616,億泰,61,11,50,華南永昌-高雄,2023-12-13,9303
6668,中揚光,68,21,47,華南永昌-高雄,2023-12-13,9303
00642U,期元大S＆P石油,46,0,46,華南永昌-高雄,2023-12-13,9303
9945,潤泰新,45,0,45,華南永昌-高雄,2023-12-13,9303
00882,中信中國高股息,44,0,44,華南永昌-高雄,2023-12-13,9303
00915,凱基優選高股息30,43,0,43,華南永昌-高雄,2023-12-13,9303
6290,良維,52,10,42,華南永昌-高雄,2023-12-13,9303
9802,鈺齊-KY,40,0,40,華南永昌-高雄,2023-12-13,9303
8112,至上,112,73,39,華南永昌-高雄,2023-12-13,9303
1584,精剛,54,16,38,華南永昌-高雄,2023-12-13,9303
2419,仲琦,76,39,37,華南永昌-高雄,2023-12-13,9303
6770,力積電,47,13,34,華南永昌-高雄,2023-12-13,9303
00937B,群益ESG投等債20,35,2,33,華南永昌-高雄,2023-12-13,9303
6170,統振,33,1,32,華南永昌-高雄,2023-12-13,9303
6233,旺玖,30,0,30,華南永昌-高雄,2023-12-13,9303
8930,青鋼,32,4,28,華南永昌-高雄,2023-12-13,9303
00931B,統一美債20年,55,28,27,華南永昌-高雄,2023-12-13,9303
3706,神達,94,68,26,華南永昌-高雄,2023-12-13,9303
2365,昆盈,35,10,25,華南永昌-高雄,2023-12-13,9303
00679B,元大美債20年,42,17,25,華南永昌-高雄,2023-12-13,9303
3694,海華,32,8,24,華南永昌-高雄,2023-12-13,9303
3596,智易,52,28,24,華南永昌-高雄,2023-12-13,9303
00637L,元大滬深300正2,31,7,24,華南永昌-高雄,2023-12-13,9303
8426,紅木-KY,25,1,24,華南永昌-高雄,2023-12-13,9303
1524,耿鼎,113,90,23,華南永昌-高雄,2023-12-13,9303
3035,智原,26,6,20,華南永昌-高雄,2023-12-13,9303
3413,京鼎,20,0,20,華南永昌-高雄,2023-12-13,9303
2601,益航,21,1,20,華南永昌-高雄,2023-12-13,9303
6285,啟��,52,32,20,華南永昌-高雄,2023-12-13,9303
3260,威剛,21,2,19,華南永昌-高雄,2023-12-13,9303
00934,中信成長高股息,34,15,19,華南永昌-高雄,2023-12-13,9303
1609,大亞,29,11,18,華南永昌-高雄,2023-12-13,9303
1717,長興,19,1,18,華南永昌-高雄,2023-12-13,9303
3380,明泰,43,25,18,華南永昌-高雄,2023-12-13,9303
2618,長榮航,30,12,18,華南永昌-高雄,2023-12-13,9303
2377,微星,21,3,18,華南永昌-高雄,2023-12-13,9303
4976,佳凌,17,0,17,華南永昌-高雄,2023-12-13,9303
3402,漢科,17,0,17,華南永昌-高雄,2023-12-13,9303
1522,堤維西,50,33,17,華南永昌-高雄,2023-12-13,9303
5876,上海商銀,16,0,16,華南永昌-高雄,2023-12-13,9303
9105,泰金寶-DR,1012,29,983,華南永昌-高雄,2023-12-14,9303
00919,群益台灣精選高息,260,40,220,華南永昌-高雄,2023-12-14,9303
3624,光頡,107,6,101,華南永昌-高雄,2023-12-14,9303
5515,建國,100,9,91,華南永昌-高雄,2023-12-14,9303
8068,全達,89,7,82,華南永昌-高雄,2023-12-14,9303
00764B,群益25年美債,67,0,67,華南永昌-高雄,2023-12-14,9303
00751B,元大AAA至A公司債,78,15,63,華南永昌-高雄,2023-12-14,9303
2367,燿華,119,58,61,華南永昌-高雄,2023-12-14,9303
00687B,國泰20年美債,66,5,61,華南永昌-高雄,2023-12-14,9303
3481,群創,63,3,60,華南永昌-高雄,2023-12-14,9303
00918,大華優利高填息30,73,15,58,華南永昌-高雄,2023-12-14,9303
2889,國票金,51,0,51,華南永昌-高雄,2023-12-14,9303
00857B,永豐20年美公債,50,0,50,華南永昌-高雄,2023-12-14,9303
3213,茂訊,52,2,50,華南永昌-高雄,2023-12-14,9303
00936,台新永續高息中小,52,4,48,華南永昌-高雄,2023-12-14,9303
2883B,凱基金乙特,48,0,48,華南永昌-高雄,2023-12-14,9303
2208,台船,47,0,47,華南永昌-高雄,2023-12-14,9303
2329,華泰,158,113,45,華南永昌-高雄,2023-12-14,9303
00680L,元大美債20正2,58,17,41,華南永昌-高雄,2023-12-14,9303
2376,技嘉,46,6,40,華南永昌-高雄,2023-12-14,9303
00637L,元大滬深300正2,37,2,35,華南永昌-高雄,2023-12-14,9303
00934,中信成長高股息,47,15,32,華南永昌-高雄,2023-12-14,9303
00933B,國泰10Y+金融債,37,5,32,華南永昌-高雄,2023-12-14,9303
5706,鳳凰,32,0,32,華南永昌-高雄,2023-12-14,9303
2615,萬海,30,0,30,華南永昌-高雄,2023-12-14,9303
3024,憶聲,30,0,30,華南永昌-高雄,2023-12-14,9303
3645,達邁,49,22,27,華南永昌-高雄,2023-12-14,9303
4552,力達-KY,27,0,27,華南永昌-高雄,2023-12-14,9303
8201,無敵,30,3,27,華南永昌-高雄,2023-12-14,9303
2883,凱基金,69,43,26,華南永昌-高雄,2023-12-14,9303
2002,中鋼,104,79,25,華南永昌-高雄,2023-12-14,9303
2324,仁寶,32,7,25,華南永昌-高雄,2023-12-14,9303
1618,合機,34,10,24,華南永昌-高雄,2023-12-14,9303
3362,先進光,26,3,23,華南永昌-高雄,2023-12-14,9303
2516,新建,22,0,22,華南永昌-高雄,2023-12-14,9303
3479,安勤,21,0,21,華南永昌-高雄,2023-12-14,9303
00927,群益半導體收益,23,2,21,華南永昌-高雄,2023-12-14,9303
2609,陽明,22,2,20,華南永昌-高雄,2023-12-14,9303
3715,定穎投控,30,10,20,華南永昌-高雄,2023-12-14,9303
6108,競國,20,0,20,華南永昌-高雄,2023-12-14,9303
6016,康和證,20,0,20,華南永昌-高雄,2023-12-14,9303
2618,長榮航,31,12,19,華南永昌-高雄,2023-12-14,9303
1584,精剛,20,1,19,華南永昌-高雄,2023-12-14,9303
3390,旭軟,84,65,19,華南永昌-高雄,2023-12-14,9303
00720B,元大投資級公司債,26,7,19,華南永昌-高雄,2023-12-14,9303
00679B,元大美債20年,27,9,18,華南永昌-高雄,2023-12-14,9303
2301,光寶科,25,7,18,華南永昌-高雄,2023-12-14,9303
3437,榮創,19,2,17,華南永昌-高雄,2023-12-14,9303
8429,金麗-KY,16,0,16,華南永昌-高雄,2023-12-14,9303
4108,懷特,17,1,16,華南永昌-高雄,2023-12-14,9303
2356,英業達,772,213,559,華南永昌-高雄,2023-12-15,9303
00688L,國泰20年美債正2,271,67,204,華南永昌-高雄,2023-12-15,9303
00936,台新永續高息中小,164,0,164,華南永昌-高雄,2023-12-15,9303
2363,矽統,281,123,158,華南永昌-高雄,2023-12-15,9303
2883,凱基金,132,6,126,華南永昌-高雄,2023-12-15,9303
00918,大華優利高填息30,143,28,115,華南永昌-高雄,2023-12-15,9303
00687B,國泰20年美債,188,75,113,華南永昌-高雄,2023-12-15,9303
00878,國泰永續高股息,132,29,103,華南永昌-高雄,2023-12-15,9303
2949,欣新網,79,0,79,華南永昌-高雄,2023-12-15,9303
2887,台新金,62,5,57,華南永昌-高雄,2023-12-15,9303
2609,陽明,126,80,46,華南永昌-高雄,2023-12-15,9303
2481,強茂,43,5,38,華南永昌-高雄,2023-12-15,9303
1795,美時,45,9,36,華南永昌-高雄,2023-12-15,9303
3086,華義,43,10,33,華南永昌-高雄,2023-12-15,9303
00933B,國泰10Y+金融債,37,6,31,華南永昌-高雄,2023-12-15,9303
9919,康那香,30,0,30,華南永昌-高雄,2023-12-15,9303
5425,台半,191,161,30,華南永昌-高雄,2023-12-15,9303
00934,中信成長高股息,28,2,26,華南永昌-高雄,2023-12-15,9303
2542,興富發,26,0,26,華南永昌-高雄,2023-12-15,9303
5457,宣德,26,0,26,華南永昌-高雄,2023-12-15,9303
2498,宏達電,25,0,25,華南永昌-高雄,2023-12-15,9303
6108,競國,27,2,25,華南永昌-高雄,2023-12-15,9303
3231,緯創,43,19,24,華南永昌-高雄,2023-12-15,9303
1513,中興電,24,1,23,華南永昌-高雄,2023-12-15,9303
00720B,元大投資級公司債,28,5,23,華南永昌-高雄,2023-12-15,9303
2601,益航,22,1,21,華南永昌-高雄,2023-12-15,9303
2618,長榮航,20,0,20,華南永昌-高雄,2023-12-15,9303
3706,神達,23,3,20,華南永昌-高雄,2023-12-15,9303
2412,中華電,29,9,20,華南永昌-高雄,2023-12-15,9303
1514,亞力,60,41,19,華南永昌-高雄,2023-12-15,9303
8068,全達,24,5,19,華南永昌-高雄,2023-12-15,9303
2201,裕隆,24,5,19,華南永昌-高雄,2023-12-15,9303
2547,日勝生,18,0,18,華南永昌-高雄,2023-12-15,9303
6026,福邦證,22,5,17,華南永昌-高雄,2023-12-15,9303
8011,台通,15,0,15,華南永昌-高雄,2023-12-15,9303
8390,金益鼎,15,0,15,華南永昌-高雄,2023-12-15,9303
4128,中天,16,1,15,華南永昌-高雄,2023-12-15,9303
2801,彰銀,22,8,14,華南永昌-高雄,2023-12-15,9303
00900,富邦特選高股息30,42,28,14,華南永昌-高雄,2023-12-15,9303
6245,立端,13,0,13,華南永昌-高雄,2023-12-15,9303
6248,沛波,12,0,12,華南永昌-高雄,2023-12-15,9303
3221,台嘉碩,12,0,12,華南永昌-高雄,2023-12-15,9303
4976,佳凌,12,0,12,華南永昌-高雄,2023-12-15,9303
4127,天良,12,0,12,華南永昌-高雄,2023-12-15,9303
8937,合騏,21,9,12,華南永昌-高雄,2023-12-15,9303
1521,大億,13,1,12,華南永昌-高雄,2023-12-15,9303
2301,光寶科,12,1,11,華南永昌-高雄,2023-12-15,9303
4915,致伸,11,0,11,華南永昌-高雄,2023-12-15,9303
2889,國票金,11,0,11,華南永昌-高雄,2023-12-15,9303
6235,華孚,13,2,11,華南永昌-高雄,2023-12-15,9303
9105,泰金寶-DR,1026,280,746,華南永昌-高雄,2023-12-18,9303
6179,亞通,427,8,419,華南永昌-高雄,2023-12-18,9303
00929,復華台灣科技優息,208,24,184,華南永昌-高雄,2023-12-18,9303
00919,群益台灣精選高息,204,24,180,華南永昌-高雄,2023-12-18,9303
2367,燿華,156,12,144,華南永昌-高雄,2023-12-18,9303
00680L,元大美債20正2,166,47,119,華南永昌-高雄,2023-12-18,9303
2897,王道銀行,110,2,108,華南永昌-高雄,2023-12-18,9303
8068,全達,95,0,95,華南永昌-高雄,2023-12-18,9303
00857B,永豐20年美公債,85,0,85,華南永昌-高雄,2023-12-18,9303
00931B,統一美債20年,89,7,82,華南永昌-高雄,2023-12-18,9303
2615,萬海,113,50,63,華南永昌-高雄,2023-12-18,9303
2002,中鋼,211,151,60,華南永昌-高雄,2023-12-18,9303
2618,長榮航,73,18,55,華南永昌-高雄,2023-12-18,9303
8936,國統,51,0,51,華南永昌-高雄,2023-12-18,9303
2356,英業達,122,72,50,華南永昌-高雄,2023-12-18,9303
00918,大華優利高填息30,60,11,49,華南永昌-高雄,2023-12-18,9303
3047,訊舟,55,12,43,華南永昌-高雄,2023-12-18,9303
2014,中鴻,302,263,39,華南永昌-高雄,2023-12-18,9303
6284,佳邦,39,0,39,華南永昌-高雄,2023-12-18,9303
9907,統一實,35,0,35,華南永昌-高雄,2023-12-18,9303
00687B,國泰20年美債,38,4,34,華南永昌-高雄,2023-12-18,9303
00712,復華富時不動產,69,37,32,華南永昌-高雄,2023-12-18,9303
00665L,富邦�琤肭磪囓�2,30,0,30,華南永昌-高雄,2023-12-18,9303
2605,新興,59,29,30,華南永昌-高雄,2023-12-18,9303
2329,華泰,36,7,29,華南永昌-高雄,2023-12-18,9303
2023,燁輝,196,169,27,華南永昌-高雄,2023-12-18,9303
4167,松瑞藥,30,7,23,華南永昌-高雄,2023-12-18,9303
1907,永豐餘,24,3,21,華南永昌-高雄,2023-12-18,9303
5425,台半,22,1,21,華南永昌-高雄,2023-12-18,9303
2498,宏達電,20,0,20,華南永昌-高雄,2023-12-18,9303
5371,中光電,20,0,20,華南永昌-高雄,2023-12-18,9303
3380,明泰,23,4,19,華南永昌-高雄,2023-12-18,9303
6282,康舒,28,9,19,華南永昌-高雄,2023-12-18,9303
2340,台亞,21,3,18,華南永昌-高雄,2023-12-18,9303
5432,新門,28,10,18,華南永昌-高雄,2023-12-18,9303
00772B,中信高評級公司債,33,15,18,華南永昌-高雄,2023-12-18,9303
2331,精英,22,4,18,華南永昌-高雄,2023-12-18,9303
00720B,元大投資級公司債,18,1,17,華南永昌-高雄,2023-12-18,9303
1810,和成,17,2,15,華南永昌-高雄,2023-12-18,9303
2855,統一證,15,0,15,華南永昌-高雄,2023-12-18,9303
2610,華航,15,2,13,華南永昌-高雄,2023-12-18,9303
1503,士電,14,2,12,華南永昌-高雄,2023-12-18,9303
00936,台新永續高息中小,29,17,12,華南永昌-高雄,2023-12-18,9303
00882,中信中國高股息,15,3,12,華南永昌-高雄,2023-12-18,9303
00885,富邦越南,11,0,11,華南永昌-高雄,2023-12-18,9303
2461,光群雷,11,0,11,華南永昌-高雄,2023-12-18,9303
00933B,國泰10Y+金融債,21,10,11,華南永昌-高雄,2023-12-18,9303
00715L,期街口布蘭特正2,11,0,11,華南永昌-高雄,2023-12-18,9303
3548,兆利,12,1,11,華南永昌-高雄,2023-12-18,9303
1580,新麥,10,0,10,華南永昌-高雄,2023-12-18,9303
00929,復華台灣科技優息,171,49,122,華南永昌-高雄,2023-12-19,9303
00919,群益台灣精選高息,150,32,118,華南永昌-高雄,2023-12-19,9303
2356,英業達,171,59,112,華南永昌-高雄,2023-12-19,9303
2889,國票金,111,0,111,華南永昌-高雄,2023-12-19,9303
2615,萬海,134,62,72,華南永昌-高雄,2023-12-19,9303
6179,亞通,111,51,60,華南永昌-高雄,2023-12-19,9303
00937B,群益ESG投等債20,132,77,55,華南永昌-高雄,2023-12-19,9303
2344,華邦電,66,14,52,華南永昌-高雄,2023-12-19,9303
2883B,凱基金乙特,52,0,52,華南永昌-高雄,2023-12-19,9303
2618,長榮航,82,33,49,華南永昌-高雄,2023-12-19,9303
2610,華航,42,0,42,華南永昌-高雄,2023-12-19,9303
5347,世界,44,5,39,華南永昌-高雄,2023-12-19,9303
5009,榮剛,41,4,37,華南永昌-高雄,2023-12-19,9303
2323,中環,33,0,33,華南永昌-高雄,2023-12-19,9303
00878,國泰永續高股息,46,14,32,華南永昌-高雄,2023-12-19,9303
2409,友達,43,13,30,華南永昌-高雄,2023-12-19,9303
2324,仁寶,34,8,26,華南永昌-高雄,2023-12-19,9303
00679B,元大美債20年,59,33,26,華南永昌-高雄,2023-12-19,9303
8477,創業家,25,0,25,華南永昌-高雄,2023-12-19,9303
5371,中光電,24,0,24,華南永昌-高雄,2023-12-19,9303
00751B,元大AAA至A公司債,22,0,22,華南永昌-高雄,2023-12-19,9303
00706L,期元大S＆P日圓正2,23,1,22,華南永昌-高雄,2023-12-19,9303
2888,新光金,26,6,20,華南永昌-高雄,2023-12-19,9303
1815,富喬,41,22,19,華南永昌-高雄,2023-12-19,9303
2352,佳世達,20,1,19,華南永昌-高雄,2023-12-19,9303
2485,兆赫,18,1,17,華南永昌-高雄,2023-12-19,9303
1905,華紙,22,7,15,華南永昌-高雄,2023-12-19,9303
2903,遠百,20,5,15,華南永昌-高雄,2023-12-19,9303
6269,台郡,20,6,14,華南永昌-高雄,2023-12-19,9303
2605,新興,21,8,13,華南永昌-高雄,2023-12-19,9303
2031,新光鋼,25,12,13,華南永昌-高雄,2023-12-19,9303
00915,凱基優選高股息30,22,10,12,華南永昌-高雄,2023-12-19,9303
1584,精剛,37,25,12,華南永昌-高雄,2023-12-19,9303
2890,永豐金,15,3,12,華南永昌-高雄,2023-12-19,9303
0056,元大高股息,14,2,12,華南永昌-高雄,2023-12-19,9303
2883,凱基金,12,0,12,華南永昌-高雄,2023-12-19,9303
2882,國泰金,11,0,11,華南永昌-高雄,2023-12-19,9303
2038,海光,20,9,11,華南永昌-高雄,2023-12-19,9303
2601,益航,11,0,11,華南永昌-高雄,2023-12-19,9303
4108,懷特,11,0,11,華南永昌-高雄,2023-12-19,9303
3380,明泰,16,6,10,華南永昌-高雄,2023-12-19,9303
2025,千興,10,0,10,華南永昌-高雄,2023-12-19,9303
00933B,國泰10Y+金融債,75,65,10,華南永昌-高雄,2023-12-19,9303
3694,海華,11,1,10,華南永昌-高雄,2023-12-19,9303
1560,中砂,11,1,10,華南永昌-高雄,2023-12-19,9303
2349,錸德,10,0,10,華南永昌-高雄,2023-12-19,9303
3402,漢科,10,0,10,華南永昌-高雄,2023-12-19,9303
6147,頎邦,10,1,9,華南永昌-高雄,2023-12-19,9303
00918,大華優利高填息30,9,0,9,華南永昌-高雄,2023-12-19,9303
6550,北極星藥業-KY,17,8,9,華南永昌-高雄,2023-12-19,9303
2314,台揚,158,3,155,華南永昌-高雄,2023-12-20,9303
00929,復華台灣科技優息,120,20,100,華南永昌-高雄,2023-12-20,9303
3047,訊舟,104,4,100,華南永昌-高雄,2023-12-20,9303
2883B,凱基金乙特,100,0,100,華南永昌-高雄,2023-12-20,9303
2323,中環,101,9,92,華南永昌-高雄,2023-12-20,9303
8068,全達,78,8,70,華南永昌-高雄,2023-12-20,9303
2356,英業達,236,167,69,華南永昌-高雄,2023-12-20,9303
00919,群益台灣精選高息,68,1,67,華南永昌-高雄,2023-12-20,9303
2913,農林,61,3,58,華南永昌-高雄,2023-12-20,9303
00937B,群益ESG投等債20,88,38,50,華南永昌-高雄,2023-12-20,9303
2892,第一金,45,0,45,華南永昌-高雄,2023-12-20,9303
2883,凱基金,50,6,44,華南永昌-高雄,2023-12-20,9303
4402,郡都開發,44,0,44,華南永昌-高雄,2023-12-20,9303
3511,矽瑪,43,0,43,華南永昌-高雄,2023-12-20,9303
00931B,統一美債20年,42,3,39,華南永昌-高雄,2023-12-20,9303
2444,兆勁,38,0,38,華南永昌-高雄,2023-12-20,9303
2537,聯上發,36,0,36,華南永昌-高雄,2023-12-20,9303
2888,新光金,30,0,30,華南永昌-高雄,2023-12-20,9303
6482,弘煜科,30,0,30,華南永昌-高雄,2023-12-20,9303
6138,茂達,51,24,27,華南永昌-高雄,2023-12-20,9303
2880,華南金,25,0,25,華南永昌-高雄,2023-12-20,9303
5364,力麗店,24,0,24,華南永昌-高雄,2023-12-20,9303
2002,中鋼,216,194,22,華南永昌-高雄,2023-12-20,9303
00915,凱基優選高股息30,22,0,22,華南永昌-高雄,2023-12-20,9303
2607,榮運,33,11,22,華南永昌-高雄,2023-12-20,9303
00936,台新永續高息中小,21,0,21,華南永昌-高雄,2023-12-20,9303
8050,廣積,21,1,20,華南永昌-高雄,2023-12-20,9303
6585,鼎基,20,0,20,華南永昌-高雄,2023-12-20,9303
3481,群創,31,11,20,華南永昌-高雄,2023-12-20,9303
00679B,元大美債20年,20,1,19,華南永昌-高雄,2023-12-20,9303
3035,智原,22,3,19,華南永昌-高雄,2023-12-20,9303
00933B,國泰10Y+金融債,128,110,18,華南永昌-高雄,2023-12-20,9303
8085,福華,19,1,18,華南永昌-高雄,2023-12-20,9303
2515,中工,56,38,18,華南永昌-高雄,2023-12-20,9303
8112,至上,19,2,17,華南永昌-高雄,2023-12-20,9303
2618,長榮航,35,18,17,華南永昌-高雄,2023-12-20,9303
8450,霹靂,16,0,16,華南永昌-高雄,2023-12-20,9303
2007,燁興,45,30,15,華南永昌-高雄,2023-12-20,9303
3037,欣興,15,1,14,華南永昌-高雄,2023-12-20,9303
00934,中信成長高股息,19,6,13,華南永昌-高雄,2023-12-20,9303
1504,東元,22,9,13,華南永昌-高雄,2023-12-20,9303
6182,合晶,20,7,13,華南永昌-高雄,2023-12-20,9303
00751B,元大AAA至A公司債,13,0,13,華南永昌-高雄,2023-12-20,9303
00720B,元大投資級公司債,12,0,12,華南永昌-高雄,2023-12-20,9303
2605,新興,16,4,12,華南永昌-高雄,2023-12-20,9303
3276,宇環,12,0,12,華南永昌-高雄,2023-12-20,9303
00632R,元大台灣50反1,12,0,12,華南永昌-高雄,2023-12-20,9303
2388,威盛,17,6,11,華南永昌-高雄,2023-12-20,9303
2367,燿華,11,0,11,華南永昌-高雄,2023-12-20,9303
2365,昆盈,15,4,11,華南永昌-高雄,2023-12-20,9303
00688L,國泰20年美債正2,210,74,136,華南永昌-高雄,2023-12-21,9303
00919,群益台灣精選高息,181,51,130,華南永昌-高雄,2023-12-21,9303
00929,復華台灣科技優息,124,40,84,華南永昌-高雄,2023-12-21,9303
4979,華星光,93,10,83,華南永昌-高雄,2023-12-21,9303
8936,國統,74,0,74,華南永昌-高雄,2023-12-21,9303
8068,全達,69,2,67,華南永昌-高雄,2023-12-21,9303
00933B,國泰10Y+金融債,77,11,66,華南永昌-高雄,2023-12-21,9303
00937B,群益ESG投等債20,99,36,63,華南永昌-高雄,2023-12-21,9303
3346,麗清,79,27,52,華南永昌-高雄,2023-12-21,9303
00772B,中信高評級公司債,51,0,51,華南永昌-高雄,2023-12-21,9303
00665L,富邦�琤肭磪囓�2,50,0,50,華南永昌-高雄,2023-12-21,9303
2211,長榮鋼,48,0,48,華南永昌-高雄,2023-12-21,9303
2014,中鴻,55,14,41,華南永昌-高雄,2023-12-21,9303
2610,華航,43,6,37,華南永昌-高雄,2023-12-21,9303
2611,志信,37,1,36,華南永昌-高雄,2023-12-21,9303
00632R,元大台灣50反1,36,0,36,華南永昌-高雄,2023-12-21,9303
2312,金寶,37,2,35,華南永昌-高雄,2023-12-21,9303
6244,茂迪,38,3,35,華南永昌-高雄,2023-12-21,9303
2363,矽統,41,9,32,華南永昌-高雄,2023-12-21,9303
2353,宏��,106,77,29,華南永昌-高雄,2023-12-21,9303
2324,仁寶,96,68,28,華南永昌-高雄,2023-12-21,9303
2615,萬海,110,83,27,華南永昌-高雄,2023-12-21,9303
00676R,富邦臺灣加權反1,26,0,26,華南永昌-高雄,2023-12-21,9303
2641,正德,34,9,25,華南永昌-高雄,2023-12-21,9303
3481,群創,65,41,24,華南永昌-高雄,2023-12-21,9303
2303,聯電,25,3,22,華南永昌-高雄,2023-12-21,9303
6139,亞翔,22,0,22,華南永昌-高雄,2023-12-21,9303
00713,元大台灣高息低波,21,0,21,華南永昌-高雄,2023-12-21,9303
1616,億泰,21,0,21,華南永昌-高雄,2023-12-21,9303
2890,永豐金,40,20,20,華南永昌-高雄,2023-12-21,9303
00673R,期元大S＆P原油反1,20,0,20,華南永昌-高雄,2023-12-21,9303
00927,群益半導體收益,20,0,20,華南永昌-高雄,2023-12-21,9303
2880,華南金,23,5,18,華南永昌-高雄,2023-12-21,9303
2801,彰銀,23,5,18,華南永昌-高雄,2023-12-21,9303
2344,華邦電,29,12,17,華南永昌-高雄,2023-12-21,9303
2886,兆豐金,19,2,17,華南永昌-高雄,2023-12-21,9303
0056,元大高股息,30,14,16,華南永昌-高雄,2023-12-21,9303
1513,中興電,21,5,16,華南永昌-高雄,2023-12-21,9303
6799,來頡,20,4,16,華南永昌-高雄,2023-12-21,9303
2634,漢翔,23,8,15,華南永昌-高雄,2023-12-21,9303
2367,燿華,17,2,15,華南永昌-高雄,2023-12-21,9303
00918,大華優利高填息30,16,1,15,華南永昌-高雄,2023-12-21,9303
2201,裕隆,16,2,14,華南永昌-高雄,2023-12-21,9303
4167,松瑞藥,31,17,14,華南永昌-高雄,2023-12-21,9303
8110,華東,29,15,14,華南永昌-高雄,2023-12-21,9303
6443,元晶,17,3,14,華南永昌-高雄,2023-12-21,9303
1503,士電,17,3,14,華南永昌-高雄,2023-12-21,9303
1303,南亞,13,0,13,華南永昌-高雄,2023-12-21,9303
8011,台通,15,2,13,華南永昌-高雄,2023-12-21,9303
2020,美亞,15,2,13,華南永昌-高雄,2023-12-21,9303
9105,泰金寶-DR,482,225,257,華南永昌-高雄,2023-12-22,9303
00679B,元大美債20年,178,5,173,華南永昌-高雄,2023-12-22,9303
8068,全達,138,3,135,華南永昌-高雄,2023-12-22,9303
00680L,元大美債20正2,86,4,82,華南永昌-高雄,2023-12-22,9303
00882,中信中國高股息,72,0,72,華南永昌-高雄,2023-12-22,9303
2349,錸德,67,0,67,華南永昌-高雄,2023-12-22,9303
6534,正瀚-創,60,0,60,華南永昌-高雄,2023-12-22,9303
2427,三商電,57,0,57,華南永昌-高雄,2023-12-22,9303
2014,中鴻,64,13,51,華南永昌-高雄,2023-12-22,9303
1314,中石化,53,4,49,華南永昌-高雄,2023-12-22,9303
00937B,群益ESG投等債20,69,26,43,華南永昌-高雄,2023-12-22,9303
3037,欣興,38,0,38,華南永昌-高雄,2023-12-22,9303
2344,華邦電,109,72,37,華南永昌-高雄,2023-12-22,9303
00857B,永豐20年美公債,37,0,37,華南永昌-高雄,2023-12-22,9303
2387,精元,33,0,33,華南永昌-高雄,2023-12-22,9303
6645,金萬林-創,32,0,32,華南永昌-高雄,2023-12-22,9303
00936,台新永續高息中小,31,0,31,華南永昌-高雄,2023-12-22,9303
00637L,元大滬深300正2,47,16,31,華南永昌-高雄,2023-12-22,9303
00773B,中信優先金融債,29,2,27,華南永昌-高雄,2023-12-22,9303
2023,燁輝,30,5,25,華南永昌-高雄,2023-12-22,9303
00931B,統一美債20年,28,4,24,華南永昌-高雄,2023-12-22,9303
3231,緯創,53,30,23,華南永昌-高雄,2023-12-22,9303
2323,中環,31,10,21,華南永昌-高雄,2023-12-22,9303
1313,聯成,22,2,20,華南永昌-高雄,2023-12-22,9303
00673R,期元大S＆P原油反1,20,0,20,華南永昌-高雄,2023-12-22,9303
9910,豐泰,19,0,19,華南永昌-高雄,2023-12-22,9303
2363,矽統,29,13,16,華南永昌-高雄,2023-12-22,9303
2329,華泰,16,1,15,華南永昌-高雄,2023-12-22,9303
4770,上品,15,0,15,華南永昌-高雄,2023-12-22,9303
3680,家登,15,0,15,華南永昌-高雄,2023-12-22,9303
00687B,國泰20年美債,20,7,13,華南永昌-高雄,2023-12-22,9303
2355,敬鵬,16,5,11,華南永昌-高雄,2023-12-22,9303
1513,中興電,12,1,11,華南永昌-高雄,2023-12-22,9303
2324,仁寶,27,16,11,華南永昌-高雄,2023-12-22,9303
9919,康那香,32,21,11,華南永昌-高雄,2023-12-22,9303
00713,元大台灣高息低波,11,0,11,華南永昌-高雄,2023-12-22,9303
8086,宏捷科,14,4,10,華南永昌-高雄,2023-12-22,9303
1304,台聚,10,0,10,華南永昌-高雄,2023-12-22,9303
4572,駐龍,11,1,10,華南永昌-高雄,2023-12-22,9303
00651R,復華香港反1,10,0,10,華南永昌-高雄,2023-12-22,9303
6242,立康,10,0,10,華南永昌-高雄,2023-12-22,9303
4908,前鼎,10,0,10,華南永昌-高雄,2023-12-22,9303
6126,信音,12,2,10,華南永昌-高雄,2023-12-22,9303
5426,振發,10,0,10,華南永昌-高雄,2023-12-22,9303
2027,大成鋼,11,2,9,華南永昌-高雄,2023-12-22,9303
2630,亞航,10,1,9,華南永昌-高雄,2023-12-22,9303
6122,擎邦,10,1,9,華南永昌-高雄,2023-12-22,9303
1303,南亞,18,9,9,華南永昌-高雄,2023-12-22,9303
00751B,元大AAA至A公司債,11,3,8,華南永昌-高雄,2023-12-22,9303
2891,中信金,9,1,8,華南永昌-高雄,2023-12-22,9303
2609,陽明,370,155,215,華南永昌-高雄,2023-12-25,9303
8088,品安,220,22,198,華南永昌-高雄,2023-12-25,9303
2324,仁寶,237,93,144,華南永昌-高雄,2023-12-25,9303
00919,群益台灣精選高息,137,5,132,華南永昌-高雄,2023-12-25,9303
3346,麗清,173,48,125,華南永昌-高雄,2023-12-25,9303
1312,國喬,126,9,117,華南永昌-高雄,2023-12-25,9303
2867,三商壽,101,0,101,華南永昌-高雄,2023-12-25,9303
2615,萬海,174,93,81,華南永昌-高雄,2023-12-25,9303
2353,宏��,202,123,79,華南永昌-高雄,2023-12-25,9303
2312,金寶,78,2,76,華南永昌-高雄,2023-12-25,9303
00937B,群益ESG投等債20,49,2,47,華南永昌-高雄,2023-12-25,9303
6290,良維,43,2,41,華南永昌-高雄,2023-12-25,9303
5398,慕康生醫,40,0,40,華南永昌-高雄,2023-12-25,9303
5364,力麗店,35,3,32,華南永昌-高雄,2023-12-25,9303
3033,威健,32,0,32,華南永昌-高雄,2023-12-25,9303
2605,新興,48,16,32,華南永昌-高雄,2023-12-25,9303
00857B,永豐20年美公債,32,0,32,華南永昌-高雄,2023-12-25,9303
00929,復華台灣科技優息,50,24,26,華南永昌-高雄,2023-12-25,9303
6695,芯鼎,74,49,25,華南永昌-高雄,2023-12-25,9303
8059,凱碩,39,15,24,華南永昌-高雄,2023-12-25,9303
00933B,國泰10Y+金融債,23,0,23,華南永昌-高雄,2023-12-25,9303
4552,力達-KY,22,0,22,華南永昌-高雄,2023-12-25,9303
2421,建準,77,56,21,華南永昌-高雄,2023-12-25,9303
1584,精剛,20,0,20,華南永昌-高雄,2023-12-25,9303
2511,太子,20,0,20,華南永昌-高雄,2023-12-25,9303
5425,台半,54,34,20,華南永昌-高雄,2023-12-25,9303
2367,燿華,30,11,19,華南永昌-高雄,2023-12-25,9303
2344,華邦電,23,5,18,華南永昌-高雄,2023-12-25,9303
00915,凱基優選高股息30,17,0,17,華南永昌-高雄,2023-12-25,9303
00715L,期街口布蘭特正2,16,0,16,華南永昌-高雄,2023-12-25,9303
9919,康那香,37,21,16,華南永昌-高雄,2023-12-25,9303
00934,中信成長高股息,15,0,15,華南永昌-高雄,2023-12-25,9303
3211,順達,15,0,15,華南永昌-高雄,2023-12-25,9303
3264,欣銓,15,0,15,華南永昌-高雄,2023-12-25,9303
6756,威鋒電子,44,29,15,華南永昌-高雄,2023-12-25,9303
2630,亞航,22,7,15,華南永昌-高雄,2023-12-25,9303
3287,廣寰科,16,2,14,華南永昌-高雄,2023-12-25,9303
8936,國統,16,2,14,華南永昌-高雄,2023-12-25,9303
2355,敬鵬,16,2,14,華南永昌-高雄,2023-12-25,9303
3041,揚智,22,8,14,華南永昌-高雄,2023-12-25,9303
00936,台新永續高息中小,13,0,13,華南永昌-高雄,2023-12-25,9303
8050,廣積,13,0,13,華南永昌-高雄,2023-12-25,9303
5864,致和證,13,1,12,華南永昌-高雄,2023-12-25,9303
2498,宏達電,21,9,12,華南永昌-高雄,2023-12-25,9303
1514,亞力,31,19,12,華南永昌-高雄,2023-12-25,9303
00720B,元大投資級公司債,12,0,12,華南永昌-高雄,2023-12-25,9303
5009,榮剛,47,36,11,華南永昌-高雄,2023-12-25,9303
6275,元山,15,4,11,華南永昌-高雄,2023-12-25,9303
2425,承啟,60,49,11,華南永昌-高雄,2023-12-25,9303
6667,信紘科,12,1,11,華南永昌-高雄,2023-12-25,9303
1312,國喬,230,25,205,華南永昌-高雄,2023-12-26,9303
00688L,國泰20年美債正2,106,0,106,華南永昌-高雄,2023-12-26,9303
1301,台塑,101,0,101,華南永昌-高雄,2023-12-26,9303
2889,國票金,101,19,82,華南永昌-高雄,2023-12-26,9303
3706,神達,61,2,59,華南永昌-高雄,2023-12-26,9303
2014,中鴻,67,16,51,華南永昌-高雄,2023-12-26,9303
8089,康全電訊,87,44,43,華南永昌-高雄,2023-12-26,9303
00687B,國泰20年美債,39,1,38,華南永昌-高雄,2023-12-26,9303
2609,陽明,244,206,38,華南永昌-高雄,2023-12-26,9303
00919,群益台灣精選高息,45,10,35,華南永昌-高雄,2023-12-26,9303
2618,長榮航,33,1,32,華南永昌-高雄,2023-12-26,9303
00934,中信成長高股息,34,3,31,華南永昌-高雄,2023-12-26,9303
6219,富旺,65,39,26,華南永昌-高雄,2023-12-26,9303
6270,倍微,24,4,20,華南永昌-高雄,2023-12-26,9303
2615,萬海,27,7,20,華南永昌-高雄,2023-12-26,9303
2027,大成鋼,23,4,19,華南永昌-高雄,2023-12-26,9303
2630,亞航,22,3,19,華南永昌-高雄,2023-12-26,9303
3033,威健,18,0,18,華南永昌-高雄,2023-12-26,9303
2610,華航,20,4,16,華南永昌-高雄,2023-12-26,9303
00933B,國泰10Y+金融債,16,0,16,華南永昌-高雄,2023-12-26,9303
5521,工信,18,2,16,華南永昌-高雄,2023-12-26,9303
00937B,群益ESG投等債20,23,8,15,華南永昌-高雄,2023-12-26,9303
5288,豐祥-KY,15,0,15,華南永昌-高雄,2023-12-26,9303
2641,正德,23,10,13,華南永昌-高雄,2023-12-26,9303
8068,全達,12,0,12,華南永昌-高雄,2023-12-26,9303
00915,凱基優選高股息30,13,1,12,華南永昌-高雄,2023-12-26,9303
8426,紅木-KY,12,0,12,華南永昌-高雄,2023-12-26,9303
2444,兆勁,11,0,11,華南永昌-高雄,2023-12-26,9303
2314,台揚,20,9,11,華南永昌-高雄,2023-12-26,9303
00637L,元大滬深300正2,13,2,11,華南永昌-高雄,2023-12-26,9303
00929,復華台灣科技優息,34,24,10,華南永昌-高雄,2023-12-26,9303
1447,力鵬,10,0,10,華南永昌-高雄,2023-12-26,9303
5215,科嘉-KY,10,0,10,華南永昌-高雄,2023-12-26,9303
4129,聯合,10,0,10,華南永昌-高雄,2023-12-26,9303
3094,聯傑,13,3,10,華南永昌-高雄,2023-12-26,9303
1519,華城,21,12,9,華南永昌-高雄,2023-12-26,9303
00679B,元大美債20年,11,2,9,華南永昌-高雄,2023-12-26,9303
2402,毅嘉,15,6,9,華南永昌-高雄,2023-12-26,9303
00891,中信關鍵半導體,9,0,9,華南永昌-高雄,2023-12-26,9303
3042,晶技,9,0,9,華南永昌-高雄,2023-12-26,9303
6269,台郡,9,0,9,華南永昌-高雄,2023-12-26,9303
2454,聯發科,10,1,9,華南永昌-高雄,2023-12-26,9303
2884,玉山金,13,5,8,華南永昌-高雄,2023-12-26,9303
3325,旭品,8,0,8,華南永昌-高雄,2023-12-26,9303
4968,立積,9,1,8,華南永昌-高雄,2023-12-26,9303
5351,鈺創,13,5,8,華南永昌-高雄,2023-12-26,9303
2485,兆赫,7,0,7,華南永昌-高雄,2023-12-26,9303
00712,復華富時不動產,7,0,7,華南永昌-高雄,2023-12-26,9303
3479,安勤,9,2,7,華南永昌-高雄,2023-12-26,9303
4915,致伸,8,1,7,華南永昌-高雄,2023-12-26,9303
00937B,群益ESG投等債20,284,12,272,華南永昌-高雄,2023-12-27,9303
00919,群益台灣精選高息,115,12,103,華南永昌-高雄,2023-12-27,9303
2421,建準,90,20,70,華南永昌-高雄,2023-12-27,9303
2314,台揚,73,3,70,華南永昌-高雄,2023-12-27,9303
3338,泰碩,72,16,56,華南永昌-高雄,2023-12-27,9303
2615,萬海,65,12,53,華南永昌-高雄,2023-12-27,9303
00680L,元大美債20正2,52,0,52,華南永昌-高雄,2023-12-27,9303
3390,旭軟,60,8,52,華南永昌-高雄,2023-12-27,9303
2377,微星,54,2,52,華南永昌-高雄,2023-12-27,9303
1303,南亞,49,0,49,華南永昌-高雄,2023-12-27,9303
8936,國統,82,36,46,華南永昌-高雄,2023-12-27,9303
00632R,元大台灣50反1,42,0,42,華南永昌-高雄,2023-12-27,9303
9802,鈺齊-KY,42,1,41,華南永昌-高雄,2023-12-27,9303
00751B,元大AAA至A公司債,39,0,39,華南永昌-高雄,2023-12-27,9303
00934,中信成長高股息,40,1,39,華南永昌-高雄,2023-12-27,9303
1101,台泥,43,5,38,華南永昌-高雄,2023-12-27,9303
5521,工信,38,2,36,華南永昌-高雄,2023-12-27,9303
2374,佳能,34,2,32,華南永昌-高雄,2023-12-27,9303
2010,春源,31,0,31,華南永昌-高雄,2023-12-27,9303
2892,第一金,32,2,30,華南永昌-高雄,2023-12-27,9303
00674R,期元大S＆P黃金反1,30,0,30,華南永昌-高雄,2023-12-27,9303
2606,裕民,32,4,28,華南永昌-高雄,2023-12-27,9303
4162,智擎,32,4,28,華南永昌-高雄,2023-12-27,9303
2355,敬鵬,35,8,27,華南永昌-高雄,2023-12-27,9303
2913,農林,30,4,26,華南永昌-高雄,2023-12-27,9303
2014,中鴻,33,8,25,華南永昌-高雄,2023-12-27,9303
1795,美時,27,3,24,華南永昌-高雄,2023-12-27,9303
5425,台半,24,1,23,華南永昌-高雄,2023-12-27,9303
910322,康師傅-DR,23,0,23,華南永昌-高雄,2023-12-27,9303
00637L,元大滬深300正2,21,0,21,華南永昌-高雄,2023-12-27,9303
3169,亞信,29,9,20,華南永昌-高雄,2023-12-27,9303
8085,福華,21,1,20,華南永昌-高雄,2023-12-27,9303
2883B,凱基金乙特,18,0,18,華南永昌-高雄,2023-12-27,9303
2369,菱生,19,2,17,華南永昌-高雄,2023-12-27,9303
6782,視陽,22,5,17,華南永昌-高雄,2023-12-27,9303
2103,台橡,16,0,16,華南永昌-高雄,2023-12-27,9303
3380,明泰,24,8,16,華南永昌-高雄,2023-12-27,9303
8054,安國,17,1,16,華南永昌-高雄,2023-12-27,9303
00688L,國泰20年美債正2,15,0,15,華南永昌-高雄,2023-12-27,9303
2701,萬企,20,5,15,華南永昌-高雄,2023-12-27,9303
00673R,期元大S＆P原油反1,15,0,15,華南永昌-高雄,2023-12-27,9303
00757,統一FANG+,13,0,13,華南永昌-高雄,2023-12-27,9303
2641,正德,35,22,13,華南永昌-高雄,2023-12-27,9303
6257,矽格,12,0,12,華南永昌-高雄,2023-12-27,9303
1459,聯發,11,0,11,華南永昌-高雄,2023-12-27,9303
8040,九暘,13,2,11,華南永昌-高雄,2023-12-27,9303
2515,中工,12,1,11,華南永昌-高雄,2023-12-27,9303
00706L,期元大S＆P日圓正2,11,0,11,華南永昌-高雄,2023-12-27,9303
6125,廣運,13,2,11,華南永昌-高雄,2023-12-27,9303
2329,華泰,16,5,11,華南永昌-高雄,2023-12-27,9303
00937B,群益ESG投等債20,196,2,194,華南永昌-高雄,2023-12-28,9303
6668,中揚光,98,0,98,華南永昌-高雄,2023-12-28,9303
00919,群益台灣精選高息,93,6,87,華南永昌-高雄,2023-12-28,9303
2363,矽統,101,21,80,華南永昌-高雄,2023-12-28,9303
00687B,國泰20年美債,83,30,53,華南永昌-高雄,2023-12-28,9303
8068,全達,60,7,53,華南永昌-高雄,2023-12-28,9303
00918,大華優利高填息30,52,0,52,華南永昌-高雄,2023-12-28,9303
00720B,元大投資級公司債,43,0,43,華南永昌-高雄,2023-12-28,9303
2303,聯電,108,65,43,華南永昌-高雄,2023-12-28,9303
1586,和勤,35,0,35,華南永昌-高雄,2023-12-28,9303
2324,仁寶,66,32,34,華南永昌-高雄,2023-12-28,9303
8163,達方,34,1,33,華南永昌-高雄,2023-12-28,9303
00674R,期元大S＆P黃金反1,32,0,32,華南永昌-高雄,2023-12-28,9303
00929,復華台灣科技優息,74,42,32,華南永昌-高雄,2023-12-28,9303
2353,宏��,240,210,30,華南永昌-高雄,2023-12-28,9303
3706,神達,117,87,30,華南永昌-高雄,2023-12-28,9303
6446,藥華藥,30,1,29,華南永昌-高雄,2023-12-28,9303
3017,奇鋐,28,2,26,華南永昌-高雄,2023-12-28,9303
2606,裕民,28,5,23,華南永昌-高雄,2023-12-28,9303
2356,英業達,90,68,22,華南永昌-高雄,2023-12-28,9303
1310,台苯,22,0,22,華南永昌-高雄,2023-12-28,9303
2405,輔信,32,10,22,華南永昌-高雄,2023-12-28,9303
3006,晶豪科,30,8,22,華南永昌-高雄,2023-12-28,9303
8093,保銳,20,0,20,華南永昌-高雄,2023-12-28,9303
2482,連宇,20,0,20,華南永昌-高雄,2023-12-28,9303
8936,國統,25,6,19,華南永昌-高雄,2023-12-28,9303
4526,東台,18,0,18,華南永昌-高雄,2023-12-28,9303
00936,台新永續高息中小,18,0,18,華南永昌-高雄,2023-12-28,9303
4979,華星光,34,16,18,華南永昌-高雄,2023-12-28,9303
2369,菱生,18,1,17,華南永昌-高雄,2023-12-28,9303
2605,新興,19,3,16,華南永昌-高雄,2023-12-28,9303
5515,建國,16,0,16,華南永昌-高雄,2023-12-28,9303
1514,亞力,130,114,16,華南永昌-高雄,2023-12-28,9303
8088,品安,20,5,15,華南永昌-高雄,2023-12-28,9303
5347,世界,28,13,15,華南永昌-高雄,2023-12-28,9303
3376,新日興,32,18,14,華南永昌-高雄,2023-12-28,9303
1618,合機,18,5,13,華南永昌-高雄,2023-12-28,9303
6799,來頡,16,3,13,華南永昌-高雄,2023-12-28,9303
8277,商丞,13,0,13,華南永昌-高雄,2023-12-28,9303
00934,中信成長高股息,25,12,13,華南永昌-高雄,2023-12-28,9303
00933B,國泰10Y+金融債,13,0,13,華南永昌-高雄,2023-12-28,9303
6219,富旺,66,53,13,華南永昌-高雄,2023-12-28,9303
6179,亞通,50,37,13,華南永昌-高雄,2023-12-28,9303
6550,北極星藥業-KY,24,12,12,華南永昌-高雄,2023-12-28,9303
6275,元山,15,3,12,華南永昌-高雄,2023-12-28,9303
2883B,凱基金乙特,12,0,12,華南永昌-高雄,2023-12-28,9303
2444,兆勁,12,0,12,華南永昌-高雄,2023-12-28,9303
00673R,期元大S＆P原油反1,12,0,12,華南永昌-高雄,2023-12-28,9303
8996,高力,11,0,11,華南永昌-高雄,2023-12-28,9303
2727,王品,11,0,11,華南永昌-高雄,2023-12-28,9303
00937B,群益ESG投等債20,155,15,140,華南永昌-高雄,2023-12-29,9303
00687B,國泰20年美債,112,0,112,華南永昌-高雄,2023-12-29,9303
2356,英業達,138,49,89,華南永昌-高雄,2023-12-29,9303
2362,藍天,126,49,77,華南永昌-高雄,2023-12-29,9303
2344,華邦電,193,119,74,華南永昌-高雄,2023-12-29,9303
8068,全達,63,0,63,華南永昌-高雄,2023-12-29,9303
00934,中信成長高股息,59,0,59,華南永昌-高雄,2023-12-29,9303
2353,宏��,151,103,48,華南永昌-高雄,2023-12-29,9303
00679B,元大美債20年,56,11,45,華南永昌-高雄,2023-12-29,9303
2365,昆盈,50,6,44,華南永昌-高雄,2023-12-29,9303
2911,麗嬰房,40,0,40,華南永昌-高雄,2023-12-29,9303
00929,復華台灣科技優息,37,3,34,華南永昌-高雄,2023-12-29,9303
3260,威剛,59,33,26,華南永昌-高雄,2023-12-29,9303
6550,北極星藥業-KY,43,18,25,華南永昌-高雄,2023-12-29,9303
2615,萬海,25,1,24,華南永昌-高雄,2023-12-29,9303
2701,萬企,24,0,24,華南永昌-高雄,2023-12-29,9303
00637L,元大滬深300正2,56,32,24,華南永昌-高雄,2023-12-29,9303
00720B,元大投資級公司債,23,0,23,華南永昌-高雄,2023-12-29,9303
1618,合機,29,6,23,華南永昌-高雄,2023-12-29,9303
00688L,國泰20年美債正2,22,0,22,華南永昌-高雄,2023-12-29,9303
9802,鈺齊-KY,23,1,22,華南永昌-高雄,2023-12-29,9303
3413,京鼎,22,0,22,華南永昌-高雄,2023-12-29,9303
1514,亞力,33,12,21,華南永昌-高雄,2023-12-29,9303
1449,佳和,20,0,20,華南永昌-高雄,2023-12-29,9303
2511,太子,20,0,20,華南永昌-高雄,2023-12-29,9303
6257,矽格,21,1,20,華南永昌-高雄,2023-12-29,9303
6275,元山,20,0,20,華南永昌-高雄,2023-12-29,9303
2610,華航,32,12,20,華南永昌-高雄,2023-12-29,9303
00931B,統一美債20年,19,0,19,華南永昌-高雄,2023-12-29,9303
2515,中工,32,13,19,華南永昌-高雄,2023-12-29,9303
2890,永豐金,40,21,19,華南永昌-高雄,2023-12-29,9303
6695,芯鼎,19,2,17,華南永昌-高雄,2023-12-29,9303
6113,亞矽,28,11,17,華南永昌-高雄,2023-12-29,9303
1519,華城,48,32,16,華南永昌-高雄,2023-12-29,9303
2605,新興,16,2,14,華南永昌-高雄,2023-12-29,9303
6233,旺玖,17,3,14,華南永昌-高雄,2023-12-29,9303
1504,東元,18,4,14,華南永昌-高雄,2023-12-29,9303
3041,揚智,23,9,14,華南永昌-高雄,2023-12-29,9303
2889,國票金,17,3,14,華南永昌-高雄,2023-12-29,9303
5469,瀚宇博,16,3,13,華南永昌-高雄,2023-12-29,9303
1810,和成,12,0,12,華南永昌-高雄,2023-12-29,9303
2501,國建,12,0,12,華南永昌-高雄,2023-12-29,9303
2609,陽明,71,59,12,華南永昌-高雄,2023-12-29,9303
3390,旭軟,14,3,11,華南永昌-高雄,2023-12-29,9303
00922,國泰台灣領袖50,11,0,11,華南永昌-高雄,2023-12-29,9303
2465,麗臺,13,2,11,華南永昌-高雄,2023-12-29,9303
5009,榮剛,11,0,11,華南永昌-高雄,2023-12-29,9303
8936,國統,13,2,11,華南永昌-高雄,2023-12-29,9303
00751B,元大AAA至A公司債,10,0,10,華南永昌-高雄,2023-12-29,9303
00795B,中信美國公債20年,10,0,10,華南永昌-高雄,2023-12-29,9303
6163,華電網,391,212,179,華南永昌-高雄,2024-01-02,9303
2610,華航,274,104,170,華南永昌-高雄,2024-01-02,9303
3231,緯創,169,59,110,華南永昌-高雄,2024-01-02,9303
00937B,群益ESG投等債20,101,4,97,華南永昌-高雄,2024-01-02,9303
00637L,元大滬深300正2,86,4,82,華南永昌-高雄,2024-01-02,9303
3321,同泰,70,1,69,華南永昌-高雄,2024-01-02,9303
2367,燿華,67,0,67,華南永昌-高雄,2024-01-02,9303
5347,世界,59,6,53,華南永昌-高雄,2024-01-02,9303
2303,聯電,60,8,52,華南永昌-高雄,2024-01-02,9303
2344,華邦電,182,131,51,華南永昌-高雄,2024-01-02,9303
00687B,國泰20年美債,64,15,49,華南永昌-高雄,2024-01-02,9303
00919,群益台灣精選高息,73,25,48,華南永昌-高雄,2024-01-02,9303
2324,仁寶,54,7,47,華南永昌-高雄,2024-01-02,9303
6233,旺玖,47,0,47,華南永昌-高雄,2024-01-02,9303
00688L,國泰20年美債正2,47,0,47,華南永昌-高雄,2024-01-02,9303
00915,凱基優選高股息30,44,0,44,華南永昌-高雄,2024-01-02,9303
00878,國泰永續高股息,73,29,44,華南永昌-高雄,2024-01-02,9303
2352,佳世達,57,15,42,華南永昌-高雄,2024-01-02,9303
9105,泰金寶-DR,129,88,41,華南永昌-高雄,2024-01-02,9303
00918,大華優利高填息30,42,2,40,華南永昌-高雄,2024-01-02,9303
2609,陽明,181,141,40,華南永昌-高雄,2024-01-02,9303
2889,國票金,37,0,37,華南永昌-高雄,2024-01-02,9303
5521,工信,77,41,36,華南永昌-高雄,2024-01-02,9303
2515,中工,40,5,35,華南永昌-高雄,2024-01-02,9303
2327,國巨,28,0,28,華南永昌-高雄,2024-01-02,9303
2890,永豐金,27,0,27,華南永昌-高雄,2024-01-02,9303
2486,一詮,86,60,26,華南永昌-高雄,2024-01-02,9303
2363,矽統,46,22,24,華南永昌-高雄,2024-01-02,9303
1586,和勤,23,0,23,華南永昌-高雄,2024-01-02,9303
00679B,元大美債20年,22,0,22,華南永昌-高雄,2024-01-02,9303
6550,北極星藥業-KY,37,15,22,華南永昌-高雄,2024-01-02,9303
2313,華通,23,2,21,華南永昌-高雄,2024-01-02,9303
6531,愛普*,20,0,20,華南永昌-高雄,2024-01-02,9303
3037,欣興,22,3,19,華南永昌-高雄,2024-01-02,9303
00720B,元大投資級公司債,18,0,18,華南永昌-高雄,2024-01-02,9303
3481,群創,53,35,18,華南永昌-高雄,2024-01-02,9303
3006,晶豪科,16,1,15,華南永昌-高雄,2024-01-02,9303
00772B,中信高評級公司債,22,7,15,華南永昌-高雄,2024-01-02,9303
00633L,富邦上証正2,14,0,14,華南永昌-高雄,2024-01-02,9303
2867,三商壽,13,0,13,華南永昌-高雄,2024-01-02,9303
00751B,元大AAA至A公司債,18,5,13,華南永昌-高雄,2024-01-02,9303
2355,敬鵬,15,2,13,華南永昌-高雄,2024-01-02,9303
00923,群益台ESG低碳50,12,0,12,華南永昌-高雄,2024-01-02,9303
00636,國泰中國A50,12,0,12,華南永昌-高雄,2024-01-02,9303
2354,鴻準,13,2,11,華南永昌-高雄,2024-01-02,9303
5309,系統電,14,3,11,華南永昌-高雄,2024-01-02,9303
2323,中環,21,10,11,華南永昌-高雄,2024-01-02,9303
00857B,永豐20年美公債,10,0,10,華南永昌-高雄,2024-01-02,9303
3709,鑫聯大投控,10,0,10,華南永昌-高雄,2024-01-02,9303
00680L,元大美債20正2,10,0,10,華南永昌-高雄,2024-01-02,9303
3522,御嵿,691,9,682,華南永昌-高雄,2024-01-03,9303
00937B,群益ESG投等債20,147,17,130,華南永昌-高雄,2024-01-03,9303
2324,仁寶,138,14,124,華南永昌-高雄,2024-01-03,9303
00687B,國泰20年美債,103,0,103,華南永昌-高雄,2024-01-03,9303
00929,復華台灣科技優息,190,88,102,華南永昌-高雄,2024-01-03,9303
2889,國票金,101,1,100,華南永昌-高雄,2024-01-03,9303
00715L,期街口布蘭特正2,97,0,97,華南永昌-高雄,2024-01-03,9303
00919,群益台灣精選高息,197,105,92,華南永昌-高雄,2024-01-03,9303
00878,國泰永續高股息,102,11,91,華南永昌-高雄,2024-01-03,9303
2002,中鋼,381,302,79,華南永昌-高雄,2024-01-03,9303
8068,全達,79,1,78,華南永昌-高雄,2024-01-03,9303
2303,聯電,74,13,61,華南永昌-高雄,2024-01-03,9303
1586,和勤,60,0,60,華南永昌-高雄,2024-01-03,9303
4162,智擎,45,1,44,華南永昌-高雄,2024-01-03,9303
00923,群益台ESG低碳50,42,0,42,華南永昌-高雄,2024-01-03,9303
1325,恆大,88,47,41,華南永昌-高雄,2024-01-03,9303
2882,國泰金,40,0,40,華南永昌-高雄,2024-01-03,9303
0056,元大高股息,78,39,39,華南永昌-高雄,2024-01-03,9303
3062,建漢,35,0,35,華南永昌-高雄,2024-01-03,9303
1216,統一,34,0,34,華南永昌-高雄,2024-01-03,9303
6164,華興,42,9,33,華南永昌-高雄,2024-01-03,9303
2323,中環,59,31,28,華南永昌-高雄,2024-01-03,9303
5608,四維航,155,127,28,華南永昌-高雄,2024-01-03,9303
00642U,期元大S＆P石油,27,0,27,華南永昌-高雄,2024-01-03,9303
3037,欣興,26,0,26,華南永昌-高雄,2024-01-03,9303
2409,友達,33,8,25,華南永昌-高雄,2024-01-03,9303
2014,中鴻,24,0,24,華南永昌-高雄,2024-01-03,9303
3036,文曄,41,17,24,華南永昌-高雄,2024-01-03,9303
1503,士電,29,7,22,華南永昌-高雄,2024-01-03,9303
5521,工信,51,29,22,華南永昌-高雄,2024-01-03,9303
6770,力積電,21,0,21,華南永昌-高雄,2024-01-03,9303
2330,台積電,21,1,20,華南永昌-高雄,2024-01-03,9303
3303,岱稜,20,0,20,華南永昌-高雄,2024-01-03,9303
3321,同泰,40,20,20,華南永昌-高雄,2024-01-03,9303
8086,宏捷科,24,5,19,華南永昌-高雄,2024-01-03,9303
2486,一詮,99,81,18,華南永昌-高雄,2024-01-03,9303
2356,英業達,44,26,18,華南永昌-高雄,2024-01-03,9303
3402,漢科,20,2,18,華南永昌-高雄,2024-01-03,9303
1605,華新,18,0,18,華南永昌-高雄,2024-01-03,9303
2618,長榮航,136,119,17,華南永昌-高雄,2024-01-03,9303
00936,台新永續高息中小,22,5,17,華南永昌-高雄,2024-01-03,9303
9945,潤泰新,17,0,17,華南永昌-高雄,2024-01-03,9303
6593,台灣銘板,20,3,17,華南永昌-高雄,2024-01-03,9303
00891,中信關鍵半導體,22,6,16,華南永昌-高雄,2024-01-03,9303
2888,新光金,16,0,16,華南永昌-高雄,2024-01-03,9303
4142,國光生,16,0,16,華南永昌-高雄,2024-01-03,9303
2834,臺企銀,15,0,15,華南永昌-高雄,2024-01-03,9303
2376,技嘉,19,4,15,華南永昌-高雄,2024-01-03,9303
00882,中信中國高股息,18,4,14,華南永昌-高雄,2024-01-03,9303
2455,全新,15,1,14,華南永昌-高雄,2024-01-03,9303
00929,復華台灣科技優息,352,18,334,華南永昌-高雄,2024-01-04,9303
00937B,群益ESG投等債20,230,1,229,華南永昌-高雄,2024-01-04,9303
2457,飛宏,107,6,101,華南永昌-高雄,2024-01-04,9303
00665L,富邦�琤肭磪囓�2,100,1,99,華南永昌-高雄,2024-01-04,9303
0056,元大高股息,91,27,64,華南永昌-高雄,2024-01-04,9303
2352,佳世達,90,31,59,華南永昌-高雄,2024-01-04,9303
6219,富旺,93,40,53,華南永昌-高雄,2024-01-04,9303
2331,精英,61,12,49,華南永昌-高雄,2024-01-04,9303
1586,和勤,47,0,47,華南永昌-高雄,2024-01-04,9303
6531,愛普*,41,0,41,華南永昌-高雄,2024-01-04,9303
3706,神達,41,0,41,華南永昌-高雄,2024-01-04,9303
8086,宏捷科,41,3,38,華南永昌-高雄,2024-01-04,9303
8088,品安,37,0,37,華南永昌-高雄,2024-01-04,9303
3522,御嵿,190,155,35,華南永昌-高雄,2024-01-04,9303
00687B,國泰20年美債,33,0,33,華南永昌-高雄,2024-01-04,9303
2834,臺企銀,32,0,32,華南永昌-高雄,2024-01-04,9303
00720B,元大投資級公司債,31,0,31,華南永昌-高雄,2024-01-04,9303
6290,良維,66,37,29,華南永昌-高雄,2024-01-04,9303
3390,旭軟,41,13,28,華南永昌-高雄,2024-01-04,9303
2353,宏��,54,26,28,華南永昌-高雄,2024-01-04,9303
2303,聯電,42,16,26,華南永昌-高雄,2024-01-04,9303
00934,中信成長高股息,26,0,26,華南永昌-高雄,2024-01-04,9303
8089,康全電訊,28,2,26,華南永昌-高雄,2024-01-04,9303
00919,群益台灣精選高息,55,30,25,華南永昌-高雄,2024-01-04,9303
2030,彰源,25,0,25,華南永昌-高雄,2024-01-04,9303
2324,仁寶,48,23,25,華南永昌-高雄,2024-01-04,9303
3037,欣興,26,2,24,華南永昌-高雄,2024-01-04,9303
6275,元山,22,0,22,華南永昌-高雄,2024-01-04,9303
2312,金寶,22,0,22,華南永昌-高雄,2024-01-04,9303
9919,康那香,132,110,22,華南永昌-高雄,2024-01-04,9303
00712,復華富時不動產,22,1,21,華南永昌-高雄,2024-01-04,9303
2641,正德,51,30,21,華南永昌-高雄,2024-01-04,9303
3017,奇鋐,24,4,20,華南永昌-高雄,2024-01-04,9303
3257,虹冠電,20,0,20,華南永昌-高雄,2024-01-04,9303
00915,凱基優選高股息30,20,0,20,華南永昌-高雄,2024-01-04,9303
00927,群益半導體收益,19,0,19,華南永昌-高雄,2024-01-04,9303
2206,三陽工業,26,8,18,華南永昌-高雄,2024-01-04,9303
00935,野村臺灣新科技50,18,0,18,華南永昌-高雄,2024-01-04,9303
2027,大成鋼,19,1,18,華南永昌-高雄,2024-01-04,9303
3231,緯創,54,37,17,華南永昌-高雄,2024-01-04,9303
1314,中石化,21,4,17,華南永昌-高雄,2024-01-04,9303
3287,廣寰科,16,0,16,華南永昌-高雄,2024-01-04,9303
1616,億泰,16,0,16,華南永昌-高雄,2024-01-04,9303
4979,華星光,17,2,15,華南永昌-高雄,2024-01-04,9303
2636,台驊控股,21,6,15,華南永昌-高雄,2024-01-04,9303
6442,光聖,15,0,15,華南永昌-高雄,2024-01-04,9303
00688L,國泰20年美債正2,15,0,15,華南永昌-高雄,2024-01-04,9303
6613,朋億*,15,0,15,華南永昌-高雄,2024-01-04,9303
00877,復華中國5G,15,0,15,華南永昌-高雄,2024-01-04,9303
2892,第一金,14,0,14,華南永昌-高雄,2024-01-04,9303
00929,復華台灣科技優息,1609,13,1596,華南永昌-高雄,2024-01-05,9303
00919,群益台灣精選高息,130,2,128,華南永昌-高雄,2024-01-05,9303
00937B,群益ESG投等債20,103,3,100,華南永昌-高雄,2024-01-05,9303
00687B,國泰20年美債,97,0,97,華南永昌-高雄,2024-01-05,9303
00632R,元大台灣50反1,100,5,95,華南永昌-高雄,2024-01-05,9303
2324,仁寶,80,3,77,華南永昌-高雄,2024-01-05,9303
2344,華邦電,80,7,73,華南永昌-高雄,2024-01-05,9303
3287,廣寰科,66,0,66,華南永昌-高雄,2024-01-05,9303
2618,長榮航,140,74,66,華南永昌-高雄,2024-01-05,9303
8088,品安,70,12,58,華南永昌-高雄,2024-01-05,9303
2615,萬海,82,28,54,華南永昌-高雄,2024-01-05,9303
3522,御嵿,50,0,50,華南永昌-高雄,2024-01-05,9303
1586,和勤,47,0,47,華南永昌-高雄,2024-01-05,9303
00715L,期街口布蘭特正2,46,0,46,華南永昌-高雄,2024-01-05,9303
2641,正德,71,27,44,華南永昌-高雄,2024-01-05,9303
00882,中信中國高股息,43,0,43,華南永昌-高雄,2024-01-05,9303
00688L,國泰20年美債正2,37,0,37,華南永昌-高雄,2024-01-05,9303
2633,台灣高鐵,37,2,35,華南永昌-高雄,2024-01-05,9303
00679B,元大美債20年,36,2,34,華南永昌-高雄,2024-01-05,9303
6684,安格,45,11,34,華南永昌-高雄,2024-01-05,9303
2353,宏��,98,64,34,華南永昌-高雄,2024-01-05,9303
00933B,國泰10Y+金融債,43,11,32,華南永昌-高雄,2024-01-05,9303
1732,毛寶,42,10,32,華南永昌-高雄,2024-01-05,9303
0056,元大高股息,36,6,30,華南永昌-高雄,2024-01-05,9303
3325,旭品,35,5,30,華南永昌-高雄,2024-01-05,9303
2363,矽統,35,6,29,華南永昌-高雄,2024-01-05,9303
00927,群益半導體收益,28,0,28,華南永昌-高雄,2024-01-05,9303
6164,華興,34,7,27,華南永昌-高雄,2024-01-05,9303
00680L,元大美債20正2,27,2,25,華南永昌-高雄,2024-01-05,9303
1325,恆大,24,0,24,華南永昌-高雄,2024-01-05,9303
8096,擎亞,30,6,24,華南永昌-高雄,2024-01-05,9303
00934,中信成長高股息,23,0,23,華南永昌-高雄,2024-01-05,9303
2355,敬鵬,23,0,23,華南永昌-高雄,2024-01-05,9303
6275,元山,20,0,20,華南永昌-高雄,2024-01-05,9303
00936,台新永續高息中小,20,0,20,華南永昌-高雄,2024-01-05,9303
3037,欣興,25,5,20,華南永昌-高雄,2024-01-05,9303
2038,海光,20,1,19,華南永昌-高雄,2024-01-05,9303
2356,英業達,62,44,18,華南永昌-高雄,2024-01-05,9303
1215,卜蜂,16,0,16,華南永昌-高雄,2024-01-05,9303
3211,順達,15,0,15,華南永昌-高雄,2024-01-05,9303
2867,三商壽,21,6,15,華南永昌-高雄,2024-01-05,9303
8390,金益鼎,17,3,14,華南永昌-高雄,2024-01-05,9303
2607,榮運,24,10,14,華南永昌-高雄,2024-01-05,9303
00900,富邦特選高股息30,19,5,14,華南永昌-高雄,2024-01-05,9303
00751B,元大AAA至A公司債,15,2,13,華南永昌-高雄,2024-01-05,9303
3231,緯創,34,21,13,華南永昌-高雄,2024-01-05,9303
2609,陽明,114,101,13,華南永昌-高雄,2024-01-05,9303
6120,達運,13,1,12,華南永昌-高雄,2024-01-05,9303
00935,野村臺灣新科技50,12,0,12,華南永昌-高雄,2024-01-05,9303
6603,富強鑫,12,0,12,華南永昌-高雄,2024-01-05,9303
00929,復華台灣科技優息,424,8,416,華南永昌-高雄,2024-01-08,9303
00632R,元大台灣50反1,210,0,210,華南永昌-高雄,2024-01-08,9303
3025,星通,115,0,115,華南永昌-高雄,2024-01-08,9303
00687B,國泰20年美債,116,4,112,華南永昌-高雄,2024-01-08,9303
8088,品安,100,0,100,華南永昌-高雄,2024-01-08,9303
9105,泰金寶-DR,110,10,100,華南永昌-高雄,2024-01-08,9303
6140,訊達,177,99,78,華南永昌-高雄,2024-01-08,9303
6442,光聖,75,5,70,華南永昌-高雄,2024-01-08,9303
00937B,群益ESG投等債20,70,2,68,華南永昌-高雄,2024-01-08,9303
2002,中鋼,73,11,62,華南永昌-高雄,2024-01-08,9303
2606,裕民,105,51,54,華南永昌-高雄,2024-01-08,9303
6122,擎邦,59,5,54,華南永昌-高雄,2024-01-08,9303
2353,宏��,168,122,46,華南永昌-高雄,2024-01-08,9303
00919,群益台灣精選高息,51,7,44,華南永昌-高雄,2024-01-08,9303
6219,富旺,70,29,41,華南永昌-高雄,2024-01-08,9303
1795,美時,45,7,38,華南永昌-高雄,2024-01-08,9303
00712,復華富時不動產,37,0,37,華南永昌-高雄,2024-01-08,9303
00679B,元大美債20年,39,2,37,華南永昌-高雄,2024-01-08,9303
3231,緯創,102,66,36,華南永昌-高雄,2024-01-08,9303
1586,和勤,36,0,36,華南永昌-高雄,2024-01-08,9303
00720B,元大投資級公司債,33,0,33,華南永昌-高雄,2024-01-08,9303
00665L,富邦�琤肭磪囓�2,32,0,32,華南永昌-高雄,2024-01-08,9303
8390,金益鼎,30,0,30,華南永昌-高雄,2024-01-08,9303
6770,力積電,34,4,30,華南永昌-高雄,2024-01-08,9303
00933B,國泰10Y+金融債,28,0,28,華南永昌-高雄,2024-01-08,9303
8068,全達,29,4,25,華南永昌-高雄,2024-01-08,9303
0050,元大台灣50,22,0,22,華南永昌-高雄,2024-01-08,9303
2303,聯電,51,30,21,華南永昌-高雄,2024-01-08,9303
6695,芯鼎,26,5,21,華南永昌-高雄,2024-01-08,9303
2230,泰茂,21,0,21,華南永昌-高雄,2024-01-08,9303
00882,中信中國高股息,20,0,20,華南永昌-高雄,2024-01-08,9303
1440,南紡,20,0,20,華南永昌-高雄,2024-01-08,9303
2101,南港,20,0,20,華南永昌-高雄,2024-01-08,9303
2332,友訊,20,0,20,華南永昌-高雄,2024-01-08,9303
3017,奇鋐,20,1,19,華南永昌-高雄,2024-01-08,9303
2605,新興,25,6,19,華南永昌-高雄,2024-01-08,9303
1513,中興電,19,2,17,華南永昌-高雄,2024-01-08,9303
3437,榮創,17,0,17,華南永昌-高雄,2024-01-08,9303
2317,鴻海,23,7,16,華南永昌-高雄,2024-01-08,9303
2637,慧洋-KY,40,25,15,華南永昌-高雄,2024-01-08,9303
2329,華泰,61,46,15,華南永昌-高雄,2024-01-08,9303
2323,中環,15,0,15,華南永昌-高雄,2024-01-08,9303
6235,華孚,17,2,15,華南永昌-高雄,2024-01-08,9303
2615,萬海,25,11,14,華南永昌-高雄,2024-01-08,9303
3714,富采,17,3,14,華南永昌-高雄,2024-01-08,9303
2890,永豐金,14,0,14,華南永昌-高雄,2024-01-08,9303
2382,廣達,23,11,12,華南永昌-高雄,2024-01-08,9303
2388,威盛,24,13,11,華南永昌-高雄,2024-01-08,9303
8046,南電,13,2,11,華南永昌-高雄,2024-01-08,9303
00857B,永豐20年美公債,21,10,11,華南永昌-高雄,2024-01-08,9303
00929,復華台灣科技優息,465,40,425,華南永昌-高雄,2024-01-09,9303
8039,台虹,203,3,200,華南永昌-高雄,2024-01-09,9303
00919,群益台灣精選高息,209,21,188,華南永昌-高雄,2024-01-09,9303
2324,仁寶,157,14,143,華南永昌-高雄,2024-01-09,9303
4956,光鋐,153,39,114,華南永昌-高雄,2024-01-09,9303
2363,矽統,121,25,96,華南永昌-高雄,2024-01-09,9303
2609,陽明,190,96,94,華南永昌-高雄,2024-01-09,9303
2421,建準,98,17,81,華南永昌-高雄,2024-01-09,9303
2615,萬海,93,24,69,華南永昌-高雄,2024-01-09,9303
2353,宏��,225,182,43,華南永昌-高雄,2024-01-09,9303
00715L,期街口布蘭特正2,66,23,43,華南永昌-高雄,2024-01-09,9303
5608,四維航,41,1,40,華南永昌-高雄,2024-01-09,9303
1586,和勤,34,0,34,華南永昌-高雄,2024-01-09,9303
2913,農林,35,2,33,華南永昌-高雄,2024-01-09,9303
00687B,國泰20年美債,33,2,31,華南永昌-高雄,2024-01-09,9303
00712,復華富時不動產,33,6,27,華南永昌-高雄,2024-01-09,9303
0056,元大高股息,29,2,27,華南永昌-高雄,2024-01-09,9303
00937B,群益ESG投等債20,40,14,26,華南永昌-高雄,2024-01-09,9303
2542,興富發,26,3,23,華南永昌-高雄,2024-01-09,9303
6901,鑽石投資,22,0,22,華南永昌-高雄,2024-01-09,9303
2605,新興,23,1,22,華南永昌-高雄,2024-01-09,9303
3031,佰鴻,23,1,22,華南永昌-高雄,2024-01-09,9303
2317,鴻海,22,1,21,華南永昌-高雄,2024-01-09,9303
1308,亞聚,21,0,21,華南永昌-高雄,2024-01-09,9303
8068,全達,20,0,20,華南永昌-高雄,2024-01-09,9303
3481,群創,92,73,19,華南永昌-高雄,2024-01-09,9303
2002,中鋼,20,2,18,華南永昌-高雄,2024-01-09,9303
00891,中信關鍵半導體,21,4,17,華南永昌-高雄,2024-01-09,9303
6202,盛群,17,0,17,華南永昌-高雄,2024-01-09,9303
00680L,元大美債20正2,17,0,17,華南永昌-高雄,2024-01-09,9303
6235,華孚,16,0,16,華南永昌-高雄,2024-01-09,9303
2603,長榮,46,30,16,華南永昌-高雄,2024-01-09,9303
2641,正德,18,3,15,華南永昌-高雄,2024-01-09,9303
4934,太極,14,0,14,華南永昌-高雄,2024-01-09,9303
2606,裕民,23,10,13,華南永昌-高雄,2024-01-09,9303
6593,台灣銘板,13,0,13,華南永昌-高雄,2024-01-09,9303
00892,富邦台灣半導體,13,0,13,華南永昌-高雄,2024-01-09,9303
00770,國泰北美科技,12,0,12,華南永昌-高雄,2024-01-09,9303
2630,亞航,12,0,12,華南永昌-高雄,2024-01-09,9303
6196,帆宣,15,3,12,華南永昌-高雄,2024-01-09,9303
2515,中工,11,0,11,華南永昌-高雄,2024-01-09,9303
2880,華南金,11,0,11,華南永昌-高雄,2024-01-09,9303
1616,億泰,13,2,11,華南永昌-高雄,2024-01-09,9303
2014,中鴻,13,2,11,華南永昌-高雄,2024-01-09,9303
2308,台達電,13,2,11,華南永昌-高雄,2024-01-09,9303
6550,北極星藥業-KY,16,5,11,華南永昌-高雄,2024-01-09,9303
2465,麗臺,13,2,11,華南永昌-高雄,2024-01-09,9303
2201,裕隆,12,1,11,華南永昌-高雄,2024-01-09,9303
2367,燿華,11,0,11,華南永昌-高雄,2024-01-09,9303
6239,力成,11,0,11,華南永昌-高雄,2024-01-09,9303
00929,復華台灣科技優息,256,81,175,華南永昌-高雄,2024-01-10,9303
2324,仁寶,95,14,81,華南永昌-高雄,2024-01-10,9303
2409,友達,118,43,75,華南永昌-高雄,2024-01-10,9303
8068,全達,72,0,72,華南永昌-高雄,2024-01-10,9303
2308,台達電,65,0,65,華南永昌-高雄,2024-01-10,9303
00688L,國泰20年美債正2,60,0,60,華南永昌-高雄,2024-01-10,9303
0056,元大高股息,66,8,58,華南永昌-高雄,2024-01-10,9303
2312,金寶,55,4,51,華南永昌-高雄,2024-01-10,9303
6531,愛普*,50,4,46,華南永昌-高雄,2024-01-10,9303
2618,長榮航,52,8,44,華南永昌-高雄,2024-01-10,9303
2882,國泰金,42,0,42,華南永昌-高雄,2024-01-10,9303
2606,裕民,40,2,38,華南永昌-高雄,2024-01-10,9303
2014,中鴻,40,5,35,華南永昌-高雄,2024-01-10,9303
1586,和勤,34,0,34,華南永昌-高雄,2024-01-10,9303
2002,中鋼,32,1,31,華南永昌-高雄,2024-01-10,9303
3481,群創,67,36,31,華南永昌-高雄,2024-01-10,9303
00937B,群益ESG投等債20,36,6,30,華南永昌-高雄,2024-01-10,9303
2610,華航,40,11,29,華南永昌-高雄,2024-01-10,9303
2498,宏達電,75,47,28,華南永昌-高雄,2024-01-10,9303
6684,安格,107,79,28,華南永昌-高雄,2024-01-10,9303
6243,迅杰,84,57,27,華南永昌-高雄,2024-01-10,9303
2356,英業達,42,16,26,華南永昌-高雄,2024-01-10,9303
00679B,元大美債20年,26,0,26,華南永昌-高雄,2024-01-10,9303
4909,新復興,39,14,25,華南永昌-高雄,2024-01-10,9303
00637L,元大滬深300正2,33,8,25,華南永昌-高雄,2024-01-10,9303
1314,中石化,28,3,25,華南永昌-高雄,2024-01-10,9303
2615,萬海,40,18,22,華南永昌-高雄,2024-01-10,9303
6139,亞翔,22,1,21,華南永昌-高雄,2024-01-10,9303
2486,一詮,30,9,21,華南永昌-高雄,2024-01-10,9303
6235,華孚,21,1,20,華南永昌-高雄,2024-01-10,9303
2332,友訊,20,0,20,華南永昌-高雄,2024-01-10,9303
4552,力達-KY,20,1,19,華南永昌-高雄,2024-01-10,9303
1309,台達化,19,1,18,華南永昌-高雄,2024-01-10,9303
2605,新興,29,12,17,華南永昌-高雄,2024-01-10,9303
2634,漢翔,21,5,16,華南永昌-高雄,2024-01-10,9303
006208,富邦台50,16,0,16,華南永昌-高雄,2024-01-10,9303
2897,王道銀行,17,2,15,華南永昌-高雄,2024-01-10,9303
2303,聯電,20,5,15,華南永昌-高雄,2024-01-10,9303
2609,陽明,117,103,14,華南永昌-高雄,2024-01-10,9303
2362,藍天,20,6,14,華南永昌-高雄,2024-01-10,9303
1612,宏泰,14,0,14,華南永昌-高雄,2024-01-10,9303
00881,國泰台灣5G+,21,7,14,華南永昌-高雄,2024-01-10,9303
1301,台塑,20,7,13,華南永昌-高雄,2024-01-10,9303
2801,彰銀,13,0,13,華南永昌-高雄,2024-01-10,9303
1515,力山,13,0,13,華南永昌-高雄,2024-01-10,9303
00933B,國泰10Y+金融債,15,2,13,華南永昌-高雄,2024-01-10,9303
2890,永豐金,23,10,13,華南永昌-高雄,2024-01-10,9303
00927,群益半導體收益,13,0,13,華南永昌-高雄,2024-01-10,9303
6695,芯鼎,71,58,13,華南永昌-高雄,2024-01-10,9303
00687B,國泰20年美債,17,5,12,華南永昌-高雄,2024-01-10,9303
00937B,群益ESG投等債20,571,0,571,華南永昌-高雄,2024-01-11,9303
2888,新光金,214,0,214,華南永昌-高雄,2024-01-11,9303
5211,蒙恬,118,3,115,華南永昌-高雄,2024-01-11,9303
00929,復華台灣科技優息,144,56,88,華南永昌-高雄,2024-01-11,9303
2409,友達,110,36,74,華南永昌-高雄,2024-01-11,9303
00927,群益半導體收益,61,0,61,華南永昌-高雄,2024-01-11,9303
00632R,元大台灣50反1,60,0,60,華南永昌-高雄,2024-01-11,9303
00679B,元大美債20年,52,1,51,華南永昌-高雄,2024-01-11,9303
00764B,群益25年美債,50,0,50,華南永昌-高雄,2024-01-11,9303
2739,寒舍,49,2,47,華南永昌-高雄,2024-01-11,9303
00919,群益台灣精選高息,48,3,45,華南永昌-高雄,2024-01-11,9303
1586,和勤,47,2,45,華南永昌-高雄,2024-01-11,9303
2365,昆盈,48,6,42,華南永昌-高雄,2024-01-11,9303
6219,富旺,45,12,33,華南永昌-高雄,2024-01-11,9303
0056,元大高股息,45,13,32,華南永昌-高雄,2024-01-11,9303
00930,永豐ESG低碳高息,31,0,31,華南永昌-高雄,2024-01-11,9303
6120,達運,73,44,29,華南永昌-高雄,2024-01-11,9303
2344,華邦電,29,2,27,華南永昌-高雄,2024-01-11,9303
2515,中工,26,0,26,華南永昌-高雄,2024-01-11,9303
2449,京元電子,48,24,24,華南永昌-高雄,2024-01-11,9303
2883,凱基金,25,1,24,華南永昌-高雄,2024-01-11,9303
8068,全達,22,0,22,華南永昌-高雄,2024-01-11,9303
1514,亞力,45,23,22,華南永昌-高雄,2024-01-11,9303
2801,彰銀,21,0,21,華南永昌-高雄,2024-01-11,9303
00715L,期街口布蘭特正2,21,0,21,華南永昌-高雄,2024-01-11,9303
6239,力成,21,2,19,華南永昌-高雄,2024-01-11,9303
3450,聯鈞,17,0,17,華南永昌-高雄,2024-01-11,9303
5521,工信,21,5,16,華南永昌-高雄,2024-01-11,9303
6625,必應,17,1,16,華南永昌-高雄,2024-01-11,9303
00857B,永豐20年美公債,16,0,16,華南永昌-高雄,2024-01-11,9303
2313,華通,17,2,15,華南永昌-高雄,2024-01-11,9303
00680L,元大美債20正2,20,5,15,華南永昌-高雄,2024-01-11,9303
9910,豐泰,14,0,14,華南永昌-高雄,2024-01-11,9303
2324,仁寶,37,23,14,華南永昌-高雄,2024-01-11,9303
6138,茂達,14,1,13,華南永昌-高雄,2024-01-11,9303
2426,鼎元,14,1,13,華南永昌-高雄,2024-01-11,9303
2425,承啟,21,8,13,華南永昌-高雄,2024-01-11,9303
00931B,統一美債20年,12,0,12,華南永昌-高雄,2024-01-11,9303
3338,泰碩,13,1,12,華南永昌-高雄,2024-01-11,9303
00720B,元大投資級公司債,13,1,12,華南永昌-高雄,2024-01-11,9303
6275,元山,17,5,12,華南永昌-高雄,2024-01-11,9303
1312,國喬,11,0,11,華南永昌-高雄,2024-01-11,9303
3702,大聯大,11,0,11,華南永昌-高雄,2024-01-11,9303
6226,光鼎,11,0,11,華南永昌-高雄,2024-01-11,9303
910322,康師傅-DR,17,6,11,華南永昌-高雄,2024-01-11,9303
8054,安國,12,1,11,華南永昌-高雄,2024-01-11,9303
5351,鈺創,19,8,11,華南永昌-高雄,2024-01-11,9303
00933B,國泰10Y+金融債,10,0,10,華南永昌-高雄,2024-01-11,9303
00673R,期元大S＆P原油反1,10,0,10,華南永昌-高雄,2024-01-11,9303
6462,神盾,12,2,10,華南永昌-高雄,2024-01-11,9303
00929,復華台灣科技優息,387,25,362,華南永昌-高雄,2024-01-12,9303
2888,新光金,336,18,318,華南永昌-高雄,2024-01-12,9303
8096,擎亞,143,12,131,華南永昌-高雄,2024-01-12,9303
3036,文曄,176,62,114,華南永昌-高雄,2024-01-12,9303
00680L,元大美債20正2,123,20,103,華南永昌-高雄,2024-01-12,9303
2409,友達,106,4,102,華南永昌-高雄,2024-01-12,9303
2515,中工,55,1,54,華南永昌-高雄,2024-01-12,9303
2353,宏��,97,52,45,華南永昌-高雄,2024-01-12,9303
00637L,元大滬深300正2,49,4,45,華南永昌-高雄,2024-01-12,9303
00927,群益半導體收益,44,0,44,華南永昌-高雄,2024-01-12,9303
00936,台新永續高息中小,43,0,43,華南永昌-高雄,2024-01-12,9303
8068,全達,42,0,42,華南永昌-高雄,2024-01-12,9303
2324,仁寶,46,5,41,華南永昌-高雄,2024-01-12,9303
00740B,富邦全球投等債,41,0,41,華南永昌-高雄,2024-01-12,9303
00919,群益台灣精選高息,40,6,34,華南永昌-高雄,2024-01-12,9303
2882,國泰金,32,0,32,華南永昌-高雄,2024-01-12,9303
0056,元大高股息,32,1,31,華南永昌-高雄,2024-01-12,9303
6684,安格,34,5,29,華南永昌-高雄,2024-01-12,9303
2890,永豐金,26,0,26,華南永昌-高雄,2024-01-12,9303
2405,輔信,25,4,21,華南永昌-高雄,2024-01-12,9303
00885,富邦越南,21,0,21,華南永昌-高雄,2024-01-12,9303
2834,臺企銀,20,0,20,華南永昌-高雄,2024-01-12,9303
1586,和勤,20,0,20,華南永昌-高雄,2024-01-12,9303
6695,芯鼎,36,18,18,華南永昌-高雄,2024-01-12,9303
00679B,元大美債20年,19,2,17,華南永昌-高雄,2024-01-12,9303
2329,華泰,121,104,17,華南永昌-高雄,2024-01-12,9303
2303,聯電,18,1,17,華南永昌-高雄,2024-01-12,9303
2449,京元電子,17,0,17,華南永昌-高雄,2024-01-12,9303
1434,福懋,16,0,16,華南永昌-高雄,2024-01-12,9303
4561,健椿,16,0,16,華南永昌-高雄,2024-01-12,9303
6592,和潤企業,17,1,16,華南永昌-高雄,2024-01-12,9303
4157,太景*-KY,16,0,16,華南永昌-高雄,2024-01-12,9303
00687B,國泰20年美債,30,15,15,華南永昌-高雄,2024-01-12,9303
1528,恩德,24,9,15,華南永昌-高雄,2024-01-12,9303
3706,神達,50,36,14,華南永昌-高雄,2024-01-12,9303
2739,寒舍,14,0,14,華南永昌-高雄,2024-01-12,9303
4909,新復興,28,14,14,華南永昌-高雄,2024-01-12,9303
3033,威健,13,0,13,華南永昌-高雄,2024-01-12,9303
2401,凌陽,16,3,13,華南永昌-高雄,2024-01-12,9303
2492,華新科,12,0,12,華南永昌-高雄,2024-01-12,9303
3715,定穎投控,11,0,11,華南永昌-高雄,2024-01-12,9303
8150,南茂,12,1,11,華南永昌-高雄,2024-01-12,9303
6282,康舒,16,5,11,華南永昌-高雄,2024-01-12,9303
6116,彩晶,21,10,11,華南永昌-高雄,2024-01-12,9303
3037,欣興,11,1,10,華南永昌-高雄,2024-01-12,9303
00918,大華優利高填息30,12,2,10,華南永昌-高雄,2024-01-12,9303
6126,信音,10,0,10,華南永昌-高雄,2024-01-12,9303
2883,凱基金,11,1,10,華南永昌-高雄,2024-01-12,9303
1527,鑽全,10,0,10,華南永昌-高雄,2024-01-12,9303
6274,台燿,21,11,10,華南永昌-高雄,2024-01-12,9303
2890,永豐金,500,21,479,華南永昌-高雄,2024-01-15,9303
00770,國泰北美科技,209,0,209,華南永昌-高雄,2024-01-15,9303
0056,元大高股息,204,7,197,華南永昌-高雄,2024-01-15,9303
00665L,富邦�琤肭磪囓�2,167,0,167,華南永昌-高雄,2024-01-15,9303
00927,群益半導體收益,142,0,142,華南永昌-高雄,2024-01-15,9303
2409,友達,116,5,111,華南永昌-高雄,2024-01-15,9303
00929,復華台灣科技優息,175,65,110,華南永昌-高雄,2024-01-15,9303
6770,力積電,102,3,99,華南永昌-高雄,2024-01-15,9303
3481,群創,151,58,93,華南永昌-高雄,2024-01-15,9303
00878,國泰永續高股息,122,49,73,華南永昌-高雄,2024-01-15,9303
2618,長榮航,88,24,64,華南永昌-高雄,2024-01-15,9303
2609,陽明,82,25,57,華南永昌-高雄,2024-01-15,9303
6906,現觀科,57,0,57,華南永昌-高雄,2024-01-15,9303
2610,華航,61,5,56,華南永昌-高雄,2024-01-15,9303
00931B,統一美債20年,70,15,55,華南永昌-高雄,2024-01-15,9303
00696B,富邦美債20年,51,0,51,華南永昌-高雄,2024-01-15,9303
00725B,國泰投資級公司債,50,0,50,華南永昌-高雄,2024-01-15,9303
2883,凱基金,59,16,43,華南永昌-高雄,2024-01-15,9303
2317,鴻海,34,1,33,華南永昌-高雄,2024-01-15,9303
6116,彩晶,41,10,31,華南永昌-高雄,2024-01-15,9303
1795,美時,42,11,31,華南永昌-高雄,2024-01-15,9303
3017,奇鋐,31,2,29,華南永昌-高雄,2024-01-15,9303
3036,文曄,56,27,29,華南永昌-高雄,2024-01-15,9303
2356,英業達,34,6,28,華南永昌-高雄,2024-01-15,9303
2913,農林,25,0,25,華南永昌-高雄,2024-01-15,9303
2353,宏��,72,47,25,華南永昌-高雄,2024-01-15,9303
2363,矽統,23,0,23,華南永昌-高雄,2024-01-15,9303
8096,擎亞,55,34,21,華南永昌-高雄,2024-01-15,9303
1101,台泥,19,0,19,華南永昌-高雄,2024-01-15,9303
2514,龍邦,20,2,18,華南永昌-高雄,2024-01-15,9303
3706,神達,31,15,16,華南永昌-高雄,2024-01-15,9303
2887,台新金,15,0,15,華南永昌-高雄,2024-01-15,9303
00637L,元大滬深300正2,20,6,14,華南永昌-高雄,2024-01-15,9303
2002,中鋼,14,0,14,華南永昌-高雄,2024-01-15,9303
6285,啟��,13,0,13,華南永昌-高雄,2024-01-15,9303
1586,和勤,13,0,13,華南永昌-高雄,2024-01-15,9303
1609,大亞,50,39,11,華南永昌-高雄,2024-01-15,9303
3576,聯合再生,17,6,11,華南永昌-高雄,2024-01-15,9303
2630,亞航,18,7,11,華南永昌-高雄,2024-01-15,9303
2208,台船,25,14,11,華南永昌-高雄,2024-01-15,9303
2834,臺企銀,10,0,10,華南永昌-高雄,2024-01-15,9303
1611,中電,10,0,10,華南永昌-高雄,2024-01-15,9303
4109,加捷生醫,10,0,10,華南永昌-高雄,2024-01-15,9303
1304,台聚,10,0,10,華南永昌-高雄,2024-01-15,9303
1323,永裕,10,0,10,華南永昌-高雄,2024-01-15,9303
6712,長聖,10,0,10,華南永昌-高雄,2024-01-15,9303
5876,上海商銀,11,2,9,華南永昌-高雄,2024-01-15,9303
2331,精英,9,0,9,華南永昌-高雄,2024-01-15,9303
6207,雷科,32,23,9,華南永昌-高雄,2024-01-15,9303
6239,力成,11,4,7,華南永昌-高雄,2024-01-15,9303
0056,元大高股息,157,0,157,華南永昌-高雄,2024-01-16,9303
00929,復華台灣科技優息,185,30,155,華南永昌-高雄,2024-01-16,9303
3036,文曄,156,30,126,華南永昌-高雄,2024-01-16,9303
3623,富晶通,99,5,94,華南永昌-高雄,2024-01-16,9303
00937B,群益ESG投等債20,93,0,93,華南永昌-高雄,2024-01-16,9303
2883,凱基金,83,2,81,華南永昌-高雄,2024-01-16,9303
00680L,元大美債20正2,75,0,75,華南永昌-高雄,2024-01-16,9303
2801,彰銀,74,0,74,華南永昌-高雄,2024-01-16,9303
00919,群益台灣精選高息,85,11,74,華南永昌-高雄,2024-01-16,9303
2324,仁寶,80,6,74,華南永昌-高雄,2024-01-16,9303
2344,華邦電,73,4,69,華南永昌-高雄,2024-01-16,9303
00687B,國泰20年美債,66,0,66,華南永昌-高雄,2024-01-16,9303
2880,華南金,56,0,56,華南永昌-高雄,2024-01-16,9303
1809,中釉,55,0,55,華南永昌-高雄,2024-01-16,9303
00927,群益半導體收益,60,8,52,華南永昌-高雄,2024-01-16,9303
2486,一詮,58,7,51,華南永昌-高雄,2024-01-16,9303
2610,華航,57,7,50,華南永昌-高雄,2024-01-16,9303
8092,建暐,50,0,50,華南永昌-高雄,2024-01-16,9303
2405,輔信,79,29,50,華南永昌-高雄,2024-01-16,9303
2834,臺企銀,48,0,48,華南永昌-高雄,2024-01-16,9303
2371,大同,42,0,42,華南永昌-高雄,2024-01-16,9303
3306,鼎天,43,3,40,華南永昌-高雄,2024-01-16,9303
4967,十銓,40,2,38,華南永昌-高雄,2024-01-16,9303
2312,金寶,41,3,38,華南永昌-高雄,2024-01-16,9303
2317,鴻海,46,12,34,華南永昌-高雄,2024-01-16,9303
2890,永豐金,32,0,32,華南永昌-高雄,2024-01-16,9303
2208,台船,32,0,32,華南永昌-高雄,2024-01-16,9303
2913,農林,31,0,31,華南永昌-高雄,2024-01-16,9303
2514,龍邦,30,0,30,華南永昌-高雄,2024-01-16,9303
1314,中石化,40,11,29,華南永昌-高雄,2024-01-16,9303
2888,新光金,34,5,29,華南永昌-高雄,2024-01-16,9303
2374,佳能,27,2,25,華南永昌-高雄,2024-01-16,9303
00637L,元大滬深300正2,30,7,23,華南永昌-高雄,2024-01-16,9303
2401,凌陽,37,14,23,華南永昌-高雄,2024-01-16,9303
4904,遠傳,23,0,23,華南永昌-高雄,2024-01-16,9303
00881,國泰台灣5G+,28,7,21,華南永昌-高雄,2024-01-16,9303
6140,訊達,21,0,21,華南永昌-高雄,2024-01-16,9303
2887,台新金,22,1,21,華南永昌-高雄,2024-01-16,9303
1303,南亞,22,1,21,華南永昌-高雄,2024-01-16,9303
1101,台泥,52,32,20,華南永昌-高雄,2024-01-16,9303
1781,合世,20,0,20,華南永昌-高雄,2024-01-16,9303
6278,台表科,20,0,20,華南永昌-高雄,2024-01-16,9303
2867,三商壽,21,2,19,華南永昌-高雄,2024-01-16,9303
2352,佳世達,19,0,19,華南永昌-高雄,2024-01-16,9303
2601,益航,21,2,19,華南永昌-高雄,2024-01-16,9303
2892,第一金,18,1,17,華南永昌-高雄,2024-01-16,9303
2882,國泰金,22,5,17,華南永昌-高雄,2024-01-16,9303
2515,中工,17,0,17,華南永昌-高雄,2024-01-16,9303
6187,萬潤,20,4,16,華南永昌-高雄,2024-01-16,9303
2340,台亞,16,0,16,華南永昌-高雄,2024-01-16,9303
2834,臺企銀,408,0,408,華南永昌-高雄,2024-01-17,9303
00929,復華台灣科技優息,285,4,281,華南永昌-高雄,2024-01-17,9303
00937B,群益ESG投等債20,165,4,161,華南永昌-高雄,2024-01-17,9303
00919,群益台灣精選高息,169,20,149,華南永昌-高雄,2024-01-17,9303
0056,元大高股息,136,0,136,華南永昌-高雄,2024-01-17,9303
2344,華邦電,108,4,104,華南永昌-高雄,2024-01-17,9303
2303,聯電,112,19,93,華南永昌-高雄,2024-01-17,9303
2409,友達,113,21,92,華南永昌-高雄,2024-01-17,9303
8096,擎亞,123,33,90,華南永昌-高雄,2024-01-17,9303
00931B,統一美債20年,87,1,86,華南永昌-高雄,2024-01-17,9303
00878,國泰永續高股息,81,6,75,華南永昌-高雄,2024-01-17,9303
00882,中信中國高股息,75,0,75,華南永昌-高雄,2024-01-17,9303
1304,台聚,72,0,72,華南永昌-高雄,2024-01-17,9303
1314,中石化,71,0,71,華南永昌-高雄,2024-01-17,9303
2880,華南金,84,22,62,華南永昌-高雄,2024-01-17,9303
2882,國泰金,64,2,62,華南永昌-高雄,2024-01-17,9303
2371,大同,66,6,60,華南永昌-高雄,2024-01-17,9303
2883,凱基金,149,102,47,華南永昌-高雄,2024-01-17,9303
00687B,國泰20年美債,45,0,45,華南永昌-高雄,2024-01-17,9303
2317,鴻海,50,6,44,華南永昌-高雄,2024-01-17,9303
00715L,期街口布蘭特正2,46,3,43,華南永昌-高雄,2024-01-17,9303
6462,神盾,74,32,42,華南永昌-高雄,2024-01-17,9303
00927,群益半導體收益,41,0,41,華南永昌-高雄,2024-01-17,9303
00688L,國泰20年美債正2,41,0,41,華南永昌-高雄,2024-01-17,9303
1434,福懋,38,1,37,華南永昌-高雄,2024-01-17,9303
8085,福華,39,2,37,華南永昌-高雄,2024-01-17,9303
3036,文曄,74,38,36,華南永昌-高雄,2024-01-17,9303
2002,中鋼,34,0,34,華南永昌-高雄,2024-01-17,9303
00679B,元大美債20年,34,1,33,華南永昌-高雄,2024-01-17,9303
2314,台揚,32,0,32,華南永昌-高雄,2024-01-17,9303
2340,台亞,39,8,31,華南永昌-高雄,2024-01-17,9303
2514,龍邦,30,0,30,華南永昌-高雄,2024-01-17,9303
2610,華航,39,10,29,華南永昌-高雄,2024-01-17,9303
2486,一詮,45,16,29,華南永昌-高雄,2024-01-17,9303
1609,大亞,38,9,29,華南永昌-高雄,2024-01-17,9303
2618,長榮航,35,7,28,華南永昌-高雄,2024-01-17,9303
6531,愛普*,32,5,27,華南永昌-高雄,2024-01-17,9303
2892,第一金,33,6,27,華南永昌-高雄,2024-01-17,9303
4909,新復興,27,1,26,華南永昌-高雄,2024-01-17,9303
6116,彩晶,30,5,25,華南永昌-高雄,2024-01-17,9303
6770,力積電,24,0,24,華南永昌-高雄,2024-01-17,9303
6869,雲豹能源,24,0,24,華南永昌-高雄,2024-01-17,9303
00881,國泰台灣5G+,24,0,24,華南永昌-高雄,2024-01-17,9303
1503,士電,23,0,23,華南永昌-高雄,2024-01-17,9303
1312,國喬,24,1,23,華南永昌-高雄,2024-01-17,9303
2329,華泰,69,47,22,華南永昌-高雄,2024-01-17,9303
00665L,富邦�琤肭磪囓�2,22,0,22,華南永昌-高雄,2024-01-17,9303
4188,安克,22,0,22,華南永昌-高雄,2024-01-17,9303
1444,力麗,21,0,21,華南永昌-高雄,2024-01-17,9303
00902,中信電池及儲能,21,0,21,華南永昌-高雄,2024-01-17,9303
00929,復華台灣科技優息,159,28,131,華南永昌-高雄,2024-01-18,9303
6116,彩晶,94,12,82,華南永昌-高雄,2024-01-18,9303
2882,國泰金,81,2,79,華南永昌-高雄,2024-01-18,9303
2323,中環,75,2,73,華南永昌-高雄,2024-01-18,9303
2353,宏��,125,62,63,華南永昌-高雄,2024-01-18,9303
4960,誠美材,62,3,59,華南永昌-高雄,2024-01-18,9303
2884,玉山金,54,0,54,華南永昌-高雄,2024-01-18,9303
00885,富邦越南,60,8,52,華南永昌-高雄,2024-01-18,9303
3025,星通,153,101,52,華南永昌-高雄,2024-01-18,9303
00919,群益台灣精選高息,74,32,42,華南永昌-高雄,2024-01-18,9303
00931B,統一美債20年,40,0,40,華南永昌-高雄,2024-01-18,9303
1301,台塑,38,0,38,華南永昌-高雄,2024-01-18,9303
2880,華南金,42,6,36,華南永昌-高雄,2024-01-18,9303
00687B,國泰20年美債,34,0,34,華南永昌-高雄,2024-01-18,9303
6770,力積電,33,0,33,華南永昌-高雄,2024-01-18,9303
3231,緯創,132,100,32,華南永昌-高雄,2024-01-18,9303
0056,元大高股息,39,8,31,華南永昌-高雄,2024-01-18,9303
3321,同泰,30,0,30,華南永昌-高雄,2024-01-18,9303
2324,仁寶,45,15,30,華南永昌-高雄,2024-01-18,9303
6695,芯鼎,47,22,25,華南永昌-高雄,2024-01-18,9303
3576,聯合再生,26,2,24,華南永昌-高雄,2024-01-18,9303
00679B,元大美債20年,24,0,24,華南永昌-高雄,2024-01-18,9303
00937B,群益ESG投等債20,24,1,23,華南永昌-高雄,2024-01-18,9303
1609,大亞,33,10,23,華南永昌-高雄,2024-01-18,9303
1314,中石化,22,0,22,華南永昌-高雄,2024-01-18,9303
2329,華泰,70,48,22,華南永昌-高雄,2024-01-18,9303
6278,台表科,22,0,22,華南永昌-高雄,2024-01-18,9303
6182,合晶,25,4,21,華南永昌-高雄,2024-01-18,9303
2514,龍邦,33,13,20,華南永昌-高雄,2024-01-18,9303
8096,擎亞,59,39,20,華南永昌-高雄,2024-01-18,9303
2303,聯電,24,6,18,華南永昌-高雄,2024-01-18,9303
00881,國泰台灣5G+,17,0,17,華南永昌-高雄,2024-01-18,9303
3437,榮創,18,1,17,華南永昌-高雄,2024-01-18,9303
6547,高端疫苗,16,0,16,華南永昌-高雄,2024-01-18,9303
2641,正德,20,4,16,華南永昌-高雄,2024-01-18,9303
6285,啟��,15,0,15,華南永昌-高雄,2024-01-18,9303
00934,中信成長高股息,15,0,15,華南永昌-高雄,2024-01-18,9303
3380,明泰,14,0,14,華南永昌-高雄,2024-01-18,9303
2250,IKKA-KY,13,0,13,華南永昌-高雄,2024-01-18,9303
00930,永豐ESG低碳高息,13,0,13,華南永昌-高雄,2024-01-18,9303
2313,華通,23,10,13,華南永昌-高雄,2024-01-18,9303
6233,旺玖,15,3,12,華南永昌-高雄,2024-01-18,9303
2352,佳世達,12,0,12,華南永昌-高雄,2024-01-18,9303
4906,正文,13,1,12,華南永昌-高雄,2024-01-18,9303
2633,台灣高鐵,12,0,12,華南永昌-高雄,2024-01-18,9303
6016,康和證,12,0,12,華南永昌-高雄,2024-01-18,9303
2887,台新金,24,12,12,華南永昌-高雄,2024-01-18,9303
1303,南亞,11,0,11,華南永昌-高雄,2024-01-18,9303
5347,世界,12,1,11,華南永昌-高雄,2024-01-18,9303
2308,台達電,12,1,11,華南永昌-高雄,2024-01-18,9303
00632R,元大台灣50反1,946,26,920,華南永昌-高雄,2024-01-19,9303
2618,長榮航,626,42,584,華南永昌-高雄,2024-01-19,9303
4109,加捷生醫,163,22,141,華南永昌-高雄,2024-01-19,9303
2409,友達,142,25,117,華南永昌-高雄,2024-01-19,9303
00937B,群益ESG投等債20,96,2,94,華南永昌-高雄,2024-01-19,9303
00931B,統一美債20年,77,0,77,華南永昌-高雄,2024-01-19,9303
2884,玉山金,77,2,75,華南永昌-高雄,2024-01-19,9303
00665L,富邦�琤肭磪囓�2,80,5,75,華南永昌-高雄,2024-01-19,9303
2880,華南金,71,1,70,華南永昌-高雄,2024-01-19,9303
00902,中信電池及儲能,64,1,63,華南永昌-高雄,2024-01-19,9303
2102,泰豐,60,0,60,華南永昌-高雄,2024-01-19,9303
6770,力積電,59,3,56,華南永昌-高雄,2024-01-19,9303
00688L,國泰20年美債正2,56,3,53,華南永昌-高雄,2024-01-19,9303
3481,群創,152,101,51,華南永昌-高雄,2024-01-19,9303
00882,中信中國高股息,58,10,48,華南永昌-高雄,2024-01-19,9303
3036,文曄,92,45,47,華南永昌-高雄,2024-01-19,9303
00687B,國泰20年美債,46,0,46,華南永昌-高雄,2024-01-19,9303
4960,誠美材,69,27,42,華南永昌-高雄,2024-01-19,9303
00680L,元大美債20正2,38,0,38,華南永昌-高雄,2024-01-19,9303
00679B,元大美債20年,32,0,32,華南永昌-高雄,2024-01-19,9303
1434,福懋,31,0,31,華南永昌-高雄,2024-01-19,9303
2406,國碩,30,0,30,華南永昌-高雄,2024-01-19,9303
00857B,永豐20年美公債,30,0,30,華南永昌-高雄,2024-01-19,9303
2609,陽明,33,4,29,華南永昌-高雄,2024-01-19,9303
2303,聯電,44,17,27,華南永昌-高雄,2024-01-19,9303
00904,新光臺灣半導體30,27,0,27,華南永昌-高雄,2024-01-19,9303
2368,金像電,35,8,27,華南永昌-高雄,2024-01-19,9303
0056,元大高股息,39,13,26,華南永昌-高雄,2024-01-19,9303
4147,中裕,26,0,26,華南永昌-高雄,2024-01-19,9303
2353,宏��,113,87,26,華南永昌-高雄,2024-01-19,9303
2890,永豐金,26,1,25,華南永昌-高雄,2024-01-19,9303
00720B,元大投資級公司債,25,0,25,華南永昌-高雄,2024-01-19,9303
00929,復華台灣科技優息,26,2,24,華南永昌-高雄,2024-01-19,9303
2392,正崴,22,0,22,華南永昌-高雄,2024-01-19,9303
00919,群益台灣精選高息,20,1,19,華南永昌-高雄,2024-01-19,9303
1323,永裕,19,0,19,華南永昌-高雄,2024-01-19,9303
2891,中信金,25,8,17,華南永昌-高雄,2024-01-19,9303
2605,新興,17,0,17,華南永昌-高雄,2024-01-19,9303
2610,華航,17,0,17,華南永昌-高雄,2024-01-19,9303
2461,光群雷,16,0,16,華南永昌-高雄,2024-01-19,9303
1218,泰山,15,0,15,華南永昌-高雄,2024-01-19,9303
3545,敦泰,16,1,15,華南永昌-高雄,2024-01-19,9303
00892,富邦台灣半導體,14,0,14,華南永昌-高雄,2024-01-19,9303
2340,台亞,24,11,13,華南永昌-高雄,2024-01-19,9303
6668,中揚光,14,1,13,華南永昌-高雄,2024-01-19,9303
8096,擎亞,22,9,13,華南永昌-高雄,2024-01-19,9303
6235,華孚,12,0,12,華南永昌-高雄,2024-01-19,9303
2457,飛宏,12,0,12,華南永昌-高雄,2024-01-19,9303
2892,第一金,16,5,11,華南永昌-高雄,2024-01-19,9303
1528,恩德,15,4,11,華南永昌-高雄,2024-01-19,9303
3066,李洲,180,4,176,華南永昌-高雄,2024-01-22,9303
00632R,元大台灣50反1,71,0,71,華南永昌-高雄,2024-01-22,9303
3481,群創,231,165,66,華南永昌-高雄,2024-01-22,9303
00929,復華台灣科技優息,82,18,64,華南永昌-高雄,2024-01-22,9303
1909,榮成,61,0,61,華南永昌-高雄,2024-01-22,9303
2356,英業達,320,264,56,華南永昌-高雄,2024-01-22,9303
2801,彰銀,51,0,51,華南永昌-高雄,2024-01-22,9303
00882,中信中國高股息,49,1,48,華南永昌-高雄,2024-01-22,9303
2618,長榮航,80,37,43,華南永昌-高雄,2024-01-22,9303
3623,富晶通,69,26,43,華南永昌-高雄,2024-01-22,9303
3047,訊舟,50,10,40,華南永昌-高雄,2024-01-22,9303
4956,光鋐,37,1,36,華南永昌-高雄,2024-01-22,9303
2511,太子,32,0,32,華南永昌-高雄,2024-01-22,9303
00712,復華富時不動產,30,0,30,華南永昌-高雄,2024-01-22,9303
2884,玉山金,30,1,29,華南永昌-高雄,2024-01-22,9303
2834,臺企銀,29,0,29,華南永昌-高雄,2024-01-22,9303
2316,楠梓電,43,15,28,華南永昌-高雄,2024-01-22,9303
00919,群益台灣精選高息,37,11,26,華南永昌-高雄,2024-01-22,9303
2317,鴻海,34,12,22,華南永昌-高雄,2024-01-22,9303
2883,凱基金,21,0,21,華南永昌-高雄,2024-01-22,9303
2442,新美齊,20,0,20,華南永昌-高雄,2024-01-22,9303
00715L,期街口布蘭特正2,32,12,20,華南永昌-高雄,2024-01-22,9303
2609,陽明,53,36,17,華南永昌-高雄,2024-01-22,9303
6237,驊訊,65,49,16,華南永昌-高雄,2024-01-22,9303
2002,中鋼,17,2,15,華南永昌-高雄,2024-01-22,9303
4162,智擎,15,0,15,華南永昌-高雄,2024-01-22,9303
2882,國泰金,15,0,15,華南永昌-高雄,2024-01-22,9303
00679B,元大美債20年,15,1,14,華南永昌-高雄,2024-01-22,9303
2359,所羅門,21,7,14,華南永昌-高雄,2024-01-22,9303
2486,一詮,16,2,14,華南永昌-高雄,2024-01-22,9303
00650L,復華香港正2,14,0,14,華南永昌-高雄,2024-01-22,9303
4552,力達-KY,14,0,14,華南永昌-高雄,2024-01-22,9303
5432,新門,13,0,13,華南永昌-高雄,2024-01-22,9303
1718,中纖,13,0,13,華南永昌-高雄,2024-01-22,9303
3447,展達,13,0,13,華南永昌-高雄,2024-01-22,9303
3260,威剛,13,0,13,華南永昌-高雄,2024-01-22,9303
2892,第一金,13,0,13,華南永昌-高雄,2024-01-22,9303
1301,台塑,12,0,12,華南永昌-高雄,2024-01-22,9303
6285,啟��,14,2,12,華南永昌-高雄,2024-01-22,9303
5443,均豪,12,0,12,華南永昌-高雄,2024-01-22,9303
2455,全新,12,0,12,華南永昌-高雄,2024-01-22,9303
3138,耀登,12,0,12,華南永昌-高雄,2024-01-22,9303
8210,勤誠,19,7,12,華南永昌-高雄,2024-01-22,9303
2014,中鴻,10,0,10,華南永昌-高雄,2024-01-22,9303
6125,廣運,29,19,10,華南永昌-高雄,2024-01-22,9303
6190,萬泰科,11,1,10,華南永昌-高雄,2024-01-22,9303
1323,永裕,10,0,10,華南永昌-高雄,2024-01-22,9303
00927,群益半導體收益,10,0,10,華南永昌-高雄,2024-01-22,9303
00934,中信成長高股息,12,2,10,華南永昌-高雄,2024-01-22,9303
9919,康那香,11,1,10,華南永昌-高雄,2024-01-22,9303
00632R,元大台灣50反1,202,0,202,華南永昌-高雄,2024-01-23,9303
9105,泰金寶-DR,201,22,179,華南永昌-高雄,2024-01-23,9303
6226,光鼎,89,0,89,華南永昌-高雄,2024-01-23,9303
2890,永豐金,79,1,78,華南永昌-高雄,2024-01-23,9303
2329,華泰,127,65,62,華南永昌-高雄,2024-01-23,9303
8050,廣積,63,2,61,華南永昌-高雄,2024-01-23,9303
00688L,國泰20年美債正2,57,0,57,華南永昌-高雄,2024-01-23,9303
00637L,元大滬深300正2,59,8,51,華南永昌-高雄,2024-01-23,9303
8096,擎亞,69,20,49,華南永昌-高雄,2024-01-23,9303
00680L,元大美債20正2,45,0,45,華南永昌-高雄,2024-01-23,9303
4909,新復興,48,7,41,華南永昌-高雄,2024-01-23,9303
2421,建準,68,29,39,華南永昌-高雄,2024-01-23,9303
1795,美時,44,8,36,華南永昌-高雄,2024-01-23,9303
2889,國票金,36,0,36,華南永昌-高雄,2024-01-23,9303
00687B,國泰20年美債,33,0,33,華南永昌-高雄,2024-01-23,9303
6233,旺玖,31,0,31,華南永昌-高雄,2024-01-23,9303
2891,中信金,30,0,30,華南永昌-高雄,2024-01-23,9303
6125,廣運,35,5,30,華南永昌-高雄,2024-01-23,9303
00937B,群益ESG投等債20,26,1,25,華南永昌-高雄,2024-01-23,9303
6140,訊達,52,29,23,華南永昌-高雄,2024-01-23,9303
3706,神達,61,39,22,華南永昌-高雄,2024-01-23,9303
1101,台泥,21,0,21,華南永昌-高雄,2024-01-23,9303
2017,官田鋼,20,0,20,華南永昌-高雄,2024-01-23,9303
2495,普安,20,0,20,華南永昌-高雄,2024-01-23,9303
2892,第一金,20,0,20,華南永昌-高雄,2024-01-23,9303
6207,雷科,20,0,20,華南永昌-高雄,2024-01-23,9303
2834,臺企銀,23,3,20,華南永昌-高雄,2024-01-23,9303
2355,敬鵬,19,0,19,華南永昌-高雄,2024-01-23,9303
2363,矽統,23,5,18,華南永昌-高雄,2024-01-23,9303
2618,長榮航,48,30,18,華南永昌-高雄,2024-01-23,9303
4939,亞電,45,27,18,華南永昌-高雄,2024-01-23,9303
2609,陽明,62,46,16,華南永昌-高雄,2024-01-23,9303
2605,新興,15,0,15,華南永昌-高雄,2024-01-23,9303
8201,無敵,15,0,15,華南永昌-高雄,2024-01-23,9303
3045,台灣大,15,0,15,華南永昌-高雄,2024-01-23,9303
2883,凱基金,22,7,15,華南永昌-高雄,2024-01-23,9303
2324,仁寶,25,12,13,華南永昌-高雄,2024-01-23,9303
2002,中鋼,15,3,12,華南永昌-高雄,2024-01-23,9303
3036,文曄,22,10,12,華南永昌-高雄,2024-01-23,9303
2884,玉山金,12,0,12,華南永昌-高雄,2024-01-23,9303
1434,福懋,11,0,11,華南永昌-高雄,2024-01-23,9303
00673R,期元大S＆P原油反1,11,0,11,華南永昌-高雄,2024-01-23,9303
4167,松瑞藥,11,0,11,華南永昌-高雄,2024-01-23,9303
1312,國喬,10,0,10,華南永昌-高雄,2024-01-23,9303
1323,永裕,10,0,10,華南永昌-高雄,2024-01-23,9303
3002,歐格,10,0,10,華南永昌-高雄,2024-01-23,9303
2323,中環,10,0,10,華南永昌-高雄,2024-01-23,9303
2885,元大金,10,0,10,華南永昌-高雄,2024-01-23,9303
5450,南良,10,0,10,華南永昌-高雄,2024-01-23,9303
00857B,永豐20年美公債,10,0,10,華南永昌-高雄,2024-01-23,9303
00937B,群益ESG投等債20,162,0,162,華南永昌-高雄,2024-01-24,9303
00935,野村臺灣新科技50,121,1,120,華南永昌-高雄,2024-01-24,9303
2356,英業達,178,65,113,華南永昌-高雄,2024-01-24,9303
00637L,元大滬深300正2,97,2,95,華南永昌-高雄,2024-01-24,9303
00687B,國泰20年美債,90,0,90,華南永昌-高雄,2024-01-24,9303
1904,正隆,83,0,83,華南永昌-高雄,2024-01-24,9303
00770,國泰北美科技,70,2,68,華南永昌-高雄,2024-01-24,9303
2884,玉山金,63,0,63,華南永昌-高雄,2024-01-24,9303
3059,華晶科,50,4,46,華南永昌-高雄,2024-01-24,9303
3047,訊舟,56,10,46,華南永昌-高雄,2024-01-24,9303
8096,擎亞,156,110,46,華南永昌-高雄,2024-01-24,9303
00652,富邦印度,42,1,41,華南永昌-高雄,2024-01-24,9303
3231,緯創,82,42,40,華南永昌-高雄,2024-01-24,9303
1471,首利,38,0,38,華南永昌-高雄,2024-01-24,9303
6672,騰輝電子-KY,37,0,37,華南永昌-高雄,2024-01-24,9303
00933B,國泰10Y+金融債,36,0,36,華南永昌-高雄,2024-01-24,9303
2486,一詮,43,7,36,華南永昌-高雄,2024-01-24,9303
2369,菱生,207,172,35,華南永昌-高雄,2024-01-24,9303
8112,至上,34,2,32,華南永昌-高雄,2024-01-24,9303
3545,敦泰,32,3,29,華南永昌-高雄,2024-01-24,9303
2329,華泰,74,46,28,華南永昌-高雄,2024-01-24,9303
00665L,富邦�琤肭磪囓�2,29,1,28,華南永昌-高雄,2024-01-24,9303
3591,艾笛森,26,0,26,華南永昌-高雄,2024-01-24,9303
2344,華邦電,170,144,26,華南永昌-高雄,2024-01-24,9303
2892,第一金,25,0,25,華南永昌-高雄,2024-01-24,9303
00753L,中信中國50正2,25,0,25,華南永昌-高雄,2024-01-24,9303
00632R,元大台灣50反1,24,0,24,華南永昌-高雄,2024-01-24,9303
00715L,期街口布蘭特正2,24,1,23,華南永昌-高雄,2024-01-24,9303
2409,友達,34,12,22,華南永昌-高雄,2024-01-24,9303
6785,昱展新藥,22,0,22,華南永昌-高雄,2024-01-24,9303
2460,建通,24,2,22,華南永昌-高雄,2024-01-24,9303
2313,華通,51,30,21,華南永昌-高雄,2024-01-24,9303
3260,威剛,37,16,21,華南永昌-高雄,2024-01-24,9303
5521,工信,20,0,20,華南永昌-高雄,2024-01-24,9303
2442,新美齊,20,0,20,華南永昌-高雄,2024-01-24,9303
3051,力特,20,0,20,華南永昌-高雄,2024-01-24,9303
00904,新光臺灣半導體30,20,0,20,華南永昌-高雄,2024-01-24,9303
00882,中信中國高股息,44,25,19,華南永昌-高雄,2024-01-24,9303
5234,達興材料,24,6,18,華南永昌-高雄,2024-01-24,9303
4123,晟德,20,2,18,華南永昌-高雄,2024-01-24,9303
3380,明泰,41,24,17,華南永昌-高雄,2024-01-24,9303
910322,康師傅-DR,22,5,17,華南永昌-高雄,2024-01-24,9303
3037,欣興,41,25,16,華南永昌-高雄,2024-01-24,9303
3045,台灣大,16,0,16,華南永昌-高雄,2024-01-24,9303
1314,中石化,30,15,15,華南永昌-高雄,2024-01-24,9303
8054,安國,23,9,14,華南永昌-高雄,2024-01-24,9303
3615,安可,24,10,14,華南永昌-高雄,2024-01-24,9303
3189,景碩,18,4,14,華南永昌-高雄,2024-01-24,9303
00679B,元大美債20年,15,2,13,華南永昌-高雄,2024-01-24,9303
6111,大宇資,19,6,13,華南永昌-高雄,2024-01-24,9303
8404,百和興業-KY,155,4,151,華南永昌-高雄,2024-01-25,9303
00720B,元大投資級公司債,146,0,146,華南永昌-高雄,2024-01-25,9303
00687B,國泰20年美債,107,0,107,華南永昌-高雄,2024-01-25,9303
6226,光鼎,205,102,103,華南永昌-高雄,2024-01-25,9303
00929,復華台灣科技優息,120,24,96,華南永昌-高雄,2024-01-25,9303
00937B,群益ESG投等債20,96,2,94,華南永昌-高雄,2024-01-25,9303
3066,李洲,87,5,82,華南永昌-高雄,2024-01-25,9303
00753L,中信中國50正2,90,25,65,華南永昌-高雄,2024-01-25,9303
00680L,元大美債20正2,58,0,58,華南永昌-高雄,2024-01-25,9303
00679B,元大美債20年,59,1,58,華南永昌-高雄,2024-01-25,9303
2615,萬海,60,5,55,華南永昌-高雄,2024-01-25,9303
2889,國票金,55,0,55,華南永昌-高雄,2024-01-25,9303
1904,正隆,50,0,50,華南永昌-高雄,2024-01-25,9303
6116,彩晶,51,5,46,華南永昌-高雄,2024-01-25,9303
00673R,期元大S＆P原油反1,45,0,45,華南永昌-高雄,2024-01-25,9303
00632R,元大台灣50反1,42,0,42,華南永昌-高雄,2024-01-25,9303
4162,智擎,42,2,40,華南永昌-高雄,2024-01-25,9303
2363,矽統,42,4,38,華南永昌-高雄,2024-01-25,9303
6140,訊達,77,41,36,華南永昌-高雄,2024-01-25,9303
2365,昆盈,66,34,32,華南永昌-高雄,2024-01-25,9303
6122,擎邦,31,1,30,華南永昌-高雄,2024-01-25,9303
4123,晟德,29,1,28,華南永昌-高雄,2024-01-25,9303
6188,廣明,34,6,28,華南永昌-高雄,2024-01-25,9303
5443,均豪,30,3,27,華南永昌-高雄,2024-01-25,9303
00751B,元大AAA至A公司債,30,5,25,華南永昌-高雄,2024-01-25,9303
2409,友達,30,5,25,華南永昌-高雄,2024-01-25,9303
00712,復華富時不動產,23,0,23,華南永昌-高雄,2024-01-25,9303
2344,華邦電,39,17,22,華南永昌-高雄,2024-01-25,9303
2382,廣達,28,6,22,華南永昌-高雄,2024-01-25,9303
2884,玉山金,22,0,22,華南永昌-高雄,2024-01-25,9303
00770,國泰北美科技,21,0,21,華南永昌-高雄,2024-01-25,9303
2609,陽明,38,17,21,華南永昌-高雄,2024-01-25,9303
2501,國建,21,0,21,華南永昌-高雄,2024-01-25,9303
00935,野村臺灣新科技50,51,30,21,華南永昌-高雄,2024-01-25,9303
1312,國喬,20,0,20,華南永昌-高雄,2024-01-25,9303
3041,揚智,20,0,20,華南永昌-高雄,2024-01-25,9303
1440,南紡,20,0,20,華南永昌-高雄,2024-01-25,9303
4129,聯合,21,1,20,華南永昌-高雄,2024-01-25,9303
2888,新光金,20,0,20,華南永昌-高雄,2024-01-25,9303
6462,神盾,31,12,19,華南永昌-高雄,2024-01-25,9303
2367,燿華,20,1,19,華南永昌-高雄,2024-01-25,9303
2308,台達電,19,1,18,華南永昌-高雄,2024-01-25,9303
1781,合世,17,0,17,華南永昌-高雄,2024-01-25,9303
3605,宏致,21,4,17,華南永昌-高雄,2024-01-25,9303
6770,力積電,20,4,16,華南永昌-高雄,2024-01-25,9303
5210,寶碩,15,0,15,華南永昌-高雄,2024-01-25,9303
6668,中揚光,19,4,15,華南永昌-高雄,2024-01-25,9303
6026,福邦證,15,0,15,華南永昌-高雄,2024-01-25,9303
3059,華晶科,20,5,15,華南永昌-高雄,2024-01-25,9303
9945,潤泰新,14,0,14,華南永昌-高雄,2024-01-25,9303
3066,李洲,221,1,220,華南永昌-高雄,2024-01-26,9303
00637L,元大滬深300正2,226,29,197,華南永昌-高雄,2024-01-26,9303
2303,聯電,173,23,150,華南永昌-高雄,2024-01-26,9303
00919,群益台灣精選高息,116,21,95,華南永昌-高雄,2024-01-26,9303
2329,華泰,133,41,92,華南永昌-高雄,2024-01-26,9303
3294,英濟,89,8,81,華南永昌-高雄,2024-01-26,9303
00770,國泰北美科技,80,1,79,華南永昌-高雄,2024-01-26,9303
00673R,期元大S＆P原油反1,89,18,71,華南永昌-高雄,2024-01-26,9303
00687B,國泰20年美債,71,2,69,華南永昌-高雄,2024-01-26,9303
3605,宏致,82,20,62,華南永昌-高雄,2024-01-26,9303
6901,鑽石投資,50,0,50,華南永昌-高雄,2024-01-26,9303
2836,高雄銀,50,0,50,華南永昌-高雄,2024-01-26,9303
1432,大魯閣,50,1,49,華南永昌-高雄,2024-01-26,9303
6830,汎銓,46,0,46,華南永昌-高雄,2024-01-26,9303
6237,驊訊,49,4,45,華南永昌-高雄,2024-01-26,9303
2431,聯昌,49,4,45,華南永昌-高雄,2024-01-26,9303
00652,富邦印度,40,0,40,華南永昌-高雄,2024-01-26,9303
8404,百和興業-KY,40,1,39,華南永昌-高雄,2024-01-26,9303
00929,復華台灣科技優息,101,62,39,華南永昌-高雄,2024-01-26,9303
00720B,元大投資級公司債,38,0,38,華南永昌-高雄,2024-01-26,9303
00751B,元大AAA至A公司債,32,0,32,華南永昌-高雄,2024-01-26,9303
5364,力麗店,31,0,31,華南永昌-高雄,2024-01-26,9303
00636,國泰中國A50,31,0,31,華南永昌-高雄,2024-01-26,9303
00633L,富邦上証正2,32,1,31,華南永昌-高雄,2024-01-26,9303
4909,新復興,47,18,29,華南永昌-高雄,2024-01-26,9303
00882,中信中國高股息,54,26,28,華南永昌-高雄,2024-01-26,9303
2344,華邦電,29,1,28,華南永昌-高雄,2024-01-26,9303
00878,國泰永續高股息,40,12,28,華南永昌-高雄,2024-01-26,9303
0056,元大高股息,30,2,28,華南永昌-高雄,2024-01-26,9303
2324,仁寶,34,7,27,華南永昌-高雄,2024-01-26,9303
00679B,元大美債20年,27,1,26,華南永昌-高雄,2024-01-26,9303
8936,國統,69,43,26,華南永昌-高雄,2024-01-26,9303
00935,野村臺灣新科技50,23,0,23,華南永昌-高雄,2024-01-26,9303
3037,欣興,28,5,23,華南永昌-高雄,2024-01-26,9303
2618,長榮航,32,10,22,華南永昌-高雄,2024-01-26,9303
5284,jpp-KY,21,0,21,華南永昌-高雄,2024-01-26,9303
2201,裕隆,21,0,21,華南永昌-高雄,2024-01-26,9303
2905,三商,20,0,20,華南永昌-高雄,2024-01-26,9303
4707,磐亞,20,0,20,華南永昌-高雄,2024-01-26,9303
006206,元大上證50,20,0,20,華南永昌-高雄,2024-01-26,9303
2615,萬海,21,1,20,華南永昌-高雄,2024-01-26,9303
1528,恩德,20,1,19,華南永昌-高雄,2024-01-26,9303
2609,陽明,29,11,18,華南永昌-高雄,2024-01-26,9303
2374,佳能,17,0,17,華南永昌-高雄,2024-01-26,9303
3535,晶彩科,217,200,17,華南永昌-高雄,2024-01-26,9303
1313,聯成,21,4,17,華南永昌-高雄,2024-01-26,9303
3694,海華,27,11,16,華南永昌-高雄,2024-01-26,9303
2543,皇昌,16,0,16,華南永昌-高雄,2024-01-26,9303
1586,和勤,16,0,16,華南永昌-高雄,2024-01-26,9303
8027,鈦昇,26,10,16,華南永昌-高雄,2024-01-26,9303
2836,高雄銀,679,0,679,華南永昌-高雄,2024-01-29,9303
9105,泰金寶-DR,124,4,120,華南永昌-高雄,2024-01-29,9303
3530,晶相光,100,4,96,華南永昌-高雄,2024-01-29,9303
00882,中信中國高股息,100,8,92,華南永昌-高雄,2024-01-29,9303
2838,聯邦銀,85,4,81,華南永昌-高雄,2024-01-29,9303
3360,尚立,120,39,81,華南永昌-高雄,2024-01-29,9303
00937B,群益ESG投等債20,69,0,69,華南永昌-高雄,2024-01-29,9303
00931B,統一美債20年,65,0,65,華南永昌-高雄,2024-01-29,9303
3036,文曄,64,1,63,華南永昌-高雄,2024-01-29,9303
2884,玉山金,59,0,59,華南永昌-高雄,2024-01-29,9303
00673R,期元大S＆P原油反1,61,2,59,華南永昌-高雄,2024-01-29,9303
00935,野村臺灣新科技50,55,5,50,華南永昌-高雄,2024-01-29,9303
2409,友達,62,17,45,華南永昌-高雄,2024-01-29,9303
00688L,國泰20年美債正2,42,0,42,華南永昌-高雄,2024-01-29,9303
2337,旺宏,41,1,40,華南永昌-高雄,2024-01-29,9303
2303,聯電,51,14,37,華南永昌-高雄,2024-01-29,9303
9933,中鼎,35,0,35,華南永昌-高雄,2024-01-29,9303
3481,群創,93,61,32,華南永昌-高雄,2024-01-29,9303
8064,東捷,62,32,30,華南永昌-高雄,2024-01-29,9303
3058,立德,30,0,30,華南永昌-高雄,2024-01-29,9303
00679B,元大美債20年,28,0,28,華南永昌-高雄,2024-01-29,9303
00687B,國泰20年美債,28,1,27,華南永昌-高雄,2024-01-29,9303
6226,光鼎,26,0,26,華南永昌-高雄,2024-01-29,9303
2356,英業達,47,21,26,華南永昌-高雄,2024-01-29,9303
6462,神盾,44,19,25,華南永昌-高雄,2024-01-29,9303
3535,晶彩科,281,257,24,華南永昌-高雄,2024-01-29,9303
8429,金麗-KY,23,0,23,華南永昌-高雄,2024-01-29,9303
2352,佳世達,32,10,22,華南永昌-高雄,2024-01-29,9303
1218,泰山,20,0,20,華南永昌-高雄,2024-01-29,9303
00655L,國泰中國A50正2,20,0,20,華南永昌-高雄,2024-01-29,9303
1323,永裕,20,0,20,華南永昌-高雄,2024-01-29,9303
2486,一詮,22,3,19,華南永昌-高雄,2024-01-29,9303
3715,定穎投控,63,44,19,華南永昌-高雄,2024-01-29,9303
6785,昱展新藥,18,0,18,華南永昌-高雄,2024-01-29,9303
2867,三商壽,17,0,17,華南永昌-高雄,2024-01-29,9303
00919,群益台灣精選高息,19,3,16,華南永昌-高雄,2024-01-29,9303
2892,第一金,15,0,15,華南永昌-高雄,2024-01-29,9303
6547,高端疫苗,16,1,15,華南永昌-高雄,2024-01-29,9303
00770,國泰北美科技,15,0,15,華南永昌-高雄,2024-01-29,9303
00933B,國泰10Y+金融債,14,0,14,華南永昌-高雄,2024-01-29,9303
6589,台康生技,18,4,14,華南永昌-高雄,2024-01-29,9303
00881,國泰台灣5G+,16,3,13,華南永昌-高雄,2024-01-29,9303
3694,海華,16,4,12,華南永昌-高雄,2024-01-29,9303
00680L,元大美債20正2,12,0,12,華南永昌-高雄,2024-01-29,9303
1312,國喬,12,1,11,華南永昌-高雄,2024-01-29,9303
8215,明基材,21,10,11,華南永昌-高雄,2024-01-29,9303
2363,矽統,15,4,11,華南永昌-高雄,2024-01-29,9303
00764B,群益25年美債,11,0,11,華南永昌-高雄,2024-01-29,9303
2353,宏��,40,29,11,華南永昌-高雄,2024-01-29,9303
6229,研通,37,27,10,華南永昌-高雄,2024-01-29,9303
2409,友達,155,13,142,華南永昌-高雄,2024-01-30,9303
6465,威潤,139,0,139,華南永昌-高雄,2024-01-30,9303
2867,三商壽,117,18,99,華南永昌-高雄,2024-01-30,9303
00937B,群益ESG投等債20,97,1,96,華南永昌-高雄,2024-01-30,9303
9105,泰金寶-DR,87,6,81,華南永昌-高雄,2024-01-30,9303
00665L,富邦�琤肭磪囓�2,67,5,62,華南永昌-高雄,2024-01-30,9303
00637L,元大滬深300正2,85,29,56,華南永昌-高雄,2024-01-30,9303
00687B,國泰20年美債,64,15,49,華南永昌-高雄,2024-01-30,9303
2882,國泰金,43,0,43,華南永昌-高雄,2024-01-30,9303
3605,宏致,46,4,42,華南永昌-高雄,2024-01-30,9303
4303,信立,89,48,41,華南永昌-高雄,2024-01-30,9303
3481,群創,95,56,39,華南永昌-高雄,2024-01-30,9303
00931B,統一美債20年,40,1,39,華南永昌-高雄,2024-01-30,9303
00933B,國泰10Y+金融債,37,0,37,華南永昌-高雄,2024-01-30,9303
6116,彩晶,46,10,36,華南永昌-高雄,2024-01-30,9303
2365,昆盈,47,14,33,華南永昌-高雄,2024-01-30,9303
3036,文曄,74,42,32,華南永昌-高雄,2024-01-30,9303
1314,中石化,41,10,31,華南永昌-高雄,2024-01-30,9303
00720B,元大投資級公司債,31,0,31,華南永昌-高雄,2024-01-30,9303
2406,國碩,31,1,30,華南永昌-高雄,2024-01-30,9303
3024,憶聲,30,0,30,華南永昌-高雄,2024-01-30,9303
3548,兆利,35,5,30,華南永昌-高雄,2024-01-30,9303
2363,矽統,33,5,28,華南永昌-高雄,2024-01-30,9303
4908,前鼎,48,20,28,華南永昌-高雄,2024-01-30,9303
00715L,期街口布蘭特正2,33,6,27,華南永昌-高雄,2024-01-30,9303
1101,台泥,27,0,27,華南永昌-高雄,2024-01-30,9303
2615,萬海,32,6,26,華南永昌-高雄,2024-01-30,9303
2641,正德,36,11,25,華南永昌-高雄,2024-01-30,9303
8936,國統,83,59,24,華南永昌-高雄,2024-01-30,9303
2883,凱基金,36,13,23,華南永昌-高雄,2024-01-30,9303
3576,聯合再生,23,0,23,華南永昌-高雄,2024-01-30,9303
00882,中信中國高股息,22,0,22,華南永昌-高雄,2024-01-30,9303
6117,迎廣,22,0,22,華南永昌-高雄,2024-01-30,9303
2349,錸德,22,0,22,華南永昌-高雄,2024-01-30,9303
1905,華紙,20,0,20,華南永昌-高雄,2024-01-30,9303
1316,上曜,20,3,17,華南永昌-高雄,2024-01-30,9303
3694,海華,26,11,15,華南永昌-高雄,2024-01-30,9303
9919,康那香,15,0,15,華南永昌-高雄,2024-01-30,9303
1795,美時,50,36,14,華南永昌-高雄,2024-01-30,9303
00918,大華優利高填息30,15,2,13,華南永昌-高雄,2024-01-30,9303
4906,正文,14,2,12,華南永昌-高雄,2024-01-30,9303
5521,工信,12,0,12,華南永昌-高雄,2024-01-30,9303
4729,熒茂,17,5,12,華南永昌-高雄,2024-01-30,9303
2329,華泰,39,27,12,華南永昌-高雄,2024-01-30,9303
3360,尚立,163,151,12,華南永昌-高雄,2024-01-30,9303
3033,威健,13,2,11,華南永昌-高雄,2024-01-30,9303
9945,潤泰新,11,0,11,華南永昌-高雄,2024-01-30,9303
2385,群光,11,0,11,華南永昌-高雄,2024-01-30,9303
2504,國產,11,0,11,華南永昌-高雄,2024-01-30,9303
2634,漢翔,11,0,11,華南永昌-高雄,2024-01-30,9303
3530,晶相光,162,4,158,華南永昌-高雄,2024-01-31,9303
3138,耀登,129,2,127,華南永昌-高雄,2024-01-31,9303
00687B,國泰20年美債,116,0,116,華南永昌-高雄,2024-01-31,9303
2303,聯電,66,6,60,華南永昌-高雄,2024-01-31,9303
00857B,永豐20年美公債,58,1,57,華南永昌-高雄,2024-01-31,9303
3231,緯創,81,27,54,華南永昌-高雄,2024-01-31,9303
2834,臺企銀,50,0,50,華南永昌-高雄,2024-01-31,9303
00929,復華台灣科技優息,49,0,49,華南永昌-高雄,2024-01-31,9303
2409,友達,72,32,40,華南永昌-高雄,2024-01-31,9303
3354,律勝,45,6,39,華南永昌-高雄,2024-01-31,9303
2867,三商壽,46,7,39,華南永昌-高雄,2024-01-31,9303
8054,安國,45,7,38,華南永昌-高雄,2024-01-31,9303
2330,台積電,41,3,38,華南永昌-高雄,2024-01-31,9303
6462,神盾,67,30,37,華南永昌-高雄,2024-01-31,9303
2356,英業達,56,24,32,華南永昌-高雄,2024-01-31,9303
6237,驊訊,68,37,31,華南永昌-高雄,2024-01-31,9303
2313,華通,33,3,30,華南永昌-高雄,2024-01-31,9303
00665L,富邦�琤肭磪囓�2,45,15,30,華南永昌-高雄,2024-01-31,9303
3058,立德,30,0,30,華南永昌-高雄,2024-01-31,9303
00680L,元大美債20正2,30,0,30,華南永昌-高雄,2024-01-31,9303
00770,國泰北美科技,30,0,30,華南永昌-高雄,2024-01-31,9303
2886,兆豐金,57,27,30,華南永昌-高雄,2024-01-31,9303
2363,矽統,40,13,27,華南永昌-高雄,2024-01-31,9303
4908,前鼎,31,4,27,華南永昌-高雄,2024-01-31,9303
2369,菱生,53,28,25,華南永昌-高雄,2024-01-31,9303
2615,萬海,22,0,22,華南永昌-高雄,2024-01-31,9303
2501,國建,22,0,22,華南永昌-高雄,2024-01-31,9303
6120,達運,24,3,21,華南永昌-高雄,2024-01-31,9303
00752,中信中國50,21,0,21,華南永昌-高雄,2024-01-31,9303
2905,三商,20,0,20,華南永昌-高雄,2024-01-31,9303
1101,台泥,20,0,20,華南永昌-高雄,2024-01-31,9303
2883,凱基金,20,0,20,華南永昌-高雄,2024-01-31,9303
8064,東捷,27,7,20,華南永昌-高雄,2024-01-31,9303
6785,昱展新藥,24,5,19,華南永昌-高雄,2024-01-31,9303
5529,鉅陞,20,1,19,華南永昌-高雄,2024-01-31,9303
2888,新光金,20,1,19,華南永昌-高雄,2024-01-31,9303
2609,陽明,28,9,19,華南永昌-高雄,2024-01-31,9303
6233,旺玖,18,0,18,華南永昌-高雄,2024-01-31,9303
6265,方土昶,18,0,18,華南永昌-高雄,2024-01-31,9303
00882,中信中國高股息,22,5,17,華南永昌-高雄,2024-01-31,9303
3545,敦泰,29,13,16,華南永昌-高雄,2024-01-31,9303
2344,華邦電,19,3,16,華南永昌-高雄,2024-01-31,9303
2308,台達電,18,3,15,華南永昌-高雄,2024-01-31,9303
1434,福懋,15,0,15,華南永昌-高雄,2024-01-31,9303
6770,力積電,15,1,14,華南永昌-高雄,2024-01-31,9303
2618,長榮航,25,11,14,華南永昌-高雄,2024-01-31,9303
3149,正達,13,0,13,華南永昌-高雄,2024-01-31,9303
1586,和勤,13,0,13,華南永昌-高雄,2024-01-31,9303
6465,威潤,15,2,13,華南永昌-高雄,2024-01-31,9303
2461,光群雷,12,0,12,華南永昌-高雄,2024-01-31,9303
8936,國統,256,74,182,華南永昌-高雄,2024-02-01,9303
2409,友達,190,20,170,華南永昌-高雄,2024-02-01,9303
00937B,群益ESG投等債20,88,4,84,華南永昌-高雄,2024-02-01,9303
00687B,國泰20年美債,126,49,77,華南永昌-高雄,2024-02-01,9303
3481,群創,139,68,71,華南永昌-高雄,2024-02-01,9303
00712,復華富時不動產,54,3,51,華南永昌-高雄,2024-02-01,9303
00857B,永豐20年美公債,50,0,50,華南永昌-高雄,2024-02-01,9303
00919,群益台灣精選高息,38,2,36,華南永昌-高雄,2024-02-01,9303
4529,淳紳,38,2,36,華南永昌-高雄,2024-02-01,9303
6179,亞通,33,1,32,華南永昌-高雄,2024-02-01,9303
00720B,元大投資級公司債,34,3,31,華南永昌-高雄,2024-02-01,9303
00651R,復華香港反1,30,0,30,華南永昌-高雄,2024-02-01,9303
2606,裕民,30,0,30,華南永昌-高雄,2024-02-01,9303
3050,鈺德,118,88,30,華南永昌-高雄,2024-02-01,9303
6785,昱展新藥,32,2,30,華南永昌-高雄,2024-02-01,9303
3694,海華,63,34,29,華南永昌-高雄,2024-02-01,9303
2812,台中銀,123,101,22,華南永昌-高雄,2024-02-01,9303
6237,驊訊,30,9,21,華南永昌-高雄,2024-02-01,9303
2641,正德,22,1,21,華南永昌-高雄,2024-02-01,9303
00929,復華台灣科技優息,42,22,20,華南永昌-高雄,2024-02-01,9303
3360,尚立,22,2,20,華南永昌-高雄,2024-02-01,9303
3024,憶聲,20,0,20,華南永昌-高雄,2024-02-01,9303
8011,台通,94,75,19,華南永昌-高雄,2024-02-01,9303
2610,華航,25,6,19,華南永昌-高雄,2024-02-01,9303
00751B,元大AAA至A公司債,20,1,19,華南永昌-高雄,2024-02-01,9303
6229,研通,23,5,18,華南永昌-高雄,2024-02-01,9303
00764B,群益25年美債,18,0,18,華南永昌-高雄,2024-02-01,9303
2332,友訊,18,0,18,華南永昌-高雄,2024-02-01,9303
6116,彩晶,57,40,17,華南永昌-高雄,2024-02-01,9303
00882,中信中國高股息,17,0,17,華南永昌-高雄,2024-02-01,9303
3545,敦泰,16,0,16,華南永昌-高雄,2024-02-01,9303
2498,宏達電,20,4,16,華南永昌-高雄,2024-02-01,9303
1323,永裕,20,4,16,華南永昌-高雄,2024-02-01,9303
8027,鈦昇,16,1,15,華南永昌-高雄,2024-02-01,9303
6122,擎邦,15,0,15,華南永昌-高雄,2024-02-01,9303
2330,台積電,19,5,14,華南永昌-高雄,2024-02-01,9303
00637L,元大滬深300正2,18,4,14,華南永昌-高雄,2024-02-01,9303
6465,威潤,29,15,14,華南永昌-高雄,2024-02-01,9303
6695,芯鼎,68,55,13,華南永昌-高雄,2024-02-01,9303
00715L,期街口布蘭特正2,15,3,12,華南永昌-高雄,2024-02-01,9303
6233,旺玖,12,0,12,華南永昌-高雄,2024-02-01,9303
4729,熒茂,12,0,12,華南永昌-高雄,2024-02-01,9303
3483,力致,12,0,12,華南永昌-高雄,2024-02-01,9303
2634,漢翔,17,5,12,華南永昌-高雄,2024-02-01,9303
2454,聯發科,20,9,11,華南永昌-高雄,2024-02-01,9303
2801,彰銀,10,0,10,華南永昌-高雄,2024-02-01,9303
00757,統一FANG+,10,0,10,華南永昌-高雄,2024-02-01,9303
5328,華容,10,0,10,華南永昌-高雄,2024-02-01,9303
00638R,元大滬深300反1,10,0,10,華南永昌-高雄,2024-02-01,9303
3066,李洲,10,0,10,華南永昌-高雄,2024-02-01,9303
00937B,群益ESG投等債20,195,48,147,華南永昌-高雄,2024-02-02,9303
00687B,國泰20年美債,114,2,112,華南永昌-高雄,2024-02-02,9303
3033,威健,103,1,102,華南永昌-高雄,2024-02-02,9303
00919,群益台灣精選高息,71,2,69,華南永昌-高雄,2024-02-02,9303
3047,訊舟,69,3,66,華南永昌-高雄,2024-02-02,9303
00933B,國泰10Y+金融債,75,10,65,華南永昌-高雄,2024-02-02,9303
00637L,元大滬深300正2,69,5,64,華南永昌-高雄,2024-02-02,9303
8112,至上,60,0,60,華南永昌-高雄,2024-02-02,9303
00712,復華富時不動產,62,5,57,華南永昌-高雄,2024-02-02,9303
6692,進能服,51,2,49,華南永昌-高雄,2024-02-02,9303
1528,恩德,63,14,49,華南永昌-高雄,2024-02-02,9303
4906,正文,46,0,46,華南永昌-高雄,2024-02-02,9303
00715L,期街口布蘭特正2,46,0,46,華南永昌-高雄,2024-02-02,9303
6243,迅杰,69,26,43,華南永昌-高雄,2024-02-02,9303
5425,台半,41,0,41,華南永昌-高雄,2024-02-02,9303
2303,聯電,62,22,40,華南永昌-高雄,2024-02-02,9303
3036,文曄,95,55,40,華南永昌-高雄,2024-02-02,9303
00929,復華台灣科技優息,49,9,40,華南永昌-高雄,2024-02-02,9303
2329,華泰,140,103,37,華南永昌-高雄,2024-02-02,9303
2406,國碩,35,0,35,華南永昌-高雄,2024-02-02,9303
2208,台船,33,1,32,華南永昌-高雄,2024-02-02,9303
2605,新興,51,21,30,華南永昌-高雄,2024-02-02,9303
1301,台塑,29,1,28,華南永昌-高雄,2024-02-02,9303
2353,宏��,52,24,28,華南永昌-高雄,2024-02-02,9303
2538,基泰,25,0,25,華南永昌-高雄,2024-02-02,9303
6233,旺玖,24,0,24,華南永昌-高雄,2024-02-02,9303
2603,長榮,24,1,23,華南永昌-高雄,2024-02-02,9303
5009,榮剛,27,4,23,華南永昌-高雄,2024-02-02,9303
2390,云辰,23,0,23,華南永昌-高雄,2024-02-02,9303
1324,地球,25,2,23,華南永昌-高雄,2024-02-02,9303
2887,台新金,25,2,23,華南永昌-高雄,2024-02-02,9303
8937,合騏,30,8,22,華南永昌-高雄,2024-02-02,9303
8040,九暘,27,5,22,華南永昌-高雄,2024-02-02,9303
1319,東陽,21,0,21,華南永昌-高雄,2024-02-02,9303
1712,興農,21,0,21,華南永昌-高雄,2024-02-02,9303
00753L,中信中國50正2,20,0,20,華南永昌-高雄,2024-02-02,9303
2501,國建,20,0,20,華南永昌-高雄,2024-02-02,9303
00751B,元大AAA至A公司債,22,2,20,華南永昌-高雄,2024-02-02,9303
3094,聯傑,20,0,20,華南永昌-高雄,2024-02-02,9303
00651R,復華香港反1,20,0,20,華南永昌-高雄,2024-02-02,9303
2812,台中銀,44,25,19,華南永昌-高雄,2024-02-02,9303
2363,矽統,24,5,19,華南永昌-高雄,2024-02-02,9303
2609,陽明,27,8,19,華南永昌-高雄,2024-02-02,9303
4977,眾達-KY,19,0,19,華南永昌-高雄,2024-02-02,9303
2301,光寶科,18,0,18,華南永昌-高雄,2024-02-02,9303
2883,凱基金,26,8,18,華南永昌-高雄,2024-02-02,9303
3312,弘憶股,22,5,17,華南永昌-高雄,2024-02-02,9303
3694,海華,26,10,16,華南永昌-高雄,2024-02-02,9303
1314,中石化,20,4,16,華南永昌-高雄,2024-02-02,9303
2324,仁寶,17,2,15,華南永昌-高雄,2024-02-02,9303
00937B,群益ESG投等債20,202,3,199,華南永昌-高雄,2024-02-05,9303
00929,復華台灣科技優息,206,20,186,華南永昌-高雄,2024-02-05,9303
4714,永捷,277,159,118,華南永昌-高雄,2024-02-05,9303
00688L,國泰20年美債正2,112,15,97,華南永昌-高雄,2024-02-05,9303
1904,正隆,80,0,80,華南永昌-高雄,2024-02-05,9303
00878,國泰永續高股息,105,29,76,華南永昌-高雄,2024-02-05,9303
2356,英業達,94,24,70,華南永昌-高雄,2024-02-05,9303
00679B,元大美債20年,74,5,69,華南永昌-高雄,2024-02-05,9303
2303,聯電,86,20,66,華南永昌-高雄,2024-02-05,9303
2302,麗正,57,0,57,華南永昌-高雄,2024-02-05,9303
00919,群益台灣精選高息,62,5,57,華南永昌-高雄,2024-02-05,9303
00715L,期街口布蘭特正2,58,3,55,華南永昌-高雄,2024-02-05,9303
00712,復華富時不動產,53,0,53,華南永昌-高雄,2024-02-05,9303
2363,矽統,55,3,52,華南永昌-高雄,2024-02-05,9303
6462,神盾,56,6,50,華南永昌-高雄,2024-02-05,9303
3081,聯亞,49,5,44,華南永昌-高雄,2024-02-05,9303
2365,昆盈,72,30,42,華南永昌-高雄,2024-02-05,9303
2344,華邦電,43,3,40,華南永昌-高雄,2024-02-05,9303
2887,台新金,40,2,38,華南永昌-高雄,2024-02-05,9303
3605,宏致,33,0,33,華南永昌-高雄,2024-02-05,9303
00933B,國泰10Y+金融債,36,3,33,華南永昌-高雄,2024-02-05,9303
6226,光鼎,31,0,31,華南永昌-高雄,2024-02-05,9303
00752,中信中國50,30,0,30,華南永昌-高雄,2024-02-05,9303
00882,中信中國高股息,30,1,29,華南永昌-高雄,2024-02-05,9303
00637L,元大滬深300正2,96,67,29,華南永昌-高雄,2024-02-05,9303
6153,嘉聯益,31,3,28,華南永昌-高雄,2024-02-05,9303
3047,訊舟,28,0,28,華南永昌-高雄,2024-02-05,9303
00902,中信電池及儲能,24,0,24,華南永昌-高雄,2024-02-05,9303
00891,中信關鍵半導體,23,1,22,華南永昌-高雄,2024-02-05,9303
3360,尚立,24,2,22,華南永昌-高雄,2024-02-05,9303
00696B,富邦美債20年,25,5,20,華南永昌-高雄,2024-02-05,9303
00664R,國泰臺灣加權反1,20,0,20,華南永昌-高雄,2024-02-05,9303
6116,彩晶,20,0,20,華南永昌-高雄,2024-02-05,9303
2884,玉山金,53,33,20,華南永昌-高雄,2024-02-05,9303
3380,明泰,59,40,19,華南永昌-高雄,2024-02-05,9303
5310,天剛,20,1,19,華南永昌-高雄,2024-02-05,9303
5284,jpp-KY,64,45,19,華南永昌-高雄,2024-02-05,9303
2609,陽明,22,4,18,華南永昌-高雄,2024-02-05,9303
1717,長興,18,0,18,華南永昌-高雄,2024-02-05,9303
00927,群益半導體收益,22,5,17,華南永昌-高雄,2024-02-05,9303
00764B,群益25年美債,17,0,17,華南永昌-高雄,2024-02-05,9303
2498,宏達電,16,0,16,華南永昌-高雄,2024-02-05,9303
0056,元大高股息,22,7,15,華南永昌-高雄,2024-02-05,9303
6202,盛群,15,0,15,華南永昌-高雄,2024-02-05,9303
3597,映興,21,6,15,華南永昌-高雄,2024-02-05,9303
00751B,元大AAA至A公司債,17,2,15,華南永昌-高雄,2024-02-05,9303
2421,建準,29,15,14,華南永昌-高雄,2024-02-05,9303
2634,漢翔,14,0,14,華南永昌-高雄,2024-02-05,9303
3357,臺慶科,14,0,14,華南永昌-高雄,2024-02-05,9303
2610,華航,17,4,13,華南永昌-高雄,2024-02-05,9303
00632R,元大台灣50反1,246,10,236,華南永昌-高雄,2024-02-15,9303
2618,長榮航,238,13,225,華南永昌-高雄,2024-02-15,9303
00679B,元大美債20年,200,0,200,華南永昌-高雄,2024-02-15,9303
00680L,元大美債20正2,208,12,196,華南永昌-高雄,2024-02-15,9303
6153,嘉聯益,172,1,171,華南永昌-高雄,2024-02-15,9303
3481,群創,171,34,137,華南永昌-高雄,2024-02-15,9303
00720B,元大投資級公司債,137,3,134,華南永昌-高雄,2024-02-15,9303
00935,野村臺灣新科技50,121,36,85,華南永昌-高雄,2024-02-15,9303
2610,華航,76,3,73,華南永昌-高雄,2024-02-15,9303
00937B,群益ESG投等債20,178,106,72,華南永昌-高雄,2024-02-15,9303
00931B,統一美債20年,70,0,70,華南永昌-高雄,2024-02-15,9303
00687B,國泰20年美債,102,34,68,華南永昌-高雄,2024-02-15,9303
2344,華邦電,70,3,67,華南永昌-高雄,2024-02-15,9303
6026,福邦證,63,0,63,華南永昌-高雄,2024-02-15,9303
2633,台灣高鐵,46,0,46,華南永昌-高雄,2024-02-15,9303
2882,國泰金,37,1,36,華南永昌-高雄,2024-02-15,9303
6197,佳必琪,44,9,35,華南永昌-高雄,2024-02-15,9303
00712,復華富時不動產,65,30,35,華南永昌-高雄,2024-02-15,9303
2880,華南金,34,2,32,華南永昌-高雄,2024-02-15,9303
00770,國泰北美科技,50,18,32,華南永昌-高雄,2024-02-15,9303
2883,凱基金,40,10,30,華南永昌-高雄,2024-02-15,9303
3437,榮創,32,3,29,華南永昌-高雄,2024-02-15,9303
6229,研通,28,0,28,華南永昌-高雄,2024-02-15,9303
2365,昆盈,40,13,27,華南永昌-高雄,2024-02-15,9303
3706,神達,31,4,27,華南永昌-高雄,2024-02-15,9303
8436,大江,27,0,27,華南永昌-高雄,2024-02-15,9303
00751B,元大AAA至A公司債,26,0,26,華南永昌-高雄,2024-02-15,9303
1504,東元,26,1,25,華南永昌-高雄,2024-02-15,9303
9919,康那香,26,1,25,華南永昌-高雄,2024-02-15,9303
00706L,期元大S＆P日圓正2,23,0,23,華南永昌-高雄,2024-02-15,9303
3081,聯亞,26,3,23,華南永昌-高雄,2024-02-15,9303
2399,映泰,29,7,22,華南永昌-高雄,2024-02-15,9303
2353,宏��,30,8,22,華南永昌-高雄,2024-02-15,9303
5439,高技,22,0,22,華南永昌-高雄,2024-02-15,9303
00929,復華台灣科技優息,86,64,22,華南永昌-高雄,2024-02-15,9303
2887,台新金,23,2,21,華南永昌-高雄,2024-02-15,9303
1434,福懋,21,0,21,華南永昌-高雄,2024-02-15,9303
6789,采鈺,21,0,21,華南永昌-高雄,2024-02-15,9303
4543,萬在,27,6,21,華南永昌-高雄,2024-02-15,9303
00673R,期元大S＆P原油反1,20,0,20,華南永昌-高雄,2024-02-15,9303
3548,兆利,22,2,20,華南永昌-高雄,2024-02-15,9303
00908,富邦入息REITs+,20,0,20,華南永昌-高雄,2024-02-15,9303
00638R,元大滬深300反1,20,0,20,華南永昌-高雄,2024-02-15,9303
5604,中連,19,0,19,華南永昌-高雄,2024-02-15,9303
2409,友達,35,16,19,華南永昌-高雄,2024-02-15,9303
6592,和潤企業,19,0,19,華南永昌-高雄,2024-02-15,9303
4908,前鼎,34,16,18,華南永昌-高雄,2024-02-15,9303
2002,中鋼,54,37,17,華南永昌-高雄,2024-02-15,9303
9907,統一實,17,0,17,華南永昌-高雄,2024-02-15,9303
1616,億泰,18,1,17,華南永昌-高雄,2024-02-15,9303
00687B,國泰20年美債,300,10,290,華南永昌-高雄,2024-02-16,9303
6153,嘉聯益,275,101,174,華南永昌-高雄,2024-02-16,9303
2365,昆盈,343,198,145,華南永昌-高雄,2024-02-16,9303
2883,凱基金,137,27,110,華南永昌-高雄,2024-02-16,9303
2382,廣達,139,35,104,華南永昌-高雄,2024-02-16,9303
00720B,元大投資級公司債,108,5,103,華南永昌-高雄,2024-02-16,9303
00931B,統一美債20年,78,0,78,華南永昌-高雄,2024-02-16,9303
00933B,國泰10Y+金融債,78,1,77,華南永昌-高雄,2024-02-16,9303
00673R,期元大S＆P原油反1,66,0,66,華南永昌-高雄,2024-02-16,9303
00857B,永豐20年美公債,66,0,66,華南永昌-高雄,2024-02-16,9303
6126,信音,60,10,50,華南永昌-高雄,2024-02-16,9303
2615,萬海,51,2,49,華南永昌-高雄,2024-02-16,9303
00919,群益台灣精選高息,54,10,44,華南永昌-高雄,2024-02-16,9303
00712,復華富時不動產,42,0,42,華南永昌-高雄,2024-02-16,9303
6245,立端,42,0,42,華南永昌-高雄,2024-02-16,9303
6282,康舒,56,22,34,華南永昌-高雄,2024-02-16,9303
00795B,中信美國公債20年,27,0,27,華南永昌-高雄,2024-02-16,9303
3231,緯創,86,60,26,華南永昌-高雄,2024-02-16,9303
3081,聯亞,29,4,25,華南永昌-高雄,2024-02-16,9303
00688L,國泰20年美債正2,25,0,25,華南永昌-高雄,2024-02-16,9303
6229,研通,38,14,24,華南永昌-高雄,2024-02-16,9303
3372,典範,25,1,24,華南永昌-高雄,2024-02-16,9303
2884,玉山金,38,16,22,華南永昌-高雄,2024-02-16,9303
6196,帆宣,44,23,21,華南永昌-高雄,2024-02-16,9303
5488,松普,21,0,21,華南永昌-高雄,2024-02-16,9303
00935,野村臺灣新科技50,22,1,21,華南永昌-高雄,2024-02-16,9303
2820,華票,20,0,20,華南永昌-高雄,2024-02-16,9303
00632R,元大台灣50反1,20,0,20,華南永昌-高雄,2024-02-16,9303
00922,國泰台灣領袖50,20,0,20,華南永昌-高雄,2024-02-16,9303
6108,競國,25,5,20,華南永昌-高雄,2024-02-16,9303
4906,正文,20,0,20,華南永昌-高雄,2024-02-16,9303
6789,采鈺,20,1,19,華南永昌-高雄,2024-02-16,9303
6592,和潤企業,19,0,19,華南永昌-高雄,2024-02-16,9303
9946,三發地產,19,0,19,華南永昌-高雄,2024-02-16,9303
2061,風青,19,0,19,華南永昌-高雄,2024-02-16,9303
00679B,元大美債20年,18,0,18,華南永昌-高雄,2024-02-16,9303
00878,國泰永續高股息,64,47,17,華南永昌-高雄,2024-02-16,9303
8926,台汽電,17,0,17,華南永昌-高雄,2024-02-16,9303
5604,中連,16,0,16,華南永昌-高雄,2024-02-16,9303
5880,合庫金,18,2,16,華南永昌-高雄,2024-02-16,9303
00934,中信成長高股息,15,0,15,華南永昌-高雄,2024-02-16,9303
2002,中鋼,15,0,15,華南永昌-高雄,2024-02-16,9303
2888,新光金,42,27,15,華南永昌-高雄,2024-02-16,9303
5215,科嘉-KY,15,0,15,華南永昌-高雄,2024-02-16,9303
6233,旺玖,34,19,15,華南永昌-高雄,2024-02-16,9303
00891,中信關鍵半導體,15,0,15,華南永昌-高雄,2024-02-16,9303
1514,亞力,24,9,15,華南永昌-高雄,2024-02-16,9303
6109,亞元,15,0,15,華南永昌-高雄,2024-02-16,9303
3455,由田,15,0,15,華南永昌-高雄,2024-02-16,9303
1714,和桐,15,0,15,華南永昌-高雄,2024-02-16,9303
3530,晶相光,225,3,222,華南永昌-高雄,2024-02-19,9303
00933B,國泰10Y+金融債,177,2,175,華南永昌-高雄,2024-02-19,9303
2883,凱基金,206,36,170,華南永昌-高雄,2024-02-19,9303
1316,上曜,156,13,143,華南永昌-高雄,2024-02-19,9303
2353,宏��,191,54,137,華南永昌-高雄,2024-02-19,9303
6799,來頡,118,6,112,華南永昌-高雄,2024-02-19,9303
00937B,群益ESG投等債20,155,62,93,華南永昌-高雄,2024-02-19,9303
4303,信立,114,25,89,華南永昌-高雄,2024-02-19,9303
3312,弘憶股,85,7,78,華南永昌-高雄,2024-02-19,9303
3231,緯創,144,67,77,華南永昌-高雄,2024-02-19,9303
00931B,統一美債20年,77,3,74,華南永昌-高雄,2024-02-19,9303
00919,群益台灣精選高息,80,6,74,華南永昌-高雄,2024-02-19,9303
3481,群創,248,177,71,華南永昌-高雄,2024-02-19,9303
00650L,復華香港正2,63,0,63,華南永昌-高雄,2024-02-19,9303
00679B,元大美債20年,58,0,58,華南永昌-高雄,2024-02-19,9303
8936,國統,86,29,57,華南永昌-高雄,2024-02-19,9303
00918,大華優利高填息30,59,3,56,華南永昌-高雄,2024-02-19,9303
8429,金麗-KY,57,2,55,華南永昌-高雄,2024-02-19,9303
00915,凱基優選高股息30,50,0,50,華南永昌-高雄,2024-02-19,9303
00687B,國泰20年美債,58,10,48,華南永昌-高雄,2024-02-19,9303
8085,福華,47,2,45,華南永昌-高雄,2024-02-19,9303
2515,中工,51,9,42,華南永昌-高雄,2024-02-19,9303
6229,研通,42,0,42,華南永昌-高雄,2024-02-19,9303
1503,士電,66,25,41,華南永昌-高雄,2024-02-19,9303
6126,信音,48,8,40,華南永昌-高雄,2024-02-19,9303
00878,國泰永續高股息,110,72,38,華南永昌-高雄,2024-02-19,9303
2369,菱生,97,59,38,華南永昌-高雄,2024-02-19,9303
3374,精材,36,3,33,華南永昌-高雄,2024-02-19,9303
00712,復華富時不動產,31,0,31,華南永昌-高雄,2024-02-19,9303
5381,合正,31,0,31,華南永昌-高雄,2024-02-19,9303
2382,廣達,58,31,27,華南永昌-高雄,2024-02-19,9303
6425,易發,27,0,27,華南永昌-高雄,2024-02-19,9303
5443,均豪,31,5,26,華南永昌-高雄,2024-02-19,9303
00637L,元大滬深300正2,28,2,26,華南永昌-高雄,2024-02-19,9303
2897,王道銀行,25,0,25,華南永昌-高雄,2024-02-19,9303
1616,億泰,24,1,23,華南永昌-高雄,2024-02-19,9303
00673R,期元大S＆P原油反1,23,0,23,華南永昌-高雄,2024-02-19,9303
1303,南亞,22,0,22,華南永昌-高雄,2024-02-19,9303
1471,首利,22,0,22,華南永昌-高雄,2024-02-19,9303
00665L,富邦�琤肭磪囓�2,22,0,22,華南永昌-高雄,2024-02-19,9303
2206,三陽工業,23,2,21,華南永昌-高雄,2024-02-19,9303
00753L,中信中國50正2,21,0,21,華南永昌-高雄,2024-02-19,9303
00680L,元大美債20正2,21,0,21,華南永昌-高雄,2024-02-19,9303
2027,大成鋼,21,0,21,華南永昌-高雄,2024-02-19,9303
9902,台火,20,0,20,華南永昌-高雄,2024-02-19,9303
00720B,元大投資級公司債,19,0,19,華南永昌-高雄,2024-02-19,9303
6223,旺矽,21,2,19,華南永昌-高雄,2024-02-19,9303
1815,富喬,48,29,19,華南永昌-高雄,2024-02-19,9303
8110,華東,56,37,19,華南永昌-高雄,2024-02-19,9303
2303,聯電,33,15,18,華南永昌-高雄,2024-02-19,9303
2609,陽明,286,22,264,華南永昌-高雄,2024-02-20,9303
00937B,群益ESG投等債20,265,37,228,華南永昌-高雄,2024-02-20,9303
00929,復華台灣科技優息,194,29,165,華南永昌-高雄,2024-02-20,9303
00731,復華富時高息低波,120,0,120,華南永昌-高雄,2024-02-20,9303
3041,揚智,177,64,113,華南永昌-高雄,2024-02-20,9303
00680L,元大美債20正2,109,0,109,華南永昌-高雄,2024-02-20,9303
1806,冠軍,84,0,84,華南永昌-高雄,2024-02-20,9303
2323,中環,95,33,62,華南永昌-高雄,2024-02-20,9303
00933B,國泰10Y+金融債,59,0,59,華南永昌-高雄,2024-02-20,9303
3576,聯合再生,56,4,52,華南永昌-高雄,2024-02-20,9303
00679B,元大美債20年,54,3,51,華南永昌-高雄,2024-02-20,9303
8936,國統,75,28,47,華南永昌-高雄,2024-02-20,9303
2489,瑞軒,48,7,41,華南永昌-高雄,2024-02-20,9303
00720B,元大投資級公司債,37,0,37,華南永昌-高雄,2024-02-20,9303
2892,第一金,35,0,35,華南永昌-高雄,2024-02-20,9303
2617,台航,33,0,33,華南永昌-高雄,2024-02-20,9303
3231,緯創,53,20,33,華南永昌-高雄,2024-02-20,9303
2329,華泰,98,68,30,華南永昌-高雄,2024-02-20,9303
1337,再生-KY,29,1,28,華南永昌-高雄,2024-02-20,9303
1314,中石化,45,18,27,華南永昌-高雄,2024-02-20,9303
2641,正德,27,1,26,華南永昌-高雄,2024-02-20,9303
2007,燁興,25,0,25,華南永昌-高雄,2024-02-20,9303
3481,群創,38,14,24,華南永昌-高雄,2024-02-20,9303
00795B,中信美國公債20年,25,1,24,華南永昌-高雄,2024-02-20,9303
3047,訊舟,64,41,23,華南永昌-高雄,2024-02-20,9303
00712,復華富時不動產,23,1,22,華南永昌-高雄,2024-02-20,9303
2358,廷鑫,22,0,22,華南永昌-高雄,2024-02-20,9303
2880,華南金,23,1,22,華南永昌-高雄,2024-02-20,9303
1616,億泰,25,5,20,華南永昌-高雄,2024-02-20,9303
00632R,元大台灣50反1,20,0,20,華南永昌-高雄,2024-02-20,9303
1815,富喬,27,8,19,華南永昌-高雄,2024-02-20,9303
6901,鑽石投資,20,1,19,華南永昌-高雄,2024-02-20,9303
6126,信音,37,18,19,華南永昌-高雄,2024-02-20,9303
6108,競國,23,5,18,華南永昌-高雄,2024-02-20,9303
2409,友達,22,5,17,華南永昌-高雄,2024-02-20,9303
8429,金麗-KY,17,0,17,華南永昌-高雄,2024-02-20,9303
3607,谷崧,17,0,17,華南永昌-高雄,2024-02-20,9303
00918,大華優利高填息30,23,7,16,華南永昌-高雄,2024-02-20,9303
2515,中工,47,31,16,華南永昌-高雄,2024-02-20,9303
1312,國喬,31,15,16,華南永昌-高雄,2024-02-20,9303
8358,金居,16,0,16,華南永昌-高雄,2024-02-20,9303
1101,台泥,16,0,16,華南永昌-高雄,2024-02-20,9303
5490,同亨,17,1,16,華南永昌-高雄,2024-02-20,9303
4529,淳紳,15,0,15,華南永昌-高雄,2024-02-20,9303
2484,希華,19,4,15,華南永昌-高雄,2024-02-20,9303
00923,群益台ESG低碳50,16,1,15,華南永昌-高雄,2024-02-20,9303
2363,矽統,29,14,15,華南永昌-高雄,2024-02-20,9303
3321,同泰,19,5,14,華南永昌-高雄,2024-02-20,9303
00687B,國泰20年美債,14,0,14,華南永昌-高雄,2024-02-20,9303
6811,宏�硌穈T,21,8,13,華南永昌-高雄,2024-02-20,9303
3481,群創,226,4,222,華南永昌-高雄,2024-02-21,9303
00632R,元大台灣50反1,210,0,210,華南永昌-高雄,2024-02-21,9303
00933B,國泰10Y+金融債,124,3,121,華南永昌-高雄,2024-02-21,9303
2367,燿華,132,17,115,華南永昌-高雄,2024-02-21,9303
3321,同泰,115,2,113,華南永昌-高雄,2024-02-21,9303
00878,國泰永續高股息,129,30,99,華南永昌-高雄,2024-02-21,9303
8936,國統,101,19,82,華南永昌-高雄,2024-02-21,9303
00687B,國泰20年美債,79,0,79,華南永昌-高雄,2024-02-21,9303
3056,富華新,73,0,73,華南永昌-高雄,2024-02-21,9303
2405,輔信,70,1,69,華南永昌-高雄,2024-02-21,9303
00937B,群益ESG投等債20,74,14,60,華南永昌-高雄,2024-02-21,9303
00712,復華富時不動產,59,0,59,華南永昌-高雄,2024-02-21,9303
3231,緯創,97,42,55,華南永昌-高雄,2024-02-21,9303
2312,金寶,63,10,53,華南永昌-高雄,2024-02-21,9303
2913,農林,50,0,50,華南永昌-高雄,2024-02-21,9303
2884,玉山金,47,0,47,華南永昌-高雄,2024-02-21,9303
2303,聯電,51,8,43,華南永昌-高雄,2024-02-21,9303
2486,一詮,44,4,40,華南永昌-高雄,2024-02-21,9303
00688L,國泰20年美債正2,39,0,39,華南永昌-高雄,2024-02-21,9303
9105,泰金寶-DR,106,69,37,華南永昌-高雄,2024-02-21,9303
2484,希華,35,1,34,華南永昌-高雄,2024-02-21,9303
2409,友達,84,50,34,華南永昌-高雄,2024-02-21,9303
3545,敦泰,36,4,32,華南永昌-高雄,2024-02-21,9303
00638R,元大滬深300反1,30,0,30,華南永昌-高雄,2024-02-21,9303
5443,均豪,49,20,29,華南永昌-高雄,2024-02-21,9303
5381,合正,37,9,28,華南永昌-高雄,2024-02-21,9303
00830,國泰費城半導體,24,0,24,華南永昌-高雄,2024-02-21,9303
1609,大亞,29,5,24,華南永昌-高雄,2024-02-21,9303
2382,廣達,43,21,22,華南永昌-高雄,2024-02-21,9303
2323,中環,28,10,18,華南永昌-高雄,2024-02-21,9303
1409,新纖,19,2,17,華南永昌-高雄,2024-02-21,9303
2369,菱生,36,19,17,華南永昌-高雄,2024-02-21,9303
4714,永捷,30,14,16,華南永昌-高雄,2024-02-21,9303
2330,台積電,16,0,16,華南永昌-高雄,2024-02-21,9303
6156,松上,15,0,15,華南永昌-高雄,2024-02-21,9303
6785,昱展新藥,15,0,15,華南永昌-高雄,2024-02-21,9303
2615,萬海,26,11,15,華南永昌-高雄,2024-02-21,9303
4534,慶騰,16,1,15,華南永昌-高雄,2024-02-21,9303
1586,和勤,14,1,13,華南永昌-高雄,2024-02-21,9303
2358,廷鑫,13,0,13,華南永昌-高雄,2024-02-21,9303
8110,華東,31,18,13,華南永昌-高雄,2024-02-21,9303
00679B,元大美債20年,13,0,13,華南永昌-高雄,2024-02-21,9303
1314,中石化,14,2,12,華南永昌-高雄,2024-02-21,9303
5351,鈺創,13,1,12,華南永昌-高雄,2024-02-21,9303
2428,興勤,12,0,12,華南永昌-高雄,2024-02-21,9303
6684,安格,20,8,12,華南永昌-高雄,2024-02-21,9303
00919,群益台灣精選高息,107,95,12,華南永昌-高雄,2024-02-21,9303
1785,光洋科,18,7,11,華南永昌-高雄,2024-02-21,9303
4967,十銓,14,3,11,華南永昌-高雄,2024-02-21,9303
5880,合庫金,11,0,11,華南永昌-高雄,2024-02-21,9303
2409,友達,175,0,175,華南永昌-高雄,2024-02-22,9303
2913,農林,175,5,170,華南永昌-高雄,2024-02-22,9303
00687B,國泰20年美債,134,0,134,華南永昌-高雄,2024-02-22,9303
1316,上曜,157,51,106,華南永昌-高雄,2024-02-22,9303
00937B,群益ESG投等債20,132,40,92,華南永昌-高雄,2024-02-22,9303
1536,和大,93,2,91,華南永昌-高雄,2024-02-22,9303
6799,來頡,88,0,88,華南永昌-高雄,2024-02-22,9303
2329,華泰,172,95,77,華南永昌-高雄,2024-02-22,9303
00878,國泰永續高股息,107,30,77,華南永昌-高雄,2024-02-22,9303
3231,緯創,184,114,70,華南永昌-高雄,2024-02-22,9303
8936,國統,141,72,69,華南永昌-高雄,2024-02-22,9303
00933B,國泰10Y+金融債,63,0,63,華南永昌-高雄,2024-02-22,9303
00650L,復華香港正2,52,4,48,華南永昌-高雄,2024-02-22,9303
3227,原相,51,4,47,華南永昌-高雄,2024-02-22,9303
00679B,元大美債20年,44,0,44,華南永昌-高雄,2024-02-22,9303
9105,泰金寶-DR,49,6,43,華南永昌-高雄,2024-02-22,9303
6229,研通,41,0,41,華南永昌-高雄,2024-02-22,9303
8086,宏捷科,42,1,41,華南永昌-高雄,2024-02-22,9303
3010,華立,40,0,40,華南永昌-高雄,2024-02-22,9303
2014,中鴻,41,5,36,華南永昌-高雄,2024-02-22,9303
2356,英業達,83,48,35,華南永昌-高雄,2024-02-22,9303
4529,淳紳,35,0,35,華南永昌-高雄,2024-02-22,9303
3081,聯亞,44,11,33,華南永昌-高雄,2024-02-22,9303
6205,詮欣,32,0,32,華南永昌-高雄,2024-02-22,9303
8110,華東,37,5,32,華南永昌-高雄,2024-02-22,9303
2836,高雄銀,30,0,30,華南永昌-高雄,2024-02-22,9303
8092,建暐,30,0,30,華南永昌-高雄,2024-02-22,9303
1586,和勤,29,0,29,華南永昌-高雄,2024-02-22,9303
1806,冠軍,30,2,28,華南永昌-高雄,2024-02-22,9303
6207,雷科,34,7,27,華南永昌-高雄,2024-02-22,9303
6425,易發,36,9,27,華南永昌-高雄,2024-02-22,9303
2313,華通,238,211,27,華南永昌-高雄,2024-02-22,9303
2929,淘帝-KY,26,0,26,華南永昌-高雄,2024-02-22,9303
5315,光聯,27,1,26,華南永昌-高雄,2024-02-22,9303
00919,群益台灣精選高息,83,58,25,華南永昌-高雄,2024-02-22,9303
3047,訊舟,45,21,24,華南永昌-高雄,2024-02-22,9303
1432,大魯閣,25,3,22,華南永昌-高雄,2024-02-22,9303
6672,騰輝電子-KY,22,0,22,華南永昌-高雄,2024-02-22,9303
8011,台通,42,20,22,華南永昌-高雄,2024-02-22,9303
00632R,元大台灣50反1,21,0,21,華南永昌-高雄,2024-02-22,9303
3013,晟銘電,28,7,21,華南永昌-高雄,2024-02-22,9303
6901,鑽石投資,20,0,20,華南永昌-高雄,2024-02-22,9303
00665L,富邦�琤肭磪囓�2,22,2,20,華南永昌-高雄,2024-02-22,9303
6226,光鼎,20,0,20,華南永昌-高雄,2024-02-22,9303
00795B,中信美國公債20年,19,0,19,華南永昌-高雄,2024-02-22,9303
6108,競國,20,2,18,華南永昌-高雄,2024-02-22,9303
3402,漢科,21,3,18,華南永昌-高雄,2024-02-22,9303
3354,律勝,24,7,17,華南永昌-高雄,2024-02-22,9303
1323,永裕,17,0,17,華南永昌-高雄,2024-02-22,9303
6168,宏齊,24,7,17,華南永昌-高雄,2024-02-22,9303
2880,華南金,301,2,299,華南永昌-高雄,2024-02-23,9303
2618,長榮航,222,5,217,華南永昌-高雄,2024-02-23,9303
00937B,群益ESG投等債20,172,7,165,華南永昌-高雄,2024-02-23,9303
1806,冠軍,144,15,129,華南永昌-高雄,2024-02-23,9303
00919,群益台灣精選高息,207,83,124,華南永昌-高雄,2024-02-23,9303
2363,矽統,90,10,80,華南永昌-高雄,2024-02-23,9303
5392,能率,69,0,69,華南永昌-高雄,2024-02-23,9303
2609,陽明,69,16,53,華南永昌-高雄,2024-02-23,9303
00935,野村臺灣新科技50,103,52,51,華南永昌-高雄,2024-02-23,9303
3591,艾笛森,50,0,50,華南永昌-高雄,2024-02-23,9303
3689,湧德,58,13,45,華南永昌-高雄,2024-02-23,9303
2489,瑞軒,70,27,43,華南永昌-高雄,2024-02-23,9303
00679B,元大美債20年,42,0,42,華南永昌-高雄,2024-02-23,9303
3481,群創,86,45,41,華南永昌-高雄,2024-02-23,9303
2641,正德,45,6,39,華南永昌-高雄,2024-02-23,9303
00933B,國泰10Y+金融債,49,11,38,華南永昌-高雄,2024-02-23,9303
6141,柏承,36,2,34,華南永昌-高雄,2024-02-23,9303
3231,緯創,82,48,34,華南永昌-高雄,2024-02-23,9303
00687B,國泰20年美債,33,0,33,華南永昌-高雄,2024-02-23,9303
2888,新光金,37,5,32,華南永昌-高雄,2024-02-23,9303
2206,三陽工業,36,6,30,華南永昌-高雄,2024-02-23,9303
00720B,元大投資級公司債,33,3,30,華南永昌-高雄,2024-02-23,9303
2303,聯電,51,22,29,華南永昌-高雄,2024-02-23,9303
8064,東捷,42,14,28,華南永昌-高雄,2024-02-23,9303
4714,永捷,45,17,28,華南永昌-高雄,2024-02-23,9303
2329,華泰,200,174,26,華南永昌-高雄,2024-02-23,9303
2014,中鴻,26,0,26,華南永昌-高雄,2024-02-23,9303
00632R,元大台灣50反1,42,16,26,華南永昌-高雄,2024-02-23,9303
6229,研通,25,0,25,華南永昌-高雄,2024-02-23,9303
8105,凌巨,27,3,24,華南永昌-高雄,2024-02-23,9303
2408,南亞科,24,0,24,華南永昌-高雄,2024-02-23,9303
6167,久正,29,7,22,華南永昌-高雄,2024-02-23,9303
3227,原相,33,11,22,華南永昌-高雄,2024-02-23,9303
6275,元山,28,6,22,華南永昌-高雄,2024-02-23,9303
6189,豐藝,31,10,21,華南永昌-高雄,2024-02-23,9303
4542,科嶠,21,0,21,華南永昌-高雄,2024-02-23,9303
5347,世界,31,11,20,華南永昌-高雄,2024-02-23,9303
1339,昭輝,20,0,20,華南永昌-高雄,2024-02-23,9303
1736,喬山,20,0,20,華南永昌-高雄,2024-02-23,9303
4904,遠傳,20,0,20,華南永昌-高雄,2024-02-23,9303
1513,中興電,122,103,19,華南永昌-高雄,2024-02-23,9303
3047,訊舟,51,32,19,華南永昌-高雄,2024-02-23,9303
2884,玉山金,28,10,18,華南永昌-高雄,2024-02-23,9303
3036,文曄,25,7,18,華南永昌-高雄,2024-02-23,9303
3380,明泰,111,93,18,華南永昌-高雄,2024-02-23,9303
6282,康舒,31,14,17,華南永昌-高雄,2024-02-23,9303
3017,奇鋐,20,4,16,華南永昌-高雄,2024-02-23,9303
3211,順達,15,0,15,華南永昌-高雄,2024-02-23,9303
00680L,元大美債20正2,15,0,15,華南永昌-高雄,2024-02-23,9303
2897,王道銀行,20,5,15,華南永昌-高雄,2024-02-23,9303
00878,國泰永續高股息,274,37,237,華南永昌-高雄,2024-02-26,9303
1316,上曜,207,15,192,華南永昌-高雄,2024-02-26,9303
00937B,群益ESG投等債20,202,33,169,華南永昌-高雄,2024-02-26,9303
2812,台中銀,136,26,110,華南永昌-高雄,2024-02-26,9303
2495,普安,95,9,86,華南永昌-高雄,2024-02-26,9303
2882,國泰金,110,25,85,華南永昌-高雄,2024-02-26,9303
6219,富旺,166,81,85,華南永昌-高雄,2024-02-26,9303
3450,聯鈞,85,8,77,華南永昌-高雄,2024-02-26,9303
2329,華泰,152,77,75,華南永昌-高雄,2024-02-26,9303
2355,敬鵬,83,15,68,華南永昌-高雄,2024-02-26,9303
6462,神盾,71,3,68,華南永昌-高雄,2024-02-26,9303
00680L,元大美債20正2,64,6,58,華南永昌-高雄,2024-02-26,9303
2409,友達,54,0,54,華南永昌-高雄,2024-02-26,9303
2449,京元電子,61,9,52,華南永昌-高雄,2024-02-26,9303
8050,廣積,60,11,49,華南永昌-高雄,2024-02-26,9303
3047,訊舟,73,25,48,華南永昌-高雄,2024-02-26,9303
00715L,期街口布蘭特正2,67,20,47,華南永昌-高雄,2024-02-26,9303
00795B,中信美國公債20年,47,1,46,華南永昌-高雄,2024-02-26,9303
00673R,期元大S＆P原油反1,50,10,40,華南永昌-高雄,2024-02-26,9303
5381,合正,60,21,39,華南永昌-高雄,2024-02-26,9303
2489,瑞軒,42,3,39,華南永昌-高雄,2024-02-26,9303
2884,玉山金,60,22,38,華南永昌-高雄,2024-02-26,9303
4147,中裕,49,11,38,華南永昌-高雄,2024-02-26,9303
2615,萬海,40,3,37,華南永昌-高雄,2024-02-26,9303
00679B,元大美債20年,52,16,36,華南永昌-高雄,2024-02-26,9303
5234,達興材料,36,1,35,華南永昌-高雄,2024-02-26,9303
00632R,元大台灣50反1,35,0,35,華南永昌-高雄,2024-02-26,9303
1710,東聯,38,7,31,華南永昌-高雄,2024-02-26,9303
00712,復華富時不動產,30,0,30,華南永昌-高雄,2024-02-26,9303
2369,菱生,29,1,28,華南永昌-高雄,2024-02-26,9303
00637L,元大滬深300正2,34,6,28,華南永昌-高雄,2024-02-26,9303
4588,玖鼎電力,27,0,27,華南永昌-高雄,2024-02-26,9303
6126,信音,34,8,26,華南永昌-高雄,2024-02-26,9303
1795,美時,34,9,25,華南永昌-高雄,2024-02-26,9303
2460,建通,24,1,23,華南永昌-高雄,2024-02-26,9303
3035,智原,24,2,22,華南永昌-高雄,2024-02-26,9303
1216,統一,25,3,22,華南永昌-高雄,2024-02-26,9303
2515,中工,21,0,21,華南永昌-高雄,2024-02-26,9303
6416,瑞祺電通,26,5,21,華南永昌-高雄,2024-02-26,9303
8942,森鉅,21,0,21,華南永昌-高雄,2024-02-26,9303
2606,裕民,29,8,21,華南永昌-高雄,2024-02-26,9303
2892,第一金,21,0,21,華南永昌-高雄,2024-02-26,9303
4556,旭然,20,0,20,華南永昌-高雄,2024-02-26,9303
4908,前鼎,65,45,20,華南永昌-高雄,2024-02-26,9303
1503,士電,79,59,20,華南永昌-高雄,2024-02-26,9303
1608,華榮,23,4,19,華南永昌-高雄,2024-02-26,9303
00688L,國泰20年美債正2,25,6,19,華南永昌-高雄,2024-02-26,9303
3588,通嘉,22,3,19,華南永昌-高雄,2024-02-26,9303
1586,和勤,27,9,18,華南永昌-高雄,2024-02-26,9303
6153,嘉聯益,20,2,18,華南永昌-高雄,2024-02-26,9303
2884,玉山金,294,1,293,華南永昌-高雄,2024-02-27,9303
00878,國泰永續高股息,300,41,259,華南永昌-高雄,2024-02-27,9303
00937B,群益ESG投等債20,217,65,152,華南永昌-高雄,2024-02-27,9303
1316,上曜,152,14,138,華南永昌-高雄,2024-02-27,9303
00935,野村臺灣新科技50,98,0,98,華南永昌-高雄,2024-02-27,9303
00919,群益台灣精選高息,134,52,82,華南永昌-高雄,2024-02-27,9303
00933B,國泰10Y+金融債,74,1,73,華南永昌-高雄,2024-02-27,9303
3010,華立,108,40,68,華南永昌-高雄,2024-02-27,9303
2809,京城銀,65,2,63,華南永昌-高雄,2024-02-27,9303
4973,廣穎,93,32,61,華南永昌-高雄,2024-02-27,9303
2301,光寶科,77,17,60,華南永昌-高雄,2024-02-27,9303
6125,廣運,112,55,57,華南永昌-高雄,2024-02-27,9303
6237,驊訊,109,52,57,華南永昌-高雄,2024-02-27,9303
1711,永光,78,22,56,華南永昌-高雄,2024-02-27,9303
00687B,國泰20年美債,52,0,52,華南永昌-高雄,2024-02-27,9303
1789,神隆,52,0,52,華南永昌-高雄,2024-02-27,9303
6416,瑞祺電通,50,0,50,華南永昌-高雄,2024-02-27,9303
4534,慶騰,52,2,50,華南永昌-高雄,2024-02-27,9303
2405,輔信,102,57,45,華南永昌-高雄,2024-02-27,9303
00712,復華富時不動產,44,1,43,華南永昌-高雄,2024-02-27,9303
8463,潤泰材,43,0,43,華南永昌-高雄,2024-02-27,9303
6116,彩晶,40,0,40,華南永昌-高雄,2024-02-27,9303
8096,擎亞,52,16,36,華南永昌-高雄,2024-02-27,9303
00795B,中信美國公債20年,36,2,34,華南永昌-高雄,2024-02-27,9303
9105,泰金寶-DR,36,2,34,華南永昌-高雄,2024-02-27,9303
3231,緯創,88,56,32,華南永昌-高雄,2024-02-27,9303
3689,湧德,65,33,32,華南永昌-高雄,2024-02-27,9303
2408,南亞科,33,3,30,華南永昌-高雄,2024-02-27,9303
2888,新光金,34,4,30,華南永昌-高雄,2024-02-27,9303
2359,所羅門,40,10,30,華南永昌-高雄,2024-02-27,9303
4556,旭然,30,0,30,華南永昌-高雄,2024-02-27,9303
2409,友達,29,0,29,華南永昌-高雄,2024-02-27,9303
6229,研通,29,0,29,華南永昌-高雄,2024-02-27,9303
4909,新復興,57,29,28,華南永昌-高雄,2024-02-27,9303
3037,欣興,50,23,27,華南永昌-高雄,2024-02-27,9303
00770,國泰北美科技,30,3,27,華南永昌-高雄,2024-02-27,9303
2495,普安,25,0,25,華南永昌-高雄,2024-02-27,9303
6901,鑽石投資,30,5,25,華南永昌-高雄,2024-02-27,9303
2460,建通,35,11,24,華南永昌-高雄,2024-02-27,9303
2462,良得電,22,0,22,華南永昌-高雄,2024-02-27,9303
3499,環天科,21,0,21,華南永昌-高雄,2024-02-27,9303
00706L,期元大S＆P日圓正2,20,0,20,華南永昌-高雄,2024-02-27,9303
6712,長聖,30,10,20,華南永昌-高雄,2024-02-27,9303
00891,中信關鍵半導體,21,1,20,華南永昌-高雄,2024-02-27,9303
00696B,富邦美債20年,20,0,20,華南永昌-高雄,2024-02-27,9303
6243,迅杰,22,2,20,華南永昌-高雄,2024-02-27,9303
2801,彰銀,20,0,20,華南永昌-高雄,2024-02-27,9303
3530,晶相光,27,8,19,華南永昌-高雄,2024-02-27,9303
6122,擎邦,24,5,19,華南永昌-高雄,2024-02-27,9303
2834,臺企銀,36,17,19,華南永昌-高雄,2024-02-27,9303
3372,典範,221,0,221,華南永昌-高雄,2024-02-29,9303
00929,復華台灣科技優息,166,21,145,華南永昌-高雄,2024-02-29,9303
1101,台泥,111,5,106,華南永昌-高雄,2024-02-29,9303
5202,力新,104,2,102,華南永昌-高雄,2024-02-29,9303
2409,友達,107,6,101,華南永昌-高雄,2024-02-29,9303
2367,燿華,183,82,101,華南永昌-高雄,2024-02-29,9303
00937B,群益ESG投等債20,90,4,86,華南永昌-高雄,2024-02-29,9303
2617,台航,88,2,86,華南永昌-高雄,2024-02-29,9303
1810,和成,60,0,60,華南永昌-高雄,2024-02-29,9303
4402,郡都開發,50,0,50,華南永昌-高雄,2024-02-29,9303
00753L,中信中國50正2,52,2,50,華南永昌-高雄,2024-02-29,9303
8936,國統,323,282,41,華南永昌-高雄,2024-02-29,9303
2329,華泰,87,47,40,華南永昌-高雄,2024-02-29,9303
8463,潤泰材,39,0,39,華南永昌-高雄,2024-02-29,9303
00933B,國泰10Y+金融債,38,0,38,華南永昌-高雄,2024-02-29,9303
1795,美時,35,1,34,華南永昌-高雄,2024-02-29,9303
00638R,元大滬深300反1,30,0,30,華南永昌-高雄,2024-02-29,9303
3321,同泰,29,0,29,華南永昌-高雄,2024-02-29,9303
2801,彰銀,35,8,27,華南永昌-高雄,2024-02-29,9303
1711,永光,30,4,26,華南永昌-高雄,2024-02-29,9303
00712,復華富時不動產,25,0,25,華南永昌-高雄,2024-02-29,9303
4526,東台,24,0,24,華南永昌-高雄,2024-02-29,9303
6185,幃翔,24,1,23,華南永昌-高雄,2024-02-29,9303
3312,弘憶股,25,3,22,華南永昌-高雄,2024-02-29,9303
00919,群益台灣精選高息,78,56,22,華南永昌-高雄,2024-02-29,9303
00687B,國泰20年美債,37,15,22,華南永昌-高雄,2024-02-29,9303
00679B,元大美債20年,25,3,22,華南永昌-高雄,2024-02-29,9303
4534,慶騰,64,42,22,華南永昌-高雄,2024-02-29,9303
5488,松普,21,0,21,華南永昌-高雄,2024-02-29,9303
2301,光寶科,39,19,20,華南永昌-高雄,2024-02-29,9303
2838,聯邦銀,20,0,20,華南永昌-高雄,2024-02-29,9303
2201,裕隆,23,5,18,華南永昌-高雄,2024-02-29,9303
6278,台表科,20,3,17,華南永昌-高雄,2024-02-29,9303
2002,中鋼,18,2,16,華南永昌-高雄,2024-02-29,9303
6120,達運,17,1,16,華南永昌-高雄,2024-02-29,9303
00665L,富邦�琤肭磪囓�2,17,1,16,華南永昌-高雄,2024-02-29,9303
6128,上福,16,0,16,華南永昌-高雄,2024-02-29,9303
6770,力積電,19,3,16,華南永昌-高雄,2024-02-29,9303
9945,潤泰新,16,0,16,華南永昌-高雄,2024-02-29,9303
2303,聯電,24,9,15,華南永昌-高雄,2024-02-29,9303
6161,捷波,20,5,15,華南永昌-高雄,2024-02-29,9303
00688L,國泰20年美債正2,15,0,15,華南永昌-高雄,2024-02-29,9303
00673R,期元大S＆P原油反1,15,0,15,華南永昌-高雄,2024-02-29,9303
5292,華懋,15,0,15,華南永昌-高雄,2024-02-29,9303
6835,圓裕,15,0,15,華南永昌-高雄,2024-02-29,9303
2421,建準,25,11,14,華南永昌-高雄,2024-02-29,9303
6217,中探針,14,0,14,華南永昌-高雄,2024-02-29,9303
5452,佶優,72,58,14,華南永昌-高雄,2024-02-29,9303
2324,仁寶,27,13,14,華南永昌-高雄,2024-02-29,9303
6126,信音,24,11,13,華南永昌-高雄,2024-02-29,9303
00919,群益台灣精選高息,438,28,410,華南永昌-高雄,2024-03-01,9303
1316,上曜,583,244,339,華南永昌-高雄,2024-03-01,9303
6005,群益證,283,0,283,華南永昌-高雄,2024-03-01,9303
2409,友達,250,0,250,華南永昌-高雄,2024-03-01,9303
00918,大華優利高填息30,200,12,188,華南永昌-高雄,2024-03-01,9303
3481,群創,159,8,151,華南永昌-高雄,2024-03-01,9303
6128,上福,126,0,126,華南永昌-高雄,2024-03-01,9303
6288,聯嘉,232,114,118,華南永昌-高雄,2024-03-01,9303
00922,國泰台灣領袖50,104,0,104,華南永昌-高雄,2024-03-01,9303
00680L,元大美債20正2,100,0,100,華南永昌-高雄,2024-03-01,9303
2399,映泰,176,81,95,華南永昌-高雄,2024-03-01,9303
00712,復華富時不動產,94,0,94,華南永昌-高雄,2024-03-01,9303
2605,新興,88,11,77,華南永昌-高雄,2024-03-01,9303
6462,神盾,89,23,66,華南永昌-高雄,2024-03-01,9303
00687B,國泰20年美債,65,0,65,華南永昌-高雄,2024-03-01,9303
6761,穩得,59,0,59,華南永昌-高雄,2024-03-01,9303
4526,東台,62,8,54,華南永昌-高雄,2024-03-01,9303
6290,良維,61,9,52,華南永昌-高雄,2024-03-01,9303
1513,中興電,126,79,47,華南永昌-高雄,2024-03-01,9303
00720B,元大投資級公司債,49,3,46,華南永昌-高雄,2024-03-01,9303
1342,八貫,49,4,45,華南永昌-高雄,2024-03-01,9303
2002,中鋼,55,11,44,華南永昌-高雄,2024-03-01,9303
2313,華通,50,9,41,華南永昌-高雄,2024-03-01,9303
3227,原相,40,0,40,華南永昌-高雄,2024-03-01,9303
4303,信立,54,17,37,華南永昌-高雄,2024-03-01,9303
00937B,群益ESG投等債20,126,90,36,華南永昌-高雄,2024-03-01,9303
00935,野村臺灣新科技50,35,0,35,華南永昌-高雄,2024-03-01,9303
8085,福華,92,58,34,華南永昌-高雄,2024-03-01,9303
9105,泰金寶-DR,33,0,33,華南永昌-高雄,2024-03-01,9303
3516,亞帝歐,32,0,32,華南永昌-高雄,2024-03-01,9303
3321,同泰,29,0,29,華南永昌-高雄,2024-03-01,9303
6242,立康,27,0,27,華南永昌-高雄,2024-03-01,9303
2880,華南金,22,0,22,華南永昌-高雄,2024-03-01,9303
5009,榮剛,27,5,22,華南永昌-高雄,2024-03-01,9303
2486,一詮,49,29,20,華南永昌-高雄,2024-03-01,9303
1609,大亞,56,36,20,華南永昌-高雄,2024-03-01,9303
00673R,期元大S＆P原油反1,20,0,20,華南永昌-高雄,2024-03-01,9303
00638R,元大滬深300反1,20,0,20,華南永昌-高雄,2024-03-01,9303
8936,國統,197,179,18,華南永昌-高雄,2024-03-01,9303
6122,擎邦,23,5,18,華南永昌-高雄,2024-03-01,9303
020031,統一IC設計臺灣N,20,3,17,華南永昌-高雄,2024-03-01,9303
1434,福懋,16,0,16,華南永昌-高雄,2024-03-01,9303
6112,邁達特,21,5,16,華南永昌-高雄,2024-03-01,9303
0056,元大高股息,18,3,15,華南永昌-高雄,2024-03-01,9303
2887,台新金,21,6,15,華南永昌-高雄,2024-03-01,9303
1519,華城,15,0,15,華南永昌-高雄,2024-03-01,9303
6442,光聖,15,1,14,華南永昌-高雄,2024-03-01,9303
6125,廣運,67,53,14,華南永昌-高雄,2024-03-01,9303
00679B,元大美債20年,14,0,14,華南永昌-高雄,2024-03-01,9303
6120,達運,14,1,13,華南永昌-高雄,2024-03-01,9303
2836,高雄銀,750,0,750,華南永昌-高雄,2024-03-04,9303
00632R,元大台灣50反1,214,0,214,華南永昌-高雄,2024-03-04,9303
00918,大華優利高填息30,159,7,152,華南永昌-高雄,2024-03-04,9303
1815,富喬,138,0,138,華南永昌-高雄,2024-03-04,9303
2476,鉅祥,136,3,133,華南永昌-高雄,2024-03-04,9303
00915,凱基優選高股息30,119,2,117,華南永昌-高雄,2024-03-04,9303
00937B,群益ESG投等債20,102,2,100,華南永昌-高雄,2024-03-04,9303
2419,仲琦,91,8,83,華南永昌-高雄,2024-03-04,9303
00919,群益台灣精選高息,143,63,80,華南永昌-高雄,2024-03-04,9303
3231,緯創,83,11,72,華南永昌-高雄,2024-03-04,9303
2605,新興,80,11,69,華南永昌-高雄,2024-03-04,9303
7402,邑錡,64,7,57,華南永昌-高雄,2024-03-04,9303
8936,國統,66,10,56,華南永昌-高雄,2024-03-04,9303
2104,國際中橡,54,0,54,華南永昌-高雄,2024-03-04,9303
1609,大亞,67,14,53,華南永昌-高雄,2024-03-04,9303
00687B,國泰20年美債,73,21,52,華南永昌-高雄,2024-03-04,9303
2884,玉山金,62,12,50,華南永昌-高雄,2024-03-04,9303
6770,力積電,67,25,42,華南永昌-高雄,2024-03-04,9303
2101,南港,40,0,40,華南永昌-高雄,2024-03-04,9303
2363,矽統,63,25,38,華南永昌-高雄,2024-03-04,9303
00882,中信中國高股息,49,13,36,華南永昌-高雄,2024-03-04,9303
00933B,國泰10Y+金融債,45,10,35,華南永昌-高雄,2024-03-04,9303
00636,國泰中國A50,51,18,33,華南永昌-高雄,2024-03-04,9303
2543,皇昌,33,0,33,華南永昌-高雄,2024-03-04,9303
2002,中鋼,55,23,32,華南永昌-高雄,2024-03-04,9303
3592,瑞鼎,34,2,32,華南永昌-高雄,2024-03-04,9303
911608,明輝-DR,31,0,31,華南永昌-高雄,2024-03-04,9303
3005,神基,35,4,31,華南永昌-高雄,2024-03-04,9303
2471,資通,30,0,30,華南永昌-高雄,2024-03-04,9303
3321,同泰,30,0,30,華南永昌-高雄,2024-03-04,9303
3356,奇偶,52,25,27,華南永昌-高雄,2024-03-04,9303
3163,波若威,42,16,26,華南永昌-高雄,2024-03-04,9303
2489,瑞軒,26,0,26,華南永昌-高雄,2024-03-04,9303
2206,三陽工業,25,2,23,華南永昌-高雄,2024-03-04,9303
5234,達興材料,58,36,22,華南永昌-高雄,2024-03-04,9303
2610,華航,22,1,21,華南永昌-高雄,2024-03-04,9303
3360,尚立,30,9,21,華南永昌-高雄,2024-03-04,9303
00679B,元大美債20年,24,4,20,華南永昌-高雄,2024-03-04,9303
2888,新光金,41,21,20,華南永昌-高雄,2024-03-04,9303
2897,王道銀行,20,0,20,華南永昌-高雄,2024-03-04,9303
3066,李洲,20,0,20,華南永昌-高雄,2024-03-04,9303
1616,億泰,20,0,20,華南永昌-高雄,2024-03-04,9303
5251,天鉞電,22,2,20,華南永昌-高雄,2024-03-04,9303
1513,中興電,105,86,19,華南永昌-高雄,2024-03-04,9303
6167,久正,22,3,19,華南永昌-高雄,2024-03-04,9303
3297,杭特,23,4,19,華南永昌-高雄,2024-03-04,9303
2606,裕民,48,29,19,華南永昌-高雄,2024-03-04,9303
3264,欣銓,29,11,18,華南永昌-高雄,2024-03-04,9303
8147,正淩,20,3,17,華南永昌-高雄,2024-03-04,9303
2887,台新金,17,0,17,華南永昌-高雄,2024-03-04,9303
00919,群益台灣精選高息,222,53,169,華南永昌-高雄,2024-03-05,9303
1409,新纖,178,26,152,華南永昌-高雄,2024-03-05,9303
2882,國泰金,165,14,151,華南永昌-高雄,2024-03-05,9303
00712,復華富時不動產,115,0,115,華南永昌-高雄,2024-03-05,9303
2880,華南金,107,5,102,華南永昌-高雄,2024-03-05,9303
3708,上緯投控,103,2,101,華南永昌-高雄,2024-03-05,9303
00937B,群益ESG投等債20,96,5,91,華南永昌-高雄,2024-03-05,9303
00665L,富邦�琤肭磪囓�2,83,3,80,華南永昌-高雄,2024-03-05,9303
6235,華孚,107,29,78,華南永昌-高雄,2024-03-05,9303
2881,富邦金,75,0,75,華南永昌-高雄,2024-03-05,9303
2344,華邦電,72,0,72,華南永昌-高雄,2024-03-05,9303
2609,陽明,84,15,69,華南永昌-高雄,2024-03-05,9303
1712,興農,69,1,68,華南永昌-高雄,2024-03-05,9303
8942,森鉅,60,1,59,華南永昌-高雄,2024-03-05,9303
2340,台亞,61,6,55,華南永昌-高雄,2024-03-05,9303
00915,凱基優選高股息30,52,0,52,華南永昌-高雄,2024-03-05,9303
2409,友達,62,10,52,華南永昌-高雄,2024-03-05,9303
2888,新光金,53,3,50,華南永昌-高雄,2024-03-05,9303
2615,萬海,50,1,49,華南永昌-高雄,2024-03-05,9303
5864,致和證,49,0,49,華南永昌-高雄,2024-03-05,9303
2801,彰銀,54,6,48,華南永昌-高雄,2024-03-05,9303
3312,弘憶股,53,6,47,華南永昌-高雄,2024-03-05,9303
00753L,中信中國50正2,44,0,44,華南永昌-高雄,2024-03-05,9303
6591,動力-KY,49,5,44,華南永昌-高雄,2024-03-05,9303
2892,第一金,41,0,41,華南永昌-高雄,2024-03-05,9303
2897,王道銀行,40,0,40,華南永昌-高雄,2024-03-05,9303
2002,中鋼,49,9,40,華南永昌-高雄,2024-03-05,9303
2324,仁寶,55,17,38,華南永昌-高雄,2024-03-05,9303
3530,晶相光,34,0,34,華南永昌-高雄,2024-03-05,9303
6218,豪勉,41,9,32,華南永昌-高雄,2024-03-05,9303
8473,山林水,31,0,31,華南永昌-高雄,2024-03-05,9303
00918,大華優利高填息30,122,92,30,華南永昌-高雄,2024-03-05,9303
8112,至上,31,1,30,華南永昌-高雄,2024-03-05,9303
1795,美時,30,1,29,華南永昌-高雄,2024-03-05,9303
5880,合庫金,29,1,28,華南永昌-高雄,2024-03-05,9303
6770,力積電,37,10,27,華南永昌-高雄,2024-03-05,9303
4402,郡都開發,32,5,27,華南永昌-高雄,2024-03-05,9303
3234,光環,27,0,27,華南永昌-高雄,2024-03-05,9303
8054,安國,30,4,26,華南永昌-高雄,2024-03-05,9303
8027,鈦昇,31,5,26,華南永昌-高雄,2024-03-05,9303
2471,資通,26,0,26,華南永昌-高雄,2024-03-05,9303
2460,建通,30,5,25,華南永昌-高雄,2024-03-05,9303
2605,新興,43,18,25,華南永昌-高雄,2024-03-05,9303
2637,慧洋-KY,25,1,24,華南永昌-高雄,2024-03-05,9303
1240,茂生農經,24,0,24,華南永昌-高雄,2024-03-05,9303
3027,盛達,25,2,23,華南永昌-高雄,2024-03-05,9303
00687B,國泰20年美債,27,6,21,華南永昌-高雄,2024-03-05,9303
2337,旺宏,21,0,21,華南永昌-高雄,2024-03-05,9303
2887,台新金,21,0,21,華南永昌-高雄,2024-03-05,9303
4906,正文,51,30,21,華南永昌-高雄,2024-03-05,9303
2836,高雄銀,265,13,252,華南永昌-高雄,2024-03-06,9303
00919,群益台灣精選高息,296,52,244,華南永昌-高雄,2024-03-06,9303
1339,昭輝,140,0,140,華南永昌-高雄,2024-03-06,9303
2323,中環,163,49,114,華南永昌-高雄,2024-03-06,9303
1316,上曜,226,120,106,華南永昌-高雄,2024-03-06,9303
5521,工信,313,233,80,華南永昌-高雄,2024-03-06,9303
1303,南亞,74,0,74,華南永昌-高雄,2024-03-06,9303
5452,佶優,84,16,68,華南永昌-高雄,2024-03-06,9303
8087,麗升能源,59,2,57,華南永昌-高雄,2024-03-06,9303
2886,兆豐金,60,6,54,華南永昌-高雄,2024-03-06,9303
6591,動力-KY,61,7,54,華南永昌-高雄,2024-03-06,9303
00770,國泰北美科技,53,0,53,華南永昌-高雄,2024-03-06,9303
8011,台通,199,146,53,華南永昌-高雄,2024-03-06,9303
3481,群創,57,5,52,華南永昌-高雄,2024-03-06,9303
00882,中信中國高股息,56,5,51,華南永昌-高雄,2024-03-06,9303
3231,緯創,61,15,46,華南永昌-高雄,2024-03-06,9303
00830,國泰費城半導體,46,0,46,華南永昌-高雄,2024-03-06,9303
00918,大華優利高填息30,109,65,44,華南永昌-高雄,2024-03-06,9303
3564,其陽,43,0,43,華南永昌-高雄,2024-03-06,9303
2486,一詮,66,25,41,華南永昌-高雄,2024-03-06,9303
3689,湧德,77,37,40,華南永昌-高雄,2024-03-06,9303
5234,達興材料,40,0,40,華南永昌-高雄,2024-03-06,9303
2425,承啟,57,21,36,華南永昌-高雄,2024-03-06,9303
1815,富喬,63,30,33,華南永昌-高雄,2024-03-06,9303
2002,中鋼,34,2,32,華南永昌-高雄,2024-03-06,9303
2329,華泰,78,46,32,華南永昌-高雄,2024-03-06,9303
00915,凱基優選高股息30,31,1,30,華南永昌-高雄,2024-03-06,9303
00666R,富邦�琤肭磪齯�1,30,0,30,華南永昌-高雄,2024-03-06,9303
6179,亞通,30,1,29,華南永昌-高雄,2024-03-06,9303
1101,台泥,28,0,28,華南永昌-高雄,2024-03-06,9303
8054,安國,32,6,26,華南永昌-高雄,2024-03-06,9303
00933B,國泰10Y+金融債,37,11,26,華南永昌-高雄,2024-03-06,9303
2476,鉅祥,48,23,25,華南永昌-高雄,2024-03-06,9303
2615,萬海,25,0,25,華南永昌-高雄,2024-03-06,9303
6695,芯鼎,32,7,25,華南永昌-高雄,2024-03-06,9303
6126,信音,43,19,24,華南永昌-高雄,2024-03-06,9303
2618,長榮航,24,0,24,華南永昌-高雄,2024-03-06,9303
3362,先進光,24,0,24,華南永昌-高雄,2024-03-06,9303
2365,昆盈,37,14,23,華南永昌-高雄,2024-03-06,9303
5488,松普,99,77,22,華南永昌-高雄,2024-03-06,9303
3325,旭品,51,29,22,華南永昌-高雄,2024-03-06,9303
00632R,元大台灣50反1,25,4,21,華南永昌-高雄,2024-03-06,9303
2352,佳世達,26,6,20,華南永昌-高雄,2024-03-06,9303
00638R,元大滬深300反1,20,0,20,華南永昌-高雄,2024-03-06,9303
00671R,富邦NASDAQ反1,20,0,20,華南永昌-高雄,2024-03-06,9303
9946,三發地產,20,0,20,華南永昌-高雄,2024-03-06,9303
2363,矽統,28,9,19,華南永昌-高雄,2024-03-06,9303
2498,宏達電,19,1,18,華南永昌-高雄,2024-03-06,9303
00679B,元大美債20年,18,0,18,華南永昌-高雄,2024-03-06,9303
2516,新建,20,2,18,華南永昌-高雄,2024-03-06,9303
2836,高雄銀,335,10,325,華南永昌-高雄,2024-03-07,9303
00919,群益台灣精選高息,344,87,257,華南永昌-高雄,2024-03-07,9303
00632R,元大台灣50反1,243,0,243,華南永昌-高雄,2024-03-07,9303
00929,復華台灣科技優息,395,161,234,華南永昌-高雄,2024-03-07,9303
00937B,群益ESG投等債20,503,272,231,華南永昌-高雄,2024-03-07,9303
2547,日勝生,228,51,177,華南永昌-高雄,2024-03-07,9303
6591,動力-KY,209,45,164,華南永昌-高雄,2024-03-07,9303
8936,國統,152,16,136,華南永昌-高雄,2024-03-07,9303
2890,永豐金,181,62,119,華南永昌-高雄,2024-03-07,9303
00935,野村臺灣新科技50,105,1,104,華南永昌-高雄,2024-03-07,9303
2881,富邦金,93,11,82,華南永昌-高雄,2024-03-07,9303
2889,國票金,101,22,79,華南永昌-高雄,2024-03-07,9303
8034,榮群,87,9,78,華南永昌-高雄,2024-03-07,9303
2363,矽統,92,26,66,華南永昌-高雄,2024-03-07,9303
3163,波若威,132,70,62,華南永昌-高雄,2024-03-07,9303
3231,緯創,115,59,56,華南永昌-高雄,2024-03-07,9303
00927,群益半導體收益,54,1,53,華南永昌-高雄,2024-03-07,9303
3481,群創,58,12,46,華南永昌-高雄,2024-03-07,9303
6237,驊訊,62,16,46,華南永昌-高雄,2024-03-07,9303
2515,中工,56,15,41,華南永昌-高雄,2024-03-07,9303
3294,英濟,42,2,40,華南永昌-高雄,2024-03-07,9303
00674R,期元大S＆P黃金反1,40,0,40,華南永昌-高雄,2024-03-07,9303
2706,第一店,40,0,40,華南永昌-高雄,2024-03-07,9303
6142,友勁,37,0,37,華南永昌-高雄,2024-03-07,9303
2460,建通,36,0,36,華南永昌-高雄,2024-03-07,9303
00915,凱基優選高股息30,35,0,35,華南永昌-高雄,2024-03-07,9303
2368,金像電,36,3,33,華南永昌-高雄,2024-03-07,9303
6207,雷科,38,5,33,華南永昌-高雄,2024-03-07,9303
2002,中鋼,40,9,31,華南永昌-高雄,2024-03-07,9303
00882,中信中國高股息,40,10,30,華南永昌-高雄,2024-03-07,9303
2481,強茂,32,2,30,華南永昌-高雄,2024-03-07,9303
00933B,國泰10Y+金融債,56,28,28,華南永昌-高雄,2024-03-07,9303
2880,華南金,36,9,27,華南永昌-高雄,2024-03-07,9303
1609,大亞,34,9,25,華南永昌-高雄,2024-03-07,9303
2485,兆赫,24,0,24,華南永昌-高雄,2024-03-07,9303
1504,東元,33,9,24,華南永昌-高雄,2024-03-07,9303
00770,國泰北美科技,25,1,24,華南永昌-高雄,2024-03-07,9303
1471,首利,27,3,24,華南永昌-高雄,2024-03-07,9303
2324,仁寶,30,7,23,華南永昌-高雄,2024-03-07,9303
3338,泰碩,89,67,22,華南永昌-高雄,2024-03-07,9303
2323,中環,26,5,21,華南永昌-高雄,2024-03-07,9303
1605,華新,21,1,20,華南永昌-高雄,2024-03-07,9303
2409,友達,120,100,20,華南永昌-高雄,2024-03-07,9303
8044,網家,27,7,20,華南永昌-高雄,2024-03-07,9303
2645,長榮航太,20,0,20,華南永昌-高雄,2024-03-07,9303
00673R,期元大S＆P原油反1,20,0,20,華南永昌-高雄,2024-03-07,9303
5425,台半,22,2,20,華南永昌-高雄,2024-03-07,9303
00850,元大臺灣ESG永續,20,1,19,華南永昌-高雄,2024-03-07,9303
2367,燿華,446,428,18,華南永昌-高雄,2024-03-07,9303
3625,西勝,18,0,18,華南永昌-高雄,2024-03-07,9303
2836,高雄銀,625,20,605,華南永昌-高雄,2024-03-08,9303
3481,群創,615,35,580,華南永昌-高雄,2024-03-08,9303
00720B,元大投資級公司債,403,0,403,華南永昌-高雄,2024-03-08,9303
2892,第一金,366,2,364,華南永昌-高雄,2024-03-08,9303
5498,凱崴,218,34,184,華南永昌-高雄,2024-03-08,9303
00632R,元大台灣50反1,216,71,145,華南永昌-高雄,2024-03-08,9303
2890,永豐金,150,40,110,華南永昌-高雄,2024-03-08,9303
3171,炎洲流通,98,0,98,華南永昌-高雄,2024-03-08,9303
00891,中信關鍵半導體,140,47,93,華南永昌-高雄,2024-03-08,9303
5521,工信,109,19,90,華南永昌-高雄,2024-03-08,9303
00937B,群益ESG投等債20,163,78,85,華南永昌-高雄,2024-03-08,9303
00935,野村臺灣新科技50,85,4,81,華南永昌-高雄,2024-03-08,9303
00919,群益台灣精選高息,298,219,79,華南永昌-高雄,2024-03-08,9303
00915,凱基優選高股息30,101,26,75,華南永昌-高雄,2024-03-08,9303
3006,晶豪科,70,0,70,華南永昌-高雄,2024-03-08,9303
2329,華泰,150,85,65,華南永昌-高雄,2024-03-08,9303
8936,國統,64,5,59,華南永昌-高雄,2024-03-08,9303
3540,曜越,54,2,52,華南永昌-高雄,2024-03-08,9303
5864,致和證,45,0,45,華南永昌-高雄,2024-03-08,9303
2409,友達,50,7,43,華南永昌-高雄,2024-03-08,9303
6442,光聖,41,1,40,華南永昌-高雄,2024-03-08,9303
6122,擎邦,39,1,38,華南永昌-高雄,2024-03-08,9303
00770,國泰北美科技,40,3,37,華南永昌-高雄,2024-03-08,9303
1301,台塑,42,7,35,華南永昌-高雄,2024-03-08,9303
2486,一詮,36,1,35,華南永昌-高雄,2024-03-08,9303
4147,中裕,35,0,35,華南永昌-高雄,2024-03-08,9303
2609,陽明,52,21,31,華南永昌-高雄,2024-03-08,9303
6282,康舒,32,2,30,華南永昌-高雄,2024-03-08,9303
00680L,元大美債20正2,105,75,30,華南永昌-高雄,2024-03-08,9303
00688L,國泰20年美債正2,50,20,30,華南永昌-高雄,2024-03-08,9303
2363,矽統,43,15,28,華南永昌-高雄,2024-03-08,9303
1905,華紙,37,9,28,華南永昌-高雄,2024-03-08,9303
5469,瀚宇博,33,5,28,華南永昌-高雄,2024-03-08,9303
00673R,期元大S＆P原油反1,26,0,26,華南永昌-高雄,2024-03-08,9303
9941,裕融,26,1,25,華南永昌-高雄,2024-03-08,9303
2356,英業達,58,36,22,華南永昌-高雄,2024-03-08,9303
6531,愛普*,23,2,21,華南永昌-高雄,2024-03-08,9303
1526,日馳,21,0,21,華南永昌-高雄,2024-03-08,9303
6761,穩得,21,0,21,華南永昌-高雄,2024-03-08,9303
3325,旭品,74,53,21,華南永昌-高雄,2024-03-08,9303
00882,中信中國高股息,38,18,20,華南永昌-高雄,2024-03-08,9303
3645,達邁,20,0,20,華南永昌-高雄,2024-03-08,9303
4934,太極,20,0,20,華南永昌-高雄,2024-03-08,9303
2511,太子,20,0,20,華南永昌-高雄,2024-03-08,9303
3066,李洲,20,0,20,華南永昌-高雄,2024-03-08,9303
2323,中環,19,0,19,華南永昌-高雄,2024-03-08,9303
00918,大華優利高填息30,228,209,19,華南永昌-高雄,2024-03-08,9303
6126,信音,30,11,19,華南永昌-高雄,2024-03-08,9303
2367,燿華,208,189,19,華南永昌-高雄,2024-03-08,9303
00927,群益半導體收益,74,56,18,華南永昌-高雄,2024-03-08,9303
00937B,群益ESG投等債20,505,55,450,華南永昌-高雄,2024-03-11,9303
2836,高雄銀,384,5,379,華南永昌-高雄,2024-03-11,9303
3530,晶相光,100,0,100,華南永昌-高雄,2024-03-11,9303
00918,大華優利高填息30,92,13,79,華南永昌-高雄,2024-03-11,9303
6799,來頡,75,0,75,華南永昌-高雄,2024-03-11,9303
5488,松普,71,0,71,華南永昌-高雄,2024-03-11,9303
1303,南亞,68,0,68,華南永昌-高雄,2024-03-11,9303
2363,矽統,67,0,67,華南永昌-高雄,2024-03-11,9303
1605,華新,54,0,54,華南永昌-高雄,2024-03-11,9303
2855,統一證,68,15,53,華南永昌-高雄,2024-03-11,9303
3010,華立,51,1,50,華南永昌-高雄,2024-03-11,9303
00772B,中信高評級公司債,45,0,45,華南永昌-高雄,2024-03-11,9303
2417,圓剛,62,18,44,華南永昌-高雄,2024-03-11,9303
2610,華航,40,1,39,華南永昌-高雄,2024-03-11,9303
3171,炎洲流通,39,0,39,華南永昌-高雄,2024-03-11,9303
1301,台塑,39,2,37,華南永昌-高雄,2024-03-11,9303
00715L,期街口布蘭特正2,36,0,36,華南永昌-高雄,2024-03-11,9303
00773B,中信優先金融債,35,0,35,華南永昌-高雄,2024-03-11,9303
00753L,中信中國50正2,41,8,33,華南永昌-高雄,2024-03-11,9303
9946,三發地產,32,0,32,華南永昌-高雄,2024-03-11,9303
6216,居易,40,8,32,華南永昌-高雄,2024-03-11,9303
2603,長榮,48,18,30,華南永昌-高雄,2024-03-11,9303
1815,富喬,84,54,30,華南永昌-高雄,2024-03-11,9303
00933B,國泰10Y+金融債,32,3,29,華南永昌-高雄,2024-03-11,9303
00915,凱基優選高股息30,40,11,29,華南永昌-高雄,2024-03-11,9303
2834,臺企銀,36,9,27,華南永昌-高雄,2024-03-11,9303
2330,台積電,38,14,24,華南永昌-高雄,2024-03-11,9303
6165,浪凡,29,5,24,華南永昌-高雄,2024-03-11,9303
2882,國泰金,54,33,21,華南永昌-高雄,2024-03-11,9303
1535,中宇,25,4,21,華南永昌-高雄,2024-03-11,9303
3188,鑫龍騰,20,2,18,華南永昌-高雄,2024-03-11,9303
00882,中信中國高股息,54,37,17,華南永昌-高雄,2024-03-11,9303
5225,東科-KY,23,6,17,華南永昌-高雄,2024-03-11,9303
3060,銘異,24,8,16,華南永昌-高雄,2024-03-11,9303
6108,競國,15,0,15,華南永昌-高雄,2024-03-11,9303
1905,華紙,15,0,15,華南永昌-高雄,2024-03-11,9303
2337,旺宏,13,0,13,華南永昌-高雄,2024-03-11,9303
6592,和潤企業,13,0,13,華南永昌-高雄,2024-03-11,9303
3588,通嘉,13,0,13,華南永昌-高雄,2024-03-11,9303
3006,晶豪科,21,8,13,華南永昌-高雄,2024-03-11,9303
9902,台火,16,4,12,華南永昌-高雄,2024-03-11,9303
6770,力積電,21,9,12,華南永昌-高雄,2024-03-11,9303
3078,僑威,22,10,12,華南永昌-高雄,2024-03-11,9303
2406,國碩,30,18,12,華南永昌-高雄,2024-03-11,9303
2301,光寶科,16,4,12,華南永昌-高雄,2024-03-11,9303
1712,興農,11,0,11,華南永昌-高雄,2024-03-11,9303
8390,金益鼎,12,1,11,華南永昌-高雄,2024-03-11,9303
2354,鴻準,11,0,11,華南永昌-高雄,2024-03-11,9303
6505,台塑化,11,0,11,華南永昌-高雄,2024-03-11,9303
6164,華興,12,1,11,華南永昌-高雄,2024-03-11,9303
00937B,群益ESG投等債20,492,12,480,華南永昌-高雄,2024-03-12,9303
2409,友達,351,41,310,華南永昌-高雄,2024-03-12,9303
4958,臻鼎-KY,146,3,143,華南永昌-高雄,2024-03-12,9303
1316,上曜,141,39,102,華南永昌-高雄,2024-03-12,9303
00679B,元大美債20年,77,15,62,華南永昌-高雄,2024-03-12,9303
00857B,永豐20年美公債,62,0,62,華南永昌-高雄,2024-03-12,9303
2206,三陽工業,62,4,58,華南永昌-高雄,2024-03-12,9303
2408,南亞科,70,15,55,華南永昌-高雄,2024-03-12,9303
1314,中石化,54,1,53,華南永昌-高雄,2024-03-12,9303
4909,新復興,67,23,44,華南永昌-高雄,2024-03-12,9303
00915,凱基優選高股息30,43,2,41,華南永昌-高雄,2024-03-12,9303
2892,第一金,41,0,41,華南永昌-高雄,2024-03-12,9303
00929,復華台灣科技優息,60,24,36,華南永昌-高雄,2024-03-12,9303
00632R,元大台灣50反1,35,0,35,華南永昌-高雄,2024-03-12,9303
4174,浩鼎,33,2,31,華南永昌-高雄,2024-03-12,9303
4147,中裕,42,12,30,華南永昌-高雄,2024-03-12,9303
3376,新日興,30,0,30,華南永昌-高雄,2024-03-12,9303
2855,統一證,32,3,29,華南永昌-高雄,2024-03-12,9303
1582,信錦,45,16,29,華南永昌-高雄,2024-03-12,9303
1504,東元,30,1,29,華南永昌-高雄,2024-03-12,9303
6122,擎邦,32,4,28,華南永昌-高雄,2024-03-12,9303
2605,新興,33,6,27,華南永昌-高雄,2024-03-12,9303
4714,永捷,30,7,23,華南永昌-高雄,2024-03-12,9303
9902,台火,30,7,23,華南永昌-高雄,2024-03-12,9303
00650L,復華香港正2,26,4,22,華南永昌-高雄,2024-03-12,9303
3017,奇鋐,31,10,21,華南永昌-高雄,2024-03-12,9303
2250,IKKA-KY,21,1,20,華南永昌-高雄,2024-03-12,9303
6283,淳安,20,0,20,華南永昌-高雄,2024-03-12,9303
00666R,富邦�琤肭磪齯�1,20,0,20,華南永昌-高雄,2024-03-12,9303
3645,達邁,20,0,20,華南永昌-高雄,2024-03-12,9303
2880,華南金,20,1,19,華南永昌-高雄,2024-03-12,9303
2301,光寶科,22,3,19,華南永昌-高雄,2024-03-12,9303
1725,元禎,18,0,18,華南永昌-高雄,2024-03-12,9303
00753L,中信中國50正2,52,34,18,華南永昌-高雄,2024-03-12,9303
5243,乙盛-KY,31,13,18,華南永昌-高雄,2024-03-12,9303
3010,華立,19,1,18,華南永昌-高雄,2024-03-12,9303
2885,元大金,22,4,18,華南永昌-高雄,2024-03-12,9303
1605,華新,30,13,17,華南永昌-高雄,2024-03-12,9303
00933B,國泰10Y+金融債,28,11,17,華南永昌-高雄,2024-03-12,9303
00671R,富邦NASDAQ反1,20,3,17,華南永昌-高雄,2024-03-12,9303
5225,東科-KY,20,4,16,華南永昌-高雄,2024-03-12,9303
2352,佳世達,18,3,15,華南永昌-高雄,2024-03-12,9303
3047,訊舟,15,0,15,華南永昌-高雄,2024-03-12,9303
1303,南亞,15,1,14,華南永昌-高雄,2024-03-12,9303
00885,富邦越南,14,0,14,華南永昌-高雄,2024-03-12,9303
2359,所羅門,19,6,13,華南永昌-高雄,2024-03-12,9303
1815,富喬,19,6,13,華南永昌-高雄,2024-03-12,9303
6578,達邦蛋白,13,0,13,華南永昌-高雄,2024-03-12,9303
9927,泰銘,13,0,13,華南永昌-高雄,2024-03-12,9303
8054,安國,24,12,12,華南永昌-高雄,2024-03-12,9303
00919,群益台灣精選高息,694,114,580,華南永昌-高雄,2024-03-13,9303
00937B,群益ESG投等債20,513,125,388,華南永昌-高雄,2024-03-13,9303
00933B,國泰10Y+金融債,218,11,207,華南永昌-高雄,2024-03-13,9303
00918,大華優利高填息30,263,56,207,華南永昌-高雄,2024-03-13,9303
00679B,元大美債20年,147,4,143,華南永昌-高雄,2024-03-13,9303
2367,燿華,201,62,139,華南永昌-高雄,2024-03-13,9303
00929,復華台灣科技優息,174,48,126,華南永昌-高雄,2024-03-13,9303
3231,緯創,164,63,101,華南永昌-高雄,2024-03-13,9303
2344,華邦電,82,6,76,華南永昌-高雄,2024-03-13,9303
1316,上曜,109,49,60,華南永昌-高雄,2024-03-13,9303
2014,中鴻,56,1,55,華南永昌-高雄,2024-03-13,9303
1326,台化,53,1,52,華南永昌-高雄,2024-03-13,9303
2408,南亞科,56,5,51,華南永昌-高雄,2024-03-13,9303
00935,野村臺灣新科技50,50,0,50,華南永昌-高雄,2024-03-13,9303
3010,華立,47,0,47,華南永昌-高雄,2024-03-13,9303
2356,英業達,87,43,44,華南永昌-高雄,2024-03-13,9303
2615,萬海,66,28,38,華南永昌-高雄,2024-03-13,9303
3294,英濟,53,15,38,華南永昌-高雄,2024-03-13,9303
00795B,中信美國公債20年,37,0,37,華南永昌-高雄,2024-03-13,9303
2002,中鋼,36,2,34,華南永昌-高雄,2024-03-13,9303
2547,日勝生,30,0,30,華南永昌-高雄,2024-03-13,9303
6219,富旺,127,97,30,華南永昌-高雄,2024-03-13,9303
1582,信錦,34,5,29,華南永昌-高雄,2024-03-13,9303
8040,九暘,44,15,29,華南永昌-高雄,2024-03-13,9303
2618,長榮航,52,25,27,華南永昌-高雄,2024-03-13,9303
2376,技嘉,50,24,26,華南永昌-高雄,2024-03-13,9303
2887,台新金,27,2,25,華南永昌-高雄,2024-03-13,9303
2330,台積電,36,12,24,華南永昌-高雄,2024-03-13,9303
3006,晶豪科,24,2,22,華南永昌-高雄,2024-03-13,9303
00930,永豐ESG低碳高息,22,0,22,華南永昌-高雄,2024-03-13,9303
3081,聯亞,24,2,22,華南永昌-高雄,2024-03-13,9303
4402,郡都開發,22,0,22,華南永昌-高雄,2024-03-13,9303
3715,定穎投控,27,6,21,華南永昌-高雄,2024-03-13,9303
00650L,復華香港正2,25,4,21,華南永昌-高雄,2024-03-13,9303
6187,萬潤,22,1,21,華南永昌-高雄,2024-03-13,9303
6770,力積電,25,5,20,華南永昌-高雄,2024-03-13,9303
3376,新日興,20,0,20,華南永昌-高雄,2024-03-13,9303
00934,中信成長高股息,21,1,20,華南永昌-高雄,2024-03-13,9303
3017,奇鋐,48,28,20,華南永昌-高雄,2024-03-13,9303
1514,亞力,58,39,19,華南永昌-高雄,2024-03-13,9303
1815,富喬,28,9,19,華南永昌-高雄,2024-03-13,9303
00857B,永豐20年美公債,18,0,18,華南永昌-高雄,2024-03-13,9303
2313,華通,46,28,18,華南永昌-高雄,2024-03-13,9303
2308,台達電,22,4,18,華南永昌-高雄,2024-03-13,9303
8011,台通,224,206,18,華南永昌-高雄,2024-03-13,9303
1312,國喬,19,1,18,華南永昌-高雄,2024-03-13,9303
2637,慧洋-KY,18,1,17,華南永昌-高雄,2024-03-13,9303
00637L,元大滬深300正2,26,9,17,華南永昌-高雄,2024-03-13,9303
6116,彩晶,16,0,16,華南永昌-高雄,2024-03-13,9303
9907,統一實,16,0,16,華南永昌-高雄,2024-03-13,9303
2618,長榮航,757,21,736,華南永昌-高雄,2024-03-14,9303
00919,群益台灣精選高息,520,208,312,華南永昌-高雄,2024-03-14,9303
00937B,群益ESG投等債20,405,169,236,華南永昌-高雄,2024-03-14,9303
00632R,元大台灣50反1,200,0,200,華南永昌-高雄,2024-03-14,9303
00918,大華優利高填息30,177,77,100,華南永昌-高雄,2024-03-14,9303
2888,新光金,199,101,98,華南永昌-高雄,2024-03-14,9303
00687B,國泰20年美債,95,17,78,華南永昌-高雄,2024-03-14,9303
2408,南亞科,76,15,61,華南永昌-高雄,2024-03-14,9303
2820,華票,60,0,60,華南永昌-高雄,2024-03-14,9303
00915,凱基優選高股息30,55,5,50,華南永昌-高雄,2024-03-14,9303
1582,信錦,52,2,50,華南永昌-高雄,2024-03-14,9303
2609,陽明,50,8,42,華南永昌-高雄,2024-03-14,9303
3706,神達,76,36,40,華南永昌-高雄,2024-03-14,9303
2302,麗正,34,0,34,華南永昌-高雄,2024-03-14,9303
5225,東科-KY,37,3,34,華南永昌-高雄,2024-03-14,9303
00712,復華富時不動產,45,12,33,華南永昌-高雄,2024-03-14,9303
3588,通嘉,34,3,31,華南永昌-高雄,2024-03-14,9303
2301,光寶科,31,0,31,華南永昌-高雄,2024-03-14,9303
2915,潤泰全,28,0,28,華南永昌-高雄,2024-03-14,9303
2603,長榮,66,39,27,華南永昌-高雄,2024-03-14,9303
2027,大成鋼,38,12,26,華南永昌-高雄,2024-03-14,9303
6278,台表科,30,4,26,華南永昌-高雄,2024-03-14,9303
2328,廣宇,28,3,25,華南永昌-高雄,2024-03-14,9303
00679B,元大美債20年,70,45,25,華南永昌-高雄,2024-03-14,9303
3231,緯創,54,30,24,華南永昌-高雄,2024-03-14,9303
8110,華東,23,0,23,華南永昌-高雄,2024-03-14,9303
00673R,期元大S＆P原油反1,22,0,22,華南永昌-高雄,2024-03-14,9303
8463,潤泰材,22,0,22,華南永昌-高雄,2024-03-14,9303
2382,廣達,31,10,21,華南永昌-高雄,2024-03-14,9303
6799,來頡,24,3,21,華南永昌-高雄,2024-03-14,9303
3702,大聯大,20,1,19,華南永昌-高雄,2024-03-14,9303
2608,嘉里大榮,20,1,19,華南永昌-高雄,2024-03-14,9303
00857B,永豐20年美公債,18,0,18,華南永昌-高雄,2024-03-14,9303
9945,潤泰新,18,0,18,華南永昌-高雄,2024-03-14,9303
3017,奇鋐,24,6,18,華南永昌-高雄,2024-03-14,9303
1605,華新,32,15,17,華南永昌-高雄,2024-03-14,9303
9105,泰金寶-DR,75,60,15,華南永昌-高雄,2024-03-14,9303
6005,群益證,25,10,15,華南永昌-高雄,2024-03-14,9303
2354,鴻準,18,4,14,華南永昌-高雄,2024-03-14,9303
4114,健喬,16,2,14,華南永昌-高雄,2024-03-14,9303
00933B,國泰10Y+金融債,14,0,14,華南永昌-高雄,2024-03-14,9303
2465,麗臺,13,0,13,華南永昌-高雄,2024-03-14,9303
00720B,元大投資級公司債,17,4,13,華南永昌-高雄,2024-03-14,9303
3354,律勝,12,0,12,華南永昌-高雄,2024-03-14,9303
1503,士電,147,135,12,華南永昌-高雄,2024-03-14,9303
2485,兆赫,12,0,12,華南永昌-高雄,2024-03-14,9303
3645,達邁,12,0,12,華南永昌-高雄,2024-03-14,9303
1319,東陽,17,5,12,華南永昌-高雄,2024-03-14,9303
1723,中碳,11,0,11,華南永昌-高雄,2024-03-14,9303
6127,九豪,11,0,11,華南永昌-高雄,2024-03-14,9303
00941,中信上游半導體,525,106,419,華南永昌-高雄,2024-03-15,9303
00919,群益台灣精選高息,410,39,371,華南永昌-高雄,2024-03-15,9303
8936,國統,234,34,200,華南永昌-高雄,2024-03-15,9303
00680L,元大美債20正2,168,0,168,華南永昌-高雄,2024-03-15,9303
2836,高雄銀,134,0,134,華南永昌-高雄,2024-03-15,9303
00687B,國泰20年美債,126,2,124,華南永昌-高雄,2024-03-15,9303
2409,友達,129,17,112,華南永昌-高雄,2024-03-15,9303
2367,燿華,147,47,100,華南永昌-高雄,2024-03-15,9303
2881,富邦金,93,2,91,華南永昌-高雄,2024-03-15,9303
2363,矽統,90,7,83,華南永昌-高雄,2024-03-15,9303
2611,志信,154,73,81,華南永昌-高雄,2024-03-15,9303
00679B,元大美債20年,80,1,79,華南永昌-高雄,2024-03-15,9303
2890,永豐金,89,10,79,華南永昌-高雄,2024-03-15,9303
1314,中石化,86,10,76,華南永昌-高雄,2024-03-15,9303
00712,復華富時不動產,73,0,73,華南永昌-高雄,2024-03-15,9303
6282,康舒,71,1,70,華南永昌-高雄,2024-03-15,9303
00688L,國泰20年美債正2,71,1,70,華南永昌-高雄,2024-03-15,9303
00665L,富邦�琤肭磪囓�2,61,0,61,華南永昌-高雄,2024-03-15,9303
2542,興富發,54,0,54,華南永昌-高雄,2024-03-15,9303
5533,皇鼎,51,0,51,華南永昌-高雄,2024-03-15,9303
2511,太子,50,0,50,華南永昌-高雄,2024-03-15,9303
2356,英業達,62,16,46,華南永昌-高雄,2024-03-15,9303
00937B,群益ESG投等債20,105,59,46,華南永昌-高雄,2024-03-15,9303
2329,華泰,109,66,43,華南永昌-高雄,2024-03-15,9303
2330,台積電,50,8,42,華南永昌-高雄,2024-03-15,9303
2892,第一金,41,0,41,華南永昌-高雄,2024-03-15,9303
00933B,國泰10Y+金融債,34,1,33,華南永昌-高雄,2024-03-15,9303
00673R,期元大S＆P原油反1,31,0,31,華南永昌-高雄,2024-03-15,9303
3481,群創,544,513,31,華南永昌-高雄,2024-03-15,9303
2610,華航,32,2,30,華南永昌-高雄,2024-03-15,9303
2887,台新金,69,39,30,華南永昌-高雄,2024-03-15,9303
00857B,永豐20年美公債,41,11,30,華南永昌-高雄,2024-03-15,9303
1303,南亞,30,0,30,華南永昌-高雄,2024-03-15,9303
5488,松普,30,1,29,華南永昌-高雄,2024-03-15,9303
1304,台聚,28,0,28,華南永昌-高雄,2024-03-15,9303
00918,大華優利高填息30,101,74,27,華南永昌-高雄,2024-03-15,9303
00650L,復華香港正2,26,1,25,華南永昌-高雄,2024-03-15,9303
00773B,中信優先金融債,25,0,25,華南永昌-高雄,2024-03-15,9303
00753L,中信中國50正2,25,0,25,華南永昌-高雄,2024-03-15,9303
2606,裕民,23,0,23,華南永昌-高雄,2024-03-15,9303
6016,康和證,28,5,23,華南永昌-高雄,2024-03-15,9303
00915,凱基優選高股息30,26,4,22,華南永昌-高雄,2024-03-15,9303
6139,亞翔,45,23,22,華南永昌-高雄,2024-03-15,9303
2344,華邦電,26,4,22,華南永昌-高雄,2024-03-15,9303
1201,味全,20,0,20,華南永昌-高雄,2024-03-15,9303
3163,波若威,31,12,19,華南永昌-高雄,2024-03-15,9303
4958,臻鼎-KY,27,9,18,華南永昌-高雄,2024-03-15,9303
1513,中興電,47,30,17,華南永昌-高雄,2024-03-15,9303
4114,健喬,17,0,17,華南永昌-高雄,2024-03-15,9303
1313,聯成,20,3,17,華南永昌-高雄,2024-03-15,9303
00919,群益台灣精選高息,324,65,259,華南永昌-高雄,2024-03-18,9303
2834,臺企銀,220,29,191,華南永昌-高雄,2024-03-18,9303
00687B,國泰20年美債,166,8,158,華南永昌-高雄,2024-03-18,9303
6139,亞翔,157,13,144,華南永昌-高雄,2024-03-18,9303
00941,中信上游半導體,152,27,125,華南永昌-高雄,2024-03-18,9303
3312,弘憶股,108,5,103,華南永昌-高雄,2024-03-18,9303
6016,康和證,90,5,85,華南永昌-高雄,2024-03-18,9303
00937B,群益ESG投等債20,177,107,70,華南永昌-高雄,2024-03-18,9303
2880,華南金,93,23,70,華南永昌-高雄,2024-03-18,9303
00878,國泰永續高股息,75,9,66,華南永昌-高雄,2024-03-18,9303
1104,環泥,60,3,57,華南永昌-高雄,2024-03-18,9303
00712,復華富時不動產,51,0,51,華南永昌-高雄,2024-03-18,9303
2547,日勝生,50,0,50,華南永昌-高雄,2024-03-18,9303
4960,誠美材,50,0,50,華南永昌-高雄,2024-03-18,9303
00679B,元大美債20年,53,3,50,華南永昌-高雄,2024-03-18,9303
2609,陽明,70,24,46,華南永昌-高雄,2024-03-18,9303
1605,華新,68,23,45,華南永昌-高雄,2024-03-18,9303
2353,宏��,44,8,36,華南永昌-高雄,2024-03-18,9303
00673R,期元大S＆P原油反1,35,0,35,華南永昌-高雄,2024-03-18,9303
00933B,國泰10Y+金融債,40,7,33,華南永昌-高雄,2024-03-18,9303
00676R,富邦臺灣加權反1,28,0,28,華南永昌-高雄,2024-03-18,9303
4420,光明,28,0,28,華南永昌-高雄,2024-03-18,9303
3231,緯創,46,19,27,華南永昌-高雄,2024-03-18,9303
2408,南亞科,27,1,26,華南永昌-高雄,2024-03-18,9303
00915,凱基優選高股息30,41,16,25,華南永昌-高雄,2024-03-18,9303
4414,如興,23,0,23,華南永昌-高雄,2024-03-18,9303
00857B,永豐20年美公債,22,0,22,華南永昌-高雄,2024-03-18,9303
5225,東科-KY,22,0,22,華南永昌-高雄,2024-03-18,9303
8011,台通,25,3,22,華南永昌-高雄,2024-03-18,9303
5521,工信,20,0,20,華南永昌-高雄,2024-03-18,9303
2890,永豐金,20,0,20,華南永昌-高雄,2024-03-18,9303
4945,陞達科技,20,1,19,華南永昌-高雄,2024-03-18,9303
8105,凌巨,20,2,18,華南永昌-高雄,2024-03-18,9303
00632R,元大台灣50反1,18,0,18,華南永昌-高雄,2024-03-18,9303
2303,聯電,39,22,17,華南永昌-高雄,2024-03-18,9303
3028,增你強,14,0,14,華南永昌-高雄,2024-03-18,9303
1795,美時,14,0,14,華南永昌-高雄,2024-03-18,9303
00706L,期元大S＆P日圓正2,14,0,14,華南永昌-高雄,2024-03-18,9303
00795B,中信美國公債20年,16,2,14,華南永昌-高雄,2024-03-18,9303
6161,捷波,13,0,13,華南永昌-高雄,2024-03-18,9303
006208,富邦台50,13,0,13,華南永昌-高雄,2024-03-18,9303
1201,味全,13,1,12,華南永昌-高雄,2024-03-18,9303
6230,尼得科超眾,28,16,12,華南永昌-高雄,2024-03-18,9303
3071,協禧,23,11,12,華南永昌-高雄,2024-03-18,9303
3545,敦泰,11,0,11,華南永昌-高雄,2024-03-18,9303
6275,元山,26,15,11,華南永昌-高雄,2024-03-18,9303
1907,永豐餘,10,0,10,華南永昌-高雄,2024-03-18,9303
4934,太極,10,0,10,華南永昌-高雄,2024-03-18,9303
2838,聯邦銀,10,0,10,華南永昌-高雄,2024-03-18,9303
2897,王道銀行,10,0,10,華南永昌-高雄,2024-03-18,9303
2883,凱基金,1034,16,1018,華南永昌-高雄,2024-03-19,9303
2329,華泰,177,40,137,華南永昌-高雄,2024-03-19,9303
2888,新光金,157,20,137,華南永昌-高雄,2024-03-19,9303
2514,龍邦,128,0,128,華南永昌-高雄,2024-03-19,9303
9105,泰金寶-DR,128,2,126,華南永昌-高雄,2024-03-19,9303
2323,中環,156,40,116,華南永昌-高雄,2024-03-19,9303
2367,燿華,181,71,110,華南永昌-高雄,2024-03-19,9303
00937B,群益ESG投等債20,102,6,96,華南永昌-高雄,2024-03-19,9303
00679B,元大美債20年,73,0,73,華南永昌-高雄,2024-03-19,9303
2880,華南金,71,3,68,華南永昌-高雄,2024-03-19,9303
8070,長華*,65,7,58,華南永昌-高雄,2024-03-19,9303
00680L,元大美債20正2,54,0,54,華南永昌-高雄,2024-03-19,9303
00706L,期元大S＆P日圓正2,51,0,51,華南永昌-高雄,2024-03-19,9303
1609,大亞,55,7,48,華南永昌-高雄,2024-03-19,9303
2302,麗正,40,0,40,華南永昌-高雄,2024-03-19,9303
2363,矽統,36,1,35,華南永昌-高雄,2024-03-19,9303
00857B,永豐20年美公債,34,0,34,華南永昌-高雄,2024-03-19,9303
4402,郡都開發,33,0,33,華南永昌-高雄,2024-03-19,9303
00673R,期元大S＆P原油反1,32,0,32,華南永昌-高雄,2024-03-19,9303
00887,永豐中國科技50大,31,0,31,華南永昌-高雄,2024-03-19,9303
2609,陽明,86,56,30,華南永昌-高雄,2024-03-19,9303
3017,奇鋐,40,11,29,華南永昌-高雄,2024-03-19,9303
2344,華邦電,40,12,28,華南永昌-高雄,2024-03-19,9303
00923,群益台ESG低碳50,28,0,28,華南永昌-高雄,2024-03-19,9303
1503,士電,58,32,26,華南永昌-高雄,2024-03-19,9303
2834,臺企銀,52,27,25,華南永昌-高雄,2024-03-19,9303
2061,風青,24,0,24,華南永昌-高雄,2024-03-19,9303
2812,台中銀,24,0,24,華南永昌-高雄,2024-03-19,9303
2337,旺宏,23,0,23,華南永昌-高雄,2024-03-19,9303
00941,中信上游半導體,49,27,22,華南永昌-高雄,2024-03-19,9303
00919,群益台灣精選高息,181,160,21,華南永昌-高雄,2024-03-19,9303
1402,遠東新,21,0,21,華南永昌-高雄,2024-03-19,9303
00665L,富邦�琤肭磪囓�2,28,7,21,華南永昌-高雄,2024-03-19,9303
00930,永豐ESG低碳高息,21,0,21,華南永昌-高雄,2024-03-19,9303
00878,國泰永續高股息,34,14,20,華南永昌-高雄,2024-03-19,9303
2007,燁興,19,0,19,華南永昌-高雄,2024-03-19,9303
2317,鴻海,100,82,18,華南永昌-高雄,2024-03-19,9303
2353,宏��,19,2,17,華南永昌-高雄,2024-03-19,9303
3045,台灣大,17,0,17,華南永昌-高雄,2024-03-19,9303
1301,台塑,15,0,15,華南永昌-高雄,2024-03-19,9303
1806,冠軍,15,0,15,華南永昌-高雄,2024-03-19,9303
2542,興富發,26,12,14,華南永昌-高雄,2024-03-19,9303
8996,高力,21,7,14,華南永昌-高雄,2024-03-19,9303
2368,金像電,22,9,13,華南永昌-高雄,2024-03-19,9303
8234,新漢,18,5,13,華南永昌-高雄,2024-03-19,9303
5880,合庫金,14,1,13,華南永昌-高雄,2024-03-19,9303
6462,神盾,17,4,13,華南永昌-高雄,2024-03-19,9303
3041,揚智,21,9,12,華南永昌-高雄,2024-03-19,9303
00753L,中信中國50正2,13,1,12,華南永昌-高雄,2024-03-19,9303
2618,長榮航,22,10,12,華南永昌-高雄,2024-03-19,9303
00939,統一台灣高息動能,1028,110,918,華南永昌-高雄,2024-03-20,9303
00929,復華台灣科技優息,599,251,348,華南永昌-高雄,2024-03-20,9303
00919,群益台灣精選高息,314,192,122,華南永昌-高雄,2024-03-20,9303
00937B,群益ESG投等債20,173,67,106,華南永昌-高雄,2024-03-20,9303
00679B,元大美債20年,93,0,93,華南永昌-高雄,2024-03-20,9303
2880,華南金,129,44,85,華南永昌-高雄,2024-03-20,9303
2888,新光金,75,0,75,華南永昌-高雄,2024-03-20,9303
2356,英業達,88,17,71,華南永昌-高雄,2024-03-20,9303
00706L,期元大S＆P日圓正2,60,0,60,華南永昌-高雄,2024-03-20,9303
9105,泰金寶-DR,63,6,57,華南永昌-高雄,2024-03-20,9303
2313,華通,66,13,53,華南永昌-高雄,2024-03-20,9303
2329,華泰,100,47,53,華南永昌-高雄,2024-03-20,9303
2367,燿華,267,216,51,華南永昌-高雄,2024-03-20,9303
2344,華邦電,62,11,51,華南永昌-高雄,2024-03-20,9303
2408,南亞科,60,10,50,華南永昌-高雄,2024-03-20,9303
2883,凱基金,220,174,46,華南永昌-高雄,2024-03-20,9303
911608,明輝-DR,40,0,40,華南永昌-高雄,2024-03-20,9303
2812,台中銀,41,2,39,華南永昌-高雄,2024-03-20,9303
2409,友達,53,14,39,華南永昌-高雄,2024-03-20,9303
00941,中信上游半導體,38,3,35,華南永昌-高雄,2024-03-20,9303
2303,聯電,81,47,34,華南永昌-高雄,2024-03-20,9303
2941,米斯特,32,0,32,華南永昌-高雄,2024-03-20,9303
2354,鴻準,238,207,31,華南永昌-高雄,2024-03-20,9303
1101,台泥,51,21,30,華南永昌-高雄,2024-03-20,9303
4127,天良,31,1,30,華南永昌-高雄,2024-03-20,9303
2382,廣達,40,12,28,華南永昌-高雄,2024-03-20,9303
4915,致伸,32,4,28,華南永昌-高雄,2024-03-20,9303
00688L,國泰20年美債正2,28,0,28,華南永昌-高雄,2024-03-20,9303
3211,順達,28,1,27,華南永昌-高雄,2024-03-20,9303
6005,群益證,26,0,26,華南永昌-高雄,2024-03-20,9303
2374,佳能,33,7,26,華南永昌-高雄,2024-03-20,9303
6288,聯嘉,26,0,26,華南永昌-高雄,2024-03-20,9303
3322,建舜電,23,0,23,華南永昌-高雄,2024-03-20,9303
4938,和碩,59,37,22,華南永昌-高雄,2024-03-20,9303
6290,良維,23,1,22,華南永昌-高雄,2024-03-20,9303
6282,康舒,22,0,22,華南永昌-高雄,2024-03-20,9303
1301,台塑,22,0,22,華南永昌-高雄,2024-03-20,9303
6188,廣明,35,14,21,華南永昌-高雄,2024-03-20,9303
3592,瑞鼎,22,1,21,華南永昌-高雄,2024-03-20,9303
3576,聯合再生,23,2,21,華南永昌-高雄,2024-03-20,9303
00725B,國泰投資級公司債,20,0,20,華南永昌-高雄,2024-03-20,9303
6122,擎邦,25,5,20,華南永昌-高雄,2024-03-20,9303
8070,長華*,20,0,20,華南永昌-高雄,2024-03-20,9303
00857B,永豐20年美公債,50,30,20,華南永昌-高雄,2024-03-20,9303
00918,大華優利高填息30,51,32,19,華南永昌-高雄,2024-03-20,9303
6531,愛普*,21,2,19,華南永昌-高雄,2024-03-20,9303
1513,中興電,59,40,19,華南永昌-高雄,2024-03-20,9303
4402,郡都開發,18,0,18,華南永昌-高雄,2024-03-20,9303
2405,輔信,45,27,18,華南永昌-高雄,2024-03-20,9303
00885,富邦越南,17,0,17,華南永昌-高雄,2024-03-20,9303
00687B,國泰20年美債,305,0,305,華南永昌-高雄,2024-03-21,9303
00939,統一台灣高息動能,418,146,272,華南永昌-高雄,2024-03-21,9303
00632R,元大台灣50反1,298,40,258,華南永昌-高雄,2024-03-21,9303
8936,國統,194,23,171,華南永昌-高雄,2024-03-21,9303
00937B,群益ESG投等債20,162,14,148,華南永昌-高雄,2024-03-21,9303
00929,復華台灣科技優息,187,64,123,華南永昌-高雄,2024-03-21,9303
00679B,元大美債20年,104,1,103,華南永昌-高雄,2024-03-21,9303
8085,福華,108,8,100,華南永昌-高雄,2024-03-21,9303
00919,群益台灣精選高息,313,228,85,華南永昌-高雄,2024-03-21,9303
2618,長榮航,80,2,78,華南永昌-高雄,2024-03-21,9303
00857B,永豐20年美公債,77,0,77,華南永昌-高雄,2024-03-21,9303
2880,華南金,128,58,70,華南永昌-高雄,2024-03-21,9303
5225,東科-KY,69,3,66,華南永昌-高雄,2024-03-21,9303
2206,三陽工業,68,7,61,華南永昌-高雄,2024-03-21,9303
00680L,元大美債20正2,61,0,61,華南永昌-高雄,2024-03-21,9303
2405,輔信,133,76,57,華南永昌-高雄,2024-03-21,9303
00720B,元大投資級公司債,46,1,45,華南永昌-高雄,2024-03-21,9303
2801,彰銀,50,9,41,華南永昌-高雄,2024-03-21,9303
00688L,國泰20年美債正2,36,0,36,華南永昌-高雄,2024-03-21,9303
00753L,中信中國50正2,66,32,34,華南永昌-高雄,2024-03-21,9303
2615,萬海,33,0,33,華南永昌-高雄,2024-03-21,9303
2365,昆盈,33,2,31,華南永昌-高雄,2024-03-21,9303
1605,華新,49,18,31,華南永昌-高雄,2024-03-21,9303
4127,天良,34,4,30,華南永昌-高雄,2024-03-21,9303
3706,神達,149,121,28,華南永昌-高雄,2024-03-21,9303
3576,聯合再生,27,0,27,華南永昌-高雄,2024-03-21,9303
6285,啟��,27,0,27,華南永昌-高雄,2024-03-21,9303
1560,中砂,27,2,25,華南永昌-高雄,2024-03-21,9303
1514,亞力,56,31,25,華南永昌-高雄,2024-03-21,9303
4906,正文,25,3,22,華南永昌-高雄,2024-03-21,9303
6235,華孚,54,35,19,華南永昌-高雄,2024-03-21,9303
5521,工信,24,6,18,華南永昌-高雄,2024-03-21,9303
4909,新復興,19,2,17,華南永昌-高雄,2024-03-21,9303
3005,神基,40,24,16,華南永昌-高雄,2024-03-21,9303
2834,臺企銀,27,12,15,華南永昌-高雄,2024-03-21,9303
1582,信錦,15,0,15,華南永昌-高雄,2024-03-21,9303
3033,威健,18,3,15,華南永昌-高雄,2024-03-21,9303
8081,致新,15,0,15,華南永昌-高雄,2024-03-21,9303
00673R,期元大S＆P原油反1,15,0,15,華南永昌-高雄,2024-03-21,9303
3322,建舜電,20,6,14,華南永昌-高雄,2024-03-21,9303
2385,群光,13,0,13,華南永昌-高雄,2024-03-21,9303
00637L,元大滬深300正2,21,8,13,華南永昌-高雄,2024-03-21,9303
8112A,至上甲特,13,0,13,華南永昌-高雄,2024-03-21,9303
4583,台灣精銳,13,0,13,華南永昌-高雄,2024-03-21,9303
1806,冠軍,12,0,12,華南永昌-高雄,2024-03-21,9303
1752,南光,12,0,12,華南永昌-高雄,2024-03-21,9303
8086,宏捷科,15,4,11,華南永昌-高雄,2024-03-21,9303
3217,優群,38,27,11,華南永昌-高雄,2024-03-21,9303
5009,榮剛,12,1,11,華南永昌-高雄,2024-03-21,9303
2812,台中銀,11,0,11,華南永昌-高雄,2024-03-21,9303
00937B,群益ESG投等債20,324,15,309,華南永昌-高雄,2024-03-22,9303
2367,燿華,379,202,177,華南永昌-高雄,2024-03-22,9303
00665L,富邦�琤肭磪囓�2,130,14,116,華南永昌-高雄,2024-03-22,9303
00857B,永豐20年美公債,118,5,113,華南永昌-高雄,2024-03-22,9303
00688L,國泰20年美債正2,110,0,110,華南永昌-高雄,2024-03-22,9303
00679B,元大美債20年,88,2,86,華南永昌-高雄,2024-03-22,9303
00941,中信上游半導體,153,68,85,華南永昌-高雄,2024-03-22,9303
3706,神達,164,83,81,華南永昌-高雄,2024-03-22,9303
6715,嘉基,79,0,79,華南永昌-高雄,2024-03-22,9303
2486,一詮,82,8,74,華南永昌-高雄,2024-03-22,9303
00939,統一台灣高息動能,175,111,64,華南永昌-高雄,2024-03-22,9303
2303,聯電,72,8,64,華南永昌-高雄,2024-03-22,9303
2344,華邦電,159,104,55,華南永昌-高雄,2024-03-22,9303
2312,金寶,50,0,50,華南永昌-高雄,2024-03-22,9303
2834,臺企銀,58,14,44,華南永昌-高雄,2024-03-22,9303
6770,力積電,46,2,44,華南永昌-高雄,2024-03-22,9303
2353,宏��,83,40,43,華南永昌-高雄,2024-03-22,9303
6005,群益證,40,0,40,華南永昌-高雄,2024-03-22,9303
2241,艾姆勒,40,0,40,華南永昌-高雄,2024-03-22,9303
3047,訊舟,56,17,39,華南永昌-高雄,2024-03-22,9303
3014,聯陽,40,1,39,華南永昌-高雄,2024-03-22,9303
5871,中租-KY,34,1,33,華南永昌-高雄,2024-03-22,9303
00687B,國泰20年美債,34,1,33,華南永昌-高雄,2024-03-22,9303
1513,中興電,58,27,31,華南永昌-高雄,2024-03-22,9303
4915,致伸,31,0,31,華南永昌-高雄,2024-03-22,9303
00918,大華優利高填息30,30,0,30,華南永昌-高雄,2024-03-22,9303
2609,陽明,30,3,27,華南永昌-高雄,2024-03-22,9303
2301,光寶科,65,39,26,華南永昌-高雄,2024-03-22,9303
1605,華新,41,15,26,華南永昌-高雄,2024-03-22,9303
5347,世界,43,18,25,華南永昌-高雄,2024-03-22,9303
2352,佳世達,25,0,25,華南永昌-高雄,2024-03-22,9303
3712,永崴投控,23,0,23,華南永昌-高雄,2024-03-22,9303
2887,台新金,23,0,23,華南永昌-高雄,2024-03-22,9303
2801,彰銀,23,0,23,華南永昌-高雄,2024-03-22,9303
00878,國泰永續高股息,26,3,23,華南永昌-高雄,2024-03-22,9303
2885,元大金,22,0,22,華南永昌-高雄,2024-03-22,9303
3715,定穎投控,23,1,22,華南永昌-高雄,2024-03-22,9303
2369,菱生,37,16,21,華南永昌-高雄,2024-03-22,9303
2358,廷鑫,22,1,21,華南永昌-高雄,2024-03-22,9303
2882,國泰金,45,25,20,華南永昌-高雄,2024-03-22,9303
00753L,中信中國50正2,21,1,20,華南永昌-高雄,2024-03-22,9303
00927,群益半導體收益,29,10,19,華南永昌-高雄,2024-03-22,9303
2603,長榮,80,61,19,華南永昌-高雄,2024-03-22,9303
6477,安集,18,1,17,華南永昌-高雄,2024-03-22,9303
3576,聯合再生,17,0,17,華南永昌-高雄,2024-03-22,9303
6147,頎邦,19,2,17,華南永昌-高雄,2024-03-22,9303
5880,合庫金,26,10,16,華南永昌-高雄,2024-03-22,9303
2501,國建,16,0,16,華南永昌-高雄,2024-03-22,9303
6753,龍德造船,16,0,16,華南永昌-高雄,2024-03-22,9303
3545,敦泰,18,3,15,華南永昌-高雄,2024-03-22,9303
00937B,群益ESG投等債20,210,52,158,華南永昌-高雄,2024-03-25,9303
2337,旺宏,156,0,156,華南永昌-高雄,2024-03-25,9303
00919,群益台灣精選高息,121,11,110,華南永昌-高雄,2024-03-25,9303
2356,英業達,173,90,83,華南永昌-高雄,2024-03-25,9303
1609,大亞,227,146,81,華南永昌-高雄,2024-03-25,9303
2486,一詮,100,19,81,華南永昌-高雄,2024-03-25,9303
1584,精剛,65,0,65,華南永昌-高雄,2024-03-25,9303
3294,英濟,67,2,65,華南永昌-高雄,2024-03-25,9303
1815,富喬,70,8,62,華南永昌-高雄,2024-03-25,9303
2303,聯電,62,3,59,華南永昌-高雄,2024-03-25,9303
2607,榮運,50,4,46,華南永昌-高雄,2024-03-25,9303
6668,中揚光,86,44,42,華南永昌-高雄,2024-03-25,9303
3059,華晶科,123,84,39,華南永昌-高雄,2024-03-25,9303
2404,漢唐,36,0,36,華南永昌-高雄,2024-03-25,9303
2618,長榮航,36,2,34,華南永昌-高雄,2024-03-25,9303
5386,青雲,29,0,29,華南永昌-高雄,2024-03-25,9303
2460,建通,30,2,28,華南永昌-高雄,2024-03-25,9303
8942,森鉅,27,0,27,華南永昌-高雄,2024-03-25,9303
6505,台塑化,30,3,27,華南永昌-高雄,2024-03-25,9303
8996,高力,32,8,24,華南永昌-高雄,2024-03-25,9303
2002,中鋼,20,0,20,華南永昌-高雄,2024-03-25,9303
2809,京城銀,21,1,20,華南永昌-高雄,2024-03-25,9303
1617,榮星,20,0,20,華南永昌-高雄,2024-03-25,9303
4915,致伸,20,1,19,華南永昌-高雄,2024-03-25,9303
3708,上緯投控,34,15,19,華南永昌-高雄,2024-03-25,9303
1597,直得,36,17,19,華南永昌-高雄,2024-03-25,9303
00679B,元大美債20年,25,8,17,華南永昌-高雄,2024-03-25,9303
2882,國泰金,17,0,17,華南永昌-高雄,2024-03-25,9303
00905,FT臺灣Smart,17,0,17,華南永昌-高雄,2024-03-25,9303
2324,仁寶,23,6,17,華南永昌-高雄,2024-03-25,9303
8085,福華,19,3,16,華南永昌-高雄,2024-03-25,9303
4934,太極,16,0,16,華南永昌-高雄,2024-03-25,9303
8054,安國,19,3,16,華南永昌-高雄,2024-03-25,9303
6285,啟��,16,1,15,華南永昌-高雄,2024-03-25,9303
2641,正德,16,1,15,華南永昌-高雄,2024-03-25,9303
5443,均豪,19,4,15,華南永昌-高雄,2024-03-25,9303
2457,飛宏,26,11,15,華南永昌-高雄,2024-03-25,9303
6188,廣明,37,22,15,華南永昌-高雄,2024-03-25,9303
5512,力麒,14,0,14,華南永昌-高雄,2024-03-25,9303
2376,技嘉,21,8,13,華南永昌-高雄,2024-03-25,9303
8033,雷虎,23,10,13,華南永昌-高雄,2024-03-25,9303
6163,華電網,13,0,13,華南永昌-高雄,2024-03-25,9303
00720B,元大投資級公司債,21,9,12,華南永昌-高雄,2024-03-25,9303
4162,智擎,13,1,12,華南永昌-高雄,2024-03-25,9303
6125,廣運,98,86,12,華南永昌-高雄,2024-03-25,9303
8050,廣積,11,0,11,華南永昌-高雄,2024-03-25,9303
2492,華新科,13,2,11,華南永昌-高雄,2024-03-25,9303
2880,華南金,22,11,11,華南永昌-高雄,2024-03-25,9303
5498,凱崴,11,0,11,華南永昌-高雄,2024-03-25,9303
3339,泰谷,11,0,11,華南永昌-高雄,2024-03-25,9303
00937B,群益ESG投等債20,387,113,274,華南永昌-高雄,2024-03-26,9303
2880,華南金,366,160,206,華南永昌-高雄,2024-03-26,9303
00939,統一台灣高息動能,235,117,118,華南永昌-高雄,2024-03-26,9303
00720B,元大投資級公司債,113,2,111,華南永昌-高雄,2024-03-26,9303
00941,中信上游半導體,155,58,97,華南永昌-高雄,2024-03-26,9303
2359,所羅門,192,113,79,華南永昌-高雄,2024-03-26,9303
2609,陽明,78,1,77,華南永昌-高雄,2024-03-26,9303
2367,燿華,122,49,73,華南永昌-高雄,2024-03-26,9303
2356,英業達,115,43,72,華南永昌-高雄,2024-03-26,9303
3231,緯創,119,50,69,華南永昌-高雄,2024-03-26,9303
2303,聯電,87,18,69,華南永昌-高雄,2024-03-26,9303
6875,國邑*,50,1,49,華南永昌-高雄,2024-03-26,9303
2618,長榮航,50,1,49,華南永昌-高雄,2024-03-26,9303
2313,華通,56,8,48,華南永昌-高雄,2024-03-26,9303
8112,至上,50,9,41,華南永昌-高雄,2024-03-26,9303
1504,東元,68,28,40,華南永昌-高雄,2024-03-26,9303
1513,中興電,133,94,39,華南永昌-高雄,2024-03-26,9303
5443,均豪,38,3,35,華南永昌-高雄,2024-03-26,9303
2464,盟立,47,12,35,華南永昌-高雄,2024-03-26,9303
3481,群創,54,22,32,華南永昌-高雄,2024-03-26,9303
5347,世界,38,10,28,華南永昌-高雄,2024-03-26,9303
2388,威盛,44,16,28,華南永昌-高雄,2024-03-26,9303
2610,華航,39,12,27,華南永昌-高雄,2024-03-26,9303
3060,銘異,25,0,25,華南永昌-高雄,2024-03-26,9303
3047,訊舟,25,0,25,華南永昌-高雄,2024-03-26,9303
2344,華邦電,62,37,25,華南永昌-高雄,2024-03-26,9303
6770,力積電,29,4,25,華南永昌-高雄,2024-03-26,9303
3558,神準,24,0,24,華南永昌-高雄,2024-03-26,9303
2486,一詮,168,144,24,華南永昌-高雄,2024-03-26,9303
6531,愛普*,24,0,24,華南永昌-高雄,2024-03-26,9303
6122,擎邦,26,2,24,華南永昌-高雄,2024-03-26,9303
00753L,中信中國50正2,21,0,21,華南永昌-高雄,2024-03-26,9303
2547,日勝生,20,0,20,華南永昌-高雄,2024-03-26,9303
2014,中鴻,21,1,20,華南永昌-高雄,2024-03-26,9303
9941,裕融,20,1,19,華南永昌-高雄,2024-03-26,9303
00715L,期街口布蘭特正2,21,2,19,華南永昌-高雄,2024-03-26,9303
3017,奇鋐,22,3,19,華南永昌-高雄,2024-03-26,9303
2409,友達,22,4,18,華南永昌-高雄,2024-03-26,9303
5608,四維航,18,0,18,華南永昌-高雄,2024-03-26,9303
8996,高力,21,4,17,華南永昌-高雄,2024-03-26,9303
4576,大銀微系統,18,1,17,華南永昌-高雄,2024-03-26,9303
4915,致伸,20,3,17,華南永昌-高雄,2024-03-26,9303
00687B,國泰20年美債,17,0,17,華南永昌-高雄,2024-03-26,9303
2421,建準,30,14,16,華南永昌-高雄,2024-03-26,9303
6016,康和證,16,0,16,華南永昌-高雄,2024-03-26,9303
4402,郡都開發,16,0,16,華南永昌-高雄,2024-03-26,9303
1201,味全,16,0,16,華南永昌-高雄,2024-03-26,9303
6719,力智,15,0,15,華南永昌-高雄,2024-03-26,9303
00638R,元大滬深300反1,15,0,15,華南永昌-高雄,2024-03-26,9303
6530,創威,76,62,14,華南永昌-高雄,2024-03-26,9303
00919,群益台灣精選高息,257,73,184,華南永昌-高雄,2024-03-27,9303
8936,國統,197,46,151,華南永昌-高雄,2024-03-27,9303
2409,友達,125,0,125,華南永昌-高雄,2024-03-27,9303
912000,晨訊科-DR,110,0,110,華南永昌-高雄,2024-03-27,9303
00680L,元大美債20正2,100,0,100,華南永昌-高雄,2024-03-27,9303
00939,統一台灣高息動能,108,20,88,華南永昌-高雄,2024-03-27,9303
3481,群創,85,11,74,華南永昌-高雄,2024-03-27,9303
2890,永豐金,53,0,53,華南永昌-高雄,2024-03-27,9303
2464,盟立,91,38,53,華南永昌-高雄,2024-03-27,9303
2303,聯電,63,13,50,華南永昌-高雄,2024-03-27,9303
00706L,期元大S＆P日圓正2,50,0,50,華南永昌-高雄,2024-03-27,9303
3231,緯創,58,10,48,華南永昌-高雄,2024-03-27,9303
2634,漢翔,67,20,47,華南永昌-高雄,2024-03-27,9303
2891,中信金,70,29,41,華南永昌-高雄,2024-03-27,9303
2241,艾姆勒,40,0,40,華南永昌-高雄,2024-03-27,9303
4127,天良,45,7,38,華南永昌-高雄,2024-03-27,9303
00929,復華台灣科技優息,73,36,37,華南永昌-高雄,2024-03-27,9303
00857B,永豐20年美公債,32,0,32,華南永昌-高雄,2024-03-27,9303
2301,光寶科,40,9,31,華南永昌-高雄,2024-03-27,9303
2109,華豐,30,0,30,華南永昌-高雄,2024-03-27,9303
2367,燿華,135,105,30,華南永昌-高雄,2024-03-27,9303
1513,中興電,87,58,29,華南永昌-高雄,2024-03-27,9303
2359,所羅門,32,3,29,華南永昌-高雄,2024-03-27,9303
00918,大華優利高填息30,30,1,29,華南永昌-高雄,2024-03-27,9303
2880,華南金,39,12,27,華南永昌-高雄,2024-03-27,9303
1342,八貫,29,3,26,華南永昌-高雄,2024-03-27,9303
3545,敦泰,49,24,25,華南永昌-高雄,2024-03-27,9303
2421,建準,36,13,23,華南永昌-高雄,2024-03-27,9303
2913,農林,23,1,22,華南永昌-高雄,2024-03-27,9303
5483,中美晶,35,14,21,華南永昌-高雄,2024-03-27,9303
2501,國建,42,21,21,華南永昌-高雄,2024-03-27,9303
1808,潤隆,27,7,20,華南永昌-高雄,2024-03-27,9303
00941,中信上游半導體,25,6,19,華南永昌-高雄,2024-03-27,9303
4402,郡都開發,22,3,19,華南永昌-高雄,2024-03-27,9303
6122,擎邦,23,4,19,華南永昌-高雄,2024-03-27,9303
6770,力積電,23,5,18,華南永昌-高雄,2024-03-27,9303
1617,榮星,21,6,15,華南永昌-高雄,2024-03-27,9303
3363,上詮,14,0,14,華南永昌-高雄,2024-03-27,9303
3189,景碩,14,0,14,華南永昌-高雄,2024-03-27,9303
5439,高技,13,0,13,華南永昌-高雄,2024-03-27,9303
1101,台泥,14,2,12,華南永昌-高雄,2024-03-27,9303
2002,中鋼,12,0,12,華南永昌-高雄,2024-03-27,9303
6282,康舒,12,0,12,華南永昌-高雄,2024-03-27,9303
2611,志信,15,3,12,華南永昌-高雄,2024-03-27,9303
00753L,中信中國50正2,20,8,12,華南永昌-高雄,2024-03-27,9303
00933B,國泰10Y+金融債,12,0,12,華南永昌-高雄,2024-03-27,9303
00937B,群益ESG投等債20,19,8,11,華南永昌-高雄,2024-03-27,9303
1514,亞力,27,16,11,華南永昌-高雄,2024-03-27,9303
1503,士電,14,3,11,華南永昌-高雄,2024-03-27,9303
2834,臺企銀,16,5,11,華南永昌-高雄,2024-03-27,9303
3058,立德,230,5,225,華南永昌-高雄,2024-03-28,9303
2409,友達,152,5,147,華南永昌-高雄,2024-03-28,9303
00937B,群益ESG投等債20,162,35,127,華南永昌-高雄,2024-03-28,9303
2883,凱基金,168,72,96,華南永昌-高雄,2024-03-28,9303
00939,統一台灣高息動能,115,34,81,華南永昌-高雄,2024-03-28,9303
2891,中信金,76,2,74,華南永昌-高雄,2024-03-28,9303
5871,中租-KY,60,0,60,華南永昌-高雄,2024-03-28,9303
00666R,富邦�琤肭磪齯�1,60,0,60,華南永昌-高雄,2024-03-28,9303
8255,朋程,55,0,55,華南永昌-高雄,2024-03-28,9303
00919,群益台灣精選高息,127,77,50,華南永昌-高雄,2024-03-28,9303
2501,國建,50,0,50,華南永昌-高雄,2024-03-28,9303
2634,漢翔,70,25,45,華南永昌-高雄,2024-03-28,9303
2356,英業達,67,23,44,華南永昌-高雄,2024-03-28,9303
2834,臺企銀,42,0,42,華南永昌-高雄,2024-03-28,9303
1314,中石化,40,3,37,華南永昌-高雄,2024-03-28,9303
2887,台新金,36,0,36,華南永昌-高雄,2024-03-28,9303
00933B,國泰10Y+金融債,33,0,33,華南永昌-高雄,2024-03-28,9303
00941,中信上游半導體,46,14,32,華南永昌-高雄,2024-03-28,9303
2888,新光金,30,0,30,華南永昌-高雄,2024-03-28,9303
00887,永豐中國科技50大,30,0,30,華南永昌-高雄,2024-03-28,9303
2405,輔信,30,0,30,華南永昌-高雄,2024-03-28,9303
2486,一詮,48,20,28,華南永昌-高雄,2024-03-28,9303
1316,上曜,119,91,28,華南永昌-高雄,2024-03-28,9303
2618,長榮航,37,9,28,華南永昌-高雄,2024-03-28,9303
2301,光寶科,42,15,27,華南永昌-高雄,2024-03-28,9303
1503,士電,30,4,26,華南永昌-高雄,2024-03-28,9303
3706,神達,35,11,24,華南永昌-高雄,2024-03-28,9303
1727,中華化,24,1,23,華南永昌-高雄,2024-03-28,9303
6122,擎邦,33,10,23,華南永昌-高雄,2024-03-28,9303
2897,王道銀行,23,0,23,華南永昌-高雄,2024-03-28,9303
4114,健喬,21,1,20,華南永昌-高雄,2024-03-28,9303
6770,力積電,35,16,19,華南永昌-高雄,2024-03-28,9303
2328,廣宇,183,164,19,華南永昌-高雄,2024-03-28,9303
2408,南亞科,21,4,17,華南永昌-高雄,2024-03-28,9303
5284,jpp-KY,50,33,17,華南永昌-高雄,2024-03-28,9303
6517,保勝光學,18,1,17,華南永昌-高雄,2024-03-28,9303
4306,炎洲,18,2,16,華南永昌-高雄,2024-03-28,9303
6239,力成,24,8,16,華南永昌-高雄,2024-03-28,9303
5314,世紀,22,7,15,華南永昌-高雄,2024-03-28,9303
2615,萬海,16,1,15,華南永昌-高雄,2024-03-28,9303
00676R,富邦臺灣加權反1,15,0,15,華南永昌-高雄,2024-03-28,9303
00638R,元大滬深300反1,15,0,15,華南永昌-高雄,2024-03-28,9303
4402,郡都開發,15,0,15,華南永昌-高雄,2024-03-28,9303
00936,台新永續高息中小,15,0,15,華南永昌-高雄,2024-03-28,9303
1409,新纖,15,1,14,華南永昌-高雄,2024-03-28,9303
6425,易發,36,22,14,華南永昌-高雄,2024-03-28,9303
5388,中磊,15,2,13,華南永昌-高雄,2024-03-28,9303
8201,無敵,13,0,13,華南永昌-高雄,2024-03-28,9303
2352,佳世達,15,2,13,華南永昌-高雄,2024-03-28,9303
2702,華園,13,0,13,華南永昌-高雄,2024-03-28,9303
2317,鴻海,158,68,90,華南永昌-高雄,2024-03-29,9303
3481,群創,84,2,82,華南永昌-高雄,2024-03-29,9303
912000,晨訊科-DR,58,0,58,華南永昌-高雄,2024-03-29,9303
1815,富喬,164,107,57,華南永昌-高雄,2024-03-29,9303
2409,友達,50,0,50,華南永昌-高雄,2024-03-29,9303
6901,鑽石投資,50,0,50,華南永昌-高雄,2024-03-29,9303
2880,華南金,105,56,49,華南永昌-高雄,2024-03-29,9303
1314,中石化,58,10,48,華南永昌-高雄,2024-03-29,9303
5469,瀚宇博,120,76,44,華南永昌-高雄,2024-03-29,9303
6005,群益證,40,0,40,華南永昌-高雄,2024-03-29,9303
00687B,國泰20年美債,41,4,37,華南永昌-高雄,2024-03-29,9303
6216,居易,35,0,35,華南永昌-高雄,2024-03-29,9303
00939,統一台灣高息動能,44,12,32,華南永昌-高雄,2024-03-29,9303
4714,永捷,40,10,30,華南永昌-高雄,2024-03-29,9303
1808,潤隆,28,0,28,華南永昌-高雄,2024-03-29,9303
2514,龍邦,28,0,28,華南永昌-高雄,2024-03-29,9303
8121,越峰,26,0,26,華南永昌-高雄,2024-03-29,9303
4402,郡都開發,26,0,26,華南永昌-高雄,2024-03-29,9303
2609,陽明,34,10,24,華南永昌-高雄,2024-03-29,9303
2301,光寶科,43,20,23,華南永昌-高雄,2024-03-29,9303
2641,正德,20,0,20,華南永昌-高雄,2024-03-29,9303
8201,無敵,20,0,20,華南永昌-高雄,2024-03-29,9303
00688L,國泰20年美債正2,19,0,19,華南永昌-高雄,2024-03-29,9303
6125,廣運,36,18,18,華南永昌-高雄,2024-03-29,9303
1722,台肥,18,0,18,華南永昌-高雄,2024-03-29,9303
6122,擎邦,18,0,18,華南永昌-高雄,2024-03-29,9303
2537,聯上發,30,13,17,華南永昌-高雄,2024-03-29,9303
6456,GIS-KY,17,1,16,華南永昌-高雄,2024-03-29,9303
2328,廣宇,18,2,16,華南永昌-高雄,2024-03-29,9303
8423,保綠-KY,15,0,15,華南永昌-高雄,2024-03-29,9303
1504,東元,27,12,15,華南永昌-高雄,2024-03-29,9303
5309,系統電,29,15,14,華南永昌-高雄,2024-03-29,9303
6451,訊芯-KY,14,0,14,華南永昌-高雄,2024-03-29,9303
1785,光洋科,16,2,14,華南永昌-高雄,2024-03-29,9303
0056,元大高股息,23,10,13,華南永昌-高雄,2024-03-29,9303
2371,大同,21,8,13,華南永昌-高雄,2024-03-29,9303
4420,光明,13,0,13,華南永昌-高雄,2024-03-29,9303
2385,群光,24,11,13,華南永昌-高雄,2024-03-29,9303
2464,盟立,21,8,13,華南永昌-高雄,2024-03-29,9303
00680L,元大美債20正2,12,0,12,華南永昌-高雄,2024-03-29,9303
3706,神達,24,12,12,華南永昌-高雄,2024-03-29,9303
1616,億泰,16,5,11,華南永昌-高雄,2024-03-29,9303
00753L,中信中國50正2,11,0,11,華南永昌-高雄,2024-03-29,9303
8150,南茂,13,2,11,華南永昌-高雄,2024-03-29,9303
6248,沛波,10,0,10,華南永昌-高雄,2024-03-29,9303
6282,康舒,10,0,10,華南永昌-高雄,2024-03-29,9303
8155,博智,10,0,10,華南永昌-高雄,2024-03-29,9303
2421,建準,68,58,10,華南永昌-高雄,2024-03-29,9303
2025,千興,10,0,10,華南永昌-高雄,2024-03-29,9303
1604,聲寶,10,0,10,華南永昌-高雄,2024-03-29,9303
00940,元大台灣價值高息,1230,207,1023,華南永昌-高雄,2024-04-01,9303
2020,美亞,171,4,167,華南永昌-高雄,2024-04-01,9303
2417,圓剛,115,1,114,華南永昌-高雄,2024-04-01,9303
00939,統一台灣高息動能,116,13,103,華南永昌-高雄,2024-04-01,9303
00919,群益台灣精選高息,96,5,91,華南永昌-高雄,2024-04-01,9303
00878,國泰永續高股息,82,10,72,華南永昌-高雄,2024-04-01,9303
2881,富邦金,70,0,70,華南永昌-高雄,2024-04-01,9303
00679B,元大美債20年,76,7,69,華南永昌-高雄,2024-04-01,9303
6016,康和證,80,14,66,華南永昌-高雄,2024-04-01,9303
912000,晨訊科-DR,60,0,60,華南永昌-高雄,2024-04-01,9303
2329,華泰,66,12,54,華南永昌-高雄,2024-04-01,9303
6227,茂綸,50,3,47,華南永昌-高雄,2024-04-01,9303
6462,神盾,47,6,41,華南永昌-高雄,2024-04-01,9303
2482,連宇,39,0,39,華南永昌-高雄,2024-04-01,9303
2891,中信金,39,2,37,華南永昌-高雄,2024-04-01,9303
2324,仁寶,44,8,36,華南永昌-高雄,2024-04-01,9303
2501,國建,35,1,34,華南永昌-高雄,2024-04-01,9303
00923,群益台ESG低碳50,34,0,34,華南永昌-高雄,2024-04-01,9303
3231,緯創,53,19,34,華南永昌-高雄,2024-04-01,9303
00922,國泰台灣領袖50,34,1,33,華南永昌-高雄,2024-04-01,9303
6005,群益證,35,3,32,華南永昌-高雄,2024-04-01,9303
4994,傳奇,30,0,30,華南永昌-高雄,2024-04-01,9303
2313,華通,45,16,29,華南永昌-高雄,2024-04-01,9303
1504,東元,31,4,27,華南永昌-高雄,2024-04-01,9303
00941,中信上游半導體,47,21,26,華南永昌-高雄,2024-04-01,9303
2382,廣達,57,31,26,華南永昌-高雄,2024-04-01,9303
00882,中信中國高股息,25,0,25,華南永昌-高雄,2024-04-01,9303
2301,光寶科,32,7,25,華南永昌-高雄,2024-04-01,9303
5880,合庫金,23,0,23,華南永昌-高雄,2024-04-01,9303
9105,泰金寶-DR,21,0,21,華南永昌-高雄,2024-04-01,9303
00673R,期元大S＆P原油反1,20,0,20,華南永昌-高雄,2024-04-01,9303
2317,鴻海,82,62,20,華南永昌-高雄,2024-04-01,9303
00712,復華富時不動產,34,15,19,華南永昌-高雄,2024-04-01,9303
00929,復華台灣科技優息,43,25,18,華南永昌-高雄,2024-04-01,9303
2883,凱基金,22,4,18,華南永昌-高雄,2024-04-01,9303
1101,台泥,21,4,17,華南永昌-高雄,2024-04-01,9303
2354,鴻準,39,22,17,華南永昌-高雄,2024-04-01,9303
00676R,富邦臺灣加權反1,17,0,17,華南永昌-高雄,2024-04-01,9303
3321,同泰,17,0,17,華南永昌-高雄,2024-04-01,9303
6414,樺漢,17,1,16,華南永昌-高雄,2024-04-01,9303
00687B,國泰20年美債,19,4,15,華南永昌-高雄,2024-04-01,9303
6719,力智,18,4,14,華南永昌-高雄,2024-04-01,9303
2460,建通,15,1,14,華南永昌-高雄,2024-04-01,9303
2356,英業達,26,12,14,華南永昌-高雄,2024-04-01,9303
1808,潤隆,15,2,13,華南永昌-高雄,2024-04-01,9303
1785,光洋科,19,6,13,華南永昌-高雄,2024-04-01,9303
2303,聯電,41,28,13,華南永昌-高雄,2024-04-01,9303
2506,太設,12,0,12,華南永昌-高雄,2024-04-01,9303
6547,高端疫苗,15,3,12,華南永昌-高雄,2024-04-01,9303
2888,新光金,11,0,11,華南永昌-高雄,2024-04-01,9303
00940,元大台灣價值高息,488,190,298,華南永昌-高雄,2024-04-02,9303
00632R,元大台灣50反1,250,0,250,華南永昌-高雄,2024-04-02,9303
00929,復華台灣科技優息,223,18,205,華南永昌-高雄,2024-04-02,9303
2409,友達,132,6,126,華南永昌-高雄,2024-04-02,9303
2417,圓剛,136,11,125,華南永昌-高雄,2024-04-02,9303
2540,愛山林,89,2,87,華南永昌-高雄,2024-04-02,9303
00680L,元大美債20正2,74,0,74,華南永昌-高雄,2024-04-02,9303
00679B,元大美債20年,86,31,55,華南永昌-高雄,2024-04-02,9303
00941,中信上游半導體,63,9,54,華南永昌-高雄,2024-04-02,9303
2371,大同,99,48,51,華南永昌-高雄,2024-04-02,9303
00933B,國泰10Y+金融債,52,2,50,華南永昌-高雄,2024-04-02,9303
2486,一詮,65,16,49,華南永昌-高雄,2024-04-02,9303
00687B,國泰20年美債,79,31,48,華南永昌-高雄,2024-04-02,9303
00688L,國泰20年美債正2,47,0,47,華南永昌-高雄,2024-04-02,9303
2834,臺企銀,46,0,46,華南永昌-高雄,2024-04-02,9303
4908,前鼎,49,5,44,華南永昌-高雄,2024-04-02,9303
3622,洋華,52,8,44,華南永昌-高雄,2024-04-02,9303
00650L,復華香港正2,48,5,43,華南永昌-高雄,2024-04-02,9303
00633L,富邦上証正2,41,0,41,華南永昌-高雄,2024-04-02,9303
00720B,元大投資級公司債,35,5,30,華南永昌-高雄,2024-04-02,9303
2514,龍邦,30,0,30,華南永昌-高雄,2024-04-02,9303
2314,台揚,30,0,30,華南永昌-高雄,2024-04-02,9303
9136,巨騰-DR,30,0,30,華南永昌-高雄,2024-04-02,9303
3489,森寶,30,0,30,華南永昌-高雄,2024-04-02,9303
2408,南亞科,33,4,29,華南永昌-高雄,2024-04-02,9303
00712,復華富時不動產,27,0,27,華南永昌-高雄,2024-04-02,9303
4714,永捷,34,7,27,華南永昌-高雄,2024-04-02,9303
1785,光洋科,34,9,25,華南永昌-高雄,2024-04-02,9303
1582,信錦,25,0,25,華南永昌-高雄,2024-04-02,9303
6485,點序,25,0,25,華南永昌-高雄,2024-04-02,9303
2374,佳能,103,79,24,華南永昌-高雄,2024-04-02,9303
2344,華邦電,24,1,23,華南永昌-高雄,2024-04-02,9303
00751B,元大AAA至A公司債,23,0,23,華南永昌-高雄,2024-04-02,9303
00937B,群益ESG投等債20,98,76,22,華南永昌-高雄,2024-04-02,9303
1455,集盛,22,0,22,華南永昌-高雄,2024-04-02,9303
00857B,永豐20年美公債,21,0,21,華南永昌-高雄,2024-04-02,9303
1609,大亞,35,14,21,華南永昌-高雄,2024-04-02,9303
3017,奇鋐,22,3,19,華南永昌-高雄,2024-04-02,9303
2883,凱基金,21,2,19,華南永昌-高雄,2024-04-02,9303
8085,福華,33,14,19,華南永昌-高雄,2024-04-02,9303
2501,國建,23,4,19,華南永昌-高雄,2024-04-02,9303
2603,長榮,27,8,19,華南永昌-高雄,2024-04-02,9303
2618,長榮航,20,2,18,華南永昌-高雄,2024-04-02,9303
1808,潤隆,25,7,18,華南永昌-高雄,2024-04-02,9303
2329,華泰,50,32,18,華南永昌-高雄,2024-04-02,9303
1603,華電,27,9,18,華南永昌-高雄,2024-04-02,9303
6415,矽力*-KY,17,0,17,華南永昌-高雄,2024-04-02,9303
8028,昇陽半導體,18,1,17,華南永昌-高雄,2024-04-02,9303
3032,偉訓,17,2,15,華南永昌-高雄,2024-04-02,9303
1616,億泰,15,0,15,華南永昌-高雄,2024-04-02,9303
00940,元大台灣價值高息,356,32,324,華南永昌-高雄,2024-04-03,9303
00929,復華台灣科技優息,229,1,228,華南永昌-高雄,2024-04-03,9303
00687B,國泰20年美債,123,0,123,華南永昌-高雄,2024-04-03,9303
00679B,元大美債20年,117,1,116,華南永昌-高雄,2024-04-03,9303
2486,一詮,266,172,94,華南永昌-高雄,2024-04-03,9303
3006,晶豪科,90,3,87,華南永昌-高雄,2024-04-03,9303
2317,鴻海,99,38,61,華南永昌-高雄,2024-04-03,9303
4402,郡都開發,60,0,60,華南永昌-高雄,2024-04-03,9303
00688L,國泰20年美債正2,80,20,60,華南永昌-高雄,2024-04-03,9303
3481,群創,63,4,59,華南永昌-高雄,2024-04-03,9303
2890,永豐金,53,0,53,華南永昌-高雄,2024-04-03,9303
00680L,元大美債20正2,55,3,52,華南永昌-高雄,2024-04-03,9303
6207,雷科,74,25,49,華南永昌-高雄,2024-04-03,9303
00941,中信上游半導體,50,11,39,華南永昌-高雄,2024-04-03,9303
6235,華孚,44,5,39,華南永昌-高雄,2024-04-03,9303
2887,台新金,39,0,39,華南永昌-高雄,2024-04-03,9303
2501,國建,35,0,35,華南永昌-高雄,2024-04-03,9303
2409,友達,46,13,33,華南永昌-高雄,2024-04-03,9303
2515,中工,66,35,31,華南永昌-高雄,2024-04-03,9303
2312,金寶,30,0,30,華南永昌-高雄,2024-04-03,9303
00891,中信關鍵半導體,30,3,27,華南永昌-高雄,2024-04-03,9303
2882,國泰金,54,27,27,華南永昌-高雄,2024-04-03,9303
2618,長榮航,28,1,27,華南永昌-高雄,2024-04-03,9303
8390,金益鼎,44,18,26,華南永昌-高雄,2024-04-03,9303
2007,燁興,35,10,25,華南永昌-高雄,2024-04-03,9303
2344,華邦電,32,7,25,華南永昌-高雄,2024-04-03,9303
8064,東捷,54,30,24,華南永昌-高雄,2024-04-03,9303
1316,上曜,27,3,24,華南永昌-高雄,2024-04-03,9303
2892,第一金,23,0,23,華南永昌-高雄,2024-04-03,9303
2883,凱基金,21,0,21,華南永昌-高雄,2024-04-03,9303
2408,南亞科,25,4,21,華南永昌-高雄,2024-04-03,9303
6125,廣運,24,3,21,華南永昌-高雄,2024-04-03,9303
00830,國泰費城半導體,25,5,20,華南永昌-高雄,2024-04-03,9303
2023,燁輝,21,1,20,華南永昌-高雄,2024-04-03,9303
3706,神達,24,5,19,華南永昌-高雄,2024-04-03,9303
00927,群益半導體收益,19,1,18,華南永昌-高雄,2024-04-03,9303
8463,潤泰材,18,0,18,華南永昌-高雄,2024-04-03,9303
6753,龍德造船,33,15,18,華南永昌-高雄,2024-04-03,9303
3703,欣陸,21,4,17,華南永昌-高雄,2024-04-03,9303
2201,裕隆,16,0,16,華南永昌-高雄,2024-04-03,9303
3673,TPK-KY,18,2,16,華南永昌-高雄,2024-04-03,9303
5864,致和證,15,0,15,華南永昌-高雄,2024-04-03,9303
2609,陽明,19,4,15,華南永昌-高雄,2024-04-03,9303
2881,富邦金,15,0,15,華南永昌-高雄,2024-04-03,9303
1795,美時,26,11,15,華南永昌-高雄,2024-04-03,9303
6806,森崴能源,15,1,14,華南永昌-高雄,2024-04-03,9303
6591,動力-KY,14,0,14,華南永昌-高雄,2024-04-03,9303
00665L,富邦�琤肭磪囓�2,23,9,14,華南永昌-高雄,2024-04-03,9303
00720B,元大投資級公司債,21,7,14,華南永昌-高雄,2024-04-03,9303
6116,彩晶,16,2,14,華南永昌-高雄,2024-04-03,9303
00940,元大台灣價值高息,369,84,285,華南永昌-高雄,2024-04-08,9303
8936,國統,204,9,195,華南永昌-高雄,2024-04-08,9303
00937B,群益ESG投等債20,185,12,173,華南永昌-高雄,2024-04-08,9303
00929,復華台灣科技優息,168,21,147,華南永昌-高雄,2024-04-08,9303
00719B,元大美債1-3,109,0,109,華南永昌-高雄,2024-04-08,9303
00671R,富邦NASDAQ反1,103,0,103,華南永昌-高雄,2024-04-08,9303
00679B,元大美債20年,98,0,98,華南永昌-高雄,2024-04-08,9303
6215,和椿,101,6,95,華南永昌-高雄,2024-04-08,9303
2374,佳能,122,37,85,華南永昌-高雄,2024-04-08,9303
5202,力新,85,0,85,華南永昌-高雄,2024-04-08,9303
6005,群益證,81,3,78,華南永昌-高雄,2024-04-08,9303
4402,郡都開發,72,2,70,華南永昌-高雄,2024-04-08,9303
2317,鴻海,127,66,61,華南永昌-高雄,2024-04-08,9303
00941,中信上游半導體,67,15,52,華南永昌-高雄,2024-04-08,9303
0056,元大高股息,104,55,49,華南永昌-高雄,2024-04-08,9303
1802,台玻,50,2,48,華南永昌-高雄,2024-04-08,9303
00919,群益台灣精選高息,60,14,46,華南永昌-高雄,2024-04-08,9303
6120,達運,56,15,41,華南永昌-高雄,2024-04-08,9303
8054,安國,49,9,40,華南永昌-高雄,2024-04-08,9303
1609,大亞,62,23,39,華南永昌-高雄,2024-04-08,9303
3036,文曄,50,12,38,華南永昌-高雄,2024-04-08,9303
2329,華泰,34,2,32,華南永昌-高雄,2024-04-08,9303
00931B,統一美債20年,30,0,30,華南永昌-高雄,2024-04-08,9303
00939,統一台灣高息動能,44,15,29,華南永昌-高雄,2024-04-08,9303
00720B,元大投資級公司債,30,1,29,華南永昌-高雄,2024-04-08,9303
2855,統一證,31,2,29,華南永昌-高雄,2024-04-08,9303
2486,一詮,185,157,28,華南永昌-高雄,2024-04-08,9303
8096,擎亞,35,9,26,華南永昌-高雄,2024-04-08,9303
2464,盟立,29,3,26,華南永昌-高雄,2024-04-08,9303
6462,神盾,29,4,25,華南永昌-高雄,2024-04-08,9303
00665L,富邦�琤肭磪囓�2,29,4,25,華南永昌-高雄,2024-04-08,9303
00909,國泰數位支付服務,24,0,24,華南永昌-高雄,2024-04-08,9303
2609,陽明,36,13,23,華南永昌-高雄,2024-04-08,9303
6282,康舒,34,12,22,華南永昌-高雄,2024-04-08,9303
2417,圓剛,23,1,22,華南永昌-高雄,2024-04-08,9303
2371,大同,75,54,21,華南永昌-高雄,2024-04-08,9303
6015,宏遠證,25,4,21,華南永昌-高雄,2024-04-08,9303
1617,榮星,20,0,20,華南永昌-高雄,2024-04-08,9303
00673R,期元大S＆P原油反1,19,0,19,華南永昌-高雄,2024-04-08,9303
2356,英業達,28,9,19,華南永昌-高雄,2024-04-08,9303
2603,長榮,23,6,17,華南永昌-高雄,2024-04-08,9303
3294,英濟,25,8,17,華南永昌-高雄,2024-04-08,9303
00753L,中信中國50正2,16,0,16,華南永昌-高雄,2024-04-08,9303
4109,加捷生醫,16,0,16,華南永昌-高雄,2024-04-08,9303
5386,青雲,16,0,16,華南永昌-高雄,2024-04-08,9303
2359,所羅門,31,15,16,華南永昌-高雄,2024-04-08,9303
00725B,國泰投資級公司債,15,0,15,華南永昌-高雄,2024-04-08,9303
2353,宏��,26,11,15,華南永昌-高雄,2024-04-08,9303
00722B,群益投資級電信債,15,0,15,華南永昌-高雄,2024-04-08,9303
2618,長榮航,26,12,14,華南永昌-高雄,2024-04-08,9303
00929,復華台灣科技優息,442,18,424,華南永昌-高雄,2024-04-09,9303
1785,光洋科,209,7,202,華南永昌-高雄,2024-04-09,9303
00937B,群益ESG投等債20,221,26,195,華南永昌-高雄,2024-04-09,9303
3231,緯創,141,48,93,華南永昌-高雄,2024-04-09,9303
2486,一詮,174,83,91,華南永昌-高雄,2024-04-09,9303
00632R,元大台灣50反1,173,100,73,華南永昌-高雄,2024-04-09,9303
6016,康和證,73,0,73,華南永昌-高雄,2024-04-09,9303
2365,昆盈,81,18,63,華南永昌-高雄,2024-04-09,9303
1314,中石化,123,63,60,華南永昌-高雄,2024-04-09,9303
00733,富邦臺灣中小,59,1,58,華南永昌-高雄,2024-04-09,9303
1587,吉茂,61,5,56,華南永昌-高雄,2024-04-09,9303
2464,盟立,136,80,56,華南永昌-高雄,2024-04-09,9303
00719B,元大美債1-3,54,0,54,華南永昌-高雄,2024-04-09,9303
4402,郡都開發,69,17,52,華南永昌-高雄,2024-04-09,9303
0056,元大高股息,52,1,51,華南永昌-高雄,2024-04-09,9303
00940,元大台灣價值高息,87,37,50,華南永昌-高雄,2024-04-09,9303
5469,瀚宇博,50,3,47,華南永昌-高雄,2024-04-09,9303
00939,統一台灣高息動能,53,10,43,華南永昌-高雄,2024-04-09,9303
5521,工信,48,6,42,華南永昌-高雄,2024-04-09,9303
9105,泰金寶-DR,45,4,41,華南永昌-高雄,2024-04-09,9303
1339,昭輝,40,0,40,華南永昌-高雄,2024-04-09,9303
6189,豐藝,60,21,39,華南永昌-高雄,2024-04-09,9303
8085,福華,37,0,37,華南永昌-高雄,2024-04-09,9303
6015,宏遠證,41,4,37,華南永昌-高雄,2024-04-09,9303
3006,晶豪科,53,17,36,華南永昌-高雄,2024-04-09,9303
2354,鴻準,47,11,36,華南永昌-高雄,2024-04-09,9303
6288,聯嘉,36,1,35,華南永昌-高雄,2024-04-09,9303
2371,大同,66,32,34,華南永昌-高雄,2024-04-09,9303
00722B,群益投資級電信債,30,0,30,華南永昌-高雄,2024-04-09,9303
1516,川飛,30,0,30,華南永昌-高雄,2024-04-09,9303
2317,鴻海,100,70,30,華南永昌-高雄,2024-04-09,9303
2329,華泰,37,12,25,華南永昌-高雄,2024-04-09,9303
00679B,元大美債20年,25,0,25,華南永昌-高雄,2024-04-09,9303
00725B,國泰投資級公司債,22,0,22,華南永昌-高雄,2024-04-09,9303
1795,美時,21,0,21,華南永昌-高雄,2024-04-09,9303
1324,地球,21,0,21,華南永昌-高雄,2024-04-09,9303
2887,台新金,41,20,21,華南永昌-高雄,2024-04-09,9303
3013,晟銘電,43,23,20,華南永昌-高雄,2024-04-09,9303
5531,鄉林,20,0,20,華南永昌-高雄,2024-04-09,9303
2476,鉅祥,21,1,20,華南永昌-高雄,2024-04-09,9303
1734,杏輝,20,0,20,華南永昌-高雄,2024-04-09,9303
6188,廣明,27,8,19,華南永昌-高雄,2024-04-09,9303
2344,華邦電,26,7,19,華南永昌-高雄,2024-04-09,9303
2889,國票金,18,0,18,華南永昌-高雄,2024-04-09,9303
6438,迅得,19,1,18,華南永昌-高雄,2024-04-09,9303
2453,凌群,17,1,16,華南永昌-高雄,2024-04-09,9303
8027,鈦昇,16,0,16,華南永昌-高雄,2024-04-09,9303
6163,華電網,19,4,15,華南永昌-高雄,2024-04-09,9303
2313,華通,44,30,14,華南永昌-高雄,2024-04-09,9303
2356,英業達,29,15,14,華南永昌-高雄,2024-04-09,9303
0056,元大高股息,174,4,170,華南永昌-高雄,2024-04-10,9303
00937B,群益ESG投等債20,166,0,166,華南永昌-高雄,2024-04-10,9303
1605,華新,181,18,163,華南永昌-高雄,2024-04-10,9303
00929,復華台灣科技優息,217,73,144,華南永昌-高雄,2024-04-10,9303
00940,元大台灣價值高息,175,40,135,華南永昌-高雄,2024-04-10,9303
00680L,元大美債20正2,102,0,102,華南永昌-高雄,2024-04-10,9303
1584,精剛,93,2,91,華南永昌-高雄,2024-04-10,9303
2890,永豐金,121,35,86,華南永昌-高雄,2024-04-10,9303
00933B,國泰10Y+金融債,138,53,85,華南永昌-高雄,2024-04-10,9303
2506,太設,80,0,80,華南永昌-高雄,2024-04-10,9303
6215,和椿,87,11,76,華南永昌-高雄,2024-04-10,9303
2317,鴻海,100,29,71,華南永昌-高雄,2024-04-10,9303
4402,郡都開發,104,39,65,華南永昌-高雄,2024-04-10,9303
00927,群益半導體收益,65,7,58,華南永昌-高雄,2024-04-10,9303
1608,華榮,97,40,57,華南永昌-高雄,2024-04-10,9303
4168,醣聯,54,0,54,華南永昌-高雄,2024-04-10,9303
00919,群益台灣精選高息,69,16,53,華南永昌-高雄,2024-04-10,9303
3576,聯合再生,62,11,51,華南永昌-高雄,2024-04-10,9303
2547,日勝生,49,0,49,華南永昌-高雄,2024-04-10,9303
00687B,國泰20年美債,55,10,45,華南永昌-高雄,2024-04-10,9303
1536,和大,47,8,39,華南永昌-高雄,2024-04-10,9303
1609,大亞,103,65,38,華南永昌-高雄,2024-04-10,9303
1513,中興電,79,41,38,華南永昌-高雄,2024-04-10,9303
3481,群創,40,3,37,華南永昌-高雄,2024-04-10,9303
2329,華泰,141,105,36,華南永昌-高雄,2024-04-10,9303
9105,泰金寶-DR,102,69,33,華南永昌-高雄,2024-04-10,9303
2883B,凱基金乙特,32,0,32,華南永昌-高雄,2024-04-10,9303
00733,富邦臺灣中小,32,0,32,華南永昌-高雄,2024-04-10,9303
2382,廣達,47,16,31,華南永昌-高雄,2024-04-10,9303
00725B,國泰投資級公司債,31,0,31,華南永昌-高雄,2024-04-10,9303
2515,中工,33,3,30,華南永昌-高雄,2024-04-10,9303
00679B,元大美債20年,29,0,29,華南永昌-高雄,2024-04-10,9303
2486,一詮,71,43,28,華南永昌-高雄,2024-04-10,9303
2601,益航,51,23,28,華南永昌-高雄,2024-04-10,9303
2014,中鴻,28,1,27,華南永昌-高雄,2024-04-10,9303
1516,川飛,27,0,27,華南永昌-高雄,2024-04-10,9303
00941,中信上游半導體,30,3,27,華南永昌-高雄,2024-04-10,9303
2537,聯上發,64,38,26,華南永昌-高雄,2024-04-10,9303
2027,大成鋼,25,2,23,華南永昌-高雄,2024-04-10,9303
3060,銘異,24,1,23,華南永昌-高雄,2024-04-10,9303
2634,漢翔,50,27,23,華南永昌-高雄,2024-04-10,9303
8033,雷虎,27,6,21,華南永昌-高雄,2024-04-10,9303
8085,福華,36,15,21,華南永昌-高雄,2024-04-10,9303
2484,希華,21,0,21,華南永昌-高雄,2024-04-10,9303
2867,三商壽,20,0,20,華南永昌-高雄,2024-04-10,9303
8088,品安,27,7,20,華南永昌-高雄,2024-04-10,9303
00666R,富邦�琤肭磪齯�1,20,0,20,華南永昌-高雄,2024-04-10,9303
6719,力智,34,14,20,華南永昌-高雄,2024-04-10,9303
2376,技嘉,35,17,18,華南永昌-高雄,2024-04-10,9303
1532,勤美,20,2,18,華南永昌-高雄,2024-04-10,9303
2409,友達,352,0,352,華南永昌-高雄,2024-04-11,9303
3481,群創,391,55,336,華南永昌-高雄,2024-04-11,9303
00929,復華台灣科技優息,252,12,240,華南永昌-高雄,2024-04-11,9303
00671R,富邦NASDAQ反1,220,0,220,華南永昌-高雄,2024-04-11,9303
1584,精剛,142,20,122,華南永昌-高雄,2024-04-11,9303
00878,國泰永續高股息,107,6,101,華南永昌-高雄,2024-04-11,9303
0056,元大高股息,89,1,88,華南永昌-高雄,2024-04-11,9303
00679B,元大美債20年,122,35,87,華南永昌-高雄,2024-04-11,9303
2537,聯上發,119,35,84,華南永昌-高雄,2024-04-11,9303
00940,元大台灣價值高息,129,56,73,華南永昌-高雄,2024-04-11,9303
2540,愛山林,76,4,72,華南永昌-高雄,2024-04-11,9303
3231,緯創,90,28,62,華南永昌-高雄,2024-04-11,9303
6226,光鼎,56,0,56,華南永昌-高雄,2024-04-11,9303
6015,宏遠證,53,2,51,華南永昌-高雄,2024-04-11,9303
2344,華邦電,55,4,51,華南永昌-高雄,2024-04-11,9303
5512,力麒,50,2,48,華南永昌-高雄,2024-04-11,9303
2317,鴻海,188,141,47,華南永昌-高雄,2024-04-11,9303
2002,中鋼,49,8,41,華南永昌-高雄,2024-04-11,9303
00857B,永豐20年美公債,41,0,41,華南永昌-高雄,2024-04-11,9303
6116,彩晶,42,1,41,華南永昌-高雄,2024-04-11,9303
6215,和椿,44,6,38,華南永昌-高雄,2024-04-11,9303
1609,大亞,62,25,37,華南永昌-高雄,2024-04-11,9303
3489,森寶,34,0,34,華南永昌-高雄,2024-04-11,9303
00665L,富邦�琤肭磪囓�2,50,17,33,華南永昌-高雄,2024-04-11,9303
2442,新美齊,33,0,33,華南永昌-高雄,2024-04-11,9303
2371,大同,85,53,32,華南永昌-高雄,2024-04-11,9303
9105,泰金寶-DR,62,30,32,華南永昌-高雄,2024-04-11,9303
2390,云辰,29,0,29,華南永昌-高雄,2024-04-11,9303
00715L,期街口布蘭特正2,30,1,29,華南永昌-高雄,2024-04-11,9303
2303,聯電,45,16,29,華南永昌-高雄,2024-04-11,9303
3060,銘異,66,38,28,華南永昌-高雄,2024-04-11,9303
6016,康和證,28,3,25,華南永昌-高雄,2024-04-11,9303
6741,91APP*-KY,26,1,25,華南永昌-高雄,2024-04-11,9303
3706,神達,29,6,23,華南永昌-高雄,2024-04-11,9303
3312,弘憶股,67,44,23,華南永昌-高雄,2024-04-11,9303
1514,亞力,140,118,22,華南永昌-高雄,2024-04-11,9303
2014,中鴻,23,1,22,華南永昌-高雄,2024-04-11,9303
8092,建暐,22,0,22,華南永昌-高雄,2024-04-11,9303
00931B,統一美債20年,23,1,22,華南永昌-高雄,2024-04-11,9303
00933B,國泰10Y+金融債,21,0,21,華南永昌-高雄,2024-04-11,9303
3402,漢科,25,4,21,華南永昌-高雄,2024-04-11,9303
1316,上曜,21,0,21,華南永昌-高雄,2024-04-11,9303
2634,漢翔,24,4,20,華南永昌-高雄,2024-04-11,9303
1314,中石化,40,20,20,華南永昌-高雄,2024-04-11,9303
00939,統一台灣高息動能,35,16,19,華南永昌-高雄,2024-04-11,9303
6177,達麗,19,0,19,華南永昌-高雄,2024-04-11,9303
2610,華航,56,38,18,華南永昌-高雄,2024-04-11,9303
2630,亞航,29,11,18,華南永昌-高雄,2024-04-11,9303
00927,群益半導體收益,17,0,17,華南永昌-高雄,2024-04-11,9303
2881,富邦金,17,0,17,華南永昌-高雄,2024-04-11,9303
00929,復華台灣科技優息,287,10,277,華南永昌-高雄,2024-04-12,9303
00687B,國泰20年美債,162,1,161,華南永昌-高雄,2024-04-12,9303
00878,國泰永續高股息,163,6,157,華南永昌-高雄,2024-04-12,9303
2340,台亞,141,4,137,華南永昌-高雄,2024-04-12,9303
00940,元大台灣價值高息,186,56,130,華南永昌-高雄,2024-04-12,9303
00712,復華富時不動產,115,1,114,華南永昌-高雄,2024-04-12,9303
00937B,群益ESG投等債20,184,73,111,華南永昌-高雄,2024-04-12,9303
8028,昇陽半導體,106,0,106,華南永昌-高雄,2024-04-12,9303
00679B,元大美債20年,101,3,98,華南永昌-高雄,2024-04-12,9303
6770,力積電,106,12,94,華南永昌-高雄,2024-04-12,9303
1570,力肯,82,0,82,華南永昌-高雄,2024-04-12,9303
00720B,元大投資級公司債,77,0,77,華南永昌-高雄,2024-04-12,9303
2409,友達,69,0,69,華南永昌-高雄,2024-04-12,9303
0056,元大高股息,65,0,65,華南永昌-高雄,2024-04-12,9303
6283,淳安,66,3,63,華南永昌-高雄,2024-04-12,9303
2506,太設,66,10,56,華南永昌-高雄,2024-04-12,9303
2618,長榮航,72,17,55,華南永昌-高雄,2024-04-12,9303
00673R,期元大S＆P原油反1,52,0,52,華南永昌-高雄,2024-04-12,9303
2801,彰銀,52,0,52,華南永昌-高雄,2024-04-12,9303
00665L,富邦�琤肭磪囓�2,51,0,51,華南永昌-高雄,2024-04-12,9303
2610,華航,509,459,50,華南永昌-高雄,2024-04-12,9303
2382,廣達,58,8,50,華南永昌-高雄,2024-04-12,9303
1339,昭輝,50,0,50,華南永昌-高雄,2024-04-12,9303
6216,居易,48,0,48,華南永昌-高雄,2024-04-12,9303
2353,宏��,119,73,46,華南永昌-高雄,2024-04-12,9303
2887,台新金,45,0,45,華南永昌-高雄,2024-04-12,9303
2883,凱基金,46,3,43,華南永昌-高雄,2024-04-12,9303
6215,和椿,49,6,43,華南永昌-高雄,2024-04-12,9303
2882,國泰金,39,0,39,華南永昌-高雄,2024-04-12,9303
1218,泰山,43,6,37,華南永昌-高雄,2024-04-12,9303
2344,華邦電,37,1,36,華南永昌-高雄,2024-04-12,9303
3715,定穎投控,42,6,36,華南永昌-高雄,2024-04-12,9303
2537,聯上發,83,49,34,華南永昌-高雄,2024-04-12,9303
3481,群創,45,14,31,華南永昌-高雄,2024-04-12,9303
00752,中信中國50,31,0,31,華南永昌-高雄,2024-04-12,9303
5469,瀚宇博,26,0,26,華南永昌-高雄,2024-04-12,9303
2881,富邦金,25,0,25,華南永昌-高雄,2024-04-12,9303
2356,英業達,50,25,25,華南永昌-高雄,2024-04-12,9303
4207,環泰,25,1,24,華南永昌-高雄,2024-04-12,9303
1584,精剛,44,20,24,華南永昌-高雄,2024-04-12,9303
3231,緯創,47,25,22,華南永昌-高雄,2024-04-12,9303
2405,輔信,29,7,22,華南永昌-高雄,2024-04-12,9303
2812,台中銀,22,0,22,華南永昌-高雄,2024-04-12,9303
1605,華新,45,24,21,華南永昌-高雄,2024-04-12,9303
00933B,國泰10Y+金融債,23,2,21,華南永昌-高雄,2024-04-12,9303
2002,中鋼,21,0,21,華南永昌-高雄,2024-04-12,9303
1101,台泥,22,2,20,華南永昌-高雄,2024-04-12,9303
00680L,元大美債20正2,20,0,20,華南永昌-高雄,2024-04-12,9303
2337,旺宏,24,4,20,華南永昌-高雄,2024-04-12,9303
1229,聯華,19,0,19,華南永昌-高雄,2024-04-12,9303
00929,復華台灣科技優息,596,13,583,華南永昌-高雄,2024-04-15,9303
2303,聯電,338,8,330,華南永昌-高雄,2024-04-15,9303
00940,元大台灣價值高息,185,21,164,華南永昌-高雄,2024-04-15,9303
2371,大同,435,328,107,華南永昌-高雄,2024-04-15,9303
00927,群益半導體收益,100,3,97,華南永昌-高雄,2024-04-15,9303
8936,國統,116,20,96,華南永昌-高雄,2024-04-15,9303
00937B,群益ESG投等債20,136,40,96,華南永昌-高雄,2024-04-15,9303
00919,群益台灣精選高息,128,34,94,華南永昌-高雄,2024-04-15,9303
3481,群創,102,29,73,華南永昌-高雄,2024-04-15,9303
3490,單井,66,2,64,華南永昌-高雄,2024-04-15,9303
2002,中鋼,60,0,60,華南永昌-高雄,2024-04-15,9303
00941,中信上游半導體,61,5,56,華南永昌-高雄,2024-04-15,9303
00712,復華富時不動產,55,0,55,華南永昌-高雄,2024-04-15,9303
2634,漢翔,101,50,51,華南永昌-高雄,2024-04-15,9303
0056,元大高股息,61,11,50,華南永昌-高雄,2024-04-15,9303
3339,泰谷,50,0,50,華南永昌-高雄,2024-04-15,9303
2367,燿華,195,145,50,華南永昌-高雄,2024-04-15,9303
8085,福華,68,23,45,華南永昌-高雄,2024-04-15,9303
1503,士電,48,7,41,華南永昌-高雄,2024-04-15,9303
2540,愛山林,87,47,40,華南永昌-高雄,2024-04-15,9303
5498,凱崴,40,0,40,華南永昌-高雄,2024-04-15,9303
00878,國泰永續高股息,39,0,39,華南永昌-高雄,2024-04-15,9303
1304,台聚,36,0,36,華南永昌-高雄,2024-04-15,9303
4960,誠美材,58,22,36,華南永昌-高雄,2024-04-15,9303
00665L,富邦�琤肭磪囓�2,37,3,34,華南永昌-高雄,2024-04-15,9303
2323,中環,34,1,33,華南永昌-高雄,2024-04-15,9303
2313,華通,35,3,32,華南永昌-高雄,2024-04-15,9303
9105,泰金寶-DR,81,50,31,華南永昌-高雄,2024-04-15,9303
00891,中信關鍵半導體,31,0,31,華南永昌-高雄,2024-04-15,9303
1605,華新,317,287,30,華南永昌-高雄,2024-04-15,9303
00687B,國泰20年美債,57,28,29,華南永昌-高雄,2024-04-15,9303
2356,英業達,30,2,28,華南永昌-高雄,2024-04-15,9303
5381,合正,36,8,28,華南永昌-高雄,2024-04-15,9303
1101,台泥,35,7,28,華南永昌-高雄,2024-04-15,9303
3622,洋華,44,18,26,華南永昌-高雄,2024-04-15,9303
2883,凱基金,45,19,26,華南永昌-高雄,2024-04-15,9303
00720B,元大投資級公司債,27,2,25,華南永昌-高雄,2024-04-15,9303
6216,居易,25,0,25,華南永昌-高雄,2024-04-15,9303
1582,信錦,24,0,24,華南永昌-高雄,2024-04-15,9303
6603,富強鑫,33,10,23,華南永昌-高雄,2024-04-15,9303
6197,佳必琪,23,1,22,華南永昌-高雄,2024-04-15,9303
6016,康和證,22,0,22,華南永昌-高雄,2024-04-15,9303
3105,穩懋,23,1,22,華南永昌-高雄,2024-04-15,9303
8028,昇陽半導體,21,0,21,華南永昌-高雄,2024-04-15,9303
6015,宏遠證,21,0,21,華南永昌-高雄,2024-04-15,9303
3231,緯創,26,5,21,華南永昌-高雄,2024-04-15,9303
2330,台積電,21,1,20,華南永昌-高雄,2024-04-15,9303
2363,矽統,66,47,19,華南永昌-高雄,2024-04-15,9303
5347,世界,28,9,19,華南永昌-高雄,2024-04-15,9303
2353,宏��,54,35,19,華南永昌-高雄,2024-04-15,9303
00940,元大台灣價值高息,753,35,718,華南永昌-高雄,2024-04-16,9303
00929,復華台灣科技優息,373,42,331,華南永昌-高雄,2024-04-16,9303
00919,群益台灣精選高息,280,54,226,華南永昌-高雄,2024-04-16,9303
912000,晨訊科-DR,201,0,201,華南永昌-高雄,2024-04-16,9303
00937B,群益ESG投等債20,261,62,199,華南永昌-高雄,2024-04-16,9303
2409,友達,178,2,176,華南永昌-高雄,2024-04-16,9303
3481,群創,189,29,160,華南永昌-高雄,2024-04-16,9303
2867,三商壽,269,123,146,華南永昌-高雄,2024-04-16,9303
1605,華新,362,221,141,華南永昌-高雄,2024-04-16,9303
2303,聯電,153,18,135,華南永昌-高雄,2024-04-16,9303
5521,工信,124,20,104,華南永昌-高雄,2024-04-16,9303
2344,華邦電,109,6,103,華南永昌-高雄,2024-04-16,9303
00878,國泰永續高股息,156,56,100,華南永昌-高雄,2024-04-16,9303
1609,大亞,205,106,99,華南永昌-高雄,2024-04-16,9303
2547,日勝生,100,3,97,華南永昌-高雄,2024-04-16,9303
2892,第一金,109,13,96,華南永昌-高雄,2024-04-16,9303
2887,台新金,99,3,96,華南永昌-高雄,2024-04-16,9303
0056,元大高股息,129,34,95,華南永昌-高雄,2024-04-16,9303
8936,國統,100,11,89,華南永昌-高雄,2024-04-16,9303
00939,統一台灣高息動能,111,25,86,華南永昌-高雄,2024-04-16,9303
3024,憶聲,82,0,82,華南永昌-高雄,2024-04-16,9303
2630,亞航,102,27,75,華南永昌-高雄,2024-04-16,9303
2356,英業達,79,8,71,華南永昌-高雄,2024-04-16,9303
3060,銘異,95,28,67,華南永昌-高雄,2024-04-16,9303
2801,彰銀,64,0,64,華南永昌-高雄,2024-04-16,9303
2317,鴻海,155,91,64,華南永昌-高雄,2024-04-16,9303
2367,燿華,189,128,61,華南永昌-高雄,2024-04-16,9303
2301,光寶科,67,7,60,華南永昌-高雄,2024-04-16,9303
2417,圓剛,60,0,60,華南永昌-高雄,2024-04-16,9303
2836,高雄銀,112,59,53,華南永昌-高雄,2024-04-16,9303
4960,誠美材,53,0,53,華南永昌-高雄,2024-04-16,9303
2537,聯上發,55,2,53,華南永昌-高雄,2024-04-16,9303
3231,緯創,71,22,49,華南永昌-高雄,2024-04-16,9303
2330,台積電,58,10,48,華南永昌-高雄,2024-04-16,9303
2618,長榮航,52,6,46,華南永昌-高雄,2024-04-16,9303
8440,綠電,135,89,46,華南永昌-高雄,2024-04-16,9303
2634,漢翔,80,37,43,華南永昌-高雄,2024-04-16,9303
8028,昇陽半導體,43,0,43,華南永昌-高雄,2024-04-16,9303
2520,冠德,39,4,35,華南永昌-高雄,2024-04-16,9303
2353,宏��,51,18,33,華南永昌-高雄,2024-04-16,9303
2515,中工,37,4,33,華南永昌-高雄,2024-04-16,9303
5469,瀚宇博,40,7,33,華南永昌-高雄,2024-04-16,9303
00680L,元大美債20正2,32,0,32,華南永昌-高雄,2024-04-16,9303
00927,群益半導體收益,52,21,31,華南永昌-高雄,2024-04-16,9303
2323,中環,46,15,31,華南永昌-高雄,2024-04-16,9303
6197,佳必琪,31,2,29,華南永昌-高雄,2024-04-16,9303
00679B,元大美債20年,40,12,28,華南永昌-高雄,2024-04-16,9303
1102,亞泥,30,2,28,華南永昌-高雄,2024-04-16,9303
00720B,元大投資級公司債,45,17,28,華南永昌-高雄,2024-04-16,9303
00918,大華優利高填息30,30,2,28,華南永昌-高雄,2024-04-16,9303
00937B,群益ESG投等債20,290,6,284,華南永昌-高雄,2024-04-17,9303
00687B,國泰20年美債,137,0,137,華南永昌-高雄,2024-04-17,9303
00940,元大台灣價值高息,152,27,125,華南永昌-高雄,2024-04-17,9303
4960,誠美材,110,0,110,華南永昌-高雄,2024-04-17,9303
00929,復華台灣科技優息,108,6,102,華南永昌-高雄,2024-04-17,9303
912000,晨訊科-DR,100,0,100,華南永昌-高雄,2024-04-17,9303
00857B,永豐20年美公債,78,0,78,華南永昌-高雄,2024-04-17,9303
2303,聯電,91,14,77,華南永昌-高雄,2024-04-17,9303
00927,群益半導體收益,61,1,60,華南永昌-高雄,2024-04-17,9303
0056,元大高股息,67,10,57,華南永昌-高雄,2024-04-17,9303
00712,復華富時不動產,57,0,57,華南永昌-高雄,2024-04-17,9303
2002,中鋼,58,2,56,華南永昌-高雄,2024-04-17,9303
2317,鴻海,100,45,55,華南永昌-高雄,2024-04-17,9303
00933B,國泰10Y+金融債,58,3,55,華南永昌-高雄,2024-04-17,9303
4402,郡都開發,80,27,53,華南永昌-高雄,2024-04-17,9303
00680L,元大美債20正2,53,0,53,華南永昌-高雄,2024-04-17,9303
6770,力積電,54,3,51,華南永昌-高雄,2024-04-17,9303
00632R,元大台灣50反1,50,0,50,華南永昌-高雄,2024-04-17,9303
2374,佳能,69,19,50,華南永昌-高雄,2024-04-17,9303
00679B,元大美債20年,60,12,48,華南永昌-高雄,2024-04-17,9303
2618,長榮航,46,0,46,華南永昌-高雄,2024-04-17,9303
2241,艾姆勒,45,0,45,華南永昌-高雄,2024-04-17,9303
00720B,元大投資級公司債,44,0,44,華南永昌-高雄,2024-04-17,9303
2880,華南金,43,1,42,華南永昌-高雄,2024-04-17,9303
00665L,富邦�琤肭磪囓�2,42,0,42,華南永昌-高雄,2024-04-17,9303
3675,德微,51,13,38,華南永昌-高雄,2024-04-17,9303
00919,群益台灣精選高息,85,49,36,華南永昌-高雄,2024-04-17,9303
2353,宏��,56,23,33,華南永昌-高雄,2024-04-17,9303
8050,廣積,33,0,33,華南永昌-高雄,2024-04-17,9303
2801,彰銀,31,0,31,華南永昌-高雄,2024-04-17,9303
6226,光鼎,41,10,31,華南永昌-高雄,2024-04-17,9303
3231,緯創,101,71,30,華南永昌-高雄,2024-04-17,9303
3490,單井,110,81,29,華南永昌-高雄,2024-04-17,9303
9955,佳龍,41,13,28,華南永昌-高雄,2024-04-17,9303
2882,國泰金,28,0,28,華南永昌-高雄,2024-04-17,9303
2017,官田鋼,33,5,28,華南永昌-高雄,2024-04-17,9303
2301,光寶科,33,5,28,華南永昌-高雄,2024-04-17,9303
3481,群創,53,27,26,華南永昌-高雄,2024-04-17,9303
2537,聯上發,126,100,26,華南永昌-高雄,2024-04-17,9303
1305,華夏,24,0,24,華南永昌-高雄,2024-04-17,9303
2603,長榮,36,13,23,華南永昌-高雄,2024-04-17,9303
6167,久正,25,3,22,華南永昌-高雄,2024-04-17,9303
2103,台橡,22,0,22,華南永昌-高雄,2024-04-17,9303
2609,陽明,28,7,21,華南永昌-高雄,2024-04-17,9303
2888,新光金,21,0,21,華南永昌-高雄,2024-04-17,9303
2356,英業達,39,19,20,華南永昌-高雄,2024-04-17,9303
6142,友勁,20,0,20,華南永昌-高雄,2024-04-17,9303
2316,楠梓電,20,0,20,華南永昌-高雄,2024-04-17,9303
2258,鴻華先進-創,20,0,20,華南永昌-高雄,2024-04-17,9303
2467,志聖,25,6,19,華南永昌-高雄,2024-04-17,9303
2867,三商壽,210,23,187,華南永昌-高雄,2024-04-18,9303
00937B,群益ESG投等債20,183,5,178,華南永昌-高雄,2024-04-18,9303
00940,元大台灣價值高息,151,7,144,華南永昌-高雄,2024-04-18,9303
1608,華榮,249,144,105,華南永昌-高雄,2024-04-18,9303
2337,旺宏,105,1,104,華南永昌-高雄,2024-04-18,9303
2515,中工,146,56,90,華南永昌-高雄,2024-04-18,9303
0056,元大高股息,91,2,89,華南永昌-高雄,2024-04-18,9303
00941,中信上游半導體,87,2,85,華南永昌-高雄,2024-04-18,9303
2329,華泰,99,34,65,華南永昌-高雄,2024-04-18,9303
1305,華夏,63,0,63,華南永昌-高雄,2024-04-18,9303
6125,廣運,79,17,62,華南永昌-高雄,2024-04-18,9303
1504,東元,96,37,59,華南永昌-高雄,2024-04-18,9303
2014,中鴻,96,39,57,華南永昌-高雄,2024-04-18,9303
00676R,富邦臺灣加權反1,50,0,50,華南永昌-高雄,2024-04-18,9303
00929,復華台灣科技優息,61,17,44,華南永昌-高雄,2024-04-18,9303
2344,華邦電,45,2,43,華南永昌-高雄,2024-04-18,9303
5009,榮剛,53,11,42,華南永昌-高雄,2024-04-18,9303
1815,富喬,52,11,41,華南永昌-高雄,2024-04-18,9303
2367,燿華,172,133,39,華南永昌-高雄,2024-04-18,9303
2371,大同,243,206,37,華南永昌-高雄,2024-04-18,9303
1611,中電,45,11,34,華南永昌-高雄,2024-04-18,9303
4402,郡都開發,94,60,34,華南永昌-高雄,2024-04-18,9303
2634,漢翔,80,47,33,華南永昌-高雄,2024-04-18,9303
2356,英業達,38,9,29,華南永昌-高雄,2024-04-18,9303
3703,欣陸,34,6,28,華南永昌-高雄,2024-04-18,9303
3481,群創,38,11,27,華南永昌-高雄,2024-04-18,9303
2017,官田鋼,26,0,26,華南永昌-高雄,2024-04-18,9303
6285,啟��,25,0,25,華南永昌-高雄,2024-04-18,9303
2303,聯電,52,27,25,華南永昌-高雄,2024-04-18,9303
00720B,元大投資級公司債,34,10,24,華南永昌-高雄,2024-04-18,9303
1316,上曜,28,6,22,華南永昌-高雄,2024-04-18,9303
1101,台泥,26,4,22,華南永昌-高雄,2024-04-18,9303
00919,群益台灣精選高息,32,11,21,華南永昌-高雄,2024-04-18,9303
5483,中美晶,22,2,20,華南永昌-高雄,2024-04-18,9303
2887,台新金,20,0,20,華南永昌-高雄,2024-04-18,9303
3707,漢磊,39,20,19,華南永昌-高雄,2024-04-18,9303
6770,力積電,29,11,18,華南永昌-高雄,2024-04-18,9303
6179,亞通,21,3,18,華南永昌-高雄,2024-04-18,9303
00733,富邦臺灣中小,18,0,18,華南永昌-高雄,2024-04-18,9303
2540,愛山林,37,20,17,華南永昌-高雄,2024-04-18,9303
3356,奇偶,20,4,16,華南永昌-高雄,2024-04-18,9303
3025,星通,21,5,16,華南永昌-高雄,2024-04-18,9303
2417,圓剛,15,0,15,華南永昌-高雄,2024-04-18,9303
5607,遠雄港,15,0,15,華南永昌-高雄,2024-04-18,9303
00712,復華富時不動產,25,12,13,華南永昌-高雄,2024-04-18,9303
2889,國票金,13,0,13,華南永昌-高雄,2024-04-18,9303
8011,台通,33,20,13,華南永昌-高雄,2024-04-18,9303
3059,華晶科,13,0,13,華南永昌-高雄,2024-04-18,9303
3576,聯合再生,16,3,13,華南永昌-高雄,2024-04-18,9303
2363,矽統,53,41,12,華南永昌-高雄,2024-04-18,9303
00940,元大台灣價值高息,711,343,368,華南永昌-高雄,2024-04-19,9303
00929,復華台灣科技優息,409,45,364,華南永昌-高雄,2024-04-19,9303
2605,新興,386,211,175,華南永昌-高雄,2024-04-19,9303
2303,聯電,154,2,152,華南永昌-高雄,2024-04-19,9303
00878,國泰永續高股息,153,7,146,華南永昌-高雄,2024-04-19,9303
0056,元大高股息,150,7,143,華南永昌-高雄,2024-04-19,9303
00919,群益台灣精選高息,273,141,132,華南永昌-高雄,2024-04-19,9303
2880,華南金,132,10,122,華南永昌-高雄,2024-04-19,9303
2537,聯上發,253,137,116,華南永昌-高雄,2024-04-19,9303
2867,三商壽,121,6,115,華南永昌-高雄,2024-04-19,9303
5531,鄉林,100,0,100,華南永昌-高雄,2024-04-19,9303
2330,台積電,124,32,92,華南永昌-高雄,2024-04-19,9303
2329,華泰,144,59,85,華南永昌-高雄,2024-04-19,9303
2887,台新金,90,5,85,華南永昌-高雄,2024-04-19,9303
00939,統一台灣高息動能,132,57,75,華南永昌-高雄,2024-04-19,9303
2888,新光金,74,3,71,華南永昌-高雄,2024-04-19,9303
3703,欣陸,83,12,71,華南永昌-高雄,2024-04-19,9303
6770,力積電,103,35,68,華南永昌-高雄,2024-04-19,9303
3481,群創,73,7,66,華南永昌-高雄,2024-04-19,9303
5512,力麒,227,161,66,華南永昌-高雄,2024-04-19,9303
2427,三商電,90,27,63,華南永昌-高雄,2024-04-19,9303
2356,英業達,104,47,57,華南永昌-高雄,2024-04-19,9303
2618,長榮航,60,11,49,華南永昌-高雄,2024-04-19,9303
00891,中信關鍵半導體,68,22,46,華南永昌-高雄,2024-04-19,9303
2515,中工,333,289,44,華南永昌-高雄,2024-04-19,9303
3024,憶聲,44,0,44,華南永昌-高雄,2024-04-19,9303
00712,復華富時不動產,57,14,43,華南永昌-高雄,2024-04-19,9303
4402,郡都開發,81,43,38,華南永昌-高雄,2024-04-19,9303
1612,宏泰,95,57,38,華南永昌-高雄,2024-04-19,9303
2501,國建,41,5,36,華南永昌-高雄,2024-04-19,9303
5347,世界,39,3,36,華南永昌-高雄,2024-04-19,9303
2363,矽統,87,52,35,華南永昌-高雄,2024-04-19,9303
1584,精剛,48,16,32,華南永昌-高雄,2024-04-19,9303
2645,長榮航太,32,0,32,華南永昌-高雄,2024-04-19,9303
00923,群益台ESG低碳50,35,5,30,華南永昌-高雄,2024-04-19,9303
2101,南港,50,20,30,華南永昌-高雄,2024-04-19,9303
2009,第一銅,88,58,30,華南永昌-高雄,2024-04-19,9303
3059,華晶科,31,1,30,華南永昌-高雄,2024-04-19,9303
6143,振曜,50,21,29,華南永昌-高雄,2024-04-19,9303
1301,台塑,28,0,28,華南永昌-高雄,2024-04-19,9303
3675,德微,49,21,28,華南永昌-高雄,2024-04-19,9303
2408,南亞科,27,0,27,華南永昌-高雄,2024-04-19,9303
3402,漢科,34,8,26,華南永昌-高雄,2024-04-19,9303
1314,中石化,52,26,26,華南永昌-高雄,2024-04-19,9303
2460,建通,25,0,25,華南永昌-高雄,2024-04-19,9303
9950,萬國通,25,0,25,華南永昌-高雄,2024-04-19,9303
4109,加捷生醫,25,0,25,華南永昌-高雄,2024-04-19,9303
6603,富強鑫,25,0,25,華南永昌-高雄,2024-04-19,9303
0050,元大台灣50,25,0,25,華南永昌-高雄,2024-04-19,9303
3060,銘異,36,12,24,華南永昌-高雄,2024-04-19,9303
00632R,元大台灣50反1,789,5,784,華南永昌-高雄,2024-04-22,9303
00940,元大台灣價值高息,472,66,406,華南永昌-高雄,2024-04-22,9303
00929,復華台灣科技優息,350,50,300,華南永昌-高雄,2024-04-22,9303
2371,大同,683,427,256,華南永昌-高雄,2024-04-22,9303
8936,國統,219,54,165,華南永昌-高雄,2024-04-22,9303
00687B,國泰20年美債,105,0,105,華南永昌-高雄,2024-04-22,9303
00676R,富邦臺灣加權反1,100,0,100,華南永昌-高雄,2024-04-22,9303
2303,聯電,105,17,88,華南永昌-高雄,2024-04-22,9303
2009,第一銅,93,20,73,華南永昌-高雄,2024-04-22,9303
2890,永豐金,70,0,70,華南永昌-高雄,2024-04-22,9303
2409,友達,64,0,64,華南永昌-高雄,2024-04-22,9303
2408,南亞科,56,4,52,華南永昌-高雄,2024-04-22,9303
2615,萬海,66,15,51,華南永昌-高雄,2024-04-22,9303
3231,緯創,84,33,51,華南永昌-高雄,2024-04-22,9303
3481,群創,90,39,51,華南永昌-高雄,2024-04-22,9303
2641,正德,49,2,47,華南永昌-高雄,2024-04-22,9303
5529,鉅陞,101,58,43,華南永昌-高雄,2024-04-22,9303
4402,郡都開發,79,38,41,華南永昌-高雄,2024-04-22,9303
00669R,國泰美國道瓊反1,41,0,41,華南永昌-高雄,2024-04-22,9303
2885,元大金,49,10,39,華南永昌-高雄,2024-04-22,9303
1608,華榮,48,9,39,華南永昌-高雄,2024-04-22,9303
2329,華泰,88,53,35,華南永昌-高雄,2024-04-22,9303
2630,亞航,55,23,32,華南永昌-高雄,2024-04-22,9303
00933B,國泰10Y+金融債,34,3,31,華南永昌-高雄,2024-04-22,9303
3260,威剛,31,1,30,華南永昌-高雄,2024-04-22,9303
6126,信音,30,0,30,華南永昌-高雄,2024-04-22,9303
00878,國泰永續高股息,50,20,30,華南永昌-高雄,2024-04-22,9303
4561,健椿,30,0,30,華南永昌-高雄,2024-04-22,9303
6186,新潤,34,4,30,華南永昌-高雄,2024-04-22,9303
00904,新光臺灣半導體30,30,1,29,華南永昌-高雄,2024-04-22,9303
8064,東捷,29,0,29,華南永昌-高雄,2024-04-22,9303
8054,安國,54,25,29,華南永昌-高雄,2024-04-22,9303
3707,漢磊,29,2,27,華南永昌-高雄,2024-04-22,9303
3060,銘異,28,1,27,華南永昌-高雄,2024-04-22,9303
00937B,群益ESG投等債20,48,24,24,華南永昌-高雄,2024-04-22,9303
3312,弘憶股,82,58,24,華南永昌-高雄,2024-04-22,9303
00919,群益台灣精選高息,128,105,23,華南永昌-高雄,2024-04-22,9303
6770,力積電,23,0,23,華南永昌-高雄,2024-04-22,9303
00652,富邦印度,22,0,22,華南永昌-高雄,2024-04-22,9303
00715L,期街口布蘭特正2,22,0,22,華南永昌-高雄,2024-04-22,9303
3645,達邁,23,1,22,華南永昌-高雄,2024-04-22,9303
5230,雷笛克光學,41,20,21,華南永昌-高雄,2024-04-22,9303
8033,雷虎,21,1,20,華南永昌-高雄,2024-04-22,9303
00671R,富邦NASDAQ反1,20,0,20,華南永昌-高雄,2024-04-22,9303
00679B,元大美債20年,20,0,20,華南永昌-高雄,2024-04-22,9303
00939,統一台灣高息動能,85,65,20,華南永昌-高雄,2024-04-22,9303
3545,敦泰,20,1,19,華南永昌-高雄,2024-04-22,9303
1603,華電,21,2,19,華南永昌-高雄,2024-04-22,9303
4532,瑞智,25,6,19,華南永昌-高雄,2024-04-22,9303
2258,鴻華先進-創,18,0,18,華南永昌-高雄,2024-04-22,9303
00940,元大台灣價值高息,202,13,189,華南永昌-高雄,2024-04-23,9303
00929,復華台灣科技優息,118,16,102,華南永昌-高雄,2024-04-23,9303
2888,新光金,140,56,84,華南永昌-高雄,2024-04-23,9303
00937B,群益ESG投等債20,80,2,78,華南永昌-高雄,2024-04-23,9303
6125,廣運,117,41,76,華南永昌-高雄,2024-04-23,9303
5324,士開,60,2,58,華南永昌-高雄,2024-04-23,9303
00919,群益台灣精選高息,55,4,51,華南永昌-高雄,2024-04-23,9303
00878,國泰永續高股息,45,1,44,華南永昌-高雄,2024-04-23,9303
00679B,元大美債20年,42,1,41,華南永昌-高雄,2024-04-23,9303
00687B,國泰20年美債,42,1,41,華南永昌-高雄,2024-04-23,9303
2501,國建,323,283,40,華南永昌-高雄,2024-04-23,9303
2515,中工,106,68,38,華南永昌-高雄,2024-04-23,9303
2301,光寶科,39,7,32,華南永昌-高雄,2024-04-23,9303
1609,大亞,154,123,31,華南永昌-高雄,2024-04-23,9303
1304,台聚,30,0,30,華南永昌-高雄,2024-04-23,9303
5880,合庫金,30,0,30,華南永昌-高雄,2024-04-23,9303
1618,合機,78,49,29,華南永昌-高雄,2024-04-23,9303
1605,華新,37,8,29,華南永昌-高雄,2024-04-23,9303
00941,中信上游半導體,29,0,29,華南永昌-高雄,2024-04-23,9303
3264,欣銓,28,0,28,華南永昌-高雄,2024-04-23,9303
2344,華邦電,35,11,24,華南永昌-高雄,2024-04-23,9303
2885,元大金,23,0,23,華南永昌-高雄,2024-04-23,9303
1101,台泥,23,1,22,華南永昌-高雄,2024-04-23,9303
2883B,凱基金乙特,23,5,18,華南永昌-高雄,2024-04-23,9303
2101,南港,25,7,18,華南永昌-高雄,2024-04-23,9303
00939,統一台灣高息動能,28,10,18,華南永昌-高雄,2024-04-23,9303
0056,元大高股息,18,1,17,華南永昌-高雄,2024-04-23,9303
2603,長榮,19,3,16,華南永昌-高雄,2024-04-23,9303
00676R,富邦臺灣加權反1,16,0,16,華南永昌-高雄,2024-04-23,9303
2537,聯上發,22,6,16,華南永昌-高雄,2024-04-23,9303
2206,三陽工業,25,10,15,華南永昌-高雄,2024-04-23,9303
2313,華通,18,4,14,華南永昌-高雄,2024-04-23,9303
1449,佳和,13,0,13,華南永昌-高雄,2024-04-23,9303
2317,鴻海,34,21,13,華南永昌-高雄,2024-04-23,9303
2027,大成鋼,16,4,12,華南永昌-高雄,2024-04-23,9303
4167,松瑞藥,12,0,12,華南永昌-高雄,2024-04-23,9303
2489,瑞軒,19,7,12,華南永昌-高雄,2024-04-23,9303
8155,博智,13,2,11,華南永昌-高雄,2024-04-23,9303
1303,南亞,11,0,11,華南永昌-高雄,2024-04-23,9303
8085,福華,12,1,11,華南永昌-高雄,2024-04-23,9303
5514,三豐,11,0,11,華南永昌-高雄,2024-04-23,9303
3284,太普高,11,0,11,華南永昌-高雄,2024-04-23,9303
3092,鴻碩,10,0,10,華南永昌-高雄,2024-04-23,9303
1815,富喬,10,0,10,華南永昌-高雄,2024-04-23,9303
3024,憶聲,13,3,10,華南永昌-高雄,2024-04-23,9303
3708,上緯投控,44,34,10,華南永昌-高雄,2024-04-23,9303
00651R,復華香港反1,10,0,10,華南永昌-高雄,2024-04-23,9303
00897,富邦基因免疫生技,10,0,10,華南永昌-高雄,2024-04-23,9303
4513,福裕,13,3,10,華南永昌-高雄,2024-04-23,9303
00909,國泰數位支付服務,13,4,9,華南永昌-高雄,2024-04-23,9303
00632R,元大台灣50反1,1097,100,997,華南永昌-高雄,2024-04-24,9303
2409,友達,206,0,206,華南永昌-高雄,2024-04-24,9303
2515,中工,214,19,195,華南永昌-高雄,2024-04-24,9303
2610,華航,504,309,195,華南永昌-高雄,2024-04-24,9303
2501,國建,291,152,139,華南永昌-高雄,2024-04-24,9303
00687B,國泰20年美債,96,0,96,華南永昌-高雄,2024-04-24,9303
3481,群創,99,10,89,華南永昌-高雄,2024-04-24,9303
2836,高雄銀,90,3,87,華南永昌-高雄,2024-04-24,9303
2540,愛山林,87,8,79,華南永昌-高雄,2024-04-24,9303
8104,錸寶,74,0,74,華南永昌-高雄,2024-04-24,9303
3686,達能,114,43,71,華南永昌-高雄,2024-04-24,9303
1316,上曜,101,30,71,華南永昌-高雄,2024-04-24,9303
1305,華夏,61,0,61,華南永昌-高雄,2024-04-24,9303
8463,潤泰材,58,0,58,華南永昌-高雄,2024-04-24,9303
1471,首利,45,0,45,華南永昌-高雄,2024-04-24,9303
2548,華固,43,0,43,華南永昌-高雄,2024-04-24,9303
6235,華孚,50,7,43,華南永昌-高雄,2024-04-24,9303
2324,仁寶,46,5,41,華南永昌-高雄,2024-04-24,9303
00929,復華台灣科技優息,74,35,39,華南永昌-高雄,2024-04-24,9303
2537,聯上發,51,13,38,華南永昌-高雄,2024-04-24,9303
8936,國統,62,25,37,華南永昌-高雄,2024-04-24,9303
2890,永豐金,36,0,36,華南永昌-高雄,2024-04-24,9303
00679B,元大美債20年,37,2,35,華南永昌-高雄,2024-04-24,9303
2359,所羅門,35,1,34,華南永昌-高雄,2024-04-24,9303
3703,欣陸,42,8,34,華南永昌-高雄,2024-04-24,9303
6283,淳安,30,0,30,華南永昌-高雄,2024-04-24,9303
1453,大將,29,0,29,華南永昌-高雄,2024-04-24,9303
00891,中信關鍵半導體,27,0,27,華南永昌-高雄,2024-04-24,9303
8255,朋程,55,28,27,華南永昌-高雄,2024-04-24,9303
00937B,群益ESG投等債20,66,41,25,華南永昌-高雄,2024-04-24,9303
4402,郡都開發,50,26,24,華南永昌-高雄,2024-04-24,9303
3532,台勝科,110,87,23,華南永昌-高雄,2024-04-24,9303
00939,統一台灣高息動能,36,16,20,華南永昌-高雄,2024-04-24,9303
2546,根基,20,0,20,華南永昌-高雄,2024-04-24,9303
00676R,富邦臺灣加權反1,20,0,20,華南永昌-高雄,2024-04-24,9303
6432,今展科,19,0,19,華南永昌-高雄,2024-04-24,9303
2637,慧洋-KY,23,5,18,華南永昌-高雄,2024-04-24,9303
5230,雷笛克光學,22,4,18,華南永昌-高雄,2024-04-24,9303
6761,穩得,25,7,18,華南永昌-高雄,2024-04-24,9303
5512,力麒,24,6,18,華南永昌-高雄,2024-04-24,9303
5515,建國,16,0,16,華南永昌-高雄,2024-04-24,9303
2027,大成鋼,21,6,15,華南永昌-高雄,2024-04-24,9303
5351,鈺創,17,2,15,華南永昌-高雄,2024-04-24,9303
00933B,國泰10Y+金融債,15,0,15,華南永昌-高雄,2024-04-24,9303
2881,富邦金,14,0,14,華南永昌-高雄,2024-04-24,9303
2834,臺企銀,18,4,14,華南永昌-高雄,2024-04-24,9303
1101,台泥,45,32,13,華南永昌-高雄,2024-04-24,9303
6244,茂迪,13,0,13,華南永昌-高雄,2024-04-24,9303
5529,鉅陞,19,6,13,華南永昌-高雄,2024-04-24,9303
2820,華票,13,0,13,華南永昌-高雄,2024-04-24,9303
2501,國建,387,251,136,華南永昌-高雄,2024-04-25,9303
00632R,元大台灣50反1,160,27,133,華南永昌-高雄,2024-04-25,9303
00676R,富邦臺灣加權反1,100,0,100,華南永昌-高雄,2024-04-25,9303
00929,復華台灣科技優息,107,16,91,華南永昌-高雄,2024-04-25,9303
4915,致伸,92,1,91,華南永昌-高雄,2024-04-25,9303
1339,昭輝,90,0,90,華南永昌-高雄,2024-04-25,9303
3230,錦明,85,1,84,華南永昌-高雄,2024-04-25,9303
1904,正隆,80,0,80,華南永昌-高雄,2024-04-25,9303
2547,日勝生,77,4,73,華南永昌-高雄,2024-04-25,9303
2885,元大金,68,1,67,華南永昌-高雄,2024-04-25,9303
6552,易華電,66,3,63,華南永昌-高雄,2024-04-25,9303
2515,中工,314,257,57,華南永昌-高雄,2024-04-25,9303
00937B,群益ESG投等債20,51,0,51,華南永昌-高雄,2024-04-25,9303
00935,野村臺灣新科技50,47,0,47,華南永昌-高雄,2024-04-25,9303
2101,南港,45,2,43,華南永昌-高雄,2024-04-25,9303
2303,聯電,56,14,42,華南永昌-高雄,2024-04-25,9303
1618,合機,49,7,42,華南永昌-高雄,2024-04-25,9303
3530,晶相光,40,0,40,華南永昌-高雄,2024-04-25,9303
2882,國泰金,42,5,37,華南永昌-高雄,2024-04-25,9303
3013,晟銘電,58,21,37,華南永昌-高雄,2024-04-25,9303
2605,新興,39,3,36,華南永昌-高雄,2024-04-25,9303
00878,國泰永續高股息,36,1,35,華南永昌-高雄,2024-04-25,9303
00940,元大台灣價值高息,57,23,34,華南永昌-高雄,2024-04-25,9303
00919,群益台灣精選高息,36,2,34,華南永昌-高雄,2024-04-25,9303
1582,信錦,34,1,33,華南永昌-高雄,2024-04-25,9303
2241,艾姆勒,90,58,32,華南永昌-高雄,2024-04-25,9303
00679B,元大美債20年,30,2,28,華南永昌-高雄,2024-04-25,9303
2880,華南金,26,0,26,華南永昌-高雄,2024-04-25,9303
2464,盟立,27,2,25,華南永昌-高雄,2024-04-25,9303
1617,榮星,23,0,23,華南永昌-高雄,2024-04-25,9303
9910,豐泰,23,0,23,華南永昌-高雄,2024-04-25,9303
2736,富野,25,2,23,華南永昌-高雄,2024-04-25,9303
00688L,國泰20年美債正2,20,0,20,華南永昌-高雄,2024-04-25,9303
2007,燁興,20,0,20,華南永昌-高雄,2024-04-25,9303
2356,英業達,20,2,18,華南永昌-高雄,2024-04-25,9303
2376,技嘉,21,3,18,華南永昌-高雄,2024-04-25,9303
6712,長聖,18,0,18,華南永昌-高雄,2024-04-25,9303
8940,新天地,19,1,18,華南永昌-高雄,2024-04-25,9303
6126,信音,16,0,16,華南永昌-高雄,2024-04-25,9303
3707,漢磊,15,0,15,華南永昌-高雄,2024-04-25,9303
2317,鴻海,68,54,14,華南永昌-高雄,2024-04-25,9303
6462,神盾,18,4,14,華南永昌-高雄,2024-04-25,9303
6005,群益證,17,3,14,華南永昌-高雄,2024-04-25,9303
2330,台積電,24,10,14,華南永昌-高雄,2024-04-25,9303
0056,元大高股息,14,0,14,華南永昌-高雄,2024-04-25,9303
1528,恩德,13,0,13,華南永昌-高雄,2024-04-25,9303
00857B,永豐20年美公債,13,0,13,華南永昌-高雄,2024-04-25,9303
00892,富邦台灣半導體,13,0,13,華南永昌-高雄,2024-04-25,9303
00720B,元大投資級公司債,13,0,13,華南永昌-高雄,2024-04-25,9303
9946,三發地產,13,1,12,華南永昌-高雄,2024-04-25,9303
00929,復華台灣科技優息,165,13,152,華南永昌-高雄,2024-04-26,9303
2511,太子,121,6,115,華南永昌-高雄,2024-04-26,9303
3481,群創,129,71,58,華南永昌-高雄,2024-04-26,9303
4402,郡都開發,61,6,55,華南永昌-高雄,2024-04-26,9303
00632R,元大台灣50反1,51,0,51,華南永昌-高雄,2024-04-26,9303
2889,國票金,44,0,44,華南永昌-高雄,2024-04-26,9303
00857B,永豐20年美公債,36,0,36,華南永昌-高雄,2024-04-26,9303
2867,三商壽,43,8,35,華南永昌-高雄,2024-04-26,9303
2359,所羅門,79,44,35,華南永昌-高雄,2024-04-26,9303
8390,金益鼎,31,1,30,華南永昌-高雄,2024-04-26,9303
00679B,元大美債20年,33,5,28,華南永昌-高雄,2024-04-26,9303
3287,廣寰科,32,6,26,華南永昌-高雄,2024-04-26,9303
2002,中鋼,29,4,25,華南永昌-高雄,2024-04-26,9303
1434,福懋,23,0,23,華南永昌-高雄,2024-04-26,9303
8033,雷虎,24,1,23,華南永昌-高雄,2024-04-26,9303
2887,台新金,23,0,23,華南永昌-高雄,2024-04-26,9303
2363,矽統,37,15,22,華南永昌-高雄,2024-04-26,9303
00637L,元大滬深300正2,29,8,21,華南永昌-高雄,2024-04-26,9303
8936,國統,28,7,21,華南永昌-高雄,2024-04-26,9303
6278,台表科,21,0,21,華南永昌-高雄,2024-04-26,9303
5443,均豪,27,6,21,華南永昌-高雄,2024-04-26,9303
00676R,富邦臺灣加權反1,20,0,20,華南永昌-高雄,2024-04-26,9303
1603,華電,22,2,20,華南永昌-高雄,2024-04-26,9303
00651R,復華香港反1,20,0,20,華南永昌-高雄,2024-04-26,9303
4532,瑞智,32,13,19,華南永昌-高雄,2024-04-26,9303
3264,欣銓,19,0,19,華南永昌-高雄,2024-04-26,9303
1504,東元,29,11,18,華南永昌-高雄,2024-04-26,9303
2027,大成鋼,18,0,18,華南永昌-高雄,2024-04-26,9303
3706,神達,205,187,18,華南永昌-高雄,2024-04-26,9303
00712,復華富時不動產,17,0,17,華南永昌-高雄,2024-04-26,9303
3711,日月光投控,17,0,17,華南永昌-高雄,2024-04-26,9303
4768,晶呈科技,16,0,16,華南永昌-高雄,2024-04-26,9303
2504,國產,21,5,16,華南永昌-高雄,2024-04-26,9303
1584,精剛,35,19,16,華南永昌-高雄,2024-04-26,9303
2520,冠德,24,8,16,華南永昌-高雄,2024-04-26,9303
1459,聯發,21,5,16,華南永昌-高雄,2024-04-26,9303
1101,台泥,20,5,15,華南永昌-高雄,2024-04-26,9303
1503,士電,29,14,15,華南永昌-高雄,2024-04-26,9303
6264,富裔,18,3,15,華南永昌-高雄,2024-04-26,9303
00706L,期元大S＆P日圓正2,15,0,15,華南永昌-高雄,2024-04-26,9303
6244,茂迪,15,0,15,華南永昌-高雄,2024-04-26,9303
2486,一詮,33,18,15,華南永昌-高雄,2024-04-26,9303
2743,山富,21,7,14,華南永昌-高雄,2024-04-26,9303
00687B,國泰20年美債,14,0,14,華南永昌-高雄,2024-04-26,9303
2881,富邦金,21,8,13,華南永昌-高雄,2024-04-26,9303
00933B,國泰10Y+金融債,13,0,13,華南永昌-高雄,2024-04-26,9303
6514,芮特-KY,13,0,13,華南永昌-高雄,2024-04-26,9303
6283,淳安,13,0,13,華南永昌-高雄,2024-04-26,9303
6282,康舒,12,0,12,華南永昌-高雄,2024-04-26,9303
00650L,復華香港正2,12,0,12,華南永昌-高雄,2024-04-26,9303
00919,群益台灣精選高息,230,21,209,華南永昌-高雄,2024-04-29,9303
1904,正隆,100,0,100,華南永昌-高雄,2024-04-29,9303
2618,長榮航,153,62,91,華南永昌-高雄,2024-04-29,9303
2323,中環,121,43,78,華南永昌-高雄,2024-04-29,9303
1314,中石化,1375,1300,75,華南永昌-高雄,2024-04-29,9303
00937B,群益ESG投等債20,73,0,73,華南永昌-高雄,2024-04-29,9303
2363,矽統,109,39,70,華南永昌-高雄,2024-04-29,9303
4402,郡都開發,85,36,49,華南永昌-高雄,2024-04-29,9303
6531,愛普*,46,0,46,華南永昌-高雄,2024-04-29,9303
2501,國建,105,61,44,華南永昌-高雄,2024-04-29,9303
2515,中工,232,189,43,華南永昌-高雄,2024-04-29,9303
2883,凱基金,100,57,43,華南永昌-高雄,2024-04-29,9303
2101,南港,63,23,40,華南永昌-高雄,2024-04-29,9303
00712,復華富時不動產,40,0,40,華南永昌-高雄,2024-04-29,9303
2409,友達,46,9,37,華南永昌-高雄,2024-04-29,9303
00940,元大台灣價值高息,72,40,32,華南永昌-高雄,2024-04-29,9303
3706,神達,43,12,31,華南永昌-高雄,2024-04-29,9303
3188,鑫龍騰,49,21,28,華南永昌-高雄,2024-04-29,9303
2610,華航,75,47,28,華南永昌-高雄,2024-04-29,9303
2890,永豐金,51,24,27,華南永昌-高雄,2024-04-29,9303
2540,愛山林,27,0,27,華南永昌-高雄,2024-04-29,9303
9945,潤泰新,31,4,27,華南永昌-高雄,2024-04-29,9303
2061,風青,25,0,25,華南永昌-高雄,2024-04-29,9303
1301,台塑,36,11,25,華南永昌-高雄,2024-04-29,9303
8390,金益鼎,22,0,22,華南永昌-高雄,2024-04-29,9303
2883B,凱基金乙特,22,0,22,華南永昌-高雄,2024-04-29,9303
6215,和椿,33,12,21,華南永昌-高雄,2024-04-29,9303
1227,佳格,22,1,21,華南永昌-高雄,2024-04-29,9303
6230,尼得科超眾,29,8,21,華南永昌-高雄,2024-04-29,9303
2406,國碩,21,1,20,華南永昌-高雄,2024-04-29,9303
00651R,復華香港反1,20,0,20,華南永昌-高雄,2024-04-29,9303
1305,華夏,20,0,20,華南永昌-高雄,2024-04-29,9303
1618,合機,67,48,19,華南永昌-高雄,2024-04-29,9303
2547,日勝生,30,12,18,華南永昌-高雄,2024-04-29,9303
3004,豐達科,25,8,17,華南永昌-高雄,2024-04-29,9303
00929,復華台灣科技優息,59,42,17,華南永昌-高雄,2024-04-29,9303
1609,大亞,71,55,16,華南永昌-高雄,2024-04-29,9303
1504,東元,16,0,16,華南永昌-高雄,2024-04-29,9303
2390,云辰,15,0,15,華南永昌-高雄,2024-04-29,9303
4552,力達-KY,15,0,15,華南永昌-高雄,2024-04-29,9303
5607,遠雄港,15,0,15,華南永昌-高雄,2024-04-29,9303
2241,艾姆勒,35,20,15,華南永昌-高雄,2024-04-29,9303
2617,台航,39,25,14,華南永昌-高雄,2024-04-29,9303
00679B,元大美債20年,14,1,13,華南永昌-高雄,2024-04-29,9303
6197,佳必琪,15,2,13,華南永昌-高雄,2024-04-29,9303
00717,富邦美國特別股,13,0,13,華南永昌-高雄,2024-04-29,9303
2511,太子,27,14,13,華南永昌-高雄,2024-04-29,9303
2845,遠東銀,16,3,13,華南永昌-高雄,2024-04-29,9303
00733,富邦臺灣中小,12,0,12,華南永昌-高雄,2024-04-29,9303
5469,瀚宇博,13,1,12,華南永昌-高雄,2024-04-29,9303
2801,彰銀,292,7,285,華南永昌-高雄,2024-04-30,9303
2501,國建,433,185,248,華南永昌-高雄,2024-04-30,9303
2890,永豐金,80,0,80,華南永昌-高雄,2024-04-30,9303
1904,正隆,80,0,80,華南永昌-高雄,2024-04-30,9303
2913,農林,75,24,51,華南永昌-高雄,2024-04-30,9303
4402,郡都開發,70,19,51,華南永昌-高雄,2024-04-30,9303
00929,復華台灣科技優息,67,17,50,華南永昌-高雄,2024-04-30,9303
3231,緯創,51,5,46,華南永昌-高雄,2024-04-30,9303
5522,遠雄,50,5,45,華南永昌-高雄,2024-04-30,9303
00680L,元大美債20正2,40,0,40,華南永昌-高雄,2024-04-30,9303
8401,白紗科,39,2,37,華南永昌-高雄,2024-04-30,9303
2537,聯上發,115,78,37,華南永昌-高雄,2024-04-30,9303
5392,能率,42,7,35,華南永昌-高雄,2024-04-30,9303
00919,群益台灣精選高息,38,4,34,華南永昌-高雄,2024-04-30,9303
2101,南港,59,29,30,華南永昌-高雄,2024-04-30,9303
5533,皇鼎,30,0,30,華南永昌-高雄,2024-04-30,9303
9907,統一實,30,0,30,華南永昌-高雄,2024-04-30,9303
3481,群創,73,45,28,華南永昌-高雄,2024-04-30,9303
2611,志信,34,6,28,華南永昌-高雄,2024-04-30,9303
6125,廣運,50,23,27,華南永昌-高雄,2024-04-30,9303
2367,燿華,114,88,26,華南永昌-高雄,2024-04-30,9303
00940,元大台灣價值高息,49,24,25,華南永昌-高雄,2024-04-30,9303
2618,長榮航,61,39,22,華南永昌-高雄,2024-04-30,9303
1227,佳格,21,0,21,華南永昌-高雄,2024-04-30,9303
2812,台中銀,20,0,20,華南永昌-高雄,2024-04-30,9303
2547,日勝生,20,0,20,華南永昌-高雄,2024-04-30,9303
8096,擎亞,42,22,20,華南永昌-高雄,2024-04-30,9303
2641,正德,20,1,19,華南永昌-高雄,2024-04-30,9303
6147,頎邦,18,0,18,華南永昌-高雄,2024-04-30,9303
2883,凱基金,39,21,18,華南永昌-高雄,2024-04-30,9303
3483,力致,30,13,17,華南永昌-高雄,2024-04-30,9303
3266,昇陽,23,6,17,華南永昌-高雄,2024-04-30,9303
1440,南紡,29,13,16,華南永昌-高雄,2024-04-30,9303
1434,福懋,15,0,15,華南永昌-高雄,2024-04-30,9303
00892,富邦台灣半導體,15,0,15,華南永昌-高雄,2024-04-30,9303
2603,長榮,24,10,14,華南永昌-高雄,2024-04-30,9303
00753L,中信中國50正2,15,2,13,華南永昌-高雄,2024-04-30,9303
2359,所羅門,40,27,13,華南永昌-高雄,2024-04-30,9303
2515,中工,76,63,13,華南永昌-高雄,2024-04-30,9303
3380,明泰,14,1,13,華南永昌-高雄,2024-04-30,9303
6269,台郡,13,1,12,華南永昌-高雄,2024-04-30,9303
2546,根基,12,0,12,華南永昌-高雄,2024-04-30,9303
9945,潤泰新,35,23,12,華南永昌-高雄,2024-04-30,9303
2353,宏��,12,1,11,華南永昌-高雄,2024-04-30,9303
4533,協易機,15,4,11,華南永昌-高雄,2024-04-30,9303
2405,輔信,11,0,11,華南永昌-高雄,2024-04-30,9303
3163,波若威,29,18,11,華南永昌-高雄,2024-04-30,9303
4743,合一,11,1,10,華南永昌-高雄,2024-04-30,9303
00897,富邦基因免疫生技,10,0,10,華南永昌-高雄,2024-04-30,9303
00687B,國泰20年美債,13,3,10,華南永昌-高雄,2024-04-30,9303
3481,群創,112,4,108,華南永昌-高雄,2024-05-02,9303
00882,中信中國高股息,104,4,100,華南永昌-高雄,2024-05-02,9303
00937B,群益ESG投等債20,140,43,97,華南永昌-高雄,2024-05-02,9303
2337,旺宏,103,7,96,華南永昌-高雄,2024-05-02,9303
2615,萬海,110,20,90,華南永昌-高雄,2024-05-02,9303
2611,志信,119,48,71,華南永昌-高雄,2024-05-02,9303
4915,致伸,73,2,71,華南永昌-高雄,2024-05-02,9303
00878,國泰永續高股息,74,9,65,華南永昌-高雄,2024-05-02,9303
00929,復華台灣科技優息,76,20,56,華南永昌-高雄,2024-05-02,9303
1316,上曜,98,42,56,華南永昌-高雄,2024-05-02,9303
2881,富邦金,55,0,55,華南永昌-高雄,2024-05-02,9303
00676R,富邦臺灣加權反1,50,0,50,華南永昌-高雄,2024-05-02,9303
2883,凱基金,59,19,40,華南永昌-高雄,2024-05-02,9303
2409,友達,92,53,39,華南永昌-高雄,2024-05-02,9303
2363,矽統,53,16,37,華南永昌-高雄,2024-05-02,9303
1609,大亞,66,30,36,華南永昌-高雄,2024-05-02,9303
5531,鄉林,136,101,35,華南永昌-高雄,2024-05-02,9303
00932,兆豐永續高息等權,36,2,34,華南永昌-高雄,2024-05-02,9303
2603,長榮,34,5,29,華南永昌-高雄,2024-05-02,9303
4533,協易機,38,9,29,華南永昌-高雄,2024-05-02,9303
3557,嘉威,29,1,28,華南永昌-高雄,2024-05-02,9303
2330,台積電,29,2,27,華南永昌-高雄,2024-05-02,9303
1808,潤隆,28,1,27,華南永昌-高雄,2024-05-02,9303
2371,大同,83,57,26,華南永昌-高雄,2024-05-02,9303
00715L,期街口布蘭特正2,34,11,23,華南永昌-高雄,2024-05-02,9303
2206,三陽工業,33,10,23,華南永昌-高雄,2024-05-02,9303
2536,宏普,26,4,22,華南永昌-高雄,2024-05-02,9303
1618,合機,72,51,21,華南永昌-高雄,2024-05-02,9303
1718,中纖,21,0,21,華南永昌-高雄,2024-05-02,9303
2303,聯電,29,8,21,華南永昌-高雄,2024-05-02,9303
2609,陽明,61,40,21,華南永昌-高雄,2024-05-02,9303
1582,信錦,26,6,20,華南永昌-高雄,2024-05-02,9303
8069,元太,20,0,20,華南永昌-高雄,2024-05-02,9303
4976,佳凌,20,0,20,華南永昌-高雄,2024-05-02,9303
5533,皇鼎,20,1,19,華南永昌-高雄,2024-05-02,9303
2528,皇普,21,2,19,華南永昌-高雄,2024-05-02,9303
2889,國票金,27,8,19,華南永昌-高雄,2024-05-02,9303
6223,旺矽,19,1,18,華南永昌-高雄,2024-05-02,9303
1504,東元,42,25,17,華南永昌-高雄,2024-05-02,9303
2891,中信金,19,3,16,華南永昌-高雄,2024-05-02,9303
4526,東台,35,19,16,華南永昌-高雄,2024-05-02,9303
2301,光寶科,19,4,15,華南永昌-高雄,2024-05-02,9303
2002,中鋼,21,6,15,華南永昌-高雄,2024-05-02,9303
2597,潤弘,16,1,15,華南永昌-高雄,2024-05-02,9303
00936,台新永續高息中小,21,6,15,華南永昌-高雄,2024-05-02,9303
2547,日勝生,17,2,15,華南永昌-高雄,2024-05-02,9303
2486,一詮,16,1,15,華南永昌-高雄,2024-05-02,9303
6770,力積電,32,17,15,華南永昌-高雄,2024-05-02,9303
5371,中光電,22,8,14,華南永昌-高雄,2024-05-02,9303
2376,技嘉,17,5,12,華南永昌-高雄,2024-05-02,9303
00937B,群益ESG投等債20,142,47,95,華南永昌-高雄,2024-05-03,9303
2884,玉山金,74,8,66,華南永昌-高雄,2024-05-03,9303
2344,華邦電,56,0,56,華南永昌-高雄,2024-05-03,9303
2417,圓剛,53,0,53,華南永昌-高雄,2024-05-03,9303
5512,力麒,74,22,52,華南永昌-高雄,2024-05-03,9303
00878,國泰永續高股息,51,1,50,華南永昌-高雄,2024-05-03,9303
00679B,元大美債20年,49,0,49,華南永昌-高雄,2024-05-03,9303
2739,寒舍,59,10,49,華南永昌-高雄,2024-05-03,9303
6120,達運,51,5,46,華南永昌-高雄,2024-05-03,9303
2609,陽明,60,15,45,華南永昌-高雄,2024-05-03,9303
2537,聯上發,54,15,39,華南永昌-高雄,2024-05-03,9303
00939,統一台灣高息動能,62,25,37,華南永昌-高雄,2024-05-03,9303
2009,第一銅,46,10,36,華南永昌-高雄,2024-05-03,9303
3231,緯創,47,13,34,華南永昌-高雄,2024-05-03,9303
9945,潤泰新,68,35,33,華南永昌-高雄,2024-05-03,9303
2836,高雄銀,31,0,31,華南永昌-高雄,2024-05-03,9303
2801,彰銀,31,1,30,華南永昌-高雄,2024-05-03,9303
3266,昇陽,31,1,30,華南永昌-高雄,2024-05-03,9303
1316,上曜,448,420,28,華南永昌-高雄,2024-05-03,9303
2363,矽統,99,73,26,華南永昌-高雄,2024-05-03,9303
6449,鈺邦,22,0,22,華南永昌-高雄,2024-05-03,9303
2367,燿華,93,71,22,華南永昌-高雄,2024-05-03,9303
4714,永捷,87,66,21,華南永昌-高雄,2024-05-03,9303
6668,中揚光,28,8,20,華南永昌-高雄,2024-05-03,9303
00719B,元大美債1-3,20,0,20,華南永昌-高雄,2024-05-03,9303
6770,力積電,98,79,19,華南永昌-高雄,2024-05-03,9303
2369,菱生,20,1,19,華南永昌-高雄,2024-05-03,9303
00715L,期街口布蘭特正2,20,1,19,華南永昌-高雄,2024-05-03,9303
00936,台新永續高息中小,19,0,19,華南永昌-高雄,2024-05-03,9303
6278,台表科,21,2,19,華南永昌-高雄,2024-05-03,9303
1582,信錦,18,0,18,華南永昌-高雄,2024-05-03,9303
2316,楠梓電,32,15,17,華南永昌-高雄,2024-05-03,9303
6442,光聖,32,15,17,華南永昌-高雄,2024-05-03,9303
2501,國建,307,291,16,華南永昌-高雄,2024-05-03,9303
3033,威健,40,24,16,華南永昌-高雄,2024-05-03,9303
5210,寶碩,15,0,15,華南永昌-高雄,2024-05-03,9303
6215,和椿,27,12,15,華南永昌-高雄,2024-05-03,9303
6684,安格,15,0,15,華南永昌-高雄,2024-05-03,9303
00720B,元大投資級公司債,14,0,14,華南永昌-高雄,2024-05-03,9303
00632R,元大台灣50反1,13,0,13,華南永昌-高雄,2024-05-03,9303
3234,光環,13,0,13,華南永昌-高雄,2024-05-03,9303
9955,佳龍,13,0,13,華南永昌-高雄,2024-05-03,9303
7402,邑錡,13,0,13,華南永昌-高雄,2024-05-03,9303
1609,大亞,70,58,12,華南永昌-高雄,2024-05-03,9303
5531,鄉林,46,34,12,華南永昌-高雄,2024-05-03,9303
1218,泰山,11,0,11,華南永昌-高雄,2024-05-03,9303
00882,中信中國高股息,29,18,11,華南永昌-高雄,2024-05-03,9303
2542,興富發,56,45,11,華南永昌-高雄,2024-05-03,9303
00919,群益台灣精選高息,27,17,10,華南永昌-高雄,2024-05-03,9303
2408,南亞科,12,2,10,華南永昌-高雄,2024-05-03,9303
4303,信立,128,9,119,華南永昌-高雄,2024-05-06,9303
00937B,群益ESG投等債20,112,5,107,華南永昌-高雄,2024-05-06,9303
2038,海光,102,0,102,華南永昌-高雄,2024-05-06,9303
2312,金寶,102,0,102,華南永昌-高雄,2024-05-06,9303
2371,大同,125,27,98,華南永昌-高雄,2024-05-06,9303
2801,彰銀,110,14,96,華南永昌-高雄,2024-05-06,9303
00929,復華台灣科技優息,109,14,95,華南永昌-高雄,2024-05-06,9303
9945,潤泰新,133,39,94,華南永昌-高雄,2024-05-06,9303
2543,皇昌,94,9,85,華南永昌-高雄,2024-05-06,9303
6116,彩晶,75,2,73,華南永昌-高雄,2024-05-06,9303
2913,農林,76,9,67,華南永昌-高雄,2024-05-06,9303
4402,郡都開發,63,1,62,華南永昌-高雄,2024-05-06,9303
2888,新光金,171,109,62,華南永昌-高雄,2024-05-06,9303
6282,康舒,55,0,55,華南永昌-高雄,2024-05-06,9303
2889,國票金,55,0,55,華南永昌-高雄,2024-05-06,9303
1316,上曜,102,48,54,華南永昌-高雄,2024-05-06,9303
00896,中信綠能及電動車,50,0,50,華南永昌-高雄,2024-05-06,9303
6130,上亞科技,45,1,44,華南永昌-高雄,2024-05-06,9303
6173,信昌電,44,4,40,華南永昌-高雄,2024-05-06,9303
2892,第一金,121,82,39,華南永昌-高雄,2024-05-06,9303
6177,達麗,41,5,36,華南永昌-高雄,2024-05-06,9303
5519,隆大,50,15,35,華南永昌-高雄,2024-05-06,9303
00715L,期街口布蘭特正2,35,0,35,華南永昌-高雄,2024-05-06,9303
00665L,富邦�琤肭磪囓�2,31,0,31,華南永昌-高雄,2024-05-06,9303
00932,兆豐永續高息等權,31,0,31,華南永昌-高雄,2024-05-06,9303
2618,長榮航,70,40,30,華南永昌-高雄,2024-05-06,9303
8358,金居,38,9,29,華南永昌-高雄,2024-05-06,9303
2408,南亞科,47,20,27,華南永昌-高雄,2024-05-06,9303
00687B,國泰20年美債,59,35,24,華南永昌-高雄,2024-05-06,9303
00632R,元大台灣50反1,23,0,23,華南永昌-高雄,2024-05-06,9303
2331,精英,22,0,22,華南永昌-高雄,2024-05-06,9303
9933,中鼎,26,5,21,華南永昌-高雄,2024-05-06,9303
4532,瑞智,21,0,21,華南永昌-高雄,2024-05-06,9303
2812,台中銀,21,0,21,華南永昌-高雄,2024-05-06,9303
2548,華固,22,1,21,華南永昌-高雄,2024-05-06,9303
2101,南港,27,6,21,華南永昌-高雄,2024-05-06,9303
2201,裕隆,22,1,21,華南永昌-高雄,2024-05-06,9303
3236,千如,20,0,20,華南永昌-高雄,2024-05-06,9303
00722B,群益投資級電信債,19,0,19,華南永昌-高雄,2024-05-06,9303
1227,佳格,20,1,19,華南永昌-高雄,2024-05-06,9303
2449,京元電子,33,16,17,華南永昌-高雄,2024-05-06,9303
2641,正德,75,60,15,華南永昌-高雄,2024-05-06,9303
5009,榮剛,14,0,14,華南永昌-高雄,2024-05-06,9303
9902,台火,15,1,14,華南永昌-高雄,2024-05-06,9303
5512,力麒,30,16,14,華南永昌-高雄,2024-05-06,9303
3680,家登,13,0,13,華南永昌-高雄,2024-05-06,9303
2354,鴻準,24,11,13,華南永昌-高雄,2024-05-06,9303
1618,合機,19,6,13,華南永昌-高雄,2024-05-06,9303
5324,士開,13,0,13,華南永昌-高雄,2024-05-06,9303
2605,新興,23,10,13,華南永昌-高雄,2024-05-06,9303
2801,彰銀,191,0,191,華南永昌-高雄,2024-05-07,9303
5864,致和證,146,0,146,華南永昌-高雄,2024-05-07,9303
00940,元大台灣價值高息,138,9,129,華南永昌-高雄,2024-05-07,9303
2812,台中銀,141,14,127,華南永昌-高雄,2024-05-07,9303
6531,愛普*,87,0,87,華南永昌-高雄,2024-05-07,9303
6015,宏遠證,80,0,80,華南永昌-高雄,2024-05-07,9303
2486,一詮,137,61,76,華南永昌-高雄,2024-05-07,9303
00878,國泰永續高股息,89,14,75,華南永昌-高雄,2024-05-07,9303
2515,中工,115,47,68,華南永昌-高雄,2024-05-07,9303
2354,鴻準,56,5,51,華南永昌-高雄,2024-05-07,9303
3481,群創,51,2,49,華南永昌-高雄,2024-05-07,9303
4933,友輝,80,36,44,華南永昌-高雄,2024-05-07,9303
6283,淳安,50,10,40,華南永昌-高雄,2024-05-07,9303
2009,第一銅,43,3,40,華南永昌-高雄,2024-05-07,9303
00652,富邦印度,40,0,40,華南永昌-高雄,2024-05-07,9303
2408,南亞科,138,100,38,華南永昌-高雄,2024-05-07,9303
1605,華新,38,1,37,華南永昌-高雄,2024-05-07,9303
2618,長榮航,54,17,37,華南永昌-高雄,2024-05-07,9303
2409,友達,48,12,36,華南永昌-高雄,2024-05-07,9303
2745,五福,36,0,36,華南永昌-高雄,2024-05-07,9303
00933B,國泰10Y+金融債,34,0,34,華南永昌-高雄,2024-05-07,9303
6213,聯茂,60,29,31,華南永昌-高雄,2024-05-07,9303
00753L,中信中國50正2,30,0,30,華南永昌-高雄,2024-05-07,9303
1609,大亞,81,51,30,華南永昌-高雄,2024-05-07,9303
6282,康舒,31,2,29,華南永昌-高雄,2024-05-07,9303
2867,三商壽,30,2,28,華南永昌-高雄,2024-05-07,9303
5512,力麒,38,10,28,華南永昌-高雄,2024-05-07,9303
5521,工信,28,1,27,華南永昌-高雄,2024-05-07,9303
2102,泰豐,25,0,25,華南永昌-高雄,2024-05-07,9303
4402,郡都開發,26,1,25,華南永昌-高雄,2024-05-07,9303
1314,中石化,70,49,21,華南永昌-高雄,2024-05-07,9303
1905,華紙,25,4,21,華南永昌-高雄,2024-05-07,9303
2365,昆盈,22,2,20,華南永昌-高雄,2024-05-07,9303
3312,弘憶股,32,12,20,華南永昌-高雄,2024-05-07,9303
5515,建國,20,1,19,華南永昌-高雄,2024-05-07,9303
6834,天二科技,18,0,18,華南永昌-高雄,2024-05-07,9303
2362,藍天,20,2,18,華南永昌-高雄,2024-05-07,9303
1316,上曜,77,59,18,華南永昌-高雄,2024-05-07,9303
2392,正崴,24,7,17,華南永昌-高雄,2024-05-07,9303
8358,金居,20,3,17,華南永昌-高雄,2024-05-07,9303
2528,皇普,16,0,16,華南永昌-高雄,2024-05-07,9303
6274,台燿,19,3,16,華南永昌-高雄,2024-05-07,9303
6139,亞翔,17,2,15,華南永昌-高雄,2024-05-07,9303
4554,橙的,15,0,15,華南永昌-高雄,2024-05-07,9303
1795,美時,14,0,14,華南永昌-高雄,2024-05-07,9303
2892,第一金,14,0,14,華南永昌-高雄,2024-05-07,9303
2449,京元電子,20,7,13,華南永昌-高雄,2024-05-07,9303
1616,億泰,36,23,13,華南永昌-高雄,2024-05-07,9303
5371,中光電,20,7,13,華南永昌-高雄,2024-05-07,9303
3483,力致,16,3,13,華南永昌-高雄,2024-05-07,9303
00687B,國泰20年美債,113,3,110,華南永昌-高雄,2024-05-08,9303
1314,中石化,90,17,73,華南永昌-高雄,2024-05-08,9303
00940,元大台灣價值高息,97,34,63,華南永昌-高雄,2024-05-08,9303
2603,長榮,63,10,53,華南永昌-高雄,2024-05-08,9303
9105,泰金寶-DR,134,83,51,華南永昌-高雄,2024-05-08,9303
00676R,富邦臺灣加權反1,50,0,50,華南永昌-高雄,2024-05-08,9303
6770,力積電,55,10,45,華南永昌-高雄,2024-05-08,9303
2634,漢翔,54,11,43,華南永昌-高雄,2024-05-08,9303
00652,富邦印度,40,0,40,華南永昌-高雄,2024-05-08,9303
2892,第一金,36,0,36,華南永昌-高雄,2024-05-08,9303
5871,中租-KY,41,6,35,華南永昌-高雄,2024-05-08,9303
00665L,富邦�琤肭磪囓�2,36,2,34,華南永昌-高雄,2024-05-08,9303
2606,裕民,60,27,33,華南永昌-高雄,2024-05-08,9303
2359,所羅門,80,48,32,華南永昌-高雄,2024-05-08,9303
2101,南港,35,6,29,華南永昌-高雄,2024-05-08,9303
2515,中工,63,36,27,華南永昌-高雄,2024-05-08,9303
2745,五福,29,2,27,華南永昌-高雄,2024-05-08,9303
00929,復華台灣科技優息,37,10,27,華南永昌-高雄,2024-05-08,9303
8940,新天地,34,8,26,華南永昌-高雄,2024-05-08,9303
2312,金寶,25,0,25,華南永昌-高雄,2024-05-08,9303
00715L,期街口布蘭特正2,23,0,23,華南永昌-高雄,2024-05-08,9303
5230,雷笛克光學,41,18,23,華南永昌-高雄,2024-05-08,9303
00931B,統一美債20年,23,0,23,華南永昌-高雄,2024-05-08,9303
4542,科嶠,22,0,22,華南永昌-高雄,2024-05-08,9303
3013,晟銘電,25,4,21,華南永昌-高雄,2024-05-08,9303
00795B,中信美國公債20年,31,10,21,華南永昌-高雄,2024-05-08,9303
4561,健椿,26,5,21,華南永昌-高雄,2024-05-08,9303
3715,定穎投控,22,1,21,華南永昌-高雄,2024-05-08,9303
6282,康舒,36,15,21,華南永昌-高雄,2024-05-08,9303
1304,台聚,20,0,20,華南永昌-高雄,2024-05-08,9303
4402,郡都開發,20,0,20,華南永昌-高雄,2024-05-08,9303
00942B,台新美A公司債20+,20,0,20,華南永昌-高雄,2024-05-08,9303
2409,友達,21,1,20,華南永昌-高雄,2024-05-08,9303
2369,菱生,20,0,20,華南永昌-高雄,2024-05-08,9303
6425,易發,20,0,20,華南永昌-高雄,2024-05-08,9303
2317,鴻海,57,38,19,華南永昌-高雄,2024-05-08,9303
1612,宏泰,41,22,19,華南永昌-高雄,2024-05-08,9303
8446,華研,20,1,19,華南永昌-高雄,2024-05-08,9303
2528,皇普,19,0,19,華南永昌-高雄,2024-05-08,9303
1708,東鹼,24,6,18,華南永昌-高雄,2024-05-08,9303
6456,GIS-KY,15,0,15,華南永昌-高雄,2024-05-08,9303
00633L,富邦上証正2,15,0,15,華南永昌-高雄,2024-05-08,9303
00679B,元大美債20年,25,10,15,華南永昌-高雄,2024-05-08,9303
1436,華友聯,14,0,14,華南永昌-高雄,2024-05-08,9303
1504,東元,24,10,14,華南永昌-高雄,2024-05-08,9303
1905,華紙,15,1,14,華南永昌-高雄,2024-05-08,9303
2406,國碩,14,1,13,華南永昌-高雄,2024-05-08,9303
8112,至上,23,10,13,華南永昌-高雄,2024-05-08,9303
5515,建國,13,0,13,華南永昌-高雄,2024-05-08,9303
6215,和椿,28,15,13,華南永昌-高雄,2024-05-08,9303
00937B,群益ESG投等債20,165,7,158,華南永昌-高雄,2024-05-09,9303
1314,中石化,136,1,135,華南永昌-高雄,2024-05-09,9303
2367,燿華,167,54,113,華南永昌-高雄,2024-05-09,9303
00940,元大台灣價值高息,125,14,111,華南永昌-高雄,2024-05-09,9303
2337,旺宏,103,4,99,華南永昌-高雄,2024-05-09,9303
8131,福懋科,97,0,97,華南永昌-高雄,2024-05-09,9303
00687B,國泰20年美債,91,0,91,華南永昌-高雄,2024-05-09,9303
00929,復華台灣科技優息,96,10,86,華南永昌-高雄,2024-05-09,9303
1446,宏和,192,110,82,華南永昌-高雄,2024-05-09,9303
2618,長榮航,130,61,69,華南永昌-高雄,2024-05-09,9303
5864,致和證,70,5,65,華南永昌-高雄,2024-05-09,9303
4915,致伸,63,1,62,華南永昌-高雄,2024-05-09,9303
2514,龍邦,55,0,55,華南永昌-高雄,2024-05-09,9303
2880,華南金,56,2,54,華南永昌-高雄,2024-05-09,9303
2344,華邦電,54,5,49,華南永昌-高雄,2024-05-09,9303
3041,揚智,48,7,41,華南永昌-高雄,2024-05-09,9303
00936,台新永續高息中小,44,3,41,華南永昌-高雄,2024-05-09,9303
1815,富喬,88,47,41,華南永昌-高雄,2024-05-09,9303
2329,華泰,43,3,40,華南永昌-高雄,2024-05-09,9303
2317,鴻海,113,75,38,華南永昌-高雄,2024-05-09,9303
2409,友達,48,13,35,華南永昌-高雄,2024-05-09,9303
00795B,中信美國公債20年,34,0,34,華南永昌-高雄,2024-05-09,9303
8064,東捷,34,1,33,華南永昌-高雄,2024-05-09,9303
8028,昇陽半導體,31,0,31,華南永昌-高雄,2024-05-09,9303
6116,彩晶,30,0,30,華南永昌-高雄,2024-05-09,9303
1582,信錦,34,5,29,華南永昌-高雄,2024-05-09,9303
2401,凌陽,32,4,28,華南永昌-高雄,2024-05-09,9303
4949,有成精密,28,0,28,華南永昌-高雄,2024-05-09,9303
4420,光明,28,1,27,華南永昌-高雄,2024-05-09,9303
4402,郡都開發,26,0,26,華南永昌-高雄,2024-05-09,9303
00679B,元大美債20年,47,24,23,華南永昌-高雄,2024-05-09,9303
6531,愛普*,22,0,22,華南永昌-高雄,2024-05-09,9303
8089,康全電訊,33,11,22,華南永昌-高雄,2024-05-09,9303
2449,京元電子,24,3,21,華南永昌-高雄,2024-05-09,9303
1618,合機,30,9,21,華南永昌-高雄,2024-05-09,9303
2323,中環,32,11,21,華南永昌-高雄,2024-05-09,9303
4127,天良,45,24,21,華南永昌-高雄,2024-05-09,9303
2002,中鋼,20,0,20,華南永昌-高雄,2024-05-09,9303
00651R,復華香港反1,20,0,20,華南永昌-高雄,2024-05-09,9303
4543,萬在,22,2,20,華南永昌-高雄,2024-05-09,9303
00932,兆豐永續高息等權,21,2,19,華南永昌-高雄,2024-05-09,9303
2201,裕隆,23,6,17,華南永昌-高雄,2024-05-09,9303
2061,風青,17,0,17,華南永昌-高雄,2024-05-09,9303
1301,台塑,16,0,16,華南永昌-高雄,2024-05-09,9303
6914,阜爾運通,16,0,16,華南永昌-高雄,2024-05-09,9303
3036,文曄,20,4,16,華南永昌-高雄,2024-05-09,9303
1605,華新,28,13,15,華南永昌-高雄,2024-05-09,9303
8940,新天地,15,0,15,華南永昌-高雄,2024-05-09,9303
6672,騰輝電子-KY,15,0,15,華南永昌-高雄,2024-05-09,9303
8150,南茂,16,1,15,華南永昌-高雄,2024-05-09,9303
00929,復華台灣科技優息,378,8,370,華南永昌-高雄,2024-05-10,9303
00946,群益科技高息成長,105,24,81,華南永昌-高雄,2024-05-10,9303
2515,中工,61,5,56,華南永昌-高雄,2024-05-10,9303
3706,神達,69,17,52,華南永昌-高雄,2024-05-10,9303
2409,友達,56,7,49,華南永昌-高雄,2024-05-10,9303
00632R,元大台灣50反1,45,0,45,華南永昌-高雄,2024-05-10,9303
6015,宏遠證,40,0,40,華南永昌-高雄,2024-05-10,9303
1314,中石化,53,13,40,華南永昌-高雄,2024-05-10,9303
2313,華通,71,34,37,華南永昌-高雄,2024-05-10,9303
3047,訊舟,37,0,37,華南永昌-高雄,2024-05-10,9303
00753L,中信中國50正2,34,0,34,華南永昌-高雄,2024-05-10,9303
2892,第一金,35,2,33,華南永昌-高雄,2024-05-10,9303
00878,國泰永續高股息,49,15,34,華南永昌-高雄,2024-05-10,9303
4915,致伸,31,0,31,華南永昌-高雄,2024-05-10,9303
2514,龍邦,30,0,30,華南永昌-高雄,2024-05-10,9303
2745,五福,34,4,30,華南永昌-高雄,2024-05-10,9303
4949,有成精密,44,14,30,華南永昌-高雄,2024-05-10,9303
1582,信錦,31,5,26,華南永昌-高雄,2024-05-10,9303
8150,南茂,25,0,25,華南永昌-高雄,2024-05-10,9303
6216,居易,27,2,25,華南永昌-高雄,2024-05-10,9303
8121,越峰,23,0,23,華南永昌-高雄,2024-05-10,9303
3052,夆典,22,0,22,華南永昌-高雄,2024-05-10,9303
2421,建準,27,6,21,華南永昌-高雄,2024-05-10,9303
2323,中環,51,31,20,華南永昌-高雄,2024-05-10,9303
00673R,期元大S＆P原油反1,20,0,20,華南永昌-高雄,2024-05-10,9303
2883,凱基金,134,114,20,華南永昌-高雄,2024-05-10,9303
2486,一詮,41,21,20,華南永昌-高雄,2024-05-10,9303
2363,矽統,65,45,20,華南永昌-高雄,2024-05-10,9303
2457,飛宏,19,0,19,華南永昌-高雄,2024-05-10,9303
00932,兆豐永續高息等權,19,0,19,華南永昌-高雄,2024-05-10,9303
2401,凌陽,18,0,18,華南永昌-高雄,2024-05-10,9303
3303,岱稜,20,2,18,華南永昌-高雄,2024-05-10,9303
00713,元大台灣高息低波,18,0,18,華南永昌-高雄,2024-05-10,9303
2501,國建,35,18,17,華南永昌-高雄,2024-05-10,9303
3481,群創,26,9,17,華南永昌-高雄,2024-05-10,9303
2359,所羅門,39,23,16,華南永昌-高雄,2024-05-10,9303
8054,安國,45,29,16,華南永昌-高雄,2024-05-10,9303
00637L,元大滬深300正2,20,5,15,華南永昌-高雄,2024-05-10,9303
2367,燿華,59,44,15,華南永昌-高雄,2024-05-10,9303
5519,隆大,14,0,14,華南永昌-高雄,2024-05-10,9303
2388,威盛,16,3,13,華南永昌-高雄,2024-05-10,9303
8926,台汽電,15,2,13,華南永昌-高雄,2024-05-10,9303
00725B,國泰投資級公司債,13,0,13,華南永昌-高雄,2024-05-10,9303
8936,國統,44,31,13,華南永昌-高雄,2024-05-10,9303
9105,泰金寶-DR,13,0,13,華南永昌-高雄,2024-05-10,9303
2606,裕民,48,35,13,華南永昌-高雄,2024-05-10,9303
5871,中租-KY,13,0,13,華南永昌-高雄,2024-05-10,9303
00937B,群益ESG投等債20,34,22,12,華南永昌-高雄,2024-05-10,9303
1440,南紡,13,2,11,華南永昌-高雄,2024-05-10,9303
6834,天二科技,13,2,11,華南永昌-高雄,2024-05-10,9303
00929,復華台灣科技優息,177,10,167,華南永昌-高雄,2024-05-13,9303
2892,第一金,107,0,107,華南永昌-高雄,2024-05-13,9303
3059,華晶科,101,1,100,華南永昌-高雄,2024-05-13,9303
2317,鴻海,108,21,87,華南永昌-高雄,2024-05-13,9303
00937B,群益ESG投等債20,108,31,77,華南永昌-高雄,2024-05-13,9303
2618,長榮航,90,18,72,華南永昌-高雄,2024-05-13,9303
3047,訊舟,62,8,54,華南永昌-高雄,2024-05-13,9303
00715L,期街口布蘭特正2,51,1,50,華南永昌-高雄,2024-05-13,9303
00944,野村趨勢動能高息,44,0,44,華南永昌-高雄,2024-05-13,9303
3231,緯創,80,37,43,華南永昌-高雄,2024-05-13,9303
00878,國泰永續高股息,79,37,42,華南永昌-高雄,2024-05-13,9303
2241,艾姆勒,53,12,41,華南永昌-高雄,2024-05-13,9303
2356,英業達,51,10,41,華南永昌-高雄,2024-05-13,9303
00753L,中信中國50正2,51,10,41,華南永昌-高雄,2024-05-13,9303
2367,燿華,326,285,41,華南永昌-高雄,2024-05-13,9303
3164,景岳,38,0,38,華南永昌-高雄,2024-05-13,9303
2615,萬海,116,78,38,華南永昌-高雄,2024-05-13,9303
8390,金益鼎,37,2,35,華南永昌-高雄,2024-05-13,9303
2409,友達,42,8,34,華南永昌-高雄,2024-05-13,9303
00665L,富邦�琤肭磪囓�2,44,10,34,華南永昌-高雄,2024-05-13,9303
2612,中航,38,7,31,華南永昌-高雄,2024-05-13,9303
1563,巧新,37,6,31,華南永昌-高雄,2024-05-13,9303
2023,燁輝,30,0,30,華南永昌-高雄,2024-05-13,9303
00946,群益科技高息成長,28,0,28,華南永昌-高雄,2024-05-13,9303
00857B,永豐20年美公債,27,0,27,華南永昌-高雄,2024-05-13,9303
2401,凌陽,37,10,27,華南永昌-高雄,2024-05-13,9303
3167,大量,26,0,26,華南永昌-高雄,2024-05-13,9303
5521,工信,26,0,26,華南永昌-高雄,2024-05-13,9303
00679B,元大美債20年,26,0,26,華南永昌-高雄,2024-05-13,9303
2812,台中銀,47,22,25,華南永昌-高雄,2024-05-13,9303
2374,佳能,58,34,24,華南永昌-高雄,2024-05-13,9303
3260,威剛,42,18,24,華南永昌-高雄,2024-05-13,9303
006208,富邦台50,23,0,23,華南永昌-高雄,2024-05-13,9303
00919,群益台灣精選高息,22,0,22,華南永昌-高雄,2024-05-13,9303
2486,一詮,41,20,21,華南永昌-高雄,2024-05-13,9303
00713,元大台灣高息低波,20,0,20,華南永昌-高雄,2024-05-13,9303
2834,臺企銀,56,36,20,華南永昌-高雄,2024-05-13,9303
2101,南港,25,6,19,華南永昌-高雄,2024-05-13,9303
2891,中信金,19,0,19,華南永昌-高雄,2024-05-13,9303
1316,上曜,18,0,18,華南永昌-高雄,2024-05-13,9303
4207,環泰,18,0,18,華南永昌-高雄,2024-05-13,9303
1524,耿鼎,32,14,18,華南永昌-高雄,2024-05-13,9303
2617,台航,55,38,17,華南永昌-高雄,2024-05-13,9303
4402,郡都開發,18,1,17,華南永昌-高雄,2024-05-13,9303
2546,根基,17,1,16,華南永昌-高雄,2024-05-13,9303
00891,中信關鍵半導體,17,1,16,華南永昌-高雄,2024-05-13,9303
2610,華航,75,60,15,華南永昌-高雄,2024-05-13,9303
6274,台燿,15,0,15,華南永昌-高雄,2024-05-13,9303
6139,亞翔,16,1,15,華南永昌-高雄,2024-05-13,9303
5432,新門,14,0,14,華南永昌-高雄,2024-05-13,9303
6770,力積電,289,35,254,華南永昌-高雄,2024-05-14,9303
00937B,群益ESG投等債20,182,37,145,華南永昌-高雄,2024-05-14,9303
2615,萬海,392,261,131,華南永昌-高雄,2024-05-14,9303
00929,復華台灣科技優息,150,45,105,華南永昌-高雄,2024-05-14,9303
00676R,富邦臺灣加權反1,100,0,100,華南永昌-高雄,2024-05-14,9303
2888,新光金,90,0,90,華南永昌-高雄,2024-05-14,9303
2401,凌陽,118,52,66,華南永昌-高雄,2024-05-14,9303
2317,鴻海,97,41,56,華南永昌-高雄,2024-05-14,9303
00632R,元大台灣50反1,63,10,53,華南永昌-高雄,2024-05-14,9303
2405,輔信,59,14,45,華南永昌-高雄,2024-05-14,9303
9945,潤泰新,86,43,43,華南永昌-高雄,2024-05-14,9303
6215,和椿,84,41,43,華南永昌-高雄,2024-05-14,9303
00753L,中信中國50正2,46,4,42,華南永昌-高雄,2024-05-14,9303
2892,第一金,42,0,42,華南永昌-高雄,2024-05-14,9303
2834,臺企銀,35,5,30,華南永昌-高雄,2024-05-14,9303
1586,和勤,27,0,27,華南永昌-高雄,2024-05-14,9303
2374,佳能,52,26,26,華南永昌-高雄,2024-05-14,9303
3231,緯創,55,30,25,華南永昌-高雄,2024-05-14,9303
5521,工信,25,1,24,華南永昌-高雄,2024-05-14,9303
1314,中石化,30,6,24,華南永昌-高雄,2024-05-14,9303
1809,中釉,21,0,21,華南永昌-高雄,2024-05-14,9303
00690,兆豐藍籌30,20,0,20,華南永昌-高雄,2024-05-14,9303
00673R,期元大S＆P原油反1,20,0,20,華南永昌-高雄,2024-05-14,9303
2323,中環,19,0,19,華南永昌-高雄,2024-05-14,9303
1310,台苯,21,2,19,華南永昌-高雄,2024-05-14,9303
2617,台航,34,15,19,華南永昌-高雄,2024-05-14,9303
00933B,國泰10Y+金融債,22,4,18,華南永昌-高雄,2024-05-14,9303
2618,長榮航,32,14,18,華南永昌-高雄,2024-05-14,9303
2891,中信金,17,1,16,華南永昌-高雄,2024-05-14,9303
00936,台新永續高息中小,16,0,16,華南永昌-高雄,2024-05-14,9303
2890,永豐金,16,0,16,華南永昌-高雄,2024-05-14,9303
2101,南港,23,7,16,華南永昌-高雄,2024-05-14,9303
2406,國碩,20,4,16,華南永昌-高雄,2024-05-14,9303
8390,金益鼎,15,0,15,華南永昌-高雄,2024-05-14,9303
2884,玉山金,25,10,15,華南永昌-高雄,2024-05-14,9303
5871,中租-KY,15,1,14,華南永昌-高雄,2024-05-14,9303
2025,千興,13,0,13,華南永昌-高雄,2024-05-14,9303
00915,凱基優選高股息30,13,0,13,華南永昌-高雄,2024-05-14,9303
2637,慧洋-KY,30,17,13,華南永昌-高雄,2024-05-14,9303
3450,聯鈞,15,2,13,華南永昌-高雄,2024-05-14,9303
2353,宏��,92,79,13,華南永昌-高雄,2024-05-14,9303
6806,森崴能源,12,0,12,華南永昌-高雄,2024-05-14,9303
2915,潤泰全,31,19,12,華南永昌-高雄,2024-05-14,9303
00882,中信中國高股息,55,43,12,華南永昌-高雄,2024-05-14,9303
006208,富邦台50,12,0,12,華南永昌-高雄,2024-05-14,9303
5515,建國,12,0,12,華南永昌-高雄,2024-05-14,9303
3060,銘異,18,6,12,華南永昌-高雄,2024-05-14,9303
5876,上海商銀,12,0,12,華南永昌-高雄,2024-05-14,9303
2330,台積電,20,9,11,華南永昌-高雄,2024-05-14,9303
00857B,永豐20年美公債,11,0,11,華南永昌-高雄,2024-05-14,9303
00679B,元大美債20年,638,0,638,華南永昌-高雄,2024-05-15,9303
00937B,群益ESG投等債20,355,1,354,華南永昌-高雄,2024-05-15,9303
00632R,元大台灣50反1,243,20,223,華南永昌-高雄,2024-05-15,9303
6770,力積電,146,19,127,華南永昌-高雄,2024-05-15,9303
8131,福懋科,123,0,123,華南永昌-高雄,2024-05-15,9303
3047,訊舟,131,30,101,華南永昌-高雄,2024-05-15,9303
3033,威健,100,5,95,華南永昌-高雄,2024-05-15,9303
00929,復華台灣科技優息,93,10,83,華南永昌-高雄,2024-05-15,9303
9105,泰金寶-DR,101,21,80,華南永昌-高雄,2024-05-15,9303
00919,群益台灣精選高息,67,0,67,華南永昌-高雄,2024-05-15,9303
2486,一詮,98,41,57,華南永昌-高雄,2024-05-15,9303
00882,中信中國高股息,54,0,54,華南永昌-高雄,2024-05-15,9303
1316,上曜,53,0,53,華南永昌-高雄,2024-05-15,9303
00680L,元大美債20正2,50,0,50,華南永昌-高雄,2024-05-15,9303
2603,長榮,81,33,48,華南永昌-高雄,2024-05-15,9303
5608,四維航,44,7,37,華南永昌-高雄,2024-05-15,9303
2884,玉山金,33,1,32,華南永昌-高雄,2024-05-15,9303
1608,華榮,256,224,32,華南永昌-高雄,2024-05-15,9303
2323,中環,65,35,30,華南永昌-高雄,2024-05-15,9303
00751B,元大AAA至A公司債,31,1,30,華南永昌-高雄,2024-05-15,9303
1609,大亞,36,7,29,華南永昌-高雄,2024-05-15,9303
1312,國喬,30,3,27,華南永昌-高雄,2024-05-15,9303
2812,台中銀,28,2,26,華南永昌-高雄,2024-05-15,9303
1301,台塑,33,7,26,華南永昌-高雄,2024-05-15,9303
2353,宏��,61,37,24,華南永昌-高雄,2024-05-15,9303
00932,兆豐永續高息等權,23,0,23,華南永昌-高雄,2024-05-15,9303
6147,頎邦,22,0,22,華南永昌-高雄,2024-05-15,9303
2467,志聖,50,28,22,華南永昌-高雄,2024-05-15,9303
1310,台苯,21,0,21,華南永昌-高雄,2024-05-15,9303
00940,元大台灣價值高息,100,79,21,華南永昌-高雄,2024-05-15,9303
00857B,永豐20年美公債,21,0,21,華南永昌-高雄,2024-05-15,9303
1524,耿鼎,23,2,21,華南永昌-高雄,2024-05-15,9303
00687B,國泰20年美債,22,1,21,華南永昌-高雄,2024-05-15,9303
6753,龍德造船,31,11,20,華南永昌-高雄,2024-05-15,9303
2515,中工,21,1,20,華南永昌-高雄,2024-05-15,9303
4915,致伸,21,1,20,華南永昌-高雄,2024-05-15,9303
00690,兆豐藍籌30,20,0,20,華南永昌-高雄,2024-05-15,9303
00673R,期元大S＆P原油反1,20,0,20,華南永昌-高雄,2024-05-15,9303
2363,矽統,105,87,18,華南永昌-高雄,2024-05-15,9303
1815,富喬,24,6,18,華南永昌-高雄,2024-05-15,9303
6216,居易,18,0,18,華南永昌-高雄,2024-05-15,9303
3052,夆典,18,0,18,華南永昌-高雄,2024-05-15,9303
3706,神達,41,25,16,華南永昌-高雄,2024-05-15,9303
00753L,中信中國50正2,16,0,16,華南永昌-高雄,2024-05-15,9303
3715,定穎投控,15,0,15,華南永昌-高雄,2024-05-15,9303
8150,南茂,16,1,15,華南永昌-高雄,2024-05-15,9303
2851,中再保,14,0,14,華南永昌-高雄,2024-05-15,9303
3051,力特,15,2,13,華南永昌-高雄,2024-05-15,9303
2637,慧洋-KY,18,6,12,華南永昌-高雄,2024-05-15,9303
4716,大立,13,1,12,華南永昌-高雄,2024-05-15,9303
00679B,元大美債20年,1258,54,1204,華南永昌-高雄,2024-05-16,9303
00706L,期元大S＆P日圓正2,350,0,350,華南永昌-高雄,2024-05-16,9303
00857B,永豐20年美公債,221,3,218,華南永昌-高雄,2024-05-16,9303
2543,皇昌,100,2,98,華南永昌-高雄,2024-05-16,9303
2356,英業達,115,22,93,華南永昌-高雄,2024-05-16,9303
3313,斐成,84,2,82,華南永昌-高雄,2024-05-16,9303
00940,元大台灣價值高息,95,19,76,華南永昌-高雄,2024-05-16,9303
1609,大亞,73,12,61,華南永昌-高雄,2024-05-16,9303
2464,盟立,75,18,57,華南永昌-高雄,2024-05-16,9303
2362,藍天,91,40,51,華南永昌-高雄,2024-05-16,9303
2006,東和鋼鐵,50,0,50,華南永昌-高雄,2024-05-16,9303
00752,中信中國50,50,1,49,華南永昌-高雄,2024-05-16,9303
00878,國泰永續高股息,73,26,47,華南永昌-高雄,2024-05-16,9303
1316,上曜,80,34,46,華南永昌-高雄,2024-05-16,9303
00731,復華富時高息低波,41,0,41,華南永昌-高雄,2024-05-16,9303
2009,第一銅,67,31,36,華南永昌-高雄,2024-05-16,9303
6928,攸泰科技,37,3,34,華南永昌-高雄,2024-05-16,9303
2546,根基,33,1,32,華南永昌-高雄,2024-05-16,9303
00929,復華台灣科技優息,47,17,30,華南永昌-高雄,2024-05-16,9303
00753L,中信中國50正2,33,5,28,華南永昌-高雄,2024-05-16,9303
2329,華泰,58,30,28,華南永昌-高雄,2024-05-16,9303
9105,泰金寶-DR,30,4,26,華南永昌-高雄,2024-05-16,9303
2897,王道銀行,35,10,25,華南永昌-高雄,2024-05-16,9303
3231,緯創,40,16,24,華南永昌-高雄,2024-05-16,9303
2301,光寶科,26,2,24,華南永昌-高雄,2024-05-16,9303
00937B,群益ESG投等債20,41,17,24,華南永昌-高雄,2024-05-16,9303
01002T,土銀國泰R1,24,0,24,華南永昌-高雄,2024-05-16,9303
6278,台表科,26,2,24,華南永昌-高雄,2024-05-16,9303
3051,力特,29,6,23,華南永昌-高雄,2024-05-16,9303
2382,廣達,63,40,23,華南永昌-高雄,2024-05-16,9303
2359,所羅門,103,81,22,華南永昌-高雄,2024-05-16,9303
2405,輔信,24,3,21,華南永昌-高雄,2024-05-16,9303
00673R,期元大S＆P原油反1,20,0,20,華南永昌-高雄,2024-05-16,9303
9945,潤泰新,61,42,19,華南永昌-高雄,2024-05-16,9303
2611,志信,28,9,19,華南永昌-高雄,2024-05-16,9303
1560,中砂,26,8,18,華南永昌-高雄,2024-05-16,9303
5392,能率,37,20,17,華南永昌-高雄,2024-05-16,9303
6177,達麗,26,10,16,華南永昌-高雄,2024-05-16,9303
5351,鈺創,21,6,15,華南永昌-高雄,2024-05-16,9303
6113,亞矽,15,0,15,華南永昌-高雄,2024-05-16,9303
2836,高雄銀,15,0,15,華南永昌-高雄,2024-05-16,9303
2365,昆盈,67,52,15,華南永昌-高雄,2024-05-16,9303
5880,合庫金,16,3,13,華南永昌-高雄,2024-05-16,9303
2495,普安,14,1,13,華南永昌-高雄,2024-05-16,9303
2606,裕民,59,46,13,華南永昌-高雄,2024-05-16,9303
8940,新天地,13,0,13,華南永昌-高雄,2024-05-16,9303
3163,波若威,14,2,12,華南永昌-高雄,2024-05-16,9303
2355,敬鵬,12,0,12,華南永昌-高雄,2024-05-16,9303
1582,信錦,12,0,12,華南永昌-高雄,2024-05-16,9303
2542,興富發,27,15,12,華南永昌-高雄,2024-05-16,9303
00929,復華台灣科技優息,415,4,411,華南永昌-高雄,2024-05-17,9303
00942B,台新美A公司債20+,300,0,300,華南永昌-高雄,2024-05-17,9303
00679B,元大美債20年,295,7,288,華南永昌-高雄,2024-05-17,9303
00706L,期元大S＆P日圓正2,233,0,233,華南永昌-高雄,2024-05-17,9303
00878,國泰永續高股息,133,13,120,華南永昌-高雄,2024-05-17,9303
6770,力積電,133,17,116,華南永昌-高雄,2024-05-17,9303
3060,銘異,170,67,103,華南永昌-高雄,2024-05-17,9303
00753L,中信中國50正2,102,0,102,華南永昌-高雄,2024-05-17,9303
1201,味全,88,0,88,華南永昌-高雄,2024-05-17,9303
2312,金寶,79,3,76,華南永昌-高雄,2024-05-17,9303
2356,英業達,81,16,65,華南永昌-高雄,2024-05-17,9303
1314,中石化,67,4,63,華南永昌-高雄,2024-05-17,9303
00665L,富邦�琤肭磪囓�2,61,9,52,華南永昌-高雄,2024-05-17,9303
3059,華晶科,56,6,50,華南永昌-高雄,2024-05-17,9303
2374,佳能,87,41,46,華南永昌-高雄,2024-05-17,9303
3231,緯創,68,25,43,華南永昌-高雄,2024-05-17,9303
2317,鴻海,84,41,43,華南永昌-高雄,2024-05-17,9303
00946,群益科技高息成長,44,2,42,華南永昌-高雄,2024-05-17,9303
4561,健椿,44,2,42,華南永昌-高雄,2024-05-17,9303
2409,友達,44,4,40,華南永昌-高雄,2024-05-17,9303
5392,能率,58,23,35,華南永昌-高雄,2024-05-17,9303
3024,憶聲,36,2,34,華南永昌-高雄,2024-05-17,9303
2489,瑞軒,104,73,31,華南永昌-高雄,2024-05-17,9303
00632R,元大台灣50反1,31,0,31,華南永昌-高雄,2024-05-17,9303
3576,聯合再生,35,8,27,華南永昌-高雄,2024-05-17,9303
9904,寶成,26,2,24,華南永昌-高雄,2024-05-17,9303
6188,廣明,37,14,23,華南永昌-高雄,2024-05-17,9303
2417,圓剛,31,8,23,華南永昌-高雄,2024-05-17,9303
2637,慧洋-KY,34,11,23,華南永昌-高雄,2024-05-17,9303
5009,榮剛,26,3,23,華南永昌-高雄,2024-05-17,9303
00919,群益台灣精選高息,29,7,22,華南永昌-高雄,2024-05-17,9303
00713,元大台灣高息低波,21,0,21,華南永昌-高雄,2024-05-17,9303
00937B,群益ESG投等債20,31,10,21,華南永昌-高雄,2024-05-17,9303
2888,新光金,21,0,21,華南永昌-高雄,2024-05-17,9303
2537,聯上發,33,12,21,華南永昌-高雄,2024-05-17,9303
1710,東聯,20,0,20,華南永昌-高雄,2024-05-17,9303
2543,皇昌,108,89,19,華南永昌-高雄,2024-05-17,9303
5469,瀚宇博,26,7,19,華南永昌-高雄,2024-05-17,9303
3481,群創,27,8,19,華南永昌-高雄,2024-05-17,9303
2408,南亞科,20,2,18,華南永昌-高雄,2024-05-17,9303
5432,新門,26,8,18,華南永昌-高雄,2024-05-17,9303
1582,信錦,21,4,17,華南永昌-高雄,2024-05-17,9303
00882,中信中國高股息,41,24,17,華南永昌-高雄,2024-05-17,9303
1717,長興,16,0,16,華南永昌-高雄,2024-05-17,9303
9105,泰金寶-DR,20,4,16,華南永昌-高雄,2024-05-17,9303
2367,燿華,276,261,15,華南永昌-高雄,2024-05-17,9303
00940,元大台灣價值高息,37,22,15,華南永昌-高雄,2024-05-17,9303
2524,京城,14,0,14,華南永昌-高雄,2024-05-17,9303
3483,力致,22,9,13,華南永昌-高雄,2024-05-17,9303
2611,志信,23,11,12,華南永昌-高雄,2024-05-17,9303
00929,復華台灣科技優息,502,35,467,華南永昌-高雄,2024-05-20,9303
00752,中信中國50,180,0,180,華南永昌-高雄,2024-05-20,9303
00679B,元大美債20年,127,5,122,華南永昌-高雄,2024-05-20,9303
00937B,群益ESG投等債20,113,0,113,華南永昌-高雄,2024-05-20,9303
2892,第一金,133,28,105,華南永昌-高雄,2024-05-20,9303
2359,所羅門,172,93,79,華南永昌-高雄,2024-05-20,9303
00878,國泰永續高股息,94,17,77,華南永昌-高雄,2024-05-20,9303
8131,福懋科,69,0,69,華南永昌-高雄,2024-05-20,9303
3231,緯創,91,23,68,華南永昌-高雄,2024-05-20,9303
2354,鴻準,74,13,61,華南永昌-高雄,2024-05-20,9303
2537,聯上發,84,29,55,華南永昌-高雄,2024-05-20,9303
1201,味全,50,0,50,華南永昌-高雄,2024-05-20,9303
1316,上曜,51,1,50,華南永昌-高雄,2024-05-20,9303
00753L,中信中國50正2,49,0,49,華南永昌-高雄,2024-05-20,9303
5475,德宏,41,0,41,華南永昌-高雄,2024-05-20,9303
3031,佰鴻,40,0,40,華南永昌-高雄,2024-05-20,9303
6265,方土昶,45,5,40,華南永昌-高雄,2024-05-20,9303
2610,華航,157,118,39,華南永昌-高雄,2024-05-20,9303
2736,富野,40,1,39,華南永昌-高雄,2024-05-20,9303
0056,元大高股息,39,1,38,華南永昌-高雄,2024-05-20,9303
00687B,國泰20年美債,35,3,32,華南永昌-高雄,2024-05-20,9303
2495,普安,31,0,31,華南永昌-高雄,2024-05-20,9303
2501,國建,51,22,29,華南永昌-高雄,2024-05-20,9303
1586,和勤,28,0,28,華南永昌-高雄,2024-05-20,9303
3033,威健,36,8,28,華南永昌-高雄,2024-05-20,9303
00936,台新永續高息中小,24,0,24,華南永昌-高雄,2024-05-20,9303
1314,中石化,27,3,24,華南永昌-高雄,2024-05-20,9303
2374,佳能,68,45,23,華南永昌-高雄,2024-05-20,9303
1453,大將,28,5,23,華南永昌-高雄,2024-05-20,9303
2442,新美齊,26,3,23,華南永昌-高雄,2024-05-20,9303
5392,能率,70,48,22,華南永昌-高雄,2024-05-20,9303
2836,高雄銀,20,0,20,華南永昌-高雄,2024-05-20,9303
2417,圓剛,21,1,20,華南永昌-高雄,2024-05-20,9303
6603,富強鑫,30,10,20,華南永昌-高雄,2024-05-20,9303
00720B,元大投資級公司債,22,5,17,華南永昌-高雄,2024-05-20,9303
6834,天二科技,18,2,16,華南永昌-高雄,2024-05-20,9303
00882,中信中國高股息,89,73,16,華南永昌-高雄,2024-05-20,9303
1504,東元,15,0,15,華南永昌-高雄,2024-05-20,9303
5009,榮剛,20,5,15,華南永昌-高雄,2024-05-20,9303
00857B,永豐20年美公債,15,0,15,華南永昌-高雄,2024-05-20,9303
00680L,元大美債20正2,15,0,15,華南永昌-高雄,2024-05-20,9303
2543,皇昌,85,70,15,華南永昌-高雄,2024-05-20,9303
00915,凱基優選高股息30,16,1,15,華南永昌-高雄,2024-05-20,9303
6425,易發,18,4,14,華南永昌-高雄,2024-05-20,9303
6223,旺矽,14,1,13,華南永昌-高雄,2024-05-20,9303
6005,群益證,12,0,12,華南永昌-高雄,2024-05-20,9303
2743,山富,29,17,12,華南永昌-高雄,2024-05-20,9303
00751B,元大AAA至A公司債,11,0,11,華南永昌-高雄,2024-05-20,9303
8033,雷虎,16,5,11,華南永昌-高雄,2024-05-20,9303
2101,南港,14,3,11,華南永昌-高雄,2024-05-20,9303
2881,富邦金,119,1,118,華南永昌-高雄,2024-05-21,9303
00753L,中信中國50正2,105,0,105,華南永昌-高雄,2024-05-21,9303
1605,華新,143,48,95,華南永昌-高雄,2024-05-21,9303
00752,中信中國50,80,0,80,華南永昌-高雄,2024-05-21,9303
2363,矽統,138,64,74,華南永昌-高雄,2024-05-21,9303
2543,皇昌,135,66,69,華南永昌-高雄,2024-05-21,9303
2890,永豐金,60,1,59,華南永昌-高雄,2024-05-21,9303
00878,國泰永續高股息,79,23,56,華南永昌-高雄,2024-05-21,9303
00940,元大台灣價值高息,57,1,56,華南永昌-高雄,2024-05-21,9303
00929,復華台灣科技優息,76,36,40,華南永昌-高雄,2024-05-21,9303
00937B,群益ESG投等債20,76,37,39,華南永昌-高雄,2024-05-21,9303
1301,台塑,36,0,36,華南永昌-高雄,2024-05-21,9303
2834,臺企銀,56,21,35,華南永昌-高雄,2024-05-21,9303
2317,鴻海,37,7,30,華南永昌-高雄,2024-05-21,9303
2409,友達,31,2,29,華南永昌-高雄,2024-05-21,9303
2392,正崴,33,5,28,華南永昌-高雄,2024-05-21,9303
2889,國票金,25,0,25,華南永昌-高雄,2024-05-21,9303
00907,永豐優息存股,25,0,25,華南永昌-高雄,2024-05-21,9303
2002,中鋼,29,6,23,華南永昌-高雄,2024-05-21,9303
2892,第一金,27,4,23,華南永昌-高雄,2024-05-21,9303
6446,藥華藥,25,2,23,華南永昌-高雄,2024-05-21,9303
3024,憶聲,26,3,23,華南永昌-高雄,2024-05-21,9303
8121,越峰,23,0,23,華南永昌-高雄,2024-05-21,9303
8358,金居,47,24,23,華南永昌-高雄,2024-05-21,9303
2208,台船,21,0,21,華南永昌-高雄,2024-05-21,9303
2605,新興,24,4,20,華南永昌-高雄,2024-05-21,9303
1904,正隆,20,0,20,華南永昌-高雄,2024-05-21,9303
5533,皇鼎,19,0,19,華南永昌-高雄,2024-05-21,9303
00665L,富邦�琤肭磪囓�2,35,16,19,華南永昌-高雄,2024-05-21,9303
1752,南光,21,2,19,華南永昌-高雄,2024-05-21,9303
1618,合機,26,8,18,華南永昌-高雄,2024-05-21,9303
1609,大亞,18,0,18,華南永昌-高雄,2024-05-21,9303
5371,中光電,43,25,18,華南永昌-高雄,2024-05-21,9303
2489,瑞軒,34,16,18,華南永昌-高雄,2024-05-21,9303
00919,群益台灣精選高息,19,1,18,華南永昌-高雄,2024-05-21,9303
2323,中環,38,21,17,華南永昌-高雄,2024-05-21,9303
00751B,元大AAA至A公司債,18,1,17,華南永昌-高雄,2024-05-21,9303
8155,博智,17,0,17,華南永昌-高雄,2024-05-21,9303
2482,連宇,28,12,16,華南永昌-高雄,2024-05-21,9303
2331,精英,16,0,16,華南永昌-高雄,2024-05-21,9303
2540,愛山林,16,0,16,華南永昌-高雄,2024-05-21,9303
3041,揚智,15,1,14,華南永昌-高雄,2024-05-21,9303
1314,中石化,18,5,13,華南永昌-高雄,2024-05-21,9303
9910,豐泰,13,0,13,華南永昌-高雄,2024-05-21,9303
3704,合勤控,21,8,13,華南永昌-高雄,2024-05-21,9303
00941,中信上游半導體,15,2,13,華南永昌-高雄,2024-05-21,9303
00918,大華優利高填息30,34,21,13,華南永昌-高雄,2024-05-21,9303
2504,國產,18,5,13,華南永昌-高雄,2024-05-21,9303
4137,麗豐-KY,12,0,12,華南永昌-高雄,2024-05-21,9303
5324,士開,13,1,12,華南永昌-高雄,2024-05-21,9303
00937B,群益ESG投等債20,275,2,273,華南永昌-高雄,2024-05-22,9303
2867,三商壽,212,20,192,華南永昌-高雄,2024-05-22,9303
2367,燿華,172,68,104,華南永昌-高雄,2024-05-22,9303
2489,瑞軒,87,7,80,華南永昌-高雄,2024-05-22,9303
6209,今國光,71,1,70,華南永昌-高雄,2024-05-22,9303
2002,中鋼,71,2,69,華南永昌-高雄,2024-05-22,9303
3060,銘異,86,22,64,華南永昌-高雄,2024-05-22,9303
1608,華榮,60,3,57,華南永昌-高雄,2024-05-22,9303
2609,陽明,67,14,53,華南永昌-高雄,2024-05-22,9303
00632R,元大台灣50反1,50,0,50,華南永昌-高雄,2024-05-22,9303
2337,旺宏,50,1,49,華南永昌-高雄,2024-05-22,9303
3033,威健,60,16,44,華南永昌-高雄,2024-05-22,9303
3702,大聯大,42,0,42,華南永昌-高雄,2024-05-22,9303
3049,精金,40,3,37,華南永昌-高雄,2024-05-22,9303
3013,晟銘電,84,49,35,華南永昌-高雄,2024-05-22,9303
2390,云辰,35,1,34,華南永昌-高雄,2024-05-22,9303
5475,德宏,35,1,34,華南永昌-高雄,2024-05-22,9303
3481,群創,145,111,34,華南永昌-高雄,2024-05-22,9303
2618,長榮航,93,59,34,華南永昌-高雄,2024-05-22,9303
3706,神達,56,23,33,華南永昌-高雄,2024-05-22,9303
00882,中信中國高股息,59,26,33,華南永昌-高雄,2024-05-22,9303
2369,菱生,35,3,32,華南永昌-高雄,2024-05-22,9303
2610,華航,43,14,29,華南永昌-高雄,2024-05-22,9303
2317,鴻海,53,24,29,華南永昌-高雄,2024-05-22,9303
6873,泓德能源,28,0,28,華南永昌-高雄,2024-05-22,9303
5521,工信,29,2,27,華南永昌-高雄,2024-05-22,9303
2836,高雄銀,27,0,27,華南永昌-高雄,2024-05-22,9303
4960,誠美材,41,14,27,華南永昌-高雄,2024-05-22,9303
1303,南亞,25,0,25,華南永昌-高雄,2024-05-22,9303
00946,群益科技高息成長,35,10,25,華南永昌-高雄,2024-05-22,9303
00753L,中信中國50正2,25,0,25,華南永昌-高雄,2024-05-22,9303
5328,華容,25,2,23,華南永昌-高雄,2024-05-22,9303
2540,愛山林,23,0,23,華南永昌-高雄,2024-05-22,9303
2009,第一銅,158,136,22,華南永昌-高雄,2024-05-22,9303
00905,FT臺灣Smart,23,2,21,華南永昌-高雄,2024-05-22,9303
00633L,富邦上証正2,20,0,20,華南永昌-高雄,2024-05-22,9303
00900,富邦特選高股息30,20,0,20,華南永昌-高雄,2024-05-22,9303
2453,凌群,22,2,20,華南永昌-高雄,2024-05-22,9303
2374,佳能,123,103,20,華南永昌-高雄,2024-05-22,9303
3005,神基,22,3,19,華南永昌-高雄,2024-05-22,9303
00930,永豐ESG低碳高息,21,2,19,華南永昌-高雄,2024-05-22,9303
2464,盟立,61,42,19,華南永昌-高雄,2024-05-22,9303
5230,雷笛克光學,20,3,17,華南永昌-高雄,2024-05-22,9303
4952,凌通,23,6,17,華南永昌-高雄,2024-05-22,9303
00919,群益台灣精選高息,90,74,16,華南永昌-高雄,2024-05-22,9303
2354,鴻準,21,5,16,華南永昌-高雄,2024-05-22,9303
00896,中信綠能及電動車,20,4,16,華南永昌-高雄,2024-05-22,9303
00715L,期街口布蘭特正2,16,0,16,華南永昌-高雄,2024-05-22,9303
2376,技嘉,27,12,15,華南永昌-高雄,2024-05-22,9303
2634,漢翔,20,5,15,華南永昌-高雄,2024-05-22,9303
2409,友達,465,2,463,華南永昌-高雄,2024-05-23,9303
00937B,群益ESG投等債20,179,30,149,華南永昌-高雄,2024-05-23,9303
2884,玉山金,142,9,133,華南永昌-高雄,2024-05-23,9303
2610,華航,191,72,119,華南永昌-高雄,2024-05-23,9303
00664R,國泰臺灣加權反1,102,0,102,華南永昌-高雄,2024-05-23,9303
4540,全球傳動,100,0,100,華南永昌-高雄,2024-05-23,9303
00929,復華台灣科技優息,246,148,98,華南永昌-高雄,2024-05-23,9303
1609,大亞,124,30,94,華南永昌-高雄,2024-05-23,9303
4532,瑞智,90,2,88,華南永昌-高雄,2024-05-23,9303
2417,圓剛,86,3,83,華南永昌-高雄,2024-05-23,9303
2897,王道銀行,66,0,66,華南永昌-高雄,2024-05-23,9303
00753L,中信中國50正2,60,0,60,華南永昌-高雄,2024-05-23,9303
00665L,富邦�琤肭磪囓�2,97,44,53,華南永昌-高雄,2024-05-23,9303
2606,裕民,51,0,51,華南永昌-高雄,2024-05-23,9303
2029,盛餘,50,1,49,華南永昌-高雄,2024-05-23,9303
00715L,期街口布蘭特正2,49,0,49,華南永昌-高雄,2024-05-23,9303
9945,潤泰新,55,7,48,華南永昌-高雄,2024-05-23,9303
8028,昇陽半導體,56,8,48,華南永昌-高雄,2024-05-23,9303
00712,復華富時不動產,45,0,45,華南永昌-高雄,2024-05-23,9303
3149,正達,47,2,45,華南永昌-高雄,2024-05-23,9303
2324,仁寶,57,14,43,華南永昌-高雄,2024-05-23,9303
2745,五福,44,1,43,華南永昌-高雄,2024-05-23,9303
2618,長榮航,81,38,43,華南永昌-高雄,2024-05-23,9303
2609,陽明,51,11,40,華南永昌-高雄,2024-05-23,9303
6147,頎邦,40,2,38,華南永昌-高雄,2024-05-23,9303
2027,大成鋼,51,14,37,華南永昌-高雄,2024-05-23,9303
3481,群創,48,13,35,華南永昌-高雄,2024-05-23,9303
2701,萬企,35,0,35,華南永昌-高雄,2024-05-23,9303
2002,中鋼,56,23,33,華南永昌-高雄,2024-05-23,9303
2376,技嘉,55,23,32,華南永昌-高雄,2024-05-23,9303
2356,英業達,36,4,32,華南永昌-高雄,2024-05-23,9303
00882,中信中國高股息,196,164,32,華南永昌-高雄,2024-05-23,9303
1608,華榮,35,3,32,華南永昌-高雄,2024-05-23,9303
2515,中工,34,2,32,華南永昌-高雄,2024-05-23,9303
00679B,元大美債20年,35,4,31,華南永昌-高雄,2024-05-23,9303
2881,富邦金,31,0,31,華南永昌-高雄,2024-05-23,9303
5392,能率,64,33,31,華南永昌-高雄,2024-05-23,9303
2009,第一銅,55,27,28,華南永昌-高雄,2024-05-23,9303
1618,合機,28,1,27,華南永昌-高雄,2024-05-23,9303
2880,華南金,29,2,27,華南永昌-高雄,2024-05-23,9303
00632R,元大台灣50反1,27,0,27,華南永昌-高雄,2024-05-23,9303
00878,國泰永續高股息,33,7,26,華南永昌-高雄,2024-05-23,9303
8150,南茂,26,0,26,華南永昌-高雄,2024-05-23,9303
2340,台亞,31,6,25,華南永昌-高雄,2024-05-23,9303
00650L,復華香港正2,24,0,24,華南永昌-高雄,2024-05-23,9303
3312,弘憶股,49,26,23,華南永昌-高雄,2024-05-23,9303
8121,越峰,22,0,22,華南永昌-高雄,2024-05-23,9303
3234,光環,24,2,22,華南永昌-高雄,2024-05-23,9303
1582,信錦,27,6,21,華南永昌-高雄,2024-05-23,9303
2836,高雄銀,20,0,20,華南永昌-高雄,2024-05-23,9303
00937B,群益ESG投等債20,229,61,168,華南永昌-高雄,2024-05-24,9303
1201,味全,138,0,138,華南永昌-高雄,2024-05-24,9303
6770,力積電,114,1,113,華南永昌-高雄,2024-05-24,9303
2613,中櫃,84,7,77,華南永昌-高雄,2024-05-24,9303
00712,復華富時不動產,63,0,63,華南永昌-高雄,2024-05-24,9303
2543,皇昌,208,145,63,華南永昌-高雄,2024-05-24,9303
00933B,國泰10Y+金融債,64,3,61,華南永昌-高雄,2024-05-24,9303
912000,晨訊科-DR,58,0,58,華南永昌-高雄,2024-05-24,9303
3374,精材,55,0,55,華南永昌-高雄,2024-05-24,9303
2002,中鋼,58,3,55,華南永昌-高雄,2024-05-24,9303
3545,敦泰,144,91,53,華南永昌-高雄,2024-05-24,9303
00945B,凱基美國非投等債,48,0,48,華南永昌-高雄,2024-05-24,9303
2618,長榮航,79,32,47,華南永昌-高雄,2024-05-24,9303
2892,第一金,51,4,47,華南永昌-高雄,2024-05-24,9303
00753L,中信中國50正2,45,0,45,華南永昌-高雄,2024-05-24,9303
3049,精金,39,0,39,華南永昌-高雄,2024-05-24,9303
8064,東捷,47,10,37,華南永昌-高雄,2024-05-24,9303
2303,聯電,61,25,36,華南永昌-高雄,2024-05-24,9303
00882,中信中國高股息,81,47,34,華南永昌-高雄,2024-05-24,9303
2609,陽明,53,20,33,華南永昌-高雄,2024-05-24,9303
2417,圓剛,39,6,33,華南永昌-高雄,2024-05-24,9303
3450,聯鈞,109,77,32,華南永昌-高雄,2024-05-24,9303
6190,萬泰科,41,9,32,華南永昌-高雄,2024-05-24,9303
2027,大成鋼,31,0,31,華南永昌-高雄,2024-05-24,9303
5475,德宏,30,0,30,華南永昌-高雄,2024-05-24,9303
2464,盟立,68,39,29,華南永昌-高雄,2024-05-24,9303
3060,銘異,54,26,28,華南永昌-高雄,2024-05-24,9303
00878,國泰永續高股息,39,11,28,華南永昌-高雄,2024-05-24,9303
6152,百一,27,0,27,華南永昌-高雄,2024-05-24,9303
2885,元大金,26,0,26,華南永昌-高雄,2024-05-24,9303
1301,台塑,25,0,25,華南永昌-高雄,2024-05-24,9303
2890,永豐金,27,2,25,華南永昌-高雄,2024-05-24,9303
2546,根基,25,0,25,華南永昌-高雄,2024-05-24,9303
2340,台亞,22,0,22,華南永昌-高雄,2024-05-24,9303
00679B,元大美債20年,29,8,21,華南永昌-高雄,2024-05-24,9303
5392,能率,32,11,21,華南永昌-高雄,2024-05-24,9303
2324,仁寶,43,22,21,華南永昌-高雄,2024-05-24,9303
1582,信錦,21,1,20,華南永昌-高雄,2024-05-24,9303
00946,群益科技高息成長,21,1,20,華南永昌-高雄,2024-05-24,9303
6216,居易,20,0,20,華南永昌-高雄,2024-05-24,9303
00929,復華台灣科技優息,47,28,19,華南永昌-高雄,2024-05-24,9303
6147,頎邦,19,0,19,華南永昌-高雄,2024-05-24,9303
9904,寶成,19,0,19,華南永昌-高雄,2024-05-24,9303
2313,華通,33,15,18,華南永昌-高雄,2024-05-24,9303
9962,有益,18,0,18,華南永昌-高雄,2024-05-24,9303
5876,上海商銀,18,0,18,華南永昌-高雄,2024-05-24,9303
1809,中釉,22,5,17,華南永昌-高雄,2024-05-24,9303
00941,中信上游半導體,17,0,17,華南永昌-高雄,2024-05-24,9303
8213,志超,16,0,16,華南永昌-高雄,2024-05-24,9303
1526,日馳,16,0,16,華南永昌-高雄,2024-05-24,9303
6116,彩晶,485,14,471,華南永昌-高雄,2024-05-27,9303
00937B,群益ESG投等債20,234,35,199,華南永昌-高雄,2024-05-27,9303
9105,泰金寶-DR,170,59,111,華南永昌-高雄,2024-05-27,9303
6770,力積電,113,9,104,華南永昌-高雄,2024-05-27,9303
00632R,元大台灣50反1,77,0,77,華南永昌-高雄,2024-05-27,9303
3149,正達,86,10,76,華南永昌-高雄,2024-05-27,9303
2489,瑞軒,236,160,76,華南永昌-高雄,2024-05-27,9303
00929,復華台灣科技優息,139,65,74,華南永昌-高雄,2024-05-27,9303
2002,中鋼,69,1,68,華南永昌-高雄,2024-05-27,9303
2365,昆盈,67,1,66,華南永昌-高雄,2024-05-27,9303
2353,宏��,116,56,60,華南永昌-高雄,2024-05-27,9303
2641,正德,76,17,59,華南永昌-高雄,2024-05-27,9303
2891,中信金,60,2,58,華南永昌-高雄,2024-05-27,9303
00637L,元大滬深300正2,59,5,54,華南永昌-高雄,2024-05-27,9303
2543,皇昌,88,35,53,華南永昌-高雄,2024-05-27,9303
00882,中信中國高股息,62,12,50,華南永昌-高雄,2024-05-27,9303
4960,誠美材,50,2,48,華南永昌-高雄,2024-05-27,9303
00919,群益台灣精選高息,91,43,48,華南永昌-高雄,2024-05-27,9303
2329,華泰,68,21,47,華南永昌-高雄,2024-05-27,9303
6133,金橋,52,5,47,華南永昌-高雄,2024-05-27,9303
8028,昇陽半導體,126,80,46,華南永昌-高雄,2024-05-27,9303
00940,元大台灣價值高息,172,129,43,華南永昌-高雄,2024-05-27,9303
8227,巨有科技,38,0,38,華南永昌-高雄,2024-05-27,9303
3481,群創,54,20,34,華南永昌-高雄,2024-05-27,9303
2324,仁寶,50,17,33,華南永昌-高雄,2024-05-27,9303
3202,樺晟,38,10,28,華南永昌-高雄,2024-05-27,9303
6244,茂迪,27,0,27,華南永昌-高雄,2024-05-27,9303
00712,復華富時不動產,27,1,26,華南永昌-高雄,2024-05-27,9303
1307,三芳,26,0,26,華南永昌-高雄,2024-05-27,9303
2371,大同,64,38,26,華南永昌-高雄,2024-05-27,9303
2363,矽統,315,292,23,華南永昌-高雄,2024-05-27,9303
2408,南亞科,25,2,23,華南永昌-高雄,2024-05-27,9303
00933B,國泰10Y+金融債,38,16,22,華南永昌-高雄,2024-05-27,9303
1582,信錦,22,0,22,華南永昌-高雄,2024-05-27,9303
1802,台玻,20,0,20,華南永昌-高雄,2024-05-27,9303
00673R,期元大S＆P原油反1,20,0,20,華南永昌-高雄,2024-05-27,9303
6147,頎邦,21,1,20,華南永昌-高雄,2024-05-27,9303
6270,倍微,21,1,20,華南永昌-高雄,2024-05-27,9303
3545,敦泰,33,13,20,華南永昌-高雄,2024-05-27,9303
00679B,元大美債20年,21,1,20,華南永昌-高雄,2024-05-27,9303
3234,光環,34,15,19,華南永昌-高雄,2024-05-27,9303
5530,龍巖,19,0,19,華南永昌-高雄,2024-05-27,9303
2352,佳世達,24,7,17,華南永昌-高雄,2024-05-27,9303
6213,聯茂,24,7,17,華南永昌-高雄,2024-05-27,9303
8996,高力,19,3,16,華南永昌-高雄,2024-05-27,9303
3374,精材,16,0,16,華南永昌-高雄,2024-05-27,9303
1905,華紙,20,4,16,華南永昌-高雄,2024-05-27,9303
1340,勝悅-KY,23,8,15,華南永昌-高雄,2024-05-27,9303
2609,陽明,45,30,15,華南永昌-高雄,2024-05-27,9303
4952,凌通,19,4,15,華南永昌-高雄,2024-05-27,9303
2338,光罩,211,3,208,華南永昌-高雄,2024-05-28,9303
00929,復華台灣科技優息,141,19,122,華南永昌-高雄,2024-05-28,9303
2614,東森,102,2,100,華南永昌-高雄,2024-05-28,9303
00671R,富邦NASDAQ反1,100,0,100,華南永昌-高雄,2024-05-28,9303
3312,弘憶股,88,3,85,華南永昌-高雄,2024-05-28,9303
3044,健鼎,82,1,81,華南永昌-高雄,2024-05-28,9303
00937B,群益ESG投等債20,91,21,70,華南永昌-高雄,2024-05-28,9303
2027,大成鋼,61,2,59,華南永昌-高雄,2024-05-28,9303
2369,菱生,73,16,57,華南永昌-高雄,2024-05-28,9303
3530,晶相光,55,0,55,華南永昌-高雄,2024-05-28,9303
6531,愛普*,56,2,54,華南永昌-高雄,2024-05-28,9303
2353,宏��,114,61,53,華南永昌-高雄,2024-05-28,9303
00919,群益台灣精選高息,66,21,45,華南永昌-高雄,2024-05-28,9303
00946,群益科技高息成長,47,4,43,華南永昌-高雄,2024-05-28,9303
4303,信立,52,10,42,華南永昌-高雄,2024-05-28,9303
00753L,中信中國50正2,39,0,39,華南永昌-高雄,2024-05-28,9303
00940,元大台灣價值高息,84,48,36,華南永昌-高雄,2024-05-28,9303
00882,中信中國高股息,38,4,34,華南永昌-高雄,2024-05-28,9303
2301,光寶科,38,8,30,華南永昌-高雄,2024-05-28,9303
2543,皇昌,85,56,29,華南永昌-高雄,2024-05-28,9303
3535,晶彩科,64,35,29,華南永昌-高雄,2024-05-28,9303
2641,正德,58,30,28,華南永昌-高雄,2024-05-28,9303
2464,盟立,74,47,27,華南永昌-高雄,2024-05-28,9303
4906,正文,39,14,25,華南永昌-高雄,2024-05-28,9303
6188,廣明,63,39,24,華南永昌-高雄,2024-05-28,9303
2891,中信金,41,17,24,華南永昌-高雄,2024-05-28,9303
00632R,元大台灣50反1,23,0,23,華南永昌-高雄,2024-05-28,9303
00878,國泰永續高股息,33,11,22,華南永昌-高雄,2024-05-28,9303
2324,仁寶,31,9,22,華南永昌-高雄,2024-05-28,9303
8064,東捷,90,68,22,華南永昌-高雄,2024-05-28,9303
2461,光群雷,22,0,22,華南永昌-高雄,2024-05-28,9303
00673R,期元大S＆P原油反1,20,0,20,華南永昌-高雄,2024-05-28,9303
8121,越峰,20,0,20,華南永昌-高雄,2024-05-28,9303
5392,能率,30,10,20,華南永昌-高雄,2024-05-28,9303
8210,勤誠,23,3,20,華南永昌-高雄,2024-05-28,9303
2515,中工,25,5,20,華南永昌-高雄,2024-05-28,9303
2330,台積電,20,0,20,華南永昌-高雄,2024-05-28,9303
3260,威剛,23,4,19,華南永昌-高雄,2024-05-28,9303
2486,一詮,46,28,18,華南永昌-高雄,2024-05-28,9303
00712,復華富時不動產,18,0,18,華南永昌-高雄,2024-05-28,9303
00857B,永豐20年美公債,17,0,17,華南永昌-高雄,2024-05-28,9303
2305,全友,17,0,17,華南永昌-高雄,2024-05-28,9303
4770,上品,16,0,16,華南永昌-高雄,2024-05-28,9303
2409,友達,32,16,16,華南永昌-高雄,2024-05-28,9303
3264,欣銓,16,0,16,華南永昌-高雄,2024-05-28,9303
6207,雷科,29,13,16,華南永昌-高雄,2024-05-28,9303
1504,東元,17,1,16,華南永昌-高雄,2024-05-28,9303
2374,佳能,33,18,15,華南永昌-高雄,2024-05-28,9303
2481,強茂,21,6,15,華南永昌-高雄,2024-05-28,9303
6834,天二科技,15,0,15,華南永昌-高雄,2024-05-28,9303
00940,元大台灣價值高息,323,36,287,華南永昌-高雄,2024-05-29,9303
6215,和椿,226,16,210,華南永昌-高雄,2024-05-29,9303
3594,磐儀,217,14,203,華南永昌-高雄,2024-05-29,9303
00937B,群益ESG投等債20,326,141,185,華南永昌-高雄,2024-05-29,9303
2409,友達,171,2,169,華南永昌-高雄,2024-05-29,9303
1303,南亞,139,0,139,華南永昌-高雄,2024-05-29,9303
2614,東森,133,2,131,華南永昌-高雄,2024-05-29,9303
4533,協易機,147,21,126,華南永昌-高雄,2024-05-29,9303
2913,農林,105,0,105,華南永昌-高雄,2024-05-29,9303
00679B,元大美債20年,97,0,97,華南永昌-高雄,2024-05-29,9303
2353,宏��,174,89,85,華南永昌-高雄,2024-05-29,9303
2317,鴻海,107,25,82,華南永昌-高雄,2024-05-29,9303
2369,菱生,91,15,76,華南永昌-高雄,2024-05-29,9303
2641,正德,113,40,73,華南永昌-高雄,2024-05-29,9303
2002,中鋼,80,10,70,華南永昌-高雄,2024-05-29,9303
6140,訊達,72,3,69,華南永昌-高雄,2024-05-29,9303
2324,仁寶,64,2,62,華南永昌-高雄,2024-05-29,9303
6770,力積電,76,20,56,華南永昌-高雄,2024-05-29,9303
00933B,國泰10Y+金融債,55,0,55,華南永昌-高雄,2024-05-29,9303
2886,兆豐金,53,0,53,華南永昌-高雄,2024-05-29,9303
3380,明泰,51,5,46,華南永昌-高雄,2024-05-29,9303
2610,華航,64,20,44,華南永昌-高雄,2024-05-29,9303
3047,訊舟,189,147,42,華南永昌-高雄,2024-05-29,9303
00857B,永豐20年美公債,41,0,41,華南永昌-高雄,2024-05-29,9303
2880,華南金,43,2,41,華南永昌-高雄,2024-05-29,9303
2323,中環,41,2,39,華南永昌-高雄,2024-05-29,9303
2330,台積電,40,1,39,華南永昌-高雄,2024-05-29,9303
2884,玉山金,37,0,37,華南永昌-高雄,2024-05-29,9303
6133,金橋,33,0,33,華南永昌-高雄,2024-05-29,9303
2618,長榮航,55,23,32,華南永昌-高雄,2024-05-29,9303
6462,神盾,37,5,32,華南永昌-高雄,2024-05-29,9303
00878,國泰永續高股息,39,8,31,華南永昌-高雄,2024-05-29,9303
9105,泰金寶-DR,33,2,31,華南永昌-高雄,2024-05-29,9303
2615,萬海,37,7,30,華南永昌-高雄,2024-05-29,9303
00918,大華優利高填息30,30,0,30,華南永昌-高雄,2024-05-29,9303
8064,東捷,75,45,30,華南永昌-高雄,2024-05-29,9303
8028,昇陽半導體,38,9,29,華南永昌-高雄,2024-05-29,9303
2887,台新金,31,3,28,華南永昌-高雄,2024-05-29,9303
00687B,國泰20年美債,38,10,28,華南永昌-高雄,2024-05-29,9303
2609,陽明,66,39,27,華南永昌-高雄,2024-05-29,9303
2890,永豐金,27,1,26,華南永昌-高雄,2024-05-29,9303
2543,皇昌,218,192,26,華南永昌-高雄,2024-05-29,9303
2374,佳能,35,10,25,華南永昌-高雄,2024-05-29,9303
2885,元大金,25,0,25,華南永昌-高雄,2024-05-29,9303
2367,燿華,37,12,25,華南永昌-高雄,2024-05-29,9303
2515,中工,30,6,24,華南永昌-高雄,2024-05-29,9303
00713,元大台灣高息低波,25,1,24,華南永昌-高雄,2024-05-29,9303
1101,台泥,25,1,24,華南永昌-高雄,2024-05-29,9303
2801,彰銀,24,0,24,華南永昌-高雄,2024-05-29,9303
3035,智原,32,9,23,華南永昌-高雄,2024-05-29,9303
1303,南亞,224,2,222,華南永昌-高雄,2024-05-30,9303
2323,中環,203,1,202,華南永昌-高雄,2024-05-30,9303
00937B,群益ESG投等債20,145,3,142,華南永昌-高雄,2024-05-30,9303
2834,臺企銀,116,1,115,華南永昌-高雄,2024-05-30,9303
2301,光寶科,96,2,94,華南永昌-高雄,2024-05-30,9303
00929,復華台灣科技優息,133,45,88,華南永昌-高雄,2024-05-30,9303
2537,聯上發,98,11,87,華南永昌-高雄,2024-05-30,9303
5230,雷笛克光學,104,21,83,華南永昌-高雄,2024-05-30,9303
2881,富邦金,72,0,72,華南永昌-高雄,2024-05-30,9303
2880,華南金,71,8,63,華南永昌-高雄,2024-05-30,9303
00665L,富邦�琤肭磪囓�2,62,7,55,華南永昌-高雄,2024-05-30,9303
2002,中鋼,59,4,55,華南永昌-高雄,2024-05-30,9303
00915,凱基優選高股息30,54,0,54,華南永昌-高雄,2024-05-30,9303
2354,鴻準,84,31,53,華南永昌-高雄,2024-05-30,9303
8390,金益鼎,53,0,53,華南永昌-高雄,2024-05-30,9303
00637L,元大滬深300正2,57,7,50,華南永昌-高雄,2024-05-30,9303
2886,兆豐金,48,0,48,華南永昌-高雄,2024-05-30,9303
2610,華航,47,2,45,華南永昌-高雄,2024-05-30,9303
3060,銘異,61,16,45,華南永昌-高雄,2024-05-30,9303
1471,首利,47,4,43,華南永昌-高雄,2024-05-30,9303
00679B,元大美債20年,42,0,42,華南永昌-高雄,2024-05-30,9303
00878,國泰永續高股息,69,29,40,華南永昌-高雄,2024-05-30,9303
2609,陽明,59,20,39,華南永昌-高雄,2024-05-30,9303
2353,宏��,70,32,38,華南永昌-高雄,2024-05-30,9303
2891,中信金,58,20,38,華南永昌-高雄,2024-05-30,9303
1725,元禎,86,48,38,華南永昌-高雄,2024-05-30,9303
2330,台積電,43,7,36,華南永昌-高雄,2024-05-30,9303
3231,緯創,64,30,34,華南永昌-高雄,2024-05-30,9303
6290,良維,86,53,33,華南永昌-高雄,2024-05-30,9303
6462,神盾,43,11,32,華南永昌-高雄,2024-05-30,9303
00946,群益科技高息成長,38,6,32,華南永昌-高雄,2024-05-30,9303
00753L,中信中國50正2,33,2,31,華南永昌-高雄,2024-05-30,9303
2916,滿心,46,15,31,華南永昌-高雄,2024-05-30,9303
1815,富喬,72,41,31,華南永昌-高雄,2024-05-30,9303
4967,十銓,49,19,30,華南永昌-高雄,2024-05-30,9303
2317,鴻海,74,44,30,華南永昌-高雄,2024-05-30,9303
2888,新光金,30,0,30,華南永昌-高雄,2024-05-30,9303
00706L,期元大S＆P日圓正2,30,0,30,華南永昌-高雄,2024-05-30,9303
2867,三商壽,50,21,29,華南永昌-高雄,2024-05-30,9303
00712,復華富時不動產,29,0,29,華南永昌-高雄,2024-05-30,9303
2324,仁寶,29,3,26,華南永昌-高雄,2024-05-30,9303
3321,同泰,26,1,25,華南永昌-高雄,2024-05-30,9303
1316,上曜,35,11,24,華南永昌-高雄,2024-05-30,9303
1582,信錦,30,6,24,華南永昌-高雄,2024-05-30,9303
2344,華邦電,26,2,24,華南永昌-高雄,2024-05-30,9303
2331,精英,25,1,24,華南永昌-高雄,2024-05-30,9303
3313,斐成,25,2,23,華南永昌-高雄,2024-05-30,9303
00919,群益台灣精選高息,45,22,23,華南永昌-高雄,2024-05-30,9303
8054,安國,42,20,22,華南永昌-高雄,2024-05-30,9303
2633,台灣高鐵,26,4,22,華南永昌-高雄,2024-05-30,9303
3202,樺晟,259,94,165,華南永昌-高雄,2024-05-31,9303
2409,友達,115,0,115,華南永昌-高雄,2024-05-31,9303
2038,海光,105,0,105,華南永昌-高雄,2024-05-31,9303
3481,群創,99,4,95,華南永昌-高雄,2024-05-31,9303
2609,陽明,301,211,90,華南永昌-高雄,2024-05-31,9303
2317,鴻海,97,14,83,華南永昌-高雄,2024-05-31,9303
2892,第一金,78,2,76,華南永昌-高雄,2024-05-31,9303
2880,華南金,85,10,75,華南永昌-高雄,2024-05-31,9303
2002,中鋼,69,3,66,華南永昌-高雄,2024-05-31,9303
00919,群益台灣精選高息,92,31,61,華南永昌-高雄,2024-05-31,9303
00929,復華台灣科技優息,135,74,61,華南永昌-高雄,2024-05-31,9303
00946,群益科技高息成長,58,0,58,華南永昌-高雄,2024-05-31,9303
8105,凌巨,70,13,57,華南永昌-高雄,2024-05-31,9303
5009,榮剛,50,0,50,華南永昌-高雄,2024-05-31,9303
1708,東鹼,44,8,36,華南永昌-高雄,2024-05-31,9303
00715L,期街口布蘭特正2,37,1,36,華南永昌-高雄,2024-05-31,9303
9945,潤泰新,45,10,35,華南永昌-高雄,2024-05-31,9303
3033,威健,44,9,35,華南永昌-高雄,2024-05-31,9303
4903,聯光通,38,3,35,華南永昌-高雄,2024-05-31,9303
00940,元大台灣價值高息,43,10,33,華南永昌-高雄,2024-05-31,9303
2374,佳能,34,1,33,華南永昌-高雄,2024-05-31,9303
1102,亞泥,31,1,30,華南永昌-高雄,2024-05-31,9303
2889,國票金,27,0,27,華南永昌-高雄,2024-05-31,9303
2330,台積電,36,9,27,華南永昌-高雄,2024-05-31,9303
2382,廣達,39,12,27,華南永昌-高雄,2024-05-31,9303
00939,統一台灣高息動能,29,3,26,華南永昌-高雄,2024-05-31,9303
6231,系微,27,2,25,華南永昌-高雄,2024-05-31,9303
4168,醣聯,25,0,25,華南永昌-高雄,2024-05-31,9303
8155,博智,25,0,25,華南永昌-高雄,2024-05-31,9303
8454,富邦媒,49,25,24,華南永昌-高雄,2024-05-31,9303
2401,凌陽,33,9,24,華南永昌-高雄,2024-05-31,9303
3374,精材,28,5,23,華南永昌-高雄,2024-05-31,9303
3564,其陽,23,1,22,華南永昌-高雄,2024-05-31,9303
6278,台表科,21,0,21,華南永昌-高雄,2024-05-31,9303
2328,廣宇,53,32,21,華南永昌-高雄,2024-05-31,9303
1463,強盛新,20,0,20,華南永昌-高雄,2024-05-31,9303
2344,華邦電,21,1,20,華南永昌-高雄,2024-05-31,9303
2371,大同,24,5,19,華南永昌-高雄,2024-05-31,9303
1710,東聯,21,2,19,華南永昌-高雄,2024-05-31,9303
00878,國泰永續高股息,38,19,19,華南永昌-高雄,2024-05-31,9303
2915,潤泰全,25,7,18,華南永昌-高雄,2024-05-31,9303
6770,力積電,21,3,18,華南永昌-高雄,2024-05-31,9303
2354,鴻準,140,123,17,華南永昌-高雄,2024-05-31,9303
3231,緯創,46,29,17,華南永昌-高雄,2024-05-31,9303
3059,華晶科,21,4,17,華南永昌-高雄,2024-05-31,9303
4580,捷流閥業,17,0,17,華南永昌-高雄,2024-05-31,9303
2405,輔信,24,8,16,華南永昌-高雄,2024-05-31,9303
2009,第一銅,19,3,16,華南永昌-高雄,2024-05-31,9303
00753L,中信中國50正2,16,0,16,華南永昌-高雄,2024-05-31,9303
00632R,元大台灣50反1,26,10,16,華南永昌-高雄,2024-05-31,9303
5251,天鉞電,300,4,296,華南永昌-高雄,2024-06-03,9303
00632R,元大台灣50反1,300,7,293,華南永昌-高雄,2024-06-03,9303
1303,南亞,176,6,170,華南永昌-高雄,2024-06-03,9303
2892,第一金,118,0,118,華南永昌-高雄,2024-06-03,9303
8131,福懋科,94,0,94,華南永昌-高雄,2024-06-03,9303
4168,醣聯,77,0,77,華南永昌-高雄,2024-06-03,9303
3481,群創,76,0,76,華南永昌-高雄,2024-06-03,9303
2618,長榮航,83,8,75,華南永昌-高雄,2024-06-03,9303
00715L,期街口布蘭特正2,66,1,65,華南永昌-高雄,2024-06-03,9303
4534,慶騰,65,0,65,華南永昌-高雄,2024-06-03,9303
2317,鴻海,81,20,61,華南永昌-高雄,2024-06-03,9303
00946,群益科技高息成長,61,1,60,華南永昌-高雄,2024-06-03,9303
2880,華南金,79,20,59,華南永昌-高雄,2024-06-03,9303
2801,彰銀,84,26,58,華南永昌-高雄,2024-06-03,9303
2606,裕民,51,0,51,華南永昌-高雄,2024-06-03,9303
2353,宏��,80,31,49,華南永昌-高雄,2024-06-03,9303
00919,群益台灣精選高息,67,19,48,華南永昌-高雄,2024-06-03,9303
2354,鴻準,102,55,47,華南永昌-高雄,2024-06-03,9303
00918,大華優利高填息30,49,8,41,華南永昌-高雄,2024-06-03,9303
3047,訊舟,61,20,41,華南永昌-高雄,2024-06-03,9303
6215,和椿,104,65,39,華南永昌-高雄,2024-06-03,9303
2834,臺企銀,40,2,38,華南永昌-高雄,2024-06-03,9303
2401,凌陽,51,14,37,華南永昌-高雄,2024-06-03,9303
2615,萬海,193,157,36,華南永昌-高雄,2024-06-03,9303
8390,金益鼎,34,0,34,華南永昌-高雄,2024-06-03,9303
2356,英業達,77,43,34,華南永昌-高雄,2024-06-03,9303
2371,大同,41,8,33,華南永昌-高雄,2024-06-03,9303
5876,上海商銀,31,0,31,華南永昌-高雄,2024-06-03,9303
2610,華航,36,8,28,華南永昌-高雄,2024-06-03,9303
2641,正德,35,7,28,華南永昌-高雄,2024-06-03,9303
00665L,富邦�琤肭磪囓�2,34,6,28,華南永昌-高雄,2024-06-03,9303
5880,合庫金,28,1,27,華南永昌-高雄,2024-06-03,9303
6695,芯鼎,33,6,27,華南永昌-高雄,2024-06-03,9303
1723,中碳,27,0,27,華南永昌-高雄,2024-06-03,9303
1101,台泥,35,11,24,華南永昌-高雄,2024-06-03,9303
6264,富裔,22,0,22,華南永昌-高雄,2024-06-03,9303
5353,台林,23,1,22,華南永昌-高雄,2024-06-03,9303
6188,廣明,57,35,22,華南永昌-高雄,2024-06-03,9303
00679B,元大美債20年,21,0,21,華南永昌-高雄,2024-06-03,9303
2303,聯電,41,20,21,華南永昌-高雄,2024-06-03,9303
1305,華夏,30,10,20,華南永昌-高雄,2024-06-03,9303
00940,元大台灣價值高息,31,11,20,華南永昌-高雄,2024-06-03,9303
3715,定穎投控,23,3,20,華南永昌-高雄,2024-06-03,9303
1301,台塑,33,13,20,華南永昌-高雄,2024-06-03,9303
4576,大銀微系統,20,1,19,華南永昌-高雄,2024-06-03,9303
2337,旺宏,18,0,18,華南永昌-高雄,2024-06-03,9303
4562,穎漢,25,7,18,華南永昌-高雄,2024-06-03,9303
3702,大聯大,20,2,18,華南永昌-高雄,2024-06-03,9303
4566,時碩工業,25,7,18,華南永昌-高雄,2024-06-03,9303
00687B,國泰20年美債,17,0,17,華南永昌-高雄,2024-06-03,9303
2834,臺企銀,266,1,265,華南永昌-高雄,2024-06-04,9303
8131,福懋科,236,8,228,華南永昌-高雄,2024-06-04,9303
00929,復華台灣科技優息,262,83,179,華南永昌-高雄,2024-06-04,9303
5251,天鉞電,156,2,154,華南永昌-高雄,2024-06-04,9303
00919,群益台灣精選高息,140,19,121,華南永昌-高雄,2024-06-04,9303
2317,鴻海,131,22,109,華南永昌-高雄,2024-06-04,9303
2331,精英,186,77,109,華南永昌-高雄,2024-06-04,9303
2312,金寶,110,4,106,華南永昌-高雄,2024-06-04,9303
2836,高雄銀,100,0,100,華南永昌-高雄,2024-06-04,9303
2425,承啟,162,62,100,華南永昌-高雄,2024-06-04,9303
6245,立端,103,3,100,華南永昌-高雄,2024-06-04,9303
00918,大華優利高填息30,96,0,96,華南永昌-高雄,2024-06-04,9303
2537,聯上發,177,82,95,華南永昌-高雄,2024-06-04,9303
2888,新光金,270,182,88,華南永昌-高雄,2024-06-04,9303
2324,仁寶,100,16,84,華南永昌-高雄,2024-06-04,9303
00878,國泰永續高股息,82,9,73,華南永昌-高雄,2024-06-04,9303
00715L,期街口布蘭特正2,68,2,66,華南永昌-高雄,2024-06-04,9303
2409,友達,75,12,63,華南永昌-高雄,2024-06-04,9303
1303,南亞,56,1,55,華南永昌-高雄,2024-06-04,9303
2002,中鋼,54,1,53,華南永昌-高雄,2024-06-04,9303
2887,台新金,50,0,50,華南永昌-高雄,2024-06-04,9303
6166,凌華,57,11,46,華南永昌-高雄,2024-06-04,9303
00936,台新永續高息中小,89,43,46,華南永昌-高雄,2024-06-04,9303
2880,華南金,42,2,40,華南永昌-高雄,2024-06-04,9303
6227,茂綸,46,8,38,華南永昌-高雄,2024-06-04,9303
6125,廣運,64,26,38,華南永昌-高雄,2024-06-04,9303
2501,國建,45,8,37,華南永昌-高雄,2024-06-04,9303
00687B,國泰20年美債,51,17,34,華南永昌-高雄,2024-06-04,9303
00697B,元大美債7-10,30,0,30,華南永昌-高雄,2024-06-04,9303
3437,榮創,30,1,29,華南永昌-高雄,2024-06-04,9303
2362,藍天,37,8,29,華南永昌-高雄,2024-06-04,9303
2301,光寶科,43,15,28,華南永昌-高雄,2024-06-04,9303
1609,大亞,31,3,28,華南永昌-高雄,2024-06-04,9303
8155,博智,28,0,28,華南永昌-高雄,2024-06-04,9303
3266,昇陽,27,0,27,華南永昌-高雄,2024-06-04,9303
2408,南亞科,28,2,26,華南永昌-高雄,2024-06-04,9303
8028,昇陽半導體,26,0,26,華南永昌-高雄,2024-06-04,9303
6167,久正,25,0,25,華南永昌-高雄,2024-06-04,9303
5009,榮剛,26,1,25,華南永昌-高雄,2024-06-04,9303
8234,新漢,165,141,24,華南永昌-高雄,2024-06-04,9303
00713,元大台灣高息低波,24,0,24,華南永昌-高雄,2024-06-04,9303
6569,醫揚,23,0,23,華南永昌-高雄,2024-06-04,9303
2377,微星,27,4,23,華南永昌-高雄,2024-06-04,9303
2417,圓剛,39,16,23,華南永昌-高雄,2024-06-04,9303
2330,台積電,31,9,22,華南永昌-高雄,2024-06-04,9303
2618,長榮航,73,51,22,華南永昌-高雄,2024-06-04,9303
3013,晟銘電,46,25,21,華南永昌-高雄,2024-06-04,9303
5392,能率,21,0,21,華南永昌-高雄,2024-06-04,9303
6005,群益證,20,0,20,華南永昌-高雄,2024-06-04,9303
4303,信立,21,1,20,華南永昌-高雄,2024-06-04,9303
00936,台新永續高息中小,234,64,170,華南永昌-高雄,2024-06-05,9303
3048,益登,158,25,133,華南永昌-高雄,2024-06-05,9303
00937B,群益ESG投等債20,204,89,115,華南永昌-高雄,2024-06-05,9303
5251,天鉞電,114,5,109,華南永昌-高雄,2024-06-05,9303
2349,錸德,100,0,100,華南永昌-高雄,2024-06-05,9303
6116,彩晶,98,0,98,華南永昌-高雄,2024-06-05,9303
00878,國泰永續高股息,93,0,93,華南永昌-高雄,2024-06-05,9303
00680L,元大美債20正2,82,0,82,華南永昌-高雄,2024-06-05,9303
00946,群益科技高息成長,78,3,75,華南永昌-高雄,2024-06-05,9303
1303,南亞,76,5,71,華南永昌-高雄,2024-06-05,9303
3312,弘憶股,74,11,63,華南永昌-高雄,2024-06-05,9303
00715L,期街口布蘭特正2,56,1,55,華南永昌-高雄,2024-06-05,9303
00918,大華優利高填息30,54,1,53,華南永昌-高雄,2024-06-05,9303
1312,國喬,39,0,39,華南永昌-高雄,2024-06-05,9303
2101,南港,49,13,36,華南永昌-高雄,2024-06-05,9303
00882,中信中國高股息,52,16,36,華南永昌-高雄,2024-06-05,9303
2392,正崴,33,0,33,華南永昌-高雄,2024-06-05,9303
6133,金橋,32,0,32,華南永昌-高雄,2024-06-05,9303
00900,富邦特選高股息30,41,11,30,華南永昌-高雄,2024-06-05,9303
00632R,元大台灣50反1,30,0,30,華南永昌-高雄,2024-06-05,9303
5009,榮剛,29,0,29,華南永昌-高雄,2024-06-05,9303
2457,飛宏,32,3,29,華南永昌-高雄,2024-06-05,9303
2331,精英,42,14,28,華南永昌-高雄,2024-06-05,9303
2323,中環,90,62,28,華南永昌-高雄,2024-06-05,9303
2354,鴻準,51,24,27,華南永昌-高雄,2024-06-05,9303
2449,京元電子,25,1,24,華南永昌-高雄,2024-06-05,9303
1453,大將,24,0,24,華南永昌-高雄,2024-06-05,9303
2611,志信,35,11,24,華南永昌-高雄,2024-06-05,9303
2353,宏��,33,9,24,華南永昌-高雄,2024-06-05,9303
2368,金像電,24,2,22,華南永昌-高雄,2024-06-05,9303
2888,新光金,44,22,22,華南永昌-高雄,2024-06-05,9303
2464,盟立,34,13,21,華南永昌-高雄,2024-06-05,9303
00713,元大台灣高息低波,21,0,21,華南永昌-高雄,2024-06-05,9303
2636,台驊控股,24,3,21,華南永昌-高雄,2024-06-05,9303
2002,中鋼,35,14,21,華南永昌-高雄,2024-06-05,9303
2886,兆豐金,20,0,20,華南永昌-高雄,2024-06-05,9303
2009,第一銅,20,0,20,華南永昌-高雄,2024-06-05,9303
3015,全漢,24,4,20,華南永昌-高雄,2024-06-05,9303
3231,緯創,23,4,19,華南永昌-高雄,2024-06-05,9303
1532,勤美,19,0,19,華南永昌-高雄,2024-06-05,9303
5210,寶碩,20,1,19,華南永昌-高雄,2024-06-05,9303
3372,典範,23,4,19,華南永昌-高雄,2024-06-05,9303
2495,普安,25,8,17,華南永昌-高雄,2024-06-05,9303
4147,中裕,19,2,17,華南永昌-高雄,2024-06-05,9303
2546,根基,17,0,17,華南永昌-高雄,2024-06-05,9303
8131,福懋科,17,0,17,華南永昌-高雄,2024-06-05,9303
3481,群創,18,1,17,華南永昌-高雄,2024-06-05,9303
0056,元大高股息,16,0,16,華南永昌-高雄,2024-06-05,9303
2365,昆盈,18,2,16,華南永昌-高雄,2024-06-05,9303
5371,中光電,21,5,16,華南永昌-高雄,2024-06-05,9303
00676R,富邦臺灣加權反1,290,0,290,華南永昌-高雄,2024-06-06,9303
00632R,元大台灣50反1,192,21,171,華南永昌-高雄,2024-06-06,9303
00936,台新永續高息中小,165,12,153,華南永昌-高雄,2024-06-06,9303
5251,天鉞電,143,2,141,華南永昌-高雄,2024-06-06,9303
00688L,國泰20年美債正2,104,0,104,華南永昌-高雄,2024-06-06,9303
2880,華南金,106,17,89,華南永昌-高雄,2024-06-06,9303
00929,復華台灣科技優息,120,34,86,華南永昌-高雄,2024-06-06,9303
2613,中櫃,123,39,84,華南永昌-高雄,2024-06-06,9303
2328,廣宇,84,11,73,華南永昌-高雄,2024-06-06,9303
2312,金寶,146,76,70,華南永昌-高雄,2024-06-06,9303
00918,大華優利高填息30,69,1,68,華南永昌-高雄,2024-06-06,9303
00937B,群益ESG投等債20,124,57,67,華南永昌-高雄,2024-06-06,9303
1314,中石化,62,4,58,華南永昌-高雄,2024-06-06,9303
3231,緯創,63,9,54,華南永昌-高雄,2024-06-06,9303
4402,郡都開發,52,0,52,華南永昌-高雄,2024-06-06,9303
3483,力致,45,5,40,華南永昌-高雄,2024-06-06,9303
2002,中鋼,39,3,36,華南永昌-高雄,2024-06-06,9303
00687B,國泰20年美債,36,2,34,華南永昌-高雄,2024-06-06,9303
6177,達麗,32,0,32,華南永昌-高雄,2024-06-06,9303
6163,華電網,33,1,32,華南永昌-高雄,2024-06-06,9303
2392,正崴,36,5,31,華南永昌-高雄,2024-06-06,9303
00713,元大台灣高息低波,33,3,30,華南永昌-高雄,2024-06-06,9303
1308,亞聚,29,0,29,華南永昌-高雄,2024-06-06,9303
6531,愛普*,27,0,27,華南永昌-高雄,2024-06-06,9303
2537,聯上發,40,14,26,華南永昌-高雄,2024-06-06,9303
6117,迎廣,27,1,26,華南永昌-高雄,2024-06-06,9303
5371,中光電,33,8,25,華南永昌-高雄,2024-06-06,9303
4168,醣聯,25,0,25,華南永昌-高雄,2024-06-06,9303
4540,全球傳動,25,0,25,華南永昌-高雄,2024-06-06,9303
2609,陽明,431,407,24,華南永昌-高雄,2024-06-06,9303
00679B,元大美債20年,23,0,23,華南永昌-高雄,2024-06-06,9303
6446,藥華藥,28,6,22,華南永昌-高雄,2024-06-06,9303
2329,華泰,72,50,22,華南永昌-高雄,2024-06-06,9303
4571,鈞興-KY,44,23,21,華南永昌-高雄,2024-06-06,9303
1584,精剛,26,5,21,華南永昌-高雄,2024-06-06,9303
2371,大同,41,20,21,華南永昌-高雄,2024-06-06,9303
3044,健鼎,23,3,20,華南永昌-高雄,2024-06-06,9303
2486,一詮,50,31,19,華南永昌-高雄,2024-06-06,9303
2367,燿華,83,64,19,華南永昌-高雄,2024-06-06,9303
2353,宏��,31,14,17,華南永昌-高雄,2024-06-06,9303
2888,新光金,27,10,17,華南永昌-高雄,2024-06-06,9303
2363,矽統,21,5,16,華南永昌-高雄,2024-06-06,9303
2375,凱美,17,1,16,華南永昌-高雄,2024-06-06,9303
3338,泰碩,32,16,16,華南永昌-高雄,2024-06-06,9303
2495,普安,20,4,16,華南永昌-高雄,2024-06-06,9303
2354,鴻準,57,41,16,華南永昌-高雄,2024-06-06,9303
6190,萬泰科,15,0,15,華南永昌-高雄,2024-06-06,9303
5347,世界,38,23,15,華南永昌-高雄,2024-06-06,9303
9955,佳龍,16,1,15,華南永昌-高雄,2024-06-06,9303
5009,榮剛,15,0,15,華南永昌-高雄,2024-06-06,9303
2888,新光金,415,66,349,華南永昌-高雄,2024-06-07,9303
2883,凱基金,318,111,207,華南永昌-高雄,2024-06-07,9303
1303,南亞,125,10,115,華南永昌-高雄,2024-06-07,9303
00688L,國泰20年美債正2,101,0,101,華南永昌-高雄,2024-06-07,9303
2615,萬海,218,119,99,華南永昌-高雄,2024-06-07,9303
2312,金寶,104,38,66,華南永昌-高雄,2024-06-07,9303
00929,復華台灣科技優息,115,49,66,華南永昌-高雄,2024-06-07,9303
4561,健椿,66,2,64,華南永昌-高雄,2024-06-07,9303
3231,緯創,100,38,62,華南永昌-高雄,2024-06-07,9303
00918,大華優利高填息30,63,2,61,華南永昌-高雄,2024-06-07,9303
00687B,國泰20年美債,71,12,59,華南永昌-高雄,2024-06-07,9303
00936,台新永續高息中小,61,5,56,華南永昌-高雄,2024-06-07,9303
2356,英業達,65,10,55,華南永昌-高雄,2024-06-07,9303
8064,東捷,125,75,50,華南永昌-高雄,2024-06-07,9303
00637L,元大滬深300正2,59,10,49,華南永昌-高雄,2024-06-07,9303
4303,信立,88,43,45,華南永昌-高雄,2024-06-07,9303
00857B,永豐20年美公債,43,0,43,華南永昌-高雄,2024-06-07,9303
6117,迎廣,44,2,42,華南永昌-高雄,2024-06-07,9303
2641,正德,41,2,39,華南永昌-高雄,2024-06-07,9303
2330,台積電,39,2,37,華南永昌-高雄,2024-06-07,9303
6125,廣運,39,7,32,華南永昌-高雄,2024-06-07,9303
2313,華通,50,20,30,華南永昌-高雄,2024-06-07,9303
00665L,富邦�琤肭磪囓�2,31,1,30,華南永昌-高雄,2024-06-07,9303
911608,明輝-DR,30,0,30,華南永昌-高雄,2024-06-07,9303
00679B,元大美債20年,27,1,26,華南永昌-高雄,2024-06-07,9303
5302,太欣,31,5,26,華南永昌-高雄,2024-06-07,9303
1582,信錦,25,0,25,華南永昌-高雄,2024-06-07,9303
9940,信義,24,0,24,華南永昌-高雄,2024-06-07,9303
00937B,群益ESG投等債20,136,112,24,華南永昌-高雄,2024-06-07,9303
6770,力積電,27,4,23,華南永昌-高雄,2024-06-07,9303
2354,鴻準,39,17,22,華南永昌-高雄,2024-06-07,9303
00632R,元大台灣50反1,20,0,20,華南永昌-高雄,2024-06-07,9303
2344,華邦電,34,14,20,華南永昌-高雄,2024-06-07,9303
8033,雷虎,20,1,19,華南永昌-高雄,2024-06-07,9303
2630,亞航,29,10,19,華南永昌-高雄,2024-06-07,9303
4526,東台,18,2,16,華南永昌-高雄,2024-06-07,9303
1785,光洋科,20,4,16,華南永昌-高雄,2024-06-07,9303
2489,瑞軒,17,1,16,華南永昌-高雄,2024-06-07,9303
2401,凌陽,24,9,15,華南永昌-高雄,2024-06-07,9303
6446,藥華藥,29,14,15,華南永昌-高雄,2024-06-07,9303
2382,廣達,17,3,14,華南永昌-高雄,2024-06-07,9303
2353,宏��,29,15,14,華南永昌-高雄,2024-06-07,9303
00712,復華富時不動產,15,1,14,華南永昌-高雄,2024-06-07,9303
3266,昇陽,14,0,14,華南永昌-高雄,2024-06-07,9303
0056,元大高股息,13,0,13,華南永昌-高雄,2024-06-07,9303
1532,勤美,22,10,12,華南永昌-高雄,2024-06-07,9303
1616,億泰,13,2,11,華南永昌-高雄,2024-06-07,9303
2365,昆盈,13,2,11,華南永昌-高雄,2024-06-07,9303
1522,堤維西,17,6,11,華南永昌-高雄,2024-06-07,9303
2324,仁寶,12,1,11,華南永昌-高雄,2024-06-07,9303
2845,遠東銀,635,0,635,華南永昌-高雄,2024-06-11,9303
00929,復華台灣科技優息,172,3,169,華南永昌-高雄,2024-06-11,9303
9105,泰金寶-DR,147,2,145,華南永昌-高雄,2024-06-11,9303
00679B,元大美債20年,144,6,138,華南永昌-高雄,2024-06-11,9303
00937B,群益ESG投等債20,141,10,131,華南永昌-高雄,2024-06-11,9303
00918,大華優利高填息30,141,30,111,華南永昌-高雄,2024-06-11,9303
3047,訊舟,194,87,107,華南永昌-高雄,2024-06-11,9303
00712,復華富時不動產,105,0,105,華南永昌-高雄,2024-06-11,9303
2002,中鋼,99,6,93,華南永昌-高雄,2024-06-11,9303
2603,長榮,121,36,85,華南永昌-高雄,2024-06-11,9303
1316,上曜,107,30,77,華南永昌-高雄,2024-06-11,9303
00687B,國泰20年美債,65,0,65,華南永昌-高雄,2024-06-11,9303
00942B,台新美A公司債20+,67,3,64,華南永昌-高雄,2024-06-11,9303
2609,陽明,358,298,60,華南永昌-高雄,2024-06-11,9303
6770,力積電,87,33,54,華南永昌-高雄,2024-06-11,9303
8016,矽創,50,0,50,華南永昌-高雄,2024-06-11,9303
00919,群益台灣精選高息,103,54,49,華南永昌-高雄,2024-06-11,9303
1608,華榮,69,21,48,華南永昌-高雄,2024-06-11,9303
6117,迎廣,49,1,48,華南永昌-高雄,2024-06-11,9303
3231,緯創,63,17,46,華南永昌-高雄,2024-06-11,9303
1453,大將,41,0,41,華南永昌-高雄,2024-06-11,9303
00936,台新永續高息中小,38,0,38,華南永昌-高雄,2024-06-11,9303
5531,鄉林,81,44,37,華南永昌-高雄,2024-06-11,9303
2880,華南金,57,21,36,華南永昌-高雄,2024-06-11,9303
00713,元大台灣高息低波,35,0,35,華南永昌-高雄,2024-06-11,9303
2501,國建,55,20,35,華南永昌-高雄,2024-06-11,9303
2888,新光金,60,26,34,華南永昌-高雄,2024-06-11,9303
9945,潤泰新,38,5,33,華南永昌-高雄,2024-06-11,9303
3622,洋華,52,20,32,華南永昌-高雄,2024-06-11,9303
3455,由田,31,0,31,華南永昌-高雄,2024-06-11,9303
2104,國際中橡,30,0,30,華南永昌-高雄,2024-06-11,9303
6177,達麗,30,1,29,華南永昌-高雄,2024-06-11,9303
2548,華固,27,0,27,華南永昌-高雄,2024-06-11,9303
2356,英業達,65,39,26,華南永昌-高雄,2024-06-11,9303
8111,立��,26,0,26,華南永昌-高雄,2024-06-11,9303
1802,台玻,48,22,26,華南永昌-高雄,2024-06-11,9303
00878,國泰永續高股息,37,13,24,華南永昌-高雄,2024-06-11,9303
00680L,元大美債20正2,23,1,22,華南永昌-高雄,2024-06-11,9303
3483,力致,24,2,22,華南永昌-高雄,2024-06-11,9303
1313,聯成,22,0,22,華南永昌-高雄,2024-06-11,9303
3024,憶聲,23,2,21,華南永昌-高雄,2024-06-11,9303
5608,四維航,27,6,21,華南永昌-高雄,2024-06-11,9303
2606,裕民,46,25,21,華南永昌-高雄,2024-06-11,9303
2834,臺企銀,22,1,21,華南永昌-高雄,2024-06-11,9303
2614,東森,20,0,20,華南永昌-高雄,2024-06-11,9303
2344,華邦電,22,2,20,華南永昌-高雄,2024-06-11,9303
6278,台表科,20,0,20,華南永昌-高雄,2024-06-11,9303
3294,英濟,20,0,20,華南永昌-高雄,2024-06-11,9303
3715,定穎投控,22,2,20,華南永昌-高雄,2024-06-11,9303
4545,銘鈺,22,2,20,華南永昌-高雄,2024-06-11,9303
00712,復華富時不動產,147,0,147,華南永昌-高雄,2024-06-12,9303
00632R,元大台灣50反1,137,0,137,華南永昌-高雄,2024-06-12,9303
00918,大華優利高填息30,104,0,104,華南永昌-高雄,2024-06-12,9303
1339,昭輝,102,1,101,華南永昌-高雄,2024-06-12,9303
00722B,群益投資級電信債,100,0,100,華南永昌-高雄,2024-06-12,9303
00948B,中信優息投資級債,134,50,84,華南永昌-高雄,2024-06-12,9303
3231,緯創,92,11,81,華南永昌-高雄,2024-06-12,9303
2367,燿華,123,48,75,華南永昌-高雄,2024-06-12,9303
2883,凱基金,144,73,71,華南永昌-高雄,2024-06-12,9303
00937B,群益ESG投等債20,69,0,69,華南永昌-高雄,2024-06-12,9303
1303,南亞,75,7,68,華南永昌-高雄,2024-06-12,9303
3481,群創,73,12,61,華南永昌-高雄,2024-06-12,9303
2002,中鋼,80,21,59,華南永昌-高雄,2024-06-12,9303
2867,三商壽,69,27,42,華南永昌-高雄,2024-06-12,9303
2464,盟立,44,5,39,華南永昌-高雄,2024-06-12,9303
5608,四維航,39,4,35,華南永昌-高雄,2024-06-12,9303
8016,矽創,34,0,34,華南永昌-高雄,2024-06-12,9303
3312,弘憶股,32,1,31,華南永昌-高雄,2024-06-12,9303
6117,迎廣,34,3,31,華南永昌-高雄,2024-06-12,9303
2548,華固,35,5,30,華南永昌-高雄,2024-06-12,9303
00673R,期元大S＆P原油反1,30,0,30,華南永昌-高雄,2024-06-12,9303
2354,鴻準,36,9,27,華南永昌-高雄,2024-06-12,9303
2344,華邦電,28,2,26,華南永昌-高雄,2024-06-12,9303
1616,億泰,25,1,24,華南永昌-高雄,2024-06-12,9303
3356,奇偶,24,0,24,華南永昌-高雄,2024-06-12,9303
00919,群益台灣精選高息,54,30,24,華南永昌-高雄,2024-06-12,9303
8358,金居,47,24,23,華南永昌-高雄,2024-06-12,9303
00940,元大台灣價值高息,56,33,23,華南永昌-高雄,2024-06-12,9303
8121,越峰,22,0,22,華南永昌-高雄,2024-06-12,9303
00929,復華台灣科技優息,75,53,22,華南永昌-高雄,2024-06-12,9303
2606,裕民,24,3,21,華南永昌-高雄,2024-06-12,9303
2409,友達,23,2,21,華南永昌-高雄,2024-06-12,9303
6207,雷科,51,31,20,華南永昌-高雄,2024-06-12,9303
1309,台達化,20,0,20,華南永昌-高雄,2024-06-12,9303
4526,東台,20,0,20,華南永昌-高雄,2024-06-12,9303
3455,由田,20,0,20,華南永昌-高雄,2024-06-12,9303
1442,名軒,22,2,20,華南永昌-高雄,2024-06-12,9303
6616,特昇-KY,23,3,20,華南永昌-高雄,2024-06-12,9303
4167,松瑞藥,21,1,20,華南永昌-高雄,2024-06-12,9303
00665L,富邦�琤肭磪囓�2,21,2,19,華南永昌-高雄,2024-06-12,9303
00900,富邦特選高股息30,21,2,19,華南永昌-高雄,2024-06-12,9303
2515,中工,20,2,18,華南永昌-高雄,2024-06-12,9303
2850,新產,18,0,18,華南永昌-高雄,2024-06-12,9303
8110,華東,61,43,18,華南永昌-高雄,2024-06-12,9303
8046,南電,18,1,17,華南永昌-高雄,2024-06-12,9303
1514,亞力,43,26,17,華南永昌-高雄,2024-06-12,9303
6112,邁達特,18,2,16,華南永昌-高雄,2024-06-12,9303
2392,正崴,16,1,15,華南永昌-高雄,2024-06-12,9303
6188,廣明,22,7,15,華南永昌-高雄,2024-06-12,9303
5014,建錩,15,0,15,華南永昌-高雄,2024-06-12,9303
1309,台達化,200,0,200,華南永昌-高雄,2024-06-13,9303
2812,台中銀,157,0,157,華南永昌-高雄,2024-06-13,9303
00918,大華優利高填息30,112,4,108,華南永昌-高雄,2024-06-13,9303
00948B,中信優息投資級債,135,39,96,華南永昌-高雄,2024-06-13,9303
2615,萬海,148,56,92,華南永昌-高雄,2024-06-13,9303
8110,華東,110,26,84,華南永昌-高雄,2024-06-13,9303
2002,中鋼,74,5,69,華南永昌-高雄,2024-06-13,9303
2359,所羅門,105,42,63,華南永昌-高雄,2024-06-13,9303
2208,台船,55,0,55,華南永昌-高雄,2024-06-13,9303
3481,群創,47,2,45,華南永昌-高雄,2024-06-13,9303
2851,中再保,44,0,44,華南永昌-高雄,2024-06-13,9303
00929,復華台灣科技優息,104,61,43,華南永昌-高雄,2024-06-13,9303
6616,特昇-KY,43,0,43,華南永昌-高雄,2024-06-13,9303
2867,三商壽,46,3,43,華南永昌-高雄,2024-06-13,9303
00713,元大台灣高息低波,39,0,39,華南永昌-高雄,2024-06-13,9303
00946,群益科技高息成長,47,8,39,華南永昌-高雄,2024-06-13,9303
6952,大武山,37,0,37,華南永昌-高雄,2024-06-13,9303
00719B,元大美債1-3,36,0,36,華南永昌-高雄,2024-06-13,9303
6443,元晶,35,1,34,華南永昌-高雄,2024-06-13,9303
2609,陽明,232,198,34,華南永昌-高雄,2024-06-13,9303
2417,圓剛,37,3,34,華南永昌-高雄,2024-06-13,9303
00937B,群益ESG投等債20,37,5,32,華南永昌-高雄,2024-06-13,9303
1618,合機,57,27,30,華南永昌-高雄,2024-06-13,9303
00706L,期元大S＆P日圓正2,30,0,30,華南永昌-高雄,2024-06-13,9303
3088,艾訊,30,0,30,華南永昌-高雄,2024-06-13,9303
6117,迎廣,43,15,28,華南永昌-高雄,2024-06-13,9303
2401,凌陽,29,3,26,華南永昌-高雄,2024-06-13,9303
1815,富喬,43,19,24,華南永昌-高雄,2024-06-13,9303
2548,華固,32,9,23,華南永昌-高雄,2024-06-13,9303
6187,萬潤,27,5,22,華南永昌-高雄,2024-06-13,9303
2427,三商電,30,9,21,華南永昌-高雄,2024-06-13,9303
2637,慧洋-KY,29,8,21,華南永昌-高雄,2024-06-13,9303
3455,由田,21,0,21,華南永昌-高雄,2024-06-13,9303
2801,彰銀,21,0,21,華南永昌-高雄,2024-06-13,9303
00942B,台新美A公司債20+,31,10,21,華南永昌-高雄,2024-06-13,9303
2365,昆盈,35,14,21,華南永昌-高雄,2024-06-13,9303
2367,燿華,65,45,20,華南永昌-高雄,2024-06-13,9303
2887,台新金,20,0,20,華南永昌-高雄,2024-06-13,9303
1314,中石化,24,6,18,華南永昌-高雄,2024-06-13,9303
00680L,元大美債20正2,18,0,18,華南永昌-高雄,2024-06-13,9303
2883B,凱基金乙特,19,1,18,華南永昌-高雄,2024-06-13,9303
6451,訊芯-KY,23,5,18,華南永昌-高雄,2024-06-13,9303
6538,倉和,20,3,17,華南永昌-高雄,2024-06-13,9303
6834,天二科技,23,7,16,華南永昌-高雄,2024-06-13,9303
1718,中纖,15,0,15,華南永昌-高雄,2024-06-13,9303
4534,慶騰,17,3,14,華南永昌-高雄,2024-06-13,9303
1617,榮星,68,54,14,華南永昌-高雄,2024-06-13,9303
2472,立隆電,16,2,14,華南永昌-高雄,2024-06-13,9303
2618,長榮航,24,11,13,華南永昌-高雄,2024-06-13,9303
6890,來億-KY,13,1,12,華南永昌-高雄,2024-06-13,9303
2337,旺宏,208,0,208,華南永昌-高雄,2024-06-14,9303
2371,大同,208,68,140,華南永昌-高雄,2024-06-14,9303
2548,華固,116,21,95,華南永昌-高雄,2024-06-14,9303
2501,國建,80,8,72,華南永昌-高雄,2024-06-14,9303
00918,大華優利高填息30,90,21,69,華南永昌-高雄,2024-06-14,9303
1532,勤美,68,4,64,華南永昌-高雄,2024-06-14,9303
00632R,元大台灣50反1,60,0,60,華南永昌-高雄,2024-06-14,9303
00878,國泰永續高股息,65,6,59,華南永昌-高雄,2024-06-14,9303
5521,工信,56,2,54,華南永昌-高雄,2024-06-14,9303
1101,台泥,58,8,50,華南永昌-高雄,2024-06-14,9303
6901,鑽石投資,50,0,50,華南永昌-高雄,2024-06-14,9303
2002,中鋼,55,8,47,華南永昌-高雄,2024-06-14,9303
00946,群益科技高息成長,41,0,41,華南永昌-高雄,2024-06-14,9303
2356,英業達,39,2,37,華南永昌-高雄,2024-06-14,9303
00919,群益台灣精選高息,51,15,36,華南永昌-高雄,2024-06-14,9303
2108,南帝,36,0,36,華南永昌-高雄,2024-06-14,9303
4147,中裕,35,3,32,華南永昌-高雄,2024-06-14,9303
00942B,台新美A公司債20+,30,0,30,華南永昌-高雄,2024-06-14,9303
2363,矽統,50,21,29,華南永昌-高雄,2024-06-14,9303
8277,商丞,31,2,29,華南永昌-高雄,2024-06-14,9303
3024,憶聲,31,3,28,華南永昌-高雄,2024-06-14,9303
6548,長科*,29,1,28,華南永昌-高雄,2024-06-14,9303
2329,華泰,83,55,28,華南永昌-高雄,2024-06-14,9303
00941,中信上游半導體,30,2,28,華南永昌-高雄,2024-06-14,9303
3374,精材,57,29,28,華南永昌-高雄,2024-06-14,9303
3048,益登,55,28,27,華南永昌-高雄,2024-06-14,9303
2489,瑞軒,41,14,27,華南永昌-高雄,2024-06-14,9303
1514,亞力,95,68,27,華南永昌-高雄,2024-06-14,9303
2486,一詮,53,28,25,華南永昌-高雄,2024-06-14,9303
6207,雷科,36,12,24,華南永昌-高雄,2024-06-14,9303
8028,昇陽半導體,38,16,22,華南永昌-高雄,2024-06-14,9303
00687B,國泰20年美債,40,18,22,華南永昌-高雄,2024-06-14,9303
5302,太欣,32,10,22,華南永昌-高雄,2024-06-14,9303
1802,台玻,25,3,22,華南永昌-高雄,2024-06-14,9303
1309,台達化,21,0,21,華南永昌-高雄,2024-06-14,9303
1316,上曜,31,10,21,華南永昌-高雄,2024-06-14,9303
3455,由田,21,1,20,華南永昌-高雄,2024-06-14,9303
2353,宏��,28,8,20,華南永昌-高雄,2024-06-14,9303
00679B,元大美債20年,33,15,18,華南永昌-高雄,2024-06-14,9303
2027,大成鋼,18,0,18,華南永昌-高雄,2024-06-14,9303
00713,元大台灣高息低波,23,5,18,華南永昌-高雄,2024-06-14,9303
2605,新興,29,12,17,華南永昌-高雄,2024-06-14,9303
1785,光洋科,26,9,17,華南永昌-高雄,2024-06-14,9303
2377,微星,16,0,16,華南永昌-高雄,2024-06-14,9303
4566,時碩工業,36,20,16,華南永昌-高雄,2024-06-14,9303
2331,精英,21,6,15,華南永昌-高雄,2024-06-14,9303
6117,迎廣,14,0,14,華南永昌-高雄,2024-06-14,9303
2867,三商壽,17,3,14,華南永昌-高雄,2024-06-14,9303
1608,華榮,101,88,13,華南永昌-高雄,2024-06-14,9303
1513,中興電,51,38,13,華南永昌-高雄,2024-06-14,9303
3481,群創,255,41,214,華南永昌-高雄,2024-06-17,9303
00918,大華優利高填息30,207,0,207,華南永昌-高雄,2024-06-17,9303
00937B,群益ESG投等債20,218,49,169,華南永昌-高雄,2024-06-17,9303
00948B,中信優息投資級債,154,0,154,華南永昌-高雄,2024-06-17,9303
00933B,國泰10Y+金融債,122,0,122,華南永昌-高雄,2024-06-17,9303
2515,中工,61,1,60,華南永昌-高雄,2024-06-17,9303
2328,廣宇,62,5,57,華南永昌-高雄,2024-06-17,9303
1616,億泰,100,45,55,華南永昌-高雄,2024-06-17,9303
2888,新光金,76,22,54,華南永昌-高雄,2024-06-17,9303
00929,復華台灣科技優息,140,91,49,華南永昌-高雄,2024-06-17,9303
2609,陽明,128,84,44,華南永昌-高雄,2024-06-17,9303
00936,台新永續高息中小,159,118,41,華南永昌-高雄,2024-06-17,9303
9945,潤泰新,41,0,41,華南永昌-高雄,2024-06-17,9303
00919,群益台灣精選高息,83,43,40,華南永昌-高雄,2024-06-17,9303
3122,笙泉,41,1,40,華南永昌-高雄,2024-06-17,9303
9105,泰金寶-DR,52,13,39,華南永昌-高雄,2024-06-17,9303
2501,國建,40,2,38,華南永昌-高雄,2024-06-17,9303
00712,復華富時不動產,37,0,37,華南永昌-高雄,2024-06-17,9303
2371,大同,225,188,37,華南永昌-高雄,2024-06-17,9303
2615,萬海,187,152,35,華南永昌-高雄,2024-06-17,9303
00687B,國泰20年美債,36,3,33,華南永昌-高雄,2024-06-17,9303
8028,昇陽半導體,102,69,33,華南永昌-高雄,2024-06-17,9303
2542,興富發,39,7,32,華南永昌-高雄,2024-06-17,9303
2867,三商壽,49,18,31,華南永昌-高雄,2024-06-17,9303
3374,精材,45,14,31,華南永昌-高雄,2024-06-17,9303
00632R,元大台灣50反1,30,0,30,華南永昌-高雄,2024-06-17,9303
4919,新唐,30,0,30,華南永昌-高雄,2024-06-17,9303
2354,鴻準,38,9,29,華南永昌-高雄,2024-06-17,9303
2489,瑞軒,35,6,29,華南永昌-高雄,2024-06-17,9303
2883B,凱基金乙特,27,0,27,華南永昌-高雄,2024-06-17,9303
00773B,中信優先金融債,27,0,27,華南永昌-高雄,2024-06-17,9303
00857B,永豐20年美公債,26,0,26,華南永昌-高雄,2024-06-17,9303
2031,新光鋼,34,8,26,華南永昌-高雄,2024-06-17,9303
8039,台虹,28,6,22,華南永昌-高雄,2024-06-17,9303
3455,由田,21,1,20,華南永昌-高雄,2024-06-17,9303
3163,波若威,33,13,20,華南永昌-高雄,2024-06-17,9303
3231,緯創,32,13,19,華南永昌-高雄,2024-06-17,9303
9919,康那香,35,16,19,華南永昌-高雄,2024-06-17,9303
4303,信立,20,1,19,華南永昌-高雄,2024-06-17,9303
6895,宏碩系統,18,0,18,華南永昌-高雄,2024-06-17,9303
6695,芯鼎,19,1,18,華南永昌-高雄,2024-06-17,9303
2352,佳世達,24,7,17,華南永昌-高雄,2024-06-17,9303
2376,技嘉,18,1,17,華南永昌-高雄,2024-06-17,9303
1618,合機,67,51,16,華南永昌-高雄,2024-06-17,9303
00946,群益科技高息成長,18,2,16,華南永昌-高雄,2024-06-17,9303
1584,精剛,16,0,16,華南永昌-高雄,2024-06-17,9303
2548,華固,18,2,16,華南永昌-高雄,2024-06-17,9303
6163,華電網,21,5,16,華南永昌-高雄,2024-06-17,9303
00713,元大台灣高息低波,15,0,15,華南永昌-高雄,2024-06-17,9303
3296,勝德,15,0,15,華南永昌-高雄,2024-06-17,9303
00937B,群益ESG投等債20,391,56,335,華南永昌-高雄,2024-06-18,9303
2888,新光金,286,64,222,華南永昌-高雄,2024-06-18,9303
3481,群創,268,50,218,華南永昌-高雄,2024-06-18,9303
2409,友達,216,5,211,華南永昌-高雄,2024-06-18,9303
4562,穎漢,150,36,114,華南永昌-高雄,2024-06-18,9303
3041,揚智,107,6,101,華南永昌-高雄,2024-06-18,9303
9105,泰金寶-DR,99,20,79,華南永昌-高雄,2024-06-18,9303
00918,大華優利高填息30,82,8,74,華南永昌-高雄,2024-06-18,9303
00936,台新永續高息中小,127,66,61,華南永昌-高雄,2024-06-18,9303
00919,群益台灣精選高息,158,106,52,華南永昌-高雄,2024-06-18,9303
1219,福壽,50,0,50,華南永昌-高雄,2024-06-18,9303
00948B,中信優息投資級債,66,20,46,華南永昌-高雄,2024-06-18,9303
00673R,期元大S＆P原油反1,43,0,43,華南永昌-高雄,2024-06-18,9303
2353,宏��,49,8,41,華南永昌-高雄,2024-06-18,9303
3287,廣寰科,43,4,39,華南永昌-高雄,2024-06-18,9303
00712,復華富時不動產,43,7,36,華南永昌-高雄,2024-06-18,9303
00878,國泰永續高股息,49,14,35,華南永昌-高雄,2024-06-18,9303
4952,凌通,34,0,34,華南永昌-高雄,2024-06-18,9303
4561,健椿,45,11,34,華南永昌-高雄,2024-06-18,9303
2486,一詮,67,34,33,華南永昌-高雄,2024-06-18,9303
2515,中工,30,1,29,華南永昌-高雄,2024-06-18,9303
00933B,國泰10Y+金融債,29,0,29,華南永昌-高雄,2024-06-18,9303
3622,洋華,49,23,26,華南永昌-高雄,2024-06-18,9303
00713,元大台灣高息低波,26,0,26,華南永昌-高雄,2024-06-18,9303
2371,大同,151,126,25,華南永昌-高雄,2024-06-18,9303
1504,東元,22,1,21,華南永昌-高雄,2024-06-18,9303
3308,聯德,20,0,20,華南永昌-高雄,2024-06-18,9303
00687B,國泰20年美債,71,51,20,華南永昌-高雄,2024-06-18,9303
6117,迎廣,21,1,20,華南永昌-高雄,2024-06-18,9303
1789,神隆,20,0,20,華南永昌-高雄,2024-06-18,9303
1323,永裕,20,0,20,華南永昌-高雄,2024-06-18,9303
6770,力積電,81,62,19,華南永昌-高雄,2024-06-18,9303
2605,新興,21,3,18,華南永昌-高雄,2024-06-18,9303
1815,富喬,34,16,18,華南永昌-高雄,2024-06-18,9303
00915,凱基優選高股息30,19,1,18,華南永昌-高雄,2024-06-18,9303
6589,台康生技,20,2,18,華南永昌-高雄,2024-06-18,9303
8429,金麗-KY,17,0,17,華南永昌-高雄,2024-06-18,9303
2618,長榮航,70,54,16,華南永昌-高雄,2024-06-18,9303
2317,鴻海,50,35,15,華南永昌-高雄,2024-06-18,9303
00688L,國泰20年美債正2,15,0,15,華南永昌-高雄,2024-06-18,9303
00751B,元大AAA至A公司債,16,1,15,華南永昌-高雄,2024-06-18,9303
3483,力致,30,15,15,華南永昌-高雄,2024-06-18,9303
2031,新光鋼,16,1,15,華南永昌-高雄,2024-06-18,9303
8358,金居,15,1,14,華南永昌-高雄,2024-06-18,9303
2385,群光,14,1,13,華南永昌-高雄,2024-06-18,9303
3059,華晶科,13,0,13,華南永昌-高雄,2024-06-18,9303
2392,正崴,27,14,13,華南永昌-高雄,2024-06-18,9303
3587,閎康,14,1,13,華南永昌-高雄,2024-06-18,9303
4533,協易機,20,7,13,華南永昌-高雄,2024-06-18,9303
1783,和康生,13,0,13,華南永昌-高雄,2024-06-18,9303
00679B,元大美債20年,593,17,576,華南永昌-高雄,2024-06-19,9303
00632R,元大台灣50反1,591,120,471,華南永昌-高雄,2024-06-19,9303
2888,新光金,518,91,427,華南永昌-高雄,2024-06-19,9303
00929,復華台灣科技優息,492,171,321,華南永昌-高雄,2024-06-19,9303
00671R,富邦NASDAQ反1,301,0,301,華南永昌-高雄,2024-06-19,9303
00712,復華富時不動產,241,10,231,華南永昌-高雄,2024-06-19,9303
00946,群益科技高息成長,188,3,185,華南永昌-高雄,2024-06-19,9303
1303,南亞,190,5,185,華南永昌-高雄,2024-06-19,9303
3048,益登,152,59,93,華南永昌-高雄,2024-06-19,9303
4915,致伸,73,0,73,華南永昌-高雄,2024-06-19,9303
5210,寶碩,70,0,70,華南永昌-高雄,2024-06-19,9303
00936,台新永續高息中小,106,40,66,華南永昌-高雄,2024-06-19,9303
00687B,國泰20年美債,75,10,65,華南永昌-高雄,2024-06-19,9303
2312,金寶,110,46,64,華南永昌-高雄,2024-06-19,9303
4167,松瑞藥,62,0,62,華南永昌-高雄,2024-06-19,9303
00937B,群益ESG投等債20,179,117,62,華南永昌-高雄,2024-06-19,9303
6465,威潤,59,0,59,華南永昌-高雄,2024-06-19,9303
2108,南帝,54,2,52,華南永昌-高雄,2024-06-19,9303
00673R,期元大S＆P原油反1,54,5,49,華南永昌-高雄,2024-06-19,9303
00931B,統一美債20年,46,0,46,華南永昌-高雄,2024-06-19,9303
1316,上曜,54,14,40,華南永昌-高雄,2024-06-19,9303
2061,風青,42,2,40,華南永昌-高雄,2024-06-19,9303
1616,億泰,40,1,39,華南永昌-高雄,2024-06-19,9303
2371,大同,157,119,38,華南永昌-高雄,2024-06-19,9303
9105,泰金寶-DR,57,20,37,華南永昌-高雄,2024-06-19,9303
00948B,中信優息投資級債,49,12,37,華南永昌-高雄,2024-06-19,9303
00713,元大台灣高息低波,40,4,36,華南永昌-高雄,2024-06-19,9303
6266,泰詠,35,0,35,華南永昌-高雄,2024-06-19,9303
4532,瑞智,33,0,33,華南永昌-高雄,2024-06-19,9303
2365,昆盈,92,61,31,華南永昌-高雄,2024-06-19,9303
3481,群創,71,40,31,華南永昌-高雄,2024-06-19,9303
1304,台聚,30,0,30,華南永昌-高雄,2024-06-19,9303
3535,晶彩科,60,30,30,華南永昌-高雄,2024-06-19,9303
2892,第一金,29,0,29,華南永昌-高雄,2024-06-19,9303
8096,擎亞,56,27,29,華南永昌-高雄,2024-06-19,9303
3374,精材,35,7,28,華南永昌-高雄,2024-06-19,9303
3036,文曄,29,2,27,華南永昌-高雄,2024-06-19,9303
00944,野村趨勢動能高息,26,0,26,華南永昌-高雄,2024-06-19,9303
6505,台塑化,32,6,26,華南永昌-高雄,2024-06-19,9303
00881,國泰台灣5G+,32,8,24,華南永昌-高雄,2024-06-19,9303
5230,雷笛克光學,32,8,24,華南永昌-高雄,2024-06-19,9303
00680L,元大美債20正2,29,6,23,華南永昌-高雄,2024-06-19,9303
6901,鑽石投資,22,0,22,華南永昌-高雄,2024-06-19,9303
3673,TPK-KY,35,13,22,華南永昌-高雄,2024-06-19,9303
6190,萬泰科,47,25,22,華南永昌-高雄,2024-06-19,9303
00947,台新臺灣IC設計,22,0,22,華南永昌-高雄,2024-06-19,9303
8064,東捷,63,41,22,華南永昌-高雄,2024-06-19,9303
00915,凱基優選高股息30,24,2,22,華南永昌-高雄,2024-06-19,9303
1532,勤美,21,0,21,華南永昌-高雄,2024-06-19,9303
2369,菱生,22,1,21,華南永昌-高雄,2024-06-19,9303
00679B,元大美債20年,246,1,245,華南永昌-高雄,2024-06-20,9303
00940,元大台灣價值高息,230,40,190,華南永昌-高雄,2024-06-20,9303
00937B,群益ESG投等債20,161,54,107,華南永昌-高雄,2024-06-20,9303
2495,普安,100,6,94,華南永昌-高雄,2024-06-20,9303
00687B,國泰20年美債,88,0,88,華南永昌-高雄,2024-06-20,9303
3047,訊舟,88,4,84,華南永昌-高雄,2024-06-20,9303
2880,華南金,95,13,82,華南永昌-高雄,2024-06-20,9303
00936,台新永續高息中小,68,0,68,華南永昌-高雄,2024-06-20,9303
1802,台玻,86,25,61,華南永昌-高雄,2024-06-20,9303
1532,勤美,57,0,57,華南永昌-高雄,2024-06-20,9303
8358,金居,54,1,53,華南永昌-高雄,2024-06-20,9303
2801,彰銀,53,0,53,華南永昌-高雄,2024-06-20,9303
00931B,統一美債20年,51,0,51,華南永昌-高雄,2024-06-20,9303
2371,大同,101,53,48,華南永昌-高雄,2024-06-20,9303
6462,神盾,50,3,47,華南永昌-高雄,2024-06-20,9303
00919,群益台灣精選高息,136,91,45,華南永昌-高雄,2024-06-20,9303
00713,元大台灣高息低波,42,2,40,華南永昌-高雄,2024-06-20,9303
2316,楠梓電,58,18,40,華南永昌-高雄,2024-06-20,9303
2353,宏��,46,6,40,華南永昌-高雄,2024-06-20,9303
6140,訊達,40,3,37,華南永昌-高雄,2024-06-20,9303
00948B,中信優息投資級債,35,1,34,華南永昌-高雄,2024-06-20,9303
2330,台積電,42,9,33,華南永昌-高雄,2024-06-20,9303
8096,擎亞,45,13,32,華南永昌-高雄,2024-06-20,9303
4127,天良,28,0,28,華南永昌-高雄,2024-06-20,9303
2543,皇昌,27,0,27,華南永昌-高雄,2024-06-20,9303
2367,燿華,53,26,27,華南永昌-高雄,2024-06-20,9303
1605,華新,26,2,24,華南永昌-高雄,2024-06-20,9303
3580,友威科,26,3,23,華南永昌-高雄,2024-06-20,9303
2101,南港,27,4,23,華南永昌-高雄,2024-06-20,9303
00947,台新臺灣IC設計,22,0,22,華南永昌-高雄,2024-06-20,9303
4934,太極,22,0,22,華南永昌-高雄,2024-06-20,9303
2615,萬海,116,94,22,華南永昌-高雄,2024-06-20,9303
2501,國建,21,0,21,華南永昌-高雄,2024-06-20,9303
2104,國際中橡,20,0,20,華南永昌-高雄,2024-06-20,9303
3455,由田,20,0,20,華南永昌-高雄,2024-06-20,9303
2892,第一金,20,1,19,華南永昌-高雄,2024-06-20,9303
2337,旺宏,19,2,17,華南永昌-高雄,2024-06-20,9303
2887,台新金,17,0,17,華南永昌-高雄,2024-06-20,9303
00915,凱基優選高股息30,21,4,17,華南永昌-高雄,2024-06-20,9303
00882,中信中國高股息,17,1,16,華南永昌-高雄,2024-06-20,9303
5272,笙科,16,0,16,華南永昌-高雄,2024-06-20,9303
3376,新日興,20,5,15,華南永昌-高雄,2024-06-20,9303
00942B,台新美A公司債20+,15,0,15,華南永昌-高雄,2024-06-20,9303
4306,炎洲,15,0,15,華南永昌-高雄,2024-06-20,9303
8070,長華*,25,10,15,華南永昌-高雄,2024-06-20,9303
6216,居易,21,6,15,華南永昌-高雄,2024-06-20,9303
6512,啟發電,15,0,15,華南永昌-高雄,2024-06-20,9303
1503,士電,57,42,15,華南永昌-高雄,2024-06-20,9303
00712,復華富時不動產,16,3,13,華南永昌-高雄,2024-06-20,9303
2461,光群雷,14,1,13,華南永昌-高雄,2024-06-20,9303
2883B,凱基金乙特,390,2,388,華南永昌-高雄,2024-06-21,9303
00929,復華台灣科技優息,409,44,365,華南永昌-高雄,2024-06-21,9303
00919,群益台灣精選高息,284,59,225,華南永昌-高雄,2024-06-21,9303
00937B,群益ESG投等債20,139,5,134,華南永昌-高雄,2024-06-21,9303
00948B,中信優息投資級債,136,5,131,華南永昌-高雄,2024-06-21,9303
2913,農林,100,0,100,華南永昌-高雄,2024-06-21,9303
00706L,期元大S＆P日圓正2,100,0,100,華南永昌-高雄,2024-06-21,9303
2316,楠梓電,192,93,99,華南永昌-高雄,2024-06-21,9303
00940,元大台灣價值高息,105,26,79,華南永昌-高雄,2024-06-21,9303
00946,群益科技高息成長,87,10,77,華南永昌-高雄,2024-06-21,9303
2609,陽明,189,116,73,華南永昌-高雄,2024-06-21,9303
00830,國泰費城半導體,67,0,67,華南永昌-高雄,2024-06-21,9303
00933B,國泰10Y+金融債,65,0,65,華南永昌-高雄,2024-06-21,9303
3047,訊舟,87,26,61,華南永昌-高雄,2024-06-21,9303
6901,鑽石投資,52,0,52,華南永昌-高雄,2024-06-21,9303
6282,康舒,51,0,51,華南永昌-高雄,2024-06-21,9303
3580,友威科,54,4,50,華南永昌-高雄,2024-06-21,9303
8064,東捷,58,13,45,華南永昌-高雄,2024-06-21,9303
2845,遠東銀,40,0,40,華南永昌-高雄,2024-06-21,9303
2330,台積電,52,14,38,華南永昌-高雄,2024-06-21,9303
2352,佳世達,39,2,37,華南永昌-高雄,2024-06-21,9303
1504,東元,37,2,35,華南永昌-高雄,2024-06-21,9303
1582,信錦,32,0,32,華南永昌-高雄,2024-06-21,9303
00936,台新永續高息中小,31,1,30,華南永昌-高雄,2024-06-21,9303
00712,復華富時不動產,29,0,29,華南永昌-高雄,2024-06-21,9303
2495,普安,32,3,29,華南永昌-高雄,2024-06-21,9303
6173,信昌電,33,4,29,華南永昌-高雄,2024-06-21,9303
00882,中信中國高股息,27,0,27,華南永昌-高雄,2024-06-21,9303
2801,彰銀,32,5,27,華南永昌-高雄,2024-06-21,9303
2883,凱基金,113,87,26,華南永昌-高雄,2024-06-21,9303
2892,第一金,25,0,25,華南永昌-高雄,2024-06-21,9303
8011,台通,63,40,23,華南永昌-高雄,2024-06-21,9303
6140,訊達,23,0,23,華南永昌-高雄,2024-06-21,9303
1301,台塑,29,6,23,華南永昌-高雄,2024-06-21,9303
2537,聯上發,29,8,21,華南永昌-高雄,2024-06-21,9303
1905,華紙,20,0,20,華南永昌-高雄,2024-06-21,9303
1514,亞力,52,32,20,華南永昌-高雄,2024-06-21,9303
8039,台虹,27,7,20,華南永昌-高雄,2024-06-21,9303
00942B,台新美A公司債20+,20,0,20,華南永昌-高雄,2024-06-21,9303
3673,TPK-KY,21,3,18,華南永昌-高雄,2024-06-21,9303
2340,台亞,22,4,18,華南永昌-高雄,2024-06-21,9303
8110,華東,23,6,17,華南永昌-高雄,2024-06-21,9303
00944,野村趨勢動能高息,17,0,17,華南永昌-高雄,2024-06-21,9303
8048,德勝,48,31,17,華南永昌-高雄,2024-06-21,9303
2027,大成鋼,22,6,16,華南永昌-高雄,2024-06-21,9303
4958,臻鼎-KY,19,3,16,華南永昌-高雄,2024-06-21,9303
5498,凱崴,17,1,16,華南永昌-高雄,2024-06-21,9303
1616,億泰,27,11,16,華南永昌-高雄,2024-06-21,9303
2610,華航,62,47,15,華南永昌-高雄,2024-06-21,9303
00679B,元大美債20年,26,11,15,華南永昌-高雄,2024-06-21,9303
3481,群創,751,306,445,華南永昌-高雄,2024-06-24,9303
00919,群益台灣精選高息,422,73,349,華南永昌-高雄,2024-06-24,9303
00929,復華台灣科技優息,368,70,298,華南永昌-高雄,2024-06-24,9303
3149,正達,209,14,195,華南永昌-高雄,2024-06-24,9303
00948B,中信優息投資級債,109,0,109,華南永昌-高雄,2024-06-24,9303
2615,萬海,237,149,88,華南永昌-高雄,2024-06-24,9303
5443,均豪,105,23,82,華南永昌-高雄,2024-06-24,9303
8358,金居,86,13,73,華南永昌-高雄,2024-06-24,9303
00937B,群益ESG投等債20,75,5,70,華南永昌-高雄,2024-06-24,9303
2330,台積電,87,21,66,華南永昌-高雄,2024-06-24,9303
00795B,中信美國公債20年,70,10,60,華南永昌-高雄,2024-06-24,9303
00936,台新永續高息中小,64,7,57,華南永昌-高雄,2024-06-24,9303
2881,富邦金,70,15,55,華南永昌-高雄,2024-06-24,9303
6282,康舒,50,3,47,華南永昌-高雄,2024-06-24,9303
6285,啟��,46,0,46,華南永昌-高雄,2024-06-24,9303
2889,國票金,50,4,46,華南永昌-高雄,2024-06-24,9303
00946,群益科技高息成長,52,7,45,華南永昌-高雄,2024-06-24,9303
6111,大宇資,63,23,40,華南永昌-高雄,2024-06-24,9303
8942,森鉅,39,0,39,華南永昌-高雄,2024-06-24,9303
2408,南亞科,41,4,37,華南永昌-高雄,2024-06-24,9303
3062,建漢,80,46,34,華南永昌-高雄,2024-06-24,9303
9105,泰金寶-DR,37,5,32,華南永昌-高雄,2024-06-24,9303
2537,聯上發,43,11,32,華南永昌-高雄,2024-06-24,9303
1303,南亞,32,3,29,華南永昌-高雄,2024-06-24,9303
00680L,元大美債20正2,28,0,28,華南永昌-高雄,2024-06-24,9303
0056,元大高股息,37,10,27,華南永昌-高雄,2024-06-24,9303
3376,新日興,32,5,27,華南永昌-高雄,2024-06-24,9303
2061,風青,26,0,26,華南永昌-高雄,2024-06-24,9303
2890,永豐金,26,0,26,華南永昌-高雄,2024-06-24,9303
5880,合庫金,25,0,25,華南永昌-高雄,2024-06-24,9303
8277,商丞,25,1,24,華南永昌-高雄,2024-06-24,9303
1785,光洋科,44,21,23,華南永昌-高雄,2024-06-24,9303
6140,訊達,23,0,23,華南永昌-高雄,2024-06-24,9303
2464,盟立,43,21,22,華南永昌-高雄,2024-06-24,9303
6182,合晶,27,5,22,華南永昌-高雄,2024-06-24,9303
6806,森崴能源,28,6,22,華南永昌-高雄,2024-06-24,9303
2501,國建,22,0,22,華南永昌-高雄,2024-06-24,9303
1301,台塑,21,0,21,華南永昌-高雄,2024-06-24,9303
00905,FT臺灣Smart,21,0,21,華南永昌-高雄,2024-06-24,9303
00878,國泰永續高股息,37,17,20,華南永昌-高雄,2024-06-24,9303
00706L,期元大S＆P日圓正2,20,0,20,華南永昌-高雄,2024-06-24,9303
1582,信錦,20,0,20,華南永昌-高雄,2024-06-24,9303
911622,泰聚亨-DR,20,0,20,華南永昌-高雄,2024-06-24,9303
2317,鴻海,66,47,19,華南永昌-高雄,2024-06-24,9303
00687B,國泰20年美債,23,4,19,華南永昌-高雄,2024-06-24,9303
3325,旭品,20,1,19,華南永昌-高雄,2024-06-24,9303
00713,元大台灣高息低波,24,5,19,華南永昌-高雄,2024-06-24,9303
1316,上曜,18,0,18,華南永昌-高雄,2024-06-24,9303
2489,瑞軒,32,15,17,華南永昌-高雄,2024-06-24,9303
6125,廣運,21,4,17,華南永昌-高雄,2024-06-24,9303
3481,群創,564,180,384,華南永昌-高雄,2024-06-25,9303
00676R,富邦臺灣加權反1,270,0,270,華南永昌-高雄,2024-06-25,9303
2303,聯電,180,0,180,華南永昌-高雄,2024-06-25,9303
00940,元大台灣價值高息,172,48,124,華南永昌-高雄,2024-06-25,9303
00929,復華台灣科技優息,140,28,112,華南永昌-高雄,2024-06-25,9303
2409,友達,432,326,106,華南永昌-高雄,2024-06-25,9303
00706L,期元大S＆P日圓正2,100,0,100,華南永昌-高雄,2024-06-25,9303
3231,緯創,138,40,98,華南永昌-高雄,2024-06-25,9303
00919,群益台灣精選高息,169,77,92,華南永昌-高雄,2024-06-25,9303
6147,頎邦,82,1,81,華南永昌-高雄,2024-06-25,9303
8440,綠電,80,0,80,華南永昌-高雄,2024-06-25,9303
00687B,國泰20年美債,60,2,58,華南永昌-高雄,2024-06-25,9303
00946,群益科技高息成長,59,1,58,華南永昌-高雄,2024-06-25,9303
00936,台新永續高息中小,56,1,55,華南永昌-高雄,2024-06-25,9303
3483,力致,77,22,55,華南永昌-高雄,2024-06-25,9303
2736,富野,50,1,49,華南永昌-高雄,2024-06-25,9303
2002,中鋼,48,2,46,華南永昌-高雄,2024-06-25,9303
1815,富喬,58,15,43,華南永昌-高雄,2024-06-25,9303
00905,FT臺灣Smart,42,0,42,華南永昌-高雄,2024-06-25,9303
1301,台塑,45,5,40,華南永昌-高雄,2024-06-25,9303
2883,凱基金,36,0,36,華南永昌-高雄,2024-06-25,9303
2880,華南金,45,10,35,華南永昌-高雄,2024-06-25,9303
2317,鴻海,101,66,35,華南永昌-高雄,2024-06-25,9303
3149,正達,42,7,35,華南永昌-高雄,2024-06-25,9303
4566,時碩工業,125,92,33,華南永昌-高雄,2024-06-25,9303
6834,天二科技,31,2,29,華南永昌-高雄,2024-06-25,9303
8064,東捷,48,21,27,華南永昌-高雄,2024-06-25,9303
6207,雷科,44,18,26,華南永昌-高雄,2024-06-25,9303
2324,仁寶,25,0,25,華南永昌-高雄,2024-06-25,9303
1316,上曜,25,0,25,華南永昌-高雄,2024-06-25,9303
2302,麗正,30,5,25,華南永昌-高雄,2024-06-25,9303
9136,巨騰-DR,25,0,25,華南永昌-高雄,2024-06-25,9303
5347,世界,27,3,24,華南永昌-高雄,2024-06-25,9303
5009,榮剛,24,0,24,華南永昌-高雄,2024-06-25,9303
2888,新光金,24,2,22,華南永昌-高雄,2024-06-25,9303
3037,欣興,22,0,22,華南永昌-高雄,2024-06-25,9303
5864,致和證,21,0,21,華南永昌-高雄,2024-06-25,9303
1582,信錦,22,1,21,華南永昌-高雄,2024-06-25,9303
4968,立積,27,7,20,華南永昌-高雄,2024-06-25,9303
8277,商丞,21,1,20,華南永昌-高雄,2024-06-25,9303
8110,華東,30,11,19,華南永昌-高雄,2024-06-25,9303
2352,佳世達,62,43,19,華南永昌-高雄,2024-06-25,9303
00720B,元大投資級公司債,20,2,18,華南永昌-高雄,2024-06-25,9303
1303,南亞,23,5,18,華南永昌-高雄,2024-06-25,9303
6530,創威,19,2,17,華南永昌-高雄,2024-06-25,9303
6231,系微,21,4,17,華南永昌-高雄,2024-06-25,9303
2867,三商壽,17,0,17,華南永昌-高雄,2024-06-25,9303
2406,國碩,24,7,17,華南永昌-高雄,2024-06-25,9303
00891,中信關鍵半導體,20,4,16,華南永昌-高雄,2024-06-25,9303
2382,廣達,32,17,15,華南永昌-高雄,2024-06-25,9303
2409,友達,803,2,801,華南永昌-高雄,2024-06-26,9303
3481,群創,444,61,383,華南永昌-高雄,2024-06-26,9303
2615,萬海,305,72,233,華南永昌-高雄,2024-06-26,9303
2301,光寶科,202,5,197,華南永昌-高雄,2024-06-26,9303
00632R,元大台灣50反1,190,20,170,華南永昌-高雄,2024-06-26,9303
00936,台新永續高息中小,168,0,168,華南永昌-高雄,2024-06-26,9303
2374,佳能,174,15,159,華南永昌-高雄,2024-06-26,9303
2103,台橡,122,0,122,華南永昌-高雄,2024-06-26,9303
2401,凌陽,116,3,113,華南永昌-高雄,2024-06-26,9303
2002,中鋼,98,1,97,華南永昌-高雄,2024-06-26,9303
00948B,中信優息投資級債,80,2,78,華南永昌-高雄,2024-06-26,9303
2354,鴻準,107,29,78,華南永昌-高雄,2024-06-26,9303
2543,皇昌,99,23,76,華南永昌-高雄,2024-06-26,9303
00919,群益台灣精選高息,78,5,73,華南永昌-高雄,2024-06-26,9303
3535,晶彩科,194,127,67,華南永昌-高雄,2024-06-26,9303
00937B,群益ESG投等債20,71,10,61,華南永昌-高雄,2024-06-26,9303
2317,鴻海,135,74,61,華南永昌-高雄,2024-06-26,9303
1473,台南,60,0,60,華南永昌-高雄,2024-06-26,9303
00946,群益科技高息成長,69,19,50,華南永昌-高雄,2024-06-26,9303
1733,五鼎,50,0,50,華南永昌-高雄,2024-06-26,9303
8942,森鉅,49,0,49,華南永昌-高雄,2024-06-26,9303
1802,台玻,46,0,46,華南永昌-高雄,2024-06-26,9303
9105,泰金寶-DR,46,1,45,華南永昌-高雄,2024-06-26,9303
00929,復華台灣科技優息,135,90,45,華南永昌-高雄,2024-06-26,9303
2353,宏��,62,18,44,華南永昌-高雄,2024-06-26,9303
2892,第一金,54,11,43,華南永昌-高雄,2024-06-26,9303
8110,華東,49,6,43,華南永昌-高雄,2024-06-26,9303
2880,華南金,46,4,42,華南永昌-高雄,2024-06-26,9303
2888,新光金,47,13,34,華南永昌-高雄,2024-06-26,9303
2344,華邦電,67,34,33,華南永昌-高雄,2024-06-26,9303
2618,長榮航,42,10,32,華南永昌-高雄,2024-06-26,9303
3303,岱稜,53,22,31,華南永昌-高雄,2024-06-26,9303
3712,永崴投控,58,28,30,華南永昌-高雄,2024-06-26,9303
00688L,國泰20年美債正2,55,25,30,華南永昌-高雄,2024-06-26,9303
2603,長榮,33,7,26,華南永昌-高雄,2024-06-26,9303
2836,高雄銀,41,15,26,華南永昌-高雄,2024-06-26,9303
1815,富喬,36,10,26,華南永昌-高雄,2024-06-26,9303
2851,中再保,25,0,25,華南永昌-高雄,2024-06-26,9303
6538,倉和,26,1,25,華南永昌-高雄,2024-06-26,9303
00933B,國泰10Y+金融債,30,6,24,華南永昌-高雄,2024-06-26,9303
00940,元大台灣價值高息,33,10,23,華南永昌-高雄,2024-06-26,9303
1514,亞力,34,11,23,華南永昌-高雄,2024-06-26,9303
2885,元大金,25,2,23,華南永昌-高雄,2024-06-26,9303
2427,三商電,34,12,22,華南永昌-高雄,2024-06-26,9303
3673,TPK-KY,22,0,22,華南永昌-高雄,2024-06-26,9303
00927,群益半導體收益,21,0,21,華南永昌-高雄,2024-06-26,9303
2834,臺企銀,60,39,21,華南永昌-高雄,2024-06-26,9303
3149,正達,21,0,21,華南永昌-高雄,2024-06-26,9303
00713,元大台灣高息低波,21,0,21,華南永昌-高雄,2024-06-26,9303
2067,嘉鋼,20,0,20,華南永昌-高雄,2024-06-26,9303
00937B,群益ESG投等債20,292,5,287,華南永昌-高雄,2024-06-27,9303
2303,聯電,166,22,144,華南永昌-高雄,2024-06-27,9303
00929,復華台灣科技優息,155,20,135,華南永昌-高雄,2024-06-27,9303
2885,元大金,112,4,108,華南永昌-高雄,2024-06-27,9303
3047,訊舟,164,63,101,華南永昌-高雄,2024-06-27,9303
00933B,國泰10Y+金融債,121,24,97,華南永昌-高雄,2024-06-27,9303
00688L,國泰20年美債正2,69,0,69,華南永昌-高雄,2024-06-27,9303
00936,台新永續高息中小,95,33,62,華南永昌-高雄,2024-06-27,9303
2002,中鋼,82,25,57,華南永昌-高雄,2024-06-27,9303
5443,均豪,82,26,56,華南永昌-高雄,2024-06-27,9303
3036,文曄,57,1,56,華南永昌-高雄,2024-06-27,9303
8085,福華,69,14,55,華南永昌-高雄,2024-06-27,9303
3455,由田,50,0,50,華南永昌-高雄,2024-06-27,9303
8064,東捷,66,16,50,華南永昌-高雄,2024-06-27,9303
00665L,富邦�琤肭磪囓�2,49,0,49,華南永昌-高雄,2024-06-27,9303
2504,國產,42,0,42,華南永昌-高雄,2024-06-27,9303
4167,松瑞藥,98,57,41,華南永昌-高雄,2024-06-27,9303
00679B,元大美債20年,50,11,39,華南永昌-高雄,2024-06-27,9303
00919,群益台灣精選高息,75,36,39,華南永昌-高雄,2024-06-27,9303
00939,統一台灣高息動能,39,0,39,華南永昌-高雄,2024-06-27,9303
8942,森鉅,38,0,38,華南永昌-高雄,2024-06-27,9303
6285,啟��,39,1,38,華南永昌-高雄,2024-06-27,9303
00687B,國泰20年美債,46,11,35,華南永昌-高雄,2024-06-27,9303
6901,鑽石投資,50,15,35,華南永昌-高雄,2024-06-27,9303
1616,億泰,31,0,31,華南永昌-高雄,2024-06-27,9303
1303,南亞,33,3,30,華南永昌-高雄,2024-06-27,9303
2867,三商壽,34,5,29,華南永昌-高雄,2024-06-27,9303
2603,長榮,41,13,28,華南永昌-高雄,2024-06-27,9303
4938,和碩,28,1,27,華南永昌-高雄,2024-06-27,9303
8076,伍豐,54,28,26,華南永昌-高雄,2024-06-27,9303
4909,新復興,30,7,23,華南永昌-高雄,2024-06-27,9303
2312,金寶,23,1,22,華南永昌-高雄,2024-06-27,9303
2486,一詮,22,1,21,華南永昌-高雄,2024-06-27,9303
2880,華南金,37,16,21,華南永昌-高雄,2024-06-27,9303
1314,中石化,20,0,20,華南永昌-高雄,2024-06-27,9303
3149,正達,29,9,20,華南永昌-高雄,2024-06-27,9303
8150,南茂,20,0,20,華南永昌-高雄,2024-06-27,9303
1342,八貫,20,0,20,華南永昌-高雄,2024-06-27,9303
00753L,中信中國50正2,20,0,20,華南永昌-高雄,2024-06-27,9303
00927,群益半導體收益,20,0,20,華南永昌-高雄,2024-06-27,9303
00713,元大台灣高息低波,19,0,19,華南永昌-高雄,2024-06-27,9303
3481,群創,257,238,19,華南永昌-高雄,2024-06-27,9303
6116,彩晶,19,1,18,華南永昌-高雄,2024-06-27,9303
6612,奈米醫材,19,1,18,華南永昌-高雄,2024-06-27,9303
3297,杭特,29,11,18,華南永昌-高雄,2024-06-27,9303
3483,力致,18,1,17,華南永昌-高雄,2024-06-27,9303
2501,國建,22,5,17,華南永昌-高雄,2024-06-27,9303
1504,東元,17,0,17,華南永昌-高雄,2024-06-27,9303
2405,輔信,17,1,16,華南永昌-高雄,2024-06-27,9303
6770,力積電,18,3,15,華南永昌-高雄,2024-06-27,9303
2618,長榮航,271,21,250,華南永昌-高雄,2024-06-28,9303
00936,台新永續高息中小,227,31,196,華南永昌-高雄,2024-06-28,9303
2883,凱基金,297,110,187,華南永昌-高雄,2024-06-28,9303
00688L,國泰20年美債正2,145,0,145,華南永昌-高雄,2024-06-28,9303
3050,鈺德,192,87,105,華南永昌-高雄,2024-06-28,9303
3481,群創,132,32,100,華南永昌-高雄,2024-06-28,9303
3402,漢科,110,13,97,華南永昌-高雄,2024-06-28,9303
00937B,群益ESG投等債20,103,16,87,華南永昌-高雄,2024-06-28,9303
2303,聯電,95,14,81,華南永昌-高雄,2024-06-28,9303
2615,萬海,140,67,73,華南永昌-高雄,2024-06-28,9303
00946,群益科技高息成長,54,0,54,華南永昌-高雄,2024-06-28,9303
3535,晶彩科,89,37,52,華南永昌-高雄,2024-06-28,9303
2731,雄獅,52,1,51,華南永昌-高雄,2024-06-28,9303
6901,鑽石投資,52,7,45,華南永昌-高雄,2024-06-28,9303
6244,茂迪,76,35,41,華南永昌-高雄,2024-06-28,9303
2002,中鋼,81,43,38,華南永昌-高雄,2024-06-28,9303
6285,啟��,34,0,34,華南永昌-高雄,2024-06-28,9303
6834,天二科技,35,3,32,華南永昌-高雄,2024-06-28,9303
6612,奈米醫材,40,8,32,華南永昌-高雄,2024-06-28,9303
2504,國產,32,1,31,華南永昌-高雄,2024-06-28,9303
3231,緯創,36,6,30,華南永昌-高雄,2024-06-28,9303
2313,華通,43,13,30,華南永昌-高雄,2024-06-28,9303
00673R,期元大S＆P原油反1,30,0,30,華南永昌-高雄,2024-06-28,9303
3062,建漢,31,1,30,華南永昌-高雄,2024-06-28,9303
00666R,富邦�琤肭磪齯�1,30,0,30,華南永昌-高雄,2024-06-28,9303
4960,誠美材,30,0,30,華南永昌-高雄,2024-06-28,9303
00679B,元大美債20年,37,8,29,華南永昌-高雄,2024-06-28,9303
3312,弘憶股,79,52,27,華南永昌-高雄,2024-06-28,9303
2349,錸德,33,6,27,華南永昌-高雄,2024-06-28,9303
00905,FT臺灣Smart,25,0,25,華南永昌-高雄,2024-06-28,9303
4402,郡都開發,26,2,24,華南永昌-高雄,2024-06-28,9303
2515,中工,24,1,23,華南永昌-高雄,2024-06-28,9303
3265,台星科,27,4,23,華南永昌-高雄,2024-06-28,9303
2312,金寶,22,0,22,華南永昌-高雄,2024-06-28,9303
00712,復華富時不動產,41,20,21,華南永昌-高雄,2024-06-28,9303
4958,臻鼎-KY,25,4,21,華南永昌-高雄,2024-06-28,9303
3615,安可,32,12,20,華南永昌-高雄,2024-06-28,9303
5392,能率,23,3,20,華南永昌-高雄,2024-06-28,9303
8040,九暘,21,1,20,華南永昌-高雄,2024-06-28,9303
1323,永裕,20,0,20,華南永昌-高雄,2024-06-28,9303
6278,台表科,20,0,20,華南永昌-高雄,2024-06-28,9303
2352,佳世達,23,4,19,華南永昌-高雄,2024-06-28,9303
3605,宏致,18,1,17,華南永昌-高雄,2024-06-28,9303
8027,鈦昇,17,1,16,華南永昌-高雄,2024-06-28,9303
00713,元大台灣高息低波,16,0,16,華南永昌-高雄,2024-06-28,9303
2329,華泰,16,0,16,華南永昌-高雄,2024-06-28,9303
00934,中信成長高股息,16,0,16,華南永昌-高雄,2024-06-28,9303
2406,國碩,65,49,16,華南永昌-高雄,2024-06-28,9303
3055,蔚華科,22,7,15,華南永昌-高雄,2024-06-28,9303
6443,元晶,55,40,15,華南永昌-高雄,2024-06-28,9303
2883,凱基金,553,19,534,華南永昌-高雄,2024-07-01,9303
00937B,群益ESG投等債20,473,35,438,華南永昌-高雄,2024-07-01,9303
00929,復華台灣科技優息,309,10,299,華南永昌-高雄,2024-07-01,9303
2337,旺宏,224,3,221,華南永昌-高雄,2024-07-01,9303
2495,普安,150,11,139,華南永昌-高雄,2024-07-01,9303
00679B,元大美債20年,129,7,122,華南永昌-高雄,2024-07-01,9303
2886,兆豐金,113,1,112,華南永昌-高雄,2024-07-01,9303
2867,三商壽,111,1,110,華南永昌-高雄,2024-07-01,9303
00795B,中信美國公債20年,107,0,107,華南永昌-高雄,2024-07-01,9303
8033,雷虎,105,3,102,華南永昌-高雄,2024-07-01,9303
00687B,國泰20年美債,101,0,101,華南永昌-高雄,2024-07-01,9303
00936,台新永續高息中小,98,1,97,華南永昌-高雄,2024-07-01,9303
2359,所羅門,58,7,51,華南永昌-高雄,2024-07-01,9303
6770,力積電,58,13,45,華南永昌-高雄,2024-07-01,9303
00688L,國泰20年美債正2,43,0,43,華南永昌-高雄,2024-07-01,9303
00948B,中信優息投資級債,42,0,42,華南永昌-高雄,2024-07-01,9303
2313,華通,61,19,42,華南永昌-高雄,2024-07-01,9303
4976,佳凌,41,0,41,華南永昌-高雄,2024-07-01,9303
3024,憶聲,50,12,38,華南永昌-高雄,2024-07-01,9303
8261,富鼎,37,0,37,華南永昌-高雄,2024-07-01,9303
5009,榮剛,34,1,33,華南永昌-高雄,2024-07-01,9303
1303,南亞,32,2,30,華南永昌-高雄,2024-07-01,9303
2417,圓剛,43,13,30,華南永昌-高雄,2024-07-01,9303
00680L,元大美債20正2,38,10,28,華南永昌-高雄,2024-07-01,9303
2734,易飛網,27,0,27,華南永昌-高雄,2024-07-01,9303
3059,華晶科,26,0,26,華南永昌-高雄,2024-07-01,9303
2429,銘旺科,26,0,26,華南永昌-高雄,2024-07-01,9303
6806,森崴能源,55,30,25,華南永昌-高雄,2024-07-01,9303
4534,慶騰,37,13,24,華南永昌-高雄,2024-07-01,9303
00857B,永豐20年美公債,23,0,23,華南永昌-高雄,2024-07-01,9303
2464,盟立,51,28,23,華南永昌-高雄,2024-07-01,9303
5706,鳳凰,26,3,23,華南永昌-高雄,2024-07-01,9303
2615,萬海,145,123,22,華南永昌-高雄,2024-07-01,9303
1785,光洋科,36,15,21,華南永昌-高雄,2024-07-01,9303
2365,昆盈,136,115,21,華南永昌-高雄,2024-07-01,9303
3481,群創,37,17,20,華南永昌-高雄,2024-07-01,9303
00772B,中信高評級公司債,20,0,20,華南永昌-高雄,2024-07-01,9303
00933B,國泰10Y+金融債,20,0,20,華南永昌-高雄,2024-07-01,9303
6244,茂迪,22,2,20,華南永昌-高雄,2024-07-01,9303
8085,福華,31,12,19,華南永昌-高雄,2024-07-01,9303
6414,樺漢,20,1,19,華南永昌-高雄,2024-07-01,9303
2449,京元電子,28,9,19,華南永昌-高雄,2024-07-01,9303
3376,新日興,20,1,19,華南永昌-高雄,2024-07-01,9303
2409,友達,20,1,19,華南永昌-高雄,2024-07-01,9303
3615,安可,35,16,19,華南永昌-高雄,2024-07-01,9303
3017,奇鋐,19,1,18,華南永昌-高雄,2024-07-01,9303
5230,雷笛克光學,25,7,18,華南永昌-高雄,2024-07-01,9303
1304,台聚,18,0,18,華南永昌-高雄,2024-07-01,9303
2537,聯上發,29,12,17,華南永昌-高雄,2024-07-01,9303
9910,豐泰,17,0,17,華南永昌-高雄,2024-07-01,9303
2303,聯電,541,38,503,華南永昌-高雄,2024-07-02,9303
00934,中信成長高股息,321,4,317,華南永昌-高雄,2024-07-02,9303
00929,復華台灣科技優息,314,61,253,華南永昌-高雄,2024-07-02,9303
2317,鴻海,218,97,121,華南永昌-高雄,2024-07-02,9303
8064,東捷,143,38,105,華南永昌-高雄,2024-07-02,9303
00679B,元大美債20年,105,3,102,華南永昌-高雄,2024-07-02,9303
9105,泰金寶-DR,90,5,85,華南永昌-高雄,2024-07-02,9303
00632R,元大台灣50反1,75,2,73,華南永昌-高雄,2024-07-02,9303
00937B,群益ESG投等債20,117,46,71,華南永昌-高雄,2024-07-02,9303
3481,群創,96,26,70,華南永昌-高雄,2024-07-02,9303
4534,慶騰,72,5,67,華南永昌-高雄,2024-07-02,9303
00688L,國泰20年美債正2,66,0,66,華南永昌-高雄,2024-07-02,9303
4906,正文,118,58,60,華南永昌-高雄,2024-07-02,9303
2349,錸德,136,77,59,華南永昌-高雄,2024-07-02,9303
00687B,國泰20年美債,59,1,58,華南永昌-高雄,2024-07-02,9303
00948B,中信優息投資級債,51,0,51,華南永昌-高雄,2024-07-02,9303
00680L,元大美債20正2,49,0,49,華南永昌-高雄,2024-07-02,9303
3711,日月光投控,47,1,46,華南永昌-高雄,2024-07-02,9303
3663,鑫科,77,35,42,華南永昌-高雄,2024-07-02,9303
00720B,元大投資級公司債,41,0,41,華南永昌-高雄,2024-07-02,9303
2002,中鋼,70,31,39,華南永昌-高雄,2024-07-02,9303
2467,志聖,72,33,39,華南永昌-高雄,2024-07-02,9303
00919,群益台灣精選高息,106,73,33,華南永昌-高雄,2024-07-02,9303
2409,友達,41,8,33,華南永昌-高雄,2024-07-02,9303
0056,元大高股息,31,0,31,華南永昌-高雄,2024-07-02,9303
00942B,台新美A公司債20+,31,0,31,華南永昌-高雄,2024-07-02,9303
2332,友訊,30,0,30,華南永昌-高雄,2024-07-02,9303
2371,大同,41,12,29,華南永昌-高雄,2024-07-02,9303
3702,大聯大,30,1,29,華南永昌-高雄,2024-07-02,9303
1783,和康生,30,1,29,華南永昌-高雄,2024-07-02,9303
2353,宏��,29,1,28,華南永昌-高雄,2024-07-02,9303
2406,國碩,65,37,28,華南永昌-高雄,2024-07-02,9303
2884,玉山金,28,1,27,華南永昌-高雄,2024-07-02,9303
00878,國泰永續高股息,26,0,26,華南永昌-高雄,2024-07-02,9303
3686,達能,56,30,26,華南永昌-高雄,2024-07-02,9303
2457,飛宏,25,0,25,華南永昌-高雄,2024-07-02,9303
2880,華南金,29,5,24,華南永昌-高雄,2024-07-02,9303
5508,永信建,35,12,23,華南永昌-高雄,2024-07-02,9303
2605,新興,27,5,22,華南永昌-高雄,2024-07-02,9303
2020,美亞,20,0,20,華南永昌-高雄,2024-07-02,9303
00673R,期元大S＆P原油反1,19,0,19,華南永昌-高雄,2024-07-02,9303
5452,佶優,27,9,18,華南永昌-高雄,2024-07-02,9303
6127,九豪,24,6,18,華南永昌-高雄,2024-07-02,9303
2324,仁寶,20,3,17,華南永昌-高雄,2024-07-02,9303
2354,鴻準,24,7,17,華南永昌-高雄,2024-07-02,9303
1609,大亞,22,6,16,華南永昌-高雄,2024-07-02,9303
00881,國泰台灣5G+,17,1,16,華南永昌-高雄,2024-07-02,9303
3535,晶彩科,125,109,16,華南永昌-高雄,2024-07-02,9303
2449,京元電子,33,17,16,華南永昌-高雄,2024-07-02,9303
2009,第一銅,15,0,15,華南永昌-高雄,2024-07-02,9303
2886,兆豐金,349,71,278,華南永昌-高雄,2024-07-03,9303
00934,中信成長高股息,201,4,197,華南永昌-高雄,2024-07-03,9303
2002,中鋼,145,7,138,華南永昌-高雄,2024-07-03,9303
1909,榮成,132,1,131,華南永昌-高雄,2024-07-03,9303
2801,彰銀,180,66,114,華南永昌-高雄,2024-07-03,9303
8028,昇陽半導體,71,8,63,華南永昌-高雄,2024-07-03,9303
5443,均豪,276,215,61,華南永昌-高雄,2024-07-03,9303
3576,聯合再生,106,47,59,華南永昌-高雄,2024-07-03,9303
6282,康舒,59,6,53,華南永昌-高雄,2024-07-03,9303
2731,雄獅,52,0,52,華南永昌-高雄,2024-07-03,9303
2317,鴻海,107,62,45,華南永昌-高雄,2024-07-03,9303
1303,南亞,45,2,43,華南永昌-高雄,2024-07-03,9303
2834,臺企銀,51,15,36,華南永昌-高雄,2024-07-03,9303
00680L,元大美債20正2,36,0,36,華南永昌-高雄,2024-07-03,9303
2308,台達電,46,13,33,華南永昌-高雄,2024-07-03,9303
1316,上曜,32,1,31,華南永昌-高雄,2024-07-03,9303
1447,力鵬,30,0,30,華南永昌-高雄,2024-07-03,9303
6438,迅得,31,1,30,華南永昌-高雄,2024-07-03,9303
00936,台新永續高息中小,29,0,29,華南永昌-高雄,2024-07-03,9303
3050,鈺德,55,26,29,華南永昌-高雄,2024-07-03,9303
1504,東元,29,0,29,華南永昌-高雄,2024-07-03,9303
6163,華電網,34,6,28,華南永昌-高雄,2024-07-03,9303
2603,長榮,29,4,25,華南永昌-高雄,2024-07-03,9303
2402,毅嘉,45,20,25,華南永昌-高雄,2024-07-03,9303
6244,茂迪,41,17,24,華南永昌-高雄,2024-07-03,9303
3591,艾笛森,30,6,24,華南永昌-高雄,2024-07-03,9303
00795B,中信美國公債20年,24,1,23,華南永昌-高雄,2024-07-03,9303
2495,普安,26,4,22,華南永昌-高雄,2024-07-03,9303
00927,群益半導體收益,22,0,22,華南永昌-高雄,2024-07-03,9303
3481,群創,40,18,22,華南永昌-高雄,2024-07-03,9303
00679B,元大美債20年,21,0,21,華南永昌-高雄,2024-07-03,9303
2467,志聖,48,27,21,華南永昌-高雄,2024-07-03,9303
00946,群益科技高息成長,35,15,20,華南永昌-高雄,2024-07-03,9303
8085,福華,29,9,20,華南永昌-高雄,2024-07-03,9303
00735,國泰臺韓科技,20,0,20,華南永昌-高雄,2024-07-03,9303
1733,五鼎,20,0,20,華南永昌-高雄,2024-07-03,9303
2301,光寶科,21,2,19,華南永昌-高雄,2024-07-03,9303
4533,協易機,23,5,18,華南永昌-高雄,2024-07-03,9303
00940,元大台灣價值高息,64,47,17,華南永昌-高雄,2024-07-03,9303
5347,世界,19,3,16,華南永昌-高雄,2024-07-03,9303
00918,大華優利高填息30,16,0,16,華南永昌-高雄,2024-07-03,9303
00687B,國泰20年美債,15,0,15,華南永昌-高雄,2024-07-03,9303
8076,伍豐,18,3,15,華南永昌-高雄,2024-07-03,9303
00632R,元大台灣50反1,15,0,15,華南永昌-高雄,2024-07-03,9303
6231,系微,18,3,15,華南永昌-高雄,2024-07-03,9303
8277,商丞,17,2,15,華南永昌-高雄,2024-07-03,9303
2489,瑞軒,21,7,14,華南永昌-高雄,2024-07-03,9303
6477,安集,27,13,14,華南永昌-高雄,2024-07-03,9303
2637,慧洋-KY,18,5,13,華南永昌-高雄,2024-07-03,9303
2352,佳世達,13,1,12,華南永昌-高雄,2024-07-03,9303
00937B,群益ESG投等債20,274,13,261,華南永昌-高雄,2024-07-04,9303
00934,中信成長高股息,229,0,229,華南永昌-高雄,2024-07-04,9303
2324,仁寶,151,1,150,華南永昌-高雄,2024-07-04,9303
1309,台達化,151,1,150,華南永昌-高雄,2024-07-04,9303
4109,加捷生醫,165,39,126,華南永昌-高雄,2024-07-04,9303
00632R,元大台灣50反1,246,125,121,華南永昌-高雄,2024-07-04,9303
5443,均豪,188,96,92,華南永昌-高雄,2024-07-04,9303
2481,強茂,107,15,92,華南永昌-高雄,2024-07-04,9303
2886,兆豐金,113,21,92,華南永昌-高雄,2024-07-04,9303
6698,旭暉應材,91,7,84,華南永昌-高雄,2024-07-04,9303
2610,華航,102,23,79,華南永昌-高雄,2024-07-04,9303
6152,百一,75,1,74,華南永昌-高雄,2024-07-04,9303
00927,群益半導體收益,61,8,53,華南永昌-高雄,2024-07-04,9303
1409,新纖,69,21,48,華南永昌-高雄,2024-07-04,9303
2467,志聖,65,19,46,華南永昌-高雄,2024-07-04,9303
2543,皇昌,50,6,44,華南永昌-高雄,2024-07-04,9303
5381,合正,41,0,41,華南永昌-高雄,2024-07-04,9303
2482,連宇,45,8,37,華南永昌-高雄,2024-07-04,9303
00720B,元大投資級公司債,36,0,36,華南永昌-高雄,2024-07-04,9303
6438,迅得,39,3,36,華南永昌-高雄,2024-07-04,9303
2412,中華電,81,46,35,華南永昌-高雄,2024-07-04,9303
2405,輔信,107,73,34,華南永昌-高雄,2024-07-04,9303
00942B,台新美A公司債20+,34,0,34,華南永昌-高雄,2024-07-04,9303
3625,西勝,31,0,31,華南永昌-高雄,2024-07-04,9303
2609,陽明,35,4,31,華南永昌-高雄,2024-07-04,9303
6592,和潤企業,33,3,30,華南永昌-高雄,2024-07-04,9303
5490,同亨,31,3,28,華南永昌-高雄,2024-07-04,9303
4549,桓達,27,0,27,華南永昌-高雄,2024-07-04,9303
3402,漢科,34,7,27,華南永昌-高雄,2024-07-04,9303
5347,世界,35,9,26,華南永昌-高雄,2024-07-04,9303
6770,力積電,40,15,25,華南永昌-高雄,2024-07-04,9303
00712,復華富時不動產,24,0,24,華南永昌-高雄,2024-07-04,9303
8358,金居,22,0,22,華南永昌-高雄,2024-07-04,9303
2614,東森,21,0,21,華南永昌-高雄,2024-07-04,9303
2352,佳世達,30,9,21,華南永昌-高雄,2024-07-04,9303
2392,正崴,20,0,20,華南永昌-高雄,2024-07-04,9303
6026,福邦證,20,0,20,華南永昌-高雄,2024-07-04,9303
2401,凌陽,23,3,20,華南永昌-高雄,2024-07-04,9303
00936,台新永續高息中小,20,1,19,華南永昌-高雄,2024-07-04,9303
2603,長榮,43,24,19,華南永昌-高雄,2024-07-04,9303
1101,台泥,44,26,18,華南永昌-高雄,2024-07-04,9303
3652,精聯,19,1,18,華南永昌-高雄,2024-07-04,9303
1459,聯發,17,0,17,華南永昌-高雄,2024-07-04,9303
8110,華東,38,21,17,華南永昌-高雄,2024-07-04,9303
8183,精星,17,0,17,華南永昌-高雄,2024-07-04,9303
4526,東台,19,2,17,華南永昌-高雄,2024-07-04,9303
3189,景碩,19,3,16,華南永昌-高雄,2024-07-04,9303
2605,新興,29,13,16,華南永昌-高雄,2024-07-04,9303
2913,農林,16,0,16,華南永昌-高雄,2024-07-04,9303
8064,東捷,45,29,16,華南永昌-高雄,2024-07-04,9303
9105,泰金寶-DR,524,147,377,華南永昌-高雄,2024-07-05,9303
1309,台達化,146,1,145,華南永昌-高雄,2024-07-05,9303
00934,中信成長高股息,140,1,139,華南永昌-高雄,2024-07-05,9303
2303,聯電,126,15,111,華南永昌-高雄,2024-07-05,9303
1303,南亞,81,0,81,華南永昌-高雄,2024-07-05,9303
00637L,元大滬深300正2,95,19,76,華南永昌-高雄,2024-07-05,9303
00927,群益半導體收益,68,0,68,華南永昌-高雄,2024-07-05,9303
00937B,群益ESG投等債20,62,6,56,華南永昌-高雄,2024-07-05,9303
5392,能率,105,49,56,華南永昌-高雄,2024-07-05,9303
3049,精金,63,8,55,華南永昌-高雄,2024-07-05,9303
1326,台化,52,0,52,華南永昌-高雄,2024-07-05,9303
6217,中探針,71,22,49,華南永昌-高雄,2024-07-05,9303
00679B,元大美債20年,51,2,49,華南永昌-高雄,2024-07-05,9303
2618,長榮航,67,19,48,華南永昌-高雄,2024-07-05,9303
2367,燿華,81,37,44,華南永昌-高雄,2024-07-05,9303
1727,中華化,44,0,44,華南永昌-高雄,2024-07-05,9303
2208,台船,51,12,39,華南永昌-高雄,2024-07-05,9303
00929,復華台灣科技優息,61,23,38,華南永昌-高雄,2024-07-05,9303
2376,技嘉,39,1,38,華南永昌-高雄,2024-07-05,9303
2609,陽明,46,8,38,華南永昌-高雄,2024-07-05,9303
3481,群創,61,24,37,華南永昌-高雄,2024-07-05,9303
5530,龍巖,36,0,36,華南永昌-高雄,2024-07-05,9303
2330,台積電,41,7,34,華南永昌-高雄,2024-07-05,9303
1513,中興電,76,44,32,華南永昌-高雄,2024-07-05,9303
2344,華邦電,37,6,31,華南永昌-高雄,2024-07-05,9303
1718,中纖,32,3,29,華南永昌-高雄,2024-07-05,9303
00712,復華富時不動產,27,0,27,華南永昌-高雄,2024-07-05,9303
8374,羅昇,26,0,26,華南永昌-高雄,2024-07-05,9303
00900,富邦特選高股息30,26,0,26,華南永昌-高雄,2024-07-05,9303
3047,訊舟,69,43,26,華南永昌-高雄,2024-07-05,9303
2301,光寶科,33,8,25,華南永昌-高雄,2024-07-05,9303
4903,聯光通,24,0,24,華南永昌-高雄,2024-07-05,9303
3673,TPK-KY,28,7,21,華南永昌-高雄,2024-07-05,9303
00725B,國泰投資級公司債,21,0,21,華南永昌-高雄,2024-07-05,9303
1597,直得,44,23,21,華南永昌-高雄,2024-07-05,9303
6202,盛群,50,29,21,華南永昌-高雄,2024-07-05,9303
00632R,元大台灣50反1,20,0,20,華南永昌-高雄,2024-07-05,9303
2317,鴻海,39,20,19,華南永昌-高雄,2024-07-05,9303
0056,元大高股息,19,1,18,華南永昌-高雄,2024-07-05,9303
4707,磐亞,27,10,17,華南永昌-高雄,2024-07-05,9303
2340,台亞,18,1,17,華南永昌-高雄,2024-07-05,9303
3450,聯鈞,52,35,17,華南永昌-高雄,2024-07-05,9303
2605,新興,21,4,17,華南永昌-高雄,2024-07-05,9303
1314,中石化,32,16,16,華南永昌-高雄,2024-07-05,9303
2606,裕民,18,2,16,華南永昌-高雄,2024-07-05,9303
6231,系微,21,5,16,華南永昌-高雄,2024-07-05,9303
6664,群翊,16,0,16,華南永昌-高雄,2024-07-05,9303
2002,中鋼,19,4,15,華南永昌-高雄,2024-07-05,9303
1305,華夏,20,5,15,華南永昌-高雄,2024-07-05,9303
2913,農林,18,3,15,華南永昌-高雄,2024-07-05,9303
00680L,元大美債20正2,206,0,206,華南永昌-高雄,2024-07-08,9303
8936,國統,186,2,184,華南永昌-高雄,2024-07-08,9303
00934,中信成長高股息,146,0,146,華南永昌-高雄,2024-07-08,9303
3045,台灣大,142,0,142,華南永昌-高雄,2024-07-08,9303
0056,元大高股息,157,22,135,華南永昌-高雄,2024-07-08,9303
2618,長榮航,110,23,87,華南永昌-高雄,2024-07-08,9303
6016,康和證,100,22,78,華南永昌-高雄,2024-07-08,9303
3481,群創,1339,1267,72,華南永昌-高雄,2024-07-08,9303
2344,華邦電,73,3,70,華南永昌-高雄,2024-07-08,9303
2374,佳能,90,32,58,華南永昌-高雄,2024-07-08,9303
6153,嘉聯益,137,80,57,華南永昌-高雄,2024-07-08,9303
5272,笙科,64,10,54,華南永昌-高雄,2024-07-08,9303
8450,霹靂,56,4,52,華南永昌-高雄,2024-07-08,9303
00944,野村趨勢動能高息,56,5,51,華南永昌-高雄,2024-07-08,9303
00679B,元大美債20年,52,3,49,華南永昌-高雄,2024-07-08,9303
2834,臺企銀,64,16,48,華南永昌-高雄,2024-07-08,9303
2208,台船,51,4,47,華南永昌-高雄,2024-07-08,9303
2324,仁寶,57,10,47,華南永昌-高雄,2024-07-08,9303
1409,新纖,55,9,46,華南永昌-高雄,2024-07-08,9303
00937B,群益ESG投等債20,123,78,45,華南永昌-高雄,2024-07-08,9303
00665L,富邦�琤肭磪囓�2,46,1,45,華南永昌-高雄,2024-07-08,9303
1711,永光,52,8,44,華南永昌-高雄,2024-07-08,9303
6207,雷科,71,29,42,華南永昌-高雄,2024-07-08,9303
3663,鑫科,77,38,39,華南永昌-高雄,2024-07-08,9303
2489,瑞軒,52,13,39,華南永昌-高雄,2024-07-08,9303
911608,明輝-DR,40,2,38,華南永昌-高雄,2024-07-08,9303
5443,均豪,125,89,36,華南永昌-高雄,2024-07-08,9303
2615,萬海,87,53,34,華南永昌-高雄,2024-07-08,9303
8085,福華,34,0,34,華南永昌-高雄,2024-07-08,9303
0050,元大台灣50,39,6,33,華南永昌-高雄,2024-07-08,9303
3535,晶彩科,106,74,32,華南永昌-高雄,2024-07-08,9303
9940,信義,33,1,32,華南永昌-高雄,2024-07-08,9303
3017,奇鋐,31,0,31,華南永昌-高雄,2024-07-08,9303
2427,三商電,47,16,31,華南永昌-高雄,2024-07-08,9303
6213,聯茂,33,2,31,華南永昌-高雄,2024-07-08,9303
6668,中揚光,31,0,31,華南永昌-高雄,2024-07-08,9303
1609,大亞,37,7,30,華南永昌-高雄,2024-07-08,9303
2401,凌陽,32,3,29,華南永昌-高雄,2024-07-08,9303
2354,鴻準,62,34,28,華南永昌-高雄,2024-07-08,9303
3576,聯合再生,35,8,27,華南永昌-高雄,2024-07-08,9303
4174,浩鼎,65,39,26,華南永昌-高雄,2024-07-08,9303
2002,中鋼,35,9,26,華南永昌-高雄,2024-07-08,9303
3703,欣陸,25,0,25,華南永昌-高雄,2024-07-08,9303
00945B,凱基美國非投等債,25,0,25,華南永昌-高雄,2024-07-08,9303
3033,威健,35,10,25,華南永昌-高雄,2024-07-08,9303
6197,佳必琪,24,0,24,華南永昌-高雄,2024-07-08,9303
8358,金居,59,35,24,華南永昌-高雄,2024-07-08,9303
1569,濱川,26,2,24,華南永昌-高雄,2024-07-08,9303
2603,長榮,40,16,24,華南永昌-高雄,2024-07-08,9303
6187,萬潤,52,29,23,華南永昌-高雄,2024-07-08,9303
2618,長榮航,613,13,600,華南永昌-高雄,2024-07-09,9303
00676R,富邦臺灣加權反1,320,0,320,華南永昌-高雄,2024-07-09,9303
00934,中信成長高股息,276,29,247,華南永昌-高雄,2024-07-09,9303
2867,三商壽,150,19,131,華南永昌-高雄,2024-07-09,9303
2609,陽明,183,53,130,華南永昌-高雄,2024-07-09,9303
6901,鑽石投資,101,0,101,華南永昌-高雄,2024-07-09,9303
3047,訊舟,270,170,100,華南永昌-高雄,2024-07-09,9303
3481,群創,121,24,97,華南永昌-高雄,2024-07-09,9303
00937B,群益ESG投等債20,179,92,87,華南永昌-高雄,2024-07-09,9303
1309,台達化,77,1,76,華南永昌-高雄,2024-07-09,9303
2344,華邦電,83,7,76,華南永昌-高雄,2024-07-09,9303
5426,振發,158,94,64,華南永昌-高雄,2024-07-09,9303
2888,新光金,347,287,60,華南永昌-高雄,2024-07-09,9303
00706L,期元大S＆P日圓正2,55,0,55,華南永昌-高雄,2024-07-09,9303
4127,天良,59,8,51,華南永昌-高雄,2024-07-09,9303
3229,晟鈦,51,0,51,華南永昌-高雄,2024-07-09,9303
006208,富邦台50,49,0,49,華南永昌-高雄,2024-07-09,9303
2834,臺企銀,73,25,48,華南永昌-高雄,2024-07-09,9303
2367,燿華,145,98,47,華南永昌-高雄,2024-07-09,9303
4960,誠美材,109,64,45,華南永昌-高雄,2024-07-09,9303
8358,金居,44,0,44,華南永昌-高雄,2024-07-09,9303
2353,宏��,46,3,43,華南永昌-高雄,2024-07-09,9303
5381,合正,41,0,41,華南永昌-高雄,2024-07-09,9303
3045,台灣大,40,0,40,華南永昌-高雄,2024-07-09,9303
1303,南亞,52,12,40,華南永昌-高雄,2024-07-09,9303
6282,康舒,44,5,39,華南永昌-高雄,2024-07-09,9303
1711,永光,37,1,36,華南永昌-高雄,2024-07-09,9303
1785,光洋科,93,57,36,華南永昌-高雄,2024-07-09,9303
3581,博磊,36,0,36,華南永昌-高雄,2024-07-09,9303
00936,台新永續高息中小,55,20,35,華南永昌-高雄,2024-07-09,9303
3227,原相,33,0,33,華南永昌-高雄,2024-07-09,9303
8105,凌巨,53,21,32,華南永昌-高雄,2024-07-09,9303
6603,富強鑫,46,16,30,華南永昌-高雄,2024-07-09,9303
00905,FT臺灣Smart,30,0,30,華南永昌-高雄,2024-07-09,9303
5519,隆大,30,0,30,華南永昌-高雄,2024-07-09,9303
00725B,國泰投資級公司債,33,4,29,華南永昌-高雄,2024-07-09,9303
2002,中鋼,34,6,28,華南永昌-高雄,2024-07-09,9303
2301,光寶科,31,4,27,華南永昌-高雄,2024-07-09,9303
00881,國泰台灣5G+,28,1,27,華南永昌-高雄,2024-07-09,9303
2317,鴻海,122,95,27,華南永昌-高雄,2024-07-09,9303
00712,復華富時不動產,24,0,24,華南永昌-高雄,2024-07-09,9303
6126,信音,52,28,24,華南永昌-高雄,2024-07-09,9303
00679B,元大美債20年,36,14,22,華南永昌-高雄,2024-07-09,9303
0050,元大台灣50,21,0,21,華南永昌-高雄,2024-07-09,9303
5225,東科-KY,24,4,20,華南永昌-高雄,2024-07-09,9303
3050,鈺德,130,110,20,華南永昌-高雄,2024-07-09,9303
1323,永裕,20,0,20,華南永昌-高雄,2024-07-09,9303
3312,弘憶股,95,75,20,華南永昌-高雄,2024-07-09,9303
2543,皇昌,30,11,19,華南永昌-高雄,2024-07-09,9303
8054,安國,21,2,19,華南永昌-高雄,2024-07-09,9303
2888,新光金,1635,491,1144,華南永昌-高雄,2024-07-10,9303
00937B,群益ESG投等債20,370,41,329,華南永昌-高雄,2024-07-10,9303
2845,遠東銀,276,0,276,華南永昌-高雄,2024-07-10,9303
5443,均豪,281,69,212,華南永昌-高雄,2024-07-10,9303
00934,中信成長高股息,155,12,143,華南永昌-高雄,2024-07-10,9303
3593,力銘,104,21,83,華南永昌-高雄,2024-07-10,9303
8064,東捷,105,30,75,華南永昌-高雄,2024-07-10,9303
5876,上海商銀,78,3,75,華南永昌-高雄,2024-07-10,9303
3045,台灣大,66,0,66,華南永昌-高雄,2024-07-10,9303
2489,瑞軒,281,218,63,華南永昌-高雄,2024-07-10,9303
2913,農林,99,42,57,華南永昌-高雄,2024-07-10,9303
00929,復華台灣科技優息,59,5,54,華南永昌-高雄,2024-07-10,9303
2834,臺企銀,65,15,50,華南永昌-高雄,2024-07-10,9303
2002,中鋼,52,7,45,華南永昌-高雄,2024-07-10,9303
2371,大同,67,23,44,華南永昌-高雄,2024-07-10,9303
3706,神達,55,12,43,華南永昌-高雄,2024-07-10,9303
8105,凌巨,76,34,42,華南永昌-高雄,2024-07-10,9303
5309,系統電,56,14,42,華南永昌-高雄,2024-07-10,9303
4952,凌通,40,0,40,華南永昌-高雄,2024-07-10,9303
9105,泰金寶-DR,83,43,40,華南永昌-高雄,2024-07-10,9303
2208,台船,41,2,39,華南永昌-高雄,2024-07-10,9303
2881,富邦金,50,12,38,華南永昌-高雄,2024-07-10,9303
00905,FT臺灣Smart,39,2,37,華南永昌-高雄,2024-07-10,9303
1309,台達化,37,0,37,華南永昌-高雄,2024-07-10,9303
2606,裕民,39,3,36,華南永昌-高雄,2024-07-10,9303
8085,福華,42,8,34,華南永昌-高雄,2024-07-10,9303
00679B,元大美債20年,37,5,32,華南永昌-高雄,2024-07-10,9303
2886,兆豐金,33,0,33,華南永昌-高雄,2024-07-10,9303
1101,台泥,32,0,32,華南永昌-高雄,2024-07-10,9303
00942B,台新美A公司債20+,31,0,31,華南永昌-高雄,2024-07-10,9303
6133,金橋,35,6,29,華南永昌-高雄,2024-07-10,9303
4129,聯合,29,0,29,華南永昌-高雄,2024-07-10,9303
8358,金居,33,5,28,華南永昌-高雄,2024-07-10,9303
6152,百一,30,2,28,華南永昌-高雄,2024-07-10,9303
5292,華懋,42,14,28,華南永昌-高雄,2024-07-10,9303
2405,輔信,49,22,27,華南永昌-高雄,2024-07-10,9303
2305,全友,27,0,27,華南永昌-高雄,2024-07-10,9303
00946,群益科技高息成長,27,0,27,華南永昌-高雄,2024-07-10,9303
3037,欣興,27,2,25,華南永昌-高雄,2024-07-10,9303
2353,宏��,76,53,23,華南永昌-高雄,2024-07-10,9303
1718,中纖,21,0,21,華南永昌-高雄,2024-07-10,9303
00950B,凱基A級公司債,21,0,21,華南永昌-高雄,2024-07-10,9303
00927,群益半導體收益,20,0,20,華南永昌-高雄,2024-07-10,9303
2421,建準,23,3,20,華南永昌-高雄,2024-07-10,9303
2401,凌陽,28,8,20,華南永昌-高雄,2024-07-10,9303
5328,華容,20,0,20,華南永昌-高雄,2024-07-10,9303
5608,四維航,20,0,20,華南永昌-高雄,2024-07-10,9303
2880,華南金,26,6,20,華南永昌-高雄,2024-07-10,9303
4904,遠傳,21,2,19,華南永昌-高雄,2024-07-10,9303
2501,國建,20,1,19,華南永昌-高雄,2024-07-10,9303
00632R,元大台灣50反1,728,200,528,華南永昌-高雄,2024-07-11,9303
00688L,國泰20年美債正2,105,0,105,華南永昌-高雄,2024-07-11,9303
00934,中信成長高股息,114,22,92,華南永昌-高雄,2024-07-11,9303
00937B,群益ESG投等債20,135,44,91,華南永昌-高雄,2024-07-11,9303
8105,凌巨,98,33,65,華南永昌-高雄,2024-07-11,9303
1586,和勤,58,0,58,華南永昌-高雄,2024-07-11,9303
2316,楠梓電,59,4,55,華南永昌-高雄,2024-07-11,9303
8358,金居,89,34,55,華南永昌-高雄,2024-07-11,9303
00687B,國泰20年美債,56,6,50,華南永昌-高雄,2024-07-11,9303
00927,群益半導體收益,44,0,44,華南永昌-高雄,2024-07-11,9303
2317,鴻海,66,29,37,華南永昌-高雄,2024-07-11,9303
2618,長榮航,63,28,35,華南永昌-高雄,2024-07-11,9303
00679B,元大美債20年,35,0,35,華南永昌-高雄,2024-07-11,9303
3707,漢磊,136,102,34,華南永昌-高雄,2024-07-11,9303
2812,台中銀,54,23,31,華南永昌-高雄,2024-07-11,9303
3231,緯創,33,5,28,華南永昌-高雄,2024-07-11,9303
2382,廣達,30,3,27,華南永昌-高雄,2024-07-11,9303
2243,宏旭-KY,39,13,26,華南永昌-高雄,2024-07-11,9303
2371,大同,35,9,26,華南永昌-高雄,2024-07-11,9303
1569,濱川,37,12,25,華南永昌-高雄,2024-07-11,9303
9105,泰金寶-DR,65,40,25,華南永昌-高雄,2024-07-11,9303
00936,台新永續高息中小,25,2,23,華南永昌-高雄,2024-07-11,9303
2417,圓剛,27,4,23,華南永昌-高雄,2024-07-11,9303
2467,志聖,30,7,23,華南永昌-高雄,2024-07-11,9303
2303,聯電,29,6,23,華南永昌-高雄,2024-07-11,9303
6806,森崴能源,53,30,23,華南永昌-高雄,2024-07-11,9303
3325,旭品,22,0,22,華南永昌-高雄,2024-07-11,9303
2886,兆豐金,34,12,22,華南永昌-高雄,2024-07-11,9303
00905,FT臺灣Smart,21,0,21,華南永昌-高雄,2024-07-11,9303
00919,群益台灣精選高息,40,20,20,華南永昌-高雄,2024-07-11,9303
3045,台灣大,20,0,20,華南永昌-高雄,2024-07-11,9303
6153,嘉聯益,24,4,20,華南永昌-高雄,2024-07-11,9303
3211,順達,20,0,20,華南永昌-高雄,2024-07-11,9303
2365,昆盈,70,51,19,華南永昌-高雄,2024-07-11,9303
3376,新日興,20,2,18,華南永昌-高雄,2024-07-11,9303
4303,信立,23,5,18,華南永昌-高雄,2024-07-11,9303
1504,東元,26,8,18,華南永昌-高雄,2024-07-11,9303
1101,台泥,19,2,17,華南永昌-高雄,2024-07-11,9303
3673,TPK-KY,30,13,17,華南永昌-高雄,2024-07-11,9303
2514,龍邦,22,6,16,華南永昌-高雄,2024-07-11,9303
1785,光洋科,79,63,16,華南永昌-高雄,2024-07-11,9303
3048,益登,22,6,16,華南永昌-高雄,2024-07-11,9303
2241,艾姆勒,16,0,16,華南永昌-高雄,2024-07-11,9303
00881,國泰台灣5G+,19,3,16,華南永昌-高雄,2024-07-11,9303
1513,中興電,72,57,15,華南永昌-高雄,2024-07-11,9303
1795,美時,27,12,15,華南永昌-高雄,2024-07-11,9303
6282,康舒,61,46,15,華南永昌-高雄,2024-07-11,9303
5009,榮剛,22,7,15,華南永昌-高雄,2024-07-11,9303
6218,豪勉,74,59,15,華南永昌-高雄,2024-07-11,9303
3706,神達,67,52,15,華南永昌-高雄,2024-07-11,9303
00934,中信成長高股息,398,18,380,華南永昌-高雄,2024-07-12,9303
00929,復華台灣科技優息,306,47,259,華南永昌-高雄,2024-07-12,9303
3481,群創,462,312,150,華南永昌-高雄,2024-07-12,9303
2303,聯電,167,33,134,華南永昌-高雄,2024-07-12,9303
0056,元大高股息,125,0,125,華南永昌-高雄,2024-07-12,9303
00919,群益台灣精選高息,157,43,114,華南永昌-高雄,2024-07-12,9303
2317,鴻海,167,52,115,華南永昌-高雄,2024-07-12,9303
2867,三商壽,148,63,85,華南永昌-高雄,2024-07-12,9303
4927,泰鼎-KY,88,12,76,華南永昌-高雄,2024-07-12,9303
00878,國泰永續高股息,82,6,76,華南永昌-高雄,2024-07-12,9303
9955,佳龍,153,81,72,華南永昌-高雄,2024-07-12,9303
1536,和大,128,61,67,華南永昌-高雄,2024-07-12,9303
2609,陽明,85,19,66,華南永昌-高雄,2024-07-12,9303
2313,華通,88,23,65,華南永昌-高雄,2024-07-12,9303
4714,永捷,80,18,62,華南永昌-高雄,2024-07-12,9303
1304,台聚,64,6,58,華南永昌-高雄,2024-07-12,9303
00927,群益半導體收益,101,44,57,華南永昌-高雄,2024-07-12,9303
1467,南緯,50,0,50,華南永昌-高雄,2024-07-12,9303
00935,野村臺灣新科技50,46,0,46,華南永昌-高雄,2024-07-12,9303
00725B,國泰投資級公司債,43,0,43,華南永昌-高雄,2024-07-12,9303
3711,日月光投控,44,3,41,華南永昌-高雄,2024-07-12,9303
3047,訊舟,76,36,40,華南永昌-高雄,2024-07-12,9303
4566,時碩工業,47,7,40,華南永昌-高雄,2024-07-12,9303
8064,東捷,81,44,37,華南永昌-高雄,2024-07-12,9303
1586,和勤,56,20,36,華南永昌-高雄,2024-07-12,9303
6015,宏遠證,35,0,35,華南永昌-高雄,2024-07-12,9303
1316,上曜,45,12,33,華南永昌-高雄,2024-07-12,9303
2883,凱基金,35,2,33,華南永昌-高雄,2024-07-12,9303
00936,台新永續高息中小,31,0,31,華南永昌-高雄,2024-07-12,9303
5347,世界,38,7,31,華南永昌-高雄,2024-07-12,9303
3545,敦泰,33,2,31,華南永昌-高雄,2024-07-12,9303
00881,國泰台灣5G+,36,6,30,華南永昌-高雄,2024-07-12,9303
4956,光鋐,30,0,30,華南永昌-高雄,2024-07-12,9303
2330,台積電,45,15,30,華南永昌-高雄,2024-07-12,9303
2352,佳世達,30,1,29,華南永昌-高雄,2024-07-12,9303
00882,中信中國高股息,30,1,29,華南永昌-高雄,2024-07-12,9303
9945,潤泰新,45,16,29,華南永昌-高雄,2024-07-12,9303
2353,宏��,40,13,27,華南永昌-高雄,2024-07-12,9303
2886,兆豐金,25,0,25,華南永昌-高雄,2024-07-12,9303
6442,光聖,33,9,24,華南永昌-高雄,2024-07-12,9303
2618,長榮航,28,5,23,華南永昌-高雄,2024-07-12,9303
00940,元大台灣價值高息,73,51,22,華南永昌-高雄,2024-07-12,9303
4549,桓達,23,1,22,華南永昌-高雄,2024-07-12,9303
3706,神達,27,5,22,華南永昌-高雄,2024-07-12,9303
00757,統一FANG+,22,0,22,華南永昌-高雄,2024-07-12,9303
3021,鴻名,24,3,21,華南永昌-高雄,2024-07-12,9303
6153,嘉聯益,24,3,21,華南永昌-高雄,2024-07-12,9303
1612,宏泰,33,12,21,華南永昌-高雄,2024-07-12,9303
3715,定穎投控,21,1,20,華南永昌-高雄,2024-07-12,9303
00944,野村趨勢動能高息,21,3,18,華南永昌-高雄,2024-07-12,9303
1309,台達化,514,5,509,華南永昌-高雄,2024-07-15,9303
2867,三商壽,228,7,221,華南永昌-高雄,2024-07-15,9303
2888,新光金,240,22,218,華南永昌-高雄,2024-07-15,9303
00934,中信成長高股息,166,0,166,華南永昌-高雄,2024-07-15,9303
00679B,元大美債20年,156,20,136,華南永昌-高雄,2024-07-15,9303
00937B,群益ESG投等債20,148,13,135,華南永昌-高雄,2024-07-15,9303
2312,金寶,353,223,130,華南永昌-高雄,2024-07-15,9303
00632R,元大台灣50反1,121,0,121,華南永昌-高雄,2024-07-15,9303
00929,復華台灣科技優息,151,52,99,華南永昌-高雄,2024-07-15,9303
1314,中石化,107,14,93,華南永昌-高雄,2024-07-15,9303
2891,中信金,99,15,84,華南永昌-高雄,2024-07-15,9303
0056,元大高股息,84,7,77,華南永昌-高雄,2024-07-15,9303
2365,昆盈,95,26,69,華南永昌-高雄,2024-07-15,9303
2634,漢翔,61,2,59,華南永昌-高雄,2024-07-15,9303
00680L,元大美債20正2,58,0,58,華南永昌-高雄,2024-07-15,9303
6901,鑽石投資,56,0,56,華南永昌-高雄,2024-07-15,9303
2538,基泰,56,0,56,華南永昌-高雄,2024-07-15,9303
2337,旺宏,54,0,54,華南永昌-高雄,2024-07-15,9303
4906,正文,75,23,52,華南永昌-高雄,2024-07-15,9303
00931B,統一美債20年,50,0,50,華南永昌-高雄,2024-07-15,9303
3045,台灣大,45,0,45,華南永昌-高雄,2024-07-15,9303
8358,金居,91,47,44,華南永昌-高雄,2024-07-15,9303
2409,友達,93,50,43,華南永昌-高雄,2024-07-15,9303
00735,國泰臺韓科技,40,0,40,華南永昌-高雄,2024-07-15,9303
4119,旭富,40,0,40,華南永昌-高雄,2024-07-15,9303
9105,泰金寶-DR,74,34,40,華南永昌-高雄,2024-07-15,9303
3021,鴻名,38,1,37,華南永昌-高雄,2024-07-15,9303
4127,天良,36,0,36,華南永昌-高雄,2024-07-15,9303
2812,台中銀,55,20,35,華南永昌-高雄,2024-07-15,9303
00753L,中信中國50正2,35,0,35,華南永昌-高雄,2024-07-15,9303
5426,振發,56,22,34,華南永昌-高雄,2024-07-15,9303
6116,彩晶,34,0,34,華南永昌-高雄,2024-07-15,9303
911868,同方友友-DR,34,0,34,華南永昌-高雄,2024-07-15,9303
2243,宏旭-KY,100,69,31,華南永昌-高雄,2024-07-15,9303
00936,台新永續高息中小,36,5,31,華南永昌-高雄,2024-07-15,9303
2332,友訊,38,8,30,華南永昌-高雄,2024-07-15,9303
8054,安國,51,22,29,華南永昌-高雄,2024-07-15,9303
2313,華通,35,6,29,華南永昌-高雄,2024-07-15,9303
6026,福邦證,38,10,28,華南永昌-高雄,2024-07-15,9303
2399,映泰,36,8,28,華南永昌-高雄,2024-07-15,9303
00687B,國泰20年美債,26,0,26,華南永昌-高雄,2024-07-15,9303
6282,康舒,41,15,26,華南永昌-高雄,2024-07-15,9303
3454,晶睿,31,5,26,華南永昌-高雄,2024-07-15,9303
2834,臺企銀,27,2,25,華南永昌-高雄,2024-07-15,9303
00898,國泰基因免疫革命,25,0,25,華南永昌-高雄,2024-07-15,9303
00927,群益半導體收益,23,0,23,華南永昌-高雄,2024-07-15,9303
6877,鏵友益,23,0,23,華南永昌-高雄,2024-07-15,9303
2344,華邦電,26,4,22,華南永昌-高雄,2024-07-15,9303
2609,陽明,66,45,21,華南永昌-高雄,2024-07-15,9303
00950B,凱基A級公司債,21,0,21,華南永昌-高雄,2024-07-15,9303
2610,華航,436,14,422,華南永昌-高雄,2024-07-16,9303
1309,台達化,412,0,412,華南永昌-高雄,2024-07-16,9303
00632R,元大台灣50反1,402,0,402,華南永昌-高雄,2024-07-16,9303
00937B,群益ESG投等債20,214,5,209,華南永昌-高雄,2024-07-16,9303
00905,FT臺灣Smart,108,0,108,華南永昌-高雄,2024-07-16,9303
00934,中信成長高股息,105,11,94,華南永昌-高雄,2024-07-16,9303
2880,華南金,85,2,83,華南永昌-高雄,2024-07-16,9303
1568,倉佑,86,8,78,華南永昌-高雄,2024-07-16,9303
1608,華榮,95,23,72,華南永昌-高雄,2024-07-16,9303
2317,鴻海,102,31,71,華南永昌-高雄,2024-07-16,9303
6264,富裔,70,0,70,華南永昌-高雄,2024-07-16,9303
00927,群益半導體收益,68,1,67,華南永昌-高雄,2024-07-16,9303
3673,TPK-KY,190,129,61,華南永昌-高雄,2024-07-16,9303
6577,勁豐,61,0,61,華南永昌-高雄,2024-07-16,9303
9105,泰金寶-DR,66,5,61,華南永昌-高雄,2024-07-16,9303
0056,元大高股息,61,3,58,華南永昌-高雄,2024-07-16,9303
00950B,凱基A級公司債,51,0,51,華南永昌-高雄,2024-07-16,9303
6901,鑽石投資,50,0,50,華南永昌-高雄,2024-07-16,9303
5443,均豪,102,53,49,華南永昌-高雄,2024-07-16,9303
8011,台通,95,46,49,華南永昌-高雄,2024-07-16,9303
3481,群創,162,115,47,華南永昌-高雄,2024-07-16,9303
00939,統一台灣高息動能,45,1,44,華南永昌-高雄,2024-07-16,9303
2867,三商壽,121,78,43,華南永昌-高雄,2024-07-16,9303
2891,中信金,49,6,43,華南永昌-高雄,2024-07-16,9303
2243,宏旭-KY,69,28,41,華南永昌-高雄,2024-07-16,9303
00878,國泰永續高股息,46,7,39,華南永昌-高雄,2024-07-16,9303
1609,大亞,67,33,34,華南永昌-高雄,2024-07-16,9303
1304,台聚,33,0,33,華南永昌-高雄,2024-07-16,9303
8277,商丞,33,0,33,華南永昌-高雄,2024-07-16,9303
3022,威強電,32,1,31,華南永昌-高雄,2024-07-16,9303
2615,萬海,60,31,29,華南永昌-高雄,2024-07-16,9303
5328,華容,32,3,29,華南永昌-高雄,2024-07-16,9303
00919,群益台灣精選高息,75,46,29,華南永昌-高雄,2024-07-16,9303
2417,圓剛,29,1,28,華南永昌-高雄,2024-07-16,9303
00665L,富邦�琤肭磪囓�2,28,1,27,華南永昌-高雄,2024-07-16,9303
3455,由田,32,5,27,華南永昌-高雄,2024-07-16,9303
6127,九豪,36,11,25,華南永昌-高雄,2024-07-16,9303
1513,中興電,41,19,22,華南永昌-高雄,2024-07-16,9303
6005,群益證,24,3,21,華南永昌-高雄,2024-07-16,9303
2369,菱生,22,1,21,華南永昌-高雄,2024-07-16,9303
6770,力積電,21,1,20,華南永昌-高雄,2024-07-16,9303
6877,鏵友益,20,0,20,華南永昌-高雄,2024-07-16,9303
00881,國泰台灣5G+,19,0,19,華南永昌-高雄,2024-07-16,9303
00882,中信中國高股息,19,0,19,華南永昌-高雄,2024-07-16,9303
3489,森寶,19,0,19,華南永昌-高雄,2024-07-16,9303
4109,加捷生醫,38,19,19,華南永昌-高雄,2024-07-16,9303
6806,森崴能源,33,14,19,華南永昌-高雄,2024-07-16,9303
2312,金寶,97,78,19,華南永昌-高雄,2024-07-16,9303
2609,陽明,64,46,18,華南永昌-高雄,2024-07-16,9303
4526,東台,23,5,18,華南永昌-高雄,2024-07-16,9303
2845,遠東銀,914,1,913,華南永昌-高雄,2024-07-17,9303
2610,華航,455,17,438,華南永昌-高雄,2024-07-17,9303
00937B,群益ESG投等債20,326,7,319,華南永昌-高雄,2024-07-17,9303
8936,國統,274,118,156,華南永昌-高雄,2024-07-17,9303
4906,正文,239,97,142,華南永昌-高雄,2024-07-17,9303
1316,上曜,134,20,114,華南永昌-高雄,2024-07-17,9303
00950B,凱基A級公司債,110,17,93,華南永昌-高雄,2024-07-17,9303
00632R,元大台灣50反1,100,10,90,華南永昌-高雄,2024-07-17,9303
1304,台聚,84,0,84,華南永昌-高雄,2024-07-17,9303
00919,群益台灣精選高息,116,37,79,華南永昌-高雄,2024-07-17,9303
6901,鑽石投資,70,1,69,華南永昌-高雄,2024-07-17,9303
00927,群益半導體收益,67,1,66,華南永昌-高雄,2024-07-17,9303
2888,新光金,103,37,66,華南永昌-高雄,2024-07-17,9303
1721,三晃,60,3,57,華南永昌-高雄,2024-07-17,9303
3231,緯創,77,20,57,華南永昌-高雄,2024-07-17,9303
5880,合庫金,50,0,50,華南永昌-高雄,2024-07-17,9303
6625,必應,49,0,49,華南永昌-高雄,2024-07-17,9303
0056,元大高股息,53,17,36,華南永昌-高雄,2024-07-17,9303
00687B,國泰20年美債,117,82,35,華南永昌-高雄,2024-07-17,9303
00878,國泰永續高股息,43,10,33,華南永昌-高雄,2024-07-17,9303
2206,三陽工業,34,2,32,華南永昌-高雄,2024-07-17,9303
00936,台新永續高息中小,33,1,32,華南永昌-高雄,2024-07-17,9303
5347,世界,31,0,31,華南永昌-高雄,2024-07-17,9303
6163,華電網,34,4,30,華南永昌-高雄,2024-07-17,9303
2020,美亞,29,0,29,華南永昌-高雄,2024-07-17,9303
4743,合一,79,50,29,華南永昌-高雄,2024-07-17,9303
00929,復華台灣科技優息,301,273,28,華南永昌-高雄,2024-07-17,9303
00949,復華日本龍頭,28,0,28,華南永昌-高雄,2024-07-17,9303
6173,信昌電,41,13,28,華南永昌-高雄,2024-07-17,9303
2352,佳世達,30,3,27,華南永昌-高雄,2024-07-17,9303
2353,宏��,30,5,25,華南永昌-高雄,2024-07-17,9303
2367,燿華,32,7,25,華南永昌-高雄,2024-07-17,9303
2408,南亞科,39,14,25,華南永昌-高雄,2024-07-17,9303
00905,FT臺灣Smart,42,17,25,華南永昌-高雄,2024-07-17,9303
2890,永豐金,33,9,24,華南永昌-高雄,2024-07-17,9303
2330,台積電,30,6,24,華南永昌-高雄,2024-07-17,9303
2376,技嘉,25,1,24,華南永昌-高雄,2024-07-17,9303
8071,能率網通,27,4,23,華南永昌-高雄,2024-07-17,9303
3013,晟銘電,120,97,23,華南永昌-高雄,2024-07-17,9303
2390,云辰,24,3,21,華南永昌-高雄,2024-07-17,9303
2609,陽明,48,27,21,華南永昌-高雄,2024-07-17,9303
3325,旭品,21,0,21,華南永昌-高雄,2024-07-17,9303
1608,華榮,38,17,21,華南永昌-高雄,2024-07-17,9303
00934,中信成長高股息,23,3,20,華南永昌-高雄,2024-07-17,9303
3042,晶技,20,0,20,華南永昌-高雄,2024-07-17,9303
2537,聯上發,87,67,20,華南永昌-高雄,2024-07-17,9303
00688L,國泰20年美債正2,20,0,20,華南永昌-高雄,2024-07-17,9303
00918,大華優利高填息30,19,0,19,華南永昌-高雄,2024-07-17,9303
2481,強茂,24,5,19,華南永昌-高雄,2024-07-17,9303
3535,晶彩科,23,4,19,華南永昌-高雄,2024-07-17,9303
00937B,群益ESG投等債20,448,37,411,華南永昌-高雄,2024-07-18,9303
00929,復華台灣科技優息,193,25,168,華南永昌-高雄,2024-07-18,9303
3481,群創,202,56,146,華南永昌-高雄,2024-07-18,9303
2317,鴻海,145,39,106,華南永昌-高雄,2024-07-18,9303
3711,日月光投控,98,0,98,華南永昌-高雄,2024-07-18,9303
00919,群益台灣精選高息,117,27,90,華南永昌-高雄,2024-07-18,9303
2867,三商壽,100,12,88,華南永昌-高雄,2024-07-18,9303
6770,力積電,82,3,79,華南永昌-高雄,2024-07-18,9303
6282,康舒,80,2,78,華南永昌-高雄,2024-07-18,9303
00878,國泰永續高股息,103,29,74,華南永昌-高雄,2024-07-18,9303
1304,台聚,84,14,70,華南永昌-高雄,2024-07-18,9303
6692,進能服,68,0,68,華南永昌-高雄,2024-07-18,9303
4906,正文,193,128,65,華南永昌-高雄,2024-07-18,9303
1303,南亞,67,10,57,華南永昌-高雄,2024-07-18,9303
2362,藍天,83,26,57,華南永昌-高雄,2024-07-18,9303
2330,台積電,72,16,56,華南永昌-高雄,2024-07-18,9303
2382,廣達,60,6,54,華南永昌-高雄,2024-07-18,9303
4720,德淵,93,40,53,華南永昌-高雄,2024-07-18,9303
9105,泰金寶-DR,60,8,52,華南永昌-高雄,2024-07-18,9303
0056,元大高股息,83,34,49,華南永昌-高雄,2024-07-18,9303
2891,中信金,55,7,48,華南永昌-高雄,2024-07-18,9303
00891,中信關鍵半導體,48,2,46,華南永昌-高雄,2024-07-18,9303
2344,華邦電,51,9,42,華南永昌-高雄,2024-07-18,9303
00934,中信成長高股息,64,28,36,華南永昌-高雄,2024-07-18,9303
2609,陽明,44,9,35,華南永昌-高雄,2024-07-18,9303
2610,華航,35,1,34,華南永昌-高雄,2024-07-18,9303
3141,晶宏,52,18,34,華南永昌-高雄,2024-07-18,9303
5251,天鉞電,33,1,32,華南永昌-高雄,2024-07-18,9303
3013,晟銘電,54,22,32,華南永昌-高雄,2024-07-18,9303
2882,國泰金,37,6,31,華南永昌-高雄,2024-07-18,9303
1319,東陽,30,0,30,華南永昌-高雄,2024-07-18,9303
5426,振發,30,2,28,華南永昌-高雄,2024-07-18,9303
00881,國泰台灣5G+,29,1,28,華南永昌-高雄,2024-07-18,9303
00948B,中信優息投資級債,27,0,27,華南永昌-高雄,2024-07-18,9303
6691,洋基工程,27,0,27,華南永昌-高雄,2024-07-18,9303
4909,新復興,58,32,26,華南永昌-高雄,2024-07-18,9303
2834,臺企銀,37,12,25,華南永昌-高雄,2024-07-18,9303
1314,中石化,58,33,25,華南永昌-高雄,2024-07-18,9303
6026,福邦證,25,0,25,華南永昌-高雄,2024-07-18,9303
3357,臺慶科,25,0,25,華南永昌-高雄,2024-07-18,9303
2023,燁輝,26,1,25,華南永昌-高雄,2024-07-18,9303
4958,臻鼎-KY,27,3,24,華南永昌-高雄,2024-07-18,9303
1402,遠東新,25,1,24,華南永昌-高雄,2024-07-18,9303
3450,聯鈞,43,19,24,華南永昌-高雄,2024-07-18,9303
00941,中信上游半導體,25,2,23,華南永昌-高雄,2024-07-18,9303
2449,京元電子,38,15,23,華南永昌-高雄,2024-07-18,9303
2337,旺宏,23,1,22,華南永昌-高雄,2024-07-18,9303
1522,堤維西,22,0,22,華南永昌-高雄,2024-07-18,9303
4916,事欣科,23,1,22,華南永昌-高雄,2024-07-18,9303
3455,由田,22,0,22,華南永昌-高雄,2024-07-18,9303
00940,元大台灣價值高息,387,186,201,華南永昌-高雄,2024-07-19,9303
2845,遠東銀,136,0,136,華南永昌-高雄,2024-07-19,9303
2615,萬海,180,46,134,華南永昌-高雄,2024-07-19,9303
1314,中石化,143,15,128,華南永昌-高雄,2024-07-19,9303
00919,群益台灣精選高息,176,62,114,華南永昌-高雄,2024-07-19,9303
00878,國泰永續高股息,136,31,105,華南永昌-高雄,2024-07-19,9303
00929,復華台灣科技優息,193,108,85,華南永昌-高雄,2024-07-19,9303
2888,新光金,192,108,84,華南永昌-高雄,2024-07-19,9303
1449,佳和,85,1,84,華南永昌-高雄,2024-07-19,9303
2330,台積電,95,13,82,華南永昌-高雄,2024-07-19,9303
3231,緯創,87,6,81,華南永昌-高雄,2024-07-19,9303
00687B,國泰20年美債,102,23,79,華南永昌-高雄,2024-07-19,9303
6770,力積電,78,3,75,華南永昌-高雄,2024-07-19,9303
00936,台新永續高息中小,64,2,62,華南永昌-高雄,2024-07-19,9303
00934,中信成長高股息,74,12,62,華南永昌-高雄,2024-07-19,9303
2891,中信金,65,7,58,華南永昌-高雄,2024-07-19,9303
2867,三商壽,86,28,58,華南永昌-高雄,2024-07-19,9303
2618,長榮航,61,7,54,華南永昌-高雄,2024-07-19,9303
8349,�矬�,55,1,54,華南永昌-高雄,2024-07-19,9303
2356,英業達,60,7,53,華南永昌-高雄,2024-07-19,9303
6901,鑽石投資,54,1,53,華南永昌-高雄,2024-07-19,9303
3380,明泰,67,16,51,華南永昌-高雄,2024-07-19,9303
00950B,凱基A級公司債,50,0,50,華南永昌-高雄,2024-07-19,9303
00665L,富邦�琤肭磪囓�2,53,5,48,華南永昌-高雄,2024-07-19,9303
2408,南亞科,45,0,45,華南永昌-高雄,2024-07-19,9303
3038,全台,45,1,44,華南永昌-高雄,2024-07-19,9303
00918,大華優利高填息30,49,5,44,華南永昌-高雄,2024-07-19,9303
2890,永豐金,56,13,43,華南永昌-高雄,2024-07-19,9303
1709,和益,86,42,44,華南永昌-高雄,2024-07-19,9303
00937B,群益ESG投等債20,193,151,42,華南永昌-高雄,2024-07-19,9303
00946,群益科技高息成長,38,3,35,華南永昌-高雄,2024-07-19,9303
1301,台塑,42,7,35,華南永昌-高雄,2024-07-19,9303
3576,聯合再生,36,2,34,華南永昌-高雄,2024-07-19,9303
4906,正文,127,94,33,華南永昌-高雄,2024-07-19,9303
2834,臺企銀,33,0,33,華南永昌-高雄,2024-07-19,9303
3047,訊舟,33,1,32,華南永昌-高雄,2024-07-19,9303
2501,國建,34,3,31,華南永昌-高雄,2024-07-19,9303
6282,康舒,36,6,30,華南永昌-高雄,2024-07-19,9303
1316,上曜,102,72,30,華南永昌-高雄,2024-07-19,9303
3481,群創,77,47,30,華南永昌-高雄,2024-07-19,9303
00905,FT臺灣Smart,29,0,29,華南永昌-高雄,2024-07-19,9303
2303,聯電,33,4,29,華南永昌-高雄,2024-07-19,9303
6443,元晶,40,11,29,華南永昌-高雄,2024-07-19,9303
1584,精剛,57,29,28,華南永昌-高雄,2024-07-19,9303
00939,統一台灣高息動能,31,5,26,華南永昌-高雄,2024-07-19,9303
2313,華通,62,36,26,華南永昌-高雄,2024-07-19,9303
00715L,期街口布蘭特正2,25,0,25,華南永昌-高雄,2024-07-19,9303
00892,富邦台灣半導體,24,0,24,華南永昌-高雄,2024-07-19,9303
00881,國泰台灣5G+,26,2,24,華南永昌-高雄,2024-07-19,9303
1608,華榮,24,3,21,華南永昌-高雄,2024-07-19,9303
00632R,元大台灣50反1,636,132,504,華南永昌-高雄,2024-07-22,9303
00940,元大台灣價值高息,531,51,480,華南永昌-高雄,2024-07-22,9303
2618,長榮航,314,3,311,華南永昌-高雄,2024-07-22,9303
2303,聯電,236,15,221,華南永昌-高雄,2024-07-22,9303
00919,群益台灣精選高息,226,17,209,華南永昌-高雄,2024-07-22,9303
8105,凌巨,223,18,205,華南永昌-高雄,2024-07-22,9303
2408,南亞科,350,168,182,華南永昌-高雄,2024-07-22,9303
00929,復華台灣科技優息,349,176,173,華南永昌-高雄,2024-07-22,9303
00937B,群益ESG投等債20,168,53,115,華南永昌-高雄,2024-07-22,9303
00878,國泰永續高股息,133,24,109,華南永昌-高雄,2024-07-22,9303
4916,事欣科,120,12,108,華南永昌-高雄,2024-07-22,9303
1582,信錦,102,5,97,華南永昌-高雄,2024-07-22,9303
00934,中信成長高股息,95,6,89,華南永昌-高雄,2024-07-22,9303
6531,愛普*,87,2,85,華南永昌-高雄,2024-07-22,9303
6116,彩晶,78,0,78,華南永昌-高雄,2024-07-22,9303
5512,力麒,83,18,65,華南永昌-高雄,2024-07-22,9303
3231,緯創,68,6,62,華南永昌-高雄,2024-07-22,9303
00676R,富邦臺灣加權反1,60,0,60,華南永昌-高雄,2024-07-22,9303
8936,國統,67,8,59,華南永昌-高雄,2024-07-22,9303
3038,全台,59,0,59,華南永昌-高雄,2024-07-22,9303
6111,大宇資,56,1,55,華南永昌-高雄,2024-07-22,9303
2867,三商壽,61,7,54,華南永昌-高雄,2024-07-22,9303
3712,永崴投控,81,29,52,華南永昌-高雄,2024-07-22,9303
6462,神盾,55,4,51,華南永昌-高雄,2024-07-22,9303
2359,所羅門,132,81,51,華南永昌-高雄,2024-07-22,9303
1609,大亞,75,29,46,華南永昌-高雄,2024-07-22,9303
00905,FT臺灣Smart,44,0,44,華南永昌-高雄,2024-07-22,9303
5443,均豪,106,62,44,華南永昌-高雄,2024-07-22,9303
00891,中信關鍵半導體,41,0,41,華南永昌-高雄,2024-07-22,9303
3715,定穎投控,43,4,39,華南永昌-高雄,2024-07-22,9303
2515,中工,38,1,37,華南永昌-高雄,2024-07-22,9303
3189,景碩,49,13,36,華南永昌-高雄,2024-07-22,9303
2609,陽明,80,45,35,華南永昌-高雄,2024-07-22,9303
00944,野村趨勢動能高息,36,1,35,華南永昌-高雄,2024-07-22,9303
3481,群創,115,80,35,華南永昌-高雄,2024-07-22,9303
00933B,國泰10Y+金融債,39,4,35,華南永昌-高雄,2024-07-22,9303
8473,山林水,53,20,33,華南永昌-高雄,2024-07-22,9303
3047,訊舟,35,3,32,華南永昌-高雄,2024-07-22,9303
1316,上曜,46,15,31,華南永昌-高雄,2024-07-22,9303
9105,泰金寶-DR,63,32,31,華南永昌-高雄,2024-07-22,9303
00946,群益科技高息成長,64,34,30,華南永昌-高雄,2024-07-22,9303
3711,日月光投控,30,2,28,華南永昌-高雄,2024-07-22,9303
00939,統一台灣高息動能,49,22,27,華南永昌-高雄,2024-07-22,9303
00945B,凱基美國非投等債,27,0,27,華南永昌-高雄,2024-07-22,9303
00679B,元大美債20年,40,14,26,華南永昌-高雄,2024-07-22,9303
00724B,群益投資級金融債,25,0,25,華南永昌-高雄,2024-07-22,9303
2330,台積電,52,28,24,華南永昌-高雄,2024-07-22,9303
00918,大華優利高填息30,31,7,24,華南永昌-高雄,2024-07-22,9303
1584,精剛,44,20,24,華南永昌-高雄,2024-07-22,9303
00715L,期街口布蘭特正2,24,0,24,華南永昌-高雄,2024-07-22,9303
3481,群創,450,22,428,華南永昌-高雄,2024-07-23,9303
00632R,元大台灣50反1,300,10,290,華南永昌-高雄,2024-07-23,9303
00676R,富邦臺灣加權反1,200,0,200,華南永昌-高雄,2024-07-23,9303
00937B,群益ESG投等債20,172,6,166,華南永昌-高雄,2024-07-23,9303
00929,復華台灣科技優息,171,48,123,華南永昌-高雄,2024-07-23,9303
2408,南亞科,127,21,106,華南永昌-高雄,2024-07-23,9303
6152,百一,65,0,65,華南永昌-高雄,2024-07-23,9303
6901,鑽石投資,60,0,60,華南永昌-高雄,2024-07-23,9303
2409,友達,79,20,59,華南永昌-高雄,2024-07-23,9303
2538,基泰,59,0,59,華南永昌-高雄,2024-07-23,9303
0056,元大高股息,52,1,51,華南永昌-高雄,2024-07-23,9303
00878,國泰永續高股息,66,23,43,華南永昌-高雄,2024-07-23,9303
00637L,元大滬深300正2,42,1,41,華南永昌-高雄,2024-07-23,9303
6116,彩晶,41,0,41,華南永昌-高雄,2024-07-23,9303
3047,訊舟,43,6,37,華南永昌-高雄,2024-07-23,9303
00936,台新永續高息中小,36,0,36,華南永昌-高雄,2024-07-23,9303
00687B,國泰20年美債,45,10,35,華南永昌-高雄,2024-07-23,9303
00919,群益台灣精選高息,59,26,33,華南永昌-高雄,2024-07-23,9303
6111,大宇資,32,0,32,華南永昌-高雄,2024-07-23,9303
3673,TPK-KY,37,8,29,華南永昌-高雄,2024-07-23,9303
00664R,國泰臺灣加權反1,29,0,29,華南永昌-高雄,2024-07-23,9303
00940,元大台灣價值高息,64,35,29,華南永昌-高雄,2024-07-23,9303
8085,福華,27,3,24,華南永昌-高雄,2024-07-23,9303
00679B,元大美債20年,34,10,24,華南永昌-高雄,2024-07-23,9303
2881,富邦金,28,4,24,華南永昌-高雄,2024-07-23,9303
6585,鼎基,24,1,23,華南永昌-高雄,2024-07-23,9303
2303,聯電,26,3,23,華南永昌-高雄,2024-07-23,9303
00935,野村臺灣新科技50,23,1,22,華南永昌-高雄,2024-07-23,9303
2382,廣達,23,2,21,華南永昌-高雄,2024-07-23,9303
4906,正文,21,0,21,華南永昌-高雄,2024-07-23,9303
3535,晶彩科,29,8,21,華南永昌-高雄,2024-07-23,9303
1582,信錦,21,0,21,華南永昌-高雄,2024-07-23,9303
8064,東捷,42,21,21,華南永昌-高雄,2024-07-23,9303
2845,遠東銀,20,0,20,華南永昌-高雄,2024-07-23,9303
6133,金橋,20,0,20,華南永昌-高雄,2024-07-23,9303
2317,鴻海,86,67,19,華南永昌-高雄,2024-07-23,9303
3293,鈊象,19,0,19,華南永昌-高雄,2024-07-23,9303
3231,緯創,37,18,19,華南永昌-高雄,2024-07-23,9303
8076,伍豐,21,3,18,華南永昌-高雄,2024-07-23,9303
2834,臺企銀,18,1,17,華南永昌-高雄,2024-07-23,9303
2354,鴻準,19,3,16,華南永昌-高雄,2024-07-23,9303
00715L,期街口布蘭特正2,16,0,16,華南永昌-高雄,2024-07-23,9303
2486,一詮,19,3,16,華南永昌-高雄,2024-07-23,9303
1309,台達化,22,6,16,華南永昌-高雄,2024-07-23,9303
2330,台積電,25,11,14,華南永昌-高雄,2024-07-23,9303
00881,國泰台灣5G+,16,2,14,華南永昌-高雄,2024-07-23,9303
2609,陽明,36,22,14,華南永昌-高雄,2024-07-23,9303
3450,聯鈞,21,7,14,華南永昌-高雄,2024-07-23,9303
3663,鑫科,38,24,14,華南永昌-高雄,2024-07-23,9303
00892,富邦台灣半導體,15,1,14,華南永昌-高雄,2024-07-23,9303
00679B,元大美債20年,1215,4,1211,華南永昌-高雄,2024-07-26,9303
00937B,群益ESG投等債20,442,25,417,華南永昌-高雄,2024-07-26,9303
00940,元大台灣價值高息,287,6,281,華南永昌-高雄,2024-07-26,9303
00676R,富邦臺灣加權反1,200,0,200,華南永昌-高雄,2024-07-26,9303
2002,中鋼,180,23,157,華南永昌-高雄,2024-07-26,9303
00929,復華台灣科技優息,225,73,152,華南永昌-高雄,2024-07-26,9303
00951,台新日本半導體,133,0,133,華南永昌-高雄,2024-07-26,9303
2890,永豐金,129,18,111,華南永昌-高雄,2024-07-26,9303
2884,玉山金,140,60,80,華南永昌-高雄,2024-07-26,9303
2330,台積電,73,8,65,華南永昌-高雄,2024-07-26,9303
00665L,富邦�琤肭磪囓�2,63,0,63,華南永昌-高雄,2024-07-26,9303
0056,元大高股息,78,17,61,華南永昌-高雄,2024-07-26,9303
1303,南亞,66,5,61,華南永昌-高雄,2024-07-26,9303
00712,復華富時不動產,58,1,57,華南永昌-高雄,2024-07-26,9303
00946,群益科技高息成長,57,0,57,華南永昌-高雄,2024-07-26,9303
3711,日月光投控,54,1,53,華南永昌-高雄,2024-07-26,9303
2408,南亞科,79,28,51,華南永昌-高雄,2024-07-26,9303
2317,鴻海,98,48,50,華南永昌-高雄,2024-07-26,9303
9945,潤泰新,57,8,49,華南永昌-高雄,2024-07-26,9303
00680L,元大美債20正2,42,0,42,華南永昌-高雄,2024-07-26,9303
00719B,元大美債1-3,42,0,42,華南永昌-高雄,2024-07-26,9303
2312,金寶,190,148,42,華南永昌-高雄,2024-07-26,9303
2303,聯電,46,6,40,華南永昌-高雄,2024-07-26,9303
4402,郡都開發,36,3,33,華南永昌-高雄,2024-07-26,9303
6462,神盾,39,6,33,華南永昌-高雄,2024-07-26,9303
2352,佳世達,38,7,31,華南永昌-高雄,2024-07-26,9303
00664R,國泰臺灣加權反1,30,0,30,華南永昌-高雄,2024-07-26,9303
3073,天方能源,29,0,29,華南永昌-高雄,2024-07-26,9303
3535,晶彩科,29,0,29,華南永昌-高雄,2024-07-26,9303
6937,天虹,29,0,29,華南永昌-高雄,2024-07-26,9303
2880,華南金,49,20,29,華南永昌-高雄,2024-07-26,9303
00934,中信成長高股息,28,0,28,華南永昌-高雄,2024-07-26,9303
2467,志聖,30,2,28,華南永昌-高雄,2024-07-26,9303
4526,東台,32,4,28,華南永昌-高雄,2024-07-26,9303
2867,三商壽,38,11,27,華南永昌-高雄,2024-07-26,9303
3013,晟銘電,41,15,26,華南永昌-高雄,2024-07-26,9303
2359,所羅門,28,3,25,華南永昌-高雄,2024-07-26,9303
00941,中信上游半導體,41,16,25,華南永昌-高雄,2024-07-26,9303
2340,台亞,25,1,24,華南永昌-高雄,2024-07-26,9303
00923,群益台ESG低碳50,24,0,24,華南永昌-高雄,2024-07-26,9303
3231,緯創,49,26,23,華南永昌-高雄,2024-07-26,9303
00949,復華日本龍頭,22,0,22,華南永昌-高雄,2024-07-26,9303
1582,信錦,25,3,22,華南永昌-高雄,2024-07-26,9303
1101,台泥,22,1,21,華南永昌-高雄,2024-07-26,9303
2344,華邦電,25,4,21,華南永昌-高雄,2024-07-26,9303
0050,元大台灣50,20,0,20,華南永昌-高雄,2024-07-26,9303
00882,中信中國高股息,20,0,20,華南永昌-高雄,2024-07-26,9303
5469,瀚宇博,20,0,20,華南永昌-高雄,2024-07-26,9303
00753L,中信中國50正2,20,0,20,華南永昌-高雄,2024-07-26,9303
00637L,元大滬深300正2,35,15,20,華南永昌-高雄,2024-07-26,9303
00632R,元大台灣50反1,1034,5,1029,華南永昌-高雄,2024-07-29,9303
00937B,群益ESG投等債20,203,12,191,華南永昌-高雄,2024-07-29,9303
00929,復華台灣科技優息,175,8,167,華南永昌-高雄,2024-07-29,9303
00676R,富邦臺灣加權反1,164,0,164,華南永昌-高雄,2024-07-29,9303
00878,國泰永續高股息,154,4,150,華南永昌-高雄,2024-07-29,9303
00679B,元大美債20年,156,11,145,華南永昌-高雄,2024-07-29,9303
0056,元大高股息,121,6,115,華南永昌-高雄,2024-07-29,9303
2312,金寶,233,123,110,華南永昌-高雄,2024-07-29,9303
00919,群益台灣精選高息,105,6,99,華南永昌-高雄,2024-07-29,9303
00933B,國泰10Y+金融債,69,6,63,華南永昌-高雄,2024-07-29,9303
00946,群益科技高息成長,65,3,62,華南永昌-高雄,2024-07-29,9303
00687B,國泰20年美債,65,3,62,華南永昌-高雄,2024-07-29,9303
2367,燿華,116,55,61,華南永昌-高雄,2024-07-29,9303
2365,昆盈,84,31,53,華南永昌-高雄,2024-07-29,9303
6901,鑽石投資,52,0,52,華南永昌-高雄,2024-07-29,9303
00940,元大台灣價值高息,62,13,49,華南永昌-高雄,2024-07-29,9303
2884,玉山金,53,6,47,華南永昌-高雄,2024-07-29,9303
6462,神盾,69,26,43,華南永昌-高雄,2024-07-29,9303
00688L,國泰20年美債正2,50,10,40,華南永昌-高雄,2024-07-29,9303
6133,金橋,40,0,40,華南永昌-高雄,2024-07-29,9303
8054,安國,60,20,40,華南永昌-高雄,2024-07-29,9303
3481,群創,85,47,38,華南永昌-高雄,2024-07-29,9303
00882,中信中國高股息,51,15,36,華南永昌-高雄,2024-07-29,9303
2867,三商壽,43,7,36,華南永昌-高雄,2024-07-29,9303
2353,宏��,34,1,33,華南永昌-高雄,2024-07-29,9303
1312,國喬,30,0,30,華南永昌-高雄,2024-07-29,9303
2891,中信金,28,0,28,華南永昌-高雄,2024-07-29,9303
3038,全台,27,0,27,華南永昌-高雄,2024-07-29,9303
2486,一詮,30,6,24,華南永昌-高雄,2024-07-29,9303
2344,華邦電,32,9,23,華南永昌-高雄,2024-07-29,9303
00720B,元大投資級公司債,25,2,23,華南永昌-高雄,2024-07-29,9303
9945,潤泰新,36,13,23,華南永昌-高雄,2024-07-29,9303
3188,鑫龍騰,58,36,22,華南永昌-高雄,2024-07-29,9303
4188,安克,22,1,21,華南永昌-高雄,2024-07-29,9303
00936,台新永續高息中小,22,2,20,華南永昌-高雄,2024-07-29,9303
6233,旺玖,20,0,20,華南永昌-高雄,2024-07-29,9303
1582,信錦,20,0,20,華南永昌-高雄,2024-07-29,9303
3489,森寶,22,3,19,華南永昌-高雄,2024-07-29,9303
00918,大華優利高填息30,19,0,19,華南永昌-高雄,2024-07-29,9303
1609,大亞,41,23,18,華南永昌-高雄,2024-07-29,9303
2511,太子,21,3,18,華南永昌-高雄,2024-07-29,9303
6197,佳必琪,18,0,18,華南永昌-高雄,2024-07-29,9303
2359,所羅門,37,20,17,華南永昌-高雄,2024-07-29,9303
6577,勁豐,17,0,17,華南永昌-高雄,2024-07-29,9303
00891,中信關鍵半導體,17,0,17,華南永昌-高雄,2024-07-29,9303
9906,欣巴巴,25,8,17,華南永昌-高雄,2024-07-29,9303
00939,統一台灣高息動能,16,0,16,華南永昌-高雄,2024-07-29,9303
2363,矽統,23,8,15,華南永昌-高雄,2024-07-29,9303
5230,雷笛克光學,15,0,15,華南永昌-高雄,2024-07-29,9303
2208,台船,19,4,15,華南永昌-高雄,2024-07-29,9303
2884,玉山金,271,0,271,華南永昌-高雄,2024-07-30,9303
00933B,國泰10Y+金融債,151,5,146,華南永昌-高雄,2024-07-30,9303
2801,彰銀,133,1,132,華南永昌-高雄,2024-07-30,9303
00878,國泰永續高股息,123,2,121,華南永昌-高雄,2024-07-30,9303
00795B,中信美國公債20年,120,0,120,華南永昌-高雄,2024-07-30,9303
00940,元大台灣價值高息,123,11,112,華南永昌-高雄,2024-07-30,9303
2537,聯上發,119,10,109,華南永昌-高雄,2024-07-30,9303
00946,群益科技高息成長,119,12,107,華南永昌-高雄,2024-07-30,9303
00676R,富邦臺灣加權反1,100,0,100,華南永昌-高雄,2024-07-30,9303
00937B,群益ESG投等債20,100,17,83,華南永昌-高雄,2024-07-30,9303
1309,台達化,82,0,82,華南永昌-高雄,2024-07-30,9303
2408,南亞科,67,6,61,華南永昌-高雄,2024-07-30,9303
2303,聯電,70,10,60,華南永昌-高雄,2024-07-30,9303
00919,群益台灣精選高息,85,30,55,華南永昌-高雄,2024-07-30,9303
00680L,元大美債20正2,54,0,54,華南永昌-高雄,2024-07-30,9303
6877,鏵友益,53,0,53,華南永昌-高雄,2024-07-30,9303
2405,輔信,52,0,52,華南永昌-高雄,2024-07-30,9303
2597,潤弘,47,1,46,華南永昌-高雄,2024-07-30,9303
0056,元大高股息,46,0,46,華南永昌-高雄,2024-07-30,9303
00665L,富邦�琤肭磪囓�2,45,0,45,華南永昌-高雄,2024-07-30,9303
2344,華邦電,38,2,36,華南永昌-高雄,2024-07-30,9303
00939,統一台灣高息動能,35,4,31,華南永昌-高雄,2024-07-30,9303
3189,景碩,68,38,30,華南永昌-高雄,2024-07-30,9303
3073,天方能源,30,0,30,華南永昌-高雄,2024-07-30,9303
2891,中信金,43,13,30,華南永昌-高雄,2024-07-30,9303
2867,三商壽,29,0,29,華南永昌-高雄,2024-07-30,9303
6770,力積電,26,2,24,華南永昌-高雄,2024-07-30,9303
00715L,期街口布蘭特正2,24,0,24,華南永昌-高雄,2024-07-30,9303
3231,緯創,35,13,22,華南永昌-高雄,2024-07-30,9303
2882,國泰金,23,1,22,華南永昌-高雄,2024-07-30,9303
6133,金橋,22,0,22,華南永昌-高雄,2024-07-30,9303
2610,華航,22,0,22,華南永昌-高雄,2024-07-30,9303
00929,復華台灣科技優息,165,143,22,華南永昌-高雄,2024-07-30,9303
2330,台積電,33,12,21,華南永昌-高雄,2024-07-30,9303
3047,訊舟,44,24,20,華南永昌-高雄,2024-07-30,9303
2489,瑞軒,23,3,20,華南永昌-高雄,2024-07-30,9303
6278,台表科,23,3,20,華南永昌-高雄,2024-07-30,9303
3188,鑫龍騰,94,75,19,華南永昌-高雄,2024-07-30,9303
2353,宏��,24,5,19,華南永昌-高雄,2024-07-30,9303
6462,神盾,29,11,18,華南永昌-高雄,2024-07-30,9303
2515,中工,24,7,17,華南永昌-高雄,2024-07-30,9303
00936,台新永續高息中小,16,0,16,華南永昌-高雄,2024-07-30,9303
3038,全台,16,0,16,華南永昌-高雄,2024-07-30,9303
6116,彩晶,19,4,15,華南永昌-高雄,2024-07-30,9303
2409,友達,15,0,15,華南永昌-高雄,2024-07-30,9303
00724B,群益投資級金融債,15,0,15,華南永昌-高雄,2024-07-30,9303
1319,東陽,16,1,15,華南永昌-高雄,2024-07-30,9303
1463,強盛新,15,0,15,華南永昌-高雄,2024-07-30,9303
2317,鴻海,32,17,15,華南永昌-高雄,2024-07-30,9303
00713,元大台灣高息低波,14,0,14,華南永昌-高雄,2024-07-30,9303
00940,元大台灣價值高息,193,10,183,華南永昌-高雄,2024-07-31,9303
3481,群創,191,22,169,華南永昌-高雄,2024-07-31,9303
2409,友達,114,12,102,華南永昌-高雄,2024-07-31,9303
00676R,富邦臺灣加權反1,100,0,100,華南永昌-高雄,2024-07-31,9303
1711,永光,114,27,87,華南永昌-高雄,2024-07-31,9303
00632R,元大台灣50反1,121,40,81,華南永昌-高雄,2024-07-31,9303
2801,彰銀,85,4,81,華南永昌-高雄,2024-07-31,9303
00929,復華台灣科技優息,90,27,63,華南永昌-高雄,2024-07-31,9303
00946,群益科技高息成長,61,0,61,華南永昌-高雄,2024-07-31,9303
2312,金寶,76,16,60,華南永昌-高雄,2024-07-31,9303
00919,群益台灣精選高息,50,0,50,華南永昌-高雄,2024-07-31,9303
2888,新光金,65,24,41,華南永昌-高雄,2024-07-31,9303
3188,鑫龍騰,125,86,39,華南永昌-高雄,2024-07-31,9303
00688L,國泰20年美債正2,38,1,37,華南永昌-高雄,2024-07-31,9303
5443,均豪,106,71,35,華南永昌-高雄,2024-07-31,9303
2486,一詮,39,4,35,華南永昌-高雄,2024-07-31,9303
00934,中信成長高股息,64,33,31,華南永昌-高雄,2024-07-31,9303
00680L,元大美債20正2,30,0,30,華南永昌-高雄,2024-07-31,9303
1305,華夏,30,0,30,華南永昌-高雄,2024-07-31,9303
3105,穩懋,32,2,30,華南永昌-高雄,2024-07-31,9303
2356,英業達,32,3,29,華南永昌-高雄,2024-07-31,9303
2515,中工,38,10,28,華南永昌-高雄,2024-07-31,9303
2349,錸德,86,58,28,華南永昌-高雄,2024-07-31,9303
00687B,國泰20年美債,43,16,27,華南永昌-高雄,2024-07-31,9303
00679B,元大美債20年,30,4,26,華南永昌-高雄,2024-07-31,9303
00878,國泰永續高股息,44,19,25,華南永昌-高雄,2024-07-31,9303
00664R,國泰臺灣加權反1,22,0,22,華南永昌-高雄,2024-07-31,9303
00918,大華優利高填息30,21,0,21,華南永昌-高雄,2024-07-31,9303
00937B,群益ESG投等債20,77,56,21,華南永昌-高雄,2024-07-31,9303
2597,潤弘,24,3,21,華南永昌-高雄,2024-07-31,9303
3715,定穎投控,58,40,18,華南永昌-高雄,2024-07-31,9303
3711,日月光投控,18,1,17,華南永昌-高雄,2024-07-31,9303
2365,昆盈,32,15,17,華南永昌-高雄,2024-07-31,9303
6937,天虹,17,1,16,華南永昌-高雄,2024-07-31,9303
5508,永信建,29,16,13,華南永昌-高雄,2024-07-31,9303
00713,元大台灣高息低波,12,0,12,華南永昌-高雄,2024-07-31,9303
1536,和大,20,8,12,華南永昌-高雄,2024-07-31,9303
9105,泰金寶-DR,20,9,11,華南永昌-高雄,2024-07-31,9303
8040,九暘,11,0,11,華南永昌-高雄,2024-07-31,9303
00936,台新永續高息中小,11,0,11,華南永昌-高雄,2024-07-31,9303
8383,千附,11,0,11,華南永昌-高雄,2024-07-31,9303
8064,東捷,62,51,11,華南永昌-高雄,2024-07-31,9303
00692,富邦公司治理,10,0,10,華南永昌-高雄,2024-07-31,9303
00927,群益半導體收益,11,1,10,華南永昌-高雄,2024-07-31,9303
1312,國喬,10,0,10,華南永昌-高雄,2024-07-31,9303
1514,亞力,16,6,10,華南永昌-高雄,2024-07-31,9303
00948B,中信優息投資級債,10,0,10,華南永昌-高雄,2024-07-31,9303
3450,聯鈞,23,13,10,華南永昌-高雄,2024-07-31,9303
4113,聯上,10,0,10,華南永昌-高雄,2024-07-31,9303
2915,潤泰全,10,0,10,華南永昌-高雄,2024-07-31,9303
2349,錸德,663,90,573,華南永昌-高雄,2024-08-01,9303
2801,彰銀,471,0,471,華南永昌-高雄,2024-08-01,9303
00671R,富邦NASDAQ反1,408,0,408,華南永昌-高雄,2024-08-01,9303
00632R,元大台灣50反1,415,140,275,華南永昌-高雄,2024-08-01,9303
5443,均豪,178,94,84,華南永昌-高雄,2024-08-01,9303
4967,十銓,75,0,75,華南永昌-高雄,2024-08-01,9303
2891,中信金,82,22,60,華南永昌-高雄,2024-08-01,9303
1711,永光,63,6,57,華南永昌-高雄,2024-08-01,9303
00679B,元大美債20年,63,10,53,華南永昌-高雄,2024-08-01,9303
00932,兆豐永續高息等權,45,0,45,華南永昌-高雄,2024-08-01,9303
2409,友達,50,6,44,華南永昌-高雄,2024-08-01,9303
00878,國泰永續高股息,61,24,37,華南永昌-高雄,2024-08-01,9303
1303,南亞,48,12,36,華南永昌-高雄,2024-08-01,9303
00673R,期元大S＆P原油反1,41,5,36,華南永昌-高雄,2024-08-01,9303
00687B,國泰20年美債,92,57,35,華南永昌-高雄,2024-08-01,9303
00937B,群益ESG投等債20,84,49,35,華南永昌-高雄,2024-08-01,9303
6658,聯策,32,0,32,華南永昌-高雄,2024-08-01,9303
2363,矽統,76,45,31,華南永昌-高雄,2024-08-01,9303
1440,南紡,30,0,30,華南永昌-高雄,2024-08-01,9303
2883B,凱基金乙特,30,0,30,華南永昌-高雄,2024-08-01,9303
5876,上海商銀,27,0,27,華南永昌-高雄,2024-08-01,9303
00712,復華富時不動產,26,0,26,華南永昌-高雄,2024-08-01,9303
00915,凱基優選高股息30,28,4,24,華南永昌-高雄,2024-08-01,9303
8028,昇陽半導體,87,63,24,華南永昌-高雄,2024-08-01,9303
8096,擎亞,33,10,23,華南永昌-高雄,2024-08-01,9303
3047,訊舟,38,17,21,華南永昌-高雄,2024-08-01,9303
6411,晶焱,21,0,21,華南永昌-高雄,2024-08-01,9303
2337,旺宏,111,91,20,華南永昌-高雄,2024-08-01,9303
0056,元大高股息,31,12,19,華南永昌-高雄,2024-08-01,9303
4909,新復興,39,20,19,華南永昌-高雄,2024-08-01,9303
00713,元大台灣高息低波,19,0,19,華南永昌-高雄,2024-08-01,9303
2884,玉山金,19,2,17,華南永昌-高雄,2024-08-01,9303
2324,仁寶,17,0,17,華南永昌-高雄,2024-08-01,9303
8011,台通,16,0,16,華南永昌-高雄,2024-08-01,9303
00949,復華日本龍頭,18,2,16,華南永昌-高雄,2024-08-01,9303
00720B,元大投資級公司債,15,0,15,華南永昌-高雄,2024-08-01,9303
00753L,中信中國50正2,15,0,15,華南永昌-高雄,2024-08-01,9303
2520,冠德,23,8,15,華南永昌-高雄,2024-08-01,9303
1101,台泥,16,2,14,華南永昌-高雄,2024-08-01,9303
3522,御嵿,15,1,14,華南永昌-高雄,2024-08-01,9303
8936,國統,15,1,14,華南永昌-高雄,2024-08-01,9303
2383,台光電,14,0,14,華南永昌-高雄,2024-08-01,9303
2489,瑞軒,28,14,14,華南永昌-高雄,2024-08-01,9303
00885,富邦越南,13,0,13,華南永昌-高雄,2024-08-01,9303
3481,群創,72,59,13,華南永昌-高雄,2024-08-01,9303
3673,TPK-KY,18,5,13,華南永昌-高雄,2024-08-01,9303
1560,中砂,13,0,13,華南永昌-高雄,2024-08-01,9303
2344,華邦電,14,1,13,華南永昌-高雄,2024-08-01,9303
6133,金橋,13,0,13,華南永昌-高雄,2024-08-01,9303
2374,佳能,22,9,13,華南永昌-高雄,2024-08-01,9303
00676R,富邦臺灣加權反1,499,0,499,華南永昌-高雄,2024-08-02,9303
00892,富邦台灣半導體,300,0,300,華南永昌-高雄,2024-08-02,9303
2303,聯電,296,14,282,華南永昌-高雄,2024-08-02,9303
00687B,國泰20年美債,272,12,260,華南永昌-高雄,2024-08-02,9303
00940,元大台灣價值高息,284,27,257,華南永昌-高雄,2024-08-02,9303
00679B,元大美債20年,254,27,227,華南永昌-高雄,2024-08-02,9303
00919,群益台灣精選高息,229,5,224,華南永昌-高雄,2024-08-02,9303
00878,國泰永續高股息,247,23,224,華南永昌-高雄,2024-08-02,9303
2317,鴻海,219,18,201,華南永昌-高雄,2024-08-02,9303
00929,復華台灣科技優息,214,37,177,華南永昌-高雄,2024-08-02,9303
00946,群益科技高息成長,133,0,133,華南永昌-高雄,2024-08-02,9303
2801,彰銀,132,1,131,華南永昌-高雄,2024-08-02,9303
3481,群創,148,24,124,華南永昌-高雄,2024-08-02,9303
1316,上曜,185,62,123,華南永昌-高雄,2024-08-02,9303
00936,台新永續高息中小,117,0,117,華南永昌-高雄,2024-08-02,9303
2330,台積電,119,13,106,華南永昌-高雄,2024-08-02,9303
3580,友威科,110,9,101,華南永昌-高雄,2024-08-02,9303
1528,恩德,101,4,97,華南永昌-高雄,2024-08-02,9303
00933B,國泰10Y+金融債,94,1,93,華南永昌-高雄,2024-08-02,9303
0056,元大高股息,91,4,87,華南永昌-高雄,2024-08-02,9303
1303,南亞,102,17,85,華南永昌-高雄,2024-08-02,9303
00665L,富邦�琤肭磪囓�2,85,0,85,華南永昌-高雄,2024-08-02,9303
2834,臺企銀,85,1,84,華南永昌-高雄,2024-08-02,9303
2891,中信金,92,13,79,華南永昌-高雄,2024-08-02,9303
6477,安集,82,6,76,華南永昌-高雄,2024-08-02,9303
2867,三商壽,68,1,67,華南永昌-高雄,2024-08-02,9303
1582,信錦,60,0,60,華南永昌-高雄,2024-08-02,9303
2884,玉山金,54,1,53,華南永昌-高雄,2024-08-02,9303
00939,統一台灣高息動能,53,0,53,華南永昌-高雄,2024-08-02,9303
2845,遠東銀,51,0,51,華南永昌-高雄,2024-08-02,9303
2886,兆豐金,51,0,51,華南永昌-高雄,2024-08-02,9303
0050,元大台灣50,46,3,43,華南永昌-高雄,2024-08-02,9303
00882,中信中國高股息,42,1,41,華南永昌-高雄,2024-08-02,9303
2409,友達,42,2,40,華南永昌-高雄,2024-08-02,9303
00923,群益台ESG低碳50,40,0,40,華南永昌-高雄,2024-08-02,9303
3376,新日興,46,7,39,華南永昌-高雄,2024-08-02,9303
1586,和勤,40,1,39,華南永昌-高雄,2024-08-02,9303
5876,上海商銀,38,0,38,華南永昌-高雄,2024-08-02,9303
00881,國泰台灣5G+,41,3,38,華南永昌-高雄,2024-08-02,9303
00891,中信關鍵半導體,42,5,37,華南永昌-高雄,2024-08-02,9303
3037,欣興,58,21,37,華南永昌-高雄,2024-08-02,9303
00932,兆豐永續高息等權,37,1,36,華南永昌-高雄,2024-08-02,9303
2610,華航,38,4,34,華南永昌-高雄,2024-08-02,9303
00949,復華日本龍頭,39,6,33,華南永昌-高雄,2024-08-02,9303
8084,巨虹,33,0,33,華南永昌-高雄,2024-08-02,9303
00927,群益半導體收益,32,0,32,華南永昌-高雄,2024-08-02,9303
1617,榮星,30,0,30,華南永昌-高雄,2024-08-02,9303
911868,同方友友-DR,30,0,30,華南永昌-高雄,2024-08-02,9303
1514,亞力,36,6,30,華南永昌-高雄,2024-08-02,9303
6877,鏵友益,32,3,29,華南永昌-高雄,2024-08-02,9303
00940,元大台灣價值高息,1029,336,693,華南永昌-高雄,2024-08-05,9303
1586,和勤,689,67,622,華南永昌-高雄,2024-08-05,9303
00687B,國泰20年美債,416,104,312,華南永昌-高雄,2024-08-05,9303
00878,國泰永續高股息,324,22,302,華南永昌-高雄,2024-08-05,9303
3481,群創,365,110,255,華南永昌-高雄,2024-08-05,9303
2409,友達,214,3,211,華南永昌-高雄,2024-08-05,9303
2801,彰銀,193,6,187,華南永昌-高雄,2024-08-05,9303
00948B,中信優息投資級債,261,97,164,華南永昌-高雄,2024-08-05,9303
00680L,元大美債20正2,136,2,134,華南永昌-高雄,2024-08-05,9303
00679B,元大美債20年,171,44,127,華南永昌-高雄,2024-08-05,9303
2867,三商壽,126,18,108,華南永昌-高雄,2024-08-05,9303
2317,鴻海,189,86,103,華南永昌-高雄,2024-08-05,9303
1309,台達化,101,0,101,華南永昌-高雄,2024-08-05,9303
2834,臺企銀,112,13,99,華南永昌-高雄,2024-08-05,9303
2365,昆盈,121,23,98,華南永昌-高雄,2024-08-05,9303
2002,中鋼,111,29,82,華南永昌-高雄,2024-08-05,9303
00934,中信成長高股息,94,25,69,華南永昌-高雄,2024-08-05,9303
00715L,期街口布蘭特正2,74,5,69,華南永昌-高雄,2024-08-05,9303
9945,潤泰新,78,14,64,華南永昌-高雄,2024-08-05,9303
1303,南亞,70,5,65,華南永昌-高雄,2024-08-05,9303
2330,台積電,105,44,61,華南永昌-高雄,2024-08-05,9303
00946,群益科技高息成長,101,40,61,華南永昌-高雄,2024-08-05,9303
2352,佳世達,64,5,59,華南永昌-高雄,2024-08-05,9303
8054,安國,57,7,50,華南永昌-高雄,2024-08-05,9303
2880,華南金,204,154,50,華南永昌-高雄,2024-08-05,9303
1528,恩德,54,5,49,華南永昌-高雄,2024-08-05,9303
2408,南亞科,136,93,43,華南永昌-高雄,2024-08-05,9303
0050,元大台灣50,67,24,43,華南永昌-高雄,2024-08-05,9303
00931B,統一美債20年,47,5,42,華南永昌-高雄,2024-08-05,9303
00939,統一台灣高息動能,49,9,40,華南永昌-高雄,2024-08-05,9303
1714,和桐,40,0,40,華南永昌-高雄,2024-08-05,9303
3047,訊舟,50,11,39,華南永昌-高雄,2024-08-05,9303
3038,全台,43,5,38,華南永昌-高雄,2024-08-05,9303
2890,永豐金,37,1,36,華南永昌-高雄,2024-08-05,9303
2303,聯電,120,84,36,華南永昌-高雄,2024-08-05,9303
00688L,國泰20年美債正2,51,15,36,華南永昌-高雄,2024-08-05,9303
00795B,中信美國公債20年,43,8,35,華南永昌-高雄,2024-08-05,9303
6233,旺玖,35,0,35,華南永昌-高雄,2024-08-05,9303
00641R,富邦日本反1,32,0,32,華南永昌-高雄,2024-08-05,9303
2883,凱基金,62,31,31,華南永昌-高雄,2024-08-05,9303
6770,力積電,51,20,31,華南永昌-高雄,2024-08-05,9303
2515,中工,39,9,30,華南永昌-高雄,2024-08-05,9303
2887,台新金,29,0,29,華南永昌-高雄,2024-08-05,9303
00932,兆豐永續高息等權,31,2,29,華南永昌-高雄,2024-08-05,9303
9904,寶成,30,2,28,華南永昌-高雄,2024-08-05,9303
3037,欣興,34,6,28,華南永昌-高雄,2024-08-05,9303
00923,群益台ESG低碳50,27,0,27,華南永昌-高雄,2024-08-05,9303
2313,華通,26,2,24,華南永昌-高雄,2024-08-05,9303
1608,華榮,24,0,24,華南永昌-高雄,2024-08-05,9303
00891,中信關鍵半導體,39,16,23,華南永昌-高雄,2024-08-05,9303
2883,凱基金,356,17,339,華南永昌-高雄,2024-08-06,9303
00940,元大台灣價值高息,342,13,329,華南永昌-高雄,2024-08-06,9303
00632R,元大台灣50反1,266,10,256,華南永昌-高雄,2024-08-06,9303
00676R,富邦臺灣加權反1,274,50,224,華南永昌-高雄,2024-08-06,9303
00937B,群益ESG投等債20,263,73,190,華南永昌-高雄,2024-08-06,9303
1586,和勤,475,288,187,華南永昌-高雄,2024-08-06,9303
00680L,元大美債20正2,249,81,168,華南永昌-高雄,2024-08-06,9303
3481,群創,187,28,159,華南永昌-高雄,2024-08-06,9303
00948B,中信優息投資級債,153,0,153,華南永昌-高雄,2024-08-06,9303
00919,群益台灣精選高息,168,18,150,華南永昌-高雄,2024-08-06,9303
00878,國泰永續高股息,160,39,121,華南永昌-高雄,2024-08-06,9303
00947,台新臺灣IC設計,102,1,101,華南永昌-高雄,2024-08-06,9303
2208,台船,84,0,84,華南永昌-高雄,2024-08-06,9303
00715L,期街口布蘭特正2,90,15,75,華南永昌-高雄,2024-08-06,9303
2882,國泰金,68,6,62,華南永昌-高雄,2024-08-06,9303
2337,旺宏,81,23,58,華南永昌-高雄,2024-08-06,9303
6156,松上,55,0,55,華南永昌-高雄,2024-08-06,9303
4562,穎漢,76,25,51,華南永昌-高雄,2024-08-06,9303
2409,友達,60,9,51,華南永昌-高雄,2024-08-06,9303
8043,蜜望實,57,9,48,華南永昌-高雄,2024-08-06,9303
0056,元大高股息,88,42,46,華南永昌-高雄,2024-08-06,9303
2801,彰銀,51,6,45,華南永昌-高雄,2024-08-06,9303
2867,三商壽,46,5,41,華南永昌-高雄,2024-08-06,9303
6770,力積電,60,24,36,華南永昌-高雄,2024-08-06,9303
2417,圓剛,35,4,31,華南永昌-高雄,2024-08-06,9303
3047,訊舟,32,1,31,華南永昌-高雄,2024-08-06,9303
00929,復華台灣科技優息,121,90,31,華南永昌-高雄,2024-08-06,9303
00936,台新永續高息中小,61,31,30,華南永昌-高雄,2024-08-06,9303
3535,晶彩科,35,5,30,華南永昌-高雄,2024-08-06,9303
00751B,元大AAA至A公司債,31,1,30,華南永昌-高雄,2024-08-06,9303
00637L,元大滬深300正2,32,4,28,華南永昌-高雄,2024-08-06,9303
2317,鴻海,153,126,27,華南永昌-高雄,2024-08-06,9303
2369,菱生,26,0,26,華南永昌-高雄,2024-08-06,9303
2313,華通,53,27,26,華南永昌-高雄,2024-08-06,9303
2845,遠東銀,26,1,25,華南永昌-高雄,2024-08-06,9303
6531,愛普*,29,4,25,華南永昌-高雄,2024-08-06,9303
6443,元晶,31,7,24,華南永昌-高雄,2024-08-06,9303
8131,福懋科,24,0,24,華南永昌-高雄,2024-08-06,9303
2618,長榮航,30,6,24,華南永昌-高雄,2024-08-06,9303
00934,中信成長高股息,25,2,23,華南永昌-高雄,2024-08-06,9303
9934,成霖,26,3,23,華南永昌-高雄,2024-08-06,9303
2897,王道銀行,22,0,22,華南永昌-高雄,2024-08-06,9303
6133,金橋,22,0,22,華南永昌-高雄,2024-08-06,9303
9945,潤泰新,23,2,21,華南永昌-高雄,2024-08-06,9303
4174,浩鼎,21,0,21,華南永昌-高雄,2024-08-06,9303
1314,中石化,24,4,20,華南永昌-高雄,2024-08-06,9303
1463,強盛新,20,0,20,華南永昌-高雄,2024-08-06,9303
5515,建國,20,0,20,華南永昌-高雄,2024-08-06,9303
00731,復華富時高息低波,20,0,20,華南永昌-高雄,2024-08-06,9303
3673,TPK-KY,21,1,20,華南永昌-高雄,2024-08-06,9303
00680L,元大美債20正2,1056,110,946,華南永昌-高雄,2024-08-07,9303
2888,新光金,189,15,174,華南永昌-高雄,2024-08-07,9303
00929,復華台灣科技優息,154,16,138,華南永昌-高雄,2024-08-07,9303
9105,泰金寶-DR,151,21,130,華南永昌-高雄,2024-08-07,9303
2886,兆豐金,129,10,119,華南永昌-高雄,2024-08-07,9303
0056,元大高股息,137,28,109,華南永昌-高雄,2024-08-07,9303
00632R,元大台灣50反1,217,109,108,華南永昌-高雄,2024-08-07,9303
00937B,群益ESG投等債20,137,41,96,華南永昌-高雄,2024-08-07,9303
2880,華南金,101,6,95,華南永昌-高雄,2024-08-07,9303
2317,鴻海,175,90,85,華南永昌-高雄,2024-08-07,9303
2834,臺企銀,79,9,70,華南永昌-高雄,2024-08-07,9303
00665L,富邦�琤肭磪囓�2,65,2,63,華南永昌-高雄,2024-08-07,9303
00878,國泰永續高股息,78,20,58,華南永昌-高雄,2024-08-07,9303
2489,瑞軒,60,3,57,華南永昌-高雄,2024-08-07,9303
1301,台塑,58,5,53,華南永昌-高雄,2024-08-07,9303
00679B,元大美債20年,78,27,51,華南永昌-高雄,2024-08-07,9303
2409,友達,85,39,46,華南永昌-高雄,2024-08-07,9303
00881,國泰台灣5G+,48,3,45,華南永昌-高雄,2024-08-07,9303
00715L,期街口布蘭特正2,44,4,40,華南永昌-高雄,2024-08-07,9303
2882,國泰金,50,10,40,華南永昌-高雄,2024-08-07,9303
1314,中石化,40,3,37,華南永昌-高雄,2024-08-07,9303
6233,旺玖,31,0,31,華南永昌-高雄,2024-08-07,9303
3494,誠研,30,0,30,華南永昌-高雄,2024-08-07,9303
2356,英業達,50,20,30,華南永昌-高雄,2024-08-07,9303
00932,兆豐永續高息等權,28,1,27,華南永昌-高雄,2024-08-07,9303
5519,隆大,32,7,25,華南永昌-高雄,2024-08-07,9303
2538,基泰,27,2,25,華南永昌-高雄,2024-08-07,9303
1447,力鵬,25,0,25,華南永昌-高雄,2024-08-07,9303
00949,復華日本龍頭,30,6,24,華南永昌-高雄,2024-08-07,9303
00676R,富邦臺灣加權反1,22,0,22,華南永昌-高雄,2024-08-07,9303
2362,藍天,21,0,21,華南永昌-高雄,2024-08-07,9303
2312,金寶,26,5,21,華南永昌-高雄,2024-08-07,9303
00919,群益台灣精選高息,40,20,20,華南永昌-高雄,2024-08-07,9303
8936,國統,20,0,20,華南永昌-高雄,2024-08-07,9303
6412,群電,22,2,20,華南永昌-高雄,2024-08-07,9303
6728,上洋,20,0,20,華南永昌-高雄,2024-08-07,9303
5498,凱崴,20,0,20,華南永昌-高雄,2024-08-07,9303
9945,潤泰新,20,0,20,華南永昌-高雄,2024-08-07,9303
2542,興富發,23,3,20,華南永昌-高雄,2024-08-07,9303
5443,均豪,78,59,19,華南永昌-高雄,2024-08-07,9303
2002,中鋼,32,13,19,華南永昌-高雄,2024-08-07,9303
2359,所羅門,30,12,18,華南永昌-高雄,2024-08-07,9303
00713,元大台灣高息低波,19,1,18,華南永昌-高雄,2024-08-07,9303
8213,志超,17,0,17,華南永昌-高雄,2024-08-07,9303
006208,富邦台50,19,2,17,華南永昌-高雄,2024-08-07,9303
2515,中工,18,2,16,華南永昌-高雄,2024-08-07,9303
2337,旺宏,56,40,16,華南永昌-高雄,2024-08-07,9303
00946,群益科技高息成長,16,0,16,華南永昌-高雄,2024-08-07,9303
00918,大華優利高填息30,16,0,16,華南永昌-高雄,2024-08-07,9303
2884,玉山金,16,0,16,華南永昌-高雄,2024-08-07,9303
2892,第一金,227,3,224,華南永昌-高雄,2024-08-08,9303
00679B,元大美債20年,258,40,218,華南永昌-高雄,2024-08-08,9303
00720B,元大投資級公司債,113,0,113,華南永昌-高雄,2024-08-08,9303
2834,臺企銀,97,2,95,華南永昌-高雄,2024-08-08,9303
00929,復華台灣科技優息,119,26,93,華南永昌-高雄,2024-08-08,9303
00878,國泰永續高股息,87,3,84,華南永昌-高雄,2024-08-08,9303
2886,兆豐金,81,6,75,華南永昌-高雄,2024-08-08,9303
2409,友達,65,2,63,華南永昌-高雄,2024-08-08,9303
1314,中石化,53,2,51,華南永昌-高雄,2024-08-08,9303
00940,元大台灣價值高息,67,16,51,華南永昌-高雄,2024-08-08,9303
00900,富邦特選高股息30,49,1,48,華南永昌-高雄,2024-08-08,9303
8043,蜜望實,66,19,47,華南永昌-高雄,2024-08-08,9303
2615,萬海,66,24,42,華南永昌-高雄,2024-08-08,9303
00724B,群益投資級金融債,35,0,35,華南永昌-高雄,2024-08-08,9303
00688L,國泰20年美債正2,35,0,35,華南永昌-高雄,2024-08-08,9303
00919,群益台灣精選高息,35,3,32,華南永昌-高雄,2024-08-08,9303
00935,野村臺灣新科技50,34,2,32,華南永昌-高雄,2024-08-08,9303
4534,慶騰,40,10,30,華南永昌-高雄,2024-08-08,9303
00936,台新永續高息中小,35,5,30,華南永昌-高雄,2024-08-08,9303
5488,松普,30,0,30,華南永昌-高雄,2024-08-08,9303
2888,新光金,29,1,28,華南永昌-高雄,2024-08-08,9303
2610,華航,29,2,27,華南永昌-高雄,2024-08-08,9303
2890,永豐金,31,4,27,華南永昌-高雄,2024-08-08,9303
6603,富強鑫,31,6,25,華南永昌-高雄,2024-08-08,9303
00932,兆豐永續高息等權,23,0,23,華南永昌-高雄,2024-08-08,9303
2392,正崴,22,0,22,華南永昌-高雄,2024-08-08,9303
2330,台積電,27,7,20,華南永昌-高雄,2024-08-08,9303
2485,兆赫,20,0,20,華南永昌-高雄,2024-08-08,9303
00772B,中信高評級公司債,20,0,20,華南永昌-高雄,2024-08-08,9303
2356,英業達,41,21,20,華南永昌-高雄,2024-08-08,9303
4934,太極,20,0,20,華南永昌-高雄,2024-08-08,9303
2324,仁寶,20,0,20,華南永昌-高雄,2024-08-08,9303
6531,愛普*,22,2,20,華南永昌-高雄,2024-08-08,9303
2408,南亞科,30,11,19,華南永昌-高雄,2024-08-08,9303
4513,福裕,24,5,19,華南永昌-高雄,2024-08-08,9303
4562,穎漢,39,20,19,華南永昌-高雄,2024-08-08,9303
00923,群益台ESG低碳50,18,0,18,華南永昌-高雄,2024-08-08,9303
0056,元大高股息,20,2,18,華南永昌-高雄,2024-08-08,9303
00881,國泰台灣5G+,18,0,18,華南永昌-高雄,2024-08-08,9303
8064,東捷,33,15,18,華南永昌-高雄,2024-08-08,9303
00680L,元大美債20正2,17,0,17,華南永昌-高雄,2024-08-08,9303
2382,廣達,31,15,16,華南永昌-高雄,2024-08-08,9303
1301,台塑,17,1,16,華南永昌-高雄,2024-08-08,9303
2609,陽明,22,6,16,華南永昌-高雄,2024-08-08,9303
00915,凱基優選高股息30,15,0,15,華南永昌-高雄,2024-08-08,9303
3231,緯創,47,32,15,華南永昌-高雄,2024-08-08,9303
5443,均豪,68,54,14,華南永昌-高雄,2024-08-08,9303
00951,台新日本半導體,14,0,14,華南永昌-高雄,2024-08-08,9303
00942B,台新美A公司債20+,13,0,13,華南永昌-高雄,2024-08-08,9303
5515,建國,13,0,13,華南永昌-高雄,2024-08-08,9303
9105,泰金寶-DR,492,33,459,華南永昌-高雄,2024-08-09,9303
00632R,元大台灣50反1,461,70,391,華南永昌-高雄,2024-08-09,9303
0056,元大高股息,356,39,317,華南永昌-高雄,2024-08-09,9303
2610,華航,208,6,202,華南永昌-高雄,2024-08-09,9303
00937B,群益ESG投等債20,212,12,200,華南永昌-高雄,2024-08-09,9303
00929,復華台灣科技優息,164,36,128,華南永昌-高雄,2024-08-09,9303
00679B,元大美債20年,146,41,105,華南永昌-高雄,2024-08-09,9303
00706L,期元大S＆P日圓正2,100,0,100,華南永昌-高雄,2024-08-09,9303
00680L,元大美債20正2,106,10,96,華南永昌-高雄,2024-08-09,9303
5351,鈺創,95,3,92,華南永昌-高雄,2024-08-09,9303
00948B,中信優息投資級債,111,32,79,華南永昌-高雄,2024-08-09,9303
9945,潤泰新,106,37,69,華南永昌-高雄,2024-08-09,9303
6156,松上,68,0,68,華南永昌-高雄,2024-08-09,9303
6603,富強鑫,91,24,67,華南永昌-高雄,2024-08-09,9303
00687B,國泰20年美債,73,23,50,華南永昌-高雄,2024-08-09,9303
00949,復華日本龍頭,50,2,48,華南永昌-高雄,2024-08-09,9303
00881,國泰台灣5G+,54,9,45,華南永昌-高雄,2024-08-09,9303
2881,富邦金,51,8,43,華南永昌-高雄,2024-08-09,9303
2317,鴻海,100,62,38,華南永昌-高雄,2024-08-09,9303
8089,康全電訊,40,7,33,華南永昌-高雄,2024-08-09,9303
2316,楠梓電,32,0,32,華南永昌-高雄,2024-08-09,9303
00650L,復華香港正2,30,0,30,華南永昌-高雄,2024-08-09,9303
2886,兆豐金,31,3,28,華南永昌-高雄,2024-08-09,9303
00688L,國泰20年美債正2,28,0,28,華南永昌-高雄,2024-08-09,9303
2356,英業達,37,14,23,華南永昌-高雄,2024-08-09,9303
2515,中工,22,0,22,華南永昌-高雄,2024-08-09,9303
00676R,富邦臺灣加權反1,22,0,22,華南永昌-高雄,2024-08-09,9303
3163,波若威,33,13,20,華南永昌-高雄,2024-08-09,9303
6160,欣技,20,0,20,華南永昌-高雄,2024-08-09,9303
6278,台表科,20,0,20,華南永昌-高雄,2024-08-09,9303
3607,谷崧,20,0,20,華南永昌-高雄,2024-08-09,9303
2392,正崴,28,9,19,華南永昌-高雄,2024-08-09,9303
5355,佳總,19,0,19,華南永昌-高雄,2024-08-09,9303
2467,志聖,21,4,17,華南永昌-高雄,2024-08-09,9303
3189,景碩,22,6,16,華南永昌-高雄,2024-08-09,9303
2353,宏��,19,3,16,華南永昌-高雄,2024-08-09,9303
00918,大華優利高填息30,23,8,15,華南永昌-高雄,2024-08-09,9303
00664R,國泰臺灣加權反1,15,0,15,華南永昌-高雄,2024-08-09,9303
2243,宏旭-KY,28,13,15,華南永昌-高雄,2024-08-09,9303
00919,群益台灣精選高息,36,21,15,華南永昌-高雄,2024-08-09,9303
00946,群益科技高息成長,14,0,14,華南永昌-高雄,2024-08-09,9303
00951,台新日本半導體,14,1,13,華南永昌-高雄,2024-08-09,9303
4174,浩鼎,18,5,13,華南永昌-高雄,2024-08-09,9303
6684,安格,13,0,13,華南永昌-高雄,2024-08-09,9303
4533,協易機,36,23,13,華南永昌-高雄,2024-08-09,9303
00795B,中信美國公債20年,12,0,12,華南永昌-高雄,2024-08-09,9303
3048,益登,26,14,12,華南永昌-高雄,2024-08-09,9303
2892,第一金,14,3,11,華南永昌-高雄,2024-08-09,9303
9955,佳龍,11,0,11,華南永昌-高雄,2024-08-09,9303
3044,健鼎,14,3,11,華南永昌-高雄,2024-08-09,9303
00632R,元大台灣50反1,971,490,481,華南永昌-高雄,2024-08-12,9303
00679B,元大美債20年,219,0,219,華南永昌-高雄,2024-08-12,9303
00680L,元大美債20正2,210,0,210,華南永昌-高雄,2024-08-12,9303
00688L,國泰20年美債正2,193,1,192,華南永昌-高雄,2024-08-12,9303
2888,新光金,262,91,171,華南永昌-高雄,2024-08-12,9303
2337,旺宏,144,10,134,華南永昌-高雄,2024-08-12,9303
00929,復華台灣科技優息,177,47,130,華南永昌-高雄,2024-08-12,9303
2365,昆盈,134,52,82,華南永昌-高雄,2024-08-12,9303
8374,羅昇,114,38,76,華南永昌-高雄,2024-08-12,9303
1528,恩德,71,0,71,華南永昌-高雄,2024-08-12,9303
2880,華南金,126,58,68,華南永昌-高雄,2024-08-12,9303
00878,國泰永續高股息,77,11,66,華南永昌-高雄,2024-08-12,9303
2002,中鋼,61,1,60,華南永昌-高雄,2024-08-12,9303
2812,台中銀,58,0,58,華南永昌-高雄,2024-08-12,9303
2882,國泰金,64,8,56,華南永昌-高雄,2024-08-12,9303
2405,輔信,63,8,55,華南永昌-高雄,2024-08-12,9303
00751B,元大AAA至A公司債,52,0,52,華南永昌-高雄,2024-08-12,9303
2312,金寶,91,40,51,華南永昌-高雄,2024-08-12,9303
5443,均豪,57,9,48,華南永昌-高雄,2024-08-12,9303
1316,上曜,56,9,47,華南永昌-高雄,2024-08-12,9303
00885,富邦越南,51,5,46,華南永昌-高雄,2024-08-12,9303
2891,中信金,39,0,39,華南永昌-高雄,2024-08-12,9303
2429,銘旺科,31,1,30,華南永昌-高雄,2024-08-12,9303
00795B,中信美國公債20年,36,6,30,華南永昌-高雄,2024-08-12,9303
6116,彩晶,25,0,25,華南永昌-高雄,2024-08-12,9303
2313,華通,23,0,23,華南永昌-高雄,2024-08-12,9303
1463,強盛新,23,0,23,華南永昌-高雄,2024-08-12,9303
4973,廣穎,22,0,22,華南永昌-高雄,2024-08-12,9303
00934,中信成長高股息,24,3,21,華南永昌-高雄,2024-08-12,9303
9902,台火,20,0,20,華南永昌-高雄,2024-08-12,9303
2363,矽統,24,4,20,華南永昌-高雄,2024-08-12,9303
5328,華容,20,0,20,華南永昌-高雄,2024-08-12,9303
00857B,永豐20年美公債,20,0,20,華南永昌-高雄,2024-08-12,9303
1309,台達化,20,1,19,華南永昌-高雄,2024-08-12,9303
2610,華航,23,5,18,華南永昌-高雄,2024-08-12,9303
3712,永崴投控,20,4,16,華南永昌-高雄,2024-08-12,9303
1784,訊聯,22,6,16,華南永昌-高雄,2024-08-12,9303
2359,所羅門,55,40,15,華南永昌-高雄,2024-08-12,9303
2881,富邦金,15,1,14,華南永昌-高雄,2024-08-12,9303
00900,富邦特選高股息30,14,0,14,華南永昌-高雄,2024-08-12,9303
2885,元大金,12,0,12,華南永昌-高雄,2024-08-12,9303
1714,和桐,12,0,12,華南永昌-高雄,2024-08-12,9303
00915,凱基優選高股息30,12,0,12,華南永昌-高雄,2024-08-12,9303
2243,宏旭-KY,12,0,12,華南永昌-高雄,2024-08-12,9303
3167,大量,15,3,12,華南永昌-高雄,2024-08-12,9303
6788,華景電,13,1,12,華南永昌-高雄,2024-08-12,9303
1560,中砂,12,0,12,華南永昌-高雄,2024-08-12,9303
1304,台聚,12,0,12,華南永昌-高雄,2024-08-12,9303
00919,群益台灣精選高息,29,18,11,華南永昌-高雄,2024-08-12,9303
1314,中石化,11,0,11,華南永昌-高雄,2024-08-12,9303
2880,華南金,455,45,410,華南永昌-高雄,2024-08-13,9303
00632R,元大台灣50反1,160,2,158,華南永昌-高雄,2024-08-13,9303
6838,台新藥,105,4,101,華南永昌-高雄,2024-08-13,9303
00937B,群益ESG投等債20,70,1,69,華南永昌-高雄,2024-08-13,9303
00929,復華台灣科技優息,81,16,65,華南永昌-高雄,2024-08-13,9303
4113,聯上,66,1,65,華南永昌-高雄,2024-08-13,9303
2615,萬海,148,94,54,華南永昌-高雄,2024-08-13,9303
2002,中鋼,88,35,53,華南永昌-高雄,2024-08-13,9303
2884,玉山金,51,0,51,華南永昌-高雄,2024-08-13,9303
00940,元大台灣價值高息,50,1,49,華南永昌-高雄,2024-08-13,9303
00878,國泰永續高股息,46,1,45,華南永昌-高雄,2024-08-13,9303
00680L,元大美債20正2,50,6,44,華南永昌-高雄,2024-08-13,9303
2609,陽明,46,7,39,華南永昌-高雄,2024-08-13,9303
3037,欣興,47,10,37,華南永昌-高雄,2024-08-13,9303
2812,台中銀,36,1,35,華南永昌-高雄,2024-08-13,9303
00688L,國泰20年美債正2,135,100,35,華南永昌-高雄,2024-08-13,9303
2362,藍天,40,6,34,華南永昌-高雄,2024-08-13,9303
00900,富邦特選高股息30,33,0,33,華南永昌-高雄,2024-08-13,9303
00712,復華富時不動產,31,0,31,華南永昌-高雄,2024-08-13,9303
3715,定穎投控,42,12,30,華南永昌-高雄,2024-08-13,9303
5488,松普,35,5,30,華南永昌-高雄,2024-08-13,9303
2801,彰銀,31,2,29,華南永昌-高雄,2024-08-13,9303
00948B,中信優息投資級債,28,0,28,華南永昌-高雄,2024-08-13,9303
2312,金寶,56,29,27,華南永昌-高雄,2024-08-13,9303
8249,菱光,27,0,27,華南永昌-高雄,2024-08-13,9303
3019,亞光,118,91,27,華南永昌-高雄,2024-08-13,9303
8374,羅昇,39,13,26,華南永昌-高雄,2024-08-13,9303
5328,華容,31,5,26,華南永昌-高雄,2024-08-13,9303
00881,國泰台灣5G+,23,0,23,華南永昌-高雄,2024-08-13,9303
9105,泰金寶-DR,193,170,23,華南永昌-高雄,2024-08-13,9303
3049,精金,23,0,23,華南永昌-高雄,2024-08-13,9303
5236,凌陽創新,30,7,23,華南永昌-高雄,2024-08-13,9303
00664R,國泰臺灣加權反1,23,0,23,華南永昌-高雄,2024-08-13,9303
6505,台塑化,22,0,22,華南永昌-高雄,2024-08-13,9303
3189,景碩,25,4,21,華南永昌-高雄,2024-08-13,9303
00673R,期元大S＆P原油反1,31,10,21,華南永昌-高雄,2024-08-13,9303
1513,中興電,39,18,21,華南永昌-高雄,2024-08-13,9303
00650L,復華香港正2,50,30,20,華南永昌-高雄,2024-08-13,9303
3062,建漢,48,29,19,華南永昌-高雄,2024-08-13,9303
2243,宏旭-KY,22,3,19,華南永昌-高雄,2024-08-13,9303
6442,光聖,21,3,18,華南永昌-高雄,2024-08-13,9303
3522,御嵿,29,11,18,華南永昌-高雄,2024-08-13,9303
1540,喬福,24,7,17,華南永昌-高雄,2024-08-13,9303
6142,友勁,17,0,17,華南永昌-高雄,2024-08-13,9303
2610,華航,19,2,17,華南永昌-高雄,2024-08-13,9303
1301,台塑,16,1,15,華南永昌-高雄,2024-08-13,9303
00679B,元大美債20年,31,16,15,華南永昌-高雄,2024-08-13,9303
4109,加捷生醫,15,0,15,華南永昌-高雄,2024-08-13,9303
3583,辛耘,17,2,15,華南永昌-高雄,2024-08-13,9303
2886,兆豐金,17,2,15,華南永昌-高雄,2024-08-13,9303
00878,國泰永續高股息,460,31,429,華南永昌-高雄,2024-08-14,9303
00919,群益台灣精選高息,205,4,201,華南永昌-高雄,2024-08-14,9303
00680L,元大美債20正2,202,12,190,華南永昌-高雄,2024-08-14,9303
3481,群創,266,82,184,華南永昌-高雄,2024-08-14,9303
4113,聯上,133,8,125,華南永昌-高雄,2024-08-14,9303
00687B,國泰20年美債,106,12,94,華南永昌-高雄,2024-08-14,9303
2801,彰銀,82,13,69,華南永昌-高雄,2024-08-14,9303
1101,台泥,58,3,55,華南永昌-高雄,2024-08-14,9303
00679B,元大美債20年,63,12,51,華南永昌-高雄,2024-08-14,9303
1303,南亞,54,3,51,華南永昌-高雄,2024-08-14,9303
1582,信錦,54,6,48,華南永昌-高雄,2024-08-14,9303
0056,元大高股息,51,11,40,華南永昌-高雄,2024-08-14,9303
2312,金寶,51,13,38,華南永昌-高雄,2024-08-14,9303
6968,萬達寵物,37,1,36,華南永昌-高雄,2024-08-14,9303
00688L,國泰20年美債正2,66,31,35,華南永昌-高雄,2024-08-14,9303
00795B,中信美國公債20年,35,0,35,華南永昌-高雄,2024-08-14,9303
8150,南茂,34,0,34,華南永昌-高雄,2024-08-14,9303
2313,華通,38,5,33,華南永昌-高雄,2024-08-14,9303
8096,擎亞,67,34,33,華南永昌-高雄,2024-08-14,9303
3372,典範,33,1,32,華南永昌-高雄,2024-08-14,9303
2109,華豐,33,3,30,華南永昌-高雄,2024-08-14,9303
00697B,元大美債7-10,30,0,30,華南永昌-高雄,2024-08-14,9303
2891,中信金,61,33,28,華南永昌-高雄,2024-08-14,9303
2603,長榮,55,31,24,華南永昌-高雄,2024-08-14,9303
2365,昆盈,172,149,23,華南永昌-高雄,2024-08-14,9303
00712,復華富時不動產,22,0,22,華南永昌-高雄,2024-08-14,9303
3047,訊舟,35,14,21,華南永昌-高雄,2024-08-14,9303
3712,永崴投控,21,0,21,華南永昌-高雄,2024-08-14,9303
3013,晟銘電,51,32,19,華南永昌-高雄,2024-08-14,9303
2915,潤泰全,35,16,19,華南永昌-高雄,2024-08-14,9303
8131,福懋科,20,1,19,華南永昌-高雄,2024-08-14,9303
2482,連宇,20,1,19,華南永昌-高雄,2024-08-14,9303
4526,東台,21,5,16,華南永昌-高雄,2024-08-14,9303
2610,華航,17,1,16,華南永昌-高雄,2024-08-14,9303
00676R,富邦臺灣加權反1,16,0,16,華南永昌-高雄,2024-08-14,9303
00931B,統一美債20年,15,0,15,華南永昌-高雄,2024-08-14,9303
1584,精剛,20,5,15,華南永昌-高雄,2024-08-14,9303
6418,詠昇,15,0,15,華南永昌-高雄,2024-08-14,9303
2201,裕隆,15,0,15,華南永昌-高雄,2024-08-14,9303
2880,華南金,33,18,15,華南永昌-高雄,2024-08-14,9303
00905,FT臺灣Smart,16,2,14,華南永昌-高雄,2024-08-14,9303
00900,富邦特選高股息30,24,10,14,華南永昌-高雄,2024-08-14,9303
4958,臻鼎-KY,15,2,13,華南永昌-高雄,2024-08-14,9303
3048,益登,26,13,13,華南永昌-高雄,2024-08-14,9303
3231,緯創,30,17,13,華南永昌-高雄,2024-08-14,9303
00923,群益台ESG低碳50,14,1,13,華南永昌-高雄,2024-08-14,9303
6026,福邦證,12,0,12,華南永昌-高雄,2024-08-14,9303
6446,藥華藥,23,11,12,華南永昌-高雄,2024-08-14,9303
3312,弘憶股,19,8,11,華南永昌-高雄,2024-08-14,9303
2501,國建,13,2,11,華南永昌-高雄,2024-08-14,9303
00679B,元大美債20年,186,18,168,華南永昌-高雄,2024-08-15,9303
00687B,國泰20年美債,171,4,167,華南永昌-高雄,2024-08-15,9303
00900,富邦特選高股息30,142,0,142,華南永昌-高雄,2024-08-15,9303
8374,羅昇,149,47,102,華南永昌-高雄,2024-08-15,9303
00676R,富邦臺灣加權反1,100,0,100,華南永昌-高雄,2024-08-15,9303
1309,台達化,87,0,87,華南永昌-高雄,2024-08-15,9303
2880,華南金,87,7,80,華南永昌-高雄,2024-08-15,9303
2801,彰銀,81,3,78,華南永昌-高雄,2024-08-15,9303
00795B,中信美國公債20年,73,0,73,華南永昌-高雄,2024-08-15,9303
1303,南亞,65,0,65,華南永昌-高雄,2024-08-15,9303
2002,中鋼,59,6,53,華南永昌-高雄,2024-08-15,9303
00878,國泰永續高股息,90,37,53,華南永昌-高雄,2024-08-15,9303
00940,元大台灣價值高息,64,19,45,華南永昌-高雄,2024-08-15,9303
4513,福裕,47,2,45,華南永昌-高雄,2024-08-15,9303
2317,鴻海,78,33,45,華南永昌-高雄,2024-08-15,9303
3645,達邁,46,3,43,華南永昌-高雄,2024-08-15,9303
3522,御嵿,50,15,35,華南永昌-高雄,2024-08-15,9303
2812,台中銀,47,14,33,華南永昌-高雄,2024-08-15,9303
2356,英業達,29,2,27,華南永昌-高雄,2024-08-15,9303
2365,昆盈,59,33,26,華南永昌-高雄,2024-08-15,9303
3033,威健,26,0,26,華南永昌-高雄,2024-08-15,9303
2429,銘旺科,25,0,25,華南永昌-高雄,2024-08-15,9303
00881,國泰台灣5G+,43,18,25,華南永昌-高雄,2024-08-15,9303
3673,TPK-KY,26,3,23,華南永昌-高雄,2024-08-15,9303
5351,鈺創,26,3,23,華南永昌-高雄,2024-08-15,9303
00936,台新永續高息中小,21,0,21,華南永昌-高雄,2024-08-15,9303
6278,台表科,21,0,21,華南永昌-高雄,2024-08-15,9303
6133,金橋,20,0,20,華南永昌-高雄,2024-08-15,9303
9906,欣巴巴,22,5,17,華南永昌-高雄,2024-08-15,9303
00929,復華台灣科技優息,37,20,17,華南永昌-高雄,2024-08-15,9303
00891,中信關鍵半導體,17,0,17,華南永昌-高雄,2024-08-15,9303
4540,全球傳動,25,8,17,華南永昌-高雄,2024-08-15,9303
2892,第一金,16,0,16,華南永昌-高雄,2024-08-15,9303
2886,兆豐金,16,0,16,華南永昌-高雄,2024-08-15,9303
4555,氣立,16,0,16,華南永昌-高雄,2024-08-15,9303
4104,佳醫,15,0,15,華南永昌-高雄,2024-08-15,9303
1536,和大,18,3,15,華南永昌-高雄,2024-08-15,9303
4306,炎洲,15,1,14,華南永昌-高雄,2024-08-15,9303
00915,凱基優選高股息30,16,2,14,華南永昌-高雄,2024-08-15,9303
00896,中信綠能及電動車,13,0,13,華南永昌-高雄,2024-08-15,9303
1307,三芳,13,0,13,華南永昌-高雄,2024-08-15,9303
1301,台塑,14,2,12,華南永昌-高雄,2024-08-15,9303
1514,亞力,14,2,12,華南永昌-高雄,2024-08-15,9303
00713,元大台灣高息低波,14,2,12,華南永昌-高雄,2024-08-15,9303
2061,風青,12,0,12,華南永昌-高雄,2024-08-15,9303
6695,芯鼎,13,1,12,華南永昌-高雄,2024-08-15,9303
3017,奇鋐,12,1,11,華南永昌-高雄,2024-08-15,9303
2489,瑞軒,38,27,11,華南永昌-高雄,2024-08-15,9303
5452,佶優,12,1,11,華南永昌-高雄,2024-08-15,9303
6719,力智,10,0,10,華南永昌-高雄,2024-08-15,9303
00687B,國泰20年美債,233,14,219,華南永昌-高雄,2024-08-16,9303
2886,兆豐金,203,1,202,華南永昌-高雄,2024-08-16,9303
00878,國泰永續高股息,155,5,150,華南永昌-高雄,2024-08-16,9303
2002,中鋼,104,2,102,華南永昌-高雄,2024-08-16,9303
00688L,國泰20年美債正2,99,0,99,華南永昌-高雄,2024-08-16,9303
00931B,統一美債20年,92,0,92,華南永昌-高雄,2024-08-16,9303
00900,富邦特選高股息30,85,6,79,華南永昌-高雄,2024-08-16,9303
2489,瑞軒,82,13,69,華南永昌-高雄,2024-08-16,9303
2880,華南金,73,6,67,華南永昌-高雄,2024-08-16,9303
00680L,元大美債20正2,87,25,62,華南永昌-高雄,2024-08-16,9303
00924,復華S＆P500成長,60,0,60,華南永昌-高雄,2024-08-16,9303
2548,華固,65,7,58,華南永昌-高雄,2024-08-16,9303
00940,元大台灣價值高息,179,124,55,華南永昌-高雄,2024-08-16,9303
2406,國碩,62,9,53,華南永昌-高雄,2024-08-16,9303
2913,農林,49,5,44,華南永昌-高雄,2024-08-16,9303
2324,仁寶,41,0,41,華南永昌-高雄,2024-08-16,9303
2312,金寶,143,104,39,華南永昌-高雄,2024-08-16,9303
1611,中電,41,3,38,華南永昌-高雄,2024-08-16,9303
3289,宜特,32,1,31,華南永昌-高雄,2024-08-16,9303
8374,羅昇,55,25,30,華南永昌-高雄,2024-08-16,9303
8096,擎亞,54,24,30,華南永昌-高雄,2024-08-16,9303
1582,信錦,28,0,28,華南永昌-高雄,2024-08-16,9303
4561,健椿,46,18,28,華南永昌-高雄,2024-08-16,9303
9105,泰金寶-DR,32,5,27,華南永昌-高雄,2024-08-16,9303
00932,兆豐永續高息等權,26,0,26,華南永昌-高雄,2024-08-16,9303
00632R,元大台灣50反1,125,101,24,華南永昌-高雄,2024-08-16,9303
2363,矽統,37,14,23,華南永昌-高雄,2024-08-16,9303
6133,金橋,23,0,23,華南永昌-高雄,2024-08-16,9303
2838,聯邦銀,23,0,23,華南永昌-高雄,2024-08-16,9303
2417,圓剛,22,0,22,華南永昌-高雄,2024-08-16,9303
00946,群益科技高息成長,29,8,21,華南永昌-高雄,2024-08-16,9303
3048,益登,24,4,20,華南永昌-高雄,2024-08-16,9303
00673R,期元大S＆P原油反1,20,0,20,華南永昌-高雄,2024-08-16,9303
4960,誠美材,20,0,20,華南永昌-高雄,2024-08-16,9303
2323,中環,21,1,20,華南永昌-高雄,2024-08-16,9303
3231,緯創,35,17,18,華南永昌-高雄,2024-08-16,9303
1609,大亞,26,8,18,華南永昌-高雄,2024-08-16,9303
6187,萬潤,43,25,18,華南永昌-高雄,2024-08-16,9303
00933B,國泰10Y+金融債,17,0,17,華南永昌-高雄,2024-08-16,9303
2364,倫飛,19,2,17,華南永昌-高雄,2024-08-16,9303
2061,風青,17,0,17,華南永昌-高雄,2024-08-16,9303
5309,系統電,22,5,17,華南永昌-高雄,2024-08-16,9303
00676R,富邦臺灣加權反1,16,0,16,華南永昌-高雄,2024-08-16,9303
6517,保勝光學,16,0,16,華南永昌-高雄,2024-08-16,9303
4533,協易機,16,0,16,華南永昌-高雄,2024-08-16,9303
00951,台新日本半導體,15,0,15,華南永昌-高雄,2024-08-16,9303
3712,永崴投控,15,1,14,華南永昌-高雄,2024-08-16,9303
911868,同方友友-DR,14,0,14,華南永昌-高雄,2024-08-16,9303
3580,友威科,29,15,14,華南永昌-高雄,2024-08-16,9303
00923,群益台ESG低碳50,14,1,13,華南永昌-高雄,2024-08-16,9303
2905,三商,1397,0,1397,華南永昌-高雄,2024-08-19,9303
00929,復華台灣科技優息,187,26,161,華南永昌-高雄,2024-08-19,9303
00687B,國泰20年美債,126,3,123,華南永昌-高雄,2024-08-19,9303
00715L,期街口布蘭特正2,77,3,74,華南永昌-高雄,2024-08-19,9303
2208,台船,63,1,62,華南永昌-高雄,2024-08-19,9303
5512,力麒,64,3,61,華南永昌-高雄,2024-08-19,9303
2405,輔信,61,6,55,華南永昌-高雄,2024-08-19,9303
1808,潤隆,55,1,54,華南永昌-高雄,2024-08-19,9303
00751B,元大AAA至A公司債,46,4,42,華南永昌-高雄,2024-08-19,9303
2002,中鋼,50,8,42,華南永昌-高雄,2024-08-19,9303
2374,佳能,61,22,39,華南永昌-高雄,2024-08-19,9303
3686,達能,36,0,36,華南永昌-高雄,2024-08-19,9303
2890,永豐金,39,3,36,華南永昌-高雄,2024-08-19,9303
2610,華航,36,1,35,華南永昌-高雄,2024-08-19,9303
00795B,中信美國公債20年,36,2,34,華南永昌-高雄,2024-08-19,9303
3047,訊舟,62,31,31,華南永昌-高雄,2024-08-19,9303
2363,矽統,33,5,28,華南永昌-高雄,2024-08-19,9303
8064,東捷,106,78,28,華南永昌-高雄,2024-08-19,9303
3312,弘憶股,72,45,27,華南永昌-高雄,2024-08-19,9303
9902,台火,32,5,27,華南永昌-高雄,2024-08-19,9303
1582,信錦,24,0,24,華南永昌-高雄,2024-08-19,9303
3231,緯創,27,5,22,華南永昌-高雄,2024-08-19,9303
3522,御嵿,26,7,19,華南永昌-高雄,2024-08-19,9303
1609,大亞,23,4,19,華南永昌-高雄,2024-08-19,9303
00942B,台新美A公司債20+,19,0,19,華南永昌-高雄,2024-08-19,9303
00933B,國泰10Y+金融債,19,1,18,華南永昌-高雄,2024-08-19,9303
8028,昇陽半導體,60,43,17,華南永昌-高雄,2024-08-19,9303
4549,桓達,18,1,17,華南永昌-高雄,2024-08-19,9303
3037,欣興,16,0,16,華南永昌-高雄,2024-08-19,9303
4766,南寶,16,0,16,華南永昌-高雄,2024-08-19,9303
2889,國票金,17,2,15,華南永昌-高雄,2024-08-19,9303
00919,群益台灣精選高息,30,15,15,華南永昌-高雄,2024-08-19,9303
6125,廣運,31,18,13,華南永昌-高雄,2024-08-19,9303
00949,復華日本龍頭,15,2,13,華南永昌-高雄,2024-08-19,9303
00881,國泰台灣5G+,14,2,12,華南永昌-高雄,2024-08-19,9303
5371,中光電,14,2,12,華南永昌-高雄,2024-08-19,9303
2356,英業達,13,1,12,華南永昌-高雄,2024-08-19,9303
8021,尖點,14,2,12,華南永昌-高雄,2024-08-19,9303
6218,豪勉,12,0,12,華南永昌-高雄,2024-08-19,9303
4562,穎漢,56,44,12,華南永昌-高雄,2024-08-19,9303
1303,南亞,12,0,12,華南永昌-高雄,2024-08-19,9303
5443,均豪,39,27,12,華南永昌-高雄,2024-08-19,9303
1301,台塑,15,4,11,華南永昌-高雄,2024-08-19,9303
2615,萬海,40,29,11,華南永昌-高雄,2024-08-19,9303
00945B,凱基美國非投等債,11,0,11,華南永昌-高雄,2024-08-19,9303
8440,綠電,19,8,11,華南永昌-高雄,2024-08-19,9303
2812,台中銀,16,5,11,華南永昌-高雄,2024-08-19,9303
2017,官田鋼,11,0,11,華南永昌-高雄,2024-08-19,9303
2409,友達,10,0,10,華南永昌-高雄,2024-08-19,9303
00927,群益半導體收益,45,35,10,華南永昌-高雄,2024-08-19,9303
00937B,群益ESG投等債20,246,23,223,華南永昌-高雄,2024-08-20,9303
00940,元大台灣價值高息,234,17,217,華南永昌-高雄,2024-08-20,9303
2905,三商,204,0,204,華南永昌-高雄,2024-08-20,9303
00878,國泰永續高股息,165,16,149,華南永昌-高雄,2024-08-20,9303
00632R,元大台灣50反1,110,0,110,華南永昌-高雄,2024-08-20,9303
00688L,國泰20年美債正2,113,5,108,華南永昌-高雄,2024-08-20,9303
00706L,期元大S＆P日圓正2,100,0,100,華南永昌-高雄,2024-08-20,9303
2609,陽明,104,24,80,華南永昌-高雄,2024-08-20,9303
2002,中鋼,81,5,76,華南永昌-高雄,2024-08-20,9303
1303,南亞,71,1,70,華南永昌-高雄,2024-08-20,9303
5222,全訊,65,0,65,華南永昌-高雄,2024-08-20,9303
00795B,中信美國公債20年,59,0,59,華南永昌-高雄,2024-08-20,9303
8028,昇陽半導體,119,68,51,華南永昌-高雄,2024-08-20,9303
2365,昆盈,91,41,50,華南永昌-高雄,2024-08-20,9303
2317,鴻海,70,26,44,華南永昌-高雄,2024-08-20,9303
00680L,元大美債20正2,44,0,44,華南永昌-高雄,2024-08-20,9303
1301,台塑,55,12,43,華南永昌-高雄,2024-08-20,9303
00679B,元大美債20年,43,2,41,華南永昌-高雄,2024-08-20,9303
4402,郡都開發,42,1,41,華南永昌-高雄,2024-08-20,9303
00665L,富邦�琤肭磪囓�2,44,4,40,華南永昌-高雄,2024-08-20,9303
00715L,期街口布蘭特正2,84,47,37,華南永昌-高雄,2024-08-20,9303
00929,復華台灣科技優息,48,13,35,華南永昌-高雄,2024-08-20,9303
00945B,凱基美國非投等債,35,0,35,華南永昌-高雄,2024-08-20,9303
00882,中信中國高股息,42,11,31,華南永昌-高雄,2024-08-20,9303
2356,英業達,47,19,28,華南永昌-高雄,2024-08-20,9303
2890,永豐金,30,5,25,華南永昌-高雄,2024-08-20,9303
00751B,元大AAA至A公司債,25,0,25,華南永昌-高雄,2024-08-20,9303
00687B,國泰20年美債,80,57,23,華南永昌-高雄,2024-08-20,9303
9945,潤泰新,22,0,22,華南永昌-高雄,2024-08-20,9303
3066,李洲,22,0,22,華南永昌-高雄,2024-08-20,9303
4563,百德,25,4,21,華南永昌-高雄,2024-08-20,9303
00919,群益台灣精選高息,34,13,21,華南永昌-高雄,2024-08-20,9303
00950B,凱基A級公司債,20,0,20,華南永昌-高雄,2024-08-20,9303
2208,台船,20,1,19,華南永昌-高雄,2024-08-20,9303
3047,訊舟,95,76,19,華南永昌-高雄,2024-08-20,9303
00955,中信日本商社,30,12,18,華南永昌-高雄,2024-08-20,9303
00676R,富邦臺灣加權反1,18,0,18,華南永昌-高雄,2024-08-20,9303
8105,凌巨,19,1,18,華南永昌-高雄,2024-08-20,9303
4561,健椿,27,10,17,華南永昌-高雄,2024-08-20,9303
00650L,復華香港正2,17,0,17,華南永昌-高雄,2024-08-20,9303
2359,所羅門,54,38,16,華南永昌-高雄,2024-08-20,9303
00948B,中信優息投資級債,15,0,15,華南永昌-高雄,2024-08-20,9303
2486,一詮,16,1,15,華南永昌-高雄,2024-08-20,9303
5443,均豪,82,67,15,華南永昌-高雄,2024-08-20,9303
6133,金橋,20,5,15,華南永昌-高雄,2024-08-20,9303
1582,信錦,15,1,14,華南永昌-高雄,2024-08-20,9303
1785,光洋科,61,47,14,華南永昌-高雄,2024-08-20,9303
4113,聯上,13,0,13,華南永昌-高雄,2024-08-20,9303
2027,大成鋼,15,3,12,華南永昌-高雄,2024-08-20,9303
00642U,期元大S＆P石油,12,0,12,華南永昌-高雄,2024-08-20,9303
9105,泰金寶-DR,514,45,469,華南永昌-高雄,2024-08-21,9303
2891,中信金,299,46,253,華南永昌-高雄,2024-08-21,9303
2610,華航,219,4,215,華南永昌-高雄,2024-08-21,9303
00687B,國泰20年美債,199,3,196,華南永昌-高雄,2024-08-21,9303
2888,新光金,638,470,168,華南永昌-高雄,2024-08-21,9303
00688L,國泰20年美債正2,125,12,113,華南永昌-高雄,2024-08-21,9303
6233,旺玖,94,0,94,華南永昌-高雄,2024-08-21,9303
00715L,期街口布蘭特正2,77,1,76,華南永昌-高雄,2024-08-21,9303
00919,群益台灣精選高息,81,5,76,華南永昌-高雄,2024-08-21,9303
2880,華南金,76,1,75,華南永昌-高雄,2024-08-21,9303
00665L,富邦�琤肭磪囓�2,72,1,71,華南永昌-高雄,2024-08-21,9303
5443,均豪,137,67,70,華南永昌-高雄,2024-08-21,9303
3047,訊舟,279,217,62,華南永昌-高雄,2024-08-21,9303
2890,永豐金,54,0,54,華南永昌-高雄,2024-08-21,9303
00915,凱基優選高股息30,45,0,45,華南永昌-高雄,2024-08-21,9303
2317,鴻海,63,19,44,華南永昌-高雄,2024-08-21,9303
2905,三商,42,0,42,華南永昌-高雄,2024-08-21,9303
8054,安國,48,9,39,華南永昌-高雄,2024-08-21,9303
5905,南仁湖,68,30,38,華南永昌-高雄,2024-08-21,9303
00878,國泰永續高股息,48,13,35,華南永昌-高雄,2024-08-21,9303
00929,復華台灣科技優息,81,46,35,華南永昌-高雄,2024-08-21,9303
2365,昆盈,51,18,33,華南永昌-高雄,2024-08-21,9303
3518,柏騰,41,10,31,華南永昌-高雄,2024-08-21,9303
2364,倫飛,35,5,30,華南永昌-高雄,2024-08-21,9303
3037,欣興,32,3,29,華南永昌-高雄,2024-08-21,9303
2313,華通,28,1,27,華南永昌-高雄,2024-08-21,9303
8064,東捷,61,34,27,華南永昌-高雄,2024-08-21,9303
2362,藍天,28,3,25,華南永昌-高雄,2024-08-21,9303
0050,元大台灣50,28,7,21,華南永昌-高雄,2024-08-21,9303
2359,所羅門,28,7,21,華南永昌-高雄,2024-08-21,9303
3052,夆典,20,0,20,華南永昌-高雄,2024-08-21,9303
00720B,元大投資級公司債,20,0,20,華南永昌-高雄,2024-08-21,9303
00751B,元大AAA至A公司債,20,0,20,華南永昌-高雄,2024-08-21,9303
00881,國泰台灣5G+,19,0,19,華南永昌-高雄,2024-08-21,9303
00679B,元大美債20年,24,5,19,華南永昌-高雄,2024-08-21,9303
8103,瀚荃,46,27,19,華南永昌-高雄,2024-08-21,9303
0056,元大高股息,18,0,18,華南永昌-高雄,2024-08-21,9303
00712,復華富時不動產,23,5,18,華南永昌-高雄,2024-08-21,9303
8089,康全電訊,23,6,17,華南永昌-高雄,2024-08-21,9303
2356,英業達,18,1,17,華南永昌-高雄,2024-08-21,9303
00713,元大台灣高息低波,17,0,17,華南永昌-高雄,2024-08-21,9303
9945,潤泰新,17,0,17,華南永昌-高雄,2024-08-21,9303
2915,潤泰全,15,0,15,華南永昌-高雄,2024-08-21,9303
6869,雲豹能源,44,30,14,華南永昌-高雄,2024-08-21,9303
00931B,統一美債20年,15,1,14,華南永昌-高雄,2024-08-21,9303
2312,金寶,26,12,14,華南永昌-高雄,2024-08-21,9303
2542,興富發,30,16,14,華南永昌-高雄,2024-08-21,9303
1409,新纖,51,38,13,華南永昌-高雄,2024-08-21,9303
3062,建漢,17,4,13,華南永昌-高雄,2024-08-21,9303
00907,永豐優息存股,13,0,13,華南永昌-高雄,2024-08-21,9303
00687B,國泰20年美債,187,1,186,華南永昌-高雄,2024-08-22,9303
00715L,期街口布蘭特正2,112,2,110,華南永昌-高雄,2024-08-22,9303
1316,上曜,114,6,108,華南永昌-高雄,2024-08-22,9303
2609,陽明,105,5,100,華南永昌-高雄,2024-08-22,9303
00915,凱基優選高股息30,96,0,96,華南永昌-高雄,2024-08-22,9303
2890,永豐金,95,0,95,華南永昌-高雄,2024-08-22,9303
9105,泰金寶-DR,97,2,95,華南永昌-高雄,2024-08-22,9303
2349,錸德,186,92,94,華南永昌-高雄,2024-08-22,9303
00688L,國泰20年美債正2,92,0,92,華南永昌-高雄,2024-08-22,9303
00937B,群益ESG投等債20,86,0,86,華南永昌-高雄,2024-08-22,9303
1584,精剛,71,4,67,華南永昌-高雄,2024-08-22,9303
00929,復華台灣科技優息,75,10,65,華南永昌-高雄,2024-08-22,9303
3167,大量,72,7,65,華南永昌-高雄,2024-08-22,9303
6235,華孚,72,10,62,華南永昌-高雄,2024-08-22,9303
00632R,元大台灣50反1,60,0,60,華南永昌-高雄,2024-08-22,9303
0050,元大台灣50,64,5,59,華南永昌-高雄,2024-08-22,9303
2891,中信金,103,50,53,華南永昌-高雄,2024-08-22,9303
00795B,中信美國公債20年,55,3,52,華南永昌-高雄,2024-08-22,9303
2317,鴻海,72,25,47,華南永昌-高雄,2024-08-22,9303
1609,大亞,67,24,43,華南永昌-高雄,2024-08-22,9303
1615,大山,37,0,37,華南永昌-高雄,2024-08-22,9303
1710,東聯,40,5,35,華南永昌-高雄,2024-08-22,9303
3028,增你強,35,0,35,華南永昌-高雄,2024-08-22,9303
8096,擎亞,68,36,32,華南永昌-高雄,2024-08-22,9303
1582,信錦,25,0,25,華南永昌-高雄,2024-08-22,9303
6877,鏵友益,25,0,25,華南永昌-高雄,2024-08-22,9303
5371,中光電,42,18,24,華南永昌-高雄,2024-08-22,9303
00940,元大台灣價值高息,31,7,24,華南永昌-高雄,2024-08-22,9303
2880,華南金,25,2,23,華南永昌-高雄,2024-08-22,9303
2417,圓剛,23,0,23,華南永昌-高雄,2024-08-22,9303
00756B,群益投等新興公債,20,0,20,華南永昌-高雄,2024-08-22,9303
3066,李洲,20,0,20,華南永昌-高雄,2024-08-22,9303
3652,精聯,22,2,20,華南永昌-高雄,2024-08-22,9303
00919,群益台灣精選高息,21,3,18,華南永昌-高雄,2024-08-22,9303
2382,廣達,22,4,18,華南永昌-高雄,2024-08-22,9303
3049,精金,21,4,17,華南永昌-高雄,2024-08-22,9303
1323,永裕,17,0,17,華南永昌-高雄,2024-08-22,9303
00953B,群益優選非投等債,15,0,15,華南永昌-高雄,2024-08-22,9303
3303,岱稜,20,5,15,華南永昌-高雄,2024-08-22,9303
1785,光洋科,29,15,14,華南永昌-高雄,2024-08-22,9303
3019,亞光,29,15,14,華南永昌-高雄,2024-08-22,9303
6116,彩晶,20,6,14,華南永昌-高雄,2024-08-22,9303
3325,旭品,14,0,14,華南永昌-高雄,2024-08-22,9303
2618,長榮航,14,0,14,華南永昌-高雄,2024-08-22,9303
2472,立隆電,13,0,13,華南永昌-高雄,2024-08-22,9303
1513,中興電,17,4,13,華南永昌-高雄,2024-08-22,9303
6603,富強鑫,13,0,13,華南永昌-高雄,2024-08-22,9303
00878,國泰永續高股息,17,5,12,華南永昌-高雄,2024-08-22,9303
9945,潤泰新,19,7,12,華南永昌-高雄,2024-08-22,9303
6695,芯鼎,13,1,12,華南永昌-高雄,2024-08-22,9303
1711,永光,538,92,446,華南永昌-高雄,2024-08-23,9303
6133,金橋,444,5,439,華南永昌-高雄,2024-08-23,9303
00687B,國泰20年美債,170,15,155,華南永昌-高雄,2024-08-23,9303
00948B,中信優息投資級債,162,18,144,華南永昌-高雄,2024-08-23,9303
00664R,國泰臺灣加權反1,130,0,130,華南永昌-高雄,2024-08-23,9303
2609,陽明,116,4,112,華南永昌-高雄,2024-08-23,9303
00676R,富邦臺灣加權反1,100,0,100,華南永昌-高雄,2024-08-23,9303
3522,御嵿,97,1,96,華南永昌-高雄,2024-08-23,9303
00688L,國泰20年美債正2,81,0,81,華南永昌-高雄,2024-08-23,9303
00680L,元大美債20正2,85,22,63,華南永昌-高雄,2024-08-23,9303
2891,中信金,97,37,60,華南永昌-高雄,2024-08-23,9303
8064,東捷,229,172,57,華南永昌-高雄,2024-08-23,9303
8033,雷虎,63,7,56,華南永昌-高雄,2024-08-23,9303
00933B,國泰10Y+金融債,66,10,56,華南永昌-高雄,2024-08-23,9303
00679B,元大美債20年,71,20,51,華南永昌-高雄,2024-08-23,9303
00706L,期元大S＆P日圓正2,50,0,50,華南永昌-高雄,2024-08-23,9303
00697B,元大美債7-10,50,0,50,華南永昌-高雄,2024-08-23,9303
1314,中石化,74,29,45,華南永昌-高雄,2024-08-23,9303
8438,昶昕,153,112,41,華南永昌-高雄,2024-08-23,9303
00940,元大台灣價值高息,41,10,31,華南永昌-高雄,2024-08-23,9303
00937B,群益ESG投等債20,42,12,30,華南永昌-高雄,2024-08-23,9303
00929,復華台灣科技優息,50,20,30,華南永昌-高雄,2024-08-23,9303
00878,國泰永續高股息,31,2,29,華南永昌-高雄,2024-08-23,9303
8096,擎亞,66,38,28,華南永昌-高雄,2024-08-23,9303
00632R,元大台灣50反1,125,101,24,華南永昌-高雄,2024-08-23,9303
00712,復華富時不動產,26,2,24,華南永昌-高雄,2024-08-23,9303
4960,誠美材,22,0,22,華南永昌-高雄,2024-08-23,9303
2332,友訊,20,0,20,華南永昌-高雄,2024-08-23,9303
1323,永裕,20,0,20,華南永昌-高雄,2024-08-23,9303
1708,東鹼,26,7,19,華南永昌-高雄,2024-08-23,9303
6180,橘子,18,0,18,華南永昌-高雄,2024-08-23,9303
00919,群益台灣精選高息,37,19,18,華南永昌-高雄,2024-08-23,9303
1409,新纖,17,0,17,華南永昌-高雄,2024-08-23,9303
3652,精聯,18,1,17,華南永昌-高雄,2024-08-23,9303
1717,長興,17,1,16,華南永昌-高雄,2024-08-23,9303
00936,台新永續高息中小,37,21,16,華南永昌-高雄,2024-08-23,9303
006208,富邦台50,16,0,16,華南永昌-高雄,2024-08-23,9303
5905,南仁湖,19,3,16,華南永昌-高雄,2024-08-23,9303
3372,典範,15,0,15,華南永昌-高雄,2024-08-23,9303
2851,中再保,15,1,14,華南永昌-高雄,2024-08-23,9303
3038,全台,13,0,13,華南永昌-高雄,2024-08-23,9303
2301,光寶科,14,2,12,華南永昌-高雄,2024-08-23,9303
2344,華邦電,12,0,12,華南永昌-高雄,2024-08-23,9303
2887,台新金,59,47,12,華南永昌-高雄,2024-08-23,9303
3284,太普高,12,0,12,華南永昌-高雄,2024-08-23,9303
1321,大洋,12,0,12,華南永昌-高雄,2024-08-23,9303
6877,鏵友益,13,1,12,華南永昌-高雄,2024-08-23,9303
9105,泰金寶-DR,13,1,12,華南永昌-高雄,2024-08-23,9303
2348,海悅,12,1,11,華南永昌-高雄,2024-08-23,9303
2834,臺企銀,14,3,11,華南永昌-高雄,2024-08-23,9303
2888,新光金,1261,717,544,華南永昌-高雄,2024-08-26,9303
00676R,富邦臺灣加權反1,515,0,515,華南永昌-高雄,2024-08-26,9303
1316,上曜,227,0,227,華南永昌-高雄,2024-08-26,9303
2409,友達,134,35,99,華南永昌-高雄,2024-08-26,9303
00918,大華優利高填息30,94,0,94,華南永昌-高雄,2024-08-26,9303
3149,正達,60,0,60,華南永昌-高雄,2024-08-26,9303
00929,復華台灣科技優息,65,8,57,華南永昌-高雄,2024-08-26,9303
2317,鴻海,62,13,49,華南永昌-高雄,2024-08-26,9303
00936,台新永續高息中小,46,2,44,華南永昌-高雄,2024-08-26,9303
3605,宏致,43,0,43,華南永昌-高雄,2024-08-26,9303
3522,御嵿,48,9,39,華南永昌-高雄,2024-08-26,9303
2615,萬海,111,73,38,華南永昌-高雄,2024-08-26,9303
1582,信錦,37,0,37,華南永昌-高雄,2024-08-26,9303
00679B,元大美債20年,43,10,33,華南永昌-高雄,2024-08-26,9303
1717,長興,45,12,33,華南永昌-高雄,2024-08-26,9303
3062,建漢,35,5,30,華南永昌-高雄,2024-08-26,9303
00720B,元大投資級公司債,26,0,26,華南永昌-高雄,2024-08-26,9303
00919,群益台灣精選高息,26,0,26,華南永昌-高雄,2024-08-26,9303
00637L,元大滬深300正2,31,6,25,華南永昌-高雄,2024-08-26,9303
4906,正文,27,3,24,華南永昌-高雄,2024-08-26,9303
2883,凱基金,45,22,23,華南永昌-高雄,2024-08-26,9303
2356,英業達,26,3,23,華南永昌-高雄,2024-08-26,9303
00945B,凱基美國非投等債,22,0,22,華南永昌-高雄,2024-08-26,9303
00927,群益半導體收益,20,0,20,華南永昌-高雄,2024-08-26,9303
2614,東森,20,0,20,華南永昌-高雄,2024-08-26,9303
6535,順藥,22,3,19,華南永昌-高雄,2024-08-26,9303
3711,日月光投控,18,0,18,華南永昌-高雄,2024-08-26,9303
3615,安可,30,12,18,華南永昌-高雄,2024-08-26,9303
2891,中信金,33,16,17,華南永昌-高雄,2024-08-26,9303
6116,彩晶,17,0,17,華南永昌-高雄,2024-08-26,9303
4513,福裕,33,16,17,華南永昌-高雄,2024-08-26,9303
9945,潤泰新,20,3,17,華南永昌-高雄,2024-08-26,9303
5425,台半,24,7,17,華南永昌-高雄,2024-08-26,9303
2364,倫飛,27,11,16,華南永昌-高雄,2024-08-26,9303
8440,綠電,16,0,16,華南永昌-高雄,2024-08-26,9303
3663,鑫科,37,22,15,華南永昌-高雄,2024-08-26,9303
3066,李洲,15,0,15,華南永昌-高雄,2024-08-26,9303
1409,新纖,16,1,15,華南永昌-高雄,2024-08-26,9303
00687B,國泰20年美債,31,17,14,華南永昌-高雄,2024-08-26,9303
1309,台達化,45,31,14,華南永昌-高雄,2024-08-26,9303
2308,台達電,15,2,13,華南永昌-高雄,2024-08-26,9303
2349,錸德,75,62,13,華南永昌-高雄,2024-08-26,9303
1323,永裕,13,0,13,華南永昌-高雄,2024-08-26,9303
6235,華孚,14,1,13,華南永昌-高雄,2024-08-26,9303
6752,叡揚,13,0,13,華南永昌-高雄,2024-08-26,9303
5392,能率,13,1,12,華南永昌-高雄,2024-08-26,9303
2340,台亞,13,1,12,華南永昌-高雄,2024-08-26,9303
4716,大立,15,3,12,華南永昌-高雄,2024-08-26,9303
00675L,富邦臺灣加權正2,12,0,12,華南永昌-高雄,2024-08-26,9303
1808,潤隆,13,1,12,華南永昌-高雄,2024-08-26,9303
00706L,期元大S＆P日圓正2,300,0,300,華南永昌-高雄,2024-08-27,9303
2891,中信金,215,9,206,華南永昌-高雄,2024-08-27,9303
00673R,期元大S＆P原油反1,69,0,69,華南永昌-高雄,2024-08-27,9303
5443,均豪,224,161,63,華南永昌-高雄,2024-08-27,9303
2887,台新金,63,1,62,華南永昌-高雄,2024-08-27,9303
00632R,元大台灣50反1,55,0,55,華南永昌-高雄,2024-08-27,9303
00680L,元大美債20正2,55,0,55,華南永昌-高雄,2024-08-27,9303
00929,復華台灣科技優息,69,24,45,華南永昌-高雄,2024-08-27,9303
00919,群益台灣精選高息,45,1,44,華南永昌-高雄,2024-08-27,9303
2880,華南金,39,0,39,華南永昌-高雄,2024-08-27,9303
8028,昇陽半導體,82,43,39,華南永昌-高雄,2024-08-27,9303
00882,中信中國高股息,38,0,38,華南永昌-高雄,2024-08-27,9303
8070,長華*,46,10,36,華南永昌-高雄,2024-08-27,9303
2399,映泰,50,14,36,華南永昌-高雄,2024-08-27,9303
2609,陽明,38,3,35,華南永昌-高雄,2024-08-27,9303
1309,台達化,35,1,34,華南永昌-高雄,2024-08-27,9303
00878,國泰永續高股息,44,10,34,華南永昌-高雄,2024-08-27,9303
3707,漢磊,86,56,30,華南永昌-高雄,2024-08-27,9303
1304,台聚,30,0,30,華南永昌-高雄,2024-08-27,9303
0050,元大台灣50,30,1,29,華南永昌-高雄,2024-08-27,9303
3550,聯穎,46,18,28,華南永昌-高雄,2024-08-27,9303
2615,萬海,57,32,25,華南永昌-高雄,2024-08-27,9303
8089,康全電訊,27,6,21,華南永昌-高雄,2024-08-27,9303
00688L,國泰20年美債正2,21,1,20,華南永昌-高雄,2024-08-27,9303
2637,慧洋-KY,22,3,19,華南永昌-高雄,2024-08-27,9303
2317,鴻海,31,13,18,華南永昌-高雄,2024-08-27,9303
2303,聯電,19,2,17,華南永昌-高雄,2024-08-27,9303
2364,倫飛,30,13,17,華南永昌-高雄,2024-08-27,9303
3033,威健,21,4,17,華南永昌-高雄,2024-08-27,9303
3149,正達,74,58,16,華南永昌-高雄,2024-08-27,9303
9958,世紀鋼,21,6,15,華南永昌-高雄,2024-08-27,9303
2382,廣達,29,14,15,華南永昌-高雄,2024-08-27,9303
2610,華航,17,2,15,華南永昌-高雄,2024-08-27,9303
2845,遠東銀,15,0,15,華南永昌-高雄,2024-08-27,9303
5469,瀚宇博,17,2,15,華南永昌-高雄,2024-08-27,9303
2323,中環,15,0,15,華南永昌-高雄,2024-08-27,9303
3374,精材,52,37,15,華南永昌-高雄,2024-08-27,9303
1316,上曜,18,4,14,華南永昌-高雄,2024-08-27,9303
3522,御嵿,30,16,14,華南永昌-高雄,2024-08-27,9303
4967,十銓,27,14,13,華南永昌-高雄,2024-08-27,9303
2367,燿華,19,7,12,華南永昌-高雄,2024-08-27,9303
2543,皇昌,24,12,12,華南永昌-高雄,2024-08-27,9303
00713,元大台灣高息低波,12,0,12,華南永昌-高雄,2024-08-27,9303
2882,國泰金,18,6,12,華南永昌-高雄,2024-08-27,9303
2017,官田鋼,13,1,12,華南永昌-高雄,2024-08-27,9303
00751B,元大AAA至A公司債,11,0,11,華南永昌-高雄,2024-08-27,9303
2406,國碩,11,0,11,華南永昌-高雄,2024-08-27,9303
00934,中信成長高股息,10,0,10,華南永昌-高雄,2024-08-27,9303
2883,凱基金,10,0,10,華南永昌-高雄,2024-08-27,9303
3066,李洲,10,0,10,華南永昌-高雄,2024-08-27,9303
00632R,元大台灣50反1,300,0,300,華南永昌-高雄,2024-08-28,9303
00706L,期元大S＆P日圓正2,120,0,120,華南永昌-高雄,2024-08-28,9303
4510,高鋒,105,6,99,華南永昌-高雄,2024-08-28,9303
00688L,國泰20年美債正2,77,0,77,華南永昌-高雄,2024-08-28,9303
2886,兆豐金,62,0,62,華南永昌-高雄,2024-08-28,9303
2867,三商壽,60,3,57,華南永昌-高雄,2024-08-28,9303
1303,南亞,53,0,53,華南永昌-高雄,2024-08-28,9303
1570,力肯,51,2,49,華南永昌-高雄,2024-08-28,9303
2409,友達,63,15,48,華南永昌-高雄,2024-08-28,9303
00937B,群益ESG投等債20,48,0,48,華南永昌-高雄,2024-08-28,9303
00929,復華台灣科技優息,44,2,42,華南永昌-高雄,2024-08-28,9303
3376,新日興,44,4,40,華南永昌-高雄,2024-08-28,9303
4534,慶騰,38,0,38,華南永昌-高雄,2024-08-28,9303
8096,擎亞,53,16,37,華南永昌-高雄,2024-08-28,9303
00919,群益台灣精選高息,39,7,32,華南永昌-高雄,2024-08-28,9303
00676R,富邦臺灣加權反1,32,0,32,華南永昌-高雄,2024-08-28,9303
8111,立��,43,11,32,華南永昌-高雄,2024-08-28,9303
3019,亞光,71,39,32,華南永昌-高雄,2024-08-28,9303
1609,大亞,35,3,32,華南永昌-高雄,2024-08-28,9303
5386,青雲,45,14,31,華南永昌-高雄,2024-08-28,9303
2337,旺宏,32,1,31,華南永昌-高雄,2024-08-28,9303
1708,東鹼,34,5,29,華南永昌-高雄,2024-08-28,9303
2417,圓剛,34,6,28,華南永昌-高雄,2024-08-28,9303
6151,晉倫,43,17,26,華南永昌-高雄,2024-08-28,9303
00795B,中信美國公債20年,30,8,22,華南永昌-高雄,2024-08-28,9303
2880,華南金,26,5,21,華南永昌-高雄,2024-08-28,9303
00680L,元大美債20正2,25,4,21,華南永昌-高雄,2024-08-28,9303
3059,華晶科,24,3,21,華南永昌-高雄,2024-08-28,9303
5371,中光電,21,1,20,華南永昌-高雄,2024-08-28,9303
3081,聯亞,22,2,20,華南永昌-高雄,2024-08-28,9303
3293,鈊象,20,1,19,華南永昌-高雄,2024-08-28,9303
5452,佶優,26,7,19,華南永昌-高雄,2024-08-28,9303
00942B,台新美A公司債20+,19,0,19,華南永昌-高雄,2024-08-28,9303
1808,潤隆,20,2,18,華南永昌-高雄,2024-08-28,9303
5225,東科-KY,32,14,18,華南永昌-高雄,2024-08-28,9303
8039,台虹,23,6,17,華南永昌-高雄,2024-08-28,9303
4561,健椿,22,5,17,華南永昌-高雄,2024-08-28,9303
2882,國泰金,19,2,17,華南永昌-高雄,2024-08-28,9303
1325,恆大,15,0,15,華南永昌-高雄,2024-08-28,9303
9105,泰金寶-DR,18,4,14,華南永昌-高雄,2024-08-28,9303
00687B,國泰20年美債,36,23,13,華南永昌-高雄,2024-08-28,9303
6556,勝品,25,12,13,華南永昌-高雄,2024-08-28,9303
2405,輔信,19,6,13,華南永昌-高雄,2024-08-28,9303
2367,燿華,32,20,12,華南永昌-高雄,2024-08-28,9303
2905,三商,12,0,12,華南永昌-高雄,2024-08-28,9303
2915,潤泰全,13,1,12,華南永昌-高雄,2024-08-28,9303
2349,錸德,20,8,12,華南永昌-高雄,2024-08-28,9303
3037,欣興,22,11,11,華南永昌-高雄,2024-08-28,9303
2365,昆盈,47,36,11,華南永昌-高雄,2024-08-28,9303
00936,台新永續高息中小,11,0,11,華南永昌-高雄,2024-08-28,9303
2891,中信金,352,1,351,華南永昌-高雄,2024-08-29,9303
2887,台新金,120,4,116,華南永昌-高雄,2024-08-29,9303
00937B,群益ESG投等債20,81,5,76,華南永昌-高雄,2024-08-29,9303
00665L,富邦�琤肭磪囓�2,77,3,74,華南永昌-高雄,2024-08-29,9303
2867,三商壽,80,14,66,華南永昌-高雄,2024-08-29,9303
8089,康全電訊,66,11,55,華南永昌-高雄,2024-08-29,9303
00687B,國泰20年美債,90,38,52,華南永昌-高雄,2024-08-29,9303
00929,復華台灣科技優息,88,38,50,華南永昌-高雄,2024-08-29,9303
00948B,中信優息投資級債,50,0,50,華南永昌-高雄,2024-08-29,9303
2367,燿華,87,38,49,華南永昌-高雄,2024-08-29,9303
00751B,元大AAA至A公司債,47,0,47,華南永昌-高雄,2024-08-29,9303
4555,氣立,50,11,39,華南永昌-高雄,2024-08-29,9303
2880,華南金,38,0,38,華南永昌-高雄,2024-08-29,9303
1570,力肯,38,2,36,華南永昌-高雄,2024-08-29,9303
00878,國泰永續高股息,37,1,36,華南永昌-高雄,2024-08-29,9303
6743,安普新,37,2,35,華南永昌-高雄,2024-08-29,9303
5443,均豪,244,212,32,華南永昌-高雄,2024-08-29,9303
00715L,期街口布蘭特正2,29,0,29,華南永昌-高雄,2024-08-29,9303
2356,英業達,33,4,29,華南永昌-高雄,2024-08-29,9303
2354,鴻準,30,1,29,華南永昌-高雄,2024-08-29,9303
3062,建漢,51,24,27,華南永昌-高雄,2024-08-29,9303
3231,緯創,33,6,27,華南永昌-高雄,2024-08-29,9303
5512,力麒,26,0,26,華南永昌-高雄,2024-08-29,9303
4562,穎漢,34,11,23,華南永昌-高雄,2024-08-29,9303
6269,台郡,109,88,21,華南永昌-高雄,2024-08-29,9303
3673,TPK-KY,27,6,21,華南永昌-高雄,2024-08-29,9303
00680L,元大美債20正2,21,0,21,華南永昌-高雄,2024-08-29,9303
00959B,大華投等美債15Y+,41,20,21,華南永昌-高雄,2024-08-29,9303
2890,永豐金,20,0,20,華南永昌-高雄,2024-08-29,9303
00882,中信中國高股息,20,0,20,華南永昌-高雄,2024-08-29,9303
2353,宏��,21,1,20,華南永昌-高雄,2024-08-29,9303
3047,訊舟,57,40,17,華南永昌-高雄,2024-08-29,9303
2340,台亞,20,4,16,華南永昌-高雄,2024-08-29,9303
2330,台積電,19,3,16,華南永昌-高雄,2024-08-29,9303
2515,中工,16,1,15,華南永昌-高雄,2024-08-29,9303
5876,上海商銀,15,0,15,華南永昌-高雄,2024-08-29,9303
6151,晉倫,32,17,15,華南永昌-高雄,2024-08-29,9303
8039,台虹,18,5,13,華南永昌-高雄,2024-08-29,9303
2417,圓剛,32,20,12,華南永昌-高雄,2024-08-29,9303
00919,群益台灣精選高息,13,1,12,華南永昌-高雄,2024-08-29,9303
2886,兆豐金,12,0,12,華南永昌-高雄,2024-08-29,9303
00895,富邦未來車,11,0,11,華南永昌-高雄,2024-08-29,9303
3059,華晶科,13,2,11,華南永昌-高雄,2024-08-29,9303
1319,東陽,12,2,10,華南永昌-高雄,2024-08-29,9303
3665,貿聯-KY,11,1,10,華南永昌-高雄,2024-08-29,9303
1323,永裕,10,0,10,華南永昌-高雄,2024-08-29,9303
4155,訊映,10,0,10,華南永昌-高雄,2024-08-29,9303
00664R,國泰臺灣加權反1,10,0,10,華南永昌-高雄,2024-08-29,9303
8085,福華,35,25,10,華南永昌-高雄,2024-08-29,9303
00688L,國泰20年美債正2,21,11,10,華南永昌-高雄,2024-08-29,9303
6186,新潤,167,0,167,華南永昌-高雄,2024-08-30,9303
3437,榮創,86,7,79,華南永昌-高雄,2024-08-30,9303
8043,蜜望實,66,1,65,華南永昌-高雄,2024-08-30,9303
2409,友達,92,27,65,華南永昌-高雄,2024-08-30,9303
1808,潤隆,70,11,59,華南永昌-高雄,2024-08-30,9303
00687B,國泰20年美債,69,18,51,華南永昌-高雄,2024-08-30,9303
00937B,群益ESG投等債20,49,0,49,華南永昌-高雄,2024-08-30,9303
2891,中信金,49,2,47,華南永昌-高雄,2024-08-30,9303
6290,良維,54,8,46,華南永昌-高雄,2024-08-30,9303
3163,波若威,69,25,44,華南永昌-高雄,2024-08-30,9303
1711,永光,109,66,43,華南永昌-高雄,2024-08-30,9303
00959B,大華投等美債15Y+,43,0,43,華南永昌-高雄,2024-08-30,9303
2887,台新金,43,0,43,華南永昌-高雄,2024-08-30,9303
3015,全漢,50,8,42,華南永昌-高雄,2024-08-30,9303
3019,亞光,51,11,40,華南永昌-高雄,2024-08-30,9303
1309,台達化,85,50,35,華南永昌-高雄,2024-08-30,9303
00950B,凱基A級公司債,30,0,30,華南永昌-高雄,2024-08-30,9303
2367,燿華,68,40,28,華南永昌-高雄,2024-08-30,9303
1737,臺鹽,31,3,28,華南永昌-高雄,2024-08-30,9303
5386,青雲,31,5,26,華南永昌-高雄,2024-08-30,9303
00929,復華台灣科技優息,27,2,25,華南永昌-高雄,2024-08-30,9303
3037,欣興,42,17,25,華南永昌-高雄,2024-08-30,9303
2883,凱基金,36,11,25,華南永昌-高雄,2024-08-30,9303
4562,穎漢,36,12,24,華南永昌-高雄,2024-08-30,9303
8011,台通,24,0,24,華南永昌-高雄,2024-08-30,9303
2382,廣達,32,10,22,華南永昌-高雄,2024-08-30,9303
3362,先進光,27,5,22,華南永昌-高雄,2024-08-30,9303
00679B,元大美債20年,21,0,21,華南永昌-高雄,2024-08-30,9303
00722B,群益投資級電信債,20,0,20,華南永昌-高雄,2024-08-30,9303
2355,敬鵬,20,1,19,華南永昌-高雄,2024-08-30,9303
4721,美琪瑪,20,1,19,華南永昌-高雄,2024-08-30,9303
4561,健椿,31,13,18,華南永昌-高雄,2024-08-30,9303
1314,中石化,23,5,18,華南永昌-高雄,2024-08-30,9303
3048,益登,23,6,17,華南永昌-高雄,2024-08-30,9303
2392,正崴,24,7,17,華南永昌-高雄,2024-08-30,9303
2851,中再保,17,1,16,華南永昌-高雄,2024-08-30,9303
2349,錸德,50,34,16,華南永昌-高雄,2024-08-30,9303
6838,台新藥,15,0,15,華南永昌-高雄,2024-08-30,9303
1504,東元,14,0,14,華南永昌-高雄,2024-08-30,9303
2482,連宇,19,5,14,華南永昌-高雄,2024-08-30,9303
2317,鴻海,28,14,14,華南永昌-高雄,2024-08-30,9303
4513,福裕,32,18,14,華南永昌-高雄,2024-08-30,9303
6213,聯茂,80,67,13,華南永昌-高雄,2024-08-30,9303
8080,印鉐,13,0,13,華南永昌-高雄,2024-08-30,9303
2609,陽明,24,11,13,華南永昌-高雄,2024-08-30,9303
00948B,中信優息投資級債,13,0,13,華南永昌-高雄,2024-08-30,9303
2426,鼎元,20,7,13,華南永昌-高雄,2024-08-30,9303
1785,光洋科,78,65,13,華南永昌-高雄,2024-08-30,9303
00688L,國泰20年美債正2,12,0,12,華南永昌-高雄,2024-08-30,9303
3062,建漢,27,15,12,華南永昌-高雄,2024-08-30,9303
3481,群創,246,6,240,華南永昌-高雄,2024-09-02,9303
00715L,期街口布蘭特正2,143,1,142,華南永昌-高雄,2024-09-02,9303
2615,萬海,166,77,89,華南永昌-高雄,2024-09-02,9303
2540,愛山林,85,0,85,華南永昌-高雄,2024-09-02,9303
2609,陽明,83,0,83,華南永昌-高雄,2024-09-02,9303
2867,三商壽,76,0,76,華南永昌-高雄,2024-09-02,9303
00687B,國泰20年美債,89,13,76,華南永昌-高雄,2024-09-02,9303
00688L,國泰20年美債正2,74,0,74,華南永昌-高雄,2024-09-02,9303
00959B,大華投等美債15Y+,71,5,66,華南永昌-高雄,2024-09-02,9303
00937B,群益ESG投等債20,65,0,65,華南永昌-高雄,2024-09-02,9303
00933B,國泰10Y+金融債,63,0,63,華南永昌-高雄,2024-09-02,9303
00725B,國泰投資級公司債,56,0,56,華南永昌-高雄,2024-09-02,9303
00680L,元大美債20正2,52,0,52,華南永昌-高雄,2024-09-02,9303
6213,聯茂,71,22,49,華南永昌-高雄,2024-09-02,9303
1303,南亞,65,20,45,華南永昌-高雄,2024-09-02,9303
00948B,中信優息投資級債,51,11,40,華南永昌-高雄,2024-09-02,9303
00918,大華優利高填息30,38,0,38,華南永昌-高雄,2024-09-02,9303
00919,群益台灣精選高息,39,5,34,華南永昌-高雄,2024-09-02,9303
2313,華通,45,13,32,華南永昌-高雄,2024-09-02,9303
3017,奇鋐,30,0,30,華南永昌-高雄,2024-09-02,9303
00665L,富邦�琤肭磪囓�2,41,11,30,華南永昌-高雄,2024-09-02,9303
8070,長華*,36,7,29,華南永昌-高雄,2024-09-02,9303
6415,矽力*-KY,30,1,29,華南永昌-高雄,2024-09-02,9303
3466,德晉,29,0,29,華南永昌-高雄,2024-09-02,9303
00940,元大台灣價值高息,60,32,28,華南永昌-高雄,2024-09-02,9303
6743,安普新,28,0,28,華南永昌-高雄,2024-09-02,9303
6548,長科*,27,0,27,華南永昌-高雄,2024-09-02,9303
1301,台塑,27,1,26,華南永昌-高雄,2024-09-02,9303
00929,復華台灣科技優息,50,25,25,華南永昌-高雄,2024-09-02,9303
00713,元大台灣高息低波,28,5,23,華南永昌-高雄,2024-09-02,9303
00936,台新永續高息中小,21,0,21,華南永昌-高雄,2024-09-02,9303
4562,穎漢,27,6,21,華南永昌-高雄,2024-09-02,9303
6530,創威,26,5,21,華南永昌-高雄,2024-09-02,9303
2890,永豐金,21,1,20,華南永昌-高雄,2024-09-02,9303
8085,福華,20,0,20,華南永昌-高雄,2024-09-02,9303
00679B,元大美債20年,27,8,19,華南永昌-高雄,2024-09-02,9303
1409,新纖,19,1,18,華南永昌-高雄,2024-09-02,9303
00637L,元大滬深300正2,23,5,18,華南永昌-高雄,2024-09-02,9303
4958,臻鼎-KY,33,16,17,華南永昌-高雄,2024-09-02,9303
2421,建準,17,2,15,華南永昌-高雄,2024-09-02,9303
00942B,台新美A公司債20+,15,0,15,華南永昌-高雄,2024-09-02,9303
6658,聯策,21,6,15,華南永昌-高雄,2024-09-02,9303
1314,中石化,32,18,14,華南永昌-高雄,2024-09-02,9303
00882,中信中國高股息,13,0,13,華南永昌-高雄,2024-09-02,9303
1463,強盛新,13,0,13,華南永昌-高雄,2024-09-02,9303
2314,台揚,13,0,13,華南永昌-高雄,2024-09-02,9303
2880,華南金,14,1,13,華南永昌-高雄,2024-09-02,9303
2883,凱基金,61,48,13,華南永昌-高雄,2024-09-02,9303
6187,萬潤,42,30,12,華南永昌-高雄,2024-09-02,9303
2308,台達電,12,0,12,華南永昌-高雄,2024-09-02,9303
3481,群創,175,8,167,華南永昌-高雄,2024-09-03,9303
00918,大華優利高填息30,150,0,150,華南永昌-高雄,2024-09-03,9303
00940,元大台灣價值高息,142,2,140,華南永昌-高雄,2024-09-03,9303
00687B,國泰20年美債,124,5,119,華南永昌-高雄,2024-09-03,9303
00680L,元大美債20正2,114,0,114,華南永昌-高雄,2024-09-03,9303
00930,永豐ESG低碳高息,88,0,88,華南永昌-高雄,2024-09-03,9303
00919,群益台灣精選高息,81,7,74,華南永昌-高雄,2024-09-03,9303
00959B,大華投等美債15Y+,69,0,69,華南永昌-高雄,2024-09-03,9303
00937B,群益ESG投等債20,60,0,60,華南永昌-高雄,2024-09-03,9303
2867,三商壽,61,6,55,華南永昌-高雄,2024-09-03,9303
2002,中鋼,49,0,49,華南永昌-高雄,2024-09-03,9303
2356,英業達,42,1,41,華南永昌-高雄,2024-09-03,9303
2352,佳世達,76,35,41,華南永昌-高雄,2024-09-03,9303
8086,宏捷科,40,1,39,華南永昌-高雄,2024-09-03,9303
1303,南亞,40,1,39,華南永昌-高雄,2024-09-03,9303
3376,新日興,38,0,38,華南永昌-高雄,2024-09-03,9303
00915,凱基優選高股息30,40,2,38,華南永昌-高雄,2024-09-03,9303
2313,華通,62,26,36,華南永昌-高雄,2024-09-03,9303
00713,元大台灣高息低波,35,0,35,華南永昌-高雄,2024-09-03,9303
2834,臺企銀,34,0,34,華南永昌-高雄,2024-09-03,9303
1586,和勤,34,0,34,華南永昌-高雄,2024-09-03,9303
2486,一詮,47,14,33,華南永昌-高雄,2024-09-03,9303
2017,官田鋼,32,0,32,華南永昌-高雄,2024-09-03,9303
2367,燿華,44,14,30,華南永昌-高雄,2024-09-03,9303
4561,健椿,36,6,30,華南永昌-高雄,2024-09-03,9303
1101,台泥,36,8,28,華南永昌-高雄,2024-09-03,9303
6770,力積電,29,2,27,華南永昌-高雄,2024-09-03,9303
00751B,元大AAA至A公司債,25,1,24,華南永昌-高雄,2024-09-03,9303
2845,遠東銀,23,0,23,華南永昌-高雄,2024-09-03,9303
00679B,元大美債20年,33,10,23,華南永昌-高雄,2024-09-03,9303
5443,均豪,43,22,21,華南永昌-高雄,2024-09-03,9303
00637L,元大滬深300正2,24,5,19,華南永昌-高雄,2024-09-03,9303
2886,兆豐金,19,0,19,華南永昌-高雄,2024-09-03,9303
00878,國泰永續高股息,40,21,19,華南永昌-高雄,2024-09-03,9303
4906,正文,25,7,18,華南永昌-高雄,2024-09-03,9303
1316,上曜,22,4,18,華南永昌-高雄,2024-09-03,9303
1301,台塑,21,3,18,華南永昌-高雄,2024-09-03,9303
1463,強盛新,17,0,17,華南永昌-高雄,2024-09-03,9303
2323,中環,18,2,16,華南永昌-高雄,2024-09-03,9303
3037,欣興,16,0,16,華南永昌-高雄,2024-09-03,9303
1314,中石化,28,12,16,華南永昌-高雄,2024-09-03,9303
3052,夆典,15,0,15,華南永昌-高雄,2024-09-03,9303
00931B,統一美債20年,15,0,15,華南永昌-高雄,2024-09-03,9303
00712,復華富時不動產,15,0,15,華南永昌-高雄,2024-09-03,9303
2892,第一金,14,0,14,華南永昌-高雄,2024-09-03,9303
2812,台中銀,14,0,14,華南永昌-高雄,2024-09-03,9303
4563,百德,56,42,14,華南永昌-高雄,2024-09-03,9303
3231,緯創,25,12,13,華南永昌-高雄,2024-09-03,9303
9945,潤泰新,14,1,13,華南永昌-高雄,2024-09-03,9303
00720B,元大投資級公司債,17,4,13,華南永昌-高雄,2024-09-03,9303
00940,元大台灣價值高息,483,36,447,華南永昌-高雄,2024-09-04,9303
00919,群益台灣精選高息,321,29,292,華南永昌-高雄,2024-09-04,9303
00878,國泰永續高股息,260,43,217,華南永昌-高雄,2024-09-04,9303
00929,復華台灣科技優息,298,97,201,華南永昌-高雄,2024-09-04,9303
2891,中信金,177,8,169,華南永昌-高雄,2024-09-04,9303
3481,群創,195,32,163,華南永昌-高雄,2024-09-04,9303
00918,大華優利高填息30,144,3,141,華南永昌-高雄,2024-09-04,9303
2312,金寶,135,11,124,華南永昌-高雄,2024-09-04,9303
0056,元大高股息,118,1,117,華南永昌-高雄,2024-09-04,9303
00715L,期街口布蘭特正2,157,41,116,華南永昌-高雄,2024-09-04,9303
00915,凱基優選高股息30,100,0,100,華南永昌-高雄,2024-09-04,9303
00933B,國泰10Y+金融債,95,7,88,華南永昌-高雄,2024-09-04,9303
2880,華南金,88,3,85,華南永昌-高雄,2024-09-04,9303
2330,台積電,80,5,75,華南永昌-高雄,2024-09-04,9303
2867,三商壽,71,0,71,華南永昌-高雄,2024-09-04,9303
1303,南亞,69,1,68,華南永昌-高雄,2024-09-04,9303
00932,兆豐永續高息等權,59,1,58,華南永昌-高雄,2024-09-04,9303
6405,悅城,57,1,56,華南永昌-高雄,2024-09-04,9303
6901,鑽石投資,52,0,52,華南永昌-高雄,2024-09-04,9303
2317,鴻海,92,42,50,華南永昌-高雄,2024-09-04,9303
00713,元大台灣高息低波,49,1,48,華南永昌-高雄,2024-09-04,9303
00921,兆豐龍頭等權重,43,0,43,華南永昌-高雄,2024-09-04,9303
1314,中石化,58,15,43,華南永昌-高雄,2024-09-04,9303
2002,中鋼,49,9,40,華南永昌-高雄,2024-09-04,9303
3037,欣興,49,9,40,華南永昌-高雄,2024-09-04,9303
1316,上曜,46,8,38,華南永昌-高雄,2024-09-04,9303
2382,廣達,51,15,36,華南永昌-高雄,2024-09-04,9303
1101,台泥,39,4,35,華南永昌-高雄,2024-09-04,9303
2303,聯電,40,6,34,華南永昌-高雄,2024-09-04,9303
2887,台新金,36,2,34,華南永昌-高雄,2024-09-04,9303
006208,富邦台50,31,1,30,華南永昌-高雄,2024-09-04,9303
6026,福邦證,30,0,30,華南永昌-高雄,2024-09-04,9303
00941,中信上游半導體,39,10,29,華南永昌-高雄,2024-09-04,9303
1609,大亞,59,32,27,華南永昌-高雄,2024-09-04,9303
3450,聯鈞,37,11,26,華南永昌-高雄,2024-09-04,9303
8374,羅昇,58,32,26,華南永昌-高雄,2024-09-04,9303
2883,凱基金,27,3,24,華南永昌-高雄,2024-09-04,9303
0050,元大台灣50,43,19,24,華南永昌-高雄,2024-09-04,9303
9105,泰金寶-DR,25,2,23,華南永昌-高雄,2024-09-04,9303
00665L,富邦�琤肭磪囓�2,26,3,23,華南永昌-高雄,2024-09-04,9303
6187,萬潤,28,5,23,華南永昌-高雄,2024-09-04,9303
1304,台聚,21,0,21,華南永昌-高雄,2024-09-04,9303
00642U,期元大S＆P石油,21,0,21,華南永昌-高雄,2024-09-04,9303
00751B,元大AAA至A公司債,22,1,21,華南永昌-高雄,2024-09-04,9303
3017,奇鋐,28,8,20,華南永昌-高雄,2024-09-04,9303
6108,競國,20,0,20,華南永昌-高雄,2024-09-04,9303
00939,統一台灣高息動能,19,0,19,華南永昌-高雄,2024-09-04,9303
00923,群益台ESG低碳50,19,0,19,華南永昌-高雄,2024-09-04,9303
2886,兆豐金,18,0,18,華南永昌-高雄,2024-09-04,9303
1734,杏輝,18,0,18,華南永昌-高雄,2024-09-04,9303
00940,元大台灣價值高息,279,5,274,華南永昌-高雄,2024-09-05,9303
2886,兆豐金,254,1,253,華南永昌-高雄,2024-09-05,9303
00937B,群益ESG投等債20,219,13,206,華南永昌-高雄,2024-09-05,9303
3481,群創,207,4,203,華南永昌-高雄,2024-09-05,9303
00919,群益台灣精選高息,138,1,137,華南永昌-高雄,2024-09-05,9303
00715L,期街口布蘭特正2,126,6,120,華南永昌-高雄,2024-09-05,9303
00676R,富邦臺灣加權反1,100,0,100,華南永昌-高雄,2024-09-05,9303
00687B,國泰20年美債,113,31,82,華南永昌-高雄,2024-09-05,9303
1101,台泥,79,3,76,華南永昌-高雄,2024-09-05,9303
2540,愛山林,93,19,74,華南永昌-高雄,2024-09-05,9303
00929,復華台灣科技優息,80,8,72,華南永昌-高雄,2024-09-05,9303
00878,國泰永續高股息,78,7,71,華南永昌-高雄,2024-09-05,9303
2464,盟立,229,159,70,華南永昌-高雄,2024-09-05,9303
2317,鴻海,86,16,70,華南永昌-高雄,2024-09-05,9303
00952,凱基台灣AI50,69,0,69,華南永昌-高雄,2024-09-05,9303
6216,居易,66,3,63,華南永昌-高雄,2024-09-05,9303
2349,錸德,72,12,60,華南永昌-高雄,2024-09-05,9303
1303,南亞,51,0,51,華南永昌-高雄,2024-09-05,9303
2801,彰銀,61,12,49,華南永昌-高雄,2024-09-05,9303
2027,大成鋼,46,0,46,華南永昌-高雄,2024-09-05,9303
2316,楠梓電,48,3,45,華南永昌-高雄,2024-09-05,9303
00918,大華優利高填息30,52,7,45,華南永昌-高雄,2024-09-05,9303
2408,南亞科,46,3,43,華南永昌-高雄,2024-09-05,9303
1909,榮成,41,0,41,華南永昌-高雄,2024-09-05,9303
2891,中信金,52,11,41,華南永昌-高雄,2024-09-05,9303
5876,上海商銀,41,3,38,華南永昌-高雄,2024-09-05,9303
3581,博磊,131,93,38,華南永昌-高雄,2024-09-05,9303
2002,中鋼,56,19,37,華南永昌-高雄,2024-09-05,9303
5465,富驊,40,4,36,華南永昌-高雄,2024-09-05,9303
00946,群益科技高息成長,33,0,33,華南永昌-高雄,2024-09-05,9303
1314,中石化,29,2,27,華南永昌-高雄,2024-09-05,9303
2070,精湛,27,1,26,華南永昌-高雄,2024-09-05,9303
1609,大亞,28,3,25,華南永昌-高雄,2024-09-05,9303
00665L,富邦�琤肭磪囓�2,25,2,23,華南永昌-高雄,2024-09-05,9303
3038,全台,22,0,22,華南永昌-高雄,2024-09-05,9303
2706,第一店,21,0,21,華南永昌-高雄,2024-09-05,9303
2495,普安,26,5,21,華南永昌-高雄,2024-09-05,9303
2486,一詮,30,10,20,華南永昌-高雄,2024-09-05,9303
4113,聯上,20,0,20,華南永昌-高雄,2024-09-05,9303
2344,華邦電,21,1,20,華南永昌-高雄,2024-09-05,9303
2034,允強,20,0,20,華南永昌-高雄,2024-09-05,9303
1440,南紡,20,1,19,華南永昌-高雄,2024-09-05,9303
0056,元大高股息,23,5,18,華南永昌-高雄,2024-09-05,9303
00951,台新日本半導體,18,0,18,華南永昌-高雄,2024-09-05,9303
3522,御嵿,18,0,18,華南永昌-高雄,2024-09-05,9303
3047,訊舟,73,56,17,華南永昌-高雄,2024-09-05,9303
00943,兆豐電子高息等權,17,0,17,華南永昌-高雄,2024-09-05,9303
6202,盛群,15,0,15,華南永昌-高雄,2024-09-05,9303
1711,永光,57,42,15,華南永昌-高雄,2024-09-05,9303
2313,華通,17,3,14,華南永昌-高雄,2024-09-05,9303
00632R,元大台灣50反1,610,0,610,華南永昌-高雄,2024-09-06,9303
00680L,元大美債20正2,222,20,202,華南永昌-高雄,2024-09-06,9303
00687B,國泰20年美債,148,15,133,華南永昌-高雄,2024-09-06,9303
00940,元大台灣價值高息,112,26,86,華南永昌-高雄,2024-09-06,9303
00679B,元大美債20年,101,16,85,華南永昌-高雄,2024-09-06,9303
2888,新光金,82,19,63,華南永昌-高雄,2024-09-06,9303
1314,中石化,64,3,61,華南永昌-高雄,2024-09-06,9303
00959B,大華投等美債15Y+,50,0,50,華南永昌-高雄,2024-09-06,9303
1309,台達化,50,1,49,華南永昌-高雄,2024-09-06,9303
2540,愛山林,76,27,49,華南永昌-高雄,2024-09-06,9303
00715L,期街口布蘭特正2,45,0,45,華南永昌-高雄,2024-09-06,9303
2317,鴻海,53,10,43,華南永昌-高雄,2024-09-06,9303
2002,中鋼,40,4,36,華南永昌-高雄,2024-09-06,9303
1605,華新,30,4,26,華南永昌-高雄,2024-09-06,9303
1612,宏泰,25,1,24,華南永昌-高雄,2024-09-06,9303
00713,元大台灣高息低波,23,1,22,華南永昌-高雄,2024-09-06,9303
00951,台新日本半導體,22,0,22,華南永昌-高雄,2024-09-06,9303
3712,永崴投控,26,5,21,華南永昌-高雄,2024-09-06,9303
1582,信錦,21,0,21,華南永昌-高雄,2024-09-06,9303
00706L,期元大S＆P日圓正2,20,0,20,華南永昌-高雄,2024-09-06,9303
00696B,富邦美債20年,20,0,20,華南永昌-高雄,2024-09-06,9303
2881,富邦金,21,2,19,華南永昌-高雄,2024-09-06,9303
3058,立德,20,2,18,華南永昌-高雄,2024-09-06,9303
2891,中信金,42,25,17,華南永昌-高雄,2024-09-06,9303
3581,博磊,43,26,17,華南永昌-高雄,2024-09-06,9303
00919,群益台灣精選高息,84,67,17,華南永昌-高雄,2024-09-06,9303
2464,盟立,32,16,16,華南永昌-高雄,2024-09-06,9303
00676R,富邦臺灣加權反1,16,0,16,華南永昌-高雄,2024-09-06,9303
2313,華通,42,27,15,華南永昌-高雄,2024-09-06,9303
6213,聯茂,19,4,15,華南永昌-高雄,2024-09-06,9303
2363,矽統,35,21,14,華南永昌-高雄,2024-09-06,9303
6530,創威,19,5,14,華南永昌-高雄,2024-09-06,9303
00918,大華優利高填息30,13,0,13,華南永昌-高雄,2024-09-06,9303
00882,中信中國高股息,12,0,12,華南永昌-高雄,2024-09-06,9303
00664R,國泰臺灣加權反1,12,0,12,華南永昌-高雄,2024-09-06,9303
8927,北基,12,0,12,華南永昌-高雄,2024-09-06,9303
00642U,期元大S＆P石油,12,0,12,華南永昌-高雄,2024-09-06,9303
00933B,國泰10Y+金融債,16,5,11,華南永昌-高雄,2024-09-06,9303
8028,昇陽半導體,13,2,11,華南永昌-高雄,2024-09-06,9303
4174,浩鼎,11,0,11,華南永昌-高雄,2024-09-06,9303
2615,萬海,21,10,11,華南永昌-高雄,2024-09-06,9303
00947,台新臺灣IC設計,10,0,10,華南永昌-高雄,2024-09-06,9303
3576,聯合再生,12,2,10,華南永昌-高雄,2024-09-06,9303
00639,富邦深100,10,0,10,華南永昌-高雄,2024-09-06,9303
6219,富旺,10,0,10,華南永昌-高雄,2024-09-06,9303
2905,三商,14,4,10,華南永昌-高雄,2024-09-06,9303
2367,燿華,17,7,10,華南永昌-高雄,2024-09-06,9303
00923,群益台ESG低碳50,11,1,10,華南永昌-高雄,2024-09-06,9303
3354,律勝,10,0,10,華南永昌-高雄,2024-09-06,9303
5243,乙盛-KY,10,0,10,華南永昌-高雄,2024-09-06,9303
00919,群益台灣精選高息,165,12,153,華南永昌-高雄,2024-09-09,9303
2881,富邦金,123,5,118,華南永昌-高雄,2024-09-09,9303
00687B,國泰20年美債,111,6,105,華南永昌-高雄,2024-09-09,9303
1309,台達化,200,102,98,華南永昌-高雄,2024-09-09,9303
00713,元大台灣高息低波,89,0,89,華南永昌-高雄,2024-09-09,9303
00679B,元大美債20年,108,25,83,華南永昌-高雄,2024-09-09,9303
00929,復華台灣科技優息,74,11,63,華南永昌-高雄,2024-09-09,9303
00878,國泰永續高股息,58,2,56,華南永昌-高雄,2024-09-09,9303
2885,元大金,55,0,55,華南永昌-高雄,2024-09-09,9303
2891,中信金,76,25,51,華南永昌-高雄,2024-09-09,9303
2208,台船,50,2,48,華南永昌-高雄,2024-09-09,9303
00940,元大台灣價值高息,99,52,47,華南永昌-高雄,2024-09-09,9303
6114,久威,71,31,40,華南永昌-高雄,2024-09-09,9303
4974,亞泰,43,3,40,華南永昌-高雄,2024-09-09,9303
3481,群創,39,2,37,華南永昌-高雄,2024-09-09,9303
00918,大華優利高填息30,54,16,38,華南永昌-高雄,2024-09-09,9303
2002,中鋼,40,2,38,華南永昌-高雄,2024-09-09,9303
8039,台虹,37,0,37,華南永昌-高雄,2024-09-09,9303
6505,台塑化,33,0,33,華南永昌-高雄,2024-09-09,9303
2883,凱基金,39,6,33,華南永昌-高雄,2024-09-09,9303
00941,中信上游半導體,32,0,32,華南永昌-高雄,2024-09-09,9303
2317,鴻海,64,33,31,華南永昌-高雄,2024-09-09,9303
6873,泓德能源,30,0,30,華南永昌-高雄,2024-09-09,9303
4526,東台,28,2,26,華南永昌-高雄,2024-09-09,9303
00923,群益台ESG低碳50,25,0,25,華南永昌-高雄,2024-09-09,9303
00715L,期街口布蘭特正2,28,3,25,華南永昌-高雄,2024-09-09,9303
2363,矽統,26,1,25,華南永昌-高雄,2024-09-09,9303
5460,同協,28,4,24,華南永昌-高雄,2024-09-09,9303
2812,台中銀,23,0,23,華南永昌-高雄,2024-09-09,9303
00915,凱基優選高股息30,24,1,23,華南永昌-高雄,2024-09-09,9303
00881,國泰台灣5G+,22,1,21,華南永昌-高雄,2024-09-09,9303
3576,聯合再生,20,0,20,華南永昌-高雄,2024-09-09,9303
5876,上海商銀,20,0,20,華南永昌-高雄,2024-09-09,9303
3455,由田,21,1,20,華南永昌-高雄,2024-09-09,9303
1323,永裕,20,0,20,華南永昌-高雄,2024-09-09,9303
2867,三商壽,20,0,20,華南永昌-高雄,2024-09-09,9303
2880,華南金,20,0,20,華南永昌-高雄,2024-09-09,9303
2615,萬海,48,28,20,華南永昌-高雄,2024-09-09,9303
2540,愛山林,31,12,19,華南永昌-高雄,2024-09-09,9303
2382,廣達,22,4,18,華南永昌-高雄,2024-09-09,9303
00959B,大華投等美債15Y+,16,0,16,華南永昌-高雄,2024-09-09,9303
00900,富邦特選高股息30,16,0,16,華南永昌-高雄,2024-09-09,9303
4956,光鋐,22,7,15,華南永昌-高雄,2024-09-09,9303
00720B,元大投資級公司債,15,0,15,華南永昌-高雄,2024-09-09,9303
2851,中再保,14,0,14,華南永昌-高雄,2024-09-09,9303
8404,百和興業-KY,14,0,14,華南永昌-高雄,2024-09-09,9303
6530,創威,74,60,14,華南永昌-高雄,2024-09-09,9303
3231,緯創,26,13,13,華南永昌-高雄,2024-09-09,9303
00934,中信成長高股息,19,6,13,華南永昌-高雄,2024-09-09,9303
2882,國泰金,16,3,13,華南永昌-高雄,2024-09-09,9303
00948B,中信優息投資級債,364,2,362,華南永昌-高雄,2024-09-10,9303
9103,美德醫療-DR,268,0,268,華南永昌-高雄,2024-09-10,9303
5443,均豪,258,33,225,華南永昌-高雄,2024-09-10,9303
2344,華邦電,207,1,206,華南永昌-高雄,2024-09-10,9303
3481,群創,208,7,201,華南永昌-高雄,2024-09-10,9303
00919,群益台灣精選高息,127,17,110,華南永昌-高雄,2024-09-10,9303
00937B,群益ESG投等債20,181,72,109,華南永昌-高雄,2024-09-10,9303
00687B,國泰20年美債,89,0,89,華南永昌-高雄,2024-09-10,9303
00715L,期街口布蘭特正2,84,0,84,華南永昌-高雄,2024-09-10,9303
3663,鑫科,85,7,78,華南永昌-高雄,2024-09-10,9303
2408,南亞科,64,0,64,華南永昌-高雄,2024-09-10,9303
00878,國泰永續高股息,68,6,62,華南永昌-高雄,2024-09-10,9303
3231,緯創,74,14,60,華南永昌-高雄,2024-09-10,9303
00918,大華優利高填息30,68,12,56,華南永昌-高雄,2024-09-10,9303
2891,中信金,55,2,53,華南永昌-高雄,2024-09-10,9303
00719B,元大美債1-3,50,0,50,華南永昌-高雄,2024-09-10,9303
0056,元大高股息,44,0,44,華南永昌-高雄,2024-09-10,9303
1609,大亞,44,0,44,華南永昌-高雄,2024-09-10,9303
6187,萬潤,66,23,43,華南永昌-高雄,2024-09-10,9303
1101,台泥,40,0,40,華南永昌-高雄,2024-09-10,9303
2317,鴻海,57,22,35,華南永昌-高雄,2024-09-10,9303
4934,太極,34,0,34,華南永昌-高雄,2024-09-10,9303
3303,岱稜,91,57,34,華南永昌-高雄,2024-09-10,9303
00940,元大台灣價值高息,50,18,32,華南永昌-高雄,2024-09-10,9303
6207,雷科,35,4,31,華南永昌-高雄,2024-09-10,9303
00929,復華台灣科技優息,76,46,30,華南永昌-高雄,2024-09-10,9303
00934,中信成長高股息,31,1,30,華南永昌-高雄,2024-09-10,9303
3535,晶彩科,41,14,27,華南永昌-高雄,2024-09-10,9303
3017,奇鋐,38,11,27,華南永昌-高雄,2024-09-10,9303
4909,新復興,51,24,27,華南永昌-高雄,2024-09-10,9303
2382,廣達,41,15,26,華南永昌-高雄,2024-09-10,9303
2464,盟立,31,6,25,華南永昌-高雄,2024-09-10,9303
2515,中工,26,1,25,華南永昌-高雄,2024-09-10,9303
2337,旺宏,25,3,22,華南永昌-高雄,2024-09-10,9303
6505,台塑化,21,0,21,華南永昌-高雄,2024-09-10,9303
2881,富邦金,26,5,21,華南永昌-高雄,2024-09-10,9303
8429,金麗-KY,20,0,20,華南永昌-高雄,2024-09-10,9303
1323,永裕,20,0,20,華南永昌-高雄,2024-09-10,9303
2002,中鋼,30,10,20,華南永昌-高雄,2024-09-10,9303
1532,勤美,20,1,19,華南永昌-高雄,2024-09-10,9303
1409,新纖,24,6,18,華南永昌-高雄,2024-09-10,9303
1326,台化,18,0,18,華南永昌-高雄,2024-09-10,9303
00915,凱基優選高股息30,17,0,17,華南永昌-高雄,2024-09-10,9303
2618,長榮航,26,9,17,華南永昌-高雄,2024-09-10,9303
1301,台塑,18,2,16,華南永昌-高雄,2024-09-10,9303
3047,訊舟,33,17,16,華南永昌-高雄,2024-09-10,9303
1560,中砂,18,2,16,華南永昌-高雄,2024-09-10,9303
00881,國泰台灣5G+,15,0,15,華南永昌-高雄,2024-09-10,9303
1436,華友聯,17,2,15,華南永昌-高雄,2024-09-10,9303
00900,富邦特選高股息30,15,0,15,華南永昌-高雄,2024-09-10,9303
00687B,國泰20年美債,422,25,397,華南永昌-高雄,2024-09-11,9303
00715L,期街口布蘭特正2,171,3,168,華南永昌-高雄,2024-09-11,9303
2891,中信金,148,5,143,華南永昌-高雄,2024-09-11,9303
2812,台中銀,114,0,114,華南永昌-高雄,2024-09-11,9303
00680L,元大美債20正2,105,19,86,華南永昌-高雄,2024-09-11,9303
00918,大華優利高填息30,62,0,62,華南永昌-高雄,2024-09-11,9303
00878,國泰永續高股息,54,0,54,華南永昌-高雄,2024-09-11,9303
00937B,群益ESG投等債20,72,18,54,華南永昌-高雄,2024-09-11,9303
4977,眾達-KY,55,2,53,華南永昌-高雄,2024-09-11,9303
00712,復華富時不動產,47,0,47,華南永昌-高雄,2024-09-11,9303
1453,大將,42,0,42,華南永昌-高雄,2024-09-11,9303
2883,凱基金,40,0,40,華南永昌-高雄,2024-09-11,9303
4763,材料-KY,48,9,39,華南永昌-高雄,2024-09-11,9303
6134,萬旭,39,3,36,華南永昌-高雄,2024-09-11,9303
2002,中鋼,86,50,36,華南永昌-高雄,2024-09-11,9303
6727,亞泰金屬,35,1,34,華南永昌-高雄,2024-09-11,9303
00919,群益台灣精選高息,34,1,33,華南永昌-高雄,2024-09-11,9303
2408,南亞科,31,1,30,華南永昌-高雄,2024-09-11,9303
00795B,中信美國公債20年,30,0,30,華南永昌-高雄,2024-09-11,9303
00664R,國泰臺灣加權反1,30,0,30,華南永昌-高雄,2024-09-11,9303
00642U,期元大S＆P石油,29,0,29,華南永昌-高雄,2024-09-11,9303
6743,安普新,29,0,29,華南永昌-高雄,2024-09-11,9303
2887,台新金,26,0,26,華南永昌-高雄,2024-09-11,9303
1303,南亞,33,7,26,華南永昌-高雄,2024-09-11,9303
4113,聯上,38,13,25,華南永昌-高雄,2024-09-11,9303
00882,中信中國高股息,28,7,21,華南永昌-高雄,2024-09-11,9303
6116,彩晶,20,0,20,華南永昌-高雄,2024-09-11,9303
6139,亞翔,20,0,20,華南永昌-高雄,2024-09-11,9303
00957B,兆豐US優選投等債,20,0,20,華南永昌-高雄,2024-09-11,9303
00669R,國泰美國道瓊反1,20,0,20,華南永昌-高雄,2024-09-11,9303
3707,漢磊,61,43,18,華南永昌-高雄,2024-09-11,9303
8227,巨有科技,20,3,17,華南永昌-高雄,2024-09-11,9303
2880,華南金,17,1,16,華南永昌-高雄,2024-09-11,9303
2027,大成鋼,18,2,16,華南永昌-高雄,2024-09-11,9303
2885,元大金,15,0,15,華南永昌-高雄,2024-09-11,9303
00943,兆豐電子高息等權,15,0,15,華南永昌-高雄,2024-09-11,9303
00951,台新日本半導體,15,0,15,華南永昌-高雄,2024-09-11,9303
00665L,富邦�琤肭磪囓�2,17,3,14,華南永昌-高雄,2024-09-11,9303
00932,兆豐永續高息等權,15,2,13,華南永昌-高雄,2024-09-11,9303
00946,群益科技高息成長,13,0,13,華南永昌-高雄,2024-09-11,9303
00915,凱基優選高股息30,18,5,13,華南永昌-高雄,2024-09-11,9303
6016,康和證,12,0,12,華南永昌-高雄,2024-09-11,9303
2356,英業達,13,1,12,華南永昌-高雄,2024-09-11,9303
2497,怡利電,24,12,12,華南永昌-高雄,2024-09-11,9303
00923,群益台ESG低碳50,12,0,12,華南永昌-高雄,2024-09-11,9303
6257,矽格,11,0,11,華南永昌-高雄,2024-09-11,9303
00949,復華日本龍頭,11,0,11,華南永昌-高雄,2024-09-11,9303
00941,中信上游半導體,11,0,11,華南永昌-高雄,2024-09-11,9303
00679B,元大美債20年,25,14,11,華南永昌-高雄,2024-09-11,9303
1536,和大,11,0,11,華南永昌-高雄,2024-09-11,9303
00632R,元大台灣50反1,435,19,416,華南永昌-高雄,2024-09-12,9303
2891,中信金,216,15,201,華南永昌-高雄,2024-09-12,9303
00687B,國泰20年美債,130,1,129,華南永昌-高雄,2024-09-12,9303
00676R,富邦臺灣加權反1,116,0,116,華南永昌-高雄,2024-09-12,9303
00712,復華富時不動產,100,0,100,華南永昌-高雄,2024-09-12,9303
5460,同協,87,13,74,華南永昌-高雄,2024-09-12,9303
3049,精金,57,7,50,華南永昌-高雄,2024-09-12,9303
00680L,元大美債20正2,56,10,46,華南永昌-高雄,2024-09-12,9303
00957B,兆豐US優選投等債,45,0,45,華南永昌-高雄,2024-09-12,9303
00664R,國泰臺灣加權反1,43,0,43,華南永昌-高雄,2024-09-12,9303
00688L,國泰20年美債正2,65,25,40,華南永昌-高雄,2024-09-12,9303
2359,所羅門,33,2,31,華南永昌-高雄,2024-09-12,9303
1323,永裕,31,0,31,華南永昌-高雄,2024-09-12,9303
6609,瀧澤科,32,1,31,華南永昌-高雄,2024-09-12,9303
2890,永豐金,37,11,26,華南永昌-高雄,2024-09-12,9303
1904,正隆,26,0,26,華南永昌-高雄,2024-09-12,9303
00706L,期元大S＆P日圓正2,25,0,25,華南永昌-高雄,2024-09-12,9303
6133,金橋,36,12,24,華南永昌-高雄,2024-09-12,9303
8086,宏捷科,21,0,21,華南永昌-高雄,2024-09-12,9303
5512,力麒,20,0,20,華南永昌-高雄,2024-09-12,9303
2867,三商壽,29,9,20,華南永昌-高雄,2024-09-12,9303
4174,浩鼎,20,0,20,華南永昌-高雄,2024-09-12,9303
2883B,凱基金乙特,20,0,20,華南永昌-高雄,2024-09-12,9303
4571,鈞興-KY,18,0,18,華南永昌-高雄,2024-09-12,9303
1309,台達化,20,2,18,華南永昌-高雄,2024-09-12,9303
00720B,元大投資級公司債,16,0,16,華南永昌-高雄,2024-09-12,9303
1339,昭輝,16,0,16,華南永昌-高雄,2024-09-12,9303
3581,博磊,14,0,14,華南永昌-高雄,2024-09-12,9303
4113,聯上,30,16,14,華南永昌-高雄,2024-09-12,9303
3303,岱稜,31,19,12,華南永昌-高雄,2024-09-12,9303
1605,華新,14,2,12,華南永昌-高雄,2024-09-12,9303
2323,中環,14,2,12,華南永昌-高雄,2024-09-12,9303
2881,富邦金,13,1,12,華南永昌-高雄,2024-09-12,9303
5347,世界,12,1,11,華南永昌-高雄,2024-09-12,9303
2349,錸德,11,0,11,華南永昌-高雄,2024-09-12,9303
6530,創威,66,55,11,華南永昌-高雄,2024-09-12,9303
2883,凱基金,10,0,10,華南永昌-高雄,2024-09-12,9303
00947,台新臺灣IC設計,10,0,10,華南永昌-高雄,2024-09-12,9303
2241,艾姆勒,10,0,10,華南永昌-高雄,2024-09-12,9303
6269,台郡,10,0,10,華南永昌-高雄,2024-09-12,9303
00945B,凱基美國非投等債,10,0,10,華南永昌-高雄,2024-09-12,9303
9103,美德醫療-DR,10,0,10,華南永昌-高雄,2024-09-12,9303
00930,永豐ESG低碳高息,10,0,10,華南永昌-高雄,2024-09-12,9303
2363,矽統,11,1,10,華南永昌-高雄,2024-09-12,9303
00679B,元大美債20年,40,30,10,華南永昌-高雄,2024-09-12,9303
00915,凱基優選高股息30,14,4,10,華南永昌-高雄,2024-09-12,9303
2887,台新金,14,5,9,華南永昌-高雄,2024-09-12,9303
00946,群益科技高息成長,9,0,9,華南永昌-高雄,2024-09-12,9303
2497,怡利電,17,8,9,華南永昌-高雄,2024-09-12,9303
1316,上曜,9,0,9,華南永昌-高雄,2024-09-12,9303
2834,臺企銀,149,2,147,華南永昌-高雄,2024-09-13,9303
00946,群益科技高息成長,106,0,106,華南永昌-高雄,2024-09-13,9303
1808,潤隆,73,3,70,華南永昌-高雄,2024-09-13,9303
6838,台新藥,59,1,58,華南永昌-高雄,2024-09-13,9303
00918,大華優利高填息30,57,4,53,華南永昌-高雄,2024-09-13,9303
6152,百一,77,24,53,華南永昌-高雄,2024-09-13,9303
00929,復華台灣科技優息,50,0,50,華南永昌-高雄,2024-09-13,9303
00943,兆豐電子高息等權,47,0,47,華南永昌-高雄,2024-09-13,9303
00679B,元大美債20年,44,0,44,華南永昌-高雄,2024-09-13,9303
00919,群益台灣精選高息,45,2,43,華南永昌-高雄,2024-09-13,9303
2867,三商壽,56,13,43,華南永昌-高雄,2024-09-13,9303
8043,蜜望實,48,6,42,華南永昌-高雄,2024-09-13,9303
00915,凱基優選高股息30,36,1,35,華南永昌-高雄,2024-09-13,9303
1904,正隆,33,0,33,華南永昌-高雄,2024-09-13,9303
2891,中信金,37,5,32,華南永昌-高雄,2024-09-13,9303
2515,中工,31,0,31,華南永昌-高雄,2024-09-13,9303
4979,華星光,69,41,28,華南永昌-高雄,2024-09-13,9303
2890,永豐金,31,6,25,華南永昌-高雄,2024-09-13,9303
3057,喬鼎,26,1,25,華南永昌-高雄,2024-09-13,9303
6133,金橋,39,17,22,華南永昌-高雄,2024-09-13,9303
0056,元大高股息,24,3,21,華南永昌-高雄,2024-09-13,9303
00751B,元大AAA至A公司債,22,1,21,華南永昌-高雄,2024-09-13,9303
6606,建德工業,22,1,21,華南永昌-高雄,2024-09-13,9303
5871,中租-KY,21,0,21,華南永昌-高雄,2024-09-13,9303
00949,復華日本龍頭,20,0,20,華南永昌-高雄,2024-09-13,9303
4105,東洋,20,0,20,華南永昌-高雄,2024-09-13,9303
2408,南亞科,18,0,18,華南永昌-高雄,2024-09-13,9303
6546,正基,18,0,18,華南永昌-高雄,2024-09-13,9303
00676R,富邦臺灣加權反1,16,0,16,華南永昌-高雄,2024-09-13,9303
00937B,群益ESG投等債20,39,24,15,華南永昌-高雄,2024-09-13,9303
6603,富強鑫,15,0,15,華南永昌-高雄,2024-09-13,9303
6285,啟��,15,0,15,華南永昌-高雄,2024-09-13,9303
00940,元大台灣價值高息,24,10,14,華南永昌-高雄,2024-09-13,9303
2356,英業達,21,7,14,華南永昌-高雄,2024-09-13,9303
5234,達興材料,15,1,14,華南永昌-高雄,2024-09-13,9303
00680L,元大美債20正2,14,1,13,華南永昌-高雄,2024-09-13,9303
4958,臻鼎-KY,14,2,12,華南永昌-高雄,2024-09-13,9303
4540,全球傳動,13,1,12,華南永昌-高雄,2024-09-13,9303
3706,神達,21,9,12,華南永昌-高雄,2024-09-13,9303
6530,創威,68,56,12,華南永昌-高雄,2024-09-13,9303
3303,岱稜,47,35,12,華南永昌-高雄,2024-09-13,9303
3013,晟銘電,15,4,11,華南永昌-高雄,2024-09-13,9303
00632R,元大台灣50反1,10,0,10,華南永昌-高雄,2024-09-13,9303
4420,光明,10,0,10,華南永昌-高雄,2024-09-13,9303
8039,台虹,16,7,9,華南永昌-高雄,2024-09-13,9303
8099,大世科,10,1,9,華南永昌-高雄,2024-09-13,9303
3380,明泰,12,3,9,華南永昌-高雄,2024-09-13,9303
6142,友勁,9,0,9,華南永昌-高雄,2024-09-13,9303
8277,商丞,9,0,9,華南永昌-高雄,2024-09-13,9303
1513,中興電,12,4,8,華南永昌-高雄,2024-09-13,9303
6116,彩晶,177,5,172,華南永昌-高雄,2024-09-16,9303
2801,彰銀,163,12,151,華南永昌-高雄,2024-09-16,9303
00687B,國泰20年美債,225,74,151,華南永昌-高雄,2024-09-16,9303
1904,正隆,150,0,150,華南永昌-高雄,2024-09-16,9303
00680L,元大美債20正2,191,60,131,華南永昌-高雄,2024-09-16,9303
1808,潤隆,103,6,97,華南永昌-高雄,2024-09-16,9303
00715L,期街口布蘭特正2,90,0,90,華南永昌-高雄,2024-09-16,9303
1464,得力,100,10,90,華南永昌-高雄,2024-09-16,9303
5438,東友,88,0,88,華南永昌-高雄,2024-09-16,9303
00937B,群益ESG投等債20,79,0,79,華南永昌-高雄,2024-09-16,9303
00712,復華富時不動產,139,70,69,華南永昌-高雄,2024-09-16,9303
00679B,元大美債20年,91,26,65,華南永昌-高雄,2024-09-16,9303
3535,晶彩科,47,1,46,華南永昌-高雄,2024-09-16,9303
00915,凱基優選高股息30,48,4,44,華南永昌-高雄,2024-09-16,9303
4977,眾達-KY,47,5,42,華南永昌-高雄,2024-09-16,9303
00918,大華優利高填息30,41,0,41,華南永昌-高雄,2024-09-16,9303
2891,中信金,45,5,40,華南永昌-高雄,2024-09-16,9303
00688L,國泰20年美債正2,53,15,38,華南永昌-高雄,2024-09-16,9303
2834,臺企銀,43,7,36,華南永昌-高雄,2024-09-16,9303
2408,南亞科,40,4,36,華南永昌-高雄,2024-09-16,9303
8249,菱光,36,0,36,華南永昌-高雄,2024-09-16,9303
00857B,永豐20年美公債,34,0,34,華南永昌-高雄,2024-09-16,9303
00713,元大台灣高息低波,34,3,31,華南永昌-高雄,2024-09-16,9303
00632R,元大台灣50反1,31,0,31,華南永昌-高雄,2024-09-16,9303
00733,富邦臺灣中小,30,0,30,華南永昌-高雄,2024-09-16,9303
1303,南亞,34,5,29,華南永昌-高雄,2024-09-16,9303
00929,復華台灣科技優息,42,15,27,華南永昌-高雄,2024-09-16,9303
2349,錸德,44,21,23,華南永昌-高雄,2024-09-16,9303
00959B,大華投等美債15Y+,23,0,23,華南永昌-高雄,2024-09-16,9303
3019,亞光,26,3,23,華南永昌-高雄,2024-09-16,9303
1711,永光,99,76,23,華南永昌-高雄,2024-09-16,9303
5871,中租-KY,23,1,22,華南永昌-高雄,2024-09-16,9303
00946,群益科技高息成長,20,0,20,華南永昌-高雄,2024-09-16,9303
3057,喬鼎,21,1,20,華南永昌-高雄,2024-09-16,9303
4128,中天,20,0,20,華南永昌-高雄,2024-09-16,9303
1414,東和,20,0,20,華南永昌-高雄,2024-09-16,9303
00878,國泰永續高股息,22,4,18,華南永昌-高雄,2024-09-16,9303
3062,建漢,67,50,17,華南永昌-高雄,2024-09-16,9303
1304,台聚,17,0,17,華南永昌-高雄,2024-09-16,9303
00720B,元大投資級公司債,18,1,17,華南永昌-高雄,2024-09-16,9303
4716,大立,17,0,17,華南永昌-高雄,2024-09-16,9303
00943,兆豐電子高息等權,16,0,16,華南永昌-高雄,2024-09-16,9303
2867,三商壽,23,7,16,華南永昌-高雄,2024-09-16,9303
6442,光聖,20,4,16,華南永昌-高雄,2024-09-16,9303
2399,映泰,33,17,16,華南永昌-高雄,2024-09-16,9303
00882,中信中國高股息,16,0,16,華南永昌-高雄,2024-09-16,9303
2201,裕隆,22,6,16,華南永昌-高雄,2024-09-16,9303
00676R,富邦臺灣加權反1,16,0,16,華南永昌-高雄,2024-09-16,9303
3576,聯合再生,40,25,15,華南永昌-高雄,2024-09-16,9303
00664R,國泰臺灣加權反1,15,0,15,華南永昌-高雄,2024-09-16,9303
2888,新光金,908,508,400,華南永昌-高雄,2024-09-18,9303
1904,正隆,240,0,240,華南永昌-高雄,2024-09-18,9303
00937B,群益ESG投等債20,256,32,224,華南永昌-高雄,2024-09-18,9303
00929,復華台灣科技優息,190,2,188,華南永昌-高雄,2024-09-18,9303
00919,群益台灣精選高息,162,2,160,華南永昌-高雄,2024-09-18,9303
2317,鴻海,117,6,111,華南永昌-高雄,2024-09-18,9303
6116,彩晶,74,0,74,華南永昌-高雄,2024-09-18,9303
00915,凱基優選高股息30,72,2,70,華南永昌-高雄,2024-09-18,9303
00706L,期元大S＆P日圓正2,59,0,59,華南永昌-高雄,2024-09-18,9303
1721,三晃,71,14,57,華南永昌-高雄,2024-09-18,9303
00687B,國泰20年美債,102,57,45,華南永昌-高雄,2024-09-18,9303
1808,潤隆,46,3,43,華南永昌-高雄,2024-09-18,9303
00676R,富邦臺灣加權反1,41,0,41,華南永昌-高雄,2024-09-18,9303
00857B,永豐20年美公債,38,0,38,華南永昌-高雄,2024-09-18,9303
00878,國泰永續高股息,47,12,35,華南永昌-高雄,2024-09-18,9303
2408,南亞科,30,0,30,華南永昌-高雄,2024-09-18,9303
00795B,中信美國公債20年,30,0,30,華南永昌-高雄,2024-09-18,9303
00940,元大台灣價值高息,33,4,29,華南永昌-高雄,2024-09-18,9303
1312,國喬,32,4,28,華南永昌-高雄,2024-09-18,9303
00713,元大台灣高息低波,27,0,27,華南永昌-高雄,2024-09-18,9303
4908,前鼎,40,14,26,華南永昌-高雄,2024-09-18,9303
2313,華通,70,45,25,華南永昌-高雄,2024-09-18,9303
00951,台新日本半導體,25,0,25,華南永昌-高雄,2024-09-18,9303
2002,中鋼,35,10,25,華南永昌-高雄,2024-09-18,9303
3057,喬鼎,25,1,24,華南永昌-高雄,2024-09-18,9303
2887,台新金,35,12,23,華南永昌-高雄,2024-09-18,9303
00773B,中信優先金融債,25,2,23,華南永昌-高雄,2024-09-18,9303
2515,中工,22,0,22,華南永昌-高雄,2024-09-18,9303
00688L,國泰20年美債正2,24,3,21,華南永昌-高雄,2024-09-18,9303
4114,健喬,20,0,20,華南永昌-高雄,2024-09-18,9303
2382,廣達,25,5,20,華南永昌-高雄,2024-09-18,9303
2303,聯電,23,3,20,華南永昌-高雄,2024-09-18,9303
00673R,期元大S＆P原油反1,20,0,20,華南永昌-高雄,2024-09-18,9303
2103,台橡,20,0,20,華南永昌-高雄,2024-09-18,9303
6901,鑽石投資,20,0,20,華南永昌-高雄,2024-09-18,9303
5905,南仁湖,26,7,19,華南永昌-高雄,2024-09-18,9303
4716,大立,19,0,19,華南永昌-高雄,2024-09-18,9303
1314,中石化,27,9,18,華南永昌-高雄,2024-09-18,9303
0056,元大高股息,18,1,17,華南永昌-高雄,2024-09-18,9303
2201,裕隆,18,1,17,華南永昌-高雄,2024-09-18,9303
2330,台積電,18,2,16,華南永昌-高雄,2024-09-18,9303
00934,中信成長高股息,253,237,16,華南永昌-高雄,2024-09-18,9303
00900,富邦特選高股息30,16,0,16,華南永昌-高雄,2024-09-18,9303
3607,谷崧,17,1,16,華南永昌-高雄,2024-09-18,9303
2834,臺企銀,20,4,16,華南永昌-高雄,2024-09-18,9303
00959B,大華投等美債15Y+,15,0,15,華南永昌-高雄,2024-09-18,9303
9105,泰金寶-DR,15,1,14,華南永昌-高雄,2024-09-18,9303
6274,台燿,15,1,14,華南永昌-高雄,2024-09-18,9303
00933B,國泰10Y+金融債,17,3,14,華南永昌-高雄,2024-09-18,9303
3715,定穎投控,25,11,14,華南永昌-高雄,2024-09-18,9303
3049,精金,526,26,500,華南永昌-高雄,2024-09-19,9303
00632R,元大台灣50反1,391,0,391,華南永昌-高雄,2024-09-19,9303
00688L,國泰20年美債正2,254,0,254,華南永昌-高雄,2024-09-19,9303
00679B,元大美債20年,275,37,238,華南永昌-高雄,2024-09-19,9303
00919,群益台灣精選高息,232,44,188,華南永昌-高雄,2024-09-19,9303
00687B,國泰20年美債,194,36,158,華南永昌-高雄,2024-09-19,9303
00945B,凱基美國非投等債,103,0,103,華南永昌-高雄,2024-09-19,9303
00929,復華台灣科技優息,102,8,94,華南永昌-高雄,2024-09-19,9303
00937B,群益ESG投等債20,87,1,86,華南永昌-高雄,2024-09-19,9303
2888,新光金,232,154,78,華南永昌-高雄,2024-09-19,9303
00713,元大台灣高息低波,66,1,65,華南永昌-高雄,2024-09-19,9303
00706L,期元大S＆P日圓正2,55,0,55,華南永昌-高雄,2024-09-19,9303
4716,大立,86,31,55,華南永昌-高雄,2024-09-19,9303
00948B,中信優息投資級債,54,6,48,華南永昌-高雄,2024-09-19,9303
2025,千興,30,1,29,華南永昌-高雄,2024-09-19,9303
1582,信錦,41,13,28,華南永昌-高雄,2024-09-19,9303
4306,炎洲,23,0,23,華南永昌-高雄,2024-09-19,9303
6152,百一,23,1,22,華南永昌-高雄,2024-09-19,9303
4113,聯上,30,8,22,華南永昌-高雄,2024-09-19,9303
00918,大華優利高填息30,29,8,21,華南永昌-高雄,2024-09-19,9303
2497,怡利電,32,11,21,華南永昌-高雄,2024-09-19,9303
00915,凱基優選高股息30,31,10,21,華南永昌-高雄,2024-09-19,9303
00671R,富邦NASDAQ反1,18,0,18,華南永昌-高雄,2024-09-19,9303
00637L,元大滬深300正2,36,19,17,華南永昌-高雄,2024-09-19,9303
1808,潤隆,34,17,17,華南永昌-高雄,2024-09-19,9303
00676R,富邦臺灣加權反1,16,0,16,華南永昌-高雄,2024-09-19,9303
2408,南亞科,22,6,16,華南永昌-高雄,2024-09-19,9303
00648R,元大S＆P500反1,16,0,16,華南永昌-高雄,2024-09-19,9303
3615,安可,15,0,15,華南永昌-高雄,2024-09-19,9303
4127,天良,15,0,15,華南永昌-高雄,2024-09-19,9303
00878,國泰永續高股息,18,4,14,華南永昌-高雄,2024-09-19,9303
2344,華邦電,15,2,13,華南永昌-高雄,2024-09-19,9303
00639,富邦深100,13,0,13,華南永昌-高雄,2024-09-19,9303
6257,矽格,21,8,13,華南永昌-高雄,2024-09-19,9303
3583,辛耘,59,47,12,華南永昌-高雄,2024-09-19,9303
4903,聯光通,28,16,12,華南永昌-高雄,2024-09-19,9303
8213,志超,11,0,11,華南永昌-高雄,2024-09-19,9303
6290,良維,13,2,11,華南永昌-高雄,2024-09-19,9303
2504,國產,13,2,11,華南永昌-高雄,2024-09-19,9303
1721,三晃,11,0,11,華南永昌-高雄,2024-09-19,9303
1301,台塑,13,3,10,華南永昌-高雄,2024-09-19,9303
2313,華通,25,15,10,華南永昌-高雄,2024-09-19,9303
8927,北基,12,2,10,華南永昌-高雄,2024-09-19,9303
3363,上詮,23,13,10,華南永昌-高雄,2024-09-19,9303
8074,鉅橡,17,7,10,華南永昌-高雄,2024-09-19,9303
1904,正隆,10,1,9,華南永昌-高雄,2024-09-19,9303
3673,TPK-KY,12,3,9,華南永昌-高雄,2024-09-19,9303
3581,博磊,18,9,9,華南永昌-高雄,2024-09-19,9303
6151,晉倫,9,0,9,華南永昌-高雄,2024-09-19,9303
4526,東台,13,4,9,華南永昌-高雄,2024-09-19,9303
2888,新光金,899,676,223,華南永昌-高雄,2024-09-20,9303
00680L,元大美債20正2,163,7,156,華南永昌-高雄,2024-09-20,9303
00937B,群益ESG投等債20,231,84,147,華南永昌-高雄,2024-09-20,9303
00919,群益台灣精選高息,119,5,114,華南永昌-高雄,2024-09-20,9303
00958B,永豐ESG銀行債15,121,10,111,華南永昌-高雄,2024-09-20,9303
2002,中鋼,117,13,104,華南永昌-高雄,2024-09-20,9303
1721,三晃,129,26,103,華南永昌-高雄,2024-09-20,9303
2106,建大,101,0,101,華南永昌-高雄,2024-09-20,9303
00687B,國泰20年美債,107,39,68,華南永昌-高雄,2024-09-20,9303
00929,復華台灣科技優息,78,16,62,華南永昌-高雄,2024-09-20,9303
4979,華星光,89,34,55,華南永昌-高雄,2024-09-20,9303
00857B,永豐20年美公債,54,0,54,華南永昌-高雄,2024-09-20,9303
3048,益登,47,0,47,華南永昌-高雄,2024-09-20,9303
2883,凱基金,49,3,46,華南永昌-高雄,2024-09-20,9303
6698,旭暉應材,46,2,44,華南永昌-高雄,2024-09-20,9303
00942B,台新美A公司債20+,41,0,41,華南永昌-高雄,2024-09-20,9303
2486,一詮,40,0,40,華南永昌-高雄,2024-09-20,9303
1711,永光,100,66,34,華南永昌-高雄,2024-09-20,9303
00688L,國泰20年美債正2,40,6,34,華南永昌-高雄,2024-09-20,9303
1316,上曜,60,27,33,華南永昌-高雄,2024-09-20,9303
2408,南亞科,37,5,32,華南永昌-高雄,2024-09-20,9303
4989,榮科,31,0,31,華南永昌-高雄,2024-09-20,9303
6901,鑽石投資,30,0,30,華南永昌-高雄,2024-09-20,9303
2867,三商壽,29,0,29,華南永昌-高雄,2024-09-20,9303
3049,精金,32,3,29,華南永昌-高雄,2024-09-20,9303
3231,緯創,32,5,27,華南永昌-高雄,2024-09-20,9303
2887,台新金,28,2,26,華南永昌-高雄,2024-09-20,9303
00918,大華優利高填息30,27,2,25,華南永昌-高雄,2024-09-20,9303
6257,矽格,25,0,25,華南永昌-高雄,2024-09-20,9303
1785,光洋科,59,35,24,華南永昌-高雄,2024-09-20,9303
00679B,元大美債20年,50,27,23,華南永昌-高雄,2024-09-20,9303
8929,富堡,27,5,22,華南永昌-高雄,2024-09-20,9303
8927,北基,21,1,20,華南永昌-高雄,2024-09-20,9303
1582,信錦,20,1,19,華南永昌-高雄,2024-09-20,9303
00712,復華富時不動產,19,0,19,華南永昌-高雄,2024-09-20,9303
4931,新盛力,23,4,19,華南永昌-高雄,2024-09-20,9303
8085,福華,18,0,18,華南永昌-高雄,2024-09-20,9303
6517,保勝光學,19,1,18,華南永昌-高雄,2024-09-20,9303
4113,聯上,17,0,17,華南永昌-高雄,2024-09-20,9303
5519,隆大,23,7,16,華南永昌-高雄,2024-09-20,9303
2449,京元電子,28,12,16,華南永昌-高雄,2024-09-20,9303
4174,浩鼎,15,0,15,華南永昌-高雄,2024-09-20,9303
3512,皇龍,18,3,15,華南永昌-高雄,2024-09-20,9303
6122,擎邦,15,0,15,華南永昌-高雄,2024-09-20,9303
2915,潤泰全,14,0,14,華南永昌-高雄,2024-09-20,9303
2062,橋椿,64,50,14,華南永昌-高雄,2024-09-20,9303
6216,居易,16,2,14,華南永昌-高雄,2024-09-20,9303
2464,盟立,44,30,14,華南永昌-高雄,2024-09-20,9303
00713,元大台灣高息低波,13,0,13,華南永昌-高雄,2024-09-20,9303
6509,聚和,16,3,13,華南永昌-高雄,2024-09-20,9303
3049,精金,543,37,506,華南永昌-高雄,2024-09-23,9303
2888,新光金,489,163,326,華南永昌-高雄,2024-09-23,9303
1309,台達化,105,5,100,華南永昌-高雄,2024-09-23,9303
4967,十銓,99,3,96,華南永昌-高雄,2024-09-23,9303
00919,群益台灣精選高息,110,17,93,華南永昌-高雄,2024-09-23,9303
6405,悅城,54,4,50,華南永昌-高雄,2024-09-23,9303
3558,神準,48,0,48,華南永昌-高雄,2024-09-23,9303
00937B,群益ESG投等債20,58,11,47,華南永昌-高雄,2024-09-23,9303
2070,精湛,55,10,45,華南永昌-高雄,2024-09-23,9303
00929,復華台灣科技優息,56,13,43,華南永昌-高雄,2024-09-23,9303
00720B,元大投資級公司債,41,0,41,華南永昌-高雄,2024-09-23,9303
3481,群創,45,8,37,華南永昌-高雄,2024-09-23,9303
3231,緯創,37,1,36,華南永昌-高雄,2024-09-23,9303
2867,三商壽,32,0,32,華南永昌-高雄,2024-09-23,9303
3048,益登,33,3,30,華南永昌-高雄,2024-09-23,9303
1314,中石化,31,6,25,華南永昌-高雄,2024-09-23,9303
2891,中信金,164,140,24,華南永昌-高雄,2024-09-23,9303
2408,南亞科,23,1,22,華南永昌-高雄,2024-09-23,9303
2905,三商,21,0,21,華南永昌-高雄,2024-09-23,9303
1617,榮星,20,0,20,華南永昌-高雄,2024-09-23,9303
6509,聚和,20,0,20,華南永昌-高雄,2024-09-23,9303
1409,新纖,24,6,18,華南永昌-高雄,2024-09-23,9303
4908,前鼎,21,4,17,華南永昌-高雄,2024-09-23,9303
00676R,富邦臺灣加權反1,16,0,16,華南永昌-高雄,2024-09-23,9303
1584,精剛,18,2,16,華南永昌-高雄,2024-09-23,9303
00918,大華優利高填息30,15,0,15,華南永昌-高雄,2024-09-23,9303
00632R,元大台灣50反1,15,0,15,華南永昌-高雄,2024-09-23,9303
6207,雷科,15,1,14,華南永昌-高雄,2024-09-23,9303
1536,和大,16,2,14,華南永昌-高雄,2024-09-23,9303
2455,全新,15,1,14,華南永昌-高雄,2024-09-23,9303
2515,中工,13,0,13,華南永昌-高雄,2024-09-23,9303
1316,上曜,13,0,13,華南永昌-高雄,2024-09-23,9303
4562,穎漢,22,10,12,華南永昌-高雄,2024-09-23,9303
1709,和益,16,4,12,華南永昌-高雄,2024-09-23,9303
2425,承啟,20,8,12,華南永昌-高雄,2024-09-23,9303
2062,橋椿,17,6,11,華南永昌-高雄,2024-09-23,9303
00688L,國泰20年美債正2,19,8,11,華南永昌-高雄,2024-09-23,9303
00680L,元大美債20正2,40,29,11,華南永昌-高雄,2024-09-23,9303
2464,盟立,16,5,11,華南永昌-高雄,2024-09-23,9303
4114,健喬,10,0,10,華南永昌-高雄,2024-09-23,9303
2014,中鴻,10,0,10,華南永昌-高雄,2024-09-23,9303
5905,南仁湖,12,2,10,華南永昌-高雄,2024-09-23,9303
2477,美隆電,10,0,10,華南永昌-高雄,2024-09-23,9303
1806,冠軍,14,4,10,華南永昌-高雄,2024-09-23,9303
3518,柏騰,10,0,10,華南永昌-高雄,2024-09-23,9303
6901,鑽石投資,10,0,10,華南永昌-高雄,2024-09-23,9303
4722,國精化,12,2,10,華南永昌-高雄,2024-09-23,9303
8050,廣積,10,0,10,華南永昌-高雄,2024-09-23,9303
4707,磐亞,24,15,9,華南永昌-高雄,2024-09-23,9303
00942B,台新美A公司債20+,9,0,9,華南永昌-高雄,2024-09-23,9303
00632R,元大台灣50反1,931,79,852,華南永昌-高雄,2024-09-24,9303
00933B,國泰10Y+金融債,126,10,116,華南永昌-高雄,2024-09-24,9303
00687B,國泰20年美債,101,3,98,華南永昌-高雄,2024-09-24,9303
1584,精剛,92,10,82,華南永昌-高雄,2024-09-24,9303
00679B,元大美債20年,115,33,82,華南永昌-高雄,2024-09-24,9303
3605,宏致,81,2,79,華南永昌-高雄,2024-09-24,9303
3013,晟銘電,93,34,59,華南永昌-高雄,2024-09-24,9303
2356,英業達,63,5,58,華南永昌-高雄,2024-09-24,9303
00857B,永豐20年美公債,58,0,58,華南永昌-高雄,2024-09-24,9303
2891,中信金,54,3,51,華南永昌-高雄,2024-09-24,9303
00929,復華台灣科技優息,50,4,46,華南永昌-高雄,2024-09-24,9303
00915,凱基優選高股息30,41,0,41,華南永昌-高雄,2024-09-24,9303
1721,三晃,45,5,40,華南永昌-高雄,2024-09-24,9303
1582,信錦,40,0,40,華南永昌-高雄,2024-09-24,9303
2408,南亞科,37,1,36,華南永昌-高雄,2024-09-24,9303
3037,欣興,35,0,35,華南永昌-高雄,2024-09-24,9303
3376,新日興,38,3,35,華南永昌-高雄,2024-09-24,9303
2890,永豐金,65,32,33,華南永昌-高雄,2024-09-24,9303
00637L,元大滬深300正2,67,34,33,華南永昌-高雄,2024-09-24,9303
1304,台聚,30,0,30,華南永昌-高雄,2024-09-24,9303
00664R,國泰臺灣加權反1,30,0,30,華南永昌-高雄,2024-09-24,9303
00764B,群益25年美債,30,0,30,華南永昌-高雄,2024-09-24,9303
00712,復華富時不動產,27,0,27,華南永昌-高雄,2024-09-24,9303
00633L,富邦上証正2,26,0,26,華南永昌-高雄,2024-09-24,9303
00919,群益台灣精選高息,45,19,26,華南永昌-高雄,2024-09-24,9303
5871,中租-KY,22,0,22,華南永昌-高雄,2024-09-24,9303
00688L,國泰20年美債正2,22,0,22,華南永昌-高雄,2024-09-24,9303
00937B,群益ESG投等債20,32,12,20,華南永昌-高雄,2024-09-24,9303
1590,亞德客-KY,20,0,20,華南永昌-高雄,2024-09-24,9303
3149,正達,86,66,20,華南永昌-高雄,2024-09-24,9303
3374,精材,37,19,18,華南永昌-高雄,2024-09-24,9303
2887,台新金,21,3,18,華南永昌-高雄,2024-09-24,9303
2349,錸德,19,1,18,華南永昌-高雄,2024-09-24,9303
2417,圓剛,24,7,17,華南永昌-高雄,2024-09-24,9303
00902,中信電池及儲能,17,0,17,華南永昌-高雄,2024-09-24,9303
6216,居易,17,0,17,華南永昌-高雄,2024-09-24,9303
00751B,元大AAA至A公司債,14,0,14,華南永昌-高雄,2024-09-24,9303
2641,正德,15,1,14,華南永昌-高雄,2024-09-24,9303
1808,潤隆,49,36,13,華南永昌-高雄,2024-09-24,9303
00650L,復華香港正2,23,10,13,華南永昌-高雄,2024-09-24,9303
6546,正基,37,24,13,華南永昌-高雄,2024-09-24,9303
4977,眾達-KY,14,1,13,華南永昌-高雄,2024-09-24,9303
6516,勤崴國際,12,0,12,華南永昌-高雄,2024-09-24,9303
00713,元大台灣高息低波,12,0,12,華南永昌-高雄,2024-09-24,9303
00948B,中信優息投資級債,11,0,11,華南永昌-高雄,2024-09-24,9303
2867,三商壽,10,0,10,華南永昌-高雄,2024-09-24,9303
2515,中工,16,6,10,華南永昌-高雄,2024-09-24,9303
2429,銘旺科,10,0,10,華南永昌-高雄,2024-09-24,9303
2545,皇翔,10,0,10,華南永昌-高雄,2024-09-24,9303
6901,鑽石投資,10,0,10,華南永昌-高雄,2024-09-24,9303
00637L,元大滬深300正2,217,65,152,華南永昌-高雄,2024-09-25,9303
4903,聯光通,127,11,116,華南永昌-高雄,2024-09-25,9303
3714,富采,115,6,109,華南永昌-高雄,2024-09-25,9303
8070,長華*,117,11,106,華南永昌-高雄,2024-09-25,9303
6405,悅城,107,7,100,華南永昌-高雄,2024-09-25,9303
00753L,中信中國50正2,95,17,78,華南永昌-高雄,2024-09-25,9303
2891,中信金,83,13,70,華南永昌-高雄,2024-09-25,9303
6834,天二科技,66,2,64,華南永昌-高雄,2024-09-25,9303
2888,新光金,89,27,62,華南永昌-高雄,2024-09-25,9303
6698,旭暉應材,60,1,59,華南永昌-高雄,2024-09-25,9303
2883,凱基金,56,3,53,華南永昌-高雄,2024-09-25,9303
2017,官田鋼,52,0,52,華南永昌-高雄,2024-09-25,9303
00687B,國泰20年美債,42,2,40,華南永昌-高雄,2024-09-25,9303
1584,精剛,39,2,37,華南永昌-高雄,2024-09-25,9303
2801,彰銀,40,7,33,華南永昌-高雄,2024-09-25,9303
8150,南茂,34,1,33,華南永昌-高雄,2024-09-25,9303
1789,神隆,33,0,33,華南永昌-高雄,2024-09-25,9303
00725B,國泰投資級公司債,32,0,32,華南永昌-高雄,2024-09-25,9303
6877,鏵友益,33,1,32,華南永昌-高雄,2024-09-25,9303
00751B,元大AAA至A公司債,31,0,31,華南永昌-高雄,2024-09-25,9303
8054,安國,43,13,30,華南永昌-高雄,2024-09-25,9303
00740B,富邦全球投等債,30,0,30,華南永昌-高雄,2024-09-25,9303
00633L,富邦上証正2,29,0,29,華南永昌-高雄,2024-09-25,9303
5488,松普,28,0,28,華南永昌-高雄,2024-09-25,9303
00960,野村全球航運龍頭,71,44,27,華南永昌-高雄,2024-09-25,9303
3047,訊舟,58,32,26,華南永昌-高雄,2024-09-25,9303
2890,永豐金,28,2,26,華南永昌-高雄,2024-09-25,9303
00940,元大台灣價值高息,37,12,25,華南永昌-高雄,2024-09-25,9303
8043,蜜望實,25,1,24,華南永昌-高雄,2024-09-25,9303
00722B,群益投資級電信債,23,0,23,華南永昌-高雄,2024-09-25,9303
3363,上詮,30,9,21,華南永昌-高雄,2024-09-25,9303
1582,信錦,21,0,21,華南永昌-高雄,2024-09-25,9303
1524,耿鼎,30,11,19,華南永昌-高雄,2024-09-25,9303
4909,新復興,74,56,18,華南永昌-高雄,2024-09-25,9303
3149,正達,51,34,17,華南永昌-高雄,2024-09-25,9303
2408,南亞科,18,1,17,華南永昌-高雄,2024-09-25,9303
00676R,富邦臺灣加權反1,16,0,16,華南永昌-高雄,2024-09-25,9303
2867,三商壽,17,1,16,華南永昌-高雄,2024-09-25,9303
3406,玉晶光,17,2,15,華南永昌-高雄,2024-09-25,9303
1590,亞德客-KY,17,2,15,華南永昌-高雄,2024-09-25,9303
2109,華豐,15,0,15,華南永昌-高雄,2024-09-25,9303
00651R,復華香港反1,15,0,15,華南永昌-高雄,2024-09-25,9303
3049,精金,16,2,14,華南永昌-高雄,2024-09-25,9303
4716,大立,29,15,14,華南永昌-高雄,2024-09-25,9303
3062,建漢,23,10,13,華南永昌-高雄,2024-09-25,9303
00935,野村臺灣新科技50,15,3,12,華南永昌-高雄,2024-09-25,9303
6548,長科*,16,4,12,華南永昌-高雄,2024-09-25,9303
2388,威盛,15,4,11,華南永昌-高雄,2024-09-25,9303
1447,力鵬,11,0,11,華南永昌-高雄,2024-09-25,9303
00953B,群益優選非投等債,11,0,11,華南永昌-高雄,2024-09-25,9303
00680L,元大美債20正2,213,21,192,華南永昌-高雄,2024-09-26,9303
00960,野村全球航運龍頭,190,45,145,華南永昌-高雄,2024-09-26,9303
00937B,群益ESG投等債20,135,7,128,華南永昌-高雄,2024-09-26,9303
2002,中鋼,117,3,114,華南永昌-高雄,2024-09-26,9303
2881,富邦金,108,3,105,華南永昌-高雄,2024-09-26,9303
00687B,國泰20年美債,120,17,103,華南永昌-高雄,2024-09-26,9303
00679B,元大美債20年,96,10,86,華南永昌-高雄,2024-09-26,9303
00715L,期街口布蘭特正2,87,10,77,華南永昌-高雄,2024-09-26,9303
00940,元大台灣價值高息,108,43,65,華南永昌-高雄,2024-09-26,9303
2408,南亞科,64,6,58,華南永昌-高雄,2024-09-26,9303
00637L,元大滬深300正2,75,23,52,華南永昌-高雄,2024-09-26,9303
00948B,中信優息投資級債,50,0,50,華南永昌-高雄,2024-09-26,9303
00688L,國泰20年美債正2,48,0,48,華南永昌-高雄,2024-09-26,9303
4909,新復興,49,11,38,華南永昌-高雄,2024-09-26,9303
6873,泓德能源,50,13,37,華南永昌-高雄,2024-09-26,9303
1584,精剛,49,15,34,華南永昌-高雄,2024-09-26,9303
00950B,凱基A級公司債,32,0,32,華南永昌-高雄,2024-09-26,9303
8111,立��,68,36,32,華南永昌-高雄,2024-09-26,9303
1303,南亞,31,0,31,華南永昌-高雄,2024-09-26,9303
00915,凱基優選高股息30,34,4,30,華南永昌-高雄,2024-09-26,9303
4123,晟德,30,0,30,華南永昌-高雄,2024-09-26,9303
3037,欣興,33,4,29,華南永昌-高雄,2024-09-26,9303
2722,夏都,27,0,27,華南永昌-高雄,2024-09-26,9303
00713,元大台灣高息低波,26,0,26,華南永昌-高雄,2024-09-26,9303
2367,燿華,33,8,25,華南永昌-高雄,2024-09-26,9303
00857B,永豐20年美公債,25,2,23,華南永昌-高雄,2024-09-26,9303
2606,裕民,21,1,20,華南永昌-高雄,2024-09-26,9303
3049,精金,24,4,20,華南永昌-高雄,2024-09-26,9303
00878,國泰永續高股息,44,25,19,華南永昌-高雄,2024-09-26,9303
5347,世界,21,2,19,華南永昌-高雄,2024-09-26,9303
3006,晶豪科,21,3,18,華南永昌-高雄,2024-09-26,9303
00720B,元大投資級公司債,37,19,18,華南永昌-高雄,2024-09-26,9303
00931B,統一美債20年,19,2,17,華南永昌-高雄,2024-09-26,9303
2399,映泰,24,7,17,華南永昌-高雄,2024-09-26,9303
3673,TPK-KY,17,0,17,華南永昌-高雄,2024-09-26,9303
4726,永昕,16,0,16,華南永昌-高雄,2024-09-26,9303
2344,華邦電,25,9,16,華南永昌-高雄,2024-09-26,9303
2888,新光金,18,2,16,華南永昌-高雄,2024-09-26,9303
00933B,國泰10Y+金融債,25,10,15,華南永昌-高雄,2024-09-26,9303
4979,華星光,47,32,15,華南永昌-高雄,2024-09-26,9303
2401,凌陽,23,9,14,華南永昌-高雄,2024-09-26,9303
3231,緯創,16,2,14,華南永昌-高雄,2024-09-26,9303
1805,寶徠,14,0,14,華南永昌-高雄,2024-09-26,9303
3663,鑫科,25,11,14,華南永昌-高雄,2024-09-26,9303
3715,定穎投控,36,22,14,華南永昌-高雄,2024-09-26,9303
2356,英業達,15,2,13,華南永昌-高雄,2024-09-26,9303
4977,眾達-KY,14,1,13,華南永昌-高雄,2024-09-26,9303
0056,元大高股息,16,3,13,華南永昌-高雄,2024-09-26,9303
8039,台虹,16,3,13,華南永昌-高雄,2024-09-26,9303
3293,鈊象,17,4,13,華南永昌-高雄,2024-09-26,9303
00915,凱基優選高股息30,344,0,344,華南永昌-高雄,2024-09-27,9303
00680L,元大美債20正2,215,15,200,華南永昌-高雄,2024-09-27,9303
00937B,群益ESG投等債20,175,5,170,華南永昌-高雄,2024-09-27,9303
00687B,國泰20年美債,135,4,131,華南永昌-高雄,2024-09-27,9303
2891,中信金,120,0,120,華南永昌-高雄,2024-09-27,9303
00934,中信成長高股息,104,3,101,華南永昌-高雄,2024-09-27,9303
00953B,群益優選非投等債,100,0,100,華南永昌-高雄,2024-09-27,9303
00715L,期街口布蘭特正2,99,0,99,華南永昌-高雄,2024-09-27,9303
00688L,國泰20年美債正2,86,0,86,華南永昌-高雄,2024-09-27,9303
1584,精剛,91,16,75,華南永昌-高雄,2024-09-27,9303
00960,野村全球航運龍頭,79,17,62,華南永昌-高雄,2024-09-27,9303
1459,聯發,62,0,62,華南永昌-高雄,2024-09-27,9303
00948B,中信優息投資級債,61,0,61,華南永昌-高雄,2024-09-27,9303
1316,上曜,52,0,52,華南永昌-高雄,2024-09-27,9303
2208,台船,50,0,50,華南永昌-高雄,2024-09-27,9303
00940,元大台灣價值高息,61,12,49,華南永昌-高雄,2024-09-27,9303
2439,美律,61,13,48,華南永昌-高雄,2024-09-27,9303
5347,世界,46,0,46,華南永昌-高雄,2024-09-27,9303
5483,中美晶,48,3,45,華南永昌-高雄,2024-09-27,9303
00929,復華台灣科技優息,55,12,43,華南永昌-高雄,2024-09-27,9303
3376,新日興,40,0,40,華南永昌-高雄,2024-09-27,9303
2880,華南金,57,29,28,華南永昌-高雄,2024-09-27,9303
00632R,元大台灣50反1,145,117,28,華南永昌-高雄,2024-09-27,9303
9955,佳龍,27,0,27,華南永昌-高雄,2024-09-27,9303
00665L,富邦�琤肭磪囓�2,135,109,26,華南永昌-高雄,2024-09-27,9303
00857B,永豐20年美公債,27,1,26,華南永昌-高雄,2024-09-27,9303
3483,力致,44,19,25,華南永昌-高雄,2024-09-27,9303
6114,久威,25,1,24,華南永昌-高雄,2024-09-27,9303
00633L,富邦上証正2,30,6,24,華南永昌-高雄,2024-09-27,9303
6207,雷科,23,0,23,華南永昌-高雄,2024-09-27,9303
6188,廣明,29,6,23,華南永昌-高雄,2024-09-27,9303
5608,四維航,24,1,23,華南永昌-高雄,2024-09-27,9303
3363,上詮,31,10,21,華南永昌-高雄,2024-09-27,9303
00919,群益台灣精選高息,26,6,20,華南永昌-高雄,2024-09-27,9303
00664R,國泰臺灣加權反1,20,0,20,華南永昌-高雄,2024-09-27,9303
4909,新復興,34,14,20,華南永昌-高雄,2024-09-27,9303
3605,宏致,61,41,20,華南永昌-高雄,2024-09-27,9303
00676R,富邦臺灣加權反1,16,0,16,華南永昌-高雄,2024-09-27,9303
00650L,復華香港正2,105,90,15,華南永昌-高雄,2024-09-27,9303
2241,艾姆勒,26,11,15,華南永昌-高雄,2024-09-27,9303
5443,均豪,16,2,14,華南永昌-高雄,2024-09-27,9303
6840,東研信超,13,0,13,華南永昌-高雄,2024-09-27,9303
2399,映泰,20,7,13,華南永昌-高雄,2024-09-27,9303
4729,熒茂,122,109,13,華南永昌-高雄,2024-09-27,9303
6116,彩晶,85,73,12,華南永昌-高雄,2024-09-27,9303
2331,精英,12,0,12,華南永昌-高雄,2024-09-27,9303
6233,旺玖,15,3,12,華南永昌-高雄,2024-09-27,9303
5014,建錩,12,0,12,華南永昌-高雄,2024-09-27,9303
4513,福裕,11,0,11,華南永昌-高雄,2024-09-27,9303
00720B,元大投資級公司債,16,5,11,華南永昌-高雄,2024-09-27,9303
1904,正隆,220,1,219,華南永昌-高雄,2024-09-30,9303
00919,群益台灣精選高息,148,0,148,華南永昌-高雄,2024-09-30,9303
00753L,中信中國50正2,239,127,112,華南永昌-高雄,2024-09-30,9303
00946,群益科技高息成長,104,0,104,華南永昌-高雄,2024-09-30,9303
00665L,富邦�琤肭磪囓�2,148,45,103,華南永昌-高雄,2024-09-30,9303
00937B,群益ESG投等債20,184,83,101,華南永昌-高雄,2024-09-30,9303
00679B,元大美債20年,106,6,100,華南永昌-高雄,2024-09-30,9303
00688L,國泰20年美債正2,90,0,90,華南永昌-高雄,2024-09-30,9303
00929,復華台灣科技優息,124,50,74,華南永昌-高雄,2024-09-30,9303
00940,元大台灣價值高息,70,7,63,華南永昌-高雄,2024-09-30,9303
00687B,國泰20年美債,53,11,42,華南永昌-高雄,2024-09-30,9303
2605,新興,84,44,40,華南永昌-高雄,2024-09-30,9303
8111,立��,76,42,34,華南永昌-高雄,2024-09-30,9303
2615,萬海,116,83,33,華南永昌-高雄,2024-09-30,9303
2362,藍天,50,17,33,華南永昌-高雄,2024-09-30,9303
1909,榮成,37,4,33,華南永昌-高雄,2024-09-30,9303
00680L,元大美債20正2,34,2,32,華南永昌-高雄,2024-09-30,9303
00927,群益半導體收益,31,0,31,華南永昌-高雄,2024-09-30,9303
0050,元大台灣50,31,0,31,華南永昌-高雄,2024-09-30,9303
2612,中航,39,9,30,華南永昌-高雄,2024-09-30,9303
2028,威致,71,41,30,華南永昌-高雄,2024-09-30,9303
6901,鑽石投資,30,0,30,華南永昌-高雄,2024-09-30,9303
2408,南亞科,34,5,29,華南永昌-高雄,2024-09-30,9303
1314,中石化,31,5,26,華南永昌-高雄,2024-09-30,9303
9938,百和,34,8,26,華南永昌-高雄,2024-09-30,9303
2330,台積電,43,17,26,華南永昌-高雄,2024-09-30,9303
4726,永昕,25,0,25,華南永昌-高雄,2024-09-30,9303
2489,瑞軒,26,1,25,華南永昌-高雄,2024-09-30,9303
6598,ABC-KY,24,0,24,華南永昌-高雄,2024-09-30,9303
00905,FT臺灣Smart,23,0,23,華南永昌-高雄,2024-09-30,9303
5014,建錩,30,8,22,華南永昌-高雄,2024-09-30,9303
2007,燁興,106,86,20,華南永昌-高雄,2024-09-30,9303
2349,錸德,21,2,19,華南永昌-高雄,2024-09-30,9303
5876,上海商銀,19,0,19,華南永昌-高雄,2024-09-30,9303
1409,新纖,19,1,18,華南永昌-高雄,2024-09-30,9303
00935,野村臺灣新科技50,18,0,18,華南永昌-高雄,2024-09-30,9303
00881,國泰台灣5G+,21,3,18,華南永昌-高雄,2024-09-30,9303
8249,菱光,18,0,18,華南永昌-高雄,2024-09-30,9303
2880,華南金,24,7,17,華南永昌-高雄,2024-09-30,9303
00725B,國泰投資級公司債,17,0,17,華南永昌-高雄,2024-09-30,9303
00878,國泰永續高股息,99,82,17,華南永昌-高雄,2024-09-30,9303
6806,森崴能源,27,10,17,華南永昌-高雄,2024-09-30,9303
2022,聚亨,18,1,17,華南永昌-高雄,2024-09-30,9303
00960,野村全球航運龍頭,28,12,16,華南永昌-高雄,2024-09-30,9303
1471,首利,16,0,16,華南永昌-高雄,2024-09-30,9303
6550,北極星藥業-KY,20,4,16,華南永昌-高雄,2024-09-30,9303
2313,華通,15,0,15,華南永昌-高雄,2024-09-30,9303
2312,金寶,17,2,15,華南永昌-高雄,2024-09-30,9303
1217,愛之味,15,0,15,華南永昌-高雄,2024-09-30,9303
00945B,凱基美國非投等債,15,0,15,華南永昌-高雄,2024-09-30,9303
2867,三商壽,253,3,250,華南永昌-高雄,2024-10-01,9303
00753L,中信中國50正2,142,25,117,華南永昌-高雄,2024-10-01,9303
00929,復華台灣科技優息,81,2,79,華南永昌-高雄,2024-10-01,9303
00680L,元大美債20正2,100,30,70,華南永昌-高雄,2024-10-01,9303
5351,鈺創,68,1,67,華南永昌-高雄,2024-10-01,9303
4952,凌通,68,5,63,華南永昌-高雄,2024-10-01,9303
0056,元大高股息,46,2,44,華南永昌-高雄,2024-10-01,9303
00919,群益台灣精選高息,79,39,40,華南永昌-高雄,2024-10-01,9303
00679B,元大美債20年,39,2,37,華南永昌-高雄,2024-10-01,9303
5483,中美晶,36,1,35,華南永昌-高雄,2024-10-01,9303
00882,中信中國高股息,48,15,33,華南永昌-高雄,2024-10-01,9303
2890,永豐金,33,0,33,華南永昌-高雄,2024-10-01,9303
6838,台新藥,50,18,32,華南永昌-高雄,2024-10-01,9303
5234,達興材料,29,0,29,華南永昌-高雄,2024-10-01,9303
2615,萬海,148,119,29,華南永昌-高雄,2024-10-01,9303
00922,國泰台灣領袖50,25,0,25,華南永昌-高雄,2024-10-01,9303
3481,群創,25,0,25,華南永昌-高雄,2024-10-01,9303
2408,南亞科,31,6,25,華南永昌-高雄,2024-10-01,9303
00706L,期元大S＆P日圓正2,25,0,25,華南永昌-高雄,2024-10-01,9303
6530,創威,53,31,22,華南永昌-高雄,2024-10-01,9303
5876,上海商銀,21,0,21,華南永昌-高雄,2024-10-01,9303
4563,百德,75,54,21,華南永昌-高雄,2024-10-01,9303
6550,北極星藥業-KY,20,0,20,華南永昌-高雄,2024-10-01,9303
6266,泰詠,20,0,20,華南永昌-高雄,2024-10-01,9303
6901,鑽石投資,20,0,20,華南永昌-高雄,2024-10-01,9303
1417,嘉裕,21,2,19,華南永昌-高雄,2024-10-01,9303
3715,定穎投控,22,3,19,華南永昌-高雄,2024-10-01,9303
2455,全新,66,48,18,華南永昌-高雄,2024-10-01,9303
2316,楠梓電,18,0,18,華南永昌-高雄,2024-10-01,9303
00650L,復華香港正2,18,0,18,華南永昌-高雄,2024-10-01,9303
5014,建錩,20,2,18,華南永昌-高雄,2024-10-01,9303
2880,華南金,19,1,18,華南永昌-高雄,2024-10-01,9303
1569,濱川,19,2,17,華南永昌-高雄,2024-10-01,9303
3081,聯亞,56,39,17,華南永昌-高雄,2024-10-01,9303
00676R,富邦臺灣加權反1,16,0,16,華南永昌-高雄,2024-10-01,9303
00665L,富邦�琤肭磪囓�2,55,39,16,華南永昌-高雄,2024-10-01,9303
2605,新興,26,10,16,華南永昌-高雄,2024-10-01,9303
6438,迅得,18,2,16,華南永昌-高雄,2024-10-01,9303
4714,永捷,19,3,16,華南永昌-高雄,2024-10-01,9303
8996,高力,15,0,15,華南永昌-高雄,2024-10-01,9303
4968,立積,16,1,15,華南永昌-高雄,2024-10-01,9303
6505,台塑化,16,1,15,華南永昌-高雄,2024-10-01,9303
00637L,元大滬深300正2,31,16,15,華南永昌-高雄,2024-10-01,9303
00713,元大台灣高息低波,15,0,15,華南永昌-高雄,2024-10-01,9303
4716,大立,16,2,14,華南永昌-高雄,2024-10-01,9303
2363,矽統,24,11,13,華南永昌-高雄,2024-10-01,9303
2891,中信金,14,1,13,華南永昌-高雄,2024-10-01,9303
00946,群益科技高息成長,12,0,12,華南永昌-高雄,2024-10-01,9303
4526,東台,13,1,12,華南永昌-高雄,2024-10-01,9303
2504,國產,11,0,11,華南永昌-高雄,2024-10-01,9303
2618,長榮航,698,0,698,華南永昌-高雄,2024-10-04,9303
00680L,元大美債20正2,521,12,509,華南永昌-高雄,2024-10-04,9303
5864,致和證,170,0,170,華南永昌-高雄,2024-10-04,9303
00919,群益台灣精選高息,139,7,132,華南永昌-高雄,2024-10-04,9303
2880,華南金,119,2,117,華南永昌-高雄,2024-10-04,9303
2615,萬海,124,8,116,華南永昌-高雄,2024-10-04,9303
00665L,富邦�琤肭磪囓�2,120,12,108,華南永昌-高雄,2024-10-04,9303
2323,中環,113,17,96,華南永昌-高雄,2024-10-04,9303
2610,華航,89,2,87,華南永昌-高雄,2024-10-04,9303
1303,南亞,87,6,81,華南永昌-高雄,2024-10-04,9303
00929,復華台灣科技優息,178,100,78,華南永昌-高雄,2024-10-04,9303
00918,大華優利高填息30,75,7,68,華南永昌-高雄,2024-10-04,9303
00940,元大台灣價值高息,80,12,68,華南永昌-高雄,2024-10-04,9303
00688L,國泰20年美債正2,72,10,62,華南永昌-高雄,2024-10-04,9303
00912,中信臺灣智慧50,62,0,62,華南永昌-高雄,2024-10-04,9303
0056,元大高股息,62,1,61,華南永昌-高雄,2024-10-04,9303
2890,永豐金,59,0,59,華南永昌-高雄,2024-10-04,9303
1309,台達化,51,0,51,華南永昌-高雄,2024-10-04,9303
00948B,中信優息投資級債,50,0,50,華南永昌-高雄,2024-10-04,9303
00671R,富邦NASDAQ反1,50,0,50,華南永昌-高雄,2024-10-04,9303
2609,陽明,84,35,49,華南永昌-高雄,2024-10-04,9303
00960,野村全球航運龍頭,52,5,47,華南永昌-高雄,2024-10-04,9303
5483,中美晶,43,1,42,華南永昌-高雄,2024-10-04,9303
00878,國泰永續高股息,54,15,39,華南永昌-高雄,2024-10-04,9303
00679B,元大美債20年,52,13,39,華南永昌-高雄,2024-10-04,9303
1301,台塑,41,4,37,華南永昌-高雄,2024-10-04,9303
00939,統一台灣高息動能,36,0,36,華南永昌-高雄,2024-10-04,9303
2603,長榮,43,8,35,華南永昌-高雄,2024-10-04,9303
3025,星通,107,73,34,華南永昌-高雄,2024-10-04,9303
5234,達興材料,32,0,32,華南永昌-高雄,2024-10-04,9303
2891,中信金,32,2,30,華南永昌-高雄,2024-10-04,9303
6901,鑽石投資,30,0,30,華南永昌-高雄,2024-10-04,9303
5014,建錩,207,180,27,華南永昌-高雄,2024-10-04,9303
00915,凱基優選高股息30,27,1,26,華南永昌-高雄,2024-10-04,9303
00725B,國泰投資級公司債,26,0,26,華南永昌-高雄,2024-10-04,9303
912000,晨訊科-DR,26,0,26,華南永昌-高雄,2024-10-04,9303
6133,金橋,40,14,26,華南永昌-高雄,2024-10-04,9303
2408,南亞科,26,2,24,華南永昌-高雄,2024-10-04,9303
2027,大成鋼,21,0,21,華南永昌-高雄,2024-10-04,9303
00673R,期元大S＆P原油反1,21,0,21,華南永昌-高雄,2024-10-04,9303
2637,慧洋-KY,30,10,20,華南永昌-高雄,2024-10-04,9303
2241,艾姆勒,20,0,20,華南永昌-高雄,2024-10-04,9303
2382,廣達,28,9,19,華南永昌-高雄,2024-10-04,9303
2353,宏��,18,0,18,華南永昌-高雄,2024-10-04,9303
3374,精材,33,16,17,華南永昌-高雄,2024-10-04,9303
00943,兆豐電子高息等權,16,0,16,華南永昌-高雄,2024-10-04,9303
00712,復華富時不動產,16,0,16,華南永昌-高雄,2024-10-04,9303
4977,眾達-KY,16,0,16,華南永昌-高雄,2024-10-04,9303
6246,臺龍,61,45,16,華南永昌-高雄,2024-10-04,9303
2371,大同,15,0,15,華南永昌-高雄,2024-10-04,9303
00680L,元大美債20正2,828,0,828,華南永昌-高雄,2024-10-07,9303
00706L,期元大S＆P日圓正2,227,5,222,華南永昌-高雄,2024-10-07,9303
00882,中信中國高股息,222,109,113,華南永昌-高雄,2024-10-07,9303
4903,聯光通,120,14,106,華南永昌-高雄,2024-10-07,9303
00919,群益台灣精選高息,113,16,97,華南永昌-高雄,2024-10-07,9303
5213,亞昕,78,0,78,華南永昌-高雄,2024-10-07,9303
00937B,群益ESG投等債20,151,82,69,華南永昌-高雄,2024-10-07,9303
00650L,復華香港正2,75,8,67,華南永昌-高雄,2024-10-07,9303
2543,皇昌,98,49,49,華南永昌-高雄,2024-10-07,9303
00753L,中信中國50正2,256,209,47,華南永昌-高雄,2024-10-07,9303
00639,富邦深100,50,3,47,華南永昌-高雄,2024-10-07,9303
3045,台灣大,48,4,44,華南永昌-高雄,2024-10-07,9303
2208,台船,51,9,42,華南永昌-高雄,2024-10-07,9303
3591,艾笛森,40,1,39,華南永昌-高雄,2024-10-07,9303
00929,復華台灣科技優息,48,10,38,華南永昌-高雄,2024-10-07,9303
1586,和勤,37,0,37,華南永昌-高雄,2024-10-07,9303
00857B,永豐20年美公債,38,2,36,華南永昌-高雄,2024-10-07,9303
00632R,元大台灣50反1,36,0,36,華南永昌-高雄,2024-10-07,9303
00878,國泰永續高股息,48,13,35,華南永昌-高雄,2024-10-07,9303
4927,泰鼎-KY,35,0,35,華南永昌-高雄,2024-10-07,9303
00679B,元大美債20年,40,6,34,華南永昌-高雄,2024-10-07,9303
1806,冠軍,30,0,30,華南永昌-高雄,2024-10-07,9303
00950B,凱基A級公司債,30,0,30,華南永昌-高雄,2024-10-07,9303
6126,信音,32,2,30,華南永昌-高雄,2024-10-07,9303
00687B,國泰20年美債,62,34,28,華南永昌-高雄,2024-10-07,9303
6658,聯策,30,2,28,華南永昌-高雄,2024-10-07,9303
2601,益航,33,6,27,華南永昌-高雄,2024-10-07,9303
00933B,國泰10Y+金融債,164,140,24,華南永昌-高雄,2024-10-07,9303
8404,百和興業-KY,42,18,24,華南永昌-高雄,2024-10-07,9303
2609,陽明,38,15,23,華南永昌-高雄,2024-10-07,9303
00948B,中信優息投資級債,23,0,23,華南永昌-高雄,2024-10-07,9303
00943,兆豐電子高息等權,23,0,23,華南永昌-高雄,2024-10-07,9303
1785,光洋科,32,10,22,華南永昌-高雄,2024-10-07,9303
2106,建大,21,0,21,華南永昌-高雄,2024-10-07,9303
6788,華景電,23,2,21,華南永昌-高雄,2024-10-07,9303
5481,新華,20,0,20,華南永昌-高雄,2024-10-07,9303
1301,台塑,22,2,20,華南永昌-高雄,2024-10-07,9303
00725B,國泰投資級公司債,20,0,20,華南永昌-高雄,2024-10-07,9303
00637L,元大滬深300正2,131,111,20,華南永昌-高雄,2024-10-07,9303
3037,欣興,21,1,20,華南永昌-高雄,2024-10-07,9303
6257,矽格,21,1,20,華南永昌-高雄,2024-10-07,9303
00898,國泰基因免疫革命,20,0,20,華南永昌-高雄,2024-10-07,9303
8097,常珵,20,0,20,華南永昌-高雄,2024-10-07,9303
3062,建漢,23,4,19,華南永昌-高雄,2024-10-07,9303
4123,晟德,19,0,19,華南永昌-高雄,2024-10-07,9303
6274,台燿,18,0,18,華南永昌-高雄,2024-10-07,9303
2408,南亞科,17,0,17,華南永昌-高雄,2024-10-07,9303
3550,聯穎,20,3,17,華南永昌-高雄,2024-10-07,9303
00676R,富邦臺灣加權反1,16,0,16,華南永昌-高雄,2024-10-07,9303
1727,中華化,19,3,16,華南永昌-高雄,2024-10-07,9303
00946,群益科技高息成長,1025,0,1025,華南永昌-高雄,2024-10-08,9303
00680L,元大美債20正2,517,38,479,華南永昌-高雄,2024-10-08,9303
00632R,元大台灣50反1,320,16,304,華南永昌-高雄,2024-10-08,9303
00795B,中信美國公債20年,210,5,205,華南永昌-高雄,2024-10-08,9303
3149,正達,190,55,135,華南永昌-高雄,2024-10-08,9303
4903,聯光通,163,45,118,華南永昌-高雄,2024-10-08,9303
5443,均豪,111,14,97,華南永昌-高雄,2024-10-08,9303
2601,益航,144,49,95,華南永昌-高雄,2024-10-08,9303
00929,復華台灣科技優息,105,13,92,華南永昌-高雄,2024-10-08,9303
1314,中石化,96,10,86,華南永昌-高雄,2024-10-08,9303
00679B,元大美債20年,86,2,84,華南永昌-高雄,2024-10-08,9303
00878,國泰永續高股息,90,11,79,華南永昌-高雄,2024-10-08,9303
2363,矽統,163,91,72,華南永昌-高雄,2024-10-08,9303
3033,威健,75,5,70,華南永昌-高雄,2024-10-08,9303
00633L,富邦上証正2,66,0,66,華南永昌-高雄,2024-10-08,9303
0056,元大高股息,64,0,64,華南永昌-高雄,2024-10-08,9303
00720B,元大投資級公司債,67,7,60,華南永昌-高雄,2024-10-08,9303
3481,群創,80,22,58,華南永昌-高雄,2024-10-08,9303
00688L,國泰20年美債正2,56,0,56,華南永昌-高雄,2024-10-08,9303
2834,臺企銀,55,0,55,華南永昌-高雄,2024-10-08,9303
00713,元大台灣高息低波,52,0,52,華南永昌-高雄,2024-10-08,9303
2890,永豐金,46,0,46,華南永昌-高雄,2024-10-08,9303
00922,國泰台灣領袖50,46,0,46,華南永昌-高雄,2024-10-08,9303
2421,建準,55,9,46,華南永昌-高雄,2024-10-08,9303
3037,欣興,42,0,42,華南永昌-高雄,2024-10-08,9303
1904,正隆,41,0,41,華南永昌-高雄,2024-10-08,9303
00665L,富邦�琤肭磪囓�2,94,54,40,華南永昌-高雄,2024-10-08,9303
2609,陽明,50,11,39,華南永昌-高雄,2024-10-08,9303
5876,上海商銀,38,0,38,華南永昌-高雄,2024-10-08,9303
00673R,期元大S＆P原油反1,37,0,37,華南永昌-高雄,2024-10-08,9303
2303,聯電,35,0,35,華南永昌-高雄,2024-10-08,9303
00725B,國泰投資級公司債,32,0,32,華南永昌-高雄,2024-10-08,9303
2399,映泰,126,94,32,華南永昌-高雄,2024-10-08,9303
5871,中租-KY,38,7,31,華南永昌-高雄,2024-10-08,9303
3231,緯創,34,3,31,華南永昌-高雄,2024-10-08,9303
6133,金橋,30,0,30,華南永昌-高雄,2024-10-08,9303
00887,永豐中國科技50大,93,63,30,華南永昌-高雄,2024-10-08,9303
5213,亞昕,29,0,29,華南永昌-高雄,2024-10-08,9303
2882,國泰金,30,1,29,華南永昌-高雄,2024-10-08,9303
00933B,國泰10Y+金融債,68,41,27,華南永昌-高雄,2024-10-08,9303
4977,眾達-KY,45,19,26,華南永昌-高雄,2024-10-08,9303
2007,燁興,50,25,25,華南永昌-高雄,2024-10-08,9303
6438,迅得,60,35,25,華南永昌-高雄,2024-10-08,9303
00706L,期元大S＆P日圓正2,25,0,25,華南永昌-高雄,2024-10-08,9303
6134,萬旭,44,20,24,華南永昌-高雄,2024-10-08,9303
00940,元大台灣價值高息,23,0,23,華南永昌-高雄,2024-10-08,9303
2880,華南金,22,0,22,華南永昌-高雄,2024-10-08,9303
9105,泰金寶-DR,22,0,22,華南永昌-高雄,2024-10-08,9303
4716,大立,26,4,22,華南永昌-高雄,2024-10-08,9303
2892,第一金,22,1,21,華南永昌-高雄,2024-10-08,9303
00632R,元大台灣50反1,563,10,553,華南永昌-高雄,2024-10-09,9303
00922,國泰台灣領袖50,256,0,256,華南永昌-高雄,2024-10-09,9303
00637L,元大滬深300正2,479,286,193,華南永昌-高雄,2024-10-09,9303
2890,永豐金,191,0,191,華南永昌-高雄,2024-10-09,9303
2002,中鋼,170,5,165,華南永昌-高雄,2024-10-09,9303
1314,中石化,203,73,130,華南永昌-高雄,2024-10-09,9303
00753L,中信中國50正2,262,142,120,華南永昌-高雄,2024-10-09,9303
1309,台達化,107,0,107,華南永昌-高雄,2024-10-09,9303
3149,正達,89,14,75,華南永昌-高雄,2024-10-09,9303
910861,神州-DR,74,0,74,華南永昌-高雄,2024-10-09,9303
00940,元大台灣價值高息,77,5,72,華南永昌-高雄,2024-10-09,9303
2892,第一金,65,0,65,華南永昌-高雄,2024-10-09,9303
00929,復華台灣科技優息,75,11,64,華南永昌-高雄,2024-10-09,9303
00933B,國泰10Y+金融債,59,0,59,華南永昌-高雄,2024-10-09,9303
00687B,國泰20年美債,58,2,56,華南永昌-高雄,2024-10-09,9303
00946,群益科技高息成長,53,0,53,華南永昌-高雄,2024-10-09,9303
00795B,中信美國公債20年,53,0,53,華南永昌-高雄,2024-10-09,9303
00725B,國泰投資級公司債,72,20,52,華南永昌-高雄,2024-10-09,9303
3049,精金,72,21,51,華南永昌-高雄,2024-10-09,9303
3481,群創,54,3,51,華南永昌-高雄,2024-10-09,9303
00882,中信中國高股息,208,157,51,華南永昌-高雄,2024-10-09,9303
6187,萬潤,57,8,49,華南永昌-高雄,2024-10-09,9303
00633L,富邦上証正2,44,0,44,華南永昌-高雄,2024-10-09,9303
00688L,國泰20年美債正2,43,1,42,華南永昌-高雄,2024-10-09,9303
2449,京元電子,120,79,41,華南永昌-高雄,2024-10-09,9303
2867,三商壽,41,0,41,華南永昌-高雄,2024-10-09,9303
3025,星通,75,35,40,華南永昌-高雄,2024-10-09,9303
4908,前鼎,44,4,40,華南永昌-高雄,2024-10-09,9303
2883,凱基金,37,0,37,華南永昌-高雄,2024-10-09,9303
3450,聯鈞,76,41,35,華南永昌-高雄,2024-10-09,9303
00679B,元大美債20年,37,3,34,華南永昌-高雄,2024-10-09,9303
00919,群益台灣精選高息,35,3,32,華南永昌-高雄,2024-10-09,9303
2303,聯電,35,3,32,華南永昌-高雄,2024-10-09,9303
3413,京鼎,33,1,32,華南永昌-高雄,2024-10-09,9303
2409,友達,51,20,31,華南永昌-高雄,2024-10-09,9303
3576,聯合再生,30,1,29,華南永昌-高雄,2024-10-09,9303
2609,陽明,34,6,28,華南永昌-高雄,2024-10-09,9303
3048,益登,35,8,27,華南永昌-高雄,2024-10-09,9303
2362,藍天,30,4,26,華南永昌-高雄,2024-10-09,9303
6505,台塑化,26,0,26,華南永昌-高雄,2024-10-09,9303
1560,中砂,25,1,24,華南永昌-高雄,2024-10-09,9303
00680L,元大美債20正2,24,0,24,華南永昌-高雄,2024-10-09,9303
1586,和勤,26,3,23,華南永昌-高雄,2024-10-09,9303
1721,三晃,37,14,23,華南永昌-高雄,2024-10-09,9303
911868,同方友友-DR,22,0,22,華南永昌-高雄,2024-10-09,9303
1582,信錦,21,0,21,華南永昌-高雄,2024-10-09,9303
0056,元大高股息,25,4,21,華南永昌-高雄,2024-10-09,9303
00960,野村全球航運龍頭,25,4,21,華南永昌-高雄,2024-10-09,9303
2371,大同,22,2,20,華南永昌-高雄,2024-10-09,9303
6901,鑽石投資,20,0,20,華南永昌-高雄,2024-10-09,9303
00680L,元大美債20正2,550,3,547,華南永昌-高雄,2024-10-11,9303
00679B,元大美債20年,143,17,126,華南永昌-高雄,2024-10-11,9303
2399,映泰,148,52,96,華南永昌-高雄,2024-10-11,9303
2449,京元電子,100,14,86,華南永昌-高雄,2024-10-11,9303
00637L,元大滬深300正2,124,48,76,華南永昌-高雄,2024-10-11,9303
2408,南亞科,82,6,76,華南永昌-高雄,2024-10-11,9303
00632R,元大台灣50反1,160,93,67,華南永昌-高雄,2024-10-11,9303
2890,永豐金,81,17,64,華南永昌-高雄,2024-10-11,9303
00665L,富邦�琤肭磪囓�2,91,28,63,華南永昌-高雄,2024-10-11,9303
00688L,國泰20年美債正2,61,1,60,華南永昌-高雄,2024-10-11,9303
00937B,群益ESG投等債20,77,20,57,華南永昌-高雄,2024-10-11,9303
2867,三商壽,53,0,53,華南永昌-高雄,2024-10-11,9303
5443,均豪,65,12,53,華南永昌-高雄,2024-10-11,9303
2034,允強,50,0,50,華南永昌-高雄,2024-10-11,9303
4967,十銓,54,5,49,華南永昌-高雄,2024-10-11,9303
00882,中信中國高股息,117,71,46,華南永昌-高雄,2024-10-11,9303
8111,立��,109,64,45,華南永昌-高雄,2024-10-11,9303
6224,聚鼎,46,3,43,華南永昌-高雄,2024-10-11,9303
00751B,元大AAA至A公司債,52,10,42,華南永昌-高雄,2024-10-11,9303
3049,精金,52,10,42,華南永昌-高雄,2024-10-11,9303
2892,第一金,42,0,42,華南永昌-高雄,2024-10-11,9303
2543,皇昌,34,3,31,華南永昌-高雄,2024-10-11,9303
00687B,國泰20年美債,49,19,30,華南永昌-高雄,2024-10-11,9303
00720B,元大投資級公司債,29,0,29,華南永昌-高雄,2024-10-11,9303
2027,大成鋼,31,2,29,華南永昌-高雄,2024-10-11,9303
4903,聯光通,88,60,28,華南永昌-高雄,2024-10-11,9303
2356,英業達,54,28,26,華南永昌-高雄,2024-10-11,9303
2002,中鋼,60,34,26,華南永昌-高雄,2024-10-11,9303
2542,興富發,23,0,23,華南永昌-高雄,2024-10-11,9303
00633L,富邦上証正2,25,2,23,華南永昌-高雄,2024-10-11,9303
6216,居易,23,1,22,華南永昌-高雄,2024-10-11,9303
2887,台新金,23,2,21,華南永昌-高雄,2024-10-11,9303
00673R,期元大S＆P原油反1,20,0,20,華南永昌-高雄,2024-10-11,9303
6869,雲豹能源,19,0,19,華南永昌-高雄,2024-10-11,9303
3025,星通,34,16,18,華南永昌-高雄,2024-10-11,9303
2801,彰銀,17,0,17,華南永昌-高雄,2024-10-11,9303
9907,統一實,17,0,17,華南永昌-高雄,2024-10-11,9303
2889,國票金,16,0,16,華南永昌-高雄,2024-10-11,9303
00740B,富邦全球投等債,16,0,16,華南永昌-高雄,2024-10-11,9303
00676R,富邦臺灣加權反1,16,0,16,華南永昌-高雄,2024-10-11,9303
00700,富邦�琤肭磪�,16,0,16,華南永昌-高雄,2024-10-11,9303
3303,岱稜,18,2,16,華南永昌-高雄,2024-10-11,9303
1536,和大,16,1,15,華南永昌-高雄,2024-10-11,9303
00935,野村臺灣新科技50,15,0,15,華南永昌-高雄,2024-10-11,9303
3048,益登,17,2,15,華南永昌-高雄,2024-10-11,9303
00948B,中信優息投資級債,15,0,15,華南永昌-高雄,2024-10-11,9303
3041,揚智,15,0,15,華南永昌-高雄,2024-10-11,9303
1609,大亞,14,0,14,華南永昌-高雄,2024-10-11,9303
3481,群創,16,2,14,華南永昌-高雄,2024-10-11,9303
2515,中工,14,0,14,華南永昌-高雄,2024-10-11,9303
00680L,元大美債20正2,1007,114,893,華南永昌-高雄,2024-10-14,9303
3710,連展投控,506,8,498,華南永昌-高雄,2024-10-14,9303
00887,永豐中國科技50大,255,12,243,華南永昌-高雄,2024-10-14,9303
2002,中鋼,161,9,152,華南永昌-高雄,2024-10-14,9303
00679B,元大美債20年,144,7,137,華南永昌-高雄,2024-10-14,9303
2312,金寶,158,26,132,華南永昌-高雄,2024-10-14,9303
00687B,國泰20年美債,80,8,72,華南永昌-高雄,2024-10-14,9303
00948B,中信優息投資級債,75,5,70,華南永昌-高雄,2024-10-14,9303
6134,萬旭,70,5,65,華南永昌-高雄,2024-10-14,9303
6142,友勁,61,0,61,華南永昌-高雄,2024-10-14,9303
0056,元大高股息,59,2,57,華南永昌-高雄,2024-10-14,9303
1904,正隆,50,0,50,華南永昌-高雄,2024-10-14,9303
6830,汎銓,65,15,50,華南永昌-高雄,2024-10-14,9303
00912,中信臺灣智慧50,49,1,48,華南永昌-高雄,2024-10-14,9303
4927,泰鼎-KY,46,0,46,華南永昌-高雄,2024-10-14,9303
1513,中興電,44,6,38,華南永昌-高雄,2024-10-14,9303
2887,台新金,237,202,35,華南永昌-高雄,2024-10-14,9303
00715L,期街口布蘭特正2,42,8,34,華南永昌-高雄,2024-10-14,9303
00882,中信中國高股息,107,74,33,華南永昌-高雄,2024-10-14,9303
00937B,群益ESG投等債20,208,177,31,華南永昌-高雄,2024-10-14,9303
8936,國統,39,11,28,華南永昌-高雄,2024-10-14,9303
6609,瀧澤科,33,6,27,華南永昌-高雄,2024-10-14,9303
00772B,中信高評級公司債,30,5,25,華南永昌-高雄,2024-10-14,9303
5864,致和證,25,0,25,華南永昌-高雄,2024-10-14,9303
1815,富喬,28,3,25,華南永昌-高雄,2024-10-14,9303
1721,三晃,96,71,25,華南永昌-高雄,2024-10-14,9303
3049,精金,30,9,21,華南永昌-高雄,2024-10-14,9303
8111,立��,46,25,21,華南永昌-高雄,2024-10-14,9303
4909,新復興,44,23,21,華南永昌-高雄,2024-10-14,9303
2850,新產,20,0,20,華南永昌-高雄,2024-10-14,9303
1605,華新,20,0,20,華南永昌-高雄,2024-10-14,9303
00922,國泰台灣領袖50,35,15,20,華南永昌-高雄,2024-10-14,9303
020033,統一�琤肮黕篾,20,0,20,華南永昌-高雄,2024-10-14,9303
00700,富邦�琤肭磪�,20,0,20,華南永昌-高雄,2024-10-14,9303
6187,萬潤,28,9,19,華南永昌-高雄,2024-10-14,9303
00688L,國泰20年美債正2,19,0,19,華南永昌-高雄,2024-10-14,9303
1595,川寶,31,13,18,華南永昌-高雄,2024-10-14,9303
1802,台玻,20,3,17,華南永昌-高雄,2024-10-14,9303
3481,群創,16,0,16,華南永昌-高雄,2024-10-14,9303
2845,遠東銀,14,0,14,華南永昌-高雄,2024-10-14,9303
2881,富邦金,21,7,14,華南永昌-高雄,2024-10-14,9303
00725B,國泰投資級公司債,14,0,14,華南永昌-高雄,2024-10-14,9303
00740B,富邦全球投等債,14,0,14,華南永昌-高雄,2024-10-14,9303
00633L,富邦上証正2,16,2,14,華南永昌-高雄,2024-10-14,9303
4956,光鋐,62,48,14,華南永昌-高雄,2024-10-14,9303
2455,全新,14,0,14,華南永昌-高雄,2024-10-14,9303
6152,百一,13,1,12,華南永昌-高雄,2024-10-14,9303
00713,元大台灣高息低波,13,1,12,華南永昌-高雄,2024-10-14,9303
2498,宏達電,11,0,11,華南永昌-高雄,2024-10-14,9303
2228,劍麟,13,2,11,華南永昌-高雄,2024-10-14,9303
00680L,元大美債20正2,2038,0,2038,華南永昌-高雄,2024-10-15,9303
00632R,元大台灣50反1,578,300,278,華南永昌-高雄,2024-10-15,9303
1314,中石化,256,49,207,華南永昌-高雄,2024-10-15,9303
00715L,期街口布蘭特正2,138,7,131,華南永昌-高雄,2024-10-15,9303
00637L,元大滬深300正2,168,57,111,華南永昌-高雄,2024-10-15,9303
00696B,富邦美債20年,97,0,97,華南永昌-高雄,2024-10-15,9303
00633L,富邦上証正2,71,3,68,華南永昌-高雄,2024-10-15,9303
00912,中信臺灣智慧50,67,0,67,華南永昌-高雄,2024-10-15,9303
3025,星通,78,19,59,華南永昌-高雄,2024-10-15,9303
00687B,國泰20年美債,60,5,55,華南永昌-高雄,2024-10-15,9303
1301,台塑,69,15,54,華南永昌-高雄,2024-10-15,9303
8033,雷虎,52,0,52,華南永昌-高雄,2024-10-15,9303
00688L,國泰20年美債正2,51,0,51,華南永昌-高雄,2024-10-15,9303
00706L,期元大S＆P日圓正2,51,0,51,華南永昌-高雄,2024-10-15,9303
8103,瀚荃,50,0,50,華南永昌-高雄,2024-10-15,9303
8155,博智,51,1,50,華南永昌-高雄,2024-10-15,9303
00945B,凱基美國非投等債,50,1,49,華南永昌-高雄,2024-10-15,9303
2543,皇昌,55,6,49,華南永昌-高雄,2024-10-15,9303
0056,元大高股息,57,10,47,華南永昌-高雄,2024-10-15,9303
4903,聯光通,116,72,44,華南永昌-高雄,2024-10-15,9303
00753L,中信中國50正2,65,23,42,華南永昌-高雄,2024-10-15,9303
00679B,元大美債20年,44,3,41,華南永昌-高雄,2024-10-15,9303
3013,晟銘電,95,56,39,華南永昌-高雄,2024-10-15,9303
3049,精金,50,11,39,華南永昌-高雄,2024-10-15,9303
00665L,富邦�琤肭磪囓�2,76,43,33,華南永昌-高雄,2024-10-15,9303
6462,神盾,36,5,31,華南永昌-高雄,2024-10-15,9303
4934,太極,30,0,30,華南永昌-高雄,2024-10-15,9303
1909,榮成,66,36,30,華南永昌-高雄,2024-10-15,9303
1904,正隆,30,2,28,華南永昌-高雄,2024-10-15,9303
8150,南茂,26,0,26,華南永昌-高雄,2024-10-15,9303
6505,台塑化,26,1,25,華南永昌-高雄,2024-10-15,9303
6788,華景電,29,4,25,華南永昌-高雄,2024-10-15,9303
3149,正達,109,85,24,華南永昌-高雄,2024-10-15,9303
1721,三晃,28,7,21,華南永昌-高雄,2024-10-15,9303
1316,上曜,23,2,21,華南永昌-高雄,2024-10-15,9303
5521,工信,20,0,20,華南永昌-高雄,2024-10-15,9303
00960,野村全球航運龍頭,20,0,20,華南永昌-高雄,2024-10-15,9303
2408,南亞科,34,14,20,華南永昌-高雄,2024-10-15,9303
6187,萬潤,32,14,18,華南永昌-高雄,2024-10-15,9303
00725B,國泰投資級公司債,18,0,18,華南永昌-高雄,2024-10-15,9303
2359,所羅門,18,0,18,華南永昌-高雄,2024-10-15,9303
00720B,元大投資級公司債,20,3,17,華南永昌-高雄,2024-10-15,9303
4105,東洋,16,0,16,華南永昌-高雄,2024-10-15,9303
00676R,富邦臺灣加權反1,16,0,16,華南永昌-高雄,2024-10-15,9303
2363,矽統,92,77,15,華南永昌-高雄,2024-10-15,9303
5452,佶優,72,57,15,華南永昌-高雄,2024-10-15,9303
00887,永豐中國科技50大,100,85,15,華南永昌-高雄,2024-10-15,9303
3380,明泰,15,0,15,華南永昌-高雄,2024-10-15,9303
2344,華邦電,44,29,15,華南永昌-高雄,2024-10-15,9303
00961,FT臺灣永續高息,14,0,14,華南永昌-高雄,2024-10-15,9303
00680L,元大美債20正2,1205,5,1200,華南永昌-高雄,2024-10-16,9303
00931B,統一美債20年,426,0,426,華南永昌-高雄,2024-10-16,9303
2399,映泰,182,35,147,華南永昌-高雄,2024-10-16,9303
00933B,國泰10Y+金融債,150,21,129,華南永昌-高雄,2024-10-16,9303
00687B,國泰20年美債,127,10,117,華南永昌-高雄,2024-10-16,9303
2801,彰銀,102,6,96,華南永昌-高雄,2024-10-16,9303
0056,元大高股息,94,11,83,華南永昌-高雄,2024-10-16,9303
6156,松上,71,6,65,華南永昌-高雄,2024-10-16,9303
2615,萬海,97,34,63,華南永昌-高雄,2024-10-16,9303
2887,台新金,61,0,61,華南永昌-高雄,2024-10-16,9303
2834,臺企銀,61,2,59,華南永昌-高雄,2024-10-16,9303
00887,永豐中國科技50大,53,2,51,華南永昌-高雄,2024-10-16,9303
00937B,群益ESG投等債20,135,86,49,華南永昌-高雄,2024-10-16,9303
00922,國泰台灣領袖50,43,1,42,華南永昌-高雄,2024-10-16,9303
1904,正隆,39,0,39,華南永昌-高雄,2024-10-16,9303
00720B,元大投資級公司債,36,0,36,華南永昌-高雄,2024-10-16,9303
00941,中信上游半導體,36,0,36,華南永昌-高雄,2024-10-16,9303
3062,建漢,80,46,34,華南永昌-高雄,2024-10-16,9303
0050,元大台灣50,36,4,32,華南永昌-高雄,2024-10-16,9303
1303,南亞,31,0,31,華南永昌-高雄,2024-10-16,9303
00945B,凱基美國非投等債,30,0,30,華南永昌-高雄,2024-10-16,9303
2543,皇昌,79,50,29,華南永昌-高雄,2024-10-16,9303
2303,聯電,28,1,27,華南永昌-高雄,2024-10-16,9303
00919,群益台灣精選高息,50,24,26,華南永昌-高雄,2024-10-16,9303
2890,永豐金,50,24,26,華南永昌-高雄,2024-10-16,9303
2889,國票金,31,5,26,華南永昌-高雄,2024-10-16,9303
2880,華南金,24,0,24,華南永昌-高雄,2024-10-16,9303
1314,中石化,50,27,23,華南永昌-高雄,2024-10-16,9303
00715L,期街口布蘭特正2,23,0,23,華南永昌-高雄,2024-10-16,9303
00912,中信臺灣智慧50,22,0,22,華南永昌-高雄,2024-10-16,9303
00713,元大台灣高息低波,21,0,21,華南永昌-高雄,2024-10-16,9303
6505,台塑化,23,2,21,華南永昌-高雄,2024-10-16,9303
5876,上海商銀,20,0,20,華南永昌-高雄,2024-10-16,9303
00676R,富邦臺灣加權反1,20,0,20,華南永昌-高雄,2024-10-16,9303
00688L,國泰20年美債正2,21,1,20,華南永昌-高雄,2024-10-16,9303
3052,夆典,20,0,20,華南永昌-高雄,2024-10-16,9303
00679B,元大美債20年,20,0,20,華南永昌-高雄,2024-10-16,9303
6770,力積電,20,0,20,華南永昌-高雄,2024-10-16,9303
6830,汎銓,21,2,19,華南永昌-高雄,2024-10-16,9303
2323,中環,20,1,19,華南永昌-高雄,2024-10-16,9303
00960,野村全球航運龍頭,19,1,18,華南永昌-高雄,2024-10-16,9303
2897,王道銀行,16,0,16,華南永昌-高雄,2024-10-16,9303
00725B,國泰投資級公司債,17,1,16,華南永昌-高雄,2024-10-16,9303
3045,台灣大,16,0,16,華南永昌-高雄,2024-10-16,9303
3437,榮創,25,9,16,華南永昌-高雄,2024-10-16,9303
2408,南亞科,34,19,15,華南永昌-高雄,2024-10-16,9303
2913,農林,15,0,15,華南永昌-高雄,2024-10-16,9303
1536,和大,16,1,15,華南永昌-高雄,2024-10-16,9303
2330,台積電,22,7,15,華南永昌-高雄,2024-10-16,9303
3710,連展投控,16,1,15,華南永昌-高雄,2024-10-16,9303
00680L,元大美債20正2,1110,0,1110,華南永昌-高雄,2024-10-17,9303
00931B,統一美債20年,200,0,200,華南永昌-高雄,2024-10-17,9303
00937B,群益ESG投等債20,141,11,130,華南永昌-高雄,2024-10-17,9303
5388,中磊,111,0,111,華南永昌-高雄,2024-10-17,9303
00887,永豐中國科技50大,94,6,88,華南永昌-高雄,2024-10-17,9303
2609,陽明,129,46,83,華南永昌-高雄,2024-10-17,9303
00637L,元大滬深300正2,106,33,73,華南永昌-高雄,2024-10-17,9303
0056,元大高股息,74,3,71,華南永昌-高雄,2024-10-17,9303
00922,國泰台灣領袖50,72,2,70,華南永昌-高雄,2024-10-17,9303
1528,恩德,113,47,66,華南永昌-高雄,2024-10-17,9303
9105,泰金寶-DR,129,64,65,華南永昌-高雄,2024-10-17,9303
00877,復華中國5G,52,0,52,華南永昌-高雄,2024-10-17,9303
00919,群益台灣精選高息,58,6,52,華南永昌-高雄,2024-10-17,9303
3498,陽程,67,16,51,華南永昌-高雄,2024-10-17,9303
8111,立��,65,21,44,華南永昌-高雄,2024-10-17,9303
2867,三商壽,45,5,40,華南永昌-高雄,2024-10-17,9303
2543,皇昌,41,6,35,華南永昌-高雄,2024-10-17,9303
2890,永豐金,52,17,35,華南永昌-高雄,2024-10-17,9303
00945B,凱基美國非投等債,33,5,28,華南永昌-高雄,2024-10-17,9303
00878,國泰永續高股息,41,16,25,華南永昌-高雄,2024-10-17,9303
00665L,富邦�琤肭磪囓�2,26,2,24,華南永昌-高雄,2024-10-17,9303
6156,松上,33,11,22,華南永昌-高雄,2024-10-17,9303
00946,群益科技高息成長,21,0,21,華南永昌-高雄,2024-10-17,9303
00949,復華日本龍頭,20,0,20,華南永昌-高雄,2024-10-17,9303
5488,松普,20,1,19,華南永昌-高雄,2024-10-17,9303
1711,永光,24,5,19,華南永昌-高雄,2024-10-17,9303
00753L,中信中國50正2,22,4,18,華南永昌-高雄,2024-10-17,9303
6257,矽格,18,0,18,華南永昌-高雄,2024-10-17,9303
3714,富采,27,9,18,華南永昌-高雄,2024-10-17,9303
00915,凱基優選高股息30,18,1,17,華南永昌-高雄,2024-10-17,9303
5452,佶優,69,52,17,華南永昌-高雄,2024-10-17,9303
1301,台塑,17,1,16,華南永昌-高雄,2024-10-17,9303
3483,力致,16,0,16,華南永昌-高雄,2024-10-17,9303
0050,元大台灣50,40,24,16,華南永昌-高雄,2024-10-17,9303
2412,中華電,16,0,16,華南永昌-高雄,2024-10-17,9303
00941,中信上游半導體,21,6,15,華南永昌-高雄,2024-10-17,9303
6451,訊芯-KY,27,12,15,華南永昌-高雄,2024-10-17,9303
00700,富邦�琤肭磪�,15,0,15,華南永昌-高雄,2024-10-17,9303
2323,中環,20,5,15,華南永昌-高雄,2024-10-17,9303
2344,華邦電,15,1,14,華南永昌-高雄,2024-10-17,9303
00881,國泰台灣5G+,16,2,14,華南永昌-高雄,2024-10-17,9303
00725B,國泰投資級公司債,14,0,14,華南永昌-高雄,2024-10-17,9303
00720B,元大投資級公司債,16,2,14,華南永昌-高雄,2024-10-17,9303
2312,金寶,168,154,14,華南永昌-高雄,2024-10-17,9303
2002,中鋼,26,13,13,華南永昌-高雄,2024-10-17,9303
00885,富邦越南,13,0,13,華南永昌-高雄,2024-10-17,9303
2637,慧洋-KY,13,0,13,華南永昌-高雄,2024-10-17,9303
00679B,元大美債20年,17,5,12,華南永昌-高雄,2024-10-17,9303
00882,中信中國高股息,18,6,12,華南永昌-高雄,2024-10-17,9303
8374,羅昇,25,13,12,華南永昌-高雄,2024-10-17,9303
00680L,元大美債20正2,1823,10,1813,華南永昌-高雄,2024-10-18,9303
2303,聯電,292,3,289,華南永昌-高雄,2024-10-18,9303
2867,三商壽,205,5,200,華南永昌-高雄,2024-10-18,9303
00679B,元大美債20年,173,6,167,華南永昌-高雄,2024-10-18,9303
00937B,群益ESG投等債20,213,81,132,華南永昌-高雄,2024-10-18,9303
00942B,台新美A公司債20+,55,0,55,華南永昌-高雄,2024-10-18,9303
00887,永豐中國科技50大,80,26,54,華南永昌-高雄,2024-10-18,9303
5871,中租-KY,51,0,51,華南永昌-高雄,2024-10-18,9303
3037,欣興,65,16,49,華南永昌-高雄,2024-10-18,9303
6151,晉倫,44,5,39,華南永昌-高雄,2024-10-18,9303
2543,皇昌,127,90,37,華南永昌-高雄,2024-10-18,9303
00927,群益半導體收益,35,0,35,華南永昌-高雄,2024-10-18,9303
6425,易發,57,24,33,華南永昌-高雄,2024-10-18,9303
2615,萬海,89,57,32,華南永昌-高雄,2024-10-18,9303
2449,京元電子,55,23,32,華南永昌-高雄,2024-10-18,9303
00929,復華台灣科技優息,86,55,31,華南永昌-高雄,2024-10-18,9303
3450,聯鈞,60,30,30,華南永昌-高雄,2024-10-18,9303
6248,沛波,30,1,29,華南永昌-高雄,2024-10-18,9303
2402,毅嘉,28,1,27,華南永昌-高雄,2024-10-18,9303
00795B,中信美國公債20年,26,0,26,華南永昌-高雄,2024-10-18,9303
2883,凱基金,40,15,25,華南永昌-高雄,2024-10-18,9303
2367,燿華,35,11,24,華南永昌-高雄,2024-10-18,9303
5347,世界,34,11,23,華南永昌-高雄,2024-10-18,9303
6438,迅得,81,58,23,華南永昌-高雄,2024-10-18,9303
2515,中工,22,0,22,華南永昌-高雄,2024-10-18,9303
00706L,期元大S＆P日圓正2,22,0,22,華南永昌-高雄,2024-10-18,9303
2312,金寶,232,211,21,華南永昌-高雄,2024-10-18,9303
8358,金居,20,0,20,華南永昌-高雄,2024-10-18,9303
1722,台肥,20,0,20,華南永昌-高雄,2024-10-18,9303
6405,悅城,24,4,20,華南永昌-高雄,2024-10-18,9303
4979,華星光,21,2,19,華南永昌-高雄,2024-10-18,9303
1560,中砂,24,6,18,華南永昌-高雄,2024-10-18,9303
1528,恩德,40,23,17,華南永昌-高雄,2024-10-18,9303
8111,立��,65,48,17,華南永昌-高雄,2024-10-18,9303
4968,立積,17,0,17,華南永昌-高雄,2024-10-18,9303
00931B,統一美債20年,17,1,16,華南永昌-高雄,2024-10-18,9303
00948B,中信優息投資級債,16,0,16,華南永昌-高雄,2024-10-18,9303
00715L,期街口布蘭特正2,17,1,16,華南永昌-高雄,2024-10-18,9303
00725B,國泰投資級公司債,16,1,15,華南永昌-高雄,2024-10-18,9303
00688L,國泰20年美債正2,20,5,15,華南永昌-高雄,2024-10-18,9303
6763,綠界科技*,36,21,15,華南永昌-高雄,2024-10-18,9303
00664R,國泰臺灣加權反1,14,0,14,華南永昌-高雄,2024-10-18,9303
2408,南亞科,14,0,14,華南永昌-高雄,2024-10-18,9303
2241,艾姆勒,20,7,13,華南永昌-高雄,2024-10-18,9303
1314,中石化,18,6,12,華南永昌-高雄,2024-10-18,9303
00941,中信上游半導體,12,0,12,華南永昌-高雄,2024-10-18,9303
2316,楠梓電,18,6,12,華南永昌-高雄,2024-10-18,9303
2401,凌陽,12,0,12,華南永昌-高雄,2024-10-18,9303
00722B,群益投資級電信債,12,0,12,華南永昌-高雄,2024-10-18,9303
00933B,國泰10Y+金融債,12,0,12,華南永昌-高雄,2024-10-18,9303
00680L,元大美債20正2,3401,0,3401,華南永昌-高雄,2024-10-21,9303
2891,中信金,652,59,593,華南永昌-高雄,2024-10-21,9303
2883,凱基金,511,25,486,華南永昌-高雄,2024-10-21,9303
00937B,群益ESG投等債20,213,0,213,華南永昌-高雄,2024-10-21,9303
3011,今皓,174,58,116,華南永昌-高雄,2024-10-21,9303
2890,永豐金,106,2,104,華南永昌-高雄,2024-10-21,9303
9105,泰金寶-DR,84,1,83,華南永昌-高雄,2024-10-21,9303
00679B,元大美債20年,86,4,82,華南永昌-高雄,2024-10-21,9303
2882,國泰金,73,0,73,華南永昌-高雄,2024-10-21,9303
00715L,期街口布蘭特正2,66,0,66,華南永昌-高雄,2024-10-21,9303
00933B,國泰10Y+金融債,64,0,64,華南永昌-高雄,2024-10-21,9303
00905,FT臺灣Smart,64,0,64,華南永昌-高雄,2024-10-21,9303
2613,中櫃,64,0,64,華南永昌-高雄,2024-10-21,9303
00881,國泰台灣5G+,67,8,59,華南永昌-高雄,2024-10-21,9303
00687B,國泰20年美債,56,7,49,華南永昌-高雄,2024-10-21,9303
2303,聯電,54,5,49,華南永昌-高雄,2024-10-21,9303
2884,玉山金,53,5,48,華南永昌-高雄,2024-10-21,9303
6425,易發,62,15,47,華南永昌-高雄,2024-10-21,9303
8043,蜜望實,43,0,43,華南永昌-高雄,2024-10-21,9303
00877,復華中國5G,40,0,40,華南永昌-高雄,2024-10-21,9303
00753L,中信中國50正2,50,10,40,華南永昌-高雄,2024-10-21,9303
3581,博磊,47,7,40,華南永昌-高雄,2024-10-21,9303
00948B,中信優息投資級債,37,0,37,華南永昌-高雄,2024-10-21,9303
3013,晟銘電,91,55,36,華南永昌-高雄,2024-10-21,9303
2885,元大金,35,0,35,華南永昌-高雄,2024-10-21,9303
00882,中信中國高股息,37,2,35,華南永昌-高雄,2024-10-21,9303
00665L,富邦�琤肭磪囓�2,55,21,34,華南永昌-高雄,2024-10-21,9303
1303,南亞,34,1,33,華南永昌-高雄,2024-10-21,9303
00637L,元大滬深300正2,69,38,31,華南永昌-高雄,2024-10-21,9303
6462,神盾,33,2,31,華南永昌-高雄,2024-10-21,9303
4526,東台,57,30,27,華南永昌-高雄,2024-10-21,9303
00688L,國泰20年美債正2,36,11,25,華南永昌-高雄,2024-10-21,9303
1721,三晃,42,18,24,華南永昌-高雄,2024-10-21,9303
2888,新光金,523,501,22,華南永昌-高雄,2024-10-21,9303
2356,英業達,24,3,21,華南永昌-高雄,2024-10-21,9303
5907,大洋-KY,27,6,21,華南永昌-高雄,2024-10-21,9303
0056,元大高股息,20,0,20,華南永昌-高雄,2024-10-21,9303
2905,三商,20,0,20,華南永昌-高雄,2024-10-21,9303
00919,群益台灣精選高息,39,20,19,華南永昌-高雄,2024-10-21,9303
2312,金寶,81,62,19,華南永昌-高雄,2024-10-21,9303
00929,復華台灣科技優息,68,50,18,華南永昌-高雄,2024-10-21,9303
00959B,大華投等美債15Y+,17,0,17,華南永昌-高雄,2024-10-21,9303
00633L,富邦上証正2,17,0,17,華南永昌-高雄,2024-10-21,9303
3363,上詮,18,1,17,華南永昌-高雄,2024-10-21,9303
00922,國泰台灣領袖50,16,0,16,華南永昌-高雄,2024-10-21,9303
9934,成霖,16,0,16,華南永昌-高雄,2024-10-21,9303
2402,毅嘉,17,1,16,華南永昌-高雄,2024-10-21,9303
6127,九豪,37,21,16,華南永昌-高雄,2024-10-21,9303
00720B,元大投資級公司債,16,0,16,華南永昌-高雄,2024-10-21,9303
6126,信音,18,6,12,華南永昌-高雄,2024-10-21,9303
00680L,元大美債20正2,3193,0,3193,華南永昌-高雄,2024-10-22,9303
00937B,群益ESG投等債20,382,12,370,華南永昌-高雄,2024-10-22,9303
00679B,元大美債20年,215,0,215,華南永昌-高雄,2024-10-22,9303
00632R,元大台灣50反1,200,0,200,華南永昌-高雄,2024-10-22,9303
00933B,國泰10Y+金融債,187,10,177,華南永昌-高雄,2024-10-22,9303
00687B,國泰20年美債,158,42,116,華南永昌-高雄,2024-10-22,9303
00948B,中信優息投資級債,95,2,93,華南永昌-高雄,2024-10-22,9303
00688L,國泰20年美債正2,90,0,90,華南永昌-高雄,2024-10-22,9303
2363,矽統,104,33,71,華南永昌-高雄,2024-10-22,9303
4729,熒茂,90,21,69,華南永昌-高雄,2024-10-22,9303
3049,精金,74,9,65,華南永昌-高雄,2024-10-22,9303
2609,陽明,147,88,59,華南永昌-高雄,2024-10-22,9303
00637L,元大滬深300正2,73,26,47,華南永昌-高雄,2024-10-22,9303
6213,聯茂,42,2,40,華南永昌-高雄,2024-10-22,9303
8358,金居,38,1,37,華南永昌-高雄,2024-10-22,9303
00720B,元大投資級公司債,37,3,34,華南永昌-高雄,2024-10-22,9303
00795B,中信美國公債20年,32,0,32,華南永昌-高雄,2024-10-22,9303
00905,FT臺灣Smart,31,0,31,華南永昌-高雄,2024-10-22,9303
3498,陽程,47,16,31,華南永昌-高雄,2024-10-22,9303
2547,日勝生,31,0,31,華南永昌-高雄,2024-10-22,9303
00877,復華中國5G,30,0,30,華南永昌-高雄,2024-10-22,9303
00959B,大華投等美債15Y+,29,0,29,華南永昌-高雄,2024-10-22,9303
2883,凱基金,35,6,29,華南永昌-高雄,2024-10-22,9303
2515,中工,30,2,28,華南永昌-高雄,2024-10-22,9303
00857B,永豐20年美公債,27,1,26,華南永昌-高雄,2024-10-22,9303
00887,永豐中國科技50大,27,4,23,華南永昌-高雄,2024-10-22,9303
00929,復華台灣科技優息,24,2,22,華南永昌-高雄,2024-10-22,9303
2313,華通,27,5,22,華南永昌-高雄,2024-10-22,9303
00954,中信日本半導體,20,0,20,華南永昌-高雄,2024-10-22,9303
1560,中砂,20,0,20,華南永昌-高雄,2024-10-22,9303
1503,士電,21,1,20,華南永昌-高雄,2024-10-22,9303
3189,景碩,62,44,18,華南永昌-高雄,2024-10-22,9303
4909,新復興,20,3,17,華南永昌-高雄,2024-10-22,9303
4540,全球傳動,42,25,17,華南永昌-高雄,2024-10-22,9303
2421,建準,18,1,17,華南永昌-高雄,2024-10-22,9303
00878,國泰永續高股息,17,1,16,華南永昌-高雄,2024-10-22,9303
00927,群益半導體收益,17,1,16,華南永昌-高雄,2024-10-22,9303
2330,台積電,20,4,16,華南永昌-高雄,2024-10-22,9303
2492,華新科,17,2,15,華南永昌-高雄,2024-10-22,9303
00712,復華富時不動產,13,0,13,華南永昌-高雄,2024-10-22,9303
5907,大洋-KY,13,0,13,華南永昌-高雄,2024-10-22,9303
2303,聯電,16,3,13,華南永昌-高雄,2024-10-22,9303
00725B,國泰投資級公司債,18,5,13,華南永昌-高雄,2024-10-22,9303
1316,上曜,12,0,12,華南永昌-高雄,2024-10-22,9303
1303,南亞,22,10,12,華南永昌-高雄,2024-10-22,9303
1301,台塑,12,0,12,華南永昌-高雄,2024-10-22,9303
6901,鑽石投資,12,0,12,華南永昌-高雄,2024-10-22,9303
2867,三商壽,13,2,11,華南永昌-高雄,2024-10-22,9303
2801,彰銀,12,1,11,華南永昌-高雄,2024-10-22,9303
8064,東捷,54,43,11,華南永昌-高雄,2024-10-22,9303
00680L,元大美債20正2,3631,0,3631,華南永昌-高雄,2024-10-23,9303
00937B,群益ESG投等債20,374,0,374,華南永昌-高雄,2024-10-23,9303
00632R,元大台灣50反1,200,0,200,華南永昌-高雄,2024-10-23,9303
2834,臺企銀,166,2,164,華南永昌-高雄,2024-10-23,9303
00679B,元大美債20年,98,0,98,華南永昌-高雄,2024-10-23,9303
3450,聯鈞,123,51,72,華南永昌-高雄,2024-10-23,9303
0056,元大高股息,70,1,69,華南永昌-高雄,2024-10-23,9303
2880,華南金,54,2,52,華南永昌-高雄,2024-10-23,9303
911868,同方友友-DR,50,0,50,華南永昌-高雄,2024-10-23,9303
00671R,富邦NASDAQ反1,50,0,50,華南永昌-高雄,2024-10-23,9303
2867,三商壽,45,1,44,華南永昌-高雄,2024-10-23,9303
00878,國泰永續高股息,76,33,43,華南永昌-高雄,2024-10-23,9303
00688L,國泰20年美債正2,59,16,43,華南永昌-高雄,2024-10-23,9303
2355,敬鵬,41,0,41,華南永昌-高雄,2024-10-23,9303
5315,光聯,42,1,41,華南永昌-高雄,2024-10-23,9303
6763,綠界科技*,39,3,36,華南永昌-高雄,2024-10-23,9303
00687B,國泰20年美債,77,41,36,華南永昌-高雄,2024-10-23,9303
00919,群益台灣精選高息,41,6,35,華南永昌-高雄,2024-10-23,9303
2349,錸德,38,5,33,華南永昌-高雄,2024-10-23,9303
2002,中鋼,33,0,33,華南永昌-高雄,2024-10-23,9303
00712,復華富時不動產,32,0,32,華南永昌-高雄,2024-10-23,9303
00887,永豐中國科技50大,32,1,31,華南永昌-高雄,2024-10-23,9303
2610,華航,30,0,30,華南永昌-高雄,2024-10-23,9303
3045,台灣大,30,0,30,華南永昌-高雄,2024-10-23,9303
2406,國碩,31,2,29,華南永昌-高雄,2024-10-23,9303
00929,復華台灣科技優息,45,17,28,華南永昌-高雄,2024-10-23,9303
2888,新光金,30,3,27,華南永昌-高雄,2024-10-23,9303
910861,神州-DR,26,0,26,華南永昌-高雄,2024-10-23,9303
2482,連宇,45,20,25,華南永昌-高雄,2024-10-23,9303
2303,聯電,28,3,25,華南永昌-高雄,2024-10-23,9303
2369,菱生,46,22,24,華南永昌-高雄,2024-10-23,9303
2344,華邦電,23,0,23,華南永昌-高雄,2024-10-23,9303
00907,永豐優息存股,22,0,22,華南永昌-高雄,2024-10-23,9303
2891,中信金,22,0,22,華南永昌-高雄,2024-10-23,9303
2890,永豐金,22,0,22,華南永昌-高雄,2024-10-23,9303
3049,精金,24,5,19,華南永昌-高雄,2024-10-23,9303
2329,華泰,62,43,19,華南永昌-高雄,2024-10-23,9303
00915,凱基優選高股息30,18,0,18,華南永昌-高雄,2024-10-23,9303
2884,玉山金,17,0,17,華南永昌-高雄,2024-10-23,9303
2903,遠百,17,0,17,華南永昌-高雄,2024-10-23,9303
2887,台新金,219,202,17,華南永昌-高雄,2024-10-23,9303
2399,映泰,70,54,16,華南永昌-高雄,2024-10-23,9303
4113,聯上,16,0,16,華南永昌-高雄,2024-10-23,9303
2641,正德,16,0,16,華南永昌-高雄,2024-10-23,9303
00700,富邦�琤肭磪�,15,0,15,華南永昌-高雄,2024-10-23,9303
3055,蔚華科,18,4,14,華南永昌-高雄,2024-10-23,9303
2302,麗正,15,1,14,華南永昌-高雄,2024-10-23,9303
0050,元大台灣50,20,7,13,華南永昌-高雄,2024-10-23,9303
2889,國票金,13,0,13,華南永昌-高雄,2024-10-23,9303
2317,鴻海,30,18,12,華南永昌-高雄,2024-10-23,9303
00680L,元大美債20正2,2420,0,2420,華南永昌-高雄,2024-10-24,9303
00937B,群益ESG投等債20,146,1,145,華南永昌-高雄,2024-10-24,9303
5202,力新,127,9,118,華南永昌-高雄,2024-10-24,9303
1802,台玻,108,6,102,華南永昌-高雄,2024-10-24,9303
2883,凱基金,87,0,87,華南永昌-高雄,2024-10-24,9303
0056,元大高股息,74,1,73,華南永昌-高雄,2024-10-24,9303
00679B,元大美債20年,74,8,66,華南永昌-高雄,2024-10-24,9303
00687B,國泰20年美債,70,7,63,華南永昌-高雄,2024-10-24,9303
6763,綠界科技*,68,14,54,華南永昌-高雄,2024-10-24,9303
3707,漢磊,56,3,53,華南永昌-高雄,2024-10-24,9303
2887,台新金,54,6,48,華南永昌-高雄,2024-10-24,9303
1721,三晃,117,71,46,華南永昌-高雄,2024-10-24,9303
6770,力積電,40,3,37,華南永昌-高雄,2024-10-24,9303
1582,信錦,37,0,37,華南永昌-高雄,2024-10-24,9303
00665L,富邦�琤肭磪囓�2,39,5,34,華南永昌-高雄,2024-10-24,9303
00919,群益台灣精選高息,42,8,34,華南永昌-高雄,2024-10-24,9303
00878,國泰永續高股息,74,41,33,華南永昌-高雄,2024-10-24,9303
00688L,國泰20年美債正2,33,0,33,華南永昌-高雄,2024-10-24,9303
2834,臺企銀,35,2,33,華南永昌-高雄,2024-10-24,9303
2399,映泰,84,53,31,華南永昌-高雄,2024-10-24,9303
2605,新興,31,1,30,華南永昌-高雄,2024-10-24,9303
1722,台肥,30,0,30,華南永昌-高雄,2024-10-24,9303
2344,華邦電,32,3,29,華南永昌-高雄,2024-10-24,9303
2337,旺宏,28,0,28,華南永昌-高雄,2024-10-24,9303
00946,群益科技高息成長,28,1,27,華南永昌-高雄,2024-10-24,9303
00637L,元大滬深300正2,35,10,25,華南永昌-高雄,2024-10-24,9303
3264,欣銓,24,0,24,華南永昌-高雄,2024-10-24,9303
2891,中信金,28,5,23,華南永昌-高雄,2024-10-24,9303
2542,興富發,22,0,22,華南永昌-高雄,2024-10-24,9303
3580,友威科,57,36,21,華南永昌-高雄,2024-10-24,9303
8111,立��,29,8,21,華南永昌-高雄,2024-10-24,9303
4564,元翎,20,0,20,華南永昌-高雄,2024-10-24,9303
006208,富邦台50,19,0,19,華南永昌-高雄,2024-10-24,9303
1316,上曜,19,0,19,華南永昌-高雄,2024-10-24,9303
2426,鼎元,19,0,19,華南永昌-高雄,2024-10-24,9303
2382,廣達,33,14,19,華南永昌-高雄,2024-10-24,9303
1789,神隆,20,2,18,華南永昌-高雄,2024-10-24,9303
2880,華南金,21,3,18,華南永昌-高雄,2024-10-24,9303
2867,三商壽,19,1,18,華南永昌-高雄,2024-10-24,9303
2388,威盛,27,10,17,華南永昌-高雄,2024-10-24,9303
2486,一詮,33,16,17,華南永昌-高雄,2024-10-24,9303
00753L,中信中國50正2,22,5,17,華南永昌-高雄,2024-10-24,9303
3450,聯鈞,86,69,17,華南永昌-高雄,2024-10-24,9303
2317,鴻海,40,23,17,華南永昌-高雄,2024-10-24,9303
00960,野村全球航運龍頭,18,1,17,華南永昌-高雄,2024-10-24,9303
5905,南仁湖,17,1,16,華南永昌-高雄,2024-10-24,9303
1513,中興電,16,0,16,華南永昌-高雄,2024-10-24,9303
9945,潤泰新,16,0,16,華南永昌-高雄,2024-10-24,9303
3481,群創,22,7,15,華南永昌-高雄,2024-10-24,9303
2383,台光電,20,5,15,華南永昌-高雄,2024-10-24,9303
00680L,元大美債20正2,2236,0,2236,華南永昌-高雄,2024-10-25,9303
2477,美隆電,122,0,122,華南永昌-高雄,2024-10-25,9303
2646,星宇航空,307,222,85,華南永昌-高雄,2024-10-25,9303
2344,華邦電,81,4,77,華南永昌-高雄,2024-10-25,9303
6152,百一,57,0,57,華南永昌-高雄,2024-10-25,9303
00715L,期街口布蘭特正2,56,2,54,華南永昌-高雄,2024-10-25,9303
4564,元翎,40,0,40,華南永昌-高雄,2024-10-25,9303
00887,永豐中國科技50大,41,3,38,華南永昌-高雄,2024-10-25,9303
911868,同方友友-DR,33,0,33,華南永昌-高雄,2024-10-25,9303
6257,矽格,33,1,32,華南永昌-高雄,2024-10-25,9303
1595,川寶,29,2,27,華南永昌-高雄,2024-10-25,9303
00959B,大華投等美債15Y+,26,0,26,華南永昌-高雄,2024-10-25,9303
00937B,群益ESG投等債20,100,75,25,華南永昌-高雄,2024-10-25,9303
2867,三商壽,25,1,24,華南永昌-高雄,2024-10-25,9303
00679B,元大美債20年,25,1,24,華南永昌-高雄,2024-10-25,9303
5488,松普,28,5,23,華南永昌-高雄,2024-10-25,9303
5907,大洋-KY,22,0,22,華南永昌-高雄,2024-10-25,9303
8249,菱光,67,45,22,華南永昌-高雄,2024-10-25,9303
4960,誠美材,20,0,20,華南永昌-高雄,2024-10-25,9303
6706,惠特,24,4,20,華南永昌-高雄,2024-10-25,9303
3049,精金,26,7,19,華南永昌-高雄,2024-10-25,9303
2367,燿華,27,8,19,華南永昌-高雄,2024-10-25,9303
00687B,國泰20年美債,39,21,18,華南永昌-高雄,2024-10-25,9303
2495,普安,158,141,17,華南永昌-高雄,2024-10-25,9303
6142,友勁,25,8,17,華南永昌-高雄,2024-10-25,9303
4956,光鋐,16,0,16,華南永昌-高雄,2024-10-25,9303
5381,合正,16,0,16,華南永昌-高雄,2024-10-25,9303
00712,復華富時不動產,15,0,15,華南永昌-高雄,2024-10-25,9303
0056,元大高股息,16,1,15,華南永昌-高雄,2024-10-25,9303
3710,連展投控,21,6,15,華南永昌-高雄,2024-10-25,9303
2845,遠東銀,15,0,15,華南永昌-高雄,2024-10-25,9303
6763,綠界科技*,15,0,15,華南永昌-高雄,2024-10-25,9303
2891,中信金,14,0,14,華南永昌-高雄,2024-10-25,9303
2337,旺宏,13,0,13,華南永昌-高雄,2024-10-25,9303
2609,陽明,24,12,12,華南永昌-高雄,2024-10-25,9303
2426,鼎元,14,2,12,華南永昌-高雄,2024-10-25,9303
2887,台新金,12,0,12,華南永昌-高雄,2024-10-25,9303
3025,星通,14,2,12,華南永昌-高雄,2024-10-25,9303
2542,興富發,12,0,12,華南永昌-高雄,2024-10-25,9303
3149,正達,43,32,11,華南永昌-高雄,2024-10-25,9303
00905,FT臺灣Smart,11,0,11,華南永昌-高雄,2024-10-25,9303
2886,兆豐金,11,0,11,華南永昌-高雄,2024-10-25,9303
2890,永豐金,57,46,11,華南永昌-高雄,2024-10-25,9303
00960,野村全球航運龍頭,19,9,10,華南永昌-高雄,2024-10-25,9303
3033,威健,11,1,10,華南永昌-高雄,2024-10-25,9303
4114,健喬,11,1,10,華南永昌-高雄,2024-10-25,9303
2809,京城銀,10,0,10,華南永昌-高雄,2024-10-25,9303
00724B,群益投資級金融債,10,0,10,華南永昌-高雄,2024-10-25,9303
00933B,國泰10Y+金融債,10,0,10,華南永昌-高雄,2024-10-25,9303
00722B,群益投資級電信債,10,0,10,華南永昌-高雄,2024-10-25,9303
00680L,元大美債20正2,856,20,836,華南永昌-高雄,2024-10-28,9303
2834,臺企銀,201,0,201,華南永昌-高雄,2024-10-28,9303
00679B,元大美債20年,128,21,107,華南永昌-高雄,2024-10-28,9303
00715L,期街口布蘭特正2,133,42,91,華南永昌-高雄,2024-10-28,9303
00937B,群益ESG投等債20,299,216,83,華南永昌-高雄,2024-10-28,9303
2646,星宇航空,137,67,70,華南永昌-高雄,2024-10-28,9303
6770,力積電,78,9,69,華南永昌-高雄,2024-10-28,9303
2609,陽明,85,24,61,華南永昌-高雄,2024-10-28,9303
1314,中石化,57,2,55,華南永昌-高雄,2024-10-28,9303
00720B,元大投資級公司債,59,7,52,華南永昌-高雄,2024-10-28,9303
3013,晟銘電,63,11,52,華南永昌-高雄,2024-10-28,9303
2515,中工,51,0,51,華南永昌-高雄,2024-10-28,9303
00688L,國泰20年美債正2,51,1,50,華南永昌-高雄,2024-10-28,9303
2905,三商,49,0,49,華南永昌-高雄,2024-10-28,9303
00887,永豐中國科技50大,50,6,44,華南永昌-高雄,2024-10-28,9303
3447,展達,68,24,44,華南永昌-高雄,2024-10-28,9303
2312,金寶,47,11,36,華南永昌-高雄,2024-10-28,9303
2369,菱生,32,1,31,華南永昌-高雄,2024-10-28,9303
3707,漢磊,36,6,30,華南永昌-高雄,2024-10-28,9303
00960,野村全球航運龍頭,28,0,28,華南永昌-高雄,2024-10-28,9303
2614,東森,32,4,28,華南永昌-高雄,2024-10-28,9303
2317,鴻海,94,66,28,華南永昌-高雄,2024-10-28,9303
2412,中華電,26,0,26,華南永昌-高雄,2024-10-28,9303
0056,元大高股息,25,1,24,華南永昌-高雄,2024-10-28,9303
3450,聯鈞,57,33,24,華南永昌-高雄,2024-10-28,9303
8183,精星,26,3,23,華南永昌-高雄,2024-10-28,9303
2605,新興,23,1,22,華南永昌-高雄,2024-10-28,9303
2912,統一超,20,0,20,華南永昌-高雄,2024-10-28,9303
6901,鑽石投資,20,0,20,華南永昌-高雄,2024-10-28,9303
8074,鉅橡,36,17,19,華南永昌-高雄,2024-10-28,9303
00919,群益台灣精選高息,18,0,18,華南永昌-高雄,2024-10-28,9303
2303,聯電,33,16,17,華南永昌-高雄,2024-10-28,9303
1734,杏輝,17,0,17,華南永昌-高雄,2024-10-28,9303
00933B,國泰10Y+金融債,16,0,16,華南永昌-高雄,2024-10-28,9303
00713,元大台灣高息低波,16,0,16,華南永昌-高雄,2024-10-28,9303
1528,恩德,25,9,16,華南永昌-高雄,2024-10-28,9303
9958,世紀鋼,16,0,16,華南永昌-高雄,2024-10-28,9303
3231,緯創,21,6,15,華南永昌-高雄,2024-10-28,9303
1464,得力,15,0,15,華南永昌-高雄,2024-10-28,9303
2892,第一金,16,1,15,華南永昌-高雄,2024-10-28,9303
3551,世禾,27,12,15,華南永昌-高雄,2024-10-28,9303
4909,新復興,17,3,14,華南永昌-高雄,2024-10-28,9303
1560,中砂,17,3,14,華南永昌-高雄,2024-10-28,9303
6202,盛群,15,1,14,華南永昌-高雄,2024-10-28,9303
3264,欣銓,12,0,12,華南永昌-高雄,2024-10-28,9303
3049,精金,14,2,12,華南永昌-高雄,2024-10-28,9303
8064,東捷,28,16,12,華南永昌-高雄,2024-10-28,9303
8404,百和興業-KY,12,0,12,華南永昌-高雄,2024-10-28,9303
2330,台積電,31,19,12,華南永昌-高雄,2024-10-28,9303
2615,萬海,46,34,12,華南永昌-高雄,2024-10-28,9303
00680L,元大美債20正2,605,0,605,華南永昌-高雄,2024-10-29,9303
00929,復華台灣科技優息,202,18,184,華南永昌-高雄,2024-10-29,9303
00919,群益台灣精選高息,176,12,164,華南永昌-高雄,2024-10-29,9303
9105,泰金寶-DR,142,15,127,華南永昌-高雄,2024-10-29,9303
00712,復華富時不動產,122,0,122,華南永昌-高雄,2024-10-29,9303
0056,元大高股息,104,0,104,華南永昌-高雄,2024-10-29,9303
2303,聯電,100,2,98,華南永昌-高雄,2024-10-29,9303
8249,菱光,112,14,98,華南永昌-高雄,2024-10-29,9303
2834,臺企銀,123,26,97,華南永昌-高雄,2024-10-29,9303
2477,美隆電,89,6,83,華南永昌-高雄,2024-10-29,9303
00878,國泰永續高股息,78,5,73,華南永昌-高雄,2024-10-29,9303
00715L,期街口布蘭特正2,71,1,70,華南永昌-高雄,2024-10-29,9303
00637L,元大滬深300正2,66,10,56,華南永昌-高雄,2024-10-29,9303
2880,華南金,47,0,47,華南永昌-高雄,2024-10-29,9303
8111,立��,55,8,47,華南永昌-高雄,2024-10-29,9303
00676R,富邦臺灣加權反1,43,0,43,華南永昌-高雄,2024-10-29,9303
2344,華邦電,41,1,40,華南永昌-高雄,2024-10-29,9303
2905,三商,40,0,40,華南永昌-高雄,2024-10-29,9303
2421,建準,43,4,39,華南永昌-高雄,2024-10-29,9303
00922,國泰台灣領袖50,37,0,37,華南永昌-高雄,2024-10-29,9303
6505,台塑化,35,0,35,華南永昌-高雄,2024-10-29,9303
8046,南電,33,0,33,華南永昌-高雄,2024-10-29,9303
00946,群益科技高息成長,51,19,32,華南永昌-高雄,2024-10-29,9303
5481,新華,32,0,32,華南永昌-高雄,2024-10-29,9303
6770,力積電,34,6,28,華南永昌-高雄,2024-10-29,9303
00918,大華優利高填息30,26,0,26,華南永昌-高雄,2024-10-29,9303
5907,大洋-KY,38,13,25,華南永昌-高雄,2024-10-29,9303
3581,博磊,34,9,25,華南永昌-高雄,2024-10-29,9303
2431,聯昌,30,6,24,華南永昌-高雄,2024-10-29,9303
1314,中石化,25,1,24,華南永昌-高雄,2024-10-29,9303
00891,中信關鍵半導體,23,0,23,華南永昌-高雄,2024-10-29,9303
2883,凱基金,32,10,22,華南永昌-高雄,2024-10-29,9303
3047,訊舟,25,3,22,華南永昌-高雄,2024-10-29,9303
00881,國泰台灣5G+,24,2,22,華南永昌-高雄,2024-10-29,9303
1449,佳和,43,22,21,華南永昌-高雄,2024-10-29,9303
0050,元大台灣50,23,3,20,華南永昌-高雄,2024-10-29,9303
00961,FT臺灣永續高息,20,0,20,華南永昌-高雄,2024-10-29,9303
8358,金居,20,0,20,華南永昌-高雄,2024-10-29,9303
00915,凱基優選高股息30,19,0,19,華南永昌-高雄,2024-10-29,9303
00679B,元大美債20年,19,0,19,華南永昌-高雄,2024-10-29,9303
2892,第一金,19,0,19,華南永昌-高雄,2024-10-29,9303
2408,南亞科,19,0,19,華南永昌-高雄,2024-10-29,9303
6830,汎銓,20,1,19,華南永昌-高雄,2024-10-29,9303
2399,映泰,36,17,19,華南永昌-高雄,2024-10-29,9303
00927,群益半導體收益,20,2,18,華南永昌-高雄,2024-10-29,9303
4162,智擎,20,2,18,華南永昌-高雄,2024-10-29,9303
2455,全新,20,2,18,華南永昌-高雄,2024-10-29,9303
6425,易發,23,5,18,華南永昌-高雄,2024-10-29,9303
6235,華孚,29,11,18,華南永昌-高雄,2024-10-29,9303
00934,中信成長高股息,18,0,18,華南永昌-高雄,2024-10-29,9303
00680L,元大美債20正2,601,20,581,華南永昌-高雄,2024-10-30,9303
2303,聯電,207,11,196,華南永昌-高雄,2024-10-30,9303
00919,群益台灣精選高息,140,7,133,華南永昌-高雄,2024-10-30,9303
00637L,元大滬深300正2,124,24,100,華南永昌-高雄,2024-10-30,9303
1528,恩德,122,41,81,華南永昌-高雄,2024-10-30,9303
3481,群創,91,16,75,華南永昌-高雄,2024-10-30,9303
1312,國喬,74,0,74,華南永昌-高雄,2024-10-30,9303
2890,永豐金,73,4,69,華南永昌-高雄,2024-10-30,9303
0056,元大高股息,73,11,62,華南永昌-高雄,2024-10-30,9303
6216,居易,77,21,56,華南永昌-高雄,2024-10-30,9303
2489,瑞軒,51,0,51,華南永昌-高雄,2024-10-30,9303
00712,復華富時不動產,41,2,39,華南永昌-高雄,2024-10-30,9303
1307,三芳,43,4,39,華南永昌-高雄,2024-10-30,9303
00679B,元大美債20年,41,3,38,華南永昌-高雄,2024-10-30,9303
9105,泰金寶-DR,40,2,38,華南永昌-高雄,2024-10-30,9303
00929,復華台灣科技優息,55,19,36,華南永昌-高雄,2024-10-30,9303
5498,凱崴,31,0,31,華南永昌-高雄,2024-10-30,9303
00700,富邦�琤肭磪�,30,0,30,華南永昌-高雄,2024-10-30,9303
00960,野村全球航運龍頭,31,2,29,華南永昌-高雄,2024-10-30,9303
00715L,期街口布蘭特正2,30,2,28,華南永昌-高雄,2024-10-30,9303
4919,新唐,49,21,28,華南永昌-高雄,2024-10-30,9303
6134,萬旭,44,17,27,華南永昌-高雄,2024-10-30,9303
2867,三商壽,26,0,26,華南永昌-高雄,2024-10-30,9303
4532,瑞智,27,2,25,華南永昌-高雄,2024-10-30,9303
2883,凱基金,24,1,23,華南永昌-高雄,2024-10-30,9303
2884,玉山金,22,0,22,華南永昌-高雄,2024-10-30,9303
2897,王道銀行,20,0,20,華南永昌-高雄,2024-10-30,9303
5907,大洋-KY,20,0,20,華南永昌-高雄,2024-10-30,9303
00665L,富邦�琤肭磪囓�2,53,33,20,華南永昌-高雄,2024-10-30,9303
6257,矽格,23,5,18,華南永昌-高雄,2024-10-30,9303
3687,歐買尬,21,3,18,華南永昌-高雄,2024-10-30,9303
00688L,國泰20年美債正2,20,2,18,華南永昌-高雄,2024-10-30,9303
1560,中砂,19,2,17,華南永昌-高雄,2024-10-30,9303
6133,金橋,21,5,16,華南永昌-高雄,2024-10-30,9303
2327,國巨,16,1,15,華南永昌-高雄,2024-10-30,9303
3372,典範,16,1,15,華南永昌-高雄,2024-10-30,9303
6191,精成科,15,0,15,華南永昌-高雄,2024-10-30,9303
00932,兆豐永續高息等權,14,0,14,華南永昌-高雄,2024-10-30,9303
8028,昇陽半導體,16,2,14,華南永昌-高雄,2024-10-30,9303
2421,建準,22,8,14,華南永昌-高雄,2024-10-30,9303
2313,華通,19,5,14,華南永昌-高雄,2024-10-30,9303
00918,大華優利高填息30,13,0,13,華南永昌-高雄,2024-10-30,9303
1605,華新,12,0,12,華南永昌-高雄,2024-10-30,9303
2887,台新金,80,68,12,華南永昌-高雄,2024-10-30,9303
3552,同致,12,0,12,華南永昌-高雄,2024-10-30,9303
2885,元大金,11,0,11,華南永昌-高雄,2024-10-30,9303
6690,安�硌穈T,23,12,11,華南永昌-高雄,2024-10-30,9303
00887,永豐中國科技50大,16,5,11,華南永昌-高雄,2024-10-30,9303
2881,富邦金,10,0,10,華南永昌-高雄,2024-10-30,9303
00692,富邦公司治理,10,0,10,華南永昌-高雄,2024-10-30,9303
00795B,中信美國公債20年,314,5,309,華南永昌-高雄,2024-11-01,9303
00919,群益台灣精選高息,283,8,275,華南永昌-高雄,2024-11-01,9303
0056,元大高股息,246,5,241,華南永昌-高雄,2024-11-01,9303
00680L,元大美債20正2,317,80,237,華南永昌-高雄,2024-11-01,9303
9105,泰金寶-DR,110,0,110,華南永昌-高雄,2024-11-01,9303
2303,聯電,130,31,99,華南永昌-高雄,2024-11-01,9303
00687B,國泰20年美債,98,1,97,華南永昌-高雄,2024-11-01,9303
2891,中信金,100,3,97,華南永昌-高雄,2024-11-01,9303
00929,復華台灣科技優息,97,22,75,華南永昌-高雄,2024-11-01,9303
1808,潤隆,61,1,60,華南永昌-高雄,2024-11-01,9303
00720B,元大投資級公司債,57,0,57,華南永昌-高雄,2024-11-01,9303
00878,國泰永續高股息,49,8,41,華南永昌-高雄,2024-11-01,9303
2354,鴻準,110,69,41,華南永昌-高雄,2024-11-01,9303
00945B,凱基美國非投等債,41,0,41,華南永昌-高雄,2024-11-01,9303
1314,中石化,44,6,38,華南永昌-高雄,2024-11-01,9303
2884,玉山金,38,1,37,華南永昌-高雄,2024-11-01,9303
8446,華研,37,0,37,華南永昌-高雄,2024-11-01,9303
00922,國泰台灣領袖50,34,0,34,華南永昌-高雄,2024-11-01,9303
00887,永豐中國科技50大,55,27,28,華南永昌-高雄,2024-11-01,9303
00927,群益半導體收益,27,0,27,華南永昌-高雄,2024-11-01,9303
00935,野村臺灣新科技50,40,16,24,華南永昌-高雄,2024-11-01,9303
00940,元大台灣價值高息,89,66,23,華南永昌-高雄,2024-11-01,9303
1449,佳和,103,81,22,華南永昌-高雄,2024-11-01,9303
2646,星宇航空,32,10,22,華南永昌-高雄,2024-11-01,9303
6257,矽格,24,3,21,華南永昌-高雄,2024-11-01,9303
00679B,元大美債20年,22,1,21,華南永昌-高雄,2024-11-01,9303
00918,大華優利高填息30,27,7,20,華南永昌-高雄,2024-11-01,9303
00712,復華富時不動產,20,0,20,華南永昌-高雄,2024-11-01,9303
2886,兆豐金,20,0,20,華南永昌-高雄,2024-11-01,9303
3092,鴻碩,31,11,20,華南永昌-高雄,2024-11-01,9303
1584,精剛,20,0,20,華南永昌-高雄,2024-11-01,9303
00915,凱基優選高股息30,19,0,19,華南永昌-高雄,2024-11-01,9303
006208,富邦台50,21,2,19,華南永昌-高雄,2024-11-01,9303
2312,金寶,26,8,18,華南永昌-高雄,2024-11-01,9303
2880,華南金,22,5,17,華南永昌-高雄,2024-11-01,9303
8044,網家,19,2,17,華南永昌-高雄,2024-11-01,9303
2405,輔信,22,5,17,華南永昌-高雄,2024-11-01,9303
2498,宏達電,18,2,16,華南永昌-高雄,2024-11-01,9303
2543,皇昌,34,18,16,華南永昌-高雄,2024-11-01,9303
5314,世紀,16,0,16,華南永昌-高雄,2024-11-01,9303
2344,華邦電,20,5,15,華南永昌-高雄,2024-11-01,9303
2337,旺宏,20,5,15,華南永昌-高雄,2024-11-01,9303
2867,三商壽,15,1,14,華南永昌-高雄,2024-11-01,9303
00946,群益科技高息成長,20,7,13,華南永昌-高雄,2024-11-01,9303
00830,國泰費城半導體,14,1,13,華南永昌-高雄,2024-11-01,9303
2367,燿華,13,0,13,華南永昌-高雄,2024-11-01,9303
9939,宏全,14,1,13,華南永昌-高雄,2024-11-01,9303
00751B,元大AAA至A公司債,13,0,13,華南永昌-高雄,2024-11-01,9303
1815,富喬,20,7,13,華南永昌-高雄,2024-11-01,9303
00713,元大台灣高息低波,17,4,13,華南永昌-高雄,2024-11-01,9303
00680L,元大美債20正2,697,5,692,華南永昌-高雄,2024-11-04,9303
00937B,群益ESG投等債20,270,75,195,華南永昌-高雄,2024-11-04,9303
2609,陽明,140,26,114,華南永昌-高雄,2024-11-04,9303
00919,群益台灣精選高息,112,2,110,華南永昌-高雄,2024-11-04,9303
00878,國泰永續高股息,99,30,69,華南永昌-高雄,2024-11-04,9303
8032,光菱,81,12,69,華南永昌-高雄,2024-11-04,9303
4967,十銓,70,4,66,華南永昌-高雄,2024-11-04,9303
00687B,國泰20年美債,65,2,63,華南永昌-高雄,2024-11-04,9303
00679B,元大美債20年,63,2,61,華南永昌-高雄,2024-11-04,9303
2615,萬海,125,68,57,華南永昌-高雄,2024-11-04,9303
2413,環科,69,12,57,華南永昌-高雄,2024-11-04,9303
00712,復華富時不動產,50,0,50,華南永昌-高雄,2024-11-04,9303
00940,元大台灣價值高息,68,18,50,華南永昌-高雄,2024-11-04,9303
00720B,元大投資級公司債,45,0,45,華南永昌-高雄,2024-11-04,9303
6658,聯策,35,2,33,華南永昌-高雄,2024-11-04,9303
00927,群益半導體收益,34,2,32,華南永昌-高雄,2024-11-04,9303
1303,南亞,32,0,32,華南永昌-高雄,2024-11-04,9303
2646,星宇航空,49,20,29,華南永昌-高雄,2024-11-04,9303
2888,新光金,29,0,29,華南永昌-高雄,2024-11-04,9303
8111,立��,64,37,27,華南永昌-高雄,2024-11-04,9303
2303,聯電,45,20,25,華南永昌-高雄,2024-11-04,9303
00633L,富邦上証正2,25,0,25,華南永昌-高雄,2024-11-04,9303
2543,皇昌,28,5,23,華南永昌-高雄,2024-11-04,9303
00933B,國泰10Y+金融債,22,0,22,華南永昌-高雄,2024-11-04,9303
006208,富邦台50,22,1,21,華南永昌-高雄,2024-11-04,9303
0056,元大高股息,33,13,20,華南永昌-高雄,2024-11-04,9303
00751B,元大AAA至A公司債,20,0,20,華南永昌-高雄,2024-11-04,9303
00637L,元大滬深300正2,25,5,20,華南永昌-高雄,2024-11-04,9303
3037,欣興,25,6,19,華南永昌-高雄,2024-11-04,9303
3380,明泰,19,0,19,華南永昌-高雄,2024-11-04,9303
6257,矽格,19,1,18,華南永昌-高雄,2024-11-04,9303
2393,億光,19,1,18,華南永昌-高雄,2024-11-04,9303
1560,中砂,17,0,17,華南永昌-高雄,2024-11-04,9303
3490,單井,24,7,17,華南永昌-高雄,2024-11-04,9303
4956,光鋐,20,3,17,華南永昌-高雄,2024-11-04,9303
1453,大將,16,0,16,華南永昌-高雄,2024-11-04,9303
00700,富邦�琤肭磪�,15,0,15,華南永昌-高雄,2024-11-04,9303
1815,富喬,20,5,15,華南永昌-高雄,2024-11-04,9303
00932,兆豐永續高息等權,22,8,14,華南永昌-高雄,2024-11-04,9303
2363,矽統,22,8,14,華南永昌-高雄,2024-11-04,9303
2867,三商壽,18,4,14,華南永昌-高雄,2024-11-04,9303
00891,中信關鍵半導體,20,6,14,華南永昌-高雄,2024-11-04,9303
00795B,中信美國公債20年,14,0,14,華南永昌-高雄,2024-11-04,9303
6133,金橋,26,13,13,華南永昌-高雄,2024-11-04,9303
00725B,國泰投資級公司債,17,5,12,華南永昌-高雄,2024-11-04,9303
00953B,群益優選非投等債,12,0,12,華南永昌-高雄,2024-11-04,9303
8021,尖點,24,12,12,華南永昌-高雄,2024-11-04,9303
8089,康全電訊,15,3,12,華南永昌-高雄,2024-11-04,9303
8155,博智,12,0,12,華南永昌-高雄,2024-11-04,9303
00939,統一台灣高息動能,11,0,11,華南永昌-高雄,2024-11-04,9303
00680L,元大美債20正2,731,115,616,華南永昌-高雄,2024-11-05,9303
00940,元大台灣價值高息,344,3,341,華南永昌-高雄,2024-11-05,9303
00878,國泰永續高股息,77,6,71,華南永昌-高雄,2024-11-05,9303
00919,群益台灣精選高息,67,7,60,華南永昌-高雄,2024-11-05,9303
6530,創威,109,51,58,華南永昌-高雄,2024-11-05,9303
00930,永豐ESG低碳高息,55,0,55,華南永昌-高雄,2024-11-05,9303
00946,群益科技高息成長,55,0,55,華南永昌-高雄,2024-11-05,9303
0056,元大高股息,59,8,51,華南永昌-高雄,2024-11-05,9303
4526,東台,69,19,50,華南永昌-高雄,2024-11-05,9303
00929,復華台灣科技優息,92,42,50,華南永昌-高雄,2024-11-05,9303
00932,兆豐永續高息等權,49,1,48,華南永昌-高雄,2024-11-05,9303
2905,三商,40,0,40,華南永昌-高雄,2024-11-05,9303
00881,國泰台灣5G+,41,4,37,華南永昌-高雄,2024-11-05,9303
2344,華邦電,36,2,34,華南永昌-高雄,2024-11-05,9303
3481,群創,35,3,32,華南永昌-高雄,2024-11-05,9303
2867,三商壽,31,0,31,華南永昌-高雄,2024-11-05,9303
2888,新光金,380,350,30,華南永昌-高雄,2024-11-05,9303
00740B,富邦全球投等債,30,0,30,華南永昌-高雄,2024-11-05,9303
2103,台橡,31,1,30,華南永昌-高雄,2024-11-05,9303
00679B,元大美債20年,32,4,28,華南永昌-高雄,2024-11-05,9303
2399,映泰,54,29,25,華南永昌-高雄,2024-11-05,9303
2369,菱生,22,1,21,華南永昌-高雄,2024-11-05,9303
00783,富邦中証500,20,0,20,華南永昌-高雄,2024-11-05,9303
00937B,群益ESG投等債20,41,21,20,華南永昌-高雄,2024-11-05,9303
911868,同方友友-DR,19,0,19,華南永昌-高雄,2024-11-05,9303
00643,群益深証中小,18,0,18,華南永昌-高雄,2024-11-05,9303
00712,復華富時不動產,18,0,18,華南永昌-高雄,2024-11-05,9303
3062,建漢,34,17,17,華南永昌-高雄,2024-11-05,9303
00795B,中信美國公債20年,17,0,17,華南永昌-高雄,2024-11-05,9303
3490,單井,23,8,15,華南永昌-高雄,2024-11-05,9303
2328,廣宇,18,3,15,華南永昌-高雄,2024-11-05,9303
3013,晟銘電,27,13,14,華南永昌-高雄,2024-11-05,9303
6830,汎銓,15,1,14,華南永昌-高雄,2024-11-05,9303
2492,華新科,15,1,14,華南永昌-高雄,2024-11-05,9303
1436,華友聯,13,0,13,華南永昌-高雄,2024-11-05,9303
3711,日月光投控,18,5,13,華南永昌-高雄,2024-11-05,9303
00891,中信關鍵半導體,11,0,11,華南永昌-高雄,2024-11-05,9303
1616,億泰,11,0,11,華南永昌-高雄,2024-11-05,9303
6505,台塑化,11,0,11,華南永昌-高雄,2024-11-05,9303
1326,台化,10,0,10,華南永昌-高雄,2024-11-05,9303
3558,神準,10,0,10,華南永昌-高雄,2024-11-05,9303
3290,東浦,10,0,10,華南永昌-高雄,2024-11-05,9303
2349,錸德,10,0,10,華南永昌-高雄,2024-11-05,9303
3580,友威科,11,1,10,華南永昌-高雄,2024-11-05,9303
5603,陸海,10,0,10,華南永昌-高雄,2024-11-05,9303
2884,玉山金,10,0,10,華南永昌-高雄,2024-11-05,9303
00902,中信電池及儲能,15,5,10,華南永昌-高雄,2024-11-05,9303
3149,正達,30,21,9,華南永昌-高雄,2024-11-05,9303
4903,聯光通,46,37,9,華南永昌-高雄,2024-11-05,9303
1506,正道,10,1,9,華南永昌-高雄,2024-11-05,9303
00680L,元大美債20正2,3785,1462,2323,華南永昌-高雄,2024-11-06,9303
00937B,群益ESG投等債20,339,41,298,華南永昌-高雄,2024-11-06,9303
2609,陽明,215,22,193,華南永昌-高雄,2024-11-06,9303
00687B,國泰20年美債,174,16,158,華南永昌-高雄,2024-11-06,9303
00632R,元大台灣50反1,330,230,100,華南永昌-高雄,2024-11-06,9303
00679B,元大美債20年,101,3,98,華南永昌-高雄,2024-11-06,9303
00688L,國泰20年美債正2,97,0,97,華南永昌-高雄,2024-11-06,9303
00878,國泰永續高股息,99,3,96,華南永昌-高雄,2024-11-06,9303
8249,菱光,128,34,94,華南永昌-高雄,2024-11-06,9303
1449,佳和,128,49,79,華南永昌-高雄,2024-11-06,9303
2883,凱基金,80,9,71,華南永昌-高雄,2024-11-06,9303
00712,復華富時不動產,54,1,53,華南永昌-高雄,2024-11-06,9303
1314,中石化,51,0,51,華南永昌-高雄,2024-11-06,9303
00940,元大台灣價值高息,53,10,43,華南永昌-高雄,2024-11-06,9303
00720B,元大投資級公司債,43,0,43,華南永昌-高雄,2024-11-06,9303
2405,輔信,41,0,41,華南永昌-高雄,2024-11-06,9303
00795B,中信美國公債20年,68,30,38,華南永昌-高雄,2024-11-06,9303
00773B,中信優先金融債,35,0,35,華南永昌-高雄,2024-11-06,9303
00665L,富邦�琤肭磪囓�2,63,31,32,華南永昌-高雄,2024-11-06,9303
2646,星宇航空,42,14,28,華南永昌-高雄,2024-11-06,9303
3163,波若威,29,1,28,華南永昌-高雄,2024-11-06,9303
3062,建漢,52,24,28,華南永昌-高雄,2024-11-06,9303
00637L,元大滬深300正2,39,11,28,華南永昌-高雄,2024-11-06,9303
4956,光鋐,36,8,28,華南永昌-高雄,2024-11-06,9303
00919,群益台灣精選高息,35,9,26,華南永昌-高雄,2024-11-06,9303
4919,新唐,40,15,25,華南永昌-高雄,2024-11-06,9303
3711,日月光投控,28,4,24,華南永昌-高雄,2024-11-06,9303
00933B,國泰10Y+金融債,30,6,24,華南永昌-高雄,2024-11-06,9303
00887,永豐中國科技50大,37,14,23,華南永昌-高雄,2024-11-06,9303
00706L,期元大S＆P日圓正2,20,0,20,華南永昌-高雄,2024-11-06,9303
00650L,復華香港正2,20,0,20,華南永昌-高雄,2024-11-06,9303
00664R,國泰臺灣加權反1,20,0,20,華南永昌-高雄,2024-11-06,9303
4162,智擎,22,3,19,華南永昌-高雄,2024-11-06,9303
5315,光聯,21,2,19,華南永昌-高雄,2024-11-06,9303
8150,南茂,19,0,19,華南永昌-高雄,2024-11-06,9303
00713,元大台灣高息低波,19,1,18,華南永昌-高雄,2024-11-06,9303
2882,國泰金,20,3,17,華南永昌-高雄,2024-11-06,9303
00857B,永豐20年美公債,17,0,17,華南永昌-高雄,2024-11-06,9303
3013,晟銘電,39,22,17,華南永昌-高雄,2024-11-06,9303
9907,統一實,15,0,15,華南永昌-高雄,2024-11-06,9303
2886,兆豐金,15,0,15,華南永昌-高雄,2024-11-06,9303
00643,群益深証中小,25,10,15,華南永昌-高雄,2024-11-06,9303
3049,精金,15,0,15,華南永昌-高雄,2024-11-06,9303
6505,台塑化,16,1,15,華南永昌-高雄,2024-11-06,9303
1463,強盛新,15,0,15,華南永昌-高雄,2024-11-06,9303
00700,富邦�琤肭磪�,15,0,15,華南永昌-高雄,2024-11-06,9303
2330,台積電,34,20,14,華南永昌-高雄,2024-11-06,9303
1597,直得,14,1,13,華南永昌-高雄,2024-11-06,9303
00753L,中信中國50正2,13,0,13,華南永昌-高雄,2024-11-06,9303
00918,大華優利高填息30,12,0,12,華南永昌-高雄,2024-11-06,9303
00680L,元大美債20正2,1132,40,1092,華南永昌-高雄,2024-11-07,9303
00933B,國泰10Y+金融債,131,3,128,華南永昌-高雄,2024-11-07,9303
2323,中環,100,3,97,華南永昌-高雄,2024-11-07,9303
2609,陽明,148,53,95,華南永昌-高雄,2024-11-07,9303
00688L,國泰20年美債正2,82,0,82,華南永昌-高雄,2024-11-07,9303
9105,泰金寶-DR,121,50,71,華南永昌-高雄,2024-11-07,9303
2888,新光金,70,6,64,華南永昌-高雄,2024-11-07,9303
9907,統一實,59,0,59,華南永昌-高雄,2024-11-07,9303
00878,國泰永續高股息,61,6,55,華南永昌-高雄,2024-11-07,9303
00650L,復華香港正2,61,22,39,華南永昌-高雄,2024-11-07,9303
2332,友訊,46,11,35,華南永昌-高雄,2024-11-07,9303
3019,亞光,32,0,32,華南永昌-高雄,2024-11-07,9303
00937B,群益ESG投等債20,44,13,31,華南永昌-高雄,2024-11-07,9303
3047,訊舟,60,35,25,華南永昌-高雄,2024-11-07,9303
00919,群益台灣精選高息,31,8,23,華南永昌-高雄,2024-11-07,9303
2363,矽統,26,4,22,華南永昌-高雄,2024-11-07,9303
00927,群益半導體收益,22,1,21,華南永昌-高雄,2024-11-07,9303
1528,恩德,31,10,21,華南永昌-高雄,2024-11-07,9303
6505,台塑化,22,1,21,華南永昌-高雄,2024-11-07,9303
2392,正崴,33,12,21,華南永昌-高雄,2024-11-07,9303
6278,台表科,20,0,20,華南永昌-高雄,2024-11-07,9303
00686R,群益臺灣加權反1,20,0,20,華南永昌-高雄,2024-11-07,9303
00844B,新光15年IG金融債,20,0,20,華南永昌-高雄,2024-11-07,9303
2330,台積電,31,15,16,華南永昌-高雄,2024-11-07,9303
1721,三晃,16,1,15,華南永昌-高雄,2024-11-07,9303
1587,吉茂,15,0,15,華南永昌-高雄,2024-11-07,9303
4207,環泰,14,0,14,華南永昌-高雄,2024-11-07,9303
1584,精剛,15,1,14,華南永昌-高雄,2024-11-07,9303
6869,雲豹能源,15,2,13,華南永昌-高雄,2024-11-07,9303
6257,矽格,13,0,13,華南永昌-高雄,2024-11-07,9303
00795B,中信美國公債20年,13,0,13,華南永昌-高雄,2024-11-07,9303
4109,加捷生醫,14,1,13,華南永昌-高雄,2024-11-07,9303
2233,宇隆,14,1,13,華南永昌-高雄,2024-11-07,9303
2356,英業達,54,41,13,華南永昌-高雄,2024-11-07,9303
2449,京元電子,29,16,13,華南永昌-高雄,2024-11-07,9303
2885,元大金,12,0,12,華南永昌-高雄,2024-11-07,9303
1301,台塑,21,9,12,華南永昌-高雄,2024-11-07,9303
1586,和勤,14,3,11,華南永昌-高雄,2024-11-07,9303
2070,精湛,11,0,11,華南永昌-高雄,2024-11-07,9303
6182,合晶,29,18,11,華南永昌-高雄,2024-11-07,9303
00679B,元大美債20年,12,1,11,華南永昌-高雄,2024-11-07,9303
5488,松普,10,0,10,華南永昌-高雄,2024-11-07,9303
2017,官田鋼,10,0,10,華南永昌-高雄,2024-11-07,9303
2890,永豐金,22,12,10,華南永昌-高雄,2024-11-07,9303
00764B,群益25年美債,10,0,10,華南永昌-高雄,2024-11-07,9303
2379,瑞昱,11,1,10,華南永昌-高雄,2024-11-07,9303
8429,金麗-KY,9,0,9,華南永昌-高雄,2024-11-07,9303
00932,兆豐永續高息等權,9,0,9,華南永昌-高雄,2024-11-07,9303
2892,第一金,8,0,8,華南永昌-高雄,2024-11-07,9303
2376,技嘉,22,14,8,華南永昌-高雄,2024-11-07,9303
00680L,元大美債20正2,1235,250,985,華南永昌-高雄,2024-11-08,9303
00679B,元大美債20年,138,0,138,華南永昌-高雄,2024-11-08,9303
0056,元大高股息,181,46,135,華南永昌-高雄,2024-11-08,9303
00933B,國泰10Y+金融債,105,5,100,華南永昌-高雄,2024-11-08,9303
2354,鴻準,235,139,96,華南永昌-高雄,2024-11-08,9303
3062,建漢,142,57,85,華南永昌-高雄,2024-11-08,9303
2034,允強,67,2,65,華南永昌-高雄,2024-11-08,9303
2489,瑞軒,67,5,62,華南永昌-高雄,2024-11-08,9303
2399,映泰,94,33,61,華南永昌-高雄,2024-11-08,9303
00882,中信中國高股息,60,1,59,華南永昌-高雄,2024-11-08,9303
00878,國泰永續高股息,73,19,54,華南永昌-高雄,2024-11-08,9303
00664R,國泰臺灣加權反1,53,0,53,華南永昌-高雄,2024-11-08,9303
1802,台玻,51,3,48,華南永昌-高雄,2024-11-08,9303
00637L,元大滬深300正2,92,46,46,華南永昌-高雄,2024-11-08,9303
2312,金寶,61,20,41,華南永昌-高雄,2024-11-08,9303
2356,英業達,70,33,37,華南永昌-高雄,2024-11-08,9303
6505,台塑化,41,6,35,華南永昌-高雄,2024-11-08,9303
1303,南亞,39,5,34,華南永昌-高雄,2024-11-08,9303
9935,慶豐富,32,1,31,華南永昌-高雄,2024-11-08,9303
00940,元大台灣價值高息,72,42,30,華南永昌-高雄,2024-11-08,9303
00643,群益深証中小,30,0,30,華南永昌-高雄,2024-11-08,9303
00650L,復華香港正2,30,2,28,華南永昌-高雄,2024-11-08,9303
00713,元大台灣高息低波,31,3,28,華南永昌-高雄,2024-11-08,9303
3037,欣興,39,12,27,華南永昌-高雄,2024-11-08,9303
00930,永豐ESG低碳高息,27,0,27,華南永昌-高雄,2024-11-08,9303
8933,愛地雅,28,3,25,華南永昌-高雄,2024-11-08,9303
2313,華通,44,20,24,華南永昌-高雄,2024-11-08,9303
2061,風青,23,0,23,華南永昌-高雄,2024-11-08,9303
1609,大亞,25,2,23,華南永昌-高雄,2024-11-08,9303
5864,致和證,22,0,22,華南永昌-高雄,2024-11-08,9303
00932,兆豐永續高息等權,32,11,21,華南永昌-高雄,2024-11-08,9303
1582,信錦,21,0,21,華南永昌-高雄,2024-11-08,9303
2371,大同,23,2,21,華南永昌-高雄,2024-11-08,9303
1471,首利,22,1,21,華南永昌-高雄,2024-11-08,9303
00946,群益科技高息成長,22,1,21,華南永昌-高雄,2024-11-08,9303
6190,萬泰科,26,5,21,華南永昌-高雄,2024-11-08,9303
2646,星宇航空,23,3,20,華南永昌-高雄,2024-11-08,9303
2101,南港,20,0,20,華南永昌-高雄,2024-11-08,9303
00952,凱基台灣AI50,20,0,20,華南永昌-高雄,2024-11-08,9303
00927,群益半導體收益,26,6,20,華南永昌-高雄,2024-11-08,9303
5876,上海商銀,20,0,20,華南永昌-高雄,2024-11-08,9303
3013,晟銘電,28,8,20,華南永昌-高雄,2024-11-08,9303
8112,至上,20,0,20,華南永昌-高雄,2024-11-08,9303
6216,居易,29,11,18,華南永昌-高雄,2024-11-08,9303
2482,連宇,18,0,18,華南永昌-高雄,2024-11-08,9303
4903,聯光通,46,29,17,華南永昌-高雄,2024-11-08,9303
9105,泰金寶-DR,93,77,16,華南永昌-高雄,2024-11-08,9303
00959B,大華投等美債15Y+,17,1,16,華南永昌-高雄,2024-11-08,9303
6477,安集,19,3,16,華南永昌-高雄,2024-11-08,9303
1587,吉茂,16,0,16,華南永昌-高雄,2024-11-08,9303
2834,臺企銀,257,5,252,華南永昌-高雄,2024-11-11,9303
2069,運錩,154,0,154,華南永昌-高雄,2024-11-11,9303
00948B,中信優息投資級債,103,0,103,華南永昌-高雄,2024-11-11,9303
00751B,元大AAA至A公司債,71,0,71,華南永昌-高雄,2024-11-11,9303
4931,新盛力,65,2,63,華南永昌-高雄,2024-11-11,9303
2392,正崴,106,44,62,華南永昌-高雄,2024-11-11,9303
2354,鴻準,72,13,59,華南永昌-高雄,2024-11-11,9303
2002,中鋼,66,10,56,華南永昌-高雄,2024-11-11,9303
4119,旭富,58,3,55,華南永昌-高雄,2024-11-11,9303
3149,正達,62,8,54,華南永昌-高雄,2024-11-11,9303
1312,國喬,57,3,54,華南永昌-高雄,2024-11-11,9303
4716,大立,68,18,50,華南永昌-高雄,2024-11-11,9303
1314,中石化,50,4,46,華南永昌-高雄,2024-11-11,9303
6763,綠界科技*,74,29,45,華南永昌-高雄,2024-11-11,9303
00679B,元大美債20年,47,3,44,華南永昌-高雄,2024-11-11,9303
2606,裕民,57,16,41,華南永昌-高雄,2024-11-11,9303
2646,星宇航空,47,7,40,華南永昌-高雄,2024-11-11,9303
2349,錸德,39,0,39,華南永昌-高雄,2024-11-11,9303
00932,兆豐永續高息等權,38,0,38,華南永昌-高雄,2024-11-11,9303
00753L,中信中國50正2,48,11,37,華南永昌-高雄,2024-11-11,9303
2399,映泰,98,65,33,華南永昌-高雄,2024-11-11,9303
006208,富邦台50,30,0,30,華南永昌-高雄,2024-11-11,9303
2615,萬海,111,84,27,華南永昌-高雄,2024-11-11,9303
2303,聯電,32,5,27,華南永昌-高雄,2024-11-11,9303
00887,永豐中國科技50大,44,19,25,華南永昌-高雄,2024-11-11,9303
1605,華新,27,3,24,華南永昌-高雄,2024-11-11,9303
00665L,富邦�琤肭磪囓�2,128,104,24,華南永昌-高雄,2024-11-11,9303
3312,弘憶股,44,21,23,華南永昌-高雄,2024-11-11,9303
3689,湧德,34,11,23,華南永昌-高雄,2024-11-11,9303
00929,復華台灣科技優息,61,39,22,華南永昌-高雄,2024-11-11,9303
2486,一詮,26,5,21,華南永昌-高雄,2024-11-11,9303
4916,事欣科,22,1,21,華南永昌-高雄,2024-11-11,9303
2905,三商,20,0,20,華南永昌-高雄,2024-11-11,9303
8358,金居,21,1,20,華南永昌-高雄,2024-11-11,9303
00637L,元大滬深300正2,62,42,20,華南永昌-高雄,2024-11-11,9303
3202,樺晟,19,0,19,華南永昌-高雄,2024-11-11,9303
6877,鏵友益,20,2,18,華南永昌-高雄,2024-11-11,9303
2542,興富發,22,4,18,華南永昌-高雄,2024-11-11,9303
3167,大量,89,72,17,華南永昌-高雄,2024-11-11,9303
8011,台通,17,0,17,華南永昌-高雄,2024-11-11,9303
5871,中租-KY,16,0,16,華南永昌-高雄,2024-11-11,9303
2867,三商壽,16,0,16,華南永昌-高雄,2024-11-11,9303
3419,譁裕,23,7,16,華南永昌-高雄,2024-11-11,9303
00713,元大台灣高息低波,18,3,15,華南永昌-高雄,2024-11-11,9303
9105,泰金寶-DR,35,22,13,華南永昌-高雄,2024-11-11,9303
4160,訊聯基因,14,1,13,華南永昌-高雄,2024-11-11,9303
3022,威強電,13,0,13,華南永昌-高雄,2024-11-11,9303
6505,台塑化,12,0,12,華南永昌-高雄,2024-11-11,9303
1326,台化,13,1,12,華南永昌-高雄,2024-11-11,9303
3037,欣興,18,6,12,華南永昌-高雄,2024-11-11,9303
00878,國泰永續高股息,195,27,168,華南永昌-高雄,2024-11-12,9303
2801,彰銀,171,7,164,華南永昌-高雄,2024-11-12,9303
2615,萬海,207,71,136,華南永昌-高雄,2024-11-12,9303
00715L,期街口布蘭特正2,135,4,131,華南永昌-高雄,2024-11-12,9303
00933B,國泰10Y+金融債,150,44,106,華南永昌-高雄,2024-11-12,9303
1314,中石化,102,1,101,華南永昌-高雄,2024-11-12,9303
00943,兆豐電子高息等權,101,0,101,華南永昌-高雄,2024-11-12,9303
00712,復華富時不動產,104,10,94,華南永昌-高雄,2024-11-12,9303
9105,泰金寶-DR,121,39,82,華南永昌-高雄,2024-11-12,9303
00919,群益台灣精選高息,76,3,73,華南永昌-高雄,2024-11-12,9303
00650L,復華香港正2,88,20,68,華南永昌-高雄,2024-11-12,9303
2002,中鋼,171,107,64,華南永昌-高雄,2024-11-12,9303
00881,國泰台灣5G+,71,8,63,華南永昌-高雄,2024-11-12,9303
3481,群創,64,2,62,華南永昌-高雄,2024-11-12,9303
0056,元大高股息,71,12,59,華南永昌-高雄,2024-11-12,9303
5871,中租-KY,64,5,59,華南永昌-高雄,2024-11-12,9303
00915,凱基優選高股息30,51,1,50,華南永昌-高雄,2024-11-12,9303
2061,風青,50,0,50,華南永昌-高雄,2024-11-12,9303
2888,新光金,72,25,47,華南永昌-高雄,2024-11-12,9303
00713,元大台灣高息低波,45,0,45,華南永昌-高雄,2024-11-12,9303
2312,金寶,65,24,41,華南永昌-高雄,2024-11-12,9303
6186,新潤,40,0,40,華南永昌-高雄,2024-11-12,9303
00894,中信小資高價30,40,0,40,華南永昌-高雄,2024-11-12,9303
006208,富邦台50,38,0,38,華南永昌-高雄,2024-11-12,9303
2609,陽明,174,137,37,華南永昌-高雄,2024-11-12,9303
00930,永豐ESG低碳高息,36,0,36,華南永昌-高雄,2024-11-12,9303
2603,長榮,36,4,32,華南永昌-高雄,2024-11-12,9303
00932,兆豐永續高息等權,32,0,32,華南永昌-高雄,2024-11-12,9303
2834,臺企銀,32,0,32,華南永昌-高雄,2024-11-12,9303
2353,宏��,33,1,32,華南永昌-高雄,2024-11-12,9303
2897,王道銀行,31,0,31,華南永昌-高雄,2024-11-12,9303
2867,三商壽,34,5,29,華南永昌-高雄,2024-11-12,9303
00934,中信成長高股息,27,0,27,華南永昌-高雄,2024-11-12,9303
1303,南亞,29,2,27,華南永昌-高雄,2024-11-12,9303
2344,華邦電,30,4,26,華南永昌-高雄,2024-11-12,9303
2887,台新金,34,8,26,華南永昌-高雄,2024-11-12,9303
2356,英業達,69,43,26,華南永昌-高雄,2024-11-12,9303
00665L,富邦�琤肭磪囓�2,30,4,26,華南永昌-高雄,2024-11-12,9303
5014,建錩,25,0,25,華南永昌-高雄,2024-11-12,9303
00753L,中信中國50正2,25,0,25,華南永昌-高雄,2024-11-12,9303
00927,群益半導體收益,24,0,24,華南永昌-高雄,2024-11-12,9303
1584,精剛,20,0,20,華南永昌-高雄,2024-11-12,9303
00918,大華優利高填息30,19,0,19,華南永昌-高雄,2024-11-12,9303
2892,第一金,21,2,19,華南永昌-高雄,2024-11-12,9303
2601,益航,20,1,19,華南永昌-高雄,2024-11-12,9303
2882,國泰金,19,0,19,華南永昌-高雄,2024-11-12,9303
2330,台積電,31,12,19,華南永昌-高雄,2024-11-12,9303
0050,元大台灣50,17,0,17,華南永昌-高雄,2024-11-12,9303
00946,群益科技高息成長,17,0,17,華南永昌-高雄,2024-11-12,9303
00770,國泰北美科技,18,1,17,華南永昌-高雄,2024-11-12,9303
00878,國泰永續高股息,142,14,128,華南永昌-高雄,2024-11-13,9303
00939,統一台灣高息動能,99,0,99,華南永昌-高雄,2024-11-13,9303
2408,南亞科,112,20,92,華南永昌-高雄,2024-11-13,9303
2915,潤泰全,85,0,85,華南永昌-高雄,2024-11-13,9303
5284,jpp-KY,81,0,81,華南永昌-高雄,2024-11-13,9303
00919,群益台灣精選高息,82,4,78,華南永昌-高雄,2024-11-13,9303
3706,神達,169,96,73,華南永昌-高雄,2024-11-13,9303
00882,中信中國高股息,77,5,72,華南永昌-高雄,2024-11-13,9303
2882,國泰金,72,0,72,華南永昌-高雄,2024-11-13,9303
2801,彰銀,71,0,71,華南永昌-高雄,2024-11-13,9303
2069,運錩,67,0,67,華南永昌-高雄,2024-11-13,9303
2883,凱基金,66,0,66,華南永昌-高雄,2024-11-13,9303
2344,華邦電,100,38,62,華南永昌-高雄,2024-11-13,9303
00687B,國泰20年美債,62,3,59,華南永昌-高雄,2024-11-13,9303
2641,正德,56,4,52,華南永昌-高雄,2024-11-13,9303
9935,慶豐富,52,0,52,華南永昌-高雄,2024-11-13,9303
00933B,國泰10Y+金融債,51,0,51,華南永昌-高雄,2024-11-13,9303
00942B,台新美A公司債20+,50,0,50,華南永昌-高雄,2024-11-13,9303
00881,國泰台灣5G+,67,20,47,華南永昌-高雄,2024-11-13,9303
00679B,元大美債20年,112,68,44,華南永昌-高雄,2024-11-13,9303
00930,永豐ESG低碳高息,43,0,43,華南永昌-高雄,2024-11-13,9303
00948B,中信優息投資級債,38,0,38,華南永昌-高雄,2024-11-13,9303
2834,臺企銀,43,8,35,華南永昌-高雄,2024-11-13,9303
006208,富邦台50,31,0,31,華南永昌-高雄,2024-11-13,9303
00715L,期街口布蘭特正2,32,1,31,華南永昌-高雄,2024-11-13,9303
00943,兆豐電子高息等權,31,0,31,華南永昌-高雄,2024-11-13,9303
00940,元大台灣價值高息,31,0,31,華南永昌-高雄,2024-11-13,9303
2609,陽明,40,10,30,華南永昌-高雄,2024-11-13,9303
00713,元大台灣高息低波,30,1,29,華南永昌-高雄,2024-11-13,9303
4569,六方科-KY,30,2,28,華南永昌-高雄,2024-11-13,9303
00915,凱基優選高股息30,28,0,28,華南永昌-高雄,2024-11-13,9303
2891,中信金,49,21,28,華南永昌-高雄,2024-11-13,9303
8011,台通,32,5,27,華南永昌-高雄,2024-11-13,9303
2303,聯電,38,12,26,華南永昌-高雄,2024-11-13,9303
3013,晟銘電,78,51,27,華南永昌-高雄,2024-11-13,9303
00680L,元大美債20正2,45,20,25,華南永昌-高雄,2024-11-13,9303
2880,華南金,23,1,22,華南永昌-高雄,2024-11-13,9303
00795B,中信美國公債20年,22,0,22,華南永昌-高雄,2024-11-13,9303
3455,由田,29,7,22,華南永昌-高雄,2024-11-13,9303
3049,精金,23,2,21,華南永昌-高雄,2024-11-13,9303
00959B,大華投等美債15Y+,21,0,21,華南永昌-高雄,2024-11-13,9303
00932,兆豐永續高息等權,21,0,21,華南永昌-高雄,2024-11-13,9303
5871,中租-KY,29,8,21,華南永昌-高雄,2024-11-13,9303
3481,群創,38,18,20,華南永昌-高雄,2024-11-13,9303
00753L,中信中國50正2,31,11,20,華南永昌-高雄,2024-11-13,9303
00934,中信成長高股息,20,0,20,華南永昌-高雄,2024-11-13,9303
00688L,國泰20年美債正2,20,0,20,華南永昌-高雄,2024-11-13,9303
2603,長榮,22,3,19,華南永昌-高雄,2024-11-13,9303
2413,環科,24,5,19,華南永昌-高雄,2024-11-13,9303
4566,時碩工業,20,1,19,華南永昌-高雄,2024-11-13,9303
00878,國泰永續高股息,260,22,238,華南永昌-高雄,2024-11-14,9303
00933B,國泰10Y+金融債,130,0,130,華南永昌-高雄,2024-11-14,9303
00940,元大台灣價值高息,126,1,125,華南永昌-高雄,2024-11-14,9303
6147,頎邦,80,0,80,華南永昌-高雄,2024-11-14,9303
00943,兆豐電子高息等權,70,0,70,華南永昌-高雄,2024-11-14,9303
0056,元大高股息,71,1,70,華南永昌-高雄,2024-11-14,9303
2883,凱基金,70,1,69,華南永昌-高雄,2024-11-14,9303
00937B,群益ESG投等債20,84,20,64,華南永昌-高雄,2024-11-14,9303
00919,群益台灣精選高息,63,2,61,華南永昌-高雄,2024-11-14,9303
3481,群創,87,29,58,華南永昌-高雄,2024-11-14,9303
6901,鑽石投資,52,0,52,華南永昌-高雄,2024-11-14,9303
2303,聯電,64,14,50,華南永昌-高雄,2024-11-14,9303
00929,復華台灣科技優息,65,16,49,華南永昌-高雄,2024-11-14,9303
00946,群益科技高息成長,47,0,47,華南永昌-高雄,2024-11-14,9303
00679B,元大美債20年,43,0,43,華南永昌-高雄,2024-11-14,9303
2392,正崴,72,29,43,華南永昌-高雄,2024-11-14,9303
00932,兆豐永續高息等權,47,5,42,華南永昌-高雄,2024-11-14,9303
2061,風青,43,2,41,華南永昌-高雄,2024-11-14,9303
2069,運錩,38,0,38,華南永昌-高雄,2024-11-14,9303
2353,宏��,40,2,38,華南永昌-高雄,2024-11-14,9303
6282,康舒,39,2,37,華南永昌-高雄,2024-11-14,9303
4157,太景*-KY,37,1,36,華南永昌-高雄,2024-11-14,9303
4716,大立,36,1,35,華南永昌-高雄,2024-11-14,9303
6770,力積電,46,11,35,華南永昌-高雄,2024-11-14,9303
5364,力麗店,33,0,33,華南永昌-高雄,2024-11-14,9303
00891,中信關鍵半導體,33,0,33,華南永昌-高雄,2024-11-14,9303
006208,富邦台50,33,1,32,華南永昌-高雄,2024-11-14,9303
1605,華新,31,0,31,華南永昌-高雄,2024-11-14,9303
2312,金寶,59,30,29,華南永昌-高雄,2024-11-14,9303
2892,第一金,31,2,29,華南永昌-高雄,2024-11-14,9303
910861,神州-DR,29,0,29,華南永昌-高雄,2024-11-14,9303
00915,凱基優選高股息30,29,0,29,華南永昌-高雄,2024-11-14,9303
4931,新盛力,178,150,28,華南永昌-高雄,2024-11-14,9303
00927,群益半導體收益,26,0,26,華南永昌-高雄,2024-11-14,9303
5309,系統電,46,20,26,華南永昌-高雄,2024-11-14,9303
00930,永豐ESG低碳高息,21,0,21,華南永昌-高雄,2024-11-14,9303
6505,台塑化,21,0,21,華南永昌-高雄,2024-11-14,9303
4119,旭富,20,0,20,華南永昌-高雄,2024-11-14,9303
00942B,台新美A公司債20+,20,0,20,華南永昌-高雄,2024-11-14,9303
1717,長興,20,0,20,華南永昌-高雄,2024-11-14,9303
2905,三商,20,0,20,華南永昌-高雄,2024-11-14,9303
00857B,永豐20年美公債,19,0,19,華南永昌-高雄,2024-11-14,9303
5381,合正,18,0,18,華南永昌-高雄,2024-11-14,9303
1314,中石化,18,1,17,華南永昌-高雄,2024-11-14,9303
00905,FT臺灣Smart,18,1,17,華南永昌-高雄,2024-11-14,9303
3149,正達,20,3,17,華南永昌-高雄,2024-11-14,9303
3580,友威科,24,7,17,華南永昌-高雄,2024-11-14,9303
1229,聯華,16,0,16,華南永昌-高雄,2024-11-14,9303
0050,元大台灣50,16,0,16,華南永昌-高雄,2024-11-14,9303
2867,三商壽,19,4,15,華南永昌-高雄,2024-11-14,9303
00878,國泰永續高股息,200,0,200,華南永昌-高雄,2024-11-15,9303
2905,三商,112,0,112,華南永昌-高雄,2024-11-15,9303
00937B,群益ESG投等債20,140,33,107,華南永昌-高雄,2024-11-15,9303
3481,群創,111,12,99,華南永昌-高雄,2024-11-15,9303
2615,萬海,103,36,67,華南永昌-高雄,2024-11-15,9303
2382,廣達,76,15,61,華南永昌-高雄,2024-11-15,9303
2317,鴻海,75,20,55,華南永昌-高雄,2024-11-15,9303
2105,正新,57,4,53,華南永昌-高雄,2024-11-15,9303
2023,燁輝,53,0,53,華南永昌-高雄,2024-11-15,9303
6182,合晶,53,4,49,華南永昌-高雄,2024-11-15,9303
2002,中鋼,47,1,46,華南永昌-高雄,2024-11-15,9303
00712,復華富時不動產,39,0,39,華南永昌-高雄,2024-11-15,9303
8111,立��,39,2,37,華南永昌-高雄,2024-11-15,9303
2324,仁寶,42,7,35,華南永昌-高雄,2024-11-15,9303
00915,凱基優選高股息30,28,0,28,華南永昌-高雄,2024-11-15,9303
3706,神達,211,183,28,華南永昌-高雄,2024-11-15,9303
5381,合正,28,0,28,華南永昌-高雄,2024-11-15,9303
00943,兆豐電子高息等權,25,0,25,華南永昌-高雄,2024-11-15,9303
6147,頎邦,24,0,24,華南永昌-高雄,2024-11-15,9303
1586,和勤,23,0,23,華南永昌-高雄,2024-11-15,9303
00929,復華台灣科技優息,46,24,22,華南永昌-高雄,2024-11-15,9303
00887,永豐中國科技50大,21,0,21,華南永昌-高雄,2024-11-15,9303
3013,晟銘電,29,9,20,華南永昌-高雄,2024-11-15,9303
00932,兆豐永續高息等權,20,0,20,華南永昌-高雄,2024-11-15,9303
00844B,新光15年IG金融債,20,0,20,華南永昌-高雄,2024-11-15,9303
00934,中信成長高股息,20,0,20,華南永昌-高雄,2024-11-15,9303
00948B,中信優息投資級債,20,0,20,華南永昌-高雄,2024-11-15,9303
0056,元大高股息,21,4,17,華南永昌-高雄,2024-11-15,9303
3037,欣興,16,0,16,華南永昌-高雄,2024-11-15,9303
2301,光寶科,16,0,16,華南永昌-高雄,2024-11-15,9303
2449,京元電子,20,4,16,華南永昌-高雄,2024-11-15,9303
00930,永豐ESG低碳高息,16,0,16,華南永昌-高雄,2024-11-15,9303
2883,凱基金,20,5,15,華南永昌-高雄,2024-11-15,9303
2104,國際中橡,15,0,15,華南永昌-高雄,2024-11-15,9303
8089,康全電訊,22,8,14,華南永昌-高雄,2024-11-15,9303
00935,野村臺灣新科技50,14,0,14,華南永昌-高雄,2024-11-15,9303
006208,富邦台50,15,1,14,華南永昌-高雄,2024-11-15,9303
3017,奇鋐,21,7,14,華南永昌-高雄,2024-11-15,9303
5880,合庫金,13,0,13,華南永昌-高雄,2024-11-15,9303
00946,群益科技高息成長,13,0,13,華南永昌-高雄,2024-11-15,9303
4977,眾達-KY,15,2,13,華南永昌-高雄,2024-11-15,9303
00918,大華優利高填息30,13,0,13,華南永昌-高雄,2024-11-15,9303
3231,緯創,18,6,12,華南永昌-高雄,2024-11-15,9303
2405,輔信,12,0,12,華南永昌-高雄,2024-11-15,9303
1808,潤隆,12,0,12,華南永昌-高雄,2024-11-15,9303
2880,華南金,15,3,12,華南永昌-高雄,2024-11-15,9303
6405,悅城,33,22,11,華南永昌-高雄,2024-11-15,9303
2363,矽統,16,5,11,華南永昌-高雄,2024-11-15,9303
2355,敬鵬,11,0,11,華南永昌-高雄,2024-11-15,9303
3323,加百裕,37,26,11,華南永昌-高雄,2024-11-15,9303
00878,國泰永續高股息,256,38,218,華南永昌-高雄,2024-11-18,9303
2312,金寶,224,82,142,華南永昌-高雄,2024-11-18,9303
00937B,群益ESG投等債20,115,41,74,華南永昌-高雄,2024-11-18,9303
00932,兆豐永續高息等權,69,0,69,華南永昌-高雄,2024-11-18,9303
3045,台灣大,61,0,61,華南永昌-高雄,2024-11-18,9303
3706,神達,138,81,57,華南永昌-高雄,2024-11-18,9303
0056,元大高股息,58,3,55,華南永昌-高雄,2024-11-18,9303
9105,泰金寶-DR,85,31,54,華南永昌-高雄,2024-11-18,9303
3050,鈺德,68,16,52,華南永昌-高雄,2024-11-18,9303
00933B,國泰10Y+金融債,50,0,50,華南永昌-高雄,2024-11-18,9303
00929,復華台灣科技優息,100,52,48,華南永昌-高雄,2024-11-18,9303
3580,友威科,47,1,46,華南永昌-高雄,2024-11-18,9303
3032,偉訓,55,10,45,華南永昌-高雄,2024-11-18,9303
006208,富邦台50,43,0,43,華南永昌-高雄,2024-11-18,9303
00687B,國泰20年美債,42,0,42,華南永昌-高雄,2024-11-18,9303
8044,網家,81,40,41,華南永昌-高雄,2024-11-18,9303
00679B,元大美債20年,39,0,39,華南永昌-高雄,2024-11-18,9303
3049,精金,35,1,34,華南永昌-高雄,2024-11-18,9303
00887,永豐中國科技50大,53,20,33,華南永昌-高雄,2024-11-18,9303
1314,中石化,50,17,33,華南永昌-高雄,2024-11-18,9303
00915,凱基優選高股息30,34,2,32,華南永昌-高雄,2024-11-18,9303
00919,群益台灣精選高息,41,10,31,華南永昌-高雄,2024-11-18,9303
2317,鴻海,47,17,30,華南永昌-高雄,2024-11-18,9303
2330,台積電,32,3,29,華南永昌-高雄,2024-11-18,9303
6142,友勁,30,2,28,華南永昌-高雄,2024-11-18,9303
2354,鴻準,94,72,22,華南永昌-高雄,2024-11-18,9303
6451,訊芯-KY,23,1,22,華南永昌-高雄,2024-11-18,9303
00918,大華優利高填息30,26,5,21,華南永昌-高雄,2024-11-18,9303
2905,三商,21,1,20,華南永昌-高雄,2024-11-18,9303
1720,生達,20,0,20,華南永昌-高雄,2024-11-18,9303
00715L,期街口布蘭特正2,19,0,19,華南永昌-高雄,2024-11-18,9303
3374,精材,23,5,18,華南永昌-高雄,2024-11-18,9303
2380,虹光,21,4,17,華南永昌-高雄,2024-11-18,9303
00930,永豐ESG低碳高息,17,0,17,華南永昌-高雄,2024-11-18,9303
2881,富邦金,16,0,16,華南永昌-高雄,2024-11-18,9303
2883,凱基金,16,0,16,華南永昌-高雄,2024-11-18,9303
1471,首利,22,6,16,華南永昌-高雄,2024-11-18,9303
2421,建準,37,21,16,華南永昌-高雄,2024-11-18,9303
00675L,富邦臺灣加權正2,19,4,15,華南永昌-高雄,2024-11-18,9303
2605,新興,15,0,15,華南永昌-高雄,2024-11-18,9303
2353,宏��,14,0,14,華南永昌-高雄,2024-11-18,9303
2495,普安,24,10,14,華南永昌-高雄,2024-11-18,9303
1785,光洋科,13,0,13,華南永昌-高雄,2024-11-18,9303
00713,元大台灣高息低波,18,5,13,華南永昌-高雄,2024-11-18,9303
2646,星宇航空,19,7,12,華南永昌-高雄,2024-11-18,9303
2356,英業達,20,8,12,華南永昌-高雄,2024-11-18,9303
2392,正崴,39,27,12,華南永昌-高雄,2024-11-18,9303
2492,華新科,11,0,11,華南永昌-高雄,2024-11-18,9303
2641,正德,12,1,11,華南永昌-高雄,2024-11-18,9303
00632R,元大台灣50反1,75,64,11,華南永昌-高雄,2024-11-18,9303
00680L,元大美債20正2,620,0,620,華南永昌-高雄,2024-11-19,9303
00882,中信中國高股息,121,0,121,華南永昌-高雄,2024-11-19,9303
1815,富喬,141,51,90,華南永昌-高雄,2024-11-19,9303
2890,永豐金,88,3,85,華南永昌-高雄,2024-11-19,9303
00887,永豐中國科技50大,84,2,82,華南永昌-高雄,2024-11-19,9303
2408,南亞科,74,0,74,華南永昌-高雄,2024-11-19,9303
00637L,元大滬深300正2,90,22,68,華南永昌-高雄,2024-11-19,9303
3045,台灣大,60,1,59,華南永昌-高雄,2024-11-19,9303
00878,國泰永續高股息,64,21,43,華南永昌-高雄,2024-11-19,9303
6182,合晶,41,0,41,華南永昌-高雄,2024-11-19,9303
2349,錸德,74,34,40,華南永昌-高雄,2024-11-19,9303
1303,南亞,60,21,39,華南永昌-高雄,2024-11-19,9303
6133,金橋,36,0,36,華南永昌-高雄,2024-11-19,9303
00895,富邦未來車,30,0,30,華南永昌-高雄,2024-11-19,9303
00919,群益台灣精選高息,41,11,30,華南永昌-高雄,2024-11-19,9303
00930,永豐ESG低碳高息,30,0,30,華南永昌-高雄,2024-11-19,9303
1301,台塑,29,0,29,華南永昌-高雄,2024-11-19,9303
00852L,國泰美國道瓊正2,29,0,29,華南永昌-高雄,2024-11-19,9303
1304,台聚,31,2,29,華南永昌-高雄,2024-11-19,9303
3047,訊舟,26,3,23,華南永昌-高雄,2024-11-19,9303
2312,金寶,202,182,20,華南永昌-高雄,2024-11-19,9303
2356,英業達,32,13,19,華南永昌-高雄,2024-11-19,9303
3231,緯創,29,11,18,華南永昌-高雄,2024-11-19,9303
1709,和益,18,0,18,華南永昌-高雄,2024-11-19,9303
2303,聯電,19,1,18,華南永昌-高雄,2024-11-19,9303
2883,凱基金,17,0,17,華南永昌-高雄,2024-11-19,9303
0056,元大高股息,17,0,17,華南永昌-高雄,2024-11-19,9303
2317,鴻海,23,6,17,華南永昌-高雄,2024-11-19,9303
5347,世界,16,0,16,華南永昌-高雄,2024-11-19,9303
2382,廣達,17,2,15,華南永昌-高雄,2024-11-19,9303
3715,定穎投控,15,0,15,華南永昌-高雄,2024-11-19,9303
9935,慶豐富,15,0,15,華南永昌-高雄,2024-11-19,9303
2431,聯昌,25,11,14,華南永昌-高雄,2024-11-19,9303
2486,一詮,45,31,14,華南永昌-高雄,2024-11-19,9303
3481,群創,18,5,13,華南永昌-高雄,2024-11-19,9303
3230,錦明,14,1,13,華南永昌-高雄,2024-11-19,9303
8996,高力,28,15,13,華南永昌-高雄,2024-11-19,9303
3049,精金,14,1,13,華南永昌-高雄,2024-11-19,9303
2891,中信金,12,0,12,華南永昌-高雄,2024-11-19,9303
2108,南帝,12,0,12,華南永昌-高雄,2024-11-19,9303
8032,光菱,12,0,12,華南永昌-高雄,2024-11-19,9303
1314,中石化,11,0,11,華南永昌-高雄,2024-11-19,9303
006208,富邦台50,18,7,11,華南永昌-高雄,2024-11-19,9303
00960,野村全球航運龍頭,50,40,10,華南永昌-高雄,2024-11-19,9303
2324,仁寶,13,3,10,華南永昌-高雄,2024-11-19,9303
3312,弘憶股,10,0,10,華南永昌-高雄,2024-11-19,9303
5364,力麗店,10,0,10,華南永昌-高雄,2024-11-19,9303
00690,兆豐藍籌30,10,0,10,華南永昌-高雄,2024-11-19,9303
00642U,期元大S＆P石油,10,0,10,華南永昌-高雄,2024-11-19,9303
2481,強茂,10,0,10,華南永昌-高雄,2024-11-19,9303
1815,富喬,389,90,299,華南永昌-高雄,2024-11-20,9303
2354,鴻準,275,134,141,華南永昌-高雄,2024-11-20,9303
00878,國泰永續高股息,124,41,83,華南永昌-高雄,2024-11-20,9303
3706,神達,250,178,72,華南永昌-高雄,2024-11-20,9303
0056,元大高股息,76,8,68,華南永昌-高雄,2024-11-20,9303
2605,新興,64,1,63,華南永昌-高雄,2024-11-20,9303
00951,台新日本半導體,60,0,60,華南永昌-高雄,2024-11-20,9303
00930,永豐ESG低碳高息,59,0,59,華南永昌-高雄,2024-11-20,9303
2303,聯電,60,8,52,華南永昌-高雄,2024-11-20,9303
2356,英業達,59,7,52,華南永昌-高雄,2024-11-20,9303
2069,運錩,51,0,51,華南永昌-高雄,2024-11-20,9303
00959B,大華投等美債15Y+,49,0,49,華南永昌-高雄,2024-11-20,9303
2905,三商,48,0,48,華南永昌-高雄,2024-11-20,9303
00679B,元大美債20年,42,2,40,華南永昌-高雄,2024-11-20,9303
00943,兆豐電子高息等權,65,27,38,華南永昌-高雄,2024-11-20,9303
00950B,凱基A級公司債,37,0,37,華南永昌-高雄,2024-11-20,9303
2929,淘帝-KY,36,0,36,華南永昌-高雄,2024-11-20,9303
00919,群益台灣精選高息,52,17,35,華南永昌-高雄,2024-11-20,9303
3078,僑威,35,0,35,華南永昌-高雄,2024-11-20,9303
6558,興能高,48,15,33,華南永昌-高雄,2024-11-20,9303
2349,錸德,85,53,32,華南永昌-高雄,2024-11-20,9303
1218,泰山,30,0,30,華南永昌-高雄,2024-11-20,9303
00680L,元大美債20正2,30,0,30,華南永昌-高雄,2024-11-20,9303
9105,泰金寶-DR,102,72,30,華南永昌-高雄,2024-11-20,9303
2880,華南金,28,0,28,華南永昌-高雄,2024-11-20,9303
6901,鑽石投資,28,0,28,華南永昌-高雄,2024-11-20,9303
2882,國泰金,31,3,28,華南永昌-高雄,2024-11-20,9303
2313,華通,26,1,25,華南永昌-高雄,2024-11-20,9303
00665L,富邦�琤肭磪囓�2,26,1,25,華南永昌-高雄,2024-11-20,9303
2380,虹光,33,10,23,華南永昌-高雄,2024-11-20,9303
00937B,群益ESG投等債20,35,13,22,華南永昌-高雄,2024-11-20,9303
6443,元晶,21,0,21,華南永昌-高雄,2024-11-20,9303
8929,富堡,32,11,21,華南永昌-高雄,2024-11-20,9303
2801,彰銀,20,0,20,華南永昌-高雄,2024-11-20,9303
00696B,富邦美債20年,20,0,20,華南永昌-高雄,2024-11-20,9303
3025,星通,25,5,20,華南永昌-高雄,2024-11-20,9303
2834,臺企銀,29,10,19,華南永昌-高雄,2024-11-20,9303
6257,矽格,21,3,18,華南永昌-高雄,2024-11-20,9303
2885,元大金,18,0,18,華南永昌-高雄,2024-11-20,9303
2332,友訊,20,3,17,華南永昌-高雄,2024-11-20,9303
2324,仁寶,17,0,17,華南永昌-高雄,2024-11-20,9303
3625,西勝,16,0,16,華南永昌-高雄,2024-11-20,9303
00918,大華優利高填息30,20,4,16,華南永昌-高雄,2024-11-20,9303
2330,台積電,22,6,16,華南永昌-高雄,2024-11-20,9303
3323,加百裕,41,25,16,華南永昌-高雄,2024-11-20,9303
3548,兆利,22,8,14,華南永昌-高雄,2024-11-20,9303
2881,富邦金,20,6,14,華南永昌-高雄,2024-11-20,9303
2449,京元電子,20,7,13,華南永昌-高雄,2024-11-20,9303
5871,中租-KY,12,1,11,華南永昌-高雄,2024-11-20,9303
1503,士電,11,0,11,華南永昌-高雄,2024-11-20,9303
2618,長榮航,325,3,322,華南永昌-高雄,2024-11-21,9303
1584,精剛,199,12,187,華南永昌-高雄,2024-11-21,9303
2890,永豐金,100,5,95,華南永昌-高雄,2024-11-21,9303
3450,聯鈞,121,29,92,華南永昌-高雄,2024-11-21,9303
00959B,大華投等美債15Y+,66,0,66,華南永昌-高雄,2024-11-21,9303
2801,彰銀,57,0,57,華南永昌-高雄,2024-11-21,9303
5876,上海商銀,53,2,51,華南永昌-高雄,2024-11-21,9303
1586,和勤,54,4,50,華南永昌-高雄,2024-11-21,9303
2303,聯電,46,1,45,華南永昌-高雄,2024-11-21,9303
00953B,群益優選非投等債,35,0,35,華南永昌-高雄,2024-11-21,9303
00878,國泰永續高股息,74,43,31,華南永昌-高雄,2024-11-21,9303
3045,台灣大,30,0,30,華南永昌-高雄,2024-11-21,9303
3706,神達,200,171,29,華南永昌-高雄,2024-11-21,9303
00713,元大台灣高息低波,28,2,26,華南永昌-高雄,2024-11-21,9303
1314,中石化,35,9,26,華南永昌-高雄,2024-11-21,9303
2317,鴻海,31,5,26,華南永昌-高雄,2024-11-21,9303
2408,南亞科,28,3,25,華南永昌-高雄,2024-11-21,9303
8032,光菱,50,26,24,華南永昌-高雄,2024-11-21,9303
2356,英業達,62,39,23,華南永昌-高雄,2024-11-21,9303
2539,櫻花建,25,4,21,華南永昌-高雄,2024-11-21,9303
00905,FT臺灣Smart,21,0,21,華南永昌-高雄,2024-11-21,9303
2834,臺企銀,21,0,21,華南永昌-高雄,2024-11-21,9303
0056,元大高股息,22,2,20,華南永昌-高雄,2024-11-21,9303
006208,富邦台50,20,0,20,華南永昌-高雄,2024-11-21,9303
2330,台積電,21,2,19,華南永昌-高雄,2024-11-21,9303
2882,國泰金,18,0,18,華南永昌-高雄,2024-11-21,9303
2204,中華,30,13,17,華南永昌-高雄,2024-11-21,9303
2382,廣達,20,4,16,華南永昌-高雄,2024-11-21,9303
6441,廣錠,13,0,13,華南永昌-高雄,2024-11-21,9303
2070,精湛,16,3,13,華南永昌-高雄,2024-11-21,9303
2610,華航,18,6,12,華南永昌-高雄,2024-11-21,9303
0050,元大台灣50,12,0,12,華南永昌-高雄,2024-11-21,9303
00960,野村全球航運龍頭,12,1,11,華南永昌-高雄,2024-11-21,9303
3231,緯創,16,5,11,華南永昌-高雄,2024-11-21,9303
00910,第一金太空衛星,16,5,11,華南永昌-高雄,2024-11-21,9303
3481,群創,12,1,11,華南永昌-高雄,2024-11-21,9303
00922,國泰台灣領袖50,14,4,10,華南永昌-高雄,2024-11-21,9303
2489,瑞軒,11,1,10,華南永昌-高雄,2024-11-21,9303
8110,華東,10,0,10,華南永昌-高雄,2024-11-21,9303
4119,旭富,10,0,10,華南永昌-高雄,2024-11-21,9303
00927,群益半導體收益,10,0,10,華南永昌-高雄,2024-11-21,9303
3266,昇陽,10,0,10,華南永昌-高雄,2024-11-21,9303
3615,安可,10,0,10,華南永昌-高雄,2024-11-21,9303
6177,達麗,10,0,10,華南永昌-高雄,2024-11-21,9303
2027,大成鋼,10,0,10,華南永昌-高雄,2024-11-21,9303
3455,由田,10,0,10,華南永昌-高雄,2024-11-21,9303
00909,國泰數位支付服務,12,3,9,華南永昌-高雄,2024-11-21,9303
1301,台塑,11,2,9,華南永昌-高雄,2024-11-21,9303
2615,萬海,137,128,9,華南永昌-高雄,2024-11-21,9303
6901,鑽石投資,10,1,9,華南永昌-高雄,2024-11-21,9303
1815,富喬,365,221,144,華南永昌-高雄,2024-11-22,9303
00664R,國泰臺灣加權反1,110,0,110,華南永昌-高雄,2024-11-22,9303
2317,鴻海,118,10,108,華南永昌-高雄,2024-11-22,9303
00665L,富邦�琤肭磪囓�2,82,3,79,華南永昌-高雄,2024-11-22,9303
00637L,元大滬深300正2,102,24,78,華南永昌-高雄,2024-11-22,9303
9928,中視,76,0,76,華南永昌-高雄,2024-11-22,9303
00950B,凱基A級公司債,71,0,71,華南永昌-高雄,2024-11-22,9303
4967,十銓,68,1,67,華南永昌-高雄,2024-11-22,9303
3593,力銘,40,5,35,華南永昌-高雄,2024-11-22,9303
2734,易飛網,34,0,34,華南永昌-高雄,2024-11-22,9303
00960,野村全球航運龍頭,125,92,33,華南永昌-高雄,2024-11-22,9303
2332,友訊,42,11,31,華南永昌-高雄,2024-11-22,9303
00679B,元大美債20年,50,20,30,華南永昌-高雄,2024-11-22,9303
00878,國泰永續高股息,75,45,30,華南永昌-高雄,2024-11-22,9303
2883,凱基金,28,0,28,華南永昌-高雄,2024-11-22,9303
2408,南亞科,28,2,26,華南永昌-高雄,2024-11-22,9303
6706,惠特,29,4,25,華南永昌-高雄,2024-11-22,9303
2204,中華,30,7,23,華南永昌-高雄,2024-11-22,9303
2380,虹光,24,1,23,華南永昌-高雄,2024-11-22,9303
2891,中信金,23,0,23,華南永昌-高雄,2024-11-22,9303
8171,天宇,27,4,23,華南永昌-高雄,2024-11-22,9303
00770,國泰北美科技,20,0,20,華南永昌-高雄,2024-11-22,9303
4571,鈞興-KY,22,2,20,華南永昌-高雄,2024-11-22,9303
00907,永豐優息存股,20,0,20,華南永昌-高雄,2024-11-22,9303
3607,谷崧,20,0,20,華南永昌-高雄,2024-11-22,9303
2881,富邦金,19,0,19,華南永昌-高雄,2024-11-22,9303
1709,和益,19,0,19,華南永昌-高雄,2024-11-22,9303
6134,萬旭,26,7,19,華南永昌-高雄,2024-11-22,9303
1587,吉茂,19,1,18,華南永昌-高雄,2024-11-22,9303
00687B,國泰20年美債,18,1,17,華南永昌-高雄,2024-11-22,9303
2399,映泰,30,13,17,華南永昌-高雄,2024-11-22,9303
00959B,大華投等美債15Y+,17,0,17,華南永昌-高雄,2024-11-22,9303
5465,富驊,66,49,17,華南永昌-高雄,2024-11-22,9303
912000,晨訊科-DR,20,3,17,華南永昌-高雄,2024-11-22,9303
2890,永豐金,27,10,17,華南永昌-高雄,2024-11-22,9303
1584,精剛,16,0,16,華南永昌-高雄,2024-11-22,9303
00940,元大台灣價值高息,20,4,16,華南永昌-高雄,2024-11-22,9303
1809,中釉,28,12,16,華南永昌-高雄,2024-11-22,9303
2233,宇隆,16,1,15,華南永昌-高雄,2024-11-22,9303
8064,東捷,22,7,15,華南永昌-高雄,2024-11-22,9303
00953B,群益優選非投等債,15,0,15,華南永昌-高雄,2024-11-22,9303
00696B,富邦美債20年,15,0,15,華南永昌-高雄,2024-11-22,9303
00642U,期元大S＆P石油,15,0,15,華南永昌-高雄,2024-11-22,9303
8443,阿瘦,15,0,15,華南永昌-高雄,2024-11-22,9303
2356,英業達,32,18,14,華南永昌-高雄,2024-11-22,9303
2605,新興,24,10,14,華南永昌-高雄,2024-11-22,9303
1586,和勤,21,7,14,華南永昌-高雄,2024-11-22,9303
3706,神達,176,162,14,華南永昌-高雄,2024-11-22,9303
5864,致和證,15,2,13,華南永昌-高雄,2024-11-22,9303
6288,聯嘉,40,27,13,華南永昌-高雄,2024-11-22,9303
9105,泰金寶-DR,269,37,232,華南永昌-高雄,2024-11-25,9303
1815,富喬,274,57,217,華南永昌-高雄,2024-11-25,9303
2618,長榮航,320,109,211,華南永昌-高雄,2024-11-25,9303
00930,永豐ESG低碳高息,211,0,211,華南永昌-高雄,2024-11-25,9303
00887,永豐中國科技50大,135,0,135,華南永昌-高雄,2024-11-25,9303
00687B,國泰20年美債,125,4,121,華南永昌-高雄,2024-11-25,9303
2883,凱基金,115,33,82,華南永昌-高雄,2024-11-25,9303
00637L,元大滬深300正2,111,58,53,華南永昌-高雄,2024-11-25,9303
00643,群益深証中小,58,6,52,華南永昌-高雄,2024-11-25,9303
2543,皇昌,43,1,42,華南永昌-高雄,2024-11-25,9303
2722,夏都,36,0,36,華南永昌-高雄,2024-11-25,9303
3202,樺晟,35,0,35,華南永昌-高雄,2024-11-25,9303
00665L,富邦�琤肭磪囓�2,42,7,35,華南永昌-高雄,2024-11-25,9303
2344,華邦電,38,5,33,華南永昌-高雄,2024-11-25,9303
00882,中信中國高股息,33,0,33,華南永昌-高雄,2024-11-25,9303
00929,復華台灣科技優息,37,8,29,華南永昌-高雄,2024-11-25,9303
3715,定穎投控,30,2,28,華南永昌-高雄,2024-11-25,9303
00919,群益台灣精選高息,27,0,27,華南永昌-高雄,2024-11-25,9303
2371,大同,49,22,27,華南永昌-高雄,2024-11-25,9303
1710,東聯,25,0,25,華南永昌-高雄,2024-11-25,9303
2382,廣達,27,5,22,華南永昌-高雄,2024-11-25,9303
2331,精英,23,2,21,華南永昌-高雄,2024-11-25,9303
2409,友達,27,7,20,華南永昌-高雄,2024-11-25,9303
2449,京元電子,25,6,19,華南永昌-高雄,2024-11-25,9303
1584,精剛,20,1,19,華南永昌-高雄,2024-11-25,9303
6104,創惟,22,4,18,華南永昌-高雄,2024-11-25,9303
2609,陽明,75,57,18,華南永昌-高雄,2024-11-25,9303
6282,康舒,22,5,17,華南永昌-高雄,2024-11-25,9303
6187,萬潤,24,7,17,華南永昌-高雄,2024-11-25,9303
3037,欣興,23,7,16,華南永昌-高雄,2024-11-25,9303
00946,群益科技高息成長,19,3,16,華南永昌-高雄,2024-11-25,9303
2486,一詮,22,7,15,華南永昌-高雄,2024-11-25,9303
00953B,群益優選非投等債,14,0,14,華南永昌-高雄,2024-11-25,9303
2515,中工,14,0,14,華南永昌-高雄,2024-11-25,9303
00633L,富邦上証正2,16,2,14,華南永昌-高雄,2024-11-25,9303
00753L,中信中國50正2,14,0,14,華南永昌-高雄,2024-11-25,9303
8038,長園科,13,0,13,華南永昌-高雄,2024-11-25,9303
6414,樺漢,15,2,13,華南永昌-高雄,2024-11-25,9303
3021,鴻名,13,0,13,華南永昌-高雄,2024-11-25,9303
2312,金寶,136,124,12,華南永昌-高雄,2024-11-25,9303
1402,遠東新,12,0,12,華南永昌-高雄,2024-11-25,9303
5398,慕康生醫,14,2,12,華南永昌-高雄,2024-11-25,9303
2634,漢翔,13,1,12,華南永昌-高雄,2024-11-25,9303
6806,森崴能源,17,5,12,華南永昌-高雄,2024-11-25,9303
2330,台積電,14,2,12,華南永昌-高雄,2024-11-25,9303
2489,瑞軒,21,11,10,華南永昌-高雄,2024-11-25,9303
5876,上海商銀,11,1,10,華南永昌-高雄,2024-11-25,9303
2603,長榮,27,17,10,華南永昌-高雄,2024-11-25,9303
2360,致茂,10,0,10,華南永昌-高雄,2024-11-25,9303
00943,兆豐電子高息等權,10,0,10,華南永昌-高雄,2024-11-25,9303
00680L,元大美債20正2,200,20,180,華南永昌-高雄,2024-11-26,9303
00687B,國泰20年美債,161,20,141,華南永昌-高雄,2024-11-26,9303
2317,鴻海,132,10,122,華南永昌-高雄,2024-11-26,9303
2888,新光金,100,5,95,華南永昌-高雄,2024-11-26,9303
2474,可成,61,0,61,華南永昌-高雄,2024-11-26,9303
2890,永豐金,88,28,60,華南永昌-高雄,2024-11-26,9303
3481,群創,53,0,53,華南永昌-高雄,2024-11-26,9303
00887,永豐中國科技50大,52,0,52,華南永昌-高雄,2024-11-26,9303
00637L,元大滬深300正2,73,26,47,華南永昌-高雄,2024-11-26,9303
9105,泰金寶-DR,83,37,46,華南永昌-高雄,2024-11-26,9303
2312,金寶,112,71,41,華南永昌-高雄,2024-11-26,9303
1815,富喬,177,139,38,華南永昌-高雄,2024-11-26,9303
00909,國泰數位支付服務,36,0,36,華南永昌-高雄,2024-11-26,9303
00878,國泰永續高股息,45,10,35,華南永昌-高雄,2024-11-26,9303
2027,大成鋼,41,12,29,華南永昌-高雄,2024-11-26,9303
1586,和勤,29,0,29,華南永昌-高雄,2024-11-26,9303
2344,華邦電,50,22,28,華南永昌-高雄,2024-11-26,9303
5880,合庫金,26,0,26,華南永昌-高雄,2024-11-26,9303
00939,統一台灣高息動能,26,0,26,華南永昌-高雄,2024-11-26,9303
00937B,群益ESG投等債20,111,85,26,華南永昌-高雄,2024-11-26,9303
00715L,期街口布蘭特正2,26,2,24,華南永昌-高雄,2024-11-26,9303
2887,台新金,26,3,23,華南永昌-高雄,2024-11-26,9303
2371,大同,44,22,22,華南永昌-高雄,2024-11-26,9303
2426,鼎元,23,2,21,華南永昌-高雄,2024-11-26,9303
1102,亞泥,21,0,21,華南永昌-高雄,2024-11-26,9303
3230,錦明,29,9,20,華南永昌-高雄,2024-11-26,9303
4119,旭富,20,0,20,華南永昌-高雄,2024-11-26,9303
2330,台積電,20,1,19,華南永昌-高雄,2024-11-26,9303
00953B,群益優選非投等債,18,0,18,華南永昌-高雄,2024-11-26,9303
2367,燿華,27,11,16,華南永昌-高雄,2024-11-26,9303
00943,兆豐電子高息等權,21,5,16,華南永昌-高雄,2024-11-26,9303
00965,元大航太防衛科技,15,0,15,華南永昌-高雄,2024-11-26,9303
6706,惠特,16,2,14,華南永昌-高雄,2024-11-26,9303
3021,鴻名,17,3,14,華南永昌-高雄,2024-11-26,9303
5371,中光電,42,28,14,華南永昌-高雄,2024-11-26,9303
2362,藍天,16,2,14,華南永昌-高雄,2024-11-26,9303
00919,群益台灣精選高息,24,10,14,華南永昌-高雄,2024-11-26,9303
2880,華南金,15,2,13,華南永昌-高雄,2024-11-26,9303
1101,台泥,24,12,12,華南永昌-高雄,2024-11-26,9303
4927,泰鼎-KY,12,1,11,華南永昌-高雄,2024-11-26,9303
00951,台新日本半導體,11,0,11,華南永昌-高雄,2024-11-26,9303
1506,正道,11,0,11,華南永昌-高雄,2024-11-26,9303
2486,一詮,16,5,11,華南永昌-高雄,2024-11-26,9303
8210,勤誠,10,0,10,華南永昌-高雄,2024-11-26,9303
2392,正崴,30,20,10,華南永昌-高雄,2024-11-26,9303
3615,安可,10,0,10,華南永昌-高雄,2024-11-26,9303
00712,復華富時不動產,10,0,10,華南永昌-高雄,2024-11-26,9303
3455,由田,10,0,10,華南永昌-高雄,2024-11-26,9303
3516,亞帝歐,10,0,10,華南永昌-高雄,2024-11-26,9303
3036,文曄,11,2,9,華南永昌-高雄,2024-11-26,9303
00632R,元大台灣50反1,705,53,652,華南永昌-高雄,2024-11-27,9303
00687B,國泰20年美債,311,13,298,華南永昌-高雄,2024-11-27,9303
00878,國泰永續高股息,214,2,212,華南永昌-高雄,2024-11-27,9303
00770,國泰北美科技,165,7,158,華南永昌-高雄,2024-11-27,9303
2867,三商壽,171,20,151,華南永昌-高雄,2024-11-27,9303
2303,聯電,143,26,117,華南永昌-高雄,2024-11-27,9303
0056,元大高股息,106,3,103,華南永昌-高雄,2024-11-27,9303
00919,群益台灣精選高息,98,9,89,華南永昌-高雄,2024-11-27,9303
6962,ITH-KY,86,27,59,華南永昌-高雄,2024-11-27,9303
3706,神達,163,111,52,華南永昌-高雄,2024-11-27,9303
2883,凱基金,54,2,52,華南永昌-高雄,2024-11-27,9303
2603,長榮,60,9,51,華南永昌-高雄,2024-11-27,9303
1586,和勤,52,4,48,華南永昌-高雄,2024-11-27,9303
6901,鑽石投資,48,1,47,華南永昌-高雄,2024-11-27,9303
00922,國泰台灣領袖50,47,1,46,華南永昌-高雄,2024-11-27,9303
00918,大華優利高填息30,43,0,43,華南永昌-高雄,2024-11-27,9303
6770,力積電,62,20,42,華南永昌-高雄,2024-11-27,9303
3597,映興,88,46,42,華南永昌-高雄,2024-11-27,9303
3231,緯創,62,22,40,華南永昌-高雄,2024-11-27,9303
2317,鴻海,78,39,39,華南永昌-高雄,2024-11-27,9303
2330,台積電,45,7,38,華南永昌-高雄,2024-11-27,9303
00950B,凱基A級公司債,38,2,36,華南永昌-高雄,2024-11-27,9303
4979,華星光,85,50,35,華南永昌-高雄,2024-11-27,9303
2615,萬海,52,22,30,華南永昌-高雄,2024-11-27,9303
3013,晟銘電,35,5,30,華南永昌-高雄,2024-11-27,9303
00929,復華台灣科技優息,61,34,27,華南永昌-高雄,2024-11-27,9303
4526,東台,36,10,26,華南永昌-高雄,2024-11-27,9303
6505,台塑化,25,0,25,華南永昌-高雄,2024-11-27,9303
00915,凱基優選高股息30,26,3,23,華南永昌-高雄,2024-11-27,9303
2834,臺企銀,23,0,23,華南永昌-高雄,2024-11-27,9303
2382,廣達,34,12,22,華南永昌-高雄,2024-11-27,9303
1102,亞泥,22,0,22,華南永昌-高雄,2024-11-27,9303
2881,富邦金,22,0,22,華南永昌-高雄,2024-11-27,9303
2344,華邦電,53,32,21,華南永昌-高雄,2024-11-27,9303
2882,國泰金,21,0,21,華南永昌-高雄,2024-11-27,9303
00947,台新臺灣IC設計,20,0,20,華南永昌-高雄,2024-11-27,9303
2069,運錩,20,0,20,華南永昌-高雄,2024-11-27,9303
5425,台半,21,1,20,華南永昌-高雄,2024-11-27,9303
4562,穎漢,113,94,19,華南永昌-高雄,2024-11-27,9303
5608,四維航,19,0,19,華南永昌-高雄,2024-11-27,9303
00905,FT臺灣Smart,20,1,19,華南永昌-高雄,2024-11-27,9303
5371,中光電,44,25,19,華南永昌-高雄,2024-11-27,9303
8028,昇陽半導體,32,14,18,華南永昌-高雄,2024-11-27,9303
8358,金居,21,3,18,華南永昌-高雄,2024-11-27,9303
00891,中信關鍵半導體,16,0,16,華南永昌-高雄,2024-11-27,9303
2486,一詮,17,1,16,華南永昌-高雄,2024-11-27,9303
5347,世界,18,3,15,華南永昌-高雄,2024-11-27,9303
006208,富邦台50,18,3,15,華南永昌-高雄,2024-11-27,9303
8038,長園科,20,6,14,華南永昌-高雄,2024-11-27,9303
2419,仲琦,21,8,13,華南永昌-高雄,2024-11-27,9303
2610,華航,224,5,219,華南永昌-高雄,2024-11-28,9303
00687B,國泰20年美債,241,65,176,華南永昌-高雄,2024-11-28,9303
1586,和勤,153,0,153,華南永昌-高雄,2024-11-28,9303
00878,國泰永續高股息,177,33,144,華南永昌-高雄,2024-11-28,9303
2069,運錩,120,0,120,華南永昌-高雄,2024-11-28,9303
00632R,元大台灣50反1,145,42,103,華南永昌-高雄,2024-11-28,9303
00959B,大華投等美債15Y+,100,0,100,華南永昌-高雄,2024-11-28,9303
2867,三商壽,89,5,84,華南永昌-高雄,2024-11-28,9303
6901,鑽石投資,70,0,70,華南永昌-高雄,2024-11-28,9303
00953B,群益優選非投等債,59,0,59,華南永昌-高雄,2024-11-28,9303
00919,群益台灣精選高息,61,5,56,華南永昌-高雄,2024-11-28,9303
2312,金寶,169,116,53,華南永昌-高雄,2024-11-28,9303
00922,國泰台灣領袖50,48,0,48,華南永昌-高雄,2024-11-28,9303
0056,元大高股息,76,31,45,華南永昌-高雄,2024-11-28,9303
00929,復華台灣科技優息,63,18,45,華南永昌-高雄,2024-11-28,9303
00918,大華優利高填息30,42,4,38,華南永昌-高雄,2024-11-28,9303
00927,群益半導體收益,37,0,37,華南永昌-高雄,2024-11-28,9303
00637L,元大滬深300正2,44,10,34,華南永昌-高雄,2024-11-28,9303
2332,友訊,45,11,34,華南永昌-高雄,2024-11-28,9303
3037,欣興,38,10,28,華南永昌-高雄,2024-11-28,9303
00939,統一台灣高息動能,27,0,27,華南永昌-高雄,2024-11-28,9303
6116,彩晶,26,1,25,華南永昌-高雄,2024-11-28,9303
2881,富邦金,26,1,25,華南永昌-高雄,2024-11-28,9303
2317,鴻海,50,25,25,華南永昌-高雄,2024-11-28,9303
00891,中信關鍵半導體,28,5,23,華南永昌-高雄,2024-11-28,9303
8240,華宏,27,4,23,華南永昌-高雄,2024-11-28,9303
00753L,中信中國50正2,24,1,23,華南永昌-高雄,2024-11-28,9303
00915,凱基優選高股息30,23,0,23,華南永昌-高雄,2024-11-28,9303
1305,華夏,23,1,22,華南永昌-高雄,2024-11-28,9303
2426,鼎元,40,19,21,華南永昌-高雄,2024-11-28,9303
3211,順達,20,0,20,華南永昌-高雄,2024-11-28,9303
00947,台新臺灣IC設計,20,0,20,華南永昌-高雄,2024-11-28,9303
6770,力積電,32,13,19,華南永昌-高雄,2024-11-28,9303
2408,南亞科,21,2,19,華南永昌-高雄,2024-11-28,9303
2344,華邦電,39,20,19,華南永昌-高雄,2024-11-28,9303
00713,元大台灣高息低波,17,0,17,華南永昌-高雄,2024-11-28,9303
2330,台積電,31,14,17,華南永昌-高雄,2024-11-28,9303
2606,裕民,28,11,17,華南永昌-高雄,2024-11-28,9303
4583,台灣精銳,17,1,16,華南永昌-高雄,2024-11-28,9303
3376,新日興,17,1,16,華南永昌-高雄,2024-11-28,9303
5309,系統電,48,33,15,華南永昌-高雄,2024-11-28,9303
00946,群益科技高息成長,26,12,14,華南永昌-高雄,2024-11-28,9303
3597,映興,14,0,14,華南永昌-高雄,2024-11-28,9303
1710,東聯,13,0,13,華南永昌-高雄,2024-11-28,9303
2646,星宇航空,17,5,12,華南永昌-高雄,2024-11-28,9303
2402,毅嘉,12,0,12,華南永昌-高雄,2024-11-28,9303
6156,松上,13,1,12,華南永昌-高雄,2024-11-28,9303
2324,仁寶,38,27,11,華南永昌-高雄,2024-11-28,9303
3455,由田,11,0,11,華南永昌-高雄,2024-11-28,9303
2356,英業達,35,24,11,華南永昌-高雄,2024-11-28,9303
1815,富喬,396,44,352,華南永昌-高雄,2024-11-29,9303
00687B,國泰20年美債,186,4,182,華南永昌-高雄,2024-11-29,9303
2834,臺企銀,109,0,109,華南永昌-高雄,2024-11-29,9303
2618,長榮航,108,0,108,華南永昌-高雄,2024-11-29,9303
2890,永豐金,118,20,98,華南永昌-高雄,2024-11-29,9303
3706,神達,354,286,68,華南永昌-高雄,2024-11-29,9303
2867,三商壽,67,0,67,華南永昌-高雄,2024-11-29,9303
3323,加百裕,73,16,57,華南永昌-高雄,2024-11-29,9303
2317,鴻海,82,27,55,華南永昌-高雄,2024-11-29,9303
2881,富邦金,53,0,53,華南永昌-高雄,2024-11-29,9303
1586,和勤,95,43,52,華南永昌-高雄,2024-11-29,9303
0056,元大高股息,37,0,37,華南永昌-高雄,2024-11-29,9303
2002,中鋼,47,10,37,華南永昌-高雄,2024-11-29,9303
2303,聯電,57,21,36,華南永昌-高雄,2024-11-29,9303
00948B,中信優息投資級債,36,0,36,華南永昌-高雄,2024-11-29,9303
6901,鑽石投資,30,0,30,華南永昌-高雄,2024-11-29,9303
00919,群益台灣精選高息,36,7,29,華南永昌-高雄,2024-11-29,9303
2637,慧洋-KY,28,0,28,華南永昌-高雄,2024-11-29,9303
00953B,群益優選非投等債,25,0,25,華南永昌-高雄,2024-11-29,9303
2887,台新金,23,0,23,華南永昌-高雄,2024-11-29,9303
2880,華南金,26,3,23,華南永昌-高雄,2024-11-29,9303
3558,神準,25,3,22,華南永昌-高雄,2024-11-29,9303
00918,大華優利高填息30,25,3,22,華南永昌-高雄,2024-11-29,9303
5481,新華,21,0,21,華南永昌-高雄,2024-11-29,9303
2392,正崴,42,21,21,華南永昌-高雄,2024-11-29,9303
2344,華邦電,26,6,20,華南永昌-高雄,2024-11-29,9303
2888,新光金,20,0,20,華南永昌-高雄,2024-11-29,9303
00950B,凱基A級公司債,30,10,20,華南永昌-高雄,2024-11-29,9303
2409,友達,20,1,19,華南永昌-高雄,2024-11-29,9303
2891,中信金,22,3,19,華南永昌-高雄,2024-11-29,9303
1301,台塑,18,1,17,華南永昌-高雄,2024-11-29,9303
2615,萬海,43,26,17,華南永昌-高雄,2024-11-29,9303
2312,金寶,70,53,17,華南永昌-高雄,2024-11-29,9303
2382,廣達,19,4,15,華南永昌-高雄,2024-11-29,9303
4510,高鋒,35,20,15,華南永昌-高雄,2024-11-29,9303
5347,世界,19,4,15,華南永昌-高雄,2024-11-29,9303
2882,國泰金,15,0,15,華南永昌-高雄,2024-11-29,9303
00939,統一台灣高息動能,15,2,13,華南永昌-高雄,2024-11-29,9303
00930,永豐ESG低碳高息,12,0,12,華南永昌-高雄,2024-11-29,9303
00715L,期街口布蘭特正2,13,1,12,華南永昌-高雄,2024-11-29,9303
3290,東浦,12,0,12,華南永昌-高雄,2024-11-29,9303
2883,凱基金,12,0,12,華南永昌-高雄,2024-11-29,9303
2543,皇昌,13,1,12,華南永昌-高雄,2024-11-29,9303
2801,彰銀,11,0,11,華南永昌-高雄,2024-11-29,9303
6962,ITH-KY,14,3,11,華南永昌-高雄,2024-11-29,9303
1303,南亞,32,22,10,華南永昌-高雄,2024-11-29,9303
1722,台肥,10,0,10,華南永昌-高雄,2024-11-29,9303
3043,科風,12,2,10,華南永昌-高雄,2024-11-29,9303
00706L,期元大S＆P日圓正2,10,0,10,華南永昌-高雄,2024-11-29,9303
6147,頎邦,10,0,10,華南永昌-高雄,2024-11-29,9303
00632R,元大台灣50反1,465,44,421,華南永昌-高雄,2024-12-02,9303
00918,大華優利高填息30,153,2,151,華南永昌-高雄,2024-12-02,9303
00919,群益台灣精選高息,98,9,89,華南永昌-高雄,2024-12-02,9303
2367,燿華,102,20,82,華南永昌-高雄,2024-12-02,9303
1528,恩德,173,98,75,華南永昌-高雄,2024-12-02,9303
5864,致和證,109,42,67,華南永昌-高雄,2024-12-02,9303
00650L,復華香港正2,60,0,60,華南永昌-高雄,2024-12-02,9303
3516,亞帝歐,54,0,54,華南永昌-高雄,2024-12-02,9303
2419,仲琦,65,14,51,華南永昌-高雄,2024-12-02,9303
2312,金寶,75,25,50,華南永昌-高雄,2024-12-02,9303
2317,鴻海,36,1,35,華南永昌-高雄,2024-12-02,9303
3450,聯鈞,45,12,33,華南永昌-高雄,2024-12-02,9303
6901,鑽石投資,32,0,32,華南永昌-高雄,2024-12-02,9303
00753L,中信中國50正2,30,0,30,華南永昌-高雄,2024-12-02,9303
00882,中信中國高股息,29,0,29,華南永昌-高雄,2024-12-02,9303
2867,三商壽,38,10,28,華南永昌-高雄,2024-12-02,9303
1586,和勤,38,12,26,華南永昌-高雄,2024-12-02,9303
00878,國泰永續高股息,27,1,26,華南永昌-高雄,2024-12-02,9303
00929,復華台灣科技優息,35,11,24,華南永昌-高雄,2024-12-02,9303
00637L,元大滬深300正2,42,19,23,華南永昌-高雄,2024-12-02,9303
00915,凱基優選高股息30,22,0,22,華南永昌-高雄,2024-12-02,9303
5309,系統電,53,32,21,華南永昌-高雄,2024-12-02,9303
1605,華新,24,4,20,華南永昌-高雄,2024-12-02,9303
3290,東浦,20,0,20,華南永昌-高雄,2024-12-02,9303
00912,中信臺灣智慧50,19,1,18,華南永昌-高雄,2024-12-02,9303
2603,長榮,23,6,17,華南永昌-高雄,2024-12-02,9303
8929,富堡,20,3,17,華南永昌-高雄,2024-12-02,9303
2332,友訊,22,6,16,華南永昌-高雄,2024-12-02,9303
3715,定穎投控,15,0,15,華南永昌-高雄,2024-12-02,9303
8210,勤誠,16,1,15,華南永昌-高雄,2024-12-02,9303
1795,美時,30,15,15,華南永昌-高雄,2024-12-02,9303
00713,元大台灣高息低波,15,1,14,華南永昌-高雄,2024-12-02,9303
3014,聯陽,16,2,14,華南永昌-高雄,2024-12-02,9303
2408,南亞科,15,2,13,華南永昌-高雄,2024-12-02,9303
1617,榮星,11,0,11,華南永昌-高雄,2024-12-02,9303
6235,華孚,13,2,11,華南永昌-高雄,2024-12-02,9303
5244,弘凱,23,12,11,華南永昌-高雄,2024-12-02,9303
2354,鴻準,28,18,10,華南永昌-高雄,2024-12-02,9303
2392,正崴,28,18,10,華南永昌-高雄,2024-12-02,9303
00900,富邦特選高股息30,10,0,10,華南永昌-高雄,2024-12-02,9303
4526,東台,11,1,10,華南永昌-高雄,2024-12-02,9303
6127,九豪,12,2,10,華南永昌-高雄,2024-12-02,9303
2886,兆豐金,10,0,10,華南永昌-高雄,2024-12-02,9303
9902,台火,10,0,10,華南永昌-高雄,2024-12-02,9303
2495,普安,10,0,10,華南永昌-高雄,2024-12-02,9303
2421,建準,11,1,10,華南永昌-高雄,2024-12-02,9303
6274,台燿,13,4,9,華南永昌-高雄,2024-12-02,9303
5328,華容,21,12,9,華南永昌-高雄,2024-12-02,9303
2356,英業達,9,0,9,華南永昌-高雄,2024-12-02,9303
4123,晟德,10,1,9,華南永昌-高雄,2024-12-02,9303
00919,群益台灣精選高息,204,17,187,華南永昌-高雄,2024-12-03,9303
1434,福懋,154,0,154,華南永昌-高雄,2024-12-03,9303
2883B,凱基金乙特,150,0,150,華南永昌-高雄,2024-12-03,9303
00751B,元大AAA至A公司債,125,5,120,華南永昌-高雄,2024-12-03,9303
00918,大華優利高填息30,108,2,106,華南永昌-高雄,2024-12-03,9303
2892,第一金,108,2,106,華南永昌-高雄,2024-12-03,9303
6558,興能高,113,9,104,華南永昌-高雄,2024-12-03,9303
00953B,群益優選非投等債,90,0,90,華南永昌-高雄,2024-12-03,9303
2891,中信金,165,86,79,華南永昌-高雄,2024-12-03,9303
1301,台塑,83,7,76,華南永昌-高雄,2024-12-03,9303
2867,三商壽,52,8,44,華南永昌-高雄,2024-12-03,9303
6426,統新,43,2,41,華南永昌-高雄,2024-12-03,9303
00915,凱基優選高股息30,38,0,38,華南永昌-高雄,2024-12-03,9303
2367,燿華,39,4,35,華南永昌-高雄,2024-12-03,9303
3045,台灣大,34,0,34,華南永昌-高雄,2024-12-03,9303
1587,吉茂,34,1,33,華南永昌-高雄,2024-12-03,9303
00960,野村全球航運龍頭,30,0,30,華南永昌-高雄,2024-12-03,9303
2354,鴻準,38,9,29,華南永昌-高雄,2024-12-03,9303
00715L,期街口布蘭特正2,27,1,26,華南永昌-高雄,2024-12-03,9303
2317,鴻海,33,7,26,華南永昌-高雄,2024-12-03,9303
00946,群益科技高息成長,26,1,25,華南永昌-高雄,2024-12-03,9303
2312,金寶,32,9,23,華南永昌-高雄,2024-12-03,9303
2444,兆勁,24,2,22,華南永昌-高雄,2024-12-03,9303
6147,頎邦,22,0,22,華南永昌-高雄,2024-12-03,9303
4763,材料-KY,25,4,21,華南永昌-高雄,2024-12-03,9303
00664R,國泰臺灣加權反1,20,0,20,華南永昌-高雄,2024-12-03,9303
2014,中鴻,20,1,19,華南永昌-高雄,2024-12-03,9303
4979,華星光,64,45,19,華南永昌-高雄,2024-12-03,9303
2439,美律,17,0,17,華南永昌-高雄,2024-12-03,9303
8064,東捷,23,7,16,華南永昌-高雄,2024-12-03,9303
1536,和大,31,15,16,華南永昌-高雄,2024-12-03,9303
8028,昇陽半導體,26,10,16,華南永昌-高雄,2024-12-03,9303
2929,淘帝-KY,17,2,15,華南永昌-高雄,2024-12-03,9303
00955,中信日本商社,20,5,15,華南永昌-高雄,2024-12-03,9303
6505,台塑化,22,7,15,華南永昌-高雄,2024-12-03,9303
2405,輔信,20,5,15,華南永昌-高雄,2024-12-03,9303
00927,群益半導體收益,14,0,14,華南永昌-高雄,2024-12-03,9303
1586,和勤,29,15,14,華南永昌-高雄,2024-12-03,9303
8358,金居,14,0,14,華南永昌-高雄,2024-12-03,9303
00713,元大台灣高息低波,13,0,13,華南永昌-高雄,2024-12-03,9303
2027,大成鋼,13,0,13,華南永昌-高雄,2024-12-03,9303
2324,仁寶,19,6,13,華南永昌-高雄,2024-12-03,9303
6770,力積電,13,1,12,華南永昌-高雄,2024-12-03,9303
4904,遠傳,12,0,12,華南永昌-高雄,2024-12-03,9303
3231,緯創,14,2,12,華南永昌-高雄,2024-12-03,9303
00650L,復華香港正2,22,10,12,華南永昌-高雄,2024-12-03,9303
2887,台新金,12,0,12,華南永昌-高雄,2024-12-03,9303
2801,彰銀,13,2,11,華南永昌-高雄,2024-12-03,9303
5452,佶優,11,0,11,華南永昌-高雄,2024-12-03,9303
5009,榮剛,11,0,11,華南永昌-高雄,2024-12-03,9303
00887,永豐中國科技50大,160,2,158,華南永昌-高雄,2024-12-04,9303
1303,南亞,112,21,91,華南永昌-高雄,2024-12-04,9303
3450,聯鈞,169,80,89,華南永昌-高雄,2024-12-04,9303
1301,台塑,75,1,74,華南永昌-高雄,2024-12-04,9303
00918,大華優利高填息30,67,0,67,華南永昌-高雄,2024-12-04,9303
9105,泰金寶-DR,316,253,63,華南永昌-高雄,2024-12-04,9303
2337,旺宏,65,4,61,華南永昌-高雄,2024-12-04,9303
00919,群益台灣精選高息,82,30,52,華南永昌-高雄,2024-12-04,9303
00960,野村全球航運龍頭,50,0,50,華南永昌-高雄,2024-12-04,9303
5309,系統電,113,64,49,華南永昌-高雄,2024-12-04,9303
00687B,國泰20年美債,68,20,48,華南永昌-高雄,2024-12-04,9303
2439,美律,39,0,39,華南永昌-高雄,2024-12-04,9303
2845,遠東銀,37,2,35,華南永昌-高雄,2024-12-04,9303
2317,鴻海,64,32,32,華南永昌-高雄,2024-12-04,9303
1586,和勤,32,0,32,華南永昌-高雄,2024-12-04,9303
2880,華南金,33,4,29,華南永昌-高雄,2024-12-04,9303
2344,華邦電,31,4,27,華南永昌-高雄,2024-12-04,9303
00712,復華富時不動產,25,1,24,華南永昌-高雄,2024-12-04,9303
1785,光洋科,29,5,24,華南永昌-高雄,2024-12-04,9303
2883,凱基金,32,8,24,華南永昌-高雄,2024-12-04,9303
3591,艾笛森,24,3,21,華南永昌-高雄,2024-12-04,9303
8097,常珵,23,2,21,華南永昌-高雄,2024-12-04,9303
6505,台塑化,23,2,21,華南永昌-高雄,2024-12-04,9303
2891,中信金,22,1,21,華南永昌-高雄,2024-12-04,9303
3706,神達,349,329,20,華南永昌-高雄,2024-12-04,9303
00673R,期元大S＆P原油反1,20,0,20,華南永昌-高雄,2024-12-04,9303
00713,元大台灣高息低波,20,0,20,華南永昌-高雄,2024-12-04,9303
2303,聯電,26,7,19,華南永昌-高雄,2024-12-04,9303
5465,富驊,21,2,19,華南永昌-高雄,2024-12-04,9303
2444,兆勁,21,4,17,華南永昌-高雄,2024-12-04,9303
5608,四維航,17,0,17,華南永昌-高雄,2024-12-04,9303
5371,中光電,31,14,17,華南永昌-高雄,2024-12-04,9303
8104,錸寶,31,14,17,華南永昌-高雄,2024-12-04,9303
00679B,元大美債20年,69,52,17,華南永昌-高雄,2024-12-04,9303
2314,台揚,16,0,16,華南永昌-高雄,2024-12-04,9303
6104,創惟,43,29,14,華南永昌-高雄,2024-12-04,9303
2062,橋椿,15,1,14,華南永昌-高雄,2024-12-04,9303
3024,憶聲,13,0,13,華南永昌-高雄,2024-12-04,9303
2883B,凱基金乙特,13,0,13,華南永昌-高雄,2024-12-04,9303
5381,合正,12,0,12,華南永昌-高雄,2024-12-04,9303
3548,兆利,16,4,12,華南永昌-高雄,2024-12-04,9303
1605,華新,14,3,11,華南永昌-高雄,2024-12-04,9303
1616,億泰,11,0,11,華南永昌-高雄,2024-12-04,9303
2485,兆赫,11,0,11,華南永昌-高雄,2024-12-04,9303
2610,華航,27,17,10,華南永昌-高雄,2024-12-04,9303
2646,星宇航空,15,5,10,華南永昌-高雄,2024-12-04,9303
1721,三晃,10,0,10,華南永昌-高雄,2024-12-04,9303
2449,京元電子,26,16,10,華南永昌-高雄,2024-12-04,9303
5457,宣德,10,0,10,華南永昌-高雄,2024-12-04,9303
2890,永豐金,10,0,10,華南永昌-高雄,2024-12-04,9303
2002,中鋼,107,8,99,華南永昌-高雄,2024-12-05,9303
00887,永豐中國科技50大,65,0,65,華南永昌-高雄,2024-12-05,9303
6901,鑽石投資,65,2,63,華南永昌-高雄,2024-12-05,9303
00919,群益台灣精選高息,96,34,62,華南永昌-高雄,2024-12-05,9303
2317,鴻海,82,20,62,華南永昌-高雄,2024-12-05,9303
00948B,中信優息投資級債,100,40,60,華南永昌-高雄,2024-12-05,9303
1586,和勤,57,0,57,華南永昌-高雄,2024-12-05,9303
3450,聯鈞,81,25,56,華南永昌-高雄,2024-12-05,9303
00918,大華優利高填息30,62,7,55,華南永昌-高雄,2024-12-05,9303
00770,國泰北美科技,52,0,52,華南永昌-高雄,2024-12-05,9303
3078,僑威,57,13,44,華南永昌-高雄,2024-12-05,9303
00715L,期街口布蘭特正2,42,0,42,華南永昌-高雄,2024-12-05,9303
00900,富邦特選高股息30,41,0,41,華南永昌-高雄,2024-12-05,9303
3211,順達,88,49,39,華南永昌-高雄,2024-12-05,9303
4931,新盛力,91,55,36,華南永昌-高雄,2024-12-05,9303
4127,天良,35,0,35,華南永昌-高雄,2024-12-05,9303
2492,華新科,53,20,33,華南永昌-高雄,2024-12-05,9303
2633,台灣高鐵,32,0,32,華南永昌-高雄,2024-12-05,9303
5907,大洋-KY,32,0,32,華南永昌-高雄,2024-12-05,9303
3323,加百裕,69,37,32,華南永昌-高雄,2024-12-05,9303
6426,統新,65,34,31,華南永昌-高雄,2024-12-05,9303
6170,統振,30,1,29,華南永昌-高雄,2024-12-05,9303
8076,伍豐,28,0,28,華南永昌-高雄,2024-12-05,9303
2392,正崴,62,35,27,華南永昌-高雄,2024-12-05,9303
2352,佳世達,27,0,27,華南永昌-高雄,2024-12-05,9303
2929,淘帝-KY,23,0,23,華南永昌-高雄,2024-12-05,9303
2888,新光金,23,0,23,華南永昌-高雄,2024-12-05,9303
2426,鼎元,23,1,22,華南永昌-高雄,2024-12-05,9303
00687B,國泰20年美債,21,0,21,華南永昌-高雄,2024-12-05,9303
2303,聯電,24,3,21,華南永昌-高雄,2024-12-05,9303
1471,首利,30,10,20,華南永昌-高雄,2024-12-05,9303
00650L,復華香港正2,18,0,18,華南永昌-高雄,2024-12-05,9303
3289,宜特,20,2,18,華南永昌-高雄,2024-12-05,9303
3043,科風,80,63,17,華南永昌-高雄,2024-12-05,9303
2601,益航,17,0,17,華南永昌-高雄,2024-12-05,9303
00882,中信中國高股息,18,1,17,華南永昌-高雄,2024-12-05,9303
2615,萬海,16,0,16,華南永昌-高雄,2024-12-05,9303
00953B,群益優選非投等債,16,0,16,華南永昌-高雄,2024-12-05,9303
6505,台塑化,18,2,16,華南永昌-高雄,2024-12-05,9303
2103,台橡,14,0,14,華南永昌-高雄,2024-12-05,9303
4526,東台,14,1,13,華南永昌-高雄,2024-12-05,9303
00945B,凱基美國非投等債,53,40,13,華南永昌-高雄,2024-12-05,9303
1447,力鵬,21,9,12,華南永昌-高雄,2024-12-05,9303
6274,台燿,12,0,12,華南永昌-高雄,2024-12-05,9303
6173,信昌電,14,2,12,華南永昌-高雄,2024-12-05,9303
8131,福懋科,12,0,12,華南永昌-高雄,2024-12-05,9303
3712,永崴投控,25,13,12,華南永昌-高雄,2024-12-05,9303
1605,華新,11,0,11,華南永昌-高雄,2024-12-05,9303
3015,全漢,33,22,11,華南永昌-高雄,2024-12-05,9303
1316,上曜,11,0,11,華南永昌-高雄,2024-12-05,9303
00919,群益台灣精選高息,124,13,111,華南永昌-高雄,2024-12-06,9303
00680L,元大美債20正2,106,2,104,華南永昌-高雄,2024-12-06,9303
00948B,中信優息投資級債,110,15,95,華南永昌-高雄,2024-12-06,9303
6901,鑽石投資,92,0,92,華南永昌-高雄,2024-12-06,9303
2344,華邦電,89,8,81,華南永昌-高雄,2024-12-06,9303
2354,鴻準,156,78,78,華南永昌-高雄,2024-12-06,9303
00751B,元大AAA至A公司債,57,1,56,華南永昌-高雄,2024-12-06,9303
2317,鴻海,72,18,54,華南永昌-高雄,2024-12-06,9303
1815,富喬,73,20,53,華南永昌-高雄,2024-12-06,9303
4503,金雨,50,0,50,華南永昌-高雄,2024-12-06,9303
2436,偉詮電,57,7,50,華南永昌-高雄,2024-12-06,9303
9105,泰金寶-DR,72,27,45,華南永昌-高雄,2024-12-06,9303
6214,精誠,47,2,45,華南永昌-高雄,2024-12-06,9303
00962,台新AI優息動能,43,0,43,華南永昌-高雄,2024-12-06,9303
8064,東捷,41,0,41,華南永昌-高雄,2024-12-06,9303
00715L,期街口布蘭特正2,48,10,38,華南永昌-高雄,2024-12-06,9303
1586,和勤,30,0,30,華南永昌-高雄,2024-12-06,9303
00918,大華優利高填息30,40,12,28,華南永昌-高雄,2024-12-06,9303
8028,昇陽半導體,40,12,28,華南永昌-高雄,2024-12-06,9303
2312,金寶,33,6,27,華南永昌-高雄,2024-12-06,9303
00945B,凱基美國非投等債,54,30,24,華南永昌-高雄,2024-12-06,9303
1587,吉茂,24,0,24,華南永昌-高雄,2024-12-06,9303
00915,凱基優選高股息30,22,0,22,華南永昌-高雄,2024-12-06,9303
5328,華容,35,13,22,華南永昌-高雄,2024-12-06,9303
2408,南亞科,22,1,21,華南永昌-高雄,2024-12-06,9303
2613,中櫃,21,0,21,華南永昌-高雄,2024-12-06,9303
8277,商丞,20,0,20,華南永昌-高雄,2024-12-06,9303
1416,廣豐,20,0,20,華南永昌-高雄,2024-12-06,9303
6218,豪勉,19,0,19,華南永昌-高雄,2024-12-06,9303
6133,金橋,34,15,19,華南永昌-高雄,2024-12-06,9303
4127,天良,18,0,18,華南永昌-高雄,2024-12-06,9303
00953B,群益優選非投等債,16,0,16,華南永昌-高雄,2024-12-06,9303
2303,聯電,26,10,16,華南永昌-高雄,2024-12-06,9303
8429,金麗-KY,18,3,15,華南永昌-高雄,2024-12-06,9303
6558,興能高,69,54,15,華南永昌-高雄,2024-12-06,9303
2417,圓剛,15,0,15,華南永昌-高雄,2024-12-06,9303
2887,台新金,15,0,15,華南永昌-高雄,2024-12-06,9303
2892,第一金,14,0,14,華南永昌-高雄,2024-12-06,9303
4583,台灣精銳,13,0,13,華南永昌-高雄,2024-12-06,9303
8111,立��,38,25,13,華南永昌-高雄,2024-12-06,9303
1326,台化,14,1,13,華南永昌-高雄,2024-12-06,9303
6139,亞翔,13,1,12,華南永昌-高雄,2024-12-06,9303
2427,三商電,16,4,12,華南永昌-高雄,2024-12-06,9303
00687B,國泰20年美債,19,7,12,華南永昌-高雄,2024-12-06,9303
2405,輔信,44,33,11,華南永昌-高雄,2024-12-06,9303
2610,華航,38,27,11,華南永昌-高雄,2024-12-06,9303
2337,旺宏,13,3,10,華南永昌-高雄,2024-12-06,9303
00950B,凱基A級公司債,10,0,10,華南永昌-高雄,2024-12-06,9303
6147,頎邦,10,0,10,華南永昌-高雄,2024-12-06,9303
3317,尼克森,12,2,10,華南永昌-高雄,2024-12-06,9303
2890,永豐金,149,10,139,華南永昌-高雄,2024-12-09,9303
1303,南亞,102,0,102,華南永昌-高雄,2024-12-09,9303
00680L,元大美債20正2,100,0,100,華南永昌-高雄,2024-12-09,9303
2646,星宇航空,99,4,95,華南永昌-高雄,2024-12-09,9303
2801,彰銀,101,17,84,華南永昌-高雄,2024-12-09,9303
4967,十銓,73,0,73,華南永昌-高雄,2024-12-09,9303
6901,鑽石投資,60,0,60,華南永昌-高雄,2024-12-09,9303
0056,元大高股息,59,1,58,華南永昌-高雄,2024-12-09,9303
6214,精誠,56,4,52,華南永昌-高雄,2024-12-09,9303
1586,和勤,83,33,50,華南永昌-高雄,2024-12-09,9303
4119,旭富,51,1,50,華南永昌-高雄,2024-12-09,9303
00637L,元大滬深300正2,52,11,41,華南永昌-高雄,2024-12-09,9303
2399,映泰,91,51,40,華南永昌-高雄,2024-12-09,9303
2867,三商壽,37,0,37,華南永昌-高雄,2024-12-09,9303
00715L,期街口布蘭特正2,39,3,36,華南永昌-高雄,2024-12-09,9303
2069,運錩,36,0,36,華南永昌-高雄,2024-12-09,9303
3591,艾笛森,35,0,35,華南永昌-高雄,2024-12-09,9303
8076,伍豐,35,1,34,華南永昌-高雄,2024-12-09,9303
00919,群益台灣精選高息,46,15,31,華南永昌-高雄,2024-12-09,9303
00953B,群益優選非投等債,30,0,30,華南永昌-高雄,2024-12-09,9303
00918,大華優利高填息30,30,3,27,華南永昌-高雄,2024-12-09,9303
6243,迅杰,31,6,25,華南永昌-高雄,2024-12-09,9303
1802,台玻,27,3,24,華南永昌-高雄,2024-12-09,9303
2615,萬海,142,118,24,華南永昌-高雄,2024-12-09,9303
8104,錸寶,22,0,22,華南永昌-高雄,2024-12-09,9303
9103,美德醫療-DR,21,0,21,華南永昌-高雄,2024-12-09,9303
6425,易發,24,3,21,華南永昌-高雄,2024-12-09,9303
5864,致和證,21,2,19,華南永昌-高雄,2024-12-09,9303
6558,興能高,26,7,19,華南永昌-高雄,2024-12-09,9303
8926,台汽電,19,0,19,華南永昌-高雄,2024-12-09,9303
2363,矽統,21,2,19,華南永昌-高雄,2024-12-09,9303
2002,中鋼,21,3,18,華南永昌-高雄,2024-12-09,9303
5371,中光電,36,18,18,華南永昌-高雄,2024-12-09,9303
5465,富驊,20,2,18,華南永昌-高雄,2024-12-09,9303
00929,復華台灣科技優息,35,17,18,華南永昌-高雄,2024-12-09,9303
00915,凱基優選高股息30,16,0,16,華南永昌-高雄,2024-12-09,9303
00960,野村全球航運龍頭,16,0,16,華南永昌-高雄,2024-12-09,9303
5871,中租-KY,17,1,16,華南永昌-高雄,2024-12-09,9303
2317,鴻海,42,26,16,華南永昌-高雄,2024-12-09,9303
2891,中信金,16,1,15,華南永昌-高雄,2024-12-09,9303
3607,谷崧,18,3,15,華南永昌-高雄,2024-12-09,9303
2449,京元電子,16,1,15,華南永昌-高雄,2024-12-09,9303
4931,新盛力,20,6,14,華南永昌-高雄,2024-12-09,9303
2471,資通,20,6,14,華南永昌-高雄,2024-12-09,9303
6603,富強鑫,13,0,13,華南永昌-高雄,2024-12-09,9303
00665L,富邦�琤肭磪囓�2,14,2,12,華南永昌-高雄,2024-12-09,9303
1595,川寶,12,0,12,華南永昌-高雄,2024-12-09,9303
8210,勤誠,12,1,11,華南永昌-高雄,2024-12-09,9303
3209,全科,11,0,11,華南永昌-高雄,2024-12-09,9303
4551,智伸科,11,0,11,華南永昌-高雄,2024-12-09,9303
2618,長榮航,323,18,305,華南永昌-高雄,2024-12-10,9303
3706,神達,278,124,154,華南永昌-高雄,2024-12-10,9303
00948B,中信優息投資級債,132,5,127,華南永昌-高雄,2024-12-10,9303
2367,燿華,91,1,90,華南永昌-高雄,2024-12-10,9303
00918,大華優利高填息30,82,0,82,華南永昌-高雄,2024-12-10,9303
00706L,期元大S＆P日圓正2,56,0,56,華南永昌-高雄,2024-12-10,9303
00922,國泰台灣領袖50,45,0,45,華南永昌-高雄,2024-12-10,9303
2890,永豐金,61,17,44,華南永昌-高雄,2024-12-10,9303
6214,精誠,38,3,35,華南永昌-高雄,2024-12-10,9303
1815,富喬,47,13,34,華南永昌-高雄,2024-12-10,9303
2317,鴻海,51,18,33,華南永昌-高雄,2024-12-10,9303
9105,泰金寶-DR,44,14,30,華南永昌-高雄,2024-12-10,9303
3607,谷崧,33,3,30,華南永昌-高雄,2024-12-10,9303
00715L,期街口布蘭特正2,29,0,29,華南永昌-高雄,2024-12-10,9303
0056,元大高股息,29,1,28,華南永昌-高雄,2024-12-10,9303
1301,台塑,67,40,27,華南永昌-高雄,2024-12-10,9303
5864,致和證,24,0,24,華南永昌-高雄,2024-12-10,9303
00909,國泰數位支付服務,25,1,24,華南永昌-高雄,2024-12-10,9303
4931,新盛力,30,8,22,華南永昌-高雄,2024-12-10,9303
00915,凱基優選高股息30,21,0,21,華南永昌-高雄,2024-12-10,9303
2613,中櫃,21,0,21,華南永昌-高雄,2024-12-10,9303
00926,凱基全球菁英55,21,0,21,華南永昌-高雄,2024-12-10,9303
9103,美德醫療-DR,21,0,21,華南永昌-高雄,2024-12-10,9303
2449,京元電子,24,5,19,華南永昌-高雄,2024-12-10,9303
2303,聯電,23,5,18,華南永昌-高雄,2024-12-10,9303
2002,中鋼,32,14,18,華南永昌-高雄,2024-12-10,9303
2609,陽明,61,44,17,華南永昌-高雄,2024-12-10,9303
2467,志聖,20,3,17,華南永昌-高雄,2024-12-10,9303
1314,中石化,16,1,15,華南永昌-高雄,2024-12-10,9303
00960,野村全球航運龍頭,15,0,15,華南永昌-高雄,2024-12-10,9303
00696B,富邦美債20年,15,0,15,華南永昌-高雄,2024-12-10,9303
2547,日勝生,20,5,15,華南永昌-高雄,2024-12-10,9303
00919,群益台灣精選高息,51,37,14,華南永昌-高雄,2024-12-10,9303
6509,聚和,14,0,14,華南永昌-高雄,2024-12-10,9303
6763,綠界科技*,14,0,14,華南永昌-高雄,2024-12-10,9303
3521,鴻翊,13,0,13,華南永昌-高雄,2024-12-10,9303
1449,佳和,16,4,12,華南永昌-高雄,2024-12-10,9303
2330,台積電,13,2,11,華南永昌-高雄,2024-12-10,9303
2417,圓剛,11,0,11,華南永昌-高雄,2024-12-10,9303
1785,光洋科,40,29,11,華南永昌-高雄,2024-12-10,9303
6109,亞元,11,0,11,華南永昌-高雄,2024-12-10,9303
1608,華榮,11,0,11,華南永昌-高雄,2024-12-10,9303
00633L,富邦上証正2,20,10,10,華南永昌-高雄,2024-12-10,9303
4119,旭富,10,0,10,華南永昌-高雄,2024-12-10,9303
2228,劍麟,10,0,10,華南永昌-高雄,2024-12-10,9303
2428,興勤,10,0,10,華南永昌-高雄,2024-12-10,9303
4716,大立,10,0,10,華南永昌-高雄,2024-12-10,9303
4167,松瑞藥,10,0,10,華南永昌-高雄,2024-12-10,9303
6901,鑽石投資,10,0,10,華南永昌-高雄,2024-12-10,9303
2009,第一銅,10,0,10,華南永昌-高雄,2024-12-10,9303
00919,群益台灣精選高息,126,2,124,華南永昌-高雄,2024-12-11,9303
00918,大華優利高填息30,119,5,114,華南永昌-高雄,2024-12-11,9303
00687B,國泰20年美債,120,10,110,華南永昌-高雄,2024-12-11,9303
6235,華孚,77,7,70,華南永昌-高雄,2024-12-11,9303
2317,鴻海,108,50,58,華南永昌-高雄,2024-12-11,9303
2474,可成,57,0,57,華南永昌-高雄,2024-12-11,9303
2303,聯電,64,14,50,華南永昌-高雄,2024-12-11,9303
2618,長榮航,52,4,48,華南永昌-高雄,2024-12-11,9303
00946,群益科技高息成長,47,0,47,華南永昌-高雄,2024-12-11,9303
6770,力積電,53,6,47,華南永昌-高雄,2024-12-11,9303
00753L,中信中國50正2,49,2,47,華南永昌-高雄,2024-12-11,9303
2610,華航,51,8,43,華南永昌-高雄,2024-12-11,9303
2359,所羅門,50,7,43,華南永昌-高雄,2024-12-11,9303
2609,陽明,92,50,42,華南永昌-高雄,2024-12-11,9303
00940,元大台灣價值高息,39,0,39,華南永昌-高雄,2024-12-11,9303
2103,台橡,38,0,38,華南永昌-高雄,2024-12-11,9303
6216,居易,33,0,33,華南永昌-高雄,2024-12-11,9303
00713,元大台灣高息低波,32,0,32,華南永昌-高雄,2024-12-11,9303
2201,裕隆,33,1,32,華南永昌-高雄,2024-12-11,9303
0056,元大高股息,38,6,32,華南永昌-高雄,2024-12-11,9303
00633L,富邦上証正2,30,0,30,華南永昌-高雄,2024-12-11,9303
00637L,元大滬深300正2,42,12,30,華南永昌-高雄,2024-12-11,9303
6140,訊達,39,9,30,華南永昌-高雄,2024-12-11,9303
2344,華邦電,34,6,28,華南永昌-高雄,2024-12-11,9303
3455,由田,33,8,25,華南永昌-高雄,2024-12-11,9303
1595,川寶,26,2,24,華南永昌-高雄,2024-12-11,9303
1303,南亞,26,2,24,華南永昌-高雄,2024-12-11,9303
2002,中鋼,34,11,23,華南永昌-高雄,2024-12-11,9303
00887,永豐中國科技50大,22,0,22,華南永昌-高雄,2024-12-11,9303
2891,中信金,24,2,22,華南永昌-高雄,2024-12-11,9303
2887,台新金,20,0,20,華南永昌-高雄,2024-12-11,9303
1301,台塑,20,0,20,華南永昌-高雄,2024-12-11,9303
8390,金益鼎,21,2,19,華南永昌-高雄,2024-12-11,9303
00915,凱基優選高股息30,15,0,15,華南永昌-高雄,2024-12-11,9303
3062,建漢,15,0,15,華南永昌-高雄,2024-12-11,9303
2884,玉山金,15,0,15,華南永昌-高雄,2024-12-11,9303
5876,上海商銀,16,1,15,華南永昌-高雄,2024-12-11,9303
4142,國光生,15,0,15,華南永昌-高雄,2024-12-11,9303
6104,創惟,15,0,15,華南永昌-高雄,2024-12-11,9303
00937B,群益ESG投等債20,56,42,14,華南永昌-高雄,2024-12-11,9303
2328,廣宇,15,1,14,華南永昌-高雄,2024-12-11,9303
00665L,富邦�琤肭磪囓�2,17,3,14,華南永昌-高雄,2024-12-11,9303
2324,仁寶,20,7,13,華南永昌-高雄,2024-12-11,9303
2363,矽統,32,19,13,華南永昌-高雄,2024-12-11,9303
2449,京元電子,22,9,13,華南永昌-高雄,2024-12-11,9303
2890,永豐金,13,0,13,華南永昌-高雄,2024-12-11,9303
1326,台化,13,0,13,華南永昌-高雄,2024-12-11,9303
00909,國泰數位支付服務,13,1,12,華南永昌-高雄,2024-12-11,9303
00706L,期元大S＆P日圓正2,12,0,12,華南永昌-高雄,2024-12-11,9303
1316,上曜,12,0,12,華南永昌-高雄,2024-12-11,9303
00948B,中信優息投資級債,96,0,96,華南永昌-高雄,2024-12-12,9303
00937B,群益ESG投等債20,131,45,86,華南永昌-高雄,2024-12-12,9303
2618,長榮航,103,30,73,華南永昌-高雄,2024-12-12,9303
00918,大華優利高填息30,74,1,73,華南永昌-高雄,2024-12-12,9303
00943,兆豐電子高息等權,65,0,65,華南永昌-高雄,2024-12-12,9303
2002,中鋼,64,2,62,華南永昌-高雄,2024-12-12,9303
2317,鴻海,76,20,56,華南永昌-高雄,2024-12-12,9303
00919,群益台灣精選高息,69,15,54,華南永昌-高雄,2024-12-12,9303
2312,金寶,75,24,51,華南永昌-高雄,2024-12-12,9303
6214,精誠,52,1,51,華南永昌-高雄,2024-12-12,9303
2543,皇昌,59,15,44,華南永昌-高雄,2024-12-12,9303
00679B,元大美債20年,44,0,44,華南永昌-高雄,2024-12-12,9303
6274,台燿,64,24,40,華南永昌-高雄,2024-12-12,9303
2615,萬海,60,23,37,華南永昌-高雄,2024-12-12,9303
00915,凱基優選高股息30,38,2,36,華南永昌-高雄,2024-12-12,9303
2605,新興,35,2,33,華南永昌-高雄,2024-12-12,9303
911608,明輝-DR,30,0,30,華南永昌-高雄,2024-12-12,9303
1808,潤隆,27,0,27,華南永昌-高雄,2024-12-12,9303
00687B,國泰20年美債,47,20,27,華南永昌-高雄,2024-12-12,9303
00680L,元大美債20正2,35,10,25,華南永昌-高雄,2024-12-12,9303
3591,艾笛森,24,1,23,華南永昌-高雄,2024-12-12,9303
2354,鴻準,38,15,23,華南永昌-高雄,2024-12-12,9303
00637L,元大滬深300正2,33,10,23,華南永昌-高雄,2024-12-12,9303
8104,錸寶,23,1,22,華南永昌-高雄,2024-12-12,9303
1303,南亞,21,1,20,華南永昌-高雄,2024-12-12,9303
4414,如興,20,0,20,華南永昌-高雄,2024-12-12,9303
3041,揚智,37,17,20,華南永昌-高雄,2024-12-12,9303
2324,仁寶,21,2,19,華南永昌-高雄,2024-12-12,9303
00953B,群益優選非投等債,21,2,19,華南永昌-高雄,2024-12-12,9303
2867,三商壽,19,1,18,華南永昌-高雄,2024-12-12,9303
2371,大同,24,6,18,華南永昌-高雄,2024-12-12,9303
2328,廣宇,42,25,17,華南永昌-高雄,2024-12-12,9303
8040,九暘,40,23,17,華南永昌-高雄,2024-12-12,9303
00738U,期元大道瓊白銀,17,0,17,華南永昌-高雄,2024-12-12,9303
3019,亞光,45,28,17,華南永昌-高雄,2024-12-12,9303
2374,佳能,30,13,17,華南永昌-高雄,2024-12-12,9303
8054,安國,37,21,16,華南永昌-高雄,2024-12-12,9303
00688L,國泰20年美債正2,16,0,16,華南永昌-高雄,2024-12-12,9303
2609,陽明,37,21,16,華南永昌-高雄,2024-12-12,9303
2356,英業達,33,18,15,華南永昌-高雄,2024-12-12,9303
00909,國泰數位支付服務,15,0,15,華南永昌-高雄,2024-12-12,9303
0056,元大高股息,21,7,14,華南永昌-高雄,2024-12-12,9303
2427,三商電,14,0,14,華南永昌-高雄,2024-12-12,9303
00665L,富邦�琤肭磪囓�2,25,11,14,華南永昌-高雄,2024-12-12,9303
6182,合晶,14,0,14,華南永昌-高雄,2024-12-12,9303
6505,台塑化,18,4,14,華南永昌-高雄,2024-12-12,9303
2355,敬鵬,13,0,13,華南永昌-高雄,2024-12-12,9303
1785,光洋科,25,13,12,華南永昌-高雄,2024-12-12,9303
4906,正文,12,0,12,華南永昌-高雄,2024-12-12,9303
4119,旭富,12,0,12,華南永昌-高雄,2024-12-12,9303
00680L,元大美債20正2,3007,1,3006,華南永昌-高雄,2024-12-13,9303
3481,群創,382,0,382,華南永昌-高雄,2024-12-13,9303
2867,三商壽,135,8,127,華南永昌-高雄,2024-12-13,9303
00687B,國泰20年美債,115,3,112,華南永昌-高雄,2024-12-13,9303
00948B,中信優息投資級債,101,5,96,華南永昌-高雄,2024-12-13,9303
5284,jpp-KY,111,24,87,華南永昌-高雄,2024-12-13,9303
00918,大華優利高填息30,90,3,87,華南永昌-高雄,2024-12-13,9303
00887,永豐中國科技50大,84,5,79,華南永昌-高雄,2024-12-13,9303
00919,群益台灣精選高息,81,12,69,華南永昌-高雄,2024-12-13,9303
2002,中鋼,66,3,63,華南永昌-高雄,2024-12-13,9303
0056,元大高股息,56,3,53,華南永昌-高雄,2024-12-13,9303
2883,凱基金,63,10,53,華南永昌-高雄,2024-12-13,9303
00915,凱基優選高股息30,45,0,45,華南永昌-高雄,2024-12-13,9303
3231,緯創,45,1,44,華南永昌-高雄,2024-12-13,9303
2353,宏��,45,1,44,華南永昌-高雄,2024-12-13,9303
1586,和勤,49,6,43,華南永昌-高雄,2024-12-13,9303
8076,伍豐,41,0,41,華南永昌-高雄,2024-12-13,9303
00753L,中信中國50正2,41,0,41,華南永昌-高雄,2024-12-13,9303
3706,神達,132,91,41,華南永昌-高雄,2024-12-13,9303
3037,欣興,43,2,41,華南永昌-高雄,2024-12-13,9303
00953B,群益優選非投等債,40,0,40,華南永昌-高雄,2024-12-13,9303
00688L,國泰20年美債正2,39,1,38,華南永昌-高雄,2024-12-13,9303
00679B,元大美債20年,37,0,37,華南永昌-高雄,2024-12-13,9303
6104,創惟,35,1,34,華南永昌-高雄,2024-12-13,9303
00946,群益科技高息成長,33,0,33,華南永昌-高雄,2024-12-13,9303
2890,永豐金,42,10,32,華南永昌-高雄,2024-12-13,9303
8054,安國,40,8,32,華南永昌-高雄,2024-12-13,9303
00650L,復華香港正2,31,0,31,華南永昌-高雄,2024-12-13,9303
00932,兆豐永續高息等權,30,0,30,華南永昌-高雄,2024-12-13,9303
2880,華南金,56,27,29,華南永昌-高雄,2024-12-13,9303
2303,聯電,54,27,27,華南永昌-高雄,2024-12-13,9303
2887,台新金,37,10,27,華南永昌-高雄,2024-12-13,9303
00637L,元大滬深300正2,37,11,26,華南永昌-高雄,2024-12-13,9303
2317,鴻海,54,30,24,華南永昌-高雄,2024-12-13,9303
2069,運錩,23,0,23,華南永昌-高雄,2024-12-13,9303
3260,威剛,22,0,22,華南永昌-高雄,2024-12-13,9303
4119,旭富,22,0,22,華南永昌-高雄,2024-12-13,9303
00664R,國泰臺灣加權反1,20,0,20,華南永昌-高雄,2024-12-13,9303
6216,居易,20,0,20,華南永昌-高雄,2024-12-13,9303
00671R,富邦NASDAQ反1,20,0,20,華南永昌-高雄,2024-12-13,9303
4142,國光生,18,0,18,華南永昌-高雄,2024-12-13,9303
6509,聚和,17,0,17,華南永昌-高雄,2024-12-13,9303
1605,華新,15,0,15,華南永昌-高雄,2024-12-13,9303
8033,雷虎,15,0,15,華南永昌-高雄,2024-12-13,9303
2610,華航,18,4,14,華南永昌-高雄,2024-12-13,9303
2301,光寶科,13,0,13,華南永昌-高雄,2024-12-13,9303
00665L,富邦�琤肭磪囓�2,14,1,13,華南永昌-高雄,2024-12-13,9303
00752,中信中國50,13,0,13,華南永昌-高雄,2024-12-13,9303
2408,南亞科,22,10,12,華南永昌-高雄,2024-12-13,9303
2371,大同,34,22,12,華南永昌-高雄,2024-12-13,9303
00680L,元大美債20正2,944,0,944,華南永昌-高雄,2024-12-16,9303
00937B,群益ESG投等債20,214,12,202,華南永昌-高雄,2024-12-16,9303
00918,大華優利高填息30,166,5,161,華南永昌-高雄,2024-12-16,9303
2317,鴻海,161,24,137,華南永昌-高雄,2024-12-16,9303
2002,中鋼,144,37,107,華南永昌-高雄,2024-12-16,9303
00959B,大華投等美債15Y+,98,0,98,華南永昌-高雄,2024-12-16,9303
0056,元大高股息,88,4,84,華南永昌-高雄,2024-12-16,9303
3231,緯創,80,2,78,華南永昌-高雄,2024-12-16,9303
9105,泰金寶-DR,97,24,73,華南永昌-高雄,2024-12-16,9303
00687B,國泰20年美債,68,6,62,華南永昌-高雄,2024-12-16,9303
00887,永豐中國科技50大,67,6,61,華南永昌-高雄,2024-12-16,9303
1303,南亞,57,5,52,華南永昌-高雄,2024-12-16,9303
6901,鑽石投資,50,0,50,華南永昌-高雄,2024-12-16,9303
00751B,元大AAA至A公司債,46,0,46,華南永昌-高雄,2024-12-16,9303
1449,佳和,46,1,45,華南永昌-高雄,2024-12-16,9303
2603,長榮,48,4,44,華南永昌-高雄,2024-12-16,9303
00878,國泰永續高股息,71,27,44,華南永昌-高雄,2024-12-16,9303
00950B,凱基A級公司債,40,0,40,華南永昌-高雄,2024-12-16,9303
00953B,群益優選非投等債,40,0,40,華南永昌-高雄,2024-12-16,9303
00946,群益科技高息成長,38,0,38,華南永昌-高雄,2024-12-16,9303
3037,欣興,37,1,36,華南永昌-高雄,2024-12-16,9303
00688L,國泰20年美債正2,30,1,29,華南永昌-高雄,2024-12-16,9303
6104,創惟,30,1,29,華南永昌-高雄,2024-12-16,9303
3019,亞光,106,79,27,華南永昌-高雄,2024-12-16,9303
4562,穎漢,34,10,24,華南永昌-高雄,2024-12-16,9303
1711,永光,25,1,24,華南永昌-高雄,2024-12-16,9303
2301,光寶科,23,0,23,華南永昌-高雄,2024-12-16,9303
6509,聚和,25,2,23,華南永昌-高雄,2024-12-16,9303
3260,威剛,25,3,22,華南永昌-高雄,2024-12-16,9303
3450,聯鈞,54,32,22,華南永昌-高雄,2024-12-16,9303
1513,中興電,23,2,21,華南永昌-高雄,2024-12-16,9303
2408,南亞科,24,3,21,華南永昌-高雄,2024-12-16,9303
1708,東鹼,20,0,20,華南永昌-高雄,2024-12-16,9303
00926,凱基全球菁英55,20,0,20,華南永昌-高雄,2024-12-16,9303
2897,王道銀行,20,0,20,華南永昌-高雄,2024-12-16,9303
2355,敬鵬,26,7,19,華南永昌-高雄,2024-12-16,9303
00924,復華S＆P500成長,19,0,19,華南永昌-高雄,2024-12-16,9303
00795B,中信美國公債20年,19,0,19,華南永昌-高雄,2024-12-16,9303
2890,永豐金,46,27,19,華南永昌-高雄,2024-12-16,9303
2755,揚秦,18,0,18,華南永昌-高雄,2024-12-16,9303
00753L,中信中國50正2,17,0,17,華南永昌-高雄,2024-12-16,9303
2486,一詮,22,6,16,華南永昌-高雄,2024-12-16,9303
3025,星通,20,4,16,華南永昌-高雄,2024-12-16,9303
00673R,期元大S＆P原油反1,16,0,16,華南永昌-高雄,2024-12-16,9303
6214,精誠,17,1,16,華南永昌-高雄,2024-12-16,9303
2609,陽明,79,63,16,華南永昌-高雄,2024-12-16,9303
8358,金居,22,7,15,華南永昌-高雄,2024-12-16,9303
6415,矽力*-KY,17,2,15,華南永昌-高雄,2024-12-16,9303
3716,中化控股,15,0,15,華南永昌-高雄,2024-12-16,9303
2449,京元電子,21,6,15,華南永昌-高雄,2024-12-16,9303
2834,臺企銀,498,1,497,華南永昌-高雄,2024-12-17,9303
2610,華航,413,16,397,華南永昌-高雄,2024-12-17,9303
00937B,群益ESG投等債20,333,0,333,華南永昌-高雄,2024-12-17,9303
00918,大華優利高填息30,269,0,269,華南永昌-高雄,2024-12-17,9303
00680L,元大美債20正2,176,0,176,華南永昌-高雄,2024-12-17,9303
6425,易發,158,3,155,華南永昌-高雄,2024-12-17,9303
2883,凱基金,130,8,122,華南永昌-高雄,2024-12-17,9303
00948B,中信優息投資級債,109,0,109,華南永昌-高雄,2024-12-17,9303
00753L,中信中國50正2,98,0,98,華南永昌-高雄,2024-12-17,9303
3481,群創,134,41,93,華南永昌-高雄,2024-12-17,9303
2303,聯電,138,51,87,華南永昌-高雄,2024-12-17,9303
00915,凱基優選高股息30,73,0,73,華南永昌-高雄,2024-12-17,9303
2880,華南金,63,3,60,華南永昌-高雄,2024-12-17,9303
2317,鴻海,61,5,56,華南永昌-高雄,2024-12-17,9303
2897,王道銀行,50,0,50,華南永昌-高雄,2024-12-17,9303
0056,元大高股息,73,25,48,華南永昌-高雄,2024-12-17,9303
5443,均豪,51,4,47,華南永昌-高雄,2024-12-17,9303
2409,友達,45,1,44,華南永昌-高雄,2024-12-17,9303
00751B,元大AAA至A公司債,39,0,39,華南永昌-高雄,2024-12-17,9303
2002,中鋼,41,3,38,華南永昌-高雄,2024-12-17,9303
2359,所羅門,91,55,36,華南永昌-高雄,2024-12-17,9303
00712,復華富時不動產,54,20,34,華南永昌-高雄,2024-12-17,9303
1304,台聚,36,2,34,華南永昌-高雄,2024-12-17,9303
2312,金寶,38,5,33,華南永昌-高雄,2024-12-17,9303
00687B,國泰20年美債,30,0,30,華南永昌-高雄,2024-12-17,9303
4763,材料-KY,30,0,30,華南永昌-高雄,2024-12-17,9303
1314,中石化,27,0,27,華南永昌-高雄,2024-12-17,9303
5328,華容,30,3,27,華南永昌-高雄,2024-12-17,9303
00713,元大台灣高息低波,26,0,26,華南永昌-高雄,2024-12-17,9303
1229,聯華,26,0,26,華南永昌-高雄,2024-12-17,9303
2882,國泰金,25,1,24,華南永昌-高雄,2024-12-17,9303
2887,台新金,574,551,23,華南永昌-高雄,2024-12-17,9303
6257,矽格,21,0,21,華南永昌-高雄,2024-12-17,9303
00950B,凱基A級公司債,20,0,20,華南永昌-高雄,2024-12-17,9303
2613,中櫃,20,0,20,華南永昌-高雄,2024-12-17,9303
2331,精英,20,0,20,華南永昌-高雄,2024-12-17,9303
00900,富邦特選高股息30,20,1,19,華南永昌-高雄,2024-12-17,9303
2344,華邦電,30,11,19,華南永昌-高雄,2024-12-17,9303
2867,三商壽,17,0,17,華南永昌-高雄,2024-12-17,9303
2609,陽明,68,51,17,華南永昌-高雄,2024-12-17,9303
3013,晟銘電,17,1,16,華南永昌-高雄,2024-12-17,9303
2374,佳能,94,78,16,華南永昌-高雄,2024-12-17,9303
00650L,復華香港正2,16,0,16,華南永昌-高雄,2024-12-17,9303
2546,根基,15,0,15,華南永昌-高雄,2024-12-17,9303
2891,中信金,20,5,15,華南永昌-高雄,2024-12-17,9303
2618,長榮航,31,15,16,華南永昌-高雄,2024-12-17,9303
2328,廣宇,21,6,15,華南永昌-高雄,2024-12-17,9303
6152,百一,15,0,15,華南永昌-高雄,2024-12-17,9303
2314,台揚,19,4,15,華南永昌-高雄,2024-12-17,9303
2027,大成鋼,18,5,13,華南永昌-高雄,2024-12-17,9303
2344,華邦電,227,13,214,華南永昌-高雄,2024-12-18,9303
5371,中光電,164,41,123,華南永昌-高雄,2024-12-18,9303
4540,全球傳動,135,25,110,華南永昌-高雄,2024-12-18,9303
2883,凱基金,109,2,107,華南永昌-高雄,2024-12-18,9303
5301,寶得利,101,0,101,華南永昌-高雄,2024-12-18,9303
2880,華南金,102,8,94,華南永昌-高雄,2024-12-18,9303
4974,亞泰,105,23,82,華南永昌-高雄,2024-12-18,9303
6962,ITH-KY,117,46,71,華南永昌-高雄,2024-12-18,9303
00918,大華優利高填息30,71,2,69,華南永昌-高雄,2024-12-18,9303
2408,南亞科,85,28,57,華南永昌-高雄,2024-12-18,9303
2892,第一金,57,1,56,華南永昌-高雄,2024-12-18,9303
00937B,群益ESG投等債20,54,0,54,華南永昌-高雄,2024-12-18,9303
1586,和勤,46,0,46,華南永昌-高雄,2024-12-18,9303
00968B,元大優息投等債,40,0,40,華南永昌-高雄,2024-12-18,9303
2002,中鋼,55,21,34,華南永昌-高雄,2024-12-18,9303
9105,泰金寶-DR,98,67,31,華南永昌-高雄,2024-12-18,9303
00680L,元大美債20正2,31,0,31,華南永昌-高雄,2024-12-18,9303
2701,萬企,30,0,30,華南永昌-高雄,2024-12-18,9303
2027,大成鋼,27,0,27,華南永昌-高雄,2024-12-18,9303
00960,野村全球航運龍頭,27,0,27,華南永昌-高雄,2024-12-18,9303
3481,群創,31,5,26,華南永昌-高雄,2024-12-18,9303
2722,夏都,25,0,25,華南永昌-高雄,2024-12-18,9303
1326,台化,25,0,25,華南永昌-高雄,2024-12-18,9303
1314,中石化,45,21,24,華南永昌-高雄,2024-12-18,9303
2882,國泰金,26,4,22,華南永昌-高雄,2024-12-18,9303
1229,聯華,21,0,21,華南永昌-高雄,2024-12-18,9303
1722,台肥,21,0,21,華南永昌-高雄,2024-12-18,9303
00664R,國泰臺灣加權反1,20,0,20,華南永昌-高雄,2024-12-18,9303
2317,鴻海,27,7,20,華南永昌-高雄,2024-12-18,9303
2312,金寶,20,0,20,華南永昌-高雄,2024-12-18,9303
00687B,國泰20年美債,19,0,19,華南永昌-高雄,2024-12-18,9303
2359,所羅門,49,30,19,華南永昌-高雄,2024-12-18,9303
00712,復華富時不動產,18,0,18,華南永昌-高雄,2024-12-18,9303
6505,台塑化,21,3,18,華南永昌-高雄,2024-12-18,9303
2069,運錩,17,0,17,華南永昌-高雄,2024-12-18,9303
2929,淘帝-KY,17,0,17,華南永昌-高雄,2024-12-18,9303
912000,晨訊科-DR,18,1,17,華南永昌-高雄,2024-12-18,9303
2641,正德,16,0,16,華南永昌-高雄,2024-12-18,9303
8249,菱光,49,35,14,華南永昌-高雄,2024-12-18,9303
1785,光洋科,16,3,13,華南永昌-高雄,2024-12-18,9303
0056,元大高股息,15,2,13,華南永昌-高雄,2024-12-18,9303
3665,貿聯-KY,13,0,13,華南永昌-高雄,2024-12-18,9303
5474,聰泰,17,4,13,華南永昌-高雄,2024-12-18,9303
1304,台聚,13,0,13,華南永昌-高雄,2024-12-18,9303
3211,順達,32,20,12,華南永昌-高雄,2024-12-18,9303
6121,新普,16,4,12,華南永昌-高雄,2024-12-18,9303
2498,宏達電,12,0,12,華南永昌-高雄,2024-12-18,9303
2886,兆豐金,12,1,11,華南永昌-高雄,2024-12-18,9303
8429,金麗-KY,12,1,11,華南永昌-高雄,2024-12-18,9303
00887,永豐中國科技50大,11,0,11,華南永昌-高雄,2024-12-18,9303
2883,凱基金,311,0,311,華南永昌-高雄,2024-12-19,9303
2888,新光金,759,505,254,華南永昌-高雄,2024-12-19,9303
00937B,群益ESG投等債20,113,0,113,華南永昌-高雄,2024-12-19,9303
2801,彰銀,100,6,94,華南永昌-高雄,2024-12-19,9303
00687B,國泰20年美債,93,13,80,華南永昌-高雄,2024-12-19,9303
6901,鑽石投資,80,0,80,華南永昌-高雄,2024-12-19,9303
00918,大華優利高填息30,118,38,80,華南永昌-高雄,2024-12-19,9303
2880,華南金,78,1,77,華南永昌-高雄,2024-12-19,9303
2867,三商壽,64,1,63,華南永昌-高雄,2024-12-19,9303
1904,正隆,62,1,61,華南永昌-高雄,2024-12-19,9303
2881,富邦金,61,0,61,華南永昌-高雄,2024-12-19,9303
0056,元大高股息,63,5,58,華南永昌-高雄,2024-12-19,9303
00948B,中信優息投資級債,58,0,58,華南永昌-高雄,2024-12-19,9303
2002,中鋼,60,4,56,華南永昌-高雄,2024-12-19,9303
2882,國泰金,55,0,55,華南永昌-高雄,2024-12-19,9303
8111,立��,65,12,53,華南永昌-高雄,2024-12-19,9303
00650L,復華香港正2,50,0,50,華南永昌-高雄,2024-12-19,9303
00878,國泰永續高股息,57,12,45,華南永昌-高雄,2024-12-19,9303
4974,亞泰,63,19,44,華南永昌-高雄,2024-12-19,9303
2317,鴻海,54,12,42,華南永昌-高雄,2024-12-19,9303
2887,台新金,43,2,41,華南永昌-高雄,2024-12-19,9303
3591,艾笛森,42,1,41,華南永昌-高雄,2024-12-19,9303
3231,緯創,41,2,39,華南永昌-高雄,2024-12-19,9303
2069,運錩,36,0,36,華南永昌-高雄,2024-12-19,9303
00712,復華富時不動產,36,1,35,華南永昌-高雄,2024-12-19,9303
3481,群創,37,2,35,華南永昌-高雄,2024-12-19,9303
2892,第一金,35,0,35,華南永昌-高雄,2024-12-19,9303
00970B,新光BBB投等債20,33,0,33,華南永昌-高雄,2024-12-19,9303
3049,精金,41,10,31,華南永昌-高雄,2024-12-19,9303
00679B,元大美債20年,37,8,29,華南永昌-高雄,2024-12-19,9303
00959B,大華投等美債15Y+,26,0,26,華南永昌-高雄,2024-12-19,9303
2354,鴻準,29,5,24,華南永昌-高雄,2024-12-19,9303
00857B,永豐20年美公債,23,0,23,華南永昌-高雄,2024-12-19,9303
00632R,元大台灣50反1,23,2,21,華南永昌-高雄,2024-12-19,9303
2886,兆豐金,22,0,22,華南永昌-高雄,2024-12-19,9303
00751B,元大AAA至A公司債,21,0,21,華南永昌-高雄,2024-12-19,9303
6684,安格,21,0,21,華南永昌-高雄,2024-12-19,9303
00953B,群益優選非投等債,19,0,19,華南永昌-高雄,2024-12-19,9303
3594,磐儀,25,9,16,華南永昌-高雄,2024-12-19,9303
9958,世紀鋼,16,0,16,華南永昌-高雄,2024-12-19,9303
2303,聯電,26,10,16,華南永昌-高雄,2024-12-19,9303
2371,大同,20,4,16,華南永昌-高雄,2024-12-19,9303
00795B,中信美國公債20年,26,10,16,華南永昌-高雄,2024-12-19,9303
2884,玉山金,16,0,16,華南永昌-高雄,2024-12-19,9303
00951,台新日本半導體,15,0,15,華南永昌-高雄,2024-12-19,9303
3323,加百裕,78,63,15,華南永昌-高雄,2024-12-19,9303
2409,友達,15,0,15,華南永昌-高雄,2024-12-19,9303
2618,長榮航,29,15,14,華南永昌-高雄,2024-12-19,9303
6609,瀧澤科,21,7,14,華南永昌-高雄,2024-12-19,9303
2609,陽明,57,44,13,華南永昌-高雄,2024-12-19,9303
