Ticker,Name,buy,sell,diff,Branch,Date,Branch_Code
2482,連宇,65,0,65,華南永昌-潮州,2023-01-03,9328
2834,臺企銀,50,0,50,華南永昌-潮州,2023-01-03,9328
00712,復華富時不動產,36,0,36,華南永昌-潮州,2023-01-03,9328
5351,鈺創,28,0,28,華南永昌-潮州,2023-01-03,9328
2030,彰源,27,0,27,華南永昌-潮州,2023-01-03,9328
4130,健亞,28,1,27,華南永昌-潮州,2023-01-03,9328
00878,國泰永續高股息,25,3,22,華南永昌-潮州,2023-01-03,9328
2634,漢翔,21,1,20,華南永昌-潮州,2023-01-03,9328
2317,鴻海,23,5,18,華南永昌-潮州,2023-01-03,9328
1605,華新,26,8,18,華南永昌-潮州,2023-01-03,9328
00637L,元大滬深300正2,24,10,14,華南永昌-潮州,2023-01-03,9328
0056,元大高股息,14,1,13,華南永昌-潮州,2023-01-03,9328
2889,國票金,10,0,10,華南永昌-潮州,2023-01-03,9328
3013,晟銘電,10,0,10,華南永昌-潮州,2023-01-03,9328
6133,金橋,10,0,10,華南永昌-潮州,2023-01-03,9328
2615,萬海,13,4,9,華南永昌-潮州,2023-01-03,9328
1734,杏輝,9,0,9,華南永昌-潮州,2023-01-03,9328
00900,富邦特選高股息30,6,0,6,華南永昌-潮州,2023-01-03,9328
6235,華孚,6,0,6,華南永昌-潮州,2023-01-03,9328
8227,巨有科技,6,0,6,華南永昌-潮州,2023-01-03,9328
1316,上曜,5,0,5,華南永昌-潮州,2023-01-03,9328
1313,聯成,5,0,5,華南永昌-潮州,2023-01-03,9328
00631L,元大台灣50正2,5,0,5,華南永昌-潮州,2023-01-03,9328
2009,第一銅,5,0,5,華南永昌-潮州,2023-01-03,9328
3048,益登,5,0,5,華南永昌-潮州,2023-01-03,9328
3708,上緯投控,5,0,5,華南永昌-潮州,2023-01-03,9328
4111,濟生,5,0,5,華南永昌-潮州,2023-01-03,9328
00679B,元大美債20年,4,0,4,華南永昌-潮州,2023-01-03,9328
1701,中化,7,3,4,華南永昌-潮州,2023-01-03,9328
2022,聚亨,6,2,4,華南永昌-潮州,2023-01-03,9328
2601,益航,4,0,4,華南永昌-潮州,2023-01-03,9328
4121,優盛,4,0,4,華南永昌-潮州,2023-01-03,9328
6196,帆宣,4,0,4,華南永昌-潮州,2023-01-03,9328
1301,台塑,4,0,4,華南永昌-潮州,2023-01-03,9328
00713,元大台灣高息低波,3,0,3,華南永昌-潮州,2023-01-03,9328
2883,凱基金,5,2,3,華南永昌-潮州,2023-01-03,9328
0050,元大台灣50,4,1,3,華南永昌-潮州,2023-01-03,9328
00673R,期元大S＆P原油反1,3,0,3,華南永昌-潮州,2023-01-03,9328
2399,映泰,4,1,3,華南永昌-潮州,2023-01-03,9328
2884,玉山金,3,0,3,華南永昌-潮州,2023-01-03,9328
3207,耀勝,3,0,3,華南永昌-潮州,2023-01-03,9328
4402,郡都開發,3,0,3,華南永昌-潮州,2023-01-03,9328
5464,霖宏,3,0,3,華南永昌-潮州,2023-01-03,9328
2609,陽明,9,6,3,華南永昌-潮州,2023-01-03,9328
2618,長榮航,9,6,3,華南永昌-潮州,2023-01-03,9328
2886,兆豐金,8,6,2,華南永昌-潮州,2023-01-03,9328
8938,明安,2,0,2,華南永昌-潮州,2023-01-03,9328
4931,新盛力,2,0,2,華南永昌-潮州,2023-01-03,9328
2723,美食-KY,2,0,2,華南永昌-潮州,2023-01-03,9328
1519,華城,9,7,2,華南永昌-潮州,2023-01-03,9328
00679B,元大美債20年,50,0,50,華南永昌-潮州,2023-01-04,9328
2482,連宇,35,0,35,華南永昌-潮州,2023-01-04,9328
00878,國泰永續高股息,69,35,34,華南永昌-潮州,2023-01-04,9328
2014,中鴻,206,181,25,華南永昌-潮州,2023-01-04,9328
2603,長榮,23,3,20,華南永昌-潮州,2023-01-04,9328
00712,復華富時不動產,20,0,20,華南永昌-潮州,2023-01-04,9328
2609,陽明,20,3,17,華南永昌-潮州,2023-01-04,9328
4130,健亞,17,0,17,華南永昌-潮州,2023-01-04,9328
00637L,元大滬深300正2,15,0,15,華南永昌-潮州,2023-01-04,9328
2615,萬海,20,6,14,華南永昌-潮州,2023-01-04,9328
8046,南電,14,0,14,華南永昌-潮州,2023-01-04,9328
0056,元大高股息,12,0,12,華南永昌-潮州,2023-01-04,9328
00893,國泰智能電動車,12,0,12,華南永昌-潮州,2023-01-04,9328
2498,宏達電,21,9,12,華南永昌-潮州,2023-01-04,9328
00902,中信電池及儲能,11,0,11,華南永昌-潮州,2023-01-04,9328
2601,益航,11,0,11,華南永昌-潮州,2023-01-04,9328
2884,玉山金,10,0,10,華南永昌-潮州,2023-01-04,9328
00715L,期街口布蘭特正2,10,0,10,華南永昌-潮州,2023-01-04,9328
3380,明泰,10,0,10,華南永昌-潮州,2023-01-04,9328
5701,劍湖山,10,0,10,華南永昌-潮州,2023-01-04,9328
3047,訊舟,11,3,8,華南永昌-潮州,2023-01-04,9328
2465,麗臺,13,6,7,華南永昌-潮州,2023-01-04,9328
3189,景碩,7,0,7,華南永昌-潮州,2023-01-04,9328
4770,上品,7,0,7,華南永昌-潮州,2023-01-04,9328
2637,慧洋-KY,6,0,6,華南永昌-潮州,2023-01-04,9328
1909,榮成,7,1,6,華南永昌-潮州,2023-01-04,9328
6770,力積電,6,0,6,華南永昌-潮州,2023-01-04,9328
2002,中鋼,7,2,5,華南永昌-潮州,2023-01-04,9328
00713,元大台灣高息低波,5,0,5,華南永昌-潮州,2023-01-04,9328
00642U,期元大S＆P石油,5,0,5,華南永昌-潮州,2023-01-04,9328
3272,東碩,5,0,5,華南永昌-潮州,2023-01-04,9328
8104,錸寶,5,0,5,華南永昌-潮州,2023-01-04,9328
1752,南光,19,15,4,華南永昌-潮州,2023-01-04,9328
2034,允強,4,0,4,華南永昌-潮州,2023-01-04,9328
6443,元晶,38,34,4,華南永昌-潮州,2023-01-04,9328
2303,聯電,6,2,4,華南永昌-潮州,2023-01-04,9328
1319,東陽,3,0,3,華南永昌-潮州,2023-01-04,9328
00900,富邦特選高股息30,3,0,3,華南永昌-潮州,2023-01-04,9328
1504,東元,4,1,3,華南永昌-潮州,2023-01-04,9328
2388,威盛,7,4,3,華南永昌-潮州,2023-01-04,9328
2390,云辰,3,0,3,華南永昌-潮州,2023-01-04,9328
3048,益登,3,0,3,華南永昌-潮州,2023-01-04,9328
4768,晶呈科技,4,1,3,華南永昌-潮州,2023-01-04,9328
5258,虹堡,4,1,3,華南永昌-潮州,2023-01-04,9328
5608,四維航,5,2,3,華南永昌-潮州,2023-01-04,9328
8050,廣積,3,0,3,華南永昌-潮州,2023-01-04,9328
8069,元太,7,4,3,華南永昌-潮州,2023-01-04,9328
2886,兆豐金,3,1,2,華南永昌-潮州,2023-01-04,9328
0052,富邦科技,2,0,2,華南永昌-潮州,2023-01-04,9328
1101,台泥,2,0,2,華南永昌-潮州,2023-01-04,9328
2884,玉山金,50,0,50,華南永昌-潮州,2023-01-05,9328
00715L,期街口布蘭特正2,50,0,50,華南永昌-潮州,2023-01-05,9328
2887,台新金,28,0,28,華南永昌-潮州,2023-01-05,9328
4961,天鈺,26,6,20,華南永昌-潮州,2023-01-05,9328
2482,連宇,40,21,19,華南永昌-潮州,2023-01-05,9328
6443,元晶,19,0,19,華南永昌-潮州,2023-01-05,9328
00679B,元大美債20年,16,1,15,華南永昌-潮州,2023-01-05,9328
8403,盛弘,14,0,14,華南永昌-潮州,2023-01-05,9328
8069,元太,15,2,13,華南永昌-潮州,2023-01-05,9328
1319,東陽,15,2,13,華南永昌-潮州,2023-01-05,9328
1444,力麗,12,0,12,華南永昌-潮州,2023-01-05,9328
4979,華星光,12,0,12,華南永昌-潮州,2023-01-05,9328
00902,中信電池及儲能,11,0,11,華南永昌-潮州,2023-01-05,9328
00632R,元大台灣50反1,71,60,11,華南永昌-潮州,2023-01-05,9328
2603,長榮,13,2,11,華南永昌-潮州,2023-01-05,9328
00642U,期元大S＆P石油,10,0,10,華南永昌-潮州,2023-01-05,9328
2313,華通,15,5,10,華南永昌-潮州,2023-01-05,9328
2342,茂矽,10,0,10,華南永昌-潮州,2023-01-05,9328
2609,陽明,12,2,10,華南永昌-潮州,2023-01-05,9328
8933,愛地雅,13,3,10,華南永昌-潮州,2023-01-05,9328
0056,元大高股息,9,0,9,華南永昌-潮州,2023-01-05,9328
1504,東元,13,4,9,華南永昌-潮州,2023-01-05,9328
2317,鴻海,14,5,9,華南永昌-潮州,2023-01-05,9328
00878,國泰永續高股息,13,5,8,華南永昌-潮州,2023-01-05,9328
00773B,中信優先金融債,6,0,6,華南永昌-潮州,2023-01-05,9328
1752,南光,10,4,6,華南永昌-潮州,2023-01-05,9328
2408,南亞科,7,1,6,華南永昌-潮州,2023-01-05,9328
2484,希華,6,0,6,華南永昌-潮州,2023-01-05,9328
8046,南電,7,2,5,華南永昌-潮州,2023-01-05,9328
1731,美吾華,5,0,5,華南永昌-潮州,2023-01-05,9328
1736,喬山,6,1,5,華南永昌-潮州,2023-01-05,9328
1784,訊聯,5,0,5,華南永昌-潮州,2023-01-05,9328
2027,大成鋼,13,8,5,華南永昌-潮州,2023-01-05,9328
2340,台亞,5,0,5,華南永昌-潮州,2023-01-05,9328
3693,營邦,7,2,5,華南永昌-潮州,2023-01-05,9328
5309,系統電,5,0,5,華南永昌-潮州,2023-01-05,9328
6111,大宇資,9,4,5,華南永昌-潮州,2023-01-05,9328
6180,橘子,7,2,5,華南永昌-潮州,2023-01-05,9328
6223,旺矽,5,0,5,華南永昌-潮州,2023-01-05,9328
6411,晶焱,5,0,5,華南永昌-潮州,2023-01-05,9328
1314,中石化,6,2,4,華南永昌-潮州,2023-01-05,9328
1519,華城,33,29,4,華南永昌-潮州,2023-01-05,9328
2371,大同,4,0,4,華南永昌-潮州,2023-01-05,9328
8150,南茂,5,1,4,華南永昌-潮州,2023-01-05,9328
8215,明基材,4,0,4,華南永昌-潮州,2023-01-05,9328
3712,永崴投控,3,0,3,華南永昌-潮州,2023-01-05,9328
3037,欣興,6,3,3,華南永昌-潮州,2023-01-05,9328
2409,友達,3,0,3,華南永昌-潮州,2023-01-05,9328
00738U,期元大道瓊白銀,3,0,3,華南永昌-潮州,2023-01-05,9328
0061,元大寶滬深,3,0,3,華南永昌-潮州,2023-01-05,9328
5425,台半,96,3,93,華南永昌-潮州,2023-01-06,9328
4974,亞泰,90,0,90,華南永昌-潮州,2023-01-06,9328
00632R,元大台灣50反1,60,1,59,華南永昌-潮州,2023-01-06,9328
2402,毅嘉,38,2,36,華南永昌-潮州,2023-01-06,9328
4114,健喬,35,11,24,華南永昌-潮州,2023-01-06,9328
2732,六角,23,0,23,華南永昌-潮州,2023-01-06,9328
2834,臺企銀,15,0,15,華南永昌-潮州,2023-01-06,9328
3047,訊舟,14,0,14,華南永昌-潮州,2023-01-06,9328
4167,松瑞藥,24,12,12,華南永昌-潮州,2023-01-06,9328
2633,台灣高鐵,11,0,11,華南永昌-潮州,2023-01-06,9328
1815,富喬,10,0,10,華南永昌-潮州,2023-01-06,9328
0050,元大台灣50,8,0,8,華南永昌-潮州,2023-01-06,9328
2317,鴻海,9,1,8,華南永昌-潮州,2023-01-06,9328
2392,正崴,7,0,7,華南永昌-潮州,2023-01-06,9328
6109,亞元,7,0,7,華南永昌-潮州,2023-01-06,9328
1519,華城,34,28,6,華南永昌-潮州,2023-01-06,9328
00720B,元大投資級公司債,6,0,6,華南永昌-潮州,2023-01-06,9328
00753L,中信中國50正2,8,2,6,華南永昌-潮州,2023-01-06,9328
5475,德宏,6,0,6,華南永昌-潮州,2023-01-06,9328
2359,所羅門,5,0,5,華南永昌-潮州,2023-01-06,9328
1784,訊聯,5,0,5,華南永昌-潮州,2023-01-06,9328
2457,飛宏,5,0,5,華南永昌-潮州,2023-01-06,9328
2546,根基,5,0,5,華南永昌-潮州,2023-01-06,9328
4935,茂林-KY,5,0,5,華南永昌-潮州,2023-01-06,9328
6666,羅麗芬-KY,5,0,5,華南永昌-潮州,2023-01-06,9328
2884,玉山金,5,1,4,華南永昌-潮州,2023-01-06,9328
00891,中信關鍵半導體,4,0,4,華南永昌-潮州,2023-01-06,9328
2886,兆豐金,5,1,4,華南永昌-潮州,2023-01-06,9328
3704,合勤控,6,2,4,華南永昌-潮州,2023-01-06,9328
00770,國泰北美科技,3,0,3,華南永昌-潮州,2023-01-06,9328
1467,南緯,3,0,3,華南永昌-潮州,2023-01-06,9328
1304,台聚,3,0,3,華南永昌-潮州,2023-01-06,9328
2313,華通,8,5,3,華南永昌-潮州,2023-01-06,9328
2449,京元電子,3,0,3,華南永昌-潮州,2023-01-06,9328
2867,三商壽,3,0,3,華南永昌-潮州,2023-01-06,9328
6176,瑞儀,3,0,3,華南永昌-潮州,2023-01-06,9328
6443,元晶,3,0,3,華南永昌-潮州,2023-01-06,9328
00712,復華富時不動產,3,0,3,華南永昌-潮州,2023-01-06,9328
3443,創意,10,8,2,華南永昌-潮州,2023-01-06,9328
4743,合一,2,0,2,華南永昌-潮州,2023-01-06,9328
1444,力麗,2,0,2,華南永昌-潮州,2023-01-06,9328
00881,國泰台灣5G+,2,0,2,華南永昌-潮州,2023-01-06,9328
00877,復華中國5G,2,0,2,華南永昌-潮州,2023-01-06,9328
00739,元大MSCI A股,2,0,2,華南永昌-潮州,2023-01-06,9328
00738U,期元大道瓊白銀,2,0,2,華南永昌-潮州,2023-01-06,9328
1605,華新,13,11,2,華南永昌-潮州,2023-01-06,9328
2027,大成鋼,8,6,2,華南永昌-潮州,2023-01-06,9328
2031,新光鋼,2,0,2,華南永昌-潮州,2023-01-06,9328
2301,光寶科,2,0,2,華南永昌-潮州,2023-01-06,9328
2354,鴻準,3,1,2,華南永昌-潮州,2023-01-06,9328
00632R,元大台灣50反1,295,68,227,華南永昌-潮州,2023-01-09,9328
8933,愛地雅,30,0,30,華南永昌-潮州,2023-01-09,9328
2732,六角,28,0,28,華南永昌-潮州,2023-01-09,9328
00878,國泰永續高股息,43,18,25,華南永昌-潮州,2023-01-09,9328
2634,漢翔,21,0,21,華南永昌-潮州,2023-01-09,9328
8105,凌巨,20,0,20,華南永昌-潮州,2023-01-09,9328
4111,濟生,19,0,19,華南永昌-潮州,2023-01-09,9328
00637L,元大滬深300正2,15,0,15,華南永昌-潮州,2023-01-09,9328
8049,晶采,15,0,15,華南永昌-潮州,2023-01-09,9328
2615,萬海,18,4,14,華南永昌-潮州,2023-01-09,9328
2206,三陽工業,13,0,13,華南永昌-潮州,2023-01-09,9328
2609,陽明,16,3,13,華南永昌-潮州,2023-01-09,9328
8215,明基材,13,0,13,華南永昌-潮州,2023-01-09,9328
1605,華新,16,4,12,華南永昌-潮州,2023-01-09,9328
00905,FT臺灣Smart,10,0,10,華南永昌-潮州,2023-01-09,9328
00715L,期街口布蘭特正2,12,2,10,華南永昌-潮州,2023-01-09,9328
2032,新鋼,10,0,10,華南永昌-潮州,2023-01-09,9328
2401,凌陽,11,1,10,華南永昌-潮州,2023-01-09,9328
2603,長榮,10,0,10,華南永昌-潮州,2023-01-09,9328
6180,橘子,10,0,10,華南永昌-潮州,2023-01-09,9328
00888,永豐台灣ESG,10,1,9,華南永昌-潮州,2023-01-09,9328
3558,神準,9,0,9,華南永昌-潮州,2023-01-09,9328
6223,旺矽,8,0,8,華南永昌-潮州,2023-01-09,9328
00892,富邦台灣半導體,7,0,7,華南永昌-潮州,2023-01-09,9328
3189,景碩,7,0,7,華南永昌-潮州,2023-01-09,9328
2328,廣宇,26,20,6,華南永昌-潮州,2023-01-09,9328
3029,零壹,6,0,6,華南永昌-潮州,2023-01-09,9328
4167,松瑞藥,17,11,6,華南永昌-潮州,2023-01-09,9328
5347,世界,6,0,6,華南永昌-潮州,2023-01-09,9328
2359,所羅門,5,0,5,華南永昌-潮州,2023-01-09,9328
2369,菱生,5,0,5,華南永昌-潮州,2023-01-09,9328
2614,東森,5,0,5,華南永昌-潮州,2023-01-09,9328
2801,彰銀,5,0,5,華南永昌-潮州,2023-01-09,9328
6176,瑞儀,5,0,5,華南永昌-潮州,2023-01-09,9328
2419,仲琦,6,2,4,華南永昌-潮州,2023-01-09,9328
8938,明安,4,0,4,華南永昌-潮州,2023-01-09,9328
00885,富邦越南,8,5,3,華南永昌-潮州,2023-01-09,9328
00676R,富邦臺灣加權反1,3,0,3,華南永昌-潮州,2023-01-09,9328
1319,東陽,6,3,3,華南永昌-潮州,2023-01-09,9328
00916,國泰全球品牌50,3,0,3,華南永昌-潮州,2023-01-09,9328
1218,泰山,5,2,3,華南永昌-潮州,2023-01-09,9328
2332,友訊,5,2,3,華南永昌-潮州,2023-01-09,9328
2354,鴻準,3,0,3,華南永昌-潮州,2023-01-09,9328
3034,聯詠,3,0,3,華南永昌-潮州,2023-01-09,9328
3207,耀勝,3,0,3,華南永昌-潮州,2023-01-09,9328
3272,東碩,3,0,3,華南永昌-潮州,2023-01-09,9328
5284,jpp-KY,3,0,3,華南永昌-潮州,2023-01-09,9328
6285,啟��,2,0,2,華南永昌-潮州,2023-01-09,9328
3141,晶宏,4,2,2,華南永昌-潮州,2023-01-09,9328
8358,金居,10,8,2,華南永昌-潮州,2023-01-09,9328
00632R,元大台灣50反1,69,1,68,華南永昌-潮州,2023-01-10,9328
4960,誠美材,50,0,50,華南永昌-潮州,2023-01-10,9328
2884,玉山金,32,0,32,華南永昌-潮州,2023-01-10,9328
00893,國泰智能電動車,27,3,24,華南永昌-潮州,2023-01-10,9328
1539,巨庭,23,0,23,華南永昌-潮州,2023-01-10,9328
2501,國建,20,0,20,華南永昌-潮州,2023-01-10,9328
3481,群創,20,0,20,華南永昌-潮州,2023-01-10,9328
00900,富邦特選高股息30,21,2,19,華南永昌-潮州,2023-01-10,9328
2546,根基,16,0,16,華南永昌-潮州,2023-01-10,9328
2615,萬海,21,5,16,華南永昌-潮州,2023-01-10,9328
00878,國泰永續高股息,14,0,14,華南永昌-潮州,2023-01-10,9328
2009,第一銅,13,1,12,華南永昌-潮州,2023-01-10,9328
4931,新盛力,12,0,12,華南永昌-潮州,2023-01-10,9328
4128,中天,11,0,11,華南永昌-潮州,2023-01-10,9328
1720,生達,11,0,11,華南永昌-潮州,2023-01-10,9328
2436,偉詮電,10,0,10,華南永昌-潮州,2023-01-10,9328
00905,FT臺灣Smart,10,0,10,華南永昌-潮州,2023-01-10,9328
1721,三晃,10,0,10,華南永昌-潮州,2023-01-10,9328
2337,旺宏,10,0,10,華南永昌-潮州,2023-01-10,9328
6806,森崴能源,14,4,10,華南永昌-潮州,2023-01-10,9328
5608,四維航,10,1,9,華南永昌-潮州,2023-01-10,9328
2609,陽明,12,4,8,華南永昌-潮州,2023-01-10,9328
2201,裕隆,10,3,7,華南永昌-潮州,2023-01-10,9328
3704,合勤控,9,2,7,華南永昌-潮州,2023-01-10,9328
6443,元晶,8,1,7,華南永昌-潮州,2023-01-10,9328
00885,富邦越南,6,0,6,華南永昌-潮州,2023-01-10,9328
1227,佳格,6,0,6,華南永昌-潮州,2023-01-10,9328
1734,杏輝,6,0,6,華南永昌-潮州,2023-01-10,9328
4130,健亞,6,0,6,華南永昌-潮州,2023-01-10,9328
4167,松瑞藥,7,1,6,華南永昌-潮州,2023-01-10,9328
2882,國泰金,5,0,5,華南永昌-潮州,2023-01-10,9328
2851,中再保,6,1,5,華南永昌-潮州,2023-01-10,9328
2038,海光,5,0,5,華南永昌-潮州,2023-01-10,9328
3149,正達,5,0,5,華南永昌-潮州,2023-01-10,9328
3289,宜特,6,1,5,華南永昌-潮州,2023-01-10,9328
5243,乙盛-KY,6,1,5,華南永昌-潮州,2023-01-10,9328
6180,橘子,5,0,5,華南永昌-潮州,2023-01-10,9328
6217,中探針,5,0,5,華南永昌-潮州,2023-01-10,9328
6244,茂迪,5,0,5,華南永昌-潮州,2023-01-10,9328
8050,廣積,7,2,5,華南永昌-潮州,2023-01-10,9328
3105,穩懋,31,26,5,華南永昌-潮州,2023-01-10,9328
1605,華新,13,9,4,華南永昌-潮州,2023-01-10,9328
2421,建準,4,0,4,華南永昌-潮州,2023-01-10,9328
2314,台揚,4,0,4,華南永昌-潮州,2023-01-10,9328
2498,宏達電,9,5,4,華南永昌-潮州,2023-01-10,9328
4977,眾達-KY,20,16,4,華南永昌-潮州,2023-01-10,9328
8289,泰藝,4,0,4,華南永昌-潮州,2023-01-10,9328
3535,晶彩科,3,0,3,華南永昌-潮州,2023-01-10,9328
5351,鈺創,5,2,3,華南永昌-潮州,2023-01-10,9328
1218,泰山,3,0,3,華南永昌-潮州,2023-01-10,9328
3704,合勤控,82,17,65,華南永昌-潮州,2023-01-11,9328
00679B,元大美債20年,53,0,53,華南永昌-潮州,2023-01-11,9328
8933,愛地雅,41,0,41,華南永昌-潮州,2023-01-11,9328
1718,中纖,32,0,32,華南永昌-潮州,2023-01-11,9328
00878,國泰永續高股息,24,0,24,華南永昌-潮州,2023-01-11,9328
4114,健喬,46,22,24,華南永昌-潮州,2023-01-11,9328
1514,亞力,24,1,23,華南永昌-潮州,2023-01-11,9328
2482,連宇,19,0,19,華南永昌-潮州,2023-01-11,9328
2313,華通,16,0,16,華南永昌-潮州,2023-01-11,9328
1313,聯成,15,0,15,華南永昌-潮州,2023-01-11,9328
1513,中興電,14,0,14,華南永昌-潮州,2023-01-11,9328
00632R,元大台灣50反1,19,6,13,華南永昌-潮州,2023-01-11,9328
2743,山富,20,8,12,華南永昌-潮州,2023-01-11,9328
5907,大洋-KY,10,0,10,華南永昌-潮州,2023-01-11,9328
6231,系微,10,0,10,華南永昌-潮州,2023-01-11,9328
2881,富邦金,7,0,7,華南永昌-潮州,2023-01-11,9328
00701,國泰股利精選30,5,0,5,華南永昌-潮州,2023-01-11,9328
2342,茂矽,5,0,5,華南永昌-潮州,2023-01-11,9328
4916,事欣科,5,0,5,華南永昌-潮州,2023-01-11,9328
4979,華星光,9,4,5,華南永昌-潮州,2023-01-11,9328
5443,均豪,5,0,5,華南永昌-潮州,2023-01-11,9328
5905,南仁湖,6,1,5,華南永昌-潮州,2023-01-11,9328
6532,瑞耘,5,0,5,華南永昌-潮州,2023-01-11,9328
8033,雷虎,5,0,5,華南永昌-潮州,2023-01-11,9328
8905,裕國,5,0,5,華南永昌-潮州,2023-01-11,9328
2890,永豐金,6,1,5,華南永昌-潮州,2023-01-11,9328
4743,合一,5,1,4,華南永昌-潮州,2023-01-11,9328
1229,聯華,4,0,4,華南永昌-潮州,2023-01-11,9328
2419,仲琦,4,0,4,華南永昌-潮州,2023-01-11,9328
2609,陽明,6,2,4,華南永昌-潮州,2023-01-11,9328
3027,盛達,12,8,4,華南永昌-潮州,2023-01-11,9328
3362,先進光,4,0,4,華南永昌-潮州,2023-01-11,9328
5258,虹堡,4,0,4,華南永昌-潮州,2023-01-11,9328
8050,廣積,6,2,4,華南永昌-潮州,2023-01-11,9328
8215,明基材,4,0,4,華南永昌-潮州,2023-01-11,9328
2882,國泰金,5,1,4,華南永昌-潮州,2023-01-11,9328
4904,遠傳,3,0,3,華南永昌-潮州,2023-01-11,9328
2884,玉山金,3,0,3,華南永昌-潮州,2023-01-11,9328
1303,南亞,3,0,3,華南永昌-潮州,2023-01-11,9328
1708,東鹼,3,0,3,華南永昌-潮州,2023-01-11,9328
1795,美時,12,9,3,華南永昌-潮州,2023-01-11,9328
1809,中釉,4,1,3,華南永昌-潮州,2023-01-11,9328
2031,新光鋼,3,0,3,華南永昌-潮州,2023-01-11,9328
2413,環科,3,0,3,華南永昌-潮州,2023-01-11,9328
2468,華經,3,0,3,華南永昌-潮州,2023-01-11,9328
2755,揚秦,3,0,3,華南永昌-潮州,2023-01-11,9328
2855,統一證,3,0,3,華南永昌-潮州,2023-01-11,9328
3494,誠研,3,0,3,華南永昌-潮州,2023-01-11,9328
6147,頎邦,3,0,3,華南永昌-潮州,2023-01-11,9328
6190,萬泰科,3,0,3,華南永昌-潮州,2023-01-11,9328
6245,立端,112,0,112,華南永昌-潮州,2023-01-12,9328
1608,華榮,40,2,38,華南永昌-潮州,2023-01-12,9328
2358,廷鑫,67,34,33,華南永昌-潮州,2023-01-12,9328
8038,長園科,31,0,31,華南永昌-潮州,2023-01-12,9328
2371,大同,36,7,29,華南永昌-潮州,2023-01-12,9328
2603,長榮,27,2,25,華南永昌-潮州,2023-01-12,9328
00665L,富邦�琤肭磪囓�2,24,0,24,華南永昌-潮州,2023-01-12,9328
4904,遠傳,20,0,20,華南永昌-潮州,2023-01-12,9328
2601,益航,20,0,20,華南永昌-潮州,2023-01-12,9328
2609,陽明,22,6,16,華南永昌-潮州,2023-01-12,9328
00637L,元大滬深300正2,15,0,15,華南永昌-潮州,2023-01-12,9328
2014,中鴻,79,64,15,華南永昌-潮州,2023-01-12,9328
00882,中信中國高股息,15,2,13,華南永昌-潮州,2023-01-12,9328
9103,美德醫療-DR,13,0,13,華南永昌-潮州,2023-01-12,9328
3481,群創,19,7,12,華南永昌-潮州,2023-01-12,9328
2007,燁興,13,1,12,華南永昌-潮州,2023-01-12,9328
00878,國泰永續高股息,22,10,12,華南永昌-潮州,2023-01-12,9328
00891,中信關鍵半導體,10,0,10,華南永昌-潮州,2023-01-12,9328
9928,中視,10,0,10,華南永昌-潮州,2023-01-12,9328
00673R,期元大S＆P原油反1,9,0,9,華南永昌-潮州,2023-01-12,9328
4743,合一,9,1,8,華南永昌-潮州,2023-01-12,9328
2887,台新金,10,2,8,華南永昌-潮州,2023-01-12,9328
2317,鴻海,6,0,6,華南永昌-潮州,2023-01-12,9328
4931,新盛力,6,0,6,華南永昌-潮州,2023-01-12,9328
4175,杏一,6,0,6,華南永昌-潮州,2023-01-12,9328
2886,兆豐金,6,0,6,華南永昌-潮州,2023-01-12,9328
1303,南亞,6,0,6,華南永昌-潮州,2023-01-12,9328
2022,聚亨,6,0,6,華南永昌-潮州,2023-01-12,9328
2444,兆勁,8,2,6,華南永昌-潮州,2023-01-12,9328
4128,中天,6,0,6,華南永昌-潮州,2023-01-12,9328
2615,萬海,7,2,5,華南永昌-潮州,2023-01-12,9328
0056,元大高股息,5,0,5,華南永昌-潮州,2023-01-12,9328
00669R,國泰美國道瓊反1,5,0,5,華南永昌-潮州,2023-01-12,9328
4162,智擎,6,1,5,華南永昌-潮州,2023-01-12,9328
4174,浩鼎,5,0,5,華南永昌-潮州,2023-01-12,9328
6231,系微,5,0,5,華南永昌-潮州,2023-01-12,9328
6271,同欣電,5,0,5,華南永昌-潮州,2023-01-12,9328
6274,台燿,8,3,5,華南永昌-潮州,2023-01-12,9328
6532,瑞耘,5,0,5,華南永昌-潮州,2023-01-12,9328
8016,矽創,5,0,5,華南永昌-潮州,2023-01-12,9328
00893,國泰智能電動車,4,0,4,華南永昌-潮州,2023-01-12,9328
00770,國泰北美科技,4,0,4,華南永昌-潮州,2023-01-12,9328
1529,樂事綠能,15,11,4,華南永昌-潮州,2023-01-12,9328
2314,台揚,4,0,4,華南永昌-潮州,2023-01-12,9328
5371,中光電,4,0,4,華南永昌-潮州,2023-01-12,9328
6213,聯茂,4,0,4,華南永昌-潮州,2023-01-12,9328
6237,驊訊,4,0,4,華南永昌-潮州,2023-01-12,9328
3714,富采,4,0,4,華南永昌-潮州,2023-01-12,9328
2892,第一金,3,0,3,華南永昌-潮州,2023-01-12,9328
5347,世界,5,2,3,華南永昌-潮州,2023-01-12,9328
8933,愛地雅,52,4,48,華南永昌-潮州,2023-01-13,9328
00905,FT臺灣Smart,40,0,40,華南永昌-潮州,2023-01-13,9328
00632R,元大台灣50反1,30,0,30,華南永昌-潮州,2023-01-13,9328
00650L,復華香港正2,27,0,27,華南永昌-潮州,2023-01-13,9328
1718,中纖,20,0,20,華南永昌-潮州,2023-01-13,9328
3576,聯合再生,19,0,19,華南永昌-潮州,2023-01-13,9328
6245,立端,22,3,19,華南永昌-潮州,2023-01-13,9328
6274,台燿,17,0,17,華南永昌-潮州,2023-01-13,9328
2883,凱基金,23,10,13,華南永昌-潮州,2023-01-13,9328
2609,陽明,17,6,11,華南永昌-潮州,2023-01-13,9328
2851,中再保,12,1,11,華南永昌-潮州,2023-01-13,9328
2457,飛宏,10,0,10,華南永昌-潮州,2023-01-13,9328
00773B,中信優先金融債,10,0,10,華南永昌-潮州,2023-01-13,9328
00673R,期元大S＆P原油反1,10,0,10,華南永昌-潮州,2023-01-13,9328
2312,金寶,10,0,10,華南永昌-潮州,2023-01-13,9328
6118,建達,13,3,10,華南永昌-潮州,2023-01-13,9328
3481,群創,9,0,9,華南永昌-潮州,2023-01-13,9328
6770,力積電,10,1,9,華南永昌-潮州,2023-01-13,9328
2313,華通,8,0,8,華南永昌-潮州,2023-01-13,9328
2484,希華,8,0,8,華南永昌-潮州,2023-01-13,9328
2880,華南金,8,1,7,華南永昌-潮州,2023-01-13,9328
0056,元大高股息,7,0,7,華南永昌-潮州,2023-01-13,9328
2892,第一金,7,0,7,華南永昌-潮州,2023-01-13,9328
3455,由田,6,0,6,華南永昌-潮州,2023-01-13,9328
6443,元晶,8,2,6,華南永昌-潮州,2023-01-13,9328
2303,聯電,16,10,6,華南永昌-潮州,2023-01-13,9328
1305,華夏,5,0,5,華南永昌-潮州,2023-01-13,9328
00885,富邦越南,5,0,5,華南永昌-潮州,2023-01-13,9328
1210,大成,5,0,5,華南永昌-潮州,2023-01-13,9328
1517,利奇,5,0,5,華南永昌-潮州,2023-01-13,9328
1519,華城,5,0,5,華南永昌-潮州,2023-01-13,9328
1736,喬山,5,0,5,華南永昌-潮州,2023-01-13,9328
2881,富邦金,5,0,5,華南永昌-潮州,2023-01-13,9328
3466,德晉,5,0,5,華南永昌-潮州,2023-01-13,9328
4746,台耀,7,2,5,華南永昌-潮州,2023-01-13,9328
4915,致伸,5,0,5,華南永昌-潮州,2023-01-13,9328
6182,合晶,6,1,5,華南永昌-潮州,2023-01-13,9328
1101,台泥,16,11,5,華南永昌-潮州,2023-01-13,9328
4743,合一,8,3,5,華南永昌-潮州,2023-01-13,9328
2409,友達,5,1,4,華南永昌-潮州,2023-01-13,9328
1513,中興電,5,1,4,華南永昌-潮州,2023-01-13,9328
2324,仁寶,4,0,4,華南永昌-潮州,2023-01-13,9328
2419,仲琦,4,0,4,華南永昌-潮州,2023-01-13,9328
2603,長榮,6,2,4,華南永昌-潮州,2023-01-13,9328
2915,潤泰全,4,0,4,華南永昌-潮州,2023-01-13,9328
3047,訊舟,4,0,4,華南永昌-潮州,2023-01-13,9328
3707,漢磊,14,10,4,華南永昌-潮州,2023-01-13,9328
3189,景碩,5,1,4,華南永昌-潮州,2023-01-13,9328
2454,聯發科,5,2,3,華南永昌-潮州,2023-01-13,9328
1314,中石化,7,4,3,華南永昌-潮州,2023-01-13,9328
00751B,元大AAA至A公司債,50,0,50,華南永昌-潮州,2023-01-16,9328
2317,鴻海,35,0,35,華南永昌-潮州,2023-01-16,9328
2603,長榮,42,8,34,華南永昌-潮州,2023-01-16,9328
1608,華榮,32,0,32,華南永昌-潮州,2023-01-16,9328
00673R,期元大S＆P原油反1,30,0,30,華南永昌-潮州,2023-01-16,9328
00632R,元大台灣50反1,25,0,25,華南永昌-潮州,2023-01-16,9328
2208,台船,24,0,24,華南永昌-潮州,2023-01-16,9328
2610,華航,21,1,20,華南永昌-潮州,2023-01-16,9328
1714,和桐,20,0,20,華南永昌-潮州,2023-01-16,9328
0056,元大高股息,18,1,17,華南永昌-潮州,2023-01-16,9328
00878,國泰永續高股息,29,13,16,華南永昌-潮州,2023-01-16,9328
00650L,復華香港正2,10,0,10,華南永昌-潮州,2023-01-16,9328
3576,聯合再生,10,0,10,華南永昌-潮州,2023-01-16,9328
6770,力積電,13,3,10,華南永昌-潮州,2023-01-16,9328
6550,北極星藥業-KY,10,2,8,華南永昌-潮州,2023-01-16,9328
4133,亞諾法,8,0,8,華南永昌-潮州,2023-01-16,9328
1409,新纖,8,1,7,華南永昌-潮州,2023-01-16,9328
2618,長榮航,6,0,6,華南永昌-潮州,2023-01-16,9328
2014,中鴻,24,19,5,華南永昌-潮州,2023-01-16,9328
00773B,中信優先金融債,5,0,5,華南永昌-潮州,2023-01-16,9328
1234,黑松,5,0,5,華南永昌-潮州,2023-01-16,9328
00669R,國泰美國道瓊反1,5,0,5,華南永昌-潮州,2023-01-16,9328
1453,大將,5,0,5,華南永昌-潮州,2023-01-16,9328
3494,誠研,5,0,5,華南永昌-潮州,2023-01-16,9328
4915,致伸,5,0,5,華南永昌-潮州,2023-01-16,9328
6215,和椿,5,0,5,華南永昌-潮州,2023-01-16,9328
8081,致新,6,1,5,華南永昌-潮州,2023-01-16,9328
8933,愛地雅,5,0,5,華南永昌-潮州,2023-01-16,9328
2607,榮運,4,0,4,華南永昌-潮州,2023-01-16,9328
3260,威剛,4,0,4,華南永昌-潮州,2023-01-16,9328
3710,連展投控,4,0,4,華南永昌-潮州,2023-01-16,9328
6244,茂迪,6,2,4,華南永昌-潮州,2023-01-16,9328
00753L,中信中國50正2,3,0,3,華南永昌-潮州,2023-01-16,9328
00900,富邦特選高股息30,3,0,3,華南永昌-潮州,2023-01-16,9328
1440,南紡,3,0,3,華南永昌-潮州,2023-01-16,9328
2486,一詮,3,0,3,華南永昌-潮州,2023-01-16,9328
2614,東森,3,0,3,華南永昌-潮州,2023-01-16,9328
3034,聯詠,3,0,3,華南永昌-潮州,2023-01-16,9328
4768,晶呈科技,3,0,3,華南永昌-潮州,2023-01-16,9328
6719,力智,3,0,3,華南永昌-潮州,2023-01-16,9328
9960,邁達康,3,0,3,華南永昌-潮州,2023-01-16,9328
9962,有益,3,0,3,華南永昌-潮州,2023-01-16,9328
2605,新興,4,2,2,華南永昌-潮州,2023-01-16,9328
2609,陽明,8,5,3,華南永昌-潮州,2023-01-16,9328
2615,萬海,5,2,3,華南永昌-潮州,2023-01-16,9328
6265,方土昶,5,3,2,華南永昌-潮州,2023-01-16,9328
8038,長園科,2,0,2,華南永昌-潮州,2023-01-16,9328
00885,富邦越南,2,0,2,華南永昌-潮州,2023-01-16,9328
1584,精剛,2,0,2,華南永昌-潮州,2023-01-16,9328
2374,佳能,2,0,2,華南永昌-潮州,2023-01-16,9328
2371,大同,60,0,60,華南永昌-潮州,2023-01-17,9328
2328,廣宇,40,0,40,華南永昌-潮州,2023-01-17,9328
3481,群創,61,25,36,華南永昌-潮州,2023-01-17,9328
00713,元大台灣高息低波,36,0,36,華南永昌-潮州,2023-01-17,9328
00878,國泰永續高股息,31,1,30,華南永昌-潮州,2023-01-17,9328
2884,玉山金,27,0,27,華南永昌-潮州,2023-01-17,9328
00882,中信中國高股息,26,0,26,華南永昌-潮州,2023-01-17,9328
00900,富邦特選高股息30,26,1,25,華南永昌-潮州,2023-01-17,9328
0056,元大高股息,25,3,22,華南永昌-潮州,2023-01-17,9328
4130,健亞,23,1,22,華南永昌-潮州,2023-01-17,9328
4108,懷特,20,0,20,華南永昌-潮州,2023-01-17,9328
2367,燿華,19,0,19,華南永昌-潮州,2023-01-17,9328
3105,穩懋,15,2,13,華南永昌-潮州,2023-01-17,9328
00753L,中信中國50正2,10,0,10,華南永昌-潮州,2023-01-17,9328
00773B,中信優先金融債,10,0,10,華南永昌-潮州,2023-01-17,9328
1517,利奇,10,0,10,華南永昌-潮州,2023-01-17,9328
2736,富野,10,0,10,華南永昌-潮州,2023-01-17,9328
00888,永豐台灣ESG,9,0,9,華南永昌-潮州,2023-01-17,9328
2834,臺企銀,14,6,8,華南永昌-潮州,2023-01-17,9328
00907,永豐優息存股,8,0,8,華南永昌-潮州,2023-01-17,9328
1522,堤維西,8,0,8,華南永昌-潮州,2023-01-17,9328
1524,耿鼎,9,1,8,華南永昌-潮州,2023-01-17,9328
2883,凱基金,11,3,8,華南永昌-潮州,2023-01-17,9328
6153,嘉聯益,8,0,8,華南永昌-潮州,2023-01-17,9328
6770,力積電,9,1,8,華南永昌-潮州,2023-01-17,9328
2542,興富發,7,0,7,華南永昌-潮州,2023-01-17,9328
2317,鴻海,6,0,6,華南永昌-潮州,2023-01-17,9328
00665L,富邦�琤肭磪囓�2,6,0,6,華南永昌-潮州,2023-01-17,9328
2465,麗臺,8,2,6,華南永昌-潮州,2023-01-17,9328
3013,晟銘電,8,2,6,華南永昌-潮州,2023-01-17,9328
4114,健喬,7,2,5,華南永昌-潮州,2023-01-17,9328
8038,長園科,5,0,5,華南永昌-潮州,2023-01-17,9328
8069,元太,6,1,5,華南永昌-潮州,2023-01-17,9328
00673R,期元大S＆P原油反1,5,0,5,華南永昌-潮州,2023-01-17,9328
00632R,元大台灣50反1,5,0,5,華南永昌-潮州,2023-01-17,9328
2388,威盛,10,5,5,華南永昌-潮州,2023-01-17,9328
4770,上品,5,0,5,華南永昌-潮州,2023-01-17,9328
2201,裕隆,44,39,5,華南永昌-潮州,2023-01-17,9328
00881,國泰台灣5G+,7,3,4,華南永昌-潮州,2023-01-17,9328
2618,長榮航,5,1,4,華南永昌-潮州,2023-01-17,9328
2634,漢翔,4,0,4,華南永昌-潮州,2023-01-17,9328
6182,合晶,4,0,4,華南永昌-潮州,2023-01-17,9328
6550,北極星藥業-KY,4,0,4,華南永昌-潮州,2023-01-17,9328
1219,福壽,9,5,4,華南永昌-潮州,2023-01-17,9328
1432,大魯閣,4,0,4,華南永昌-潮州,2023-01-17,9328
8183,精星,3,0,3,華南永昌-潮州,2023-01-17,9328
00770,國泰北美科技,3,0,3,華南永昌-潮州,2023-01-17,9328
00902,中信電池及儲能,3,0,3,華南永昌-潮州,2023-01-17,9328
1752,南光,7,4,3,華南永昌-潮州,2023-01-17,9328
2409,友達,3,0,3,華南永昌-潮州,2023-01-17,9328
00632R,元大台灣50反1,268,0,268,華南永昌-潮州,2023-01-30,9328
2482,連宇,101,1,100,華南永昌-潮州,2023-01-30,9328
00878,國泰永續高股息,87,36,51,華南永昌-潮州,2023-01-30,9328
00903,富邦元宇宙,50,0,50,華南永昌-潮州,2023-01-30,9328
3551,世禾,50,0,50,華南永昌-潮州,2023-01-30,9328
2867,三商壽,32,0,32,華南永昌-潮州,2023-01-30,9328
00676R,富邦臺灣加權反1,30,0,30,華南永昌-潮州,2023-01-30,9328
00679B,元大美債20年,22,0,22,華南永昌-潮州,2023-01-30,9328
1608,華榮,21,0,21,華南永昌-潮州,2023-01-30,9328
4114,健喬,20,0,20,華南永昌-潮州,2023-01-30,9328
00882,中信中國高股息,30,12,18,華南永昌-潮州,2023-01-30,9328
6143,振曜,18,0,18,華南永昌-潮州,2023-01-30,9328
2371,大同,17,0,17,華南永昌-潮州,2023-01-30,9328
2317,鴻海,18,2,16,華南永昌-潮州,2023-01-30,9328
2609,陽明,15,1,14,華南永昌-潮州,2023-01-30,9328
8038,長園科,12,0,12,華南永昌-潮州,2023-01-30,9328
3013,晟銘電,31,20,11,華南永昌-潮州,2023-01-30,9328
00673R,期元大S＆P原油反1,10,0,10,華南永昌-潮州,2023-01-30,9328
00773B,中信優先金融債,10,0,10,華南永昌-潮州,2023-01-30,9328
1301,台塑,10,0,10,華南永昌-潮州,2023-01-30,9328
1310,台苯,10,0,10,華南永昌-潮州,2023-01-30,9328
2634,漢翔,10,0,10,華南永昌-潮州,2023-01-30,9328
3176,基亞,10,0,10,華南永昌-潮州,2023-01-30,9328
4167,松瑞藥,10,0,10,華南永昌-潮州,2023-01-30,9328
6788,華景電,15,5,10,華南永昌-潮州,2023-01-30,9328
1305,華夏,8,0,8,華南永昌-潮州,2023-01-30,9328
1417,嘉裕,8,0,8,華南永昌-潮州,2023-01-30,9328
4106,雃博,8,1,7,華南永昌-潮州,2023-01-30,9328
6215,和椿,7,0,7,華南永昌-潮州,2023-01-30,9328
1101,台泥,11,4,7,華南永昌-潮州,2023-01-30,9328
1477,聚陽,6,0,6,華南永昌-潮州,2023-01-30,9328
1517,利奇,11,5,6,華南永昌-潮州,2023-01-30,9328
1529,樂事綠能,8,2,6,華南永昌-潮州,2023-01-30,9328
2618,長榮航,12,6,6,華南永昌-潮州,2023-01-30,9328
6612,奈米醫材,12,6,6,華南永昌-潮州,2023-01-30,9328
2812,台中銀,6,0,6,華南永昌-潮州,2023-01-30,9328
5439,高技,5,0,5,華南永昌-潮州,2023-01-30,9328
6231,系微,5,0,5,華南永昌-潮州,2023-01-30,9328
00892,富邦台灣半導體,4,0,4,華南永昌-潮州,2023-01-30,9328
2458,義隆,4,0,4,華南永昌-潮州,2023-01-30,9328
2603,長榮,4,0,4,華南永昌-潮州,2023-01-30,9328
2607,榮運,4,0,4,華南永昌-潮州,2023-01-30,9328
3027,盛達,6,2,4,華南永昌-潮州,2023-01-30,9328
3576,聯合再生,4,0,4,華南永昌-潮州,2023-01-30,9328
4133,亞諾法,4,0,4,華南永昌-潮州,2023-01-30,9328
2615,萬海,9,5,4,華南永昌-潮州,2023-01-30,9328
8069,元太,3,0,3,華南永昌-潮州,2023-01-30,9328
1218,泰山,5,2,3,華南永昌-潮州,2023-01-30,9328
8996,高力,19,16,3,華南永昌-潮州,2023-01-30,9328
1612,宏泰,5,2,3,華南永昌-潮州,2023-01-30,9328
2385,群光,52,0,52,華南永昌-潮州,2023-01-31,9328
00882,中信中國高股息,49,0,49,華南永昌-潮州,2023-01-31,9328
2328,廣宇,68,22,46,華南永昌-潮州,2023-01-31,9328
00878,國泰永續高股息,46,0,46,華南永昌-潮州,2023-01-31,9328
1611,中電,35,0,35,華南永昌-潮州,2023-01-31,9328
4142,國光生,34,1,33,華南永昌-潮州,2023-01-31,9328
2892,第一金,28,0,28,華南永昌-潮州,2023-01-31,9328
2002,中鋼,25,1,24,華南永昌-潮州,2023-01-31,9328
8933,愛地雅,23,2,21,華南永昌-潮州,2023-01-31,9328
00905,FT臺灣Smart,69,51,18,華南永昌-潮州,2023-01-31,9328
0056,元大高股息,18,3,15,華南永昌-潮州,2023-01-31,9328
00895,富邦未來車,16,2,14,華南永昌-潮州,2023-01-31,9328
2498,宏達電,67,54,13,華南永昌-潮州,2023-01-31,9328
6235,華孚,12,1,11,華南永昌-潮州,2023-01-31,9328
00642U,期元大S＆P石油,10,0,10,華南永昌-潮州,2023-01-31,9328
00665L,富邦�琤肭磪囓�2,10,0,10,華南永昌-潮州,2023-01-31,9328
1314,中石化,10,0,10,華南永昌-潮州,2023-01-31,9328
1455,集盛,10,0,10,華南永昌-潮州,2023-01-31,9328
1535,中宇,10,0,10,華南永昌-潮州,2023-01-31,9328
2330,台積電,11,2,9,華南永昌-潮州,2023-01-31,9328
1305,華夏,10,1,9,華南永昌-潮州,2023-01-31,9328
2358,廷鑫,10,1,9,華南永昌-潮州,2023-01-31,9328
2637,慧洋-KY,10,2,8,華南永昌-潮州,2023-01-31,9328
6153,嘉聯益,10,2,8,華南永昌-潮州,2023-01-31,9328
00772B,中信高評級公司債,7,0,7,華南永昌-潮州,2023-01-31,9328
00632R,元大台灣50反1,7,0,7,華南永昌-潮州,2023-01-31,9328
1514,亞力,10,3,7,華南永昌-潮州,2023-01-31,9328
2880,華南金,6,0,6,華南永昌-潮州,2023-01-31,9328
5880,合庫金,6,0,6,華南永昌-潮州,2023-01-31,9328
00650L,復華香港正2,6,0,6,華南永昌-潮州,2023-01-31,9328
00679B,元大美債20年,6,0,6,華南永昌-潮州,2023-01-31,9328
2371,大同,6,0,6,華南永昌-潮州,2023-01-31,9328
3189,景碩,10,4,6,華南永昌-潮州,2023-01-31,9328
00903,富邦元宇宙,5,0,5,華南永昌-潮州,2023-01-31,9328
00715L,期街口布蘭特正2,5,0,5,華南永昌-潮州,2023-01-31,9328
4174,浩鼎,5,0,5,華南永昌-潮州,2023-01-31,9328
4541,晟田,5,0,5,華南永昌-潮州,2023-01-31,9328
5475,德宏,5,0,5,華南永昌-潮州,2023-01-31,9328
5907,大洋-KY,5,0,5,華南永昌-潮州,2023-01-31,9328
6649,台生材,5,0,5,華南永昌-潮州,2023-01-31,9328
9105,泰金寶-DR,5,0,5,華南永昌-潮州,2023-01-31,9328
00893,國泰智能電動車,5,1,4,華南永昌-潮州,2023-01-31,9328
00900,富邦特選高股息30,11,7,4,華南永昌-潮州,2023-01-31,9328
2302,麗正,4,0,4,華南永昌-潮州,2023-01-31,9328
2324,仁寶,4,0,4,華南永昌-潮州,2023-01-31,9328
2354,鴻準,7,3,4,華南永昌-潮州,2023-01-31,9328
3710,連展投控,4,0,4,華南永昌-潮州,2023-01-31,9328
5347,世界,11,7,4,華南永昌-潮州,2023-01-31,9328
6231,系微,4,0,4,華南永昌-潮州,2023-01-31,9328
6279,胡連,4,0,4,華南永昌-潮州,2023-01-31,9328
00893,國泰智能電動車,44,1,43,華南永昌-潮州,2023-02-01,9328
00878,國泰永續高股息,42,2,40,華南永昌-潮州,2023-02-01,9328
2883,凱基金,40,3,37,華南永昌-潮州,2023-02-01,9328
5009,榮剛,85,60,25,華南永昌-潮州,2023-02-01,9328
2867,三商壽,24,0,24,華南永昌-潮州,2023-02-01,9328
8358,金居,27,4,23,華南永昌-潮州,2023-02-01,9328
00637L,元大滬深300正2,20,0,20,華南永昌-潮州,2023-02-01,9328
00632R,元大台灣50反1,17,0,17,華南永昌-潮州,2023-02-01,9328
5351,鈺創,16,0,16,華南永昌-潮州,2023-02-01,9328
1605,華新,43,28,15,華南永昌-潮州,2023-02-01,9328
2009,第一銅,41,26,15,華南永昌-潮州,2023-02-01,9328
2634,漢翔,12,0,12,華南永昌-潮州,2023-02-01,9328
4906,正文,13,1,12,華南永昌-潮州,2023-02-01,9328
8038,長園科,12,0,12,華南永昌-潮州,2023-02-01,9328
00713,元大台灣高息低波,11,0,11,華南永昌-潮州,2023-02-01,9328
2367,燿華,11,0,11,華南永昌-潮州,2023-02-01,9328
6202,盛群,14,3,11,華南永昌-潮州,2023-02-01,9328
2317,鴻海,14,3,11,華南永昌-潮州,2023-02-01,9328
6505,台塑化,10,0,10,華南永昌-潮州,2023-02-01,9328
00673R,期元大S＆P原油反1,10,0,10,華南永昌-潮州,2023-02-01,9328
00920,富邦ESG綠色電力,10,0,10,華南永昌-潮州,2023-02-01,9328
1905,華紙,10,0,10,華南永昌-潮州,2023-02-01,9328
2515,中工,10,0,10,華南永昌-潮州,2023-02-01,9328
6578,達邦蛋白,10,0,10,華南永昌-潮州,2023-02-01,9328
8121,越峰,10,0,10,華南永昌-潮州,2023-02-01,9328
2614,東森,15,6,9,華南永昌-潮州,2023-02-01,9328
1210,大成,9,0,9,華南永昌-潮州,2023-02-01,9328
2023,燁輝,15,6,9,華南永昌-潮州,2023-02-01,9328
6669,緯穎,9,0,9,華南永昌-潮州,2023-02-01,9328
00902,中信電池及儲能,11,3,8,華南永昌-潮州,2023-02-01,9328
2302,麗正,8,0,8,華南永昌-潮州,2023-02-01,9328
2409,友達,10,2,8,華南永昌-潮州,2023-02-01,9328
2609,陽明,16,9,7,華南永昌-潮州,2023-02-01,9328
3481,群創,7,0,7,華南永昌-潮州,2023-02-01,9328
2328,廣宇,20,13,7,華南永昌-潮州,2023-02-01,9328
4763,材料-KY,23,16,7,華南永昌-潮州,2023-02-01,9328
3017,奇鋐,7,1,6,華南永昌-潮州,2023-02-01,9328
4979,華星光,10,4,6,華南永昌-潮州,2023-02-01,9328
1319,東陽,6,0,6,華南永昌-潮州,2023-02-01,9328
3031,佰鴻,7,1,6,華南永昌-潮州,2023-02-01,9328
6168,宏齊,6,0,6,華南永昌-潮州,2023-02-01,9328
2014,中鴻,35,29,6,華南永昌-潮州,2023-02-01,9328
6531,愛普*,5,0,5,華南永昌-潮州,2023-02-01,9328
1303,南亞,5,0,5,華南永昌-潮州,2023-02-01,9328
1217,愛之味,5,0,5,華南永昌-潮州,2023-02-01,9328
2208,台船,6,1,5,華南永昌-潮州,2023-02-01,9328
2412,中華電,5,0,5,華南永昌-潮州,2023-02-01,9328
6282,康舒,17,12,5,華南永昌-潮州,2023-02-01,9328
8150,南茂,7,2,5,華南永昌-潮州,2023-02-01,9328
9908,大台北,5,0,5,華南永昌-潮州,2023-02-01,9328
1721,三晃,51,2,49,華南永昌-潮州,2023-02-02,9328
00878,國泰永續高股息,103,61,42,華南永昌-潮州,2023-02-02,9328
00670L,富邦NASDAQ正2,40,1,39,華南永昌-潮州,2023-02-02,9328
00885,富邦越南,34,0,34,華南永昌-潮州,2023-02-02,9328
3041,揚智,44,13,31,華南永昌-潮州,2023-02-02,9328
1467,南緯,30,0,30,華南永昌-潮州,2023-02-02,9328
00632R,元大台灣50反1,71,50,21,華南永昌-潮州,2023-02-02,9328
2880,華南金,21,0,21,華南永昌-潮州,2023-02-02,9328
00905,FT臺灣Smart,20,0,20,華南永昌-潮州,2023-02-02,9328
1810,和成,22,2,20,華南永昌-潮州,2023-02-02,9328
2495,普安,20,0,20,華南永昌-潮州,2023-02-02,9328
4904,遠傳,20,0,20,華南永昌-潮州,2023-02-02,9328
8038,長園科,22,4,18,華南永昌-潮州,2023-02-02,9328
00882,中信中國高股息,18,1,17,華南永昌-潮州,2023-02-02,9328
0056,元大高股息,21,5,16,華南永昌-潮州,2023-02-02,9328
6443,元晶,37,21,16,華南永昌-潮州,2023-02-02,9328
3481,群創,15,0,15,華南永昌-潮州,2023-02-02,9328
2892,第一金,14,0,14,華南永昌-潮州,2023-02-02,9328
1218,泰山,13,0,13,華南永昌-潮州,2023-02-02,9328
3207,耀勝,12,0,12,華南永昌-潮州,2023-02-02,9328
3346,麗清,12,0,12,華南永昌-潮州,2023-02-02,9328
00903,富邦元宇宙,21,9,12,華南永昌-潮州,2023-02-02,9328
2002,中鋼,13,1,12,華南永昌-潮州,2023-02-02,9328
6806,森崴能源,12,1,11,華南永昌-潮州,2023-02-02,9328
2353,宏��,12,1,11,華南永昌-潮州,2023-02-02,9328
5351,鈺創,15,4,11,華南永昌-潮州,2023-02-02,9328
1513,中興電,14,4,10,華南永昌-潮州,2023-02-02,9328
2618,長榮航,38,28,10,華南永昌-潮州,2023-02-02,9328
00642U,期元大S＆P石油,10,0,10,華南永昌-潮州,2023-02-02,9328
00637L,元大滬深300正2,10,0,10,華南永昌-潮州,2023-02-02,9328
2358,廷鑫,10,0,10,華南永昌-潮州,2023-02-02,9328
3163,波若威,10,0,10,華南永昌-潮州,2023-02-02,9328
3176,基亞,10,0,10,華南永昌-潮州,2023-02-02,9328
3596,智易,10,0,10,華南永昌-潮州,2023-02-02,9328
4174,浩鼎,10,0,10,華南永昌-潮州,2023-02-02,9328
9105,泰金寶-DR,10,0,10,華南永昌-潮州,2023-02-02,9328
2317,鴻海,9,0,9,華南永昌-潮州,2023-02-02,9328
3704,合勤控,11,2,9,華南永昌-潮州,2023-02-02,9328
5014,建錩,10,1,9,華南永昌-潮州,2023-02-02,9328
2027,大成鋼,15,7,8,華南永昌-潮州,2023-02-02,9328
1305,華夏,8,0,8,華南永昌-潮州,2023-02-02,9328
2413,環科,36,28,8,華南永昌-潮州,2023-02-02,9328
2891,中信金,9,1,8,華南永昌-潮州,2023-02-02,9328
6129,普誠,7,0,7,華南永昌-潮州,2023-02-02,9328
2201,裕隆,47,41,6,華南永昌-潮州,2023-02-02,9328
1453,大將,6,0,6,華南永昌-潮州,2023-02-02,9328
1905,華紙,6,0,6,華南永昌-潮州,2023-02-02,9328
4129,聯合,6,0,6,華南永昌-潮州,2023-02-02,9328
1303,南亞,5,0,5,華南永昌-潮州,2023-02-02,9328
2014,中鴻,25,20,5,華南永昌-潮州,2023-02-02,9328
00878,國泰永續高股息,72,0,72,華南永昌-潮州,2023-02-03,9328
2618,長榮航,56,6,50,華南永昌-潮州,2023-02-03,9328
00882,中信中國高股息,44,2,42,華南永昌-潮州,2023-02-03,9328
00632R,元大台灣50反1,33,0,33,華南永昌-潮州,2023-02-03,9328
00665L,富邦�琤肭磪囓�2,26,0,26,華南永昌-潮州,2023-02-03,9328
6770,力積電,26,2,24,華南永昌-潮州,2023-02-03,9328
2498,宏達電,58,36,22,華南永昌-潮州,2023-02-03,9328
00637L,元大滬深300正2,21,0,21,華南永昌-潮州,2023-02-03,9328
2884,玉山金,20,1,19,華南永昌-潮州,2023-02-03,9328
2344,華邦電,34,16,18,華南永昌-潮州,2023-02-03,9328
5351,鈺創,23,7,16,華南永昌-潮州,2023-02-03,9328
00715L,期街口布蘭特正2,16,0,16,華南永昌-潮州,2023-02-03,9328
1101,台泥,16,0,16,華南永昌-潮州,2023-02-03,9328
2834,臺企銀,71,57,14,華南永昌-潮州,2023-02-03,9328
00918,大華優利高填息30,13,0,13,華南永昌-潮州,2023-02-03,9328
1305,華夏,12,0,12,華南永昌-潮州,2023-02-03,9328
1524,耿鼎,13,1,12,華南永昌-潮州,2023-02-03,9328
2351,順德,22,10,12,華南永昌-潮州,2023-02-03,9328
2002,中鋼,17,5,12,華南永昌-潮州,2023-02-03,9328
2882,國泰金,11,0,11,華南永昌-潮州,2023-02-03,9328
00920,富邦ESG綠色電力,10,0,10,華南永昌-潮州,2023-02-03,9328
6806,森崴能源,12,2,10,華南永昌-潮州,2023-02-03,9328
00904,新光臺灣半導體30,10,0,10,華南永昌-潮州,2023-02-03,9328
00642U,期元大S＆P石油,10,0,10,華南永昌-潮州,2023-02-03,9328
2364,倫飛,12,2,10,華南永昌-潮州,2023-02-03,9328
3490,單井,10,0,10,華南永昌-潮州,2023-02-03,9328
6116,彩晶,15,5,10,華南永昌-潮州,2023-02-03,9328
2363,矽統,12,2,10,華南永昌-潮州,2023-02-03,9328
2313,華通,12,2,10,華南永昌-潮州,2023-02-03,9328
2014,中鴻,28,20,8,華南永昌-潮州,2023-02-03,9328
00713,元大台灣高息低波,8,0,8,華南永昌-潮州,2023-02-03,9328
00850,元大臺灣ESG永續,8,0,8,華南永昌-潮州,2023-02-03,9328
1608,華榮,8,0,8,華南永昌-潮州,2023-02-03,9328
1611,中電,8,0,8,華南永昌-潮州,2023-02-03,9328
2612,中航,8,0,8,華南永昌-潮州,2023-02-03,9328
5608,四維航,27,19,8,華南永昌-潮州,2023-02-03,9328
6509,聚和,8,0,8,華南永昌-潮州,2023-02-03,9328
8105,凌巨,10,2,8,華南永昌-潮州,2023-02-03,9328
2436,偉詮電,21,13,8,華南永昌-潮州,2023-02-03,9328
2317,鴻海,15,7,8,華南永昌-潮州,2023-02-03,9328
00679B,元大美債20年,7,0,7,華南永昌-潮州,2023-02-03,9328
2303,聯電,25,18,7,華南永昌-潮州,2023-02-03,9328
4108,懷特,11,4,7,華南永昌-潮州,2023-02-03,9328
2330,台積電,7,1,6,華南永昌-潮州,2023-02-03,9328
2734,易飛網,6,0,6,華南永昌-潮州,2023-02-03,9328
4130,健亞,7,1,6,華南永昌-潮州,2023-02-03,9328
6217,中探針,6,0,6,華南永昌-潮州,2023-02-03,9328
8440,綠電,7,1,6,華南永昌-潮州,2023-02-03,9328
2891,中信金,5,0,5,華南永昌-潮州,2023-02-03,9328
2388,威盛,32,27,5,華南永昌-潮州,2023-02-03,9328
00664R,國泰臺灣加權反1,80,0,80,華南永昌-潮州,2023-02-06,9328
00878,國泰永續高股息,91,38,53,華南永昌-潮州,2023-02-06,9328
2892,第一金,51,0,51,華南永昌-潮州,2023-02-06,9328
2344,華邦電,49,0,49,華南永昌-潮州,2023-02-06,9328
2603,長榮,43,1,42,華南永昌-潮州,2023-02-06,9328
00665L,富邦�琤肭磪囓�2,38,0,38,華南永昌-潮州,2023-02-06,9328
3105,穩懋,33,0,33,華南永昌-潮州,2023-02-06,9328
00637L,元大滬深300正2,31,0,31,華南永昌-潮州,2023-02-06,9328
2385,群光,30,0,30,華南永昌-潮州,2023-02-06,9328
2615,萬海,25,1,24,華南永昌-潮州,2023-02-06,9328
2610,華航,30,7,23,華南永昌-潮州,2023-02-06,9328
00882,中信中國高股息,21,0,21,華南永昌-潮州,2023-02-06,9328
3054,立萬利,20,0,20,華南永昌-潮州,2023-02-06,9328
6770,力積電,17,0,17,華南永昌-潮州,2023-02-06,9328
2891,中信金,16,0,16,華南永昌-潮州,2023-02-06,9328
2482,連宇,27,11,16,華南永昌-潮州,2023-02-06,9328
2883,凱基金,15,1,14,華南永昌-潮州,2023-02-06,9328
2886,兆豐金,13,1,12,華南永昌-潮州,2023-02-06,9328
00715L,期街口布蘭特正2,11,0,11,華南永昌-潮州,2023-02-06,9328
2882,國泰金,10,0,10,華南永昌-潮州,2023-02-06,9328
00753L,中信中國50正2,10,0,10,華南永昌-潮州,2023-02-06,9328
00633L,富邦上証正2,50,40,10,華南永昌-潮州,2023-02-06,9328
00642U,期元大S＆P石油,10,0,10,華南永昌-潮州,2023-02-06,9328
2809,京城銀,10,0,10,華南永昌-潮州,2023-02-06,9328
5243,乙盛-KY,10,0,10,華南永昌-潮州,2023-02-06,9328
8054,安國,10,0,10,華南永昌-潮州,2023-02-06,9328
2929,淘帝-KY,9,0,9,華南永昌-潮州,2023-02-06,9328
00679B,元大美債20年,9,0,9,華南永昌-潮州,2023-02-06,9328
2104,國際中橡,9,0,9,華南永昌-潮州,2023-02-06,9328
2208,台船,9,0,9,華南永昌-潮州,2023-02-06,9328
00772B,中信高評級公司債,8,0,8,華南永昌-潮州,2023-02-06,9328
00905,FT臺灣Smart,27,20,7,華南永昌-潮州,2023-02-06,9328
6531,愛普*,8,1,7,華南永昌-潮州,2023-02-06,9328
6550,北極星藥業-KY,10,3,7,華南永昌-潮州,2023-02-06,9328
8105,凌巨,7,0,7,華南永昌-潮州,2023-02-06,9328
3037,欣興,10,3,7,華南永昌-潮州,2023-02-06,9328
00720B,元大投資級公司債,6,0,6,華南永昌-潮州,2023-02-06,9328
00918,大華優利高填息30,6,0,6,華南永昌-潮州,2023-02-06,9328
2028,威致,6,0,6,華南永昌-潮州,2023-02-06,9328
2201,裕隆,9,3,6,華南永昌-潮州,2023-02-06,9328
2337,旺宏,6,0,6,華南永昌-潮州,2023-02-06,9328
5251,天鉞電,6,0,6,華南永昌-潮州,2023-02-06,9328
2609,陽明,18,12,6,華南永昌-潮州,2023-02-06,9328
2880,華南金,6,0,6,華南永昌-潮州,2023-02-06,9328
00795B,中信美國公債20年,5,0,5,華南永昌-潮州,2023-02-06,9328
2354,鴻準,8,3,5,華南永昌-潮州,2023-02-06,9328
2457,飛宏,5,0,5,華南永昌-潮州,2023-02-06,9328
3265,台星科,6,1,5,華南永昌-潮州,2023-02-06,9328
3305,昇貿,5,0,5,華南永昌-潮州,2023-02-06,9328
3317,尼克森,5,0,5,華南永昌-潮州,2023-02-06,9328
4114,健喬,173,4,169,華南永昌-潮州,2023-02-07,9328
2317,鴻海,165,1,164,華南永昌-潮州,2023-02-07,9328
2344,華邦電,53,2,51,華南永昌-潮州,2023-02-07,9328
2834,臺企銀,51,1,50,華南永昌-潮州,2023-02-07,9328
2888,新光金,50,10,40,華南永昌-潮州,2023-02-07,9328
00665L,富邦�琤肭磪囓�2,30,0,30,華南永昌-潮州,2023-02-07,9328
4747,強生,52,22,30,華南永昌-潮州,2023-02-07,9328
1529,樂事綠能,30,2,28,華南永昌-潮州,2023-02-07,9328
6282,康舒,57,29,28,華南永昌-潮州,2023-02-07,9328
2881,富邦金,23,0,23,華南永昌-潮州,2023-02-07,9328
3710,連展投控,22,0,22,華南永昌-潮州,2023-02-07,9328
00902,中信電池及儲能,21,0,21,華南永昌-潮州,2023-02-07,9328
1605,華新,46,26,20,華南永昌-潮州,2023-02-07,9328
2330,台積電,15,0,15,華南永昌-潮州,2023-02-07,9328
00882,中信中國高股息,12,0,12,華南永昌-潮州,2023-02-07,9328
1795,美時,17,6,11,華南永昌-潮州,2023-02-07,9328
2369,菱生,11,0,11,華南永昌-潮州,2023-02-07,9328
1513,中興電,10,0,10,華南永昌-潮州,2023-02-07,9328
2867,三商壽,10,0,10,華南永昌-潮州,2023-02-07,9328
3088,艾訊,10,0,10,華南永昌-潮州,2023-02-07,9328
6109,亞元,10,0,10,華南永昌-潮州,2023-02-07,9328
6116,彩晶,15,5,10,華南永昌-潮州,2023-02-07,9328
1783,和康生,41,32,9,華南永昌-潮州,2023-02-07,9328
2498,宏達電,29,21,8,華南永昌-潮州,2023-02-07,9328
4157,太景*-KY,8,0,8,華南永昌-潮州,2023-02-07,9328
4557,永新-KY,8,0,8,華南永昌-潮州,2023-02-07,9328
00673R,期元大S＆P原油反1,7,0,7,華南永昌-潮州,2023-02-07,9328
1611,中電,7,0,7,華南永昌-潮州,2023-02-07,9328
2609,陽明,7,0,7,華南永昌-潮州,2023-02-07,9328
1218,泰山,6,0,6,華南永昌-潮州,2023-02-07,9328
4979,華星光,28,22,6,華南永昌-潮州,2023-02-07,9328
6788,華景電,6,0,6,華南永昌-潮州,2023-02-07,9328
00772B,中信高評級公司債,5,0,5,華南永昌-潮州,2023-02-07,9328
2851,中再保,5,0,5,華南永昌-潮州,2023-02-07,9328
2607,榮運,5,0,5,華南永昌-潮州,2023-02-07,9328
4129,聯合,5,0,5,華南永昌-潮州,2023-02-07,9328
6133,金橋,5,0,5,華南永昌-潮州,2023-02-07,9328
6770,力積電,5,0,5,華南永昌-潮州,2023-02-07,9328
8016,矽創,5,0,5,華南永昌-潮州,2023-02-07,9328
9105,泰金寶-DR,5,0,5,華南永昌-潮州,2023-02-07,9328
4744,皇將,5,0,5,華南永昌-潮州,2023-02-07,9328
00878,國泰永續高股息,45,40,5,華南永昌-潮州,2023-02-07,9328
2890,永豐金,4,0,4,華南永昌-潮州,2023-02-07,9328
1313,聯成,5,1,4,華南永昌-潮州,2023-02-07,9328
1701,中化,15,11,4,華南永昌-潮州,2023-02-07,9328
1809,中釉,7,3,4,華南永昌-潮州,2023-02-07,9328
3027,盛達,5,1,4,華南永昌-潮州,2023-02-07,9328
3051,力特,4,0,4,華南永昌-潮州,2023-02-07,9328
3093,港建*,4,0,4,華南永昌-潮州,2023-02-07,9328
6550,北極星藥業-KY,9,5,4,華南永昌-潮州,2023-02-07,9328
3710,連展投控,141,30,111,華南永昌-潮州,2023-02-08,9328
6770,力積電,108,11,97,華南永昌-潮州,2023-02-08,9328
00900,富邦特選高股息30,76,1,75,華南永昌-潮州,2023-02-08,9328
00713,元大台灣高息低波,61,0,61,華南永昌-潮州,2023-02-08,9328
4114,健喬,52,5,47,華南永昌-潮州,2023-02-08,9328
00882,中信中國高股息,58,12,46,華南永昌-潮州,2023-02-08,9328
00632R,元大台灣50反1,47,5,42,華南永昌-潮州,2023-02-08,9328
00665L,富邦�琤肭磪囓�2,30,0,30,華南永昌-潮州,2023-02-08,9328
00902,中信電池及儲能,30,1,29,華南永昌-潮州,2023-02-08,9328
2338,光罩,37,8,29,華南永昌-潮州,2023-02-08,9328
1303,南亞,25,0,25,華南永昌-潮州,2023-02-08,9328
6282,康舒,34,10,24,華南永昌-潮州,2023-02-08,9328
5452,佶優,20,0,20,華南永昌-潮州,2023-02-08,9328
2317,鴻海,16,0,16,華南永昌-潮州,2023-02-08,9328
1444,力麗,15,0,15,華南永昌-潮州,2023-02-08,9328
3231,緯創,15,0,15,華南永昌-潮州,2023-02-08,9328
6223,旺矽,20,6,14,華南永昌-潮州,2023-02-08,9328
2405,輔信,13,0,13,華南永昌-潮州,2023-02-08,9328
1783,和康生,12,0,12,華南永昌-潮州,2023-02-08,9328
6129,普誠,12,0,12,華南永昌-潮州,2023-02-08,9328
3059,華晶科,12,1,11,華南永昌-潮州,2023-02-08,9328
3588,通嘉,11,0,11,華南永昌-潮州,2023-02-08,9328
3707,漢磊,11,0,11,華南永昌-潮州,2023-02-08,9328
00673R,期元大S＆P原油反1,10,0,10,華南永昌-潮州,2023-02-08,9328
00905,FT臺灣Smart,10,0,10,華南永昌-潮州,2023-02-08,9328
1319,東陽,10,0,10,華南永昌-潮州,2023-02-08,9328
2867,三商壽,10,0,10,華南永昌-潮州,2023-02-08,9328
3037,欣興,10,0,10,華南永昌-潮州,2023-02-08,9328
6188,廣明,10,0,10,華南永昌-潮州,2023-02-08,9328
6546,正基,10,0,10,華南永昌-潮州,2023-02-08,9328
1101,台泥,11,2,9,華南永昌-潮州,2023-02-08,9328
00885,富邦越南,8,0,8,華南永昌-潮州,2023-02-08,9328
2884,玉山金,8,0,8,華南永昌-潮州,2023-02-08,9328
2425,承啟,39,31,8,華南永昌-潮州,2023-02-08,9328
00679B,元大美債20年,7,0,7,華南永昌-潮州,2023-02-08,9328
1752,南光,7,0,7,華南永昌-潮州,2023-02-08,9328
2027,大成鋼,12,5,7,華南永昌-潮州,2023-02-08,9328
3494,誠研,7,0,7,華南永昌-潮州,2023-02-08,9328
2618,長榮航,8,2,6,華南永昌-潮州,2023-02-08,9328
00637L,元大滬深300正2,5,0,5,華南永昌-潮州,2023-02-08,9328
1789,神隆,5,0,5,華南永昌-潮州,2023-02-08,9328
2313,華通,7,2,5,華南永昌-潮州,2023-02-08,9328
4506,崇友,5,0,5,華南永昌-潮州,2023-02-08,9328
6139,亞翔,12,7,5,華南永昌-潮州,2023-02-08,9328
6712,長聖,6,1,5,華南永昌-潮州,2023-02-08,9328
00878,國泰永續高股息,17,12,5,華南永昌-潮州,2023-02-08,9328
8046,南電,8,4,4,華南永昌-潮州,2023-02-08,9328
2882,國泰金,4,0,4,華南永昌-潮州,2023-02-08,9328
2368,金像電,8,4,4,華南永昌-潮州,2023-02-08,9328
2371,大同,4,0,4,華南永昌-潮州,2023-02-08,9328
00878,國泰永續高股息,104,6,98,華南永昌-潮州,2023-02-09,9328
00632R,元大台灣50反1,62,4,58,華南永昌-潮州,2023-02-09,9328
00897,富邦基因免疫生技,50,0,50,華南永昌-潮州,2023-02-09,9328
00900,富邦特選高股息30,47,2,45,華南永昌-潮州,2023-02-09,9328
2883,凱基金,48,4,44,華南永昌-潮州,2023-02-09,9328
2344,華邦電,60,22,38,華南永昌-潮州,2023-02-09,9328
1605,華新,44,6,38,華南永昌-潮州,2023-02-09,9328
00773B,中信優先金融債,35,0,35,華南永昌-潮州,2023-02-09,9328
00665L,富邦�琤肭磪囓�2,30,0,30,華南永昌-潮州,2023-02-09,9328
2603,長榮,23,0,23,華南永昌-潮州,2023-02-09,9328
3587,閎康,20,1,19,華南永昌-潮州,2023-02-09,9328
2468,華經,18,0,18,華南永昌-潮州,2023-02-09,9328
6538,倉和,16,0,16,華南永昌-潮州,2023-02-09,9328
8033,雷虎,17,1,16,華南永昌-潮州,2023-02-09,9328
6235,華孚,63,49,14,華南永昌-潮州,2023-02-09,9328
6104,創惟,15,1,14,華南永昌-潮州,2023-02-09,9328
00673R,期元大S＆P原油反1,13,0,13,華南永昌-潮州,2023-02-09,9328
00637L,元大滬深300正2,13,0,13,華南永昌-潮州,2023-02-09,9328
6770,力積電,12,0,12,華南永昌-潮州,2023-02-09,9328
2884,玉山金,12,1,11,華南永昌-潮州,2023-02-09,9328
2484,希華,12,1,11,華南永昌-潮州,2023-02-09,9328
3580,友威科,11,0,11,華南永昌-潮州,2023-02-09,9328
00905,FT臺灣Smart,10,0,10,華南永昌-潮州,2023-02-09,9328
2380,虹光,10,0,10,華南永昌-潮州,2023-02-09,9328
2453,凌群,10,0,10,華南永昌-潮州,2023-02-09,9328
2615,萬海,12,2,10,華南永昌-潮州,2023-02-09,9328
3094,聯傑,10,0,10,華南永昌-潮州,2023-02-09,9328
3432,台端,10,0,10,華南永昌-潮州,2023-02-09,9328
3576,聯合再生,10,0,10,華南永昌-潮州,2023-02-09,9328
2887,台新金,10,1,9,華南永昌-潮州,2023-02-09,9328
2618,長榮航,11,3,8,華南永昌-潮州,2023-02-09,9328
2007,燁興,7,0,7,華南永昌-潮州,2023-02-09,9328
2368,金像電,7,0,7,華南永昌-潮州,2023-02-09,9328
3059,華晶科,25,18,7,華南永昌-潮州,2023-02-09,9328
00720B,元大投資級公司債,6,0,6,華南永昌-潮州,2023-02-09,9328
00885,富邦越南,6,0,6,華南永昌-潮州,2023-02-09,9328
1536,和大,6,0,6,華南永昌-潮州,2023-02-09,9328
1809,中釉,9,3,6,華南永昌-潮州,2023-02-09,9328
2356,英業達,6,0,6,華南永昌-潮州,2023-02-09,9328
4533,協易機,6,0,6,華南永昌-潮州,2023-02-09,9328
2327,國巨,6,1,5,華南永昌-潮州,2023-02-09,9328
4979,華星光,8,3,5,華南永昌-潮州,2023-02-09,9328
00633L,富邦上証正2,5,0,5,華南永昌-潮州,2023-02-09,9328
1616,億泰,5,0,5,華南永昌-潮州,2023-02-09,9328
2014,中鴻,8,3,5,華南永昌-潮州,2023-02-09,9328
2413,環科,8,3,5,華南永昌-潮州,2023-02-09,9328
2883B,凱基金乙特,5,0,5,華南永昌-潮州,2023-02-09,9328
4128,中天,77,73,4,華南永昌-潮州,2023-02-09,9328
2880,華南金,4,0,4,華南永昌-潮州,2023-02-09,9328
1305,華夏,4,0,4,華南永昌-潮州,2023-02-09,9328
2618,長榮航,95,24,71,華南永昌-潮州,2023-02-10,9328
00878,國泰永續高股息,81,12,69,華南永昌-潮州,2023-02-10,9328
00900,富邦特選高股息30,52,0,52,華南永昌-潮州,2023-02-10,9328
6231,系微,43,0,43,華南永昌-潮州,2023-02-10,9328
2453,凌群,36,3,33,華南永昌-潮州,2023-02-10,9328
6116,彩晶,30,0,30,華南永昌-潮州,2023-02-10,9328
2603,長榮,29,0,29,華南永昌-潮州,2023-02-10,9328
4979,華星光,44,21,23,華南永昌-潮州,2023-02-10,9328
0056,元大高股息,25,3,22,華南永昌-潮州,2023-02-10,9328
2405,輔信,20,0,20,華南永昌-潮州,2023-02-10,9328
3049,精金,14,0,14,華南永昌-潮州,2023-02-10,9328
4130,健亞,15,1,14,華南永昌-潮州,2023-02-10,9328
2498,宏達電,28,15,13,華南永昌-潮州,2023-02-10,9328
00665L,富邦�琤肭磪囓�2,23,10,13,華南永昌-潮州,2023-02-10,9328
2388,威盛,30,17,13,華南永昌-潮州,2023-02-10,9328
2610,華航,14,2,12,華南永昌-潮州,2023-02-10,9328
2867,三商壽,11,0,11,華南永昌-潮州,2023-02-10,9328
6218,豪勉,11,0,11,華南永昌-潮州,2023-02-10,9328
9958,世紀鋼,11,0,11,華南永昌-潮州,2023-02-10,9328
2329,華泰,11,0,11,華南永昌-潮州,2023-02-10,9328
1314,中石化,10,0,10,華南永昌-潮州,2023-02-10,9328
00632R,元大台灣50反1,10,0,10,華南永昌-潮州,2023-02-10,9328
1444,力麗,10,0,10,華南永昌-潮州,2023-02-10,9328
3580,友威科,10,0,10,華南永昌-潮州,2023-02-10,9328
6282,康舒,17,7,10,華南永昌-潮州,2023-02-10,9328
6788,華景電,10,0,10,華南永昌-潮州,2023-02-10,9328
3037,欣興,14,5,9,華南永昌-潮州,2023-02-10,9328
6531,愛普*,11,2,9,華南永昌-潮州,2023-02-10,9328
00885,富邦越南,8,0,8,華南永昌-潮州,2023-02-10,9328
2409,友達,11,3,8,華南永昌-潮州,2023-02-10,9328
2615,萬海,10,2,8,華南永昌-潮州,2023-02-10,9328
6118,建達,8,0,8,華南永昌-潮州,2023-02-10,9328
2609,陽明,24,17,7,華南永昌-潮州,2023-02-10,9328
00772B,中信高評級公司債,6,0,6,華南永昌-潮州,2023-02-10,9328
3231,緯創,6,0,6,華南永昌-潮州,2023-02-10,9328
5907,大洋-KY,6,0,6,華南永昌-潮州,2023-02-10,9328
2344,華邦電,11,5,6,華南永昌-潮州,2023-02-10,9328
00712,復華富時不動產,6,0,6,華南永昌-潮州,2023-02-10,9328
2353,宏��,5,0,5,華南永昌-潮州,2023-02-10,9328
6505,台塑化,5,0,5,華南永昌-潮州,2023-02-10,9328
1513,中興電,7,2,5,華南永昌-潮州,2023-02-10,9328
2359,所羅門,5,0,5,華南永昌-潮州,2023-02-10,9328
3014,聯陽,10,5,5,華南永昌-潮州,2023-02-10,9328
3019,亞光,5,0,5,華南永昌-潮州,2023-02-10,9328
3454,晶睿,5,0,5,華南永昌-潮州,2023-02-10,9328
5258,虹堡,58,53,5,華南永昌-潮州,2023-02-10,9328
6712,長聖,5,0,5,華南永昌-潮州,2023-02-10,9328
8215,明基材,5,0,5,華南永昌-潮州,2023-02-10,9328
00679B,元大美債20年,5,0,5,華南永昌-潮州,2023-02-10,9328
2929,淘帝-KY,5,1,4,華南永昌-潮州,2023-02-10,9328
00878,國泰永續高股息,137,7,130,華南永昌-潮州,2023-02-13,9328
00720B,元大投資級公司債,106,0,106,華南永昌-潮州,2023-02-13,9328
1447,力鵬,100,2,98,華南永昌-潮州,2023-02-13,9328
6235,華孚,69,17,52,華南永昌-潮州,2023-02-13,9328
2409,友達,43,0,43,華南永昌-潮州,2023-02-13,9328
2634,漢翔,46,11,35,華南永昌-潮州,2023-02-13,9328
00900,富邦特選高股息30,33,0,33,華南永昌-潮州,2023-02-13,9328
2603,長榮,32,4,28,華南永昌-潮州,2023-02-13,9328
00673R,期元大S＆P原油反1,21,0,21,華南永昌-潮州,2023-02-13,9328
2867,三商壽,20,0,20,華南永昌-潮州,2023-02-13,9328
2609,陽明,29,13,16,華南永昌-潮州,2023-02-13,9328
4133,亞諾法,16,0,16,華南永昌-潮州,2023-02-13,9328
00632R,元大台灣50反1,15,0,15,華南永昌-潮州,2023-02-13,9328
00725B,國泰投資級公司債,15,0,15,華南永昌-潮州,2023-02-13,9328
2888,新光金,15,0,15,華南永昌-潮州,2023-02-13,9328
3704,合勤控,67,53,14,華南永昌-潮州,2023-02-13,9328
00893,國泰智能電動車,17,5,12,華南永昌-潮州,2023-02-13,9328
00650L,復華香港正2,12,1,11,華南永昌-潮州,2023-02-13,9328
3580,友威科,10,0,10,華南永昌-潮州,2023-02-13,9328
5536,聖暉*,10,0,10,華南永昌-潮州,2023-02-13,9328
6142,友勁,10,0,10,華南永昌-潮州,2023-02-13,9328
2495,普安,8,0,8,華南永昌-潮州,2023-02-13,9328
6116,彩晶,8,0,8,華南永昌-潮州,2023-02-13,9328
00772B,中信高評級公司債,7,0,7,華南永昌-潮州,2023-02-13,9328
8033,雷虎,17,10,7,華南永昌-潮州,2023-02-13,9328
1524,耿鼎,10,3,7,華南永昌-潮州,2023-02-13,9328
2344,華邦電,9,2,7,華南永昌-潮州,2023-02-13,9328
2618,長榮航,13,6,7,華南永昌-潮州,2023-02-13,9328
6233,旺玖,7,0,7,華南永昌-潮州,2023-02-13,9328
2303,聯電,17,10,7,華南永昌-潮州,2023-02-13,9328
1519,華城,13,7,6,華南永昌-潮州,2023-02-13,9328
1810,和成,6,0,6,華南永昌-潮州,2023-02-13,9328
1909,榮成,6,0,6,華南永昌-潮州,2023-02-13,9328
3481,群創,23,17,6,華南永昌-潮州,2023-02-13,9328
6547,高端疫苗,7,1,6,華南永昌-潮州,2023-02-13,9328
2615,萬海,19,14,5,華南永昌-潮州,2023-02-13,9328
2337,旺宏,5,0,5,華南永昌-潮州,2023-02-13,9328
2484,希華,5,0,5,華南永昌-潮州,2023-02-13,9328
2606,裕民,5,0,5,華南永昌-潮州,2023-02-13,9328
2851,中再保,5,0,5,華南永昌-潮州,2023-02-13,9328
3105,穩懋,7,2,5,華南永昌-潮州,2023-02-13,9328
3149,正達,5,0,5,華南永昌-潮州,2023-02-13,9328
3706,神達,5,0,5,華南永昌-潮州,2023-02-13,9328
3710,連展投控,5,0,5,華南永昌-潮州,2023-02-13,9328
6215,和椿,5,0,5,華南永昌-潮州,2023-02-13,9328
6217,中探針,5,0,5,華南永昌-潮州,2023-02-13,9328
6244,茂迪,5,0,5,華南永昌-潮州,2023-02-13,9328
00795B,中信美國公債20年,4,0,4,華南永昌-潮州,2023-02-13,9328
1605,華新,8,4,4,華南永昌-潮州,2023-02-13,9328
2034,允強,5,1,4,華南永昌-潮州,2023-02-13,9328
00632R,元大台灣50反1,395,0,395,華南永昌-潮州,2023-02-14,9328
00673R,期元大S＆P原油反1,72,0,72,華南永昌-潮州,2023-02-14,9328
2610,華航,46,17,29,華南永昌-潮州,2023-02-14,9328
1605,華新,30,3,27,華南永昌-潮州,2023-02-14,9328
2344,華邦電,28,5,23,華南永昌-潮州,2023-02-14,9328
8069,元太,28,5,23,華南永昌-潮州,2023-02-14,9328
3704,合勤控,23,3,20,華南永昌-潮州,2023-02-14,9328
2885,元大金,17,0,17,華南永昌-潮州,2023-02-14,9328
00631L,元大台灣50正2,14,0,14,華南永昌-潮州,2023-02-14,9328
00720B,元大投資級公司債,12,0,12,華南永昌-潮州,2023-02-14,9328
8222,寶一,15,3,12,華南永昌-潮州,2023-02-14,9328
2486,一詮,11,0,11,華南永昌-潮州,2023-02-14,9328
2498,宏達電,15,5,10,華南永昌-潮州,2023-02-14,9328
3094,聯傑,10,0,10,華南永昌-潮州,2023-02-14,9328
4536,拓凱,10,0,10,華南永昌-潮州,2023-02-14,9328
6180,橘子,11,1,10,華南永昌-潮州,2023-02-14,9328
6465,威潤,10,0,10,華南永昌-潮州,2023-02-14,9328
6669,緯穎,13,3,10,華南永昌-潮州,2023-02-14,9328
4906,正文,9,0,9,華南永昌-潮州,2023-02-14,9328
2338,光罩,20,12,8,華南永昌-潮州,2023-02-14,9328
1440,南紡,8,0,8,華南永昌-潮州,2023-02-14,9328
2388,威盛,11,3,8,華南永昌-潮州,2023-02-14,9328
4541,晟田,8,0,8,華南永昌-潮州,2023-02-14,9328
4743,合一,7,0,7,華南永昌-潮州,2023-02-14,9328
5258,虹堡,37,31,6,華南永昌-潮州,2023-02-14,9328
3710,連展投控,6,0,6,華南永昌-潮州,2023-02-14,9328
2883,凱基金,7,1,6,華南永昌-潮州,2023-02-14,9328
4979,華星光,9,4,5,華南永昌-潮州,2023-02-14,9328
2884,玉山金,5,0,5,華南永昌-潮州,2023-02-14,9328
00881,國泰台灣5G+,5,0,5,華南永昌-潮州,2023-02-14,9328
00665L,富邦�琤肭磪囓�2,5,0,5,華南永昌-潮州,2023-02-14,9328
2701,萬企,5,0,5,華南永昌-潮州,2023-02-14,9328
2845,遠東銀,5,0,5,華南永昌-潮州,2023-02-14,9328
3019,亞光,5,0,5,華南永昌-潮州,2023-02-14,9328
3128,昇銳,10,5,5,華南永昌-潮州,2023-02-14,9328
4503,金雨,5,0,5,華南永昌-潮州,2023-02-14,9328
5478,智冠,5,0,5,華南永昌-潮州,2023-02-14,9328
6118,建達,5,0,5,華南永昌-潮州,2023-02-14,9328
6231,系微,8,3,5,華南永昌-潮州,2023-02-14,9328
8215,明基材,5,0,5,華南永昌-潮州,2023-02-14,9328
5475,德宏,5,0,5,華南永昌-潮州,2023-02-14,9328
2615,萬海,5,1,4,華南永昌-潮州,2023-02-14,9328
3479,安勤,33,29,4,華南永昌-潮州,2023-02-14,9328
4129,聯合,4,0,4,華南永昌-潮州,2023-02-14,9328
6509,聚和,5,1,4,華南永昌-潮州,2023-02-14,9328
6547,高端疫苗,4,0,4,華南永昌-潮州,2023-02-14,9328
8409,商之器,4,0,4,華南永昌-潮州,2023-02-14,9328
3017,奇鋐,4,0,4,華南永昌-潮州,2023-02-14,9328
1701,中化,4,1,3,華南永昌-潮州,2023-02-14,9328
1708,東鹼,6,3,3,華南永昌-潮州,2023-02-14,9328
4114,健喬,100,0,100,華南永昌-潮州,2023-02-15,9328
00878,國泰永續高股息,114,20,94,華南永昌-潮州,2023-02-15,9328
00665L,富邦�琤肭磪囓�2,75,0,75,華南永昌-潮州,2023-02-15,9328
2882,國泰金,64,0,64,華南永昌-潮州,2023-02-15,9328
6282,康舒,35,0,35,華南永昌-潮州,2023-02-15,9328
5425,台半,34,0,34,華南永昌-潮州,2023-02-15,9328
2312,金寶,30,0,30,華南永昌-潮州,2023-02-15,9328
4979,華星光,33,3,30,華南永昌-潮州,2023-02-15,9328
00632R,元大台灣50反1,53,24,29,華南永昌-潮州,2023-02-15,9328
3511,矽瑪,27,0,27,華南永昌-潮州,2023-02-15,9328
3221,台嘉碩,26,0,26,華南永昌-潮州,2023-02-15,9328
6285,啟��,21,0,21,華南永昌-潮州,2023-02-15,9328
8933,愛地雅,20,0,20,華南永昌-潮州,2023-02-15,9328
00900,富邦特選高股息30,17,0,17,華南永昌-潮州,2023-02-15,9328
2609,陽明,20,3,17,華南永昌-潮州,2023-02-15,9328
2014,中鴻,33,17,16,華南永昌-潮州,2023-02-15,9328
2486,一詮,15,0,15,華南永昌-潮州,2023-02-15,9328
8069,元太,17,2,15,華南永昌-潮州,2023-02-15,9328
2634,漢翔,13,0,13,華南永昌-潮州,2023-02-15,9328
00650L,復華香港正2,17,5,12,華南永昌-潮州,2023-02-15,9328
00907,永豐優息存股,11,0,11,華南永昌-潮州,2023-02-15,9328
00905,FT臺灣Smart,12,1,11,華南永昌-潮州,2023-02-15,9328
4130,健亞,11,0,11,華南永昌-潮州,2023-02-15,9328
00706L,期元大S＆P日圓正2,10,0,10,華南永昌-潮州,2023-02-15,9328
2030,彰源,10,0,10,華南永昌-潮州,2023-02-15,9328
3078,僑威,10,0,10,華南永昌-潮州,2023-02-15,9328
6278,台表科,10,0,10,華南永昌-潮州,2023-02-15,9328
6505,台塑化,10,0,10,華南永昌-潮州,2023-02-15,9328
6104,創惟,10,1,9,華南永昌-潮州,2023-02-15,9328
6167,久正,9,0,9,華南永昌-潮州,2023-02-15,9328
2330,台積電,13,5,8,華南永昌-潮州,2023-02-15,9328
00888,永豐台灣ESG,7,0,7,華南永昌-潮州,2023-02-15,9328
00713,元大台灣高息低波,6,0,6,華南永昌-潮州,2023-02-15,9328
3710,連展投控,6,0,6,華南永昌-潮州,2023-02-15,9328
00679B,元大美債20年,6,0,6,華南永昌-潮州,2023-02-15,9328
2367,燿華,8,2,6,華南永昌-潮州,2023-02-15,9328
4743,合一,8,2,6,華南永昌-潮州,2023-02-15,9328
6180,橘子,6,0,6,華南永昌-潮州,2023-02-15,9328
8255,朋程,7,1,6,華南永昌-潮州,2023-02-15,9328
2603,長榮,7,2,5,華南永昌-潮州,2023-02-15,9328
00881,國泰台灣5G+,6,1,5,華南永昌-潮州,2023-02-15,9328
1301,台塑,5,0,5,華南永昌-潮州,2023-02-15,9328
2484,希華,5,0,5,華南永昌-潮州,2023-02-15,9328
2888B,新光金乙特,5,0,5,華南永昌-潮州,2023-02-15,9328
6101,寬魚國際,5,0,5,華南永昌-潮州,2023-02-15,9328
6142,友勁,5,0,5,華南永昌-潮州,2023-02-15,9328
6712,長聖,10,5,5,華南永昌-潮州,2023-02-15,9328
8028,昇陽半導體,5,0,5,華南永昌-潮州,2023-02-15,9328
8358,金居,5,0,5,華南永昌-潮州,2023-02-15,9328
1453,大將,4,0,4,華南永昌-潮州,2023-02-15,9328
00632R,元大台灣50反1,518,4,514,華南永昌-潮州,2023-02-16,9328
2328,廣宇,255,4,251,華南永昌-潮州,2023-02-16,9328
2498,宏達電,112,2,110,華南永昌-潮州,2023-02-16,9328
2206,三陽工業,105,4,101,華南永昌-潮州,2023-02-16,9328
00878,國泰永續高股息,105,13,92,華南永昌-潮州,2023-02-16,9328
1447,力鵬,50,1,49,華南永昌-潮州,2023-02-16,9328
00664R,國泰臺灣加權反1,40,0,40,華南永昌-潮州,2023-02-16,9328
00751B,元大AAA至A公司債,31,0,31,華南永昌-潮州,2023-02-16,9328
00679B,元大美債20年,20,0,20,華南永昌-潮州,2023-02-16,9328
4904,遠傳,20,0,20,華南永昌-潮州,2023-02-16,9328
6005,群益證,18,0,18,華南永昌-潮州,2023-02-16,9328
6231,系微,29,12,17,華南永昌-潮州,2023-02-16,9328
1784,訊聯,16,0,16,華南永昌-潮州,2023-02-16,9328
8421,旭源,16,0,16,華南永昌-潮州,2023-02-16,9328
3443,創意,14,1,13,華南永昌-潮州,2023-02-16,9328
00885,富邦越南,11,0,11,華南永昌-潮州,2023-02-16,9328
3682,亞太電,10,0,10,華南永昌-潮州,2023-02-16,9328
1218,泰山,10,0,10,華南永昌-潮州,2023-02-16,9328
00706L,期元大S＆P日圓正2,10,0,10,華南永昌-潮州,2023-02-16,9328
3288,點晶,10,0,10,華南永昌-潮州,2023-02-16,9328
6547,高端疫苗,10,0,10,華南永昌-潮州,2023-02-16,9328
6651,全宇昕,10,0,10,華南永昌-潮州,2023-02-16,9328
1513,中興電,25,16,9,華南永昌-潮州,2023-02-16,9328
2454,聯發科,10,2,8,華南永昌-潮州,2023-02-16,9328
2332,友訊,10,2,8,華南永昌-潮州,2023-02-16,9328
3189,景碩,8,0,8,華南永昌-潮州,2023-02-16,9328
8183,精星,8,0,8,華南永昌-潮州,2023-02-16,9328
2337,旺宏,9,2,7,華南永昌-潮州,2023-02-16,9328
1453,大將,7,0,7,華南永昌-潮州,2023-02-16,9328
2486,一詮,7,0,7,華南永昌-潮州,2023-02-16,9328
2883,凱基金,8,1,7,華南永昌-潮州,2023-02-16,9328
2891,中信金,7,0,7,華南永昌-潮州,2023-02-16,9328
00673R,期元大S＆P原油反1,6,0,6,華南永昌-潮州,2023-02-16,9328
2399,映泰,6,0,6,華南永昌-潮州,2023-02-16,9328
1409,新纖,5,0,5,華南永昌-潮州,2023-02-16,9328
2739,寒舍,5,0,5,華南永昌-潮州,2023-02-16,9328
3265,台星科,5,0,5,華南永昌-潮州,2023-02-16,9328
4714,永捷,5,0,5,華南永昌-潮州,2023-02-16,9328
4915,致伸,5,0,5,華南永昌-潮州,2023-02-16,9328
5443,均豪,5,0,5,華南永昌-潮州,2023-02-16,9328
6205,詮欣,5,0,5,華南永昌-潮州,2023-02-16,9328
2371,大同,4,0,4,華南永昌-潮州,2023-02-16,9328
3037,欣興,7,3,4,華南永昌-潮州,2023-02-16,9328
00789B,復華公司債A3,4,0,4,華南永昌-潮州,2023-02-16,9328
2449,京元電子,4,0,4,華南永昌-潮州,2023-02-16,9328
2615,萬海,9,5,4,華南永昌-潮州,2023-02-16,9328
3029,零壹,4,0,4,華南永昌-潮州,2023-02-16,9328
3035,智原,12,8,4,華南永昌-潮州,2023-02-16,9328
4931,新盛力,4,0,4,華南永昌-潮州,2023-02-16,9328
6167,久正,4,0,4,華南永昌-潮州,2023-02-16,9328
8261,富鼎,89,1,88,華南永昌-潮州,2023-02-17,9328
3481,群創,172,100,72,華南永昌-潮州,2023-02-17,9328
4536,拓凱,70,6,64,華南永昌-潮州,2023-02-17,9328
2618,長榮航,84,21,63,華南永昌-潮州,2023-02-17,9328
00665L,富邦�琤肭磪囓�2,52,0,52,華南永昌-潮州,2023-02-17,9328
2206,三陽工業,102,51,51,華南永昌-潮州,2023-02-17,9328
00878,國泰永續高股息,49,2,47,華南永昌-潮州,2023-02-17,9328
0056,元大高股息,33,0,33,華南永昌-潮州,2023-02-17,9328
3035,智原,26,5,21,華南永昌-潮州,2023-02-17,9328
2603,長榮,20,0,20,華南永昌-潮州,2023-02-17,9328
8222,寶一,59,39,20,華南永昌-潮州,2023-02-17,9328
2484,希華,21,2,19,華南永昌-潮州,2023-02-17,9328
8069,元太,21,6,15,華南永昌-潮州,2023-02-17,9328
2884,玉山金,15,1,14,華南永昌-潮州,2023-02-17,9328
2027,大成鋼,16,3,13,華南永昌-潮州,2023-02-17,9328
00637L,元大滬深300正2,12,1,11,華南永昌-潮州,2023-02-17,9328
2609,陽明,12,1,11,華南永昌-潮州,2023-02-17,9328
2344,華邦電,76,66,10,華南永昌-潮州,2023-02-17,9328
00706L,期元大S＆P日圓正2,10,0,10,華南永昌-潮州,2023-02-17,9328
00675L,富邦臺灣加權正2,10,0,10,華南永昌-潮州,2023-02-17,9328
1784,訊聯,10,0,10,華南永昌-潮州,2023-02-17,9328
2489,瑞軒,13,3,10,華南永昌-潮州,2023-02-17,9328
3711,日月光投控,10,0,10,華南永昌-潮州,2023-02-17,9328
3715,定穎投控,10,0,10,華南永昌-潮州,2023-02-17,9328
6547,高端疫苗,33,23,10,華南永昌-潮州,2023-02-17,9328
3209,全科,12,2,10,華南永昌-潮州,2023-02-17,9328
00900,富邦特選高股息30,9,0,9,華南永昌-潮州,2023-02-17,9328
1701,中化,9,0,9,華南永昌-潮州,2023-02-17,9328
2201,裕隆,14,5,9,華南永昌-潮州,2023-02-17,9328
6187,萬潤,11,2,9,華南永昌-潮州,2023-02-17,9328
00631L,元大台灣50正2,8,0,8,華南永昌-潮州,2023-02-17,9328
2734,易飛網,9,1,8,華南永昌-潮州,2023-02-17,9328
4979,華星光,12,4,8,華南永昌-潮州,2023-02-17,9328
8358,金居,13,5,8,華南永昌-潮州,2023-02-17,9328
00881,國泰台灣5G+,7,0,7,華南永昌-潮州,2023-02-17,9328
2329,華泰,14,7,7,華南永昌-潮州,2023-02-17,9328
2610,華航,61,54,7,華南永昌-潮州,2023-02-17,9328
6109,亞元,7,0,7,華南永昌-潮州,2023-02-17,9328
6443,元晶,7,0,7,華南永昌-潮州,2023-02-17,9328
8038,長園科,7,0,7,華南永昌-潮州,2023-02-17,9328
2330,台積電,10,3,7,華南永昌-潮州,2023-02-17,9328
6116,彩晶,13,6,7,華南永昌-潮州,2023-02-17,9328
3022,威強電,11,5,6,華南永昌-潮州,2023-02-17,9328
00679B,元大美債20年,11,5,6,華南永昌-潮州,2023-02-17,9328
8227,巨有科技,7,1,6,華南永昌-潮州,2023-02-17,9328
00713,元大台灣高息低波,5,0,5,華南永昌-潮州,2023-02-17,9328
2303,聯電,12,7,5,華南永昌-潮州,2023-02-17,9328
2376,技嘉,5,0,5,華南永昌-潮州,2023-02-17,9328
3390,旭軟,5,0,5,華南永昌-潮州,2023-02-17,9328
3706,神達,5,0,5,華南永昌-潮州,2023-02-17,9328
2014,中鴻,79,9,70,華南永昌-潮州,2023-02-20,9328
8261,富鼎,52,0,52,華南永昌-潮州,2023-02-20,9328
1810,和成,38,2,36,華南永昌-潮州,2023-02-20,9328
2739,寒舍,31,0,31,華南永昌-潮州,2023-02-20,9328
00751B,元大AAA至A公司債,30,0,30,華南永昌-潮州,2023-02-20,9328
6116,彩晶,38,10,28,華南永昌-潮州,2023-02-20,9328
2206,三陽工業,27,0,27,華南永昌-潮州,2023-02-20,9328
5512,力麒,24,0,24,華南永昌-潮州,2023-02-20,9328
6109,亞元,50,27,23,華南永昌-潮州,2023-02-20,9328
00665L,富邦�琤肭磪囓�2,22,0,22,華南永昌-潮州,2023-02-20,9328
2317,鴻海,24,2,22,華南永昌-潮州,2023-02-20,9328
2027,大成鋼,27,6,21,華南永昌-潮州,2023-02-20,9328
00715L,期街口布蘭特正2,19,0,19,華南永昌-潮州,2023-02-20,9328
6411,晶焱,40,23,17,華南永昌-潮州,2023-02-20,9328
8358,金居,17,1,16,華南永昌-潮州,2023-02-20,9328
00902,中信電池及儲能,15,0,15,華南永昌-潮州,2023-02-20,9328
1503,士電,17,5,12,華南永昌-潮州,2023-02-20,9328
4133,亞諾法,12,0,12,華南永昌-潮州,2023-02-20,9328
4743,合一,12,2,10,華南永昌-潮州,2023-02-20,9328
00642U,期元大S＆P石油,10,0,10,華南永昌-潮州,2023-02-20,9328
00753L,中信中國50正2,10,0,10,華南永昌-潮州,2023-02-20,9328
2349,錸德,10,0,10,華南永昌-潮州,2023-02-20,9328
3526,凡甲,10,0,10,華南永昌-潮州,2023-02-20,9328
3682,亞太電,10,0,10,華南永昌-潮州,2023-02-20,9328
3710,連展投控,20,10,10,華南永昌-潮州,2023-02-20,9328
4533,協易機,10,0,10,華南永昌-潮州,2023-02-20,9328
8933,愛地雅,10,0,10,華南永昌-潮州,2023-02-20,9328
00893,國泰智能電動車,10,1,9,華南永昌-潮州,2023-02-20,9328
1734,杏輝,9,0,9,華南永昌-潮州,2023-02-20,9328
4526,東台,19,10,9,華南永昌-潮州,2023-02-20,9328
6217,中探針,17,8,9,華南永昌-潮州,2023-02-20,9328
2376,技嘉,7,0,7,華南永昌-潮州,2023-02-20,9328
2201,裕隆,10,3,7,華南永昌-潮州,2023-02-20,9328
0056,元大高股息,7,1,6,華南永昌-潮州,2023-02-20,9328
1522,堤維西,6,0,6,華南永昌-潮州,2023-02-20,9328
2461,光群雷,6,0,6,華南永昌-潮州,2023-02-20,9328
6282,康舒,10,4,6,華南永昌-潮州,2023-02-20,9328
1303,南亞,5,0,5,華南永昌-潮州,2023-02-20,9328
2314,台揚,6,1,5,華南永昌-潮州,2023-02-20,9328
2375,凱美,9,4,5,華南永昌-潮州,2023-02-20,9328
2489,瑞軒,5,0,5,華南永昌-潮州,2023-02-20,9328
2883B,凱基金乙特,5,0,5,華南永昌-潮州,2023-02-20,9328
3454,晶睿,5,0,5,華南永昌-潮州,2023-02-20,9328
8940,新天地,5,0,5,華南永昌-潮州,2023-02-20,9328
2634,漢翔,9,5,4,華南永昌-潮州,2023-02-20,9328
6643,M31,10,6,4,華南永昌-潮州,2023-02-20,9328
1737,臺鹽,4,0,4,華南永昌-潮州,2023-02-20,9328
1809,中釉,4,0,4,華南永昌-潮州,2023-02-20,9328
2484,希華,6,2,4,華南永昌-潮州,2023-02-20,9328
2731,雄獅,7,3,4,華南永昌-潮州,2023-02-20,9328
3481,群創,125,30,95,華南永昌-潮州,2023-02-21,9328
2206,三陽工業,135,43,92,華南永昌-潮州,2023-02-21,9328
2618,長榮航,85,1,84,華南永昌-潮州,2023-02-21,9328
2885,元大金,65,9,56,華南永昌-潮州,2023-02-21,9328
00878,國泰永續高股息,38,0,38,華南永昌-潮州,2023-02-21,9328
2344,華邦電,40,8,32,華南永昌-潮州,2023-02-21,9328
1103,嘉泥,31,0,31,華南永昌-潮州,2023-02-21,9328
8222,寶一,30,1,29,華南永昌-潮州,2023-02-21,9328
1540,喬福,28,0,28,華南永昌-潮州,2023-02-21,9328
4155,訊映,28,0,28,華南永昌-潮州,2023-02-21,9328
1513,中興電,45,20,25,華南永昌-潮州,2023-02-21,9328
8054,安國,22,0,22,華南永昌-潮州,2023-02-21,9328
1584,精剛,29,8,21,華南永昌-潮州,2023-02-21,9328
3682,亞太電,20,0,20,華南永昌-潮州,2023-02-21,9328
8261,富鼎,18,0,18,華南永昌-潮州,2023-02-21,9328
2457,飛宏,41,24,17,華南永昌-潮州,2023-02-21,9328
3576,聯合再生,27,10,17,華南永昌-潮州,2023-02-21,9328
2230,泰茂,20,4,16,華南永昌-潮州,2023-02-21,9328
2465,麗臺,17,1,16,華南永昌-潮州,2023-02-21,9328
2376,技嘉,15,0,15,華南永昌-潮州,2023-02-21,9328
2634,漢翔,24,11,13,華南永昌-潮州,2023-02-21,9328
2014,中鴻,22,9,13,華南永昌-潮州,2023-02-21,9328
00665L,富邦�琤肭磪囓�2,12,0,12,華南永昌-潮州,2023-02-21,9328
2906,高林,11,0,11,華南永昌-潮州,2023-02-21,9328
3499,環天科,11,0,11,華南永昌-潮州,2023-02-21,9328
8358,金居,12,1,11,華南永昌-潮州,2023-02-21,9328
5521,工信,10,0,10,華南永昌-潮州,2023-02-21,9328
5907,大洋-KY,10,0,10,華南永昌-潮州,2023-02-21,9328
6109,亞元,10,0,10,華南永昌-潮州,2023-02-21,9328
6541,泰福-KY,11,1,10,華南永昌-潮州,2023-02-21,9328
6118,建達,11,1,10,華南永昌-潮州,2023-02-21,9328
00905,FT臺灣Smart,9,0,9,華南永昌-潮州,2023-02-21,9328
00706L,期元大S＆P日圓正2,9,0,9,華南永昌-潮州,2023-02-21,9328
5475,德宏,10,1,9,華南永昌-潮州,2023-02-21,9328
2498,宏達電,15,7,8,華南永昌-潮州,2023-02-21,9328
00725B,國泰投資級公司債,8,0,8,華南永昌-潮州,2023-02-21,9328
1529,樂事綠能,15,7,8,華南永昌-潮州,2023-02-21,9328
2748,雲品,18,10,8,華南永昌-潮州,2023-02-21,9328
2882,國泰金,10,2,8,華南永昌-潮州,2023-02-21,9328
2409,友達,17,10,7,華南永昌-潮州,2023-02-21,9328
4968,立積,14,7,7,華南永昌-潮州,2023-02-21,9328
1609,大亞,10,3,7,華南永昌-潮州,2023-02-21,9328
4564,元翎,12,5,7,華南永昌-潮州,2023-02-21,9328
4960,誠美材,27,20,7,華南永昌-潮州,2023-02-21,9328
2883,凱基金,14,7,7,華南永昌-潮州,2023-02-21,9328
2867,三商壽,17,10,7,華南永昌-潮州,2023-02-21,9328
8171,天宇,12,6,6,華南永昌-潮州,2023-02-21,9328
00632R,元大台灣50反1,6,0,6,華南永昌-潮州,2023-02-21,9328
00751B,元大AAA至A公司債,6,0,6,華南永昌-潮州,2023-02-21,9328
1437,勤益控,6,0,6,華南永昌-潮州,2023-02-21,9328
00878,國泰永續高股息,112,4,108,華南永昌-潮州,2023-02-22,9328
8936,國統,104,41,63,華南永昌-潮州,2023-02-22,9328
4119,旭富,61,2,59,華南永昌-潮州,2023-02-22,9328
5706,鳳凰,53,0,53,華南永昌-潮州,2023-02-22,9328
00632R,元大台灣50反1,50,0,50,華南永昌-潮州,2023-02-22,9328
8033,雷虎,56,8,48,華南永昌-潮州,2023-02-22,9328
0056,元大高股息,54,6,48,華南永昌-潮州,2023-02-22,9328
1609,大亞,48,2,46,華南永昌-潮州,2023-02-22,9328
4979,華星光,37,2,35,華南永昌-潮州,2023-02-22,9328
2618,長榮航,30,0,30,華南永昌-潮州,2023-02-22,9328
2610,華航,43,18,25,華南永昌-潮州,2023-02-22,9328
2882,國泰金,23,0,23,華南永昌-潮州,2023-02-22,9328
3029,零壹,36,13,23,華南永昌-潮州,2023-02-22,9328
2303,聯電,30,9,21,華南永昌-潮州,2023-02-22,9328
3037,欣興,22,1,21,華南永昌-潮州,2023-02-22,9328
3035,智原,34,14,20,華南永昌-潮州,2023-02-22,9328
4557,永新-KY,20,0,20,華南永昌-潮州,2023-02-22,9328
1802,台玻,19,0,19,華南永昌-潮州,2023-02-22,9328
1810,和成,20,2,18,華南永昌-潮州,2023-02-22,9328
2436,偉詮電,18,1,17,華南永昌-潮州,2023-02-22,9328
00898,國泰基因免疫革命,15,0,15,華南永昌-潮州,2023-02-22,9328
2201,裕隆,17,2,15,華南永昌-潮州,2023-02-22,9328
5425,台半,18,3,15,華南永昌-潮州,2023-02-22,9328
2884,玉山金,20,6,14,華南永昌-潮州,2023-02-22,9328
6223,旺矽,14,0,14,華南永昌-潮州,2023-02-22,9328
2883,凱基金,17,3,14,華南永昌-潮州,2023-02-22,9328
00679B,元大美債20年,13,0,13,華南永昌-潮州,2023-02-22,9328
00713,元大台灣高息低波,13,0,13,華南永昌-潮州,2023-02-22,9328
00725B,國泰投資級公司債,13,0,13,華南永昌-潮州,2023-02-22,9328
3673,TPK-KY,13,0,13,華南永昌-潮州,2023-02-22,9328
4536,拓凱,80,67,13,華南永昌-潮州,2023-02-22,9328
8097,常珵,13,0,13,華南永昌-潮州,2023-02-22,9328
00751B,元大AAA至A公司債,12,0,12,華南永昌-潮州,2023-02-22,9328
8069,元太,15,3,12,華南永昌-潮州,2023-02-22,9328
8358,金居,14,3,11,華南永昌-潮州,2023-02-22,9328
8222,寶一,13,2,11,華南永昌-潮州,2023-02-22,9328
2230,泰茂,15,4,11,華南永昌-潮州,2023-02-22,9328
1319,東陽,11,0,11,華南永昌-潮州,2023-02-22,9328
6770,力積電,11,0,11,華南永昌-潮州,2023-02-22,9328
1519,華城,22,11,11,華南永昌-潮州,2023-02-22,9328
5512,力麒,12,1,11,華南永昌-潮州,2023-02-22,9328
00712,復華富時不動產,10,0,10,華南永昌-潮州,2023-02-22,9328
00905,FT臺灣Smart,10,0,10,華南永昌-潮州,2023-02-22,9328
00665L,富邦�琤肭磪囓�2,50,40,10,華南永昌-潮州,2023-02-22,9328
00637L,元大滬深300正2,11,1,10,華南永昌-潮州,2023-02-22,9328
00893,國泰智能電動車,11,1,10,華南永昌-潮州,2023-02-22,9328
2376,技嘉,10,0,10,華南永昌-潮州,2023-02-22,9328
2745,五福,10,0,10,華南永昌-潮州,2023-02-22,9328
3013,晟銘電,10,0,10,華南永昌-潮州,2023-02-22,9328
3701,大眾控,10,0,10,華南永昌-潮州,2023-02-22,9328
8916,光隆,101,1,100,華南永昌-潮州,2023-02-23,9328
3029,零壹,68,1,67,華南永昌-潮州,2023-02-23,9328
00642U,期元大S＆P石油,60,0,60,華南永昌-潮州,2023-02-23,9328
5009,榮剛,60,0,60,華南永昌-潮州,2023-02-23,9328
2883,凱基金,55,1,54,華南永昌-潮州,2023-02-23,9328
00632R,元大台灣50反1,42,0,42,華南永昌-潮州,2023-02-23,9328
3481,群創,46,8,38,華南永昌-潮州,2023-02-23,9328
2618,長榮航,38,3,35,華南永昌-潮州,2023-02-23,9328
2610,華航,37,5,32,華南永昌-潮州,2023-02-23,9328
1467,南緯,30,0,30,華南永昌-潮州,2023-02-23,9328
1314,中石化,34,5,29,華南永昌-潮州,2023-02-23,9328
2344,華邦電,32,5,27,華南永昌-潮州,2023-02-23,9328
2641,正德,28,3,25,華南永昌-潮州,2023-02-23,9328
2634,漢翔,21,1,20,華南永昌-潮州,2023-02-23,9328
00665L,富邦�琤肭磪囓�2,40,20,20,華南永昌-潮州,2023-02-23,9328
1444,力麗,20,0,20,華南永昌-潮州,2023-02-23,9328
2888,新光金,20,0,20,華南永昌-潮州,2023-02-23,9328
00715L,期街口布蘭特正2,18,0,18,華南永昌-潮州,2023-02-23,9328
2409,友達,37,19,18,華南永昌-潮州,2023-02-23,9328
6116,彩晶,28,12,16,華南永昌-潮州,2023-02-23,9328
6282,康舒,26,10,16,華南永昌-潮州,2023-02-23,9328
00650L,復華香港正2,15,0,15,華南永昌-潮州,2023-02-23,9328
2337,旺宏,21,6,15,華南永昌-潮州,2023-02-23,9328
3037,欣興,21,8,13,華南永昌-潮州,2023-02-23,9328
8936,國統,16,3,13,華南永昌-潮州,2023-02-23,9328
2845,遠東銀,12,0,12,華南永昌-潮州,2023-02-23,9328
3673,TPK-KY,19,7,12,華南永昌-潮州,2023-02-23,9328
00885,富邦越南,11,0,11,華南永昌-潮州,2023-02-23,9328
1305,華夏,11,0,11,華南永昌-潮州,2023-02-23,9328
00637L,元大滬深300正2,23,12,11,華南永昌-潮州,2023-02-23,9328
00725B,國泰投資級公司債,11,0,11,華南永昌-潮州,2023-02-23,9328
4919,新唐,14,3,11,華南永昌-潮州,2023-02-23,9328
2882,國泰金,11,1,10,華南永昌-潮州,2023-02-23,9328
3380,明泰,13,3,10,華南永昌-潮州,2023-02-23,9328
3587,閎康,10,0,10,華南永昌-潮州,2023-02-23,9328
3712,永崴投控,10,0,10,華南永昌-潮州,2023-02-23,9328
6239,力成,10,0,10,華南永昌-潮州,2023-02-23,9328
6505,台塑化,20,10,10,華南永昌-潮州,2023-02-23,9328
8215,明基材,10,0,10,華南永昌-潮州,2023-02-23,9328
4960,誠美材,10,0,10,華南永昌-潮州,2023-02-23,9328
2002,中鋼,15,5,10,華南永昌-潮州,2023-02-23,9328
8358,金居,12,3,9,華南永昌-潮州,2023-02-23,9328
00905,FT臺灣Smart,10,2,8,華南永昌-潮州,2023-02-23,9328
1409,新纖,8,0,8,華南永昌-潮州,2023-02-23,9328
00772B,中信高評級公司債,7,0,7,華南永昌-潮州,2023-02-23,9328
00770,國泰北美科技,7,0,7,華南永昌-潮州,2023-02-23,9328
00712,復華富時不動產,6,0,6,華南永昌-潮州,2023-02-23,9328
1432,大魯閣,9,3,6,華南永昌-潮州,2023-02-23,9328
1796,金穎生技,6,0,6,華南永昌-潮州,2023-02-23,9328
2705,六福,82,76,6,華南永昌-潮州,2023-02-23,9328
6285,啟��,93,2,91,華南永昌-潮州,2023-02-24,9328
2736,富野,81,4,77,華南永昌-潮州,2023-02-24,9328
2014,中鴻,49,12,37,華南永昌-潮州,2023-02-24,9328
00878,國泰永續高股息,36,2,34,華南永昌-潮州,2023-02-24,9328
5512,力麒,40,9,31,華南永昌-潮州,2023-02-24,9328
3006,晶豪科,32,2,30,華南永昌-潮州,2023-02-24,9328
6104,創惟,27,0,27,華南永昌-潮州,2023-02-24,9328
00882,中信中國高股息,26,0,26,華南永昌-潮州,2023-02-24,9328
3037,欣興,30,7,23,華南永昌-潮州,2023-02-24,9328
00650L,復華香港正2,28,5,23,華南永昌-潮州,2023-02-24,9328
00665L,富邦�琤肭磪囓�2,52,30,22,華南永昌-潮州,2023-02-24,9328
8358,金居,21,0,21,華南永昌-潮州,2023-02-24,9328
2883,凱基金,44,23,21,華南永昌-潮州,2023-02-24,9328
00725B,國泰投資級公司債,19,0,19,華南永昌-潮州,2023-02-24,9328
00885,富邦越南,19,0,19,華南永昌-潮州,2023-02-24,9328
4904,遠傳,20,1,19,華南永昌-潮州,2023-02-24,9328
1802,台玻,18,0,18,華南永昌-潮州,2023-02-24,9328
2338,光罩,18,0,18,華南永昌-潮州,2023-02-24,9328
1101,台泥,19,3,16,華南永昌-潮州,2023-02-24,9328
2002,中鋼,17,1,16,華南永昌-潮州,2023-02-24,9328
6770,力積電,15,0,15,華南永昌-潮州,2023-02-24,9328
00905,FT臺灣Smart,13,0,13,華南永昌-潮州,2023-02-24,9328
1432,大魯閣,13,0,13,華南永昌-潮州,2023-02-24,9328
2611,志信,38,25,13,華南永昌-潮州,2023-02-24,9328
6266,泰詠,13,0,13,華南永昌-潮州,2023-02-24,9328
2615,萬海,16,4,12,華南永昌-潮州,2023-02-24,9328
00753L,中信中國50正2,12,0,12,華南永昌-潮州,2023-02-24,9328
2303,聯電,18,6,12,華南永昌-潮州,2023-02-24,9328
2886,兆豐金,11,0,11,華南永昌-潮州,2023-02-24,9328
1219,福壽,11,0,11,華南永昌-潮州,2023-02-24,9328
4130,健亞,12,1,11,華南永昌-潮州,2023-02-24,9328
8049,晶采,11,0,11,華南永昌-潮州,2023-02-24,9328
2887,台新金,10,0,10,華南永昌-潮州,2023-02-24,9328
2610,華航,12,2,10,華南永昌-潮州,2023-02-24,9328
3556,禾瑞亞,10,0,10,華南永昌-潮州,2023-02-24,9328
00633L,富邦上証正2,10,0,10,華南永昌-潮州,2023-02-24,9328
00892,富邦台灣半導體,10,0,10,華南永昌-潮州,2023-02-24,9328
2617,台航,11,1,10,華南永昌-潮州,2023-02-24,9328
2748,雲品,15,5,10,華南永昌-潮州,2023-02-24,9328
3380,明泰,11,1,10,華南永昌-潮州,2023-02-24,9328
3587,閎康,10,0,10,華南永昌-潮州,2023-02-24,9328
4536,拓凱,10,0,10,華南永昌-潮州,2023-02-24,9328
5011,久陽,10,0,10,華南永昌-潮州,2023-02-24,9328
8420,明揚,10,0,10,華南永昌-潮州,2023-02-24,9328
8440,綠電,10,0,10,華南永昌-潮州,2023-02-24,9328
2317,鴻海,10,0,10,華南永昌-潮州,2023-02-24,9328
3481,群創,41,31,10,華南永昌-潮州,2023-02-24,9328
00904,新光臺灣半導體30,10,1,9,華南永昌-潮州,2023-02-24,9328
2745,五福,9,0,9,華南永昌-潮州,2023-02-24,9328
1514,亞力,25,17,8,華南永昌-潮州,2023-02-24,9328
2618,長榮航,84,3,81,華南永昌-潮州,2023-03-01,9328
1605,華新,88,13,75,華南永昌-潮州,2023-03-01,9328
00878,國泰永續高股息,67,8,59,華南永昌-潮州,2023-03-01,9328
4536,拓凱,41,1,40,華南永昌-潮州,2023-03-01,9328
2601,益航,53,24,29,華南永昌-潮州,2023-03-01,9328
2498,宏達電,29,2,27,華南永昌-潮州,2023-03-01,9328
0056,元大高股息,27,0,27,華南永昌-潮州,2023-03-01,9328
3596,智易,25,0,25,華南永昌-潮州,2023-03-01,9328
2014,中鴻,223,201,22,華南永昌-潮州,2023-03-01,9328
8936,國統,22,0,22,華南永昌-潮州,2023-03-01,9328
2368,金像電,20,0,20,華南永昌-潮州,2023-03-01,9328
3027,盛達,23,3,20,華南永昌-潮州,2023-03-01,9328
2882,國泰金,25,6,19,華南永昌-潮州,2023-03-01,9328
00885,富邦越南,19,0,19,華南永昌-潮州,2023-03-01,9328
2610,華航,17,1,16,華南永昌-潮州,2023-03-01,9328
2367,燿華,15,0,15,華南永昌-潮州,2023-03-01,9328
00753L,中信中國50正2,15,0,15,華南永昌-潮州,2023-03-01,9328
3006,晶豪科,14,0,14,華南永昌-潮州,2023-03-01,9328
2344,華邦電,54,41,13,華南永昌-潮州,2023-03-01,9328
2412,中華電,13,0,13,華南永昌-潮州,2023-03-01,9328
2883,凱基金,13,0,13,華南永昌-潮州,2023-03-01,9328
3128,昇銳,12,0,12,華南永昌-潮州,2023-03-01,9328
5464,霖宏,14,2,12,華南永昌-潮州,2023-03-01,9328
1101,台泥,13,2,11,華南永昌-潮州,2023-03-01,9328
00680L,元大美債20正2,11,0,11,華南永昌-潮州,2023-03-01,9328
2308,台達電,10,0,10,華南永昌-潮州,2023-03-01,9328
00673R,期元大S＆P原油反1,10,0,10,華南永昌-潮州,2023-03-01,9328
2025,千興,10,0,10,華南永昌-潮州,2023-03-01,9328
6231,系微,10,0,10,華南永昌-潮州,2023-03-01,9328
1608,華榮,9,0,9,華南永昌-潮州,2023-03-01,9328
2884,玉山金,15,7,8,華南永昌-潮州,2023-03-01,9328
00670L,富邦NASDAQ正2,8,0,8,華南永昌-潮州,2023-03-01,9328
6282,康舒,14,6,8,華南永昌-潮州,2023-03-01,9328
8028,昇陽半導體,10,2,8,華南永昌-潮州,2023-03-01,9328
8222,寶一,10,2,8,華南永昌-潮州,2023-03-01,9328
1905,華紙,10,3,7,華南永昌-潮州,2023-03-01,9328
1210,大成,8,1,7,華南永昌-潮州,2023-03-01,9328
00882,中信中國高股息,9,2,7,華南永昌-潮州,2023-03-01,9328
4915,致伸,7,0,7,華南永昌-潮州,2023-03-01,9328
1219,福壽,48,41,7,華南永昌-潮州,2023-03-01,9328
2611,志信,15,8,7,華南永昌-潮州,2023-03-01,9328
6116,彩晶,8,1,7,華南永昌-潮州,2023-03-01,9328
6167,久正,7,0,7,華南永昌-潮州,2023-03-01,9328
2881,富邦金,6,0,6,華南永昌-潮州,2023-03-01,9328
5880,合庫金,6,0,6,華南永昌-潮州,2023-03-01,9328
00706L,期元大S＆P日圓正2,6,0,6,華南永昌-潮州,2023-03-01,9328
2388,威盛,23,17,6,華南永昌-潮州,2023-03-01,9328
2891,中信金,6,0,6,華南永昌-潮州,2023-03-01,9328
3029,零壹,13,7,6,華南永昌-潮州,2023-03-01,9328
00720B,元大投資級公司債,5,0,5,華南永昌-潮州,2023-03-01,9328
00632R,元大台灣50反1,450,0,450,華南永昌-潮州,2023-03-02,9328
00878,國泰永續高股息,97,1,96,華南永昌-潮州,2023-03-02,9328
00712,復華富時不動產,43,0,43,華南永昌-潮州,2023-03-02,9328
2303,聯電,36,1,35,華南永昌-潮州,2023-03-02,9328
3236,千如,36,2,34,華南永昌-潮州,2023-03-02,9328
1605,華新,74,43,31,華南永昌-潮州,2023-03-02,9328
2605,新興,52,22,30,華南永昌-潮州,2023-03-02,9328
00753L,中信中國50正2,25,0,25,華南永昌-潮州,2023-03-02,9328
2618,長榮航,23,0,23,華南永昌-潮州,2023-03-02,9328
2409,友達,25,6,19,華南永昌-潮州,2023-03-02,9328
00679B,元大美債20年,18,0,18,華南永昌-潮州,2023-03-02,9328
8112,至上,20,2,18,華南永昌-潮州,2023-03-02,9328
2641,正德,221,204,17,華南永昌-潮州,2023-03-02,9328
00680L,元大美債20正2,16,0,16,華南永昌-潮州,2023-03-02,9328
2886,兆豐金,21,6,15,華南永昌-潮州,2023-03-02,9328
2892,第一金,15,0,15,華南永昌-潮州,2023-03-02,9328
6231,系微,15,0,15,華南永昌-潮州,2023-03-02,9328
3481,群創,25,12,13,華南永昌-潮州,2023-03-02,9328
00907,永豐優息存股,12,0,12,華南永昌-潮州,2023-03-02,9328
00893,國泰智能電動車,12,1,11,華南永昌-潮州,2023-03-02,9328
00897,富邦基因免疫生技,10,0,10,華南永昌-潮州,2023-03-02,9328
1802,台玻,10,0,10,華南永昌-潮州,2023-03-02,9328
3105,穩懋,10,0,10,華南永昌-潮州,2023-03-02,9328
00725B,國泰投資級公司債,9,0,9,華南永昌-潮州,2023-03-02,9328
2722,夏都,9,0,9,華南永昌-潮州,2023-03-02,9328
6288,聯嘉,9,0,9,華南永昌-潮州,2023-03-02,9328
2201,裕隆,12,3,9,華南永昌-潮州,2023-03-02,9328
00720B,元大投資級公司債,8,0,8,華南永昌-潮州,2023-03-02,9328
3035,智原,10,2,8,華南永昌-潮州,2023-03-02,9328
6015,宏遠證,8,0,8,華南永昌-潮州,2023-03-02,9328
8277,商丞,10,2,8,華南永昌-潮州,2023-03-02,9328
00881,國泰台灣5G+,7,0,7,華南永昌-潮州,2023-03-02,9328
5608,四維航,13,6,7,華南永昌-潮州,2023-03-02,9328
2880,華南金,7,0,7,華南永昌-潮州,2023-03-02,9328
00772B,中信高評級公司債,6,0,6,華南永昌-潮州,2023-03-02,9328
4167,松瑞藥,11,5,6,華南永昌-潮州,2023-03-02,9328
4915,致伸,25,19,6,華南永昌-潮州,2023-03-02,9328
4943,康控-KY,6,0,6,華南永昌-潮州,2023-03-02,9328
8289,泰藝,7,1,6,華南永昌-潮州,2023-03-02,9328
6578,達邦蛋白,8,2,6,華南永昌-潮州,2023-03-02,9328
4979,華星光,6,0,6,華南永昌-潮州,2023-03-02,9328
00706L,期元大S＆P日圓正2,5,0,5,華南永昌-潮州,2023-03-02,9328
1538,正峰,5,0,5,華南永昌-潮州,2023-03-02,9328
2388,威盛,17,12,5,華南永昌-潮州,2023-03-02,9328
2834,臺企銀,7,2,5,華南永昌-潮州,2023-03-02,9328
3710,連展投控,11,6,5,華南永昌-潮州,2023-03-02,9328
1513,中興電,31,26,5,華南永昌-潮州,2023-03-02,9328
2891,中信金,4,0,4,華南永昌-潮州,2023-03-02,9328
2337,旺宏,5,1,4,華南永昌-潮州,2023-03-02,9328
2406,國碩,4,0,4,華南永昌-潮州,2023-03-02,9328
6116,彩晶,1822,32,1790,華南永昌-潮州,2023-03-03,9328
2641,正德,157,14,143,華南永昌-潮州,2023-03-03,9328
00885,富邦越南,142,1,141,華南永昌-潮州,2023-03-03,9328
3481,群創,176,73,103,華南永昌-潮州,2023-03-03,9328
2637,慧洋-KY,55,3,52,華南永昌-潮州,2023-03-03,9328
2344,華邦電,99,52,47,華南永昌-潮州,2023-03-03,9328
00878,國泰永續高股息,40,5,35,華南永昌-潮州,2023-03-03,9328
00632R,元大台灣50反1,32,0,32,華南永昌-潮州,2023-03-03,9328
2340,台亞,28,0,28,華南永昌-潮州,2023-03-03,9328
6282,康舒,31,4,27,華南永昌-潮州,2023-03-03,9328
2601,益航,33,8,25,華南永昌-潮州,2023-03-03,9328
2002,中鋼,25,2,23,華南永昌-潮州,2023-03-03,9328
4119,旭富,21,2,19,華南永昌-潮州,2023-03-03,9328
5410,國眾,19,3,16,華南永昌-潮州,2023-03-03,9328
4967,十銓,16,1,15,華南永昌-潮州,2023-03-03,9328
3558,神準,20,7,13,華南永昌-潮州,2023-03-03,9328
00650L,復華香港正2,11,0,11,華南永昌-潮州,2023-03-03,9328
1605,華新,22,11,11,華南永昌-潮州,2023-03-03,9328
00753L,中信中國50正2,10,0,10,華南永昌-潮州,2023-03-03,9328
1524,耿鼎,10,0,10,華南永昌-潮州,2023-03-03,9328
2371,大同,10,0,10,華南永昌-潮州,2023-03-03,9328
8033,雷虎,16,6,10,華南永昌-潮州,2023-03-03,9328
2845,遠東銀,9,0,9,華南永昌-潮州,2023-03-03,9328
1560,中砂,10,1,9,華南永昌-潮州,2023-03-03,9328
2332,友訊,13,4,9,華南永昌-潮州,2023-03-03,9328
2457,飛宏,20,11,9,華南永昌-潮州,2023-03-03,9328
4114,健喬,10,1,9,華南永昌-潮州,2023-03-03,9328
1217,愛之味,10,2,8,華南永昌-潮州,2023-03-03,9328
2313,華通,12,4,8,華南永昌-潮州,2023-03-03,9328
2495,普安,13,5,8,華南永昌-潮州,2023-03-03,9328
1219,福壽,21,14,7,華南永昌-潮州,2023-03-03,9328
2413,環科,8,1,7,華南永昌-潮州,2023-03-03,9328
2891,中信金,7,0,7,華南永昌-潮州,2023-03-03,9328
5706,鳳凰,7,0,7,華南永昌-潮州,2023-03-03,9328
2375,凱美,10,3,7,華南永昌-潮州,2023-03-03,9328
00900,富邦特選高股息30,8,1,7,華南永昌-潮州,2023-03-03,9328
00637L,元大滬深300正2,6,0,6,華南永昌-潮州,2023-03-03,9328
1514,亞力,10,4,6,華南永昌-潮州,2023-03-03,9328
2312,金寶,10,4,6,華南永昌-潮州,2023-03-03,9328
2419,仲琦,7,1,6,華南永昌-潮州,2023-03-03,9328
2892,第一金,6,0,6,華南永昌-潮州,2023-03-03,9328
3013,晟銘電,6,0,6,華南永昌-潮州,2023-03-03,9328
3017,奇鋐,6,0,6,華南永昌-潮州,2023-03-03,9328
5225,東科-KY,6,0,6,華南永昌-潮州,2023-03-03,9328
6235,華孚,42,36,6,華南永昌-潮州,2023-03-03,9328
6279,胡連,6,0,6,華南永昌-潮州,2023-03-03,9328
6770,力積電,10,4,6,華南永昌-潮州,2023-03-03,9328
00679B,元大美債20年,6,0,6,華南永昌-潮州,2023-03-03,9328
00888,永豐台灣ESG,5,0,5,華南永昌-潮州,2023-03-03,9328
00673R,期元大S＆P原油反1,5,0,5,華南永昌-潮州,2023-03-03,9328
2344,華邦電,1027,16,1011,華南永昌-潮州,2023-03-06,9328
3049,精金,200,0,200,華南永昌-潮州,2023-03-06,9328
2002,中鋼,105,3,102,華南永昌-潮州,2023-03-06,9328
00673R,期元大S＆P原油反1,54,0,54,華南永昌-潮州,2023-03-06,9328
6770,力積電,81,35,46,華南永昌-潮州,2023-03-06,9328
4953,緯軟,41,0,41,華南永昌-潮州,2023-03-06,9328
8924,大田,42,1,41,華南永昌-潮州,2023-03-06,9328
00637L,元大滬深300正2,35,0,35,華南永昌-潮州,2023-03-06,9328
2402,毅嘉,37,2,35,華南永昌-潮州,2023-03-06,9328
00753L,中信中國50正2,23,0,23,華南永昌-潮州,2023-03-06,9328
2607,榮運,22,0,22,華南永昌-潮州,2023-03-06,9328
2363,矽統,20,0,20,華南永昌-潮州,2023-03-06,9328
1783,和康生,22,3,19,華南永昌-潮州,2023-03-06,9328
2413,環科,20,1,19,華南永昌-潮州,2023-03-06,9328
3479,安勤,22,3,19,華南永昌-潮州,2023-03-06,9328
2486,一詮,18,0,18,華南永昌-潮州,2023-03-06,9328
1210,大成,16,0,16,華南永昌-潮州,2023-03-06,9328
2891,中信金,16,0,16,華南永昌-潮州,2023-03-06,9328
1701,中化,16,1,15,華南永昌-潮州,2023-03-06,9328
2736,富野,14,0,14,華南永昌-潮州,2023-03-06,9328
2609,陽明,22,9,13,華南永昌-潮州,2023-03-06,9328
8112,至上,13,0,13,華南永昌-潮州,2023-03-06,9328
2376,技嘉,11,0,11,華南永昌-潮州,2023-03-06,9328
2617,台航,12,1,11,華南永昌-潮州,2023-03-06,9328
00633L,富邦上証正2,10,0,10,華南永昌-潮州,2023-03-06,9328
00900,富邦特選高股息30,10,0,10,華南永昌-潮州,2023-03-06,9328
2812,台中銀,10,0,10,華南永昌-潮州,2023-03-06,9328
3209,全科,10,0,10,華南永昌-潮州,2023-03-06,9328
5202,力新,20,10,10,華南永昌-潮州,2023-03-06,9328
5351,鈺創,10,0,10,華南永昌-潮州,2023-03-06,9328
5426,振發,10,0,10,華南永昌-潮州,2023-03-06,9328
3027,盛達,10,0,10,華南永昌-潮州,2023-03-06,9328
4743,合一,31,22,9,華南永昌-潮州,2023-03-06,9328
1560,中砂,12,3,9,華南永昌-潮州,2023-03-06,9328
00714,群益道瓊美國地產,9,0,9,華南永昌-潮州,2023-03-06,9328
2634,漢翔,13,4,9,華南永昌-潮州,2023-03-06,9328
2883,凱基金,12,4,8,華南永昌-潮州,2023-03-06,9328
2324,仁寶,10,2,8,華南永昌-潮州,2023-03-06,9328
3189,景碩,13,5,8,華南永昌-潮州,2023-03-06,9328
6168,宏齊,8,0,8,華南永昌-潮州,2023-03-06,9328
00712,復華富時不動產,7,0,7,華南永昌-潮州,2023-03-06,9328
2887,台新金,7,0,7,華南永昌-潮州,2023-03-06,9328
2886,兆豐金,7,1,6,華南永昌-潮州,2023-03-06,9328
2618,長榮航,9,3,6,華南永昌-潮州,2023-03-06,9328
00882,中信中國高股息,7,1,6,華南永昌-潮州,2023-03-06,9328
2208,台船,9,3,6,華南永昌-潮州,2023-03-06,9328
2436,偉詮電,6,0,6,華南永昌-潮州,2023-03-06,9328
3702,大聯大,6,0,6,華南永昌-潮州,2023-03-06,9328
6112,邁達特,7,1,6,華南永昌-潮州,2023-03-06,9328
6411,晶焱,14,8,6,華南永昌-潮州,2023-03-06,9328
8111,立��,203,11,192,華南永昌-潮州,2023-03-07,9328
2880,華南金,151,3,148,華南永昌-潮州,2023-03-07,9328
00632R,元大台灣50反1,92,0,92,華南永昌-潮州,2023-03-07,9328
00878,國泰永續高股息,77,1,76,華南永昌-潮州,2023-03-07,9328
2371,大同,73,3,70,華南永昌-潮州,2023-03-07,9328
4915,致伸,71,2,69,華南永昌-潮州,2023-03-07,9328
2405,輔信,59,5,54,華南永昌-潮州,2023-03-07,9328
2637,慧洋-KY,54,1,53,華南永昌-潮州,2023-03-07,9328
6285,啟��,53,2,51,華南永昌-潮州,2023-03-07,9328
00673R,期元大S＆P原油反1,44,0,44,華南永昌-潮州,2023-03-07,9328
2002,中鋼,61,18,43,華南永昌-潮州,2023-03-07,9328
1540,喬福,41,0,41,華南永昌-潮州,2023-03-07,9328
2641,正德,33,5,28,華南永昌-潮州,2023-03-07,9328
1723,中碳,25,0,25,華南永昌-潮州,2023-03-07,9328
2812,台中銀,23,1,22,華南永昌-潮州,2023-03-07,9328
1101,台泥,25,4,21,華南永昌-潮州,2023-03-07,9328
2607,榮運,21,0,21,華南永昌-潮州,2023-03-07,9328
3236,千如,20,0,20,華南永昌-潮州,2023-03-07,9328
5475,德宏,20,1,19,華南永昌-潮州,2023-03-07,9328
6282,康舒,23,5,18,華南永昌-潮州,2023-03-07,9328
00885,富邦越南,16,0,16,華南永昌-潮州,2023-03-07,9328
3481,群創,32,17,15,華南永昌-潮州,2023-03-07,9328
2354,鴻準,14,0,14,華南永昌-潮州,2023-03-07,9328
00706L,期元大S＆P日圓正2,13,0,13,華南永昌-潮州,2023-03-07,9328
1718,中纖,20,7,13,華南永昌-潮州,2023-03-07,9328
00679B,元大美債20年,13,0,13,華南永昌-潮州,2023-03-07,9328
2605,新興,13,1,12,華南永昌-潮州,2023-03-07,9328
2413,環科,12,0,12,華南永昌-潮州,2023-03-07,9328
3596,智易,12,1,11,華南永昌-潮州,2023-03-07,9328
8033,雷虎,12,1,11,華南永昌-潮州,2023-03-07,9328
00753L,中信中國50正2,10,0,10,華南永昌-潮州,2023-03-07,9328
2367,燿華,12,2,10,華南永昌-潮州,2023-03-07,9328
2612,中航,10,0,10,華南永昌-潮州,2023-03-07,9328
3013,晟銘電,44,34,10,華南永昌-潮州,2023-03-07,9328
6470,宇智,10,0,10,華南永昌-潮州,2023-03-07,9328
1513,中興電,27,17,10,華南永昌-潮州,2023-03-07,9328
2722,夏都,27,18,9,華南永昌-潮州,2023-03-07,9328
6443,元晶,14,5,9,華南永昌-潮州,2023-03-07,9328
3037,欣興,9,1,8,華南永昌-潮州,2023-03-07,9328
00900,富邦特選高股息30,9,1,8,華南永昌-潮州,2023-03-07,9328
3019,亞光,9,1,8,華南永昌-潮州,2023-03-07,9328
3576,聯合再生,8,0,8,華南永昌-潮州,2023-03-07,9328
2891,中信金,8,0,8,華南永昌-潮州,2023-03-07,9328
2344,華邦電,14,7,7,華南永昌-潮州,2023-03-07,9328
3038,全台,7,0,7,華南永昌-潮州,2023-03-07,9328
6668,中揚光,7,0,7,華南永昌-潮州,2023-03-07,9328
2409,友達,22,15,7,華南永昌-潮州,2023-03-07,9328
4743,合一,25,18,7,華南永昌-潮州,2023-03-07,9328
1453,大將,6,0,6,華南永昌-潮州,2023-03-07,9328
1460,宏遠,6,0,6,華南永昌-潮州,2023-03-07,9328
00713,元大台灣高息低波,77,0,77,華南永昌-潮州,2023-03-08,9328
00753L,中信中國50正2,75,0,75,華南永昌-潮州,2023-03-08,9328
6129,普誠,100,27,73,華南永昌-潮州,2023-03-08,9328
00665L,富邦�琤肭磪囓�2,70,0,70,華南永昌-潮州,2023-03-08,9328
4953,緯軟,54,4,50,華南永昌-潮州,2023-03-08,9328
00882,中信中國高股息,48,0,48,華南永昌-潮州,2023-03-08,9328
2889,國票金,50,6,44,華南永昌-潮州,2023-03-08,9328
00878,國泰永續高股息,54,13,41,華南永昌-潮州,2023-03-08,9328
4126,太醫,35,0,35,華南永昌-潮州,2023-03-08,9328
5880,合庫金,29,0,29,華南永昌-潮州,2023-03-08,9328
1460,宏遠,30,6,24,華南永昌-潮州,2023-03-08,9328
00712,復華富時不動產,23,0,23,華南永昌-潮州,2023-03-08,9328
6603,富強鑫,20,0,20,華南永昌-潮州,2023-03-08,9328
00715L,期街口布蘭特正2,19,0,19,華南永昌-潮州,2023-03-08,9328
0056,元大高股息,20,2,18,華南永昌-潮州,2023-03-08,9328
1718,中纖,22,4,18,華南永昌-潮州,2023-03-08,9328
8033,雷虎,18,2,16,華南永昌-潮州,2023-03-08,9328
2354,鴻準,16,0,16,華南永昌-潮州,2023-03-08,9328
9904,寶成,15,0,15,華南永昌-潮州,2023-03-08,9328
3356,奇偶,15,0,15,華南永昌-潮州,2023-03-08,9328
1514,亞力,19,5,14,華南永昌-潮州,2023-03-08,9328
6235,華孚,22,8,14,華南永昌-潮州,2023-03-08,9328
2610,華航,14,1,13,華南永昌-潮州,2023-03-08,9328
2002,中鋼,16,4,12,華南永昌-潮州,2023-03-08,9328
00919,群益台灣精選高息,12,0,12,華南永昌-潮州,2023-03-08,9328
5009,榮剛,35,23,12,華南永昌-潮州,2023-03-08,9328
00633L,富邦上証正2,11,0,11,華南永昌-潮州,2023-03-08,9328
1504,東元,17,6,11,華南永昌-潮州,2023-03-08,9328
4746,台耀,13,2,11,華南永昌-潮州,2023-03-08,9328
2609,陽明,16,6,10,華南永昌-潮州,2023-03-08,9328
2882,國泰金,11,1,10,華南永昌-潮州,2023-03-08,9328
2201,裕隆,11,1,10,華南永昌-潮州,2023-03-08,9328
00642U,期元大S＆P石油,10,0,10,華南永昌-潮州,2023-03-08,9328
1325,恆大,10,0,10,華南永昌-潮州,2023-03-08,9328
1717,長興,10,0,10,華南永昌-潮州,2023-03-08,9328
2376,技嘉,10,0,10,華南永昌-潮州,2023-03-08,9328
2606,裕民,10,0,10,華南永昌-潮州,2023-03-08,9328
2890,永豐金,10,0,10,華南永昌-潮州,2023-03-08,9328
2891,中信金,10,0,10,華南永昌-潮州,2023-03-08,9328
3265,台星科,11,1,10,華南永昌-潮州,2023-03-08,9328
3339,泰谷,10,0,10,華南永昌-潮州,2023-03-08,9328
5243,乙盛-KY,10,0,10,華南永昌-潮州,2023-03-08,9328
6414,樺漢,10,0,10,華南永昌-潮州,2023-03-08,9328
2603,長榮,18,9,9,華南永昌-潮州,2023-03-08,9328
2449,京元電子,20,11,9,華南永昌-潮州,2023-03-08,9328
00893,國泰智能電動車,10,1,9,華南永昌-潮州,2023-03-08,9328
00650L,復華香港正2,9,0,9,華南永昌-潮州,2023-03-08,9328
3454,晶睿,14,5,9,華南永昌-潮州,2023-03-08,9328
5608,四維航,10,1,9,華南永昌-潮州,2023-03-08,9328
8171,天宇,9,0,9,華南永昌-潮州,2023-03-08,9328
00637L,元大滬深300正2,112,0,112,華南永昌-潮州,2023-03-09,9328
2002,中鋼,95,3,92,華南永昌-潮州,2023-03-09,9328
00878,國泰永續高股息,94,4,90,華南永昌-潮州,2023-03-09,9328
00632R,元大台灣50反1,83,0,83,華南永昌-潮州,2023-03-09,9328
00665L,富邦�琤肭磪囓�2,113,60,53,華南永昌-潮州,2023-03-09,9328
2484,希華,33,0,33,華南永昌-潮州,2023-03-09,9328
2886,兆豐金,31,2,29,華南永昌-潮州,2023-03-09,9328
6282,康舒,37,9,28,華南永昌-潮州,2023-03-09,9328
2347,聯強,27,0,27,華南永昌-潮州,2023-03-09,9328
2344,華邦電,38,12,26,華南永昌-潮州,2023-03-09,9328
2368,金像電,29,3,26,華南永昌-潮州,2023-03-09,9328
1718,中纖,39,14,25,華南永昌-潮州,2023-03-09,9328
8936,國統,26,1,25,華南永昌-潮州,2023-03-09,9328
1609,大亞,34,10,24,華南永昌-潮州,2023-03-09,9328
2409,友達,26,2,24,華南永昌-潮州,2023-03-09,9328
2421,建準,23,0,23,華南永昌-潮州,2023-03-09,9328
8222,寶一,34,11,23,華南永昌-潮州,2023-03-09,9328
3576,聯合再生,21,0,21,華南永昌-潮州,2023-03-09,9328
2317,鴻海,17,0,17,華南永昌-潮州,2023-03-09,9328
6285,啟��,21,4,17,華南永昌-潮州,2023-03-09,9328
1101,台泥,104,87,17,華南永昌-潮州,2023-03-09,9328
2497,怡利電,18,1,17,華南永昌-潮州,2023-03-09,9328
6245,立端,20,4,16,華南永昌-潮州,2023-03-09,9328
2461,光群雷,15,0,15,華南永昌-潮州,2023-03-09,9328
1605,華新,24,9,15,華南永昌-潮州,2023-03-09,9328
6266,泰詠,15,0,15,華南永昌-潮州,2023-03-09,9328
2834,臺企銀,19,6,13,華南永昌-潮州,2023-03-09,9328
1519,華城,17,5,12,華南永昌-潮州,2023-03-09,9328
3005,神基,12,0,12,華南永昌-潮州,2023-03-09,9328
6679,鈺太,12,0,12,華南永昌-潮州,2023-03-09,9328
2880,華南金,11,0,11,華南永昌-潮州,2023-03-09,9328
00720B,元大投資級公司債,11,0,11,華南永昌-潮州,2023-03-09,9328
3046,建��,18,7,11,華南永昌-潮州,2023-03-09,9328
00753L,中信中國50正2,10,0,10,華南永昌-潮州,2023-03-09,9328
00679B,元大美債20年,10,0,10,華南永昌-潮州,2023-03-09,9328
2867,三商壽,10,0,10,華南永昌-潮州,2023-03-09,9328
3013,晟銘電,11,1,10,華南永昌-潮州,2023-03-09,9328
5011,久陽,10,0,10,華南永昌-潮州,2023-03-09,9328
6223,旺矽,10,0,10,華南永昌-潮州,2023-03-09,9328
6547,高端疫苗,14,4,10,華南永昌-潮州,2023-03-09,9328
00712,復華富時不動產,17,7,10,華南永昌-潮州,2023-03-09,9328
2498,宏達電,25,16,9,華南永昌-潮州,2023-03-09,9328
3290,東浦,9,0,9,華南永昌-潮州,2023-03-09,9328
2883,凱基金,9,0,9,華南永昌-潮州,2023-03-09,9328
2609,陽明,12,4,8,華南永昌-潮州,2023-03-09,9328
2375,凱美,12,4,8,華南永昌-潮州,2023-03-09,9328
2489,瑞軒,8,0,8,華南永昌-潮州,2023-03-09,9328
3702,大聯大,8,0,8,華南永昌-潮州,2023-03-09,9328
6182,合晶,10,2,8,華南永昌-潮州,2023-03-09,9328
6470,宇智,22,14,8,華南永昌-潮州,2023-03-09,9328
2606,裕民,130,2,128,華南永昌-潮州,2023-03-10,9328
00878,國泰永續高股息,129,1,128,華南永昌-潮州,2023-03-10,9328
2618,長榮航,127,15,112,華南永昌-潮州,2023-03-10,9328
2014,中鴻,111,13,98,華南永昌-潮州,2023-03-10,9328
6605,帝寶,101,13,88,華南永昌-潮州,2023-03-10,9328
8046,南電,102,20,82,華南永昌-潮州,2023-03-10,9328
2330,台積電,72,4,68,華南永昌-潮州,2023-03-10,9328
6116,彩晶,75,8,67,華南永昌-潮州,2023-03-10,9328
0056,元大高股息,68,5,63,華南永昌-潮州,2023-03-10,9328
3231,緯創,60,1,59,華南永昌-潮州,2023-03-10,9328
2880,華南金,58,0,58,華南永昌-潮州,2023-03-10,9328
00753L,中信中國50正2,50,0,50,華南永昌-潮州,2023-03-10,9328
2610,華航,54,6,48,華南永昌-潮州,2023-03-10,9328
3419,譁裕,40,0,40,華南永昌-潮州,2023-03-10,9328
2609,陽明,136,99,37,華南永昌-潮州,2023-03-10,9328
3092,鴻碩,35,0,35,華南永昌-潮州,2023-03-10,9328
00712,復華富時不動產,35,0,35,華南永昌-潮州,2023-03-10,9328
3444,利機,31,1,30,華南永昌-潮州,2023-03-10,9328
2834,臺企銀,65,36,29,華南永昌-潮州,2023-03-10,9328
2344,華邦電,39,14,25,華南永昌-潮州,2023-03-10,9328
2881,富邦金,25,0,25,華南永昌-潮州,2023-03-10,9328
1802,台玻,32,9,23,華南永昌-潮州,2023-03-10,9328
2002,中鋼,26,4,22,華南永昌-潮州,2023-03-10,9328
6770,力積電,23,0,23,華南永昌-潮州,2023-03-10,9328
3037,欣興,22,0,22,華南永昌-潮州,2023-03-10,9328
00900,富邦特選高股息30,21,0,21,華南永昌-潮州,2023-03-10,9328
2882,國泰金,20,0,20,華南永昌-潮州,2023-03-10,9328
1718,中纖,20,0,20,華南永昌-潮州,2023-03-10,9328
2409,友達,24,4,20,華南永昌-潮州,2023-03-10,9328
2886,兆豐金,20,0,20,華南永昌-潮州,2023-03-10,9328
4747,強生,20,1,19,華南永昌-潮州,2023-03-10,9328
00715L,期街口布蘭特正2,19,0,19,華南永昌-潮州,2023-03-10,9328
2412,中華電,18,0,18,華南永昌-潮州,2023-03-10,9328
9945,潤泰新,17,0,17,華南永昌-潮州,2023-03-10,9328
6167,久正,17,0,17,華南永昌-潮州,2023-03-10,9328
3481,群創,20,4,16,華南永昌-潮州,2023-03-10,9328
8222,寶一,21,5,16,華南永昌-潮州,2023-03-10,9328
6213,聯茂,16,0,16,華南永昌-潮州,2023-03-10,9328
6532,瑞耘,16,0,16,華南永昌-潮州,2023-03-10,9328
2449,京元電子,19,3,16,華南永昌-潮州,2023-03-10,9328
8069,元太,18,2,16,華南永昌-潮州,2023-03-10,9328
8358,金居,15,0,15,華南永昌-潮州,2023-03-10,9328
2413,環科,33,18,15,華南永昌-潮州,2023-03-10,9328
2601,益航,18,4,14,華南永昌-潮州,2023-03-10,9328
00882,中信中國高股息,14,0,14,華南永昌-潮州,2023-03-10,9328
1712,興農,14,0,14,華南永昌-潮州,2023-03-10,9328
2883,凱基金,28,15,13,華南永昌-潮州,2023-03-10,9328
1513,中興電,22,9,13,華南永昌-潮州,2023-03-10,9328
2436,偉詮電,13,0,13,華南永昌-潮州,2023-03-10,9328
2453,凌群,36,24,12,華南永昌-潮州,2023-03-10,9328
00676R,富邦臺灣加權反1,180,0,180,華南永昌-潮州,2023-03-13,9328
00878,國泰永續高股息,145,66,79,華南永昌-潮州,2023-03-13,9328
2634,漢翔,39,4,35,華南永昌-潮州,2023-03-13,9328
2359,所羅門,36,5,31,華南永昌-潮州,2023-03-13,9328
2371,大同,30,0,30,華南永昌-潮州,2023-03-13,9328
2609,陽明,50,22,28,華南永昌-潮州,2023-03-13,9328
1514,亞力,25,2,23,華南永昌-潮州,2023-03-13,9328
2457,飛宏,56,34,22,華南永昌-潮州,2023-03-13,9328
2344,華邦電,23,2,21,華南永昌-潮州,2023-03-13,9328
2312,金寶,20,0,20,華南永昌-潮州,2023-03-13,9328
6109,亞元,20,1,19,華南永昌-潮州,2023-03-13,9328
6235,華孚,58,39,19,華南永昌-潮州,2023-03-13,9328
2413,環科,47,29,18,華南永昌-潮州,2023-03-13,9328
00665L,富邦�琤肭磪囓�2,60,44,16,華南永昌-潮州,2023-03-13,9328
2755,揚秦,15,0,15,華南永昌-潮州,2023-03-13,9328
8112,至上,19,4,15,華南永昌-潮州,2023-03-13,9328
00923,群益台ESG低碳50,14,0,14,華南永昌-潮州,2023-03-13,9328
00673R,期元大S＆P原油反1,13,0,13,華南永昌-潮州,2023-03-13,9328
3712,永崴投控,28,15,13,華南永昌-潮州,2023-03-13,9328
2331,精英,20,8,12,華南永昌-潮州,2023-03-13,9328
2734,易飛網,11,0,11,華南永昌-潮州,2023-03-13,9328
4130,健亞,11,0,11,華南永昌-潮州,2023-03-13,9328
6605,帝寶,12,1,11,華南永昌-潮州,2023-03-13,9328
3046,建��,15,4,11,華南永昌-潮州,2023-03-13,9328
00720B,元大投資級公司債,11,0,11,華南永昌-潮州,2023-03-13,9328
00679B,元大美債20年,10,0,10,華南永昌-潮州,2023-03-13,9328
2489,瑞軒,10,0,10,華南永昌-潮州,2023-03-13,9328
3419,譁裕,10,0,10,華南永昌-潮州,2023-03-13,9328
6167,久正,10,0,10,華南永昌-潮州,2023-03-13,9328
8088,品安,10,0,10,華南永昌-潮州,2023-03-13,9328
5608,四維航,10,0,10,華南永昌-潮州,2023-03-13,9328
3441,聯一光,10,0,10,華南永昌-潮州,2023-03-13,9328
2834,臺企銀,16,7,9,華南永昌-潮州,2023-03-13,9328
3128,昇銳,9,0,9,華南永昌-潮州,2023-03-13,9328
3673,TPK-KY,8,0,8,華南永昌-潮州,2023-03-13,9328
1460,宏遠,8,0,8,華南永昌-潮州,2023-03-13,9328
6733,博晟生醫,8,0,8,華南永昌-潮州,2023-03-13,9328
1611,中電,9,1,8,華南永昌-潮州,2023-03-13,9328
2495,普安,10,3,7,華南永昌-潮州,2023-03-13,9328
2409,友達,11,5,6,華南永昌-潮州,2023-03-13,9328
6231,系微,6,0,6,華南永昌-潮州,2023-03-13,9328
6411,晶焱,6,0,6,華南永昌-潮州,2023-03-13,9328
2357,華碩,6,0,6,華南永昌-潮州,2023-03-13,9328
1609,大亞,6,0,6,華南永昌-潮州,2023-03-13,9328
1605,華新,14,8,6,華南永昌-潮州,2023-03-13,9328
2375,凱美,8,3,5,華南永昌-潮州,2023-03-13,9328
9955,佳龍,5,0,5,華南永昌-潮州,2023-03-13,9328
2382,廣達,6,1,5,華南永昌-潮州,2023-03-13,9328
2892,第一金,5,0,5,華南永昌-潮州,2023-03-13,9328
00882,中信中國高股息,7,2,5,華南永昌-潮州,2023-03-13,9328
2812,台中銀,217,0,217,華南永昌-潮州,2023-03-14,9328
00878,國泰永續高股息,217,5,212,華南永昌-潮州,2023-03-14,9328
4417,金洲,98,0,98,華南永昌-潮州,2023-03-14,9328
2618,長榮航,90,12,78,華南永昌-潮州,2023-03-14,9328
2609,陽明,75,20,55,華南永昌-潮州,2023-03-14,9328
2610,華航,57,3,54,華南永昌-潮州,2023-03-14,9328
2801,彰銀,52,0,52,華南永昌-潮州,2023-03-14,9328
00642U,期元大S＆P石油,50,0,50,華南永昌-潮州,2023-03-14,9328
2880,華南金,44,4,40,華南永昌-潮州,2023-03-14,9328
2303,聯電,39,1,38,華南永昌-潮州,2023-03-14,9328
2834,臺企銀,39,3,36,華南永昌-潮州,2023-03-14,9328
2615,萬海,46,11,35,華南永昌-潮州,2023-03-14,9328
00893,國泰智能電動車,33,0,33,華南永昌-潮州,2023-03-14,9328
5483,中美晶,30,0,30,華南永昌-潮州,2023-03-14,9328
3265,台星科,30,1,29,華南永昌-潮州,2023-03-14,9328
2891,中信金,24,0,24,華南永昌-潮州,2023-03-14,9328
2883,凱基金,23,0,23,華南永昌-潮州,2023-03-14,9328
3037,欣興,22,0,22,華南永昌-潮州,2023-03-14,9328
1605,華新,33,11,22,華南永昌-潮州,2023-03-14,9328
6231,系微,20,0,20,華南永昌-潮州,2023-03-14,9328
4114,健喬,21,1,20,華南永昌-潮州,2023-03-14,9328
3481,群創,23,4,19,華南永昌-潮州,2023-03-14,9328
2884,玉山金,19,0,19,華南永昌-潮州,2023-03-14,9328
00715L,期街口布蘭特正2,17,0,17,華南永昌-潮州,2023-03-14,9328
2338,光罩,18,1,17,華南永昌-潮州,2023-03-14,9328
2376,技嘉,15,0,15,華南永昌-潮州,2023-03-14,9328
2388,威盛,25,10,15,華南永昌-潮州,2023-03-14,9328
2409,友達,17,2,15,華南永昌-潮州,2023-03-14,9328
4155,訊映,15,0,15,華南永昌-潮州,2023-03-14,9328
00712,復華富時不動產,14,0,14,華南永昌-潮州,2023-03-14,9328
1101,台泥,14,0,14,華南永昌-潮州,2023-03-14,9328
00675L,富邦臺灣加權正2,13,0,13,華南永昌-潮州,2023-03-14,9328
2603,長榮,18,6,12,華南永昌-潮州,2023-03-14,9328
00923,群益台ESG低碳50,12,0,12,華南永昌-潮州,2023-03-14,9328
00900,富邦特選高股息30,13,2,11,華南永昌-潮州,2023-03-14,9328
2002,中鋼,11,0,11,華南永昌-潮州,2023-03-14,9328
00772B,中信高評級公司債,11,0,11,華南永昌-潮州,2023-03-14,9328
2031,新光鋼,34,24,10,華南永昌-潮州,2023-03-14,9328
00885,富邦越南,10,0,10,華南永昌-潮州,2023-03-14,9328
1783,和康生,10,0,10,華南永昌-潮州,2023-03-14,9328
2515,中工,10,0,10,華南永昌-潮州,2023-03-14,9328
3419,譁裕,10,0,10,華南永昌-潮州,2023-03-14,9328
6109,亞元,10,0,10,華南永昌-潮州,2023-03-14,9328
3491,昇達科,10,0,10,華南永昌-潮州,2023-03-14,9328
00902,中信電池及儲能,9,0,9,華南永昌-潮州,2023-03-14,9328
2027,大成鋼,23,14,9,華南永昌-潮州,2023-03-14,9328
2887,台新金,9,0,9,華南永昌-潮州,2023-03-14,9328
4543,萬在,8,0,8,華南永昌-潮州,2023-03-14,9328
6143,振曜,8,0,8,華南永昌-潮州,2023-03-14,9328
5880,合庫金,7,0,7,華南永昌-潮州,2023-03-14,9328
00715L,期街口布蘭特正2,138,20,118,華南永昌-潮州,2023-03-15,9328
00878,國泰永續高股息,86,23,63,華南永昌-潮州,2023-03-15,9328
2609,陽明,108,49,59,華南永昌-潮州,2023-03-15,9328
00720B,元大投資級公司債,50,3,47,華南永昌-潮州,2023-03-15,9328
00665L,富邦�琤肭磪囓�2,65,25,40,華南永昌-潮州,2023-03-15,9328
00713,元大台灣高息低波,39,0,39,華南永昌-潮州,2023-03-15,9328
2610,華航,55,21,34,華南永昌-潮州,2023-03-15,9328
3481,群創,34,2,32,華南永昌-潮州,2023-03-15,9328
2881,富邦金,33,2,31,華南永昌-潮州,2023-03-15,9328
6026,福邦證,30,0,30,華南永昌-潮州,2023-03-15,9328
6282,康舒,35,5,30,華南永昌-潮州,2023-03-15,9328
8926,台汽電,30,0,30,華南永昌-潮州,2023-03-15,9328
00712,復華富時不動產,28,0,28,華南永昌-潮州,2023-03-15,9328
2834,臺企銀,28,5,23,華南永昌-潮州,2023-03-15,9328
2867,三商壽,23,0,23,華南永昌-潮州,2023-03-15,9328
2630,亞航,22,0,22,華南永昌-潮州,2023-03-15,9328
2603,長榮,71,50,21,華南永昌-潮州,2023-03-15,9328
2888,新光金,20,0,20,華南永昌-潮州,2023-03-15,9328
00637L,元大滬深300正2,21,1,20,華南永昌-潮州,2023-03-15,9328
2618,長榮航,25,5,20,華南永昌-潮州,2023-03-15,9328
3419,譁裕,20,0,20,華南永昌-潮州,2023-03-15,9328
3576,聯合再生,23,4,19,華南永昌-潮州,2023-03-15,9328
2489,瑞軒,20,1,19,華南永昌-潮州,2023-03-15,9328
6163,華電網,31,12,19,華南永昌-潮州,2023-03-15,9328
1513,中興電,62,44,18,華南永昌-潮州,2023-03-15,9328
2399,映泰,20,2,18,華南永昌-潮州,2023-03-15,9328
1314,中石化,18,0,18,華南永昌-潮州,2023-03-15,9328
2880,華南金,17,0,17,華南永昌-潮州,2023-03-15,9328
2337,旺宏,17,1,16,華南永昌-潮州,2023-03-15,9328
4967,十銓,15,0,15,華南永昌-潮州,2023-03-15,9328
2882,國泰金,14,0,14,華南永昌-潮州,2023-03-15,9328
2614,東森,13,0,13,華南永昌-潮州,2023-03-15,9328
8933,愛地雅,12,0,12,華南永昌-潮州,2023-03-15,9328
2027,大成鋼,82,71,11,華南永昌-潮州,2023-03-15,9328
00897,富邦基因免疫生技,10,0,10,華南永昌-潮州,2023-03-15,9328
2105,正新,10,0,10,華南永昌-潮州,2023-03-15,9328
2302,麗正,10,0,10,華南永昌-潮州,2023-03-15,9328
2453,凌群,19,9,10,華南永昌-潮州,2023-03-15,9328
3078,僑威,10,0,10,華南永昌-潮州,2023-03-15,9328
6411,晶焱,10,0,10,華南永昌-潮州,2023-03-15,9328
2611,志信,12,3,9,華南永昌-潮州,2023-03-15,9328
2887,台新金,9,0,9,華南永昌-潮州,2023-03-15,9328
00679B,元大美債20年,59,50,9,華南永昌-潮州,2023-03-15,9328
2891,中信金,7,0,7,華南永昌-潮州,2023-03-15,9328
2634,漢翔,21,14,7,華南永昌-潮州,2023-03-15,9328
3211,順達,7,0,7,華南永昌-潮州,2023-03-15,9328
6443,元晶,11,4,7,華南永昌-潮州,2023-03-15,9328
6570,維田,8,1,7,華南永昌-潮州,2023-03-15,9328
2889,國票金,18,11,7,華南永昌-潮州,2023-03-15,9328
0056,元大高股息,6,0,6,華南永昌-潮州,2023-03-15,9328
00715L,期街口布蘭特正2,266,10,256,華南永昌-潮州,2023-03-16,9328
00632R,元大台灣50反1,168,19,149,華南永昌-潮州,2023-03-16,9328
00878,國泰永續高股息,119,21,98,華南永昌-潮州,2023-03-16,9328
8261,富鼎,60,2,58,華南永昌-潮州,2023-03-16,9328
2834,臺企銀,216,159,57,華南永昌-潮州,2023-03-16,9328
00713,元大台灣高息低波,46,0,46,華南永昌-潮州,2023-03-16,9328
2883,凱基金,66,22,44,華南永昌-潮州,2023-03-16,9328
3092,鴻碩,35,0,35,華南永昌-潮州,2023-03-16,9328
2891,中信金,35,0,35,華南永昌-潮州,2023-03-16,9328
2880,華南金,32,0,32,華南永昌-潮州,2023-03-16,9328
1314,中石化,31,0,31,華南永昌-潮州,2023-03-16,9328
1444,力麗,30,0,30,華南永昌-潮州,2023-03-16,9328
1467,南緯,33,3,30,華南永昌-潮州,2023-03-16,9328
2618,長榮航,29,3,26,華南永昌-潮州,2023-03-16,9328
4915,致伸,25,0,25,華南永昌-潮州,2023-03-16,9328
5289,宜鼎,25,0,25,華南永昌-潮州,2023-03-16,9328
2603,長榮,35,11,24,華南永昌-潮州,2023-03-16,9328
2344,華邦電,26,2,24,華南永昌-潮州,2023-03-16,9328
2489,瑞軒,22,0,22,華南永昌-潮州,2023-03-16,9328
00725B,國泰投資級公司債,21,0,21,華南永昌-潮州,2023-03-16,9328
2882,國泰金,23,2,21,華南永昌-潮州,2023-03-16,9328
5880,合庫金,21,1,20,華南永昌-潮州,2023-03-16,9328
3576,聯合再生,20,0,20,華南永昌-潮州,2023-03-16,9328
6116,彩晶,24,6,18,華南永昌-潮州,2023-03-16,9328
2634,漢翔,17,0,17,華南永昌-潮州,2023-03-16,9328
2302,麗正,17,1,16,華南永昌-潮州,2023-03-16,9328
6558,興能高,15,0,15,華南永昌-潮州,2023-03-16,9328
2313,華通,16,3,13,華南永昌-潮州,2023-03-16,9328
2609,陽明,42,29,13,華南永昌-潮州,2023-03-16,9328
8171,天宇,18,6,12,華南永昌-潮州,2023-03-16,9328
8358,金居,13,1,12,華南永昌-潮州,2023-03-16,9328
1319,東陽,12,1,11,華南永昌-潮州,2023-03-16,9328
2867,三商壽,11,0,11,華南永昌-潮州,2023-03-16,9328
4111,濟生,11,0,11,華南永昌-潮州,2023-03-16,9328
5009,榮剛,47,36,11,華南永昌-潮州,2023-03-16,9328
1455,集盛,10,0,10,華南永昌-潮州,2023-03-16,9328
1802,台玻,10,0,10,華南永昌-潮州,2023-03-16,9328
3046,建��,15,5,10,華南永昌-潮州,2023-03-16,9328
6164,華興,10,0,10,華南永昌-潮州,2023-03-16,9328
8446,華研,10,0,10,華南永昌-潮州,2023-03-16,9328
2607,榮運,16,7,9,華南永昌-潮州,2023-03-16,9328
6443,元晶,10,1,9,華南永昌-潮州,2023-03-16,9328
2881,富邦金,8,1,7,華南永昌-潮州,2023-03-16,9328
2884,玉山金,13,6,7,華南永昌-潮州,2023-03-16,9328
6788,華景電,7,0,7,華南永昌-潮州,2023-03-16,9328
8070,長華*,7,0,7,華南永昌-潮州,2023-03-16,9328
2812,台中銀,7,0,7,華南永昌-潮州,2023-03-16,9328
00900,富邦特選高股息30,8,2,6,華南永昌-潮州,2023-03-16,9328
1316,上曜,6,0,6,華南永昌-潮州,2023-03-16,9328
2022,聚亨,6,0,6,華南永昌-潮州,2023-03-16,9328
00878,國泰永續高股息,108,13,95,華南永昌-潮州,2023-03-17,9328
5483,中美晶,52,0,52,華南永昌-潮州,2023-03-17,9328
00665L,富邦�琤肭磪囓�2,90,40,50,華南永昌-潮州,2023-03-17,9328
6109,亞元,50,2,48,華南永昌-潮州,2023-03-17,9328
3481,群創,74,29,45,華南永昌-潮州,2023-03-17,9328
2891,中信金,40,0,40,華南永昌-潮州,2023-03-17,9328
2867,三商壽,32,0,32,華南永昌-潮州,2023-03-17,9328
8046,南電,30,0,30,華南永昌-潮州,2023-03-17,9328
2880,華南金,35,6,29,華南永昌-潮州,2023-03-17,9328
00902,中信電池及儲能,29,0,29,華南永昌-潮州,2023-03-17,9328
2881,富邦金,20,0,20,華南永昌-潮州,2023-03-17,9328
2603,長榮,28,10,18,華南永昌-潮州,2023-03-17,9328
2888,新光金,17,0,17,華南永昌-潮州,2023-03-17,9328
00715L,期街口布蘭特正2,37,22,15,華南永昌-潮州,2023-03-17,9328
2883,凱基金,28,13,15,華南永昌-潮州,2023-03-17,9328
2636,台驊控股,23,9,14,華南永昌-潮州,2023-03-17,9328
2609,陽明,20,7,13,華南永昌-潮州,2023-03-17,9328
00893,國泰智能電動車,15,2,13,華南永昌-潮州,2023-03-17,9328
2014,中鴻,21,8,13,華南永昌-潮州,2023-03-17,9328
3264,欣銓,12,0,12,華南永昌-潮州,2023-03-17,9328
2412,中華電,14,3,11,華南永昌-潮州,2023-03-17,9328
3027,盛達,13,2,11,華南永昌-潮州,2023-03-17,9328
3014,聯陽,10,0,10,華南永昌-潮州,2023-03-17,9328
3447,展達,10,0,10,華南永昌-潮州,2023-03-17,9328
4564,元翎,10,0,10,華南永昌-潮州,2023-03-17,9328
6266,泰詠,10,0,10,華南永昌-潮州,2023-03-17,9328
8111,立��,10,0,10,華南永昌-潮州,2023-03-17,9328
5880,合庫金,9,0,9,華南永昌-潮州,2023-03-17,9328
6799,來頡,9,0,9,華南永昌-潮州,2023-03-17,9328
2413,環科,8,0,8,華南永昌-潮州,2023-03-17,9328
5609,中菲行,8,0,8,華南永昌-潮州,2023-03-17,9328
2457,飛宏,17,10,7,華南永昌-潮州,2023-03-17,9328
2618,長榮航,7,0,7,華南永昌-潮州,2023-03-17,9328
4157,太景*-KY,7,0,7,華南永昌-潮州,2023-03-17,9328
5289,宜鼎,8,1,7,華南永昌-潮州,2023-03-17,9328
2812,台中銀,6,0,6,華南永昌-潮州,2023-03-17,9328
3704,合勤控,6,0,6,華南永昌-潮州,2023-03-17,9328
1609,大亞,9,3,6,華南永昌-潮州,2023-03-17,9328
1210,大成,6,0,6,華南永昌-潮州,2023-03-17,9328
00907,永豐優息存股,6,0,6,華南永昌-潮州,2023-03-17,9328
00885,富邦越南,10,4,6,華南永昌-潮州,2023-03-17,9328
2342,茂矽,6,0,6,華南永昌-潮州,2023-03-17,9328
2634,漢翔,12,6,6,華南永昌-潮州,2023-03-17,9328
6129,普誠,9,3,6,華南永昌-潮州,2023-03-17,9328
00712,復華富時不動產,6,0,6,華南永昌-潮州,2023-03-17,9328
1720,生達,5,0,5,華南永昌-潮州,2023-03-17,9328
2329,華泰,5,0,5,華南永昌-潮州,2023-03-17,9328
2356,英業達,9,4,5,華南永昌-潮州,2023-03-17,9328
2359,所羅門,5,0,5,華南永昌-潮州,2023-03-17,9328
3310,佳穎,5,0,5,華南永昌-潮州,2023-03-17,9328
2457,飛宏,107,30,77,華南永昌-潮州,2023-03-20,9328
00878,國泰永續高股息,73,10,63,華南永昌-潮州,2023-03-20,9328
1314,中石化,65,9,56,華南永昌-潮州,2023-03-20,9328
00632R,元大台灣50反1,50,0,50,華南永昌-潮州,2023-03-20,9328
00751B,元大AAA至A公司債,46,0,46,華南永昌-潮州,2023-03-20,9328
6443,元晶,159,120,39,華南永昌-潮州,2023-03-20,9328
2881,富邦金,27,0,27,華南永昌-潮州,2023-03-20,9328
2880,華南金,36,10,26,華南永昌-潮州,2023-03-20,9328
1316,上曜,27,2,25,華南永昌-潮州,2023-03-20,9328
00753L,中信中國50正2,25,0,25,華南永昌-潮州,2023-03-20,9328
00642U,期元大S＆P石油,25,0,25,華南永昌-潮州,2023-03-20,9328
00715L,期街口布蘭特正2,18,0,18,華南永昌-潮州,2023-03-20,9328
1605,華新,36,19,17,華南永昌-潮州,2023-03-20,9328
2882,國泰金,17,1,16,華南永昌-潮州,2023-03-20,9328
2607,榮運,16,0,16,華南永昌-潮州,2023-03-20,9328
4934,太極,22,6,16,華南永昌-潮州,2023-03-20,9328
3682,亞太電,15,0,15,華南永昌-潮州,2023-03-20,9328
2303,聯電,16,1,15,華南永昌-潮州,2023-03-20,9328
2406,國碩,14,0,14,華南永昌-潮州,2023-03-20,9328
2453,凌群,19,6,13,華南永昌-潮州,2023-03-20,9328
8358,金居,12,0,12,華南永昌-潮州,2023-03-20,9328
2615,萬海,33,21,12,華南永昌-潮州,2023-03-20,9328
00882,中信中國高股息,11,0,11,華南永昌-潮州,2023-03-20,9328
00923,群益台ESG低碳50,11,0,11,華南永昌-潮州,2023-03-20,9328
2603,長榮,13,2,11,華南永昌-潮州,2023-03-20,9328
00665L,富邦�琤肭磪囓�2,20,10,10,華南永昌-潮州,2023-03-20,9328
2617,台航,10,0,10,華南永昌-潮州,2023-03-20,9328
2736,富野,10,0,10,華南永昌-潮州,2023-03-20,9328
4119,旭富,10,0,10,華南永昌-潮州,2023-03-20,9328
3027,盛達,16,6,10,華南永昌-潮州,2023-03-20,9328
2014,中鴻,14,4,10,華南永昌-潮州,2023-03-20,9328
6753,龍德造船,9,0,9,華南永昌-潮州,2023-03-20,9328
0056,元大高股息,10,2,8,華南永昌-潮州,2023-03-20,9328
2605,新興,10,2,8,華南永昌-潮州,2023-03-20,9328
00885,富邦越南,8,0,8,華南永昌-潮州,2023-03-20,9328
6788,華景電,11,3,8,華南永昌-潮州,2023-03-20,9328
4977,眾達-KY,9,2,7,華南永昌-潮州,2023-03-20,9328
2002,中鋼,6,0,6,華南永昌-潮州,2023-03-20,9328
00908,富邦入息REITs+,6,0,6,華南永昌-潮州,2023-03-20,9328
00673R,期元大S＆P原油反1,6,0,6,華南永昌-潮州,2023-03-20,9328
2482,連宇,26,20,6,華南永昌-潮州,2023-03-20,9328
5512,力麒,13,7,6,華南永昌-潮州,2023-03-20,9328
6874,倍力,6,0,6,華南永昌-潮州,2023-03-20,9328
9945,潤泰新,6,0,6,華南永昌-潮州,2023-03-20,9328
2427,三商電,5,0,5,華南永昌-潮州,2023-03-20,9328
2609,陽明,8,3,5,華南永昌-潮州,2023-03-20,9328
2618,長榮航,6,1,5,華南永昌-潮州,2023-03-20,9328
2883,凱基金,6,1,5,華南永昌-潮州,2023-03-20,9328
4162,智擎,6,1,5,華南永昌-潮州,2023-03-20,9328
6770,力積電,5,0,5,華南永昌-潮州,2023-03-20,9328
00751B,元大AAA至A公司債,105,0,105,華南永昌-潮州,2023-03-21,9328
8046,南電,94,2,92,華南永昌-潮州,2023-03-21,9328
1314,中石化,65,0,65,華南永昌-潮州,2023-03-21,9328
2636,台驊控股,72,8,64,華南永昌-潮州,2023-03-21,9328
4953,緯軟,60,0,60,華南永昌-潮州,2023-03-21,9328
2615,萬海,62,9,53,華南永昌-潮州,2023-03-21,9328
6470,宇智,40,0,40,華南永昌-潮州,2023-03-21,9328
3011,今皓,30,0,30,華南永昌-潮州,2023-03-21,9328
3715,定穎投控,50,20,30,華南永昌-潮州,2023-03-21,9328
8222,寶一,28,0,28,華南永昌-潮州,2023-03-21,9328
4967,十銓,26,8,18,華南永昌-潮州,2023-03-21,9328
6191,精成科,18,0,18,華南永昌-潮州,2023-03-21,9328
2409,友達,26,9,17,華南永昌-潮州,2023-03-21,9328
3189,景碩,20,4,16,華南永昌-潮州,2023-03-21,9328
6163,華電網,20,4,16,華南永昌-潮州,2023-03-21,9328
2880,華南金,16,0,16,華南永昌-潮州,2023-03-21,9328
2427,三商電,15,0,15,華南永昌-潮州,2023-03-21,9328
2891,中信金,15,0,15,華南永昌-潮州,2023-03-21,9328
3481,群創,21,6,15,華南永昌-潮州,2023-03-21,9328
2603,長榮,14,0,14,華南永昌-潮州,2023-03-21,9328
6488,環球晶,14,0,14,華南永昌-潮州,2023-03-21,9328
2402,毅嘉,32,20,12,華南永昌-潮州,2023-03-21,9328
9945,潤泰新,12,0,12,華南永昌-潮州,2023-03-21,9328
2453,凌群,28,17,11,華南永昌-潮州,2023-03-21,9328
6026,福邦證,11,0,11,華南永昌-潮州,2023-03-21,9328
3094,聯傑,15,4,11,華南永昌-潮州,2023-03-21,9328
1720,生達,10,0,10,華南永昌-潮州,2023-03-21,9328
00882,中信中國高股息,10,0,10,華南永昌-潮州,2023-03-21,9328
2312,金寶,10,0,10,華南永昌-潮州,2023-03-21,9328
2897,王道銀行,10,0,10,華南永昌-潮州,2023-03-21,9328
3664,安瑞-KY,10,0,10,華南永昌-潮州,2023-03-21,9328
5009,榮剛,44,34,10,華南永昌-潮州,2023-03-21,9328
6122,擎邦,10,0,10,華南永昌-潮州,2023-03-21,9328
4977,眾達-KY,10,1,9,華南永昌-潮州,2023-03-21,9328
1504,東元,18,9,9,華南永昌-潮州,2023-03-21,9328
4108,懷特,10,1,9,華南永昌-潮州,2023-03-21,9328
6443,元晶,27,18,9,華南永昌-潮州,2023-03-21,9328
9921,巨大,10,1,9,華南永昌-潮州,2023-03-21,9328
2027,大成鋼,12,4,8,華南永昌-潮州,2023-03-21,9328
2406,國碩,11,3,8,華南永昌-潮州,2023-03-21,9328
00712,復華富時不動產,8,0,8,華南永昌-潮州,2023-03-21,9328
00885,富邦越南,7,0,7,華南永昌-潮州,2023-03-21,9328
3265,台星科,8,1,7,華南永昌-潮州,2023-03-21,9328
4906,正文,7,0,7,華南永昌-潮州,2023-03-21,9328
6290,良維,10,3,7,華南永昌-潮州,2023-03-21,9328
6531,愛普*,9,2,7,華南永昌-潮州,2023-03-21,9328
2610,華航,8,2,6,華南永昌-潮州,2023-03-21,9328
3092,鴻碩,6,0,6,華南永昌-潮州,2023-03-21,9328
00907,永豐優息存股,6,0,6,華南永昌-潮州,2023-03-21,9328
2331,精英,9,3,6,華南永昌-潮州,2023-03-21,9328
5211,蒙恬,134,2,132,華南永昌-潮州,2023-03-22,9328
00632R,元大台灣50反1,127,10,117,華南永昌-潮州,2023-03-22,9328
00923,群益台ESG低碳50,50,0,50,華南永昌-潮州,2023-03-22,9328
0056,元大高股息,50,4,46,華南永昌-潮州,2023-03-22,9328
3047,訊舟,29,0,29,華南永昌-潮州,2023-03-22,9328
1529,樂事綠能,39,10,29,華南永昌-潮州,2023-03-22,9328
2618,長榮航,31,5,26,華南永昌-潮州,2023-03-22,9328
2609,陽明,30,6,24,華南永昌-潮州,2023-03-22,9328
3231,緯創,33,9,24,華南永昌-潮州,2023-03-22,9328
4306,炎洲,23,0,23,華南永昌-潮州,2023-03-22,9328
1718,中纖,21,0,21,華南永昌-潮州,2023-03-22,9328
2727,王品,29,9,20,華南永昌-潮州,2023-03-22,9328
00715L,期街口布蘭特正2,22,4,18,華南永昌-潮州,2023-03-22,9328
6120,達運,17,0,17,華南永昌-潮州,2023-03-22,9328
3715,定穎投控,29,12,17,華南永昌-潮州,2023-03-22,9328
6152,百一,16,0,16,華南永昌-潮州,2023-03-22,9328
2457,飛宏,35,22,13,華南永昌-潮州,2023-03-22,9328
00679B,元大美債20年,12,1,11,華南永昌-潮州,2023-03-22,9328
6244,茂迪,14,3,11,華南永昌-潮州,2023-03-22,9328
00902,中信電池及儲能,10,0,10,華南永昌-潮州,2023-03-22,9328
00673R,期元大S＆P原油反1,10,0,10,華南永昌-潮州,2023-03-22,9328
2884,玉山金,12,2,10,華南永昌-潮州,2023-03-22,9328
4142,國光生,10,0,10,華南永昌-潮州,2023-03-22,9328
4953,緯軟,19,9,10,華南永昌-潮州,2023-03-22,9328
5457,宣德,10,0,10,華南永昌-潮州,2023-03-22,9328
1560,中砂,10,1,9,華南永昌-潮州,2023-03-22,9328
6235,華孚,13,5,8,華南永昌-潮州,2023-03-22,9328
8222,寶一,11,3,8,華南永昌-潮州,2023-03-22,9328
00772B,中信高評級公司債,8,0,8,華南永昌-潮州,2023-03-22,9328
00712,復華富時不動產,8,0,8,華南永昌-潮州,2023-03-22,9328
1524,耿鼎,11,3,8,華南永昌-潮州,2023-03-22,9328
3710,連展投控,13,6,7,華南永昌-潮州,2023-03-22,9328
3029,零壹,28,22,6,華南永昌-潮州,2023-03-22,9328
4736,泰博,6,0,6,華南永昌-潮州,2023-03-22,9328
4721,美琪瑪,6,0,6,華南永昌-潮州,2023-03-22,9328
2028,威致,5,0,5,華南永昌-潮州,2023-03-22,9328
00696B,富邦美債20年,5,0,5,華南永昌-潮州,2023-03-22,9328
5009,榮剛,8,3,5,華南永昌-潮州,2023-03-22,9328
1101,台泥,5,0,5,華南永昌-潮州,2023-03-22,9328
3673,TPK-KY,5,0,5,華南永昌-潮州,2023-03-22,9328
1514,亞力,5,0,5,華南永昌-潮州,2023-03-22,9328
1609,大亞,5,0,5,華南永昌-潮州,2023-03-22,9328
1785,光洋科,5,0,5,華南永昌-潮州,2023-03-22,9328
2413,環科,20,15,5,華南永昌-潮州,2023-03-22,9328
3013,晟銘電,5,0,5,華南永昌-潮州,2023-03-22,9328
3209,全科,6,1,5,華南永昌-潮州,2023-03-22,9328
3338,泰碩,5,0,5,華南永昌-潮州,2023-03-22,9328
3356,奇偶,18,13,5,華南永昌-潮州,2023-03-22,9328
4549,桓達,5,0,5,華南永昌-潮州,2023-03-22,9328
6288,聯嘉,6,1,5,華南永昌-潮州,2023-03-22,9328
00632R,元大台灣50反1,288,110,178,華南永昌-潮州,2023-03-23,9328
3481,群創,147,37,110,華南永昌-潮州,2023-03-23,9328
00680L,元大美債20正2,80,0,80,華南永昌-潮州,2023-03-23,9328
6231,系微,66,0,66,華南永昌-潮州,2023-03-23,9328
6109,亞元,60,1,59,華南永昌-潮州,2023-03-23,9328
8936,國統,57,0,57,華南永昌-潮州,2023-03-23,9328
2402,毅嘉,76,35,41,華南永昌-潮州,2023-03-23,9328
5608,四維航,40,3,37,華南永昌-潮州,2023-03-23,9328
2637,慧洋-KY,35,0,35,華南永昌-潮州,2023-03-23,9328
1440,南紡,33,0,33,華南永昌-潮州,2023-03-23,9328
3710,連展投控,34,6,28,華南永昌-潮州,2023-03-23,9328
3092,鴻碩,20,0,20,華南永昌-潮州,2023-03-23,9328
1444,力麗,20,0,20,華南永昌-潮州,2023-03-23,9328
2609,陽明,32,12,20,華南永昌-潮州,2023-03-23,9328
00772B,中信高評級公司債,18,0,18,華南永昌-潮州,2023-03-23,9328
2427,三商電,16,0,16,華南永昌-潮州,2023-03-23,9328
9934,成霖,20,4,16,華南永昌-潮州,2023-03-23,9328
6443,元晶,27,12,15,華南永昌-潮州,2023-03-23,9328
00712,復華富時不動產,15,0,15,華南永昌-潮州,2023-03-23,9328
00919,群益台灣精選高息,14,0,14,華南永昌-潮州,2023-03-23,9328
2453,凌群,31,19,12,華南永昌-潮州,2023-03-23,9328
2014,中鴻,19,7,12,華南永昌-潮州,2023-03-23,9328
2489,瑞軒,12,0,12,華南永昌-潮州,2023-03-23,9328
5315,光聯,12,0,12,華南永昌-潮州,2023-03-23,9328
5351,鈺創,15,3,12,華南永昌-潮州,2023-03-23,9328
00673R,期元大S＆P原油反1,11,0,11,華南永昌-潮州,2023-03-23,9328
2482,連宇,31,20,11,華南永昌-潮州,2023-03-23,9328
5475,德宏,12,2,10,華南永昌-潮州,2023-03-23,9328
2880,華南金,11,1,10,華南永昌-潮州,2023-03-23,9328
6508,惠光,10,0,10,華南永昌-潮州,2023-03-23,9328
00898,國泰基因免疫革命,10,0,10,華南永昌-潮州,2023-03-23,9328
1598,岱宇,10,0,10,華南永昌-潮州,2023-03-23,9328
2606,裕民,10,0,10,華南永昌-潮州,2023-03-23,9328
2887,台新金,11,1,10,華南永昌-潮州,2023-03-23,9328
4958,臻鼎-KY,10,0,10,華南永昌-潮州,2023-03-23,9328
6202,盛群,10,0,10,華南永昌-潮州,2023-03-23,9328
2324,仁寶,10,1,9,華南永昌-潮州,2023-03-23,9328
3576,聯合再生,10,1,9,華南永昌-潮州,2023-03-23,9328
6160,欣技,20,11,9,華南永昌-潮州,2023-03-23,9328
00885,富邦越南,15,7,8,華南永昌-潮州,2023-03-23,9328
2617,台航,10,2,8,華南永昌-潮州,2023-03-23,9328
2603,長榮,10,3,7,華南永昌-潮州,2023-03-23,9328
00882,中信中國高股息,7,0,7,華南永昌-潮州,2023-03-23,9328
2601,益航,7,0,7,華南永昌-潮州,2023-03-23,9328
3322,建舜電,69,62,7,華南永昌-潮州,2023-03-23,9328
4950,牧東,7,0,7,華南永昌-潮州,2023-03-23,9328
6188,廣明,9,2,7,華南永昌-潮州,2023-03-23,9328
2727,王品,14,7,7,華南永昌-潮州,2023-03-23,9328
3290,東浦,8,1,7,華南永昌-潮州,2023-03-23,9328
6176,瑞儀,7,0,7,華南永昌-潮州,2023-03-23,9328
00632R,元大台灣50反1,137,1,136,華南永昌-潮州,2023-03-24,9328
6168,宏齊,150,54,96,華南永昌-潮州,2023-03-24,9328
4714,永捷,50,0,50,華南永昌-潮州,2023-03-24,9328
4960,誠美材,50,1,49,華南永昌-潮州,2023-03-24,9328
1605,華新,79,31,48,華南永昌-潮州,2023-03-24,9328
2402,毅嘉,57,17,40,華南永昌-潮州,2023-03-24,9328
2888,新光金,38,0,38,華南永昌-潮州,2023-03-24,9328
1104,環泥,30,0,30,華南永昌-潮州,2023-03-24,9328
2313,華通,31,3,28,華南永昌-潮州,2023-03-24,9328
3050,鈺德,20,0,20,華南永昌-潮州,2023-03-24,9328
3484,崧騰,20,0,20,華南永昌-潮州,2023-03-24,9328
8926,台汽電,20,0,20,華南永昌-潮州,2023-03-24,9328
2891,中信金,21,2,19,華南永昌-潮州,2023-03-24,9328
3062,建漢,19,0,19,華南永昌-潮州,2023-03-24,9328
2002,中鋼,19,1,18,華南永昌-潮州,2023-03-24,9328
2331,精英,18,0,18,華南永昌-潮州,2023-03-24,9328
5475,德宏,15,0,15,華南永昌-潮州,2023-03-24,9328
00712,復華富時不動產,15,0,15,華南永昌-潮州,2023-03-24,9328
5315,光聯,19,4,15,華南永昌-潮州,2023-03-24,9328
2105,正新,30,17,13,華南永昌-潮州,2023-03-24,9328
2883,凱基金,14,1,13,華南永昌-潮州,2023-03-24,9328
6443,元晶,20,7,13,華南永昌-潮州,2023-03-24,9328
2618,長榮航,12,0,12,華南永昌-潮州,2023-03-24,9328
6104,創惟,16,4,12,華南永昌-潮州,2023-03-24,9328
2887,台新金,14,3,11,華南永昌-潮州,2023-03-24,9328
3189,景碩,10,0,10,華南永昌-潮州,2023-03-24,9328
5880,合庫金,10,0,10,華南永昌-潮州,2023-03-24,9328
00753L,中信中國50正2,10,0,10,華南永昌-潮州,2023-03-24,9328
3038,全台,10,0,10,華南永昌-潮州,2023-03-24,9328
6179,亞通,10,0,10,華南永昌-潮州,2023-03-24,9328
4919,新唐,19,9,10,華南永昌-潮州,2023-03-24,9328
4129,聯合,9,0,9,華南永昌-潮州,2023-03-24,9328
9907,統一實,9,0,9,華南永昌-潮州,2023-03-24,9328
3005,神基,10,2,8,華南永昌-潮州,2023-03-24,9328
00900,富邦特選高股息30,10,2,8,華南永昌-潮州,2023-03-24,9328
6719,力智,8,0,8,華南永昌-潮州,2023-03-24,9328
2303,聯電,12,5,7,華南永昌-潮州,2023-03-24,9328
2392,正崴,9,2,7,華南永昌-潮州,2023-03-24,9328
2701,萬企,7,0,7,華南永昌-潮州,2023-03-24,9328
2883B,凱基金乙特,7,0,7,華南永昌-潮州,2023-03-24,9328
3707,漢磊,7,0,7,華南永昌-潮州,2023-03-24,9328
8996,高力,7,0,7,華南永昌-潮州,2023-03-24,9328
5009,榮剛,7,1,6,華南永昌-潮州,2023-03-24,9328
1314,中石化,6,0,6,華南永昌-潮州,2023-03-24,9328
1519,華城,6,0,6,華南永昌-潮州,2023-03-24,9328
1722,台肥,6,0,6,華南永昌-潮州,2023-03-24,9328
2302,麗正,10,4,6,華南永昌-潮州,2023-03-24,9328
3432,台端,18,12,6,華南永昌-潮州,2023-03-24,9328
3545,敦泰,6,0,6,華南永昌-潮州,2023-03-24,9328
2609,陽明,16,11,5,華南永昌-潮州,2023-03-24,9328
3047,訊舟,55,1,54,華南永昌-潮州,2023-03-27,9328
1605,華新,50,0,50,華南永昌-潮州,2023-03-27,9328
00665L,富邦�琤肭磪囓�2,66,25,41,華南永昌-潮州,2023-03-27,9328
2888,新光金,33,0,33,華南永昌-潮州,2023-03-27,9328
1417,嘉裕,26,0,26,華南永昌-潮州,2023-03-27,9328
2634,漢翔,52,27,25,華南永昌-潮州,2023-03-27,9328
00680L,元大美債20正2,20,0,20,華南永昌-潮州,2023-03-27,9328
2338,光罩,20,0,20,華南永昌-潮州,2023-03-27,9328
2413,環科,47,27,20,華南永昌-潮州,2023-03-27,9328
6861,睿生光電,20,0,20,華南永昌-潮州,2023-03-27,9328
2002,中鋼,21,2,19,華南永昌-潮州,2023-03-27,9328
1101,台泥,18,1,17,華南永昌-潮州,2023-03-27,9328
00882,中信中國高股息,17,0,17,華南永昌-潮州,2023-03-27,9328
1718,中纖,20,3,17,華南永昌-潮州,2023-03-27,9328
00670L,富邦NASDAQ正2,15,0,15,華南永昌-潮州,2023-03-27,9328
3005,神基,18,5,13,華南永昌-潮州,2023-03-27,9328
2457,飛宏,27,15,12,華南永昌-潮州,2023-03-27,9328
6163,華電網,15,3,12,華南永昌-潮州,2023-03-27,9328
00715L,期街口布蘭特正2,11,0,11,華南永昌-潮州,2023-03-27,9328
2891,中信金,12,1,11,華南永昌-潮州,2023-03-27,9328
6133,金橋,14,3,11,華南永昌-潮州,2023-03-27,9328
3711,日月光投控,10,0,10,華南永昌-潮州,2023-03-27,9328
00892,富邦台灣半導體,10,0,10,華南永昌-潮州,2023-03-27,9328
00888,永豐台灣ESG,10,0,10,華南永昌-潮州,2023-03-27,9328
4111,濟生,10,0,10,華南永昌-潮州,2023-03-27,9328
00904,新光臺灣半導體30,10,0,10,華南永昌-潮州,2023-03-27,9328
00753L,中信中國50正2,10,0,10,華南永昌-潮州,2023-03-27,9328
1513,中興電,11,1,10,華南永昌-潮州,2023-03-27,9328
1603,華電,10,0,10,華南永昌-潮州,2023-03-27,9328
2328,廣宇,11,1,10,華南永昌-潮州,2023-03-27,9328
3437,榮創,10,0,10,華南永昌-潮州,2023-03-27,9328
3511,矽瑪,10,0,10,華南永昌-潮州,2023-03-27,9328
3715,定穎投控,41,31,10,華南永昌-潮州,2023-03-27,9328
6112,邁達特,10,0,10,華南永昌-潮州,2023-03-27,9328
8111,立��,10,0,10,華南永昌-潮州,2023-03-27,9328
8112,至上,10,0,10,華南永昌-潮州,2023-03-27,9328
8440,綠電,10,0,10,華南永昌-潮州,2023-03-27,9328
4953,緯軟,10,0,10,華南永昌-潮州,2023-03-27,9328
1216,統一,10,1,9,華南永昌-潮州,2023-03-27,9328
1784,訊聯,10,1,9,華南永昌-潮州,2023-03-27,9328
2882,國泰金,9,0,9,華南永昌-潮州,2023-03-27,9328
3035,智原,18,10,8,華南永昌-潮州,2023-03-27,9328
4426,利勤,8,0,8,華南永昌-潮州,2023-03-27,9328
5512,力麒,10,2,8,華南永昌-潮州,2023-03-27,9328
6285,啟��,11,3,8,華南永昌-潮州,2023-03-27,9328
2317,鴻海,7,0,7,華南永昌-潮州,2023-03-27,9328
2482,連宇,8,1,7,華南永昌-潮州,2023-03-27,9328
1517,利奇,7,0,7,華南永昌-潮州,2023-03-27,9328
2105,正新,10,3,7,華南永昌-潮州,2023-03-27,9328
2476,鉅祥,8,1,7,華南永昌-潮州,2023-03-27,9328
1605,華新,53,11,42,華南永昌-潮州,2023-03-28,9328
3092,鴻碩,37,0,37,華南永昌-潮州,2023-03-28,9328
2727,王品,39,4,35,華南永昌-潮州,2023-03-28,9328
2637,慧洋-KY,31,0,31,華南永昌-潮州,2023-03-28,9328
3037,欣興,21,0,21,華南永昌-潮州,2023-03-28,9328
2338,光罩,21,0,21,華南永昌-潮州,2023-03-28,9328
00665L,富邦�琤肭磪囓�2,35,15,20,華南永昌-潮州,2023-03-28,9328
1718,中纖,20,0,20,華南永昌-潮州,2023-03-28,9328
9955,佳龍,20,0,20,華南永昌-潮州,2023-03-28,9328
5011,久陽,19,0,19,華南永昌-潮州,2023-03-28,9328
3576,聯合再生,20,1,19,華南永昌-潮州,2023-03-28,9328
2317,鴻海,18,0,18,華南永昌-潮州,2023-03-28,9328
1609,大亞,22,5,17,華南永昌-潮州,2023-03-28,9328
0056,元大高股息,15,0,15,華南永昌-潮州,2023-03-28,9328
00679B,元大美債20年,13,0,13,華南永昌-潮州,2023-03-28,9328
2014,中鴻,19,6,13,華南永昌-潮州,2023-03-28,9328
1584,精剛,16,3,13,華南永昌-潮州,2023-03-28,9328
2302,麗正,13,0,13,華南永昌-潮州,2023-03-28,9328
2388,威盛,24,12,12,華南永昌-潮州,2023-03-28,9328
8358,金居,11,0,11,華南永昌-潮州,2023-03-28,9328
2436,偉詮電,11,0,11,華南永昌-潮州,2023-03-28,9328
5309,系統電,11,0,11,華南永昌-潮州,2023-03-28,9328
6116,彩晶,11,0,11,華南永昌-潮州,2023-03-28,9328
2303,聯電,13,3,10,華南永昌-潮州,2023-03-28,9328
3706,神達,10,0,10,華南永昌-潮州,2023-03-28,9328
4960,誠美材,10,0,10,華南永昌-潮州,2023-03-28,9328
00673R,期元大S＆P原油反1,10,0,10,華南永昌-潮州,2023-03-28,9328
00680L,元大美債20正2,10,0,10,華南永昌-潮州,2023-03-28,9328
1417,嘉裕,10,0,10,華南永昌-潮州,2023-03-28,9328
2323,中環,10,0,10,華南永昌-潮州,2023-03-28,9328
2489,瑞軒,10,0,10,華南永昌-潮州,2023-03-28,9328
4306,炎洲,10,0,10,華南永昌-潮州,2023-03-28,9328
6173,信昌電,10,0,10,華南永昌-潮州,2023-03-28,9328
8070,長華*,10,0,10,華南永昌-潮州,2023-03-28,9328
00712,復華富時不動產,9,0,9,華南永昌-潮州,2023-03-28,9328
3035,智原,18,9,9,華南永昌-潮州,2023-03-28,9328
2888,新光金,10,1,9,華南永昌-潮州,2023-03-28,9328
3052,夆典,9,0,9,華南永昌-潮州,2023-03-28,9328
5353,台林,11,2,9,華南永昌-潮州,2023-03-28,9328
8222,寶一,19,10,9,華南永昌-潮州,2023-03-28,9328
2401,凌陽,8,0,8,華南永昌-潮州,2023-03-28,9328
2312,金寶,8,0,8,華南永昌-潮州,2023-03-28,9328
2349,錸德,8,0,8,華南永昌-潮州,2023-03-28,9328
00882,中信中國高股息,17,10,7,華南永昌-潮州,2023-03-28,9328
006208,富邦台50,7,0,7,華南永昌-潮州,2023-03-28,9328
1722,台肥,7,0,7,華南永昌-潮州,2023-03-28,9328
6231,系微,7,0,7,華南永昌-潮州,2023-03-28,9328
3481,群創,21,14,7,華南永昌-潮州,2023-03-28,9328
8033,雷虎,6,0,6,華南永昌-潮州,2023-03-28,9328
00893,國泰智能電動車,6,0,6,華南永昌-潮州,2023-03-28,9328
3005,神基,182,0,182,華南永昌-潮州,2023-03-29,9328
2303,聯電,37,4,33,華南永昌-潮州,2023-03-29,9328
00680L,元大美債20正2,30,0,30,華南永昌-潮州,2023-03-29,9328
00637L,元大滬深300正2,25,0,25,華南永昌-潮州,2023-03-29,9328
3702,大聯大,25,0,25,華南永昌-潮州,2023-03-29,9328
2338,光罩,22,0,22,華南永昌-潮州,2023-03-29,9328
00632R,元大台灣50反1,22,0,22,華南永昌-潮州,2023-03-29,9328
1524,耿鼎,23,2,21,華南永昌-潮州,2023-03-29,9328
2891,中信金,22,3,19,華南永昌-潮州,2023-03-29,9328
5315,光聯,19,0,19,華南永昌-潮州,2023-03-29,9328
2014,中鴻,25,7,18,華南永昌-潮州,2023-03-29,9328
00922,國泰台灣領袖50,17,0,17,華南永昌-潮州,2023-03-29,9328
1909,榮成,14,0,14,華南永昌-潮州,2023-03-29,9328
2388,威盛,23,9,14,華南永昌-潮州,2023-03-29,9328
1504,東元,25,11,14,華南永昌-潮州,2023-03-29,9328
2329,華泰,17,4,13,華南永昌-潮州,2023-03-29,9328
2371,大同,14,3,11,華南永昌-潮州,2023-03-29,9328
00655L,國泰中國A50正2,10,0,10,華南永昌-潮州,2023-03-29,9328
00893,國泰智能電動車,10,0,10,華南永昌-潮州,2023-03-29,9328
2495,普安,10,0,10,華南永昌-潮州,2023-03-29,9328
2702,華園,10,0,10,華南永昌-潮州,2023-03-29,9328
6753,龍德造船,12,2,10,華南永昌-潮州,2023-03-29,9328
6770,力積電,10,0,10,華南永昌-潮州,2023-03-29,9328
3035,智原,13,4,9,華南永昌-潮州,2023-03-29,9328
2344,華邦電,10,1,9,華南永昌-潮州,2023-03-29,9328
2402,毅嘉,11,2,9,華南永昌-潮州,2023-03-29,9328
6443,元晶,11,3,8,華南永昌-潮州,2023-03-29,9328
00900,富邦特選高股息30,8,0,8,華南永昌-潮州,2023-03-29,9328
5243,乙盛-KY,8,0,8,華南永昌-潮州,2023-03-29,9328
6231,系微,8,0,8,華南永昌-潮州,2023-03-29,9328
1795,美時,8,0,8,華南永昌-潮州,2023-03-29,9328
00772B,中信高評級公司債,8,0,8,華南永昌-潮州,2023-03-29,9328
2929,淘帝-KY,7,0,7,華南永昌-潮州,2023-03-29,9328
3022,威強電,7,0,7,華南永昌-潮州,2023-03-29,9328
6109,亞元,7,0,7,華南永昌-潮州,2023-03-29,9328
00712,復華富時不動產,8,1,7,華南永昌-潮州,2023-03-29,9328
1752,南光,7,1,6,華南永昌-潮州,2023-03-29,9328
2745,五福,6,0,6,華南永昌-潮州,2023-03-29,9328
3447,展達,6,0,6,華南永昌-潮州,2023-03-29,9328
6235,華孚,11,5,6,華南永昌-潮州,2023-03-29,9328
2884,玉山金,6,0,6,華南永昌-潮州,2023-03-29,9328
2498,宏達電,8,3,5,華南永昌-潮州,2023-03-29,9328
2206,三陽工業,5,0,5,華南永昌-潮州,2023-03-29,9328
00673R,期元大S＆P原油反1,5,0,5,華南永昌-潮州,2023-03-29,9328
2606,裕民,7,2,5,華南永昌-潮州,2023-03-29,9328
3027,盛達,5,0,5,華南永昌-潮州,2023-03-29,9328
3264,欣銓,5,0,5,華南永昌-潮州,2023-03-29,9328
4919,新唐,5,0,5,華南永昌-潮州,2023-03-29,9328
6215,和椿,5,0,5,華南永昌-潮州,2023-03-29,9328
8054,安國,5,0,5,華南永昌-潮州,2023-03-29,9328
3005,神基,41,0,41,華南永昌-潮州,2023-03-30,9328
2609,陽明,35,2,33,華南永昌-潮州,2023-03-30,9328
6861,睿生光電,33,1,32,華南永昌-潮州,2023-03-30,9328
00632R,元大台灣50反1,33,4,29,華南永昌-潮州,2023-03-30,9328
2889,國票金,28,0,28,華南永昌-潮州,2023-03-30,9328
3432,台端,24,0,24,華南永昌-潮州,2023-03-30,9328
2634,漢翔,21,0,21,華南永昌-潮州,2023-03-30,9328
4906,正文,20,0,20,華南永昌-潮州,2023-03-30,9328
9110,越南控-DR,20,0,20,華南永昌-潮州,2023-03-30,9328
2405,輔信,12,0,12,華南永昌-潮州,2023-03-30,9328
2409,友達,11,0,11,華南永昌-潮州,2023-03-30,9328
2610,華航,20,10,10,華南永昌-潮州,2023-03-30,9328
3481,群創,16,6,10,華南永昌-潮州,2023-03-30,9328
00680L,元大美債20正2,10,0,10,華南永昌-潮州,2023-03-30,9328
00922,國泰台灣領袖50,10,0,10,華南永昌-潮州,2023-03-30,9328
2727,王品,13,3,10,華南永昌-潮州,2023-03-30,9328
2754,亞洲藏壽司,10,0,10,華南永昌-潮州,2023-03-30,9328
2867,三商壽,10,0,10,華南永昌-潮州,2023-03-30,9328
3030,德律,10,0,10,華南永昌-潮州,2023-03-30,9328
3224,三顧,13,3,10,華南永昌-潮州,2023-03-30,9328
3652,精聯,10,0,10,華南永昌-潮州,2023-03-30,9328
5425,台半,10,0,10,華南永昌-潮州,2023-03-30,9328
6116,彩晶,10,0,10,華南永昌-潮州,2023-03-30,9328
6133,金橋,28,18,10,華南永昌-潮州,2023-03-30,9328
8049,晶采,10,0,10,華南永昌-潮州,2023-03-30,9328
1795,美時,14,5,9,華南永昌-潮州,2023-03-30,9328
1314,中石化,9,0,9,華南永昌-潮州,2023-03-30,9328
00665L,富邦�琤肭磪囓�2,44,35,9,華南永昌-潮州,2023-03-30,9328
2748,雲品,12,3,9,華南永昌-潮州,2023-03-30,9328
00650L,復華香港正2,8,0,8,華南永昌-潮州,2023-03-30,9328
3260,威剛,8,0,8,華南永昌-潮州,2023-03-30,9328
2382,廣達,7,0,7,華南永昌-潮州,2023-03-30,9328
3046,建��,7,0,7,華南永昌-潮州,2023-03-30,9328
6282,康舒,8,1,7,華南永昌-潮州,2023-03-30,9328
1609,大亞,15,8,7,華南永昌-潮州,2023-03-30,9328
2883,凱基金,9,3,6,華南永昌-潮州,2023-03-30,9328
00715L,期街口布蘭特正2,10,4,6,華南永昌-潮州,2023-03-30,9328
1504,東元,15,9,6,華南永昌-潮州,2023-03-30,9328
1524,耿鼎,8,2,6,華南永昌-潮州,2023-03-30,9328
2388,威盛,13,7,6,華南永昌-潮州,2023-03-30,9328
2530,華建,6,0,6,華南永昌-潮州,2023-03-30,9328
4702,中美實,6,0,6,華南永昌-潮州,2023-03-30,9328
6829,千附精密,6,0,6,華南永昌-潮州,2023-03-30,9328
8038,長園科,6,0,6,華南永昌-潮州,2023-03-30,9328
3483,力致,5,0,5,華南永昌-潮州,2023-03-30,9328
1718,中纖,5,0,5,華南永昌-潮州,2023-03-30,9328
00673R,期元大S＆P原油反1,5,0,5,華南永昌-潮州,2023-03-30,9328
1464,得力,5,0,5,華南永昌-潮州,2023-03-30,9328
2888,新光金,5,0,5,華南永昌-潮州,2023-03-30,9328
5356,協益,5,0,5,華南永昌-潮州,2023-03-30,9328
6438,迅得,99,0,99,華南永昌-潮州,2023-03-31,9328
2889,國票金,50,0,50,華南永昌-潮州,2023-03-31,9328
2388,威盛,62,17,45,華南永昌-潮州,2023-03-31,9328
2542,興富發,45,0,45,華南永昌-潮州,2023-03-31,9328
1605,華新,64,20,44,華南永昌-潮州,2023-03-31,9328
6150,撼訊,34,5,29,華南永昌-潮州,2023-03-31,9328
00706L,期元大S＆P日圓正2,20,0,20,華南永昌-潮州,2023-03-31,9328
2353,宏��,20,0,20,華南永昌-潮州,2023-03-31,9328
2727,王品,29,9,20,華南永昌-潮州,2023-03-31,9328
3231,緯創,27,7,20,華南永昌-潮州,2023-03-31,9328
6443,元晶,18,0,18,華南永昌-潮州,2023-03-31,9328
6861,睿生光電,18,0,18,華南永昌-潮州,2023-03-31,9328
00632R,元大台灣50反1,15,0,15,華南永昌-潮州,2023-03-31,9328
2367,燿華,13,0,13,華南永昌-潮州,2023-03-31,9328
2368,金像電,17,4,13,華南永昌-潮州,2023-03-31,9328
3030,德律,12,0,12,華南永昌-潮州,2023-03-31,9328
1522,堤維西,11,0,11,華南永昌-潮州,2023-03-31,9328
2402,毅嘉,22,11,11,華南永昌-潮州,2023-03-31,9328
2405,輔信,12,1,11,華南永昌-潮州,2023-03-31,9328
2888,新光金,11,0,11,華南永昌-潮州,2023-03-31,9328
3056,富華新,12,1,11,華南永昌-潮州,2023-03-31,9328
00713,元大台灣高息低波,11,0,11,華南永昌-潮州,2023-03-31,9328
2885,元大金,10,0,10,華南永昌-潮州,2023-03-31,9328
00680L,元大美債20正2,10,0,10,華南永昌-潮州,2023-03-31,9328
2399,映泰,10,0,10,華南永昌-潮州,2023-03-31,9328
2897,王道銀行,10,0,10,華南永昌-潮州,2023-03-31,9328
2834,臺企銀,9,0,9,華南永昌-潮州,2023-03-31,9328
2337,旺宏,21,13,8,華南永昌-潮州,2023-03-31,9328
5309,系統電,18,10,8,華南永昌-潮州,2023-03-31,9328
2382,廣達,8,0,8,華南永昌-潮州,2023-03-31,9328
2609,陽明,9,2,7,華南永昌-潮州,2023-03-31,9328
3037,欣興,18,11,7,華南永昌-潮州,2023-03-31,9328
6239,力成,6,0,6,華南永昌-潮州,2023-03-31,9328
5315,光聯,6,0,6,華南永昌-潮州,2023-03-31,9328
6231,系微,6,0,6,華南永昌-潮州,2023-03-31,9328
8050,廣積,10,4,6,華南永昌-潮州,2023-03-31,9328
8938,明安,7,1,6,華南永昌-潮州,2023-03-31,9328
1731,美吾華,5,0,5,華南永昌-潮州,2023-03-31,9328
2028,威致,5,0,5,華南永昌-潮州,2023-03-31,9328
2313,華通,6,1,5,華南永昌-潮州,2023-03-31,9328
2489,瑞軒,10,5,5,華南永昌-潮州,2023-03-31,9328
3224,三顧,5,0,5,華南永昌-潮州,2023-03-31,9328
4953,緯軟,7,2,5,華南永昌-潮州,2023-03-31,9328
6148,驊宏資,5,0,5,華南永昌-潮州,2023-03-31,9328
8021,尖點,5,0,5,華南永昌-潮州,2023-03-31,9328
8222,寶一,5,0,5,華南永昌-潮州,2023-03-31,9328
00679B,元大美債20年,5,0,5,華南永昌-潮州,2023-03-31,9328
4111,濟生,4,0,4,華南永昌-潮州,2023-03-31,9328
0050,元大台灣50,4,0,4,華南永昌-潮州,2023-03-31,9328
1784,訊聯,4,0,4,華南永昌-潮州,2023-03-31,9328
00632R,元大台灣50反1,265,50,215,華南永昌-潮州,2023-04-06,9328
2610,華航,110,0,110,華南永昌-潮州,2023-04-06,9328
4916,事欣科,100,1,99,華南永昌-潮州,2023-04-06,9328
00673R,期元大S＆P原油反1,91,0,91,華南永昌-潮州,2023-04-06,9328
3032,偉訓,45,0,45,華南永昌-潮州,2023-04-06,9328
2618,長榮航,43,2,41,華南永昌-潮州,2023-04-06,9328
3236,千如,35,0,35,華南永昌-潮州,2023-04-06,9328
00680L,元大美債20正2,35,0,35,華南永昌-潮州,2023-04-06,9328
00665L,富邦�琤肭磪囓�2,31,0,31,華南永昌-潮州,2023-04-06,9328
3535,晶彩科,30,0,30,華南永昌-潮州,2023-04-06,9328
2317,鴻海,29,0,29,華南永昌-潮州,2023-04-06,9328
6770,力積電,31,3,28,華南永昌-潮州,2023-04-06,9328
2324,仁寶,22,0,22,華南永昌-潮州,2023-04-06,9328
2393,億光,20,0,20,華南永昌-潮州,2023-04-06,9328
3447,展達,20,0,20,華南永昌-潮州,2023-04-06,9328
6266,泰詠,20,0,20,華南永昌-潮州,2023-04-06,9328
2609,陽明,20,2,18,華南永昌-潮州,2023-04-06,9328
00878,國泰永續高股息,25,7,18,華南永昌-潮州,2023-04-06,9328
00905,FT臺灣Smart,15,0,15,華南永昌-潮州,2023-04-06,9328
00637L,元大滬深300正2,15,0,15,華南永昌-潮州,2023-04-06,9328
2489,瑞軒,13,0,13,華南永昌-潮州,2023-04-06,9328
6414,樺漢,13,0,13,華南永昌-潮州,2023-04-06,9328
2342,茂矽,12,0,12,華南永昌-潮州,2023-04-06,9328
1605,華新,55,44,11,華南永昌-潮州,2023-04-06,9328
5465,富驊,11,0,11,華南永昌-潮州,2023-04-06,9328
2331,精英,10,0,10,華南永昌-潮州,2023-04-06,9328
3570,大塚,10,0,10,華南永昌-潮州,2023-04-06,9328
5457,宣德,10,0,10,華南永昌-潮州,2023-04-06,9328
2886,兆豐金,10,0,10,華南永昌-潮州,2023-04-06,9328
0056,元大高股息,10,1,9,華南永昌-潮州,2023-04-06,9328
1220,台榮,9,0,9,華南永昌-潮州,2023-04-06,9328
3037,欣興,10,1,9,華南永昌-潮州,2023-04-06,9328
00882,中信中國高股息,8,0,8,華南永昌-潮州,2023-04-06,9328
3664,安瑞-KY,8,0,8,華南永昌-潮州,2023-04-06,9328
6548,長科*,9,1,8,華南永昌-潮州,2023-04-06,9328
5309,系統電,8,0,8,華南永昌-潮州,2023-04-06,9328
1417,嘉裕,7,0,7,華南永昌-潮州,2023-04-06,9328
2457,飛宏,11,4,7,華南永昌-潮州,2023-04-06,9328
2498,宏達電,11,4,7,華南永昌-潮州,2023-04-06,9328
5353,台林,7,0,7,華南永昌-潮州,2023-04-06,9328
00713,元大台灣高息低波,6,0,6,華南永昌-潮州,2023-04-06,9328
2891,中信金,6,0,6,華南永昌-潮州,2023-04-06,9328
2204,中華,6,0,6,華南永昌-潮州,2023-04-06,9328
6523,達爾膚,6,0,6,華南永昌-潮州,2023-04-06,9328
00902,中信電池及儲能,5,0,5,華南永昌-潮州,2023-04-06,9328
00655L,國泰中國A50正2,5,0,5,華南永昌-潮州,2023-04-06,9328
1611,中電,5,0,5,華南永昌-潮州,2023-04-06,9328
1907,永豐餘,5,0,5,華南永昌-潮州,2023-04-06,9328
2748,雲品,9,4,5,華南永昌-潮州,2023-04-06,9328
3211,順達,5,0,5,華南永昌-潮州,2023-04-06,9328
2471,資通,111,10,101,華南永昌-潮州,2023-04-07,9328
8046,南電,101,0,101,華南永昌-潮州,2023-04-07,9328
3479,安勤,90,1,89,華南永昌-潮州,2023-04-07,9328
6125,廣運,50,0,50,華南永昌-潮州,2023-04-07,9328
00712,復華富時不動產,48,0,48,華南永昌-潮州,2023-04-07,9328
8112,至上,41,0,41,華南永昌-潮州,2023-04-07,9328
4564,元翎,30,2,28,華南永昌-潮州,2023-04-07,9328
6531,愛普*,25,0,25,華南永昌-潮州,2023-04-07,9328
6235,華孚,41,18,23,華南永昌-潮州,2023-04-07,9328
2888,新光金,21,0,21,華南永昌-潮州,2023-04-07,9328
00706L,期元大S＆P日圓正2,20,0,20,華南永昌-潮州,2023-04-07,9328
3577,泓格,20,0,20,華南永昌-潮州,2023-04-07,9328
1303,南亞,20,1,19,華南永昌-潮州,2023-04-07,9328
4934,太極,19,1,18,華南永昌-潮州,2023-04-07,9328
00912,中信臺灣智慧50,15,0,15,華南永昌-潮州,2023-04-07,9328
2609,陽明,30,15,15,華南永昌-潮州,2023-04-07,9328
6756,威鋒電子,14,0,14,華南永昌-潮州,2023-04-07,9328
4111,濟生,13,0,13,華南永昌-潮州,2023-04-07,9328
6417,韋僑,13,0,13,華南永昌-潮州,2023-04-07,9328
8936,國統,13,0,13,華南永昌-潮州,2023-04-07,9328
1314,中石化,12,0,12,華南永昌-潮州,2023-04-07,9328
2618,長榮航,34,22,12,華南永昌-潮州,2023-04-07,9328
1560,中砂,15,4,11,華南永昌-潮州,2023-04-07,9328
2427,三商電,11,0,11,華南永昌-潮州,2023-04-07,9328
3704,合勤控,12,1,11,華南永昌-潮州,2023-04-07,9328
0052,富邦科技,10,0,10,華南永昌-潮州,2023-04-07,9328
1905,華紙,10,0,10,華南永昌-潮州,2023-04-07,9328
2009,第一銅,10,0,10,華南永昌-潮州,2023-04-07,9328
6245,立端,10,0,10,華南永昌-潮州,2023-04-07,9328
2324,仁寶,9,0,9,華南永昌-潮州,2023-04-07,9328
2498,宏達電,9,0,9,華南永昌-潮州,2023-04-07,9328
5465,富驊,10,1,9,華南永昌-潮州,2023-04-07,9328
6509,聚和,10,1,9,華南永昌-潮州,2023-04-07,9328
2645,長榮航太,8,0,8,華南永昌-潮州,2023-04-07,9328
2489,瑞軒,10,3,7,華南永昌-潮州,2023-04-07,9328
3447,展達,7,0,7,華南永昌-潮州,2023-04-07,9328
8069,元太,6,0,6,華南永昌-潮州,2023-04-07,9328
2484,希華,20,14,6,華南永昌-潮州,2023-04-07,9328
00679B,元大美債20年,8,2,6,華南永昌-潮州,2023-04-07,9328
2302,麗正,22,16,6,華南永昌-潮州,2023-04-07,9328
2369,菱生,6,0,6,華南永昌-潮州,2023-04-07,9328
00632R,元大台灣50反1,5,0,5,華南永昌-潮州,2023-04-07,9328
2027,大成鋼,7,2,5,華南永昌-潮州,2023-04-07,9328
00888,永豐台灣ESG,5,0,5,華南永昌-潮州,2023-04-07,9328
00680L,元大美債20正2,5,0,5,華南永昌-潮州,2023-04-07,9328
00648R,元大S＆P500反1,5,0,5,華南永昌-潮州,2023-04-07,9328
2034,允強,5,0,5,華南永昌-潮州,2023-04-07,9328
2331,精英,5,0,5,華南永昌-潮州,2023-04-07,9328
3017,奇鋐,6,1,5,華南永昌-潮州,2023-04-07,9328
3038,全台,5,0,5,華南永昌-潮州,2023-04-07,9328
2014,中鴻,56,4,52,華南永昌-潮州,2023-04-10,9328
2834,臺企銀,52,0,52,華南永昌-潮州,2023-04-10,9328
00751B,元大AAA至A公司債,51,0,51,華南永昌-潮州,2023-04-10,9328
1609,大亞,59,25,34,華南永昌-潮州,2023-04-10,9328
5388,中磊,30,0,30,華南永昌-潮州,2023-04-10,9328
00902,中信電池及儲能,30,0,30,華南永昌-潮州,2023-04-10,9328
2402,毅嘉,39,11,28,華南永昌-潮州,2023-04-10,9328
6770,力積電,23,0,23,華南永昌-潮州,2023-04-10,9328
00680L,元大美債20正2,22,0,22,華南永昌-潮州,2023-04-10,9328
3011,今皓,21,0,21,華南永昌-潮州,2023-04-10,9328
1605,華新,22,2,20,華南永昌-潮州,2023-04-10,9328
3535,晶彩科,20,0,20,華南永昌-潮州,2023-04-10,9328
6134,萬旭,20,0,20,華南永昌-潮州,2023-04-10,9328
9925,新保,20,0,20,華南永昌-潮州,2023-04-10,9328
2498,宏達電,35,16,19,華南永昌-潮州,2023-04-10,9328
00679B,元大美債20年,17,1,16,華南永昌-潮州,2023-04-10,9328
00706L,期元大S＆P日圓正2,15,0,15,華南永昌-潮州,2023-04-10,9328
00632R,元大台灣50反1,11,0,11,華南永昌-潮州,2023-04-10,9328
4541,晟田,11,0,11,華南永昌-潮州,2023-04-10,9328
2607,榮運,10,0,10,華南永昌-潮州,2023-04-10,9328
2630,亞航,10,0,10,華南永昌-潮州,2023-04-10,9328
3652,精聯,10,0,10,華南永昌-潮州,2023-04-10,9328
4967,十銓,27,17,10,華南永昌-潮州,2023-04-10,9328
1303,南亞,10,0,10,華南永昌-潮州,2023-04-10,9328
3027,盛達,10,1,9,華南永昌-潮州,2023-04-10,9328
6163,華電網,15,6,9,華南永昌-潮州,2023-04-10,9328
8358,金居,10,1,9,華南永昌-潮州,2023-04-10,9328
6197,佳必琪,8,0,8,華南永昌-潮州,2023-04-10,9328
3019,亞光,9,1,8,華南永昌-潮州,2023-04-10,9328
00878,國泰永續高股息,8,0,8,華南永昌-潮州,2023-04-10,9328
00912,中信臺灣智慧50,8,0,8,華南永昌-潮州,2023-04-10,9328
2332,友訊,8,0,8,華南永昌-潮州,2023-04-10,9328
3715,定穎投控,15,7,8,華南永昌-潮州,2023-04-10,9328
5011,久陽,11,3,8,華南永昌-潮州,2023-04-10,9328
6288,聯嘉,12,4,8,華南永昌-潮州,2023-04-10,9328
3231,緯創,36,29,7,華南永昌-潮州,2023-04-10,9328
2028,威致,7,0,7,華南永昌-潮州,2023-04-10,9328
2367,燿華,7,0,7,華南永昌-潮州,2023-04-10,9328
00712,復華富時不動產,7,0,7,華南永昌-潮州,2023-04-10,9328
2356,英業達,7,0,7,華南永昌-潮州,2023-04-10,9328
4743,合一,28,22,6,華南永昌-潮州,2023-04-10,9328
2405,輔信,6,0,6,華南永昌-潮州,2023-04-10,9328
2352,佳世達,6,0,6,華南永昌-潮州,2023-04-10,9328
2457,飛宏,19,13,6,華南永昌-潮州,2023-04-10,9328
2618,長榮航,7,1,6,華南永昌-潮州,2023-04-10,9328
6168,宏齊,6,0,6,華南永昌-潮州,2023-04-10,9328
8222,寶一,9,3,6,華南永昌-潮州,2023-04-10,9328
9962,有益,6,0,6,華南永昌-潮州,2023-04-10,9328
3005,神基,6,0,6,華南永昌-潮州,2023-04-10,9328
2313,華通,10,4,6,華南永昌-潮州,2023-04-10,9328
00907,永豐優息存股,200,0,200,華南永昌-潮州,2023-04-11,9328
6111,大宇資,122,1,121,華南永昌-潮州,2023-04-11,9328
2867,三商壽,105,27,78,華南永昌-潮州,2023-04-11,9328
00632R,元大台灣50反1,68,0,68,華南永昌-潮州,2023-04-11,9328
6125,廣運,61,1,60,華南永昌-潮州,2023-04-11,9328
8105,凌巨,30,0,30,華南永昌-潮州,2023-04-11,9328
6217,中探針,25,4,21,華南永昌-潮州,2023-04-11,9328
2303,聯電,21,1,20,華南永昌-潮州,2023-04-11,9328
2332,友訊,20,0,20,華南永昌-潮州,2023-04-11,9328
3447,展達,20,0,20,華南永昌-潮州,2023-04-11,9328
6129,普誠,21,1,20,華南永昌-潮州,2023-04-11,9328
2413,環科,19,0,19,華南永昌-潮州,2023-04-11,9328
5388,中磊,20,1,19,華南永昌-潮州,2023-04-11,9328
6278,台表科,23,4,19,華南永昌-潮州,2023-04-11,9328
8261,富鼎,20,2,18,華南永昌-潮州,2023-04-11,9328
00720B,元大投資級公司債,17,0,17,華南永昌-潮州,2023-04-11,9328
00712,復華富時不動產,17,0,17,華南永昌-潮州,2023-04-11,9328
8028,昇陽半導體,17,0,17,華南永昌-潮州,2023-04-11,9328
1503,士電,37,21,16,華南永昌-潮州,2023-04-11,9328
8916,光隆,15,0,15,華南永昌-潮州,2023-04-11,9328
00637L,元大滬深300正2,15,0,15,華南永昌-潮州,2023-04-11,9328
4545,銘鈺,15,0,15,華南永昌-潮州,2023-04-11,9328
2419,仲琦,13,0,13,華南永昌-潮州,2023-04-11,9328
00679B,元大美債20年,12,0,12,華南永昌-潮州,2023-04-11,9328
2634,漢翔,25,13,12,華南永昌-潮州,2023-04-11,9328
2614,東森,11,0,11,華南永昌-潮州,2023-04-11,9328
6443,元晶,21,10,11,華南永昌-潮州,2023-04-11,9328
8358,金居,10,0,10,華南永昌-潮州,2023-04-11,9328
1319,東陽,10,0,10,華南永昌-潮州,2023-04-11,9328
1303,南亞,10,0,10,華南永昌-潮州,2023-04-11,9328
2399,映泰,10,0,10,華南永昌-潮州,2023-04-11,9328
6706,惠特,10,0,10,華南永昌-潮州,2023-04-11,9328
4927,泰鼎-KY,10,1,9,華南永昌-潮州,2023-04-11,9328
1504,東元,21,13,8,華南永昌-潮州,2023-04-11,9328
2883B,凱基金乙特,8,0,8,華南永昌-潮州,2023-04-11,9328
5353,台林,10,2,8,華南永昌-潮州,2023-04-11,9328
8234,新漢,8,0,8,華南永昌-潮州,2023-04-11,9328
4953,緯軟,7,0,7,華南永昌-潮州,2023-04-11,9328
1101,台泥,12,6,6,華南永昌-潮州,2023-04-11,9328
2431,聯昌,6,0,6,華南永昌-潮州,2023-04-11,9328
3037,欣興,9,3,6,華南永昌-潮州,2023-04-11,9328
3162,精確,6,0,6,華南永昌-潮州,2023-04-11,9328
3264,欣銓,6,0,6,華南永昌-潮州,2023-04-11,9328
6163,華電網,24,18,6,華南永昌-潮州,2023-04-11,9328
6209,今國光,8,2,6,華南永昌-潮州,2023-04-11,9328
6229,研通,6,0,6,華南永昌-潮州,2023-04-11,9328
6753,龍德造船,6,0,6,華南永昌-潮州,2023-04-11,9328
3714,富采,8,2,6,華南永昌-潮州,2023-04-11,9328
00772B,中信高評級公司債,5,0,5,華南永昌-潮州,2023-04-11,9328
2885,元大金,5,0,5,華南永昌-潮州,2023-04-11,9328
1101,台泥,216,3,213,華南永昌-潮州,2023-04-12,9328
2634,漢翔,113,31,82,華南永昌-潮州,2023-04-12,9328
1609,大亞,75,44,31,華南永昌-潮州,2023-04-12,9328
00665L,富邦�琤肭磪囓�2,21,0,21,華南永昌-潮州,2023-04-12,9328
00632R,元大台灣50反1,20,0,20,華南永昌-潮州,2023-04-12,9328
8227,巨有科技,20,0,20,華南永昌-潮州,2023-04-12,9328
00712,復華富時不動產,20,0,20,華南永昌-潮州,2023-04-12,9328
00680L,元大美債20正2,17,0,17,華南永昌-潮州,2023-04-12,9328
2897,王道銀行,16,0,16,華南永昌-潮州,2023-04-12,9328
6111,大宇資,16,0,16,華南永昌-潮州,2023-04-12,9328
2414,精技,15,0,15,華南永昌-潮州,2023-04-12,9328
3231,緯創,42,27,15,華南永昌-潮州,2023-04-12,9328
6150,撼訊,14,0,14,華南永昌-潮州,2023-04-12,9328
00679B,元大美債20年,13,0,13,華南永昌-潮州,2023-04-12,9328
00881,國泰台灣5G+,12,0,12,華南永昌-潮州,2023-04-12,9328
006208,富邦台50,12,0,12,華南永昌-潮州,2023-04-12,9328
3577,泓格,12,0,12,華南永昌-潮州,2023-04-12,9328
00902,中信電池及儲能,26,15,11,華南永昌-潮州,2023-04-12,9328
3162,精確,11,0,11,華南永昌-潮州,2023-04-12,9328
2427,三商電,10,0,10,華南永昌-潮州,2023-04-12,9328
00637L,元大滬深300正2,25,15,10,華南永昌-潮州,2023-04-12,9328
1905,華紙,10,0,10,華南永昌-潮州,2023-04-12,9328
3346,麗清,10,0,10,華南永昌-潮州,2023-04-12,9328
3652,精聯,10,0,10,華南永昌-潮州,2023-04-12,9328
4541,晟田,11,1,10,華南永昌-潮州,2023-04-12,9328
6134,萬旭,11,1,10,華南永昌-潮州,2023-04-12,9328
6188,廣明,11,1,10,華南永昌-潮州,2023-04-12,9328
6245,立端,11,1,10,華南永昌-潮州,2023-04-12,9328
8916,光隆,10,0,10,華南永昌-潮州,2023-04-12,9328
00713,元大台灣高息低波,10,0,10,華南永昌-潮州,2023-04-12,9328
6861,睿生光電,10,1,9,華南永昌-潮州,2023-04-12,9328
5371,中光電,10,1,9,華南永昌-潮州,2023-04-12,9328
8070,長華*,9,0,9,華南永昌-潮州,2023-04-12,9328
2313,華通,15,7,8,華南永昌-潮州,2023-04-12,9328
1504,東元,29,21,8,華南永昌-潮州,2023-04-12,9328
3548,兆利,8,0,8,華南永昌-潮州,2023-04-12,9328
3715,定穎投控,11,3,8,華南永昌-潮州,2023-04-12,9328
8028,昇陽半導體,9,1,8,華南永昌-潮州,2023-04-12,9328
2317,鴻海,8,1,7,華南永昌-潮州,2023-04-12,9328
1513,中興電,24,17,7,華南永昌-潮州,2023-04-12,9328
3138,耀登,9,2,7,華南永昌-潮州,2023-04-12,9328
5488,松普,7,0,7,華南永昌-潮州,2023-04-12,9328
2867,三商壽,17,10,7,華南永昌-潮州,2023-04-12,9328
3056,富華新,6,0,6,華南永昌-潮州,2023-04-12,9328
3217,優群,6,0,6,華南永昌-潮州,2023-04-12,9328
3236,千如,6,0,6,華南永昌-潮州,2023-04-12,9328
3664,安瑞-KY,6,0,6,華南永昌-潮州,2023-04-12,9328
6235,華孚,16,10,6,華南永昌-潮州,2023-04-12,9328
2609,陽明,8,3,5,華南永昌-潮州,2023-04-12,9328
4119,旭富,6,1,5,華南永昌-潮州,2023-04-12,9328
00673R,期元大S＆P原油反1,300,0,300,華南永昌-潮州,2023-04-13,9328
00632R,元大台灣50反1,115,3,112,華南永昌-潮州,2023-04-13,9328
00751B,元大AAA至A公司債,51,0,51,華南永昌-潮州,2023-04-13,9328
2344,華邦電,37,0,37,華南永昌-潮州,2023-04-13,9328
2547,日勝生,35,0,35,華南永昌-潮州,2023-04-13,9328
00665L,富邦�琤肭磪囓�2,32,0,32,華南永昌-潮州,2023-04-13,9328
1752,南光,45,13,32,華南永昌-潮州,2023-04-13,9328
2367,燿華,32,1,31,華南永昌-潮州,2023-04-13,9328
2204,中華,30,0,30,華南永昌-潮州,2023-04-13,9328
3576,聯合再生,54,27,27,華南永昌-潮州,2023-04-13,9328
00888,永豐台灣ESG,25,0,25,華南永昌-潮州,2023-04-13,9328
3711,日月光投控,25,0,25,華南永昌-潮州,2023-04-13,9328
2388,威盛,25,1,24,華南永昌-潮州,2023-04-13,9328
00878,國泰永續高股息,36,13,23,華南永昌-潮州,2023-04-13,9328
6127,九豪,24,2,22,華南永昌-潮州,2023-04-13,9328
3231,緯創,41,20,21,華南永昌-潮州,2023-04-13,9328
2867,三商壽,34,14,20,華南永昌-潮州,2023-04-13,9328
00912,中信臺灣智慧50,20,0,20,華南永昌-潮州,2023-04-13,9328
1464,得力,20,0,20,華南永昌-潮州,2023-04-13,9328
1733,五鼎,20,0,20,華南永昌-潮州,2023-04-13,9328
00712,復華富時不動產,20,0,20,華南永昌-潮州,2023-04-13,9328
1314,中石化,28,11,17,華南永昌-潮州,2023-04-13,9328
5227,立凱-KY,17,0,17,華南永昌-潮州,2023-04-13,9328
2408,南亞科,16,0,16,華南永昌-潮州,2023-04-13,9328
6229,研通,22,6,16,華南永昌-潮州,2023-04-13,9328
2634,漢翔,53,38,15,華南永昌-潮州,2023-04-13,9328
4931,新盛力,13,0,13,華南永昌-潮州,2023-04-13,9328
2458,義隆,13,0,13,華南永昌-潮州,2023-04-13,9328
8936,國統,20,7,13,華南永昌-潮州,2023-04-13,9328
2449,京元電子,12,0,12,華南永昌-潮州,2023-04-13,9328
5351,鈺創,14,2,12,華南永昌-潮州,2023-04-13,9328
006208,富邦台50,11,0,11,華南永昌-潮州,2023-04-13,9328
6861,睿生光電,11,0,11,華南永昌-潮州,2023-04-13,9328
1503,士電,43,32,11,華南永昌-潮州,2023-04-13,9328
1611,中電,14,3,11,華南永昌-潮州,2023-04-13,9328
5309,系統電,11,0,11,華南永昌-潮州,2023-04-13,9328
6288,聯嘉,11,0,11,華南永昌-潮州,2023-04-13,9328
1452,宏益,10,0,10,華南永昌-潮州,2023-04-13,9328
2392,正崴,10,0,10,華南永昌-潮州,2023-04-13,9328
2601,益航,10,0,10,華南永昌-潮州,2023-04-13,9328
2888,新光金,12,2,10,華南永昌-潮州,2023-04-13,9328
3048,益登,10,0,10,華南永昌-潮州,2023-04-13,9328
3058,立德,10,0,10,華南永昌-潮州,2023-04-13,9328
4167,松瑞藥,10,0,10,華南永昌-潮州,2023-04-13,9328
4190,佐登-KY,10,0,10,華南永昌-潮州,2023-04-13,9328
4916,事欣科,11,1,10,華南永昌-潮州,2023-04-13,9328
6197,佳必琪,10,0,10,華南永昌-潮州,2023-04-13,9328
8110,華東,10,0,10,華南永昌-潮州,2023-04-13,9328
2489,瑞軒,10,0,10,華南永昌-潮州,2023-04-13,9328
2206,三陽工業,12,2,10,華南永昌-潮州,2023-04-13,9328
8046,南電,104,2,102,華南永昌-潮州,2023-04-14,9328
2002,中鋼,61,1,60,華南永昌-潮州,2023-04-14,9328
6248,沛波,58,0,58,華南永昌-潮州,2023-04-14,9328
6861,睿生光電,52,0,52,華南永昌-潮州,2023-04-14,9328
6163,華電網,46,3,43,華南永昌-潮州,2023-04-14,9328
5704,老爺知,33,1,32,華南永昌-潮州,2023-04-14,9328
2303,聯電,29,1,28,華南永昌-潮州,2023-04-14,9328
2634,漢翔,116,90,26,華南永昌-潮州,2023-04-14,9328
3049,精金,29,3,26,華南永昌-潮州,2023-04-14,9328
3481,群創,58,33,25,華南永昌-潮州,2023-04-14,9328
2344,華邦電,24,2,22,華南永昌-潮州,2023-04-14,9328
8105,凌巨,21,0,21,華南永昌-潮州,2023-04-14,9328
2208,台船,90,69,21,華南永昌-潮州,2023-04-14,9328
00632R,元大台灣50反1,20,0,20,華南永昌-潮州,2023-04-14,9328
2358,廷鑫,20,0,20,華南永昌-潮州,2023-04-14,9328
2481,強茂,21,1,20,華南永昌-潮州,2023-04-14,9328
2845,遠東銀,20,0,20,華南永昌-潮州,2023-04-14,9328
5225,東科-KY,20,0,20,華南永昌-潮州,2023-04-14,9328
8222,寶一,38,18,20,華南永昌-潮州,2023-04-14,9328
2359,所羅門,25,5,20,華南永昌-潮州,2023-04-14,9328
00878,國泰永續高股息,24,8,16,華南永昌-潮州,2023-04-14,9328
3058,立德,20,4,16,華南永昌-潮州,2023-04-14,9328
00679B,元大美債20年,15,0,15,華南永昌-潮州,2023-04-14,9328
2382,廣達,14,0,14,華南永昌-潮州,2023-04-14,9328
2547,日勝生,14,0,14,華南永昌-潮州,2023-04-14,9328
2342,茂矽,14,0,14,華南永昌-潮州,2023-04-14,9328
00712,復華富時不動產,13,0,13,華南永昌-潮州,2023-04-14,9328
1514,亞力,28,15,13,華南永昌-潮州,2023-04-14,9328
2515,中工,19,7,12,華南永昌-潮州,2023-04-14,9328
2468,華經,11,0,11,華南永昌-潮州,2023-04-14,9328
00772B,中信高評級公司債,11,0,11,華南永昌-潮州,2023-04-14,9328
00637L,元大滬深300正2,26,16,10,華南永昌-潮州,2023-04-14,9328
2614,東森,10,0,10,華南永昌-潮州,2023-04-14,9328
2736,富野,10,0,10,華南永昌-潮州,2023-04-14,9328
3591,艾笛森,10,0,10,華南永昌-潮州,2023-04-14,9328
3686,達能,10,0,10,華南永昌-潮州,2023-04-14,9328
4543,萬在,10,0,10,華南永昌-潮州,2023-04-14,9328
6134,萬旭,14,4,10,華南永昌-潮州,2023-04-14,9328
6231,系微,10,0,10,華南永昌-潮州,2023-04-14,9328
8112,至上,10,0,10,華南永昌-潮州,2023-04-14,9328
3038,全台,10,0,10,華南永昌-潮州,2023-04-14,9328
1312,國喬,10,0,10,華南永昌-潮州,2023-04-14,9328
3025,星通,9,0,9,華南永昌-潮州,2023-04-14,9328
1752,南光,29,20,9,華南永昌-潮州,2023-04-14,9328
5353,台林,10,1,9,華南永昌-潮州,2023-04-14,9328
3094,聯傑,8,0,8,華南永昌-潮州,2023-04-14,9328
5465,富驊,21,13,8,華南永昌-潮州,2023-04-14,9328
6026,福邦證,8,0,8,華南永昌-潮州,2023-04-14,9328
00720B,元大投資級公司債,7,0,7,華南永昌-潮州,2023-04-14,9328
4931,新盛力,7,0,7,華南永昌-潮州,2023-04-14,9328
9110,越南控-DR,70,0,70,華南永昌-潮州,2023-04-17,9328
4953,緯軟,60,10,50,華南永昌-潮州,2023-04-17,9328
2610,華航,53,10,43,華南永昌-潮州,2023-04-17,9328
2002,中鋼,38,6,32,華南永昌-潮州,2023-04-17,9328
00712,復華富時不動產,32,0,32,華南永昌-潮州,2023-04-17,9328
1605,華新,35,7,28,華南永昌-潮州,2023-04-17,9328
3481,群創,58,30,28,華南永昌-潮州,2023-04-17,9328
6861,睿生光電,27,0,27,華南永昌-潮州,2023-04-17,9328
4541,晟田,48,22,26,華南永昌-潮州,2023-04-17,9328
2014,中鴻,26,0,26,華南永昌-潮州,2023-04-17,9328
2208,台船,55,30,25,華南永昌-潮州,2023-04-17,9328
3013,晟銘電,28,6,22,華南永昌-潮州,2023-04-17,9328
6142,友勁,22,0,22,華南永昌-潮州,2023-04-17,9328
1444,力麗,21,0,21,華南永昌-潮州,2023-04-17,9328
1727,中華化,20,0,20,華南永昌-潮州,2023-04-17,9328
2425,承啟,20,0,20,華南永昌-潮州,2023-04-17,9328
3710,連展投控,20,0,20,華南永昌-潮州,2023-04-17,9328
2617,台航,18,0,18,華南永昌-潮州,2023-04-17,9328
6547,高端疫苗,22,4,18,華南永昌-潮州,2023-04-17,9328
2206,三陽工業,37,20,17,華南永昌-潮州,2023-04-17,9328
2453,凌群,22,5,17,華南永昌-潮州,2023-04-17,9328
8933,愛地雅,15,0,15,華南永昌-潮州,2023-04-17,9328
00632R,元大台灣50反1,15,0,15,華南永昌-潮州,2023-04-17,9328
2332,友訊,15,0,15,華南永昌-潮州,2023-04-17,9328
2451,創見,15,0,15,華南永昌-潮州,2023-04-17,9328
6235,華孚,28,13,15,華南永昌-潮州,2023-04-17,9328
1529,樂事綠能,22,8,14,華南永昌-潮州,2023-04-17,9328
2867,三商壽,20,6,14,華南永昌-潮州,2023-04-17,9328
6127,九豪,13,1,12,華南永昌-潮州,2023-04-17,9328
7402,邑錡,12,0,12,華南永昌-潮州,2023-04-17,9328
5371,中光電,26,14,12,華南永昌-潮州,2023-04-17,9328
00679B,元大美債20年,13,1,12,華南永昌-潮州,2023-04-17,9328
2481,強茂,15,4,11,華南永昌-潮州,2023-04-17,9328
1229,聯華,11,0,11,華南永昌-潮州,2023-04-17,9328
1710,東聯,10,0,10,華南永昌-潮州,2023-04-17,9328
1733,五鼎,10,0,10,華南永昌-潮州,2023-04-17,9328
2329,華泰,10,0,10,華南永昌-潮州,2023-04-17,9328
4906,正文,12,2,10,華南永昌-潮州,2023-04-17,9328
6116,彩晶,12,2,10,華南永昌-潮州,2023-04-17,9328
6140,訊達,11,1,10,華南永昌-潮州,2023-04-17,9328
6202,盛群,10,0,10,華南永昌-潮州,2023-04-17,9328
2317,鴻海,11,1,10,華南永昌-潮州,2023-04-17,9328
2454,聯發科,9,0,9,華南永昌-潮州,2023-04-17,9328
2344,華邦電,16,7,9,華南永昌-潮州,2023-04-17,9328
1314,中石化,11,2,9,華南永昌-潮州,2023-04-17,9328
3664,安瑞-KY,9,0,9,華南永昌-潮州,2023-04-17,9328
5351,鈺創,11,2,9,華南永昌-潮州,2023-04-17,9328
1717,長興,26,17,9,華南永昌-潮州,2023-04-17,9328
3027,盛達,9,1,8,華南永昌-潮州,2023-04-17,9328
2312,金寶,20,12,8,華南永昌-潮州,2023-04-17,9328
2634,漢翔,96,38,58,華南永昌-潮州,2023-04-18,9328
00632R,元大台灣50反1,52,0,52,華南永昌-潮州,2023-04-18,9328
00670L,富邦NASDAQ正2,52,0,52,華南永昌-潮州,2023-04-18,9328
2409,友達,45,4,41,華南永昌-潮州,2023-04-18,9328
1444,力麗,51,15,36,華南永昌-潮州,2023-04-18,9328
6550,北極星藥業-KY,32,1,31,華南永昌-潮州,2023-04-18,9328
00712,復華富時不動產,30,0,30,華南永昌-潮州,2023-04-18,9328
6861,睿生光電,28,0,28,華南永昌-潮州,2023-04-18,9328
4934,太極,31,3,28,華南永昌-潮州,2023-04-18,9328
2457,飛宏,98,72,26,華南永昌-潮州,2023-04-18,9328
8069,元太,25,1,24,華南永昌-潮州,2023-04-18,9328
00706L,期元大S＆P日圓正2,23,0,23,華南永昌-潮州,2023-04-18,9328
2515,中工,26,4,22,華南永昌-潮州,2023-04-18,9328
2601,益航,33,11,22,華南永昌-潮州,2023-04-18,9328
00878,國泰永續高股息,40,18,22,華南永昌-潮州,2023-04-18,9328
00885,富邦越南,22,0,22,華南永昌-潮州,2023-04-18,9328
3048,益登,20,0,20,華南永昌-潮州,2023-04-18,9328
2748,雲品,27,8,19,華南永昌-潮州,2023-04-18,9328
1605,華新,20,2,18,華南永昌-潮州,2023-04-18,9328
3481,群創,37,21,16,華南永昌-潮州,2023-04-18,9328
2610,華航,22,6,16,華南永昌-潮州,2023-04-18,9328
6109,亞元,15,0,15,華南永昌-潮州,2023-04-18,9328
1809,中釉,14,0,14,華南永昌-潮州,2023-04-18,9328
4931,新盛力,15,1,14,華南永昌-潮州,2023-04-18,9328
00680L,元大美債20正2,13,0,13,華南永昌-潮州,2023-04-18,9328
1504,東元,17,4,13,華南永昌-潮州,2023-04-18,9328
1712,興農,13,0,13,華南永昌-潮州,2023-04-18,9328
00897,富邦基因免疫生技,12,0,12,華南永昌-潮州,2023-04-18,9328
2618,長榮航,12,0,12,華南永昌-潮州,2023-04-18,9328
3062,建漢,12,0,12,華南永昌-潮州,2023-04-18,9328
4714,永捷,12,0,12,華南永昌-潮州,2023-04-18,9328
8210,勤誠,12,0,12,華南永昌-潮州,2023-04-18,9328
2208,台船,32,20,12,華南永昌-潮州,2023-04-18,9328
00679B,元大美債20年,13,2,11,華南永昌-潮州,2023-04-18,9328
4916,事欣科,11,0,11,華南永昌-潮州,2023-04-18,9328
6235,華孚,28,17,11,華南永昌-潮州,2023-04-18,9328
2308,台達電,10,0,10,華南永昌-潮州,2023-04-18,9328
8033,雷虎,46,36,10,華南永昌-潮州,2023-04-18,9328
00688L,國泰20年美債正2,10,0,10,華南永昌-潮州,2023-04-18,9328
1524,耿鼎,12,2,10,華南永昌-潮州,2023-04-18,9328
6127,九豪,10,0,10,華南永昌-潮州,2023-04-18,9328
8150,南茂,10,0,10,華南永昌-潮州,2023-04-18,9328
9110,越南控-DR,10,0,10,華南永昌-潮州,2023-04-18,9328
6753,龍德造船,12,3,9,華南永昌-潮州,2023-04-18,9328
2066,世德,9,0,9,華南永昌-潮州,2023-04-18,9328
2449,京元電子,9,0,9,華南永昌-潮州,2023-04-18,9328
2867,三商壽,8,0,8,華南永昌-潮州,2023-04-18,9328
2413,環科,9,1,8,華南永昌-潮州,2023-04-18,9328
5608,四維航,9,1,8,華南永昌-潮州,2023-04-18,9328
00720B,元大投資級公司債,7,0,7,華南永昌-潮州,2023-04-18,9328
8936,國統,150,0,150,華南永昌-潮州,2023-04-19,9328
1810,和成,112,29,83,華南永昌-潮州,2023-04-19,9328
00665L,富邦�琤肭磪囓�2,70,0,70,華南永昌-潮州,2023-04-19,9328
00888,永豐台灣ESG,62,0,62,華南永昌-潮州,2023-04-19,9328
2889,國票金,51,0,51,華南永昌-潮州,2023-04-19,9328
00878,國泰永續高股息,54,4,50,華南永昌-潮州,2023-04-19,9328
6248,沛波,50,2,48,華南永昌-潮州,2023-04-19,9328
6109,亞元,40,0,40,華南永昌-潮州,2023-04-19,9328
00712,復華富時不動產,37,0,37,華南永昌-潮州,2023-04-19,9328
00912,中信臺灣智慧50,34,0,34,華南永昌-潮州,2023-04-19,9328
2409,友達,34,0,34,華南永昌-潮州,2023-04-19,9328
6443,元晶,61,32,29,華南永昌-潮州,2023-04-19,9328
00907,永豐優息存股,30,2,28,華南永昌-潮州,2023-04-19,9328
4564,元翎,30,3,27,華南永昌-潮州,2023-04-19,9328
6116,彩晶,25,2,23,華南永昌-潮州,2023-04-19,9328
2637,慧洋-KY,21,0,21,華南永昌-潮州,2023-04-19,9328
00679B,元大美債20年,21,0,21,華南永昌-潮州,2023-04-19,9328
00900,富邦特選高股息30,20,0,20,華南永昌-潮州,2023-04-19,9328
2302,麗正,20,0,20,華南永昌-潮州,2023-04-19,9328
2495,普安,23,5,18,華南永昌-潮州,2023-04-19,9328
6152,百一,17,0,17,華南永昌-潮州,2023-04-19,9328
8222,寶一,39,22,17,華南永昌-潮州,2023-04-19,9328
2458,義隆,15,0,15,華南永昌-潮州,2023-04-19,9328
6770,力積電,16,1,15,華南永昌-潮州,2023-04-19,9328
3037,欣興,16,1,15,華南永昌-潮州,2023-04-19,9328
2324,仁寶,27,12,15,華南永昌-潮州,2023-04-19,9328
2471,資通,19,5,14,華南永昌-潮州,2023-04-19,9328
3673,TPK-KY,28,14,14,華南永昌-潮州,2023-04-19,9328
00751B,元大AAA至A公司債,13,0,13,華南永昌-潮州,2023-04-19,9328
8933,愛地雅,13,0,13,華南永昌-潮州,2023-04-19,9328
4114,健喬,28,16,12,華南永昌-潮州,2023-04-19,9328
3711,日月光投控,12,0,12,華南永昌-潮州,2023-04-19,9328
00923,群益台ESG低碳50,12,0,12,華南永昌-潮州,2023-04-19,9328
2484,希華,12,0,12,華南永昌-潮州,2023-04-19,9328
2845,遠東銀,20,8,12,華南永昌-潮州,2023-04-19,9328
3047,訊舟,23,11,12,華南永昌-潮州,2023-04-19,9328
0056,元大高股息,12,1,11,華南永昌-潮州,2023-04-19,9328
2388,威盛,13,2,11,華南永昌-潮州,2023-04-19,9328
2888,新光金,21,10,11,華南永昌-潮州,2023-04-19,9328
00753L,中信中國50正2,10,0,10,華南永昌-潮州,2023-04-19,9328
00706L,期元大S＆P日圓正2,20,10,10,華南永昌-潮州,2023-04-19,9328
2328,廣宇,10,0,10,華南永昌-潮州,2023-04-19,9328
2897,王道銀行,10,0,10,華南永昌-潮州,2023-04-19,9328
3049,精金,10,0,10,華南永昌-潮州,2023-04-19,9328
5478,智冠,10,0,10,華南永昌-潮州,2023-04-19,9328
6160,欣技,13,3,10,華南永昌-潮州,2023-04-19,9328
6411,晶焱,13,3,10,華南永昌-潮州,2023-04-19,9328
1444,力麗,14,5,9,華南永昌-潮州,2023-04-19,9328
3004,豐達科,26,17,9,華南永昌-潮州,2023-04-19,9328
6288,聯嘉,12,3,9,華南永昌-潮州,2023-04-19,9328
6150,撼訊,138,16,122,華南永昌-潮州,2023-04-20,9328
2610,華航,53,0,53,華南永昌-潮州,2023-04-20,9328
6770,力積電,46,0,46,華南永昌-潮州,2023-04-20,9328
6282,康舒,148,108,40,華南永昌-潮州,2023-04-20,9328
3652,精聯,35,3,32,華南永昌-潮州,2023-04-20,9328
3231,緯創,35,5,30,華南永昌-潮州,2023-04-20,9328
2409,友達,32,7,25,華南永昌-潮州,2023-04-20,9328
2014,中鴻,26,1,25,華南永昌-潮州,2023-04-20,9328
6288,聯嘉,27,3,24,華南永昌-潮州,2023-04-20,9328
00665L,富邦�琤肭磪囓�2,40,20,20,華南永昌-潮州,2023-04-20,9328
1444,力麗,20,0,20,華南永昌-潮州,2023-04-20,9328
6231,系微,18,0,18,華南永昌-潮州,2023-04-20,9328
3481,群創,33,16,17,華南永昌-潮州,2023-04-20,9328
2342,茂矽,16,0,16,華南永昌-潮州,2023-04-20,9328
1605,華新,18,2,16,華南永昌-潮州,2023-04-20,9328
8358,金居,25,10,15,華南永昌-潮州,2023-04-20,9328
6142,友勁,15,0,15,華南永昌-潮州,2023-04-20,9328
1802,台玻,21,7,14,華南永昌-潮州,2023-04-20,9328
00713,元大台灣高息低波,14,0,14,華南永昌-潮州,2023-04-20,9328
00878,國泰永續高股息,20,7,13,華南永昌-潮州,2023-04-20,9328
2498,宏達電,20,7,13,華南永昌-潮州,2023-04-20,9328
2484,希華,19,6,13,華南永昌-潮州,2023-04-20,9328
00679B,元大美債20年,13,0,13,華南永昌-潮州,2023-04-20,9328
00720B,元大投資級公司債,13,0,13,華南永昌-潮州,2023-04-20,9328
2457,飛宏,31,18,13,華南永昌-潮州,2023-04-20,9328
3576,聯合再生,12,0,12,華南永昌-潮州,2023-04-20,9328
1319,東陽,12,0,12,華南永昌-潮州,2023-04-20,9328
1909,榮成,19,7,12,華南永昌-潮州,2023-04-20,9328
2208,台船,15,3,12,華南永昌-潮州,2023-04-20,9328
2913,農林,16,4,12,華南永昌-潮州,2023-04-20,9328
1303,南亞,11,0,11,華南永昌-潮州,2023-04-20,9328
3294,英濟,11,0,11,華南永昌-潮州,2023-04-20,9328
6290,良維,10,0,10,華南永昌-潮州,2023-04-20,9328
00715L,期街口布蘭特正2,15,5,10,華南永昌-潮州,2023-04-20,9328
00637L,元大滬深300正2,10,0,10,華南永昌-潮州,2023-04-20,9328
2547,日勝生,10,0,10,華南永昌-潮州,2023-04-20,9328
2618,長榮航,10,0,10,華南永昌-潮州,2023-04-20,9328
3305,昇貿,10,0,10,華南永昌-潮州,2023-04-20,9328
3540,曜越,10,0,10,華南永昌-潮州,2023-04-20,9328
3673,TPK-KY,10,0,10,華南永昌-潮州,2023-04-20,9328
3682,亞太電,10,0,10,華南永昌-潮州,2023-04-20,9328
6547,高端疫苗,12,2,10,華南永昌-潮州,2023-04-20,9328
6651,全宇昕,10,0,10,華南永昌-潮州,2023-04-20,9328
5227,立凱-KY,10,0,10,華南永昌-潮州,2023-04-20,9328
2303,聯電,11,2,9,華南永昌-潮州,2023-04-20,9328
1717,長興,11,2,9,華南永昌-潮州,2023-04-20,9328
3532,台勝科,9,0,9,華南永昌-潮州,2023-04-20,9328
2834,臺企銀,9,1,8,華南永昌-潮州,2023-04-20,9328
2324,仁寶,11,3,8,華南永昌-潮州,2023-04-20,9328
2062,橋椿,8,0,8,華南永昌-潮州,2023-04-20,9328
6244,茂迪,170,76,94,華南永昌-潮州,2023-04-21,9328
6733,博晟生醫,46,3,43,華南永昌-潮州,2023-04-21,9328
00715L,期街口布蘭特正2,38,0,38,華南永昌-潮州,2023-04-21,9328
1611,中電,63,31,32,華南永昌-潮州,2023-04-21,9328
6770,力積電,38,10,28,華南永昌-潮州,2023-04-21,9328
6167,久正,29,1,28,華南永昌-潮州,2023-04-21,9328
00751B,元大AAA至A公司債,25,0,25,華南永昌-潮州,2023-04-21,9328
2014,中鴻,30,7,23,華南永昌-潮州,2023-04-21,9328
2002,中鋼,23,1,22,華南永昌-潮州,2023-04-21,9328
4119,旭富,20,0,20,華南永昌-潮州,2023-04-21,9328
1444,力麗,20,0,20,華南永昌-潮州,2023-04-21,9328
1409,新纖,39,20,19,華南永昌-潮州,2023-04-21,9328
2913,農林,31,12,19,華南永昌-潮州,2023-04-21,9328
4743,合一,43,25,18,華南永昌-潮州,2023-04-21,9328
2481,強茂,29,12,17,華南永昌-潮州,2023-04-21,9328
3058,立德,17,0,17,華南永昌-潮州,2023-04-21,9328
2736,富野,16,0,16,華南永昌-潮州,2023-04-21,9328
2645,長榮航太,16,1,15,華南永昌-潮州,2023-04-21,9328
1524,耿鼎,18,3,15,華南永昌-潮州,2023-04-21,9328
0056,元大高股息,14,0,14,華南永昌-潮州,2023-04-21,9328
1907,永豐餘,26,13,13,華南永昌-潮州,2023-04-21,9328
2453,凌群,17,4,13,華南永昌-潮州,2023-04-21,9328
2303,聯電,17,4,13,華南永昌-潮州,2023-04-21,9328
00900,富邦特選高股息30,12,0,12,華南永昌-潮州,2023-04-21,9328
2605,新興,12,0,12,華南永昌-潮州,2023-04-21,9328
3038,全台,13,1,12,華南永昌-潮州,2023-04-21,9328
9110,越南控-DR,12,0,12,華南永昌-潮州,2023-04-21,9328
2313,華通,11,0,11,華南永昌-潮州,2023-04-21,9328
2062,橋椿,11,0,11,華南永昌-潮州,2023-04-21,9328
3686,達能,11,0,11,華南永昌-潮州,2023-04-21,9328
6111,大宇資,13,2,11,華南永昌-潮州,2023-04-21,9328
6231,系微,11,0,11,華南永昌-潮州,2023-04-21,9328
2603,長榮,12,1,11,華南永昌-潮州,2023-04-21,9328
00637L,元大滬深300正2,10,0,10,華南永昌-潮州,2023-04-21,9328
00680L,元大美債20正2,10,0,10,華南永昌-潮州,2023-04-21,9328
3605,宏致,10,0,10,華南永昌-潮州,2023-04-21,9328
6235,華孚,16,6,10,華南永昌-潮州,2023-04-21,9328
00923,群益台ESG低碳50,9,0,9,華南永昌-潮州,2023-04-21,9328
1416,廣豐,9,0,9,華南永昌-潮州,2023-04-21,9328
2727,王品,11,2,9,華南永昌-潮州,2023-04-21,9328
4129,聯合,9,0,9,華南永昌-潮州,2023-04-21,9328
5009,榮剛,40,32,8,華南永昌-潮州,2023-04-21,9328
4744,皇將,8,0,8,華南永昌-潮州,2023-04-21,9328
4931,新盛力,21,13,8,華南永昌-潮州,2023-04-21,9328
6180,橘子,8,0,8,華南永昌-潮州,2023-04-21,9328
2882,國泰金,7,0,7,華南永昌-潮州,2023-04-21,9328
5425,台半,25,18,7,華南永昌-潮州,2023-04-21,9328
6152,百一,7,0,7,華南永昌-潮州,2023-04-21,9328
6182,合晶,7,0,7,華南永昌-潮州,2023-04-21,9328
6248,沛波,51,44,7,華南永昌-潮州,2023-04-21,9328
2014,中鴻,86,4,82,華南永昌-潮州,2023-04-24,9328
00637L,元大滬深300正2,45,0,45,華南永昌-潮州,2023-04-24,9328
3149,正達,40,0,40,華南永昌-潮州,2023-04-24,9328
1503,士電,40,3,37,華南永昌-潮州,2023-04-24,9328
1101,台泥,44,11,33,華南永昌-潮州,2023-04-24,9328
00665L,富邦�琤肭磪囓�2,92,60,32,華南永昌-潮州,2023-04-24,9328
2303,聯電,36,5,31,華南永昌-潮州,2023-04-24,9328
2313,華通,29,0,29,華南永昌-潮州,2023-04-24,9328
1504,東元,23,1,22,華南永昌-潮州,2023-04-24,9328
2607,榮運,20,0,20,華南永昌-潮州,2023-04-24,9328
9110,越南控-DR,20,0,20,華南永昌-潮州,2023-04-24,9328
2609,陽明,18,4,14,華南永昌-潮州,2023-04-24,9328
00720B,元大投資級公司債,12,0,12,華南永昌-潮州,2023-04-24,9328
2610,華航,12,0,12,華南永昌-潮州,2023-04-24,9328
2495,普安,14,2,12,華南永昌-潮州,2023-04-24,9328
00923,群益台ESG低碳50,12,0,12,華南永昌-潮州,2023-04-24,9328
1310,台苯,12,0,12,華南永昌-潮州,2023-04-24,9328
00892,富邦台灣半導體,10,0,10,華南永昌-潮州,2023-04-24,9328
3711,日月光投控,10,0,10,華南永昌-潮州,2023-04-24,9328
00751B,元大AAA至A公司債,10,0,10,華南永昌-潮州,2023-04-24,9328
2302,麗正,10,0,10,華南永昌-潮州,2023-04-24,9328
2367,燿華,10,0,10,華南永昌-潮州,2023-04-24,9328
3013,晟銘電,11,1,10,華南永昌-潮州,2023-04-24,9328
3038,全台,10,0,10,華南永昌-潮州,2023-04-24,9328
4557,永新-KY,10,0,10,華南永昌-潮州,2023-04-24,9328
8996,高力,11,1,10,華南永昌-潮州,2023-04-24,9328
00902,中信電池及儲能,9,0,9,華南永昌-潮州,2023-04-24,9328
2324,仁寶,9,0,9,華南永昌-潮州,2023-04-24,9328
5603,陸海,11,2,9,華南永昌-潮州,2023-04-24,9328
3035,智原,8,1,7,華南永昌-潮州,2023-04-24,9328
3673,TPK-KY,16,9,7,華南永昌-潮州,2023-04-24,9328
4147,中裕,7,0,7,華南永昌-潮州,2023-04-24,9328
6153,嘉聯益,7,0,7,華南永昌-潮州,2023-04-24,9328
6288,聯嘉,7,0,7,華南永昌-潮州,2023-04-24,9328
6547,高端疫苗,7,0,7,華南永昌-潮州,2023-04-24,9328
00881,國泰台灣5G+,6,0,6,華南永昌-潮州,2023-04-24,9328
1810,和成,7,1,6,華南永昌-潮州,2023-04-24,9328
2882,國泰金,6,0,6,華南永昌-潮州,2023-04-24,9328
4931,新盛力,6,0,6,華南永昌-潮州,2023-04-24,9328
6770,力積電,7,1,6,華南永昌-潮州,2023-04-24,9328
6861,睿生光電,6,0,6,華南永昌-潮州,2023-04-24,9328
6829,千附精密,6,0,6,華南永昌-潮州,2023-04-24,9328
5388,中磊,5,0,5,華南永昌-潮州,2023-04-24,9328
00715L,期街口布蘭特正2,5,0,5,華南永昌-潮州,2023-04-24,9328
1720,生達,15,10,5,華南永昌-潮州,2023-04-24,9328
1784,訊聯,5,0,5,華南永昌-潮州,2023-04-24,9328
2031,新光鋼,5,0,5,華南永昌-潮州,2023-04-24,9328
2383,台光電,5,0,5,華南永昌-潮州,2023-04-24,9328
2645,長榮航太,5,0,5,華南永昌-潮州,2023-04-24,9328
4510,高鋒,5,0,5,華南永昌-潮州,2023-04-24,9328
00671R,富邦NASDAQ反1,90,0,90,華南永昌-潮州,2023-04-25,9328
1310,台苯,74,28,46,華南永昌-潮州,2023-04-25,9328
8046,南電,43,3,40,華南永昌-潮州,2023-04-25,9328
2634,漢翔,124,89,35,華南永昌-潮州,2023-04-25,9328
0056,元大高股息,37,4,33,華南永昌-潮州,2023-04-25,9328
00878,國泰永續高股息,64,35,29,華南永昌-潮州,2023-04-25,9328
1101,台泥,33,6,27,華南永昌-潮州,2023-04-25,9328
2303,聯電,40,14,26,華南永昌-潮州,2023-04-25,9328
00902,中信電池及儲能,25,0,25,華南永昌-潮州,2023-04-25,9328
2890,永豐金,25,0,25,華南永昌-潮州,2023-04-25,9328
4919,新唐,27,3,24,華南永昌-潮州,2023-04-25,9328
6125,廣運,22,0,22,華南永昌-潮州,2023-04-25,9328
00665L,富邦�琤肭磪囓�2,81,60,21,華南永昌-潮州,2023-04-25,9328
2014,中鴻,224,203,21,華南永昌-潮州,2023-04-25,9328
3705,永信,21,0,21,華南永昌-潮州,2023-04-25,9328
00713,元大台灣高息低波,20,0,20,華南永昌-潮州,2023-04-25,9328
1611,中電,19,2,17,華南永昌-潮州,2023-04-25,9328
00923,群益台ESG低碳50,16,0,16,華南永昌-潮州,2023-04-25,9328
3231,緯創,30,14,16,華南永昌-潮州,2023-04-25,9328
4931,新盛力,16,1,15,華南永昌-潮州,2023-04-25,9328
00751B,元大AAA至A公司債,15,0,15,華南永昌-潮州,2023-04-25,9328
1909,榮成,15,0,15,華南永昌-潮州,2023-04-25,9328
6443,元晶,15,0,15,華南永昌-潮州,2023-04-25,9328
2338,光罩,15,0,15,華南永昌-潮州,2023-04-25,9328
6231,系微,20,6,14,華南永昌-潮州,2023-04-25,9328
2002,中鋼,15,2,13,華南永昌-潮州,2023-04-25,9328
2484,希華,14,1,13,華南永昌-潮州,2023-04-25,9328
6861,睿生光電,13,0,13,華南永昌-潮州,2023-04-25,9328
8996,高力,13,1,12,華南永昌-潮州,2023-04-25,9328
2867,三商壽,11,0,11,華南永昌-潮州,2023-04-25,9328
6282,康舒,22,12,10,華南永昌-潮州,2023-04-25,9328
2337,旺宏,10,0,10,華南永昌-潮州,2023-04-25,9328
00881,國泰台灣5G+,10,0,10,華南永昌-潮州,2023-04-25,9328
3265,台星科,10,0,10,華南永昌-潮州,2023-04-25,9328
00680L,元大美債20正2,10,0,10,華南永昌-潮州,2023-04-25,9328
2511,太子,10,0,10,華南永昌-潮州,2023-04-25,9328
5410,國眾,10,0,10,華南永昌-潮州,2023-04-25,9328
6163,華電網,10,0,10,華南永昌-潮州,2023-04-25,9328
6213,聯茂,10,0,10,華南永昌-潮州,2023-04-25,9328
9110,越南控-DR,10,0,10,華南永昌-潮州,2023-04-25,9328
00900,富邦特選高股息30,9,0,9,華南永昌-潮州,2023-04-25,9328
1711,永光,13,4,9,華南永昌-潮州,2023-04-25,9328
6470,宇智,9,0,9,華南永昌-潮州,2023-04-25,9328
6770,力積電,19,10,9,華南永昌-潮州,2023-04-25,9328
8215,明基材,12,3,9,華南永昌-潮州,2023-04-25,9328
8440,綠電,9,0,9,華南永昌-潮州,2023-04-25,9328
2457,飛宏,17,9,8,華南永昌-潮州,2023-04-25,9328
0050,元大台灣50,8,0,8,華南永昌-潮州,2023-04-25,9328
4979,華星光,8,0,8,華南永昌-潮州,2023-04-25,9328
1514,亞力,9,1,8,華南永昌-潮州,2023-04-25,9328
00712,復華富時不動產,49,0,49,華南永昌-潮州,2023-04-26,9328
2002,中鋼,50,3,47,華南永昌-潮州,2023-04-26,9328
00751B,元大AAA至A公司債,25,0,25,華南永昌-潮州,2023-04-26,9328
00885,富邦越南,30,5,25,華南永昌-潮州,2023-04-26,9328
5289,宜鼎,25,0,25,華南永昌-潮州,2023-04-26,9328
6461,益得,25,0,25,華南永昌-潮州,2023-04-26,9328
2610,華航,25,1,24,華南永昌-潮州,2023-04-26,9328
2609,陽明,24,2,22,華南永昌-潮州,2023-04-26,9328
2344,華邦電,26,5,21,華南永昌-潮州,2023-04-26,9328
00878,國泰永續高股息,26,5,21,華南永昌-潮州,2023-04-26,9328
3005,神基,20,0,20,華南永昌-潮州,2023-04-26,9328
3033,威健,20,0,20,華南永昌-潮州,2023-04-26,9328
6854,錼創科技-KY創,20,0,20,華南永昌-潮州,2023-04-26,9328
8105,凌巨,20,0,20,華南永昌-潮州,2023-04-26,9328
3265,台星科,20,0,20,華南永昌-潮州,2023-04-26,9328
1503,士電,26,11,15,華南永昌-潮州,2023-04-26,9328
4111,濟生,16,1,15,華南永昌-潮州,2023-04-26,9328
5388,中磊,14,0,14,華南永昌-潮州,2023-04-26,9328
3006,晶豪科,32,19,13,華南永昌-潮州,2023-04-26,9328
00882,中信中國高股息,12,0,12,華南永昌-潮州,2023-04-26,9328
2206,三陽工業,16,4,12,華南永昌-潮州,2023-04-26,9328
2618,長榮航,13,1,12,華南永昌-潮州,2023-04-26,9328
3570,大塚,13,1,12,華南永昌-潮州,2023-04-26,9328
1710,東聯,13,2,11,華南永昌-潮州,2023-04-26,9328
2888,新光金,31,20,11,華南永昌-潮州,2023-04-26,9328
4128,中天,11,1,10,華南永昌-潮州,2023-04-26,9328
2337,旺宏,15,5,10,華南永昌-潮州,2023-04-26,9328
5009,榮剛,12,2,10,華南永昌-潮州,2023-04-26,9328
1229,聯華,13,3,10,華南永昌-潮州,2023-04-26,9328
3532,台勝科,10,0,10,華南永昌-潮州,2023-04-26,9328
4155,訊映,10,0,10,華南永昌-潮州,2023-04-26,9328
8358,金居,15,5,10,華南永昌-潮州,2023-04-26,9328
2204,中華,15,5,10,華南永昌-潮州,2023-04-26,9328
6282,康舒,34,25,9,華南永昌-潮州,2023-04-26,9328
1904,正隆,14,5,9,華南永昌-潮州,2023-04-26,9328
00900,富邦特選高股息30,9,0,9,華南永昌-潮州,2023-04-26,9328
3035,智原,17,9,8,華南永昌-潮州,2023-04-26,9328
00888,永豐台灣ESG,7,0,7,華南永昌-潮州,2023-04-26,9328
00679B,元大美債20年,12,5,7,華南永昌-潮州,2023-04-26,9328
1310,台苯,31,24,7,華南永昌-潮州,2023-04-26,9328
2886,兆豐金,8,1,7,華南永昌-潮州,2023-04-26,9328
8436,大江,7,0,7,華南永昌-潮州,2023-04-26,9328
2882,國泰金,6,0,6,華南永昌-潮州,2023-04-26,9328
0050,元大台灣50,6,0,6,華南永昌-潮州,2023-04-26,9328
2606,裕民,7,1,6,華南永昌-潮州,2023-04-26,9328
00881,國泰台灣5G+,6,0,6,華南永昌-潮州,2023-04-26,9328
1708,東鹼,10,4,6,華南永昌-潮州,2023-04-26,9328
2883,凱基金,9,3,6,華南永昌-潮州,2023-04-26,9328
3081,聯亞,6,0,6,華南永昌-潮州,2023-04-26,9328
3707,漢磊,6,0,6,華南永昌-潮州,2023-04-26,9328
4108,懷特,122,1,121,華南永昌-潮州,2023-04-27,9328
2867,三商壽,105,10,95,華南永昌-潮州,2023-04-27,9328
00715L,期街口布蘭特正2,58,0,58,華南永昌-潮州,2023-04-27,9328
00751B,元大AAA至A公司債,56,0,56,華南永昌-潮州,2023-04-27,9328
1710,東聯,185,133,52,華南永昌-潮州,2023-04-27,9328
2482,連宇,55,4,51,華南永昌-潮州,2023-04-27,9328
4566,時碩工業,44,1,43,華南永昌-潮州,2023-04-27,9328
00712,復華富時不動產,41,0,41,華南永昌-潮州,2023-04-27,9328
2344,華邦電,46,7,39,華南永昌-潮州,2023-04-27,9328
6461,益得,21,0,21,華南永昌-潮州,2023-04-27,9328
6244,茂迪,19,1,18,華南永昌-潮州,2023-04-27,9328
2610,華航,23,5,18,華南永昌-潮州,2023-04-27,9328
00878,國泰永續高股息,19,2,17,華南永昌-潮州,2023-04-27,9328
2002,中鋼,18,1,17,華南永昌-潮州,2023-04-27,9328
1711,永光,35,22,13,華南永昌-潮州,2023-04-27,9328
6753,龍德造船,14,1,13,華南永昌-潮州,2023-04-27,9328
1310,台苯,39,27,12,華南永昌-潮州,2023-04-27,9328
2609,陽明,15,4,11,華南永昌-潮州,2023-04-27,9328
00665L,富邦�琤肭磪囓�2,91,80,11,華南永昌-潮州,2023-04-27,9328
4111,濟生,12,1,11,華南永昌-潮州,2023-04-27,9328
8150,南茂,11,0,11,華南永昌-潮州,2023-04-27,9328
1409,新纖,10,0,10,華南永昌-潮州,2023-04-27,9328
1909,榮成,10,0,10,華南永昌-潮州,2023-04-27,9328
5864,致和證,10,0,10,華南永昌-潮州,2023-04-27,9328
6727,亞泰金屬,10,0,10,華南永昌-潮州,2023-04-27,9328
8105,凌巨,10,0,10,華南永昌-潮州,2023-04-27,9328
1725,元禎,52,43,9,華南永昌-潮州,2023-04-27,9328
2313,華通,11,2,9,華南永昌-潮州,2023-04-27,9328
2603,長榮,8,0,8,華南永昌-潮州,2023-04-27,9328
2337,旺宏,10,2,8,華南永昌-潮州,2023-04-27,9328
1786,科妍,8,0,8,華南永昌-潮州,2023-04-27,9328
2014,中鴻,14,6,8,華南永昌-潮州,2023-04-27,9328
2495,普安,7,0,7,華南永昌-潮州,2023-04-27,9328
00680L,元大美債20正2,7,0,7,華南永昌-潮州,2023-04-27,9328
1605,華新,7,0,7,華南永昌-潮州,2023-04-27,9328
1905,華紙,48,41,7,華南永昌-潮州,2023-04-27,9328
6218,豪勉,7,0,7,華南永昌-潮州,2023-04-27,9328
2890,永豐金,8,1,7,華南永昌-潮州,2023-04-27,9328
2356,英業達,8,2,6,華南永昌-潮州,2023-04-27,9328
3338,泰碩,6,0,6,華南永昌-潮州,2023-04-27,9328
8112,至上,6,0,6,華南永昌-潮州,2023-04-27,9328
2884,玉山金,5,0,5,華南永昌-潮州,2023-04-27,9328
1210,大成,5,0,5,華南永昌-潮州,2023-04-27,9328
00795B,中信美國公債20年,5,0,5,華南永昌-潮州,2023-04-27,9328
2702,華園,5,0,5,華南永昌-潮州,2023-04-27,9328
2897,王道銀行,5,0,5,華南永昌-潮州,2023-04-27,9328
3088,艾訊,5,0,5,華南永昌-潮州,2023-04-27,9328
3596,智易,5,0,5,華南永昌-潮州,2023-04-27,9328
3652,精聯,8,3,5,華南永昌-潮州,2023-04-27,9328
6133,金橋,5,0,5,華南永昌-潮州,2023-04-27,9328
2002,中鋼,240,4,236,華南永昌-潮州,2023-04-28,9328
00738U,期元大道瓊白銀,100,0,100,華南永昌-潮州,2023-04-28,9328
2409,友達,52,0,52,華南永昌-潮州,2023-04-28,9328
8936,國統,50,0,50,華南永昌-潮州,2023-04-28,9328
2206,三陽工業,50,14,36,華南永昌-潮州,2023-04-28,9328
2609,陽明,30,7,23,華南永昌-潮州,2023-04-28,9328
3664,安瑞-KY,22,0,22,華南永昌-潮州,2023-04-28,9328
5009,榮剛,44,22,22,華南永昌-潮州,2023-04-28,9328
2812,台中銀,21,0,21,華南永昌-潮州,2023-04-28,9328
4934,太極,17,0,17,華南永昌-潮州,2023-04-28,9328
2338,光罩,17,1,16,華南永昌-潮州,2023-04-28,9328
3481,群創,35,20,15,華南永昌-潮州,2023-04-28,9328
4133,亞諾法,14,0,14,華南永昌-潮州,2023-04-28,9328
1522,堤維西,14,1,13,華南永昌-潮州,2023-04-28,9328
2353,宏��,23,10,13,華南永昌-潮州,2023-04-28,9328
6235,華孚,12,1,11,華南永昌-潮州,2023-04-28,9328
00712,復華富時不動產,11,0,11,華南永昌-潮州,2023-04-28,9328
1725,元禎,10,0,10,華南永昌-潮州,2023-04-28,9328
1584,精剛,11,1,10,華南永昌-潮州,2023-04-28,9328
3545,敦泰,10,0,10,華南永昌-潮州,2023-04-28,9328
8215,明基材,12,2,10,華南永昌-潮州,2023-04-28,9328
2603,長榮,10,1,9,華南永昌-潮州,2023-04-28,9328
6266,泰詠,10,1,9,華南永昌-潮州,2023-04-28,9328
00715L,期街口布蘭特正2,9,0,9,華南永昌-潮州,2023-04-28,9328
2208,台船,11,2,9,華南永昌-潮州,2023-04-28,9328
6741,91APP*-KY,14,5,9,華南永昌-潮州,2023-04-28,9328
4581,光隆精密-KY,8,0,8,華南永昌-潮州,2023-04-28,9328
00878,國泰永續高股息,12,4,8,華南永昌-潮州,2023-04-28,9328
2429,銘旺科,7,0,7,華南永昌-潮州,2023-04-28,9328
3058,立德,7,0,7,華南永昌-潮州,2023-04-28,9328
6116,彩晶,7,1,6,華南永昌-潮州,2023-04-28,9328
2402,毅嘉,10,4,6,華南永昌-潮州,2023-04-28,9328
1444,力麗,6,0,6,華南永昌-潮州,2023-04-28,9328
1513,中興電,6,0,6,華南永昌-潮州,2023-04-28,9328
3032,偉訓,6,0,6,華南永昌-潮州,2023-04-28,9328
00795B,中信美國公債20年,5,0,5,華南永昌-潮州,2023-04-28,9328
00633L,富邦上証正2,5,0,5,華南永昌-潮州,2023-04-28,9328
00673R,期元大S＆P原油反1,5,0,5,華南永昌-潮州,2023-04-28,9328
1455,集盛,5,0,5,華南永昌-潮州,2023-04-28,9328
1718,中纖,5,0,5,華南永昌-潮州,2023-04-28,9328
1783,和康生,5,0,5,華南永昌-潮州,2023-04-28,9328
1905,華紙,14,9,5,華南永昌-潮州,2023-04-28,9328
2375,凱美,5,0,5,華南永昌-潮州,2023-04-28,9328
2419,仲琦,5,0,5,華南永昌-潮州,2023-04-28,9328
3303,岱稜,5,0,5,華南永昌-潮州,2023-04-28,9328
3704,合勤控,5,0,5,華南永昌-潮州,2023-04-28,9328
5443,均豪,5,0,5,華南永昌-潮州,2023-04-28,9328
1229,聯華,4,0,4,華南永昌-潮州,2023-04-28,9328
3046,建��,7,3,4,華南永昌-潮州,2023-04-28,9328
3066,李洲,10,6,4,華南永昌-潮州,2023-04-28,9328
3058,立德,122,6,116,華南永昌-潮州,2023-05-02,9328
2344,華邦電,65,0,65,華南永昌-潮州,2023-05-02,9328
4934,太極,36,0,36,華南永昌-潮州,2023-05-02,9328
1725,元禎,32,0,32,華南永昌-潮州,2023-05-02,9328
3481,群創,39,9,30,華南永昌-潮州,2023-05-02,9328
2884,玉山金,29,0,29,華南永昌-潮州,2023-05-02,9328
1795,美時,30,1,29,華南永昌-潮州,2023-05-02,9328
8038,長園科,25,0,25,華南永昌-潮州,2023-05-02,9328
5009,榮剛,29,5,24,華南永昌-潮州,2023-05-02,9328
00878,國泰永續高股息,30,8,22,華南永昌-潮州,2023-05-02,9328
2880,華南金,22,0,22,華南永昌-潮州,2023-05-02,9328
2634,漢翔,42,23,19,華南永昌-潮州,2023-05-02,9328
2014,中鴻,40,21,19,華南永昌-潮州,2023-05-02,9328
2603,長榮,19,1,18,華南永昌-潮州,2023-05-02,9328
1721,三晃,19,2,17,華南永昌-潮州,2023-05-02,9328
1720,生達,14,0,14,華南永昌-潮州,2023-05-02,9328
1609,大亞,25,13,12,華南永昌-潮州,2023-05-02,9328
3664,安瑞-KY,12,0,12,華南永昌-潮州,2023-05-02,9328
00679B,元大美債20年,12,0,12,華南永昌-潮州,2023-05-02,9328
2455,全新,12,1,11,華南永昌-潮州,2023-05-02,9328
00632R,元大台灣50反1,11,0,11,華南永昌-潮州,2023-05-02,9328
1303,南亞,11,0,11,華南永昌-潮州,2023-05-02,9328
00642U,期元大S＆P石油,10,0,10,華南永昌-潮州,2023-05-02,9328
1522,堤維西,10,0,10,華南永昌-潮州,2023-05-02,9328
2314,台揚,10,0,10,華南永昌-潮州,2023-05-02,9328
2489,瑞軒,10,0,10,華南永昌-潮州,2023-05-02,9328
2511,太子,10,0,10,華南永昌-潮州,2023-05-02,9328
2610,華航,10,0,10,華南永昌-潮州,2023-05-02,9328
3711,日月光投控,11,1,10,華南永昌-潮州,2023-05-02,9328
6288,聯嘉,20,10,10,華南永昌-潮州,2023-05-02,9328
00680L,元大美債20正2,9,0,9,華南永昌-潮州,2023-05-02,9328
2495,普安,13,4,9,華南永昌-潮州,2023-05-02,9328
1711,永光,21,12,9,華南永昌-潮州,2023-05-02,9328
4541,晟田,33,25,8,華南永昌-潮州,2023-05-02,9328
1618,合機,11,3,8,華南永昌-潮州,2023-05-02,9328
3338,泰碩,11,3,8,華南永昌-潮州,2023-05-02,9328
4108,懷特,8,0,8,華南永昌-潮州,2023-05-02,9328
4121,優盛,32,24,8,華南永昌-潮州,2023-05-02,9328
00751B,元大AAA至A公司債,7,0,7,華南永昌-潮州,2023-05-02,9328
00673R,期元大S＆P原油反1,7,0,7,華南永昌-潮州,2023-05-02,9328
6535,順藥,7,0,7,華南永昌-潮州,2023-05-02,9328
3071,協禧,6,0,6,華南永昌-潮州,2023-05-02,9328
1560,中砂,6,0,6,華南永昌-潮州,2023-05-02,9328
3363,上詮,22,16,6,華南永昌-潮州,2023-05-02,9328
00720B,元大投資級公司債,5,0,5,華南永昌-潮州,2023-05-02,9328
00637L,元大滬深300正2,5,0,5,華南永昌-潮州,2023-05-02,9328
1314,中石化,5,0,5,華南永昌-潮州,2023-05-02,9328
1455,集盛,5,0,5,華南永昌-潮州,2023-05-02,9328
2609,陽明,30,25,5,華南永昌-潮州,2023-05-02,9328
3224,三顧,5,0,5,華南永昌-潮州,2023-05-02,9328
00715L,期街口布蘭特正2,146,5,141,華南永昌-潮州,2023-05-03,9328
3058,立德,113,1,112,華南永昌-潮州,2023-05-03,9328
6111,大宇資,113,4,109,華南永昌-潮州,2023-05-03,9328
00878,國泰永續高股息,96,22,74,華南永昌-潮州,2023-05-03,9328
8261,富鼎,67,0,67,華南永昌-潮州,2023-05-03,9328
1514,亞力,69,15,54,華南永昌-潮州,2023-05-03,9328
00712,復華富時不動產,52,0,52,華南永昌-潮州,2023-05-03,9328
1101,台泥,55,6,49,華南永昌-潮州,2023-05-03,9328
2609,陽明,48,4,44,華南永昌-潮州,2023-05-03,9328
2603,長榮,46,3,43,華南永昌-潮州,2023-05-03,9328
00650L,復華香港正2,30,0,30,華南永昌-潮州,2023-05-03,9328
1503,士電,37,10,27,華南永昌-潮州,2023-05-03,9328
4173,久裕,20,0,20,華南永昌-潮州,2023-05-03,9328
4545,銘鈺,20,0,20,華南永昌-潮州,2023-05-03,9328
2317,鴻海,21,2,19,華南永昌-潮州,2023-05-03,9328
2884,玉山金,25,8,17,華南永昌-潮州,2023-05-03,9328
3231,緯創,16,1,15,華南永昌-潮州,2023-05-03,9328
00642U,期元大S＆P石油,15,0,15,華南永昌-潮州,2023-05-03,9328
00637L,元大滬深300正2,15,0,15,華南永昌-潮州,2023-05-03,9328
1725,元禎,14,0,14,華南永昌-潮州,2023-05-03,9328
3005,神基,24,11,13,華南永昌-潮州,2023-05-03,9328
2344,華邦電,12,0,12,華南永昌-潮州,2023-05-03,9328
00665L,富邦�琤肭磪囓�2,92,80,12,華南永昌-潮州,2023-05-03,9328
2913,農林,20,8,12,華南永昌-潮州,2023-05-03,9328
1783,和康生,11,0,11,華南永昌-潮州,2023-05-03,9328
3481,群創,42,32,10,華南永昌-潮州,2023-05-03,9328
1310,台苯,11,1,10,華南永昌-潮州,2023-05-03,9328
2368,金像電,10,0,10,華南永昌-潮州,2023-05-03,9328
3038,全台,10,0,10,華南永昌-潮州,2023-05-03,9328
3713,新晶投控,10,0,10,華南永昌-潮州,2023-05-03,9328
2417,圓剛,10,1,9,華南永昌-潮州,2023-05-03,9328
00912,中信臺灣智慧50,9,0,9,華南永昌-潮州,2023-05-03,9328
2511,太子,8,0,8,華南永昌-潮州,2023-05-03,9328
3702,大聯大,8,0,8,華南永昌-潮州,2023-05-03,9328
6612,奈米醫材,10,2,8,華南永昌-潮州,2023-05-03,9328
6806,森崴能源,8,1,7,華南永昌-潮州,2023-05-03,9328
1611,中電,6,0,6,華南永昌-潮州,2023-05-03,9328
2615,萬海,10,4,6,華南永昌-潮州,2023-05-03,9328
4116,明基醫,6,0,6,華南永昌-潮州,2023-05-03,9328
4129,聯合,9,3,6,華南永昌-潮州,2023-05-03,9328
4503,金雨,6,0,6,華南永昌-潮州,2023-05-03,9328
6282,康舒,7,1,6,華南永昌-潮州,2023-05-03,9328
6290,良維,5,0,5,華南永昌-潮州,2023-05-03,9328
00720B,元大投資級公司債,5,0,5,華南永昌-潮州,2023-05-03,9328
1524,耿鼎,6,1,5,華南永昌-潮州,2023-05-03,9328
1810,和成,7,2,5,華南永昌-潮州,2023-05-03,9328
2630,亞航,5,0,5,華南永昌-潮州,2023-05-03,9328
2851,中再保,5,0,5,華南永昌-潮州,2023-05-03,9328
3006,晶豪科,5,0,5,華南永昌-潮州,2023-05-03,9328
4207,環泰,5,0,5,華南永昌-潮州,2023-05-03,9328
00715L,期街口布蘭特正2,238,43,195,華南永昌-潮州,2023-05-04,9328
2206,三陽工業,183,41,142,華南永昌-潮州,2023-05-04,9328
2880,華南金,96,7,89,華南永昌-潮州,2023-05-04,9328
5009,榮剛,106,35,71,華南永昌-潮州,2023-05-04,9328
00878,國泰永續高股息,39,10,29,華南永昌-潮州,2023-05-04,9328
3006,晶豪科,22,0,22,華南永昌-潮州,2023-05-04,9328
2609,陽明,24,4,20,華南永昌-潮州,2023-05-04,9328
1721,三晃,24,4,20,華南永昌-潮州,2023-05-04,9328
2367,燿華,20,0,20,華南永昌-潮州,2023-05-04,9328
8072,陞泰,20,0,20,華南永昌-潮州,2023-05-04,9328
8105,凌巨,20,0,20,華南永昌-潮州,2023-05-04,9328
1310,台苯,19,1,18,華南永昌-潮州,2023-05-04,9328
2344,華邦電,19,2,17,華南永昌-潮州,2023-05-04,9328
3481,群創,31,15,16,華南永昌-潮州,2023-05-04,9328
1522,堤維西,21,5,16,華南永昌-潮州,2023-05-04,9328
2455,全新,15,0,15,華南永昌-潮州,2023-05-04,9328
9945,潤泰新,14,0,14,華南永昌-潮州,2023-05-04,9328
6234,高僑,16,3,13,華南永昌-潮州,2023-05-04,9328
1101,台泥,15,3,12,華南永昌-潮州,2023-05-04,9328
2888,新光金,12,0,12,華南永昌-潮州,2023-05-04,9328
3028,增你強,12,0,12,華南永昌-潮州,2023-05-04,9328
3664,安瑞-KY,13,1,12,華南永昌-潮州,2023-05-04,9328
2352,佳世達,13,2,11,華南永昌-潮州,2023-05-04,9328
00680L,元大美債20正2,11,0,11,華南永昌-潮州,2023-05-04,9328
2353,宏��,11,0,11,華南永昌-潮州,2023-05-04,9328
4906,正文,11,0,11,華南永昌-潮州,2023-05-04,9328
00642U,期元大S＆P石油,10,0,10,華南永昌-潮州,2023-05-04,9328
2601,益航,10,0,10,華南永昌-潮州,2023-05-04,9328
4934,太極,14,4,10,華南永昌-潮州,2023-05-04,9328
4960,誠美材,10,0,10,華南永昌-潮州,2023-05-04,9328
6005,群益證,10,0,10,華南永昌-潮州,2023-05-04,9328
2303,聯電,10,0,10,華南永昌-潮州,2023-05-04,9328
1304,台聚,9,0,9,華南永昌-潮州,2023-05-04,9328
2890,永豐金,10,1,9,華南永昌-潮州,2023-05-04,9328
4114,健喬,10,1,9,華南永昌-潮州,2023-05-04,9328
1504,東元,11,3,8,華南永昌-潮州,2023-05-04,9328
6288,聯嘉,8,0,8,華南永昌-潮州,2023-05-04,9328
6443,元晶,18,10,8,華南永昌-潮州,2023-05-04,9328
4111,濟生,8,0,8,華南永昌-潮州,2023-05-04,9328
1464,得力,7,0,7,華南永昌-潮州,2023-05-04,9328
1210,大成,8,1,7,華南永昌-潮州,2023-05-04,9328
6129,普誠,7,0,7,華南永昌-潮州,2023-05-04,9328
00712,復華富時不動產,6,0,6,華南永昌-潮州,2023-05-04,9328
00690,兆豐藍籌30,6,0,6,華南永昌-潮州,2023-05-04,9328
4147,中裕,6,0,6,華南永昌-潮州,2023-05-04,9328
6290,良維,6,0,6,華南永昌-潮州,2023-05-04,9328
3419,譁裕,18,12,6,華南永昌-潮州,2023-05-04,9328
1907,永豐餘,7,1,6,華南永昌-潮州,2023-05-04,9328
00772B,中信高評級公司債,5,0,5,華南永昌-潮州,2023-05-04,9328
4968,立積,7,2,5,華南永昌-潮州,2023-05-04,9328
6111,大宇資,120,13,107,華南永昌-潮州,2023-05-05,9328
6446,藥華藥,94,0,94,華南永昌-潮州,2023-05-05,9328
5009,榮剛,88,2,86,華南永昌-潮州,2023-05-05,9328
00712,復華富時不動產,51,0,51,華南永昌-潮州,2023-05-05,9328
00878,國泰永續高股息,34,0,34,華南永昌-潮州,2023-05-05,9328
2884,玉山金,31,2,29,華南永昌-潮州,2023-05-05,9328
00715L,期街口布蘭特正2,38,11,27,華南永昌-潮州,2023-05-05,9328
00632R,元大台灣50反1,27,0,27,華南永昌-潮州,2023-05-05,9328
4909,新復興,26,0,26,華南永昌-潮州,2023-05-05,9328
1101,台泥,26,1,25,華南永昌-潮州,2023-05-05,9328
6129,普誠,25,0,25,華南永昌-潮州,2023-05-05,9328
6005,群益證,28,5,23,華南永昌-潮州,2023-05-05,9328
2637,慧洋-KY,21,0,21,華南永昌-潮州,2023-05-05,9328
2002,中鋼,22,1,21,華南永昌-潮州,2023-05-05,9328
3058,立德,27,6,21,華南永昌-潮州,2023-05-05,9328
3664,安瑞-KY,20,0,20,華南永昌-潮州,2023-05-05,9328
5356,協益,20,2,18,華南永昌-潮州,2023-05-05,9328
1504,東元,14,0,14,華南永昌-潮州,2023-05-05,9328
1721,三晃,14,0,14,華南永昌-潮州,2023-05-05,9328
00751B,元大AAA至A公司債,14,0,14,華南永昌-潮州,2023-05-05,9328
1720,生達,13,0,13,華南永昌-潮州,2023-05-05,9328
1725,元禎,13,0,13,華南永昌-潮州,2023-05-05,9328
2358,廷鑫,23,10,13,華南永昌-潮州,2023-05-05,9328
2615,萬海,16,4,12,華南永昌-潮州,2023-05-05,9328
2609,陽明,15,4,11,華南永昌-潮州,2023-05-05,9328
3265,台星科,11,0,11,華南永昌-潮州,2023-05-05,9328
4123,晟德,10,0,10,華南永昌-潮州,2023-05-05,9328
1802,台玻,12,2,10,華南永昌-潮州,2023-05-05,9328
2106,建大,10,0,10,華南永昌-潮州,2023-05-05,9328
2606,裕民,10,0,10,華南永昌-潮州,2023-05-05,9328
2634,漢翔,22,12,10,華南永昌-潮州,2023-05-05,9328
4142,國光生,10,0,10,華南永昌-潮州,2023-05-05,9328
6290,良維,10,0,10,華南永昌-潮州,2023-05-05,9328
1905,華紙,13,4,9,華南永昌-潮州,2023-05-05,9328
6244,茂迪,16,7,9,華南永昌-潮州,2023-05-05,9328
00637L,元大滬深300正2,8,0,8,華南永昌-潮州,2023-05-05,9328
8085,福華,10,2,8,華南永昌-潮州,2023-05-05,9328
6282,康舒,6,0,6,華南永昌-潮州,2023-05-05,9328
1210,大成,6,0,6,華南永昌-潮州,2023-05-05,9328
00690,兆豐藍籌30,6,0,6,華南永昌-潮州,2023-05-05,9328
1809,中釉,6,0,6,華南永昌-潮州,2023-05-05,9328
1810,和成,7,1,6,華南永昌-潮州,2023-05-05,9328
2344,華邦電,10,4,6,華南永昌-潮州,2023-05-05,9328
2352,佳世達,8,2,6,華南永昌-潮州,2023-05-05,9328
4164,承業醫,8,2,6,華南永昌-潮州,2023-05-05,9328
6527,明達醫,8,2,6,華南永昌-潮州,2023-05-05,9328
00888,永豐台灣ESG,5,0,5,華南永昌-潮州,2023-05-05,9328
00753L,中信中國50正2,6,1,5,華南永昌-潮州,2023-05-05,9328
00680L,元大美債20正2,5,0,5,華南永昌-潮州,2023-05-05,9328
1783,和康生,10,5,5,華南永昌-潮州,2023-05-05,9328
2206,三陽工業,159,8,151,華南永昌-潮州,2023-05-08,9328
3058,立德,113,1,112,華南永昌-潮州,2023-05-08,9328
1102,亞泥,110,0,110,華南永昌-潮州,2023-05-08,9328
00878,國泰永續高股息,73,10,63,華南永昌-潮州,2023-05-08,9328
1605,華新,58,6,52,華南永昌-潮州,2023-05-08,9328
6142,友勁,52,0,52,華南永昌-潮州,2023-05-08,9328
6125,廣運,45,0,45,華南永昌-潮州,2023-05-08,9328
1444,力麗,32,0,32,華南永昌-潮州,2023-05-08,9328
1609,大亞,44,16,28,華南永昌-潮州,2023-05-08,9328
00673R,期元大S＆P原油反1,19,0,19,華南永昌-潮州,2023-05-08,9328
2801,彰銀,19,0,19,華南永昌-潮州,2023-05-08,9328
1725,元禎,17,0,17,華南永昌-潮州,2023-05-08,9328
6282,康舒,16,1,15,華南永昌-潮州,2023-05-08,9328
1314,中石化,21,7,14,華南永昌-潮州,2023-05-08,9328
3545,敦泰,22,10,12,華南永昌-潮州,2023-05-08,9328
1319,東陽,11,0,11,華南永昌-潮州,2023-05-08,9328
2359,所羅門,13,2,11,華南永昌-潮州,2023-05-08,9328
5315,光聯,11,0,11,華南永昌-潮州,2023-05-08,9328
2887,台新金,21,10,11,華南永昌-潮州,2023-05-08,9328
00670L,富邦NASDAQ正2,10,0,10,華南永昌-潮州,2023-05-08,9328
2424,隴華,10,0,10,華南永昌-潮州,2023-05-08,9328
3325,旭品,10,0,10,華南永昌-潮州,2023-05-08,9328
2457,飛宏,9,0,9,華南永昌-潮州,2023-05-08,9328
5608,四維航,9,0,9,華南永昌-潮州,2023-05-08,9328
1731,美吾華,12,4,8,華南永昌-潮州,2023-05-08,9328
4121,優盛,11,3,8,華南永昌-潮州,2023-05-08,9328
6026,福邦證,8,0,8,華南永昌-潮州,2023-05-08,9328
00772B,中信高評級公司債,8,0,8,華南永昌-潮州,2023-05-08,9328
1434,福懋,7,0,7,華南永昌-潮州,2023-05-08,9328
2888,新光金,7,0,7,華南永昌-潮州,2023-05-08,9328
3419,譁裕,7,0,7,華南永昌-潮州,2023-05-08,9328
6248,沛波,7,0,7,華南永昌-潮州,2023-05-08,9328
00751B,元大AAA至A公司債,6,0,6,華南永昌-潮州,2023-05-08,9328
2363,矽統,11,5,6,華南永昌-潮州,2023-05-08,9328
2736,富野,6,0,6,華南永昌-潮州,2023-05-08,9328
8033,雷虎,6,0,6,華南永昌-潮州,2023-05-08,9328
00881,國泰台灣5G+,5,0,5,華南永昌-潮州,2023-05-08,9328
00680L,元大美債20正2,5,0,5,華南永昌-潮州,2023-05-08,9328
00679B,元大美債20年,5,0,5,華南永昌-潮州,2023-05-08,9328
2421,建準,11,6,5,華南永昌-潮州,2023-05-08,9328
3703,欣陸,5,0,5,華南永昌-潮州,2023-05-08,9328
4114,健喬,6,1,5,華南永昌-潮州,2023-05-08,9328
4707,磐亞,5,0,5,華南永昌-潮州,2023-05-08,9328
5425,台半,5,0,5,華南永昌-潮州,2023-05-08,9328
5457,宣德,5,0,5,華南永昌-潮州,2023-05-08,9328
6167,久正,5,0,5,華南永昌-潮州,2023-05-08,9328
6226,光鼎,5,0,5,華南永昌-潮州,2023-05-08,9328
6234,高僑,6,1,5,華南永昌-潮州,2023-05-08,9328
6244,茂迪,6,1,5,華南永昌-潮州,2023-05-08,9328
3035,智原,9,5,4,華南永昌-潮州,2023-05-08,9328
2344,華邦電,106,1,105,華南永昌-潮州,2023-05-09,9328
1102,亞泥,47,0,47,華南永昌-潮州,2023-05-09,9328
1444,力麗,40,0,40,華南永昌-潮州,2023-05-09,9328
2634,漢翔,30,0,30,華南永昌-潮州,2023-05-09,9328
2358,廷鑫,20,0,20,華南永昌-潮州,2023-05-09,9328
4906,正文,20,0,20,華南永昌-潮州,2023-05-09,9328
6861,睿生光電,20,0,20,華南永昌-潮州,2023-05-09,9328
3293,鈊象,19,0,19,華南永昌-潮州,2023-05-09,9328
3338,泰碩,19,0,19,華南永昌-潮州,2023-05-09,9328
3058,立德,44,27,17,華南永昌-潮州,2023-05-09,9328
1514,亞力,18,2,16,華南永昌-潮州,2023-05-09,9328
3481,群創,20,4,16,華南永昌-潮州,2023-05-09,9328
00878,國泰永續高股息,15,0,15,華南永昌-潮州,2023-05-09,9328
1314,中石化,15,0,15,華南永昌-潮州,2023-05-09,9328
6244,茂迪,20,7,13,華南永昌-潮州,2023-05-09,9328
2801,彰銀,12,0,12,華南永昌-潮州,2023-05-09,9328
3583,辛耘,12,0,12,華南永昌-潮州,2023-05-09,9328
00679B,元大美債20年,13,2,11,華南永昌-潮州,2023-05-09,9328
00713,元大台灣高息低波,11,0,11,華南永昌-潮州,2023-05-09,9328
00687B,國泰20年美債,11,0,11,華南永昌-潮州,2023-05-09,9328
2615,萬海,13,2,11,華南永昌-潮州,2023-05-09,9328
3715,定穎投控,21,10,11,華南永昌-潮州,2023-05-09,9328
5425,台半,11,0,11,華南永昌-潮州,2023-05-09,9328
6443,元晶,11,0,11,華南永昌-潮州,2023-05-09,9328
00720B,元大投資級公司債,11,0,11,華南永昌-潮州,2023-05-09,9328
3088,艾訊,10,0,10,華南永昌-潮州,2023-05-09,9328
00673R,期元大S＆P原油反1,10,0,10,華南永昌-潮州,2023-05-09,9328
00632R,元大台灣50反1,10,0,10,華南永昌-潮州,2023-05-09,9328
3030,德律,10,0,10,華南永昌-潮州,2023-05-09,9328
6185,幃翔,10,0,10,華南永昌-潮州,2023-05-09,9328
6727,亞泰金屬,10,0,10,華南永昌-潮州,2023-05-09,9328
8111,立��,10,0,10,華南永昌-潮州,2023-05-09,9328
2884,玉山金,10,1,9,華南永昌-潮州,2023-05-09,9328
1504,東元,24,15,9,華南永昌-潮州,2023-05-09,9328
1304,台聚,9,0,9,華南永昌-潮州,2023-05-09,9328
2482,連宇,9,0,9,華南永昌-潮州,2023-05-09,9328
6125,廣運,9,0,9,華南永昌-潮州,2023-05-09,9328
4979,華星光,8,0,8,華南永昌-潮州,2023-05-09,9328
2371,大同,8,0,8,華南永昌-潮州,2023-05-09,9328
2913,農林,8,0,8,華南永昌-潮州,2023-05-09,9328
00712,復華富時不動產,8,1,7,華南永昌-潮州,2023-05-09,9328
1605,華新,10,3,7,華南永昌-潮州,2023-05-09,9328
2359,所羅門,8,1,7,華南永昌-潮州,2023-05-09,9328
3484,崧騰,7,0,7,華南永昌-潮州,2023-05-09,9328
00772B,中信高評級公司債,7,0,7,華南永昌-潮州,2023-05-09,9328
1218,泰山,8,1,7,華南永昌-潮州,2023-05-09,9328
1513,中興電,8,2,6,華南永昌-潮州,2023-05-09,9328
2609,陽明,27,21,6,華南永昌-潮州,2023-05-09,9328
1720,生達,6,0,6,華南永昌-潮州,2023-05-09,9328
3011,今皓,6,0,6,華南永昌-潮州,2023-05-09,9328
00878,國泰永續高股息,92,3,89,華南永昌-潮州,2023-05-10,9328
2801,彰銀,60,0,60,華南永昌-潮州,2023-05-10,9328
4906,正文,31,0,31,華南永昌-潮州,2023-05-10,9328
2303,聯電,40,12,28,華南永昌-潮州,2023-05-10,9328
00713,元大台灣高息低波,25,0,25,華南永昌-潮州,2023-05-10,9328
6861,睿生光電,23,0,23,華南永昌-潮州,2023-05-10,9328
00632R,元大台灣50反1,21,0,21,華南永昌-潮州,2023-05-10,9328
6244,茂迪,18,1,17,華南永昌-潮州,2023-05-10,9328
3481,群創,35,19,16,華南永昌-潮州,2023-05-10,9328
00637L,元大滬深300正2,19,5,14,華南永昌-潮州,2023-05-10,9328
3013,晟銘電,15,2,13,華南永昌-潮州,2023-05-10,9328
6443,元晶,15,2,13,華南永昌-潮州,2023-05-10,9328
3231,緯創,29,16,13,華南永昌-潮州,2023-05-10,9328
2331,精英,12,0,12,華南永昌-潮州,2023-05-10,9328
2882,國泰金,12,0,12,華南永昌-潮州,2023-05-10,9328
3058,立德,44,32,12,華南永昌-潮州,2023-05-10,9328
4931,新盛力,13,1,12,華南永昌-潮州,2023-05-10,9328
8924,大田,13,1,12,華南永昌-潮州,2023-05-10,9328
2356,英業達,12,1,11,華南永昌-潮州,2023-05-10,9328
5009,榮剛,37,26,11,華南永昌-潮州,2023-05-10,9328
1611,中電,12,1,11,華南永昌-潮州,2023-05-10,9328
00673R,期元大S＆P原油反1,10,0,10,華南永昌-潮州,2023-05-10,9328
1802,台玻,10,0,10,華南永昌-潮州,2023-05-10,9328
1905,華紙,10,0,10,華南永昌-潮州,2023-05-10,9328
4142,國光生,10,0,10,華南永昌-潮州,2023-05-10,9328
8046,南電,13,3,10,華南永昌-潮州,2023-05-10,9328
3037,欣興,15,6,9,華南永昌-潮州,2023-05-10,9328
00679B,元大美債20年,17,8,9,華南永昌-潮州,2023-05-10,9328
2359,所羅門,9,0,9,華南永昌-潮州,2023-05-10,9328
6138,茂達,9,0,9,華南永昌-潮州,2023-05-10,9328
00712,復華富時不動產,20,12,8,華南永昌-潮州,2023-05-10,9328
1609,大亞,20,12,8,華南永昌-潮州,2023-05-10,9328
2373,震旦行,7,0,7,華南永昌-潮州,2023-05-10,9328
00751B,元大AAA至A公司債,7,0,7,華南永昌-潮州,2023-05-10,9328
2883,凱基金,7,1,6,華南永昌-潮州,2023-05-10,9328
00882,中信中國高股息,6,0,6,華南永昌-潮州,2023-05-10,9328
3714,富采,6,0,6,華南永昌-潮州,2023-05-10,9328
2610,華航,19,13,6,華南永昌-潮州,2023-05-10,9328
8234,新漢,6,0,6,華南永昌-潮州,2023-05-10,9328
3027,盛達,5,0,5,華南永昌-潮州,2023-05-10,9328
1584,精剛,6,1,5,華南永昌-潮州,2023-05-10,9328
3704,合勤控,5,0,5,華南永昌-潮州,2023-05-10,9328
00922,國泰台灣領袖50,5,0,5,華南永昌-潮州,2023-05-10,9328
00902,中信電池及儲能,5,0,5,華南永昌-潮州,2023-05-10,9328
2208,台船,6,1,5,華南永昌-潮州,2023-05-10,9328
2484,希華,7,2,5,華南永昌-潮州,2023-05-10,9328
3532,台勝科,5,0,5,華南永昌-潮州,2023-05-10,9328
4739,康普,5,0,5,華南永昌-潮州,2023-05-10,9328
8996,高力,7,2,5,華南永昌-潮州,2023-05-10,9328
9907,統一實,5,0,5,華南永昌-潮州,2023-05-10,9328
2634,漢翔,110,1,109,華南永昌-潮州,2023-05-11,9328
00738U,期元大道瓊白銀,100,0,100,華南永昌-潮州,2023-05-11,9328
2884,玉山金,60,0,60,華南永昌-潮州,2023-05-11,9328
2515,中工,42,0,42,華南永昌-潮州,2023-05-11,9328
00665L,富邦�琤肭磪囓�2,141,100,41,華南永昌-潮州,2023-05-11,9328
1444,力麗,35,0,35,華南永昌-潮州,2023-05-11,9328
1314,中石化,28,0,28,華南永昌-潮州,2023-05-11,9328
00878,國泰永續高股息,24,0,24,華南永昌-潮州,2023-05-11,9328
2880,華南金,23,2,21,華南永昌-潮州,2023-05-11,9328
6285,啟��,22,4,18,華南永昌-潮州,2023-05-11,9328
2022,聚亨,18,1,17,華南永昌-潮州,2023-05-11,9328
2610,華航,27,10,17,華南永昌-潮州,2023-05-11,9328
6125,廣運,16,0,16,華南永昌-潮州,2023-05-11,9328
1409,新纖,15,0,15,華南永昌-潮州,2023-05-11,9328
3038,全台,15,0,15,華南永昌-潮州,2023-05-11,9328
00670L,富邦NASDAQ正2,12,0,12,華南永昌-潮州,2023-05-11,9328
00900,富邦特選高股息30,17,5,12,華南永昌-潮州,2023-05-11,9328
2313,華通,12,0,12,華南永昌-潮州,2023-05-11,9328
2344,華邦電,12,0,12,華南永昌-潮州,2023-05-11,9328
5009,榮剛,43,32,11,華南永昌-潮州,2023-05-11,9328
4121,優盛,13,2,11,華南永昌-潮州,2023-05-11,9328
2609,陽明,22,11,11,華南永昌-潮州,2023-05-11,9328
2402,毅嘉,21,10,11,華南永昌-潮州,2023-05-11,9328
2605,新興,11,0,11,華南永昌-潮州,2023-05-11,9328
6592,和潤企業,11,0,11,華南永昌-潮州,2023-05-11,9328
8011,台通,12,1,11,華南永昌-潮州,2023-05-11,9328
1432,大魯閣,10,0,10,華南永昌-潮州,2023-05-11,9328
1455,集盛,10,0,10,華南永昌-潮州,2023-05-11,9328
2208,台船,10,0,10,華南永昌-潮州,2023-05-11,9328
2617,台航,10,0,10,華南永昌-潮州,2023-05-11,9328
4142,國光生,10,0,10,華南永昌-潮州,2023-05-11,9328
4938,和碩,10,0,10,華南永昌-潮州,2023-05-11,9328
5457,宣德,10,0,10,華南永昌-潮州,2023-05-11,9328
6167,久正,13,3,10,華南永昌-潮州,2023-05-11,9328
1522,堤維西,9,0,9,華南永昌-潮州,2023-05-11,9328
2393,億光,10,1,9,華南永昌-潮州,2023-05-11,9328
1611,中電,11,2,9,華南永昌-潮州,2023-05-11,9328
6770,力積電,9,0,9,華南永昌-潮州,2023-05-11,9328
2014,中鴻,9,1,8,華南永昌-潮州,2023-05-11,9328
6234,高僑,9,1,8,華南永昌-潮州,2023-05-11,9328
1904,正隆,8,0,8,華南永昌-潮州,2023-05-11,9328
4967,十銓,8,0,8,華南永昌-潮州,2023-05-11,9328
9907,統一實,8,0,8,華南永昌-潮州,2023-05-11,9328
4931,新盛力,8,1,7,華南永昌-潮州,2023-05-11,9328
2727,王品,8,1,7,華南永昌-潮州,2023-05-11,9328
3419,譁裕,12,5,7,華南永昌-潮州,2023-05-11,9328
6160,欣技,13,6,7,華南永昌-潮州,2023-05-11,9328
6861,睿生光電,31,24,7,華南永昌-潮州,2023-05-11,9328
2453,凌群,8,2,6,華南永昌-潮州,2023-05-11,9328
2317,鴻海,8,2,6,華南永昌-潮州,2023-05-11,9328
00715L,期街口布蘭特正2,73,0,73,華南永昌-潮州,2023-05-12,9328
2206,三陽工業,105,39,66,華南永昌-潮州,2023-05-12,9328
2352,佳世達,52,3,49,華南永昌-潮州,2023-05-12,9328
8011,台通,45,1,44,華南永昌-潮州,2023-05-12,9328
00637L,元大滬深300正2,47,10,37,華南永昌-潮州,2023-05-12,9328
6234,高僑,37,0,37,華南永昌-潮州,2023-05-12,9328
00878,國泰永續高股息,39,13,26,華南永昌-潮州,2023-05-12,9328
2883,凱基金,34,10,24,華南永昌-潮州,2023-05-12,9328
6185,幃翔,26,2,24,華南永昌-潮州,2023-05-12,9328
2610,華航,22,0,22,華南永昌-潮州,2023-05-12,9328
1455,集盛,20,0,20,華南永昌-潮州,2023-05-12,9328
2888,新光金,23,4,19,華南永昌-潮州,2023-05-12,9328
4934,太極,18,2,16,華南永昌-潮州,2023-05-12,9328
2337,旺宏,19,3,16,華南永昌-潮州,2023-05-12,9328
2890,永豐金,15,0,15,華南永昌-潮州,2023-05-12,9328
6285,啟��,16,3,13,華南永昌-潮州,2023-05-12,9328
2409,友達,13,0,13,華南永昌-潮州,2023-05-12,9328
2014,中鴻,20,8,12,華南永昌-潮州,2023-05-12,9328
5009,榮剛,23,11,12,華南永昌-潮州,2023-05-12,9328
6160,欣技,12,0,12,華南永昌-潮州,2023-05-12,9328
2882,國泰金,11,0,11,華南永昌-潮州,2023-05-12,9328
00665L,富邦�琤肭磪囓�2,52,42,10,華南永昌-潮州,2023-05-12,9328
3202,樺晟,12,2,10,華南永昌-潮州,2023-05-12,9328
00882,中信中國高股息,9,0,9,華南永昌-潮州,2023-05-12,9328
4743,合一,14,5,9,華南永昌-潮州,2023-05-12,9328
1504,東元,12,3,9,華南永昌-潮州,2023-05-12,9328
1725,元禎,22,13,9,華南永昌-潮州,2023-05-12,9328
00713,元大台灣高息低波,8,0,8,華南永昌-潮州,2023-05-12,9328
1522,堤維西,10,2,8,華南永昌-潮州,2023-05-12,9328
1907,永豐餘,8,0,8,華南永昌-潮州,2023-05-12,9328
2913,農林,8,0,8,華南永昌-潮州,2023-05-12,9328
2609,陽明,11,3,8,華南永昌-潮州,2023-05-12,9328
2303,聯電,11,4,7,華南永昌-潮州,2023-05-12,9328
1605,華新,17,10,7,華南永昌-潮州,2023-05-12,9328
00900,富邦特選高股息30,7,0,7,華南永昌-潮州,2023-05-12,9328
6244,茂迪,14,7,7,華南永昌-潮州,2023-05-12,9328
1312,國喬,27,21,6,華南永昌-潮州,2023-05-12,9328
1611,中電,8,2,6,華南永昌-潮州,2023-05-12,9328
1905,華紙,20,14,6,華南永昌-潮州,2023-05-12,9328
6122,擎邦,28,22,6,華南永昌-潮州,2023-05-12,9328
2402,毅嘉,7,1,6,華南永昌-潮州,2023-05-12,9328
2886,兆豐金,5,0,5,華南永昌-潮州,2023-05-12,9328
3037,欣興,7,2,5,華南永昌-潮州,2023-05-12,9328
00888,永豐台灣ESG,5,0,5,華南永昌-潮州,2023-05-12,9328
1409,新纖,5,0,5,華南永昌-潮州,2023-05-12,9328
1727,中華化,5,0,5,華南永昌-潮州,2023-05-12,9328
1736,喬山,5,0,5,華南永昌-潮州,2023-05-12,9328
2421,建準,6,1,5,華南永昌-潮州,2023-05-12,9328
2497,怡利電,5,0,5,華南永昌-潮州,2023-05-12,9328
2546,根基,5,0,5,華南永昌-潮州,2023-05-12,9328
1319,東陽,80,0,80,華南永昌-潮州,2023-05-15,9328
00878,國泰永續高股息,68,15,53,華南永昌-潮州,2023-05-15,9328
00715L,期街口布蘭特正2,50,0,50,華南永昌-潮州,2023-05-15,9328
6122,擎邦,44,6,38,華南永昌-潮州,2023-05-15,9328
2303,聯電,36,0,36,華南永昌-潮州,2023-05-15,9328
2371,大同,48,18,30,華南永昌-潮州,2023-05-15,9328
2349,錸德,25,0,25,華南永昌-潮州,2023-05-15,9328
4128,中天,23,0,23,華南永昌-潮州,2023-05-15,9328
00665L,富邦�琤肭磪囓�2,60,40,20,華南永昌-潮州,2023-05-15,9328
3540,曜越,20,0,20,華南永昌-潮州,2023-05-15,9328
1417,嘉裕,15,0,15,華南永昌-潮州,2023-05-15,9328
00696B,富邦美債20年,14,0,14,華南永昌-潮州,2023-05-15,9328
3479,安勤,14,1,13,華南永昌-潮州,2023-05-15,9328
3231,緯創,26,13,13,華南永昌-潮州,2023-05-15,9328
1514,亞力,12,0,12,華南永昌-潮州,2023-05-15,9328
6185,幃翔,10,0,10,華南永昌-潮州,2023-05-15,9328
2392,正崴,12,2,10,華南永昌-潮州,2023-05-15,9328
2515,中工,12,2,10,華南永昌-潮州,2023-05-15,9328
2904,匯僑,10,0,10,華南永昌-潮州,2023-05-15,9328
3715,定穎投控,26,16,10,華南永昌-潮州,2023-05-15,9328
8410,森田,10,0,10,華南永昌-潮州,2023-05-15,9328
1504,東元,29,19,10,華南永昌-潮州,2023-05-15,9328
3704,合勤控,9,0,9,華南永昌-潮州,2023-05-15,9328
4513,福裕,8,0,8,華南永昌-潮州,2023-05-15,9328
5543,桓鼎-KY,8,0,8,華南永昌-潮州,2023-05-15,9328
00720B,元大投資級公司債,7,0,7,華南永昌-潮州,2023-05-15,9328
2603,長榮,12,5,7,華南永昌-潮州,2023-05-15,9328
2330,台積電,13,6,7,華南永昌-潮州,2023-05-15,9328
3202,樺晟,13,6,7,華南永昌-潮州,2023-05-15,9328
00655L,國泰中國A50正2,7,0,7,華南永昌-潮州,2023-05-15,9328
1722,台肥,6,0,6,華南永昌-潮州,2023-05-15,9328
1784,訊聯,8,2,6,華南永昌-潮州,2023-05-15,9328
2356,英業達,6,0,6,華南永昌-潮州,2023-05-15,9328
4931,新盛力,6,0,6,華南永昌-潮州,2023-05-15,9328
6152,百一,6,0,6,華南永昌-潮州,2023-05-15,9328
6443,元晶,6,0,6,華南永昌-潮州,2023-05-15,9328
5227,立凱-KY,6,0,6,華南永昌-潮州,2023-05-15,9328
8038,長園科,7,1,6,華南永昌-潮州,2023-05-15,9328
00712,復華富時不動產,6,1,5,華南永昌-潮州,2023-05-15,9328
2457,飛宏,26,21,5,華南永昌-潮州,2023-05-15,9328
00882,中信中國高股息,5,0,5,華南永昌-潮州,2023-05-15,9328
1304,台聚,5,0,5,華南永昌-潮州,2023-05-15,9328
00642U,期元大S＆P石油,5,0,5,華南永昌-潮州,2023-05-15,9328
1455,集盛,5,0,5,華南永昌-潮州,2023-05-15,9328
1522,堤維西,5,0,5,華南永昌-潮州,2023-05-15,9328
2442,新美齊,5,0,5,華南永昌-潮州,2023-05-15,9328
2880,華南金,6,1,5,華南永昌-潮州,2023-05-15,9328
6234,高僑,6,1,5,華南永昌-潮州,2023-05-15,9328
6278,台表科,10,5,5,華南永昌-潮州,2023-05-15,9328
4919,新唐,5,0,5,華南永昌-潮州,2023-05-15,9328
8926,台汽電,192,0,192,華南永昌-潮州,2023-05-16,9328
00632R,元大台灣50反1,115,0,115,華南永昌-潮州,2023-05-16,9328
00751B,元大AAA至A公司債,55,0,55,華南永昌-潮州,2023-05-16,9328
5905,南仁湖,38,0,38,華南永昌-潮州,2023-05-16,9328
3022,威強電,30,9,21,華南永昌-潮州,2023-05-16,9328
2208,台船,23,3,20,華南永昌-潮州,2023-05-16,9328
1721,三晃,30,14,16,華南永昌-潮州,2023-05-16,9328
8076,伍豐,29,15,14,華南永昌-潮州,2023-05-16,9328
00673R,期元大S＆P原油反1,13,0,13,華南永昌-潮州,2023-05-16,9328
00680L,元大美債20正2,13,0,13,華南永昌-潮州,2023-05-16,9328
1905,華紙,15,4,11,華南永昌-潮州,2023-05-16,9328
3540,曜越,32,21,11,華南永昌-潮州,2023-05-16,9328
2867,三商壽,10,0,10,華南永昌-潮州,2023-05-16,9328
3030,德律,10,0,10,華南永昌-潮州,2023-05-16,9328
3711,日月光投控,10,0,10,華南永昌-潮州,2023-05-16,9328
00772B,中信高評級公司債,10,0,10,華南永昌-潮州,2023-05-16,9328
1605,華新,10,1,9,華南永昌-潮州,2023-05-16,9328
2887,台新金,8,0,8,華南永昌-潮州,2023-05-16,9328
1409,新纖,8,0,8,華南永昌-潮州,2023-05-16,9328
3231,緯創,14,6,8,華南永昌-潮州,2023-05-16,9328
9962,有益,8,0,8,華南永昌-潮州,2023-05-16,9328
00720B,元大投資級公司債,7,0,7,華南永昌-潮州,2023-05-16,9328
2634,漢翔,9,2,7,華南永昌-潮州,2023-05-16,9328
2331,精英,7,0,7,華南永昌-潮州,2023-05-16,9328
2201,裕隆,6,0,6,華南永昌-潮州,2023-05-16,9328
00679B,元大美債20年,5,0,5,華南永昌-潮州,2023-05-16,9328
2603,長榮,6,1,5,華南永昌-潮州,2023-05-16,9328
00687B,國泰20年美債,5,0,5,華南永昌-潮州,2023-05-16,9328
4967,十銓,20,15,5,華南永昌-潮州,2023-05-16,9328
5009,榮剛,16,11,5,華南永昌-潮州,2023-05-16,9328
2453,凌群,4,0,4,華南永昌-潮州,2023-05-16,9328
2009,第一銅,4,0,4,華南永昌-潮州,2023-05-16,9328
2344,華邦電,10,6,4,華南永昌-潮州,2023-05-16,9328
2367,燿華,5,1,4,華南永昌-潮州,2023-05-16,9328
2421,建準,14,10,4,華南永昌-潮州,2023-05-16,9328
4147,中裕,5,1,4,華南永昌-潮州,2023-05-16,9328
4919,新唐,6,2,4,華南永昌-潮州,2023-05-16,9328
6140,訊達,5,1,4,華南永昌-潮州,2023-05-16,9328
8183,精星,4,0,4,華南永昌-潮州,2023-05-16,9328
9907,統一實,4,0,4,華南永昌-潮州,2023-05-16,9328
2313,華通,3,0,3,華南永昌-潮州,2023-05-16,9328
2337,旺宏,8,5,3,華南永昌-潮州,2023-05-16,9328
5243,乙盛-KY,3,0,3,華南永昌-潮州,2023-05-16,9328
1584,精剛,4,1,3,華南永昌-潮州,2023-05-16,9328
1712,興農,3,0,3,華南永昌-潮州,2023-05-16,9328
2022,聚亨,4,1,3,華南永昌-潮州,2023-05-16,9328
2349,錸德,3,0,3,華南永昌-潮州,2023-05-16,9328
2484,希華,3,0,3,華南永昌-潮州,2023-05-16,9328
2489,瑞軒,3,0,3,華南永昌-潮州,2023-05-16,9328
3548,兆利,3,0,3,華南永昌-潮州,2023-05-16,9328
00632R,元大台灣50反1,562,190,372,華南永昌-潮州,2023-05-17,9328
00878,國泰永續高股息,53,4,49,華南永昌-潮州,2023-05-17,9328
1101,台泥,40,3,37,華南永昌-潮州,2023-05-17,9328
00637L,元大滬深300正2,38,10,28,華南永昌-潮州,2023-05-17,9328
6139,亞翔,56,31,25,華南永昌-潮州,2023-05-17,9328
1608,華榮,24,2,22,華南永昌-潮州,2023-05-17,9328
00720B,元大投資級公司債,21,0,21,華南永昌-潮州,2023-05-17,9328
00665L,富邦�琤肭磪囓�2,52,32,20,華南永昌-潮州,2023-05-17,9328
6285,啟��,17,0,17,華南永昌-潮州,2023-05-17,9328
00772B,中信高評級公司債,16,0,16,華南永昌-潮州,2023-05-17,9328
2402,毅嘉,65,51,14,華南永昌-潮州,2023-05-17,9328
00680L,元大美債20正2,12,0,12,華南永昌-潮州,2023-05-17,9328
6288,聯嘉,16,4,12,華南永昌-潮州,2023-05-17,9328
2801,彰銀,12,1,11,華南永昌-潮州,2023-05-17,9328
00679B,元大美債20年,11,0,11,華南永昌-潮州,2023-05-17,9328
2542,興富發,11,0,11,華南永昌-潮州,2023-05-17,9328
00885,富邦越南,11,0,11,華南永昌-潮州,2023-05-17,9328
6874,倍力,13,2,11,華南永昌-潮州,2023-05-17,9328
1609,大亞,14,3,11,華南永昌-潮州,2023-05-17,9328
3030,德律,10,0,10,華南永昌-潮州,2023-05-17,9328
5227,立凱-KY,10,0,10,華南永昌-潮州,2023-05-17,9328
8926,台汽電,10,0,10,華南永昌-潮州,2023-05-17,9328
00751B,元大AAA至A公司債,9,0,9,華南永昌-潮州,2023-05-17,9328
1810,和成,12,3,9,華南永昌-潮州,2023-05-17,9328
3558,神準,16,7,9,華南永昌-潮州,2023-05-17,9328
1519,華城,10,2,8,華南永昌-潮州,2023-05-17,9328
00773B,中信優先金融債,7,0,7,華南永昌-潮州,2023-05-17,9328
00696B,富邦美債20年,7,0,7,華南永昌-潮州,2023-05-17,9328
2734,易飛網,7,0,7,華南永昌-潮州,2023-05-17,9328
6202,盛群,7,0,7,華南永昌-潮州,2023-05-17,9328
1612,宏泰,7,1,6,華南永昌-潮州,2023-05-17,9328
1904,正隆,6,0,6,華南永昌-潮州,2023-05-17,9328
3163,波若威,6,0,6,華南永昌-潮州,2023-05-17,9328
4979,華星光,7,1,6,華南永昌-潮州,2023-05-17,9328
00687B,國泰20年美債,6,0,6,華南永昌-潮州,2023-05-17,9328
00712,復華富時不動產,5,0,5,華南永昌-潮州,2023-05-17,9328
00882,中信中國高股息,5,0,5,華南永昌-潮州,2023-05-17,9328
1709,和益,5,0,5,華南永昌-潮州,2023-05-17,9328
2481,強茂,5,0,5,華南永昌-潮州,2023-05-17,9328
3056,富華新,5,0,5,華南永昌-潮州,2023-05-17,9328
3059,華晶科,5,0,5,華南永昌-潮州,2023-05-17,9328
3665,貿聯-KY,5,0,5,華南永昌-潮州,2023-05-17,9328
5905,南仁湖,5,0,5,華南永昌-潮州,2023-05-17,9328
6148,驊宏資,5,0,5,華南永昌-潮州,2023-05-17,9328
00795B,中信美國公債20年,4,0,4,華南永昌-潮州,2023-05-17,9328
00902,中信電池及儲能,5,1,4,華南永昌-潮州,2023-05-17,9328
1529,樂事綠能,4,0,4,華南永昌-潮州,2023-05-17,9328
1711,永光,8,4,4,華南永昌-潮州,2023-05-17,9328
2313,華通,4,0,4,華南永昌-潮州,2023-05-17,9328
2382,廣達,4,0,4,華南永昌-潮州,2023-05-17,9328
00632R,元大台灣50反1,285,100,185,華南永昌-潮州,2023-05-18,9328
1101,台泥,58,0,58,華南永昌-潮州,2023-05-18,9328
2323,中環,58,0,58,華南永昌-潮州,2023-05-18,9328
3576,聯合再生,42,0,42,華南永昌-潮州,2023-05-18,9328
5328,華容,42,1,41,華南永昌-潮州,2023-05-18,9328
5324,士開,30,0,30,華南永昌-潮州,2023-05-18,9328
2887,台新金,24,0,24,華南永昌-潮州,2023-05-18,9328
00687B,國泰20年美債,23,0,23,華南永昌-潮州,2023-05-18,9328
00713,元大台灣高息低波,18,1,17,華南永昌-潮州,2023-05-18,9328
00673R,期元大S＆P原油反1,15,0,15,華南永昌-潮州,2023-05-18,9328
2449,京元電子,20,6,14,華南永昌-潮州,2023-05-18,9328
5511,德昌,15,2,13,華南永昌-潮州,2023-05-18,9328
00712,復華富時不動產,12,0,12,華南永昌-潮州,2023-05-18,9328
1609,大亞,20,8,12,華南永昌-潮州,2023-05-18,9328
6443,元晶,11,0,11,華南永昌-潮州,2023-05-18,9328
0056,元大高股息,21,10,11,華南永昌-潮州,2023-05-18,9328
1709,和益,10,0,10,華南永昌-潮州,2023-05-18,9328
3682,亞太電,10,0,10,華南永昌-潮州,2023-05-18,9328
3058,立德,11,1,10,華南永昌-潮州,2023-05-18,9328
5014,建錩,10,0,10,華南永昌-潮州,2023-05-18,9328
4979,華星光,9,0,9,華南永昌-潮州,2023-05-18,9328
2634,漢翔,13,5,8,華南永昌-潮州,2023-05-18,9328
6223,旺矽,8,0,8,華南永昌-潮州,2023-05-18,9328
00720B,元大投資級公司債,8,0,8,華南永昌-潮州,2023-05-18,9328
1584,精剛,9,1,8,華南永昌-潮州,2023-05-18,9328
2427,三商電,8,0,8,華南永昌-潮州,2023-05-18,9328
3504,揚明光,8,0,8,華南永昌-潮州,2023-05-18,9328
6679,鈺太,8,0,8,華南永昌-潮州,2023-05-18,9328
3540,曜越,7,0,7,華南永昌-潮州,2023-05-18,9328
6234,高僑,7,0,7,華南永昌-潮州,2023-05-18,9328
6770,力積電,10,3,7,華南永昌-潮州,2023-05-18,9328
8410,森田,7,0,7,華南永昌-潮州,2023-05-18,9328
1319,東陽,7,0,7,華南永昌-潮州,2023-05-18,9328
5608,四維航,7,0,7,華南永昌-潮州,2023-05-18,9328
2106,建大,6,0,6,華南永昌-潮州,2023-05-18,9328
2497,怡利電,5,0,5,華南永昌-潮州,2023-05-18,9328
2867,三商壽,5,0,5,華南永昌-潮州,2023-05-18,9328
00648R,元大S＆P500反1,5,0,5,華南永昌-潮州,2023-05-18,9328
3071,協禧,5,0,5,華南永昌-潮州,2023-05-18,9328
3094,聯傑,6,1,5,華南永昌-潮州,2023-05-18,9328
3380,明泰,6,1,5,華南永昌-潮州,2023-05-18,9328
5211,蒙恬,5,0,5,華南永昌-潮州,2023-05-18,9328
6109,亞元,5,0,5,華南永昌-潮州,2023-05-18,9328
6125,廣運,6,1,5,華南永昌-潮州,2023-05-18,9328
6139,亞翔,5,0,5,華南永昌-潮州,2023-05-18,9328
6535,順藥,5,0,5,華南永昌-潮州,2023-05-18,9328
6790,永豐實,5,0,5,華南永昌-潮州,2023-05-18,9328
8121,越峰,5,0,5,華南永昌-潮州,2023-05-18,9328
3005,神基,11,6,5,華南永昌-潮州,2023-05-18,9328
4121,優盛,5,1,4,華南永昌-潮州,2023-05-18,9328
2323,中環,66,5,61,華南永昌-潮州,2023-05-19,9328
3607,谷崧,51,0,51,華南永昌-潮州,2023-05-19,9328
00665L,富邦�琤肭磪囓�2,43,2,41,華南永昌-潮州,2023-05-19,9328
8076,伍豐,31,0,31,華南永昌-潮州,2023-05-19,9328
2453,凌群,23,0,23,華南永昌-潮州,2023-05-19,9328
00713,元大台灣高息低波,20,0,20,華南永昌-潮州,2023-05-19,9328
6874,倍力,21,3,18,華南永昌-潮州,2023-05-19,9328
1711,永光,24,8,16,華南永昌-潮州,2023-05-19,9328
4736,泰博,15,0,15,華南永昌-潮州,2023-05-19,9328
00679B,元大美債20年,14,0,14,華南永昌-潮州,2023-05-19,9328
00882,中信中國高股息,12,0,12,華南永昌-潮州,2023-05-19,9328
1904,正隆,12,0,12,華南永昌-潮州,2023-05-19,9328
4147,中裕,15,3,12,華南永昌-潮州,2023-05-19,9328
00687B,國泰20年美債,11,0,11,華南永昌-潮州,2023-05-19,9328
3540,曜越,11,0,11,華南永昌-潮州,2023-05-19,9328
3202,樺晟,13,2,11,華南永昌-潮州,2023-05-19,9328
2014,中鴻,10,0,10,華南永昌-潮州,2023-05-19,9328
1229,聯華,10,0,10,華南永昌-潮州,2023-05-19,9328
00633L,富邦上証正2,10,0,10,華南永昌-潮州,2023-05-19,9328
00680L,元大美債20正2,10,0,10,華南永昌-潮州,2023-05-19,9328
00715L,期街口布蘭特正2,15,5,10,華南永昌-潮州,2023-05-19,9328
6133,金橋,10,0,10,華南永昌-潮州,2023-05-19,9328
6182,合晶,10,0,10,華南永昌-潮州,2023-05-19,9328
3231,緯創,24,14,10,華南永昌-潮州,2023-05-19,9328
6770,力積電,14,5,9,華南永昌-潮州,2023-05-19,9328
2317,鴻海,9,0,9,華南永昌-潮州,2023-05-19,9328
1618,合機,15,6,9,華南永昌-潮州,2023-05-19,9328
2615,萬海,12,3,9,華南永昌-潮州,2023-05-19,9328
00751B,元大AAA至A公司債,8,0,8,華南永昌-潮州,2023-05-19,9328
3558,神準,17,9,8,華南永昌-潮州,2023-05-19,9328
00712,復華富時不動產,21,13,8,華南永昌-潮州,2023-05-19,9328
1210,大成,7,0,7,華南永昌-潮州,2023-05-19,9328
6235,華孚,22,15,7,華南永昌-潮州,2023-05-19,9328
3032,偉訓,7,0,7,華南永昌-潮州,2023-05-19,9328
3363,上詮,20,13,7,華南永昌-潮州,2023-05-19,9328
1727,中華化,13,7,6,華南永昌-潮州,2023-05-19,9328
2356,英業達,7,1,6,華南永昌-潮州,2023-05-19,9328
2371,大同,7,1,6,華南永昌-潮州,2023-05-19,9328
4967,十銓,6,0,6,華南永昌-潮州,2023-05-19,9328
6223,旺矽,13,7,6,華南永昌-潮州,2023-05-19,9328
6266,泰詠,6,0,6,華南永昌-潮州,2023-05-19,9328
6509,聚和,6,0,6,華南永昌-潮州,2023-05-19,9328
8446,華研,6,0,6,華南永昌-潮州,2023-05-19,9328
00650L,復華香港正2,5,0,5,華南永昌-潮州,2023-05-19,9328
00648R,元大S＆P500反1,5,0,5,華南永昌-潮州,2023-05-19,9328
00637L,元大滬深300正2,45,40,5,華南永昌-潮州,2023-05-19,9328
1301,台塑,5,0,5,華南永昌-潮州,2023-05-19,9328
1608,華榮,8,3,5,華南永昌-潮州,2023-05-19,9328
2023,燁輝,5,0,5,華南永昌-潮州,2023-05-19,9328
2801,彰銀,5,0,5,華南永昌-潮州,2023-05-19,9328
6233,旺玖,49,0,49,華南永昌-潮州,2023-05-22,9328
2542,興富發,48,0,48,華南永昌-潮州,2023-05-22,9328
2323,中環,49,3,46,華南永昌-潮州,2023-05-22,9328
2303,聯電,52,7,45,華南永昌-潮州,2023-05-22,9328
00715L,期街口布蘭特正2,45,0,45,華南永昌-潮州,2023-05-22,9328
1809,中釉,26,0,26,華南永昌-潮州,2023-05-22,9328
3038,全台,24,4,20,華南永昌-潮州,2023-05-22,9328
3231,緯創,21,6,15,華南永昌-潮州,2023-05-22,9328
00713,元大台灣高息低波,13,0,13,華南永昌-潮州,2023-05-22,9328
2356,英業達,44,31,13,華南永昌-潮州,2023-05-22,9328
00712,復華富時不動產,13,0,13,華南永昌-潮州,2023-05-22,9328
00632R,元大台灣50反1,12,0,12,華南永昌-潮州,2023-05-22,9328
6472,保瑞,13,2,11,華南永昌-潮州,2023-05-22,9328
00772B,中信高評級公司債,11,0,11,華南永昌-潮州,2023-05-22,9328
3037,欣興,11,1,10,華南永昌-潮州,2023-05-22,9328
2890,永豐金,10,0,10,華南永昌-潮州,2023-05-22,9328
00922,國泰台灣領袖50,10,0,10,華南永昌-潮州,2023-05-22,9328
00907,永豐優息存股,10,0,10,華南永昌-潮州,2023-05-22,9328
1591,駿吉-KY,10,0,10,華南永昌-潮州,2023-05-22,9328
2438,翔耀,10,0,10,華南永昌-潮州,2023-05-22,9328
3051,力特,10,0,10,華南永昌-潮州,2023-05-22,9328
8926,台汽電,10,0,10,華南永昌-潮州,2023-05-22,9328
3013,晟銘電,13,4,9,華南永昌-潮州,2023-05-22,9328
00690,兆豐藍籌30,8,0,8,華南永昌-潮州,2023-05-22,9328
2834,臺企銀,8,0,8,華南永昌-潮州,2023-05-22,9328
1504,東元,33,25,8,華南永昌-潮州,2023-05-22,9328
1605,華新,9,2,7,華南永昌-潮州,2023-05-22,9328
3035,智原,8,1,7,華南永昌-潮州,2023-05-22,9328
4121,優盛,7,0,7,華南永昌-潮州,2023-05-22,9328
4960,誠美材,7,0,7,華南永昌-潮州,2023-05-22,9328
5498,凱崴,7,0,7,華南永昌-潮州,2023-05-22,9328
00679B,元大美債20年,9,3,6,華南永昌-潮州,2023-05-22,9328
00751B,元大AAA至A公司債,6,0,6,華南永昌-潮州,2023-05-22,9328
00896,中信綠能及電動車,6,0,6,華南永昌-潮州,2023-05-22,9328
2387,精元,6,0,6,華南永昌-潮州,2023-05-22,9328
2727,王品,6,0,6,華南永昌-潮州,2023-05-22,9328
3454,晶睿,7,1,6,華南永昌-潮州,2023-05-22,9328
6139,亞翔,7,1,6,華南永昌-潮州,2023-05-22,9328
5009,榮剛,16,11,5,華南永昌-潮州,2023-05-22,9328
2027,大成鋼,6,1,5,華南永昌-潮州,2023-05-22,9328
2103,台橡,5,0,5,華南永昌-潮州,2023-05-22,9328
3017,奇鋐,6,1,5,華南永昌-潮州,2023-05-22,9328
6589,台康生技,5,0,5,華南永昌-潮州,2023-05-22,9328
6679,鈺太,5,0,5,華南永昌-潮州,2023-05-22,9328
6698,旭暉應材,5,0,5,華南永昌-潮州,2023-05-22,9328
6733,博晟生醫,5,0,5,華南永昌-潮州,2023-05-22,9328
2913,農林,4,0,4,華南永昌-潮州,2023-05-22,9328
1727,中華化,7,3,4,華南永昌-潮州,2023-05-22,9328
2889,國票金,4,0,4,華南永昌-潮州,2023-05-22,9328
3465,進泰電子,4,0,4,華南永昌-潮州,2023-05-22,9328
2634,漢翔,75,12,63,華南永昌-潮州,2023-05-23,9328
00637L,元大滬深300正2,35,0,35,華南永昌-潮州,2023-05-23,9328
00882,中信中國高股息,25,0,25,華南永昌-潮州,2023-05-23,9328
8183,精星,25,0,25,華南永昌-潮州,2023-05-23,9328
00907,永豐優息存股,20,0,20,華南永昌-潮州,2023-05-23,9328
1460,宏遠,20,0,20,華南永昌-潮州,2023-05-23,9328
4934,太極,20,0,20,華南永昌-潮州,2023-05-23,9328
2883,凱基金,20,0,20,華南永昌-潮州,2023-05-23,9328
2323,中環,25,6,19,華南永昌-潮州,2023-05-23,9328
1605,華新,22,5,17,華南永昌-潮州,2023-05-23,9328
2497,怡利電,15,0,15,華南永昌-潮州,2023-05-23,9328
00673R,期元大S＆P原油反1,15,0,15,華南永昌-潮州,2023-05-23,9328
5880,合庫金,15,0,15,華南永昌-潮州,2023-05-23,9328
3041,揚智,12,0,12,華南永昌-潮州,2023-05-23,9328
00650L,復華香港正2,10,0,10,華南永昌-潮州,2023-05-23,9328
3062,建漢,10,0,10,華南永昌-潮州,2023-05-23,9328
6165,浪凡,10,0,10,華南永昌-潮州,2023-05-23,9328
8996,高力,17,7,10,華南永昌-潮州,2023-05-23,9328
1609,大亞,16,7,9,華南永昌-潮州,2023-05-23,9328
2022,聚亨,9,0,9,華南永昌-潮州,2023-05-23,9328
2537,聯上發,9,0,9,華南永昌-潮州,2023-05-23,9328
9105,泰金寶-DR,10,1,9,華南永昌-潮州,2023-05-23,9328
2027,大成鋼,8,0,8,華南永昌-潮州,2023-05-23,9328
00772B,中信高評級公司債,8,0,8,華南永昌-潮州,2023-05-23,9328
2886,兆豐金,8,1,7,華南永昌-潮州,2023-05-23,9328
5388,中磊,7,0,7,華南永昌-潮州,2023-05-23,9328
2206,三陽工業,11,4,7,華南永昌-潮州,2023-05-23,9328
1101,台泥,9,3,6,華南永昌-潮州,2023-05-23,9328
1514,亞力,10,4,6,華南永昌-潮州,2023-05-23,9328
2376,技嘉,6,0,6,華南永昌-潮州,2023-05-23,9328
3481,群創,17,11,6,華南永昌-潮州,2023-05-23,9328
1513,中興電,17,11,6,華南永昌-潮州,2023-05-23,9328
2402,毅嘉,13,7,6,華南永昌-潮州,2023-05-23,9328
4130,健亞,17,11,6,華南永昌-潮州,2023-05-23,9328
4909,新復興,6,0,6,華南永昌-潮州,2023-05-23,9328
6548,長科*,6,0,6,華南永昌-潮州,2023-05-23,9328
5905,南仁湖,8,3,5,華南永昌-潮州,2023-05-23,9328
1529,樂事綠能,11,6,5,華南永昌-潮州,2023-05-23,9328
1537,廣隆,5,0,5,華南永昌-潮州,2023-05-23,9328
1618,合機,5,0,5,華南永昌-潮州,2023-05-23,9328
1785,光洋科,5,0,5,華南永昌-潮州,2023-05-23,9328
2034,允強,5,0,5,華南永昌-潮州,2023-05-23,9328
2367,燿華,5,0,5,華南永昌-潮州,2023-05-23,9328
2438,翔耀,5,0,5,華南永昌-潮州,2023-05-23,9328
2442,新美齊,8,3,5,華南永昌-潮州,2023-05-23,9328
2444,兆勁,5,0,5,華南永昌-潮州,2023-05-23,9328
2461,光群雷,7,2,5,華南永昌-潮州,2023-05-23,9328
2867,三商壽,5,0,5,華南永昌-潮州,2023-05-23,9328
3558,神準,15,10,5,華南永昌-潮州,2023-05-23,9328
6535,順藥,5,0,5,華南永昌-潮州,2023-05-23,9328
00637L,元大滬深300正2,66,8,58,華南永昌-潮州,2023-05-24,9328
2371,大同,71,21,50,華南永昌-潮州,2023-05-24,9328
00882,中信中國高股息,58,10,48,華南永昌-潮州,2023-05-24,9328
6535,順藥,54,8,46,華南永昌-潮州,2023-05-24,9328
2888,新光金,33,0,33,華南永昌-潮州,2023-05-24,9328
5905,南仁湖,36,5,31,華南永昌-潮州,2023-05-24,9328
00633L,富邦上証正2,71,40,31,華南永昌-潮州,2023-05-24,9328
2399,映泰,33,6,27,華南永昌-潮州,2023-05-24,9328
00753L,中信中國50正2,26,0,26,華南永昌-潮州,2023-05-24,9328
00687B,國泰20年美債,26,0,26,華南永昌-潮州,2023-05-24,9328
00655L,國泰中國A50正2,28,3,25,華南永昌-潮州,2023-05-24,9328
1785,光洋科,26,1,25,華南永昌-潮州,2023-05-24,9328
4130,健亞,24,0,24,華南永昌-潮州,2023-05-24,9328
4906,正文,20,0,20,華南永昌-潮州,2023-05-24,9328
3607,谷崧,19,0,19,華南永昌-潮州,2023-05-24,9328
00673R,期元大S＆P原油反1,15,0,15,華南永昌-潮州,2023-05-24,9328
00688L,國泰20年美債正2,12,0,12,華南永昌-潮州,2023-05-24,9328
2705,六福,15,4,11,華南永昌-潮州,2023-05-24,9328
1504,東元,12,1,11,華南永昌-潮州,2023-05-24,9328
2606,裕民,12,1,11,華南永昌-潮州,2023-05-24,9328
2834,臺企銀,11,0,11,華南永昌-潮州,2023-05-24,9328
3231,緯創,59,48,11,華南永昌-潮州,2023-05-24,9328
3373,熱映,11,0,11,華南永昌-潮州,2023-05-24,9328
3624,光頡,11,0,11,華南永昌-潮州,2023-05-24,9328
6148,驊宏資,13,2,11,華南永昌-潮州,2023-05-24,9328
00712,復華富時不動產,10,0,10,華南永昌-潮州,2023-05-24,9328
2886,兆豐金,14,4,10,華南永昌-潮州,2023-05-24,9328
1440,南紡,10,0,10,華南永昌-潮州,2023-05-24,9328
1455,集盛,10,0,10,華南永昌-潮州,2023-05-24,9328
1711,永光,13,3,10,華南永昌-潮州,2023-05-24,9328
2323,中環,25,15,10,華南永昌-潮州,2023-05-24,9328
2337,旺宏,10,0,10,華南永昌-潮州,2023-05-24,9328
2424,隴華,10,0,10,華南永昌-潮州,2023-05-24,9328
2882,國泰金,10,0,10,華南永昌-潮州,2023-05-24,9328
3013,晟銘電,10,0,10,華南永昌-潮州,2023-05-24,9328
3666,光耀,10,0,10,華南永昌-潮州,2023-05-24,9328
2734,易飛網,9,0,9,華南永昌-潮州,2023-05-24,9328
3041,揚智,21,12,9,華南永昌-潮州,2023-05-24,9328
1513,中興電,18,9,9,華南永昌-潮州,2023-05-24,9328
1609,大亞,24,15,9,華南永昌-潮州,2023-05-24,9328
2634,漢翔,55,47,8,華南永昌-潮州,2023-05-24,9328
2356,英業達,7,0,7,華南永昌-潮州,2023-05-24,9328
2405,輔信,7,0,7,華南永昌-潮州,2023-05-24,9328
2630,亞航,9,2,7,華南永昌-潮州,2023-05-24,9328
2712,遠雄來,8,1,7,華南永昌-潮州,2023-05-24,9328
3294,英濟,7,0,7,華南永昌-潮州,2023-05-24,9328
1101,台泥,6,0,6,華南永昌-潮州,2023-05-24,9328
1809,中釉,14,8,6,華南永昌-潮州,2023-05-24,9328
3025,星通,6,0,6,華南永昌-潮州,2023-05-24,9328
4564,元翎,23,17,6,華南永昌-潮州,2023-05-24,9328
8926,台汽電,102,14,88,華南永昌-潮州,2023-05-25,9328
00632R,元大台灣50反1,81,2,79,華南永昌-潮州,2023-05-25,9328
2882,國泰金,67,0,67,華南永昌-潮州,2023-05-25,9328
00882,中信中國高股息,71,10,61,華南永昌-潮州,2023-05-25,9328
00673R,期元大S＆P原油反1,55,0,55,華南永昌-潮州,2023-05-25,9328
00712,復華富時不動產,53,0,53,華南永昌-潮州,2023-05-25,9328
2323,中環,45,6,39,華南永昌-潮州,2023-05-25,9328
3032,偉訓,39,1,38,華南永昌-潮州,2023-05-25,9328
3034,聯詠,37,0,37,華南永昌-潮州,2023-05-25,9328
00637L,元大滬深300正2,45,18,27,華南永昌-潮州,2023-05-25,9328
3025,星通,33,6,27,華南永昌-潮州,2023-05-25,9328
3481,群創,37,10,27,華南永昌-潮州,2023-05-25,9328
6229,研通,24,0,24,華南永昌-潮州,2023-05-25,9328
1325,恆大,23,0,23,華南永昌-潮州,2023-05-25,9328
3419,譁裕,31,10,21,華南永昌-潮州,2023-05-25,9328
00725B,國泰投資級公司債,20,0,20,華南永昌-潮州,2023-05-25,9328
1455,集盛,20,0,20,華南永昌-潮州,2023-05-25,9328
2424,隴華,20,0,20,華南永昌-潮州,2023-05-25,9328
2637,慧洋-KY,21,5,16,華南永昌-潮州,2023-05-25,9328
8476,台境*,16,0,16,華南永昌-潮州,2023-05-25,9328
1305,華夏,15,0,15,華南永昌-潮州,2023-05-25,9328
2609,陽明,16,3,13,華南永昌-潮州,2023-05-25,9328
3049,精金,19,6,13,華南永昌-潮州,2023-05-25,9328
4129,聯合,15,2,13,華南永昌-潮州,2023-05-25,9328
3265,台星科,13,1,12,華南永昌-潮州,2023-05-25,9328
4746,台耀,12,0,12,華南永昌-潮州,2023-05-25,9328
3483,力致,12,0,12,華南永昌-潮州,2023-05-25,9328
00670L,富邦NASDAQ正2,11,0,11,華南永昌-潮州,2023-05-25,9328
1785,光洋科,16,5,11,華南永昌-潮州,2023-05-25,9328
2303,聯電,13,2,11,華南永昌-潮州,2023-05-25,9328
6164,華興,29,18,11,華南永昌-潮州,2023-05-25,9328
00892,富邦台灣半導體,11,0,11,華南永昌-潮州,2023-05-25,9328
1447,力鵬,10,0,10,華南永昌-潮州,2023-05-25,9328
1711,永光,10,0,10,華南永昌-潮州,2023-05-25,9328
2208,台船,20,10,10,華南永昌-潮州,2023-05-25,9328
2363,矽統,10,0,10,華南永昌-潮州,2023-05-25,9328
2367,燿華,12,2,10,華南永昌-潮州,2023-05-25,9328
2426,鼎元,10,0,10,華南永昌-潮州,2023-05-25,9328
2610,華航,27,17,10,華南永昌-潮州,2023-05-25,9328
2630,亞航,26,16,10,華南永昌-潮州,2023-05-25,9328
3149,正達,10,0,10,華南永昌-潮州,2023-05-25,9328
3522,御嵿,10,0,10,華南永昌-潮州,2023-05-25,9328
6411,晶焱,10,0,10,華南永昌-潮州,2023-05-25,9328
1504,東元,16,6,10,華南永昌-潮州,2023-05-25,9328
2886,兆豐金,18,9,9,華南永昌-潮州,2023-05-25,9328
4919,新唐,10,1,9,華南永昌-潮州,2023-05-25,9328
1784,訊聯,10,2,8,華南永昌-潮州,2023-05-25,9328
4564,元翎,10,2,8,華南永昌-潮州,2023-05-25,9328
6231,系微,8,0,8,華南永昌-潮州,2023-05-25,9328
00772B,中信高評級公司債,7,0,7,華南永昌-潮州,2023-05-25,9328
2618,長榮航,1065,95,970,華南永昌-潮州,2023-05-26,9328
6245,立端,93,2,91,華南永昌-潮州,2023-05-26,9328
00712,復華富時不動產,130,61,69,華南永昌-潮州,2023-05-26,9328
4564,元翎,112,66,46,華南永昌-潮州,2023-05-26,9328
3231,緯創,119,78,41,華南永昌-潮州,2023-05-26,9328
00632R,元大台灣50反1,156,120,36,華南永昌-潮州,2023-05-26,9328
1608,華榮,44,8,36,華南永昌-潮州,2023-05-26,9328
8069,元太,41,5,36,華南永昌-潮州,2023-05-26,9328
00680L,元大美債20正2,35,0,35,華南永昌-潮州,2023-05-26,9328
00882,中信中國高股息,39,11,28,華南永昌-潮州,2023-05-26,9328
2888,新光金,28,0,28,華南永昌-潮州,2023-05-26,9328
2462,良得電,27,0,27,華南永昌-潮州,2023-05-26,9328
1314,中石化,24,0,24,華南永昌-潮州,2023-05-26,9328
2611,志信,23,0,23,華南永昌-潮州,2023-05-26,9328
1609,大亞,26,4,22,華南永昌-潮州,2023-05-26,9328
3419,譁裕,25,5,20,華南永昌-潮州,2023-05-26,9328
2886,兆豐金,23,4,19,華南永昌-潮州,2023-05-26,9328
00715L,期街口布蘭特正2,19,0,19,華南永昌-潮州,2023-05-26,9328
3308,聯德,20,1,19,華南永昌-潮州,2023-05-26,9328
3481,群創,30,12,18,華南永昌-潮州,2023-05-26,9328
3202,樺晟,17,2,15,華南永昌-潮州,2023-05-26,9328
2605,新興,14,0,14,華南永昌-潮州,2023-05-26,9328
2356,英業達,17,3,14,華南永昌-潮州,2023-05-26,9328
3265,台星科,16,2,14,華南永昌-潮州,2023-05-26,9328
2014,中鴻,14,0,14,華南永昌-潮州,2023-05-26,9328
00679B,元大美債20年,15,2,13,華南永昌-潮州,2023-05-26,9328
1605,華新,13,0,13,華南永昌-潮州,2023-05-26,9328
2421,建準,16,5,11,華南永昌-潮州,2023-05-26,9328
4129,聯合,11,0,11,華南永昌-潮州,2023-05-26,9328
00637L,元大滬深300正2,14,4,10,華南永昌-潮州,2023-05-26,9328
1455,集盛,10,0,10,華南永昌-潮州,2023-05-26,9328
1711,永光,10,0,10,華南永昌-潮州,2023-05-26,9328
2489,瑞軒,13,3,10,華南永昌-潮州,2023-05-26,9328
4906,正文,10,0,10,華南永昌-潮州,2023-05-26,9328
6163,華電網,10,0,10,華南永昌-潮州,2023-05-26,9328
6226,光鼎,10,0,10,華南永昌-潮州,2023-05-26,9328
8436,大江,11,3,8,華南永昌-潮州,2023-05-26,9328
3029,零壹,10,2,8,華南永昌-潮州,2023-05-26,9328
1611,中電,8,0,8,華南永昌-潮州,2023-05-26,9328
2402,毅嘉,10,2,8,華南永昌-潮州,2023-05-26,9328
2883,凱基金,8,0,8,華南永昌-潮州,2023-05-26,9328
4915,致伸,9,1,8,華南永昌-潮州,2023-05-26,9328
6288,聯嘉,10,2,8,華南永昌-潮州,2023-05-26,9328
00713,元大台灣高息低波,8,0,8,華南永昌-潮州,2023-05-26,9328
2548,華固,7,0,7,華南永昌-潮州,2023-05-26,9328
2368,金像電,9,2,7,華南永昌-潮州,2023-05-26,9328
2376,技嘉,15,8,7,華南永昌-潮州,2023-05-26,9328
3094,聯傑,7,0,7,華南永昌-潮州,2023-05-26,9328
6125,廣運,7,0,7,華南永昌-潮州,2023-05-26,9328
6160,欣技,7,0,7,華南永昌-潮州,2023-05-26,9328
00882,中信中國高股息,83,4,79,華南永昌-潮州,2023-05-29,9328
3481,群創,80,29,51,華南永昌-潮州,2023-05-29,9328
2103,台橡,51,0,51,華南永昌-潮州,2023-05-29,9328
0056,元大高股息,69,23,46,華南永昌-潮州,2023-05-29,9328
1608,華榮,52,8,44,華南永昌-潮州,2023-05-29,9328
5388,中磊,45,5,40,華南永昌-潮州,2023-05-29,9328
3231,緯創,96,63,33,華南永昌-潮州,2023-05-29,9328
00923,群益台ESG低碳50,35,2,33,華南永昌-潮州,2023-05-29,9328
3049,精金,30,0,30,華南永昌-潮州,2023-05-29,9328
1314,中石化,28,0,28,華南永昌-潮州,2023-05-29,9328
8050,廣積,27,0,27,華南永昌-潮州,2023-05-29,9328
00673R,期元大S＆P原油反1,20,0,20,華南永昌-潮州,2023-05-29,9328
2344,華邦電,44,28,16,華南永昌-潮州,2023-05-29,9328
3078,僑威,18,3,15,華南永昌-潮州,2023-05-29,9328
6472,保瑞,13,0,13,華南永昌-潮州,2023-05-29,9328
3380,明泰,13,0,13,華南永昌-潮州,2023-05-29,9328
2382,廣達,19,7,12,華南永昌-潮州,2023-05-29,9328
5905,南仁湖,11,0,11,華南永昌-潮州,2023-05-29,9328
4744,皇將,11,0,11,華南永昌-潮州,2023-05-29,9328
6122,擎邦,24,13,11,華南永昌-潮州,2023-05-29,9328
2324,仁寶,17,6,11,華南永昌-潮州,2023-05-29,9328
8354,冠好,10,0,10,華南永昌-潮州,2023-05-29,9328
00916,國泰全球品牌50,10,0,10,華南永昌-潮州,2023-05-29,9328
2009,第一銅,10,0,10,華南永昌-潮州,2023-05-29,9328
2491,吉祥全,10,0,10,華南永昌-潮州,2023-05-29,9328
3041,揚智,10,0,10,華南永昌-潮州,2023-05-29,9328
3290,東浦,10,0,10,華南永昌-潮州,2023-05-29,9328
3625,西勝,10,0,10,華南永昌-潮州,2023-05-29,9328
4157,太景*-KY,10,0,10,華南永昌-潮州,2023-05-29,9328
4564,元翎,11,1,10,華南永昌-潮州,2023-05-29,9328
9110,越南控-DR,10,0,10,華南永昌-潮州,2023-05-29,9328
00891,中信關鍵半導體,10,0,10,華南永昌-潮州,2023-05-29,9328
2886,兆豐金,12,3,9,華南永昌-潮州,2023-05-29,9328
4746,台耀,10,1,9,華南永昌-潮州,2023-05-29,9328
2363,矽統,19,10,9,華南永昌-潮州,2023-05-29,9328
3711,日月光投控,13,4,9,華南永昌-潮州,2023-05-29,9328
2002,中鋼,8,0,8,華南永昌-潮州,2023-05-29,9328
00919,群益台灣精選高息,8,0,8,華南永昌-潮州,2023-05-29,9328
6282,康舒,36,29,7,華南永昌-潮州,2023-05-29,9328
1568,倉佑,7,0,7,華南永昌-潮州,2023-05-29,9328
2634,漢翔,14,7,7,華南永昌-潮州,2023-05-29,9328
4960,誠美材,7,0,7,華南永昌-潮州,2023-05-29,9328
00637L,元大滬深300正2,6,0,6,華南永昌-潮州,2023-05-29,9328
6188,廣明,8,2,6,華南永昌-潮州,2023-05-29,9328
6226,光鼎,6,0,6,華南永昌-潮州,2023-05-29,9328
00924,復華S＆P500成長,5,0,5,華南永昌-潮州,2023-05-29,9328
6550,北極星藥業-KY,6,1,5,華南永昌-潮州,2023-05-29,9328
00687B,國泰20年美債,5,0,5,華南永昌-潮州,2023-05-29,9328
1525,江申,5,0,5,華南永昌-潮州,2023-05-29,9328
2329,華泰,5,0,5,華南永昌-潮州,2023-05-29,9328
3231,緯創,105,25,80,華南永昌-潮州,2023-05-30,9328
8069,元太,51,0,51,華南永昌-潮州,2023-05-30,9328
1308,亞聚,47,0,47,華南永昌-潮州,2023-05-30,9328
2637,慧洋-KY,37,0,37,華南永昌-潮州,2023-05-30,9328
00882,中信中國高股息,40,5,35,華南永昌-潮州,2023-05-30,9328
2344,華邦電,42,7,35,華南永昌-潮州,2023-05-30,9328
00637L,元大滬深300正2,28,0,28,華南永昌-潮州,2023-05-30,9328
6535,順藥,21,0,21,華南永昌-潮州,2023-05-30,9328
00632R,元大台灣50反1,20,0,20,華南永昌-潮州,2023-05-30,9328
2886,兆豐金,23,4,19,華南永昌-潮州,2023-05-30,9328
3038,全台,25,7,18,華南永昌-潮州,2023-05-30,9328
6531,愛普*,19,4,15,華南永昌-潮州,2023-05-30,9328
2399,映泰,12,0,12,華南永昌-潮州,2023-05-30,9328
4564,元翎,12,0,12,華南永昌-潮州,2023-05-30,9328
2634,漢翔,13,2,11,華南永昌-潮州,2023-05-30,9328
00687B,國泰20年美債,11,0,11,華南永昌-潮州,2023-05-30,9328
1608,華榮,18,7,11,華南永昌-潮州,2023-05-30,9328
00633L,富邦上証正2,30,20,10,華南永昌-潮州,2023-05-30,9328
00712,復華富時不動產,10,0,10,華南永昌-潮州,2023-05-30,9328
4129,聯合,10,0,10,華南永昌-潮州,2023-05-30,9328
9907,統一實,10,0,10,華南永昌-潮州,2023-05-30,9328
3032,偉訓,9,0,9,華南永昌-潮州,2023-05-30,9328
6180,橘子,9,0,9,華南永昌-潮州,2023-05-30,9328
6770,力積電,11,2,9,華南永昌-潮州,2023-05-30,9328
2206,三陽工業,12,4,8,華南永昌-潮州,2023-05-30,9328
3706,神達,30,22,8,華南永昌-潮州,2023-05-30,9328
4931,新盛力,10,2,8,華南永昌-潮州,2023-05-30,9328
2883,凱基金,8,0,8,華南永昌-潮州,2023-05-30,9328
2425,承啟,11,4,7,華南永昌-潮州,2023-05-30,9328
00752,中信中國50,7,0,7,華南永昌-潮州,2023-05-30,9328
2468,華經,7,0,7,華南永昌-潮州,2023-05-30,9328
2412,中華電,7,0,7,華南永昌-潮州,2023-05-30,9328
1513,中興電,8,1,7,華南永昌-潮州,2023-05-30,9328
2605,新興,7,0,7,華南永昌-潮州,2023-05-30,9328
4746,台耀,12,5,7,華南永昌-潮州,2023-05-30,9328
3013,晟銘電,51,44,7,華南永昌-潮州,2023-05-30,9328
6443,元晶,13,7,6,華南永昌-潮州,2023-05-30,9328
3481,群創,7,1,6,華南永昌-潮州,2023-05-30,9328
2371,大同,14,8,6,華南永昌-潮州,2023-05-30,9328
2489,瑞軒,6,0,6,華南永昌-潮州,2023-05-30,9328
2705,六福,6,0,6,華南永昌-潮州,2023-05-30,9328
5464,霖宏,6,0,6,華南永昌-潮州,2023-05-30,9328
6538,倉和,6,0,6,華南永昌-潮州,2023-05-30,9328
3714,富采,6,0,6,華南永昌-潮州,2023-05-30,9328
2376,技嘉,7,1,6,華南永昌-潮州,2023-05-30,9328
6285,啟��,6,1,5,華南永昌-潮州,2023-05-30,9328
00919,群益台灣精選高息,5,0,5,華南永昌-潮州,2023-05-30,9328
00673R,期元大S＆P原油反1,5,0,5,華南永昌-潮州,2023-05-30,9328
1524,耿鼎,10,5,5,華南永昌-潮州,2023-05-30,9328
2208,台船,5,0,5,華南永昌-潮州,2023-05-30,9328
2618,長榮航,316,18,298,華南永昌-潮州,2023-05-31,9328
00715L,期街口布蘭特正2,160,10,150,華南永昌-潮州,2023-05-31,9328
00713,元大台灣高息低波,65,0,65,華南永昌-潮州,2023-05-31,9328
2330,台積電,62,0,62,華南永昌-潮州,2023-05-31,9328
0056,元大高股息,61,4,57,華南永昌-潮州,2023-05-31,9328
2489,瑞軒,55,5,50,華南永昌-潮州,2023-05-31,9328
00882,中信中國高股息,34,0,34,華南永昌-潮州,2023-05-31,9328
2457,飛宏,58,26,32,華南永昌-潮州,2023-05-31,9328
6414,樺漢,31,0,31,華南永昌-潮州,2023-05-31,9328
2836,高雄銀,30,0,30,華南永昌-潮州,2023-05-31,9328
6799,來頡,26,1,25,華南永昌-潮州,2023-05-31,9328
2609,陽明,25,5,20,華南永昌-潮州,2023-05-31,9328
2313,華通,21,1,20,華南永昌-潮州,2023-05-31,9328
2329,華泰,21,2,19,華南永昌-潮州,2023-05-31,9328
3062,建漢,20,1,19,華南永昌-潮州,2023-05-31,9328
6114,久威,22,3,19,華南永昌-潮州,2023-05-31,9328
00665L,富邦�琤肭磪囓�2,34,16,18,華南永昌-潮州,2023-05-31,9328
1714,和桐,18,0,18,華南永昌-潮州,2023-05-31,9328
8147,正淩,28,10,18,華南永昌-潮州,2023-05-31,9328
2103,台橡,17,0,17,華南永昌-潮州,2023-05-31,9328
5880,合庫金,18,1,17,華南永昌-潮州,2023-05-31,9328
6282,康舒,29,12,17,華南永昌-潮州,2023-05-31,9328
2303,聯電,25,8,17,華南永昌-潮州,2023-05-31,9328
8033,雷虎,15,0,15,華南永昌-潮州,2023-05-31,9328
2886,兆豐金,14,0,14,華南永昌-潮州,2023-05-31,9328
2801,彰銀,13,0,13,華南永昌-潮州,2023-05-31,9328
00632R,元大台灣50反1,13,0,13,華南永昌-潮州,2023-05-31,9328
2892,第一金,12,0,12,華南永昌-潮州,2023-05-31,9328
00772B,中信高評級公司債,11,0,11,華南永昌-潮州,2023-05-31,9328
00650L,復華香港正2,11,0,11,華南永昌-潮州,2023-05-31,9328
00642U,期元大S＆P石油,11,0,11,華南永昌-潮州,2023-05-31,9328
2108,南帝,10,0,10,華南永昌-潮州,2023-05-31,9328
2308,台達電,10,0,10,華南永昌-潮州,2023-05-31,9328
2332,友訊,10,0,10,華南永昌-潮州,2023-05-31,9328
2461,光群雷,10,0,10,華南永昌-潮州,2023-05-31,9328
2486,一詮,12,2,10,華南永昌-潮州,2023-05-31,9328
2634,漢翔,18,8,10,華南永昌-潮州,2023-05-31,9328
6285,啟��,14,4,10,華南永昌-潮州,2023-05-31,9328
8150,南茂,10,0,10,華南永昌-潮州,2023-05-31,9328
3706,神達,9,0,9,華南永昌-潮州,2023-05-31,9328
4967,十銓,13,4,9,華南永昌-潮州,2023-05-31,9328
8097,常珵,9,0,9,華南永昌-潮州,2023-05-31,9328
2392,正崴,8,0,8,華南永昌-潮州,2023-05-31,9328
5608,四維航,8,0,8,華南永昌-潮州,2023-05-31,9328
8099,大世科,9,1,8,華南永昌-潮州,2023-05-31,9328
3481,群創,17,10,7,華南永昌-潮州,2023-05-31,9328
2637,慧洋-KY,7,0,7,華南永昌-潮州,2023-05-31,9328
5301,寶得利,11,4,7,華南永昌-潮州,2023-05-31,9328
00878,國泰永續高股息,7,0,7,華南永昌-潮州,2023-05-31,9328
2324,仁寶,10,4,6,華南永昌-潮州,2023-05-31,9328
1609,大亞,152,2,150,華南永昌-潮州,2023-06-01,9328
5388,中磊,120,2,118,華南永昌-潮州,2023-06-01,9328
00878,國泰永續高股息,102,1,101,華南永昌-潮州,2023-06-01,9328
8046,南電,100,0,100,華南永昌-潮州,2023-06-01,9328
00715L,期街口布蘭特正2,80,0,80,華南永昌-潮州,2023-06-01,9328
00712,復華富時不動產,58,1,57,華南永昌-潮州,2023-06-01,9328
8926,台汽電,52,0,52,華南永昌-潮州,2023-06-01,9328
2323,中環,43,10,33,華南永昌-潮州,2023-06-01,9328
2421,建準,30,2,28,華南永昌-潮州,2023-06-01,9328
3013,晟銘電,38,11,27,華南永昌-潮州,2023-06-01,9328
2344,華邦電,25,0,25,華南永昌-潮州,2023-06-01,9328
2634,漢翔,23,1,22,華南永昌-潮州,2023-06-01,9328
5864,致和證,20,0,20,華南永昌-潮州,2023-06-01,9328
00713,元大台灣高息低波,18,1,17,華南永昌-潮州,2023-06-01,9328
2913,農林,29,13,16,華南永昌-潮州,2023-06-01,9328
3706,神達,106,90,16,華南永昌-潮州,2023-06-01,9328
6278,台表科,15,0,15,華南永昌-潮州,2023-06-01,9328
2630,亞航,36,22,14,華南永昌-潮州,2023-06-01,9328
2892,第一金,14,1,13,華南永昌-潮州,2023-06-01,9328
2201,裕隆,35,23,12,華南永昌-潮州,2023-06-01,9328
2637,慧洋-KY,19,7,12,華南永昌-潮州,2023-06-01,9328
1711,永光,12,0,12,華南永昌-潮州,2023-06-01,9328
2392,正崴,12,0,12,華南永昌-潮州,2023-06-01,9328
6134,萬旭,40,28,12,華南永昌-潮州,2023-06-01,9328
2371,大同,16,4,12,華南永昌-潮州,2023-06-01,9328
6461,益得,11,0,11,華南永昌-潮州,2023-06-01,9328
2303,聯電,28,17,11,華南永昌-潮州,2023-06-01,9328
0056,元大高股息,22,11,11,華南永昌-潮州,2023-06-01,9328
1605,華新,11,1,10,華南永昌-潮州,2023-06-01,9328
1721,三晃,10,0,10,華南永昌-潮州,2023-06-01,9328
1809,中釉,10,0,10,華南永昌-潮州,2023-06-01,9328
2511,太子,10,0,10,華南永昌-潮州,2023-06-01,9328
5531,鄉林,10,0,10,華南永昌-潮州,2023-06-01,9328
5706,鳳凰,26,18,8,華南永昌-潮州,2023-06-01,9328
1504,東元,12,4,8,華南永昌-潮州,2023-06-01,9328
2427,三商電,9,1,8,華南永昌-潮州,2023-06-01,9328
2886,兆豐金,10,2,8,華南永昌-潮州,2023-06-01,9328
1432,大魯閣,8,0,8,華南永昌-潮州,2023-06-01,9328
00795B,中信美國公債20年,7,0,7,華南永昌-潮州,2023-06-01,9328
5258,虹堡,10,3,7,華南永昌-潮州,2023-06-01,9328
2706,第一店,8,1,7,華南永昌-潮州,2023-06-01,9328
3260,威剛,12,5,7,華南永昌-潮州,2023-06-01,9328
4564,元翎,43,36,7,華南永昌-潮州,2023-06-01,9328
4739,康普,6,0,6,華南永昌-潮州,2023-06-01,9328
1514,亞力,11,5,6,華南永昌-潮州,2023-06-01,9328
2615,萬海,6,1,5,華南永昌-潮州,2023-06-01,9328
00650L,復華香港正2,5,0,5,華南永昌-潮州,2023-06-01,9328
00642U,期元大S＆P石油,5,0,5,華南永昌-潮州,2023-06-01,9328
1444,力麗,5,0,5,華南永昌-潮州,2023-06-01,9328
1776,展宇,5,0,5,華南永昌-潮州,2023-06-01,9328
00919,群益台灣精選高息,124,0,124,華南永昌-潮州,2023-06-02,9328
1905,華紙,149,47,102,華南永昌-潮州,2023-06-02,9328
6438,迅得,100,0,100,華南永昌-潮州,2023-06-02,9328
2610,華航,272,199,73,華南永昌-潮州,2023-06-02,9328
911868,同方友友-DR,125,60,65,華南永昌-潮州,2023-06-02,9328
3217,優群,60,3,57,華南永昌-潮州,2023-06-02,9328
6198,瑞築,45,0,45,華南永昌-潮州,2023-06-02,9328
2371,大同,50,7,43,華南永昌-潮州,2023-06-02,9328
1608,華榮,43,4,39,華南永昌-潮州,2023-06-02,9328
3711,日月光投控,46,14,32,華南永昌-潮州,2023-06-02,9328
1727,中華化,33,3,30,華南永昌-潮州,2023-06-02,9328
5465,富驊,28,3,25,華南永昌-潮州,2023-06-02,9328
00772B,中信高評級公司債,25,2,23,華南永昌-潮州,2023-06-02,9328
00882,中信中國高股息,24,1,23,華南永昌-潮州,2023-06-02,9328
2887,台新金,20,0,20,華南永昌-潮州,2023-06-02,9328
00673R,期元大S＆P原油反1,20,0,20,華南永昌-潮州,2023-06-02,9328
4129,聯合,22,2,20,華南永昌-潮州,2023-06-02,9328
2457,飛宏,70,51,19,華南永昌-潮州,2023-06-02,9328
8210,勤誠,19,0,19,華南永昌-潮州,2023-06-02,9328
2312,金寶,20,3,17,華南永昌-潮州,2023-06-02,9328
6139,亞翔,16,0,16,華南永昌-潮州,2023-06-02,9328
6733,博晟生醫,16,1,15,華南永昌-潮州,2023-06-02,9328
2489,瑞軒,30,16,14,華南永昌-潮州,2023-06-02,9328
2413,環科,13,0,13,華南永昌-潮州,2023-06-02,9328
8201,無敵,20,7,13,華南永昌-潮州,2023-06-02,9328
1513,中興電,29,16,13,華南永昌-潮州,2023-06-02,9328
2356,英業達,18,5,13,華南永昌-潮州,2023-06-02,9328
1802,台玻,14,2,12,華南永昌-潮州,2023-06-02,9328
00670L,富邦NASDAQ正2,11,0,11,華南永昌-潮州,2023-06-02,9328
8033,雷虎,11,0,11,華南永昌-潮州,2023-06-02,9328
2221,大甲,10,0,10,華南永昌-潮州,2023-06-02,9328
5301,寶得利,10,0,10,華南永昌-潮州,2023-06-02,9328
6188,廣明,10,0,10,華南永昌-潮州,2023-06-02,9328
00850,元大臺灣ESG永續,10,1,9,華南永昌-潮州,2023-06-02,9328
4979,華星光,31,22,9,華南永昌-潮州,2023-06-02,9328
6282,康舒,60,51,9,華南永昌-潮州,2023-06-02,9328
3005,神基,10,2,8,華南永昌-潮州,2023-06-02,9328
2891,中信金,8,0,8,華南永昌-潮州,2023-06-02,9328
3363,上詮,18,10,8,華南永昌-潮州,2023-06-02,9328
6104,創惟,8,0,8,華南永昌-潮州,2023-06-02,9328
1904,正隆,9,2,7,華南永昌-潮州,2023-06-02,9328
4967,十銓,7,0,7,華南永昌-潮州,2023-06-02,9328
1503,士電,17,11,6,華南永昌-潮州,2023-06-02,9328
3564,其陽,8,2,6,華南永昌-潮州,2023-06-02,9328
00921,兆豐龍頭等權重,5,0,5,華南永昌-潮州,2023-06-02,9328
00679B,元大美債20年,5,0,5,華南永昌-潮州,2023-06-02,9328
2352,佳世達,7,2,5,華南永昌-潮州,2023-06-02,9328
6112,邁達特,18,13,5,華南永昌-潮州,2023-06-02,9328
6415,矽力*-KY,5,0,5,華南永昌-潮州,2023-06-02,9328
2377,微星,5,0,5,華南永昌-潮州,2023-06-02,9328
2888,新光金,1116,126,990,華南永昌-潮州,2023-06-05,9328
00919,群益台灣精選高息,183,0,183,華南永昌-潮州,2023-06-05,9328
2330,台積電,122,1,121,華南永昌-潮州,2023-06-05,9328
00673R,期元大S＆P原油反1,120,0,120,華南永昌-潮州,2023-06-05,9328
00923,群益台ESG低碳50,83,0,83,華南永昌-潮州,2023-06-05,9328
6282,康舒,86,15,71,華南永昌-潮州,2023-06-05,9328
6198,瑞築,58,0,58,華南永昌-潮州,2023-06-05,9328
6120,達運,50,0,50,華南永昌-潮州,2023-06-05,9328
911868,同方友友-DR,50,3,47,華南永昌-潮州,2023-06-05,9328
2618,長榮航,59,13,46,華南永昌-潮州,2023-06-05,9328
00713,元大台灣高息低波,45,0,45,華南永昌-潮州,2023-06-05,9328
3217,優群,45,3,42,華南永昌-潮州,2023-06-05,9328
00679B,元大美債20年,33,0,33,華南永昌-潮州,2023-06-05,9328
1802,台玻,30,3,27,華南永昌-潮州,2023-06-05,9328
1733,五鼎,26,0,26,華南永昌-潮州,2023-06-05,9328
3025,星通,31,6,25,華南永昌-潮州,2023-06-05,9328
2358,廷鑫,21,0,21,華南永昌-潮州,2023-06-05,9328
6220,岳豐,20,0,20,華南永昌-潮州,2023-06-05,9328
2353,宏��,32,15,17,華南永昌-潮州,2023-06-05,9328
1514,亞力,27,10,17,華南永昌-潮州,2023-06-05,9328
2355,敬鵬,17,0,17,華南永昌-潮州,2023-06-05,9328
00922,國泰台灣領袖50,15,0,15,華南永昌-潮州,2023-06-05,9328
1503,士電,17,2,15,華南永昌-潮州,2023-06-05,9328
2014,中鴻,35,20,15,華南永昌-潮州,2023-06-05,9328
2409,友達,32,18,14,華南永昌-潮州,2023-06-05,9328
2887,台新金,13,0,13,華南永昌-潮州,2023-06-05,9328
1714,和桐,13,0,13,華南永昌-潮州,2023-06-05,9328
1905,華紙,64,51,13,華南永昌-潮州,2023-06-05,9328
5706,鳳凰,30,17,13,華南永昌-潮州,2023-06-05,9328
2609,陽明,14,2,12,華南永昌-潮州,2023-06-05,9328
1409,新纖,12,0,12,華南永昌-潮州,2023-06-05,9328
4147,中裕,12,0,12,華南永昌-潮州,2023-06-05,9328
2883,凱基金,21,9,12,華南永昌-潮州,2023-06-05,9328
00795B,中信美國公債20年,11,0,11,華南永昌-潮州,2023-06-05,9328
1718,中纖,11,0,11,華南永昌-潮州,2023-06-05,9328
2329,華泰,12,1,11,華南永昌-潮州,2023-06-05,9328
2489,瑞軒,18,7,11,華南永昌-潮州,2023-06-05,9328
3265,台星科,12,1,11,華南永昌-潮州,2023-06-05,9328
00882,中信中國高股息,30,20,10,華南永昌-潮州,2023-06-05,9328
1539,巨庭,10,0,10,華南永昌-潮州,2023-06-05,9328
2495,普安,10,0,10,華南永昌-潮州,2023-06-05,9328
8111,立��,10,0,10,華南永昌-潮州,2023-06-05,9328
1513,中興電,11,2,9,華南永昌-潮州,2023-06-05,9328
6470,宇智,11,2,9,華南永昌-潮州,2023-06-05,9328
1810,和成,11,3,8,華南永昌-潮州,2023-06-05,9328
6125,廣運,13,5,8,華南永昌-潮州,2023-06-05,9328
6139,亞翔,8,0,8,華南永昌-潮州,2023-06-05,9328
8222,寶一,17,9,8,華南永昌-潮州,2023-06-05,9328
00902,中信電池及儲能,8,0,8,華南永昌-潮州,2023-06-05,9328
4916,事欣科,16,9,7,華南永昌-潮州,2023-06-05,9328
2618,長榮航,372,34,338,華南永昌-潮州,2023-06-06,9328
6116,彩晶,97,15,82,華南永昌-潮州,2023-06-06,9328
8105,凌巨,45,4,41,華南永昌-潮州,2023-06-06,9328
1905,華紙,137,101,36,華南永昌-潮州,2023-06-06,9328
00902,中信電池及儲能,31,0,31,華南永昌-潮州,2023-06-06,9328
00679B,元大美債20年,26,0,26,華南永昌-潮州,2023-06-06,9328
1815,富喬,25,2,23,華南永昌-潮州,2023-06-06,9328
00878,國泰永續高股息,21,0,21,華南永昌-潮州,2023-06-06,9328
8210,勤誠,22,3,19,華南永昌-潮州,2023-06-06,9328
00712,復華富時不動產,19,0,19,華南永昌-潮州,2023-06-06,9328
00919,群益台灣精選高息,17,0,17,華南永昌-潮州,2023-06-06,9328
1308,亞聚,16,1,15,華南永昌-潮州,2023-06-06,9328
6164,華興,15,0,15,華南永昌-潮州,2023-06-06,9328
00795B,中信美國公債20年,13,0,13,華南永昌-潮州,2023-06-06,9328
00632R,元大台灣50反1,18,5,13,華南永昌-潮州,2023-06-06,9328
4931,新盛力,13,1,12,華南永昌-潮州,2023-06-06,9328
4939,亞電,12,0,12,華南永昌-潮州,2023-06-06,9328
6026,福邦證,12,0,12,華南永昌-潮州,2023-06-06,9328
2402,毅嘉,17,6,11,華南永昌-潮州,2023-06-06,9328
1907,永豐餘,16,5,11,華南永昌-潮州,2023-06-06,9328
2399,映泰,18,7,11,華南永昌-潮州,2023-06-06,9328
2453,凌群,13,2,11,華南永昌-潮州,2023-06-06,9328
2498,宏達電,21,10,11,華南永昌-潮州,2023-06-06,9328
2883,凱基金,13,2,11,華南永昌-潮州,2023-06-06,9328
1504,東元,13,3,10,華南永昌-潮州,2023-06-06,9328
00645,富邦日本,10,0,10,華南永昌-潮州,2023-06-06,9328
00680L,元大美債20正2,10,0,10,華南永昌-潮州,2023-06-06,9328
00688L,國泰20年美債正2,10,0,10,華南永昌-潮州,2023-06-06,9328
1464,得力,10,0,10,華南永昌-潮州,2023-06-06,9328
1796,金穎生技,10,0,10,華南永昌-潮州,2023-06-06,9328
2884,玉山金,30,20,10,華南永昌-潮州,2023-06-06,9328
6142,友勁,10,0,10,華南永昌-潮州,2023-06-06,9328
6282,康舒,89,79,10,華南永昌-潮州,2023-06-06,9328
3265,台星科,11,2,9,華南永昌-潮州,2023-06-06,9328
5301,寶得利,10,1,9,華南永昌-潮州,2023-06-06,9328
6535,順藥,10,1,9,華南永昌-潮州,2023-06-06,9328
2206,三陽工業,32,24,8,華南永昌-潮州,2023-06-06,9328
2427,三商電,8,0,8,華南永昌-潮州,2023-06-06,9328
6160,欣技,10,2,8,華南永昌-潮州,2023-06-06,9328
8033,雷虎,10,2,8,華南永昌-潮州,2023-06-06,9328
3706,神達,7,0,7,華南永昌-潮州,2023-06-06,9328
1904,正隆,13,6,7,華南永昌-潮州,2023-06-06,9328
2353,宏��,13,6,7,華南永昌-潮州,2023-06-06,9328
2634,漢翔,8,1,7,華南永昌-潮州,2023-06-06,9328
2867,三商壽,7,0,7,華南永昌-潮州,2023-06-06,9328
3056,富華新,10,3,7,華南永昌-潮州,2023-06-06,9328
3504,揚明光,7,0,7,華南永昌-潮州,2023-06-06,9328
6548,長科*,7,0,7,華南永昌-潮州,2023-06-06,9328
3406,玉晶光,8,2,6,華南永昌-潮州,2023-06-06,9328
1419,新紡,6,0,6,華南永昌-潮州,2023-06-06,9328
2888,新光金,200,28,172,華南永昌-潮州,2023-06-07,9328
2328,廣宇,150,0,150,華南永昌-潮州,2023-06-07,9328
00715L,期街口布蘭特正2,69,0,69,華南永昌-潮州,2023-06-07,9328
2867,三商壽,50,0,50,華南永昌-潮州,2023-06-07,9328
2882,國泰金,55,5,50,華南永昌-潮州,2023-06-07,9328
2618,長榮航,59,13,46,華南永昌-潮州,2023-06-07,9328
3056,富華新,40,0,40,華南永昌-潮州,2023-06-07,9328
2014,中鴻,40,3,37,華南永昌-潮州,2023-06-07,9328
2344,華邦電,38,1,37,華南永昌-潮州,2023-06-07,9328
1608,華榮,71,35,36,華南永昌-潮州,2023-06-07,9328
1609,大亞,225,189,36,華南永昌-潮州,2023-06-07,9328
2347,聯強,32,1,31,華南永昌-潮州,2023-06-07,9328
2380,虹光,30,0,30,華南永昌-潮州,2023-06-07,9328
4543,萬在,30,0,30,華南永昌-潮州,2023-06-07,9328
6125,廣運,40,11,29,華南永昌-潮州,2023-06-07,9328
6244,茂迪,28,0,28,華南永昌-潮州,2023-06-07,9328
2206,三陽工業,37,12,25,華南永昌-潮州,2023-06-07,9328
2382,廣達,40,17,23,華南永昌-潮州,2023-06-07,9328
2323,中環,38,17,21,華南永昌-潮州,2023-06-07,9328
6191,精成科,24,4,20,華南永昌-潮州,2023-06-07,9328
5706,鳳凰,27,11,16,華南永昌-潮州,2023-06-07,9328
2353,宏��,19,4,15,華南永昌-潮州,2023-06-07,9328
3532,台勝科,15,0,15,華南永昌-潮州,2023-06-07,9328
1304,台聚,14,0,14,華南永昌-潮州,2023-06-07,9328
3027,盛達,30,17,13,華南永昌-潮州,2023-06-07,9328
00712,復華富時不動產,13,0,13,華南永昌-潮州,2023-06-07,9328
00655L,國泰中國A50正2,12,0,12,華南永昌-潮州,2023-06-07,9328
2025,千興,12,0,12,華南永昌-潮州,2023-06-07,9328
2337,旺宏,11,0,11,華南永昌-潮州,2023-06-07,9328
00888,永豐台灣ESG,10,0,10,華南永昌-潮州,2023-06-07,9328
00706L,期元大S＆P日圓正2,10,0,10,華南永昌-潮州,2023-06-07,9328
1305,華夏,10,0,10,華南永昌-潮州,2023-06-07,9328
1464,得力,10,0,10,華南永昌-潮州,2023-06-07,9328
2208,台船,10,0,10,華南永昌-潮州,2023-06-07,9328
2453,凌群,10,0,10,華南永昌-潮州,2023-06-07,9328
4958,臻鼎-KY,10,0,10,華南永昌-潮州,2023-06-07,9328
6182,合晶,10,0,10,華南永昌-潮州,2023-06-07,9328
6239,力成,10,0,10,華南永昌-潮州,2023-06-07,9328
8105,凌巨,12,2,10,華南永昌-潮州,2023-06-07,9328
9105,泰金寶-DR,10,0,10,華南永昌-潮州,2023-06-07,9328
3005,神基,11,1,10,華南永昌-潮州,2023-06-07,9328
8046,南電,9,0,9,華南永昌-潮州,2023-06-07,9328
00664R,國泰臺灣加權反1,9,0,9,華南永昌-潮州,2023-06-07,9328
00927,群益半導體收益,9,0,9,華南永昌-潮州,2023-06-07,9328
3306,鼎天,10,1,9,華南永昌-潮州,2023-06-07,9328
4577,達航科技,9,0,9,華南永昌-潮州,2023-06-07,9328
4702,中美實,8,0,8,華南永昌-潮州,2023-06-07,9328
00904,新光臺灣半導體30,10,2,8,華南永昌-潮州,2023-06-07,9328
00676R,富邦臺灣加權反1,8,0,8,華南永昌-潮州,2023-06-07,9328
2515,中工,13,5,8,華南永昌-潮州,2023-06-07,9328
00919,群益台灣精選高息,237,1,236,華南永昌-潮州,2023-06-08,9328
00878,國泰永續高股息,134,20,114,華南永昌-潮州,2023-06-08,9328
1609,大亞,162,75,87,華南永昌-潮州,2023-06-08,9328
2745,五福,72,0,72,華南永昌-潮州,2023-06-08,9328
2882,國泰金,70,0,70,華南永昌-潮州,2023-06-08,9328
2867,三商壽,50,0,50,華南永昌-潮州,2023-06-08,9328
2330,台積電,46,0,46,華南永昌-潮州,2023-06-08,9328
00665L,富邦�琤肭磪囓�2,40,0,40,華南永昌-潮州,2023-06-08,9328
2312,金寶,40,0,40,華南永昌-潮州,2023-06-08,9328
2344,華邦電,49,9,40,華南永昌-潮州,2023-06-08,9328
3055,蔚華科,30,0,30,華南永昌-潮州,2023-06-08,9328
3037,欣興,31,4,27,華南永昌-潮州,2023-06-08,9328
3038,全台,27,4,23,華南永昌-潮州,2023-06-08,9328
5512,力麒,24,3,21,華南永昌-潮州,2023-06-08,9328
3041,揚智,20,0,20,華南永昌-潮州,2023-06-08,9328
0056,元大高股息,20,0,20,華南永昌-潮州,2023-06-08,9328
2337,旺宏,20,1,19,華南永昌-潮州,2023-06-08,9328
00772B,中信高評級公司債,18,0,18,華南永昌-潮州,2023-06-08,9328
2458,義隆,16,0,16,華南永昌-潮州,2023-06-08,9328
00673R,期元大S＆P原油反1,15,0,15,華南永昌-潮州,2023-06-08,9328
8277,商丞,15,0,15,華南永昌-潮州,2023-06-08,9328
8046,南電,14,0,14,華南永昌-潮州,2023-06-08,9328
00679B,元大美債20年,14,0,14,華南永昌-潮州,2023-06-08,9328
6191,精成科,16,3,13,華南永昌-潮州,2023-06-08,9328
7402,邑錡,14,1,13,華南永昌-潮州,2023-06-08,9328
1310,台苯,12,0,12,華南永昌-潮州,2023-06-08,9328
1905,華紙,17,5,12,華南永昌-潮州,2023-06-08,9328
1612,宏泰,29,17,12,華南永昌-潮州,2023-06-08,9328
4979,華星光,43,32,11,華南永昌-潮州,2023-06-08,9328
8011,台通,11,0,11,華南永昌-潮州,2023-06-08,9328
00712,復華富時不動產,11,0,11,華南永昌-潮州,2023-06-08,9328
5434,崇越,11,0,11,華南永昌-潮州,2023-06-08,9328
2409,友達,11,1,10,華南永昌-潮州,2023-06-08,9328
00645,富邦日本,10,0,10,華南永昌-潮州,2023-06-08,9328
1304,台聚,10,0,10,華南永昌-潮州,2023-06-08,9328
1305,華夏,10,0,10,華南永昌-潮州,2023-06-08,9328
1796,金穎生技,10,0,10,華南永昌-潮州,2023-06-08,9328
2323,中環,26,16,10,華南永昌-潮州,2023-06-08,9328
2457,飛宏,22,12,10,華南永昌-潮州,2023-06-08,9328
2748,雲品,37,27,10,華南永昌-潮州,2023-06-08,9328
3419,譁裕,10,0,10,華南永昌-潮州,2023-06-08,9328
6016,康和證,10,0,10,華南永昌-潮州,2023-06-08,9328
6026,福邦證,10,0,10,華南永昌-潮州,2023-06-08,9328
8426,紅木-KY,11,1,10,華南永昌-潮州,2023-06-08,9328
2881,富邦金,9,0,9,華南永昌-潮州,2023-06-08,9328
2317,鴻海,10,1,9,華南永昌-潮州,2023-06-08,9328
1432,大魯閣,20,11,9,華南永昌-潮州,2023-06-08,9328
1504,東元,11,2,9,華南永昌-潮州,2023-06-08,9328
1309,台達化,9,0,9,華南永昌-潮州,2023-06-08,9328
1514,亞力,14,5,9,華南永昌-潮州,2023-06-08,9328
2834,臺企銀,150,0,150,華南永昌-潮州,2023-06-09,9328
3217,優群,97,1,96,華南永昌-潮州,2023-06-09,9328
5009,榮剛,83,3,80,華南永昌-潮州,2023-06-09,9328
3380,明泰,55,1,54,華南永昌-潮州,2023-06-09,9328
3711,日月光投控,48,9,39,華南永昌-潮州,2023-06-09,9328
00632R,元大台灣50反1,37,0,37,華南永昌-潮州,2023-06-09,9328
00929,復華台灣科技優息,58,25,33,華南永昌-潮州,2023-06-09,9328
2329,華泰,38,7,31,華南永昌-潮州,2023-06-09,9328
8092,建暐,30,0,30,華南永昌-潮州,2023-06-09,9328
2615,萬海,27,2,25,華南永昌-潮州,2023-06-09,9328
00715L,期街口布蘭特正2,20,0,20,華南永昌-潮州,2023-06-09,9328
2867,三商壽,20,0,20,華南永昌-潮州,2023-06-09,9328
1504,東元,19,3,16,華南永昌-潮州,2023-06-09,9328
2312,金寶,15,0,15,華南永昌-潮州,2023-06-09,9328
3306,鼎天,25,10,15,華南永昌-潮州,2023-06-09,9328
4157,太景*-KY,15,0,15,華南永昌-潮州,2023-06-09,9328
4958,臻鼎-KY,15,0,15,華南永昌-潮州,2023-06-09,9328
5388,中磊,14,0,14,華南永昌-潮州,2023-06-09,9328
00712,復華富時不動產,20,7,13,華南永昌-潮州,2023-06-09,9328
1752,南光,13,1,12,華南永昌-潮州,2023-06-09,9328
2491,吉祥全,12,0,12,華南永昌-潮州,2023-06-09,9328
1609,大亞,52,41,11,華南永昌-潮州,2023-06-09,9328
5512,力麒,11,0,11,華南永昌-潮州,2023-06-09,9328
8043,蜜望實,11,0,11,華南永昌-潮州,2023-06-09,9328
6282,康舒,16,5,11,華南永昌-潮州,2023-06-09,9328
9933,中鼎,10,0,10,華南永昌-潮州,2023-06-09,9328
2482,連宇,19,9,10,華南永昌-潮州,2023-06-09,9328
2892,第一金,10,0,10,華南永昌-潮州,2023-06-09,9328
3419,譁裕,10,0,10,華南永昌-潮州,2023-06-09,9328
2731,雄獅,11,1,10,華南永昌-潮州,2023-06-09,9328
6285,啟��,16,6,10,華南永昌-潮州,2023-06-09,9328
2328,廣宇,10,1,9,華南永昌-潮州,2023-06-09,9328
2745,五福,9,0,9,華南永昌-潮州,2023-06-09,9328
3272,東碩,9,0,9,華南永昌-潮州,2023-06-09,9328
6160,欣技,9,0,9,華南永昌-潮州,2023-06-09,9328
2022,聚亨,8,0,8,華南永昌-潮州,2023-06-09,9328
3025,星通,11,3,8,華南永昌-潮州,2023-06-09,9328
6120,達運,8,0,8,華南永昌-潮州,2023-06-09,9328
2359,所羅門,7,0,7,華南永昌-潮州,2023-06-09,9328
00687B,國泰20年美債,7,0,7,華南永昌-潮州,2023-06-09,9328
1905,華紙,11,4,7,華南永昌-潮州,2023-06-09,9328
3363,上詮,7,0,7,華南永昌-潮州,2023-06-09,9328
8021,尖點,7,0,7,華南永昌-潮州,2023-06-09,9328
8046,南電,8,1,7,華南永昌-潮州,2023-06-09,9328
2353,宏��,15,8,7,華南永昌-潮州,2023-06-09,9328
1101,台泥,7,1,6,華南永昌-潮州,2023-06-09,9328
2371,大同,12,6,6,華南永昌-潮州,2023-06-09,9328
3673,TPK-KY,6,0,6,華南永昌-潮州,2023-06-09,9328
8426,紅木-KY,8,2,6,華南永昌-潮州,2023-06-09,9328
00642U,期元大S＆P石油,5,0,5,華南永昌-潮州,2023-06-09,9328
00919,群益台灣精選高息,393,0,393,華南永昌-潮州,2023-06-12,9328
2801,彰銀,148,0,148,華南永昌-潮州,2023-06-12,9328
00715L,期街口布蘭特正2,97,0,97,華南永昌-潮州,2023-06-12,9328
4157,太景*-KY,77,0,77,華南永昌-潮州,2023-06-12,9328
2888,新光金,103,35,68,華南永昌-潮州,2023-06-12,9328
2328,廣宇,55,2,53,華南永昌-潮州,2023-06-12,9328
8222,寶一,50,1,49,華南永昌-潮州,2023-06-12,9328
00929,復華台灣科技優息,40,0,40,華南永昌-潮州,2023-06-12,9328
6125,廣運,38,1,37,華南永昌-潮州,2023-06-12,9328
2352,佳世達,32,0,32,華南永昌-潮州,2023-06-12,9328
00878,國泰永續高股息,59,27,32,華南永昌-潮州,2023-06-12,9328
2892,第一金,31,1,30,華南永昌-潮州,2023-06-12,9328
00632R,元大台灣50反1,79,50,29,華南永昌-潮州,2023-06-12,9328
2610,華航,29,2,27,華南永昌-潮州,2023-06-12,9328
2312,金寶,26,0,26,華南永昌-潮州,2023-06-12,9328
6150,撼訊,27,3,24,華南永昌-潮州,2023-06-12,9328
4906,正文,21,0,21,華南永昌-潮州,2023-06-12,9328
8034,榮群,21,0,21,華南永昌-潮州,2023-06-12,9328
8358,金居,22,1,21,華南永昌-潮州,2023-06-12,9328
2387,精元,20,0,20,華南永昌-潮州,2023-06-12,9328
2515,中工,25,5,20,華南永昌-潮州,2023-06-12,9328
5014,建錩,19,0,19,華南永昌-潮州,2023-06-12,9328
2886,兆豐金,19,0,19,華南永昌-潮州,2023-06-12,9328
2421,建準,17,1,16,華南永昌-潮州,2023-06-12,9328
00642U,期元大S＆P石油,15,0,15,華南永昌-潮州,2023-06-12,9328
1108,幸福,15,0,15,華南永昌-潮州,2023-06-12,9328
2409,友達,30,15,15,華南永昌-潮州,2023-06-12,9328
3413,京鼎,20,5,15,華南永昌-潮州,2023-06-12,9328
6122,擎邦,17,2,15,華南永昌-潮州,2023-06-12,9328
8927,北基,15,0,15,華南永昌-潮州,2023-06-12,9328
2376,技嘉,19,5,14,華南永昌-潮州,2023-06-12,9328
3306,鼎天,14,0,14,華南永昌-潮州,2023-06-12,9328
6180,橘子,14,0,14,華南永昌-潮州,2023-06-12,9328
8092,建暐,14,0,14,華南永昌-潮州,2023-06-12,9328
1727,中華化,13,0,13,華南永昌-潮州,2023-06-12,9328
1605,華新,15,3,12,華南永昌-潮州,2023-06-12,9328
4977,眾達-KY,14,2,12,華南永昌-潮州,2023-06-12,9328
2413,環科,12,0,12,華南永昌-潮州,2023-06-12,9328
3078,僑威,19,8,11,華南永昌-潮州,2023-06-12,9328
2022,聚亨,11,0,11,華南永昌-潮州,2023-06-12,9328
3532,台勝科,11,0,11,華南永昌-潮州,2023-06-12,9328
2891,中信金,12,1,11,華南永昌-潮州,2023-06-12,9328
8234,新漢,10,0,10,華南永昌-潮州,2023-06-12,9328
00905,FT臺灣Smart,10,0,10,華南永昌-潮州,2023-06-12,9328
1808,潤隆,10,0,10,華南永昌-潮州,2023-06-12,9328
1809,中釉,10,0,10,華南永昌-潮州,2023-06-12,9328
1815,富喬,15,5,10,華南永昌-潮州,2023-06-12,9328
2323,中環,14,4,10,華南永昌-潮州,2023-06-12,9328
3046,建��,26,16,10,華南永昌-潮州,2023-06-12,9328
3149,正達,10,0,10,華南永昌-潮州,2023-06-12,9328
00712,復華富時不動產,236,14,222,華南永昌-潮州,2023-06-13,9328
00632R,元大台灣50反1,215,1,214,華南永昌-潮州,2023-06-13,9328
00715L,期街口布蘭特正2,182,10,172,華南永昌-潮州,2023-06-13,9328
2542,興富發,60,0,60,華南永昌-潮州,2023-06-13,9328
1605,華新,38,6,32,華南永昌-潮州,2023-06-13,9328
00905,FT臺灣Smart,30,0,30,華南永昌-潮州,2023-06-13,9328
6016,康和證,30,0,30,華南永昌-潮州,2023-06-13,9328
3481,群創,28,2,26,華南永昌-潮州,2023-06-13,9328
2888,新光金,45,19,26,華南永昌-潮州,2023-06-13,9328
2404,漢唐,30,5,25,華南永昌-潮州,2023-06-13,9328
2812,台中銀,20,3,17,華南永昌-潮州,2023-06-13,9328
5439,高技,17,0,17,華南永昌-潮州,2023-06-13,9328
2637,慧洋-KY,15,2,13,華南永昌-潮州,2023-06-13,9328
2882,國泰金,13,0,13,華南永昌-潮州,2023-06-13,9328
3306,鼎天,13,0,13,華南永昌-潮州,2023-06-13,9328
6218,豪勉,13,0,13,華南永昌-潮州,2023-06-13,9328
2014,中鴻,12,0,12,華南永昌-潮州,2023-06-13,9328
5014,建錩,12,0,12,華南永昌-潮州,2023-06-13,9328
4906,正文,11,0,11,華南永昌-潮州,2023-06-13,9328
5483,中美晶,11,0,11,華南永昌-潮州,2023-06-13,9328
00642U,期元大S＆P石油,10,0,10,華南永昌-潮州,2023-06-13,9328
1307,三芳,10,0,10,華南永昌-潮州,2023-06-13,9328
1417,嘉裕,10,0,10,華南永昌-潮州,2023-06-13,9328
2382,廣達,16,7,9,華南永昌-潮州,2023-06-13,9328
2313,華通,9,0,9,華南永昌-潮州,2023-06-13,9328
2305,全友,10,1,9,華南永昌-潮州,2023-06-13,9328
6550,北極星藥業-KY,10,2,8,華南永昌-潮州,2023-06-13,9328
0056,元大高股息,18,10,8,華南永昌-潮州,2023-06-13,9328
00664R,國泰臺灣加權反1,8,0,8,華南永昌-潮州,2023-06-13,9328
1802,台玻,8,0,8,華南永昌-潮州,2023-06-13,9328
5315,光聯,8,0,8,華南永昌-潮州,2023-06-13,9328
8112,至上,8,0,8,華南永昌-潮州,2023-06-13,9328
00676R,富邦臺灣加權反1,7,0,7,華南永昌-潮州,2023-06-13,9328
3022,威強電,7,0,7,華南永昌-潮州,2023-06-13,9328
3504,揚明光,8,1,7,華南永昌-潮州,2023-06-13,9328
1319,東陽,10,4,6,華南永昌-潮州,2023-06-13,9328
2302,麗正,8,2,6,華南永昌-潮州,2023-06-13,9328
2809,京城銀,6,0,6,華南永昌-潮州,2023-06-13,9328
2886,兆豐金,11,5,6,華南永昌-潮州,2023-06-13,9328
6288,聯嘉,19,13,6,華南永昌-潮州,2023-06-13,9328
8261,富鼎,6,0,6,華南永昌-潮州,2023-06-13,9328
8436,大江,5,0,5,華南永昌-潮州,2023-06-13,9328
00902,中信電池及儲能,5,0,5,華南永昌-潮州,2023-06-13,9328
1524,耿鼎,25,20,5,華南永昌-潮州,2023-06-13,9328
1709,和益,5,0,5,華南永昌-潮州,2023-06-13,9328
1785,光洋科,5,0,5,華南永昌-潮州,2023-06-13,9328
2312,金寶,5,0,5,華南永昌-潮州,2023-06-13,9328
2399,映泰,6,1,5,華南永昌-潮州,2023-06-13,9328
2515,中工,5,0,5,華南永昌-潮州,2023-06-13,9328
2731,雄獅,8,3,5,華南永昌-潮州,2023-06-13,9328
00919,群益台灣精選高息,294,0,294,華南永昌-潮州,2023-06-14,9328
2356,英業達,133,32,101,華南永昌-潮州,2023-06-14,9328
4533,協易機,87,8,79,華南永昌-潮州,2023-06-14,9328
6016,康和證,70,0,70,華南永昌-潮州,2023-06-14,9328
00878,國泰永續高股息,96,48,48,華南永昌-潮州,2023-06-14,9328
2371,大同,42,1,41,華南永昌-潮州,2023-06-14,9328
2353,宏��,44,3,41,華南永昌-潮州,2023-06-14,9328
2881,富邦金,30,1,29,華南永昌-潮州,2023-06-14,9328
2888,新光金,29,3,26,華南永昌-潮州,2023-06-14,9328
6443,元晶,22,0,22,華南永昌-潮州,2023-06-14,9328
2002,中鋼,24,2,22,華南永昌-潮州,2023-06-14,9328
00673R,期元大S＆P原油反1,20,0,20,華南永昌-潮州,2023-06-14,9328
3035,智原,21,1,20,華南永昌-潮州,2023-06-14,9328
3147,大綜,22,2,20,華南永昌-潮州,2023-06-14,9328
6139,亞翔,21,3,18,華南永昌-潮州,2023-06-14,9328
8234,新漢,31,15,16,華南永昌-潮州,2023-06-14,9328
6535,順藥,15,0,15,華南永昌-潮州,2023-06-14,9328
2330,台積電,18,3,15,華南永昌-潮州,2023-06-14,9328
00772B,中信高評級公司債,15,1,14,華南永昌-潮州,2023-06-14,9328
00687B,國泰20年美債,13,0,13,華南永昌-潮州,2023-06-14,9328
1339,昭輝,13,0,13,華南永昌-潮州,2023-06-14,9328
6167,久正,15,2,13,華南永昌-潮州,2023-06-14,9328
2486,一詮,17,5,12,華南永昌-潮州,2023-06-14,9328
6175,立敦,11,0,11,華南永昌-潮州,2023-06-14,9328
3711,日月光投控,10,0,10,華南永昌-潮州,2023-06-14,9328
00905,FT臺灣Smart,10,0,10,華南永昌-潮州,2023-06-14,9328
00722B,群益投資級電信債,10,0,10,華南永昌-潮州,2023-06-14,9328
00764B,群益25年美債,10,0,10,華南永昌-潮州,2023-06-14,9328
1432,大魯閣,10,0,10,華南永昌-潮州,2023-06-14,9328
1522,堤維西,32,23,9,華南永昌-潮州,2023-06-14,9328
2009,第一銅,10,1,9,華南永昌-潮州,2023-06-14,9328
6190,萬泰科,9,0,9,華南永昌-潮州,2023-06-14,9328
1609,大亞,18,10,8,華南永昌-潮州,2023-06-14,9328
5531,鄉林,8,0,8,華南永昌-潮州,2023-06-14,9328
3037,欣興,10,2,8,華南永昌-潮州,2023-06-14,9328
6550,北極星藥業-KY,7,0,7,華南永昌-潮州,2023-06-14,9328
6285,啟��,10,3,7,華南永昌-潮州,2023-06-14,9328
1742,台蠟,6,0,6,華南永昌-潮州,2023-06-14,9328
2409,友達,6,0,6,華南永昌-潮州,2023-06-14,9328
2633,台灣高鐵,6,0,6,華南永昌-潮州,2023-06-14,9328
3306,鼎天,8,2,6,華南永昌-潮州,2023-06-14,9328
3308,聯德,6,0,6,華南永昌-潮州,2023-06-14,9328
3504,揚明光,6,0,6,華南永昌-潮州,2023-06-14,9328
3617,碩天,14,8,6,華南永昌-潮州,2023-06-14,9328
6282,康舒,6,0,6,華南永昌-潮州,2023-06-14,9328
2801,彰銀,7,1,6,華南永昌-潮州,2023-06-14,9328
4960,誠美材,6,0,6,華南永昌-潮州,2023-06-14,9328
1409,新纖,5,0,5,華南永昌-潮州,2023-06-14,9328
1455,集盛,5,0,5,華南永昌-潮州,2023-06-14,9328
1504,東元,5,0,5,華南永昌-潮州,2023-06-14,9328
00919,群益台灣精選高息,310,9,301,華南永昌-潮州,2023-06-15,9328
00715L,期街口布蘭特正2,86,4,82,華南永昌-潮州,2023-06-15,9328
3481,群創,63,13,50,華南永昌-潮州,2023-06-15,9328
3706,神達,49,15,34,華南永昌-潮州,2023-06-15,9328
2888,新光金,36,3,33,華南永昌-潮州,2023-06-15,9328
00706L,期元大S＆P日圓正2,25,0,25,華南永昌-潮州,2023-06-15,9328
1609,大亞,51,26,25,華南永昌-潮州,2023-06-15,9328
0056,元大高股息,27,2,25,華南永昌-潮州,2023-06-15,9328
3071,協禧,23,0,23,華南永昌-潮州,2023-06-15,9328
2618,長榮航,490,468,22,華南永昌-潮州,2023-06-15,9328
6282,康舒,28,8,20,華南永昌-潮州,2023-06-15,9328
3062,建漢,20,0,20,華南永昌-潮州,2023-06-15,9328
6112,邁達特,31,11,20,華南永昌-潮州,2023-06-15,9328
2344,華邦電,38,19,19,華南永昌-潮州,2023-06-15,9328
2882,國泰金,16,0,16,華南永昌-潮州,2023-06-15,9328
1522,堤維西,57,42,15,華南永昌-潮州,2023-06-15,9328
6667,信紘科,16,1,15,華南永昌-潮州,2023-06-15,9328
2401,凌陽,41,26,15,華南永昌-潮州,2023-06-15,9328
2609,陽明,19,4,15,華南永昌-潮州,2023-06-15,9328
6770,力積電,30,17,13,華南永昌-潮州,2023-06-15,9328
2208,台船,16,3,13,華南永昌-潮州,2023-06-15,9328
2603,長榮,19,6,13,華南永昌-潮州,2023-06-15,9328
00882,中信中國高股息,12,0,12,華南永昌-潮州,2023-06-15,9328
1432,大魯閣,12,0,12,華南永昌-潮州,2023-06-15,9328
00712,復華富時不動產,15,3,12,華南永昌-潮州,2023-06-15,9328
8210,勤誠,68,57,11,華南永昌-潮州,2023-06-15,9328
5608,四維航,11,0,11,華南永昌-潮州,2023-06-15,9328
1504,東元,18,8,10,華南永昌-潮州,2023-06-15,9328
00918,大華優利高填息30,10,0,10,華南永昌-潮州,2023-06-15,9328
00905,FT臺灣Smart,10,0,10,華南永昌-潮州,2023-06-15,9328
1440,南紡,10,0,10,華南永昌-潮州,2023-06-15,9328
2706,第一店,10,0,10,華南永昌-潮州,2023-06-15,9328
4533,協易機,12,2,10,華南永昌-潮州,2023-06-15,9328
4977,眾達-KY,11,1,10,華南永昌-潮州,2023-06-15,9328
8927,北基,10,0,10,華南永昌-潮州,2023-06-15,9328
2352,佳世達,10,1,9,華南永昌-潮州,2023-06-15,9328
00902,中信電池及儲能,9,0,9,華南永昌-潮州,2023-06-15,9328
1529,樂事綠能,13,4,9,華南永昌-潮州,2023-06-15,9328
2328,廣宇,9,0,9,華南永昌-潮州,2023-06-15,9328
3027,盛達,17,8,9,華南永昌-潮州,2023-06-15,9328
3312,弘憶股,9,0,9,華南永昌-潮州,2023-06-15,9328
3498,陽程,12,3,9,華南永昌-潮州,2023-06-15,9328
6016,康和證,10,1,9,華南永昌-潮州,2023-06-15,9328
6188,廣明,9,0,9,華南永昌-潮州,2023-06-15,9328
3032,偉訓,9,1,8,華南永昌-潮州,2023-06-15,9328
2332,友訊,19,11,8,華南永昌-潮州,2023-06-15,9328
2515,中工,13,5,8,華南永昌-潮州,2023-06-15,9328
3058,立德,14,6,8,華南永昌-潮州,2023-06-15,9328
2886,兆豐金,8,0,8,華南永昌-潮州,2023-06-15,9328
00772B,中信高評級公司債,25,18,7,華南永昌-潮州,2023-06-15,9328
2610,華航,1160,102,1058,華南永昌-潮州,2023-06-16,9328
2834,臺企銀,154,50,104,華南永昌-潮州,2023-06-16,9328
00919,群益台灣精選高息,126,26,100,華南永昌-潮州,2023-06-16,9328
2330,台積電,89,4,85,華南永昌-潮州,2023-06-16,9328
00712,復華富時不動產,75,4,71,華南永昌-潮州,2023-06-16,9328
8916,光隆,50,0,50,華南永昌-潮州,2023-06-16,9328
2347,聯強,38,0,38,華南永昌-潮州,2023-06-16,9328
2888,新光金,37,1,36,華南永昌-潮州,2023-06-16,9328
1605,華新,59,26,33,華南永昌-潮州,2023-06-16,9328
2388,威盛,33,0,33,華南永昌-潮州,2023-06-16,9328
2382,廣達,38,6,32,華南永昌-潮州,2023-06-16,9328
1905,華紙,46,16,30,華南永昌-潮州,2023-06-16,9328
3027,盛達,39,10,29,華南永昌-潮州,2023-06-16,9328
2359,所羅門,35,8,27,華南永昌-潮州,2023-06-16,9328
2867,三商壽,26,0,26,華南永昌-潮州,2023-06-16,9328
00673R,期元大S＆P原油反1,25,0,25,華南永昌-潮州,2023-06-16,9328
6770,力積電,22,1,21,華南永昌-潮州,2023-06-16,9328
6282,康舒,37,16,21,華南永昌-潮州,2023-06-16,9328
2611,志信,20,0,20,華南永昌-潮州,2023-06-16,9328
1609,大亞,52,33,19,華南永昌-潮州,2023-06-16,9328
2356,英業達,45,27,18,華南永昌-潮州,2023-06-16,9328
6244,茂迪,20,3,17,華南永昌-潮州,2023-06-16,9328
2630,亞航,20,4,16,華南永昌-潮州,2023-06-16,9328
00929,復華台灣科技優息,16,1,15,華南永昌-潮州,2023-06-16,9328
4534,慶騰,15,0,15,華南永昌-潮州,2023-06-16,9328
2349,錸德,13,0,13,華南永昌-潮州,2023-06-16,9328
4906,正文,16,3,13,華南永昌-潮州,2023-06-16,9328
1611,中電,26,14,12,華南永昌-潮州,2023-06-16,9328
2204,中華,12,0,12,華南永昌-潮州,2023-06-16,9328
1409,新纖,14,2,12,華南永昌-潮州,2023-06-16,9328
3673,TPK-KY,14,2,12,華南永昌-潮州,2023-06-16,9328
3498,陽程,16,5,11,華南永昌-潮州,2023-06-16,9328
2484,希華,11,0,11,華南永昌-潮州,2023-06-16,9328
3022,威強電,12,1,11,華南永昌-潮州,2023-06-16,9328
6167,久正,12,1,11,華南永昌-潮州,2023-06-16,9328
6667,信紘科,11,0,11,華南永昌-潮州,2023-06-16,9328
00905,FT臺灣Smart,10,0,10,華南永昌-潮州,2023-06-16,9328
00706L,期元大S＆P日圓正2,10,0,10,華南永昌-潮州,2023-06-16,9328
00632R,元大台灣50反1,10,0,10,華南永昌-潮州,2023-06-16,9328
1103,嘉泥,10,0,10,華南永昌-潮州,2023-06-16,9328
1471,首利,10,0,10,華南永昌-潮州,2023-06-16,9328
2201,裕隆,10,0,10,華南永昌-潮州,2023-06-16,9328
2402,毅嘉,10,0,10,華南永昌-潮州,2023-06-16,9328
3419,譁裕,10,0,10,華南永昌-潮州,2023-06-16,9328
3682,亞太電,10,0,10,華南永昌-潮州,2023-06-16,9328
4129,聯合,11,1,10,華南永昌-潮州,2023-06-16,9328
6207,雷科,12,2,10,華南永昌-潮州,2023-06-16,9328
2886,兆豐金,12,2,10,華南永昌-潮州,2023-06-16,9328
00896,中信綠能及電動車,9,0,9,華南永昌-潮州,2023-06-16,9328
4977,眾達-KY,12,3,9,華南永昌-潮州,2023-06-16,9328
6120,達運,217,49,168,華南永昌-潮州,2023-06-19,9328
00878,國泰永續高股息,168,57,111,華南永昌-潮州,2023-06-19,9328
00919,群益台灣精選高息,82,9,73,華南永昌-潮州,2023-06-19,9328
00921,兆豐龍頭等權重,67,0,67,華南永昌-潮州,2023-06-19,9328
2888,新光金,47,2,45,華南永昌-潮州,2023-06-19,9328
00637L,元大滬深300正2,40,0,40,華南永昌-潮州,2023-06-19,9328
2303,聯電,41,7,34,華南永昌-潮州,2023-06-19,9328
2344,華邦電,33,7,26,華南永昌-潮州,2023-06-19,9328
1504,東元,32,7,25,華南永昌-潮州,2023-06-19,9328
00795B,中信美國公債20年,25,0,25,華南永昌-潮州,2023-06-19,9328
4114,健喬,23,0,23,華南永昌-潮州,2023-06-19,9328
2353,宏��,22,0,22,華南永昌-潮州,2023-06-19,9328
2356,英業達,51,30,21,華南永昌-潮州,2023-06-19,9328
00673R,期元大S＆P原油反1,20,0,20,華南永昌-潮州,2023-06-19,9328
9907,統一實,20,0,20,華南永昌-潮州,2023-06-19,9328
1605,華新,39,20,19,華南永昌-潮州,2023-06-19,9328
3207,耀勝,20,1,19,華南永昌-潮州,2023-06-19,9328
2883,凱基金,23,5,18,華南永昌-潮州,2023-06-19,9328
00929,復華台灣科技優息,18,0,18,華南永昌-潮州,2023-06-19,9328
00687B,國泰20年美債,15,0,15,華南永昌-潮州,2023-06-19,9328
0056,元大高股息,17,2,15,華南永昌-潮州,2023-06-19,9328
00706L,期元大S＆P日圓正2,15,0,15,華南永昌-潮州,2023-06-19,9328
4533,協易機,16,1,15,華南永昌-潮州,2023-06-19,9328
8358,金居,15,0,15,華南永昌-潮州,2023-06-19,9328
2886,兆豐金,16,2,14,華南永昌-潮州,2023-06-19,9328
6770,力積電,24,10,14,華南永昌-潮州,2023-06-19,9328
00713,元大台灣高息低波,16,3,13,華南永昌-潮州,2023-06-19,9328
2324,仁寶,28,15,13,華南永昌-潮州,2023-06-19,9328
3325,旭品,18,5,13,華南永昌-潮州,2023-06-19,9328
6282,康舒,16,3,13,華南永昌-潮州,2023-06-19,9328
2382,廣達,17,4,13,華南永昌-潮州,2023-06-19,9328
6116,彩晶,58,45,13,華南永昌-潮州,2023-06-19,9328
2421,建準,13,1,12,華南永昌-潮州,2023-06-19,9328
1611,中電,14,2,12,華南永昌-潮州,2023-06-19,9328
1432,大魯閣,11,0,11,華南永昌-潮州,2023-06-19,9328
3094,聯傑,12,1,11,華南永昌-潮州,2023-06-19,9328
6148,驊宏資,21,10,11,華南永昌-潮州,2023-06-19,9328
00772B,中信高評級公司債,10,0,10,華南永昌-潮州,2023-06-19,9328
00665L,富邦�琤肭磪囓�2,20,10,10,華南永昌-潮州,2023-06-19,9328
1218,泰山,11,1,10,華南永昌-潮州,2023-06-19,9328
1457,宜進,10,0,10,華南永昌-潮州,2023-06-19,9328
1712,興農,10,0,10,華南永昌-潮州,2023-06-19,9328
3049,精金,10,0,10,華南永昌-潮州,2023-06-19,9328
4534,慶騰,10,0,10,華南永昌-潮州,2023-06-19,9328
6163,華電網,10,0,10,華南永昌-潮州,2023-06-19,9328
8112,至上,10,0,10,華南永昌-潮州,2023-06-19,9328
2609,陽明,21,11,10,華南永昌-潮州,2023-06-19,9328
6244,茂迪,10,1,9,華南永昌-潮州,2023-06-19,9328
5426,振發,10,1,9,華南永昌-潮州,2023-06-19,9328
6189,豐藝,9,0,9,華南永昌-潮州,2023-06-19,9328
2634,漢翔,219,25,194,華南永昌-潮州,2023-06-20,9328
2801,彰銀,155,0,155,華南永昌-潮州,2023-06-20,9328
00919,群益台灣精選高息,88,0,88,華南永昌-潮州,2023-06-20,9328
00712,復華富時不動產,63,3,60,華南永昌-潮州,2023-06-20,9328
4123,晟德,57,0,57,華南永昌-潮州,2023-06-20,9328
2618,長榮航,91,36,55,華南永昌-潮州,2023-06-20,9328
2883,凱基金,61,15,46,華南永昌-潮州,2023-06-20,9328
3202,樺晟,31,2,29,華南永昌-潮州,2023-06-20,9328
8222,寶一,43,17,26,華南永昌-潮州,2023-06-20,9328
2610,華航,67,42,25,華南永昌-潮州,2023-06-20,9328
2323,中環,53,29,24,華南永昌-潮州,2023-06-20,9328
00772B,中信高評級公司債,42,20,22,華南永昌-潮州,2023-06-20,9328
2356,英業達,55,33,22,華南永昌-潮州,2023-06-20,9328
00720B,元大投資級公司債,20,0,20,華南永昌-潮州,2023-06-20,9328
2349,錸德,20,0,20,華南永昌-潮州,2023-06-20,9328
1608,華榮,21,2,19,華南永昌-潮州,2023-06-20,9328
6182,合晶,17,0,17,華南永昌-潮州,2023-06-20,9328
00929,復華台灣科技優息,18,3,15,華南永昌-潮州,2023-06-20,9328
2388,威盛,20,6,14,華南永昌-潮州,2023-06-20,9328
3545,敦泰,14,0,14,華南永昌-潮州,2023-06-20,9328
2515,中工,13,0,13,華南永昌-潮州,2023-06-20,9328
5905,南仁湖,18,5,13,華南永昌-潮州,2023-06-20,9328
4541,晟田,13,2,11,華南永昌-潮州,2023-06-20,9328
00687B,國泰20年美債,11,0,11,華南永昌-潮州,2023-06-20,9328
00650L,復華香港正2,11,0,11,華南永昌-潮州,2023-06-20,9328
2338,光罩,11,0,11,華南永昌-潮州,2023-06-20,9328
00637L,元大滬深300正2,10,0,10,華南永昌-潮州,2023-06-20,9328
1513,中興電,31,21,10,華南永昌-潮州,2023-06-20,9328
4768,晶呈科技,10,0,10,華南永昌-潮州,2023-06-20,9328
6217,中探針,14,4,10,華南永昌-潮州,2023-06-20,9328
5876,上海商銀,11,1,10,華南永昌-潮州,2023-06-20,9328
2206,三陽工業,12,3,9,華南永昌-潮州,2023-06-20,9328
2014,中鴻,9,0,9,華南永昌-潮州,2023-06-20,9328
2017,官田鋼,10,1,9,華南永昌-潮州,2023-06-20,9328
3564,其陽,10,1,9,華南永昌-潮州,2023-06-20,9328
2409,友達,14,6,8,華南永昌-潮州,2023-06-20,9328
8112,至上,8,0,8,華南永昌-潮州,2023-06-20,9328
00655L,國泰中國A50正2,8,0,8,華南永昌-潮州,2023-06-20,9328
2328,廣宇,8,0,8,華南永昌-潮州,2023-06-20,9328
6116,彩晶,12,4,8,華南永昌-潮州,2023-06-20,9328
6125,廣運,10,2,8,華南永昌-潮州,2023-06-20,9328
6477,安集,12,4,8,華南永昌-潮州,2023-06-20,9328
8105,凌巨,8,0,8,華南永昌-潮州,2023-06-20,9328
2337,旺宏,10,2,8,華南永昌-潮州,2023-06-20,9328
3252,海灣,9,2,7,華南永昌-潮州,2023-06-20,9328
8110,華東,7,0,7,華南永昌-潮州,2023-06-20,9328
2454,聯發科,8,1,7,華南永昌-潮州,2023-06-20,9328
2495,普安,7,1,6,華南永昌-潮州,2023-06-20,9328
00881,國泰台灣5G+,6,0,6,華南永昌-潮州,2023-06-20,9328
00665L,富邦�琤肭磪囓�2,6,0,6,華南永昌-潮州,2023-06-20,9328
2618,長榮航,232,8,224,華南永昌-潮州,2023-06-21,9328
2801,彰銀,100,10,90,華南永昌-潮州,2023-06-21,9328
6120,達運,79,12,67,華南永昌-潮州,2023-06-21,9328
2349,錸德,61,0,61,華南永昌-潮州,2023-06-21,9328
00712,復華富時不動產,64,11,53,華南永昌-潮州,2023-06-21,9328
00919,群益台灣精選高息,40,0,40,華南永昌-潮州,2023-06-21,9328
2409,友達,61,22,39,華南永昌-潮州,2023-06-21,9328
2888,新光金,39,1,38,華南永昌-潮州,2023-06-21,9328
6182,合晶,33,0,33,華南永昌-潮州,2023-06-21,9328
3006,晶豪科,30,0,30,華南永昌-潮州,2023-06-21,9328
3356,奇偶,30,1,29,華南永昌-潮州,2023-06-21,9328
00665L,富邦�琤肭磪囓�2,26,0,26,華南永昌-潮州,2023-06-21,9328
2312,金寶,23,2,21,華南永昌-潮州,2023-06-21,9328
6290,良維,22,1,21,華南永昌-潮州,2023-06-21,9328
2371,大同,34,15,19,華南永昌-潮州,2023-06-21,9328
2611,志信,18,0,18,華南永昌-潮州,2023-06-21,9328
3325,旭品,18,0,18,華南永昌-潮州,2023-06-21,9328
1337,再生-KY,15,0,15,華南永昌-潮州,2023-06-21,9328
2323,中環,38,23,15,華南永昌-潮州,2023-06-21,9328
2702,華園,15,1,14,華南永昌-潮州,2023-06-21,9328
3236,千如,14,0,14,華南永昌-潮州,2023-06-21,9328
1446,宏和,13,0,13,華南永昌-潮州,2023-06-21,9328
00882,中信中國高股息,22,10,12,華南永昌-潮州,2023-06-21,9328
8050,廣積,12,0,12,華南永昌-潮州,2023-06-21,9328
2603,長榮,12,1,11,華南永昌-潮州,2023-06-21,9328
1802,台玻,14,3,11,華南永昌-潮州,2023-06-21,9328
3015,全漢,11,0,11,華南永昌-潮州,2023-06-21,9328
2426,鼎元,10,0,10,華南永昌-潮州,2023-06-21,9328
2809,京城銀,10,0,10,華南永昌-潮州,2023-06-21,9328
1727,中華化,16,7,9,華南永昌-潮州,2023-06-21,9328
4707,磐亞,9,0,9,華南永昌-潮州,2023-06-21,9328
6770,力積電,8,0,8,華南永昌-潮州,2023-06-21,9328
3058,立德,10,2,8,華南永昌-潮州,2023-06-21,9328
6411,晶焱,8,0,8,華南永昌-潮州,2023-06-21,9328
1432,大魯閣,8,0,8,華南永昌-潮州,2023-06-21,9328
2340,台亞,12,4,8,華南永昌-潮州,2023-06-21,9328
3231,緯創,63,55,8,華南永昌-潮州,2023-06-21,9328
5426,振發,7,0,7,華南永昌-潮州,2023-06-21,9328
2208,台船,8,1,7,華南永昌-潮州,2023-06-21,9328
2344,華邦電,8,1,7,華南永昌-潮州,2023-06-21,9328
3013,晟銘電,16,9,7,華南永昌-潮州,2023-06-21,9328
3686,達能,7,0,7,華南永昌-潮州,2023-06-21,9328
8112,至上,7,0,7,華南永昌-潮州,2023-06-21,9328
8150,南茂,7,0,7,華南永昌-潮州,2023-06-21,9328
2748,雲品,31,24,7,華南永昌-潮州,2023-06-21,9328
6282,康舒,8,2,6,華南永昌-潮州,2023-06-21,9328
00655L,國泰中國A50正2,6,0,6,華南永昌-潮州,2023-06-21,9328
1609,大亞,13,7,6,華南永昌-潮州,2023-06-21,9328
2022,聚亨,6,0,6,華南永昌-潮州,2023-06-21,9328
2705,六福,22,16,6,華南永昌-潮州,2023-06-21,9328
00882,中信中國高股息,84,15,69,華南永昌-潮州,2023-06-26,9328
00665L,富邦�琤肭磪囓�2,60,0,60,華南永昌-潮州,2023-06-26,9328
00715L,期街口布蘭特正2,52,0,52,華南永昌-潮州,2023-06-26,9328
00637L,元大滬深300正2,59,10,49,華南永昌-潮州,2023-06-26,9328
1608,華榮,31,0,31,華南永昌-潮州,2023-06-26,9328
2610,華航,85,54,31,華南永昌-潮州,2023-06-26,9328
1598,岱宇,30,0,30,華南永昌-潮州,2023-06-26,9328
2303,聯電,34,7,27,華南永昌-潮州,2023-06-26,9328
2888,新光金,25,1,24,華南永昌-潮州,2023-06-26,9328
4533,協易機,25,1,24,華南永昌-潮州,2023-06-26,9328
6282,康舒,22,0,22,華南永昌-潮州,2023-06-26,9328
2453,凌群,22,0,22,華南永昌-潮州,2023-06-26,9328
4123,晟德,30,9,21,華南永昌-潮州,2023-06-26,9328
2344,華邦電,20,3,17,華南永昌-潮州,2023-06-26,9328
2331,精英,18,3,15,華南永昌-潮州,2023-06-26,9328
00885,富邦越南,14,0,14,華南永昌-潮州,2023-06-26,9328
2409,友達,14,1,13,華南永昌-潮州,2023-06-26,9328
2337,旺宏,12,0,12,華南永昌-潮州,2023-06-26,9328
2611,志信,13,1,12,華南永昌-潮州,2023-06-26,9328
2801,彰銀,12,0,12,華南永昌-潮州,2023-06-26,9328
4938,和碩,13,1,12,華南永昌-潮州,2023-06-26,9328
2883,凱基金,13,2,11,華南永昌-潮州,2023-06-26,9328
1522,堤維西,18,7,11,華南永昌-潮州,2023-06-26,9328
6125,廣運,16,5,11,華南永昌-潮州,2023-06-26,9328
2382,廣達,13,2,11,華南永昌-潮州,2023-06-26,9328
4904,遠傳,10,0,10,華南永昌-潮州,2023-06-26,9328
00919,群益台灣精選高息,35,25,10,華南永昌-潮州,2023-06-26,9328
2498,宏達電,13,3,10,華南永昌-潮州,2023-06-26,9328
00633L,富邦上証正2,20,10,10,華南永昌-潮州,2023-06-26,9328
1809,中釉,10,0,10,華南永昌-潮州,2023-06-26,9328
2388,威盛,14,4,10,華南永昌-潮州,2023-06-26,9328
8039,台虹,10,0,10,華南永昌-潮州,2023-06-26,9328
9105,泰金寶-DR,10,0,10,華南永昌-潮州,2023-06-26,9328
1605,華新,15,6,9,華南永昌-潮州,2023-06-26,9328
2324,仁寶,9,0,9,華南永昌-潮州,2023-06-26,9328
2402,毅嘉,9,0,9,華南永昌-潮州,2023-06-26,9328
2489,瑞軒,10,1,9,華南永昌-潮州,2023-06-26,9328
4564,元翎,11,2,9,華南永昌-潮州,2023-06-26,9328
3710,連展投控,9,0,9,華南永昌-潮州,2023-06-26,9328
0056,元大高股息,38,30,8,華南永昌-潮州,2023-06-26,9328
1471,首利,8,0,8,華南永昌-潮州,2023-06-26,9328
2349,錸德,8,0,8,華南永昌-潮州,2023-06-26,9328
2748,雲品,12,4,8,華南永昌-潮州,2023-06-26,9328
8069,元太,8,0,8,華南永昌-潮州,2023-06-26,9328
1504,東元,12,5,7,華南永昌-潮州,2023-06-26,9328
1103,嘉泥,7,0,7,華南永昌-潮州,2023-06-26,9328
2356,英業達,16,9,7,華南永昌-潮州,2023-06-26,9328
2405,輔信,7,0,7,華南永昌-潮州,2023-06-26,9328
4157,太景*-KY,7,0,7,華南永昌-潮州,2023-06-26,9328
5425,台半,7,0,7,華南永昌-潮州,2023-06-26,9328
2867,三商壽,380,0,380,華南永昌-潮州,2023-06-27,9328
4123,晟德,142,49,93,華南永昌-潮州,2023-06-27,9328
2303,聯電,80,14,66,華南永昌-潮州,2023-06-27,9328
2610,華航,85,24,61,華南永昌-潮州,2023-06-27,9328
2344,華邦電,63,3,60,華南永昌-潮州,2023-06-27,9328
2618,長榮航,88,38,50,華南永昌-潮州,2023-06-27,9328
3231,緯創,82,32,50,華南永昌-潮州,2023-06-27,9328
2332,友訊,47,16,31,華南永昌-潮州,2023-06-27,9328
1432,大魯閣,30,0,30,華南永昌-潮州,2023-06-27,9328
2206,三陽工業,37,8,29,華南永昌-潮州,2023-06-27,9328
8358,金居,33,5,28,華南永昌-潮州,2023-06-27,9328
00665L,富邦�琤肭磪囓�2,37,10,27,華南永昌-潮州,2023-06-27,9328
2427,三商電,27,2,25,華南永昌-潮州,2023-06-27,9328
1319,東陽,25,1,24,華南永昌-潮州,2023-06-27,9328
2367,燿華,24,0,24,華南永昌-潮州,2023-06-27,9328
1471,首利,40,17,23,華南永昌-潮州,2023-06-27,9328
2323,中環,40,19,21,華南永昌-潮州,2023-06-27,9328
3006,晶豪科,21,0,21,華南永昌-潮州,2023-06-27,9328
6150,撼訊,23,2,21,華南永昌-潮州,2023-06-27,9328
2353,宏��,25,5,20,華南永昌-潮州,2023-06-27,9328
2356,英業達,27,8,19,華南永昌-潮州,2023-06-27,9328
8183,精星,20,1,19,華南永昌-潮州,2023-06-27,9328
00712,復華富時不動產,20,3,17,華南永昌-潮州,2023-06-27,9328
00715L,期街口布蘭特正2,21,4,17,華南永昌-潮州,2023-06-27,9328
6125,廣運,26,9,17,華南永昌-潮州,2023-06-27,9328
6770,力積電,17,0,17,華南永昌-潮州,2023-06-27,9328
1609,大亞,34,18,16,華南永昌-潮州,2023-06-27,9328
2349,錸德,16,0,16,華南永昌-潮州,2023-06-27,9328
5439,高技,16,0,16,華南永昌-潮州,2023-06-27,9328
1905,華紙,31,16,15,華南永昌-潮州,2023-06-27,9328
4533,協易機,15,0,15,華南永昌-潮州,2023-06-27,9328
1783,和康生,20,5,15,華南永昌-潮州,2023-06-27,9328
1301,台塑,13,0,13,華南永昌-潮州,2023-06-27,9328
3710,連展投控,14,1,13,華南永昌-潮州,2023-06-27,9328
6285,啟��,16,3,13,華南永昌-潮州,2023-06-27,9328
6288,聯嘉,14,1,13,華南永昌-潮州,2023-06-27,9328
1504,東元,16,4,12,華南永昌-潮州,2023-06-27,9328
5608,四維航,12,0,12,華南永昌-潮州,2023-06-27,9328
3706,神達,12,1,11,華南永昌-潮州,2023-06-27,9328
3038,全台,31,20,11,華南永昌-潮州,2023-06-27,9328
3308,聯德,12,1,11,華南永昌-潮州,2023-06-27,9328
5315,光聯,11,0,11,華南永昌-潮州,2023-06-27,9328
6209,今國光,11,0,11,華南永昌-潮州,2023-06-27,9328
8070,長華*,11,0,11,華南永昌-潮州,2023-06-27,9328
00878,國泰永續高股息,45,34,11,華南永昌-潮州,2023-06-27,9328
00753L,中信中國50正2,10,0,10,華南永昌-潮州,2023-06-27,9328
00673R,期元大S＆P原油反1,10,0,10,華南永昌-潮州,2023-06-27,9328
1455,集盛,10,0,10,華南永昌-潮州,2023-06-27,9328
1612,宏泰,11,1,10,華南永昌-潮州,2023-06-27,9328
2302,麗正,10,0,10,華南永昌-潮州,2023-06-27,9328
00715L,期街口布蘭特正2,146,0,146,華南永昌-潮州,2023-06-28,9328
1605,華新,92,15,77,華南永昌-潮州,2023-06-28,9328
3481,群創,38,2,36,華南永昌-潮州,2023-06-28,9328
1795,美時,39,9,30,華南永昌-潮州,2023-06-28,9328
1301,台塑,21,0,21,華南永昌-潮州,2023-06-28,9328
00725B,國泰投資級公司債,20,0,20,華南永昌-潮州,2023-06-28,9328
1471,首利,22,3,19,華南永昌-潮州,2023-06-28,9328
3710,連展投控,24,5,19,華南永昌-潮州,2023-06-28,9328
8150,南茂,18,0,18,華南永昌-潮州,2023-06-28,9328
4123,晟德,25,8,17,華南永昌-潮州,2023-06-28,9328
6125,廣運,18,1,17,華南永昌-潮州,2023-06-28,9328
1734,杏輝,16,0,16,華南永昌-潮州,2023-06-28,9328
2609,陽明,21,6,15,華南永昌-潮州,2023-06-28,9328
3596,智易,19,4,15,華南永昌-潮州,2023-06-28,9328
6169,昱泉,15,0,15,華南永昌-潮州,2023-06-28,9328
4114,健喬,21,7,14,華南永昌-潮州,2023-06-28,9328
1522,堤維西,16,2,14,華南永昌-潮州,2023-06-28,9328
2337,旺宏,15,1,14,華南永昌-潮州,2023-06-28,9328
5388,中磊,41,27,14,華南永昌-潮州,2023-06-28,9328
5608,四維航,20,7,13,華南永昌-潮州,2023-06-28,9328
2208,台船,12,0,12,華南永昌-潮州,2023-06-28,9328
2323,中環,18,6,12,華南永昌-潮州,2023-06-28,9328
2615,萬海,12,0,12,華南永昌-潮州,2023-06-28,9328
2801,彰銀,12,0,12,華南永昌-潮州,2023-06-28,9328
2303,聯電,19,8,11,華南永昌-潮州,2023-06-28,9328
2427,三商電,11,0,11,華南永昌-潮州,2023-06-28,9328
2867,三商壽,10,0,10,華南永昌-潮州,2023-06-28,9328
8390,金益鼎,10,0,10,華南永昌-潮州,2023-06-28,9328
9105,泰金寶-DR,10,0,10,華南永昌-潮州,2023-06-28,9328
1609,大亞,13,4,9,華南永昌-潮州,2023-06-28,9328
2332,友訊,22,13,9,華南永昌-潮州,2023-06-28,9328
2606,裕民,16,7,9,華南永昌-潮州,2023-06-28,9328
3706,神達,11,2,9,華南永昌-潮州,2023-06-28,9328
5009,榮剛,11,2,9,華南永昌-潮州,2023-06-28,9328
1314,中石化,8,0,8,華南永昌-潮州,2023-06-28,9328
1519,華城,29,21,8,華南永昌-潮州,2023-06-28,9328
2882,國泰金,7,0,7,華南永昌-潮州,2023-06-28,9328
00642U,期元大S＆P石油,7,0,7,華南永昌-潮州,2023-06-28,9328
4906,正文,8,1,7,華南永昌-潮州,2023-06-28,9328
2880,華南金,7,0,7,華南永昌-潮州,2023-06-28,9328
3049,精金,7,0,7,華南永昌-潮州,2023-06-28,9328
5465,富驊,10,3,7,華南永昌-潮州,2023-06-28,9328
00900,富邦特選高股息30,6,0,6,華南永昌-潮州,2023-06-28,9328
1444,力麗,34,28,6,華南永昌-潮州,2023-06-28,9328
3346,麗清,7,1,6,華南永昌-潮州,2023-06-28,9328
8358,金居,6,0,6,華南永昌-潮州,2023-06-28,9328
3038,全台,18,13,5,華南永昌-潮州,2023-06-28,9328
1504,東元,14,9,5,華南永昌-潮州,2023-06-28,9328
4534,慶騰,5,0,5,華南永昌-潮州,2023-06-28,9328
1313,聯成,5,0,5,華南永昌-潮州,2023-06-28,9328
6285,啟��,105,6,99,華南永昌-潮州,2023-06-29,9328
00919,群益台灣精選高息,80,0,80,華南永昌-潮州,2023-06-29,9328
00673R,期元大S＆P原油反1,65,0,65,華南永昌-潮州,2023-06-29,9328
4414,如興,68,5,63,華南永昌-潮州,2023-06-29,9328
3058,立德,55,0,55,華南永昌-潮州,2023-06-29,9328
2618,長榮航,71,19,52,華南永昌-潮州,2023-06-29,9328
3706,神達,35,3,32,華南永昌-潮州,2023-06-29,9328
2303,聯電,30,1,29,華南永昌-潮州,2023-06-29,9328
2867,三商壽,29,3,26,華南永昌-潮州,2023-06-29,9328
1528,恩德,27,4,23,華南永昌-潮州,2023-06-29,9328
4533,協易機,22,0,22,華南永昌-潮州,2023-06-29,9328
2892,第一金,21,0,21,華南永昌-潮州,2023-06-29,9328
4167,松瑞藥,20,0,20,華南永昌-潮州,2023-06-29,9328
1605,華新,27,10,17,華南永昌-潮州,2023-06-29,9328
2883,凱基金,17,2,15,華南永昌-潮州,2023-06-29,9328
8358,金居,15,0,15,華南永昌-潮州,2023-06-29,9328
3481,群創,45,31,14,華南永昌-潮州,2023-06-29,9328
2610,華航,19,6,13,華南永昌-潮州,2023-06-29,9328
2880,華南金,13,0,13,華南永昌-潮州,2023-06-29,9328
1432,大魯閣,12,0,12,華南永昌-潮州,2023-06-29,9328
1301,台塑,12,0,12,華南永昌-潮州,2023-06-29,9328
4155,訊映,14,2,12,華南永昌-潮州,2023-06-29,9328
8112,至上,12,0,12,華南永昌-潮州,2023-06-29,9328
6142,友勁,12,0,12,華南永昌-潮州,2023-06-29,9328
00922,國泰台灣領袖50,11,0,11,華南永昌-潮州,2023-06-29,9328
2376,技嘉,15,4,11,華南永昌-潮州,2023-06-29,9328
8034,榮群,11,0,11,華南永昌-潮州,2023-06-29,9328
2419,仲琦,23,12,11,華南永昌-潮州,2023-06-29,9328
2882,國泰金,12,1,11,華南永昌-潮州,2023-06-29,9328
3006,晶豪科,10,0,10,華南永昌-潮州,2023-06-29,9328
2603,長榮,15,5,10,華南永昌-潮州,2023-06-29,9328
4157,太景*-KY,18,8,10,華南永昌-潮州,2023-06-29,9328
2353,宏��,13,3,10,華南永昌-潮州,2023-06-29,9328
00921,兆豐龍頭等權重,10,0,10,華南永昌-潮州,2023-06-29,9328
2368,金像電,10,0,10,華南永昌-潮州,2023-06-29,9328
2617,台航,10,0,10,華南永昌-潮州,2023-06-29,9328
3596,智易,10,0,10,華南永昌-潮州,2023-06-29,9328
8926,台汽電,10,0,10,華南永昌-潮州,2023-06-29,9328
2630,亞航,12,3,9,華南永昌-潮州,2023-06-29,9328
4120,友華,9,0,9,華南永昌-潮州,2023-06-29,9328
8940,新天地,9,0,9,華南永昌-潮州,2023-06-29,9328
2449,京元電子,7,0,7,華南永昌-潮州,2023-06-29,9328
2009,第一銅,6,0,6,華南永昌-潮州,2023-06-29,9328
2745,五福,6,0,6,華南永昌-潮州,2023-06-29,9328
3105,穩懋,6,0,6,華南永昌-潮州,2023-06-29,9328
3576,聯合再生,6,0,6,華南永昌-潮州,2023-06-29,9328
6120,達運,6,0,6,華南永昌-潮州,2023-06-29,9328
6169,昱泉,6,0,6,華南永昌-潮州,2023-06-29,9328
8150,南茂,6,0,6,華南永昌-潮州,2023-06-29,9328
8222,寶一,7,1,6,華南永昌-潮州,2023-06-29,9328
2206,三陽工業,108,21,87,華南永昌-潮州,2023-06-30,9328
2603,長榮,120,54,66,華南永昌-潮州,2023-06-30,9328
2344,華邦電,76,11,65,華南永昌-潮州,2023-06-30,9328
2618,長榮航,75,11,64,華南永昌-潮州,2023-06-30,9328
00680L,元大美債20正2,40,0,40,華南永昌-潮州,2023-06-30,9328
3058,立德,39,0,39,華南永昌-潮州,2023-06-30,9328
4414,如興,62,28,34,華南永昌-潮州,2023-06-30,9328
2356,英業達,40,9,31,華南永昌-潮州,2023-06-30,9328
1605,華新,31,7,24,華南永昌-潮州,2023-06-30,9328
2317,鴻海,23,1,22,華南永昌-潮州,2023-06-30,9328
2303,聯電,25,5,20,華南永昌-潮州,2023-06-30,9328
00665L,富邦�琤肭磪囓�2,20,0,20,華南永昌-潮州,2023-06-30,9328
1809,中釉,20,0,20,華南永昌-潮州,2023-06-30,9328
3591,艾笛森,20,0,20,華南永昌-潮州,2023-06-30,9328
1905,華紙,22,3,19,華南永昌-潮州,2023-06-30,9328
2883,凱基金,15,0,15,華南永昌-潮州,2023-06-30,9328
2609,陽明,58,43,15,華南永昌-潮州,2023-06-30,9328
00795B,中信美國公債20年,15,0,15,華南永昌-潮州,2023-06-30,9328
1513,中興電,19,5,14,華南永昌-潮州,2023-06-30,9328
6550,北極星藥業-KY,19,5,14,華南永昌-潮州,2023-06-30,9328
6576,逸達,15,1,14,華南永昌-潮州,2023-06-30,9328
2014,中鴻,29,15,14,華南永昌-潮州,2023-06-30,9328
4906,正文,18,4,14,華南永昌-潮州,2023-06-30,9328
4121,優盛,15,2,13,華南永昌-潮州,2023-06-30,9328
3481,群創,24,12,12,華南永昌-潮州,2023-06-30,9328
5388,中磊,13,1,12,華南永昌-潮州,2023-06-30,9328
5608,四維航,12,1,11,華南永昌-潮州,2023-06-30,9328
00878,國泰永續高股息,25,14,11,華南永昌-潮州,2023-06-30,9328
2332,友訊,30,19,11,華南永昌-潮州,2023-06-30,9328
6451,訊芯-KY,13,2,11,華南永昌-潮州,2023-06-30,9328
2353,宏��,15,4,11,華南永昌-潮州,2023-06-30,9328
00673R,期元大S＆P原油反1,10,0,10,華南永昌-潮州,2023-06-30,9328
0056,元大高股息,10,0,10,華南永昌-潮州,2023-06-30,9328
1586,和勤,10,0,10,華南永昌-潮州,2023-06-30,9328
8933,愛地雅,10,0,10,華南永昌-潮州,2023-06-30,9328
2888,新光金,9,0,9,華南永昌-潮州,2023-06-30,9328
3710,連展投控,9,0,9,華南永昌-潮州,2023-06-30,9328
4538,大詠城,10,1,9,華南永昌-潮州,2023-06-30,9328
6589,台康生技,10,1,9,華南永昌-潮州,2023-06-30,9328
1432,大魯閣,8,0,8,華南永昌-潮州,2023-06-30,9328
2022,聚亨,8,0,8,華南永昌-潮州,2023-06-30,9328
3163,波若威,10,2,8,華南永昌-潮州,2023-06-30,9328
6197,佳必琪,10,2,8,華南永昌-潮州,2023-06-30,9328
2412,中華電,8,1,7,華南永昌-潮州,2023-06-30,9328
2331,精英,9,2,7,華南永昌-潮州,2023-06-30,9328
4168,醣聯,7,0,7,華南永昌-潮州,2023-06-30,9328
1810,和成,11,5,6,華南永昌-潮州,2023-06-30,9328
2340,台亞,20,14,6,華南永昌-潮州,2023-06-30,9328
6770,力積電,7,1,6,華南永昌-潮州,2023-06-30,9328
5880,合庫金,5,0,5,華南永昌-潮州,2023-06-30,9328
4532,瑞智,406,4,402,華南永昌-潮州,2023-07-03,9328
3704,合勤控,105,20,85,華南永昌-潮州,2023-07-03,9328
3231,緯創,163,81,82,華南永昌-潮州,2023-07-03,9328
2892,第一金,75,0,75,華南永昌-潮州,2023-07-03,9328
1444,力麗,60,0,60,華南永昌-潮州,2023-07-03,9328
3163,波若威,55,0,55,華南永昌-潮州,2023-07-03,9328
4564,元翎,46,4,42,華南永昌-潮州,2023-07-03,9328
2303,聯電,39,3,36,華南永昌-潮州,2023-07-03,9328
2349,錸德,35,0,35,華南永昌-潮州,2023-07-03,9328
00673R,期元大S＆P原油反1,30,0,30,華南永昌-潮州,2023-07-03,9328
1467,南緯,30,0,30,華南永昌-潮州,2023-07-03,9328
2607,榮運,30,1,29,華南永昌-潮州,2023-07-03,9328
3032,偉訓,30,1,29,華南永昌-潮州,2023-07-03,9328
2412,中華電,28,0,28,華南永昌-潮州,2023-07-03,9328
00632R,元大台灣50反1,38,10,28,華南永昌-潮州,2023-07-03,9328
2344,華邦電,33,8,25,華南永昌-潮州,2023-07-03,9328
2354,鴻準,24,0,24,華南永昌-潮州,2023-07-03,9328
0056,元大高股息,47,26,21,華南永昌-潮州,2023-07-03,9328
3374,精材,21,1,20,華南永昌-潮州,2023-07-03,9328
00706L,期元大S＆P日圓正2,20,0,20,華南永昌-潮州,2023-07-03,9328
2106,建大,20,0,20,華南永昌-潮州,2023-07-03,9328
6579,研揚,20,0,20,華南永昌-潮州,2023-07-03,9328
00919,群益台灣精選高息,17,1,16,華南永昌-潮州,2023-07-03,9328
2630,亞航,15,0,15,華南永昌-潮州,2023-07-03,9328
3033,威健,14,0,14,華南永昌-潮州,2023-07-03,9328
2382,廣達,28,14,14,華南永昌-潮州,2023-07-03,9328
1609,大亞,20,7,13,華南永昌-潮州,2023-07-03,9328
3346,麗清,14,1,13,華南永昌-潮州,2023-07-03,9328
4906,正文,17,5,12,華南永昌-潮州,2023-07-03,9328
3356,奇偶,19,7,12,華南永昌-潮州,2023-07-03,9328
3006,晶豪科,11,0,11,華南永昌-潮州,2023-07-03,9328
2634,漢翔,18,8,10,華南永昌-潮州,2023-07-03,9328
2337,旺宏,11,1,10,華南永昌-潮州,2023-07-03,9328
3058,立德,10,0,10,華南永昌-潮州,2023-07-03,9328
3264,欣銓,10,0,10,華南永昌-潮州,2023-07-03,9328
6197,佳必琪,10,0,10,華南永昌-潮州,2023-07-03,9328
8222,寶一,27,17,10,華南永昌-潮州,2023-07-03,9328
8940,新天地,10,0,10,華南永昌-潮州,2023-07-03,9328
6198,瑞築,9,0,9,華南永昌-潮州,2023-07-03,9328
3380,明泰,8,1,7,華南永昌-潮州,2023-07-03,9328
3710,連展投控,7,0,7,華南永昌-潮州,2023-07-03,9328
1795,美時,7,1,6,華南永昌-潮州,2023-07-03,9328
1217,愛之味,6,0,6,華南永昌-潮州,2023-07-03,9328
1307,三芳,6,0,6,華南永昌-潮州,2023-07-03,9328
1710,東聯,6,0,6,華南永昌-潮州,2023-07-03,9328
6180,橘子,7,1,6,華南永昌-潮州,2023-07-03,9328
1314,中石化,6,1,5,華南永昌-潮州,2023-07-03,9328
2006,東和鋼鐵,5,0,5,華南永昌-潮州,2023-07-03,9328
2489,瑞軒,5,0,5,華南永昌-潮州,2023-07-03,9328
2890,永豐金,5,0,5,華南永昌-潮州,2023-07-03,9328
00929,復華台灣科技優息,519,0,519,華南永昌-潮州,2023-07-04,9328
00632R,元大台灣50反1,100,0,100,華南永昌-潮州,2023-07-04,9328
6411,晶焱,76,0,76,華南永昌-潮州,2023-07-04,9328
2356,英業達,102,29,73,華南永昌-潮州,2023-07-04,9328
0056,元大高股息,66,5,61,華南永昌-潮州,2023-07-04,9328
3032,偉訓,53,2,51,華南永昌-潮州,2023-07-04,9328
3711,日月光投控,50,1,49,華南永昌-潮州,2023-07-04,9328
2609,陽明,85,41,44,華南永昌-潮州,2023-07-04,9328
8024,佑華,33,0,33,華南永昌-潮州,2023-07-04,9328
1795,美時,35,2,33,華南永昌-潮州,2023-07-04,9328
2603,長榮,82,51,31,華南永昌-潮州,2023-07-04,9328
2329,華泰,45,14,31,華南永昌-潮州,2023-07-04,9328
2371,大同,34,3,31,華南永昌-潮州,2023-07-04,9328
3481,群創,35,6,29,華南永昌-潮州,2023-07-04,9328
6152,百一,24,0,24,華南永昌-潮州,2023-07-04,9328
2355,敬鵬,20,0,20,華南永昌-潮州,2023-07-04,9328
3556,禾瑞亞,20,0,20,華南永昌-潮州,2023-07-04,9328
6275,元山,20,0,20,華南永昌-潮州,2023-07-04,9328
2317,鴻海,27,7,20,華南永昌-潮州,2023-07-04,9328
1471,首利,19,0,19,華南永昌-潮州,2023-07-04,9328
2883,凱基金,17,0,17,華南永昌-潮州,2023-07-04,9328
4533,協易機,16,0,16,華南永昌-潮州,2023-07-04,9328
1314,中石化,15,0,15,華南永昌-潮州,2023-07-04,9328
4532,瑞智,15,0,15,華南永昌-潮州,2023-07-04,9328
2888,新光金,16,2,14,華南永昌-潮州,2023-07-04,9328
00665L,富邦�琤肭磪囓�2,14,0,14,華南永昌-潮州,2023-07-04,9328
1301,台塑,13,0,13,華南永昌-潮州,2023-07-04,9328
2413,環科,12,0,12,華南永昌-潮州,2023-07-04,9328
2324,仁寶,14,2,12,華南永昌-潮州,2023-07-04,9328
2637,慧洋-KY,12,0,12,華南永昌-潮州,2023-07-04,9328
2615,萬海,23,11,12,華南永昌-潮州,2023-07-04,9328
5905,南仁湖,12,0,12,華南永昌-潮州,2023-07-04,9328
2486,一詮,12,1,11,華南永昌-潮州,2023-07-04,9328
1522,堤維西,37,26,11,華南永昌-潮州,2023-07-04,9328
1611,中電,15,5,10,華南永昌-潮州,2023-07-04,9328
2363,矽統,10,0,10,華南永昌-潮州,2023-07-04,9328
1303,南亞,10,0,10,華南永昌-潮州,2023-07-04,9328
6271,同欣電,11,1,10,華南永昌-潮州,2023-07-04,9328
00892,富邦台灣半導體,10,0,10,華南永昌-潮州,2023-07-04,9328
00751B,元大AAA至A公司債,10,0,10,華南永昌-潮州,2023-07-04,9328
2049,上銀,10,0,10,華南永昌-潮州,2023-07-04,9328
3058,立德,20,10,10,華南永昌-潮州,2023-07-04,9328
3545,敦泰,12,2,10,華南永昌-潮州,2023-07-04,9328
5225,東科-KY,10,0,10,華南永昌-潮州,2023-07-04,9328
6197,佳必琪,10,0,10,華南永昌-潮州,2023-07-04,9328
8092,建暐,10,0,10,華南永昌-潮州,2023-07-04,9328
4157,太景*-KY,13,4,9,華南永昌-潮州,2023-07-04,9328
6112,邁達特,11,2,9,華南永昌-潮州,2023-07-04,9328
8034,榮群,9,0,9,華南永昌-潮州,2023-07-04,9328
3687,歐買尬,9,0,9,華南永昌-潮州,2023-07-04,9328
0056,元大高股息,372,7,365,華南永昌-潮州,2023-07-05,9328
00919,群益台灣精選高息,81,0,81,華南永昌-潮州,2023-07-05,9328
2610,華航,137,60,77,華南永昌-潮州,2023-07-05,9328
00929,復華台灣科技優息,68,0,68,華南永昌-潮州,2023-07-05,9328
2609,陽明,127,70,57,華南永昌-潮州,2023-07-05,9328
3694,海華,40,0,40,華南永昌-潮州,2023-07-05,9328
2312,金寶,83,45,38,華南永昌-潮州,2023-07-05,9328
2382,廣達,49,12,37,華南永昌-潮州,2023-07-05,9328
3666,光耀,32,0,32,華南永昌-潮州,2023-07-05,9328
2419,仲琦,34,5,29,華南永昌-潮州,2023-07-05,9328
6411,晶焱,34,6,28,華南永昌-潮州,2023-07-05,9328
2880,華南金,26,0,26,華南永昌-潮州,2023-07-05,9328
6282,康舒,60,35,25,華南永昌-潮州,2023-07-05,9328
2801,彰銀,21,0,21,華南永昌-潮州,2023-07-05,9328
2867,三商壽,21,0,21,華南永昌-潮州,2023-07-05,9328
00637L,元大滬深300正2,20,0,20,華南永昌-潮州,2023-07-05,9328
1714,和桐,20,0,20,華南永昌-潮州,2023-07-05,9328
2106,建大,20,0,20,華南永昌-潮州,2023-07-05,9328
3591,艾笛森,20,0,20,華南永昌-潮州,2023-07-05,9328
911868,同方友友-DR,20,0,20,華南永昌-潮州,2023-07-05,9328
2353,宏��,24,5,19,華南永昌-潮州,2023-07-05,9328
2014,中鴻,56,41,15,華南永昌-潮州,2023-07-05,9328
5905,南仁湖,15,0,15,華南永昌-潮州,2023-07-05,9328
1905,華紙,18,4,14,華南永昌-潮州,2023-07-05,9328
2302,麗正,14,0,14,華南永昌-潮州,2023-07-05,9328
3038,全台,13,0,13,華南永昌-潮州,2023-07-05,9328
8050,廣積,16,3,13,華南永昌-潮州,2023-07-05,9328
2201,裕隆,15,2,13,華南永昌-潮州,2023-07-05,9328
2883,凱基金,11,0,11,華南永昌-潮州,2023-07-05,9328
2890,永豐金,11,0,11,華南永昌-潮州,2023-07-05,9328
6117,迎廣,11,0,11,華南永昌-潮州,2023-07-05,9328
00882,中信中國高股息,10,0,10,華南永昌-潮州,2023-07-05,9328
2852,第一保,10,0,10,華南永昌-潮州,2023-07-05,9328
3441,聯一光,12,2,10,華南永昌-潮州,2023-07-05,9328
4919,新唐,19,9,10,華南永昌-潮州,2023-07-05,9328
5243,乙盛-KY,10,0,10,華南永昌-潮州,2023-07-05,9328
6233,旺玖,10,0,10,華南永昌-潮州,2023-07-05,9328
6547,高端疫苗,10,0,10,華南永昌-潮州,2023-07-05,9328
8049,晶采,13,3,10,華南永昌-潮州,2023-07-05,9328
6285,啟��,14,4,10,華南永昌-潮州,2023-07-05,9328
2303,聯電,11,2,9,華南永昌-潮州,2023-07-05,9328
00665L,富邦�琤肭磪囓�2,110,101,9,華南永昌-潮州,2023-07-05,9328
6129,普誠,9,0,9,華南永昌-潮州,2023-07-05,9328
1301,台塑,8,0,8,華南永昌-潮州,2023-07-05,9328
1522,堤維西,21,13,8,華南永昌-潮州,2023-07-05,9328
2022,聚亨,10,2,8,華南永昌-潮州,2023-07-05,9328
4934,太極,23,15,8,華南永昌-潮州,2023-07-05,9328
2104,國際中橡,7,0,7,華南永昌-潮州,2023-07-05,9328
3025,星通,13,6,7,華南永昌-潮州,2023-07-05,9328
5530,龍巖,7,0,7,華南永昌-潮州,2023-07-05,9328
00929,復華台灣科技優息,281,0,281,華南永昌-潮州,2023-07-06,9328
2883,凱基金,124,2,122,華南永昌-潮州,2023-07-06,9328
6285,啟��,105,1,104,華南永昌-潮州,2023-07-06,9328
00738U,期元大道瓊白銀,100,0,100,華南永昌-潮州,2023-07-06,9328
00637L,元大滬深300正2,60,0,60,華南永昌-潮州,2023-07-06,9328
3481,群創,94,42,52,華南永昌-潮州,2023-07-06,9328
0056,元大高股息,93,42,51,華南永昌-潮州,2023-07-06,9328
1471,首利,56,6,50,華南永昌-潮州,2023-07-06,9328
6116,彩晶,55,15,40,華南永昌-潮州,2023-07-06,9328
2610,華航,54,15,39,華南永昌-潮州,2023-07-06,9328
1611,中電,37,3,34,華南永昌-潮州,2023-07-06,9328
2880,華南金,35,3,32,華南永昌-潮州,2023-07-06,9328
2812,台中銀,51,21,30,華南永昌-潮州,2023-07-06,9328
00673R,期元大S＆P原油反1,30,0,30,華南永昌-潮州,2023-07-06,9328
2103,台橡,29,0,29,華南永昌-潮州,2023-07-06,9328
2002,中鋼,24,0,24,華南永昌-潮州,2023-07-06,9328
00921,兆豐龍頭等權重,24,0,24,華南永昌-潮州,2023-07-06,9328
4938,和碩,22,0,22,華南永昌-潮州,2023-07-06,9328
2886,兆豐金,23,2,21,華南永昌-潮州,2023-07-06,9328
00720B,元大投資級公司債,24,3,21,華南永昌-潮州,2023-07-06,9328
00665L,富邦�琤肭磪囓�2,61,40,21,華南永昌-潮州,2023-07-06,9328
2611,志信,21,0,21,華南永昌-潮州,2023-07-06,9328
6282,康舒,67,48,19,華南永昌-潮州,2023-07-06,9328
2317,鴻海,18,0,18,華南永昌-潮州,2023-07-06,9328
2436,偉詮電,28,11,17,華南永昌-潮州,2023-07-06,9328
2630,亞航,46,29,17,華南永昌-潮州,2023-07-06,9328
3325,旭品,16,0,16,華南永昌-潮州,2023-07-06,9328
00882,中信中國高股息,15,0,15,華南永昌-潮州,2023-07-06,9328
1314,中石化,15,0,15,華南永昌-潮州,2023-07-06,9328
3058,立德,15,0,15,華南永昌-潮州,2023-07-06,9328
6257,矽格,15,0,15,華南永昌-潮州,2023-07-06,9328
6117,迎廣,18,3,15,華南永昌-潮州,2023-07-06,9328
00725B,國泰投資級公司債,15,0,15,華南永昌-潮州,2023-07-06,9328
00772B,中信高評級公司債,14,0,14,華南永昌-潮州,2023-07-06,9328
8215,明基材,18,4,14,華南永昌-潮州,2023-07-06,9328
2022,聚亨,12,0,12,華南永昌-潮州,2023-07-06,9328
2892,第一金,12,0,12,華南永昌-潮州,2023-07-06,9328
1301,台塑,12,0,12,華南永昌-潮州,2023-07-06,9328
2427,三商電,24,13,11,華南永昌-潮州,2023-07-06,9328
2890,永豐金,11,0,11,華南永昌-潮州,2023-07-06,9328
5225,東科-KY,11,0,11,華南永昌-潮州,2023-07-06,9328
8048,德勝,11,0,11,華南永昌-潮州,2023-07-06,9328
4743,合一,34,23,11,華南永昌-潮州,2023-07-06,9328
6829,千附精密,10,0,10,華南永昌-潮州,2023-07-06,9328
2409,友達,28,18,10,華南永昌-潮州,2023-07-06,9328
1440,南紡,10,0,10,華南永昌-潮州,2023-07-06,9328
1455,集盛,10,0,10,華南永昌-潮州,2023-07-06,9328
3308,聯德,10,0,10,華南永昌-潮州,2023-07-06,9328
5864,致和證,10,0,10,華南永昌-潮州,2023-07-06,9328
6120,達運,10,0,10,華南永昌-潮州,2023-07-06,9328
2014,中鴻,105,1,104,華南永昌-潮州,2023-07-07,9328
00676R,富邦臺灣加權反1,100,0,100,華南永昌-潮州,2023-07-07,9328
2344,華邦電,102,22,80,華南永昌-潮州,2023-07-07,9328
2369,菱生,67,1,66,華南永昌-潮州,2023-07-07,9328
6117,迎廣,77,19,58,華南永昌-潮州,2023-07-07,9328
00929,復華台灣科技優息,48,0,48,華南永昌-潮州,2023-07-07,9328
00878,國泰永續高股息,66,22,44,華南永昌-潮州,2023-07-07,9328
6443,元晶,41,2,39,華南永昌-潮州,2023-07-07,9328
00919,群益台灣精選高息,35,0,35,華南永昌-潮州,2023-07-07,9328
2206,三陽工業,59,26,33,華南永昌-潮州,2023-07-07,9328
2436,偉詮電,42,11,31,華南永昌-潮州,2023-07-07,9328
2489,瑞軒,33,3,30,華南永昌-潮州,2023-07-07,9328
3265,台星科,31,1,30,華南永昌-潮州,2023-07-07,9328
2884,玉山金,28,0,28,華南永昌-潮州,2023-07-07,9328
2376,技嘉,33,7,26,華南永昌-潮州,2023-07-07,9328
2892,第一金,26,1,25,華南永昌-潮州,2023-07-07,9328
00720B,元大投資級公司債,25,0,25,華南永昌-潮州,2023-07-07,9328
2880,華南金,25,0,25,華南永昌-潮州,2023-07-07,9328
5880,合庫金,24,0,24,華南永昌-潮州,2023-07-07,9328
8050,廣積,28,5,23,華南永昌-潮州,2023-07-07,9328
00680L,元大美債20正2,23,0,23,華南永昌-潮州,2023-07-07,9328
1809,中釉,25,3,22,華南永昌-潮州,2023-07-07,9328
3481,群創,26,5,21,華南永昌-潮州,2023-07-07,9328
1605,華新,25,4,21,華南永昌-潮州,2023-07-07,9328
1528,恩德,22,1,21,華南永昌-潮州,2023-07-07,9328
2002,中鋼,22,1,21,華南永昌-潮州,2023-07-07,9328
00673R,期元大S＆P原油反1,20,0,20,華南永昌-潮州,2023-07-07,9328
2801,彰銀,20,0,20,華南永昌-潮州,2023-07-07,9328
8096,擎亞,20,0,20,華南永昌-潮州,2023-07-07,9328
1314,中石化,29,10,19,華南永昌-潮州,2023-07-07,9328
2883,凱基金,16,0,16,華南永昌-潮州,2023-07-07,9328
2888,新光金,16,0,16,華南永昌-潮州,2023-07-07,9328
2409,友達,18,3,15,華南永昌-潮州,2023-07-07,9328
1455,集盛,15,0,15,華南永昌-潮州,2023-07-07,9328
6226,光鼎,15,0,15,華南永昌-潮州,2023-07-07,9328
6770,力積電,14,1,13,華南永昌-潮州,2023-07-07,9328
1417,嘉裕,13,0,13,華南永昌-潮州,2023-07-07,9328
3682,亞太電,13,0,13,華南永昌-潮州,2023-07-07,9328
2323,中環,25,13,12,華南永昌-潮州,2023-07-07,9328
2618,長榮航,16,4,12,華南永昌-潮州,2023-07-07,9328
5009,榮剛,14,2,12,華南永昌-潮州,2023-07-07,9328
00712,復華富時不動產,11,0,11,華南永昌-潮州,2023-07-07,9328
2380,虹光,12,1,11,華南永昌-潮州,2023-07-07,9328
2457,飛宏,14,3,11,華南永昌-潮州,2023-07-07,9328
6125,廣運,14,3,11,華南永昌-潮州,2023-07-07,9328
8358,金居,12,1,11,華南永昌-潮州,2023-07-07,9328
1234,黑松,11,1,10,華南永昌-潮州,2023-07-07,9328
4564,元翎,10,0,10,華南永昌-潮州,2023-07-07,9328
8071,能率網通,10,0,10,華南永昌-潮州,2023-07-07,9328
8088,品安,11,1,10,華南永昌-潮州,2023-07-07,9328
5864,致和證,192,0,192,華南永昌-潮州,2023-07-10,9328
00929,復華台灣科技優息,112,0,112,華南永昌-潮州,2023-07-10,9328
8916,光隆,100,0,100,華南永昌-潮州,2023-07-10,9328
0056,元大高股息,101,16,85,華南永昌-潮州,2023-07-10,9328
2401,凌陽,71,0,71,華南永昌-潮州,2023-07-10,9328
00673R,期元大S＆P原油反1,55,0,55,華南永昌-潮州,2023-07-10,9328
00878,國泰永續高股息,134,85,49,華南永昌-潮州,2023-07-10,9328
2609,陽明,71,28,43,華南永昌-潮州,2023-07-10,9328
3032,偉訓,40,0,40,華南永昌-潮州,2023-07-10,9328
00919,群益台灣精選高息,39,0,39,華南永昌-潮州,2023-07-10,9328
2374,佳能,39,2,37,華南永昌-潮州,2023-07-10,9328
6733,博晟生醫,30,0,30,華南永昌-潮州,2023-07-10,9328
8034,榮群,30,0,30,華南永昌-潮州,2023-07-10,9328
5512,力麒,30,0,30,華南永昌-潮州,2023-07-10,9328
2610,華航,27,1,26,華南永昌-潮州,2023-07-10,9328
2603,長榮,33,7,26,華南永昌-潮州,2023-07-10,9328
2618,長榮航,27,5,22,華南永昌-潮州,2023-07-10,9328
1217,愛之味,21,0,21,華南永昌-潮州,2023-07-10,9328
3078,僑威,21,0,21,華南永昌-潮州,2023-07-10,9328
2106,建大,20,0,20,華南永昌-潮州,2023-07-10,9328
3704,合勤控,20,0,20,華南永昌-潮州,2023-07-10,9328
6016,康和證,22,2,20,華南永昌-潮州,2023-07-10,9328
1101,台泥,20,0,20,華南永昌-潮州,2023-07-10,9328
2883,凱基金,47,28,19,華南永昌-潮州,2023-07-10,9328
3060,銘異,21,2,19,華南永昌-潮州,2023-07-10,9328
2380,虹光,21,3,18,華南永昌-潮州,2023-07-10,9328
2880,華南金,18,0,18,華南永昌-潮州,2023-07-10,9328
2371,大同,19,3,16,華南永昌-潮州,2023-07-10,9328
00690,兆豐藍籌30,16,0,16,華南永昌-潮州,2023-07-10,9328
2419,仲琦,29,13,16,華南永昌-潮州,2023-07-10,9328
2886,兆豐金,19,3,16,華南永昌-潮州,2023-07-10,9328
00882,中信中國高股息,15,0,15,華南永昌-潮州,2023-07-10,9328
2449,京元電子,16,1,15,華南永昌-潮州,2023-07-10,9328
2881,富邦金,14,0,14,華南永昌-潮州,2023-07-10,9328
2356,英業達,19,5,14,華南永昌-潮州,2023-07-10,9328
3016,嘉晶,14,1,13,華南永昌-潮州,2023-07-10,9328
00679B,元大美債20年,12,0,12,華南永昌-潮州,2023-07-10,9328
6266,泰詠,12,0,12,華南永昌-潮州,2023-07-10,9328
00720B,元大投資級公司債,12,0,12,華南永昌-潮州,2023-07-10,9328
3014,聯陽,12,0,12,華南永昌-潮州,2023-07-10,9328
2615,萬海,45,34,11,華南永昌-潮州,2023-07-10,9328
1586,和勤,11,0,11,華南永昌-潮州,2023-07-10,9328
2406,國碩,11,0,11,華南永昌-潮州,2023-07-10,9328
3682,亞太電,10,0,10,華南永昌-潮州,2023-07-10,9328
1319,東陽,10,0,10,華南永昌-潮州,2023-07-10,9328
2611,志信,10,0,10,華南永昌-潮州,2023-07-10,9328
2701,萬企,10,0,10,華南永昌-潮州,2023-07-10,9328
2885,元大金,10,0,10,華南永昌-潮州,2023-07-10,9328
3022,威強電,10,0,10,華南永昌-潮州,2023-07-10,9328
3379,彬台,10,0,10,華南永昌-潮州,2023-07-10,9328
2618,長榮航,362,49,313,華南永昌-潮州,2023-07-11,9328
00673R,期元大S＆P原油反1,75,0,75,華南永昌-潮州,2023-07-11,9328
00904,新光臺灣半導體30,65,0,65,華南永昌-潮州,2023-07-11,9328
2340,台亞,83,25,58,華南永昌-潮州,2023-07-11,9328
5864,致和證,64,9,55,華南永昌-潮州,2023-07-11,9328
1540,喬福,50,0,50,華南永昌-潮州,2023-07-11,9328
3032,偉訓,50,0,50,華南永昌-潮州,2023-07-11,9328
6282,康舒,38,5,33,華南永昌-潮州,2023-07-11,9328
2332,友訊,38,8,30,華南永昌-潮州,2023-07-11,9328
2449,京元電子,29,1,28,華南永昌-潮州,2023-07-11,9328
2906,高林,27,0,27,華南永昌-潮州,2023-07-11,9328
3260,威剛,25,0,25,華南永昌-潮州,2023-07-11,9328
00632R,元大台灣50反1,21,0,21,華南永昌-潮州,2023-07-11,9328
5388,中磊,21,0,21,華南永昌-潮州,2023-07-11,9328
0056,元大高股息,34,14,20,華南永昌-潮州,2023-07-11,9328
3149,正達,20,0,20,華南永昌-潮州,2023-07-11,9328
2609,陽明,40,21,19,華南永昌-潮州,2023-07-11,9328
4510,高鋒,21,3,18,華南永昌-潮州,2023-07-11,9328
2371,大同,20,7,13,華南永昌-潮州,2023-07-11,9328
3379,彬台,12,0,12,華南永昌-潮州,2023-07-11,9328
2328,廣宇,11,0,11,華南永昌-潮州,2023-07-11,9328
2376,技嘉,15,4,11,華南永昌-潮州,2023-07-11,9328
3596,智易,12,1,11,華南永昌-潮州,2023-07-11,9328
4526,東台,11,0,11,華南永昌-潮州,2023-07-11,9328
5222,全訊,23,12,11,華南永昌-潮州,2023-07-11,9328
3703,欣陸,10,0,10,華南永昌-潮州,2023-07-11,9328
2349,錸德,10,0,10,華南永昌-潮州,2023-07-11,9328
2406,國碩,10,0,10,華南永昌-潮州,2023-07-11,9328
6233,旺玖,10,0,10,華南永昌-潮州,2023-07-11,9328
8027,鈦昇,10,0,10,華南永昌-潮州,2023-07-11,9328
8940,新天地,10,0,10,華南永昌-潮州,2023-07-11,9328
3114,好德,10,0,10,華南永昌-潮州,2023-07-11,9328
00900,富邦特選高股息30,10,1,9,華南永昌-潮州,2023-07-11,9328
3058,立德,11,2,9,華南永昌-潮州,2023-07-11,9328
3714,富采,9,0,9,華南永昌-潮州,2023-07-11,9328
6672,騰輝電子-KY,9,0,9,華南永昌-潮州,2023-07-11,9328
6770,力積電,20,12,8,華南永昌-潮州,2023-07-11,9328
1101,台泥,8,0,8,華南永昌-潮州,2023-07-11,9328
00720B,元大投資級公司債,8,0,8,華南永昌-潮州,2023-07-11,9328
3038,全台,8,0,8,華南永昌-潮州,2023-07-11,9328
5425,台半,10,2,8,華南永昌-潮州,2023-07-11,9328
1416,廣豐,7,0,7,華南永昌-潮州,2023-07-11,9328
1604,聲寶,7,0,7,華南永昌-潮州,2023-07-11,9328
1611,中電,7,0,7,華南永昌-潮州,2023-07-11,9328
2867,三商壽,10,3,7,華南永昌-潮州,2023-07-11,9328
00882,中信中國高股息,6,0,6,華南永昌-潮州,2023-07-11,9328
1904,正隆,6,0,6,華南永昌-潮州,2023-07-11,9328
2014,中鴻,6,0,6,華南永昌-潮州,2023-07-11,9328
2405,輔信,6,0,6,華南永昌-潮州,2023-07-11,9328
3035,智原,16,10,6,華南永昌-潮州,2023-07-11,9328
00919,群益台灣精選高息,176,36,140,華南永昌-潮州,2023-07-12,9328
6120,達運,120,33,87,華南永昌-潮州,2023-07-12,9328
2303,聯電,81,10,71,華南永昌-潮州,2023-07-12,9328
00673R,期元大S＆P原油反1,65,0,65,華南永昌-潮州,2023-07-12,9328
2323,中環,112,49,63,華南永昌-潮州,2023-07-12,9328
2603,長榮,63,21,42,華南永昌-潮州,2023-07-12,9328
5905,南仁湖,42,0,42,華南永昌-潮州,2023-07-12,9328
2609,陽明,55,20,35,華南永昌-潮州,2023-07-12,9328
2486,一詮,35,1,34,華南永昌-潮州,2023-07-12,9328
5457,宣德,37,4,33,華南永昌-潮州,2023-07-12,9328
3706,神達,66,36,30,華南永昌-潮州,2023-07-12,9328
00929,復華台灣科技優息,30,0,30,華南永昌-潮州,2023-07-12,9328
6733,博晟生醫,30,0,30,華南永昌-潮州,2023-07-12,9328
8926,台汽電,29,0,29,華南永昌-潮州,2023-07-12,9328
3289,宜特,30,1,29,華南永昌-潮州,2023-07-12,9328
3287,廣寰科,23,2,21,華南永昌-潮州,2023-07-12,9328
4526,東台,23,3,20,華南永昌-潮州,2023-07-12,9328
2481,強茂,34,15,19,華南永昌-潮州,2023-07-12,9328
3149,正達,20,1,19,華南永昌-潮州,2023-07-12,9328
2301,光寶科,32,14,18,華南永昌-潮州,2023-07-12,9328
00882,中信中國高股息,18,0,18,華南永昌-潮州,2023-07-12,9328
00687B,國泰20年美債,18,0,18,華南永昌-潮州,2023-07-12,9328
4533,協易機,27,12,15,華南永昌-潮州,2023-07-12,9328
2353,宏��,20,6,14,華南永昌-潮州,2023-07-12,9328
5608,四維航,14,0,14,華南永昌-潮州,2023-07-12,9328
6548,長科*,13,0,13,華南永昌-潮州,2023-07-12,9328
2382,廣達,28,15,13,華南永昌-潮州,2023-07-12,9328
8092,建暐,22,10,12,華南永昌-潮州,2023-07-12,9328
00679B,元大美債20年,11,0,11,華南永昌-潮州,2023-07-12,9328
2014,中鴻,11,0,11,華南永昌-潮州,2023-07-12,9328
2204,中華,11,0,11,華南永昌-潮州,2023-07-12,9328
3025,星通,14,3,11,華南永昌-潮州,2023-07-12,9328
1455,集盛,10,0,10,華南永昌-潮州,2023-07-12,9328
1513,中興電,12,2,10,華南永昌-潮州,2023-07-12,9328
1301,台塑,10,0,10,華南永昌-潮州,2023-07-12,9328
00632R,元大台灣50反1,10,0,10,華南永昌-潮州,2023-07-12,9328
00751B,元大AAA至A公司債,10,0,10,華南永昌-潮州,2023-07-12,9328
00904,新光臺灣半導體30,10,0,10,華南永昌-潮州,2023-07-12,9328
1514,亞力,10,0,10,華南永昌-潮州,2023-07-12,9328
2607,榮運,10,0,10,華南永昌-潮州,2023-07-12,9328
2611,志信,10,0,10,華南永昌-潮州,2023-07-12,9328
3363,上詮,10,0,10,華南永昌-潮州,2023-07-12,9328
4927,泰鼎-KY,10,0,10,華南永昌-潮州,2023-07-12,9328
6129,普誠,11,1,10,華南永昌-潮州,2023-07-12,9328
5439,高技,11,1,10,華南永昌-潮州,2023-07-12,9328
2312,金寶,75,66,9,華南永昌-潮州,2023-07-12,9328
3088,艾訊,9,0,9,華南永昌-潮州,2023-07-12,9328
9904,寶成,9,1,8,華南永昌-潮州,2023-07-12,9328
00905,FT臺灣Smart,8,0,8,華南永昌-潮州,2023-07-12,9328
6139,亞翔,12,4,8,華南永昌-潮州,2023-07-12,9328
0056,元大高股息,385,83,302,華南永昌-潮州,2023-07-13,9328
00929,復華台灣科技優息,133,0,133,華南永昌-潮州,2023-07-13,9328
6245,立端,111,1,110,華南永昌-潮州,2023-07-13,9328
6005,群益證,100,0,100,華南永昌-潮州,2023-07-13,9328
00905,FT臺灣Smart,82,0,82,華南永昌-潮州,2023-07-13,9328
2603,長榮,76,20,56,華南永昌-潮州,2023-07-13,9328
00720B,元大投資級公司債,51,0,51,華南永昌-潮州,2023-07-13,9328
00751B,元大AAA至A公司債,50,0,50,華南永昌-潮州,2023-07-13,9328
6274,台燿,51,2,49,華南永昌-潮州,2023-07-13,9328
3027,盛達,46,1,45,華南永昌-潮州,2023-07-13,9328
1905,華紙,42,4,38,華南永昌-潮州,2023-07-13,9328
1809,中釉,30,0,30,華南永昌-潮州,2023-07-13,9328
2356,英業達,77,54,23,華南永昌-潮州,2023-07-13,9328
00676R,富邦臺灣加權反1,30,7,23,華南永昌-潮州,2023-07-13,9328
8028,昇陽半導體,22,1,21,華南永昌-潮州,2023-07-13,9328
2337,旺宏,20,0,20,華南永昌-潮州,2023-07-13,9328
4533,協易機,24,4,20,華南永昌-潮州,2023-07-13,9328
6164,華興,20,0,20,華南永昌-潮州,2023-07-13,9328
6282,康舒,32,12,20,華南永昌-潮州,2023-07-13,9328
00930,永豐ESG低碳高息,19,0,19,華南永昌-潮州,2023-07-13,9328
2385,群光,20,1,19,華南永昌-潮州,2023-07-13,9328
5457,宣德,30,11,19,華南永昌-潮州,2023-07-13,9328
2323,中環,51,33,18,華南永昌-潮州,2023-07-13,9328
3025,星通,45,27,18,華南永昌-潮州,2023-07-13,9328
2206,三陽工業,21,4,17,華南永昌-潮州,2023-07-13,9328
00632R,元大台灣50反1,18,1,17,華南永昌-潮州,2023-07-13,9328
6118,建達,18,1,17,華南永昌-潮州,2023-07-13,9328
1314,中石化,17,0,17,華南永昌-潮州,2023-07-13,9328
1714,和桐,16,0,16,華南永昌-潮州,2023-07-13,9328
3693,營邦,16,1,15,華南永昌-潮州,2023-07-13,9328
2883,凱基金,14,0,14,華南永昌-潮州,2023-07-13,9328
3047,訊舟,14,0,14,華南永昌-潮州,2023-07-13,9328
2889,國票金,14,0,14,華南永昌-潮州,2023-07-13,9328
2353,宏��,34,21,13,華南永昌-潮州,2023-07-13,9328
2329,華泰,19,7,12,華南永昌-潮州,2023-07-13,9328
3013,晟銘電,13,1,12,華南永昌-潮州,2023-07-13,9328
2352,佳世達,21,9,12,華南永昌-潮州,2023-07-13,9328
2489,瑞軒,11,0,11,華南永昌-潮州,2023-07-13,9328
2331,精英,14,4,10,華南永昌-潮州,2023-07-13,9328
00922,國泰台灣領袖50,10,0,10,華南永昌-潮州,2023-07-13,9328
1109,信大,10,0,10,華南永昌-潮州,2023-07-13,9328
1455,集盛,10,0,10,華南永昌-潮州,2023-07-13,9328
2208,台船,10,0,10,華南永昌-潮州,2023-07-13,9328
2734,易飛網,10,0,10,華南永昌-潮州,2023-07-13,9328
2845,遠東銀,10,0,10,華南永昌-潮州,2023-07-13,9328
2867,三商壽,10,0,10,華南永昌-潮州,2023-07-13,9328
2890,永豐金,10,0,10,華南永昌-潮州,2023-07-13,9328
4414,如興,10,0,10,華南永昌-潮州,2023-07-13,9328
5309,系統電,10,0,10,華南永昌-潮州,2023-07-13,9328
6197,佳必琪,10,0,10,華南永昌-潮州,2023-07-13,9328
2303,聯電,268,31,237,華南永昌-潮州,2023-07-14,9328
2610,華航,173,15,158,華南永昌-潮州,2023-07-14,9328
2603,長榮,114,7,107,華南永昌-潮州,2023-07-14,9328
2618,長榮航,130,44,86,華南永昌-潮州,2023-07-14,9328
2328,廣宇,112,55,57,華南永昌-潮州,2023-07-14,9328
6116,彩晶,56,0,56,華南永昌-潮州,2023-07-14,9328
4414,如興,65,10,55,華南永昌-潮州,2023-07-14,9328
5864,致和證,65,10,55,華南永昌-潮州,2023-07-14,9328
0056,元大高股息,155,106,49,華南永昌-潮州,2023-07-14,9328
00929,復華台灣科技優息,47,0,47,華南永昌-潮州,2023-07-14,9328
00673R,期元大S＆P原油反1,44,0,44,華南永昌-潮州,2023-07-14,9328
1471,首利,47,8,39,華南永昌-潮州,2023-07-14,9328
00632R,元大台灣50反1,37,0,37,華南永昌-潮州,2023-07-14,9328
2867,三商壽,34,0,34,華南永昌-潮州,2023-07-14,9328
2382,廣達,59,28,31,華南永昌-潮州,2023-07-14,9328
9919,康那香,36,10,26,華南永昌-潮州,2023-07-14,9328
6188,廣明,32,7,25,華南永昌-潮州,2023-07-14,9328
2630,亞航,29,4,25,華南永昌-潮州,2023-07-14,9328
2401,凌陽,21,1,20,華南永昌-潮州,2023-07-14,9328
3027,盛達,20,0,20,華南永昌-潮州,2023-07-14,9328
4744,皇將,20,0,20,華南永昌-潮州,2023-07-14,9328
00712,復華富時不動產,34,14,20,華南永昌-潮州,2023-07-14,9328
8028,昇陽半導體,20,2,18,華南永昌-潮州,2023-07-14,9328
2609,陽明,39,23,16,華南永昌-潮州,2023-07-14,9328
00882,中信中國高股息,16,1,15,華南永昌-潮州,2023-07-14,9328
3362,先進光,23,8,15,華南永昌-潮州,2023-07-14,9328
2498,宏達電,15,1,14,華南永昌-潮州,2023-07-14,9328
1605,華新,16,2,14,華南永昌-潮州,2023-07-14,9328
00720B,元大投資級公司債,12,0,12,華南永昌-潮州,2023-07-14,9328
2887,台新金,12,1,11,華南永昌-潮州,2023-07-14,9328
2371,大同,18,8,10,華南永昌-潮州,2023-07-14,9328
8926,台汽電,10,0,10,華南永昌-潮州,2023-07-14,9328
1109,信大,10,0,10,華南永昌-潮州,2023-07-14,9328
020022,元大電動車N,10,0,10,華南永昌-潮州,2023-07-14,9328
1709,和益,10,0,10,華南永昌-潮州,2023-07-14,9328
2913,農林,10,0,10,華南永昌-潮州,2023-07-14,9328
3105,穩懋,10,0,10,華南永昌-潮州,2023-07-14,9328
3479,安勤,10,0,10,華南永昌-潮州,2023-07-14,9328
5388,中磊,10,0,10,華南永昌-潮州,2023-07-14,9328
6207,雷科,10,0,10,華南永昌-潮州,2023-07-14,9328
6235,華孚,31,21,10,華南永昌-潮州,2023-07-14,9328
8054,安國,10,0,10,華南永昌-潮州,2023-07-14,9328
3032,偉訓,10,1,9,華南永昌-潮州,2023-07-14,9328
2329,華泰,21,13,8,華南永昌-潮州,2023-07-14,9328
3325,旭品,8,0,8,華南永昌-潮州,2023-07-14,9328
5426,振發,10,2,8,華南永昌-潮州,2023-07-14,9328
1720,生達,7,0,7,華南永昌-潮州,2023-07-14,9328
2449,京元電子,11,4,7,華南永昌-潮州,2023-07-14,9328
3062,建漢,13,6,7,華南永昌-潮州,2023-07-14,9328
3706,神達,7,0,7,華南永昌-潮州,2023-07-14,9328
2834,臺企銀,103,10,93,華南永昌-潮州,2023-07-17,9328
2610,華航,88,8,80,華南永昌-潮州,2023-07-17,9328
00929,復華台灣科技優息,67,0,67,華南永昌-潮州,2023-07-17,9328
0056,元大高股息,222,163,59,華南永昌-潮州,2023-07-17,9328
00712,復華富時不動產,60,5,55,華南永昌-潮州,2023-07-17,9328
2449,京元電子,94,51,43,華南永昌-潮州,2023-07-17,9328
2887,台新金,44,0,44,華南永昌-潮州,2023-07-17,9328
2618,長榮航,56,15,41,華南永昌-潮州,2023-07-17,9328
00637L,元大滬深300正2,40,0,40,華南永昌-潮州,2023-07-17,9328
2867,三商壽,40,0,40,華南永昌-潮州,2023-07-17,9328
2603,長榮,48,10,38,華南永昌-潮州,2023-07-17,9328
2401,凌陽,29,3,26,華南永昌-潮州,2023-07-17,9328
2356,英業達,49,27,22,華南永昌-潮州,2023-07-17,9328
3037,欣興,22,0,22,華南永昌-潮州,2023-07-17,9328
2317,鴻海,27,6,21,華南永昌-潮州,2023-07-17,9328
6191,精成科,24,4,20,華南永昌-潮州,2023-07-17,9328
2330,台積電,20,0,20,華南永昌-潮州,2023-07-17,9328
3231,緯創,24,4,20,華南永昌-潮州,2023-07-17,9328
2355,敬鵬,21,2,19,華南永昌-潮州,2023-07-17,9328
5425,台半,22,5,17,華南永昌-潮州,2023-07-17,9328
2882,國泰金,30,14,16,華南永昌-潮州,2023-07-17,9328
3035,智原,24,8,16,華南永昌-潮州,2023-07-17,9328
00725B,國泰投資級公司債,16,0,16,華南永昌-潮州,2023-07-17,9328
3380,明泰,42,26,16,華南永昌-潮州,2023-07-17,9328
00713,元大台灣高息低波,20,5,15,華南永昌-潮州,2023-07-17,9328
2332,友訊,28,14,14,華南永昌-潮州,2023-07-17,9328
2363,矽統,15,1,14,華南永昌-潮州,2023-07-17,9328
4532,瑞智,17,3,14,華南永昌-潮州,2023-07-17,9328
2368,金像電,19,6,13,華南永昌-潮州,2023-07-17,9328
6235,華孚,26,13,13,華南永昌-潮州,2023-07-17,9328
1229,聯華,13,0,13,華南永昌-潮州,2023-07-17,9328
6188,廣明,14,2,12,華南永昌-潮州,2023-07-17,9328
00679B,元大美債20年,11,0,11,華南永昌-潮州,2023-07-17,9328
2609,陽明,20,9,11,華南永昌-潮州,2023-07-17,9328
8341,日友,11,1,10,華南永昌-潮州,2023-07-17,9328
00922,國泰台灣領袖50,10,0,10,華南永昌-潮州,2023-07-17,9328
020022,元大電動車N,10,0,10,華南永昌-潮州,2023-07-17,9328
2406,國碩,10,0,10,華南永昌-潮州,2023-07-17,9328
6605,帝寶,10,0,10,華南永昌-潮州,2023-07-17,9328
8027,鈦昇,10,0,10,華南永昌-潮州,2023-07-17,9328
8034,榮群,10,0,10,華南永昌-潮州,2023-07-17,9328
2465,麗臺,12,3,9,華南永昌-潮州,2023-07-17,9328
3149,正達,10,1,9,華南永昌-潮州,2023-07-17,9328
1604,聲寶,8,0,8,華南永昌-潮州,2023-07-17,9328
3346,麗清,8,0,8,華南永昌-潮州,2023-07-17,9328
6190,萬泰科,13,5,8,華南永昌-潮州,2023-07-17,9328
2371,大同,23,15,8,華南永昌-潮州,2023-07-17,9328
2468,華經,7,0,7,華南永昌-潮州,2023-07-17,9328
2612,中航,7,0,7,華南永昌-潮州,2023-07-17,9328
3402,漢科,7,0,7,華南永昌-潮州,2023-07-17,9328
00929,復華台灣科技優息,190,1,189,華南永昌-潮州,2023-07-18,9328
2353,宏��,215,49,166,華南永昌-潮州,2023-07-18,9328
6285,啟��,111,7,104,華南永昌-潮州,2023-07-18,9328
2883,凱基金,104,2,102,華南永昌-潮州,2023-07-18,9328
00882,中信中國高股息,117,18,99,華南永昌-潮州,2023-07-18,9328
2356,英業達,194,108,86,華南永昌-潮州,2023-07-18,9328
2352,佳世達,130,68,62,華南永昌-潮州,2023-07-18,9328
9105,泰金寶-DR,69,10,59,華南永昌-潮州,2023-07-18,9328
2324,仁寶,111,52,59,華南永昌-潮州,2023-07-18,9328
2312,金寶,219,164,55,華南永昌-潮州,2023-07-18,9328
4938,和碩,94,44,50,華南永昌-潮州,2023-07-18,9328
3706,神達,88,41,47,華南永昌-潮州,2023-07-18,9328
2515,中工,46,0,46,華南永昌-潮州,2023-07-18,9328
3305,昇貿,48,2,46,華南永昌-潮州,2023-07-18,9328
2449,京元電子,48,7,41,華南永昌-潮州,2023-07-18,9328
1907,永豐餘,36,3,33,華南永昌-潮州,2023-07-18,9328
5469,瀚宇博,44,11,33,華南永昌-潮州,2023-07-18,9328
2610,華航,61,30,31,華南永昌-潮州,2023-07-18,9328
3694,海華,52,21,31,華南永昌-潮州,2023-07-18,9328
2481,強茂,35,5,30,華南永昌-潮州,2023-07-18,9328
2634,漢翔,34,7,27,華南永昌-潮州,2023-07-18,9328
6282,康舒,56,30,26,華南永昌-潮州,2023-07-18,9328
2332,友訊,44,22,22,華南永昌-潮州,2023-07-18,9328
00722B,群益投資級電信債,21,0,21,華南永昌-潮州,2023-07-18,9328
5608,四維航,20,0,20,華南永昌-潮州,2023-07-18,9328
1605,華新,20,1,19,華南永昌-潮州,2023-07-18,9328
3176,基亞,19,0,19,華南永昌-潮州,2023-07-18,9328
00878,國泰永續高股息,133,114,19,華南永昌-潮州,2023-07-18,9328
1514,亞力,48,30,18,華南永昌-潮州,2023-07-18,9328
2734,易飛網,19,2,17,華南永昌-潮州,2023-07-18,9328
4533,協易機,17,0,17,華南永昌-潮州,2023-07-18,9328
3149,正達,17,1,16,華南永昌-潮州,2023-07-18,9328
2402,毅嘉,16,1,15,華南永昌-潮州,2023-07-18,9328
3711,日月光投控,18,3,15,華南永昌-潮州,2023-07-18,9328
8358,金居,17,2,15,華南永昌-潮州,2023-07-18,9328
3033,威健,14,0,14,華南永昌-潮州,2023-07-18,9328
00632R,元大台灣50反1,14,0,14,華南永昌-潮州,2023-07-18,9328
1611,中電,15,1,14,華南永昌-潮州,2023-07-18,9328
3673,TPK-KY,14,0,14,華南永昌-潮州,2023-07-18,9328
6124,業強,14,0,14,華南永昌-潮州,2023-07-18,9328
2313,華通,20,7,13,華南永昌-潮州,2023-07-18,9328
3057,喬鼎,16,3,13,華南永昌-潮州,2023-07-18,9328
2329,華泰,67,55,12,華南永昌-潮州,2023-07-18,9328
3038,全台,12,0,12,華南永昌-潮州,2023-07-18,9328
3306,鼎天,12,0,12,華南永昌-潮州,2023-07-18,9328
00715L,期街口布蘭特正2,12,0,12,華南永昌-潮州,2023-07-18,9328
4157,太景*-KY,12,0,12,華南永昌-潮州,2023-07-18,9328
6188,廣明,41,29,12,華南永昌-潮州,2023-07-18,9328
3027,盛達,14,3,11,華南永昌-潮州,2023-07-18,9328
2419,仲琦,22,11,11,華南永昌-潮州,2023-07-18,9328
00929,復華台灣科技優息,119,0,119,華南永昌-潮州,2023-07-19,9328
2515,中工,110,0,110,華南永昌-潮州,2023-07-19,9328
2610,華航,119,22,97,華南永昌-潮州,2023-07-19,9328
2329,華泰,89,10,79,華南永昌-潮州,2023-07-19,9328
00882,中信中國高股息,48,1,47,華南永昌-潮州,2023-07-19,9328
0056,元大高股息,73,28,45,華南永昌-潮州,2023-07-19,9328
6235,華孚,55,17,38,華南永昌-潮州,2023-07-19,9328
3706,神達,63,31,32,華南永昌-潮州,2023-07-19,9328
2324,仁寶,60,29,31,華南永昌-潮州,2023-07-19,9328
4938,和碩,36,11,25,華南永昌-潮州,2023-07-19,9328
2880,華南金,22,0,22,華南永昌-潮州,2023-07-19,9328
2355,敬鵬,27,5,22,華南永昌-潮州,2023-07-19,9328
2603,長榮,34,12,22,華南永昌-潮州,2023-07-19,9328
5302,太欣,21,0,21,華南永昌-潮州,2023-07-19,9328
6477,安集,21,0,21,華南永昌-潮州,2023-07-19,9328
6244,茂迪,20,0,20,華南永昌-潮州,2023-07-19,9328
00637L,元大滬深300正2,20,0,20,華南永昌-潮州,2023-07-19,9328
2427,三商電,20,1,19,華南永昌-潮州,2023-07-19,9328
2882,國泰金,19,1,18,華南永昌-潮州,2023-07-19,9328
2890,永豐金,18,1,17,華南永昌-潮州,2023-07-19,9328
2618,長榮航,19,3,16,華南永昌-潮州,2023-07-19,9328
00673R,期元大S＆P原油反1,15,0,15,華南永昌-潮州,2023-07-19,9328
4746,台耀,19,5,14,華南永昌-潮州,2023-07-19,9328
00900,富邦特選高股息30,16,3,13,華南永昌-潮州,2023-07-19,9328
2634,漢翔,28,15,13,華南永昌-潮州,2023-07-19,9328
00878,國泰永續高股息,90,77,13,華南永昌-潮州,2023-07-19,9328
2883,凱基金,23,11,12,華南永昌-潮州,2023-07-19,9328
1513,中興電,12,1,11,華南永昌-潮州,2023-07-19,9328
2401,凌陽,12,1,11,華南永昌-潮州,2023-07-19,9328
6190,萬泰科,11,0,11,華南永昌-潮州,2023-07-19,9328
3189,景碩,13,2,11,華南永昌-潮州,2023-07-19,9328
00640L,富邦日本正2,10,0,10,華南永昌-潮州,2023-07-19,9328
1905,華紙,12,2,10,華南永昌-潮州,2023-07-19,9328
2801,彰銀,10,0,10,華南永昌-潮州,2023-07-19,9328
2867,三商壽,10,0,10,華南永昌-潮州,2023-07-19,9328
5225,東科-KY,10,0,10,華南永昌-潮州,2023-07-19,9328
8390,金益鼎,10,0,10,華南永昌-潮州,2023-07-19,9328
4123,晟德,16,6,10,華南永昌-潮州,2023-07-19,9328
1611,中電,10,1,9,華南永昌-潮州,2023-07-19,9328
3149,正達,15,6,9,華南永昌-潮州,2023-07-19,9328
5213,亞昕,10,1,9,華南永昌-潮州,2023-07-19,9328
6150,撼訊,10,1,9,華南永昌-潮州,2023-07-19,9328
1609,大亞,12,3,9,華南永昌-潮州,2023-07-19,9328
6282,康舒,64,56,8,華南永昌-潮州,2023-07-19,9328
00919,群益台灣精選高息,83,75,8,華南永昌-潮州,2023-07-19,9328
2206,三陽工業,9,1,8,華南永昌-潮州,2023-07-19,9328
3338,泰碩,8,0,8,華南永昌-潮州,2023-07-19,9328
3363,上詮,21,13,8,華南永昌-潮州,2023-07-19,9328
6182,合晶,22,14,8,華南永昌-潮州,2023-07-19,9328
8358,金居,10,3,7,華南永昌-潮州,2023-07-19,9328
00930,永豐ESG低碳高息,235,0,235,華南永昌-潮州,2023-07-20,9328
2883,凱基金,105,5,100,華南永昌-潮州,2023-07-20,9328
2436,偉詮電,82,1,81,華南永昌-潮州,2023-07-20,9328
2303,聯電,62,6,56,華南永昌-潮州,2023-07-20,9328
1217,愛之味,51,0,51,華南永昌-潮州,2023-07-20,9328
00929,復華台灣科技優息,44,3,41,華南永昌-潮州,2023-07-20,9328
2324,仁寶,48,14,34,華南永昌-潮州,2023-07-20,9328
2323,中環,36,2,34,華南永昌-潮州,2023-07-20,9328
2103,台橡,33,0,33,華南永昌-潮州,2023-07-20,9328
1789,神隆,33,1,32,華南永昌-潮州,2023-07-20,9328
8409,商之器,37,5,32,華南永昌-潮州,2023-07-20,9328
3264,欣銓,27,1,26,華南永昌-潮州,2023-07-20,9328
2206,三陽工業,30,7,23,華南永昌-潮州,2023-07-20,9328
2344,華邦電,23,0,23,華南永昌-潮州,2023-07-20,9328
4938,和碩,25,3,22,華南永昌-潮州,2023-07-20,9328
3231,緯創,23,2,21,華南永昌-潮州,2023-07-20,9328
6505,台塑化,20,0,20,華南永昌-潮州,2023-07-20,9328
1608,華榮,20,0,20,華南永昌-潮州,2023-07-20,9328
00712,復華富時不動產,21,6,15,華南永昌-潮州,2023-07-20,9328
3032,偉訓,17,3,14,華南永昌-潮州,2023-07-20,9328
1529,樂事綠能,25,11,14,華南永昌-潮州,2023-07-20,9328
6472,保瑞,17,3,14,華南永昌-潮州,2023-07-20,9328
2353,宏��,35,22,13,華南永昌-潮州,2023-07-20,9328
1313,聯成,12,0,12,華南永昌-潮州,2023-07-20,9328
1618,合機,15,3,12,華南永昌-潮州,2023-07-20,9328
2317,鴻海,12,1,11,華南永昌-潮州,2023-07-20,9328
6442,光聖,12,1,11,華南永昌-潮州,2023-07-20,9328
4543,萬在,10,0,10,華南永昌-潮州,2023-07-20,9328
00881,國泰台灣5G+,10,0,10,華南永昌-潮州,2023-07-20,9328
00897,富邦基因免疫生技,10,0,10,華南永昌-潮州,2023-07-20,9328
2855,統一證,10,0,10,華南永昌-潮州,2023-07-20,9328
4114,健喬,10,0,10,華南永昌-潮州,2023-07-20,9328
3706,神達,19,10,9,華南永昌-潮州,2023-07-20,9328
1102,亞泥,9,0,9,華南永昌-潮州,2023-07-20,9328
3027,盛達,9,0,9,華南永昌-潮州,2023-07-20,9328
4930,燦星網,9,0,9,華南永昌-潮州,2023-07-20,9328
2382,廣達,24,15,9,華南永昌-潮州,2023-07-20,9328
2340,台亞,10,2,8,華南永昌-潮州,2023-07-20,9328
2461,光群雷,22,14,8,華南永昌-潮州,2023-07-20,9328
3481,群創,17,9,8,華南永昌-潮州,2023-07-20,9328
8021,尖點,9,1,8,華南永昌-潮州,2023-07-20,9328
6120,達運,8,1,7,華南永昌-潮州,2023-07-20,9328
2204,中華,6,0,6,華南永昌-潮州,2023-07-20,9328
00720B,元大投資級公司債,10,4,6,華南永昌-潮州,2023-07-20,9328
2425,承啟,6,0,6,華南永昌-潮州,2023-07-20,9328
3205,佰研,9,3,6,華南永昌-潮州,2023-07-20,9328
3694,海華,7,1,6,華南永昌-潮州,2023-07-20,9328
3704,合勤控,6,0,6,華南永昌-潮州,2023-07-20,9328
6770,力積電,9,3,6,華南永昌-潮州,2023-07-20,9328
4153,鈺緯,6,0,6,華南永昌-潮州,2023-07-20,9328
00930,永豐ESG低碳高息,235,0,235,華南永昌-潮州,2023-07-21,9328
2405,輔信,117,12,105,華南永昌-潮州,2023-07-21,9328
4919,新唐,89,0,89,華南永昌-潮州,2023-07-21,9328
1513,中興電,101,39,62,華南永昌-潮州,2023-07-21,9328
5864,致和證,58,0,58,華南永昌-潮州,2023-07-21,9328
00673R,期元大S＆P原油反1,55,0,55,華南永昌-潮州,2023-07-21,9328
2344,華邦電,77,23,54,華南永昌-潮州,2023-07-21,9328
1795,美時,46,4,42,華南永昌-潮州,2023-07-21,9328
00929,復華台灣科技優息,59,23,36,華南永昌-潮州,2023-07-21,9328
1905,華紙,35,0,35,華南永昌-潮州,2023-07-21,9328
2317,鴻海,52,20,32,華南永昌-潮州,2023-07-21,9328
00712,復華富時不動產,31,0,31,華南永昌-潮州,2023-07-21,9328
2313,華通,30,1,29,華南永昌-潮州,2023-07-21,9328
2382,廣達,50,28,22,華南永昌-潮州,2023-07-21,9328
2002,中鋼,21,1,20,華南永昌-潮州,2023-07-21,9328
6282,康舒,20,0,20,華南永昌-潮州,2023-07-21,9328
8358,金居,18,0,18,華南永昌-潮州,2023-07-21,9328
6770,力積電,18,2,16,華南永昌-潮州,2023-07-21,9328
2867,三商壽,15,0,15,華南永昌-潮州,2023-07-21,9328
00919,群益台灣精選高息,15,2,13,華南永昌-潮州,2023-07-21,9328
2515,中工,13,0,13,華南永昌-潮州,2023-07-21,9328
2208,台船,12,0,12,華南永昌-潮州,2023-07-21,9328
5340,建榮,14,2,12,華南永昌-潮州,2023-07-21,9328
5425,台半,12,0,12,華南永昌-潮州,2023-07-21,9328
3037,欣興,19,7,12,華南永昌-潮州,2023-07-21,9328
1101,台泥,11,0,11,華南永昌-潮州,2023-07-21,9328
2206,三陽工業,23,12,11,華南永昌-潮州,2023-07-21,9328
2330,台積電,15,4,11,華南永昌-潮州,2023-07-21,9328
3682,亞太電,11,0,11,華南永昌-潮州,2023-07-21,9328
2610,華航,22,11,11,華南永昌-潮州,2023-07-21,9328
6197,佳必琪,10,0,10,華南永昌-潮州,2023-07-21,9328
00772B,中信高評級公司債,10,0,10,華南永昌-潮州,2023-07-21,9328
2328,廣宇,17,7,10,華南永昌-潮州,2023-07-21,9328
2702,華園,10,0,10,華南永昌-潮州,2023-07-21,9328
2022,聚亨,9,0,9,華南永昌-潮州,2023-07-21,9328
2481,強茂,12,3,9,華南永昌-潮州,2023-07-21,9328
1102,亞泥,8,0,8,華南永昌-潮州,2023-07-21,9328
6182,合晶,8,0,8,華南永昌-潮州,2023-07-21,9328
6120,達運,14,6,8,華南永昌-潮州,2023-07-21,9328
2314,台揚,9,2,7,華南永昌-潮州,2023-07-21,9328
2892,第一金,7,0,7,華南永昌-潮州,2023-07-21,9328
3055,蔚華科,12,5,7,華南永昌-潮州,2023-07-21,9328
6158,禾昌,10,3,7,華南永昌-潮州,2023-07-21,9328
3105,穩懋,6,0,6,華南永昌-潮州,2023-07-21,9328
2882,國泰金,6,0,6,華南永昌-潮州,2023-07-21,9328
00903,富邦元宇宙,6,0,6,華南永昌-潮州,2023-07-21,9328
2468,華經,6,0,6,華南永昌-潮州,2023-07-21,9328
4973,廣穎,6,0,6,華南永昌-潮州,2023-07-21,9328
4977,眾達-KY,6,0,6,華南永昌-潮州,2023-07-21,9328
6188,廣明,24,18,6,華南永昌-潮州,2023-07-21,9328
00919,群益台灣精選高息,315,0,315,華南永昌-潮州,2023-07-24,9328
4768,晶呈科技,68,0,68,華南永昌-潮州,2023-07-24,9328
00892,富邦台灣半導體,75,10,65,華南永昌-潮州,2023-07-24,9328
4533,協易機,50,1,49,華南永昌-潮州,2023-07-24,9328
00929,復華台灣科技優息,55,10,45,華南永昌-潮州,2023-07-24,9328
1609,大亞,66,22,44,華南永昌-潮州,2023-07-24,9328
5864,致和證,72,31,41,華南永昌-潮州,2023-07-24,9328
8222,寶一,30,0,30,華南永昌-潮州,2023-07-24,9328
00687B,國泰20年美債,30,0,30,華南永昌-潮州,2023-07-24,9328
2734,易飛網,30,0,30,華南永昌-潮州,2023-07-24,9328
2409,友達,33,4,29,華南永昌-潮州,2023-07-24,9328
2461,光群雷,32,6,26,華南永昌-潮州,2023-07-24,9328
00637L,元大滬深300正2,30,10,20,華南永昌-潮州,2023-07-24,9328
2611,志信,20,0,20,華南永昌-潮州,2023-07-24,9328
2405,輔信,21,3,18,華南永昌-潮州,2023-07-24,9328
2353,宏��,109,91,18,華南永昌-潮州,2023-07-24,9328
6112,邁達特,18,2,16,華南永昌-潮州,2023-07-24,9328
2489,瑞軒,15,0,15,華南永昌-潮州,2023-07-24,9328
3231,緯創,21,8,13,華南永昌-潮州,2023-07-24,9328
2609,陽明,16,3,13,華南永昌-潮州,2023-07-24,9328
6770,力積電,13,0,13,華南永昌-潮州,2023-07-24,9328
1217,愛之味,16,3,13,華南永昌-潮州,2023-07-24,9328
3706,神達,33,20,13,華南永昌-潮州,2023-07-24,9328
3006,晶豪科,13,1,12,華南永昌-潮州,2023-07-24,9328
2886,兆豐金,11,0,11,華南永昌-潮州,2023-07-24,9328
1802,台玻,11,0,11,華南永昌-潮州,2023-07-24,9328
1314,中石化,11,0,11,華南永昌-潮州,2023-07-24,9328
2637,慧洋-KY,11,0,11,華南永昌-潮州,2023-07-24,9328
5258,虹堡,16,5,11,華南永昌-潮州,2023-07-24,9328
4114,健喬,11,0,11,華南永昌-潮州,2023-07-24,9328
5452,佶優,12,2,10,華南永昌-潮州,2023-07-24,9328
3041,揚智,10,0,10,華南永昌-潮州,2023-07-24,9328
00773B,中信優先金融債,10,0,10,華南永昌-潮州,2023-07-24,9328
2889,國票金,10,0,10,華南永昌-潮州,2023-07-24,9328
00712,復華富時不動產,10,0,10,華南永昌-潮州,2023-07-24,9328
00725B,國泰投資級公司債,10,0,10,華南永昌-潮州,2023-07-24,9328
1464,得力,10,0,10,華南永昌-潮州,2023-07-24,9328
2606,裕民,10,0,10,華南永昌-潮州,2023-07-24,9328
2617,台航,10,0,10,華南永昌-潮州,2023-07-24,9328
3338,泰碩,13,3,10,華南永昌-潮州,2023-07-24,9328
6120,達運,21,11,10,華南永昌-潮州,2023-07-24,9328
8358,金居,14,4,10,華南永昌-潮州,2023-07-24,9328
1905,華紙,42,32,10,華南永昌-潮州,2023-07-24,9328
4743,合一,9,0,9,華南永昌-潮州,2023-07-24,9328
2022,聚亨,9,0,9,華南永昌-潮州,2023-07-24,9328
1472,三洋實業,11,2,9,華南永昌-潮州,2023-07-24,9328
2316,楠梓電,11,2,9,華南永昌-潮州,2023-07-24,9328
2504,國產,10,1,9,華南永昌-潮州,2023-07-24,9328
3038,全台,10,1,9,華南永昌-潮州,2023-07-24,9328
2303,聯電,13,4,9,華南永昌-潮州,2023-07-24,9328
0056,元大高股息,241,27,214,華南永昌-潮州,2023-07-25,9328
1905,華紙,243,86,157,華南永昌-潮州,2023-07-25,9328
00878,國泰永續高股息,167,34,133,華南永昌-潮州,2023-07-25,9328
00929,復華台灣科技優息,115,0,115,華南永昌-潮州,2023-07-25,9328
3014,聯陽,44,0,44,華南永昌-潮州,2023-07-25,9328
2887,台新金,42,1,41,華南永昌-潮州,2023-07-25,9328
2883,凱基金,57,20,37,華南永昌-潮州,2023-07-25,9328
8222,寶一,35,2,33,華南永昌-潮州,2023-07-25,9328
00673R,期元大S＆P原油反1,31,0,31,華南永昌-潮州,2023-07-25,9328
8409,商之器,27,2,25,華南永昌-潮州,2023-07-25,9328
00670L,富邦NASDAQ正2,22,0,22,華南永昌-潮州,2023-07-25,9328
5443,均豪,26,5,21,華南永昌-潮州,2023-07-25,9328
6214,精誠,21,1,20,華南永昌-潮州,2023-07-25,9328
2356,英業達,26,9,17,華南永昌-潮州,2023-07-25,9328
3338,泰碩,32,15,17,華南永昌-潮州,2023-07-25,9328
4919,新唐,19,2,17,華南永昌-潮州,2023-07-25,9328
2421,建準,34,17,17,華南永昌-潮州,2023-07-25,9328
2301,光寶科,33,17,16,華南永昌-潮州,2023-07-25,9328
2461,光群雷,17,3,14,華南永昌-潮州,2023-07-25,9328
3596,智易,15,1,14,華南永昌-潮州,2023-07-25,9328
3013,晟銘電,13,0,13,華南永昌-潮州,2023-07-25,9328
6770,力積電,21,8,13,華南永昌-潮州,2023-07-25,9328
5475,德宏,13,0,13,華南永昌-潮州,2023-07-25,9328
2357,華碩,26,14,12,華南永昌-潮州,2023-07-25,9328
2609,陽明,17,5,12,華南永昌-潮州,2023-07-25,9328
00712,復華富時不動產,15,4,11,華南永昌-潮州,2023-07-25,9328
00795B,中信美國公債20年,11,0,11,華南永昌-潮州,2023-07-25,9328
2481,強茂,11,0,11,華南永昌-潮州,2023-07-25,9328
6120,達運,13,2,11,華南永昌-潮州,2023-07-25,9328
2328,廣宇,43,33,10,華南永昌-潮州,2023-07-25,9328
3714,富采,10,0,10,華南永昌-潮州,2023-07-25,9328
00632R,元大台灣50反1,10,0,10,華南永昌-潮州,2023-07-25,9328
00688L,國泰20年美債正2,10,0,10,華南永昌-潮州,2023-07-25,9328
2601,益航,10,0,10,華南永昌-潮州,2023-07-25,9328
2855,統一證,10,0,10,華南永昌-潮州,2023-07-25,9328
4108,懷特,12,2,10,華南永昌-潮州,2023-07-25,9328
2458,義隆,10,0,10,華南永昌-潮州,2023-07-25,9328
3711,日月光投控,10,1,9,華南永昌-潮州,2023-07-25,9328
2888,新光金,12,4,8,華南永昌-潮州,2023-07-25,9328
00679B,元大美債20年,8,0,8,華南永昌-潮州,2023-07-25,9328
3702,大聯大,8,0,8,華南永昌-潮州,2023-07-25,9328
2323,中環,10,2,8,華南永昌-潮州,2023-07-25,9328
2371,大同,8,0,8,華南永昌-潮州,2023-07-25,9328
3564,其陽,8,0,8,華南永昌-潮州,2023-07-25,9328
6133,金橋,8,0,8,華南永昌-潮州,2023-07-25,9328
6139,亞翔,11,3,8,華南永昌-潮州,2023-07-25,9328
2603,長榮,8,0,8,華南永昌-潮州,2023-07-25,9328
8926,台汽電,7,0,7,華南永昌-潮州,2023-07-25,9328
2204,中華,8,1,7,華南永昌-潮州,2023-07-25,9328
00687B,國泰20年美債,7,0,7,華南永昌-潮州,2023-07-25,9328
00919,群益台灣精選高息,152,0,152,華南永昌-潮州,2023-07-26,9328
6016,康和證,140,1,139,華南永昌-潮州,2023-07-26,9328
00929,復華台灣科技優息,87,0,87,華南永昌-潮州,2023-07-26,9328
2409,友達,93,26,67,華南永昌-潮州,2023-07-26,9328
1905,華紙,83,16,67,華南永昌-潮州,2023-07-26,9328
00673R,期元大S＆P原油反1,50,0,50,華南永昌-潮州,2023-07-26,9328
2312,金寶,90,45,45,華南永昌-潮州,2023-07-26,9328
6125,廣運,47,6,41,華南永昌-潮州,2023-07-26,9328
6282,康舒,53,19,34,華南永昌-潮州,2023-07-26,9328
2344,華邦電,33,2,31,華南永昌-潮州,2023-07-26,9328
00878,國泰永續高股息,38,7,31,華南永昌-潮州,2023-07-26,9328
3481,群創,55,25,30,華南永昌-潮州,2023-07-26,9328
1504,東元,73,43,30,華南永昌-潮州,2023-07-26,9328
00930,永豐ESG低碳高息,25,0,25,華南永昌-潮州,2023-07-26,9328
6733,博晟生醫,25,0,25,華南永昌-潮州,2023-07-26,9328
0056,元大高股息,110,85,25,華南永昌-潮州,2023-07-26,9328
2883,凱基金,30,8,22,華南永昌-潮州,2023-07-26,9328
3059,華晶科,23,1,22,華南永昌-潮州,2023-07-26,9328
1447,力鵬,20,0,20,華南永昌-潮州,2023-07-26,9328
5483,中美晶,20,2,18,華南永昌-潮州,2023-07-26,9328
2356,英業達,21,4,17,華南永昌-潮州,2023-07-26,9328
2359,所羅門,47,31,16,華南永昌-潮州,2023-07-26,9328
8234,新漢,17,1,16,華南永昌-潮州,2023-07-26,9328
6188,廣明,33,17,16,華南永昌-潮州,2023-07-26,9328
8086,宏捷科,18,3,15,華南永昌-潮州,2023-07-26,9328
2323,中環,13,0,13,華南永昌-潮州,2023-07-26,9328
1522,堤維西,13,0,13,華南永昌-潮州,2023-07-26,9328
2399,映泰,13,0,13,華南永昌-潮州,2023-07-26,9328
5258,虹堡,17,4,13,華南永昌-潮州,2023-07-26,9328
1229,聯華,15,3,12,華南永昌-潮州,2023-07-26,9328
1618,合機,31,19,12,華南永昌-潮州,2023-07-26,9328
1727,中華化,12,0,12,華南永昌-潮州,2023-07-26,9328
4564,元翎,12,0,12,華南永昌-潮州,2023-07-26,9328
2303,聯電,17,6,11,華南永昌-潮州,2023-07-26,9328
1609,大亞,14,3,11,華南永昌-潮州,2023-07-26,9328
6271,同欣電,10,0,10,華南永昌-潮州,2023-07-26,9328
3022,威強電,10,0,10,華南永昌-潮州,2023-07-26,9328
3141,晶宏,10,0,10,華南永昌-潮州,2023-07-26,9328
3338,泰碩,14,4,10,華南永昌-潮州,2023-07-26,9328
3682,亞太電,10,0,10,華南永昌-潮州,2023-07-26,9328
3686,達能,10,0,10,華南永昌-潮州,2023-07-26,9328
6120,達運,11,1,10,華南永昌-潮州,2023-07-26,9328
8021,尖點,10,0,10,華南永昌-潮州,2023-07-26,9328
2002,中鋼,16,7,9,華南永昌-潮州,2023-07-26,9328
4523,永彰,9,0,9,華南永昌-潮州,2023-07-26,9328
6116,彩晶,15,6,9,華南永昌-潮州,2023-07-26,9328
2634,漢翔,9,1,8,華南永昌-潮州,2023-07-26,9328
8358,金居,23,15,8,華南永昌-潮州,2023-07-26,9328
6550,北極星藥業-KY,16,9,7,華南永昌-潮州,2023-07-26,9328
00712,復華富時不動產,8,1,7,華南永昌-潮州,2023-07-26,9328
1815,富喬,270,1,269,華南永昌-潮州,2023-07-27,9328
3217,優群,142,0,142,華南永昌-潮州,2023-07-27,9328
0056,元大高股息,125,27,98,華南永昌-潮州,2023-07-27,9328
6116,彩晶,141,45,96,華南永昌-潮州,2023-07-27,9328
6196,帆宣,71,1,70,華南永昌-潮州,2023-07-27,9328
00751B,元大AAA至A公司債,50,1,49,華南永昌-潮州,2023-07-27,9328
4967,十銓,43,2,41,華南永昌-潮州,2023-07-27,9328
4953,緯軟,31,4,27,華南永昌-潮州,2023-07-27,9328
00878,國泰永續高股息,108,81,27,華南永昌-潮州,2023-07-27,9328
8404,百和興業-KY,20,0,20,華南永昌-潮州,2023-07-27,9328
2353,宏��,29,9,20,華南永昌-潮州,2023-07-27,9328
8390,金益鼎,16,0,16,華南永昌-潮州,2023-07-27,9328
6125,廣運,26,11,15,華南永昌-潮州,2023-07-27,9328
5452,佶優,16,1,15,華南永昌-潮州,2023-07-27,9328
00670L,富邦NASDAQ正2,15,0,15,華南永昌-潮州,2023-07-27,9328
2415,錩新,15,0,15,華南永昌-潮州,2023-07-27,9328
2816,旺旺保,15,0,15,華南永昌-潮州,2023-07-27,9328
4768,晶呈科技,15,0,15,華南永昌-潮州,2023-07-27,9328
6187,萬潤,14,0,14,華南永昌-潮州,2023-07-27,9328
5284,jpp-KY,27,14,13,華南永昌-潮州,2023-07-27,9328
2812,台中銀,12,0,12,華南永昌-潮州,2023-07-27,9328
3305,昇貿,11,0,11,華南永昌-潮州,2023-07-27,9328
2461,光群雷,23,12,11,華南永昌-潮州,2023-07-27,9328
2009,第一銅,12,1,11,華南永昌-潮州,2023-07-27,9328
6282,康舒,30,20,10,華南永昌-潮州,2023-07-27,9328
2867,三商壽,10,0,10,華南永昌-潮州,2023-07-27,9328
6411,晶焱,10,0,10,華南永昌-潮州,2023-07-27,9328
8034,榮群,10,0,10,華南永昌-潮州,2023-07-27,9328
8215,明基材,10,0,10,華南永昌-潮州,2023-07-27,9328
1710,東聯,15,6,9,華南永昌-潮州,2023-07-27,9328
3017,奇鋐,17,8,9,華南永昌-潮州,2023-07-27,9328
2376,技嘉,14,6,8,華南永昌-潮州,2023-07-27,9328
2603,長榮,9,1,8,華南永昌-潮州,2023-07-27,9328
2884,玉山金,8,0,8,華南永昌-潮州,2023-07-27,9328
2352,佳世達,8,0,8,華南永昌-潮州,2023-07-27,9328
3625,西勝,8,0,8,華南永昌-潮州,2023-07-27,9328
4919,新唐,10,2,8,華南永昌-潮州,2023-07-27,9328
6288,聯嘉,8,0,8,華南永昌-潮州,2023-07-27,9328
3558,神準,9,1,8,華南永昌-潮州,2023-07-27,9328
2610,華航,29,22,7,華南永昌-潮州,2023-07-27,9328
00673R,期元大S＆P原油反1,7,0,7,華南永昌-潮州,2023-07-27,9328
3178,公準,7,0,7,華南永昌-潮州,2023-07-27,9328
8028,昇陽半導體,7,0,7,華南永昌-潮州,2023-07-27,9328
1313,聯成,12,5,7,華南永昌-潮州,2023-07-27,9328
2371,大同,7,1,6,華南永昌-潮州,2023-07-27,9328
2368,金像電,16,10,6,華南永昌-潮州,2023-07-27,9328
2481,強茂,10,4,6,華南永昌-潮州,2023-07-27,9328
3499,環天科,6,0,6,華南永昌-潮州,2023-07-27,9328
4968,立積,6,0,6,華南永昌-潮州,2023-07-27,9328
2317,鴻海,6,0,6,華南永昌-潮州,2023-07-27,9328
00919,群益台灣精選高息,427,39,388,華南永昌-潮州,2023-07-28,9328
6187,萬潤,188,12,176,華南永昌-潮州,2023-07-28,9328
2498,宏達電,63,1,62,華南永昌-潮州,2023-07-28,9328
2610,華航,54,3,51,華南永昌-潮州,2023-07-28,9328
2618,長榮航,53,4,49,華南永昌-潮州,2023-07-28,9328
1905,華紙,195,146,49,華南永昌-潮州,2023-07-28,9328
2369,菱生,46,1,45,華南永昌-潮州,2023-07-28,9328
2353,宏��,45,8,37,華南永昌-潮州,2023-07-28,9328
911868,同方友友-DR,30,0,30,華南永昌-潮州,2023-07-28,9328
2409,友達,50,24,26,華南永昌-潮州,2023-07-28,9328
2329,華泰,69,45,24,華南永昌-潮州,2023-07-28,9328
00676R,富邦臺灣加權反1,24,0,24,華南永昌-潮州,2023-07-28,9328
00679B,元大美債20年,23,1,22,華南永昌-潮州,2023-07-28,9328
2884,玉山金,21,0,21,華南永昌-潮州,2023-07-28,9328
5880,合庫金,21,0,21,華南永昌-潮州,2023-07-28,9328
2312,金寶,20,0,20,華南永昌-潮州,2023-07-28,9328
00751B,元大AAA至A公司債,18,0,18,華南永昌-潮州,2023-07-28,9328
5284,jpp-KY,19,1,18,華南永昌-潮州,2023-07-28,9328
1314,中石化,18,0,18,華南永昌-潮州,2023-07-28,9328
2323,中環,15,0,15,華南永昌-潮州,2023-07-28,9328
3033,威健,14,0,14,華南永昌-潮州,2023-07-28,9328
3231,緯創,96,82,14,華南永昌-潮州,2023-07-28,9328
00670L,富邦NASDAQ正2,13,0,13,華南永昌-潮州,2023-07-28,9328
00923,群益台ESG低碳50,12,0,12,華南永昌-潮州,2023-07-28,9328
2887,台新金,12,0,12,華南永昌-潮州,2023-07-28,9328
2002,中鋼,11,0,11,華南永昌-潮州,2023-07-28,9328
3227,原相,11,0,11,華南永昌-潮州,2023-07-28,9328
1305,華夏,11,0,11,華南永昌-潮州,2023-07-28,9328
5608,四維航,12,1,11,華南永昌-潮州,2023-07-28,9328
8390,金益鼎,11,0,11,華南永昌-潮州,2023-07-28,9328
4961,天鈺,12,1,11,華南永昌-潮州,2023-07-28,9328
3056,富華新,25,14,11,華南永昌-潮州,2023-07-28,9328
2882,國泰金,10,0,10,華南永昌-潮州,2023-07-28,9328
00632R,元大台灣50反1,10,0,10,華南永昌-潮州,2023-07-28,9328
2462,良得電,10,0,10,華南永昌-潮州,2023-07-28,9328
2630,亞航,13,3,10,華南永昌-潮州,2023-07-28,9328
3624,光頡,10,0,10,華南永昌-潮州,2023-07-28,9328
5603,陸海,10,0,10,華南永昌-潮州,2023-07-28,9328
6411,晶焱,10,0,10,華南永昌-潮州,2023-07-28,9328
6505,台塑化,10,0,10,華南永昌-潮州,2023-07-28,9328
3163,波若威,13,3,10,華南永昌-潮州,2023-07-28,9328
2634,漢翔,9,0,9,華南永昌-潮州,2023-07-28,9328
8033,雷虎,9,0,9,華南永昌-潮州,2023-07-28,9328
3686,達能,10,1,9,華南永昌-潮州,2023-07-28,9328
6148,驊宏資,15,6,9,華南永昌-潮州,2023-07-28,9328
5258,虹堡,14,5,9,華南永昌-潮州,2023-07-28,9328
1522,堤維西,10,2,8,華南永昌-潮州,2023-07-28,9328
2436,偉詮電,8,0,8,華南永昌-潮州,2023-07-28,9328
2408,南亞科,11,3,8,華南永昌-潮州,2023-07-28,9328
6188,廣明,14,7,7,華南永昌-潮州,2023-07-28,9328
9105,泰金寶-DR,148,0,148,華南永昌-潮州,2023-07-31,9328
00929,復華台灣科技優息,132,6,126,華南永昌-潮州,2023-07-31,9328
1210,大成,118,1,117,華南永昌-潮州,2023-07-31,9328
00712,復華富時不動產,102,0,102,華南永昌-潮州,2023-07-31,9328
00919,群益台灣精選高息,451,358,93,華南永昌-潮州,2023-07-31,9328
2312,金寶,91,18,73,華南永昌-潮州,2023-07-31,9328
6214,精誠,70,2,68,華南永昌-潮州,2023-07-31,9328
00878,國泰永續高股息,118,62,56,華南永昌-潮州,2023-07-31,9328
00706L,期元大S＆P日圓正2,51,0,51,華南永昌-潮州,2023-07-31,9328
00715L,期街口布蘭特正2,50,2,48,華南永昌-潮州,2023-07-31,9328
8358,金居,87,47,40,華南永昌-潮州,2023-07-31,9328
2609,陽明,38,3,35,華南永昌-潮州,2023-07-31,9328
2888,新光金,39,4,35,華南永昌-潮州,2023-07-31,9328
3481,群創,38,4,34,華南永昌-潮州,2023-07-31,9328
2323,中環,32,0,32,華南永昌-潮州,2023-07-31,9328
3033,威健,32,4,28,華南永昌-潮州,2023-07-31,9328
4123,晟德,27,0,27,華南永昌-潮州,2023-07-31,9328
2027,大成鋼,25,1,24,華南永昌-潮州,2023-07-31,9328
3711,日月光投控,23,0,23,華南永昌-潮州,2023-07-31,9328
3260,威剛,23,0,23,華南永昌-潮州,2023-07-31,9328
3037,欣興,30,9,21,華南永昌-潮州,2023-07-31,9328
3706,神達,24,3,21,華南永昌-潮州,2023-07-31,9328
1795,美時,20,1,19,華南永昌-潮州,2023-07-31,9328
6111,大宇資,21,2,19,華南永昌-潮州,2023-07-31,9328
2356,英業達,45,26,19,華南永昌-潮州,2023-07-31,9328
2353,宏��,36,18,18,華南永昌-潮州,2023-07-31,9328
5608,四維航,20,2,18,華南永昌-潮州,2023-07-31,9328
6235,華孚,20,2,18,華南永昌-潮州,2023-07-31,9328
3049,精金,18,0,18,華南永昌-潮州,2023-07-31,9328
6411,晶焱,17,0,17,華南永昌-潮州,2023-07-31,9328
2603,長榮,34,18,16,華南永昌-潮州,2023-07-31,9328
2891,中信金,16,0,16,華南永昌-潮州,2023-07-31,9328
2618,長榮航,18,3,15,華南永昌-潮州,2023-07-31,9328
00673R,期元大S＆P原油反1,15,0,15,華南永昌-潮州,2023-07-31,9328
1305,華夏,14,0,14,華南永昌-潮州,2023-07-31,9328
2022,聚亨,14,0,14,華南永昌-潮州,2023-07-31,9328
2745,五福,14,0,14,華南永昌-潮州,2023-07-31,9328
1513,中興電,35,22,13,華南永昌-潮州,2023-07-31,9328
00893,國泰智能電動車,13,0,13,華南永昌-潮州,2023-07-31,9328
2328,廣宇,15,2,13,華南永昌-潮州,2023-07-31,9328
5301,寶得利,13,0,13,華南永昌-潮州,2023-07-31,9328
2610,華航,24,12,12,華南永昌-潮州,2023-07-31,9328
4533,協易機,12,0,12,華南永昌-潮州,2023-07-31,9328
4919,新唐,16,4,12,華南永昌-潮州,2023-07-31,9328
6197,佳必琪,12,0,12,華南永昌-潮州,2023-07-31,9328
1319,東陽,13,1,12,華南永昌-潮州,2023-07-31,9328
1717,長興,11,0,11,華南永昌-潮州,2023-07-31,9328
2002,中鋼,11,0,11,華南永昌-潮州,2023-07-31,9328
2382,廣達,26,15,11,華南永昌-潮州,2023-07-31,9328
2457,飛宏,10,0,10,華南永昌-潮州,2023-07-31,9328
00919,群益台灣精選高息,142,12,130,華南永昌-潮州,2023-08-01,9328
5864,致和證,101,0,101,華南永昌-潮州,2023-08-01,9328
6016,康和證,100,0,100,華南永昌-潮州,2023-08-01,9328
00929,復華台灣科技優息,95,1,94,華南永昌-潮州,2023-08-01,9328
2312,金寶,94,21,73,華南永昌-潮州,2023-08-01,9328
1905,華紙,92,27,65,華南永昌-潮州,2023-08-01,9328
2449,京元電子,80,28,52,華南永昌-潮州,2023-08-01,9328
00673R,期元大S＆P原油反1,37,0,37,華南永昌-潮州,2023-08-01,9328
1504,東元,34,1,33,華南永昌-潮州,2023-08-01,9328
5469,瀚宇博,33,2,31,華南永昌-潮州,2023-08-01,9328
6150,撼訊,30,0,30,華南永昌-潮州,2023-08-01,9328
2354,鴻準,27,0,27,華南永昌-潮州,2023-08-01,9328
2887,台新金,21,0,21,華南永昌-潮州,2023-08-01,9328
5434,崇越,20,0,20,華南永昌-潮州,2023-08-01,9328
2338,光罩,14,0,14,華南永昌-潮州,2023-08-01,9328
6282,康舒,43,29,14,華南永昌-潮州,2023-08-01,9328
2353,宏��,15,2,13,華南永昌-潮州,2023-08-01,9328
00878,國泰永續高股息,84,71,13,華南永昌-潮州,2023-08-01,9328
5388,中磊,13,1,12,華南永昌-潮州,2023-08-01,9328
2030,彰源,12,0,12,華南永昌-潮州,2023-08-01,9328
2482,連宇,12,0,12,華南永昌-潮州,2023-08-01,9328
2363,矽統,25,13,12,華南永昌-潮州,2023-08-01,9328
0056,元大高股息,52,40,12,華南永昌-潮州,2023-08-01,9328
2913,農林,37,25,12,華南永昌-潮州,2023-08-01,9328
1605,華新,11,0,11,華南永昌-潮州,2023-08-01,9328
5425,台半,16,5,11,華南永昌-潮州,2023-08-01,9328
00680L,元大美債20正2,11,0,11,華南永昌-潮州,2023-08-01,9328
3033,威健,11,0,11,華南永昌-潮州,2023-08-01,9328
00720B,元大投資級公司債,10,0,10,華南永昌-潮州,2023-08-01,9328
00888,永豐台灣ESG,10,0,10,華南永昌-潮州,2023-08-01,9328
6689,伊雲谷,10,0,10,華南永昌-潮州,2023-08-01,9328
8201,無敵,10,0,10,華南永昌-潮州,2023-08-01,9328
00900,富邦特選高股息30,10,1,9,華南永昌-潮州,2023-08-01,9328
6285,啟��,20,11,9,華南永昌-潮州,2023-08-01,9328
3071,協禧,10,1,9,華南永昌-潮州,2023-08-01,9328
2301,光寶科,23,15,8,華南永昌-潮州,2023-08-01,9328
2382,廣達,26,18,8,華南永昌-潮州,2023-08-01,9328
6187,萬潤,9,1,8,華南永昌-潮州,2023-08-01,9328
2002,中鋼,8,0,8,華南永昌-潮州,2023-08-01,9328
6578,達邦蛋白,8,0,8,華南永昌-潮州,2023-08-01,9328
4919,新唐,7,0,7,華南永昌-潮州,2023-08-01,9328
6227,茂綸,7,0,7,華南永昌-潮州,2023-08-01,9328
3105,穩懋,6,0,6,華南永昌-潮州,2023-08-01,9328
2101,南港,6,0,6,華南永昌-潮州,2023-08-01,9328
2340,台亞,20,14,6,華南永昌-潮州,2023-08-01,9328
3163,波若威,24,18,6,華南永昌-潮州,2023-08-01,9328
3548,兆利,6,0,6,華南永昌-潮州,2023-08-01,9328
2419,仲琦,9,4,5,華南永昌-潮州,2023-08-01,9328
6257,矽格,5,0,5,華南永昌-潮州,2023-08-01,9328
6770,力積電,6,1,5,華南永昌-潮州,2023-08-01,9328
00929,復華台灣科技優息,344,3,341,華南永昌-潮州,2023-08-02,9328
00673R,期元大S＆P原油反1,315,0,315,華南永昌-潮州,2023-08-02,9328
6285,啟��,141,38,103,華南永昌-潮州,2023-08-02,9328
00878,國泰永續高股息,154,65,89,華南永昌-潮州,2023-08-02,9328
00919,群益台灣精選高息,89,10,79,華南永昌-潮州,2023-08-02,9328
2618,長榮航,76,3,73,華南永昌-潮州,2023-08-02,9328
5864,致和證,60,0,60,華南永昌-潮州,2023-08-02,9328
3231,緯創,80,31,49,華南永昌-潮州,2023-08-02,9328
1210,大成,49,2,47,華南永昌-潮州,2023-08-02,9328
00923,群益台ESG低碳50,39,0,39,華南永昌-潮州,2023-08-02,9328
00637L,元大滬深300正2,40,3,37,華南永昌-潮州,2023-08-02,9328
6517,保勝光學,34,0,34,華南永昌-潮州,2023-08-02,9328
2402,毅嘉,45,12,33,華南永昌-潮州,2023-08-02,9328
2913,農林,91,63,28,華南永昌-潮州,2023-08-02,9328
3029,零壹,30,2,28,華南永昌-潮州,2023-08-02,9328
2449,京元電子,35,8,27,華南永昌-潮州,2023-08-02,9328
2409,友達,27,0,27,華南永昌-潮州,2023-08-02,9328
3191,雲嘉南,27,0,27,華南永昌-潮州,2023-08-02,9328
2884,玉山金,26,0,26,華南永昌-潮州,2023-08-02,9328
5258,虹堡,26,2,24,華南永昌-潮州,2023-08-02,9328
1605,華新,172,149,23,華南永昌-潮州,2023-08-02,9328
2002,中鋼,22,1,21,華南永昌-潮州,2023-08-02,9328
2883,凱基金,19,0,19,華南永昌-潮州,2023-08-02,9328
6116,彩晶,22,3,19,華南永昌-潮州,2023-08-02,9328
2382,廣達,23,4,19,華南永昌-潮州,2023-08-02,9328
00720B,元大投資級公司債,19,0,19,華南永昌-潮州,2023-08-02,9328
2317,鴻海,19,2,17,華南永昌-潮州,2023-08-02,9328
5469,瀚宇博,20,3,17,華南永昌-潮州,2023-08-02,9328
00900,富邦特選高股息30,35,18,17,華南永昌-潮州,2023-08-02,9328
00712,復華富時不動產,33,17,16,華南永昌-潮州,2023-08-02,9328
2356,英業達,23,8,15,華南永昌-潮州,2023-08-02,9328
1802,台玻,20,5,15,華南永昌-潮州,2023-08-02,9328
00850,元大臺灣ESG永續,15,0,15,華南永昌-潮州,2023-08-02,9328
1612,宏泰,14,0,14,華南永昌-潮州,2023-08-02,9328
3711,日月光投控,13,0,13,華南永昌-潮州,2023-08-02,9328
3025,星通,13,0,13,華南永昌-潮州,2023-08-02,9328
2344,華邦電,14,1,13,華南永昌-潮州,2023-08-02,9328
1721,三晃,14,2,12,華南永昌-潮州,2023-08-02,9328
6770,力積電,11,0,11,華南永昌-潮州,2023-08-02,9328
6125,廣運,23,12,11,華南永昌-潮州,2023-08-02,9328
2368,金像電,22,11,11,華南永昌-潮州,2023-08-02,9328
1727,中華化,14,3,11,華南永昌-潮州,2023-08-02,9328
3051,力特,11,0,11,華南永昌-潮州,2023-08-02,9328
1101,台泥,13,3,10,華南永昌-潮州,2023-08-02,9328
00679B,元大美債20年,10,0,10,華南永昌-潮州,2023-08-02,9328
2353,宏��,24,14,10,華南永昌-潮州,2023-08-02,9328
2498,宏達電,14,4,10,華南永昌-潮州,2023-08-02,9328
00665L,富邦�琤肭磪囓�2,40,30,10,華南永昌-潮州,2023-08-02,9328
2482,連宇,10,0,10,華南永昌-潮州,2023-08-02,9328
2612,中航,10,0,10,華南永昌-潮州,2023-08-02,9328
2344,華邦電,177,15,162,華南永昌-潮州,2023-08-04,9328
00900,富邦特選高股息30,123,42,81,華南永昌-潮州,2023-08-04,9328
1210,大成,67,0,67,華南永昌-潮州,2023-08-04,9328
00679B,元大美債20年,46,0,46,華南永昌-潮州,2023-08-04,9328
00712,復華富時不動產,44,0,44,華南永昌-潮州,2023-08-04,9328
1605,華新,52,13,39,華南永昌-潮州,2023-08-04,9328
2356,英業達,56,18,38,華南永昌-潮州,2023-08-04,9328
1608,華榮,39,4,35,華南永昌-潮州,2023-08-04,9328
6282,康舒,59,24,35,華南永昌-潮州,2023-08-04,9328
00680L,元大美債20正2,29,0,29,華南永昌-潮州,2023-08-04,9328
00687B,國泰20年美債,28,0,28,華南永昌-潮州,2023-08-04,9328
1609,大亞,37,10,27,華南永昌-潮州,2023-08-04,9328
2382,廣達,48,22,26,華南永昌-潮州,2023-08-04,9328
2104,國際中橡,25,0,25,華南永昌-潮州,2023-08-04,9328
2891,中信金,23,0,23,華南永昌-潮州,2023-08-04,9328
2009,第一銅,23,0,23,華南永昌-潮州,2023-08-04,9328
00930,永豐ESG低碳高息,20,0,20,華南永昌-潮州,2023-08-04,9328
1528,恩德,20,0,20,華南永昌-潮州,2023-08-04,9328
2834,臺企銀,20,0,20,華南永昌-潮州,2023-08-04,9328
5864,致和證,20,0,20,華南永昌-潮州,2023-08-04,9328
00720B,元大投資級公司債,19,0,19,華南永昌-潮州,2023-08-04,9328
4714,永捷,20,1,19,華南永昌-潮州,2023-08-04,9328
1785,光洋科,20,2,18,華南永昌-潮州,2023-08-04,9328
00688L,國泰20年美債正2,16,0,16,華南永昌-潮州,2023-08-04,9328
2388,威盛,30,18,12,華南永昌-潮州,2023-08-04,9328
00751B,元大AAA至A公司債,11,0,11,華南永昌-潮州,2023-08-04,9328
00725B,國泰投資級公司債,11,0,11,華南永昌-潮州,2023-08-04,9328
00795B,中信美國公債20年,11,0,11,華南永昌-潮州,2023-08-04,9328
2618,長榮航,12,1,11,華南永昌-潮州,2023-08-04,9328
1310,台苯,10,0,10,華南永昌-潮州,2023-08-04,9328
1434,福懋,10,0,10,華南永昌-潮州,2023-08-04,9328
2363,矽統,16,6,10,華南永昌-潮州,2023-08-04,9328
5452,佶優,10,0,10,華南永昌-潮州,2023-08-04,9328
6231,系微,14,5,9,華南永昌-潮州,2023-08-04,9328
1304,台聚,13,4,9,華南永昌-潮州,2023-08-04,9328
00772B,中信高評級公司債,8,0,8,華南永昌-潮州,2023-08-04,9328
2886,兆豐金,12,3,9,華南永昌-潮州,2023-08-04,9328
2303,聯電,11,3,8,華南永昌-潮州,2023-08-04,9328
1314,中石化,16,8,8,華南永昌-潮州,2023-08-04,9328
1319,東陽,8,0,8,華南永昌-潮州,2023-08-04,9328
1802,台玻,9,1,8,華南永昌-潮州,2023-08-04,9328
2913,農林,94,86,8,華南永昌-潮州,2023-08-04,9328
2609,陽明,10,2,8,華南永昌-潮州,2023-08-04,9328
00923,群益台ESG低碳50,7,0,7,華南永昌-潮州,2023-08-04,9328
4746,台耀,7,0,7,華南永昌-潮州,2023-08-04,9328
2349,錸德,7,0,7,華南永昌-潮州,2023-08-04,9328
2484,希華,10,3,7,華南永昌-潮州,2023-08-04,9328
6770,力積電,11,5,6,華南永昌-潮州,2023-08-04,9328
2027,大成鋼,6,0,6,華南永昌-潮州,2023-08-04,9328
1611,中電,6,0,6,華南永昌-潮州,2023-08-04,9328
2303,聯電,125,4,121,華南永昌-潮州,2023-08-07,9328
1905,華紙,98,19,79,華南永昌-潮州,2023-08-07,9328
2610,華航,76,1,75,華南永昌-潮州,2023-08-07,9328
2409,友達,70,2,68,華南永昌-潮州,2023-08-07,9328
2618,長榮航,79,15,64,華南永昌-潮州,2023-08-07,9328
1907,永豐餘,51,0,51,華南永昌-潮州,2023-08-07,9328
5483,中美晶,48,1,47,華南永昌-潮州,2023-08-07,9328
00900,富邦特選高股息30,44,0,44,華南永昌-潮州,2023-08-07,9328
1815,富喬,40,0,40,華南永昌-潮州,2023-08-07,9328
2913,農林,42,2,40,華南永昌-潮州,2023-08-07,9328
3191,雲嘉南,30,0,30,華南永昌-潮州,2023-08-07,9328
1608,華榮,29,4,25,華南永昌-潮州,2023-08-07,9328
2886,兆豐金,31,6,25,華南永昌-潮州,2023-08-07,9328
2891,中信金,23,0,23,華南永昌-潮州,2023-08-07,9328
3706,神達,34,14,20,華南永昌-潮州,2023-08-07,9328
8050,廣積,37,20,17,華南永昌-潮州,2023-08-07,9328
911868,同方友友-DR,17,0,17,華南永昌-潮州,2023-08-07,9328
2312,金寶,17,1,16,華南永昌-潮州,2023-08-07,9328
00680L,元大美債20正2,15,0,15,華南永昌-潮州,2023-08-07,9328
5009,榮剛,27,12,15,華南永昌-潮州,2023-08-07,9328
00923,群益台ESG低碳50,14,0,14,華南永昌-潮州,2023-08-07,9328
4155,訊映,14,0,14,華南永昌-潮州,2023-08-07,9328
6274,台燿,16,4,12,華南永昌-潮州,2023-08-07,9328
2634,漢翔,14,2,12,華南永昌-潮州,2023-08-07,9328
2382,廣達,27,15,12,華南永昌-潮州,2023-08-07,9328
2633,台灣高鐵,11,0,11,華南永昌-潮州,2023-08-07,9328
6116,彩晶,11,0,11,華南永昌-潮州,2023-08-07,9328
00673R,期元大S＆P原油反1,11,0,11,華南永昌-潮州,2023-08-07,9328
00929,復華台灣科技優息,37,26,11,華南永昌-潮州,2023-08-07,9328
8028,昇陽半導體,11,0,11,華南永昌-潮州,2023-08-07,9328
1216,統一,11,0,11,華南永昌-潮州,2023-08-07,9328
2498,宏達電,13,3,10,華南永昌-潮州,2023-08-07,9328
3149,正達,10,0,10,華南永昌-潮州,2023-08-07,9328
5225,東科-KY,10,0,10,華南永昌-潮州,2023-08-07,9328
6231,系微,10,0,10,華南永昌-潮州,2023-08-07,9328
6443,元晶,11,1,10,華南永昌-潮州,2023-08-07,9328
6733,博晟生醫,10,0,10,華南永昌-潮州,2023-08-07,9328
1314,中石化,10,1,9,華南永昌-潮州,2023-08-07,9328
8358,金居,11,2,9,華南永昌-潮州,2023-08-07,9328
1609,大亞,10,2,8,華南永昌-潮州,2023-08-07,9328
2009,第一銅,17,9,8,華南永昌-潮州,2023-08-07,9328
00931B,統一美債20年,8,0,8,華南永昌-潮州,2023-08-07,9328
00878,國泰永續高股息,41,34,7,華南永昌-潮州,2023-08-07,9328
00665L,富邦�琤肭磪囓�2,37,30,7,華南永昌-潮州,2023-08-07,9328
4714,永捷,7,0,7,華南永昌-潮州,2023-08-07,9328
7402,邑錡,7,0,7,華南永昌-潮州,2023-08-07,9328
2330,台積電,8,2,6,華南永昌-潮州,2023-08-07,9328
2301,光寶科,18,12,6,華南永昌-潮州,2023-08-07,9328
00902,中信電池及儲能,6,0,6,華南永昌-潮州,2023-08-07,9328
1310,台苯,6,0,6,華南永昌-潮州,2023-08-07,9328
00900,富邦特選高股息30,274,1,273,華南永昌-潮州,2023-08-08,9328
00929,復華台灣科技優息,92,30,62,華南永昌-潮州,2023-08-08,9328
2892,第一金,58,0,58,華南永昌-潮州,2023-08-08,9328
2356,英業達,116,72,44,華南永昌-潮州,2023-08-08,9328
0056,元大高股息,36,0,36,華南永昌-潮州,2023-08-08,9328
1907,永豐餘,35,0,35,華南永昌-潮州,2023-08-08,9328
3231,緯創,137,104,33,華南永昌-潮州,2023-08-08,9328
2344,華邦電,32,0,32,華南永昌-潮州,2023-08-08,9328
00878,國泰永續高股息,31,0,31,華南永昌-潮州,2023-08-08,9328
2913,農林,37,6,31,華南永昌-潮州,2023-08-08,9328
3027,盛達,29,2,27,華南永昌-潮州,2023-08-08,9328
5425,台半,24,0,24,華南永昌-潮州,2023-08-08,9328
1305,華夏,26,4,22,華南永昌-潮州,2023-08-08,9328
00923,群益台ESG低碳50,22,1,21,華南永昌-潮州,2023-08-08,9328
3025,星通,20,1,19,華南永昌-潮州,2023-08-08,9328
1314,中石化,18,0,18,華南永昌-潮州,2023-08-08,9328
2402,毅嘉,21,4,17,華南永昌-潮州,2023-08-08,9328
6282,康舒,23,6,17,華南永昌-潮州,2023-08-08,9328
00919,群益台灣精選高息,27,10,17,華南永昌-潮州,2023-08-08,9328
1528,恩德,16,0,16,華南永昌-潮州,2023-08-08,9328
3666,光耀,16,0,16,華南永昌-潮州,2023-08-08,9328
2880,華南金,15,0,15,華南永昌-潮州,2023-08-08,9328
3050,鈺德,15,0,15,華南永昌-潮州,2023-08-08,9328
00927,群益半導體收益,13,0,13,華南永昌-潮州,2023-08-08,9328
2014,中鴻,14,2,12,華南永昌-潮州,2023-08-08,9328
2413,環科,12,0,12,華南永昌-潮州,2023-08-08,9328
6125,廣運,28,16,12,華南永昌-潮州,2023-08-08,9328
2338,光罩,11,0,11,華南永昌-潮州,2023-08-08,9328
3191,雲嘉南,11,0,11,華南永昌-潮州,2023-08-08,9328
00665L,富邦�琤肭磪囓�2,30,20,10,華南永昌-潮州,2023-08-08,9328
6226,光鼎,10,0,10,華南永昌-潮州,2023-08-08,9328
2382,廣達,24,15,9,華南永昌-潮州,2023-08-08,9328
6770,力積電,10,1,9,華南永昌-潮州,2023-08-08,9328
2630,亞航,11,2,9,華南永昌-潮州,2023-08-08,9328
2367,燿華,9,0,9,華南永昌-潮州,2023-08-08,9328
8349,�矬�,9,0,9,華南永昌-潮州,2023-08-08,9328
2352,佳世達,11,3,8,華南永昌-潮州,2023-08-08,9328
8112,至上,8,0,8,華南永昌-潮州,2023-08-08,9328
2388,威盛,9,2,7,華南永昌-潮州,2023-08-08,9328
1609,大亞,14,7,7,華南永昌-潮州,2023-08-08,9328
2887,台新金,7,0,7,華南永昌-潮州,2023-08-08,9328
3363,上詮,15,8,7,華南永昌-潮州,2023-08-08,9328
4123,晟德,8,1,7,華南永昌-潮州,2023-08-08,9328
7402,邑錡,7,0,7,華南永昌-潮州,2023-08-08,9328
8050,廣積,11,4,7,華南永昌-潮州,2023-08-08,9328
3037,欣興,9,3,6,華南永昌-潮州,2023-08-08,9328
00687B,國泰20年美債,6,0,6,華南永昌-潮州,2023-08-08,9328
00881,國泰台灣5G+,6,0,6,華南永昌-潮州,2023-08-08,9328
3305,昇貿,6,0,6,華南永昌-潮州,2023-08-08,9328
6112,邁達特,7,1,6,華南永昌-潮州,2023-08-08,9328
00931B,統一美債20年,108,0,108,華南永昌-潮州,2023-08-09,9328
2542,興富發,71,0,71,華南永昌-潮州,2023-08-09,9328
00929,復華台灣科技優息,47,2,45,華南永昌-潮州,2023-08-09,9328
2303,聯電,40,3,37,華南永昌-潮州,2023-08-09,9328
00919,群益台灣精選高息,35,0,35,華南永昌-潮州,2023-08-09,9328
2367,燿華,35,0,35,華南永昌-潮州,2023-08-09,9328
6129,普誠,33,0,33,華南永昌-潮州,2023-08-09,9328
8255,朋程,33,2,31,華南永昌-潮州,2023-08-09,9328
2344,華邦電,34,5,29,華南永昌-潮州,2023-08-09,9328
00885,富邦越南,31,2,29,華南永昌-潮州,2023-08-09,9328
1605,華新,28,1,27,華南永昌-潮州,2023-08-09,9328
00878,國泰永續高股息,50,24,26,華南永昌-潮州,2023-08-09,9328
2022,聚亨,20,0,20,華南永昌-潮州,2023-08-09,9328
2399,映泰,30,10,20,華南永昌-潮州,2023-08-09,9328
2516,新建,20,0,20,華南永昌-潮州,2023-08-09,9328
2882,國泰金,20,0,20,華南永昌-潮州,2023-08-09,9328
2206,三陽工業,21,3,18,華南永昌-潮州,2023-08-09,9328
6139,亞翔,20,3,17,華南永昌-潮州,2023-08-09,9328
3363,上詮,16,0,16,華南永昌-潮州,2023-08-09,9328
3027,盛達,15,0,15,華南永昌-潮州,2023-08-09,9328
5880,合庫金,18,4,14,華南永昌-潮州,2023-08-09,9328
2329,華泰,16,2,14,華南永昌-潮州,2023-08-09,9328
6120,達運,14,0,14,華南永昌-潮州,2023-08-09,9328
2002,中鋼,14,0,14,華南永昌-潮州,2023-08-09,9328
6770,力積電,16,5,11,華南永昌-潮州,2023-08-09,9328
3706,神達,23,12,11,華南永昌-潮州,2023-08-09,9328
6186,新潤,11,0,11,華南永昌-潮州,2023-08-09,9328
00930,永豐ESG低碳高息,10,0,10,華南永昌-潮州,2023-08-09,9328
00688L,國泰20年美債正2,10,0,10,華南永昌-潮州,2023-08-09,9328
00706L,期元大S＆P日圓正2,10,0,10,華南永昌-潮州,2023-08-09,9328
2427,三商電,10,0,10,華南永昌-潮州,2023-08-09,9328
2734,易飛網,10,0,10,華南永昌-潮州,2023-08-09,9328
3060,銘異,10,0,10,華南永昌-潮州,2023-08-09,9328
9110,越南控-DR,10,0,10,華南永昌-潮州,2023-08-09,9328
6122,擎邦,25,16,9,華南永昌-潮州,2023-08-09,9328
3024,憶聲,8,0,8,華南永昌-潮州,2023-08-09,9328
6116,彩晶,7,0,7,華南永昌-潮州,2023-08-09,9328
3526,凡甲,7,0,7,華南永昌-潮州,2023-08-09,9328
1609,大亞,23,17,6,華南永昌-潮州,2023-08-09,9328
2618,長榮航,10,4,6,華南永昌-潮州,2023-08-09,9328
2630,亞航,7,1,6,華南永昌-潮州,2023-08-09,9328
3051,力特,6,0,6,華南永昌-潮州,2023-08-09,9328
5905,南仁湖,6,0,6,華南永昌-潮州,2023-08-09,9328
2885,元大金,6,0,6,華南永昌-潮州,2023-08-09,9328
00751B,元大AAA至A公司債,5,0,5,華南永昌-潮州,2023-08-09,9328
00692,富邦公司治理,5,0,5,華南永昌-潮州,2023-08-09,9328
00923,群益台ESG低碳50,5,0,5,華南永昌-潮州,2023-08-09,9328
1587,吉茂,5,0,5,華南永昌-潮州,2023-08-09,9328
2482,連宇,5,0,5,華南永昌-潮州,2023-08-09,9328
3013,晟銘電,12,7,5,華南永昌-潮州,2023-08-09,9328
3231,緯創,196,69,127,華南永昌-潮州,2023-08-10,9328
8222,寶一,100,1,99,華南永昌-潮州,2023-08-10,9328
2014,中鴻,94,1,93,華南永昌-潮州,2023-08-10,9328
00929,復華台灣科技優息,86,13,73,華南永昌-潮州,2023-08-10,9328
00900,富邦特選高股息30,73,4,69,華南永昌-潮州,2023-08-10,9328
2363,矽統,82,15,67,華南永昌-潮州,2023-08-10,9328
2610,華航,66,0,66,華南永昌-潮州,2023-08-10,9328
00919,群益台灣精選高息,58,0,58,華南永昌-潮州,2023-08-10,9328
2449,京元電子,49,0,49,華南永昌-潮州,2023-08-10,9328
6282,康舒,90,45,45,華南永昌-潮州,2023-08-10,9328
2323,中環,39,0,39,華南永昌-潮州,2023-08-10,9328
6770,力積電,47,8,39,華南永昌-潮州,2023-08-10,9328
00878,國泰永續高股息,127,98,29,華南永昌-潮州,2023-08-10,9328
3049,精金,27,2,25,華南永昌-潮州,2023-08-10,9328
2886,兆豐金,29,6,23,華南永昌-潮州,2023-08-10,9328
2409,友達,23,1,22,華南永昌-潮州,2023-08-10,9328
00665L,富邦�琤肭磪囓�2,26,5,21,華南永昌-潮州,2023-08-10,9328
2329,華泰,27,6,21,華南永昌-潮州,2023-08-10,9328
2009,第一銅,24,3,21,華南永昌-潮州,2023-08-10,9328
00907,永豐優息存股,20,0,20,華南永昌-潮州,2023-08-10,9328
6167,久正,20,0,20,華南永昌-潮州,2023-08-10,9328
2303,聯電,21,2,19,華南永昌-潮州,2023-08-10,9328
2401,凌陽,18,0,18,華南永昌-潮州,2023-08-10,9328
3038,全台,18,0,18,華南永昌-潮州,2023-08-10,9328
2883,凱基金,19,2,17,華南永昌-潮州,2023-08-10,9328
4533,協易機,74,58,16,華南永昌-潮州,2023-08-10,9328
00923,群益台ESG低碳50,16,0,16,華南永昌-潮州,2023-08-10,9328
2402,毅嘉,20,4,16,華南永昌-潮州,2023-08-10,9328
2453,凌群,16,0,16,華南永昌-潮州,2023-08-10,9328
3325,旭品,18,2,16,華南永昌-潮州,2023-08-10,9328
5469,瀚宇博,51,35,16,華南永昌-潮州,2023-08-10,9328
00905,FT臺灣Smart,15,0,15,華南永昌-潮州,2023-08-10,9328
2353,宏��,28,13,15,華南永昌-潮州,2023-08-10,9328
2002,中鋼,15,0,15,華南永昌-潮州,2023-08-10,9328
0056,元大高股息,32,18,14,華南永昌-潮州,2023-08-10,9328
1522,堤維西,14,0,14,華南永昌-潮州,2023-08-10,9328
6125,廣運,23,9,14,華南永昌-潮州,2023-08-10,9328
3025,星通,14,1,13,華南永昌-潮州,2023-08-10,9328
1513,中興電,16,4,12,華南永昌-潮州,2023-08-10,9328
2208,台船,13,1,12,華南永昌-潮州,2023-08-10,9328
6116,彩晶,12,0,12,華南永昌-潮州,2023-08-10,9328
1611,中電,11,0,11,華南永昌-潮州,2023-08-10,9328
2888,新光金,24,13,11,華南永昌-潮州,2023-08-10,9328
6120,達運,11,0,11,華南永昌-潮州,2023-08-10,9328
00931B,統一美債20年,11,0,11,華南永昌-潮州,2023-08-10,9328
1905,華紙,15,5,10,華南永昌-潮州,2023-08-10,9328
00637L,元大滬深300正2,10,0,10,華南永昌-潮州,2023-08-10,9328
2324,仁寶,16,6,10,華南永昌-潮州,2023-08-10,9328
2882,國泰金,10,0,10,華南永昌-潮州,2023-08-10,9328
3013,晟銘電,10,0,10,華南永昌-潮州,2023-08-10,9328
3711,日月光投控,156,0,156,華南永昌-潮州,2023-08-11,9328
2892,第一金,61,0,61,華南永昌-潮州,2023-08-11,9328
00900,富邦特選高股息30,59,0,59,華南永昌-潮州,2023-08-11,9328
1102,亞泥,54,0,54,華南永昌-潮州,2023-08-11,9328
2409,友達,50,5,45,華南永昌-潮州,2023-08-11,9328
2610,華航,64,30,34,華南永昌-潮州,2023-08-11,9328
1444,力麗,30,0,30,華南永昌-潮州,2023-08-11,9328
1907,永豐餘,30,2,28,華南永昌-潮州,2023-08-11,9328
00931B,統一美債20年,25,0,25,華南永昌-潮州,2023-08-11,9328
1229,聯華,25,0,25,華南永昌-潮州,2023-08-11,9328
2002,中鋼,24,1,23,華南永昌-潮州,2023-08-11,9328
00923,群益台ESG低碳50,21,0,21,華南永昌-潮州,2023-08-11,9328
6770,力積電,22,2,20,華南永昌-潮州,2023-08-11,9328
1905,華紙,23,4,19,華南永昌-潮州,2023-08-11,9328
00881,國泰台灣5G+,20,2,18,華南永昌-潮州,2023-08-11,9328
2888,新光金,17,0,17,華南永昌-潮州,2023-08-11,9328
00929,復華台灣科技優息,23,6,17,華南永昌-潮州,2023-08-11,9328
6116,彩晶,17,2,15,華南永昌-潮州,2023-08-11,9328
2816,旺旺保,15,0,15,華南永昌-潮州,2023-08-11,9328
8358,金居,15,0,15,華南永昌-潮州,2023-08-11,9328
1605,華新,15,1,14,華南永昌-潮州,2023-08-11,9328
2014,中鴻,13,0,13,華南永昌-潮州,2023-08-11,9328
1304,台聚,13,1,12,華南永昌-潮州,2023-08-11,9328
3037,欣興,15,3,12,華南永昌-潮州,2023-08-11,9328
00679B,元大美債20年,11,0,11,華南永昌-潮州,2023-08-11,9328
2882,國泰金,21,10,11,華南永昌-潮州,2023-08-11,9328
2328,廣宇,11,0,11,華南永昌-潮州,2023-08-11,9328
00665L,富邦�琤肭磪囓�2,30,20,10,華南永昌-潮州,2023-08-11,9328
00850,元大臺灣ESG永續,10,0,10,華南永昌-潮州,2023-08-11,9328
1217,愛之味,10,0,10,華南永昌-潮州,2023-08-11,9328
1809,中釉,10,0,10,華南永昌-潮州,2023-08-11,9328
2474,可成,10,0,10,華南永昌-潮州,2023-08-11,9328
00772B,中信高評級公司債,9,0,9,華南永昌-潮州,2023-08-11,9328
00680L,元大美債20正2,9,0,9,華南永昌-潮州,2023-08-11,9328
1720,生達,10,1,9,華南永昌-潮州,2023-08-11,9328
2022,聚亨,9,0,9,華南永昌-潮州,2023-08-11,9328
8011,台通,9,0,9,華南永昌-潮州,2023-08-11,9328
2009,第一銅,8,0,8,華南永昌-潮州,2023-08-11,9328
2516,新建,10,2,8,華南永昌-潮州,2023-08-11,9328
3024,憶聲,8,0,8,華南永昌-潮州,2023-08-11,9328
3051,力特,8,0,8,華南永昌-潮州,2023-08-11,9328
6139,亞翔,13,5,8,華南永昌-潮州,2023-08-11,9328
2402,毅嘉,19,12,7,華南永昌-潮州,2023-08-11,9328
2317,鴻海,7,0,7,華南永昌-潮州,2023-08-11,9328
00878,國泰永續高股息,18,11,7,華南永昌-潮州,2023-08-11,9328
00795B,中信美國公債20年,7,0,7,華南永昌-潮州,2023-08-11,9328
2344,華邦電,7,0,7,華南永昌-潮州,2023-08-11,9328
5371,中光電,7,0,7,華南永昌-潮州,2023-08-11,9328
2801,彰銀,7,0,7,華南永昌-潮州,2023-08-11,9328
2206,三陽工業,12,6,6,華南永昌-潮州,2023-08-11,9328
00929,復華台灣科技優息,318,2,316,華南永昌-潮州,2023-08-14,9328
00900,富邦特選高股息30,135,31,104,華南永昌-潮州,2023-08-14,9328
2618,長榮航,96,5,91,華南永昌-潮州,2023-08-14,9328
00904,新光臺灣半導體30,83,0,83,華南永昌-潮州,2023-08-14,9328
2610,華航,77,8,69,華南永昌-潮州,2023-08-14,9328
2206,三陽工業,66,2,64,華南永昌-潮州,2023-08-14,9328
2323,中環,51,1,50,華南永昌-潮州,2023-08-14,9328
2356,英業達,57,15,42,華南永昌-潮州,2023-08-14,9328
00878,國泰永續高股息,82,40,42,華南永昌-潮州,2023-08-14,9328
00882,中信中國高股息,39,0,39,華南永昌-潮州,2023-08-14,9328
00919,群益台灣精選高息,32,0,32,華南永昌-潮州,2023-08-14,9328
00753L,中信中國50正2,35,5,30,華南永昌-潮州,2023-08-14,9328
1605,華新,39,9,30,華南永昌-潮州,2023-08-14,9328
1314,中石化,26,1,25,華南永昌-潮州,2023-08-14,9328
1795,美時,23,0,23,華南永昌-潮州,2023-08-14,9328
4207,環泰,21,0,21,華南永昌-潮州,2023-08-14,9328
2883,凱基金,21,0,21,華南永昌-潮州,2023-08-14,9328
00671R,富邦NASDAQ反1,20,0,20,華南永昌-潮州,2023-08-14,9328
5439,高技,20,0,20,華南永昌-潮州,2023-08-14,9328
0056,元大高股息,20,1,19,華南永昌-潮州,2023-08-14,9328
2014,中鴻,19,1,18,華南永昌-潮州,2023-08-14,9328
3231,緯創,91,74,17,華南永昌-潮州,2023-08-14,9328
00688L,國泰20年美債正2,17,0,17,華南永昌-潮州,2023-08-14,9328
1717,長興,16,0,16,華南永昌-潮州,2023-08-14,9328
5880,合庫金,20,4,16,華南永昌-潮州,2023-08-14,9328
2002,中鋼,16,1,15,華南永昌-潮州,2023-08-14,9328
6417,韋僑,15,0,15,華南永昌-潮州,2023-08-14,9328
00907,永豐優息存股,12,0,12,華南永昌-潮州,2023-08-14,9328
2734,易飛網,12,0,12,華南永昌-潮州,2023-08-14,9328
4106,雃博,12,0,12,華南永昌-潮州,2023-08-14,9328
6116,彩晶,12,1,11,華南永昌-潮州,2023-08-14,9328
2402,毅嘉,11,0,11,華南永昌-潮州,2023-08-14,9328
1905,華紙,11,0,11,華南永昌-潮州,2023-08-14,9328
1784,訊聯,12,1,11,華南永昌-潮州,2023-08-14,9328
2882,國泰金,11,0,11,華南永昌-潮州,2023-08-14,9328
6218,豪勉,11,0,11,華南永昌-潮州,2023-08-14,9328
3481,群創,15,5,10,華南永昌-潮州,2023-08-14,9328
00850,元大臺灣ESG永續,10,0,10,華南永昌-潮州,2023-08-14,9328
1809,中釉,10,0,10,華南永昌-潮州,2023-08-14,9328
3191,雲嘉南,10,0,10,華南永昌-潮州,2023-08-14,9328
5425,台半,11,1,10,華南永昌-潮州,2023-08-14,9328
1608,華榮,10,0,10,華南永昌-潮州,2023-08-14,9328
2887,台新金,9,0,9,華南永昌-潮州,2023-08-14,9328
00713,元大台灣高息低波,9,0,9,華南永昌-潮州,2023-08-14,9328
00923,群益台ESG低碳50,9,0,9,華南永昌-潮州,2023-08-14,9328
1217,愛之味,10,1,9,華南永昌-潮州,2023-08-14,9328
3050,鈺德,10,1,9,華南永昌-潮州,2023-08-14,9328
3479,安勤,9,0,9,華南永昌-潮州,2023-08-14,9328
1611,中電,11,2,9,華南永昌-潮州,2023-08-14,9328
2834,臺企銀,9,0,9,華南永昌-潮州,2023-08-14,9328
00878,國泰永續高股息,114,17,97,華南永昌-潮州,2023-08-15,9328
00923,群益台ESG低碳50,80,2,78,華南永昌-潮州,2023-08-15,9328
00929,復華台灣科技優息,71,0,71,華南永昌-潮州,2023-08-15,9328
00900,富邦特選高股息30,66,0,66,華南永昌-潮州,2023-08-15,9328
3231,緯創,102,52,50,華南永昌-潮州,2023-08-15,9328
2317,鴻海,31,6,25,華南永昌-潮州,2023-08-15,9328
1802,台玻,27,2,25,華南永昌-潮州,2023-08-15,9328
2834,臺企銀,20,0,20,華南永昌-潮州,2023-08-15,9328
00665L,富邦�琤肭磪囓�2,33,15,18,華南永昌-潮州,2023-08-15,9328
6282,康舒,24,8,16,華南永昌-潮州,2023-08-15,9328
6125,廣運,25,10,15,華南永昌-潮州,2023-08-15,9328
00632R,元大台灣50反1,15,0,15,華南永昌-潮州,2023-08-15,9328
2913,農林,15,0,15,華南永昌-潮州,2023-08-15,9328
9105,泰金寶-DR,15,0,15,華南永昌-潮州,2023-08-15,9328
3481,群創,39,25,14,華南永昌-潮州,2023-08-15,9328
00850,元大臺灣ESG永續,13,0,13,華南永昌-潮州,2023-08-15,9328
6770,力積電,12,0,12,華南永昌-潮州,2023-08-15,9328
5465,富驊,12,0,12,華南永昌-潮州,2023-08-15,9328
00690,兆豐藍籌30,10,0,10,華南永昌-潮州,2023-08-15,9328
2534,宏盛,10,0,10,華南永昌-潮州,2023-08-15,9328
2888,新光金,10,0,10,華南永昌-潮州,2023-08-15,9328
2891,中信金,15,5,10,華南永昌-潮州,2023-08-15,9328
2027,大成鋼,10,0,10,華南永昌-潮州,2023-08-15,9328
00679B,元大美債20年,9,0,9,華南永昌-潮州,2023-08-15,9328
2883,凱基金,9,0,9,華南永昌-潮州,2023-08-15,9328
6861,睿生光電,8,0,8,華南永昌-潮州,2023-08-15,9328
2886,兆豐金,8,0,8,華南永昌-潮州,2023-08-15,9328
00907,永豐優息存股,8,0,8,華南永昌-潮州,2023-08-15,9328
2481,強茂,7,0,7,華南永昌-潮州,2023-08-15,9328
00670L,富邦NASDAQ正2,7,0,7,華南永昌-潮州,2023-08-15,9328
1229,聯華,7,0,7,華南永昌-潮州,2023-08-15,9328
4533,協易機,17,10,7,華南永昌-潮州,2023-08-15,9328
6139,亞翔,11,4,7,華南永昌-潮州,2023-08-15,9328
2892,第一金,6,0,6,華南永昌-潮州,2023-08-15,9328
2880,華南金,6,0,6,華南永昌-潮州,2023-08-15,9328
00688L,國泰20年美債正2,6,0,6,華南永昌-潮州,2023-08-15,9328
1304,台聚,6,0,6,華南永昌-潮州,2023-08-15,9328
1444,力麗,6,0,6,華南永昌-潮州,2023-08-15,9328
2204,中華,6,0,6,華南永昌-潮州,2023-08-15,9328
2355,敬鵬,6,0,6,華南永昌-潮州,2023-08-15,9328
8049,晶采,6,0,6,華南永昌-潮州,2023-08-15,9328
00931B,統一美債20年,5,0,5,華南永昌-潮州,2023-08-15,9328
2609,陽明,10,5,5,華南永昌-潮州,2023-08-15,9328
00928,中信上櫃ESG30,5,0,5,華南永昌-潮州,2023-08-15,9328
00919,群益台灣精選高息,5,0,5,華南永昌-潮州,2023-08-15,9328
00637L,元大滬深300正2,28,23,5,華南永昌-潮州,2023-08-15,9328
00892,富邦台灣半導體,5,0,5,華南永昌-潮州,2023-08-15,9328
1460,宏遠,5,0,5,華南永昌-潮州,2023-08-15,9328
1522,堤維西,5,0,5,華南永昌-潮州,2023-08-15,9328
2314,台揚,5,0,5,華南永昌-潮州,2023-08-15,9328
2303,聯電,85,9,76,華南永昌-潮州,2023-08-16,9328
2887,台新金,73,0,73,華南永昌-潮州,2023-08-16,9328
2363,矽統,99,32,67,華南永昌-潮州,2023-08-16,9328
00923,群益台ESG低碳50,65,0,65,華南永昌-潮州,2023-08-16,9328
2618,長榮航,60,5,55,華南永昌-潮州,2023-08-16,9328
2392,正崴,50,0,50,華南永昌-潮州,2023-08-16,9328
00929,復華台灣科技優息,48,0,48,華南永昌-潮州,2023-08-16,9328
3483,力致,33,3,30,華南永昌-潮州,2023-08-16,9328
00878,國泰永續高股息,35,7,28,華南永昌-潮州,2023-08-16,9328
6116,彩晶,25,1,24,華南永昌-潮州,2023-08-16,9328
2344,華邦電,24,2,22,華南永昌-潮州,2023-08-16,9328
2610,華航,28,6,22,華南永昌-潮州,2023-08-16,9328
00632R,元大台灣50反1,21,0,21,華南永昌-潮州,2023-08-16,9328
9105,泰金寶-DR,20,0,20,華南永昌-潮州,2023-08-16,9328
2609,陽明,28,9,19,華南永昌-潮州,2023-08-16,9328
2317,鴻海,19,1,18,華南永昌-潮州,2023-08-16,9328
00900,富邦特選高股息30,18,0,18,華南永昌-潮州,2023-08-16,9328
2329,華泰,36,18,18,華南永昌-潮州,2023-08-16,9328
1101,台泥,17,0,17,華南永昌-潮州,2023-08-16,9328
00688L,國泰20年美債正2,15,0,15,華南永昌-潮州,2023-08-16,9328
6187,萬潤,15,1,14,華南永昌-潮州,2023-08-16,9328
2323,中環,23,10,13,華南永昌-潮州,2023-08-16,9328
2634,漢翔,13,0,13,華南永昌-潮州,2023-08-16,9328
3051,力特,14,1,13,華南永昌-潮州,2023-08-16,9328
1304,台聚,13,1,12,華南永昌-潮州,2023-08-16,9328
2886,兆豐金,24,12,12,華南永昌-潮州,2023-08-16,9328
00712,復華富時不動產,12,0,12,華南永昌-潮州,2023-08-16,9328
2890,永豐金,12,0,12,華南永昌-潮州,2023-08-16,9328
2888,新光金,11,0,11,華南永昌-潮州,2023-08-16,9328
6732,昇佳電子,11,0,11,華南永昌-潮州,2023-08-16,9328
2892,第一金,11,0,11,華南永昌-潮州,2023-08-16,9328
1802,台玻,10,0,10,華南永昌-潮州,2023-08-16,9328
00892,富邦台灣半導體,10,0,10,華南永昌-潮州,2023-08-16,9328
1471,首利,10,0,10,華南永昌-潮州,2023-08-16,9328
4164,承業醫,10,0,10,華南永昌-潮州,2023-08-16,9328
6179,亞通,10,0,10,華南永昌-潮州,2023-08-16,9328
2474,可成,9,0,9,華南永昌-潮州,2023-08-16,9328
6245,立端,14,5,9,華南永昌-潮州,2023-08-16,9328
3231,緯創,103,95,8,華南永昌-潮州,2023-08-16,9328
00679B,元大美債20年,8,0,8,華南永昌-潮州,2023-08-16,9328
1301,台塑,8,0,8,華南永昌-潮州,2023-08-16,9328
00772B,中信高評級公司債,8,0,8,華南永昌-潮州,2023-08-16,9328
6188,廣明,20,12,8,華南永昌-潮州,2023-08-16,9328
2834,臺企銀,10,2,8,華南永昌-潮州,2023-08-16,9328
3035,智原,12,5,7,華南永昌-潮州,2023-08-16,9328
00715L,期街口布蘭特正2,7,0,7,華南永昌-潮州,2023-08-16,9328
1314,中石化,9,2,7,華南永昌-潮州,2023-08-16,9328
2002,中鋼,10,3,7,華南永昌-潮州,2023-08-16,9328
5880,合庫金,12,6,6,華南永昌-潮州,2023-08-16,9328
2332,友訊,12,6,6,華南永昌-潮州,2023-08-16,9328
2891,中信金,162,0,162,華南永昌-潮州,2023-08-17,9328
2317,鴻海,159,27,132,華南永昌-潮州,2023-08-17,9328
2867,三商壽,100,0,100,華南永昌-潮州,2023-08-17,9328
00892,富邦台灣半導體,85,10,75,華南永昌-潮州,2023-08-17,9328
2324,仁寶,91,43,48,華南永昌-潮州,2023-08-17,9328
3231,緯創,98,61,37,華南永昌-潮州,2023-08-17,9328
2303,聯電,57,21,36,華南永昌-潮州,2023-08-17,9328
00929,復華台灣科技優息,53,17,36,華南永昌-潮州,2023-08-17,9328
2610,華航,53,19,34,華南永昌-潮州,2023-08-17,9328
5009,榮剛,28,3,25,華南永昌-潮州,2023-08-17,9328
6770,力積電,38,14,24,華南永昌-潮州,2023-08-17,9328
1471,首利,22,0,22,華南永昌-潮州,2023-08-17,9328
2002,中鋼,26,5,21,華南永昌-潮州,2023-08-17,9328
2884,玉山金,20,1,19,華南永昌-潮州,2023-08-17,9328
00931B,統一美債20年,24,5,19,華南永昌-潮州,2023-08-17,9328
00665L,富邦�琤肭磪囓�2,33,15,18,華南永昌-潮州,2023-08-17,9328
1802,台玻,21,3,18,華南永昌-潮州,2023-08-17,9328
00720B,元大投資級公司債,16,0,16,華南永昌-潮州,2023-08-17,9328
00900,富邦特選高股息30,16,0,16,華南永昌-潮州,2023-08-17,9328
9105,泰金寶-DR,16,0,16,華南永昌-潮州,2023-08-17,9328
00751B,元大AAA至A公司債,14,0,14,華南永昌-潮州,2023-08-17,9328
00919,群益台灣精選高息,14,0,14,華南永昌-潮州,2023-08-17,9328
4162,智擎,13,0,13,華南永昌-潮州,2023-08-17,9328
00687B,國泰20年美債,12,0,12,華南永昌-潮州,2023-08-17,9328
2880,華南金,12,0,12,華南永昌-潮州,2023-08-17,9328
2399,映泰,37,25,12,華南永昌-潮州,2023-08-17,9328
00680L,元大美債20正2,12,0,12,華南永昌-潮州,2023-08-17,9328
2436,偉詮電,13,1,12,華南永昌-潮州,2023-08-17,9328
2330,台積電,12,0,12,華南永昌-潮州,2023-08-17,9328
2913,農林,14,3,11,華南永昌-潮州,2023-08-17,9328
00679B,元大美債20年,11,0,11,華南永昌-潮州,2023-08-17,9328
2409,友達,16,5,11,華南永昌-潮州,2023-08-17,9328
2883,凱基金,15,5,10,華南永昌-潮州,2023-08-17,9328
00633L,富邦上証正2,10,0,10,華南永昌-潮州,2023-08-17,9328
1444,力麗,10,0,10,華南永昌-潮州,2023-08-17,9328
2344,華邦電,20,10,10,華南永昌-潮州,2023-08-17,9328
2882,國泰金,20,10,10,華南永昌-潮州,2023-08-17,9328
2356,英業達,77,68,9,華南永昌-潮州,2023-08-17,9328
1301,台塑,11,2,9,華南永昌-潮州,2023-08-17,9328
00655L,國泰中國A50正2,9,0,9,華南永昌-潮州,2023-08-17,9328
2474,可成,9,0,9,華南永昌-潮州,2023-08-17,9328
9927,泰銘,9,0,9,華南永昌-潮州,2023-08-17,9328
1605,華新,9,1,8,華南永昌-潮州,2023-08-17,9328
3338,泰碩,8,0,8,華南永昌-潮州,2023-08-17,9328
6116,彩晶,11,4,7,華南永昌-潮州,2023-08-17,9328
2892,第一金,7,0,7,華南永昌-潮州,2023-08-17,9328
2887,台新金,7,0,7,華南永昌-潮州,2023-08-17,9328
6239,力成,7,0,7,華南永昌-潮州,2023-08-17,9328
6789,采鈺,7,0,7,華南永昌-潮州,2023-08-17,9328
00712,復華富時不動產,7,0,7,華南永昌-潮州,2023-08-17,9328
2332,友訊,118,19,99,華南永昌-潮州,2023-08-18,9328
00929,復華台灣科技優息,78,5,73,華南永昌-潮州,2023-08-18,9328
6122,擎邦,56,3,53,華南永昌-潮州,2023-08-18,9328
00931B,統一美債20年,52,0,52,華南永昌-潮州,2023-08-18,9328
2324,仁寶,69,24,45,華南永昌-潮州,2023-08-18,9328
00878,國泰永續高股息,41,8,33,華南永昌-潮州,2023-08-18,9328
2436,偉詮電,31,1,30,華南永昌-潮州,2023-08-18,9328
3704,合勤控,37,7,30,華南永昌-潮州,2023-08-18,9328
3042,晶技,30,2,28,華南永昌-潮州,2023-08-18,9328
6139,亞翔,32,6,26,華南永昌-潮州,2023-08-18,9328
2329,華泰,40,14,26,華南永昌-潮州,2023-08-18,9328
2401,凌陽,21,0,21,華南永昌-潮州,2023-08-18,9328
00673R,期元大S＆P原油反1,20,0,20,華南永昌-潮州,2023-08-18,9328
3149,正達,20,0,20,華南永昌-潮州,2023-08-18,9328
00919,群益台灣精選高息,32,15,17,華南永昌-潮州,2023-08-18,9328
2356,英業達,37,21,16,華南永昌-潮州,2023-08-18,9328
00688L,國泰20年美債正2,16,0,16,華南永昌-潮州,2023-08-18,9328
2317,鴻海,15,0,15,華南永昌-潮州,2023-08-18,9328
1471,首利,29,14,15,華南永昌-潮州,2023-08-18,9328
2880,華南金,14,0,14,華南永昌-潮州,2023-08-18,9328
6125,廣運,17,3,14,華南永昌-潮州,2023-08-18,9328
2641,正德,17,4,13,華南永昌-潮州,2023-08-18,9328
1319,東陽,14,1,13,華南永昌-潮州,2023-08-18,9328
2353,宏��,30,17,13,華南永昌-潮州,2023-08-18,9328
2382,廣達,29,16,13,華南永昌-潮州,2023-08-18,9328
1795,美時,15,3,12,華南永昌-潮州,2023-08-18,9328
4968,立積,12,0,12,華南永昌-潮州,2023-08-18,9328
5009,榮剛,12,0,12,華南永昌-潮州,2023-08-18,9328
8048,德勝,12,0,12,華南永昌-潮州,2023-08-18,9328
2618,長榮航,27,16,11,華南永昌-潮州,2023-08-18,9328
2449,京元電子,13,2,11,華南永昌-潮州,2023-08-18,9328
1464,得力,10,0,10,華南永昌-潮州,2023-08-18,9328
1718,中纖,10,0,10,華南永昌-潮州,2023-08-18,9328
2328,廣宇,10,0,10,華南永昌-潮州,2023-08-18,9328
2421,建準,43,33,10,華南永昌-潮州,2023-08-18,9328
6443,元晶,11,1,10,華南永昌-潮州,2023-08-18,9328
6733,博晟生醫,10,0,10,華南永昌-潮州,2023-08-18,9328
3005,神基,9,0,9,華南永昌-潮州,2023-08-18,9328
2344,華邦電,31,22,9,華南永昌-潮州,2023-08-18,9328
3024,憶聲,9,0,9,華南永昌-潮州,2023-08-18,9328
1504,東元,9,1,8,華南永昌-潮州,2023-08-18,9328
00720B,元大投資級公司債,8,0,8,華南永昌-潮州,2023-08-18,9328
2634,漢翔,13,5,8,華南永昌-潮州,2023-08-18,9328
2913,農林,8,0,8,華南永昌-潮州,2023-08-18,9328
2354,鴻準,7,0,7,華南永昌-潮州,2023-08-18,9328
2851,中再保,17,10,7,華南永昌-潮州,2023-08-18,9328
6285,啟��,10,3,7,華南永昌-潮州,2023-08-18,9328
6811,宏�硌穈T,7,0,7,華南永昌-潮州,2023-08-18,9328
6213,聯茂,7,0,7,華南永昌-潮州,2023-08-18,9328
00923,群益台ESG低碳50,7,0,7,華南永昌-潮州,2023-08-18,9328
2891,中信金,784,5,779,華南永昌-潮州,2023-08-21,9328
2538,基泰,156,0,156,華南永昌-潮州,2023-08-21,9328
2374,佳能,96,1,95,華南永昌-潮州,2023-08-21,9328
00929,復華台灣科技優息,71,12,59,華南永昌-潮州,2023-08-21,9328
6117,迎廣,55,0,55,華南永昌-潮州,2023-08-21,9328
2344,華邦電,47,1,46,華南永昌-潮州,2023-08-21,9328
3042,晶技,40,1,39,華南永昌-潮州,2023-08-21,9328
2609,陽明,37,0,37,華南永昌-潮州,2023-08-21,9328
2618,長榮航,40,8,32,華南永昌-潮州,2023-08-21,9328
2610,華航,29,1,28,華南永昌-潮州,2023-08-21,9328
00673R,期元大S＆P原油反1,25,0,25,華南永昌-潮州,2023-08-21,9328
2329,華泰,52,29,23,華南永昌-潮州,2023-08-21,9328
2436,偉詮電,18,0,18,華南永昌-潮州,2023-08-21,9328
4919,新唐,17,0,17,華南永昌-潮州,2023-08-21,9328
00687B,國泰20年美債,16,0,16,華南永昌-潮州,2023-08-21,9328
3706,神達,16,0,16,華南永昌-潮州,2023-08-21,9328
3548,兆利,15,0,15,華南永昌-潮州,2023-08-21,9328
2637,慧洋-KY,17,4,13,華南永昌-潮州,2023-08-21,9328
2892,第一金,17,4,13,華南永昌-潮州,2023-08-21,9328
2382,廣達,19,6,13,華南永昌-潮州,2023-08-21,9328
00882,中信中國高股息,12,0,12,華南永昌-潮州,2023-08-21,9328
1218,泰山,12,0,12,華南永昌-潮州,2023-08-21,9328
1303,南亞,12,0,12,華南永昌-潮州,2023-08-21,9328
2606,裕民,17,5,12,華南永昌-潮州,2023-08-21,9328
2913,農林,12,0,12,華南永昌-潮州,2023-08-21,9328
3056,富華新,12,0,12,華南永昌-潮州,2023-08-21,9328
2301,光寶科,26,15,11,華南永昌-潮州,2023-08-21,9328
00665L,富邦�琤肭磪囓�2,15,4,11,華南永昌-潮州,2023-08-21,9328
2338,光罩,11,0,11,華南永昌-潮州,2023-08-21,9328
2612,中航,13,2,11,華南永昌-潮州,2023-08-21,9328
4938,和碩,11,0,11,華南永昌-潮州,2023-08-21,9328
5388,中磊,12,1,11,華南永昌-潮州,2023-08-21,9328
9105,泰金寶-DR,11,0,11,華南永昌-潮州,2023-08-21,9328
6257,矽格,12,1,11,華南永昌-潮州,2023-08-21,9328
2611,志信,10,0,10,華南永昌-潮州,2023-08-21,9328
00688L,國泰20年美債正2,10,0,10,華南永昌-潮州,2023-08-21,9328
3564,其陽,10,0,10,華南永昌-潮州,2023-08-21,9328
6122,擎邦,11,1,10,華南永昌-潮州,2023-08-21,9328
6176,瑞儀,10,0,10,華南永昌-潮州,2023-08-21,9328
00679B,元大美債20年,9,0,9,華南永昌-潮州,2023-08-21,9328
1301,台塑,8,0,8,華南永昌-潮州,2023-08-21,9328
6153,嘉聯益,10,2,8,華南永昌-潮州,2023-08-21,9328
2324,仁寶,27,20,7,華南永昌-潮州,2023-08-21,9328
2331,精英,13,6,7,華南永昌-潮州,2023-08-21,9328
00878,國泰永續高股息,21,14,7,華南永昌-潮州,2023-08-21,9328
00931B,統一美債20年,7,1,6,華南永昌-潮州,2023-08-21,9328
2376,技嘉,6,0,6,華南永昌-潮州,2023-08-21,9328
3045,台灣大,6,0,6,華南永昌-潮州,2023-08-21,9328
3191,雲嘉南,6,0,6,華南永昌-潮州,2023-08-21,9328
5243,乙盛-KY,6,0,6,華南永昌-潮州,2023-08-21,9328
2891,中信金,174,4,170,華南永昌-潮州,2023-08-22,9328
8358,金居,123,10,113,華南永昌-潮州,2023-08-22,9328
00637L,元大滬深300正2,112,29,83,華南永昌-潮州,2023-08-22,9328
6108,競國,65,0,65,華南永昌-潮州,2023-08-22,9328
1309,台達化,56,0,56,華南永昌-潮州,2023-08-22,9328
1471,首利,54,0,54,華南永昌-潮州,2023-08-22,9328
6198,瑞築,38,0,38,華南永昌-潮州,2023-08-22,9328
3548,兆利,36,0,36,華南永昌-潮州,2023-08-22,9328
2363,矽統,170,139,31,華南永昌-潮州,2023-08-22,9328
2356,英業達,66,37,29,華南永昌-潮州,2023-08-22,9328
2603,長榮,27,1,26,華南永昌-潮州,2023-08-22,9328
3306,鼎天,28,7,21,華南永昌-潮州,2023-08-22,9328
00929,復華台灣科技優息,19,0,19,華南永昌-潮州,2023-08-22,9328
8210,勤誠,41,26,15,華南永昌-潮州,2023-08-22,9328
1905,華紙,17,2,15,華南永昌-潮州,2023-08-22,9328
1522,堤維西,15,0,15,華南永昌-潮州,2023-08-22,9328
2421,建準,21,6,15,華南永昌-潮州,2023-08-22,9328
00713,元大台灣高息低波,16,2,14,華南永昌-潮州,2023-08-22,9328
2382,廣達,34,21,13,華南永昌-潮州,2023-08-22,9328
6235,華孚,15,3,12,華南永昌-潮州,2023-08-22,9328
2887,台新金,11,0,11,華南永昌-潮州,2023-08-22,9328
2401,凌陽,15,4,11,華南永昌-潮州,2023-08-22,9328
6117,迎廣,12,1,11,華南永昌-潮州,2023-08-22,9328
2886,兆豐金,12,2,10,華南永昌-潮州,2023-08-22,9328
2002,中鋼,11,1,10,華南永昌-潮州,2023-08-22,9328
00753L,中信中國50正2,10,0,10,華南永昌-潮州,2023-08-22,9328
3490,單井,10,0,10,華南永昌-潮州,2023-08-22,9328
00878,國泰永續高股息,15,6,9,華南永昌-潮州,2023-08-22,9328
00679B,元大美債20年,11,2,9,華南永昌-潮州,2023-08-22,9328
00715L,期街口布蘭特正2,9,0,9,華南永昌-潮州,2023-08-22,9328
2316,楠梓電,9,0,9,華南永昌-潮州,2023-08-22,9328
3308,聯德,12,3,9,華南永昌-潮州,2023-08-22,9328
5009,榮剛,9,0,9,華南永昌-潮州,2023-08-22,9328
2402,毅嘉,12,4,8,華南永昌-潮州,2023-08-22,9328
2884,玉山金,8,0,8,華南永昌-潮州,2023-08-22,9328
00882,中信中國高股息,7,0,7,華南永昌-潮州,2023-08-22,9328
4906,正文,7,0,7,華南永昌-潮州,2023-08-22,9328
2324,仁寶,42,36,6,華南永昌-潮州,2023-08-22,9328
00688L,國泰20年美債正2,6,0,6,華南永昌-潮州,2023-08-22,9328
1444,力麗,7,1,6,華南永昌-潮州,2023-08-22,9328
2457,飛宏,6,0,6,華南永昌-潮州,2023-08-22,9328
2515,中工,6,0,6,華南永昌-潮州,2023-08-22,9328
5425,台半,6,0,6,華南永昌-潮州,2023-08-22,9328
6861,睿生光電,6,0,6,華南永昌-潮州,2023-08-22,9328
00923,群益台ESG低碳50,7,1,6,華南永昌-潮州,2023-08-22,9328
2645,長榮航太,6,0,6,華南永昌-潮州,2023-08-22,9328
6125,廣運,38,33,5,華南永昌-潮州,2023-08-22,9328
3576,聯合再生,5,0,5,華南永昌-潮州,2023-08-22,9328
4919,新唐,5,0,5,華南永昌-潮州,2023-08-22,9328
1785,光洋科,5,0,5,華南永昌-潮州,2023-08-22,9328
6125,廣運,100,23,77,華南永昌-潮州,2023-08-23,9328
00929,復華台灣科技優息,70,2,68,華南永昌-潮州,2023-08-23,9328
2618,長榮航,67,5,62,華南永昌-潮州,2023-08-23,9328
2605,新興,45,1,44,華南永昌-潮州,2023-08-23,9328
6282,康舒,39,1,38,華南永昌-潮州,2023-08-23,9328
2301,光寶科,36,1,35,華南永昌-潮州,2023-08-23,9328
1467,南緯,30,0,30,華南永昌-潮州,2023-08-23,9328
00882,中信中國高股息,25,0,25,華南永昌-潮州,2023-08-23,9328
00712,復華富時不動產,24,0,24,華南永昌-潮州,2023-08-23,9328
2337,旺宏,15,0,15,華南永昌-潮州,2023-08-23,9328
4919,新唐,21,6,15,華南永昌-潮州,2023-08-23,9328
3231,緯創,54,40,14,華南永昌-潮州,2023-08-23,9328
3071,協禧,16,3,13,華南永昌-潮州,2023-08-23,9328
2002,中鋼,13,0,13,華南永昌-潮州,2023-08-23,9328
3035,智原,15,4,11,華南永昌-潮州,2023-08-23,9328
8222,寶一,11,0,11,華南永昌-潮州,2023-08-23,9328
1513,中興電,10,0,10,華南永昌-潮州,2023-08-23,9328
2641,正德,20,10,10,華南永昌-潮州,2023-08-23,9328
00665L,富邦�琤肭磪囓�2,10,0,10,華南永昌-潮州,2023-08-23,9328
1464,得力,10,0,10,華南永昌-潮州,2023-08-23,9328
3689,湧德,12,2,10,華南永昌-潮州,2023-08-23,9328
4906,正文,19,9,10,華南永昌-潮州,2023-08-23,9328
1605,華新,11,2,9,華南永昌-潮州,2023-08-23,9328
2883,凱基金,22,13,9,華南永昌-潮州,2023-08-23,9328
3567,逸昌,10,1,9,華南永昌-潮州,2023-08-23,9328
5371,中光電,12,3,9,華南永昌-潮州,2023-08-23,9328
2609,陽明,13,4,9,華南永昌-潮州,2023-08-23,9328
3163,波若威,14,6,8,華南永昌-潮州,2023-08-23,9328
3051,力特,14,6,8,華南永昌-潮州,2023-08-23,9328
1301,台塑,12,5,7,華南永昌-潮州,2023-08-23,9328
1905,華紙,10,3,7,華南永昌-潮州,2023-08-23,9328
4123,晟德,8,1,7,華南永昌-潮州,2023-08-23,9328
00888,永豐台灣ESG,7,1,6,華南永昌-潮州,2023-08-23,9328
2606,裕民,12,6,6,華南永昌-潮州,2023-08-23,9328
00720B,元大投資級公司債,6,0,6,華南永昌-潮州,2023-08-23,9328
1709,和益,6,0,6,華南永昌-潮州,2023-08-23,9328
3013,晟銘電,63,58,5,華南永昌-潮州,2023-08-23,9328
2382,廣達,13,8,5,華南永昌-潮州,2023-08-23,9328
3308,聯德,6,1,5,華南永昌-潮州,2023-08-23,9328
1795,美時,6,1,5,華南永昌-潮州,2023-08-23,9328
1444,力麗,5,0,5,華南永昌-潮州,2023-08-23,9328
00632R,元大台灣50反1,5,0,5,華南永昌-潮州,2023-08-23,9328
2388,威盛,9,4,5,華南永昌-潮州,2023-08-23,9328
3492,長盛,5,0,5,華南永昌-潮州,2023-08-23,9328
4707,磐亞,5,0,5,華南永昌-潮州,2023-08-23,9328
8109,博大,5,0,5,華南永昌-潮州,2023-08-23,9328
4938,和碩,11,6,5,華南永昌-潮州,2023-08-23,9328
6227,茂綸,5,0,5,華南永昌-潮州,2023-08-23,9328
2834,臺企銀,7,3,4,華南永昌-潮州,2023-08-23,9328
2303,聯電,10,6,4,華南永昌-潮州,2023-08-23,9328
00929,復華台灣科技優息,116,25,91,華南永昌-潮州,2023-08-24,9328
00722B,群益投資級電信債,63,2,61,華南永昌-潮州,2023-08-24,9328
00931B,統一美債20年,60,1,59,華南永昌-潮州,2023-08-24,9328
2356,英業達,84,29,55,華南永昌-潮州,2023-08-24,9328
00632R,元大台灣50反1,52,0,52,華南永昌-潮州,2023-08-24,9328
3706,神達,64,13,51,華南永昌-潮州,2023-08-24,9328
00919,群益台灣精選高息,41,0,41,華南永昌-潮州,2023-08-24,9328
3483,力致,73,33,40,華南永昌-潮州,2023-08-24,9328
2312,金寶,45,5,40,華南永昌-潮州,2023-08-24,9328
3013,晟銘電,71,36,35,華南永昌-潮州,2023-08-24,9328
5215,科嘉-KY,34,2,32,華南永昌-潮州,2023-08-24,9328
2634,漢翔,62,33,29,華南永昌-潮州,2023-08-24,9328
5348,正能量智能,30,1,29,華南永昌-潮州,2023-08-24,9328
2610,華航,30,4,26,華南永昌-潮州,2023-08-24,9328
2890,永豐金,25,0,25,華南永昌-潮州,2023-08-24,9328
2363,矽統,250,225,25,華南永昌-潮州,2023-08-24,9328
3051,力特,27,3,24,華南永昌-潮州,2023-08-24,9328
3078,僑威,24,1,23,華南永昌-潮州,2023-08-24,9328
2615,萬海,21,0,21,華南永昌-潮州,2023-08-24,9328
5469,瀚宇博,31,10,21,華南永昌-潮州,2023-08-24,9328
6285,啟��,28,7,21,華南永昌-潮州,2023-08-24,9328
3094,聯傑,23,2,21,華南永昌-潮州,2023-08-24,9328
2609,陽明,23,2,21,華南永昌-潮州,2023-08-24,9328
2208,台船,21,1,20,華南永昌-潮州,2023-08-24,9328
1471,首利,21,2,19,華南永昌-潮州,2023-08-24,9328
2338,光罩,19,4,15,華南永昌-潮州,2023-08-24,9328
2734,易飛網,15,0,15,華南永昌-潮州,2023-08-24,9328
2618,長榮航,17,3,14,華南永昌-潮州,2023-08-24,9328
2002,中鋼,17,3,14,華南永昌-潮州,2023-08-24,9328
00679B,元大美債20年,13,0,13,華南永昌-潮州,2023-08-24,9328
00907,永豐優息存股,13,0,13,華南永昌-潮州,2023-08-24,9328
00900,富邦特選高股息30,15,2,13,華南永昌-潮州,2023-08-24,9328
2324,仁寶,17,5,12,華南永昌-潮州,2023-08-24,9328
3062,建漢,12,0,12,華南永昌-潮州,2023-08-24,9328
6282,康舒,34,23,11,華南永昌-潮州,2023-08-24,9328
3056,富華新,12,1,11,華南永昌-潮州,2023-08-24,9328
2605,新興,22,11,11,華南永昌-潮州,2023-08-24,9328
5483,中美晶,10,0,10,華南永昌-潮州,2023-08-24,9328
020032,元大綠能N,10,0,10,華南永昌-潮州,2023-08-24,9328
00642U,期元大S＆P石油,10,0,10,華南永昌-潮州,2023-08-24,9328
1305,華夏,10,0,10,華南永昌-潮州,2023-08-24,9328
1612,宏泰,10,0,10,華南永昌-潮州,2023-08-24,9328
1784,訊聯,10,0,10,華南永昌-潮州,2023-08-24,9328
2323,中環,12,2,10,華南永昌-潮州,2023-08-24,9328
2867,三商壽,10,0,10,華南永昌-潮州,2023-08-24,9328
3227,原相,10,0,10,華南永昌-潮州,2023-08-24,9328
6271,同欣電,10,0,10,華南永昌-潮州,2023-08-24,9328
8358,金居,23,13,10,華南永昌-潮州,2023-08-24,9328
8222,寶一,10,0,10,華南永昌-潮州,2023-08-24,9328
3576,聯合再生,10,0,10,華南永昌-潮州,2023-08-24,9328
00929,復華台灣科技優息,157,0,157,華南永昌-潮州,2023-08-25,9328
3231,緯創,137,21,116,華南永昌-潮州,2023-08-25,9328
00878,國泰永續高股息,68,0,68,華南永昌-潮州,2023-08-25,9328
5381,合正,64,0,64,華南永昌-潮州,2023-08-25,9328
00919,群益台灣精選高息,51,3,48,華南永昌-潮州,2023-08-25,9328
2892,第一金,39,0,39,華南永昌-潮州,2023-08-25,9328
2344,華邦電,34,1,33,華南永昌-潮州,2023-08-25,9328
020038,元大ESG配息N,30,0,30,華南永昌-潮州,2023-08-25,9328
2353,宏��,33,5,28,華南永昌-潮州,2023-08-25,9328
00881,國泰台灣5G+,26,0,26,華南永昌-潮州,2023-08-25,9328
3234,光環,28,2,26,華南永昌-潮州,2023-08-25,9328
3037,欣興,27,2,25,華南永昌-潮州,2023-08-25,9328
2618,長榮航,187,163,24,華南永昌-潮州,2023-08-25,9328
00753L,中信中國50正2,25,1,24,華南永昌-潮州,2023-08-25,9328
3062,建漢,22,0,22,華南永昌-潮州,2023-08-25,9328
2356,英業達,44,26,18,華南永昌-潮州,2023-08-25,9328
2382,廣達,41,24,17,華南永昌-潮州,2023-08-25,9328
2484,希華,16,0,16,華南永昌-潮州,2023-08-25,9328
2409,友達,15,0,15,華南永昌-潮州,2023-08-25,9328
020032,元大綠能N,15,0,15,華南永昌-潮州,2023-08-25,9328
2330,台積電,16,1,15,華南永昌-潮州,2023-08-25,9328
2303,聯電,20,5,15,華南永昌-潮州,2023-08-25,9328
3305,昇貿,15,1,14,華南永昌-潮州,2023-08-25,9328
2610,華航,19,6,13,華南永昌-潮州,2023-08-25,9328
2355,敬鵬,13,0,13,華南永昌-潮州,2023-08-25,9328
8033,雷虎,15,2,13,華南永昌-潮州,2023-08-25,9328
2002,中鋼,16,3,13,華南永昌-潮州,2023-08-25,9328
2460,建通,13,1,12,華南永昌-潮州,2023-08-25,9328
3189,景碩,13,1,12,華南永昌-潮州,2023-08-25,9328
2891,中信金,11,0,11,華南永昌-潮州,2023-08-25,9328
8046,南電,11,0,11,華南永昌-潮州,2023-08-25,9328
8926,台汽電,11,0,11,華南永昌-潮州,2023-08-25,9328
00907,永豐優息存股,11,0,11,華南永昌-潮州,2023-08-25,9328
2890,永豐金,11,0,11,華南永昌-潮州,2023-08-25,9328
0056,元大高股息,11,1,10,華南永昌-潮州,2023-08-25,9328
1314,中石化,20,10,10,華南永昌-潮州,2023-08-25,9328
2903,遠百,10,0,10,華南永昌-潮州,2023-08-25,9328
2486,一詮,13,4,9,華南永昌-潮州,2023-08-25,9328
3548,兆利,9,0,9,華南永昌-潮州,2023-08-25,9328
2369,菱生,12,4,8,華南永昌-潮州,2023-08-25,9328
2880,華南金,7,0,7,華南永昌-潮州,2023-08-25,9328
2402,毅嘉,9,2,7,華南永昌-潮州,2023-08-25,9328
2468,華經,7,0,7,華南永昌-潮州,2023-08-25,9328
4938,和碩,7,0,7,華南永昌-潮州,2023-08-25,9328
1784,訊聯,6,0,6,華南永昌-潮州,2023-08-25,9328
1903,士紙,6,0,6,華南永昌-潮州,2023-08-25,9328
2388,威盛,37,31,6,華南永昌-潮州,2023-08-25,9328
2702,華園,6,0,6,華南永昌-潮州,2023-08-25,9328
2834,臺企銀,6,0,6,華南永昌-潮州,2023-08-25,9328
1101,台泥,5,0,5,華南永昌-潮州,2023-08-25,9328
2369,菱生,137,19,118,華南永昌-潮州,2023-08-28,9328
2610,華航,92,0,92,華南永昌-潮州,2023-08-28,9328
2618,長榮航,95,11,84,華南永昌-潮州,2023-08-28,9328
1737,臺鹽,85,15,70,華南永昌-潮州,2023-08-28,9328
00929,復華台灣科技優息,61,8,53,華南永昌-潮州,2023-08-28,9328
00882,中信中國高股息,46,0,46,華南永昌-潮州,2023-08-28,9328
3483,力致,32,2,30,華南永昌-潮州,2023-08-28,9328
6125,廣運,39,11,28,華南永昌-潮州,2023-08-28,9328
00919,群益台灣精選高息,27,0,27,華南永昌-潮州,2023-08-28,9328
3078,僑威,21,0,21,華南永昌-潮州,2023-08-28,9328
00665L,富邦�琤肭磪囓�2,45,24,21,華南永昌-潮州,2023-08-28,9328
2312,金寶,20,0,20,華南永昌-潮州,2023-08-28,9328
00632R,元大台灣50反1,21,1,20,華南永昌-潮州,2023-08-28,9328
2645,長榮航太,34,14,20,華南永昌-潮州,2023-08-28,9328
00921,兆豐龍頭等權重,19,0,19,華南永昌-潮州,2023-08-28,9328
6664,群翊,18,0,18,華南永昌-潮州,2023-08-28,9328
5439,高技,17,0,17,華南永昌-潮州,2023-08-28,9328
5381,合正,22,6,16,華南永昌-潮州,2023-08-28,9328
2388,威盛,30,15,15,華南永昌-潮州,2023-08-28,9328
6139,亞翔,18,3,15,華南永昌-潮州,2023-08-28,9328
00637L,元大滬深300正2,32,17,15,華南永昌-潮州,2023-08-28,9328
2890,永豐金,15,0,15,華南永昌-潮州,2023-08-28,9328
3037,欣興,18,3,15,華南永昌-潮州,2023-08-28,9328
2331,精英,47,33,14,華南永昌-潮州,2023-08-28,9328
020030,統一智慧電動車N,13,0,13,華南永昌-潮州,2023-08-28,9328
8150,南茂,12,0,12,華南永昌-潮州,2023-08-28,9328
2884,玉山金,12,0,12,華南永昌-潮州,2023-08-28,9328
2301,光寶科,12,1,11,華南永昌-潮州,2023-08-28,9328
5348,正能量智能,11,0,11,華南永昌-潮州,2023-08-28,9328
00713,元大台灣高息低波,10,0,10,華南永昌-潮州,2023-08-28,9328
00673R,期元大S＆P原油反1,10,0,10,華南永昌-潮州,2023-08-28,9328
2314,台揚,10,0,10,華南永昌-潮州,2023-08-28,9328
2484,希華,10,0,10,華南永昌-潮州,2023-08-28,9328
2880,華南金,10,0,10,華南永昌-潮州,2023-08-28,9328
4542,科嶠,25,15,10,華南永昌-潮州,2023-08-28,9328
4564,元翎,10,0,10,華南永昌-潮州,2023-08-28,9328
5225,東科-KY,10,0,10,華南永昌-潮州,2023-08-28,9328
4906,正文,57,47,10,華南永昌-潮州,2023-08-28,9328
4414,如興,9,0,9,華南永昌-潮州,2023-08-28,9328
2353,宏��,22,14,8,華南永昌-潮州,2023-08-28,9328
5498,凱崴,7,0,7,華南永昌-潮州,2023-08-28,9328
8093,保銳,6,0,6,華南永昌-潮州,2023-08-28,9328
2834,臺企銀,6,0,6,華南永昌-潮州,2023-08-28,9328
00712,復華富時不動產,5,0,5,華南永昌-潮州,2023-08-28,9328
1210,大成,5,0,5,華南永昌-潮州,2023-08-28,9328
1584,精剛,6,1,5,華南永昌-潮州,2023-08-28,9328
1710,東聯,5,0,5,華南永昌-潮州,2023-08-28,9328
2027,大成鋼,5,0,5,華南永昌-潮州,2023-08-28,9328
3234,光環,6,1,5,華南永昌-潮州,2023-08-28,9328
3689,湧德,5,0,5,華南永昌-潮州,2023-08-28,9328
2363,矽統,155,110,45,華南永昌-潮州,2023-08-29,9328
2618,長榮航,26,1,25,華南永昌-潮州,2023-08-29,9328
3013,晟銘電,31,6,25,華南永昌-潮州,2023-08-29,9328
1471,首利,27,6,21,華南永昌-潮州,2023-08-29,9328
3231,緯創,48,27,21,華南永昌-潮州,2023-08-29,9328
1314,中石化,20,0,20,華南永昌-潮州,2023-08-29,9328
6104,創惟,23,4,19,華南永昌-潮州,2023-08-29,9328
00632R,元大台灣50反1,39,21,18,華南永昌-潮州,2023-08-29,9328
2369,菱生,19,1,18,華南永昌-潮州,2023-08-29,9328
2891,中信金,20,2,18,華南永昌-潮州,2023-08-29,9328
2002,中鋼,17,0,17,華南永昌-潮州,2023-08-29,9328
2605,新興,18,1,17,華南永昌-潮州,2023-08-29,9328
2376,技嘉,33,17,16,華南永昌-潮州,2023-08-29,9328
2485,兆赫,20,4,16,華南永昌-潮州,2023-08-29,9328
5388,中磊,24,8,16,華南永昌-潮州,2023-08-29,9328
2903,遠百,15,0,15,華南永昌-潮州,2023-08-29,9328
6664,群翊,16,1,15,華南永昌-潮州,2023-08-29,9328
3483,力致,15,2,13,華南永昌-潮州,2023-08-29,9328
2880,華南金,11,0,11,華南永昌-潮州,2023-08-29,9328
1905,華紙,12,1,11,華南永昌-潮州,2023-08-29,9328
2022,聚亨,17,6,11,華南永昌-潮州,2023-08-29,9328
2883,凱基金,20,10,10,華南永昌-潮州,2023-08-29,9328
2890,永豐金,10,0,10,華南永昌-潮州,2023-08-29,9328
3138,耀登,10,0,10,華南永昌-潮州,2023-08-29,9328
4909,新復興,10,0,10,華南永昌-潮州,2023-08-29,9328
2388,威盛,17,8,9,華南永昌-潮州,2023-08-29,9328
4916,事欣科,10,1,9,華南永昌-潮州,2023-08-29,9328
2892,第一金,10,2,8,華南永昌-潮州,2023-08-29,9328
2915,潤泰全,8,1,7,華南永昌-潮州,2023-08-29,9328
2027,大成鋼,6,0,6,華南永昌-潮州,2023-08-29,9328
2516,新建,6,0,6,華南永昌-潮州,2023-08-29,9328
8033,雷虎,6,0,6,華南永昌-潮州,2023-08-29,9328
2014,中鴻,6,1,5,華南永昌-潮州,2023-08-29,9328
2303,聯電,17,12,5,華南永昌-潮州,2023-08-29,9328
2634,漢翔,35,30,5,華南永昌-潮州,2023-08-29,9328
2707,晶華,5,0,5,華南永昌-潮州,2023-08-29,9328
2886,兆豐金,10,5,5,華南永昌-潮州,2023-08-29,9328
6167,久正,17,12,5,華南永昌-潮州,2023-08-29,9328
6492,生華科,5,0,5,華南永昌-潮州,2023-08-29,9328
00923,群益台ESG低碳50,6,1,5,華南永昌-潮州,2023-08-29,9328
3005,神基,4,0,4,華南永昌-潮州,2023-08-29,9328
2834,臺企銀,4,0,4,華南永昌-潮州,2023-08-29,9328
3010,華立,4,0,4,華南永昌-潮州,2023-08-29,9328
4961,天鈺,12,8,4,華南永昌-潮州,2023-08-29,9328
6182,合晶,4,0,4,華南永昌-潮州,2023-08-29,9328
1522,堤維西,3,0,3,華南永昌-潮州,2023-08-29,9328
1736,喬山,3,0,3,華南永昌-潮州,2023-08-29,9328
2316,楠梓電,3,0,3,華南永昌-潮州,2023-08-29,9328
2615,萬海,4,1,3,華南永昌-潮州,2023-08-29,9328
2630,亞航,12,9,3,華南永昌-潮州,2023-08-29,9328
3481,群創,56,1,55,華南永昌-潮州,2023-08-30,9328
00637L,元大滬深300正2,34,0,34,華南永昌-潮州,2023-08-30,9328
2367,燿華,28,0,28,華南永昌-潮州,2023-08-30,9328
2027,大成鋼,26,1,25,華南永昌-潮州,2023-08-30,9328
2495,普安,24,0,24,華南永昌-潮州,2023-08-30,9328
5009,榮剛,24,0,24,華南永昌-潮州,2023-08-30,9328
00673R,期元大S＆P原油反1,20,0,20,華南永昌-潮州,2023-08-30,9328
2344,華邦電,38,18,20,華南永昌-潮州,2023-08-30,9328
00929,復華台灣科技優息,87,68,19,華南永昌-潮州,2023-08-30,9328
2316,楠梓電,18,0,18,華南永昌-潮州,2023-08-30,9328
00878,國泰永續高股息,18,1,17,華南永昌-潮州,2023-08-30,9328
00919,群益台灣精選高息,17,1,16,華南永昌-潮州,2023-08-30,9328
3189,景碩,15,0,15,華南永昌-潮州,2023-08-30,9328
00753L,中信中國50正2,14,0,14,華南永昌-潮州,2023-08-30,9328
6282,康舒,17,3,14,華南永昌-潮州,2023-08-30,9328
00713,元大台灣高息低波,15,1,14,華南永昌-潮州,2023-08-30,9328
2301,光寶科,16,3,13,華南永昌-潮州,2023-08-30,9328
2618,長榮航,22,9,13,華南永昌-潮州,2023-08-30,9328
2331,精英,61,48,13,華南永昌-潮州,2023-08-30,9328
1471,首利,17,6,11,華南永昌-潮州,2023-08-30,9328
2511,太子,11,0,11,華南永昌-潮州,2023-08-30,9328
2609,陽明,11,0,11,華南永昌-潮州,2023-08-30,9328
00633L,富邦上証正2,30,20,10,華南永昌-潮州,2023-08-30,9328
1809,中釉,10,0,10,華南永昌-潮州,2023-08-30,9328
3051,力特,12,3,9,華南永昌-潮州,2023-08-30,9328
3308,聯德,10,1,9,華南永昌-潮州,2023-08-30,9328
6125,廣運,11,2,9,華南永昌-潮州,2023-08-30,9328
2630,亞航,23,15,8,華南永昌-潮州,2023-08-30,9328
5340,建榮,56,48,8,華南永昌-潮州,2023-08-30,9328
2634,漢翔,23,15,8,華南永昌-潮州,2023-08-30,9328
2409,友達,7,0,7,華南永昌-潮州,2023-08-30,9328
3548,兆利,8,2,6,華南永昌-潮州,2023-08-30,9328
6233,旺玖,6,0,6,華南永昌-潮州,2023-08-30,9328
2363,矽統,152,147,5,華南永昌-潮州,2023-08-30,9328
3588,通嘉,5,0,5,華南永昌-潮州,2023-08-30,9328
6443,元晶,5,0,5,華南永昌-潮州,2023-08-30,9328
8210,勤誠,10,5,5,華南永昌-潮州,2023-08-30,9328
6235,華孚,13,8,5,華南永昌-潮州,2023-08-30,9328
2356,英業達,10,5,5,華南永昌-潮州,2023-08-30,9328
00632R,元大台灣50反1,4,0,4,華南永昌-潮州,2023-08-30,9328
2401,凌陽,11,7,4,華南永昌-潮州,2023-08-30,9328
2547,日勝生,5,1,4,華南永昌-潮州,2023-08-30,9328
4207,環泰,4,0,4,華南永昌-潮州,2023-08-30,9328
4414,如興,4,0,4,華南永昌-潮州,2023-08-30,9328
6190,萬泰科,4,0,4,華南永昌-潮州,2023-08-30,9328
3037,欣興,7,3,4,華南永昌-潮州,2023-08-30,9328
3006,晶豪科,4,0,4,華南永昌-潮州,2023-08-30,9328
00679B,元大美債20年,3,0,3,華南永昌-潮州,2023-08-30,9328
2031,新光鋼,3,0,3,華南永昌-潮州,2023-08-30,9328
2324,仁寶,11,8,3,華南永昌-潮州,2023-08-30,9328
2891,中信金,40,3,37,華南永昌-潮州,2023-08-31,9328
4129,聯合,36,1,35,華南永昌-潮州,2023-08-31,9328
00929,復華台灣科技優息,48,14,34,華南永昌-潮州,2023-08-31,9328
2892,第一金,24,0,24,華南永昌-潮州,2023-08-31,9328
2495,普安,22,0,22,華南永昌-潮州,2023-08-31,9328
2390,云辰,23,1,22,華南永昌-潮州,2023-08-31,9328
2303,聯電,25,3,22,華南永昌-潮州,2023-08-31,9328
2323,中環,23,2,21,華南永昌-潮州,2023-08-31,9328
3078,僑威,28,7,21,華南永昌-潮州,2023-08-31,9328
3056,富華新,20,0,20,華南永昌-潮州,2023-08-31,9328
6156,松上,20,0,20,華南永昌-潮州,2023-08-31,9328
2890,永豐金,18,0,18,華南永昌-潮州,2023-08-31,9328
2485,兆赫,55,38,17,華南永昌-潮州,2023-08-31,9328
00712,復華富時不動產,15,0,15,華南永昌-潮州,2023-08-31,9328
00637L,元大滬深300正2,15,0,15,華南永昌-潮州,2023-08-31,9328
3715,定穎投控,48,33,15,華南永昌-潮州,2023-08-31,9328
2412,中華電,14,0,14,華南永昌-潮州,2023-08-31,9328
8277,商丞,14,0,14,華南永昌-潮州,2023-08-31,9328
00878,國泰永續高股息,18,4,14,華南永昌-潮州,2023-08-31,9328
00665L,富邦�琤肭磪囓�2,34,22,12,華南永昌-潮州,2023-08-31,9328
2630,亞航,19,7,12,華南永昌-潮州,2023-08-31,9328
2610,華航,15,4,11,華南永昌-潮州,2023-08-31,9328
2884,玉山金,10,0,10,華南永昌-潮州,2023-08-31,9328
00688L,國泰20年美債正2,10,0,10,華南永昌-潮州,2023-08-31,9328
2867,三商壽,10,0,10,華南永昌-潮州,2023-08-31,9328
2882,國泰金,10,0,10,華南永昌-潮州,2023-08-31,9328
5014,建錩,10,0,10,華南永昌-潮州,2023-08-31,9328
6150,撼訊,11,1,10,華南永昌-潮州,2023-08-31,9328
6191,精成科,10,0,10,華南永昌-潮州,2023-08-31,9328
6547,高端疫苗,43,33,10,華南永昌-潮州,2023-08-31,9328
9105,泰金寶-DR,10,0,10,華南永昌-潮州,2023-08-31,9328
4147,中裕,9,0,9,華南永昌-潮州,2023-08-31,9328
5340,建榮,21,12,9,華南永昌-潮州,2023-08-31,9328
8299,群聯,10,1,9,華南永昌-潮州,2023-08-31,9328
2886,兆豐金,8,0,8,華南永昌-潮州,2023-08-31,9328
2356,英業達,15,7,8,華南永昌-潮州,2023-08-31,9328
2618,長榮航,13,5,8,華南永昌-潮州,2023-08-31,9328
2634,漢翔,27,19,8,華南永昌-潮州,2023-08-31,9328
3149,正達,9,1,8,華南永昌-潮州,2023-08-31,9328
4541,晟田,13,5,8,華南永昌-潮州,2023-08-31,9328
3094,聯傑,8,0,8,華南永昌-潮州,2023-08-31,9328
2002,中鋼,11,4,7,華南永昌-潮州,2023-08-31,9328
2419,仲琦,8,1,7,華南永昌-潮州,2023-08-31,9328
2880,華南金,6,0,6,華南永昌-潮州,2023-08-31,9328
2388,威盛,8,2,6,華南永昌-潮州,2023-08-31,9328
2883,凱基金,6,0,6,華南永昌-潮州,2023-08-31,9328
1802,台玻,11,5,6,華南永昌-潮州,2023-08-31,9328
2324,仁寶,15,9,6,華南永昌-潮州,2023-08-31,9328
00713,元大台灣高息低波,6,0,6,華南永昌-潮州,2023-08-31,9328
1471,首利,9,3,6,華南永昌-潮州,2023-08-31,9328
00919,群益台灣精選高息,131,2,129,華南永昌-潮州,2023-09-01,9328
00932,兆豐永續高息等權,120,27,93,華南永昌-潮州,2023-09-01,9328
1409,新纖,69,0,69,華南永昌-潮州,2023-09-01,9328
3231,緯創,65,20,45,華南永昌-潮州,2023-09-01,9328
2891,中信金,41,0,41,華南永昌-潮州,2023-09-01,9328
8088,品安,41,3,38,華南永昌-潮州,2023-09-01,9328
8070,長華*,35,0,35,華南永昌-潮州,2023-09-01,9328
3308,聯德,33,1,32,華南永昌-潮州,2023-09-01,9328
2883B,凱基金乙特,30,0,30,華南永昌-潮州,2023-09-01,9328
00929,復華台灣科技優息,36,7,29,華南永昌-潮州,2023-09-01,9328
00673R,期元大S＆P原油反1,27,0,27,華南永昌-潮州,2023-09-01,9328
2324,仁寶,28,4,24,華南永昌-潮州,2023-09-01,9328
1815,富喬,21,0,21,華南永昌-潮州,2023-09-01,9328
8358,金居,19,0,19,華南永昌-潮州,2023-09-01,9328
4706,大恭,15,0,15,華南永昌-潮州,2023-09-01,9328
00665L,富邦�琤肭磪囓�2,15,0,15,華南永昌-潮州,2023-09-01,9328
1217,愛之味,18,3,15,華南永昌-潮州,2023-09-01,9328
2332,友訊,15,0,15,華南永昌-潮州,2023-09-01,9328
3483,力致,17,2,15,華南永昌-潮州,2023-09-01,9328
2382,廣達,15,2,13,華南永昌-潮州,2023-09-01,9328
00923,群益台ESG低碳50,13,0,13,華南永昌-潮州,2023-09-01,9328
2356,英業達,19,7,12,華南永昌-潮州,2023-09-01,9328
6125,廣運,15,3,12,華南永昌-潮州,2023-09-01,9328
2329,華泰,21,9,12,華南永昌-潮州,2023-09-01,9328
6282,康舒,31,20,11,華南永昌-潮州,2023-09-01,9328
2610,華航,17,6,11,華南永昌-潮州,2023-09-01,9328
4564,元翎,12,1,11,華南永昌-潮州,2023-09-01,9328
6547,高端疫苗,28,17,11,華南永昌-潮州,2023-09-01,9328
1101,台泥,10,0,10,華南永昌-潮州,2023-09-01,9328
2367,燿華,22,12,10,華南永昌-潮州,2023-09-01,9328
2457,飛宏,12,2,10,華南永昌-潮州,2023-09-01,9328
3325,旭品,10,0,10,華南永昌-潮州,2023-09-01,9328
6532,瑞耘,10,0,10,華南永昌-潮州,2023-09-01,9328
00713,元大台灣高息低波,10,0,10,華南永昌-潮州,2023-09-01,9328
00878,國泰永續高股息,12,2,10,華南永昌-潮州,2023-09-01,9328
6770,力積電,10,1,9,華南永昌-潮州,2023-09-01,9328
3346,麗清,9,0,9,華南永昌-潮州,2023-09-01,9328
4188,安克,9,0,9,華南永昌-潮州,2023-09-01,9328
5328,華容,10,1,9,華南永昌-潮州,2023-09-01,9328
6789,采鈺,8,0,8,華南永昌-潮州,2023-09-01,9328
2206,三陽工業,11,3,8,華南永昌-潮州,2023-09-01,9328
1522,堤維西,11,4,7,華南永昌-潮州,2023-09-01,9328
2412,中華電,7,0,7,華南永昌-潮州,2023-09-01,9328
6173,信昌電,8,1,7,華南永昌-潮州,2023-09-01,9328
6492,生華科,7,0,7,華南永昌-潮州,2023-09-01,9328
2884,玉山金,6,0,6,華南永昌-潮州,2023-09-01,9328
2376,技嘉,7,2,5,華南永昌-潮州,2023-09-01,9328
2349,錸德,10,5,5,華南永昌-潮州,2023-09-01,9328
1449,佳和,5,0,5,華南永昌-潮州,2023-09-01,9328
1514,亞力,5,0,5,華南永昌-潮州,2023-09-01,9328
2363,矽統,222,56,166,華南永昌-潮州,2023-09-04,9328
00751B,元大AAA至A公司債,55,0,55,華南永昌-潮州,2023-09-04,9328
00753L,中信中國50正2,45,0,45,華南永昌-潮州,2023-09-04,9328
5381,合正,59,16,43,華南永昌-潮州,2023-09-04,9328
00915,凱基優選高股息30,40,0,40,華南永昌-潮州,2023-09-04,9328
3231,緯創,71,33,38,華南永昌-潮州,2023-09-04,9328
3481,群創,39,9,30,華南永昌-潮州,2023-09-04,9328
2436,偉詮電,36,9,27,華南永昌-潮州,2023-09-04,9328
2409,友達,25,0,25,華南永昌-潮州,2023-09-04,9328
8070,長華*,21,0,21,華南永昌-潮州,2023-09-04,9328
00673R,期元大S＆P原油反1,20,0,20,華南永昌-潮州,2023-09-04,9328
2331,精英,21,2,19,華南永昌-潮州,2023-09-04,9328
1444,力麗,23,7,16,華南永昌-潮州,2023-09-04,9328
2634,漢翔,31,15,16,華南永昌-潮州,2023-09-04,9328
5351,鈺創,17,1,16,華南永昌-潮州,2023-09-04,9328
00722B,群益投資級電信債,13,0,13,華南永昌-潮州,2023-09-04,9328
1616,億泰,25,12,13,華南永昌-潮州,2023-09-04,9328
2329,華泰,36,23,13,華南永昌-潮州,2023-09-04,9328
3035,智原,30,17,13,華南永昌-潮州,2023-09-04,9328
00919,群益台灣精選高息,68,55,13,華南永昌-潮州,2023-09-04,9328
00795B,中信美國公債20年,11,0,11,華南永昌-潮州,2023-09-04,9328
2312,金寶,11,0,11,華南永昌-潮州,2023-09-04,9328
2610,華航,11,0,11,華南永昌-潮州,2023-09-04,9328
5340,建榮,11,0,11,華南永昌-潮州,2023-09-04,9328
6125,廣運,12,1,11,華南永昌-潮州,2023-09-04,9328
2609,陽明,13,2,11,華南永昌-潮州,2023-09-04,9328
00900,富邦特選高股息30,10,0,10,華南永昌-潮州,2023-09-04,9328
2371,大同,11,1,10,華南永昌-潮州,2023-09-04,9328
2630,亞航,16,6,10,華南永昌-潮州,2023-09-04,9328
6167,久正,15,5,10,華南永昌-潮州,2023-09-04,9328
2888,新光金,10,0,10,華南永昌-潮州,2023-09-04,9328
00687B,國泰20年美債,9,0,9,華南永昌-潮州,2023-09-04,9328
00679B,元大美債20年,8,0,8,華南永昌-潮州,2023-09-04,9328
3078,僑威,14,6,8,華南永昌-潮州,2023-09-04,9328
9941,裕融,7,0,7,華南永昌-潮州,2023-09-04,9328
00680L,元大美債20正2,7,0,7,華南永昌-潮州,2023-09-04,9328
3005,神基,7,0,7,華南永昌-潮州,2023-09-04,9328
1802,台玻,18,12,6,華南永昌-潮州,2023-09-04,9328
00713,元大台灣高息低波,6,0,6,華南永昌-潮州,2023-09-04,9328
2401,凌陽,7,1,6,華南永昌-潮州,2023-09-04,9328
3622,洋華,30,24,6,華南永昌-潮州,2023-09-04,9328
2206,三陽工業,6,1,5,華南永昌-潮州,2023-09-04,9328
2492,華新科,10,5,5,華南永昌-潮州,2023-09-04,9328
2618,長榮航,8,3,5,華南永昌-潮州,2023-09-04,9328
3013,晟銘電,6,1,5,華南永昌-潮州,2023-09-04,9328
3056,富華新,5,0,5,華南永昌-潮州,2023-09-04,9328
3163,波若威,7,2,5,華南永昌-潮州,2023-09-04,9328
4162,智擎,5,0,5,華南永昌-潮州,2023-09-04,9328
5386,青雲,7,2,5,華南永昌-潮州,2023-09-04,9328
6269,台郡,5,0,5,華南永昌-潮州,2023-09-04,9328
00918,大華優利高填息30,527,126,401,華南永昌-潮州,2023-09-05,9328
2025,千興,71,0,71,華南永昌-潮州,2023-09-05,9328
3706,神達,70,1,69,華南永昌-潮州,2023-09-05,9328
1471,首利,63,6,57,華南永昌-潮州,2023-09-05,9328
2344,華邦電,60,4,56,華南永昌-潮州,2023-09-05,9328
1616,億泰,42,0,42,華南永昌-潮州,2023-09-05,9328
00929,復華台灣科技優息,72,31,41,華南永昌-潮州,2023-09-05,9328
2312,金寶,41,6,35,華南永昌-潮州,2023-09-05,9328
00637L,元大滬深300正2,21,0,21,華南永昌-潮州,2023-09-05,9328
00753L,中信中國50正2,18,0,18,華南永昌-潮州,2023-09-05,9328
2906,高林,18,0,18,華南永昌-潮州,2023-09-05,9328
2618,長榮航,18,2,16,華南永昌-潮州,2023-09-05,9328
3264,欣銓,20,4,16,華南永昌-潮州,2023-09-05,9328
6129,普誠,21,5,16,華南永昌-潮州,2023-09-05,9328
2376,技嘉,24,11,13,華南永昌-潮州,2023-09-05,9328
00679B,元大美債20年,11,0,11,華南永昌-潮州,2023-09-05,9328
2457,飛宏,11,0,11,華南永昌-潮州,2023-09-05,9328
2634,漢翔,21,11,10,華南永昌-潮州,2023-09-05,9328
00715L,期街口布蘭特正2,10,0,10,華南永昌-潮州,2023-09-05,9328
2882,國泰金,10,0,10,華南永昌-潮州,2023-09-05,9328
3576,聯合再生,10,0,10,華南永昌-潮州,2023-09-05,9328
6122,擎邦,36,26,10,華南永昌-潮州,2023-09-05,9328
6156,松上,10,0,10,華南永昌-潮州,2023-09-05,9328
4542,科嶠,11,2,9,華南永昌-潮州,2023-09-05,9328
6592B,和潤企業乙特,9,0,9,華南永昌-潮州,2023-09-05,9328
2885,元大金,8,0,8,華南永昌-潮州,2023-09-05,9328
5371,中光電,11,3,8,華南永昌-潮州,2023-09-05,9328
2486,一詮,10,2,8,華南永昌-潮州,2023-09-05,9328
2409,友達,10,2,8,華南永昌-潮州,2023-09-05,9328
3042,晶技,10,3,7,華南永昌-潮州,2023-09-05,9328
3055,蔚華科,7,0,7,華南永昌-潮州,2023-09-05,9328
3325,旭品,21,14,7,華南永昌-潮州,2023-09-05,9328
2002,中鋼,13,6,7,華南永昌-潮州,2023-09-05,9328
00878,國泰永續高股息,13,6,7,華南永昌-潮州,2023-09-05,9328
2027,大成鋼,6,0,6,華南永昌-潮州,2023-09-05,9328
2201,裕隆,6,0,6,華南永昌-潮州,2023-09-05,9328
1304,台聚,6,0,6,華南永昌-潮州,2023-09-05,9328
4147,中裕,6,0,6,華南永昌-潮州,2023-09-05,9328
6531,愛普*,11,5,6,華南永昌-潮州,2023-09-05,9328
1101,台泥,5,0,5,華南永昌-潮州,2023-09-05,9328
3056,富華新,5,0,5,華南永昌-潮州,2023-09-05,9328
6438,迅得,5,0,5,華南永昌-潮州,2023-09-05,9328
3044,健鼎,5,0,5,華南永昌-潮州,2023-09-05,9328
2330,台積電,6,1,5,華南永昌-潮州,2023-09-05,9328
00722B,群益投資級電信債,5,0,5,華南永昌-潮州,2023-09-05,9328
2352,佳世達,6,1,5,華南永昌-潮州,2023-09-05,9328
2359,所羅門,5,0,5,華南永昌-潮州,2023-09-05,9328
2412,中華電,5,0,5,華南永昌-潮州,2023-09-05,9328
2542,興富發,5,0,5,華南永昌-潮州,2023-09-05,9328
2630,亞航,8,3,5,華南永昌-潮州,2023-09-05,9328
00919,群益台灣精選高息,376,119,257,華南永昌-潮州,2023-09-06,9328
00929,復華台灣科技優息,125,23,102,華南永昌-潮州,2023-09-06,9328
3481,群創,81,7,74,華南永昌-潮州,2023-09-06,9328
6167,久正,64,6,58,華南永昌-潮州,2023-09-06,9328
00932,兆豐永續高息等權,56,0,56,華南永昌-潮州,2023-09-06,9328
1802,台玻,65,10,55,華南永昌-潮州,2023-09-06,9328
2344,華邦電,56,5,51,華南永昌-潮州,2023-09-06,9328
5381,合正,72,30,42,華南永昌-潮州,2023-09-06,9328
2363,矽統,101,62,39,華南永昌-潮州,2023-09-06,9328
3189,景碩,40,2,38,華南永昌-潮州,2023-09-06,9328
2337,旺宏,41,4,37,華南永昌-潮州,2023-09-06,9328
2409,友達,43,7,36,華南永昌-潮州,2023-09-06,9328
2388,威盛,30,3,27,華南永昌-潮州,2023-09-06,9328
00905,FT臺灣Smart,25,0,25,華南永昌-潮州,2023-09-06,9328
00713,元大台灣高息低波,24,0,24,華南永昌-潮州,2023-09-06,9328
00637L,元大滬深300正2,23,0,23,華南永昌-潮州,2023-09-06,9328
4906,正文,26,8,18,華南永昌-潮州,2023-09-06,9328
5488,松普,17,0,17,華南永昌-潮州,2023-09-06,9328
6182,合晶,17,2,15,華南永昌-潮州,2023-09-06,9328
3625,西勝,14,0,14,華南永昌-潮州,2023-09-06,9328
00931B,統一美債20年,11,0,11,華南永昌-潮州,2023-09-06,9328
2882,國泰金,11,0,11,華南永昌-潮州,2023-09-06,9328
2201,裕隆,11,0,11,華南永昌-潮州,2023-09-06,9328
00907,永豐優息存股,11,0,11,華南永昌-潮州,2023-09-06,9328
3011,今皓,11,0,11,華南永昌-潮州,2023-09-06,9328
3265,台星科,13,2,11,華南永昌-潮州,2023-09-06,9328
2301,光寶科,19,9,10,華南永昌-潮州,2023-09-06,9328
5258,虹堡,12,2,10,華南永昌-潮州,2023-09-06,9328
00720B,元大投資級公司債,10,0,10,華南永昌-潮州,2023-09-06,9328
6129,普誠,11,1,10,華南永昌-潮州,2023-09-06,9328
00687B,國泰20年美債,10,0,10,華南永昌-潮州,2023-09-06,9328
1809,中釉,10,0,10,華南永昌-潮州,2023-09-06,9328
2025,千興,10,0,10,華南永昌-潮州,2023-09-06,9328
2637,慧洋-KY,10,0,10,華南永昌-潮州,2023-09-06,9328
3325,旭品,20,10,10,華南永昌-潮州,2023-09-06,9328
1314,中石化,10,0,10,華南永昌-潮州,2023-09-06,9328
6117,迎廣,9,0,9,華南永昌-潮州,2023-09-06,9328
2401,凌陽,33,24,9,華南永昌-潮州,2023-09-06,9328
2888,新光金,9,0,9,華南永昌-潮州,2023-09-06,9328
3260,威剛,10,2,8,華南永昌-潮州,2023-09-06,9328
00722B,群益投資級電信債,8,0,8,華南永昌-潮州,2023-09-06,9328
1444,力麗,9,1,8,華南永昌-潮州,2023-09-06,9328
2413,環科,12,4,8,華南永昌-潮州,2023-09-06,9328
1101,台泥,9,1,8,華南永昌-潮州,2023-09-06,9328
00751B,元大AAA至A公司債,7,0,7,華南永昌-潮州,2023-09-06,9328
2886,兆豐金,8,1,7,華南永昌-潮州,2023-09-06,9328
2353,宏��,17,10,7,華南永昌-潮州,2023-09-06,9328
2883,凱基金,9,2,7,華南永昌-潮州,2023-09-06,9328
3576,聯合再生,7,0,7,華南永昌-潮州,2023-09-06,9328
4743,合一,9,2,7,華南永昌-潮州,2023-09-06,9328
00919,群益台灣精選高息,253,68,185,華南永昌-潮州,2023-09-07,9328
2025,千興,129,0,129,華南永昌-潮州,2023-09-07,9328
00918,大華優利高填息30,84,0,84,華南永昌-潮州,2023-09-07,9328
00929,復華台灣科技優息,70,22,48,華南永昌-潮州,2023-09-07,9328
00637L,元大滬深300正2,41,0,41,華南永昌-潮州,2023-09-07,9328
2409,友達,36,4,32,華南永昌-潮州,2023-09-07,9328
2323,中環,41,10,31,華南永昌-潮州,2023-09-07,9328
3481,群創,32,6,26,華南永昌-潮州,2023-09-07,9328
1611,中電,24,0,24,華南永昌-潮州,2023-09-07,9328
6191,精成科,28,5,23,華南永昌-潮州,2023-09-07,9328
2301,光寶科,32,12,20,華南永昌-潮州,2023-09-07,9328
8150,南茂,19,0,19,華南永昌-潮州,2023-09-07,9328
2313,華通,62,45,17,華南永昌-潮州,2023-09-07,9328
2482,連宇,19,3,16,華南永昌-潮州,2023-09-07,9328
2618,長榮航,17,2,15,華南永昌-潮州,2023-09-07,9328
8112,至上,17,4,13,華南永昌-潮州,2023-09-07,9328
1618,合機,14,1,13,華南永昌-潮州,2023-09-07,9328
2356,英業達,14,1,13,華南永昌-潮州,2023-09-07,9328
2884,玉山金,12,0,12,華南永昌-潮州,2023-09-07,9328
3035,智原,13,1,12,華南永昌-潮州,2023-09-07,9328
00900,富邦特選高股息30,12,0,12,華南永昌-潮州,2023-09-07,9328
2328,廣宇,11,0,11,華南永昌-潮州,2023-09-07,9328
3363,上詮,42,31,11,華南永昌-潮州,2023-09-07,9328
1605,華新,10,0,10,華南永昌-潮州,2023-09-07,9328
00932,兆豐永續高息等權,11,1,10,華南永昌-潮州,2023-09-07,9328
2208,台船,10,0,10,華南永昌-潮州,2023-09-07,9328
2440,太空梭,10,0,10,華南永昌-潮州,2023-09-07,9328
2605,新興,10,0,10,華南永昌-潮州,2023-09-07,9328
2882,國泰金,10,0,10,華南永昌-潮州,2023-09-07,9328
3576,聯合再生,10,0,10,華南永昌-潮州,2023-09-07,9328
5347,世界,10,0,10,華南永昌-潮州,2023-09-07,9328
5498,凱崴,10,0,10,華南永昌-潮州,2023-09-07,9328
2002,中鋼,10,1,9,華南永昌-潮州,2023-09-07,9328
3025,星通,9,0,9,華南永昌-潮州,2023-09-07,9328
1609,大亞,13,4,9,華南永昌-潮州,2023-09-07,9328
2401,凌陽,39,30,9,華南永昌-潮州,2023-09-07,9328
2801,彰銀,10,1,9,華南永昌-潮州,2023-09-07,9328
3013,晟銘電,28,19,9,華南永昌-潮州,2023-09-07,9328
3037,欣興,10,1,9,華南永昌-潮州,2023-09-07,9328
3483,力致,9,0,9,華南永昌-潮州,2023-09-07,9328
4564,元翎,9,0,9,華南永昌-潮州,2023-09-07,9328
2303,聯電,24,16,8,華南永昌-潮州,2023-09-07,9328
1314,中石化,8,0,8,華南永昌-潮州,2023-09-07,9328
00715L,期街口布蘭特正2,8,0,8,華南永昌-潮州,2023-09-07,9328
2883,凱基金,20,12,8,華南永昌-潮州,2023-09-07,9328
2027,大成鋼,7,0,7,華南永昌-潮州,2023-09-07,9328
8358,金居,19,12,7,華南永昌-潮州,2023-09-07,9328
3706,神達,14,7,7,華南永昌-潮州,2023-09-07,9328
8176,智捷,7,0,7,華南永昌-潮州,2023-09-07,9328
3704,合勤控,19,12,7,華南永昌-潮州,2023-09-07,9328
00919,群益台灣精選高息,304,119,185,華南永昌-潮州,2023-09-08,9328
00929,復華台灣科技優息,156,65,91,華南永昌-潮州,2023-09-08,9328
6125,廣運,61,1,60,華南永昌-潮州,2023-09-08,9328
1313,聯成,40,0,40,華南永昌-潮州,2023-09-08,9328
00637L,元大滬深300正2,31,0,31,華南永昌-潮州,2023-09-08,9328
00895,富邦未來車,30,0,30,華南永昌-潮州,2023-09-08,9328
2104,國際中橡,26,0,26,華南永昌-潮州,2023-09-08,9328
3231,緯創,24,2,22,華南永昌-潮州,2023-09-08,9328
2618,長榮航,20,0,20,華南永昌-潮州,2023-09-08,9328
6443,元晶,20,0,20,華南永昌-潮州,2023-09-08,9328
00900,富邦特選高股息30,19,0,19,華南永昌-潮州,2023-09-08,9328
2356,英業達,22,4,18,華南永昌-潮州,2023-09-08,9328
2867,三商壽,21,4,17,華南永昌-潮州,2023-09-08,9328
2358,廷鑫,30,13,17,華南永昌-潮州,2023-09-08,9328
4953,緯軟,18,2,16,華南永昌-潮州,2023-09-08,9328
2002,中鋼,17,1,16,華南永昌-潮州,2023-09-08,9328
2634,漢翔,28,12,16,華南永昌-潮州,2023-09-08,9328
4934,太極,14,1,13,華南永昌-潮州,2023-09-08,9328
2027,大成鋼,12,0,12,華南永昌-潮州,2023-09-08,9328
1513,中興電,11,0,11,華南永昌-潮州,2023-09-08,9328
5340,建榮,11,0,11,華南永昌-潮州,2023-09-08,9328
3711,日月光投控,11,0,11,華南永昌-潮州,2023-09-08,9328
00918,大華優利高填息30,10,0,10,華南永昌-潮州,2023-09-08,9328
2353,宏��,12,2,10,華南永昌-潮州,2023-09-08,9328
00932,兆豐永續高息等權,10,0,10,華南永昌-潮州,2023-09-08,9328
2338,光罩,10,0,10,華南永昌-潮州,2023-09-08,9328
2413,環科,10,0,10,華南永昌-潮州,2023-09-08,9328
3042,晶技,10,0,10,華南永昌-潮州,2023-09-08,9328
3338,泰碩,10,0,10,華南永昌-潮州,2023-09-08,9328
5225,東科-KY,11,1,10,華南永昌-潮州,2023-09-08,9328
00915,凱基優選高股息30,9,0,9,華南永昌-潮州,2023-09-08,9328
00673R,期元大S＆P原油反1,9,0,9,華南永昌-潮州,2023-09-08,9328
5302,太欣,9,0,9,華南永昌-潮州,2023-09-08,9328
2382,廣達,15,7,8,華南永昌-潮州,2023-09-08,9328
1504,東元,11,3,8,華南永昌-潮州,2023-09-08,9328
6550,北極星藥業-KY,8,0,8,華南永昌-潮州,2023-09-08,9328
2486,一詮,18,10,8,華南永昌-潮州,2023-09-08,9328
6188,廣明,8,1,7,華南永昌-潮州,2023-09-08,9328
2880,華南金,7,0,7,華南永昌-潮州,2023-09-08,9328
2201,裕隆,11,5,6,華南永昌-潮州,2023-09-08,9328
6278,台表科,6,0,6,華南永昌-潮州,2023-09-08,9328
6672,騰輝電子-KY,6,0,6,華南永昌-潮州,2023-09-08,9328
00902,中信電池及儲能,5,0,5,華南永昌-潮州,2023-09-08,9328
1616,億泰,5,0,5,華南永昌-潮州,2023-09-08,9328
1909,榮成,5,0,5,華南永昌-潮州,2023-09-08,9328
2101,南港,5,0,5,華南永昌-潮州,2023-09-08,9328
2316,楠梓電,7,2,5,華南永昌-潮州,2023-09-08,9328
4958,臻鼎-KY,5,0,5,華南永昌-潮州,2023-09-08,9328
1609,大亞,5,1,4,華南永昌-潮州,2023-09-08,9328
4743,合一,4,0,4,華南永昌-潮州,2023-09-08,9328
00919,群益台灣精選高息,168,9,159,華南永昌-潮州,2023-09-11,9328
2405,輔信,163,24,139,華南永昌-潮州,2023-09-11,9328
00915,凱基優選高股息30,109,0,109,華南永昌-潮州,2023-09-11,9328
00929,復華台灣科技優息,108,6,102,華南永昌-潮州,2023-09-11,9328
2363,矽統,195,99,96,華南永昌-潮州,2023-09-11,9328
2323,中環,71,28,43,華南永昌-潮州,2023-09-11,9328
2344,華邦電,32,0,32,華南永昌-潮州,2023-09-11,9328
00918,大華優利高填息30,29,0,29,華南永昌-潮州,2023-09-11,9328
2610,華航,25,0,25,華南永昌-潮州,2023-09-11,9328
2884,玉山金,24,0,24,華南永昌-潮州,2023-09-11,9328
00895,富邦未來車,22,0,22,華南永昌-潮州,2023-09-11,9328
00713,元大台灣高息低波,22,0,22,華南永昌-潮州,2023-09-11,9328
3576,聯合再生,21,0,21,華南永昌-潮州,2023-09-11,9328
2611,志信,21,0,21,華南永昌-潮州,2023-09-11,9328
2337,旺宏,23,4,19,華南永昌-潮州,2023-09-11,9328
2618,長榮航,20,2,18,華南永昌-潮州,2023-09-11,9328
6550,北極星藥業-KY,15,0,15,華南永昌-潮州,2023-09-11,9328
2312,金寶,16,2,14,華南永昌-潮州,2023-09-11,9328
3711,日月光投控,14,0,14,華南永昌-潮州,2023-09-11,9328
6443,元晶,20,6,14,華南永昌-潮州,2023-09-11,9328
8085,福華,18,4,14,華南永昌-潮州,2023-09-11,9328
3231,緯創,124,111,13,華南永昌-潮州,2023-09-11,9328
2436,偉詮電,13,0,13,華南永昌-潮州,2023-09-11,9328
8358,金居,14,1,13,華南永昌-潮州,2023-09-11,9328
6284,佳邦,14,1,13,華南永昌-潮州,2023-09-11,9328
00931B,統一美債20年,12,0,12,華南永昌-潮州,2023-09-11,9328
3481,群創,21,9,12,華南永昌-潮州,2023-09-11,9328
6770,力積電,11,0,11,華南永昌-潮州,2023-09-11,9328
00679B,元大美債20年,11,0,11,華南永昌-潮州,2023-09-11,9328
2634,漢翔,40,29,11,華南永昌-潮州,2023-09-11,9328
3704,合勤控,12,1,11,華南永昌-潮州,2023-09-11,9328
2352,佳世達,12,1,11,華南永昌-潮州,2023-09-11,9328
2382,廣達,30,19,11,華南永昌-潮州,2023-09-11,9328
2413,環科,10,0,10,華南永昌-潮州,2023-09-11,9328
00900,富邦特選高股息30,10,0,10,華南永昌-潮州,2023-09-11,9328
00753L,中信中國50正2,10,0,10,華南永昌-潮州,2023-09-11,9328
2355,敬鵬,10,0,10,華南永昌-潮州,2023-09-11,9328
2426,鼎元,10,0,10,華南永昌-潮州,2023-09-11,9328
3682,亞太電,10,0,10,華南永昌-潮州,2023-09-11,9328
6203,海韻電,10,0,10,華南永昌-潮州,2023-09-11,9328
2371,大同,9,0,9,華南永昌-潮州,2023-09-11,9328
6274,台燿,12,3,9,華南永昌-潮州,2023-09-11,9328
2356,英業達,34,25,9,華南永昌-潮州,2023-09-11,9328
2388,威盛,19,10,9,華南永昌-潮州,2023-09-11,9328
3454,晶睿,10,1,9,華南永昌-潮州,2023-09-11,9328
3552,同致,10,1,9,華南永昌-潮州,2023-09-11,9328
5225,東科-KY,10,1,9,華南永昌-潮州,2023-09-11,9328
1609,大亞,8,0,8,華南永昌-潮州,2023-09-11,9328
1524,耿鼎,11,3,8,華南永昌-潮州,2023-09-11,9328
2605,新興,8,0,8,華南永昌-潮州,2023-09-11,9328
00929,復華台灣科技優息,194,24,170,華南永昌-潮州,2023-09-12,9328
1802,台玻,124,0,124,華南永昌-潮州,2023-09-12,9328
6282,康舒,135,26,109,華南永昌-潮州,2023-09-12,9328
00931B,統一美債20年,84,0,84,華南永昌-潮州,2023-09-12,9328
2363,矽統,214,158,56,華南永昌-潮州,2023-09-12,9328
6120,達運,55,0,55,華南永昌-潮州,2023-09-12,9328
00637L,元大滬深300正2,53,10,43,華南永昌-潮州,2023-09-12,9328
6877,鏵友益,43,0,43,華南永昌-潮州,2023-09-12,9328
00905,FT臺灣Smart,40,0,40,華南永昌-潮州,2023-09-12,9328
00878,國泰永續高股息,40,10,30,華南永昌-潮州,2023-09-12,9328
2610,華航,68,38,30,華南永昌-潮州,2023-09-12,9328
2882,國泰金,20,0,20,華南永昌-潮州,2023-09-12,9328
00907,永豐優息存股,20,0,20,華南永昌-潮州,2023-09-12,9328
00915,凱基優選高股息30,15,0,15,華南永昌-潮州,2023-09-12,9328
3078,僑威,17,2,15,華南永昌-潮州,2023-09-12,9328
2634,漢翔,18,3,15,華南永昌-潮州,2023-09-12,9328
6443,元晶,15,0,15,華南永昌-潮州,2023-09-12,9328
00918,大華優利高填息30,14,0,14,華南永昌-潮州,2023-09-12,9328
6125,廣運,24,10,14,華南永昌-潮州,2023-09-12,9328
2330,台積電,13,0,13,華南永昌-潮州,2023-09-12,9328
8222,寶一,13,2,11,華南永昌-潮州,2023-09-12,9328
00896,中信綠能及電動車,10,0,10,華南永昌-潮州,2023-09-12,9328
00632R,元大台灣50反1,10,0,10,華南永昌-潮州,2023-09-12,9328
1471,首利,17,7,10,華南永昌-潮州,2023-09-12,9328
1524,耿鼎,20,10,10,華南永昌-潮州,2023-09-12,9328
2208,台船,10,0,10,華南永昌-潮州,2023-09-12,9328
2495,普安,10,0,10,華南永昌-潮州,2023-09-12,9328
2630,亞航,23,14,9,華南永昌-潮州,2023-09-12,9328
00687B,國泰20年美債,9,0,9,華南永昌-潮州,2023-09-12,9328
00882,中信中國高股息,7,0,7,華南永昌-潮州,2023-09-12,9328
6491,晶碩,7,0,7,華南永昌-潮州,2023-09-12,9328
2883,凱基金,6,0,6,華南永昌-潮州,2023-09-12,9328
8033,雷虎,6,0,6,華南永昌-潮州,2023-09-12,9328
00673R,期元大S＆P原油反1,6,0,6,華南永昌-潮州,2023-09-12,9328
3013,晟銘電,6,0,6,華南永昌-潮州,2023-09-12,9328
6147,頎邦,11,5,6,華南永昌-潮州,2023-09-12,9328
6173,信昌電,6,0,6,華南永昌-潮州,2023-09-12,9328
00753L,中信中國50正2,5,0,5,華南永昌-潮州,2023-09-12,9328
1409,新纖,5,0,5,華南永昌-潮州,2023-09-12,9328
1517,利奇,5,0,5,華南永昌-潮州,2023-09-12,9328
1616,億泰,5,0,5,華南永昌-潮州,2023-09-12,9328
2332,友訊,5,0,5,華南永昌-潮州,2023-09-12,9328
2399,映泰,5,0,5,華南永昌-潮州,2023-09-12,9328
2645,長榮航太,5,0,5,華南永昌-潮州,2023-09-12,9328
3050,鈺德,5,0,5,華南永昌-潮州,2023-09-12,9328
3234,光環,5,0,5,華南永昌-潮州,2023-09-12,9328
3260,威剛,24,19,5,華南永昌-潮州,2023-09-12,9328
4706,大恭,5,0,5,華南永昌-潮州,2023-09-12,9328
4934,太極,5,0,5,華南永昌-潮州,2023-09-12,9328
9919,康那香,5,0,5,華南永昌-潮州,2023-09-12,9328
00673R,期元大S＆P原油反1,145,0,145,華南永昌-潮州,2023-09-13,9328
2025,千興,75,1,74,華南永昌-潮州,2023-09-13,9328
2330,台積電,62,0,62,華南永昌-潮州,2023-09-13,9328
00919,群益台灣精選高息,50,3,47,華南永昌-潮州,2023-09-13,9328
8147,正淩,23,0,23,華南永昌-潮州,2023-09-13,9328
6282,康舒,26,5,21,華南永昌-潮州,2023-09-13,9328
00931B,統一美債20年,20,0,20,華南永昌-潮州,2023-09-13,9328
00637L,元大滬深300正2,34,20,14,華南永昌-潮州,2023-09-13,9328
3037,欣興,13,1,12,華南永昌-潮州,2023-09-13,9328
2312,金寶,12,0,12,華南永昌-潮州,2023-09-13,9328
3711,日月光投控,12,0,12,華南永昌-潮州,2023-09-13,9328
2301,光寶科,19,8,11,華南永昌-潮州,2023-09-13,9328
2889,國票金,11,0,11,華南永昌-潮州,2023-09-13,9328
2892,第一金,11,0,11,華南永昌-潮州,2023-09-13,9328
3078,僑威,12,1,11,華南永昌-潮州,2023-09-13,9328
2538,基泰,14,4,10,華南永昌-潮州,2023-09-13,9328
3050,鈺德,10,0,10,華南永昌-潮州,2023-09-13,9328
6226,光鼎,10,0,10,華南永昌-潮州,2023-09-13,9328
6592B,和潤企業乙特,10,0,10,華南永昌-潮州,2023-09-13,9328
9933,中鼎,10,0,10,華南永昌-潮州,2023-09-13,9328
2302,麗正,8,0,8,華南永昌-潮州,2023-09-13,9328
2367,燿華,8,0,8,華南永昌-潮州,2023-09-13,9328
2880,華南金,8,0,8,華南永昌-潮州,2023-09-13,9328
00902,中信電池及儲能,7,0,7,華南永昌-潮州,2023-09-13,9328
1560,中砂,7,0,7,華南永昌-潮州,2023-09-13,9328
1584,精剛,7,0,7,華南永昌-潮州,2023-09-13,9328
2344,華邦電,7,0,7,華南永昌-潮州,2023-09-13,9328
2358,廷鑫,7,0,7,華南永昌-潮州,2023-09-13,9328
2369,菱生,8,1,7,華南永昌-潮州,2023-09-13,9328
2436,偉詮電,13,6,7,華南永昌-潮州,2023-09-13,9328
2340,台亞,35,29,6,華南永昌-潮州,2023-09-13,9328
6285,啟��,6,0,6,華南永昌-潮州,2023-09-13,9328
3481,群創,7,1,6,華南永昌-潮州,2023-09-13,9328
00907,永豐優息存股,6,0,6,華南永昌-潮州,2023-09-13,9328
1718,中纖,6,0,6,華南永昌-潮州,2023-09-13,9328
2323,中環,7,1,6,華南永昌-潮州,2023-09-13,9328
5328,華容,6,0,6,華南永昌-潮州,2023-09-13,9328
6770,力積電,11,5,6,華南永昌-潮州,2023-09-13,9328
1101,台泥,9,3,6,華南永昌-潮州,2023-09-13,9328
1210,大成,5,0,5,華南永昌-潮州,2023-09-13,9328
2630,亞航,12,7,5,華南永昌-潮州,2023-09-13,9328
00893,國泰智能電動車,5,0,5,華南永昌-潮州,2023-09-13,9328
00850,元大臺灣ESG永續,5,0,5,華南永昌-潮州,2023-09-13,9328
2332,友訊,5,0,5,華南永昌-潮州,2023-09-13,9328
2417,圓剛,6,1,5,華南永昌-潮州,2023-09-13,9328
3512,皇龍,5,0,5,華南永昌-潮州,2023-09-13,9328
3624,光頡,5,0,5,華南永昌-潮州,2023-09-13,9328
4561,健椿,5,0,5,華南永昌-潮州,2023-09-13,9328
5534,長虹,5,0,5,華南永昌-潮州,2023-09-13,9328
6275,元山,5,0,5,華南永昌-潮州,2023-09-13,9328
00632R,元大台灣50反1,210,2,208,華南永昌-潮州,2023-09-14,9328
00921,兆豐龍頭等權重,99,0,99,華南永昌-潮州,2023-09-14,9328
00915,凱基優選高股息30,81,3,78,華南永昌-潮州,2023-09-14,9328
00932,兆豐永續高息等權,74,0,74,華南永昌-潮州,2023-09-14,9328
00929,復華台灣科技優息,121,69,52,華南永昌-潮州,2023-09-14,9328
8222,寶一,44,0,44,華南永昌-潮州,2023-09-14,9328
1802,台玻,30,0,30,華南永昌-潮州,2023-09-14,9328
2103,台橡,27,0,27,華南永昌-潮州,2023-09-14,9328
3715,定穎投控,39,15,24,華南永昌-潮州,2023-09-14,9328
2356,英業達,35,13,22,華南永昌-潮州,2023-09-14,9328
2812,台中銀,21,0,21,華南永昌-潮州,2023-09-14,9328
1522,堤維西,64,43,21,華南永昌-潮州,2023-09-14,9328
2719,燦星旅,21,0,21,華南永昌-潮州,2023-09-14,9328
2208,台船,18,0,18,華南永昌-潮州,2023-09-14,9328
2337,旺宏,41,23,18,華南永昌-潮州,2023-09-14,9328
2371,大同,28,10,18,華南永昌-潮州,2023-09-14,9328
1314,中石化,20,3,17,華南永昌-潮州,2023-09-14,9328
8048,德勝,37,21,16,華南永昌-潮州,2023-09-14,9328
2382,廣達,22,6,16,華南永昌-潮州,2023-09-14,9328
1524,耿鼎,41,27,14,華南永昌-潮州,2023-09-14,9328
3483,力致,15,2,13,華南永昌-潮州,2023-09-14,9328
6592B,和潤企業乙特,12,0,12,華南永昌-潮州,2023-09-14,9328
3149,正達,11,0,11,華南永昌-潮州,2023-09-14,9328
8033,雷虎,12,1,11,華南永昌-潮州,2023-09-14,9328
00687B,國泰20年美債,10,0,10,華南永昌-潮州,2023-09-14,9328
2359,所羅門,10,0,10,華南永昌-潮州,2023-09-14,9328
2486,一詮,45,35,10,華南永昌-潮州,2023-09-14,9328
6217,中探針,10,0,10,華南永昌-潮州,2023-09-14,9328
1568,倉佑,9,0,9,華南永昌-潮州,2023-09-14,9328
3264,欣銓,10,1,9,華南永昌-潮州,2023-09-14,9328
3706,神達,10,1,9,華南永昌-潮州,2023-09-14,9328
4931,新盛力,10,1,9,華南永昌-潮州,2023-09-14,9328
2228,劍麟,7,0,7,華南永昌-潮州,2023-09-14,9328
5328,華容,7,0,7,華南永昌-潮州,2023-09-14,9328
1319,東陽,22,15,7,華南永昌-潮州,2023-09-14,9328
2314,台揚,9,2,7,華南永昌-潮州,2023-09-14,9328
3704,合勤控,8,1,7,華南永昌-潮州,2023-09-14,9328
8112,至上,10,3,7,華南永昌-潮州,2023-09-14,9328
00902,中信電池及儲能,6,0,6,華南永昌-潮州,2023-09-14,9328
00918,大華優利高填息30,73,67,6,華南永昌-潮州,2023-09-14,9328
1711,永光,6,0,6,華南永昌-潮州,2023-09-14,9328
2352,佳世達,7,1,6,華南永昌-潮州,2023-09-14,9328
2426,鼎元,6,0,6,華南永昌-潮州,2023-09-14,9328
2630,亞航,31,25,6,華南永昌-潮州,2023-09-14,9328
4721,美琪瑪,6,0,6,華南永昌-潮州,2023-09-14,9328
4953,緯軟,6,0,6,華南永昌-潮州,2023-09-14,9328
5009,榮剛,8,2,6,華南永昌-潮州,2023-09-14,9328
2884,玉山金,10,4,6,華南永昌-潮州,2023-09-14,9328
2485,兆赫,6,1,5,華南永昌-潮州,2023-09-14,9328
2457,飛宏,5,0,5,華南永昌-潮州,2023-09-14,9328
00929,復華台灣科技優息,195,31,164,華南永昌-潮州,2023-09-15,9328
2025,千興,136,0,136,華南永昌-潮州,2023-09-15,9328
00930,永豐ESG低碳高息,90,0,90,華南永昌-潮州,2023-09-15,9328
00915,凱基優選高股息30,181,99,82,華南永昌-潮州,2023-09-15,9328
00919,群益台灣精選高息,72,25,47,華南永昌-潮州,2023-09-15,9328
00897,富邦基因免疫生技,40,0,40,華南永昌-潮州,2023-09-15,9328
00900,富邦特選高股息30,55,16,39,華南永昌-潮州,2023-09-15,9328
2486,一詮,56,27,29,華南永昌-潮州,2023-09-15,9328
3363,上詮,81,54,27,華南永昌-潮州,2023-09-15,9328
2634,漢翔,30,5,25,華南永昌-潮州,2023-09-15,9328
2002,中鋼,23,2,21,華南永昌-潮州,2023-09-15,9328
00902,中信電池及儲能,20,0,20,華南永昌-潮州,2023-09-15,9328
00632R,元大台灣50反1,20,0,20,華南永昌-潮州,2023-09-15,9328
2017,官田鋼,20,0,20,華南永昌-潮州,2023-09-15,9328
2882,國泰金,20,0,20,華南永昌-潮州,2023-09-15,9328
6770,力積電,20,5,15,華南永昌-潮州,2023-09-15,9328
2323,中環,15,0,15,華南永昌-潮州,2023-09-15,9328
3058,立德,14,1,13,華南永昌-潮州,2023-09-15,9328
4908,前鼎,30,17,13,華南永昌-潮州,2023-09-15,9328
1503,士電,12,0,12,華南永昌-潮州,2023-09-15,9328
2610,華航,13,1,12,華南永昌-潮州,2023-09-15,9328
00909,國泰數位支付服務,10,0,10,華南永昌-潮州,2023-09-15,9328
00706L,期元大S＆P日圓正2,10,0,10,華南永昌-潮州,2023-09-15,9328
2612,中航,11,1,10,華南永昌-潮州,2023-09-15,9328
3051,力特,10,0,10,華南永昌-潮州,2023-09-15,9328
3276,宇環,13,3,10,華南永昌-潮州,2023-09-15,9328
3483,力致,10,0,10,華南永昌-潮州,2023-09-15,9328
4915,致伸,13,3,10,華南永昌-潮州,2023-09-15,9328
2637,慧洋-KY,14,4,10,華南永昌-潮州,2023-09-15,9328
00878,國泰永續高股息,16,7,9,華南永昌-潮州,2023-09-15,9328
2010,春源,14,5,9,華南永昌-潮州,2023-09-15,9328
3043,科風,9,0,9,華南永昌-潮州,2023-09-15,9328
3163,波若威,94,85,9,華南永昌-潮州,2023-09-15,9328
8048,德勝,14,5,9,華南永昌-潮州,2023-09-15,9328
8222,寶一,9,1,8,華南永昌-潮州,2023-09-15,9328
3231,緯創,22,15,7,華南永昌-潮州,2023-09-15,9328
00637L,元大滬深300正2,27,20,7,華南永昌-潮州,2023-09-15,9328
00715L,期街口布蘭特正2,10,3,7,華南永昌-潮州,2023-09-15,9328
8011,台通,19,12,7,華南永昌-潮州,2023-09-15,9328
3035,智原,24,17,7,華南永昌-潮州,2023-09-15,9328
1802,台玻,6,0,6,華南永昌-潮州,2023-09-15,9328
2601,益航,6,0,6,華南永昌-潮州,2023-09-15,9328
2331,精英,12,6,6,華南永昌-潮州,2023-09-15,9328
00931B,統一美債20年,5,0,5,華南永昌-潮州,2023-09-15,9328
2317,鴻海,9,4,5,華南永昌-潮州,2023-09-15,9328
2614,東森,5,0,5,華南永昌-潮州,2023-09-15,9328
1611,中電,5,0,5,華南永昌-潮州,2023-09-15,9328
2201,裕隆,5,0,5,華南永昌-潮州,2023-09-15,9328
2402,毅嘉,13,8,5,華南永昌-潮州,2023-09-15,9328
3050,鈺德,5,0,5,華南永昌-潮州,2023-09-15,9328
2363,矽統,312,221,91,華南永昌-潮州,2023-09-18,9328
00919,群益台灣精選高息,91,8,83,華南永昌-潮州,2023-09-18,9328
00900,富邦特選高股息30,71,1,70,華南永昌-潮州,2023-09-18,9328
00915,凱基優選高股息30,70,0,70,華南永昌-潮州,2023-09-18,9328
3056,富華新,46,0,46,華南永昌-潮州,2023-09-18,9328
00929,復華台灣科技優息,173,132,41,華南永昌-潮州,2023-09-18,9328
3545,敦泰,100,63,37,華南永昌-潮州,2023-09-18,9328
3231,緯創,43,7,36,華南永昌-潮州,2023-09-18,9328
00878,國泰永續高股息,47,12,35,華南永昌-潮州,2023-09-18,9328
2367,燿華,43,13,30,華南永昌-潮州,2023-09-18,9328
00931B,統一美債20年,23,0,23,華南永昌-潮州,2023-09-18,9328
2317,鴻海,24,3,21,華南永昌-潮州,2023-09-18,9328
2332,友訊,20,0,20,華南永昌-潮州,2023-09-18,9328
00679B,元大美債20年,19,0,19,華南永昌-潮州,2023-09-18,9328
0056,元大高股息,22,4,18,華南永昌-潮州,2023-09-18,9328
8933,愛地雅,15,0,15,華南永昌-潮州,2023-09-18,9328
2609,陽明,40,26,14,華南永昌-潮州,2023-09-18,9328
2353,宏��,18,4,14,華南永昌-潮州,2023-09-18,9328
2344,華邦電,24,11,13,華南永昌-潮州,2023-09-18,9328
3711,日月光投控,13,0,13,華南永昌-潮州,2023-09-18,9328
00795B,中信美國公債20年,13,0,13,華南永昌-潮州,2023-09-18,9328
00680L,元大美債20正2,13,0,13,華南永昌-潮州,2023-09-18,9328
8358,金居,12,0,12,華南永昌-潮州,2023-09-18,9328
2303,聯電,13,2,11,華南永昌-潮州,2023-09-18,9328
1301,台塑,11,0,11,華南永昌-潮州,2023-09-18,9328
00633L,富邦上証正2,10,0,10,華南永昌-潮州,2023-09-18,9328
6257,矽格,10,0,10,華南永昌-潮州,2023-09-18,9328
00772B,中信高評級公司債,9,0,9,華南永昌-潮州,2023-09-18,9328
2402,毅嘉,9,0,9,華南永昌-潮州,2023-09-18,9328
00932,兆豐永續高息等權,8,0,8,華南永昌-潮州,2023-09-18,9328
2612,中航,8,0,8,華南永昌-潮州,2023-09-18,9328
5607,遠雄港,8,0,8,華南永昌-潮州,2023-09-18,9328
2605,新興,30,22,8,華南永昌-潮州,2023-09-18,9328
2382,廣達,19,11,8,華南永昌-潮州,2023-09-18,9328
00713,元大台灣高息低波,8,1,7,華南永昌-潮州,2023-09-18,9328
2301,光寶科,20,13,7,華南永昌-潮州,2023-09-18,9328
1515,力山,8,1,7,華南永昌-潮州,2023-09-18,9328
2462,良得電,17,10,7,華南永昌-潮州,2023-09-18,9328
3264,欣銓,9,2,7,華南永昌-潮州,2023-09-18,9328
2606,裕民,17,10,7,華南永昌-潮州,2023-09-18,9328
00712,復華富時不動產,7,1,6,華南永昌-潮州,2023-09-18,9328
2356,英業達,23,17,6,華南永昌-潮州,2023-09-18,9328
2615,萬海,8,2,6,華南永昌-潮州,2023-09-18,9328
3037,欣興,13,7,6,華南永昌-潮州,2023-09-18,9328
00687B,國泰20年美債,6,0,6,華南永昌-潮州,2023-09-18,9328
00751B,元大AAA至A公司債,6,0,6,華南永昌-潮州,2023-09-18,9328
2425,承啟,6,0,6,華南永昌-潮州,2023-09-18,9328
3163,波若威,12,6,6,華南永昌-潮州,2023-09-18,9328
3232,昱捷,6,0,6,華南永昌-潮州,2023-09-18,9328
4979,華星光,8,2,6,華南永昌-潮州,2023-09-18,9328
00921,兆豐龍頭等權重,126,0,126,華南永昌-潮州,2023-09-19,9328
0056,元大高股息,84,2,82,華南永昌-潮州,2023-09-19,9328
2313,華通,143,77,66,華南永昌-潮州,2023-09-19,9328
00932,兆豐永續高息等權,50,0,50,華南永昌-潮州,2023-09-19,9328
00878,國泰永續高股息,36,0,36,華南永昌-潮州,2023-09-19,9328
2888,新光金,45,11,34,華南永昌-潮州,2023-09-19,9328
1515,力山,31,0,31,華南永昌-潮州,2023-09-19,9328
00895,富邦未來車,30,0,30,華南永昌-潮州,2023-09-19,9328
8358,金居,31,1,30,華南永昌-潮州,2023-09-19,9328
3036,文曄,35,7,28,華南永昌-潮州,2023-09-19,9328
00922,國泰台灣領袖50,23,0,23,華南永昌-潮州,2023-09-19,9328
00665L,富邦�琤肭磪囓�2,22,0,22,華南永昌-潮州,2023-09-19,9328
00919,群益台灣精選高息,37,15,22,華南永昌-潮州,2023-09-19,9328
00900,富邦特選高股息30,21,0,21,華南永昌-潮州,2023-09-19,9328
2027,大成鋼,24,3,21,華南永昌-潮州,2023-09-19,9328
2337,旺宏,24,3,21,華南永昌-潮州,2023-09-19,9328
00929,復華台灣科技優息,133,113,20,華南永昌-潮州,2023-09-19,9328
2634,漢翔,20,4,16,華南永昌-潮州,2023-09-19,9328
2495,普安,16,0,16,華南永昌-潮州,2023-09-19,9328
2014,中鴻,18,2,16,華南永昌-潮州,2023-09-19,9328
2308,台達電,15,0,15,華南永昌-潮州,2023-09-19,9328
2614,東森,15,0,15,華南永昌-潮州,2023-09-19,9328
2637,慧洋-KY,15,1,14,華南永昌-潮州,2023-09-19,9328
2405,輔信,14,1,13,華南永昌-潮州,2023-09-19,9328
4746,台耀,13,1,12,華南永昌-潮州,2023-09-19,9328
3062,建漢,13,1,12,華南永昌-潮州,2023-09-19,9328
2367,燿華,91,80,11,華南永昌-潮州,2023-09-19,9328
2610,華航,11,0,11,華南永昌-潮州,2023-09-19,9328
2208,台船,10,0,10,華南永昌-潮州,2023-09-19,9328
2427,三商電,12,2,10,華南永昌-潮州,2023-09-19,9328
2851,中再保,10,0,10,華南永昌-潮州,2023-09-19,9328
3060,銘異,10,0,10,華南永昌-潮州,2023-09-19,9328
3450,聯鈞,37,27,10,華南永昌-潮州,2023-09-19,9328
3685,元創精密,12,2,10,華南永昌-潮州,2023-09-19,9328
6182,合晶,10,0,10,華南永昌-潮州,2023-09-19,9328
2606,裕民,17,7,10,華南永昌-潮州,2023-09-19,9328
1605,華新,9,0,9,華南永昌-潮州,2023-09-19,9328
1101,台泥,9,0,9,華南永昌-潮州,2023-09-19,9328
3051,力特,8,0,8,華南永昌-潮州,2023-09-19,9328
3552,同致,8,0,8,華南永昌-潮州,2023-09-19,9328
6796,晉弘,8,0,8,華南永昌-潮州,2023-09-19,9328
3231,緯創,34,27,7,華南永昌-潮州,2023-09-19,9328
6285,啟��,9,2,7,華南永昌-潮州,2023-09-19,9328
4979,華星光,10,3,7,華南永昌-潮州,2023-09-19,9328
1218,泰山,7,0,7,華南永昌-潮州,2023-09-19,9328
3163,波若威,11,4,7,華南永昌-潮州,2023-09-19,9328
5009,榮剛,7,0,7,華南永昌-潮州,2023-09-19,9328
2885,元大金,7,1,6,華南永昌-潮州,2023-09-19,9328
2303,聯電,13,7,6,華南永昌-潮州,2023-09-19,9328
3017,奇鋐,6,0,6,華南永昌-潮州,2023-09-19,9328
2367,燿華,258,139,119,華南永昌-潮州,2023-09-20,9328
00929,復華台灣科技優息,203,92,111,華南永昌-潮州,2023-09-20,9328
0056,元大高股息,103,8,95,華南永昌-潮州,2023-09-20,9328
00921,兆豐龍頭等權重,84,0,84,華南永昌-潮州,2023-09-20,9328
00932,兆豐永續高息等權,68,0,68,華南永昌-潮州,2023-09-20,9328
3706,神達,77,19,58,華南永昌-潮州,2023-09-20,9328
2344,華邦電,77,26,51,華南永昌-潮州,2023-09-20,9328
1316,上曜,43,1,42,華南永昌-潮州,2023-09-20,9328
3617,碩天,39,0,39,華南永昌-潮州,2023-09-20,9328
2354,鴻準,48,13,35,華南永昌-潮州,2023-09-20,9328
00922,國泰台灣領袖50,30,0,30,華南永昌-潮州,2023-09-20,9328
2363,矽統,102,75,27,華南永昌-潮州,2023-09-20,9328
1605,華新,47,24,23,華南永昌-潮州,2023-09-20,9328
6770,力積電,23,0,23,華南永昌-潮州,2023-09-20,9328
6901,鑽石投資,36,13,23,華南永昌-潮州,2023-09-20,9328
3231,緯創,89,67,22,華南永昌-潮州,2023-09-20,9328
2882,國泰金,20,0,20,華南永昌-潮州,2023-09-20,9328
2376,技嘉,39,19,20,華南永昌-潮州,2023-09-20,9328
00923,群益台ESG低碳50,21,3,18,華南永昌-潮州,2023-09-20,9328
5475,德宏,17,0,17,華南永昌-潮州,2023-09-20,9328
3481,群創,24,7,17,華南永昌-潮州,2023-09-20,9328
2883,凱基金,15,0,15,華南永昌-潮州,2023-09-20,9328
8069,元太,15,0,15,華南永昌-潮州,2023-09-20,9328
1584,精剛,17,2,15,華南永昌-潮州,2023-09-20,9328
2884,玉山金,14,0,14,華南永昌-潮州,2023-09-20,9328
3037,欣興,14,2,12,華南永昌-潮州,2023-09-20,9328
1522,堤維西,22,10,12,華南永昌-潮州,2023-09-20,9328
2337,旺宏,12,0,12,華南永昌-潮州,2023-09-20,9328
6592B,和潤企業乙特,12,0,12,華南永昌-潮州,2023-09-20,9328
2606,裕民,20,9,11,華南永昌-潮州,2023-09-20,9328
4746,台耀,12,1,11,華南永昌-潮州,2023-09-20,9328
8034,榮群,11,0,11,華南永昌-潮州,2023-09-20,9328
00850,元大臺灣ESG永續,10,0,10,華南永昌-潮州,2023-09-20,9328
2419,仲琦,10,0,10,華南永昌-潮州,2023-09-20,9328
2641,正德,22,12,10,華南永昌-潮州,2023-09-20,9328
5225,東科-KY,11,1,10,華南永昌-潮州,2023-09-20,9328
6547,高端疫苗,10,0,10,華南永昌-潮州,2023-09-20,9328
8088,品安,10,0,10,華南永昌-潮州,2023-09-20,9328
8358,金居,10,0,10,華南永昌-潮州,2023-09-20,9328
2449,京元電子,11,1,10,華南永昌-潮州,2023-09-20,9328
6005,群益證,9,0,9,華南永昌-潮州,2023-09-20,9328
00751B,元大AAA至A公司債,8,0,8,華南永昌-潮州,2023-09-20,9328
00915,凱基優選高股息30,10,2,8,華南永昌-潮州,2023-09-20,9328
2618,長榮航,8,0,8,華南永昌-潮州,2023-09-20,9328
00900,富邦特選高股息30,7,0,7,華南永昌-潮州,2023-09-20,9328
2405,輔信,8,1,7,華南永昌-潮州,2023-09-20,9328
3339,泰谷,7,0,7,華南永昌-潮州,2023-09-20,9328
3711,日月光投控,10,3,7,華南永昌-潮州,2023-09-20,9328
3715,定穎投控,59,52,7,華南永昌-潮州,2023-09-20,9328
8222,寶一,12,5,7,華南永昌-潮州,2023-09-20,9328
2891,中信金,145,1,144,華南永昌-潮州,2023-09-21,9328
00929,復華台灣科技優息,199,59,140,華南永昌-潮州,2023-09-21,9328
2367,燿華,201,103,98,華南永昌-潮州,2023-09-21,9328
1301,台塑,61,0,61,華南永昌-潮州,2023-09-21,9328
3217,優群,53,8,45,華南永昌-潮州,2023-09-21,9328
00919,群益台灣精選高息,41,0,41,華南永昌-潮州,2023-09-21,9328
2002,中鋼,36,2,34,華南永昌-潮州,2023-09-21,9328
00881,國泰台灣5G+,32,0,32,華南永昌-潮州,2023-09-21,9328
00637L,元大滬深300正2,31,0,31,華南永昌-潮州,2023-09-21,9328
3056,富華新,30,0,30,華南永昌-潮州,2023-09-21,9328
00665L,富邦�琤肭磪囓�2,30,0,30,華南永昌-潮州,2023-09-21,9328
2883,凱基金,27,0,27,華南永昌-潮州,2023-09-21,9328
00878,國泰永續高股息,47,20,27,華南永昌-潮州,2023-09-21,9328
00900,富邦特選高股息30,24,0,24,華南永昌-潮州,2023-09-21,9328
2618,長榮航,25,2,23,華南永昌-潮州,2023-09-21,9328
1314,中石化,23,0,23,華南永昌-潮州,2023-09-21,9328
2363,矽統,49,28,21,華南永昌-潮州,2023-09-21,9328
3047,訊舟,20,0,20,華南永昌-潮州,2023-09-21,9328
8222,寶一,20,0,20,華南永昌-潮州,2023-09-21,9328
2344,華邦電,20,1,19,華南永昌-潮州,2023-09-21,9328
00932,兆豐永續高息等權,19,0,19,華南永昌-潮州,2023-09-21,9328
00688L,國泰20年美債正2,15,0,15,華南永昌-潮州,2023-09-21,9328
2610,華航,14,0,14,華南永昌-潮州,2023-09-21,9328
00687B,國泰20年美債,13,0,13,華南永昌-潮州,2023-09-21,9328
2888,新光金,13,0,13,華南永昌-潮州,2023-09-21,9328
2317,鴻海,14,1,13,華南永昌-潮州,2023-09-21,9328
5880,合庫金,13,0,13,華南永昌-潮州,2023-09-21,9328
2206,三陽工業,12,0,12,華南永昌-潮州,2023-09-21,9328
2884,玉山金,12,0,12,華南永昌-潮州,2023-09-21,9328
1101,台泥,11,0,11,華南永昌-潮州,2023-09-21,9328
3231,緯創,41,31,10,華南永昌-潮州,2023-09-21,9328
00680L,元大美債20正2,10,0,10,華南永昌-潮州,2023-09-21,9328
2851,中再保,10,0,10,華南永昌-潮州,2023-09-21,9328
5381,合正,10,0,10,華南永昌-潮州,2023-09-21,9328
6213,聯茂,11,1,10,華南永昌-潮州,2023-09-21,9328
2369,菱生,9,0,9,華南永昌-潮州,2023-09-21,9328
3363,上詮,19,10,9,華南永昌-潮州,2023-09-21,9328
0050,元大台灣50,8,0,8,華南永昌-潮州,2023-09-21,9328
2834,臺企銀,8,0,8,華南永昌-潮州,2023-09-21,9328
8358,金居,8,0,8,華南永昌-潮州,2023-09-21,9328
2486,一詮,7,0,7,華南永昌-潮州,2023-09-21,9328
8069,元太,7,0,7,華南永昌-潮州,2023-09-21,9328
2468,華經,16,9,7,華南永昌-潮州,2023-09-21,9328
2615,萬海,8,1,7,華南永昌-潮州,2023-09-21,9328
6592B,和潤企業乙特,7,0,7,華南永昌-潮州,2023-09-21,9328
6664,群翊,7,0,7,華南永昌-潮州,2023-09-21,9328
2892,第一金,7,0,7,華南永昌-潮州,2023-09-21,9328
00713,元大台灣高息低波,7,0,7,華南永昌-潮州,2023-09-21,9328
3265,台星科,6,0,6,華南永昌-潮州,2023-09-21,9328
00679B,元大美債20年,6,0,6,華南永昌-潮州,2023-09-21,9328
00929,復華台灣科技優息,115,2,113,華南永昌-潮州,2023-09-22,9328
00931B,統一美債20年,65,1,64,華南永昌-潮州,2023-09-22,9328
3013,晟銘電,54,4,50,華南永昌-潮州,2023-09-22,9328
1101,台泥,40,0,40,華南永昌-潮州,2023-09-22,9328
00919,群益台灣精選高息,46,11,35,華南永昌-潮州,2023-09-22,9328
00679B,元大美債20年,26,0,26,華南永昌-潮州,2023-09-22,9328
3715,定穎投控,41,17,24,華南永昌-潮州,2023-09-22,9328
00878,國泰永續高股息,36,13,23,華南永昌-潮州,2023-09-22,9328
00753L,中信中國50正2,21,0,21,華南永昌-潮州,2023-09-22,9328
2883,凱基金,20,0,20,華南永昌-潮州,2023-09-22,9328
00918,大華優利高填息30,20,0,20,華南永昌-潮州,2023-09-22,9328
1714,和桐,20,0,20,華南永昌-潮州,2023-09-22,9328
2630,亞航,21,1,20,華南永昌-潮州,2023-09-22,9328
2329,華泰,24,10,14,華南永昌-潮州,2023-09-22,9328
3231,緯創,46,33,13,華南永昌-潮州,2023-09-22,9328
2904,匯僑,13,0,13,華南永昌-潮州,2023-09-22,9328
1584,精剛,11,0,11,華南永昌-潮州,2023-09-22,9328
2412,中華電,11,0,11,華南永昌-潮州,2023-09-22,9328
2303,聯電,11,1,10,華南永昌-潮州,2023-09-22,9328
1210,大成,10,0,10,華南永昌-潮州,2023-09-22,9328
2312,金寶,10,0,10,華南永昌-潮州,2023-09-22,9328
2816,旺旺保,10,0,10,華南永昌-潮州,2023-09-22,9328
3272,東碩,10,0,10,華南永昌-潮州,2023-09-22,9328
6190,萬泰科,10,0,10,華南永昌-潮州,2023-09-22,9328
00713,元大台灣高息低波,10,1,9,華南永昌-潮州,2023-09-22,9328
00772B,中信高評級公司債,9,0,9,華南永昌-潮州,2023-09-22,9328
2344,華邦電,11,2,9,華南永昌-潮州,2023-09-22,9328
2610,華航,9,0,9,華南永昌-潮州,2023-09-22,9328
3092,鴻碩,10,1,9,華南永昌-潮州,2023-09-22,9328
3217,優群,9,0,9,華南永昌-潮州,2023-09-22,9328
0056,元大高股息,32,24,8,華南永昌-潮州,2023-09-22,9328
00680L,元大美債20正2,8,0,8,華南永昌-潮州,2023-09-22,9328
3615,安可,12,4,8,華南永昌-潮州,2023-09-22,9328
2330,台積電,7,0,7,華南永昌-潮州,2023-09-22,9328
00720B,元大投資級公司債,7,0,7,華南永昌-潮州,2023-09-22,9328
00687B,國泰20年美債,7,0,7,華南永昌-潮州,2023-09-22,9328
00885,富邦越南,8,1,7,華南永昌-潮州,2023-09-22,9328
6274,台燿,14,7,7,華南永昌-潮州,2023-09-22,9328
6285,啟��,15,8,7,華南永昌-潮州,2023-09-22,9328
00773B,中信優先金融債,6,0,6,華南永昌-潮州,2023-09-22,9328
00751B,元大AAA至A公司債,6,0,6,華南永昌-潮州,2023-09-22,9328
1216,統一,5,0,5,華南永昌-潮州,2023-09-22,9328
00857B,永豐20年美公債,5,0,5,華南永昌-潮州,2023-09-22,9328
00673R,期元大S＆P原油反1,5,0,5,華南永昌-潮州,2023-09-22,9328
1455,集盛,5,0,5,華南永昌-潮州,2023-09-22,9328
2605,新興,8,3,5,華南永昌-潮州,2023-09-22,9328
2734,易飛網,5,0,5,華南永昌-潮州,2023-09-22,9328
3264,欣銓,5,0,5,華南永昌-潮州,2023-09-22,9328
6111,大宇資,5,0,5,華南永昌-潮州,2023-09-22,9328
0050,元大台灣50,8,4,4,華南永昌-潮州,2023-09-22,9328
2515,中工,90,3,87,華南永昌-潮州,2023-09-25,9328
1210,大成,80,5,75,華南永昌-潮州,2023-09-25,9328
3013,晟銘電,85,34,51,華南永昌-潮州,2023-09-25,9328
2891,中信金,37,1,36,華南永昌-潮州,2023-09-25,9328
6274,台燿,28,6,22,華南永昌-潮州,2023-09-25,9328
4129,聯合,21,0,21,華南永昌-潮州,2023-09-25,9328
00919,群益台灣精選高息,22,2,20,華南永昌-潮州,2023-09-25,9328
1605,華新,20,0,20,華南永昌-潮州,2023-09-25,9328
2337,旺宏,23,3,20,華南永昌-潮州,2023-09-25,9328
3231,緯創,18,3,15,華南永昌-潮州,2023-09-25,9328
2002,中鋼,14,0,14,華南永昌-潮州,2023-09-25,9328
2816,旺旺保,15,1,14,華南永昌-潮州,2023-09-25,9328
8222,寶一,11,0,11,華南永昌-潮州,2023-09-25,9328
2344,華邦電,10,0,10,華南永昌-潮州,2023-09-25,9328
00650L,復華香港正2,10,0,10,華南永昌-潮州,2023-09-25,9328
2612,中航,11,1,10,華南永昌-潮州,2023-09-25,9328
2615,萬海,11,1,10,華南永昌-潮州,2023-09-25,9328
3615,安可,11,1,10,華南永昌-潮州,2023-09-25,9328
5225,東科-KY,10,0,10,華南永昌-潮州,2023-09-25,9328
00929,復華台灣科技優息,43,34,9,華南永昌-潮州,2023-09-25,9328
2618,長榮航,11,2,9,華南永昌-潮州,2023-09-25,9328
00878,國泰永續高股息,13,4,9,華南永昌-潮州,2023-09-25,9328
00902,中信電池及儲能,9,0,9,華南永昌-潮州,2023-09-25,9328
1727,中華化,9,0,9,華南永昌-潮州,2023-09-25,9328
3346,麗清,9,0,9,華南永昌-潮州,2023-09-25,9328
2371,大同,10,1,9,華南永昌-潮州,2023-09-25,9328
3163,波若威,11,2,9,華南永昌-潮州,2023-09-25,9328
8054,安國,7,0,7,華南永昌-潮州,2023-09-25,9328
3037,欣興,8,2,6,華南永昌-潮州,2023-09-25,9328
6122,擎邦,6,0,6,華南永昌-潮州,2023-09-25,9328
2014,中鴻,5,0,5,華南永昌-潮州,2023-09-25,9328
3003,健和興,5,0,5,華南永昌-潮州,2023-09-25,9328
3711,日月光投控,5,0,5,華南永昌-潮州,2023-09-25,9328
4919,新唐,5,0,5,華南永昌-潮州,2023-09-25,9328
6275,元山,5,0,5,華南永昌-潮州,2023-09-25,9328
6532,瑞耘,5,0,5,華南永昌-潮州,2023-09-25,9328
9907,統一實,5,0,5,華南永昌-潮州,2023-09-25,9328
00679B,元大美債20年,4,0,4,華南永昌-潮州,2023-09-25,9328
1101,台泥,4,0,4,華南永昌-潮州,2023-09-25,9328
2376,技嘉,6,2,4,華南永昌-潮州,2023-09-25,9328
1513,中興電,6,2,4,華南永昌-潮州,2023-09-25,9328
2324,仁寶,4,0,4,華南永昌-潮州,2023-09-25,9328
2332,友訊,4,0,4,華南永昌-潮州,2023-09-25,9328
2543,皇昌,4,0,4,華南永昌-潮州,2023-09-25,9328
2603,長榮,5,1,4,華南永昌-潮州,2023-09-25,9328
2904,匯僑,4,0,4,華南永昌-潮州,2023-09-25,9328
3689,湧德,4,0,4,華南永昌-潮州,2023-09-25,9328
6592B,和潤企業乙特,4,0,4,華南永昌-潮州,2023-09-25,9328
0056,元大高股息,9,5,4,華南永昌-潮州,2023-09-25,9328
00687B,國泰20年美債,3,0,3,華南永昌-潮州,2023-09-25,9328
2344,華邦電,159,1,158,華南永昌-潮州,2023-09-26,9328
00919,群益台灣精選高息,77,1,76,華南永昌-潮州,2023-09-26,9328
1102,亞泥,53,0,53,華南永昌-潮州,2023-09-26,9328
2417,圓剛,50,1,49,華南永昌-潮州,2023-09-26,9328
1210,大成,45,0,45,華南永昌-潮州,2023-09-26,9328
2891,中信金,45,1,44,華南永昌-潮州,2023-09-26,9328
1609,大亞,55,12,43,華南永昌-潮州,2023-09-26,9328
3481,群創,43,1,42,華南永昌-潮州,2023-09-26,9328
1522,堤維西,67,25,42,華南永昌-潮州,2023-09-26,9328
00929,復華台灣科技優息,65,32,33,華南永昌-潮州,2023-09-26,9328
00915,凱基優選高股息30,27,0,27,華南永昌-潮州,2023-09-26,9328
2303,聯電,27,1,26,華南永昌-潮州,2023-09-26,9328
2409,友達,26,0,26,華南永昌-潮州,2023-09-26,9328
00907,永豐優息存股,25,0,25,華南永昌-潮州,2023-09-26,9328
3217,優群,25,0,25,華南永昌-潮州,2023-09-26,9328
00712,復華富時不動產,21,0,21,華南永昌-潮州,2023-09-26,9328
00650L,復華香港正2,20,0,20,華南永昌-潮州,2023-09-26,9328
00679B,元大美債20年,20,1,19,華南永昌-潮州,2023-09-26,9328
00878,國泰永續高股息,68,50,18,華南永昌-潮州,2023-09-26,9328
1503,士電,16,0,16,華南永昌-潮州,2023-09-26,9328
1314,中石化,15,0,15,華南永昌-潮州,2023-09-26,9328
1504,東元,22,8,14,華南永昌-潮州,2023-09-26,9328
1101,台泥,14,1,13,華南永昌-潮州,2023-09-26,9328
00923,群益台ESG低碳50,13,0,13,華南永昌-潮州,2023-09-26,9328
2206,三陽工業,21,8,13,華南永昌-潮州,2023-09-26,9328
2634,漢翔,14,2,12,華南永昌-潮州,2023-09-26,9328
1339,昭輝,27,15,12,華南永昌-潮州,2023-09-26,9328
4543,萬在,15,3,12,華南永昌-潮州,2023-09-26,9328
00713,元大台灣高息低波,11,0,11,華南永昌-潮州,2023-09-26,9328
00905,FT臺灣Smart,26,15,11,華南永昌-潮州,2023-09-26,9328
3224,三顧,11,0,11,華南永昌-潮州,2023-09-26,9328
2330,台積電,12,1,11,華南永昌-潮州,2023-09-26,9328
2352,佳世達,10,0,10,華南永昌-潮州,2023-09-26,9328
3711,日月光投控,10,0,10,華南永昌-潮州,2023-09-26,9328
00751B,元大AAA至A公司債,10,0,10,華南永昌-潮州,2023-09-26,9328
2312,金寶,10,0,10,華南永昌-潮州,2023-09-26,9328
2363,矽統,123,113,10,華南永昌-潮州,2023-09-26,9328
2615,萬海,11,1,10,華南永昌-潮州,2023-09-26,9328
3706,神達,11,2,9,華南永昌-潮州,2023-09-26,9328
6770,力積電,8,0,8,華南永昌-潮州,2023-09-26,9328
5425,台半,8,0,8,華南永昌-潮州,2023-09-26,9328
00637L,元大滬深300正2,8,0,8,華南永昌-潮州,2023-09-26,9328
3231,緯創,21,13,8,華南永昌-潮州,2023-09-26,9328
2317,鴻海,7,0,7,華南永昌-潮州,2023-09-26,9328
2002,中鋼,7,0,7,華南永昌-潮州,2023-09-26,9328
00687B,國泰20年美債,7,0,7,華南永昌-潮州,2023-09-26,9328
3715,定穎投控,99,92,7,華南永昌-潮州,2023-09-26,9328
8358,金居,7,0,7,華南永昌-潮州,2023-09-26,9328
1304,台聚,7,0,7,華南永昌-潮州,2023-09-26,9328
5880,合庫金,6,0,6,華南永昌-潮州,2023-09-26,9328
2014,中鴻,114,5,109,華南永昌-潮州,2023-09-27,9328
00712,復華富時不動產,108,2,106,華南永昌-潮州,2023-09-27,9328
00929,復華台灣科技優息,152,64,88,華南永昌-潮州,2023-09-27,9328
2002,中鋼,60,2,58,華南永昌-潮州,2023-09-27,9328
8222,寶一,30,0,30,華南永昌-潮州,2023-09-27,9328
2412,中華電,28,1,27,華南永昌-潮州,2023-09-27,9328
00919,群益台灣精選高息,26,0,26,華南永昌-潮州,2023-09-27,9328
2303,聯電,21,5,16,華南永昌-潮州,2023-09-27,9328
2358,廷鑫,14,0,14,華南永昌-潮州,2023-09-27,9328
8358,金居,14,0,14,華南永昌-潮州,2023-09-27,9328
00882,中信中國高股息,16,2,14,華南永昌-潮州,2023-09-27,9328
2331,精英,16,4,12,華南永昌-潮州,2023-09-27,9328
00905,FT臺灣Smart,11,0,11,華南永昌-潮州,2023-09-27,9328
2367,燿華,51,40,11,華南永昌-潮州,2023-09-27,9328
6117,迎廣,11,0,11,華南永昌-潮州,2023-09-27,9328
6150,撼訊,13,2,11,華南永昌-潮州,2023-09-27,9328
1471,首利,10,0,10,華南永昌-潮州,2023-09-27,9328
2338,光罩,10,0,10,華南永昌-潮州,2023-09-27,9328
3548,兆利,25,15,10,華南永昌-潮州,2023-09-27,9328
5324,士開,10,0,10,華南永昌-潮州,2023-09-27,9328
2206,三陽工業,18,9,9,華南永昌-潮州,2023-09-27,9328
8076,伍豐,9,0,9,華南永昌-潮州,2023-09-27,9328
1314,中石化,9,0,9,華南永昌-潮州,2023-09-27,9328
1605,華新,12,4,8,華南永昌-潮州,2023-09-27,9328
00885,富邦越南,8,0,8,華南永昌-潮州,2023-09-27,9328
00932,兆豐永續高息等權,8,0,8,華南永昌-潮州,2023-09-27,9328
5425,台半,8,0,8,華南永昌-潮州,2023-09-27,9328
00923,群益台ESG低碳50,7,0,7,華南永昌-潮州,2023-09-27,9328
2337,旺宏,19,12,7,華南永昌-潮州,2023-09-27,9328
0056,元大高股息,8,1,7,華南永昌-潮州,2023-09-27,9328
2641,正德,7,0,7,華南永昌-潮州,2023-09-27,9328
3171,炎洲流通,7,0,7,華南永昌-潮州,2023-09-27,9328
2344,華邦電,9,3,6,華南永昌-潮州,2023-09-27,9328
2329,華泰,19,13,6,華南永昌-潮州,2023-09-27,9328
2542,興富發,6,0,6,華南永昌-潮州,2023-09-27,9328
1608,華榮,7,2,5,華南永昌-潮州,2023-09-27,9328
2883,凱基金,5,0,5,華南永昌-潮州,2023-09-27,9328
4961,天鈺,6,1,5,華南永昌-潮州,2023-09-27,9328
00931B,統一美債20年,5,0,5,華南永昌-潮州,2023-09-27,9328
00878,國泰永續高股息,6,1,5,華南永昌-潮州,2023-09-27,9328
00900,富邦特選高股息30,5,0,5,華南永昌-潮州,2023-09-27,9328
6442,光聖,17,12,5,華南永昌-潮州,2023-09-27,9328
2409,友達,5,0,5,華南永昌-潮州,2023-09-27,9328
2461,光群雷,4,0,4,華南永昌-潮州,2023-09-27,9328
1584,精剛,4,0,4,華南永昌-潮州,2023-09-27,9328
1101,台泥,4,0,4,華南永昌-潮州,2023-09-27,9328
1802,台玻,4,0,4,華南永昌-潮州,2023-09-27,9328
2421,建準,8,4,4,華南永昌-潮州,2023-09-27,9328
2516,新建,4,0,4,華南永昌-潮州,2023-09-27,9328
8420,明揚,8,4,4,華南永昌-潮州,2023-09-27,9328
00929,復華台灣科技優息,56,5,51,華南永昌-潮州,2023-09-28,9328
3006,晶豪科,43,0,43,華南永昌-潮州,2023-09-28,9328
2412,中華電,17,0,17,華南永昌-潮州,2023-09-28,9328
6451,訊芯-KY,19,2,17,華南永昌-潮州,2023-09-28,9328
2002,中鋼,28,11,17,華南永昌-潮州,2023-09-28,9328
2344,華邦電,23,7,16,華南永昌-潮州,2023-09-28,9328
00637L,元大滬深300正2,16,0,16,華南永昌-潮州,2023-09-28,9328
1471,首利,29,14,15,華南永昌-潮州,2023-09-28,9328
00882,中信中國高股息,16,2,14,華南永昌-潮州,2023-09-28,9328
1612,宏泰,17,3,14,華南永昌-潮州,2023-09-28,9328
3036,文曄,21,7,14,華南永昌-潮州,2023-09-28,9328
9919,康那香,14,0,14,華南永昌-潮州,2023-09-28,9328
2801,彰銀,12,0,12,華南永昌-潮州,2023-09-28,9328
00679B,元大美債20年,11,0,11,華南永昌-潮州,2023-09-28,9328
6485,點序,11,0,11,華南永昌-潮州,2023-09-28,9328
2353,宏��,15,5,10,華南永昌-潮州,2023-09-28,9328
00688L,國泰20年美債正2,10,0,10,華南永昌-潮州,2023-09-28,9328
2316,楠梓電,11,1,10,華南永昌-潮州,2023-09-28,9328
2867,三商壽,11,1,10,華南永昌-潮州,2023-09-28,9328
2906,高林,10,0,10,華南永昌-潮州,2023-09-28,9328
3122,笙泉,32,22,10,華南永昌-潮州,2023-09-28,9328
6188,廣明,10,0,10,華南永昌-潮州,2023-09-28,9328
8255,朋程,10,0,10,華南永昌-潮州,2023-09-28,9328
8358,金居,10,0,10,華南永昌-潮州,2023-09-28,9328
2363,矽統,54,44,10,華南永昌-潮州,2023-09-28,9328
3265,台星科,15,6,9,華南永昌-潮州,2023-09-28,9328
2014,中鴻,16,8,8,華南永昌-潮州,2023-09-28,9328
3231,緯創,38,30,8,華南永昌-潮州,2023-09-28,9328
00751B,元大AAA至A公司債,8,0,8,華南永昌-潮州,2023-09-28,9328
00931B,統一美債20年,8,0,8,華南永昌-潮州,2023-09-28,9328
00919,群益台灣精選高息,7,0,7,華南永昌-潮州,2023-09-28,9328
2376,技嘉,25,18,7,華南永昌-潮州,2023-09-28,9328
2610,華航,9,2,7,華南永昌-潮州,2023-09-28,9328
2208,台船,7,0,7,華南永昌-潮州,2023-09-28,9328
2324,仁寶,7,0,7,華南永昌-潮州,2023-09-28,9328
5321,美而快,7,0,7,華南永昌-潮州,2023-09-28,9328
1218,泰山,6,0,6,華南永昌-潮州,2023-09-28,9328
2017,官田鋼,10,4,6,華南永昌-潮州,2023-09-28,9328
2457,飛宏,7,1,6,華南永昌-潮州,2023-09-28,9328
6282,康舒,6,0,6,華南永昌-潮州,2023-09-28,9328
2461,光群雷,6,0,6,華南永昌-潮州,2023-09-28,9328
2317,鴻海,6,1,5,華南永昌-潮州,2023-09-28,9328
5880,合庫金,5,0,5,華南永昌-潮州,2023-09-28,9328
00857B,永豐20年美公債,5,0,5,華南永昌-潮州,2023-09-28,9328
00687B,國泰20年美債,5,0,5,華南永昌-潮州,2023-09-28,9328
00632R,元大台灣50反1,5,0,5,華南永昌-潮州,2023-09-28,9328
1809,中釉,5,0,5,華南永昌-潮州,2023-09-28,9328
2401,凌陽,5,0,5,華南永昌-潮州,2023-09-28,9328
2449,京元電子,5,0,5,華南永昌-潮州,2023-09-28,9328
6139,亞翔,6,1,5,華南永昌-潮州,2023-09-28,9328
2356,英業達,513,23,490,華南永昌-潮州,2023-10-02,9328
1102,亞泥,251,2,249,華南永昌-潮州,2023-10-02,9328
2363,矽統,116,44,72,華南永昌-潮州,2023-10-02,9328
00931B,統一美債20年,62,0,62,華南永昌-潮州,2023-10-02,9328
00722B,群益投資級電信債,30,0,30,華南永昌-潮州,2023-10-02,9328
2337,旺宏,36,7,29,華南永昌-潮州,2023-10-02,9328
00878,國泰永續高股息,32,3,29,華南永昌-潮州,2023-10-02,9328
00688L,國泰20年美債正2,20,0,20,華南永昌-潮州,2023-10-02,9328
2316,楠梓電,22,2,20,華南永昌-潮州,2023-10-02,9328
5324,士開,20,0,20,華南永昌-潮州,2023-10-02,9328
2301,光寶科,73,57,16,華南永昌-潮州,2023-10-02,9328
6188,廣明,34,18,16,華南永昌-潮州,2023-10-02,9328
1605,華新,18,3,15,華南永昌-潮州,2023-10-02,9328
2880,華南金,15,0,15,華南永昌-潮州,2023-10-02,9328
6015,宏遠證,15,0,15,華南永昌-潮州,2023-10-02,9328
2313,華通,15,1,14,華南永昌-潮州,2023-10-02,9328
00679B,元大美債20年,13,0,13,華南永昌-潮州,2023-10-02,9328
2355,敬鵬,16,3,13,華南永昌-潮州,2023-10-02,9328
2618,長榮航,15,2,13,華南永昌-潮州,2023-10-02,9328
3078,僑威,14,1,13,華南永昌-潮州,2023-10-02,9328
00751B,元大AAA至A公司債,12,0,12,華南永昌-潮州,2023-10-02,9328
2002,中鋼,12,0,12,華南永昌-潮州,2023-10-02,9328
2882,國泰金,12,0,12,華南永昌-潮州,2023-10-02,9328
3481,群創,13,1,12,華南永昌-潮州,2023-10-02,9328
6191,精成科,23,12,11,華南永昌-潮州,2023-10-02,9328
2609,陽明,11,0,11,華南永昌-潮州,2023-10-02,9328
2206,三陽工業,11,0,11,華南永昌-潮州,2023-10-02,9328
2208,台船,11,0,11,華南永昌-潮州,2023-10-02,9328
4743,合一,11,0,11,華南永昌-潮州,2023-10-02,9328
1301,台塑,10,0,10,華南永昌-潮州,2023-10-02,9328
2367,燿華,11,1,10,華南永昌-潮州,2023-10-02,9328
2409,友達,11,1,10,華南永昌-潮州,2023-10-02,9328
3346,麗清,7,0,7,華南永昌-潮州,2023-10-02,9328
6861,睿生光電,7,0,7,華南永昌-潮州,2023-10-02,9328
3325,旭品,20,13,7,華南永昌-潮州,2023-10-02,9328
1442,名軒,6,0,6,華南永昌-潮州,2023-10-02,9328
3322,建舜電,6,0,6,華南永昌-潮州,2023-10-02,9328
6139,亞翔,7,1,6,華南永昌-潮州,2023-10-02,9328
6279,胡連,6,0,6,華南永昌-潮州,2023-10-02,9328
6271,同欣電,7,2,5,華南永昌-潮州,2023-10-02,9328
00687B,國泰20年美債,5,0,5,華南永昌-潮州,2023-10-02,9328
3317,尼克森,5,0,5,華南永昌-潮州,2023-10-02,9328
2886,兆豐金,5,0,5,華南永昌-潮州,2023-10-02,9328
00918,大華優利高填息30,5,0,5,華南永昌-潮州,2023-10-02,9328
2010,春源,5,0,5,華南永昌-潮州,2023-10-02,9328
2388,威盛,13,8,5,華南永昌-潮州,2023-10-02,9328
2427,三商電,15,10,5,華南永昌-潮州,2023-10-02,9328
4768,晶呈科技,5,0,5,華南永昌-潮州,2023-10-02,9328
8222,寶一,5,0,5,華南永昌-潮州,2023-10-02,9328
6282,康舒,10,5,5,華南永昌-潮州,2023-10-02,9328
0056,元大高股息,141,12,129,華南永昌-潮州,2023-10-03,9328
00929,復華台灣科技優息,89,2,87,華南永昌-潮州,2023-10-03,9328
00650L,復華香港正2,73,6,67,華南永昌-潮州,2023-10-03,9328
00882,中信中國高股息,40,0,40,華南永昌-潮州,2023-10-03,9328
1605,華新,33,0,33,華南永昌-潮州,2023-10-03,9328
1504,東元,37,4,33,華南永昌-潮州,2023-10-03,9328
00712,復華富時不動產,33,0,33,華南永昌-潮州,2023-10-03,9328
00637L,元大滬深300正2,31,0,31,華南永昌-潮州,2023-10-03,9328
2330,台積電,30,0,30,華南永昌-潮州,2023-10-03,9328
2104,國際中橡,26,0,26,華南永昌-潮州,2023-10-03,9328
00919,群益台灣精選高息,35,11,24,華南永昌-潮州,2023-10-03,9328
3260,威剛,31,7,24,華南永昌-潮州,2023-10-03,9328
2618,長榮航,31,8,23,華南永昌-潮州,2023-10-03,9328
00922,國泰台灣領袖50,23,0,23,華南永昌-潮州,2023-10-03,9328
1109,信大,20,0,20,華南永昌-潮州,2023-10-03,9328
2002,中鋼,20,0,20,華南永昌-潮州,2023-10-03,9328
00878,國泰永續高股息,18,0,18,華南永昌-潮州,2023-10-03,9328
00931B,統一美債20年,17,0,17,華南永昌-潮州,2023-10-03,9328
3481,群創,19,3,16,華南永昌-潮州,2023-10-03,9328
00772B,中信高評級公司債,15,0,15,華南永昌-潮州,2023-10-03,9328
2388,威盛,40,25,15,華南永昌-潮州,2023-10-03,9328
2409,友達,23,8,15,華南永昌-潮州,2023-10-03,9328
1101,台泥,14,2,12,華南永昌-潮州,2023-10-03,9328
00907,永豐優息存股,11,0,11,華南永昌-潮州,2023-10-03,9328
2888,新光金,11,0,11,華南永昌-潮州,2023-10-03,9328
3363,上詮,18,7,11,華南永昌-潮州,2023-10-03,9328
3450,聯鈞,15,4,11,華南永昌-潮州,2023-10-03,9328
00902,中信電池及儲能,10,0,10,華南永昌-潮州,2023-10-03,9328
2369,菱生,10,0,10,華南永昌-潮州,2023-10-03,9328
3043,科風,10,0,10,華南永昌-潮州,2023-10-03,9328
4130,健亞,10,0,10,華南永昌-潮州,2023-10-03,9328
4543,萬在,10,0,10,華南永昌-潮州,2023-10-03,9328
8054,安國,10,0,10,華南永昌-潮州,2023-10-03,9328
2402,毅嘉,10,1,9,華南永昌-潮州,2023-10-03,9328
3548,兆利,9,0,9,華南永昌-潮州,2023-10-03,9328
3264,欣銓,8,0,8,華南永昌-潮州,2023-10-03,9328
00715L,期街口布蘭特正2,8,0,8,華南永昌-潮州,2023-10-03,9328
5324,士開,10,2,8,華南永昌-潮州,2023-10-03,9328
2417,圓剛,17,9,8,華南永昌-潮州,2023-10-03,9328
00679B,元大美債20年,7,0,7,華南永昌-潮州,2023-10-03,9328
1522,堤維西,12,5,7,華南永昌-潮州,2023-10-03,9328
3454,晶睿,7,0,7,華南永昌-潮州,2023-10-03,9328
3704,合勤控,7,0,7,華南永昌-潮州,2023-10-03,9328
6117,迎廣,55,48,7,華南永昌-潮州,2023-10-03,9328
2356,英業達,12,5,7,華南永昌-潮州,2023-10-03,9328
2382,廣達,11,5,6,華南永昌-潮州,2023-10-03,9328
1218,泰山,6,0,6,華南永昌-潮州,2023-10-03,9328
2610,華航,11,5,6,華南永昌-潮州,2023-10-03,9328
3715,定穎投控,29,23,6,華南永昌-潮州,2023-10-03,9328
4746,台耀,7,1,6,華南永昌-潮州,2023-10-03,9328
00929,復華台灣科技優息,175,0,175,華南永昌-潮州,2023-10-04,9328
3711,日月光投控,133,0,133,華南永昌-潮州,2023-10-04,9328
00922,國泰台灣領袖50,86,0,86,華南永昌-潮州,2023-10-04,9328
00664R,國泰臺灣加權反1,80,0,80,華南永昌-潮州,2023-10-04,9328
2002,中鋼,60,2,58,華南永昌-潮州,2023-10-04,9328
3481,群創,48,5,43,華南永昌-潮州,2023-10-04,9328
00712,復華富時不動產,39,2,37,華南永昌-潮州,2023-10-04,9328
2344,華邦電,42,10,32,華南永昌-潮州,2023-10-04,9328
3325,旭品,46,14,32,華南永昌-潮州,2023-10-04,9328
6770,力積電,27,0,27,華南永昌-潮州,2023-10-04,9328
00751B,元大AAA至A公司債,26,0,26,華南永昌-潮州,2023-10-04,9328
00673R,期元大S＆P原油反1,25,0,25,華南永昌-潮州,2023-10-04,9328
00919,群益台灣精選高息,24,0,24,華南永昌-潮州,2023-10-04,9328
8222,寶一,22,0,22,華南永昌-潮州,2023-10-04,9328
00679B,元大美債20年,21,0,21,華南永昌-潮州,2023-10-04,9328
0056,元大高股息,24,3,21,華南永昌-潮州,2023-10-04,9328
2014,中鴻,21,0,21,華南永昌-潮州,2023-10-04,9328
2891,中信金,21,0,21,華南永昌-潮州,2023-10-04,9328
2303,聯電,22,3,19,華南永昌-潮州,2023-10-04,9328
1605,華新,20,1,19,華南永昌-潮州,2023-10-04,9328
2409,友達,33,14,19,華南永昌-潮州,2023-10-04,9328
00633L,富邦上証正2,19,0,19,華南永昌-潮州,2023-10-04,9328
2419,仲琦,22,4,18,華南永昌-潮州,2023-10-04,9328
2881,富邦金,17,0,17,華南永昌-潮州,2023-10-04,9328
2884,玉山金,16,0,16,華南永昌-潮州,2023-10-04,9328
2892,第一金,15,0,15,華南永昌-潮州,2023-10-04,9328
2356,英業達,16,1,15,華南永昌-潮州,2023-10-04,9328
00720B,元大投資級公司債,16,2,14,華南永昌-潮州,2023-10-04,9328
00923,群益台ESG低碳50,14,0,14,華南永昌-潮州,2023-10-04,9328
3672,康聯訊,14,0,14,華南永昌-潮州,2023-10-04,9328
00713,元大台灣高息低波,14,0,14,華南永昌-潮州,2023-10-04,9328
2887,台新金,12,0,12,華南永昌-潮州,2023-10-04,9328
2880,華南金,12,0,12,華南永昌-潮州,2023-10-04,9328
00687B,國泰20年美債,12,0,12,華南永昌-潮州,2023-10-04,9328
2610,華航,11,0,11,華南永昌-潮州,2023-10-04,9328
5009,榮剛,11,0,11,華南永昌-潮州,2023-10-04,9328
00650L,復華香港正2,12,2,10,華南永昌-潮州,2023-10-04,9328
2495,普安,10,0,10,華南永昌-潮州,2023-10-04,9328
3287,廣寰科,10,0,10,華南永昌-潮州,2023-10-04,9328
5272,笙科,10,0,10,華南永昌-潮州,2023-10-04,9328
6279,胡連,11,1,10,華南永昌-潮州,2023-10-04,9328
6451,訊芯-KY,19,9,10,華南永昌-潮州,2023-10-04,9328
1802,台玻,9,0,9,華南永昌-潮州,2023-10-04,9328
2883,凱基金,9,0,9,華南永昌-潮州,2023-10-04,9328
5426,振發,9,0,9,華南永昌-潮州,2023-10-04,9328
2363,矽統,64,55,9,華南永昌-潮州,2023-10-04,9328
2834,臺企銀,8,0,8,華南永昌-潮州,2023-10-04,9328
00637L,元大滬深300正2,8,0,8,華南永昌-潮州,2023-10-04,9328
00730,富邦臺灣優質高息,8,0,8,華南永昌-潮州,2023-10-04,9328
3548,兆利,8,0,8,華南永昌-潮州,2023-10-04,9328
1815,富喬,319,128,191,華南永昌-潮州,2023-10-05,9328
2025,千興,100,0,100,華南永昌-潮州,2023-10-05,9328
00712,復華富時不動產,82,1,81,華南永昌-潮州,2023-10-05,9328
0056,元大高股息,31,2,29,華南永昌-潮州,2023-10-05,9328
1319,東陽,27,5,22,華南永昌-潮州,2023-10-05,9328
1313,聯成,20,0,20,華南永昌-潮州,2023-10-05,9328
3481,群創,19,1,18,華南永昌-潮州,2023-10-05,9328
2409,友達,18,1,17,華南永昌-潮州,2023-10-05,9328
1101,台泥,17,0,17,華南永昌-潮州,2023-10-05,9328
3530,晶相光,21,5,16,華南永昌-潮州,2023-10-05,9328
1305,華夏,12,0,12,華南永昌-潮州,2023-10-05,9328
3231,緯創,20,9,11,華南永昌-潮州,2023-10-05,9328
6285,啟��,16,5,11,華南永昌-潮州,2023-10-05,9328
2634,漢翔,12,1,11,華南永昌-潮州,2023-10-05,9328
00929,復華台灣科技優息,22,12,10,華南永昌-潮州,2023-10-05,9328
00715L,期街口布蘭特正2,10,0,10,華南永昌-潮州,2023-10-05,9328
00706L,期元大S＆P日圓正2,10,0,10,華南永昌-潮州,2023-10-05,9328
1711,永光,10,0,10,華南永昌-潮州,2023-10-05,9328
5309,系統電,10,0,10,華南永昌-潮州,2023-10-05,9328
2606,裕民,12,2,10,華南永昌-潮州,2023-10-05,9328
00931B,統一美債20年,9,0,9,華南永昌-潮州,2023-10-05,9328
1522,堤維西,11,2,9,華南永昌-潮州,2023-10-05,9328
1909,榮成,10,1,9,華南永昌-潮州,2023-10-05,9328
2369,菱生,9,0,9,華南永昌-潮州,2023-10-05,9328
2605,新興,15,6,9,華南永昌-潮州,2023-10-05,9328
5469,瀚宇博,9,0,9,華南永昌-潮州,2023-10-05,9328
3450,聯鈞,13,4,9,華南永昌-潮州,2023-10-05,9328
2002,中鋼,12,4,8,華南永昌-潮州,2023-10-05,9328
3363,上詮,46,38,8,華南永昌-潮州,2023-10-05,9328
5381,合正,11,3,8,華南永昌-潮州,2023-10-05,9328
6438,迅得,8,0,8,華南永昌-潮州,2023-10-05,9328
3548,兆利,15,8,7,華南永昌-潮州,2023-10-05,9328
00891,中信關鍵半導體,8,1,7,華南永昌-潮州,2023-10-05,9328
6122,擎邦,10,3,7,華南永昌-潮州,2023-10-05,9328
6129,普誠,8,1,7,華南永昌-潮州,2023-10-05,9328
4967,十銓,7,0,7,華南永昌-潮州,2023-10-05,9328
00632R,元大台灣50反1,6,0,6,華南永昌-潮州,2023-10-05,9328
3122,笙泉,13,7,6,華南永昌-潮州,2023-10-05,9328
8240,華宏,7,1,6,華南永昌-潮州,2023-10-05,9328
9904,寶成,6,0,6,華南永昌-潮州,2023-10-05,9328
2382,廣達,20,14,6,華南永昌-潮州,2023-10-05,9328
2388,威盛,9,4,5,華南永昌-潮州,2023-10-05,9328
3227,原相,5,0,5,華南永昌-潮州,2023-10-05,9328
3491,昇達科,5,0,5,華南永昌-潮州,2023-10-05,9328
4768,晶呈科技,5,0,5,華南永昌-潮州,2023-10-05,9328
6585,鼎基,6,1,5,華南永昌-潮州,2023-10-05,9328
8201,無敵,5,0,5,華南永昌-潮州,2023-10-05,9328
6505,台塑化,5,0,5,華南永昌-潮州,2023-10-05,9328
8210,勤誠,6,2,4,華南永昌-潮州,2023-10-05,9328
8271,宇瞻,4,0,4,華南永昌-潮州,2023-10-05,9328
00632R,元大台灣50反1,200,0,200,華南永昌-潮州,2023-10-06,9328
9105,泰金寶-DR,129,0,129,華南永昌-潮州,2023-10-06,9328
00923,群益台ESG低碳50,100,0,100,華南永昌-潮州,2023-10-06,9328
3231,緯創,78,13,65,華南永昌-潮州,2023-10-06,9328
2301,光寶科,64,2,62,華南永昌-潮州,2023-10-06,9328
2610,華航,60,6,54,華南永昌-潮州,2023-10-06,9328
00931B,統一美債20年,41,0,41,華南永昌-潮州,2023-10-06,9328
2891,中信金,36,0,36,華南永昌-潮州,2023-10-06,9328
2486,一詮,26,4,22,華南永昌-潮州,2023-10-06,9328
2903,遠百,21,0,21,華南永昌-潮州,2023-10-06,9328
00712,復華富時不動產,21,0,21,華南永昌-潮州,2023-10-06,9328
3481,群創,25,6,19,華南永昌-潮州,2023-10-06,9328
2399,映泰,18,1,17,華南永昌-潮州,2023-10-06,9328
2409,友達,16,1,15,華南永昌-潮州,2023-10-06,9328
4744,皇將,15,0,15,華南永昌-潮州,2023-10-06,9328
2363,矽統,76,64,12,華南永昌-潮州,2023-10-06,9328
2312,金寶,12,1,11,華南永昌-潮州,2023-10-06,9328
2030,彰源,10,0,10,華南永昌-潮州,2023-10-06,9328
2888,新光金,10,0,10,華南永昌-潮州,2023-10-06,9328
6570,維田,10,0,10,華南永昌-潮州,2023-10-06,9328
6202,盛群,10,0,10,華南永昌-潮州,2023-10-06,9328
6282,康舒,11,2,9,華南永昌-潮州,2023-10-06,9328
6122,擎邦,12,3,9,華南永昌-潮州,2023-10-06,9328
3325,旭品,11,2,9,華南永昌-潮州,2023-10-06,9328
4908,前鼎,15,7,8,華南永昌-潮州,2023-10-06,9328
6204,艾華,11,3,8,華南永昌-潮州,2023-10-06,9328
8222,寶一,9,1,8,華南永昌-潮州,2023-10-06,9328
5439,高技,8,0,8,華南永昌-潮州,2023-10-06,9328
2353,宏��,9,2,7,華南永昌-潮州,2023-10-06,9328
00680L,元大美債20正2,7,0,7,華南永昌-潮州,2023-10-06,9328
1471,首利,8,1,7,華南永昌-潮州,2023-10-06,9328
4746,台耀,8,2,6,華南永昌-潮州,2023-10-06,9328
1605,華新,15,9,6,華南永昌-潮州,2023-10-06,9328
5351,鈺創,8,2,6,華南永昌-潮州,2023-10-06,9328
00642U,期元大S＆P石油,5,0,5,華南永昌-潮州,2023-10-06,9328
00885,富邦越南,5,0,5,華南永昌-潮州,2023-10-06,9328
1584,精剛,5,0,5,華南永昌-潮州,2023-10-06,9328
1618,合機,6,1,5,華南永昌-潮州,2023-10-06,9328
2367,燿華,10,5,5,華南永昌-潮州,2023-10-06,9328
2368,金像電,5,0,5,華南永昌-潮州,2023-10-06,9328
3014,聯陽,6,1,5,華南永昌-潮州,2023-10-06,9328
3031,佰鴻,5,0,5,華南永昌-潮州,2023-10-06,9328
3122,笙泉,11,6,5,華南永昌-潮州,2023-10-06,9328
3317,尼克森,5,0,5,華南永昌-潮州,2023-10-06,9328
3437,榮創,5,0,5,華南永昌-潮州,2023-10-06,9328
3490,單井,5,0,5,華南永昌-潮州,2023-10-06,9328
3666,光耀,5,0,5,華南永昌-潮州,2023-10-06,9328
5347,世界,5,0,5,華南永昌-潮州,2023-10-06,9328
6861,睿生光電,5,0,5,華南永昌-潮州,2023-10-06,9328
00922,國泰台灣領袖50,5,1,4,華南永昌-潮州,2023-10-06,9328
1815,富喬,226,3,223,華南永昌-潮州,2023-10-11,9328
2603,長榮,78,3,75,華南永昌-潮州,2023-10-11,9328
00932,兆豐永續高息等權,55,0,55,華南永昌-潮州,2023-10-11,9328
2405,輔信,54,0,54,華南永昌-潮州,2023-10-11,9328
3231,緯創,82,28,54,華南永昌-潮州,2023-10-11,9328
0056,元大高股息,46,2,44,華南永昌-潮州,2023-10-11,9328
8358,金居,43,2,41,華南永昌-潮州,2023-10-11,9328
3325,旭品,38,0,38,華南永昌-潮州,2023-10-11,9328
6116,彩晶,31,2,29,華南永昌-潮州,2023-10-11,9328
2356,英業達,47,19,28,華南永昌-潮州,2023-10-11,9328
00632R,元大台灣50反1,26,0,26,華南永昌-潮州,2023-10-11,9328
1504,東元,25,2,23,華南永昌-潮州,2023-10-11,9328
1471,首利,23,0,23,華南永昌-潮州,2023-10-11,9328
3706,神達,23,1,22,華南永昌-潮州,2023-10-11,9328
1802,台玻,24,2,22,華南永昌-潮州,2023-10-11,9328
3481,群創,23,1,22,華南永昌-潮州,2023-10-11,9328
00680L,元大美債20正2,20,0,20,華南永昌-潮州,2023-10-11,9328
00637L,元大滬深300正2,20,0,20,華南永昌-潮州,2023-10-11,9328
2030,彰源,20,0,20,華南永昌-潮州,2023-10-11,9328
00907,永豐優息存股,19,0,19,華南永昌-潮州,2023-10-11,9328
3715,定穎投控,38,20,18,華南永昌-潮州,2023-10-11,9328
6120,達運,17,0,17,華南永昌-潮州,2023-10-11,9328
1603,華電,17,0,17,華南永昌-潮州,2023-10-11,9328
3094,聯傑,16,0,16,華南永昌-潮州,2023-10-11,9328
2618,長榮航,20,4,16,華南永昌-潮州,2023-10-11,9328
00730,富邦臺灣優質高息,25,10,15,華南永昌-潮州,2023-10-11,9328
00715L,期街口布蘭特正2,23,8,15,華南永昌-潮州,2023-10-11,9328
2353,宏��,26,12,14,華南永昌-潮州,2023-10-11,9328
3078,僑威,14,1,13,華南永昌-潮州,2023-10-11,9328
2388,威盛,19,8,11,華南永昌-潮州,2023-10-11,9328
2427,三商電,11,0,11,華南永昌-潮州,2023-10-11,9328
00712,復華富時不動產,11,0,11,華南永昌-潮州,2023-10-11,9328
2489,瑞軒,10,0,10,華南永昌-潮州,2023-10-11,9328
2425,承啟,10,0,10,華南永昌-潮州,2023-10-11,9328
4934,太極,9,0,9,華南永昌-潮州,2023-10-11,9328
6139,亞翔,10,1,9,華南永昌-潮州,2023-10-11,9328
2399,映泰,12,4,8,華南永昌-潮州,2023-10-11,9328
2421,建準,24,16,8,華南永昌-潮州,2023-10-11,9328
3607,谷崧,8,0,8,華南永昌-潮州,2023-10-11,9328
6523,達爾膚,8,0,8,華南永昌-潮州,2023-10-11,9328
2014,中鴻,8,1,7,華南永昌-潮州,2023-10-11,9328
2609,陽明,17,10,7,華南永昌-潮州,2023-10-11,9328
1305,華夏,7,0,7,華南永昌-潮州,2023-10-11,9328
2605,新興,8,1,7,華南永昌-潮州,2023-10-11,9328
2606,裕民,11,4,7,華南永昌-潮州,2023-10-11,9328
00919,群益台灣精選高息,6,0,6,華南永昌-潮州,2023-10-11,9328
2884,玉山金,6,0,6,華南永昌-潮州,2023-10-11,9328
2376,技嘉,12,6,6,華南永昌-潮州,2023-10-11,9328
2486,一詮,8,2,6,華南永昌-潮州,2023-10-11,9328
2538,基泰,6,0,6,華南永昌-潮州,2023-10-11,9328
00632R,元大台灣50反1,131,0,131,華南永昌-潮州,2023-10-12,9328
1471,首利,60,1,59,華南永昌-潮州,2023-10-12,9328
2883,凱基金,61,19,42,華南永昌-潮州,2023-10-12,9328
00929,復華台灣科技優息,73,36,37,華南永昌-潮州,2023-10-12,9328
00919,群益台灣精選高息,27,0,27,華南永昌-潮州,2023-10-12,9328
2603,長榮,26,5,21,華南永昌-潮州,2023-10-12,9328
2337,旺宏,20,0,20,華南永昌-潮州,2023-10-12,9328
2618,長榮航,20,1,19,華南永昌-潮州,2023-10-12,9328
2363,矽統,130,113,17,華南永昌-潮州,2023-10-12,9328
3234,光環,14,0,14,華南永昌-潮州,2023-10-12,9328
5425,台半,13,1,12,華南永昌-潮州,2023-10-12,9328
00720B,元大投資級公司債,11,0,11,華南永昌-潮州,2023-10-12,9328
2356,英業達,28,17,11,華南永昌-潮州,2023-10-12,9328
2468,華經,12,1,11,華南永昌-潮州,2023-10-12,9328
00712,復華富時不動產,11,0,11,華南永昌-潮州,2023-10-12,9328
00930,永豐ESG低碳高息,10,0,10,華南永昌-潮州,2023-10-12,9328
00715L,期街口布蘭特正2,12,2,10,華南永昌-潮州,2023-10-12,9328
1809,中釉,10,0,10,華南永昌-潮州,2023-10-12,9328
2365,昆盈,10,0,10,華南永昌-潮州,2023-10-12,9328
2489,瑞軒,10,0,10,華南永昌-潮州,2023-10-12,9328
3624,光頡,10,0,10,華南永昌-潮州,2023-10-12,9328
5351,鈺創,12,2,10,華南永昌-潮州,2023-10-12,9328
6530,創威,21,11,10,華南永昌-潮州,2023-10-12,9328
00900,富邦特選高股息30,12,3,9,華南永昌-潮州,2023-10-12,9328
00922,國泰台灣領袖50,11,2,9,華南永昌-潮州,2023-10-12,9328
2382,廣達,29,22,7,華南永昌-潮州,2023-10-12,9328
1503,士電,10,4,6,華南永昌-潮州,2023-10-12,9328
5009,榮剛,6,0,6,華南永昌-潮州,2023-10-12,9328
2201,裕隆,9,3,6,華南永昌-潮州,2023-10-12,9328
6531,愛普*,5,0,5,華南永昌-潮州,2023-10-12,9328
00931B,統一美債20年,5,0,5,華南永昌-潮州,2023-10-12,9328
2208,台船,6,1,5,華南永昌-潮州,2023-10-12,9328
2316,楠梓電,5,0,5,華南永昌-潮州,2023-10-12,9328
2355,敬鵬,6,1,5,華南永昌-潮州,2023-10-12,9328
2409,友達,11,6,5,華南永昌-潮州,2023-10-12,9328
2637,慧洋-KY,5,0,5,華南永昌-潮州,2023-10-12,9328
6274,台燿,10,5,5,華南永昌-潮州,2023-10-12,9328
00687B,國泰20年美債,4,0,4,華南永昌-潮州,2023-10-12,9328
1584,精剛,5,1,4,華南永昌-潮州,2023-10-12,9328
1815,富喬,7,3,4,華南永昌-潮州,2023-10-12,9328
2417,圓剛,4,0,4,華南永昌-潮州,2023-10-12,9328
3019,亞光,4,0,4,華南永昌-潮州,2023-10-12,9328
3163,波若威,4,0,4,華南永昌-潮州,2023-10-12,9328
3628,盈正,4,0,4,華南永昌-潮州,2023-10-12,9328
5272,笙科,4,0,4,華南永昌-潮州,2023-10-12,9328
5457,宣德,4,0,4,華南永昌-潮州,2023-10-12,9328
3037,欣興,6,2,4,華南永昌-潮州,2023-10-12,9328
4114,健喬,3,0,3,華南永昌-潮州,2023-10-12,9328
3530,晶相光,3,0,3,華南永昌-潮州,2023-10-12,9328
00642U,期元大S＆P石油,3,0,3,華南永昌-潮州,2023-10-12,9328
9938,百和,150,0,150,華南永昌-潮州,2023-10-13,9328
00905,FT臺灣Smart,137,0,137,華南永昌-潮州,2023-10-13,9328
00712,復華富時不動產,102,2,100,華南永昌-潮州,2023-10-13,9328
0056,元大高股息,93,1,92,華南永昌-潮州,2023-10-13,9328
2301,光寶科,67,3,64,華南永昌-潮州,2023-10-13,9328
00878,國泰永續高股息,49,0,49,華南永昌-潮州,2023-10-13,9328
3481,群創,45,0,45,華南永昌-潮州,2023-10-13,9328
00919,群益台灣精選高息,41,10,31,華南永昌-潮州,2023-10-13,9328
2382,廣達,44,15,29,華南永昌-潮州,2023-10-13,9328
2363,矽統,161,133,28,華南永昌-潮州,2023-10-13,9328
00713,元大台灣高息低波,28,0,28,華南永昌-潮州,2023-10-13,9328
2002,中鋼,25,1,24,華南永昌-潮州,2023-10-13,9328
3231,緯創,56,33,23,華南永昌-潮州,2023-10-13,9328
6257,矽格,24,1,23,華南永昌-潮州,2023-10-13,9328
6684,安格,23,0,23,華南永昌-潮州,2023-10-13,9328
2882,國泰金,22,0,22,華南永昌-潮州,2023-10-13,9328
3078,僑威,32,10,22,華南永昌-潮州,2023-10-13,9328
00720B,元大投資級公司債,21,0,21,華南永昌-潮州,2023-10-13,9328
6285,啟��,28,8,20,華南永昌-潮州,2023-10-13,9328
5009,榮剛,20,0,20,華南永昌-潮州,2023-10-13,9328
1101,台泥,21,1,20,華南永昌-潮州,2023-10-13,9328
2356,英業達,23,6,17,華南永昌-潮州,2023-10-13,9328
6129,普誠,12,0,12,華南永昌-潮州,2023-10-13,9328
00929,復華台灣科技優息,10,0,10,華南永昌-潮州,2023-10-13,9328
2884,玉山金,10,0,10,華南永昌-潮州,2023-10-13,9328
2891,中信金,10,0,10,華南永昌-潮州,2023-10-13,9328
6770,力積電,16,6,10,華南永昌-潮州,2023-10-13,9328
00673R,期元大S＆P原油反1,10,0,10,華南永昌-潮州,2023-10-13,9328
1809,中釉,10,0,10,華南永昌-潮州,2023-10-13,9328
3624,光頡,10,0,10,華南永昌-潮州,2023-10-13,9328
3652,精聯,10,0,10,華南永昌-潮州,2023-10-13,9328
2353,宏��,10,1,9,華南永昌-潮州,2023-10-13,9328
2486,一詮,9,0,9,華南永昌-潮州,2023-10-13,9328
2618,長榮航,9,1,8,華南永昌-潮州,2023-10-13,9328
00923,群益台ESG低碳50,10,2,8,華南永昌-潮州,2023-10-13,9328
00665L,富邦�琤肭磪囓�2,8,0,8,華南永昌-潮州,2023-10-13,9328
00688L,國泰20年美債正2,8,0,8,華南永昌-潮州,2023-10-13,9328
6112,邁達特,9,1,8,華南永昌-潮州,2023-10-13,9328
2313,華通,10,3,7,華南永昌-潮州,2023-10-13,9328
00715L,期街口布蘭特正2,13,6,7,華南永昌-潮州,2023-10-13,9328
3264,欣銓,7,0,7,華南永昌-潮州,2023-10-13,9328
2329,華泰,6,0,6,華南永昌-潮州,2023-10-13,9328
2206,三陽工業,6,0,6,華南永昌-潮州,2023-10-13,9328
8996,高力,8,2,6,華南永昌-潮州,2023-10-13,9328
2409,友達,12,6,6,華南永昌-潮州,2023-10-13,9328
00650L,復華香港正2,5,0,5,華南永昌-潮州,2023-10-13,9328
1416,廣豐,5,0,5,華南永昌-潮州,2023-10-13,9328
1447,力鵬,5,0,5,華南永昌-潮州,2023-10-13,9328
1514,亞力,5,0,5,華南永昌-潮州,2023-10-13,9328
3051,力特,5,0,5,華南永昌-潮州,2023-10-13,9328
1815,富喬,260,35,225,華南永昌-潮州,2023-10-16,9328
1314,中石化,136,66,70,華南永昌-潮州,2023-10-16,9328
2344,華邦電,55,3,52,華南永昌-潮州,2023-10-16,9328
3481,群創,42,0,42,華南永昌-潮州,2023-10-16,9328
0056,元大高股息,52,10,42,華南永昌-潮州,2023-10-16,9328
00888,永豐台灣ESG,45,7,38,華南永昌-潮州,2023-10-16,9328
1605,華新,37,0,37,華南永昌-潮州,2023-10-16,9328
00922,國泰台灣領袖50,33,0,33,華南永昌-潮州,2023-10-16,9328
00915,凱基優選高股息30,26,0,26,華南永昌-潮州,2023-10-16,9328
2337,旺宏,35,12,23,華南永昌-潮州,2023-10-16,9328
3706,神達,24,1,23,華南永昌-潮州,2023-10-16,9328
2618,長榮航,23,1,22,華南永昌-潮州,2023-10-16,9328
2301,光寶科,33,12,21,華南永昌-潮州,2023-10-16,9328
00712,復華富時不動產,20,0,20,華南永昌-潮州,2023-10-16,9328
2474,可成,20,0,20,華南永昌-潮州,2023-10-16,9328
2610,華航,20,1,19,華南永昌-潮州,2023-10-16,9328
2603,長榮,19,2,17,華南永昌-潮州,2023-10-16,9328
2486,一詮,19,3,16,華南永昌-潮州,2023-10-16,9328
5009,榮剛,15,0,15,華南永昌-潮州,2023-10-16,9328
00688L,國泰20年美債正2,12,0,12,華南永昌-潮州,2023-10-16,9328
2367,燿華,12,0,12,華南永昌-潮州,2023-10-16,9328
3228,金麗科,13,1,12,華南永昌-潮州,2023-10-16,9328
1218,泰山,11,0,11,華南永昌-潮州,2023-10-16,9328
1409,新纖,11,0,11,華南永昌-潮州,2023-10-16,9328
5425,台半,11,1,10,華南永昌-潮州,2023-10-16,9328
00673R,期元大S＆P原油反1,21,11,10,華南永昌-潮州,2023-10-16,9328
00902,中信電池及儲能,10,0,10,華南永昌-潮州,2023-10-16,9328
2201,裕隆,18,8,10,華南永昌-潮州,2023-10-16,9328
3287,廣寰科,10,0,10,華南永昌-潮州,2023-10-16,9328
5443,均豪,10,0,10,華南永昌-潮州,2023-10-16,9328
00929,復華台灣科技優息,141,133,8,華南永昌-潮州,2023-10-16,9328
2409,友達,8,0,8,華南永昌-潮州,2023-10-16,9328
2369,菱生,12,5,7,華南永昌-潮州,2023-10-16,9328
3231,緯創,25,18,7,華南永昌-潮州,2023-10-16,9328
6120,達運,7,1,6,華南永昌-潮州,2023-10-16,9328
5215,科嘉-KY,6,1,5,華南永昌-潮州,2023-10-16,9328
2376,技嘉,13,8,5,華南永昌-潮州,2023-10-16,9328
2609,陽明,6,1,5,華南永昌-潮州,2023-10-16,9328
2401,凌陽,5,0,5,華南永昌-潮州,2023-10-16,9328
00679B,元大美債20年,5,0,5,華南永昌-潮州,2023-10-16,9328
00632R,元大台灣50反1,5,0,5,華南永昌-潮州,2023-10-16,9328
00637L,元大滬深300正2,5,0,5,華南永昌-潮州,2023-10-16,9328
2022,聚亨,5,0,5,華南永昌-潮州,2023-10-16,9328
3454,晶睿,5,0,5,華南永昌-潮州,2023-10-16,9328
3479,安勤,5,0,5,華南永昌-潮州,2023-10-16,9328
3567,逸昌,5,0,5,華南永昌-潮州,2023-10-16,9328
6411,晶焱,5,0,5,華南永昌-潮州,2023-10-16,9328
1608,華榮,4,0,4,華南永昌-潮州,2023-10-16,9328
2324,仁寶,11,7,4,華南永昌-潮州,2023-10-16,9328
2404,漢唐,4,0,4,華南永昌-潮州,2023-10-16,9328
6290,良維,91,6,85,華南永昌-潮州,2023-10-17,9328
0056,元大高股息,63,4,59,華南永昌-潮州,2023-10-17,9328
2301,光寶科,47,14,33,華南永昌-潮州,2023-10-17,9328
2458,義隆,33,0,33,華南永昌-潮州,2023-10-17,9328
00929,復華台灣科技優息,38,6,32,華南永昌-潮州,2023-10-17,9328
3231,緯創,56,35,21,華南永昌-潮州,2023-10-17,9328
3481,群創,21,0,21,華南永昌-潮州,2023-10-17,9328
1314,中石化,28,8,20,華南永昌-潮州,2023-10-17,9328
1524,耿鼎,20,1,19,華南永昌-潮州,2023-10-17,9328
3715,定穎投控,41,23,18,華南永昌-潮州,2023-10-17,9328
00912,中信臺灣智慧50,17,0,17,華南永昌-潮州,2023-10-17,9328
00878,國泰永續高股息,25,10,15,華南永昌-潮州,2023-10-17,9328
4958,臻鼎-KY,14,0,14,華南永昌-潮州,2023-10-17,9328
1522,堤維西,14,1,13,華南永昌-潮州,2023-10-17,9328
3122,笙泉,13,1,12,華南永昌-潮州,2023-10-17,9328
6284,佳邦,12,0,12,華南永昌-潮州,2023-10-17,9328
2801,彰銀,12,0,12,華南永昌-潮州,2023-10-17,9328
00922,國泰台灣領袖50,11,0,11,華南永昌-潮州,2023-10-17,9328
2358,廷鑫,10,0,10,華南永昌-潮州,2023-10-17,9328
2611,志信,10,0,10,華南永昌-潮州,2023-10-17,9328
2634,漢翔,10,0,10,華南永昌-潮州,2023-10-17,9328
3090,日電貿,10,0,10,華南永昌-潮州,2023-10-17,9328
9904,寶成,10,0,10,華南永昌-潮州,2023-10-17,9328
2402,毅嘉,10,1,9,華南永昌-潮州,2023-10-17,9328
2883,凱基金,9,1,8,華南永昌-潮州,2023-10-17,9328
6451,訊芯-KY,10,2,8,華南永昌-潮州,2023-10-17,9328
00715L,期街口布蘭特正2,8,1,7,華南永昌-潮州,2023-10-17,9328
2457,飛宏,7,0,7,華南永昌-潮州,2023-10-17,9328
2465,麗臺,8,1,7,華南永昌-潮州,2023-10-17,9328
2618,長榮航,18,11,7,華南永昌-潮州,2023-10-17,9328
00687B,國泰20年美債,6,0,6,華南永昌-潮州,2023-10-17,9328
2498,宏達電,8,2,6,華南永昌-潮州,2023-10-17,9328
2748,雲品,7,1,6,華南永昌-潮州,2023-10-17,9328
3276,宇環,9,3,6,華南永昌-潮州,2023-10-17,9328
6190,萬泰科,6,0,6,華南永昌-潮州,2023-10-17,9328
4552,力達-KY,5,0,5,華南永昌-潮州,2023-10-17,9328
2603,長榮,6,1,5,華南永昌-潮州,2023-10-17,9328
1101,台泥,5,0,5,華南永昌-潮州,2023-10-17,9328
00916,國泰全球品牌50,5,0,5,華南永昌-潮州,2023-10-17,9328
00888,永豐台灣ESG,5,0,5,華南永昌-潮州,2023-10-17,9328
1909,榮成,5,0,5,華南永昌-潮州,2023-10-17,9328
2440,太空梭,5,0,5,華南永昌-潮州,2023-10-17,9328
3013,晟銘電,5,0,5,華南永昌-潮州,2023-10-17,9328
3078,僑威,15,10,5,華南永昌-潮州,2023-10-17,9328
6275,元山,10,5,5,華南永昌-潮州,2023-10-17,9328
8011,台通,7,2,5,華南永昌-潮州,2023-10-17,9328
2313,華通,16,11,5,華南永昌-潮州,2023-10-17,9328
6282,康舒,7,3,4,華南永昌-潮州,2023-10-17,9328
1319,東陽,6,2,4,華南永昌-潮州,2023-10-17,9328
1560,中砂,4,0,4,華南永昌-潮州,2023-10-17,9328
00929,復華台灣科技優息,156,3,153,華南永昌-潮州,2023-10-18,9328
0056,元大高股息,133,1,132,華南永昌-潮州,2023-10-18,9328
00878,國泰永續高股息,85,5,80,華南永昌-潮州,2023-10-18,9328
6168,宏齊,83,10,73,華南永昌-潮州,2023-10-18,9328
2363,矽統,83,15,68,華南永昌-潮州,2023-10-18,9328
2618,長榮航,103,44,59,華南永昌-潮州,2023-10-18,9328
9950,萬國通,55,0,55,華南永昌-潮州,2023-10-18,9328
8222,寶一,53,0,53,華南永昌-潮州,2023-10-18,9328
00922,國泰台灣領袖50,44,0,44,華南永昌-潮州,2023-10-18,9328
2337,旺宏,42,0,42,華南永昌-潮州,2023-10-18,9328
2723,美食-KY,30,0,30,華南永昌-潮州,2023-10-18,9328
00919,群益台灣精選高息,40,13,27,華南永昌-潮州,2023-10-18,9328
2353,宏��,29,3,26,華南永昌-潮州,2023-10-18,9328
2201,裕隆,27,4,23,華南永昌-潮州,2023-10-18,9328
3481,群創,26,3,23,華南永昌-潮州,2023-10-18,9328
1717,長興,21,0,21,華南永昌-潮州,2023-10-18,9328
3483,力致,31,10,21,華南永昌-潮州,2023-10-18,9328
2605,新興,35,15,20,華南永昌-潮州,2023-10-18,9328
3234,光環,18,0,18,華南永昌-潮州,2023-10-18,9328
1101,台泥,17,1,16,華南永昌-潮州,2023-10-18,9328
2409,友達,16,0,16,華南永昌-潮州,2023-10-18,9328
2888,新光金,15,0,15,華南永昌-潮州,2023-10-18,9328
6290,良維,15,0,15,華南永昌-潮州,2023-10-18,9328
00932,兆豐永續高息等權,14,0,14,華南永昌-潮州,2023-10-18,9328
3041,揚智,16,3,13,華南永昌-潮州,2023-10-18,9328
3706,神達,14,3,11,華南永昌-潮州,2023-10-18,9328
2458,義隆,11,0,11,華南永昌-潮州,2023-10-18,9328
2606,裕民,34,23,11,華南永昌-潮州,2023-10-18,9328
00720B,元大投資級公司債,14,4,10,華南永昌-潮州,2023-10-18,9328
00633L,富邦上証正2,10,0,10,華南永昌-潮州,2023-10-18,9328
00688L,國泰20年美債正2,20,10,10,華南永昌-潮州,2023-10-18,9328
00665L,富邦�琤肭磪囓�2,10,0,10,華南永昌-潮州,2023-10-18,9328
2344,華邦電,11,1,10,華南永昌-潮州,2023-10-18,9328
2369,菱生,10,0,10,華南永昌-潮州,2023-10-18,9328
4960,誠美材,10,0,10,華南永昌-潮州,2023-10-18,9328
2376,技嘉,23,15,8,華南永昌-潮州,2023-10-18,9328
00679B,元大美債20年,9,1,8,華南永昌-潮州,2023-10-18,9328
00712,復華富時不動產,9,1,8,華南永昌-潮州,2023-10-18,9328
2645,長榮航太,8,0,8,華南永昌-潮州,2023-10-18,9328
3071,協禧,8,0,8,華南永昌-潮州,2023-10-18,9328
3479,安勤,8,0,8,華南永昌-潮州,2023-10-18,9328
2382,廣達,31,23,8,華南永昌-潮州,2023-10-18,9328
6274,台燿,20,13,7,華南永昌-潮州,2023-10-18,9328
00900,富邦特選高股息30,7,0,7,華南永昌-潮州,2023-10-18,9328
00687B,國泰20年美債,7,0,7,華南永昌-潮州,2023-10-18,9328
2002,中鋼,21,15,6,華南永昌-潮州,2023-10-18,9328
2352,佳世達,7,0,7,華南永昌-潮州,2023-10-18,9328
00680L,元大美債20正2,6,0,6,華南永昌-潮州,2023-10-18,9328
00882,中信中國高股息,6,0,6,華南永昌-潮州,2023-10-18,9328
5465,富驊,6,0,6,華南永昌-潮州,2023-10-18,9328
00933B,國泰10Y+金融債,186,10,176,華南永昌-潮州,2023-10-19,9328
0056,元大高股息,98,6,92,華南永昌-潮州,2023-10-19,9328
00878,國泰永續高股息,62,4,58,華南永昌-潮州,2023-10-19,9328
2618,長榮航,63,5,58,華南永昌-潮州,2023-10-19,9328
3041,揚智,67,22,45,華南永昌-潮州,2023-10-19,9328
3231,緯創,53,10,43,華南永昌-潮州,2023-10-19,9328
00673R,期元大S＆P原油反1,40,0,40,華南永昌-潮州,2023-10-19,9328
2888,新光金,38,1,37,華南永昌-潮州,2023-10-19,9328
00637L,元大滬深300正2,33,0,33,華南永昌-潮州,2023-10-19,9328
6530,創威,37,10,27,華南永昌-潮州,2023-10-19,9328
00751B,元大AAA至A公司債,20,0,20,華南永昌-潮州,2023-10-19,9328
00679B,元大美債20年,18,0,18,華南永昌-潮州,2023-10-19,9328
2883,凱基金,18,0,18,華南永昌-潮州,2023-10-19,9328
2409,友達,17,0,17,華南永昌-潮州,2023-10-19,9328
00712,復華富時不動產,37,20,17,華南永昌-潮州,2023-10-19,9328
00720B,元大投資級公司債,16,0,16,華南永昌-潮州,2023-10-19,9328
1101,台泥,15,0,15,華南永昌-潮州,2023-10-19,9328
00922,國泰台灣領袖50,14,0,14,華南永昌-潮州,2023-10-19,9328
5355,佳總,14,0,14,華南永昌-潮州,2023-10-19,9328
00929,復華台灣科技優息,34,21,13,華南永昌-潮州,2023-10-19,9328
8358,金居,12,0,12,華南永昌-潮州,2023-10-19,9328
3481,群創,12,1,11,華南永昌-潮州,2023-10-19,9328
00725B,國泰投資級公司債,11,0,11,華南永昌-潮州,2023-10-19,9328
5880,合庫金,11,0,11,華南永昌-潮州,2023-10-19,9328
2610,華航,12,1,11,華南永昌-潮州,2023-10-19,9328
2884,玉山金,10,0,10,華南永昌-潮州,2023-10-19,9328
2486,一詮,11,1,10,華南永昌-潮州,2023-10-19,9328
00885,富邦越南,10,0,10,華南永昌-潮州,2023-10-19,9328
00633L,富邦上証正2,10,0,10,華南永昌-潮州,2023-10-19,9328
1605,華新,10,0,10,華南永昌-潮州,2023-10-19,9328
2458,義隆,10,0,10,華南永昌-潮州,2023-10-19,9328
5284,jpp-KY,10,0,10,華南永昌-潮州,2023-10-19,9328
2317,鴻海,9,0,9,華南永昌-潮州,2023-10-19,9328
00905,FT臺灣Smart,9,0,9,華南永昌-潮州,2023-10-19,9328
00655L,國泰中國A50正2,8,0,8,華南永昌-潮州,2023-10-19,9328
2634,漢翔,10,2,8,華南永昌-潮州,2023-10-19,9328
2886,兆豐金,14,7,7,華南永昌-潮州,2023-10-19,9328
2363,矽統,40,32,8,華南永昌-潮州,2023-10-19,9328
3630,新鉅科,8,1,7,華南永昌-潮州,2023-10-19,9328
6168,宏齊,8,1,7,華南永昌-潮州,2023-10-19,9328
2002,中鋼,7,0,7,華南永昌-潮州,2023-10-19,9328
00687B,國泰20年美債,6,0,6,華南永昌-潮州,2023-10-19,9328
3624,光頡,6,0,6,華南永昌-潮州,2023-10-19,9328
8086,宏捷科,6,0,6,華南永昌-潮州,2023-10-19,9328
8046,南電,5,0,5,華南永昌-潮州,2023-10-19,9328
00902,中信電池及儲能,10,5,5,華南永昌-潮州,2023-10-19,9328
2308,台達電,5,0,5,華南永昌-潮州,2023-10-19,9328
00688L,國泰20年美債正2,5,0,5,華南永昌-潮州,2023-10-19,9328
00680L,元大美債20正2,5,0,5,華南永昌-潮州,2023-10-19,9328
00857B,永豐20年美公債,5,0,5,華南永昌-潮州,2023-10-19,9328
00712,復華富時不動產,98,1,97,華南永昌-潮州,2023-10-20,9328
3481,群創,82,5,77,華南永昌-潮州,2023-10-20,9328
2344,華邦電,61,1,60,華南永昌-潮州,2023-10-20,9328
00919,群益台灣精選高息,63,9,54,華南永昌-潮州,2023-10-20,9328
00878,國泰永續高股息,69,21,48,華南永昌-潮州,2023-10-20,9328
2606,裕民,89,45,44,華南永昌-潮州,2023-10-20,9328
00929,復華台灣科技優息,46,4,42,華南永昌-潮州,2023-10-20,9328
0056,元大高股息,36,0,36,華南永昌-潮州,2023-10-20,9328
2882,國泰金,40,5,35,華南永昌-潮州,2023-10-20,9328
00922,國泰台灣領袖50,31,0,31,華南永昌-潮州,2023-10-20,9328
1785,光洋科,33,3,30,華南永昌-潮州,2023-10-20,9328
8222,寶一,28,0,28,華南永昌-潮州,2023-10-20,9328
3041,揚智,55,28,27,華南永昌-潮州,2023-10-20,9328
00687B,國泰20年美債,27,0,27,華南永昌-潮州,2023-10-20,9328
2367,燿華,21,0,21,華南永昌-潮州,2023-10-20,9328
00637L,元大滬深300正2,20,0,20,華南永昌-潮州,2023-10-20,9328
5880,合庫金,21,1,20,華南永昌-潮州,2023-10-20,9328
1605,華新,21,2,19,華南永昌-潮州,2023-10-20,9328
00882,中信中國高股息,18,0,18,華南永昌-潮州,2023-10-20,9328
2388,威盛,52,34,18,華南永昌-潮州,2023-10-20,9328
2883,凱基金,19,1,18,華南永昌-潮州,2023-10-20,9328
2892,第一金,22,6,16,華南永昌-潮州,2023-10-20,9328
4908,前鼎,56,40,16,華南永昌-潮州,2023-10-20,9328
2002,中鋼,17,1,16,華南永昌-潮州,2023-10-20,9328
2886,兆豐金,26,14,12,華南永昌-潮州,2023-10-20,9328
00885,富邦越南,12,0,12,華南永昌-潮州,2023-10-20,9328
2605,新興,44,32,12,華南永昌-潮州,2023-10-20,9328
00923,群益台ESG低碳50,11,0,11,華南永昌-潮州,2023-10-20,9328
00720B,元大投資級公司債,11,0,11,華南永昌-潮州,2023-10-20,9328
5425,台半,10,0,10,華南永昌-潮州,2023-10-20,9328
1471,首利,20,10,10,華南永昌-潮州,2023-10-20,9328
3025,星通,19,9,10,華南永昌-潮州,2023-10-20,9328
3062,建漢,10,0,10,華南永昌-潮州,2023-10-20,9328
00900,富邦特選高股息30,10,0,10,華南永昌-潮州,2023-10-20,9328
2516,新建,11,2,9,華南永昌-潮州,2023-10-20,9328
2611,志信,10,1,9,華南永昌-潮州,2023-10-20,9328
3268,海德威,10,1,9,華南永昌-潮州,2023-10-20,9328
1101,台泥,8,0,8,華南永昌-潮州,2023-10-20,9328
00902,中信電池及儲能,19,12,7,華南永昌-潮州,2023-10-20,9328
2352,佳世達,7,0,7,華南永昌-潮州,2023-10-20,9328
2884,玉山金,7,0,7,華南永昌-潮州,2023-10-20,9328
3715,定穎投控,29,23,6,華南永昌-潮州,2023-10-20,9328
3081,聯亞,6,0,6,華南永昌-潮州,2023-10-20,9328
00655L,國泰中國A50正2,6,0,6,華南永昌-潮州,2023-10-20,9328
6122,擎邦,7,1,6,華南永昌-潮州,2023-10-20,9328
2881,富邦金,5,0,5,華南永昌-潮州,2023-10-20,9328
2027,大成鋼,5,0,5,華南永昌-潮州,2023-10-20,9328
2204,中華,6,1,5,華南永昌-潮州,2023-10-20,9328
6282,康舒,6,1,5,華南永昌-潮州,2023-10-20,9328
8926,台汽電,5,0,5,華南永昌-潮州,2023-10-20,9328
00929,復華台灣科技優息,217,54,163,華南永昌-潮州,2023-10-23,9328
00712,復華富時不動產,124,0,124,華南永昌-潮州,2023-10-23,9328
2344,華邦電,59,2,57,華南永昌-潮州,2023-10-23,9328
2317,鴻海,45,3,42,華南永昌-潮州,2023-10-23,9328
3276,宇環,23,0,23,華南永昌-潮州,2023-10-23,9328
00751B,元大AAA至A公司債,20,0,20,華南永昌-潮州,2023-10-23,9328
2369,菱生,26,8,18,華南永昌-潮州,2023-10-23,9328
00720B,元大投資級公司債,16,0,16,華南永昌-潮州,2023-10-23,9328
2610,華航,16,0,16,華南永昌-潮州,2023-10-23,9328
00919,群益台灣精選高息,25,10,15,華南永昌-潮州,2023-10-23,9328
3051,力特,26,12,14,華南永昌-潮州,2023-10-23,9328
00679B,元大美債20年,33,20,13,華南永昌-潮州,2023-10-23,9328
00932,兆豐永續高息等權,12,0,12,華南永昌-潮州,2023-10-23,9328
2606,裕民,31,19,12,華南永昌-潮州,2023-10-23,9328
00878,國泰永續高股息,22,10,12,華南永昌-潮州,2023-10-23,9328
00921,兆豐龍頭等權重,11,0,11,華南永昌-潮州,2023-10-23,9328
1217,愛之味,11,0,11,華南永昌-潮州,2023-10-23,9328
1605,華新,11,0,11,華南永昌-潮州,2023-10-23,9328
00933B,國泰10Y+金融債,10,0,10,華南永昌-潮州,2023-10-23,9328
2027,大成鋼,10,0,10,華南永昌-潮州,2023-10-23,9328
4304,勝昱,10,0,10,華南永昌-潮州,2023-10-23,9328
0056,元大高股息,15,5,10,華南永昌-潮州,2023-10-23,9328
00888,永豐台灣ESG,10,0,10,華南永昌-潮州,2023-10-23,9328
2834,臺企銀,8,0,8,華南永昌-潮州,2023-10-23,9328
2402,毅嘉,9,1,8,華南永昌-潮州,2023-10-23,9328
2816,旺旺保,10,2,8,華南永昌-潮州,2023-10-23,9328
2002,中鋼,8,1,7,華南永昌-潮州,2023-10-23,9328
2409,友達,8,1,7,華南永昌-潮州,2023-10-23,9328
00882,中信中國高股息,7,0,7,華南永昌-潮州,2023-10-23,9328
2449,京元電子,22,15,7,華南永昌-潮州,2023-10-23,9328
2892,第一金,6,0,6,華南永昌-潮州,2023-10-23,9328
00715L,期街口布蘭特正2,7,1,6,華南永昌-潮州,2023-10-23,9328
1524,耿鼎,11,5,6,華南永昌-潮州,2023-10-23,9328
3078,僑威,6,0,6,華南永昌-潮州,2023-10-23,9328
3481,群創,6,0,6,華南永昌-潮州,2023-10-23,9328
3006,晶豪科,15,10,5,華南永昌-潮州,2023-10-23,9328
00670L,富邦NASDAQ正2,5,0,5,華南永昌-潮州,2023-10-23,9328
1722,台肥,5,0,5,華南永昌-潮州,2023-10-23,9328
2206,三陽工業,7,2,5,華南永昌-潮州,2023-10-23,9328
2354,鴻準,5,0,5,華南永昌-潮州,2023-10-23,9328
2883,凱基金,7,2,5,華南永昌-潮州,2023-10-23,9328
3049,精金,5,0,5,華南永昌-潮州,2023-10-23,9328
3437,榮創,5,0,5,華南永昌-潮州,2023-10-23,9328
3706,神達,5,0,5,華南永昌-潮州,2023-10-23,9328
4958,臻鼎-KY,5,0,5,華南永昌-潮州,2023-10-23,9328
6538,倉和,5,0,5,華南永昌-潮州,2023-10-23,9328
8176,智捷,7,2,5,華南永昌-潮州,2023-10-23,9328
2201,裕隆,4,0,4,華南永昌-潮州,2023-10-23,9328
1711,永光,7,3,4,華南永昌-潮州,2023-10-23,9328
1785,光洋科,36,32,4,華南永昌-潮州,2023-10-23,9328
2371,大同,150,2,148,華南永昌-潮州,2023-10-24,9328
2363,矽統,130,34,96,華南永昌-潮州,2023-10-24,9328
2317,鴻海,76,7,69,華南永昌-潮州,2023-10-24,9328
00712,復華富時不動產,66,10,56,華南永昌-潮州,2023-10-24,9328
00650L,復華香港正2,50,0,50,華南永昌-潮州,2023-10-24,9328
00923,群益台ESG低碳50,50,2,48,華南永昌-潮州,2023-10-24,9328
00929,復華台灣科技優息,58,10,48,華南永昌-潮州,2023-10-24,9328
00878,國泰永續高股息,31,0,31,華南永昌-潮州,2023-10-24,9328
00687B,國泰20年美債,22,0,22,華南永昌-潮州,2023-10-24,9328
00919,群益台灣精選高息,22,0,22,華南永昌-潮州,2023-10-24,9328
2337,旺宏,20,0,20,華南永昌-潮州,2023-10-24,9328
2344,華邦電,20,0,20,華南永昌-潮州,2023-10-24,9328
8038,長園科,20,0,20,華南永昌-潮州,2023-10-24,9328
00900,富邦特選高股息30,15,0,15,華南永昌-潮州,2023-10-24,9328
1101,台泥,15,0,15,華南永昌-潮州,2023-10-24,9328
2883,凱基金,14,0,14,華南永昌-潮州,2023-10-24,9328
2388,威盛,26,14,12,華南永昌-潮州,2023-10-24,9328
00882,中信中國高股息,11,0,11,華南永昌-潮州,2023-10-24,9328
2305,全友,16,5,11,華南永昌-潮州,2023-10-24,9328
9105,泰金寶-DR,10,0,10,華南永昌-潮州,2023-10-24,9328
0056,元大高股息,13,3,10,華南永昌-潮州,2023-10-24,9328
00637L,元大滬深300正2,20,10,10,華南永昌-潮州,2023-10-24,9328
00665L,富邦�琤肭磪囓�2,20,10,10,華南永昌-潮州,2023-10-24,9328
00680L,元大美債20正2,10,0,10,華南永昌-潮州,2023-10-24,9328
00753L,中信中國50正2,10,0,10,華南永昌-潮州,2023-10-24,9328
2462,良得電,10,0,10,華南永昌-潮州,2023-10-24,9328
2891,中信金,10,0,10,華南永昌-潮州,2023-10-24,9328
6530,創威,10,0,10,華南永昌-潮州,2023-10-24,9328
2002,中鋼,10,1,9,華南永昌-潮州,2023-10-24,9328
1721,三晃,10,1,9,華南永昌-潮州,2023-10-24,9328
3122,笙泉,53,45,8,華南永昌-潮州,2023-10-24,9328
3708,上緯投控,8,0,8,華南永昌-潮州,2023-10-24,9328
4944,兆遠,9,1,8,華南永昌-潮州,2023-10-24,9328
5302,太欣,10,2,8,華南永昌-潮州,2023-10-24,9328
6129,普誠,7,0,7,華南永昌-潮州,2023-10-24,9328
1219,福壽,6,0,6,華南永昌-潮州,2023-10-24,9328
1522,堤維西,6,0,6,華南永昌-潮州,2023-10-24,9328
2453,凌群,6,0,6,華南永昌-潮州,2023-10-24,9328
3666,光耀,7,1,6,華南永昌-潮州,2023-10-24,9328
6285,啟��,6,0,6,華南永昌-潮州,2023-10-24,9328
2382,廣達,14,8,6,華南永昌-潮州,2023-10-24,9328
1909,榮成,5,0,5,華南永昌-潮州,2023-10-24,9328
3024,憶聲,5,0,5,華南永昌-潮州,2023-10-24,9328
3176,基亞,6,1,5,華南永昌-潮州,2023-10-24,9328
4768,晶呈科技,5,0,5,華南永昌-潮州,2023-10-24,9328
6443,元晶,5,0,5,華南永昌-潮州,2023-10-24,9328
2457,飛宏,7,3,4,華南永昌-潮州,2023-10-24,9328
4967,十銓,4,0,4,華南永昌-潮州,2023-10-24,9328
1609,大亞,4,0,4,華南永昌-潮州,2023-10-24,9328
00715L,期街口布蘭特正2,5,1,4,華南永昌-潮州,2023-10-24,9328
2618,長榮航,102,1,101,華南永昌-潮州,2023-10-25,9328
3041,揚智,103,13,90,華南永昌-潮州,2023-10-25,9328
00712,復華富時不動產,68,0,68,華南永昌-潮州,2023-10-25,9328
00715L,期街口布蘭特正2,43,0,43,華南永昌-潮州,2023-10-25,9328
1524,耿鼎,66,38,28,華南永昌-潮州,2023-10-25,9328
00878,國泰永續高股息,30,3,27,華南永昌-潮州,2023-10-25,9328
8110,華東,30,7,23,華南永昌-潮州,2023-10-25,9328
0056,元大高股息,21,2,19,華南永昌-潮州,2023-10-25,9328
00687B,國泰20年美債,20,2,18,華南永昌-潮州,2023-10-25,9328
2402,毅嘉,13,0,13,華南永昌-潮州,2023-10-25,9328
1609,大亞,18,5,13,華南永昌-潮州,2023-10-25,9328
3202,樺晟,12,0,12,華南永昌-潮州,2023-10-25,9328
2637,慧洋-KY,11,0,11,華南永昌-潮州,2023-10-25,9328
1303,南亞,10,0,10,華南永昌-潮州,2023-10-25,9328
3024,憶聲,10,0,10,華南永昌-潮州,2023-10-25,9328
5381,合正,10,0,10,華南永昌-潮州,2023-10-25,9328
8088,品安,11,1,10,華南永昌-潮州,2023-10-25,9328
2337,旺宏,43,33,10,華南永昌-潮州,2023-10-25,9328
3043,科風,8,0,8,華南永昌-潮州,2023-10-25,9328
3078,僑威,15,8,7,華南永昌-潮州,2023-10-25,9328
6547,高端疫苗,7,0,7,華南永昌-潮州,2023-10-25,9328
2887,台新金,7,0,7,華南永昌-潮州,2023-10-25,9328
2317,鴻海,9,2,7,華南永昌-潮州,2023-10-25,9328
4908,前鼎,45,39,6,華南永昌-潮州,2023-10-25,9328
2376,技嘉,18,12,6,華南永昌-潮州,2023-10-25,9328
1522,堤維西,8,2,6,華南永昌-潮州,2023-10-25,9328
2634,漢翔,6,0,6,華南永昌-潮州,2023-10-25,9328
8201,無敵,6,0,6,華南永昌-潮州,2023-10-25,9328
2303,聯電,11,5,6,華南永昌-潮州,2023-10-25,9328
00919,群益台灣精選高息,9,3,6,華南永昌-潮州,2023-10-25,9328
1519,華城,7,2,5,華南永昌-潮州,2023-10-25,9328
2206,三陽工業,6,1,5,華南永昌-潮州,2023-10-25,9328
00921,兆豐龍頭等權重,5,0,5,華南永昌-潮州,2023-10-25,9328
00929,復華台灣科技優息,8,3,5,華南永昌-潮州,2023-10-25,9328
00665L,富邦�琤肭磪囓�2,5,0,5,華南永昌-潮州,2023-10-25,9328
00650L,復華香港正2,5,0,5,華南永昌-潮州,2023-10-25,9328
2867,三商壽,5,0,5,華南永昌-潮州,2023-10-25,9328
3346,麗清,5,0,5,華南永昌-潮州,2023-10-25,9328
6672,騰輝電子-KY,5,0,5,華南永昌-潮州,2023-10-25,9328
8277,商丞,5,0,5,華南永昌-潮州,2023-10-25,9328
1216,統一,4,0,4,華南永昌-潮州,2023-10-25,9328
00877,復華中國5G,4,0,4,華南永昌-潮州,2023-10-25,9328
1618,合機,7,3,4,華南永昌-潮州,2023-10-25,9328
2368,金像電,4,0,4,華南永昌-潮州,2023-10-25,9328
3035,智原,4,0,4,華南永昌-潮州,2023-10-25,9328
6129,普誠,8,4,4,華南永昌-潮州,2023-10-25,9328
8048,德勝,7,3,4,華南永昌-潮州,2023-10-25,9328
2382,廣達,9,6,3,華南永昌-潮州,2023-10-25,9328
6282,康舒,3,0,3,華南永昌-潮州,2023-10-25,9328
1101,台泥,3,0,3,華南永昌-潮州,2023-10-25,9328
00929,復華台灣科技優息,199,1,198,華南永昌-潮州,2023-10-26,9328
2883,凱基金,53,1,52,華南永昌-潮州,2023-10-26,9328
00919,群益台灣精選高息,50,0,50,華南永昌-潮州,2023-10-26,9328
2610,華航,49,2,47,華南永昌-潮州,2023-10-26,9328
00878,國泰永續高股息,42,0,42,華南永昌-潮州,2023-10-26,9328
2344,華邦電,47,6,41,華南永昌-潮州,2023-10-26,9328
3037,欣興,39,1,38,華南永昌-潮州,2023-10-26,9328
2485,兆赫,51,20,31,華南永昌-潮州,2023-10-26,9328
2888,新光金,31,2,29,華南永昌-潮州,2023-10-26,9328
2303,聯電,31,3,28,華南永昌-潮州,2023-10-26,9328
3041,揚智,24,1,23,華南永昌-潮州,2023-10-26,9328
2376,技嘉,33,10,23,華南永昌-潮州,2023-10-26,9328
2369,菱生,22,2,20,華南永昌-潮州,2023-10-26,9328
2618,長榮航,21,2,19,華南永昌-潮州,2023-10-26,9328
00885,富邦越南,18,0,18,華南永昌-潮州,2023-10-26,9328
3481,群創,20,2,18,華南永昌-潮州,2023-10-26,9328
8222,寶一,17,0,17,華南永昌-潮州,2023-10-26,9328
0056,元大高股息,18,1,17,華南永昌-潮州,2023-10-26,9328
00922,國泰台灣領袖50,13,0,13,華南永昌-潮州,2023-10-26,9328
3055,蔚華科,13,0,13,華南永昌-潮州,2023-10-26,9328
2637,慧洋-KY,12,0,12,華南永昌-潮州,2023-10-26,9328
2337,旺宏,41,29,12,華南永昌-潮州,2023-10-26,9328
2363,矽統,16,4,12,華南永昌-潮州,2023-10-26,9328
6284,佳邦,12,1,11,華南永昌-潮州,2023-10-26,9328
3715,定穎投控,30,19,11,華南永昌-潮州,2023-10-26,9328
2882,國泰金,10,0,10,華南永昌-潮州,2023-10-26,9328
00673R,期元大S＆P原油反1,10,0,10,華南永昌-潮州,2023-10-26,9328
2371,大同,10,0,10,華南永昌-潮州,2023-10-26,9328
4960,誠美材,17,7,10,華南永昌-潮州,2023-10-26,9328
2002,中鋼,12,2,10,華南永昌-潮州,2023-10-26,9328
2317,鴻海,11,2,9,華南永昌-潮州,2023-10-26,9328
2206,三陽工業,9,0,9,華南永昌-潮州,2023-10-26,9328
1301,台塑,10,2,8,華南永昌-潮州,2023-10-26,9328
1605,華新,8,0,8,華南永昌-潮州,2023-10-26,9328
00902,中信電池及儲能,8,0,8,華南永昌-潮州,2023-10-26,9328
2880,華南金,7,0,7,華南永昌-潮州,2023-10-26,9328
8358,金居,12,5,7,華南永昌-潮州,2023-10-26,9328
00915,凱基優選高股息30,7,1,6,華南永昌-潮州,2023-10-26,9328
6285,啟��,7,1,6,華南永昌-潮州,2023-10-26,9328
2313,華通,13,7,6,華南永昌-潮州,2023-10-26,9328
2367,燿華,6,0,6,華南永昌-潮州,2023-10-26,9328
4958,臻鼎-KY,6,0,6,華南永昌-潮州,2023-10-26,9328
00888,永豐台灣ESG,10,5,5,華南永昌-潮州,2023-10-26,9328
00679B,元大美債20年,5,0,5,華南永昌-潮州,2023-10-26,9328
00665L,富邦�琤肭磪囓�2,5,0,5,華南永昌-潮州,2023-10-26,9328
1909,榮成,5,0,5,華南永昌-潮州,2023-10-26,9328
3346,麗清,5,0,5,華南永昌-潮州,2023-10-26,9328
5009,榮剛,6,1,5,華南永昌-潮州,2023-10-26,9328
5347,世界,6,1,5,華南永昌-潮州,2023-10-26,9328
6117,迎廣,18,13,5,華南永昌-潮州,2023-10-26,9328
00632R,元大台灣50反1,60,10,50,華南永昌-潮州,2023-10-27,9328
5351,鈺創,44,1,43,華南永昌-潮州,2023-10-27,9328
00715L,期街口布蘭特正2,29,0,29,華南永昌-潮州,2023-10-27,9328
00712,復華富時不動產,28,0,28,華南永昌-潮州,2023-10-27,9328
00929,復華台灣科技優息,50,25,25,華南永昌-潮州,2023-10-27,9328
2317,鴻海,22,0,22,華南永昌-潮州,2023-10-27,9328
1712,興農,20,1,19,華南永昌-潮州,2023-10-27,9328
3287,廣寰科,29,10,19,華南永昌-潮州,2023-10-27,9328
5905,南仁湖,20,1,19,華南永昌-潮州,2023-10-27,9328
2363,矽統,28,10,18,華南永昌-潮州,2023-10-27,9328
8358,金居,17,0,17,華南永昌-潮州,2023-10-27,9328
1524,耿鼎,19,4,15,華南永昌-潮州,2023-10-27,9328
2201,裕隆,15,0,15,華南永昌-潮州,2023-10-27,9328
3041,揚智,15,1,14,華南永昌-潮州,2023-10-27,9328
3645,達邁,15,1,14,華南永昌-潮州,2023-10-27,9328
4162,智擎,14,1,13,華南永昌-潮州,2023-10-27,9328
2303,聯電,13,1,12,華南永昌-潮州,2023-10-27,9328
3037,欣興,14,3,11,華南永昌-潮州,2023-10-27,9328
6282,康舒,17,6,11,華南永昌-潮州,2023-10-27,9328
00907,永豐優息存股,10,0,10,華南永昌-潮州,2023-10-27,9328
2427,三商電,25,15,10,華南永昌-潮州,2023-10-27,9328
2812,台中銀,10,0,10,華南永昌-潮州,2023-10-27,9328
3346,麗清,12,2,10,華南永昌-潮州,2023-10-27,9328
8044,網家,10,0,10,華南永昌-潮州,2023-10-27,9328
9934,成霖,10,0,10,華南永昌-潮州,2023-10-27,9328
4960,誠美材,8,0,8,華南永昌-潮州,2023-10-27,9328
2605,新興,15,8,7,華南永昌-潮州,2023-10-27,9328
3018,隆銘綠能,7,0,7,華南永昌-潮州,2023-10-27,9328
2206,三陽工業,6,0,6,華南永昌-潮州,2023-10-27,9328
0056,元大高股息,6,0,6,華南永昌-潮州,2023-10-27,9328
2610,華航,10,4,6,華南永昌-潮州,2023-10-27,9328
2888,新光金,6,0,6,華南永昌-潮州,2023-10-27,9328
3078,僑威,8,2,6,華南永昌-潮州,2023-10-27,9328
6150,撼訊,7,1,6,華南永昌-潮州,2023-10-27,9328
6269,台郡,6,0,6,華南永昌-潮州,2023-10-27,9328
6770,力積電,15,10,5,華南永昌-潮州,2023-10-27,9328
00665L,富邦�琤肭磪囓�2,5,0,5,華南永昌-潮州,2023-10-27,9328
1736,喬山,5,0,5,華南永昌-潮州,2023-10-27,9328
1815,富喬,8,3,5,華南永昌-潮州,2023-10-27,9328
1909,榮成,5,0,5,華南永昌-潮州,2023-10-27,9328
2453,凌群,5,0,5,華南永昌-潮州,2023-10-27,9328
3024,憶聲,5,0,5,華南永昌-潮州,2023-10-27,9328
4306,炎洲,5,0,5,華南永昌-潮州,2023-10-27,9328
6788,華景電,5,0,5,華南永昌-潮州,2023-10-27,9328
8048,德勝,15,10,5,華南永昌-潮州,2023-10-27,9328
6290,良維,5,0,5,華南永昌-潮州,2023-10-27,9328
2353,宏��,12,7,5,華南永昌-潮州,2023-10-27,9328
1584,精剛,4,0,4,華南永昌-潮州,2023-10-27,9328
6442,光聖,13,9,4,華南永昌-潮州,2023-10-27,9328
8222,寶一,4,0,4,華南永昌-潮州,2023-10-27,9328
00632R,元大台灣50反1,300,0,300,華南永昌-潮州,2023-10-30,9328
00712,復華富時不動產,111,9,102,華南永昌-潮州,2023-10-30,9328
3217,優群,45,0,45,華南永昌-潮州,2023-10-30,9328
2317,鴻海,48,4,44,華南永昌-潮州,2023-10-30,9328
2344,華邦電,51,13,38,華南永昌-潮州,2023-10-30,9328
3051,力特,31,0,31,華南永昌-潮州,2023-10-30,9328
3176,基亞,30,1,29,華南永昌-潮州,2023-10-30,9328
00923,群益台ESG低碳50,24,0,24,華南永昌-潮州,2023-10-30,9328
2883,凱基金,24,1,23,華南永昌-潮州,2023-10-30,9328
2485,兆赫,24,3,21,華南永昌-潮州,2023-10-30,9328
00878,國泰永續高股息,34,14,20,華南永昌-潮州,2023-10-30,9328
6442,光聖,23,3,20,華南永昌-潮州,2023-10-30,9328
2618,長榮航,19,0,19,華南永昌-潮州,2023-10-30,9328
2332,友訊,15,0,15,華南永昌-潮州,2023-10-30,9328
3287,廣寰科,15,0,15,華南永昌-潮州,2023-10-30,9328
8110,華東,16,2,14,華南永昌-潮州,2023-10-30,9328
2390,云辰,14,1,13,華南永昌-潮州,2023-10-30,9328
00687B,國泰20年美債,13,1,12,華南永昌-潮州,2023-10-30,9328
2233,宇隆,11,0,11,華南永昌-潮州,2023-10-30,9328
00751B,元大AAA至A公司債,11,0,11,華南永昌-潮州,2023-10-30,9328
2440,太空梭,10,0,10,華南永昌-潮州,2023-10-30,9328
3711,日月光投控,10,0,10,華南永昌-潮州,2023-10-30,9328
1471,首利,10,1,9,華南永昌-潮州,2023-10-30,9328
3260,威剛,10,2,8,華南永昌-潮州,2023-10-30,9328
3322,建舜電,8,0,8,華南永昌-潮州,2023-10-30,9328
2353,宏��,13,6,7,華南永昌-潮州,2023-10-30,9328
5351,鈺創,8,1,7,華南永昌-潮州,2023-10-30,9328
6591,動力-KY,7,0,7,華南永昌-潮州,2023-10-30,9328
2887,台新金,6,0,6,華南永昌-潮州,2023-10-30,9328
2301,光寶科,6,0,6,華南永昌-潮州,2023-10-30,9328
0056,元大高股息,6,0,6,華南永昌-潮州,2023-10-30,9328
00931B,統一美債20年,5,0,5,華南永昌-潮州,2023-10-30,9328
2427,三商電,5,0,5,華南永昌-潮州,2023-10-30,9328
3363,上詮,8,3,5,華南永昌-潮州,2023-10-30,9328
6494,九齊,5,0,5,華南永昌-潮州,2023-10-30,9328
8054,安國,22,17,5,華南永昌-潮州,2023-10-30,9328
3205,佰研,6,1,5,華南永昌-潮州,2023-10-30,9328
6290,良維,5,0,5,華南永昌-潮州,2023-10-30,9328
1734,杏輝,5,0,5,華南永昌-潮州,2023-10-30,9328
1314,中石化,5,1,4,華南永昌-潮州,2023-10-30,9328
00679B,元大美債20年,4,0,4,華南永昌-潮州,2023-10-30,9328
2022,聚亨,4,0,4,華南永昌-潮州,2023-10-30,9328
3715,定穎投控,28,24,4,華南永昌-潮州,2023-10-30,9328
6168,宏齊,4,0,4,華南永昌-潮州,2023-10-30,9328
6278,台表科,4,0,4,華南永昌-潮州,2023-10-30,9328
6443,元晶,11,7,4,華南永昌-潮州,2023-10-30,9328
8383,千附,4,0,4,華南永昌-潮州,2023-10-30,9328
2002,中鋼,4,0,4,華南永昌-潮州,2023-10-30,9328
2886,兆豐金,10,7,3,華南永昌-潮州,2023-10-30,9328
2885,元大金,3,0,3,華南永昌-潮州,2023-10-30,9328
2301,光寶科,72,8,64,華南永昌-潮州,2023-10-31,9328
00919,群益台灣精選高息,63,1,62,華南永昌-潮州,2023-10-31,9328
00878,國泰永續高股息,34,1,33,華南永昌-潮州,2023-10-31,9328
6290,良維,43,12,31,華南永昌-潮州,2023-10-31,9328
00929,復華台灣科技優息,40,14,26,華南永昌-潮州,2023-10-31,9328
8110,華東,27,3,24,華南永昌-潮州,2023-10-31,9328
6139,亞翔,23,1,22,華南永昌-潮州,2023-10-31,9328
8358,金居,21,0,21,華南永昌-潮州,2023-10-31,9328
00712,復華富時不動產,18,0,18,華南永昌-潮州,2023-10-31,9328
9105,泰金寶-DR,27,9,18,華南永昌-潮州,2023-10-31,9328
2610,華航,17,0,17,華南永昌-潮州,2023-10-31,9328
2201,裕隆,22,6,16,華南永昌-潮州,2023-10-31,9328
2363,矽統,28,12,16,華南永昌-潮州,2023-10-31,9328
1795,美時,17,1,16,華南永昌-潮州,2023-10-31,9328
2344,華邦電,16,1,15,華南永昌-潮州,2023-10-31,9328
4909,新復興,15,0,15,華南永昌-潮州,2023-10-31,9328
3202,樺晟,14,0,14,華南永昌-潮州,2023-10-31,9328
6616,特昇-KY,14,0,14,華南永昌-潮州,2023-10-31,9328
5425,台半,14,0,14,華南永昌-潮州,2023-10-31,9328
00632R,元大台灣50反1,13,0,13,華南永昌-潮州,2023-10-31,9328
00713,元大台灣高息低波,12,0,12,華南永昌-潮州,2023-10-31,9328
0050,元大台灣50,12,0,12,華南永昌-潮州,2023-10-31,9328
00912,中信臺灣智慧50,12,0,12,華南永昌-潮州,2023-10-31,9328
3276,宇環,13,1,12,華南永昌-潮州,2023-10-31,9328
3706,神達,11,0,11,華南永昌-潮州,2023-10-31,9328
00665L,富邦�琤肭磪囓�2,11,0,11,華南永昌-潮州,2023-10-31,9328
00715L,期街口布蘭特正2,32,22,10,華南永昌-潮州,2023-10-31,9328
00921,兆豐龍頭等權重,10,0,10,華南永昌-潮州,2023-10-31,9328
3287,廣寰科,10,0,10,華南永昌-潮州,2023-10-31,9328
4908,前鼎,22,12,10,華南永昌-潮州,2023-10-31,9328
6530,創威,10,0,10,華南永昌-潮州,2023-10-31,9328
9928,中視,10,0,10,華南永昌-潮州,2023-10-31,9328
00932,兆豐永續高息等權,9,0,9,華南永昌-潮州,2023-10-31,9328
2353,宏��,15,6,9,華南永昌-潮州,2023-10-31,9328
2883,凱基金,11,2,9,華南永昌-潮州,2023-10-31,9328
2330,台積電,9,0,9,華南永昌-潮州,2023-10-31,9328
2303,聯電,11,3,8,華南永昌-潮州,2023-10-31,9328
3576,聯合再生,13,5,8,華南永昌-潮州,2023-10-31,9328
6235,華孚,10,3,7,華南永昌-潮州,2023-10-31,9328
2485,兆赫,12,5,7,華南永昌-潮州,2023-10-31,9328
4766,南寶,7,0,7,華南永昌-潮州,2023-10-31,9328
2887,台新金,7,1,6,華南永昌-潮州,2023-10-31,9328
2409,友達,13,6,7,華南永昌-潮州,2023-10-31,9328
1609,大亞,7,0,7,華南永昌-潮州,2023-10-31,9328
4961,天鈺,19,13,6,華南永昌-潮州,2023-10-31,9328
1449,佳和,6,0,6,華南永昌-潮州,2023-10-31,9328
2402,毅嘉,6,0,6,華南永昌-潮州,2023-10-31,9328
2417,圓剛,9,3,6,華南永昌-潮州,2023-10-31,9328
3094,聯傑,8,2,6,華南永昌-潮州,2023-10-31,9328
2317,鴻海,10,4,6,華南永昌-潮州,2023-10-31,9328
3231,緯創,120,3,117,華南永昌-潮州,2023-11-01,9328
00878,國泰永續高股息,50,4,46,華南永昌-潮州,2023-11-01,9328
00929,復華台灣科技優息,47,4,43,華南永昌-潮州,2023-11-01,9328
00934,中信成長高股息,68,27,41,華南永昌-潮州,2023-11-01,9328
2457,飛宏,41,1,40,華南永昌-潮州,2023-11-01,9328
3217,優群,39,0,39,華南永昌-潮州,2023-11-01,9328
3481,群創,23,1,22,華南永昌-潮州,2023-11-01,9328
00918,大華優利高填息30,20,0,20,華南永昌-潮州,2023-11-01,9328
8110,華東,28,8,20,華南永昌-潮州,2023-11-01,9328
3105,穩懋,55,36,19,華南永昌-潮州,2023-11-01,9328
1605,華新,18,0,18,華南永昌-潮州,2023-11-01,9328
2485,兆赫,53,37,16,華南永昌-潮州,2023-11-01,9328
00922,國泰台灣領袖50,15,0,15,華南永昌-潮州,2023-11-01,9328
2388,威盛,29,14,15,華南永昌-潮州,2023-11-01,9328
2301,光寶科,17,3,14,華南永昌-潮州,2023-11-01,9328
8222,寶一,14,0,14,華南永昌-潮州,2023-11-01,9328
8358,金居,11,0,11,華南永昌-潮州,2023-11-01,9328
1815,富喬,12,1,11,華南永昌-潮州,2023-11-01,9328
2025,千興,11,0,11,華南永昌-潮州,2023-11-01,9328
1795,美時,10,0,10,華南永昌-潮州,2023-11-01,9328
1471,首利,10,0,10,華南永昌-潮州,2023-11-01,9328
2355,敬鵬,10,0,10,華南永昌-潮州,2023-11-01,9328
2387,精元,10,0,10,華南永昌-潮州,2023-11-01,9328
2427,三商電,20,10,10,華南永昌-潮州,2023-11-01,9328
6418,詠昇,11,1,10,華南永昌-潮州,2023-11-01,9328
2317,鴻海,10,0,10,華南永昌-潮州,2023-11-01,9328
00715L,期街口布蘭特正2,12,3,9,華南永昌-潮州,2023-11-01,9328
2409,友達,10,2,8,華南永昌-潮州,2023-11-01,9328
6164,華興,8,0,8,華南永昌-潮州,2023-11-01,9328
00751B,元大AAA至A公司債,7,0,7,華南永昌-潮州,2023-11-01,9328
00921,兆豐龍頭等權重,6,0,6,華南永昌-潮州,2023-11-01,9328
00688L,國泰20年美債正2,6,0,6,華南永昌-潮州,2023-11-01,9328
0050,元大台灣50,6,0,6,華南永昌-潮州,2023-11-01,9328
2884,玉山金,5,0,5,華南永昌-潮州,2023-11-01,9328
1618,合機,5,0,5,華南永昌-潮州,2023-11-01,9328
1909,榮成,5,0,5,華南永昌-潮州,2023-11-01,9328
3090,日電貿,5,0,5,華南永昌-潮州,2023-11-01,9328
3704,合勤控,14,9,5,華南永昌-潮州,2023-11-01,9328
4111,濟生,5,0,5,華南永昌-潮州,2023-11-01,9328
6156,松上,5,0,5,華南永昌-潮州,2023-11-01,9328
6216,居易,7,2,5,華南永昌-潮州,2023-11-01,9328
6269,台郡,5,0,5,華南永昌-潮州,2023-11-01,9328
6616,特昇-KY,5,0,5,華南永昌-潮州,2023-11-01,9328
00679B,元大美債20年,4,0,4,華南永昌-潮州,2023-11-01,9328
1504,東元,5,1,4,華南永昌-潮州,2023-11-01,9328
2030,彰源,4,0,4,華南永昌-潮州,2023-11-01,9328
2367,燿華,4,0,4,華南永昌-潮州,2023-11-01,9328
2887,台新金,4,0,4,華南永昌-潮州,2023-11-01,9328
3338,泰碩,15,11,4,華南永昌-潮州,2023-11-01,9328
6153,嘉聯益,4,0,4,華南永昌-潮州,2023-11-01,9328
00632R,元大台灣50反1,74,3,71,華南永昌-潮州,2023-11-02,9328
4188,安克,62,0,62,華南永昌-潮州,2023-11-02,9328
00687B,國泰20年美債,34,0,34,華南永昌-潮州,2023-11-02,9328
2027,大成鋼,18,0,18,華南永昌-潮州,2023-11-02,9328
00934,中信成長高股息,17,2,15,華南永昌-潮州,2023-11-02,9328
1721,三晃,40,27,13,華南永昌-潮州,2023-11-02,9328
3715,定穎投控,47,36,11,華南永昌-潮州,2023-11-02,9328
2489,瑞軒,10,0,10,華南永昌-潮州,2023-11-02,9328
00642U,期元大S＆P石油,10,0,10,華南永昌-潮州,2023-11-02,9328
2913,農林,10,0,10,華南永昌-潮州,2023-11-02,9328
6770,力積電,10,1,9,華南永昌-潮州,2023-11-02,9328
6122,擎邦,8,0,8,華南永昌-潮州,2023-11-02,9328
2888,新光金,9,2,7,華南永昌-潮州,2023-11-02,9328
00679B,元大美債20年,7,0,7,華南永昌-潮州,2023-11-02,9328
00715L,期街口布蘭特正2,7,0,7,華南永昌-潮州,2023-11-02,9328
8054,安國,12,5,7,華南永昌-潮州,2023-11-02,9328
6703,軒郁,6,1,5,華南永昌-潮州,2023-11-02,9328
00902,中信電池及儲能,5,0,5,華南永昌-潮州,2023-11-02,9328
2364,倫飛,6,1,5,華南永昌-潮州,2023-11-02,9328
3041,揚智,5,0,5,華南永昌-潮州,2023-11-02,9328
4906,正文,5,0,5,華南永昌-潮州,2023-11-02,9328
5328,華容,5,0,5,華南永昌-潮州,2023-11-02,9328
6278,台表科,5,0,5,華南永昌-潮州,2023-11-02,9328
6616,特昇-KY,5,0,5,華南永昌-潮州,2023-11-02,9328
4743,合一,5,1,4,華南永昌-潮州,2023-11-02,9328
1519,華城,10,6,4,華南永昌-潮州,2023-11-02,9328
3141,晶宏,4,0,4,華南永昌-潮州,2023-11-02,9328
3213,茂訊,4,0,4,華南永昌-潮州,2023-11-02,9328
4162,智擎,5,1,4,華南永昌-潮州,2023-11-02,9328
9941,裕融,4,0,4,華南永昌-潮州,2023-11-02,9328
3032,偉訓,4,0,4,華南永昌-潮州,2023-11-02,9328
2887,台新金,4,0,4,華南永昌-潮州,2023-11-02,9328
2356,英業達,9,6,3,華南永昌-潮州,2023-11-02,9328
1301,台塑,3,0,3,華南永昌-潮州,2023-11-02,9328
3078,僑威,12,9,3,華南永昌-潮州,2023-11-02,9328
3363,上詮,20,17,3,華南永昌-潮州,2023-11-02,9328
4167,松瑞藥,3,0,3,華南永昌-潮州,2023-11-02,9328
4909,新復興,3,0,3,華南永昌-潮州,2023-11-02,9328
6120,達運,3,0,3,華南永昌-潮州,2023-11-02,9328
6243,迅杰,3,0,3,華南永昌-潮州,2023-11-02,9328
6591,動力-KY,3,0,3,華南永昌-潮州,2023-11-02,9328
3094,聯傑,9,6,3,華南永昌-潮州,2023-11-02,9328
6274,台燿,6,3,3,華南永昌-潮州,2023-11-02,9328
3576,聯合再生,2,0,2,華南永昌-潮州,2023-11-02,9328
00751B,元大AAA至A公司債,2,0,2,華南永昌-潮州,2023-11-02,9328
00935,野村臺灣新科技50,2,0,2,華南永昌-潮州,2023-11-02,9328
2485,兆赫,7,5,2,華南永昌-潮州,2023-11-02,9328
2515,中工,2,0,2,華南永昌-潮州,2023-11-02,9328
2538,基泰,3,1,2,華南永昌-潮州,2023-11-02,9328
4919,新唐,2,0,2,華南永昌-潮州,2023-11-02,9328
00632R,元大台灣50反1,228,0,228,華南永昌-潮州,2023-11-03,9328
6732,昇佳電子,101,0,101,華南永昌-潮州,2023-11-03,9328
00878,國泰永續高股息,64,3,61,華南永昌-潮州,2023-11-03,9328
2363,矽統,140,90,50,華南永昌-潮州,2023-11-03,9328
00679B,元大美債20年,44,0,44,華南永昌-潮州,2023-11-03,9328
2458,義隆,32,1,31,華南永昌-潮州,2023-11-03,9328
3176,基亞,30,1,29,華南永昌-潮州,2023-11-03,9328
2313,華通,33,4,29,華南永昌-潮州,2023-11-03,9328
00680L,元大美債20正2,25,0,25,華南永昌-潮州,2023-11-03,9328
00934,中信成長高股息,27,3,24,華南永昌-潮州,2023-11-03,9328
00915,凱基優選高股息30,20,0,20,華南永昌-潮州,2023-11-03,9328
8150,南茂,17,0,17,華南永昌-潮州,2023-11-03,9328
1524,耿鼎,32,16,16,華南永昌-潮州,2023-11-03,9328
1522,堤維西,15,0,15,華南永昌-潮州,2023-11-03,9328
6117,迎廣,24,9,15,華南永昌-潮州,2023-11-03,9328
8227,巨有科技,15,0,15,華南永昌-潮州,2023-11-03,9328
1409,新纖,14,0,14,華南永昌-潮州,2023-11-03,9328
2014,中鴻,14,1,13,華南永昌-潮州,2023-11-03,9328
00935,野村臺灣新科技50,12,0,12,華南永昌-潮州,2023-11-03,9328
8046,南電,12,1,11,華南永昌-潮州,2023-11-03,9328
8222,寶一,10,0,10,華南永昌-潮州,2023-11-03,9328
1314,中石化,11,1,10,華南永昌-潮州,2023-11-03,9328
1471,首利,10,0,10,華南永昌-潮州,2023-11-03,9328
2617,台航,10,0,10,華南永昌-潮州,2023-11-03,9328
2903,遠百,10,0,10,華南永昌-潮州,2023-11-03,9328
3325,旭品,10,0,10,華南永昌-潮州,2023-11-03,9328
2353,宏��,16,6,10,華南永昌-潮州,2023-11-03,9328
5521,工信,9,0,9,華南永昌-潮州,2023-11-03,9328
2427,三商電,22,13,9,華南永昌-潮州,2023-11-03,9328
6538,倉和,8,0,8,華南永昌-潮州,2023-11-03,9328
3213,茂訊,7,0,7,華南永昌-潮州,2023-11-03,9328
4906,正文,7,0,7,華南永昌-潮州,2023-11-03,9328
8068,全達,9,2,7,華南永昌-潮州,2023-11-03,9328
2376,技嘉,12,6,6,華南永昌-潮州,2023-11-03,9328
3141,晶宏,6,0,6,華南永昌-潮州,2023-11-03,9328
00687B,國泰20年美債,5,0,5,華南永昌-潮州,2023-11-03,9328
00772B,中信高評級公司債,5,0,5,華南永昌-潮州,2023-11-03,9328
00922,國泰台灣領袖50,6,1,5,華南永昌-潮州,2023-11-03,9328
2412,中華電,5,0,5,華南永昌-潮州,2023-11-03,9328
2413,環科,5,0,5,華南永昌-潮州,2023-11-03,9328
2425,承啟,7,2,5,華南永昌-潮州,2023-11-03,9328
3346,麗清,5,0,5,華南永昌-潮州,2023-11-03,9328
6150,撼訊,7,2,5,華南永昌-潮州,2023-11-03,9328
8110,華東,6,1,5,華南永昌-潮州,2023-11-03,9328
9105,泰金寶-DR,5,0,5,華南永昌-潮州,2023-11-03,9328
2308,台達電,4,0,4,華南永昌-潮州,2023-11-03,9328
00931B,統一美債20年,4,0,4,華南永昌-潮州,2023-11-03,9328
00885,富邦越南,5,1,4,華南永昌-潮州,2023-11-03,9328
1618,合機,4,0,4,華南永昌-潮州,2023-11-03,9328
2444,兆勁,4,0,4,華南永昌-潮州,2023-11-03,9328
2618,長榮航,85,7,78,華南永昌-潮州,2023-11-06,9328
2376,技嘉,77,9,68,華南永昌-潮州,2023-11-06,9328
6245,立端,66,1,65,華南永昌-潮州,2023-11-06,9328
2363,矽統,81,35,46,華南永昌-潮州,2023-11-06,9328
00632R,元大台灣50反1,42,0,42,華南永昌-潮州,2023-11-06,9328
1314,中石化,40,0,40,華南永昌-潮州,2023-11-06,9328
2025,千興,40,0,40,華南永昌-潮州,2023-11-06,9328
00934,中信成長高股息,38,0,38,華南永昌-潮州,2023-11-06,9328
2002,中鋼,55,18,37,華南永昌-潮州,2023-11-06,9328
00688L,國泰20年美債正2,33,1,32,華南永昌-潮州,2023-11-06,9328
00922,國泰台灣領袖50,31,0,31,華南永昌-潮州,2023-11-06,9328
00878,國泰永續高股息,38,8,30,華南永昌-潮州,2023-11-06,9328
00931B,統一美債20年,23,0,23,華南永昌-潮州,2023-11-06,9328
00637L,元大滬深300正2,41,21,20,華南永昌-潮州,2023-11-06,9328
1101,台泥,21,1,20,華南永昌-潮州,2023-11-06,9328
6770,力積電,18,2,16,華南永昌-潮州,2023-11-06,9328
2634,漢翔,15,0,15,華南永昌-潮州,2023-11-06,9328
6139,亞翔,31,16,15,華南永昌-潮州,2023-11-06,9328
8110,華東,13,0,13,華南永昌-潮州,2023-11-06,9328
00679B,元大美債20年,15,4,11,華南永昌-潮州,2023-11-06,9328
2436,偉詮電,11,0,11,華南永昌-潮州,2023-11-06,9328
2458,義隆,31,21,10,華南永昌-潮州,2023-11-06,9328
00642U,期元大S＆P石油,10,0,10,華南永昌-潮州,2023-11-06,9328
00680L,元大美債20正2,10,0,10,華南永昌-潮州,2023-11-06,9328
2355,敬鵬,10,0,10,華南永昌-潮州,2023-11-06,9328
2702,華園,11,1,10,華南永昌-潮州,2023-11-06,9328
00713,元大台灣高息低波,10,1,9,華南永昌-潮州,2023-11-06,9328
2453,凌群,10,1,9,華南永昌-潮州,2023-11-06,9328
5426,振發,9,0,9,華南永昌-潮州,2023-11-06,9328
3094,聯傑,10,1,9,華南永昌-潮州,2023-11-06,9328
2388,威盛,74,65,9,華南永昌-潮州,2023-11-06,9328
00715L,期街口布蘭特正2,8,0,8,華南永昌-潮州,2023-11-06,9328
2317,鴻海,16,8,8,華南永昌-潮州,2023-11-06,9328
8936,國統,22,15,7,華南永昌-潮州,2023-11-06,9328
1584,精剛,7,0,7,華南永昌-潮州,2023-11-06,9328
2486,一詮,12,5,7,華南永昌-潮州,2023-11-06,9328
2408,南亞科,7,1,6,華南永昌-潮州,2023-11-06,9328
00753L,中信中國50正2,6,0,6,華南永昌-潮州,2023-11-06,9328
3036A,文曄甲特,6,0,6,華南永昌-潮州,2023-11-06,9328
6591,動力-KY,6,0,6,華南永昌-潮州,2023-11-06,9328
6616,特昇-KY,6,0,6,華南永昌-潮州,2023-11-06,9328
8150,南茂,6,0,6,華南永昌-潮州,2023-11-06,9328
3029,零壹,6,0,6,華南永昌-潮州,2023-11-06,9328
00902,中信電池及儲能,5,0,5,華南永昌-潮州,2023-11-06,9328
2337,旺宏,5,0,5,華南永昌-潮州,2023-11-06,9328
2356,英業達,10,5,5,華南永昌-潮州,2023-11-06,9328
2421,建準,8,3,5,華南永昌-潮州,2023-11-06,9328
4111,濟生,5,0,5,華南永昌-潮州,2023-11-06,9328
3702,大聯大,6,1,5,華南永昌-潮州,2023-11-06,9328
8086,宏捷科,10,5,5,華南永昌-潮州,2023-11-06,9328
1815,富喬,415,103,312,華南永昌-潮州,2023-11-07,9328
6488,環球晶,100,0,100,華南永昌-潮州,2023-11-07,9328
00922,國泰台灣領袖50,60,0,60,華南永昌-潮州,2023-11-07,9328
00679B,元大美債20年,48,0,48,華南永昌-潮州,2023-11-07,9328
2401,凌陽,49,13,36,華南永昌-潮州,2023-11-07,9328
00878,國泰永續高股息,38,4,34,華南永昌-潮州,2023-11-07,9328
00688L,國泰20年美債正2,30,1,29,華南永昌-潮州,2023-11-07,9328
00680L,元大美債20正2,28,6,22,華南永昌-潮州,2023-11-07,9328
00720B,元大投資級公司債,21,0,21,華南永昌-潮州,2023-11-07,9328
00637L,元大滬深300正2,23,3,20,華南永昌-潮州,2023-11-07,9328
6589,台康生技,18,0,18,華南永昌-潮州,2023-11-07,9328
2610,華航,19,2,17,華南永昌-潮州,2023-11-07,9328
2409,友達,16,0,16,華南永昌-潮州,2023-11-07,9328
00885,富邦越南,16,0,16,華南永昌-潮州,2023-11-07,9328
6156,松上,17,1,16,華南永昌-潮州,2023-11-07,9328
2465,麗臺,15,0,15,華南永昌-潮州,2023-11-07,9328
00929,復華台灣科技優息,30,16,14,華南永昌-潮州,2023-11-07,9328
3483,力致,20,6,14,華南永昌-潮州,2023-11-07,9328
2439,美律,12,0,12,華南永昌-潮州,2023-11-07,9328
8110,華東,14,2,12,華南永昌-潮州,2023-11-07,9328
00636,國泰中國A50,11,0,11,華南永昌-潮州,2023-11-07,9328
4123,晟德,11,0,11,華南永昌-潮州,2023-11-07,9328
2388,威盛,28,18,10,華南永昌-潮州,2023-11-07,9328
1712,興農,10,0,10,華南永昌-潮州,2023-11-07,9328
3167,大量,10,0,10,華南永昌-潮州,2023-11-07,9328
00712,復華富時不動產,10,0,10,華南永昌-潮州,2023-11-07,9328
3363,上詮,21,12,9,華南永昌-潮州,2023-11-07,9328
9928,中視,10,1,9,華南永昌-潮州,2023-11-07,9328
2317,鴻海,12,3,9,華南永昌-潮州,2023-11-07,9328
3535,晶彩科,8,0,8,華南永昌-潮州,2023-11-07,9328
3481,群創,7,0,7,華南永昌-潮州,2023-11-07,9328
2421,建準,13,6,7,華南永昌-潮州,2023-11-07,9328
1301,台塑,7,0,7,華南永昌-潮州,2023-11-07,9328
2883,凱基金,10,3,7,華南永昌-潮州,2023-11-07,9328
1560,中砂,8,2,6,華南永昌-潮州,2023-11-07,9328
00715L,期街口布蘭特正2,6,0,6,華南永昌-潮州,2023-11-07,9328
1721,三晃,209,203,6,華南永昌-潮州,2023-11-07,9328
2425,承啟,6,0,6,華南永昌-潮州,2023-11-07,9328
3036A,文曄甲特,6,0,6,華南永昌-潮州,2023-11-07,9328
3017,奇鋐,14,8,6,華南永昌-潮州,2023-11-07,9328
1909,榮成,5,0,5,華南永昌-潮州,2023-11-07,9328
2014,中鴻,5,0,5,華南永昌-潮州,2023-11-07,9328
2030,彰源,5,0,5,華南永昌-潮州,2023-11-07,9328
2337,旺宏,5,0,5,華南永昌-潮州,2023-11-07,9328
2453,凌群,6,1,5,華南永昌-潮州,2023-11-07,9328
3346,麗清,5,0,5,華南永昌-潮州,2023-11-07,9328
4533,協易機,5,0,5,華南永昌-潮州,2023-11-07,9328
00905,FT臺灣Smart,4,0,4,華南永昌-潮州,2023-11-07,9328
2344,華邦電,4,0,4,華南永昌-潮州,2023-11-07,9328
2636,台驊控股,5,1,4,華南永昌-潮州,2023-11-07,9328
00933B,國泰10Y+金融債,180,0,180,華南永昌-潮州,2023-11-08,9328
00936,台新永續高息中小,116,0,116,華南永昌-潮州,2023-11-08,9328
00632R,元大台灣50反1,109,0,109,華南永昌-潮州,2023-11-08,9328
00636,國泰中國A50,71,0,71,華南永昌-潮州,2023-11-08,9328
6933,AMAX-KY,47,0,47,華南永昌-潮州,2023-11-08,9328
2363,矽統,182,147,35,華南永昌-潮州,2023-11-08,9328
2515,中工,29,2,27,華南永昌-潮州,2023-11-08,9328
2303,聯電,33,8,25,華南永昌-潮州,2023-11-08,9328
2609,陽明,21,2,19,華南永昌-潮州,2023-11-08,9328
00679B,元大美債20年,14,0,14,華南永昌-潮州,2023-11-08,9328
2002,中鋼,15,1,14,華南永昌-潮州,2023-11-08,9328
6770,力積電,20,6,14,華南永昌-潮州,2023-11-08,9328
2388,威盛,45,33,12,華南永昌-潮州,2023-11-08,9328
00687B,國泰20年美債,12,0,12,華南永昌-潮州,2023-11-08,9328
00665L,富邦�琤肭磪囓�2,12,0,12,華南永昌-潮州,2023-11-08,9328
2488,漢平,12,0,12,華南永昌-潮州,2023-11-08,9328
2014,中鴻,12,0,12,華南永昌-潮州,2023-11-08,9328
00935,野村臺灣新科技50,11,0,11,華南永昌-潮州,2023-11-08,9328
00642U,期元大S＆P石油,10,0,10,華南永昌-潮州,2023-11-08,9328
2465,麗臺,10,0,10,華南永昌-潮州,2023-11-08,9328
2485,兆赫,11,1,10,華南永昌-潮州,2023-11-08,9328
6182,合晶,10,0,10,華南永昌-潮州,2023-11-08,9328
6243,迅杰,9,0,9,華南永昌-潮州,2023-11-08,9328
1314,中石化,14,6,8,華南永昌-潮州,2023-11-08,9328
3706,神達,8,0,8,華南永昌-潮州,2023-11-08,9328
4167,松瑞藥,9,1,8,華南永昌-潮州,2023-11-08,9328
6411,晶焱,7,0,7,華南永昌-潮州,2023-11-08,9328
00885,富邦越南,9,2,7,華南永昌-潮州,2023-11-08,9328
1721,三晃,45,38,7,華南永昌-潮州,2023-11-08,9328
2376,技嘉,18,11,7,華南永昌-潮州,2023-11-08,9328
5465,富驊,11,4,7,華南永昌-潮州,2023-11-08,9328
6125,廣運,7,0,7,華南永昌-潮州,2023-11-08,9328
2308,台達電,6,0,6,華南永昌-潮州,2023-11-08,9328
1324,地球,6,0,6,華南永昌-潮州,2023-11-08,9328
2618,長榮航,46,40,6,華南永昌-潮州,2023-11-08,9328
3317,尼克森,6,0,6,華南永昌-潮州,2023-11-08,9328
3588,通嘉,6,0,6,華南永昌-潮州,2023-11-08,9328
5222,全訊,6,0,6,華南永昌-潮州,2023-11-08,9328
1504,東元,5,0,5,華南永昌-潮州,2023-11-08,9328
5347,世界,5,0,5,華南永昌-潮州,2023-11-08,9328
1519,華城,6,1,5,華南永昌-潮州,2023-11-08,9328
2816,旺旺保,7,2,5,華南永昌-潮州,2023-11-08,9328
3234,光環,5,0,5,華南永昌-潮州,2023-11-08,9328
8070,長華*,5,0,5,華南永昌-潮州,2023-11-08,9328
8150,南茂,8,3,5,華南永昌-潮州,2023-11-08,9328
2337,旺宏,4,0,4,華南永昌-潮州,2023-11-08,9328
2344,華邦電,4,0,4,華南永昌-潮州,2023-11-08,9328
2401,凌陽,4,0,4,華南永昌-潮州,2023-11-08,9328
6139,亞翔,7,3,4,華南永昌-潮州,2023-11-08,9328
6188,廣明,6,2,4,華南永昌-潮州,2023-11-08,9328
2363,矽統,215,141,74,華南永昌-潮州,2023-11-09,9328
00688L,國泰20年美債正2,60,3,57,華南永昌-潮州,2023-11-09,9328
1314,中石化,107,56,51,華南永昌-潮州,2023-11-09,9328
1522,堤維西,32,2,30,華南永昌-潮州,2023-11-09,9328
2329,華泰,42,13,29,華南永昌-潮州,2023-11-09,9328
00715L,期街口布蘭特正2,28,3,25,華南永昌-潮州,2023-11-09,9328
3176,基亞,25,0,25,華南永昌-潮州,2023-11-09,9328
6112,邁達特,25,0,25,華南永昌-潮州,2023-11-09,9328
00679B,元大美債20年,23,0,23,華南永昌-潮州,2023-11-09,9328
1471,首利,21,0,21,華南永昌-潮州,2023-11-09,9328
1710,東聯,21,0,21,華南永昌-潮州,2023-11-09,9328
3682,亞太電,20,0,20,華南永昌-潮州,2023-11-09,9328
00929,復華台灣科技優息,30,12,18,華南永昌-潮州,2023-11-09,9328
00636,國泰中國A50,18,0,18,華南永昌-潮州,2023-11-09,9328
1324,地球,15,0,15,華南永昌-潮州,2023-11-09,9328
00680L,元大美債20正2,13,0,13,華南永昌-潮州,2023-11-09,9328
2338,光罩,12,0,12,華南永昌-潮州,2023-11-09,9328
2388,威盛,20,8,12,華南永昌-潮州,2023-11-09,9328
6290,良維,51,39,12,華南永昌-潮州,2023-11-09,9328
1101,台泥,11,0,11,華南永昌-潮州,2023-11-09,9328
1612,宏泰,10,0,10,華南永昌-潮州,2023-11-09,9328
3276,宇環,10,1,9,華南永昌-潮州,2023-11-09,9328
5284,jpp-KY,10,1,9,華南永昌-潮州,2023-11-09,9328
6901,鑽石投資,12,3,9,華南永昌-潮州,2023-11-09,9328
4128,中天,10,2,8,華南永昌-潮州,2023-11-09,9328
2337,旺宏,10,2,8,華南永昌-潮州,2023-11-09,9328
2498,宏達電,8,0,8,華南永昌-潮州,2023-11-09,9328
3014,聯陽,12,4,8,華南永昌-潮州,2023-11-09,9328
3043,科風,12,4,8,華南永昌-潮州,2023-11-09,9328
2515,中工,11,4,7,華南永昌-潮州,2023-11-09,9328
00687B,國泰20年美債,6,0,6,華南永昌-潮州,2023-11-09,9328
2605,新興,6,0,6,華南永昌-潮州,2023-11-09,9328
6806,森崴能源,6,0,6,華南永昌-潮州,2023-11-09,9328
2889,國票金,6,0,6,華南永昌-潮州,2023-11-09,9328
5531,鄉林,6,0,6,華南永昌-潮州,2023-11-09,9328
5880,合庫金,6,0,6,華南永昌-潮州,2023-11-09,9328
00936,台新永續高息中小,15,10,5,華南永昌-潮州,2023-11-09,9328
4977,眾達-KY,5,0,5,華南永昌-潮州,2023-11-09,9328
8478,東哥遊艇,5,0,5,華南永昌-潮州,2023-11-09,9328
00919,群益台灣精選高息,5,0,5,華南永昌-潮州,2023-11-09,9328
1519,華城,9,4,5,華南永昌-潮州,2023-11-09,9328
2486,一詮,6,1,5,華南永昌-潮州,2023-11-09,9328
3622,洋華,6,1,5,華南永昌-潮州,2023-11-09,9328
1605,華新,5,1,4,華南永昌-潮州,2023-11-09,9328
3479,安勤,4,0,4,華南永昌-潮州,2023-11-09,9328
6120,達運,4,0,4,華南永昌-潮州,2023-11-09,9328
6770,力積電,5,1,4,華南永昌-潮州,2023-11-09,9328
2002,中鋼,4,0,4,華南永昌-潮州,2023-11-09,9328
5347,世界,4,1,3,華南永昌-潮州,2023-11-09,9328
3481,群創,4,1,3,華南永昌-潮州,2023-11-09,9328
2363,矽統,298,125,173,華南永昌-潮州,2023-11-10,9328
2388,威盛,99,10,89,華南永昌-潮州,2023-11-10,9328
00636,國泰中國A50,50,0,50,華南永昌-潮州,2023-11-10,9328
00921,兆豐龍頭等權重,33,0,33,華南永昌-潮州,2023-11-10,9328
2369,菱生,31,0,31,華南永昌-潮州,2023-11-10,9328
6257,矽格,31,0,31,華南永昌-潮州,2023-11-10,9328
00936,台新永續高息中小,27,0,27,華南永昌-潮州,2023-11-10,9328
00891,中信關鍵半導體,21,0,21,華南永昌-潮州,2023-11-10,9328
8011,台通,27,6,21,華南永昌-潮州,2023-11-10,9328
00935,野村臺灣新科技50,20,0,20,華南永昌-潮州,2023-11-10,9328
00933B,國泰10Y+金融債,20,0,20,華南永昌-潮州,2023-11-10,9328
00919,群益台灣精選高息,19,0,19,華南永昌-潮州,2023-11-10,9328
00878,國泰永續高股息,29,10,19,華南永昌-潮州,2023-11-10,9328
8150,南茂,16,0,16,華南永昌-潮州,2023-11-10,9328
00712,復華富時不動產,14,0,14,華南永昌-潮州,2023-11-10,9328
00929,復華台灣科技優息,13,0,13,華南永昌-潮州,2023-11-10,9328
2338,光罩,12,0,12,華南永昌-潮州,2023-11-10,9328
2308,台達電,12,0,12,華南永昌-潮州,2023-11-10,9328
1314,中石化,11,0,11,華南永昌-潮州,2023-11-10,9328
3006,晶豪科,11,0,11,華南永昌-潮州,2023-11-10,9328
2353,宏��,16,6,10,華南永昌-潮州,2023-11-10,9328
00896,中信綠能及電動車,10,0,10,華南永昌-潮州,2023-11-10,9328
00915,凱基優選高股息30,10,0,10,華南永昌-潮州,2023-11-10,9328
1612,宏泰,10,0,10,華南永昌-潮州,2023-11-10,9328
2723,美食-KY,10,0,10,華南永昌-潮州,2023-11-10,9328
3040,遠見,10,0,10,華南永昌-潮州,2023-11-10,9328
3043,科風,20,10,10,華南永昌-潮州,2023-11-10,9328
8059,凱碩,10,0,10,華南永昌-潮州,2023-11-10,9328
8222,寶一,10,0,10,華南永昌-潮州,2023-11-10,9328
00882,中信中國高股息,9,0,9,華南永昌-潮州,2023-11-10,9328
00637L,元大滬深300正2,8,0,8,華南永昌-潮州,2023-11-10,9328
00687B,國泰20年美債,9,1,8,華南永昌-潮州,2023-11-10,9328
2355,敬鵬,8,0,8,華南永昌-潮州,2023-11-10,9328
4743,合一,17,9,8,華南永昌-潮州,2023-11-10,9328
2903,遠百,7,0,7,華南永昌-潮州,2023-11-10,9328
5284,jpp-KY,7,0,7,華南永昌-潮州,2023-11-10,9328
1522,堤維西,6,0,6,華南永昌-潮州,2023-11-10,9328
3706,神達,7,1,6,華南永昌-潮州,2023-11-10,9328
4967,十銓,11,5,6,華南永昌-潮州,2023-11-10,9328
4977,眾達-KY,5,0,5,華南永昌-潮州,2023-11-10,9328
2606,裕民,6,1,5,華南永昌-潮州,2023-11-10,9328
2882,國泰金,5,0,5,華南永昌-潮州,2023-11-10,9328
6139,亞翔,7,2,5,華南永昌-潮州,2023-11-10,9328
6156,松上,5,0,5,華南永昌-潮州,2023-11-10,9328
6505,台塑化,5,0,5,華南永昌-潮州,2023-11-10,9328
6547,高端疫苗,5,0,5,華南永昌-潮州,2023-11-10,9328
9950,萬國通,5,0,5,華南永昌-潮州,2023-11-10,9328
2382,廣達,5,1,4,華南永昌-潮州,2023-11-10,9328
5347,世界,6,2,4,華南永昌-潮州,2023-11-10,9328
1519,華城,6,2,4,華南永昌-潮州,2023-11-10,9328
00632R,元大台灣50反1,103,0,103,華南永昌-潮州,2023-11-13,9328
00929,復華台灣科技優息,96,28,68,華南永昌-潮州,2023-11-13,9328
6901,鑽石投資,71,12,59,華南永昌-潮州,2023-11-13,9328
2025,千興,50,0,50,華南永昌-潮州,2023-11-13,9328
00921,兆豐龍頭等權重,47,0,47,華南永昌-潮州,2023-11-13,9328
3356,奇偶,43,0,43,華南永昌-潮州,2023-11-13,9328
00637L,元大滬深300正2,41,4,37,華南永昌-潮州,2023-11-13,9328
00636,國泰中國A50,35,0,35,華南永昌-潮州,2023-11-13,9328
1101,台泥,26,0,26,華南永昌-潮州,2023-11-13,9328
6770,力積電,25,1,24,華南永昌-潮州,2023-11-13,9328
2363,矽統,62,40,22,華南永昌-潮州,2023-11-13,9328
3290,東浦,20,0,20,華南永昌-潮州,2023-11-13,9328
8358,金居,20,0,20,華南永昌-潮州,2023-11-13,9328
00900,富邦特選高股息30,17,0,17,華南永昌-潮州,2023-11-13,9328
2618,長榮航,18,1,17,華南永昌-潮州,2023-11-13,9328
5608,四維航,16,0,16,華南永昌-潮州,2023-11-13,9328
00712,復華富時不動產,15,0,15,華南永昌-潮州,2023-11-13,9328
1109,信大,15,0,15,華南永昌-潮州,2023-11-13,9328
6125,廣運,28,13,15,華南永昌-潮州,2023-11-13,9328
6129,普誠,15,0,15,華南永昌-潮州,2023-11-13,9328
3236,千如,14,0,14,華南永昌-潮州,2023-11-13,9328
8942,森鉅,15,1,14,華南永昌-潮州,2023-11-13,9328
2501,國建,13,0,13,華南永昌-潮州,2023-11-13,9328
2353,宏��,19,7,12,華南永昌-潮州,2023-11-13,9328
2303,聯電,19,7,12,華南永昌-潮州,2023-11-13,9328
00674R,期元大S＆P黃金反1,10,0,10,華南永昌-潮州,2023-11-13,9328
1604,聲寶,10,0,10,華南永昌-潮州,2023-11-13,9328
3062,建漢,12,2,10,華南永昌-潮州,2023-11-13,9328
2330,台積電,27,18,9,華南永昌-潮州,2023-11-13,9328
00919,群益台灣精選高息,22,12,10,華南永昌-潮州,2023-11-13,9328
2382,廣達,23,14,9,華南永昌-潮州,2023-11-13,9328
4763,材料-KY,12,3,9,華南永昌-潮州,2023-11-13,9328
00679B,元大美債20年,9,0,9,華南永昌-潮州,2023-11-13,9328
6806,森崴能源,8,0,8,華南永昌-潮州,2023-11-13,9328
3078,僑威,9,2,7,華南永昌-潮州,2023-11-13,9328
6282,康舒,8,2,6,華南永昌-潮州,2023-11-13,9328
00720B,元大投資級公司債,7,1,6,華南永昌-潮州,2023-11-13,9328
2369,菱生,7,1,6,華南永昌-潮州,2023-11-13,9328
2609,陽明,7,1,6,華南永昌-潮州,2023-11-13,9328
2888,新光金,6,0,6,華南永昌-潮州,2023-11-13,9328
5381,合正,6,0,6,華南永昌-潮州,2023-11-13,9328
6150,撼訊,11,5,6,華南永昌-潮州,2023-11-13,9328
6290,良維,6,0,6,華南永昌-潮州,2023-11-13,9328
2834,臺企銀,6,0,6,華南永昌-潮州,2023-11-13,9328
00665L,富邦�琤肭磪囓�2,15,10,5,華南永昌-潮州,2023-11-13,9328
2481,強茂,5,0,5,華南永昌-潮州,2023-11-13,9328
2485,兆赫,5,0,5,華南永昌-潮州,2023-11-13,9328
2634,漢翔,5,0,5,華南永昌-潮州,2023-11-13,9328
2867,三商壽,5,0,5,華南永昌-潮州,2023-11-13,9328
5457,宣德,8,3,5,華南永昌-潮州,2023-11-13,9328
3231,緯創,135,9,126,華南永昌-潮州,2023-11-14,9328
00878,國泰永續高股息,90,10,80,華南永昌-潮州,2023-11-14,9328
1101,台泥,43,2,41,華南永昌-潮州,2023-11-14,9328
00688L,國泰20年美債正2,32,0,32,華南永昌-潮州,2023-11-14,9328
4128,中天,27,5,22,華南永昌-潮州,2023-11-14,9328
3596,智易,20,0,20,華南永昌-潮州,2023-11-14,9328
1808,潤隆,19,0,19,華南永昌-潮州,2023-11-14,9328
6139,亞翔,22,3,19,華南永昌-潮州,2023-11-14,9328
8110,華東,20,3,17,華南永昌-潮州,2023-11-14,9328
1514,亞力,19,3,16,華南永昌-潮州,2023-11-14,9328
6125,廣運,15,0,15,華南永昌-潮州,2023-11-14,9328
1504,東元,14,0,14,華南永昌-潮州,2023-11-14,9328
1584,精剛,12,0,12,華南永昌-潮州,2023-11-14,9328
3306,鼎天,22,10,12,華南永昌-潮州,2023-11-14,9328
3041,揚智,10,0,10,華南永昌-潮州,2023-11-14,9328
00696B,富邦美債20年,10,0,10,華南永昌-潮州,2023-11-14,9328
1612,宏泰,10,0,10,華南永昌-潮州,2023-11-14,9328
2489,瑞軒,10,0,10,華南永昌-潮州,2023-11-14,9328
2801,彰銀,10,0,10,華南永昌-潮州,2023-11-14,9328
6282,康舒,15,5,10,華南永昌-潮州,2023-11-14,9328
6770,力積電,27,18,9,華南永昌-潮州,2023-11-14,9328
9904,寶成,9,0,9,華南永昌-潮州,2023-11-14,9328
3653,健策,8,0,8,華南永昌-潮州,2023-11-14,9328
4510,高鋒,9,1,8,華南永昌-潮州,2023-11-14,9328
5009,榮剛,8,0,8,華南永昌-潮州,2023-11-14,9328
1522,堤維西,15,8,7,華南永昌-潮州,2023-11-14,9328
2427,三商電,22,15,7,華南永昌-潮州,2023-11-14,9328
8085,福華,7,0,7,華南永昌-潮州,2023-11-14,9328
5351,鈺創,6,0,6,華南永昌-潮州,2023-11-14,9328
2838,聯邦銀,6,0,6,華南永昌-潮州,2023-11-14,9328
2022,聚亨,6,0,6,華南永昌-潮州,2023-11-14,9328
2344,華邦電,20,15,5,華南永昌-潮州,2023-11-14,9328
2382,廣達,10,5,5,華南永昌-潮州,2023-11-14,9328
00673R,期元大S＆P原油反1,5,0,5,華南永昌-潮州,2023-11-14,9328
00690,兆豐藍籌30,5,0,5,華南永昌-潮州,2023-11-14,9328
00935,野村臺灣新科技50,5,0,5,華南永昌-潮州,2023-11-14,9328
1305,華夏,5,0,5,華南永昌-潮州,2023-11-14,9328
1455,集盛,5,0,5,華南永昌-潮州,2023-11-14,9328
2387,精元,6,1,5,華南永昌-潮州,2023-11-14,9328
3052,夆典,5,0,5,華南永昌-潮州,2023-11-14,9328
3490,單井,5,0,5,華南永昌-潮州,2023-11-14,9328
3710,連展投控,5,0,5,華南永昌-潮州,2023-11-14,9328
8040,九暘,5,0,5,華南永昌-潮州,2023-11-14,9328
4207,環泰,5,0,5,華南永昌-潮州,2023-11-14,9328
2303,聯電,12,7,5,華南永昌-潮州,2023-11-14,9328
3037,欣興,4,0,4,華南永昌-潮州,2023-11-14,9328
1109,信大,4,0,4,華南永昌-潮州,2023-11-14,9328
00902,中信電池及儲能,4,0,4,華南永昌-潮州,2023-11-14,9328
3715,定穎投控,6,2,4,華南永昌-潮州,2023-11-14,9328
6202,盛群,4,0,4,華南永昌-潮州,2023-11-14,9328
00933B,國泰10Y+金融債,62,0,62,華南永昌-潮州,2023-11-15,9328
00929,復華台灣科技優息,66,16,50,華南永昌-潮州,2023-11-15,9328
1721,三晃,46,2,44,華南永昌-潮州,2023-11-15,9328
00632R,元大台灣50反1,37,0,37,華南永昌-潮州,2023-11-15,9328
1515,力山,36,5,31,華南永昌-潮州,2023-11-15,9328
3078,僑威,27,1,26,華南永昌-潮州,2023-11-15,9328
2609,陽明,28,3,25,華南永昌-潮州,2023-11-15,9328
3306,鼎天,28,3,25,華南永昌-潮州,2023-11-15,9328
2387,精元,21,0,21,華南永昌-潮州,2023-11-15,9328
2353,宏��,23,5,18,華南永昌-潮州,2023-11-15,9328
2516,新建,22,4,18,華南永昌-潮州,2023-11-15,9328
00680L,元大美債20正2,20,3,17,華南永昌-潮州,2023-11-15,9328
1808,潤隆,16,0,16,華南永昌-潮州,2023-11-15,9328
3450,聯鈞,16,0,16,華南永昌-潮州,2023-11-15,9328
1305,華夏,20,5,15,華南永昌-潮州,2023-11-15,9328
8277,商丞,12,0,12,華南永昌-潮州,2023-11-15,9328
00692,富邦公司治理,11,0,11,華南永昌-潮州,2023-11-15,9328
00936,台新永續高息中小,12,1,11,華南永昌-潮州,2023-11-15,9328
4533,協易機,11,0,11,華南永昌-潮州,2023-11-15,9328
4967,十銓,11,0,11,華南永昌-潮州,2023-11-15,9328
2641,正德,10,0,10,華南永昌-潮州,2023-11-15,9328
2734,易飛網,10,0,10,華南永昌-潮州,2023-11-15,9328
3615,安可,10,0,10,華南永昌-潮州,2023-11-15,9328
6197,佳必琪,10,0,10,華南永昌-潮州,2023-11-15,9328
6550,北極星藥業-KY,10,0,10,華南永昌-潮州,2023-11-15,9328
8110,華東,10,0,10,華南永昌-潮州,2023-11-15,9328
8940,新天地,10,0,10,華南永昌-潮州,2023-11-15,9328
3312,弘憶股,10,1,9,華南永昌-潮州,2023-11-15,9328
2402,毅嘉,10,2,8,華南永昌-潮州,2023-11-15,9328
3041,揚智,32,24,8,華南永昌-潮州,2023-11-15,9328
5876,上海商銀,10,2,8,華南永昌-潮州,2023-11-15,9328
3227,原相,7,0,7,華南永昌-潮州,2023-11-15,9328
5521,工信,9,2,7,華南永昌-潮州,2023-11-15,9328
6516,勤崴國際,6,0,6,華南永昌-潮州,2023-11-15,9328
6285,啟��,6,0,6,華南永昌-潮州,2023-11-15,9328
2453,凌群,7,1,6,華南永昌-潮州,2023-11-15,9328
00923,群益台ESG低碳50,8,2,6,華南永昌-潮州,2023-11-15,9328
1815,富喬,6,1,5,華南永昌-潮州,2023-11-15,9328
6612,奈米醫材,5,0,5,華南永昌-潮州,2023-11-15,9328
2890,永豐金,7,2,5,華南永昌-潮州,2023-11-15,9328
2376,技嘉,11,6,5,華南永昌-潮州,2023-11-15,9328
00934,中信成長高股息,16,12,4,華南永昌-潮州,2023-11-15,9328
3038,全台,4,0,4,華南永昌-潮州,2023-11-15,9328
6117,迎廣,10,6,4,華南永昌-潮州,2023-11-15,9328
00720B,元大投資級公司債,4,0,4,華南永昌-潮州,2023-11-15,9328
2401,凌陽,6,2,4,華南永昌-潮州,2023-11-15,9328
2449,京元電子,5,1,4,華南永昌-潮州,2023-11-15,9328
2882,國泰金,10,6,4,華南永昌-潮州,2023-11-15,9328
3013,晟銘電,5,1,4,華南永昌-潮州,2023-11-15,9328
3346,麗清,4,0,4,華南永昌-潮州,2023-11-15,9328
2618,長榮航,456,113,343,華南永昌-潮州,2023-11-16,9328
00919,群益台灣精選高息,163,0,163,華南永昌-潮州,2023-11-16,9328
3231,緯創,125,17,108,華南永昌-潮州,2023-11-16,9328
3041,揚智,90,25,65,華南永昌-潮州,2023-11-16,9328
00637L,元大滬深300正2,80,20,60,華南永昌-潮州,2023-11-16,9328
00878,國泰永續高股息,53,0,53,華南永昌-潮州,2023-11-16,9328
2417,圓剛,69,26,43,華南永昌-潮州,2023-11-16,9328
00636,國泰中國A50,40,0,40,華南永昌-潮州,2023-11-16,9328
00679B,元大美債20年,31,0,31,華南永昌-潮州,2023-11-16,9328
00900,富邦特選高股息30,44,14,30,華南永昌-潮州,2023-11-16,9328
1742,台蠟,30,0,30,華南永昌-潮州,2023-11-16,9328
3006,晶豪科,28,3,25,華南永昌-潮州,2023-11-16,9328
00715L,期街口布蘭特正2,21,0,21,華南永昌-潮州,2023-11-16,9328
2392,正崴,20,0,20,華南永昌-潮州,2023-11-16,9328
5425,台半,20,0,20,華南永昌-潮州,2023-11-16,9328
00720B,元大投資級公司債,19,0,19,華南永昌-潮州,2023-11-16,9328
2344,華邦電,47,30,17,華南永昌-潮州,2023-11-16,9328
2887,台新金,14,0,14,華南永昌-潮州,2023-11-16,9328
1210,大成,13,2,11,華南永昌-潮州,2023-11-16,9328
6282,康舒,16,5,11,華南永昌-潮州,2023-11-16,9328
2454,聯發科,10,0,10,華南永昌-潮州,2023-11-16,9328
2009,第一銅,10,0,10,華南永昌-潮州,2023-11-16,9328
4167,松瑞藥,10,0,10,華南永昌-潮州,2023-11-16,9328
8358,金居,10,0,10,華南永昌-潮州,2023-11-16,9328
1314,中石化,23,14,9,華南永昌-潮州,2023-11-16,9328
2014,中鴻,18,9,9,華南永昌-潮州,2023-11-16,9328
2314,台揚,10,1,9,華南永昌-潮州,2023-11-16,9328
3673,TPK-KY,9,0,9,華南永昌-潮州,2023-11-16,9328
6770,力積電,9,0,9,華南永昌-潮州,2023-11-16,9328
6191,精成科,8,0,8,華南永昌-潮州,2023-11-16,9328
6231,系微,8,0,8,華南永昌-潮州,2023-11-16,9328
00687B,國泰20年美債,7,0,7,華南永昌-潮州,2023-11-16,9328
8210,勤誠,8,2,6,華南永昌-潮州,2023-11-16,9328
00931B,統一美債20年,6,0,6,華南永昌-潮州,2023-11-16,9328
00632R,元大台灣50反1,6,0,6,華南永昌-潮州,2023-11-16,9328
2338,光罩,6,0,6,華南永昌-潮州,2023-11-16,9328
3149,正達,6,0,6,華南永昌-潮州,2023-11-16,9328
3338,泰碩,6,0,6,華南永昌-潮州,2023-11-16,9328
6150,撼訊,13,7,6,華南永昌-潮州,2023-11-16,9328
2465,麗臺,5,0,5,華南永昌-潮州,2023-11-16,9328
8996,高力,18,13,5,華南永昌-潮州,2023-11-16,9328
2337,旺宏,6,1,5,華南永昌-潮州,2023-11-16,9328
3036,文曄,7,2,5,華南永昌-潮州,2023-11-16,9328
3520,華盈,5,0,5,華南永昌-潮州,2023-11-16,9328
4564,元翎,5,0,5,華南永昌-潮州,2023-11-16,9328
6456,GIS-KY,5,0,5,華南永昌-潮州,2023-11-16,9328
6901,鑽石投資,4,0,4,華南永昌-潮州,2023-11-16,9328
1560,中砂,5,1,4,華南永昌-潮州,2023-11-16,9328
6667,信紘科,5,1,4,華南永昌-潮州,2023-11-16,9328
1303,南亞,4,0,4,華南永昌-潮州,2023-11-16,9328
2883,凱基金,200,23,177,華南永昌-潮州,2023-11-17,9328
2618,長榮航,161,40,121,華南永昌-潮州,2023-11-17,9328
00715L,期街口布蘭特正2,73,2,71,華南永昌-潮州,2023-11-17,9328
00712,復華富時不動產,46,0,46,華南永昌-潮州,2023-11-17,9328
2706,第一店,34,2,32,華南永昌-潮州,2023-11-17,9328
00636,國泰中國A50,30,0,30,華南永昌-潮州,2023-11-17,9328
2363,矽統,71,44,27,華南永昌-潮州,2023-11-17,9328
00637L,元大滬深300正2,25,0,25,華南永昌-潮州,2023-11-17,9328
6245,立端,26,1,25,華南永昌-潮州,2023-11-17,9328
2702,華園,32,11,21,華南永昌-潮州,2023-11-17,9328
2417,圓剛,37,19,18,華南永昌-潮州,2023-11-17,9328
00679B,元大美債20年,17,0,17,華南永昌-潮州,2023-11-17,9328
2337,旺宏,20,3,17,華南永昌-潮州,2023-11-17,9328
3287,廣寰科,15,0,15,華南永昌-潮州,2023-11-17,9328
8034,榮群,16,1,15,華南永昌-潮州,2023-11-17,9328
2739,寒舍,15,1,14,華南永昌-潮州,2023-11-17,9328
00935,野村臺灣新科技50,11,0,11,華南永昌-潮州,2023-11-17,9328
6271,同欣電,11,0,11,華南永昌-潮州,2023-11-17,9328
3122,笙泉,11,1,10,華南永昌-潮州,2023-11-17,9328
00642U,期元大S＆P石油,10,0,10,華南永昌-潮州,2023-11-17,9328
1718,中纖,10,0,10,華南永昌-潮州,2023-11-17,9328
4564,元翎,10,0,10,華南永昌-潮州,2023-11-17,9328
6276,安鈦克,10,0,10,華南永昌-潮州,2023-11-17,9328
6592B,和潤企業乙特,10,0,10,華南永昌-潮州,2023-11-17,9328
6770,力積電,10,0,10,華南永昌-潮州,2023-11-17,9328
4976,佳凌,10,0,10,華南永昌-潮州,2023-11-17,9328
00893,國泰智能電動車,10,1,9,華南永昌-潮州,2023-11-17,9328
00633L,富邦上証正2,10,2,8,華南永昌-潮州,2023-11-17,9328
00900,富邦特選高股息30,10,2,8,華南永昌-潮州,2023-11-17,9328
6550,北極星藥業-KY,7,0,7,華南永昌-潮州,2023-11-17,9328
3006,晶豪科,8,1,7,華南永昌-潮州,2023-11-17,9328
3623,富晶通,8,1,7,華南永昌-潮州,2023-11-17,9328
8358,金居,7,0,7,華南永昌-潮州,2023-11-17,9328
2371,大同,6,0,6,華南永昌-潮州,2023-11-17,9328
2605,新興,13,7,6,華南永昌-潮州,2023-11-17,9328
5498,凱崴,6,0,6,華南永昌-潮州,2023-11-17,9328
6190,萬泰科,6,0,6,華南永昌-潮州,2023-11-17,9328
00878,國泰永續高股息,7,1,6,華南永昌-潮州,2023-11-17,9328
2376,技嘉,10,5,5,華南永昌-潮州,2023-11-17,9328
00632R,元大台灣50反1,5,0,5,華南永昌-潮州,2023-11-17,9328
1725,元禎,5,0,5,華南永昌-潮州,2023-11-17,9328
3043,科風,5,0,5,華南永昌-潮州,2023-11-17,9328
3049,精金,5,0,5,華南永昌-潮州,2023-11-17,9328
3059,華晶科,5,0,5,華南永昌-潮州,2023-11-17,9328
3356,奇偶,5,0,5,華南永昌-潮州,2023-11-17,9328
5386,青雲,8,3,5,華南永昌-潮州,2023-11-17,9328
6112,邁達特,6,1,5,華南永昌-潮州,2023-11-17,9328
8054,安國,6,1,5,華南永昌-潮州,2023-11-17,9328
8093,保銳,5,0,5,華南永昌-潮州,2023-11-17,9328
2014,中鴻,5,0,5,華南永昌-潮州,2023-11-17,9328
00690,兆豐藍籌30,84,0,84,華南永昌-潮州,2023-11-20,9328
3041,揚智,50,3,47,華南永昌-潮州,2023-11-20,9328
2706,第一店,49,3,46,華南永昌-潮州,2023-11-20,9328
2401,凌陽,58,18,40,華南永昌-潮州,2023-11-20,9328
3231,緯創,37,5,32,華南永昌-潮州,2023-11-20,9328
00673R,期元大S＆P原油反1,23,0,23,華南永昌-潮州,2023-11-20,9328
2417,圓剛,23,3,20,華南永昌-潮州,2023-11-20,9328
2702,華園,20,0,20,華南永昌-潮州,2023-11-20,9328
5607,遠雄港,30,11,19,華南永昌-潮州,2023-11-20,9328
1515,力山,18,1,17,華南永昌-潮州,2023-11-20,9328
2610,華航,19,2,17,華南永昌-潮州,2023-11-20,9328
2014,中鴻,20,6,14,華南永昌-潮州,2023-11-20,9328
00720B,元大投資級公司債,13,0,13,華南永昌-潮州,2023-11-20,9328
1319,東陽,14,1,13,華南永昌-潮州,2023-11-20,9328
2409,友達,17,4,13,華南永昌-潮州,2023-11-20,9328
2329,華泰,16,4,12,華南永昌-潮州,2023-11-20,9328
1905,華紙,11,0,11,華南永昌-潮州,2023-11-20,9328
2355,敬鵬,47,36,11,華南永昌-潮州,2023-11-20,9328
5465,富驊,11,0,11,華南永昌-潮州,2023-11-20,9328
6129,普誠,12,1,11,華南永昌-潮州,2023-11-20,9328
8034,榮群,23,12,11,華南永昌-潮州,2023-11-20,9328
00929,復華台灣科技優息,11,1,10,華南永昌-潮州,2023-11-20,9328
00712,復華富時不動產,10,0,10,華南永昌-潮州,2023-11-20,9328
1432,大魯閣,10,0,10,華南永昌-潮州,2023-11-20,9328
2425,承啟,10,0,10,華南永昌-潮州,2023-11-20,9328
2443,昶虹,10,0,10,華南永昌-潮州,2023-11-20,9328
2497,怡利電,10,0,10,華南永昌-潮州,2023-11-20,9328
6418,詠昇,10,0,10,華南永昌-潮州,2023-11-20,9328
6104,創惟,10,1,9,華南永昌-潮州,2023-11-20,9328
1598,岱宇,9,0,9,華南永昌-潮州,2023-11-20,9328
2330,台積電,10,1,9,華南永昌-潮州,2023-11-20,9328
3094,聯傑,26,18,8,華南永昌-潮州,2023-11-20,9328
00931B,統一美債20年,8,0,8,華南永昌-潮州,2023-11-20,9328
3483,力致,17,9,8,華南永昌-潮州,2023-11-20,9328
3645,達邁,8,0,8,華南永昌-潮州,2023-11-20,9328
3035,智原,17,9,8,華南永昌-潮州,2023-11-20,9328
9904,寶成,8,0,8,華南永昌-潮州,2023-11-20,9328
5351,鈺創,7,0,7,華南永昌-潮州,2023-11-20,9328
00878,國泰永續高股息,11,4,7,華南永昌-潮州,2023-11-20,9328
00687B,國泰20年美債,6,0,6,華南永昌-潮州,2023-11-20,9328
2201,裕隆,7,1,6,華南永昌-潮州,2023-11-20,9328
2356,英業達,7,1,6,華南永昌-潮州,2023-11-20,9328
00885,富邦越南,6,1,5,華南永昌-潮州,2023-11-20,9328
2301,光寶科,10,5,5,華南永昌-潮州,2023-11-20,9328
2441,超豐,5,0,5,華南永昌-潮州,2023-11-20,9328
3564,其陽,5,0,5,華南永昌-潮州,2023-11-20,9328
3615,安可,5,0,5,華南永昌-潮州,2023-11-20,9328
4162,智擎,5,0,5,華南永昌-潮州,2023-11-20,9328
6167,久正,5,0,5,華南永昌-潮州,2023-11-20,9328
6245,立端,5,0,5,華南永昌-潮州,2023-11-20,9328
00632R,元大台灣50反1,136,0,136,華南永昌-潮州,2023-11-21,9328
00929,復華台灣科技優息,108,35,73,華南永昌-潮州,2023-11-21,9328
2883,凱基金,85,19,66,華南永昌-潮州,2023-11-21,9328
00680L,元大美債20正2,56,1,55,華南永昌-潮州,2023-11-21,9328
2867,三商壽,50,5,45,華南永昌-潮州,2023-11-21,9328
6108,競國,30,0,30,華南永昌-潮州,2023-11-21,9328
2023,燁輝,30,1,29,華南永昌-潮州,2023-11-21,9328
00933B,國泰10Y+金融債,58,30,28,華南永昌-潮州,2023-11-21,9328
6535,順藥,25,0,25,華南永昌-潮州,2023-11-21,9328
4979,華星光,29,5,24,華南永昌-潮州,2023-11-21,9328
5344,立衛,22,0,22,華南永昌-潮州,2023-11-21,9328
5292,華懋,20,1,19,華南永昌-潮州,2023-11-21,9328
1524,耿鼎,19,3,16,華南永昌-潮州,2023-11-21,9328
2417,圓剛,24,11,13,華南永昌-潮州,2023-11-21,9328
2851,中再保,13,1,12,華南永昌-潮州,2023-11-21,9328
2485,兆赫,12,0,12,華南永昌-潮州,2023-11-21,9328
00720B,元大投資級公司債,11,0,11,華南永昌-潮州,2023-11-21,9328
2328,廣宇,11,0,11,華南永昌-潮州,2023-11-21,9328
6117,迎廣,11,0,11,華南永昌-潮州,2023-11-21,9328
6104,創惟,11,0,11,華南永昌-潮州,2023-11-21,9328
1504,東元,11,1,10,華南永昌-潮州,2023-11-21,9328
00934,中信成長高股息,10,0,10,華南永昌-潮州,2023-11-21,9328
01003T,兆豐新光R1,10,0,10,華南永昌-潮州,2023-11-21,9328
1432,大魯閣,10,0,10,華南永昌-潮州,2023-11-21,9328
3276,宇環,10,0,10,華南永昌-潮州,2023-11-21,9328
4999,鑫禾,10,0,10,華南永昌-潮州,2023-11-21,9328
6125,廣運,168,158,10,華南永昌-潮州,2023-11-21,9328
8093,保銳,10,0,10,華南永昌-潮州,2023-11-21,9328
6168,宏齊,12,3,9,華南永昌-潮州,2023-11-21,9328
2355,敬鵬,77,68,9,華南永昌-潮州,2023-11-21,9328
2607,榮運,10,1,9,華南永昌-潮州,2023-11-21,9328
2812,台中銀,10,1,9,華南永昌-潮州,2023-11-21,9328
6753,龍德造船,8,0,8,華南永昌-潮州,2023-11-21,9328
2892,第一金,10,2,8,華南永昌-潮州,2023-11-21,9328
3025,星通,9,2,7,華南永昌-潮州,2023-11-21,9328
3483,力致,16,9,7,華南永昌-潮州,2023-11-21,9328
4906,正文,8,1,7,華南永昌-潮州,2023-11-21,9328
3149,正達,7,1,6,華南永昌-潮州,2023-11-21,9328
8213,志超,6,0,6,華南永昌-潮州,2023-11-21,9328
8383,千附,6,0,6,華南永昌-潮州,2023-11-21,9328
6799,來頡,6,0,6,華南永昌-潮州,2023-11-21,9328
1513,中興電,5,0,5,華南永昌-潮州,2023-11-21,9328
4934,太極,6,1,5,華南永昌-潮州,2023-11-21,9328
00673R,期元大S＆P原油反1,5,0,5,華南永昌-潮州,2023-11-21,9328
00655L,國泰中國A50正2,5,0,5,華南永昌-潮州,2023-11-21,9328
3005,神基,12,7,5,華南永昌-潮州,2023-11-21,9328
3032,偉訓,5,0,5,華南永昌-潮州,2023-11-21,9328
3043,科風,5,0,5,華南永昌-潮州,2023-11-21,9328
3122,笙泉,5,0,5,華南永昌-潮州,2023-11-21,9328
3479,安勤,5,0,5,華南永昌-潮州,2023-11-21,9328
3037,欣興,109,0,109,華南永昌-潮州,2023-11-22,9328
6282,康舒,228,132,96,華南永昌-潮州,2023-11-22,9328
2313,華通,156,62,94,華南永昌-潮州,2023-11-22,9328
01003T,兆豐新光R1,70,10,60,華南永昌-潮州,2023-11-22,9328
3041,揚智,98,50,48,華南永昌-潮州,2023-11-22,9328
00637L,元大滬深300正2,45,6,39,華南永昌-潮州,2023-11-22,9328
2353,宏��,40,2,38,華南永昌-潮州,2023-11-22,9328
2355,敬鵬,62,28,34,華南永昌-潮州,2023-11-22,9328
3276,宇環,32,0,32,華南永昌-潮州,2023-11-22,9328
2706,第一店,31,3,28,華南永昌-潮州,2023-11-22,9328
00929,復華台灣科技優息,32,6,26,華南永昌-潮州,2023-11-22,9328
00919,群益台灣精選高息,26,0,26,華南永昌-潮州,2023-11-22,9328
3325,旭品,27,2,25,華南永昌-潮州,2023-11-22,9328
3231,緯創,49,26,23,華南永昌-潮州,2023-11-22,9328
2834,臺企銀,24,1,23,華南永昌-潮州,2023-11-22,9328
2382,廣達,26,4,22,華南永昌-潮州,2023-11-22,9328
2356,英業達,29,8,21,華南永昌-潮州,2023-11-22,9328
1504,東元,21,0,21,華南永昌-潮州,2023-11-22,9328
3481,群創,32,13,19,華南永昌-潮州,2023-11-22,9328
2376,技嘉,24,5,19,華南永昌-潮州,2023-11-22,9328
1310,台苯,20,2,18,華南永昌-潮州,2023-11-22,9328
2705,六福,18,0,18,華南永昌-潮州,2023-11-22,9328
5471,松翰,18,0,18,華南永昌-潮州,2023-11-22,9328
8105,凌巨,16,0,16,華南永昌-潮州,2023-11-22,9328
5443,均豪,16,1,15,華南永昌-潮州,2023-11-22,9328
6109,亞元,15,0,15,華南永昌-潮州,2023-11-22,9328
2301,光寶科,14,0,14,華南永昌-潮州,2023-11-22,9328
2609,陽明,15,1,14,華南永昌-潮州,2023-11-22,9328
2618,長榮航,30,16,14,華南永昌-潮州,2023-11-22,9328
6579,研揚,16,2,14,華南永昌-潮州,2023-11-22,9328
00905,FT臺灣Smart,12,0,12,華南永昌-潮州,2023-11-22,9328
2023,燁輝,33,21,12,華南永昌-潮州,2023-11-22,9328
00935,野村臺灣新科技50,11,0,11,華南永昌-潮州,2023-11-22,9328
5258,虹堡,19,8,11,華南永昌-潮州,2023-11-22,9328
6120,達運,11,0,11,華南永昌-潮州,2023-11-22,9328
00900,富邦特選高股息30,10,0,10,華南永昌-潮州,2023-11-22,9328
1522,堤維西,10,0,10,華南永昌-潮州,2023-11-22,9328
00632R,元大台灣50反1,10,0,10,華南永昌-潮州,2023-11-22,9328
1721,三晃,10,0,10,華南永昌-潮州,2023-11-22,9328
2354,鴻準,10,0,10,華南永昌-潮州,2023-11-22,9328
2516,新建,24,14,10,華南永昌-潮州,2023-11-22,9328
3287,廣寰科,10,0,10,華南永昌-潮州,2023-11-22,9328
6125,廣運,112,102,10,華南永昌-潮州,2023-11-22,9328
1101,台泥,11,1,10,華南永昌-潮州,2023-11-22,9328
00922,國泰台灣領袖50,12,3,9,華南永昌-潮州,2023-11-22,9328
2303,聯電,21,12,9,華南永昌-潮州,2023-11-22,9328
4979,華星光,12,4,8,華南永昌-潮州,2023-11-22,9328
00892,富邦台灣半導體,10,2,8,華南永昌-潮州,2023-11-22,9328
00933B,國泰10Y+金融債,10,2,8,華南永昌-潮州,2023-11-22,9328
2201,裕隆,12,4,8,華南永昌-潮州,2023-11-22,9328
01003T,兆豐新光R1,100,0,100,華南永昌-潮州,2023-11-23,9328
00919,群益台灣精選高息,64,0,64,華南永昌-潮州,2023-11-23,9328
1721,三晃,60,0,60,華南永昌-潮州,2023-11-23,9328
6282,康舒,120,69,51,華南永昌-潮州,2023-11-23,9328
2258,鴻華先進-創,50,0,50,華南永昌-潮州,2023-11-23,9328
6245,立端,50,2,48,華南永昌-潮州,2023-11-23,9328
00637L,元大滬深300正2,26,0,26,華南永昌-潮州,2023-11-23,9328
2402,毅嘉,27,2,25,華南永昌-潮州,2023-11-23,9328
3231,緯創,33,10,23,華南永昌-潮州,2023-11-23,9328
2317,鴻海,23,0,23,華南永昌-潮州,2023-11-23,9328
00929,復華台灣科技優息,23,2,21,華南永昌-潮州,2023-11-23,9328
3710,連展投控,20,0,20,華南永昌-潮州,2023-11-23,9328
8054,安國,43,27,16,華南永昌-潮州,2023-11-23,9328
2457,飛宏,19,4,15,華南永昌-潮州,2023-11-23,9328
2301,光寶科,15,1,14,華南永昌-潮州,2023-11-23,9328
2382,廣達,17,3,14,華南永昌-潮州,2023-11-23,9328
3047,訊舟,12,0,12,華南永昌-潮州,2023-11-23,9328
6129,普誠,13,1,12,華南永昌-潮州,2023-11-23,9328
6411,晶焱,12,0,12,華南永昌-潮州,2023-11-23,9328
2355,敬鵬,42,31,11,華南永昌-潮州,2023-11-23,9328
1449,佳和,12,2,10,華南永昌-潮州,2023-11-23,9328
1471,首利,14,4,10,華南永昌-潮州,2023-11-23,9328
1713,國化,10,0,10,華南永昌-潮州,2023-11-23,9328
2401,凌陽,15,5,10,華南永昌-潮州,2023-11-23,9328
3564,其陽,10,0,10,華南永昌-潮州,2023-11-23,9328
6108,競國,10,0,10,華南永昌-潮州,2023-11-23,9328
6237,驊訊,15,5,10,華南永昌-潮州,2023-11-23,9328
2313,華通,16,7,9,華南永昌-潮州,2023-11-23,9328
2027,大成鋼,10,1,9,華南永昌-潮州,2023-11-23,9328
2471,資通,9,0,9,華南永昌-潮州,2023-11-23,9328
5272,笙科,11,2,9,華南永昌-潮州,2023-11-23,9328
2344,華邦電,8,0,8,華南永昌-潮州,2023-11-23,9328
00915,凱基優選高股息30,7,0,7,華南永昌-潮州,2023-11-23,9328
1605,華新,17,10,7,華南永昌-潮州,2023-11-23,9328
2303,聯電,21,14,7,華南永昌-潮州,2023-11-23,9328
1609,大亞,9,2,7,華南永昌-潮州,2023-11-23,9328
00935,野村臺灣新科技50,6,0,6,華南永昌-潮州,2023-11-23,9328
2201,裕隆,11,5,6,華南永昌-潮州,2023-11-23,9328
2618,長榮航,22,16,6,華南永昌-潮州,2023-11-23,9328
5475,德宏,6,0,6,華南永昌-潮州,2023-11-23,9328
2884,玉山金,5,0,5,華南永昌-潮州,2023-11-23,9328
2363,矽統,72,67,5,華南永昌-潮州,2023-11-23,9328
1319,東陽,6,1,5,華南永昌-潮州,2023-11-23,9328
1314,中石化,5,0,5,華南永昌-潮州,2023-11-23,9328
00696B,富邦美債20年,5,0,5,華南永昌-潮州,2023-11-23,9328
00715L,期街口布蘭特正2,5,0,5,華南永昌-潮州,2023-11-23,9328
1909,榮成,5,0,5,華南永昌-潮州,2023-11-23,9328
3013,晟銘電,36,31,5,華南永昌-潮州,2023-11-23,9328
5512,力麒,5,0,5,華南永昌-潮州,2023-11-23,9328
6150,撼訊,6,1,5,華南永昌-潮州,2023-11-23,9328
1721,三晃,108,0,108,華南永昌-潮州,2023-11-24,9328
00934,中信成長高股息,101,1,100,華南永昌-潮州,2023-11-24,9328
01003T,兆豐新光R1,80,0,80,華南永昌-潮州,2023-11-24,9328
00687B,國泰20年美債,71,0,71,華南永昌-潮州,2023-11-24,9328
00919,群益台灣精選高息,57,1,56,華南永昌-潮州,2023-11-24,9328
6245,立端,68,14,54,華南永昌-潮州,2023-11-24,9328
1815,富喬,53,3,50,華南永昌-潮州,2023-11-24,9328
2258,鴻華先進-創,40,0,40,華南永昌-潮州,2023-11-24,9328
00878,國泰永續高股息,40,2,38,華南永昌-潮州,2023-11-24,9328
3666,光耀,37,1,36,華南永昌-潮州,2023-11-24,9328
00929,復華台灣科技優息,30,0,30,華南永昌-潮州,2023-11-24,9328
1609,大亞,30,3,27,華南永昌-潮州,2023-11-24,9328
2722,夏都,27,3,24,華南永昌-潮州,2023-11-24,9328
2363,矽統,51,29,22,華南永昌-潮州,2023-11-24,9328
3437,榮創,31,10,21,華南永昌-潮州,2023-11-24,9328
2618,長榮航,33,13,20,華南永昌-潮州,2023-11-24,9328
2455,全新,23,3,20,華南永昌-潮州,2023-11-24,9328
4167,松瑞藥,17,0,17,華南永昌-潮州,2023-11-24,9328
4714,永捷,16,0,16,華南永昌-潮州,2023-11-24,9328
4956,光鋐,18,2,16,華南永昌-潮州,2023-11-24,9328
1514,亞力,27,12,15,華南永昌-潮州,2023-11-24,9328
2356,英業達,15,2,13,華南永昌-潮州,2023-11-24,9328
3006,晶豪科,26,13,13,華南永昌-潮州,2023-11-24,9328
6104,創惟,15,3,12,華南永昌-潮州,2023-11-24,9328
00720B,元大投資級公司債,13,2,11,華南永昌-潮州,2023-11-24,9328
00918,大華優利高填息30,10,0,10,華南永昌-潮州,2023-11-24,9328
00712,復華富時不動產,10,0,10,華南永昌-潮州,2023-11-24,9328
1727,中華化,10,0,10,華南永昌-潮州,2023-11-24,9328
2017,官田鋼,10,0,10,華南永昌-潮州,2023-11-24,9328
2340,台亞,10,0,10,華南永昌-潮州,2023-11-24,9328
2641,正德,10,0,10,華南永昌-潮州,2023-11-24,9328
4108,懷特,10,0,10,華南永昌-潮州,2023-11-24,9328
5236,凌陽創新,10,0,10,華南永昌-潮州,2023-11-24,9328
6108,競國,10,0,10,華南永昌-潮州,2023-11-24,9328
6179,亞通,10,0,10,華南永昌-潮州,2023-11-24,9328
6282,康舒,23,13,10,華南永昌-潮州,2023-11-24,9328
2376,技嘉,11,2,9,華南永昌-潮州,2023-11-24,9328
3231,緯創,9,1,8,華南永昌-潮州,2023-11-24,9328
00715L,期街口布蘭特正2,11,3,8,華南永昌-潮州,2023-11-24,9328
2888,新光金,8,0,8,華南永昌-潮州,2023-11-24,9328
8054,安國,104,96,8,華南永昌-潮州,2023-11-24,9328
00679B,元大美債20年,7,0,7,華南永昌-潮州,2023-11-24,9328
5351,鈺創,35,28,7,華南永昌-潮州,2023-11-24,9328
6235,華孚,18,11,7,華南永昌-潮州,2023-11-24,9328
2337,旺宏,9,2,7,華南永昌-潮州,2023-11-24,9328
2610,華航,7,0,7,華南永昌-潮州,2023-11-24,9328
6237,驊訊,8,1,7,華南永昌-潮州,2023-11-24,9328
2890,永豐金,12,5,7,華南永昌-潮州,2023-11-24,9328
2402,毅嘉,6,0,6,華南永昌-潮州,2023-11-24,9328
00885,富邦越南,6,0,6,華南永昌-潮州,2023-11-24,9328
00632R,元大台灣50反1,250,0,250,華南永昌-潮州,2023-11-27,9328
00919,群益台灣精選高息,211,0,211,華南永昌-潮州,2023-11-27,9328
2606,裕民,231,28,203,華南永昌-潮州,2023-11-27,9328
6125,廣運,184,2,182,華南永昌-潮州,2023-11-27,9328
00882,中信中國高股息,96,0,96,華南永昌-潮州,2023-11-27,9328
2634,漢翔,55,2,53,華南永昌-潮州,2023-11-27,9328
01003T,兆豐新光R1,50,0,50,華南永昌-潮州,2023-11-27,9328
2023,燁輝,40,0,40,華南永昌-潮州,2023-11-27,9328
00878,國泰永續高股息,35,1,34,華南永昌-潮州,2023-11-27,9328
00637L,元大滬深300正2,30,0,30,華南永昌-潮州,2023-11-27,9328
1314,中石化,28,0,28,華南永昌-潮州,2023-11-27,9328
4157,太景*-KY,27,1,26,華南永昌-潮州,2023-11-27,9328
3481,群創,27,2,25,華南永昌-潮州,2023-11-27,9328
2605,新興,24,0,24,華南永昌-潮州,2023-11-27,9328
00679B,元大美債20年,26,3,23,華南永昌-潮州,2023-11-27,9328
8222,寶一,31,8,23,華南永昌-潮州,2023-11-27,9328
8089,康全電訊,29,8,21,華南永昌-潮州,2023-11-27,9328
00922,國泰台灣領袖50,19,0,19,華南永昌-潮州,2023-11-27,9328
3231,緯創,43,25,18,華南永昌-潮州,2023-11-27,9328
0056,元大高股息,18,2,16,華南永昌-潮州,2023-11-27,9328
4121,優盛,21,5,16,華南永昌-潮州,2023-11-27,9328
4167,松瑞藥,17,1,16,華南永昌-潮州,2023-11-27,9328
2356,英業達,17,2,15,華南永昌-潮州,2023-11-27,9328
1449,佳和,15,0,15,華南永昌-潮州,2023-11-27,9328
2355,敬鵬,29,15,14,華南永昌-潮州,2023-11-27,9328
00900,富邦特選高股息30,13,0,13,華南永昌-潮州,2023-11-27,9328
4188,安克,13,0,13,華南永昌-潮州,2023-11-27,9328
6598,ABC-KY,13,0,13,華南永昌-潮州,2023-11-27,9328
5347,世界,17,4,13,華南永昌-潮州,2023-11-27,9328
00915,凱基優選高股息30,12,0,12,華南永昌-潮州,2023-11-27,9328
2363,矽統,32,20,12,華南永昌-潮州,2023-11-27,9328
6806,森崴能源,11,0,11,華南永昌-潮州,2023-11-27,9328
3047,訊舟,11,0,11,華南永昌-潮州,2023-11-27,9328
00905,FT臺灣Smart,11,0,11,華南永昌-潮州,2023-11-27,9328
00933B,國泰10Y+金融債,10,0,10,華南永昌-潮州,2023-11-27,9328
1471,首利,10,0,10,華南永昌-潮州,2023-11-27,9328
3287,廣寰科,10,0,10,華南永昌-潮州,2023-11-27,9328
6108,競國,10,0,10,華南永昌-潮州,2023-11-27,9328
6257,矽格,10,0,10,華南永昌-潮州,2023-11-27,9328
6579,研揚,20,10,10,華南永昌-潮州,2023-11-27,9328
4743,合一,9,0,9,華南永昌-潮州,2023-11-27,9328
1589,永冠-KY,9,0,9,華南永昌-潮州,2023-11-27,9328
1815,富喬,11,2,9,華南永昌-潮州,2023-11-27,9328
6535,順藥,10,1,9,華南永昌-潮州,2023-11-27,9328
8086,宏捷科,51,43,8,華南永昌-潮州,2023-11-27,9328
1303,南亞,8,0,8,華南永昌-潮州,2023-11-27,9328
2633,台灣高鐵,8,0,8,華南永昌-潮州,2023-11-27,9328
6451,訊芯-KY,8,0,8,華南永昌-潮州,2023-11-27,9328
8163,達方,10,2,8,華南永昌-潮州,2023-11-27,9328
00850,元大臺灣ESG永續,7,0,7,華南永昌-潮州,2023-11-27,9328
00919,群益台灣精選高息,196,5,191,華南永昌-潮州,2023-11-28,9328
1905,華紙,102,2,100,華南永昌-潮州,2023-11-28,9328
3481,群創,55,1,54,華南永昌-潮州,2023-11-28,9328
00895,富邦未來車,52,0,52,華南永昌-潮州,2023-11-28,9328
6127,九豪,50,0,50,華南永昌-潮州,2023-11-28,9328
1802,台玻,38,0,38,華南永昌-潮州,2023-11-28,9328
00915,凱基優選高股息30,34,1,33,華南永昌-潮州,2023-11-28,9328
4142,國光生,31,1,30,華南永昌-潮州,2023-11-28,9328
5351,鈺創,60,33,27,華南永昌-潮州,2023-11-28,9328
2303,聯電,30,8,22,華南永昌-潮州,2023-11-28,9328
2606,裕民,93,71,22,華南永昌-潮州,2023-11-28,9328
2387,精元,21,0,21,華南永昌-潮州,2023-11-28,9328
00712,復華富時不動產,21,1,20,華南永昌-潮州,2023-11-28,9328
2323,中環,20,0,20,華南永昌-潮州,2023-11-28,9328
2367,燿華,28,8,20,華南永昌-潮州,2023-11-28,9328
6535,順藥,20,0,20,華南永昌-潮州,2023-11-28,9328
1101,台泥,26,10,16,華南永昌-潮州,2023-11-28,9328
4157,太景*-KY,47,31,16,華南永昌-潮州,2023-11-28,9328
2355,敬鵬,31,17,14,華南永昌-潮州,2023-11-28,9328
2516,新建,17,3,14,華南永昌-潮州,2023-11-28,9328
3437,榮創,15,1,14,華南永昌-潮州,2023-11-28,9328
00933B,國泰10Y+金融債,11,0,11,華南永昌-潮州,2023-11-28,9328
2399,映泰,10,0,10,華南永昌-潮州,2023-11-28,9328
2739,寒舍,10,0,10,華南永昌-潮州,2023-11-28,9328
5519,隆大,10,0,10,華南永昌-潮州,2023-11-28,9328
6167,久正,10,0,10,華南永昌-潮州,2023-11-28,9328
2851,中再保,9,0,9,華南永昌-潮州,2023-11-28,9328
3041,揚智,13,4,9,華南永昌-潮州,2023-11-28,9328
00905,FT臺灣Smart,9,0,9,華南永昌-潮州,2023-11-28,9328
2330,台積電,8,0,8,華南永昌-潮州,2023-11-28,9328
1515,力山,7,0,7,華南永昌-潮州,2023-11-28,9328
3231,緯創,12,6,6,華南永昌-潮州,2023-11-28,9328
2462,良得電,6,0,6,華南永昌-潮州,2023-11-28,9328
6237,驊訊,9,3,6,華南永昌-潮州,2023-11-28,9328
2353,宏��,6,1,5,華南永昌-潮州,2023-11-28,9328
2356,英業達,7,2,5,華南永昌-潮州,2023-11-28,9328
00648R,元大S＆P500反1,5,0,5,華南永昌-潮州,2023-11-28,9328
00719B,元大美債1-3,5,0,5,華南永昌-潮州,2023-11-28,9328
1603,華電,6,1,5,華南永昌-潮州,2023-11-28,9328
1701,中化,6,1,5,華南永昌-潮州,2023-11-28,9328
2258,鴻華先進-創,5,0,5,華南永昌-潮州,2023-11-28,9328
2313,華通,29,24,5,華南永昌-潮州,2023-11-28,9328
4173,久裕,5,0,5,華南永昌-潮州,2023-11-28,9328
6257,矽格,5,0,5,華南永昌-潮州,2023-11-28,9328
8277,商丞,5,0,5,華南永昌-潮州,2023-11-28,9328
00929,復華台灣科技優息,16,12,4,華南永昌-潮州,2023-11-28,9328
5347,世界,10,6,4,華南永昌-潮州,2023-11-28,9328
3189,景碩,4,0,4,華南永昌-潮州,2023-11-28,9328
1442,名軒,4,0,4,華南永昌-潮州,2023-11-28,9328
2630,亞航,4,0,4,華南永昌-潮州,2023-11-28,9328
00712,復華富時不動產,49,0,49,華南永昌-潮州,2023-11-29,9328
2301,光寶科,52,9,43,華南永昌-潮州,2023-11-29,9328
00882,中信中國高股息,44,5,39,華南永昌-潮州,2023-11-29,9328
3290,東浦,29,0,29,華南永昌-潮州,2023-11-29,9328
4956,光鋐,26,1,25,華南永昌-潮州,2023-11-29,9328
00933B,國泰10Y+金融債,24,0,24,華南永昌-潮州,2023-11-29,9328
2605,新興,22,0,22,華南永昌-潮州,2023-11-29,9328
6127,九豪,21,0,21,華南永昌-潮州,2023-11-29,9328
6894,衛司特,20,1,19,華南永昌-潮州,2023-11-29,9328
00720B,元大投資級公司債,22,4,18,華南永昌-潮州,2023-11-29,9328
3047,訊舟,20,2,18,華南永昌-潮州,2023-11-29,9328
2867,三商壽,15,0,15,華南永昌-潮州,2023-11-29,9328
1504,東元,16,2,14,華南永昌-潮州,2023-11-29,9328
2324,仁寶,16,2,14,華南永昌-潮州,2023-11-29,9328
1314,中石化,14,1,13,華南永昌-潮州,2023-11-29,9328
2313,華通,41,28,13,華南永昌-潮州,2023-11-29,9328
2369,菱生,20,7,13,華南永昌-潮州,2023-11-29,9328
5351,鈺創,21,8,13,華南永昌-潮州,2023-11-29,9328
2401,凌陽,13,1,12,華南永昌-潮州,2023-11-29,9328
3265,台星科,12,0,12,華南永昌-潮州,2023-11-29,9328
1515,力山,11,0,11,華南永昌-潮州,2023-11-29,9328
2606,裕民,23,12,11,華南永昌-潮州,2023-11-29,9328
6129,普誠,12,1,11,華南永昌-潮州,2023-11-29,9328
6806,森崴能源,10,0,10,華南永昌-潮州,2023-11-29,9328
00637L,元大滬深300正2,10,0,10,華南永昌-潮州,2023-11-29,9328
00665L,富邦�琤肭磪囓�2,10,0,10,華南永昌-潮州,2023-11-29,9328
00650L,復華香港正2,15,5,10,華南永昌-潮州,2023-11-29,9328
1612,宏泰,10,0,10,華南永昌-潮州,2023-11-29,9328
2108,南帝,10,0,10,華南永昌-潮州,2023-11-29,9328
2739,寒舍,10,0,10,華南永昌-潮州,2023-11-29,9328
2845,遠東銀,10,0,10,華南永昌-潮州,2023-11-29,9328
3046,建��,10,0,10,華南永昌-潮州,2023-11-29,9328
3515,華擎,10,0,10,華南永昌-潮州,2023-11-29,9328
4114,健喬,10,0,10,華南永昌-潮州,2023-11-29,9328
4142,國光生,10,0,10,華南永昌-潮州,2023-11-29,9328
5236,凌陽創新,10,0,10,華南永昌-潮州,2023-11-29,9328
6188,廣明,10,0,10,華南永昌-潮州,2023-11-29,9328
6243,迅杰,54,44,10,華南永昌-潮州,2023-11-29,9328
8390,金益鼎,10,0,10,華南永昌-潮州,2023-11-29,9328
1514,亞力,14,5,9,華南永昌-潮州,2023-11-29,9328
2618,長榮航,13,4,9,華南永昌-潮州,2023-11-29,9328
2883,凱基金,20,11,9,華南永昌-潮州,2023-11-29,9328
6695,芯鼎,14,5,9,華南永昌-潮州,2023-11-29,9328
2031,新光鋼,10,2,8,華南永昌-潮州,2023-11-29,9328
2402,毅嘉,11,3,8,華南永昌-潮州,2023-11-29,9328
5488,松普,8,0,8,華南永昌-潮州,2023-11-29,9328
2332,友訊,7,0,7,華南永昌-潮州,2023-11-29,9328
4121,優盛,12,5,7,華南永昌-潮州,2023-11-29,9328
1605,華新,6,0,6,華南永昌-潮州,2023-11-29,9328
2617,台航,6,0,6,華南永昌-潮州,2023-11-29,9328
00931B,統一美債20年,100,0,100,華南永昌-潮州,2023-11-30,9328
2883,凱基金,76,10,66,華南永昌-潮州,2023-11-30,9328
8096,擎亞,65,8,57,華南永昌-潮州,2023-11-30,9328
2888,新光金,52,0,52,華南永昌-潮州,2023-11-30,9328
00929,復華台灣科技優息,62,17,45,華南永昌-潮州,2023-11-30,9328
6535,順藥,40,0,40,華南永昌-潮州,2023-11-30,9328
3231,緯創,44,6,38,華南永昌-潮州,2023-11-30,9328
2412,中華電,30,0,30,華南永昌-潮州,2023-11-30,9328
00680L,元大美債20正2,29,0,29,華南永昌-潮州,2023-11-30,9328
00673R,期元大S＆P原油反1,24,0,24,華南永昌-潮州,2023-11-30,9328
1314,中石化,23,0,23,華南永昌-潮州,2023-11-30,9328
2838,聯邦銀,20,0,20,華南永昌-潮州,2023-11-30,9328
2543,皇昌,19,0,19,華南永昌-潮州,2023-11-30,9328
3481,群創,18,0,18,華南永昌-潮州,2023-11-30,9328
6127,九豪,16,0,16,華南永昌-潮州,2023-11-30,9328
4114,健喬,15,0,15,華南永昌-潮州,2023-11-30,9328
2313,華通,29,14,15,華南永昌-潮州,2023-11-30,9328
2881,富邦金,14,1,13,華南永昌-潮州,2023-11-30,9328
2409,友達,15,3,12,華南永昌-潮州,2023-11-30,9328
00936,台新永續高息中小,11,0,11,華南永昌-潮州,2023-11-30,9328
1736,喬山,10,0,10,華南永昌-潮州,2023-11-30,9328
2449,京元電子,11,1,10,華南永昌-潮州,2023-11-30,9328
3515,華擎,10,0,10,華南永昌-潮州,2023-11-30,9328
3715,定穎投控,63,53,10,華南永昌-潮州,2023-11-30,9328
5355,佳總,10,0,10,華南永昌-潮州,2023-11-30,9328
9950,萬國通,10,0,10,華南永昌-潮州,2023-11-30,9328
00934,中信成長高股息,9,0,9,華南永昌-潮州,2023-11-30,9328
2338,光罩,17,8,9,華南永昌-潮州,2023-11-30,9328
8088,品安,10,1,9,華南永昌-潮州,2023-11-30,9328
2492,華新科,12,3,9,華南永昌-潮州,2023-11-30,9328
2369,菱生,10,2,8,華南永昌-潮州,2023-11-30,9328
8261,富鼎,11,3,8,華南永昌-潮州,2023-11-30,9328
2201,裕隆,8,1,7,華南永昌-潮州,2023-11-30,9328
00720B,元大投資級公司債,7,0,7,華南永昌-潮州,2023-11-30,9328
4956,光鋐,9,2,7,華南永昌-潮州,2023-11-30,9328
6173,信昌電,9,2,7,華南永昌-潮州,2023-11-30,9328
5272,笙科,8,2,6,華南永昌-潮州,2023-11-30,9328
2390,云辰,6,0,6,華南永昌-潮州,2023-11-30,9328
2606,裕民,38,32,6,華南永昌-潮州,2023-11-30,9328
4958,臻鼎-KY,6,0,6,華南永昌-潮州,2023-11-30,9328
006208,富邦台50,5,0,5,華南永昌-潮州,2023-11-30,9328
00900,富邦特選高股息30,7,2,5,華南永昌-潮州,2023-11-30,9328
2351,順德,6,1,5,華南永昌-潮州,2023-11-30,9328
5227,立凱-KY,5,0,5,華南永昌-潮州,2023-11-30,9328
00632R,元大台灣50反1,5,0,5,華南永昌-潮州,2023-11-30,9328
1612,宏泰,10,5,5,華南永昌-潮州,2023-11-30,9328
2243,宏旭-KY,5,0,5,華南永昌-潮州,2023-11-30,9328
2332,友訊,7,2,5,華南永昌-潮州,2023-11-30,9328
2371,大同,5,0,5,華南永昌-潮州,2023-11-30,9328
2609,陽明,5,0,5,華南永昌-潮州,2023-11-30,9328
2883,凱基金,75,6,69,華南永昌-潮州,2023-12-01,9328
4114,健喬,58,23,35,華南永昌-潮州,2023-12-01,9328
00907,永豐優息存股,32,0,32,華南永昌-潮州,2023-12-01,9328
00636,國泰中國A50,31,0,31,華南永昌-潮州,2023-12-01,9328
00934,中信成長高股息,21,0,21,華南永昌-潮州,2023-12-01,9328
00637L,元大滬深300正2,26,10,16,華南永昌-潮州,2023-12-01,9328
4142,國光生,16,0,16,華南永昌-潮州,2023-12-01,9328
2886,兆豐金,14,1,13,華南永昌-潮州,2023-12-01,9328
2887,台新金,13,0,13,華南永昌-潮州,2023-12-01,9328
00900,富邦特選高股息30,12,0,12,華南永昌-潮州,2023-12-01,9328
3666,光耀,14,2,12,華南永昌-潮州,2023-12-01,9328
2303,聯電,25,14,11,華南永昌-潮州,2023-12-01,9328
00935,野村臺灣新科技50,11,0,11,華南永昌-潮州,2023-12-01,9328
00715L,期街口布蘭特正2,11,0,11,華南永昌-潮州,2023-12-01,9328
00720B,元大投資級公司債,11,0,11,華南永昌-潮州,2023-12-01,9328
2413,環科,11,0,11,華南永昌-潮州,2023-12-01,9328
1721,三晃,10,0,10,華南永昌-潮州,2023-12-01,9328
1101,台泥,12,2,10,華南永昌-潮州,2023-12-01,9328
3041,揚智,44,34,10,華南永昌-潮州,2023-12-01,9328
2108,南帝,10,0,10,華南永昌-潮州,2023-12-01,9328
2387,精元,10,0,10,華南永昌-潮州,2023-12-01,9328
4534,慶騰,10,0,10,華南永昌-潮州,2023-12-01,9328
5328,華容,41,31,10,華南永昌-潮州,2023-12-01,9328
6245,立端,12,2,10,華南永昌-潮州,2023-12-01,9328
2371,大同,11,2,9,華南永昌-潮州,2023-12-01,9328
4171,瑞基,9,0,9,華南永昌-潮州,2023-12-01,9328
2458,義隆,10,1,9,華南永昌-潮州,2023-12-01,9328
2481,強茂,8,0,8,華南永昌-潮州,2023-12-01,9328
5347,世界,9,1,8,華南永昌-潮州,2023-12-01,9328
6504,南六,8,0,8,華南永昌-潮州,2023-12-01,9328
6733,博晟生醫,12,4,8,華南永昌-潮州,2023-12-01,9328
6257,矽格,11,3,8,華南永昌-潮州,2023-12-01,9328
2356,英業達,9,1,8,華南永昌-潮州,2023-12-01,9328
00679B,元大美債20年,8,1,7,華南永昌-潮州,2023-12-01,9328
2610,華航,7,0,7,華南永昌-潮州,2023-12-01,9328
3059,華晶科,8,1,7,華南永昌-潮州,2023-12-01,9328
2492,華新科,11,5,6,華南永昌-潮州,2023-12-01,9328
1513,中興電,10,4,6,華南永昌-潮州,2023-12-01,9328
3231,緯創,40,34,6,華南永昌-潮州,2023-12-01,9328
2890,永豐金,6,0,6,華南永昌-潮州,2023-12-01,9328
1605,華新,10,4,6,華南永昌-潮州,2023-12-01,9328
2353,宏��,7,1,6,華南永昌-潮州,2023-12-01,9328
2405,輔信,16,10,6,華南永昌-潮州,2023-12-01,9328
3050,鈺德,9,3,6,華南永昌-潮州,2023-12-01,9328
3533,嘉澤,6,0,6,華南永昌-潮州,2023-12-01,9328
6150,撼訊,9,3,6,華南永昌-潮州,2023-12-01,9328
8096,擎亞,6,0,6,華南永昌-潮州,2023-12-01,9328
6517,保勝光學,5,0,5,華南永昌-潮州,2023-12-01,9328
8222,寶一,5,0,5,華南永昌-潮州,2023-12-01,9328
1795,美時,11,6,5,華南永昌-潮州,2023-12-01,9328
00918,大華優利高填息30,258,20,238,華南永昌-潮州,2023-12-04,9328
00715L,期街口布蘭特正2,92,0,92,華南永昌-潮州,2023-12-04,9328
00919,群益台灣精選高息,65,7,58,華南永昌-潮州,2023-12-04,9328
9939,宏全,50,0,50,華南永昌-潮州,2023-12-04,9328
4167,松瑞藥,45,3,42,華南永昌-潮州,2023-12-04,9328
1815,富喬,34,0,34,華南永昌-潮州,2023-12-04,9328
6129,普誠,33,1,32,華南永昌-潮州,2023-12-04,9328
00632R,元大台灣50反1,30,0,30,華南永昌-潮州,2023-12-04,9328
3231,緯創,52,23,29,華南永昌-潮州,2023-12-04,9328
1809,中釉,29,0,29,華南永昌-潮州,2023-12-04,9328
9945,潤泰新,33,4,29,華南永昌-潮州,2023-12-04,9328
00929,復華台灣科技優息,49,23,26,華南永昌-潮州,2023-12-04,9328
2329,華泰,70,47,23,華南永昌-潮州,2023-12-04,9328
2367,燿華,46,25,21,華南永昌-潮州,2023-12-04,9328
00712,復華富時不動產,22,1,21,華南永昌-潮州,2023-12-04,9328
5355,佳總,20,0,20,華南永昌-潮州,2023-12-04,9328
6117,迎廣,49,30,19,華南永昌-潮州,2023-12-04,9328
6504,南六,23,5,18,華南永昌-潮州,2023-12-04,9328
00752,中信中國50,21,4,17,華南永昌-潮州,2023-12-04,9328
00720B,元大投資級公司債,16,0,16,華南永昌-潮州,2023-12-04,9328
4572,駐龍,17,1,16,華南永昌-潮州,2023-12-04,9328
2883,凱基金,15,0,15,華南永昌-潮州,2023-12-04,9328
1504,東元,13,0,13,華南永昌-潮州,2023-12-04,9328
00882,中信中國高股息,14,1,13,華南永昌-潮州,2023-12-04,9328
1605,華新,28,15,13,華南永昌-潮州,2023-12-04,9328
3038,全台,13,0,13,華南永昌-潮州,2023-12-04,9328
2421,建準,13,1,12,華南永昌-潮州,2023-12-04,9328
4533,協易機,25,13,12,華南永昌-潮州,2023-12-04,9328
6451,訊芯-KY,17,5,12,華南永昌-潮州,2023-12-04,9328
2481,強茂,12,0,12,華南永昌-潮州,2023-12-04,9328
4171,瑞基,12,1,11,華南永昌-潮州,2023-12-04,9328
1582,信錦,12,1,11,華南永昌-潮州,2023-12-04,9328
3706,神達,16,5,11,華南永昌-潮州,2023-12-04,9328
00642U,期元大S＆P石油,10,0,10,華南永昌-潮州,2023-12-04,9328
1718,中纖,20,10,10,華南永昌-潮州,2023-12-04,9328
2258,鴻華先進-創,10,0,10,華南永昌-潮州,2023-12-04,9328
4164,承業醫,10,0,10,華南永昌-潮州,2023-12-04,9328
5328,華容,12,2,10,華南永昌-潮州,2023-12-04,9328
6180,橘子,10,0,10,華南永昌-潮州,2023-12-04,9328
4121,優盛,11,2,9,華南永昌-潮州,2023-12-04,9328
5521,工信,11,2,9,華南永昌-潮州,2023-12-04,9328
2484,希華,10,1,9,華南永昌-潮州,2023-12-04,9328
00934,中信成長高股息,8,0,8,華南永昌-潮州,2023-12-04,9328
1701,中化,10,2,8,華南永昌-潮州,2023-12-04,9328
2376,技嘉,11,3,8,華南永昌-潮州,2023-12-04,9328
3041,揚智,36,30,6,華南永昌-潮州,2023-12-04,9328
006208,富邦台50,6,0,6,華南永昌-潮州,2023-12-04,9328
1727,中華化,16,10,6,華南永昌-潮州,2023-12-04,9328
2328,廣宇,6,0,6,華南永昌-潮州,2023-12-04,9328
2430,燦坤,6,0,6,華南永昌-潮州,2023-12-04,9328
2613,中櫃,150,10,140,華南永昌-潮州,2023-12-05,9328
00919,群益台灣精選高息,140,16,124,華南永昌-潮州,2023-12-05,9328
2317,鴻海,124,1,123,華南永昌-潮州,2023-12-05,9328
00937B,群益ESG投等債20,210,128,82,華南永昌-潮州,2023-12-05,9328
00688L,國泰20年美債正2,53,0,53,華南永昌-潮州,2023-12-05,9328
2883,凱基金,57,5,52,華南永昌-潮州,2023-12-05,9328
00929,復華台灣科技優息,53,2,51,華南永昌-潮州,2023-12-05,9328
6592B,和潤企業乙特,49,0,49,華南永昌-潮州,2023-12-05,9328
9939,宏全,42,0,42,華南永昌-潮州,2023-12-05,9328
2303,聯電,37,1,36,華南永昌-潮州,2023-12-05,9328
9919,康那香,33,2,31,華南永昌-潮州,2023-12-05,9328
00882,中信中國高股息,30,2,28,華南永昌-潮州,2023-12-05,9328
00918,大華優利高填息30,30,2,28,華南永昌-潮州,2023-12-05,9328
2314,台揚,25,0,25,華南永昌-潮州,2023-12-05,9328
3231,緯創,37,13,24,華南永昌-潮州,2023-12-05,9328
2363,矽統,27,3,24,華南永昌-潮州,2023-12-05,9328
5608,四維航,58,35,23,華南永昌-潮州,2023-12-05,9328
4173,久裕,22,0,22,華南永昌-潮州,2023-12-05,9328
2329,華泰,70,50,20,華南永昌-潮州,2023-12-05,9328
00915,凱基優選高股息30,20,0,20,華南永昌-潮州,2023-12-05,9328
3010,華立,20,0,20,華南永昌-潮州,2023-12-05,9328
4532,瑞智,20,0,20,華南永昌-潮州,2023-12-05,9328
3615,安可,21,2,19,華南永昌-潮州,2023-12-05,9328
2601,益航,28,10,18,華南永昌-潮州,2023-12-05,9328
2702,華園,18,0,18,華南永昌-潮州,2023-12-05,9328
2637,慧洋-KY,20,4,16,華南永昌-潮州,2023-12-05,9328
00922,國泰台灣領袖50,16,0,16,華南永昌-潮州,2023-12-05,9328
3287,廣寰科,16,0,16,華南永昌-潮州,2023-12-05,9328
1605,華新,18,3,15,華南永昌-潮州,2023-12-05,9328
6285,啟��,16,2,14,華南永昌-潮州,2023-12-05,9328
00935,野村臺灣新科技50,13,0,13,華南永昌-潮州,2023-12-05,9328
2409,友達,14,3,11,華南永昌-潮州,2023-12-05,9328
00642U,期元大S＆P石油,11,0,11,華南永昌-潮州,2023-12-05,9328
9103,美德醫療-DR,20,9,11,華南永昌-潮州,2023-12-05,9328
8916,光隆,11,0,11,華南永昌-潮州,2023-12-05,9328
00713,元大台灣高息低波,11,0,11,華南永昌-潮州,2023-12-05,9328
1504,東元,11,1,10,華南永昌-潮州,2023-12-05,9328
4977,眾達-KY,10,0,10,華南永昌-潮州,2023-12-05,9328
4164,承業醫,10,0,10,華南永昌-潮州,2023-12-05,9328
6150,撼訊,19,9,10,華南永昌-潮州,2023-12-05,9328
5347,世界,13,4,9,華南永昌-潮州,2023-12-05,9328
2332,友訊,9,0,9,華南永昌-潮州,2023-12-05,9328
2543,皇昌,22,13,9,華南永昌-潮州,2023-12-05,9328
2356,英業達,8,0,8,華南永昌-潮州,2023-12-05,9328
3260,威剛,12,4,8,華南永昌-潮州,2023-12-05,9328
00752,中信中國50,8,0,8,華南永昌-潮州,2023-12-05,9328
1314,中石化,8,0,8,華南永昌-潮州,2023-12-05,9328
3094,聯傑,8,0,8,華南永昌-潮州,2023-12-05,9328
2867,三商壽,7,0,7,華南永昌-潮州,2023-12-05,9328
00680L,元大美債20正2,7,0,7,華南永昌-潮州,2023-12-05,9328
00680L,元大美債20正2,123,0,123,華南永昌-潮州,2023-12-06,9328
9103,美德醫療-DR,71,0,71,華南永昌-潮州,2023-12-06,9328
3481,群創,69,13,56,華南永昌-潮州,2023-12-06,9328
2485,兆赫,54,0,54,華南永昌-潮州,2023-12-06,9328
1802,台玻,50,0,50,華南永昌-潮州,2023-12-06,9328
00919,群益台灣精選高息,46,0,46,華南永昌-潮州,2023-12-06,9328
00688L,國泰20年美債正2,43,0,43,華南永昌-潮州,2023-12-06,9328
9919,康那香,44,2,42,華南永昌-潮州,2023-12-06,9328
2105,正新,30,0,30,華南永昌-潮州,2023-12-06,9328
00637L,元大滬深300正2,30,0,30,華南永昌-潮州,2023-12-06,9328
3041,揚智,41,12,29,華南永昌-潮州,2023-12-06,9328
00679B,元大美債20年,28,0,28,華南永昌-潮州,2023-12-06,9328
2409,友達,28,0,28,華南永昌-潮州,2023-12-06,9328
1616,億泰,26,0,26,華南永昌-潮州,2023-12-06,9328
2355,敬鵬,38,14,24,華南永昌-潮州,2023-12-06,9328
00933B,國泰10Y+金融債,23,0,23,華南永昌-潮州,2023-12-06,9328
00753L,中信中國50正2,20,0,20,華南永昌-潮州,2023-12-06,9328
3706,神達,23,3,20,華南永昌-潮州,2023-12-06,9328
5272,笙科,21,2,19,華南永昌-潮州,2023-12-06,9328
00720B,元大投資級公司債,17,0,17,華南永昌-潮州,2023-12-06,9328
3083,網龍,16,0,16,華南永昌-潮州,2023-12-06,9328
2453,凌群,15,0,15,華南永昌-潮州,2023-12-06,9328
00715L,期街口布蘭特正2,15,0,15,華南永昌-潮州,2023-12-06,9328
2399,映泰,18,3,15,華南永昌-潮州,2023-12-06,9328
6177,達麗,15,0,15,華南永昌-潮州,2023-12-06,9328
6148,驊宏資,20,6,14,華南永昌-潮州,2023-12-06,9328
2421,建準,19,6,13,華南永昌-潮州,2023-12-06,9328
00722B,群益投資級電信債,12,0,12,華南永昌-潮州,2023-12-06,9328
2258,鴻華先進-創,12,0,12,華南永昌-潮州,2023-12-06,9328
5608,四維航,40,28,12,華南永昌-潮州,2023-12-06,9328
5347,世界,11,0,11,華南永昌-潮州,2023-12-06,9328
2610,華航,11,0,11,華南永昌-潮州,2023-12-06,9328
00882,中信中國高股息,15,4,11,華南永昌-潮州,2023-12-06,9328
1529,樂事綠能,16,5,11,華南永昌-潮州,2023-12-06,9328
1540,喬福,11,0,11,華南永昌-潮州,2023-12-06,9328
6180,橘子,11,0,11,華南永昌-潮州,2023-12-06,9328
3013,晟銘電,24,13,11,華南永昌-潮州,2023-12-06,9328
00687B,國泰20年美債,10,0,10,華南永昌-潮州,2023-12-06,9328
2889,國票金,10,0,10,華南永昌-潮州,2023-12-06,9328
4164,承業醫,10,0,10,華南永昌-潮州,2023-12-06,9328
6190,萬泰科,10,0,10,華南永昌-潮州,2023-12-06,9328
8916,光隆,10,0,10,華南永昌-潮州,2023-12-06,9328
2606,裕民,16,7,9,華南永昌-潮州,2023-12-06,9328
6186,新潤,9,0,9,華南永昌-潮州,2023-12-06,9328
2323,中環,8,0,8,華南永昌-潮州,2023-12-06,9328
5328,華容,11,3,8,華南永昌-潮州,2023-12-06,9328
5351,鈺創,9,1,8,華南永昌-潮州,2023-12-06,9328
2303,聯電,11,4,7,華南永昌-潮州,2023-12-06,9328
2371,大同,8,1,7,華南永昌-潮州,2023-12-06,9328
2419,仲琦,8,1,7,華南永昌-潮州,2023-12-06,9328
00919,群益台灣精選高息,292,0,292,華南永昌-潮州,2023-12-07,9328
00937B,群益ESG投等債20,200,3,197,華南永昌-潮州,2023-12-07,9328
2353,宏��,101,2,99,華南永昌-潮州,2023-12-07,9328
2612,中航,92,4,88,華南永昌-潮州,2023-12-07,9328
00680L,元大美債20正2,68,0,68,華南永昌-潮州,2023-12-07,9328
00679B,元大美債20年,65,2,63,華南永昌-潮州,2023-12-07,9328
00712,復華富時不動產,57,0,57,華南永昌-潮州,2023-12-07,9328
00918,大華優利高填息30,54,0,54,華南永昌-潮州,2023-12-07,9328
00632R,元大台灣50反1,50,0,50,華南永昌-潮州,2023-12-07,9328
00715L,期街口布蘭特正2,46,0,46,華南永昌-潮州,2023-12-07,9328
3481,群創,40,3,37,華南永昌-潮州,2023-12-07,9328
1717,長興,32,0,32,華南永昌-潮州,2023-12-07,9328
2303,聯電,31,0,31,華南永昌-潮州,2023-12-07,9328
1612,宏泰,31,0,31,華南永昌-潮州,2023-12-07,9328
6125,廣運,31,1,30,華南永昌-潮州,2023-12-07,9328
4161,聿新科,29,0,29,華南永昌-潮州,2023-12-07,9328
8033,雷虎,29,0,29,華南永昌-潮州,2023-12-07,9328
2399,映泰,66,40,26,華南永昌-潮州,2023-12-07,9328
2358,廷鑫,23,0,23,華南永昌-潮州,2023-12-07,9328
00882,中信中國高股息,20,0,20,華南永昌-潮州,2023-12-07,9328
3027,盛達,22,2,20,華南永昌-潮州,2023-12-07,9328
3260,威剛,22,3,19,華南永昌-潮州,2023-12-07,9328
2363,矽統,24,5,19,華南永昌-潮州,2023-12-07,9328
00931B,統一美債20年,18,1,17,華南永昌-潮州,2023-12-07,9328
4908,前鼎,17,1,16,華南永昌-潮州,2023-12-07,9328
00929,復華台灣科技優息,15,1,14,華南永昌-潮州,2023-12-07,9328
6126,信音,14,0,14,華南永昌-潮州,2023-12-07,9328
6139,亞翔,11,0,11,華南永昌-潮州,2023-12-07,9328
00902,中信電池及儲能,16,5,11,華南永昌-潮州,2023-12-07,9328
6112,邁達特,11,0,11,華南永昌-潮州,2023-12-07,9328
00922,國泰台灣領袖50,11,0,11,華南永昌-潮州,2023-12-07,9328
00665L,富邦�琤肭磪囓�2,11,0,11,華南永昌-潮州,2023-12-07,9328
2486,一詮,11,0,11,華南永昌-潮州,2023-12-07,9328
2611,志信,64,53,11,華南永昌-潮州,2023-12-07,9328
3715,定穎投控,26,15,11,華南永昌-潮州,2023-12-07,9328
1522,堤維西,41,30,11,華南永昌-潮州,2023-12-07,9328
00642U,期元大S＆P石油,10,0,10,華南永昌-潮州,2023-12-07,9328
1718,中纖,10,0,10,華南永昌-潮州,2023-12-07,9328
2359,所羅門,11,1,10,華南永昌-潮州,2023-12-07,9328
3122,笙泉,10,0,10,華南永昌-潮州,2023-12-07,9328
1605,華新,10,1,9,華南永昌-潮州,2023-12-07,9328
8054,安國,20,11,9,華南永昌-潮州,2023-12-07,9328
2371,大同,13,5,8,華南永昌-潮州,2023-12-07,9328
2419,仲琦,14,6,8,華南永昌-潮州,2023-12-07,9328
2613,中櫃,8,0,8,華南永昌-潮州,2023-12-07,9328
2889,國票金,8,0,8,華南永昌-潮州,2023-12-07,9328
3491,昇達科,10,2,8,華南永昌-潮州,2023-12-07,9328
6243,迅杰,29,21,8,華南永昌-潮州,2023-12-07,9328
6462,神盾,28,20,8,華南永昌-潮州,2023-12-07,9328
6753,龍德造船,8,0,8,華南永昌-潮州,2023-12-07,9328
6125,廣運,173,30,143,華南永昌-潮州,2023-12-08,9328
00919,群益台灣精選高息,139,3,136,華南永昌-潮州,2023-12-08,9328
2611,志信,130,16,114,華南永昌-潮州,2023-12-08,9328
2867,三商壽,66,0,66,華南永昌-潮州,2023-12-08,9328
6148,驊宏資,54,1,53,華南永昌-潮州,2023-12-08,9328
4167,松瑞藥,40,0,40,華南永昌-潮州,2023-12-08,9328
2618,長榮航,198,159,39,華南永昌-潮州,2023-12-08,9328
00632R,元大台灣50反1,33,0,33,華南永昌-潮州,2023-12-08,9328
2314,台揚,33,1,32,華南永昌-潮州,2023-12-08,9328
00882,中信中國高股息,31,0,31,華南永昌-潮州,2023-12-08,9328
6207,雷科,30,0,30,華南永昌-潮州,2023-12-08,9328
1608,華榮,32,3,29,華南永昌-潮州,2023-12-08,9328
3078,僑威,52,26,26,華南永昌-潮州,2023-12-08,9328
2605,新興,92,68,24,華南永昌-潮州,2023-12-08,9328
2358,廷鑫,25,1,24,華南永昌-潮州,2023-12-08,9328
8150,南茂,23,0,23,華南永昌-潮州,2023-12-08,9328
1514,亞力,41,21,20,華南永昌-潮州,2023-12-08,9328
00679B,元大美債20年,17,0,17,華南永昌-潮州,2023-12-08,9328
00687B,國泰20年美債,17,1,16,華南永昌-潮州,2023-12-08,9328
1618,合機,26,11,15,華南永昌-潮州,2023-12-08,9328
1612,宏泰,15,2,13,華南永昌-潮州,2023-12-08,9328
6243,迅杰,15,2,13,華南永昌-潮州,2023-12-08,9328
2409,友達,13,0,13,華南永昌-潮州,2023-12-08,9328
1513,中興電,12,0,12,華南永昌-潮州,2023-12-08,9328
3006,晶豪科,18,6,12,華南永昌-潮州,2023-12-08,9328
4977,眾達-KY,12,0,12,華南永昌-潮州,2023-12-08,9328
2331,精英,12,0,12,華南永昌-潮州,2023-12-08,9328
00712,復華富時不動產,10,0,10,華南永昌-潮州,2023-12-08,9328
00933B,國泰10Y+金融債,10,0,10,華南永昌-潮州,2023-12-08,9328
2495,普安,10,0,10,華南永昌-潮州,2023-12-08,9328
3058,立德,10,0,10,華南永昌-潮州,2023-12-08,9328
3499,環天科,10,0,10,華南永昌-潮州,2023-12-08,9328
8034,榮群,20,10,10,華南永昌-潮州,2023-12-08,9328
8358,金居,11,1,10,華南永昌-潮州,2023-12-08,9328
6592B,和潤企業乙特,9,0,9,華南永昌-潮州,2023-12-08,9328
8940,新天地,10,1,9,華南永昌-潮州,2023-12-08,9328
00937B,群益ESG投等債20,29,21,8,華南永昌-潮州,2023-12-08,9328
2634,漢翔,11,3,8,華南永昌-潮州,2023-12-08,9328
6233,旺玖,10,2,8,華南永昌-潮州,2023-12-08,9328
2376,技嘉,19,11,8,華南永昌-潮州,2023-12-08,9328
2453,凌群,18,10,8,華南永昌-潮州,2023-12-08,9328
00665L,富邦�琤肭磪囓�2,17,10,7,華南永昌-潮州,2023-12-08,9328
00751B,元大AAA至A公司債,7,0,7,華南永昌-潮州,2023-12-08,9328
1325,恆大,7,0,7,華南永昌-潮州,2023-12-08,9328
2329,華泰,30,23,7,華南永昌-潮州,2023-12-08,9328
2888,新光金,7,0,7,華南永昌-潮州,2023-12-08,9328
00934,中信成長高股息,6,0,6,華南永昌-潮州,2023-12-08,9328
6523,達爾膚,5,0,5,華南永昌-潮州,2023-12-08,9328
00878,國泰永續高股息,10,5,5,華南永昌-潮州,2023-12-08,9328
1201,味全,5,0,5,華南永昌-潮州,2023-12-08,9328
00919,群益台灣精選高息,227,11,216,華南永昌-潮州,2023-12-11,9328
1905,華紙,107,0,107,華南永昌-潮州,2023-12-11,9328
2888,新光金,99,0,99,華南永昌-潮州,2023-12-11,9328
2618,長榮航,119,38,81,華南永昌-潮州,2023-12-11,9328
00882,中信中國高股息,53,0,53,華南永昌-潮州,2023-12-11,9328
8096,擎亞,58,6,52,華南永昌-潮州,2023-12-11,9328
1907,永豐餘,50,0,50,華南永昌-潮州,2023-12-11,9328
8110,華東,50,0,50,華南永昌-潮州,2023-12-11,9328
2356,英業達,32,0,32,華南永昌-潮州,2023-12-11,9328
1815,富喬,41,12,29,華南永昌-潮州,2023-12-11,9328
5355,佳總,30,1,29,華南永昌-潮州,2023-12-11,9328
00918,大華優利高填息30,28,0,28,華南永昌-潮州,2023-12-11,9328
2314,台揚,27,0,27,華南永昌-潮州,2023-12-11,9328
2516,新建,27,0,27,華南永昌-潮州,2023-12-11,9328
2605,新興,67,40,27,華南永昌-潮州,2023-12-11,9328
00687B,國泰20年美債,31,4,27,華南永昌-潮州,2023-12-11,9328
1314,中石化,26,1,25,華南永昌-潮州,2023-12-11,9328
2816,旺旺保,34,9,25,華南永昌-潮州,2023-12-11,9328
5351,鈺創,46,22,24,華南永昌-潮州,2023-12-11,9328
2495,普安,20,0,20,華南永昌-潮州,2023-12-11,9328
3010,華立,20,0,20,華南永昌-潮州,2023-12-11,9328
1909,榮成,20,1,19,華南永昌-潮州,2023-12-11,9328
00720B,元大投資級公司債,17,0,17,華南永昌-潮州,2023-12-11,9328
2367,燿華,17,0,17,華南永昌-潮州,2023-12-11,9328
1514,亞力,70,54,16,華南永昌-潮州,2023-12-11,9328
2002,中鋼,15,0,15,華南永昌-潮州,2023-12-11,9328
2641,正德,27,12,15,華南永昌-潮州,2023-12-11,9328
3041,揚智,19,4,15,華南永昌-潮州,2023-12-11,9328
3149,正達,14,0,14,華南永昌-潮州,2023-12-11,9328
6139,亞翔,17,3,14,華南永昌-潮州,2023-12-11,9328
6282,康舒,28,15,13,華南永昌-潮州,2023-12-11,9328
2543,皇昌,20,8,12,華南永昌-潮州,2023-12-11,9328
1721,三晃,12,0,12,華南永昌-潮州,2023-12-11,9328
2365,昆盈,13,1,12,華南永昌-潮州,2023-12-11,9328
2440,太空梭,12,0,12,華南永昌-潮州,2023-12-11,9328
2606,裕民,22,10,12,華南永昌-潮州,2023-12-11,9328
1312,國喬,11,0,11,華南永昌-潮州,2023-12-11,9328
00934,中信成長高股息,11,0,11,華南永昌-潮州,2023-12-11,9328
2388,威盛,25,15,10,華南永昌-潮州,2023-12-11,9328
4977,眾達-KY,10,0,10,華南永昌-潮州,2023-12-11,9328
00680L,元大美債20正2,10,0,10,華南永昌-潮州,2023-12-11,9328
00931B,統一美債20年,10,0,10,華南永昌-潮州,2023-12-11,9328
2344,華邦電,12,2,10,華南永昌-潮州,2023-12-11,9328
3230,錦明,10,0,10,華南永昌-潮州,2023-12-11,9328
3438,類比科,10,0,10,華南永昌-潮州,2023-12-11,9328
5388,中磊,12,2,10,華南永昌-潮州,2023-12-11,9328
6241,易通展,10,0,10,華南永昌-潮州,2023-12-11,9328
4966,譜瑞-KY,10,0,10,華南永昌-潮州,2023-12-11,9328
2109,華豐,9,0,9,華南永昌-潮州,2023-12-11,9328
1515,力山,10,2,8,華南永昌-潮州,2023-12-11,9328
6125,廣運,161,14,147,華南永昌-潮州,2023-12-12,9328
00918,大華優利高填息30,107,0,107,華南永昌-潮州,2023-12-12,9328
1608,華榮,86,10,76,華南永昌-潮州,2023-12-12,9328
6285,啟��,87,31,56,華南永昌-潮州,2023-12-12,9328
00688L,國泰20年美債正2,56,0,56,華南永昌-潮州,2023-12-12,9328
2605,新興,57,17,40,華南永昌-潮州,2023-12-12,9328
5388,中磊,34,0,34,華南永昌-潮州,2023-12-12,9328
2888,新光金,28,0,28,華南永昌-潮州,2023-12-12,9328
2002,中鋼,26,1,25,華南永昌-潮州,2023-12-12,9328
3481,群創,31,6,25,華南永昌-潮州,2023-12-12,9328
00937B,群益ESG投等債20,24,0,24,華南永昌-潮州,2023-12-12,9328
3231,緯創,34,13,21,華南永昌-潮州,2023-12-12,9328
6207,雷科,22,1,21,華南永昌-潮州,2023-12-12,9328
00919,群益台灣精選高息,36,17,19,華南永昌-潮州,2023-12-12,9328
6139,亞翔,30,11,19,華南永昌-潮州,2023-12-12,9328
9950,萬國通,17,0,17,華南永昌-潮州,2023-12-12,9328
5309,系統電,16,0,16,華南永昌-潮州,2023-12-12,9328
2615,萬海,36,21,15,華南永昌-潮州,2023-12-12,9328
2340,台亞,14,0,14,華南永昌-潮州,2023-12-12,9328
6290,良維,14,2,12,華南永昌-潮州,2023-12-12,9328
2314,台揚,12,1,11,華南永昌-潮州,2023-12-12,9328
2883,凱基金,21,10,11,華南永昌-潮州,2023-12-12,9328
2388,威盛,30,19,11,華南永昌-潮州,2023-12-12,9328
00905,FT臺灣Smart,10,0,10,華南永昌-潮州,2023-12-12,9328
1504,東元,10,0,10,華南永昌-潮州,2023-12-12,9328
2495,普安,10,0,10,華南永昌-潮州,2023-12-12,9328
00665L,富邦�琤肭磪囓�2,10,0,10,華南永昌-潮州,2023-12-12,9328
1314,中石化,10,0,10,華南永昌-潮州,2023-12-12,9328
3041,揚智,12,2,10,華南永昌-潮州,2023-12-12,9328
3078,僑威,14,4,10,華南永昌-潮州,2023-12-12,9328
3615,安可,10,0,10,華南永昌-潮州,2023-12-12,9328
4908,前鼎,30,20,10,華南永昌-潮州,2023-12-12,9328
6558,興能高,10,0,10,華南永昌-潮州,2023-12-12,9328
6668,中揚光,12,2,10,華南永昌-潮州,2023-12-12,9328
2867,三商壽,11,1,10,華南永昌-潮州,2023-12-12,9328
00679B,元大美債20年,17,7,10,華南永昌-潮州,2023-12-12,9328
00751B,元大AAA至A公司債,10,1,9,華南永昌-潮州,2023-12-12,9328
3308,聯德,9,0,9,華南永昌-潮州,2023-12-12,9328
00933B,國泰10Y+金融債,9,0,9,華南永昌-潮州,2023-12-12,9328
2358,廷鑫,9,0,9,華南永昌-潮州,2023-12-12,9328
8011,台通,10,1,9,華南永昌-潮州,2023-12-12,9328
8068,全達,9,0,9,華南永昌-潮州,2023-12-12,9328
4702,中美實,8,0,8,華南永昌-潮州,2023-12-12,9328
00687B,國泰20年美債,9,1,8,華南永昌-潮州,2023-12-12,9328
2376,技嘉,21,14,7,華南永昌-潮州,2023-12-12,9328
1618,合機,71,64,7,華南永昌-潮州,2023-12-12,9328
2409,友達,8,1,7,華南永昌-潮州,2023-12-12,9328
3687,歐買尬,7,0,7,華南永昌-潮州,2023-12-12,9328
3694,海華,11,4,7,華南永昌-潮州,2023-12-12,9328
3710,連展投控,7,0,7,華南永昌-潮州,2023-12-12,9328
2606,裕民,202,2,200,華南永昌-潮州,2023-12-13,9328
2330,台積電,100,0,100,華南永昌-潮州,2023-12-13,9328
00937B,群益ESG投等債20,84,0,84,華南永昌-潮州,2023-12-13,9328
00918,大華優利高填息30,67,1,66,華南永昌-潮州,2023-12-13,9328
00715L,期街口布蘭特正2,53,1,52,華南永昌-潮州,2023-12-13,9328
2515,中工,80,37,43,華南永昌-潮州,2023-12-13,9328
00933B,國泰10Y+金融債,43,1,42,華南永昌-潮州,2023-12-13,9328
4161,聿新科,40,0,40,華南永昌-潮州,2023-12-13,9328
2419,仲琦,97,60,37,華南永昌-潮州,2023-12-13,9328
3390,旭軟,30,0,30,華南永昌-潮州,2023-12-13,9328
00919,群益台灣精選高息,123,100,23,華南永昌-潮州,2023-12-13,9328
00720B,元大投資級公司債,25,2,23,華南永昌-潮州,2023-12-13,9328
3047,訊舟,28,6,22,華南永昌-潮州,2023-12-13,9328
00637L,元大滬深300正2,20,0,20,華南永昌-潮州,2023-12-13,9328
2371,大同,20,2,18,華南永昌-潮州,2023-12-13,9328
2002,中鋼,15,0,15,華南永昌-潮州,2023-12-13,9328
9912,偉聯,15,0,15,華南永昌-潮州,2023-12-13,9328
1608,華榮,14,0,14,華南永昌-潮州,2023-12-13,9328
2883,凱基金,14,0,14,華南永昌-潮州,2023-12-13,9328
00687B,國泰20年美債,14,0,14,華南永昌-潮州,2023-12-13,9328
2888,新光金,13,0,13,華南永昌-潮州,2023-12-13,9328
00934,中信成長高股息,23,10,13,華南永昌-潮州,2023-12-13,9328
3623,富晶通,12,0,12,華南永昌-潮州,2023-12-13,9328
2601,益航,11,0,11,華南永昌-潮州,2023-12-13,9328
6139,亞翔,17,6,11,華南永昌-潮州,2023-12-13,9328
6290,良維,10,0,10,華南永昌-潮州,2023-12-13,9328
00753L,中信中國50正2,10,0,10,華南永昌-潮州,2023-12-13,9328
2392,正崴,20,10,10,華南永昌-潮州,2023-12-13,9328
2547,日勝生,10,0,10,華南永昌-潮州,2023-12-13,9328
5515,建國,14,4,10,華南永昌-潮州,2023-12-13,9328
6547,高端疫苗,10,0,10,華南永昌-潮州,2023-12-13,9328
00882,中信中國高股息,9,0,9,華南永昌-潮州,2023-12-13,9328
5608,四維航,9,0,9,華南永昌-潮州,2023-12-13,9328
00642U,期元大S＆P石油,8,0,8,華南永昌-潮州,2023-12-13,9328
2634,漢翔,13,5,8,華南永昌-潮州,2023-12-13,9328
6122,擎邦,8,0,8,華南永昌-潮州,2023-12-13,9328
6125,廣運,9,1,8,華南永昌-潮州,2023-12-13,9328
8054,安國,16,8,8,華南永昌-潮州,2023-12-13,9328
2376,技嘉,12,5,7,華南永昌-潮州,2023-12-13,9328
1584,精剛,9,2,7,華南永昌-潮州,2023-12-13,9328
2399,映泰,24,17,7,華南永昌-潮州,2023-12-13,9328
6282,康舒,17,10,7,華南永昌-潮州,2023-12-13,9328
1609,大亞,10,4,6,華南永昌-潮州,2023-12-13,9328
00713,元大台灣高息低波,8,2,6,華南永昌-潮州,2023-12-13,9328
3035,智原,7,1,6,華南永昌-潮州,2023-12-13,9328
5258,虹堡,6,0,6,華南永昌-潮州,2023-12-13,9328
00931B,統一美債20年,6,0,6,華南永昌-潮州,2023-12-13,9328
2482,連宇,7,1,6,華南永昌-潮州,2023-12-13,9328
2615,萬海,9,3,6,華南永昌-潮州,2023-12-13,9328
3078,僑威,10,4,6,華南永昌-潮州,2023-12-13,9328
00688L,國泰20年美債正2,472,7,465,華南永昌-潮州,2023-12-14,9328
00937B,群益ESG投等債20,145,0,145,華南永昌-潮州,2023-12-14,9328
2419,仲琦,130,42,88,華南永昌-潮州,2023-12-14,9328
2002,中鋼,105,26,79,華南永昌-潮州,2023-12-14,9328
2890,永豐金,60,1,59,華南永昌-潮州,2023-12-14,9328
2867,三商壽,50,4,46,華南永昌-潮州,2023-12-14,9328
00919,群益台灣精選高息,87,51,36,華南永昌-潮州,2023-12-14,9328
00934,中信成長高股息,32,0,32,華南永昌-潮州,2023-12-14,9328
00632R,元大台灣50反1,31,0,31,華南永昌-潮州,2023-12-14,9328
00637L,元大滬深300正2,30,0,30,華南永昌-潮州,2023-12-14,9328
3406,玉晶光,35,6,29,華南永昌-潮州,2023-12-14,9328
00679B,元大美債20年,30,2,28,華南永昌-潮州,2023-12-14,9328
00936,台新永續高息中小,28,0,28,華南永昌-潮州,2023-12-14,9328
00715L,期街口布蘭特正2,41,15,26,華南永昌-潮州,2023-12-14,9328
3025,星通,26,0,26,華南永昌-潮州,2023-12-14,9328
2515,中工,25,1,24,華南永昌-潮州,2023-12-14,9328
5512,力麒,24,0,24,華南永昌-潮州,2023-12-14,9328
00680L,元大美債20正2,23,0,23,華南永昌-潮州,2023-12-14,9328
00753L,中信中國50正2,20,0,20,華南永昌-潮州,2023-12-14,9328
1785,光洋科,20,0,20,華南永昌-潮州,2023-12-14,9328
2365,昆盈,110,92,18,華南永昌-潮州,2023-12-14,9328
8110,華東,18,0,18,華南永昌-潮州,2023-12-14,9328
1522,堤維西,30,13,17,華南永昌-潮州,2023-12-14,9328
2449,京元電子,24,7,17,華南永昌-潮州,2023-12-14,9328
00665L,富邦�琤肭磪囓�2,15,0,15,華南永昌-潮州,2023-12-14,9328
00751B,元大AAA至A公司債,15,0,15,華南永昌-潮州,2023-12-14,9328
2314,台揚,18,3,15,華南永昌-潮州,2023-12-14,9328
2889,國票金,15,0,15,華南永昌-潮州,2023-12-14,9328
5521,工信,17,2,15,華南永昌-潮州,2023-12-14,9328
6243,迅杰,44,30,14,華南永昌-潮州,2023-12-14,9328
9950,萬國通,14,0,14,華南永昌-潮州,2023-12-14,9328
2367,燿華,15,1,14,華南永昌-潮州,2023-12-14,9328
00687B,國泰20年美債,14,1,13,華南永昌-潮州,2023-12-14,9328
3481,群創,13,0,13,華南永昌-潮州,2023-12-14,9328
00933B,國泰10Y+金融債,13,0,13,華南永昌-潮州,2023-12-14,9328
3346,麗清,21,8,13,華南永昌-潮州,2023-12-14,9328
6770,力積電,13,0,13,華南永昌-潮州,2023-12-14,9328
2516,新建,12,0,12,華南永昌-潮州,2023-12-14,9328
3019,亞光,12,0,12,華南永昌-潮州,2023-12-14,9328
3041,揚智,113,101,12,華南永昌-潮州,2023-12-14,9328
5432,新門,15,3,12,華南永昌-潮州,2023-12-14,9328
2454,聯發科,12,0,12,華南永昌-潮州,2023-12-14,9328
2486,一詮,14,2,12,華南永昌-潮州,2023-12-14,9328
9919,康那香,12,1,11,華南永昌-潮州,2023-12-14,9328
00720B,元大投資級公司債,23,12,11,華南永昌-潮州,2023-12-14,9328
2547,日勝生,11,0,11,華南永昌-潮州,2023-12-14,9328
2618,長榮航,11,0,11,華南永昌-潮州,2023-12-14,9328
8150,南茂,22,11,11,華南永昌-潮州,2023-12-14,9328
00882,中信中國高股息,12,2,10,華南永昌-潮州,2023-12-14,9328
00673R,期元大S＆P原油反1,10,0,10,華南永昌-潮州,2023-12-14,9328
00680L,元大美債20正2,85,5,80,華南永昌-潮州,2023-12-15,9328
2363,矽統,128,52,76,華南永昌-潮州,2023-12-15,9328
2801,彰銀,76,0,76,華南永昌-潮州,2023-12-15,9328
2023,燁輝,60,6,54,華南永昌-潮州,2023-12-15,9328
00687B,國泰20年美債,46,2,44,華南永昌-潮州,2023-12-15,9328
2027,大成鋼,86,43,43,華南永昌-潮州,2023-12-15,9328
00937B,群益ESG投等債20,35,3,32,華南永昌-潮州,2023-12-15,9328
00679B,元大美債20年,22,0,22,華南永昌-潮州,2023-12-15,9328
00936,台新永續高息中小,27,7,20,華南永昌-潮州,2023-12-15,9328
6108,競國,20,0,20,華南永昌-潮州,2023-12-15,9328
6414,樺漢,20,0,20,華南永昌-潮州,2023-12-15,9328
1101,台泥,19,1,18,華南永昌-潮州,2023-12-15,9328
00688L,國泰20年美債正2,18,1,17,華南永昌-潮州,2023-12-15,9328
00673R,期元大S＆P原油反1,15,0,15,華南永昌-潮州,2023-12-15,9328
6443,元晶,21,6,15,華南永昌-潮州,2023-12-15,9328
00929,復華台灣科技優息,101,91,10,華南永昌-潮州,2023-12-15,9328
00719B,元大美債1-3,10,0,10,華南永昌-潮州,2023-12-15,9328
00665L,富邦�琤肭磪囓�2,10,0,10,華南永昌-潮州,2023-12-15,9328
1802,台玻,10,0,10,華南永昌-潮州,2023-12-15,9328
9941,裕融,10,0,10,華南永昌-潮州,2023-12-15,9328
00706L,期元大S＆P日圓正2,9,0,9,華南永昌-潮州,2023-12-15,9328
5258,虹堡,9,0,9,華南永昌-潮州,2023-12-15,9328
6290,良維,9,0,9,華南永昌-潮州,2023-12-15,9328
6592B,和潤企業乙特,9,0,9,華南永昌-潮州,2023-12-15,9328
1513,中興電,9,0,9,華南永昌-潮州,2023-12-15,9328
3715,定穎投控,13,5,8,華南永昌-潮州,2023-12-15,9328
3230,錦明,8,0,8,華南永昌-潮州,2023-12-15,9328
4167,松瑞藥,12,4,8,華南永昌-潮州,2023-12-15,9328
6118,建達,8,0,8,華南永昌-潮州,2023-12-15,9328
8110,華東,8,0,8,華南永昌-潮州,2023-12-15,9328
3094,聯傑,12,4,8,華南永昌-潮州,2023-12-15,9328
00882,中信中國高股息,7,0,7,華南永昌-潮州,2023-12-15,9328
6672,騰輝電子-KY,7,0,7,華南永昌-潮州,2023-12-15,9328
3526,凡甲,6,0,6,華南永昌-潮州,2023-12-15,9328
3583,辛耘,6,0,6,華南永昌-潮州,2023-12-15,9328
4533,協易機,7,1,6,華南永昌-潮州,2023-12-15,9328
5328,華容,6,0,6,華南永昌-潮州,2023-12-15,9328
6005,群益證,6,0,6,華南永昌-潮州,2023-12-15,9328
3035,智原,7,2,5,華南永昌-潮州,2023-12-15,9328
1584,精剛,15,10,5,華南永昌-潮州,2023-12-15,9328
00927,群益半導體收益,5,0,5,華南永昌-潮州,2023-12-15,9328
00637L,元大滬深300正2,5,0,5,華南永昌-潮州,2023-12-15,9328
1109,信大,5,0,5,華南永昌-潮州,2023-12-15,9328
1325,恆大,6,1,5,華南永昌-潮州,2023-12-15,9328
2302,麗正,5,0,5,華南永昌-潮州,2023-12-15,9328
2734,易飛網,5,0,5,華南永昌-潮州,2023-12-15,9328
2889,國票金,5,0,5,華南永昌-潮州,2023-12-15,9328
3372,典範,6,1,5,華南永昌-潮州,2023-12-15,9328
3666,光耀,5,0,5,華南永昌-潮州,2023-12-15,9328
5210,寶碩,5,0,5,華南永昌-潮州,2023-12-15,9328
00919,群益台灣精選高息,315,3,312,華南永昌-潮州,2023-12-18,9328
2801,彰銀,100,0,100,華南永昌-潮州,2023-12-18,9328
2211,長榮鋼,86,9,77,華南永昌-潮州,2023-12-18,9328
6176,瑞儀,54,0,54,華南永昌-潮州,2023-12-18,9328
00687B,國泰20年美債,56,5,51,華南永昌-潮州,2023-12-18,9328
00929,復華台灣科技優息,77,29,48,華南永昌-潮州,2023-12-18,9328
2641,正德,71,23,48,華南永昌-潮州,2023-12-18,9328
00680L,元大美債20正2,56,11,45,華南永昌-潮州,2023-12-18,9328
00720B,元大投資級公司債,42,0,42,華南永昌-潮州,2023-12-18,9328
2618,長榮航,49,14,35,華南永昌-潮州,2023-12-18,9328
2363,矽統,68,37,31,華南永昌-潮州,2023-12-18,9328
2606,裕民,44,15,29,華南永昌-潮州,2023-12-18,9328
00688L,國泰20年美債正2,36,8,28,華南永昌-潮州,2023-12-18,9328
1605,華新,66,43,23,華南永昌-潮州,2023-12-18,9328
5515,建國,23,0,23,華南永昌-潮州,2023-12-18,9328
2419,仲琦,23,1,22,華南永昌-潮州,2023-12-18,9328
3710,連展投控,22,0,22,華南永昌-潮州,2023-12-18,9328
4714,永捷,21,0,21,華南永昌-潮州,2023-12-18,9328
2601,益航,19,0,19,華南永昌-潮州,2023-12-18,9328
2355,敬鵬,22,6,16,華南永昌-潮州,2023-12-18,9328
2605,新興,32,16,16,華南永昌-潮州,2023-12-18,9328
3380,明泰,19,3,16,華南永昌-潮州,2023-12-18,9328
6592B,和潤企業乙特,16,0,16,華南永昌-潮州,2023-12-18,9328
00751B,元大AAA至A公司債,15,0,15,華南永昌-潮州,2023-12-18,9328
020032,元大綠能N,15,0,15,華南永昌-潮州,2023-12-18,9328
6153,嘉聯益,15,0,15,華南永昌-潮州,2023-12-18,9328
3189,景碩,15,0,15,華南永昌-潮州,2023-12-18,9328
2027,大成鋼,15,1,14,華南永昌-潮州,2023-12-18,9328
6125,廣運,15,1,14,華南永昌-潮州,2023-12-18,9328
00706L,期元大S＆P日圓正2,12,0,12,華南永昌-潮州,2023-12-18,9328
1612,宏泰,13,1,12,華南永昌-潮州,2023-12-18,9328
1529,樂事綠能,11,0,11,華南永昌-潮州,2023-12-18,9328
1905,華紙,16,5,11,華南永昌-潮州,2023-12-18,9328
6270,倍微,11,0,11,華南永昌-潮州,2023-12-18,9328
2371,大同,10,0,10,華南永昌-潮州,2023-12-18,9328
1439,雋揚,10,0,10,華南永昌-潮州,2023-12-18,9328
6108,競國,10,0,10,華南永昌-潮州,2023-12-18,9328
6180,橘子,10,0,10,華南永昌-潮州,2023-12-18,9328
8916,光隆,10,0,10,華南永昌-潮州,2023-12-18,9328
00882,中信中國高股息,9,0,9,華南永昌-潮州,2023-12-18,9328
2449,京元電子,9,0,9,華南永昌-潮州,2023-12-18,9328
6547,高端疫苗,10,1,9,華南永昌-潮州,2023-12-18,9328
2201,裕隆,14,6,8,華南永昌-潮州,2023-12-18,9328
00931B,統一美債20年,8,0,8,華南永昌-潮州,2023-12-18,9328
5426,振發,11,3,8,華南永昌-潮州,2023-12-18,9328
9919,康那香,9,1,8,華南永昌-潮州,2023-12-18,9328
00632R,元大台灣50反1,7,0,7,華南永昌-潮州,2023-12-18,9328
2612,中航,7,0,7,華南永昌-潮州,2023-12-18,9328
2617,台航,7,0,7,華南永昌-潮州,2023-12-18,9328
3706,神達,7,0,7,華南永昌-潮州,2023-12-18,9328
2801,彰銀,217,0,217,華南永昌-潮州,2023-12-19,9328
2363,矽統,213,8,205,華南永昌-潮州,2023-12-19,9328
5483,中美晶,90,1,89,華南永昌-潮州,2023-12-19,9328
00919,群益台灣精選高息,80,28,52,華南永昌-潮州,2023-12-19,9328
00937B,群益ESG投等債20,54,4,50,華南永昌-潮州,2023-12-19,9328
00680L,元大美債20正2,53,11,42,華南永昌-潮州,2023-12-19,9328
2031,新光鋼,59,19,40,華南永昌-潮州,2023-12-19,9328
00929,復華台灣科技優息,82,46,36,華南永昌-潮州,2023-12-19,9328
2356,英業達,42,9,33,華南永昌-潮州,2023-12-19,9328
4714,永捷,30,0,30,華南永昌-潮州,2023-12-19,9328
2014,中鴻,82,55,27,華南永昌-潮州,2023-12-19,9328
00665L,富邦�琤肭磪囓�2,25,0,25,華南永昌-潮州,2023-12-19,9328
1815,富喬,20,0,20,華南永昌-潮州,2023-12-19,9328
2606,裕民,21,4,17,華南永昌-潮州,2023-12-19,9328
2610,華航,27,11,16,華南永昌-潮州,2023-12-19,9328
2618,長榮航,21,7,14,華南永昌-潮州,2023-12-19,9328
00706L,期元大S＆P日圓正2,14,0,14,華南永昌-潮州,2023-12-19,9328
00751B,元大AAA至A公司債,16,2,14,華南永昌-潮州,2023-12-19,9328
4915,致伸,14,0,14,華南永昌-潮州,2023-12-19,9328
2883,凱基金,13,0,13,華南永昌-潮州,2023-12-19,9328
00882,中信中國高股息,12,0,12,華南永昌-潮州,2023-12-19,9328
2002,中鋼,20,8,12,華南永昌-潮州,2023-12-19,9328
3276,宇環,27,15,12,華南永昌-潮州,2023-12-19,9328
00935,野村臺灣新科技50,11,0,11,華南永昌-潮州,2023-12-19,9328
2492,華新科,12,1,11,華南永昌-潮州,2023-12-19,9328
4977,眾達-KY,11,0,11,華南永昌-潮州,2023-12-19,9328
1734,杏輝,11,0,11,華南永昌-潮州,2023-12-19,9328
00632R,元大台灣50反1,10,0,10,華南永昌-潮州,2023-12-19,9328
2258,鴻華先進-創,10,0,10,華南永昌-潮州,2023-12-19,9328
4919,新唐,10,0,10,華南永昌-潮州,2023-12-19,9328
6770,力積電,9,0,9,華南永昌-潮州,2023-12-19,9328
00918,大華優利高填息30,10,1,9,華南永昌-潮州,2023-12-19,9328
2358,廷鑫,10,1,9,華南永昌-潮州,2023-12-19,9328
3710,連展投控,9,0,9,華南永昌-潮州,2023-12-19,9328
00795B,中信美國公債20年,8,0,8,華南永昌-潮州,2023-12-19,9328
2402,毅嘉,10,2,8,華南永昌-潮州,2023-12-19,9328
2888,新光金,8,0,8,華南永昌-潮州,2023-12-19,9328
3706,神達,8,0,8,華南永昌-潮州,2023-12-19,9328
2330,台積電,10,2,8,華南永昌-潮州,2023-12-19,9328
2887,台新金,7,0,7,華南永昌-潮州,2023-12-19,9328
2027,大成鋼,10,3,7,華南永昌-潮州,2023-12-19,9328
00679B,元大美債20年,8,1,7,華南永昌-潮州,2023-12-19,9328
00688L,國泰20年美債正2,7,0,7,華南永昌-潮州,2023-12-19,9328
1314,中石化,7,0,7,華南永昌-潮州,2023-12-19,9328
2605,新興,7,0,7,華南永昌-潮州,2023-12-19,9328
2734,易飛網,7,0,7,華南永昌-潮州,2023-12-19,9328
6244,茂迪,7,0,7,華南永昌-潮州,2023-12-19,9328
9950,萬國通,7,0,7,華南永昌-潮州,2023-12-19,9328
00687B,國泰20年美債,10,3,7,華南永昌-潮州,2023-12-19,9328
2409,友達,7,0,7,華南永昌-潮州,2023-12-19,9328
2801,彰銀,103,0,103,華南永昌-潮州,2023-12-20,9328
8096,擎亞,101,2,99,華南永昌-潮州,2023-12-20,9328
00680L,元大美債20正2,55,0,55,華南永昌-潮州,2023-12-20,9328
4714,永捷,49,0,49,華南永昌-潮州,2023-12-20,9328
00688L,國泰20年美債正2,40,0,40,華南永昌-潮州,2023-12-20,9328
4167,松瑞藥,31,0,31,華南永昌-潮州,2023-12-20,9328
2891,中信金,29,0,29,華南永昌-潮州,2023-12-20,9328
2314,台揚,20,0,20,華南永昌-潮州,2023-12-20,9328
2303,聯電,20,1,19,華南永昌-潮州,2023-12-20,9328
00937B,群益ESG投等債20,15,0,15,華南永昌-潮州,2023-12-20,9328
00715L,期街口布蘭特正2,20,5,15,華南永昌-潮州,2023-12-20,9328
2014,中鴻,63,49,14,華南永昌-潮州,2023-12-20,9328
00665L,富邦�琤肭磪囓�2,14,0,14,華南永昌-潮州,2023-12-20,9328
3047,訊舟,16,2,14,華南永昌-潮州,2023-12-20,9328
2889,國票金,13,0,13,華南永昌-潮州,2023-12-20,9328
00772B,中信高評級公司債,12,0,12,華南永昌-潮州,2023-12-20,9328
2739,寒舍,11,0,11,華南永昌-潮州,2023-12-20,9328
6789,采鈺,13,2,11,華南永昌-潮州,2023-12-20,9328
00632R,元大台灣50反1,10,0,10,華南永昌-潮州,2023-12-20,9328
1560,中砂,11,1,10,華南永昌-潮州,2023-12-20,9328
2108,南帝,10,0,10,華南永昌-潮州,2023-12-20,9328
6179,亞通,10,0,10,華南永昌-潮州,2023-12-20,9328
8916,光隆,10,0,10,華南永昌-潮州,2023-12-20,9328
6104,創惟,9,0,9,華南永昌-潮州,2023-12-20,9328
2365,昆盈,8,0,8,華南永昌-潮州,2023-12-20,9328
2722,夏都,11,3,8,華南永昌-潮州,2023-12-20,9328
2748,雲品,11,3,8,華南永昌-潮州,2023-12-20,9328
4142,國光生,8,0,8,華南永昌-潮州,2023-12-20,9328
8068,全達,10,2,8,華南永昌-潮州,2023-12-20,9328
00919,群益台灣精選高息,17,10,7,華南永昌-潮州,2023-12-20,9328
00724B,群益投資級金融債,7,0,7,華南永昌-潮州,2023-12-20,9328
2020,美亞,8,1,7,華南永昌-潮州,2023-12-20,9328
2408,南亞科,6,0,6,華南永昌-潮州,2023-12-20,9328
00933B,國泰10Y+金融債,6,0,6,華南永昌-潮州,2023-12-20,9328
1522,堤維西,25,19,6,華南永昌-潮州,2023-12-20,9328
2038,海光,7,1,6,華南永昌-潮州,2023-12-20,9328
2484,希華,6,0,6,華南永昌-潮州,2023-12-20,9328
3437,榮創,6,0,6,華南永昌-潮州,2023-12-20,9328
8112,至上,5,0,5,華南永昌-潮州,2023-12-20,9328
00921,兆豐龍頭等權重,5,0,5,華南永昌-潮州,2023-12-20,9328
00673R,期元大S＆P原油反1,5,0,5,華南永昌-潮州,2023-12-20,9328
1314,中石化,10,5,5,華南永昌-潮州,2023-12-20,9328
1603,華電,5,0,5,華南永昌-潮州,2023-12-20,9328
1815,富喬,26,21,5,華南永昌-潮州,2023-12-20,9328
2023,燁輝,6,1,5,華南永昌-潮州,2023-12-20,9328
5515,建國,5,0,5,華南永昌-潮州,2023-12-20,9328
6190,萬泰科,5,0,5,華南永昌-潮州,2023-12-20,9328
6277,宏正,5,0,5,華南永昌-潮州,2023-12-20,9328
6505,台塑化,5,0,5,華南永昌-潮州,2023-12-20,9328
8163,達方,5,0,5,華南永昌-潮州,2023-12-20,9328
2353,宏��,363,91,272,華南永昌-潮州,2023-12-21,9328
00919,群益台灣精選高息,195,7,188,華南永昌-潮州,2023-12-21,9328
00688L,國泰20年美債正2,162,6,156,華南永昌-潮州,2023-12-21,9328
2801,彰銀,105,0,105,華南永昌-潮州,2023-12-21,9328
8110,華東,53,5,48,華南永昌-潮州,2023-12-21,9328
00878,國泰永續高股息,42,3,39,華南永昌-潮州,2023-12-21,9328
00720B,元大投資級公司債,33,0,33,華南永昌-潮州,2023-12-21,9328
00687B,國泰20年美債,32,0,32,華南永昌-潮州,2023-12-21,9328
2363,矽統,29,1,28,華南永昌-潮州,2023-12-21,9328
5608,四維航,30,2,28,華南永昌-潮州,2023-12-21,9328
6442,光聖,24,0,24,華南永昌-潮州,2023-12-21,9328
6125,廣運,23,0,23,華南永昌-潮州,2023-12-21,9328
2323,中環,23,1,22,華南永昌-潮州,2023-12-21,9328
2882,國泰金,22,0,22,華南永昌-潮州,2023-12-21,9328
3027,盛達,20,0,20,華南永昌-潮州,2023-12-21,9328
6129,普誠,20,1,19,華南永昌-潮州,2023-12-21,9328
00937B,群益ESG投等債20,30,11,19,華南永昌-潮州,2023-12-21,9328
00715L,期街口布蘭特正2,26,10,16,華南永昌-潮州,2023-12-21,9328
3652,精聯,16,0,16,華南永昌-潮州,2023-12-21,9328
9919,康那香,72,58,14,華南永昌-潮州,2023-12-21,9328
1504,東元,13,0,13,華南永昌-潮州,2023-12-21,9328
6180,橘子,13,0,13,華南永昌-潮州,2023-12-21,9328
6443,元晶,13,1,12,華南永昌-潮州,2023-12-21,9328
0056,元大高股息,14,2,12,華南永昌-潮州,2023-12-21,9328
2883,凱基金,11,0,11,華南永昌-潮州,2023-12-21,9328
00900,富邦特選高股息30,13,2,11,華南永昌-潮州,2023-12-21,9328
1101,台泥,11,0,11,華南永昌-潮州,2023-12-21,9328
2362,藍天,12,1,11,華南永昌-潮州,2023-12-21,9328
3338,泰碩,17,6,11,華南永昌-潮州,2023-12-21,9328
3380,明泰,11,0,11,華南永昌-潮州,2023-12-21,9328
5521,工信,16,5,11,華南永昌-潮州,2023-12-21,9328
2014,中鴻,20,9,11,華南永昌-潮州,2023-12-21,9328
2354,鴻準,10,0,10,華南永昌-潮州,2023-12-21,9328
2392,正崴,10,0,10,華南永昌-潮州,2023-12-21,9328
2630,亞航,10,0,10,華南永昌-潮州,2023-12-21,9328
3033,威健,10,0,10,華南永昌-潮州,2023-12-21,9328
3038,全台,10,0,10,華南永昌-潮州,2023-12-21,9328
8054,安國,48,38,10,華南永昌-潮州,2023-12-21,9328
2201,裕隆,9,0,9,華南永昌-潮州,2023-12-21,9328
1612,宏泰,10,1,9,華南永昌-潮州,2023-12-21,9328
2472,立隆電,9,0,9,華南永昌-潮州,2023-12-21,9328
2634,漢翔,20,11,9,華南永昌-潮州,2023-12-21,9328
6592B,和潤企業乙特,9,0,9,華南永昌-潮州,2023-12-21,9328
00929,復華台灣科技優息,22,14,8,華南永昌-潮州,2023-12-21,9328
00934,中信成長高股息,8,0,8,華南永昌-潮州,2023-12-21,9328
3014,聯陽,8,0,8,華南永昌-潮州,2023-12-21,9328
4714,永捷,10,2,8,華南永昌-潮州,2023-12-21,9328
2303,聯電,9,2,7,華南永昌-潮州,2023-12-21,9328
00850,元大臺灣ESG永續,6,0,6,華南永昌-潮州,2023-12-21,9328
00888,永豐台灣ESG,6,0,6,華南永昌-潮州,2023-12-21,9328
2356,英業達,87,40,47,華南永昌-潮州,2023-12-22,9328
1314,中石化,41,1,40,華南永昌-潮州,2023-12-22,9328
00937B,群益ESG投等債20,39,0,39,華南永昌-潮州,2023-12-22,9328
1815,富喬,35,0,35,華南永昌-潮州,2023-12-22,9328
00919,群益台灣精選高息,31,1,30,華南永昌-潮州,2023-12-22,9328
2427,三商電,30,2,28,華南永昌-潮州,2023-12-22,9328
9105,泰金寶-DR,28,0,28,華南永昌-潮州,2023-12-22,9328
2609,陽明,130,103,27,華南永昌-潮州,2023-12-22,9328
6180,橘子,24,0,24,華南永昌-潮州,2023-12-22,9328
00885,富邦越南,22,0,22,華南永昌-潮州,2023-12-22,9328
00687B,國泰20年美債,22,1,21,華南永昌-潮州,2023-12-22,9328
2323,中環,22,1,21,華南永昌-潮州,2023-12-22,9328
2515,中工,70,50,20,華南永昌-潮州,2023-12-22,9328
00934,中信成長高股息,20,1,19,華南永昌-潮州,2023-12-22,9328
4167,松瑞藥,20,1,19,華南永昌-潮州,2023-12-22,9328
2891,中信金,19,0,19,華南永昌-潮州,2023-12-22,9328
2014,中鴻,19,3,16,華南永昌-潮州,2023-12-22,9328
00720B,元大投資級公司債,19,4,15,華南永昌-潮州,2023-12-22,9328
00642U,期元大S＆P石油,24,9,15,華南永昌-潮州,2023-12-22,9328
2492,華新科,15,0,15,華南永昌-潮州,2023-12-22,9328
4157,太景*-KY,15,0,15,華南永昌-潮州,2023-12-22,9328
00679B,元大美債20年,14,1,13,華南永昌-潮州,2023-12-22,9328
6285,啟��,17,5,12,華南永昌-潮州,2023-12-22,9328
6443,元晶,24,12,12,華南永昌-潮州,2023-12-22,9328
00637L,元大滬深300正2,11,0,11,華南永昌-潮州,2023-12-22,9328
1905,華紙,13,2,11,華南永昌-潮州,2023-12-22,9328
2489,瑞軒,11,0,11,華南永昌-潮州,2023-12-22,9328
00896,中信綠能及電動車,10,0,10,華南永昌-潮州,2023-12-22,9328
00922,國泰台灣領袖50,10,0,10,華南永昌-潮州,2023-12-22,9328
1326,台化,10,0,10,華南永昌-潮州,2023-12-22,9328
1471,首利,10,0,10,華南永昌-潮州,2023-12-22,9328
00752,中信中國50,9,0,9,華南永昌-潮州,2023-12-22,9328
2316,楠梓電,9,0,9,華南永昌-潮州,2023-12-22,9328
1514,亞力,8,0,8,華南永昌-潮州,2023-12-22,9328
3051,力特,20,12,8,華南永昌-潮州,2023-12-22,9328
2886,兆豐金,8,1,7,華南永昌-潮州,2023-12-22,9328
8112,至上,7,0,7,華南永昌-潮州,2023-12-22,9328
00933B,國泰10Y+金融債,7,0,7,華南永昌-潮州,2023-12-22,9328
1303,南亞,7,0,7,華南永昌-潮州,2023-12-22,9328
2038,海光,7,0,7,華南永昌-潮州,2023-12-22,9328
3499,環天科,7,0,7,華南永昌-潮州,2023-12-22,9328
8048,德勝,7,0,7,華南永昌-潮州,2023-12-22,9328
00931B,統一美債20年,6,0,6,華南永昌-潮州,2023-12-22,9328
2355,敬鵬,10,4,6,華南永昌-潮州,2023-12-22,9328
00907,永豐優息存股,6,0,6,華南永昌-潮州,2023-12-22,9328
2324,仁寶,18,12,6,華南永昌-潮州,2023-12-22,9328
6592B,和潤企業乙特,6,0,6,華南永昌-潮州,2023-12-22,9328
2105,正新,6,0,6,華南永昌-潮州,2023-12-22,9328
5009,榮剛,34,29,5,華南永昌-潮州,2023-12-22,9328
00915,凱基優選高股息30,5,0,5,華南永昌-潮州,2023-12-22,9328
00919,群益台灣精選高息,96,0,96,華南永昌-潮州,2023-12-25,9328
6233,旺玖,52,2,50,華南永昌-潮州,2023-12-25,9328
1444,力麗,45,0,45,華南永昌-潮州,2023-12-25,9328
1309,台達化,43,0,43,華南永昌-潮州,2023-12-25,9328
00712,復華富時不動產,51,10,41,華南永昌-潮州,2023-12-25,9328
00937B,群益ESG投等債20,44,10,34,華南永昌-潮州,2023-12-25,9328
2617,台航,29,0,29,華南永昌-潮州,2023-12-25,9328
2637,慧洋-KY,31,6,25,華南永昌-潮州,2023-12-25,9328
2610,華航,142,117,25,華南永昌-潮州,2023-12-25,9328
6592B,和潤企業乙特,25,0,25,華南永昌-潮州,2023-12-25,9328
1314,中石化,23,0,23,華南永昌-潮州,2023-12-25,9328
2357,華碩,20,0,20,華南永昌-潮州,2023-12-25,9328
00671R,富邦NASDAQ反1,20,0,20,華南永昌-潮州,2023-12-25,9328
5880,合庫金,20,0,20,華南永昌-潮州,2023-12-25,9328
00934,中信成長高股息,17,0,17,華南永昌-潮州,2023-12-25,9328
00637L,元大滬深300正2,17,0,17,華南永昌-潮州,2023-12-25,9328
9105,泰金寶-DR,20,3,17,華南永昌-潮州,2023-12-25,9328
00882,中信中國高股息,17,1,16,華南永昌-潮州,2023-12-25,9328
2349,錸德,16,0,16,華南永昌-潮州,2023-12-25,9328
2609,陽明,159,144,15,華南永昌-潮州,2023-12-25,9328
3715,定穎投控,18,4,14,華南永昌-潮州,2023-12-25,9328
2362,藍天,47,35,12,華南永昌-潮州,2023-12-25,9328
3027,盛達,12,0,12,華南永昌-潮州,2023-12-25,9328
00687B,國泰20年美債,12,0,12,華南永昌-潮州,2023-12-25,9328
1806,冠軍,11,0,11,華南永昌-潮州,2023-12-25,9328
4743,合一,11,0,11,華南永昌-潮州,2023-12-25,9328
2363,矽統,21,11,10,華南永昌-潮州,2023-12-25,9328
6139,亞翔,16,6,10,華南永昌-潮州,2023-12-25,9328
1301,台塑,10,0,10,華南永昌-潮州,2023-12-25,9328
1308,亞聚,10,0,10,華南永昌-潮州,2023-12-25,9328
1312,國喬,12,2,10,華南永昌-潮州,2023-12-25,9328
1815,富喬,20,10,10,華南永昌-潮州,2023-12-25,9328
2034,允強,10,0,10,華南永昌-潮州,2023-12-25,9328
910861,神州-DR,10,0,10,華南永昌-潮州,2023-12-25,9328
9919,康那香,9,0,9,華南永昌-潮州,2023-12-25,9328
5608,四維航,9,0,9,華南永昌-潮州,2023-12-25,9328
1325,恆大,14,6,8,華南永昌-潮州,2023-12-25,9328
2427,三商電,8,0,8,華南永昌-潮州,2023-12-25,9328
2615,萬海,30,22,8,華南永昌-潮州,2023-12-25,9328
8277,商丞,13,5,8,華南永昌-潮州,2023-12-25,9328
2834,臺企銀,10,3,7,華南永昌-潮州,2023-12-25,9328
6770,力積電,7,0,7,華南永昌-潮州,2023-12-25,9328
8112,至上,9,2,7,華南永昌-潮州,2023-12-25,9328
2002,中鋼,13,6,7,華南永昌-潮州,2023-12-25,9328
00679B,元大美債20年,6,0,6,華南永昌-潮州,2023-12-25,9328
2032,新鋼,14,8,6,華南永昌-潮州,2023-12-25,9328
8088,品安,17,11,6,華南永昌-潮州,2023-12-25,9328
8222,寶一,11,5,6,華南永昌-潮州,2023-12-25,9328
00921,兆豐龍頭等權重,5,0,5,華南永昌-潮州,2023-12-25,9328
00632R,元大台灣50反1,5,0,5,華南永昌-潮州,2023-12-25,9328
00632R,元大台灣50反1,91,0,91,華南永昌-潮州,2023-12-26,9328
00919,群益台灣精選高息,53,2,51,華南永昌-潮州,2023-12-26,9328
3041,揚智,36,3,33,華南永昌-潮州,2023-12-26,9328
1409,新纖,31,0,31,華南永昌-潮州,2023-12-26,9328
3576,聯合再生,30,0,30,華南永昌-潮州,2023-12-26,9328
00673R,期元大S＆P原油反1,30,0,30,華南永昌-潮州,2023-12-26,9328
3122,笙泉,32,10,22,華南永昌-潮州,2023-12-26,9328
2344,華邦電,20,1,19,華南永昌-潮州,2023-12-26,9328
2365,昆盈,22,7,15,華南永昌-潮州,2023-12-26,9328
2356,英業達,41,28,13,華南永昌-潮州,2023-12-26,9328
00665L,富邦�琤肭磪囓�2,12,0,12,華南永昌-潮州,2023-12-26,9328
6462,神盾,20,8,12,華南永昌-潮州,2023-12-26,9328
00715L,期街口布蘭特正2,11,0,11,華南永昌-潮州,2023-12-26,9328
1416,廣豐,10,0,10,華南永昌-潮州,2023-12-26,9328
1444,力麗,10,0,10,華南永昌-潮州,2023-12-26,9328
9105,泰金寶-DR,10,0,10,華南永昌-潮州,2023-12-26,9328
1815,富喬,10,0,10,華南永昌-潮州,2023-12-26,9328
2353,宏��,79,71,8,華南永昌-潮州,2023-12-26,9328
2641,正德,32,24,8,華南永昌-潮州,2023-12-26,9328
2371,大同,8,0,8,華南永昌-潮州,2023-12-26,9328
00936,台新永續高息中小,7,0,7,華南永昌-潮州,2023-12-26,9328
00680L,元大美債20正2,7,0,7,華南永昌-潮州,2023-12-26,9328
00900,富邦特選高股息30,7,0,7,華南永昌-潮州,2023-12-26,9328
00882,中信中國高股息,7,0,7,華南永昌-潮州,2023-12-26,9328
1447,力鵬,7,0,7,華南永昌-潮州,2023-12-26,9328
2748,雲品,7,0,7,華南永昌-潮州,2023-12-26,9328
3479,安勤,7,0,7,華南永昌-潮州,2023-12-26,9328
4906,正文,6,0,6,華南永昌-潮州,2023-12-26,9328
00751B,元大AAA至A公司債,5,0,5,華南永昌-潮州,2023-12-26,9328
00688L,國泰20年美債正2,5,0,5,華南永昌-潮州,2023-12-26,9328
1109,信大,5,0,5,華南永昌-潮州,2023-12-26,9328
1732,毛寶,5,0,5,華南永昌-潮州,2023-12-26,9328
2354,鴻準,5,0,5,華南永昌-潮州,2023-12-26,9328
2462,良得電,5,0,5,華南永昌-潮州,2023-12-26,9328
1909,榮成,5,0,5,華南永昌-潮州,2023-12-26,9328
2457,飛宏,5,0,5,華南永昌-潮州,2023-12-26,9328
8039,台虹,5,0,5,華南永昌-潮州,2023-12-26,9328
00937B,群益ESG投等債20,4,0,4,華南永昌-潮州,2023-12-26,9328
5478,智冠,4,0,4,華南永昌-潮州,2023-12-26,9328
2419,仲琦,4,0,4,華南永昌-潮州,2023-12-26,9328
2745,五福,4,0,4,華南永昌-潮州,2023-12-26,9328
4977,眾達-KY,4,0,4,華南永昌-潮州,2023-12-26,9328
4746,台耀,4,0,4,華南永昌-潮州,2023-12-26,9328
00687B,國泰20年美債,3,0,3,華南永昌-潮州,2023-12-26,9328
00652,富邦印度,3,0,3,華南永昌-潮州,2023-12-26,9328
2201,裕隆,3,0,3,華南永昌-潮州,2023-12-26,9328
00720B,元大投資級公司債,3,0,3,華南永昌-潮州,2023-12-26,9328
00679B,元大美債20年,3,0,3,華南永昌-潮州,2023-12-26,9328
1618,合機,3,0,3,華南永昌-潮州,2023-12-26,9328
2038,海光,4,1,3,華南永昌-潮州,2023-12-26,9328
00937B,群益ESG投等債20,106,1,105,華南永昌-潮州,2023-12-27,9328
5483,中美晶,46,1,45,華南永昌-潮州,2023-12-27,9328
00882,中信中國高股息,42,0,42,華南永昌-潮州,2023-12-27,9328
00687B,國泰20年美債,31,1,30,華南永昌-潮州,2023-12-27,9328
00715L,期街口布蘭特正2,33,4,29,華南永昌-潮州,2023-12-27,9328
1815,富喬,24,0,24,華南永昌-潮州,2023-12-27,9328
2353,宏��,128,106,22,華南永昌-潮州,2023-12-27,9328
00632R,元大台灣50反1,20,0,20,華南永昌-潮州,2023-12-27,9328
00934,中信成長高股息,20,0,20,華南永昌-潮州,2023-12-27,9328
6592B,和潤企業乙特,20,0,20,華南永昌-潮州,2023-12-27,9328
6189,豐藝,20,1,19,華南永昌-潮州,2023-12-27,9328
00919,群益台灣精選高息,18,0,18,華南永昌-潮州,2023-12-27,9328
00929,復華台灣科技優息,26,11,15,華南永昌-潮州,2023-12-27,9328
1210,大成,15,0,15,華南永昌-潮州,2023-12-27,9328
3122,笙泉,14,0,14,華南永昌-潮州,2023-12-27,9328
3390,旭軟,18,6,12,華南永昌-潮州,2023-12-27,9328
8390,金益鼎,12,0,12,華南永昌-潮州,2023-12-27,9328
4128,中天,12,0,12,華南永昌-潮州,2023-12-27,9328
4979,華星光,12,1,11,華南永昌-潮州,2023-12-27,9328
2618,長榮航,11,0,11,華南永昌-潮州,2023-12-27,9328
2105,正新,10,0,10,華南永昌-潮州,2023-12-27,9328
00927,群益半導體收益,10,0,10,華南永昌-潮州,2023-12-27,9328
2014,中鴻,18,8,10,華南永昌-潮州,2023-12-27,9328
2258,鴻華先進-創,10,0,10,華南永昌-潮州,2023-12-27,9328
2390,云辰,10,0,10,華南永昌-潮州,2023-12-27,9328
2497,怡利電,10,0,10,華南永昌-潮州,2023-12-27,9328
3704,合勤控,10,0,10,華南永昌-潮州,2023-12-27,9328
4417,金洲,10,0,10,華南永昌-潮州,2023-12-27,9328
8916,光隆,10,0,10,華南永昌-潮州,2023-12-27,9328
5009,榮剛,10,1,9,華南永昌-潮州,2023-12-27,9328
1905,華紙,9,0,9,華南永昌-潮州,2023-12-27,9328
2834,臺企銀,10,1,9,華南永昌-潮州,2023-12-27,9328
3049,精金,10,1,9,華南永昌-潮州,2023-12-27,9328
00915,凱基優選高股息30,10,2,8,華南永昌-潮州,2023-12-27,9328
00933B,國泰10Y+金融債,8,0,8,華南永昌-潮州,2023-12-27,9328
6756,威鋒電子,8,0,8,華南永昌-潮州,2023-12-27,9328
1434,福懋,8,0,8,華南永昌-潮州,2023-12-27,9328
2369,菱生,7,0,7,華南永昌-潮州,2023-12-27,9328
3308,聯德,7,0,7,華南永昌-潮州,2023-12-27,9328
6811,宏�硌穈T,8,1,7,華南永昌-潮州,2023-12-27,9328
2889,國票金,13,6,7,華南永昌-潮州,2023-12-27,9328
4743,合一,10,3,7,華南永昌-潮州,2023-12-27,9328
2356,英業達,40,34,6,華南永昌-潮州,2023-12-27,9328
3078,僑威,6,0,6,華南永昌-潮州,2023-12-27,9328
00936,台新永續高息中小,6,0,6,華南永昌-潮州,2023-12-27,9328
2302,麗正,6,0,6,華南永昌-潮州,2023-12-27,9328
00850,元大臺灣ESG永續,5,0,5,華南永昌-潮州,2023-12-27,9328
00648R,元大S＆P500反1,5,0,5,華南永昌-潮州,2023-12-27,9328
00673R,期元大S＆P原油反1,5,0,5,華南永昌-潮州,2023-12-27,9328
00669R,國泰美國道瓊反1,5,0,5,華南永昌-潮州,2023-12-27,9328
00632R,元大台灣50反1,200,0,200,華南永昌-潮州,2023-12-28,9328
00882,中信中國高股息,110,0,110,華南永昌-潮州,2023-12-28,9328
2303,聯電,238,128,110,華南永昌-潮州,2023-12-28,9328
00937B,群益ESG投等債20,100,0,100,華南永昌-潮州,2023-12-28,9328
0056,元大高股息,71,5,66,華南永昌-潮州,2023-12-28,9328
1319,東陽,50,0,50,華南永昌-潮州,2023-12-28,9328
00919,群益台灣精選高息,54,5,49,華南永昌-潮州,2023-12-28,9328
00878,國泰永續高股息,55,7,48,華南永昌-潮州,2023-12-28,9328
2425,承啟,42,2,40,華南永昌-潮州,2023-12-28,9328
6770,力積電,40,4,36,華南永昌-潮州,2023-12-28,9328
00642U,期元大S＆P石油,27,0,27,華南永昌-潮州,2023-12-28,9328
3714,富采,26,0,26,華南永昌-潮州,2023-12-28,9328
2324,仁寶,23,5,18,華南永昌-潮州,2023-12-28,9328
2365,昆盈,18,0,18,華南永昌-潮州,2023-12-28,9328
00923,群益台ESG低碳50,18,0,18,華南永昌-潮州,2023-12-28,9328
00712,復華富時不動產,35,20,15,華南永昌-潮州,2023-12-28,9328
1409,新纖,15,1,14,華南永昌-潮州,2023-12-28,9328
3376,新日興,14,2,12,華南永昌-潮州,2023-12-28,9328
2606,裕民,12,0,12,華南永昌-潮州,2023-12-28,9328
00715L,期街口布蘭特正2,12,0,12,華南永昌-潮州,2023-12-28,9328
1522,堤維西,15,3,12,華南永昌-潮州,2023-12-28,9328
2405,輔信,13,1,12,華南永昌-潮州,2023-12-28,9328
3231,緯創,14,2,12,華南永昌-潮州,2023-12-28,9328
2313,華通,11,0,11,華南永昌-潮州,2023-12-28,9328
00719B,元大美債1-3,11,0,11,華南永昌-潮州,2023-12-28,9328
00877,復華中國5G,10,0,10,華南永昌-潮州,2023-12-28,9328
00680L,元大美債20正2,10,0,10,華南永昌-潮州,2023-12-28,9328
00688L,國泰20年美債正2,10,0,10,華南永昌-潮州,2023-12-28,9328
1612,宏泰,10,0,10,華南永昌-潮州,2023-12-28,9328
2530,華建,10,0,10,華南永昌-潮州,2023-12-28,9328
3041,揚智,12,2,10,華南永昌-潮州,2023-12-28,9328
2603,長榮,12,2,10,華南永昌-潮州,2023-12-28,9328
2371,大同,10,1,9,華南永昌-潮州,2023-12-28,9328
00934,中信成長高股息,7,0,7,華南永昌-潮州,2023-12-28,9328
6129,普誠,11,4,7,華南永昌-潮州,2023-12-28,9328
8930,青鋼,7,0,7,華南永昌-潮州,2023-12-28,9328
1514,亞力,17,10,7,華南永昌-潮州,2023-12-28,9328
3481,群創,9,3,6,華南永昌-潮州,2023-12-28,9328
3049,精金,6,0,6,華南永昌-潮州,2023-12-28,9328
3114,好德,6,0,6,華南永昌-潮州,2023-12-28,9328
8390,金益鼎,6,0,6,華南永昌-潮州,2023-12-28,9328
3205,佰研,5,0,5,華南永昌-潮州,2023-12-28,9328
00900,富邦特選高股息30,5,0,5,華南永昌-潮州,2023-12-28,9328
00665L,富邦�琤肭磪囓�2,5,0,5,華南永昌-潮州,2023-12-28,9328
2025,千興,5,0,5,華南永昌-潮州,2023-12-28,9328
2302,麗正,5,0,5,華南永昌-潮州,2023-12-28,9328
2515,中工,5,0,5,華南永昌-潮州,2023-12-28,9328
2816,旺旺保,5,0,5,華南永昌-潮州,2023-12-28,9328
3588,通嘉,9,4,5,華南永昌-潮州,2023-12-28,9328
4973,廣穎,5,0,5,華南永昌-潮州,2023-12-28,9328
00937B,群益ESG投等債20,181,1,180,華南永昌-潮州,2023-12-29,9328
2027,大成鋼,102,0,102,華南永昌-潮州,2023-12-29,9328
00665L,富邦�琤肭磪囓�2,60,5,55,華南永昌-潮州,2023-12-29,9328
00753L,中信中國50正2,70,20,50,華南永昌-潮州,2023-12-29,9328
00676R,富邦臺灣加權反1,50,0,50,華南永昌-潮州,2023-12-29,9328
2353,宏��,77,46,31,華南永昌-潮州,2023-12-29,9328
5521,工信,31,1,30,華南永昌-潮州,2023-12-29,9328
2344,華邦電,38,14,24,華南永昌-潮州,2023-12-29,9328
6770,力積電,23,0,23,華南永昌-潮州,2023-12-29,9328
2609,陽明,33,11,22,華南永昌-潮州,2023-12-29,9328
2303,聯電,31,10,21,華南永昌-潮州,2023-12-29,9328
5515,建國,21,0,21,華南永昌-潮州,2023-12-29,9328
00882,中信中國高股息,20,0,20,華南永昌-潮州,2023-12-29,9328
3706,神達,38,18,20,華南永昌-潮州,2023-12-29,9328
6189,豐藝,20,0,20,華南永昌-潮州,2023-12-29,9328
1514,亞力,15,0,15,華南永昌-潮州,2023-12-29,9328
00632R,元大台灣50反1,15,0,15,華南永昌-潮州,2023-12-29,9328
3710,連展投控,14,0,14,華南永昌-潮州,2023-12-29,9328
1795,美時,17,4,13,華南永昌-潮州,2023-12-29,9328
2515,中工,13,1,12,華南永昌-潮州,2023-12-29,9328
3548,兆利,20,8,12,華南永昌-潮州,2023-12-29,9328
00715L,期街口布蘭特正2,18,8,10,華南永昌-潮州,2023-12-29,9328
2312,金寶,10,0,10,華南永昌-潮州,2023-12-29,9328
5223,安力-KY,10,0,10,華南永昌-潮州,2023-12-29,9328
2605,新興,10,0,10,華南永昌-潮州,2023-12-29,9328
1513,中興電,12,3,9,華南永昌-潮州,2023-12-29,9328
2887,台新金,11,2,9,華南永昌-潮州,2023-12-29,9328
00637L,元大滬深300正2,18,10,8,華南永昌-潮州,2023-12-29,9328
00669R,國泰美國道瓊反1,8,0,8,華南永昌-潮州,2023-12-29,9328
1609,大亞,8,0,8,華南永昌-潮州,2023-12-29,9328
3006,晶豪科,26,18,8,華南永昌-潮州,2023-12-29,9328
2363,矽統,7,0,7,華南永昌-潮州,2023-12-29,9328
2324,仁寶,135,128,7,華南永昌-潮州,2023-12-29,9328
2405,輔信,8,1,7,華南永昌-潮州,2023-12-29,9328
2505,國揚,7,0,7,華南永昌-潮州,2023-12-29,9328
2634,漢翔,9,2,7,華南永昌-潮州,2023-12-29,9328
6603,富強鑫,7,0,7,華南永昌-潮州,2023-12-29,9328
00733,富邦臺灣中小,6,0,6,華南永昌-潮州,2023-12-29,9328
2603,長榮,8,2,6,華南永昌-潮州,2023-12-29,9328
4167,松瑞藥,6,0,6,華南永昌-潮州,2023-12-29,9328
2882,國泰金,5,0,5,華南永昌-潮州,2023-12-29,9328
00642U,期元大S＆P石油,5,0,5,華南永昌-潮州,2023-12-29,9328
00891,中信關鍵半導體,6,1,5,華南永昌-潮州,2023-12-29,9328
1519,華城,17,12,5,華南永昌-潮州,2023-12-29,9328
2014,中鴻,6,1,5,華南永昌-潮州,2023-12-29,9328
2365,昆盈,5,0,5,華南永昌-潮州,2023-12-29,9328
2376,技嘉,15,10,5,華南永昌-潮州,2023-12-29,9328
2417,圓剛,5,0,5,華南永昌-潮州,2023-12-29,9328
6182,合晶,5,0,5,華南永昌-潮州,2023-12-29,9328
5351,鈺創,8,3,5,華南永昌-潮州,2023-12-29,9328
00878,國泰永續高股息,59,0,59,華南永昌-潮州,2024-01-02,9328
3390,旭軟,49,16,33,華南永昌-潮州,2024-01-02,9328
2605,新興,32,1,31,華南永昌-潮州,2024-01-02,9328
2547,日勝生,27,0,27,華南永昌-潮州,2024-01-02,9328
3231,緯創,42,16,26,華南永昌-潮州,2024-01-02,9328
2356,英業達,50,24,26,華南永昌-潮州,2024-01-02,9328
2331,精英,30,5,25,華南永昌-潮州,2024-01-02,9328
00680L,元大美債20正2,25,0,25,華南永昌-潮州,2024-01-02,9328
00931B,統一美債20年,24,0,24,華南永昌-潮州,2024-01-02,9328
00753L,中信中國50正2,22,0,22,華南永昌-潮州,2024-01-02,9328
2353,宏��,47,26,21,華南永昌-潮州,2024-01-02,9328
8916,光隆,21,0,21,華南永昌-潮州,2024-01-02,9328
00919,群益台灣精選高息,26,6,20,華南永昌-潮州,2024-01-02,9328
2362,藍天,52,33,19,華南永昌-潮州,2024-01-02,9328
0056,元大高股息,19,1,18,華南永昌-潮州,2024-01-02,9328
00712,復華富時不動產,17,0,17,華南永昌-潮州,2024-01-02,9328
3006,晶豪科,29,14,15,華南永昌-潮州,2024-01-02,9328
2457,飛宏,15,2,13,華南永昌-潮州,2024-01-02,9328
00923,群益台ESG低碳50,12,0,12,華南永昌-潮州,2024-01-02,9328
00687B,國泰20年美債,14,2,12,華南永昌-潮州,2024-01-02,9328
2618,長榮航,234,222,12,華南永昌-潮州,2024-01-02,9328
2641,正德,16,4,12,華南永昌-潮州,2024-01-02,9328
2352,佳世達,12,1,11,華南永昌-潮州,2024-01-02,9328
00882,中信中國高股息,11,0,11,華南永昌-潮州,2024-01-02,9328
00934,中信成長高股息,11,0,11,華南永昌-潮州,2024-01-02,9328
2498,宏達電,10,0,10,華南永昌-潮州,2024-01-02,9328
00688L,國泰20年美債正2,10,0,10,華南永昌-潮州,2024-01-02,9328
00722B,群益投資級電信債,10,0,10,華南永昌-潮州,2024-01-02,9328
00888,永豐台灣ESG,10,0,10,華南永昌-潮州,2024-01-02,9328
2337,旺宏,10,0,10,華南永昌-潮州,2024-01-02,9328
2636,台驊控股,17,7,10,華南永昌-潮州,2024-01-02,9328
2882,國泰金,10,0,10,華南永昌-潮州,2024-01-02,9328
5530,龍巖,10,0,10,華南永昌-潮州,2024-01-02,9328
5880,合庫金,10,0,10,華南永昌-潮州,2024-01-02,9328
2892,第一金,9,0,9,華南永昌-潮州,2024-01-02,9328
6179,亞通,9,0,9,華南永昌-潮州,2024-01-02,9328
00933B,國泰10Y+金融債,7,0,7,華南永昌-潮州,2024-01-02,9328
2884,玉山金,12,5,7,華南永昌-潮州,2024-01-02,9328
3437,榮創,10,3,7,華南永昌-潮州,2024-01-02,9328
5452,佶優,7,0,7,華南永昌-潮州,2024-01-02,9328
00929,復華台灣科技優息,38,32,6,華南永昌-潮州,2024-01-02,9328
2317,鴻海,8,2,6,華南永昌-潮州,2024-01-02,9328
2376,技嘉,21,15,6,華南永昌-潮州,2024-01-02,9328
2367,燿華,6,0,6,華南永昌-潮州,2024-01-02,9328
2401,凌陽,6,0,6,華南永昌-潮州,2024-01-02,9328
2419,仲琦,8,2,6,華南永昌-潮州,2024-01-02,9328
3027,盛達,6,0,6,華南永昌-潮州,2024-01-02,9328
3715,定穎投控,26,20,6,華南永昌-潮州,2024-01-02,9328
4927,泰鼎-KY,6,0,6,華南永昌-潮州,2024-01-02,9328
5425,台半,6,0,6,華南永昌-潮州,2024-01-02,9328
00929,復華台灣科技優息,139,10,129,華南永昌-潮州,2024-01-03,9328
00878,國泰永續高股息,76,6,70,華南永昌-潮州,2024-01-03,9328
2353,宏��,89,45,44,華南永昌-潮州,2024-01-03,9328
00919,群益台灣精選高息,51,7,44,華南永昌-潮州,2024-01-03,9328
1101,台泥,41,0,41,華南永昌-潮州,2024-01-03,9328
5521,工信,59,22,37,華南永昌-潮州,2024-01-03,9328
2605,新興,36,0,36,華南永昌-潮州,2024-01-03,9328
00715L,期街口布蘭特正2,34,0,34,華南永昌-潮州,2024-01-03,9328
3481,群創,38,4,34,華南永昌-潮州,2024-01-03,9328
00937B,群益ESG投等債20,41,11,30,華南永昌-潮州,2024-01-03,9328
2358,廷鑫,30,0,30,華南永昌-潮州,2024-01-03,9328
6770,力積電,26,0,26,華南永昌-潮州,2024-01-03,9328
5608,四維航,27,4,23,華南永昌-潮州,2024-01-03,9328
0056,元大高股息,34,12,22,華南永昌-潮州,2024-01-03,9328
00637L,元大滬深300正2,22,0,22,華南永昌-潮州,2024-01-03,9328
2356,英業達,48,27,21,華南永昌-潮州,2024-01-03,9328
2303,聯電,48,28,20,華南永昌-潮州,2024-01-03,9328
00688L,國泰20年美債正2,20,0,20,華南永昌-潮州,2024-01-03,9328
3437,榮創,20,0,20,華南永昌-潮州,2024-01-03,9328
2409,友達,19,0,19,華南永昌-潮州,2024-01-03,9328
5425,台半,19,0,19,華南永昌-潮州,2024-01-03,9328
6695,芯鼎,28,9,19,華南永昌-潮州,2024-01-03,9328
00927,群益半導體收益,17,0,17,華南永昌-潮州,2024-01-03,9328
2637,慧洋-KY,22,5,17,華南永昌-潮州,2024-01-03,9328
00915,凱基優選高股息30,16,0,16,華南永昌-潮州,2024-01-03,9328
4142,國光生,21,5,16,華南永昌-潮州,2024-01-03,9328
4167,松瑞藥,34,19,15,華南永昌-潮州,2024-01-03,9328
2330,台積電,15,1,14,華南永昌-潮州,2024-01-03,9328
00888,永豐台灣ESG,14,0,14,華南永昌-潮州,2024-01-03,9328
00891,中信關鍵半導體,19,5,14,華南永昌-潮州,2024-01-03,9328
2882,國泰金,14,1,13,華南永昌-潮州,2024-01-03,9328
2014,中鴻,14,1,13,華南永昌-潮州,2024-01-03,9328
00923,群益台ESG低碳50,14,2,12,華南永昌-潮州,2024-01-03,9328
2323,中環,12,0,12,華南永昌-潮州,2024-01-03,9328
00712,復華富時不動產,15,4,11,華南永昌-潮州,2024-01-03,9328
1301,台塑,11,0,11,華南永昌-潮州,2024-01-03,9328
2352,佳世達,15,4,11,華南永昌-潮州,2024-01-03,9328
2455,全新,11,0,11,華南永昌-潮州,2024-01-03,9328
6233,旺玖,13,2,11,華南永昌-潮州,2024-01-03,9328
2312,金寶,11,1,10,華南永昌-潮州,2024-01-03,9328
3167,大量,10,0,10,華南永昌-潮州,2024-01-03,9328
3234,光環,10,0,10,華南永昌-潮州,2024-01-03,9328
6509,聚和,10,0,10,華南永昌-潮州,2024-01-03,9328
00881,國泰台灣5G+,9,0,9,華南永昌-潮州,2024-01-03,9328
2892,第一金,9,0,9,華南永昌-潮州,2024-01-03,9328
6142,友勁,9,0,9,華南永昌-潮州,2024-01-03,9328
2002,中鋼,9,0,9,華南永昌-潮州,2024-01-03,9328
2886,兆豐金,10,1,9,華南永昌-潮州,2024-01-03,9328
00858,永豐美國500大,8,0,8,華南永昌-潮州,2024-01-03,9328
2641,正德,13,5,8,華南永昌-潮州,2024-01-03,9328
2606,裕民,183,4,179,華南永昌-潮州,2024-01-04,9328
2801,彰銀,100,4,96,華南永昌-潮州,2024-01-04,9328
00937B,群益ESG投等債20,95,10,85,華南永昌-潮州,2024-01-04,9328
00929,復華台灣科技優息,66,0,66,華南永昌-潮州,2024-01-04,9328
2867,三商壽,57,0,57,華南永昌-潮州,2024-01-04,9328
1609,大亞,58,13,45,華南永昌-潮州,2024-01-04,9328
2605,新興,82,39,43,華南永昌-潮州,2024-01-04,9328
5521,工信,48,5,43,華南永昌-潮州,2024-01-04,9328
3373,熱映,43,6,37,華南永昌-潮州,2024-01-04,9328
6120,達運,42,10,32,華南永昌-潮州,2024-01-04,9328
0056,元大高股息,33,6,27,華南永昌-潮州,2024-01-04,9328
2641,正德,49,23,26,華南永昌-潮州,2024-01-04,9328
1569,濱川,25,1,24,華南永昌-潮州,2024-01-04,9328
2607,榮運,40,17,23,華南永昌-潮州,2024-01-04,9328
00712,復華富時不動產,22,0,22,華南永昌-潮州,2024-01-04,9328
00637L,元大滬深300正2,22,0,22,華南永昌-潮州,2024-01-04,9328
5880,合庫金,22,0,22,華南永昌-潮州,2024-01-04,9328
6140,訊達,27,6,21,華南永昌-潮州,2024-01-04,9328
3028,增你強,20,0,20,華南永昌-潮州,2024-01-04,9328
3047,訊舟,20,0,20,華南永昌-潮州,2024-01-04,9328
2303,聯電,31,11,20,華南永昌-潮州,2024-01-04,9328
6592B,和潤企業乙特,19,0,19,華南永昌-潮州,2024-01-04,9328
00720B,元大投資級公司債,16,1,15,華南永昌-潮州,2024-01-04,9328
2023,燁輝,20,4,16,華南永昌-潮州,2024-01-04,9328
00673R,期元大S＆P原油反1,15,0,15,華南永昌-潮州,2024-01-04,9328
00753L,中信中國50正2,14,0,14,華南永昌-潮州,2024-01-04,9328
00927,群益半導體收益,13,0,13,華南永昌-潮州,2024-01-04,9328
1522,堤維西,12,0,12,華南永昌-潮州,2024-01-04,9328
2455,全新,18,6,12,華南永昌-潮州,2024-01-04,9328
4915,致伸,12,0,12,華南永昌-潮州,2024-01-04,9328
00881,國泰台灣5G+,22,10,12,華南永昌-潮州,2024-01-04,9328
2603,長榮,26,15,11,華南永昌-潮州,2024-01-04,9328
00688L,國泰20年美債正2,11,0,11,華南永昌-潮州,2024-01-04,9328
00933B,國泰10Y+金融債,10,0,10,華南永昌-潮州,2024-01-04,9328
00905,FT臺灣Smart,10,0,10,華南永昌-潮州,2024-01-04,9328
00665L,富邦�琤肭磪囓�2,10,0,10,華南永昌-潮州,2024-01-04,9328
2739,寒舍,10,0,10,華南永昌-潮州,2024-01-04,9328
3167,大量,10,0,10,華南永昌-潮州,2024-01-04,9328
6233,旺玖,12,2,10,華南永昌-潮州,2024-01-04,9328
00713,元大台灣高息低波,8,0,8,華南永昌-潮州,2024-01-04,9328
3706,神達,8,0,8,華南永昌-潮州,2024-01-04,9328
2352,佳世達,15,7,8,華南永昌-潮州,2024-01-04,9328
00770,國泰北美科技,8,0,8,華南永昌-潮州,2024-01-04,9328
1312,國喬,8,0,8,華南永昌-潮州,2024-01-04,9328
2486,一詮,12,4,8,華南永昌-潮州,2024-01-04,9328
2317,鴻海,7,0,7,華南永昌-潮州,2024-01-04,9328
2362,藍天,26,19,7,華南永昌-潮州,2024-01-04,9328
5347,世界,7,0,7,華南永昌-潮州,2024-01-04,9328
00679B,元大美債20年,6,0,6,華南永昌-潮州,2024-01-04,9328
6271,同欣電,7,1,6,華南永昌-潮州,2024-01-04,9328
00929,復華台灣科技優息,261,20,241,華南永昌-潮州,2024-01-05,9328
00919,群益台灣精選高息,86,17,69,華南永昌-潮州,2024-01-05,9328
2353,宏��,88,59,29,華南永昌-潮州,2024-01-05,9328
2344,華邦電,32,5,27,華南永昌-潮州,2024-01-05,9328
00881,國泰台灣5G+,26,2,24,華南永昌-潮州,2024-01-05,9328
2641,正德,53,30,23,華南永昌-潮州,2024-01-05,9328
2356,英業達,30,8,22,華南永昌-潮州,2024-01-05,9328
6592B,和潤企業乙特,21,0,21,華南永昌-潮州,2024-01-05,9328
00679B,元大美債20年,21,0,21,華南永昌-潮州,2024-01-05,9328
2303,聯電,56,39,17,華南永昌-潮州,2024-01-05,9328
00878,國泰永續高股息,15,0,15,華南永昌-潮州,2024-01-05,9328
1522,堤維西,15,0,15,華南永昌-潮州,2024-01-05,9328
5425,台半,16,2,14,華南永昌-潮州,2024-01-05,9328
2208,台船,19,6,13,華南永昌-潮州,2024-01-05,9328
00935,野村臺灣新科技50,11,0,11,華南永昌-潮州,2024-01-05,9328
2328,廣宇,11,0,11,華南永昌-潮州,2024-01-05,9328
2605,新興,23,12,11,華南永昌-潮州,2024-01-05,9328
00712,復華富時不動產,11,1,10,華南永昌-潮州,2024-01-05,9328
00930,永豐ESG低碳高息,10,0,10,華南永昌-潮州,2024-01-05,9328
2489,瑞軒,12,2,10,華南永昌-潮州,2024-01-05,9328
5533,皇鼎,10,0,10,華南永昌-潮州,2024-01-05,9328
2324,仁寶,11,2,9,華南永昌-潮州,2024-01-05,9328
00720B,元大投資級公司債,9,0,9,華南永昌-潮州,2024-01-05,9328
00688L,國泰20年美債正2,10,1,9,華南永昌-潮州,2024-01-05,9328
3047,訊舟,21,12,9,華南永昌-潮州,2024-01-05,9328
9919,康那香,23,14,9,華南永昌-潮州,2024-01-05,9328
2618,長榮航,24,16,8,華南永昌-潮州,2024-01-05,9328
00927,群益半導體收益,8,0,8,華南永昌-潮州,2024-01-05,9328
3231,緯創,15,7,8,華南永昌-潮州,2024-01-05,9328
3264,欣銓,15,7,8,華南永昌-潮州,2024-01-05,9328
5521,工信,13,5,8,華南永昌-潮州,2024-01-05,9328
8222,寶一,8,0,8,華南永昌-潮州,2024-01-05,9328
00753L,中信中國50正2,7,0,7,華南永昌-潮州,2024-01-05,9328
2486,一詮,9,2,7,華南永昌-潮州,2024-01-05,9328
2610,華航,10,3,7,華南永昌-潮州,2024-01-05,9328
9945,潤泰新,8,1,7,華南永昌-潮州,2024-01-05,9328
00715L,期街口布蘭特正2,6,0,6,華南永昌-潮州,2024-01-05,9328
6443,元晶,6,0,6,華南永昌-潮州,2024-01-05,9328
6550,北極星藥業-KY,6,0,6,華南永昌-潮州,2024-01-05,9328
00772B,中信高評級公司債,6,0,6,華南永昌-潮州,2024-01-05,9328
1514,亞力,5,0,5,華南永昌-潮州,2024-01-05,9328
2317,鴻海,7,2,5,華南永昌-潮州,2024-01-05,9328
2362,藍天,19,14,5,華南永昌-潮州,2024-01-05,9328
2612,中航,5,0,5,華南永昌-潮州,2024-01-05,9328
3006,晶豪科,11,6,5,華南永昌-潮州,2024-01-05,9328
3675,德微,5,0,5,華南永昌-潮州,2024-01-05,9328
6684,安格,5,0,5,華南永昌-潮州,2024-01-05,9328
4906,正文,5,0,5,華南永昌-潮州,2024-01-05,9328
2330,台積電,5,0,5,華南永昌-潮州,2024-01-05,9328
3037,欣興,6,1,5,華南永昌-潮州,2024-01-05,9328
00937B,群益ESG投等債20,254,1,253,華南永昌-潮州,2024-01-08,9328
00688L,國泰20年美債正2,105,0,105,華南永昌-潮州,2024-01-08,9328
00929,復華台灣科技優息,140,36,104,華南永昌-潮州,2024-01-08,9328
2303,聯電,83,2,81,華南永昌-潮州,2024-01-08,9328
00882,中信中國高股息,66,0,66,華南永昌-潮州,2024-01-08,9328
3481,群創,160,94,66,華南永昌-潮州,2024-01-08,9328
8011,台通,63,0,63,華南永昌-潮州,2024-01-08,9328
00637L,元大滬深300正2,62,0,62,華南永昌-潮州,2024-01-08,9328
2881,富邦金,54,2,52,華南永昌-潮州,2024-01-08,9328
00919,群益台灣精選高息,54,11,43,華南永昌-潮州,2024-01-08,9328
8916,光隆,40,1,39,華南永昌-潮州,2024-01-08,9328
00927,群益半導體收益,35,0,35,華南永昌-潮州,2024-01-08,9328
2883,凱基金,30,0,30,華南永昌-潮州,2024-01-08,9328
9105,泰金寶-DR,30,0,30,華南永昌-潮州,2024-01-08,9328
6547,高端疫苗,26,0,26,華南永昌-潮州,2024-01-08,9328
00679B,元大美債20年,25,0,25,華南永昌-潮州,2024-01-08,9328
6770,力積電,29,6,23,華南永昌-潮州,2024-01-08,9328
3390,旭軟,22,0,22,華南永昌-潮州,2024-01-08,9328
2606,裕民,20,0,20,華南永昌-潮州,2024-01-08,9328
6142,友勁,20,0,20,華南永昌-潮州,2024-01-08,9328
6592B,和潤企業乙特,16,0,16,華南永昌-潮州,2024-01-08,9328
00753L,中信中國50正2,13,0,13,華南永昌-潮州,2024-01-08,9328
00687B,國泰20年美債,13,0,13,華南永昌-潮州,2024-01-08,9328
2618,長榮航,15,3,12,華南永昌-潮州,2024-01-08,9328
2610,華航,12,1,11,華南永昌-潮州,2024-01-08,9328
00715L,期街口布蘭特正2,15,4,11,華南永昌-潮州,2024-01-08,9328
00885,富邦越南,10,0,10,華南永昌-潮州,2024-01-08,9328
8222,寶一,25,15,10,華南永昌-潮州,2024-01-08,9328
00915,凱基優選高股息30,10,1,9,華南永昌-潮州,2024-01-08,9328
00655L,國泰中國A50正2,9,0,9,華南永昌-潮州,2024-01-08,9328
2409,友達,23,14,9,華南永昌-潮州,2024-01-08,9328
4909,新復興,9,0,9,華南永昌-潮州,2024-01-08,9328
2388,威盛,24,16,8,華南永昌-潮州,2024-01-08,9328
1815,富喬,11,3,8,華南永昌-潮州,2024-01-08,9328
4167,松瑞藥,7,0,7,華南永昌-潮州,2024-01-08,9328
2641,正德,25,19,6,華南永昌-潮州,2024-01-08,9328
00936,台新永續高息中小,6,0,6,華南永昌-潮州,2024-01-08,9328
2328,廣宇,6,0,6,華南永昌-潮州,2024-01-08,9328
2362,藍天,51,45,6,華南永昌-潮州,2024-01-08,9328
2890,永豐金,6,0,6,華南永昌-潮州,2024-01-08,9328
2605,新興,6,0,6,華南永昌-潮州,2024-01-08,9328
2353,宏��,113,108,5,華南永昌-潮州,2024-01-08,9328
00931B,統一美債20年,7,2,5,華南永昌-潮州,2024-01-08,9328
2002,中鋼,7,2,5,華南永昌-潮州,2024-01-08,9328
2038,海光,5,0,5,華南永昌-潮州,2024-01-08,9328
2363,矽統,6,1,5,華南永昌-潮州,2024-01-08,9328
2399,映泰,6,1,5,華南永昌-潮州,2024-01-08,9328
3019,亞光,5,0,5,華南永昌-潮州,2024-01-08,9328
3027,盛達,6,1,5,華南永昌-潮州,2024-01-08,9328
3041,揚智,10,5,5,華南永昌-潮州,2024-01-08,9328
00919,群益台灣精選高息,194,12,182,華南永昌-潮州,2024-01-09,9328
00929,復華台灣科技優息,112,1,111,華南永昌-潮州,2024-01-09,9328
6120,達運,112,20,92,華南永昌-潮州,2024-01-09,9328
4953,緯軟,73,1,72,華南永昌-潮州,2024-01-09,9328
3481,群創,81,15,66,華南永昌-潮州,2024-01-09,9328
2609,陽明,51,15,36,華南永昌-潮州,2024-01-09,9328
2353,宏��,162,127,35,華南永昌-潮州,2024-01-09,9328
2014,中鴻,33,0,33,華南永昌-潮州,2024-01-09,9328
00881,國泰台灣5G+,31,2,29,華南永昌-潮州,2024-01-09,9328
8222,寶一,36,9,27,華南永昌-潮州,2024-01-09,9328
2467,志聖,25,0,25,華南永昌-潮州,2024-01-09,9328
4167,松瑞藥,25,0,25,華南永昌-潮州,2024-01-09,9328
2634,漢翔,26,2,24,華南永昌-潮州,2024-01-09,9328
2324,仁寶,35,13,22,華南永昌-潮州,2024-01-09,9328
2342,茂矽,20,0,20,華南永昌-潮州,2024-01-09,9328
6108,競國,20,0,20,華南永昌-潮州,2024-01-09,9328
6167,久正,20,0,20,華南永昌-潮州,2024-01-09,9328
00715L,期街口布蘭特正2,22,5,17,華南永昌-潮州,2024-01-09,9328
1314,中石化,17,0,17,華南永昌-潮州,2024-01-09,9328
2421,建準,17,1,16,華南永昌-潮州,2024-01-09,9328
2610,華航,16,0,16,華南永昌-潮州,2024-01-09,9328
2617,台航,15,0,15,華南永昌-潮州,2024-01-09,9328
4744,皇將,13,0,13,華南永昌-潮州,2024-01-09,9328
00687B,國泰20年美債,12,0,12,華南永昌-潮州,2024-01-09,9328
00882,中信中國高股息,12,0,12,華南永昌-潮州,2024-01-09,9328
2603,長榮,19,7,12,華南永昌-潮州,2024-01-09,9328
1301,台塑,12,0,12,華南永昌-潮州,2024-01-09,9328
00937B,群益ESG投等債20,12,0,12,華南永昌-潮州,2024-01-09,9328
2607,榮運,20,9,11,華南永昌-潮州,2024-01-09,9328
5608,四維航,13,2,11,華南永昌-潮州,2024-01-09,9328
00877,復華中國5G,10,0,10,華南永昌-潮州,2024-01-09,9328
1312,國喬,10,0,10,華南永昌-潮州,2024-01-09,9328
3167,大量,10,0,10,華南永昌-潮州,2024-01-09,9328
8916,光隆,10,0,10,華南永昌-潮州,2024-01-09,9328
2002,中鋼,9,0,9,華南永昌-潮州,2024-01-09,9328
2641,正德,31,22,9,華南永昌-潮州,2024-01-09,9328
3078,僑威,8,0,8,華南永昌-潮州,2024-01-09,9328
2208,台船,8,0,8,華南永昌-潮州,2024-01-09,9328
6116,彩晶,8,0,8,華南永昌-潮州,2024-01-09,9328
2022,聚亨,8,0,8,華南永昌-潮州,2024-01-09,9328
00918,大華優利高填息30,7,0,7,華南永昌-潮州,2024-01-09,9328
2408,南亞科,7,0,7,華南永昌-潮州,2024-01-09,9328
4906,正文,7,0,7,華南永昌-潮州,2024-01-09,9328
2308,台達電,7,0,7,華南永昌-潮州,2024-01-09,9328
1108,幸福,6,0,6,華南永昌-潮州,2024-01-09,9328
5521,工信,6,0,6,華南永昌-潮州,2024-01-09,9328
6263,普萊德,6,0,6,華南永昌-潮州,2024-01-09,9328
00642U,期元大S＆P石油,5,0,5,華南永昌-潮州,2024-01-09,9328
00655L,國泰中國A50正2,5,0,5,華南永昌-潮州,2024-01-09,9328
2605,新興,5,0,5,華南永昌-潮州,2024-01-09,9328
2801,彰銀,102,4,98,華南永昌-潮州,2024-01-10,9328
2610,華航,88,0,88,華南永昌-潮州,2024-01-10,9328
2399,映泰,50,0,50,華南永昌-潮州,2024-01-10,9328
3260,威剛,76,26,50,華南永昌-潮州,2024-01-10,9328
00919,群益台灣精選高息,53,10,43,華南永昌-潮州,2024-01-10,9328
00929,復華台灣科技優息,40,5,35,華南永昌-潮州,2024-01-10,9328
8222,寶一,45,15,30,華南永昌-潮州,2024-01-10,9328
6770,力積電,32,4,28,華南永昌-潮州,2024-01-10,9328
5425,台半,27,0,27,華南永昌-潮州,2024-01-10,9328
0056,元大高股息,28,1,27,華南永昌-潮州,2024-01-10,9328
00904,新光臺灣半導體30,25,0,25,華南永昌-潮州,2024-01-10,9328
3481,群創,39,14,25,華南永昌-潮州,2024-01-10,9328
2461,光群雷,24,2,22,華南永昌-潮州,2024-01-10,9328
00878,國泰永續高股息,22,1,21,華南永昌-潮州,2024-01-10,9328
1312,國喬,21,0,21,華南永昌-潮州,2024-01-10,9328
1314,中石化,21,0,21,華南永昌-潮州,2024-01-10,9328
2888,新光金,20,0,20,華南永昌-潮州,2024-01-10,9328
5521,工信,25,6,19,華南永昌-潮州,2024-01-10,9328
00927,群益半導體收益,18,1,17,華南永昌-潮州,2024-01-10,9328
3230,錦明,17,1,16,華南永昌-潮州,2024-01-10,9328
2356,英業達,74,59,15,華南永昌-潮州,2024-01-10,9328
5608,四維航,15,0,15,華南永昌-潮州,2024-01-10,9328
8477,創業家,15,0,15,華南永昌-潮州,2024-01-10,9328
2353,宏��,110,96,14,華南永昌-潮州,2024-01-10,9328
00687B,國泰20年美債,14,0,14,華南永昌-潮州,2024-01-10,9328
2014,中鴻,14,0,14,華南永昌-潮州,2024-01-10,9328
1608,華榮,14,2,12,華南永昌-潮州,2024-01-10,9328
3346,麗清,12,0,12,華南永昌-潮州,2024-01-10,9328
6108,競國,12,0,12,華南永昌-潮州,2024-01-10,9328
1325,恆大,13,2,11,華南永昌-潮州,2024-01-10,9328
2617,台航,11,0,11,華南永昌-潮州,2024-01-10,9328
3041,揚智,11,0,11,華南永昌-潮州,2024-01-10,9328
8111,立��,12,1,11,華南永昌-潮州,2024-01-10,9328
2409,友達,16,5,11,華南永昌-潮州,2024-01-10,9328
00673R,期元大S＆P原油反1,10,0,10,華南永昌-潮州,2024-01-10,9328
1455,集盛,10,0,10,華南永昌-潮州,2024-01-10,9328
1718,中纖,10,0,10,華南永昌-潮州,2024-01-10,9328
2634,漢翔,83,73,10,華南永昌-潮州,2024-01-10,9328
6026,福邦證,10,0,10,華南永昌-潮州,2024-01-10,9328
8916,光隆,10,0,10,華南永昌-潮州,2024-01-10,9328
1605,華新,11,2,9,華南永昌-潮州,2024-01-10,9328
2367,燿華,9,0,9,華南永昌-潮州,2024-01-10,9328
8011,台通,111,103,8,華南永昌-潮州,2024-01-10,9328
00679B,元大美債20年,7,0,7,華南永昌-潮州,2024-01-10,9328
1609,大亞,11,4,7,華南永昌-潮州,2024-01-10,9328
2362,藍天,16,9,7,華南永昌-潮州,2024-01-10,9328
3042,晶技,7,0,7,華南永昌-潮州,2024-01-10,9328
4956,光鋐,30,23,7,華南永昌-潮州,2024-01-10,9328
6274,台燿,7,0,7,華南永昌-潮州,2024-01-10,9328
2301,光寶科,36,30,6,華南永昌-潮州,2024-01-10,9328
00929,復華台灣科技優息,73,3,70,華南永昌-潮州,2024-01-11,9328
1815,富喬,69,2,67,華南永昌-潮州,2024-01-11,9328
00919,群益台灣精選高息,60,11,49,華南永昌-潮州,2024-01-11,9328
2609,陽明,55,12,43,華南永昌-潮州,2024-01-11,9328
3711,日月光投控,41,0,41,華南永昌-潮州,2024-01-11,9328
5426,振發,57,19,38,華南永昌-潮州,2024-01-11,9328
2888,新光金,50,13,37,華南永昌-潮州,2024-01-11,9328
4304,勝昱,29,0,29,華南永昌-潮州,2024-01-11,9328
2353,宏��,88,61,27,華南永昌-潮州,2024-01-11,9328
3714,富采,27,0,27,華南永昌-潮州,2024-01-11,9328
00687B,國泰20年美債,25,0,25,華南永昌-潮州,2024-01-11,9328
00679B,元大美債20年,17,0,17,華南永昌-潮州,2024-01-11,9328
2449,京元電子,18,2,16,華南永昌-潮州,2024-01-11,9328
6532,瑞耘,16,0,16,華南永昌-潮州,2024-01-11,9328
00882,中信中國高股息,15,0,15,華南永昌-潮州,2024-01-11,9328
4956,光鋐,122,109,13,華南永昌-潮州,2024-01-11,9328
5351,鈺創,14,1,13,華南永昌-潮州,2024-01-11,9328
2409,友達,19,7,12,華南永昌-潮州,2024-01-11,9328
2745,五福,12,0,12,華南永昌-潮州,2024-01-11,9328
2301,光寶科,12,0,12,華南永昌-潮州,2024-01-11,9328
2891,中信金,15,4,11,華南永昌-潮州,2024-01-11,9328
3543,州巧,10,0,10,華南永昌-潮州,2024-01-11,9328
00937B,群益ESG投等債20,10,0,10,華南永昌-潮州,2024-01-11,9328
2303,聯電,12,2,10,華南永昌-潮州,2024-01-11,9328
1229,聯華,10,0,10,華南永昌-潮州,2024-01-11,9328
2349,錸德,10,0,10,華南永昌-潮州,2024-01-11,9328
2884,玉山金,10,0,10,華南永昌-潮州,2024-01-11,9328
00904,新光臺灣半導體30,9,0,9,華南永昌-潮州,2024-01-11,9328
2484,希華,10,2,8,華南永昌-潮州,2024-01-11,9328
6108,競國,10,2,8,華南永昌-潮州,2024-01-11,9328
6140,訊達,9,1,8,華南永昌-潮州,2024-01-11,9328
2330,台積電,10,3,7,華南永昌-潮州,2024-01-11,9328
00927,群益半導體收益,7,0,7,華南永昌-潮州,2024-01-11,9328
2882,國泰金,7,0,7,華南永昌-潮州,2024-01-11,9328
00770,國泰北美科技,7,0,7,華南永昌-潮州,2024-01-11,9328
2324,仁寶,15,8,7,華南永昌-潮州,2024-01-11,9328
6226,光鼎,10,3,7,華南永昌-潮州,2024-01-11,9328
0056,元大高股息,18,11,7,華南永昌-潮州,2024-01-11,9328
2511,太子,6,0,6,華南永昌-潮州,2024-01-11,9328
1301,台塑,8,2,6,華南永昌-潮州,2024-01-11,9328
1303,南亞,6,0,6,華南永昌-潮州,2024-01-11,9328
5521,工信,6,0,6,華南永昌-潮州,2024-01-11,9328
00715L,期街口布蘭特正2,11,5,6,華南永昌-潮州,2024-01-11,9328
5483,中美晶,6,0,6,華南永昌-潮州,2024-01-11,9328
8096,擎亞,25,19,6,華南永昌-潮州,2024-01-11,9328
2388,威盛,11,6,5,華南永昌-潮州,2024-01-11,9328
00795B,中信美國公債20年,5,0,5,華南永昌-潮州,2024-01-11,9328
00720B,元大投資級公司債,5,0,5,華南永昌-潮州,2024-01-11,9328
00632R,元大台灣50反1,5,0,5,華南永昌-潮州,2024-01-11,9328
1721,三晃,5,0,5,華南永昌-潮州,2024-01-11,9328
00929,復華台灣科技優息,205,1,204,華南永昌-潮州,2024-01-12,9328
3217,優群,68,0,68,華南永昌-潮州,2024-01-12,9328
5426,振發,108,46,62,華南永昌-潮州,2024-01-12,9328
3014,聯陽,38,0,38,華南永昌-潮州,2024-01-12,9328
00688L,國泰20年美債正2,55,20,35,華南永昌-潮州,2024-01-12,9328
8222,寶一,45,10,35,華南永昌-潮州,2024-01-12,9328
00927,群益半導體收益,34,0,34,華南永昌-潮州,2024-01-12,9328
5425,台半,28,0,28,華南永昌-潮州,2024-01-12,9328
6164,華興,29,1,28,華南永昌-潮州,2024-01-12,9328
1305,華夏,20,0,20,華南永昌-潮州,2024-01-12,9328
3576,聯合再生,20,0,20,華南永昌-潮州,2024-01-12,9328
00878,國泰永續高股息,18,0,18,華南永昌-潮州,2024-01-12,9328
00687B,國泰20年美債,17,2,15,華南永昌-潮州,2024-01-12,9328
5443,均豪,14,0,14,華南永昌-潮州,2024-01-12,9328
2329,華泰,19,6,13,華南永昌-潮州,2024-01-12,9328
2888,新光金,25,12,13,華南永昌-潮州,2024-01-12,9328
6770,力積電,14,1,13,華南永昌-潮州,2024-01-12,9328
6695,芯鼎,62,49,13,華南永昌-潮州,2024-01-12,9328
2880,華南金,10,0,10,華南永昌-潮州,2024-01-12,9328
3041,揚智,18,8,10,華南永昌-潮州,2024-01-12,9328
00673R,期元大S＆P原油反1,10,0,10,華南永昌-潮州,2024-01-12,9328
1303,南亞,10,0,10,華南永昌-潮州,2024-01-12,9328
1447,力鵬,10,0,10,華南永昌-潮州,2024-01-12,9328
1815,富喬,11,1,10,華南永昌-潮州,2024-01-12,9328
4167,松瑞藥,10,0,10,華南永昌-潮州,2024-01-12,9328
4909,新復興,21,11,10,華南永昌-潮州,2024-01-12,9328
6443,元晶,10,0,10,華南永昌-潮州,2024-01-12,9328
6530,創威,12,2,10,華南永昌-潮州,2024-01-12,9328
2303,聯電,25,16,9,華南永昌-潮州,2024-01-12,9328
00904,新光臺灣半導體30,10,1,9,華南永昌-潮州,2024-01-12,9328
4108,懷特,8,0,8,華南永昌-潮州,2024-01-12,9328
00937B,群益ESG投等債20,8,0,8,華南永昌-潮州,2024-01-12,9328
00919,群益台灣精選高息,10,3,7,華南永昌-潮州,2024-01-12,9328
3037,欣興,7,0,7,華南永昌-潮州,2024-01-12,9328
1314,中石化,7,0,7,華南永昌-潮州,2024-01-12,9328
3706,神達,12,5,7,華南永昌-潮州,2024-01-12,9328
5347,世界,8,1,7,華南永昌-潮州,2024-01-12,9328
0056,元大高股息,14,8,6,華南永昌-潮州,2024-01-12,9328
2436,偉詮電,6,0,6,華南永昌-潮州,2024-01-12,9328
1605,華新,6,0,6,華南永昌-潮州,2024-01-12,9328
2504,國產,6,0,6,華南永昌-潮州,2024-01-12,9328
2734,易飛網,6,0,6,華南永昌-潮州,2024-01-12,9328
3499,環天科,6,0,6,華南永昌-潮州,2024-01-12,9328
6223,旺矽,9,3,6,華南永昌-潮州,2024-01-12,9328
2324,仁寶,8,2,6,華南永昌-潮州,2024-01-12,9328
00936,台新永續高息中小,5,0,5,華南永昌-潮州,2024-01-12,9328
00881,國泰台灣5G+,7,2,5,華南永昌-潮州,2024-01-12,9328
3030,德律,5,0,5,華南永昌-潮州,2024-01-12,9328
1101,台泥,5,0,5,華南永昌-潮州,2024-01-12,9328
1612,宏泰,5,0,5,華南永昌-潮州,2024-01-12,9328
6120,達運,129,4,125,華南永昌-潮州,2024-01-15,9328
2743,山富,119,0,119,華南永昌-潮州,2024-01-15,9328
00929,復華台灣科技優息,111,0,111,華南永昌-潮州,2024-01-15,9328
2618,長榮航,74,19,55,華南永昌-潮州,2024-01-15,9328
00937B,群益ESG投等債20,47,0,47,華南永昌-潮州,2024-01-15,9328
2356,英業達,84,42,42,華南永昌-潮州,2024-01-15,9328
6127,九豪,42,0,42,華南永昌-潮州,2024-01-15,9328
2634,漢翔,44,7,37,華南永昌-潮州,2024-01-15,9328
00680L,元大美債20正2,33,0,33,華南永昌-潮州,2024-01-15,9328
1314,中石化,27,0,27,華南永昌-潮州,2024-01-15,9328
2609,陽明,46,24,22,華南永昌-潮州,2024-01-15,9328
1618,合機,21,0,21,華南永昌-潮州,2024-01-15,9328
00904,新光臺灣半導體30,21,0,21,華南永昌-潮州,2024-01-15,9328
2537,聯上發,20,0,20,華南永昌-潮州,2024-01-15,9328
2610,華航,21,1,20,華南永昌-潮州,2024-01-15,9328
00928,中信上櫃ESG30,19,2,17,華南永昌-潮州,2024-01-15,9328
0056,元大高股息,16,0,16,華南永昌-潮州,2024-01-15,9328
00878,國泰永續高股息,20,5,15,華南永昌-潮州,2024-01-15,9328
2412,中華電,13,1,12,華南永昌-潮州,2024-01-15,9328
3311,閎暉,12,0,12,華南永昌-潮州,2024-01-15,9328
6443,元晶,31,19,12,華南永昌-潮州,2024-01-15,9328
2308,台達電,11,1,10,華南永昌-潮州,2024-01-15,9328
2520,冠德,25,15,10,華南永昌-潮州,2024-01-15,9328
3664,安瑞-KY,11,1,10,華南永昌-潮州,2024-01-15,9328
5302,太欣,10,0,10,華南永昌-潮州,2024-01-15,9328
6530,創威,12,2,10,華南永昌-潮州,2024-01-15,9328
2409,友達,14,5,9,華南永昌-潮州,2024-01-15,9328
2405,輔信,15,6,9,華南永昌-潮州,2024-01-15,9328
2208,台船,13,5,8,華南永昌-潮州,2024-01-15,9328
00882,中信中國高股息,8,0,8,華南永昌-潮州,2024-01-15,9328
2324,仁寶,11,3,8,華南永昌-潮州,2024-01-15,9328
3362,先進光,16,8,8,華南永昌-潮州,2024-01-15,9328
6244,茂迪,8,0,8,華南永昌-潮州,2024-01-15,9328
00687B,國泰20年美債,8,0,8,華南永昌-潮州,2024-01-15,9328
3017,奇鋐,7,0,7,華南永昌-潮州,2024-01-15,9328
2349,錸德,7,0,7,華南永昌-潮州,2024-01-15,9328
2890,永豐金,7,0,7,華南永昌-潮州,2024-01-15,9328
3576,聯合再生,7,0,7,華南永昌-潮州,2024-01-15,9328
8034,榮群,11,4,7,華南永昌-潮州,2024-01-15,9328
1514,亞力,33,26,7,華南永昌-潮州,2024-01-15,9328
00918,大華優利高填息30,7,1,6,華南永昌-潮州,2024-01-15,9328
1522,堤維西,6,0,6,華南永昌-潮州,2024-01-15,9328
1532,勤美,7,1,6,華南永昌-潮州,2024-01-15,9328
2641,正德,6,0,6,華南永昌-潮州,2024-01-15,9328
3706,神達,10,4,6,華南永昌-潮州,2024-01-15,9328
8926,台汽電,6,0,6,華南永昌-潮州,2024-01-15,9328
2352,佳世達,11,5,6,華南永昌-潮州,2024-01-15,9328
00715L,期街口布蘭特正2,5,0,5,華南永昌-潮州,2024-01-15,9328
00725B,國泰投資級公司債,5,0,5,華南永昌-潮州,2024-01-15,9328
2408,南亞科,5,0,5,華南永昌-潮州,2024-01-15,9328
2801,彰銀,332,5,327,華南永昌-潮州,2024-01-16,9328
00929,復華台灣科技優息,120,0,120,華南永昌-潮州,2024-01-16,9328
0056,元大高股息,78,6,72,華南永昌-潮州,2024-01-16,9328
2892,第一金,65,0,65,華南永昌-潮州,2024-01-16,9328
2312,金寶,61,0,61,華南永昌-潮州,2024-01-16,9328
00688L,國泰20年美債正2,50,0,50,華南永昌-潮州,2024-01-16,9328
5272,笙科,50,1,49,華南永昌-潮州,2024-01-16,9328
6233,旺玖,68,19,49,華南永昌-潮州,2024-01-16,9328
2486,一詮,31,0,31,華南永昌-潮州,2024-01-16,9328
2303,聯電,38,8,30,華南永昌-潮州,2024-01-16,9328
2208,台船,29,0,29,華南永昌-潮州,2024-01-16,9328
3287,廣寰科,37,11,26,華南永昌-潮州,2024-01-16,9328
6443,元晶,41,16,25,華南永昌-潮州,2024-01-16,9328
2888,新光金,24,0,24,華南永昌-潮州,2024-01-16,9328
1314,中石化,36,14,22,華南永昌-潮州,2024-01-16,9328
2002,中鋼,21,0,21,華南永昌-潮州,2024-01-16,9328
2609,陽明,24,4,20,華南永昌-潮州,2024-01-16,9328
6770,力積電,21,1,20,華南永昌-潮州,2024-01-16,9328
1609,大亞,23,3,20,華南永昌-潮州,2024-01-16,9328
5328,華容,20,0,20,華南永昌-潮州,2024-01-16,9328
2882,國泰金,19,0,19,華南永昌-潮州,2024-01-16,9328
00712,復華富時不動產,21,4,17,華南永昌-潮州,2024-01-16,9328
1101,台泥,17,0,17,華南永昌-潮州,2024-01-16,9328
4167,松瑞藥,16,0,16,華南永昌-潮州,2024-01-16,9328
2880,華南金,15,0,15,華南永昌-潮州,2024-01-16,9328
00878,國泰永續高股息,19,5,14,華南永昌-潮州,2024-01-16,9328
2014,中鴻,14,0,14,華南永昌-潮州,2024-01-16,9328
2630,亞航,22,9,13,華南永昌-潮州,2024-01-16,9328
5483,中美晶,12,0,12,華南永昌-潮州,2024-01-16,9328
1504,東元,12,1,11,華南永昌-潮州,2024-01-16,9328
3078,僑威,11,0,11,華南永昌-潮州,2024-01-16,9328
3706,神達,14,3,11,華南永昌-潮州,2024-01-16,9328
6108,競國,11,0,11,華南永昌-潮州,2024-01-16,9328
8096,擎亞,27,16,11,華南永昌-潮州,2024-01-16,9328
2330,台積電,22,11,11,華南永昌-潮州,2024-01-16,9328
2885,元大金,10,0,10,華南永昌-潮州,2024-01-16,9328
2883,凱基金,10,0,10,華南永昌-潮州,2024-01-16,9328
00687B,國泰20年美債,14,4,10,華南永昌-潮州,2024-01-16,9328
1319,東陽,10,0,10,華南永昌-潮州,2024-01-16,9328
1455,集盛,10,0,10,華南永昌-潮州,2024-01-16,9328
1618,合機,10,0,10,華南永昌-潮州,2024-01-16,9328
6190,萬泰科,10,0,10,華南永昌-潮州,2024-01-16,9328
2421,建準,10,1,9,華南永昌-潮州,2024-01-16,9328
2399,映泰,9,0,9,華南永昌-潮州,2024-01-16,9328
2834,臺企銀,12,3,9,華南永昌-潮州,2024-01-16,9328
6505,台塑化,9,0,9,華南永昌-潮州,2024-01-16,9328
2887,台新金,8,0,8,華南永昌-潮州,2024-01-16,9328
1434,福懋,16,8,8,華南永昌-潮州,2024-01-16,9328
1303,南亞,8,0,8,華南永昌-潮州,2024-01-16,9328
00650L,復華香港正2,8,0,8,華南永昌-潮州,2024-01-16,9328
00919,群益台灣精選高息,212,0,212,華南永昌-潮州,2024-01-17,9328
2303,聯電,223,15,208,華南永昌-潮州,2024-01-17,9328
00929,復華台灣科技優息,207,34,173,華南永昌-潮州,2024-01-17,9328
00882,中信中國高股息,130,11,119,華南永昌-潮州,2024-01-17,9328
2801,彰銀,102,0,102,華南永昌-潮州,2024-01-17,9328
0056,元大高股息,81,16,65,華南永昌-潮州,2024-01-17,9328
2883,凱基金,61,3,58,華南永昌-潮州,2024-01-17,9328
2371,大同,50,0,50,華南永昌-潮州,2024-01-17,9328
1314,中石化,47,7,40,華南永昌-潮州,2024-01-17,9328
2344,華邦電,39,1,38,華南永昌-潮州,2024-01-17,9328
2337,旺宏,41,3,38,華南永昌-潮州,2024-01-17,9328
6127,九豪,50,19,31,華南永昌-潮州,2024-01-17,9328
2002,中鋼,27,0,27,華南永昌-潮州,2024-01-17,9328
6770,力積電,27,0,27,華南永昌-潮州,2024-01-17,9328
00679B,元大美債20年,27,2,25,華南永昌-潮州,2024-01-17,9328
2610,華航,24,0,24,華南永昌-潮州,2024-01-17,9328
2317,鴻海,23,0,23,華南永昌-潮州,2024-01-17,9328
2324,仁寶,32,9,23,華南永昌-潮州,2024-01-17,9328
5425,台半,22,1,21,華南永昌-潮州,2024-01-17,9328
3025,星通,35,16,19,華南永昌-潮州,2024-01-17,9328
8092,建暐,21,2,19,華南永昌-潮州,2024-01-17,9328
2892,第一金,19,0,19,華南永昌-潮州,2024-01-17,9328
2881,富邦金,16,0,16,華南永昌-潮州,2024-01-17,9328
2634,漢翔,15,0,15,華南永昌-潮州,2024-01-17,9328
3149,正達,15,0,15,華南永昌-潮州,2024-01-17,9328
4529,淳紳,21,6,15,華南永昌-潮州,2024-01-17,9328
2455,全新,16,2,14,華南永昌-潮州,2024-01-17,9328
2486,一詮,56,42,14,華南永昌-潮州,2024-01-17,9328
00720B,元大投資級公司債,13,0,13,華南永昌-潮州,2024-01-17,9328
2105,正新,13,0,13,華南永昌-潮州,2024-01-17,9328
2886,兆豐金,13,1,12,華南永昌-潮州,2024-01-17,9328
00937B,群益ESG投等債20,14,2,12,華南永昌-潮州,2024-01-17,9328
5880,合庫金,12,0,12,華南永昌-潮州,2024-01-17,9328
6015,宏遠證,12,0,12,華南永昌-潮州,2024-01-17,9328
2882,國泰金,11,0,11,華南永昌-潮州,2024-01-17,9328
00927,群益半導體收益,11,0,11,華南永昌-潮州,2024-01-17,9328
0050,元大台灣50,12,1,11,華南永昌-潮州,2024-01-17,9328
00722B,群益投資級電信債,11,0,11,華南永昌-潮州,2024-01-17,9328
1504,東元,11,0,11,華南永昌-潮州,2024-01-17,9328
2885,元大金,10,0,10,華南永昌-潮州,2024-01-17,9328
00724B,群益投資級金融債,10,0,10,華南永昌-潮州,2024-01-17,9328
00665L,富邦�琤肭磪囓�2,10,0,10,華南永昌-潮州,2024-01-17,9328
6108,競國,10,0,10,華南永昌-潮州,2024-01-17,9328
6129,普誠,10,0,10,華南永昌-潮州,2024-01-17,9328
00923,群益台ESG低碳50,9,0,9,華南永昌-潮州,2024-01-17,9328
2457,飛宏,14,5,9,華南永昌-潮州,2024-01-17,9328
2618,長榮航,10,1,9,華南永昌-潮州,2024-01-17,9328
2888,新光金,9,0,9,華南永昌-潮州,2024-01-17,9328
6443,元晶,11,2,9,華南永昌-潮州,2024-01-17,9328
2887,台新金,8,0,8,華南永昌-潮州,2024-01-17,9328
00706L,期元大S＆P日圓正2,400,0,400,華南永昌-潮州,2024-01-18,9328
00929,復華台灣科技優息,167,6,161,華南永昌-潮州,2024-01-18,9328
3321,同泰,80,0,80,華南永昌-潮州,2024-01-18,9328
6120,達運,140,64,76,華南永昌-潮州,2024-01-18,9328
00919,群益台灣精選高息,70,2,68,華南永昌-潮州,2024-01-18,9328
00688L,國泰20年美債正2,50,0,50,華南永昌-潮州,2024-01-18,9328
00882,中信中國高股息,51,5,46,華南永昌-潮州,2024-01-18,9328
4960,誠美材,43,0,43,華南永昌-潮州,2024-01-18,9328
6668,中揚光,40,4,36,華南永昌-潮州,2024-01-18,9328
00937B,群益ESG投等債20,22,0,22,華南永昌-潮州,2024-01-18,9328
2356,英業達,56,37,19,華南永昌-潮州,2024-01-18,9328
8222,寶一,18,0,18,華南永昌-潮州,2024-01-18,9328
6770,力積電,24,7,17,華南永昌-潮州,2024-01-18,9328
1101,台泥,13,0,13,華南永昌-潮州,2024-01-18,9328
6472,保瑞,13,0,13,華南永昌-潮州,2024-01-18,9328
00918,大華優利高填息30,13,0,13,華南永昌-潮州,2024-01-18,9328
00712,復華富時不動產,12,0,12,華南永昌-潮州,2024-01-18,9328
2382,廣達,18,7,11,華南永昌-潮州,2024-01-18,9328
2371,大同,15,4,11,華南永昌-潮州,2024-01-18,9328
5880,合庫金,10,0,10,華南永昌-潮州,2024-01-18,9328
2460,建通,10,0,10,華南永昌-潮州,2024-01-18,9328
2887,台新金,10,0,10,華南永昌-潮州,2024-01-18,9328
5425,台半,10,0,10,華南永昌-潮州,2024-01-18,9328
6288,聯嘉,10,0,10,華南永昌-潮州,2024-01-18,9328
0056,元大高股息,20,10,10,華南永昌-潮州,2024-01-18,9328
00720B,元大投資級公司債,9,0,9,華南永昌-潮州,2024-01-18,9328
2303,聯電,27,18,9,華南永昌-潮州,2024-01-18,9328
00679B,元大美債20年,8,0,8,華南永昌-潮州,2024-01-18,9328
2313,華通,11,3,8,華南永昌-潮州,2024-01-18,9328
1303,南亞,8,0,8,華南永昌-潮州,2024-01-18,9328
00878,國泰永續高股息,12,4,8,華南永昌-潮州,2024-01-18,9328
00637L,元大滬深300正2,27,20,7,華南永昌-潮州,2024-01-18,9328
6550,北極星藥業-KY,7,0,7,華南永昌-潮州,2024-01-18,9328
8011,台通,43,36,7,華南永昌-潮州,2024-01-18,9328
2881,富邦金,6,0,6,華南永昌-潮州,2024-01-18,9328
6278,台表科,6,0,6,華南永昌-潮州,2024-01-18,9328
8112,至上,8,2,6,華南永昌-潮州,2024-01-18,9328
6245,立端,5,0,5,華南永昌-潮州,2024-01-18,9328
00701,國泰股利精選30,5,0,5,華南永昌-潮州,2024-01-18,9328
2615,萬海,13,8,5,華南永昌-潮州,2024-01-18,9328
00673R,期元大S＆P原油反1,5,0,5,華南永昌-潮州,2024-01-18,9328
1104,環泥,5,0,5,華南永昌-潮州,2024-01-18,9328
2002,中鋼,8,3,5,華南永昌-潮州,2024-01-18,9328
2405,輔信,33,28,5,華南永昌-潮州,2024-01-18,9328
2617,台航,5,0,5,華南永昌-潮州,2024-01-18,9328
3260,威剛,25,20,5,華南永昌-潮州,2024-01-18,9328
4551,智伸科,5,0,5,華南永昌-潮州,2024-01-18,9328
6127,九豪,5,0,5,華南永昌-潮州,2024-01-18,9328
6605,帝寶,5,0,5,華南永昌-潮州,2024-01-18,9328
00687B,國泰20年美債,4,0,4,華南永昌-潮州,2024-01-18,9328
00882,中信中國高股息,282,40,242,華南永昌-潮州,2024-01-19,9328
00688L,國泰20年美債正2,115,0,115,華南永昌-潮州,2024-01-19,9328
00929,復華台灣科技優息,70,1,69,華南永昌-潮州,2024-01-19,9328
00931B,統一美債20年,57,0,57,華南永昌-潮州,2024-01-19,9328
00937B,群益ESG投等債20,58,2,56,華南永昌-潮州,2024-01-19,9328
2303,聯電,39,4,35,華南永昌-潮州,2024-01-19,9328
00679B,元大美債20年,26,0,26,華南永昌-潮州,2024-01-19,9328
3149,正達,24,0,24,華南永昌-潮州,2024-01-19,9328
6770,力積電,25,1,24,華南永昌-潮州,2024-01-19,9328
2618,長榮航,25,2,23,華南永昌-潮州,2024-01-19,9328
6288,聯嘉,22,0,22,華南永昌-潮州,2024-01-19,9328
2356,英業達,112,90,22,華南永昌-潮州,2024-01-19,9328
00632R,元大台灣50反1,20,0,20,華南永昌-潮州,2024-01-19,9328
1533,車王電,20,0,20,華南永昌-潮州,2024-01-19,9328
4167,松瑞藥,20,0,20,華南永昌-潮州,2024-01-19,9328
6698,旭暉應材,20,0,20,華南永昌-潮州,2024-01-19,9328
1608,華榮,28,9,19,華南永昌-潮州,2024-01-19,9328
3623,富晶通,20,2,18,華南永昌-潮州,2024-01-19,9328
1815,富喬,17,0,17,華南永昌-潮州,2024-01-19,9328
00680L,元大美債20正2,16,0,16,華南永昌-潮州,2024-01-19,9328
00720B,元大投資級公司債,17,3,14,華南永昌-潮州,2024-01-19,9328
2610,華航,13,0,13,華南永昌-潮州,2024-01-19,9328
2923,鼎固-KY,13,0,13,華南永昌-潮州,2024-01-19,9328
2002,中鋼,14,1,13,華南永昌-潮州,2024-01-19,9328
3029,零壹,12,1,11,華南永昌-潮州,2024-01-19,9328
3047,訊舟,31,20,11,華南永昌-潮州,2024-01-19,9328
00919,群益台灣精選高息,13,2,11,華南永昌-潮州,2024-01-19,9328
2882,國泰金,10,0,10,華南永昌-潮州,2024-01-19,9328
2727,王品,10,0,10,華南永昌-潮州,2024-01-19,9328
2486,一詮,12,2,10,華南永昌-潮州,2024-01-19,9328
3276,宇環,10,0,10,華南永昌-潮州,2024-01-19,9328
5302,太欣,10,0,10,華南永昌-潮州,2024-01-19,9328
6167,久正,10,0,10,華南永昌-潮州,2024-01-19,9328
0056,元大高股息,12,2,10,華南永昌-潮州,2024-01-19,9328
6120,達運,23,14,9,華南永昌-潮州,2024-01-19,9328
6155,鈞寶,29,20,9,華南永昌-潮州,2024-01-19,9328
8011,台通,9,0,9,華南永昌-潮州,2024-01-19,9328
8089,康全電訊,9,0,9,華南永昌-潮州,2024-01-19,9328
1101,台泥,8,0,8,華南永昌-潮州,2024-01-19,9328
00712,復華富時不動產,8,0,8,華南永昌-潮州,2024-01-19,9328
2208,台船,15,7,8,華南永昌-潮州,2024-01-19,9328
3714,富采,8,0,8,華南永昌-潮州,2024-01-19,9328
2353,宏��,54,46,8,華南永昌-潮州,2024-01-19,9328
6244,茂迪,10,3,7,華南永昌-潮州,2024-01-19,9328
2603,長榮,8,1,7,華南永昌-潮州,2024-01-19,9328
00764B,群益25年美債,6,0,6,華南永昌-潮州,2024-01-19,9328
00904,新光臺灣半導體30,9,3,6,華南永昌-潮州,2024-01-19,9328
2892,第一金,6,0,6,華南永昌-潮州,2024-01-19,9328
2609,陽明,20,14,6,華南永昌-潮州,2024-01-19,9328
00773B,中信優先金融債,5,0,5,華南永昌-潮州,2024-01-19,9328
2888,新光金,300,1,299,華南永昌-潮州,2024-01-22,9328
2609,陽明,155,28,127,華南永昌-潮州,2024-01-22,9328
2208,台船,120,0,120,華南永昌-潮州,2024-01-22,9328
2618,長榮航,106,3,103,華南永昌-潮州,2024-01-22,9328
2371,大同,87,8,79,華南永昌-潮州,2024-01-22,9328
00650L,復華香港正2,70,10,60,華南永昌-潮州,2024-01-22,9328
00882,中信中國高股息,106,49,57,華南永昌-潮州,2024-01-22,9328
2369,菱生,38,1,37,華南永昌-潮州,2024-01-22,9328
3715,定穎投控,42,5,37,華南永昌-潮州,2024-01-22,9328
6770,力積電,52,17,35,華南永昌-潮州,2024-01-22,9328
00665L,富邦�琤肭磪囓�2,31,0,31,華南永昌-潮州,2024-01-22,9328
00680L,元大美債20正2,30,0,30,華南永昌-潮州,2024-01-22,9328
1533,車王電,30,0,30,華南永昌-潮州,2024-01-22,9328
1802,台玻,25,0,25,華南永昌-潮州,2024-01-22,9328
3260,威剛,45,22,23,華南永昌-潮州,2024-01-22,9328
1815,富喬,25,2,23,華南永昌-潮州,2024-01-22,9328
2731,雄獅,19,0,19,華南永昌-潮州,2024-01-22,9328
2743,山富,19,0,19,華南永昌-潮州,2024-01-22,9328
6189,豐藝,20,1,19,華南永昌-潮州,2024-01-22,9328
00902,中信電池及儲能,17,0,17,華南永昌-潮州,2024-01-22,9328
00671R,富邦NASDAQ反1,15,0,15,華南永昌-潮州,2024-01-22,9328
1210,大成,15,0,15,華南永昌-潮州,2024-01-22,9328
3615,安可,22,7,15,華南永昌-潮州,2024-01-22,9328
2367,燿華,15,1,14,華南永昌-潮州,2024-01-22,9328
2461,光群雷,14,0,14,華南永昌-潮州,2024-01-22,9328
4167,松瑞藥,13,0,13,華南永昌-潮州,2024-01-22,9328
6120,達運,16,3,13,華南永昌-潮州,2024-01-22,9328
2330,台積電,21,8,13,華南永昌-潮州,2024-01-22,9328
00687B,國泰20年美債,11,0,11,華南永昌-潮州,2024-01-22,9328
2405,輔信,21,10,11,華南永昌-潮州,2024-01-22,9328
2485,兆赫,11,1,10,華南永昌-潮州,2024-01-22,9328
2329,華泰,124,114,10,華南永昌-潮州,2024-01-22,9328
2892,第一金,10,0,10,華南永昌-潮州,2024-01-22,9328
5443,均豪,10,0,10,華南永昌-潮州,2024-01-22,9328
6113,亞矽,12,2,10,華南永昌-潮州,2024-01-22,9328
8028,昇陽半導體,10,0,10,華南永昌-潮州,2024-01-22,9328
2002,中鋼,11,2,9,華南永昌-潮州,2024-01-22,9328
00715L,期街口布蘭特正2,9,0,9,華南永昌-潮州,2024-01-22,9328
2637,慧洋-KY,10,1,9,華南永昌-潮州,2024-01-22,9328
2923,鼎固-KY,9,0,9,華南永昌-潮州,2024-01-22,9328
3339,泰谷,12,3,9,華南永昌-潮州,2024-01-22,9328
8201,無敵,11,2,9,華南永昌-潮州,2024-01-22,9328
2355,敬鵬,8,0,8,華南永昌-潮州,2024-01-22,9328
2603,長榮,10,3,7,華南永昌-潮州,2024-01-22,9328
00927,群益半導體收益,10,3,7,華南永昌-潮州,2024-01-22,9328
3066,李洲,8,1,7,華南永昌-潮州,2024-01-22,9328
5880,合庫金,7,0,7,華南永昌-潮州,2024-01-22,9328
2317,鴻海,11,4,7,華南永昌-潮州,2024-01-22,9328
2316,楠梓電,14,8,6,華南永昌-潮州,2024-01-22,9328
2354,鴻準,7,1,6,華南永昌-潮州,2024-01-22,9328
00637L,元大滬深300正2,116,36,80,華南永昌-潮州,2024-01-23,9328
00632R,元大台灣50反1,78,0,78,華南永昌-潮州,2024-01-23,9328
00882,中信中國高股息,51,0,51,華南永昌-潮州,2024-01-23,9328
1310,台苯,40,0,40,華南永昌-潮州,2024-01-23,9328
6288,聯嘉,38,0,38,華南永昌-潮州,2024-01-23,9328
3264,欣銓,35,0,35,華南永昌-潮州,2024-01-23,9328
3041,揚智,30,1,29,華南永昌-潮州,2024-01-23,9328
3260,威剛,26,2,24,華南永昌-潮州,2024-01-23,9328
00919,群益台灣精選高息,23,1,22,華南永昌-潮州,2024-01-23,9328
2103,台橡,22,0,22,華南永昌-潮州,2024-01-23,9328
1313,聯成,21,0,21,華南永昌-潮州,2024-01-23,9328
3615,安可,24,6,18,華南永昌-潮州,2024-01-23,9328
00937B,群益ESG投等債20,18,0,18,華南永昌-潮州,2024-01-23,9328
00636,國泰中國A50,17,0,17,華南永昌-潮州,2024-01-23,9328
00929,復華台灣科技優息,15,0,15,華南永昌-潮州,2024-01-23,9328
3059,華晶科,15,0,15,華南永昌-潮州,2024-01-23,9328
3390,旭軟,15,0,15,華南永昌-潮州,2024-01-23,9328
2609,陽明,20,6,14,華南永昌-潮州,2024-01-23,9328
3287,廣寰科,15,1,14,華南永昌-潮州,2024-01-23,9328
2371,大同,38,25,13,華南永昌-潮州,2024-01-23,9328
00671R,富邦NASDAQ反1,13,0,13,華南永昌-潮州,2024-01-23,9328
4533,協易機,13,0,13,華南永昌-潮州,2024-01-23,9328
2486,一詮,36,24,12,華南永昌-潮州,2024-01-23,9328
2615,萬海,18,6,12,華南永昌-潮州,2024-01-23,9328
6668,中揚光,14,2,12,華南永昌-潮州,2024-01-23,9328
3051,力特,16,5,11,華南永昌-潮州,2024-01-23,9328
6535,順藥,11,0,11,華南永昌-潮州,2024-01-23,9328
8011,台通,11,0,11,華南永昌-潮州,2024-01-23,9328
00687B,國泰20年美債,11,1,10,華南永昌-潮州,2024-01-23,9328
4109,加捷生醫,10,0,10,華南永昌-潮州,2024-01-23,9328
00772B,中信高評級公司債,10,0,10,華南永昌-潮州,2024-01-23,9328
00673R,期元大S＆P原油反1,10,0,10,華南永昌-潮州,2024-01-23,9328
3317,尼克森,10,0,10,華南永昌-潮州,2024-01-23,9328
6282,康舒,10,0,10,華南永昌-潮州,2024-01-23,9328
1434,福懋,10,1,9,華南永昌-潮州,2024-01-23,9328
8046,南電,10,1,9,華南永昌-潮州,2024-01-23,9328
00712,復華富時不動產,8,0,8,華南永昌-潮州,2024-01-23,9328
2618,長榮航,11,3,8,華南永昌-潮州,2024-01-23,9328
5521,工信,8,0,8,華南永昌-潮州,2024-01-23,9328
2329,華泰,57,50,7,華南永昌-潮州,2024-01-23,9328
3047,訊舟,6,0,6,華南永昌-潮州,2024-01-23,9328
6140,訊達,31,25,6,華南永昌-潮州,2024-01-23,9328
00900,富邦特選高股息30,6,1,5,華南永昌-潮州,2024-01-23,9328
3702,大聯大,5,0,5,華南永昌-潮州,2024-01-23,9328
8227,巨有科技,5,0,5,華南永昌-潮州,2024-01-23,9328
2002,中鋼,5,0,5,華南永昌-潮州,2024-01-23,9328
00680L,元大美債20正2,4,0,4,華南永昌-潮州,2024-01-23,9328
00751B,元大AAA至A公司債,4,0,4,華南永昌-潮州,2024-01-23,9328
3443,創意,5,1,4,華南永昌-潮州,2024-01-23,9328
00753L,中信中國50正2,4,0,4,華南永昌-潮州,2024-01-23,9328
00712,復華富時不動產,102,0,102,華南永昌-潮州,2024-01-24,9328
00665L,富邦�琤肭磪囓�2,100,0,100,華南永昌-潮州,2024-01-24,9328
00937B,群益ESG投等債20,95,0,95,華南永昌-潮州,2024-01-24,9328
3047,訊舟,48,5,43,華南永昌-潮州,2024-01-24,9328
00882,中信中國高股息,30,0,30,華南永昌-潮州,2024-01-24,9328
00753L,中信中國50正2,28,0,28,華南永昌-潮州,2024-01-24,9328
1605,華新,32,5,27,華南永昌-潮州,2024-01-24,9328
8110,華東,22,0,22,華南永昌-潮州,2024-01-24,9328
2409,友達,22,4,18,華南永昌-潮州,2024-01-24,9328
3231,緯創,26,8,18,華南永昌-潮州,2024-01-24,9328
5469,瀚宇博,17,1,16,華南永昌-潮州,2024-01-24,9328
3712,永崴投控,19,4,15,華南永昌-潮州,2024-01-24,9328
4909,新復興,56,41,15,華南永昌-潮州,2024-01-24,9328
00772B,中信高評級公司債,13,0,13,華南永昌-潮州,2024-01-24,9328
6108,競國,13,0,13,華南永昌-潮州,2024-01-24,9328
6125,廣運,13,0,13,華南永昌-潮州,2024-01-24,9328
2867,三商壽,12,0,12,華南永昌-潮州,2024-01-24,9328
6233,旺玖,14,2,12,華南永昌-潮州,2024-01-24,9328
00900,富邦特選高股息30,21,10,11,華南永昌-潮州,2024-01-24,9328
1305,華夏,11,0,11,華南永昌-潮州,2024-01-24,9328
2324,仁寶,17,6,11,華南永昌-潮州,2024-01-24,9328
2374,佳能,21,10,11,華南永昌-潮州,2024-01-24,9328
00933B,國泰10Y+金融債,11,0,11,華南永昌-潮州,2024-01-24,9328
1513,中興電,11,1,10,華南永昌-潮州,2024-01-24,9328
00706L,期元大S＆P日圓正2,10,0,10,華南永昌-潮州,2024-01-24,9328
2472,立隆電,10,0,10,華南永昌-潮州,2024-01-24,9328
8147,正淩,10,0,10,華南永昌-潮州,2024-01-24,9328
00931B,統一美債20年,11,2,9,華南永昌-潮州,2024-01-24,9328
2329,華泰,50,41,9,華南永昌-潮州,2024-01-24,9328
5443,均豪,10,1,9,華南永昌-潮州,2024-01-24,9328
00679B,元大美債20年,8,0,8,華南永昌-潮州,2024-01-24,9328
1809,中釉,10,3,7,華南永昌-潮州,2024-01-24,9328
3545,敦泰,7,1,6,華南永昌-潮州,2024-01-24,9328
8936,國統,24,18,6,華南永昌-潮州,2024-01-24,9328
1303,南亞,7,1,6,華南永昌-潮州,2024-01-24,9328
3438,類比科,10,4,6,華南永昌-潮州,2024-01-24,9328
3622,洋華,24,18,6,華南永昌-潮州,2024-01-24,9328
3666,光耀,6,0,6,華南永昌-潮州,2024-01-24,9328
6126,信音,6,0,6,華南永昌-潮州,2024-01-24,9328
00632R,元大台灣50反1,5,0,5,華南永昌-潮州,2024-01-24,9328
00688L,國泰20年美債正2,5,0,5,華南永昌-潮州,2024-01-24,9328
1524,耿鼎,5,0,5,華南永昌-潮州,2024-01-24,9328
2328,廣宇,5,0,5,華南永昌-潮州,2024-01-24,9328
3520,華盈,5,0,5,華南永昌-潮州,2024-01-24,9328
5309,系統電,7,2,5,華南永昌-潮州,2024-01-24,9328
5498,凱崴,5,0,5,華南永昌-潮州,2024-01-24,9328
5521,工信,5,0,5,華南永昌-潮州,2024-01-24,9328
6026,福邦證,5,0,5,華南永昌-潮州,2024-01-24,9328
8027,鈦昇,6,1,5,華南永昌-潮州,2024-01-24,9328
2369,菱生,37,33,4,華南永昌-潮州,2024-01-24,9328
5483,中美晶,364,0,364,華南永昌-潮州,2024-01-25,9328
00882,中信中國高股息,203,78,125,華南永昌-潮州,2024-01-25,9328
00937B,群益ESG投等債20,69,15,54,華南永昌-潮州,2024-01-25,9328
00676R,富邦臺灣加權反1,50,0,50,華南永昌-潮州,2024-01-25,9328
4167,松瑞藥,48,0,48,華南永昌-潮州,2024-01-25,9328
8096,擎亞,74,41,33,華南永昌-潮州,2024-01-25,9328
00929,復華台灣科技優息,41,11,30,華南永昌-潮州,2024-01-25,9328
1303,南亞,29,0,29,華南永昌-潮州,2024-01-25,9328
5426,振發,51,23,28,華南永昌-潮州,2024-01-25,9328
00673R,期元大S＆P原油反1,26,0,26,華南永昌-潮州,2024-01-25,9328
3666,光耀,25,0,25,華南永昌-潮州,2024-01-25,9328
00687B,國泰20年美債,27,4,23,華南永昌-潮州,2024-01-25,9328
00680L,元大美債20正2,22,0,22,華南永昌-潮州,2024-01-25,9328
2369,菱生,24,3,21,華南永昌-潮州,2024-01-25,9328
8404,百和興業-KY,21,1,20,華南永昌-潮州,2024-01-25,9328
1101,台泥,20,1,19,華南永昌-潮州,2024-01-25,9328
4526,東台,37,21,16,華南永昌-潮州,2024-01-25,9328
00665L,富邦�琤肭磪囓�2,15,0,15,華南永昌-潮州,2024-01-25,9328
4979,華星光,14,1,13,華南永昌-潮州,2024-01-25,9328
00679B,元大美債20年,12,0,12,華南永昌-潮州,2024-01-25,9328
2344,華邦電,17,5,12,華南永昌-潮州,2024-01-25,9328
2421,建準,12,1,11,華南永昌-潮州,2024-01-25,9328
2002,中鋼,12,1,11,華南永昌-潮州,2024-01-25,9328
00633L,富邦上証正2,11,0,11,華南永昌-潮州,2024-01-25,9328
4956,光鋐,125,114,11,華南永昌-潮州,2024-01-25,9328
8033,雷虎,11,0,11,華南永昌-潮州,2024-01-25,9328
2834,臺企銀,11,0,11,華南永昌-潮州,2024-01-25,9328
00885,富邦越南,10,0,10,華南永昌-潮州,2024-01-25,9328
00902,中信電池及儲能,10,0,10,華南永昌-潮州,2024-01-25,9328
1301,台塑,10,0,10,華南永昌-潮州,2024-01-25,9328
1711,永光,10,0,10,華南永昌-潮州,2024-01-25,9328
2886,兆豐金,10,0,10,華南永昌-潮州,2024-01-25,9328
2888,新光金,10,0,10,華南永昌-潮州,2024-01-25,9328
4960,誠美材,10,0,10,華南永昌-潮州,2024-01-25,9328
6156,松上,10,0,10,華南永昌-潮州,2024-01-25,9328
2454,聯發科,11,1,10,華南永昌-潮州,2024-01-25,9328
1815,富喬,9,0,9,華南永昌-潮州,2024-01-25,9328
2453,凌群,9,0,9,華南永昌-潮州,2024-01-25,9328
00688L,國泰20年美債正2,7,0,7,華南永昌-潮州,2024-01-25,9328
2486,一詮,15,8,7,華南永昌-潮州,2024-01-25,9328
2603,長榮,9,2,7,華南永昌-潮州,2024-01-25,9328
2883,凱基金,7,0,7,華南永昌-潮州,2024-01-25,9328
3149,正達,7,0,7,華南永昌-潮州,2024-01-25,9328
5521,工信,8,1,7,華南永昌-潮州,2024-01-25,9328
3443,創意,12,5,7,華南永昌-潮州,2024-01-25,9328
00933B,國泰10Y+金融債,12,5,7,華南永昌-潮州,2024-01-25,9328
2365,昆盈,14,8,6,華南永昌-潮州,2024-01-25,9328
2367,燿華,6,0,6,華南永昌-潮州,2024-01-25,9328
3029,零壹,6,0,6,華南永昌-潮州,2024-01-25,9328
3450,聯鈞,6,0,6,華南永昌-潮州,2024-01-25,9328
2888,新光金,902,1,901,華南永昌-潮州,2024-01-26,9328
00665L,富邦�琤肭磪囓�2,135,0,135,華南永昌-潮州,2024-01-26,9328
2303,聯電,129,5,124,華南永昌-潮州,2024-01-26,9328
00937B,群益ESG投等債20,71,0,71,華南永昌-潮州,2024-01-26,9328
00637L,元大滬深300正2,47,0,47,華南永昌-潮州,2024-01-26,9328
3623,富晶通,73,28,45,華南永昌-潮州,2024-01-26,9328
00919,群益台灣精選高息,48,7,41,華南永昌-潮州,2024-01-26,9328
2739,寒舍,40,2,38,華南永昌-潮州,2024-01-26,9328
00929,復華台灣科技優息,51,13,38,華南永昌-潮州,2024-01-26,9328
2353,宏��,44,13,31,華南永昌-潮州,2024-01-26,9328
5364,力麗店,30,0,30,華南永昌-潮州,2024-01-26,9328
2329,華泰,41,13,28,華南永昌-潮州,2024-01-26,9328
00770,國泰北美科技,30,2,28,華南永昌-潮州,2024-01-26,9328
1210,大成,28,0,28,華南永昌-潮州,2024-01-26,9328
3706,神達,24,1,23,華南永昌-潮州,2024-01-26,9328
00687B,國泰20年美債,22,0,22,華南永昌-潮州,2024-01-26,9328
3535,晶彩科,24,2,22,華南永昌-潮州,2024-01-26,9328
00935,野村臺灣新科技50,21,0,21,華南永昌-潮州,2024-01-26,9328
2365,昆盈,184,166,18,華南永昌-潮州,2024-01-26,9328
3037,欣興,15,0,15,華南永昌-潮州,2024-01-26,9328
3390,旭軟,14,0,14,華南永昌-潮州,2024-01-26,9328
2609,陽明,18,4,14,華南永昌-潮州,2024-01-26,9328
2105,正新,12,0,12,華南永昌-潮州,2024-01-26,9328
2405,輔信,13,1,12,華南永昌-潮州,2024-01-26,9328
6695,芯鼎,17,5,12,華南永昌-潮州,2024-01-26,9328
2399,映泰,11,0,11,華南永昌-潮州,2024-01-26,9328
2316,楠梓電,10,0,10,華南永昌-潮州,2024-01-26,9328
5439,高技,10,0,10,華南永昌-潮州,2024-01-26,9328
00905,FT臺灣Smart,10,0,10,華南永昌-潮州,2024-01-26,9328
2324,仁寶,16,6,10,華南永昌-潮州,2024-01-26,9328
2417,圓剛,13,3,10,華南永昌-潮州,2024-01-26,9328
4977,眾達-KY,10,0,10,華南永昌-潮州,2024-01-26,9328
6111,大宇資,10,0,10,華南永昌-潮州,2024-01-26,9328
8111,立��,10,0,10,華南永昌-潮州,2024-01-26,9328
8404,百和興業-KY,10,0,10,華南永昌-潮州,2024-01-26,9328
2618,長榮航,16,7,9,華南永昌-潮州,2024-01-26,9328
00933B,國泰10Y+金融債,10,1,9,華南永昌-潮州,2024-01-26,9328
2367,燿華,9,0,9,華南永昌-潮州,2024-01-26,9328
00900,富邦特選高股息30,8,0,8,華南永昌-潮州,2024-01-26,9328
0056,元大高股息,11,3,8,華南永昌-潮州,2024-01-26,9328
3005,神基,12,5,7,華南永昌-潮州,2024-01-26,9328
8096,擎亞,18,11,7,華南永昌-潮州,2024-01-26,9328
00927,群益半導體收益,7,0,7,華南永昌-潮州,2024-01-26,9328
2317,鴻海,10,4,6,華南永昌-潮州,2024-01-26,9328
2486,一詮,16,10,6,華南永昌-潮州,2024-01-26,9328
5284,jpp-KY,8,2,6,華南永昌-潮州,2024-01-26,9328
8054,安國,26,20,6,華南永昌-潮州,2024-01-26,9328
2376,技嘉,10,4,6,華南永昌-潮州,2024-01-26,9328
00878,國泰永續高股息,10,4,6,華南永昌-潮州,2024-01-26,9328
00795B,中信美國公債20年,5,0,5,華南永昌-潮州,2024-01-26,9328
2618,長榮航,406,44,362,華南永昌-潮州,2024-01-29,9328
3481,群創,146,16,130,華南永昌-潮州,2024-01-29,9328
2892,第一金,100,2,98,華南永昌-潮州,2024-01-29,9328
00937B,群益ESG投等債20,49,0,49,華南永昌-潮州,2024-01-29,9328
00712,復華富時不動產,31,0,31,華南永昌-潮州,2024-01-29,9328
3605,宏致,25,2,23,華南永昌-潮州,2024-01-29,9328
2324,仁寶,26,4,22,華南永昌-潮州,2024-01-29,9328
00919,群益台灣精選高息,23,2,21,華南永昌-潮州,2024-01-29,9328
2888,新光金,23,2,21,華南永昌-潮州,2024-01-29,9328
00673R,期元大S＆P原油反1,20,0,20,華南永昌-潮州,2024-01-29,9328
3149,正達,25,5,20,華南永昌-潮州,2024-01-29,9328
3360,尚立,21,1,20,華南永昌-潮州,2024-01-29,9328
3376,新日興,17,1,16,華南永昌-潮州,2024-01-29,9328
00687B,國泰20年美債,15,0,15,華南永昌-潮州,2024-01-29,9328
2303,聯電,27,12,15,華南永昌-潮州,2024-01-29,9328
3058,立德,15,0,15,華南永昌-潮州,2024-01-29,9328
2337,旺宏,14,0,14,華南永昌-潮州,2024-01-29,9328
2401,凌陽,16,2,14,華南永昌-潮州,2024-01-29,9328
2610,華航,24,10,14,華南永昌-潮州,2024-01-29,9328
3036,文曄,12,0,12,華南永昌-潮州,2024-01-29,9328
1717,長興,14,2,12,華南永昌-潮州,2024-01-29,9328
1326,台化,11,0,11,華南永昌-潮州,2024-01-29,9328
3576,聯合再生,11,0,11,華南永昌-潮州,2024-01-29,9328
00882,中信中國高股息,30,20,10,華南永昌-潮州,2024-01-29,9328
2312,金寶,10,0,10,華南永昌-潮州,2024-01-29,9328
2409,友達,13,3,10,華南永昌-潮州,2024-01-29,9328
6414,樺漢,10,0,10,華南永昌-潮州,2024-01-29,9328
00935,野村臺灣新科技50,15,5,10,華南永昌-潮州,2024-01-29,9328
00770,國泰北美科技,9,0,9,華南永昌-潮州,2024-01-29,9328
00679B,元大美債20年,9,0,9,華南永昌-潮州,2024-01-29,9328
6770,力積電,7,0,7,華南永昌-潮州,2024-01-29,9328
6116,彩晶,9,2,7,華南永昌-潮州,2024-01-29,9328
6425,易發,7,0,7,華南永昌-潮州,2024-01-29,9328
1301,台塑,6,0,6,華南永昌-潮州,2024-01-29,9328
2356,英業達,25,19,6,華南永昌-潮州,2024-01-29,9328
00632R,元大台灣50反1,6,0,6,華南永昌-潮州,2024-01-29,9328
1303,南亞,6,0,6,華南永昌-潮州,2024-01-29,9328
2867,三商壽,8,2,6,華南永昌-潮州,2024-01-29,9328
2881,富邦金,6,0,6,華南永昌-潮州,2024-01-29,9328
2882,國泰金,6,0,6,華南永昌-潮州,2024-01-29,9328
2887,台新金,7,1,6,華南永昌-潮州,2024-01-29,9328
3189,景碩,6,0,6,華南永昌-潮州,2024-01-29,9328
8936,國統,7,2,5,華南永昌-潮州,2024-01-29,9328
8390,金益鼎,5,0,5,華南永昌-潮州,2024-01-29,9328
00665L,富邦�琤肭磪囓�2,5,0,5,華南永昌-潮州,2024-01-29,9328
00722B,群益投資級電信債,5,0,5,華南永昌-潮州,2024-01-29,9328
00931B,統一美債20年,5,0,5,華南永昌-潮州,2024-01-29,9328
2344,華邦電,8,3,5,華南永昌-潮州,2024-01-29,9328
2453,凌群,6,1,5,華南永昌-潮州,2024-01-29,9328
3090,日電貿,5,0,5,華南永昌-潮州,2024-01-29,9328
3481,群創,58,13,45,華南永昌-潮州,2024-01-30,9328
00637L,元大滬深300正2,45,0,45,華南永昌-潮州,2024-01-30,9328
8096,擎亞,43,2,41,華南永昌-潮州,2024-01-30,9328
00929,復華台灣科技優息,54,20,34,華南永昌-潮州,2024-01-30,9328
00679B,元大美債20年,32,0,32,華南永昌-潮州,2024-01-30,9328
2409,友達,29,5,24,華南永昌-潮州,2024-01-30,9328
2888,新光金,22,0,22,華南永昌-潮州,2024-01-30,9328
5880,合庫金,20,0,20,華南永昌-潮州,2024-01-30,9328
6414,樺漢,20,0,20,華南永昌-潮州,2024-01-30,9328
1815,富喬,40,21,19,華南永昌-潮州,2024-01-30,9328
2739,寒舍,18,0,18,華南永昌-潮州,2024-01-30,9328
4529,淳紳,20,2,18,華南永昌-潮州,2024-01-30,9328
00665L,富邦�琤肭磪囓�2,17,0,17,華南永昌-潮州,2024-01-30,9328
6113,亞矽,26,9,17,華南永昌-潮州,2024-01-30,9328
2308,台達電,16,0,16,華南永昌-潮州,2024-01-30,9328
00931B,統一美債20年,16,0,16,華南永昌-潮州,2024-01-30,9328
1316,上曜,15,0,15,華南永昌-潮州,2024-01-30,9328
3036,文曄,17,2,15,華南永昌-潮州,2024-01-30,9328
2376,技嘉,21,6,15,華南永昌-潮州,2024-01-30,9328
6229,研通,15,1,14,華南永昌-潮州,2024-01-30,9328
2436,偉詮電,12,0,12,華南永昌-潮州,2024-01-30,9328
3376,新日興,12,0,12,華南永昌-潮州,2024-01-30,9328
3141,晶宏,12,1,11,華南永昌-潮州,2024-01-30,9328
6116,彩晶,13,2,11,華南永昌-潮州,2024-01-30,9328
3339,泰谷,19,8,11,華南永昌-潮州,2024-01-30,9328
1326,台化,10,0,10,華南永昌-潮州,2024-01-30,9328
2515,中工,10,0,10,華南永昌-潮州,2024-01-30,9328
3317,尼克森,10,0,10,華南永昌-潮州,2024-01-30,9328
4542,科嶠,15,5,10,華南永昌-潮州,2024-01-30,9328
6129,普誠,10,0,10,華南永昌-潮州,2024-01-30,9328
6190,萬泰科,10,0,10,華南永昌-潮州,2024-01-30,9328
4956,光鋐,11,1,10,華南永昌-潮州,2024-01-30,9328
3149,正達,10,0,10,華南永昌-潮州,2024-01-30,9328
2881,富邦金,10,0,10,華南永昌-潮州,2024-01-30,9328
2421,建準,13,3,10,華南永昌-潮州,2024-01-30,9328
2886,兆豐金,9,0,9,華南永昌-潮州,2024-01-30,9328
3545,敦泰,10,1,9,華南永昌-潮州,2024-01-30,9328
6111,大宇資,8,0,8,華南永昌-潮州,2024-01-30,9328
1314,中石化,8,0,8,華南永昌-潮州,2024-01-30,9328
2883,凱基金,7,0,7,華南永昌-潮州,2024-01-30,9328
4157,太景*-KY,7,0,7,華南永昌-潮州,2024-01-30,9328
6265,方土昶,10,3,7,華南永昌-潮州,2024-01-30,9328
8034,榮群,7,0,7,華南永昌-潮州,2024-01-30,9328
2356,英業達,20,13,7,華南永昌-潮州,2024-01-30,9328
2887,台新金,7,1,6,華南永昌-潮州,2024-01-30,9328
6770,力積電,7,0,7,華南永昌-潮州,2024-01-30,9328
5871,中租-KY,6,0,6,華南永昌-潮州,2024-01-30,9328
1605,華新,6,0,6,華南永昌-潮州,2024-01-30,9328
2344,華邦電,13,7,6,華南永昌-潮州,2024-01-30,9328
1101,台泥,6,1,5,華南永昌-潮州,2024-01-30,9328
00688L,國泰20年美債正2,276,61,215,華南永昌-潮州,2024-01-31,9328
00937B,群益ESG投等債20,135,12,123,華南永昌-潮州,2024-01-31,9328
2014,中鴻,104,6,98,華南永昌-潮州,2024-01-31,9328
3138,耀登,58,0,58,華南永昌-潮州,2024-01-31,9328
2356,英業達,61,10,51,華南永昌-潮州,2024-01-31,9328
6113,亞矽,70,25,45,華南永昌-潮州,2024-01-31,9328
2303,聯電,45,1,44,華南永昌-潮州,2024-01-31,9328
6505,台塑化,30,0,30,華南永昌-潮州,2024-01-31,9328
2886,兆豐金,28,5,23,華南永昌-潮州,2024-01-31,9328
3149,正達,22,0,22,華南永昌-潮州,2024-01-31,9328
5426,振發,27,5,22,華南永昌-潮州,2024-01-31,9328
00919,群益台灣精選高息,50,29,21,華南永昌-潮州,2024-01-31,9328
00772B,中信高評級公司債,20,0,20,華南永昌-潮州,2024-01-31,9328
2888,新光金,30,10,20,華南永昌-潮州,2024-01-31,9328
5213,亞昕,20,0,20,華南永昌-潮州,2024-01-31,9328
6270,倍微,20,0,20,華南永昌-潮州,2024-01-31,9328
2883,凱基金,18,0,18,華南永昌-潮州,2024-01-31,9328
6229,研通,18,0,18,華南永昌-潮州,2024-01-31,9328
00929,復華台灣科技優息,27,10,17,華南永昌-潮州,2024-01-31,9328
3545,敦泰,16,0,16,華南永昌-潮州,2024-01-31,9328
00665L,富邦�琤肭磪囓�2,15,0,15,華南永昌-潮州,2024-01-31,9328
5425,台半,15,1,14,華南永昌-潮州,2024-01-31,9328
2353,宏��,18,4,14,華南永昌-潮州,2024-01-31,9328
3231,緯創,18,4,14,華南永昌-潮州,2024-01-31,9328
00935,野村臺灣新科技50,13,0,13,華南永昌-潮州,2024-01-31,9328
5443,均豪,12,0,12,華南永昌-潮州,2024-01-31,9328
5521,工信,12,0,12,華南永昌-潮州,2024-01-31,9328
2349,錸德,14,3,11,華南永昌-潮州,2024-01-31,9328
2610,華航,11,0,11,華南永昌-潮州,2024-01-31,9328
00770,國泰北美科技,10,0,10,華南永昌-潮州,2024-01-31,9328
1326,台化,10,0,10,華南永昌-潮州,2024-01-31,9328
3287,廣寰科,10,0,10,華南永昌-潮州,2024-01-31,9328
6509,聚和,10,0,10,華南永昌-潮州,2024-01-31,9328
00687B,國泰20年美債,9,0,9,華南永昌-潮州,2024-01-31,9328
00923,群益台ESG低碳50,12,3,9,華南永昌-潮州,2024-01-31,9328
3715,定穎投控,12,3,9,華南永昌-潮州,2024-01-31,9328
2002,中鋼,10,2,8,華南永昌-潮州,2024-01-31,9328
2316,楠梓電,8,0,8,華南永昌-潮州,2024-01-31,9328
2329,華泰,11,3,8,華南永昌-潮州,2024-01-31,9328
2344,華邦電,9,1,8,華南永昌-潮州,2024-01-31,9328
5439,高技,10,2,8,華南永昌-潮州,2024-01-31,9328
9105,泰金寶-DR,8,0,8,華南永昌-潮州,2024-01-31,9328
2337,旺宏,12,5,7,華南永昌-潮州,2024-01-31,9328
3706,神達,12,5,7,華南永昌-潮州,2024-01-31,9328
4909,新復興,8,1,7,華南永昌-潮州,2024-01-31,9328
2308,台達電,6,0,6,華南永昌-潮州,2024-01-31,9328
2609,陽明,17,11,6,華南永昌-潮州,2024-01-31,9328
00752,中信中國50,6,0,6,華南永昌-潮州,2024-01-31,9328
8059,凱碩,45,39,6,華南永昌-潮州,2024-01-31,9328
00900,富邦特選高股息30,5,0,5,華南永昌-潮州,2024-01-31,9328
00882,中信中國高股息,81,2,79,華南永昌-潮州,2024-02-01,9328
5426,振發,81,5,76,華南永昌-潮州,2024-02-01,9328
00712,復華富時不動產,73,0,73,華南永昌-潮州,2024-02-01,9328
00878,國泰永續高股息,92,33,59,華南永昌-潮州,2024-02-01,9328
3276,宇環,36,0,36,華南永昌-潮州,2024-02-01,9328
2409,友達,37,3,34,華南永昌-潮州,2024-02-01,9328
3354,律勝,33,2,31,華南永昌-潮州,2024-02-01,9328
00929,復華台灣科技優息,48,20,28,華南永昌-潮州,2024-02-01,9328
3260,威剛,57,31,26,華南永昌-潮州,2024-02-01,9328
3041,揚智,37,13,24,華南永昌-潮州,2024-02-01,9328
2454,聯發科,26,4,22,華南永昌-潮州,2024-02-01,9328
1802,台玻,20,0,20,華南永昌-潮州,2024-02-01,9328
5213,亞昕,20,0,20,華南永昌-潮州,2024-02-01,9328
6288,聯嘉,20,1,19,華南永昌-潮州,2024-02-01,9328
6229,研通,28,10,18,華南永昌-潮州,2024-02-01,9328
3066,李洲,17,0,17,華南永昌-潮州,2024-02-01,9328
4956,光鋐,19,4,15,華南永昌-潮州,2024-02-01,9328
2324,仁寶,24,10,14,華南永昌-潮州,2024-02-01,9328
2812,台中銀,27,14,13,華南永昌-潮州,2024-02-01,9328
00933B,國泰10Y+金融債,13,0,13,華南永昌-潮州,2024-02-01,9328
3706,神達,12,0,12,華南永昌-潮州,2024-02-01,9328
00687B,國泰20年美債,14,2,12,華南永昌-潮州,2024-02-01,9328
3437,榮創,12,0,12,華南永昌-潮州,2024-02-01,9328
8011,台通,97,87,10,華南永昌-潮州,2024-02-01,9328
00927,群益半導體收益,9,0,9,華南永昌-潮州,2024-02-01,9328
2486,一詮,12,3,9,華南永昌-潮州,2024-02-01,9328
1733,五鼎,8,0,8,華南永昌-潮州,2024-02-01,9328
6116,彩晶,8,0,8,華南永昌-潮州,2024-02-01,9328
6265,方土昶,19,11,8,華南永昌-潮州,2024-02-01,9328
00937B,群益ESG投等債20,18,11,7,華南永昌-潮州,2024-02-01,9328
1455,集盛,7,0,7,華南永昌-潮州,2024-02-01,9328
2515,中工,7,0,7,華南永昌-潮州,2024-02-01,9328
3664,安瑞-KY,6,0,6,華南永昌-潮州,2024-02-01,9328
6233,旺玖,6,0,6,華南永昌-潮州,2024-02-01,9328
3712,永崴投控,10,5,5,華南永昌-潮州,2024-02-01,9328
1506,正道,5,0,5,華南永昌-潮州,2024-02-01,9328
2607,榮運,5,0,5,華南永昌-潮州,2024-02-01,9328
6785,昱展新藥,6,1,5,華南永昌-潮州,2024-02-01,9328
6799,來頡,5,0,5,華南永昌-潮州,2024-02-01,9328
9928,中視,5,0,5,華南永昌-潮州,2024-02-01,9328
9958,世紀鋼,5,0,5,華南永昌-潮州,2024-02-01,9328
2353,宏��,19,14,5,華南永昌-潮州,2024-02-01,9328
3360,尚立,6,1,5,華南永昌-潮州,2024-02-01,9328
00770,國泰北美科技,5,1,4,華南永昌-潮州,2024-02-01,9328
00888,永豐台灣ESG,4,0,4,華南永昌-潮州,2024-02-01,9328
4174,浩鼎,5,1,4,華南永昌-潮州,2024-02-01,9328
8096,擎亞,17,13,4,華南永昌-潮州,2024-02-01,9328
8227,巨有科技,11,7,4,華南永昌-潮州,2024-02-01,9328
3231,緯創,12,8,4,華南永昌-潮州,2024-02-01,9328
3548,兆利,3,0,3,華南永昌-潮州,2024-02-01,9328
00715L,期街口布蘭特正2,115,12,103,華南永昌-潮州,2024-02-02,9328
2303,聯電,53,1,52,華南永昌-潮州,2024-02-02,9328
00637L,元大滬深300正2,33,0,33,華南永昌-潮州,2024-02-02,9328
2201,裕隆,26,0,26,華南永昌-潮州,2024-02-02,9328
2324,仁寶,38,12,26,華南永昌-潮州,2024-02-02,9328
3294,英濟,25,0,25,華南永昌-潮州,2024-02-02,9328
3360,尚立,23,0,23,華南永昌-潮州,2024-02-02,9328
2634,漢翔,22,1,21,華南永昌-潮州,2024-02-02,9328
5426,振發,21,0,21,華南永昌-潮州,2024-02-02,9328
00636,國泰中國A50,19,0,19,華南永昌-潮州,2024-02-02,9328
6770,力積電,18,0,18,華南永昌-潮州,2024-02-02,9328
2609,陽明,17,1,16,華南永昌-潮州,2024-02-02,9328
00679B,元大美債20年,16,0,16,華南永昌-潮州,2024-02-02,9328
2353,宏��,37,22,15,華南永昌-潮州,2024-02-02,9328
00933B,國泰10Y+金融債,21,7,14,華南永昌-潮州,2024-02-02,9328
6692,進能服,14,0,14,華南永昌-潮州,2024-02-02,9328
8936,國統,25,11,14,華南永昌-潮州,2024-02-02,9328
1514,亞力,17,4,13,華南永昌-潮州,2024-02-02,9328
2317,鴻海,12,0,12,華南永昌-潮州,2024-02-02,9328
6243,迅杰,30,18,12,華南永昌-潮州,2024-02-02,9328
3545,敦泰,14,2,12,華南永昌-潮州,2024-02-02,9328
6125,廣運,21,9,12,華南永昌-潮州,2024-02-02,9328
2364,倫飛,11,0,11,華南永昌-潮州,2024-02-02,9328
5386,青雲,12,1,11,華南永昌-潮州,2024-02-02,9328
00882,中信中國高股息,10,0,10,華南永昌-潮州,2024-02-02,9328
1609,大亞,11,1,10,華南永昌-潮州,2024-02-02,9328
00642U,期元大S＆P石油,10,0,10,華南永昌-潮州,2024-02-02,9328
2607,榮運,10,0,10,華南永昌-潮州,2024-02-02,9328
2612,中航,10,0,10,華南永昌-潮州,2024-02-02,9328
5213,亞昕,10,0,10,華南永昌-潮州,2024-02-02,9328
3313,斐成,10,0,10,華南永昌-潮州,2024-02-02,9328
2454,聯發科,12,3,9,華南永昌-潮州,2024-02-02,9328
2330,台積電,11,3,8,華南永昌-潮州,2024-02-02,9328
3308,聯德,8,0,8,華南永昌-潮州,2024-02-02,9328
3066,李洲,12,5,7,華南永昌-潮州,2024-02-02,9328
3287,廣寰科,32,25,7,華南永昌-潮州,2024-02-02,9328
00929,復華台灣科技優息,20,13,7,華南永昌-潮州,2024-02-02,9328
00795B,中信美國公債20年,6,0,6,華南永昌-潮州,2024-02-02,9328
2891,中信金,6,0,6,華南永昌-潮州,2024-02-02,9328
6158,禾昌,6,0,6,華南永昌-潮州,2024-02-02,9328
1785,光洋科,5,0,5,華南永昌-潮州,2024-02-02,9328
1815,富喬,5,0,5,華南永昌-潮州,2024-02-02,9328
2014,中鴻,7,2,5,華南永昌-潮州,2024-02-02,9328
2344,華邦電,7,2,5,華南永昌-潮州,2024-02-02,9328
2442,新美齊,6,1,5,華南永昌-潮州,2024-02-02,9328
3362,先進光,5,0,5,華南永昌-潮州,2024-02-02,9328
4909,新復興,7,2,5,華南永昌-潮州,2024-02-02,9328
5310,天剛,5,0,5,華南永昌-潮州,2024-02-02,9328
6196,帆宣,5,0,5,華南永昌-潮州,2024-02-02,9328
8222,寶一,5,0,5,華南永昌-潮州,2024-02-02,9328
2371,大同,120,2,118,華南永昌-潮州,2024-02-05,9328
00712,復華富時不動產,67,5,62,華南永昌-潮州,2024-02-05,9328
6153,嘉聯益,55,0,55,華南永昌-潮州,2024-02-05,9328
00929,復華台灣科技優息,52,1,51,華南永昌-潮州,2024-02-05,9328
3041,揚智,50,0,50,華南永昌-潮州,2024-02-05,9328
2883,凱基金,51,1,50,華南永昌-潮州,2024-02-05,9328
4729,熒茂,43,0,43,華南永昌-潮州,2024-02-05,9328
6120,達運,50,11,39,華南永昌-潮州,2024-02-05,9328
00919,群益台灣精選高息,34,0,34,華南永昌-潮州,2024-02-05,9328
00665L,富邦�琤肭磪囓�2,32,0,32,華南永昌-潮州,2024-02-05,9328
00687B,國泰20年美債,30,3,27,華南永昌-潮州,2024-02-05,9328
2208,台船,29,2,27,華南永昌-潮州,2024-02-05,9328
00933B,國泰10Y+金融債,23,0,23,華南永昌-潮州,2024-02-05,9328
6414,樺漢,21,0,21,華南永昌-潮州,2024-02-05,9328
2890,永豐金,20,0,20,華南永昌-潮州,2024-02-05,9328
2867,三商壽,20,0,20,華南永昌-潮州,2024-02-05,9328
00715L,期街口布蘭特正2,20,0,20,華南永昌-潮州,2024-02-05,9328
2312,金寶,20,0,20,華南永昌-潮州,2024-02-05,9328
3666,光耀,20,0,20,華南永昌-潮州,2024-02-05,9328
3036,文曄,37,20,17,華南永昌-潮州,2024-02-05,9328
3231,緯創,37,21,16,華南永昌-潮州,2024-02-05,9328
6770,力積電,17,2,15,華南永昌-潮州,2024-02-05,9328
2884,玉山金,15,0,15,華南永昌-潮州,2024-02-05,9328
2515,中工,15,0,15,華南永昌-潮州,2024-02-05,9328
4529,淳紳,20,5,15,華南永昌-潮州,2024-02-05,9328
00688L,國泰20年美債正2,16,2,14,華南永昌-潮州,2024-02-05,9328
00680L,元大美債20正2,13,0,13,華南永昌-潮州,2024-02-05,9328
00679B,元大美債20年,12,0,12,華南永昌-潮州,2024-02-05,9328
2363,矽統,12,0,12,華南永昌-潮州,2024-02-05,9328
00706L,期元大S＆P日圓正2,12,0,12,華南永昌-潮州,2024-02-05,9328
8054,安國,12,0,12,華南永昌-潮州,2024-02-05,9328
1611,中電,14,3,11,華南永昌-潮州,2024-02-05,9328
6265,方土昶,12,1,11,華南永昌-潮州,2024-02-05,9328
6584,南俊國際,11,0,11,華南永昌-潮州,2024-02-05,9328
00931B,統一美債20年,10,0,10,華南永昌-潮州,2024-02-05,9328
00897,富邦基因免疫生技,10,0,10,華南永昌-潮州,2024-02-05,9328
00913,兆豐台灣晶圓製造,10,0,10,華南永昌-潮州,2024-02-05,9328
1616,億泰,10,0,10,華南永昌-潮州,2024-02-05,9328
3090,日電貿,10,0,10,華南永昌-潮州,2024-02-05,9328
5531,鄉林,10,0,10,華南永昌-潮州,2024-02-05,9328
5905,南仁湖,10,0,10,華南永昌-潮州,2024-02-05,9328
9919,康那香,12,2,10,華南永昌-潮州,2024-02-05,9328
2486,一詮,9,0,9,華南永昌-潮州,2024-02-05,9328
5351,鈺創,12,3,9,華南永昌-潮州,2024-02-05,9328
2337,旺宏,10,2,8,華南永昌-潮州,2024-02-05,9328
2002,中鋼,8,0,8,華南永昌-潮州,2024-02-05,9328
2365,昆盈,7,0,7,華南永昌-潮州,2024-02-05,9328
2408,南亞科,7,0,7,華南永昌-潮州,2024-02-05,9328
2886,兆豐金,7,0,7,華南永昌-潮州,2024-02-05,9328
3294,英濟,7,0,7,華南永昌-潮州,2024-02-05,9328
4714,永捷,152,1,151,華南永昌-潮州,2024-02-15,9328
6153,嘉聯益,120,1,119,華南永昌-潮州,2024-02-15,9328
00712,復華富時不動產,99,0,99,華南永昌-潮州,2024-02-15,9328
00687B,國泰20年美債,78,0,78,華南永昌-潮州,2024-02-15,9328
6290,良維,85,14,71,華南永昌-潮州,2024-02-15,9328
3481,群創,82,13,69,華南永昌-潮州,2024-02-15,9328
2344,華邦電,59,2,57,華南永昌-潮州,2024-02-15,9328
00676R,富邦臺灣加權反1,52,0,52,華南永昌-潮州,2024-02-15,9328
1532,勤美,50,0,50,華南永昌-潮州,2024-02-15,9328
00688L,國泰20年美債正2,52,11,41,華南永昌-潮州,2024-02-15,9328
00673R,期元大S＆P原油反1,41,0,41,華南永昌-潮州,2024-02-15,9328
00937B,群益ESG投等債20,57,18,39,華南永昌-潮州,2024-02-15,9328
2408,南亞科,35,1,34,華南永昌-潮州,2024-02-15,9328
00933B,國泰10Y+金融債,35,1,34,華南永昌-潮州,2024-02-15,9328
2399,映泰,41,10,31,華南永昌-潮州,2024-02-15,9328
6505,台塑化,30,0,30,華南永昌-潮州,2024-02-15,9328
2365,昆盈,68,38,30,華南永昌-潮州,2024-02-15,9328
00679B,元大美債20年,35,5,30,華南永昌-潮州,2024-02-15,9328
2379,瑞昱,25,0,25,華南永昌-潮州,2024-02-15,9328
00720B,元大投資級公司債,23,0,23,華南永昌-潮州,2024-02-15,9328
2607,榮運,22,0,22,華南永昌-潮州,2024-02-15,9328
00891,中信關鍵半導體,24,2,22,華南永昌-潮州,2024-02-15,9328
2610,華航,20,0,20,華南永昌-潮州,2024-02-15,9328
3294,英濟,20,0,20,華南永昌-潮州,2024-02-15,9328
00632R,元大台灣50反1,148,130,18,華南永昌-潮州,2024-02-15,9328
3360,尚立,18,0,18,華南永昌-潮州,2024-02-15,9328
2002,中鋼,21,4,17,華南永昌-潮州,2024-02-15,9328
2301,光寶科,15,1,14,華南永昌-潮州,2024-02-15,9328
6770,力積電,21,7,14,華南永昌-潮州,2024-02-15,9328
2332,友訊,13,0,13,華南永昌-潮州,2024-02-15,9328
2923,鼎固-KY,13,0,13,華南永昌-潮州,2024-02-15,9328
2353,宏��,38,26,12,華南永昌-潮州,2024-02-15,9328
00931B,統一美債20年,12,0,12,華南永昌-潮州,2024-02-15,9328
4942,嘉彰,12,0,12,華南永昌-潮州,2024-02-15,9328
00907,永豐優息存股,11,0,11,華南永昌-潮州,2024-02-15,9328
8150,南茂,11,0,11,華南永昌-潮州,2024-02-15,9328
2609,陽明,16,6,10,華南永昌-潮州,2024-02-15,9328
2634,漢翔,10,0,10,華南永昌-潮州,2024-02-15,9328
2897,王道銀行,10,0,10,華南永昌-潮州,2024-02-15,9328
00751B,元大AAA至A公司債,9,0,9,華南永昌-潮州,2024-02-15,9328
6155,鈞寶,10,1,9,華南永昌-潮州,2024-02-15,9328
00882,中信中國高股息,19,11,8,華南永昌-潮州,2024-02-15,9328
00706L,期元大S＆P日圓正2,8,0,8,華南永昌-潮州,2024-02-15,9328
1582,信錦,7,0,7,華南永昌-潮州,2024-02-15,9328
00722B,群益投資級電信債,7,0,7,華南永昌-潮州,2024-02-15,9328
1445,大宇,7,0,7,華南永昌-潮州,2024-02-15,9328
4934,太極,7,0,7,華南永昌-潮州,2024-02-15,9328
2889,國票金,7,0,7,華南永昌-潮州,2024-02-15,9328
2409,友達,11,5,6,華南永昌-潮州,2024-02-15,9328
2425,承啟,7,1,6,華南永昌-潮州,2024-02-15,9328
00632R,元大台灣50反1,131,0,131,華南永昌-潮州,2024-02-16,9328
2337,旺宏,100,0,100,華南永昌-潮州,2024-02-16,9328
00933B,國泰10Y+金融債,94,10,84,華南永昌-潮州,2024-02-16,9328
00688L,國泰20年美債正2,60,0,60,華南永昌-潮州,2024-02-16,9328
00937B,群益ESG投等債20,64,11,53,華南永昌-潮州,2024-02-16,9328
2887,台新金,42,1,41,華南永昌-潮州,2024-02-16,9328
6153,嘉聯益,70,34,36,華南永昌-潮州,2024-02-16,9328
1815,富喬,38,3,35,華南永昌-潮州,2024-02-16,9328
00712,復華富時不動產,81,51,30,華南永昌-潮州,2024-02-16,9328
00919,群益台灣精選高息,31,1,30,華南永昌-潮州,2024-02-16,9328
00680L,元大美債20正2,23,0,23,華南永昌-潮州,2024-02-16,9328
1326,台化,23,0,23,華南永昌-潮州,2024-02-16,9328
00673R,期元大S＆P原油反1,21,0,21,華南永昌-潮州,2024-02-16,9328
6432,今展科,20,0,20,華南永昌-潮州,2024-02-16,9328
3663,鑫科,18,0,18,華南永昌-潮州,2024-02-16,9328
3231,緯創,53,35,18,華南永昌-潮州,2024-02-16,9328
2809,京城銀,16,0,16,華南永昌-潮州,2024-02-16,9328
00720B,元大投資級公司債,15,0,15,華南永昌-潮州,2024-02-16,9328
2382,廣達,17,2,15,華南永昌-潮州,2024-02-16,9328
1303,南亞,15,1,14,華南永昌-潮州,2024-02-16,9328
00687B,國泰20年美債,13,0,13,華南永昌-潮州,2024-02-16,9328
8034,榮群,14,1,13,華南永昌-潮州,2024-02-16,9328
2408,南亞科,13,1,12,華南永昌-潮州,2024-02-16,9328
2324,仁寶,15,4,11,華南永昌-潮州,2024-02-16,9328
6216,居易,11,0,11,華南永昌-潮州,2024-02-16,9328
2727,王品,10,0,10,華南永昌-潮州,2024-02-16,9328
3030,德律,10,0,10,華南永昌-潮州,2024-02-16,9328
00770,國泰北美科技,10,0,10,華南永昌-潮州,2024-02-16,9328
8096,擎亞,19,10,9,華南永昌-潮州,2024-02-16,9328
2387,精元,9,0,9,華南永昌-潮州,2024-02-16,9328
8033,雷虎,10,1,9,華南永昌-潮州,2024-02-16,9328
00900,富邦特選高股息30,10,2,8,華南永昌-潮州,2024-02-16,9328
2609,陽明,10,2,8,華南永昌-潮州,2024-02-16,9328
6125,廣運,10,3,7,華南永昌-潮州,2024-02-16,9328
6143,振曜,10,3,7,華南永昌-潮州,2024-02-16,9328
6668,中揚光,7,0,7,華南永昌-潮州,2024-02-16,9328
00904,新光臺灣半導體30,6,0,6,華南永昌-潮州,2024-02-16,9328
00764B,群益25年美債,6,0,6,華南永昌-潮州,2024-02-16,9328
2888,新光金,6,0,6,華南永昌-潮州,2024-02-16,9328
2923,鼎固-KY,6,0,6,華南永昌-潮州,2024-02-16,9328
3050,鈺德,6,0,6,華南永昌-潮州,2024-02-16,9328
6108,競國,6,0,6,華南永昌-潮州,2024-02-16,9328
1513,中興電,25,19,6,華南永昌-潮州,2024-02-16,9328
6139,亞翔,5,0,5,華南永昌-潮州,2024-02-16,9328
1101,台泥,6,0,6,華南永昌-潮州,2024-02-16,9328
8088,品安,5,0,5,華南永昌-潮州,2024-02-16,9328
3483,力致,7,2,5,華南永昌-潮州,2024-02-16,9328
1434,福懋,5,0,5,華南永昌-潮州,2024-02-16,9328
2367,燿華,6,1,5,華南永昌-潮州,2024-02-16,9328
2371,大同,6,1,5,華南永昌-潮州,2024-02-16,9328
4164,承業醫,130,2,128,華南永昌-潮州,2024-02-19,9328
4960,誠美材,103,0,103,華南永昌-潮州,2024-02-19,9328
00933B,國泰10Y+金融債,60,1,59,華南永昌-潮州,2024-02-19,9328
2485,兆赫,61,2,59,華南永昌-潮州,2024-02-19,9328
9938,百和,61,3,58,華南永昌-潮州,2024-02-19,9328
2208,台船,46,2,44,華南永昌-潮州,2024-02-19,9328
00882,中信中國高股息,41,2,39,華南永昌-潮州,2024-02-19,9328
6531,愛普*,40,1,39,華南永昌-潮州,2024-02-19,9328
2353,宏��,73,39,34,華南永昌-潮州,2024-02-19,9328
00687B,國泰20年美債,30,0,30,華南永昌-潮州,2024-02-19,9328
00679B,元大美債20年,30,0,30,華南永昌-潮州,2024-02-19,9328
3231,緯創,36,7,29,華南永昌-潮州,2024-02-19,9328
00712,復華富時不動產,31,3,28,華南永昌-潮州,2024-02-19,9328
6189,豐藝,34,12,22,華南永昌-潮州,2024-02-19,9328
2313,華通,27,5,22,華南永昌-潮州,2024-02-19,9328
2301,光寶科,21,0,21,華南永昌-潮州,2024-02-19,9328
6414,樺漢,21,0,21,華南永昌-潮州,2024-02-19,9328
1513,中興電,38,17,21,華南永昌-潮州,2024-02-19,9328
3354,律勝,20,0,20,華南永昌-潮州,2024-02-19,9328
1303,南亞,30,11,19,華南永昌-潮州,2024-02-19,9328
00919,群益台灣精選高息,27,9,18,華南永昌-潮州,2024-02-19,9328
6142,友勁,18,0,18,華南永昌-潮州,2024-02-19,9328
2417,圓剛,20,2,18,華南永昌-潮州,2024-02-19,9328
1815,富喬,22,5,17,華南永昌-潮州,2024-02-19,9328
2382,廣達,19,3,16,華南永昌-潮州,2024-02-19,9328
00720B,元大投資級公司債,18,2,16,華南永昌-潮州,2024-02-19,9328
1504,東元,18,3,15,華南永昌-潮州,2024-02-19,9328
3035,智原,14,0,14,華南永昌-潮州,2024-02-19,9328
6257,矽格,15,1,14,華南永昌-潮州,2024-02-19,9328
00795B,中信美國公債20年,13,0,13,華南永昌-潮州,2024-02-19,9328
1445,大宇,13,0,13,華南永昌-潮州,2024-02-19,9328
3617,碩天,13,0,13,華南永昌-潮州,2024-02-19,9328
2352,佳世達,14,3,11,華南永昌-潮州,2024-02-19,9328
2923,鼎固-KY,11,0,11,華南永昌-潮州,2024-02-19,9328
3490,單井,12,1,11,華南永昌-潮州,2024-02-19,9328
4908,前鼎,23,12,11,華南永昌-潮州,2024-02-19,9328
00935,野村臺灣新科技50,11,0,11,華南永昌-潮州,2024-02-19,9328
6789,采鈺,16,5,11,華南永昌-潮州,2024-02-19,9328
00772B,中信高評級公司債,10,0,10,華南永昌-潮州,2024-02-19,9328
00891,中信關鍵半導體,13,3,10,華南永昌-潮州,2024-02-19,9328
1305,華夏,10,0,10,華南永昌-潮州,2024-02-19,9328
1316,上曜,13,3,10,華南永昌-潮州,2024-02-19,9328
1806,冠軍,10,0,10,華南永昌-潮州,2024-02-19,9328
2390,云辰,10,0,10,華南永昌-潮州,2024-02-19,9328
2884,玉山金,10,0,10,華南永昌-潮州,2024-02-19,9328
6530,創威,29,19,10,華南永昌-潮州,2024-02-19,9328
8096,擎亞,17,7,10,華南永昌-潮州,2024-02-19,9328
8435,鉅邁,10,0,10,華南永昌-潮州,2024-02-19,9328
1514,亞力,12,3,9,華南永昌-潮州,2024-02-19,9328
1532,勤美,9,0,9,華南永昌-潮州,2024-02-19,9328
6120,達運,120,3,117,華南永昌-潮州,2024-02-20,9328
00937B,群益ESG投等債20,78,0,78,華南永昌-潮州,2024-02-20,9328
1809,中釉,59,3,56,華南永昌-潮州,2024-02-20,9328
2515,中工,50,4,46,華南永昌-潮州,2024-02-20,9328
00772B,中信高評級公司債,44,0,44,華南永昌-潮州,2024-02-20,9328
3607,谷崧,42,0,42,華南永昌-潮州,2024-02-20,9328
00687B,國泰20年美債,41,0,41,華南永昌-潮州,2024-02-20,9328
00688L,國泰20年美債正2,40,0,40,華南永昌-潮州,2024-02-20,9328
00673R,期元大S＆P原油反1,35,0,35,華南永昌-潮州,2024-02-20,9328
2332,友訊,34,2,32,華南永昌-潮州,2024-02-20,9328
2344,華邦電,33,2,31,華南永昌-潮州,2024-02-20,9328
2489,瑞軒,29,0,29,華南永昌-潮州,2024-02-20,9328
2379,瑞昱,27,0,27,華南永昌-潮州,2024-02-20,9328
1316,上曜,31,5,26,華南永昌-潮州,2024-02-20,9328
2636,台驊控股,26,0,26,華南永昌-潮州,2024-02-20,9328
00731,復華富時高息低波,25,0,25,華南永昌-潮州,2024-02-20,9328
5225,東科-KY,25,0,25,華南永昌-潮州,2024-02-20,9328
6790,永豐實,25,0,25,華南永昌-潮州,2024-02-20,9328
3047,訊舟,28,6,22,華南永昌-潮州,2024-02-20,9328
2367,燿華,29,7,22,華南永昌-潮州,2024-02-20,9328
1303,南亞,27,6,21,華南永昌-潮州,2024-02-20,9328
00712,復華富時不動產,20,0,20,華南永昌-潮州,2024-02-20,9328
3038,全台,21,1,20,華南永昌-潮州,2024-02-20,9328
6547,高端疫苗,23,3,20,華南永昌-潮州,2024-02-20,9328
3231,緯創,22,3,19,華南永昌-潮州,2024-02-20,9328
8064,東捷,21,2,19,華南永昌-潮州,2024-02-20,9328
2369,菱生,23,5,18,華南永昌-潮州,2024-02-20,9328
3481,群創,16,0,16,華南永昌-潮州,2024-02-20,9328
3712,永崴投控,19,5,14,華南永昌-潮州,2024-02-20,9328
2308,台達電,12,0,12,華南永昌-潮州,2024-02-20,9328
00933B,國泰10Y+金融債,12,0,12,華南永昌-潮州,2024-02-20,9328
1314,中石化,13,1,12,華南永昌-潮州,2024-02-20,9328
00905,FT臺灣Smart,12,0,12,華南永昌-潮州,2024-02-20,9328
2337,旺宏,12,0,12,華南永昌-潮州,2024-02-20,9328
00720B,元大投資級公司債,12,1,11,華南永昌-潮州,2024-02-20,9328
3321,同泰,21,10,11,華南永昌-潮州,2024-02-20,9328
3041,揚智,115,104,11,華南永昌-潮州,2024-02-20,9328
1532,勤美,10,0,10,華南永昌-潮州,2024-02-20,9328
3002,歐格,10,0,10,華南永昌-潮州,2024-02-20,9328
1609,大亞,14,5,9,華南永昌-潮州,2024-02-20,9328
00897,富邦基因免疫生技,9,0,9,華南永昌-潮州,2024-02-20,9328
3706,神達,11,2,9,華南永昌-潮州,2024-02-20,9328
6191,精成科,10,1,9,華南永昌-潮州,2024-02-20,9328
00751B,元大AAA至A公司債,8,0,8,華南永昌-潮州,2024-02-20,9328
4961,天鈺,13,5,8,華南永昌-潮州,2024-02-20,9328
1513,中興電,11,3,8,華南永昌-潮州,2024-02-20,9328
00882,中信中國高股息,21,13,8,華南永昌-潮州,2024-02-20,9328
3206,志豐,8,0,8,華南永昌-潮州,2024-02-20,9328
4533,協易機,8,0,8,華南永昌-潮州,2024-02-20,9328
2382,廣達,9,2,7,華南永昌-潮州,2024-02-20,9328
2369,菱生,155,33,122,華南永昌-潮州,2024-02-21,9328
2606,裕民,134,36,98,華南永昌-潮州,2024-02-21,9328
3702A,大聯大甲特,80,0,80,華南永昌-潮州,2024-02-21,9328
00878,國泰永續高股息,66,0,66,華南永昌-潮州,2024-02-21,9328
00937B,群益ESG投等債20,57,1,56,華南永昌-潮州,2024-02-21,9328
00891,中信關鍵半導體,37,0,37,華南永昌-潮州,2024-02-21,9328
6282,康舒,37,2,35,華南永昌-潮州,2024-02-21,9328
4714,永捷,36,5,31,華南永昌-潮州,2024-02-21,9328
6790,永豐實,31,0,31,華南永昌-潮州,2024-02-21,9328
2401,凌陽,30,0,30,華南永昌-潮州,2024-02-21,9328
2303,聯電,30,2,28,華南永昌-潮州,2024-02-21,9328
1314,中石化,28,0,28,華南永昌-潮州,2024-02-21,9328
00687B,國泰20年美債,27,0,27,華南永昌-潮州,2024-02-21,9328
00933B,國泰10Y+金融債,26,0,26,華南永昌-潮州,2024-02-21,9328
2353,宏��,32,9,23,華南永昌-潮州,2024-02-21,9328
1316,上曜,41,19,22,華南永昌-潮州,2024-02-21,9328
2301,光寶科,21,0,21,華南永昌-潮州,2024-02-21,9328
3372,典範,21,1,20,華南永昌-潮州,2024-02-21,9328
2312,金寶,21,4,17,華南永昌-潮州,2024-02-21,9328
00679B,元大美債20年,15,0,15,華南永昌-潮州,2024-02-21,9328
00712,復華富時不動產,19,5,14,華南永昌-潮州,2024-02-21,9328
3231,緯創,28,15,13,華南永昌-潮州,2024-02-21,9328
6126,信音,11,0,11,華南永昌-潮州,2024-02-21,9328
1101,台泥,15,5,10,華南永昌-潮州,2024-02-21,9328
2883,凱基金,10,0,10,華南永昌-潮州,2024-02-21,9328
5488,松普,10,0,10,華南永昌-潮州,2024-02-21,9328
1305,華夏,10,0,10,華南永昌-潮州,2024-02-21,9328
2009,第一銅,10,0,10,華南永昌-潮州,2024-02-21,9328
2387,精元,10,0,10,華南永昌-潮州,2024-02-21,9328
3234,光環,11,1,10,華南永昌-潮州,2024-02-21,9328
4956,光鋐,10,0,10,華南永昌-潮州,2024-02-21,9328
6547,高端疫苗,13,3,10,華南永昌-潮州,2024-02-21,9328
8163,達方,10,0,10,華南永昌-潮州,2024-02-21,9328
1471,首利,9,0,9,華南永昌-潮州,2024-02-21,9328
00690,兆豐藍籌30,8,0,8,華南永昌-潮州,2024-02-21,9328
2885,元大金,8,0,8,華南永昌-潮州,2024-02-21,9328
6205,詮欣,11,3,8,華南永昌-潮州,2024-02-21,9328
4979,華星光,13,5,8,華南永昌-潮州,2024-02-21,9328
2330,台積電,8,0,8,華南永昌-潮州,2024-02-21,9328
3545,敦泰,7,0,7,華南永昌-潮州,2024-02-21,9328
5443,均豪,48,41,7,華南永昌-潮州,2024-02-21,9328
6179,亞通,7,0,7,華南永昌-潮州,2024-02-21,9328
4968,立積,8,1,7,華南永昌-潮州,2024-02-21,9328
2609,陽明,25,19,6,華南永昌-潮州,2024-02-21,9328
5355,佳總,13,7,6,華南永昌-潮州,2024-02-21,9328
3715,定穎投控,9,3,6,華南永昌-潮州,2024-02-21,9328
00751B,元大AAA至A公司債,6,0,6,華南永昌-潮州,2024-02-21,9328
2641,正德,6,0,6,華南永昌-潮州,2024-02-21,9328
2882,國泰金,6,0,6,華南永昌-潮州,2024-02-21,9328
2892,第一金,6,0,6,華南永昌-潮州,2024-02-21,9328
5488,松普,95,12,83,華南永昌-潮州,2024-02-22,9328
2371,大同,65,19,46,華南永昌-潮州,2024-02-22,9328
6126,信音,67,21,46,華南永昌-潮州,2024-02-22,9328
00679B,元大美債20年,39,0,39,華南永昌-潮州,2024-02-22,9328
5403,中菲,39,0,39,華南永昌-潮州,2024-02-22,9328
00929,復華台灣科技優息,121,87,34,華南永昌-潮州,2024-02-22,9328
4714,永捷,38,5,33,華南永昌-潮州,2024-02-22,9328
2303,聯電,36,5,31,華南永昌-潮州,2024-02-22,9328
8996,高力,31,0,31,華南永昌-潮州,2024-02-22,9328
9105,泰金寶-DR,27,0,27,華南永昌-潮州,2024-02-22,9328
6115,鎰勝,25,0,25,華南永昌-潮州,2024-02-22,9328
2353,宏��,41,17,24,華南永昌-潮州,2024-02-22,9328
1303,南亞,22,0,22,華南永昌-潮州,2024-02-22,9328
1314,中石化,21,0,21,華南永昌-潮州,2024-02-22,9328
6164,華興,21,0,21,華南永昌-潮州,2024-02-22,9328
00673R,期元大S＆P原油反1,20,0,20,華南永昌-潮州,2024-02-22,9328
00907,永豐優息存股,19,0,19,華南永昌-潮州,2024-02-22,9328
2363,矽統,45,26,19,華南永昌-潮州,2024-02-22,9328
00687B,國泰20年美債,18,0,18,華南永昌-潮州,2024-02-22,9328
3321,同泰,19,1,18,華南永昌-潮州,2024-02-22,9328
8150,南茂,18,0,18,華南永昌-潮州,2024-02-22,9328
8936,國統,38,21,17,華南永昌-潮州,2024-02-22,9328
3481,群創,18,1,17,華南永昌-潮州,2024-02-22,9328
4960,誠美材,27,10,17,華南永昌-潮州,2024-02-22,9328
2302,麗正,16,0,16,華南永昌-潮州,2024-02-22,9328
3047,訊舟,32,16,16,華南永昌-潮州,2024-02-22,9328
00720B,元大投資級公司債,16,0,16,華南永昌-潮州,2024-02-22,9328
2365,昆盈,16,1,15,華南永昌-潮州,2024-02-22,9328
9912,偉聯,13,0,13,華南永昌-潮州,2024-02-22,9328
00751B,元大AAA至A公司債,13,0,13,華南永昌-潮州,2024-02-22,9328
1316,上曜,14,1,13,華南永昌-潮州,2024-02-22,9328
3230,錦明,13,0,13,華南永昌-潮州,2024-02-22,9328
00712,復華富時不動產,12,0,12,華南永昌-潮州,2024-02-22,9328
2461,光群雷,12,0,12,華南永昌-潮州,2024-02-22,9328
6167,久正,12,0,12,華南永昌-潮州,2024-02-22,9328
1513,中興電,27,15,12,華南永昌-潮州,2024-02-22,9328
6196,帆宣,11,0,11,華南永昌-潮州,2024-02-22,9328
00637L,元大滬深300正2,11,0,11,華南永昌-潮州,2024-02-22,9328
2387,精元,11,0,11,華南永昌-潮州,2024-02-22,9328
2388,威盛,19,8,11,華南永昌-潮州,2024-02-22,9328
4977,眾達-KY,12,1,11,華南永昌-潮州,2024-02-22,9328
9958,世紀鋼,11,0,11,華南永昌-潮州,2024-02-22,9328
1514,亞力,15,5,10,華南永昌-潮州,2024-02-22,9328
2208,台船,15,5,10,華南永昌-潮州,2024-02-22,9328
2489,瑞軒,39,29,10,華南永昌-潮州,2024-02-22,9328
3031,佰鴻,10,0,10,華南永昌-潮州,2024-02-22,9328
3694,海華,15,5,10,華南永昌-潮州,2024-02-22,9328
5388,中磊,23,13,10,華南永昌-潮州,2024-02-22,9328
6462,神盾,12,2,10,華南永昌-潮州,2024-02-22,9328
8163,達方,10,0,10,華南永昌-潮州,2024-02-22,9328
2888,新光金,407,0,407,華南永昌-潮州,2024-02-23,9328
00632R,元大台灣50反1,151,0,151,華南永昌-潮州,2024-02-23,9328
00933B,國泰10Y+金融債,68,2,66,華南永昌-潮州,2024-02-23,9328
3260,威剛,63,1,62,華南永昌-潮州,2024-02-23,9328
2610,華航,61,0,61,華南永昌-潮州,2024-02-23,9328
1303,南亞,58,0,58,華南永昌-潮州,2024-02-23,9328
6257,矽格,71,13,58,華南永昌-潮州,2024-02-23,9328
5498,凱崴,52,3,49,華南永昌-潮州,2024-02-23,9328
00637L,元大滬深300正2,42,0,42,華南永昌-潮州,2024-02-23,9328
00679B,元大美債20年,36,0,36,華南永昌-潮州,2024-02-23,9328
00937B,群益ESG投等債20,35,0,35,華南永昌-潮州,2024-02-23,9328
3706,神達,36,3,33,華南永昌-潮州,2024-02-23,9328
8358,金居,31,0,31,華南永昌-潮州,2024-02-23,9328
00673R,期元大S＆P原油反1,30,0,30,華南永昌-潮州,2024-02-23,9328
2891,中信金,30,0,30,華南永昌-潮州,2024-02-23,9328
2356,英業達,43,16,27,華南永昌-潮州,2024-02-23,9328
2353,宏��,33,8,25,華南永昌-潮州,2024-02-23,9328
6290,良維,114,91,23,華南永昌-潮州,2024-02-23,9328
2882,國泰金,22,0,22,華南永昌-潮州,2024-02-23,9328
00918,大華優利高填息30,31,10,21,華南永昌-潮州,2024-02-23,9328
00680L,元大美債20正2,21,0,21,華南永昌-潮州,2024-02-23,9328
4953,緯軟,19,1,18,華南永昌-潮州,2024-02-23,9328
00935,野村臺灣新科技50,17,0,17,華南永昌-潮州,2024-02-23,9328
6462,神盾,17,2,15,華南永昌-潮州,2024-02-23,9328
00687B,國泰20年美債,15,0,15,華南永昌-潮州,2024-02-23,9328
2421,建準,16,2,14,華南永昌-潮州,2024-02-23,9328
3483,力致,13,0,13,華南永昌-潮州,2024-02-23,9328
6285,啟��,20,7,13,華南永昌-潮州,2024-02-23,9328
2408,南亞科,13,1,12,華南永昌-潮州,2024-02-23,9328
1314,中石化,13,1,12,華南永昌-潮州,2024-02-23,9328
2329,華泰,104,92,12,華南永昌-潮州,2024-02-23,9328
00712,復華富時不動產,12,0,12,華南永昌-潮州,2024-02-23,9328
2369,菱生,11,1,10,華南永昌-潮州,2024-02-23,9328
00706L,期元大S＆P日圓正2,10,0,10,華南永昌-潮州,2024-02-23,9328
2014,中鴻,10,0,10,華南永昌-潮州,2024-02-23,9328
3163,波若威,17,7,10,華南永昌-潮州,2024-02-23,9328
8163,達方,12,2,10,華南永昌-潮州,2024-02-23,9328
2884,玉山金,12,3,9,華南永昌-潮州,2024-02-23,9328
00905,FT臺灣Smart,10,1,9,華南永昌-潮州,2024-02-23,9328
6538,倉和,10,1,9,華南永昌-潮州,2024-02-23,9328
4979,華星光,11,2,9,華南永昌-潮州,2024-02-23,9328
2486,一詮,9,1,8,華南永昌-潮州,2024-02-23,9328
2515,中工,8,0,8,華南永昌-潮州,2024-02-23,9328
6115,鎰勝,8,0,8,華南永昌-潮州,2024-02-23,9328
6239,力成,9,1,8,華南永昌-潮州,2024-02-23,9328
1560,中砂,8,0,8,華南永昌-潮州,2024-02-23,9328
6282,康舒,10,3,7,華南永昌-潮州,2024-02-23,9328
6229,研通,7,0,7,華南永昌-潮州,2024-02-23,9328
4147,中裕,8,1,7,華南永昌-潮州,2024-02-23,9328
2002,中鋼,8,2,6,華南永昌-潮州,2024-02-23,9328
2888,新光金,2712,0,2712,華南永昌-潮州,2024-02-26,9328
00706L,期元大S＆P日圓正2,200,10,190,華南永昌-潮州,2024-02-26,9328
00632R,元大台灣50反1,110,0,110,華南永昌-潮州,2024-02-26,9328
00878,國泰永續高股息,122,17,105,華南永昌-潮州,2024-02-26,9328
00637L,元大滬深300正2,79,0,79,華南永昌-潮州,2024-02-26,9328
5272,笙科,40,3,37,華南永昌-潮州,2024-02-26,9328
3034,聯詠,33,1,32,華南永昌-潮州,2024-02-26,9328
00919,群益台灣精選高息,37,6,31,華南永昌-潮州,2024-02-26,9328
3481,群創,35,4,31,華南永昌-潮州,2024-02-26,9328
00753L,中信中國50正2,30,0,30,華南永昌-潮州,2024-02-26,9328
00905,FT臺灣Smart,30,1,29,華南永昌-潮州,2024-02-26,9328
1609,大亞,33,8,25,華南永昌-潮州,2024-02-26,9328
4167,松瑞藥,25,1,24,華南永昌-潮州,2024-02-26,9328
2882,國泰金,23,0,23,華南永昌-潮州,2024-02-26,9328
4956,光鋐,23,0,23,華南永昌-潮州,2024-02-26,9328
2303,聯電,23,2,21,華南永昌-潮州,2024-02-26,9328
00680L,元大美債20正2,20,0,20,華南永昌-潮州,2024-02-26,9328
00935,野村臺灣新科技50,20,0,20,華南永昌-潮州,2024-02-26,9328
2367,燿華,22,2,20,華南永昌-潮州,2024-02-26,9328
2369,菱生,30,10,20,華南永昌-潮州,2024-02-26,9328
2606,裕民,22,2,20,華南永昌-潮州,2024-02-26,9328
9103,美德醫療-DR,20,0,20,華南永昌-潮州,2024-02-26,9328
2002,中鋼,18,1,17,華南永昌-潮州,2024-02-26,9328
2409,友達,15,0,15,華南永昌-潮州,2024-02-26,9328
5351,鈺創,17,2,15,華南永昌-潮州,2024-02-26,9328
2884,玉山金,14,0,14,華南永昌-潮州,2024-02-26,9328
6719,力智,16,2,14,華南永昌-潮州,2024-02-26,9328
2329,華泰,22,9,13,華南永昌-潮州,2024-02-26,9328
8033,雷虎,14,1,13,華南永昌-潮州,2024-02-26,9328
00688L,國泰20年美債正2,12,0,12,華南永昌-潮州,2024-02-26,9328
1809,中釉,12,0,12,華南永昌-潮州,2024-02-26,9328
6120,達運,11,0,11,華南永昌-潮州,2024-02-26,9328
6182,合晶,11,0,11,華南永昌-潮州,2024-02-26,9328
1326,台化,10,0,10,華南永昌-潮州,2024-02-26,9328
1727,中華化,10,0,10,華南永昌-潮州,2024-02-26,9328
2399,映泰,10,0,10,華南永昌-潮州,2024-02-26,9328
3025,星通,30,20,10,華南永昌-潮州,2024-02-26,9328
3564,其陽,10,0,10,華南永昌-潮州,2024-02-26,9328
3714,富采,10,0,10,華南永昌-潮州,2024-02-26,9328
6515,穎崴,10,0,10,華南永昌-潮州,2024-02-26,9328
8069,元太,10,0,10,華南永昌-潮州,2024-02-26,9328
4908,前鼎,32,24,8,華南永昌-潮州,2024-02-26,9328
1303,南亞,8,0,8,華南永昌-潮州,2024-02-26,9328
1785,光洋科,11,3,8,華南永昌-潮州,2024-02-26,9328
6189,豐藝,8,0,8,華南永昌-潮州,2024-02-26,9328
9904,寶成,8,0,8,華南永昌-潮州,2024-02-26,9328
2881,富邦金,8,0,8,華南永昌-潮州,2024-02-26,9328
2376,技嘉,11,4,7,華南永昌-潮州,2024-02-26,9328
3360,尚立,10,3,7,華南永昌-潮州,2024-02-26,9328
2486,一詮,21,14,7,華南永昌-潮州,2024-02-26,9328
2888,新光金,1812,20,1792,華南永昌-潮州,2024-02-27,9328
00919,群益台灣精選高息,263,139,124,華南永昌-潮州,2024-02-27,9328
00937B,群益ESG投等債20,152,35,117,華南永昌-潮州,2024-02-27,9328
00882,中信中國高股息,97,0,97,華南永昌-潮州,2024-02-27,9328
00878,國泰永續高股息,127,41,86,華南永昌-潮州,2024-02-27,9328
2618,長榮航,96,19,77,華南永昌-潮州,2024-02-27,9328
3450,聯鈞,54,9,45,華南永昌-潮州,2024-02-27,9328
00929,復華台灣科技優息,82,42,40,華南永昌-潮州,2024-02-27,9328
3231,緯創,43,11,32,華南永昌-潮州,2024-02-27,9328
6113,亞矽,42,11,31,華南永昌-潮州,2024-02-27,9328
4563,百德,30,0,30,華南永昌-潮州,2024-02-27,9328
2634,漢翔,46,20,26,華南永昌-潮州,2024-02-27,9328
00891,中信關鍵半導體,25,0,25,華南永昌-潮州,2024-02-27,9328
00933B,國泰10Y+金融債,24,1,23,華南永昌-潮州,2024-02-27,9328
00679B,元大美債20年,21,0,21,華南永昌-潮州,2024-02-27,9328
00690,兆豐藍籌30,20,0,20,華南永昌-潮州,2024-02-27,9328
2607,榮運,20,1,19,華南永昌-潮州,2024-02-27,9328
4909,新復興,22,3,19,華南永昌-潮州,2024-02-27,9328
00713,元大台灣高息低波,16,0,16,華南永昌-潮州,2024-02-27,9328
2329,華泰,81,66,15,華南永昌-潮州,2024-02-27,9328
4956,光鋐,14,0,14,華南永昌-潮州,2024-02-27,9328
8027,鈦昇,16,2,14,華南永昌-潮州,2024-02-27,9328
8150,南茂,15,1,14,華南永昌-潮州,2024-02-27,9328
8420,明揚,14,0,14,華南永昌-潮州,2024-02-27,9328
2409,友達,16,3,13,華南永昌-潮州,2024-02-27,9328
00687B,國泰20年美債,13,0,13,華南永昌-潮州,2024-02-27,9328
1504,東元,13,0,13,華南永昌-潮州,2024-02-27,9328
2365,昆盈,14,1,13,華南永昌-潮州,2024-02-27,9328
3481,群創,17,4,13,華南永昌-潮州,2024-02-27,9328
4167,松瑞藥,13,0,13,華南永昌-潮州,2024-02-27,9328
5426,振發,13,0,13,華南永昌-潮州,2024-02-27,9328
6116,彩晶,13,0,13,華南永昌-潮州,2024-02-27,9328
00637L,元大滬深300正2,12,0,12,華南永昌-潮州,2024-02-27,9328
5403,中菲,12,0,12,華南永昌-潮州,2024-02-27,9328
5425,台半,12,0,12,華南永昌-潮州,2024-02-27,9328
6126,信音,25,13,12,華南永昌-潮州,2024-02-27,9328
2363,矽統,76,64,12,華南永昌-潮州,2024-02-27,9328
00927,群益半導體收益,11,0,11,華南永昌-潮州,2024-02-27,9328
2356,英業達,39,29,10,華南永昌-潮州,2024-02-27,9328
00918,大華優利高填息30,10,0,10,華南永昌-潮州,2024-02-27,9328
2303,聯電,29,19,10,華南永昌-潮州,2024-02-27,9328
6245,立端,11,1,10,華南永昌-潮州,2024-02-27,9328
00688L,國泰20年美債正2,10,0,10,華南永昌-潮州,2024-02-27,9328
00706L,期元大S＆P日圓正2,10,0,10,華南永昌-潮州,2024-02-27,9328
00715L,期街口布蘭特正2,19,9,10,華南永昌-潮州,2024-02-27,9328
2438,翔耀,10,0,10,華南永昌-潮州,2024-02-27,9328
2610,華航,18,8,10,華南永昌-潮州,2024-02-27,9328
4533,協易機,10,0,10,華南永昌-潮州,2024-02-27,9328
5302,太欣,10,0,10,華南永昌-潮州,2024-02-27,9328
5498,凱崴,10,0,10,華南永昌-潮州,2024-02-27,9328
2888,新光金,833,1,832,華南永昌-潮州,2024-02-29,9328
00687B,國泰20年美債,215,0,215,華南永昌-潮州,2024-02-29,9328
00673R,期元大S＆P原油反1,71,0,71,華南永昌-潮州,2024-02-29,9328
00680L,元大美債20正2,66,0,66,華南永昌-潮州,2024-02-29,9328
00937B,群益ESG投等債20,54,5,49,華南永昌-潮州,2024-02-29,9328
00878,國泰永續高股息,47,0,47,華南永昌-潮州,2024-02-29,9328
00632R,元大台灣50反1,42,0,42,華南永昌-潮州,2024-02-29,9328
2399,映泰,40,1,39,華南永昌-潮州,2024-02-29,9328
00929,復華台灣科技優息,67,32,35,華南永昌-潮州,2024-02-29,9328
2367,燿華,35,5,30,華南永昌-潮州,2024-02-29,9328
2323,中環,29,1,28,華南永昌-潮州,2024-02-29,9328
2329,華泰,27,2,25,華南永昌-潮州,2024-02-29,9328
2606,裕民,46,21,25,華南永昌-潮州,2024-02-29,9328
00919,群益台灣精選高息,33,9,24,華南永昌-潮州,2024-02-29,9328
2618,長榮航,25,3,22,華南永昌-潮州,2024-02-29,9328
2369,菱生,21,1,20,華南永昌-潮州,2024-02-29,9328
3306,鼎天,20,0,20,華南永昌-潮州,2024-02-29,9328
4563,百德,20,0,20,華南永昌-潮州,2024-02-29,9328
2476,鉅祥,35,16,19,華南永昌-潮州,2024-02-29,9328
00712,復華富時不動產,17,0,17,華南永昌-潮州,2024-02-29,9328
2303,聯電,22,6,16,華南永昌-潮州,2024-02-29,9328
00933B,國泰10Y+金融債,21,6,15,華南永昌-潮州,2024-02-29,9328
1504,東元,18,2,16,華南永昌-潮州,2024-02-29,9328
00927,群益半導體收益,15,0,15,華南永昌-潮州,2024-02-29,9328
1108,幸福,15,2,13,華南永昌-潮州,2024-02-29,9328
8420,明揚,13,0,13,華南永昌-潮州,2024-02-29,9328
2002,中鋼,16,4,12,華南永昌-潮州,2024-02-29,9328
1522,堤維西,28,16,12,華南永昌-潮州,2024-02-29,9328
2609,陽明,21,9,12,華南永昌-潮州,2024-02-29,9328
6116,彩晶,14,2,12,華南永昌-潮州,2024-02-29,9328
9105,泰金寶-DR,12,0,12,華南永昌-潮州,2024-02-29,9328
2353,宏��,15,3,12,華南永昌-潮州,2024-02-29,9328
00913,兆豐台灣晶圓製造,11,0,11,華南永昌-潮州,2024-02-29,9328
1314,中石化,12,1,11,華南永昌-潮州,2024-02-29,9328
3234,光環,11,0,11,華南永昌-潮州,2024-02-29,9328
3372,典範,11,0,11,華南永昌-潮州,2024-02-29,9328
6288,聯嘉,13,2,11,華南永昌-潮州,2024-02-29,9328
8358,金居,11,0,11,華南永昌-潮州,2024-02-29,9328
6770,力積電,16,6,10,華南永昌-潮州,2024-02-29,9328
3673,TPK-KY,10,0,10,華南永昌-潮州,2024-02-29,9328
00900,富邦特選高股息30,10,0,10,華南永昌-潮州,2024-02-29,9328
00764B,群益25年美債,10,0,10,華南永昌-潮州,2024-02-29,9328
2337,旺宏,10,0,10,華南永昌-潮州,2024-02-29,9328
2354,鴻準,10,0,10,華南永昌-潮州,2024-02-29,9328
2809,京城銀,10,0,10,華南永昌-潮州,2024-02-29,9328
3285,微端,10,0,10,華南永昌-潮州,2024-02-29,9328
5488,松普,10,0,10,華南永昌-潮州,2024-02-29,9328
6129,普誠,10,0,10,華南永昌-潮州,2024-02-29,9328
6579,研揚,10,0,10,華南永昌-潮州,2024-02-29,9328
4543,萬在,25,15,10,華南永昌-潮州,2024-02-29,9328
00919,群益台灣精選高息,216,19,197,華南永昌-潮州,2024-03-01,9328
00918,大華優利高填息30,150,10,140,華南永昌-潮州,2024-03-01,9328
2606,裕民,118,1,117,華南永昌-潮州,2024-03-01,9328
00937B,群益ESG投等債20,131,45,86,華南永昌-潮州,2024-03-01,9328
2610,華航,77,3,74,華南永昌-潮州,2024-03-01,9328
00712,復華富時不動產,50,1,49,華南永昌-潮州,2024-03-01,9328
5521,工信,41,0,41,華南永昌-潮州,2024-03-01,9328
3041,揚智,40,7,33,華南永昌-潮州,2024-03-01,9328
00665L,富邦�琤肭磪囓�2,30,0,30,華南永昌-潮州,2024-03-01,9328
1316,上曜,36,8,28,華南永昌-潮州,2024-03-01,9328
2882,國泰金,28,1,27,華南永昌-潮州,2024-03-01,9328
1514,亞力,61,36,25,華南永昌-潮州,2024-03-01,9328
2489,瑞軒,25,0,25,華南永昌-潮州,2024-03-01,9328
2367,燿華,97,73,24,華南永昌-潮州,2024-03-01,9328
00929,復華台灣科技優息,62,41,21,華南永昌-潮州,2024-03-01,9328
6108,競國,20,0,20,華南永昌-潮州,2024-03-01,9328
1799,易威,17,0,17,華南永昌-潮州,2024-03-01,9328
2002,中鋼,18,3,15,華南永昌-潮州,2024-03-01,9328
1609,大亞,27,12,15,華南永昌-潮州,2024-03-01,9328
6126,信音,17,2,15,華南永昌-潮州,2024-03-01,9328
3710,連展投控,14,0,14,華南永昌-潮州,2024-03-01,9328
6684,安格,16,2,14,華南永昌-潮州,2024-03-01,9328
6112,邁達特,16,3,13,華南永昌-潮州,2024-03-01,9328
6761,穩得,13,0,13,華南永昌-潮州,2024-03-01,9328
00933B,國泰10Y+金融債,13,1,12,華南永昌-潮州,2024-03-01,9328
2313,華通,15,3,12,華南永昌-潮州,2024-03-01,9328
6770,力積電,25,13,12,華南永昌-潮州,2024-03-01,9328
1504,東元,18,6,12,華南永昌-潮州,2024-03-01,9328
00706L,期元大S＆P日圓正2,11,0,11,華南永昌-潮州,2024-03-01,9328
8473,山林水,11,0,11,華南永昌-潮州,2024-03-01,9328
00878,國泰永續高股息,26,15,11,華南永昌-潮州,2024-03-01,9328
00761B,國泰A級公司債,10,0,10,華南永昌-潮州,2024-03-01,9328
1201,味全,10,0,10,華南永昌-潮州,2024-03-01,9328
00632R,元大台灣50反1,10,0,10,華南永昌-潮州,2024-03-01,9328
1720,生達,10,0,10,華南永昌-潮州,2024-03-01,9328
2109,華豐,10,0,10,華南永昌-潮州,2024-03-01,9328
2464,盟立,11,1,10,華南永昌-潮州,2024-03-01,9328
2812,台中銀,10,0,10,華南永昌-潮州,2024-03-01,9328
3002,歐格,10,0,10,華南永昌-潮州,2024-03-01,9328
3062,建漢,10,0,10,華南永昌-潮州,2024-03-01,9328
3714,富采,10,0,10,華南永昌-潮州,2024-03-01,9328
5213,亞昕,10,0,10,華南永昌-潮州,2024-03-01,9328
6113,亞矽,12,2,10,華南永昌-潮州,2024-03-01,9328
6509,聚和,10,0,10,華南永昌-潮州,2024-03-01,9328
8277,商丞,10,0,10,華南永昌-潮州,2024-03-01,9328
1326,台化,10,0,10,華南永昌-潮州,2024-03-01,9328
2330,台積電,9,0,9,華南永昌-潮州,2024-03-01,9328
2476,鉅祥,40,31,9,華南永昌-潮州,2024-03-01,9328
6451,訊芯-KY,9,0,9,華南永昌-潮州,2024-03-01,9328
2305,全友,10,2,8,華南永昌-潮州,2024-03-01,9328
4726,永昕,160,0,160,華南永昌-潮州,2024-03-04,9328
00918,大華優利高填息30,133,0,133,華南永昌-潮州,2024-03-04,9328
00632R,元大台灣50反1,162,30,132,華南永昌-潮州,2024-03-04,9328
2476,鉅祥,76,2,74,華南永昌-潮州,2024-03-04,9328
00919,群益台灣精選高息,71,21,50,華南永昌-潮州,2024-03-04,9328
3356,奇偶,73,25,48,華南永昌-潮州,2024-03-04,9328
00937B,群益ESG投等債20,52,12,40,華南永昌-潮州,2024-03-04,9328
6233,旺玖,35,1,34,華南永昌-潮州,2024-03-04,9328
00878,國泰永續高股息,42,8,34,華南永昌-潮州,2024-03-04,9328
1301,台塑,34,0,34,華南永昌-潮州,2024-03-04,9328
00637L,元大滬深300正2,32,0,32,華南永昌-潮州,2024-03-04,9328
2356,英業達,57,27,30,華南永昌-潮州,2024-03-04,9328
3354,律勝,30,1,29,華南永昌-潮州,2024-03-04,9328
1314,中石化,26,0,26,華南永昌-潮州,2024-03-04,9328
00757,統一FANG+,25,0,25,華南永昌-潮州,2024-03-04,9328
2882,國泰金,30,7,23,華南永昌-潮州,2024-03-04,9328
3481,群創,47,25,22,華南永昌-潮州,2024-03-04,9328
8150,南茂,23,1,22,華南永昌-潮州,2024-03-04,9328
2329,華泰,40,19,21,華南永昌-潮州,2024-03-04,9328
2353,宏��,46,25,21,華南永昌-潮州,2024-03-04,9328
2609,陽明,35,15,20,華南永昌-潮州,2024-03-04,9328
4503,金雨,20,0,20,華南永昌-潮州,2024-03-04,9328
2002,中鋼,22,4,18,華南永昌-潮州,2024-03-04,9328
00915,凱基優選高股息30,18,0,18,華南永昌-潮州,2024-03-04,9328
1618,合機,19,1,18,華南永昌-潮州,2024-03-04,9328
1455,集盛,20,3,17,華南永昌-潮州,2024-03-04,9328
2313,華通,52,35,17,華南永昌-潮州,2024-03-04,9328
6127,九豪,22,6,16,華南永昌-潮州,2024-03-04,9328
3092,鴻碩,15,0,15,華南永昌-潮州,2024-03-04,9328
0056,元大高股息,20,5,15,華南永昌-潮州,2024-03-04,9328
3081,聯亞,16,2,14,華南永昌-潮州,2024-03-04,9328
1513,中興電,17,3,14,華南永昌-潮州,2024-03-04,9328
9958,世紀鋼,15,2,13,華南永昌-潮州,2024-03-04,9328
9105,泰金寶-DR,13,0,13,華南永昌-潮州,2024-03-04,9328
2014,中鴻,13,0,13,華南永昌-潮州,2024-03-04,9328
4513,福裕,12,0,12,華南永昌-潮州,2024-03-04,9328
6770,力積電,16,4,12,華南永昌-潮州,2024-03-04,9328
1568,倉佑,11,0,11,華南永昌-潮州,2024-03-04,9328
3499,環天科,10,0,10,華南永昌-潮州,2024-03-04,9328
00909,國泰數位支付服務,10,0,10,華南永昌-潮州,2024-03-04,9328
1445,大宇,10,0,10,華南永昌-潮州,2024-03-04,9328
2923,鼎固-KY,10,0,10,華南永昌-潮州,2024-03-04,9328
00905,FT臺灣Smart,10,0,10,華南永昌-潮州,2024-03-04,9328
3231,緯創,27,17,10,華南永昌-潮州,2024-03-04,9328
2332,友訊,10,1,9,華南永昌-潮州,2024-03-04,9328
5425,台半,9,0,9,華南永昌-潮州,2024-03-04,9328
6282,康舒,10,1,9,華南永昌-潮州,2024-03-04,9328
3706,神達,12,3,9,華南永昌-潮州,2024-03-04,9328
1514,亞力,20,12,8,華南永昌-潮州,2024-03-04,9328
3714,富采,8,0,8,華南永昌-潮州,2024-03-04,9328
00665L,富邦�琤肭磪囓�2,378,0,378,華南永昌-潮州,2024-03-05,9328
00937B,群益ESG投等債20,326,10,316,華南永昌-潮州,2024-03-05,9328
00915,凱基優選高股息30,70,10,60,華南永昌-潮州,2024-03-05,9328
00933B,國泰10Y+金融債,62,2,60,華南永昌-潮州,2024-03-05,9328
6770,力積電,81,26,55,華南永昌-潮州,2024-03-05,9328
00650L,復華香港正2,103,50,53,華南永昌-潮州,2024-03-05,9328
2317,鴻海,71,20,51,華南永昌-潮州,2024-03-05,9328
3607,谷崧,50,0,50,華南永昌-潮州,2024-03-05,9328
3041,揚智,38,5,33,華南永昌-潮州,2024-03-05,9328
2399,映泰,37,8,29,華南永昌-潮州,2024-03-05,9328
2618,長榮航,40,11,29,華南永昌-潮州,2024-03-05,9328
1301,台塑,26,0,26,華南永昌-潮州,2024-03-05,9328
00918,大華優利高填息30,26,0,26,華南永昌-潮州,2024-03-05,9328
9907,統一實,25,0,25,華南永昌-潮州,2024-03-05,9328
2301,光寶科,29,5,24,華南永昌-潮州,2024-03-05,9328
00919,群益台灣精選高息,48,24,24,華南永昌-潮州,2024-03-05,9328
00878,國泰永續高股息,35,12,23,華南永昌-潮州,2024-03-05,9328
2344,華邦電,21,0,21,華南永昌-潮州,2024-03-05,9328
1712,興農,20,0,20,華南永昌-潮州,2024-03-05,9328
2492,華新科,20,0,20,華南永昌-潮州,2024-03-05,9328
3530,晶相光,22,2,20,華南永昌-潮州,2024-03-05,9328
4133,亞諾法,20,0,20,華南永昌-潮州,2024-03-05,9328
5474,聰泰,21,2,19,華南永昌-潮州,2024-03-05,9328
6191,精成科,18,0,18,華南永昌-潮州,2024-03-05,9328
00687B,國泰20年美債,26,10,16,華南永昌-潮州,2024-03-05,9328
2337,旺宏,14,0,14,華南永昌-潮州,2024-03-05,9328
00929,復華台灣科技優息,25,12,13,華南永昌-潮州,2024-03-05,9328
6271,同欣電,13,0,13,華南永昌-潮州,2024-03-05,9328
00753L,中信中國50正2,13,0,13,華南永昌-潮州,2024-03-05,9328
2206,三陽工業,17,4,13,華南永昌-潮州,2024-03-05,9328
2516,新建,13,0,13,華南永昌-潮州,2024-03-05,9328
4906,正文,60,48,12,華南永昌-潮州,2024-03-05,9328
3663,鑫科,13,1,12,華南永昌-潮州,2024-03-05,9328
1326,台化,12,0,12,華南永昌-潮州,2024-03-05,9328
5443,均豪,12,0,12,華南永昌-潮州,2024-03-05,9328
6116,彩晶,12,0,12,華南永昌-潮州,2024-03-05,9328
6462,神盾,22,10,12,華南永昌-潮州,2024-03-05,9328
0056,元大高股息,21,9,12,華南永昌-潮州,2024-03-05,9328
1609,大亞,15,4,11,華南永昌-潮州,2024-03-05,9328
2316,楠梓電,19,8,11,華南永昌-潮州,2024-03-05,9328
2610,華航,12,1,11,華南永昌-潮州,2024-03-05,9328
3694,海華,13,2,11,華南永昌-潮州,2024-03-05,9328
2329,華泰,18,8,10,華南永昌-潮州,2024-03-05,9328
2025,千興,10,0,10,華南永昌-潮州,2024-03-05,9328
2405,輔信,35,25,10,華南永昌-潮州,2024-03-05,9328
4102,永日,10,0,10,華南永昌-潮州,2024-03-05,9328
4956,光鋐,20,10,10,華南永昌-潮州,2024-03-05,9328
5213,亞昕,10,0,10,華南永昌-潮州,2024-03-05,9328
1785,光洋科,9,0,9,華南永昌-潮州,2024-03-05,9328
8401,白紗科,9,0,9,華南永昌-潮州,2024-03-05,9328
00919,群益台灣精選高息,269,50,219,華南永昌-潮州,2024-03-06,9328
2104,國際中橡,64,18,46,華南永昌-潮州,2024-03-06,9328
2845,遠東銀,42,2,40,華南永昌-潮州,2024-03-06,9328
3034,聯詠,34,0,34,華南永昌-潮州,2024-03-06,9328
2812,台中銀,35,2,33,華南永昌-潮州,2024-03-06,9328
00915,凱基優選高股息30,30,0,30,華南永昌-潮州,2024-03-06,9328
2344,華邦電,31,3,28,華南永昌-潮州,2024-03-06,9328
1532,勤美,25,0,25,華南永昌-潮州,2024-03-06,9328
1316,上曜,32,8,24,華南永昌-潮州,2024-03-06,9328
2634,漢翔,20,0,20,華南永昌-潮州,2024-03-06,9328
00632R,元大台灣50反1,119,100,19,華南永昌-潮州,2024-03-06,9328
00927,群益半導體收益,17,0,17,華南永昌-潮州,2024-03-06,9328
5439,高技,21,4,17,華南永昌-潮州,2024-03-06,9328
2606,裕民,18,2,16,華南永昌-潮州,2024-03-06,9328
2809,京城銀,25,10,15,華南永昌-潮州,2024-03-06,9328
8087,麗升能源,15,1,14,華南永昌-潮州,2024-03-06,9328
6414,樺漢,14,0,14,華南永昌-潮州,2024-03-06,9328
2353,宏��,16,2,14,華南永昌-潮州,2024-03-06,9328
2355,敬鵬,15,1,14,華南永昌-潮州,2024-03-06,9328
0056,元大高股息,16,3,13,華南永昌-潮州,2024-03-06,9328
2882,國泰金,13,0,13,華南永昌-潮州,2024-03-06,9328
1708,東鹼,12,0,12,華南永昌-潮州,2024-03-06,9328
1432,大魯閣,11,0,11,華南永昌-潮州,2024-03-06,9328
3530,晶相光,11,0,11,華南永昌-潮州,2024-03-06,9328
1905,華紙,12,1,11,華南永昌-潮州,2024-03-06,9328
8011,台通,38,28,10,華南永昌-潮州,2024-03-06,9328
00907,永豐優息存股,10,0,10,華南永昌-潮州,2024-03-06,9328
00688L,國泰20年美債正2,10,0,10,華南永昌-潮州,2024-03-06,9328
00932,兆豐永續高息等權,10,0,10,華南永昌-潮州,2024-03-06,9328
2258,鴻華先進-創,10,0,10,華南永昌-潮州,2024-03-06,9328
2867,三商壽,10,0,10,華南永昌-潮州,2024-03-06,9328
2904,匯僑,10,0,10,華南永昌-潮州,2024-03-06,9328
3516,亞帝歐,10,0,10,華南永昌-潮州,2024-03-06,9328
1605,華新,19,9,10,華南永昌-潮州,2024-03-06,9328
1609,大亞,60,51,9,華南永昌-潮州,2024-03-06,9328
3702,大聯大,10,1,9,華南永昌-潮州,2024-03-06,9328
3714,富采,10,1,9,華南永昌-潮州,2024-03-06,9328
6196,帆宣,10,1,9,華南永昌-潮州,2024-03-06,9328
2352,佳世達,9,0,9,華南永昌-潮州,2024-03-06,9328
00650L,復華香港正2,30,22,8,華南永昌-潮州,2024-03-06,9328
5515,建國,12,4,8,華南永昌-潮州,2024-03-06,9328
6163,華電網,17,9,8,華南永昌-潮州,2024-03-06,9328
6285,啟��,10,3,7,華南永昌-潮州,2024-03-06,9328
2408,南亞科,7,0,7,華南永昌-潮州,2024-03-06,9328
3211,順達,7,0,7,華南永昌-潮州,2024-03-06,9328
3374,精材,8,1,7,華南永昌-潮州,2024-03-06,9328
7402,邑錡,7,0,7,華南永昌-潮州,2024-03-06,9328
5521,工信,17,10,7,華南永昌-潮州,2024-03-06,9328
2515,中工,31,25,6,華南永昌-潮州,2024-03-06,9328
6189,豐藝,6,0,6,華南永昌-潮州,2024-03-06,9328
2851,中再保,234,0,234,華南永昌-潮州,2024-03-07,9328
00937B,群益ESG投等債20,190,45,145,華南永昌-潮州,2024-03-07,9328
2515,中工,159,18,141,華南永昌-潮州,2024-03-07,9328
2547,日勝生,70,8,62,華南永昌-潮州,2024-03-07,9328
1815,富喬,69,9,60,華南永昌-潮州,2024-03-07,9328
2409,友達,62,2,60,華南永昌-潮州,2024-03-07,9328
1710,東聯,58,0,58,華南永昌-潮州,2024-03-07,9328
6770,力積電,54,1,53,華南永昌-潮州,2024-03-07,9328
2816,旺旺保,50,0,50,華南永昌-潮州,2024-03-07,9328
00919,群益台灣精選高息,141,94,47,華南永昌-潮州,2024-03-07,9328
2417,圓剛,49,6,43,華南永昌-潮州,2024-03-07,9328
1313,聯成,36,2,34,華南永昌-潮州,2024-03-07,9328
2634,漢翔,32,0,32,華南永昌-潮州,2024-03-07,9328
00687B,國泰20年美債,37,6,31,華南永昌-潮州,2024-03-07,9328
2363,矽統,31,1,30,華南永昌-潮州,2024-03-07,9328
2618,長榮航,38,8,30,華南永昌-潮州,2024-03-07,9328
3044,健鼎,33,4,29,華南永昌-潮州,2024-03-07,9328
1785,光洋科,36,9,27,華南永昌-潮州,2024-03-07,9328
00712,復華富時不動產,27,1,26,華南永昌-潮州,2024-03-07,9328
00882,中信中國高股息,36,10,26,華南永昌-潮州,2024-03-07,9328
6275,元山,30,6,24,華南永昌-潮州,2024-03-07,9328
2356,英業達,58,35,23,華南永昌-潮州,2024-03-07,9328
5425,台半,24,1,23,華南永昌-潮州,2024-03-07,9328
8027,鈦昇,23,0,23,華南永昌-潮州,2024-03-07,9328
1316,上曜,135,113,22,華南永昌-潮州,2024-03-07,9328
2337,旺宏,22,0,22,華南永昌-潮州,2024-03-07,9328
8110,華東,24,2,22,華南永昌-潮州,2024-03-07,9328
8112,至上,38,17,21,華南永昌-潮州,2024-03-07,9328
8222,寶一,20,0,20,華南永昌-潮州,2024-03-07,9328
5880,合庫金,22,4,18,華南永昌-潮州,2024-03-07,9328
1718,中纖,18,0,18,華南永昌-潮州,2024-03-07,9328
3450,聯鈞,35,20,15,華南永昌-潮州,2024-03-07,9328
3402,漢科,15,0,15,華南永昌-潮州,2024-03-07,9328
3090,日電貿,15,0,15,華南永昌-潮州,2024-03-07,9328
2002,中鋼,22,8,14,華南永昌-潮州,2024-03-07,9328
00639,富邦深100,14,0,14,華南永昌-潮州,2024-03-07,9328
3321,同泰,15,1,14,華南永昌-潮州,2024-03-07,9328
3313,斐成,13,0,13,華南永昌-潮州,2024-03-07,9328
2457,飛宏,13,0,13,華南永昌-潮州,2024-03-07,9328
8011,台通,72,60,12,華南永昌-潮州,2024-03-07,9328
00918,大華優利高填息30,52,41,11,華南永昌-潮州,2024-03-07,9328
2486,一詮,33,22,11,華南永昌-潮州,2024-03-07,9328
6538,倉和,12,1,11,華南永昌-潮州,2024-03-07,9328
1609,大亞,25,14,11,華南永昌-潮州,2024-03-07,9328
6531,愛普*,11,1,10,華南永昌-潮州,2024-03-07,9328
3149,正達,10,0,10,華南永昌-潮州,2024-03-07,9328
00915,凱基優選高股息30,15,5,10,華南永昌-潮州,2024-03-07,9328
00665L,富邦�琤肭磪囓�2,10,0,10,華南永昌-潮州,2024-03-07,9328
1232,大統益,10,0,10,華南永昌-潮州,2024-03-07,9328
1455,集盛,10,0,10,華南永昌-潮州,2024-03-07,9328
00632R,元大台灣50反1,229,7,222,華南永昌-潮州,2024-03-08,9328
8110,華東,95,3,92,華南永昌-潮州,2024-03-08,9328
5351,鈺創,64,0,64,華南永昌-潮州,2024-03-08,9328
6770,力積電,67,3,64,華南永昌-潮州,2024-03-08,9328
1815,富喬,73,25,48,華南永昌-潮州,2024-03-08,9328
00918,大華優利高填息30,65,20,45,華南永昌-潮州,2024-03-08,9328
00712,復華富時不動產,45,0,45,華南永昌-潮州,2024-03-08,9328
2025,千興,43,1,42,華南永昌-潮州,2024-03-08,9328
2365,昆盈,41,0,41,華南永昌-潮州,2024-03-08,9328
3276,宇環,40,0,40,華南永昌-潮州,2024-03-08,9328
2359,所羅門,36,0,36,華南永昌-潮州,2024-03-08,9328
1313,聯成,36,0,36,華南永昌-潮州,2024-03-08,9328
6016,康和證,33,0,33,華南永昌-潮州,2024-03-08,9328
6235,華孚,38,6,32,華南永昌-潮州,2024-03-08,9328
3450,聯鈞,74,43,31,華南永昌-潮州,2024-03-08,9328
3006,晶豪科,33,2,31,華南永昌-潮州,2024-03-08,9328
2537,聯上發,31,0,31,華南永昌-潮州,2024-03-08,9328
6442,光聖,32,4,28,華南永昌-潮州,2024-03-08,9328
1316,上曜,39,12,27,華南永昌-潮州,2024-03-08,9328
00665L,富邦�琤肭磪囓�2,25,0,25,華南永昌-潮州,2024-03-08,9328
3481,群創,27,3,24,華南永昌-潮州,2024-03-08,9328
00935,野村臺灣新科技50,23,0,23,華南永昌-潮州,2024-03-08,9328
3483,力致,23,0,23,華南永昌-潮州,2024-03-08,9328
00637L,元大滬深300正2,22,0,22,華南永昌-潮州,2024-03-08,9328
6290,良維,40,18,22,華南永昌-潮州,2024-03-08,9328
2883,凱基金,23,3,20,華南永昌-潮州,2024-03-08,9328
4529,淳紳,20,0,20,華南永昌-潮州,2024-03-08,9328
4533,協易機,20,0,20,華南永昌-潮州,2024-03-08,9328
8222,寶一,20,1,19,華南永昌-潮州,2024-03-08,9328
1432,大魯閣,20,2,18,華南永昌-潮州,2024-03-08,9328
00687B,國泰20年美債,17,0,17,華南永昌-潮州,2024-03-08,9328
2409,友達,18,1,17,華南永昌-潮州,2024-03-08,9328
2498,宏達電,18,1,17,華南永昌-潮州,2024-03-08,9328
6150,撼訊,20,3,17,華南永昌-潮州,2024-03-08,9328
2367,燿華,47,31,16,華南永昌-潮州,2024-03-08,9328
2449,京元電子,32,16,16,華南永昌-潮州,2024-03-08,9328
2408,南亞科,16,0,16,華南永昌-潮州,2024-03-08,9328
1229,聯華,15,0,15,華南永昌-潮州,2024-03-08,9328
00770,國泰北美科技,15,0,15,華南永昌-潮州,2024-03-08,9328
00673R,期元大S＆P原油反1,15,0,15,華南永昌-潮州,2024-03-08,9328
2014,中鴻,16,2,14,華南永昌-潮州,2024-03-08,9328
1612,宏泰,14,1,13,華南永昌-潮州,2024-03-08,9328
3287,廣寰科,13,0,13,華南永昌-潮州,2024-03-08,9328
2486,一詮,18,5,13,華南永昌-潮州,2024-03-08,9328
1513,中興電,28,16,12,華南永昌-潮州,2024-03-08,9328
2344,華邦電,61,50,11,華南永昌-潮州,2024-03-08,9328
3645,達邁,12,1,11,華南永昌-潮州,2024-03-08,9328
9941,裕融,11,0,11,華南永昌-潮州,2024-03-08,9328
2363,矽統,15,5,10,華南永昌-潮州,2024-03-08,9328
00688L,國泰20年美債正2,20,10,10,華南永昌-潮州,2024-03-08,9328
2851,中再保,181,0,181,華南永昌-潮州,2024-03-11,9328
00919,群益台灣精選高息,202,61,141,華南永昌-潮州,2024-03-11,9328
2836,高雄銀,110,0,110,華南永昌-潮州,2024-03-11,9328
2344,華邦電,107,6,101,華南永昌-潮州,2024-03-11,9328
00929,復華台灣科技優息,106,32,74,華南永昌-潮州,2024-03-11,9328
2352,佳世達,72,0,72,華南永昌-潮州,2024-03-11,9328
00937B,群益ESG投等債20,100,30,70,華南永昌-潮州,2024-03-11,9328
6290,良維,56,1,55,華南永昌-潮州,2024-03-11,9328
6182,合晶,60,7,53,華南永昌-潮州,2024-03-11,9328
5351,鈺創,55,6,49,華南永昌-潮州,2024-03-11,9328
2208,台船,47,2,45,華南永昌-潮州,2024-03-11,9328
2359,所羅門,40,0,40,華南永昌-潮州,2024-03-11,9328
00915,凱基優選高股息30,36,0,36,華南永昌-潮州,2024-03-11,9328
3047,訊舟,36,0,36,華南永昌-潮州,2024-03-11,9328
2365,昆盈,35,0,35,華南永昌-潮州,2024-03-11,9328
2303,聯電,42,11,31,華南永昌-潮州,2024-03-11,9328
00706L,期元大S＆P日圓正2,30,0,30,華南永昌-潮州,2024-03-11,9328
00918,大華優利高填息30,50,21,29,華南永昌-潮州,2024-03-11,9328
3268,海德威,27,1,26,華南永昌-潮州,2024-03-11,9328
1522,堤維西,43,19,24,華南永昌-潮州,2024-03-11,9328
2609,陽明,32,10,22,華南永昌-潮州,2024-03-11,9328
3092,鴻碩,22,0,22,華南永昌-潮州,2024-03-11,9328
2809,京城銀,20,0,20,華南永昌-潮州,2024-03-11,9328
1101,台泥,18,0,18,華南永昌-潮州,2024-03-11,9328
4128,中天,18,1,17,華南永昌-潮州,2024-03-11,9328
5880,合庫金,17,0,17,華南永昌-潮州,2024-03-11,9328
00715L,期街口布蘭特正2,16,0,16,華南永昌-潮州,2024-03-11,9328
00720B,元大投資級公司債,15,0,15,華南永昌-潮州,2024-03-11,9328
2547,日勝生,20,5,15,華南永昌-潮州,2024-03-11,9328
3209,全科,13,0,13,華南永昌-潮州,2024-03-11,9328
4906,正文,13,1,12,華南永昌-潮州,2024-03-11,9328
2405,輔信,12,1,11,華南永昌-潮州,2024-03-11,9328
6129,普誠,11,0,11,華南永昌-潮州,2024-03-11,9328
6217,中探針,11,0,11,華南永昌-潮州,2024-03-11,9328
00891,中信關鍵半導體,10,0,10,華南永昌-潮州,2024-03-11,9328
00897,富邦基因免疫生技,10,0,10,華南永昌-潮州,2024-03-11,9328
00679B,元大美債20年,10,0,10,華南永昌-潮州,2024-03-11,9328
00725B,國泰投資級公司債,10,0,10,華南永昌-潮州,2024-03-11,9328
00920,富邦ESG綠色電力,10,0,10,華南永昌-潮州,2024-03-11,9328
2355,敬鵬,10,0,10,華南永昌-潮州,2024-03-11,9328
3535,晶彩科,10,0,10,華南永昌-潮州,2024-03-11,9328
5511,德昌,10,0,10,華南永昌-潮州,2024-03-11,9328
1316,上曜,13,4,9,華南永昌-潮州,2024-03-11,9328
3707,漢磊,24,15,9,華南永昌-潮州,2024-03-11,9328
2356,英業達,18,9,9,華南永昌-潮州,2024-03-11,9328
3515,華擎,10,1,9,華南永昌-潮州,2024-03-11,9328
2610,華航,8,0,8,華南永昌-潮州,2024-03-11,9328
3014,聯陽,8,0,8,華南永昌-潮州,2024-03-11,9328
3264,欣銓,8,0,8,華南永昌-潮州,2024-03-11,9328
3479,安勤,8,0,8,華南永昌-潮州,2024-03-11,9328
00637L,元大滬深300正2,113,1,112,華南永昌-潮州,2024-03-12,9328
2371,大同,110,3,107,華南永昌-潮州,2024-03-12,9328
1815,富喬,126,25,101,華南永昌-潮州,2024-03-12,9328
00937B,群益ESG投等債20,40,0,40,華南永昌-潮州,2024-03-12,9328
00679B,元大美債20年,43,4,39,華南永昌-潮州,2024-03-12,9328
00770,國泰北美科技,38,4,34,華南永昌-潮州,2024-03-12,9328
2313,華通,41,9,32,華南永昌-潮州,2024-03-12,9328
3041,揚智,31,0,31,華南永昌-潮州,2024-03-12,9328
00753L,中信中國50正2,31,0,31,華南永昌-潮州,2024-03-12,9328
1304,台聚,25,0,25,華南永昌-潮州,2024-03-12,9328
5880,合庫金,24,0,24,華南永昌-潮州,2024-03-12,9328
2352,佳世達,25,2,23,華南永昌-潮州,2024-03-12,9328
2324,仁寶,29,7,22,華南永昌-潮州,2024-03-12,9328
00680L,元大美債20正2,20,0,20,華南永昌-潮州,2024-03-12,9328
00687B,國泰20年美債,31,12,19,華南永昌-潮州,2024-03-12,9328
1504,東元,17,0,17,華南永昌-潮州,2024-03-12,9328
3016,嘉晶,31,15,16,華南永昌-潮州,2024-03-12,9328
3338,泰碩,25,10,15,華南永昌-潮州,2024-03-12,9328
2486,一詮,38,23,15,華南永昌-潮州,2024-03-12,9328
8112,至上,23,9,14,華南永昌-潮州,2024-03-12,9328
2250,IKKA-KY,12,0,12,華南永昌-潮州,2024-03-12,9328
2383,台光電,13,3,10,華南永昌-潮州,2024-03-12,9328
1618,合機,13,3,10,華南永昌-潮州,2024-03-12,9328
2329,華泰,13,3,10,華南永昌-潮州,2024-03-12,9328
2206,三陽工業,10,0,10,華南永昌-潮州,2024-03-12,9328
2208,台船,10,0,10,華南永昌-潮州,2024-03-12,9328
2492,華新科,10,0,10,華南永昌-潮州,2024-03-12,9328
6108,競國,10,0,10,華南永昌-潮州,2024-03-12,9328
6616,特昇-KY,10,0,10,華南永昌-潮州,2024-03-12,9328
8076,伍豐,10,0,10,華南永昌-潮州,2024-03-12,9328
00857B,永豐20年美公債,15,6,9,華南永昌-潮州,2024-03-12,9328
2330,台積電,11,2,9,華南永昌-潮州,2024-03-12,9328
1229,聯華,8,0,8,華南永昌-潮州,2024-03-12,9328
8096,擎亞,22,14,8,華南永昌-潮州,2024-03-12,9328
00905,FT臺灣Smart,8,0,8,華南永昌-潮州,2024-03-12,9328
00720B,元大投資級公司債,8,0,8,華南永昌-潮州,2024-03-12,9328
2607,榮運,13,5,8,華南永昌-潮州,2024-03-12,9328
2891,中信金,10,2,8,華南永昌-潮州,2024-03-12,9328
6578,達邦蛋白,8,0,8,華南永昌-潮州,2024-03-12,9328
2359,所羅門,15,8,7,華南永昌-潮州,2024-03-12,9328
3372,典範,7,0,7,華南永昌-潮州,2024-03-12,9328
4714,永捷,7,0,7,華南永昌-潮州,2024-03-12,9328
00933B,國泰10Y+金融債,9,3,6,華南永昌-潮州,2024-03-12,9328
2316,楠梓電,6,0,6,華南永昌-潮州,2024-03-12,9328
2399,映泰,32,26,6,華南永昌-潮州,2024-03-12,9328
3062,建漢,30,24,6,華南永昌-潮州,2024-03-12,9328
3576,聯合再生,6,0,6,華南永昌-潮州,2024-03-12,9328
4420,光明,6,0,6,華南永昌-潮州,2024-03-12,9328
6182,合晶,6,0,6,華南永昌-潮州,2024-03-12,9328
6416,瑞祺電通,6,0,6,華南永昌-潮州,2024-03-12,9328
2344,華邦電,159,4,155,華南永昌-潮州,2024-03-13,9328
1616,億泰,151,1,150,華南永昌-潮州,2024-03-13,9328
00933B,國泰10Y+金融債,111,10,101,華南永昌-潮州,2024-03-13,9328
00937B,群益ESG投等債20,85,2,83,華南永昌-潮州,2024-03-13,9328
00918,大華優利高填息30,83,7,76,華南永昌-潮州,2024-03-13,9328
2883,凱基金,114,40,74,華南永昌-潮州,2024-03-13,9328
6770,力積電,63,11,52,華南永昌-潮州,2024-03-13,9328
00929,復華台灣科技優息,111,69,42,華南永昌-潮州,2024-03-13,9328
2353,宏��,40,15,25,華南永昌-潮州,2024-03-13,9328
2486,一詮,44,22,22,華南永昌-潮州,2024-03-13,9328
6117,迎廣,34,12,22,華南永昌-潮州,2024-03-13,9328
2408,南亞科,22,1,21,華南永昌-潮州,2024-03-13,9328
3231,緯創,37,17,20,華南永昌-潮州,2024-03-13,9328
1529,樂事綠能,26,6,20,華南永昌-潮州,2024-03-13,9328
2606,裕民,20,2,18,華南永昌-潮州,2024-03-13,9328
8011,台通,46,28,18,華南永昌-潮州,2024-03-13,9328
2401,凌陽,18,1,17,華南永昌-潮州,2024-03-13,9328
2352,佳世達,16,0,16,華南永昌-潮州,2024-03-13,9328
3071,協禧,19,3,16,華南永昌-潮州,2024-03-13,9328
3321,同泰,16,0,16,華南永昌-潮州,2024-03-13,9328
5443,均豪,19,3,16,華南永昌-潮州,2024-03-13,9328
6290,良維,35,19,16,華南永昌-潮州,2024-03-13,9328
8112,至上,17,2,15,華南永昌-潮州,2024-03-13,9328
8096,擎亞,19,4,15,華南永昌-潮州,2024-03-13,9328
00665L,富邦�琤肭磪囓�2,35,20,15,華南永昌-潮州,2024-03-13,9328
2367,燿華,27,12,15,華南永昌-潮州,2024-03-13,9328
2358,廷鑫,15,0,15,華南永昌-潮州,2024-03-13,9328
3710,連展投控,13,0,13,華南永昌-潮州,2024-03-13,9328
6108,競國,13,0,13,華南永昌-潮州,2024-03-13,9328
00637L,元大滬深300正2,11,0,11,華南永昌-潮州,2024-03-13,9328
00650L,復華香港正2,25,14,11,華南永昌-潮州,2024-03-13,9328
3576,聯合再生,11,0,11,華南永昌-潮州,2024-03-13,9328
2547,日勝生,10,0,10,華南永昌-潮州,2024-03-13,9328
00752,中信中國50,10,0,10,華南永昌-潮州,2024-03-13,9328
00715L,期街口布蘭特正2,10,0,10,華南永昌-潮州,2024-03-13,9328
1432,大魯閣,10,0,10,華南永昌-潮州,2024-03-13,9328
3031,佰鴻,10,0,10,華南永昌-潮州,2024-03-13,9328
4536,拓凱,10,0,10,華南永昌-潮州,2024-03-13,9328
2383,台光電,11,1,10,華南永昌-潮州,2024-03-13,9328
1514,亞力,67,58,9,華南永昌-潮州,2024-03-13,9328
6163,華電網,10,1,9,華南永昌-潮州,2024-03-13,9328
3715,定穎投控,10,1,9,華南永昌-潮州,2024-03-13,9328
1314,中石化,15,6,9,華南永昌-潮州,2024-03-13,9328
1513,中興電,38,29,9,華南永昌-潮州,2024-03-13,9328
6165,浪凡,9,0,9,華南永昌-潮州,2024-03-13,9328
00679B,元大美債20年,9,0,9,華南永昌-潮州,2024-03-13,9328
2405,輔信,10,2,8,華南永昌-潮州,2024-03-13,9328
2527,宏璟,12,4,8,華南永昌-潮州,2024-03-13,9328
3545,敦泰,12,4,8,華南永昌-潮州,2024-03-13,9328
2376,技嘉,26,18,8,華南永昌-潮州,2024-03-13,9328
00918,大華優利高填息30,198,6,192,華南永昌-潮州,2024-03-14,9328
00919,群益台灣精選高息,205,107,98,華南永昌-潮州,2024-03-14,9328
00929,復華台灣科技優息,122,35,87,華南永昌-潮州,2024-03-14,9328
00680L,元大美債20正2,76,3,73,華南永昌-潮州,2024-03-14,9328
2354,鴻準,88,31,57,華南永昌-潮州,2024-03-14,9328
00934,中信成長高股息,50,0,50,華南永昌-潮州,2024-03-14,9328
2618,長榮航,70,27,43,華南永昌-潮州,2024-03-14,9328
3014,聯陽,42,0,42,華南永昌-潮州,2024-03-14,9328
00687B,國泰20年美債,36,0,36,華南永昌-潮州,2024-03-14,9328
00915,凱基優選高股息30,36,5,31,華南永昌-潮州,2024-03-14,9328
3231,緯創,40,12,28,華南永昌-潮州,2024-03-14,9328
00937B,群益ESG投等債20,30,3,27,華南永昌-潮州,2024-03-14,9328
5880,合庫金,29,5,24,華南永昌-潮州,2024-03-14,9328
2379,瑞昱,23,0,23,華南永昌-潮州,2024-03-14,9328
1326,台化,23,1,22,華南永昌-潮州,2024-03-14,9328
2884,玉山金,30,8,22,華南永昌-潮州,2024-03-14,9328
00673R,期元大S＆P原油反1,20,0,20,華南永昌-潮州,2024-03-14,9328
00891,中信關鍵半導體,18,1,17,華南永昌-潮州,2024-03-14,9328
3372,典範,16,0,16,華南永昌-潮州,2024-03-14,9328
1608,華榮,20,4,16,華南永昌-潮州,2024-03-14,9328
2408,南亞科,16,1,15,華南永昌-潮州,2024-03-14,9328
00683L,期元大美元指正2,15,0,15,華南永昌-潮州,2024-03-14,9328
1312,國喬,15,0,15,華南永昌-潮州,2024-03-14,9328
3005,神基,15,0,15,華南永昌-潮州,2024-03-14,9328
4909,新復興,16,2,14,華南永昌-潮州,2024-03-14,9328
2889,國票金,36,22,14,華南永昌-潮州,2024-03-14,9328
6005,群益證,14,2,12,華南永昌-潮州,2024-03-14,9328
2344,華邦電,12,1,11,華南永昌-潮州,2024-03-14,9328
2891,中信金,15,4,11,華南永昌-潮州,2024-03-14,9328
6414,樺漢,11,0,11,華南永昌-潮州,2024-03-14,9328
8034,榮群,12,1,11,華南永昌-潮州,2024-03-14,9328
1445,大宇,10,0,10,華南永昌-潮州,2024-03-14,9328
1785,光洋科,10,0,10,華南永昌-潮州,2024-03-14,9328
2482,連宇,10,0,10,華南永昌-潮州,2024-03-14,9328
2820,華票,10,0,10,華南永昌-潮州,2024-03-14,9328
8349,�矬�,10,0,10,華南永昌-潮州,2024-03-14,9328
8110,華東,10,0,10,華南永昌-潮州,2024-03-14,9328
2401,凌陽,10,1,9,華南永昌-潮州,2024-03-14,9328
2615,萬海,11,2,9,華南永昌-潮州,2024-03-14,9328
2634,漢翔,12,3,9,華南永昌-潮州,2024-03-14,9328
8011,台通,13,4,9,華南永昌-潮州,2024-03-14,9328
6015,宏遠證,8,0,8,華南永昌-潮州,2024-03-14,9328
9105,泰金寶-DR,17,9,8,華南永昌-潮州,2024-03-14,9328
00933B,國泰10Y+金融債,11,4,7,華南永昌-潮州,2024-03-14,9328
1616,億泰,10,3,7,華南永昌-潮州,2024-03-14,9328
2850,新產,12,5,7,華南永昌-潮州,2024-03-14,9328
3481,群創,9,2,7,華南永昌-潮州,2024-03-14,9328
6120,達運,7,0,7,華南永昌-潮州,2024-03-14,9328
6275,元山,16,9,7,華南永昌-潮州,2024-03-14,9328
8926,台汽電,9,2,7,華南永昌-潮州,2024-03-14,9328
00680L,元大美債20正2,143,0,143,華南永昌-潮州,2024-03-15,9328
00941,中信上游半導體,126,12,114,華南永昌-潮州,2024-03-15,9328
2328,廣宇,123,10,113,華南永昌-潮州,2024-03-15,9328
1326,台化,100,0,100,華南永昌-潮州,2024-03-15,9328
00915,凱基優選高股息30,89,0,89,華南永昌-潮州,2024-03-15,9328
2851,中再保,60,1,59,華南永昌-潮州,2024-03-15,9328
1809,中釉,57,0,57,華南永昌-潮州,2024-03-15,9328
2603,長榮,83,30,53,華南永昌-潮州,2024-03-15,9328
2834,臺企銀,110,60,50,華南永昌-潮州,2024-03-15,9328
00688L,國泰20年美債正2,48,0,48,華南永昌-潮州,2024-03-15,9328
00673R,期元大S＆P原油反1,46,0,46,華南永昌-潮州,2024-03-15,9328
1609,大亞,45,6,39,華南永昌-潮州,2024-03-15,9328
00712,復華富時不動產,40,2,38,華南永昌-潮州,2024-03-15,9328
3294,英濟,38,1,37,華南永昌-潮州,2024-03-15,9328
2356,英業達,48,13,35,華南永昌-潮州,2024-03-15,9328
2301,光寶科,36,3,33,華南永昌-潮州,2024-03-15,9328
00918,大華優利高填息30,31,4,27,華南永昌-潮州,2024-03-15,9328
6290,良維,26,0,26,華南永昌-潮州,2024-03-15,9328
00935,野村臺灣新科技50,25,0,25,華南永昌-潮州,2024-03-15,9328
2329,華泰,26,2,24,華南永昌-潮州,2024-03-15,9328
2324,仁寶,23,1,22,華南永昌-潮州,2024-03-15,9328
00687B,國泰20年美債,21,0,21,華南永昌-潮州,2024-03-15,9328
00937B,群益ESG投等債20,26,6,20,華南永昌-潮州,2024-03-15,9328
2352,佳世達,20,0,20,華南永昌-潮州,2024-03-15,9328
00931B,統一美債20年,20,0,20,華南永昌-潮州,2024-03-15,9328
2882,國泰金,20,0,20,華南永昌-潮州,2024-03-15,9328
3624,光頡,20,0,20,華南永昌-潮州,2024-03-15,9328
6282,康舒,20,0,20,華南永昌-潮州,2024-03-15,9328
5009,榮剛,20,2,18,華南永昌-潮州,2024-03-15,9328
1210,大成,17,0,17,華南永昌-潮州,2024-03-15,9328
3051,力特,17,0,17,華南永昌-潮州,2024-03-15,9328
4714,永捷,32,16,16,華南永昌-潮州,2024-03-15,9328
3576,聯合再生,36,21,15,華南永昌-潮州,2024-03-15,9328
3231,緯創,22,7,15,華南永昌-潮州,2024-03-15,9328
2303,聯電,33,19,14,華南永昌-潮州,2024-03-15,9328
2371,大同,16,2,14,華南永昌-潮州,2024-03-15,9328
2330,台積電,21,7,14,華南永昌-潮州,2024-03-15,9328
00882,中信中國高股息,14,0,14,華南永昌-潮州,2024-03-15,9328
1504,東元,16,2,14,華南永昌-潮州,2024-03-15,9328
2888,新光金,14,0,14,華南永昌-潮州,2024-03-15,9328
4157,太景*-KY,14,0,14,華南永昌-潮州,2024-03-15,9328
6275,元山,21,8,13,華南永昌-潮州,2024-03-15,9328
8105,凌巨,13,0,13,華南永昌-潮州,2024-03-15,9328
1101,台泥,18,5,13,華南永昌-潮州,2024-03-15,9328
2354,鴻準,44,31,13,華南永昌-潮州,2024-03-15,9328
1303,南亞,13,0,13,華南永昌-潮州,2024-03-15,9328
2313,華通,17,5,12,華南永昌-潮州,2024-03-15,9328
2344,華邦電,23,11,12,華南永昌-潮州,2024-03-15,9328
4420,光明,12,0,12,華南永昌-潮州,2024-03-15,9328
5452,佶優,11,0,11,華南永昌-潮州,2024-03-15,9328
00919,群益台灣精選高息,321,22,299,華南永昌-潮州,2024-03-18,9328
1229,聯華,104,0,104,華南永昌-潮州,2024-03-18,9328
00650L,復華香港正2,103,2,101,華南永昌-潮州,2024-03-18,9328
2515,中工,101,3,98,華南永昌-潮州,2024-03-18,9328
00680L,元大美債20正2,70,0,70,華南永昌-潮州,2024-03-18,9328
00712,復華富時不動產,68,1,67,華南永昌-潮州,2024-03-18,9328
2009,第一銅,58,8,50,華南永昌-潮州,2024-03-18,9328
8011,台通,60,16,44,華南永昌-潮州,2024-03-18,9328
2609,陽明,49,7,42,華南永昌-潮州,2024-03-18,9328
6139,亞翔,51,17,34,華南永昌-潮州,2024-03-18,9328
6770,力積電,37,3,34,華南永昌-潮州,2024-03-18,9328
00941,中信上游半導體,48,15,33,華南永昌-潮州,2024-03-18,9328
00918,大華優利高填息30,37,5,32,華南永昌-潮州,2024-03-18,9328
1809,中釉,22,0,22,華南永昌-潮州,2024-03-18,9328
6275,元山,28,6,22,華南永昌-潮州,2024-03-18,9328
00937B,群益ESG投等債20,25,4,21,華南永昌-潮州,2024-03-18,9328
2610,華航,23,3,20,華南永昌-潮州,2024-03-18,9328
00706L,期元大S＆P日圓正2,20,0,20,華南永昌-潮州,2024-03-18,9328
2547,日勝生,20,0,20,華南永昌-潮州,2024-03-18,9328
2323,中環,21,3,18,華南永昌-潮州,2024-03-18,9328
00673R,期元大S＆P原油反1,16,0,16,華南永昌-潮州,2024-03-18,9328
3163,波若威,16,0,16,華南永昌-潮州,2024-03-18,9328
6126,信音,19,3,16,華南永昌-潮州,2024-03-18,9328
2882,國泰金,15,0,15,華南永昌-潮州,2024-03-18,9328
00857B,永豐20年美公債,15,0,15,華南永昌-潮州,2024-03-18,9328
00915,凱基優選高股息30,24,10,14,華南永昌-潮州,2024-03-18,9328
2354,鴻準,17,3,14,華南永昌-潮州,2024-03-18,9328
2618,長榮航,14,0,14,華南永昌-潮州,2024-03-18,9328
2349,錸德,20,6,14,華南永昌-潮州,2024-03-18,9328
00933B,國泰10Y+金融債,14,0,14,華南永昌-潮州,2024-03-18,9328
00687B,國泰20年美債,13,0,13,華南永昌-潮州,2024-03-18,9328
4420,光明,12,0,12,華南永昌-潮州,2024-03-18,9328
8341,日友,11,0,11,華南永昌-潮州,2024-03-18,9328
1560,中砂,10,0,10,華南永昌-潮州,2024-03-18,9328
00772B,中信高評級公司債,10,0,10,華南永昌-潮州,2024-03-18,9328
6116,彩晶,10,0,10,華南永昌-潮州,2024-03-18,9328
00665L,富邦�琤肭磪囓�2,30,20,10,華南永昌-潮州,2024-03-18,9328
1215,卜蜂,10,0,10,華南永昌-潮州,2024-03-18,9328
1326,台化,10,0,10,華南永昌-潮州,2024-03-18,9328
2425,承啟,10,0,10,華南永昌-潮州,2024-03-18,9328
3545,敦泰,10,0,10,華南永昌-潮州,2024-03-18,9328
6113,亞矽,10,0,10,華南永昌-潮州,2024-03-18,9328
8089,康全電訊,16,6,10,華南永昌-潮州,2024-03-18,9328
8093,保銳,10,0,10,華南永昌-潮州,2024-03-18,9328
2303,聯電,45,35,10,華南永昌-潮州,2024-03-18,9328
8112,至上,27,17,10,華南永昌-潮州,2024-03-18,9328
1108,幸福,9,0,9,華南永昌-潮州,2024-03-18,9328
6111,大宇資,9,0,9,華南永昌-潮州,2024-03-18,9328
2409,友達,8,0,8,華南永昌-潮州,2024-03-18,9328
2355,敬鵬,8,0,8,華南永昌-潮州,2024-03-18,9328
2618,長榮航,127,13,114,華南永昌-潮州,2024-03-19,9328
2515,中工,65,2,63,華南永昌-潮州,2024-03-19,9328
3481,群創,43,0,43,華南永昌-潮州,2024-03-19,9328
00687B,國泰20年美債,40,0,40,華南永昌-潮州,2024-03-19,9328
1229,聯華,35,2,33,華南永昌-潮州,2024-03-19,9328
2329,華泰,48,15,33,華南永昌-潮州,2024-03-19,9328
1785,光洋科,37,5,32,華南永昌-潮州,2024-03-19,9328
2367,燿華,56,26,30,華南永昌-潮州,2024-03-19,9328
1616,億泰,28,0,28,華南永昌-潮州,2024-03-19,9328
6425,易發,26,1,25,華南永昌-潮州,2024-03-19,9328
2834,臺企銀,33,9,24,華南永昌-潮州,2024-03-19,9328
1609,大亞,35,12,23,華南永昌-潮州,2024-03-19,9328
00673R,期元大S＆P原油反1,21,0,21,華南永昌-潮州,2024-03-19,9328
3265,台星科,21,0,21,華南永昌-潮州,2024-03-19,9328
3706,神達,42,22,20,華南永昌-潮州,2024-03-19,9328
00665L,富邦�琤肭磪囓�2,20,0,20,華南永昌-潮州,2024-03-19,9328
00931B,統一美債20年,20,0,20,華南永昌-潮州,2024-03-19,9328
2883,凱基金,19,0,19,華南永昌-潮州,2024-03-19,9328
00706L,期元大S＆P日圓正2,19,0,19,華南永昌-潮州,2024-03-19,9328
6770,力積電,19,1,18,華南永昌-潮州,2024-03-19,9328
2208,台船,42,25,17,華南永昌-潮州,2024-03-19,9328
6789,采鈺,16,0,16,華南永昌-潮州,2024-03-19,9328
2464,盟立,20,4,16,華南永昌-潮州,2024-03-19,9328
00679B,元大美債20年,17,2,15,華南永昌-潮州,2024-03-19,9328
2401,凌陽,15,0,15,華南永昌-潮州,2024-03-19,9328
2356,英業達,38,23,15,華南永昌-潮州,2024-03-19,9328
00918,大華優利高填息30,14,0,14,華南永昌-潮州,2024-03-19,9328
2002,中鋼,19,5,14,華南永昌-潮州,2024-03-19,9328
1605,華新,17,3,14,華南永昌-潮州,2024-03-19,9328
9105,泰金寶-DR,17,3,14,華南永昌-潮州,2024-03-19,9328
6125,廣運,12,0,12,華南永昌-潮州,2024-03-19,9328
4763,材料-KY,11,0,11,華南永昌-潮州,2024-03-19,9328
2495,普安,10,0,10,華南永昌-潮州,2024-03-19,9328
3060,銘異,10,0,10,華南永昌-潮州,2024-03-19,9328
3622,洋華,21,11,10,華南永昌-潮州,2024-03-19,9328
4142,國光生,10,0,10,華南永昌-潮州,2024-03-19,9328
6188,廣明,14,4,10,華南永昌-潮州,2024-03-19,9328
00712,復華富時不動產,14,5,9,華南永昌-潮州,2024-03-19,9328
00919,群益台灣精選高息,73,64,9,華南永昌-潮州,2024-03-19,9328
6505,台塑化,9,0,9,華南永昌-潮州,2024-03-19,9328
00937B,群益ESG投等債20,17,9,8,華南永昌-潮州,2024-03-19,9328
1582,信錦,8,0,8,華南永昌-潮州,2024-03-19,9328
2355,敬鵬,16,8,8,華南永昌-潮州,2024-03-19,9328
6278,台表科,8,0,8,華南永昌-潮州,2024-03-19,9328
00830,國泰費城半導體,7,0,7,華南永昌-潮州,2024-03-19,9328
00916,國泰全球品牌50,7,0,7,華南永昌-潮州,2024-03-19,9328
1316,上曜,31,24,7,華南永昌-潮州,2024-03-19,9328
2353,宏��,12,5,7,華南永昌-潮州,2024-03-19,9328
6164,華興,7,0,7,華南永昌-潮州,2024-03-19,9328
2313,華通,7,1,6,華南永昌-潮州,2024-03-19,9328
00939,統一台灣高息動能,809,30,779,華南永昌-潮州,2024-03-20,9328
00665L,富邦�琤肭磪囓�2,495,0,495,華南永昌-潮州,2024-03-20,9328
00919,群益台灣精選高息,176,66,110,華南永昌-潮州,2024-03-20,9328
4532,瑞智,109,5,104,華南永昌-潮州,2024-03-20,9328
6140,訊達,75,0,75,華南永昌-潮州,2024-03-20,9328
2356,英業達,92,26,66,華南永昌-潮州,2024-03-20,9328
6770,力積電,45,0,45,華南永昌-潮州,2024-03-20,9328
5488,松普,47,4,43,華南永昌-潮州,2024-03-20,9328
00673R,期元大S＆P原油反1,35,0,35,華南永昌-潮州,2024-03-20,9328
00688L,國泰20年美債正2,34,0,34,華南永昌-潮州,2024-03-20,9328
2882,國泰金,36,2,34,華南永昌-潮州,2024-03-20,9328
4533,協易機,40,7,33,華南永昌-潮州,2024-03-20,9328
8105,凌巨,31,0,31,華南永昌-潮州,2024-03-20,9328
2515,中工,50,21,29,華南永昌-潮州,2024-03-20,9328
00706L,期元大S＆P日圓正2,26,0,26,華南永昌-潮州,2024-03-20,9328
2834,臺企銀,26,3,23,華南永昌-潮州,2024-03-20,9328
1456,怡華,20,0,20,華南永昌-潮州,2024-03-20,9328
2371,大同,21,1,20,華南永昌-潮州,2024-03-20,9328
2313,華通,32,12,20,華南永昌-潮州,2024-03-20,9328
4938,和碩,40,21,19,華南永昌-潮州,2024-03-20,9328
2344,華邦電,23,6,17,華南永昌-潮州,2024-03-20,9328
00937B,群益ESG投等債20,50,33,17,華南永昌-潮州,2024-03-20,9328
6115,鎰勝,17,0,17,華南永昌-潮州,2024-03-20,9328
2367,燿華,21,6,15,華南永昌-潮州,2024-03-20,9328
1589,永冠-KY,15,1,14,華南永昌-潮州,2024-03-20,9328
2634,漢翔,16,2,14,華南永昌-潮州,2024-03-20,9328
2353,宏��,43,29,14,華南永昌-潮州,2024-03-20,9328
00915,凱基優選高股息30,13,0,13,華南永昌-潮州,2024-03-20,9328
00918,大華優利高填息30,19,6,13,華南永昌-潮州,2024-03-20,9328
4909,新復興,12,0,12,華南永昌-潮州,2024-03-20,9328
6182,合晶,13,1,12,華南永昌-潮州,2024-03-20,9328
2888,新光金,12,0,12,華南永昌-潮州,2024-03-20,9328
4414,如興,11,0,11,華南永昌-潮州,2024-03-20,9328
3481,群創,17,7,10,華南永昌-潮州,2024-03-20,9328
00679B,元大美債20年,19,9,10,華南永昌-潮州,2024-03-20,9328
3338,泰碩,10,0,10,華南永昌-潮州,2024-03-20,9328
3321,同泰,10,0,10,華南永昌-潮州,2024-03-20,9328
8277,商丞,10,0,10,華南永昌-潮州,2024-03-20,9328
2352,佳世達,32,22,10,華南永昌-潮州,2024-03-20,9328
3090,日電貿,10,0,10,華南永昌-潮州,2024-03-20,9328
4536,拓凱,10,0,10,華南永昌-潮州,2024-03-20,9328
6290,良維,21,11,10,華南永昌-潮州,2024-03-20,9328
2941,米斯特,9,0,9,華南永昌-潮州,2024-03-20,9328
8086,宏捷科,9,0,9,華南永昌-潮州,2024-03-20,9328
1303,南亞,9,0,9,華南永昌-潮州,2024-03-20,9328
1301,台塑,10,1,9,華南永昌-潮州,2024-03-20,9328
2884,玉山金,11,2,9,華南永昌-潮州,2024-03-20,9328
8150,南茂,19,10,9,華南永昌-潮州,2024-03-20,9328
1513,中興電,13,4,9,華南永昌-潮州,2024-03-20,9328
5347,世界,21,13,8,華南永昌-潮州,2024-03-20,9328
00679B,元大美債20年,163,0,163,華南永昌-潮州,2024-03-21,9328
00939,統一台灣高息動能,195,39,156,華南永昌-潮州,2024-03-21,9328
2330,台積電,153,9,144,華南永昌-潮州,2024-03-21,9328
2369,菱生,63,3,60,華南永昌-潮州,2024-03-21,9328
911608,明輝-DR,53,0,53,華南永昌-潮州,2024-03-21,9328
4960,誠美材,50,0,50,華南永昌-潮州,2024-03-21,9328
8096,擎亞,43,10,33,華南永昌-潮州,2024-03-21,9328
2317,鴻海,80,51,29,華南永昌-潮州,2024-03-21,9328
00937B,群益ESG投等債20,27,1,26,華南永昌-潮州,2024-03-21,9328
5225,東科-KY,26,2,24,華南永昌-潮州,2024-03-21,9328
00929,復華台灣科技優息,25,2,23,華南永昌-潮州,2024-03-21,9328
2362,藍天,23,1,22,華南永昌-潮州,2024-03-21,9328
00665L,富邦�琤肭磪囓�2,20,0,20,華南永昌-潮州,2024-03-21,9328
2312,金寶,20,0,20,華南永昌-潮州,2024-03-21,9328
5351,鈺創,20,0,20,華南永昌-潮州,2024-03-21,9328
00687B,國泰20年美債,19,0,19,華南永昌-潮州,2024-03-21,9328
2405,輔信,33,14,19,華南永昌-潮州,2024-03-21,9328
1504,東元,49,32,17,華南永昌-潮州,2024-03-21,9328
2548,華固,20,5,15,華南永昌-潮州,2024-03-21,9328
2834,臺企銀,19,5,14,華南永昌-潮州,2024-03-21,9328
2464,盟立,15,1,14,華南永昌-潮州,2024-03-21,9328
6235,華孚,17,3,14,華南永昌-潮州,2024-03-21,9328
2603,長榮,16,3,13,華南永昌-潮州,2024-03-21,9328
3041,揚智,33,20,13,華南永昌-潮州,2024-03-21,9328
6182,合晶,16,3,13,華南永昌-潮州,2024-03-21,9328
6770,力積電,12,0,12,華南永昌-潮州,2024-03-21,9328
1513,中興電,21,9,12,華南永昌-潮州,2024-03-21,9328
2301,光寶科,20,9,11,華南永昌-潮州,2024-03-21,9328
00753L,中信中國50正2,11,0,11,華南永昌-潮州,2024-03-21,9328
00931B,統一美債20年,11,0,11,華南永昌-潮州,2024-03-21,9328
3231,緯創,22,11,11,華南永昌-潮州,2024-03-21,9328
2467,志聖,11,1,10,華南永昌-潮州,2024-03-21,9328
4906,正文,10,0,10,華南永昌-潮州,2024-03-21,9328
00696B,富邦美債20年,10,0,10,華南永昌-潮州,2024-03-21,9328
00670L,富邦NASDAQ正2,10,0,10,華南永昌-潮州,2024-03-21,9328
1210,大成,10,0,10,華南永昌-潮州,2024-03-21,9328
2365,昆盈,10,0,10,華南永昌-潮州,2024-03-21,9328
2387,精元,10,0,10,華南永昌-潮州,2024-03-21,9328
6121,新普,13,4,9,華南永昌-潮州,2024-03-21,9328
6505,台塑化,9,0,9,華南永昌-潮州,2024-03-21,9328
6443,元晶,13,4,9,華南永昌-潮州,2024-03-21,9328
2104,國際中橡,9,0,9,華南永昌-潮州,2024-03-21,9328
00751B,元大AAA至A公司債,8,0,8,華南永昌-潮州,2024-03-21,9328
2609,陽明,12,4,8,華南永昌-潮州,2024-03-21,9328
2367,燿華,47,39,8,華南永昌-潮州,2024-03-21,9328
00720B,元大投資級公司債,7,0,7,華南永昌-潮州,2024-03-21,9328
00941,中信上游半導體,12,5,7,華南永昌-潮州,2024-03-21,9328
00688L,國泰20年美債正2,6,0,6,華南永昌-潮州,2024-03-21,9328
2316,楠梓電,6,0,6,華南永昌-潮州,2024-03-21,9328
2328,廣宇,6,0,6,華南永昌-潮州,2024-03-21,9328
00679B,元大美債20年,127,0,127,華南永昌-潮州,2024-03-22,9328
00919,群益台灣精選高息,139,14,125,華南永昌-潮州,2024-03-22,9328
00939,統一台灣高息動能,142,36,106,華南永昌-潮州,2024-03-22,9328
00937B,群益ESG投等債20,101,0,101,華南永昌-潮州,2024-03-22,9328
00680L,元大美債20正2,63,0,63,華南永昌-潮州,2024-03-22,9328
3014,聯陽,58,0,58,華南永昌-潮州,2024-03-22,9328
2367,燿華,101,46,55,華南永昌-潮州,2024-03-22,9328
1504,東元,58,13,45,華南永昌-潮州,2024-03-22,9328
6443,元晶,73,36,37,華南永昌-潮州,2024-03-22,9328
00637L,元大滬深300正2,36,0,36,華南永昌-潮州,2024-03-22,9328
6115,鎰勝,30,0,30,華南永昌-潮州,2024-03-22,9328
2303,聯電,45,16,29,華南永昌-潮州,2024-03-22,9328
6645,金萬林-創,23,0,23,華南永昌-潮州,2024-03-22,9328
2603,長榮,44,21,23,華南永昌-潮州,2024-03-22,9328
00688L,國泰20年美債正2,32,10,22,華南永昌-潮州,2024-03-22,9328
8213,志超,22,0,22,華南永昌-潮州,2024-03-22,9328
2353,宏��,43,23,20,華南永昌-潮州,2024-03-22,9328
2867,三商壽,20,0,20,華南永昌-潮州,2024-03-22,9328
3711,日月光投控,20,0,20,華南永昌-潮州,2024-03-22,9328
2376,技嘉,25,6,19,華南永昌-潮州,2024-03-22,9328
2354,鴻準,32,15,17,華南永昌-潮州,2024-03-22,9328
2889,國票金,20,3,17,華南永昌-潮州,2024-03-22,9328
6715,嘉基,17,0,17,華南永昌-潮州,2024-03-22,9328
1810,和成,15,0,15,華南永昌-潮州,2024-03-22,9328
3450,聯鈞,22,7,15,華南永昌-潮州,2024-03-22,9328
4303,信立,20,5,15,華南永昌-潮州,2024-03-22,9328
2887,台新金,14,0,14,華南永昌-潮州,2024-03-22,9328
00753L,中信中國50正2,13,0,13,華南永昌-潮州,2024-03-22,9328
8093,保銳,13,0,13,華南永昌-潮州,2024-03-22,9328
1101,台泥,14,1,13,華南永昌-潮州,2024-03-22,9328
2454,聯發科,12,0,12,華南永昌-潮州,2024-03-22,9328
1503,士電,29,17,12,華南永昌-潮州,2024-03-22,9328
8034,榮群,12,1,11,華南永昌-潮州,2024-03-22,9328
2419,仲琦,12,1,11,華南永昌-潮州,2024-03-22,9328
1456,怡華,10,0,10,華南永昌-潮州,2024-03-22,9328
1460,宏遠,10,0,10,華南永昌-潮州,2024-03-22,9328
3058,立德,11,1,10,華南永昌-潮州,2024-03-22,9328
3287,廣寰科,10,0,10,華南永昌-潮州,2024-03-22,9328
5515,建國,10,0,10,華南永昌-潮州,2024-03-22,9328
6113,亞矽,10,0,10,華南永昌-潮州,2024-03-22,9328
9904,寶成,11,1,10,華南永昌-潮州,2024-03-22,9328
00696B,富邦美債20年,9,0,9,華南永昌-潮州,2024-03-22,9328
2337,旺宏,19,11,8,華南永昌-潮州,2024-03-22,9328
00687B,國泰20年美債,10,2,8,華南永昌-潮州,2024-03-22,9328
2883,凱基金,9,1,8,華南永昌-潮州,2024-03-22,9328
2891,中信金,10,2,8,華南永昌-潮州,2024-03-22,9328
00706L,期元大S＆P日圓正2,7,0,7,華南永昌-潮州,2024-03-22,9328
00891,中信關鍵半導體,7,0,7,華南永昌-潮州,2024-03-22,9328
00915,凱基優選高股息30,6,0,6,華南永昌-潮州,2024-03-22,9328
00941,中信上游半導體,16,10,6,華南永昌-潮州,2024-03-22,9328
00919,群益台灣精選高息,263,98,165,華南永昌-潮州,2024-03-25,9328
00939,統一台灣高息動能,130,35,95,華南永昌-潮州,2024-03-25,9328
1609,大亞,110,46,64,華南永昌-潮州,2024-03-25,9328
2354,鴻準,77,37,40,華南永昌-潮州,2024-03-25,9328
00933B,國泰10Y+金融債,38,0,38,華南永昌-潮州,2024-03-25,9328
00941,中信上游半導體,65,28,37,華南永昌-潮州,2024-03-25,9328
8926,台汽電,37,2,35,華南永昌-潮州,2024-03-25,9328
3033,威健,34,0,34,華南永昌-潮州,2024-03-25,9328
2303,聯電,38,5,33,華南永昌-潮州,2024-03-25,9328
3059,華晶科,57,24,33,華南永昌-潮州,2024-03-25,9328
2880,華南金,32,0,32,華南永昌-潮州,2024-03-25,9328
2611,志信,26,0,26,華南永昌-潮州,2024-03-25,9328
00712,復華富時不動產,23,0,23,華南永昌-潮州,2024-03-25,9328
00687B,國泰20年美債,23,0,23,華南永昌-潮州,2024-03-25,9328
3481,群創,23,1,22,華南永昌-潮州,2024-03-25,9328
2882,國泰金,30,10,20,華南永昌-潮州,2024-03-25,9328
2009,第一銅,50,30,20,華南永昌-潮州,2024-03-25,9328
6854,錼創科技-KY創,20,0,20,華南永昌-潮州,2024-03-25,9328
2317,鴻海,48,29,19,華南永昌-潮州,2024-03-25,9328
8033,雷虎,29,12,17,華南永昌-潮州,2024-03-25,9328
3706,神達,21,7,14,華南永昌-潮州,2024-03-25,9328
6139,亞翔,20,6,14,華南永昌-潮州,2024-03-25,9328
00720B,元大投資級公司債,13,0,13,華南永昌-潮州,2024-03-25,9328
2206,三陽工業,13,0,13,華南永昌-潮州,2024-03-25,9328
4707,磐亞,13,0,13,華南永昌-潮州,2024-03-25,9328
2327,國巨,12,0,12,華南永昌-潮州,2024-03-25,9328
1529,樂事綠能,17,5,12,華南永昌-潮州,2024-03-25,9328
3005,神基,15,3,12,華南永昌-潮州,2024-03-25,9328
2515,中工,13,2,11,華南永昌-潮州,2024-03-25,9328
6443,元晶,18,7,11,華南永昌-潮州,2024-03-25,9328
5388,中磊,14,3,11,華南永昌-潮州,2024-03-25,9328
1514,亞力,56,45,11,華南永昌-潮州,2024-03-25,9328
1308,亞聚,10,0,10,華南永昌-潮州,2024-03-25,9328
2404,漢唐,10,0,10,華南永昌-潮州,2024-03-25,9328
2337,旺宏,15,5,10,華南永昌-潮州,2024-03-25,9328
00680L,元大美債20正2,10,0,10,華南永昌-潮州,2024-03-25,9328
2387,精元,20,10,10,華南永昌-潮州,2024-03-25,9328
8163,達方,10,0,10,華南永昌-潮州,2024-03-25,9328
0056,元大高股息,11,1,10,華南永昌-潮州,2024-03-25,9328
00937B,群益ESG投等債20,19,10,9,華南永昌-潮州,2024-03-25,9328
1325,恆大,9,0,9,華南永昌-潮州,2024-03-25,9328
3317,尼克森,9,0,9,華南永昌-潮州,2024-03-25,9328
1616,億泰,9,0,9,華南永昌-潮州,2024-03-25,9328
00632R,元大台灣50反1,8,0,8,華南永昌-潮州,2024-03-25,9328
2887,台新金,8,0,8,華南永昌-潮州,2024-03-25,9328
2542,興富發,10,2,8,華南永昌-潮州,2024-03-25,9328
5351,鈺創,10,3,7,華南永昌-潮州,2024-03-25,9328
1218,泰山,7,0,7,華南永昌-潮州,2024-03-25,9328
2603,長榮,12,5,7,華南永昌-潮州,2024-03-25,9328
8420,明揚,6,0,6,華南永昌-潮州,2024-03-25,9328
00939,統一台灣高息動能,231,31,200,華南永昌-潮州,2024-03-26,9328
00706L,期元大S＆P日圓正2,200,0,200,華南永昌-潮州,2024-03-26,9328
00919,群益台灣精選高息,363,224,139,華南永昌-潮州,2024-03-26,9328
6290,良維,136,7,129,華南永昌-潮州,2024-03-26,9328
8011,台通,102,7,95,華南永昌-潮州,2024-03-26,9328
00929,復華台灣科技優息,127,61,66,華南永昌-潮州,2024-03-26,9328
1608,華榮,63,19,44,華南永昌-潮州,2024-03-26,9328
1605,華新,42,6,36,華南永昌-潮州,2024-03-26,9328
3540,曜越,30,0,30,華南永昌-潮州,2024-03-26,9328
2009,第一銅,27,0,27,華南永昌-潮州,2024-03-26,9328
1618,合機,87,62,25,華南永昌-潮州,2024-03-26,9328
2002,中鋼,32,7,25,華南永昌-潮州,2024-03-26,9328
2365,昆盈,27,2,25,華南永昌-潮州,2024-03-26,9328
2344,華邦電,39,16,23,華南永昌-潮州,2024-03-26,9328
2611,志信,28,6,22,華南永昌-潮州,2024-03-26,9328
3622,洋華,22,0,22,華南永昌-潮州,2024-03-26,9328
00720B,元大投資級公司債,21,0,21,華南永昌-潮州,2024-03-26,9328
2882,國泰金,30,10,20,華南永昌-潮州,2024-03-26,9328
2353,宏��,29,10,19,華南永昌-潮州,2024-03-26,9328
6875,國邑*,20,1,19,華南永昌-潮州,2024-03-26,9328
5443,均豪,18,0,18,華南永昌-潮州,2024-03-26,9328
3706,神達,20,4,16,華南永昌-潮州,2024-03-26,9328
3062,建漢,25,11,14,華南永昌-潮州,2024-03-26,9328
6163,華電網,34,20,14,華南永昌-潮州,2024-03-26,9328
6530,創威,19,5,14,華南永昌-潮州,2024-03-26,9328
8093,保銳,14,0,14,華南永昌-潮州,2024-03-26,9328
00687B,國泰20年美債,13,0,13,華南永昌-潮州,2024-03-26,9328
1611,中電,36,23,13,華南永昌-潮州,2024-03-26,9328
4952,凌通,13,0,13,華南永昌-潮州,2024-03-26,9328
2313,華通,16,4,12,華南永昌-潮州,2024-03-26,9328
00878,國泰永續高股息,20,8,12,華南永昌-潮州,2024-03-26,9328
2417,圓剛,21,9,12,華南永昌-潮州,2024-03-26,9328
8420,明揚,12,0,12,華南永昌-潮州,2024-03-26,9328
5388,中磊,12,1,11,華南永昌-潮州,2024-03-26,9328
2609,陽明,68,57,11,華南永昌-潮州,2024-03-26,9328
3017,奇鋐,21,10,11,華南永昌-潮州,2024-03-26,9328
3686,達能,12,1,11,華南永昌-潮州,2024-03-26,9328
8034,榮群,11,0,11,華南永昌-潮州,2024-03-26,9328
3715,定穎投控,11,0,11,華南永昌-潮州,2024-03-26,9328
8150,南茂,10,0,10,華南永昌-潮州,2024-03-26,9328
3481,群創,11,1,10,華南永昌-潮州,2024-03-26,9328
00935,野村臺灣新科技50,11,1,10,華南永昌-潮州,2024-03-26,9328
2610,華航,11,1,10,華南永昌-潮州,2024-03-26,9328
2618,長榮航,12,2,10,華南永昌-潮州,2024-03-26,9328
4306,炎洲,10,0,10,華南永昌-潮州,2024-03-26,9328
5381,合正,11,1,10,華南永昌-潮州,2024-03-26,9328
6411,晶焱,10,0,10,華南永昌-潮州,2024-03-26,9328
6854,錼創科技-KY創,10,0,10,華南永昌-潮州,2024-03-26,9328
8092,建暐,10,0,10,華南永昌-潮州,2024-03-26,9328
00688L,國泰20年美債正2,9,0,9,華南永昌-潮州,2024-03-26,9328
00939,統一台灣高息動能,104,17,87,華南永昌-潮州,2024-03-27,9328
3481,群創,74,5,69,華南永昌-潮州,2024-03-27,9328
00937B,群益ESG投等債20,69,1,68,華南永昌-潮州,2024-03-27,9328
4526,東台,50,8,42,華南永昌-潮州,2024-03-27,9328
00637L,元大滬深300正2,38,0,38,華南永昌-潮州,2024-03-27,9328
2464,盟立,51,15,36,華南永昌-潮州,2024-03-27,9328
2353,宏��,52,20,32,華南永昌-潮州,2024-03-27,9328
3576,聯合再生,30,0,30,華南永昌-潮州,2024-03-27,9328
8222,寶一,28,3,25,華南永昌-潮州,2024-03-27,9328
2888,新光金,24,0,24,華南永昌-潮州,2024-03-27,9328
3706,神達,68,44,24,華南永昌-潮州,2024-03-27,9328
3287,廣寰科,20,0,20,華南永昌-潮州,2024-03-27,9328
2301,光寶科,20,1,19,華南永昌-潮州,2024-03-27,9328
6770,力積電,35,17,18,華南永昌-潮州,2024-03-27,9328
1513,中興電,25,7,18,華南永昌-潮州,2024-03-27,9328
2609,陽明,22,6,16,華南永昌-潮州,2024-03-27,9328
2367,燿華,75,60,15,華南永昌-潮州,2024-03-27,9328
2392,正崴,15,0,15,華南永昌-潮州,2024-03-27,9328
2409,友達,13,0,13,華南永昌-潮州,2024-03-27,9328
2371,大同,27,15,12,華南永昌-潮州,2024-03-27,9328
00680L,元大美債20正2,12,0,12,華南永昌-潮州,2024-03-27,9328
5519,隆大,12,0,12,華南永昌-潮州,2024-03-27,9328
1536,和大,11,0,11,華南永昌-潮州,2024-03-27,9328
8033,雷虎,15,4,11,華南永昌-潮州,2024-03-27,9328
1514,亞力,38,27,11,華南永昌-潮州,2024-03-27,9328
2617,台航,10,0,10,華南永昌-潮州,2024-03-27,9328
8936,國統,24,14,10,華南永昌-潮州,2024-03-27,9328
00673R,期元大S＆P原油反1,10,0,10,華南永昌-潮州,2024-03-27,9328
5388,中磊,10,0,10,華南永昌-潮州,2024-03-27,9328
1714,和桐,10,0,10,華南永昌-潮州,2024-03-27,9328
1609,大亞,32,22,10,華南永昌-潮州,2024-03-27,9328
2882,國泰金,10,0,10,華南永昌-潮州,2024-03-27,9328
2352,佳世達,10,1,9,華南永昌-潮州,2024-03-27,9328
4303,信立,12,3,9,華南永昌-潮州,2024-03-27,9328
2374,佳能,8,0,8,華南永昌-潮州,2024-03-27,9328
5243,乙盛-KY,12,4,8,華南永昌-潮州,2024-03-27,9328
8093,保銳,8,0,8,華南永昌-潮州,2024-03-27,9328
2408,南亞科,7,0,7,華南永昌-潮州,2024-03-27,9328
3059,華晶科,13,6,7,華南永昌-潮州,2024-03-27,9328
8423,保綠-KY,8,1,7,華南永昌-潮州,2024-03-27,9328
2356,英業達,19,12,7,華南永昌-潮州,2024-03-27,9328
1101,台泥,10,3,7,華南永昌-潮州,2024-03-27,9328
1504,東元,20,13,7,華南永昌-潮州,2024-03-27,9328
6505,台塑化,6,0,6,華南永昌-潮州,2024-03-27,9328
5515,建國,7,1,6,華南永昌-潮州,2024-03-27,9328
2421,建準,9,3,6,華南永昌-潮州,2024-03-27,9328
3005,神基,10,4,6,華南永昌-潮州,2024-03-27,9328
6806,森崴能源,6,1,5,華南永昌-潮州,2024-03-27,9328
00632R,元大台灣50反1,5,0,5,華南永昌-潮州,2024-03-27,9328
00885,富邦越南,5,0,5,華南永昌-潮州,2024-03-27,9328
00939,統一台灣高息動能,133,7,126,華南永昌-潮州,2024-03-28,9328
2323,中環,73,2,71,華南永昌-潮州,2024-03-28,9328
3058,立德,64,2,62,華南永昌-潮州,2024-03-28,9328
4714,永捷,68,6,62,華南永昌-潮州,2024-03-28,9328
1609,大亞,90,30,60,華南永昌-潮州,2024-03-28,9328
2330,台積電,50,3,47,華南永昌-潮州,2024-03-28,9328
4526,東台,51,6,45,華南永昌-潮州,2024-03-28,9328
2324,仁寶,42,0,42,華南永昌-潮州,2024-03-28,9328
6290,良維,41,0,41,華南永昌-潮州,2024-03-28,9328
3622,洋華,35,0,35,華南永昌-潮州,2024-03-28,9328
00673R,期元大S＆P原油反1,31,0,31,華南永昌-潮州,2024-03-28,9328
00679B,元大美債20年,50,20,30,華南永昌-潮州,2024-03-28,9328
2317,鴻海,60,33,27,華南永昌-潮州,2024-03-28,9328
00680L,元大美債20正2,25,0,25,華南永昌-潮州,2024-03-28,9328
1316,上曜,27,2,25,華南永昌-潮州,2024-03-28,9328
00937B,群益ESG投等債20,24,0,24,華南永昌-潮州,2024-03-28,9328
3234,光環,23,0,23,華南永昌-潮州,2024-03-28,9328
1785,光洋科,30,8,22,華南永昌-潮州,2024-03-28,9328
2443,昶虹,20,0,20,華南永昌-潮州,2024-03-28,9328
2630,亞航,23,5,18,華南永昌-潮州,2024-03-28,9328
6425,易發,20,2,18,華南永昌-潮州,2024-03-28,9328
2356,英業達,19,4,15,華南永昌-潮州,2024-03-28,9328
8936,國統,39,24,15,華南永昌-潮州,2024-03-28,9328
4909,新復興,16,2,14,華南永昌-潮州,2024-03-28,9328
00878,國泰永續高股息,16,2,14,華南永昌-潮州,2024-03-28,9328
00929,復華台灣科技優息,26,12,14,華南永昌-潮州,2024-03-28,9328
00931B,統一美債20年,13,0,13,華南永昌-潮州,2024-03-28,9328
4707,磐亞,12,0,12,華南永昌-潮州,2024-03-28,9328
2363,矽統,12,0,12,華南永昌-潮州,2024-03-28,9328
3094,聯傑,11,0,11,華南永昌-潮州,2024-03-28,9328
4938,和碩,13,3,10,華南永昌-潮州,2024-03-28,9328
3005,神基,17,8,9,華南永昌-潮州,2024-03-28,9328
3706,神達,65,56,9,華南永昌-潮州,2024-03-28,9328
5483,中美晶,14,5,9,華南永昌-潮州,2024-03-28,9328
2419,仲琦,8,0,8,華南永昌-潮州,2024-03-28,9328
1314,中石化,14,6,8,華南永昌-潮州,2024-03-28,9328
2722,夏都,10,2,8,華南永昌-潮州,2024-03-28,9328
5469,瀚宇博,27,19,8,華南永昌-潮州,2024-03-28,9328
2603,長榮,12,4,8,華南永昌-潮州,2024-03-28,9328
00882,中信中國高股息,7,0,7,華南永昌-潮州,2024-03-28,9328
2609,陽明,16,9,7,華南永昌-潮州,2024-03-28,9328
3483,力致,7,0,7,華南永昌-潮州,2024-03-28,9328
9105,泰金寶-DR,10,3,7,華南永昌-潮州,2024-03-28,9328
3707,漢磊,11,4,7,華南永昌-潮州,2024-03-28,9328
8086,宏捷科,8,2,6,華南永昌-潮州,2024-03-28,9328
1608,華榮,35,29,6,華南永昌-潮州,2024-03-28,9328
1762,中化生,6,0,6,華南永昌-潮州,2024-03-28,9328
2408,南亞科,7,1,6,華南永昌-潮州,2024-03-28,9328
5603,陸海,6,0,6,華南永昌-潮州,2024-03-28,9328
1513,中興電,15,9,6,華南永昌-潮州,2024-03-28,9328
00632R,元大台灣50反1,135,0,135,華南永昌-潮州,2024-03-29,9328
1617,榮星,101,0,101,華南永昌-潮州,2024-03-29,9328
00939,統一台灣高息動能,48,3,45,華南永昌-潮州,2024-03-29,9328
2349,錸德,40,0,40,華南永昌-潮州,2024-03-29,9328
2317,鴻海,48,14,34,華南永昌-潮州,2024-03-29,9328
3294,英濟,31,1,30,華南永昌-潮州,2024-03-29,9328
9105,泰金寶-DR,31,5,26,華南永昌-潮州,2024-03-29,9328
2367,燿華,60,36,24,華南永昌-潮州,2024-03-29,9328
2301,光寶科,30,7,23,華南永昌-潮州,2024-03-29,9328
00937B,群益ESG投等債20,32,9,23,華南永昌-潮州,2024-03-29,9328
2323,中環,33,11,22,華南永昌-潮州,2024-03-29,9328
00637L,元大滬深300正2,21,0,21,華南永昌-潮州,2024-03-29,9328
1455,集盛,44,23,21,華南永昌-潮州,2024-03-29,9328
4526,東台,24,3,21,華南永昌-潮州,2024-03-29,9328
00665L,富邦�琤肭磪囓�2,30,10,20,華南永昌-潮州,2024-03-29,9328
3043,科風,21,1,20,華南永昌-潮州,2024-03-29,9328
00919,群益台灣精選高息,42,24,18,華南永昌-潮州,2024-03-29,9328
3481,群創,19,2,17,華南永昌-潮州,2024-03-29,9328
8096,擎亞,40,24,16,華南永昌-潮州,2024-03-29,9328
6275,元山,17,3,14,華南永昌-潮州,2024-03-29,9328
6414,樺漢,13,0,13,華南永昌-潮州,2024-03-29,9328
6125,廣運,16,3,13,華南永昌-潮州,2024-03-29,9328
3710,連展投控,15,3,12,華南永昌-潮州,2024-03-29,9328
2002,中鋼,13,2,11,華南永昌-潮州,2024-03-29,9328
6235,華孚,11,0,11,華南永昌-潮州,2024-03-29,9328
8034,榮群,11,0,11,華南永昌-潮州,2024-03-29,9328
1608,華榮,15,5,10,華南永昌-潮州,2024-03-29,9328
2705,六福,10,0,10,華南永昌-潮州,2024-03-29,9328
3673,TPK-KY,10,0,10,華南永昌-潮州,2024-03-29,9328
2464,盟立,9,1,8,華南永昌-潮州,2024-03-29,9328
3704,合勤控,11,3,8,華南永昌-潮州,2024-03-29,9328
5488,松普,8,0,8,華南永昌-潮州,2024-03-29,9328
1609,大亞,19,11,8,華南永昌-潮州,2024-03-29,9328
3005,神基,11,4,7,華南永昌-潮州,2024-03-29,9328
2605,新興,7,0,7,華南永昌-潮州,2024-03-29,9328
5512,力麒,7,0,7,華南永昌-潮州,2024-03-29,9328
2324,仁寶,11,5,6,華南永昌-潮州,2024-03-29,9328
2308,台達電,6,0,6,華南永昌-潮州,2024-03-29,9328
00673R,期元大S＆P原油反1,6,0,6,華南永昌-潮州,2024-03-29,9328
2543,皇昌,7,1,6,華南永昌-潮州,2024-03-29,9328
4909,新復興,15,9,6,華南永昌-潮州,2024-03-29,9328
6126,信音,6,0,6,華南永昌-潮州,2024-03-29,9328
8423,保綠-KY,6,0,6,華南永昌-潮州,2024-03-29,9328
1101,台泥,12,6,6,華南永昌-潮州,2024-03-29,9328
1314,中石化,5,0,5,華南永昌-潮州,2024-03-29,9328
00915,凱基優選高股息30,5,0,5,華南永昌-潮州,2024-03-29,9328
2303,聯電,37,32,5,華南永昌-潮州,2024-03-29,9328
1808,潤隆,6,1,5,華南永昌-潮州,2024-03-29,9328
00933B,國泰10Y+金融債,5,0,5,華南永昌-潮州,2024-03-29,9328
1303,南亞,5,0,5,華南永昌-潮州,2024-03-29,9328
00940,元大台灣價值高息,827,120,707,華南永昌-潮州,2024-04-01,9328
00929,復華台灣科技優息,65,9,56,華南永昌-潮州,2024-04-01,9328
5351,鈺創,75,20,55,華南永昌-潮州,2024-04-01,9328
1504,東元,47,11,36,華南永昌-潮州,2024-04-01,9328
2603,長榮,35,2,33,華南永昌-潮州,2024-04-01,9328
6290,良維,39,6,33,華南永昌-潮州,2024-04-01,9328
00919,群益台灣精選高息,59,27,32,華南永昌-潮州,2024-04-01,9328
00673R,期元大S＆P原油反1,30,0,30,華南永昌-潮州,2024-04-01,9328
1617,榮星,30,0,30,華南永昌-潮州,2024-04-01,9328
2020,美亞,29,4,25,華南永昌-潮州,2024-04-01,9328
3059,華晶科,26,2,24,華南永昌-潮州,2024-04-01,9328
2891,中信金,23,0,23,華南永昌-潮州,2024-04-01,9328
2897,王道銀行,23,0,23,華南永昌-潮州,2024-04-01,9328
2356,英業達,44,21,23,華南永昌-潮州,2024-04-01,9328
00939,統一台灣高息動能,29,8,21,華南永昌-潮州,2024-04-01,9328
8054,安國,25,5,20,華南永昌-潮州,2024-04-01,9328
3706,神達,20,1,19,華南永昌-潮州,2024-04-01,9328
00679B,元大美債20年,17,0,17,華南永昌-潮州,2024-04-01,9328
00941,中信上游半導體,17,1,16,華南永昌-潮州,2024-04-01,9328
2408,南亞科,18,2,16,華南永昌-潮州,2024-04-01,9328
2382,廣達,22,6,16,華南永昌-潮州,2024-04-01,9328
3231,緯創,29,14,15,華南永昌-潮州,2024-04-01,9328
00936,台新永續高息中小,15,0,15,華南永昌-潮州,2024-04-01,9328
1440,南紡,15,0,15,華南永昌-潮州,2024-04-01,9328
1612,宏泰,16,2,14,華南永昌-潮州,2024-04-01,9328
8446,華研,14,1,13,華南永昌-潮州,2024-04-01,9328
6770,力積電,13,0,13,華南永昌-潮州,2024-04-01,9328
1815,富喬,82,70,12,華南永昌-潮州,2024-04-01,9328
8215,明基材,14,2,12,華南永昌-潮州,2024-04-01,9328
5483,中美晶,11,0,11,華南永昌-潮州,2024-04-01,9328
1806,冠軍,10,0,10,華南永昌-潮州,2024-04-01,9328
6108,競國,10,0,10,華南永昌-潮州,2024-04-01,9328
00688L,國泰20年美債正2,10,0,10,華南永昌-潮州,2024-04-01,9328
1305,華夏,10,0,10,華南永昌-潮州,2024-04-01,9328
2838,聯邦銀,10,0,10,華南永昌-潮州,2024-04-01,9328
6552,易華電,10,0,10,華南永昌-潮州,2024-04-01,9328
6695,芯鼎,26,16,10,華南永昌-潮州,2024-04-01,9328
8068,全達,10,0,10,華南永昌-潮州,2024-04-01,9328
5388,中磊,10,0,10,華南永昌-潮州,2024-04-01,9328
3711,日月光投控,12,3,9,華南永昌-潮州,2024-04-01,9328
6668,中揚光,10,1,9,華南永昌-潮州,2024-04-01,9328
6139,亞翔,12,5,7,華南永昌-潮州,2024-04-01,9328
00927,群益半導體收益,7,0,7,華南永昌-潮州,2024-04-01,9328
00632R,元大台灣50反1,7,0,7,華南永昌-潮州,2024-04-01,9328
2402,毅嘉,12,5,7,華南永昌-潮州,2024-04-01,9328
2834,臺企銀,6,0,6,華南永昌-潮州,2024-04-01,9328
1727,中華化,6,0,6,華南永昌-潮州,2024-04-01,9328
2365,昆盈,8,2,6,華南永昌-潮州,2024-04-01,9328
3321,同泰,6,0,6,華南永昌-潮州,2024-04-01,9328
4927,泰鼎-KY,6,0,6,華南永昌-潮州,2024-04-01,9328
00940,元大台灣價值高息,343,12,331,華南永昌-潮州,2024-04-02,9328
00929,復華台灣科技優息,149,19,130,華南永昌-潮州,2024-04-02,9328
00680L,元大美債20正2,94,0,94,華南永昌-潮州,2024-04-02,9328
00937B,群益ESG投等債20,70,0,70,華南永昌-潮州,2024-04-02,9328
1608,華榮,56,4,52,華南永昌-潮州,2024-04-02,9328
00941,中信上游半導體,49,0,49,華南永昌-潮州,2024-04-02,9328
6234,高僑,48,5,43,華南永昌-潮州,2024-04-02,9328
00927,群益半導體收益,51,12,39,華南永昌-潮州,2024-04-02,9328
911608,明輝-DR,36,0,36,華南永昌-潮州,2024-04-02,9328
2540,愛山林,32,0,32,華南永昌-潮州,2024-04-02,9328
2371,大同,33,4,29,華南永昌-潮州,2024-04-02,9328
8034,榮群,21,0,21,華南永昌-潮州,2024-04-02,9328
2882,國泰金,20,0,20,華南永昌-潮州,2024-04-02,9328
00935,野村臺灣新科技50,30,10,20,華南永昌-潮州,2024-04-02,9328
5439,高技,20,0,20,華南永昌-潮州,2024-04-02,9328
5351,鈺創,33,14,19,華南永昌-潮州,2024-04-02,9328
00687B,國泰20年美債,18,0,18,華南永昌-潮州,2024-04-02,9328
4967,十銓,19,2,17,華南永昌-潮州,2024-04-02,9328
00733,富邦臺灣中小,15,0,15,華南永昌-潮州,2024-04-02,9328
2344,華邦電,16,1,15,華南永昌-潮州,2024-04-02,9328
2609,陽明,23,8,15,華南永昌-潮州,2024-04-02,9328
2641,正德,15,0,15,華南永昌-潮州,2024-04-02,9328
3042,晶技,15,0,15,華南永昌-潮州,2024-04-02,9328
3339,泰谷,15,0,15,華南永昌-潮州,2024-04-02,9328
6509,聚和,15,0,15,華南永昌-潮州,2024-04-02,9328
3483,力致,15,0,15,華南永昌-潮州,2024-04-02,9328
2365,昆盈,16,3,13,華南永昌-潮州,2024-04-02,9328
2356,英業達,18,5,13,華南永昌-潮州,2024-04-02,9328
2603,長榮,16,4,12,華南永昌-潮州,2024-04-02,9328
2408,南亞科,12,1,11,華南永昌-潮州,2024-04-02,9328
3036,文曄,11,0,11,華南永昌-潮州,2024-04-02,9328
1609,大亞,12,1,11,華南永昌-潮州,2024-04-02,9328
2615,萬海,11,0,11,華南永昌-潮州,2024-04-02,9328
2889,國票金,12,1,11,華南永昌-潮州,2024-04-02,9328
3059,華晶科,36,25,11,華南永昌-潮州,2024-04-02,9328
2492,華新科,18,8,10,華南永昌-潮州,2024-04-02,9328
2495,普安,10,0,10,華南永昌-潮州,2024-04-02,9328
5014,建錩,10,0,10,華南永昌-潮州,2024-04-02,9328
6538,倉和,11,1,10,華南永昌-潮州,2024-04-02,9328
8111,立��,10,0,10,華南永昌-潮州,2024-04-02,9328
2888,新光金,9,0,9,華南永昌-潮州,2024-04-02,9328
3284,太普高,9,0,9,華南永昌-潮州,2024-04-02,9328
4909,新復興,15,6,9,華南永昌-潮州,2024-04-02,9328
6163,華電網,11,2,9,華南永昌-潮州,2024-04-02,9328
6288,聯嘉,15,6,9,華南永昌-潮州,2024-04-02,9328
00751B,元大AAA至A公司債,9,0,9,華南永昌-潮州,2024-04-02,9328
00673R,期元大S＆P原油反1,8,0,8,華南永昌-潮州,2024-04-02,9328
2230,泰茂,8,0,8,華南永昌-潮州,2024-04-02,9328
2324,仁寶,9,1,8,華南永昌-潮州,2024-04-02,9328
2421,建準,13,5,8,華南永昌-潮州,2024-04-02,9328
00940,元大台灣價值高息,226,74,152,華南永昌-潮州,2024-04-03,9328
00929,復華台灣科技優息,139,2,137,華南永昌-潮州,2024-04-03,9328
4414,如興,86,0,86,華南永昌-潮州,2024-04-03,9328
00679B,元大美債20年,76,0,76,華南永昌-潮州,2024-04-03,9328
2453,凌群,57,0,57,華南永昌-潮州,2024-04-03,9328
8110,華東,50,0,50,華南永昌-潮州,2024-04-03,9328
2515,中工,62,17,45,華南永昌-潮州,2024-04-03,9328
2851,中再保,40,0,40,華南永昌-潮州,2024-04-03,9328
2317,鴻海,49,15,34,華南永昌-潮州,2024-04-03,9328
00919,群益台灣精選高息,35,2,33,華南永昌-潮州,2024-04-03,9328
2486,一詮,81,52,29,華南永昌-潮州,2024-04-03,9328
2303,聯電,32,4,28,華南永昌-潮州,2024-04-03,9328
00941,中信上游半導體,26,0,26,華南永昌-潮州,2024-04-03,9328
2344,華邦電,24,1,23,華南永昌-潮州,2024-04-03,9328
3234,光環,23,0,23,華南永昌-潮州,2024-04-03,9328
1455,集盛,21,0,21,華南永昌-潮州,2024-04-03,9328
1718,中纖,20,0,20,華南永昌-潮州,2024-04-03,9328
2889,國票金,20,0,20,華南永昌-潮州,2024-04-03,9328
2371,大同,20,1,19,華南永昌-潮州,2024-04-03,9328
2882,國泰金,20,1,19,華南永昌-潮州,2024-04-03,9328
00937B,群益ESG投等債20,18,0,18,華南永昌-潮州,2024-04-03,9328
00687B,國泰20年美債,23,8,15,華南永昌-潮州,2024-04-03,9328
2301,光寶科,17,2,15,華南永昌-潮州,2024-04-03,9328
00909,國泰數位支付服務,15,0,15,華南永昌-潮州,2024-04-03,9328
00680L,元大美債20正2,15,0,15,華南永昌-潮州,2024-04-03,9328
1522,堤維西,16,1,15,華南永昌-潮州,2024-04-03,9328
2634,漢翔,14,0,14,華南永昌-潮州,2024-04-03,9328
3356,奇偶,14,0,14,華南永昌-潮州,2024-04-03,9328
4909,新復興,19,6,13,華南永昌-潮州,2024-04-03,9328
5880,合庫金,13,0,13,華南永昌-潮州,2024-04-03,9328
2327,國巨,12,0,12,華南永昌-潮州,2024-04-03,9328
6284,佳邦,12,0,12,華南永昌-潮州,2024-04-03,9328
2449,京元電子,12,1,11,華南永昌-潮州,2024-04-03,9328
00673R,期元大S＆P原油反1,11,0,11,華南永昌-潮州,2024-04-03,9328
00637L,元大滬深300正2,11,0,11,華南永昌-潮州,2024-04-03,9328
1802,台玻,11,0,11,華南永昌-潮州,2024-04-03,9328
2354,鴻準,17,6,11,華南永昌-潮州,2024-04-03,9328
8926,台汽電,11,0,11,華南永昌-潮州,2024-04-03,9328
6276,安鈦克,10,0,10,華南永昌-潮州,2024-04-03,9328
1314,中石化,20,10,10,華南永昌-潮州,2024-04-03,9328
1432,大魯閣,10,0,10,華南永昌-潮州,2024-04-03,9328
2495,普安,10,0,10,華南永昌-潮州,2024-04-03,9328
3581,博磊,10,0,10,華南永昌-潮州,2024-04-03,9328
4707,磐亞,20,10,10,華南永昌-潮州,2024-04-03,9328
6443,元晶,10,0,10,華南永昌-潮州,2024-04-03,9328
3027,盛達,9,0,9,華南永昌-潮州,2024-04-03,9328
3481,群創,19,10,9,華南永昌-潮州,2024-04-03,9328
4147,中裕,9,0,9,華南永昌-潮州,2024-04-03,9328
6234,高僑,9,0,9,華南永昌-潮州,2024-04-03,9328
8033,雷虎,17,8,9,華南永昌-潮州,2024-04-03,9328
00940,元大台灣價值高息,201,66,135,華南永昌-潮州,2024-04-08,9328
00919,群益台灣精選高息,153,59,94,華南永昌-潮州,2024-04-08,9328
00882,中信中國高股息,62,0,62,華南永昌-潮州,2024-04-08,9328
00927,群益半導體收益,61,0,61,華南永昌-潮州,2024-04-08,9328
00679B,元大美債20年,59,0,59,華南永昌-潮州,2024-04-08,9328
00929,復華台灣科技優息,87,30,57,華南永昌-潮州,2024-04-08,9328
0056,元大高股息,48,2,46,華南永昌-潮州,2024-04-08,9328
6733,博晟生醫,41,1,40,華南永昌-潮州,2024-04-08,9328
00937B,群益ESG投等債20,38,0,38,華南永昌-潮州,2024-04-08,9328
6120,達運,56,20,36,華南永昌-潮州,2024-04-08,9328
00688L,國泰20年美債正2,34,0,34,華南永昌-潮州,2024-04-08,9328
00687B,國泰20年美債,29,0,29,華南永昌-潮州,2024-04-08,9328
2371,大同,33,7,26,華南永昌-潮州,2024-04-08,9328
4714,永捷,26,2,24,華南永昌-潮州,2024-04-08,9328
3034,聯詠,23,0,23,華南永昌-潮州,2024-04-08,9328
2634,漢翔,23,1,22,華南永昌-潮州,2024-04-08,9328
3294,英濟,38,20,18,華南永昌-潮州,2024-04-08,9328
2367,燿華,40,23,17,華南永昌-潮州,2024-04-08,9328
00878,國泰永續高股息,18,2,16,華南永昌-潮州,2024-04-08,9328
2486,一詮,52,38,14,華南永昌-潮州,2024-04-08,9328
3027,盛達,14,0,14,華南永昌-潮州,2024-04-08,9328
00680L,元大美債20正2,25,11,14,華南永昌-潮州,2024-04-08,9328
2923,鼎固-KY,14,0,14,華南永昌-潮州,2024-04-08,9328
8054,安國,18,4,14,華南永昌-潮州,2024-04-08,9328
8420,明揚,12,0,12,華南永昌-潮州,2024-04-08,9328
5521,工信,15,3,12,華南永昌-潮州,2024-04-08,9328
2324,仁寶,12,1,11,華南永昌-潮州,2024-04-08,9328
6933,AMAX-KY,14,3,11,華南永昌-潮州,2024-04-08,9328
00637L,元大滬深300正2,41,30,11,華南永昌-潮州,2024-04-08,9328
1513,中興電,24,13,11,華南永昌-潮州,2024-04-08,9328
2028,威致,11,0,11,華南永昌-潮州,2024-04-08,9328
00712,復華富時不動產,10,0,10,華南永昌-潮州,2024-04-08,9328
2453,凌群,10,0,10,華南永昌-潮州,2024-04-08,9328
3062,建漢,10,0,10,華南永昌-潮州,2024-04-08,9328
6243,迅杰,10,0,10,華南永昌-潮州,2024-04-08,9328
00931B,統一美債20年,8,0,8,華南永昌-潮州,2024-04-08,9328
6443,元晶,19,11,8,華南永昌-潮州,2024-04-08,9328
8034,榮群,10,2,8,華南永昌-潮州,2024-04-08,9328
8064,東捷,8,0,8,華南永昌-潮州,2024-04-08,9328
2344,華邦電,11,4,7,華南永昌-潮州,2024-04-08,9328
3706,神達,10,3,7,華南永昌-潮州,2024-04-08,9328
00857B,永豐20年美公債,7,0,7,華南永昌-潮州,2024-04-08,9328
1609,大亞,13,6,7,華南永昌-潮州,2024-04-08,9328
2887,台新金,7,0,7,華南永昌-潮州,2024-04-08,9328
2609,陽明,12,6,6,華南永昌-潮州,2024-04-08,9328
00720B,元大投資級公司債,6,0,6,華南永昌-潮州,2024-04-08,9328
2405,輔信,12,6,6,華南永昌-潮州,2024-04-08,9328
2618,長榮航,6,0,6,華南永昌-潮州,2024-04-08,9328
4147,中裕,8,2,6,華南永昌-潮州,2024-04-08,9328
5351,鈺創,6,0,6,華南永昌-潮州,2024-04-08,9328
00940,元大台灣價值高息,230,19,211,華南永昌-潮州,2024-04-09,9328
00935,野村臺灣新科技50,70,0,70,華南永昌-潮州,2024-04-09,9328
00929,復華台灣科技優息,66,1,65,華南永昌-潮州,2024-04-09,9328
00720B,元大投資級公司債,51,0,51,華南永昌-潮州,2024-04-09,9328
00637L,元大滬深300正2,41,0,41,華南永昌-潮州,2024-04-09,9328
8034,榮群,37,0,37,華南永昌-潮州,2024-04-09,9328
3231,緯創,58,24,34,華南永昌-潮州,2024-04-09,9328
2317,鴻海,63,33,30,華南永昌-潮州,2024-04-09,9328
5351,鈺創,30,0,30,華南永昌-潮州,2024-04-09,9328
00937B,群益ESG投等債20,34,5,29,華南永昌-潮州,2024-04-09,9328
2356,英業達,41,12,29,華南永昌-潮州,2024-04-09,9328
1785,光洋科,24,3,21,華南永昌-潮州,2024-04-09,9328
1455,集盛,21,0,21,華南永昌-潮州,2024-04-09,9328
1513,中興電,31,10,21,華南永昌-潮州,2024-04-09,9328
2371,大同,26,5,21,華南永昌-潮州,2024-04-09,9328
00753L,中信中國50正2,20,0,20,華南永昌-潮州,2024-04-09,9328
2845,遠東銀,20,0,20,華南永昌-潮州,2024-04-09,9328
6770,力積電,23,3,20,華南永昌-潮州,2024-04-09,9328
4526,東台,18,1,17,華南永昌-潮州,2024-04-09,9328
6005,群益證,22,6,16,華南永昌-潮州,2024-04-09,9328
2303,聯電,22,7,15,華南永昌-潮州,2024-04-09,9328
00632R,元大台灣50反1,54,40,14,華南永昌-潮州,2024-04-09,9328
2009,第一銅,15,1,14,華南永昌-潮州,2024-04-09,9328
1815,富喬,69,56,13,華南永昌-潮州,2024-04-09,9328
2382,廣達,14,2,12,華南永昌-潮州,2024-04-09,9328
1587,吉茂,12,0,12,華南永昌-潮州,2024-04-09,9328
2515,中工,18,6,12,華南永昌-潮州,2024-04-09,9328
6645,金萬林-創,12,0,12,華南永昌-潮州,2024-04-09,9328
8420,明揚,12,0,12,華南永昌-潮州,2024-04-09,9328
00679B,元大美債20年,13,2,11,華南永昌-潮州,2024-04-09,9328
2027,大成鋼,14,4,10,華南永昌-潮州,2024-04-09,9328
1432,大魯閣,10,0,10,華南永昌-潮州,2024-04-09,9328
3062,建漢,10,0,10,華南永昌-潮州,2024-04-09,9328
6189,豐藝,51,41,10,華南永昌-潮州,2024-04-09,9328
6270,倍微,10,0,10,華南永昌-潮州,2024-04-09,9328
6443,元晶,12,2,10,華南永昌-潮州,2024-04-09,9328
8011,台通,16,6,10,華南永昌-潮州,2024-04-09,9328
1301,台塑,10,1,9,華南永昌-潮州,2024-04-09,9328
5521,工信,11,2,9,華南永昌-潮州,2024-04-09,9328
6120,達運,15,6,9,華南永昌-潮州,2024-04-09,9328
1608,華榮,22,14,8,華南永昌-潮州,2024-04-09,9328
6188,廣明,24,16,8,華南永昌-潮州,2024-04-09,9328
2032,新鋼,13,5,8,華南永昌-潮州,2024-04-09,9328
3548,兆利,10,2,8,華南永昌-潮州,2024-04-09,9328
8111,立��,7,0,7,華南永昌-潮州,2024-04-09,9328
2481,強茂,7,0,7,華南永昌-潮州,2024-04-09,9328
3294,英濟,18,11,7,華南永昌-潮州,2024-04-09,9328
4763,材料-KY,7,0,7,華南永昌-潮州,2024-04-09,9328
6284,佳邦,7,0,7,華南永昌-潮州,2024-04-09,9328
8112,至上,26,19,7,華南永昌-潮州,2024-04-09,9328
3206,志豐,80,0,80,華南永昌-潮州,2024-04-10,9328
1314,中石化,99,19,80,華南永昌-潮州,2024-04-10,9328
2888,新光金,87,11,76,華南永昌-潮州,2024-04-10,9328
00940,元大台灣價值高息,96,23,73,華南永昌-潮州,2024-04-10,9328
3481,群創,84,15,69,華南永昌-潮州,2024-04-10,9328
5351,鈺創,56,4,52,華南永昌-潮州,2024-04-10,9328
00632R,元大台灣50反1,50,0,50,華南永昌-潮州,2024-04-10,9328
00937B,群益ESG投等債20,50,2,48,華南永昌-潮州,2024-04-10,9328
2867,三商壽,52,9,43,華南永昌-潮州,2024-04-10,9328
1609,大亞,67,27,40,華南永昌-潮州,2024-04-10,9328
0056,元大高股息,41,6,35,華南永昌-潮州,2024-04-10,9328
2882,國泰金,32,0,32,華南永昌-潮州,2024-04-10,9328
1785,光洋科,36,4,32,華南永昌-潮州,2024-04-10,9328
00680L,元大美債20正2,32,0,32,華南永昌-潮州,2024-04-10,9328
2486,一詮,45,15,30,華南永昌-潮州,2024-04-10,9328
00935,野村臺灣新科技50,30,0,30,華南永昌-潮州,2024-04-10,9328
00882,中信中國高股息,28,0,28,華南永昌-潮州,2024-04-10,9328
1504,東元,28,1,27,華南永昌-潮州,2024-04-10,9328
2317,鴻海,31,7,24,華南永昌-潮州,2024-04-10,9328
2208,台船,36,12,24,華南永昌-潮州,2024-04-10,9328
2002,中鋼,44,21,23,華南永昌-潮州,2024-04-10,9328
2014,中鴻,28,5,23,華南永昌-潮州,2024-04-10,9328
2374,佳能,23,1,22,華南永昌-潮州,2024-04-10,9328
2609,陽明,29,7,22,華南永昌-潮州,2024-04-10,9328
3576,聯合再生,33,11,22,華南永昌-潮州,2024-04-10,9328
3231,緯創,27,8,19,華南永昌-潮州,2024-04-10,9328
2883,凱基金,19,0,19,華南永昌-潮州,2024-04-10,9328
1608,華榮,38,20,18,華南永昌-潮州,2024-04-10,9328
6770,力積電,44,26,18,華南永昌-潮州,2024-04-10,9328
2367,燿華,42,25,17,華南永昌-潮州,2024-04-10,9328
00909,國泰數位支付服務,16,0,16,華南永昌-潮州,2024-04-10,9328
5512,力麒,16,0,16,華南永昌-潮州,2024-04-10,9328
2301,光寶科,21,6,15,華南永昌-潮州,2024-04-10,9328
1503,士電,22,9,13,華南永昌-潮州,2024-04-10,9328
6117,迎廣,16,3,13,華南永昌-潮州,2024-04-10,9328
3607,谷崧,18,5,13,華南永昌-潮州,2024-04-10,9328
2356,英業達,38,26,12,華南永昌-潮州,2024-04-10,9328
6207,雷科,14,2,12,華南永昌-潮州,2024-04-10,9328
00897,富邦基因免疫生技,12,0,12,華南永昌-潮州,2024-04-10,9328
00941,中信上游半導體,15,3,12,華南永昌-潮州,2024-04-10,9328
1513,中興電,20,8,12,華南永昌-潮州,2024-04-10,9328
4128,中天,11,0,11,華南永昌-潮州,2024-04-10,9328
4977,眾達-KY,11,0,11,華南永昌-潮州,2024-04-10,9328
2834,臺企銀,11,1,10,華南永昌-潮州,2024-04-10,9328
00919,群益台灣精選高息,10,0,10,華南永昌-潮州,2024-04-10,9328
00637L,元大滬深300正2,10,0,10,華南永昌-潮州,2024-04-10,9328
2314,台揚,10,0,10,華南永昌-潮州,2024-04-10,9328
2458,義隆,10,0,10,華南永昌-潮州,2024-04-10,9328
3376,新日興,34,24,10,華南永昌-潮州,2024-04-10,9328
4768,晶呈科技,10,0,10,華南永昌-潮州,2024-04-10,9328
00940,元大台灣價值高息,354,74,280,華南永昌-潮州,2024-04-11,9328
00929,復華台灣科技優息,172,64,108,華南永昌-潮州,2024-04-11,9328
2208,台船,82,0,82,華南永昌-潮州,2024-04-11,9328
2303,聯電,85,6,79,華南永昌-潮州,2024-04-11,9328
3481,群創,90,22,68,華南永昌-潮州,2024-04-11,9328
0056,元大高股息,67,1,66,華南永昌-潮州,2024-04-11,9328
00720B,元大投資級公司債,54,0,54,華南永昌-潮州,2024-04-11,9328
00680L,元大美債20正2,56,10,46,華南永昌-潮州,2024-04-11,9328
2409,友達,47,6,41,華南永昌-潮州,2024-04-11,9328
4167,松瑞藥,41,1,40,華南永昌-潮州,2024-04-11,9328
00679B,元大美債20年,38,0,38,華南永昌-潮州,2024-04-11,9328
1314,中石化,38,1,37,華南永昌-潮州,2024-04-11,9328
00687B,國泰20年美債,34,0,34,華南永昌-潮州,2024-04-11,9328
3231,緯創,37,5,32,華南永昌-潮州,2024-04-11,9328
00632R,元大台灣50反1,30,0,30,華南永昌-潮州,2024-04-11,9328
00712,復華富時不動產,34,5,29,華南永昌-潮州,2024-04-11,9328
2371,大同,53,25,28,華南永昌-潮州,2024-04-11,9328
2509,全坤建,22,0,22,華南永昌-潮州,2024-04-11,9328
6117,迎廣,35,13,22,華南永昌-潮州,2024-04-11,9328
2014,中鴻,22,1,21,華南永昌-潮州,2024-04-11,9328
3686,達能,21,1,20,華南永昌-潮州,2024-04-11,9328
2501,國建,22,2,20,華南永昌-潮州,2024-04-11,9328
6229,研通,21,1,20,華南永昌-潮州,2024-04-11,9328
1108,幸福,17,0,17,華南永昌-潮州,2024-04-11,9328
00927,群益半導體收益,16,0,16,華南永昌-潮州,2024-04-11,9328
2634,漢翔,23,8,15,華南永昌-潮州,2024-04-11,9328
2002,中鋼,17,2,15,華南永昌-潮州,2024-04-11,9328
2540,愛山林,19,6,13,華南永昌-潮州,2024-04-11,9328
6593,台灣銘板,14,1,13,華南永昌-潮州,2024-04-11,9328
2344,華邦電,18,6,12,華南永昌-潮州,2024-04-11,9328
3372,典範,12,0,12,華南永昌-潮州,2024-04-11,9328
1612,宏泰,11,0,11,華南永昌-潮州,2024-04-11,9328
2702,華園,11,0,11,華南永昌-潮州,2024-04-11,9328
6108,競國,11,0,11,華南永昌-潮州,2024-04-11,9328
8011,台通,18,7,11,華南永昌-潮州,2024-04-11,9328
8064,東捷,11,0,11,華南永昌-潮州,2024-04-11,9328
00690,兆豐藍籌30,10,0,10,華南永昌-潮州,2024-04-11,9328
00936,台新永續高息中小,10,0,10,華南永昌-潮州,2024-04-11,9328
3052,夆典,10,0,10,華南永昌-潮州,2024-04-11,9328
3060,銘異,24,14,10,華南永昌-潮州,2024-04-11,9328
2605,新興,12,2,10,華南永昌-潮州,2024-04-11,9328
6789,采鈺,9,0,9,華南永昌-潮州,2024-04-11,9328
00919,群益台灣精選高息,9,0,9,華南永昌-潮州,2024-04-11,9328
2630,亞航,42,33,9,華南永昌-潮州,2024-04-11,9328
1514,亞力,75,66,9,華南永昌-潮州,2024-04-11,9328
00909,國泰數位支付服務,10,1,9,華南永昌-潮州,2024-04-11,9328
1584,精剛,13,4,9,華南永昌-潮州,2024-04-11,9328
3450,聯鈞,10,1,9,華南永昌-潮州,2024-04-11,9328
2330,台積電,10,2,8,華南永昌-潮州,2024-04-11,9328
2313,華通,13,5,8,華南永昌-潮州,2024-04-11,9328
00929,復華台灣科技優息,158,9,149,華南永昌-潮州,2024-04-12,9328
00706L,期元大S＆P日圓正2,115,0,115,華南永昌-潮州,2024-04-12,9328
2323,中環,74,2,72,華南永昌-潮州,2024-04-12,9328
00665L,富邦�琤肭磪囓�2,60,0,60,華南永昌-潮州,2024-04-12,9328
5392,能率,62,2,60,華南永昌-潮州,2024-04-12,9328
00937B,群益ESG投等債20,54,8,46,華南永昌-潮州,2024-04-12,9328
00687B,國泰20年美債,43,0,43,華南永昌-潮州,2024-04-12,9328
2344,華邦電,40,3,37,華南永昌-潮州,2024-04-12,9328
2882,國泰金,36,0,36,華南永昌-潮州,2024-04-12,9328
3062,建漢,36,0,36,華南永昌-潮州,2024-04-12,9328
2353,宏��,103,68,35,華南永昌-潮州,2024-04-12,9328
00680L,元大美債20正2,30,0,30,華南永昌-潮州,2024-04-12,9328
2371,大同,63,37,26,華南永昌-潮州,2024-04-12,9328
3576,聯合再生,26,1,25,華南永昌-潮州,2024-04-12,9328
2356,英業達,31,9,22,華南永昌-潮州,2024-04-12,9328
2884,玉山金,22,0,22,華南永昌-潮州,2024-04-12,9328
1605,華新,43,21,22,華南永昌-潮州,2024-04-12,9328
1522,堤維西,21,0,21,華南永昌-潮州,2024-04-12,9328
1513,中興電,81,60,21,華南永昌-潮州,2024-04-12,9328
8936,國統,30,10,20,華南永昌-潮州,2024-04-12,9328
2329,華泰,21,2,19,華南永昌-潮州,2024-04-12,9328
2002,中鋼,31,13,18,華南永昌-潮州,2024-04-12,9328
1617,榮星,25,7,18,華南永昌-潮州,2024-04-12,9328
5880,合庫金,18,0,18,華南永昌-潮州,2024-04-12,9328
3036,文曄,24,8,16,華南永昌-潮州,2024-04-12,9328
2354,鴻準,16,1,15,華南永昌-潮州,2024-04-12,9328
4938,和碩,14,0,14,華南永昌-潮州,2024-04-12,9328
2891,中信金,14,0,14,華南永昌-潮州,2024-04-12,9328
1313,聯成,13,0,13,華南永昌-潮州,2024-04-12,9328
6207,雷科,16,3,13,華南永昌-潮州,2024-04-12,9328
2382,廣達,19,7,12,華南永昌-潮州,2024-04-12,9328
6117,迎廣,13,1,12,華南永昌-潮州,2024-04-12,9328
2887,台新金,11,0,11,華南永昌-潮州,2024-04-12,9328
4414,如興,11,0,11,華南永昌-潮州,2024-04-12,9328
2885,元大金,11,1,10,華南永昌-潮州,2024-04-12,9328
1301,台塑,10,0,10,華南永昌-潮州,2024-04-12,9328
2881,富邦金,10,0,10,華南永昌-潮州,2024-04-12,9328
00882,中信中國高股息,10,0,10,華南永昌-潮州,2024-04-12,9328
1460,宏遠,10,0,10,華南永昌-潮州,2024-04-12,9328
2809,京城銀,10,0,10,華南永昌-潮州,2024-04-12,9328
2845,遠東銀,10,0,10,華南永昌-潮州,2024-04-12,9328
4157,太景*-KY,10,0,10,華南永昌-潮州,2024-04-12,9328
8277,商丞,10,0,10,華南永昌-潮州,2024-04-12,9328
00751B,元大AAA至A公司債,9,0,9,華南永昌-潮州,2024-04-12,9328
2838,聯邦銀,9,0,9,華南永昌-潮州,2024-04-12,9328
3481,群創,20,11,9,華南永昌-潮州,2024-04-12,9328
2464,盟立,12,4,8,華南永昌-潮州,2024-04-12,9328
2883,凱基金,8,0,8,華南永昌-潮州,2024-04-12,9328
2105,正新,10,2,8,華南永昌-潮州,2024-04-12,9328
3558,神準,9,1,8,華南永昌-潮州,2024-04-12,9328
00929,復華台灣科技優息,528,31,497,華南永昌-潮州,2024-04-15,9328
2867,三商壽,366,15,351,華南永昌-潮州,2024-04-15,9328
00940,元大台灣價值高息,185,50,135,華南永昌-潮州,2024-04-15,9328
2371,大同,213,102,111,華南永昌-潮州,2024-04-15,9328
2515,中工,104,1,103,華南永昌-潮州,2024-04-15,9328
1609,大亞,123,26,97,華南永昌-潮州,2024-04-15,9328
2367,燿華,136,40,96,華南永昌-潮州,2024-04-15,9328
1314,中石化,139,43,96,華南永昌-潮州,2024-04-15,9328
2610,華航,86,1,85,華南永昌-潮州,2024-04-15,9328
2344,華邦電,89,6,83,華南永昌-潮州,2024-04-15,9328
5511,德昌,72,1,71,華南永昌-潮州,2024-04-15,9328
00720B,元大投資級公司債,67,0,67,華南永昌-潮州,2024-04-15,9328
2634,漢翔,82,36,46,華南永昌-潮州,2024-04-15,9328
2303,聯電,45,1,44,華南永昌-潮州,2024-04-15,9328
00919,群益台灣精選高息,45,1,44,華南永昌-潮州,2024-04-15,9328
2014,中鴻,47,12,35,華南永昌-潮州,2024-04-15,9328
00650L,復華香港正2,32,0,32,華南永昌-潮州,2024-04-15,9328
00680L,元大美債20正2,32,0,32,華南永昌-潮州,2024-04-15,9328
00706L,期元大S＆P日圓正2,30,0,30,華南永昌-潮州,2024-04-15,9328
00676R,富邦臺灣加權反1,30,0,30,華南永昌-潮州,2024-04-15,9328
1612,宏泰,35,6,29,華南永昌-潮州,2024-04-15,9328
3294,英濟,30,4,26,華南永昌-潮州,2024-04-15,9328
2025,千興,24,0,24,華南永昌-潮州,2024-04-15,9328
0056,元大高股息,22,0,22,華南永昌-潮州,2024-04-15,9328
5880,合庫金,21,0,21,華南永昌-潮州,2024-04-15,9328
1514,亞力,98,77,21,華南永昌-潮州,2024-04-15,9328
2353,宏��,28,8,20,華南永昌-潮州,2024-04-15,9328
00878,國泰永續高股息,35,15,20,華南永昌-潮州,2024-04-15,9328
2883,凱基金,19,0,19,華南永昌-潮州,2024-04-15,9328
00927,群益半導體收益,19,0,19,華南永昌-潮州,2024-04-15,9328
00712,復華富時不動產,18,0,18,華南永昌-潮州,2024-04-15,9328
2002,中鋼,21,3,18,華南永昌-潮州,2024-04-15,9328
1608,華榮,42,24,18,華南永昌-潮州,2024-04-15,9328
1504,東元,53,37,16,華南永昌-潮州,2024-04-15,9328
2501,國建,16,1,15,華南永昌-潮州,2024-04-15,9328
00679B,元大美債20年,14,0,14,華南永昌-潮州,2024-04-15,9328
1616,億泰,16,3,13,華南永昌-潮州,2024-04-15,9328
3033,威健,13,0,13,華南永昌-潮州,2024-04-15,9328
2881,富邦金,12,0,12,華南永昌-潮州,2024-04-15,9328
2313,華通,13,1,12,華南永昌-潮州,2024-04-15,9328
8121,越峰,12,0,12,華南永昌-潮州,2024-04-15,9328
00939,統一台灣高息動能,79,67,12,華南永昌-潮州,2024-04-15,9328
2317,鴻海,33,22,11,華南永昌-潮州,2024-04-15,9328
1815,富喬,64,53,11,華南永昌-潮州,2024-04-15,9328
3062,建漢,11,0,11,華南永昌-潮州,2024-04-15,9328
00891,中信關鍵半導體,10,0,10,華南永昌-潮州,2024-04-15,9328
00725B,國泰投資級公司債,10,0,10,華南永昌-潮州,2024-04-15,9328
6108,競國,10,0,10,華南永昌-潮州,2024-04-15,9328
6196,帆宣,10,0,10,華南永昌-潮州,2024-04-15,9328
3059,華晶科,17,7,10,華南永昌-潮州,2024-04-15,9328
2409,友達,1408,4,1404,華南永昌-潮州,2024-04-16,9328
00940,元大台灣價值高息,621,2,619,華南永昌-潮州,2024-04-16,9328
00632R,元大台灣50反1,645,56,589,華南永昌-潮州,2024-04-16,9328
00929,復華台灣科技優息,523,61,462,華南永昌-潮州,2024-04-16,9328
00687B,國泰20年美債,210,1,209,華南永昌-潮州,2024-04-16,9328
00919,群益台灣精選高息,148,16,132,華南永昌-潮州,2024-04-16,9328
2867,三商壽,145,41,104,華南永昌-潮州,2024-04-16,9328
00939,統一台灣高息動能,91,4,87,華南永昌-潮州,2024-04-16,9328
00937B,群益ESG投等債20,114,31,83,華南永昌-潮州,2024-04-16,9328
00878,國泰永續高股息,84,5,79,華南永昌-潮州,2024-04-16,9328
2353,宏��,63,16,47,華南永昌-潮州,2024-04-16,9328
2344,華邦電,51,7,44,華南永昌-潮州,2024-04-16,9328
1314,中石化,44,0,44,華南永昌-潮州,2024-04-16,9328
2303,聯電,52,9,43,華南永昌-潮州,2024-04-16,9328
4127,天良,51,9,42,華南永昌-潮州,2024-04-16,9328
6290,良維,56,15,41,華南永昌-潮州,2024-04-16,9328
5880,合庫金,41,0,41,華南永昌-潮州,2024-04-16,9328
00941,中信上游半導體,38,0,38,華南永昌-潮州,2024-04-16,9328
0056,元大高股息,40,5,35,華南永昌-潮州,2024-04-16,9328
6117,迎廣,66,32,34,華南永昌-潮州,2024-04-16,9328
00665L,富邦�琤肭磪囓�2,30,0,30,華南永昌-潮州,2024-04-16,9328
1618,合機,70,40,30,華南永昌-潮州,2024-04-16,9328
1513,中興電,58,31,27,華南永昌-潮州,2024-04-16,9328
1532,勤美,41,14,27,華南永昌-潮州,2024-04-16,9328
3231,緯創,37,11,26,華南永昌-潮州,2024-04-16,9328
2889,國票金,24,0,24,華南永昌-潮州,2024-04-16,9328
3481,群創,27,3,24,華南永昌-潮州,2024-04-16,9328
00885,富邦越南,23,0,23,華南永昌-潮州,2024-04-16,9328
2834,臺企銀,28,5,23,華南永昌-潮州,2024-04-16,9328
00933B,國泰10Y+金融債,22,0,22,華南永昌-潮州,2024-04-16,9328
6229,研通,22,0,22,華南永昌-潮州,2024-04-16,9328
00918,大華優利高填息30,25,4,21,華南永昌-潮州,2024-04-16,9328
00679B,元大美債20年,21,0,21,華南永昌-潮州,2024-04-16,9328
2743,山富,20,0,20,華南永昌-潮州,2024-04-16,9328
00927,群益半導體收益,20,1,19,華南永昌-潮州,2024-04-16,9328
2367,燿華,65,46,19,華南永昌-潮州,2024-04-16,9328
00712,復華富時不動產,20,1,19,華南永昌-潮州,2024-04-16,9328
2301,光寶科,20,3,17,華南永昌-潮州,2024-04-16,9328
00650L,復華香港正2,30,13,17,華南永昌-潮州,2024-04-16,9328
2618,長榮航,25,8,17,華南永昌-潮州,2024-04-16,9328
00923,群益台ESG低碳50,19,3,16,華南永昌-潮州,2024-04-16,9328
3141,晶宏,15,0,15,華南永昌-潮州,2024-04-16,9328
4960,誠美材,28,13,15,華南永昌-潮州,2024-04-16,9328
6438,迅得,15,0,15,華南永昌-潮州,2024-04-16,9328
2884,玉山金,15,1,14,華南永昌-潮州,2024-04-16,9328
2486,一詮,35,22,13,華南永昌-潮州,2024-04-16,9328
00907,永豐優息存股,13,0,13,華南永昌-潮州,2024-04-16,9328
1584,精剛,13,0,13,華南永昌-潮州,2024-04-16,9328
8111,立��,15,2,13,華南永昌-潮州,2024-04-16,9328
2801,彰銀,12,0,12,華南永昌-潮州,2024-04-16,9328
2836,高雄銀,100,0,100,華南永昌-潮州,2024-04-17,9328
2515,中工,100,0,100,華南永昌-潮州,2024-04-17,9328
2208,台船,100,5,95,華南永昌-潮州,2024-04-17,9328
0056,元大高股息,51,0,51,華南永昌-潮州,2024-04-17,9328
00919,群益台灣精選高息,42,8,34,華南永昌-潮州,2024-04-17,9328
2867,三商壽,48,16,32,華南永昌-潮州,2024-04-17,9328
1810,和成,34,2,32,華南永昌-潮州,2024-04-17,9328
3231,緯創,45,15,30,華南永昌-潮州,2024-04-17,9328
00712,復華富時不動產,47,19,28,華南永昌-潮州,2024-04-17,9328
9955,佳龍,49,21,28,華南永昌-潮州,2024-04-17,9328
2367,燿華,59,33,26,華南永昌-潮州,2024-04-17,9328
00929,復華台灣科技優息,188,162,26,華南永昌-潮州,2024-04-17,9328
2303,聯電,26,1,25,華南永昌-潮州,2024-04-17,9328
2401,凌陽,45,21,24,華南永昌-潮州,2024-04-17,9328
00878,國泰永續高股息,22,0,22,華南永昌-潮州,2024-04-17,9328
2354,鴻準,22,1,21,華南永昌-潮州,2024-04-17,9328
2025,千興,20,0,20,華南永昌-潮州,2024-04-17,9328
2492,華新科,20,0,20,華南永昌-潮州,2024-04-17,9328
8096,擎亞,21,1,20,華南永昌-潮州,2024-04-17,9328
2883,凱基金,21,2,19,華南永昌-潮州,2024-04-17,9328
00679B,元大美債20年,18,0,18,華南永昌-潮州,2024-04-17,9328
00680L,元大美債20正2,18,0,18,華南永昌-潮州,2024-04-17,9328
2301,光寶科,19,2,17,華南永昌-潮州,2024-04-17,9328
1532,勤美,20,3,17,華南永昌-潮州,2024-04-17,9328
2417,圓剛,16,0,16,華南永昌-潮州,2024-04-17,9328
3490,單井,16,0,16,華南永昌-潮州,2024-04-17,9328
00687B,國泰20年美債,17,1,16,華南永昌-潮州,2024-04-17,9328
00722B,群益投資級電信債,15,0,15,華南永昌-潮州,2024-04-17,9328
6126,信音,15,0,15,華南永昌-潮州,2024-04-17,9328
2356,英業達,26,12,14,華南永昌-潮州,2024-04-17,9328
2408,南亞科,16,2,14,華南永昌-潮州,2024-04-17,9328
8033,雷虎,15,1,14,華南永昌-潮州,2024-04-17,9328
2337,旺宏,13,0,13,華南永昌-潮州,2024-04-17,9328
00905,FT臺灣Smart,12,0,12,華南永昌-潮州,2024-04-17,9328
2855,統一證,12,0,12,華南永昌-潮州,2024-04-17,9328
6290,良維,17,5,12,華南永昌-潮州,2024-04-17,9328
1305,華夏,11,0,11,華南永昌-潮州,2024-04-17,9328
00941,中信上游半導體,14,4,10,華南永昌-潮州,2024-04-17,9328
00864B,中信美國公債0-1,10,0,10,華南永昌-潮州,2024-04-17,9328
00927,群益半導體收益,10,0,10,華南永昌-潮州,2024-04-17,9328
2258,鴻華先進-創,10,0,10,華南永昌-潮州,2024-04-17,9328
2606,裕民,10,0,10,華南永昌-潮州,2024-04-17,9328
00939,統一台灣高息動能,15,5,10,華南永昌-潮州,2024-04-17,9328
1617,榮星,10,1,9,華南永昌-潮州,2024-04-17,9328
2101,南港,12,3,9,華南永昌-潮州,2024-04-17,9328
3481,群創,11,2,9,華南永昌-潮州,2024-04-17,9328
2615,萬海,10,2,8,華南永昌-潮州,2024-04-17,9328
3206,志豐,8,0,8,華南永昌-潮州,2024-04-17,9328
2330,台積電,10,2,8,華南永昌-潮州,2024-04-17,9328
2002,中鋼,8,0,8,華南永昌-潮州,2024-04-17,9328
00665L,富邦�琤肭磪囓�2,507,20,487,華南永昌-潮州,2024-04-18,9328
2367,燿華,413,137,276,華南永昌-潮州,2024-04-18,9328
2371,大同,284,127,157,華南永昌-潮州,2024-04-18,9328
00632R,元大台灣50反1,67,0,67,華南永昌-潮州,2024-04-18,9328
2834,臺企銀,50,3,47,華南永昌-潮州,2024-04-18,9328
00929,復華台灣科技優息,126,92,34,華南永昌-潮州,2024-04-18,9328
2867,三商壽,50,16,34,華南永昌-潮州,2024-04-18,9328
00941,中信上游半導體,35,4,31,華南永昌-潮州,2024-04-18,9328
6830,汎銓,30,0,30,華南永昌-潮州,2024-04-18,9328
8064,東捷,30,0,30,華南永昌-潮州,2024-04-18,9328
00937B,群益ESG投等債20,29,3,26,華南永昌-潮州,2024-04-18,9328
00909,國泰數位支付服務,20,0,20,華南永昌-潮州,2024-04-18,9328
2888,新光金,21,1,20,華南永昌-潮州,2024-04-18,9328
2330,台積電,22,4,18,華南永昌-潮州,2024-04-18,9328
2324,仁寶,18,0,18,華南永昌-潮州,2024-04-18,9328
1532,勤美,22,5,17,華南永昌-潮州,2024-04-18,9328
4303,信立,17,0,17,華南永昌-潮州,2024-04-18,9328
5515,建國,34,17,17,華南永昌-潮州,2024-04-18,9328
2329,華泰,28,12,16,華南永昌-潮州,2024-04-18,9328
9955,佳龍,21,5,16,華南永昌-潮州,2024-04-18,9328
2353,宏��,16,1,15,華南永昌-潮州,2024-04-18,9328
8112,至上,16,1,15,華南永昌-潮州,2024-04-18,9328
00919,群益台灣精選高息,23,9,14,華南永昌-潮州,2024-04-18,9328
3490,單井,15,2,13,華南永昌-潮州,2024-04-18,9328
2610,華航,23,11,12,華南永昌-潮州,2024-04-18,9328
00720B,元大投資級公司債,12,0,12,華南永昌-潮州,2024-04-18,9328
1605,華新,101,89,12,華南永昌-潮州,2024-04-18,9328
00641R,富邦日本反1,11,0,11,華南永昌-潮州,2024-04-18,9328
00637L,元大滬深300正2,11,0,11,華南永昌-潮州,2024-04-18,9328
2501,國建,19,8,11,華南永昌-潮州,2024-04-18,9328
2388,威盛,13,2,11,華南永昌-潮州,2024-04-18,9328
3481,群創,16,6,10,華南永昌-潮州,2024-04-18,9328
4127,天良,10,0,10,華南永昌-潮州,2024-04-18,9328
00671R,富邦NASDAQ反1,10,0,10,華南永昌-潮州,2024-04-18,9328
00897,富邦基因免疫生技,10,0,10,華南永昌-潮州,2024-04-18,9328
00870B,元大15年EM主權債,10,0,10,華南永昌-潮州,2024-04-18,9328
1453,大將,10,0,10,華南永昌-潮州,2024-04-18,9328
1560,中砂,10,0,10,華南永昌-潮州,2024-04-18,9328
6108,競國,10,0,10,華南永昌-潮州,2024-04-18,9328
6538,倉和,10,0,10,華南永昌-潮州,2024-04-18,9328
6901,鑽石投資,10,0,10,華南永昌-潮州,2024-04-18,9328
1504,東元,25,15,10,華南永昌-潮州,2024-04-18,9328
2374,佳能,14,5,9,華南永昌-潮州,2024-04-18,9328
00878,國泰永續高股息,12,3,9,華南永昌-潮州,2024-04-18,9328
00712,復華富時不動產,10,2,8,華南永昌-潮州,2024-04-18,9328
6239,力成,8,0,8,華南永昌-潮州,2024-04-18,9328
2331,精英,8,0,8,華南永昌-潮州,2024-04-18,9328
1611,中電,60,53,7,華南永昌-潮州,2024-04-18,9328
2101,南港,8,1,7,華南永昌-潮州,2024-04-18,9328
1339,昭輝,6,0,6,華南永昌-潮州,2024-04-18,9328
2409,友達,922,7,915,華南永昌-潮州,2024-04-19,9328
00929,復華台灣科技優息,302,55,247,華南永昌-潮州,2024-04-19,9328
00940,元大台灣價值高息,280,48,232,華南永昌-潮州,2024-04-19,9328
2344,華邦電,130,2,128,華南永昌-潮州,2024-04-19,9328
00919,群益台灣精選高息,123,4,119,華南永昌-潮州,2024-04-19,9328
6733,博晟生醫,110,0,110,華南永昌-潮州,2024-04-19,9328
00937B,群益ESG投等債20,153,50,103,華南永昌-潮州,2024-04-19,9328
2303,聯電,97,7,90,華南永昌-潮州,2024-04-19,9328
1608,華榮,123,42,81,華南永昌-潮州,2024-04-19,9328
00878,國泰永續高股息,77,2,75,華南永昌-潮州,2024-04-19,9328
1609,大亞,283,220,63,華南永昌-潮州,2024-04-19,9328
2367,燿華,94,37,57,華南永昌-潮州,2024-04-19,9328
00939,統一台灣高息動能,75,24,51,華南永昌-潮州,2024-04-19,9328
0056,元大高股息,45,2,43,華南永昌-潮州,2024-04-19,9328
5512,力麒,69,27,42,華南永昌-潮州,2024-04-19,9328
2834,臺企銀,52,10,42,華南永昌-潮州,2024-04-19,9328
6443,元晶,44,3,41,華南永昌-潮州,2024-04-19,9328
2029,盛餘,38,0,38,華南永昌-潮州,2024-04-19,9328
2880,華南金,36,0,36,華南永昌-潮州,2024-04-19,9328
00941,中信上游半導體,45,12,33,華南永昌-潮州,2024-04-19,9328
2743,山富,31,0,31,華南永昌-潮州,2024-04-19,9328
1513,中興電,38,8,30,華南永昌-潮州,2024-04-19,9328
00650L,復華香港正2,30,0,30,華南永昌-潮州,2024-04-19,9328
00665L,富邦�琤肭磪囓�2,30,0,30,華南永昌-潮州,2024-04-19,9328
2618,長榮航,60,30,30,華南永昌-潮州,2024-04-19,9328
4956,光鋐,30,0,30,華南永昌-潮州,2024-04-19,9328
00673R,期元大S＆P原油反1,39,10,29,華南永昌-潮州,2024-04-19,9328
2317,鴻海,47,18,29,華南永昌-潮州,2024-04-19,9328
2881,富邦金,25,0,25,華南永昌-潮州,2024-04-19,9328
2376,技嘉,27,2,25,華南永昌-潮州,2024-04-19,9328
2327,國巨,25,0,25,華南永昌-潮州,2024-04-19,9328
2883,凱基金,25,1,24,華南永昌-潮州,2024-04-19,9328
4157,太景*-KY,29,7,22,華南永昌-潮州,2024-04-19,9328
2610,華航,40,19,21,華南永昌-潮州,2024-04-19,9328
00923,群益台ESG低碳50,21,0,21,華南永昌-潮州,2024-04-19,9328
00712,復華富時不動產,20,0,20,華南永昌-潮州,2024-04-19,9328
2353,宏��,59,39,20,華南永昌-潮州,2024-04-19,9328
6153,嘉聯益,20,1,19,華南永昌-潮州,2024-04-19,9328
00927,群益半導體收益,17,0,17,華南永昌-潮州,2024-04-19,9328
1605,華新,31,14,17,華南永昌-潮州,2024-04-19,9328
2886,兆豐金,17,2,15,華南永昌-潮州,2024-04-19,9328
2390,云辰,15,0,15,華南永昌-潮州,2024-04-19,9328
00720B,元大投資級公司債,15,0,15,華南永昌-潮州,2024-04-19,9328
1584,精剛,15,0,15,華南永昌-潮州,2024-04-19,9328
3450,聯鈞,17,2,15,華南永昌-潮州,2024-04-19,9328
3706,神達,19,5,14,華南永昌-潮州,2024-04-19,9328
2867,三商壽,20,6,14,華南永昌-潮州,2024-04-19,9328
2888,新光金,17,3,14,華南永昌-潮州,2024-04-19,9328
9105,泰金寶-DR,14,0,14,華南永昌-潮州,2024-04-19,9328
0050,元大台灣50,14,1,13,華南永昌-潮州,2024-04-19,9328
00929,復華台灣科技優息,272,16,256,華南永昌-潮州,2024-04-22,9328
3576,聯合再生,218,27,191,華南永昌-潮州,2024-04-22,9328
00940,元大台灣價值高息,212,28,184,華南永昌-潮州,2024-04-22,9328
1609,大亞,196,56,140,華南永昌-潮州,2024-04-22,9328
2330,台積電,110,4,106,華南永昌-潮州,2024-04-22,9328
2515,中工,200,95,105,華南永昌-潮州,2024-04-22,9328
2543,皇昌,80,2,78,華南永昌-潮州,2024-04-22,9328
4157,太景*-KY,85,8,77,華南永昌-潮州,2024-04-22,9328
00919,群益台灣精選高息,70,9,61,華南永昌-潮州,2024-04-22,9328
4956,光鋐,56,0,56,華南永昌-潮州,2024-04-22,9328
1513,中興電,62,10,52,華南永昌-潮州,2024-04-22,9328
1617,榮星,57,8,49,華南永昌-潮州,2024-04-22,9328
5521,工信,61,14,47,華南永昌-潮州,2024-04-22,9328
0056,元大高股息,58,15,43,華南永昌-潮州,2024-04-22,9328
00878,國泰永續高股息,59,17,42,華南永昌-潮州,2024-04-22,9328
2359,所羅門,35,0,35,華南永昌-潮州,2024-04-22,9328
1608,華榮,50,20,30,華南永昌-潮州,2024-04-22,9328
00679B,元大美債20年,29,0,29,華南永昌-潮州,2024-04-22,9328
6733,博晟生醫,30,3,27,華南永昌-潮州,2024-04-22,9328
2603,長榮,57,31,26,華南永昌-潮州,2024-04-22,9328
1532,勤美,31,5,26,華南永昌-潮州,2024-04-22,9328
2303,聯電,34,9,25,華南永昌-潮州,2024-04-22,9328
6753,龍德造船,22,0,22,華南永昌-潮州,2024-04-22,9328
2365,昆盈,21,1,20,華南永昌-潮州,2024-04-22,9328
5483,中美晶,20,0,20,華南永昌-潮州,2024-04-22,9328
2634,漢翔,23,4,19,華南永昌-潮州,2024-04-22,9328
00934,中信成長高股息,20,1,19,華南永昌-潮州,2024-04-22,9328
2409,友達,24,5,19,華南永昌-潮州,2024-04-22,9328
9902,台火,19,2,17,華南永昌-潮州,2024-04-22,9328
2363,矽統,26,9,17,華南永昌-潮州,2024-04-22,9328
2344,華邦電,17,1,16,華南永昌-潮州,2024-04-22,9328
6116,彩晶,19,3,16,華南永昌-潮州,2024-04-22,9328
5230,雷笛克光學,14,0,14,華南永昌-潮州,2024-04-22,9328
8473,山林水,18,4,14,華南永昌-潮州,2024-04-22,9328
00941,中信上游半導體,13,0,13,華南永昌-潮州,2024-04-22,9328
2371,大同,321,308,13,華南永昌-潮州,2024-04-22,9328
1504,東元,13,1,12,華南永昌-潮州,2024-04-22,9328
1618,合機,24,13,11,華南永昌-潮州,2024-04-22,9328
00937B,群益ESG投等債20,19,8,11,華南永昌-潮州,2024-04-22,9328
4909,新復興,10,0,10,華南永昌-潮州,2024-04-22,9328
00687B,國泰20年美債,11,1,10,華南永昌-潮州,2024-04-22,9328
1456,怡華,10,0,10,華南永昌-潮州,2024-04-22,9328
1731,美吾華,10,0,10,華南永昌-潮州,2024-04-22,9328
2029,盛餘,10,0,10,華南永昌-潮州,2024-04-22,9328
2258,鴻華先進-創,10,0,10,華南永昌-潮州,2024-04-22,9328
2337,旺宏,10,0,10,華南永昌-潮州,2024-04-22,9328
2722,夏都,10,0,10,華南永昌-潮州,2024-04-22,9328
2809,京城銀,10,0,10,華南永昌-潮州,2024-04-22,9328
5227,立凱-KY,10,0,10,華南永昌-潮州,2024-04-22,9328
2408,南亞科,11,2,9,華南永昌-潮州,2024-04-22,9328
00687B,國泰20年美債,200,0,200,華南永昌-潮州,2024-04-23,9328
2515,中工,250,161,89,華南永昌-潮州,2024-04-23,9328
9902,台火,76,0,76,華南永昌-潮州,2024-04-23,9328
2610,華航,122,46,76,華南永昌-潮州,2024-04-23,9328
00939,統一台灣高息動能,67,10,57,華南永昌-潮州,2024-04-23,9328
00680L,元大美債20正2,56,0,56,華南永昌-潮州,2024-04-23,9328
00940,元大台灣價值高息,52,0,52,華南永昌-潮州,2024-04-23,9328
2850,新產,40,1,39,華南永昌-潮州,2024-04-23,9328
00937B,群益ESG投等債20,41,5,36,華南永昌-潮州,2024-04-23,9328
00929,復華台灣科技優息,30,0,30,華南永昌-潮州,2024-04-23,9328
2354,鴻準,59,30,29,華南永昌-潮州,2024-04-23,9328
5351,鈺創,32,3,29,華南永昌-潮州,2024-04-23,9328
6235,華孚,33,4,29,華南永昌-潮州,2024-04-23,9328
2809,京城銀,28,0,28,華南永昌-潮州,2024-04-23,9328
00919,群益台灣精選高息,27,0,27,華南永昌-潮州,2024-04-23,9328
00878,國泰永續高股息,24,0,24,華南永昌-潮州,2024-04-23,9328
2317,鴻海,46,22,24,華南永昌-潮州,2024-04-23,9328
00934,中信成長高股息,22,0,22,華南永昌-潮州,2024-04-23,9328
3027,盛達,23,3,20,華南永昌-潮州,2024-04-23,9328
00632R,元大台灣50反1,19,0,19,華南永昌-潮州,2024-04-23,9328
6538,倉和,20,3,17,華南永昌-潮州,2024-04-23,9328
6229,研通,14,0,14,華南永昌-潮州,2024-04-23,9328
1314,中石化,18,5,13,華南永昌-潮州,2024-04-23,9328
1617,榮星,17,4,13,華南永昌-潮州,2024-04-23,9328
3024,憶聲,12,0,12,華南永昌-潮州,2024-04-23,9328
2801,彰銀,12,0,12,華南永昌-潮州,2024-04-23,9328
2603,長榮,16,5,11,華南永昌-潮州,2024-04-23,9328
4533,協易機,12,1,11,華南永昌-潮州,2024-04-23,9328
3576,聯合再生,11,0,11,華南永昌-潮州,2024-04-23,9328
2547,日勝生,15,5,10,華南永昌-潮州,2024-04-23,9328
2885,元大金,10,0,10,華南永昌-潮州,2024-04-23,9328
4526,東台,11,1,10,華南永昌-潮州,2024-04-23,9328
6117,迎廣,10,0,10,華南永昌-潮州,2024-04-23,9328
6431,光麗-KY,10,0,10,華南永昌-潮州,2024-04-23,9328
2101,南港,14,4,10,華南永昌-潮州,2024-04-23,9328
6139,亞翔,9,0,9,華南永昌-潮州,2024-04-23,9328
4968,立積,11,2,9,華南永昌-潮州,2024-04-23,9328
2882,國泰金,10,1,9,華南永昌-潮州,2024-04-23,9328
1101,台泥,15,7,8,華南永昌-潮州,2024-04-23,9328
2543,皇昌,12,4,8,華南永昌-潮州,2024-04-23,9328
8936,國統,38,30,8,華南永昌-潮州,2024-04-23,9328
3715,定穎投控,7,0,7,華南永昌-潮州,2024-04-23,9328
5521,工信,18,11,7,華南永昌-潮州,2024-04-23,9328
1440,南紡,22,15,7,華南永昌-潮州,2024-04-23,9328
2107,厚生,7,0,7,華南永昌-潮州,2024-04-23,9328
9802,鈺齊-KY,7,0,7,華南永昌-潮州,2024-04-23,9328
00942B,台新美A公司債20+,6,0,6,華南永昌-潮州,2024-04-23,9328
2405,輔信,8,2,6,華南永昌-潮州,2024-04-23,9328
3535,晶彩科,7,1,6,華南永昌-潮州,2024-04-23,9328
4506,崇友,6,0,6,華南永昌-潮州,2024-04-23,9328
00632R,元大台灣50反1,180,32,148,華南永昌-潮州,2024-04-24,9328
00937B,群益ESG投等債20,123,0,123,華南永昌-潮州,2024-04-24,9328
00929,復華台灣科技優息,137,20,117,華南永昌-潮州,2024-04-24,9328
1314,中石化,93,4,89,華南永昌-潮州,2024-04-24,9328
2515,中工,76,34,42,華南永昌-潮州,2024-04-24,9328
4414,如興,36,0,36,華南永昌-潮州,2024-04-24,9328
1605,華新,41,8,33,華南永昌-潮州,2024-04-24,9328
0056,元大高股息,35,5,30,華南永昌-潮州,2024-04-24,9328
00637L,元大滬深300正2,30,0,30,華南永昌-潮州,2024-04-24,9328
2540,愛山林,30,0,30,華南永昌-潮州,2024-04-24,9328
2634,漢翔,37,7,30,華南永昌-潮州,2024-04-24,9328
2501,國建,42,13,29,華南永昌-潮州,2024-04-24,9328
4526,東台,30,7,23,華南永昌-潮州,2024-04-24,9328
00680L,元大美債20正2,21,0,21,華南永昌-潮州,2024-04-24,9328
2002,中鋼,22,1,21,華南永昌-潮州,2024-04-24,9328
00942B,台新美A公司債20+,20,0,20,華南永昌-潮州,2024-04-24,9328
1617,榮星,19,0,19,華南永昌-潮州,2024-04-24,9328
3441,聯一光,19,0,19,華南永昌-潮州,2024-04-24,9328
6432,今展科,18,0,18,華南永昌-潮州,2024-04-24,9328
3481,群創,27,10,17,華南永昌-潮州,2024-04-24,9328
8050,廣積,17,0,17,華南永昌-潮州,2024-04-24,9328
00933B,國泰10Y+金融債,14,0,14,華南永昌-潮州,2024-04-24,9328
8936,國統,14,1,13,華南永昌-潮州,2024-04-24,9328
1453,大將,13,0,13,華南永昌-潮州,2024-04-24,9328
00878,國泰永續高股息,14,2,12,華南永昌-潮州,2024-04-24,9328
1732,毛寶,12,0,12,華南永昌-潮州,2024-04-24,9328
2367,燿華,13,1,12,華南永昌-潮州,2024-04-24,9328
2548,華固,12,0,12,華南永昌-潮州,2024-04-24,9328
2606,裕民,12,0,12,華南永昌-潮州,2024-04-24,9328
00679B,元大美債20年,11,0,11,華南永昌-潮州,2024-04-24,9328
00665L,富邦�琤肭磪囓�2,21,10,11,華南永昌-潮州,2024-04-24,9328
2312,金寶,11,0,11,華南永昌-潮州,2024-04-24,9328
00888,永豐台灣ESG,10,0,10,華南永昌-潮州,2024-04-24,9328
00936,台新永續高息中小,10,0,10,華南永昌-潮州,2024-04-24,9328
00664R,國泰臺灣加權反1,10,0,10,華南永昌-潮州,2024-04-24,9328
3090,日電貿,10,0,10,華南永昌-潮州,2024-04-24,9328
8011,台通,18,8,10,華南永昌-潮州,2024-04-24,9328
2886,兆豐金,10,0,10,華南永昌-潮州,2024-04-24,9328
2388,威盛,15,6,9,華南永昌-潮州,2024-04-24,9328
6770,力積電,15,6,9,華南永昌-潮州,2024-04-24,9328
6125,廣運,34,25,9,華南永昌-潮州,2024-04-24,9328
2543,皇昌,12,4,8,華南永昌-潮州,2024-04-24,9328
3490,單井,8,0,8,華南永昌-潮州,2024-04-24,9328
1608,華榮,10,3,7,華南永昌-潮州,2024-04-24,9328
1718,中纖,7,0,7,華南永昌-潮州,2024-04-24,9328
2409,友達,13,6,7,華南永昌-潮州,2024-04-24,9328
3027,盛達,7,0,7,華南永昌-潮州,2024-04-24,9328
8033,雷虎,10,3,7,華南永昌-潮州,2024-04-24,9328
3035,智原,8,1,7,華南永昌-潮州,2024-04-24,9328
00687B,國泰20年美債,6,0,6,華南永昌-潮州,2024-04-24,9328
00687B,國泰20年美債,421,0,421,華南永昌-潮州,2024-04-25,9328
2354,鴻準,79,6,73,華南永昌-潮州,2024-04-25,9328
2374,佳能,65,1,64,華南永昌-潮州,2024-04-25,9328
00937B,群益ESG投等債20,68,7,61,華南永昌-潮州,2024-04-25,9328
5511,德昌,52,0,52,華南永昌-潮州,2024-04-25,9328
3231,緯創,52,9,43,華南永昌-潮州,2024-04-25,9328
2886,兆豐金,34,0,34,華南永昌-潮州,2024-04-25,9328
00940,元大台灣價值高息,47,16,31,華南永昌-潮州,2024-04-25,9328
00669R,國泰美國道瓊反1,30,0,30,華南永昌-潮州,2024-04-25,9328
00929,復華台灣科技優息,30,0,30,華南永昌-潮州,2024-04-25,9328
2610,華航,59,32,27,華南永昌-潮州,2024-04-25,9328
2303,聯電,26,3,23,華南永昌-潮州,2024-04-25,9328
2882,國泰金,22,0,22,華南永昌-潮州,2024-04-25,9328
2722,夏都,26,4,22,華南永昌-潮州,2024-04-25,9328
00753L,中信中國50正2,20,0,20,華南永昌-潮州,2024-04-25,9328
00902,中信電池及儲能,20,0,20,華南永昌-潮州,2024-04-25,9328
5251,天鉞電,21,1,20,華南永昌-潮州,2024-04-25,9328
6290,良維,20,0,20,華南永昌-潮州,2024-04-25,9328
2881,富邦金,20,1,19,華南永昌-潮州,2024-04-25,9328
1301,台塑,16,0,16,華南永昌-潮州,2024-04-25,9328
00919,群益台灣精選高息,23,8,15,華南永昌-潮州,2024-04-25,9328
00679B,元大美債20年,14,0,14,華南永昌-潮州,2024-04-25,9328
00939,統一台灣高息動能,12,0,12,華南永昌-潮州,2024-04-25,9328
00936,台新永續高息中小,12,0,12,華南永昌-潮州,2024-04-25,9328
1617,榮星,18,6,12,華南永昌-潮州,2024-04-25,9328
3049,精金,12,0,12,華南永昌-潮州,2024-04-25,9328
00942B,台新美A公司債20+,10,0,10,華南永昌-潮州,2024-04-25,9328
1319,東陽,10,0,10,華南永昌-潮州,2024-04-25,9328
2506,太設,10,0,10,華南永昌-潮州,2024-04-25,9328
3438,類比科,10,0,10,華南永昌-潮州,2024-04-25,9328
3312,弘憶股,10,1,9,華南永昌-潮州,2024-04-25,9328
9955,佳龍,9,0,9,華南永昌-潮州,2024-04-25,9328
2353,宏��,12,3,9,華南永昌-潮州,2024-04-25,9328
2330,台積電,9,0,9,華南永昌-潮州,2024-04-25,9328
1731,美吾華,10,2,8,華南永昌-潮州,2024-04-25,9328
2408,南亞科,9,1,8,華南永昌-潮州,2024-04-25,9328
6215,和椿,12,4,8,華南永昌-潮州,2024-04-25,9328
6548,長科*,13,5,8,華南永昌-潮州,2024-04-25,9328
1326,台化,7,0,7,華南永昌-潮州,2024-04-25,9328
2501,國建,46,39,7,華南永昌-潮州,2024-04-25,9328
2547,日勝生,7,0,7,華南永昌-潮州,2024-04-25,9328
8446,華研,7,0,7,華南永昌-潮州,2024-04-25,9328
00941,中信上游半導體,14,7,7,華南永昌-潮州,2024-04-25,9328
2421,建準,7,1,6,華南永昌-潮州,2024-04-25,9328
00680L,元大美債20正2,6,0,6,華南永昌-潮州,2024-04-25,9328
5009,榮剛,6,0,6,華南永昌-潮州,2024-04-25,9328
6189,豐藝,7,1,6,華南永昌-潮州,2024-04-25,9328
8064,東捷,6,0,6,華南永昌-潮州,2024-04-25,9328
1101,台泥,6,1,5,華南永昌-潮州,2024-04-25,9328
00878,國泰永續高股息,13,8,5,華南永昌-潮州,2024-04-25,9328
3714,富采,88,0,88,華南永昌-潮州,2024-04-26,9328
1440,南紡,109,29,80,華南永昌-潮州,2024-04-26,9328
6275,元山,60,8,52,華南永昌-潮州,2024-04-26,9328
2371,大同,115,74,41,華南永昌-潮州,2024-04-26,9328
3176,基亞,34,0,34,華南永昌-潮州,2024-04-26,9328
6290,良維,30,0,30,華南永昌-潮州,2024-04-26,9328
2301,光寶科,31,1,30,華南永昌-潮州,2024-04-26,9328
00687B,國泰20年美債,31,1,30,華南永昌-潮州,2024-04-26,9328
2359,所羅門,91,63,28,華南永昌-潮州,2024-04-26,9328
00937B,群益ESG投等債20,28,1,27,華南永昌-潮州,2024-04-26,9328
6770,力積電,23,0,23,華南永昌-潮州,2024-04-26,9328
8054,安國,28,5,23,華南永昌-潮州,2024-04-26,9328
00632R,元大台灣50反1,22,0,22,華南永昌-潮州,2024-04-26,9328
00650L,復華香港正2,22,1,21,華南永昌-潮州,2024-04-26,9328
00929,復華台灣科技優息,21,1,20,華南永昌-潮州,2024-04-26,9328
00706L,期元大S＆P日圓正2,20,0,20,華南永昌-潮州,2024-04-26,9328
2605,新興,19,1,18,華南永昌-潮州,2024-04-26,9328
00940,元大台灣價值高息,20,3,17,華南永昌-潮州,2024-04-26,9328
1532,勤美,25,9,16,華南永昌-潮州,2024-04-26,9328
2009,第一銅,19,3,16,華南永昌-潮州,2024-04-26,9328
1457,宜進,15,0,15,華南永昌-潮州,2024-04-26,9328
6229,研通,21,6,15,華南永昌-潮州,2024-04-26,9328
2353,宏��,26,13,13,華南永昌-潮州,2024-04-26,9328
5511,德昌,13,0,13,華南永昌-潮州,2024-04-26,9328
2465,麗臺,13,1,12,華南永昌-潮州,2024-04-26,9328
6207,雷科,20,8,12,華南永昌-潮州,2024-04-26,9328
6283,淳安,12,0,12,華南永昌-潮州,2024-04-26,9328
2505,國揚,11,0,11,華南永昌-潮州,2024-04-26,9328
6753,龍德造船,13,2,11,華南永昌-潮州,2024-04-26,9328
00877,復華中國5G,10,0,10,華南永昌-潮州,2024-04-26,9328
00942B,台新美A公司債20+,10,0,10,華南永昌-潮州,2024-04-26,9328
1409,新纖,10,0,10,華南永昌-潮州,2024-04-26,9328
2417,圓剛,10,0,10,華南永昌-潮州,2024-04-26,9328
00939,統一台灣高息動能,10,0,10,華南永昌-潮州,2024-04-26,9328
2461,光群雷,10,0,10,華南永昌-潮州,2024-04-26,9328
3706,神達,17,8,9,華南永昌-潮州,2024-04-26,9328
1504,東元,11,2,9,華南永昌-潮州,2024-04-26,9328
2527,宏璟,10,1,9,華南永昌-潮州,2024-04-26,9328
2615,萬海,16,7,9,華南永昌-潮州,2024-04-26,9328
6248,沛波,9,0,9,華南永昌-潮州,2024-04-26,9328
2206,三陽工業,10,1,9,華南永昌-潮州,2024-04-26,9328
2344,華邦電,9,1,8,華南永昌-潮州,2024-04-26,9328
2002,中鋼,7,0,7,華南永昌-潮州,2024-04-26,9328
0056,元大高股息,7,0,7,華南永昌-潮州,2024-04-26,9328
2611,志信,8,1,7,華南永昌-潮州,2024-04-26,9328
5904,寶雅,7,0,7,華南永昌-潮州,2024-04-26,9328
6282,康舒,8,1,7,華南永昌-潮州,2024-04-26,9328
00679B,元大美債20年,8,1,7,華南永昌-潮州,2024-04-26,9328
5531,鄉林,7,1,6,華南永昌-潮州,2024-04-26,9328
1605,華新,7,1,6,華南永昌-潮州,2024-04-26,9328
00632R,元大台灣50反1,189,5,184,華南永昌-潮州,2024-04-29,9328
2634,漢翔,173,2,171,華南永昌-潮州,2024-04-29,9328
2618,長榮航,222,91,131,華南永昌-潮州,2024-04-29,9328
2610,華航,160,36,124,華南永昌-潮州,2024-04-29,9328
3024,憶聲,93,2,91,華南永昌-潮州,2024-04-29,9328
2515,中工,134,54,80,華南永昌-潮州,2024-04-29,9328
00664R,國泰臺灣加權反1,57,0,57,華南永昌-潮州,2024-04-29,9328
2323,中環,72,16,56,華南永昌-潮州,2024-04-29,9328
3217,優群,52,0,52,華南永昌-潮州,2024-04-29,9328
00679B,元大美債20年,50,0,50,華南永昌-潮州,2024-04-29,9328
2363,矽統,85,42,43,華南永昌-潮州,2024-04-29,9328
2009,第一銅,34,2,32,華南永昌-潮州,2024-04-29,9328
00941,中信上游半導體,31,1,30,華南永昌-潮州,2024-04-29,9328
6264,富裔,30,0,30,華南永昌-潮州,2024-04-29,9328
00715L,期街口布蘭特正2,30,1,29,華南永昌-潮州,2024-04-29,9328
00752,中信中國50,29,1,28,華南永昌-潮州,2024-04-29,9328
1316,上曜,35,10,25,華南永昌-潮州,2024-04-29,9328
3481,群創,31,7,24,華南永昌-潮州,2024-04-29,9328
00650L,復華香港正2,22,0,22,華南永昌-潮州,2024-04-29,9328
2359,所羅門,34,12,22,華南永昌-潮州,2024-04-29,9328
00751B,元大AAA至A公司債,20,0,20,華南永昌-潮州,2024-04-29,9328
1617,榮星,18,0,18,華南永昌-潮州,2024-04-29,9328
1609,大亞,70,54,16,華南永昌-潮州,2024-04-29,9328
3264,欣銓,18,3,15,華南永昌-潮州,2024-04-29,9328
3312,弘憶股,19,4,15,華南永昌-潮州,2024-04-29,9328
5351,鈺創,15,0,15,華南永昌-潮州,2024-04-29,9328
1304,台聚,16,2,14,華南永昌-潮州,2024-04-29,9328
2601,益航,14,0,14,華南永昌-潮州,2024-04-29,9328
2641,正德,25,11,14,華南永昌-潮州,2024-04-29,9328
6770,力積電,16,2,14,華南永昌-潮州,2024-04-29,9328
1409,新纖,22,10,12,華南永昌-潮州,2024-04-29,9328
8027,鈦昇,12,1,11,華南永昌-潮州,2024-04-29,9328
2887,台新金,12,1,11,華南永昌-潮州,2024-04-29,9328
2449,京元電子,13,3,10,華南永昌-潮州,2024-04-29,9328
1604,聲寶,10,0,10,華南永昌-潮州,2024-04-29,9328
2426,鼎元,10,0,10,華南永昌-潮州,2024-04-29,9328
2712,遠雄來,10,0,10,華南永昌-潮州,2024-04-29,9328
5443,均豪,10,0,10,華南永昌-潮州,2024-04-29,9328
8924,大田,10,0,10,華南永昌-潮州,2024-04-29,9328
2371,大同,49,40,9,華南永昌-潮州,2024-04-29,9328
2739,寒舍,12,3,9,華南永昌-潮州,2024-04-29,9328
3709,鑫聯大投控,9,0,9,華南永昌-潮州,2024-04-29,9328
2615,萬海,19,11,8,華南永昌-潮州,2024-04-29,9328
2630,亞航,9,1,8,華南永昌-潮州,2024-04-29,9328
0056,元大高股息,13,6,7,華南永昌-潮州,2024-04-29,9328
4994,傳奇,10,3,7,華南永昌-潮州,2024-04-29,9328
00919,群益台灣精選高息,8,1,7,華南永昌-潮州,2024-04-29,9328
2027,大成鋼,7,1,6,華南永昌-潮州,2024-04-29,9328
1817,凱撒衛,6,0,6,華南永昌-潮州,2024-04-29,9328
2002,中鋼,22,16,6,華南永昌-潮州,2024-04-29,9328
00882,中信中國高股息,197,3,194,華南永昌-潮州,2024-04-30,9328
00632R,元大台灣50反1,164,0,164,華南永昌-潮州,2024-04-30,9328
1304,台聚,84,0,84,華南永昌-潮州,2024-04-30,9328
5457,宣德,83,8,75,華南永昌-潮州,2024-04-30,9328
00664R,國泰臺灣加權反1,57,0,57,華南永昌-潮州,2024-04-30,9328
2501,國建,90,34,56,華南永昌-潮州,2024-04-30,9328
2515,中工,63,24,39,華南永昌-潮州,2024-04-30,9328
3217,優群,40,2,38,華南永昌-潮州,2024-04-30,9328
5371,中光電,40,9,31,華南永昌-潮州,2024-04-30,9328
2611,志信,35,7,28,華南永昌-潮州,2024-04-30,9328
2353,宏��,26,0,26,華南永昌-潮州,2024-04-30,9328
2537,聯上發,23,2,21,華南永昌-潮州,2024-04-30,9328
2888,新光金,20,0,20,華南永昌-潮州,2024-04-30,9328
2880,華南金,67,48,19,華南永昌-潮州,2024-04-30,9328
2618,長榮航,32,13,19,華南永昌-潮州,2024-04-30,9328
2356,英業達,15,0,15,華南永昌-潮州,2024-04-30,9328
3024,憶聲,15,0,15,華南永昌-潮州,2024-04-30,9328
3450,聯鈞,24,9,15,華南永昌-潮州,2024-04-30,9328
00940,元大台灣價值高息,16,2,14,華南永昌-潮州,2024-04-30,9328
6282,康舒,19,5,14,華南永昌-潮州,2024-04-30,9328
2401,凌陽,42,28,14,華南永昌-潮州,2024-04-30,9328
2301,光寶科,17,4,13,華南永昌-潮州,2024-04-30,9328
3406,玉晶光,12,0,12,華南永昌-潮州,2024-04-30,9328
3663,鑫科,12,0,12,華南永昌-潮州,2024-04-30,9328
9945,潤泰新,13,1,12,華南永昌-潮州,2024-04-30,9328
2101,南港,26,14,12,華南永昌-潮州,2024-04-30,9328
3587,閎康,11,0,11,華南永昌-潮州,2024-04-30,9328
3652,精聯,11,0,11,華南永昌-潮州,2024-04-30,9328
5522,遠雄,11,0,11,華南永昌-潮州,2024-04-30,9328
6290,良維,16,6,10,華南永昌-潮州,2024-04-30,9328
00665L,富邦�琤肭磪囓�2,15,5,10,華南永昌-潮州,2024-04-30,9328
2506,太設,10,0,10,華南永昌-潮州,2024-04-30,9328
8088,品安,12,2,10,華南永昌-潮州,2024-04-30,9328
00919,群益台灣精選高息,24,15,9,華南永昌-潮州,2024-04-30,9328
1605,華新,9,0,9,華南永昌-潮州,2024-04-30,9328
3211,順達,9,0,9,華南永昌-潮州,2024-04-30,9328
00941,中信上游半導體,9,0,9,華南永昌-潮州,2024-04-30,9328
3596,智易,10,1,9,華南永昌-潮州,2024-04-30,9328
5351,鈺創,9,0,9,華南永昌-潮州,2024-04-30,9328
6139,亞翔,17,8,9,華南永昌-潮州,2024-04-30,9328
6538,倉和,9,0,9,華南永昌-潮州,2024-04-30,9328
5009,榮剛,20,11,9,華南永昌-潮州,2024-04-30,9328
2303,聯電,14,6,8,華南永昌-潮州,2024-04-30,9328
5347,世界,9,1,8,華南永昌-潮州,2024-04-30,9328
2610,華航,11,3,8,華南永昌-潮州,2024-04-30,9328
4979,華星光,11,3,8,華南永昌-潮州,2024-04-30,9328
8016,矽創,8,0,8,華南永昌-潮州,2024-04-30,9328
00713,元大台灣高息低波,7,0,7,華南永昌-潮州,2024-04-30,9328
00706L,期元大S＆P日圓正2,10,3,7,華南永昌-潮州,2024-04-30,9328
6207,雷科,9,2,7,華南永昌-潮州,2024-04-30,9328
3481,群創,269,2,267,華南永昌-潮州,2024-05-02,9328
3024,憶聲,122,1,121,華南永昌-潮州,2024-05-02,9328
00878,國泰永續高股息,75,3,72,華南永昌-潮州,2024-05-02,9328
2501,國建,115,45,70,華南永昌-潮州,2024-05-02,9328
1314,中石化,286,219,67,華南永昌-潮州,2024-05-02,9328
00664R,國泰臺灣加權反1,56,0,56,華南永昌-潮州,2024-05-02,9328
00919,群益台灣精選高息,75,19,56,華南永昌-潮州,2024-05-02,9328
4958,臻鼎-KY,53,0,53,華南永昌-潮州,2024-05-02,9328
2337,旺宏,52,3,49,華南永昌-潮州,2024-05-02,9328
00637L,元大滬深300正2,35,0,35,華南永昌-潮州,2024-05-02,9328
00715L,期街口布蘭特正2,33,0,33,華南永昌-潮州,2024-05-02,9328
00650L,復華香港正2,27,0,27,華南永昌-潮州,2024-05-02,9328
00940,元大台灣價值高息,28,2,26,華南永昌-潮州,2024-05-02,9328
4526,東台,25,0,25,華南永昌-潮州,2024-05-02,9328
6770,力積電,75,50,25,華南永昌-潮州,2024-05-02,9328
2505,國揚,27,5,22,華南永昌-潮州,2024-05-02,9328
2363,矽統,95,74,21,華南永昌-潮州,2024-05-02,9328
2371,大同,46,25,21,華南永昌-潮州,2024-05-02,9328
00937B,群益ESG投等債20,20,0,20,華南永昌-潮州,2024-05-02,9328
2609,陽明,40,20,20,華南永昌-潮州,2024-05-02,9328
3703,欣陸,22,3,19,華南永昌-潮州,2024-05-02,9328
2611,志信,34,15,19,華南永昌-潮州,2024-05-02,9328
1905,華紙,30,11,19,華南永昌-潮州,2024-05-02,9328
1513,中興電,28,9,19,華南永昌-潮州,2024-05-02,9328
2353,宏��,26,9,17,華南永昌-潮州,2024-05-02,9328
2367,燿華,26,10,16,華南永昌-潮州,2024-05-02,9328
2409,友達,24,11,13,華南永昌-潮州,2024-05-02,9328
2603,長榮,15,3,12,華南永昌-潮州,2024-05-02,9328
5457,宣德,14,2,12,華南永昌-潮州,2024-05-02,9328
3715,定穎投控,23,12,11,華南永昌-潮州,2024-05-02,9328
6235,華孚,12,1,11,華南永昌-潮州,2024-05-02,9328
3006,晶豪科,13,2,11,華南永昌-潮州,2024-05-02,9328
2330,台積電,14,3,11,華南永昌-潮州,2024-05-02,9328
3287,廣寰科,12,2,10,華南永昌-潮州,2024-05-02,9328
00897,富邦基因免疫生技,10,0,10,華南永昌-潮州,2024-05-02,9328
3450,聯鈞,13,3,10,華南永昌-潮州,2024-05-02,9328
8222,寶一,10,0,10,華南永昌-潮州,2024-05-02,9328
9105,泰金寶-DR,10,0,10,華南永昌-潮州,2024-05-02,9328
3005,神基,10,1,9,華南永昌-潮州,2024-05-02,9328
2406,國碩,10,1,9,華南永昌-潮州,2024-05-02,9328
6125,廣運,12,3,9,華南永昌-潮州,2024-05-02,9328
00933B,國泰10Y+金融債,8,0,8,華南永昌-潮州,2024-05-02,9328
2630,亞航,10,2,8,華南永昌-潮州,2024-05-02,9328
6189,豐藝,14,6,8,華南永昌-潮州,2024-05-02,9328
6282,康舒,9,1,8,華南永昌-潮州,2024-05-02,9328
3711,日月光投控,12,4,8,華南永昌-潮州,2024-05-02,9328
2376,技嘉,8,0,8,華南永昌-潮州,2024-05-02,9328
6443,元晶,15,7,8,華南永昌-潮州,2024-05-02,9328
00670L,富邦NASDAQ正2,7,0,7,華南永昌-潮州,2024-05-02,9328
2344,華邦電,8,1,7,華南永昌-潮州,2024-05-02,9328
1314,中石化,149,20,129,華南永昌-潮州,2024-05-03,9328
00878,國泰永續高股息,68,3,65,華南永昌-潮州,2024-05-03,9328
00940,元大台灣價值高息,56,1,55,華南永昌-潮州,2024-05-03,9328
2610,華航,84,35,49,華南永昌-潮州,2024-05-03,9328
2374,佳能,45,2,43,華南永昌-潮州,2024-05-03,9328
2515,中工,44,5,39,華南永昌-潮州,2024-05-03,9328
1316,上曜,61,24,37,華南永昌-潮州,2024-05-03,9328
00937B,群益ESG投等債20,35,0,35,華南永昌-潮州,2024-05-03,9328
00664R,國泰臺灣加權反1,34,0,34,華南永昌-潮州,2024-05-03,9328
3024,憶聲,31,0,31,華南永昌-潮州,2024-05-03,9328
2885,元大金,30,0,30,華南永昌-潮州,2024-05-03,9328
9105,泰金寶-DR,30,0,30,華南永昌-潮州,2024-05-03,9328
00929,復華台灣科技優息,57,30,27,華南永昌-潮州,2024-05-03,9328
6120,達運,27,0,27,華南永昌-潮州,2024-05-03,9328
3706,神達,23,2,21,華南永昌-潮州,2024-05-03,9328
00753L,中信中國50正2,21,0,21,華南永昌-潮州,2024-05-03,9328
9919,康那香,22,1,21,華南永昌-潮州,2024-05-03,9328
00680L,元大美債20正2,20,0,20,華南永昌-潮州,2024-05-03,9328
3450,聯鈞,22,2,20,華南永昌-潮州,2024-05-03,9328
3710,連展投控,20,0,20,華南永昌-潮州,2024-05-03,9328
1514,亞力,29,10,19,華南永昌-潮州,2024-05-03,9328
00939,統一台灣高息動能,22,3,19,華南永昌-潮州,2024-05-03,9328
2884,玉山金,16,0,16,華南永昌-潮州,2024-05-03,9328
3231,緯創,23,8,15,華南永昌-潮州,2024-05-03,9328
8096,擎亞,54,39,15,華南永昌-潮州,2024-05-03,9328
2425,承啟,15,0,15,華南永昌-潮州,2024-05-03,9328
00713,元大台灣高息低波,14,0,14,華南永昌-潮州,2024-05-03,9328
2609,陽明,41,27,14,華南永昌-潮州,2024-05-03,9328
2520,冠德,19,6,13,華南永昌-潮州,2024-05-03,9328
2363,矽統,91,78,13,華南永昌-潮州,2024-05-03,9328
6770,力積電,68,56,12,華南永昌-潮州,2024-05-03,9328
3041,揚智,12,0,12,華南永昌-潮州,2024-05-03,9328
3202,樺晟,12,0,12,華南永昌-潮州,2024-05-03,9328
3624,光頡,14,2,12,華南永昌-潮州,2024-05-03,9328
00936,台新永續高息中小,12,1,11,華南永昌-潮州,2024-05-03,9328
1532,勤美,12,1,11,華南永昌-潮州,2024-05-03,9328
2511,太子,13,2,11,華南永昌-潮州,2024-05-03,9328
9945,潤泰新,12,2,10,華南永昌-潮州,2024-05-03,9328
1524,耿鼎,13,3,10,華南永昌-潮州,2024-05-03,9328
2344,華邦電,14,4,10,華南永昌-潮州,2024-05-03,9328
3321,同泰,10,0,10,華南永昌-潮州,2024-05-03,9328
6026,福邦證,10,0,10,華南永昌-潮州,2024-05-03,9328
6108,競國,10,0,10,華南永昌-潮州,2024-05-03,9328
6753,龍德造船,10,0,10,華南永昌-潮州,2024-05-03,9328
8033,雷虎,10,0,10,華南永昌-潮州,2024-05-03,9328
00679B,元大美債20年,9,0,9,華南永昌-潮州,2024-05-03,9328
4714,永捷,86,77,9,華南永昌-潮州,2024-05-03,9328
3587,閎康,8,0,8,華南永昌-潮州,2024-05-03,9328
00933B,國泰10Y+金融債,7,0,7,華南永昌-潮州,2024-05-03,9328
1453,大將,7,1,6,華南永昌-潮州,2024-05-03,9328
2606,裕民,130,1,129,華南永昌-潮州,2024-05-06,9328
00680L,元大美債20正2,85,2,83,華南永昌-潮州,2024-05-06,9328
00632R,元大台灣50反1,75,23,52,華南永昌-潮州,2024-05-06,9328
3481,群創,52,0,52,華南永昌-潮州,2024-05-06,9328
00919,群益台灣精選高息,52,1,51,華南永昌-潮州,2024-05-06,9328
00937B,群益ESG投等債20,82,33,49,華南永昌-潮州,2024-05-06,9328
4303,信立,51,6,45,華南永昌-潮州,2024-05-06,9328
00929,復華台灣科技優息,46,1,45,華南永昌-潮州,2024-05-06,9328
1440,南紡,42,0,42,華南永昌-潮州,2024-05-06,9328
6120,達運,61,19,42,華南永昌-潮州,2024-05-06,9328
2515,中工,53,17,36,華南永昌-潮州,2024-05-06,9328
00878,國泰永續高股息,37,6,31,華南永昌-潮州,2024-05-06,9328
2511,太子,32,2,30,華南永昌-潮州,2024-05-06,9328
2538,基泰,35,7,28,華南永昌-潮州,2024-05-06,9328
0056,元大高股息,27,0,27,華南永昌-潮州,2024-05-06,9328
3706,神達,25,5,20,華南永昌-潮州,2024-05-06,9328
3088,艾訊,20,2,18,華南永昌-潮州,2024-05-06,9328
4160,訊聯基因,20,2,18,華南永昌-潮州,2024-05-06,9328
1609,大亞,30,12,18,華南永昌-潮州,2024-05-06,9328
00715L,期街口布蘭特正2,19,2,17,華南永昌-潮州,2024-05-06,9328
9945,潤泰新,24,7,17,華南永昌-潮州,2024-05-06,9328
6282,康舒,16,0,16,華南永昌-潮州,2024-05-06,9328
1414,東和,15,0,15,華南永昌-潮州,2024-05-06,9328
2547,日勝生,17,2,15,華南永昌-潮州,2024-05-06,9328
4714,永捷,15,0,15,華南永昌-潮州,2024-05-06,9328
2883,凱基金,32,19,13,華南永昌-潮州,2024-05-06,9328
5522,遠雄,15,2,13,華南永昌-潮州,2024-05-06,9328
1319,東陽,12,0,12,華南永昌-潮州,2024-05-06,9328
2834,臺企銀,15,3,12,華南永昌-潮州,2024-05-06,9328
2206,三陽工業,11,0,11,華南永昌-潮州,2024-05-06,9328
2449,京元電子,18,8,10,華南永昌-潮州,2024-05-06,9328
2301,光寶科,12,2,10,華南永昌-潮州,2024-05-06,9328
1467,南緯,10,0,10,華南永昌-潮州,2024-05-06,9328
1313,聯成,10,0,10,華南永昌-潮州,2024-05-06,9328
2458,義隆,10,0,10,華南永昌-潮州,2024-05-06,9328
8011,台通,10,0,10,華南永昌-潮州,2024-05-06,9328
8147,正淩,11,1,10,華南永昌-潮州,2024-05-06,9328
8016,矽創,9,0,9,華南永昌-潮州,2024-05-06,9328
2014,中鴻,9,0,9,華南永昌-潮州,2024-05-06,9328
2543,皇昌,122,114,8,華南永昌-潮州,2024-05-06,9328
00637L,元大滬深300正2,7,0,7,華南永昌-潮州,2024-05-06,9328
2356,英業達,7,0,7,華南永昌-潮州,2024-05-06,9328
5521,工信,9,2,7,華南永昌-潮州,2024-05-06,9328
6179,亞通,7,0,7,華南永昌-潮州,2024-05-06,9328
6215,和椿,9,2,7,華南永昌-潮州,2024-05-06,9328
6733,博晟生醫,7,0,7,華南永昌-潮州,2024-05-06,9328
1442,名軒,6,0,6,華南永昌-潮州,2024-05-06,9328
1413,宏洲,6,0,6,華南永昌-潮州,2024-05-06,9328
1605,華新,11,5,6,華南永昌-潮州,2024-05-06,9328
2409,友達,7,1,6,華南永昌-潮州,2024-05-06,9328
00878,國泰永續高股息,91,6,85,華南永昌-潮州,2024-05-07,9328
2344,華邦電,91,10,81,華南永昌-潮州,2024-05-07,9328
00929,復華台灣科技優息,78,0,78,華南永昌-潮州,2024-05-07,9328
2543,皇昌,144,72,72,華南永昌-潮州,2024-05-07,9328
1314,中石化,110,41,69,華南永昌-潮州,2024-05-07,9328
3481,群創,68,0,68,華南永昌-潮州,2024-05-07,9328
00937B,群益ESG投等債20,56,2,54,華南永昌-潮州,2024-05-07,9328
3024,憶聲,63,10,53,華南永昌-潮州,2024-05-07,9328
2515,中工,51,4,47,華南永昌-潮州,2024-05-07,9328
3217,優群,41,1,40,華南永昌-潮州,2024-05-07,9328
1304,台聚,64,26,38,華南永昌-潮州,2024-05-07,9328
00940,元大台灣價值高息,37,4,33,華南永昌-潮州,2024-05-07,9328
6257,矽格,48,16,32,華南永昌-潮州,2024-05-07,9328
4994,傳奇,33,1,32,華南永昌-潮州,2024-05-07,9328
1456,怡華,30,0,30,華南永昌-潮州,2024-05-07,9328
1605,華新,30,2,28,華南永昌-潮州,2024-05-07,9328
2606,裕民,31,4,27,華南永昌-潮州,2024-05-07,9328
2458,義隆,21,0,21,華南永昌-潮州,2024-05-07,9328
3576,聯合再生,30,10,20,華南永昌-潮州,2024-05-07,9328
2009,第一銅,22,2,20,華南永昌-潮州,2024-05-07,9328
3622,洋華,20,0,20,華南永昌-潮州,2024-05-07,9328
6130,上亞科技,20,0,20,華南永昌-潮州,2024-05-07,9328
2486,一詮,96,77,19,華南永昌-潮州,2024-05-07,9328
1308,亞聚,18,0,18,華南永昌-潮州,2024-05-07,9328
1616,億泰,23,6,17,華南永昌-潮州,2024-05-07,9328
1514,亞力,18,2,16,華南永昌-潮州,2024-05-07,9328
1303,南亞,16,0,16,華南永昌-潮州,2024-05-07,9328
2323,中環,26,11,15,華南永昌-潮州,2024-05-07,9328
2511,太子,16,1,15,華南永昌-潮州,2024-05-07,9328
6733,博晟生醫,15,0,15,華南永昌-潮州,2024-05-07,9328
9958,世紀鋼,15,0,15,華南永昌-潮州,2024-05-07,9328
2353,宏��,20,7,13,華南永昌-潮州,2024-05-07,9328
3037,欣興,11,0,11,華南永昌-潮州,2024-05-07,9328
6139,亞翔,13,2,11,華南永昌-潮州,2024-05-07,9328
5498,凱崴,10,0,10,華南永昌-潮州,2024-05-07,9328
00680L,元大美債20正2,10,0,10,華南永昌-潮州,2024-05-07,9328
00795B,中信美國公債20年,10,0,10,華南永昌-潮州,2024-05-07,9328
2883,凱基金,11,1,10,華南永昌-潮州,2024-05-07,9328
4167,松瑞藥,10,0,10,華南永昌-潮州,2024-05-07,9328
6753,龍德造船,10,0,10,華南永昌-潮州,2024-05-07,9328
8150,南茂,10,0,10,華南永昌-潮州,2024-05-07,9328
1618,合機,11,1,10,華南永昌-潮州,2024-05-07,9328
2020,美亞,10,0,10,華南永昌-潮州,2024-05-07,9328
2014,中鴻,9,0,9,華南永昌-潮州,2024-05-07,9328
2887,台新金,10,1,9,華南永昌-潮州,2024-05-07,9328
6122,擎邦,9,0,9,華南永昌-潮州,2024-05-07,9328
2101,南港,10,2,8,華南永昌-潮州,2024-05-07,9328
6125,廣運,12,4,8,華南永昌-潮州,2024-05-07,9328
1229,聯華,8,0,8,華南永昌-潮州,2024-05-07,9328
00753L,中信中國50正2,10,2,8,華南永昌-潮州,2024-05-07,9328
00632R,元大台灣50反1,100,0,100,華南永昌-潮州,2024-05-08,9328
2330,台積電,100,2,98,華南永昌-潮州,2024-05-08,9328
2606,裕民,95,6,89,華南永昌-潮州,2024-05-08,9328
00919,群益台灣精選高息,72,15,57,華南永昌-潮州,2024-05-08,9328
2312,金寶,61,7,54,華南永昌-潮州,2024-05-08,9328
00936,台新永續高息中小,45,0,45,華南永昌-潮州,2024-05-08,9328
2618,長榮航,46,6,40,華南永昌-潮州,2024-05-08,9328
2208,台船,35,0,35,華南永昌-潮州,2024-05-08,9328
00940,元大台灣價值高息,34,0,34,華南永昌-潮州,2024-05-08,9328
2349,錸德,30,0,30,華南永昌-潮州,2024-05-08,9328
4532,瑞智,34,5,29,華南永昌-潮州,2024-05-08,9328
1532,勤美,23,1,22,華南永昌-潮州,2024-05-08,9328
2376,技嘉,24,2,22,華南永昌-潮州,2024-05-08,9328
00731,復華富時高息低波,21,0,21,華南永昌-潮州,2024-05-08,9328
6834,天二科技,21,0,21,華南永昌-潮州,2024-05-08,9328
2882,國泰金,20,0,20,華南永昌-潮州,2024-05-08,9328
00715L,期街口布蘭特正2,19,0,19,華南永昌-潮州,2024-05-08,9328
00650L,復華香港正2,17,0,17,華南永昌-潮州,2024-05-08,9328
3706,神達,17,0,17,華南永昌-潮州,2024-05-08,9328
2603,長榮,24,8,16,華南永昌-潮州,2024-05-08,9328
00937B,群益ESG投等債20,21,5,16,華南永昌-潮州,2024-05-08,9328
1718,中纖,16,0,16,華南永昌-潮州,2024-05-08,9328
00665L,富邦�琤肭磪囓�2,15,0,15,華南永昌-潮州,2024-05-08,9328
2906,高林,15,0,15,華南永昌-潮州,2024-05-08,9328
1316,上曜,14,0,14,華南永昌-潮州,2024-05-08,9328
4303,信立,17,3,14,華南永昌-潮州,2024-05-08,9328
00932,兆豐永續高息等權,13,0,13,華南永昌-潮州,2024-05-08,9328
00939,統一台灣高息動能,12,0,12,華南永昌-潮州,2024-05-08,9328
00929,復華台灣科技優息,11,0,11,華南永昌-潮州,2024-05-08,9328
2637,慧洋-KY,19,8,11,華南永昌-潮州,2024-05-08,9328
2903,遠百,11,0,11,華南永昌-潮州,2024-05-08,9328
2379,瑞昱,11,0,11,華南永昌-潮州,2024-05-08,9328
6180,橘子,12,1,11,華南永昌-潮州,2024-05-08,9328
6582,申豐,11,0,11,華南永昌-潮州,2024-05-08,9328
5871,中租-KY,12,1,11,華南永昌-潮州,2024-05-08,9328
2101,南港,13,2,11,華南永昌-潮州,2024-05-08,9328
1617,榮星,46,36,10,華南永昌-潮州,2024-05-08,9328
00642U,期元大S＆P石油,10,0,10,華南永昌-潮州,2024-05-08,9328
00885,富邦越南,10,0,10,華南永昌-潮州,2024-05-08,9328
1456,怡華,10,0,10,華南永昌-潮州,2024-05-08,9328
3714,富采,10,0,10,華南永昌-潮州,2024-05-08,9328
5230,雷笛克光學,10,0,10,華南永昌-潮州,2024-05-08,9328
6672,騰輝電子-KY,10,0,10,華南永昌-潮州,2024-05-08,9328
1612,宏泰,20,10,10,華南永昌-潮州,2024-05-08,9328
2352,佳世達,9,0,9,華南永昌-潮州,2024-05-08,9328
6213,聯茂,10,1,9,華南永昌-潮州,2024-05-08,9328
2359,所羅門,46,37,9,華南永昌-潮州,2024-05-08,9328
3296,勝德,8,0,8,華南永昌-潮州,2024-05-08,9328
3481,群創,8,0,8,華南永昌-潮州,2024-05-08,9328
5864,致和證,8,0,8,華南永昌-潮州,2024-05-08,9328
00637L,元大滬深300正2,64,0,64,華南永昌-潮州,2024-05-09,9328
2618,長榮航,81,18,63,華南永昌-潮州,2024-05-09,9328
00632R,元大台灣50反1,45,0,45,華南永昌-潮州,2024-05-09,9328
2880,華南金,44,1,43,華南永昌-潮州,2024-05-09,9328
2367,燿華,102,62,40,華南永昌-潮州,2024-05-09,9328
2344,華邦電,36,3,33,華南永昌-潮州,2024-05-09,9328
00944,野村趨勢動能高息,58,28,30,華南永昌-潮州,2024-05-09,9328
1608,華榮,33,3,30,華南永昌-潮州,2024-05-09,9328
00878,國泰永續高股息,33,6,27,華南永昌-潮州,2024-05-09,9328
6733,博晟生醫,26,0,26,華南永昌-潮州,2024-05-09,9328
2317,鴻海,61,38,23,華南永昌-潮州,2024-05-09,9328
2363,矽統,50,28,22,華南永昌-潮州,2024-05-09,9328
2542,興富發,22,0,22,華南永昌-潮州,2024-05-09,9328
6116,彩晶,20,0,20,華南永昌-潮州,2024-05-09,9328
3231,緯創,23,3,20,華南永昌-潮州,2024-05-09,9328
00932,兆豐永續高息等權,20,0,20,華南永昌-潮州,2024-05-09,9328
2630,亞航,20,0,20,華南永昌-潮州,2024-05-09,9328
6026,福邦證,20,0,20,華南永昌-潮州,2024-05-09,9328
2511,太子,21,2,19,華南永昌-潮州,2024-05-09,9328
2371,大同,56,38,18,華南永昌-潮州,2024-05-09,9328
1532,勤美,18,0,18,華南永昌-潮州,2024-05-09,9328
00731,復華富時高息低波,18,0,18,華南永昌-潮州,2024-05-09,9328
00919,群益台灣精選高息,17,1,16,華南永昌-潮州,2024-05-09,9328
5512,力麒,15,0,15,華南永昌-潮州,2024-05-09,9328
2505,國揚,15,0,15,華南永昌-潮州,2024-05-09,9328
00929,復華台灣科技優息,17,2,15,華南永昌-潮州,2024-05-09,9328
2834,臺企銀,14,0,14,華南永昌-潮州,2024-05-09,9328
2515,中工,23,9,14,華南永昌-潮州,2024-05-09,9328
2408,南亞科,12,0,12,華南永昌-潮州,2024-05-09,9328
3360,尚立,12,0,12,華南永昌-潮州,2024-05-09,9328
2486,一詮,45,34,11,華南永昌-潮州,2024-05-09,9328
5439,高技,11,0,11,華南永昌-潮州,2024-05-09,9328
3036,文曄,13,3,10,華南永昌-潮州,2024-05-09,9328
00936,台新永續高息中小,10,0,10,華南永昌-潮州,2024-05-09,9328
2369,菱生,10,0,10,華南永昌-潮州,2024-05-09,9328
2537,聯上發,10,0,10,華南永昌-潮州,2024-05-09,9328
4157,太景*-KY,10,0,10,華南永昌-潮州,2024-05-09,9328
4562,穎漢,10,0,10,華南永昌-潮州,2024-05-09,9328
5388,中磊,10,0,10,華南永昌-潮州,2024-05-09,9328
3041,揚智,13,4,9,華南永昌-潮州,2024-05-09,9328
2329,華泰,15,6,9,華南永昌-潮州,2024-05-09,9328
2388,威盛,10,1,9,華南永昌-潮州,2024-05-09,9328
2365,昆盈,12,3,9,華南永昌-潮州,2024-05-09,9328
1611,中電,9,1,8,華南永昌-潮州,2024-05-09,9328
2101,南港,11,3,8,華南永昌-潮州,2024-05-09,9328
00713,元大台灣高息低波,8,0,8,華南永昌-潮州,2024-05-09,9328
2605,新興,27,19,8,華南永昌-潮州,2024-05-09,9328
5351,鈺創,7,0,7,華南永昌-潮州,2024-05-09,9328
2356,英業達,9,2,7,華南永昌-潮州,2024-05-09,9328
2611,志信,9,2,7,華南永昌-潮州,2024-05-09,9328
00929,復華台灣科技優息,185,101,84,華南永昌-潮州,2024-05-10,9328
00946,群益科技高息成長,64,0,64,華南永昌-潮州,2024-05-10,9328
2601,益航,70,10,60,華南永昌-潮州,2024-05-10,9328
2313,華通,48,11,37,華南永昌-潮州,2024-05-10,9328
00632R,元大台灣50反1,33,0,33,華南永昌-潮州,2024-05-10,9328
00937B,群益ESG投等債20,30,2,28,華南永昌-潮州,2024-05-10,9328
3044,健鼎,25,2,23,華南永昌-潮州,2024-05-10,9328
6116,彩晶,25,2,23,華南永昌-潮州,2024-05-10,9328
2365,昆盈,29,8,21,華南永昌-潮州,2024-05-10,9328
00680L,元大美債20正2,20,0,20,華南永昌-潮州,2024-05-10,9328
3058,立德,22,2,20,華南永昌-潮州,2024-05-10,9328
6431,光麗-KY,20,0,20,華南永昌-潮州,2024-05-10,9328
2542,興富發,20,1,19,華南永昌-潮州,2024-05-10,9328
8112,至上,33,15,18,華南永昌-潮州,2024-05-10,9328
6834,天二科技,17,0,17,華南永昌-潮州,2024-05-10,9328
3047,訊舟,16,0,16,華南永昌-潮州,2024-05-10,9328
00939,統一台灣高息動能,15,0,15,華南永昌-潮州,2024-05-10,9328
8034,榮群,15,0,15,華南永昌-潮州,2024-05-10,9328
8234,新漢,21,6,15,華南永昌-潮州,2024-05-10,9328
00650L,復華香港正2,15,1,14,華南永昌-潮州,2024-05-10,9328
1810,和成,13,0,13,華南永昌-潮州,2024-05-10,9328
1442,名軒,12,0,12,華南永昌-潮州,2024-05-10,9328
2376,技嘉,11,0,11,華南永昌-潮州,2024-05-10,9328
3037,欣興,11,0,11,華南永昌-潮州,2024-05-10,9328
3060,銘異,11,0,11,華南永昌-潮州,2024-05-10,9328
2371,大同,37,27,10,華南永昌-潮州,2024-05-10,9328
2409,友達,19,9,10,華南永昌-潮州,2024-05-10,9328
2317,鴻海,14,4,10,華南永昌-潮州,2024-05-10,9328
00673R,期元大S＆P原油反1,10,0,10,華南永昌-潮州,2024-05-10,9328
1319,東陽,10,0,10,華南永昌-潮州,2024-05-10,9328
1417,嘉裕,10,0,10,華南永昌-潮州,2024-05-10,9328
1540,喬福,10,0,10,華南永昌-潮州,2024-05-10,9328
2369,菱生,10,0,10,華南永昌-潮州,2024-05-10,9328
2489,瑞軒,16,6,10,華南永昌-潮州,2024-05-10,9328
3013,晟銘電,52,42,10,華南永昌-潮州,2024-05-10,9328
4949,有成精密,14,4,10,華南永昌-潮州,2024-05-10,9328
6477,安集,11,1,10,華南永昌-潮州,2024-05-10,9328
6505,台塑化,10,0,10,華南永昌-潮州,2024-05-10,9328
8358,金居,10,0,10,華南永昌-潮州,2024-05-10,9328
6282,康舒,11,2,9,華南永昌-潮州,2024-05-10,9328
6005,群益證,9,1,8,華南永昌-潮州,2024-05-10,9328
00944,野村趨勢動能高息,8,0,8,華南永昌-潮州,2024-05-10,9328
2363,矽統,42,35,7,華南永昌-潮州,2024-05-10,9328
1605,華新,9,2,7,華南永昌-潮州,2024-05-10,9328
3265,台星科,7,0,7,華南永昌-潮州,2024-05-10,9328
3356,奇偶,34,27,7,華南永昌-潮州,2024-05-10,9328
2382,廣達,6,0,6,華南永昌-潮州,2024-05-10,9328
00679B,元大美債20年,6,0,6,華南永昌-潮州,2024-05-10,9328
2367,燿華,32,26,6,華南永昌-潮州,2024-05-10,9328
3036,文曄,18,12,6,華南永昌-潮州,2024-05-10,9328
00929,復華台灣科技優息,171,1,170,華南永昌-潮州,2024-05-13,9328
2610,華航,242,92,150,華南永昌-潮州,2024-05-13,9328
00632R,元大台灣50反1,100,0,100,華南永昌-潮州,2024-05-13,9328
3481,群創,63,6,57,華南永昌-潮州,2024-05-13,9328
2618,長榮航,67,17,50,華南永昌-潮州,2024-05-13,9328
2543,皇昌,50,0,50,華南永昌-潮州,2024-05-13,9328
00937B,群益ESG投等債20,45,4,41,華南永昌-潮州,2024-05-13,9328
2611,志信,43,3,40,華南永昌-潮州,2024-05-13,9328
1522,堤維西,65,26,39,華南永昌-潮州,2024-05-13,9328
00878,國泰永續高股息,46,11,35,華南永昌-潮州,2024-05-13,9328
1314,中石化,65,35,30,華南永昌-潮州,2024-05-13,9328
00919,群益台灣精選高息,29,3,26,華南永昌-潮州,2024-05-13,9328
2501,國建,26,3,23,華南永昌-潮州,2024-05-13,9328
2891,中信金,29,8,21,華南永昌-潮州,2024-05-13,9328
00942B,台新美A公司債20+,20,0,20,華南永昌-潮州,2024-05-13,9328
3062,建漢,20,1,19,華南永昌-潮州,2024-05-13,9328
6733,博晟生醫,19,0,19,華南永昌-潮州,2024-05-13,9328
2606,裕民,33,16,17,華南永昌-潮州,2024-05-13,9328
00939,統一台灣高息動能,16,0,16,華南永昌-潮州,2024-05-13,9328
2486,一詮,45,29,16,華南永昌-潮州,2024-05-13,9328
8463,潤泰材,15,0,15,華南永昌-潮州,2024-05-13,9328
1711,永光,16,1,15,華南永昌-潮州,2024-05-13,9328
3044,健鼎,14,1,13,華南永昌-潮州,2024-05-13,9328
1605,華新,15,2,13,華南永昌-潮州,2024-05-13,9328
3360,尚立,13,0,13,華南永昌-潮州,2024-05-13,9328
2489,瑞軒,20,7,13,華南永昌-潮州,2024-05-13,9328
00940,元大台灣價值高息,27,14,13,華南永昌-潮州,2024-05-13,9328
8112,至上,17,4,13,華南永昌-潮州,2024-05-13,9328
2371,大同,43,31,12,華南永昌-潮州,2024-05-13,9328
2363,矽統,46,34,12,華南永昌-潮州,2024-05-13,9328
00687B,國泰20年美債,11,0,11,華南永昌-潮州,2024-05-13,9328
2206,三陽工業,12,2,10,華南永昌-潮州,2024-05-13,9328
2355,敬鵬,10,0,10,華南永昌-潮州,2024-05-13,9328
2634,漢翔,11,1,10,華南永昌-潮州,2024-05-13,9328
4563,百德,10,0,10,華南永昌-潮州,2024-05-13,9328
6753,龍德造船,11,1,10,華南永昌-潮州,2024-05-13,9328
00637L,元大滬深300正2,39,30,9,華南永昌-潮州,2024-05-13,9328
3231,緯創,9,1,8,華南永昌-潮州,2024-05-13,9328
0061,元大寶滬深,8,0,8,華南永昌-潮州,2024-05-13,9328
1714,和桐,8,0,8,華南永昌-潮州,2024-05-13,9328
2546,根基,10,2,8,華南永昌-潮州,2024-05-13,9328
2890,永豐金,8,0,8,華南永昌-潮州,2024-05-13,9328
00665L,富邦�琤肭磪囓�2,7,0,7,華南永昌-潮州,2024-05-13,9328
1303,南亞,7,0,7,華南永昌-潮州,2024-05-13,9328
2344,華邦電,11,4,7,華南永昌-潮州,2024-05-13,9328
2514,龍邦,10,3,7,華南永昌-潮州,2024-05-13,9328
4562,穎漢,19,12,7,華南永昌-潮州,2024-05-13,9328
2476,鉅祥,7,0,7,華南永昌-潮州,2024-05-13,9328
2637,慧洋-KY,39,32,7,華南永昌-潮州,2024-05-13,9328
00679B,元大美債20年,6,0,6,華南永昌-潮州,2024-05-13,9328
6229,研通,60,0,60,華南永昌-潮州,2024-05-14,9328
2615,萬海,267,208,59,華南永昌-潮州,2024-05-14,9328
2892,第一金,55,0,55,華南永昌-潮州,2024-05-14,9328
2515,中工,57,5,52,華南永昌-潮州,2024-05-14,9328
2317,鴻海,62,17,45,華南永昌-潮州,2024-05-14,9328
3047,訊舟,39,1,38,華南永昌-潮州,2024-05-14,9328
00637L,元大滬深300正2,38,0,38,華南永昌-潮州,2024-05-14,9328
6770,力積電,34,2,32,華南永昌-潮州,2024-05-14,9328
2882,國泰金,32,1,31,華南永昌-潮州,2024-05-14,9328
2610,華航,38,11,27,華南永昌-潮州,2024-05-14,9328
00937B,群益ESG投等債20,24,0,24,華南永昌-潮州,2024-05-14,9328
00887,永豐中國科技50大,20,0,20,華南永昌-潮州,2024-05-14,9328
1809,中釉,20,0,20,華南永昌-潮州,2024-05-14,9328
2547,日勝生,20,0,20,華南永昌-潮州,2024-05-14,9328
3024,憶聲,20,0,20,華南永昌-潮州,2024-05-14,9328
3276,宇環,20,0,20,華南永昌-潮州,2024-05-14,9328
2208,台船,28,10,18,華南永昌-潮州,2024-05-14,9328
00680L,元大美債20正2,20,3,17,華南永昌-潮州,2024-05-14,9328
3605,宏致,17,0,17,華南永昌-潮州,2024-05-14,9328
00753L,中信中國50正2,16,0,16,華南永昌-潮州,2024-05-14,9328
1611,中電,16,0,16,華南永昌-潮州,2024-05-14,9328
3231,緯創,22,7,15,華南永昌-潮州,2024-05-14,9328
00929,復華台灣科技優息,25,10,15,華南永昌-潮州,2024-05-14,9328
2903,遠百,15,0,15,華南永昌-潮州,2024-05-14,9328
9945,潤泰新,20,5,15,華南永昌-潮州,2024-05-14,9328
2546,根基,15,0,15,華南永昌-潮州,2024-05-14,9328
2834,臺企銀,15,1,14,華南永昌-潮州,2024-05-14,9328
2371,大同,23,11,12,華南永昌-潮州,2024-05-14,9328
2329,華泰,12,0,12,華南永昌-潮州,2024-05-14,9328
00650L,復華香港正2,12,0,12,華南永昌-潮州,2024-05-14,9328
2739,寒舍,12,0,12,華南永昌-潮州,2024-05-14,9328
8299,群聯,11,0,11,華南永昌-潮州,2024-05-14,9328
00665L,富邦�琤肭磪囓�2,11,0,11,華南永昌-潮州,2024-05-14,9328
00933B,國泰10Y+金融債,11,0,11,華南永昌-潮州,2024-05-14,9328
1909,榮成,11,0,11,華南永昌-潮州,2024-05-14,9328
2501,國建,12,1,11,華南永昌-潮州,2024-05-14,9328
2607,榮運,11,0,11,華南永昌-潮州,2024-05-14,9328
2613,中櫃,15,4,11,華南永昌-潮州,2024-05-14,9328
2888,新光金,11,0,11,華南永昌-潮州,2024-05-14,9328
3694,海華,11,0,11,華南永昌-潮州,2024-05-14,9328
5521,工信,12,1,11,華南永昌-潮州,2024-05-14,9328
6505,台塑化,11,0,11,華南永昌-潮州,2024-05-14,9328
3037,欣興,11,1,10,華南永昌-潮州,2024-05-14,9328
2308,台達電,10,0,10,華南永昌-潮州,2024-05-14,9328
2316,楠梓電,10,0,10,華南永昌-潮州,2024-05-14,9328
3049,精金,10,0,10,華南永昌-潮州,2024-05-14,9328
8034,榮群,10,0,10,華南永昌-潮州,2024-05-14,9328
2017,官田鋼,8,0,8,華南永昌-潮州,2024-05-14,9328
2883,凱基金,18,10,8,華南永昌-潮州,2024-05-14,9328
3390,旭軟,14,6,8,華南永昌-潮州,2024-05-14,9328
00632R,元大台灣50反1,326,55,271,華南永昌-潮州,2024-05-15,9328
00940,元大台灣價值高息,207,28,179,華南永昌-潮州,2024-05-15,9328
2356,英業達,129,23,106,華南永昌-潮州,2024-05-15,9328
2609,陽明,221,147,74,華南永昌-潮州,2024-05-15,9328
00679B,元大美債20年,74,0,74,華南永昌-潮州,2024-05-15,9328
2618,長榮航,68,11,57,華南永昌-潮州,2024-05-15,9328
00919,群益台灣精選高息,67,11,56,華南永昌-潮州,2024-05-15,9328
00937B,群益ESG投等債20,46,0,46,華南永昌-潮州,2024-05-15,9328
8299,群聯,39,2,37,華南永昌-潮州,2024-05-15,9328
00664R,國泰臺灣加權反1,35,0,35,華南永昌-潮州,2024-05-15,9328
2363,矽統,69,35,34,華南永昌-潮州,2024-05-15,9328
1467,南緯,30,0,30,華南永昌-潮州,2024-05-15,9328
4562,穎漢,31,1,30,華南永昌-潮州,2024-05-15,9328
2486,一詮,65,37,28,華南永昌-潮州,2024-05-15,9328
2405,輔信,60,33,27,華南永昌-潮州,2024-05-15,9328
2915,潤泰全,31,4,27,華南永昌-潮州,2024-05-15,9328
3059,華晶科,27,1,26,華南永昌-潮州,2024-05-15,9328
00929,復華台灣科技優息,33,10,23,華南永昌-潮州,2024-05-15,9328
00887,永豐中國科技50大,20,0,20,華南永昌-潮州,2024-05-15,9328
5608,四維航,22,2,20,華南永昌-潮州,2024-05-15,9328
2324,仁寶,71,52,19,華南永昌-潮州,2024-05-15,9328
00680L,元大美債20正2,18,0,18,華南永昌-潮州,2024-05-15,9328
1301,台塑,19,1,18,華南永昌-潮州,2024-05-15,9328
6188,廣明,21,6,15,華南永昌-潮州,2024-05-15,9328
1714,和桐,14,0,14,華南永昌-潮州,2024-05-15,9328
00878,國泰永續高股息,46,33,13,華南永昌-潮州,2024-05-15,9328
2485,兆赫,14,1,13,華南永昌-潮州,2024-05-15,9328
3356,奇偶,13,0,13,華南永昌-潮州,2024-05-15,9328
8054,安國,33,20,13,華南永昌-潮州,2024-05-15,9328
2630,亞航,24,12,12,華南永昌-潮州,2024-05-15,9328
3024,憶聲,13,1,12,華南永昌-潮州,2024-05-15,9328
3260,威剛,15,3,12,華南永昌-潮州,2024-05-15,9328
6753,龍德造船,23,11,12,華南永昌-潮州,2024-05-15,9328
2317,鴻海,51,40,11,華南永昌-潮州,2024-05-15,9328
00946,群益科技高息成長,13,2,11,華南永昌-潮州,2024-05-15,9328
1442,名軒,11,0,11,華南永昌-潮州,2024-05-15,9328
00932,兆豐永續高息等權,13,2,11,華南永昌-潮州,2024-05-15,9328
00715L,期街口布蘭特正2,11,0,11,華南永昌-潮州,2024-05-15,9328
3230,錦明,11,0,11,華南永昌-潮州,2024-05-15,9328
1785,光洋科,10,0,10,華南永昌-潮州,2024-05-15,9328
1319,東陽,10,0,10,華南永昌-潮州,2024-05-15,9328
1524,耿鼎,11,1,10,華南永昌-潮州,2024-05-15,9328
2323,中環,22,12,10,華南永昌-潮州,2024-05-15,9328
2425,承啟,12,2,10,華南永昌-潮州,2024-05-15,9328
2505,國揚,10,0,10,華南永昌-潮州,2024-05-15,9328
3694,海華,10,0,10,華南永昌-潮州,2024-05-15,9328
8034,榮群,10,0,10,華南永昌-潮州,2024-05-15,9328
8033,雷虎,16,6,10,華南永昌-潮州,2024-05-15,9328
3312,弘憶股,11,2,9,華南永昌-潮州,2024-05-15,9328
2374,佳能,14,5,9,華南永昌-潮州,2024-05-15,9328
00632R,元大台灣50反1,192,0,192,華南永昌-潮州,2024-05-16,9328
00878,國泰永續高股息,114,11,103,華南永昌-潮州,2024-05-16,9328
3231,緯創,114,16,98,華南永昌-潮州,2024-05-16,9328
00929,復華台灣科技優息,77,11,66,華南永昌-潮州,2024-05-16,9328
1815,富喬,51,2,49,華南永昌-潮州,2024-05-16,9328
2362,藍天,70,29,41,華南永昌-潮州,2024-05-16,9328
2405,輔信,45,12,33,華南永昌-潮州,2024-05-16,9328
00891,中信關鍵半導體,40,10,30,華南永昌-潮州,2024-05-16,9328
2882,國泰金,43,17,26,華南永昌-潮州,2024-05-16,9328
00673R,期元大S＆P原油反1,30,5,25,華南永昌-潮州,2024-05-16,9328
2903,遠百,73,50,23,華南永昌-潮州,2024-05-16,9328
8299,群聯,20,1,19,華南永昌-潮州,2024-05-16,9328
3706,神達,29,10,19,華南永昌-潮州,2024-05-16,9328
2355,敬鵬,32,13,19,華南永昌-潮州,2024-05-16,9328
2365,昆盈,54,35,19,華南永昌-潮州,2024-05-16,9328
6530,創威,22,3,19,華南永昌-潮州,2024-05-16,9328
00919,群益台灣精選高息,34,18,16,華南永昌-潮州,2024-05-16,9328
2838,聯邦銀,16,1,15,華南永昌-潮州,2024-05-16,9328
2464,盟立,18,4,14,華南永昌-潮州,2024-05-16,9328
2440,太空梭,22,8,14,華南永昌-潮州,2024-05-16,9328
2329,華泰,14,1,13,華南永昌-潮州,2024-05-16,9328
2382,廣達,17,5,12,華南永昌-潮州,2024-05-16,9328
00932,兆豐永續高息等權,12,0,12,華南永昌-潮州,2024-05-16,9328
2017,官田鋼,12,0,12,華南永昌-潮州,2024-05-16,9328
6928,攸泰科技,12,0,12,華南永昌-潮州,2024-05-16,9328
00731,復華富時高息低波,11,0,11,華南永昌-潮州,2024-05-16,9328
3234,光環,11,0,11,華南永昌-潮州,2024-05-16,9328
6026,福邦證,11,0,11,華南永昌-潮州,2024-05-16,9328
2301,光寶科,12,2,10,華南永昌-潮州,2024-05-16,9328
00720B,元大投資級公司債,11,1,10,華南永昌-潮州,2024-05-16,9328
00688L,國泰20年美債正2,10,0,10,華南永昌-潮州,2024-05-16,9328
1319,東陽,10,0,10,華南永昌-潮州,2024-05-16,9328
3051,力特,10,0,10,華南永昌-潮州,2024-05-16,9328
4562,穎漢,10,0,10,華南永昌-潮州,2024-05-16,9328
8111,立��,10,0,10,華南永昌-潮州,2024-05-16,9328
3305,昇貿,15,5,10,華南永昌-潮州,2024-05-16,9328
00902,中信電池及儲能,10,1,9,華南永昌-潮州,2024-05-16,9328
3546,宇峻,9,0,9,華南永昌-潮州,2024-05-16,9328
9945,潤泰新,24,15,9,華南永昌-潮州,2024-05-16,9328
2009,第一銅,16,8,8,華南永昌-潮州,2024-05-16,9328
2344,華邦電,21,13,8,華南永昌-潮州,2024-05-16,9328
2884,玉山金,8,0,8,華南永昌-潮州,2024-05-16,9328
3312,弘憶股,12,4,8,華南永昌-潮州,2024-05-16,9328
2101,南港,11,4,7,華南永昌-潮州,2024-05-16,9328
00944,野村趨勢動能高息,7,0,7,華南永昌-潮州,2024-05-16,9328
1612,宏泰,8,1,7,華南永昌-潮州,2024-05-16,9328
2014,中鴻,9,2,7,華南永昌-潮州,2024-05-16,9328
5475,德宏,7,0,7,華南永昌-潮州,2024-05-16,9328
8131,福懋科,7,0,7,華南永昌-潮州,2024-05-16,9328
3027,盛達,6,0,6,華南永昌-潮州,2024-05-16,9328
00929,復華台灣科技優息,200,0,200,華南永昌-潮州,2024-05-17,9328
5880,合庫金,151,0,151,華南永昌-潮州,2024-05-17,9328
00946,群益科技高息成長,103,0,103,華南永昌-潮州,2024-05-17,9328
3024,憶聲,100,0,100,華南永昌-潮州,2024-05-17,9328
00940,元大台灣價值高息,101,7,94,華南永昌-潮州,2024-05-17,9328
2618,長榮航,93,35,58,華南永昌-潮州,2024-05-17,9328
00878,國泰永續高股息,65,14,51,華南永昌-潮州,2024-05-17,9328
2834,臺企銀,44,1,43,華南永昌-潮州,2024-05-17,9328
00637L,元大滬深300正2,32,0,32,華南永昌-潮州,2024-05-17,9328
2374,佳能,94,62,32,華南永昌-潮州,2024-05-17,9328
6770,力積電,47,16,31,華南永昌-潮州,2024-05-17,9328
00937B,群益ESG投等債20,30,0,30,華南永昌-潮州,2024-05-17,9328
00632R,元大台灣50反1,34,4,30,華南永昌-潮州,2024-05-17,9328
00753L,中信中國50正2,26,0,26,華南永昌-潮州,2024-05-17,9328
1314,中石化,28,2,26,華南永昌-潮州,2024-05-17,9328
2408,南亞科,23,1,22,華南永昌-潮州,2024-05-17,9328
6414,樺漢,20,0,20,華南永昌-潮州,2024-05-17,9328
2409,友達,25,5,20,華南永昌-潮州,2024-05-17,9328
00939,統一台灣高息動能,17,1,16,華南永昌-潮州,2024-05-17,9328
00944,野村趨勢動能高息,16,0,16,華南永昌-潮州,2024-05-17,9328
2405,輔信,20,5,15,華南永昌-潮州,2024-05-17,9328
2357,華碩,14,0,14,華南永昌-潮州,2024-05-17,9328
1522,堤維西,19,5,14,華南永昌-潮州,2024-05-17,9328
2417,圓剛,16,2,14,華南永昌-潮州,2024-05-17,9328
1303,南亞,13,0,13,華南永昌-潮州,2024-05-17,9328
2440,太空梭,13,0,13,華南永昌-潮州,2024-05-17,9328
3059,華晶科,48,35,13,華南永昌-潮州,2024-05-17,9328
00655L,國泰中國A50正2,13,0,13,華南永昌-潮州,2024-05-17,9328
3706,神達,20,8,12,華南永昌-潮州,2024-05-17,9328
3607,谷崧,12,0,12,華南永昌-潮州,2024-05-17,9328
2356,英業達,17,6,11,華南永昌-潮州,2024-05-17,9328
1316,上曜,14,3,11,華南永昌-潮州,2024-05-17,9328
2838,聯邦銀,11,0,11,華南永昌-潮州,2024-05-17,9328
2344,華邦電,13,3,10,華南永昌-潮州,2024-05-17,9328
2308,台達電,10,0,10,華南永昌-潮州,2024-05-17,9328
00679B,元大美債20年,10,0,10,華南永昌-潮州,2024-05-17,9328
2017,官田鋼,10,0,10,華南永昌-潮州,2024-05-17,9328
2527,宏璟,22,12,10,華南永昌-潮州,2024-05-17,9328
9105,泰金寶-DR,11,2,9,華南永昌-潮州,2024-05-17,9328
4977,眾達-KY,33,24,9,華南永昌-潮州,2024-05-17,9328
2543,皇昌,50,42,8,華南永昌-潮州,2024-05-17,9328
3481,群創,8,0,8,華南永昌-潮州,2024-05-17,9328
8070,長華*,14,6,8,華南永昌-潮州,2024-05-17,9328
5392,能率,48,41,7,華南永昌-潮州,2024-05-17,9328
2365,昆盈,15,8,7,華南永昌-潮州,2024-05-17,9328
2611,志信,12,5,7,華南永昌-潮州,2024-05-17,9328
2630,亞航,13,6,7,華南永昌-潮州,2024-05-17,9328
3694,海華,8,1,7,華南永昌-潮州,2024-05-17,9328
6257,矽格,11,5,6,華南永昌-潮州,2024-05-17,9328
2009,第一銅,7,1,6,華南永昌-潮州,2024-05-17,9328
2392,正崴,407,5,402,華南永昌-潮州,2024-05-20,9328
2303,聯電,407,35,372,華南永昌-潮州,2024-05-20,9328
00929,復華台灣科技優息,189,3,186,華南永昌-潮州,2024-05-20,9328
2610,華航,203,102,101,華南永昌-潮州,2024-05-20,9328
00937B,群益ESG投等債20,89,0,89,華南永昌-潮州,2024-05-20,9328
00720B,元大投資級公司債,72,6,66,華南永昌-潮州,2024-05-20,9328
2618,長榮航,146,83,63,華南永昌-潮州,2024-05-20,9328
2834,臺企銀,84,28,56,華南永昌-潮州,2024-05-20,9328
00940,元大台灣價值高息,91,46,45,華南永昌-潮州,2024-05-20,9328
1101,台泥,41,1,40,華南永昌-潮州,2024-05-20,9328
6770,力積電,39,0,39,華南永昌-潮州,2024-05-20,9328
2880,華南金,42,6,36,華南永昌-潮州,2024-05-20,9328
00942B,台新美A公司債20+,34,0,34,華南永昌-潮州,2024-05-20,9328
2887,台新金,30,0,30,華南永昌-潮州,2024-05-20,9328
00946,群益科技高息成長,28,0,28,華南永昌-潮州,2024-05-20,9328
5392,能率,47,19,28,華南永昌-潮州,2024-05-20,9328
2809,京城銀,33,8,25,華南永昌-潮州,2024-05-20,9328
3294,英濟,42,18,24,華南永昌-潮州,2024-05-20,9328
3686,達能,24,0,24,華南永昌-潮州,2024-05-20,9328
6229,研通,24,0,24,華南永昌-潮州,2024-05-20,9328
00944,野村趨勢動能高息,22,0,22,華南永昌-潮州,2024-05-20,9328
00915,凱基優選高股息30,20,0,20,華南永昌-潮州,2024-05-20,9328
5203,訊連,20,0,20,華南永昌-潮州,2024-05-20,9328
5324,士開,20,0,20,華南永昌-潮州,2024-05-20,9328
2884,玉山金,31,12,19,華南永昌-潮州,2024-05-20,9328
2634,漢翔,46,27,19,華南永昌-潮州,2024-05-20,9328
3406,玉晶光,21,3,18,華南永昌-潮州,2024-05-20,9328
5475,德宏,18,0,18,華南永昌-潮州,2024-05-20,9328
4533,協易機,41,23,18,華南永昌-潮州,2024-05-20,9328
2367,燿華,61,46,15,華南永昌-潮州,2024-05-20,9328
00632R,元大台灣50反1,15,0,15,華南永昌-潮州,2024-05-20,9328
1608,華榮,58,44,14,華南永昌-潮州,2024-05-20,9328
3231,緯創,19,6,13,華南永昌-潮州,2024-05-20,9328
2382,廣達,17,4,13,華南永昌-潮州,2024-05-20,9328
2401,凌陽,16,3,13,華南永昌-潮州,2024-05-20,9328
2520,冠德,14,1,13,華南永昌-潮州,2024-05-20,9328
8016,矽創,13,0,13,華南永昌-潮州,2024-05-20,9328
2329,華泰,15,2,13,華南永昌-潮州,2024-05-20,9328
1514,亞力,13,1,12,華南永昌-潮州,2024-05-20,9328
1734,杏輝,12,0,12,華南永昌-潮州,2024-05-20,9328
4306,炎洲,12,0,12,華南永昌-潮州,2024-05-20,9328
2458,義隆,11,0,11,華南永昌-潮州,2024-05-20,9328
6509,聚和,11,0,11,華南永昌-潮州,2024-05-20,9328
2892,第一金,40,29,11,華南永昌-潮州,2024-05-20,9328
00795B,中信美國公債20年,10,0,10,華南永昌-潮州,2024-05-20,9328
2349,錸德,12,2,10,華南永昌-潮州,2024-05-20,9328
2903,遠百,10,0,10,華南永昌-潮州,2024-05-20,9328
5512,力麒,15,5,10,華南永昌-潮州,2024-05-20,9328
6116,彩晶,15,5,10,華南永昌-潮州,2024-05-20,9328
6282,康舒,22,12,10,華南永昌-潮州,2024-05-20,9328
00929,復華台灣科技優息,122,9,113,華南永昌-潮州,2024-05-21,9328
3059,華晶科,55,3,52,華南永昌-潮州,2024-05-21,9328
2328,廣宇,50,0,50,華南永昌-潮州,2024-05-21,9328
2363,矽統,126,87,39,華南永昌-潮州,2024-05-21,9328
00878,國泰永續高股息,38,3,35,華南永昌-潮州,2024-05-21,9328
00943,兆豐電子高息等權,33,0,33,華南永昌-潮州,2024-05-21,9328
1303,南亞,31,0,31,華南永昌-潮州,2024-05-21,9328
5203,訊連,30,0,30,華南永昌-潮州,2024-05-21,9328
2618,長榮航,61,39,22,華南永昌-潮州,2024-05-21,9328
2323,中環,23,1,22,華南永昌-潮州,2024-05-21,9328
2882,國泰金,26,5,21,華南永昌-潮州,2024-05-21,9328
00720B,元大投資級公司債,22,2,20,華南永昌-潮州,2024-05-21,9328
00665L,富邦�琤肭磪囓�2,19,0,19,華南永昌-潮州,2024-05-21,9328
1101,台泥,21,3,18,華南永昌-潮州,2024-05-21,9328
00937B,群益ESG投等債20,23,6,17,華南永昌-潮州,2024-05-21,9328
2634,漢翔,16,0,16,華南永昌-潮州,2024-05-21,9328
8096,擎亞,23,7,16,華南永昌-潮州,2024-05-21,9328
2834,臺企銀,15,0,15,華南永昌-潮州,2024-05-21,9328
2543,皇昌,47,32,15,華南永昌-潮州,2024-05-21,9328
00940,元大台灣價值高息,32,17,15,華南永昌-潮州,2024-05-21,9328
5880,合庫金,19,5,14,華南永昌-潮州,2024-05-21,9328
2547,日勝生,13,0,13,華南永昌-潮州,2024-05-21,9328
2892,第一金,13,0,13,華南永昌-潮州,2024-05-21,9328
4533,協易機,46,33,13,華南永昌-潮州,2024-05-21,9328
2890,永豐金,13,0,13,華南永昌-潮州,2024-05-21,9328
1611,中電,13,1,12,華南永昌-潮州,2024-05-21,9328
3305,昇貿,12,0,12,華南永昌-潮州,2024-05-21,9328
2337,旺宏,11,0,11,華南永昌-潮州,2024-05-21,9328
2355,敬鵬,11,0,11,華南永昌-潮州,2024-05-21,9328
4513,福裕,11,0,11,華南永昌-潮州,2024-05-21,9328
4909,新復興,12,1,11,華南永昌-潮州,2024-05-21,9328
5521,工信,12,1,11,華南永昌-潮州,2024-05-21,9328
2903,遠百,10,0,10,華南永昌-潮州,2024-05-21,9328
00942B,台新美A公司債20+,10,0,10,華南永昌-潮州,2024-05-21,9328
00946,群益科技高息成長,10,0,10,華南永昌-潮州,2024-05-21,9328
1605,華新,28,18,10,華南永昌-潮州,2024-05-21,9328
2104,國際中橡,10,0,10,華南永昌-潮州,2024-05-21,9328
2324,仁寶,13,3,10,華南永昌-潮州,2024-05-21,9328
6505,台塑化,10,0,10,華南永昌-潮州,2024-05-21,9328
6533,晶心科,10,0,10,華南永昌-潮州,2024-05-21,9328
6546,正基,10,0,10,華南永昌-潮州,2024-05-21,9328
8438,昶昕,10,0,10,華南永昌-潮州,2024-05-21,9328
2603,長榮,15,6,9,華南永昌-潮州,2024-05-21,9328
2371,大同,13,4,9,華南永昌-潮州,2024-05-21,9328
2382,廣達,14,5,9,華南永昌-潮州,2024-05-21,9328
4952,凌通,9,0,9,華南永昌-潮州,2024-05-21,9328
2329,華泰,17,9,8,華南永昌-潮州,2024-05-21,9328
2409,友達,9,0,9,華南永昌-潮州,2024-05-21,9328
1316,上曜,10,2,8,華南永昌-潮州,2024-05-21,9328
1721,三晃,8,0,8,華南永昌-潮州,2024-05-21,9328
1516,川飛,123,0,123,華南永昌-潮州,2024-05-22,9328
3059,華晶科,137,28,109,華南永昌-潮州,2024-05-22,9328
2867,三商壽,98,0,98,華南永昌-潮州,2024-05-22,9328
00632R,元大台灣50反1,89,0,89,華南永昌-潮州,2024-05-22,9328
3481,群創,132,51,81,華南永昌-潮州,2024-05-22,9328
1533,車王電,78,0,78,華南永昌-潮州,2024-05-22,9328
00937B,群益ESG投等債20,74,0,74,華南永昌-潮州,2024-05-22,9328
2489,瑞軒,62,14,48,華南永昌-潮州,2024-05-22,9328
3090,日電貿,50,2,48,華南永昌-潮州,2024-05-22,9328
2883,凱基金,40,1,39,華南永昌-潮州,2024-05-22,9328
3024,憶聲,32,0,32,華南永昌-潮州,2024-05-22,9328
1303,南亞,32,1,31,華南永昌-潮州,2024-05-22,9328
1467,南緯,30,0,30,華南永昌-潮州,2024-05-22,9328
2312,金寶,33,3,30,華南永昌-潮州,2024-05-22,9328
4526,東台,30,2,28,華南永昌-潮州,2024-05-22,9328
5230,雷笛克光學,28,0,28,華南永昌-潮州,2024-05-22,9328
6229,研通,37,10,27,華南永昌-潮州,2024-05-22,9328
2618,長榮航,64,39,25,華南永昌-潮州,2024-05-22,9328
2634,漢翔,24,0,24,華南永昌-潮州,2024-05-22,9328
3005,神基,25,5,20,華南永昌-潮州,2024-05-22,9328
1513,中興電,23,3,20,華南永昌-潮州,2024-05-22,9328
00715L,期街口布蘭特正2,19,0,19,華南永昌-潮州,2024-05-22,9328
6116,彩晶,28,10,18,華南永昌-潮州,2024-05-22,9328
2610,華航,33,16,17,華南永昌-潮州,2024-05-22,9328
2880,華南金,16,0,16,華南永昌-潮州,2024-05-22,9328
8150,南茂,15,0,15,華南永昌-潮州,2024-05-22,9328
6125,廣運,28,13,15,華南永昌-潮州,2024-05-22,9328
2885,元大金,18,4,14,華南永昌-潮州,2024-05-22,9328
2002,中鋼,20,7,13,華南永昌-潮州,2024-05-22,9328
5347,世界,16,3,13,華南永昌-潮州,2024-05-22,9328
6126,信音,13,1,12,華南永昌-潮州,2024-05-22,9328
2486,一詮,29,18,11,華南永昌-潮州,2024-05-22,9328
2374,佳能,51,40,11,華南永昌-潮州,2024-05-22,9328
3338,泰碩,14,3,11,華南永昌-潮州,2024-05-22,9328
3707,漢磊,11,0,11,華南永昌-潮州,2024-05-22,9328
4111,濟生,23,12,11,華南永昌-潮州,2024-05-22,9328
1229,聯華,10,0,10,華南永昌-潮州,2024-05-22,9328
1909,榮成,10,0,10,華南永昌-潮州,2024-05-22,9328
2014,中鴻,15,5,10,華南永昌-潮州,2024-05-22,9328
2017,官田鋼,10,0,10,華南永昌-潮州,2024-05-22,9328
2881,富邦金,10,0,10,華南永昌-潮州,2024-05-22,9328
3013,晟銘電,46,36,10,華南永昌-潮州,2024-05-22,9328
9105,泰金寶-DR,10,0,10,華南永昌-潮州,2024-05-22,9328
5469,瀚宇博,11,2,9,華南永昌-潮州,2024-05-22,9328
1608,華榮,13,5,8,華南永昌-潮州,2024-05-22,9328
00941,中信上游半導體,13,5,8,華南永昌-潮州,2024-05-22,9328
8110,華東,12,4,8,華南永昌-潮州,2024-05-22,9328
8112,至上,12,4,8,華南永昌-潮州,2024-05-22,9328
1752,南光,16,9,7,華南永昌-潮州,2024-05-22,9328
00944,野村趨勢動能高息,7,0,7,華南永昌-潮州,2024-05-22,9328
00632R,元大台灣50反1,282,1,281,華南永昌-潮州,2024-05-23,9328
00919,群益台灣精選高息,237,20,217,華南永昌-潮州,2024-05-23,9328
3481,群創,152,3,149,華南永昌-潮州,2024-05-23,9328
2324,仁寶,75,4,71,華南永昌-潮州,2024-05-23,9328
00937B,群益ESG投等債20,68,0,68,華南永昌-潮州,2024-05-23,9328
2353,宏��,213,147,66,華南永昌-潮州,2024-05-23,9328
5880,合庫金,64,1,63,華南永昌-潮州,2024-05-23,9328
00929,復華台灣科技優息,78,19,59,華南永昌-潮州,2024-05-23,9328
1516,川飛,57,0,57,華南永昌-潮州,2024-05-23,9328
3059,華晶科,49,8,41,華南永昌-潮州,2024-05-23,9328
2009,第一銅,101,62,39,華南永昌-潮州,2024-05-23,9328
2883,凱基金,37,1,36,華南永昌-潮州,2024-05-23,9328
00637L,元大滬深300正2,31,0,31,華南永昌-潮州,2024-05-23,9328
1303,南亞,28,0,28,華南永昌-潮州,2024-05-23,9328
2002,中鋼,28,1,27,華南永昌-潮州,2024-05-23,9328
00946,群益科技高息成長,29,3,26,華南永昌-潮州,2024-05-23,9328
00944,野村趨勢動能高息,26,0,26,華南永昌-潮州,2024-05-23,9328
1301,台塑,23,0,23,華南永昌-潮州,2024-05-23,9328
2356,英業達,23,1,22,華南永昌-潮州,2024-05-23,9328
2409,友達,21,1,20,華南永昌-潮州,2024-05-23,9328
00715L,期街口布蘭特正2,20,0,20,華南永昌-潮州,2024-05-23,9328
2014,中鴻,20,0,20,華南永昌-潮州,2024-05-23,9328
2547,日勝生,21,1,20,華南永昌-潮州,2024-05-23,9328
2464,盟立,32,13,19,華南永昌-潮州,2024-05-23,9328
5443,均豪,20,2,18,華南永昌-潮州,2024-05-23,9328
6234,高僑,24,6,18,華南永昌-潮州,2024-05-23,9328
8027,鈦昇,18,0,18,華南永昌-潮州,2024-05-23,9328
2834,臺企銀,17,0,17,華南永昌-潮州,2024-05-23,9328
1609,大亞,19,2,17,華南永昌-潮州,2024-05-23,9328
4541,晟田,17,1,16,華南永昌-潮州,2024-05-23,9328
3483,力致,16,0,16,華南永昌-潮州,2024-05-23,9328
2511,太子,15,0,15,華南永昌-潮州,2024-05-23,9328
2363,矽統,30,15,15,華南永昌-潮州,2024-05-23,9328
2881,富邦金,20,6,14,華南永昌-潮州,2024-05-23,9328
5521,工信,14,0,14,華南永昌-潮州,2024-05-23,9328
1810,和成,21,8,13,華南永昌-潮州,2024-05-23,9328
2610,華航,13,0,13,華南永昌-潮州,2024-05-23,9328
2101,南港,12,0,12,華南永昌-潮州,2024-05-23,9328
8936,國統,17,5,12,華南永昌-潮州,2024-05-23,9328
3013,晟銘電,35,23,12,華南永昌-潮州,2024-05-23,9328
3231,緯創,22,10,12,華南永昌-潮州,2024-05-23,9328
00665L,富邦�琤肭磪囓�2,12,0,12,華南永昌-潮州,2024-05-23,9328
5469,瀚宇博,12,0,12,華南永昌-潮州,2024-05-23,9328
1608,華榮,14,2,12,華南永昌-潮州,2024-05-23,9328
6139,亞翔,11,0,11,華南永昌-潮州,2024-05-23,9328
2367,燿華,23,12,11,華南永昌-潮州,2024-05-23,9328
1909,榮成,15,4,11,華南永昌-潮州,2024-05-23,9328
6209,今國光,15,4,11,華南永昌-潮州,2024-05-23,9328
8034,榮群,11,0,11,華南永昌-潮州,2024-05-23,9328
1101,台泥,12,1,11,華南永昌-潮州,2024-05-23,9328
00929,復華台灣科技優息,233,67,166,華南永昌-潮州,2024-05-24,9328
00937B,群益ESG投等債20,109,2,107,華南永昌-潮州,2024-05-24,9328
2610,華航,108,37,71,華南永昌-潮州,2024-05-24,9328
1815,富喬,204,142,62,華南永昌-潮州,2024-05-24,9328
00942B,台新美A公司債20+,61,0,61,華南永昌-潮州,2024-05-24,9328
2002,中鋼,44,1,43,華南永昌-潮州,2024-05-24,9328
00940,元大台灣價值高息,50,15,35,華南永昌-潮州,2024-05-24,9328
2367,燿華,53,19,34,華南永昌-潮州,2024-05-24,9328
00712,復華富時不動產,30,0,30,華南永昌-潮州,2024-05-24,9328
2312,金寶,32,2,30,華南永昌-潮州,2024-05-24,9328
2888,新光金,30,0,30,華南永昌-潮州,2024-05-24,9328
2891,中信金,31,1,30,華南永昌-潮州,2024-05-24,9328
3673,TPK-KY,30,0,30,華南永昌-潮州,2024-05-24,9328
9945,潤泰新,32,3,29,華南永昌-潮州,2024-05-24,9328
2409,友達,53,25,28,華南永昌-潮州,2024-05-24,9328
4967,十銓,44,16,28,華南永昌-潮州,2024-05-24,9328
2486,一詮,94,68,26,華南永昌-潮州,2024-05-24,9328
3202,樺晟,25,0,25,華南永昌-潮州,2024-05-24,9328
6209,今國光,26,1,25,華南永昌-潮州,2024-05-24,9328
6167,久正,22,0,22,華南永昌-潮州,2024-05-24,9328
6770,力積電,20,0,20,華南永昌-潮州,2024-05-24,9328
1303,南亞,16,0,16,華南永昌-潮州,2024-05-24,9328
6235,華孚,18,5,13,華南永昌-潮州,2024-05-24,9328
2634,漢翔,12,0,12,華南永昌-潮州,2024-05-24,9328
2887,台新金,12,0,12,華南永昌-潮州,2024-05-24,9328
3312,弘憶股,15,3,12,華南永昌-潮州,2024-05-24,9328
8064,東捷,21,9,12,華南永昌-潮州,2024-05-24,9328
2497,怡利電,15,3,12,華南永昌-潮州,2024-05-24,9328
6505,台塑化,11,0,11,華南永昌-潮州,2024-05-24,9328
00795B,中信美國公債20年,11,0,11,華南永昌-潮州,2024-05-24,9328
4934,太極,11,0,11,華南永昌-潮州,2024-05-24,9328
2618,長榮航,13,3,10,華南永昌-潮州,2024-05-24,9328
00706L,期元大S＆P日圓正2,10,0,10,華南永昌-潮州,2024-05-24,9328
2889,國票金,10,0,10,華南永昌-潮州,2024-05-24,9328
3047,訊舟,17,7,10,華南永昌-潮州,2024-05-24,9328
4736,泰博,10,0,10,華南永昌-潮州,2024-05-24,9328
6431,光麗-KY,10,0,10,華南永昌-潮州,2024-05-24,9328
6753,龍德造船,10,0,10,華南永昌-潮州,2024-05-24,9328
00919,群益台灣精選高息,27,18,9,華南永昌-潮州,2024-05-24,9328
00715L,期街口布蘭特正2,9,0,9,華南永昌-潮州,2024-05-24,9328
5880,合庫金,8,0,8,華南永昌-潮州,2024-05-24,9328
4543,萬在,24,16,8,華南永昌-潮州,2024-05-24,9328
2303,聯電,28,20,8,華南永昌-潮州,2024-05-24,9328
3163,波若威,17,9,8,華南永昌-潮州,2024-05-24,9328
00720B,元大投資級公司債,10,2,8,華南永昌-潮州,2024-05-24,9328
2241,艾姆勒,8,1,7,華南永昌-潮州,2024-05-24,9328
8034,榮群,7,0,7,華南永昌-潮州,2024-05-24,9328
6125,廣運,15,8,7,華南永昌-潮州,2024-05-24,9328
2892,第一金,6,0,6,華南永昌-潮州,2024-05-24,9328
00753L,中信中國50正2,6,0,6,華南永昌-潮州,2024-05-24,9328
2317,鴻海,183,18,165,華南永昌-潮州,2024-05-27,9328
2489,瑞軒,127,33,94,華南永昌-潮州,2024-05-27,9328
00946,群益科技高息成長,65,0,65,華南永昌-潮州,2024-05-27,9328
2206,三陽工業,55,0,55,華南永昌-潮州,2024-05-27,9328
00937B,群益ESG投等債20,58,5,53,華南永昌-潮州,2024-05-27,9328
2002,中鋼,44,1,43,華南永昌-潮州,2024-05-27,9328
00632R,元大台灣50反1,38,0,38,華南永昌-潮州,2024-05-27,9328
3481,群創,66,28,38,華南永昌-潮州,2024-05-27,9328
2610,華航,37,4,33,華南永昌-潮州,2024-05-27,9328
2353,宏��,80,51,29,華南永昌-潮州,2024-05-27,9328
00675L,富邦臺灣加權正2,29,0,29,華南永昌-潮州,2024-05-27,9328
2324,仁寶,50,22,28,華南永昌-潮州,2024-05-27,9328
00679B,元大美債20年,27,1,26,華南永昌-潮州,2024-05-27,9328
5443,均豪,26,4,22,華南永昌-潮州,2024-05-27,9328
2369,菱生,23,2,21,華南永昌-潮州,2024-05-27,9328
3047,訊舟,42,21,21,華南永昌-潮州,2024-05-27,9328
2363,矽統,75,55,20,華南永昌-潮州,2024-05-27,9328
00897,富邦基因免疫生技,20,0,20,華南永昌-潮州,2024-05-27,9328
00706L,期元大S＆P日圓正2,20,0,20,華南永昌-潮州,2024-05-27,9328
1314,中石化,21,1,20,華南永昌-潮州,2024-05-27,9328
00929,復華台灣科技優息,75,56,19,華南永昌-潮州,2024-05-27,9328
2543,皇昌,61,42,19,華南永昌-潮州,2024-05-27,9328
00857B,永豐20年美公債,20,3,17,華南永昌-潮州,2024-05-27,9328
912000,晨訊科-DR,21,5,16,華南永昌-潮州,2024-05-27,9328
2486,一詮,29,13,16,華南永昌-潮州,2024-05-27,9328
2332,友訊,15,0,15,華南永昌-潮州,2024-05-27,9328
5355,佳總,15,0,15,華南永昌-潮州,2024-05-27,9328
2417,圓剛,22,9,13,華南永昌-潮州,2024-05-27,9328
1815,富喬,42,29,13,華南永昌-潮州,2024-05-27,9328
1609,大亞,13,1,12,華南永昌-潮州,2024-05-27,9328
3024,憶聲,15,3,12,華南永昌-潮州,2024-05-27,9328
5347,世界,12,0,12,華南永昌-潮州,2024-05-27,9328
5410,國眾,12,0,12,華南永昌-潮州,2024-05-27,9328
8150,南茂,12,0,12,華南永昌-潮州,2024-05-27,9328
1303,南亞,11,0,11,華南永昌-潮州,2024-05-27,9328
2641,正德,13,2,11,華南永昌-潮州,2024-05-27,9328
3535,晶彩科,11,0,11,華南永昌-潮州,2024-05-27,9328
00924,復華S＆P500成長,10,0,10,華南永昌-潮州,2024-05-27,9328
2009,第一銅,24,14,10,華南永昌-潮州,2024-05-27,9328
2495,普安,17,7,10,華南永昌-潮州,2024-05-27,9328
2634,漢翔,10,0,10,華南永昌-潮州,2024-05-27,9328
3005,神基,10,0,10,華南永昌-潮州,2024-05-27,9328
5340,建榮,10,0,10,華南永昌-潮州,2024-05-27,9328
2367,燿華,27,17,10,華南永昌-潮州,2024-05-27,9328
2308,台達電,12,3,9,華南永昌-潮州,2024-05-27,9328
3406,玉晶光,10,1,9,華南永昌-潮州,2024-05-27,9328
2025,千興,11,2,9,華南永昌-潮州,2024-05-27,9328
2613,中櫃,9,0,9,華南永昌-潮州,2024-05-27,9328
2745,五福,9,0,9,華南永昌-潮州,2024-05-27,9328
2867,三商壽,9,0,9,華南永昌-潮州,2024-05-27,9328
5302,太欣,200,5,195,華南永昌-潮州,2024-05-28,9328
00940,元大台灣價值高息,174,57,117,華南永昌-潮州,2024-05-28,9328
00946,群益科技高息成長,70,0,70,華南永昌-潮州,2024-05-28,9328
00937B,群益ESG投等債20,66,0,66,華南永昌-潮州,2024-05-28,9328
00919,群益台灣精選高息,91,34,57,華南永昌-潮州,2024-05-28,9328
2543,皇昌,70,18,52,華南永昌-潮州,2024-05-28,9328
2363,矽統,89,39,50,華南永昌-潮州,2024-05-28,9328
2353,宏��,71,28,43,華南永昌-潮州,2024-05-28,9328
00882,中信中國高股息,42,0,42,華南永昌-潮州,2024-05-28,9328
2354,鴻準,170,130,40,華南永昌-潮州,2024-05-28,9328
2618,長榮航,77,37,40,華南永昌-潮州,2024-05-28,9328
2610,華航,193,159,34,華南永昌-潮州,2024-05-28,9328
6456,GIS-KY,35,3,32,華南永昌-潮州,2024-05-28,9328
00632R,元大台灣50反1,36,5,31,華南永昌-潮州,2024-05-28,9328
00720B,元大投資級公司債,24,0,24,華南永昌-潮州,2024-05-28,9328
2324,仁寶,26,3,23,華南永昌-潮州,2024-05-28,9328
8064,東捷,30,10,20,華南永昌-潮州,2024-05-28,9328
2603,長榮,28,8,20,華南永昌-潮州,2024-05-28,9328
00753L,中信中國50正2,21,2,19,華南永昌-潮州,2024-05-28,9328
00915,凱基優選高股息30,15,0,15,華南永昌-潮州,2024-05-28,9328
3202,樺晟,17,2,15,華南永昌-潮州,2024-05-28,9328
3024,憶聲,15,0,15,華南永昌-潮州,2024-05-28,9328
2888,新光金,19,6,13,華南永昌-潮州,2024-05-28,9328
1514,亞力,13,2,11,華南永昌-潮州,2024-05-28,9328
00751B,元大AAA至A公司債,11,0,11,華南永昌-潮州,2024-05-28,9328
00942B,台新美A公司債20+,11,0,11,華南永昌-潮州,2024-05-28,9328
1210,大成,11,0,11,華南永昌-潮州,2024-05-28,9328
2367,燿華,18,7,11,華南永昌-潮州,2024-05-28,9328
6269,台郡,11,0,11,華南永昌-潮州,2024-05-28,9328
2009,第一銅,23,13,10,華南永昌-潮州,2024-05-28,9328
4303,信立,26,16,10,華南永昌-潮州,2024-05-28,9328
8096,擎亞,10,0,10,華南永昌-潮州,2024-05-28,9328
8938,明安,10,0,10,華南永昌-潮州,2024-05-28,9328
2527,宏璟,10,0,10,華南永昌-潮州,2024-05-28,9328
2301,光寶科,17,7,10,華南永昌-潮州,2024-05-28,9328
2340,台亞,9,0,9,華南永昌-潮州,2024-05-28,9328
3714,富采,9,0,9,華南永昌-潮州,2024-05-28,9328
8234,新漢,10,1,9,華南永昌-潮州,2024-05-28,9328
2002,中鋼,12,4,8,華南永昌-潮州,2024-05-28,9328
3044,健鼎,8,0,8,華南永昌-潮州,2024-05-28,9328
2313,華通,8,0,8,華南永昌-潮州,2024-05-28,9328
00679B,元大美債20年,8,0,8,華南永昌-潮州,2024-05-28,9328
2206,三陽工業,13,5,8,華南永昌-潮州,2024-05-28,9328
2409,友達,8,0,8,華南永昌-潮州,2024-05-28,9328
4105,東洋,8,0,8,華南永昌-潮州,2024-05-28,9328
6215,和椿,36,28,8,華南永昌-潮州,2024-05-28,9328
6207,雷科,32,24,8,華南永昌-潮州,2024-05-28,9328
2464,盟立,25,18,7,華南永昌-潮州,2024-05-28,9328
2330,台積電,8,1,7,華南永昌-潮州,2024-05-28,9328
3357,臺慶科,7,0,7,華南永昌-潮州,2024-05-28,9328
2543,皇昌,186,41,145,華南永昌-潮州,2024-05-29,9328
00940,元大台灣價值高息,157,15,142,華南永昌-潮州,2024-05-29,9328
00937B,群益ESG投等債20,109,0,109,華南永昌-潮州,2024-05-29,9328
2301,光寶科,93,8,85,華南永昌-潮州,2024-05-29,9328
6189,豐藝,95,12,83,華南永昌-潮州,2024-05-29,9328
2888,新光金,60,1,59,華南永昌-潮州,2024-05-29,9328
2353,宏��,84,26,58,華南永昌-潮州,2024-05-29,9328
2489,瑞軒,241,186,55,華南永昌-潮州,2024-05-29,9328
2312,金寶,53,1,52,華南永昌-潮州,2024-05-29,9328
2880,華南金,51,0,51,華南永昌-潮州,2024-05-29,9328
5302,太欣,50,0,50,華南永昌-潮州,2024-05-29,9328
00679B,元大美債20年,45,0,45,華南永昌-潮州,2024-05-29,9328
00650L,復華香港正2,93,50,43,華南永昌-潮州,2024-05-29,9328
3380,明泰,47,5,42,華南永昌-潮州,2024-05-29,9328
2025,千興,40,0,40,華南永昌-潮州,2024-05-29,9328
2515,中工,65,27,38,華南永昌-潮州,2024-05-29,9328
00878,國泰永續高股息,37,0,37,華南永昌-潮州,2024-05-29,9328
00919,群益台灣精選高息,69,37,32,華南永昌-潮州,2024-05-29,9328
00857B,永豐20年美公債,30,0,30,華南永昌-潮州,2024-05-29,9328
00673R,期元大S＆P原油反1,30,0,30,華南永昌-潮州,2024-05-29,9328
2634,漢翔,30,0,30,華南永昌-潮州,2024-05-29,9328
2882,國泰金,30,0,30,華南永昌-潮州,2024-05-29,9328
2002,中鋼,27,1,26,華南永昌-潮州,2024-05-29,9328
00946,群益科技高息成長,25,0,25,華南永昌-潮州,2024-05-29,9328
00687B,國泰20年美債,25,1,24,華南永昌-潮州,2024-05-29,9328
2495,普安,26,2,24,華南永昌-潮州,2024-05-29,9328
3002,歐格,24,0,24,華南永昌-潮州,2024-05-29,9328
3024,憶聲,20,0,20,華南永昌-潮州,2024-05-29,9328
2401,凌陽,59,40,19,華南永昌-潮州,2024-05-29,9328
2886,兆豐金,19,0,19,華南永昌-潮州,2024-05-29,9328
2615,萬海,30,11,19,華南永昌-潮州,2024-05-29,9328
3047,訊舟,41,23,18,華南永昌-潮州,2024-05-29,9328
2363,矽統,61,43,18,華南永昌-潮州,2024-05-29,9328
2340,台亞,17,0,17,華南永昌-潮州,2024-05-29,9328
2610,華航,89,72,17,華南永昌-潮州,2024-05-29,9328
2867,三商壽,22,5,17,華南永昌-潮州,2024-05-29,9328
4306,炎洲,17,0,17,華南永昌-潮州,2024-05-29,9328
00897,富邦基因免疫生技,16,0,16,華南永昌-潮州,2024-05-29,9328
3481,群創,29,14,15,華南永昌-潮州,2024-05-29,9328
5608,四維航,51,36,15,華南永昌-潮州,2024-05-29,9328
2801,彰銀,15,0,15,華南永昌-潮州,2024-05-29,9328
2834,臺企銀,14,0,14,華南永昌-潮州,2024-05-29,9328
0056,元大高股息,15,1,14,華南永昌-潮州,2024-05-29,9328
00720B,元大投資級公司債,26,12,14,華南永昌-潮州,2024-05-29,9328
2641,正德,22,9,13,華南永昌-潮州,2024-05-29,9328
3021,鴻名,13,0,13,華南永昌-潮州,2024-05-29,9328
2317,鴻海,19,6,13,華南永昌-潮州,2024-05-29,9328
1618,合機,12,0,12,華南永昌-潮州,2024-05-29,9328
2883,凱基金,11,0,11,華南永昌-潮州,2024-05-29,9328
00942B,台新美A公司債20+,11,0,11,華南永昌-潮州,2024-05-29,9328
1815,富喬,327,122,205,華南永昌-潮州,2024-05-30,9328
2489,瑞軒,106,12,94,華南永昌-潮州,2024-05-30,9328
00937B,群益ESG投等債20,95,1,94,華南永昌-潮州,2024-05-30,9328
00650L,復華香港正2,93,1,92,華南永昌-潮州,2024-05-30,9328
6160,欣技,59,1,58,華南永昌-潮州,2024-05-30,9328
2613,中櫃,57,0,57,華南永昌-潮州,2024-05-30,9328
2916,滿心,55,0,55,華南永昌-潮州,2024-05-30,9328
2606,裕民,53,1,52,華南永昌-潮州,2024-05-30,9328
2610,華航,77,28,49,華南永昌-潮州,2024-05-30,9328
2002,中鋼,48,0,48,華南永昌-潮州,2024-05-30,9328
1303,南亞,33,0,33,華南永昌-潮州,2024-05-30,9328
2891,中信金,29,0,29,華南永昌-潮州,2024-05-30,9328
2834,臺企銀,28,0,28,華南永昌-潮州,2024-05-30,9328
1409,新纖,28,0,28,華南永昌-潮州,2024-05-30,9328
00679B,元大美債20年,28,1,27,華南永昌-潮州,2024-05-30,9328
00712,復華富時不動產,26,0,26,華南永昌-潮州,2024-05-30,9328
2354,鴻準,42,18,24,華南永昌-潮州,2024-05-30,9328
1314,中石化,27,3,24,華南永昌-潮州,2024-05-30,9328
5009,榮剛,23,0,23,華南永昌-潮州,2024-05-30,9328
00878,國泰永續高股息,25,3,22,華南永昌-潮州,2024-05-30,9328
00942B,台新美A公司債20+,20,0,20,華南永昌-潮州,2024-05-30,9328
1326,台化,20,0,20,華南永昌-潮州,2024-05-30,9328
00882,中信中國高股息,19,0,19,華南永昌-潮州,2024-05-30,9328
2867,三商壽,21,2,19,華南永昌-潮州,2024-05-30,9328
3511,矽瑪,19,0,19,華南永昌-潮州,2024-05-30,9328
2367,燿華,23,5,18,華南永昌-潮州,2024-05-30,9328
3686,達能,19,1,18,華南永昌-潮州,2024-05-30,9328
2880,華南金,17,0,17,華南永昌-潮州,2024-05-30,9328
2618,長榮航,19,2,17,華南永昌-潮州,2024-05-30,9328
3231,緯創,20,4,16,華南永昌-潮州,2024-05-30,9328
2609,陽明,16,0,16,華南永昌-潮州,2024-05-30,9328
2353,宏��,46,30,16,華南永昌-潮州,2024-05-30,9328
3321,同泰,16,0,16,華南永昌-潮州,2024-05-30,9328
00665L,富邦�琤肭磪囓�2,16,0,16,華南永昌-潮州,2024-05-30,9328
2605,新興,58,42,16,華南永昌-潮州,2024-05-30,9328
5880,合庫金,16,0,16,華南永昌-潮州,2024-05-30,9328
2363,矽統,74,58,16,華南永昌-潮州,2024-05-30,9328
6189,豐藝,15,1,14,華南永昌-潮州,2024-05-30,9328
2014,中鴻,15,1,14,華南永昌-潮州,2024-05-30,9328
2538,基泰,13,0,13,華南永昌-潮州,2024-05-30,9328
2313,華通,14,2,12,華南永昌-潮州,2024-05-30,9328
00936,台新永續高息中小,12,0,12,華南永昌-潮州,2024-05-30,9328
2641,正德,15,3,12,華南永昌-潮州,2024-05-30,9328
3041,揚智,14,2,12,華南永昌-潮州,2024-05-30,9328
4127,天良,12,0,12,華南永昌-潮州,2024-05-30,9328
4714,永捷,12,0,12,華南永昌-潮州,2024-05-30,9328
2886,兆豐金,12,0,12,華南永昌-潮州,2024-05-30,9328
2323,中環,11,0,11,華南永昌-潮州,2024-05-30,9328
5512,力麒,11,0,11,華南永昌-潮州,2024-05-30,9328
2330,台積電,11,1,10,華南永昌-潮州,2024-05-30,9328
8438,昶昕,92,1,91,華南永昌-潮州,2024-05-31,9328
00940,元大台灣價值高息,86,14,72,華南永昌-潮州,2024-05-31,9328
3047,訊舟,71,10,61,華南永昌-潮州,2024-05-31,9328
00712,復華富時不動產,60,0,60,華南永昌-潮州,2024-05-31,9328
2609,陽明,149,94,55,華南永昌-潮州,2024-05-31,9328
2543,皇昌,67,15,52,華南永昌-潮州,2024-05-31,9328
2409,友達,45,0,45,華南永昌-潮州,2024-05-31,9328
00680L,元大美債20正2,46,3,43,華南永昌-潮州,2024-05-31,9328
2834,臺企銀,47,5,42,華南永昌-潮州,2024-05-31,9328
00929,復華台灣科技優息,76,37,39,華南永昌-潮州,2024-05-31,9328
9105,泰金寶-DR,40,1,39,華南永昌-潮州,2024-05-31,9328
2317,鴻海,45,8,37,華南永昌-潮州,2024-05-31,9328
00946,群益科技高息成長,43,10,33,華南永昌-潮州,2024-05-31,9328
00919,群益台灣精選高息,50,20,30,華南永昌-潮州,2024-05-31,9328
5608,四維航,39,14,25,華南永昌-潮州,2024-05-31,9328
1815,富喬,134,110,24,華南永昌-潮州,2024-05-31,9328
3231,緯創,39,16,23,華南永昌-潮州,2024-05-31,9328
8112,至上,22,0,22,華南永昌-潮州,2024-05-31,9328
2301,光寶科,25,4,21,華南永昌-潮州,2024-05-31,9328
2331,精英,41,21,20,華南永昌-潮州,2024-05-31,9328
2303,聯電,21,2,19,華南永昌-潮州,2024-05-31,9328
2356,英業達,21,2,19,華南永昌-潮州,2024-05-31,9328
2344,華邦電,20,1,19,華南永昌-潮州,2024-05-31,9328
2363,矽統,35,16,19,華南永昌-潮州,2024-05-31,9328
8299,群聯,20,2,18,華南永昌-潮州,2024-05-31,9328
2353,宏��,35,17,18,華南永昌-潮州,2024-05-31,9328
3450,聯鈞,36,20,16,華南永昌-潮州,2024-05-31,9328
2002,中鋼,17,2,15,華南永昌-潮州,2024-05-31,9328
00715L,期街口布蘭特正2,15,0,15,華南永昌-潮州,2024-05-31,9328
2481,強茂,15,0,15,華南永昌-潮州,2024-05-31,9328
2603,長榮,21,7,14,華南永昌-潮州,2024-05-31,9328
1301,台塑,13,0,13,華南永昌-潮州,2024-05-31,9328
2367,燿華,74,61,13,華南永昌-潮州,2024-05-31,9328
2369,菱生,13,0,13,華南永昌-潮州,2024-05-31,9328
2615,萬海,23,10,13,華南永昌-潮州,2024-05-31,9328
3287,廣寰科,12,0,12,華南永昌-潮州,2024-05-31,9328
00915,凱基優選高股息30,12,0,12,華南永昌-潮州,2024-05-31,9328
2492,華新科,11,0,11,華南永昌-潮州,2024-05-31,9328
2405,輔信,46,35,11,華南永昌-潮州,2024-05-31,9328
2382,廣達,19,9,10,華南永昌-潮州,2024-05-31,9328
00939,統一台灣高息動能,10,0,10,華南永昌-潮州,2024-05-31,9328
00650L,復華香港正2,10,0,10,華南永昌-潮州,2024-05-31,9328
00857B,永豐20年美公債,10,0,10,華南永昌-潮州,2024-05-31,9328
2495,普安,12,2,10,華南永昌-潮州,2024-05-31,9328
3033,威健,11,1,10,華南永昌-潮州,2024-05-31,9328
3711,日月光投控,11,1,10,華南永昌-潮州,2024-05-31,9328
4736,泰博,10,0,10,華南永昌-潮州,2024-05-31,9328
5386,青雲,10,0,10,華南永昌-潮州,2024-05-31,9328
6538,倉和,10,0,10,華南永昌-潮州,2024-05-31,9328
8034,榮群,10,0,10,華南永昌-潮州,2024-05-31,9328
00946,群益科技高息成長,130,6,124,華南永昌-潮州,2024-06-03,9328
00918,大華優利高填息30,124,0,124,華南永昌-潮州,2024-06-03,9328
2606,裕民,100,0,100,華南永昌-潮州,2024-06-03,9328
2328,廣宇,121,43,78,華南永昌-潮州,2024-06-03,9328
00919,群益台灣精選高息,75,14,61,華南永昌-潮州,2024-06-03,9328
2369,菱生,52,1,51,華南永昌-潮州,2024-06-03,9328
3481,群創,48,1,47,華南永昌-潮州,2024-06-03,9328
2354,鴻準,70,30,40,華南永昌-潮州,2024-06-03,9328
2353,宏��,46,6,40,華南永昌-潮州,2024-06-03,9328
2002,中鋼,38,3,35,華南永昌-潮州,2024-06-03,9328
00715L,期街口布蘭特正2,34,0,34,華南永昌-潮州,2024-06-03,9328
8916,光隆,30,0,30,華南永昌-潮州,2024-06-03,9328
2610,華航,29,2,27,華南永昌-潮州,2024-06-03,9328
4533,協易機,57,31,26,華南永昌-潮州,2024-06-03,9328
1314,中石化,25,0,25,華南永昌-潮州,2024-06-03,9328
2618,長榮航,25,1,24,華南永昌-潮州,2024-06-03,9328
2356,英業達,32,11,21,華南永昌-潮州,2024-06-03,9328
2615,萬海,59,38,21,華南永昌-潮州,2024-06-03,9328
3059,華晶科,31,10,21,華南永昌-潮州,2024-06-03,9328
1718,中纖,20,0,20,華南永昌-潮州,2024-06-03,9328
1313,聯成,17,0,17,華南永昌-潮州,2024-06-03,9328
00929,復華台灣科技優息,27,10,17,華南永昌-潮州,2024-06-03,9328
2867,三商壽,16,0,16,華南永昌-潮州,2024-06-03,9328
2834,臺企銀,15,0,15,華南永昌-潮州,2024-06-03,9328
3202,樺晟,21,6,15,華南永昌-潮州,2024-06-03,9328
00915,凱基優選高股息30,15,0,15,華南永昌-潮州,2024-06-03,9328
4562,穎漢,15,1,14,華南永昌-潮州,2024-06-03,9328
00937B,群益ESG投等債20,17,3,14,華南永昌-潮州,2024-06-03,9328
2537,聯上發,17,3,14,華南永昌-潮州,2024-06-03,9328
2303,聯電,20,9,11,華南永昌-潮州,2024-06-03,9328
2313,華通,16,5,11,華南永昌-潮州,2024-06-03,9328
2630,亞航,11,0,11,華南永昌-潮州,2024-06-03,9328
2887,台新金,11,0,11,華南永昌-潮州,2024-06-03,9328
3024,憶聲,11,0,11,華南永昌-潮州,2024-06-03,9328
8027,鈦昇,11,0,11,華南永昌-潮州,2024-06-03,9328
1308,亞聚,10,0,10,華南永昌-潮州,2024-06-03,9328
2344,華邦電,10,0,10,華南永昌-潮州,2024-06-03,9328
2349,錸德,10,0,10,華南永昌-潮州,2024-06-03,9328
2634,漢翔,10,0,10,華南永昌-潮州,2024-06-03,9328
3031,佰鴻,11,1,10,華南永昌-潮州,2024-06-03,9328
3551,世禾,10,0,10,華南永昌-潮州,2024-06-03,9328
6140,訊達,12,2,10,華南永昌-潮州,2024-06-03,9328
6209,今國光,10,0,10,華南永昌-潮州,2024-06-03,9328
9105,泰金寶-DR,13,3,10,華南永昌-潮州,2024-06-03,9328
00650L,復華香港正2,10,1,9,華南永昌-潮州,2024-06-03,9328
1603,華電,9,0,9,華南永昌-潮州,2024-06-03,9328
2722,夏都,11,2,9,華南永昌-潮州,2024-06-03,9328
4167,松瑞藥,9,0,9,華南永昌-潮州,2024-06-03,9328
4952,凌通,10,1,9,華南永昌-潮州,2024-06-03,9328
8121,越峰,9,0,9,華南永昌-潮州,2024-06-03,9328
00936,台新永續高息中小,193,3,190,華南永昌-潮州,2024-06-04,9328
2888,新光金,151,30,121,華南永昌-潮州,2024-06-04,9328
00929,復華台灣科技優息,145,71,74,華南永昌-潮州,2024-06-04,9328
2367,燿華,84,19,65,華南永昌-潮州,2024-06-04,9328
00919,群益台灣精選高息,72,7,65,華南永昌-潮州,2024-06-04,9328
00715L,期街口布蘭特正2,56,1,55,華南永昌-潮州,2024-06-04,9328
2312,金寶,58,7,51,華南永昌-潮州,2024-06-04,9328
2331,精英,77,33,44,華南永昌-潮州,2024-06-04,9328
00918,大華優利高填息30,46,10,36,華南永昌-潮州,2024-06-04,9328
2317,鴻海,41,6,35,華南永昌-潮州,2024-06-04,9328
4526,東台,36,2,34,華南永昌-潮州,2024-06-04,9328
8299,群聯,32,0,32,華南永昌-潮州,2024-06-04,9328
2344,華邦電,36,8,28,華南永昌-潮州,2024-06-04,9328
00940,元大台灣價值高息,100,72,28,華南永昌-潮州,2024-06-04,9328
1802,台玻,54,27,27,華南永昌-潮州,2024-06-04,9328
2104,國際中橡,26,0,26,華南永昌-潮州,2024-06-04,9328
3231,緯創,24,1,23,華南永昌-潮州,2024-06-04,9328
2353,宏��,36,14,22,華南永昌-潮州,2024-06-04,9328
00937B,群益ESG投等債20,44,23,21,華南永昌-潮州,2024-06-04,9328
2371,大同,28,7,21,華南永昌-潮州,2024-06-04,9328
00939,統一台灣高息動能,22,2,20,華南永昌-潮州,2024-06-04,9328
2303,聯電,21,2,19,華南永昌-潮州,2024-06-04,9328
00881,國泰台灣5G+,18,0,18,華南永昌-潮州,2024-06-04,9328
3024,憶聲,18,0,18,華南永昌-潮州,2024-06-04,9328
2834,臺企銀,17,0,17,華南永昌-潮州,2024-06-04,9328
8936,國統,18,1,17,華南永昌-潮州,2024-06-04,9328
2324,仁寶,58,41,17,華南永昌-潮州,2024-06-04,9328
2409,友達,18,1,17,華南永昌-潮州,2024-06-04,9328
1303,南亞,16,0,16,華南永昌-潮州,2024-06-04,9328
2302,麗正,16,0,16,華南永昌-潮州,2024-06-04,9328
2002,中鋼,16,1,15,華南永昌-潮州,2024-06-04,9328
2301,光寶科,15,1,14,華南永昌-潮州,2024-06-04,9328
6270,倍微,14,0,14,華南永昌-潮州,2024-06-04,9328
9105,泰金寶-DR,21,7,14,華南永昌-潮州,2024-06-04,9328
00882,中信中國高股息,20,7,13,華南永昌-潮州,2024-06-04,9328
3356,奇偶,26,14,12,華南永昌-潮州,2024-06-04,9328
2609,陽明,52,40,12,華南永昌-潮州,2024-06-04,9328
5498,凱崴,12,0,12,華南永昌-潮州,2024-06-04,9328
3481,群創,21,9,12,華南永昌-潮州,2024-06-04,9328
1101,台泥,12,0,12,華南永昌-潮州,2024-06-04,9328
1301,台塑,11,0,11,華南永昌-潮州,2024-06-04,9328
2009,第一銅,25,14,11,華南永昌-潮州,2024-06-04,9328
2606,裕民,12,1,11,華南永昌-潮州,2024-06-04,9328
2913,農林,11,0,11,華南永昌-潮州,2024-06-04,9328
00946,群益科技高息成長,10,0,10,華南永昌-潮州,2024-06-04,9328
6116,彩晶,10,0,10,華南永昌-潮州,2024-06-04,9328
2465,麗臺,30,20,10,華南永昌-潮州,2024-06-04,9328
1909,榮成,10,0,10,華南永昌-潮州,2024-06-04,9328
2328,廣宇,12,2,10,華南永昌-潮州,2024-06-04,9328
2882,國泰金,10,0,10,華南永昌-潮州,2024-06-04,9328
00936,台新永續高息中小,179,5,174,華南永昌-潮州,2024-06-05,9328
00680L,元大美債20正2,192,79,113,華南永昌-潮州,2024-06-05,9328
0056,元大高股息,103,0,103,華南永昌-潮州,2024-06-05,9328
00929,復華台灣科技優息,125,32,93,華南永昌-潮州,2024-06-05,9328
00720B,元大投資級公司債,92,0,92,華南永昌-潮州,2024-06-05,9328
00878,國泰永續高股息,51,2,49,華南永昌-潮州,2024-06-05,9328
00712,復華富時不動產,45,1,44,華南永昌-潮州,2024-06-05,9328
00715L,期街口布蘭特正2,41,0,41,華南永昌-潮州,2024-06-05,9328
2303,聯電,36,3,33,華南永昌-潮州,2024-06-05,9328
3372,典範,34,8,26,華南永昌-潮州,2024-06-05,9328
00918,大華優利高填息30,24,0,24,華南永昌-潮州,2024-06-05,9328
2344,華邦電,24,1,23,華南永昌-潮州,2024-06-05,9328
1514,亞力,22,0,22,華南永昌-潮州,2024-06-05,9328
6112,邁達特,22,0,22,華南永昌-潮州,2024-06-05,9328
8277,商丞,21,0,21,華南永昌-潮州,2024-06-05,9328
6116,彩晶,27,6,21,華南永昌-潮州,2024-06-05,9328
2328,廣宇,33,13,20,華南永昌-潮州,2024-06-05,9328
1303,南亞,20,0,20,華南永昌-潮州,2024-06-05,9328
6188,廣明,21,2,19,華南永昌-潮州,2024-06-05,9328
2489,瑞軒,18,2,16,華南永昌-潮州,2024-06-05,9328
2867,三商壽,36,21,15,華南永昌-潮州,2024-06-05,9328
4160,訊聯基因,15,0,15,華南永昌-潮州,2024-06-05,9328
6161,捷波,19,4,15,華南永昌-潮州,2024-06-05,9328
4933,友輝,14,0,14,華南永昌-潮州,2024-06-05,9328
6163,華電網,15,1,14,華南永昌-潮州,2024-06-05,9328
1301,台塑,13,0,13,華南永昌-潮州,2024-06-05,9328
3712,永崴投控,13,0,13,華南永昌-潮州,2024-06-05,9328
6164,華興,13,0,13,華南永昌-潮州,2024-06-05,9328
2542,興富發,12,0,12,華南永昌-潮州,2024-06-05,9328
2816,旺旺保,12,0,12,華南永昌-潮州,2024-06-05,9328
6443,元晶,12,0,12,華南永昌-潮州,2024-06-05,9328
2618,長榮航,15,4,11,華南永昌-潮州,2024-06-05,9328
3483,力致,16,5,11,華南永昌-潮州,2024-06-05,9328
4566,時碩工業,11,0,11,華南永昌-潮州,2024-06-05,9328
1618,合機,17,7,10,華南永昌-潮州,2024-06-05,9328
2369,菱生,10,0,10,華南永昌-潮州,2024-06-05,9328
2887,台新金,11,1,10,華南永昌-潮州,2024-06-05,9328
4167,松瑞藥,12,2,10,華南永昌-潮州,2024-06-05,9328
6108,競國,10,0,10,華南永昌-潮州,2024-06-05,9328
9942,茂順,10,0,10,華南永昌-潮州,2024-06-05,9328
2605,新興,28,18,10,華南永昌-潮州,2024-06-05,9328
2633,台灣高鐵,10,0,10,華南永昌-潮州,2024-06-05,9328
2352,佳世達,9,0,9,華南永昌-潮州,2024-06-05,9328
8086,宏捷科,9,0,9,華南永昌-潮州,2024-06-05,9328
2308,台達電,10,1,9,華南永昌-潮州,2024-06-05,9328
3024,憶聲,9,1,8,華南永昌-潮州,2024-06-05,9328
2365,昆盈,9,2,7,華南永昌-潮州,2024-06-05,9328
2543,皇昌,18,11,7,華南永昌-潮州,2024-06-05,9328
5498,凱崴,7,0,7,華南永昌-潮州,2024-06-05,9328
6189,豐藝,7,0,7,華南永昌-潮州,2024-06-05,9328
2606,裕民,112,1,111,華南永昌-潮州,2024-06-06,9328
3234,光環,58,0,58,華南永昌-潮州,2024-06-06,9328
1455,集盛,57,0,57,華南永昌-潮州,2024-06-06,9328
00929,復華台灣科技優息,72,25,47,華南永昌-潮州,2024-06-06,9328
00937B,群益ESG投等債20,52,7,45,華南永昌-潮州,2024-06-06,9328
2851,中再保,40,0,40,華南永昌-潮州,2024-06-06,9328
00946,群益科技高息成長,35,0,35,華南永昌-潮州,2024-06-06,9328
2328,廣宇,57,23,34,華南永昌-潮州,2024-06-06,9328
2337,旺宏,79,46,33,華南永昌-潮州,2024-06-06,9328
00919,群益台灣精選高息,40,8,32,華南永昌-潮州,2024-06-06,9328
2354,鴻準,48,17,31,華南永昌-潮州,2024-06-06,9328
2615,萬海,81,52,29,華南永昌-潮州,2024-06-06,9328
5302,太欣,26,0,26,華南永昌-潮州,2024-06-06,9328
6770,力積電,25,0,25,華南永昌-潮州,2024-06-06,9328
2009,第一銅,31,6,25,華南永昌-潮州,2024-06-06,9328
1304,台聚,25,1,24,華南永昌-潮州,2024-06-06,9328
2605,新興,34,10,24,華南永昌-潮州,2024-06-06,9328
2489,瑞軒,41,18,23,華南永昌-潮州,2024-06-06,9328
3551,世禾,20,0,20,華南永昌-潮州,2024-06-06,9328
8916,光隆,20,0,20,華南永昌-潮州,2024-06-06,9328
00902,中信電池及儲能,20,1,19,華南永昌-潮州,2024-06-06,9328
1815,富喬,129,110,19,華南永昌-潮州,2024-06-06,9328
9938,百和,20,1,19,華南永昌-潮州,2024-06-06,9328
2303,聯電,33,14,19,華南永昌-潮州,2024-06-06,9328
00936,台新永續高息中小,26,8,18,華南永昌-潮州,2024-06-06,9328
8110,華東,19,2,17,華南永昌-潮州,2024-06-06,9328
2002,中鋼,23,7,16,華南永昌-潮州,2024-06-06,9328
4927,泰鼎-KY,15,0,15,華南永昌-潮州,2024-06-06,9328
2313,華通,15,1,14,華南永昌-潮州,2024-06-06,9328
2363,矽統,19,5,14,華南永昌-潮州,2024-06-06,9328
2611,志信,98,84,14,華南永昌-潮州,2024-06-06,9328
3015,全漢,17,4,13,華南永昌-潮州,2024-06-06,9328
00878,國泰永續高股息,18,5,13,華南永昌-潮州,2024-06-06,9328
2014,中鴻,12,0,12,華南永昌-潮州,2024-06-06,9328
2331,精英,20,8,12,華南永昌-潮州,2024-06-06,9328
2409,友達,12,1,11,華南永昌-潮州,2024-06-06,9328
2634,漢翔,11,0,11,華南永昌-潮州,2024-06-06,9328
2609,陽明,125,114,11,華南永昌-潮州,2024-06-06,9328
1303,南亞,15,4,11,華南永昌-潮州,2024-06-06,9328
2369,菱生,11,0,11,華南永昌-潮州,2024-06-06,9328
2630,亞航,11,0,11,華南永昌-潮州,2024-06-06,9328
1319,東陽,10,0,10,華南永昌-潮州,2024-06-06,9328
1432,大魯閣,10,0,10,華南永昌-潮州,2024-06-06,9328
2836,高雄銀,10,0,10,華南永昌-潮州,2024-06-06,9328
3088,艾訊,10,0,10,華南永昌-潮州,2024-06-06,9328
4414,如興,10,0,10,華南永昌-潮州,2024-06-06,9328
4953,緯軟,10,0,10,華南永昌-潮州,2024-06-06,9328
5324,士開,10,0,10,華南永昌-潮州,2024-06-06,9328
6163,華電網,12,2,10,華南永昌-潮州,2024-06-06,9328
9942,茂順,10,0,10,華南永昌-潮州,2024-06-06,9328
1609,大亞,329,23,306,華南永昌-潮州,2024-06-07,9328
00632R,元大台灣50反1,202,0,202,華南永昌-潮州,2024-06-07,9328
2312,金寶,120,9,111,華南永昌-潮州,2024-06-07,9328
2371,大同,115,10,105,華南永昌-潮州,2024-06-07,9328
1218,泰山,102,0,102,華南永昌-潮州,2024-06-07,9328
2515,中工,100,18,82,華南永昌-潮州,2024-06-07,9328
00712,復華富時不動產,65,0,65,華南永昌-潮州,2024-06-07,9328
6120,達運,50,0,50,華南永昌-潮州,2024-06-07,9328
2356,英業達,45,0,45,華南永昌-潮州,2024-06-07,9328
00936,台新永續高息中小,45,0,45,華南永昌-潮州,2024-06-07,9328
8033,雷虎,43,0,43,華南永昌-潮州,2024-06-07,9328
00918,大華優利高填息30,44,5,39,華南永昌-潮州,2024-06-07,9328
00665L,富邦�琤肭磪囓�2,35,0,35,華南永昌-潮州,2024-06-07,9328
3231,緯創,41,6,35,華南永昌-潮州,2024-06-07,9328
2367,燿華,49,15,34,華南永昌-潮州,2024-06-07,9328
2609,陽明,111,78,33,華南永昌-潮州,2024-06-07,9328
00878,國泰永續高股息,32,0,32,華南永昌-潮州,2024-06-07,9328
00929,復華台灣科技優息,57,26,31,華南永昌-潮州,2024-06-07,9328
00946,群益科技高息成長,27,0,27,華南永昌-潮州,2024-06-07,9328
2888,新光金,41,17,24,華南永昌-潮州,2024-06-07,9328
2353,宏��,27,4,23,華南永昌-潮州,2024-06-07,9328
3372,典範,24,1,23,華南永昌-潮州,2024-06-07,9328
00942B,台新美A公司債20+,22,0,22,華南永昌-潮州,2024-06-07,9328
2489,瑞軒,44,23,21,華南永昌-潮州,2024-06-07,9328
3481,群創,27,7,20,華南永昌-潮州,2024-06-07,9328
6505,台塑化,16,0,16,華南永昌-潮州,2024-06-07,9328
1453,大將,18,2,16,華南永昌-潮州,2024-06-07,9328
2851,中再保,15,0,15,華南永昌-潮州,2024-06-07,9328
00937B,群益ESG投等債20,14,0,14,華南永昌-潮州,2024-06-07,9328
6163,華電網,19,5,14,華南永昌-潮州,2024-06-07,9328
5388,中磊,12,0,12,華南永昌-潮州,2024-06-07,9328
3543,州巧,12,0,12,華南永昌-潮州,2024-06-07,9328
3088,艾訊,11,0,11,華南永昌-潮州,2024-06-07,9328
00753L,中信中國50正2,10,0,10,華南永昌-潮州,2024-06-07,9328
3059,華晶科,12,2,10,華南永昌-潮州,2024-06-07,9328
5381,合正,10,0,10,華南永昌-潮州,2024-06-07,9328
8064,東捷,12,3,9,華南永昌-潮州,2024-06-07,9328
2330,台積電,10,2,8,華南永昌-潮州,2024-06-07,9328
3260,威剛,8,0,8,華南永昌-潮州,2024-06-07,9328
1513,中興電,39,32,7,華南永昌-潮州,2024-06-07,9328
8028,昇陽半導體,15,8,7,華南永昌-潮州,2024-06-07,9328
2376,技嘉,7,0,7,華南永昌-潮州,2024-06-07,9328
4973,廣穎,7,0,7,華南永昌-潮州,2024-06-07,9328
6190,萬泰科,14,7,7,華南永昌-潮州,2024-06-07,9328
2354,鴻準,10,4,6,華南永昌-潮州,2024-06-07,9328
1503,士電,13,7,6,華南永昌-潮州,2024-06-07,9328
00882,中信中國高股息,9,3,6,華南永昌-潮州,2024-06-07,9328
2388,威盛,10,4,6,華南永昌-潮州,2024-06-07,9328
3033,威健,6,0,6,華南永昌-潮州,2024-06-07,9328
3036,文曄,6,0,6,華南永昌-潮州,2024-06-07,9328
00679B,元大美債20年,145,5,140,華南永昌-潮州,2024-06-11,9328
00929,復華台灣科技優息,119,7,112,華南永昌-潮州,2024-06-11,9328
00942B,台新美A公司債20+,95,0,95,華南永昌-潮州,2024-06-11,9328
2609,陽明,244,155,89,華南永昌-潮州,2024-06-11,9328
00882,中信中國高股息,78,0,78,華南永昌-潮州,2024-06-11,9328
00918,大華優利高填息30,68,0,68,華南永昌-潮州,2024-06-11,9328
00878,國泰永續高股息,71,4,67,華南永昌-潮州,2024-06-11,9328
6116,彩晶,56,0,56,華南永昌-潮州,2024-06-11,9328
00665L,富邦�琤肭磪囓�2,76,30,46,華南永昌-潮州,2024-06-11,9328
2542,興富發,43,0,43,華南永昌-潮州,2024-06-11,9328
2603,長榮,41,3,38,華南永昌-潮州,2024-06-11,9328
00919,群益台灣精選高息,38,4,34,華南永昌-潮州,2024-06-11,9328
3024,憶聲,32,0,32,華南永昌-潮州,2024-06-11,9328
00687B,國泰20年美債,34,3,31,華南永昌-潮州,2024-06-11,9328
3624,光頡,30,0,30,華南永昌-潮州,2024-06-11,9328
2547,日勝生,28,0,28,華南永昌-潮州,2024-06-11,9328
1609,大亞,63,35,28,華南永昌-潮州,2024-06-11,9328
2867,三商壽,34,8,26,華南永昌-潮州,2024-06-11,9328
2615,萬海,61,35,26,華南永昌-潮州,2024-06-11,9328
4566,時碩工業,25,0,25,華南永昌-潮州,2024-06-11,9328
2002,中鋼,27,5,22,華南永昌-潮州,2024-06-11,9328
5531,鄉林,26,6,20,華南永昌-潮州,2024-06-11,9328
1608,華榮,96,76,20,華南永昌-潮州,2024-06-11,9328
1316,上曜,22,4,18,華南永昌-潮州,2024-06-11,9328
2634,漢翔,20,3,17,華南永昌-潮州,2024-06-11,9328
2349,錸德,17,0,17,華南永昌-潮州,2024-06-11,9328
2367,燿華,52,36,16,華南永昌-潮州,2024-06-11,9328
8033,雷虎,16,1,15,華南永昌-潮州,2024-06-11,9328
00933B,國泰10Y+金融債,16,2,14,華南永昌-潮州,2024-06-11,9328
2637,慧洋-KY,39,25,14,華南永昌-潮州,2024-06-11,9328
3231,緯創,16,3,13,華南永昌-潮州,2024-06-11,9328
2606,裕民,17,4,13,華南永昌-潮州,2024-06-11,9328
4160,訊聯基因,13,0,13,華南永昌-潮州,2024-06-11,9328
00937B,群益ESG投等債20,70,58,12,華南永昌-潮州,2024-06-11,9328
2520,冠德,13,1,12,華南永昌-潮州,2024-06-11,9328
4562,穎漢,29,17,12,華南永昌-潮州,2024-06-11,9328
1514,亞力,52,41,11,華南永昌-潮州,2024-06-11,9328
3047,訊舟,47,37,10,華南永昌-潮州,2024-06-11,9328
00637L,元大滬深300正2,10,0,10,華南永昌-潮州,2024-06-11,9328
00633L,富邦上証正2,10,0,10,華南永昌-潮州,2024-06-11,9328
00632R,元大台灣50反1,10,0,10,華南永昌-潮州,2024-06-11,9328
00923,群益台ESG低碳50,10,0,10,華南永昌-潮州,2024-06-11,9328
2885,元大金,10,0,10,華南永昌-潮州,2024-06-11,9328
00939,統一台灣高息動能,19,9,10,華南永昌-潮州,2024-06-11,9328
6207,雷科,19,9,10,華南永昌-潮州,2024-06-11,9328
6139,亞翔,9,0,9,華南永昌-潮州,2024-06-11,9328
00680L,元大美債20正2,9,0,9,華南永昌-潮州,2024-06-11,9328
00720B,元大投資級公司債,9,0,9,華南永昌-潮州,2024-06-11,9328
2009,第一銅,12,3,9,華南永昌-潮州,2024-06-11,9328
2337,旺宏,9,0,9,華南永昌-潮州,2024-06-11,9328
00937B,群益ESG投等債20,243,0,243,華南永昌-潮州,2024-06-12,9328
00946,群益科技高息成長,108,16,92,華南永昌-潮州,2024-06-12,9328
3432,台端,61,0,61,華南永昌-潮州,2024-06-12,9328
1609,大亞,57,2,55,華南永昌-潮州,2024-06-12,9328
6108,競國,50,0,50,華南永昌-潮州,2024-06-12,9328
00680L,元大美債20正2,50,2,48,華南永昌-潮州,2024-06-12,9328
2867,三商壽,45,1,44,華南永昌-潮州,2024-06-12,9328
00679B,元大美債20年,39,0,39,華南永昌-潮州,2024-06-12,9328
6116,彩晶,34,0,34,華南永昌-潮州,2024-06-12,9328
00919,群益台灣精選高息,37,4,33,華南永昌-潮州,2024-06-12,9328
00687B,國泰20年美債,33,5,28,華南永昌-潮州,2024-06-12,9328
00712,復華富時不動產,28,1,27,華南永昌-潮州,2024-06-12,9328
00933B,國泰10Y+金融債,29,2,27,華南永昌-潮州,2024-06-12,9328
3024,憶聲,25,0,25,華南永昌-潮州,2024-06-12,9328
4545,銘鈺,25,0,25,華南永昌-潮州,2024-06-12,9328
1316,上曜,23,0,23,華南永昌-潮州,2024-06-12,9328
2883,凱基金,25,3,22,華南永昌-潮州,2024-06-12,9328
2371,大同,21,0,21,華南永昌-潮州,2024-06-12,9328
2903,遠百,21,0,21,華南永昌-潮州,2024-06-12,9328
4906,正文,21,0,21,華南永昌-潮州,2024-06-12,9328
2618,長榮航,79,59,20,華南永昌-潮州,2024-06-12,9328
00633L,富邦上証正2,20,0,20,華南永昌-潮州,2024-06-12,9328
2374,佳能,39,19,20,華南永昌-潮州,2024-06-12,9328
6443,元晶,20,0,20,華南永昌-潮州,2024-06-12,9328
9105,泰金寶-DR,20,0,20,華南永昌-潮州,2024-06-12,9328
2606,裕民,21,2,19,華南永昌-潮州,2024-06-12,9328
00948B,中信優息投資級債,48,30,18,華南永昌-潮州,2024-06-12,9328
2537,聯上發,18,0,18,華南永昌-潮州,2024-06-12,9328
1514,亞力,39,24,15,華南永昌-潮州,2024-06-12,9328
2330,台積電,28,13,15,華南永昌-潮州,2024-06-12,9328
00918,大華優利高填息30,15,1,14,華南永昌-潮州,2024-06-12,9328
00947,台新臺灣IC設計,14,0,14,華南永昌-潮州,2024-06-12,9328
3229,晟鈦,13,0,13,華南永昌-潮州,2024-06-12,9328
00882,中信中國高股息,17,4,13,華南永昌-潮州,2024-06-12,9328
3481,群創,14,1,13,華南永昌-潮州,2024-06-12,9328
2206,三陽工業,15,3,12,華南永昌-潮州,2024-06-12,9328
2548,華固,13,1,12,華南永昌-潮州,2024-06-12,9328
2851,中再保,12,0,12,華南永昌-潮州,2024-06-12,9328
3362,先進光,12,0,12,華南永昌-潮州,2024-06-12,9328
6163,華電網,19,7,12,華南永昌-潮州,2024-06-12,9328
2303,聯電,16,4,12,華南永昌-潮州,2024-06-12,9328
2356,英業達,32,20,12,華南永昌-潮州,2024-06-12,9328
00927,群益半導體收益,11,0,11,華南永昌-潮州,2024-06-12,9328
00942B,台新美A公司債20+,11,0,11,華南永昌-潮州,2024-06-12,9328
1617,榮星,11,0,11,華南永昌-潮州,2024-06-12,9328
2495,普安,11,0,11,華南永昌-潮州,2024-06-12,9328
2515,中工,35,24,11,華南永昌-潮州,2024-06-12,9328
2610,華航,18,7,11,華南永昌-潮州,2024-06-12,9328
3535,晶彩科,13,2,11,華南永昌-潮州,2024-06-12,9328
3202,樺晟,12,1,11,華南永昌-潮州,2024-06-12,9328
00946,群益科技高息成長,129,2,127,華南永昌-潮州,2024-06-13,9328
1617,榮星,149,22,127,華南永昌-潮州,2024-06-13,9328
6834,天二科技,91,6,85,華南永昌-潮州,2024-06-13,9328
2208,台船,84,0,84,華南永昌-潮州,2024-06-13,9328
00632R,元大台灣50反1,72,0,72,華南永昌-潮州,2024-06-13,9328
3432,台端,46,5,41,華南永昌-潮州,2024-06-13,9328
2618,長榮航,62,24,38,華南永昌-潮州,2024-06-13,9328
00918,大華優利高填息30,33,0,33,華南永昌-潮州,2024-06-13,9328
6179,亞通,30,0,30,華南永昌-潮州,2024-06-13,9328
1815,富喬,56,27,29,華南永昌-潮州,2024-06-13,9328
2367,燿華,124,96,28,華南永昌-潮州,2024-06-13,9328
2501,國建,30,2,28,華南永昌-潮州,2024-06-13,9328
2417,圓剛,29,2,27,華南永昌-潮州,2024-06-13,9328
912000,晨訊科-DR,33,10,23,華南永昌-潮州,2024-06-13,9328
3019,亞光,23,1,22,華南永昌-潮州,2024-06-13,9328
2002,中鋼,24,3,21,華南永昌-潮州,2024-06-13,9328
1301,台塑,23,2,21,華南永昌-潮州,2024-06-13,9328
3706,神達,21,0,21,華南永昌-潮州,2024-06-13,9328
6207,雷科,42,22,20,華南永昌-潮州,2024-06-13,9328
5443,均豪,23,3,20,華南永昌-潮州,2024-06-13,9328
2354,鴻準,21,3,18,華南永昌-潮州,2024-06-13,9328
6152,百一,17,1,16,華南永昌-潮州,2024-06-13,9328
00929,復華台灣科技優息,42,27,15,華南永昌-潮州,2024-06-13,9328
2801,彰銀,14,0,14,華南永昌-潮州,2024-06-13,9328
00882,中信中國高股息,14,0,14,華南永昌-潮州,2024-06-13,9328
4909,新復興,23,9,14,華南永昌-潮州,2024-06-13,9328
00939,統一台灣高息動能,24,10,14,華南永昌-潮州,2024-06-13,9328
00919,群益台灣精選高息,31,18,13,華南永昌-潮州,2024-06-13,9328
00944,野村趨勢動能高息,20,7,13,華南永昌-潮州,2024-06-13,9328
2401,凌陽,30,17,13,華南永昌-潮州,2024-06-13,9328
2308,台達電,16,3,13,華南永昌-潮州,2024-06-13,9328
8358,金居,12,0,12,華南永昌-潮州,2024-06-13,9328
4977,眾達-KY,11,0,11,華南永昌-潮州,2024-06-13,9328
2504,國產,11,0,11,華南永昌-潮州,2024-06-13,9328
4566,時碩工業,12,1,11,華南永昌-潮州,2024-06-13,9328
8096,擎亞,15,5,10,華南永昌-潮州,2024-06-13,9328
00905,FT臺灣Smart,10,0,10,華南永昌-潮州,2024-06-13,9328
00665L,富邦�琤肭磪囓�2,10,0,10,華南永昌-潮州,2024-06-13,9328
3372,典範,19,9,10,華南永昌-潮州,2024-06-13,9328
8446,華研,10,0,10,華南永昌-潮州,2024-06-13,9328
8916,光隆,10,0,10,華南永昌-潮州,2024-06-13,9328
9919,康那香,16,6,10,華南永昌-潮州,2024-06-13,9328
3481,群創,23,15,8,華南永昌-潮州,2024-06-13,9328
2323,中環,8,0,8,華南永昌-潮州,2024-06-13,9328
00878,國泰永續高股息,22,15,7,華南永昌-潮州,2024-06-13,9328
5388,中磊,7,0,7,華南永昌-潮州,2024-06-13,9328
6215,和椿,13,6,7,華南永昌-潮州,2024-06-13,9328
2393,億光,15,8,7,華南永昌-潮州,2024-06-13,9328
2324,仁寶,11,5,6,華南永昌-潮州,2024-06-13,9328
1314,中石化,6,0,6,華南永昌-潮州,2024-06-13,9328
2458,義隆,140,1,139,華南永昌-潮州,2024-06-14,9328
2606,裕民,150,30,120,華南永昌-潮州,2024-06-14,9328
2367,燿華,137,27,110,華南永昌-潮州,2024-06-14,9328
00940,元大台灣價值高息,126,57,69,華南永昌-潮州,2024-06-14,9328
9105,泰金寶-DR,140,75,65,華南永昌-潮州,2024-06-14,9328
00947,台新臺灣IC設計,61,0,61,華南永昌-潮州,2024-06-14,9328
00679B,元大美債20年,89,45,44,華南永昌-潮州,2024-06-14,9328
3481,群創,52,8,44,華南永昌-潮州,2024-06-14,9328
2417,圓剛,44,1,43,華南永昌-潮州,2024-06-14,9328
1612,宏泰,54,14,40,華南永昌-潮州,2024-06-14,9328
1809,中釉,40,0,40,華南永昌-潮州,2024-06-14,9328
00918,大華優利高填息30,112,74,38,華南永昌-潮州,2024-06-14,9328
00919,群益台灣精選高息,36,1,35,華南永昌-潮州,2024-06-14,9328
2401,凌陽,29,2,27,華南永昌-潮州,2024-06-14,9328
2548,華固,27,0,27,華南永昌-潮州,2024-06-14,9328
8034,榮群,25,0,25,華南永昌-潮州,2024-06-14,9328
3231,緯創,26,2,24,華南永昌-潮州,2024-06-14,9328
5381,合正,22,0,22,華南永昌-潮州,2024-06-14,9328
8277,商丞,22,0,22,華南永昌-潮州,2024-06-14,9328
6116,彩晶,24,2,22,華南永昌-潮州,2024-06-14,9328
1528,恩德,19,0,19,華南永昌-潮州,2024-06-14,9328
2353,宏��,20,1,19,華南永昌-潮州,2024-06-14,9328
6244,茂迪,18,0,18,華南永昌-潮州,2024-06-14,9328
00946,群益科技高息成長,17,0,17,華南永昌-潮州,2024-06-14,9328
2883,凱基金,18,2,16,華南永昌-潮州,2024-06-14,9328
6163,華電網,17,1,16,華南永昌-潮州,2024-06-14,9328
2107,厚生,15,0,15,華南永昌-潮州,2024-06-14,9328
3712,永崴投控,16,1,15,華南永昌-潮州,2024-06-14,9328
2324,仁寶,15,1,14,華南永昌-潮州,2024-06-14,9328
6530,創威,14,0,14,華南永昌-潮州,2024-06-14,9328
00878,國泰永續高股息,23,10,13,華南永昌-潮州,2024-06-14,9328
3015,全漢,12,0,12,華南永昌-潮州,2024-06-14,9328
2371,大同,39,28,11,華南永昌-潮州,2024-06-14,9328
1718,中纖,11,0,11,華南永昌-潮州,2024-06-14,9328
6414,樺漢,11,0,11,華南永昌-潮州,2024-06-14,9328
2481,強茂,10,0,10,華南永昌-潮州,2024-06-14,9328
00632R,元大台灣50反1,10,0,10,華南永昌-潮州,2024-06-14,9328
2020,美亞,10,0,10,華南永昌-潮州,2024-06-14,9328
2838,聯邦銀,10,0,10,華南永昌-潮州,2024-06-14,9328
3018,隆銘綠能,10,0,10,華南永昌-潮州,2024-06-14,9328
3024,憶聲,10,0,10,華南永昌-潮州,2024-06-14,9328
3450,聯鈞,30,20,10,華南永昌-潮州,2024-06-14,9328
6834,天二科技,12,2,10,華南永昌-潮州,2024-06-14,9328
8110,華東,10,0,10,華南永昌-潮州,2024-06-14,9328
1815,富喬,11,2,9,華南永昌-潮州,2024-06-14,9328
2365,昆盈,15,6,9,華南永昌-潮州,2024-06-14,9328
2520,冠德,10,1,9,華南永昌-潮州,2024-06-14,9328
6229,研通,9,0,9,華南永昌-潮州,2024-06-14,9328
6233,旺玖,10,1,9,華南永昌-潮州,2024-06-14,9328
3706,神達,9,0,9,華南永昌-潮州,2024-06-14,9328
00940,元大台灣價值高息,378,57,321,華南永昌-潮州,2024-06-17,9328
00948B,中信優息投資級債,110,0,110,華南永昌-潮州,2024-06-17,9328
00679B,元大美債20年,101,2,99,華南永昌-潮州,2024-06-17,9328
00687B,國泰20年美債,89,0,89,華南永昌-潮州,2024-06-17,9328
00632R,元大台灣50反1,100,20,80,華南永昌-潮州,2024-06-17,9328
00937B,群益ESG投等債20,93,28,65,華南永昌-潮州,2024-06-17,9328
3481,群創,129,65,64,華南永昌-潮州,2024-06-17,9328
2609,陽明,104,41,63,華南永昌-潮州,2024-06-17,9328
00857B,永豐20年美公債,50,0,50,華南永昌-潮州,2024-06-17,9328
00929,復華台灣科技優息,43,0,43,華南永昌-潮州,2024-06-17,9328
2615,萬海,85,43,42,華南永昌-潮州,2024-06-17,9328
00918,大華優利高填息30,53,24,29,華南永昌-潮州,2024-06-17,9328
2515,中工,28,0,28,華南永昌-潮州,2024-06-17,9328
2371,大同,112,84,28,華南永昌-潮州,2024-06-17,9328
1608,華榮,51,25,26,華南永昌-潮州,2024-06-17,9328
1314,中石化,26,1,25,華南永昌-潮州,2024-06-17,9328
1101,台泥,24,0,24,華南永昌-潮州,2024-06-17,9328
00882,中信中國高股息,32,10,22,華南永昌-潮州,2024-06-17,9328
2882,國泰金,22,0,22,華南永昌-潮州,2024-06-17,9328
3432,台端,21,0,21,華南永昌-潮州,2024-06-17,9328
3027,盛達,20,0,20,華南永昌-潮州,2024-06-17,9328
00946,群益科技高息成長,38,20,18,華南永昌-潮州,2024-06-17,9328
020032,元大綠能N,18,0,18,華南永昌-潮州,2024-06-17,9328
3551,世禾,17,0,17,華南永昌-潮州,2024-06-17,9328
00688L,國泰20年美債正2,16,0,16,華南永昌-潮州,2024-06-17,9328
00722B,群益投資級電信債,15,0,15,華南永昌-潮州,2024-06-17,9328
2610,華航,17,2,15,華南永昌-潮州,2024-06-17,9328
2363,矽統,22,8,14,華南永昌-潮州,2024-06-17,9328
2489,瑞軒,36,23,13,華南永昌-潮州,2024-06-17,9328
00713,元大台灣高息低波,12,0,12,華南永昌-潮州,2024-06-17,9328
1784,訊聯,12,0,12,華南永昌-潮州,2024-06-17,9328
2002,中鋼,16,5,11,華南永昌-潮州,2024-06-17,9328
3015,全漢,11,0,11,華南永昌-潮州,2024-06-17,9328
6257,矽格,11,0,11,華南永昌-潮州,2024-06-17,9328
8150,南茂,11,0,11,華南永昌-潮州,2024-06-17,9328
1504,東元,14,4,10,華南永昌-潮州,2024-06-17,9328
00905,FT臺灣Smart,10,0,10,華南永昌-潮州,2024-06-17,9328
1616,億泰,10,0,10,華南永昌-潮州,2024-06-17,9328
2108,南帝,10,0,10,華南永昌-潮州,2024-06-17,9328
2402,毅嘉,10,0,10,華南永昌-潮州,2024-06-17,9328
2547,日勝生,10,0,10,華南永昌-潮州,2024-06-17,9328
3062,建漢,11,1,10,華南永昌-潮州,2024-06-17,9328
5531,鄉林,10,0,10,華南永昌-潮州,2024-06-17,9328
9938,百和,10,0,10,華南永昌-潮州,2024-06-17,9328
2208,台船,20,10,10,華南永昌-潮州,2024-06-17,9328
1316,上曜,9,0,9,華南永昌-潮州,2024-06-17,9328
2867,三商壽,24,15,9,華南永昌-潮州,2024-06-17,9328
3048,益登,13,4,9,華南永昌-潮州,2024-06-17,9328
6139,亞翔,11,2,9,華南永昌-潮州,2024-06-17,9328
8064,東捷,15,6,9,華南永昌-潮州,2024-06-17,9328
00921,兆豐龍頭等權重,112,0,112,華南永昌-潮州,2024-06-18,9328
00937B,群益ESG投等債20,80,0,80,華南永昌-潮州,2024-06-18,9328
00929,復華台灣科技優息,81,1,80,華南永昌-潮州,2024-06-18,9328
00936,台新永續高息中小,85,14,71,華南永昌-潮州,2024-06-18,9328
3481,群創,73,11,62,華南永昌-潮州,2024-06-18,9328
00942B,台新美A公司債20+,53,0,53,華南永昌-潮州,2024-06-18,9328
00673R,期元大S＆P原油反1,40,0,40,華南永昌-潮州,2024-06-18,9328
2353,宏��,41,3,38,華南永昌-潮州,2024-06-18,9328
2888,新光金,97,59,38,華南永昌-潮州,2024-06-18,9328
00632R,元大台灣50反1,76,40,36,華南永昌-潮州,2024-06-18,9328
2615,萬海,58,23,35,華南永昌-潮州,2024-06-18,9328
00679B,元大美債20年,30,1,29,華南永昌-潮州,2024-06-18,9328
1815,富喬,40,12,28,華南永昌-潮州,2024-06-18,9328
2367,燿華,33,7,26,華南永昌-潮州,2024-06-18,9328
6116,彩晶,26,0,26,華南永昌-潮州,2024-06-18,9328
2031,新光鋼,26,1,25,華南永昌-潮州,2024-06-18,9328
6770,力積電,31,7,24,華南永昌-潮州,2024-06-18,9328
9105,泰金寶-DR,32,9,23,華南永昌-潮州,2024-06-18,9328
1504,東元,23,1,22,華南永昌-潮州,2024-06-18,9328
2301,光寶科,22,1,21,華南永昌-潮州,2024-06-18,9328
1305,華夏,21,0,21,華南永昌-潮州,2024-06-18,9328
1802,台玻,42,21,21,華南永昌-潮州,2024-06-18,9328
00650L,復華香港正2,20,0,20,華南永昌-潮州,2024-06-18,9328
2323,中環,20,0,20,華南永昌-潮州,2024-06-18,9328
8936,國統,19,0,19,華南永昌-潮州,2024-06-18,9328
3024,憶聲,20,2,18,華南永昌-潮州,2024-06-18,9328
00687B,國泰20年美債,17,0,17,華南永昌-潮州,2024-06-18,9328
4533,協易機,21,4,17,華南永昌-潮州,2024-06-18,9328
2867,三商壽,16,0,16,華南永昌-潮州,2024-06-18,9328
6213,聯茂,16,0,16,華南永昌-潮州,2024-06-18,9328
6282,康舒,19,4,15,華南永昌-潮州,2024-06-18,9328
00948B,中信優息投資級債,15,0,15,華南永昌-潮州,2024-06-18,9328
1611,中電,22,9,13,華南永昌-潮州,2024-06-18,9328
6125,廣運,13,0,13,華南永昌-潮州,2024-06-18,9328
6284,佳邦,12,0,12,華南永昌-潮州,2024-06-18,9328
2489,瑞軒,13,1,12,華南永昌-潮州,2024-06-18,9328
2498,宏達電,12,1,11,華南永昌-潮州,2024-06-18,9328
4142,國光生,15,4,11,華南永昌-潮州,2024-06-18,9328
8039,台虹,11,0,11,華南永昌-潮州,2024-06-18,9328
5443,均豪,15,4,11,華南永昌-潮州,2024-06-18,9328
3483,力致,22,12,10,華南永昌-潮州,2024-06-18,9328
3504,揚明光,10,0,10,華南永昌-潮州,2024-06-18,9328
5498,凱崴,10,0,10,華南永昌-潮州,2024-06-18,9328
5522,遠雄,10,0,10,華南永昌-潮州,2024-06-18,9328
9938,百和,10,0,10,華南永昌-潮州,2024-06-18,9328
1301,台塑,10,0,10,華南永昌-潮州,2024-06-18,9328
6841,長佳智能,10,1,9,華南永昌-潮州,2024-06-18,9328
1617,榮星,20,11,9,華南永昌-潮州,2024-06-18,9328
2392,正崴,14,6,8,華南永昌-潮州,2024-06-18,9328
00933B,國泰10Y+金融債,8,0,8,華南永昌-潮州,2024-06-18,9328
00940,元大台灣價值高息,371,81,290,華南永昌-潮州,2024-06-19,9328
00632R,元大台灣50反1,117,0,117,華南永昌-潮州,2024-06-19,9328
00937B,群益ESG投等債20,121,6,115,華南永昌-潮州,2024-06-19,9328
4533,協易機,96,15,81,華南永昌-潮州,2024-06-19,9328
1314,中石化,88,9,79,華南永昌-潮州,2024-06-19,9328
00680L,元大美債20正2,85,8,77,華南永昌-潮州,2024-06-19,9328
00936,台新永續高息中小,66,3,63,華南永昌-潮州,2024-06-19,9328
2371,大同,74,11,63,華南永昌-潮州,2024-06-19,9328
00881,國泰台灣5G+,56,11,45,華南永昌-潮州,2024-06-19,9328
6658,聯策,40,0,40,華南永昌-潮州,2024-06-19,9328
8277,商丞,49,10,39,華南永昌-潮州,2024-06-19,9328
3062,建漢,94,56,38,華南永昌-潮州,2024-06-19,9328
2344,華邦電,41,5,36,華南永昌-潮州,2024-06-19,9328
6770,力積電,35,2,33,華南永昌-潮州,2024-06-19,9328
2025,千興,30,0,30,華南永昌-潮州,2024-06-19,9328
2610,華航,110,81,29,華南永昌-潮州,2024-06-19,9328
00688L,國泰20年美債正2,26,0,26,華南永昌-潮州,2024-06-19,9328
1815,富喬,41,17,24,華南永昌-潮州,2024-06-19,9328
2489,瑞軒,24,2,22,華南永昌-潮州,2024-06-19,9328
00942B,台新美A公司債20+,21,0,21,華南永昌-潮州,2024-06-19,9328
00933B,國泰10Y+金融債,20,0,20,華南永昌-潮州,2024-06-19,9328
2409,友達,20,1,19,華南永昌-潮州,2024-06-19,9328
00918,大華優利高填息30,36,17,19,華南永昌-潮州,2024-06-19,9328
3432,台端,19,1,18,華南永昌-潮州,2024-06-19,9328
2353,宏��,25,8,17,華南永昌-潮州,2024-06-19,9328
6282,康舒,24,7,17,華南永昌-潮州,2024-06-19,9328
2206,三陽工業,17,0,17,華南永昌-潮州,2024-06-19,9328
00712,復華富時不動產,42,26,16,華南永昌-潮州,2024-06-19,9328
6016,康和證,15,0,15,華南永昌-潮州,2024-06-19,9328
00664R,國泰臺灣加權反1,14,0,14,華南永昌-潮州,2024-06-19,9328
1591,駿吉-KY,15,2,13,華南永昌-潮州,2024-06-19,9328
5351,鈺創,13,0,13,華南永昌-潮州,2024-06-19,9328
6550,北極星藥業-KY,14,1,13,華南永昌-潮州,2024-06-19,9328
8358,金居,13,0,13,華南永昌-潮州,2024-06-19,9328
1506,正道,12,0,12,華南永昌-潮州,2024-06-19,9328
00915,凱基優選高股息30,10,0,10,華南永昌-潮州,2024-06-19,9328
3673,TPK-KY,15,5,10,華南永昌-潮州,2024-06-19,9328
4967,十銓,28,18,10,華南永昌-潮州,2024-06-19,9328
1710,東聯,10,0,10,華南永昌-潮州,2024-06-19,9328
2020,美亞,10,0,10,華南永昌-潮州,2024-06-19,9328
2838,聯邦銀,10,0,10,華南永昌-潮州,2024-06-19,9328
3260,威剛,10,0,10,華南永昌-潮州,2024-06-19,9328
4167,松瑞藥,10,0,10,華南永昌-潮州,2024-06-19,9328
6116,彩晶,10,0,10,華南永昌-潮州,2024-06-19,9328
6861,睿生光電,10,0,10,華南永昌-潮州,2024-06-19,9328
8040,九暘,11,1,10,華南永昌-潮州,2024-06-19,9328
8096,擎亞,26,16,10,華南永昌-潮州,2024-06-19,9328
2359,所羅門,22,12,10,華南永昌-潮州,2024-06-19,9328
3713,新晶投控,9,0,9,華南永昌-潮州,2024-06-19,9328
1504,東元,10,1,9,華南永昌-潮州,2024-06-19,9328
00937B,群益ESG投等債20,289,0,289,華南永昌-潮州,2024-06-20,9328
00940,元大台灣價值高息,251,8,243,華南永昌-潮州,2024-06-20,9328
00929,復華台灣科技優息,180,42,138,華南永昌-潮州,2024-06-20,9328
8277,商丞,133,40,93,華南永昌-潮州,2024-06-20,9328
3078,僑威,90,1,89,華南永昌-潮州,2024-06-20,9328
2365,昆盈,94,13,81,華南永昌-潮州,2024-06-20,9328
2002,中鋼,63,5,58,華南永昌-潮州,2024-06-20,9328
4915,致伸,50,0,50,華南永昌-潮州,2024-06-20,9328
00936,台新永續高息中小,59,10,49,華南永昌-潮州,2024-06-20,9328
2548,華固,42,0,42,華南永昌-潮州,2024-06-20,9328
2610,華航,39,2,37,華南永昌-潮州,2024-06-20,9328
00688L,國泰20年美債正2,30,0,30,華南永昌-潮州,2024-06-20,9328
00687B,國泰20年美債,29,0,29,華南永昌-潮州,2024-06-20,9328
00915,凱基優選高股息30,30,2,28,華南永昌-潮州,2024-06-20,9328
00632R,元大台灣50反1,35,10,25,華南永昌-潮州,2024-06-20,9328
00712,復華富時不動產,27,2,25,華南永昌-潮州,2024-06-20,9328
2353,宏��,45,23,22,華南永昌-潮州,2024-06-20,9328
2543,皇昌,27,5,22,華南永昌-潮州,2024-06-20,9328
00934,中信成長高股息,21,1,20,華南永昌-潮州,2024-06-20,9328
00673R,期元大S＆P原油反1,20,0,20,華南永昌-潮州,2024-06-20,9328
1514,亞力,38,19,19,華南永昌-潮州,2024-06-20,9328
3019,亞光,18,0,18,華南永昌-潮州,2024-06-20,9328
8150,南茂,18,0,18,華南永昌-潮州,2024-06-20,9328
3622,洋華,27,9,18,華南永昌-潮州,2024-06-20,9328
00948B,中信優息投資級債,17,0,17,華南永昌-潮州,2024-06-20,9328
00753L,中信中國50正2,15,0,15,華南永昌-潮州,2024-06-20,9328
00857B,永豐20年美公債,15,0,15,華南永昌-潮州,2024-06-20,9328
00946,群益科技高息成長,15,0,15,華南永昌-潮州,2024-06-20,9328
2743,山富,15,0,15,華南永昌-潮州,2024-06-20,9328
1301,台塑,15,0,15,華南永昌-潮州,2024-06-20,9328
3706,神達,15,1,14,華南永昌-潮州,2024-06-20,9328
3712,永崴投控,12,0,12,華南永昌-潮州,2024-06-20,9328
00680L,元大美債20正2,61,50,11,華南永昌-潮州,2024-06-20,9328
2409,友達,12,1,11,華南永昌-潮州,2024-06-20,9328
6414,樺漢,11,0,11,華南永昌-潮州,2024-06-20,9328
00679B,元大美債20年,10,0,10,華南永昌-潮州,2024-06-20,9328
2316,楠梓電,97,87,10,華南永昌-潮州,2024-06-20,9328
1229,聯華,10,0,10,華南永昌-潮州,2024-06-20,9328
2457,飛宏,10,0,10,華南永昌-潮州,2024-06-20,9328
3015,全漢,10,0,10,華南永昌-潮州,2024-06-20,9328
3059,華晶科,10,0,10,華南永昌-潮州,2024-06-20,9328
3713,新晶投控,10,0,10,華南永昌-潮州,2024-06-20,9328
5324,士開,10,0,10,華南永昌-潮州,2024-06-20,9328
5426,振發,10,0,10,華南永昌-潮州,2024-06-20,9328
5880,合庫金,10,0,10,華南永昌-潮州,2024-06-20,9328
912000,晨訊科-DR,10,0,10,華南永昌-潮州,2024-06-20,9328
6550,北極星藥業-KY,10,1,9,華南永昌-潮州,2024-06-20,9328
2845,遠東銀,10,1,9,華南永昌-潮州,2024-06-20,9328
3305,昇貿,10,1,9,華南永昌-潮州,2024-06-20,9328
2498,宏達電,16,7,9,華南永昌-潮州,2024-06-20,9328
2883,凱基金,1009,7,1002,華南永昌-潮州,2024-06-21,9328
00937B,群益ESG投等債20,714,31,683,華南永昌-潮州,2024-06-21,9328
00940,元大台灣價值高息,156,24,132,華南永昌-潮州,2024-06-21,9328
00936,台新永續高息中小,120,0,120,華南永昌-潮州,2024-06-21,9328
2317,鴻海,124,15,109,華南永昌-潮州,2024-06-21,9328
00919,群益台灣精選高息,122,28,94,華南永昌-潮州,2024-06-21,9328
00948B,中信優息投資級債,72,0,72,華南永昌-潮州,2024-06-21,9328
8277,商丞,61,2,59,華南永昌-潮州,2024-06-21,9328
8033,雷虎,53,0,53,華南永昌-潮州,2024-06-21,9328
00943,兆豐電子高息等權,51,0,51,華南永昌-潮州,2024-06-21,9328
00929,復華台灣科技優息,70,21,49,華南永昌-潮州,2024-06-21,9328
9105,泰金寶-DR,57,14,43,華南永昌-潮州,2024-06-21,9328
00706L,期元大S＆P日圓正2,40,0,40,華南永昌-潮州,2024-06-21,9328
1815,富喬,63,24,39,華南永昌-潮州,2024-06-21,9328
00688L,國泰20年美債正2,38,0,38,華南永昌-潮州,2024-06-21,9328
6233,旺玖,36,0,36,華南永昌-潮州,2024-06-21,9328
8105,凌巨,67,31,36,華南永昌-潮州,2024-06-21,9328
00665L,富邦�琤肭磪囓�2,35,0,35,華南永昌-潮州,2024-06-21,9328
2609,陽明,98,66,32,華南永昌-潮州,2024-06-21,9328
00946,群益科技高息成長,31,1,30,華南永昌-潮州,2024-06-21,9328
00687B,國泰20年美債,40,12,28,華南永昌-潮州,2024-06-21,9328
2547,日勝生,23,0,23,華南永昌-潮州,2024-06-21,9328
00933B,國泰10Y+金融債,21,0,21,華南永昌-潮州,2024-06-21,9328
1711,永光,21,0,21,華南永昌-潮州,2024-06-21,9328
2485,兆赫,21,0,21,華南永昌-潮州,2024-06-21,9328
00887,永豐中國科技50大,20,0,20,華南永昌-潮州,2024-06-21,9328
00934,中信成長高股息,20,0,20,華南永昌-潮州,2024-06-21,9328
5488,松普,19,0,19,華南永昌-潮州,2024-06-21,9328
00942B,台新美A公司債20+,18,0,18,華南永昌-潮州,2024-06-21,9328
2408,南亞科,30,13,17,華南永昌-潮州,2024-06-21,9328
5521,工信,17,0,17,華南永昌-潮州,2024-06-21,9328
2498,宏達電,25,9,16,華南永昌-潮州,2024-06-21,9328
00897,富邦基因免疫生技,15,0,15,華南永昌-潮州,2024-06-21,9328
3276,宇環,15,0,15,華南永昌-潮州,2024-06-21,9328
2615,萬海,49,34,15,華南永昌-潮州,2024-06-21,9328
00878,國泰永續高股息,19,5,14,華南永昌-潮州,2024-06-21,9328
2504,國產,14,0,14,華南永昌-潮州,2024-06-21,9328
2330,台積電,18,4,14,華南永昌-潮州,2024-06-21,9328
00939,統一台灣高息動能,23,10,13,華南永昌-潮州,2024-06-21,9328
1514,亞力,17,4,13,華南永昌-潮州,2024-06-21,9328
00882,中信中國高股息,14,1,13,華南永昌-潮州,2024-06-21,9328
2543,皇昌,13,0,13,華南永昌-潮州,2024-06-21,9328
2323,中環,13,0,13,華南永昌-潮州,2024-06-21,9328
4532,瑞智,12,0,12,華南永昌-潮州,2024-06-21,9328
00918,大華優利高填息30,17,5,12,華南永昌-潮州,2024-06-21,9328
2867,三商壽,11,0,11,華南永昌-潮州,2024-06-21,9328
3024,憶聲,11,0,11,華南永昌-潮州,2024-06-21,9328
3652,精聯,11,0,11,華南永昌-潮州,2024-06-21,9328
2301,光寶科,11,1,10,華南永昌-潮州,2024-06-21,9328
00712,復華富時不動產,10,0,10,華南永昌-潮州,2024-06-21,9328
00929,復華台灣科技優息,172,12,160,華南永昌-潮州,2024-06-24,9328
3481,群創,449,289,160,華南永昌-潮州,2024-06-24,9328
00919,群益台灣精選高息,170,14,156,華南永昌-潮州,2024-06-24,9328
00687B,國泰20年美債,153,7,146,華南永昌-潮州,2024-06-24,9328
1815,富喬,164,79,85,華南永昌-潮州,2024-06-24,9328
00936,台新永續高息中小,71,0,71,華南永昌-潮州,2024-06-24,9328
00947,台新臺灣IC設計,59,0,59,華南永昌-潮州,2024-06-24,9328
00751B,元大AAA至A公司債,50,7,43,華南永昌-潮州,2024-06-24,9328
2369,菱生,47,4,43,華南永昌-潮州,2024-06-24,9328
6116,彩晶,50,9,41,華南永昌-潮州,2024-06-24,9328
9105,泰金寶-DR,70,34,36,華南永昌-潮州,2024-06-24,9328
00946,群益科技高息成長,40,5,35,華南永昌-潮州,2024-06-24,9328
8916,光隆,34,0,34,華南永昌-潮州,2024-06-24,9328
6207,雷科,33,0,33,華南永昌-潮州,2024-06-24,9328
2353,宏��,32,1,31,華南永昌-潮州,2024-06-24,9328
00706L,期元大S＆P日圓正2,30,0,30,華南永昌-潮州,2024-06-24,9328
1702,南僑,30,0,30,華南永昌-潮州,2024-06-24,9328
3058,立德,27,0,27,華南永昌-潮州,2024-06-24,9328
2527,宏璟,25,0,25,華南永昌-潮州,2024-06-24,9328
3047,訊舟,113,90,23,華南永昌-潮州,2024-06-24,9328
00907,永豐優息存股,22,0,22,華南永昌-潮州,2024-06-24,9328
1409,新纖,22,0,22,華南永昌-潮州,2024-06-24,9328
3372,典範,49,28,21,華南永昌-潮州,2024-06-24,9328
2002,中鋼,22,1,21,華南永昌-潮州,2024-06-24,9328
2349,錸德,20,0,20,華南永昌-潮州,2024-06-24,9328
2867,三商壽,35,15,20,華南永昌-潮州,2024-06-24,9328
00905,FT臺灣Smart,18,0,18,華南永昌-潮州,2024-06-24,9328
2330,台積電,24,6,18,華南永昌-潮州,2024-06-24,9328
00878,國泰永續高股息,28,10,18,華南永昌-潮州,2024-06-24,9328
2883,凱基金,18,1,17,華南永昌-潮州,2024-06-24,9328
00680L,元大美債20正2,17,0,17,華南永昌-潮州,2024-06-24,9328
1718,中纖,17,0,17,華南永昌-潮州,2024-06-24,9328
00712,復華富時不動產,16,0,16,華南永昌-潮州,2024-06-24,9328
8027,鈦昇,16,0,16,華南永昌-潮州,2024-06-24,9328
2615,萬海,24,8,16,華南永昌-潮州,2024-06-24,9328
2308,台達電,16,0,16,華南永昌-潮州,2024-06-24,9328
00937B,群益ESG投等債20,34,19,15,華南永昌-潮州,2024-06-24,9328
2501,國建,16,1,15,華南永昌-潮州,2024-06-24,9328
3062,建漢,50,35,15,華南永昌-潮州,2024-06-24,9328
1319,東陽,13,0,13,華南永昌-潮州,2024-06-24,9328
6285,啟��,13,0,13,華南永昌-潮州,2024-06-24,9328
3231,緯創,18,6,12,華南永昌-潮州,2024-06-24,9328
2332,友訊,12,0,12,華南永昌-潮州,2024-06-24,9328
2352,佳世達,11,0,11,華南永昌-潮州,2024-06-24,9328
4526,東台,16,5,11,華南永昌-潮州,2024-06-24,9328
6126,信音,11,0,11,華南永昌-潮州,2024-06-24,9328
3046,建��,11,0,11,華南永昌-潮州,2024-06-24,9328
3305,昇貿,26,15,11,華南永昌-潮州,2024-06-24,9328
6173,信昌電,14,3,11,華南永昌-潮州,2024-06-24,9328
00665L,富邦�琤肭磪囓�2,40,30,10,華南永昌-潮州,2024-06-24,9328
00687B,國泰20年美債,128,0,128,華南永昌-潮州,2024-06-25,9328
00940,元大台灣價值高息,115,23,92,華南永昌-潮州,2024-06-25,9328
00929,復華台灣科技優息,81,3,78,華南永昌-潮州,2024-06-25,9328
2409,友達,69,3,66,華南永昌-潮州,2024-06-25,9328
00919,群益台灣精選高息,53,0,53,華南永昌-潮州,2024-06-25,9328
1303,南亞,50,0,50,華南永昌-潮州,2024-06-25,9328
912000,晨訊科-DR,50,4,46,華南永昌-潮州,2024-06-25,9328
00680L,元大美債20正2,45,2,43,華南永昌-潮州,2024-06-25,9328
00936,台新永續高息中小,34,0,34,華南永昌-潮州,2024-06-25,9328
1909,榮成,30,0,30,華南永昌-潮州,2024-06-25,9328
2367,燿華,46,17,29,華南永昌-潮州,2024-06-25,9328
00937B,群益ESG投等債20,37,10,27,華南永昌-潮州,2024-06-25,9328
00688L,國泰20年美債正2,25,0,25,華南永昌-潮州,2024-06-25,9328
2356,英業達,31,7,24,華南永昌-潮州,2024-06-25,9328
2002,中鋼,24,3,21,華南永昌-潮州,2024-06-25,9328
2344,華邦電,21,0,21,華南永昌-潮州,2024-06-25,9328
2363,矽統,22,1,21,華南永昌-潮州,2024-06-25,9328
3060,銘異,21,0,21,華南永昌-潮州,2024-06-25,9328
2402,毅嘉,20,0,20,華南永昌-潮州,2024-06-25,9328
00706L,期元大S＆P日圓正2,20,0,20,華南永昌-潮州,2024-06-25,9328
00933B,國泰10Y+金融債,20,0,20,華南永昌-潮州,2024-06-25,9328
2516,新建,20,0,20,華南永昌-潮州,2024-06-25,9328
2547,日勝生,20,0,20,華南永昌-潮州,2024-06-25,9328
3037,欣興,18,0,18,華南永昌-潮州,2024-06-25,9328
8110,華東,23,5,18,華南永昌-潮州,2024-06-25,9328
1514,亞力,25,8,17,華南永昌-潮州,2024-06-25,9328
2501,國建,16,0,16,華南永昌-潮州,2024-06-25,9328
00897,富邦基因免疫生技,15,0,15,華南永昌-潮州,2024-06-25,9328
00939,統一台灣高息動能,15,1,14,華南永昌-潮州,2024-06-25,9328
2352,佳世達,43,29,14,華南永昌-潮州,2024-06-25,9328
4956,光鋐,19,6,13,華南永昌-潮州,2024-06-25,9328
00946,群益科技高息成長,12,0,12,華南永昌-潮州,2024-06-25,9328
1215,卜蜂,12,0,12,華南永昌-潮州,2024-06-25,9328
2464,盟立,18,6,12,華南永昌-潮州,2024-06-25,9328
00923,群益台ESG低碳50,11,0,11,華南永昌-潮州,2024-06-25,9328
2458,義隆,13,2,11,華南永昌-潮州,2024-06-25,9328
2206,三陽工業,11,0,11,華南永昌-潮州,2024-06-25,9328
2618,長榮航,12,1,11,華南永昌-潮州,2024-06-25,9328
3229,晟鈦,11,0,11,華南永昌-潮州,2024-06-25,9328
6861,睿生光電,11,0,11,華南永昌-潮州,2024-06-25,9328
2317,鴻海,38,27,11,華南永昌-潮州,2024-06-25,9328
00927,群益半導體收益,11,1,10,華南永昌-潮州,2024-06-25,9328
1210,大成,10,0,10,華南永昌-潮州,2024-06-25,9328
2736,富野,10,0,10,華南永昌-潮州,2024-06-25,9328
3081,聯亞,10,0,10,華南永昌-潮州,2024-06-25,9328
3551,世禾,10,0,10,華南永昌-潮州,2024-06-25,9328
3576,聯合再生,12,2,10,華南永昌-潮州,2024-06-25,9328
4402,郡都開發,10,0,10,華南永昌-潮州,2024-06-25,9328
6196,帆宣,10,0,10,華南永昌-潮州,2024-06-25,9328
6116,彩晶,24,14,10,華南永昌-潮州,2024-06-25,9328
2344,華邦電,174,3,171,華南永昌-潮州,2024-06-26,9328
3481,群創,145,37,108,華南永昌-潮州,2024-06-26,9328
2606,裕民,83,0,83,華南永昌-潮州,2024-06-26,9328
2543,皇昌,79,20,59,華南永昌-潮州,2024-06-26,9328
2409,友達,37,1,36,華南永昌-潮州,2024-06-26,9328
00936,台新永續高息中小,46,10,36,華南永昌-潮州,2024-06-26,9328
00919,群益台灣精選高息,43,9,34,華南永昌-潮州,2024-06-26,9328
2002,中鋼,32,1,31,華南永昌-潮州,2024-06-26,9328
00940,元大台灣價值高息,48,17,31,華南永昌-潮州,2024-06-26,9328
00937B,群益ESG投等債20,70,42,28,華南永昌-潮州,2024-06-26,9328
6235,華孚,25,1,24,華南永昌-潮州,2024-06-26,9328
2365,昆盈,54,31,23,華南永昌-潮州,2024-06-26,9328
3062,建漢,49,26,23,華南永昌-潮州,2024-06-26,9328
2883,凱基金,20,0,20,華南永昌-潮州,2024-06-26,9328
2025,千興,20,0,20,華南永昌-潮州,2024-06-26,9328
1455,集盛,20,0,20,華南永昌-潮州,2024-06-26,9328
8926,台汽電,20,0,20,華南永昌-潮州,2024-06-26,9328
2603,長榮,17,0,17,華南永昌-潮州,2024-06-26,9328
1535,中宇,17,0,17,華南永昌-潮州,2024-06-26,9328
1447,力鵬,16,0,16,華南永昌-潮州,2024-06-26,9328
5009,榮剛,16,0,16,華南永昌-潮州,2024-06-26,9328
6142,友勁,16,0,16,華南永昌-潮州,2024-06-26,9328
2317,鴻海,24,8,16,華南永昌-潮州,2024-06-26,9328
1326,台化,15,0,15,華南永昌-潮州,2024-06-26,9328
00946,群益科技高息成長,15,0,15,華南永昌-潮州,2024-06-26,9328
00948B,中信優息投資級債,15,0,15,華南永昌-潮州,2024-06-26,9328
2069,運錩,15,0,15,華南永昌-潮州,2024-06-26,9328
4526,東台,23,8,15,華南永昌-潮州,2024-06-26,9328
00712,復華富時不動產,14,0,14,華南永昌-潮州,2024-06-26,9328
2867,三商壽,13,0,13,華南永昌-潮州,2024-06-26,9328
6173,信昌電,14,1,13,華南永昌-潮州,2024-06-26,9328
1303,南亞,12,0,12,華南永昌-潮州,2024-06-26,9328
00687B,國泰20年美債,12,0,12,華南永昌-潮州,2024-06-26,9328
2547,日勝生,12,0,12,華南永昌-潮州,2024-06-26,9328
2515,中工,14,3,11,華南永昌-潮州,2024-06-26,9328
2324,仁寶,12,1,11,華南永昌-潮州,2024-06-26,9328
1785,光洋科,26,15,11,華南永昌-潮州,2024-06-26,9328
1229,聯華,10,0,10,華南永昌-潮州,2024-06-26,9328
2458,義隆,10,0,10,華南永昌-潮州,2024-06-26,9328
1702,南僑,10,0,10,華南永昌-潮州,2024-06-26,9328
1540,喬福,10,0,10,華南永昌-潮州,2024-06-26,9328
2010,春源,10,0,10,華南永昌-潮州,2024-06-26,9328
2329,華泰,15,5,10,華南永昌-潮州,2024-06-26,9328
2369,菱生,24,14,10,華南永昌-潮州,2024-06-26,9328
2401,凌陽,12,2,10,華南永昌-潮州,2024-06-26,9328
2527,宏璟,10,0,10,華南永昌-潮州,2024-06-26,9328
2537,聯上發,12,2,10,華南永昌-潮州,2024-06-26,9328
3438,類比科,10,0,10,華南永昌-潮州,2024-06-26,9328
3545,敦泰,10,0,10,華南永昌-潮州,2024-06-26,9328
3605,宏致,10,0,10,華南永昌-潮州,2024-06-26,9328
1540,喬福,145,8,137,華南永昌-潮州,2024-06-27,9328
00937B,群益ESG投等債20,117,1,116,華南永昌-潮州,2024-06-27,9328
00706L,期元大S＆P日圓正2,95,0,95,華南永昌-潮州,2024-06-27,9328
00687B,國泰20年美債,94,0,94,華南永昌-潮州,2024-06-27,9328
4167,松瑞藥,92,0,92,華南永昌-潮州,2024-06-27,9328
3481,群創,120,33,87,華南永昌-潮州,2024-06-27,9328
00679B,元大美債20年,85,1,84,華南永昌-潮州,2024-06-27,9328
00929,復華台灣科技優息,89,11,78,華南永昌-潮州,2024-06-27,9328
00936,台新永續高息中小,74,0,74,華南永昌-潮州,2024-06-27,9328
00946,群益科技高息成長,65,0,65,華南永昌-潮州,2024-06-27,9328
2317,鴻海,64,11,53,華南永昌-潮州,2024-06-27,9328
00942B,台新美A公司債20+,52,0,52,華南永昌-潮州,2024-06-27,9328
00665L,富邦�琤肭磪囓�2,45,0,45,華南永昌-潮州,2024-06-27,9328
2606,裕民,41,3,38,華南永昌-潮州,2024-06-27,9328
3576,聯合再生,68,33,35,華南永昌-潮州,2024-06-27,9328
00688L,國泰20年美債正2,40,12,28,華南永昌-潮州,2024-06-27,9328
00878,國泰永續高股息,32,4,28,華南永昌-潮州,2024-06-27,9328
1314,中石化,60,34,26,華南永昌-潮州,2024-06-27,9328
00753L,中信中國50正2,25,0,25,華南永昌-潮州,2024-06-27,9328
1504,東元,25,0,25,華南永昌-潮州,2024-06-27,9328
3714,富采,25,0,25,華南永昌-潮州,2024-06-27,9328
2002,中鋼,26,2,24,華南永昌-潮州,2024-06-27,9328
1785,光洋科,35,13,22,華南永昌-潮州,2024-06-27,9328
00947,台新臺灣IC設計,22,1,21,華南永昌-潮州,2024-06-27,9328
2836,高雄銀,20,0,20,華南永昌-潮州,2024-06-27,9328
1709,和益,50,31,19,華南永昌-潮州,2024-06-27,9328
00919,群益台灣精選高息,32,13,19,華南永昌-潮州,2024-06-27,9328
2885,元大金,18,0,18,華南永昌-潮州,2024-06-27,9328
6244,茂迪,27,9,18,華南永昌-潮州,2024-06-27,9328
00795B,中信美國公債20年,18,0,18,華南永昌-潮州,2024-06-27,9328
6116,彩晶,17,0,17,華南永昌-潮州,2024-06-27,9328
2329,華泰,16,0,16,華南永昌-潮州,2024-06-27,9328
00927,群益半導體收益,16,0,16,華南永昌-潮州,2024-06-27,9328
2365,昆盈,21,5,16,華南永昌-潮州,2024-06-27,9328
00948B,中信優息投資級債,16,0,16,華南永昌-潮州,2024-06-27,9328
00944,野村趨勢動能高息,16,1,15,華南永昌-潮州,2024-06-27,9328
2409,友達,21,6,15,華南永昌-潮州,2024-06-27,9328
1316,上曜,14,0,14,華南永昌-潮州,2024-06-27,9328
6139,亞翔,15,1,14,華南永昌-潮州,2024-06-27,9328
00933B,國泰10Y+金融債,13,0,13,華南永昌-潮州,2024-06-27,9328
3663,鑫科,41,28,13,華南永昌-潮州,2024-06-27,9328
2882,國泰金,14,1,13,華南永昌-潮州,2024-06-27,9328
4109,加捷生醫,13,0,13,華南永昌-潮州,2024-06-27,9328
6612,奈米醫材,13,0,13,華南永昌-潮州,2024-06-27,9328
00926,凱基全球菁英55,12,0,12,華南永昌-潮州,2024-06-27,9328
1809,中釉,12,0,12,華南永昌-潮州,2024-06-27,9328
2363,矽統,12,0,12,華南永昌-潮州,2024-06-27,9328
3060,銘異,12,0,12,華南永昌-潮州,2024-06-27,9328
6285,啟��,12,0,12,華南永昌-潮州,2024-06-27,9328
5880,合庫金,10,0,10,華南永昌-潮州,2024-06-27,9328
2610,華航,219,66,153,華南永昌-潮州,2024-06-28,9328
3481,群創,161,9,152,華南永昌-潮州,2024-06-28,9328
8440,綠電,111,4,107,華南永昌-潮州,2024-06-28,9328
1540,喬福,50,0,50,華南永昌-潮州,2024-06-28,9328
912000,晨訊科-DR,60,10,50,華南永昌-潮州,2024-06-28,9328
2618,長榮航,91,51,40,華南永昌-潮州,2024-06-28,9328
1702,南僑,40,0,40,華南永昌-潮州,2024-06-28,9328
6477,安集,45,6,39,華南永昌-潮州,2024-06-28,9328
4167,松瑞藥,40,2,38,華南永昌-潮州,2024-06-28,9328
00936,台新永續高息中小,36,0,36,華南永昌-潮州,2024-06-28,9328
00632R,元大台灣50反1,32,0,32,華南永昌-潮州,2024-06-28,9328
00679B,元大美債20年,30,0,30,華南永昌-潮州,2024-06-28,9328
2025,千興,30,0,30,華南永昌-潮州,2024-06-28,9328
2303,聯電,34,7,27,華南永昌-潮州,2024-06-28,9328
4402,郡都開發,26,0,26,華南永昌-潮州,2024-06-28,9328
00795B,中信美國公債20年,25,0,25,華南永昌-潮州,2024-06-28,9328
2406,國碩,154,130,24,華南永昌-潮州,2024-06-28,9328
3576,聯合再生,59,36,23,華南永昌-潮州,2024-06-28,9328
6288,聯嘉,20,0,20,華南永昌-潮州,2024-06-28,9328
00687B,國泰20年美債,19,0,19,華南永昌-潮州,2024-06-28,9328
00929,復華台灣科技優息,20,2,18,華南永昌-潮州,2024-06-28,9328
3712,永崴投控,20,4,16,華南永昌-潮州,2024-06-28,9328
2301,光寶科,18,3,15,華南永昌-潮州,2024-06-28,9328
3652,精聯,20,7,13,華南永昌-潮州,2024-06-28,9328
3047,訊舟,16,4,12,華南永昌-潮州,2024-06-28,9328
2353,宏��,13,2,11,華南永昌-潮州,2024-06-28,9328
1611,中電,11,0,11,華南永昌-潮州,2024-06-28,9328
2337,旺宏,11,0,11,華南永昌-潮州,2024-06-28,9328
8105,凌巨,21,10,11,華南永昌-潮州,2024-06-28,9328
6196,帆宣,10,0,10,華南永昌-潮州,2024-06-28,9328
00673R,期元大S＆P原油反1,10,0,10,華南永昌-潮州,2024-06-28,9328
00712,復華富時不動產,10,0,10,華南永昌-潮州,2024-06-28,9328
00942B,台新美A公司債20+,10,0,10,華南永昌-潮州,2024-06-28,9328
1303,南亞,10,0,10,華南永昌-潮州,2024-06-28,9328
2206,三陽工業,21,11,10,華南永昌-潮州,2024-06-28,9328
3041,揚智,10,0,10,華南永昌-潮州,2024-06-28,9328
3466,德晉,10,0,10,華南永昌-潮州,2024-06-28,9328
5353,台林,10,0,10,華南永昌-潮州,2024-06-28,9328
8104,錸寶,10,0,10,華南永昌-潮州,2024-06-28,9328
3312,弘憶股,63,53,10,華南永昌-潮州,2024-06-28,9328
2014,中鴻,10,0,10,華南永昌-潮州,2024-06-28,9328
8064,東捷,21,12,9,華南永昌-潮州,2024-06-28,9328
2495,普安,21,12,9,華南永昌-潮州,2024-06-28,9328
2609,陽明,21,12,9,華南永昌-潮州,2024-06-28,9328
00948B,中信優息投資級債,7,0,7,華南永昌-潮州,2024-06-28,9328
6770,力積電,18,11,7,華南永昌-潮州,2024-06-28,9328
3021,鴻名,7,0,7,華南永昌-潮州,2024-06-28,9328
6166,凌華,7,0,7,華南永昌-潮州,2024-06-28,9328
2317,鴻海,13,7,6,華南永昌-潮州,2024-06-28,9328
3231,緯創,12,6,6,華南永昌-潮州,2024-06-28,9328
00937B,群益ESG投等債20,410,0,410,華南永昌-潮州,2024-07-01,9328
00929,復華台灣科技優息,126,3,123,華南永昌-潮州,2024-07-01,9328
3576,聯合再生,229,120,109,華南永昌-潮州,2024-07-01,9328
3024,憶聲,228,120,108,華南永昌-潮州,2024-07-01,9328
00918,大華優利高填息30,95,1,94,華南永昌-潮州,2024-07-01,9328
00680L,元大美債20正2,76,4,72,華南永昌-潮州,2024-07-01,9328
2406,國碩,73,8,65,華南永昌-潮州,2024-07-01,9328
2337,旺宏,65,2,63,華南永昌-潮州,2024-07-01,9328
00687B,國泰20年美債,59,0,59,華南永昌-潮州,2024-07-01,9328
00882,中信中國高股息,50,0,50,華南永昌-潮州,2024-07-01,9328
3050,鈺德,51,3,48,華南永昌-潮州,2024-07-01,9328
00679B,元大美債20年,44,0,44,華南永昌-潮州,2024-07-01,9328
2515,中工,42,1,41,華南永昌-潮州,2024-07-01,9328
00887,永豐中國科技50大,40,0,40,華南永昌-潮州,2024-07-01,9328
2303,聯電,67,28,39,華南永昌-潮州,2024-07-01,9328
2352,佳世達,40,7,33,華南永昌-潮州,2024-07-01,9328
00919,群益台灣精選高息,47,19,28,華南永昌-潮州,2024-07-01,9328
5009,榮剛,33,6,27,華南永昌-潮州,2024-07-01,9328
00948B,中信優息投資級債,26,0,26,華南永昌-潮州,2024-07-01,9328
6770,力積電,47,24,23,華南永昌-潮州,2024-07-01,9328
3605,宏致,23,0,23,華南永昌-潮州,2024-07-01,9328
2867,三商壽,21,0,21,華南永昌-潮州,2024-07-01,9328
00753L,中信中國50正2,20,0,20,華南永昌-潮州,2024-07-01,9328
2538,基泰,20,0,20,華南永昌-潮州,2024-07-01,9328
3305,昇貿,30,10,20,華南永昌-潮州,2024-07-01,9328
006208,富邦台50,19,0,19,華南永昌-潮州,2024-07-01,9328
8071,能率網通,19,0,19,華南永昌-潮州,2024-07-01,9328
2313,華通,22,4,18,華南永昌-潮州,2024-07-01,9328
2615,萬海,39,21,18,華南永昌-潮州,2024-07-01,9328
6431,光麗-KY,20,4,16,華南永昌-潮州,2024-07-01,9328
1718,中纖,15,0,15,華南永昌-潮州,2024-07-01,9328
1611,中電,15,0,15,華南永昌-潮州,2024-07-01,9328
00936,台新永續高息中小,14,0,14,華南永昌-潮州,2024-07-01,9328
1815,富喬,49,35,14,華南永昌-潮州,2024-07-01,9328
2609,陽明,31,18,13,華南永昌-潮州,2024-07-01,9328
3205,佰研,24,11,13,華南永昌-潮州,2024-07-01,9328
4417,金洲,13,0,13,華南永昌-潮州,2024-07-01,9328
2359,所羅門,54,42,12,華南永昌-潮州,2024-07-01,9328
3338,泰碩,21,9,12,華南永昌-潮州,2024-07-01,9328
6443,元晶,13,1,12,華南永昌-潮州,2024-07-01,9328
8096,擎亞,13,1,12,華南永昌-潮州,2024-07-01,9328
4915,致伸,11,0,11,華南永昌-潮州,2024-07-01,9328
2002,中鋼,10,0,10,華南永昌-潮州,2024-07-01,9328
1307,三芳,10,0,10,華南永昌-潮州,2024-07-01,9328
1582,信錦,10,0,10,華南永昌-潮州,2024-07-01,9328
2362,藍天,10,0,10,華南永昌-潮州,2024-07-01,9328
1503,士電,10,1,9,華南永昌-潮州,2024-07-01,9328
2421,建準,9,0,9,華南永昌-潮州,2024-07-01,9328
3372,典範,11,2,9,華南永昌-潮州,2024-07-01,9328
6179,亞通,9,0,9,華南永昌-潮州,2024-07-01,9328
00937B,群益ESG投等債20,185,2,183,華南永昌-潮州,2024-07-02,9328
00934,中信成長高股息,138,1,137,華南永昌-潮州,2024-07-02,9328
00946,群益科技高息成長,136,0,136,華南永昌-潮州,2024-07-02,9328
00929,復華台灣科技優息,211,114,97,華南永昌-潮州,2024-07-02,9328
2303,聯電,100,14,86,華南永昌-潮州,2024-07-02,9328
00680L,元大美債20正2,82,0,82,華南永昌-潮州,2024-07-02,9328
2349,錸德,122,43,79,華南永昌-潮州,2024-07-02,9328
0056,元大高股息,79,0,79,華南永昌-潮州,2024-07-02,9328
2609,陽明,84,9,75,華南永昌-潮州,2024-07-02,9328
6834,天二科技,66,0,66,華南永昌-潮州,2024-07-02,9328
00940,元大台灣價值高息,135,69,66,華南永昌-潮州,2024-07-02,9328
00936,台新永續高息中小,55,0,55,華南永昌-潮州,2024-07-02,9328
2317,鴻海,61,8,53,華南永昌-潮州,2024-07-02,9328
6166,凌華,52,0,52,華南永昌-潮州,2024-07-02,9328
00942B,台新美A公司債20+,40,0,40,華南永昌-潮州,2024-07-02,9328
1319,東陽,40,0,40,華南永昌-潮州,2024-07-02,9328
00712,復華富時不動產,35,1,34,華南永昌-潮州,2024-07-02,9328
2464,盟立,37,5,32,華南永昌-潮州,2024-07-02,9328
2371,大同,27,0,27,華南永昌-潮州,2024-07-02,9328
2923,鼎固-KY,27,0,27,華南永昌-潮州,2024-07-02,9328
2030,彰源,27,0,27,華南永昌-潮州,2024-07-02,9328
3338,泰碩,26,0,26,華南永昌-潮州,2024-07-02,9328
00673R,期元大S＆P原油反1,25,0,25,華南永昌-潮州,2024-07-02,9328
2409,友達,28,6,22,華南永昌-潮州,2024-07-02,9328
1312,國喬,20,0,20,華南永昌-潮州,2024-07-02,9328
6179,亞通,20,0,20,華南永昌-潮州,2024-07-02,9328
1815,富喬,25,7,18,華南永昌-潮州,2024-07-02,9328
9105,泰金寶-DR,45,27,18,華南永昌-潮州,2024-07-02,9328
2615,萬海,19,2,17,華南永昌-潮州,2024-07-02,9328
2002,中鋼,18,2,16,華南永昌-潮州,2024-07-02,9328
2353,宏��,19,3,16,華南永昌-潮州,2024-07-02,9328
2365,昆盈,90,74,16,華南永昌-潮州,2024-07-02,9328
3576,聯合再生,58,42,16,華南永昌-潮州,2024-07-02,9328
3024,憶聲,23,10,13,華南永昌-潮州,2024-07-02,9328
00931B,統一美債20年,13,0,13,華南永昌-潮州,2024-07-02,9328
5880,合庫金,13,0,13,華南永昌-潮州,2024-07-02,9328
00915,凱基優選高股息30,15,2,13,華南永昌-潮州,2024-07-02,9328
3535,晶彩科,44,31,13,華南永昌-潮州,2024-07-02,9328
6547,高端疫苗,13,0,13,華南永昌-潮州,2024-07-02,9328
1301,台塑,13,0,13,華南永昌-潮州,2024-07-02,9328
1785,光洋科,14,2,12,華南永昌-潮州,2024-07-02,9328
2892,第一金,12,0,12,華南永昌-潮州,2024-07-02,9328
3027,盛達,12,0,12,華南永昌-潮州,2024-07-02,9328
3050,鈺德,14,2,12,華南永昌-潮州,2024-07-02,9328
1227,佳格,11,0,11,華南永昌-潮州,2024-07-02,9328
6116,彩晶,10,0,10,華南永昌-潮州,2024-07-02,9328
2308,台達電,11,1,10,華南永昌-潮州,2024-07-02,9328
1504,東元,11,1,10,華南永昌-潮州,2024-07-02,9328
00706L,期元大S＆P日圓正2,10,0,10,華南永昌-潮州,2024-07-02,9328
00688L,國泰20年美債正2,10,0,10,華南永昌-潮州,2024-07-02,9328
00679B,元大美債20年,210,2,208,華南永昌-潮州,2024-07-03,9328
3050,鈺德,88,26,62,華南永昌-潮州,2024-07-03,9328
00934,中信成長高股息,53,1,52,華南永昌-潮州,2024-07-03,9328
4915,致伸,48,3,45,華南永昌-潮州,2024-07-03,9328
8104,錸寶,53,8,45,華南永昌-潮州,2024-07-03,9328
5880,合庫金,50,7,43,華南永昌-潮州,2024-07-03,9328
00680L,元大美債20正2,39,0,39,華南永昌-潮州,2024-07-03,9328
3047,訊舟,53,16,37,華南永昌-潮州,2024-07-03,9328
2317,鴻海,40,4,36,華南永昌-潮州,2024-07-03,9328
00949,復華日本龍頭,36,5,31,華南永昌-潮州,2024-07-03,9328
2323,中環,62,36,26,華南永昌-潮州,2024-07-03,9328
00945B,凱基美國非投等債,25,0,25,華南永昌-潮州,2024-07-03,9328
4417,金洲,24,0,24,華南永昌-潮州,2024-07-03,9328
6443,元晶,113,89,24,華南永昌-潮州,2024-07-03,9328
6282,康舒,23,2,21,華南永昌-潮州,2024-07-03,9328
00897,富邦基因免疫生技,20,0,20,華南永昌-潮州,2024-07-03,9328
1702,南僑,25,5,20,華南永昌-潮州,2024-07-03,9328
3060,銘異,18,0,18,華南永昌-潮州,2024-07-03,9328
8016,矽創,19,1,18,華南永昌-潮州,2024-07-03,9328
2405,輔信,50,33,17,華南永昌-潮州,2024-07-03,9328
5443,均豪,31,16,15,華南永昌-潮州,2024-07-03,9328
1522,堤維西,15,1,14,華南永昌-潮州,2024-07-03,9328
2356,英業達,12,0,12,華南永昌-潮州,2024-07-03,9328
2402,毅嘉,18,6,12,華南永昌-潮州,2024-07-03,9328
2605,新興,18,6,12,華南永昌-潮州,2024-07-03,9328
3663,鑫科,34,23,11,華南永昌-潮州,2024-07-03,9328
00688L,國泰20年美債正2,11,0,11,華南永昌-潮州,2024-07-03,9328
2852,第一保,11,0,11,華南永昌-潮州,2024-07-03,9328
8112,至上,11,0,11,華南永昌-潮州,2024-07-03,9328
9105,泰金寶-DR,25,14,11,華南永昌-潮州,2024-07-03,9328
1612,宏泰,10,0,10,華南永昌-潮州,2024-07-03,9328
1504,東元,10,0,10,華南永昌-潮州,2024-07-03,9328
00896,中信綠能及電動車,10,0,10,華南永昌-潮州,2024-07-03,9328
00946,群益科技高息成長,12,2,10,華南永昌-潮州,2024-07-03,9328
1506,正道,10,0,10,華南永昌-潮州,2024-07-03,9328
2332,友訊,10,0,10,華南永昌-潮州,2024-07-03,9328
00936,台新永續高息中小,10,1,9,華南永昌-潮州,2024-07-03,9328
00942B,台新美A公司債20+,9,0,9,華南永昌-潮州,2024-07-03,9328
2337,旺宏,11,2,9,華南永昌-潮州,2024-07-03,9328
2915,潤泰全,9,0,9,華南永昌-潮州,2024-07-03,9328
3615,安可,14,5,9,華南永昌-潮州,2024-07-03,9328
6231,系微,12,3,9,華南永昌-潮州,2024-07-03,9328
8071,能率網通,10,1,9,華南永昌-潮州,2024-07-03,9328
4976,佳凌,9,0,9,華南永昌-潮州,2024-07-03,9328
1605,華新,8,0,8,華南永昌-潮州,2024-07-03,9328
00927,群益半導體收益,8,0,8,華南永昌-潮州,2024-07-03,9328
00937B,群益ESG投等債20,19,11,8,華南永昌-潮州,2024-07-03,9328
2367,燿華,41,33,8,華南永昌-潮州,2024-07-03,9328
4726,永昕,13,5,8,華南永昌-潮州,2024-07-03,9328
6173,信昌電,8,0,8,華南永昌-潮州,2024-07-03,9328
00632R,元大台灣50反1,114,0,114,華南永昌-潮州,2024-07-04,9328
00934,中信成長高股息,108,0,108,華南永昌-潮州,2024-07-04,9328
3050,鈺德,101,11,90,華南永昌-潮州,2024-07-04,9328
2323,中環,98,12,86,華南永昌-潮州,2024-07-04,9328
9105,泰金寶-DR,66,5,61,華南永昌-潮州,2024-07-04,9328
2412,中華電,54,1,53,華南永昌-潮州,2024-07-04,9328
6142,友勁,39,0,39,華南永昌-潮州,2024-07-04,9328
00936,台新永續高息中小,38,0,38,華南永昌-潮州,2024-07-04,9328
00720B,元大投資級公司債,31,0,31,華南永昌-潮州,2024-07-04,9328
2009,第一銅,30,1,29,華南永昌-潮州,2024-07-04,9328
00942B,台新美A公司債20+,28,0,28,華南永昌-潮州,2024-07-04,9328
4526,東台,27,0,27,華南永昌-潮州,2024-07-04,9328
00919,群益台灣精選高息,31,6,25,華南永昌-潮州,2024-07-04,9328
5347,世界,26,1,25,華南永昌-潮州,2024-07-04,9328
6179,亞通,36,12,24,華南永昌-潮州,2024-07-04,9328
8064,東捷,34,13,21,華南永昌-潮州,2024-07-04,9328
00949,復華日本龍頭,22,1,21,華南永昌-潮州,2024-07-04,9328
5328,華容,23,2,21,華南永昌-潮州,2024-07-04,9328
00887,永豐中國科技50大,20,0,20,華南永昌-潮州,2024-07-04,9328
00897,富邦基因免疫生技,20,0,20,華南永昌-潮州,2024-07-04,9328
1702,南僑,20,0,20,華南永昌-潮州,2024-07-04,9328
4417,金洲,20,0,20,華南永昌-潮州,2024-07-04,9328
2489,瑞軒,30,11,19,華南永昌-潮州,2024-07-04,9328
1409,新纖,33,14,19,華南永昌-潮州,2024-07-04,9328
6115,鎰勝,52,34,18,華南永昌-潮州,2024-07-04,9328
2344,華邦電,18,0,18,華南永昌-潮州,2024-07-04,9328
00929,復華台灣科技優息,30,13,17,華南永昌-潮州,2024-07-04,9328
2324,仁寶,19,3,16,華南永昌-潮州,2024-07-04,9328
3673,TPK-KY,16,0,16,華南永昌-潮州,2024-07-04,9328
2405,輔信,67,53,14,華南永昌-潮州,2024-07-04,9328
2464,盟立,15,1,14,華南永昌-潮州,2024-07-04,9328
4109,加捷生醫,14,0,14,華南永昌-潮州,2024-07-04,9328
8358,金居,15,1,14,華南永昌-潮州,2024-07-04,9328
00927,群益半導體收益,14,0,14,華南永昌-潮州,2024-07-04,9328
2603,長榮,13,0,13,華南永昌-潮州,2024-07-04,9328
3024,憶聲,15,2,13,華南永昌-潮州,2024-07-04,9328
00650L,復華香港正2,12,0,12,華南永昌-潮州,2024-07-04,9328
2605,新興,12,0,12,華南永昌-潮州,2024-07-04,9328
8277,商丞,12,0,12,華南永昌-潮州,2024-07-04,9328
2374,佳能,39,28,11,華南永昌-潮州,2024-07-04,9328
2606,裕民,12,1,11,華南永昌-潮州,2024-07-04,9328
2449,京元電子,14,4,10,華南永昌-潮州,2024-07-04,9328
00673R,期元大S＆P原油反1,10,0,10,華南永昌-潮州,2024-07-04,9328
1447,力鵬,10,0,10,華南永昌-潮州,2024-07-04,9328
1612,宏泰,11,1,10,華南永昌-潮州,2024-07-04,9328
1718,中纖,20,10,10,華南永昌-潮州,2024-07-04,9328
6173,信昌電,10,0,10,華南永昌-潮州,2024-07-04,9328
8070,長華*,10,0,10,華南永昌-潮州,2024-07-04,9328
8093,保銳,10,0,10,華南永昌-潮州,2024-07-04,9328
00946,群益科技高息成長,9,0,9,華南永昌-潮州,2024-07-04,9328
9933,中鼎,210,0,210,華南永昌-潮州,2024-07-05,9328
00934,中信成長高股息,93,8,85,華南永昌-潮州,2024-07-05,9328
2374,佳能,168,89,79,華南永昌-潮州,2024-07-05,9328
00936,台新永續高息中小,77,0,77,華南永昌-潮州,2024-07-05,9328
2609,陽明,75,9,66,華南永昌-潮州,2024-07-05,9328
2618,長榮航,52,1,51,華南永昌-潮州,2024-07-05,9328
00687B,國泰20年美債,45,0,45,華南永昌-潮州,2024-07-05,9328
3481,群創,95,53,42,華南永昌-潮州,2024-07-05,9328
00905,FT臺灣Smart,40,0,40,華南永昌-潮州,2024-07-05,9328
6414,樺漢,40,7,33,華南永昌-潮州,2024-07-05,9328
00632R,元大台灣50反1,30,0,30,華南永昌-潮州,2024-07-05,9328
3576,聯合再生,53,27,26,華南永昌-潮州,2024-07-05,9328
00937B,群益ESG投等債20,26,2,24,華南永昌-潮州,2024-07-05,9328
2349,錸德,32,10,22,華南永昌-潮州,2024-07-05,9328
2356,英業達,42,20,22,華南永昌-潮州,2024-07-05,9328
4167,松瑞藥,21,0,21,華南永昌-潮州,2024-07-05,9328
2615,萬海,46,26,20,華南永昌-潮州,2024-07-05,9328
2317,鴻海,29,8,21,華南永昌-潮州,2024-07-05,9328
00679B,元大美債20年,25,5,20,華南永昌-潮州,2024-07-05,9328
00637L,元大滬深300正2,20,0,20,華南永昌-潮州,2024-07-05,9328
6129,普誠,20,0,20,華南永昌-潮州,2024-07-05,9328
2323,中環,33,15,18,華南永昌-潮州,2024-07-05,9328
3710,連展投控,30,13,17,華南永昌-潮州,2024-07-05,9328
4306,炎洲,19,2,17,華南永昌-潮州,2024-07-05,9328
1609,大亞,19,3,16,華南永昌-潮州,2024-07-05,9328
2353,宏��,19,4,15,華南永昌-潮州,2024-07-05,9328
2332,友訊,15,0,15,華南永昌-潮州,2024-07-05,9328
2603,長榮,16,1,15,華南永昌-潮州,2024-07-05,9328
00946,群益科技高息成長,14,0,14,華南永昌-潮州,2024-07-05,9328
2903,遠百,14,0,14,華南永昌-潮州,2024-07-05,9328
6153,嘉聯益,17,3,14,華南永昌-潮州,2024-07-05,9328
2301,光寶科,20,7,13,華南永昌-潮州,2024-07-05,9328
2371,大同,13,0,13,華南永昌-潮州,2024-07-05,9328
1217,愛之味,12,0,12,華南永昌-潮州,2024-07-05,9328
2312,金寶,16,4,12,華南永昌-潮州,2024-07-05,9328
3048,益登,61,49,12,華南永昌-潮州,2024-07-05,9328
3581,博磊,13,1,12,華南永昌-潮州,2024-07-05,9328
4417,金洲,12,0,12,華南永昌-潮州,2024-07-05,9328
1618,合機,14,3,11,華南永昌-潮州,2024-07-05,9328
6451,訊芯-KY,14,4,10,華南永昌-潮州,2024-07-05,9328
3189,景碩,10,0,10,華南永昌-潮州,2024-07-05,9328
00944,野村趨勢動能高息,10,0,10,華南永昌-潮州,2024-07-05,9328
2412,中華電,10,0,10,華南永昌-潮州,2024-07-05,9328
3504,揚明光,10,0,10,華南永昌-潮州,2024-07-05,9328
3580,友威科,31,21,10,華南永昌-潮州,2024-07-05,9328
4763,材料-KY,10,0,10,華南永昌-潮州,2024-07-05,9328
5392,能率,21,11,10,華南永昌-潮州,2024-07-05,9328
8110,華東,29,19,10,華南永昌-潮州,2024-07-05,9328
912000,晨訊科-DR,14,4,10,華南永昌-潮州,2024-07-05,9328
9136,巨騰-DR,10,0,10,華南永昌-潮州,2024-07-05,9328
00934,中信成長高股息,142,0,142,華南永昌-潮州,2024-07-08,9328
912000,晨訊科-DR,162,40,122,華南永昌-潮州,2024-07-08,9328
00650L,復華香港正2,102,0,102,華南永昌-潮州,2024-07-08,9328
2610,華航,119,17,102,華南永昌-潮州,2024-07-08,9328
1301,台塑,106,5,101,華南永昌-潮州,2024-07-08,9328
8111,立��,100,2,98,華南永昌-潮州,2024-07-08,9328
00919,群益台灣精選高息,96,3,93,華南永昌-潮州,2024-07-08,9328
00929,復華台灣科技優息,94,6,88,華南永昌-潮州,2024-07-08,9328
1528,恩德,71,1,70,華南永昌-潮州,2024-07-08,9328
3710,連展投控,62,3,59,華南永昌-潮州,2024-07-08,9328
1409,新纖,74,19,55,華南永昌-潮州,2024-07-08,9328
2609,陽明,54,16,38,華南永昌-潮州,2024-07-08,9328
6443,元晶,32,1,31,華南永昌-潮州,2024-07-08,9328
2365,昆盈,103,72,31,華南永昌-潮州,2024-07-08,9328
6152,百一,29,1,28,華南永昌-潮州,2024-07-08,9328
00915,凱基優選高股息30,24,0,24,華南永昌-潮州,2024-07-08,9328
0056,元大高股息,23,1,22,華南永昌-潮州,2024-07-08,9328
2615,萬海,30,8,22,華南永昌-潮州,2024-07-08,9328
00665L,富邦�琤肭磪囓�2,22,0,22,華南永昌-潮州,2024-07-08,9328
1714,和桐,21,0,21,華南永昌-潮州,2024-07-08,9328
2605,新興,21,1,20,華南永昌-潮州,2024-07-08,9328
1536,和大,58,38,20,華南永昌-潮州,2024-07-08,9328
4540,全球傳動,21,1,20,華南永昌-潮州,2024-07-08,9328
4108,懷特,20,1,19,華南永昌-潮州,2024-07-08,9328
2401,凌陽,18,1,17,華南永昌-潮州,2024-07-08,9328
00927,群益半導體收益,17,1,16,華南永昌-潮州,2024-07-08,9328
2371,大同,16,0,16,華南永昌-潮州,2024-07-08,9328
3325,旭品,16,0,16,華南永昌-潮州,2024-07-08,9328
6126,信音,23,7,16,華南永昌-潮州,2024-07-08,9328
2344,華邦電,17,2,15,華南永昌-潮州,2024-07-08,9328
3051,力特,15,0,15,華南永昌-潮州,2024-07-08,9328
8028,昇陽半導體,18,3,15,華南永昌-潮州,2024-07-08,9328
2412,中華電,14,0,14,華南永昌-潮州,2024-07-08,9328
2834,臺企銀,15,2,13,華南永昌-潮州,2024-07-08,9328
1513,中興電,18,5,13,華南永昌-潮州,2024-07-08,9328
4167,松瑞藥,34,21,13,華南永昌-潮州,2024-07-08,9328
6179,亞通,13,0,13,華南永昌-潮州,2024-07-08,9328
2408,南亞科,14,2,12,華南永昌-潮州,2024-07-08,9328
5202,力新,12,0,12,華南永昌-潮州,2024-07-08,9328
2397,友通,15,3,12,華南永昌-潮州,2024-07-08,9328
00936,台新永續高息中小,11,0,11,華南永昌-潮州,2024-07-08,9328
5443,均豪,33,22,11,華南永昌-潮州,2024-07-08,9328
1540,喬福,11,0,11,華南永昌-潮州,2024-07-08,9328
1608,華榮,11,0,11,華南永昌-潮州,2024-07-08,9328
2329,華泰,14,3,11,華南永昌-潮州,2024-07-08,9328
2801,彰銀,12,1,11,華南永昌-潮州,2024-07-08,9328
2882,國泰金,13,2,11,華南永昌-潮州,2024-07-08,9328
6431,光麗-KY,11,0,11,華南永昌-潮州,2024-07-08,9328
8059,凱碩,11,0,11,華南永昌-潮州,2024-07-08,9328
8150,南茂,12,1,11,華南永昌-潮州,2024-07-08,9328
9105,泰金寶-DR,183,28,155,華南永昌-潮州,2024-07-09,9328
00632R,元大台灣50反1,125,6,119,華南永昌-潮州,2024-07-09,9328
2888,新光金,198,110,88,華南永昌-潮州,2024-07-09,9328
00934,中信成長高股息,88,2,86,華南永昌-潮州,2024-07-09,9328
2365,昆盈,153,69,84,華南永昌-潮州,2024-07-09,9328
2312,金寶,136,55,81,華南永昌-潮州,2024-07-09,9328
00935,野村臺灣新科技50,68,0,68,華南永昌-潮州,2024-07-09,9328
1785,光洋科,72,9,63,華南永昌-潮州,2024-07-09,9328
8111,立��,53,2,51,華南永昌-潮州,2024-07-09,9328
3050,鈺德,62,12,50,華南永昌-潮州,2024-07-09,9328
2405,輔信,135,86,49,華南永昌-潮州,2024-07-09,9328
00929,復華台灣科技優息,106,57,49,華南永昌-潮州,2024-07-09,9328
00949,復華日本龍頭,42,1,41,華南永昌-潮州,2024-07-09,9328
3047,訊舟,95,54,41,華南永昌-潮州,2024-07-09,9328
2834,臺企銀,39,2,37,華南永昌-潮州,2024-07-09,9328
3276,宇環,38,1,37,華南永昌-潮州,2024-07-09,9328
1528,恩德,35,1,34,華南永昌-潮州,2024-07-09,9328
00936,台新永續高息中小,73,41,32,華南永昌-潮州,2024-07-09,9328
2485,兆赫,31,0,31,華南永昌-潮州,2024-07-09,9328
4167,松瑞藥,30,0,30,華南永昌-潮州,2024-07-09,9328
8105,凌巨,34,7,27,華南永昌-潮州,2024-07-09,9328
2208,台船,27,0,27,華南永昌-潮州,2024-07-09,9328
00891,中信關鍵半導體,26,1,25,華南永昌-潮州,2024-07-09,9328
00878,國泰永續高股息,25,0,25,華南永昌-潮州,2024-07-09,9328
3062,建漢,27,3,24,華南永昌-潮州,2024-07-09,9328
2615,萬海,39,17,22,華南永昌-潮州,2024-07-09,9328
2367,燿華,208,188,20,華南永昌-潮州,2024-07-09,9328
1711,永光,20,1,19,華南永昌-潮州,2024-07-09,9328
0056,元大高股息,20,1,19,華南永昌-潮州,2024-07-09,9328
2353,宏��,20,2,18,華南永昌-潮州,2024-07-09,9328
2618,長榮航,19,2,17,華南永昌-潮州,2024-07-09,9328
2317,鴻海,54,37,17,華南永昌-潮州,2024-07-09,9328
00887,永豐中國科技50大,15,0,15,華南永昌-潮州,2024-07-09,9328
1409,新纖,19,4,15,華南永昌-潮州,2024-07-09,9328
4906,正文,18,3,15,華南永昌-潮州,2024-07-09,9328
00915,凱基優選高股息30,14,0,14,華南永昌-潮州,2024-07-09,9328
3673,TPK-KY,23,9,14,華南永昌-潮州,2024-07-09,9328
2609,陽明,50,37,13,華南永昌-潮州,2024-07-09,9328
2352,佳世達,15,3,12,華南永昌-潮州,2024-07-09,9328
5443,均豪,17,5,12,華南永昌-潮州,2024-07-09,9328
5475,德宏,12,0,12,華南永昌-潮州,2024-07-09,9328
911868,同方友友-DR,15,3,12,華南永昌-潮州,2024-07-09,9328
3231,緯創,12,1,11,華南永昌-潮州,2024-07-09,9328
4956,光鋐,18,7,11,華南永昌-潮州,2024-07-09,9328
6414,樺漢,11,0,11,華南永昌-潮州,2024-07-09,9328
8086,宏捷科,12,1,11,華南永昌-潮州,2024-07-09,9328
4909,新復興,16,6,10,華南永昌-潮州,2024-07-09,9328
2474,可成,10,0,10,華南永昌-潮州,2024-07-09,9328
1104,環泥,10,0,10,華南永昌-潮州,2024-07-09,9328
1909,榮成,10,0,10,華南永昌-潮州,2024-07-09,9328
2883,凱基金,405,41,364,華南永昌-潮州,2024-07-10,9328
00929,復華台灣科技優息,114,36,78,華南永昌-潮州,2024-07-10,9328
2312,金寶,127,86,41,華南永昌-潮州,2024-07-10,9328
1314,中石化,52,13,39,華南永昌-潮州,2024-07-10,9328
2305,全友,37,0,37,華南永昌-潮州,2024-07-10,9328
00905,FT臺灣Smart,31,0,31,華南永昌-潮州,2024-07-10,9328
6443,元晶,33,3,30,華南永昌-潮州,2024-07-10,9328
2374,佳能,42,14,28,華南永昌-潮州,2024-07-10,9328
00927,群益半導體收益,26,0,26,華南永昌-潮州,2024-07-10,9328
00937B,群益ESG投等債20,25,0,25,華南永昌-潮州,2024-07-10,9328
5292,華懋,23,0,23,華南永昌-潮州,2024-07-10,9328
1504,東元,22,0,22,華南永昌-潮州,2024-07-10,9328
2867,三商壽,25,4,21,華南永昌-潮州,2024-07-10,9328
2498,宏達電,21,1,20,華南永昌-潮州,2024-07-10,9328
3576,聯合再生,20,0,20,華南永昌-潮州,2024-07-10,9328
00753L,中信中國50正2,20,0,20,華南永昌-潮州,2024-07-10,9328
3712,永崴投控,24,4,20,華南永昌-潮州,2024-07-10,9328
6538,倉和,20,0,20,華南永昌-潮州,2024-07-10,9328
912000,晨訊科-DR,20,0,20,華南永昌-潮州,2024-07-10,9328
00680L,元大美債20正2,19,0,19,華南永昌-潮州,2024-07-10,9328
2337,旺宏,22,3,19,華南永昌-潮州,2024-07-10,9328
00936,台新永續高息中小,18,0,18,華南永昌-潮州,2024-07-10,9328
00934,中信成長高股息,19,1,18,華南永昌-潮州,2024-07-10,9328
3710,連展投控,21,3,18,華南永昌-潮州,2024-07-10,9328
6477,安集,21,3,18,華南永昌-潮州,2024-07-10,9328
1326,台化,17,0,17,華南永昌-潮州,2024-07-10,9328
00712,復華富時不動產,16,1,15,華南永昌-潮州,2024-07-10,9328
00878,國泰永續高股息,15,0,15,華南永昌-潮州,2024-07-10,9328
1718,中纖,15,0,15,華南永昌-潮州,2024-07-10,9328
3379,彬台,14,0,14,華南永昌-潮州,2024-07-10,9328
6152,百一,13,0,13,華南永昌-潮州,2024-07-10,9328
00949,復華日本龍頭,12,0,12,華南永昌-潮州,2024-07-10,9328
3051,力特,12,0,12,華南永昌-潮州,2024-07-10,9328
3673,TPK-KY,24,12,12,華南永昌-潮州,2024-07-10,9328
4513,福裕,16,4,12,華南永昌-潮州,2024-07-10,9328
6139,亞翔,12,0,12,華南永昌-潮州,2024-07-10,9328
1528,恩德,98,87,11,華南永昌-潮州,2024-07-10,9328
2406,國碩,17,6,11,華南永昌-潮州,2024-07-10,9328
4167,松瑞藥,11,0,11,華南永昌-潮州,2024-07-10,9328
8150,南茂,13,2,11,華南永昌-潮州,2024-07-10,9328
2002,中鋼,12,1,11,華南永昌-潮州,2024-07-10,9328
4906,正文,18,8,10,華南永昌-潮州,2024-07-10,9328
00942B,台新美A公司債20+,10,0,10,華南永昌-潮州,2024-07-10,9328
1309,台達化,10,0,10,華南永昌-潮州,2024-07-10,9328
3030,德律,10,0,10,華南永昌-潮州,2024-07-10,9328
3466,德晉,10,1,9,華南永昌-潮州,2024-07-10,9328
4979,華星光,12,3,9,華南永昌-潮州,2024-07-10,9328
2392,正崴,63,55,8,華南永昌-潮州,2024-07-10,9328
3027,盛達,8,0,8,華南永昌-潮州,2024-07-10,9328
6270,倍微,8,0,8,華南永昌-潮州,2024-07-10,9328
2801,彰銀,1005,22,983,華南永昌-潮州,2024-07-11,9328
00934,中信成長高股息,153,0,153,華南永昌-潮州,2024-07-11,9328
2867,三商壽,114,42,72,華南永昌-潮州,2024-07-11,9328
9105,泰金寶-DR,79,16,63,華南永昌-潮州,2024-07-11,9328
1314,中石化,46,0,46,華南永昌-潮州,2024-07-11,9328
1815,富喬,65,21,44,華南永昌-潮州,2024-07-11,9328
00937B,群益ESG投等債20,45,2,43,華南永昌-潮州,2024-07-11,9328
2354,鴻準,54,14,40,華南永昌-潮州,2024-07-11,9328
00929,復華台灣科技優息,45,12,33,華南永昌-潮州,2024-07-11,9328
1711,永光,31,0,31,華南永昌-潮州,2024-07-11,9328
3059,華晶科,27,1,26,華南永昌-潮州,2024-07-11,9328
2337,旺宏,42,20,22,華南永昌-潮州,2024-07-11,9328
3050,鈺德,26,4,22,華南永昌-潮州,2024-07-11,9328
2834,臺企銀,22,0,22,華南永昌-潮州,2024-07-11,9328
2888,新光金,73,51,22,華南永昌-潮州,2024-07-11,9328
1504,東元,21,0,21,華南永昌-潮州,2024-07-11,9328
2392,正崴,51,31,20,華南永昌-潮州,2024-07-11,9328
3024,憶聲,21,1,20,華南永昌-潮州,2024-07-11,9328
912000,晨訊科-DR,33,13,20,華南永昌-潮州,2024-07-11,9328
8033,雷虎,19,0,19,華南永昌-潮州,2024-07-11,9328
2014,中鴻,18,0,18,華南永昌-潮州,2024-07-11,9328
6139,亞翔,19,3,16,華南永昌-潮州,2024-07-11,9328
8046,南電,15,0,15,華南永昌-潮州,2024-07-11,9328
2316,楠梓電,32,18,14,華南永昌-潮州,2024-07-11,9328
5452,佶優,22,8,14,華南永昌-潮州,2024-07-11,9328
6244,茂迪,16,3,13,華南永昌-潮州,2024-07-11,9328
8064,東捷,35,23,12,華南永昌-潮州,2024-07-11,9328
2405,輔信,29,17,12,華南永昌-潮州,2024-07-11,9328
8147,正淩,12,1,11,華南永昌-潮州,2024-07-11,9328
1609,大亞,23,12,11,華南永昌-潮州,2024-07-11,9328
3576,聯合再生,57,46,11,華南永昌-潮州,2024-07-11,9328
1447,力鵬,11,0,11,華南永昌-潮州,2024-07-11,9328
2745,五福,11,0,11,華南永昌-潮州,2024-07-11,9328
6152,百一,11,0,11,華南永昌-潮州,2024-07-11,9328
2464,盟立,38,27,11,華南永昌-潮州,2024-07-11,9328
5371,中光電,10,0,10,華南永昌-潮州,2024-07-11,9328
1718,中纖,10,0,10,華南永昌-潮州,2024-07-11,9328
2458,義隆,10,0,10,華南永昌-潮州,2024-07-11,9328
2478,大毅,10,0,10,華南永昌-潮州,2024-07-11,9328
2537,聯上發,56,46,10,華南永昌-潮州,2024-07-11,9328
2605,新興,10,0,10,華南永昌-潮州,2024-07-11,9328
2630,亞航,11,1,10,華南永昌-潮州,2024-07-11,9328
3581,博磊,10,0,10,華南永昌-潮州,2024-07-11,9328
4999,鑫禾,10,0,10,華南永昌-潮州,2024-07-11,9328
6026,福邦證,20,10,10,華南永昌-潮州,2024-07-11,9328
6188,廣明,15,5,10,華南永昌-潮州,2024-07-11,9328
2301,光寶科,11,1,10,華南永昌-潮州,2024-07-11,9328
2303,聯電,10,1,9,華南永昌-潮州,2024-07-11,9328
00891,中信關鍵半導體,10,1,9,華南永昌-潮州,2024-07-11,9328
3437,榮創,10,1,9,華南永昌-潮州,2024-07-11,9328
00929,復華台灣科技優息,196,34,162,華南永昌-潮州,2024-07-12,9328
3095,及成,119,0,119,華南永昌-潮州,2024-07-12,9328
00919,群益台灣精選高息,113,3,110,華南永昌-潮州,2024-07-12,9328
00934,中信成長高股息,93,0,93,華南永昌-潮州,2024-07-12,9328
00680L,元大美債20正2,88,4,84,華南永昌-潮州,2024-07-12,9328
2312,金寶,168,88,80,華南永昌-潮州,2024-07-12,9328
2317,鴻海,113,43,70,華南永昌-潮州,2024-07-12,9328
00939,統一台灣高息動能,67,4,63,華南永昌-潮州,2024-07-12,9328
00679B,元大美債20年,72,9,63,華南永昌-潮州,2024-07-12,9328
2303,聯電,61,3,58,華南永昌-潮州,2024-07-12,9328
2406,國碩,67,14,53,華南永昌-潮州,2024-07-12,9328
4414,如興,50,0,50,華南永昌-潮州,2024-07-12,9328
1314,中石化,52,5,47,華南永昌-潮州,2024-07-12,9328
00940,元大台灣價值高息,75,32,43,華南永昌-潮州,2024-07-12,9328
00936,台新永續高息中小,41,0,41,華南永昌-潮州,2024-07-12,9328
9105,泰金寶-DR,35,0,35,華南永昌-潮州,2024-07-12,9328
3711,日月光投控,38,6,32,華南永昌-潮州,2024-07-12,9328
00946,群益科技高息成長,30,0,30,華南永昌-潮州,2024-07-12,9328
5202,力新,27,0,27,華南永昌-潮州,2024-07-12,9328
3710,連展投控,25,0,25,華南永昌-潮州,2024-07-12,9328
3576,聯合再生,26,2,24,華南永昌-潮州,2024-07-12,9328
00881,國泰台灣5G+,21,0,21,華南永昌-潮州,2024-07-12,9328
1308,亞聚,21,0,21,華南永昌-潮州,2024-07-12,9328
00878,國泰永續高股息,21,0,21,華南永昌-潮州,2024-07-12,9328
1303,南亞,21,1,20,華南永昌-潮州,2024-07-12,9328
9938,百和,20,1,19,華南永昌-潮州,2024-07-12,9328
0056,元大高股息,17,0,17,華南永昌-潮州,2024-07-12,9328
1785,光洋科,27,10,17,華南永昌-潮州,2024-07-12,9328
00949,復華日本龍頭,16,0,16,華南永昌-潮州,2024-07-12,9328
5443,均豪,16,0,16,華南永昌-潮州,2024-07-12,9328
2408,南亞科,16,0,16,華南永昌-潮州,2024-07-12,9328
8403,盛弘,16,0,16,華南永昌-潮州,2024-07-12,9328
2330,台積電,17,1,16,華南永昌-潮州,2024-07-12,9328
6139,亞翔,19,3,16,華南永昌-潮州,2024-07-12,9328
1569,濱川,20,5,15,華南永昌-潮州,2024-07-12,9328
3049,精金,15,0,15,華南永昌-潮州,2024-07-12,9328
2537,聯上發,19,6,13,華南永昌-潮州,2024-07-12,9328
8234,新漢,12,0,12,華南永昌-潮州,2024-07-12,9328
2359,所羅門,19,8,11,華南永昌-潮州,2024-07-12,9328
4562,穎漢,11,0,11,華南永昌-潮州,2024-07-12,9328
5243,乙盛-KY,11,0,11,華南永昌-潮州,2024-07-12,9328
1301,台塑,12,1,11,華南永昌-潮州,2024-07-12,9328
3312,弘憶股,23,12,11,華南永昌-潮州,2024-07-12,9328
3231,緯創,12,2,10,華南永昌-潮州,2024-07-12,9328
00676R,富邦臺灣加權反1,10,0,10,華南永昌-潮州,2024-07-12,9328
00688L,國泰20年美債正2,10,0,10,華南永昌-潮州,2024-07-12,9328
1616,億泰,27,17,10,華南永昌-潮州,2024-07-12,9328
2034,允強,10,0,10,華南永昌-潮州,2024-07-12,9328
2538,基泰,10,0,10,華南永昌-潮州,2024-07-12,9328
2618,長榮航,12,2,10,華南永昌-潮州,2024-07-12,9328
00934,中信成長高股息,136,0,136,華南永昌-潮州,2024-07-15,9328
2838,聯邦銀,105,0,105,華南永昌-潮州,2024-07-15,9328
00929,復華台灣科技優息,105,4,101,華南永昌-潮州,2024-07-15,9328
1444,力麗,65,0,65,華南永昌-潮州,2024-07-15,9328
2356,英業達,110,46,64,華南永昌-潮州,2024-07-15,9328
4526,東台,54,4,50,華南永昌-潮州,2024-07-15,9328
00679B,元大美債20年,47,0,47,華南永昌-潮州,2024-07-15,9328
2542,興富發,47,2,45,華南永昌-潮州,2024-07-15,9328
1312,國喬,40,0,40,華南永昌-潮州,2024-07-15,9328
6443,元晶,52,12,40,華南永昌-潮州,2024-07-15,9328
2891,中信金,39,2,37,華南永昌-潮州,2024-07-15,9328
9105,泰金寶-DR,38,4,34,華南永昌-潮州,2024-07-15,9328
00878,國泰永續高股息,36,5,31,華南永昌-潮州,2024-07-15,9328
2317,鴻海,40,10,30,華南永昌-潮州,2024-07-15,9328
00936,台新永續高息中小,29,0,29,華南永昌-潮州,2024-07-15,9328
1608,華榮,74,45,29,華南永昌-潮州,2024-07-15,9328
2323,中環,30,1,29,華南永昌-潮州,2024-07-15,9328
4306,炎洲,30,1,29,華南永昌-潮州,2024-07-15,9328
00680L,元大美債20正2,42,15,27,華南永昌-潮州,2024-07-15,9328
1718,中纖,26,0,26,華南永昌-潮州,2024-07-15,9328
8111,立��,25,0,25,華南永昌-潮州,2024-07-15,9328
6116,彩晶,24,0,24,華南永昌-潮州,2024-07-15,9328
00950B,凱基A級公司債,20,0,20,華南永昌-潮州,2024-07-15,9328
2457,飛宏,20,0,20,華南永昌-潮州,2024-07-15,9328
00933B,國泰10Y+金融債,21,2,19,華南永昌-潮州,2024-07-15,9328
3372,典範,30,13,17,華南永昌-潮州,2024-07-15,9328
0056,元大高股息,20,3,17,華南永昌-潮州,2024-07-15,9328
2409,友達,32,15,17,華南永昌-潮州,2024-07-15,9328
2405,輔信,23,7,16,華南永昌-潮州,2024-07-15,9328
3535,晶彩科,28,12,16,華南永昌-潮州,2024-07-15,9328
3689,湧德,16,1,15,華南永昌-潮州,2024-07-15,9328
4735,豪展,17,2,15,華南永昌-潮州,2024-07-15,9328
00919,群益台灣精選高息,25,10,15,華南永昌-潮州,2024-07-15,9328
8105,凌巨,16,2,14,華南永昌-潮州,2024-07-15,9328
00937B,群益ESG投等債20,19,6,13,華南永昌-潮州,2024-07-15,9328
00946,群益科技高息成長,13,1,12,華南永昌-潮州,2024-07-15,9328
2316,楠梓電,14,2,12,華南永昌-潮州,2024-07-15,9328
6026,福邦證,12,0,12,華南永昌-潮州,2024-07-15,9328
4160,訊聯基因,11,0,11,華南永昌-潮州,2024-07-15,9328
2883,凱基金,11,0,11,華南永昌-潮州,2024-07-15,9328
2365,昆盈,23,12,11,華南永昌-潮州,2024-07-15,9328
2399,映泰,14,3,11,華南永昌-潮州,2024-07-15,9328
6770,力積電,14,3,11,華南永昌-潮州,2024-07-15,9328
2344,華邦電,12,2,10,華南永昌-潮州,2024-07-15,9328
00676R,富邦臺灣加權反1,10,0,10,華南永昌-潮州,2024-07-15,9328
00632R,元大台灣50反1,30,20,10,華南永昌-潮州,2024-07-15,9328
1303,南亞,10,0,10,華南永昌-潮州,2024-07-15,9328
1586,和勤,10,0,10,華南永昌-潮州,2024-07-15,9328
1727,中華化,12,2,10,華南永昌-潮州,2024-07-15,9328
3593,力銘,10,0,10,華南永昌-潮州,2024-07-15,9328
00934,中信成長高股息,87,9,78,華南永昌-潮州,2024-07-16,9328
2312,金寶,126,64,62,華南永昌-潮州,2024-07-16,9328
00929,復華台灣科技優息,86,32,54,華南永昌-潮州,2024-07-16,9328
6492,生華科,51,0,51,華南永昌-潮州,2024-07-16,9328
00919,群益台灣精選高息,57,9,48,華南永昌-潮州,2024-07-16,9328
912000,晨訊科-DR,40,0,40,華南永昌-潮州,2024-07-16,9328
00878,國泰永續高股息,42,5,37,華南永昌-潮州,2024-07-16,9328
0056,元大高股息,35,1,34,華南永昌-潮州,2024-07-16,9328
2365,昆盈,86,52,34,華南永昌-潮州,2024-07-16,9328
00905,FT臺灣Smart,29,0,29,華南永昌-潮州,2024-07-16,9328
2888,新光金,70,43,27,華南永昌-潮州,2024-07-16,9328
00688L,國泰20年美債正2,26,0,26,華南永昌-潮州,2024-07-16,9328
00946,群益科技高息成長,24,0,24,華南永昌-潮州,2024-07-16,9328
3481,群創,21,0,21,華南永昌-潮州,2024-07-16,9328
8011,台通,54,33,21,華南永昌-潮州,2024-07-16,9328
2867,三商壽,26,5,21,華南永昌-潮州,2024-07-16,9328
1609,大亞,37,17,20,華南永昌-潮州,2024-07-16,9328
1460,宏遠,20,0,20,華南永昌-潮州,2024-07-16,9328
2477,美隆電,20,0,20,華南永昌-潮州,2024-07-16,9328
1785,光洋科,21,3,18,華南永昌-潮州,2024-07-16,9328
00911,兆豐洲際半導體,17,0,17,華南永昌-潮州,2024-07-16,9328
1815,富喬,21,5,16,華南永昌-潮州,2024-07-16,9328
00706L,期元大S＆P日圓正2,16,0,16,華南永昌-潮州,2024-07-16,9328
4735,豪展,16,0,16,華南永昌-潮州,2024-07-16,9328
00935,野村臺灣新科技50,15,0,15,華南永昌-潮州,2024-07-16,9328
8358,金居,15,0,15,華南永昌-潮州,2024-07-16,9328
1304,台聚,14,0,14,華南永昌-潮州,2024-07-16,9328
2405,輔信,21,7,14,華南永昌-潮州,2024-07-16,9328
2367,燿華,18,4,14,華南永昌-潮州,2024-07-16,9328
2889,國票金,14,0,14,華南永昌-潮州,2024-07-16,9328
3013,晟銘電,22,9,13,華南永昌-潮州,2024-07-16,9328
2337,旺宏,12,0,12,華南永昌-潮州,2024-07-16,9328
5328,華容,16,5,11,華南永昌-潮州,2024-07-16,9328
00679B,元大美債20年,13,2,11,華南永昌-潮州,2024-07-16,9328
2363,矽統,17,6,11,華南永昌-潮州,2024-07-16,9328
1513,中興電,23,12,11,華南永昌-潮州,2024-07-16,9328
2891,中信金,10,0,10,華南永昌-潮州,2024-07-16,9328
3027,盛達,10,0,10,華南永昌-潮州,2024-07-16,9328
00664R,國泰臺灣加權反1,10,0,10,華南永昌-潮州,2024-07-16,9328
00632R,元大台灣50反1,10,0,10,華南永昌-潮州,2024-07-16,9328
1217,愛之味,10,0,10,華南永昌-潮州,2024-07-16,9328
2630,亞航,10,0,10,華南永昌-潮州,2024-07-16,9328
4534,慶騰,10,0,10,華南永昌-潮州,2024-07-16,9328
4726,永昕,10,0,10,華南永昌-潮州,2024-07-16,9328
2492,華新科,11,1,10,華南永昌-潮州,2024-07-16,9328
00900,富邦特選高股息30,9,0,9,華南永昌-潮州,2024-07-16,9328
1444,力麗,9,0,9,華南永昌-潮州,2024-07-16,9328
1409,新纖,10,1,9,華南永昌-潮州,2024-07-16,9328
3390,旭軟,9,0,9,華南永昌-潮州,2024-07-16,9328
6005,群益證,10,1,9,華南永昌-潮州,2024-07-16,9328
4566,時碩工業,195,16,179,華南永昌-潮州,2024-07-17,9328
00929,復華台灣科技優息,220,55,165,華南永昌-潮州,2024-07-17,9328
6127,九豪,100,0,100,華南永昌-潮州,2024-07-17,9328
2834,臺企銀,80,3,77,華南永昌-潮州,2024-07-17,9328
00687B,國泰20年美債,79,7,72,華南永昌-潮州,2024-07-17,9328
00878,國泰永續高股息,78,6,72,華南永昌-潮州,2024-07-17,9328
2402,毅嘉,72,25,47,華南永昌-潮州,2024-07-17,9328
2353,宏��,50,4,46,華南永昌-潮州,2024-07-17,9328
4906,正文,51,5,46,華南永昌-潮州,2024-07-17,9328
6625,必應,38,1,37,華南永昌-潮州,2024-07-17,9328
00937B,群益ESG投等債20,38,1,37,華南永昌-潮州,2024-07-17,9328
1806,冠軍,36,0,36,華南永昌-潮州,2024-07-17,9328
00882,中信中國高股息,40,5,35,華南永昌-潮州,2024-07-17,9328
1540,喬福,35,5,30,華南永昌-潮州,2024-07-17,9328
8011,台通,97,71,26,華南永昌-潮州,2024-07-17,9328
2371,大同,27,2,25,華南永昌-潮州,2024-07-17,9328
00795B,中信美國公債20年,25,1,24,華南永昌-潮州,2024-07-17,9328
00946,群益科技高息成長,24,0,24,華南永昌-潮州,2024-07-17,9328
2405,輔信,30,7,23,華南永昌-潮州,2024-07-17,9328
0056,元大高股息,23,1,22,華南永昌-潮州,2024-07-17,9328
1785,光洋科,27,7,20,華南永昌-潮州,2024-07-17,9328
2340,台亞,20,0,20,華南永昌-潮州,2024-07-17,9328
2492,華新科,19,0,19,華南永昌-潮州,2024-07-17,9328
00936,台新永續高息中小,21,2,19,華南永昌-潮州,2024-07-17,9328
2330,台積電,19,0,19,華南永昌-潮州,2024-07-17,9328
6492,生華科,21,3,18,華南永昌-潮州,2024-07-17,9328
00680L,元大美債20正2,21,4,17,華南永昌-潮州,2024-07-17,9328
00679B,元大美債20年,26,9,17,華南永昌-潮州,2024-07-17,9328
2208,台船,17,0,17,華南永昌-潮州,2024-07-17,9328
00905,FT臺灣Smart,13,0,13,華南永昌-潮州,2024-07-17,9328
00632R,元大台灣50反1,17,4,13,華南永昌-潮州,2024-07-17,9328
2867,三商壽,14,1,13,華南永昌-潮州,2024-07-17,9328
2891,中信金,13,0,13,華南永昌-潮州,2024-07-17,9328
3234,光環,13,0,13,華南永昌-潮州,2024-07-17,9328
2538,基泰,21,9,12,華南永昌-潮州,2024-07-17,9328
2537,聯上發,31,19,12,華南永昌-潮州,2024-07-17,9328
2603,長榮,14,3,11,華南永昌-潮州,2024-07-17,9328
00881,國泰台灣5G+,12,1,11,華南永昌-潮州,2024-07-17,9328
6770,力積電,29,19,10,華南永昌-潮州,2024-07-17,9328
2376,技嘉,12,2,10,華南永昌-潮州,2024-07-17,9328
00665L,富邦�琤肭磪囓�2,10,0,10,華南永昌-潮州,2024-07-17,9328
1586,和勤,10,0,10,華南永昌-潮州,2024-07-17,9328
2367,燿華,13,3,10,華南永昌-潮州,2024-07-17,9328
2399,映泰,10,0,10,華南永昌-潮州,2024-07-17,9328
3024,憶聲,10,0,10,華南永昌-潮州,2024-07-17,9328
3027,盛達,10,0,10,華南永昌-潮州,2024-07-17,9328
8033,雷虎,10,0,10,華南永昌-潮州,2024-07-17,9328
1316,上曜,11,1,10,華南永昌-潮州,2024-07-17,9328
1618,合機,13,4,9,華南永昌-潮州,2024-07-17,9328
3379,彬台,14,5,9,華南永昌-潮州,2024-07-17,9328
00937B,群益ESG投等債20,179,1,178,華南永昌-潮州,2024-07-18,9328
00919,群益台灣精選高息,164,14,150,華南永昌-潮州,2024-07-18,9328
1611,中電,122,34,88,華南永昌-潮州,2024-07-18,9328
00929,復華台灣科技優息,187,111,76,華南永昌-潮州,2024-07-18,9328
1718,中纖,77,4,73,華南永昌-潮州,2024-07-18,9328
00878,國泰永續高股息,69,1,68,華南永昌-潮州,2024-07-18,9328
1301,台塑,84,32,52,華南永昌-潮州,2024-07-18,9328
00946,群益科技高息成長,60,12,48,華南永昌-潮州,2024-07-18,9328
8105,凌巨,103,62,41,華南永昌-潮州,2024-07-18,9328
3481,群創,101,63,38,華南永昌-潮州,2024-07-18,9328
00632R,元大台灣50反1,35,0,35,華南永昌-潮州,2024-07-18,9328
00934,中信成長高股息,41,10,31,華南永昌-潮州,2024-07-18,9328
2328,廣宇,30,0,30,華南永昌-潮州,2024-07-18,9328
2317,鴻海,52,22,30,華南永昌-潮州,2024-07-18,9328
00885,富邦越南,28,0,28,華南永昌-潮州,2024-07-18,9328
3037,欣興,27,1,26,華南永昌-潮州,2024-07-18,9328
6770,力積電,25,0,25,華南永昌-潮州,2024-07-18,9328
2449,京元電子,28,4,24,華南永昌-潮州,2024-07-18,9328
00927,群益半導體收益,24,0,24,華南永昌-潮州,2024-07-18,9328
00949,復華日本龍頭,24,0,24,華南永昌-潮州,2024-07-18,9328
00944,野村趨勢動能高息,29,6,23,華南永昌-潮州,2024-07-18,9328
2356,英業達,21,0,21,華南永昌-潮州,2024-07-18,9328
2303,聯電,29,8,21,華南永昌-潮州,2024-07-18,9328
912000,晨訊科-DR,20,0,20,華南永昌-潮州,2024-07-18,9328
2834,臺企銀,20,1,19,華南永昌-潮州,2024-07-18,9328
4909,新復興,32,13,19,華南永昌-潮州,2024-07-18,9328
2365,昆盈,72,53,19,華南永昌-潮州,2024-07-18,9328
2362,藍天,65,47,18,華南永昌-潮州,2024-07-18,9328
2330,台積電,29,12,17,華南永昌-潮州,2024-07-18,9328
2891,中信金,18,2,16,華南永昌-潮州,2024-07-18,9328
4109,加捷生醫,28,12,16,華南永昌-潮州,2024-07-18,9328
5443,均豪,18,3,15,華南永昌-潮州,2024-07-18,9328
6116,彩晶,16,1,15,華南永昌-潮州,2024-07-18,9328
3707,漢磊,16,1,15,華南永昌-潮州,2024-07-18,9328
00936,台新永續高息中小,18,3,15,華南永昌-潮州,2024-07-18,9328
00679B,元大美債20年,23,8,15,華南永昌-潮州,2024-07-18,9328
00631L,元大台灣50正2,16,2,14,華南永昌-潮州,2024-07-18,9328
5519,隆大,22,8,14,華南永昌-潮州,2024-07-18,9328
3189,景碩,16,2,14,華南永昌-潮州,2024-07-18,9328
8358,金居,17,3,14,華南永昌-潮州,2024-07-18,9328
3711,日月光投控,13,0,13,華南永昌-潮州,2024-07-18,9328
00941,中信上游半導體,13,0,13,華南永昌-潮州,2024-07-18,9328
00942B,台新美A公司債20+,15,2,13,華南永昌-潮州,2024-07-18,9328
1709,和益,14,2,12,華南永昌-潮州,2024-07-18,9328
00891,中信關鍵半導體,13,1,12,華南永昌-潮州,2024-07-18,9328
1608,華榮,20,8,12,華南永昌-潮州,2024-07-18,9328
00905,FT臺灣Smart,15,3,12,華南永昌-潮州,2024-07-18,9328
4533,協易機,13,2,11,華南永昌-潮州,2024-07-18,9328
5243,乙盛-KY,11,0,11,華南永昌-潮州,2024-07-18,9328
3163,波若威,22,12,10,華南永昌-潮州,2024-07-18,9328
00929,復華台灣科技優息,176,30,146,華南永昌-潮州,2024-07-19,9328
00919,群益台灣精選高息,166,21,145,華南永昌-潮州,2024-07-19,9328
00940,元大台灣價值高息,175,93,82,華南永昌-潮州,2024-07-19,9328
3481,群創,157,80,77,華南永昌-潮州,2024-07-19,9328
2323,中環,58,0,58,華南永昌-潮州,2024-07-19,9328
6116,彩晶,58,0,58,華南永昌-潮州,2024-07-19,9328
00878,國泰永續高股息,66,13,53,華南永昌-潮州,2024-07-19,9328
2867,三商壽,51,0,51,華南永昌-潮州,2024-07-19,9328
2618,長榮航,46,1,45,華南永昌-潮州,2024-07-19,9328
8936,國統,54,10,44,華南永昌-潮州,2024-07-19,9328
00946,群益科技高息成長,63,20,43,華南永昌-潮州,2024-07-19,9328
2367,燿華,44,8,36,華南永昌-潮州,2024-07-19,9328
2888,新光金,37,3,34,華南永昌-潮州,2024-07-19,9328
1718,中纖,33,0,33,華南永昌-潮州,2024-07-19,9328
2883,凱基金,31,0,31,華南永昌-潮州,2024-07-19,9328
1312,國喬,31,0,31,華南永昌-潮州,2024-07-19,9328
00665L,富邦�琤肭磪囓�2,30,0,30,華南永昌-潮州,2024-07-19,9328
1455,集盛,30,0,30,華南永昌-潮州,2024-07-19,9328
1608,華榮,42,17,25,華南永昌-潮州,2024-07-19,9328
2845,遠東銀,25,0,25,華南永昌-潮州,2024-07-19,9328
00936,台新永續高息中小,30,6,24,華南永昌-潮州,2024-07-19,9328
1785,光洋科,34,10,24,華南永昌-潮州,2024-07-19,9328
2344,華邦電,24,0,24,華南永昌-潮州,2024-07-19,9328
6770,力積電,23,0,23,華南永昌-潮州,2024-07-19,9328
2408,南亞科,23,0,23,華南永昌-潮州,2024-07-19,9328
1460,宏遠,25,2,23,華南永昌-潮州,2024-07-19,9328
2312,金寶,75,52,23,華南永昌-潮州,2024-07-19,9328
00918,大華優利高填息30,23,0,23,華南永昌-潮州,2024-07-19,9328
00937B,群益ESG投等債20,45,23,22,華南永昌-潮州,2024-07-19,9328
1605,華新,22,0,22,華南永昌-潮州,2024-07-19,9328
3006,晶豪科,21,0,21,華南永昌-潮州,2024-07-19,9328
2634,漢翔,20,0,20,華南永昌-潮州,2024-07-19,9328
2330,台積電,32,12,20,華南永昌-潮州,2024-07-19,9328
00905,FT臺灣Smart,20,1,19,華南永昌-潮州,2024-07-19,9328
5905,南仁湖,20,1,19,華南永昌-潮州,2024-07-19,9328
1304,台聚,19,0,19,華南永昌-潮州,2024-07-19,9328
2353,宏��,30,12,18,華南永昌-潮州,2024-07-19,9328
2317,鴻海,26,8,18,華南永昌-潮州,2024-07-19,9328
00915,凱基優選高股息30,17,0,17,華南永昌-潮州,2024-07-19,9328
1301,台塑,30,13,17,華南永昌-潮州,2024-07-19,9328
4909,新復興,18,1,17,華南永昌-潮州,2024-07-19,9328
3231,緯創,19,3,16,華南永昌-潮州,2024-07-19,9328
2371,大同,17,2,15,華南永昌-潮州,2024-07-19,9328
1303,南亞,16,1,15,華南永昌-潮州,2024-07-19,9328
2303,聯電,16,2,14,華南永昌-潮州,2024-07-19,9328
00680L,元大美債20正2,14,0,14,華南永昌-潮州,2024-07-19,9328
00927,群益半導體收益,14,0,14,華南永昌-潮州,2024-07-19,9328
2356,英業達,19,5,14,華南永昌-潮州,2024-07-19,9328
2609,陽明,20,7,13,華南永昌-潮州,2024-07-19,9328
2409,友達,16,3,13,華南永昌-潮州,2024-07-19,9328
2801,彰銀,404,0,404,華南永昌-潮州,2024-07-22,9328
00929,復華台灣科技優息,386,19,367,華南永昌-潮州,2024-07-22,9328
1609,大亞,194,1,193,華南永昌-潮州,2024-07-22,9328
00919,群益台灣精選高息,178,9,169,華南永昌-潮州,2024-07-22,9328
00940,元大台灣價值高息,163,1,162,華南永昌-潮州,2024-07-22,9328
3481,群創,207,54,153,華南永昌-潮州,2024-07-22,9328
00946,群益科技高息成長,143,5,138,華南永昌-潮州,2024-07-22,9328
00878,國泰永續高股息,142,10,132,華南永昌-潮州,2024-07-22,9328
2618,長榮航,65,12,53,華南永昌-潮州,2024-07-22,9328
1608,華榮,53,0,53,華南永昌-潮州,2024-07-22,9328
00927,群益半導體收益,52,0,52,華南永昌-潮州,2024-07-22,9328
5512,力麒,60,11,49,華南永昌-潮州,2024-07-22,9328
2317,鴻海,68,25,43,華南永昌-潮州,2024-07-22,9328
2303,聯電,52,11,41,華南永昌-潮州,2024-07-22,9328
2888,新光金,43,4,39,華南永昌-潮州,2024-07-22,9328
00934,中信成長高股息,99,63,36,華南永昌-潮州,2024-07-22,9328
00942B,台新美A公司債20+,30,0,30,華南永昌-潮州,2024-07-22,9328
0056,元大高股息,32,4,28,華南永昌-潮州,2024-07-22,9328
00937B,群益ESG投等債20,85,59,26,華南永昌-潮州,2024-07-22,9328
6111,大宇資,26,0,26,華南永昌-潮州,2024-07-22,9328
00933B,國泰10Y+金融債,21,0,21,華南永昌-潮州,2024-07-22,9328
2409,友達,24,4,20,華南永昌-潮州,2024-07-22,9328
6662,樂斯科,20,0,20,華南永昌-潮州,2024-07-22,9328
2337,旺宏,21,2,19,華南永昌-潮州,2024-07-22,9328
2344,華邦電,18,1,17,華南永昌-潮州,2024-07-22,9328
1101,台泥,19,2,17,華南永昌-潮州,2024-07-22,9328
1503,士電,22,7,15,華南永昌-潮州,2024-07-22,9328
1909,榮成,15,0,15,華南永昌-潮州,2024-07-22,9328
2401,凌陽,25,10,15,華南永昌-潮州,2024-07-22,9328
5905,南仁湖,16,1,15,華南永昌-潮州,2024-07-22,9328
1904,正隆,14,0,14,華南永昌-潮州,2024-07-22,9328
6770,力積電,24,10,14,華南永昌-潮州,2024-07-22,9328
2845,遠東銀,13,0,13,華南永昌-潮州,2024-07-22,9328
4909,新復興,14,1,13,華南永昌-潮州,2024-07-22,9328
2367,燿華,14,2,12,華南永昌-潮州,2024-07-22,9328
5443,均豪,38,26,12,華南永昌-潮州,2024-07-22,9328
00712,復華富時不動產,34,22,12,華南永昌-潮州,2024-07-22,9328
8473,山林水,23,11,12,華南永昌-潮州,2024-07-22,9328
6152,百一,12,0,12,華南永昌-潮州,2024-07-22,9328
1314,中石化,15,3,12,華南永昌-潮州,2024-07-22,9328
6116,彩晶,17,6,11,華南永昌-潮州,2024-07-22,9328
00939,統一台灣高息動能,14,3,11,華南永昌-潮州,2024-07-22,9328
1785,光洋科,12,1,11,華南永昌-潮州,2024-07-22,9328
1522,堤維西,11,0,11,華南永昌-潮州,2024-07-22,9328
1586,和勤,11,0,11,華南永昌-潮州,2024-07-22,9328
2313,華通,11,0,11,華南永昌-潮州,2024-07-22,9328
3576,聯合再生,10,0,10,華南永昌-潮州,2024-07-22,9328
00915,凱基優選高股息30,10,0,10,華南永昌-潮州,2024-07-22,9328
8064,東捷,29,19,10,華南永昌-潮州,2024-07-22,9328
2458,義隆,10,0,10,華南永昌-潮州,2024-07-22,9328
3481,群創,122,6,116,華南永昌-潮州,2024-07-23,9328
00929,復華台灣科技優息,84,0,84,華南永昌-潮州,2024-07-23,9328
00940,元大台灣價值高息,83,15,68,華南永昌-潮州,2024-07-23,9328
00937B,群益ESG投等債20,66,3,63,華南永昌-潮州,2024-07-23,9328
2489,瑞軒,56,8,48,華南永昌-潮州,2024-07-23,9328
2409,友達,55,9,46,華南永昌-潮州,2024-07-23,9328
9105,泰金寶-DR,49,3,46,華南永昌-潮州,2024-07-23,9328
00946,群益科技高息成長,36,0,36,華南永昌-潮州,2024-07-23,9328
2328,廣宇,32,0,32,華南永昌-潮州,2024-07-23,9328
00919,群益台灣精選高息,37,6,31,華南永昌-潮州,2024-07-23,9328
3580,友威科,30,0,30,華南永昌-潮州,2024-07-23,9328
2344,華邦電,33,3,30,華南永昌-潮州,2024-07-23,9328
6111,大宇資,26,0,26,華南永昌-潮州,2024-07-23,9328
00664R,國泰臺灣加權反1,25,0,25,華南永昌-潮州,2024-07-23,9328
00688L,國泰20年美債正2,25,0,25,華南永昌-潮州,2024-07-23,9328
3217,優群,25,0,25,華南永昌-潮州,2024-07-23,9328
3545,敦泰,21,0,21,華南永昌-潮州,2024-07-23,9328
8926,台汽電,21,0,21,華南永昌-潮州,2024-07-23,9328
00719B,元大美債1-3,20,0,20,華南永昌-潮州,2024-07-23,9328
00753L,中信中國50正2,20,0,20,華南永昌-潮州,2024-07-23,9328
5905,南仁湖,20,0,20,華南永昌-潮州,2024-07-23,9328
00878,國泰永續高股息,20,2,18,華南永昌-潮州,2024-07-23,9328
1708,東鹼,18,0,18,華南永昌-潮州,2024-07-23,9328
00679B,元大美債20年,21,5,16,華南永昌-潮州,2024-07-23,9328
2537,聯上發,22,6,16,華南永昌-潮州,2024-07-23,9328
3325,旭品,16,0,16,華南永昌-潮州,2024-07-23,9328
0056,元大高股息,15,0,15,華南永昌-潮州,2024-07-23,9328
2458,義隆,15,0,15,華南永昌-潮州,2024-07-23,9328
2545,皇翔,15,0,15,華南永昌-潮州,2024-07-23,9328
6150,撼訊,15,0,15,華南永昌-潮州,2024-07-23,9328
3056,富華新,15,0,15,華南永昌-潮州,2024-07-23,9328
3037,欣興,18,4,14,華南永昌-潮州,2024-07-23,9328
2834,臺企銀,15,1,14,華南永昌-潮州,2024-07-23,9328
2867,三商壽,14,0,14,華南永昌-潮州,2024-07-23,9328
6171,大城地產,14,0,14,華南永昌-潮州,2024-07-23,9328
2408,南亞科,14,1,13,華南永昌-潮州,2024-07-23,9328
8110,華東,13,0,13,華南永昌-潮州,2024-07-23,9328
2359,所羅門,27,15,12,華南永昌-潮州,2024-07-23,9328
00936,台新永續高息中小,11,0,11,華南永昌-潮州,2024-07-23,9328
00905,FT臺灣Smart,12,1,11,華南永昌-潮州,2024-07-23,9328
2206,三陽工業,13,2,11,華南永昌-潮州,2024-07-23,9328
6116,彩晶,11,0,11,華南永昌-潮州,2024-07-23,9328
2324,仁寶,10,0,10,華南永昌-潮州,2024-07-23,9328
8358,金居,10,0,10,華南永昌-潮州,2024-07-23,9328
2353,宏��,29,19,10,華南永昌-潮州,2024-07-23,9328
00939,統一台灣高息動能,10,0,10,華南永昌-潮州,2024-07-23,9328
00934,中信成長高股息,9,0,9,華南永昌-潮州,2024-07-23,9328
8150,南茂,10,1,9,華南永昌-潮州,2024-07-23,9328
2542,興富發,11,2,9,華南永昌-潮州,2024-07-23,9328
2845,遠東銀,9,0,9,華南永昌-潮州,2024-07-23,9328
00878,國泰永續高股息,71,1,70,華南永昌-潮州,2024-07-26,9328
8926,台汽電,73,5,68,華南永昌-潮州,2024-07-26,9328
00937B,群益ESG投等債20,63,1,62,華南永昌-潮州,2024-07-26,9328
1540,喬福,59,25,34,華南永昌-潮州,2024-07-26,9328
2323,中環,33,1,32,華南永昌-潮州,2024-07-26,9328
00919,群益台灣精選高息,142,110,32,華南永昌-潮州,2024-07-26,9328
00946,群益科技高息成長,36,5,31,華南永昌-潮州,2024-07-26,9328
00927,群益半導體收益,28,0,28,華南永昌-潮州,2024-07-26,9328
2330,台積電,31,4,27,華南永昌-潮州,2024-07-26,9328
2002,中鋼,31,4,27,華南永昌-潮州,2024-07-26,9328
00951,台新日本半導體,26,0,26,華南永昌-潮州,2024-07-26,9328
2477,美隆電,26,0,26,華南永昌-潮州,2024-07-26,9328
00882,中信中國高股息,24,0,24,華南永昌-潮州,2024-07-26,9328
2356,英業達,22,0,22,華南永昌-潮州,2024-07-26,9328
2867,三商壽,21,0,21,華南永昌-潮州,2024-07-26,9328
2836,高雄銀,20,0,20,華南永昌-潮州,2024-07-26,9328
00942B,台新美A公司債20+,20,0,20,華南永昌-潮州,2024-07-26,9328
00637L,元大滬深300正2,19,0,19,華南永昌-潮州,2024-07-26,9328
1304,台聚,19,0,19,華南永昌-潮州,2024-07-26,9328
2317,鴻海,24,6,18,華南永昌-潮州,2024-07-26,9328
00940,元大台灣價值高息,86,67,19,華南永昌-潮州,2024-07-26,9328
2884,玉山金,18,0,18,華南永昌-潮州,2024-07-26,9328
2303,聯電,35,17,18,華南永昌-潮州,2024-07-26,9328
2349,錸德,26,10,16,華南永昌-潮州,2024-07-26,9328
0056,元大高股息,23,7,16,華南永昌-潮州,2024-07-26,9328
6770,力積電,18,3,15,華南永昌-潮州,2024-07-26,9328
3711,日月光投控,15,0,15,華南永昌-潮州,2024-07-26,9328
00830,國泰費城半導體,14,0,14,華南永昌-潮州,2024-07-26,9328
2344,華邦電,13,0,13,華南永昌-潮州,2024-07-26,9328
00891,中信關鍵半導體,15,2,13,華南永昌-潮州,2024-07-26,9328
2834,臺企銀,14,2,12,華南永昌-潮州,2024-07-26,9328
00936,台新永續高息中小,12,0,12,華南永昌-潮州,2024-07-26,9328
00680L,元大美債20正2,12,0,12,華南永昌-潮州,2024-07-26,9328
3188,鑫龍騰,22,10,12,華南永昌-潮州,2024-07-26,9328
00712,復華富時不動產,31,20,11,華南永昌-潮州,2024-07-26,9328
2408,南亞科,11,0,11,華南永昌-潮州,2024-07-26,9328
00679B,元大美債20年,11,0,11,華南永昌-潮州,2024-07-26,9328
00949,復華日本龍頭,14,3,11,華南永昌-潮州,2024-07-26,9328
2352,佳世達,10,0,10,華南永昌-潮州,2024-07-26,9328
9105,泰金寶-DR,11,1,10,華南永昌-潮州,2024-07-26,9328
00881,國泰台灣5G+,10,2,8,華南永昌-潮州,2024-07-26,9328
6126,信音,13,5,8,華南永昌-潮州,2024-07-26,9328
00687B,國泰20年美債,7,0,7,華南永昌-潮州,2024-07-26,9328
1303,南亞,7,0,7,華南永昌-潮州,2024-07-26,9328
00931B,統一美債20年,7,0,7,華南永昌-潮州,2024-07-26,9328
00893,國泰智能電動車,7,0,7,華南永昌-潮州,2024-07-26,9328
5876,上海商銀,7,0,7,華南永昌-潮州,2024-07-26,9328
2888,新光金,8,1,7,華南永昌-潮州,2024-07-26,9328
2382,廣達,7,0,7,華南永昌-潮州,2024-07-26,9328
00915,凱基優選高股息30,6,0,6,華南永昌-潮州,2024-07-26,9328
00929,復華台灣科技優息,219,39,180,華南永昌-潮州,2024-07-29,9328
9105,泰金寶-DR,132,2,130,華南永昌-潮州,2024-07-29,9328
00680L,元大美債20正2,50,2,48,華南永昌-潮州,2024-07-29,9328
2367,燿華,73,33,40,華南永昌-潮州,2024-07-29,9328
0056,元大高股息,37,1,36,華南永昌-潮州,2024-07-29,9328
00878,國泰永續高股息,42,10,32,華南永昌-潮州,2024-07-29,9328
1608,華榮,29,1,28,華南永昌-潮州,2024-07-29,9328
5483,中美晶,25,0,25,華南永昌-潮州,2024-07-29,9328
00919,群益台灣精選高息,60,35,25,華南永昌-潮州,2024-07-29,9328
00936,台新永續高息中小,24,0,24,華南永昌-潮州,2024-07-29,9328
00934,中信成長高股息,22,0,22,華南永昌-潮州,2024-07-29,9328
6231,系微,22,0,22,華南永昌-潮州,2024-07-29,9328
3013,晟銘電,24,2,22,華南永昌-潮州,2024-07-29,9328
2884,玉山金,21,0,21,華南永昌-潮州,2024-07-29,9328
2867,三商壽,21,0,21,華南永昌-潮州,2024-07-29,9328
6188,廣明,23,2,21,華南永昌-潮州,2024-07-29,9328
00944,野村趨勢動能高息,20,0,20,華南永昌-潮州,2024-07-29,9328
4909,新復興,19,0,19,華南永昌-潮州,2024-07-29,9328
00679B,元大美債20年,21,3,18,華南永昌-潮州,2024-07-29,9328
2409,友達,21,4,17,華南永昌-潮州,2024-07-29,9328
1609,大亞,25,8,17,華南永昌-潮州,2024-07-29,9328
2356,英業達,17,1,16,華南永昌-潮州,2024-07-29,9328
6770,力積電,16,0,16,華南永昌-潮州,2024-07-29,9328
2634,漢翔,25,9,16,華南永昌-潮州,2024-07-29,9328
2515,中工,28,13,15,華南永昌-潮州,2024-07-29,9328
9945,潤泰新,17,2,15,華南永昌-潮州,2024-07-29,9328
2303,聯電,15,1,14,華南永昌-潮州,2024-07-29,9328
5522,遠雄,14,0,14,華南永昌-潮州,2024-07-29,9328
3663,鑫科,24,11,13,華南永昌-潮州,2024-07-29,9328
2353,宏��,25,13,12,華南永昌-潮州,2024-07-29,9328
00946,群益科技高息成長,18,6,12,華南永昌-潮州,2024-07-29,9328
2301,光寶科,13,2,11,華南永昌-潮州,2024-07-29,9328
1310,台苯,11,0,11,華南永昌-潮州,2024-07-29,9328
1611,中電,11,0,11,華南永昌-潮州,2024-07-29,9328
8054,安國,21,10,11,華南永昌-潮州,2024-07-29,9328
8358,金居,11,0,11,華南永昌-潮州,2024-07-29,9328
2308,台達電,10,0,10,華南永昌-潮州,2024-07-29,9328
9958,世紀鋼,10,0,10,華南永昌-潮州,2024-07-29,9328
00633L,富邦上証正2,10,0,10,華南永昌-潮州,2024-07-29,9328
1439,雋揚,10,0,10,華南永昌-潮州,2024-07-29,9328
1909,榮成,10,0,10,華南永昌-潮州,2024-07-29,9328
3141,晶宏,10,0,10,華南永昌-潮州,2024-07-29,9328
6533,晶心科,10,0,10,華南永昌-潮州,2024-07-29,9328
8104,錸寶,15,5,10,華南永昌-潮州,2024-07-29,9328
1314,中石化,27,18,9,華南永昌-潮州,2024-07-29,9328
2537,聯上發,9,0,9,華南永昌-潮州,2024-07-29,9328
4402,郡都開發,10,1,9,華南永昌-潮州,2024-07-29,9328
5452,佶優,9,0,9,華南永昌-潮州,2024-07-29,9328
00937B,群益ESG投等債20,18,9,9,華南永昌-潮州,2024-07-29,9328
3576,聯合再生,11,3,8,華南永昌-潮州,2024-07-29,9328
2344,華邦電,124,2,122,華南永昌-潮州,2024-07-30,9328
00940,元大台灣價值高息,124,3,121,華南永昌-潮州,2024-07-30,9328
00929,復華台灣科技優息,106,36,70,華南永昌-潮州,2024-07-30,9328
00878,國泰永續高股息,69,1,68,華南永昌-潮州,2024-07-30,9328
912000,晨訊科-DR,63,0,63,華南永昌-潮州,2024-07-30,9328
9933,中鼎,60,2,58,華南永昌-潮州,2024-07-30,9328
00946,群益科技高息成長,40,0,40,華南永昌-潮州,2024-07-30,9328
00665L,富邦�琤肭磪囓�2,30,0,30,華南永昌-潮州,2024-07-30,9328
00715L,期街口布蘭特正2,28,0,28,華南永昌-潮州,2024-07-30,9328
0056,元大高股息,31,5,26,華南永昌-潮州,2024-07-30,9328
2303,聯電,31,10,21,華南永昌-潮州,2024-07-30,9328
2884,玉山金,20,0,20,華南永昌-潮州,2024-07-30,9328
5483,中美晶,25,5,20,華南永昌-潮州,2024-07-30,9328
4167,松瑞藥,20,0,20,華南永昌-潮州,2024-07-30,9328
2330,台積電,27,7,20,華南永昌-潮州,2024-07-30,9328
6877,鏵友益,19,0,19,華南永昌-潮州,2024-07-30,9328
2516,新建,21,4,17,華南永昌-潮州,2024-07-30,9328
2891,中信金,16,0,16,華南永昌-潮州,2024-07-30,9328
00882,中信中國高股息,46,30,16,華南永昌-潮州,2024-07-30,9328
00927,群益半導體收益,15,0,15,華南永昌-潮州,2024-07-30,9328
00636,國泰中國A50,16,1,15,華南永昌-潮州,2024-07-30,9328
00688L,國泰20年美債正2,15,0,15,華南永昌-潮州,2024-07-30,9328
3188,鑫龍騰,16,1,15,華南永昌-潮州,2024-07-30,9328
00934,中信成長高股息,13,0,13,華南永昌-潮州,2024-07-30,9328
2889,國票金,13,0,13,華南永昌-潮州,2024-07-30,9328
4907,富宇,12,0,12,華南永昌-潮州,2024-07-30,9328
00936,台新永續高息中小,11,0,11,華南永昌-潮州,2024-07-30,9328
00637L,元大滬深300正2,11,0,11,華南永昌-潮州,2024-07-30,9328
00951,台新日本半導體,11,0,11,華南永昌-潮州,2024-07-30,9328
1605,華新,11,0,11,華南永昌-潮州,2024-07-30,9328
2634,漢翔,11,0,11,華南永昌-潮州,2024-07-30,9328
4564,元翎,11,0,11,華南永昌-潮州,2024-07-30,9328
6229,研通,10,0,10,華南永昌-潮州,2024-07-30,9328
2882,國泰金,10,1,9,華南永昌-潮州,2024-07-30,9328
2867,三商壽,16,7,9,華南永昌-潮州,2024-07-30,9328
3711,日月光投控,10,1,9,華南永昌-潮州,2024-07-30,9328
2408,南亞科,7,0,7,華南永昌-潮州,2024-07-30,9328
00902,中信電池及儲能,7,0,7,華南永昌-潮州,2024-07-30,9328
5519,隆大,9,2,7,華南永昌-潮州,2024-07-30,9328
2542,興富發,11,4,7,華南永昌-潮州,2024-07-30,9328
2352,佳世達,6,0,6,華南永昌-潮州,2024-07-30,9328
1102,亞泥,6,0,6,華南永昌-潮州,2024-07-30,9328
6285,啟��,6,0,6,華南永昌-潮州,2024-07-30,9328
00919,群益台灣精選高息,34,28,6,華南永昌-潮州,2024-07-30,9328
3706,神達,5,0,5,華南永昌-潮州,2024-07-30,9328
3037,欣興,7,2,5,華南永昌-潮州,2024-07-30,9328
00915,凱基優選高股息30,5,0,5,華南永昌-潮州,2024-07-30,9328
2356,英業達,8,3,5,華南永昌-潮州,2024-07-30,9328
1718,中纖,5,0,5,華南永昌-潮州,2024-07-30,9328
1909,榮成,5,0,5,華南永昌-潮州,2024-07-30,9328
3024,憶聲,124,6,118,華南永昌-潮州,2024-07-31,9328
00946,群益科技高息成長,53,2,51,華南永昌-潮州,2024-07-31,9328
00940,元大台灣價值高息,54,5,49,華南永昌-潮州,2024-07-31,9328
3481,群創,94,48,46,華南永昌-潮州,2024-07-31,9328
2409,友達,54,11,43,華南永昌-潮州,2024-07-31,9328
00929,復華台灣科技優息,87,50,37,華南永昌-潮州,2024-07-31,9328
1815,富喬,30,3,27,華南永昌-潮州,2024-07-31,9328
00934,中信成長高股息,25,0,25,華南永昌-潮州,2024-07-31,9328
00688L,國泰20年美債正2,25,0,25,華南永昌-潮州,2024-07-31,9328
1210,大成,24,0,24,華南永昌-潮州,2024-07-31,9328
2489,瑞軒,38,16,22,華南永昌-潮州,2024-07-31,9328
00919,群益台灣精選高息,21,0,21,華南永昌-潮州,2024-07-31,9328
00878,國泰永續高股息,22,2,20,華南永昌-潮州,2024-07-31,9328
2344,華邦電,46,26,20,華南永昌-潮州,2024-07-31,9328
3105,穩懋,20,1,19,華南永昌-潮州,2024-07-31,9328
00918,大華優利高填息30,15,0,15,華南永昌-潮州,2024-07-31,9328
00687B,國泰20年美債,15,0,15,華南永昌-潮州,2024-07-31,9328
5905,南仁湖,15,0,15,華南永昌-潮州,2024-07-31,9328
1414,東和,13,0,13,華南永昌-潮州,2024-07-31,9328
2845,遠東銀,11,0,11,華南永昌-潮州,2024-07-31,9328
00680L,元大美債20正2,30,21,9,華南永昌-潮州,2024-07-31,9328
2312,金寶,34,25,9,華南永昌-潮州,2024-07-31,9328
0056,元大高股息,13,5,8,華南永昌-潮州,2024-07-31,9328
00715L,期街口布蘭特正2,15,7,8,華南永昌-潮州,2024-07-31,9328
2516,新建,8,0,8,華南永昌-潮州,2024-07-31,9328
4526,東台,14,6,8,華南永昌-潮州,2024-07-31,9328
8299,群聯,7,0,7,華南永昌-潮州,2024-07-31,9328
2365,昆盈,21,14,7,華南永昌-潮州,2024-07-31,9328
6116,彩晶,13,6,7,華南永昌-潮州,2024-07-31,9328
1795,美時,7,1,6,華南永昌-潮州,2024-07-31,9328
2330,台積電,7,1,6,華南永昌-潮州,2024-07-31,9328
6177,達麗,9,3,6,華南永昌-潮州,2024-07-31,9328
1582,信錦,6,0,6,華南永昌-潮州,2024-07-31,9328
2352,佳世達,8,2,6,華南永昌-潮州,2024-07-31,9328
2492,華新科,6,0,6,華南永昌-潮州,2024-07-31,9328
3265,台星科,6,0,6,華南永昌-潮州,2024-07-31,9328
1316,上曜,6,0,6,華南永昌-潮州,2024-07-31,9328
2498,宏達電,6,0,6,華南永昌-潮州,2024-07-31,9328
4967,十銓,9,3,6,華南永昌-潮州,2024-07-31,9328
2527,宏璟,6,0,6,華南永昌-潮州,2024-07-31,9328
00937B,群益ESG投等債20,22,16,6,華南永昌-潮州,2024-07-31,9328
00679B,元大美債20年,10,5,5,華南永昌-潮州,2024-07-31,9328
2301,光寶科,9,4,5,華南永昌-潮州,2024-07-31,9328
00905,FT臺灣Smart,7,2,5,華南永昌-潮州,2024-07-31,9328
3312,弘憶股,6,1,5,華南永昌-潮州,2024-07-31,9328
00927,群益半導體收益,5,0,5,華南永昌-潮州,2024-07-31,9328
1417,嘉裕,5,0,5,華南永昌-潮州,2024-07-31,9328
1449,佳和,6,1,5,華南永昌-潮州,2024-07-31,9328
1605,華新,21,16,5,華南永昌-潮州,2024-07-31,9328
3013,晟銘電,5,0,5,華南永昌-潮州,2024-07-31,9328
00665L,富邦�琤肭磪囓�2,525,0,525,華南永昌-潮州,2024-08-01,9328
00929,復華台灣科技優息,136,75,61,華南永昌-潮州,2024-08-01,9328
2515,中工,71,21,50,華南永昌-潮州,2024-08-01,9328
00937B,群益ESG投等債20,48,0,48,華南永昌-潮州,2024-08-01,9328
00637L,元大滬深300正2,36,0,36,華南永昌-潮州,2024-08-01,9328
1528,恩德,35,0,35,華南永昌-潮州,2024-08-01,9328
3047,訊舟,83,48,35,華南永昌-潮州,2024-08-01,9328
00919,群益台灣精選高息,26,0,26,華南永昌-潮州,2024-08-01,9328
00878,國泰永續高股息,24,0,24,華南永昌-潮州,2024-08-01,9328
00881,國泰台灣5G+,25,1,24,華南永昌-潮州,2024-08-01,9328
3535,晶彩科,25,7,18,華南永昌-潮州,2024-08-01,9328
2610,華航,15,0,15,華南永昌-潮州,2024-08-01,9328
8150,南茂,15,0,15,華南永昌-潮州,2024-08-01,9328
2337,旺宏,61,47,14,華南永昌-潮州,2024-08-01,9328
1569,濱川,12,0,12,華南永昌-潮州,2024-08-01,9328
00673R,期元大S＆P原油反1,10,0,10,華南永昌-潮州,2024-08-01,9328
00939,統一台灣高息動能,10,0,10,華南永昌-潮州,2024-08-01,9328
1808,潤隆,10,0,10,華南永昌-潮州,2024-08-01,9328
2820,華票,10,0,10,華南永昌-潮州,2024-08-01,9328
3372,典範,10,0,10,華南永昌-潮州,2024-08-01,9328
4702,中美實,10,0,10,華南永昌-潮州,2024-08-01,9328
5364,力麗店,10,0,10,華南永昌-潮州,2024-08-01,9328
00690,兆豐藍籌30,9,0,9,華南永昌-潮州,2024-08-01,9328
1815,富喬,12,3,9,華南永昌-潮州,2024-08-01,9328
2312,金寶,11,3,8,華南永昌-潮州,2024-08-01,9328
6231,系微,12,4,8,華南永昌-潮州,2024-08-01,9328
2454,聯發科,7,0,7,華南永昌-潮州,2024-08-01,9328
00940,元大台灣價值高息,36,30,6,華南永昌-潮州,2024-08-01,9328
2349,錸德,41,35,6,華南永昌-潮州,2024-08-01,9328
00934,中信成長高股息,6,0,6,華南永昌-潮州,2024-08-01,9328
00706L,期元大S＆P日圓正2,6,0,6,華南永昌-潮州,2024-08-01,9328
1702,南僑,6,0,6,華南永昌-潮州,2024-08-01,9328
2408,南亞科,6,0,6,華南永昌-潮州,2024-08-01,9328
2867,三商壽,6,0,6,華南永昌-潮州,2024-08-01,9328
2884,玉山金,6,0,6,華南永昌-潮州,2024-08-01,9328
6150,撼訊,6,0,6,華南永昌-潮州,2024-08-01,9328
6257,矽格,6,0,6,華南永昌-潮州,2024-08-01,9328
2455,全新,6,0,6,華南永昌-潮州,2024-08-01,9328
1709,和益,6,0,6,華南永昌-潮州,2024-08-01,9328
1513,中興電,13,7,6,華南永昌-潮州,2024-08-01,9328
00915,凱基優選高股息30,6,1,5,華南永昌-潮州,2024-08-01,9328
00650L,復華香港正2,5,0,5,華南永昌-潮州,2024-08-01,9328
00949,復華日本龍頭,5,0,5,華南永昌-潮州,2024-08-01,9328
1216,統一,6,1,5,華南永昌-潮州,2024-08-01,9328
1460,宏遠,5,0,5,華南永昌-潮州,2024-08-01,9328
1603,華電,5,0,5,華南永昌-潮州,2024-08-01,9328
2402,毅嘉,10,5,5,華南永昌-潮州,2024-08-01,9328
4566,時碩工業,7,2,5,華南永昌-潮州,2024-08-01,9328
6167,久正,5,0,5,華南永昌-潮州,2024-08-01,9328
6207,雷科,5,0,5,華南永昌-潮州,2024-08-01,9328
00878,國泰永續高股息,175,2,173,華南永昌-潮州,2024-08-02,9328
00929,復華台灣科技優息,199,27,172,華南永昌-潮州,2024-08-02,9328
2317,鴻海,165,10,155,華南永昌-潮州,2024-08-02,9328
00919,群益台灣精選高息,146,1,145,華南永昌-潮州,2024-08-02,9328
00881,國泰台灣5G+,105,4,101,華南永昌-潮州,2024-08-02,9328
3024,憶聲,157,79,78,華南永昌-潮州,2024-08-02,9328
00680L,元大美債20正2,125,55,70,華南永昌-潮州,2024-08-02,9328
8446,華研,60,0,60,華南永昌-潮州,2024-08-02,9328
00940,元大台灣價值高息,92,35,57,華南永昌-潮州,2024-08-02,9328
5519,隆大,60,7,53,華南永昌-潮州,2024-08-02,9328
9105,泰金寶-DR,52,0,52,華南永昌-潮州,2024-08-02,9328
0056,元大高股息,40,0,40,華南永昌-潮州,2024-08-02,9328
2387,精元,39,0,39,華南永昌-潮州,2024-08-02,9328
3481,群創,68,31,37,華南永昌-潮州,2024-08-02,9328
00687B,國泰20年美債,43,6,37,華南永昌-潮州,2024-08-02,9328
00918,大華優利高填息30,35,0,35,華南永昌-潮州,2024-08-02,9328
2303,聯電,47,16,31,華南永昌-潮州,2024-08-02,9328
2301,光寶科,33,3,30,華南永昌-潮州,2024-08-02,9328
4167,松瑞藥,30,0,30,華南永昌-潮州,2024-08-02,9328
5905,南仁湖,30,0,30,華南永昌-潮州,2024-08-02,9328
2356,英業達,32,3,29,華南永昌-潮州,2024-08-02,9328
00942B,台新美A公司債20+,29,0,29,華南永昌-潮州,2024-08-02,9328
2408,南亞科,29,1,28,華南永昌-潮州,2024-08-02,9328
1513,中興電,30,3,27,華南永昌-潮州,2024-08-02,9328
00679B,元大美債20年,54,29,25,華南永昌-潮州,2024-08-02,9328
2344,華邦電,42,18,24,華南永昌-潮州,2024-08-02,9328
2382,廣達,25,1,24,華南永昌-潮州,2024-08-02,9328
2330,台積電,36,12,24,華南永昌-潮州,2024-08-02,9328
00951,台新日本半導體,22,0,22,華南永昌-潮州,2024-08-02,9328
2610,華航,32,10,22,華南永昌-潮州,2024-08-02,9328
00946,群益科技高息成長,25,4,21,華南永昌-潮州,2024-08-02,9328
2883,凱基金,22,1,21,華南永昌-潮州,2024-08-02,9328
2634,漢翔,21,0,21,華南永昌-潮州,2024-08-02,9328
2880,華南金,21,0,21,華南永昌-潮州,2024-08-02,9328
00936,台新永續高息中小,21,1,20,華南永昌-潮州,2024-08-02,9328
4915,致伸,20,1,19,華南永昌-潮州,2024-08-02,9328
2464,盟立,23,5,18,華南永昌-潮州,2024-08-02,9328
3037,欣興,21,4,17,華南永昌-潮州,2024-08-02,9328
2367,燿華,25,8,17,華南永昌-潮州,2024-08-02,9328
00830,國泰費城半導體,17,0,17,華南永昌-潮州,2024-08-02,9328
00935,野村臺灣新科技50,16,0,16,華南永昌-潮州,2024-08-02,9328
6861,睿生光電,15,0,15,華南永昌-潮州,2024-08-02,9328
00715L,期街口布蘭特正2,15,0,15,華南永昌-潮州,2024-08-02,9328
2850,新產,15,0,15,華南永昌-潮州,2024-08-02,9328
00927,群益半導體收益,14,0,14,華南永昌-潮州,2024-08-02,9328
3663,鑫科,21,7,14,華南永昌-潮州,2024-08-02,9328
4534,慶騰,14,0,14,華南永昌-潮州,2024-08-02,9328
00923,群益台ESG低碳50,13,0,13,華南永昌-潮州,2024-08-02,9328
00915,凱基優選高股息30,13,0,13,華南永昌-潮州,2024-08-02,9328
5512,力麒,13,0,13,華南永昌-潮州,2024-08-02,9328
00929,復華台灣科技優息,447,123,324,華南永昌-潮州,2024-08-05,9328
00940,元大台灣價值高息,340,59,281,華南永昌-潮州,2024-08-05,9328
00878,國泰永續高股息,300,56,244,華南永昌-潮州,2024-08-05,9328
2801,彰銀,216,0,216,華南永昌-潮州,2024-08-05,9328
00919,群益台灣精選高息,198,25,173,華南永昌-潮州,2024-08-05,9328
2610,華航,146,8,138,華南永昌-潮州,2024-08-05,9328
00688L,國泰20年美債正2,131,30,101,華南永昌-潮州,2024-08-05,9328
5880,合庫金,60,2,58,華南永昌-潮州,2024-08-05,9328
00937B,群益ESG投等債20,85,30,55,華南永昌-潮州,2024-08-05,9328
0056,元大高股息,59,4,55,華南永昌-潮州,2024-08-05,9328
00715L,期街口布蘭特正2,53,0,53,華南永昌-潮州,2024-08-05,9328
2317,鴻海,69,17,52,華南永昌-潮州,2024-08-05,9328
2303,聯電,85,34,51,華南永昌-潮州,2024-08-05,9328
1314,中石化,56,6,50,華南永昌-潮州,2024-08-05,9328
00935,野村臺灣新科技50,46,0,46,華南永昌-潮州,2024-08-05,9328
9105,泰金寶-DR,43,1,42,華南永昌-潮州,2024-08-05,9328
1101,台泥,47,7,40,華南永昌-潮州,2024-08-05,9328
2834,臺企銀,40,4,36,華南永昌-潮州,2024-08-05,9328
2353,宏��,76,41,35,華南永昌-潮州,2024-08-05,9328
2367,燿華,35,1,34,華南永昌-潮州,2024-08-05,9328
2354,鴻準,34,0,34,華南永昌-潮州,2024-08-05,9328
5905,南仁湖,31,0,31,華南永昌-潮州,2024-08-05,9328
00881,國泰台灣5G+,31,0,31,華南永昌-潮州,2024-08-05,9328
00712,復華富時不動產,30,0,30,華南永昌-潮州,2024-08-05,9328
6116,彩晶,43,13,30,華南永昌-潮州,2024-08-05,9328
3481,群創,88,59,29,華南永昌-潮州,2024-08-05,9328
00945B,凱基美國非投等債,30,1,29,華南永昌-潮州,2024-08-05,9328
00934,中信成長高股息,46,17,29,華南永昌-潮州,2024-08-05,9328
1608,華榮,28,0,28,華南永昌-潮州,2024-08-05,9328
2891,中信金,29,2,27,華南永昌-潮州,2024-08-05,9328
2344,華邦電,34,7,27,華南永昌-潮州,2024-08-05,9328
00927,群益半導體收益,28,2,26,華南永昌-潮州,2024-08-05,9328
1909,榮成,25,0,25,華南永昌-潮州,2024-08-05,9328
2301,光寶科,33,9,24,華南永昌-潮州,2024-08-05,9328
1611,中電,24,0,24,華南永昌-潮州,2024-08-05,9328
1609,大亞,35,12,23,華南永昌-潮州,2024-08-05,9328
5443,均豪,24,1,23,華南永昌-潮州,2024-08-05,9328
2409,友達,55,34,21,華南永昌-潮州,2024-08-05,9328
2887,台新金,21,0,21,華南永昌-潮州,2024-08-05,9328
2883,凱基金,31,11,20,華南永昌-潮州,2024-08-05,9328
4707,磐亞,20,0,20,華南永昌-潮州,2024-08-05,9328
5483,中美晶,20,0,20,華南永昌-潮州,2024-08-05,9328
2449,京元電子,24,5,19,華南永昌-潮州,2024-08-05,9328
2882,國泰金,24,5,19,華南永昌-潮州,2024-08-05,9328
4174,浩鼎,22,3,19,華南永昌-潮州,2024-08-05,9328
2365,昆盈,22,4,18,華南永昌-潮州,2024-08-05,9328
2609,陽明,42,24,18,華南永昌-潮州,2024-08-05,9328
2349,錸德,22,5,17,華南永昌-潮州,2024-08-05,9328
2892,第一金,18,1,17,華南永昌-潮州,2024-08-05,9328
2330,台積電,34,18,16,華南永昌-潮州,2024-08-05,9328
00632R,元大台灣50反1,519,299,220,華南永昌-潮州,2024-08-06,9328
00772B,中信高評級公司債,200,2,198,華南永昌-潮州,2024-08-06,9328
00929,復華台灣科技優息,202,30,172,華南永昌-潮州,2024-08-06,9328
00878,國泰永續高股息,150,23,127,華南永昌-潮州,2024-08-06,9328
00940,元大台灣價值高息,164,42,122,華南永昌-潮州,2024-08-06,9328
00881,國泰台灣5G+,95,22,73,華南永昌-潮州,2024-08-06,9328
2344,華邦電,52,3,49,華南永昌-潮州,2024-08-06,9328
2542,興富發,44,0,44,華南永昌-潮州,2024-08-06,9328
2887,台新金,42,1,41,華南永昌-潮州,2024-08-06,9328
00830,國泰費城半導體,41,0,41,華南永昌-潮州,2024-08-06,9328
2610,華航,44,6,38,華南永昌-潮州,2024-08-06,9328
3715,定穎投控,36,2,34,華南永昌-潮州,2024-08-06,9328
1528,恩德,30,0,30,華南永昌-潮州,2024-08-06,9328
00637L,元大滬深300正2,29,0,29,華南永昌-潮州,2024-08-06,9328
2888,新光金,41,12,29,華南永昌-潮州,2024-08-06,9328
2883,凱基金,34,6,28,華南永昌-潮州,2024-08-06,9328
2349,錸德,27,0,27,華南永昌-潮州,2024-08-06,9328
00933B,國泰10Y+金融債,26,0,26,華南永昌-潮州,2024-08-06,9328
1609,大亞,30,5,25,華南永昌-潮州,2024-08-06,9328
00919,群益台灣精選高息,73,50,23,華南永昌-潮州,2024-08-06,9328
1316,上曜,23,0,23,華南永昌-潮州,2024-08-06,9328
4306,炎洲,23,0,23,華南永昌-潮州,2024-08-06,9328
2317,鴻海,52,29,23,華南永昌-潮州,2024-08-06,9328
2409,友達,29,8,21,華南永昌-潮州,2024-08-06,9328
4510,高鋒,40,20,20,華南永昌-潮州,2024-08-06,9328
0056,元大高股息,20,3,17,華南永昌-潮州,2024-08-06,9328
5864,致和證,17,0,17,華南永昌-潮州,2024-08-06,9328
5347,世界,19,2,17,華南永昌-潮州,2024-08-06,9328
5443,均豪,16,0,16,華南永昌-潮州,2024-08-06,9328
00900,富邦特選高股息30,48,32,16,華南永昌-潮州,2024-08-06,9328
00680L,元大美債20正2,69,53,16,華南永昌-潮州,2024-08-06,9328
2367,燿華,25,10,15,華南永昌-潮州,2024-08-06,9328
1506,正道,15,0,15,華南永昌-潮州,2024-08-06,9328
3481,群創,22,8,14,華南永昌-潮州,2024-08-06,9328
8064,東捷,14,1,13,華南永昌-潮州,2024-08-06,9328
3037,欣興,18,6,12,華南永昌-潮州,2024-08-06,9328
3379,彬台,12,0,12,華南永昌-潮州,2024-08-06,9328
6016,康和證,12,0,12,華南永昌-潮州,2024-08-06,9328
6271,同欣電,12,0,12,華南永昌-潮州,2024-08-06,9328
0050,元大台灣50,20,8,12,華南永昌-潮州,2024-08-06,9328
00715L,期街口布蘭特正2,19,8,11,華南永昌-潮州,2024-08-06,9328
2834,臺企銀,36,25,11,華南永昌-潮州,2024-08-06,9328
1467,南緯,10,0,10,華南永昌-潮州,2024-08-06,9328
2547,日勝生,10,0,10,華南永昌-潮州,2024-08-06,9328
2731,雄獅,10,0,10,華南永昌-潮州,2024-08-06,9328
2836,高雄銀,12,2,10,華南永昌-潮州,2024-08-06,9328
4919,新唐,10,0,10,華南永昌-潮州,2024-08-06,9328
6770,力積電,15,5,10,華南永昌-潮州,2024-08-06,9328
5876,上海商銀,11,1,10,華南永昌-潮州,2024-08-06,9328
2356,英業達,51,42,9,華南永昌-潮州,2024-08-06,9328
00632R,元大台灣50反1,293,130,163,華南永昌-潮州,2024-08-07,9328
00772B,中信高評級公司債,100,0,100,華南永昌-潮州,2024-08-07,9328
00878,國泰永續高股息,101,6,95,華南永昌-潮州,2024-08-07,9328
00929,復華台灣科技優息,116,23,93,華南永昌-潮州,2024-08-07,9328
00881,國泰台灣5G+,79,7,72,華南永昌-潮州,2024-08-07,9328
00940,元大台灣價值高息,77,6,71,華南永昌-潮州,2024-08-07,9328
2867,三商壽,74,20,54,華南永昌-潮州,2024-08-07,9328
2337,旺宏,56,4,52,華南永昌-潮州,2024-08-07,9328
3034,聯詠,47,1,46,華南永昌-潮州,2024-08-07,9328
3481,群創,63,17,46,華南永昌-潮州,2024-08-07,9328
00680L,元大美債20正2,46,7,39,華南永昌-潮州,2024-08-07,9328
00942B,台新美A公司債20+,33,0,33,華南永昌-潮州,2024-08-07,9328
2880,華南金,32,2,30,華南永昌-潮州,2024-08-07,9328
9105,泰金寶-DR,33,4,29,華南永昌-潮州,2024-08-07,9328
00706L,期元大S＆P日圓正2,23,0,23,華南永昌-潮州,2024-08-07,9328
2363,矽統,23,1,22,華南永昌-潮州,2024-08-07,9328
00900,富邦特選高股息30,40,20,20,華南永昌-潮州,2024-08-07,9328
00830,國泰費城半導體,20,0,20,華南永昌-潮州,2024-08-07,9328
2834,臺企銀,30,12,18,華南永昌-潮州,2024-08-07,9328
00918,大華優利高填息30,20,3,17,華南永昌-潮州,2024-08-07,9328
2886,兆豐金,15,0,15,華南永昌-潮州,2024-08-07,9328
2913,農林,15,0,15,華南永昌-潮州,2024-08-07,9328
2317,鴻海,26,11,15,華南永昌-潮州,2024-08-07,9328
5272,笙科,14,0,14,華南永昌-潮州,2024-08-07,9328
2312,金寶,33,19,14,華南永昌-潮州,2024-08-07,9328
00947,台新臺灣IC設計,13,0,13,華南永昌-潮州,2024-08-07,9328
8150,南茂,26,13,13,華南永昌-潮州,2024-08-07,9328
2892,第一金,12,0,12,華南永昌-潮州,2024-08-07,9328
00795B,中信美國公債20年,13,2,11,華南永昌-潮州,2024-08-07,9328
00715L,期街口布蘭特正2,11,0,11,華南永昌-潮州,2024-08-07,9328
1815,富喬,15,4,11,華南永昌-潮州,2024-08-07,9328
8105,凌巨,49,38,11,華南永昌-潮州,2024-08-07,9328
0056,元大高股息,18,7,11,華南永昌-潮州,2024-08-07,9328
2882,國泰金,10,0,10,華南永昌-潮州,2024-08-07,9328
00712,復華富時不動產,10,0,10,華南永昌-潮州,2024-08-07,9328
2369,菱生,10,0,10,華南永昌-潮州,2024-08-07,9328
2888,新光金,16,6,10,華南永昌-潮州,2024-08-07,9328
00948B,中信優息投資級債,10,0,10,華南永昌-潮州,2024-08-07,9328
2887,台新金,9,0,9,華南永昌-潮州,2024-08-07,9328
00931B,統一美債20年,10,1,9,華南永昌-潮州,2024-08-07,9328
2889,國票金,10,2,8,華南永昌-潮州,2024-08-07,9328
0050,元大台灣50,10,3,7,華南永昌-潮州,2024-08-07,9328
2408,南亞科,37,30,7,華南永昌-潮州,2024-08-07,9328
2356,英業達,15,8,7,華南永昌-潮州,2024-08-07,9328
2353,宏��,64,58,6,華南永昌-潮州,2024-08-07,9328
5880,合庫金,7,1,6,華南永昌-潮州,2024-08-07,9328
00919,群益台灣精選高息,94,89,5,華南永昌-潮州,2024-08-07,9328
00679B,元大美債20年,17,12,5,華南永昌-潮州,2024-08-07,9328
00893,國泰智能電動車,6,1,5,華南永昌-潮州,2024-08-07,9328
1101,台泥,5,0,5,華南永昌-潮州,2024-08-07,9328
00929,復華台灣科技優息,119,1,118,華南永昌-潮州,2024-08-08,9328
2886,兆豐金,92,10,82,華南永昌-潮州,2024-08-08,9328
00937B,群益ESG投等債20,78,0,78,華南永昌-潮州,2024-08-08,9328
00878,國泰永續高股息,52,2,50,華南永昌-潮州,2024-08-08,9328
2303,聯電,50,11,39,華南永昌-潮州,2024-08-08,9328
2892,第一金,36,0,36,華南永昌-潮州,2024-08-08,9328
2344,華邦電,37,3,34,華南永昌-潮州,2024-08-08,9328
1326,台化,32,0,32,華南永昌-潮州,2024-08-08,9328
00687B,國泰20年美債,35,3,32,華南永昌-潮州,2024-08-08,9328
00946,群益科技高息成長,36,6,30,華南永昌-潮州,2024-08-08,9328
00940,元大台灣價值高息,47,19,28,華南永昌-潮州,2024-08-08,9328
00830,國泰費城半導體,28,0,28,華南永昌-潮州,2024-08-08,9328
3019,亞光,32,5,27,華南永昌-潮州,2024-08-08,9328
2609,陽明,29,3,26,華南永昌-潮州,2024-08-08,9328
2317,鴻海,39,14,25,華南永昌-潮州,2024-08-08,9328
00919,群益台灣精選高息,22,0,22,華南永昌-潮州,2024-08-08,9328
00680L,元大美債20正2,22,0,22,華南永昌-潮州,2024-08-08,9328
00945B,凱基美國非投等債,21,0,21,華南永昌-潮州,2024-08-08,9328
00942B,台新美A公司債20+,20,0,20,華南永昌-潮州,2024-08-08,9328
8105,凌巨,22,2,20,華南永昌-潮州,2024-08-08,9328
2923,鼎固-KY,19,0,19,華南永昌-潮州,2024-08-08,9328
00934,中信成長高股息,29,11,18,華南永昌-潮州,2024-08-08,9328
00936,台新永續高息中小,17,0,17,華南永昌-潮州,2024-08-08,9328
3231,緯創,24,8,16,華南永昌-潮州,2024-08-08,9328
00935,野村臺灣新科技50,17,1,16,華南永昌-潮州,2024-08-08,9328
00900,富邦特選高股息30,16,0,16,華南永昌-潮州,2024-08-08,9328
2537,聯上發,15,0,15,華南永昌-潮州,2024-08-08,9328
00915,凱基優選高股息30,15,1,14,華南永昌-潮州,2024-08-08,9328
4540,全球傳動,17,3,14,華南永昌-潮州,2024-08-08,9328
2538,基泰,13,0,13,華南永昌-潮州,2024-08-08,9328
6116,彩晶,14,1,13,華南永昌-潮州,2024-08-08,9328
3481,群創,20,7,13,華南永昌-潮州,2024-08-08,9328
0056,元大高股息,13,0,13,華南永昌-潮州,2024-08-08,9328
2382,廣達,13,1,12,華南永昌-潮州,2024-08-08,9328
00918,大華優利高填息30,12,0,12,華南永昌-潮州,2024-08-08,9328
00881,國泰台灣5G+,14,2,12,華南永昌-潮州,2024-08-08,9328
2610,華航,12,0,12,華南永昌-潮州,2024-08-08,9328
3714,富采,12,0,12,華南永昌-潮州,2024-08-08,9328
9958,世紀鋼,11,0,11,華南永昌-潮州,2024-08-08,9328
2324,仁寶,12,1,11,華南永昌-潮州,2024-08-08,9328
6603,富強鑫,11,0,11,華南永昌-潮州,2024-08-08,9328
2330,台積電,19,8,11,華南永昌-潮州,2024-08-08,9328
2834,臺企銀,15,5,10,華南永昌-潮州,2024-08-08,9328
2408,南亞科,16,6,10,華南永昌-潮州,2024-08-08,9328
00673R,期元大S＆P原油反1,10,0,10,華南永昌-潮州,2024-08-08,9328
00725B,國泰投資級公司債,10,0,10,華南永昌-潮州,2024-08-08,9328
1305,華夏,10,0,10,華南永昌-潮州,2024-08-08,9328
2887,台新金,11,2,9,華南永昌-潮州,2024-08-08,9328
00733,富邦臺灣中小,10,1,9,華南永昌-潮州,2024-08-08,9328
2349,錸德,22,13,9,華南永昌-潮州,2024-08-08,9328
00948B,中信優息投資級債,170,0,170,華南永昌-潮州,2024-08-09,9328
00937B,群益ESG投等債20,105,0,105,華南永昌-潮州,2024-08-09,9328
2312,金寶,161,77,84,華南永昌-潮州,2024-08-09,9328
00929,復華台灣科技優息,66,15,51,華南永昌-潮州,2024-08-09,9328
00940,元大台灣價值高息,81,32,49,華南永昌-潮州,2024-08-09,9328
1618,合機,45,0,45,華南永昌-潮州,2024-08-09,9328
00687B,國泰20年美債,47,6,41,華南永昌-潮州,2024-08-09,9328
00942B,台新美A公司債20+,35,0,35,華南永昌-潮州,2024-08-09,9328
00795B,中信美國公債20年,30,0,30,華南永昌-潮州,2024-08-09,9328
6443,元晶,28,0,28,華南永昌-潮州,2024-08-09,9328
00919,群益台灣精選高息,30,2,28,華南永昌-潮州,2024-08-09,9328
00680L,元大美債20正2,28,2,26,華南永昌-潮州,2024-08-09,9328
2353,宏��,29,9,20,華南永昌-潮州,2024-08-09,9328
6603,富強鑫,20,0,20,華南永昌-潮州,2024-08-09,9328
2017,官田鋼,20,1,19,華南永昌-潮州,2024-08-09,9328
2009,第一銅,19,0,19,華南永昌-潮州,2024-08-09,9328
2365,昆盈,54,37,17,華南永昌-潮州,2024-08-09,9328
6244,茂迪,16,0,16,華南永昌-潮州,2024-08-09,9328
9958,世紀鋼,17,1,16,華南永昌-潮州,2024-08-09,9328
00679B,元大美債20年,29,14,15,華南永昌-潮州,2024-08-09,9328
4114,健喬,14,0,14,華南永昌-潮州,2024-08-09,9328
00632R,元大台灣50反1,214,200,14,華南永昌-潮州,2024-08-09,9328
00900,富邦特選高股息30,13,0,13,華南永昌-潮州,2024-08-09,9328
4909,新復興,22,9,13,華南永昌-潮州,2024-08-09,9328
3450,聯鈞,17,6,11,華南永昌-潮州,2024-08-09,9328
2630,亞航,11,0,11,華南永昌-潮州,2024-08-09,9328
8089,康全電訊,11,0,11,華南永昌-潮州,2024-08-09,9328
3037,欣興,15,5,10,華南永昌-潮州,2024-08-09,9328
1710,東聯,10,0,10,華南永昌-潮州,2024-08-09,9328
2417,圓剛,10,0,10,華南永昌-潮州,2024-08-09,9328
3030,德律,11,1,10,華南永昌-潮州,2024-08-09,9328
8021,尖點,10,0,10,華南永昌-潮州,2024-08-09,9328
8358,金居,10,0,10,華南永昌-潮州,2024-08-09,9328
2357,華碩,10,0,10,華南永昌-潮州,2024-08-09,9328
1536,和大,11,1,10,華南永昌-潮州,2024-08-09,9328
00936,台新永續高息中小,10,0,10,華南永昌-潮州,2024-08-09,9328
2834,臺企銀,9,0,9,華南永昌-潮州,2024-08-09,9328
00712,復華富時不動產,9,0,9,華南永昌-潮州,2024-08-09,9328
2313,華通,10,1,9,華南永昌-潮州,2024-08-09,9328
2486,一詮,11,2,9,華南永昌-潮州,2024-08-09,9328
2537,聯上發,11,2,9,華南永昌-潮州,2024-08-09,9328
5452,佶優,9,0,9,華南永昌-潮州,2024-08-09,9328
5443,均豪,23,15,8,華南永昌-潮州,2024-08-09,9328
2014,中鴻,8,0,8,華南永昌-潮州,2024-08-09,9328
4977,眾達-KY,8,0,8,華南永昌-潮州,2024-08-09,9328
6770,力積電,9,1,8,華南永昌-潮州,2024-08-09,9328
2408,南亞科,8,1,7,華南永昌-潮州,2024-08-09,9328
00933B,國泰10Y+金融債,7,0,7,華南永昌-潮州,2024-08-09,9328
2367,燿華,7,0,7,華南永昌-潮州,2024-08-09,9328
00722B,群益投資級電信債,7,0,7,華南永昌-潮州,2024-08-09,9328
2330,台積電,112,5,107,華南永昌-潮州,2024-08-12,9328
2365,昆盈,157,54,103,華南永昌-潮州,2024-08-12,9328
00687B,國泰20年美債,46,0,46,華南永昌-潮州,2024-08-12,9328
1326,台化,44,1,43,華南永昌-潮州,2024-08-12,9328
00679B,元大美債20年,42,0,42,華南永昌-潮州,2024-08-12,9328
2891,中信金,31,0,31,華南永昌-潮州,2024-08-12,9328
6015,宏遠證,24,0,24,華南永昌-潮州,2024-08-12,9328
00878,國泰永續高股息,61,37,24,華南永昌-潮州,2024-08-12,9328
00706L,期元大S＆P日圓正2,21,0,21,華南永昌-潮州,2024-08-12,9328
00900,富邦特選高股息30,20,0,20,華南永昌-潮州,2024-08-12,9328
00907,永豐優息存股,20,0,20,華南永昌-潮州,2024-08-12,9328
4142,國光生,20,0,20,華南永昌-潮州,2024-08-12,9328
00929,復華台灣科技優息,42,25,17,華南永昌-潮州,2024-08-12,9328
3206,志豐,16,0,16,華南永昌-潮州,2024-08-12,9328
1609,大亞,23,8,15,華南永昌-潮州,2024-08-12,9328
1325,恆大,15,0,15,華南永昌-潮州,2024-08-12,9328
00881,國泰台灣5G+,14,0,14,華南永昌-潮州,2024-08-12,9328
2359,所羅門,23,9,14,華南永昌-潮州,2024-08-12,9328
8096,擎亞,17,5,12,華南永昌-潮州,2024-08-12,9328
8110,華東,12,0,12,華南永昌-潮州,2024-08-12,9328
3663,鑫科,30,19,11,華南永昌-潮州,2024-08-12,9328
00712,復華富時不動產,10,0,10,華南永昌-潮州,2024-08-12,9328
1802,台玻,10,0,10,華南永昌-潮州,2024-08-12,9328
3379,彬台,10,0,10,華南永昌-潮州,2024-08-12,9328
5364,力麗店,10,0,10,華南永昌-潮州,2024-08-12,9328
6156,松上,10,0,10,華南永昌-潮州,2024-08-12,9328
2883,凱基金,10,0,10,華南永昌-潮州,2024-08-12,9328
3047,訊舟,10,0,10,華南永昌-潮州,2024-08-12,9328
00795B,中信美國公債20年,9,0,9,華南永昌-潮州,2024-08-12,9328
00946,群益科技高息成長,10,1,9,華南永昌-潮州,2024-08-12,9328
2449,京元電子,21,13,8,華南永昌-潮州,2024-08-12,9328
1597,直得,19,11,8,華南永昌-潮州,2024-08-12,9328
2331,精英,11,3,8,華南永昌-潮州,2024-08-12,9328
2349,錸德,32,24,8,華南永昌-潮州,2024-08-12,9328
3044,健鼎,8,0,8,華南永昌-潮州,2024-08-12,9328
4562,穎漢,29,21,8,華南永昌-潮州,2024-08-12,9328
6215,和椿,10,3,7,華南永昌-潮州,2024-08-12,9328
3048,益登,8,2,6,華南永昌-潮州,2024-08-12,9328
00919,群益台灣精選高息,23,17,6,華南永昌-潮州,2024-08-12,9328
2357,華碩,7,1,6,華南永昌-潮州,2024-08-12,9328
4906,正文,8,2,6,華南永昌-潮州,2024-08-12,9328
6187,萬潤,10,5,5,華南永昌-潮州,2024-08-12,9328
2002,中鋼,17,12,5,華南永昌-潮州,2024-08-12,9328
3013,晟銘電,20,15,5,華南永昌-潮州,2024-08-12,9328
1513,中興電,5,0,5,華南永昌-潮州,2024-08-12,9328
00673R,期元大S＆P原油反1,5,0,5,華南永昌-潮州,2024-08-12,9328
00948B,中信優息投資級債,5,0,5,華南永昌-潮州,2024-08-12,9328
1310,台苯,5,0,5,華南永昌-潮州,2024-08-12,9328
2101,南港,5,0,5,華南永昌-潮州,2024-08-12,9328
2641,正德,6,1,5,華南永昌-潮州,2024-08-12,9328
00632R,元大台灣50反1,120,0,120,華南永昌-潮州,2024-08-13,9328
00929,復華台灣科技優息,107,5,102,華南永昌-潮州,2024-08-13,9328
2880,華南金,52,0,52,華南永昌-潮州,2024-08-13,9328
00940,元大台灣價值高息,78,34,44,華南永昌-潮州,2024-08-13,9328
2615,萬海,62,24,38,華南永昌-潮州,2024-08-13,9328
6156,松上,35,0,35,華南永昌-潮州,2024-08-13,9328
5392,能率,31,0,31,華南永昌-潮州,2024-08-13,9328
2356,英業達,31,2,29,華南永昌-潮州,2024-08-13,9328
00679B,元大美債20年,37,10,27,華南永昌-潮州,2024-08-13,9328
6126,信音,23,0,23,華南永昌-潮州,2024-08-13,9328
3024,憶聲,26,4,22,華南永昌-潮州,2024-08-13,9328
1314,中石化,21,0,21,華南永昌-潮州,2024-08-13,9328
2834,臺企銀,20,0,20,華南永昌-潮州,2024-08-13,9328
1513,中興電,42,24,18,華南永昌-潮州,2024-08-13,9328
2886,兆豐金,17,0,17,華南永昌-潮州,2024-08-13,9328
1303,南亞,16,0,16,華南永昌-潮州,2024-08-13,9328
1326,台化,16,0,16,華南永昌-潮州,2024-08-13,9328
2609,陽明,29,14,15,華南永昌-潮州,2024-08-13,9328
00937B,群益ESG投等債20,21,6,15,華南永昌-潮州,2024-08-13,9328
8096,擎亞,18,3,15,華南永昌-潮州,2024-08-13,9328
9914,美利達,21,7,14,華南永昌-潮州,2024-08-13,9328
6269,台郡,13,0,13,華南永昌-潮州,2024-08-13,9328
00881,國泰台灣5G+,14,2,12,華南永昌-潮州,2024-08-13,9328
8150,南茂,18,6,12,華南永昌-潮州,2024-08-13,9328
00720B,元大投資級公司債,12,0,12,華南永昌-潮州,2024-08-13,9328
0056,元大高股息,13,2,11,華南永昌-潮州,2024-08-13,9328
5519,隆大,13,2,11,華南永昌-潮州,2024-08-13,9328
3062,建漢,30,19,11,華南永昌-潮州,2024-08-13,9328
2308,台達電,11,0,11,華南永昌-潮州,2024-08-13,9328
00673R,期元大S＆P原油反1,10,0,10,華南永昌-潮州,2024-08-13,9328
00633L,富邦上証正2,10,0,10,華南永昌-潮州,2024-08-13,9328
00731,復華富時高息低波,10,0,10,華南永昌-潮州,2024-08-13,9328
2820,華票,10,0,10,華南永昌-潮州,2024-08-13,9328
3703,欣陸,10,0,10,華南永昌-潮州,2024-08-13,9328
6165,浪凡,10,0,10,華南永昌-潮州,2024-08-13,9328
5880,合庫金,13,3,10,華南永昌-潮州,2024-08-13,9328
1786,科妍,9,0,9,華南永昌-潮州,2024-08-13,9328
4102,永日,9,0,9,華南永昌-潮州,2024-08-13,9328
8358,金居,11,2,9,華南永昌-潮州,2024-08-13,9328
2891,中信金,12,3,9,華南永昌-潮州,2024-08-13,9328
2489,瑞軒,14,6,8,華南永昌-潮州,2024-08-13,9328
2002,中鋼,8,0,8,華南永昌-潮州,2024-08-13,9328
2013,中鋼構,8,0,8,華南永昌-潮州,2024-08-13,9328
1540,喬福,14,6,8,華南永昌-潮州,2024-08-13,9328
00946,群益科技高息成長,7,0,7,華南永昌-潮州,2024-08-13,9328
3714,富采,7,0,7,華南永昌-潮州,2024-08-13,9328
4979,華星光,11,4,7,華南永昌-潮州,2024-08-13,9328
2208,台船,15,9,6,華南永昌-潮州,2024-08-13,9328
00932,兆豐永續高息等權,6,0,6,華南永昌-潮州,2024-08-13,9328
00931B,統一美債20年,6,0,6,華南永昌-潮州,2024-08-13,9328
2312,金寶,173,13,160,華南永昌-潮州,2024-08-14,9328
00900,富邦特選高股息30,165,7,158,華南永昌-潮州,2024-08-14,9328
00632R,元大台灣50反1,140,0,140,華南永昌-潮州,2024-08-14,9328
00712,復華富時不動產,81,5,76,華南永昌-潮州,2024-08-14,9328
00878,國泰永續高股息,83,17,66,華南永昌-潮州,2024-08-14,9328
00688L,國泰20年美債正2,56,0,56,華南永昌-潮州,2024-08-14,9328
00680L,元大美債20正2,42,2,40,華南永昌-潮州,2024-08-14,9328
00679B,元大美債20年,40,6,34,華南永昌-潮州,2024-08-14,9328
2615,萬海,63,32,31,華南永昌-潮州,2024-08-14,9328
2025,千興,21,0,21,華南永昌-潮州,2024-08-14,9328
1101,台泥,24,3,21,華南永昌-潮州,2024-08-14,9328
3481,群創,55,34,21,華南永昌-潮州,2024-08-14,9328
00665L,富邦�琤肭磪囓�2,30,10,20,華南永昌-潮州,2024-08-14,9328
9958,世紀鋼,21,1,20,華南永昌-潮州,2024-08-14,9328
1326,台化,19,0,19,華南永昌-潮州,2024-08-14,9328
00936,台新永續高息中小,18,1,17,華南永昌-潮州,2024-08-14,9328
1608,華榮,16,1,15,華南永昌-潮州,2024-08-14,9328
1536,和大,33,18,15,華南永昌-潮州,2024-08-14,9328
4562,穎漢,41,26,15,華南永昌-潮州,2024-08-14,9328
3048,益登,28,15,13,華南永昌-潮州,2024-08-14,9328
3078,僑威,13,0,13,華南永昌-潮州,2024-08-14,9328
2801,彰銀,12,0,12,華南永昌-潮州,2024-08-14,9328
3050,鈺德,12,0,12,華南永昌-潮州,2024-08-14,9328
00949,復華日本龍頭,12,0,12,華南永昌-潮州,2024-08-14,9328
00905,FT臺灣Smart,11,0,11,華南永昌-潮州,2024-08-14,9328
3019,亞光,11,1,10,華南永昌-潮州,2024-08-14,9328
1456,怡華,10,0,10,華南永昌-潮州,2024-08-14,9328
2401,凌陽,12,2,10,華南永昌-潮州,2024-08-14,9328
4167,松瑞藥,10,0,10,華南永昌-潮州,2024-08-14,9328
5388,中磊,10,0,10,華南永昌-潮州,2024-08-14,9328
5522,遠雄,10,0,10,華南永昌-潮州,2024-08-14,9328
8021,尖點,11,1,10,華南永昌-潮州,2024-08-14,9328
8039,台虹,10,0,10,華南永昌-潮州,2024-08-14,9328
3056,富華新,10,0,10,華南永昌-潮州,2024-08-14,9328
2409,友達,11,1,10,華南永昌-潮州,2024-08-14,9328
2363,矽統,16,7,9,華南永昌-潮州,2024-08-14,9328
2834,臺企銀,12,3,9,華南永昌-潮州,2024-08-14,9328
00715L,期街口布蘭特正2,9,0,9,華南永昌-潮州,2024-08-14,9328
6278,台表科,10,1,9,華南永昌-潮州,2024-08-14,9328
6215,和椿,32,24,8,華南永昌-潮州,2024-08-14,9328
6582,申豐,8,0,8,華南永昌-潮州,2024-08-14,9328
9955,佳龍,11,3,8,華南永昌-潮州,2024-08-14,9328
2427,三商電,7,0,7,華南永昌-潮州,2024-08-14,9328
1570,力肯,7,0,7,華南永昌-潮州,2024-08-14,9328
4303,信立,9,2,7,華南永昌-潮州,2024-08-14,9328
4909,新復興,7,0,7,華南永昌-潮州,2024-08-14,9328
00944,野村趨勢動能高息,6,0,6,華南永昌-潮州,2024-08-14,9328
2609,陽明,15,9,6,華南永昌-潮州,2024-08-14,9328
3062,建漢,17,11,6,華南永昌-潮州,2024-08-14,9328
5880,合庫金,21,15,6,華南永昌-潮州,2024-08-14,9328
00679B,元大美債20年,178,7,171,華南永昌-潮州,2024-08-15,9328
2867,三商壽,106,0,106,華南永昌-潮州,2024-08-15,9328
2002,中鋼,84,8,76,華南永昌-潮州,2024-08-15,9328
00878,國泰永續高股息,71,2,69,華南永昌-潮州,2024-08-15,9328
00900,富邦特選高股息30,77,13,64,華南永昌-潮州,2024-08-15,9328
00932,兆豐永續高息等權,56,0,56,華南永昌-潮州,2024-08-15,9328
00929,復華台灣科技優息,45,4,41,華南永昌-潮州,2024-08-15,9328
2609,陽明,62,22,40,華南永昌-潮州,2024-08-15,9328
2637,慧洋-KY,41,1,40,華南永昌-潮州,2024-08-15,9328
00937B,群益ESG投等債20,36,0,36,華南永昌-潮州,2024-08-15,9328
2801,彰銀,40,10,30,華南永昌-潮州,2024-08-15,9328
00948B,中信優息投資級債,30,0,30,華南永昌-潮州,2024-08-15,9328
1325,恆大,31,1,30,華南永昌-潮州,2024-08-15,9328
2618,長榮航,39,10,29,華南永昌-潮州,2024-08-15,9328
2886,兆豐金,29,1,28,華南永昌-潮州,2024-08-15,9328
2739,寒舍,25,0,25,華南永昌-潮州,2024-08-15,9328
2352,佳世達,22,0,22,華南永昌-潮州,2024-08-15,9328
00688L,國泰20年美債正2,20,0,20,華南永昌-潮州,2024-08-15,9328
00687B,國泰20年美債,21,1,20,華南永昌-潮州,2024-08-15,9328
8374,羅昇,31,14,17,華南永昌-潮州,2024-08-15,9328
00905,FT臺灣Smart,17,0,17,華南永昌-潮州,2024-08-15,9328
3013,晟銘電,18,3,15,華南永昌-潮州,2024-08-15,9328
5481,新華,15,0,15,華南永昌-潮州,2024-08-15,9328
1301,台塑,13,0,13,華南永昌-潮州,2024-08-15,9328
3663,鑫科,26,13,13,華南永昌-潮州,2024-08-15,9328
00795B,中信美國公債20年,13,0,13,華南永昌-潮州,2024-08-15,9328
2208,台船,13,0,13,華南永昌-潮州,2024-08-15,9328
3645,達邁,17,4,13,華南永昌-潮州,2024-08-15,9328
00715L,期街口布蘭特正2,12,0,12,華南永昌-潮州,2024-08-15,9328
2317,鴻海,35,24,11,華南永昌-潮州,2024-08-15,9328
1513,中興電,19,8,11,華南永昌-潮州,2024-08-15,9328
4303,信立,11,0,11,華南永昌-潮州,2024-08-15,9328
2887,台新金,11,0,11,華南永昌-潮州,2024-08-15,9328
5371,中光電,12,2,10,華南永昌-潮州,2024-08-15,9328
6505,台塑化,10,0,10,華南永昌-潮州,2024-08-15,9328
00671R,富邦NASDAQ反1,10,0,10,華南永昌-潮州,2024-08-15,9328
00941,中信上游半導體,10,0,10,華南永昌-潮州,2024-08-15,9328
00945B,凱基美國非投等債,10,0,10,華南永昌-潮州,2024-08-15,9328
3708,上緯投控,10,0,10,華南永昌-潮州,2024-08-15,9328
2303,聯電,21,11,10,華南永昌-潮州,2024-08-15,9328
3048,益登,13,4,9,華南永昌-潮州,2024-08-15,9328
1326,台化,9,0,9,華南永昌-潮州,2024-08-15,9328
1303,南亞,9,0,9,華南永昌-潮州,2024-08-15,9328
1584,精剛,10,1,9,華南永昌-潮州,2024-08-15,9328
2312,金寶,19,10,9,華南永昌-潮州,2024-08-15,9328
1314,中石化,17,9,8,華南永昌-潮州,2024-08-15,9328
9905,大華,8,0,8,華南永昌-潮州,2024-08-15,9328
8064,東捷,49,42,7,華南永昌-潮州,2024-08-15,9328
8927,北基,7,0,7,華南永昌-潮州,2024-08-15,9328
00946,群益科技高息成長,6,0,6,華南永昌-潮州,2024-08-15,9328
00937B,群益ESG投等債20,302,50,252,華南永昌-潮州,2024-08-16,9328
00878,國泰永續高股息,85,14,71,華南永昌-潮州,2024-08-16,9328
00632R,元大台灣50反1,65,3,62,華南永昌-潮州,2024-08-16,9328
00679B,元大美債20年,43,0,43,華南永昌-潮州,2024-08-16,9328
2615,萬海,58,17,41,華南永昌-潮州,2024-08-16,9328
00687B,國泰20年美債,40,0,40,華南永昌-潮州,2024-08-16,9328
1325,恆大,35,0,35,華南永昌-潮州,2024-08-16,9328
00929,復華台灣科技優息,70,37,33,華南永昌-潮州,2024-08-16,9328
2497,怡利電,32,1,31,華南永昌-潮州,2024-08-16,9328
2002,中鋼,32,1,31,華南永昌-潮州,2024-08-16,9328
2397,友通,31,1,30,華南永昌-潮州,2024-08-16,9328
2609,陽明,65,38,27,華南永昌-潮州,2024-08-16,9328
1539,巨庭,27,0,27,華南永昌-潮州,2024-08-16,9328
3167,大量,29,2,27,華南永昌-潮州,2024-08-16,9328
2489,瑞軒,61,36,25,華南永昌-潮州,2024-08-16,9328
00881,國泰台灣5G+,25,5,20,華南永昌-潮州,2024-08-16,9328
1785,光洋科,25,5,20,華南永昌-潮州,2024-08-16,9328
1909,榮成,20,0,20,華南永昌-潮州,2024-08-16,9328
2312,金寶,46,26,20,華南永昌-潮州,2024-08-16,9328
3605,宏致,20,0,20,華南永昌-潮州,2024-08-16,9328
2618,長榮航,21,2,19,華南永昌-潮州,2024-08-16,9328
8043,蜜望實,16,3,13,華南永昌-潮州,2024-08-16,9328
2892,第一金,12,0,12,華南永昌-潮州,2024-08-16,9328
8096,擎亞,45,33,12,華南永昌-潮州,2024-08-16,9328
00905,FT臺灣Smart,11,0,11,華南永昌-潮州,2024-08-16,9328
00688L,國泰20年美債正2,11,0,11,華南永昌-潮州,2024-08-16,9328
2637,慧洋-KY,11,0,11,華南永昌-潮州,2024-08-16,9328
00940,元大台灣價值高息,25,14,11,華南永昌-潮州,2024-08-16,9328
1609,大亞,18,8,10,華南永昌-潮州,2024-08-16,9328
1101,台泥,10,0,10,華南永昌-潮州,2024-08-16,9328
00706L,期元大S＆P日圓正2,10,0,10,華南永昌-潮州,2024-08-16,9328
1409,新纖,26,16,10,華南永昌-潮州,2024-08-16,9328
1467,南緯,10,0,10,華南永昌-潮州,2024-08-16,9328
1504,東元,10,0,10,華南永昌-潮州,2024-08-16,9328
6443,元晶,20,10,10,華南永昌-潮州,2024-08-16,9328
8926,台汽電,10,0,10,華南永昌-潮州,2024-08-16,9328
2062,橋椿,17,8,9,華南永昌-潮州,2024-08-16,9328
2308,台達電,10,1,9,華南永昌-潮州,2024-08-16,9328
2354,鴻準,9,0,9,華南永昌-潮州,2024-08-16,9328
5230,雷笛克光學,12,3,9,華南永昌-潮州,2024-08-16,9328
2365,昆盈,60,51,9,華南永昌-潮州,2024-08-16,9328
3024,憶聲,27,19,8,華南永昌-潮州,2024-08-16,9328
3037,欣興,7,0,7,華南永昌-潮州,2024-08-16,9328
00680L,元大美債20正2,8,1,7,華南永昌-潮州,2024-08-16,9328
1326,台化,7,0,7,華南永昌-潮州,2024-08-16,9328
2501,國建,7,0,7,華南永昌-潮州,2024-08-16,9328
4558,寶緯,7,0,7,華南永昌-潮州,2024-08-16,9328
00931B,統一美債20年,6,0,6,華南永昌-潮州,2024-08-16,9328
00795B,中信美國公債20年,6,0,6,華南永昌-潮州,2024-08-16,9328
3066,李洲,6,0,6,華南永昌-潮州,2024-08-16,9328
2888,新光金,227,40,187,華南永昌-潮州,2024-08-19,9328
00946,群益科技高息成長,153,23,130,華南永昌-潮州,2024-08-19,9328
2367,燿華,144,18,126,華南永昌-潮州,2024-08-19,9328
00687B,國泰20年美債,97,0,97,華南永昌-潮州,2024-08-19,9328
1325,恆大,70,0,70,華南永昌-潮州,2024-08-19,9328
00937B,群益ESG投等債20,101,45,56,華南永昌-潮州,2024-08-19,9328
2886,兆豐金,51,2,49,華南永昌-潮州,2024-08-19,9328
1611,中電,46,0,46,華南永昌-潮州,2024-08-19,9328
00679B,元大美債20年,44,0,44,華南永昌-潮州,2024-08-19,9328
8021,尖點,43,4,39,華南永昌-潮州,2024-08-19,9328
2615,萬海,57,18,39,華南永昌-潮州,2024-08-19,9328
2317,鴻海,46,12,34,華南永昌-潮州,2024-08-19,9328
00715L,期街口布蘭特正2,33,0,33,華南永昌-潮州,2024-08-19,9328
6156,松上,36,4,32,華南永昌-潮州,2024-08-19,9328
2014,中鴻,26,1,25,華南永昌-潮州,2024-08-19,9328
6207,雷科,25,3,22,華南永昌-潮州,2024-08-19,9328
2002,中鋼,23,2,21,華南永昌-潮州,2024-08-19,9328
2356,英業達,24,3,21,華南永昌-潮州,2024-08-19,9328
00942B,台新美A公司債20+,20,0,20,華南永昌-潮州,2024-08-19,9328
5880,合庫金,20,0,20,華南永昌-潮州,2024-08-19,9328
2362,藍天,20,1,19,華南永昌-潮州,2024-08-19,9328
3047,訊舟,63,46,17,華南永昌-潮州,2024-08-19,9328
5519,隆大,20,4,16,華南永昌-潮州,2024-08-19,9328
1569,濱川,14,0,14,華南永昌-潮州,2024-08-19,9328
00919,群益台灣精選高息,32,21,11,華南永昌-潮州,2024-08-19,9328
00688L,國泰20年美債正2,16,5,11,華南永昌-潮州,2024-08-19,9328
3706,神達,11,0,11,華南永昌-潮州,2024-08-19,9328
1540,喬福,10,0,10,華南永昌-潮州,2024-08-19,9328
1617,榮星,10,0,10,華南永昌-潮州,2024-08-19,9328
4958,臻鼎-KY,11,1,10,華南永昌-潮州,2024-08-19,9328
9935,慶豐富,10,0,10,華南永昌-潮州,2024-08-19,9328
8096,擎亞,31,21,10,華南永昌-潮州,2024-08-19,9328
00931B,統一美債20年,9,0,9,華南永昌-潮州,2024-08-19,9328
00900,富邦特選高股息30,10,1,9,華南永昌-潮州,2024-08-19,9328
00935,野村臺灣新科技50,9,0,9,華南永昌-潮州,2024-08-19,9328
2634,漢翔,10,1,9,華南永昌-潮州,2024-08-19,9328
4562,穎漢,19,10,9,華南永昌-潮州,2024-08-19,9328
00933B,國泰10Y+金融債,8,0,8,華南永昌-潮州,2024-08-19,9328
6133,金橋,10,2,8,華南永昌-潮州,2024-08-19,9328
2062,橋椿,12,5,7,華南永昌-潮州,2024-08-19,9328
2323,中環,10,3,7,華南永昌-潮州,2024-08-19,9328
00795B,中信美國公債20年,6,0,6,華南永昌-潮州,2024-08-19,9328
3033,威健,6,0,6,華南永昌-潮州,2024-08-19,9328
2313,華通,6,0,6,華南永昌-潮州,2024-08-19,9328
3231,緯創,7,1,6,華南永昌-潮州,2024-08-19,9328
2329,華泰,6,0,6,華南永昌-潮州,2024-08-19,9328
2497,怡利電,6,0,6,華南永昌-潮州,2024-08-19,9328
3581,博磊,19,13,6,華南永昌-潮州,2024-08-19,9328
1303,南亞,6,0,6,華南永昌-潮州,2024-08-19,9328
1314,中石化,9,4,5,華南永昌-潮州,2024-08-19,9328
00946,群益科技高息成長,128,6,122,華南永昌-潮州,2024-08-20,9328
00665L,富邦�琤肭磪囓�2,70,20,50,華南永昌-潮州,2024-08-20,9328
00929,復華台灣科技優息,51,3,48,華南永昌-潮州,2024-08-20,9328
00715L,期街口布蘭特正2,47,0,47,華南永昌-潮州,2024-08-20,9328
2464,盟立,61,16,45,華南永昌-潮州,2024-08-20,9328
00687B,國泰20年美債,40,0,40,華南永昌-潮州,2024-08-20,9328
00934,中信成長高股息,40,2,38,華南永昌-潮州,2024-08-20,9328
4562,穎漢,77,44,33,華南永昌-潮州,2024-08-20,9328
5519,隆大,35,6,29,華南永昌-潮州,2024-08-20,9328
2356,英業達,65,37,28,華南永昌-潮州,2024-08-20,9328
3024,憶聲,30,4,26,華南永昌-潮州,2024-08-20,9328
2497,怡利電,26,1,25,華南永昌-潮州,2024-08-20,9328
1303,南亞,25,0,25,華南永昌-潮州,2024-08-20,9328
2542,興富發,25,0,25,華南永昌-潮州,2024-08-20,9328
2409,友達,24,0,24,華南永昌-潮州,2024-08-20,9328
6770,力積電,22,0,22,華南永昌-潮州,2024-08-20,9328
5371,中光電,28,6,22,華南永昌-潮州,2024-08-20,9328
8028,昇陽半導體,54,33,21,華南永昌-潮州,2024-08-20,9328
1539,巨庭,20,0,20,華南永昌-潮州,2024-08-20,9328
2363,矽統,18,0,18,華南永昌-潮州,2024-08-20,9328
00923,群益台ESG低碳50,19,1,18,華南永昌-潮州,2024-08-20,9328
2515,中工,17,0,17,華南永昌-潮州,2024-08-20,9328
5443,均豪,39,23,16,華南永昌-潮州,2024-08-20,9328
5230,雷笛克光學,19,3,16,華南永昌-潮州,2024-08-20,9328
2887,台新金,14,0,14,華南永昌-潮州,2024-08-20,9328
00942B,台新美A公司債20+,13,0,13,華南永昌-潮州,2024-08-20,9328
5452,佶優,15,2,13,華南永昌-潮州,2024-08-20,9328
8927,北基,14,1,13,華南永昌-潮州,2024-08-20,9328
2603,長榮,13,0,13,華南永昌-潮州,2024-08-20,9328
00878,國泰永續高股息,18,5,13,華南永昌-潮州,2024-08-20,9328
00937B,群益ESG投等債20,13,0,13,華南永昌-潮州,2024-08-20,9328
2002,中鋼,13,1,12,華南永昌-潮州,2024-08-20,9328
6550,北極星藥業-KY,12,0,12,華南永昌-潮州,2024-08-20,9328
8374,羅昇,19,7,12,華南永昌-潮州,2024-08-20,9328
3580,友威科,29,18,11,華南永昌-潮州,2024-08-20,9328
00637L,元大滬深300正2,10,0,10,華南永昌-潮州,2024-08-20,9328
00632R,元大台灣50反1,10,0,10,華南永昌-潮州,2024-08-20,9328
2881,富邦金,11,1,10,華南永昌-潮州,2024-08-20,9328
2882,國泰金,13,3,10,華南永昌-潮州,2024-08-20,9328
3379,彬台,12,2,10,華南永昌-潮州,2024-08-20,9328
4956,光鋐,12,2,10,華南永昌-潮州,2024-08-20,9328
5388,中磊,10,0,10,華南永昌-潮州,2024-08-20,9328
8150,南茂,10,1,9,華南永昌-潮州,2024-08-20,9328
2227,裕日車,9,0,9,華南永昌-潮州,2024-08-20,9328
5222,全訊,9,0,9,華南永昌-潮州,2024-08-20,9328
6215,和椿,9,0,9,華南永昌-潮州,2024-08-20,9328
00940,元大台灣價值高息,48,39,9,華南永昌-潮州,2024-08-20,9328
2886,兆豐金,9,0,9,華南永昌-潮州,2024-08-20,9328
00919,群益台灣精選高息,9,0,9,華南永昌-潮州,2024-08-20,9328
2402,毅嘉,18,10,8,華南永昌-潮州,2024-08-20,9328
6156,松上,63,2,61,華南永昌-潮州,2024-08-21,9328
00937B,群益ESG投等債20,64,10,54,華南永昌-潮州,2024-08-21,9328
00919,群益台灣精選高息,50,0,50,華南永昌-潮州,2024-08-21,9328
2891,中信金,53,3,50,華南永昌-潮州,2024-08-21,9328
00878,國泰永續高股息,40,3,37,華南永昌-潮州,2024-08-21,9328
2327,國巨,37,0,37,華南永昌-潮州,2024-08-21,9328
2317,鴻海,41,15,26,華南永昌-潮州,2024-08-21,9328
2867,三商壽,30,5,25,華南永昌-潮州,2024-08-21,9328
00632R,元大台灣50反1,21,0,21,華南永昌-潮州,2024-08-21,9328
00688L,國泰20年美債正2,31,10,21,華南永昌-潮州,2024-08-21,9328
3047,訊舟,52,31,21,華南永昌-潮州,2024-08-21,9328
00715L,期街口布蘭特正2,20,0,20,華南永昌-潮州,2024-08-21,9328
2883,凱基金,19,0,19,華南永昌-潮州,2024-08-21,9328
2344,華邦電,19,1,18,華南永昌-潮州,2024-08-21,9328
2542,興富發,16,0,16,華南永昌-潮州,2024-08-21,9328
8064,東捷,25,10,15,華南永昌-潮州,2024-08-21,9328
2208,台船,20,5,15,華南永昌-潮州,2024-08-21,9328
5519,隆大,15,0,15,華南永昌-潮州,2024-08-21,9328
5905,南仁湖,26,12,14,華南永昌-潮州,2024-08-21,9328
2886,兆豐金,14,0,14,華南永昌-潮州,2024-08-21,9328
5484,慧友,18,4,14,華南永昌-潮州,2024-08-21,9328
2881,富邦金,23,10,13,華南永昌-潮州,2024-08-21,9328
00900,富邦特選高股息30,12,0,12,華南永昌-潮州,2024-08-21,9328
00882,中信中國高股息,12,0,12,華南永昌-潮州,2024-08-21,9328
00954,中信日本半導體,12,0,12,華南永昌-潮州,2024-08-21,9328
6231,系微,12,0,12,華南永昌-潮州,2024-08-21,9328
1326,台化,11,0,11,華南永昌-潮州,2024-08-21,9328
1584,精剛,16,5,11,華南永昌-潮州,2024-08-21,9328
3006,晶豪科,10,0,10,華南永昌-潮州,2024-08-21,9328
3056,富華新,10,0,10,華南永昌-潮州,2024-08-21,9328
6120,達運,10,0,10,華南永昌-潮州,2024-08-21,9328
2409,友達,10,0,10,華南永昌-潮州,2024-08-21,9328
00881,國泰台灣5G+,12,4,8,華南永昌-潮州,2024-08-21,9328
2888,新光金,194,186,8,華南永昌-潮州,2024-08-21,9328
2356,英業達,25,17,8,華南永昌-潮州,2024-08-21,9328
2367,燿華,10,2,8,華南永昌-潮州,2024-08-21,9328
6207,雷科,8,1,7,華南永昌-潮州,2024-08-21,9328
00830,國泰費城半導體,7,0,7,華南永昌-潮州,2024-08-21,9328
00907,永豐優息存股,7,0,7,華南永昌-潮州,2024-08-21,9328
2402,毅嘉,7,0,7,華南永昌-潮州,2024-08-21,9328
3033,威健,7,0,7,華南永昌-潮州,2024-08-21,9328
3163,波若威,11,4,7,華南永昌-潮州,2024-08-21,9328
3522,御嵿,7,0,7,華南永昌-潮州,2024-08-21,9328
6215,和椿,7,0,7,華南永昌-潮州,2024-08-21,9328
8054,安國,11,4,7,華南永昌-潮州,2024-08-21,9328
00679B,元大美債20年,10,3,7,華南永昌-潮州,2024-08-21,9328
3024,憶聲,7,1,6,華南永昌-潮州,2024-08-21,9328
4555,氣立,7,1,6,華南永昌-潮州,2024-08-21,9328
6177,達麗,6,0,6,華南永昌-潮州,2024-08-21,9328
5452,佶優,6,0,6,華南永昌-潮州,2024-08-21,9328
2365,昆盈,132,33,99,華南永昌-潮州,2024-08-22,9328
00715L,期街口布蘭特正2,70,0,70,華南永昌-潮州,2024-08-22,9328
00929,復華台灣科技優息,38,1,37,華南永昌-潮州,2024-08-22,9328
00940,元大台灣價值高息,32,0,32,華南永昌-潮州,2024-08-22,9328
8103,瀚荃,29,0,29,華南永昌-潮州,2024-08-22,9328
2891,中信金,25,0,25,華南永昌-潮州,2024-08-22,9328
2208,台船,25,4,21,華南永昌-潮州,2024-08-22,9328
00632R,元大台灣50反1,20,0,20,華南永昌-潮州,2024-08-22,9328
3060,銘異,20,0,20,華南永昌-潮州,2024-08-22,9328
6156,松上,118,99,19,華南永昌-潮州,2024-08-22,9328
8104,錸寶,32,15,17,華南永昌-潮州,2024-08-22,9328
00936,台新永續高息中小,21,5,16,華南永昌-潮州,2024-08-22,9328
2890,永豐金,16,0,16,華南永昌-潮州,2024-08-22,9328
2312,金寶,16,0,16,華南永昌-潮州,2024-08-22,9328
00878,國泰永續高股息,16,0,16,華南永昌-潮州,2024-08-22,9328
1522,堤維西,14,0,14,華南永昌-潮州,2024-08-22,9328
2317,鴻海,20,7,13,華南永昌-潮州,2024-08-22,9328
00919,群益台灣精選高息,13,0,13,華南永昌-潮州,2024-08-22,9328
3483,力致,13,0,13,華南永昌-潮州,2024-08-22,9328
4542,科嶠,13,0,13,華南永昌-潮州,2024-08-22,9328
5202,力新,13,0,13,華南永昌-潮州,2024-08-22,9328
1513,中興電,15,2,13,華南永昌-潮州,2024-08-22,9328
2062,橋椿,26,14,12,華南永昌-潮州,2024-08-22,9328
1316,上曜,13,1,12,華南永昌-潮州,2024-08-22,9328
2609,陽明,15,4,11,華南永昌-潮州,2024-08-22,9328
2543,皇昌,32,21,11,華南永昌-潮州,2024-08-22,9328
00687B,國泰20年美債,12,1,11,華南永昌-潮州,2024-08-22,9328
2330,台積電,11,0,11,華南永昌-潮州,2024-08-22,9328
8070,長華*,12,2,10,華南永昌-潮州,2024-08-22,9328
2542,興富發,13,3,10,華南永昌-潮州,2024-08-22,9328
1456,怡華,10,0,10,華南永昌-潮州,2024-08-22,9328
1609,大亞,14,5,9,華南永昌-潮州,2024-08-22,9328
00953B,群益優選非投等債,8,0,8,華南永昌-潮州,2024-08-22,9328
1785,光洋科,8,0,8,華南永昌-潮州,2024-08-22,9328
4906,正文,9,1,8,華南永昌-潮州,2024-08-22,9328
2363,矽統,8,1,7,華南永昌-潮州,2024-08-22,9328
3163,波若威,10,3,7,華南永昌-潮州,2024-08-22,9328
2402,毅嘉,7,0,7,華南永昌-潮州,2024-08-22,9328
3715,定穎投控,8,1,7,華南永昌-潮州,2024-08-22,9328
6133,金橋,20,13,7,華南永昌-潮州,2024-08-22,9328
2409,友達,26,20,6,華南永昌-潮州,2024-08-22,9328
9945,潤泰新,6,0,6,華南永昌-潮州,2024-08-22,9328
00934,中信成長高股息,6,0,6,華南永昌-潮州,2024-08-22,9328
00679B,元大美債20年,6,0,6,華南永昌-潮州,2024-08-22,9328
1615,大山,6,0,6,華南永昌-潮州,2024-08-22,9328
3714,富采,6,0,6,華南永昌-潮州,2024-08-22,9328
5519,隆大,13,7,6,華南永昌-潮州,2024-08-22,9328
6125,廣運,9,3,6,華南永昌-潮州,2024-08-22,9328
6215,和椿,7,1,6,華南永昌-潮州,2024-08-22,9328
911868,同方友友-DR,6,0,6,華南永昌-潮州,2024-08-22,9328
5498,凱崴,65,0,65,華南永昌-潮州,2024-08-23,9328
00632R,元大台灣50反1,50,0,50,華南永昌-潮州,2024-08-23,9328
2891,中信金,38,0,38,華南永昌-潮州,2024-08-23,9328
2524,京城,59,23,36,華南永昌-潮州,2024-08-23,9328
00687B,國泰20年美債,48,17,31,華南永昌-潮州,2024-08-23,9328
00950B,凱基A級公司債,30,0,30,華南永昌-潮州,2024-08-23,9328
3060,銘異,30,2,28,華南永昌-潮州,2024-08-23,9328
2887,台新金,70,43,27,華南永昌-潮州,2024-08-23,9328
1711,永光,53,31,22,華南永昌-潮州,2024-08-23,9328
2641,正德,21,0,21,華南永昌-潮州,2024-08-23,9328
1563,巧新,20,0,20,華南永昌-潮州,2024-08-23,9328
2745,五福,20,0,20,華南永昌-潮州,2024-08-23,9328
2609,陽明,25,6,19,華南永昌-潮州,2024-08-23,9328
8927,北基,19,0,19,華南永昌-潮州,2024-08-23,9328
00929,復華台灣科技優息,35,16,19,華南永昌-潮州,2024-08-23,9328
00715L,期街口布蘭特正2,28,12,16,華南永昌-潮州,2024-08-23,9328
00953B,群益優選非投等債,14,0,14,華南永昌-潮州,2024-08-23,9328
2367,燿華,16,2,14,華南永昌-潮州,2024-08-23,9328
2408,南亞科,14,1,13,華南永昌-潮州,2024-08-23,9328
6156,松上,67,54,13,華南永昌-潮州,2024-08-23,9328
6770,力積電,13,0,13,華南永昌-潮州,2024-08-23,9328
4540,全球傳動,14,2,12,華南永昌-潮州,2024-08-23,9328
00878,國泰永續高股息,12,0,12,華南永昌-潮州,2024-08-23,9328
8374,羅昇,12,2,10,華南永昌-潮州,2024-08-23,9328
00688L,國泰20年美債正2,10,0,10,華南永昌-潮州,2024-08-23,9328
00680L,元大美債20正2,10,0,10,華南永昌-潮州,2024-08-23,9328
1460,宏遠,10,0,10,華南永昌-潮州,2024-08-23,9328
2472,立隆電,10,0,10,華南永昌-潮州,2024-08-23,9328
6133,金橋,39,29,10,華南永昌-潮州,2024-08-23,9328
9105,泰金寶-DR,10,0,10,華南永昌-潮州,2024-08-23,9328
2838,聯邦銀,10,0,10,華南永昌-潮州,2024-08-23,9328
00679B,元大美債20年,9,0,9,華南永昌-潮州,2024-08-23,9328
2363,矽統,19,10,9,華南永昌-潮州,2024-08-23,9328
2486,一詮,26,17,9,華南永昌-潮州,2024-08-23,9328
5452,佶優,10,1,9,華南永昌-潮州,2024-08-23,9328
3663,鑫科,8,0,8,華南永昌-潮州,2024-08-23,9328
00927,群益半導體收益,9,1,8,華南永昌-潮州,2024-08-23,9328
2515,中工,8,0,8,華南永昌-潮州,2024-08-23,9328
2618,長榮航,8,0,8,華南永昌-潮州,2024-08-23,9328
2923,鼎固-KY,8,0,8,華南永昌-潮州,2024-08-23,9328
1409,新纖,9,2,7,華南永昌-潮州,2024-08-23,9328
2353,宏��,13,6,7,華南永昌-潮州,2024-08-23,9328
00949,復華日本龍頭,7,0,7,華南永昌-潮州,2024-08-23,9328
2497,怡利電,7,0,7,華南永昌-潮州,2024-08-23,9328
3037,欣興,9,2,7,華南永昌-潮州,2024-08-23,9328
3535,晶彩科,23,16,7,華南永昌-潮州,2024-08-23,9328
8096,擎亞,20,13,7,華南永昌-潮州,2024-08-23,9328
9955,佳龍,8,1,7,華南永昌-潮州,2024-08-23,9328
1717,長興,10,4,6,華南永昌-潮州,2024-08-23,9328
00915,凱基優選高股息30,6,0,6,華南永昌-潮州,2024-08-23,9328
00937B,群益ESG投等債20,73,1,72,華南永昌-潮州,2024-08-26,9328
2888,新光金,143,88,55,華南永昌-潮州,2024-08-26,9328
00687B,國泰20年美債,52,0,52,華南永昌-潮州,2024-08-26,9328
2365,昆盈,123,85,38,華南永昌-潮州,2024-08-26,9328
3615,安可,49,14,35,華南永昌-潮州,2024-08-26,9328
6134,萬旭,35,0,35,華南永昌-潮州,2024-08-26,9328
6156,松上,50,15,35,華南永昌-潮州,2024-08-26,9328
2891,中信金,71,38,33,華南永昌-潮州,2024-08-26,9328
00673R,期元大S＆P原油反1,30,0,30,華南永昌-潮州,2024-08-26,9328
1528,恩德,30,0,30,華南永昌-潮州,2024-08-26,9328
8064,東捷,41,14,27,華南永昌-潮州,2024-08-26,9328
8028,昇陽半導體,44,20,24,華南永昌-潮州,2024-08-26,9328
8927,北基,23,0,23,華南永昌-潮州,2024-08-26,9328
1785,光洋科,31,9,22,華南永昌-潮州,2024-08-26,9328
5328,華容,22,0,22,華南永昌-潮州,2024-08-26,9328
3060,銘異,21,0,21,華南永昌-潮州,2024-08-26,9328
1702,南僑,20,0,20,華南永昌-潮州,2024-08-26,9328
6244,茂迪,20,0,20,華南永昌-潮州,2024-08-26,9328
2489,瑞軒,47,28,19,華南永昌-潮州,2024-08-26,9328
3689,湧德,19,1,18,華南永昌-潮州,2024-08-26,9328
4906,正文,22,4,18,華南永昌-潮州,2024-08-26,9328
00929,復華台灣科技優息,18,3,15,華南永昌-潮州,2024-08-26,9328
3231,緯創,16,1,15,華南永昌-潮州,2024-08-26,9328
3522,御嵿,15,0,15,華南永昌-潮州,2024-08-26,9328
8249,菱光,15,0,15,華南永昌-潮州,2024-08-26,9328
00919,群益台灣精選高息,17,3,14,華南永昌-潮州,2024-08-26,9328
00679B,元大美債20年,257,243,14,華南永昌-潮州,2024-08-26,9328
2062,橋椿,20,6,14,華南永昌-潮州,2024-08-26,9328
5443,均豪,48,34,14,華南永昌-潮州,2024-08-26,9328
3372,典範,60,47,13,華南永昌-潮州,2024-08-26,9328
6215,和椿,12,0,12,華南永昌-潮州,2024-08-26,9328
8374,羅昇,12,0,12,華南永昌-潮州,2024-08-26,9328
00688L,國泰20年美債正2,11,0,11,華南永昌-潮州,2024-08-26,9328
6451,訊芯-KY,12,1,11,華南永昌-潮州,2024-08-26,9328
00637L,元大滬深300正2,10,0,10,華南永昌-潮州,2024-08-26,9328
1540,喬福,10,0,10,華南永昌-潮州,2024-08-26,9328
2030,彰源,10,0,10,華南永昌-潮州,2024-08-26,9328
2359,所羅門,34,24,10,華南永昌-潮州,2024-08-26,9328
2801,彰銀,10,0,10,華南永昌-潮州,2024-08-26,9328
4919,新唐,11,1,10,華南永昌-潮州,2024-08-26,9328
5306,桂盟,10,0,10,華南永昌-潮州,2024-08-26,9328
6530,創威,10,0,10,華南永昌-潮州,2024-08-26,9328
6770,力積電,13,3,10,華南永昌-潮州,2024-08-26,9328
2464,盟立,17,8,9,華南永昌-潮州,2024-08-26,9328
2409,友達,32,23,9,華南永昌-潮州,2024-08-26,9328
1609,大亞,10,1,9,華南永昌-潮州,2024-08-26,9328
00935,野村臺灣新科技50,8,0,8,華南永昌-潮州,2024-08-26,9328
2317,鴻海,10,2,8,華南永昌-潮州,2024-08-26,9328
00931B,統一美債20年,8,0,8,華南永昌-潮州,2024-08-26,9328
2340,台亞,10,2,8,華南永昌-潮州,2024-08-26,9328
2888,新光金,164,18,146,華南永昌-潮州,2024-08-27,9328
2609,陽明,76,4,72,華南永昌-潮州,2024-08-27,9328
2883,凱基金,63,1,62,華南永昌-潮州,2024-08-27,9328
3481,群創,138,86,52,華南永昌-潮州,2024-08-27,9328
2409,友達,76,26,50,華南永昌-潮州,2024-08-27,9328
4939,亞電,47,0,47,華南永昌-潮州,2024-08-27,9328
2891,中信金,39,0,39,華南永昌-潮州,2024-08-27,9328
00632R,元大台灣50反1,34,0,34,華南永昌-潮州,2024-08-27,9328
2615,萬海,34,1,33,華南永昌-潮州,2024-08-27,9328
3540,曜越,34,2,32,華南永昌-潮州,2024-08-27,9328
1528,恩德,30,1,29,華南永昌-潮州,2024-08-27,9328
00753L,中信中國50正2,26,0,26,華南永昌-潮州,2024-08-27,9328
00673R,期元大S＆P原油反1,25,0,25,華南永昌-潮州,2024-08-27,9328
00929,復華台灣科技優息,25,2,23,華南永昌-潮州,2024-08-27,9328
2344,華邦電,20,0,20,華南永昌-潮州,2024-08-27,9328
9938,百和,20,0,20,華南永昌-潮州,2024-08-27,9328
00919,群益台灣精選高息,19,0,19,華南永昌-潮州,2024-08-27,9328
2337,旺宏,18,0,18,華南永昌-潮州,2024-08-27,9328
2610,華航,16,0,16,華南永昌-潮州,2024-08-27,9328
4967,十銓,17,1,16,華南永昌-潮州,2024-08-27,9328
2303,聯電,17,3,14,華南永昌-潮州,2024-08-27,9328
2356,英業達,15,2,13,華南永昌-潮州,2024-08-27,9328
6156,松上,13,0,13,華南永昌-潮州,2024-08-27,9328
2399,映泰,17,5,12,華南永昌-潮州,2024-08-27,9328
4714,永捷,15,3,12,華南永昌-潮州,2024-08-27,9328
1319,東陽,12,1,11,華南永昌-潮州,2024-08-27,9328
2364,倫飛,11,0,11,華南永昌-潮州,2024-08-27,9328
2892,第一金,11,0,11,華南永昌-潮州,2024-08-27,9328
3689,湧德,12,1,11,華南永昌-潮州,2024-08-27,9328
2472,立隆電,10,0,10,華南永昌-潮州,2024-08-27,9328
2537,聯上發,10,0,10,華南永昌-潮州,2024-08-27,9328
3149,正達,20,10,10,華南永昌-潮州,2024-08-27,9328
6210,慶生,10,0,10,華南永昌-潮州,2024-08-27,9328
8103,瀚荃,10,0,10,華南永昌-潮州,2024-08-27,9328
8354,冠好,10,0,10,華南永昌-潮州,2024-08-27,9328
4510,高鋒,13,4,9,華南永昌-潮州,2024-08-27,9328
00830,國泰費城半導體,10,1,9,華南永昌-潮州,2024-08-27,9328
2330,台積電,10,1,9,華南永昌-潮州,2024-08-27,9328
00878,國泰永續高股息,10,2,8,華南永昌-潮州,2024-08-27,9328
1784,訊聯,8,0,8,華南永昌-潮州,2024-08-27,9328
5469,瀚宇博,9,1,8,華南永昌-潮州,2024-08-27,9328
00687B,國泰20年美債,12,4,8,華南永昌-潮州,2024-08-27,9328
4973,廣穎,7,0,7,華南永昌-潮州,2024-08-27,9328
8096,擎亞,18,11,7,華南永昌-潮州,2024-08-27,9328
00688L,國泰20年美債正2,8,2,6,華南永昌-潮州,2024-08-27,9328
2887,台新金,6,0,6,華南永昌-潮州,2024-08-27,9328
8070,長華*,47,41,6,華南永昌-潮州,2024-08-27,9328
8064,東捷,23,18,5,華南永昌-潮州,2024-08-27,9328
2603,長榮,5,0,5,華南永昌-潮州,2024-08-27,9328
8028,昇陽半導體,18,13,5,華南永昌-潮州,2024-08-27,9328
4714,永捷,74,19,55,華南永昌-潮州,2024-08-28,9328
00687B,國泰20年美債,53,0,53,華南永昌-潮州,2024-08-28,9328
00919,群益台灣精選高息,43,0,43,華南永昌-潮州,2024-08-28,9328
00929,復華台灣科技優息,41,1,40,華南永昌-潮州,2024-08-28,9328
2884,玉山金,40,0,40,華南永昌-潮州,2024-08-28,9328
2891,中信金,40,3,37,華南永昌-潮州,2024-08-28,9328
5498,凱崴,115,82,33,華南永昌-潮州,2024-08-28,9328
6134,萬旭,32,2,30,華南永昌-潮州,2024-08-28,9328
8039,台虹,35,6,29,華南永昌-潮州,2024-08-28,9328
5328,華容,28,0,28,華南永昌-潮州,2024-08-28,9328
8070,長華*,23,1,22,華南永昌-潮州,2024-08-28,9328
3498,陽程,34,12,22,華南永昌-潮州,2024-08-28,9328
1536,和大,23,2,21,華南永昌-潮州,2024-08-28,9328
00680L,元大美債20正2,24,4,20,華南永昌-潮州,2024-08-28,9328
2538,基泰,20,0,20,華南永昌-潮州,2024-08-28,9328
2609,陽明,22,2,20,華南永昌-潮州,2024-08-28,9328
00937B,群益ESG投等債20,24,7,17,華南永昌-潮州,2024-08-28,9328
00932,兆豐永續高息等權,16,0,16,華南永昌-潮州,2024-08-28,9328
2365,昆盈,45,29,16,華南永昌-潮州,2024-08-28,9328
1711,永光,19,5,14,華南永昌-潮州,2024-08-28,9328
00720B,元大投資級公司債,13,0,13,華南永昌-潮州,2024-08-28,9328
3163,波若威,16,4,12,華南永昌-潮州,2024-08-28,9328
00679B,元大美債20年,14,3,11,華南永昌-潮州,2024-08-28,9328
2867,三商壽,12,1,11,華南永昌-潮州,2024-08-28,9328
00632R,元大台灣50反1,11,0,11,華南永昌-潮州,2024-08-28,9328
6120,達運,11,0,11,華南永昌-潮州,2024-08-28,9328
1467,南緯,10,0,10,華南永昌-潮州,2024-08-28,9328
3056,富華新,10,0,10,華南永昌-潮州,2024-08-28,9328
3522,御嵿,10,0,10,華南永昌-潮州,2024-08-28,9328
3615,安可,10,0,10,華南永昌-潮州,2024-08-28,9328
5469,瀚宇博,10,0,10,華南永昌-潮州,2024-08-28,9328
6126,信音,10,0,10,華南永昌-潮州,2024-08-28,9328
3047,訊舟,20,11,9,華南永昌-潮州,2024-08-28,9328
8927,北基,9,0,9,華南永昌-潮州,2024-08-28,9328
00940,元大台灣價值高息,10,1,9,華南永昌-潮州,2024-08-28,9328
3663,鑫科,22,13,9,華南永昌-潮州,2024-08-28,9328
5452,佶優,20,11,9,華南永昌-潮州,2024-08-28,9328
6616,特昇-KY,10,1,9,華南永昌-潮州,2024-08-28,9328
00934,中信成長高股息,8,0,8,華南永昌-潮州,2024-08-28,9328
2344,華邦電,12,4,8,華南永昌-潮州,2024-08-28,9328
2354,鴻準,8,0,8,華南永昌-潮州,2024-08-28,9328
4510,高鋒,8,0,8,華南永昌-潮州,2024-08-28,9328
8064,東捷,16,8,8,華南永昌-潮州,2024-08-28,9328
2405,輔信,12,5,7,華南永昌-潮州,2024-08-28,9328
2349,錸德,19,12,7,華南永昌-潮州,2024-08-28,9328
2886,兆豐金,7,0,7,華南永昌-潮州,2024-08-28,9328
5905,南仁湖,7,0,7,華南永昌-潮州,2024-08-28,9328
8103,瀚荃,7,0,7,華南永昌-潮州,2024-08-28,9328
9105,泰金寶-DR,7,0,7,華南永昌-潮州,2024-08-28,9328
00637L,元大滬深300正2,6,0,6,華南永昌-潮州,2024-08-28,9328
2883,凱基金,433,5,428,華南永昌-潮州,2024-08-29,9328
00795B,中信美國公債20年,62,0,62,華南永昌-潮州,2024-08-29,9328
00937B,群益ESG投等債20,50,1,49,華南永昌-潮州,2024-08-29,9328
3060,銘異,42,0,42,華南永昌-潮州,2024-08-29,9328
1314,中石化,39,2,37,華南永昌-潮州,2024-08-29,9328
3149,正達,38,7,31,華南永昌-潮州,2024-08-29,9328
2891,中信金,34,3,31,華南永昌-潮州,2024-08-29,9328
2739,寒舍,28,0,28,華南永昌-潮州,2024-08-29,9328
2888,新光金,58,31,27,華南永昌-潮州,2024-08-29,9328
2353,宏��,30,7,23,華南永昌-潮州,2024-08-29,9328
00919,群益台灣精選高息,22,0,22,華南永昌-潮州,2024-08-29,9328
00679B,元大美債20年,23,1,22,華南永昌-潮州,2024-08-29,9328
3303,岱稜,21,0,21,華南永昌-潮州,2024-08-29,9328
2887,台新金,21,0,21,華南永昌-潮州,2024-08-29,9328
00712,復華富時不動產,23,3,20,華南永昌-潮州,2024-08-29,9328
2867,三商壽,20,0,20,華南永昌-潮州,2024-08-29,9328
6290,良維,21,1,20,華南永昌-潮州,2024-08-29,9328
00940,元大台灣價值高息,28,10,18,華南永昌-潮州,2024-08-29,9328
2356,英業達,18,2,16,華南永昌-潮州,2024-08-29,9328
2365,昆盈,21,5,16,華南永昌-潮州,2024-08-29,9328
0056,元大高股息,17,2,15,華南永昌-潮州,2024-08-29,9328
00687B,國泰20年美債,15,0,15,華南永昌-潮州,2024-08-29,9328
00715L,期街口布蘭特正2,16,1,15,華南永昌-潮州,2024-08-29,9328
2495,普安,21,6,15,華南永昌-潮州,2024-08-29,9328
4707,磐亞,15,0,15,華南永昌-潮州,2024-08-29,9328
2515,中工,13,0,13,華南永昌-潮州,2024-08-29,9328
00680L,元大美債20正2,13,0,13,華南永昌-潮州,2024-08-29,9328
6126,信音,13,0,13,華南永昌-潮州,2024-08-29,9328
00933B,國泰10Y+金融債,12,0,12,華南永昌-潮州,2024-08-29,9328
2330,台積電,12,1,11,華南永昌-潮州,2024-08-29,9328
8104,錸寶,23,12,11,華南永昌-潮州,2024-08-29,9328
8111,立��,13,2,11,華南永昌-潮州,2024-08-29,9328
00878,國泰永續高股息,13,2,11,華南永昌-潮州,2024-08-29,9328
1609,大亞,11,1,10,華南永昌-潮州,2024-08-29,9328
2331,精英,10,0,10,華南永昌-潮州,2024-08-29,9328
2317,鴻海,13,4,9,華南永昌-潮州,2024-08-29,9328
5443,均豪,30,21,9,華南永昌-潮州,2024-08-29,9328
2886,兆豐金,9,0,9,華南永昌-潮州,2024-08-29,9328
2880,華南金,9,0,9,華南永昌-潮州,2024-08-29,9328
9907,統一實,9,0,9,華南永昌-潮州,2024-08-29,9328
00929,復華台灣科技優息,51,42,9,華南永昌-潮州,2024-08-29,9328
1504,東元,10,2,8,華南永昌-潮州,2024-08-29,9328
3189,景碩,20,12,8,華南永昌-潮州,2024-08-29,9328
3033,威健,8,1,7,華南永昌-潮州,2024-08-29,9328
8150,南茂,7,0,7,華南永昌-潮州,2024-08-29,9328
006208,富邦台50,7,0,7,華南永昌-潮州,2024-08-29,9328
3550,聯穎,18,11,7,華南永昌-潮州,2024-08-29,9328
1536,和大,7,1,6,華南永昌-潮州,2024-08-29,9328
1708,東鹼,10,4,6,華南永昌-潮州,2024-08-29,9328
4960,誠美材,6,0,6,華南永昌-潮州,2024-08-29,9328
00665L,富邦�琤肭磪囓�2,485,20,465,華南永昌-潮州,2024-08-30,9328
00712,復華富時不動產,67,0,67,華南永昌-潮州,2024-08-30,9328
6186,新潤,47,1,46,華南永昌-潮州,2024-08-30,9328
1528,恩德,42,0,42,華南永昌-潮州,2024-08-30,9328
3481,群創,50,12,38,華南永昌-潮州,2024-08-30,9328
2367,燿華,72,36,36,華南永昌-潮州,2024-08-30,9328
8033,雷虎,32,0,32,華南永昌-潮州,2024-08-30,9328
3689,湧德,25,0,25,華南永昌-潮州,2024-08-30,9328
6126,信音,44,20,24,華南永昌-潮州,2024-08-30,9328
00878,國泰永續高股息,25,1,24,華南永昌-潮州,2024-08-30,9328
8936,國統,22,0,22,華南永昌-潮州,2024-08-30,9328
1536,和大,22,0,22,華南永昌-潮州,2024-08-30,9328
00632R,元大台灣50反1,23,3,20,華南永昌-潮州,2024-08-30,9328
2538,基泰,20,0,20,華南永昌-潮州,2024-08-30,9328
9105,泰金寶-DR,20,0,20,華南永昌-潮州,2024-08-30,9328
3715,定穎投控,29,9,20,華南永昌-潮州,2024-08-30,9328
3013,晟銘電,22,3,19,華南永昌-潮州,2024-08-30,9328
2405,輔信,19,1,18,華南永昌-潮州,2024-08-30,9328
00929,復華台灣科技優息,44,27,17,華南永昌-潮州,2024-08-30,9328
2330,台積電,18,1,17,華南永昌-潮州,2024-08-30,9328
9958,世紀鋼,18,1,17,華南永昌-潮州,2024-08-30,9328
1808,潤隆,16,1,15,華南永昌-潮州,2024-08-30,9328
2618,長榮航,16,1,15,華南永昌-潮州,2024-08-30,9328
2883,凱基金,16,1,15,華南永昌-潮州,2024-08-30,9328
2362,藍天,18,3,15,華南永昌-潮州,2024-08-30,9328
00688L,國泰20年美債正2,27,13,14,華南永昌-潮州,2024-08-30,9328
2834,臺企銀,14,0,14,華南永昌-潮州,2024-08-30,9328
00680L,元大美債20正2,13,0,13,華南永昌-潮州,2024-08-30,9328
00936,台新永續高息中小,12,0,12,華南永昌-潮州,2024-08-30,9328
00937B,群益ESG投等債20,30,18,12,華南永昌-潮州,2024-08-30,9328
2886,兆豐金,12,1,11,華南永昌-潮州,2024-08-30,9328
00679B,元大美債20年,11,0,11,華南永昌-潮州,2024-08-30,9328
1708,東鹼,12,1,11,華南永昌-潮州,2024-08-30,9328
2409,友達,15,4,11,華南永昌-潮州,2024-08-30,9328
3006,晶豪科,10,0,10,華南永昌-潮州,2024-08-30,9328
00918,大華優利高填息30,10,0,10,華南永昌-潮州,2024-08-30,9328
00725B,國泰投資級公司債,10,0,10,華南永昌-潮州,2024-08-30,9328
2314,台揚,10,0,10,華南永昌-潮州,2024-08-30,9328
3060,銘異,11,1,10,華南永昌-潮州,2024-08-30,9328
3535,晶彩科,10,0,10,華南永昌-潮州,2024-08-30,9328
3019,亞光,80,71,9,華南永昌-潮州,2024-08-30,9328
2349,錸德,11,2,9,華南永昌-潮州,2024-08-30,9328
4763,材料-KY,9,0,9,華南永昌-潮州,2024-08-30,9328
00687B,國泰20年美債,9,0,9,華南永昌-潮州,2024-08-30,9328
1711,永光,15,6,9,華南永昌-潮州,2024-08-30,9328
2891,中信金,8,0,8,華南永昌-潮州,2024-08-30,9328
4958,臻鼎-KY,12,4,8,華南永昌-潮州,2024-08-30,9328
4562,穎漢,14,6,8,華南永昌-潮州,2024-08-30,9328
2313,華通,17,10,7,華南永昌-潮州,2024-08-30,9328
2408,南亞科,8,1,7,華南永昌-潮州,2024-08-30,9328
00715L,期街口布蘭特正2,126,2,124,華南永昌-潮州,2024-09-02,9328
3481,群創,207,143,64,華南永昌-潮州,2024-09-02,9328
00919,群益台灣精選高息,71,22,49,華南永昌-潮州,2024-09-02,9328
8105,凌巨,54,9,45,華南永昌-潮州,2024-09-02,9328
00936,台新永續高息中小,38,0,38,華南永昌-潮州,2024-09-02,9328
00959B,大華投等美債15Y+,35,0,35,華南永昌-潮州,2024-09-02,9328
00637L,元大滬深300正2,31,0,31,華南永昌-潮州,2024-09-02,9328
00687B,國泰20年美債,30,0,30,華南永昌-潮州,2024-09-02,9328
2603,長榮,27,0,27,華南永昌-潮州,2024-09-02,9328
00688L,國泰20年美債正2,25,0,25,華南永昌-潮州,2024-09-02,9328
2609,陽明,25,0,25,華南永昌-潮州,2024-09-02,9328
00929,復華台灣科技優息,24,0,24,華南永昌-潮州,2024-09-02,9328
00940,元大台灣價值高息,31,7,24,華南永昌-潮州,2024-09-02,9328
00918,大華優利高填息30,25,2,23,華南永昌-潮州,2024-09-02,9328
00665L,富邦�琤肭磪囓�2,20,0,20,華南永昌-潮州,2024-09-02,9328
6156,松上,20,0,20,華南永昌-潮州,2024-09-02,9328
6957,裕慶-KY,20,0,20,華南永昌-潮州,2024-09-02,9328
1303,南亞,20,0,20,華南永昌-潮州,2024-09-02,9328
2540,愛山林,22,3,19,華南永昌-潮州,2024-09-02,9328
00937B,群益ESG投等債20,33,15,18,華南永昌-潮州,2024-09-02,9328
2392,正崴,21,4,17,華南永昌-潮州,2024-09-02,9328
2337,旺宏,16,0,16,華南永昌-潮州,2024-09-02,9328
2887,台新金,16,0,16,華南永昌-潮州,2024-09-02,9328
8070,長華*,22,7,15,華南永昌-潮州,2024-09-02,9328
1314,中石化,17,3,14,華南永昌-潮州,2024-09-02,9328
00882,中信中國高股息,15,1,14,華南永昌-潮州,2024-09-02,9328
2891,中信金,13,0,13,華南永昌-潮州,2024-09-02,9328
2356,英業達,15,2,13,華南永昌-潮州,2024-09-02,9328
2388,威盛,18,5,13,華南永昌-潮州,2024-09-02,9328
4909,新復興,15,2,13,華南永昌-潮州,2024-09-02,9328
3260,威剛,13,1,12,華南永昌-潮州,2024-09-02,9328
2610,華航,22,11,11,華南永昌-潮州,2024-09-02,9328
3294,英濟,17,6,11,華南永昌-潮州,2024-09-02,9328
00934,中信成長高股息,16,6,10,華南永昌-潮州,2024-09-02,9328
2409,友達,10,0,10,華南永昌-潮州,2024-09-02,9328
2402,毅嘉,13,3,10,華南永昌-潮州,2024-09-02,9328
1609,大亞,15,5,10,華南永昌-潮州,2024-09-02,9328
2313,華通,11,2,9,華南永昌-潮州,2024-09-02,9328
2880,華南金,9,1,8,華南永昌-潮州,2024-09-02,9328
6116,彩晶,8,1,7,華南永昌-潮州,2024-09-02,9328
2317,鴻海,8,0,8,華南永昌-潮州,2024-09-02,9328
6446,藥華藥,7,0,7,華南永昌-潮州,2024-09-02,9328
6120,達運,8,2,6,華南永昌-潮州,2024-09-02,9328
5443,均豪,9,3,6,華南永昌-潮州,2024-09-02,9328
00679B,元大美債20年,17,12,5,華南永昌-潮州,2024-09-02,9328
00878,國泰永續高股息,7,1,6,華南永昌-潮州,2024-09-02,9328
6770,力積電,7,2,5,華南永昌-潮州,2024-09-02,9328
2014,中鴻,5,0,5,華南永昌-潮州,2024-09-02,9328
2348,海悅,5,0,5,華南永昌-潮州,2024-09-02,9328
3324,雙鴻,5,0,5,華南永昌-潮州,2024-09-02,9328
00919,群益台灣精選高息,258,10,248,華南永昌-潮州,2024-09-03,9328
2323,中環,89,3,86,華南永昌-潮州,2024-09-03,9328
00929,復華台灣科技優息,211,165,46,華南永昌-潮州,2024-09-03,9328
1314,中石化,41,0,41,華南永昌-潮州,2024-09-03,9328
4714,永捷,52,11,41,華南永昌-潮州,2024-09-03,9328
00878,國泰永續高股息,37,2,35,華南永昌-潮州,2024-09-03,9328
00921,兆豐龍頭等權重,32,0,32,華南永昌-潮州,2024-09-03,9328
00687B,國泰20年美債,31,0,31,華南永昌-潮州,2024-09-03,9328
3450,聯鈞,53,22,31,華南永昌-潮州,2024-09-03,9328
4534,慶騰,33,3,30,華南永昌-潮州,2024-09-03,9328
1303,南亞,24,3,21,華南永昌-潮州,2024-09-03,9328
00632R,元大台灣50反1,20,0,20,華南永昌-潮州,2024-09-03,9328
00918,大華優利高填息30,18,0,18,華南永昌-潮州,2024-09-03,9328
00930,永豐ESG低碳高息,18,0,18,華南永昌-潮州,2024-09-03,9328
3483,力致,16,0,16,華南永昌-潮州,2024-09-03,9328
3481,群創,60,46,14,華南永昌-潮州,2024-09-03,9328
2891,中信金,16,2,14,華南永昌-潮州,2024-09-03,9328
00637L,元大滬深300正2,14,0,14,華南永昌-潮州,2024-09-03,9328
3062,建漢,19,5,14,華南永昌-潮州,2024-09-03,9328
3037,欣興,14,2,12,華南永昌-潮州,2024-09-03,9328
3189,景碩,12,0,12,華南永昌-潮州,2024-09-03,9328
2002,中鋼,14,3,11,華南永昌-潮州,2024-09-03,9328
5880,合庫金,11,0,11,華南永昌-潮州,2024-09-03,9328
6116,彩晶,13,2,11,華南永昌-潮州,2024-09-03,9328
2408,南亞科,11,0,11,華南永昌-潮州,2024-09-03,9328
2367,燿華,22,11,11,華南永昌-潮州,2024-09-03,9328
1609,大亞,10,0,10,華南永昌-潮州,2024-09-03,9328
3231,緯創,13,3,10,華南永昌-潮州,2024-09-03,9328
00753L,中信中國50正2,10,0,10,華南永昌-潮州,2024-09-03,9328
1456,怡華,10,0,10,華南永昌-潮州,2024-09-03,9328
2834,臺企銀,10,0,10,華南永昌-潮州,2024-09-03,9328
4707,磐亞,10,0,10,華南永昌-潮州,2024-09-03,9328
5443,均豪,32,23,9,華南永昌-潮州,2024-09-03,9328
1785,光洋科,20,12,8,華南永昌-潮州,2024-09-03,9328
8096,擎亞,16,8,8,華南永昌-潮州,2024-09-03,9328
1513,中興電,10,3,7,華南永昌-潮州,2024-09-03,9328
9958,世紀鋼,7,0,7,華南永昌-潮州,2024-09-03,9328
1611,中電,7,0,7,華南永昌-潮州,2024-09-03,9328
2344,華邦電,7,0,7,華南永昌-潮州,2024-09-03,9328
3163,波若威,13,6,7,華南永昌-潮州,2024-09-03,9328
8442,威宏-KY,7,0,7,華南永昌-潮州,2024-09-03,9328
2449,京元電子,6,0,6,華南永昌-潮州,2024-09-03,9328
1905,華紙,6,0,6,華南永昌-潮州,2024-09-03,9328
4549,桓達,6,0,6,華南永昌-潮州,2024-09-03,9328
4906,正文,19,13,6,華南永昌-潮州,2024-09-03,9328
6284,佳邦,10,4,6,華南永昌-潮州,2024-09-03,9328
00679B,元大美債20年,5,0,5,華南永昌-潮州,2024-09-03,9328
1514,亞力,5,0,5,華南永昌-潮州,2024-09-03,9328
00680L,元大美債20正2,5,0,5,華南永昌-潮州,2024-09-03,9328
1304,台聚,5,0,5,華南永昌-潮州,2024-09-03,9328
2883,凱基金,1073,0,1073,華南永昌-潮州,2024-09-04,9328
00929,復華台灣科技優息,272,114,158,華南永昌-潮州,2024-09-04,9328
00919,群益台灣精選高息,184,42,142,華南永昌-潮州,2024-09-04,9328
00878,國泰永續高股息,151,31,120,華南永昌-潮州,2024-09-04,9328
00915,凱基優選高股息30,108,0,108,華南永昌-潮州,2024-09-04,9328
00715L,期街口布蘭特正2,96,2,94,華南永昌-潮州,2024-09-04,9328
00918,大華優利高填息30,92,2,90,華南永昌-潮州,2024-09-04,9328
5521,工信,80,0,80,華南永昌-潮州,2024-09-04,9328
00940,元大台灣價值高息,82,3,79,華南永昌-潮州,2024-09-04,9328
2923,鼎固-KY,75,0,75,華南永昌-潮州,2024-09-04,9328
2344,華邦電,62,4,58,華南永昌-潮州,2024-09-04,9328
2880,華南金,42,0,42,華南永昌-潮州,2024-09-04,9328
00927,群益半導體收益,37,0,37,華南永昌-潮州,2024-09-04,9328
2892,第一金,35,0,35,華南永昌-潮州,2024-09-04,9328
00946,群益科技高息成長,35,0,35,華南永昌-潮州,2024-09-04,9328
2891,中信金,46,12,34,華南永昌-潮州,2024-09-04,9328
1540,喬福,63,30,33,華南永昌-潮州,2024-09-04,9328
1314,中石化,36,4,32,華南永昌-潮州,2024-09-04,9328
2353,宏��,52,21,31,華南永昌-潮州,2024-09-04,9328
5880,合庫金,31,0,31,華南永昌-潮州,2024-09-04,9328
1303,南亞,31,0,31,華南永昌-潮州,2024-09-04,9328
2337,旺宏,33,4,29,華南永昌-潮州,2024-09-04,9328
1301,台塑,29,0,29,華南永昌-潮州,2024-09-04,9328
0056,元大高股息,30,1,29,華南永昌-潮州,2024-09-04,9328
2886,兆豐金,23,0,23,華南永昌-潮州,2024-09-04,9328
2002,中鋼,27,3,24,華南永昌-潮州,2024-09-04,9328
00882,中信中國高股息,23,0,23,華南永昌-潮州,2024-09-04,9328
1815,富喬,23,0,23,華南永昌-潮州,2024-09-04,9328
6957,裕慶-KY,22,0,22,華南永昌-潮州,2024-09-04,9328
00688L,國泰20年美債正2,51,30,21,華南永昌-潮州,2024-09-04,9328
2882,國泰金,21,0,21,華南永昌-潮州,2024-09-04,9328
00713,元大台灣高息低波,22,1,21,華南永昌-潮州,2024-09-04,9328
1605,華新,23,3,20,華南永昌-潮州,2024-09-04,9328
5483,中美晶,20,0,20,華南永昌-潮州,2024-09-04,9328
6290,良維,20,0,20,華南永昌-潮州,2024-09-04,9328
2609,陽明,25,6,19,華南永昌-潮州,2024-09-04,9328
3294,英濟,19,0,19,華南永昌-潮州,2024-09-04,9328
2330,台積電,40,21,19,華南永昌-潮州,2024-09-04,9328
2356,英業達,18,0,18,華南永昌-潮州,2024-09-04,9328
2349,錸德,31,13,18,華南永昌-潮州,2024-09-04,9328
1528,恩德,17,0,17,華南永昌-潮州,2024-09-04,9328
2303,聯電,25,10,15,華南永昌-潮州,2024-09-04,9328
2382,廣達,15,0,15,華南永昌-潮州,2024-09-04,9328
3037,欣興,15,1,14,華南永昌-潮州,2024-09-04,9328
2062,橋椿,14,0,14,華南永昌-潮州,2024-09-04,9328
2887,台新金,14,0,14,華南永昌-潮州,2024-09-04,9328
006208,富邦台50,14,0,14,華南永昌-潮州,2024-09-04,9328
00881,國泰台灣5G+,18,5,13,華南永昌-潮州,2024-09-04,9328
2367,燿華,32,19,13,華南永昌-潮州,2024-09-04,9328
1785,光洋科,15,3,12,華南永昌-潮州,2024-09-04,9328
00715L,期街口布蘭特正2,207,0,207,華南永昌-潮州,2024-09-05,9328
6770,力積電,116,3,113,華南永昌-潮州,2024-09-05,9328
00940,元大台灣價值高息,117,6,111,華南永昌-潮州,2024-09-05,9328
00919,群益台灣精選高息,81,2,79,華南永昌-潮州,2024-09-05,9328
2365,昆盈,72,26,46,華南永昌-潮州,2024-09-05,9328
00680L,元大美債20正2,39,4,35,華南永昌-潮州,2024-09-05,9328
00952,凱基台灣AI50,44,10,34,華南永昌-潮州,2024-09-05,9328
2371,大同,38,7,31,華南永昌-潮州,2024-09-05,9328
2344,華邦電,32,1,31,華南永昌-潮州,2024-09-05,9328
2002,中鋼,33,5,28,華南永昌-潮州,2024-09-05,9328
3481,群創,27,1,26,華南永昌-潮州,2024-09-05,9328
2374,佳能,21,0,21,華南永昌-潮州,2024-09-05,9328
6156,松上,20,0,20,華南永昌-潮州,2024-09-05,9328
00878,國泰永續高股息,21,1,20,華南永昌-潮州,2024-09-05,9328
00951,台新日本半導體,17,0,17,華南永昌-潮州,2024-09-05,9328
2317,鴻海,28,11,17,華南永昌-潮州,2024-09-05,9328
00932,兆豐永續高息等權,16,0,16,華南永昌-潮州,2024-09-05,9328
2923,鼎固-KY,16,0,16,華南永昌-潮州,2024-09-05,9328
00918,大華優利高填息30,18,3,15,華南永昌-潮州,2024-09-05,9328
00946,群益科技高息成長,15,0,15,華南永昌-潮州,2024-09-05,9328
0056,元大高股息,15,0,15,華南永昌-潮州,2024-09-05,9328
6928,攸泰科技,15,0,15,華南永昌-潮州,2024-09-05,9328
1326,台化,15,0,15,華南永昌-潮州,2024-09-05,9328
8423,保綠-KY,14,0,14,華南永昌-潮州,2024-09-05,9328
2540,愛山林,17,4,13,華南永昌-潮州,2024-09-05,9328
2367,燿華,17,5,12,華南永昌-潮州,2024-09-05,9328
3652,精聯,15,4,11,華南永昌-潮州,2024-09-05,9328
2208,台船,10,0,10,華南永昌-潮州,2024-09-05,9328
2402,毅嘉,18,8,10,華南永昌-潮州,2024-09-05,9328
2605,新興,15,5,10,華南永昌-潮州,2024-09-05,9328
2634,漢翔,10,0,10,華南永昌-潮州,2024-09-05,9328
3060,銘異,10,0,10,華南永昌-潮州,2024-09-05,9328
4113,聯上,10,0,10,華南永昌-潮州,2024-09-05,9328
8358,金居,10,0,10,華南永昌-潮州,2024-09-05,9328
2388,威盛,13,4,9,華南永昌-潮州,2024-09-05,9328
00934,中信成長高股息,10,2,8,華南永昌-潮州,2024-09-05,9328
2337,旺宏,8,0,8,華南永昌-潮州,2024-09-05,9328
3066,李洲,8,0,8,華南永昌-潮州,2024-09-05,9328
6606,建德工業,8,0,8,華南永昌-潮州,2024-09-05,9328
2313,華通,10,3,7,華南永昌-潮州,2024-09-05,9328
00921,兆豐龍頭等權重,7,0,7,華南永昌-潮州,2024-09-05,9328
2401,凌陽,7,0,7,華南永昌-潮州,2024-09-05,9328
2408,南亞科,22,15,7,華南永昌-潮州,2024-09-05,9328
2637,慧洋-KY,10,3,7,華南永昌-潮州,2024-09-05,9328
6957,裕慶-KY,7,0,7,華南永昌-潮州,2024-09-05,9328
00637L,元大滬深300正2,6,0,6,華南永昌-潮州,2024-09-05,9328
00773B,中信優先金融債,6,0,6,華南永昌-潮州,2024-09-05,9328
1609,大亞,7,1,6,華南永昌-潮州,2024-09-05,9328
2356,英業達,6,0,6,華南永昌-潮州,2024-09-05,9328
2489,瑞軒,7,1,6,華南永昌-潮州,2024-09-05,9328
00929,復華台灣科技優息,85,0,85,華南永昌-潮州,2024-09-06,9328
00632R,元大台灣50反1,82,0,82,華南永昌-潮州,2024-09-06,9328
00680L,元大美債20正2,75,6,69,華南永昌-潮州,2024-09-06,9328
6770,力積電,64,1,63,華南永昌-潮州,2024-09-06,9328
2883,凱基金,62,0,62,華南永昌-潮州,2024-09-06,9328
00715L,期街口布蘭特正2,52,0,52,華南永昌-潮州,2024-09-06,9328
1539,巨庭,52,3,49,華南永昌-潮州,2024-09-06,9328
3019,亞光,76,30,46,華南永昌-潮州,2024-09-06,9328
2331,精英,45,0,45,華南永昌-潮州,2024-09-06,9328
9938,百和,41,1,40,華南永昌-潮州,2024-09-06,9328
00919,群益台灣精選高息,36,0,36,華南永昌-潮州,2024-09-06,9328
00687B,國泰20年美債,44,13,31,華南永昌-潮州,2024-09-06,9328
6216,居易,31,0,31,華南永昌-潮州,2024-09-06,9328
6156,松上,28,0,28,華南永昌-潮州,2024-09-06,9328
00940,元大台灣價值高息,35,8,27,華南永昌-潮州,2024-09-06,9328
00830,國泰費城半導體,27,0,27,華南永昌-潮州,2024-09-06,9328
2002,中鋼,40,15,25,華南永昌-潮州,2024-09-06,9328
2923,鼎固-KY,25,0,25,華南永昌-潮州,2024-09-06,9328
2344,華邦電,24,0,24,華南永昌-潮州,2024-09-06,9328
00688L,國泰20年美債正2,26,4,22,華南永昌-潮州,2024-09-06,9328
1711,永光,32,11,21,華南永昌-潮州,2024-09-06,9328
00946,群益科技高息成長,20,0,20,華南永昌-潮州,2024-09-06,9328
6231,系微,25,5,20,華南永昌-潮州,2024-09-06,9328
00878,國泰永續高股息,20,1,19,華南永昌-潮州,2024-09-06,9328
3481,群創,21,1,20,華南永昌-潮州,2024-09-06,9328
1815,富喬,21,2,19,華南永昌-潮州,2024-09-06,9328
6505,台塑化,13,0,13,華南永昌-潮州,2024-09-06,9328
00918,大華優利高填息30,17,5,12,華南永昌-潮州,2024-09-06,9328
8011,台通,15,3,12,華南永昌-潮州,2024-09-06,9328
2540,愛山林,17,5,12,華南永昌-潮州,2024-09-06,9328
2349,錸德,15,3,12,華南永昌-潮州,2024-09-06,9328
1303,南亞,11,0,11,華南永昌-潮州,2024-09-06,9328
1609,大亞,11,0,11,華南永昌-潮州,2024-09-06,9328
0056,元大高股息,13,2,11,華南永昌-潮州,2024-09-06,9328
00937B,群益ESG投等債20,17,6,11,華南永昌-潮州,2024-09-06,9328
00713,元大台灣高息低波,11,1,10,華南永昌-潮州,2024-09-06,9328
1714,和桐,10,0,10,華南永昌-潮州,2024-09-06,9328
8054,安國,12,2,10,華南永昌-潮州,2024-09-06,9328
2881,富邦金,10,0,10,華南永昌-潮州,2024-09-06,9328
2409,友達,10,0,10,華南永昌-潮州,2024-09-06,9328
1314,中石化,15,6,9,華南永昌-潮州,2024-09-06,9328
6215,和椿,35,26,9,華南永昌-潮州,2024-09-06,9328
1513,中興電,25,16,9,華南永昌-潮州,2024-09-06,9328
2206,三陽工業,8,0,8,華南永昌-潮州,2024-09-06,9328
2317,鴻海,10,3,7,華南永昌-潮州,2024-09-06,9328
2408,南亞科,16,9,7,華南永昌-潮州,2024-09-06,9328
2812,台中銀,7,0,7,華南永昌-潮州,2024-09-06,9328
3711,日月光投控,6,0,6,華南永昌-潮州,2024-09-06,9328
5905,南仁湖,7,1,6,華南永昌-潮州,2024-09-06,9328
00909,國泰數位支付服務,6,0,6,華南永昌-潮州,2024-09-06,9328
00919,群益台灣精選高息,133,0,133,華南永昌-潮州,2024-09-09,9328
8074,鉅橡,50,0,50,華南永昌-潮州,2024-09-09,9328
00927,群益半導體收益,37,0,37,華南永昌-潮州,2024-09-09,9328
00637L,元大滬深300正2,37,0,37,華南永昌-潮州,2024-09-09,9328
00715L,期街口布蘭特正2,35,0,35,華南永昌-潮州,2024-09-09,9328
6024,群益期,35,0,35,華南永昌-潮州,2024-09-09,9328
00929,復華台灣科技優息,91,57,34,華南永昌-潮州,2024-09-09,9328
00940,元大台灣價值高息,47,15,32,華南永昌-潮州,2024-09-09,9328
6120,達運,32,0,32,華南永昌-潮州,2024-09-09,9328
00878,國泰永續高股息,27,1,26,華南永昌-潮州,2024-09-09,9328
2356,英業達,27,1,26,華南永昌-潮州,2024-09-09,9328
2317,鴻海,35,12,23,華南永昌-潮州,2024-09-09,9328
00713,元大台灣高息低波,23,0,23,華南永昌-潮州,2024-09-09,9328
2883,凱基金,24,2,22,華南永昌-潮州,2024-09-09,9328
00882,中信中國高股息,22,0,22,華南永昌-潮州,2024-09-09,9328
00830,國泰費城半導體,20,0,20,華南永昌-潮州,2024-09-09,9328
2344,華邦電,22,2,20,華南永昌-潮州,2024-09-09,9328
2882,國泰金,20,0,20,華南永昌-潮州,2024-09-09,9328
00946,群益科技高息成長,18,0,18,華南永昌-潮州,2024-09-09,9328
2881,富邦金,18,0,18,華南永昌-潮州,2024-09-09,9328
2313,華通,17,1,16,華南永昌-潮州,2024-09-09,9328
3481,群創,35,20,15,華南永昌-潮州,2024-09-09,9328
2002,中鋼,18,3,15,華南永昌-潮州,2024-09-09,9328
2022,聚亨,16,3,13,華南永昌-潮州,2024-09-09,9328
2540,愛山林,20,7,13,華南永昌-潮州,2024-09-09,9328
8927,北基,13,0,13,華南永昌-潮州,2024-09-09,9328
2615,萬海,13,1,12,華南永昌-潮州,2024-09-09,9328
1527,鑽全,12,0,12,華南永昌-潮州,2024-09-09,9328
2330,台積電,17,5,12,華南永昌-潮州,2024-09-09,9328
00918,大華優利高填息30,15,4,11,華南永昌-潮州,2024-09-09,9328
2371,大同,11,0,11,華南永昌-潮州,2024-09-09,9328
2634,漢翔,11,0,11,華南永昌-潮州,2024-09-09,9328
00712,復華富時不動產,10,0,10,華南永昌-潮州,2024-09-09,9328
00753L,中信中國50正2,10,0,10,華南永昌-潮州,2024-09-09,9328
1310,台苯,10,0,10,華南永昌-潮州,2024-09-09,9328
4562,穎漢,18,8,10,華南永昌-潮州,2024-09-09,9328
6231,系微,10,0,10,華南永昌-潮州,2024-09-09,9328
3047,訊舟,16,6,10,華南永昌-潮州,2024-09-09,9328
2489,瑞軒,16,6,10,華南永昌-潮州,2024-09-09,9328
2891,中信金,10,1,9,華南永昌-潮州,2024-09-09,9328
6215,和椿,11,2,9,華南永昌-潮州,2024-09-09,9328
3231,緯創,12,4,8,華南永昌-潮州,2024-09-09,9328
00757,統一FANG+,8,0,8,華南永昌-潮州,2024-09-09,9328
1522,堤維西,8,0,8,華南永昌-潮州,2024-09-09,9328
3535,晶彩科,8,0,8,華南永昌-潮州,2024-09-09,9328
1301,台塑,9,2,7,華南永昌-潮州,2024-09-09,9328
2923,鼎固-KY,7,0,7,華南永昌-潮州,2024-09-09,9328
1513,中興電,21,14,7,華南永昌-潮州,2024-09-09,9328
2349,錸德,13,6,7,華南永昌-潮州,2024-09-09,9328
5443,均豪,13,6,7,華南永昌-潮州,2024-09-09,9328
3535,晶彩科,142,18,124,華南永昌-潮州,2024-09-10,9328
00687B,國泰20年美債,117,2,115,華南永昌-潮州,2024-09-10,9328
00943,兆豐電子高息等權,101,0,101,華南永昌-潮州,2024-09-10,9328
00940,元大台灣價值高息,86,4,82,華南永昌-潮州,2024-09-10,9328
00919,群益台灣精選高息,70,4,66,華南永昌-潮州,2024-09-10,9328
0056,元大高股息,67,1,66,華南永昌-潮州,2024-09-10,9328
2323,中環,61,0,61,華南永昌-潮州,2024-09-10,9328
2543,皇昌,66,15,51,華南永昌-潮州,2024-09-10,9328
00929,復華台灣科技優息,82,34,48,華南永昌-潮州,2024-09-10,9328
00688L,國泰20年美債正2,40,0,40,華南永昌-潮州,2024-09-10,9328
4956,光鋐,39,4,35,華南永昌-潮州,2024-09-10,9328
00918,大華優利高填息30,34,0,34,華南永昌-潮州,2024-09-10,9328
3481,群創,41,15,26,華南永昌-潮州,2024-09-10,9328
00715L,期街口布蘭特正2,31,5,26,華南永昌-潮州,2024-09-10,9328
1609,大亞,74,49,25,華南永昌-潮州,2024-09-10,9328
1539,巨庭,24,3,21,華南永昌-潮州,2024-09-10,9328
00946,群益科技高息成長,20,0,20,華南永昌-潮州,2024-09-10,9328
3551,世禾,20,0,20,華南永昌-潮州,2024-09-10,9328
6218,豪勉,21,1,20,華南永昌-潮州,2024-09-10,9328
2426,鼎元,28,8,20,華南永昌-潮州,2024-09-10,9328
00878,國泰永續高股息,19,0,19,華南永昌-潮州,2024-09-10,9328
2317,鴻海,28,9,19,華南永昌-潮州,2024-09-10,9328
2408,南亞科,23,6,17,華南永昌-潮州,2024-09-10,9328
1785,光洋科,24,8,16,華南永昌-潮州,2024-09-10,9328
8927,北基,21,5,16,華南永昌-潮州,2024-09-10,9328
2344,華邦電,16,1,15,華南永昌-潮州,2024-09-10,9328
8064,東捷,28,15,13,華南永昌-潮州,2024-09-10,9328
00680L,元大美債20正2,24,12,12,華南永昌-潮州,2024-09-10,9328
6024,群益期,12,0,12,華南永昌-潮州,2024-09-10,9328
1722,台肥,11,0,11,華南永昌-潮州,2024-09-10,9328
3037,欣興,15,4,11,華南永昌-潮州,2024-09-10,9328
00937B,群益ESG投等債20,24,14,10,華南永昌-潮州,2024-09-10,9328
2497,怡利電,12,2,10,華南永昌-潮州,2024-09-10,9328
00673R,期元大S＆P原油反1,10,0,10,華南永昌-潮州,2024-09-10,9328
00706L,期元大S＆P日圓正2,10,0,10,華南永昌-潮州,2024-09-10,9328
00957B,兆豐US優選投等債,10,0,10,華南永昌-潮州,2024-09-10,9328
02001L,富邦蘋果正二N,10,0,10,華南永昌-潮州,2024-09-10,9328
1718,中纖,10,0,10,華南永昌-潮州,2024-09-10,9328
2375,凱美,10,0,10,華南永昌-潮州,2024-09-10,9328
5475,德宏,10,0,10,華南永昌-潮州,2024-09-10,9328
5483,中美晶,10,0,10,華南永昌-潮州,2024-09-10,9328
6196,帆宣,10,0,10,華南永昌-潮州,2024-09-10,9328
6231,系微,17,7,10,華南永昌-潮州,2024-09-10,9328
1303,南亞,10,1,9,華南永昌-潮州,2024-09-10,9328
1605,華新,8,0,8,華南永昌-潮州,2024-09-10,9328
2002,中鋼,14,6,8,華南永昌-潮州,2024-09-10,9328
2027,大成鋼,7,0,7,華南永昌-潮州,2024-09-10,9328
3523,迎輝,7,0,7,華南永昌-潮州,2024-09-10,9328
2337,旺宏,7,0,7,華南永昌-潮州,2024-09-10,9328
2349,錸德,13,6,7,華南永昌-潮州,2024-09-10,9328
00918,大華優利高填息30,411,0,411,華南永昌-潮州,2024-09-11,9328
00715L,期街口布蘭特正2,239,10,229,華南永昌-潮州,2024-09-11,9328
00937B,群益ESG投等債20,181,7,174,華南永昌-潮州,2024-09-11,9328
00882,中信中國高股息,171,0,171,華南永昌-潮州,2024-09-11,9328
00878,國泰永續高股息,79,0,79,華南永昌-潮州,2024-09-11,9328
00948B,中信優息投資級債,51,0,51,華南永昌-潮州,2024-09-11,9328
5483,中美晶,50,0,50,華南永昌-潮州,2024-09-11,9328
00687B,國泰20年美債,44,0,44,華南永昌-潮州,2024-09-11,9328
3062,建漢,33,1,32,華南永昌-潮州,2024-09-11,9328
00943,兆豐電子高息等權,30,0,30,華南永昌-潮州,2024-09-11,9328
00919,群益台灣精選高息,35,5,30,華南永昌-潮州,2024-09-11,9328
0056,元大高股息,29,0,29,華南永昌-潮州,2024-09-11,9328
4908,前鼎,24,2,22,華南永昌-潮州,2024-09-11,9328
2388,威盛,25,4,21,華南永昌-潮州,2024-09-11,9328
3551,世禾,21,0,21,華南永昌-潮州,2024-09-11,9328
4763,材料-KY,20,1,19,華南永昌-潮州,2024-09-11,9328
2542,興富發,19,0,19,華南永昌-潮州,2024-09-11,9328
2883,凱基金,26,8,18,華南永昌-潮州,2024-09-11,9328
3481,群創,31,14,17,華南永昌-潮州,2024-09-11,9328
00680L,元大美債20正2,26,9,17,華南永昌-潮州,2024-09-11,9328
2881,富邦金,15,0,15,華南永昌-潮州,2024-09-11,9328
00688L,國泰20年美債正2,14,0,14,華南永昌-潮州,2024-09-11,9328
2913,農林,12,0,12,華南永昌-潮州,2024-09-11,9328
1522,堤維西,39,28,11,華南永昌-潮州,2024-09-11,9328
00665L,富邦�琤肭磪囓�2,30,20,10,華南永昌-潮州,2024-09-11,9328
02001L,富邦蘋果正二N,10,0,10,華南永昌-潮州,2024-09-11,9328
2402,毅嘉,12,2,10,華南永昌-潮州,2024-09-11,9328
2731,雄獅,10,0,10,華南永昌-潮州,2024-09-11,9328
4113,聯上,30,20,10,華南永昌-潮州,2024-09-11,9328
4956,光鋐,61,51,10,華南永昌-潮州,2024-09-11,9328
2486,一詮,14,5,9,華南永昌-潮州,2024-09-11,9328
3037,欣興,10,1,9,華南永昌-潮州,2024-09-11,9328
00939,統一台灣高息動能,8,0,8,華南永昌-潮州,2024-09-11,9328
3707,漢磊,12,4,8,華南永昌-潮州,2024-09-11,9328
2353,宏��,7,0,7,華南永昌-潮州,2024-09-11,9328
00915,凱基優選高股息30,9,2,7,華南永昌-潮州,2024-09-11,9328
1540,喬福,11,4,7,華南永昌-潮州,2024-09-11,9328
4562,穎漢,18,11,7,華南永昌-潮州,2024-09-11,9328
6873,泓德能源,12,5,7,華南永昌-潮州,2024-09-11,9328
00881,國泰台灣5G+,6,0,6,華南永昌-潮州,2024-09-11,9328
00857B,永豐20年美公債,6,0,6,華南永昌-潮州,2024-09-11,9328
00900,富邦特選高股息30,6,0,6,華南永昌-潮州,2024-09-11,9328
00897,富邦基因免疫生技,6,0,6,華南永昌-潮州,2024-09-11,9328
00751B,元大AAA至A公司債,6,0,6,華南永昌-潮州,2024-09-11,9328
00951,台新日本半導體,6,0,6,華南永昌-潮州,2024-09-11,9328
2836,高雄銀,6,0,6,華南永昌-潮州,2024-09-11,9328
3580,友威科,6,0,6,華南永昌-潮州,2024-09-11,9328
6548,長科*,6,0,6,華南永昌-潮州,2024-09-11,9328
6957,裕慶-KY,6,0,6,華南永昌-潮州,2024-09-11,9328
8227,巨有科技,7,1,6,華南永昌-潮州,2024-09-11,9328
00632R,元大台灣50反1,179,75,104,華南永昌-潮州,2024-09-12,9328
00915,凱基優選高股息30,33,0,33,華南永昌-潮州,2024-09-12,9328
00680L,元大美債20正2,36,5,31,華南永昌-潮州,2024-09-12,9328
3481,群創,35,6,29,華南永昌-潮州,2024-09-12,9328
5460,同協,31,3,28,華南永昌-潮州,2024-09-12,9328
00918,大華優利高填息30,31,5,26,華南永昌-潮州,2024-09-12,9328
00679B,元大美債20年,31,6,25,華南永昌-潮州,2024-09-12,9328
2883,凱基金,34,9,25,華南永昌-潮州,2024-09-12,9328
00687B,國泰20年美債,24,0,24,華南永昌-潮州,2024-09-12,9328
6188,廣明,20,0,20,華南永昌-潮州,2024-09-12,9328
2891,中信金,15,0,15,華南永昌-潮州,2024-09-12,9328
3312,弘憶股,18,4,14,華南永昌-潮州,2024-09-12,9328
6133,金橋,26,12,14,華南永昌-潮州,2024-09-12,9328
6216,居易,14,2,12,華南永昌-潮州,2024-09-12,9328
8105,凌巨,12,0,12,華南永昌-潮州,2024-09-12,9328
2408,南亞科,11,0,11,華南永昌-潮州,2024-09-12,9328
4768,晶呈科技,10,0,10,華南永昌-潮州,2024-09-12,9328
02001L,富邦蘋果正二N,10,0,10,華南永昌-潮州,2024-09-12,9328
2605,新興,10,0,10,華南永昌-潮州,2024-09-12,9328
2923,鼎固-KY,10,0,10,華南永昌-潮州,2024-09-12,9328
5371,中光電,10,0,10,華南永昌-潮州,2024-09-12,9328
1319,東陽,10,0,10,華南永昌-潮州,2024-09-12,9328
00713,元大台灣高息低波,10,0,10,華南永昌-潮州,2024-09-12,9328
00919,群益台灣精選高息,16,7,9,華南永昌-潮州,2024-09-12,9328
1537,廣隆,9,0,9,華南永昌-潮州,2024-09-12,9328
6111,大宇資,9,0,9,華南永昌-潮州,2024-09-12,9328
6505,台塑化,9,0,9,華南永昌-潮州,2024-09-12,9328
00907,永豐優息存股,8,0,8,華南永昌-潮州,2024-09-12,9328
8070,長華*,10,2,8,華南永昌-潮州,2024-09-12,9328
00931B,統一美債20年,6,0,6,華南永昌-潮州,2024-09-12,9328
00932,兆豐永續高息等權,6,0,6,華南永昌-潮州,2024-09-12,9328
2867,三商壽,10,4,6,華南永昌-潮州,2024-09-12,9328
3047,訊舟,7,1,6,華南永昌-潮州,2024-09-12,9328
0056,元大高股息,6,1,5,華南永昌-潮州,2024-09-12,9328
2105,正新,5,0,5,華南永昌-潮州,2024-09-12,9328
00930,永豐ESG低碳高息,5,0,5,華南永昌-潮州,2024-09-12,9328
00952,凱基台灣AI50,5,0,5,華南永昌-潮州,2024-09-12,9328
2732,六角,5,0,5,華南永昌-潮州,2024-09-12,9328
2801,彰銀,5,0,5,華南永昌-潮州,2024-09-12,9328
3294,英濟,5,0,5,華南永昌-潮州,2024-09-12,9328
4971,IET-KY,5,0,5,華南永昌-潮州,2024-09-12,9328
8927,北基,5,0,5,華南永昌-潮州,2024-09-12,9328
2887,台新金,6,1,5,華南永昌-潮州,2024-09-12,9328
00675L,富邦臺灣加權正2,5,0,5,華南永昌-潮州,2024-09-12,9328
1605,華新,5,1,4,華南永昌-潮州,2024-09-12,9328
2606,裕民,4,0,4,華南永昌-潮州,2024-09-12,9328
4128,中天,6,2,4,華南永昌-潮州,2024-09-12,9328
2467,志聖,15,11,4,華南永昌-潮州,2024-09-12,9328
1301,台塑,4,0,4,華南永昌-潮州,2024-09-12,9328
2486,一詮,5,2,3,華南永昌-潮州,2024-09-12,9328
2834,臺企銀,81,11,70,華南永昌-潮州,2024-09-13,9328
1815,富喬,61,1,60,華南永昌-潮州,2024-09-13,9328
00687B,國泰20年美債,59,0,59,華南永昌-潮州,2024-09-13,9328
00921,兆豐龍頭等權重,50,0,50,華南永昌-潮州,2024-09-13,9328
6126,信音,46,0,46,華南永昌-潮州,2024-09-13,9328
00929,復華台灣科技優息,42,0,42,華南永昌-潮州,2024-09-13,9328
00918,大華優利高填息30,32,0,32,華南永昌-潮州,2024-09-13,9328
2883,凱基金,93,61,32,華南永昌-潮州,2024-09-13,9328
00919,群益台灣精選高息,27,0,27,華南永昌-潮州,2024-09-13,9328
2365,昆盈,31,8,23,華南永昌-潮州,2024-09-13,9328
2913,農林,24,1,23,華南永昌-潮州,2024-09-13,9328
00915,凱基優選高股息30,20,0,20,華南永昌-潮州,2024-09-13,9328
00795B,中信美國公債20年,17,0,17,華南永昌-潮州,2024-09-13,9328
2337,旺宏,20,4,16,華南永昌-潮州,2024-09-13,9328
3362,先進光,16,0,16,華南永昌-潮州,2024-09-13,9328
1524,耿鼎,15,0,15,華南永昌-潮州,2024-09-13,9328
4551,智伸科,15,0,15,華南永昌-潮州,2024-09-13,9328
2352,佳世達,20,5,15,華南永昌-潮州,2024-09-13,9328
00688L,國泰20年美債正2,13,0,13,華南永昌-潮州,2024-09-13,9328
2538,基泰,12,0,12,華南永昌-潮州,2024-09-13,9328
9958,世紀鋼,12,0,12,華南永昌-潮州,2024-09-13,9328
2402,毅嘉,12,1,11,華南永昌-潮州,2024-09-13,9328
8105,凌巨,11,0,11,華南永昌-潮州,2024-09-13,9328
3354,律勝,15,5,10,華南永昌-潮州,2024-09-13,9328
3437,榮創,10,0,10,華南永昌-潮州,2024-09-13,9328
6125,廣運,10,0,10,華南永昌-潮州,2024-09-13,9328
1316,上曜,12,3,9,華南永昌-潮州,2024-09-13,9328
2481,強茂,10,1,9,華南永昌-潮州,2024-09-13,9328
00932,兆豐永續高息等權,8,0,8,華南永昌-潮州,2024-09-13,9328
1708,東鹼,8,0,8,華南永昌-潮州,2024-09-13,9328
3019,亞光,8,0,8,華南永昌-潮州,2024-09-13,9328
1609,大亞,10,2,8,華南永昌-潮州,2024-09-13,9328
3013,晟銘電,24,17,7,華南永昌-潮州,2024-09-13,9328
1808,潤隆,11,4,7,華南永昌-潮州,2024-09-13,9328
2329,華泰,6,0,6,華南永昌-潮州,2024-09-13,9328
00696B,富邦美債20年,6,0,6,華南永昌-潮州,2024-09-13,9328
8039,台虹,6,0,6,華南永昌-潮州,2024-09-13,9328
00878,國泰永續高股息,8,2,6,華南永昌-潮州,2024-09-13,9328
00713,元大台灣高息低波,5,0,5,華南永昌-潮州,2024-09-13,9328
2363,矽統,5,0,5,華南永昌-潮州,2024-09-13,9328
00715L,期街口布蘭特正2,25,20,5,華南永昌-潮州,2024-09-13,9328
00959B,大華投等美債15Y+,5,0,5,華南永昌-潮州,2024-09-13,9328
1301,台塑,7,2,5,華南永昌-潮州,2024-09-13,9328
3016,嘉晶,5,0,5,華南永昌-潮州,2024-09-13,9328
5230,雷笛克光學,5,0,5,華南永昌-潮州,2024-09-13,9328
8155,博智,5,0,5,華南永昌-潮州,2024-09-13,9328
2408,南亞科,11,6,5,華南永昌-潮州,2024-09-13,9328
00680L,元大美債20正2,4,0,4,華南永昌-潮州,2024-09-13,9328
2485,兆赫,5,1,4,華南永昌-潮州,2024-09-13,9328
3498,陽程,15,11,4,華南永昌-潮州,2024-09-13,9328
00687B,國泰20年美債,122,2,120,華南永昌-潮州,2024-09-16,9328
00680L,元大美債20正2,108,10,98,華南永昌-潮州,2024-09-16,9328
3062,建漢,102,16,86,華南永昌-潮州,2024-09-16,9328
00921,兆豐龍頭等權重,70,0,70,華南永昌-潮州,2024-09-16,9328
00632R,元大台灣50反1,60,0,60,華南永昌-潮州,2024-09-16,9328
1711,永光,72,17,55,華南永昌-潮州,2024-09-16,9328
00937B,群益ESG投等債20,49,4,45,華南永昌-潮州,2024-09-16,9328
2399,映泰,32,1,31,華南永昌-潮州,2024-09-16,9328
00942B,台新美A公司債20+,30,0,30,華南永昌-潮州,2024-09-16,9328
00905,FT臺灣Smart,25,0,25,華南永昌-潮州,2024-09-16,9328
00919,群益台灣精選高息,28,4,24,華南永昌-潮州,2024-09-16,9328
3019,亞光,23,0,23,華南永昌-潮州,2024-09-16,9328
1326,台化,28,7,21,華南永昌-潮州,2024-09-16,9328
3040,遠見,21,0,21,華南永昌-潮州,2024-09-16,9328
1528,恩德,20,0,20,華南永昌-潮州,2024-09-16,9328
1808,潤隆,20,0,20,華南永昌-潮州,2024-09-16,9328
00715L,期街口布蘭特正2,24,10,14,華南永昌-潮州,2024-09-16,9328
00679B,元大美債20年,17,3,14,華南永昌-潮州,2024-09-16,9328
00882,中信中國高股息,14,1,13,華南永昌-潮州,2024-09-16,9328
1709,和益,12,0,12,華南永昌-潮州,2024-09-16,9328
2344,華邦電,16,4,12,華南永昌-潮州,2024-09-16,9328
3576,聯合再生,13,1,12,華南永昌-潮州,2024-09-16,9328
1904,正隆,13,2,11,華南永昌-潮州,2024-09-16,9328
6274,台燿,11,0,11,華南永昌-潮州,2024-09-16,9328
2374,佳能,12,2,10,華南永昌-潮州,2024-09-16,9328
2609,陽明,9,0,9,華南永昌-潮州,2024-09-16,9328
3149,正達,12,3,9,華南永昌-潮州,2024-09-16,9328
8064,東捷,10,1,9,華南永昌-潮州,2024-09-16,9328
8105,凌巨,10,1,9,華南永昌-潮州,2024-09-16,9328
8011,台通,15,6,9,華南永昌-潮州,2024-09-16,9328
5880,合庫金,10,1,9,華南永昌-潮州,2024-09-16,9328
2486,一詮,11,3,8,華南永昌-潮州,2024-09-16,9328
00915,凱基優選高股息30,8,0,8,華南永昌-潮州,2024-09-16,9328
00795B,中信美國公債20年,8,0,8,華南永昌-潮州,2024-09-16,9328
00722B,群益投資級電信債,8,0,8,華南永昌-潮州,2024-09-16,9328
00690,兆豐藍籌30,8,0,8,華南永昌-潮州,2024-09-16,9328
00713,元大台灣高息低波,7,0,7,華南永昌-潮州,2024-09-16,9328
00753L,中信中國50正2,7,0,7,華南永昌-潮州,2024-09-16,9328
00712,復華富時不動產,10,3,7,華南永昌-潮州,2024-09-16,9328
1303,南亞,9,3,6,華南永昌-潮州,2024-09-16,9328
00642U,期元大S＆P石油,6,0,6,華南永昌-潮州,2024-09-16,9328
3303,岱稜,8,2,6,華南永昌-潮州,2024-09-16,9328
1612,宏泰,6,0,6,華南永昌-潮州,2024-09-16,9328
6125,廣運,6,0,6,華南永昌-潮州,2024-09-16,9328
8070,長華*,5,0,5,華南永昌-潮州,2024-09-16,9328
00730,富邦臺灣優質高息,5,0,5,華南永昌-潮州,2024-09-16,9328
3379,彬台,11,6,5,華南永昌-潮州,2024-09-16,9328
3557,嘉威,5,0,5,華南永昌-潮州,2024-09-16,9328
6840,東研信超,5,0,5,華南永昌-潮州,2024-09-16,9328
8155,博智,5,0,5,華南永昌-潮州,2024-09-16,9328
00632R,元大台灣50反1,539,0,539,華南永昌-潮州,2024-09-18,9328
2891,中信金,286,37,249,華南永昌-潮州,2024-09-18,9328
3550,聯穎,138,6,132,華南永昌-潮州,2024-09-18,9328
00919,群益台灣精選高息,95,1,94,華南永昌-潮州,2024-09-18,9328
00929,復華台灣科技優息,80,10,70,華南永昌-潮州,2024-09-18,9328
1711,永光,108,42,66,華南永昌-潮州,2024-09-18,9328
00915,凱基優選高股息30,64,6,58,華南永昌-潮州,2024-09-18,9328
8111,立��,71,26,45,華南永昌-潮州,2024-09-18,9328
3498,陽程,75,30,45,華南永昌-潮州,2024-09-18,9328
2317,鴻海,49,6,43,華南永昌-潮州,2024-09-18,9328
2313,華通,39,1,38,華南永昌-潮州,2024-09-18,9328
00905,FT臺灣Smart,32,0,32,華南永昌-潮州,2024-09-18,9328
2426,鼎元,39,9,30,華南永昌-潮州,2024-09-18,9328
6216,居易,34,5,29,華南永昌-潮州,2024-09-18,9328
00930,永豐ESG低碳高息,26,0,26,華南永昌-潮州,2024-09-18,9328
00713,元大台灣高息低波,23,0,23,華南永昌-潮州,2024-09-18,9328
1905,華紙,22,0,22,華南永昌-潮州,2024-09-18,9328
00937B,群益ESG投等債20,24,4,20,華南永昌-潮州,2024-09-18,9328
00934,中信成長高股息,19,0,19,華南永昌-潮州,2024-09-18,9328
1722,台肥,17,0,17,華南永昌-潮州,2024-09-18,9328
00712,復華富時不動產,22,8,14,華南永昌-潮州,2024-09-18,9328
3049,精金,15,1,14,華南永昌-潮州,2024-09-18,9328
8011,台通,22,8,14,華南永昌-潮州,2024-09-18,9328
8110,華東,14,0,14,華南永昌-潮州,2024-09-18,9328
2303,聯電,22,8,14,華南永昌-潮州,2024-09-18,9328
2399,映泰,26,13,13,華南永昌-潮州,2024-09-18,9328
00690,兆豐藍籌30,13,0,13,華南永昌-潮州,2024-09-18,9328
00673R,期元大S＆P原油反1,13,0,13,華南永昌-潮州,2024-09-18,9328
00918,大華優利高填息30,12,0,12,華南永昌-潮州,2024-09-18,9328
00931B,統一美債20年,12,1,11,華南永昌-潮州,2024-09-18,9328
2409,友達,21,10,11,華南永昌-潮州,2024-09-18,9328
2109,華豐,11,0,11,華南永昌-潮州,2024-09-18,9328
0056,元大高股息,10,0,10,華南永昌-潮州,2024-09-18,9328
8039,台虹,17,7,10,華南永昌-潮州,2024-09-18,9328
8096,擎亞,30,20,10,華南永昌-潮州,2024-09-18,9328
1312,國喬,10,0,10,華南永昌-潮州,2024-09-18,9328
00665L,富邦�琤肭磪囓�2,10,0,10,華南永昌-潮州,2024-09-18,9328
2431,聯昌,10,0,10,華南永昌-潮州,2024-09-18,9328
3189,景碩,11,1,10,華南永昌-潮州,2024-09-18,9328
6414,樺漢,10,0,10,華南永昌-潮州,2024-09-18,9328
8071,能率網通,10,0,10,華南永昌-潮州,2024-09-18,9328
5880,合庫金,11,1,10,華南永昌-潮州,2024-09-18,9328
2498,宏達電,9,0,9,華南永昌-潮州,2024-09-18,9328
6116,彩晶,12,3,9,華南永昌-潮州,2024-09-18,9328
6274,台燿,8,0,8,華南永昌-潮州,2024-09-18,9328
2429,銘旺科,10,2,8,華南永昌-潮州,2024-09-18,9328
3264,欣銓,8,0,8,華南永昌-潮州,2024-09-18,9328
3303,岱稜,11,3,8,華南永昌-潮州,2024-09-18,9328
00900,富邦特選高股息30,7,0,7,華南永昌-潮州,2024-09-18,9328
00688L,國泰20年美債正2,7,0,7,華南永昌-潮州,2024-09-18,9328
00878,國泰永續高股息,79,5,74,華南永昌-潮州,2024-09-19,9328
00929,復華台灣科技優息,92,31,61,華南永昌-潮州,2024-09-19,9328
2477,美隆電,53,3,50,華南永昌-潮州,2024-09-19,9328
00679B,元大美債20年,50,7,43,華南永昌-潮州,2024-09-19,9328
8927,北基,42,1,41,華南永昌-潮州,2024-09-19,9328
00919,群益台灣精選高息,50,10,40,華南永昌-潮州,2024-09-19,9328
00680L,元大美債20正2,38,0,38,華南永昌-潮州,2024-09-19,9328
2543,皇昌,84,52,32,華南永昌-潮州,2024-09-19,9328
8074,鉅橡,30,0,30,華南永昌-潮州,2024-09-19,9328
00632R,元大台灣50反1,44,15,29,華南永昌-潮州,2024-09-19,9328
2888,新光金,28,4,24,華南永昌-潮州,2024-09-19,9328
8111,立��,24,0,24,華南永昌-潮州,2024-09-19,9328
00931B,統一美債20年,21,0,21,華南永昌-潮州,2024-09-19,9328
3049,精金,45,24,21,華南永昌-潮州,2024-09-19,9328
1808,潤隆,22,4,18,華南永昌-潮州,2024-09-19,9328
00937B,群益ESG投等債20,59,42,17,華南永昌-潮州,2024-09-19,9328
2328,廣宇,15,0,15,華南永昌-潮州,2024-09-19,9328
00713,元大台灣高息低波,12,0,12,華南永昌-潮州,2024-09-19,9328
2208,台船,10,0,10,華南永昌-潮州,2024-09-19,9328
00673R,期元大S＆P原油反1,10,0,10,華南永昌-潮州,2024-09-19,9328
5483,中美晶,20,10,10,華南永昌-潮州,2024-09-19,9328
00918,大華優利高填息30,19,10,9,華南永昌-潮州,2024-09-19,9328
3149,正達,11,2,9,華南永昌-潮州,2024-09-19,9328
3581,博磊,12,3,9,華南永昌-潮州,2024-09-19,9328
6257,矽格,9,0,9,華南永昌-潮州,2024-09-19,9328
1504,東元,9,1,8,華南永昌-潮州,2024-09-19,9328
3360,尚立,9,1,8,華南永昌-潮州,2024-09-19,9328
3705,永信,8,0,8,華南永昌-潮州,2024-09-19,9328
3710,連展投控,10,2,8,華南永昌-潮州,2024-09-19,9328
2388,威盛,13,5,8,華南永昌-潮州,2024-09-19,9328
8104,錸寶,18,11,7,華南永昌-潮州,2024-09-19,9328
00706L,期元大S＆P日圓正2,6,0,6,華南永昌-潮州,2024-09-19,9328
1522,堤維西,7,1,6,華南永昌-潮州,2024-09-19,9328
3481,群創,14,8,6,華南永昌-潮州,2024-09-19,9328
00930,永豐ESG低碳高息,5,0,5,華南永昌-潮州,2024-09-19,9328
1304,台聚,5,0,5,華南永昌-潮州,2024-09-19,9328
1514,亞力,7,2,5,華南永昌-潮州,2024-09-19,9328
2449,京元電子,6,1,5,華南永昌-潮州,2024-09-19,9328
2504,國產,7,2,5,華南永昌-潮州,2024-09-19,9328
3518,柏騰,5,0,5,華南永昌-潮州,2024-09-19,9328
3550,聯穎,9,4,5,華南永昌-潮州,2024-09-19,9328
4128,中天,5,0,5,華南永昌-潮州,2024-09-19,9328
5009,榮剛,5,0,5,華南永昌-潮州,2024-09-19,9328
6177,達麗,5,0,5,華南永昌-潮州,2024-09-19,9328
6284,佳邦,5,0,5,華南永昌-潮州,2024-09-19,9328
3715,定穎投控,7,2,5,華南永昌-潮州,2024-09-19,9328
00764B,群益25年美債,4,0,4,華南永昌-潮州,2024-09-19,9328
1582,信錦,4,0,4,華南永昌-潮州,2024-09-19,9328
4109,加捷生醫,4,0,4,華南永昌-潮州,2024-09-19,9328
3073,天方能源,3,0,3,華南永昌-潮州,2024-09-19,9328
00930,永豐ESG低碳高息,115,0,115,華南永昌-潮州,2024-09-20,9328
00919,群益台灣精選高息,169,60,109,華南永昌-潮州,2024-09-20,9328
00915,凱基優選高股息30,57,0,57,華南永昌-潮州,2024-09-20,9328
1815,富喬,55,5,50,華南永昌-潮州,2024-09-20,9328
5483,中美晶,50,0,50,華南永昌-潮州,2024-09-20,9328
4513,福裕,50,3,47,華南永昌-潮州,2024-09-20,9328
2365,昆盈,32,3,29,華南永昌-潮州,2024-09-20,9328
4903,聯光通,31,3,28,華南永昌-潮州,2024-09-20,9328
1316,上曜,27,0,27,華南永昌-潮州,2024-09-20,9328
8111,立��,23,1,22,華南永昌-潮州,2024-09-20,9328
1314,中石化,27,5,22,華南永昌-潮州,2024-09-20,9328
00687B,國泰20年美債,22,0,22,華南永昌-潮州,2024-09-20,9328
00632R,元大台灣50反1,21,0,21,華南永昌-潮州,2024-09-20,9328
00688L,國泰20年美債正2,22,2,20,華南永昌-潮州,2024-09-20,9328
00665L,富邦�琤肭磪囓�2,30,10,20,華南永昌-潮州,2024-09-20,9328
00942B,台新美A公司債20+,20,0,20,華南永昌-潮州,2024-09-20,9328
6216,居易,20,0,20,華南永昌-潮州,2024-09-20,9328
8927,北基,21,2,19,華南永昌-潮州,2024-09-20,9328
4714,永捷,26,8,18,華南永昌-潮州,2024-09-20,9328
3550,聯穎,17,0,17,華南永昌-潮州,2024-09-20,9328
00927,群益半導體收益,16,0,16,華南永昌-潮州,2024-09-20,9328
2542,興富發,20,5,15,華南永昌-潮州,2024-09-20,9328
00713,元大台灣高息低波,15,0,15,華南永昌-潮州,2024-09-20,9328
00929,復華台灣科技優息,30,15,15,華南永昌-潮州,2024-09-20,9328
3003,健和興,16,2,14,華南永昌-潮州,2024-09-20,9328
00918,大華優利高填息30,12,0,12,華南永昌-潮州,2024-09-20,9328
00931B,統一美債20年,11,0,11,華南永昌-潮州,2024-09-20,9328
6191,精成科,12,1,11,華南永昌-潮州,2024-09-20,9328
4526,東台,66,55,11,華南永昌-潮州,2024-09-20,9328
00655L,國泰中國A50正2,10,0,10,華南永昌-潮州,2024-09-20,9328
00673R,期元大S＆P原油反1,10,0,10,華南永昌-潮州,2024-09-20,9328
1514,亞力,15,5,10,華南永昌-潮州,2024-09-20,9328
2022,聚亨,10,0,10,華南永昌-潮州,2024-09-20,9328
4939,亞電,13,3,10,華南永昌-潮州,2024-09-20,9328
4950,牧東,10,0,10,華南永昌-潮州,2024-09-20,9328
6414,樺漢,10,0,10,華南永昌-潮州,2024-09-20,9328
6770,力積電,15,5,10,華南永昌-潮州,2024-09-20,9328
8104,錸寶,10,0,10,華南永昌-潮州,2024-09-20,9328
2352,佳世達,10,0,10,華南永昌-潮州,2024-09-20,9328
5905,南仁湖,20,11,9,華南永昌-潮州,2024-09-20,9328
1218,泰山,9,0,9,華南永昌-潮州,2024-09-20,9328
1540,喬福,26,17,9,華南永昌-潮州,2024-09-20,9328
1725,元禎,9,0,9,華南永昌-潮州,2024-09-20,9328
3663,鑫科,11,2,9,華南永昌-潮州,2024-09-20,9328
5484,慧友,10,1,9,華南永昌-潮州,2024-09-20,9328
00940,元大台灣價值高息,12,3,9,華南永昌-潮州,2024-09-20,9328
2888,新光金,25,17,8,華南永昌-潮州,2024-09-20,9328
00958B,永豐ESG銀行債15,8,1,7,華南永昌-潮州,2024-09-20,9328
1808,潤隆,9,2,7,華南永昌-潮州,2024-09-20,9328
2401,凌陽,7,0,7,華南永昌-潮州,2024-09-20,9328
2495,普安,144,12,132,華南永昌-潮州,2024-09-23,9328
4720,德淵,86,0,86,華南永昌-潮州,2024-09-23,9328
1584,精剛,84,2,82,華南永昌-潮州,2024-09-23,9328
5483,中美晶,80,0,80,華南永昌-潮州,2024-09-23,9328
4526,東台,77,25,52,華南永昌-潮州,2024-09-23,9328
2365,昆盈,63,15,48,華南永昌-潮州,2024-09-23,9328
00940,元大台灣價值高息,55,7,48,華南永昌-潮州,2024-09-23,9328
1785,光洋科,55,12,43,華南永昌-潮州,2024-09-23,9328
00665L,富邦�琤肭磪囓�2,40,0,40,華南永昌-潮州,2024-09-23,9328
00919,群益台灣精選高息,70,32,38,華南永昌-潮州,2024-09-23,9328
2888,新光金,52,20,32,華南永昌-潮州,2024-09-23,9328
1711,永光,77,49,28,華南永昌-潮州,2024-09-23,9328
3481,群創,37,9,28,華南永昌-潮州,2024-09-23,9328
2250,IKKA-KY,26,0,26,華南永昌-潮州,2024-09-23,9328
4714,永捷,23,1,22,華南永昌-潮州,2024-09-23,9328
1721,三晃,57,35,22,華南永昌-潮州,2024-09-23,9328
3003,健和興,22,1,21,華南永昌-潮州,2024-09-23,9328
2464,盟立,36,16,20,華南永昌-潮州,2024-09-23,9328
2913,農林,20,0,20,華南永昌-潮州,2024-09-23,9328
3705,永信,20,0,20,華南永昌-潮州,2024-09-23,9328
6144,得利影,20,0,20,華南永昌-潮州,2024-09-23,9328
1608,華榮,20,0,20,華南永昌-潮州,2024-09-23,9328
3615,安可,20,4,16,華南永昌-潮州,2024-09-23,9328
00915,凱基優選高股息30,17,1,16,華南永昌-潮州,2024-09-23,9328
8261,富鼎,16,0,16,華南永昌-潮州,2024-09-23,9328
1314,中石化,17,3,14,華南永昌-潮州,2024-09-23,9328
1528,恩德,15,1,14,華南永昌-潮州,2024-09-23,9328
3605,宏致,23,10,13,華南永昌-潮州,2024-09-23,9328
1301,台塑,11,0,11,華南永昌-潮州,2024-09-23,9328
3354,律勝,11,0,11,華南永昌-潮州,2024-09-23,9328
00646,元大S＆P500,10,0,10,華南永昌-潮州,2024-09-23,9328
1702,南僑,10,0,10,華南永昌-潮州,2024-09-23,9328
3591,艾笛森,10,0,10,華南永昌-潮州,2024-09-23,9328
4711,永純,10,0,10,華南永昌-潮州,2024-09-23,9328
2009,第一銅,10,0,10,華南永昌-潮州,2024-09-23,9328
8374,羅昇,11,1,10,華南永昌-潮州,2024-09-23,9328
1810,和成,11,2,9,華南永昌-潮州,2024-09-23,9328
3707,漢磊,10,1,9,華南永昌-潮州,2024-09-23,9328
2834,臺企銀,13,4,9,華南永昌-潮州,2024-09-23,9328
00918,大華優利高填息30,8,0,8,華南永昌-潮州,2024-09-23,9328
8150,南茂,8,0,8,華南永昌-潮州,2024-09-23,9328
1524,耿鼎,8,1,7,華南永昌-潮州,2024-09-23,9328
2537,聯上發,7,0,7,華南永昌-潮州,2024-09-23,9328
3617,碩天,7,0,7,華南永昌-潮州,2024-09-23,9328
00878,國泰永續高股息,7,0,7,華南永昌-潮州,2024-09-23,9328
2002,中鋼,7,1,6,華南永昌-潮州,2024-09-23,9328
00632R,元大台灣50反1,6,0,6,華南永昌-潮州,2024-09-23,9328
00946,群益科技高息成長,6,0,6,華南永昌-潮州,2024-09-23,9328
1536,和大,6,0,6,華南永昌-潮州,2024-09-23,9328
2425,承啟,9,3,6,華南永昌-潮州,2024-09-23,9328
2515,中工,302,200,102,華南永昌-潮州,2024-09-24,9328
2641,正德,72,3,69,華南永昌-潮州,2024-09-24,9328
00940,元大台灣價值高息,104,38,66,華南永昌-潮州,2024-09-24,9328
00919,群益台灣精選高息,47,1,46,華南永昌-潮州,2024-09-24,9328
00680L,元大美債20正2,46,0,46,華南永昌-潮州,2024-09-24,9328
00929,復華台灣科技優息,38,0,38,華南永昌-潮州,2024-09-24,9328
1314,中石化,33,2,31,華南永昌-潮州,2024-09-24,9328
00900,富邦特選高股息30,30,0,30,華南永昌-潮州,2024-09-24,9328
4956,光鋐,33,3,30,華南永昌-潮州,2024-09-24,9328
5483,中美晶,30,0,30,華南永昌-潮州,2024-09-24,9328
00687B,國泰20年美債,38,10,28,華南永昌-潮州,2024-09-24,9328
4720,德淵,28,0,28,華南永昌-潮州,2024-09-24,9328
3605,宏致,30,3,27,華南永昌-潮州,2024-09-24,9328
00905,FT臺灣Smart,30,5,25,華南永昌-潮州,2024-09-24,9328
6142,友勁,25,0,25,華南永昌-潮州,2024-09-24,9328
2353,宏��,31,9,22,華南永昌-潮州,2024-09-24,9328
2388,威盛,25,5,20,華南永昌-潮州,2024-09-24,9328
2867,三商壽,20,1,19,華南永昌-潮州,2024-09-24,9328
5905,南仁湖,31,15,16,華南永昌-潮州,2024-09-24,9328
00673R,期元大S＆P原油反1,15,0,15,華南永昌-潮州,2024-09-24,9328
4513,福裕,19,4,15,華南永昌-潮州,2024-09-24,9328
0056,元大高股息,16,1,15,華南永昌-潮州,2024-09-24,9328
2883,凱基金,15,1,14,華南永昌-潮州,2024-09-24,9328
5880,合庫金,15,1,14,華南永昌-潮州,2024-09-24,9328
6506,雙邦,14,0,14,華南永昌-潮州,2024-09-24,9328
00715L,期街口布蘭特正2,14,1,13,華南永昌-潮州,2024-09-24,9328
1808,潤隆,13,0,13,華南永昌-潮州,2024-09-24,9328
4716,大立,13,0,13,華南永昌-潮州,2024-09-24,9328
00712,復華富時不動產,15,3,12,華南永昌-潮州,2024-09-24,9328
1513,中興電,11,0,11,華南永昌-潮州,2024-09-24,9328
1522,堤維西,12,1,11,華南永昌-潮州,2024-09-24,9328
6899,創為精密,11,0,11,華南永昌-潮州,2024-09-24,9328
8070,長華*,29,18,11,華南永昌-潮州,2024-09-24,9328
00902,中信電池及儲能,10,0,10,華南永昌-潮州,2024-09-24,9328
6190,萬泰科,10,0,10,華南永昌-潮州,2024-09-24,9328
3306,鼎天,12,2,10,華南永昌-潮州,2024-09-24,9328
1524,耿鼎,11,1,10,華南永昌-潮州,2024-09-24,9328
00918,大華優利高填息30,9,0,9,華南永昌-潮州,2024-09-24,9328
4967,十銓,10,1,9,華南永昌-潮州,2024-09-24,9328
00688L,國泰20年美債正2,9,0,9,華南永昌-潮州,2024-09-24,9328
00927,群益半導體收益,9,0,9,華南永昌-潮州,2024-09-24,9328
2461,光群雷,8,0,8,華南永昌-潮州,2024-09-24,9328
5285,界霖,8,0,8,華南永昌-潮州,2024-09-24,9328
2201,裕隆,9,1,8,華南永昌-潮州,2024-09-24,9328
00946,群益科技高息成長,7,0,7,華南永昌-潮州,2024-09-24,9328
8027,鈦昇,8,1,7,華南永昌-潮州,2024-09-24,9328
00897,富邦基因免疫生技,7,0,7,華南永昌-潮州,2024-09-24,9328
2881,富邦金,10,3,7,華南永昌-潮州,2024-09-24,9328
3003,健和興,7,0,7,華南永昌-潮州,2024-09-24,9328
2408,南亞科,7,1,6,華南永昌-潮州,2024-09-24,9328
00958B,永豐ESG銀行債15,105,20,85,華南永昌-潮州,2024-09-25,9328
00665L,富邦�琤肭磪囓�2,82,3,79,華南永昌-潮州,2024-09-25,9328
5498,凱崴,78,0,78,華南永昌-潮州,2024-09-25,9328
2344,華邦電,62,4,58,華南永昌-潮州,2024-09-25,9328
00882,中信中國高股息,47,0,47,華南永昌-潮州,2024-09-25,9328
00929,復華台灣科技優息,69,24,45,華南永昌-潮州,2024-09-25,9328
00706L,期元大S＆P日圓正2,40,0,40,華南永昌-潮州,2024-09-25,9328
8074,鉅橡,40,0,40,華南永昌-潮州,2024-09-25,9328
1808,潤隆,51,12,39,華南永昌-潮州,2024-09-25,9328
3062,建漢,45,12,33,華南永昌-潮州,2024-09-25,9328
4720,德淵,32,0,32,華南永昌-潮州,2024-09-25,9328
8927,北基,31,2,29,華南永昌-潮州,2024-09-25,9328
3714,富采,28,0,28,華南永昌-潮州,2024-09-25,9328
2891,中信金,35,7,28,華南永昌-潮州,2024-09-25,9328
00680L,元大美債20正2,22,0,22,華南永昌-潮州,2024-09-25,9328
4903,聯光通,39,17,22,華南永昌-潮州,2024-09-25,9328
6505,台塑化,17,0,17,華南永昌-潮州,2024-09-25,9328
2331,精英,20,4,16,華南永昌-潮州,2024-09-25,9328
2477,美隆電,17,1,16,華南永昌-潮州,2024-09-25,9328
2314,台揚,16,1,15,華南永昌-潮州,2024-09-25,9328
8070,長華*,21,7,14,華南永昌-潮州,2024-09-25,9328
00753L,中信中國50正2,32,20,12,華南永昌-潮州,2024-09-25,9328
2618,長榮航,13,1,12,華南永昌-潮州,2024-09-25,9328
00687B,國泰20年美債,33,22,11,華南永昌-潮州,2024-09-25,9328
00960,野村全球航運龍頭,18,7,11,華南永昌-潮州,2024-09-25,9328
2337,旺宏,13,2,11,華南永昌-潮州,2024-09-25,9328
4714,永捷,11,0,11,華南永昌-潮州,2024-09-25,9328
6548,長科*,11,0,11,華南永昌-潮州,2024-09-25,9328
2228,劍麟,11,1,10,華南永昌-潮州,2024-09-25,9328
00932,兆豐永續高息等權,10,0,10,華南永昌-潮州,2024-09-25,9328
00942B,台新美A公司債20+,10,0,10,華南永昌-潮州,2024-09-25,9328
3149,正達,23,13,10,華南永昌-潮州,2024-09-25,9328
3306,鼎天,10,0,10,華南永昌-潮州,2024-09-25,9328
4442,竣邦-KY,10,0,10,華南永昌-潮州,2024-09-25,9328
5210,寶碩,10,0,10,華南永昌-潮州,2024-09-25,9328
2356,英業達,16,7,9,華南永昌-潮州,2024-09-25,9328
2641,正德,11,2,9,華南永昌-潮州,2024-09-25,9328
6235,華孚,10,1,9,華南永昌-潮州,2024-09-25,9328
2313,華通,10,2,8,華南永昌-潮州,2024-09-25,9328
4735,豪展,8,0,8,華南永昌-潮州,2024-09-25,9328
8076,伍豐,8,0,8,華南永昌-潮州,2024-09-25,9328
2388,威盛,10,2,8,華南永昌-潮州,2024-09-25,9328
5452,佶優,10,3,7,華南永昌-潮州,2024-09-25,9328
6148,驊宏資,9,2,7,華南永昌-潮州,2024-09-25,9328
00795B,中信美國公債20年,6,0,6,華南永昌-潮州,2024-09-25,9328
8038,長園科,6,0,6,華南永昌-潮州,2024-09-25,9328
00881,國泰台灣5G+,5,0,5,華南永昌-潮州,2024-09-25,9328
1319,東陽,5,0,5,華南永昌-潮州,2024-09-25,9328
2481,強茂,11,6,5,華南永昌-潮州,2024-09-25,9328
2495,普安,5,0,5,華南永昌-潮州,2024-09-25,9328
2606,裕民,200,0,200,華南永昌-潮州,2024-09-26,9328
2913,農林,100,0,100,華南永昌-潮州,2024-09-26,9328
00942B,台新美A公司債20+,70,0,70,華南永昌-潮州,2024-09-26,9328
3322,建舜電,52,0,52,華南永昌-潮州,2024-09-26,9328
2331,精英,51,0,51,華南永昌-潮州,2024-09-26,9328
2883,凱基金,48,1,47,華南永昌-潮州,2024-09-26,9328
00715L,期街口布蘭特正2,58,13,45,華南永昌-潮州,2024-09-26,9328
00679B,元大美債20年,40,0,40,華南永昌-潮州,2024-09-26,9328
3003,健和興,37,0,37,華南永昌-潮州,2024-09-26,9328
00687B,國泰20年美債,35,2,33,華南永昌-潮州,2024-09-26,9328
00960,野村全球航運龍頭,105,75,30,華南永昌-潮州,2024-09-26,9328
5483,中美晶,31,1,30,華南永昌-潮州,2024-09-26,9328
8039,台虹,24,1,23,華南永昌-潮州,2024-09-26,9328
2312,金寶,30,7,23,華南永昌-潮州,2024-09-26,9328
3062,建漢,31,8,23,華南永昌-潮州,2024-09-26,9328
3498,陽程,23,0,23,華南永昌-潮州,2024-09-26,9328
8105,凌巨,21,0,21,華南永昌-潮州,2024-09-26,9328
2399,映泰,26,5,21,華南永昌-潮州,2024-09-26,9328
8112,至上,21,1,20,華南永昌-潮州,2024-09-26,9328
1316,上曜,20,0,20,華南永昌-潮州,2024-09-26,9328
3705,永信,20,0,20,華南永昌-潮州,2024-09-26,9328
00712,復華富時不動產,20,0,20,華南永昌-潮州,2024-09-26,9328
2408,南亞科,26,9,17,華南永昌-潮州,2024-09-26,9328
00919,群益台灣精選高息,24,8,16,華南永昌-潮州,2024-09-26,9328
2497,怡利電,16,0,16,華南永昌-潮州,2024-09-26,9328
00948B,中信優息投資級債,15,0,15,華南永昌-潮州,2024-09-26,9328
6285,啟��,15,0,15,華南永昌-潮州,2024-09-26,9328
3047,訊舟,16,1,15,華南永昌-潮州,2024-09-26,9328
1708,東鹼,80,66,14,華南永昌-潮州,2024-09-26,9328
3030,德律,14,0,14,華南永昌-潮州,2024-09-26,9328
00918,大華優利高填息30,13,0,13,華南永昌-潮州,2024-09-26,9328
3033,威健,13,0,13,華南永昌-潮州,2024-09-26,9328
2367,燿華,15,3,12,華南永昌-潮州,2024-09-26,9328
4956,光鋐,12,0,12,華南永昌-潮州,2024-09-26,9328
6189,豐藝,12,0,12,華南永昌-潮州,2024-09-26,9328
00642U,期元大S＆P石油,11,0,11,華南永昌-潮州,2024-09-26,9328
2498,宏達電,21,10,11,華南永昌-潮州,2024-09-26,9328
3714,富采,11,0,11,華南永昌-潮州,2024-09-26,9328
4903,聯光通,19,8,11,華南永昌-潮州,2024-09-26,9328
00932,兆豐永續高息等權,10,0,10,華南永昌-潮州,2024-09-26,9328
00950B,凱基A級公司債,10,0,10,華南永昌-潮州,2024-09-26,9328
1434,福懋,10,0,10,華南永昌-潮州,2024-09-26,9328
2492,華新科,11,1,10,華南永昌-潮州,2024-09-26,9328
2880,華南金,15,5,10,華南永昌-潮州,2024-09-26,9328
3031,佰鴻,10,0,10,華南永昌-潮州,2024-09-26,9328
6431,光麗-KY,10,0,10,華南永昌-潮州,2024-09-26,9328
6743,安普新,10,0,10,華南永昌-潮州,2024-09-26,9328
8011,台通,12,3,9,華南永昌-潮州,2024-09-26,9328
1514,亞力,11,2,9,華南永昌-潮州,2024-09-26,9328
9955,佳龍,9,0,9,華南永昌-潮州,2024-09-26,9328
2891,中信金,69,1,68,華南永昌-潮州,2024-09-27,9328
00687B,國泰20年美債,63,4,59,華南永昌-潮州,2024-09-27,9328
8261,富鼎,54,0,54,華南永昌-潮州,2024-09-27,9328
2399,映泰,73,21,52,華南永昌-潮州,2024-09-27,9328
2312,金寶,56,6,50,華南永昌-潮州,2024-09-27,9328
00960,野村全球航運龍頭,56,9,47,華南永昌-潮州,2024-09-27,9328
00942B,台新美A公司債20+,51,5,46,華南永昌-潮州,2024-09-27,9328
4720,德淵,44,0,44,華南永昌-潮州,2024-09-27,9328
00655L,國泰中國A50正2,34,0,34,華南永昌-潮州,2024-09-27,9328
00712,復華富時不動產,34,1,33,華南永昌-潮州,2024-09-27,9328
6405,悅城,38,8,30,華南永昌-潮州,2024-09-27,9328
2020,美亞,30,0,30,華南永昌-潮州,2024-09-27,9328
00937B,群益ESG投等債20,63,35,28,華南永昌-潮州,2024-09-27,9328
6116,彩晶,31,5,26,華南永昌-潮州,2024-09-27,9328
00940,元大台灣價值高息,111,87,24,華南永昌-潮州,2024-09-27,9328
5608,四維航,26,3,23,華南永昌-潮州,2024-09-27,9328
3265,台星科,23,0,23,華南永昌-潮州,2024-09-27,9328
00878,國泰永續高股息,79,57,22,華南永昌-潮州,2024-09-27,9328
2886,兆豐金,22,1,21,華南永昌-潮州,2024-09-27,9328
1313,聯成,23,3,20,華南永昌-潮州,2024-09-27,9328
2363,矽統,77,61,16,華南永昌-潮州,2024-09-27,9328
00715L,期街口布蘭特正2,15,0,15,華南永昌-潮州,2024-09-27,9328
2022,聚亨,35,20,15,華南永昌-潮州,2024-09-27,9328
3550,聯穎,24,10,14,華南永昌-潮州,2024-09-27,9328
4714,永捷,15,1,14,華南永昌-潮州,2024-09-27,9328
8011,台通,15,2,13,華南永昌-潮州,2024-09-27,9328
00680L,元大美債20正2,13,0,13,華南永昌-潮州,2024-09-27,9328
6873,泓德能源,18,6,12,華南永昌-潮州,2024-09-27,9328
00725B,國泰投資級公司債,12,0,12,華南永昌-潮州,2024-09-27,9328
2313,華通,14,2,12,華南永昌-潮州,2024-09-27,9328
2436,偉詮電,13,1,12,華南永昌-潮州,2024-09-27,9328
8111,立��,39,27,12,華南永昌-潮州,2024-09-27,9328
2464,盟立,15,4,11,華南永昌-潮州,2024-09-27,9328
1319,東陽,11,0,11,華南永昌-潮州,2024-09-27,9328
2010,春源,11,0,11,華南永昌-潮州,2024-09-27,9328
4542,科嶠,17,6,11,華南永昌-潮州,2024-09-27,9328
5452,佶優,12,1,11,華南永昌-潮州,2024-09-27,9328
8277,商丞,11,0,11,華南永昌-潮州,2024-09-27,9328
00877,復華中國5G,10,0,10,華南永昌-潮州,2024-09-27,9328
00632R,元大台灣50反1,10,0,10,華南永昌-潮州,2024-09-27,9328
00706L,期元大S＆P日圓正2,10,0,10,華南永昌-潮州,2024-09-27,9328
2356,英業達,12,2,10,華南永昌-潮州,2024-09-27,9328
2542,興富發,18,8,10,華南永昌-潮州,2024-09-27,9328
2888,新光金,10,0,10,華南永昌-潮州,2024-09-27,9328
3312,弘憶股,11,1,10,華南永昌-潮州,2024-09-27,9328
3498,陽程,24,14,10,華南永昌-潮州,2024-09-27,9328
4716,大立,16,6,10,華南永昌-潮州,2024-09-27,9328
5388,中磊,10,0,10,華南永昌-潮州,2024-09-27,9328
6015,宏遠證,10,0,10,華南永昌-潮州,2024-09-27,9328
8071,能率網通,10,0,10,華南永昌-潮州,2024-09-27,9328
00919,群益台灣精選高息,126,18,108,華南永昌-潮州,2024-09-30,9328
00688L,國泰20年美債正2,98,0,98,華南永昌-潮州,2024-09-30,9328
00637L,元大滬深300正2,106,17,89,華南永昌-潮州,2024-09-30,9328
00632R,元大台灣50反1,75,13,62,華南永昌-潮州,2024-09-30,9328
00929,復華台灣科技優息,66,9,57,華南永昌-潮州,2024-09-30,9328
00753L,中信中國50正2,75,24,51,華南永昌-潮州,2024-09-30,9328
2323,中環,50,0,50,華南永昌-潮州,2024-09-30,9328
3062,建漢,50,0,50,華南永昌-潮州,2024-09-30,9328
00878,國泰永續高股息,44,0,44,華南永昌-潮州,2024-09-30,9328
2609,陽明,109,73,36,華南永昌-潮州,2024-09-30,9328
00937B,群益ESG投等債20,35,2,33,華南永昌-潮州,2024-09-30,9328
2485,兆赫,32,0,32,華南永昌-潮州,2024-09-30,9328
1565,精華,30,0,30,華南永昌-潮州,2024-09-30,9328
8440,綠電,26,0,26,華南永昌-潮州,2024-09-30,9328
2605,新興,43,17,26,華南永昌-潮州,2024-09-30,9328
6405,悅城,27,2,25,華南永昌-潮州,2024-09-30,9328
3149,正達,27,3,24,華南永昌-潮州,2024-09-30,9328
00936,台新永續高息中小,20,0,20,華南永昌-潮州,2024-09-30,9328
00887,永豐中國科技50大,20,0,20,華南永昌-潮州,2024-09-30,9328
00706L,期元大S＆P日圓正2,20,0,20,華南永昌-潮州,2024-09-30,9328
00942B,台新美A公司債20+,20,0,20,華南永昌-潮州,2024-09-30,9328
00948B,中信優息投資級債,20,0,20,華南永昌-潮州,2024-09-30,9328
3605,宏致,20,0,20,華南永昌-潮州,2024-09-30,9328
00905,FT臺灣Smart,25,8,17,華南永昌-潮州,2024-09-30,9328
2601,益航,22,5,17,華南永昌-潮州,2024-09-30,9328
00651R,復華香港反1,15,0,15,華南永昌-潮州,2024-09-30,9328
2330,台積電,15,0,15,華南永昌-潮州,2024-09-30,9328
2002,中鋼,58,45,13,華南永昌-潮州,2024-09-30,9328
2353,宏��,17,3,14,華南永昌-潮州,2024-09-30,9328
2303,聯電,13,0,13,華南永昌-潮州,2024-09-30,9328
2030,彰源,13,0,13,華南永昌-潮州,2024-09-30,9328
8096,擎亞,13,0,13,華南永昌-潮州,2024-09-30,9328
00915,凱基優選高股息30,13,0,13,華南永昌-潮州,2024-09-30,9328
0056,元大高股息,15,2,13,華南永昌-潮州,2024-09-30,9328
2882,國泰金,12,0,12,華南永昌-潮州,2024-09-30,9328
1524,耿鼎,12,0,12,華南永昌-潮州,2024-09-30,9328
1808,潤隆,12,0,12,華南永昌-潮州,2024-09-30,9328
2356,英業達,13,2,11,華南永昌-潮州,2024-09-30,9328
3231,緯創,11,0,11,華南永昌-潮州,2024-09-30,9328
3339,泰谷,19,8,11,華南永昌-潮州,2024-09-30,9328
4956,光鋐,11,0,11,華南永昌-潮州,2024-09-30,9328
00918,大華優利高填息30,14,4,10,華南永昌-潮州,2024-09-30,9328
2617,台航,11,1,10,華南永昌-潮州,2024-09-30,9328
00738U,期元大道瓊白銀,10,0,10,華南永昌-潮州,2024-09-30,9328
00725B,國泰投資級公司債,10,0,10,華南永昌-潮州,2024-09-30,9328
1434,福懋,10,0,10,華南永昌-潮州,2024-09-30,9328
2312,金寶,16,6,10,華南永昌-潮州,2024-09-30,9328
3380,明泰,10,0,10,華南永昌-潮州,2024-09-30,9328
5011,久陽,10,0,10,華南永昌-潮州,2024-09-30,9328
2449,京元電子,13,3,10,華南永昌-潮州,2024-09-30,9328
00919,群益台灣精選高息,138,5,133,華南永昌-潮州,2024-10-01,9328
1569,濱川,152,62,90,華南永昌-潮州,2024-10-01,9328
2605,新興,71,0,71,華南永昌-潮州,2024-10-01,9328
00929,復華台灣科技優息,59,0,59,華南永昌-潮州,2024-10-01,9328
2344,華邦電,45,0,45,華南永昌-潮州,2024-10-01,9328
00753L,中信中國50正2,61,26,35,華南永昌-潮州,2024-10-01,9328
8097,常珵,31,1,30,華南永昌-潮州,2024-10-01,9328
00937B,群益ESG投等債20,38,9,29,華南永昌-潮州,2024-10-01,9328
00715L,期街口布蘭特正2,25,0,25,華南永昌-潮州,2024-10-01,9328
00939,統一台灣高息動能,25,0,25,華南永昌-潮州,2024-10-01,9328
3540,曜越,23,0,23,華南永昌-潮州,2024-10-01,9328
0056,元大高股息,31,8,23,華南永昌-潮州,2024-10-01,9328
3715,定穎投控,25,3,22,華南永昌-潮州,2024-10-01,9328
2867,三商壽,21,0,21,華南永昌-潮州,2024-10-01,9328
2888,新光金,22,2,20,華南永昌-潮州,2024-10-01,9328
6116,彩晶,20,0,20,華南永昌-潮州,2024-10-01,9328
00905,FT臺灣Smart,20,0,20,華南永昌-潮州,2024-10-01,9328
1314,中石化,20,1,19,華南永昌-潮州,2024-10-01,9328
4417,金洲,15,0,15,華南永昌-潮州,2024-10-01,9328
6609,瀧澤科,15,0,15,華南永昌-潮州,2024-10-01,9328
1101,台泥,15,0,15,華南永昌-潮州,2024-10-01,9328
00882,中信中國高股息,26,12,14,華南永昌-潮州,2024-10-01,9328
1605,華新,13,0,13,華南永昌-潮州,2024-10-01,9328
911622,泰聚亨-DR,13,0,13,華南永昌-潮州,2024-10-01,9328
2317,鴻海,12,0,12,華南永昌-潮州,2024-10-01,9328
00752,中信中國50,12,0,12,華南永昌-潮州,2024-10-01,9328
4563,百德,17,5,12,華南永昌-潮州,2024-10-01,9328
6425,易發,18,6,12,華南永昌-潮州,2024-10-01,9328
2615,萬海,72,61,11,華南永昌-潮州,2024-10-01,9328
8039,台虹,11,1,10,華南永昌-潮州,2024-10-01,9328
1305,華夏,10,0,10,華南永昌-潮州,2024-10-01,9328
2231,為升,10,0,10,華南永昌-潮州,2024-10-01,9328
2645,長榮航太,10,0,10,華南永昌-潮州,2024-10-01,9328
2882,國泰金,10,0,10,華南永昌-潮州,2024-10-01,9328
3030,德律,10,0,10,華南永昌-潮州,2024-10-01,9328
6151,晉倫,10,0,10,華南永昌-潮州,2024-10-01,9328
6491,晶碩,10,0,10,華南永昌-潮州,2024-10-01,9328
1802,台玻,12,3,9,華南永昌-潮州,2024-10-01,9328
3550,聯穎,8,0,8,華南永昌-潮州,2024-10-01,9328
3037,欣興,7,0,7,華南永昌-潮州,2024-10-01,9328
2881,富邦金,8,1,7,華南永昌-潮州,2024-10-01,9328
8249,菱光,7,0,7,華南永昌-潮州,2024-10-01,9328
2312,金寶,15,9,6,華南永昌-潮州,2024-10-01,9328
2641,正德,16,10,6,華南永昌-潮州,2024-10-01,9328
00687B,國泰20年美債,11,5,6,華南永昌-潮州,2024-10-01,9328
2880,華南金,5,0,5,華南永昌-潮州,2024-10-01,9328
2406,國碩,8,3,5,華南永昌-潮州,2024-10-01,9328
2363,矽統,23,18,5,華南永昌-潮州,2024-10-01,9328
3588,通嘉,5,0,5,華南永昌-潮州,2024-10-01,9328
00665L,富邦�琤肭磪囓�2,5,0,5,華南永昌-潮州,2024-10-01,9328
2883,凱基金,302,64,238,華南永昌-潮州,2024-10-04,9328
00929,復華台灣科技優息,195,2,193,華南永昌-潮州,2024-10-04,9328
00919,群益台灣精選高息,160,2,158,華南永昌-潮州,2024-10-04,9328
00878,國泰永續高股息,81,0,81,華南永昌-潮州,2024-10-04,9328
2609,陽明,90,14,76,華南永昌-潮州,2024-10-04,9328
2399,映泰,120,60,60,華南永昌-潮州,2024-10-04,9328
4526,東台,249,197,52,華南永昌-潮州,2024-10-04,9328
00887,永豐中國科技50大,58,7,51,華南永昌-潮州,2024-10-04,9328
5483,中美晶,50,0,50,華南永昌-潮州,2024-10-04,9328
00680L,元大美債20正2,51,1,50,華南永昌-潮州,2024-10-04,9328
2605,新興,43,6,37,華南永昌-潮州,2024-10-04,9328
1785,光洋科,38,3,35,華南永昌-潮州,2024-10-04,9328
5230,雷笛克光學,35,0,35,華南永昌-潮州,2024-10-04,9328
2303,聯電,36,2,34,華南永昌-潮州,2024-10-04,9328
4915,致伸,46,15,31,華南永昌-潮州,2024-10-04,9328
00918,大華優利高填息30,36,7,29,華南永昌-潮州,2024-10-04,9328
2615,萬海,34,6,28,華南永昌-潮州,2024-10-04,9328
2353,宏��,27,1,26,華南永昌-潮州,2024-10-04,9328
00673R,期元大S＆P原油反1,25,0,25,華南永昌-潮州,2024-10-04,9328
00937B,群益ESG投等債20,23,0,23,華南永昌-潮州,2024-10-04,9328
2613,中櫃,23,0,23,華南永昌-潮州,2024-10-04,9328
2426,鼎元,19,0,19,華南永昌-潮州,2024-10-04,9328
0056,元大高股息,23,4,19,華南永昌-潮州,2024-10-04,9328
2617,台航,18,0,18,華南永昌-潮州,2024-10-04,9328
3017,奇鋐,24,6,18,華南永昌-潮州,2024-10-04,9328
00940,元大台灣價值高息,52,35,17,華南永昌-潮州,2024-10-04,9328
3032,偉訓,18,1,17,華南永昌-潮州,2024-10-04,9328
00712,復華富時不動產,16,0,16,華南永昌-潮州,2024-10-04,9328
00679B,元大美債20年,16,0,16,華南永昌-潮州,2024-10-04,9328
2610,華航,16,0,16,華南永昌-潮州,2024-10-04,9328
4711,永純,16,0,16,華南永昌-潮州,2024-10-04,9328
8249,菱光,16,0,16,華南永昌-潮州,2024-10-04,9328
00939,統一台灣高息動能,15,0,15,華南永昌-潮州,2024-10-04,9328
2618,長榮航,16,1,15,華南永昌-潮州,2024-10-04,9328
00651R,復華香港反1,15,0,15,華南永昌-潮州,2024-10-04,9328
4707,磐亞,15,0,15,華南永昌-潮州,2024-10-04,9328
00932,兆豐永續高息等權,14,0,14,華南永昌-潮州,2024-10-04,9328
2603,長榮,15,2,13,華南永昌-潮州,2024-10-04,9328
1513,中興電,13,0,13,華南永昌-潮州,2024-10-04,9328
6231,系微,20,7,13,華南永昌-潮州,2024-10-04,9328
2344,華邦電,13,0,13,華南永昌-潮州,2024-10-04,9328
6116,彩晶,13,2,11,華南永昌-潮州,2024-10-04,9328
00960,野村全球航運龍頭,11,0,11,華南永昌-潮州,2024-10-04,9328
8105,凌巨,11,0,11,華南永昌-潮州,2024-10-04,9328
2882,國泰金,11,0,11,華南永昌-潮州,2024-10-04,9328
00931B,統一美債20年,10,0,10,華南永昌-潮州,2024-10-04,9328
1609,大亞,10,0,10,華南永昌-潮州,2024-10-04,9328
00905,FT臺灣Smart,10,0,10,華南永昌-潮州,2024-10-04,9328
00688L,國泰20年美債正2,10,0,10,華南永昌-潮州,2024-10-04,9328
00738U,期元大道瓊白銀,10,0,10,華南永昌-潮州,2024-10-04,9328
00753L,中信中國50正2,216,103,113,華南永昌-潮州,2024-10-07,9328
3049,精金,97,16,81,華南永昌-潮州,2024-10-07,9328
00919,群益台灣精選高息,89,34,55,華南永昌-潮州,2024-10-07,9328
6770,力積電,55,0,55,華南永昌-潮州,2024-10-07,9328
6118,建達,53,2,51,華南永昌-潮州,2024-10-07,9328
3550,聯穎,43,0,43,華南永昌-潮州,2024-10-07,9328
00937B,群益ESG投等債20,60,22,38,華南永昌-潮州,2024-10-07,9328
0056,元大高股息,47,12,35,華南永昌-潮州,2024-10-07,9328
5483,中美晶,35,0,35,華南永昌-潮州,2024-10-07,9328
00878,國泰永續高股息,36,5,31,華南永昌-潮州,2024-10-07,9328
1314,中石化,57,26,31,華南永昌-潮州,2024-10-07,9328
00680L,元大美債20正2,45,18,27,華南永昌-潮州,2024-10-07,9328
5213,亞昕,28,1,27,華南永昌-潮州,2024-10-07,9328
00688L,國泰20年美債正2,26,0,26,華南永昌-潮州,2024-10-07,9328
3374,精材,29,6,23,華南永昌-潮州,2024-10-07,9328
2371,大同,21,0,21,華南永昌-潮州,2024-10-07,9328
00706L,期元大S＆P日圓正2,20,0,20,華南永昌-潮州,2024-10-07,9328
6216,居易,20,0,20,華南永昌-潮州,2024-10-07,9328
1815,富喬,38,18,20,華南永昌-潮州,2024-10-07,9328
1802,台玻,22,4,18,華南永昌-潮州,2024-10-07,9328
00639,富邦深100,17,0,17,華南永昌-潮州,2024-10-07,9328
911622,泰聚亨-DR,17,0,17,華南永昌-潮州,2024-10-07,9328
2399,映泰,23,6,17,華南永昌-潮州,2024-10-07,9328
00915,凱基優選高股息30,19,2,17,華南永昌-潮州,2024-10-07,9328
2603,長榮,17,2,15,華南永昌-潮州,2024-10-07,9328
2356,英業達,15,0,15,華南永昌-潮州,2024-10-07,9328
2887,台新金,15,0,15,華南永昌-潮州,2024-10-07,9328
2615,萬海,42,28,14,華南永昌-潮州,2024-10-07,9328
2353,宏��,17,4,13,華南永昌-潮州,2024-10-07,9328
2344,華邦電,14,1,13,華南永昌-潮州,2024-10-07,9328
8039,台虹,12,0,12,華南永昌-潮州,2024-10-07,9328
3037,欣興,13,2,11,華南永昌-潮州,2024-10-07,9328
5608,四維航,11,0,11,華南永昌-潮州,2024-10-07,9328
1605,華新,12,2,10,華南永昌-潮州,2024-10-07,9328
3704,合勤控,11,1,10,華南永昌-潮州,2024-10-07,9328
6411,晶焱,10,0,10,華南永昌-潮州,2024-10-07,9328
2014,中鴻,9,0,9,華南永昌-潮州,2024-10-07,9328
8261,富鼎,9,0,9,華南永昌-潮州,2024-10-07,9328
2891,中信金,11,2,9,華南永昌-潮州,2024-10-07,9328
2317,鴻海,24,16,8,華南永昌-潮州,2024-10-07,9328
00960,野村全球航運龍頭,9,1,8,華南永昌-潮州,2024-10-07,9328
3591,艾笛森,13,5,8,華南永昌-潮州,2024-10-07,9328
8104,錸寶,13,5,8,華南永昌-潮州,2024-10-07,9328
1304,台聚,8,0,8,華南永昌-潮州,2024-10-07,9328
00946,群益科技高息成長,8,0,8,華南永昌-潮州,2024-10-07,9328
00764B,群益25年美債,7,0,7,華南永昌-潮州,2024-10-07,9328
00637L,元大滬深300正2,23,16,7,華南永昌-潮州,2024-10-07,9328
00665L,富邦�琤肭磪囓�2,50,43,7,華南永昌-潮州,2024-10-07,9328
2331,精英,10,3,7,華南永昌-潮州,2024-10-07,9328
2601,益航,18,11,7,華南永昌-潮州,2024-10-07,9328
1584,精剛,143,0,143,華南永昌-潮州,2024-10-08,9328
00877,復華中國5G,140,10,130,華南永昌-潮州,2024-10-08,9328
00934,中信成長高股息,103,3,100,華南永昌-潮州,2024-10-08,9328
00940,元大台灣價值高息,94,0,94,華南永昌-潮州,2024-10-08,9328
2634,漢翔,90,0,90,華南永昌-潮州,2024-10-08,9328
3049,精金,134,53,81,華南永昌-潮州,2024-10-08,9328
00919,群益台灣精選高息,76,0,76,華南永昌-潮州,2024-10-08,9328
00905,FT臺灣Smart,76,20,56,華南永昌-潮州,2024-10-08,9328
00929,復華台灣科技優息,76,22,54,華南永昌-潮州,2024-10-08,9328
00882,中信中國高股息,127,74,53,華南永昌-潮州,2024-10-08,9328
4526,東台,50,0,50,華南永昌-潮州,2024-10-08,9328
00937B,群益ESG投等債20,52,3,49,華南永昌-潮州,2024-10-08,9328
1314,中石化,50,2,48,華南永昌-潮州,2024-10-08,9328
00887,永豐中國科技50大,177,132,45,華南永昌-潮州,2024-10-08,9328
00665L,富邦�琤肭磪囓�2,63,21,42,華南永昌-潮州,2024-10-08,9328
3149,正達,62,25,37,華南永昌-潮州,2024-10-08,9328
2923,鼎固-KY,36,0,36,華南永昌-潮州,2024-10-08,9328
00878,國泰永續高股息,33,0,33,華南永昌-潮州,2024-10-08,9328
00680L,元大美債20正2,52,20,32,華南永昌-潮州,2024-10-08,9328
2610,華航,30,0,30,華南永昌-潮州,2024-10-08,9328
2353,宏��,30,2,28,華南永昌-潮州,2024-10-08,9328
00918,大華優利高填息30,28,1,27,華南永昌-潮州,2024-10-08,9328
1569,濱川,26,0,26,華南永昌-潮州,2024-10-08,9328
5483,中美晶,25,0,25,華南永昌-潮州,2024-10-08,9328
5213,亞昕,25,0,25,華南永昌-潮州,2024-10-08,9328
8112,至上,25,0,25,華南永昌-潮州,2024-10-08,9328
00752,中信中國50,24,0,24,華南永昌-潮州,2024-10-08,9328
3037,欣興,24,0,24,華南永昌-潮州,2024-10-08,9328
3481,群創,35,15,20,華南永昌-潮州,2024-10-08,9328
00942B,台新美A公司債20+,20,0,20,華南永昌-潮州,2024-10-08,9328
2617,台航,20,0,20,華南永昌-潮州,2024-10-08,9328
2882,國泰金,40,20,20,華南永昌-潮州,2024-10-08,9328
2887,台新金,20,0,20,華南永昌-潮州,2024-10-08,9328
3705,永信,20,0,20,華南永昌-潮州,2024-10-08,9328
2356,英業達,20,2,18,華南永昌-潮州,2024-10-08,9328
2486,一詮,25,7,18,華南永昌-潮州,2024-10-08,9328
2330,台積電,22,6,16,華南永昌-潮州,2024-10-08,9328
00795B,中信美國公債20年,16,0,16,華南永昌-潮州,2024-10-08,9328
1815,富喬,18,2,16,華南永昌-潮州,2024-10-08,9328
00712,復華富時不動產,15,0,15,華南永昌-潮州,2024-10-08,9328
2365,昆盈,17,3,14,華南永昌-潮州,2024-10-08,9328
3062,建漢,14,0,14,華南永昌-潮州,2024-10-08,9328
2436,偉詮電,17,4,13,華南永昌-潮州,2024-10-08,9328
5880,合庫金,13,0,13,華南永昌-潮州,2024-10-08,9328
1727,中華化,14,2,12,華南永昌-潮州,2024-10-08,9328
2344,華邦電,13,1,12,華南永昌-潮州,2024-10-08,9328
4903,聯光通,16,4,12,華南永昌-潮州,2024-10-08,9328
00655L,國泰中國A50正2,11,0,11,華南永昌-潮州,2024-10-08,9328
1513,中興電,14,3,11,華南永昌-潮州,2024-10-08,9328
2543,皇昌,13,2,11,華南永昌-潮州,2024-10-08,9328
2883,凱基金,1444,0,1444,華南永昌-潮州,2024-10-09,9328
00919,群益台灣精選高息,130,1,129,華南永昌-潮州,2024-10-09,9328
2399,映泰,132,30,102,華南永昌-潮州,2024-10-09,9328
1314,中石化,94,4,90,華南永昌-潮州,2024-10-09,9328
00915,凱基優選高股息30,87,0,87,華南永昌-潮州,2024-10-09,9328
00753L,中信中國50正2,158,77,81,華南永昌-潮州,2024-10-09,9328
00655L,國泰中國A50正2,60,0,60,華南永昌-潮州,2024-10-09,9328
4167,松瑞藥,49,0,49,華南永昌-潮州,2024-10-09,9328
3209,全科,78,32,46,華南永昌-潮州,2024-10-09,9328
00680L,元大美債20正2,45,0,45,華南永昌-潮州,2024-10-09,9328
4541,晟田,40,0,40,華南永昌-潮州,2024-10-09,9328
00687B,國泰20年美債,39,0,39,華南永昌-潮州,2024-10-09,9328
2303,聯電,37,2,35,華南永昌-潮州,2024-10-09,9328
2014,中鴻,35,2,33,華南永昌-潮州,2024-10-09,9328
00943,兆豐電子高息等權,33,1,32,華南永昌-潮州,2024-10-09,9328
0056,元大高股息,31,6,25,華南永昌-潮州,2024-10-09,9328
8927,北基,26,1,25,華南永昌-潮州,2024-10-09,9328
00905,FT臺灣Smart,25,0,25,華南永昌-潮州,2024-10-09,9328
00632R,元大台灣50反1,43,19,24,華南永昌-潮州,2024-10-09,9328
1584,精剛,24,0,24,華南永昌-潮州,2024-10-09,9328
2601,益航,34,10,24,華南永昌-潮州,2024-10-09,9328
5347,世界,33,10,23,華南永昌-潮州,2024-10-09,9328
00929,復華台灣科技優息,26,4,22,華南永昌-潮州,2024-10-09,9328
2002,中鋼,28,6,22,華南永昌-潮州,2024-10-09,9328
5531,鄉林,21,0,21,華南永昌-潮州,2024-10-09,9328
00878,國泰永續高股息,24,3,21,華南永昌-潮州,2024-10-09,9328
00948B,中信優息投資級債,20,0,20,華南永昌-潮州,2024-10-09,9328
00665L,富邦�琤肭磪囓�2,25,6,19,華南永昌-潮州,2024-10-09,9328
3591,艾笛森,23,4,19,華南永昌-潮州,2024-10-09,9328
1304,台聚,26,7,19,華南永昌-潮州,2024-10-09,9328
00715L,期街口布蘭特正2,19,1,18,華南永昌-潮州,2024-10-09,9328
2489,瑞軒,21,4,17,華南永昌-潮州,2024-10-09,9328
2486,一詮,31,14,17,華南永昌-潮州,2024-10-09,9328
1569,濱川,20,4,16,華南永昌-潮州,2024-10-09,9328
2464,盟立,25,9,16,華南永昌-潮州,2024-10-09,9328
2363,矽統,73,58,15,華南永昌-潮州,2024-10-09,9328
2402,毅嘉,26,12,14,華南永昌-潮州,2024-10-09,9328
6116,彩晶,15,1,14,華南永昌-潮州,2024-10-09,9328
00679B,元大美債20年,33,20,13,華南永昌-潮州,2024-10-09,9328
1785,光洋科,13,0,13,華南永昌-潮州,2024-10-09,9328
2408,南亞科,16,3,13,華南永昌-潮州,2024-10-09,9328
1605,華新,14,2,12,華南永昌-潮州,2024-10-09,9328
2634,漢翔,12,0,12,華南永昌-潮州,2024-10-09,9328
6284,佳邦,12,0,12,華南永昌-潮州,2024-10-09,9328
8033,雷虎,12,0,12,華南永昌-潮州,2024-10-09,9328
6770,力積電,11,0,11,華南永昌-潮州,2024-10-09,9328
00725B,國泰投資級公司債,11,0,11,華南永昌-潮州,2024-10-09,9328
1815,富喬,17,6,11,華南永昌-潮州,2024-10-09,9328
2344,華邦電,12,1,11,華南永昌-潮州,2024-10-09,9328
8105,凌巨,11,0,11,華南永昌-潮州,2024-10-09,9328
00753L,中信中國50正2,307,63,244,華南永昌-潮州,2024-10-11,9328
3706,神達,203,2,201,華南永昌-潮州,2024-10-11,9328
00632R,元大台灣50反1,140,0,140,華南永昌-潮州,2024-10-11,9328
2449,京元電子,107,3,104,華南永昌-潮州,2024-10-11,9328
1569,濱川,71,0,71,華南永昌-潮州,2024-10-11,9328
00937B,群益ESG投等債20,84,35,49,華南永昌-潮州,2024-10-11,9328
2609,陽明,52,7,45,華南永昌-潮州,2024-10-11,9328
00680L,元大美債20正2,43,0,43,華南永昌-潮州,2024-10-11,9328
00915,凱基優選高股息30,40,0,40,華南永昌-潮州,2024-10-11,9328
00637L,元大滬深300正2,38,2,36,華南永昌-潮州,2024-10-11,9328
3390,旭軟,33,1,32,華南永昌-潮州,2024-10-11,9328
2892,第一金,31,0,31,華南永昌-潮州,2024-10-11,9328
00679B,元大美債20年,27,1,26,華南永昌-潮州,2024-10-11,9328
00897,富邦基因免疫生技,25,0,25,華南永昌-潮州,2024-10-11,9328
00907,永豐優息存股,24,0,24,華南永昌-潮州,2024-10-11,9328
00922,國泰台灣領袖50,22,0,22,華南永昌-潮州,2024-10-11,9328
3209,全科,24,2,22,華南永昌-潮州,2024-10-11,9328
00656R,國泰中國A50反1,20,0,20,華南永昌-潮州,2024-10-11,9328
2867,三商壽,21,1,20,華南永昌-潮州,2024-10-11,9328
3705,永信,20,0,20,華南永昌-潮州,2024-10-11,9328
6118,建達,20,0,20,華南永昌-潮州,2024-10-11,9328
8105,凌巨,20,0,20,華南永昌-潮州,2024-10-11,9328
8927,北基,20,0,20,華南永昌-潮州,2024-10-11,9328
00919,群益台灣精選高息,27,7,20,華南永昌-潮州,2024-10-11,9328
2426,鼎元,45,28,17,華南永昌-潮州,2024-10-11,9328
1522,堤維西,16,0,16,華南永昌-潮州,2024-10-11,9328
2344,華邦電,15,0,15,華南永昌-潮州,2024-10-11,9328
2408,南亞科,17,3,14,華南永昌-潮州,2024-10-11,9328
3231,緯創,37,24,13,華南永昌-潮州,2024-10-11,9328
1605,華新,14,2,12,華南永昌-潮州,2024-10-11,9328
00918,大華優利高填息30,12,0,12,華南永昌-潮州,2024-10-11,9328
8070,長華*,12,0,12,華南永昌-潮州,2024-10-11,9328
2498,宏達電,14,3,11,華南永昌-潮州,2024-10-11,9328
2388,威盛,19,9,10,華南永昌-潮州,2024-10-11,9328
00948B,中信優息投資級債,11,1,10,華南永昌-潮州,2024-10-11,9328
00673R,期元大S＆P原油反1,10,0,10,華南永昌-潮州,2024-10-11,9328
00720B,元大投資級公司債,10,0,10,華南永昌-潮州,2024-10-11,9328
2605,新興,21,11,10,華南永昌-潮州,2024-10-11,9328
3152,璟德,10,0,10,華南永昌-潮州,2024-10-11,9328
0056,元大高股息,10,0,10,華南永昌-潮州,2024-10-11,9328
1721,三晃,10,1,9,華南永昌-潮州,2024-10-11,9328
2022,聚亨,9,0,9,華南永昌-潮州,2024-10-11,9328
2888,新光金,8,0,8,華南永昌-潮州,2024-10-11,9328
2923,鼎固-KY,8,0,8,華南永昌-潮州,2024-10-11,9328
8028,昇陽半導體,10,2,8,華南永昌-潮州,2024-10-11,9328
4909,新復興,8,0,8,華南永昌-潮州,2024-10-11,9328
5443,均豪,12,5,7,華南永昌-潮州,2024-10-11,9328
6215,和椿,7,0,7,華南永昌-潮州,2024-10-11,9328
6873,泓德能源,8,1,7,華南永昌-潮州,2024-10-11,9328
8089,康全電訊,7,0,7,華南永昌-潮州,2024-10-11,9328
00753L,中信中國50正2,124,4,120,華南永昌-潮州,2024-10-14,9328
1314,中石化,78,3,75,華南永昌-潮州,2024-10-14,9328
8111,立��,100,40,60,華南永昌-潮州,2024-10-14,9328
2884,玉山金,50,1,49,華南永昌-潮州,2024-10-14,9328
2312,金寶,66,25,41,華南永昌-潮州,2024-10-14,9328
2923,鼎固-KY,32,0,32,華南永昌-潮州,2024-10-14,9328
5864,致和證,30,0,30,華南永昌-潮州,2024-10-14,9328
2887,台新金,28,0,28,華南永昌-潮州,2024-10-14,9328
00687B,國泰20年美債,25,0,25,華南永昌-潮州,2024-10-14,9328
8011,台通,32,7,25,華南永昌-潮州,2024-10-14,9328
00887,永豐中國科技50大,19,0,19,華南永昌-潮州,2024-10-14,9328
6405,悅城,18,1,17,華南永昌-潮州,2024-10-14,9328
00922,國泰台灣領袖50,15,0,15,華南永昌-潮州,2024-10-14,9328
2888,新光金,12,0,12,華南永昌-潮州,2024-10-14,9328
4142,國光生,12,0,12,華南永昌-潮州,2024-10-14,9328
2399,映泰,39,27,12,華南永昌-潮州,2024-10-14,9328
5498,凱崴,12,0,12,華南永昌-潮州,2024-10-14,9328
2486,一詮,18,7,11,華南永昌-潮州,2024-10-14,9328
9945,潤泰新,11,0,11,華南永昌-潮州,2024-10-14,9328
2002,中鋼,11,0,11,華南永昌-潮州,2024-10-14,9328
00923,群益台ESG低碳50,11,0,11,華南永昌-潮州,2024-10-14,9328
2845,遠東銀,10,0,10,華南永昌-潮州,2024-10-14,9328
0056,元大高股息,12,2,10,華南永昌-潮州,2024-10-14,9328
6753,龍德造船,10,0,10,華南永昌-潮州,2024-10-14,9328
00633L,富邦上証正2,10,0,10,華南永昌-潮州,2024-10-14,9328
00945B,凱基美國非投等債,10,0,10,華南永昌-潮州,2024-10-14,9328
5285,界霖,10,0,10,華南永昌-潮州,2024-10-14,9328
8076,伍豐,10,0,10,華南永昌-潮州,2024-10-14,9328
9955,佳龍,10,0,10,華南永昌-潮州,2024-10-14,9328
2645,長榮航太,9,0,9,華南永昌-潮州,2024-10-14,9328
2317,鴻海,17,9,8,華南永昌-潮州,2024-10-14,9328
00919,群益台灣精選高息,8,0,8,華南永昌-潮州,2024-10-14,9328
2881,富邦金,8,0,8,華南永昌-潮州,2024-10-14,9328
6525,捷敏-KY,8,0,8,華南永昌-潮州,2024-10-14,9328
2867,三商壽,8,1,7,華南永昌-潮州,2024-10-14,9328
4927,泰鼎-KY,7,0,7,華南永昌-潮州,2024-10-14,9328
6221,晉泰,7,0,7,華南永昌-潮州,2024-10-14,9328
00878,國泰永續高股息,6,0,6,華南永昌-潮州,2024-10-14,9328
0061,元大寶滬深,6,0,6,華南永昌-潮州,2024-10-14,9328
1310,台苯,6,0,6,華南永昌-潮州,2024-10-14,9328
1815,富喬,7,1,6,華南永昌-潮州,2024-10-14,9328
3019,亞光,6,0,6,華南永昌-潮州,2024-10-14,9328
3049,精金,6,0,6,華南永昌-潮州,2024-10-14,9328
3437,榮創,6,0,6,華南永昌-潮州,2024-10-14,9328
3715,定穎投控,7,1,6,華南永昌-潮州,2024-10-14,9328
2344,華邦電,5,0,5,華南永昌-潮州,2024-10-14,9328
00918,大華優利高填息30,5,0,5,華南永昌-潮州,2024-10-14,9328
00715L,期街口布蘭特正2,25,20,5,華南永昌-潮州,2024-10-14,9328
2485,兆赫,5,0,5,華南永昌-潮州,2024-10-14,9328
2615,萬海,15,10,5,華南永昌-潮州,2024-10-14,9328
00680L,元大美債20正2,580,0,580,華南永昌-潮州,2024-10-15,9328
00632R,元大台灣50反1,221,18,203,華南永昌-潮州,2024-10-15,9328
00961,FT臺灣永續高息,103,0,103,華南永昌-潮州,2024-10-15,9328
2606,裕民,105,7,98,華南永昌-潮州,2024-10-15,9328
1569,濱川,78,2,76,華南永昌-潮州,2024-10-15,9328
2330,台積電,101,27,74,華南永昌-潮州,2024-10-15,9328
1314,中石化,85,14,71,華南永昌-潮州,2024-10-15,9328
8089,康全電訊,42,0,42,華南永昌-潮州,2024-10-15,9328
2883,凱基金,99,57,42,華南永昌-潮州,2024-10-15,9328
00687B,國泰20年美債,39,0,39,華南永昌-潮州,2024-10-15,9328
00715L,期街口布蘭特正2,29,0,29,華南永昌-潮州,2024-10-15,9328
1442,名軒,27,0,27,華南永昌-潮州,2024-10-15,9328
00882,中信中國高股息,25,1,24,華南永昌-潮州,2024-10-15,9328
6213,聯茂,23,1,22,華南永昌-潮州,2024-10-15,9328
9955,佳龍,22,0,22,華南永昌-潮州,2024-10-15,9328
1524,耿鼎,22,2,20,華南永昌-潮州,2024-10-15,9328
2070,精湛,20,0,20,華南永昌-潮州,2024-10-15,9328
4510,高鋒,21,1,20,華南永昌-潮州,2024-10-15,9328
00887,永豐中國科技50大,26,6,20,華南永昌-潮州,2024-10-15,9328
4534,慶騰,17,0,17,華南永昌-潮州,2024-10-15,9328
4956,光鋐,25,9,16,華南永昌-潮州,2024-10-15,9328
2399,映泰,44,30,14,華南永昌-潮州,2024-10-15,9328
3149,正達,27,14,13,華南永昌-潮州,2024-10-15,9328
2923,鼎固-KY,12,0,12,華南永昌-潮州,2024-10-15,9328
2105,正新,11,0,11,華南永昌-潮州,2024-10-15,9328
2543,皇昌,11,0,11,華南永昌-潮州,2024-10-15,9328
5347,世界,12,1,11,華南永昌-潮州,2024-10-15,9328
6188,廣明,12,1,11,華南永昌-潮州,2024-10-15,9328
3013,晟銘電,18,8,10,華南永昌-潮州,2024-10-15,9328
2312,金寶,31,21,10,華南永昌-潮州,2024-10-15,9328
3231,緯創,12,2,10,華南永昌-潮州,2024-10-15,9328
6821,聯寶,10,0,10,華南永昌-潮州,2024-10-15,9328
1340,勝悅-KY,10,0,10,華南永昌-潮州,2024-10-15,9328
1464,得力,10,0,10,華南永昌-潮州,2024-10-15,9328
1563,巧新,10,0,10,華南永昌-潮州,2024-10-15,9328
2371,大同,12,2,10,華南永昌-潮州,2024-10-15,9328
2380,虹光,10,0,10,華南永昌-潮州,2024-10-15,9328
3434,哲固,10,0,10,華南永昌-潮州,2024-10-15,9328
5460,同協,10,0,10,華南永昌-潮州,2024-10-15,9328
8933,愛地雅,10,0,10,華南永昌-潮州,2024-10-15,9328
2368,金像電,9,0,9,華南永昌-潮州,2024-10-15,9328
3062,建漢,36,27,9,華南永昌-潮州,2024-10-15,9328
3163,波若威,10,1,9,華南永昌-潮州,2024-10-15,9328
4563,百德,10,1,9,華南永昌-潮州,2024-10-15,9328
5351,鈺創,9,0,9,華南永昌-潮州,2024-10-15,9328
6104,創惟,10,1,9,華南永昌-潮州,2024-10-15,9328
8104,錸寶,15,6,9,華南永昌-潮州,2024-10-15,9328
2258,鴻華先進-創,8,0,8,華南永昌-潮州,2024-10-15,9328
2887,台新金,8,0,8,華南永昌-潮州,2024-10-15,9328
00679B,元大美債20年,7,0,7,華南永昌-潮州,2024-10-15,9328
00943,兆豐電子高息等權,120,1,119,華南永昌-潮州,2024-10-16,9328
0056,元大高股息,84,0,84,華南永昌-潮州,2024-10-16,9328
1569,濱川,103,27,76,華南永昌-潮州,2024-10-16,9328
2330,台積電,57,2,55,華南永昌-潮州,2024-10-16,9328
00680L,元大美債20正2,56,3,53,華南永昌-潮州,2024-10-16,9328
2344,華邦電,55,7,48,華南永昌-潮州,2024-10-16,9328
2887,台新金,39,0,39,華南永昌-潮州,2024-10-16,9328
00922,國泰台灣領袖50,39,1,38,華南永昌-潮州,2024-10-16,9328
00882,中信中國高股息,54,19,35,華南永昌-潮州,2024-10-16,9328
6770,力積電,38,6,32,華南永昌-潮州,2024-10-16,9328
2317,鴻海,36,4,32,華南永昌-潮州,2024-10-16,9328
00634R,富邦上証反1,30,0,30,華南永昌-潮州,2024-10-16,9328
4414,如興,30,0,30,華南永昌-潮州,2024-10-16,9328
00687B,國泰20年美債,29,0,29,華南永昌-潮州,2024-10-16,9328
3325,旭品,29,2,27,華南永昌-潮州,2024-10-16,9328
00929,復華台灣科技優息,53,27,26,華南永昌-潮州,2024-10-16,9328
00919,群益台灣精選高息,25,0,25,華南永昌-潮州,2024-10-16,9328
1785,光洋科,23,2,21,華南永昌-潮州,2024-10-16,9328
2543,皇昌,44,23,21,華南永昌-潮州,2024-10-16,9328
3231,緯創,21,0,21,華南永昌-潮州,2024-10-16,9328
00878,國泰永續高股息,23,3,20,華南永昌-潮州,2024-10-16,9328
00651R,復華香港反1,20,0,20,華南永昌-潮州,2024-10-16,9328
3019,亞光,17,1,16,華南永昌-潮州,2024-10-16,9328
2492,華新科,16,0,16,華南永昌-潮州,2024-10-16,9328
3232,昱捷,16,0,16,華南永昌-潮州,2024-10-16,9328
00637L,元大滬深300正2,18,2,16,華南永昌-潮州,2024-10-16,9328
6753,龍德造船,14,0,14,華南永昌-潮州,2024-10-16,9328
2303,聯電,14,0,14,華南永昌-潮州,2024-10-16,9328
6133,金橋,12,0,12,華南永昌-潮州,2024-10-16,9328
8097,常珵,12,0,12,華南永昌-潮州,2024-10-16,9328
8176,智捷,12,0,12,華南永昌-潮州,2024-10-16,9328
00887,永豐中國科技50大,27,15,12,華南永昌-潮州,2024-10-16,9328
2338,光罩,11,0,11,華南永昌-潮州,2024-10-16,9328
2634,漢翔,11,0,11,華南永昌-潮州,2024-10-16,9328
00907,永豐優息存股,10,0,10,華南永昌-潮州,2024-10-16,9328
2258,鴻華先進-創,10,0,10,華南永昌-潮州,2024-10-16,9328
4147,中裕,10,0,10,華南永昌-潮州,2024-10-16,9328
6104,創惟,10,0,10,華南永昌-潮州,2024-10-16,9328
8032,光菱,13,3,10,華南永昌-潮州,2024-10-16,9328
6116,彩晶,10,1,9,華南永昌-潮州,2024-10-16,9328
5880,合庫金,9,0,9,華南永昌-潮州,2024-10-16,9328
2425,承啟,9,0,9,華南永昌-潮州,2024-10-16,9328
6290,良維,9,0,9,華南永昌-潮州,2024-10-16,9328
8064,東捷,10,1,9,華南永昌-潮州,2024-10-16,9328
2882,國泰金,10,2,8,華南永昌-潮州,2024-10-16,9328
3189,景碩,9,1,8,華南永昌-潮州,2024-10-16,9328
00715L,期街口布蘭特正2,8,0,8,華南永昌-潮州,2024-10-16,9328
00679B,元大美債20年,14,6,8,華南永昌-潮州,2024-10-16,9328
3149,正達,33,25,8,華南永昌-潮州,2024-10-16,9328
006208,富邦台50,9,1,8,華南永昌-潮州,2024-10-16,9328
2399,映泰,82,18,64,華南永昌-潮州,2024-10-17,9328
00929,復華台灣科技優息,87,29,58,華南永昌-潮州,2024-10-17,9328
6127,九豪,50,3,47,華南永昌-潮州,2024-10-17,9328
2618,長榮航,50,4,46,華南永昌-潮州,2024-10-17,9328
3715,定穎投控,43,0,43,華南永昌-潮州,2024-10-17,9328
00919,群益台灣精選高息,55,14,41,華南永昌-潮州,2024-10-17,9328
00933B,國泰10Y+金融債,33,0,33,華南永昌-潮州,2024-10-17,9328
2421,建準,35,4,31,華南永昌-潮州,2024-10-17,9328
00887,永豐中國科技50大,34,7,27,華南永昌-潮州,2024-10-17,9328
00937B,群益ESG投等債20,38,11,27,華南永昌-潮州,2024-10-17,9328
00878,國泰永續高股息,23,1,22,華南永昌-潮州,2024-10-17,9328
2002,中鋼,26,6,20,華南永昌-潮州,2024-10-17,9328
6104,創惟,20,0,20,華南永昌-潮州,2024-10-17,9328
9951,皇田,20,0,20,華南永昌-潮州,2024-10-17,9328
00882,中信中國高股息,24,5,19,華南永昌-潮州,2024-10-17,9328
2363,矽統,37,22,15,華南永昌-潮州,2024-10-17,9328
2303,聯電,15,0,15,華南永昌-潮州,2024-10-17,9328
8105,凌巨,15,0,15,華南永昌-潮州,2024-10-17,9328
00680L,元大美債20正2,14,0,14,華南永昌-潮州,2024-10-17,9328
3711,日月光投控,17,4,13,華南永昌-潮州,2024-10-17,9328
2388,威盛,15,2,13,華南永昌-潮州,2024-10-17,9328
00922,國泰台灣領袖50,12,0,12,華南永昌-潮州,2024-10-17,9328
00720B,元大投資級公司債,12,0,12,華南永昌-潮州,2024-10-17,9328
00688L,國泰20年美債正2,15,3,12,華南永昌-潮州,2024-10-17,9328
1611,中電,13,1,12,華南永昌-潮州,2024-10-17,9328
8215,明基材,12,0,12,華南永昌-潮州,2024-10-17,9328
00679B,元大美債20年,15,4,11,華南永昌-潮州,2024-10-17,9328
2371,大同,11,0,11,華南永昌-潮州,2024-10-17,9328
2417,圓剛,11,0,11,華南永昌-潮州,2024-10-17,9328
3060,銘異,12,1,11,華南永昌-潮州,2024-10-17,9328
1528,恩德,28,18,10,華南永昌-潮州,2024-10-17,9328
2329,華泰,10,0,10,華南永昌-潮州,2024-10-17,9328
2645,長榮航太,10,0,10,華南永昌-潮州,2024-10-17,9328
2852,第一保,10,0,10,華南永昌-潮州,2024-10-17,9328
3705,永信,10,0,10,華南永昌-潮州,2024-10-17,9328
6642,富致,10,0,10,華南永昌-潮州,2024-10-17,9328
8111,立��,10,0,10,華南永昌-潮州,2024-10-17,9328
00960,野村全球航運龍頭,12,3,9,華南永昌-潮州,2024-10-17,9328
6425,易發,9,0,9,華南永昌-潮州,2024-10-17,9328
2330,台積電,10,2,8,華南永昌-潮州,2024-10-17,9328
3379,彬台,8,0,8,華南永昌-潮州,2024-10-17,9328
8028,昇陽半導體,12,4,8,華南永昌-潮州,2024-10-17,9328
1721,三晃,10,3,7,華南永昌-潮州,2024-10-17,9328
2613,中櫃,7,0,7,華南永昌-潮州,2024-10-17,9328
3663,鑫科,19,12,7,華南永昌-潮州,2024-10-17,9328
4979,華星光,12,5,7,華南永昌-潮州,2024-10-17,9328
5347,世界,7,0,7,華南永昌-潮州,2024-10-17,9328
6125,廣運,16,9,7,華南永昌-潮州,2024-10-17,9328
8011,台通,6,0,6,華南永昌-潮州,2024-10-17,9328
00941,中信上游半導體,6,0,6,華南永昌-潮州,2024-10-17,9328
00948B,中信優息投資級債,500,0,500,華南永昌-潮州,2024-10-18,9328
00632R,元大台灣50反1,273,0,273,華南永昌-潮州,2024-10-18,9328
00919,群益台灣精選高息,126,30,96,華南永昌-潮州,2024-10-18,9328
2883,凱基金,111,18,93,華南永昌-潮州,2024-10-18,9328
2867,三商壽,87,1,86,華南永昌-潮州,2024-10-18,9328
00937B,群益ESG投等債20,75,4,71,華南永昌-潮州,2024-10-18,9328
00687B,國泰20年美債,72,3,69,華南永昌-潮州,2024-10-18,9328
00942B,台新美A公司債20+,50,0,50,華南永昌-潮州,2024-10-18,9328
2303,聯電,50,2,48,華南永昌-潮州,2024-10-18,9328
2543,皇昌,63,17,46,華南永昌-潮州,2024-10-18,9328
1540,喬福,64,24,40,華南永昌-潮州,2024-10-18,9328
00680L,元大美債20正2,58,20,38,華南永昌-潮州,2024-10-18,9328
00679B,元大美債20年,39,1,38,華南永昌-潮州,2024-10-18,9328
2356,英業達,36,1,35,華南永昌-潮州,2024-10-18,9328
1597,直得,33,0,33,華南永昌-潮州,2024-10-18,9328
3591,艾笛森,26,0,26,華南永昌-潮州,2024-10-18,9328
2402,毅嘉,26,0,26,華南永昌-潮州,2024-10-18,9328
8064,東捷,26,4,22,華南永昌-潮州,2024-10-18,9328
2409,友達,34,13,21,華南永昌-潮州,2024-10-18,9328
6213,聯茂,21,0,21,華南永昌-潮州,2024-10-18,9328
1442,名軒,20,0,20,華南永昌-潮州,2024-10-18,9328
8089,康全電訊,19,2,17,華南永昌-潮州,2024-10-18,9328
5483,中美晶,16,0,16,華南永昌-潮州,2024-10-18,9328
3149,正達,26,12,14,華南永昌-潮州,2024-10-18,9328
2449,京元電子,19,5,14,華南永昌-潮州,2024-10-18,9328
1528,恩德,15,1,14,華南永昌-潮州,2024-10-18,9328
2426,鼎元,13,0,13,華南永昌-潮州,2024-10-18,9328
4540,全球傳動,20,7,13,華南永昌-潮州,2024-10-18,9328
3450,聯鈞,15,3,12,華南永昌-潮州,2024-10-18,9328
00720B,元大投資級公司債,12,0,12,華南永昌-潮州,2024-10-18,9328
00931B,統一美債20年,12,1,11,華南永昌-潮州,2024-10-18,9328
00923,群益台ESG低碳50,11,0,11,華南永昌-潮州,2024-10-18,9328
2489,瑞軒,10,0,10,華南永昌-潮州,2024-10-18,9328
2458,義隆,10,0,10,華南永昌-潮州,2024-10-18,9328
00795B,中信美國公債20年,10,0,10,華南永昌-潮州,2024-10-18,9328
1808,潤隆,10,0,10,華南永昌-潮州,2024-10-18,9328
2520,冠德,10,0,10,華南永昌-潮州,2024-10-18,9328
2645,長榮航太,10,0,10,華南永昌-潮州,2024-10-18,9328
4147,中裕,10,0,10,華南永昌-潮州,2024-10-18,9328
5907,大洋-KY,10,0,10,華南永昌-潮州,2024-10-18,9328
8111,立��,21,11,10,華南永昌-潮州,2024-10-18,9328
2399,映泰,28,19,9,華南永昌-潮州,2024-10-18,9328
00915,凱基優選高股息30,11,2,9,華南永昌-潮州,2024-10-18,9328
1711,永光,21,12,9,華南永昌-潮州,2024-10-18,9328
2365,昆盈,10,1,9,華南永昌-潮州,2024-10-18,9328
2367,燿華,9,0,9,華南永昌-潮州,2024-10-18,9328
3011,今皓,11,2,9,華南永昌-潮州,2024-10-18,9328
3152,璟德,9,0,9,華南永昌-潮州,2024-10-18,9328
8104,錸寶,12,3,9,華南永昌-潮州,2024-10-18,9328
8936,國統,9,0,9,華南永昌-潮州,2024-10-18,9328
2891,中信金,118,1,117,華南永昌-潮州,2024-10-21,9328
00937B,群益ESG投等債20,110,11,99,華南永昌-潮州,2024-10-21,9328
00882,中信中國高股息,109,37,72,華南永昌-潮州,2024-10-21,9328
00948B,中信優息投資級債,53,0,53,華南永昌-潮州,2024-10-21,9328
2543,皇昌,89,36,53,華南永昌-潮州,2024-10-21,9328
2486,一詮,47,2,45,華南永昌-潮州,2024-10-21,9328
3705,永信,40,0,40,華南永昌-潮州,2024-10-21,9328
00960,野村全球航運龍頭,43,4,39,華南永昌-潮州,2024-10-21,9328
2312,金寶,40,3,37,華南永昌-潮州,2024-10-21,9328
2892,第一金,34,0,34,華南永昌-潮州,2024-10-21,9328
00935,野村臺灣新科技50,30,0,30,華南永昌-潮州,2024-10-21,9328
2303,聯電,30,7,23,華南永昌-潮州,2024-10-21,9328
00679B,元大美債20年,23,0,23,華南永昌-潮州,2024-10-21,9328
2421,建準,22,2,20,華南永昌-潮州,2024-10-21,9328
00642U,期元大S＆P石油,18,0,18,華南永昌-潮州,2024-10-21,9328
3011,今皓,24,7,17,華南永昌-潮州,2024-10-21,9328
2897,王道銀行,17,0,17,華南永昌-潮州,2024-10-21,9328
1409,新纖,15,0,15,華南永昌-潮州,2024-10-21,9328
4903,聯光通,20,5,15,華南永昌-潮州,2024-10-21,9328
2613,中櫃,13,0,13,華南永昌-潮州,2024-10-21,9328
8111,立��,22,10,12,華南永昌-潮州,2024-10-21,9328
1605,華新,12,0,12,華南永昌-潮州,2024-10-21,9328
2882,國泰金,12,0,12,華南永昌-潮州,2024-10-21,9328
2634,漢翔,11,0,11,華南永昌-潮州,2024-10-21,9328
3714,富采,13,2,11,華南永昌-潮州,2024-10-21,9328
3711,日月光投控,10,0,10,華南永昌-潮州,2024-10-21,9328
9945,潤泰新,10,0,10,華南永昌-潮州,2024-10-21,9328
2886,兆豐金,10,0,10,華南永昌-潮州,2024-10-21,9328
3052,夆典,10,0,10,華南永昌-潮州,2024-10-21,9328
3481,群創,15,5,10,華南永昌-潮州,2024-10-21,9328
2454,聯發科,10,0,10,華南永昌-潮州,2024-10-21,9328
1101,台泥,10,1,9,華南永昌-潮州,2024-10-21,9328
2409,友達,9,0,9,華南永昌-潮州,2024-10-21,9328
3581,博磊,12,3,9,華南永昌-潮州,2024-10-21,9328
2356,英業達,11,2,9,華南永昌-潮州,2024-10-21,9328
2317,鴻海,26,17,9,華南永昌-潮州,2024-10-21,9328
00715L,期街口布蘭特正2,8,0,8,華南永昌-潮州,2024-10-21,9328
0056,元大高股息,9,1,8,華南永昌-潮州,2024-10-21,9328
00639,富邦深100,12,5,7,華南永昌-潮州,2024-10-21,9328
2408,南亞科,9,2,7,華南永昌-潮州,2024-10-21,9328
6274,台燿,8,1,7,華南永昌-潮州,2024-10-21,9328
1326,台化,7,0,7,華南永昌-潮州,2024-10-21,9328
00878,國泰永續高股息,20,14,6,華南永昌-潮州,2024-10-21,9328
4561,健椿,9,3,6,華南永昌-潮州,2024-10-21,9328
6231,系微,13,7,6,華南永昌-潮州,2024-10-21,9328
00712,復華富時不動產,13,7,6,華南永昌-潮州,2024-10-21,9328
1727,中華化,8,2,6,華南永昌-潮州,2024-10-21,9328
2402,毅嘉,6,0,6,華南永昌-潮州,2024-10-21,9328
3287,廣寰科,6,0,6,華南永昌-潮州,2024-10-21,9328
8089,康全電訊,6,0,6,華南永昌-潮州,2024-10-21,9328
00680L,元大美債20正2,191,5,186,華南永昌-潮州,2024-10-22,9328
1314,中石化,96,3,93,華南永昌-潮州,2024-10-22,9328
00679B,元大美債20年,63,1,62,華南永昌-潮州,2024-10-22,9328
00948B,中信優息投資級債,53,0,53,華南永昌-潮州,2024-10-22,9328
00945B,凱基美國非投等債,50,0,50,華南永昌-潮州,2024-10-22,9328
00929,復華台灣科技優息,51,4,47,華南永昌-潮州,2024-10-22,9328
4540,全球傳動,87,43,44,華南永昌-潮州,2024-10-22,9328
00887,永豐中國科技50大,38,0,38,華南永昌-潮州,2024-10-22,9328
00706L,期元大S＆P日圓正2,36,0,36,華南永昌-潮州,2024-10-22,9328
00905,FT臺灣Smart,33,0,33,華南永昌-潮州,2024-10-22,9328
2365,昆盈,34,2,32,華南永昌-潮州,2024-10-22,9328
2363,矽統,47,20,27,華南永昌-潮州,2024-10-22,9328
00918,大華優利高填息30,22,0,22,華南永昌-潮州,2024-10-22,9328
8404,百和興業-KY,20,0,20,華南永昌-潮州,2024-10-22,9328
2883,凱基金,26,6,20,華南永昌-潮州,2024-10-22,9328
00919,群益台灣精選高息,19,0,19,華南永昌-潮州,2024-10-22,9328
006208,富邦台50,20,1,19,華南永昌-潮州,2024-10-22,9328
1513,中興電,16,0,16,華南永昌-潮州,2024-10-22,9328
2014,中鴻,16,0,16,華南永昌-潮州,2024-10-22,9328
2417,圓剛,15,0,15,華南永昌-潮州,2024-10-22,9328
5438,東友,16,1,15,華南永昌-潮州,2024-10-22,9328
006205,富邦上証,14,0,14,華南永昌-潮州,2024-10-22,9328
2745,五福,14,0,14,華南永昌-潮州,2024-10-22,9328
8039,台虹,14,0,14,華南永昌-潮州,2024-10-22,9328
3715,定穎投控,17,4,13,華南永昌-潮州,2024-10-22,9328
2834,臺企銀,12,0,12,華南永昌-潮州,2024-10-22,9328
8043,蜜望實,32,20,12,華南永昌-潮州,2024-10-22,9328
8089,康全電訊,11,0,11,華南永昌-潮州,2024-10-22,9328
00688L,國泰20年美債正2,14,3,11,華南永昌-潮州,2024-10-22,9328
00960,野村全球航運龍頭,11,0,11,華南永昌-潮州,2024-10-22,9328
8183,精星,11,0,11,華南永昌-潮州,2024-10-22,9328
2002,中鋼,10,0,10,華南永昌-潮州,2024-10-22,9328
00882,中信中國高股息,12,2,10,華南永昌-潮州,2024-10-22,9328
2637,慧洋-KY,11,1,10,華南永昌-潮州,2024-10-22,9328
3705,永信,10,0,10,華南永昌-潮州,2024-10-22,9328
5483,中美晶,10,0,10,華南永昌-潮州,2024-10-22,9328
2453,凌群,10,0,10,華南永昌-潮州,2024-10-22,9328
2303,聯電,9,0,9,華南永昌-潮州,2024-10-22,9328
00720B,元大投資級公司債,10,2,8,華南永昌-潮州,2024-10-22,9328
00751B,元大AAA至A公司債,8,0,8,華南永昌-潮州,2024-10-22,9328
00935,野村臺灣新科技50,10,2,8,華南永昌-潮州,2024-10-22,9328
2851,中再保,14,6,8,華南永昌-潮州,2024-10-22,9328
3550,聯穎,44,36,8,華南永昌-潮州,2024-10-22,9328
6168,宏齊,9,1,8,華南永昌-潮州,2024-10-22,9328
1516,川飛,7,0,7,華南永昌-潮州,2024-10-22,9328
2344,華邦電,7,0,7,華南永昌-潮州,2024-10-22,9328
2349,錸德,11,4,7,華南永昌-潮州,2024-10-22,9328
6547,高端疫苗,7,0,7,華南永昌-潮州,2024-10-22,9328
2405,輔信,7,1,6,華南永昌-潮州,2024-10-22,9328
2634,漢翔,5,0,5,華南永昌-潮州,2024-10-22,9328
00915,凱基優選高股息30,208,1,207,華南永昌-潮州,2024-10-23,9328
2543,皇昌,63,9,54,華南永昌-潮州,2024-10-23,9328
2812,台中銀,50,0,50,華南永昌-潮州,2024-10-23,9328
2369,菱生,79,29,50,華南永昌-潮州,2024-10-23,9328
00960,野村全球航運龍頭,48,0,48,華南永昌-潮州,2024-10-23,9328
2618,長榮航,52,4,48,華南永昌-潮州,2024-10-23,9328
00937B,群益ESG投等債20,68,27,41,華南永昌-潮州,2024-10-23,9328
3550,聯穎,43,6,37,華南永昌-潮州,2024-10-23,9328
00712,復華富時不動產,35,0,35,華南永昌-潮州,2024-10-23,9328
3049,精金,37,2,35,華南永昌-潮州,2024-10-23,9328
2330,台積電,34,1,33,華南永昌-潮州,2024-10-23,9328
00919,群益台灣精選高息,37,5,32,華南永昌-潮州,2024-10-23,9328
2923,鼎固-KY,32,0,32,華南永昌-潮州,2024-10-23,9328
2884,玉山金,31,0,31,華南永昌-潮州,2024-10-23,9328
00878,國泰永續高股息,31,0,31,華南永昌-潮州,2024-10-23,9328
00680L,元大美債20正2,28,0,28,華南永昌-潮州,2024-10-23,9328
2365,昆盈,33,5,28,華南永昌-潮州,2024-10-23,9328
00673R,期元大S＆P原油反1,25,0,25,華南永昌-潮州,2024-10-23,9328
6405,悅城,29,7,22,華南永昌-潮州,2024-10-23,9328
4540,全球傳動,28,7,21,華南永昌-潮州,2024-10-23,9328
00669R,國泰美國道瓊反1,20,0,20,華南永昌-潮州,2024-10-23,9328
8404,百和興業-KY,22,2,20,華南永昌-潮州,2024-10-23,9328
2887,台新金,24,5,19,華南永昌-潮州,2024-10-23,9328
00687B,國泰20年美債,21,3,18,華南永昌-潮州,2024-10-23,9328
2303,聯電,20,2,18,華南永昌-潮州,2024-10-23,9328
3714,富采,17,0,17,華南永昌-潮州,2024-10-23,9328
0056,元大高股息,17,0,17,華南永昌-潮州,2024-10-23,9328
2886,兆豐金,17,1,16,華南永昌-潮州,2024-10-23,9328
2880,華南金,16,0,16,華南永昌-潮州,2024-10-23,9328
4562,穎漢,29,13,16,華南永昌-潮州,2024-10-23,9328
00929,復華台灣科技優息,20,4,16,華南永昌-潮州,2024-10-23,9328
2317,鴻海,18,3,15,華南永昌-潮州,2024-10-23,9328
006208,富邦台50,15,1,14,華南永昌-潮州,2024-10-23,9328
2312,金寶,18,4,14,華南永昌-潮州,2024-10-23,9328
00688L,國泰20年美債正2,16,3,13,華南永昌-潮州,2024-10-23,9328
4167,松瑞藥,13,0,13,華南永昌-潮州,2024-10-23,9328
5475,德宏,13,0,13,華南永昌-潮州,2024-10-23,9328
6658,聯策,18,5,13,華南永昌-潮州,2024-10-23,9328
00907,永豐優息存股,12,0,12,華南永昌-潮州,2024-10-23,9328
00948B,中信優息投資級債,12,0,12,華南永昌-潮州,2024-10-23,9328
2603,長榮,12,1,11,華南永昌-潮州,2024-10-23,9328
6770,力積電,11,0,11,華南永昌-潮州,2024-10-23,9328
00959B,大華投等美債15Y+,10,0,10,華南永昌-潮州,2024-10-23,9328
2417,圓剛,10,0,10,華南永昌-潮州,2024-10-23,9328
2601,益航,10,0,10,華南永昌-潮州,2024-10-23,9328
2836,高雄銀,10,0,10,華南永昌-潮州,2024-10-23,9328
3027,盛達,10,0,10,華南永昌-潮州,2024-10-23,9328
6231,系微,10,0,10,華南永昌-潮州,2024-10-23,9328
2881,富邦金,9,0,9,華南永昌-潮州,2024-10-23,9328
2449,京元電子,12,3,9,華南永昌-潮州,2024-10-23,9328
00919,群益台灣精選高息,192,2,190,華南永昌-潮州,2024-10-24,9328
00929,復華台灣科技優息,138,3,135,華南永昌-潮州,2024-10-24,9328
2399,映泰,79,3,76,華南永昌-潮州,2024-10-24,9328
2344,華邦電,55,6,49,華南永昌-潮州,2024-10-24,9328
2923,鼎固-KY,46,0,46,華南永昌-潮州,2024-10-24,9328
2461,光群雷,45,0,45,華南永昌-潮州,2024-10-24,9328
3550,聯穎,42,2,40,華南永昌-潮州,2024-10-24,9328
2323,中環,40,4,36,華南永昌-潮州,2024-10-24,9328
2486,一詮,40,7,33,華南永昌-潮州,2024-10-24,9328
0056,元大高股息,37,5,32,華南永昌-潮州,2024-10-24,9328
6231,系微,44,13,31,華南永昌-潮州,2024-10-24,9328
00894,中信小資高價30,25,0,25,華南永昌-潮州,2024-10-24,9328
2388,威盛,26,5,21,華南永昌-潮州,2024-10-24,9328
00650L,復華香港正2,21,2,19,華南永昌-潮州,2024-10-24,9328
00882,中信中國高股息,18,0,18,華南永昌-潮州,2024-10-24,9328
00637L,元大滬深300正2,18,0,18,華南永昌-潮州,2024-10-24,9328
1802,台玻,20,2,18,華南永昌-潮州,2024-10-24,9328
2405,輔信,31,14,17,華南永昌-潮州,2024-10-24,9328
2489,瑞軒,20,3,17,華南永昌-潮州,2024-10-24,9328
2349,錸德,17,0,17,華南永昌-潮州,2024-10-24,9328
3481,群創,21,5,16,華南永昌-潮州,2024-10-24,9328
00712,復華富時不動產,16,0,16,華南永昌-潮州,2024-10-24,9328
1595,川寶,15,0,15,華南永昌-潮州,2024-10-24,9328
00878,國泰永續高股息,25,11,14,華南永昌-潮州,2024-10-24,9328
2603,長榮,17,3,14,華南永昌-潮州,2024-10-24,9328
1597,直得,15,1,14,華南永昌-潮州,2024-10-24,9328
6603,富強鑫,14,0,14,華南永昌-潮州,2024-10-24,9328
3037,欣興,16,2,14,華南永昌-潮州,2024-10-24,9328
00922,國泰台灣領袖50,15,1,14,華南永昌-潮州,2024-10-24,9328
00918,大華優利高填息30,13,0,13,華南永昌-潮州,2024-10-24,9328
3450,聯鈞,20,7,13,華南永昌-潮州,2024-10-24,9328
4526,東台,15,2,13,華南永昌-潮州,2024-10-24,9328
6152,百一,13,0,13,華南永昌-潮州,2024-10-24,9328
2891,中信金,13,0,13,華南永昌-潮州,2024-10-24,9328
00719B,元大美債1-3,12,0,12,華南永昌-潮州,2024-10-24,9328
2882,國泰金,12,0,12,華南永昌-潮州,2024-10-24,9328
3715,定穎投控,28,17,11,華南永昌-潮州,2024-10-24,9328
00715L,期街口布蘭特正2,12,1,11,華南永昌-潮州,2024-10-24,9328
006205,富邦上証,11,0,11,華南永昌-潮州,2024-10-24,9328
00927,群益半導體收益,11,0,11,華南永昌-潮州,2024-10-24,9328
3516,亞帝歐,11,0,11,華南永昌-潮州,2024-10-24,9328
5457,宣德,11,0,11,華南永昌-潮州,2024-10-24,9328
5905,南仁湖,11,0,11,華南永昌-潮州,2024-10-24,9328
6197,佳必琪,12,1,11,華南永昌-潮州,2024-10-24,9328
00905,FT臺灣Smart,13,3,10,華南永昌-潮州,2024-10-24,9328
1513,中興電,10,0,10,華南永昌-潮州,2024-10-24,9328
2312,金寶,13,3,10,華南永昌-潮州,2024-10-24,9328
5483,中美晶,10,0,10,華南永昌-潮州,2024-10-24,9328
00665L,富邦�琤肭磪囓�2,10,0,10,華南永昌-潮州,2024-10-24,9328
00955,中信日本商社,10,0,10,華南永昌-潮州,2024-10-24,9328
2646,星宇航空,231,68,163,華南永昌-潮州,2024-10-25,9328
00878,國泰永續高股息,145,15,130,華南永昌-潮州,2024-10-25,9328
4716,大立,63,5,58,華南永昌-潮州,2024-10-25,9328
8064,東捷,52,2,50,華南永昌-潮州,2024-10-25,9328
3303,岱稜,50,2,48,華南永昌-潮州,2024-10-25,9328
2324,仁寶,42,6,36,華南永昌-潮州,2024-10-25,9328
2399,映泰,52,23,29,華南永昌-潮州,2024-10-25,9328
2371,大同,31,3,28,華南永昌-潮州,2024-10-25,9328
2923,鼎固-KY,28,0,28,華南永昌-潮州,2024-10-25,9328
2303,聯電,28,0,28,華南永昌-潮州,2024-10-25,9328
00960,野村全球航運龍頭,43,17,26,華南永昌-潮州,2024-10-25,9328
2369,菱生,31,6,25,華南永昌-潮州,2024-10-25,9328
3058,立德,25,2,23,華南永昌-潮州,2024-10-25,9328
00919,群益台灣精選高息,26,4,22,華南永昌-潮州,2024-10-25,9328
3705,永信,22,0,22,華南永昌-潮州,2024-10-25,9328
2495,普安,59,37,22,華南永昌-潮州,2024-10-25,9328
4743,合一,20,0,20,華南永昌-潮州,2024-10-25,9328
2337,旺宏,20,0,20,華南永昌-潮州,2024-10-25,9328
2543,皇昌,27,8,19,華南永昌-潮州,2024-10-25,9328
00937B,群益ESG投等債20,22,4,18,華南永昌-潮州,2024-10-25,9328
6231,系微,17,0,17,華南永昌-潮州,2024-10-25,9328
00688L,國泰20年美債正2,16,0,16,華南永昌-潮州,2024-10-25,9328
4541,晟田,15,0,15,華南永昌-潮州,2024-10-25,9328
2634,漢翔,14,0,14,華南永昌-潮州,2024-10-25,9328
2464,盟立,15,2,13,華南永昌-潮州,2024-10-25,9328
00719B,元大美債1-3,12,0,12,華南永昌-潮州,2024-10-25,9328
00882,中信中國高股息,12,0,12,華南永昌-潮州,2024-10-25,9328
4562,穎漢,74,62,12,華南永昌-潮州,2024-10-25,9328
3149,正達,13,2,11,華南永昌-潮州,2024-10-25,9328
00949,復華日本龍頭,11,0,11,華南永昌-潮州,2024-10-25,9328
2022,聚亨,12,1,11,華南永昌-潮州,2024-10-25,9328
3516,亞帝歐,11,0,11,華南永昌-潮州,2024-10-25,9328
1595,川寶,10,0,10,華南永昌-潮州,2024-10-25,9328
2891,中信金,15,5,10,華南永昌-潮州,2024-10-25,9328
3105,穩懋,14,4,10,華南永昌-潮州,2024-10-25,9328
6188,廣明,10,0,10,華南永昌-潮州,2024-10-25,9328
00946,群益科技高息成長,9,0,9,華南永昌-潮州,2024-10-25,9328
2365,昆盈,11,2,9,華南永昌-潮州,2024-10-25,9328
2455,全新,13,4,9,華南永昌-潮州,2024-10-25,9328
2888,新光金,10,1,9,華南永昌-潮州,2024-10-25,9328
5465,富驊,9,0,9,華南永昌-潮州,2024-10-25,9328
4903,聯光通,20,12,8,華南永昌-潮州,2024-10-25,9328
2845,遠東銀,8,0,8,華南永昌-潮州,2024-10-25,9328
6288,聯嘉,14,6,8,華南永昌-潮州,2024-10-25,9328
6770,力積電,8,0,8,華南永昌-潮州,2024-10-25,9328
00712,復華富時不動產,7,0,7,華南永昌-潮州,2024-10-25,9328
2388,威盛,15,8,7,華南永昌-潮州,2024-10-25,9328
6235,華孚,18,11,7,華南永昌-潮州,2024-10-25,9328
00941,中信上游半導體,6,0,6,華南永昌-潮州,2024-10-25,9328
1569,濱川,11,5,6,華南永昌-潮州,2024-10-25,9328
00680L,元大美債20正2,68,0,68,華南永昌-潮州,2024-10-28,9328
00715L,期街口布蘭特正2,63,0,63,華南永昌-潮州,2024-10-28,9328
6770,力積電,62,0,62,華南永昌-潮州,2024-10-28,9328
2303,聯電,40,2,38,華南永昌-潮州,2024-10-28,9328
2891,中信金,42,4,38,華南永昌-潮州,2024-10-28,9328
00905,FT臺灣Smart,33,0,33,華南永昌-潮州,2024-10-28,9328
00687B,國泰20年美債,34,3,31,華南永昌-潮州,2024-10-28,9328
00929,復華台灣科技優息,27,0,27,華南永昌-潮州,2024-10-28,9328
00937B,群益ESG投等債20,34,11,23,華南永昌-潮州,2024-10-28,9328
2464,盟立,33,10,23,華南永昌-潮州,2024-10-28,9328
00642U,期元大S＆P石油,22,0,22,華南永昌-潮州,2024-10-28,9328
2883B,凱基金乙特,21,0,21,華南永昌-潮州,2024-10-28,9328
2399,映泰,74,56,18,華南永昌-潮州,2024-10-28,9328
00887,永豐中國科技50大,22,5,17,華南永昌-潮州,2024-10-28,9328
8404,百和興業-KY,27,11,16,華南永昌-潮州,2024-10-28,9328
00679B,元大美債20年,15,0,15,華南永昌-潮州,2024-10-28,9328
2354,鴻準,24,10,14,華南永昌-潮州,2024-10-28,9328
2330,台積電,18,4,14,華南永昌-潮州,2024-10-28,9328
1303,南亞,14,0,14,華南永昌-潮州,2024-10-28,9328
00959B,大華投等美債15Y+,13,0,13,華南永昌-潮州,2024-10-28,9328
1717,長興,12,0,12,華南永昌-潮州,2024-10-28,9328
2349,錸德,16,4,12,華南永昌-潮州,2024-10-28,9328
3049,精金,12,1,11,華南永昌-潮州,2024-10-28,9328
5386,青雲,14,3,11,華南永昌-潮州,2024-10-28,9328
3558,神準,16,6,10,華南永昌-潮州,2024-10-28,9328
00931B,統一美債20年,10,0,10,華南永昌-潮州,2024-10-28,9328
00696B,富邦美債20年,10,0,10,華南永昌-潮州,2024-10-28,9328
2515,中工,10,0,10,華南永昌-潮州,2024-10-28,9328
5483,中美晶,11,1,10,華南永昌-潮州,2024-10-28,9328
5907,大洋-KY,10,0,10,華南永昌-潮州,2024-10-28,9328
8429,金麗-KY,10,0,10,華南永昌-潮州,2024-10-28,9328
00881,國泰台灣5G+,10,0,10,華南永昌-潮州,2024-10-28,9328
00922,國泰台灣領袖50,10,1,9,華南永昌-潮州,2024-10-28,9328
00955,中信日本商社,9,0,9,華南永昌-潮州,2024-10-28,9328
2105,正新,9,0,9,華南永昌-潮州,2024-10-28,9328
6288,聯嘉,49,40,9,華南永昌-潮州,2024-10-28,9328
8215,明基材,10,1,9,華南永昌-潮州,2024-10-28,9328
2363,矽統,19,10,9,華南永昌-潮州,2024-10-28,9328
2495,普安,30,22,8,華南永昌-潮州,2024-10-28,9328
00751B,元大AAA至A公司債,8,0,8,華南永昌-潮州,2024-10-28,9328
1584,精剛,8,0,8,華南永昌-潮州,2024-10-28,9328
2601,益航,8,0,8,華南永昌-潮州,2024-10-28,9328
6546,正基,8,0,8,華南永昌-潮州,2024-10-28,9328
6742,澤米,9,2,7,華南永昌-潮州,2024-10-28,9328
00878,國泰永續高股息,9,2,7,華南永昌-潮州,2024-10-28,9328
8176,智捷,7,0,7,華南永昌-潮州,2024-10-28,9328
2923,鼎固-KY,7,0,7,華南永昌-潮州,2024-10-28,9328
3231,緯創,11,4,7,華南永昌-潮州,2024-10-28,9328
2867,三商壽,10,3,7,華南永昌-潮州,2024-10-28,9328
6609,瀧澤科,7,1,6,華南永昌-潮州,2024-10-28,9328
00929,復華台灣科技優息,137,3,134,華南永昌-潮州,2024-10-29,9328
00919,群益台灣精選高息,117,4,113,華南永昌-潮州,2024-10-29,9328
2303,聯電,69,10,59,華南永昌-潮州,2024-10-29,9328
00878,國泰永續高股息,61,4,57,華南永昌-潮州,2024-10-29,9328
00943,兆豐電子高息等權,54,0,54,華南永昌-潮州,2024-10-29,9328
00953B,群益優選非投等債,50,0,50,華南永昌-潮州,2024-10-29,9328
2892,第一金,41,0,41,華南永昌-潮州,2024-10-29,9328
00937B,群益ESG投等債20,55,14,41,華南永昌-潮州,2024-10-29,9328
9105,泰金寶-DR,54,15,39,華南永昌-潮州,2024-10-29,9328
00712,復華富時不動產,36,0,36,華南永昌-潮州,2024-10-29,9328
1314,中石化,34,0,34,華南永昌-潮州,2024-10-29,9328
2344,華邦電,41,10,31,華南永昌-潮州,2024-10-29,9328
2317,鴻海,43,13,30,華南永昌-潮州,2024-10-29,9328
0056,元大高股息,29,0,29,華南永昌-潮州,2024-10-29,9328
2543,皇昌,35,8,27,華南永昌-潮州,2024-10-29,9328
00940,元大台灣價值高息,25,0,25,華南永昌-潮州,2024-10-29,9328
5483,中美晶,25,0,25,華南永昌-潮州,2024-10-29,9328
00715L,期街口布蘭特正2,28,4,24,華南永昌-潮州,2024-10-29,9328
00927,群益半導體收益,23,0,23,華南永昌-潮州,2024-10-29,9328
3430,奇鈦科,22,0,22,華南永昌-潮州,2024-10-29,9328
2891,中信金,22,0,22,華南永昌-潮州,2024-10-29,9328
00637L,元大滬深300正2,26,5,21,華南永昌-潮州,2024-10-29,9328
6274,台燿,21,0,21,華南永昌-潮州,2024-10-29,9328
00887,永豐中國科技50大,37,17,20,華南永昌-潮州,2024-10-29,9328
006208,富邦台50,20,0,20,華南永昌-潮州,2024-10-29,9328
8107,大億金茂,33,14,19,華南永昌-潮州,2024-10-29,9328
3705,永信,18,0,18,華南永昌-潮州,2024-10-29,9328
00934,中信成長高股息,17,0,17,華南永昌-潮州,2024-10-29,9328
00918,大華優利高填息30,26,10,16,華南永昌-潮州,2024-10-29,9328
00946,群益科技高息成長,16,0,16,華南永昌-潮州,2024-10-29,9328
3481,群創,45,30,15,華南永昌-潮州,2024-10-29,9328
2609,陽明,27,12,15,華南永昌-潮州,2024-10-29,9328
00905,FT臺灣Smart,41,26,15,華南永昌-潮州,2024-10-29,9328
2883,凱基金,16,1,15,華南永昌-潮州,2024-10-29,9328
6770,力積電,14,0,14,華南永昌-潮州,2024-10-29,9328
2884,玉山金,14,0,14,華南永昌-潮州,2024-10-29,9328
5880,合庫金,13,0,13,華南永昌-潮州,2024-10-29,9328
2646,星宇航空,14,3,11,華南永昌-潮州,2024-10-29,9328
00930,永豐ESG低碳高息,11,0,11,華南永昌-潮州,2024-10-29,9328
2349,錸德,11,0,11,華南永昌-潮州,2024-10-29,9328
3552,同致,12,1,11,華南永昌-潮州,2024-10-29,9328
5488,松普,16,5,11,華南永昌-潮州,2024-10-29,9328
6288,聯嘉,11,0,11,華南永昌-潮州,2024-10-29,9328
8064,東捷,15,4,11,華南永昌-潮州,2024-10-29,9328
2330,台積電,13,3,10,華南永昌-潮州,2024-10-29,9328
9945,潤泰新,10,0,10,華南永昌-潮州,2024-10-29,9328
00935,野村臺灣新科技50,10,0,10,華南永昌-潮州,2024-10-29,9328
00915,凱基優選高股息30,10,0,10,華南永昌-潮州,2024-10-29,9328
00949,復華日本龍頭,10,0,10,華南永昌-潮州,2024-10-29,9328
1409,新纖,10,0,10,華南永昌-潮州,2024-10-29,9328
00919,群益台灣精選高息,54,1,53,華南永昌-潮州,2024-10-30,9328
9955,佳龍,52,3,49,華南永昌-潮州,2024-10-30,9328
2891,中信金,45,0,45,華南永昌-潮州,2024-10-30,9328
00712,復華富時不動產,42,0,42,華南永昌-潮州,2024-10-30,9328
00878,國泰永續高股息,33,0,33,華南永昌-潮州,2024-10-30,9328
3062,建漢,37,4,33,華南永昌-潮州,2024-10-30,9328
00929,復華台灣科技優息,51,19,32,華南永昌-潮州,2024-10-30,9328
00932,兆豐永續高息等權,31,0,31,華南永昌-潮州,2024-10-30,9328
2489,瑞軒,31,1,30,華南永昌-潮州,2024-10-30,9328
00637L,元大滬深300正2,51,22,29,華南永昌-潮州,2024-10-30,9328
3481,群創,47,20,27,華南永昌-潮州,2024-10-30,9328
00688L,國泰20年美債正2,25,0,25,華南永昌-潮州,2024-10-30,9328
00679B,元大美債20年,23,0,23,華南永昌-潮州,2024-10-30,9328
00960,野村全球航運龍頭,23,0,23,華南永昌-潮州,2024-10-30,9328
2303,聯電,27,4,23,華南永昌-潮州,2024-10-30,9328
2887,台新金,22,0,22,華南永昌-潮州,2024-10-30,9328
3715,定穎投控,24,3,21,華南永昌-潮州,2024-10-30,9328
4915,致伸,21,0,21,華南永昌-潮州,2024-10-30,9328
5905,南仁湖,20,0,20,華南永昌-潮州,2024-10-30,9328
0056,元大高股息,18,0,18,華南永昌-潮州,2024-10-30,9328
00687B,國泰20年美債,43,25,18,華南永昌-潮州,2024-10-30,9328
6142,友勁,20,2,18,華南永昌-潮州,2024-10-30,9328
5443,均豪,19,1,18,華南永昌-潮州,2024-10-30,9328
2337,旺宏,17,0,17,華南永昌-潮州,2024-10-30,9328
5488,松普,17,0,17,華南永昌-潮州,2024-10-30,9328
2642,宅配通,15,0,15,華南永昌-潮州,2024-10-30,9328
2834,臺企銀,15,0,15,華南永昌-潮州,2024-10-30,9328
5371,中光電,14,0,14,華南永昌-潮州,2024-10-30,9328
00940,元大台灣價值高息,13,0,13,華南永昌-潮州,2024-10-30,9328
2388,威盛,39,26,13,華南永昌-潮州,2024-10-30,9328
6150,撼訊,18,5,13,華南永昌-潮州,2024-10-30,9328
00946,群益科技高息成長,11,0,11,華南永昌-潮州,2024-10-30,9328
2745,五福,12,1,11,華南永昌-潮州,2024-10-30,9328
6156,松上,12,1,11,華南永昌-潮州,2024-10-30,9328
2329,華泰,21,10,11,華南永昌-潮州,2024-10-30,9328
2425,承啟,13,3,10,華南永昌-潮州,2024-10-30,9328
3705,永信,10,0,10,華南永昌-潮州,2024-10-30,9328
5009,榮剛,10,0,10,華南永昌-潮州,2024-10-30,9328
2399,映泰,36,27,9,華南永昌-潮州,2024-10-30,9328
5483,中美晶,10,1,9,華南永昌-潮州,2024-10-30,9328
00752,中信中國50,10,1,9,華南永昌-潮州,2024-10-30,9328
2349,錸德,12,3,9,華南永昌-潮州,2024-10-30,9328
00882,中信中國高股息,8,0,8,華南永昌-潮州,2024-10-30,9328
00680L,元大美債20正2,8,0,8,華南永昌-潮州,2024-10-30,9328
00939,統一台灣高息動能,10,2,8,華南永昌-潮州,2024-10-30,9328
00955,中信日本商社,8,0,8,華南永昌-潮州,2024-10-30,9328
2356,英業達,10,2,8,華南永昌-潮州,2024-10-30,9328
2449,京元電子,8,0,8,華南永昌-潮州,2024-10-30,9328
6257,矽格,8,1,7,華南永昌-潮州,2024-10-30,9328
2890,永豐金,7,0,7,華南永昌-潮州,2024-10-30,9328
2891,中信金,133,0,133,華南永昌-潮州,2024-11-01,9328
00919,群益台灣精選高息,85,1,84,華南永昌-潮州,2024-11-01,9328
00878,國泰永續高股息,66,0,66,華南永昌-潮州,2024-11-01,9328
2892,第一金,51,0,51,華南永昌-潮州,2024-11-01,9328
00929,復華台灣科技優息,52,6,46,華南永昌-潮州,2024-11-01,9328
2303,聯電,52,7,45,華南永昌-潮州,2024-11-01,9328
2337,旺宏,42,10,32,華南永昌-潮州,2024-11-01,9328
00887,永豐中國科技50大,36,4,32,華南永昌-潮州,2024-11-01,9328
2610,華航,31,1,30,華南永昌-潮州,2024-11-01,9328
00712,復華富時不動產,27,0,27,華南永昌-潮州,2024-11-01,9328
00955,中信日本商社,36,10,26,華南永昌-潮州,2024-11-01,9328
2317,鴻海,29,6,23,華南永昌-潮州,2024-11-01,9328
00877,復華中國5G,20,0,20,華南永昌-潮州,2024-11-01,9328
2645,長榮航太,20,0,20,華南永昌-潮州,2024-11-01,9328
0056,元大高股息,18,0,18,華南永昌-潮州,2024-11-01,9328
6770,力積電,19,1,18,華南永昌-潮州,2024-11-01,9328
2886,兆豐金,18,1,17,華南永昌-潮州,2024-11-01,9328
00673R,期元大S＆P原油反1,15,0,15,華南永昌-潮州,2024-11-01,9328
00960,野村全球航運龍頭,15,0,15,華南永昌-潮州,2024-11-01,9328
2431,聯昌,16,2,14,華南永昌-潮州,2024-11-01,9328
00940,元大台灣價值高息,18,6,12,華南永昌-潮州,2024-11-01,9328
006208,富邦台50,11,0,11,華南永昌-潮州,2024-11-01,9328
2923,鼎固-KY,11,0,11,華南永昌-潮州,2024-11-01,9328
6126,信音,14,3,11,華南永昌-潮州,2024-11-01,9328
2425,承啟,11,1,10,華南永昌-潮州,2024-11-01,9328
2801,彰銀,10,0,10,華南永昌-潮州,2024-11-01,9328
3374,精材,12,2,10,華南永昌-潮州,2024-11-01,9328
00795B,中信美國公債20年,10,0,10,華南永昌-潮州,2024-11-01,9328
00935,野村臺灣新科技50,10,0,10,華南永昌-潮州,2024-11-01,9328
00953B,群益優選非投等債,10,0,10,華南永昌-潮州,2024-11-01,9328
1528,恩德,28,18,10,華南永昌-潮州,2024-11-01,9328
1815,富喬,18,8,10,華南永昌-潮州,2024-11-01,9328
4958,臻鼎-KY,10,0,10,華南永昌-潮州,2024-11-01,9328
5452,佶優,12,2,10,華南永昌-潮州,2024-11-01,9328
6244,茂迪,10,0,10,華南永昌-潮州,2024-11-01,9328
9935,慶豐富,10,0,10,華南永昌-潮州,2024-11-01,9328
00713,元大台灣高息低波,9,0,9,華南永昌-潮州,2024-11-01,9328
2884,玉山金,12,3,9,華南永昌-潮州,2024-11-01,9328
2344,華邦電,13,4,9,華南永昌-潮州,2024-11-01,9328
00915,凱基優選高股息30,12,4,8,華南永昌-潮州,2024-11-01,9328
2646,星宇航空,12,3,9,華南永昌-潮州,2024-11-01,9328
00680L,元大美債20正2,8,0,8,華南永昌-潮州,2024-11-01,9328
1808,潤隆,8,0,8,華南永昌-潮州,2024-11-01,9328
00936,台新永續高息中小,10,3,7,華南永昌-潮州,2024-11-01,9328
00922,國泰台灣領袖50,8,1,7,華南永昌-潮州,2024-11-01,9328
3092,鴻碩,9,2,7,華南永昌-潮州,2024-11-01,9328
00753L,中信中國50正2,7,0,7,華南永昌-潮州,2024-11-01,9328
00685L,群益臺灣加權正2,7,0,7,華南永昌-潮州,2024-11-01,9328
00949,復華日本龍頭,7,0,7,華南永昌-潮州,2024-11-01,9328
2367,燿華,7,0,7,華南永昌-潮州,2024-11-01,9328
00919,群益台灣精選高息,82,3,79,華南永昌-潮州,2024-11-04,9328
00712,復華富時不動產,82,5,77,華南永昌-潮州,2024-11-04,9328
2408,南亞科,49,1,48,華南永昌-潮州,2024-11-04,9328
00929,復華台灣科技優息,58,15,43,華南永昌-潮州,2024-11-04,9328
00942B,台新美A公司債20+,40,0,40,華南永昌-潮州,2024-11-04,9328
2388,威盛,49,14,35,華南永昌-潮州,2024-11-04,9328
00679B,元大美債20年,27,0,27,華南永昌-潮州,2024-11-04,9328
00937B,群益ESG投等債20,28,1,27,華南永昌-潮州,2024-11-04,9328
2337,旺宏,27,3,24,華南永昌-潮州,2024-11-04,9328
2543,皇昌,55,31,24,華南永昌-潮州,2024-11-04,9328
00632R,元大台灣50反1,20,0,20,華南永昌-潮州,2024-11-04,9328
00882,中信中國高股息,20,0,20,華南永昌-潮州,2024-11-04,9328
1449,佳和,20,0,20,華南永昌-潮州,2024-11-04,9328
2412,中華電,20,0,20,華南永昌-潮州,2024-11-04,9328
00878,國泰永續高股息,26,6,20,華南永昌-潮州,2024-11-04,9328
00687B,國泰20年美債,18,0,18,華南永昌-潮州,2024-11-04,9328
2615,萬海,53,36,17,華南永昌-潮州,2024-11-04,9328
2369,菱生,23,6,17,華南永昌-潮州,2024-11-04,9328
2609,陽明,26,11,15,華南永昌-潮州,2024-11-04,9328
00930,永豐ESG低碳高息,15,0,15,華南永昌-潮州,2024-11-04,9328
2329,華泰,14,0,14,華南永昌-潮州,2024-11-04,9328
2409,友達,16,2,14,華南永昌-潮州,2024-11-04,9328
2303,聯電,17,5,12,華南永昌-潮州,2024-11-04,9328
00751B,元大AAA至A公司債,12,0,12,華南永昌-潮州,2024-11-04,9328
2431,聯昌,22,11,11,華南永昌-潮州,2024-11-04,9328
00936,台新永續高息中小,10,0,10,華南永昌-潮州,2024-11-04,9328
00680L,元大美債20正2,10,0,10,華南永昌-潮州,2024-11-04,9328
00864B,中信美國公債0-1,10,0,10,華南永昌-潮州,2024-11-04,9328
00945B,凱基美國非投等債,10,0,10,華南永昌-潮州,2024-11-04,9328
1524,耿鼎,10,0,10,華南永昌-潮州,2024-11-04,9328
2495,普安,10,0,10,華南永昌-潮州,2024-11-04,9328
3483,力致,10,0,10,華南永昌-潮州,2024-11-04,9328
3705,永信,10,0,10,華南永昌-潮州,2024-11-04,9328
3049,精金,10,1,9,華南永昌-潮州,2024-11-04,9328
5426,振發,34,25,9,華南永昌-潮州,2024-11-04,9328
6609,瀧澤科,11,2,9,華南永昌-潮州,2024-11-04,9328
2330,台積電,11,2,9,華南永昌-潮州,2024-11-04,9328
00858,永豐美國500大,8,0,8,華南永昌-潮州,2024-11-04,9328
00935,野村臺灣新科技50,8,0,8,華南永昌-潮州,2024-11-04,9328
00713,元大台灣高息低波,7,0,7,華南永昌-潮州,2024-11-04,9328
1314,中石化,9,2,7,華南永昌-潮州,2024-11-04,9328
6134,萬旭,10,3,7,華南永昌-潮州,2024-11-04,9328
3481,群創,9,2,7,華南永昌-潮州,2024-11-04,9328
3710,連展投控,7,1,6,華南永昌-潮州,2024-11-04,9328
5388,中磊,6,0,6,華南永昌-潮州,2024-11-04,9328
00946,群益科技高息成長,6,0,6,華南永昌-潮州,2024-11-04,9328
00655L,國泰中國A50正2,5,0,5,華南永昌-潮州,2024-11-04,9328
1595,川寶,5,0,5,華南永昌-潮州,2024-11-04,9328
1710,東聯,5,0,5,華南永昌-潮州,2024-11-04,9328
2392,正崴,6,1,5,華南永昌-潮州,2024-11-04,9328
8111,立��,128,3,125,華南永昌-潮州,2024-11-05,9328
2399,映泰,115,5,110,華南永昌-潮州,2024-11-05,9328
00919,群益台灣精選高息,79,10,69,華南永昌-潮州,2024-11-05,9328
00930,永豐ESG低碳高息,51,0,51,華南永昌-潮州,2024-11-05,9328
2303,聯電,47,8,39,華南永昌-潮州,2024-11-05,9328
00929,復華台灣科技優息,32,0,32,華南永昌-潮州,2024-11-05,9328
4977,眾達-KY,41,13,28,華南永昌-潮州,2024-11-05,9328
00752,中信中國50,30,4,26,華南永昌-潮州,2024-11-05,9328
00712,復華富時不動產,23,0,23,華南永昌-潮州,2024-11-05,9328
00940,元大台灣價值高息,23,2,21,華南永昌-潮州,2024-11-05,9328
2646,星宇航空,23,2,21,華南永昌-潮州,2024-11-05,9328
00887,永豐中國科技50大,23,4,19,華南永昌-潮州,2024-11-05,9328
0056,元大高股息,19,2,17,華南永昌-潮州,2024-11-05,9328
00673R,期元大S＆P原油反1,15,0,15,華南永昌-潮州,2024-11-05,9328
3550,聯穎,14,0,14,華南永昌-潮州,2024-11-05,9328
00915,凱基優選高股息30,13,2,11,華南永昌-潮州,2024-11-05,9328
3047,訊舟,11,1,10,華南永昌-潮州,2024-11-05,9328
3354,律勝,10,0,10,華南永昌-潮州,2024-11-05,9328
4919,新唐,22,13,9,華南永昌-潮州,2024-11-05,9328
8064,東捷,20,11,9,華南永昌-潮州,2024-11-05,9328
1216,統一,9,1,8,華南永昌-潮州,2024-11-05,9328
2069,運錩,8,0,8,華南永昌-潮州,2024-11-05,9328
8429,金麗-KY,8,0,8,華南永昌-潮州,2024-11-05,9328
3711,日月光投控,7,0,7,華南永昌-潮州,2024-11-05,9328
2329,華泰,7,0,7,華南永昌-潮州,2024-11-05,9328
2351,順德,6,0,6,華南永昌-潮州,2024-11-05,9328
00885,富邦越南,6,0,6,華南永昌-潮州,2024-11-05,9328
2027,大成鋼,6,0,6,華南永昌-潮州,2024-11-05,9328
2323,中環,6,0,6,華南永昌-潮州,2024-11-05,9328
2515,中工,6,0,6,華南永昌-潮州,2024-11-05,9328
00713,元大台灣高息低波,6,0,6,華南永昌-潮州,2024-11-05,9328
00946,群益科技高息成長,7,1,6,華南永昌-潮州,2024-11-05,9328
8390,金益鼎,5,0,5,華南永昌-潮州,2024-11-05,9328
2408,南亞科,5,0,5,華南永昌-潮州,2024-11-05,9328
2458,義隆,5,0,5,華南永昌-潮州,2024-11-05,9328
1605,華新,5,0,5,華南永昌-潮州,2024-11-05,9328
2363,矽統,23,18,5,華南永昌-潮州,2024-11-05,9328
2477,美隆電,6,1,5,華南永昌-潮州,2024-11-05,9328
3710,連展投控,5,0,5,華南永昌-潮州,2024-11-05,9328
5905,南仁湖,5,0,5,華南永昌-潮州,2024-11-05,9328
6213,聯茂,8,3,5,華南永昌-潮州,2024-11-05,9328
6216,居易,5,0,5,華南永昌-潮州,2024-11-05,9328
9105,泰金寶-DR,21,16,5,華南永昌-潮州,2024-11-05,9328
2834,臺企銀,7,2,5,華南永昌-潮州,2024-11-05,9328
3013,晟銘電,9,5,4,華南永昌-潮州,2024-11-05,9328
8088,品安,4,0,4,華南永昌-潮州,2024-11-05,9328
00881,國泰台灣5G+,10,6,4,華南永昌-潮州,2024-11-05,9328
00795B,中信美國公債20年,4,0,4,華南永昌-潮州,2024-11-05,9328
3294,英濟,5,1,4,華南永昌-潮州,2024-11-05,9328
6005,群益證,4,0,4,華南永昌-潮州,2024-11-05,9328
00687B,國泰20年美債,128,4,124,華南永昌-潮州,2024-11-06,9328
00679B,元大美債20年,79,0,79,華南永昌-潮州,2024-11-06,9328
00919,群益台灣精選高息,79,5,74,華南永昌-潮州,2024-11-06,9328
3481,群創,65,3,62,華南永昌-潮州,2024-11-06,9328
00887,永豐中國科技50大,90,36,54,華南永昌-潮州,2024-11-06,9328
00680L,元大美債20正2,51,0,51,華南永昌-潮州,2024-11-06,9328
1609,大亞,41,0,41,華南永昌-潮州,2024-11-06,9328
00915,凱基優選高股息30,48,8,40,華南永昌-潮州,2024-11-06,9328
00900,富邦特選高股息30,42,7,35,華南永昌-潮州,2024-11-06,9328
00712,復華富時不動產,32,1,31,華南永昌-潮州,2024-11-06,9328
1569,濱川,30,1,29,華南永昌-潮州,2024-11-06,9328
2303,聯電,63,35,28,華南永昌-潮州,2024-11-06,9328
00937B,群益ESG投等債20,47,19,28,華南永昌-潮州,2024-11-06,9328
8111,立��,28,1,27,華南永昌-潮州,2024-11-06,9328
00650L,復華香港正2,22,0,22,華南永昌-潮州,2024-11-06,9328
00688L,國泰20年美債正2,21,0,21,華南永昌-潮州,2024-11-06,9328
00637L,元大滬深300正2,22,2,20,華南永昌-潮州,2024-11-06,9328
2369,菱生,20,0,20,華南永昌-潮州,2024-11-06,9328
2431,聯昌,28,8,20,華南永昌-潮州,2024-11-06,9328
2351,順德,29,14,15,華南永昌-潮州,2024-11-06,9328
00882,中信中國高股息,29,15,14,華南永昌-潮州,2024-11-06,9328
1307,三芳,14,0,14,華南永昌-潮州,2024-11-06,9328
4562,穎漢,38,25,13,華南永昌-潮州,2024-11-06,9328
00878,國泰永續高股息,19,6,13,華南永昌-潮州,2024-11-06,9328
8070,長華*,16,4,12,華南永昌-潮州,2024-11-06,9328
2337,旺宏,11,0,11,華南永昌-潮州,2024-11-06,9328
00665L,富邦�琤肭磪囓�2,30,20,10,華南永昌-潮州,2024-11-06,9328
00932,兆豐永續高息等權,10,0,10,華南永昌-潮州,2024-11-06,9328
2543,皇昌,14,4,10,華南永昌-潮州,2024-11-06,9328
3551,世禾,10,0,10,華南永昌-潮州,2024-11-06,9328
3705,永信,10,0,10,華南永昌-潮州,2024-11-06,9328
6120,達運,10,0,10,華南永昌-潮州,2024-11-06,9328
3149,正達,15,6,9,華南永昌-潮州,2024-11-06,9328
1301,台塑,7,0,7,華南永昌-潮州,2024-11-06,9328
2399,映泰,19,12,7,華南永昌-潮州,2024-11-06,9328
8027,鈦昇,9,2,7,華南永昌-潮州,2024-11-06,9328
00722B,群益投資級電信債,6,0,6,華南永昌-潮州,2024-11-06,9328
1540,喬福,7,1,6,華南永昌-潮州,2024-11-06,9328
1595,川寶,6,0,6,華南永昌-潮州,2024-11-06,9328
8374,羅昇,9,3,6,華南永昌-潮州,2024-11-06,9328
2356,英業達,36,30,6,華南永昌-潮州,2024-11-06,9328
2313,華通,5,0,5,華南永昌-潮州,2024-11-06,9328
00918,大華優利高填息30,7,2,5,華南永昌-潮州,2024-11-06,9328
00948B,中信優息投資級債,5,0,5,華南永昌-潮州,2024-11-06,9328
1319,東陽,5,0,5,華南永昌-潮州,2024-11-06,9328
1409,新纖,5,0,5,華南永昌-潮州,2024-11-06,9328
1455,集盛,5,0,5,華南永昌-潮州,2024-11-06,9328
2349,錸德,5,0,5,華南永昌-潮州,2024-11-06,9328
2409,友達,11,6,5,華南永昌-潮州,2024-11-06,9328
3714,富采,12,7,5,華南永昌-潮州,2024-11-06,9328
00632R,元大台灣50反1,114,0,114,華南永昌-潮州,2024-11-07,9328
2888,新光金,103,10,93,華南永昌-潮州,2024-11-07,9328
2883,凱基金,91,1,90,華南永昌-潮州,2024-11-07,9328
2489,瑞軒,52,0,52,華南永昌-潮州,2024-11-07,9328
00878,國泰永續高股息,53,3,50,華南永昌-潮州,2024-11-07,9328
2317,鴻海,58,24,34,華南永昌-潮州,2024-11-07,9328
2376,技嘉,34,3,31,華南永昌-潮州,2024-11-07,9328
3037,欣興,58,30,28,華南永昌-潮州,2024-11-07,9328
00919,群益台灣精選高息,29,6,23,華南永昌-潮州,2024-11-07,9328
2027,大成鋼,50,29,21,華南永昌-潮州,2024-11-07,9328
2303,聯電,68,50,18,華南永昌-潮州,2024-11-07,9328
1303,南亞,21,4,17,華南永昌-潮州,2024-11-07,9328
1449,佳和,17,0,17,華南永昌-潮州,2024-11-07,9328
00680L,元大美債20正2,18,2,16,華南永昌-潮州,2024-11-07,9328
3189,景碩,15,0,15,華南永昌-潮州,2024-11-07,9328
00887,永豐中國科技50大,14,0,14,華南永昌-潮州,2024-11-07,9328
00688L,國泰20年美債正2,14,0,14,華南永昌-潮州,2024-11-07,9328
2204,中華,13,0,13,華南永昌-潮州,2024-11-07,9328
6776,展�眥篕�,12,0,12,華南永昌-潮州,2024-11-07,9328
8043,蜜望實,12,1,11,華南永昌-潮州,2024-11-07,9328
00673R,期元大S＆P原油反1,10,0,10,華南永昌-潮州,2024-11-07,9328
4306,炎洲,10,0,10,華南永昌-潮州,2024-11-07,9328
5460,同協,10,0,10,華南永昌-潮州,2024-11-07,9328
6288,聯嘉,22,12,10,華南永昌-潮州,2024-11-07,9328
00900,富邦特選高股息30,10,0,10,華南永昌-潮州,2024-11-07,9328
3029,零壹,10,0,10,華南永昌-潮州,2024-11-07,9328
4533,協易機,15,6,9,華南永昌-潮州,2024-11-07,9328
2646,星宇航空,8,0,8,華南永昌-潮州,2024-11-07,9328
1536,和大,13,5,8,華南永昌-潮州,2024-11-07,9328
4503,金雨,8,0,8,華南永昌-潮州,2024-11-07,9328
3530,晶相光,9,1,8,華南永昌-潮州,2024-11-07,9328
2892,第一金,7,0,7,華南永昌-潮州,2024-11-07,9328
00712,復華富時不動產,7,0,7,華南永昌-潮州,2024-11-07,9328
00685L,群益臺灣加權正2,7,0,7,華南永昌-潮州,2024-11-07,9328
6770,力積電,11,4,7,華南永昌-潮州,2024-11-07,9328
00687B,國泰20年美債,7,1,6,華南永昌-潮州,2024-11-07,9328
2014,中鴻,26,20,6,華南永昌-潮州,2024-11-07,9328
4927,泰鼎-KY,6,0,6,華南永昌-潮州,2024-11-07,9328
8034,榮群,7,1,6,華南永昌-潮州,2024-11-07,9328
6197,佳必琪,6,0,6,華南永昌-潮州,2024-11-07,9328
6488,環球晶,5,0,5,華南永昌-潮州,2024-11-07,9328
00918,大華優利高填息30,5,0,5,華南永昌-潮州,2024-11-07,9328
2038,海光,12,7,5,華南永昌-潮州,2024-11-07,9328
2062,橋椿,10,5,5,華南永昌-潮州,2024-11-07,9328
2201,裕隆,5,0,5,華南永昌-潮州,2024-11-07,9328
2408,南亞科,5,0,5,華南永昌-潮州,2024-11-07,9328
3294,英濟,5,0,5,華南永昌-潮州,2024-11-07,9328
3663,鑫科,5,0,5,華南永昌-潮州,2024-11-07,9328
3712,永崴投控,5,0,5,華南永昌-潮州,2024-11-07,9328
6830,汎銓,5,0,5,華南永昌-潮州,2024-11-07,9328
00706L,期元大S＆P日圓正2,200,0,200,華南永昌-潮州,2024-11-08,9328
2867,三商壽,108,0,108,華南永昌-潮州,2024-11-08,9328
3062,建漢,120,32,88,華南永昌-潮州,2024-11-08,9328
2489,瑞軒,76,1,75,華南永昌-潮州,2024-11-08,9328
2353,宏��,68,0,68,華南永昌-潮州,2024-11-08,9328
1609,大亞,62,0,62,華南永昌-潮州,2024-11-08,9328
9105,泰金寶-DR,115,53,62,華南永昌-潮州,2024-11-08,9328
6182,合晶,45,0,45,華南永昌-潮州,2024-11-08,9328
00887,永豐中國科技50大,44,6,38,華南永昌-潮州,2024-11-08,9328
00753L,中信中國50正2,54,22,32,華南永昌-潮州,2024-11-08,9328
6116,彩晶,32,0,32,華南永昌-潮州,2024-11-08,9328
2313,華通,32,3,29,華南永昌-潮州,2024-11-08,9328
2388,威盛,37,9,28,華南永昌-潮州,2024-11-08,9328
2303,聯電,74,48,26,華南永昌-潮州,2024-11-08,9328
00900,富邦特選高股息30,26,2,24,華南永昌-潮州,2024-11-08,9328
1531,高林股,33,10,23,華南永昌-潮州,2024-11-08,9328
00680L,元大美債20正2,26,4,22,華南永昌-潮州,2024-11-08,9328
00719B,元大美債1-3,22,0,22,華南永昌-潮州,2024-11-08,9328
2034,允強,20,0,20,華南永昌-潮州,2024-11-08,9328
2409,友達,19,0,19,華南永昌-潮州,2024-11-08,9328
6207,雷科,18,0,18,華南永昌-潮州,2024-11-08,9328
2356,英業達,64,46,18,華南永昌-潮州,2024-11-08,9328
2354,鴻準,71,53,18,華南永昌-潮州,2024-11-08,9328
00712,復華富時不動產,17,0,17,華南永昌-潮州,2024-11-08,9328
6609,瀧澤科,17,1,16,華南永昌-潮州,2024-11-08,9328
00930,永豐ESG低碳高息,15,0,15,華南永昌-潮州,2024-11-08,9328
3481,群創,15,0,15,華南永昌-潮州,2024-11-08,9328
00915,凱基優選高股息30,15,1,14,華南永昌-潮州,2024-11-08,9328
2332,友訊,16,2,14,華南永昌-潮州,2024-11-08,9328
1721,三晃,14,1,13,華南永昌-潮州,2024-11-08,9328
2014,中鴻,13,0,13,華南永昌-潮州,2024-11-08,9328
00919,群益台灣精選高息,16,3,13,華南永昌-潮州,2024-11-08,9328
6505,台塑化,13,1,12,華南永昌-潮州,2024-11-08,9328
3691,碩禾,12,0,12,華南永昌-潮州,2024-11-08,9328
00713,元大台灣高息低波,12,0,12,華南永昌-潮州,2024-11-08,9328
3037,欣興,30,19,11,華南永昌-潮州,2024-11-08,9328
1326,台化,11,0,11,華南永昌-潮州,2024-11-08,9328
2892,第一金,10,0,10,華南永昌-潮州,2024-11-08,9328
00891,中信關鍵半導體,10,0,10,華南永昌-潮州,2024-11-08,9328
1409,新纖,10,0,10,華南永昌-潮州,2024-11-08,9328
3484,崧騰,10,0,10,華南永昌-潮州,2024-11-08,9328
3499,環天科,10,0,10,華南永昌-潮州,2024-11-08,9328
5381,合正,10,0,10,華南永昌-潮州,2024-11-08,9328
9962,有益,10,0,10,華南永昌-潮州,2024-11-08,9328
2542,興富發,16,6,10,華南永昌-潮州,2024-11-08,9328
1587,吉茂,9,0,9,華南永昌-潮州,2024-11-08,9328
1815,富喬,43,34,9,華南永昌-潮州,2024-11-08,9328
4956,光鋐,9,0,9,華南永昌-潮州,2024-11-08,9328
6134,萬旭,9,0,9,華南永昌-潮州,2024-11-08,9328
00878,國泰永續高股息,29,20,9,華南永昌-潮州,2024-11-08,9328
3303,岱稜,158,34,124,華南永昌-潮州,2024-11-11,9328
00919,群益台灣精選高息,89,4,85,華南永昌-潮州,2024-11-11,9328
2353,宏��,63,1,62,華南永昌-潮州,2024-11-11,9328
00712,復華富時不動產,52,1,51,華南永昌-潮州,2024-11-11,9328
00679B,元大美債20年,49,2,47,華南永昌-潮州,2024-11-11,9328
1569,濱川,38,0,38,華南永昌-潮州,2024-11-11,9328
3037,欣興,38,1,37,華南永昌-潮州,2024-11-11,9328
00915,凱基優選高股息30,34,0,34,華南永昌-潮州,2024-11-11,9328
00878,國泰永續高股息,35,2,33,華南永昌-潮州,2024-11-11,9328
3607,谷崧,30,0,30,華南永昌-潮州,2024-11-11,9328
3060,銘異,30,1,29,華南永昌-潮州,2024-11-11,9328
2449,京元電子,32,3,29,華南永昌-潮州,2024-11-11,9328
00905,FT臺灣Smart,28,0,28,華南永昌-潮州,2024-11-11,9328
00637L,元大滬深300正2,41,20,21,華南永昌-潮州,2024-11-11,9328
00713,元大台灣高息低波,20,0,20,華南永昌-潮州,2024-11-11,9328
1104,環泥,19,0,19,華南永昌-潮州,2024-11-11,9328
2489,瑞軒,19,0,19,華南永昌-潮州,2024-11-11,9328
2834,臺企銀,16,0,16,華南永昌-潮州,2024-11-11,9328
00864B,中信美國公債0-1,15,0,15,華南永昌-潮州,2024-11-11,9328
6121,新普,16,1,15,華南永昌-潮州,2024-11-11,9328
6153,嘉聯益,15,0,15,華南永昌-潮州,2024-11-11,9328
2303,聯電,26,12,14,華南永昌-潮州,2024-11-11,9328
3481,群創,14,1,13,華南永昌-潮州,2024-11-11,9328
2882,國泰金,13,0,13,華南永昌-潮州,2024-11-11,9328
2409,友達,13,0,13,華南永昌-潮州,2024-11-11,9328
2615,萬海,22,10,12,華南永昌-潮州,2024-11-11,9328
4743,合一,12,0,12,華南永昌-潮州,2024-11-11,9328
00929,復華台灣科技優息,21,10,11,華南永昌-潮州,2024-11-11,9328
1605,華新,16,5,11,華南永昌-潮州,2024-11-11,9328
2328,廣宇,11,0,11,華南永昌-潮州,2024-11-11,9328
2344,華邦電,11,0,11,華南永昌-潮州,2024-11-11,9328
2369,菱生,21,10,11,華南永昌-潮州,2024-11-11,9328
2301,光寶科,16,6,10,華南永昌-潮州,2024-11-11,9328
6869,雲豹能源,30,20,10,華南永昌-潮州,2024-11-11,9328
00753L,中信中國50正2,10,0,10,華南永昌-潮州,2024-11-11,9328
00633L,富邦上証正2,10,0,10,華南永昌-潮州,2024-11-11,9328
00960,野村全球航運龍頭,10,0,10,華南永昌-潮州,2024-11-11,9328
2312,金寶,30,20,10,華南永昌-潮州,2024-11-11,9328
2425,承啟,10,0,10,華南永昌-潮州,2024-11-11,9328
3040,遠見,10,0,10,華南永昌-潮州,2024-11-11,9328
8105,凌巨,10,0,10,華南永昌-潮州,2024-11-11,9328
3005,神基,10,0,10,華南永昌-潮州,2024-11-11,9328
00940,元大台灣價值高息,10,1,9,華南永昌-潮州,2024-11-11,9328
1587,吉茂,9,0,9,華南永昌-潮州,2024-11-11,9328
4958,臻鼎-KY,11,2,9,華南永昌-潮州,2024-11-11,9328
6546,正基,9,0,9,華南永昌-潮州,2024-11-11,9328
006208,富邦台50,8,0,8,華南永昌-潮州,2024-11-11,9328
2337,旺宏,8,0,8,華南永昌-潮州,2024-11-11,9328
2605,新興,14,6,8,華南永昌-潮州,2024-11-11,9328
6116,彩晶,8,0,8,華南永昌-潮州,2024-11-11,9328
2883,凱基金,138,0,138,華南永昌-潮州,2024-11-12,9328
00878,國泰永續高股息,161,55,106,華南永昌-潮州,2024-11-12,9328
2356,英業達,115,32,83,華南永昌-潮州,2024-11-12,9328
2412,中華電,83,2,81,華南永昌-潮州,2024-11-12,9328
00715L,期街口布蘭特正2,57,0,57,華南永昌-潮州,2024-11-12,9328
00915,凱基優選高股息30,52,2,50,華南永昌-潮州,2024-11-12,9328
00919,群益台灣精選高息,39,0,39,華南永昌-潮州,2024-11-12,9328
0056,元大高股息,49,11,38,華南永昌-潮州,2024-11-12,9328
2317,鴻海,45,10,35,華南永昌-潮州,2024-11-12,9328
3481,群創,47,11,36,華南永昌-潮州,2024-11-12,9328
00930,永豐ESG低碳高息,31,0,31,華南永昌-潮州,2024-11-12,9328
00929,復華台灣科技優息,32,4,28,華南永昌-潮州,2024-11-12,9328
1314,中石化,28,0,28,華南永昌-潮州,2024-11-12,9328
2328,廣宇,30,3,27,華南永昌-潮州,2024-11-12,9328
2892,第一金,22,0,22,華南永昌-潮州,2024-11-12,9328
6152,百一,21,0,21,華南永昌-潮州,2024-11-12,9328
8249,菱光,53,32,21,華南永昌-潮州,2024-11-12,9328
2609,陽明,77,56,21,華南永昌-潮州,2024-11-12,9328
00932,兆豐永續高息等權,20,0,20,華南永昌-潮州,2024-11-12,9328
00665L,富邦�琤肭磪囓�2,20,0,20,華南永昌-潮州,2024-11-12,9328
00650L,復華香港正2,20,0,20,華南永昌-潮州,2024-11-12,9328
3060,銘異,20,0,20,華南永昌-潮州,2024-11-12,9328
5907,大洋-KY,20,0,20,華南永昌-潮州,2024-11-12,9328
2002,中鋼,21,1,20,華南永昌-潮州,2024-11-12,9328
2923,鼎固-KY,17,0,17,華南永昌-潮州,2024-11-12,9328
2834,臺企銀,22,5,17,華南永昌-潮州,2024-11-12,9328
00922,國泰台灣領袖50,20,4,16,華南永昌-潮州,2024-11-12,9328
3550,聯穎,16,0,16,華南永昌-潮州,2024-11-12,9328
2615,萬海,36,21,15,華南永昌-潮州,2024-11-12,9328
3234,光環,17,2,15,華南永昌-潮州,2024-11-12,9328
5309,系統電,19,4,15,華南永昌-潮州,2024-11-12,9328
6207,雷科,16,1,15,華南永昌-潮州,2024-11-12,9328
00943,兆豐電子高息等權,14,0,14,華南永昌-潮州,2024-11-12,9328
8358,金居,14,0,14,華南永昌-潮州,2024-11-12,9328
3231,緯創,18,6,12,華南永昌-潮州,2024-11-12,9328
00921,兆豐龍頭等權重,12,0,12,華南永昌-潮州,2024-11-12,9328
2313,華通,13,1,12,華南永昌-潮州,2024-11-12,9328
6116,彩晶,12,0,12,華南永昌-潮州,2024-11-12,9328
6134,萬旭,14,2,12,華南永昌-潮州,2024-11-12,9328
3715,定穎投控,11,0,11,華南永昌-潮州,2024-11-12,9328
2641,正德,13,2,11,華南永昌-潮州,2024-11-12,9328
3374,精材,12,1,11,華南永昌-潮州,2024-11-12,9328
6288,聯嘉,11,0,11,華南永昌-潮州,2024-11-12,9328
3037,欣興,11,1,10,華南永昌-潮州,2024-11-12,9328
00881,國泰台灣5G+,10,0,10,華南永昌-潮州,2024-11-12,9328
4128,中天,10,0,10,華南永昌-潮州,2024-11-12,9328
2408,南亞科,10,0,10,華南永昌-潮州,2024-11-12,9328
2314,台揚,12,2,10,華南永昌-潮州,2024-11-12,9328
2369,菱生,10,0,10,華南永昌-潮州,2024-11-12,9328
9955,佳龍,10,0,10,華南永昌-潮州,2024-11-12,9328
00878,國泰永續高股息,158,0,158,華南永昌-潮州,2024-11-13,9328
2892,第一金,67,0,67,華南永昌-潮州,2024-11-13,9328
2328,廣宇,51,1,50,華南永昌-潮州,2024-11-13,9328
8249,菱光,130,80,50,華南永昌-潮州,2024-11-13,9328
00919,群益台灣精選高息,52,3,49,華南永昌-潮州,2024-11-13,9328
5488,松普,55,9,46,華南永昌-潮州,2024-11-13,9328
1569,濱川,46,3,43,華南永昌-潮州,2024-11-13,9328
00680L,元大美債20正2,34,0,34,華南永昌-潮州,2024-11-13,9328
00930,永豐ESG低碳高息,34,2,32,華南永昌-潮州,2024-11-13,9328
6770,力積電,32,0,32,華南永昌-潮州,2024-11-13,9328
00688L,國泰20年美債正2,27,0,27,華南永昌-潮州,2024-11-13,9328
2323,中環,25,0,25,華南永昌-潮州,2024-11-13,9328
2883,凱基金,25,1,24,華南永昌-潮州,2024-11-13,9328
2605,新興,27,4,23,華南永昌-潮州,2024-11-13,9328
00687B,國泰20年美債,22,0,22,華南永昌-潮州,2024-11-13,9328
00915,凱基優選高股息30,25,3,22,華南永昌-潮州,2024-11-13,9328
1717,長興,21,0,21,華南永昌-潮州,2024-11-13,9328
9935,慶豐富,20,0,20,華南永昌-潮州,2024-11-13,9328
2022,聚亨,19,0,19,華南永昌-潮州,2024-11-13,9328
1605,華新,16,0,16,華南永昌-潮州,2024-11-13,9328
2409,友達,17,1,16,華南永昌-潮州,2024-11-13,9328
2882,國泰金,15,0,15,華南永昌-潮州,2024-11-13,9328
2317,鴻海,18,3,15,華南永昌-潮州,2024-11-13,9328
1314,中石化,17,2,15,華南永昌-潮州,2024-11-13,9328
2349,錸德,51,36,15,華南永昌-潮州,2024-11-13,9328
2330,台積電,14,0,14,華南永昌-潮州,2024-11-13,9328
0056,元大高股息,14,0,14,華南永昌-潮州,2024-11-13,9328
4157,太景*-KY,13,0,13,華南永昌-潮州,2024-11-13,9328
2408,南亞科,24,12,12,華南永昌-潮州,2024-11-13,9328
1229,聯華,11,0,11,華南永昌-潮州,2024-11-13,9328
6763,綠界科技*,12,1,11,華南永昌-潮州,2024-11-13,9328
3032,偉訓,11,0,11,華南永昌-潮州,2024-11-13,9328
3047,訊舟,11,0,11,華南永昌-潮州,2024-11-13,9328
8112,至上,11,0,11,華南永昌-潮州,2024-11-13,9328
2449,京元電子,13,2,11,華南永昌-潮州,2024-11-13,9328
2543,皇昌,10,0,10,華南永昌-潮州,2024-11-13,9328
00669R,國泰美國道瓊反1,10,0,10,華南永昌-潮州,2024-11-13,9328
00942B,台新美A公司債20+,10,0,10,華南永昌-潮州,2024-11-13,9328
1711,永光,10,0,10,華南永昌-潮州,2024-11-13,9328
2337,旺宏,10,0,10,華南永昌-潮州,2024-11-13,9328
2646,星宇航空,13,3,10,華南永昌-潮州,2024-11-13,9328
3483,力致,10,0,10,華南永昌-潮州,2024-11-13,9328
5907,大洋-KY,10,0,10,華南永昌-潮州,2024-11-13,9328
6177,達麗,11,1,10,華南永昌-潮州,2024-11-13,9328
00937B,群益ESG投等債20,12,2,10,華南永昌-潮州,2024-11-13,9328
00679B,元大美債20年,12,4,8,華南永昌-潮州,2024-11-13,9328
00921,兆豐龍頭等權重,8,0,8,華南永昌-潮州,2024-11-13,9328
3450,聯鈞,11,3,8,華南永昌-潮州,2024-11-13,9328
2542,興富發,8,0,8,華南永昌-潮州,2024-11-13,9328
3374,精材,8,0,8,華南永昌-潮州,2024-11-13,9328
00878,國泰永續高股息,113,3,110,華南永昌-潮州,2024-11-14,9328
6770,力積電,83,0,83,華南永昌-潮州,2024-11-14,9328
0056,元大高股息,67,0,67,華南永昌-潮州,2024-11-14,9328
2303,聯電,56,3,53,華南永昌-潮州,2024-11-14,9328
1569,濱川,56,4,52,華南永昌-潮州,2024-11-14,9328
9105,泰金寶-DR,118,69,49,華南永昌-潮州,2024-11-14,9328
00929,復華台灣科技優息,87,45,42,華南永昌-潮州,2024-11-14,9328
00915,凱基優選高股息30,41,1,40,華南永昌-潮州,2024-11-14,9328
00679B,元大美債20年,34,1,33,華南永昌-潮州,2024-11-14,9328
2317,鴻海,32,9,23,華南永昌-潮州,2024-11-14,9328
00942B,台新美A公司債20+,21,0,21,華南永昌-潮州,2024-11-14,9328
2022,聚亨,21,0,21,華南永昌-潮州,2024-11-14,9328
2328,廣宇,25,4,21,華南永昌-潮州,2024-11-14,9328
00919,群益台灣精選高息,20,0,20,華南永昌-潮州,2024-11-14,9328
2634,漢翔,20,0,20,華南永昌-潮州,2024-11-14,9328
1314,中石化,23,4,19,華南永昌-潮州,2024-11-14,9328
00907,永豐優息存股,19,0,19,華南永昌-潮州,2024-11-14,9328
2892,第一金,18,0,18,華南永昌-潮州,2024-11-14,9328
5880,合庫金,18,0,18,華南永昌-潮州,2024-11-14,9328
00712,復華富時不動產,17,0,17,華南永昌-潮州,2024-11-14,9328
2646,星宇航空,22,5,17,華南永昌-潮州,2024-11-14,9328
3017,奇鋐,21,4,17,華南永昌-潮州,2024-11-14,9328
4931,新盛力,44,27,17,華南永昌-潮州,2024-11-14,9328
00713,元大台灣高息低波,16,0,16,華南永昌-潮州,2024-11-14,9328
2323,中環,16,0,16,華南永昌-潮州,2024-11-14,9328
2923,鼎固-KY,16,0,16,華南永昌-潮州,2024-11-14,9328
2312,金寶,22,7,15,華南永昌-潮州,2024-11-14,9328
00946,群益科技高息成長,12,0,12,華南永昌-潮州,2024-11-14,9328
00922,國泰台灣領袖50,12,0,12,華南永昌-潮州,2024-11-14,9328
00941,中信上游半導體,12,0,12,華南永昌-潮州,2024-11-14,9328
2356,英業達,19,8,11,華南永昌-潮州,2024-11-14,9328
00930,永豐ESG低碳高息,16,5,11,華南永昌-潮州,2024-11-14,9328
2204,中華,11,0,11,華南永昌-潮州,2024-11-14,9328
2609,陽明,29,18,11,華南永昌-潮州,2024-11-14,9328
2330,台積電,13,3,10,華南永昌-潮州,2024-11-14,9328
00931B,統一美債20年,10,0,10,華南永昌-潮州,2024-11-14,9328
00669R,國泰美國道瓊反1,10,0,10,華南永昌-潮州,2024-11-14,9328
4543,萬在,10,0,10,華南永昌-潮州,2024-11-14,9328
5009,榮剛,11,1,10,華南永昌-潮州,2024-11-14,9328
6215,和椿,10,0,10,華南永昌-潮州,2024-11-14,9328
8201,無敵,10,0,10,華南永昌-潮州,2024-11-14,9328
3715,定穎投控,9,0,9,華南永昌-潮州,2024-11-14,9328
00887,永豐中國科技50大,10,1,9,華南永昌-潮州,2024-11-14,9328
1611,中電,126,117,9,華南永昌-潮州,2024-11-14,9328
9935,慶豐富,9,0,9,華南永昌-潮州,2024-11-14,9328
4938,和碩,10,2,8,華南永昌-潮州,2024-11-14,9328
1721,三晃,8,0,8,華南永昌-潮州,2024-11-14,9328
4114,健喬,8,0,8,華南永昌-潮州,2024-11-14,9328
2002,中鋼,10,3,7,華南永昌-潮州,2024-11-14,9328
00927,群益半導體收益,7,0,7,華南永昌-潮州,2024-11-14,9328
00878,國泰永續高股息,184,33,151,華南永昌-潮州,2024-11-15,9328
2834,臺企銀,96,1,95,華南永昌-潮州,2024-11-15,9328
2646,星宇航空,76,0,76,華南永昌-潮州,2024-11-15,9328
00929,復華台灣科技優息,61,9,52,華南永昌-潮州,2024-11-15,9328
6443,元晶,50,0,50,華南永昌-潮州,2024-11-15,9328
2317,鴻海,45,0,45,華南永昌-潮州,2024-11-15,9328
6182,合晶,38,0,38,華南永昌-潮州,2024-11-15,9328
3715,定穎投控,38,2,36,華南永昌-潮州,2024-11-15,9328
3090,日電貿,33,8,25,華南永昌-潮州,2024-11-15,9328
3202,樺晟,25,0,25,華南永昌-潮州,2024-11-15,9328
3481,群創,34,13,21,華南永昌-潮州,2024-11-15,9328
6134,萬旭,20,0,20,華南永昌-潮州,2024-11-15,9328
00719B,元大美債1-3,15,0,15,華南永昌-潮州,2024-11-15,9328
3323,加百裕,18,3,15,華南永昌-潮州,2024-11-15,9328
3706,神達,70,56,14,華南永昌-潮州,2024-11-15,9328
1611,中電,14,0,14,華南永昌-潮州,2024-11-15,9328
2392,正崴,20,7,13,華南永昌-潮州,2024-11-15,9328
8027,鈦昇,13,0,13,華南永昌-潮州,2024-11-15,9328
8927,北基,20,7,13,華南永昌-潮州,2024-11-15,9328
2426,鼎元,12,0,12,華南永昌-潮州,2024-11-15,9328
1229,聯華,11,0,11,華南永昌-潮州,2024-11-15,9328
2382,廣達,15,4,11,華南永昌-潮州,2024-11-15,9328
0056,元大高股息,10,0,10,華南永昌-潮州,2024-11-15,9328
8064,東捷,12,2,10,華南永昌-潮州,2024-11-15,9328
00932,兆豐永續高息等權,10,0,10,華南永昌-潮州,2024-11-15,9328
1305,華夏,10,0,10,華南永昌-潮州,2024-11-15,9328
3419,譁裕,11,1,10,華南永昌-潮州,2024-11-15,9328
9904,寶成,11,1,10,華南永昌-潮州,2024-11-15,9328
3704,合勤控,10,0,10,華南永昌-潮州,2024-11-15,9328
2301,光寶科,9,0,9,華南永昌-潮州,2024-11-15,9328
2303,聯電,14,5,9,華南永昌-潮州,2024-11-15,9328
00918,大華優利高填息30,9,0,9,華南永昌-潮州,2024-11-15,9328
6405,悅城,12,4,8,華南永昌-潮州,2024-11-15,9328
2615,萬海,25,18,7,華南永昌-潮州,2024-11-15,9328
00637L,元大滬深300正2,7,0,7,華南永昌-潮州,2024-11-15,9328
3062,建漢,16,9,7,華南永昌-潮州,2024-11-15,9328
6288,聯嘉,7,0,7,華南永昌-潮州,2024-11-15,9328
00713,元大台灣高息低波,7,0,7,華南永昌-潮州,2024-11-15,9328
6197,佳必琪,7,1,6,華南永昌-潮州,2024-11-15,9328
2543,皇昌,7,1,6,華南永昌-潮州,2024-11-15,9328
00960,野村全球航運龍頭,10,4,6,華南永昌-潮州,2024-11-15,9328
3227,原相,8,2,6,華南永昌-潮州,2024-11-15,9328
00915,凱基優選高股息30,7,1,6,華南永昌-潮州,2024-11-15,9328
6609,瀧澤科,5,0,5,華南永昌-潮州,2024-11-15,9328
3231,緯創,5,0,5,華南永昌-潮州,2024-11-15,9328
00922,國泰台灣領袖50,5,0,5,華南永昌-潮州,2024-11-15,9328
00715L,期街口布蘭特正2,5,0,5,華南永昌-潮州,2024-11-15,9328
1532,勤美,5,0,5,華南永昌-潮州,2024-11-15,9328
2408,南亞科,5,0,5,華南永昌-潮州,2024-11-15,9328
2923,鼎固-KY,5,0,5,華南永昌-潮州,2024-11-15,9328
00878,國泰永續高股息,159,0,159,華南永昌-潮州,2024-11-18,9328
1446,宏和,150,0,150,華南永昌-潮州,2024-11-18,9328
3062,建漢,90,2,88,華南永昌-潮州,2024-11-18,9328
2312,金寶,59,32,27,華南永昌-潮州,2024-11-18,9328
8044,網家,29,3,26,華南永昌-潮州,2024-11-18,9328
1569,濱川,25,0,25,華南永昌-潮州,2024-11-18,9328
2328,廣宇,25,0,25,華南永昌-潮州,2024-11-18,9328
3090,日電貿,75,50,25,華南永昌-潮州,2024-11-18,9328
00930,永豐ESG低碳高息,22,0,22,華南永昌-潮州,2024-11-18,9328
0056,元大高股息,22,0,22,華南永昌-潮州,2024-11-18,9328
00669R,國泰美國道瓊反1,20,0,20,華南永昌-潮州,2024-11-18,9328
00664R,國泰臺灣加權反1,20,0,20,華南永昌-潮州,2024-11-18,9328
00706L,期元大S＆P日圓正2,20,0,20,華南永昌-潮州,2024-11-18,9328
00715L,期街口布蘭特正2,20,0,20,華南永昌-潮州,2024-11-18,9328
3705,永信,20,2,18,華南永昌-潮州,2024-11-18,9328
2337,旺宏,20,3,17,華南永昌-潮州,2024-11-18,9328
2923,鼎固-KY,17,0,17,華南永昌-潮州,2024-11-18,9328
00932,兆豐永續高息等權,15,0,15,華南永昌-潮州,2024-11-18,9328
2344,華邦電,25,10,15,華南永昌-潮州,2024-11-18,9328
2354,鴻準,40,26,14,華南永昌-潮州,2024-11-18,9328
2303,聯電,25,11,14,華南永昌-潮州,2024-11-18,9328
00713,元大台灣高息低波,13,0,13,華南永昌-潮州,2024-11-18,9328
00679B,元大美債20年,13,0,13,華南永昌-潮州,2024-11-18,9328
00919,群益台灣精選高息,14,1,13,華南永昌-潮州,2024-11-18,9328
2392,正崴,22,11,11,華南永昌-潮州,2024-11-18,9328
2353,宏��,22,11,11,華南永昌-潮州,2024-11-18,9328
2352,佳世達,10,0,10,華南永昌-潮州,2024-11-18,9328
00887,永豐中國科技50大,15,5,10,華南永昌-潮州,2024-11-18,9328
00642U,期元大S＆P石油,10,0,10,華南永昌-潮州,2024-11-18,9328
5014,建錩,9,0,9,華南永昌-潮州,2024-11-18,9328
6220,岳豐,9,0,9,華南永昌-潮州,2024-11-18,9328
00690,兆豐藍籌30,8,0,8,華南永昌-潮州,2024-11-18,9328
4563,百德,12,4,8,華南永昌-潮州,2024-11-18,9328
2204,中華,8,0,8,華南永昌-潮州,2024-11-18,9328
2880,華南金,8,1,7,華南永昌-潮州,2024-11-18,9328
2317,鴻海,17,10,7,華南永昌-潮州,2024-11-18,9328
00900,富邦特選高股息30,7,0,7,華南永昌-潮州,2024-11-18,9328
1611,中電,7,0,7,華南永昌-潮州,2024-11-18,9328
2524,京城,8,1,7,華南永昌-潮州,2024-11-18,9328
2382,廣達,12,5,7,華南永昌-潮州,2024-11-18,9328
00881,國泰台灣5G+,6,0,6,華南永昌-潮州,2024-11-18,9328
1524,耿鼎,16,10,6,華南永昌-潮州,2024-11-18,9328
00927,群益半導體收益,6,0,6,華南永昌-潮州,2024-11-18,9328
2425,承啟,6,0,6,華南永昌-潮州,2024-11-18,9328
3312,弘憶股,6,0,6,華南永昌-潮州,2024-11-18,9328
3715,定穎投控,15,9,6,華南永昌-潮州,2024-11-18,9328
6116,彩晶,7,1,6,華南永昌-潮州,2024-11-18,9328
3231,緯創,10,5,5,華南永昌-潮州,2024-11-18,9328
3617,碩天,5,0,5,華南永昌-潮州,2024-11-18,9328
2421,建準,5,0,5,華南永昌-潮州,2024-11-18,9328
00637L,元大滬深300正2,44,0,44,華南永昌-潮州,2024-11-19,9328
00930,永豐ESG低碳高息,26,0,26,華南永昌-潮州,2024-11-19,9328
1314,中石化,30,5,25,華南永昌-潮州,2024-11-19,9328
2349,錸德,76,53,23,華南永昌-潮州,2024-11-19,9328
1815,富喬,32,14,18,華南永昌-潮州,2024-11-19,9328
00632R,元大台灣50反1,17,0,17,華南永昌-潮州,2024-11-19,9328
0056,元大高股息,17,1,16,華南永昌-潮州,2024-11-19,9328
00673R,期元大S＆P原油反1,15,0,15,華南永昌-潮州,2024-11-19,9328
2317,鴻海,21,6,15,華南永昌-潮州,2024-11-19,9328
00929,復華台灣科技優息,46,31,15,華南永昌-潮州,2024-11-19,9328
3481,群創,17,3,14,華南永昌-潮州,2024-11-19,9328
3231,緯創,14,0,14,華南永昌-潮州,2024-11-19,9328
2882,國泰金,13,0,13,華南永昌-潮州,2024-11-19,9328
1102,亞泥,13,0,13,華南永昌-潮州,2024-11-19,9328
5483,中美晶,15,2,13,華南永昌-潮州,2024-11-19,9328
00633L,富邦上証正2,10,0,10,華南永昌-潮州,2024-11-19,9328
00642U,期元大S＆P石油,10,0,10,華南永昌-潮州,2024-11-19,9328
00688L,國泰20年美債正2,10,0,10,華南永昌-潮州,2024-11-19,9328
1608,華榮,10,0,10,華南永昌-潮州,2024-11-19,9328
2208,台船,10,0,10,華南永昌-潮州,2024-11-19,9328
2303,聯電,20,10,10,華南永昌-潮州,2024-11-19,9328
2382,廣達,12,2,10,華南永昌-潮州,2024-11-19,9328
2886,兆豐金,16,7,9,華南永昌-潮州,2024-11-19,9328
1301,台塑,9,0,9,華南永昌-潮州,2024-11-19,9328
3689,湧德,8,0,8,華南永昌-潮州,2024-11-19,9328
00878,國泰永續高股息,28,20,8,華南永昌-潮州,2024-11-19,9328
1449,佳和,11,3,8,華南永昌-潮州,2024-11-19,9328
2524,京城,10,2,8,華南永昌-潮州,2024-11-19,9328
00679B,元大美債20年,9,1,8,華南永昌-潮州,2024-11-19,9328
2002,中鋼,6,0,6,華南永昌-潮州,2024-11-19,9328
3006,晶豪科,6,0,6,華南永昌-潮州,2024-11-19,9328
2646,星宇航空,9,3,6,華南永昌-潮州,2024-11-19,9328
6257,矽格,6,0,6,華南永昌-潮州,2024-11-19,9328
6763,綠界科技*,8,2,6,華南永昌-潮州,2024-11-19,9328
00915,凱基優選高股息30,5,0,5,華南永昌-潮州,2024-11-19,9328
00731,復華富時高息低波,5,0,5,華南永昌-潮州,2024-11-19,9328
3645,達邁,5,0,5,華南永昌-潮州,2024-11-19,9328
8936,國統,5,0,5,華南永昌-潮州,2024-11-19,9328
00713,元大台灣高息低波,4,0,4,華南永昌-潮州,2024-11-19,9328
9921,巨大,5,1,4,華南永昌-潮州,2024-11-19,9328
00919,群益台灣精選高息,6,2,4,華南永昌-潮州,2024-11-19,9328
1304,台聚,4,0,4,華南永昌-潮州,2024-11-19,9328
2204,中華,4,0,4,華南永昌-潮州,2024-11-19,9328
3062,建漢,5,1,4,華南永昌-潮州,2024-11-19,9328
4707,磐亞,4,0,4,華南永昌-潮州,2024-11-19,9328
00932,兆豐永續高息等權,3,0,3,華南永昌-潮州,2024-11-19,9328
00911,兆豐洲際半導體,3,0,3,華南永昌-潮州,2024-11-19,9328
1326,台化,3,0,3,華南永昌-潮州,2024-11-19,9328
2401,凌陽,3,0,3,華南永昌-潮州,2024-11-19,9328
2915,潤泰全,3,0,3,華南永昌-潮州,2024-11-19,9328
1815,富喬,231,17,214,華南永昌-潮州,2024-11-20,9328
2354,鴻準,184,27,157,華南永昌-潮州,2024-11-20,9328
2458,義隆,119,1,118,華南永昌-潮州,2024-11-20,9328
2834,臺企銀,104,0,104,華南永昌-潮州,2024-11-20,9328
6558,興能高,72,11,61,華南永昌-潮州,2024-11-20,9328
4956,光鋐,68,17,51,華南永昌-潮州,2024-11-20,9328
2349,錸德,86,44,42,華南永昌-潮州,2024-11-20,9328
2884,玉山金,35,2,33,華南永昌-潮州,2024-11-20,9328
4174,浩鼎,30,0,30,華南永昌-潮州,2024-11-20,9328
5907,大洋-KY,30,0,30,華南永昌-潮州,2024-11-20,9328
6134,萬旭,30,0,30,華南永昌-潮州,2024-11-20,9328
00937B,群益ESG投等債20,165,135,30,華南永昌-潮州,2024-11-20,9328
00929,復華台灣科技優息,34,5,29,華南永昌-潮州,2024-11-20,9328
00905,FT臺灣Smart,26,0,26,華南永昌-潮州,2024-11-20,9328
2356,英業達,37,17,20,華南永昌-潮州,2024-11-20,9328
00915,凱基優選高股息30,20,0,20,華南永昌-潮州,2024-11-20,9328
2328,廣宇,31,11,20,華南永昌-潮州,2024-11-20,9328
2634,漢翔,18,0,18,華南永昌-潮州,2024-11-20,9328
1434,福懋,15,0,15,華南永昌-潮州,2024-11-20,9328
2444,兆勁,15,0,15,華南永昌-潮州,2024-11-20,9328
2312,金寶,21,6,15,華南永昌-潮州,2024-11-20,9328
00878,國泰永續高股息,17,3,14,華南永昌-潮州,2024-11-20,9328
00959B,大華投等美債15Y+,13,0,13,華南永昌-潮州,2024-11-20,9328
2399,映泰,15,2,13,華南永昌-潮州,2024-11-20,9328
2882,國泰金,15,2,13,華南永昌-潮州,2024-11-20,9328
2603,長榮,14,2,12,華南永昌-潮州,2024-11-20,9328
00894,中信小資高價30,11,0,11,華南永昌-潮州,2024-11-20,9328
5880,合庫金,11,0,11,華南永昌-潮州,2024-11-20,9328
00713,元大台灣高息低波,12,2,10,華南永昌-潮州,2024-11-20,9328
1717,長興,10,0,10,華南永昌-潮州,2024-11-20,9328
3167,大量,12,2,10,華南永昌-潮州,2024-11-20,9328
1517,利奇,10,0,10,華南永昌-潮州,2024-11-20,9328
2020,美亞,10,0,10,華南永昌-潮州,2024-11-20,9328
2352,佳世達,11,1,10,華南永昌-潮州,2024-11-20,9328
2385,群光,10,0,10,華南永昌-潮州,2024-11-20,9328
2504,國產,11,1,10,華南永昌-潮州,2024-11-20,9328
3015,全漢,104,95,9,華南永昌-潮州,2024-11-20,9328
2392,正崴,17,9,8,華南永昌-潮州,2024-11-20,9328
2880,華南金,8,0,8,華南永昌-潮州,2024-11-20,9328
3189,景碩,8,0,8,華南永昌-潮州,2024-11-20,9328
3019,亞光,8,1,7,華南永昌-潮州,2024-11-20,9328
2353,宏��,9,2,7,華南永昌-潮州,2024-11-20,9328
3005,神基,7,0,7,華南永昌-潮州,2024-11-20,9328
0056,元大高股息,8,1,7,華南永昌-潮州,2024-11-20,9328
2408,南亞科,6,0,6,華南永昌-潮州,2024-11-20,9328
5347,世界,7,1,6,華南永昌-潮州,2024-11-20,9328
3227,原相,6,0,6,華南永昌-潮州,2024-11-20,9328
3550,聯穎,6,0,6,華南永昌-潮州,2024-11-20,9328
2881,富邦金,7,1,6,華南永昌-潮州,2024-11-20,9328
6116,彩晶,5,0,5,華南永昌-潮州,2024-11-20,9328
1313,聯成,80,0,80,華南永昌-潮州,2024-11-21,9328
1584,精剛,42,1,41,華南永昌-潮州,2024-11-21,9328
00918,大華優利高填息30,34,0,34,華南永昌-潮州,2024-11-21,9328
00878,國泰永續高股息,39,5,34,華南永昌-潮州,2024-11-21,9328
0056,元大高股息,31,0,31,華南永昌-潮州,2024-11-21,9328
00919,群益台灣精選高息,38,7,31,華南永昌-潮州,2024-11-21,9328
8261,富鼎,30,0,30,華南永昌-潮州,2024-11-21,9328
6134,萬旭,28,2,26,華南永昌-潮州,2024-11-21,9328
4174,浩鼎,25,0,25,華南永昌-潮州,2024-11-21,9328
2317,鴻海,22,1,21,華南永昌-潮州,2024-11-21,9328
2354,鴻準,106,86,20,華南永昌-潮州,2024-11-21,9328
00669R,國泰美國道瓊反1,20,0,20,華南永昌-潮州,2024-11-21,9328
5907,大洋-KY,20,0,20,華南永昌-潮州,2024-11-21,9328
1434,福懋,17,0,17,華南永昌-潮州,2024-11-21,9328
2399,映泰,16,1,15,華南永昌-潮州,2024-11-21,9328
4956,光鋐,18,5,13,華南永昌-潮州,2024-11-21,9328
2882,國泰金,14,1,13,華南永昌-潮州,2024-11-21,9328
2923,鼎固-KY,13,0,13,華南永昌-潮州,2024-11-21,9328
2353,宏��,14,1,13,華南永昌-潮州,2024-11-21,9328
2303,聯電,18,6,12,華南永昌-潮州,2024-11-21,9328
1785,光洋科,12,0,12,華南永昌-潮州,2024-11-21,9328
2474,可成,12,0,12,華南永昌-潮州,2024-11-21,9328
00762,元大全球AI,10,0,10,華南永昌-潮州,2024-11-21,9328
2014,中鴻,10,0,10,華南永昌-潮州,2024-11-21,9328
5521,工信,10,0,10,華南永昌-潮州,2024-11-21,9328
1802,台玻,13,4,9,華南永昌-潮州,2024-11-21,9328
00930,永豐ESG低碳高息,8,0,8,華南永昌-潮州,2024-11-21,9328
00713,元大台灣高息低波,8,0,8,華南永昌-潮州,2024-11-21,9328
8104,錸寶,78,70,8,華南永昌-潮州,2024-11-21,9328
1597,直得,10,2,8,華南永昌-潮州,2024-11-21,9328
00927,群益半導體收益,7,0,7,華南永昌-潮州,2024-11-21,9328
2349,錸德,45,38,7,華南永昌-潮州,2024-11-21,9328
00905,FT臺灣Smart,7,1,6,華南永昌-潮州,2024-11-21,9328
2314,台揚,6,0,6,華南永昌-潮州,2024-11-21,9328
4707,磐亞,6,0,6,華南永昌-潮州,2024-11-21,9328
5315,光聯,6,0,6,華南永昌-潮州,2024-11-21,9328
5351,鈺創,7,1,6,華南永昌-潮州,2024-11-21,9328
6147,頎邦,6,0,6,華南永昌-潮州,2024-11-21,9328
6505,台塑化,6,0,6,華南永昌-潮州,2024-11-21,9328
0050,元大台灣50,6,0,6,華南永昌-潮州,2024-11-21,9328
5531,鄉林,6,0,6,華南永昌-潮州,2024-11-21,9328
00922,國泰台灣領袖50,5,0,5,華南永昌-潮州,2024-11-21,9328
00960,野村全球航運龍頭,5,0,5,華南永昌-潮州,2024-11-21,9328
1513,中興電,5,0,5,華南永昌-潮州,2024-11-21,9328
1784,訊聯,5,0,5,華南永昌-潮州,2024-11-21,9328
1909,榮成,5,0,5,華南永昌-潮州,2024-11-21,9328
2646,星宇航空,5,0,5,華南永昌-潮州,2024-11-21,9328
3317,尼克森,5,0,5,華南永昌-潮州,2024-11-21,9328
6173,信昌電,5,0,5,華南永昌-潮州,2024-11-21,9328
2002,中鋼,4,0,4,華南永昌-潮州,2024-11-21,9328
00946,群益科技高息成長,510,10,500,華南永昌-潮州,2024-11-22,9328
00632R,元大台灣50反1,70,0,70,華南永昌-潮州,2024-11-22,9328
00937B,群益ESG投等債20,51,3,48,華南永昌-潮州,2024-11-22,9328
2461,光群雷,45,2,43,華南永昌-潮州,2024-11-22,9328
9105,泰金寶-DR,579,541,38,華南永昌-潮州,2024-11-22,9328
1815,富喬,175,140,35,華南永昌-潮州,2024-11-22,9328
2337,旺宏,30,0,30,華南永昌-潮州,2024-11-22,9328
2891,中信金,30,0,30,華南永昌-潮州,2024-11-22,9328
2486,一詮,36,7,29,華南永昌-潮州,2024-11-22,9328
3003,健和興,25,1,24,華南永昌-潮州,2024-11-22,9328
2515,中工,25,3,22,華南永昌-潮州,2024-11-22,9328
6770,力積電,53,31,22,華南永昌-潮州,2024-11-22,9328
4513,福裕,21,0,21,華南永昌-潮州,2024-11-22,9328
00959B,大華投等美債15Y+,20,0,20,華南永昌-潮州,2024-11-22,9328
2380,虹光,20,0,20,華南永昌-潮州,2024-11-22,9328
5864,致和證,20,0,20,華南永昌-潮州,2024-11-22,9328
00878,國泰永續高股息,19,1,18,華南永昌-潮州,2024-11-22,9328
00637L,元大滬深300正2,18,0,18,華南永昌-潮州,2024-11-22,9328
00762,元大全球AI,18,0,18,華南永昌-潮州,2024-11-22,9328
2603,長榮,22,4,18,華南永昌-潮州,2024-11-22,9328
00915,凱基優選高股息30,16,0,16,華南永昌-潮州,2024-11-22,9328
1455,集盛,20,4,16,華南永昌-潮州,2024-11-22,9328
9928,中視,18,2,16,華南永昌-潮州,2024-11-22,9328
00882,中信中國高股息,14,0,14,華南永昌-潮州,2024-11-22,9328
4903,聯光通,15,1,14,華南永昌-潮州,2024-11-22,9328
1587,吉茂,13,0,13,華南永昌-潮州,2024-11-22,9328
2324,仁寶,13,1,12,華南永昌-潮州,2024-11-22,9328
6706,惠特,15,3,12,華南永昌-潮州,2024-11-22,9328
00680L,元大美債20正2,10,0,10,華南永昌-潮州,2024-11-22,9328
2356,英業達,103,93,10,華南永昌-潮州,2024-11-22,9328
2385,群光,11,1,10,華南永昌-潮州,2024-11-22,9328
2867,三商壽,10,0,10,華南永昌-潮州,2024-11-22,9328
3176,基亞,10,0,10,華南永昌-潮州,2024-11-22,9328
3516,亞帝歐,10,0,10,華南永昌-潮州,2024-11-22,9328
8249,菱光,11,1,10,華南永昌-潮州,2024-11-22,9328
2609,陽明,72,63,9,華南永昌-潮州,2024-11-22,9328
2204,中華,9,0,9,華南永昌-潮州,2024-11-22,9328
00919,群益台灣精選高息,35,27,8,華南永昌-潮州,2024-11-22,9328
3047,訊舟,10,2,8,華南永昌-潮州,2024-11-22,9328
2363,矽統,10,2,8,華南永昌-潮州,2024-11-22,9328
00673R,期元大S＆P原油反1,7,0,7,華南永昌-潮州,2024-11-22,9328
2524,京城,9,2,7,華南永昌-潮州,2024-11-22,9328
3062,建漢,9,2,7,華南永昌-潮州,2024-11-22,9328
8163,達方,9,2,7,華南永昌-潮州,2024-11-22,9328
2409,友達,13,7,6,華南永昌-潮州,2024-11-22,9328
2408,南亞科,6,0,6,華南永昌-潮州,2024-11-22,9328
00715L,期街口布蘭特正2,10,4,6,華南永昌-潮州,2024-11-22,9328
1303,南亞,6,0,6,華南永昌-潮州,2024-11-22,9328
2349,錸德,26,20,6,華南永昌-潮州,2024-11-22,9328
3019,亞光,11,5,6,華南永昌-潮州,2024-11-22,9328
00930,永豐ESG低碳高息,491,0,491,華南永昌-潮州,2024-11-25,9328
00946,群益科技高息成長,100,0,100,華南永昌-潮州,2024-11-25,9328
3605,宏致,103,4,99,華南永昌-潮州,2024-11-25,9328
00919,群益台灣精選高息,69,0,69,華南永昌-潮州,2024-11-25,9328
8150,南茂,44,0,44,華南永昌-潮州,2024-11-25,9328
4956,光鋐,55,12,43,華南永昌-潮州,2024-11-25,9328
3447,展達,52,15,37,華南永昌-潮州,2024-11-25,9328
1569,濱川,35,5,30,華南永昌-潮州,2024-11-25,9328
2431,聯昌,27,0,27,華南永昌-潮州,2024-11-25,9328
2609,陽明,41,15,26,華南永昌-潮州,2024-11-25,9328
5880,合庫金,25,0,25,華南永昌-潮州,2024-11-25,9328
1815,富喬,106,84,22,華南永昌-潮州,2024-11-25,9328
00878,國泰永續高股息,21,1,20,華南永昌-潮州,2024-11-25,9328
2344,華邦電,20,0,20,華南永昌-潮州,2024-11-25,9328
2101,南港,20,0,20,華南永昌-潮州,2024-11-25,9328
4562,穎漢,22,2,20,華南永昌-潮州,2024-11-25,9328
6134,萬旭,16,1,15,華南永昌-潮州,2024-11-25,9328
2354,鴻準,53,39,14,華南永昌-潮州,2024-11-25,9328
00882,中信中國高股息,14,0,14,華南永昌-潮州,2024-11-25,9328
2603,長榮,13,0,13,華南永昌-潮州,2024-11-25,9328
2722,夏都,13,0,13,華南永昌-潮州,2024-11-25,9328
1540,喬福,12,0,12,華南永昌-潮州,2024-11-25,9328
1524,耿鼎,16,4,12,華南永昌-潮州,2024-11-25,9328
2367,燿華,13,2,11,華南永昌-潮州,2024-11-25,9328
2409,友達,17,6,11,華南永昌-潮州,2024-11-25,9328
2889,國票金,11,0,11,華南永昌-潮州,2024-11-25,9328
8070,長華*,12,1,11,華南永昌-潮州,2024-11-25,9328
2371,大同,14,4,10,華南永昌-潮州,2024-11-25,9328
1301,台塑,10,0,10,華南永昌-潮州,2024-11-25,9328
2641,正德,10,0,10,華南永昌-潮州,2024-11-25,9328
3202,樺晟,10,0,10,華南永昌-潮州,2024-11-25,9328
6153,嘉聯益,10,0,10,華南永昌-潮州,2024-11-25,9328
2615,萬海,10,2,8,華南永昌-潮州,2024-11-25,9328
3003,健和興,35,27,8,華南永昌-潮州,2024-11-25,9328
6288,聯嘉,23,15,8,華南永昌-潮州,2024-11-25,9328
8038,長園科,7,0,7,華南永昌-潮州,2024-11-25,9328
2330,台積電,6,0,6,華南永昌-潮州,2024-11-25,9328
00753L,中信中國50正2,6,0,6,華南永昌-潮州,2024-11-25,9328
00936,台新永續高息中小,6,0,6,華南永昌-潮州,2024-11-25,9328
2387,精元,6,0,6,華南永昌-潮州,2024-11-25,9328
3013,晟銘電,6,0,6,華南永昌-潮州,2024-11-25,9328
4576,大銀微系統,6,0,6,華南永昌-潮州,2024-11-25,9328
4716,大立,7,1,6,華南永昌-潮州,2024-11-25,9328
6591,動力-KY,6,0,6,華南永昌-潮州,2024-11-25,9328
8104,錸寶,10,4,6,華南永昌-潮州,2024-11-25,9328
1314,中石化,26,20,6,華南永昌-潮州,2024-11-25,9328
3374,精材,6,0,6,華南永昌-潮州,2024-11-25,9328
2449,京元電子,7,2,5,華南永昌-潮州,2024-11-25,9328
2356,英業達,23,18,5,華南永昌-潮州,2024-11-25,9328
00940,元大台灣價值高息,5,0,5,華南永昌-潮州,2024-11-25,9328
00632R,元大台灣50反1,230,0,230,華南永昌-潮州,2024-11-26,9328
2317,鴻海,41,4,37,華南永昌-潮州,2024-11-26,9328
1815,富喬,90,54,36,華南永昌-潮州,2024-11-26,9328
1201,味全,36,1,35,華南永昌-潮州,2024-11-26,9328
3605,宏致,27,0,27,華南永昌-潮州,2024-11-26,9328
00878,國泰永續高股息,26,1,25,華南永昌-潮州,2024-11-26,9328
2312,金寶,52,31,21,華南永昌-潮州,2024-11-26,9328
6153,嘉聯益,20,0,20,華南永昌-潮州,2024-11-26,9328
00929,復華台灣科技優息,21,4,17,華南永昌-潮州,2024-11-26,9328
2349,錸德,43,26,17,華南永昌-潮州,2024-11-26,9328
2460,建通,15,0,15,華南永昌-潮州,2024-11-26,9328
2615,萬海,20,5,15,華南永昌-潮州,2024-11-26,9328
5309,系統電,35,21,14,華南永昌-潮州,2024-11-26,9328
00930,永豐ESG低碳高息,14,1,13,華南永昌-潮州,2024-11-26,9328
1802,台玻,13,0,13,華南永昌-潮州,2024-11-26,9328
3447,展達,162,149,13,華南永昌-潮州,2024-11-26,9328
3003,健和興,12,0,12,華南永昌-潮州,2024-11-26,9328
2354,鴻準,26,15,11,華南永昌-潮州,2024-11-26,9328
3231,緯創,17,6,11,華南永昌-潮州,2024-11-26,9328
1303,南亞,13,2,11,華南永昌-潮州,2024-11-26,9328
4157,太景*-KY,10,0,10,華南永昌-潮州,2024-11-26,9328
6753,龍德造船,10,0,10,華南永昌-潮州,2024-11-26,9328
2409,友達,10,1,9,華南永昌-潮州,2024-11-26,9328
2609,陽明,11,2,9,華南永昌-潮州,2024-11-26,9328
1432,大魯閣,9,0,9,華南永昌-潮州,2024-11-26,9328
2425,承啟,10,1,9,華南永昌-潮州,2024-11-26,9328
2344,華邦電,9,1,8,華南永昌-潮州,2024-11-26,9328
2330,台積電,8,0,8,華南永昌-潮州,2024-11-26,9328
4303,信立,12,4,8,華南永昌-潮州,2024-11-26,9328
6288,聯嘉,8,0,8,華南永昌-潮州,2024-11-26,9328
00680L,元大美債20正2,11,4,7,華南永昌-潮州,2024-11-26,9328
2419,仲琦,11,4,7,華南永昌-潮州,2024-11-26,9328
4563,百德,9,2,7,華南永昌-潮州,2024-11-26,9328
8076,伍豐,10,3,7,華南永昌-潮州,2024-11-26,9328
8222,寶一,7,0,7,華南永昌-潮州,2024-11-26,9328
00951,台新日本半導體,6,0,6,華南永昌-潮州,2024-11-26,9328
3552,同致,7,1,6,華南永昌-潮州,2024-11-26,9328
2392,正崴,34,28,6,華南永昌-潮州,2024-11-26,9328
8033,雷虎,8,2,6,華南永昌-潮州,2024-11-26,9328
00919,群益台灣精選高息,26,21,5,華南永昌-潮州,2024-11-26,9328
00923,群益台ESG低碳50,5,0,5,華南永昌-潮州,2024-11-26,9328
00882,中信中國高股息,5,0,5,華南永昌-潮州,2024-11-26,9328
2314,台揚,5,0,5,華南永昌-潮州,2024-11-26,9328
3090,日電貿,6,1,5,華南永昌-潮州,2024-11-26,9328
3321,同泰,5,0,5,華南永昌-潮州,2024-11-26,9328
4971,IET-KY,6,1,5,華南永昌-潮州,2024-11-26,9328
6962,ITH-KY,5,0,5,華南永昌-潮州,2024-11-26,9328
8240,華宏,7,2,5,華南永昌-潮州,2024-11-26,9328
0056,元大高股息,5,0,5,華南永昌-潮州,2024-11-26,9328
3481,群創,5,1,4,華南永昌-潮州,2024-11-26,9328
3447,展達,129,1,128,華南永昌-潮州,2024-11-27,9328
00919,群益台灣精選高息,96,5,91,華南永昌-潮州,2024-11-27,9328
2392,正崴,91,17,74,華南永昌-潮州,2024-11-27,9328
00878,國泰永續高股息,74,2,72,華南永昌-潮州,2024-11-27,9328
2609,陽明,75,11,64,華南永昌-潮州,2024-11-27,9328
0056,元大高股息,61,1,60,華南永昌-潮州,2024-11-27,9328
00712,復華富時不動產,55,0,55,華南永昌-潮州,2024-11-27,9328
2303,聯電,65,18,47,華南永昌-潮州,2024-11-27,9328
00918,大華優利高填息30,51,5,46,華南永昌-潮州,2024-11-27,9328
1446,宏和,40,0,40,華南永昌-潮州,2024-11-27,9328
3231,緯創,37,3,34,華南永昌-潮州,2024-11-27,9328
1201,味全,30,0,30,華南永昌-潮州,2024-11-27,9328
3060,銘異,30,0,30,華南永昌-潮州,2024-11-27,9328
00940,元大台灣價值高息,26,0,26,華南永昌-潮州,2024-11-27,9328
6770,力積電,25,0,25,華南永昌-潮州,2024-11-27,9328
2615,萬海,63,39,24,華南永昌-潮州,2024-11-27,9328
00673R,期元大S＆P原油反1,21,0,21,華南永昌-潮州,2024-11-27,9328
2547,日勝生,20,0,20,華南永昌-潮州,2024-11-27,9328
1536,和大,39,19,20,華南永昌-潮州,2024-11-27,9328
1314,中石化,18,0,18,華南永昌-潮州,2024-11-27,9328
2344,華邦電,19,2,17,華南永昌-潮州,2024-11-27,9328
00929,復華台灣科技優息,37,21,16,華南永昌-潮州,2024-11-27,9328
3019,亞光,26,11,15,華南永昌-潮州,2024-11-27,9328
2002,中鋼,13,0,13,華南永昌-潮州,2024-11-27,9328
00915,凱基優選高股息30,18,5,13,華南永昌-潮州,2024-11-27,9328
00930,永豐ESG低碳高息,13,0,13,華南永昌-潮州,2024-11-27,9328
1471,首利,13,0,13,華南永昌-潮州,2024-11-27,9328
1540,喬福,20,7,13,華南永昌-潮州,2024-11-27,9328
2634,漢翔,12,0,12,華南永昌-潮州,2024-11-27,9328
3691,碩禾,12,0,12,華南永昌-潮州,2024-11-27,9328
5309,系統電,25,14,11,華南永昌-潮州,2024-11-27,9328
00905,FT臺灣Smart,23,11,12,華南永昌-潮州,2024-11-27,9328
2317,鴻海,53,42,11,華南永昌-潮州,2024-11-27,9328
2014,中鴻,11,0,11,華南永昌-潮州,2024-11-27,9328
2417,圓剛,12,1,11,華南永昌-潮州,2024-11-27,9328
6116,彩晶,17,6,11,華南永昌-潮州,2024-11-27,9328
00936,台新永續高息中小,10,0,10,華南永昌-潮州,2024-11-27,9328
00952,凱基台灣AI50,10,0,10,華南永昌-潮州,2024-11-27,9328
2617,台航,10,0,10,華南永昌-潮州,2024-11-27,9328
2641,正德,10,0,10,華南永昌-潮州,2024-11-27,9328
3481,群創,10,0,10,華南永昌-潮州,2024-11-27,9328
2603,長榮,14,4,10,華南永昌-潮州,2024-11-27,9328
2330,台積電,10,1,9,華南永昌-潮州,2024-11-27,9328
3037,欣興,10,2,8,華南永昌-潮州,2024-11-27,9328
00715L,期街口布蘭特正2,8,0,8,華南永昌-潮州,2024-11-27,9328
1597,直得,10,2,8,華南永昌-潮州,2024-11-27,9328
2365,昆盈,14,6,8,華南永昌-潮州,2024-11-27,9328
2923,鼎固-KY,8,0,8,華南永昌-潮州,2024-11-27,9328
5014,建錩,8,0,8,華南永昌-潮州,2024-11-27,9328
9945,潤泰新,8,0,8,華南永昌-潮州,2024-11-27,9328
00878,國泰永續高股息,144,1,143,華南永昌-潮州,2024-11-28,9328
00919,群益台灣精選高息,98,5,93,華南永昌-潮州,2024-11-28,9328
9105,泰金寶-DR,77,20,57,華南永昌-潮州,2024-11-28,9328
00929,復華台灣科技優息,113,59,54,華南永昌-潮州,2024-11-28,9328
2312,金寶,110,57,53,華南永昌-潮州,2024-11-28,9328
6134,萬旭,51,1,50,華南永昌-潮州,2024-11-28,9328
8104,錸寶,63,16,47,華南永昌-潮州,2024-11-28,9328
0056,元大高股息,42,0,42,華南永昌-潮州,2024-11-28,9328
4562,穎漢,57,15,42,華南永昌-潮州,2024-11-28,9328
00940,元大台灣價值高息,41,0,41,華南永昌-潮州,2024-11-28,9328
2101,南港,40,0,40,華南永昌-潮州,2024-11-28,9328
5483,中美晶,39,0,39,華南永昌-潮州,2024-11-28,9328
3706,神達,86,49,37,華南永昌-潮州,2024-11-28,9328
00918,大華優利高填息30,35,0,35,華南永昌-潮州,2024-11-28,9328
2332,友訊,51,17,34,華南永昌-潮州,2024-11-28,9328
00946,群益科技高息成長,34,0,34,華南永昌-潮州,2024-11-28,9328
2062,橋椿,33,0,33,華南永昌-潮州,2024-11-28,9328
00931B,統一美債20年,30,0,30,華南永昌-潮州,2024-11-28,9328
3711,日月光投控,26,0,26,華南永昌-潮州,2024-11-28,9328
3481,群創,29,4,25,華南永昌-潮州,2024-11-28,9328
2303,聯電,45,22,23,華南永昌-潮州,2024-11-28,9328
2392,正崴,33,10,23,華南永昌-潮州,2024-11-28,9328
00715L,期街口布蘭特正2,21,0,21,華南永昌-潮州,2024-11-28,9328
00915,凱基優選高股息30,20,1,19,華南永昌-潮州,2024-11-28,9328
2204,中華,23,4,19,華南永昌-潮州,2024-11-28,9328
8240,華宏,28,11,17,華南永昌-潮州,2024-11-28,9328
1449,佳和,17,1,16,華南永昌-潮州,2024-11-28,9328
2356,英業達,27,12,15,華南永昌-潮州,2024-11-28,9328
00952,凱基台灣AI50,13,0,13,華南永昌-潮州,2024-11-28,9328
1305,華夏,13,0,13,華南永昌-潮州,2024-11-28,9328
2486,一詮,13,0,13,華南永昌-潮州,2024-11-28,9328
6026,福邦證,14,1,13,華南永昌-潮州,2024-11-28,9328
4510,高鋒,21,9,12,華南永昌-潮州,2024-11-28,9328
00670L,富邦NASDAQ正2,12,0,12,華南永昌-潮州,2024-11-28,9328
6753,龍德造船,10,0,10,華南永昌-潮州,2024-11-28,9328
1605,華新,10,0,10,華南永昌-潮州,2024-11-28,9328
1229,聯華,10,0,10,華南永昌-潮州,2024-11-28,9328
2617,台航,10,0,10,華南永昌-潮州,2024-11-28,9328
6770,力積電,16,6,10,華南永昌-潮州,2024-11-28,9328
6116,彩晶,16,6,10,華南永昌-潮州,2024-11-28,9328
1611,中電,12,3,9,華南永昌-潮州,2024-11-28,9328
8215,明基材,10,1,9,華南永昌-潮州,2024-11-28,9328
2014,中鴻,10,2,8,華南永昌-潮州,2024-11-28,9328
00927,群益半導體收益,8,0,8,華南永昌-潮州,2024-11-28,9328
00891,中信關鍵半導體,8,0,8,華南永昌-潮州,2024-11-28,9328
2613,中櫃,14,6,8,華南永昌-潮州,2024-11-28,9328
2363,矽統,16,9,7,華南永昌-潮州,2024-11-28,9328
2474,可成,7,0,7,華南永昌-潮州,2024-11-28,9328
2867,三商壽,7,0,7,華南永昌-潮州,2024-11-28,9328
3323,加百裕,14,7,7,華南永昌-潮州,2024-11-28,9328
00632R,元大台灣50反1,89,0,89,華南永昌-潮州,2024-11-29,9328
00919,群益台灣精選高息,53,0,53,華南永昌-潮州,2024-11-29,9328
2615,萬海,74,34,40,華南永昌-潮州,2024-11-29,9328
00878,國泰永續高股息,41,1,40,華南永昌-潮州,2024-11-29,9328
0056,元大高股息,26,0,26,華南永昌-潮州,2024-11-29,9328
2330,台積電,27,1,26,華南永昌-潮州,2024-11-29,9328
2303,聯電,23,3,20,華南永昌-潮州,2024-11-29,9328
2349,錸德,21,3,18,華南永昌-潮州,2024-11-29,9328
1301,台塑,17,0,17,華南永昌-潮州,2024-11-29,9328
1611,中電,34,20,14,華南永昌-潮州,2024-11-29,9328
00915,凱基優選高股息30,13,0,13,華南永昌-潮州,2024-11-29,9328
6505,台塑化,14,1,13,華南永昌-潮州,2024-11-29,9328
6770,力積電,18,5,13,華南永昌-潮州,2024-11-29,9328
2002,中鋼,14,1,13,華南永昌-潮州,2024-11-29,9328
4533,協易機,11,0,11,華南永昌-潮州,2024-11-29,9328
00918,大華優利高填息30,11,1,10,華南永昌-潮州,2024-11-29,9328
00965,元大航太防衛科技,10,0,10,華南永昌-潮州,2024-11-29,9328
1432,大魯閣,10,0,10,華南永昌-潮州,2024-11-29,9328
1711,永光,10,0,10,華南永昌-潮州,2024-11-29,9328
2023,燁輝,10,0,10,華南永昌-潮州,2024-11-29,9328
2504,國產,10,0,10,華南永昌-潮州,2024-11-29,9328
2605,新興,10,0,10,華南永昌-潮州,2024-11-29,9328
2634,漢翔,10,0,10,華南永昌-潮州,2024-11-29,9328
6108,競國,10,0,10,華南永昌-潮州,2024-11-29,9328
3591,艾笛森,14,4,10,華南永昌-潮州,2024-11-29,9328
4174,浩鼎,9,0,9,華南永昌-潮州,2024-11-29,9328
5880,合庫金,9,0,9,華南永昌-潮州,2024-11-29,9328
2344,華邦電,19,12,7,華南永昌-潮州,2024-11-29,9328
2923,鼎固-KY,7,0,7,華南永昌-潮州,2024-11-29,9328
2312,金寶,112,106,6,華南永昌-潮州,2024-11-29,9328
2317,鴻海,10,4,6,華南永昌-潮州,2024-11-29,9328
00932,兆豐永續高息等權,6,0,6,華南永昌-潮州,2024-11-29,9328
3419,譁裕,6,0,6,華南永昌-潮州,2024-11-29,9328
5483,中美晶,6,0,6,華南永昌-潮州,2024-11-29,9328
2014,中鴻,6,0,6,華南永昌-潮州,2024-11-29,9328
2881,富邦金,5,0,5,華南永昌-潮州,2024-11-29,9328
2882,國泰金,5,0,5,華南永昌-潮州,2024-11-29,9328
2382,廣達,6,1,5,華南永昌-潮州,2024-11-29,9328
3030,德律,5,0,5,華南永昌-潮州,2024-11-29,9328
3483,力致,5,0,5,華南永昌-潮州,2024-11-29,9328
4510,高鋒,12,7,5,華南永昌-潮州,2024-11-29,9328
2834,臺企銀,5,0,5,華南永昌-潮州,2024-11-29,9328
2337,旺宏,5,0,5,華南永昌-潮州,2024-11-29,9328
2880,華南金,6,1,5,華南永昌-潮州,2024-11-29,9328
00712,復華富時不動產,6,2,4,華南永昌-潮州,2024-11-29,9328
2891,中信金,6,2,4,華南永昌-潮州,2024-11-29,9328
00937B,群益ESG投等債20,8,4,4,華南永昌-潮州,2024-11-29,9328
1710,東聯,4,0,4,華南永昌-潮州,2024-11-29,9328
2204,中華,4,0,4,華南永昌-潮州,2024-11-29,9328
3163,波若威,4,0,4,華南永昌-潮州,2024-11-29,9328
00632R,元大台灣50反1,714,330,384,華南永昌-潮州,2024-12-02,9328
2367,燿華,76,3,73,華南永昌-潮州,2024-12-02,9328
2101,南港,60,0,60,華南永昌-潮州,2024-12-02,9328
2312,金寶,107,49,58,華南永昌-潮州,2024-12-02,9328
00929,復華台灣科技優息,89,38,51,華南永昌-潮州,2024-12-02,9328
8104,錸寶,82,32,50,華南永昌-潮州,2024-12-02,9328
9105,泰金寶-DR,56,14,42,華南永昌-潮州,2024-12-02,9328
00950B,凱基A級公司債,40,0,40,華南永昌-潮州,2024-12-02,9328
5864,致和證,39,2,37,華南永昌-潮州,2024-12-02,9328
3090,日電貿,41,5,36,華南永昌-潮州,2024-12-02,9328
2317,鴻海,39,4,35,華南永昌-潮州,2024-12-02,9328
4533,協易機,29,3,26,華南永昌-潮州,2024-12-02,9328
3516,亞帝歐,24,0,24,華南永昌-潮州,2024-12-02,9328
00715L,期街口布蘭特正2,20,0,20,華南永昌-潮州,2024-12-02,9328
1815,富喬,45,29,16,華南永昌-潮州,2024-12-02,9328
2344,華邦電,15,0,15,華南永昌-潮州,2024-12-02,9328
3498,陽程,16,2,14,華南永昌-潮州,2024-12-02,9328
2419,仲琦,21,8,13,華南永昌-潮州,2024-12-02,9328
2426,鼎元,13,0,13,華南永昌-潮州,2024-12-02,9328
2923,鼎固-KY,13,0,13,華南永昌-潮州,2024-12-02,9328
5309,系統電,23,12,11,華南永昌-潮州,2024-12-02,9328
00919,群益台灣精選高息,15,5,10,華南永昌-潮州,2024-12-02,9328
3706,神達,43,33,10,華南永昌-潮州,2024-12-02,9328
6197,佳必琪,10,0,10,華南永昌-潮州,2024-12-02,9328
00918,大華優利高填息30,10,0,10,華南永昌-潮州,2024-12-02,9328
00712,復華富時不動產,11,1,10,華南永昌-潮州,2024-12-02,9328
1712,興農,10,0,10,華南永昌-潮州,2024-12-02,9328
2402,毅嘉,20,10,10,華南永昌-潮州,2024-12-02,9328
2886,兆豐金,10,0,10,華南永昌-潮州,2024-12-02,9328
3715,定穎投控,10,0,10,華南永昌-潮州,2024-12-02,9328
2354,鴻準,24,15,9,華南永昌-潮州,2024-12-02,9328
2809,京城銀,10,1,9,華南永昌-潮州,2024-12-02,9328
4541,晟田,10,1,9,華南永昌-潮州,2024-12-02,9328
6770,力積電,14,5,9,華南永昌-潮州,2024-12-02,9328
3013,晟銘電,8,0,8,華南永昌-潮州,2024-12-02,9328
00637L,元大滬深300正2,12,4,8,華南永昌-潮州,2024-12-02,9328
00965,元大航太防衛科技,10,2,8,華南永昌-潮州,2024-12-02,9328
8929,富堡,25,17,8,華南永昌-潮州,2024-12-02,9328
9904,寶成,10,2,8,華南永昌-潮州,2024-12-02,9328
2610,華航,26,18,8,華南永昌-潮州,2024-12-02,9328
1605,華新,11,4,7,華南永昌-潮州,2024-12-02,9328
3211,順達,39,32,7,華南永昌-潮州,2024-12-02,9328
1609,大亞,7,0,7,華南永昌-潮州,2024-12-02,9328
6111,大宇資,7,0,7,華南永昌-潮州,2024-12-02,9328
6235,華孚,7,0,7,華南永昌-潮州,2024-12-02,9328
8033,雷虎,9,3,6,華南永昌-潮州,2024-12-02,9328
00878,國泰永續高股息,7,2,5,華南永昌-潮州,2024-12-02,9328
1432,大魯閣,5,0,5,華南永昌-潮州,2024-12-02,9328
2023,燁輝,5,0,5,華南永昌-潮州,2024-12-02,9328
2543,皇昌,14,9,5,華南永昌-潮州,2024-12-02,9328
00919,群益台灣精選高息,204,49,155,華南永昌-潮州,2024-12-03,9328
2367,燿華,80,6,74,華南永昌-潮州,2024-12-03,9328
00632R,元大台灣50反1,73,0,73,華南永昌-潮州,2024-12-03,9328
4174,浩鼎,61,0,61,華南永昌-潮州,2024-12-03,9328
00905,FT臺灣Smart,60,1,59,華南永昌-潮州,2024-12-03,9328
9105,泰金寶-DR,558,514,44,華南永昌-潮州,2024-12-03,9328
2101,南港,30,0,30,華南永昌-潮州,2024-12-03,9328
3447,展達,30,0,30,華南永昌-潮州,2024-12-03,9328
00918,大華優利高填息30,39,12,27,華南永昌-潮州,2024-12-03,9328
6558,興能高,30,7,23,華南永昌-潮州,2024-12-03,9328
00669R,國泰美國道瓊反1,20,0,20,華南永昌-潮州,2024-12-03,9328
00932,兆豐永續高息等權,20,0,20,華南永昌-潮州,2024-12-03,9328
2745,五福,20,0,20,華南永昌-潮州,2024-12-03,9328
5864,致和證,20,0,20,華南永昌-潮州,2024-12-03,9328
8927,北基,20,0,20,華南永昌-潮州,2024-12-03,9328
2023,燁輝,15,0,15,華南永昌-潮州,2024-12-03,9328
1587,吉茂,15,2,13,華南永昌-潮州,2024-12-03,9328
2317,鴻海,15,4,11,華南永昌-潮州,2024-12-03,9328
00960,野村全球航運龍頭,11,0,11,華南永昌-潮州,2024-12-03,9328
2646,星宇航空,18,7,11,華南永昌-潮州,2024-12-03,9328
6235,華孚,13,2,11,華南永昌-潮州,2024-12-03,9328
00715L,期街口布蘭特正2,10,0,10,華南永昌-潮州,2024-12-03,9328
1808,潤隆,10,0,10,華南永昌-潮州,2024-12-03,9328
2884,玉山金,10,0,10,華南永昌-潮州,2024-12-03,9328
6269,台郡,10,0,10,華南永昌-潮州,2024-12-03,9328
00878,國泰永續高股息,12,3,9,華南永昌-潮州,2024-12-03,9328
1471,首利,10,1,9,華南永昌-潮州,2024-12-03,9328
2356,英業達,9,1,8,華南永昌-潮州,2024-12-03,9328
2734,易飛網,8,0,8,華南永昌-潮州,2024-12-03,9328
3149,正達,9,1,8,華南永昌-潮州,2024-12-03,9328
5309,系統電,13,5,8,華南永昌-潮州,2024-12-03,9328
8028,昇陽半導體,9,1,8,華南永昌-潮州,2024-12-03,9328
2354,鴻準,13,6,7,華南永昌-潮州,2024-12-03,9328
6861,睿生光電,7,0,7,華南永昌-潮州,2024-12-03,9328
2353,宏��,8,2,6,華南永昌-潮州,2024-12-03,9328
2014,中鴻,8,2,6,華南永昌-潮州,2024-12-03,9328
2460,建通,6,0,6,華南永昌-潮州,2024-12-03,9328
2888,新光金,6,0,6,華南永昌-潮州,2024-12-03,9328
4915,致伸,8,2,6,華南永昌-潮州,2024-12-03,9328
1524,耿鼎,10,4,6,華南永昌-潮州,2024-12-03,9328
00909,國泰數位支付服務,5,0,5,華南永昌-潮州,2024-12-03,9328
00713,元大台灣高息低波,5,0,5,華南永昌-潮州,2024-12-03,9328
00752,中信中國50,5,0,5,華南永昌-潮州,2024-12-03,9328
1301,台塑,5,0,5,華南永昌-潮州,2024-12-03,9328
1432,大魯閣,5,0,5,華南永昌-潮州,2024-12-03,9328
4931,新盛力,5,0,5,華南永昌-潮州,2024-12-03,9328
4971,IET-KY,7,2,5,華南永昌-潮州,2024-12-03,9328
6167,久正,5,0,5,華南永昌-潮州,2024-12-03,9328
2880,華南金,5,0,5,華南永昌-潮州,2024-12-03,9328
0056,元大高股息,15,11,4,華南永昌-潮州,2024-12-03,9328
9105,泰金寶-DR,77,4,73,華南永昌-潮州,2024-12-04,9328
00918,大華優利高填息30,92,22,70,華南永昌-潮州,2024-12-04,9328
2504,國產,60,0,60,華南永昌-潮州,2024-12-04,9328
00919,群益台灣精選高息,54,7,47,華南永昌-潮州,2024-12-04,9328
00673R,期元大S＆P原油反1,45,0,45,華南永昌-潮州,2024-12-04,9328
00940,元大台灣價值高息,44,4,40,華南永昌-潮州,2024-12-04,9328
2543,皇昌,35,0,35,華南永昌-潮州,2024-12-04,9328
1536,和大,60,27,33,華南永昌-潮州,2024-12-04,9328
2352,佳世達,35,2,33,華南永昌-潮州,2024-12-04,9328
00878,國泰永續高股息,24,1,23,華南永昌-潮州,2024-12-04,9328
6770,力積電,22,1,21,華南永昌-潮州,2024-12-04,9328
00669R,國泰美國道瓊反1,20,0,20,華南永昌-潮州,2024-12-04,9328
3040,遠見,20,0,20,華南永昌-潮州,2024-12-04,9328
00712,復華富時不動產,21,2,19,華南永昌-潮州,2024-12-04,9328
00960,野村全球航運龍頭,19,0,19,華南永昌-潮州,2024-12-04,9328
0056,元大高股息,19,1,18,華南永昌-潮州,2024-12-04,9328
6414,樺漢,16,0,16,華南永昌-潮州,2024-12-04,9328
6757,台灣虎航,15,0,15,華南永昌-潮州,2024-12-04,9328
00881,國泰台灣5G+,20,6,14,華南永昌-潮州,2024-12-04,9328
2405,輔信,14,1,13,華南永昌-潮州,2024-12-04,9328
2891,中信金,14,1,13,華南永昌-潮州,2024-12-04,9328
3032,偉訓,19,6,13,華南永昌-潮州,2024-12-04,9328
4533,協易機,12,0,12,華南永昌-潮州,2024-12-04,9328
5328,華容,22,10,12,華南永昌-潮州,2024-12-04,9328
00915,凱基優選高股息30,11,0,11,華南永昌-潮州,2024-12-04,9328
3006,晶豪科,11,1,10,華南永昌-潮州,2024-12-04,9328
1432,大魯閣,10,0,10,華南永昌-潮州,2024-12-04,9328
1905,華紙,10,0,10,華南永昌-潮州,2024-12-04,9328
2630,亞航,10,0,10,華南永昌-潮州,2024-12-04,9328
3483,力致,10,0,10,華南永昌-潮州,2024-12-04,9328
2337,旺宏,11,2,9,華南永昌-潮州,2024-12-04,9328
2344,華邦電,11,2,9,華南永昌-潮州,2024-12-04,9328
00953B,群益優選非投等債,8,0,8,華南永昌-潮州,2024-12-04,9328
2646,星宇航空,11,3,8,華南永昌-潮州,2024-12-04,9328
2486,一詮,13,6,7,華南永昌-潮州,2024-12-04,9328
2615,萬海,7,0,7,華南永昌-潮州,2024-12-04,9328
1336,台翰,8,1,7,華南永昌-潮州,2024-12-04,9328
1587,吉茂,7,0,7,華南永昌-潮州,2024-12-04,9328
1605,華新,7,0,7,華南永昌-潮州,2024-12-04,9328
00916,國泰全球品牌50,6,0,6,華南永昌-潮州,2024-12-04,9328
00637L,元大滬深300正2,21,15,6,華南永昌-潮州,2024-12-04,9328
2426,鼎元,9,3,6,華南永昌-潮州,2024-12-04,9328
2801,彰銀,6,0,6,華南永昌-潮州,2024-12-04,9328
3049,精金,6,0,6,華南永昌-潮州,2024-12-04,9328
4510,高鋒,7,1,6,華南永昌-潮州,2024-12-04,9328
4906,正文,6,0,6,華南永昌-潮州,2024-12-04,9328
1101,台泥,6,0,6,華南永昌-潮州,2024-12-04,9328
6134,萬旭,10,4,6,華南永昌-潮州,2024-12-04,9328
1102,亞泥,5,0,5,華南永昌-潮州,2024-12-04,9328
1449,佳和,20,15,5,華南永昌-潮州,2024-12-04,9328
00919,群益台灣精選高息,113,1,112,華南永昌-潮州,2024-12-05,9328
2883,凱基金,38,1,37,華南永昌-潮州,2024-12-05,9328
2543,皇昌,35,3,32,華南永昌-潮州,2024-12-05,9328
2317,鴻海,30,0,30,華南永昌-潮州,2024-12-05,9328
4912,聯德控股-KY,26,0,26,華南永昌-潮州,2024-12-05,9328
00770,國泰北美科技,24,0,24,華南永昌-潮州,2024-12-05,9328
2609,陽明,25,4,21,華南永昌-潮州,2024-12-05,9328
2349,錸德,24,5,19,華南永昌-潮州,2024-12-05,9328
3447,展達,25,6,19,華南永昌-潮州,2024-12-05,9328
6127,九豪,25,6,19,華南永昌-潮州,2024-12-05,9328
2367,燿華,23,6,17,華南永昌-潮州,2024-12-05,9328
4931,新盛力,23,6,17,華南永昌-潮州,2024-12-05,9328
2392,正崴,29,13,16,華南永昌-潮州,2024-12-05,9328
2615,萬海,22,6,16,華南永昌-潮州,2024-12-05,9328
1815,富喬,88,72,16,華南永昌-潮州,2024-12-05,9328
3339,泰谷,14,0,14,華南永昌-潮州,2024-12-05,9328
3211,順達,28,15,13,華南永昌-潮州,2024-12-05,9328
4938,和碩,15,2,13,華南永昌-潮州,2024-12-05,9328
2472,立隆電,14,2,12,華南永昌-潮州,2024-12-05,9328
2617,台航,12,0,12,華南永昌-潮州,2024-12-05,9328
2313,華通,18,6,12,華南永昌-潮州,2024-12-05,9328
2486,一詮,21,9,12,華南永昌-潮州,2024-12-05,9328
0056,元大高股息,12,0,12,華南永昌-潮州,2024-12-05,9328
9105,泰金寶-DR,16,5,11,華南永昌-潮州,2024-12-05,9328
3380,明泰,21,11,10,華南永昌-潮州,2024-12-05,9328
00637L,元大滬深300正2,10,0,10,華南永昌-潮州,2024-12-05,9328
1434,福懋,10,0,10,華南永昌-潮州,2024-12-05,9328
5484,慧友,10,0,10,華南永昌-潮州,2024-12-05,9328
5907,大洋-KY,11,1,10,華南永昌-潮州,2024-12-05,9328
6224,聚鼎,19,9,10,華南永昌-潮州,2024-12-05,9328
8086,宏捷科,11,1,10,華南永昌-潮州,2024-12-05,9328
8261,富鼎,12,2,10,華南永昌-潮州,2024-12-05,9328
6505,台塑化,10,1,9,華南永昌-潮州,2024-12-05,9328
00713,元大台灣高息低波,9,0,9,華南永昌-潮州,2024-12-05,9328
00715L,期街口布蘭特正2,9,0,9,華南永昌-潮州,2024-12-05,9328
1471,首利,9,0,9,華南永昌-潮州,2024-12-05,9328
2303,聯電,18,9,9,華南永昌-潮州,2024-12-05,9328
4303,信立,12,5,7,華南永昌-潮州,2024-12-05,9328
2449,京元電子,9,2,7,華南永昌-潮州,2024-12-05,9328
2337,旺宏,8,1,7,華南永昌-潮州,2024-12-05,9328
8240,華宏,7,0,7,華南永昌-潮州,2024-12-05,9328
8938,明安,7,0,7,華南永昌-潮州,2024-12-05,9328
2002,中鋼,8,1,7,華南永昌-潮州,2024-12-05,9328
2360,致茂,6,0,6,華南永昌-潮州,2024-12-05,9328
00922,國泰台灣領袖50,7,1,6,華南永昌-潮州,2024-12-05,9328
2062,橋椿,6,0,6,華南永昌-潮州,2024-12-05,9328
2834,臺企銀,6,0,6,華南永昌-潮州,2024-12-05,9328
6558,興能高,19,13,6,華南永昌-潮州,2024-12-05,9328
8070,長華*,10,4,6,華南永昌-潮州,2024-12-05,9328
5880,合庫金,5,0,5,華南永昌-潮州,2024-12-05,9328
00919,群益台灣精選高息,80,11,69,華南永昌-潮州,2024-12-06,9328
00900,富邦特選高股息30,57,1,56,華南永昌-潮州,2024-12-06,9328
3447,展達,54,1,53,華南永昌-潮州,2024-12-06,9328
00715L,期街口布蘭特正2,43,0,43,華南永昌-潮州,2024-12-06,9328
6877,鏵友益,25,2,23,華南永昌-潮州,2024-12-06,9328
00713,元大台灣高息低波,23,0,23,華南永昌-潮州,2024-12-06,9328
3167,大量,29,7,22,華南永昌-潮州,2024-12-06,9328
3323,加百裕,26,6,20,華南永昌-潮州,2024-12-06,9328
6175,立敦,20,0,20,華南永昌-潮州,2024-12-06,9328
2610,華航,22,4,18,華南永昌-潮州,2024-12-06,9328
2405,輔信,36,18,18,華南永昌-潮州,2024-12-06,9328
2312,金寶,31,15,16,華南永昌-潮州,2024-12-06,9328
3380,明泰,15,0,15,華南永昌-潮州,2024-12-06,9328
5519,隆大,14,0,14,華南永昌-潮州,2024-12-06,9328
2349,錸德,14,1,13,華南永昌-潮州,2024-12-06,9328
3019,亞光,16,3,13,華南永昌-潮州,2024-12-06,9328
1815,富喬,40,28,12,華南永昌-潮州,2024-12-06,9328
3706,神達,28,17,11,華南永昌-潮州,2024-12-06,9328
2354,鴻準,71,61,10,華南永昌-潮州,2024-12-06,9328
2317,鴻海,21,11,10,華南永昌-潮州,2024-12-06,9328
00960,野村全球航運龍頭,10,0,10,華南永昌-潮州,2024-12-06,9328
00962,台新AI優息動能,10,0,10,華南永昌-潮州,2024-12-06,9328
00915,凱基優選高股息30,12,3,9,華南永昌-潮州,2024-12-06,9328
00909,國泰數位支付服務,8,0,8,華南永昌-潮州,2024-12-06,9328
8104,錸寶,9,1,8,華南永昌-潮州,2024-12-06,9328
2449,京元電子,9,1,8,華南永昌-潮州,2024-12-06,9328
5315,光聯,9,1,8,華南永昌-潮州,2024-12-06,9328
0056,元大高股息,12,5,7,華南永昌-潮州,2024-12-06,9328
00941,中信上游半導體,7,0,7,華南永昌-潮州,2024-12-06,9328
1587,吉茂,7,0,7,華南永昌-潮州,2024-12-06,9328
2337,旺宏,26,19,7,華南永昌-潮州,2024-12-06,9328
2495,普安,16,9,7,華南永昌-潮州,2024-12-06,9328
3231,緯創,16,10,6,華南永昌-潮州,2024-12-06,9328
1301,台塑,8,2,6,華南永昌-潮州,2024-12-06,9328
00894,中信小資高價30,6,0,6,華南永昌-潮州,2024-12-06,9328
00712,復華富時不動產,6,0,6,華南永昌-潮州,2024-12-06,9328
2408,南亞科,6,0,6,華南永昌-潮州,2024-12-06,9328
3625,西勝,8,2,6,華南永昌-潮州,2024-12-06,9328
8069,元太,5,0,5,華南永昌-潮州,2024-12-06,9328
1717,長興,5,0,5,華南永昌-潮州,2024-12-06,9328
3032,偉訓,5,0,5,華南永昌-潮州,2024-12-06,9328
3550,聯穎,5,0,5,華南永昌-潮州,2024-12-06,9328
6271,同欣電,5,0,5,華南永昌-潮州,2024-12-06,9328
6901,鑽石投資,5,0,5,華南永昌-潮州,2024-12-06,9328
9902,台火,5,0,5,華南永昌-潮州,2024-12-06,9328
6446,藥華藥,4,0,4,華南永昌-潮州,2024-12-06,9328
00932,兆豐永續高息等權,4,0,4,華南永昌-潮州,2024-12-06,9328
1336,台翰,20,16,4,華南永昌-潮州,2024-12-06,9328
1517,利奇,4,0,4,華南永昌-潮州,2024-12-06,9328
2457,飛宏,4,0,4,華南永昌-潮州,2024-12-06,9328
00919,群益台灣精選高息,58,16,42,華南永昌-潮州,2024-12-09,9328
00918,大華優利高填息30,33,0,33,華南永昌-潮州,2024-12-09,9328
1605,華新,27,6,21,華南永昌-潮州,2024-12-09,9328
2399,映泰,42,21,21,華南永昌-潮州,2024-12-09,9328
6854,錼創科技-KY創,19,0,19,華南永昌-潮州,2024-12-09,9328
0056,元大高股息,17,0,17,華南永昌-潮州,2024-12-09,9328
4541,晟田,15,0,15,華南永昌-潮州,2024-12-09,9328
6015,宏遠證,15,0,15,華南永昌-潮州,2024-12-09,9328
2349,錸德,20,6,14,華南永昌-潮州,2024-12-09,9328
2495,普安,17,3,14,華南永昌-潮州,2024-12-09,9328
3622,洋華,14,0,14,華南永昌-潮州,2024-12-09,9328
4931,新盛力,20,6,14,華南永昌-潮州,2024-12-09,9328
00915,凱基優選高股息30,13,0,13,華南永昌-潮州,2024-12-09,9328
3706,神達,49,36,13,華南永昌-潮州,2024-12-09,9328
00922,國泰台灣領袖50,13,0,13,華南永昌-潮州,2024-12-09,9328
2002,中鋼,12,0,12,華南永昌-潮州,2024-12-09,9328
8249,菱光,43,31,12,華南永昌-潮州,2024-12-09,9328
8104,錸寶,14,3,11,華南永昌-潮州,2024-12-09,9328
2436,偉詮電,14,3,11,華南永昌-潮州,2024-12-09,9328
00960,野村全球航運龍頭,18,7,11,華南永昌-潮州,2024-12-09,9328
2408,南亞科,11,1,10,華南永昌-潮州,2024-12-09,9328
00712,復華富時不動產,10,0,10,華南永昌-潮州,2024-12-09,9328
00948B,中信優息投資級債,10,0,10,華南永昌-潮州,2024-12-09,9328
3323,加百裕,28,18,10,華南永昌-潮州,2024-12-09,9328
6191,精成科,10,0,10,華南永昌-潮州,2024-12-09,9328
6558,興能高,14,4,10,華南永昌-潮州,2024-12-09,9328
6770,力積電,10,0,10,華南永昌-潮州,2024-12-09,9328
2317,鴻海,17,8,9,華南永昌-潮州,2024-12-09,9328
1595,川寶,10,1,9,華南永昌-潮州,2024-12-09,9328
2062,橋椿,9,0,9,華南永昌-潮州,2024-12-09,9328
6215,和椿,9,0,9,華南永昌-潮州,2024-12-09,9328
5309,系統電,14,6,8,華南永昌-潮州,2024-12-09,9328
2363,矽統,11,3,8,華南永昌-潮州,2024-12-09,9328
00878,國泰永續高股息,11,3,8,華南永昌-潮州,2024-12-09,9328
00932,兆豐永續高息等權,10,2,8,華南永昌-潮州,2024-12-09,9328
1708,東鹼,8,0,8,華南永昌-潮州,2024-12-09,9328
3530,晶相光,8,0,8,華南永昌-潮州,2024-12-09,9328
9105,泰金寶-DR,9,2,7,華南永昌-潮州,2024-12-09,9328
2449,京元電子,7,0,7,華南永昌-潮州,2024-12-09,9328
00900,富邦特選高股息30,8,1,7,華南永昌-潮州,2024-12-09,9328
00715L,期街口布蘭特正2,7,0,7,華南永昌-潮州,2024-12-09,9328
6284,佳邦,7,0,7,華南永昌-潮州,2024-12-09,9328
6695,芯鼎,7,0,7,華南永昌-潮州,2024-12-09,9328
1314,中石化,6,0,6,華南永昌-潮州,2024-12-09,9328
4128,中天,6,0,6,華南永昌-潮州,2024-12-09,9328
00909,國泰數位支付服務,5,0,5,華南永昌-潮州,2024-12-09,9328
8016,矽創,5,0,5,華南永昌-潮州,2024-12-09,9328
3211,順達,7,2,5,華南永昌-潮州,2024-12-09,9328
00953B,群益優選非投等債,10,5,5,華南永昌-潮州,2024-12-09,9328
2468,華經,6,1,5,華南永昌-潮州,2024-12-09,9328
2367,燿華,70,0,70,華南永昌-潮州,2024-12-10,9328
00918,大華優利高填息30,56,0,56,華南永昌-潮州,2024-12-10,9328
4931,新盛力,62,9,53,華南永昌-潮州,2024-12-10,9328
3706,神達,92,41,51,華南永昌-潮州,2024-12-10,9328
2615,萬海,39,3,36,華南永昌-潮州,2024-12-10,9328
2317,鴻海,35,1,34,華南永昌-潮州,2024-12-10,9328
6854,錼創科技-KY創,31,0,31,華南永昌-潮州,2024-12-10,9328
6877,鏵友益,33,3,30,華南永昌-潮州,2024-12-10,9328
00673R,期元大S＆P原油反1,25,0,25,華南永昌-潮州,2024-12-10,9328
8104,錸寶,35,11,24,華南永昌-潮州,2024-12-10,9328
00919,群益台灣精選高息,51,31,20,華南永昌-潮州,2024-12-10,9328
00940,元大台灣價值高息,27,7,20,華南永昌-潮州,2024-12-10,9328
1815,富喬,57,37,20,華南永昌-潮州,2024-12-10,9328
00915,凱基優選高股息30,22,3,19,華南永昌-潮州,2024-12-10,9328
2363,矽統,22,5,17,華南永昌-潮州,2024-12-10,9328
0056,元大高股息,16,0,16,華南永昌-潮州,2024-12-10,9328
4541,晟田,15,0,15,華南永昌-潮州,2024-12-10,9328
2449,京元電子,17,2,15,華南永昌-潮州,2024-12-10,9328
8096,擎亞,17,4,13,華南永昌-潮州,2024-12-10,9328
1210,大成,11,0,11,華南永昌-潮州,2024-12-10,9328
5483,中美晶,11,0,11,華南永昌-潮州,2024-12-10,9328
00715L,期街口布蘭特正2,10,0,10,華南永昌-潮州,2024-12-10,9328
00943,兆豐電子高息等權,10,0,10,華南永昌-潮州,2024-12-10,9328
1522,堤維西,10,0,10,華南永昌-潮州,2024-12-10,9328
1524,耿鼎,13,3,10,華南永昌-潮州,2024-12-10,9328
1734,杏輝,10,0,10,華南永昌-潮州,2024-12-10,9328
2399,映泰,19,9,10,華南永昌-潮州,2024-12-10,9328
2486,一詮,10,0,10,華南永昌-潮州,2024-12-10,9328
2610,華航,11,1,10,華南永昌-潮州,2024-12-10,9328
2641,正德,10,0,10,華南永昌-潮州,2024-12-10,9328
2882,國泰金,10,0,10,華南永昌-潮州,2024-12-10,9328
3317,尼克森,10,0,10,華南永昌-潮州,2024-12-10,9328
3483,力致,10,0,10,華南永昌-潮州,2024-12-10,9328
2312,金寶,17,8,9,華南永昌-潮州,2024-12-10,9328
2303,聯電,9,2,7,華南永昌-潮州,2024-12-10,9328
00922,國泰台灣領袖50,6,0,6,華南永昌-潮州,2024-12-10,9328
1536,和大,6,0,6,華南永昌-潮州,2024-12-10,9328
3484,崧騰,6,0,6,華南永昌-潮州,2024-12-10,9328
5426,振發,6,0,6,華南永昌-潮州,2024-12-10,9328
6274,台燿,6,0,6,華南永昌-潮州,2024-12-10,9328
8028,昇陽半導體,8,2,6,華南永昌-潮州,2024-12-10,9328
2603,長榮,5,0,5,華南永昌-潮州,2024-12-10,9328
2618,長榮航,6,1,5,華南永昌-潮州,2024-12-10,9328
8016,矽創,5,0,5,華南永昌-潮州,2024-12-10,9328
1303,南亞,6,1,5,華南永昌-潮州,2024-12-10,9328
2360,致茂,5,0,5,華南永昌-潮州,2024-12-10,9328
00968B,元大優息投等債,5,0,5,華南永昌-潮州,2024-12-10,9328
1409,新纖,5,0,5,華南永昌-潮州,2024-12-10,9328
1563,巧新,5,0,5,華南永昌-潮州,2024-12-10,9328
4906,正文,5,0,5,華南永昌-潮州,2024-12-10,9328
00918,大華優利高填息30,153,2,151,華南永昌-潮州,2024-12-11,9328
00919,群益台灣精選高息,130,2,128,華南永昌-潮州,2024-12-11,9328
2330,台積電,39,1,38,華南永昌-潮州,2024-12-11,9328
6235,華孚,38,1,37,華南永昌-潮州,2024-12-11,9328
5483,中美晶,35,0,35,華南永昌-潮州,2024-12-11,9328
4174,浩鼎,30,0,30,華南永昌-潮州,2024-12-11,9328
4746,台耀,30,1,29,華南永昌-潮州,2024-12-11,9328
8104,錸寶,34,5,29,華南永昌-潮州,2024-12-11,9328
2303,聯電,26,1,25,華南永昌-潮州,2024-12-11,9328
2886,兆豐金,19,0,19,華南永昌-潮州,2024-12-11,9328
00878,國泰永續高股息,25,7,18,華南永昌-潮州,2024-12-11,9328
3712,永崴投控,18,1,17,華南永昌-潮州,2024-12-11,9328
00946,群益科技高息成長,16,0,16,華南永昌-潮州,2024-12-11,9328
6770,力積電,18,2,16,華南永昌-潮州,2024-12-11,9328
2605,新興,15,0,15,華南永昌-潮州,2024-12-11,9328
2609,陽明,45,30,15,華南永昌-潮州,2024-12-11,9328
1449,佳和,16,1,15,華南永昌-潮州,2024-12-11,9328
00915,凱基優選高股息30,14,0,14,華南永昌-潮州,2024-12-11,9328
1605,華新,19,5,14,華南永昌-潮州,2024-12-11,9328
2344,華邦電,14,1,13,華南永昌-潮州,2024-12-11,9328
2880,華南金,13,0,13,華南永昌-潮州,2024-12-11,9328
2312,金寶,21,8,13,華南永昌-潮州,2024-12-11,9328
1455,集盛,11,0,11,華南永昌-潮州,2024-12-11,9328
0056,元大高股息,15,4,11,華南永昌-潮州,2024-12-11,9328
2002,中鋼,17,7,10,華南永昌-潮州,2024-12-11,9328
1457,宜進,10,0,10,華南永昌-潮州,2024-12-11,9328
2385,群光,10,0,10,華南永昌-潮州,2024-12-11,9328
3024,憶聲,12,2,10,華南永昌-潮州,2024-12-11,9328
00882,中信中國高股息,10,2,8,華南永昌-潮州,2024-12-11,9328
00912,中信臺灣智慧50,8,0,8,華南永昌-潮州,2024-12-11,9328
2014,中鴻,8,0,8,華南永昌-潮州,2024-12-11,9328
1326,台化,7,0,7,華南永昌-潮州,2024-12-11,9328
00937B,群益ESG投等債20,6,0,6,華南永昌-潮州,2024-12-11,9328
1595,川寶,6,0,6,華南永昌-潮州,2024-12-11,9328
5009,榮剛,6,0,6,華南永昌-潮州,2024-12-11,9328
00909,國泰數位支付服務,6,0,6,華南永昌-潮州,2024-12-11,9328
8429,金麗-KY,6,1,5,華南永昌-潮州,2024-12-11,9328
00673R,期元大S＆P原油反1,5,0,5,華南永昌-潮州,2024-12-11,9328
1708,東鹼,5,0,5,華南永昌-潮州,2024-12-11,9328
2231,為升,5,0,5,華南永昌-潮州,2024-12-11,9328
2601,益航,5,0,5,華南永昌-潮州,2024-12-11,9328
3706,神達,34,29,5,華南永昌-潮州,2024-12-11,9328
4167,松瑞藥,5,0,5,華南永昌-潮州,2024-12-11,9328
4438,廣越,5,0,5,華南永昌-潮州,2024-12-11,9328
4560,強信-KY,5,0,5,華南永昌-潮州,2024-12-11,9328
6877,鏵友益,7,2,5,華南永昌-潮州,2024-12-11,9328
6285,啟��,5,0,5,華南永昌-潮州,2024-12-11,9328
006208,富邦台50,5,0,5,華南永昌-潮州,2024-12-11,9328
2603,長榮,5,1,4,華南永昌-潮州,2024-12-11,9328
00679B,元大美債20年,4,0,4,華南永昌-潮州,2024-12-11,9328
00918,大華優利高填息30,73,0,73,華南永昌-潮州,2024-12-12,9328
00673R,期元大S＆P原油反1,45,0,45,華南永昌-潮州,2024-12-12,9328
2609,陽明,52,10,42,華南永昌-潮州,2024-12-12,9328
2002,中鋼,39,0,39,華南永昌-潮州,2024-12-12,9328
4931,新盛力,72,40,32,華南永昌-潮州,2024-12-12,9328
4912,聯德控股-KY,30,0,30,華南永昌-潮州,2024-12-12,9328
8249,菱光,27,1,26,華南永昌-潮州,2024-12-12,9328
2303,聯電,37,12,25,華南永昌-潮州,2024-12-12,9328
00915,凱基優選高股息30,24,0,24,華南永昌-潮州,2024-12-12,9328
1303,南亞,23,0,23,華南永昌-潮州,2024-12-12,9328
2867,三商壽,21,0,21,華南永昌-潮州,2024-12-12,9328
00679B,元大美債20年,20,0,20,華南永昌-潮州,2024-12-12,9328
2312,金寶,23,6,17,華南永昌-潮州,2024-12-12,9328
00948B,中信優息投資級債,16,0,16,華南永昌-潮州,2024-12-12,9328
4729,熒茂,17,1,16,華南永昌-潮州,2024-12-12,9328
00950B,凱基A級公司債,13,0,13,華南永昌-潮州,2024-12-12,9328
3312,弘憶股,13,0,13,華南永昌-潮州,2024-12-12,9328
00687B,國泰20年美債,13,0,13,華南永昌-潮州,2024-12-12,9328
1301,台塑,16,5,11,華南永昌-潮州,2024-12-12,9328
00953B,群益優選非投等債,11,0,11,華南永昌-潮州,2024-12-12,9328
00646,元大S＆P500,11,0,11,華南永昌-潮州,2024-12-12,9328
00757,統一FANG+,11,0,11,華南永昌-潮州,2024-12-12,9328
1815,富喬,43,33,10,華南永昌-潮州,2024-12-12,9328
2388,威盛,11,1,10,華南永昌-潮州,2024-12-12,9328
00887,永豐中國科技50大,10,0,10,華南永昌-潮州,2024-12-12,9328
1305,華夏,10,0,10,華南永昌-潮州,2024-12-12,9328
2314,台揚,10,0,10,華南永昌-潮州,2024-12-12,9328
8404,百和興業-KY,10,0,10,華南永昌-潮州,2024-12-12,9328
3029,零壹,24,16,8,華南永昌-潮州,2024-12-12,9328
00712,復華富時不動產,8,1,7,華南永昌-潮州,2024-12-12,9328
1513,中興電,7,0,7,華南永昌-潮州,2024-12-12,9328
2328,廣宇,23,16,7,華南永昌-潮州,2024-12-12,9328
2399,映泰,10,3,7,華南永昌-潮州,2024-12-12,9328
3231,緯創,9,2,7,華南永昌-潮州,2024-12-12,9328
2317,鴻海,15,8,7,華南永昌-潮州,2024-12-12,9328
8069,元太,7,1,6,華南永昌-潮州,2024-12-12,9328
00795B,中信美國公債20年,6,0,6,華南永昌-潮州,2024-12-12,9328
00936,台新永續高息中小,6,0,6,華南永昌-潮州,2024-12-12,9328
2495,普安,6,0,6,華南永昌-潮州,2024-12-12,9328
4968,立積,6,0,6,華南永昌-潮州,2024-12-12,9328
6770,力積電,11,6,5,華南永昌-潮州,2024-12-12,9328
2615,萬海,7,2,5,華南永昌-潮州,2024-12-12,9328
00945B,凱基美國非投等債,5,0,5,華南永昌-潮州,2024-12-12,9328
00959B,大華投等美債15Y+,8,3,5,華南永昌-潮州,2024-12-12,9328
2349,錸德,5,0,5,華南永昌-潮州,2024-12-12,9328
2374,佳能,36,31,5,華南永昌-潮州,2024-12-12,9328
3033,威健,5,0,5,華南永昌-潮州,2024-12-12,9328
3483,力致,5,0,5,華南永昌-潮州,2024-12-12,9328
4529,淳紳,5,0,5,華南永昌-潮州,2024-12-12,9328
5483,中美晶,5,0,5,華南永昌-潮州,2024-12-12,9328
00918,大華優利高填息30,112,0,112,華南永昌-潮州,2024-12-13,9328
00882,中信中國高股息,91,0,91,華南永昌-潮州,2024-12-13,9328
3447,展達,69,3,66,華南永昌-潮州,2024-12-13,9328
2610,華航,56,4,52,華南永昌-潮州,2024-12-13,9328
00878,國泰永續高股息,57,6,51,華南永昌-潮州,2024-12-13,9328
2371,大同,56,6,50,華南永昌-潮州,2024-12-13,9328
0056,元大高股息,47,0,47,華南永昌-潮州,2024-12-13,9328
2303,聯電,75,34,41,華南永昌-潮州,2024-12-13,9328
5284,jpp-KY,48,9,39,華南永昌-潮州,2024-12-13,9328
3706,神達,51,20,31,華南永昌-潮州,2024-12-13,9328
2002,中鋼,31,1,30,華南永昌-潮州,2024-12-13,9328
6116,彩晶,29,0,29,華南永昌-潮州,2024-12-13,9328
2317,鴻海,27,3,24,華南永昌-潮州,2024-12-13,9328
00680L,元大美債20正2,21,0,21,華南永昌-潮州,2024-12-13,9328
00650L,復華香港正2,20,0,20,華南永昌-潮州,2024-12-13,9328
3062,建漢,20,0,20,華南永昌-潮州,2024-12-13,9328
4912,聯德控股-KY,20,0,20,華南永昌-潮州,2024-12-13,9328
6142,友勁,20,0,20,華南永昌-潮州,2024-12-13,9328
6290,良維,20,0,20,華南永昌-潮州,2024-12-13,9328
00935,野村臺灣新科技50,19,0,19,華南永昌-潮州,2024-12-13,9328
8249,菱光,18,0,18,華南永昌-潮州,2024-12-13,9328
00915,凱基優選高股息30,18,0,18,華南永昌-潮州,2024-12-13,9328
00637L,元大滬深300正2,17,0,17,華南永昌-潮州,2024-12-13,9328
2646,星宇航空,30,14,16,華南永昌-潮州,2024-12-13,9328
2108,南帝,15,0,15,華南永昌-潮州,2024-12-13,9328
3024,憶聲,15,0,15,華南永昌-潮州,2024-12-13,9328
2353,宏��,15,2,13,華南永昌-潮州,2024-12-13,9328
1522,堤維西,13,0,13,華南永昌-潮州,2024-12-13,9328
1595,川寶,12,0,12,華南永昌-潮州,2024-12-13,9328
00937B,群益ESG投等債20,12,0,12,華南永昌-潮州,2024-12-13,9328
00713,元大台灣高息低波,13,2,11,華南永昌-潮州,2024-12-13,9328
8011,台通,10,0,10,華南永昌-潮州,2024-12-13,9328
2634,漢翔,10,0,10,華南永昌-潮州,2024-12-13,9328
3715,定穎投控,10,0,10,華南永昌-潮州,2024-12-13,9328
6214,精誠,20,10,10,華南永昌-潮州,2024-12-13,9328
1314,中石化,12,3,9,華南永昌-潮州,2024-12-13,9328
3037,欣興,11,2,9,華南永昌-潮州,2024-12-13,9328
6175,立敦,10,1,9,華南永昌-潮州,2024-12-13,9328
6443,元晶,12,3,9,華南永昌-潮州,2024-12-13,9328
1605,華新,8,0,8,華南永昌-潮州,2024-12-13,9328
6108,競國,12,4,8,華南永昌-潮州,2024-12-13,9328
00753L,中信中國50正2,8,1,7,華南永昌-潮州,2024-12-13,9328
00959B,大華投等美債15Y+,7,0,7,華南永昌-潮州,2024-12-13,9328
1569,濱川,9,2,7,華南永昌-潮州,2024-12-13,9328
2301,光寶科,6,0,6,華南永昌-潮州,2024-12-13,9328
2344,華邦電,9,3,6,華南永昌-潮州,2024-12-13,9328
2313,華通,9,3,6,華南永昌-潮州,2024-12-13,9328
2338,光罩,7,1,6,華南永昌-潮州,2024-12-13,9328
2349,錸德,6,0,6,華南永昌-潮州,2024-12-13,9328
3013,晟銘電,6,0,6,華南永昌-潮州,2024-12-13,9328
00918,大華優利高填息30,111,0,111,華南永昌-潮州,2024-12-16,9328
00919,群益台灣精選高息,103,6,97,華南永昌-潮州,2024-12-16,9328
3706,神達,83,8,75,華南永昌-潮州,2024-12-16,9328
2609,陽明,73,16,57,華南永昌-潮州,2024-12-16,9328
2344,華邦電,56,1,55,華南永昌-潮州,2024-12-16,9328
8111,立��,50,1,49,華南永昌-潮州,2024-12-16,9328
3447,展達,45,7,38,華南永昌-潮州,2024-12-16,9328
2606,裕民,38,9,29,華南永昌-潮州,2024-12-16,9328
0056,元大高股息,28,0,28,華南永昌-潮州,2024-12-16,9328
6122,擎邦,28,0,28,華南永昌-潮州,2024-12-16,9328
1815,富喬,39,12,27,華南永昌-潮州,2024-12-16,9328
2002,中鋼,35,10,25,華南永昌-潮州,2024-12-16,9328
2354,鴻準,35,13,22,華南永昌-潮州,2024-12-16,9328
00679B,元大美債20年,21,0,21,華南永昌-潮州,2024-12-16,9328
1313,聯成,18,0,18,華南永昌-潮州,2024-12-16,9328
5880,合庫金,17,0,17,華南永昌-潮州,2024-12-16,9328
00637L,元大滬深300正2,15,1,14,華南永昌-潮州,2024-12-16,9328
6290,良維,13,0,13,華南永昌-潮州,2024-12-16,9328
8042,金山電,14,1,13,華南永昌-潮州,2024-12-16,9328
6213,聯茂,13,1,12,華南永昌-潮州,2024-12-16,9328
3231,緯創,13,2,11,華南永昌-潮州,2024-12-16,9328
2449,京元電子,12,1,11,華南永昌-潮州,2024-12-16,9328
2618,長榮航,12,1,11,華南永昌-潮州,2024-12-16,9328
1608,華榮,11,0,11,華南永昌-潮州,2024-12-16,9328
2834,臺企銀,12,1,11,華南永昌-潮州,2024-12-16,9328
2923,鼎固-KY,11,0,11,華南永昌-潮州,2024-12-16,9328
8358,金居,11,0,11,華南永昌-潮州,2024-12-16,9328
00713,元大台灣高息低波,11,0,11,華南永昌-潮州,2024-12-16,9328
6116,彩晶,19,9,10,華南永昌-潮州,2024-12-16,9328
2615,萬海,11,1,10,華南永昌-潮州,2024-12-16,9328
00937B,群益ESG投等債20,16,6,10,華南永昌-潮州,2024-12-16,9328
00706L,期元大S＆P日圓正2,10,0,10,華南永昌-潮州,2024-12-16,9328
00738U,期元大道瓊白銀,10,0,10,華南永昌-潮州,2024-12-16,9328
00926,凱基全球菁英55,10,0,10,華南永昌-潮州,2024-12-16,9328
1595,川寶,10,0,10,華南永昌-潮州,2024-12-16,9328
2355,敬鵬,11,1,10,華南永昌-潮州,2024-12-16,9328
2369,菱生,10,0,10,華南永昌-潮州,2024-12-16,9328
2474,可成,10,0,10,華南永昌-潮州,2024-12-16,9328
2607,榮運,10,0,10,華南永昌-潮州,2024-12-16,9328
2745,五福,10,0,10,華南永昌-潮州,2024-12-16,9328
8011,台通,10,0,10,華南永昌-潮州,2024-12-16,9328
00878,國泰永續高股息,25,16,9,華南永昌-潮州,2024-12-16,9328
2014,中鴻,9,0,9,華南永昌-潮州,2024-12-16,9328
2204,中華,9,0,9,華南永昌-潮州,2024-12-16,9328
4743,合一,9,0,9,華南永昌-潮州,2024-12-16,9328
5483,中美晶,10,1,9,華南永昌-潮州,2024-12-16,9328
2317,鴻海,34,25,9,華南永昌-潮州,2024-12-16,9328
3450,聯鈞,22,14,8,華南永昌-潮州,2024-12-16,9328
2883B,凱基金乙特,8,0,8,華南永昌-潮州,2024-12-16,9328
3591,艾笛森,8,0,8,華南永昌-潮州,2024-12-16,9328
2002,中鋼,138,2,136,華南永昌-潮州,2024-12-17,9328
6425,易發,67,3,64,華南永昌-潮州,2024-12-17,9328
00918,大華優利高填息30,76,20,56,華南永昌-潮州,2024-12-17,9328
00915,凱基優選高股息30,44,5,39,華南永昌-潮州,2024-12-17,9328
3481,群創,39,1,38,華南永昌-潮州,2024-12-17,9328
0056,元大高股息,40,2,38,華南永昌-潮州,2024-12-17,9328
00897,富邦基因免疫生技,34,0,34,華南永昌-潮州,2024-12-17,9328
3447,展達,40,8,32,華南永昌-潮州,2024-12-17,9328
2431,聯昌,39,9,30,華南永昌-潮州,2024-12-17,9328
8111,立��,28,1,27,華南永昌-潮州,2024-12-17,9328
2312,金寶,38,12,26,華南永昌-潮州,2024-12-17,9328
00930,永豐ESG低碳高息,21,0,21,華南永昌-潮州,2024-12-17,9328
1464,得力,20,0,20,華南永昌-潮州,2024-12-17,9328
5328,華容,20,0,20,華南永昌-潮州,2024-12-17,9328
2408,南亞科,25,6,19,華南永昌-潮州,2024-12-17,9328
00713,元大台灣高息低波,19,0,19,華南永昌-潮州,2024-12-17,9328
00680L,元大美債20正2,17,0,17,華南永昌-潮州,2024-12-17,9328
00685L,群益臺灣加權正2,16,0,16,華南永昌-潮州,2024-12-17,9328
00679B,元大美債20年,15,0,15,華南永昌-潮州,2024-12-17,9328
2022,聚亨,15,0,15,華南永昌-潮州,2024-12-17,9328
2880,華南金,13,0,13,華南永昌-潮州,2024-12-17,9328
2354,鴻準,15,3,12,華南永昌-潮州,2024-12-17,9328
5907,大洋-KY,12,0,12,華南永昌-潮州,2024-12-17,9328
00706L,期元大S＆P日圓正2,11,0,11,華南永昌-潮州,2024-12-17,9328
2349,錸德,11,0,11,華南永昌-潮州,2024-12-17,9328
2882,國泰金,12,2,10,華南永昌-潮州,2024-12-17,9328
2474,可成,10,0,10,華南永昌-潮州,2024-12-17,9328
00671R,富邦NASDAQ反1,10,0,10,華南永昌-潮州,2024-12-17,9328
1524,耿鼎,10,0,10,華南永昌-潮州,2024-12-17,9328
1595,川寶,10,0,10,華南永昌-潮州,2024-12-17,9328
3191,雲嘉南,10,0,10,華南永昌-潮州,2024-12-17,9328
6151,晉倫,10,0,10,華南永昌-潮州,2024-12-17,9328
6244,茂迪,10,0,10,華南永昌-潮州,2024-12-17,9328
6290,良維,10,0,10,華南永昌-潮州,2024-12-17,9328
6854,錼創科技-KY創,10,0,10,華南永昌-潮州,2024-12-17,9328
9945,潤泰新,10,0,10,華南永昌-潮州,2024-12-17,9328
00687B,國泰20年美債,10,0,10,華南永昌-潮州,2024-12-17,9328
4763,材料-KY,10,1,9,華南永昌-潮州,2024-12-17,9328
5880,合庫金,9,0,9,華南永昌-潮州,2024-12-17,9328
2014,中鴻,9,0,9,華南永昌-潮州,2024-12-17,9328
2382,廣達,10,1,9,華南永昌-潮州,2024-12-17,9328
2886,兆豐金,8,0,8,華南永昌-潮州,2024-12-17,9328
00950B,凱基A級公司債,8,0,8,華南永昌-潮州,2024-12-17,9328
1708,東鹼,7,0,7,華南永昌-潮州,2024-12-17,9328
1714,和桐,7,0,7,華南永昌-潮州,2024-12-17,9328
2374,佳能,16,9,7,華南永昌-潮州,2024-12-17,9328
3059,華晶科,9,2,7,華南永昌-潮州,2024-12-17,9328
5014,建錩,7,0,7,華南永昌-潮州,2024-12-17,9328
2317,鴻海,16,9,7,華南永昌-潮州,2024-12-17,9328
2834,臺企銀,7,0,7,華南永昌-潮州,2024-12-17,9328
00918,大華優利高填息30,249,2,247,華南永昌-潮州,2024-12-18,9328
9105,泰金寶-DR,625,546,79,華南永昌-潮州,2024-12-18,9328
2618,長榮航,72,28,44,華南永昌-潮州,2024-12-18,9328
8927,北基,40,0,40,華南永昌-潮州,2024-12-18,9328
2886,兆豐金,28,0,28,華南永昌-潮州,2024-12-18,9328
00915,凱基優選高股息30,24,2,22,華南永昌-潮州,2024-12-18,9328
00959B,大華投等美債15Y+,20,0,20,華南永昌-潮州,2024-12-18,9328
2641,正德,20,0,20,華南永昌-潮州,2024-12-18,9328
3003,健和興,20,0,20,華南永昌-潮州,2024-12-18,9328
6962,ITH-KY,20,3,17,華南永昌-潮州,2024-12-18,9328
2317,鴻海,22,5,17,華南永昌-潮州,2024-12-18,9328
2002,中鋼,15,0,15,華南永昌-潮州,2024-12-18,9328
8150,南茂,14,0,14,華南永昌-潮州,2024-12-18,9328
9950,萬國通,14,0,14,華南永昌-潮州,2024-12-18,9328
00712,復華富時不動產,13,0,13,華南永昌-潮州,2024-12-18,9328
1802,台玻,15,2,13,華南永昌-潮州,2024-12-18,9328
2606,裕民,16,3,13,華南永昌-潮州,2024-12-18,9328
2891,中信金,11,0,11,華南永昌-潮州,2024-12-18,9328
1595,川寶,10,0,10,華南永昌-潮州,2024-12-18,9328
00706L,期元大S＆P日圓正2,10,0,10,華南永昌-潮州,2024-12-18,9328
1563,巧新,10,0,10,華南永昌-潮州,2024-12-18,9328
2489,瑞軒,10,0,10,華南永昌-潮州,2024-12-18,9328
3447,展達,11,1,10,華南永昌-潮州,2024-12-18,9328
3689,湧德,17,7,10,華南永昌-潮州,2024-12-18,9328
4510,高鋒,19,9,10,華南永昌-潮州,2024-12-18,9328
6505,台塑化,10,0,10,華南永昌-潮州,2024-12-18,9328
0056,元大高股息,16,6,10,華南永昌-潮州,2024-12-18,9328
3041,揚智,17,8,9,華南永昌-潮州,2024-12-18,9328
3037,欣興,12,4,8,華南永昌-潮州,2024-12-18,9328
2332,友訊,8,0,8,華南永昌-潮州,2024-12-18,9328
2354,鴻準,10,2,8,華南永昌-潮州,2024-12-18,9328
2367,燿華,8,0,8,華南永昌-潮州,2024-12-18,9328
6127,九豪,8,0,8,華南永昌-潮州,2024-12-18,9328
1215,卜蜂,7,0,7,華南永昌-潮州,2024-12-18,9328
1464,得力,7,0,7,華南永昌-潮州,2024-12-18,9328
8277,商丞,7,0,7,華南永昌-潮州,2024-12-18,9328
8429,金麗-KY,7,0,7,華南永昌-潮州,2024-12-18,9328
2615,萬海,8,1,7,華南永昌-潮州,2024-12-18,9328
5347,世界,8,1,7,華南永昌-潮州,2024-12-18,9328
00772B,中信高評級公司債,6,0,6,華南永昌-潮州,2024-12-18,9328
2312,金寶,10,4,6,華南永昌-潮州,2024-12-18,9328
6582,申豐,6,0,6,華南永昌-潮州,2024-12-18,9328
5243,乙盛-KY,11,5,6,華南永昌-潮州,2024-12-18,9328
5309,系統電,5,0,5,華南永昌-潮州,2024-12-18,9328
2365,昆盈,10,5,5,華南永昌-潮州,2024-12-18,9328
1213,大飲,5,0,5,華南永昌-潮州,2024-12-18,9328
2923,鼎固-KY,5,0,5,華南永昌-潮州,2024-12-18,9328
4529,淳紳,5,0,5,華南永昌-潮州,2024-12-18,9328
5452,佶優,5,0,5,華南永昌-潮州,2024-12-18,9328
6227,茂綸,5,0,5,華南永昌-潮州,2024-12-18,9328
00918,大華優利高填息30,191,1,190,華南永昌-潮州,2024-12-19,9328
00878,國泰永續高股息,78,4,74,華南永昌-潮州,2024-12-19,9328
00712,復華富時不動產,66,0,66,華南永昌-潮州,2024-12-19,9328
2883,凱基金,65,0,65,華南永昌-潮州,2024-12-19,9328
2637,慧洋-KY,78,30,48,華南永昌-潮州,2024-12-19,9328
00679B,元大美債20年,44,0,44,華南永昌-潮州,2024-12-19,9328
2101,南港,40,0,40,華南永昌-潮州,2024-12-19,9328
2882,國泰金,35,0,35,華南永昌-潮州,2024-12-19,9328
2609,陽明,38,6,32,華南永昌-潮州,2024-12-19,9328
2889,國票金,30,6,24,華南永昌-潮州,2024-12-19,9328
4931,新盛力,44,23,21,華南永昌-潮州,2024-12-19,9328
00753L,中信中國50正2,21,0,21,華南永昌-潮州,2024-12-19,9328
2317,鴻海,28,7,21,華南永昌-潮州,2024-12-19,9328
2634,漢翔,20,0,20,華南永昌-潮州,2024-12-19,9328
5880,合庫金,20,0,20,華南永昌-潮州,2024-12-19,9328
00671R,富邦NASDAQ反1,24,6,18,華南永昌-潮州,2024-12-19,9328
6134,萬旭,18,0,18,華南永昌-潮州,2024-12-19,9328
2002,中鋼,18,1,17,華南永昌-潮州,2024-12-19,9328
2367,燿華,17,0,17,華南永昌-潮州,2024-12-19,9328
2606,裕民,19,3,16,華南永昌-潮州,2024-12-19,9328
3231,緯創,18,3,15,華南永昌-潮州,2024-12-19,9328
5484,慧友,15,0,15,華南永昌-潮州,2024-12-19,9328
3481,群創,15,1,14,華南永昌-潮州,2024-12-19,9328
00907,永豐優息存股,14,0,14,華南永昌-潮州,2024-12-19,9328
2409,友達,16,2,14,華南永昌-潮州,2024-12-19,9328
00915,凱基優選高股息30,14,0,14,華南永昌-潮州,2024-12-19,9328
2880,華南金,18,5,13,華南永昌-潮州,2024-12-19,9328
00687B,國泰20年美債,19,6,13,華南永昌-潮州,2024-12-19,9328
6116,彩晶,13,1,12,華南永昌-潮州,2024-12-19,9328
4128,中天,11,0,11,華南永昌-潮州,2024-12-19,9328
5328,華容,16,5,11,華南永昌-潮州,2024-12-19,9328
2845,遠東銀,10,0,10,華南永昌-潮州,2024-12-19,9328
3704,合勤控,10,0,10,華南永昌-潮州,2024-12-19,9328
2881,富邦金,9,0,9,華南永昌-潮州,2024-12-19,9328
1714,和桐,9,0,9,華南永昌-潮州,2024-12-19,9328
6962,ITH-KY,12,3,9,華南永昌-潮州,2024-12-19,9328
2891,中信金,10,1,9,華南永昌-潮州,2024-12-19,9328
2363,矽統,8,0,8,華南永昌-潮州,2024-12-19,9328
3078,僑威,8,0,8,華南永昌-潮州,2024-12-19,9328
5483,中美晶,8,0,8,華南永昌-潮州,2024-12-19,9328
8104,錸寶,10,2,8,華南永昌-潮州,2024-12-19,9328
00713,元大台灣高息低波,10,2,8,華南永昌-潮州,2024-12-19,9328
2886,兆豐金,7,0,7,華南永昌-潮州,2024-12-19,9328
1785,光洋科,7,0,7,華南永昌-潮州,2024-12-19,9328
0056,元大高股息,10,3,7,華南永昌-潮州,2024-12-19,9328
00963,中信全球高股息,7,0,7,華南永昌-潮州,2024-12-19,9328
2022,聚亨,7,0,7,華南永昌-潮州,2024-12-19,9328
2328,廣宇,7,0,7,華南永昌-潮州,2024-12-19,9328
8249,菱光,7,0,7,華南永昌-潮州,2024-12-19,9328
00948B,中信優息投資級債,6,0,6,華南永昌-潮州,2024-12-19,9328
