Ticker,Name,buy,sell,diff,Branch,Date,Branch_Code
00637L,元大滬深300正2,450,100,350,華南永昌-竹北,2023-01-03,9339
2609,陽明,146,16,130,華南永昌-竹北,2023-01-03,9339
4167,松瑞藥,79,8,71,華南永昌-竹北,2023-01-03,9339
6111,大宇資,77,24,53,華南永昌-竹北,2023-01-03,9339
6180,橘子,88,37,51,華南永昌-竹北,2023-01-03,9339
8936,國統,28,0,28,華南永昌-竹北,2023-01-03,9339
2409,友達,22,0,22,華南永昌-竹北,2023-01-03,9339
00682U,期元大美元指數,20,0,20,華南永昌-竹北,2023-01-03,9339
3027,盛達,24,4,20,華南永昌-竹北,2023-01-03,9339
6143,振曜,20,0,20,華南永昌-竹北,2023-01-03,9339
6223,旺矽,20,0,20,華南永昌-竹北,2023-01-03,9339
8147,正淩,20,0,20,華南永昌-竹北,2023-01-03,9339
6643,M31,24,6,18,華南永昌-竹北,2023-01-03,9339
2317,鴻海,20,3,17,華南永昌-竹北,2023-01-03,9339
2603,長榮,21,5,16,華南永昌-竹北,2023-01-03,9339
3037,欣興,24,8,16,華南永昌-竹北,2023-01-03,9339
8081,致新,16,0,16,華南永昌-竹北,2023-01-03,9339
2881,富邦金,20,5,15,華南永昌-竹北,2023-01-03,9339
2615,萬海,36,23,13,華南永昌-竹北,2023-01-03,9339
2614,東森,12,0,12,華南永昌-竹北,2023-01-03,9339
1609,大亞,11,1,10,華南永昌-竹北,2023-01-03,9339
2312,金寶,10,0,10,華南永昌-竹北,2023-01-03,9339
6284,佳邦,10,0,10,華南永昌-竹北,2023-01-03,9339
1312,國喬,6,0,6,華南永昌-竹北,2023-01-03,9339
1503,士電,6,0,6,華南永昌-竹北,2023-01-03,9339
2303,聯電,7,1,6,華南永昌-竹北,2023-01-03,9339
4171,瑞基,17,11,6,華南永昌-竹北,2023-01-03,9339
00878,國泰永續高股息,10,5,5,華南永昌-竹北,2023-01-03,9339
1909,榮成,5,0,5,華南永昌-竹北,2023-01-03,9339
2382,廣達,5,0,5,華南永昌-竹北,2023-01-03,9339
2392,正崴,5,0,5,華南永昌-竹北,2023-01-03,9339
2481,強茂,5,0,5,華南永昌-竹北,2023-01-03,9339
2852,第一保,5,0,5,華南永昌-竹北,2023-01-03,9339
4743,合一,26,21,5,華南永昌-竹北,2023-01-03,9339
9105,泰金寶-DR,5,0,5,華南永昌-竹北,2023-01-03,9339
6589,台康生技,10,5,5,華南永昌-竹北,2023-01-03,9339
1513,中興電,90,86,4,華南永昌-竹北,2023-01-03,9339
2002,中鋼,6,2,4,華南永昌-竹北,2023-01-03,9339
2393,億光,4,0,4,華南永昌-竹北,2023-01-03,9339
3022,威強電,5,1,4,華南永昌-竹北,2023-01-03,9339
4979,華星光,5,1,4,華南永昌-竹北,2023-01-03,9339
1342,八貫,18,15,3,華南永昌-竹北,2023-01-03,9339
1101,台泥,3,0,3,華南永昌-竹北,2023-01-03,9339
2354,鴻準,3,0,3,華南永昌-竹北,2023-01-03,9339
2444,兆勁,4,1,3,華南永昌-竹北,2023-01-03,9339
2449,京元電子,3,0,3,華南永昌-竹北,2023-01-03,9339
2606,裕民,4,1,3,華南永昌-竹北,2023-01-03,9339
2636,台驊控股,3,0,3,華南永昌-竹北,2023-01-03,9339
3545,敦泰,3,0,3,華南永昌-竹北,2023-01-03,9339
8050,廣積,3,0,3,華南永昌-竹北,2023-01-03,9339
2338,光罩,529,116,413,華南永昌-竹北,2023-01-04,9339
3037,欣興,300,33,267,華南永昌-竹北,2023-01-04,9339
00882,中信中國高股息,150,1,149,華南永昌-竹北,2023-01-04,9339
6104,創惟,185,68,117,華南永昌-竹北,2023-01-04,9339
4908,前鼎,113,0,113,華南永昌-竹北,2023-01-04,9339
3189,景碩,101,0,101,華南永昌-竹北,2023-01-04,9339
4746,台耀,68,3,65,華南永昌-竹北,2023-01-04,9339
2312,金寶,71,10,61,華南永昌-竹北,2023-01-04,9339
4707,磐亞,60,0,60,華南永昌-竹北,2023-01-04,9339
2409,友達,60,10,50,華南永昌-竹北,2023-01-04,9339
8046,南電,61,13,48,華南永昌-竹北,2023-01-04,9339
2492,華新科,40,0,40,華南永昌-竹北,2023-01-04,9339
4979,華星光,39,1,38,華南永昌-竹北,2023-01-04,9339
3454,晶睿,81,50,31,華南永昌-竹北,2023-01-04,9339
2610,華航,30,0,30,華南永昌-竹北,2023-01-04,9339
3466,德晉,30,0,30,華南永昌-竹北,2023-01-04,9339
4129,聯合,30,0,30,華南永昌-竹北,2023-01-04,9339
8996,高力,78,51,27,華南永昌-竹北,2023-01-04,9339
1513,中興電,147,122,25,華南永昌-竹北,2023-01-04,9339
00878,國泰永續高股息,29,6,23,華南永昌-竹北,2023-01-04,9339
4726,永昕,22,0,22,華南永昌-竹北,2023-01-04,9339
1417,嘉裕,21,1,20,華南永昌-竹北,2023-01-04,9339
6288,聯嘉,22,2,20,華南永昌-竹北,2023-01-04,9339
00715L,期街口布蘭特正2,19,0,19,華南永昌-竹北,2023-01-04,9339
3034,聯詠,20,1,19,華南永昌-竹北,2023-01-04,9339
3362,先進光,18,0,18,華南永昌-竹北,2023-01-04,9339
1605,華新,36,20,16,華南永昌-竹北,2023-01-04,9339
2243,宏旭-KY,15,0,15,華南永昌-竹北,2023-01-04,9339
4961,天鈺,15,1,14,華南永昌-竹北,2023-01-04,9339
00895,富邦未來車,13,0,13,華南永昌-竹北,2023-01-04,9339
1734,杏輝,20,8,12,華南永昌-竹北,2023-01-04,9339
8081,致新,12,0,12,華南永昌-竹北,2023-01-04,9339
1303,南亞,10,0,10,華南永昌-竹北,2023-01-04,9339
3289,宜特,10,0,10,華南永昌-竹北,2023-01-04,9339
3491,昇達科,10,0,10,華南永昌-竹北,2023-01-04,9339
6443,元晶,10,0,10,華南永昌-竹北,2023-01-04,9339
3596,智易,9,0,9,華南永昌-竹北,2023-01-04,9339
8171,天宇,24,15,9,華南永昌-竹北,2023-01-04,9339
2317,鴻海,10,1,9,華南永昌-竹北,2023-01-04,9339
1609,大亞,10,2,8,華南永昌-竹北,2023-01-04,9339
2603,長榮,10,2,8,華南永昌-竹北,2023-01-04,9339
4958,臻鼎-KY,7,0,7,華南永昌-竹北,2023-01-04,9339
2884,玉山金,6,0,6,華南永昌-竹北,2023-01-04,9339
2328,廣宇,6,0,6,華南永昌-竹北,2023-01-04,9339
1909,榮成,7,1,6,華南永昌-竹北,2023-01-04,9339
2458,義隆,6,0,6,華南永昌-竹北,2023-01-04,9339
2498,宏達電,13,7,6,華南永昌-竹北,2023-01-04,9339
2617,台航,6,0,6,華南永昌-竹北,2023-01-04,9339
6016,康和證,6,0,6,華南永昌-竹北,2023-01-04,9339
6438,迅得,6,0,6,華南永昌-竹北,2023-01-04,9339
2338,光罩,263,28,235,華南永昌-竹北,2023-01-05,9339
4961,天鈺,148,14,134,華南永昌-竹北,2023-01-05,9339
6188,廣明,115,0,115,華南永昌-竹北,2023-01-05,9339
8050,廣積,92,15,77,華南永昌-竹北,2023-01-05,9339
6104,創惟,71,4,67,華南永昌-竹北,2023-01-05,9339
3034,聯詠,57,3,54,華南永昌-竹北,2023-01-05,9339
0056,元大高股息,52,1,51,華南永昌-竹北,2023-01-05,9339
6245,立端,50,0,50,華南永昌-竹北,2023-01-05,9339
4979,華星光,45,0,45,華南永昌-竹北,2023-01-05,9339
6279,胡連,40,0,40,華南永昌-竹北,2023-01-05,9339
8081,致新,40,0,40,華南永昌-竹北,2023-01-05,9339
00680L,元大美債20正2,32,0,32,華南永昌-竹北,2023-01-05,9339
1809,中釉,30,0,30,華南永昌-竹北,2023-01-05,9339
8996,高力,81,56,25,華南永昌-竹北,2023-01-05,9339
3454,晶睿,70,45,25,華南永昌-竹北,2023-01-05,9339
4977,眾達-KY,27,3,24,華南永昌-竹北,2023-01-05,9339
2458,義隆,23,0,23,華南永昌-竹北,2023-01-05,9339
2610,華航,22,0,22,華南永昌-竹北,2023-01-05,9339
00715L,期街口布蘭特正2,21,0,21,華南永昌-竹北,2023-01-05,9339
2408,南亞科,39,19,20,華南永昌-竹北,2023-01-05,9339
6133,金橋,20,0,20,華南永昌-竹北,2023-01-05,9339
6494,九齊,20,0,20,華南永昌-竹北,2023-01-05,9339
0050,元大台灣50,17,0,17,華南永昌-竹北,2023-01-05,9339
8016,矽創,59,42,17,華南永昌-竹北,2023-01-05,9339
3037,欣興,18,3,15,華南永昌-竹北,2023-01-05,9339
8069,元太,54,41,13,華南永昌-竹北,2023-01-05,9339
1760,寶齡富錦,13,1,12,華南永昌-竹北,2023-01-05,9339
6196,帆宣,12,0,12,華南永昌-竹北,2023-01-05,9339
00772B,中信高評級公司債,11,0,11,華南永昌-竹北,2023-01-05,9339
5351,鈺創,26,16,10,華南永昌-竹北,2023-01-05,9339
00665L,富邦�琤肭磪囓�2,10,0,10,華南永昌-竹北,2023-01-05,9339
4532,瑞智,10,0,10,華南永昌-竹北,2023-01-05,9339
6531,愛普*,10,0,10,華南永昌-竹北,2023-01-05,9339
5258,虹堡,10,1,9,華南永昌-竹北,2023-01-05,9339
1714,和桐,8,0,8,華南永昌-竹北,2023-01-05,9339
00908,富邦入息REITs+,7,0,7,華南永昌-竹北,2023-01-05,9339
1529,樂事綠能,32,25,7,華南永昌-竹北,2023-01-05,9339
5009,榮剛,8,1,7,華南永昌-竹北,2023-01-05,9339
3704,合勤控,40,34,6,華南永昌-竹北,2023-01-05,9339
3708,上緯投控,10,4,6,華南永昌-竹北,2023-01-05,9339
4105,東洋,6,0,6,華南永昌-竹北,2023-01-05,9339
4726,永昕,6,0,6,華南永昌-竹北,2023-01-05,9339
3443,創意,27,22,5,華南永昌-竹北,2023-01-05,9339
00679B,元大美債20年,6,1,5,華南永昌-竹北,2023-01-05,9339
00632R,元大台灣50反1,5,0,5,華南永昌-竹北,2023-01-05,9339
6213,聯茂,5,0,5,華南永昌-竹北,2023-01-05,9339
8935,邦泰,5,0,5,華南永昌-竹北,2023-01-05,9339
4763,材料-KY,8,3,5,華南永昌-竹北,2023-01-05,9339
00885,富邦越南,4,0,4,華南永昌-竹北,2023-01-05,9339
1504,東元,4,0,4,華南永昌-竹北,2023-01-05,9339
00900,富邦特選高股息30,200,2,198,華南永昌-竹北,2023-01-06,9339
2882,國泰金,90,3,87,華南永昌-竹北,2023-01-06,9339
8050,廣積,67,0,67,華南永昌-竹北,2023-01-06,9339
3714,富采,49,0,49,華南永昌-竹北,2023-01-06,9339
4130,健亞,35,10,25,華南永昌-竹北,2023-01-06,9339
4114,健喬,73,49,24,華南永昌-竹北,2023-01-06,9339
5351,鈺創,30,6,24,華南永昌-竹北,2023-01-06,9339
1519,華城,61,38,23,華南永昌-竹北,2023-01-06,9339
2609,陽明,27,5,22,華南永昌-竹北,2023-01-06,9339
00720B,元大投資級公司債,15,0,15,華南永昌-竹北,2023-01-06,9339
1906,寶隆,14,0,14,華南永昌-竹北,2023-01-06,9339
2884,玉山金,12,0,12,華南永昌-竹北,2023-01-06,9339
5321,美而快,12,0,12,華南永昌-竹北,2023-01-06,9339
2353,宏��,10,0,10,華南永昌-竹北,2023-01-06,9339
2484,希華,10,0,10,華南永昌-竹北,2023-01-06,9339
9955,佳龍,10,0,10,華南永昌-竹北,2023-01-06,9339
6781,AES-KY,9,0,9,華南永昌-竹北,2023-01-06,9339
8936,國統,9,0,9,華南永昌-竹北,2023-01-06,9339
2601,益航,8,0,8,華南永昌-竹北,2023-01-06,9339
3708,上緯投控,6,0,6,華南永昌-竹北,2023-01-06,9339
6443,元晶,21,15,6,華南永昌-竹北,2023-01-06,9339
9907,統一實,5,0,5,華南永昌-竹北,2023-01-06,9339
2002,中鋼,5,0,5,華南永昌-竹北,2023-01-06,9339
2031,新光鋼,5,0,5,華南永昌-竹北,2023-01-06,9339
2444,兆勁,5,0,5,華南永昌-竹北,2023-01-06,9339
00670L,富邦NASDAQ正2,4,0,4,華南永昌-竹北,2023-01-06,9339
2393,億光,4,0,4,華南永昌-竹北,2023-01-06,9339
2614,東森,10,6,4,華南永昌-竹北,2023-01-06,9339
4163,鐿鈦,4,0,4,華南永昌-竹北,2023-01-06,9339
6806,森崴能源,15,11,4,華南永昌-竹北,2023-01-06,9339
3704,合勤控,79,76,3,華南永昌-竹北,2023-01-06,9339
00679B,元大美債20年,3,0,3,華南永昌-竹北,2023-01-06,9339
1513,中興電,13,10,3,華南永昌-竹北,2023-01-06,9339
1529,樂事綠能,3,0,3,華南永昌-竹北,2023-01-06,9339
1785,光洋科,3,0,3,華南永昌-竹北,2023-01-06,9339
3004,豐達科,3,0,3,華南永昌-竹北,2023-01-06,9339
4968,立積,15,12,3,華南永昌-竹北,2023-01-06,9339
6175,立敦,3,0,3,華南永昌-竹北,2023-01-06,9339
6244,茂迪,3,0,3,華南永昌-竹北,2023-01-06,9339
6533,晶心科,25,22,3,華南永昌-竹北,2023-01-06,9339
8171,天宇,18,15,3,華南永昌-竹北,2023-01-06,9339
2308,台達電,2,0,2,華南永昌-竹北,2023-01-06,9339
1219,福壽,2,0,2,華南永昌-竹北,2023-01-06,9339
1517,利奇,2,0,2,華南永昌-竹北,2023-01-06,9339
1569,濱川,2,0,2,華南永昌-竹北,2023-01-06,9339
2455,全新,2,0,2,華南永昌-竹北,2023-01-06,9339
2617,台航,2,0,2,華南永昌-竹北,2023-01-06,9339
2633,台灣高鐵,2,0,2,華南永昌-竹北,2023-01-06,9339
3535,晶彩科,2,0,2,華南永昌-竹北,2023-01-06,9339
3592,瑞鼎,2,0,2,華南永昌-竹北,2023-01-06,9339
00632R,元大台灣50反1,286,54,232,華南永昌-竹北,2023-01-09,9339
4931,新盛力,217,0,217,華南永昌-竹北,2023-01-09,9339
6188,廣明,188,0,188,華南永昌-竹北,2023-01-09,9339
00637L,元大滬深300正2,300,150,150,華南永昌-竹北,2023-01-09,9339
2492,華新科,70,0,70,華南永昌-竹北,2023-01-09,9339
4961,天鈺,173,107,66,華南永昌-竹北,2023-01-09,9339
4908,前鼎,64,0,64,華南永昌-竹北,2023-01-09,9339
5471,松翰,56,0,56,華南永昌-竹北,2023-01-09,9339
00881,國泰台灣5G+,50,0,50,華南永昌-竹北,2023-01-09,9339
2458,義隆,47,2,45,華南永昌-竹北,2023-01-09,9339
00882,中信中國高股息,43,0,43,華南永昌-竹北,2023-01-09,9339
2906,高林,40,0,40,華南永昌-竹北,2023-01-09,9339
6279,胡連,37,0,37,華南永昌-竹北,2023-01-09,9339
6770,力積電,99,65,34,華南永昌-竹北,2023-01-09,9339
4979,華星光,33,0,33,華南永昌-竹北,2023-01-09,9339
00878,國泰永續高股息,36,5,31,華南永昌-竹北,2023-01-09,9339
2436,偉詮電,33,2,31,華南永昌-竹北,2023-01-09,9339
00905,FT臺灣Smart,30,0,30,華南永昌-竹北,2023-01-09,9339
4763,材料-KY,51,22,29,華南永昌-竹北,2023-01-09,9339
1304,台聚,23,0,23,華南永昌-竹北,2023-01-09,9339
00688L,國泰20年美債正2,20,0,20,華南永昌-竹北,2023-01-09,9339
4111,濟生,20,0,20,華南永昌-竹北,2023-01-09,9339
5465,富驊,20,0,20,華南永昌-竹北,2023-01-09,9339
3141,晶宏,21,2,19,華南永昌-竹北,2023-01-09,9339
3576,聯合再生,15,0,15,華南永昌-竹北,2023-01-09,9339
4726,永昕,12,0,12,華南永昌-竹北,2023-01-09,9339
00679B,元大美債20年,11,0,11,華南永昌-竹北,2023-01-09,9339
4160,訊聯基因,11,0,11,華南永昌-竹北,2023-01-09,9339
5515,建國,11,0,11,華南永昌-竹北,2023-01-09,9339
00687B,國泰20年美債,10,0,10,華南永昌-竹北,2023-01-09,9339
1517,利奇,10,0,10,華南永昌-竹北,2023-01-09,9339
1570,力肯,10,0,10,華南永昌-竹北,2023-01-09,9339
2546,根基,10,0,10,華南永昌-竹北,2023-01-09,9339
6782,視陽,10,0,10,華南永昌-竹北,2023-01-09,9339
00720B,元大投資級公司債,9,0,9,華南永昌-竹北,2023-01-09,9339
4977,眾達-KY,11,2,9,華南永昌-竹北,2023-01-09,9339
1605,華新,86,78,8,華南永昌-竹北,2023-01-09,9339
2367,燿華,8,0,8,華南永昌-竹北,2023-01-09,9339
2457,飛宏,8,0,8,華南永昌-竹北,2023-01-09,9339
5351,鈺創,44,36,8,華南永昌-竹北,2023-01-09,9339
1321,大洋,7,0,7,華南永昌-竹北,2023-01-09,9339
2323,中環,6,0,6,華南永昌-竹北,2023-01-09,9339
00713,元大台灣高息低波,6,0,6,華南永昌-竹北,2023-01-09,9339
1515,力山,6,0,6,華南永昌-竹北,2023-01-09,9339
3518,柏騰,6,0,6,華南永昌-竹北,2023-01-09,9339
6285,啟��,7,1,6,華南永昌-竹北,2023-01-09,9339
2486,一詮,6,1,5,華南永昌-竹北,2023-01-09,9339
2642,宅配通,5,0,5,華南永昌-竹北,2023-01-09,9339
3005,神基,5,0,5,華南永昌-竹北,2023-01-09,9339
4938,和碩,5,0,5,華南永昌-竹北,2023-01-09,9339
00632R,元大台灣50反1,390,0,390,華南永昌-竹北,2023-01-10,9339
00637L,元大滬深300正2,241,100,141,華南永昌-竹北,2023-01-10,9339
2201,裕隆,116,4,112,華南永昌-竹北,2023-01-10,9339
2834,臺企銀,100,29,71,華南永昌-竹北,2023-01-10,9339
4908,前鼎,63,0,63,華南永昌-竹北,2023-01-10,9339
00671R,富邦NASDAQ反1,50,0,50,華南永昌-竹北,2023-01-10,9339
2845,遠東銀,50,0,50,華南永昌-竹北,2023-01-10,9339
3714,富采,41,0,41,華南永昌-竹北,2023-01-10,9339
4707,磐亞,32,0,32,華南永昌-竹北,2023-01-10,9339
3624,光頡,31,0,31,華南永昌-竹北,2023-01-10,9339
6279,胡連,30,0,30,華南永昌-竹北,2023-01-10,9339
3169,亞信,23,0,23,華南永昌-竹北,2023-01-10,9339
00881,國泰台灣5G+,20,0,20,華南永昌-竹北,2023-01-10,9339
00715L,期街口布蘭特正2,15,0,15,華南永昌-竹北,2023-01-10,9339
3037,欣興,15,0,15,華南永昌-竹北,2023-01-10,9339
3207,耀勝,12,0,12,華南永昌-竹北,2023-01-10,9339
4736,泰博,10,0,10,華南永昌-竹北,2023-01-10,9339
2312,金寶,15,5,10,華南永昌-竹北,2023-01-10,9339
3234,光環,10,0,10,華南永昌-竹北,2023-01-10,9339
6244,茂迪,10,0,10,華南永昌-竹北,2023-01-10,9339
9955,佳龍,10,0,10,華南永昌-竹北,2023-01-10,9339
4114,健喬,9,1,8,華南永昌-竹北,2023-01-10,9339
2313,華通,8,0,8,華南永昌-竹北,2023-01-10,9339
6533,晶心科,20,12,8,華南永昌-竹北,2023-01-10,9339
3501,維熹,7,0,7,華南永昌-竹北,2023-01-10,9339
6494,九齊,7,0,7,華南永昌-竹北,2023-01-10,9339
8277,商丞,7,0,7,華南永昌-竹北,2023-01-10,9339
8936,國統,6,0,6,華南永昌-竹北,2023-01-10,9339
8016,矽創,11,6,5,華南永昌-竹北,2023-01-10,9339
1721,三晃,5,0,5,華南永昌-竹北,2023-01-10,9339
1308,亞聚,4,0,4,華南永昌-竹北,2023-01-10,9339
1795,美時,15,11,4,華南永昌-竹北,2023-01-10,9339
2027,大成鋼,4,0,4,華南永昌-竹北,2023-01-10,9339
2616,山隆,4,0,4,華南永昌-竹北,2023-01-10,9339
5243,乙盛-KY,4,0,4,華南永昌-竹北,2023-01-10,9339
8171,天宇,46,42,4,華南永昌-竹北,2023-01-10,9339
00885,富邦越南,3,0,3,華南永昌-竹北,2023-01-10,9339
2461,光群雷,3,0,3,華南永昌-竹北,2023-01-10,9339
2597,潤弘,3,0,3,華南永昌-竹北,2023-01-10,9339
6187,萬潤,3,0,3,華南永昌-竹北,2023-01-10,9339
6546,正基,3,0,3,華南永昌-竹北,2023-01-10,9339
6763,綠界科技*,3,0,3,華南永昌-竹北,2023-01-10,9339
6781,AES-KY,3,0,3,華南永昌-竹北,2023-01-10,9339
6806,森崴能源,3,0,3,華南永昌-竹北,2023-01-10,9339
5403,中菲,3,0,3,華南永昌-竹北,2023-01-10,9339
3406,玉晶光,6,4,2,華南永昌-竹北,2023-01-10,9339
1513,中興電,41,39,2,華南永昌-竹北,2023-01-10,9339
00919,群益台灣精選高息,2,0,2,華南永昌-竹北,2023-01-10,9339
00680L,元大美債20正2,2,0,2,華南永昌-竹北,2023-01-10,9339
00679B,元大美債20年,2,0,2,華南永昌-竹北,2023-01-10,9339
3479,安勤,153,2,151,華南永昌-竹北,2023-01-11,9339
4979,華星光,125,14,111,華南永昌-竹北,2023-01-11,9339
6188,廣明,104,3,101,華南永昌-竹北,2023-01-11,9339
6104,創惟,105,8,97,華南永昌-竹北,2023-01-11,9339
4931,新盛力,97,4,93,華南永昌-竹北,2023-01-11,9339
6143,振曜,86,1,85,華南永昌-竹北,2023-01-11,9339
00878,國泰永續高股息,75,4,71,華南永昌-竹北,2023-01-11,9339
4105,東洋,67,0,67,華南永昌-竹北,2023-01-11,9339
2637,慧洋-KY,67,2,65,華南永昌-竹北,2023-01-11,9339
5425,台半,61,2,59,華南永昌-竹北,2023-01-11,9339
2201,裕隆,136,102,34,華南永昌-竹北,2023-01-11,9339
3189,景碩,40,6,34,華南永昌-竹北,2023-01-11,9339
3454,晶睿,64,32,32,華南永昌-竹北,2023-01-11,9339
00632R,元大台灣50反1,30,0,30,華南永昌-竹北,2023-01-11,9339
2882,國泰金,22,0,22,華南永昌-竹北,2023-01-11,9339
1760,寶齡富錦,25,5,20,華南永昌-竹北,2023-01-11,9339
5258,虹堡,29,11,18,華南永昌-竹北,2023-01-11,9339
1229,聯華,16,0,16,華南永昌-竹北,2023-01-11,9339
3078,僑威,16,0,16,華南永昌-竹北,2023-01-11,9339
6752,叡揚,16,0,16,華南永昌-竹北,2023-01-11,9339
8069,元太,36,20,16,華南永昌-竹北,2023-01-11,9339
2609,陽明,24,12,12,華南永昌-竹北,2023-01-11,9339
3027,盛達,25,14,11,華南永昌-竹北,2023-01-11,9339
4128,中天,11,0,11,華南永昌-竹北,2023-01-11,9339
00720B,元大投資級公司債,10,0,10,華南永昌-竹北,2023-01-11,9339
00772B,中信高評級公司債,10,0,10,華南永昌-竹北,2023-01-11,9339
00905,FT臺灣Smart,10,0,10,華南永昌-竹北,2023-01-11,9339
00715L,期街口布蘭特正2,10,0,10,華南永昌-竹北,2023-01-11,9339
2409,友達,10,0,10,華南永昌-竹北,2023-01-11,9339
2468,華經,11,1,10,華南永昌-竹北,2023-01-11,9339
4934,太極,10,0,10,華南永昌-竹北,2023-01-11,9339
6217,中探針,10,0,10,華南永昌-竹北,2023-01-11,9339
4904,遠傳,9,0,9,華南永昌-竹北,2023-01-11,9339
2313,華通,9,2,7,華南永昌-竹北,2023-01-11,9339
2601,益航,7,0,7,華南永昌-竹北,2023-01-11,9339
2880,華南金,7,0,7,華南永昌-竹北,2023-01-11,9339
4977,眾達-KY,12,5,7,華南永昌-竹北,2023-01-11,9339
4908,前鼎,7,0,7,華南永昌-竹北,2023-01-11,9339
1796,金穎生技,6,0,6,華南永昌-竹北,2023-01-11,9339
1303,南亞,5,0,5,華南永昌-竹北,2023-01-11,9339
00701,國泰股利精選30,5,0,5,華南永昌-竹北,2023-01-11,9339
2413,環科,6,1,5,華南永昌-竹北,2023-01-11,9339
2618,長榮航,28,23,5,華南永昌-竹北,2023-01-11,9339
2884,玉山金,5,0,5,華南永昌-竹北,2023-01-11,9339
3289,宜特,14,9,5,華南永昌-竹北,2023-01-11,9339
4763,材料-KY,77,72,5,華南永昌-竹北,2023-01-11,9339
8924,大田,5,0,5,華南永昌-竹北,2023-01-11,9339
2881,富邦金,4,0,4,華南永昌-竹北,2023-01-11,9339
1503,士電,4,0,4,華南永昌-竹北,2023-01-11,9339
2929,淘帝-KY,4,0,4,華南永昌-竹北,2023-01-11,9339
00637L,元大滬深300正2,540,30,510,華南永昌-竹北,2023-01-12,9339
4931,新盛力,177,0,177,華南永昌-竹北,2023-01-12,9339
4979,華星光,69,0,69,華南永昌-竹北,2023-01-12,9339
2845,遠東銀,50,1,49,華南永昌-竹北,2023-01-12,9339
2413,環科,47,0,47,華南永昌-竹北,2023-01-12,9339
3479,安勤,45,0,45,華南永昌-竹北,2023-01-12,9339
2882,國泰金,41,4,37,華南永昌-竹北,2023-01-12,9339
2358,廷鑫,40,10,30,華南永昌-竹北,2023-01-12,9339
6451,訊芯-KY,30,0,30,華南永昌-竹北,2023-01-12,9339
00878,國泰永續高股息,31,3,28,華南永昌-竹北,2023-01-12,9339
4162,智擎,64,38,26,華南永昌-竹北,2023-01-12,9339
00753L,中信中國50正2,21,0,21,華南永昌-竹北,2023-01-12,9339
8069,元太,35,14,21,華南永昌-竹北,2023-01-12,9339
00919,群益台灣精選高息,20,0,20,華南永昌-竹北,2023-01-12,9339
2002,中鋼,22,2,20,華南永昌-竹北,2023-01-12,9339
3027,盛達,22,2,20,華南永昌-竹北,2023-01-12,9339
2889,國票金,20,1,19,華南永昌-竹北,2023-01-12,9339
6770,力積電,40,21,19,華南永昌-竹北,2023-01-12,9339
00893,國泰智能電動車,16,0,16,華南永昌-竹北,2023-01-12,9339
3224,三顧,14,0,14,華南永昌-竹北,2023-01-12,9339
4908,前鼎,14,0,14,華南永昌-竹北,2023-01-12,9339
1714,和桐,12,0,12,華南永昌-竹北,2023-01-12,9339
2301,光寶科,11,0,11,華南永昌-竹北,2023-01-12,9339
3046,建��,12,1,11,華南永昌-竹北,2023-01-12,9339
2006,東和鋼鐵,10,0,10,華南永昌-竹北,2023-01-12,9339
00671R,富邦NASDAQ反1,10,0,10,華南永昌-竹北,2023-01-12,9339
00903,富邦元宇宙,10,0,10,華南永昌-竹北,2023-01-12,9339
2230,泰茂,36,26,10,華南永昌-竹北,2023-01-12,9339
2312,金寶,10,0,10,華南永昌-竹北,2023-01-12,9339
3228,金麗科,13,3,10,華南永昌-竹北,2023-01-12,9339
3710,連展投控,10,0,10,華南永昌-竹北,2023-01-12,9339
6167,久正,10,0,10,華南永昌-竹北,2023-01-12,9339
6443,元晶,9,0,9,華南永昌-竹北,2023-01-12,9339
1524,耿鼎,8,0,8,華南永昌-竹北,2023-01-12,9339
2603,長榮,8,1,7,華南永昌-竹北,2023-01-12,9339
1795,美時,42,35,7,華南永昌-竹北,2023-01-12,9339
5906,台南-KY,16,9,7,華南永昌-竹北,2023-01-12,9339
1301,台塑,6,0,6,華南永昌-竹北,2023-01-12,9339
1605,華新,77,71,6,華南永昌-竹北,2023-01-12,9339
4128,中天,6,0,6,華南永昌-竹北,2023-01-12,9339
4726,永昕,6,0,6,華南永昌-竹北,2023-01-12,9339
5371,中光電,6,1,5,華南永昌-竹北,2023-01-12,9339
2929,淘帝-KY,5,0,5,華南永昌-竹北,2023-01-12,9339
5347,世界,53,48,5,華南永昌-竹北,2023-01-12,9339
6125,廣運,5,0,5,華南永昌-竹北,2023-01-12,9339
6263,普萊德,5,0,5,華南永昌-竹北,2023-01-12,9339
1312,國喬,4,0,4,華南永昌-竹北,2023-01-12,9339
2313,華通,4,0,4,華南永昌-竹北,2023-01-12,9339
4961,天鈺,28,24,4,華南永昌-竹北,2023-01-12,9339
4989,榮科,5,1,4,華南永昌-竹北,2023-01-12,9339
2492,華新科,187,0,187,華南永昌-竹北,2023-01-13,9339
2882,國泰金,119,4,115,華南永昌-竹北,2023-01-13,9339
2455,全新,96,0,96,華南永昌-竹北,2023-01-13,9339
6104,創惟,115,34,81,華南永昌-竹北,2023-01-13,9339
3714,富采,60,2,58,華南永昌-竹北,2023-01-13,9339
3479,安勤,81,27,54,華南永昌-竹北,2023-01-13,9339
8261,富鼎,50,0,50,華南永昌-竹北,2023-01-13,9339
8087,麗升能源,33,0,33,華南永昌-竹北,2023-01-13,9339
2889,國票金,31,0,31,華南永昌-竹北,2023-01-13,9339
4162,智擎,62,32,30,華南永昌-竹北,2023-01-13,9339
3703,欣陸,24,0,24,華南永昌-竹北,2023-01-13,9339
3189,景碩,33,10,23,華南永昌-竹北,2023-01-13,9339
2468,華經,26,6,20,華南永昌-竹北,2023-01-13,9339
00893,國泰智能電動車,20,0,20,華南永昌-竹北,2023-01-13,9339
1802,台玻,20,0,20,華南永昌-竹北,2023-01-13,9339
2915,潤泰全,20,0,20,華南永昌-竹北,2023-01-13,9339
3454,晶睿,28,8,20,華南永昌-竹北,2023-01-13,9339
5471,松翰,15,0,15,華南永昌-竹北,2023-01-13,9339
9105,泰金寶-DR,15,0,15,華南永昌-竹北,2023-01-13,9339
6788,華景電,16,4,12,華南永昌-竹北,2023-01-13,9339
2614,東森,11,0,11,華南永昌-竹北,2023-01-13,9339
2836,高雄銀,11,0,11,華南永昌-竹北,2023-01-13,9339
6245,立端,46,36,10,華南永昌-竹北,2023-01-13,9339
00720B,元大投資級公司債,10,0,10,華南永昌-竹北,2023-01-13,9339
1612,宏泰,11,1,10,華南永昌-竹北,2023-01-13,9339
1714,和桐,10,0,10,華南永昌-竹北,2023-01-13,9339
6231,系微,25,15,10,華南永昌-竹北,2023-01-13,9339
1468,昶和,9,0,9,華南永昌-竹北,2023-01-13,9339
6451,訊芯-KY,9,0,9,華南永昌-竹北,2023-01-13,9339
8038,長園科,9,0,9,華南永昌-竹北,2023-01-13,9339
2358,廷鑫,8,0,8,華南永昌-竹北,2023-01-13,9339
5302,太欣,8,0,8,華南永昌-竹北,2023-01-13,9339
4979,華星光,7,0,7,華南永昌-竹北,2023-01-13,9339
3443,創意,19,13,6,華南永昌-竹北,2023-01-13,9339
1760,寶齡富錦,16,11,5,華南永昌-竹北,2023-01-13,9339
4934,太極,5,0,5,華南永昌-竹北,2023-01-13,9339
0056,元大高股息,6,1,5,華南永昌-竹北,2023-01-13,9339
2201,裕隆,7,3,4,華南永昌-竹北,2023-01-13,9339
2342,茂矽,4,0,4,華南永昌-竹北,2023-01-13,9339
2852,第一保,4,0,4,華南永昌-竹北,2023-01-13,9339
2929,淘帝-KY,4,0,4,華南永昌-竹北,2023-01-13,9339
4906,正文,4,0,4,華南永昌-竹北,2023-01-13,9339
8028,昇陽半導體,4,0,4,華南永昌-竹北,2023-01-13,9339
1524,耿鼎,4,1,3,華南永昌-竹北,2023-01-13,9339
3105,穩懋,43,40,3,華南永昌-竹北,2023-01-13,9339
1608,華榮,3,0,3,華南永昌-竹北,2023-01-13,9339
2313,華通,3,0,3,華南永昌-竹北,2023-01-13,9339
2478,大毅,3,0,3,華南永昌-竹北,2023-01-13,9339
3128,昇銳,3,0,3,華南永昌-竹北,2023-01-13,9339
3707,漢磊,3,0,3,華南永昌-竹北,2023-01-13,9339
2338,光罩,334,5,329,華南永昌-竹北,2023-01-16,9339
3356,奇偶,106,0,106,華南永昌-竹北,2023-01-16,9339
6231,系微,59,0,59,華南永昌-竹北,2023-01-16,9339
6143,振曜,108,50,58,華南永昌-竹北,2023-01-16,9339
2885,元大金,53,0,53,華南永昌-竹北,2023-01-16,9339
2890,永豐金,50,0,50,華南永昌-竹北,2023-01-16,9339
2610,華航,45,1,44,華南永昌-竹北,2023-01-16,9339
00673R,期元大S＆P原油反1,37,0,37,華南永昌-竹北,2023-01-16,9339
4977,眾達-KY,33,0,33,華南永昌-竹北,2023-01-16,9339
2455,全新,67,37,30,華南永昌-竹北,2023-01-16,9339
00885,富邦越南,24,0,24,華南永昌-竹北,2023-01-16,9339
2609,陽明,23,0,23,華南永昌-竹北,2023-01-16,9339
4155,訊映,20,0,20,華南永昌-竹北,2023-01-16,9339
6672,騰輝電子-KY,20,0,20,華南永昌-竹北,2023-01-16,9339
2002,中鋼,36,20,16,華南永昌-竹北,2023-01-16,9339
5351,鈺創,20,4,16,華南永昌-竹北,2023-01-16,9339
4536,拓凱,15,0,15,華南永昌-竹北,2023-01-16,9339
2468,華經,15,0,15,華南永昌-竹北,2023-01-16,9339
4908,前鼎,14,0,14,華南永昌-竹北,2023-01-16,9339
00772B,中信高評級公司債,13,0,13,華南永昌-竹北,2023-01-16,9339
2368,金像電,16,4,12,華南永昌-竹北,2023-01-16,9339
2009,第一銅,10,0,10,華南永昌-竹北,2023-01-16,9339
00671R,富邦NASDAQ反1,10,0,10,華南永昌-竹北,2023-01-16,9339
00753L,中信中國50正2,10,0,10,華南永昌-竹北,2023-01-16,9339
1760,寶齡富錦,13,3,10,華南永昌-竹北,2023-01-16,9339
2312,金寶,12,2,10,華南永昌-竹北,2023-01-16,9339
4747,強生,10,0,10,華南永昌-竹北,2023-01-16,9339
00713,元大台灣高息低波,7,0,7,華南永昌-竹北,2023-01-16,9339
1589,永冠-KY,7,0,7,華南永昌-竹北,2023-01-16,9339
2324,仁寶,7,0,7,華南永昌-竹北,2023-01-16,9339
6770,力積電,47,40,7,華南永昌-竹北,2023-01-16,9339
6188,廣明,15,9,6,華南永昌-竹北,2023-01-16,9339
2317,鴻海,6,1,5,華南永昌-竹北,2023-01-16,9339
4111,濟生,5,0,5,華南永昌-竹北,2023-01-16,9339
5321,美而快,21,16,5,華南永昌-竹北,2023-01-16,9339
9105,泰金寶-DR,5,0,5,華南永昌-竹北,2023-01-16,9339
2801,彰銀,4,1,3,華南永昌-竹北,2023-01-16,9339
2034,允強,3,0,3,華南永昌-竹北,2023-01-16,9339
1737,臺鹽,3,0,3,華南永昌-竹北,2023-01-16,9339
6163,華電網,3,0,3,華南永昌-竹北,2023-01-16,9339
8341,日友,3,0,3,華南永昌-竹北,2023-01-16,9339
3705,永信,3,1,2,華南永昌-竹北,2023-01-16,9339
2603,長榮,7,5,2,華南永昌-竹北,2023-01-16,9339
4961,天鈺,6,4,2,華南永昌-竹北,2023-01-16,9339
00795B,中信美國公債20年,2,0,2,華南永昌-竹北,2023-01-16,9339
00770,國泰北美科技,2,0,2,華南永昌-竹北,2023-01-16,9339
1517,利奇,2,0,2,華南永昌-竹北,2023-01-16,9339
3027,盛達,2,0,2,華南永昌-竹北,2023-01-16,9339
3264,欣銓,2,0,2,華南永昌-竹北,2023-01-16,9339
5443,均豪,2,0,2,華南永昌-竹北,2023-01-16,9339
00633L,富邦上証正2,401,181,220,華南永昌-竹北,2023-01-17,9339
6143,振曜,199,1,198,華南永昌-竹北,2023-01-17,9339
3265,台星科,100,0,100,華南永昌-竹北,2023-01-17,9339
2338,光罩,73,0,73,華南永昌-竹北,2023-01-17,9339
6672,騰輝電子-KY,63,0,63,華南永昌-竹北,2023-01-17,9339
8421,旭源,50,0,50,華南永昌-竹北,2023-01-17,9339
00664R,國泰臺灣加權反1,30,0,30,華南永昌-竹北,2023-01-17,9339
4908,前鼎,30,0,30,華南永昌-竹北,2023-01-17,9339
00878,國泰永續高股息,31,1,30,華南永昌-竹北,2023-01-17,9339
3037,欣興,29,3,26,華南永昌-竹北,2023-01-17,9339
3465,進泰電子,24,0,24,華南永昌-竹北,2023-01-17,9339
6279,胡連,23,0,23,華南永昌-竹北,2023-01-17,9339
6451,訊芯-KY,21,0,21,華南永昌-竹北,2023-01-17,9339
6830,汎銓,20,0,20,華南永昌-竹北,2023-01-17,9339
9105,泰金寶-DR,20,0,20,華南永昌-竹北,2023-01-17,9339
2014,中鴻,20,1,19,華南永昌-竹北,2023-01-17,9339
3189,景碩,21,2,19,華南永昌-竹北,2023-01-17,9339
2610,華航,15,1,14,華南永昌-竹北,2023-01-17,9339
2308,台達電,10,0,10,華南永昌-竹北,2023-01-17,9339
00632R,元大台灣50反1,10,0,10,華南永昌-竹北,2023-01-17,9339
00893,國泰智能電動車,10,0,10,華南永昌-竹北,2023-01-17,9339
2369,菱生,10,0,10,華南永昌-竹北,2023-01-17,9339
3356,奇偶,10,0,10,華南永昌-竹北,2023-01-17,9339
1102,亞泥,10,1,9,華南永昌-竹北,2023-01-17,9339
2317,鴻海,9,0,9,華南永昌-竹北,2023-01-17,9339
00882,中信中國高股息,8,0,8,華南永昌-竹北,2023-01-17,9339
3406,玉晶光,8,0,8,華南永昌-竹北,2023-01-17,9339
1513,中興電,9,2,7,華南永昌-竹北,2023-01-17,9339
4961,天鈺,11,4,7,華南永昌-竹北,2023-01-17,9339
2009,第一銅,6,0,6,華南永昌-竹北,2023-01-17,9339
00895,富邦未來車,5,0,5,華南永昌-竹北,2023-01-17,9339
5351,鈺創,5,0,5,華南永昌-竹北,2023-01-17,9339
5530,龍巖,5,0,5,華南永昌-竹北,2023-01-17,9339
6643,M31,5,0,5,華南永昌-竹北,2023-01-17,9339
6806,森崴能源,5,0,5,華南永昌-竹北,2023-01-17,9339
8210,勤誠,12,7,5,華南永昌-竹北,2023-01-17,9339
2404,漢唐,5,0,5,華南永昌-竹北,2023-01-17,9339
3710,連展投控,5,0,5,華南永昌-竹北,2023-01-17,9339
1609,大亞,4,0,4,華南永昌-竹北,2023-01-17,9339
2351,順德,4,0,4,華南永昌-竹北,2023-01-17,9339
3675,德微,25,21,4,華南永昌-竹北,2023-01-17,9339
8038,長園科,4,0,4,華南永昌-竹北,2023-01-17,9339
2884,玉山金,5,2,3,華南永昌-竹北,2023-01-17,9339
00652,富邦印度,3,0,3,華南永昌-竹北,2023-01-17,9339
2031,新光鋼,3,0,3,華南永昌-竹北,2023-01-17,9339
2444,兆勁,3,0,3,華南永昌-竹北,2023-01-17,9339
2637,慧洋-KY,3,0,3,華南永昌-竹北,2023-01-17,9339
4977,眾達-KY,12,9,3,華南永昌-竹北,2023-01-17,9339
2395,研華,2,0,2,華南永昌-竹北,2023-01-17,9339
1319,東陽,3,1,2,華南永昌-竹北,2023-01-17,9339
00632R,元大台灣50反1,176,3,173,華南永昌-竹北,2023-01-30,9339
00637L,元大滬深300正2,330,226,104,華南永昌-竹北,2023-01-30,9339
8421,旭源,65,0,65,華南永昌-竹北,2023-01-30,9339
3265,台星科,65,3,62,華南永昌-竹北,2023-01-30,9339
2609,陽明,88,37,51,華南永昌-竹北,2023-01-30,9339
2436,偉詮電,46,2,44,華南永昌-竹北,2023-01-30,9339
00671R,富邦NASDAQ反1,36,0,36,華南永昌-竹北,2023-01-30,9339
6282,康舒,30,3,27,華南永昌-竹北,2023-01-30,9339
6104,創惟,36,11,25,華南永昌-竹北,2023-01-30,9339
1783,和康生,25,0,25,華南永昌-竹北,2023-01-30,9339
4739,康普,24,0,24,華南永昌-竹北,2023-01-30,9339
00665L,富邦�琤肭磪囓�2,20,0,20,華南永昌-竹北,2023-01-30,9339
3189,景碩,59,40,19,華南永昌-竹北,2023-01-30,9339
8069,元太,58,40,18,華南永昌-竹北,2023-01-30,9339
6741,91APP*-KY,20,2,18,華南永昌-竹北,2023-01-30,9339
6435,大中,18,1,17,華南永昌-竹北,2023-01-30,9339
2637,慧洋-KY,16,1,15,華南永昌-竹北,2023-01-30,9339
4721,美琪瑪,15,0,15,華南永昌-竹北,2023-01-30,9339
3289,宜特,21,7,14,華南永昌-竹北,2023-01-30,9339
4977,眾達-KY,17,4,13,華南永昌-竹北,2023-01-30,9339
1503,士電,12,0,12,華南永昌-竹北,2023-01-30,9339
00905,FT臺灣Smart,10,0,10,華南永昌-竹北,2023-01-30,9339
00751B,元大AAA至A公司債,10,0,10,華南永昌-竹北,2023-01-30,9339
1589,永冠-KY,10,0,10,華南永昌-竹北,2023-01-30,9339
1734,杏輝,10,0,10,華南永昌-竹北,2023-01-30,9339
2349,錸德,10,0,10,華南永昌-竹北,2023-01-30,9339
0056,元大高股息,19,10,9,華南永昌-竹北,2023-01-30,9339
00753L,中信中國50正2,10,1,9,華南永昌-竹北,2023-01-30,9339
2317,鴻海,10,3,7,華南永昌-竹北,2023-01-30,9339
1513,中興電,11,5,6,華南永昌-竹北,2023-01-30,9339
1584,精剛,6,0,6,華南永昌-竹北,2023-01-30,9339
2834,臺企銀,5,0,5,華南永昌-竹北,2023-01-30,9339
2313,華通,10,5,5,華南永昌-竹北,2023-01-30,9339
2851,中再保,5,0,5,華南永昌-竹北,2023-01-30,9339
4951,精拓科,5,0,5,華南永昌-竹北,2023-01-30,9339
6231,系微,6,1,5,華南永昌-竹北,2023-01-30,9339
8234,新漢,5,0,5,華南永昌-竹北,2023-01-30,9339
2353,宏��,5,0,5,華南永昌-竹北,2023-01-30,9339
8440,綠電,5,0,5,華南永昌-竹北,2023-01-30,9339
1560,中砂,11,7,4,華南永昌-竹北,2023-01-30,9339
2812,台中銀,4,0,4,華南永昌-竹北,2023-01-30,9339
3035,智原,4,0,4,華南永昌-竹北,2023-01-30,9339
9958,世紀鋼,3,0,3,華南永昌-竹北,2023-01-30,9339
00772B,中信高評級公司債,3,0,3,華南永昌-竹北,2023-01-30,9339
1515,力山,3,0,3,華南永昌-竹北,2023-01-30,9339
3022,威強電,3,0,3,華南永昌-竹北,2023-01-30,9339
3526,凡甲,3,0,3,華南永昌-竹北,2023-01-30,9339
3558,神準,13,10,3,華南永昌-竹北,2023-01-30,9339
4763,材料-KY,27,24,3,華南永昌-竹北,2023-01-30,9339
2704,國賓,3,0,3,華南永昌-竹北,2023-01-30,9339
2436,偉詮電,186,1,185,華南永昌-竹北,2023-01-31,9339
00637L,元大滬深300正2,140,0,140,華南永昌-竹北,2023-01-31,9339
00878,國泰永續高股息,126,3,123,華南永昌-竹北,2023-01-31,9339
6188,廣明,79,0,79,華南永昌-竹北,2023-01-31,9339
2014,中鴻,75,0,75,華南永昌-竹北,2023-01-31,9339
8421,旭源,45,0,45,華南永昌-竹北,2023-01-31,9339
2444,兆勁,37,0,37,華南永昌-竹北,2023-01-31,9339
0056,元大高股息,48,13,35,華南永昌-竹北,2023-01-31,9339
1711,永光,32,0,32,華南永昌-竹北,2023-01-31,9339
00664R,國泰臺灣加權反1,30,0,30,華南永昌-竹北,2023-01-31,9339
3665,貿聯-KY,33,7,26,華南永昌-竹北,2023-01-31,9339
6770,力積電,40,15,25,華南永昌-竹北,2023-01-31,9339
1795,美時,30,5,25,華南永昌-竹北,2023-01-31,9339
4739,康普,24,0,24,華南永昌-竹北,2023-01-31,9339
2324,仁寶,23,0,23,華南永昌-竹北,2023-01-31,9339
00632R,元大台灣50反1,20,0,20,華南永昌-竹北,2023-01-31,9339
3289,宜特,20,1,19,華南永昌-竹北,2023-01-31,9339
3224,三顧,18,0,18,華南永昌-竹北,2023-01-31,9339
3594,磐儀,18,0,18,華南永昌-竹北,2023-01-31,9339
3661,世芯-KY,17,0,17,華南永昌-竹北,2023-01-31,9339
006206,元大上證50,15,0,15,華南永昌-竹北,2023-01-31,9339
4130,健亞,15,0,15,華南永昌-竹北,2023-01-31,9339
4721,美琪瑪,15,0,15,華南永昌-竹北,2023-01-31,9339
4908,前鼎,15,0,15,華南永昌-竹北,2023-01-31,9339
4961,天鈺,32,17,15,華南永昌-竹北,2023-01-31,9339
9945,潤泰新,14,0,14,華南永昌-竹北,2023-01-31,9339
6541,泰福-KY,12,0,12,華南永昌-竹北,2023-01-31,9339
1101,台泥,12,1,11,華南永昌-竹北,2023-01-31,9339
8234,新漢,11,0,11,華南永昌-竹北,2023-01-31,9339
4162,智擎,29,19,10,華南永昌-竹北,2023-01-31,9339
2314,台揚,10,0,10,華南永昌-竹北,2023-01-31,9339
6472,保瑞,11,1,10,華南永昌-竹北,2023-01-31,9339
3552,同致,10,1,9,華南永昌-竹北,2023-01-31,9339
5014,建錩,11,2,9,華南永昌-竹北,2023-01-31,9339
3374,精材,9,1,8,華南永昌-竹北,2023-01-31,9339
00720B,元大投資級公司債,6,0,6,華南永昌-竹北,2023-01-31,9339
2880,華南金,6,0,6,華南永昌-竹北,2023-01-31,9339
4904,遠傳,6,0,6,華南永昌-竹北,2023-01-31,9339
4938,和碩,6,0,6,華南永昌-竹北,2023-01-31,9339
1336,台翰,5,0,5,華南永昌-竹北,2023-01-31,9339
2486,一詮,10,5,5,華南永昌-竹北,2023-01-31,9339
6788,華景電,10,5,5,華南永昌-竹北,2023-01-31,9339
8926,台汽電,5,0,5,華南永昌-竹北,2023-01-31,9339
2887,台新金,5,1,4,華南永昌-竹北,2023-01-31,9339
00882,中信中國高股息,4,0,4,華南永昌-竹北,2023-01-31,9339
1477,聚陽,4,0,4,華南永昌-竹北,2023-01-31,9339
2376,技嘉,4,0,4,華南永昌-竹北,2023-01-31,9339
2603,長榮,5,1,4,華南永昌-竹北,2023-01-31,9339
9910,豐泰,8,4,4,華南永昌-竹北,2023-01-31,9339
2884,玉山金,3,0,3,華南永昌-竹北,2023-01-31,9339
1605,華新,243,105,138,華南永昌-竹北,2023-02-01,9339
2637,慧洋-KY,140,16,124,華南永昌-竹北,2023-02-01,9339
8358,金居,133,14,119,華南永昌-竹北,2023-02-01,9339
00637L,元大滬深300正2,210,100,110,華南永昌-竹北,2023-02-01,9339
3037,欣興,174,72,102,華南永昌-竹北,2023-02-01,9339
1444,力麗,100,0,100,華南永昌-竹北,2023-02-01,9339
2369,菱生,100,0,100,華南永昌-竹北,2023-02-01,9339
6104,創惟,110,14,96,華南永昌-竹北,2023-02-01,9339
4908,前鼎,58,0,58,華南永昌-竹北,2023-02-01,9339
3479,安勤,58,1,57,華南永昌-竹北,2023-02-01,9339
8421,旭源,55,0,55,華南永昌-竹北,2023-02-01,9339
2610,華航,42,5,37,華南永昌-竹北,2023-02-01,9339
6188,廣明,34,0,34,華南永昌-竹北,2023-02-01,9339
5471,松翰,31,0,31,華南永昌-竹北,2023-02-01,9339
3441,聯一光,31,0,31,華南永昌-竹北,2023-02-01,9339
2641,正德,30,0,30,華南永昌-竹北,2023-02-01,9339
2486,一詮,30,0,30,華南永昌-竹北,2023-02-01,9339
3675,德微,30,1,29,華南永昌-竹北,2023-02-01,9339
0056,元大高股息,25,0,25,華南永昌-竹北,2023-02-01,9339
2455,全新,49,24,25,華南永昌-竹北,2023-02-01,9339
4721,美琪瑪,20,0,20,華南永昌-竹北,2023-02-01,9339
2314,台揚,20,0,20,華南永昌-竹北,2023-02-01,9339
6282,康舒,28,9,19,華南永昌-竹北,2023-02-01,9339
3454,晶睿,24,5,19,華南永昌-竹北,2023-02-01,9339
2201,裕隆,155,138,17,華南永昌-竹北,2023-02-01,9339
3552,同致,15,0,15,華南永昌-竹北,2023-02-01,9339
4114,健喬,18,3,15,華南永昌-竹北,2023-02-01,9339
2444,兆勁,15,0,15,華南永昌-竹北,2023-02-01,9339
3290,東浦,15,0,15,華南永昌-竹北,2023-02-01,9339
5258,虹堡,29,15,14,華南永昌-竹北,2023-02-01,9339
2489,瑞軒,14,0,14,華南永昌-竹北,2023-02-01,9339
2009,第一銅,30,17,13,華南永昌-竹北,2023-02-01,9339
2929,淘帝-KY,15,2,13,華南永昌-竹北,2023-02-01,9339
5009,榮剛,13,0,13,華南永昌-竹北,2023-02-01,9339
2887,台新金,14,1,13,華南永昌-竹北,2023-02-01,9339
3224,三顧,12,0,12,華南永昌-竹北,2023-02-01,9339
8038,長園科,12,0,12,華南永昌-竹北,2023-02-01,9339
00878,國泰永續高股息,13,2,11,華南永昌-竹北,2023-02-01,9339
1809,中釉,33,22,11,華南永昌-竹北,2023-02-01,9339
2324,仁寶,11,0,11,華南永昌-竹北,2023-02-01,9339
2615,萬海,11,0,11,華南永昌-竹北,2023-02-01,9339
6231,系微,11,0,11,華南永昌-竹北,2023-02-01,9339
00664R,國泰臺灣加權反1,10,0,10,華南永昌-竹北,2023-02-01,9339
00680L,元大美債20正2,10,0,10,華南永昌-竹北,2023-02-01,9339
1785,光洋科,10,0,10,華南永昌-竹北,2023-02-01,9339
2609,陽明,15,5,10,華南永昌-竹北,2023-02-01,9339
4167,松瑞藥,10,0,10,華南永昌-竹北,2023-02-01,9339
4739,康普,10,0,10,華南永昌-竹北,2023-02-01,9339
5536,聖暉*,10,0,10,華南永昌-竹北,2023-02-01,9339
6719,力智,15,5,10,華南永昌-竹北,2023-02-01,9339
00680L,元大美債20正2,99,0,99,華南永昌-竹北,2023-02-02,9339
0056,元大高股息,97,8,89,華南永昌-竹北,2023-02-02,9339
00632R,元大台灣50反1,81,0,81,華南永昌-竹北,2023-02-02,9339
00715L,期街口布蘭特正2,75,0,75,華南永昌-竹北,2023-02-02,9339
3265,台星科,70,1,69,華南永昌-竹北,2023-02-02,9339
3037,欣興,69,7,62,華南永昌-竹北,2023-02-02,9339
2201,裕隆,156,100,56,華南永昌-竹北,2023-02-02,9339
3576,聯合再生,55,0,55,華南永昌-竹北,2023-02-02,9339
2885,元大金,50,0,50,華南永昌-竹北,2023-02-02,9339
6443,元晶,53,4,49,華南永昌-竹北,2023-02-02,9339
2801,彰銀,45,0,45,華南永昌-竹北,2023-02-02,9339
3189,景碩,89,45,44,華南永昌-竹北,2023-02-02,9339
00671R,富邦NASDAQ反1,41,0,41,華南永昌-竹北,2023-02-02,9339
4129,聯合,31,0,31,華南永昌-竹北,2023-02-02,9339
8421,旭源,30,0,30,華南永昌-竹北,2023-02-02,9339
2436,偉詮電,30,2,28,華南永昌-竹北,2023-02-02,9339
2727,王品,33,10,23,華南永昌-竹北,2023-02-02,9339
00664R,國泰臺灣加權反1,21,0,21,華南永昌-竹北,2023-02-02,9339
1609,大亞,20,1,19,華南永昌-竹北,2023-02-02,9339
2610,華航,67,48,19,華南永昌-竹北,2023-02-02,9339
3019,亞光,26,7,19,華南永昌-竹北,2023-02-02,9339
2883,凱基金,20,1,19,華南永昌-竹北,2023-02-02,9339
2615,萬海,18,1,17,華南永昌-竹北,2023-02-02,9339
3290,東浦,17,1,16,華南永昌-竹北,2023-02-02,9339
4961,天鈺,78,62,16,華南永昌-竹北,2023-02-02,9339
8046,南電,17,2,15,華南永昌-竹北,2023-02-02,9339
4760,勤凱,14,0,14,華南永昌-竹北,2023-02-02,9339
4164,承業醫,15,2,13,華南永昌-竹北,2023-02-02,9339
6761,穩得,12,0,12,華南永昌-竹北,2023-02-02,9339
2489,瑞軒,16,5,11,華南永昌-竹北,2023-02-02,9339
1101,台泥,10,0,10,華南永昌-竹北,2023-02-02,9339
00679B,元大美債20年,10,0,10,華南永昌-竹北,2023-02-02,9339
2867,三商壽,10,0,10,華南永昌-竹北,2023-02-02,9339
3346,麗清,10,0,10,華南永昌-竹北,2023-02-02,9339
3455,由田,10,0,10,華南永昌-竹北,2023-02-02,9339
6233,旺玖,10,0,10,華南永昌-竹北,2023-02-02,9339
6719,力智,18,9,9,華南永昌-竹北,2023-02-02,9339
3357,臺慶科,9,0,9,華南永昌-竹北,2023-02-02,9339
2363,矽統,9,0,9,華南永昌-竹北,2023-02-02,9339
2354,鴻準,8,0,8,華南永昌-竹北,2023-02-02,9339
8033,雷虎,8,0,8,華南永昌-竹北,2023-02-02,9339
1810,和成,11,3,8,華南永昌-竹北,2023-02-02,9339
00885,富邦越南,7,0,7,華南永昌-竹北,2023-02-02,9339
5388,中磊,7,0,7,華南永昌-竹北,2023-02-02,9339
2834,臺企銀,7,0,7,華南永昌-竹北,2023-02-02,9339
3162,精確,6,0,6,華南永昌-竹北,2023-02-02,9339
4919,新唐,28,22,6,華南永昌-竹北,2023-02-02,9339
6806,森崴能源,6,0,6,華南永昌-竹北,2023-02-02,9339
2891,中信金,5,0,5,華南永昌-竹北,2023-02-02,9339
6441,廣錠,7,2,5,華南永昌-竹北,2023-02-02,9339
6770,力積電,890,103,787,華南永昌-竹北,2023-02-03,9339
00637L,元大滬深300正2,250,50,200,華南永昌-竹北,2023-02-03,9339
3034,聯詠,115,0,115,華南永昌-竹北,2023-02-03,9339
2489,瑞軒,100,0,100,華南永昌-竹北,2023-02-03,9339
2379,瑞昱,85,0,85,華南永昌-竹北,2023-02-03,9339
3037,欣興,103,34,69,華南永昌-竹北,2023-02-03,9339
8050,廣積,72,5,67,華南永昌-竹北,2023-02-03,9339
00878,國泰永續高股息,62,2,60,華南永昌-竹北,2023-02-03,9339
3260,威剛,54,0,54,華南永昌-竹北,2023-02-03,9339
00715L,期街口布蘭特正2,51,0,51,華南永昌-竹北,2023-02-03,9339
8421,旭源,51,0,51,華南永昌-竹北,2023-02-03,9339
3189,景碩,49,2,47,華南永昌-竹北,2023-02-03,9339
4919,新唐,70,24,46,華南永昌-竹北,2023-02-03,9339
2455,全新,45,0,45,華南永昌-竹北,2023-02-03,9339
2496,卓越,43,0,43,華南永昌-竹北,2023-02-03,9339
00882,中信中國高股息,41,0,41,華南永昌-竹北,2023-02-03,9339
8234,新漢,42,2,40,華南永昌-竹北,2023-02-03,9339
6541,泰福-KY,39,0,39,華南永昌-竹北,2023-02-03,9339
6231,系微,37,0,37,華南永昌-竹北,2023-02-03,9339
6217,中探針,36,0,36,華南永昌-竹北,2023-02-03,9339
3035,智原,86,58,28,華南永昌-竹北,2023-02-03,9339
2891,中信金,24,0,24,華南永昌-竹北,2023-02-03,9339
3290,東浦,24,0,24,華南永昌-竹北,2023-02-03,9339
2444,兆勁,25,2,23,華南永昌-竹北,2023-02-03,9339
3141,晶宏,25,3,22,華南永昌-竹北,2023-02-03,9339
00671R,富邦NASDAQ反1,21,0,21,華南永昌-竹北,2023-02-03,9339
2498,宏達電,73,52,21,華南永昌-竹北,2023-02-03,9339
4915,致伸,21,0,21,華南永昌-竹北,2023-02-03,9339
00892,富邦台灣半導體,20,0,20,華南永昌-竹北,2023-02-03,9339
2409,友達,18,0,18,華南永昌-竹北,2023-02-03,9339
2610,華航,22,4,18,華南永昌-竹北,2023-02-03,9339
2314,台揚,17,0,17,華南永昌-竹北,2023-02-03,9339
2882,國泰金,18,1,17,華南永昌-竹北,2023-02-03,9339
4148,全宇生技-KY,15,0,15,華南永昌-竹北,2023-02-03,9339
6461,益得,15,0,15,華南永昌-竹北,2023-02-03,9339
4739,康普,12,0,12,華南永昌-竹北,2023-02-03,9339
5009,榮剛,47,36,11,華南永昌-竹北,2023-02-03,9339
9958,世紀鋼,12,1,11,華南永昌-竹北,2023-02-03,9339
2324,仁寶,11,0,11,華南永昌-竹北,2023-02-03,9339
1810,和成,10,0,10,華南永昌-竹北,2023-02-03,9339
3003,健和興,10,0,10,華南永昌-竹北,2023-02-03,9339
6594,展匯科,10,0,10,華南永昌-竹北,2023-02-03,9339
00919,群益台灣精選高息,10,0,10,華南永昌-竹北,2023-02-03,9339
2201,裕隆,29,20,9,華南永昌-竹北,2023-02-03,9339
2609,陽明,28,19,9,華南永昌-竹北,2023-02-03,9339
4167,松瑞藥,11,2,9,華南永昌-竹北,2023-02-03,9339
5351,鈺創,36,27,9,華南永昌-竹北,2023-02-03,9339
8069,元太,15,6,9,華南永昌-竹北,2023-02-03,9339
2618,長榮航,13,5,8,華南永昌-竹北,2023-02-03,9339
2317,鴻海,8,0,8,華南永昌-竹北,2023-02-03,9339
3037,欣興,99,39,60,華南永昌-竹北,2023-02-06,9339
6541,泰福-KY,61,1,60,華南永昌-竹北,2023-02-06,9339
3035,智原,99,43,56,華南永昌-竹北,2023-02-06,9339
6175,立敦,52,0,52,華南永昌-竹北,2023-02-06,9339
00637L,元大滬深300正2,50,0,50,華南永昌-竹北,2023-02-06,9339
3047,訊舟,50,0,50,華南永昌-竹北,2023-02-06,9339
9958,世紀鋼,55,7,48,華南永昌-竹北,2023-02-06,9339
8234,新漢,46,1,45,華南永昌-竹北,2023-02-06,9339
00878,國泰永續高股息,41,0,41,華南永昌-竹北,2023-02-06,9339
4726,永昕,144,103,41,華南永昌-竹北,2023-02-06,9339
6461,益得,35,0,35,華南永昌-竹北,2023-02-06,9339
3034,聯詠,35,0,35,華南永昌-竹北,2023-02-06,9339
00679B,元大美債20年,33,0,33,華南永昌-竹北,2023-02-06,9339
00753L,中信中國50正2,30,0,30,華南永昌-竹北,2023-02-06,9339
00632R,元大台灣50反1,30,0,30,華南永昌-竹北,2023-02-06,9339
4961,天鈺,30,3,27,華南永昌-竹北,2023-02-06,9339
00720B,元大投資級公司債,26,0,26,華南永昌-竹北,2023-02-06,9339
3189,景碩,37,16,21,華南永昌-竹北,2023-02-06,9339
2379,瑞昱,20,0,20,華南永昌-竹北,2023-02-06,9339
2369,菱生,20,0,20,華南永昌-竹北,2023-02-06,9339
4919,新唐,70,53,17,華南永昌-竹北,2023-02-06,9339
2492,華新科,15,0,15,華南永昌-竹北,2023-02-06,9339
2618,長榮航,20,6,14,華南永昌-竹北,2023-02-06,9339
6443,元晶,14,0,14,華南永昌-竹北,2023-02-06,9339
2615,萬海,69,57,12,華南永昌-竹北,2023-02-06,9339
00715L,期街口布蘭特正2,61,50,11,華南永昌-竹北,2023-02-06,9339
2330,台積電,11,1,10,華南永昌-竹北,2023-02-06,9339
00680L,元大美債20正2,15,5,10,華南永昌-竹北,2023-02-06,9339
2324,仁寶,10,0,10,華南永昌-竹北,2023-02-06,9339
3289,宜特,10,0,10,華南永昌-竹北,2023-02-06,9339
4155,訊映,10,0,10,華南永昌-竹北,2023-02-06,9339
6217,中探針,15,5,10,華南永昌-竹北,2023-02-06,9339
6683,雍智科技,10,0,10,華南永昌-竹北,2023-02-06,9339
00772B,中信高評級公司債,9,0,9,華南永昌-竹北,2023-02-06,9339
2303,聯電,10,1,9,華南永昌-竹北,2023-02-06,9339
2455,全新,9,0,9,華南永昌-竹北,2023-02-06,9339
6488,環球晶,9,0,9,華南永昌-竹北,2023-02-06,9339
2308,台達電,8,0,8,華南永昌-竹北,2023-02-06,9339
1722,台肥,8,0,8,華南永昌-竹北,2023-02-06,9339
1752,南光,10,2,8,華南永昌-竹北,2023-02-06,9339
3704,合勤控,8,0,8,華南永昌-竹北,2023-02-06,9339
6649,台生材,8,0,8,華南永昌-竹北,2023-02-06,9339
4968,立積,9,1,8,華南永昌-竹北,2023-02-06,9339
1796,金穎生技,7,0,7,華南永昌-竹北,2023-02-06,9339
2201,裕隆,26,19,7,華南永昌-竹北,2023-02-06,9339
2328,廣宇,11,4,7,華南永昌-竹北,2023-02-06,9339
4160,訊聯基因,11,4,7,華南永昌-竹北,2023-02-06,9339
8421,旭源,7,0,7,華南永昌-竹北,2023-02-06,9339
2603,長榮,46,40,6,華南永昌-竹北,2023-02-06,9339
2344,華邦電,17,11,6,華南永昌-竹北,2023-02-06,9339
1733,五鼎,48,0,48,華南永昌-竹北,2023-02-07,9339
2610,華航,46,2,44,華南永昌-竹北,2023-02-07,9339
6175,立敦,42,0,42,華南永昌-竹北,2023-02-07,9339
1605,華新,159,125,34,華南永昌-竹北,2023-02-07,9339
2313,華通,33,1,32,華南永昌-竹北,2023-02-07,9339
1796,金穎生技,27,0,27,華南永昌-竹北,2023-02-07,9339
0050,元大台灣50,24,0,24,華南永昌-竹北,2023-02-07,9339
2812,台中銀,20,0,20,華南永昌-竹北,2023-02-07,9339
6546,正基,24,5,19,華南永昌-竹北,2023-02-07,9339
2834,臺企銀,20,2,18,華南永昌-竹北,2023-02-07,9339
00878,國泰永續高股息,17,0,17,華南永昌-竹北,2023-02-07,9339
6188,廣明,17,0,17,華南永昌-竹北,2023-02-07,9339
6598,ABC-KY,16,0,16,華南永昌-竹北,2023-02-07,9339
2618,長榮航,14,0,14,華南永昌-竹北,2023-02-07,9339
2314,台揚,16,3,13,華南永昌-竹北,2023-02-07,9339
00680L,元大美債20正2,11,0,11,華南永昌-竹北,2023-02-07,9339
2317,鴻海,17,6,11,華南永昌-竹北,2023-02-07,9339
5439,高技,20,9,11,華南永昌-竹北,2023-02-07,9339
2105,正新,10,0,10,華南永昌-竹北,2023-02-07,9339
2882,國泰金,10,0,10,華南永昌-竹北,2023-02-07,9339
3163,波若威,8,0,8,華南永昌-竹北,2023-02-07,9339
6443,元晶,14,6,8,華南永昌-竹北,2023-02-07,9339
3141,晶宏,13,6,7,華南永昌-竹北,2023-02-07,9339
3226,至寶電,7,0,7,華南永昌-竹北,2023-02-07,9339
3680,家登,7,0,7,華南永昌-竹北,2023-02-07,9339
5302,太欣,7,0,7,華南永昌-竹北,2023-02-07,9339
1506,正道,6,0,6,華南永昌-竹北,2023-02-07,9339
4160,訊聯基因,6,0,6,華南永昌-竹北,2023-02-07,9339
2883,凱基金,5,0,5,華南永昌-竹北,2023-02-07,9339
1432,大魯閣,5,0,5,華南永昌-竹北,2023-02-07,9339
4114,健喬,87,82,5,華南永昌-竹北,2023-02-07,9339
4931,新盛力,8,3,5,華南永昌-竹北,2023-02-07,9339
00664R,國泰臺灣加權反1,5,0,5,華南永昌-竹北,2023-02-07,9339
00632R,元大台灣50反1,5,0,5,華南永昌-竹北,2023-02-07,9339
00671R,富邦NASDAQ反1,5,0,5,華南永昌-竹北,2023-02-07,9339
1303,南亞,5,0,5,華南永昌-竹北,2023-02-07,9339
6214,精誠,5,0,5,華南永昌-竹北,2023-02-07,9339
6712,長聖,17,12,5,華南永昌-竹北,2023-02-07,9339
8234,新漢,5,0,5,華南永昌-竹北,2023-02-07,9339
9955,佳龍,5,0,5,華南永昌-竹北,2023-02-07,9339
3362,先進光,8,3,5,華南永昌-竹北,2023-02-07,9339
00679B,元大美債20年,4,0,4,華南永昌-竹北,2023-02-07,9339
2201,裕隆,9,5,4,華南永昌-竹北,2023-02-07,9339
1312,國喬,4,0,4,華南永昌-竹北,2023-02-07,9339
2890,永豐金,5,1,4,華南永昌-竹北,2023-02-07,9339
3380,明泰,4,0,4,華南永昌-竹北,2023-02-07,9339
4142,國光生,5,1,4,華南永昌-竹北,2023-02-07,9339
4523,永彰,4,0,4,華南永昌-竹北,2023-02-07,9339
1503,士電,11,7,4,華南永昌-竹北,2023-02-07,9339
1795,美時,67,63,4,華南永昌-竹北,2023-02-07,9339
00637L,元大滬深300正2,200,0,200,華南永昌-竹北,2023-02-08,9339
00632R,元大台灣50反1,170,0,170,華南永昌-竹北,2023-02-08,9339
00753L,中信中國50正2,150,0,150,華南永昌-竹北,2023-02-08,9339
1605,華新,107,8,99,華南永昌-竹北,2023-02-08,9339
2884,玉山金,104,5,99,華南永昌-竹北,2023-02-08,9339
1701,中化,81,0,81,華南永昌-竹北,2023-02-08,9339
4961,天鈺,99,21,78,華南永昌-竹北,2023-02-08,9339
00878,國泰永續高股息,77,2,75,華南永昌-竹北,2023-02-08,9339
6541,泰福-KY,58,0,58,華南永昌-竹北,2023-02-08,9339
3047,訊舟,52,0,52,華南永昌-竹北,2023-02-08,9339
6712,長聖,56,8,48,華南永昌-竹北,2023-02-08,9339
6139,亞翔,35,0,35,華南永昌-竹北,2023-02-08,9339
2201,裕隆,65,33,32,華南永昌-竹北,2023-02-08,9339
4155,訊映,30,1,29,華南永昌-竹北,2023-02-08,9339
00679B,元大美債20年,28,0,28,華南永昌-竹北,2023-02-08,9339
2812,台中銀,22,0,22,華南永昌-竹北,2023-02-08,9339
00772B,中信高評級公司債,21,1,20,華南永昌-竹北,2023-02-08,9339
6594,展匯科,20,0,20,華南永昌-竹北,2023-02-08,9339
00720B,元大投資級公司債,20,1,19,華南永昌-竹北,2023-02-08,9339
1432,大魯閣,20,3,17,華南永昌-竹北,2023-02-08,9339
4763,材料-KY,50,35,15,華南永昌-竹北,2023-02-08,9339
6217,中探針,20,5,15,華南永昌-竹北,2023-02-08,9339
8938,明安,15,0,15,華南永昌-竹北,2023-02-08,9339
6282,康舒,148,136,12,華南永昌-竹北,2023-02-08,9339
6719,力智,11,0,11,華南永昌-竹北,2023-02-08,9339
2457,飛宏,11,1,10,華南永昌-竹北,2023-02-08,9339
4770,上品,10,0,10,華南永昌-竹北,2023-02-08,9339
8044,網家,10,0,10,華南永昌-竹北,2023-02-08,9339
8421,旭源,10,0,10,華南永昌-竹北,2023-02-08,9339
1513,中興電,42,33,9,華南永昌-竹北,2023-02-08,9339
00918,大華優利高填息30,9,0,9,華南永昌-竹北,2023-02-08,9339
00780B,國泰A級金融債,9,0,9,華南永昌-竹北,2023-02-08,9339
1796,金穎生技,9,0,9,華南永昌-竹北,2023-02-08,9339
6865,偉康科技,9,0,9,華南永昌-竹北,2023-02-08,9339
9958,世紀鋼,9,0,9,華南永昌-竹北,2023-02-08,9339
00664R,國泰臺灣加權反1,8,0,8,華南永昌-竹北,2023-02-08,9339
2009,第一銅,11,3,8,華南永昌-竹北,2023-02-08,9339
2880,華南金,7,0,7,華南永昌-竹北,2023-02-08,9339
4167,松瑞藥,10,3,7,華南永昌-竹北,2023-02-08,9339
8171,天宇,19,12,7,華南永昌-竹北,2023-02-08,9339
00671R,富邦NASDAQ反1,6,0,6,華南永昌-竹北,2023-02-08,9339
1303,南亞,6,0,6,華南永昌-竹北,2023-02-08,9339
3022,威強電,29,23,6,華南永昌-竹北,2023-02-08,9339
3037,欣興,7,1,6,華南永昌-竹北,2023-02-08,9339
00712,復華富時不動產,6,0,6,華南永昌-竹北,2023-02-08,9339
1506,正道,5,0,5,華南永昌-竹北,2023-02-08,9339
1707,葡萄王,5,0,5,華南永昌-竹北,2023-02-08,9339
2496,卓越,5,0,5,華南永昌-竹北,2023-02-08,9339
2705,六福,5,0,5,華南永昌-竹北,2023-02-08,9339
3479,安勤,63,58,5,華南永昌-竹北,2023-02-08,9339
00632R,元大台灣50反1,161,0,161,華南永昌-竹北,2023-02-09,9339
1605,華新,142,14,128,華南永昌-竹北,2023-02-09,9339
1701,中化,59,0,59,華南永昌-竹北,2023-02-09,9339
6182,合晶,60,5,55,華南永昌-竹北,2023-02-09,9339
2492,華新科,60,8,52,華南永昌-竹北,2023-02-09,9339
6217,中探針,45,1,44,華南永昌-竹北,2023-02-09,9339
00878,國泰永續高股息,34,2,32,華南永昌-竹北,2023-02-09,9339
4726,永昕,34,2,32,華南永昌-竹北,2023-02-09,9339
2845,遠東銀,30,0,30,華南永昌-竹北,2023-02-09,9339
6594,展匯科,30,0,30,華南永昌-竹北,2023-02-09,9339
4162,智擎,67,38,29,華南永昌-竹北,2023-02-09,9339
6541,泰福-KY,30,3,27,華南永昌-竹北,2023-02-09,9339
00720B,元大投資級公司債,24,0,24,華南永昌-竹北,2023-02-09,9339
3443,創意,50,27,23,華南永昌-竹北,2023-02-09,9339
6175,立敦,21,0,21,華南永昌-竹北,2023-02-09,9339
00673R,期元大S＆P原油反1,20,0,20,華南永昌-竹北,2023-02-09,9339
6266,泰詠,20,0,20,華南永昌-竹北,2023-02-09,9339
2201,裕隆,80,61,19,華南永昌-竹北,2023-02-09,9339
3189,景碩,49,30,19,華南永昌-竹北,2023-02-09,9339
1733,五鼎,17,0,17,華南永昌-竹北,2023-02-09,9339
6499,益安,16,0,16,華南永昌-竹北,2023-02-09,9339
2834,臺企銀,15,0,15,華南永昌-竹北,2023-02-09,9339
00679B,元大美債20年,14,0,14,華南永昌-竹北,2023-02-09,9339
2388,威盛,32,19,13,華南永昌-竹北,2023-02-09,9339
3017,奇鋐,16,3,13,華南永昌-竹北,2023-02-09,9339
8050,廣積,13,0,13,華南永昌-竹北,2023-02-09,9339
1752,南光,24,13,11,華南永昌-竹北,2023-02-09,9339
2892,第一金,11,0,11,華南永昌-竹北,2023-02-09,9339
1810,和成,10,0,10,華南永昌-竹北,2023-02-09,9339
8033,雷虎,10,0,10,華南永昌-竹北,2023-02-09,9339
1504,東元,10,0,10,華南永昌-竹北,2023-02-09,9339
2610,華航,10,0,10,華南永昌-竹北,2023-02-09,9339
4961,天鈺,12,2,10,華南永昌-竹北,2023-02-09,9339
6672,騰輝電子-KY,10,0,10,華南永昌-竹北,2023-02-09,9339
6683,雍智科技,10,0,10,華南永昌-竹北,2023-02-09,9339
8222,寶一,9,0,9,華南永昌-竹北,2023-02-09,9339
2615,萬海,10,1,9,華南永昌-竹北,2023-02-09,9339
1796,金穎生技,7,0,7,華南永昌-竹北,2023-02-09,9339
3481,群創,9,3,6,華南永昌-竹北,2023-02-09,9339
4102,永日,7,1,6,華南永昌-竹北,2023-02-09,9339
4979,華星光,12,6,6,華南永昌-竹北,2023-02-09,9339
2601,益航,6,0,6,華南永昌-竹北,2023-02-09,9339
6231,系微,8,2,6,華南永昌-竹北,2023-02-09,9339
1795,美時,87,82,5,華南永昌-竹北,2023-02-09,9339
5425,台半,5,0,5,華南永昌-竹北,2023-02-09,9339
2031,新光鋼,5,0,5,華南永昌-竹北,2023-02-09,9339
00680L,元大美債20正2,5,0,5,華南永昌-竹北,2023-02-09,9339
00903,富邦元宇宙,5,0,5,華南永昌-竹北,2023-02-09,9339
2344,華邦電,9,4,5,華南永昌-竹北,2023-02-09,9339
2367,燿華,5,0,5,華南永昌-竹北,2023-02-09,9339
00637L,元大滬深300正2,270,0,270,華南永昌-竹北,2023-02-10,9339
3205,佰研,180,0,180,華南永昌-竹北,2023-02-10,9339
1701,中化,134,1,133,華南永昌-竹北,2023-02-10,9339
00878,國泰永續高股息,81,0,81,華南永昌-竹北,2023-02-10,9339
00900,富邦特選高股息30,101,21,80,華南永昌-竹北,2023-02-10,9339
8421,旭源,60,0,60,華南永昌-竹北,2023-02-10,9339
4130,健亞,57,5,52,華南永昌-竹北,2023-02-10,9339
00633L,富邦上証正2,50,0,50,華南永昌-竹北,2023-02-10,9339
1605,華新,193,143,50,華南永昌-竹北,2023-02-10,9339
6143,振曜,65,18,47,華南永昌-竹北,2023-02-10,9339
4763,材料-KY,65,33,32,華南永昌-竹北,2023-02-10,9339
5464,霖宏,31,0,31,華南永昌-竹北,2023-02-10,9339
6175,立敦,29,0,29,華南永昌-竹北,2023-02-10,9339
00679B,元大美債20年,24,0,24,華南永昌-竹北,2023-02-10,9339
00632R,元大台灣50反1,23,0,23,華南永昌-竹北,2023-02-10,9339
3289,宜特,24,1,23,華南永昌-竹北,2023-02-10,9339
6770,力積電,31,8,23,華南永昌-竹北,2023-02-10,9339
6282,康舒,45,24,21,華南永昌-竹北,2023-02-10,9339
2354,鴻準,20,0,20,華南永昌-竹北,2023-02-10,9339
4114,健喬,68,51,17,華南永昌-竹北,2023-02-10,9339
3035,智原,97,81,16,華南永昌-竹北,2023-02-10,9339
2368,金像電,16,0,16,華南永昌-竹北,2023-02-10,9339
0056,元大高股息,15,0,15,華南永昌-竹北,2023-02-10,9339
6443,元晶,14,0,14,華南永昌-竹北,2023-02-10,9339
00720B,元大投資級公司債,13,0,13,華南永昌-竹北,2023-02-10,9339
2344,華邦電,12,0,12,華南永昌-竹北,2023-02-10,9339
2891,中信金,11,0,11,華南永昌-竹北,2023-02-10,9339
3128,昇銳,12,1,11,華南永昌-竹北,2023-02-10,9339
00910,第一金太空衛星,10,0,10,華南永昌-竹北,2023-02-10,9339
00891,中信關鍵半導體,10,0,10,華南永昌-竹北,2023-02-10,9339
00920,富邦ESG綠色電力,10,0,10,華南永昌-竹北,2023-02-10,9339
00896,中信綠能及電動車,10,0,10,華南永昌-竹北,2023-02-10,9339
5251,天鉞電,10,0,10,華南永昌-竹北,2023-02-10,9339
2618,長榮航,54,45,9,華南永昌-竹北,2023-02-10,9339
1733,五鼎,9,0,9,華南永昌-竹北,2023-02-10,9339
5227,立凱-KY,11,2,9,華南永昌-竹北,2023-02-10,9339
2317,鴻海,52,44,8,華南永昌-竹北,2023-02-10,9339
6806,森崴能源,11,3,8,華南永昌-竹北,2023-02-10,9339
3027,盛達,21,13,8,華南永昌-竹北,2023-02-10,9339
3272,東碩,8,0,8,華南永昌-竹北,2023-02-10,9339
3558,神準,34,26,8,華南永昌-竹北,2023-02-10,9339
3710,連展投控,8,0,8,華南永昌-竹北,2023-02-10,9339
6104,創惟,35,27,8,華南永昌-竹北,2023-02-10,9339
6706,惠特,8,0,8,華南永昌-竹北,2023-02-10,9339
6788,華景電,9,1,8,華南永昌-竹北,2023-02-10,9339
3481,群創,8,1,7,華南永昌-竹北,2023-02-10,9339
6546,正基,8,1,7,華南永昌-竹北,2023-02-10,9339
1712,興農,6,0,6,華南永昌-竹北,2023-02-10,9339
1417,嘉裕,6,0,6,華南永昌-竹北,2023-02-10,9339
2367,燿華,6,0,6,華南永昌-竹北,2023-02-10,9339
2886,兆豐金,200,0,200,華南永昌-竹北,2023-02-13,9339
2884,玉山金,207,9,198,華南永昌-竹北,2023-02-13,9339
6541,泰福-KY,172,30,142,華南永昌-竹北,2023-02-13,9339
00878,國泰永續高股息,83,0,83,華南永昌-竹北,2023-02-13,9339
3205,佰研,65,15,50,華南永昌-竹北,2023-02-13,9339
2409,友達,48,0,48,華南永昌-竹北,2023-02-13,9339
2881,富邦金,45,0,45,華南永昌-竹北,2023-02-13,9339
6231,系微,42,1,41,華南永昌-竹北,2023-02-13,9339
00679B,元大美債20年,34,0,34,華南永昌-竹北,2023-02-13,9339
6752,叡揚,25,0,25,華南永昌-竹北,2023-02-13,9339
4979,華星光,51,27,24,華南永昌-竹北,2023-02-13,9339
2618,長榮航,24,1,23,華南永昌-竹北,2023-02-13,9339
00751B,元大AAA至A公司債,22,0,22,華南永昌-竹北,2023-02-13,9339
1810,和成,70,48,22,華南永昌-竹北,2023-02-13,9339
3617,碩天,20,0,20,華南永昌-竹北,2023-02-13,9339
8421,旭源,18,0,18,華南永昌-竹北,2023-02-13,9339
2610,華航,21,5,16,華南永昌-竹北,2023-02-13,9339
1605,華新,22,7,15,華南永昌-竹北,2023-02-13,9339
6139,亞翔,15,0,15,華南永昌-竹北,2023-02-13,9339
6217,中探針,15,0,15,華南永昌-竹北,2023-02-13,9339
2201,裕隆,21,7,14,華南永昌-竹北,2023-02-13,9339
00632R,元大台灣50反1,12,0,12,華南永昌-竹北,2023-02-13,9339
2891,中信金,11,0,11,華南永昌-竹北,2023-02-13,9339
00888,永豐台灣ESG,10,0,10,華南永昌-竹北,2023-02-13,9339
00680L,元大美債20正2,10,0,10,華南永昌-竹北,2023-02-13,9339
3625,西勝,10,0,10,華南永昌-竹北,2023-02-13,9339
8938,明安,10,0,10,華南永昌-竹北,2023-02-13,9339
3481,群創,8,0,8,華南永昌-竹北,2023-02-13,9339
00652,富邦印度,7,0,7,華南永昌-竹北,2023-02-13,9339
1737,臺鹽,6,0,6,華南永昌-竹北,2023-02-13,9339
2367,燿華,6,0,6,華南永昌-竹北,2023-02-13,9339
2609,陽明,27,21,6,華南永昌-竹北,2023-02-13,9339
4908,前鼎,6,0,6,華南永昌-竹北,2023-02-13,9339
00893,國泰智能電動車,5,0,5,華南永昌-竹北,2023-02-13,9339
8155,博智,5,0,5,華南永昌-竹北,2023-02-13,9339
00772B,中信高評級公司債,4,0,4,華南永昌-竹北,2023-02-13,9339
1589,永冠-KY,4,0,4,華南永昌-竹北,2023-02-13,9339
2393,億光,4,0,4,華南永昌-竹北,2023-02-13,9339
2439,美律,4,0,4,華南永昌-竹北,2023-02-13,9339
3094,聯傑,4,0,4,華南永昌-竹北,2023-02-13,9339
3520,華盈,6,2,4,華南永昌-竹北,2023-02-13,9339
3558,神準,17,13,4,華南永昌-竹北,2023-02-13,9339
6113,亞矽,4,0,4,華南永昌-竹北,2023-02-13,9339
6142,友勁,10,6,4,華南永昌-竹北,2023-02-13,9339
6235,華孚,85,81,4,華南永昌-竹北,2023-02-13,9339
2603,長榮,14,10,4,華南永昌-竹北,2023-02-13,9339
2317,鴻海,5,1,4,華南永昌-竹北,2023-02-13,9339
4130,健亞,21,18,3,華南永昌-竹北,2023-02-13,9339
1342,八貫,16,13,3,華南永昌-竹北,2023-02-13,9339
00895,富邦未來車,3,0,3,華南永昌-竹北,2023-02-13,9339
00632R,元大台灣50反1,355,0,355,華南永昌-竹北,2023-02-14,9339
00637L,元大滬深300正2,340,40,300,華南永昌-竹北,2023-02-14,9339
00878,國泰永續高股息,174,15,159,華南永昌-竹北,2023-02-14,9339
2845,遠東銀,50,0,50,華南永昌-竹北,2023-02-14,9339
4726,永昕,44,0,44,華南永昌-竹北,2023-02-14,9339
3272,東碩,49,18,31,華南永昌-竹北,2023-02-14,9339
2337,旺宏,31,1,30,華南永昌-竹北,2023-02-14,9339
6605,帝寶,30,0,30,華南永昌-竹北,2023-02-14,9339
2610,華航,61,34,27,華南永昌-竹北,2023-02-14,9339
00882,中信中國高股息,25,0,25,華南永昌-竹北,2023-02-14,9339
00679B,元大美債20年,23,0,23,華南永昌-竹北,2023-02-14,9339
00772B,中信高評級公司債,22,0,22,華南永昌-竹北,2023-02-14,9339
00720B,元大投資級公司債,21,0,21,華南永昌-竹北,2023-02-14,9339
8171,天宇,30,10,20,華南永昌-竹北,2023-02-14,9339
8222,寶一,63,45,18,華南永昌-竹北,2023-02-14,9339
8110,華東,14,0,14,華南永昌-竹北,2023-02-14,9339
8421,旭源,13,0,13,華南永昌-竹北,2023-02-14,9339
6217,中探針,12,0,12,華南永昌-竹北,2023-02-14,9339
1810,和成,11,0,11,華南永昌-竹北,2023-02-14,9339
00680L,元大美債20正2,10,0,10,華南永昌-竹北,2023-02-14,9339
0056,元大高股息,10,0,10,華南永昌-竹北,2023-02-14,9339
1734,杏輝,11,1,10,華南永昌-竹北,2023-02-14,9339
6517,保勝光學,10,0,10,華南永昌-竹北,2023-02-14,9339
8936,國統,10,0,10,華南永昌-竹北,2023-02-14,9339
4743,合一,20,10,10,華南永昌-竹北,2023-02-14,9339
3661,世芯-KY,22,13,9,華南永昌-竹北,2023-02-14,9339
6712,長聖,8,0,8,華南永昌-竹北,2023-02-14,9339
8050,廣積,8,0,8,華南永昌-竹北,2023-02-14,9339
2201,裕隆,16,10,6,華南永昌-竹北,2023-02-14,9339
2888,新光金,6,0,6,華南永昌-竹北,2023-02-14,9339
4977,眾達-KY,12,6,6,華南永昌-竹北,2023-02-14,9339
1584,精剛,6,1,5,華南永昌-竹北,2023-02-14,9339
2362,藍天,5,0,5,華南永昌-竹北,2023-02-14,9339
2468,華經,7,2,5,華南永昌-竹北,2023-02-14,9339
3122,笙泉,6,1,5,華南永昌-竹北,2023-02-14,9339
3362,先進光,5,0,5,華南永昌-竹北,2023-02-14,9339
6121,新普,5,0,5,華南永昌-竹北,2023-02-14,9339
6472,保瑞,4,0,4,華南永昌-竹北,2023-02-14,9339
4530,宏易,4,0,4,華南永昌-竹北,2023-02-14,9339
4114,健喬,32,29,3,華南永昌-竹北,2023-02-14,9339
1513,中興電,62,59,3,華南永昌-竹北,2023-02-14,9339
1437,勤益控,3,0,3,華南永昌-竹北,2023-02-14,9339
2732,六角,6,3,3,華南永昌-竹北,2023-02-14,9339
5530,龍巖,3,0,3,華南永昌-竹北,2023-02-14,9339
6220,岳豐,3,0,3,華南永昌-竹北,2023-02-14,9339
1795,美時,49,47,2,華南永昌-竹北,2023-02-14,9339
1337,再生-KY,2,0,2,華南永昌-竹北,2023-02-14,9339
1102,亞泥,2,0,2,華南永昌-竹北,2023-02-14,9339
1732,毛寶,2,0,2,華南永昌-竹北,2023-02-14,9339
2351,順德,21,19,2,華南永昌-竹北,2023-02-14,9339
00878,國泰永續高股息,359,6,353,華南永昌-竹北,2023-02-15,9339
00637L,元大滬深300正2,300,0,300,華南永昌-竹北,2023-02-15,9339
6541,泰福-KY,99,0,99,華南永昌-竹北,2023-02-15,9339
1609,大亞,107,18,89,華南永昌-竹北,2023-02-15,9339
6231,系微,60,0,60,華南永昌-竹北,2023-02-15,9339
3511,矽瑪,66,16,50,華南永昌-竹北,2023-02-15,9339
6188,廣明,41,0,41,華南永昌-竹北,2023-02-15,9339
8171,天宇,34,2,32,華南永昌-竹北,2023-02-15,9339
2324,仁寶,30,0,30,華南永昌-竹北,2023-02-15,9339
4931,新盛力,24,1,23,華南永昌-竹北,2023-02-15,9339
2637,慧洋-KY,21,3,18,華南永昌-竹北,2023-02-15,9339
6672,騰輝電子-KY,20,2,18,華南永昌-竹北,2023-02-15,9339
5371,中光電,18,1,17,華南永昌-竹北,2023-02-15,9339
0050,元大台灣50,15,0,15,華南永昌-竹北,2023-02-15,9339
1514,亞力,15,0,15,華南永昌-竹北,2023-02-15,9339
6712,長聖,17,2,15,華南永昌-竹北,2023-02-15,9339
2201,裕隆,19,6,13,華南永昌-竹北,2023-02-15,9339
6443,元晶,13,0,13,華南永昌-竹北,2023-02-15,9339
2702,華園,12,0,12,華南永昌-竹北,2023-02-15,9339
2330,台積電,16,4,12,華南永昌-竹北,2023-02-15,9339
5347,世界,20,9,11,華南永昌-竹北,2023-02-15,9339
3504,揚明光,11,0,11,華南永昌-竹北,2023-02-15,9339
2609,陽明,14,4,10,華南永昌-竹北,2023-02-15,9339
1432,大魯閣,10,0,10,華南永昌-竹北,2023-02-15,9339
00715L,期街口布蘭特正2,10,0,10,華南永昌-竹北,2023-02-15,9339
006208,富邦台50,10,0,10,華南永昌-竹北,2023-02-15,9339
4908,前鼎,9,0,9,華南永昌-竹北,2023-02-15,9339
6472,保瑞,9,0,9,華南永昌-竹北,2023-02-15,9339
2915,潤泰全,10,1,9,華南永昌-竹北,2023-02-15,9339
3454,晶睿,9,0,9,華南永昌-竹北,2023-02-15,9339
6282,康舒,9,0,9,華南永昌-竹北,2023-02-15,9339
1611,中電,8,0,8,華南永昌-竹北,2023-02-15,9339
1796,金穎生技,8,0,8,華南永昌-竹北,2023-02-15,9339
3207,耀勝,10,2,8,華南永昌-竹北,2023-02-15,9339
2884,玉山金,8,1,7,華南永昌-竹北,2023-02-15,9339
00900,富邦特選高股息30,107,100,7,華南永昌-竹北,2023-02-15,9339
1463,強盛新,7,0,7,華南永昌-竹北,2023-02-15,9339
6531,愛普*,20,13,7,華南永昌-竹北,2023-02-15,9339
1589,永冠-KY,6,0,6,華南永昌-竹北,2023-02-15,9339
2618,長榮航,6,0,6,華南永昌-竹北,2023-02-15,9339
2027,大成鋼,6,0,6,華南永昌-竹北,2023-02-15,9339
3035,智原,27,21,6,華南永昌-竹北,2023-02-15,9339
3293,鈊象,6,0,6,華南永昌-竹北,2023-02-15,9339
2883,凱基金,6,0,6,華南永昌-竹北,2023-02-15,9339
00882,中信中國高股息,5,0,5,華南永昌-竹北,2023-02-15,9339
2892,第一金,5,0,5,華南永昌-竹北,2023-02-15,9339
00671R,富邦NASDAQ反1,5,0,5,華南永昌-竹北,2023-02-15,9339
2388,威盛,6,1,5,華南永昌-竹北,2023-02-15,9339
2886,兆豐金,5,0,5,華南永昌-竹北,2023-02-15,9339
3552,同致,6,1,5,華南永昌-竹北,2023-02-15,9339
2453,凌群,406,1,405,華南永昌-竹北,2023-02-16,9339
2369,菱生,150,0,150,華南永昌-竹北,2023-02-16,9339
00878,國泰永續高股息,137,5,132,華南永昌-竹北,2023-02-16,9339
00632R,元大台灣50反1,120,0,120,華南永昌-竹北,2023-02-16,9339
6188,廣明,82,0,82,華南永昌-竹北,2023-02-16,9339
00679B,元大美債20年,80,0,80,華南永昌-竹北,2023-02-16,9339
3037,欣興,86,19,67,華南永昌-竹北,2023-02-16,9339
3189,景碩,62,0,62,華南永昌-竹北,2023-02-16,9339
2739,寒舍,50,0,50,華南永昌-竹北,2023-02-16,9339
4744,皇將,40,0,40,華南永昌-竹北,2023-02-16,9339
8299,群聯,32,0,32,華南永昌-竹北,2023-02-16,9339
6104,創惟,30,1,29,華南永昌-竹北,2023-02-16,9339
3317,尼克森,26,0,26,華南永昌-竹北,2023-02-16,9339
3454,晶睿,36,10,26,華南永昌-竹北,2023-02-16,9339
00751B,元大AAA至A公司債,21,0,21,華南永昌-竹北,2023-02-16,9339
1714,和桐,20,0,20,華南永昌-竹北,2023-02-16,9339
3406,玉晶光,20,0,20,華南永昌-竹北,2023-02-16,9339
6435,大中,20,0,20,華南永昌-竹北,2023-02-16,9339
9938,百和,20,1,19,華南永昌-竹北,2023-02-16,9339
1784,訊聯,27,10,17,華南永昌-竹北,2023-02-16,9339
4977,眾達-KY,42,25,17,華南永昌-竹北,2023-02-16,9339
4908,前鼎,16,0,16,華南永昌-竹北,2023-02-16,9339
6217,中探針,15,0,15,華南永昌-竹北,2023-02-16,9339
6578,達邦蛋白,15,0,15,華南永昌-竹北,2023-02-16,9339
2302,麗正,15,1,14,華南永昌-竹北,2023-02-16,9339
6531,愛普*,24,11,13,華南永昌-竹北,2023-02-16,9339
0056,元大高股息,12,1,11,華南永昌-竹北,2023-02-16,9339
00680L,元大美債20正2,11,0,11,華南永昌-竹北,2023-02-16,9339
1432,大魯閣,10,0,10,華南永昌-竹北,2023-02-16,9339
1796,金穎生技,10,0,10,華南永昌-竹北,2023-02-16,9339
2486,一詮,10,0,10,華南永昌-竹北,2023-02-16,9339
2867,三商壽,10,0,10,華南永昌-竹北,2023-02-16,9339
3006,晶豪科,10,0,10,華南永昌-竹北,2023-02-16,9339
3228,金麗科,10,0,10,華南永昌-竹北,2023-02-16,9339
6126,信音,10,0,10,華南永昌-竹北,2023-02-16,9339
1463,強盛新,9,0,9,華南永昌-竹北,2023-02-16,9339
6182,合晶,15,6,9,華南永昌-竹北,2023-02-16,9339
6411,晶焱,15,6,9,華南永昌-竹北,2023-02-16,9339
6215,和椿,8,0,8,華南永昌-竹北,2023-02-16,9339
2413,環科,7,0,7,華南永昌-竹北,2023-02-16,9339
3105,穩懋,10,3,7,華南永昌-竹北,2023-02-16,9339
8358,金居,12,5,7,華南永昌-竹北,2023-02-16,9339
00671R,富邦NASDAQ反1,6,0,6,華南永昌-竹北,2023-02-16,9339
2002,中鋼,6,0,6,華南永昌-竹北,2023-02-16,9339
2027,大成鋼,10,4,6,華南永昌-竹北,2023-02-16,9339
2734,易飛網,6,0,6,華南永昌-竹北,2023-02-16,9339
3707,漢磊,6,0,6,華南永昌-竹北,2023-02-16,9339
6266,泰詠,8,2,6,華南永昌-竹北,2023-02-16,9339
2890,永豐金,5,0,5,華南永昌-竹北,2023-02-16,9339
1218,泰山,5,0,5,華南永昌-竹北,2023-02-16,9339
00637L,元大滬深300正2,292,92,200,華南永昌-竹北,2023-02-17,9339
2369,菱生,150,0,150,華南永昌-竹北,2023-02-17,9339
00633L,富邦上証正2,101,0,101,華南永昌-竹北,2023-02-17,9339
00632R,元大台灣50反1,75,0,75,華南永昌-竹北,2023-02-17,9339
6235,華孚,128,56,72,華南永昌-竹北,2023-02-17,9339
1519,華城,72,2,70,華南永昌-竹北,2023-02-17,9339
00679B,元大美債20年,39,0,39,華南永昌-竹北,2023-02-17,9339
00680L,元大美債20正2,38,1,37,華南永昌-竹北,2023-02-17,9339
6175,立敦,44,7,37,華南永昌-竹北,2023-02-17,9339
00878,國泰永續高股息,26,0,26,華南永昌-竹北,2023-02-17,9339
1605,華新,83,58,25,華南永昌-竹北,2023-02-17,9339
2027,大成鋼,22,1,21,華南永昌-竹北,2023-02-17,9339
2455,全新,40,20,20,華南永昌-竹北,2023-02-17,9339
3260,威剛,20,0,20,華南永昌-竹北,2023-02-17,9339
6770,力積電,20,0,20,華南永昌-竹北,2023-02-17,9339
2882,國泰金,22,2,20,華南永昌-竹北,2023-02-17,9339
2881,富邦金,20,2,18,華南永昌-竹北,2023-02-17,9339
00751B,元大AAA至A公司債,17,0,17,華南永昌-竹北,2023-02-17,9339
2753,八方雲集,15,0,15,華南永昌-竹北,2023-02-17,9339
6541,泰福-KY,15,0,15,華南永昌-竹北,2023-02-17,9339
00720B,元大投資級公司債,11,0,11,華南永昌-竹北,2023-02-17,9339
2492,華新科,24,13,11,華南永昌-竹北,2023-02-17,9339
2014,中鴻,10,0,10,華南永昌-竹北,2023-02-17,9339
2515,中工,10,0,10,華南永昌-竹北,2023-02-17,9339
3011,今皓,10,0,10,華南永昌-竹北,2023-02-17,9339
8234,新漢,10,1,9,華南永昌-竹北,2023-02-17,9339
1326,台化,8,0,8,華南永昌-竹北,2023-02-17,9339
9910,豐泰,8,0,8,華南永昌-竹北,2023-02-17,9339
1463,強盛新,7,0,7,華南永昌-竹北,2023-02-17,9339
2745,五福,6,0,6,華南永昌-竹北,2023-02-17,9339
8358,金居,7,1,6,華南永昌-竹北,2023-02-17,9339
00885,富邦越南,6,0,6,華南永昌-竹北,2023-02-17,9339
1514,亞力,6,0,6,華南永昌-竹北,2023-02-17,9339
3289,宜特,6,0,6,華南永昌-竹北,2023-02-17,9339
4541,晟田,6,0,6,華南永昌-竹北,2023-02-17,9339
8050,廣積,6,0,6,華南永昌-竹北,2023-02-17,9339
2330,台積電,5,0,5,華南永昌-竹北,2023-02-17,9339
6282,康舒,6,1,5,華南永昌-竹北,2023-02-17,9339
2340,台亞,5,0,5,華南永昌-竹北,2023-02-17,9339
2547,日勝生,5,0,5,華南永昌-竹北,2023-02-17,9339
3691,碩禾,5,0,5,華南永昌-竹北,2023-02-17,9339
8933,愛地雅,5,0,5,華南永昌-竹北,2023-02-17,9339
00903,富邦元宇宙,5,0,5,華南永昌-竹北,2023-02-17,9339
2201,裕隆,31,27,4,華南永昌-竹北,2023-02-17,9339
00772B,中信高評級公司債,3,0,3,華南永昌-竹北,2023-02-17,9339
3022,威強電,3,0,3,華南永昌-竹北,2023-02-17,9339
3481,群創,21,18,3,華南永昌-竹北,2023-02-17,9339
3704,合勤控,5,2,3,華南永昌-竹北,2023-02-17,9339
4919,新唐,36,33,3,華南永昌-竹北,2023-02-17,9339
6245,立端,3,0,3,華南永昌-竹北,2023-02-17,9339
00885,富邦越南,600,0,600,華南永昌-竹北,2023-02-20,9339
2369,菱生,200,0,200,華南永昌-竹北,2023-02-20,9339
00632R,元大台灣50反1,150,0,150,華南永昌-竹北,2023-02-20,9339
00637L,元大滬深300正2,180,80,100,華南永昌-竹北,2023-02-20,9339
2208,台船,103,4,99,華南永昌-竹北,2023-02-20,9339
3037,欣興,75,0,75,華南永昌-竹北,2023-02-20,9339
6541,泰福-KY,158,89,69,華南永昌-竹北,2023-02-20,9339
1701,中化,58,0,58,華南永昌-竹北,2023-02-20,9339
1503,士電,71,16,55,華南永昌-竹北,2023-02-20,9339
4908,前鼎,51,0,51,華南永昌-竹北,2023-02-20,9339
2890,永豐金,51,0,51,華南永昌-竹北,2023-02-20,9339
00878,國泰永續高股息,50,1,49,華南永昌-竹北,2023-02-20,9339
6235,華孚,78,30,48,華南永昌-竹北,2023-02-20,9339
6139,亞翔,30,0,30,華南永昌-竹北,2023-02-20,9339
4919,新唐,43,13,30,華南永昌-竹北,2023-02-20,9339
6143,振曜,30,3,27,華南永昌-竹北,2023-02-20,9339
2409,友達,26,1,25,華南永昌-竹北,2023-02-20,9339
3048,益登,25,0,25,華南永昌-竹北,2023-02-20,9339
3090,日電貿,20,0,20,華南永昌-竹北,2023-02-20,9339
6461,益得,20,0,20,華南永昌-竹北,2023-02-20,9339
8112,至上,20,0,20,華南永昌-竹北,2023-02-20,9339
2324,仁寶,20,1,19,華南永昌-竹北,2023-02-20,9339
2453,凌群,22,3,19,華南永昌-竹北,2023-02-20,9339
4763,材料-KY,27,9,18,華南永昌-竹北,2023-02-20,9339
2027,大成鋼,22,5,17,華南永昌-竹北,2023-02-20,9339
4564,元翎,16,0,16,華南永昌-竹北,2023-02-20,9339
2546,根基,15,0,15,華南永昌-竹北,2023-02-20,9339
2610,華航,75,60,15,華南永昌-竹北,2023-02-20,9339
2636,台驊控股,15,0,15,華南永昌-竹北,2023-02-20,9339
3003,健和興,14,0,14,華南永昌-竹北,2023-02-20,9339
2702,華園,22,9,13,華南永昌-竹北,2023-02-20,9339
6104,創惟,33,20,13,華南永昌-竹北,2023-02-20,9339
3293,鈊象,12,0,12,華南永昌-竹北,2023-02-20,9339
5353,台林,12,0,12,華南永昌-竹北,2023-02-20,9339
00712,復華富時不動產,11,0,11,華南永昌-竹北,2023-02-20,9339
0050,元大台灣50,11,0,11,華南永昌-竹北,2023-02-20,9339
1514,亞力,11,0,11,華南永昌-竹北,2023-02-20,9339
3362,先進光,10,0,10,華南永昌-竹北,2023-02-20,9339
3532,台勝科,20,10,10,華南永昌-竹北,2023-02-20,9339
3545,敦泰,10,0,10,華南永昌-竹北,2023-02-20,9339
4129,聯合,10,0,10,華南永昌-竹北,2023-02-20,9339
6488,環球晶,10,0,10,華南永昌-竹北,2023-02-20,9339
3169,亞信,10,1,9,華南永昌-竹北,2023-02-20,9339
6829,千附精密,9,0,9,華南永昌-竹北,2023-02-20,9339
8183,精星,10,1,9,華南永昌-竹北,2023-02-20,9339
00720B,元大投資級公司債,8,0,8,華南永昌-竹北,2023-02-20,9339
2349,錸德,10,2,8,華南永昌-竹北,2023-02-20,9339
3675,德微,22,14,8,華南永昌-竹北,2023-02-20,9339
6109,亞元,8,0,8,華南永昌-竹北,2023-02-20,9339
00715L,期街口布蘭特正2,7,0,7,華南永昌-竹北,2023-02-20,9339
8234,新漢,290,66,224,華南永昌-竹北,2023-02-21,9339
8936,國統,224,4,220,華南永昌-竹北,2023-02-21,9339
00632R,元大台灣50反1,168,5,163,華南永昌-竹北,2023-02-21,9339
6531,愛普*,196,59,137,華南永昌-竹北,2023-02-21,9339
6235,華孚,85,15,70,華南永昌-竹北,2023-02-21,9339
6541,泰福-KY,90,20,70,華南永昌-竹北,2023-02-21,9339
00751B,元大AAA至A公司債,47,0,47,華南永昌-竹北,2023-02-21,9339
3037,欣興,46,5,41,華南永昌-竹北,2023-02-21,9339
6461,益得,40,0,40,華南永昌-竹北,2023-02-21,9339
2884,玉山金,95,57,38,華南永昌-竹北,2023-02-21,9339
2449,京元電子,35,2,33,華南永昌-竹北,2023-02-21,9339
2369,菱生,30,0,30,華南永昌-竹北,2023-02-21,9339
4564,元翎,30,0,30,華南永昌-竹北,2023-02-21,9339
6188,廣明,30,0,30,華南永昌-竹北,2023-02-21,9339
6509,聚和,31,1,30,華南永昌-竹北,2023-02-21,9339
00878,國泰永續高股息,28,0,28,華南永昌-竹北,2023-02-21,9339
3362,先進光,58,35,23,華南永昌-竹北,2023-02-21,9339
4908,前鼎,23,0,23,華南永昌-竹北,2023-02-21,9339
1784,訊聯,23,1,22,華南永昌-竹北,2023-02-21,9339
3481,群創,23,1,22,華南永昌-竹北,2023-02-21,9339
8016,矽創,24,2,22,華南永昌-竹北,2023-02-21,9339
8084,巨虹,21,0,21,華南永昌-竹北,2023-02-21,9339
1733,五鼎,21,0,21,華南永昌-竹北,2023-02-21,9339
1432,大魯閣,20,0,20,華南永昌-竹北,2023-02-21,9339
3141,晶宏,26,8,18,華南永昌-竹北,2023-02-21,9339
6129,普誠,28,10,18,華南永昌-竹北,2023-02-21,9339
1312,國喬,17,0,17,華南永昌-竹北,2023-02-21,9339
4977,眾達-KY,40,24,16,華南永昌-竹北,2023-02-21,9339
00772B,中信高評級公司債,15,0,15,華南永昌-竹北,2023-02-21,9339
1796,金穎生技,15,0,15,華南永昌-竹北,2023-02-21,9339
2739,寒舍,15,0,15,華南永昌-竹北,2023-02-21,9339
1584,精剛,13,0,13,華南永昌-竹北,2023-02-21,9339
5243,乙盛-KY,12,0,12,華南永昌-竹北,2023-02-21,9339
4961,天鈺,89,78,11,華南永昌-竹北,2023-02-21,9339
2609,陽明,12,1,11,華南永昌-竹北,2023-02-21,9339
4951,精拓科,11,0,11,華南永昌-竹北,2023-02-21,9339
8299,群聯,10,0,10,華南永昌-竹北,2023-02-21,9339
1108,幸福,10,0,10,華南永昌-竹北,2023-02-21,9339
1605,華新,72,62,10,華南永昌-竹北,2023-02-21,9339
2368,金像電,17,7,10,華南永昌-竹北,2023-02-21,9339
2486,一詮,10,0,10,華南永昌-竹北,2023-02-21,9339
3046,建��,16,6,10,華南永昌-竹北,2023-02-21,9339
3048,益登,10,0,10,華南永昌-竹北,2023-02-21,9339
6217,中探針,9,0,9,華南永昌-竹北,2023-02-21,9339
2208,台船,17,8,9,華南永昌-竹北,2023-02-21,9339
1314,中石化,10,2,8,華南永昌-竹北,2023-02-21,9339
3011,今皓,6,0,6,華南永昌-竹北,2023-02-21,9339
2313,華通,6,0,6,華南永昌-竹北,2023-02-21,9339
2702,華園,6,0,6,華南永昌-竹北,2023-02-21,9339
6288,聯嘉,20,14,6,華南永昌-竹北,2023-02-21,9339
2201,裕隆,83,16,67,華南永昌-竹北,2023-02-22,9339
6235,華孚,94,43,51,華南永昌-竹北,2023-02-22,9339
8016,矽創,59,14,45,華南永昌-竹北,2023-02-22,9339
6266,泰詠,40,0,40,華南永昌-竹北,2023-02-22,9339
1815,富喬,40,0,40,華南永昌-竹北,2023-02-22,9339
5210,寶碩,40,0,40,華南永昌-竹北,2023-02-22,9339
3628,盈正,34,0,34,華南永昌-竹北,2023-02-22,9339
6531,愛普*,51,17,34,華南永昌-竹北,2023-02-22,9339
2883,凱基金,32,0,32,華南永昌-竹北,2023-02-22,9339
00680L,元大美債20正2,29,0,29,華南永昌-竹北,2023-02-22,9339
00878,國泰永續高股息,98,70,28,華南永昌-竹北,2023-02-22,9339
2705,六福,28,0,28,華南永昌-竹北,2023-02-22,9339
3481,群創,36,11,25,華南永昌-竹北,2023-02-22,9339
00882,中信中國高股息,26,1,25,華南永昌-竹北,2023-02-22,9339
6509,聚和,55,30,25,華南永昌-竹北,2023-02-22,9339
6770,力積電,23,0,23,華南永昌-竹北,2023-02-22,9339
00751B,元大AAA至A公司債,21,0,21,華南永昌-竹北,2023-02-22,9339
2369,菱生,20,0,20,華南永昌-竹北,2023-02-22,9339
1519,華城,207,193,14,華南永昌-竹北,2023-02-22,9339
00720B,元大投資級公司債,14,2,12,華南永昌-竹北,2023-02-22,9339
3088,艾訊,12,0,12,華南永昌-竹北,2023-02-22,9339
0056,元大高股息,11,0,11,華南永昌-竹北,2023-02-22,9339
1513,中興電,37,26,11,華南永昌-竹北,2023-02-22,9339
2888,新光金,11,0,11,華南永昌-竹北,2023-02-22,9339
4979,華星光,11,0,11,華南永昌-竹北,2023-02-22,9339
6517,保勝光學,11,0,11,華南永昌-竹北,2023-02-22,9339
00772B,中信高評級公司債,10,0,10,華南永昌-竹北,2023-02-22,9339
1503,士電,11,1,10,華南永昌-竹北,2023-02-22,9339
6288,聯嘉,10,1,9,華南永昌-竹北,2023-02-22,9339
1701,中化,8,0,8,華南永昌-竹北,2023-02-22,9339
0050,元大台灣50,7,0,7,華南永昌-竹北,2023-02-22,9339
00679B,元大美債20年,7,0,7,華南永昌-竹北,2023-02-22,9339
1522,堤維西,7,0,7,華南永昌-竹北,2023-02-22,9339
3105,穩懋,16,9,7,華南永昌-竹北,2023-02-22,9339
8033,雷虎,12,5,7,華南永昌-竹北,2023-02-22,9339
5443,均豪,7,0,7,華南永昌-竹北,2023-02-22,9339
1101,台泥,7,1,6,華南永昌-竹北,2023-02-22,9339
1312,國喬,6,0,6,華南永昌-竹北,2023-02-22,9339
3289,宜特,9,3,6,華南永昌-竹北,2023-02-22,9339
3293,鈊象,6,0,6,華南永昌-竹北,2023-02-22,9339
5425,台半,37,31,6,華南永昌-竹北,2023-02-22,9339
6691,洋基工程,6,0,6,華南永昌-竹北,2023-02-22,9339
8222,寶一,19,13,6,華南永昌-竹北,2023-02-22,9339
9945,潤泰新,6,0,6,華南永昌-竹北,2023-02-22,9339
00902,中信電池及儲能,5,0,5,華南永昌-竹北,2023-02-22,9339
00690,兆豐藍籌30,5,0,5,華南永昌-竹北,2023-02-22,9339
00712,復華富時不動產,5,0,5,華南永昌-竹北,2023-02-22,9339
3019,亞光,5,0,5,華南永昌-竹北,2023-02-22,9339
4961,天鈺,72,67,5,華南永昌-竹北,2023-02-22,9339
2615,萬海,31,27,4,華南永昌-竹北,2023-02-22,9339
6188,廣明,323,41,282,華南永昌-竹北,2023-02-23,9339
2303,聯電,250,5,245,華南永昌-竹北,2023-02-23,9339
2618,長榮航,164,1,163,華南永昌-竹北,2023-02-23,9339
00878,國泰永續高股息,158,1,157,華南永昌-竹北,2023-02-23,9339
1217,愛之味,100,0,100,華南永昌-竹北,2023-02-23,9339
2369,菱生,110,20,90,華南永昌-竹北,2023-02-23,9339
6541,泰福-KY,68,0,68,華南永昌-竹北,2023-02-23,9339
6235,華孚,68,2,66,華南永昌-竹北,2023-02-23,9339
2231,為升,56,9,47,華南永昌-竹北,2023-02-23,9339
3058,立德,40,0,40,華南永昌-竹北,2023-02-23,9339
8234,新漢,125,87,38,華南永昌-竹北,2023-02-23,9339
1519,華城,89,52,37,華南永昌-竹北,2023-02-23,9339
6531,愛普*,55,21,34,華南永昌-竹北,2023-02-23,9339
00715L,期街口布蘭特正2,30,0,30,華南永昌-竹北,2023-02-23,9339
6175,立敦,28,0,28,華南永昌-竹北,2023-02-23,9339
2615,萬海,25,4,21,華南永昌-竹北,2023-02-23,9339
1503,士電,20,0,20,華南永昌-竹北,2023-02-23,9339
2352,佳世達,25,5,20,華南永昌-竹北,2023-02-23,9339
3454,晶睿,20,0,20,華南永昌-竹北,2023-02-23,9339
4167,松瑞藥,20,0,20,華南永昌-竹北,2023-02-23,9339
2455,全新,18,0,18,華南永昌-竹北,2023-02-23,9339
3406,玉晶光,25,8,17,華南永昌-竹北,2023-02-23,9339
2338,光罩,16,0,16,華南永昌-竹北,2023-02-23,9339
2834,臺企銀,23,8,15,華南永昌-竹北,2023-02-23,9339
2436,偉詮電,16,2,14,華南永昌-竹北,2023-02-23,9339
3162,精確,14,0,14,華南永昌-竹北,2023-02-23,9339
3228,金麗科,14,0,14,華南永昌-竹北,2023-02-23,9339
8033,雷虎,15,2,13,華南永昌-竹北,2023-02-23,9339
6594,展匯科,12,0,12,華南永昌-竹北,2023-02-23,9339
1609,大亞,11,0,11,華南永昌-竹北,2023-02-23,9339
00664R,國泰臺灣加權反1,10,0,10,華南永昌-竹北,2023-02-23,9339
6015,宏遠證,10,0,10,華南永昌-竹北,2023-02-23,9339
4743,合一,8,0,8,華南永昌-竹北,2023-02-23,9339
2612,中航,10,2,8,華南永昌-竹北,2023-02-23,9339
1605,華新,15,8,7,華南永昌-竹北,2023-02-23,9339
1441,大東,7,0,7,華南永昌-竹北,2023-02-23,9339
2611,志信,8,1,7,華南永昌-竹北,2023-02-23,9339
3380,明泰,7,0,7,華南永昌-竹北,2023-02-23,9339
6789,采鈺,7,0,7,華南永昌-竹北,2023-02-23,9339
00669R,國泰美國道瓊反1,6,0,6,華南永昌-竹北,2023-02-23,9339
2387,精元,6,0,6,華南永昌-竹北,2023-02-23,9339
6138,茂達,26,21,5,華南永昌-竹北,2023-02-23,9339
4729,熒茂,5,0,5,華南永昌-竹北,2023-02-23,9339
2328,廣宇,5,0,5,華南永昌-竹北,2023-02-23,9339
2613,中櫃,6,1,5,華南永昌-竹北,2023-02-23,9339
3041,揚智,5,0,5,華南永昌-竹北,2023-02-23,9339
5905,南仁湖,7,2,5,華南永昌-竹北,2023-02-23,9339
6282,康舒,6,1,5,華南永昌-竹北,2023-02-23,9339
6509,聚和,5,0,5,華南永昌-竹北,2023-02-23,9339
6776,展�眥篕�,5,0,5,華南永昌-竹北,2023-02-23,9339
00637L,元大滬深300正2,280,0,280,華南永昌-竹北,2023-02-24,9339
6188,廣明,176,0,176,華南永昌-竹北,2023-02-24,9339
6531,愛普*,138,38,100,華南永昌-竹北,2023-02-24,9339
4968,立積,107,10,97,華南永昌-竹北,2023-02-24,9339
8234,新漢,87,26,61,華南永昌-竹北,2023-02-24,9339
6217,中探針,55,0,55,華南永昌-竹北,2023-02-24,9339
00725B,國泰投資級公司債,41,0,41,華南永昌-竹北,2023-02-24,9339
5512,力麒,41,1,40,華南永昌-竹北,2023-02-24,9339
6175,立敦,31,0,31,華南永昌-竹北,2023-02-24,9339
6770,力積電,31,0,31,華南永昌-竹北,2023-02-24,9339
1503,士電,30,0,30,華南永昌-竹北,2023-02-24,9339
6174,安��,27,0,27,華南永昌-竹北,2023-02-24,9339
1605,華新,104,80,24,華南永昌-竹北,2023-02-24,9339
4128,中天,23,0,23,華南永昌-竹北,2023-02-24,9339
1303,南亞,20,0,20,華南永昌-竹北,2023-02-24,9339
1218,泰山,20,0,20,華南永昌-竹北,2023-02-24,9339
2618,長榮航,36,16,20,華南永昌-竹北,2023-02-24,9339
2388,威盛,57,38,19,華南永昌-竹北,2023-02-24,9339
2353,宏��,16,0,16,華南永昌-竹北,2023-02-24,9339
3056,富華新,15,0,15,華南永昌-竹北,2023-02-24,9339
6605,帝寶,15,0,15,華南永昌-竹北,2023-02-24,9339
0056,元大高股息,14,0,14,華南永昌-竹北,2023-02-24,9339
2883,凱基金,12,0,12,華南永昌-竹北,2023-02-24,9339
2317,鴻海,101,90,11,華南永昌-竹北,2023-02-24,9339
3163,波若威,12,1,11,華南永昌-竹北,2023-02-24,9339
3491,昇達科,14,3,11,華南永昌-竹北,2023-02-24,9339
3684,榮昌,11,0,11,華南永昌-竹北,2023-02-24,9339
1589,永冠-KY,10,0,10,華南永昌-竹北,2023-02-24,9339
1904,正隆,10,0,10,華南永昌-竹北,2023-02-24,9339
1907,永豐餘,10,0,10,華南永昌-竹北,2023-02-24,9339
3036,文曄,10,0,10,華南永昌-竹北,2023-02-24,9339
4958,臻鼎-KY,10,0,10,華南永昌-竹北,2023-02-24,9339
4960,誠美材,10,0,10,華南永昌-竹北,2023-02-24,9339
6015,宏遠證,10,0,10,華南永昌-竹北,2023-02-24,9339
6509,聚和,20,10,10,華南永昌-竹北,2023-02-24,9339
6517,保勝光學,10,0,10,華南永昌-竹北,2023-02-24,9339
8088,品安,10,0,10,華南永昌-竹北,2023-02-24,9339
1796,金穎生技,9,0,9,華南永昌-竹北,2023-02-24,9339
2103,台橡,10,1,9,華南永昌-竹北,2023-02-24,9339
5457,宣德,9,0,9,華南永昌-竹北,2023-02-24,9339
6142,友勁,9,1,8,華南永昌-竹北,2023-02-24,9339
3481,群創,10,2,8,華南永昌-竹北,2023-02-24,9339
3535,晶彩科,8,0,8,華南永昌-竹北,2023-02-24,9339
4915,致伸,14,6,8,華南永昌-竹北,2023-02-24,9339
3035,智原,47,40,7,華南永昌-竹北,2023-02-24,9339
3141,晶宏,7,0,7,華南永昌-竹北,2023-02-24,9339
4979,華星光,7,0,7,華南永昌-竹北,2023-02-24,9339
6569,醫揚,7,0,7,華南永昌-竹北,2023-02-24,9339
2305,全友,7,0,7,華南永昌-竹北,2023-02-24,9339
2739,寒舍,21,15,6,華南永昌-竹北,2023-02-24,9339
00878,國泰永續高股息,160,0,160,華南永昌-竹北,2023-03-01,9339
4432,銘旺實,51,0,51,華南永昌-竹北,2023-03-01,9339
3664,安瑞-KY,41,0,41,華南永昌-竹北,2023-03-01,9339
8996,高力,52,12,40,華南永昌-竹北,2023-03-01,9339
6205,詮欣,37,0,37,華南永昌-竹北,2023-03-01,9339
2388,威盛,53,17,36,華南永昌-竹北,2023-03-01,9339
6509,聚和,35,0,35,華南永昌-竹北,2023-03-01,9339
8234,新漢,37,3,34,華南永昌-竹北,2023-03-01,9339
8069,元太,49,17,32,華南永昌-竹北,2023-03-01,9339
00632R,元大台灣50反1,30,0,30,華南永昌-竹北,2023-03-01,9339
1589,永冠-KY,31,3,28,華南永昌-竹北,2023-03-01,9339
3481,群創,29,1,28,華南永昌-竹北,2023-03-01,9339
1503,士電,27,2,25,華南永昌-竹北,2023-03-01,9339
6235,華孚,34,9,25,華南永昌-竹北,2023-03-01,9339
6527,明達醫,22,0,22,華南永昌-竹北,2023-03-01,9339
00713,元大台灣高息低波,21,0,21,華南永昌-竹北,2023-03-01,9339
6770,力積電,21,0,21,華南永昌-竹北,2023-03-01,9339
1434,福懋,20,0,20,華南永昌-竹北,2023-03-01,9339
5009,榮剛,102,82,20,華南永昌-竹北,2023-03-01,9339
2884,玉山金,17,0,17,華南永昌-竹北,2023-03-01,9339
2014,中鴻,43,26,17,華南永昌-竹北,2023-03-01,9339
5608,四維航,145,128,17,華南永昌-竹北,2023-03-01,9339
3209,全科,16,1,15,華南永昌-竹北,2023-03-01,9339
3596,智易,15,0,15,華南永昌-竹北,2023-03-01,9339
2915,潤泰全,15,1,14,華南永昌-竹北,2023-03-01,9339
00772B,中信高評級公司債,13,0,13,華南永昌-竹北,2023-03-01,9339
1605,華新,90,78,12,華南永昌-竹北,2023-03-01,9339
00773B,中信優先金融債,11,0,11,華南永昌-竹北,2023-03-01,9339
3628,盈正,11,0,11,華南永昌-竹北,2023-03-01,9339
00712,復華富時不動產,10,0,10,華南永昌-竹北,2023-03-01,9339
1591,駿吉-KY,10,0,10,華南永昌-竹北,2023-03-01,9339
2498,宏達電,12,2,10,華南永昌-竹北,2023-03-01,9339
3703,欣陸,10,0,10,華南永昌-竹北,2023-03-01,9339
4979,華星光,10,0,10,華南永昌-竹北,2023-03-01,9339
2739,寒舍,10,1,9,華南永昌-竹北,2023-03-01,9339
2834,臺企銀,10,1,9,華南永昌-竹北,2023-03-01,9339
2880,華南金,9,0,9,華南永昌-竹北,2023-03-01,9339
3532,台勝科,9,0,9,華南永昌-竹北,2023-03-01,9339
00679B,元大美債20年,8,0,8,華南永昌-竹北,2023-03-01,9339
3707,漢磊,11,3,8,華南永昌-竹北,2023-03-01,9339
00720B,元大投資級公司債,7,0,7,華南永昌-竹北,2023-03-01,9339
3035,智原,17,10,7,華南永昌-竹北,2023-03-01,9339
1101,台泥,31,24,7,華南永昌-竹北,2023-03-01,9339
2617,台航,9,2,7,華南永昌-竹北,2023-03-01,9339
2882,國泰金,6,0,6,華南永昌-竹北,2023-03-01,9339
3029,零壹,11,5,6,華南永昌-竹北,2023-03-01,9339
8938,明安,17,11,6,華南永昌-竹北,2023-03-01,9339
2467,志聖,5,0,5,華南永昌-竹北,2023-03-01,9339
2231,為升,5,0,5,華南永昌-竹北,2023-03-01,9339
1796,金穎生技,5,0,5,華南永昌-竹北,2023-03-01,9339
3652,精聯,76,6,70,華南永昌-竹北,2023-03-02,9339
8996,高力,51,2,49,華南永昌-竹北,2023-03-02,9339
00878,國泰永續高股息,60,12,48,華南永昌-竹北,2023-03-02,9339
2884,玉山金,47,0,47,華南永昌-竹北,2023-03-02,9339
3027,盛達,102,61,41,華南永昌-竹北,2023-03-02,9339
1342,八貫,38,0,38,華南永昌-竹北,2023-03-02,9339
2201,裕隆,42,10,32,華南永昌-竹北,2023-03-02,9339
0056,元大高股息,32,5,27,華南永昌-竹北,2023-03-02,9339
4961,天鈺,50,25,25,華南永昌-竹北,2023-03-02,9339
6461,益得,25,0,25,華南永昌-竹北,2023-03-02,9339
6257,矽格,15,0,15,華南永昌-竹北,2023-03-02,9339
4968,立積,15,0,15,華南永昌-竹北,2023-03-02,9339
6531,愛普*,47,32,15,華南永昌-竹北,2023-03-02,9339
1609,大亞,15,1,14,華南永昌-竹北,2023-03-02,9339
2344,華邦電,47,33,14,華南永昌-竹北,2023-03-02,9339
2601,益航,16,2,14,華南永昌-竹北,2023-03-02,9339
3209,全科,14,0,14,華南永昌-竹北,2023-03-02,9339
6142,友勁,17,4,13,華南永昌-竹北,2023-03-02,9339
5315,光聯,13,0,13,華南永昌-竹北,2023-03-02,9339
2436,偉詮電,21,9,12,華南永昌-竹北,2023-03-02,9339
4536,拓凱,11,0,11,華南永昌-竹北,2023-03-02,9339
6841,長佳智能,12,1,11,華南永昌-竹北,2023-03-02,9339
2606,裕民,13,3,10,華南永昌-竹北,2023-03-02,9339
2371,大同,10,0,10,華南永昌-竹北,2023-03-02,9339
00751B,元大AAA至A公司債,10,0,10,華南永昌-竹北,2023-03-02,9339
1589,永冠-KY,10,0,10,華南永昌-竹北,2023-03-02,9339
1712,興農,10,0,10,華南永昌-竹北,2023-03-02,9339
1720,生達,10,0,10,華南永昌-竹北,2023-03-02,9339
2637,慧洋-KY,10,0,10,華南永昌-竹北,2023-03-02,9339
3047,訊舟,10,0,10,華南永昌-竹北,2023-03-02,9339
3628,盈正,10,0,10,華南永昌-竹北,2023-03-02,9339
4763,材料-KY,16,6,10,華南永昌-竹北,2023-03-02,9339
2834,臺企銀,10,1,9,華南永昌-竹北,2023-03-02,9339
00712,復華富時不動產,8,0,8,華南永昌-竹北,2023-03-02,9339
1101,台泥,8,0,8,華南永昌-竹北,2023-03-02,9339
2303,聯電,12,4,8,華南永昌-竹北,2023-03-02,9339
1796,金穎生技,7,0,7,華南永昌-竹北,2023-03-02,9339
2388,威盛,31,24,7,華南永昌-竹北,2023-03-02,9339
2615,萬海,20,13,7,華南永昌-竹北,2023-03-02,9339
5302,太欣,7,0,7,華南永昌-竹北,2023-03-02,9339
6517,保勝光學,7,0,7,華南永昌-竹北,2023-03-02,9339
00772B,中信高評級公司債,6,0,6,華南永昌-竹北,2023-03-02,9339
3037,欣興,50,44,6,華南永昌-竹北,2023-03-02,9339
00885,富邦越南,6,0,6,華南永昌-竹北,2023-03-02,9339
6417,韋僑,8,2,6,華南永昌-竹北,2023-03-02,9339
8155,博智,6,0,6,華南永昌-竹北,2023-03-02,9339
3563,牧德,5,0,5,華南永昌-竹北,2023-03-02,9339
00680L,元大美債20正2,5,0,5,華南永昌-竹北,2023-03-02,9339
1802,台玻,5,0,5,華南永昌-竹北,2023-03-02,9339
1815,富喬,5,0,5,華南永昌-竹北,2023-03-02,9339
00637L,元大滬深300正2,240,20,220,華南永昌-竹北,2023-03-03,9339
6509,聚和,145,0,145,華南永昌-竹北,2023-03-03,9339
2449,京元電子,129,5,124,華南永昌-竹北,2023-03-03,9339
3362,先進光,115,10,105,華南永昌-竹北,2023-03-03,9339
3652,精聯,114,12,102,華南永昌-竹北,2023-03-03,9339
1605,華新,100,28,72,華南永昌-竹北,2023-03-03,9339
3049,精金,50,0,50,華南永昌-竹北,2023-03-03,9339
4167,松瑞藥,50,0,50,華南永昌-竹北,2023-03-03,9339
1720,生達,40,0,40,華南永昌-竹北,2023-03-03,9339
00679B,元大美債20年,39,0,39,華南永昌-竹北,2023-03-03,9339
4763,材料-KY,41,5,36,華南永昌-竹北,2023-03-03,9339
4968,立積,37,2,35,華南永昌-竹北,2023-03-03,9339
3479,安勤,34,0,34,華南永昌-竹北,2023-03-03,9339
2472,立隆電,30,0,30,華南永昌-竹北,2023-03-03,9339
6531,愛普*,42,15,27,華南永昌-竹北,2023-03-03,9339
4726,永昕,26,0,26,華南永昌-竹北,2023-03-03,9339
2317,鴻海,170,145,25,華南永昌-竹北,2023-03-03,9339
6175,立敦,22,0,22,華南永昌-竹北,2023-03-03,9339
2892,第一金,22,0,22,華南永昌-竹北,2023-03-03,9339
6865,偉康科技,21,0,21,華南永昌-竹北,2023-03-03,9339
1701,中化,22,2,20,華南永昌-竹北,2023-03-03,9339
5434,崇越,20,0,20,華南永昌-竹北,2023-03-03,9339
3481,群創,25,6,19,華南永昌-竹北,2023-03-03,9339
2926,誠品生活,19,0,19,華南永昌-竹北,2023-03-03,9339
6188,廣明,18,1,17,華南永昌-竹北,2023-03-03,9339
6517,保勝光學,15,0,15,華南永昌-竹北,2023-03-03,9339
4432,銘旺實,20,5,15,華南永昌-竹北,2023-03-03,9339
2610,華航,15,1,14,華南永昌-竹北,2023-03-03,9339
00751B,元大AAA至A公司債,13,0,13,華南永昌-竹北,2023-03-03,9339
1503,士電,14,1,13,華南永昌-竹北,2023-03-03,9339
3545,敦泰,13,0,13,華南永昌-竹北,2023-03-03,9339
8924,大田,15,2,13,華南永昌-竹北,2023-03-03,9339
3443,創意,17,5,12,華南永昌-竹北,2023-03-03,9339
00680L,元大美債20正2,12,0,12,華南永昌-竹北,2023-03-03,9339
3016,嘉晶,11,0,11,華南永昌-竹北,2023-03-03,9339
3625,西勝,10,0,10,華南永昌-竹北,2023-03-03,9339
00664R,國泰臺灣加權反1,10,0,10,華南永昌-竹北,2023-03-03,9339
2612,中航,10,0,10,華南永昌-竹北,2023-03-03,9339
6139,亞翔,10,0,10,華南永昌-竹北,2023-03-03,9339
6279,胡連,10,0,10,華南永昌-竹北,2023-03-03,9339
3169,亞信,13,3,10,華南永昌-竹北,2023-03-03,9339
4114,健喬,36,26,10,華南永昌-竹北,2023-03-03,9339
6443,元晶,10,1,9,華南永昌-竹北,2023-03-03,9339
3454,晶睿,22,13,9,華南永昌-竹北,2023-03-03,9339
00773B,中信優先金融債,8,0,8,華南永昌-竹北,2023-03-03,9339
2852,第一保,8,0,8,華南永昌-竹北,2023-03-03,9339
3680,家登,10,2,8,華南永昌-竹北,2023-03-03,9339
6142,友勁,8,0,8,華南永昌-竹北,2023-03-03,9339
1752,南光,37,30,7,華南永昌-竹北,2023-03-03,9339
3675,德微,24,17,7,華南永昌-竹北,2023-03-03,9339
2486,一詮,336,5,331,華南永昌-竹北,2023-03-06,9339
00637L,元大滬深300正2,220,0,220,華南永昌-竹北,2023-03-06,9339
00900,富邦特選高股息30,200,0,200,華南永昌-竹北,2023-03-06,9339
2303,聯電,202,8,194,華南永昌-竹北,2023-03-06,9339
2603,長榮,212,22,190,華南永昌-竹北,2023-03-06,9339
3037,欣興,174,20,154,華南永昌-竹北,2023-03-06,9339
2812,台中銀,101,0,101,華南永昌-竹北,2023-03-06,9339
8927,北基,59,1,58,華南永昌-竹北,2023-03-06,9339
6706,惠特,55,0,55,華南永昌-竹北,2023-03-06,9339
3682,亞太電,54,0,54,華南永昌-竹北,2023-03-06,9339
00701,國泰股利精選30,51,0,51,華南永昌-竹北,2023-03-06,9339
3591,艾笛森,50,0,50,華南永昌-竹北,2023-03-06,9339
8234,新漢,48,0,48,華南永昌-竹北,2023-03-06,9339
3034,聯詠,46,2,44,華南永昌-竹北,2023-03-06,9339
3362,先進光,64,20,44,華南永昌-竹北,2023-03-06,9339
3652,精聯,44,4,40,華南永昌-竹北,2023-03-06,9339
3592,瑞鼎,40,0,40,華南永昌-竹北,2023-03-06,9339
2313,華通,39,0,39,華南永昌-竹北,2023-03-06,9339
0056,元大高股息,44,11,33,華南永昌-竹北,2023-03-06,9339
6104,創惟,44,12,32,華南永昌-竹北,2023-03-06,9339
4127,天良,31,0,31,華南永昌-竹北,2023-03-06,9339
2630,亞航,29,0,29,華南永昌-竹北,2023-03-06,9339
6188,廣明,30,2,28,華南永昌-竹北,2023-03-06,9339
4503,金雨,25,0,25,華南永昌-竹北,2023-03-06,9339
1519,華城,52,28,24,華南永昌-竹北,2023-03-06,9339
00878,國泰永續高股息,42,21,21,華南永昌-竹北,2023-03-06,9339
3443,創意,24,4,20,華南永昌-竹北,2023-03-06,9339
00673R,期元大S＆P原油反1,20,0,20,華南永昌-竹北,2023-03-06,9339
2615,萬海,32,12,20,華南永昌-竹北,2023-03-06,9339
3050,鈺德,20,0,20,華南永昌-竹北,2023-03-06,9339
5351,鈺創,20,1,19,華南永昌-竹北,2023-03-06,9339
6435,大中,18,0,18,華南永昌-竹北,2023-03-06,9339
00712,復華富時不動產,18,0,18,華南永昌-竹北,2023-03-06,9339
6231,系微,22,4,18,華南永昌-竹北,2023-03-06,9339
3141,晶宏,27,11,16,華南永昌-竹北,2023-03-06,9339
8924,大田,15,0,15,華南永昌-竹北,2023-03-06,9339
2383,台光電,14,0,14,華南永昌-竹北,2023-03-06,9339
2405,輔信,14,0,14,華南永昌-竹北,2023-03-06,9339
00680L,元大美債20正2,13,0,13,華南永昌-竹北,2023-03-06,9339
6161,捷波,12,0,12,華南永昌-竹北,2023-03-06,9339
1605,華新,24,14,10,華南永昌-竹北,2023-03-06,9339
6594,展匯科,10,0,10,華南永昌-竹北,2023-03-06,9339
00679B,元大美債20年,10,0,10,華南永昌-竹北,2023-03-06,9339
3703,欣陸,10,0,10,華南永昌-竹北,2023-03-06,9339
00665L,富邦�琤肭磪囓�2,10,0,10,華南永昌-竹北,2023-03-06,9339
00753L,中信中國50正2,10,0,10,華南永昌-竹北,2023-03-06,9339
2352,佳世達,20,10,10,華南永昌-竹北,2023-03-06,9339
2388,威盛,29,19,10,華南永昌-竹北,2023-03-06,9339
2883,凱基金,10,0,10,華南永昌-竹北,2023-03-06,9339
3289,宜特,13,3,10,華南永昌-竹北,2023-03-06,9339
3591,艾笛森,130,0,130,華南永昌-竹北,2023-03-07,9339
00673R,期元大S＆P原油反1,85,0,85,華南永昌-竹北,2023-03-07,9339
3630,新鉅科,60,15,45,華南永昌-竹北,2023-03-07,9339
3035,智原,60,16,44,華南永昌-竹北,2023-03-07,9339
3265,台星科,40,0,40,華南永昌-竹北,2023-03-07,9339
3362,先進光,48,11,37,華南永昌-竹北,2023-03-07,9339
4503,金雨,35,0,35,華南永昌-竹北,2023-03-07,9339
5876,上海商銀,29,0,29,華南永昌-竹北,2023-03-07,9339
3682,亞太電,24,0,24,華南永昌-竹北,2023-03-07,9339
6548,長科*,26,5,21,華南永昌-竹北,2023-03-07,9339
3652,精聯,30,10,20,華南永昌-竹北,2023-03-07,9339
6015,宏遠證,20,0,20,華南永昌-竹北,2023-03-07,9339
3022,威強電,19,0,19,華南永昌-竹北,2023-03-07,9339
6417,韋僑,15,0,15,華南永昌-竹北,2023-03-07,9339
1438,三地開發,14,0,14,華南永昌-竹北,2023-03-07,9339
1605,華新,92,78,14,華南永昌-竹北,2023-03-07,9339
8171,天宇,13,0,13,華南永昌-竹北,2023-03-07,9339
6435,大中,13,0,13,華南永昌-竹北,2023-03-07,9339
6104,創惟,19,7,12,華南永昌-竹北,2023-03-07,9339
6136,富爾特,11,0,11,華南永昌-竹北,2023-03-07,9339
1101,台泥,11,1,10,華南永昌-竹北,2023-03-07,9339
6142,友勁,10,0,10,華南永昌-竹北,2023-03-07,9339
6026,福邦證,10,0,10,華南永昌-竹北,2023-03-07,9339
1301,台塑,10,0,10,華南永昌-竹北,2023-03-07,9339
00903,富邦元宇宙,10,0,10,華南永昌-竹北,2023-03-07,9339
00715L,期街口布蘭特正2,10,0,10,華南永昌-竹北,2023-03-07,9339
9907,統一實,11,1,10,華南永昌-竹北,2023-03-07,9339
0050,元大台灣50,10,1,9,華南永昌-竹北,2023-03-07,9339
1710,東聯,13,4,9,華南永昌-竹北,2023-03-07,9339
1784,訊聯,9,0,9,華南永昌-竹北,2023-03-07,9339
3675,德微,9,0,9,華南永昌-竹北,2023-03-07,9339
3479,安勤,9,1,8,華南永昌-竹北,2023-03-07,9339
6672,騰輝電子-KY,8,0,8,華南永昌-竹北,2023-03-07,9339
6706,惠特,8,0,8,華南永昌-竹北,2023-03-07,9339
6865,偉康科技,9,1,8,華南永昌-竹北,2023-03-07,9339
2888,新光金,7,0,7,華南永昌-竹北,2023-03-07,9339
6806,森崴能源,12,5,7,華南永昌-竹北,2023-03-07,9339
3481,群創,20,13,7,華南永昌-竹北,2023-03-07,9339
2883,凱基金,6,0,6,華南永昌-竹北,2023-03-07,9339
1218,泰山,6,0,6,華南永昌-竹北,2023-03-07,9339
2406,國碩,6,0,6,華南永昌-竹北,2023-03-07,9339
6133,金橋,6,0,6,華南永昌-竹北,2023-03-07,9339
6282,康舒,26,20,6,華南永昌-竹北,2023-03-07,9339
8150,南茂,6,0,6,華南永昌-竹北,2023-03-07,9339
3684,榮昌,6,0,6,華南永昌-竹北,2023-03-07,9339
2520,冠德,5,0,5,華南永昌-竹北,2023-03-07,9339
2852,第一保,5,0,5,華南永昌-竹北,2023-03-07,9339
3454,晶睿,27,22,5,華南永昌-竹北,2023-03-07,9339
4721,美琪瑪,5,0,5,華南永昌-竹北,2023-03-07,9339
5243,乙盛-KY,5,0,5,華南永昌-竹北,2023-03-07,9339
3591,艾笛森,295,9,286,華南永昌-竹北,2023-03-08,9339
00633L,富邦上証正2,181,0,181,華南永昌-竹北,2023-03-08,9339
1605,華新,172,64,108,華南永昌-竹北,2023-03-08,9339
2303,聯電,100,6,94,華南永昌-竹北,2023-03-08,9339
3682,亞太電,85,0,85,華南永昌-竹北,2023-03-08,9339
6873,泓德能源,33,0,33,華南永昌-竹北,2023-03-08,9339
00632R,元大台灣50反1,30,0,30,華南永昌-竹北,2023-03-08,9339
6129,普誠,47,19,28,華南永昌-竹北,2023-03-08,9339
8069,元太,32,6,26,華南永昌-竹北,2023-03-08,9339
00637L,元大滬深300正2,65,45,20,華南永昌-竹北,2023-03-08,9339
1342,八貫,20,0,20,華南永昌-竹北,2023-03-08,9339
4915,致伸,20,0,20,華南永昌-竹北,2023-03-08,9339
1609,大亞,22,2,20,華南永昌-竹北,2023-03-08,9339
2615,萬海,33,15,18,華南永昌-竹北,2023-03-08,9339
3362,先進光,57,40,17,華南永昌-竹北,2023-03-08,9339
5876,上海商銀,16,0,16,華南永昌-竹北,2023-03-08,9339
3443,創意,22,6,16,華南永昌-竹北,2023-03-08,9339
8033,雷虎,18,2,16,華南永昌-竹北,2023-03-08,9339
00665L,富邦�琤肭磪囓�2,15,0,15,華南永昌-竹北,2023-03-08,9339
2498,宏達電,14,0,14,華南永昌-竹北,2023-03-08,9339
3034,聯詠,30,17,13,華南永昌-竹北,2023-03-08,9339
00882,中信中國高股息,12,0,12,華南永昌-竹北,2023-03-08,9339
3479,安勤,16,4,12,華南永昌-竹北,2023-03-08,9339
0050,元大台灣50,11,0,11,華南永昌-竹北,2023-03-08,9339
2603,長榮,11,0,11,華南永昌-竹北,2023-03-08,9339
6257,矽格,11,0,11,華南永昌-竹北,2023-03-08,9339
8163,達方,14,3,11,華南永昌-竹北,2023-03-08,9339
00919,群益台灣精選高息,10,0,10,華南永昌-竹北,2023-03-08,9339
00715L,期街口布蘭特正2,10,0,10,華南永昌-竹北,2023-03-08,9339
6139,亞翔,10,0,10,華南永昌-竹北,2023-03-08,9339
6142,友勁,10,0,10,華南永昌-竹北,2023-03-08,9339
6743,安普新,10,0,10,華南永昌-竹北,2023-03-08,9339
00878,國泰永續高股息,14,5,9,華南永昌-竹北,2023-03-08,9339
2201,裕隆,16,7,9,華南永昌-竹北,2023-03-08,9339
1504,東元,57,48,9,華南永昌-竹北,2023-03-08,9339
4952,凌通,10,1,9,華南永昌-竹北,2023-03-08,9339
6799,來頡,9,1,8,華南永昌-竹北,2023-03-08,9339
2317,鴻海,7,0,7,華南永昌-竹北,2023-03-08,9339
2634,漢翔,17,10,7,華南永昌-竹北,2023-03-08,9339
2883,凱基金,7,0,7,華南永昌-竹北,2023-03-08,9339
6104,創惟,16,9,7,華南永昌-竹北,2023-03-08,9339
6741,91APP*-KY,7,0,7,華南永昌-竹北,2023-03-08,9339
3013,晟銘電,6,0,6,華南永昌-竹北,2023-03-08,9339
3022,威強電,26,20,6,華南永昌-竹北,2023-03-08,9339
3441,聯一光,6,0,6,華南永昌-竹北,2023-03-08,9339
1597,直得,6,0,6,華南永昌-竹北,2023-03-08,9339
6578,達邦蛋白,5,0,5,華南永昌-竹北,2023-03-08,9339
6789,采鈺,5,0,5,華南永昌-竹北,2023-03-08,9339
2913,農林,5,0,5,華南永昌-竹北,2023-03-08,9339
3481,群創,7,2,5,華南永昌-竹北,2023-03-08,9339
7402,邑錡,240,0,240,華南永昌-竹北,2023-03-09,9339
00670L,富邦NASDAQ正2,73,0,73,華南永昌-竹北,2023-03-09,9339
8421,旭源,55,0,55,華南永昌-竹北,2023-03-09,9339
6217,中探針,53,0,53,華南永昌-竹北,2023-03-09,9339
8234,新漢,53,0,53,華南永昌-竹北,2023-03-09,9339
00633L,富邦上証正2,45,0,45,華南永昌-竹北,2023-03-09,9339
3673,TPK-KY,43,0,43,華南永昌-竹北,2023-03-09,9339
2313,華通,41,0,41,華南永昌-竹北,2023-03-09,9339
6188,廣明,42,1,41,華南永昌-竹北,2023-03-09,9339
5230,雷笛克光學,72,35,37,華南永昌-竹北,2023-03-09,9339
2610,華航,34,1,33,華南永昌-竹北,2023-03-09,9339
5371,中光電,35,5,30,華南永昌-竹北,2023-03-09,9339
00878,國泰永續高股息,24,0,24,華南永昌-竹北,2023-03-09,9339
3290,東浦,22,0,22,華南永昌-竹北,2023-03-09,9339
3591,艾笛森,27,7,20,華南永昌-竹北,2023-03-09,9339
1402,遠東新,20,0,20,華南永昌-竹北,2023-03-09,9339
3454,晶睿,26,7,19,華南永昌-竹北,2023-03-09,9339
2337,旺宏,18,1,17,華南永昌-竹北,2023-03-09,9339
2457,飛宏,42,25,17,華南永昌-竹北,2023-03-09,9339
6799,來頡,17,0,17,華南永昌-竹北,2023-03-09,9339
6290,良維,54,39,15,華南永昌-竹北,2023-03-09,9339
6202,盛群,20,5,15,華南永昌-竹北,2023-03-09,9339
00632R,元大台灣50反1,20,5,15,華南永昌-竹北,2023-03-09,9339
00715L,期街口布蘭特正2,15,0,15,華南永昌-竹北,2023-03-09,9339
3596,智易,15,0,15,華南永昌-竹北,2023-03-09,9339
4503,金雨,15,0,15,華南永昌-竹北,2023-03-09,9339
6443,元晶,30,15,15,華南永昌-竹北,2023-03-09,9339
8996,高力,15,0,15,華南永昌-竹北,2023-03-09,9339
6546,正基,15,1,14,華南永昌-竹北,2023-03-09,9339
2368,金像電,26,13,13,華南永昌-竹北,2023-03-09,9339
6129,普誠,41,28,13,華南永昌-竹北,2023-03-09,9339
3481,群創,19,7,12,華南永昌-竹北,2023-03-09,9339
2344,華邦電,32,20,12,華南永昌-竹北,2023-03-09,9339
2883,凱基金,12,0,12,華南永昌-竹北,2023-03-09,9339
00720B,元大投資級公司債,11,0,11,華南永昌-竹北,2023-03-09,9339
2486,一詮,21,10,11,華南永昌-竹北,2023-03-09,9339
3441,聯一光,11,0,11,華南永昌-竹北,2023-03-09,9339
6873,泓德能源,11,0,11,華南永昌-竹北,2023-03-09,9339
5272,笙科,20,10,10,華南永昌-竹北,2023-03-09,9339
00641R,富邦日本反1,10,0,10,華南永昌-竹北,2023-03-09,9339
2371,大同,11,1,10,華南永昌-竹北,2023-03-09,9339
2707,晶華,10,0,10,華南永昌-竹北,2023-03-09,9339
3652,精聯,11,1,10,華南永昌-竹北,2023-03-09,9339
5452,佶優,10,0,10,華南永昌-竹北,2023-03-09,9339
6568,宏觀,10,0,10,華南永昌-竹北,2023-03-09,9339
8936,國統,10,0,10,華南永昌-竹北,2023-03-09,9339
8033,雷虎,12,3,9,華南永昌-竹北,2023-03-09,9339
2359,所羅門,100,91,9,華南永昌-竹北,2023-03-09,9339
1231,聯華食,8,0,8,華南永昌-竹北,2023-03-09,9339
6282,康舒,47,39,8,華南永昌-竹北,2023-03-09,9339
2388,威盛,145,16,129,華南永昌-竹北,2023-03-10,9339
00878,國泰永續高股息,126,8,118,華南永昌-竹北,2023-03-10,9339
8421,旭源,109,0,109,華南永昌-竹北,2023-03-10,9339
2890,永豐金,107,0,107,華南永昌-竹北,2023-03-10,9339
7402,邑錡,122,42,80,華南永昌-竹北,2023-03-10,9339
00637L,元大滬深300正2,128,58,70,華南永昌-竹北,2023-03-10,9339
5371,中光電,44,0,44,華南永昌-竹北,2023-03-10,9339
6680,鑫創電子,41,0,41,華南永昌-竹北,2023-03-10,9339
2103,台橡,40,0,40,華南永昌-竹北,2023-03-10,9339
00882,中信中國高股息,32,0,32,華南永昌-竹北,2023-03-10,9339
2313,華通,35,3,32,華南永昌-竹北,2023-03-10,9339
3443,創意,28,2,26,華南永昌-竹北,2023-03-10,9339
8069,元太,46,20,26,華南永昌-竹北,2023-03-10,9339
2883,凱基金,25,0,25,華南永昌-竹北,2023-03-10,9339
2201,裕隆,62,38,24,華南永昌-竹北,2023-03-10,9339
00715L,期街口布蘭特正2,23,0,23,華南永昌-竹北,2023-03-10,9339
9945,潤泰新,22,0,22,華南永昌-竹北,2023-03-10,9339
3675,德微,42,20,22,華南永昌-竹北,2023-03-10,9339
8261,富鼎,20,0,20,華南永昌-竹北,2023-03-10,9339
1312,國喬,19,0,19,華南永昌-竹北,2023-03-10,9339
2618,長榮航,29,10,19,華南永昌-竹北,2023-03-10,9339
3591,艾笛森,46,27,19,華南永昌-竹北,2023-03-10,9339
4536,拓凱,17,0,17,華南永昌-竹北,2023-03-10,9339
3016,嘉晶,16,0,16,華南永昌-竹北,2023-03-10,9339
8924,大田,15,0,15,華南永昌-竹北,2023-03-10,9339
2402,毅嘉,15,0,15,華南永昌-竹北,2023-03-10,9339
1342,八貫,14,0,14,華南永昌-竹北,2023-03-10,9339
2427,三商電,21,8,13,華南永昌-竹北,2023-03-10,9339
2852,第一保,13,0,13,華南永昌-竹北,2023-03-10,9339
00712,復華富時不動產,12,0,12,華南永昌-竹北,2023-03-10,9339
6547,高端疫苗,24,12,12,華南永昌-竹北,2023-03-10,9339
2317,鴻海,13,2,11,華南永昌-竹北,2023-03-10,9339
1616,億泰,11,0,11,華南永昌-竹北,2023-03-10,9339
4958,臻鼎-KY,11,0,11,華南永昌-竹北,2023-03-10,9339
2884,玉山金,10,0,10,華南永昌-竹北,2023-03-10,9339
8299,群聯,10,0,10,華南永昌-竹北,2023-03-10,9339
00751B,元大AAA至A公司債,10,0,10,華南永昌-竹北,2023-03-10,9339
1504,東元,42,32,10,華南永昌-竹北,2023-03-10,9339
1796,金穎生技,10,0,10,華南永昌-竹北,2023-03-10,9339
2457,飛宏,53,43,10,華南永昌-竹北,2023-03-10,9339
5321,美而快,12,2,10,華南永昌-竹北,2023-03-10,9339
5706,鳳凰,32,22,10,華南永昌-竹北,2023-03-10,9339
8289,泰藝,10,0,10,華南永昌-竹北,2023-03-10,9339
2206,三陽工業,9,0,9,華南永昌-竹北,2023-03-10,9339
00713,元大台灣高息低波,15,6,9,華南永昌-竹北,2023-03-10,9339
1437,勤益控,9,0,9,華南永昌-竹北,2023-03-10,9339
2633,台灣高鐵,9,0,9,華南永昌-竹北,2023-03-10,9339
4543,萬在,9,0,9,華南永昌-竹北,2023-03-10,9339
00635U,期元大S＆P黃金,8,0,8,華南永昌-竹北,2023-03-10,9339
00753L,中信中國50正2,8,0,8,華南永昌-竹北,2023-03-10,9339
00878,國泰永續高股息,259,10,249,華南永昌-竹北,2023-03-13,9339
2388,威盛,112,26,86,華南永昌-竹北,2023-03-13,9339
6531,愛普*,78,12,66,華南永昌-竹北,2023-03-13,9339
4977,眾達-KY,53,3,50,華南永昌-竹北,2023-03-13,9339
2609,陽明,50,6,44,華南永昌-竹北,2023-03-13,9339
00712,復華富時不動產,35,1,34,華南永昌-竹北,2023-03-13,9339
2231,為升,57,24,33,華南永昌-竹北,2023-03-13,9339
3289,宜特,38,11,27,華南永昌-竹北,2023-03-13,9339
5371,中光電,26,0,26,華南永昌-竹北,2023-03-13,9339
4979,華星光,24,0,24,華南永昌-竹北,2023-03-13,9339
2103,台橡,22,0,22,華南永昌-竹北,2023-03-13,9339
2891,中信金,21,0,21,華南永昌-竹北,2023-03-13,9339
00751B,元大AAA至A公司債,20,0,20,華南永昌-竹北,2023-03-13,9339
1342,八貫,20,0,20,華南永昌-竹北,2023-03-13,9339
1540,喬福,20,0,20,華南永昌-竹北,2023-03-13,9339
4550,長佳,20,0,20,華南永昌-竹北,2023-03-13,9339
7402,邑錡,20,0,20,華南永昌-竹北,2023-03-13,9339
3131,弘塑,18,0,18,華南永昌-竹北,2023-03-13,9339
3592,瑞鼎,18,0,18,華南永昌-竹北,2023-03-13,9339
00713,元大台灣高息低波,17,0,17,華南永昌-竹北,2023-03-13,9339
1312,國喬,19,2,17,華南永昌-竹北,2023-03-13,9339
4503,金雨,17,0,17,華南永昌-竹北,2023-03-13,9339
8421,旭源,17,0,17,華南永昌-竹北,2023-03-13,9339
6235,華孚,26,13,13,華南永昌-竹北,2023-03-13,9339
2618,長榮航,14,2,12,華南永昌-竹北,2023-03-13,9339
2354,鴻準,15,3,12,華南永昌-竹北,2023-03-13,9339
6239,力成,15,4,11,華南永昌-竹北,2023-03-13,9339
8454,富邦媒,13,2,11,華南永昌-竹北,2023-03-13,9339
00919,群益台灣精選高息,10,0,10,華南永昌-竹北,2023-03-13,9339
1609,大亞,10,0,10,華南永昌-竹北,2023-03-13,9339
1712,興農,10,0,10,華南永昌-竹北,2023-03-13,9339
2027,大成鋼,10,0,10,華南永昌-竹北,2023-03-13,9339
4804,大略-KY,10,0,10,華南永昌-竹北,2023-03-13,9339
6509,聚和,25,15,10,華南永昌-竹北,2023-03-13,9339
2312,金寶,20,10,10,華南永昌-竹北,2023-03-13,9339
2884,玉山金,9,0,9,華南永昌-竹北,2023-03-13,9339
6680,鑫創電子,9,0,9,華南永昌-竹北,2023-03-13,9339
1314,中石化,13,5,8,華南永昌-竹北,2023-03-13,9339
3479,安勤,8,0,8,華南永昌-竹北,2023-03-13,9339
6753,龍德造船,7,0,7,華南永昌-竹北,2023-03-13,9339
2615,萬海,44,38,6,華南永昌-竹北,2023-03-13,9339
00720B,元大投資級公司債,7,1,6,華南永昌-竹北,2023-03-13,9339
2049,上銀,8,2,6,華南永昌-竹北,2023-03-13,9339
2812,台中銀,6,0,6,華南永昌-竹北,2023-03-13,9339
6282,康舒,26,20,6,華南永昌-竹北,2023-03-13,9339
3035,智原,15,10,5,華南永昌-竹北,2023-03-13,9339
2634,漢翔,20,15,5,華南永昌-竹北,2023-03-13,9339
2707,晶華,5,0,5,華南永昌-竹北,2023-03-13,9339
3535,晶彩科,5,0,5,華南永昌-竹北,2023-03-13,9339
4551,智伸科,5,0,5,華南永昌-竹北,2023-03-13,9339
00878,國泰永續高股息,198,0,198,華南永昌-竹北,2023-03-14,9339
8033,雷虎,166,0,166,華南永昌-竹北,2023-03-14,9339
00632R,元大台灣50反1,60,0,60,華南永昌-竹北,2023-03-14,9339
2834,臺企銀,55,0,55,華南永昌-竹北,2023-03-14,9339
2812,台中銀,53,0,53,華南永昌-竹北,2023-03-14,9339
1314,中石化,35,1,34,華南永昌-竹北,2023-03-14,9339
6282,康舒,32,0,32,華南永昌-竹北,2023-03-14,9339
8069,元太,33,3,30,華南永昌-竹北,2023-03-14,9339
00670L,富邦NASDAQ正2,45,15,30,華南永昌-竹北,2023-03-14,9339
4190,佐登-KY,30,0,30,華南永昌-竹北,2023-03-14,9339
3363,上詮,26,0,26,華南永昌-竹北,2023-03-14,9339
00715L,期街口布蘭特正2,25,0,25,華南永昌-竹北,2023-03-14,9339
4958,臻鼎-KY,25,1,24,華南永昌-竹北,2023-03-14,9339
6770,力積電,23,0,23,華南永昌-竹北,2023-03-14,9339
2892,第一金,22,0,22,華南永昌-竹北,2023-03-14,9339
2312,金寶,22,0,22,華南永昌-竹北,2023-03-14,9339
00751B,元大AAA至A公司債,21,0,21,華南永昌-竹北,2023-03-14,9339
4167,松瑞藥,20,0,20,華南永昌-竹北,2023-03-14,9339
1101,台泥,21,4,17,華南永昌-竹北,2023-03-14,9339
00885,富邦越南,16,0,16,華南永昌-竹北,2023-03-14,9339
2027,大成鋼,62,47,15,華南永昌-竹北,2023-03-14,9339
5880,合庫金,15,0,15,華南永昌-竹北,2023-03-14,9339
2610,華航,16,1,15,華南永昌-竹北,2023-03-14,9339
3289,宜特,16,1,15,華南永昌-竹北,2023-03-14,9339
2884,玉山金,14,0,14,華南永昌-竹北,2023-03-14,9339
2883,凱基金,13,0,13,華南永昌-竹北,2023-03-14,9339
2891,中信金,13,0,13,華南永昌-竹北,2023-03-14,9339
2388,威盛,26,13,13,華南永昌-竹北,2023-03-14,9339
2409,友達,13,0,13,華南永昌-竹北,2023-03-14,9339
2609,陽明,76,63,13,華南永昌-竹北,2023-03-14,9339
00633L,富邦上証正2,11,0,11,華南永昌-竹北,2023-03-14,9339
00642U,期元大S＆P石油,11,0,11,華南永昌-竹北,2023-03-14,9339
5284,jpp-KY,11,0,11,華南永昌-竹北,2023-03-14,9339
1342,八貫,10,0,10,華南永昌-竹北,2023-03-14,9339
2707,晶華,11,1,10,華南永昌-竹北,2023-03-14,9339
2885,元大金,10,0,10,華南永昌-竹北,2023-03-14,9339
4931,新盛力,10,0,10,華南永昌-竹北,2023-03-14,9339
8421,旭源,10,0,10,華南永昌-竹北,2023-03-14,9339
2888,新光金,16,7,9,華南永昌-竹北,2023-03-14,9339
0056,元大高股息,9,0,9,華南永昌-竹北,2023-03-14,9339
2890,永豐金,8,0,8,華南永昌-竹北,2023-03-14,9339
2313,華通,8,0,8,華南永昌-竹北,2023-03-14,9339
3131,弘塑,8,0,8,華南永昌-竹北,2023-03-14,9339
6216,居易,8,0,8,華南永昌-竹北,2023-03-14,9339
6239,力成,9,1,8,華南永昌-竹北,2023-03-14,9339
00830,國泰費城半導體,7,0,7,華南永昌-竹北,2023-03-14,9339
00888,永豐台灣ESG,7,0,7,華南永昌-竹北,2023-03-14,9339
2359,所羅門,17,10,7,華南永昌-竹北,2023-03-14,9339
2486,一詮,10,3,7,華南永昌-竹北,2023-03-14,9339
6680,鑫創電子,7,0,7,華南永昌-竹北,2023-03-14,9339
00772B,中信高評級公司債,201,0,201,華南永昌-竹北,2023-03-15,9339
00878,國泰永續高股息,158,7,151,華南永昌-竹北,2023-03-15,9339
2884,玉山金,73,0,73,華南永昌-竹北,2023-03-15,9339
8069,元太,73,12,61,華南永昌-竹北,2023-03-15,9339
6235,華孚,114,57,57,華南永昌-竹北,2023-03-15,9339
2812,台中銀,52,0,52,華南永昌-竹北,2023-03-15,9339
3363,上詮,50,0,50,華南永昌-竹北,2023-03-15,9339
1795,美時,46,1,45,華南永昌-竹北,2023-03-15,9339
2883,凱基金,43,0,43,華南永昌-竹北,2023-03-15,9339
00882,中信中國高股息,42,0,42,華南永昌-竹北,2023-03-15,9339
2748,雲品,41,1,40,華南永昌-竹北,2023-03-15,9339
00670L,富邦NASDAQ正2,35,0,35,華南永昌-竹北,2023-03-15,9339
2880,華南金,30,0,30,華南永昌-竹北,2023-03-15,9339
00715L,期街口布蘭特正2,28,1,27,華南永昌-竹北,2023-03-15,9339
4908,前鼎,25,0,25,華南永昌-竹北,2023-03-15,9339
8299,群聯,22,0,22,華南永昌-竹北,2023-03-15,9339
2915,潤泰全,41,19,22,華南永昌-竹北,2023-03-15,9339
2331,精英,21,0,21,華南永昌-竹北,2023-03-15,9339
6751,智聯服務,21,0,21,華南永昌-竹北,2023-03-15,9339
4739,康普,20,0,20,華南永昌-竹北,2023-03-15,9339
6509,聚和,20,0,20,華南永昌-竹北,2023-03-15,9339
2603,長榮,71,54,17,華南永昌-竹北,2023-03-15,9339
1760,寶齡富錦,18,1,17,華南永昌-竹北,2023-03-15,9339
2338,光罩,17,1,16,華南永昌-竹北,2023-03-15,9339
6517,保勝光學,15,0,15,華南永昌-竹北,2023-03-15,9339
2888,新光金,16,3,13,華南永昌-竹北,2023-03-15,9339
6217,中探針,12,0,12,華南永昌-竹北,2023-03-15,9339
2515,中工,10,0,10,華南永昌-竹北,2023-03-15,9339
2520,冠德,10,0,10,華南永昌-竹北,2023-03-15,9339
0056,元大高股息,10,0,10,華南永昌-竹北,2023-03-15,9339
9945,潤泰新,13,4,9,華南永昌-竹北,2023-03-15,9339
2027,大成鋼,10,1,9,華南永昌-竹北,2023-03-15,9339
2486,一詮,29,20,9,華南永昌-竹北,2023-03-15,9339
2614,東森,9,0,9,華南永昌-竹北,2023-03-15,9339
3189,景碩,9,0,9,華南永昌-竹北,2023-03-15,9339
4543,萬在,10,1,9,華南永昌-竹北,2023-03-15,9339
6257,矽格,10,1,9,華南永昌-竹北,2023-03-15,9339
1312,國喬,8,0,8,華南永昌-竹北,2023-03-15,9339
2476,鉅祥,8,0,8,華南永昌-竹北,2023-03-15,9339
3545,敦泰,26,18,8,華南永昌-竹北,2023-03-15,9339
8478,東哥遊艇,10,2,8,華南永昌-竹北,2023-03-15,9339
5880,合庫金,7,0,7,華南永昌-竹北,2023-03-15,9339
1316,上曜,7,0,7,華南永昌-竹北,2023-03-15,9339
6125,廣運,8,1,7,華南永昌-竹北,2023-03-15,9339
00679B,元大美債20年,10,3,7,華南永昌-竹北,2023-03-15,9339
4979,華星光,16,10,6,華南永昌-竹北,2023-03-15,9339
6175,立敦,6,0,6,華南永昌-竹北,2023-03-15,9339
7402,邑錡,6,0,6,華南永昌-竹北,2023-03-15,9339
2609,陽明,21,16,5,華南永昌-竹北,2023-03-15,9339
00712,復華富時不動產,5,0,5,華南永昌-竹北,2023-03-15,9339
2834,臺企銀,179,16,163,華南永昌-竹北,2023-03-16,9339
00632R,元大台灣50反1,145,52,93,華南永昌-竹北,2023-03-16,9339
00715L,期街口布蘭特正2,56,10,46,華南永昌-竹北,2023-03-16,9339
2881,富邦金,45,1,44,華南永昌-竹北,2023-03-16,9339
3037,欣興,79,37,42,華南永昌-竹北,2023-03-16,9339
00878,國泰永續高股息,76,34,42,華南永昌-竹北,2023-03-16,9339
3363,上詮,40,0,40,華南永昌-竹北,2023-03-16,9339
5425,台半,56,19,37,華南永昌-竹北,2023-03-16,9339
4919,新唐,40,4,36,華南永昌-竹北,2023-03-16,9339
2891,中信金,32,0,32,華南永昌-竹北,2023-03-16,9339
3189,景碩,30,0,30,華南永昌-竹北,2023-03-16,9339
2884,玉山金,30,0,30,華南永昌-竹北,2023-03-16,9339
6751,智聯服務,29,0,29,華南永昌-竹北,2023-03-16,9339
2618,長榮航,30,1,29,華南永昌-竹北,2023-03-16,9339
2880,華南金,28,2,26,華南永昌-竹北,2023-03-16,9339
3035,智原,62,41,21,華南永昌-竹北,2023-03-16,9339
1522,堤維西,20,0,20,華南永昌-竹北,2023-03-16,9339
2520,冠德,20,0,20,華南永昌-竹北,2023-03-16,9339
6175,立敦,20,0,20,華南永昌-竹北,2023-03-16,9339
6672,騰輝電子-KY,20,0,20,華南永昌-竹北,2023-03-16,9339
6873,泓德能源,17,0,17,華南永昌-竹北,2023-03-16,9339
6271,同欣電,25,9,16,華南永昌-竹北,2023-03-16,9339
4128,中天,25,10,15,華南永昌-竹北,2023-03-16,9339
4543,萬在,15,0,15,華南永昌-竹北,2023-03-16,9339
8938,明安,15,0,15,華南永昌-竹北,2023-03-16,9339
2317,鴻海,15,1,14,華南永昌-竹北,2023-03-16,9339
6472,保瑞,26,12,14,華南永昌-竹北,2023-03-16,9339
8440,綠電,20,6,14,華南永昌-竹北,2023-03-16,9339
00642U,期元大S＆P石油,13,0,13,華南永昌-竹北,2023-03-16,9339
4961,天鈺,15,2,13,華南永昌-竹北,2023-03-16,9339
1762,中化生,19,6,13,華南永昌-竹北,2023-03-16,9339
0056,元大高股息,12,0,12,華南永昌-竹北,2023-03-16,9339
9945,潤泰新,61,48,13,華南永昌-竹北,2023-03-16,9339
6279,胡連,12,0,12,華南永昌-竹北,2023-03-16,9339
7402,邑錡,11,0,11,華南永昌-竹北,2023-03-16,9339
3047,訊舟,11,0,11,華南永昌-竹北,2023-03-16,9339
6449,鈺邦,11,0,11,華南永昌-竹北,2023-03-16,9339
1301,台塑,10,0,10,華南永昌-竹北,2023-03-16,9339
00671R,富邦NASDAQ反1,10,0,10,華南永昌-竹北,2023-03-16,9339
2408,南亞科,10,0,10,華南永昌-竹北,2023-03-16,9339
2748,雲品,12,2,10,華南永昌-竹北,2023-03-16,9339
3016,嘉晶,10,0,10,華南永昌-竹北,2023-03-16,9339
3131,弘塑,10,0,10,華南永昌-竹北,2023-03-16,9339
3537,堡達,10,0,10,華南永昌-竹北,2023-03-16,9339
6290,良維,10,0,10,華南永昌-竹北,2023-03-16,9339
8409,商之器,9,0,9,華南永昌-竹北,2023-03-16,9339
00712,復華富時不動產,8,0,8,華南永昌-竹北,2023-03-16,9339
2515,中工,8,0,8,華南永昌-竹北,2023-03-16,9339
2888,新光金,20,12,8,華南永昌-竹北,2023-03-16,9339
2027,大成鋼,14,7,7,華南永昌-竹北,2023-03-16,9339
9945,潤泰新,132,0,132,華南永昌-竹北,2023-03-17,9339
3162,精確,106,0,106,華南永昌-竹北,2023-03-17,9339
3047,訊舟,63,0,63,華南永昌-竹北,2023-03-17,9339
6271,同欣電,62,2,60,華南永昌-竹北,2023-03-17,9339
2890,永豐金,57,1,56,華南永昌-竹北,2023-03-17,9339
00878,國泰永續高股息,62,7,55,華南永昌-竹北,2023-03-17,9339
00671R,富邦NASDAQ反1,30,0,30,華南永昌-竹北,2023-03-17,9339
00712,復華富時不動產,29,0,29,華南永昌-竹北,2023-03-17,9339
3680,家登,29,0,29,華南永昌-竹北,2023-03-17,9339
2891,中信金,28,1,27,華南永昌-竹北,2023-03-17,9339
2610,華航,25,0,25,華南永昌-竹北,2023-03-17,9339
2880,華南金,27,2,25,華南永昌-竹北,2023-03-17,9339
6213,聯茂,24,0,24,華南永昌-竹北,2023-03-17,9339
2883,凱基金,22,1,21,華南永昌-竹北,2023-03-17,9339
2607,榮運,20,0,20,華南永昌-竹北,2023-03-17,9339
2748,雲品,20,0,20,華南永昌-竹北,2023-03-17,9339
3189,景碩,20,0,20,華南永昌-竹北,2023-03-17,9339
3050,鈺德,20,0,20,華南永昌-竹北,2023-03-17,9339
2603,長榮,25,7,18,華南永昌-竹北,2023-03-17,9339
6531,愛普*,113,95,18,華南永昌-竹北,2023-03-17,9339
00713,元大台灣高息低波,19,2,17,華南永昌-竹北,2023-03-17,9339
5289,宜鼎,15,1,14,華南永昌-竹北,2023-03-17,9339
2888,新光金,21,7,14,華南永昌-竹北,2023-03-17,9339
2889,國票金,11,0,11,華南永昌-竹北,2023-03-17,9339
2408,南亞科,12,2,10,華南永昌-竹北,2023-03-17,9339
3380,明泰,10,0,10,華南永昌-竹北,2023-03-17,9339
3481,群創,16,6,10,華南永昌-竹北,2023-03-17,9339
3703,欣陸,10,0,10,華南永昌-竹北,2023-03-17,9339
8084,巨虹,10,0,10,華南永昌-竹北,2023-03-17,9339
1102,亞泥,9,0,9,華南永昌-竹北,2023-03-17,9339
8936,國統,10,1,9,華南永昌-竹北,2023-03-17,9339
9921,巨大,8,0,8,華南永昌-竹北,2023-03-17,9339
00633L,富邦上証正2,8,0,8,華南永昌-竹北,2023-03-17,9339
2609,陽明,10,2,8,華南永昌-竹北,2023-03-17,9339
3093,港建*,8,0,8,華南永昌-竹北,2023-03-17,9339
1524,耿鼎,13,6,7,華南永昌-竹北,2023-03-17,9339
2498,宏達電,10,3,7,華南永昌-竹北,2023-03-17,9339
00902,中信電池及儲能,6,0,6,華南永昌-竹北,2023-03-17,9339
2882,國泰金,6,0,6,華南永昌-竹北,2023-03-17,9339
3532,台勝科,26,20,6,華南永昌-竹北,2023-03-17,9339
2618,長榮航,6,1,5,華南永昌-竹北,2023-03-17,9339
1609,大亞,30,25,5,華南永昌-竹北,2023-03-17,9339
5483,中美晶,5,0,5,華南永昌-竹北,2023-03-17,9339
1760,寶齡富錦,5,0,5,華南永昌-竹北,2023-03-17,9339
1314,中石化,5,0,5,華南永昌-竹北,2023-03-17,9339
2014,中鴻,12,7,5,華南永昌-竹北,2023-03-17,9339
4743,合一,7,2,5,華南永昌-竹北,2023-03-17,9339
6239,力成,5,1,4,華南永昌-竹北,2023-03-17,9339
3441,聯一光,4,0,4,華南永昌-竹北,2023-03-17,9339
00715L,期街口布蘭特正2,5,1,4,華南永昌-竹北,2023-03-17,9339
00637L,元大滬深300正2,477,130,347,華南永昌-竹北,2023-03-20,9339
4919,新唐,139,4,135,華南永昌-竹北,2023-03-20,9339
00878,國泰永續高股息,105,2,103,華南永昌-竹北,2023-03-20,9339
6443,元晶,62,8,54,華南永昌-竹北,2023-03-20,9339
2482,連宇,47,1,46,華南永昌-竹北,2023-03-20,9339
00713,元大台灣高息低波,26,0,26,華南永昌-竹北,2023-03-20,9339
6789,采鈺,26,0,26,華南永昌-竹北,2023-03-20,9339
00888,永豐台灣ESG,25,0,25,華南永昌-竹北,2023-03-20,9339
8926,台汽電,23,1,22,華南永昌-竹北,2023-03-20,9339
1532,勤美,20,1,19,華南永昌-竹北,2023-03-20,9339
2614,東森,15,0,15,華南永昌-竹北,2023-03-20,9339
2707,晶華,15,0,15,華南永昌-竹北,2023-03-20,9339
4580,捷流閥業,15,0,15,華南永昌-竹北,2023-03-20,9339
9945,潤泰新,36,21,15,華南永昌-竹北,2023-03-20,9339
00712,復華富時不動產,14,0,14,華南永昌-竹北,2023-03-20,9339
6142,友勁,14,0,14,華南永昌-竹北,2023-03-20,9339
3035,智原,38,24,14,華南永昌-竹北,2023-03-20,9339
2834,臺企銀,16,3,13,華南永昌-竹北,2023-03-20,9339
2883,凱基金,13,0,13,華南永昌-竹北,2023-03-20,9339
3264,欣銓,12,0,12,華南永昌-竹北,2023-03-20,9339
6472,保瑞,30,19,11,華南永昌-竹北,2023-03-20,9339
4934,太極,11,0,11,華南永昌-竹北,2023-03-20,9339
2301,光寶科,10,0,10,華南永昌-竹北,2023-03-20,9339
2331,精英,10,0,10,華南永昌-竹北,2023-03-20,9339
2615,萬海,10,0,10,華南永昌-竹北,2023-03-20,9339
6590,普鴻,10,0,10,華南永昌-竹北,2023-03-20,9339
2884,玉山金,8,0,8,華南永昌-竹北,2023-03-20,9339
2002,中鋼,8,0,8,華南永昌-竹北,2023-03-20,9339
2880,華南金,8,1,7,華南永昌-竹北,2023-03-20,9339
2881,富邦金,7,0,7,華南永昌-竹北,2023-03-20,9339
6770,力積電,8,1,7,華南永昌-竹北,2023-03-20,9339
4958,臻鼎-KY,7,1,6,華南永昌-竹北,2023-03-20,9339
2888,新光金,11,5,6,華南永昌-竹北,2023-03-20,9339
2481,強茂,8,2,6,華南永昌-竹北,2023-03-20,9339
6217,中探針,6,0,6,華南永昌-竹北,2023-03-20,9339
6680,鑫創電子,6,0,6,華南永昌-竹北,2023-03-20,9339
8996,高力,6,0,6,華南永昌-竹北,2023-03-20,9339
00885,富邦越南,5,0,5,華南永昌-竹北,2023-03-20,9339
9941,裕融,5,0,5,華南永昌-竹北,2023-03-20,9339
3049,精金,5,0,5,華南永昌-竹北,2023-03-20,9339
00715L,期街口布蘭特正2,5,0,5,華南永昌-竹北,2023-03-20,9339
006206,元大上證50,5,0,5,華南永昌-竹北,2023-03-20,9339
1314,中石化,10,5,5,華南永昌-竹北,2023-03-20,9339
2457,飛宏,69,64,5,華南永昌-竹北,2023-03-20,9339
6147,頎邦,5,0,5,華南永昌-竹北,2023-03-20,9339
6806,森崴能源,5,0,5,華南永昌-竹北,2023-03-20,9339
8049,晶采,5,0,5,華南永昌-竹北,2023-03-20,9339
2801,彰銀,5,0,5,華南永昌-竹北,2023-03-20,9339
00642U,期元大S＆P石油,4,0,4,華南永昌-竹北,2023-03-20,9339
1519,華城,15,11,4,華南永昌-竹北,2023-03-20,9339
3231,緯創,296,0,296,華南永昌-竹北,2023-03-21,9339
00715L,期街口布蘭特正2,211,2,209,華南永昌-竹北,2023-03-21,9339
3037,欣興,228,60,168,華南永昌-竹北,2023-03-21,9339
5371,中光電,167,0,167,華南永昌-竹北,2023-03-21,9339
6188,廣明,161,12,149,華南永昌-竹北,2023-03-21,9339
3046,建��,70,0,70,華南永昌-竹北,2023-03-21,9339
3205,佰研,70,0,70,華南永昌-竹北,2023-03-21,9339
2455,全新,118,53,65,華南永昌-竹北,2023-03-21,9339
8234,新漢,61,0,61,華南永昌-竹北,2023-03-21,9339
9945,潤泰新,66,5,61,華南永昌-竹北,2023-03-21,9339
5347,世界,59,1,58,華南永昌-竹北,2023-03-21,9339
2482,連宇,64,7,57,華南永昌-竹北,2023-03-21,9339
6443,元晶,58,1,57,華南永昌-竹北,2023-03-21,9339
1504,東元,116,61,55,華南永昌-竹北,2023-03-21,9339
6290,良維,50,0,50,華南永昌-竹北,2023-03-21,9339
6231,系微,98,57,41,華南永昌-竹北,2023-03-21,9339
2383,台光電,40,0,40,華南永昌-竹北,2023-03-21,9339
6449,鈺邦,30,0,30,華南永昌-竹北,2023-03-21,9339
2388,威盛,79,50,29,華南永昌-竹北,2023-03-21,9339
7402,邑錡,29,3,26,華南永昌-竹北,2023-03-21,9339
3131,弘塑,25,1,24,華南永昌-竹北,2023-03-21,9339
3189,景碩,30,6,24,華南永昌-竹北,2023-03-21,9339
6533,晶心科,28,6,22,華南永昌-竹北,2023-03-21,9339
6770,力積電,42,20,22,華南永昌-竹北,2023-03-21,9339
00751B,元大AAA至A公司債,20,0,20,華南永昌-竹北,2023-03-21,9339
6751,智聯服務,24,4,20,華南永昌-竹北,2023-03-21,9339
3050,鈺德,20,0,20,華南永昌-竹北,2023-03-21,9339
3034,聯詠,20,0,20,華南永昌-竹北,2023-03-21,9339
3558,神準,34,15,19,華南永昌-竹北,2023-03-21,9339
4743,合一,19,1,18,華南永昌-竹北,2023-03-21,9339
2881,富邦金,17,0,17,華南永昌-竹北,2023-03-21,9339
1589,永冠-KY,30,13,17,華南永昌-竹北,2023-03-21,9339
8046,南電,35,19,16,華南永昌-竹北,2023-03-21,9339
4961,天鈺,41,26,15,華南永昌-竹北,2023-03-21,9339
00888,永豐台灣ESG,15,0,15,華南永昌-竹北,2023-03-21,9339
6129,普誠,23,8,15,華南永昌-竹北,2023-03-21,9339
2201,裕隆,20,6,14,華南永昌-竹北,2023-03-21,9339
6472,保瑞,17,3,14,華南永昌-竹北,2023-03-21,9339
3297,杭特,15,2,13,華南永昌-竹北,2023-03-21,9339
3406,玉晶光,13,0,13,華南永昌-竹北,2023-03-21,9339
6142,友勁,13,0,13,華南永昌-竹北,2023-03-21,9339
2880,華南金,16,4,12,華南永昌-竹北,2023-03-21,9339
8996,高力,20,8,12,華南永昌-竹北,2023-03-21,9339
1304,台聚,12,1,11,華南永昌-竹北,2023-03-21,9339
2421,建準,10,0,10,華南永昌-竹北,2023-03-21,9339
4155,訊映,10,0,10,華南永昌-竹北,2023-03-21,9339
5425,台半,37,27,10,華南永昌-竹北,2023-03-21,9339
2801,彰銀,10,0,10,華南永昌-竹北,2023-03-21,9339
1514,亞力,10,1,9,華南永昌-竹北,2023-03-21,9339
8299,群聯,8,0,8,華南永昌-竹北,2023-03-21,9339
00632R,元大台灣50反1,189,0,189,華南永昌-竹北,2023-03-22,9339
2201,裕隆,175,16,159,華南永昌-竹北,2023-03-22,9339
3047,訊舟,130,1,129,華南永昌-竹北,2023-03-22,9339
00720B,元大投資級公司債,101,5,96,華南永昌-竹北,2023-03-22,9339
3037,欣興,163,68,95,華南永昌-竹北,2023-03-22,9339
3013,晟銘電,125,46,79,華南永昌-竹北,2023-03-22,9339
3189,景碩,90,19,71,華南永昌-竹北,2023-03-22,9339
1810,和成,57,0,57,華南永昌-竹北,2023-03-22,9339
2482,連宇,106,51,55,華南永昌-竹北,2023-03-22,9339
8926,台汽電,56,1,55,華南永昌-竹北,2023-03-22,9339
6167,久正,50,0,50,華南永昌-竹北,2023-03-22,9339
6138,茂達,76,32,44,華南永昌-竹北,2023-03-22,9339
6770,力積電,70,33,37,華南永昌-竹北,2023-03-22,9339
3205,佰研,31,0,31,華南永昌-竹北,2023-03-22,9339
8046,南電,33,5,28,華南永昌-竹北,2023-03-22,9339
2349,錸德,27,0,27,華南永昌-竹北,2023-03-22,9339
2457,飛宏,98,72,26,華南永昌-竹北,2023-03-22,9339
8227,巨有科技,26,0,26,華南永昌-竹北,2023-03-22,9339
6449,鈺邦,25,0,25,華南永昌-竹北,2023-03-22,9339
4919,新唐,24,1,23,華南永昌-竹北,2023-03-22,9339
6129,普誠,26,3,23,華南永昌-竹北,2023-03-22,9339
3236,千如,20,0,20,華南永昌-竹北,2023-03-22,9339
6213,聯茂,20,0,20,華南永昌-竹北,2023-03-22,9339
6217,中探針,20,0,20,華南永昌-竹北,2023-03-22,9339
6494,九齊,20,0,20,華南永昌-竹北,2023-03-22,9339
6116,彩晶,15,0,15,華南永昌-竹北,2023-03-22,9339
3078,僑威,15,0,15,華南永昌-竹北,2023-03-22,9339
3596,智易,15,0,15,華南永昌-竹北,2023-03-22,9339
6523,達爾膚,13,0,13,華南永昌-竹北,2023-03-22,9339
8201,無敵,12,0,12,華南永昌-竹北,2023-03-22,9339
00751B,元大AAA至A公司債,11,0,11,華南永昌-竹北,2023-03-22,9339
3162,精確,19,8,11,華南永昌-竹北,2023-03-22,9339
5519,隆大,11,0,11,華南永昌-竹北,2023-03-22,9339
2614,東森,10,0,10,華南永昌-竹北,2023-03-22,9339
00671R,富邦NASDAQ反1,10,0,10,華南永昌-竹北,2023-03-22,9339
2049,上銀,12,2,10,華南永昌-竹北,2023-03-22,9339
4707,磐亞,10,0,10,華南永昌-竹北,2023-03-22,9339
6288,聯嘉,14,4,10,華南永昌-竹北,2023-03-22,9339
6104,創惟,36,27,9,華南永昌-竹北,2023-03-22,9339
4564,元翎,8,0,8,華南永昌-竹北,2023-03-22,9339
7402,邑錡,32,24,8,華南永昌-竹北,2023-03-22,9339
00679B,元大美債20年,7,0,7,華南永昌-竹北,2023-03-22,9339
3413,京鼎,8,1,7,華南永昌-竹北,2023-03-22,9339
3035,智原,75,68,7,華南永昌-竹北,2023-03-22,9339
3022,威強電,7,0,7,華南永昌-竹北,2023-03-22,9339
6443,元晶,6,0,6,華南永昌-竹北,2023-03-22,9339
2302,麗正,8,2,6,華南永昌-竹北,2023-03-22,9339
2317,鴻海,6,0,6,華南永昌-竹北,2023-03-22,9339
3494,誠研,6,0,6,華南永昌-竹北,2023-03-22,9339
2401,凌陽,5,0,5,華南永昌-竹北,2023-03-22,9339
8234,新漢,336,3,333,華南永昌-竹北,2023-03-23,9339
00632R,元大台灣50反1,319,0,319,華南永昌-竹北,2023-03-23,9339
6531,愛普*,115,18,97,華南永昌-竹北,2023-03-23,9339
6188,廣明,157,85,72,華南永昌-竹北,2023-03-23,9339
2388,威盛,99,29,70,華南永昌-竹北,2023-03-23,9339
2834,臺企銀,52,0,52,華南永昌-竹北,2023-03-23,9339
8227,巨有科技,51,0,51,華南永昌-竹北,2023-03-23,9339
3131,弘塑,40,0,40,華南永昌-竹北,2023-03-23,9339
6712,長聖,29,0,29,華南永昌-竹北,2023-03-23,9339
00878,國泰永續高股息,94,69,25,華南永昌-竹北,2023-03-23,9339
6672,騰輝電子-KY,22,0,22,華南永昌-竹北,2023-03-23,9339
2881,富邦金,40,20,20,華南永昌-竹北,2023-03-23,9339
6217,中探針,14,0,14,華南永昌-竹北,2023-03-23,9339
00898,國泰基因免疫革命,12,0,12,華南永昌-竹北,2023-03-23,9339
0056,元大高股息,11,0,11,華南永昌-竹北,2023-03-23,9339
4536,拓凱,13,2,11,華南永昌-竹北,2023-03-23,9339
6443,元晶,12,2,10,華南永昌-竹北,2023-03-23,9339
8064,東捷,10,0,10,華南永昌-竹北,2023-03-23,9339
00752,中信中國50,10,0,10,華南永昌-竹北,2023-03-23,9339
2312,金寶,10,0,10,華南永昌-竹北,2023-03-23,9339
3205,佰研,10,0,10,華南永昌-竹北,2023-03-23,9339
3501,維熹,10,0,10,華南永昌-竹北,2023-03-23,9339
3625,西勝,10,0,10,華南永昌-竹北,2023-03-23,9339
4503,金雨,10,0,10,華南永昌-竹北,2023-03-23,9339
4976,佳凌,12,2,10,華南永昌-竹北,2023-03-23,9339
2609,陽明,9,0,9,華南永昌-竹北,2023-03-23,9339
6288,聯嘉,14,5,9,華南永昌-竹北,2023-03-23,9339
8926,台汽電,30,21,9,華南永昌-竹北,2023-03-23,9339
3338,泰碩,21,13,8,華南永昌-竹北,2023-03-23,9339
6715,嘉基,11,3,8,華南永昌-竹北,2023-03-23,9339
2409,友達,7,0,7,華南永昌-竹北,2023-03-23,9339
6129,普誠,7,0,7,華南永昌-竹北,2023-03-23,9339
4953,緯軟,7,0,7,華南永昌-竹北,2023-03-23,9339
00712,復華富時不動產,7,0,7,華南永昌-竹北,2023-03-23,9339
00751B,元大AAA至A公司債,6,0,6,華南永昌-竹北,2023-03-23,9339
2313,華通,6,0,6,華南永昌-竹北,2023-03-23,9339
2634,漢翔,6,0,6,華南永昌-竹北,2023-03-23,9339
2906,高林,6,0,6,華南永昌-竹北,2023-03-23,9339
3432,台端,7,1,6,華南永昌-竹北,2023-03-23,9339
2603,長榮,20,14,6,華南永昌-竹北,2023-03-23,9339
5484,慧友,6,0,6,華南永昌-竹北,2023-03-23,9339
3714,富采,10,4,6,華南永昌-竹北,2023-03-23,9339
8436,大江,5,0,5,華南永昌-竹北,2023-03-23,9339
00680L,元大美債20正2,10,5,5,華南永昌-竹北,2023-03-23,9339
1519,華城,5,0,5,華南永昌-竹北,2023-03-23,9339
2208,台船,5,0,5,華南永昌-竹北,2023-03-23,9339
2356,英業達,5,0,5,華南永昌-竹北,2023-03-23,9339
2890,永豐金,5,0,5,華南永昌-竹北,2023-03-23,9339
3031,佰鴻,5,0,5,華南永昌-竹北,2023-03-23,9339
3058,立德,5,0,5,華南永昌-竹北,2023-03-23,9339
2201,裕隆,456,7,449,華南永昌-竹北,2023-03-24,9339
00637L,元大滬深300正2,350,0,350,華南永昌-竹北,2023-03-24,9339
00632R,元大台灣50反1,183,0,183,華南永昌-竹北,2023-03-24,9339
00900,富邦特選高股息30,134,0,134,華南永昌-竹北,2023-03-24,9339
6531,愛普*,102,1,101,華南永昌-竹北,2023-03-24,9339
4961,天鈺,62,0,62,華南永昌-竹北,2023-03-24,9339
8201,無敵,60,0,60,華南永昌-竹北,2023-03-24,9339
1504,東元,67,28,39,華南永昌-竹北,2023-03-24,9339
6231,系微,38,1,37,華南永昌-竹北,2023-03-24,9339
3558,神準,57,22,35,華南永昌-竹北,2023-03-24,9339
6672,騰輝電子-KY,35,0,35,華南永昌-竹北,2023-03-24,9339
2472,立隆電,33,0,33,華南永昌-竹北,2023-03-24,9339
5351,鈺創,34,3,31,華南永昌-竹北,2023-03-24,9339
2352,佳世達,26,0,26,華南永昌-竹北,2023-03-24,9339
6167,久正,25,0,25,華南永昌-竹北,2023-03-24,9339
2317,鴻海,27,4,23,華南永昌-竹北,2023-03-24,9339
8436,大江,22,0,22,華南永昌-竹北,2023-03-24,9339
00751B,元大AAA至A公司債,21,0,21,華南永昌-竹北,2023-03-24,9339
1529,樂事綠能,26,6,20,華南永昌-竹北,2023-03-24,9339
5512,力麒,20,0,20,華南永昌-竹北,2023-03-24,9339
6579,研揚,20,0,20,華南永昌-竹北,2023-03-24,9339
3661,世芯-KY,20,0,20,華南永昌-竹北,2023-03-24,9339
0056,元大高股息,20,1,19,華南永昌-竹北,2023-03-24,9339
6751,智聯服務,18,0,18,華南永昌-竹北,2023-03-24,9339
3432,台端,16,0,16,華南永昌-竹北,2023-03-24,9339
8431,匯鑽科,16,0,16,華南永昌-竹北,2023-03-24,9339
3035,智原,47,31,16,華南永昌-竹北,2023-03-24,9339
6863,永道-KY,15,0,15,華南永昌-竹北,2023-03-24,9339
8299,群聯,22,8,14,華南永昌-竹北,2023-03-24,9339
3189,景碩,21,8,13,華南永昌-竹北,2023-03-24,9339
9945,潤泰新,12,0,12,華南永昌-竹北,2023-03-24,9339
2208,台船,10,0,10,華南永昌-竹北,2023-03-24,9339
8155,博智,16,6,10,華南永昌-竹北,2023-03-24,9339
1589,永冠-KY,11,1,10,華南永昌-竹北,2023-03-24,9339
2312,金寶,10,0,10,華南永昌-竹北,2023-03-24,9339
2485,兆赫,10,0,10,華南永昌-竹北,2023-03-24,9339
3231,緯創,96,86,10,華南永昌-竹北,2023-03-24,9339
5475,德宏,10,0,10,華南永昌-竹北,2023-03-24,9339
8227,巨有科技,10,0,10,華南永昌-竹北,2023-03-24,9339
00885,富邦越南,10,0,10,華南永昌-竹北,2023-03-24,9339
3131,弘塑,10,1,9,華南永昌-竹北,2023-03-24,9339
6271,同欣電,10,1,9,華南永昌-竹北,2023-03-24,9339
00712,復華富時不動產,8,0,8,華南永昌-竹北,2023-03-24,9339
2351,順德,19,11,8,華南永昌-竹北,2023-03-24,9339
5321,美而快,8,0,8,華南永昌-竹北,2023-03-24,9339
2482,連宇,11,4,7,華南永昌-竹北,2023-03-24,9339
2615,萬海,7,0,7,華南永昌-竹北,2023-03-24,9339
3037,欣興,20,13,7,華南永昌-竹北,2023-03-24,9339
3294,英濟,7,0,7,華南永昌-竹北,2023-03-24,9339
3515,華擎,6,0,6,華南永昌-竹北,2023-03-24,9339
2344,華邦電,381,0,381,華南永昌-竹北,2023-03-27,9339
3714,富采,382,1,381,華南永昌-竹北,2023-03-27,9339
00637L,元大滬深300正2,390,190,200,華南永昌-竹北,2023-03-27,9339
3037,欣興,110,6,104,華南永昌-竹北,2023-03-27,9339
6161,捷波,85,0,85,華南永昌-竹北,2023-03-27,9339
2352,佳世達,80,0,80,華南永昌-竹北,2023-03-27,9339
3035,智原,97,30,67,華南永昌-竹北,2023-03-27,9339
6112,邁達特,65,0,65,華南永昌-竹北,2023-03-27,9339
3481,群創,55,2,53,華南永昌-竹北,2023-03-27,9339
6188,廣明,54,2,52,華南永昌-竹北,2023-03-27,9339
8234,新漢,55,4,51,華南永昌-竹北,2023-03-27,9339
8046,南電,62,16,46,華南永昌-竹北,2023-03-27,9339
2369,菱生,40,0,40,華南永昌-竹北,2023-03-27,9339
5383,金利,28,0,28,華南永昌-竹北,2023-03-27,9339
1609,大亞,32,4,28,華南永昌-竹北,2023-03-27,9339
2634,漢翔,54,27,27,華南永昌-竹北,2023-03-27,9339
6472,保瑞,45,21,24,華南永昌-竹北,2023-03-27,9339
3006,晶豪科,23,0,23,華南永昌-竹北,2023-03-27,9339
8227,巨有科技,23,0,23,華南永昌-竹北,2023-03-27,9339
2208,台船,24,2,22,華南永昌-竹北,2023-03-27,9339
2201,裕隆,19,0,19,華南永昌-竹北,2023-03-27,9339
00772B,中信高評級公司債,17,0,17,華南永昌-竹北,2023-03-27,9339
1612,宏泰,15,0,15,華南永昌-竹北,2023-03-27,9339
00671R,富邦NASDAQ反1,15,0,15,華南永昌-竹北,2023-03-27,9339
00715L,期街口布蘭特正2,120,105,15,華南永昌-竹北,2023-03-27,9339
2354,鴻準,15,0,15,華南永昌-竹北,2023-03-27,9339
1504,東元,155,143,12,華南永昌-竹北,2023-03-27,9339
6443,元晶,36,24,12,華南永昌-竹北,2023-03-27,9339
3062,建漢,11,0,11,華南永昌-竹北,2023-03-27,9339
5289,宜鼎,12,1,11,華南永昌-竹北,2023-03-27,9339
6461,益得,11,0,11,華南永昌-竹北,2023-03-27,9339
3290,東浦,10,0,10,華南永昌-竹北,2023-03-27,9339
00706L,期元大S＆P日圓正2,10,0,10,華南永昌-竹北,2023-03-27,9339
3078,僑威,20,10,10,華南永昌-竹北,2023-03-27,9339
3492,長盛,10,0,10,華南永昌-竹北,2023-03-27,9339
3583,辛耘,10,0,10,華南永昌-竹北,2023-03-27,9339
3588,通嘉,10,0,10,華南永昌-竹北,2023-03-27,9339
3710,連展投控,10,0,10,華南永昌-竹北,2023-03-27,9339
5284,jpp-KY,14,4,10,華南永昌-竹北,2023-03-27,9339
6129,普誠,10,0,10,華南永昌-竹北,2023-03-27,9339
8201,無敵,10,0,10,華南永昌-竹北,2023-03-27,9339
3092,鴻碩,9,0,9,華南永昌-竹北,2023-03-27,9339
4175,杏一,9,0,9,華南永昌-竹北,2023-03-27,9339
6706,惠特,9,0,9,華南永昌-竹北,2023-03-27,9339
2457,飛宏,32,24,8,華南永昌-竹北,2023-03-27,9339
6133,金橋,8,0,8,華南永昌-竹北,2023-03-27,9339
2488,漢平,7,0,7,華南永昌-竹北,2023-03-27,9339
8996,高力,10,3,7,華南永昌-竹北,2023-03-27,9339
8033,雷虎,8,1,7,華南永昌-竹北,2023-03-27,9339
3715,定穎投控,50,44,6,華南永昌-竹北,2023-03-27,9339
6770,力積電,87,0,87,華南永昌-竹北,2023-03-28,9339
6472,保瑞,94,8,86,華南永昌-竹北,2023-03-28,9339
3037,欣興,85,7,78,華南永昌-竹北,2023-03-28,9339
3035,智原,115,44,71,華南永昌-竹北,2023-03-28,9339
2455,全新,58,3,55,華南永昌-竹北,2023-03-28,9339
2105,正新,52,0,52,華南永昌-竹北,2023-03-28,9339
6188,廣明,46,3,43,華南永昌-竹北,2023-03-28,9339
6129,普誠,42,1,41,華南永昌-竹北,2023-03-28,9339
00679B,元大美債20年,42,2,40,華南永昌-竹北,2023-03-28,9339
6873,泓德能源,34,0,34,華南永昌-竹北,2023-03-28,9339
6138,茂達,41,11,30,華南永昌-竹北,2023-03-28,9339
00680L,元大美債20正2,27,0,27,華南永昌-竹北,2023-03-28,9339
3664,安瑞-KY,26,0,26,華南永昌-竹北,2023-03-28,9339
3661,世芯-KY,29,3,26,華南永昌-竹北,2023-03-28,9339
00882,中信中國高股息,24,0,24,華南永昌-竹北,2023-03-28,9339
3027,盛達,25,1,24,華南永昌-竹北,2023-03-28,9339
8046,南電,45,21,24,華南永昌-竹北,2023-03-28,9339
6753,龍德造船,31,7,24,華南永昌-竹北,2023-03-28,9339
00773B,中信優先金融債,21,0,21,華南永昌-竹北,2023-03-28,9339
00923,群益台ESG低碳50,20,0,20,華南永昌-竹北,2023-03-28,9339
3189,景碩,19,2,17,華南永昌-竹北,2023-03-28,9339
2388,威盛,29,13,16,華南永昌-竹北,2023-03-28,9339
0050,元大台灣50,15,0,15,華南永昌-竹北,2023-03-28,9339
3481,群創,13,0,13,華南永昌-竹北,2023-03-28,9339
3691,碩禾,13,0,13,華南永昌-竹北,2023-03-28,9339
5222,全訊,25,12,13,華南永昌-竹北,2023-03-28,9339
00671R,富邦NASDAQ反1,10,0,10,華南永昌-竹北,2023-03-28,9339
3016,嘉晶,11,1,10,華南永昌-竹北,2023-03-28,9339
3234,光環,10,0,10,華南永昌-竹北,2023-03-28,9339
3583,辛耘,10,0,10,華南永昌-竹北,2023-03-28,9339
6257,矽格,10,0,10,華南永昌-竹北,2023-03-28,9339
6288,聯嘉,11,1,10,華南永昌-竹北,2023-03-28,9339
3508,位速,9,0,9,華南永昌-竹北,2023-03-28,9339
2482,連宇,20,12,8,華南永昌-竹北,2023-03-28,9339
8936,國統,10,2,8,華南永昌-竹北,2023-03-28,9339
00772B,中信高評級公司債,7,0,7,華南永昌-竹北,2023-03-28,9339
3588,通嘉,8,1,7,華南永昌-竹北,2023-03-28,9339
4726,永昕,8,1,7,華南永昌-竹北,2023-03-28,9339
1708,東鹼,20,13,7,華南永昌-竹北,2023-03-28,9339
1762,中化生,10,4,6,華南永昌-竹北,2023-03-28,9339
2888,新光金,6,0,6,華南永昌-竹北,2023-03-28,9339
2890,永豐金,6,0,6,華南永昌-竹北,2023-03-28,9339
3338,泰碩,11,5,6,華南永昌-竹北,2023-03-28,9339
6446,藥華藥,9,3,6,華南永昌-竹北,2023-03-28,9339
2303,聯電,5,0,5,華南永昌-竹北,2023-03-28,9339
2641,正德,5,0,5,華南永昌-竹北,2023-03-28,9339
4915,致伸,5,0,5,華南永昌-竹北,2023-03-28,9339
5347,世界,9,4,5,華南永昌-竹北,2023-03-28,9339
5521,工信,5,0,5,華南永昌-竹北,2023-03-28,9339
6109,亞元,5,0,5,華南永昌-竹北,2023-03-28,9339
00637L,元大滬深300正2,500,201,299,華南永昌-竹北,2023-03-29,9339
2371,大同,215,54,161,華南永昌-竹北,2023-03-29,9339
3661,世芯-KY,162,4,158,華南永昌-竹北,2023-03-29,9339
1609,大亞,51,8,43,華南永昌-竹北,2023-03-29,9339
00679B,元大美債20年,40,0,40,華南永昌-竹北,2023-03-29,9339
6509,聚和,32,0,32,華南永昌-竹北,2023-03-29,9339
3035,智原,51,19,32,華南永昌-竹北,2023-03-29,9339
00878,國泰永續高股息,29,0,29,華南永昌-竹北,2023-03-29,9339
8147,正淩,27,0,27,華南永昌-竹北,2023-03-29,9339
6799,來頡,34,9,25,華南永昌-竹北,2023-03-29,9339
00665L,富邦�琤肭磪囓�2,20,0,20,華南永昌-竹北,2023-03-29,9339
00650L,復華香港正2,20,0,20,華南永昌-竹北,2023-03-29,9339
5222,全訊,25,5,20,華南永昌-竹北,2023-03-29,9339
8234,新漢,20,0,20,華南永昌-竹北,2023-03-29,9339
3289,宜特,18,1,17,華南永昌-竹北,2023-03-29,9339
2881,富邦金,15,0,15,華南永昌-竹北,2023-03-29,9339
2457,飛宏,59,45,14,華南永昌-竹北,2023-03-29,9339
2615,萬海,18,5,13,華南永昌-竹北,2023-03-29,9339
6220,岳豐,13,0,13,華南永昌-竹北,2023-03-29,9339
6753,龍德造船,22,9,13,華南永昌-竹北,2023-03-29,9339
2312,金寶,12,0,12,華南永昌-竹北,2023-03-29,9339
3231,緯創,11,0,11,華南永昌-竹北,2023-03-29,9339
3260,威剛,10,0,10,華南永昌-竹北,2023-03-29,9339
1589,永冠-KY,10,0,10,華南永昌-竹北,2023-03-29,9339
2331,精英,30,20,10,華南永昌-竹北,2023-03-29,9339
3715,定穎投控,69,59,10,華南永昌-竹北,2023-03-29,9339
4960,誠美材,11,1,10,華南永昌-竹北,2023-03-29,9339
6274,台燿,15,5,10,華南永昌-竹北,2023-03-29,9339
2368,金像電,32,23,9,華南永昌-竹北,2023-03-29,9339
2645,長榮航太,11,2,9,華南永昌-竹北,2023-03-29,9339
00713,元大台灣高息低波,8,0,8,華南永昌-竹北,2023-03-29,9339
6485,點序,25,17,8,華南永昌-竹北,2023-03-29,9339
2834,臺企銀,8,0,8,華南永昌-竹北,2023-03-29,9339
2388,威盛,18,11,7,華南永昌-竹北,2023-03-29,9339
2405,輔信,7,0,7,華南永昌-竹北,2023-03-29,9339
2748,雲品,8,1,7,華南永昌-竹北,2023-03-29,9339
4979,華星光,11,4,7,華南永昌-竹北,2023-03-29,9339
2303,聯電,7,1,6,華南永昌-竹北,2023-03-29,9339
1101,台泥,6,0,6,華南永昌-竹北,2023-03-29,9339
6142,友勁,6,0,6,華南永昌-竹北,2023-03-29,9339
2812,台中銀,6,0,6,華南永昌-竹北,2023-03-29,9339
5425,台半,7,1,6,華南永昌-竹北,2023-03-29,9339
2609,陽明,7,2,5,華南永昌-竹北,2023-03-29,9339
6235,華孚,54,49,5,華南永昌-竹北,2023-03-29,9339
8171,天宇,5,0,5,華南永昌-竹北,2023-03-29,9339
00641R,富邦日本反1,5,0,5,華南永昌-竹北,2023-03-29,9339
1591,駿吉-KY,5,0,5,華南永昌-竹北,2023-03-29,9339
2913,農林,5,0,5,華南永昌-竹北,2023-03-29,9339
3013,晟銘電,5,0,5,華南永昌-竹北,2023-03-29,9339
3290,東浦,5,0,5,華南永昌-竹北,2023-03-29,9339
00632R,元大台灣50反1,228,0,228,華南永昌-竹北,2023-03-30,9339
4953,緯軟,126,0,126,華南永昌-竹北,2023-03-30,9339
2705,六福,88,0,88,華南永昌-竹北,2023-03-30,9339
8996,高力,58,0,58,華南永昌-竹北,2023-03-30,9339
3047,訊舟,50,20,30,華南永昌-竹北,2023-03-30,9339
2302,麗正,25,0,25,華南永昌-竹北,2023-03-30,9339
5351,鈺創,34,10,24,華南永昌-竹北,2023-03-30,9339
1762,中化生,24,3,21,華南永昌-竹北,2023-03-30,9339
8110,華東,21,3,18,華南永昌-竹北,2023-03-30,9339
00680L,元大美債20正2,17,0,17,華南永昌-竹北,2023-03-30,9339
8147,正淩,18,1,17,華南永昌-竹北,2023-03-30,9339
1584,精剛,19,3,16,華南永昌-竹北,2023-03-30,9339
00795B,中信美國公債20年,14,0,14,華南永昌-竹北,2023-03-30,9339
3481,群創,12,0,12,華南永昌-竹北,2023-03-30,9339
5243,乙盛-KY,28,16,12,華南永昌-竹北,2023-03-30,9339
5301,寶得利,12,0,12,華南永昌-竹北,2023-03-30,9339
1514,亞力,10,0,10,華南永昌-竹北,2023-03-30,9339
6167,久正,10,0,10,華南永昌-竹北,2023-03-30,9339
8926,台汽電,11,1,10,華南永昌-竹北,2023-03-30,9339
5289,宜鼎,11,1,10,華南永昌-竹北,2023-03-30,9339
1504,東元,56,47,9,華南永昌-竹北,2023-03-30,9339
6547,高端疫苗,9,0,9,華南永昌-竹北,2023-03-30,9339
3092,鴻碩,9,0,9,華南永昌-竹北,2023-03-30,9339
6531,愛普*,17,9,8,華南永昌-竹北,2023-03-30,9339
00706L,期元大S＆P日圓正2,7,0,7,華南永昌-竹北,2023-03-30,9339
2609,陽明,7,0,7,華南永昌-竹北,2023-03-30,9339
6213,聯茂,9,2,7,華南永昌-竹北,2023-03-30,9339
6281,全國電,6,0,6,華南永昌-竹北,2023-03-30,9339
2208,台船,6,0,6,華南永昌-竹北,2023-03-30,9339
1524,耿鼎,7,1,6,華南永昌-竹北,2023-03-30,9339
3289,宜特,8,2,6,華南永昌-竹北,2023-03-30,9339
4977,眾達-KY,6,0,6,華南永昌-竹北,2023-03-30,9339
9941,裕融,5,0,5,華南永昌-竹北,2023-03-30,9339
00888,永豐台灣ESG,5,0,5,華南永昌-竹北,2023-03-30,9339
00715L,期街口布蘭特正2,5,0,5,華南永昌-竹北,2023-03-30,9339
2451,創見,5,0,5,華南永昌-竹北,2023-03-30,9339
2889,國票金,5,0,5,華南永昌-竹北,2023-03-30,9339
5880,合庫金,5,0,5,華南永昌-竹北,2023-03-30,9339
6123,上奇,5,0,5,華南永昌-竹北,2023-03-30,9339
3105,穩懋,13,9,4,華南永昌-竹北,2023-03-30,9339
1589,永冠-KY,14,10,4,華南永昌-竹北,2023-03-30,9339
2312,金寶,4,0,4,華南永昌-竹北,2023-03-30,9339
2359,所羅門,4,0,4,華南永昌-竹北,2023-03-30,9339
2610,華航,5,1,4,華南永昌-竹北,2023-03-30,9339
2834,臺企銀,4,0,4,華南永昌-竹北,2023-03-30,9339
2603,長榮,3,0,3,華南永昌-竹北,2023-03-30,9339
1708,東鹼,3,0,3,華南永昌-竹北,2023-03-30,9339
1718,中纖,3,0,3,華南永昌-竹北,2023-03-30,9339
2352,佳世達,3,0,3,華南永昌-竹北,2023-03-30,9339
2390,云辰,3,0,3,華南永昌-竹北,2023-03-30,9339
6194,育富,351,0,351,華南永昌-竹北,2023-03-31,9339
3430,奇鈦科,231,2,229,華南永昌-竹北,2023-03-31,9339
4968,立積,222,0,222,華南永昌-竹北,2023-03-31,9339
00632R,元大台灣50反1,156,0,156,華南永昌-竹北,2023-03-31,9339
3714,富采,130,0,130,華南永昌-竹北,2023-03-31,9339
00673R,期元大S＆P原油反1,107,0,107,華南永昌-竹北,2023-03-31,9339
6799,來頡,67,2,65,華南永昌-竹北,2023-03-31,9339
4744,皇將,60,0,60,華南永昌-竹北,2023-03-31,9339
2457,飛宏,55,6,49,華南永昌-竹北,2023-03-31,9339
2482,連宇,46,2,44,華南永昌-竹北,2023-03-31,9339
1710,東聯,41,0,41,華南永昌-竹北,2023-03-31,9339
00888,永豐台灣ESG,37,0,37,華南永昌-竹北,2023-03-31,9339
2915,潤泰全,31,0,31,華南永昌-竹北,2023-03-31,9339
00650L,復華香港正2,30,0,30,華南永昌-竹北,2023-03-31,9339
00665L,富邦�琤肭磪囓�2,30,0,30,華南永昌-竹北,2023-03-31,9339
1712,興農,29,0,29,華南永昌-竹北,2023-03-31,9339
8046,南電,45,18,27,華南永昌-竹北,2023-03-31,9339
6547,高端疫苗,22,0,22,華南永昌-竹北,2023-03-31,9339
4908,前鼎,20,0,20,華南永昌-竹北,2023-03-31,9339
6217,中探針,25,5,20,華南永昌-竹北,2023-03-31,9339
6546,正基,15,0,15,華南永昌-竹北,2023-03-31,9339
00671R,富邦NASDAQ反1,11,0,11,華南永昌-竹北,2023-03-31,9339
6125,廣運,11,0,11,華南永昌-竹北,2023-03-31,9339
00923,群益台ESG低碳50,10,0,10,華南永昌-竹北,2023-03-31,9339
2356,英業達,10,0,10,華南永昌-竹北,2023-03-31,9339
2419,仲琦,10,0,10,華南永昌-竹北,2023-03-31,9339
4958,臻鼎-KY,13,3,10,華南永昌-竹北,2023-03-31,9339
5222,全訊,10,0,10,華南永昌-竹北,2023-03-31,9339
8110,華東,12,2,10,華南永昌-竹北,2023-03-31,9339
1760,寶齡富錦,26,17,9,華南永昌-竹北,2023-03-31,9339
3047,訊舟,8,0,8,華南永昌-竹北,2023-03-31,9339
3521,鴻翊,8,0,8,華南永昌-竹北,2023-03-31,9339
5457,宣德,8,0,8,華南永昌-竹北,2023-03-31,9339
6187,萬潤,7,0,7,華南永昌-竹北,2023-03-31,9339
00680L,元大美債20正2,7,0,7,華南永昌-竹北,2023-03-31,9339
6133,金橋,13,6,7,華南永昌-竹北,2023-03-31,9339
6175,立敦,7,0,7,華南永昌-竹北,2023-03-31,9339
6753,龍德造船,10,3,7,華南永昌-竹北,2023-03-31,9339
2201,裕隆,7,1,6,華南永昌-竹北,2023-03-31,9339
2486,一詮,6,0,6,華南永昌-竹北,2023-03-31,9339
5309,系統電,55,49,6,華南永昌-竹北,2023-03-31,9339
6443,元晶,6,0,6,華南永昌-竹北,2023-03-31,9339
5347,世界,5,0,5,華南永昌-竹北,2023-03-31,9339
1218,泰山,5,0,5,華南永昌-竹北,2023-03-31,9339
1514,亞力,5,0,5,華南永昌-竹北,2023-03-31,9339
2891,中信金,5,0,5,華南永昌-竹北,2023-03-31,9339
3056,富華新,10,5,5,華南永昌-竹北,2023-03-31,9339
3504,揚明光,5,0,5,華南永昌-竹北,2023-03-31,9339
3715,定穎投控,5,0,5,華南永昌-竹北,2023-03-31,9339
6129,普誠,5,0,5,華南永昌-竹北,2023-03-31,9339
00637L,元大滬深300正2,499,0,499,華南永昌-竹北,2023-04-06,9339
4968,立積,284,2,282,華南永昌-竹北,2023-04-06,9339
2344,華邦電,281,49,232,華南永昌-竹北,2023-04-06,9339
00673R,期元大S＆P原油反1,121,0,121,華南永昌-竹北,2023-04-06,9339
00878,國泰永續高股息,113,16,97,華南永昌-竹北,2023-04-06,9339
2887,台新金,100,7,93,華南永昌-竹北,2023-04-06,9339
8996,高力,76,0,76,華南永昌-竹北,2023-04-06,9339
3032,偉訓,75,46,29,華南永昌-竹北,2023-04-06,9339
2208,台船,51,23,28,華南永昌-竹北,2023-04-06,9339
4744,皇將,20,0,20,華南永昌-竹北,2023-04-06,9339
1710,東聯,20,3,17,華南永昌-竹北,2023-04-06,9339
1796,金穎生技,17,0,17,華南永昌-竹北,2023-04-06,9339
2867,三商壽,15,0,15,華南永昌-竹北,2023-04-06,9339
8069,元太,24,10,14,華南永昌-竹北,2023-04-06,9339
1101,台泥,10,0,10,華南永昌-竹北,2023-04-06,9339
2534,宏盛,10,0,10,華南永昌-竹北,2023-04-06,9339
0050,元大台灣50,9,0,9,華南永昌-竹北,2023-04-06,9339
3037,欣興,52,44,8,華南永昌-竹北,2023-04-06,9339
2303,聯電,21,13,8,華南永昌-竹北,2023-04-06,9339
6770,力積電,8,0,8,華南永昌-竹北,2023-04-06,9339
8234,新漢,8,1,7,華南永昌-竹北,2023-04-06,9339
00713,元大台灣高息低波,6,0,6,華南永昌-竹北,2023-04-06,9339
2641,正德,6,0,6,華南永昌-竹北,2023-04-06,9339
4919,新唐,6,0,6,華南永昌-竹北,2023-04-06,9339
6548,長科*,8,2,6,華南永昌-竹北,2023-04-06,9339
1314,中石化,5,0,5,華南永昌-竹北,2023-04-06,9339
00895,富邦未來車,5,0,5,華南永昌-竹北,2023-04-06,9339
00680L,元大美債20正2,15,10,5,華南永昌-竹北,2023-04-06,9339
1609,大亞,33,28,5,華南永昌-竹北,2023-04-06,9339
3027,盛達,6,1,5,華南永昌-竹北,2023-04-06,9339
3702,大聯大,5,0,5,華南永昌-竹北,2023-04-06,9339
2454,聯發科,5,1,4,華南永昌-竹北,2023-04-06,9339
6104,創惟,11,7,4,華南永昌-竹北,2023-04-06,9339
3289,宜特,10,6,4,華南永昌-竹北,2023-04-06,9339
00902,中信電池及儲能,4,0,4,華南永昌-竹北,2023-04-06,9339
2528,皇普,4,0,4,華南永昌-竹北,2023-04-06,9339
2890,永豐金,5,1,4,華南永昌-竹北,2023-04-06,9339
3071,協禧,4,0,4,華南永昌-竹北,2023-04-06,9339
6550,北極星藥業-KY,8,4,4,華南永昌-竹北,2023-04-06,9339
6799,來頡,4,0,4,華南永昌-竹北,2023-04-06,9339
8215,明基材,4,0,4,華南永昌-竹北,2023-04-06,9339
4966,譜瑞-KY,6,2,4,華南永昌-竹北,2023-04-06,9339
6235,華孚,69,65,4,華南永昌-竹北,2023-04-06,9339
4114,健喬,3,0,3,華南永昌-竹北,2023-04-06,9339
6152,百一,3,0,3,華南永昌-竹北,2023-04-06,9339
006208,富邦台50,3,0,3,華南永昌-竹北,2023-04-06,9339
1514,亞力,3,0,3,華南永昌-竹北,2023-04-06,9339
2329,華泰,3,0,3,華南永昌-竹北,2023-04-06,9339
2342,茂矽,3,0,3,華南永昌-竹北,2023-04-06,9339
3078,僑威,9,6,3,華南永昌-竹北,2023-04-06,9339
6143,振曜,561,0,561,華南永昌-竹北,2023-04-07,9339
00632R,元大台灣50反1,270,0,270,華南永昌-竹北,2023-04-07,9339
3260,威剛,179,35,144,華南永昌-竹北,2023-04-07,9339
8996,高力,126,0,126,華南永昌-竹北,2023-04-07,9339
6538,倉和,120,0,120,華南永昌-竹北,2023-04-07,9339
6223,旺矽,120,0,120,華南永昌-竹北,2023-04-07,9339
3576,聯合再生,100,0,100,華南永昌-竹北,2023-04-07,9339
2317,鴻海,165,100,65,華南永昌-竹北,2023-04-07,9339
00888,永豐台灣ESG,60,0,60,華南永昌-竹北,2023-04-07,9339
5222,全訊,53,9,44,華南永昌-竹北,2023-04-07,9339
5347,世界,37,1,36,華南永昌-竹北,2023-04-07,9339
3308,聯德,34,1,33,華南永昌-竹北,2023-04-07,9339
4541,晟田,30,0,30,華南永昌-竹北,2023-04-07,9339
4726,永昕,29,0,29,華南永昌-竹北,2023-04-07,9339
6188,廣明,36,15,21,華南永昌-竹北,2023-04-07,9339
4744,皇將,20,0,20,華南永昌-竹北,2023-04-07,9339
1605,華新,21,1,20,華南永昌-竹北,2023-04-07,9339
5452,佶優,20,0,20,華南永昌-竹北,2023-04-07,9339
2351,順德,18,3,15,華南永昌-竹北,2023-04-07,9339
2867,三商壽,10,0,10,華南永昌-竹北,2023-04-07,9339
3211,順達,10,0,10,華南永昌-竹北,2023-04-07,9339
1307,三芳,10,0,10,華南永昌-竹北,2023-04-07,9339
00720B,元大投資級公司債,10,0,10,華南永昌-竹北,2023-04-07,9339
2356,英業達,40,30,10,華南永昌-竹北,2023-04-07,9339
3625,西勝,10,0,10,華南永昌-竹北,2023-04-07,9339
6216,居易,10,0,10,華南永昌-竹北,2023-04-07,9339
4129,聯合,10,0,10,華南永昌-竹北,2023-04-07,9339
00673R,期元大S＆P原油反1,9,0,9,華南永昌-竹北,2023-04-07,9339
00878,國泰永續高股息,12,4,8,華南永昌-竹北,2023-04-07,9339
2002,中鋼,8,0,8,華南永昌-竹北,2023-04-07,9339
8069,元太,10,2,8,華南永昌-竹北,2023-04-07,9339
1513,中興電,10,2,8,華南永昌-竹北,2023-04-07,9339
3058,立德,8,0,8,華南永昌-竹北,2023-04-07,9339
8110,華東,8,0,8,華南永昌-竹北,2023-04-07,9339
00680L,元大美債20正2,7,0,7,華南永昌-竹北,2023-04-07,9339
1611,中電,7,0,7,華南永昌-竹北,2023-04-07,9339
6509,聚和,8,1,7,華南永昌-竹北,2023-04-07,9339
2352,佳世達,11,4,7,華南永昌-竹北,2023-04-07,9339
8213,志超,6,0,6,華南永昌-竹北,2023-04-07,9339
1714,和桐,5,0,5,華南永昌-竹北,2023-04-07,9339
1560,中砂,5,0,5,華南永昌-竹北,2023-04-07,9339
2302,麗正,5,0,5,華南永昌-竹北,2023-04-07,9339
3035,智原,30,25,5,華南永昌-竹北,2023-04-07,9339
4736,泰博,5,0,5,華南永昌-竹北,2023-04-07,9339
6129,普誠,5,0,5,華南永昌-竹北,2023-04-07,9339
6841,長佳智能,5,0,5,華南永昌-竹北,2023-04-07,9339
8088,品安,5,0,5,華南永昌-竹北,2023-04-07,9339
4707,磐亞,5,0,5,華南永昌-竹北,2023-04-07,9339
3520,華盈,5,0,5,華南永昌-竹北,2023-04-07,9339
6830,汎銓,6,2,4,華南永昌-竹北,2023-04-07,9339
2344,華邦電,407,103,304,華南永昌-竹北,2023-04-10,9339
00637L,元大滬深300正2,337,67,270,華南永昌-竹北,2023-04-10,9339
2609,陽明,274,4,270,華南永昌-竹北,2023-04-10,9339
6118,建達,168,0,168,華南永昌-竹北,2023-04-10,9339
00632R,元大台灣50反1,162,0,162,華南永昌-竹北,2023-04-10,9339
2637,慧洋-KY,150,0,150,華南永昌-竹北,2023-04-10,9339
2915,潤泰全,75,0,75,華南永昌-竹北,2023-04-10,9339
00888,永豐台灣ESG,61,0,61,華南永昌-竹北,2023-04-10,9339
00679B,元大美債20年,50,1,49,華南永昌-竹北,2023-04-10,9339
00725B,國泰投資級公司債,40,0,40,華南永昌-竹北,2023-04-10,9339
8201,無敵,23,0,23,華南永昌-竹北,2023-04-10,9339
6516,勤崴國際,23,0,23,華南永昌-竹北,2023-04-10,9339
3663,鑫科,20,0,20,華南永昌-竹北,2023-04-10,9339
6203,海韻電,20,0,20,華南永昌-竹北,2023-04-10,9339
6861,睿生光電,20,0,20,華南永昌-竹北,2023-04-10,9339
1210,大成,19,2,17,華南永昌-竹北,2023-04-10,9339
2482,連宇,18,1,17,華南永昌-竹北,2023-04-10,9339
3006,晶豪科,29,13,16,華南永昌-竹北,2023-04-10,9339
4958,臻鼎-KY,16,0,16,華南永昌-竹北,2023-04-10,9339
6274,台燿,15,0,15,華南永昌-竹北,2023-04-10,9339
1609,大亞,15,0,15,華南永昌-竹北,2023-04-10,9339
2707,晶華,15,0,15,華南永昌-竹北,2023-04-10,9339
4581,光隆精密-KY,14,0,14,華南永昌-竹北,2023-04-10,9339
6209,今國光,11,0,11,華南永昌-竹北,2023-04-10,9339
6443,元晶,12,1,11,華南永昌-竹北,2023-04-10,9339
6770,力積電,12,1,11,華南永昌-竹北,2023-04-10,9339
2351,順德,10,0,10,華南永昌-竹北,2023-04-10,9339
2392,正崴,10,0,10,華南永昌-竹北,2023-04-10,9339
2615,萬海,13,3,10,華南永昌-竹北,2023-04-10,9339
2888,新光金,10,0,10,華南永昌-竹北,2023-04-10,9339
4707,磐亞,10,0,10,華南永昌-竹北,2023-04-10,9339
00882,中信中國高股息,9,0,9,華南永昌-竹北,2023-04-10,9339
3027,盛達,11,2,9,華南永昌-竹北,2023-04-10,9339
3231,緯創,23,14,9,華南永昌-竹北,2023-04-10,9339
3432,台端,10,1,9,華南永昌-竹北,2023-04-10,9339
2472,立隆電,7,0,7,華南永昌-竹北,2023-04-10,9339
00878,國泰永續高股息,22,16,6,華南永昌-竹北,2023-04-10,9339
1589,永冠-KY,6,0,6,華南永昌-竹北,2023-04-10,9339
2539,櫻花建,6,0,6,華南永昌-竹北,2023-04-10,9339
6290,良維,6,0,6,華南永昌-竹北,2023-04-10,9339
8183,精星,6,0,6,華南永昌-竹北,2023-04-10,9339
5222,全訊,9,4,5,華南永昌-竹北,2023-04-10,9339
1611,中電,5,0,5,華南永昌-竹北,2023-04-10,9339
1737,臺鹽,6,1,5,華南永昌-竹北,2023-04-10,9339
2601,益航,5,0,5,華南永昌-竹北,2023-04-10,9339
2867,三商壽,5,0,5,華南永昌-竹北,2023-04-10,9339
3354,律勝,5,0,5,華南永昌-竹北,2023-04-10,9339
3374,精材,5,0,5,華南永昌-竹北,2023-04-10,9339
6129,普誠,5,0,5,華南永昌-竹北,2023-04-10,9339
6829,千附精密,16,11,5,華南永昌-竹北,2023-04-10,9339
00637L,元大滬深300正2,272,60,212,華南永昌-竹北,2023-04-11,9339
4968,立積,176,50,126,華南永昌-竹北,2023-04-11,9339
3701,大眾控,120,4,116,華南永昌-竹北,2023-04-11,9339
6461,益得,110,0,110,華南永昌-竹北,2023-04-11,9339
1504,東元,107,5,102,華南永昌-竹北,2023-04-11,9339
00632R,元大台灣50反1,158,60,98,華南永昌-竹北,2023-04-11,9339
4726,永昕,91,0,91,華南永昌-竹北,2023-04-11,9339
3037,欣興,90,0,90,華南永昌-竹北,2023-04-11,9339
2609,陽明,81,0,81,華南永昌-竹北,2023-04-11,9339
00878,國泰永續高股息,75,4,71,華南永昌-竹北,2023-04-11,9339
1701,中化,60,0,60,華南永昌-竹北,2023-04-11,9339
4915,致伸,55,0,55,華南永昌-竹北,2023-04-11,9339
5353,台林,51,1,50,華南永昌-竹北,2023-04-11,9339
6125,廣運,140,90,50,華南永昌-竹北,2023-04-11,9339
4953,緯軟,59,11,48,華南永昌-竹北,2023-04-11,9339
2891,中信金,48,0,48,華南永昌-竹北,2023-04-11,9339
3046,建��,56,9,47,華南永昌-竹北,2023-04-11,9339
8234,新漢,58,11,47,華南永昌-竹北,2023-04-11,9339
4114,健喬,39,0,39,華南永昌-竹北,2023-04-11,9339
3141,晶宏,38,2,36,華南永昌-竹北,2023-04-11,9339
2457,飛宏,91,66,25,華南永昌-竹北,2023-04-11,9339
4503,金雨,25,0,25,華南永昌-竹北,2023-04-11,9339
3035,智原,41,17,24,華南永昌-竹北,2023-04-11,9339
9914,美利達,20,0,20,華南永昌-竹北,2023-04-11,9339
2009,第一銅,19,0,19,華南永昌-竹北,2023-04-11,9339
6695,芯鼎,19,1,18,華南永昌-竹北,2023-04-11,9339
00679B,元大美債20年,17,0,17,華南永昌-竹北,2023-04-11,9339
3189,景碩,15,0,15,華南永昌-竹北,2023-04-11,9339
6770,力積電,20,5,15,華南永昌-竹北,2023-04-11,9339
2492,華新科,15,1,14,華南永昌-竹北,2023-04-11,9339
8087,麗升能源,12,0,12,華南永昌-竹北,2023-04-11,9339
1783,和康生,11,0,11,華南永昌-竹北,2023-04-11,9339
6271,同欣電,11,0,11,華南永昌-竹北,2023-04-11,9339
6485,點序,15,4,11,華南永昌-竹北,2023-04-11,9339
00680L,元大美債20正2,10,0,10,華南永昌-竹北,2023-04-11,9339
2471,資通,10,0,10,華南永昌-竹北,2023-04-11,9339
3027,盛達,10,0,10,華南永昌-竹北,2023-04-11,9339
3663,鑫科,10,0,10,華南永昌-竹北,2023-04-11,9339
6209,今國光,10,0,10,華南永昌-竹北,2023-04-11,9339
6163,華電網,12,3,9,華南永昌-竹北,2023-04-11,9339
6443,元晶,23,14,9,華南永昌-竹北,2023-04-11,9339
3558,神準,12,4,8,華南永昌-竹北,2023-04-11,9339
6142,友勁,8,0,8,華南永昌-竹北,2023-04-11,9339
6546,正基,8,0,8,華南永昌-竹北,2023-04-11,9339
3078,僑威,20,13,7,華南永昌-竹北,2023-04-11,9339
3413,京鼎,9,2,7,華南永昌-竹北,2023-04-11,9339
3430,奇鈦科,7,0,7,華南永昌-竹北,2023-04-11,9339
5328,華容,6,0,6,華南永昌-竹北,2023-04-11,9339
2206,三陽工業,40,34,6,華南永昌-竹北,2023-04-11,9339
3308,聯德,6,0,6,華南永昌-竹北,2023-04-11,9339
6163,華電網,212,2,210,華南永昌-竹北,2023-04-12,9339
00637L,元大滬深300正2,194,2,192,華南永昌-竹北,2023-04-12,9339
00632R,元大台灣50反1,147,0,147,華南永昌-竹北,2023-04-12,9339
3701,大眾控,103,0,103,華南永昌-竹北,2023-04-12,9339
3169,亞信,82,11,71,華南永昌-竹北,2023-04-12,9339
2405,輔信,61,8,53,華南永昌-竹北,2023-04-12,9339
6223,旺矽,38,2,36,華南永昌-竹北,2023-04-12,9339
2634,漢翔,49,19,30,華南永昌-竹北,2023-04-12,9339
1513,中興電,44,19,25,華南永昌-竹北,2023-04-12,9339
3141,晶宏,25,0,25,華南永昌-竹北,2023-04-12,9339
6217,中探針,40,16,24,華南永昌-竹北,2023-04-12,9339
2457,飛宏,28,5,23,華南永昌-竹北,2023-04-12,9339
0050,元大台灣50,20,0,20,華南永昌-竹北,2023-04-12,9339
4968,立積,27,7,20,華南永昌-竹北,2023-04-12,9339
1783,和康生,19,0,19,華南永昌-竹北,2023-04-12,9339
8201,無敵,18,0,18,華南永昌-竹北,2023-04-12,9339
4726,永昕,17,0,17,華南永昌-竹北,2023-04-12,9339
00673R,期元大S＆P原油反1,15,0,15,華南永昌-竹北,2023-04-12,9339
00878,國泰永續高股息,14,1,13,華南永昌-竹北,2023-04-12,9339
2609,陽明,21,8,13,華南永昌-竹北,2023-04-12,9339
3207,耀勝,13,0,13,華南永昌-竹北,2023-04-12,9339
1609,大亞,63,52,11,華南永昌-竹北,2023-04-12,9339
00891,中信關鍵半導體,10,0,10,華南永昌-竹北,2023-04-12,9339
00650L,復華香港正2,10,0,10,華南永昌-竹北,2023-04-12,9339
2493,揚博,10,0,10,華南永昌-竹北,2023-04-12,9339
2497,怡利電,10,0,10,華南永昌-竹北,2023-04-12,9339
3017,奇鋐,14,4,10,華南永昌-竹北,2023-04-12,9339
3490,單井,10,0,10,華南永昌-竹北,2023-04-12,9339
4503,金雨,10,0,10,華南永昌-竹北,2023-04-12,9339
8033,雷虎,10,0,10,華南永昌-竹北,2023-04-12,9339
8277,商丞,10,0,10,華南永昌-竹北,2023-04-12,9339
6873,泓德能源,9,0,9,華南永昌-竹北,2023-04-12,9339
4541,晟田,10,2,8,華南永昌-竹北,2023-04-12,9339
5530,龍巖,8,0,8,華南永昌-竹北,2023-04-12,9339
6235,華孚,44,37,7,華南永昌-竹北,2023-04-12,9339
2449,京元電子,6,0,6,華南永昌-竹北,2023-04-12,9339
3413,京鼎,6,0,6,華南永昌-竹北,2023-04-12,9339
3664,安瑞-KY,6,0,6,華南永昌-竹北,2023-04-12,9339
4155,訊映,6,0,6,華南永昌-竹北,2023-04-12,9339
5439,高技,6,0,6,華南永昌-竹北,2023-04-12,9339
6142,友勁,7,1,6,華南永昌-竹北,2023-04-12,9339
8028,昇陽半導體,14,8,6,華南永昌-竹北,2023-04-12,9339
9958,世紀鋼,13,7,6,華南永昌-竹北,2023-04-12,9339
6830,汎銓,5,0,5,華南永昌-竹北,2023-04-12,9339
2201,裕隆,8,3,5,華南永昌-竹北,2023-04-12,9339
2338,光罩,5,0,5,華南永昌-竹北,2023-04-12,9339
2380,虹光,5,0,5,華南永昌-竹北,2023-04-12,9339
3221,台嘉碩,6,1,5,華南永昌-竹北,2023-04-12,9339
3432,台端,5,0,5,華南永昌-竹北,2023-04-12,9339
4927,泰鼎-KY,5,0,5,華南永昌-竹北,2023-04-12,9339
2515,中工,176,46,130,華南永昌-竹北,2023-04-13,9339
1783,和康生,85,0,85,華南永昌-竹北,2023-04-13,9339
00632R,元大台灣50反1,56,0,56,華南永昌-竹北,2023-04-13,9339
2323,中環,52,1,51,華南永昌-竹北,2023-04-13,9339
3014,聯陽,48,0,48,華南永昌-竹北,2023-04-13,9339
6163,華電網,109,66,43,華南永昌-竹北,2023-04-13,9339
00673R,期元大S＆P原油反1,38,0,38,華南永昌-竹北,2023-04-13,9339
6175,立敦,36,0,36,華南永昌-竹北,2023-04-13,9339
3363,上詮,43,8,35,華南永昌-竹北,2023-04-13,9339
3049,精金,30,0,30,華南永昌-竹北,2023-04-13,9339
1513,中興電,74,47,27,華南永昌-竹北,2023-04-13,9339
6695,芯鼎,24,0,24,華南永昌-竹北,2023-04-13,9339
3230,錦明,23,0,23,華南永昌-竹北,2023-04-13,9339
2482,連宇,21,0,21,華南永昌-竹北,2023-04-13,9339
4967,十銓,27,6,21,華南永昌-竹北,2023-04-13,9339
1504,東元,98,78,20,華南永昌-竹北,2023-04-13,9339
2390,云辰,20,1,19,華南永昌-竹北,2023-04-13,9339
6547,高端疫苗,19,0,19,華南永昌-竹北,2023-04-13,9339
2645,長榮航太,20,2,18,華南永昌-竹北,2023-04-13,9339
00712,復華富時不動產,17,0,17,華南永昌-竹北,2023-04-13,9339
3228,金麗科,16,0,16,華南永昌-竹北,2023-04-13,9339
5328,華容,16,0,16,華南永昌-竹北,2023-04-13,9339
00680L,元大美債20正2,15,0,15,華南永昌-竹北,2023-04-13,9339
1701,中化,15,0,15,華南永昌-竹北,2023-04-13,9339
4114,健喬,16,1,15,華南永昌-竹北,2023-04-13,9339
4433,興采,15,0,15,華南永昌-竹北,2023-04-13,9339
4744,皇將,15,0,15,華南永昌-竹北,2023-04-13,9339
4953,緯軟,16,1,15,華南永昌-竹北,2023-04-13,9339
6203,海韻電,15,0,15,華南永昌-竹北,2023-04-13,9339
8936,國統,15,0,15,華南永昌-竹北,2023-04-13,9339
5009,榮剛,27,14,13,華南永昌-竹北,2023-04-13,9339
00720B,元大投資級公司債,12,0,12,華南永昌-竹北,2023-04-13,9339
2705,六福,12,0,12,華南永昌-竹北,2023-04-13,9339
6235,華孚,62,50,12,華南永昌-竹北,2023-04-13,9339
00891,中信關鍵半導體,11,0,11,華南永昌-竹北,2023-04-13,9339
3236,千如,11,0,11,華南永昌-竹北,2023-04-13,9339
3701,大眾控,12,1,11,華南永昌-竹北,2023-04-13,9339
0056,元大高股息,10,0,10,華南永昌-竹北,2023-04-13,9339
00650L,復華香港正2,10,0,10,華南永昌-竹北,2023-04-13,9339
1313,聯成,10,0,10,華南永昌-竹北,2023-04-13,9339
2363,矽統,10,0,10,華南永昌-竹北,2023-04-13,9339
2442,新美齊,10,0,10,華南永昌-竹北,2023-04-13,9339
2610,華航,12,2,10,華南永昌-竹北,2023-04-13,9339
8109,博大,10,0,10,華南永昌-竹北,2023-04-13,9339
8131,福懋科,10,0,10,華南永昌-竹北,2023-04-13,9339
2330,台積電,15,5,10,華南永昌-竹北,2023-04-13,9339
5258,虹堡,20,11,9,華南永昌-竹北,2023-04-13,9339
5309,系統電,22,13,9,華南永昌-竹北,2023-04-13,9339
5371,中光電,10,1,9,華南永昌-竹北,2023-04-13,9339
2881,富邦金,13,5,8,華南永昌-竹北,2023-04-13,9339
00637L,元大滬深300正2,460,210,250,華南永昌-竹北,2023-04-14,9339
00632R,元大台灣50反1,162,0,162,華南永昌-竹北,2023-04-14,9339
2888,新光金,119,1,118,華南永昌-竹北,2023-04-14,9339
8222,寶一,124,12,112,華南永昌-竹北,2023-04-14,9339
4726,永昕,101,0,101,華南永昌-竹北,2023-04-14,9339
1504,東元,137,53,84,華南永昌-竹北,2023-04-14,9339
2402,毅嘉,83,4,79,華南永昌-竹北,2023-04-14,9339
2455,全新,76,0,76,華南永昌-竹北,2023-04-14,9339
5465,富驊,72,0,72,華南永昌-竹北,2023-04-14,9339
00679B,元大美債20年,67,1,66,華南永昌-竹北,2023-04-14,9339
2206,三陽工業,60,8,52,華南永昌-竹北,2023-04-14,9339
4128,中天,48,0,48,華南永昌-竹北,2023-04-14,9339
2208,台船,118,73,45,華南永昌-竹北,2023-04-14,9339
8936,國統,89,45,44,華南永昌-竹北,2023-04-14,9339
2634,漢翔,163,122,41,華南永昌-竹北,2023-04-14,9339
6116,彩晶,52,15,37,華南永昌-竹北,2023-04-14,9339
00720B,元大投資級公司債,34,0,34,華南永昌-竹北,2023-04-14,9339
6197,佳必琪,35,3,32,華南永昌-竹北,2023-04-14,9339
8421,旭源,30,0,30,華南永昌-竹北,2023-04-14,9339
6005,群益證,50,21,29,華南永昌-竹北,2023-04-14,9339
3663,鑫科,30,3,27,華南永昌-竹北,2023-04-14,9339
2368,金像電,26,0,26,華南永昌-竹北,2023-04-14,9339
3037,欣興,26,0,26,華南永昌-竹北,2023-04-14,9339
00664R,國泰臺灣加權反1,25,0,25,華南永昌-竹北,2023-04-14,9339
2349,錸德,25,0,25,華南永昌-竹北,2023-04-14,9339
3032,偉訓,30,7,23,華南永昌-竹北,2023-04-14,9339
4916,事欣科,20,0,20,華南永昌-竹北,2023-04-14,9339
00888,永豐台灣ESG,16,0,16,華南永昌-竹北,2023-04-14,9339
4971,IET-KY,16,0,16,華南永昌-竹北,2023-04-14,9339
3027,盛達,53,38,15,華南永昌-竹北,2023-04-14,9339
4114,健喬,15,0,15,華南永昌-竹北,2023-04-14,9339
5475,德宏,15,0,15,華南永昌-竹北,2023-04-14,9339
5483,中美晶,13,0,13,華南永昌-竹北,2023-04-14,9339
4147,中裕,25,12,13,華南永昌-竹北,2023-04-14,9339
3016,嘉晶,12,0,12,華南永昌-竹北,2023-04-14,9339
4908,前鼎,12,0,12,華南永昌-竹北,2023-04-14,9339
1513,中興電,28,16,12,華南永昌-竹北,2023-04-14,9339
3078,僑威,14,3,11,華南永昌-竹北,2023-04-14,9339
3558,神準,12,1,11,華南永昌-竹北,2023-04-14,9339
6285,啟��,12,1,11,華南永昌-竹北,2023-04-14,9339
3029,零壹,13,2,11,華南永昌-竹北,2023-04-14,9339
1618,合機,32,22,10,華南永昌-竹北,2023-04-14,9339
2882,國泰金,11,1,10,華南永昌-竹北,2023-04-14,9339
8016,矽創,10,0,10,華南永昌-竹北,2023-04-14,9339
1219,福壽,10,0,10,華南永昌-竹北,2023-04-14,9339
1608,華榮,10,0,10,華南永昌-竹北,2023-04-14,9339
2302,麗正,11,1,10,華南永昌-竹北,2023-04-14,9339
2607,榮運,10,0,10,華南永昌-竹北,2023-04-14,9339
6167,久正,10,0,10,華南永昌-竹北,2023-04-14,9339
8110,華東,10,0,10,華南永昌-竹北,2023-04-14,9339
1605,華新,628,3,625,華南永昌-竹北,2023-04-17,9339
6026,福邦證,183,16,167,華南永昌-竹北,2023-04-17,9339
3290,東浦,112,0,112,華南永昌-竹北,2023-04-17,9339
00882,中信中國高股息,100,0,100,華南永昌-竹北,2023-04-17,9339
2610,華航,86,3,83,華南永昌-竹北,2023-04-17,9339
6190,萬泰科,62,0,62,華南永昌-竹北,2023-04-17,9339
9110,越南控-DR,62,0,62,華南永昌-竹北,2023-04-17,9339
6167,久正,60,2,58,華南永昌-竹北,2023-04-17,9339
3481,群創,55,2,53,華南永昌-竹北,2023-04-17,9339
4953,緯軟,67,20,47,華南永昌-竹北,2023-04-17,9339
3701,大眾控,46,0,46,華南永昌-竹北,2023-04-17,9339
00632R,元大台灣50反1,44,0,44,華南永昌-竹北,2023-04-17,9339
6465,威潤,41,0,41,華南永昌-竹北,2023-04-17,9339
00680L,元大美債20正2,39,0,39,華南永昌-竹北,2023-04-17,9339
00679B,元大美債20年,33,7,26,華南永昌-竹北,2023-04-17,9339
6175,立敦,25,0,25,華南永昌-竹北,2023-04-17,9339
2359,所羅門,71,48,23,華南永昌-竹北,2023-04-17,9339
00720B,元大投資級公司債,21,0,21,華南永昌-竹北,2023-04-17,9339
3141,晶宏,22,1,21,華南永昌-竹北,2023-04-17,9339
2208,台船,89,69,20,華南永昌-竹北,2023-04-17,9339
2634,漢翔,92,73,19,華南永昌-竹北,2023-04-17,9339
3217,優群,20,1,19,華南永昌-竹北,2023-04-17,9339
8996,高力,28,9,19,華南永昌-竹北,2023-04-17,9339
1108,幸福,17,0,17,華南永昌-竹北,2023-04-17,9339
2009,第一銅,15,0,15,華南永昌-竹北,2023-04-17,9339
2609,陽明,28,13,15,華南永昌-竹北,2023-04-17,9339
3374,精材,17,2,15,華南永昌-竹北,2023-04-17,9339
6753,龍德造船,14,0,14,華南永昌-竹北,2023-04-17,9339
6235,華孚,45,31,14,華南永昌-竹北,2023-04-17,9339
8936,國統,13,0,13,華南永昌-竹北,2023-04-17,9339
3035,智原,12,0,12,華南永昌-竹北,2023-04-17,9339
6799,來頡,12,0,12,華南永昌-竹北,2023-04-17,9339
00712,復華富時不動產,12,0,12,華南永昌-竹北,2023-04-17,9339
00673R,期元大S＆P原油反1,10,0,10,華南永昌-竹北,2023-04-17,9339
00772B,中信高評級公司債,10,0,10,華南永昌-竹北,2023-04-17,9339
3071,協禧,11,1,10,華南永昌-竹北,2023-04-17,9339
3494,誠研,10,0,10,華南永昌-竹北,2023-04-17,9339
4503,金雨,10,0,10,華南永昌-竹北,2023-04-17,9339
4529,淳紳,10,0,10,華南永昌-竹北,2023-04-17,9339
4916,事欣科,10,0,10,華南永昌-竹北,2023-04-17,9339
4952,凌通,10,0,10,華南永昌-竹北,2023-04-17,9339
2444,兆勁,10,1,9,華南永昌-竹北,2023-04-17,9339
3014,聯陽,9,0,9,華南永昌-竹北,2023-04-17,9339
3094,聯傑,9,0,9,華南永昌-竹北,2023-04-17,9339
1215,卜蜂,9,1,8,華南永昌-竹北,2023-04-17,9339
6197,佳必琪,8,0,8,華南永昌-竹北,2023-04-17,9339
8033,雷虎,24,16,8,華南永昌-竹北,2023-04-17,9339
1618,合機,19,12,7,華南永昌-竹北,2023-04-17,9339
1736,喬山,7,0,7,華南永昌-竹北,2023-04-17,9339
5222,全訊,8,1,7,華南永昌-竹北,2023-04-17,9339
6509,聚和,331,80,251,華南永昌-竹北,2023-04-18,9339
2609,陽明,236,5,231,華南永昌-竹北,2023-04-18,9339
2413,環科,198,15,183,華南永昌-竹北,2023-04-18,9339
3037,欣興,163,0,163,華南永昌-竹北,2023-04-18,9339
4908,前鼎,156,0,156,華南永昌-竹北,2023-04-18,9339
6026,福邦證,134,1,133,華南永昌-竹北,2023-04-18,9339
8215,明基材,120,6,114,華南永昌-竹北,2023-04-18,9339
8234,新漢,110,2,108,華南永昌-竹北,2023-04-18,9339
00632R,元大台灣50反1,100,0,100,華南永昌-竹北,2023-04-18,9339
00772B,中信高評級公司債,77,0,77,華南永昌-竹北,2023-04-18,9339
2409,友達,72,0,72,華南永昌-竹北,2023-04-18,9339
5243,乙盛-KY,69,1,68,華南永昌-竹北,2023-04-18,9339
00680L,元大美債20正2,65,0,65,華南永昌-竹北,2023-04-18,9339
3624,光頡,81,16,65,華南永昌-竹北,2023-04-18,9339
00878,國泰永續高股息,54,2,52,華南永昌-竹北,2023-04-18,9339
00753L,中信中國50正2,50,0,50,華南永昌-竹北,2023-04-18,9339
3374,精材,51,1,50,華南永昌-竹北,2023-04-18,9339
00679B,元大美債20年,44,1,43,華南永昌-竹北,2023-04-18,9339
4550,長佳,39,0,39,華南永昌-竹北,2023-04-18,9339
4919,新唐,39,1,38,華南永昌-竹北,2023-04-18,9339
2312,金寶,33,0,33,華南永昌-竹北,2023-04-18,9339
4915,致伸,38,5,33,華南永昌-竹北,2023-04-18,9339
2455,全新,32,0,32,華南永昌-竹北,2023-04-18,9339
00650L,復華香港正2,30,0,30,華南永昌-竹北,2023-04-18,9339
8046,南電,30,1,29,華南永昌-竹北,2023-04-18,9339
6770,力積電,41,13,28,華南永昌-竹北,2023-04-18,9339
1504,東元,32,5,27,華南永昌-竹北,2023-04-18,9339
3236,千如,25,1,24,華南永昌-竹北,2023-04-18,9339
4916,事欣科,25,1,24,華南永昌-竹北,2023-04-18,9339
00673R,期元大S＆P原油反1,23,0,23,華南永昌-竹北,2023-04-18,9339
3701,大眾控,23,1,22,華南永昌-竹北,2023-04-18,9339
2208,台船,225,204,21,華南永昌-竹北,2023-04-18,9339
3050,鈺德,20,0,20,華南永昌-竹北,2023-04-18,9339
1618,合機,28,8,20,華南永昌-竹北,2023-04-18,9339
2009,第一銅,20,0,20,華南永昌-竹北,2023-04-18,9339
3558,神準,21,1,20,華南永昌-竹北,2023-04-18,9339
00712,復華富時不動產,19,0,19,華南永昌-竹北,2023-04-18,9339
2338,光罩,24,5,19,華南永昌-竹北,2023-04-18,9339
4967,十銓,21,3,18,華南永昌-竹北,2023-04-18,9339
6451,訊芯-KY,18,0,18,華南永昌-竹北,2023-04-18,9339
6695,芯鼎,18,0,18,華南永昌-竹北,2023-04-18,9339
6148,驊宏資,22,5,17,華南永昌-竹北,2023-04-18,9339
5512,力麒,16,0,16,華南永昌-竹北,2023-04-18,9339
6175,立敦,15,0,15,華南永昌-竹北,2023-04-18,9339
6271,同欣電,14,0,14,華南永昌-竹北,2023-04-18,9339
3661,世芯-KY,15,2,13,華南永昌-竹北,2023-04-18,9339
4968,立積,46,33,13,華南永昌-竹北,2023-04-18,9339
6217,中探針,12,0,12,華南永昌-竹北,2023-04-18,9339
1519,華城,21,10,11,華南永昌-竹北,2023-04-18,9339
4728,雙美,11,0,11,華南永昌-竹北,2023-04-18,9339
00637L,元大滬深300正2,440,20,420,華南永昌-竹北,2023-04-19,9339
3673,TPK-KY,419,60,359,華南永昌-竹北,2023-04-19,9339
2618,長榮航,200,0,200,華南永昌-竹北,2023-04-19,9339
3037,欣興,91,2,89,華南永昌-竹北,2023-04-19,9339
4979,華星光,98,16,82,華南永昌-竹北,2023-04-19,9339
1701,中化,60,2,58,華南永昌-竹北,2023-04-19,9339
8222,寶一,93,41,52,華南永昌-竹北,2023-04-19,9339
2634,漢翔,85,39,46,華南永昌-竹北,2023-04-19,9339
4958,臻鼎-KY,50,7,43,華南永昌-竹北,2023-04-19,9339
6874,倍力,40,0,40,華南永昌-竹北,2023-04-19,9339
1504,東元,76,43,33,華南永昌-竹北,2023-04-19,9339
1503,士電,30,0,30,華南永昌-竹北,2023-04-19,9339
4906,正文,30,0,30,華南永昌-竹北,2023-04-19,9339
3013,晟銘電,31,2,29,華南永昌-竹北,2023-04-19,9339
6869,雲豹能源,28,0,28,華南永昌-竹北,2023-04-19,9339
6125,廣運,28,1,27,華南永昌-竹北,2023-04-19,9339
3374,精材,27,1,26,華南永昌-竹北,2023-04-19,9339
2002,中鋼,25,0,25,華南永昌-竹北,2023-04-19,9339
6277,宏正,25,0,25,華南永昌-竹北,2023-04-19,9339
1760,寶齡富錦,38,15,23,華南永昌-竹北,2023-04-19,9339
00772B,中信高評級公司債,22,0,22,華南永昌-竹北,2023-04-19,9339
1810,和成,21,1,20,華南永昌-竹北,2023-04-19,9339
3305,昇貿,20,0,20,華南永昌-竹北,2023-04-19,9339
3105,穩懋,23,3,20,華南永昌-竹北,2023-04-19,9339
6547,高端疫苗,21,1,20,華南永昌-竹北,2023-04-19,9339
3443,創意,20,1,19,華南永昌-竹北,2023-04-19,9339
6026,福邦證,20,1,19,華南永昌-竹北,2023-04-19,9339
2314,台揚,22,5,17,華南永昌-竹北,2023-04-19,9339
9110,越南控-DR,17,0,17,華南永昌-竹北,2023-04-19,9339
00679B,元大美債20年,16,0,16,華南永昌-竹北,2023-04-19,9339
3481,群創,51,36,15,華南永昌-竹北,2023-04-19,9339
1802,台玻,15,0,15,華南永昌-竹北,2023-04-19,9339
4529,淳紳,15,0,15,華南永昌-竹北,2023-04-19,9339
6461,益得,16,1,15,華南永昌-竹北,2023-04-19,9339
6494,九齊,15,0,15,華南永昌-竹北,2023-04-19,9339
8938,明安,15,0,15,華南永昌-竹北,2023-04-19,9339
6719,力智,40,25,15,華南永昌-竹北,2023-04-19,9339
2834,臺企銀,14,0,14,華南永昌-竹北,2023-04-19,9339
3056,富華新,14,0,14,華南永昌-竹北,2023-04-19,9339
6220,岳豐,14,0,14,華南永昌-竹北,2023-04-19,9339
1108,幸福,13,0,13,華南永昌-竹北,2023-04-19,9339
8261,富鼎,13,0,13,華南永昌-竹北,2023-04-19,9339
8436,大江,39,27,12,華南永昌-竹北,2023-04-19,9339
1471,首利,12,0,12,華南永昌-竹北,2023-04-19,9339
2409,友達,16,4,12,華南永昌-竹北,2023-04-19,9339
2748,雲品,13,1,12,華南永昌-竹北,2023-04-19,9339
2338,光罩,11,0,11,華南永昌-竹北,2023-04-19,9339
2609,陽明,12,1,11,華南永昌-竹北,2023-04-19,9339
3363,上詮,30,19,11,華南永昌-竹北,2023-04-19,9339
3661,世芯-KY,16,5,11,華南永昌-竹北,2023-04-19,9339
00637L,元大滬深300正2,276,0,276,華南永昌-竹北,2023-04-20,9339
6026,福邦證,158,0,158,華南永昌-竹北,2023-04-20,9339
6274,台燿,104,0,104,華南永昌-竹北,2023-04-20,9339
4164,承業醫,80,5,75,華南永昌-竹北,2023-04-20,9339
4102,永日,71,2,69,華南永昌-竹北,2023-04-20,9339
3003,健和興,50,0,50,華南永昌-竹北,2023-04-20,9339
2354,鴻準,42,5,37,華南永昌-竹北,2023-04-20,9339
9110,越南控-DR,33,0,33,華南永昌-竹北,2023-04-20,9339
2009,第一銅,32,0,32,華南永昌-竹北,2023-04-20,9339
2886,兆豐金,31,0,31,華南永昌-竹北,2023-04-20,9339
00878,國泰永續高股息,49,29,20,華南永昌-竹北,2023-04-20,9339
2739,寒舍,20,0,20,華南永昌-竹北,2023-04-20,9339
2867,三商壽,20,0,20,華南永昌-竹北,2023-04-20,9339
9919,康那香,20,0,20,華南永昌-竹北,2023-04-20,9339
3704,合勤控,60,42,18,華南永昌-竹北,2023-04-20,9339
5465,富驊,32,14,18,華南永昌-竹北,2023-04-20,9339
6679,鈺太,23,5,18,華南永昌-竹北,2023-04-20,9339
2645,長榮航太,20,2,18,華南永昌-竹北,2023-04-20,9339
4147,中裕,22,6,16,華南永昌-竹北,2023-04-20,9339
3673,TPK-KY,50,35,15,華南永昌-竹北,2023-04-20,9339
6690,安�硌穈T,16,1,15,華南永昌-竹北,2023-04-20,9339
3013,晟銘電,14,0,14,華南永昌-竹北,2023-04-20,9339
1734,杏輝,13,1,12,華南永昌-竹北,2023-04-20,9339
2314,台揚,23,11,12,華南永昌-竹北,2023-04-20,9339
0056,元大高股息,12,1,11,華南永昌-竹北,2023-04-20,9339
1532,勤美,11,0,11,華南永昌-竹北,2023-04-20,9339
3362,先進光,16,5,11,華南永昌-竹北,2023-04-20,9339
6465,威潤,11,0,11,華南永昌-竹北,2023-04-20,9339
6175,立敦,10,0,10,華南永昌-竹北,2023-04-20,9339
1303,南亞,10,0,10,華南永昌-竹北,2023-04-20,9339
00715L,期街口布蘭特正2,10,0,10,華南永昌-竹北,2023-04-20,9339
00922,國泰台灣領袖50,10,0,10,華南永昌-竹北,2023-04-20,9339
2312,金寶,10,0,10,華南永昌-竹北,2023-04-20,9339
2413,環科,11,1,10,華南永昌-竹北,2023-04-20,9339
2442,新美齊,10,0,10,華南永昌-竹北,2023-04-20,9339
2534,宏盛,10,0,10,華南永昌-竹北,2023-04-20,9339
2706,第一店,10,0,10,華南永昌-竹北,2023-04-20,9339
6719,力智,16,6,10,華南永昌-竹北,2023-04-20,9339
6841,長佳智能,26,16,10,華南永昌-竹北,2023-04-20,9339
2201,裕隆,50,41,9,華南永昌-竹北,2023-04-20,9339
1504,東元,31,22,9,華南永昌-竹北,2023-04-20,9339
6244,茂迪,36,27,9,華南永昌-竹北,2023-04-20,9339
6235,華孚,71,63,8,華南永昌-竹北,2023-04-20,9339
1760,寶齡富錦,55,47,8,華南永昌-竹北,2023-04-20,9339
1802,台玻,8,0,8,華南永昌-竹北,2023-04-20,9339
2484,希華,11,3,8,華南永昌-竹北,2023-04-20,9339
3652,精聯,8,0,8,華南永昌-竹北,2023-04-20,9339
6770,力積電,60,53,7,華南永昌-竹北,2023-04-20,9339
6277,宏正,7,0,7,華南永昌-竹北,2023-04-20,9339
4977,眾達-KY,7,0,7,華南永昌-竹北,2023-04-20,9339
4968,立積,410,19,391,華南永昌-竹北,2023-04-21,9339
2449,京元電子,276,0,276,華南永昌-竹北,2023-04-21,9339
00637L,元大滬深300正2,240,0,240,華南永昌-竹北,2023-04-21,9339
6477,安集,220,0,220,華南永昌-竹北,2023-04-21,9339
2204,中華,134,25,109,華南永昌-竹北,2023-04-21,9339
3105,穩懋,96,0,96,華南永昌-竹北,2023-04-21,9339
2867,三商壽,80,0,80,華南永昌-竹北,2023-04-21,9339
6213,聯茂,58,2,56,華南永昌-竹北,2023-04-21,9339
1710,東聯,65,11,54,華南永昌-竹北,2023-04-21,9339
00878,國泰永續高股息,65,17,48,華南永昌-竹北,2023-04-21,9339
4102,永日,71,24,47,華南永昌-竹北,2023-04-21,9339
4550,長佳,41,0,41,華南永昌-竹北,2023-04-21,9339
8069,元太,53,12,41,華南永昌-竹北,2023-04-21,9339
2607,榮運,40,0,40,華南永昌-竹北,2023-04-21,9339
6175,立敦,40,0,40,華南永昌-竹北,2023-04-21,9339
00919,群益台灣精選高息,36,0,36,華南永昌-竹北,2023-04-21,9339
00715L,期街口布蘭特正2,30,0,30,華南永昌-竹北,2023-04-21,9339
3049,精金,30,0,30,華南永昌-竹北,2023-04-21,9339
6523,達爾膚,36,6,30,華南永昌-竹北,2023-04-21,9339
6799,來頡,22,0,22,華南永昌-竹北,2023-04-21,9339
8222,寶一,24,2,22,華南永昌-竹北,2023-04-21,9339
6271,同欣電,20,0,20,華南永昌-竹北,2023-04-21,9339
3078,僑威,36,16,20,華南永昌-竹北,2023-04-21,9339
2913,農林,31,12,19,華南永昌-竹北,2023-04-21,9339
4967,十銓,29,10,19,華南永昌-竹北,2023-04-21,9339
2615,萬海,18,0,18,華南永昌-竹北,2023-04-21,9339
3027,盛達,22,5,17,華南永昌-竹北,2023-04-21,9339
2206,三陽工業,65,49,16,華南永昌-竹北,2023-04-21,9339
3362,先進光,17,1,16,華南永昌-竹北,2023-04-21,9339
2354,鴻準,15,0,15,華南永昌-竹北,2023-04-21,9339
2409,友達,14,0,14,華南永昌-竹北,2023-04-21,9339
6770,力積電,25,12,13,華南永昌-竹北,2023-04-21,9339
00679B,元大美債20年,13,0,13,華南永昌-竹北,2023-04-21,9339
2009,第一銅,13,0,13,華南永昌-竹北,2023-04-21,9339
2457,飛宏,43,30,13,華南永昌-竹北,2023-04-21,9339
3011,今皓,12,1,11,華南永昌-竹北,2023-04-21,9339
3058,立德,12,1,11,華南永昌-竹北,2023-04-21,9339
6282,康舒,77,66,11,華南永昌-竹北,2023-04-21,9339
3016,嘉晶,10,0,10,華南永昌-竹北,2023-04-21,9339
3236,千如,12,2,10,華南永昌-竹北,2023-04-21,9339
9110,越南控-DR,10,0,10,華南永昌-竹北,2023-04-21,9339
3691,碩禾,9,0,9,華南永昌-竹北,2023-04-21,9339
4529,淳紳,10,1,9,華南永昌-竹北,2023-04-21,9339
6465,威潤,9,0,9,華南永昌-竹北,2023-04-21,9339
2201,裕隆,29,20,9,華南永昌-竹北,2023-04-21,9339
3149,正達,10,2,8,華南永昌-竹北,2023-04-21,9339
6138,茂達,8,0,8,華南永昌-竹北,2023-04-21,9339
5223,安力-KY,7,0,7,華南永昌-竹北,2023-04-21,9339
6285,啟��,8,1,7,華南永昌-竹北,2023-04-21,9339
6568,宏觀,7,0,7,華南永昌-竹北,2023-04-21,9339
2303,聯電,450,0,450,華南永昌-竹北,2023-04-24,9339
00637L,元大滬深300正2,251,3,248,華南永昌-竹北,2023-04-24,9339
8091,翔名,205,6,199,華南永昌-竹北,2023-04-24,9339
00680L,元大美債20正2,109,0,109,華南永昌-竹北,2023-04-24,9339
4968,立積,120,22,98,華南永昌-竹北,2023-04-24,9339
00633L,富邦上証正2,77,0,77,華南永昌-竹北,2023-04-24,9339
2204,中華,79,4,75,華南永昌-竹北,2023-04-24,9339
5371,中光電,60,3,57,華南永昌-竹北,2023-04-24,9339
2455,全新,33,0,33,華南永昌-竹北,2023-04-24,9339
6282,康舒,41,9,32,華南永昌-竹北,2023-04-24,9339
1514,亞力,23,0,23,華南永昌-竹北,2023-04-24,9339
2206,三陽工業,21,0,21,華南永昌-竹北,2023-04-24,9339
5222,全訊,20,1,19,華南永昌-竹北,2023-04-24,9339
2449,京元電子,17,0,17,華南永昌-竹北,2023-04-24,9339
00902,中信電池及儲能,16,0,16,華南永昌-竹北,2023-04-24,9339
2017,官田鋼,20,5,15,華南永昌-竹北,2023-04-24,9339
2457,飛宏,86,71,15,華南永昌-竹北,2023-04-24,9339
2482,連宇,41,26,15,華南永昌-竹北,2023-04-24,9339
2615,萬海,15,0,15,華南永昌-竹北,2023-04-24,9339
4714,永捷,15,0,15,華南永昌-竹北,2023-04-24,9339
00753L,中信中國50正2,14,0,14,華南永昌-竹北,2023-04-24,9339
3022,威強電,14,0,14,華南永昌-竹北,2023-04-24,9339
1905,華紙,14,2,12,華南永昌-竹北,2023-04-24,9339
3027,盛達,10,0,10,華南永昌-竹北,2023-04-24,9339
3284,太普高,10,0,10,華南永昌-竹北,2023-04-24,9339
4953,緯軟,10,0,10,華南永昌-竹北,2023-04-24,9339
6175,立敦,10,0,10,華南永昌-竹北,2023-04-24,9339
00712,復華富時不動產,9,0,9,華南永昌-竹北,2023-04-24,9339
2313,華通,9,0,9,華南永昌-竹北,2023-04-24,9339
9958,世紀鋼,9,0,9,華南永昌-竹北,2023-04-24,9339
00772B,中信高評級公司債,8,0,8,華南永昌-竹北,2023-04-24,9339
6533,晶心科,7,0,7,華南永昌-竹北,2023-04-24,9339
6215,和椿,10,3,7,華南永昌-竹北,2023-04-24,9339
6578,達邦蛋白,7,0,7,華南永昌-竹北,2023-04-24,9339
3443,創意,10,4,6,華南永昌-竹北,2023-04-24,9339
3011,今皓,6,0,6,華南永昌-竹北,2023-04-24,9339
00923,群益台ESG低碳50,6,0,6,華南永昌-竹北,2023-04-24,9339
3035,智原,6,0,6,華南永昌-竹北,2023-04-24,9339
4142,國光生,7,1,6,華南永昌-竹北,2023-04-24,9339
4510,高鋒,6,0,6,華南永昌-竹北,2023-04-24,9339
2603,長榮,7,1,6,華南永昌-竹北,2023-04-24,9339
2382,廣達,5,0,5,華南永昌-竹北,2023-04-24,9339
1560,中砂,5,0,5,華南永昌-竹北,2023-04-24,9339
00901,永豐智能車供應鏈,5,0,5,華南永昌-竹北,2023-04-24,9339
2063,世鎧,5,0,5,華南永昌-竹北,2023-04-24,9339
2302,麗正,5,0,5,華南永昌-竹北,2023-04-24,9339
4550,長佳,5,0,5,華南永昌-竹北,2023-04-24,9339
4566,時碩工業,5,0,5,華南永昌-竹北,2023-04-24,9339
4919,新唐,5,0,5,華南永昌-竹北,2023-04-24,9339
4977,眾達-KY,5,0,5,華南永昌-竹北,2023-04-24,9339
4979,華星光,329,18,311,華南永昌-竹北,2023-04-25,9339
2303,聯電,209,0,209,華南永昌-竹北,2023-04-25,9339
2455,全新,122,0,122,華南永昌-竹北,2023-04-25,9339
1722,台肥,120,0,120,華南永昌-竹北,2023-04-25,9339
3714,富采,135,29,106,華南永昌-竹北,2023-04-25,9339
2431,聯昌,100,0,100,華南永昌-竹北,2023-04-25,9339
00633L,富邦上証正2,77,0,77,華南永昌-竹北,2023-04-25,9339
3443,創意,87,11,76,華南永昌-竹北,2023-04-25,9339
8234,新漢,76,0,76,華南永昌-竹北,2023-04-25,9339
4726,永昕,63,0,63,華南永昌-竹北,2023-04-25,9339
3661,世芯-KY,51,3,48,華南永昌-竹北,2023-04-25,9339
3037,欣興,88,47,41,華南永昌-竹北,2023-04-25,9339
00878,國泰永續高股息,37,0,37,華南永昌-竹北,2023-04-25,9339
3624,光頡,36,0,36,華南永昌-竹北,2023-04-25,9339
9958,世紀鋼,39,3,36,華南永昌-竹北,2023-04-25,9339
6547,高端疫苗,36,3,33,華南永昌-竹北,2023-04-25,9339
2317,鴻海,363,331,32,華南永昌-竹北,2023-04-25,9339
3006,晶豪科,35,3,32,華南永昌-竹北,2023-04-25,9339
3105,穩懋,30,0,30,華南永昌-竹北,2023-04-25,9339
1786,科妍,30,0,30,華南永昌-竹北,2023-04-25,9339
1810,和成,30,0,30,華南永昌-竹北,2023-04-25,9339
2607,榮運,30,0,30,華南永昌-竹北,2023-04-25,9339
00902,中信電池及儲能,28,0,28,華南永昌-竹北,2023-04-25,9339
00891,中信關鍵半導體,27,0,27,華南永昌-竹北,2023-04-25,9339
0056,元大高股息,25,0,25,華南永昌-竹北,2023-04-25,9339
2337,旺宏,25,0,25,華南永昌-竹北,2023-04-25,9339
1301,台塑,20,0,20,華南永昌-竹北,2023-04-25,9339
1709,和益,20,0,20,華南永昌-竹北,2023-04-25,9339
2231,為升,20,0,20,華南永昌-竹北,2023-04-25,9339
3704,合勤控,21,1,20,華南永昌-竹北,2023-04-25,9339
6290,良維,20,0,20,華南永昌-竹北,2023-04-25,9339
2204,中華,54,34,20,華南永昌-竹北,2023-04-25,9339
6531,愛普*,27,8,19,華南永昌-竹北,2023-04-25,9339
6753,龍德造船,20,1,19,華南永昌-竹北,2023-04-25,9339
3481,群創,20,1,19,華南永昌-竹北,2023-04-25,9339
3231,緯創,40,22,18,華南永昌-竹北,2023-04-25,9339
3558,神準,20,2,18,華南永昌-竹北,2023-04-25,9339
6213,聯茂,18,0,18,華南永昌-竹北,2023-04-25,9339
1584,精剛,17,0,17,華南永昌-竹北,2023-04-25,9339
0050,元大台灣50,17,0,17,華南永昌-竹北,2023-04-25,9339
4977,眾達-KY,16,0,16,華南永昌-竹北,2023-04-25,9339
2354,鴻準,15,0,15,華南永昌-竹北,2023-04-25,9339
3622,洋華,15,0,15,華南永昌-竹北,2023-04-25,9339
8926,台汽電,15,0,15,華南永昌-竹北,2023-04-25,9339
00923,群益台ESG低碳50,12,0,12,華南永昌-竹北,2023-04-25,9339
1904,正隆,58,46,12,華南永昌-竹北,2023-04-25,9339
4908,前鼎,12,0,12,華南永昌-竹北,2023-04-25,9339
2454,聯發科,17,6,11,華南永昌-竹北,2023-04-25,9339
2313,華通,11,0,11,華南永昌-竹北,2023-04-25,9339
00674R,期元大S＆P黃金反1,10,0,10,華南永昌-竹北,2023-04-25,9339
2455,全新,102,4,98,華南永昌-竹北,2023-04-26,9339
2369,菱生,80,0,80,華南永昌-竹北,2023-04-26,9339
2834,臺企銀,50,0,50,華南永昌-竹北,2023-04-26,9339
3454,晶睿,49,0,49,華南永昌-竹北,2023-04-26,9339
3624,光頡,49,0,49,華南永昌-竹北,2023-04-26,9339
3105,穩懋,50,1,49,華南永昌-竹北,2023-04-26,9339
3035,智原,86,50,36,華南永昌-竹北,2023-04-26,9339
6143,振曜,36,0,36,華南永昌-竹北,2023-04-26,9339
3265,台星科,35,0,35,華南永昌-竹北,2023-04-26,9339
5347,世界,30,0,30,華南永昌-竹北,2023-04-26,9339
2451,創見,30,0,30,華南永昌-竹北,2023-04-26,9339
6799,來頡,35,8,27,華南永昌-竹北,2023-04-26,9339
2204,中華,33,7,26,華南永昌-竹北,2023-04-26,9339
6533,晶心科,26,1,25,華南永昌-竹北,2023-04-26,9339
3006,晶豪科,23,0,23,華南永昌-竹北,2023-04-26,9339
3046,建��,23,0,23,華南永昌-竹北,2023-04-26,9339
1909,榮成,22,1,21,華南永昌-竹北,2023-04-26,9339
6770,力積電,46,27,19,華南永昌-竹北,2023-04-26,9339
00712,復華富時不動產,16,0,16,華南永昌-竹北,2023-04-26,9339
00902,中信電池及儲能,16,0,16,華南永昌-竹北,2023-04-26,9339
8227,巨有科技,16,0,16,華南永昌-竹北,2023-04-26,9339
5223,安力-KY,15,0,15,華南永昌-竹北,2023-04-26,9339
5488,松普,15,0,15,華南永昌-竹北,2023-04-26,9339
6213,聯茂,15,0,15,華南永昌-竹北,2023-04-26,9339
2206,三陽工業,41,30,11,華南永昌-竹北,2023-04-26,9339
8299,群聯,11,0,11,華南永昌-竹北,2023-04-26,9339
2337,旺宏,15,5,10,華南永昌-竹北,2023-04-26,9339
00893,國泰智能電動車,10,0,10,華南永昌-竹北,2023-04-26,9339
1312,國喬,10,0,10,華南永昌-竹北,2023-04-26,9339
1310,台苯,12,2,10,華南永昌-竹北,2023-04-26,9339
2515,中工,10,0,10,華南永昌-竹北,2023-04-26,9339
6024,群益期,10,0,10,華南永昌-竹北,2023-04-26,9339
6175,立敦,10,0,10,華南永昌-竹北,2023-04-26,9339
6235,華孚,16,6,10,華南永昌-竹北,2023-04-26,9339
2913,農林,12,3,9,華南永昌-竹北,2023-04-26,9339
8440,綠電,10,1,9,華南永昌-竹北,2023-04-26,9339
6257,矽格,8,0,8,華南永昌-竹北,2023-04-26,9339
2303,聯電,8,2,6,華南永昌-竹北,2023-04-26,9339
3289,宜特,6,0,6,華南永昌-竹北,2023-04-26,9339
6104,創惟,6,0,6,華南永昌-竹北,2023-04-26,9339
1471,首利,5,0,5,華南永昌-竹北,2023-04-26,9339
00715L,期街口布蘭特正2,5,0,5,華南永昌-竹北,2023-04-26,9339
2610,華航,7,2,5,華南永昌-竹北,2023-04-26,9339
4915,致伸,5,0,5,華南永昌-竹北,2023-04-26,9339
5475,德宏,5,0,5,華南永昌-竹北,2023-04-26,9339
6829,千附精密,16,11,5,華南永昌-竹北,2023-04-26,9339
006208,富邦台50,4,0,4,華南永昌-竹北,2023-04-26,9339
4743,合一,12,8,4,華南永昌-竹北,2023-04-26,9339
4977,眾達-KY,8,4,4,華南永昌-竹北,2023-04-26,9339
1529,樂事綠能,5,1,4,華南永昌-竹北,2023-04-26,9339
2313,華通,125,7,118,華南永昌-竹北,2023-04-27,9339
2431,聯昌,70,0,70,華南永昌-竹北,2023-04-27,9339
2886,兆豐金,60,0,60,華南永昌-竹北,2023-04-27,9339
0056,元大高股息,43,0,43,華南永昌-竹北,2023-04-27,9339
2204,中華,42,2,40,華南永昌-竹北,2023-04-27,9339
1710,東聯,45,6,39,華南永昌-竹北,2023-04-27,9339
8234,新漢,38,0,38,華南永昌-竹北,2023-04-27,9339
1101,台泥,32,0,32,華南永昌-竹北,2023-04-27,9339
2327,國巨,41,11,30,華南永昌-竹北,2023-04-27,9339
4966,譜瑞-KY,30,0,30,華南永昌-竹北,2023-04-27,9339
8085,福華,30,0,30,華南永昌-竹北,2023-04-27,9339
2609,陽明,27,1,26,華南永昌-竹北,2023-04-27,9339
3704,合勤控,26,0,26,華南永昌-竹北,2023-04-27,9339
1909,榮成,25,0,25,華南永昌-竹北,2023-04-27,9339
6509,聚和,25,0,25,華南永昌-竹北,2023-04-27,9339
9958,世紀鋼,22,0,22,華南永昌-竹北,2023-04-27,9339
00878,國泰永續高股息,21,0,21,華南永昌-竹北,2023-04-27,9339
00877,復華中國5G,20,0,20,華南永昌-竹北,2023-04-27,9339
00715L,期街口布蘭特正2,19,0,19,華南永昌-竹北,2023-04-27,9339
6531,愛普*,34,15,19,華南永昌-竹北,2023-04-27,9339
8996,高力,17,0,17,華南永昌-竹北,2023-04-27,9339
2618,長榮航,16,0,16,華南永昌-竹北,2023-04-27,9339
2610,華航,15,0,15,華南永昌-竹北,2023-04-27,9339
3558,神準,25,10,15,華南永昌-竹北,2023-04-27,9339
6175,立敦,15,0,15,華南永昌-竹北,2023-04-27,9339
00888,永豐台灣ESG,14,0,14,華南永昌-竹北,2023-04-27,9339
1503,士電,19,6,13,華南永昌-竹北,2023-04-27,9339
3289,宜特,15,3,12,華南永昌-竹北,2023-04-27,9339
3032,偉訓,11,0,11,華南永昌-竹北,2023-04-27,9339
1471,首利,21,10,11,華南永昌-竹北,2023-04-27,9339
00923,群益台ESG低碳50,10,0,10,華南永昌-竹北,2023-04-27,9339
00751B,元大AAA至A公司債,10,0,10,華南永昌-竹北,2023-04-27,9339
1529,樂事綠能,10,0,10,華南永昌-竹北,2023-04-27,9339
2392,正崴,10,0,10,華南永昌-竹北,2023-04-27,9339
6494,九齊,10,0,10,華南永昌-竹北,2023-04-27,9339
6863,永道-KY,10,0,10,華南永昌-竹北,2023-04-27,9339
1727,中華化,58,49,9,華南永昌-竹北,2023-04-27,9339
2634,漢翔,39,30,9,華南永昌-竹北,2023-04-27,9339
6541,泰福-KY,9,0,9,華南永昌-竹北,2023-04-27,9339
6841,長佳智能,9,0,9,華南永昌-竹北,2023-04-27,9339
00712,復華富時不動產,8,0,8,華南永昌-竹北,2023-04-27,9339
2603,長榮,8,0,8,華南永昌-竹北,2023-04-27,9339
3454,晶睿,8,0,8,華南永昌-竹北,2023-04-27,9339
5222,全訊,11,3,8,華南永昌-竹北,2023-04-27,9339
6244,茂迪,30,22,8,華南永昌-竹北,2023-04-27,9339
6873,泓德能源,8,0,8,華南永昌-竹北,2023-04-27,9339
1216,統一,6,0,6,華南永昌-竹北,2023-04-27,9339
2486,一詮,7,1,6,華南永昌-竹北,2023-04-27,9339
3443,創意,7,1,6,華南永昌-竹北,2023-04-27,9339
8454,富邦媒,6,0,6,華南永昌-竹北,2023-04-27,9339
00878,國泰永續高股息,467,50,417,華南永昌-竹北,2023-04-28,9339
00680L,元大美債20正2,283,0,283,華南永昌-竹北,2023-04-28,9339
4968,立積,290,18,272,華南永昌-竹北,2023-04-28,9339
3704,合勤控,112,28,84,華南永昌-竹北,2023-04-28,9339
3046,建��,70,1,69,華南永昌-竹北,2023-04-28,9339
3047,訊舟,61,0,61,華南永昌-竹北,2023-04-28,9339
3078,僑威,50,2,48,華南永昌-竹北,2023-04-28,9339
2409,友達,43,1,42,華南永昌-竹北,2023-04-28,9339
3034,聯詠,43,6,37,華南永昌-竹北,2023-04-28,9339
2342,茂矽,37,0,37,華南永昌-竹北,2023-04-28,9339
3661,世芯-KY,40,8,32,華南永昌-竹北,2023-04-28,9339
1513,中興電,34,3,31,華南永昌-竹北,2023-04-28,9339
6741,91APP*-KY,36,5,31,華南永昌-竹北,2023-04-28,9339
6806,森崴能源,37,6,31,華南永昌-竹北,2023-04-28,9339
00772B,中信高評級公司債,27,0,27,華南永昌-竹北,2023-04-28,9339
1609,大亞,27,2,25,華南永昌-竹北,2023-04-28,9339
3481,群創,23,0,23,華南永昌-竹北,2023-04-28,9339
00893,國泰智能電動車,20,0,20,華南永昌-竹北,2023-04-28,9339
8996,高力,22,2,20,華南永昌-竹北,2023-04-28,9339
6175,立敦,19,0,19,華南永昌-竹北,2023-04-28,9339
3013,晟銘電,15,0,15,華南永昌-竹北,2023-04-28,9339
8299,群聯,14,0,14,華南永昌-竹北,2023-04-28,9339
6235,華孚,17,3,14,華南永昌-竹北,2023-04-28,9339
3141,晶宏,20,7,13,華南永昌-竹北,2023-04-28,9339
3317,尼克森,13,0,13,華南永昌-竹北,2023-04-28,9339
1101,台泥,12,0,12,華南永昌-竹北,2023-04-28,9339
3004,豐達科,14,2,12,華南永昌-竹北,2023-04-28,9339
6257,矽格,12,0,12,華南永昌-竹北,2023-04-28,9339
3071,協禧,13,2,11,華南永昌-竹北,2023-04-28,9339
2356,英業達,10,0,10,華南永昌-竹北,2023-04-28,9339
3680,家登,10,0,10,華南永昌-竹北,2023-04-28,9339
8383,千附,10,0,10,華南永昌-竹北,2023-04-28,9339
2706,第一店,9,0,9,華南永昌-竹北,2023-04-28,9339
6531,愛普*,15,6,9,華南永昌-竹北,2023-04-28,9339
5258,虹堡,8,0,8,華南永昌-竹北,2023-04-28,9339
5457,宣德,8,0,8,華南永昌-竹北,2023-04-28,9339
1504,東元,7,0,7,華南永昌-竹北,2023-04-28,9339
2867,三商壽,7,0,7,華南永昌-竹北,2023-04-28,9339
3032,偉訓,14,7,7,華南永昌-竹北,2023-04-28,9339
5536,聖暉*,7,0,7,華南永昌-竹北,2023-04-28,9339
6005,群益證,7,0,7,華南永昌-竹北,2023-04-28,9339
3035,智原,12,6,6,華南永昌-竹北,2023-04-28,9339
1303,南亞,6,0,6,華南永昌-竹北,2023-04-28,9339
1721,三晃,9,3,6,華南永昌-竹北,2023-04-28,9339
2352,佳世達,6,0,6,華南永昌-竹北,2023-04-28,9339
2634,漢翔,187,181,6,華南永昌-竹北,2023-04-28,9339
3050,鈺德,10,4,6,華南永昌-竹北,2023-04-28,9339
6494,九齊,6,0,6,華南永昌-竹北,2023-04-28,9339
2731,雄獅,9,3,6,華南永昌-竹北,2023-04-28,9339
00903,富邦元宇宙,5,0,5,華南永昌-竹北,2023-04-28,9339
8403,盛弘,581,25,556,華南永昌-竹北,2023-05-02,9339
2884,玉山金,104,0,104,華南永昌-竹北,2023-05-02,9339
00637L,元大滬深300正2,202,102,100,華南永昌-竹北,2023-05-02,9339
2380,虹光,83,0,83,華南永昌-竹北,2023-05-02,9339
2530,華建,99,20,79,華南永昌-竹北,2023-05-02,9339
1609,大亞,110,31,79,華南永昌-竹北,2023-05-02,9339
00679B,元大美債20年,61,0,61,華南永昌-竹北,2023-05-02,9339
2812,台中銀,50,7,43,華南永昌-竹北,2023-05-02,9339
2368,金像電,39,0,39,華南永昌-竹北,2023-05-02,9339
6244,茂迪,36,1,35,華南永昌-竹北,2023-05-02,9339
3047,訊舟,60,30,30,華南永昌-竹北,2023-05-02,9339
4968,立積,35,6,29,華南永昌-竹北,2023-05-02,9339
0050,元大台灣50,26,0,26,華南永昌-竹北,2023-05-02,9339
6417,韋僑,26,2,24,華南永昌-竹北,2023-05-02,9339
3479,安勤,23,0,23,華南永昌-竹北,2023-05-02,9339
2206,三陽工業,36,14,22,華南永昌-竹北,2023-05-02,9339
3027,盛達,22,0,22,華南永昌-竹北,2023-05-02,9339
6234,高僑,32,11,21,華南永昌-竹北,2023-05-02,9339
1101,台泥,31,15,16,華南永昌-竹北,2023-05-02,9339
1762,中化生,20,5,15,華南永昌-竹北,2023-05-02,9339
2534,宏盛,15,0,15,華南永昌-竹北,2023-05-02,9339
2609,陽明,26,12,14,華南永昌-竹北,2023-05-02,9339
6799,來頡,17,3,14,華南永昌-竹北,2023-05-02,9339
0056,元大高股息,26,13,13,華南永昌-竹北,2023-05-02,9339
00772B,中信高評級公司債,13,0,13,華南永昌-竹北,2023-05-02,9339
2022,聚亨,12,0,12,華南永昌-竹北,2023-05-02,9339
4961,天鈺,26,14,12,華南永昌-竹北,2023-05-02,9339
5009,榮剛,25,13,12,華南永昌-竹北,2023-05-02,9339
2201,裕隆,12,1,11,華南永昌-竹北,2023-05-02,9339
1618,合機,10,0,10,華南永昌-竹北,2023-05-02,9339
1709,和益,10,0,10,華南永昌-竹北,2023-05-02,9339
2344,華邦電,67,57,10,華南永昌-竹北,2023-05-02,9339
2537,聯上發,10,0,10,華南永昌-竹北,2023-05-02,9339
2610,華航,13,3,10,華南永昌-竹北,2023-05-02,9339
3362,先進光,10,0,10,華南永昌-竹北,2023-05-02,9339
4916,事欣科,16,6,10,華南永昌-竹北,2023-05-02,9339
6741,91APP*-KY,12,2,10,華南永昌-竹北,2023-05-02,9339
2002,中鋼,9,0,9,華南永昌-竹北,2023-05-02,9339
00706L,期元大S＆P日圓正2,8,0,8,華南永昌-竹北,2023-05-02,9339
3236,千如,10,2,8,華南永昌-竹北,2023-05-02,9339
00713,元大台灣高息低波,7,0,7,華南永昌-竹北,2023-05-02,9339
2342,茂矽,7,0,7,華南永昌-竹北,2023-05-02,9339
6142,友勁,7,0,7,華南永昌-竹北,2023-05-02,9339
2603,長榮,13,6,7,華南永昌-竹北,2023-05-02,9339
2208,台船,7,1,6,華南永昌-竹北,2023-05-02,9339
5381,合正,6,0,6,華南永昌-竹北,2023-05-02,9339
6465,威潤,6,0,6,華南永昌-竹北,2023-05-02,9339
6005,群益證,6,0,6,華南永昌-竹北,2023-05-02,9339
00885,富邦越南,5,0,5,華南永昌-竹北,2023-05-02,9339
1735,日勝化,5,0,5,華南永昌-竹北,2023-05-02,9339
00715L,期街口布蘭特正2,237,0,237,華南永昌-竹北,2023-05-03,9339
00878,國泰永續高股息,67,2,65,華南永昌-竹北,2023-05-03,9339
3032,偉訓,67,6,61,華南永昌-竹北,2023-05-03,9339
00637L,元大滬深300正2,50,0,50,華南永昌-竹北,2023-05-03,9339
2530,華建,41,0,41,華南永昌-竹北,2023-05-03,9339
00712,復華富時不動產,35,0,35,華南永昌-竹北,2023-05-03,9339
2603,長榮,33,2,31,華南永昌-竹北,2023-05-03,9339
2615,萬海,28,1,27,華南永昌-竹北,2023-05-03,9339
2801,彰銀,26,0,26,華南永昌-竹北,2023-05-03,9339
3481,群創,25,0,25,華南永昌-竹北,2023-05-03,9339
5009,榮剛,26,5,21,華南永昌-竹北,2023-05-03,9339
00893,國泰智能電動車,20,0,20,華南永昌-竹北,2023-05-03,9339
2534,宏盛,20,0,20,華南永昌-竹北,2023-05-03,9339
2609,陽明,19,1,18,華南永昌-竹北,2023-05-03,9339
2201,裕隆,24,6,18,華南永昌-竹北,2023-05-03,9339
6873,泓德能源,17,0,17,華南永昌-竹北,2023-05-03,9339
00642U,期元大S＆P石油,16,0,16,華南永昌-竹北,2023-05-03,9339
6869,雲豹能源,16,0,16,華南永昌-竹北,2023-05-03,9339
2431,聯昌,15,0,15,華南永昌-竹北,2023-05-03,9339
2867,三商壽,20,5,15,華南永昌-竹北,2023-05-03,9339
6182,合晶,25,10,15,華南永昌-竹北,2023-05-03,9339
6282,康舒,29,15,14,華南永昌-竹北,2023-05-03,9339
6590,普鴻,13,0,13,華南永昌-竹北,2023-05-03,9339
6465,威潤,12,0,12,華南永昌-竹北,2023-05-03,9339
1513,中興電,22,10,12,華南永昌-竹北,2023-05-03,9339
1319,東陽,10,0,10,華南永昌-竹北,2023-05-03,9339
00885,富邦越南,10,0,10,華南永昌-竹北,2023-05-03,9339
2312,金寶,10,0,10,華南永昌-竹北,2023-05-03,9339
2542,興富發,10,0,10,華南永昌-竹北,2023-05-03,9339
4976,佳凌,10,0,10,華南永昌-竹北,2023-05-03,9339
6142,友勁,10,0,10,華南永昌-竹北,2023-05-03,9339
1504,東元,39,30,9,華南永昌-竹北,2023-05-03,9339
8227,巨有科技,10,1,9,華南永昌-竹北,2023-05-03,9339
4114,健喬,8,0,8,華南永昌-竹北,2023-05-03,9339
5381,合正,8,0,8,華南永昌-竹北,2023-05-03,9339
8050,廣積,8,0,8,華南永昌-竹北,2023-05-03,9339
4121,優盛,8,1,7,華南永昌-竹北,2023-05-03,9339
6234,高僑,9,2,7,華南永昌-竹北,2023-05-03,9339
6244,茂迪,13,6,7,華南永昌-竹北,2023-05-03,9339
6770,力積電,7,0,7,華南永昌-竹北,2023-05-03,9339
2471,資通,8,1,7,華南永昌-竹北,2023-05-03,9339
3231,緯創,77,71,6,華南永昌-竹北,2023-05-03,9339
00713,元大台灣高息低波,6,0,6,華南永昌-竹北,2023-05-03,9339
1809,中釉,7,1,6,華南永昌-竹北,2023-05-03,9339
3484,崧騰,6,0,6,華南永昌-竹北,2023-05-03,9339
4979,華星光,33,27,6,華南永昌-竹北,2023-05-03,9339
00670L,富邦NASDAQ正2,5,0,5,華南永昌-竹北,2023-05-03,9339
1762,中化生,5,0,5,華南永昌-竹北,2023-05-03,9339
8436,大江,9,4,5,華南永昌-竹北,2023-05-03,9339
2385,群光,5,0,5,華南永昌-竹北,2023-05-03,9339
2801,彰銀,105,0,105,華南永昌-竹北,2023-05-04,9339
2368,金像電,98,0,98,華南永昌-竹北,2023-05-04,9339
2201,裕隆,107,10,97,華南永昌-竹北,2023-05-04,9339
00878,國泰永續高股息,72,1,71,華南永昌-竹北,2023-05-04,9339
00715L,期街口布蘭特正2,63,0,63,華南永昌-竹北,2023-05-04,9339
4121,優盛,54,3,51,華南永昌-竹北,2023-05-04,9339
1314,中石化,42,0,42,華南永昌-竹北,2023-05-04,9339
3047,訊舟,41,0,41,華南永昌-竹北,2023-05-04,9339
2891,中信金,28,0,28,華南永昌-竹北,2023-05-04,9339
8038,長園科,27,0,27,華南永昌-竹北,2023-05-04,9339
6175,立敦,26,0,26,華南永昌-竹北,2023-05-04,9339
00712,復華富時不動產,26,0,26,華南永昌-竹北,2023-05-04,9339
8299,群聯,22,0,22,華南永昌-竹北,2023-05-04,9339
6806,森崴能源,32,11,21,華南永昌-竹北,2023-05-04,9339
3558,神準,22,2,20,華南永昌-竹北,2023-05-04,9339
3715,定穎投控,54,34,20,華南永昌-竹北,2023-05-04,9339
5321,美而快,23,3,20,華南永昌-竹北,2023-05-04,9339
1514,亞力,34,15,19,華南永昌-竹北,2023-05-04,9339
6191,精成科,20,1,19,華南永昌-竹北,2023-05-04,9339
6672,騰輝電子-KY,19,0,19,華南永昌-竹北,2023-05-04,9339
4439,冠星-KY,21,2,19,華南永昌-竹北,2023-05-04,9339
00632R,元大台灣50反1,20,2,18,華南永昌-竹北,2023-05-04,9339
2615,萬海,16,0,16,華南永昌-竹北,2023-05-04,9339
3060,銘異,15,0,15,華南永昌-竹北,2023-05-04,9339
6148,驊宏資,74,60,14,華南永昌-竹北,2023-05-04,9339
4968,立積,27,14,13,華南永昌-竹北,2023-05-04,9339
2371,大同,13,0,13,華南永昌-竹北,2023-05-04,9339
6005,群益證,13,0,13,華南永昌-竹北,2023-05-04,9339
2609,陽明,26,16,10,華南永昌-竹北,2023-05-04,9339
2542,興富發,10,0,10,華南永昌-竹北,2023-05-04,9339
1229,聯華,10,0,10,華南永昌-竹北,2023-05-04,9339
2419,仲琦,10,0,10,華南永昌-竹北,2023-05-04,9339
5211,蒙恬,11,1,10,華南永昌-竹北,2023-05-04,9339
6598,ABC-KY,10,0,10,華南永昌-竹北,2023-05-04,9339
8076,伍豐,10,0,10,華南永昌-竹北,2023-05-04,9339
3017,奇鋐,31,22,9,華南永昌-竹北,2023-05-04,9339
4541,晟田,22,13,9,華南永昌-竹北,2023-05-04,9339
6417,韋僑,9,0,9,華南永昌-竹北,2023-05-04,9339
00642U,期元大S＆P石油,9,0,9,華南永昌-竹北,2023-05-04,9339
4763,材料-KY,20,11,9,華南永昌-竹北,2023-05-04,9339
2834,臺企銀,7,0,7,華南永昌-竹北,2023-05-04,9339
4977,眾達-KY,7,0,7,華南永昌-竹北,2023-05-04,9339
6282,康舒,11,4,7,華南永昌-竹北,2023-05-04,9339
1515,力山,7,0,7,華南永昌-竹北,2023-05-04,9339
6199,天品,7,0,7,華南永昌-竹北,2023-05-04,9339
1904,正隆,10,4,6,華南永昌-竹北,2023-05-04,9339
2317,鴻海,116,110,6,華南永昌-竹北,2023-05-04,9339
6143,振曜,6,0,6,華南永昌-竹北,2023-05-04,9339
6873,泓德能源,6,0,6,華南永昌-竹北,2023-05-04,9339
00674R,期元大S＆P黃金反1,5,0,5,華南永昌-竹北,2023-05-04,9339
4121,優盛,348,14,334,華南永昌-竹北,2023-05-05,9339
00715L,期街口布蘭特正2,130,0,130,華南永昌-竹北,2023-05-05,9339
00637L,元大滬深300正2,250,140,110,華南永昌-竹北,2023-05-05,9339
1722,台肥,80,0,80,華南永昌-竹北,2023-05-05,9339
2897,王道銀行,41,0,41,華南永昌-竹北,2023-05-05,9339
4138,曜亞,32,0,32,華南永昌-竹北,2023-05-05,9339
1504,東元,47,17,30,華南永昌-竹北,2023-05-05,9339
3715,定穎投控,28,0,28,華南永昌-竹北,2023-05-05,9339
6282,康舒,43,15,28,華南永昌-竹北,2023-05-05,9339
00679B,元大美債20年,26,0,26,華南永昌-竹北,2023-05-05,9339
6527,明達醫,26,0,26,華南永昌-竹北,2023-05-05,9339
3624,光頡,26,3,23,華南永昌-竹北,2023-05-05,9339
3265,台星科,22,0,22,華南永昌-竹北,2023-05-05,9339
2887,台新金,20,3,17,華南永昌-竹北,2023-05-05,9339
00878,國泰永續高股息,16,0,16,華南永昌-竹北,2023-05-05,9339
1529,樂事綠能,20,4,16,華南永昌-竹北,2023-05-05,9339
6517,保勝光學,16,0,16,華南永昌-竹北,2023-05-05,9339
2615,萬海,15,0,15,華南永昌-竹北,2023-05-05,9339
2353,宏��,41,27,14,華南永昌-竹北,2023-05-05,9339
3693,營邦,33,19,14,華南永昌-竹北,2023-05-05,9339
6741,91APP*-KY,34,21,13,華南永昌-竹北,2023-05-05,9339
00720B,元大投資級公司債,11,0,11,華南永昌-竹北,2023-05-05,9339
00751B,元大AAA至A公司債,11,0,11,華南永昌-竹北,2023-05-05,9339
8215,明基材,11,0,11,華南永昌-竹北,2023-05-05,9339
2206,三陽工業,13,3,10,華南永昌-竹北,2023-05-05,9339
2498,宏達電,10,0,10,華南永昌-竹北,2023-05-05,9339
3047,訊舟,10,0,10,華南永昌-竹北,2023-05-05,9339
4114,健喬,30,20,10,華南永昌-竹北,2023-05-05,9339
8936,國統,11,2,9,華南永昌-竹北,2023-05-05,9339
3027,盛達,8,0,8,華南永昌-竹北,2023-05-05,9339
1101,台泥,11,3,8,華南永昌-竹北,2023-05-05,9339
00712,復華富時不動產,9,2,7,華南永昌-竹北,2023-05-05,9339
8463,潤泰材,7,0,7,華南永昌-竹北,2023-05-05,9339
1513,中興電,38,31,7,華南永昌-竹北,2023-05-05,9339
2002,中鋼,6,0,6,華南永昌-竹北,2023-05-05,9339
2354,鴻準,11,5,6,華南永昌-竹北,2023-05-05,9339
3236,千如,6,0,6,華南永昌-竹北,2023-05-05,9339
4503,金雨,6,0,6,華南永昌-竹北,2023-05-05,9339
6111,大宇資,23,17,6,華南永昌-竹北,2023-05-05,9339
2344,華邦電,7,2,5,華南永昌-竹北,2023-05-05,9339
1735,日勝化,5,0,5,華南永昌-竹北,2023-05-05,9339
2201,裕隆,6,1,5,華南永昌-竹北,2023-05-05,9339
2358,廷鑫,5,0,5,華南永昌-竹北,2023-05-05,9339
2409,友達,5,0,5,華南永昌-竹北,2023-05-05,9339
2425,承啟,5,0,5,華南永昌-竹北,2023-05-05,9339
3465,進泰電子,5,0,5,華南永昌-竹北,2023-05-05,9339
4746,台耀,22,17,5,華南永昌-竹北,2023-05-05,9339
6143,振曜,5,0,5,華南永昌-竹北,2023-05-05,9339
6163,華電網,5,0,5,華南永昌-竹北,2023-05-05,9339
1503,士電,37,33,4,華南永昌-竹北,2023-05-05,9339
00900,富邦特選高股息30,387,5,382,華南永昌-竹北,2023-05-08,9339
2201,裕隆,125,20,105,華南永昌-竹北,2023-05-08,9339
3013,晟銘電,102,1,101,華南永昌-竹北,2023-05-08,9339
3715,定穎投控,177,84,93,華南永昌-竹北,2023-05-08,9339
00715L,期街口布蘭特正2,90,0,90,華南永昌-竹北,2023-05-08,9339
1722,台肥,70,0,70,華南永昌-竹北,2023-05-08,9339
2317,鴻海,101,50,51,華南永昌-竹北,2023-05-08,9339
2892,第一金,50,1,49,華南永昌-竹北,2023-05-08,9339
2883,凱基金,50,1,49,華南永昌-竹北,2023-05-08,9339
00679B,元大美債20年,42,0,42,華南永昌-竹北,2023-05-08,9339
1314,中石化,42,0,42,華南永昌-竹北,2023-05-08,9339
8926,台汽電,40,0,40,華南永昌-竹北,2023-05-08,9339
00753L,中信中國50正2,30,0,30,華南永昌-竹北,2023-05-08,9339
3479,安勤,35,5,30,華南永昌-竹北,2023-05-08,9339
8403,盛弘,30,0,30,華南永昌-竹北,2023-05-08,9339
6271,同欣電,31,2,29,華南永昌-竹北,2023-05-08,9339
6417,韋僑,29,1,28,華南永昌-竹北,2023-05-08,9339
3675,德微,32,4,28,華南永昌-竹北,2023-05-08,9339
2354,鴻準,27,0,27,華南永昌-竹北,2023-05-08,9339
9958,世紀鋼,23,0,23,華南永昌-竹北,2023-05-08,9339
00680L,元大美債20正2,22,0,22,華南永昌-竹北,2023-05-08,9339
3047,訊舟,21,0,21,華南永昌-竹北,2023-05-08,9339
4162,智擎,21,0,21,華南永昌-竹北,2023-05-08,9339
6147,頎邦,20,0,20,華南永昌-竹北,2023-05-08,9339
2890,永豐金,50,31,19,華南永昌-竹北,2023-05-08,9339
6527,明達醫,18,0,18,華南永昌-竹北,2023-05-08,9339
1609,大亞,35,18,17,華南永昌-竹北,2023-05-08,9339
8440,綠電,16,0,16,華南永昌-竹北,2023-05-08,9339
1514,亞力,52,37,15,華南永昌-竹北,2023-05-08,9339
6517,保勝光學,16,1,15,華南永昌-竹北,2023-05-08,9339
2615,萬海,14,0,14,華南永昌-竹北,2023-05-08,9339
00720B,元大投資級公司債,12,0,12,華南永昌-竹北,2023-05-08,9339
00751B,元大AAA至A公司債,12,0,12,華南永昌-竹北,2023-05-08,9339
2009,第一銅,12,0,12,華南永昌-竹北,2023-05-08,9339
3202,樺晟,12,0,12,華南永昌-竹北,2023-05-08,9339
8222,寶一,15,3,12,華南永昌-竹北,2023-05-08,9339
2454,聯發科,12,1,11,華南永昌-竹北,2023-05-08,9339
1605,華新,40,29,11,華南永昌-竹北,2023-05-08,9339
00687B,國泰20年美債,10,0,10,華南永昌-竹北,2023-05-08,9339
2312,金寶,10,0,10,華南永昌-竹北,2023-05-08,9339
2867,三商壽,10,0,10,華南永昌-竹北,2023-05-08,9339
6180,橘子,10,0,10,華南永昌-竹北,2023-05-08,9339
2457,飛宏,65,56,9,華南永昌-竹北,2023-05-08,9339
5519,隆大,7,0,7,華南永昌-竹北,2023-05-08,9339
3545,敦泰,10,3,7,華南永昌-竹北,2023-05-08,9339
6290,良維,7,0,7,華南永昌-竹北,2023-05-08,9339
1516,川飛,7,0,7,華南永昌-竹北,2023-05-08,9339
3622,洋華,6,0,6,華南永昌-竹北,2023-05-08,9339
2408,南亞科,6,0,6,華南永昌-竹北,2023-05-08,9339
00713,元大台灣高息低波,5,0,5,華南永昌-竹北,2023-05-08,9339
1218,泰山,187,16,171,華南永昌-竹北,2023-05-09,9339
2380,虹光,82,0,82,華南永昌-竹北,2023-05-09,9339
00680L,元大美債20正2,56,0,56,華南永昌-竹北,2023-05-09,9339
2201,裕隆,55,1,54,華南永昌-竹北,2023-05-09,9339
2634,漢翔,145,96,49,華南永昌-竹北,2023-05-09,9339
6143,振曜,50,6,44,華南永昌-竹北,2023-05-09,9339
4138,曜亞,39,0,39,華南永昌-竹北,2023-05-09,9339
8234,新漢,34,0,34,華南永昌-竹北,2023-05-09,9339
3481,群創,35,1,34,華南永昌-竹北,2023-05-09,9339
00679B,元大美債20年,27,0,27,華南永昌-竹北,2023-05-09,9339
2103,台橡,22,0,22,華南永昌-竹北,2023-05-09,9339
6279,胡連,22,0,22,華南永昌-竹北,2023-05-09,9339
6538,倉和,20,0,20,華南永昌-竹北,2023-05-09,9339
5488,松普,20,0,20,華南永昌-竹北,2023-05-09,9339
1513,中興電,97,81,16,華南永昌-竹北,2023-05-09,9339
6516,勤崴國際,16,0,16,華南永昌-竹北,2023-05-09,9339
9958,世紀鋼,21,6,15,華南永昌-竹北,2023-05-09,9339
6271,同欣電,13,0,13,華南永昌-竹北,2023-05-09,9339
1815,富喬,12,0,12,華南永昌-竹北,2023-05-09,9339
6517,保勝光學,13,1,12,華南永昌-竹北,2023-05-09,9339
6527,明達醫,12,0,12,華南永昌-竹北,2023-05-09,9339
8927,北基,12,0,12,華南永昌-竹北,2023-05-09,9339
3693,營邦,14,3,11,華南永昌-竹北,2023-05-09,9339
1616,億泰,10,0,10,華南永昌-竹北,2023-05-09,9339
00671R,富邦NASDAQ反1,10,0,10,華南永昌-竹北,2023-05-09,9339
00715L,期街口布蘭特正2,10,0,10,華南永昌-竹北,2023-05-09,9339
00919,群益台灣精選高息,10,0,10,華南永昌-竹北,2023-05-09,9339
3680,家登,10,0,10,華南永昌-竹北,2023-05-09,9339
3705,永信,10,0,10,華南永昌-竹北,2023-05-09,9339
4562,穎漢,10,0,10,華南永昌-竹北,2023-05-09,9339
6125,廣運,10,0,10,華南永昌-竹北,2023-05-09,9339
8926,台汽電,10,0,10,華南永昌-竹北,2023-05-09,9339
4503,金雨,11,1,10,華南永昌-竹北,2023-05-09,9339
1101,台泥,9,0,9,華南永昌-竹北,2023-05-09,9339
00772B,中信高評級公司債,9,0,9,華南永昌-竹北,2023-05-09,9339
00888,永豐台灣ESG,10,1,9,華南永昌-竹北,2023-05-09,9339
2882,國泰金,10,1,9,華南永昌-竹北,2023-05-09,9339
6456,GIS-KY,9,0,9,華南永昌-竹北,2023-05-09,9339
8099,大世科,10,1,9,華南永昌-竹北,2023-05-09,9339
3362,先進光,8,0,8,華南永昌-竹北,2023-05-09,9339
6108,競國,8,0,8,華南永昌-竹北,2023-05-09,9339
6796,晉弘,8,0,8,華南永昌-竹北,2023-05-09,9339
8033,雷虎,26,18,8,華南永昌-竹北,2023-05-09,9339
00713,元大台灣高息低波,7,0,7,華南永昌-竹北,2023-05-09,9339
00712,復華富時不動產,7,0,7,華南永昌-竹北,2023-05-09,9339
1219,福壽,7,0,7,華南永昌-竹北,2023-05-09,9339
3058,立德,7,0,7,華南永昌-竹北,2023-05-09,9339
3454,晶睿,16,9,7,華南永昌-竹北,2023-05-09,9339
3484,崧騰,16,9,7,華南永昌-竹北,2023-05-09,9339
1795,美時,8,1,7,華南永昌-竹北,2023-05-09,9339
00637L,元大滬深300正2,150,0,150,華南永昌-竹北,2023-05-10,9339
2492,華新科,82,1,81,華南永昌-竹北,2023-05-10,9339
2880,華南金,80,2,78,華南永昌-竹北,2023-05-10,9339
00680L,元大美債20正2,56,2,54,華南永昌-竹北,2023-05-10,9339
5880,合庫金,53,0,53,華南永昌-竹北,2023-05-10,9339
5439,高技,42,1,41,華南永昌-竹北,2023-05-10,9339
2368,金像電,37,1,36,華南永昌-竹北,2023-05-10,9339
6143,振曜,35,0,35,華南永昌-竹北,2023-05-10,9339
4744,皇將,47,14,33,華南永昌-竹北,2023-05-10,9339
6213,聯茂,32,0,32,華南永昌-竹北,2023-05-10,9339
3034,聯詠,58,27,31,華南永昌-竹北,2023-05-10,9339
2354,鴻準,28,0,28,華南永昌-竹北,2023-05-10,9339
6589,台康生技,26,4,22,華南永昌-竹北,2023-05-10,9339
1609,大亞,84,64,20,華南永昌-竹北,2023-05-10,9339
2482,連宇,20,0,20,華南永昌-竹北,2023-05-10,9339
8299,群聯,19,0,19,華南永昌-竹北,2023-05-10,9339
3481,群創,18,0,18,華南永昌-竹北,2023-05-10,9339
6290,良維,18,0,18,華南永昌-竹北,2023-05-10,9339
2883,凱基金,18,0,18,華南永昌-竹北,2023-05-10,9339
1605,華新,19,2,17,華南永昌-竹北,2023-05-10,9339
2915,潤泰全,17,0,17,華南永昌-竹北,2023-05-10,9339
3558,神準,23,8,15,華南永昌-竹北,2023-05-10,9339
1337,再生-KY,14,0,14,華南永昌-竹北,2023-05-10,9339
2609,陽明,30,17,13,華南永昌-竹北,2023-05-10,9339
8927,北基,13,0,13,華南永昌-竹北,2023-05-10,9339
5258,虹堡,13,2,11,華南永昌-竹北,2023-05-10,9339
6167,久正,11,0,11,華南永昌-竹北,2023-05-10,9339
2362,藍天,10,0,10,華南永昌-竹北,2023-05-10,9339
2812,台中銀,10,0,10,華南永昌-竹北,2023-05-10,9339
2889,國票金,10,0,10,華南永昌-竹北,2023-05-10,9339
8215,明基材,9,0,9,華南永昌-竹北,2023-05-10,9339
3231,緯創,90,81,9,華南永昌-竹北,2023-05-10,9339
00713,元大台灣高息低波,8,0,8,華南永昌-竹北,2023-05-10,9339
3058,立德,9,1,8,華南永昌-竹北,2023-05-10,9339
4164,承業醫,8,0,8,華南永昌-竹北,2023-05-10,9339
2206,三陽工業,9,2,7,華南永昌-竹北,2023-05-10,9339
2610,華航,11,4,7,華南永昌-竹北,2023-05-10,9339
6523,達爾膚,7,0,7,華南永昌-竹北,2023-05-10,9339
8926,台汽電,7,0,7,華南永昌-竹北,2023-05-10,9339
1784,訊聯,44,38,6,華南永昌-竹北,2023-05-10,9339
8420,明揚,6,0,6,華南永昌-竹北,2023-05-10,9339
00673R,期元大S＆P原油反1,5,0,5,華南永昌-竹北,2023-05-10,9339
1529,樂事綠能,5,0,5,華南永昌-竹北,2023-05-10,9339
2344,華邦電,5,0,5,華南永昌-竹北,2023-05-10,9339
2356,英業達,6,1,5,華南永昌-竹北,2023-05-10,9339
2887,台新金,5,0,5,華南永昌-竹北,2023-05-10,9339
5309,系統電,5,0,5,華南永昌-竹北,2023-05-10,9339
6129,普誠,5,0,5,華南永昌-竹北,2023-05-10,9339
6245,立端,5,0,5,華南永昌-竹北,2023-05-10,9339
6285,啟��,5,0,5,華南永昌-竹北,2023-05-10,9339
2388,威盛,87,5,82,華南永昌-竹北,2023-05-11,9339
2368,金像電,58,0,58,華南永昌-竹北,2023-05-11,9339
8905,裕國,55,0,55,華南永昌-竹北,2023-05-11,9339
2201,裕隆,72,24,48,華南永昌-竹北,2023-05-11,9339
6143,振曜,48,0,48,華南永昌-竹北,2023-05-11,9339
2915,潤泰全,42,0,42,華南永昌-竹北,2023-05-11,9339
8927,北基,30,0,30,華南永昌-竹北,2023-05-11,9339
2431,聯昌,30,0,30,華南永昌-竹北,2023-05-11,9339
6770,力積電,30,3,27,華南永昌-竹北,2023-05-11,9339
6285,啟��,31,5,26,華南永昌-竹北,2023-05-11,9339
1784,訊聯,25,0,25,華南永昌-竹北,2023-05-11,9339
6527,明達醫,25,0,25,華南永昌-竹北,2023-05-11,9339
4958,臻鼎-KY,43,20,23,華南永昌-竹北,2023-05-11,9339
3034,聯詠,31,9,22,華南永昌-竹北,2023-05-11,9339
00761B,國泰A級公司債,20,0,20,華南永昌-竹北,2023-05-11,9339
00724B,群益投資級金融債,20,0,20,華南永昌-竹北,2023-05-11,9339
8299,群聯,17,0,17,華南永昌-竹北,2023-05-11,9339
1513,中興電,28,12,16,華南永昌-竹北,2023-05-11,9339
2812,台中銀,16,0,16,華南永昌-竹北,2023-05-11,9339
2634,漢翔,160,145,15,華南永昌-竹北,2023-05-11,9339
4968,立積,46,31,15,華南永昌-竹北,2023-05-11,9339
9945,潤泰新,15,0,15,華南永昌-竹北,2023-05-11,9339
2748,雲品,14,2,12,華南永昌-竹北,2023-05-11,9339
4916,事欣科,13,1,12,華南永昌-竹北,2023-05-11,9339
6577,勁豐,21,9,12,華南永昌-竹北,2023-05-11,9339
2883,凱基金,21,9,12,華南永昌-竹北,2023-05-11,9339
8033,雷虎,45,33,12,華南永昌-竹北,2023-05-11,9339
5488,松普,11,0,11,華南永昌-竹北,2023-05-11,9339
1314,中石化,11,0,11,華南永昌-竹北,2023-05-11,9339
4967,十銓,11,0,11,華南永昌-竹北,2023-05-11,9339
00671R,富邦NASDAQ反1,11,0,11,華南永昌-竹北,2023-05-11,9339
3202,樺晟,11,0,11,華南永昌-竹北,2023-05-11,9339
5258,虹堡,16,5,11,華南永昌-竹北,2023-05-11,9339
6218,豪勉,17,6,11,華南永昌-竹北,2023-05-11,9339
8016,矽創,11,0,11,華南永昌-竹北,2023-05-11,9339
00637L,元大滬深300正2,10,0,10,華南永昌-竹北,2023-05-11,9339
1595,川寶,10,0,10,華南永昌-竹北,2023-05-11,9339
2362,藍天,10,0,10,華南永昌-竹北,2023-05-11,9339
8097,常珵,12,2,10,華南永昌-竹北,2023-05-11,9339
0056,元大高股息,9,0,9,華南永昌-竹北,2023-05-11,9339
2609,陽明,11,2,9,華南永昌-竹北,2023-05-11,9339
2312,金寶,10,1,9,華南永昌-竹北,2023-05-11,9339
2359,所羅門,10,2,8,華南永昌-竹北,2023-05-11,9339
2409,友達,8,0,8,華南永昌-竹北,2023-05-11,9339
2497,怡利電,8,0,8,華南永昌-竹北,2023-05-11,9339
3558,神準,8,0,8,華南永昌-竹北,2023-05-11,9339
2206,三陽工業,75,68,7,華南永昌-竹北,2023-05-11,9339
1529,樂事綠能,7,0,7,華南永昌-竹北,2023-05-11,9339
2313,華通,7,0,7,華南永昌-竹北,2023-05-11,9339
2534,宏盛,7,0,7,華南永昌-竹北,2023-05-11,9339
00633L,富邦上証正2,255,10,245,華南永昌-竹北,2023-05-12,9339
00637L,元大滬深300正2,144,0,144,華南永昌-竹北,2023-05-12,9339
00715L,期街口布蘭特正2,92,2,90,華南永昌-竹北,2023-05-12,9339
2208,台船,71,0,71,華南永昌-竹北,2023-05-12,9339
3034,聯詠,76,7,69,華南永昌-竹北,2023-05-12,9339
6143,振曜,76,19,57,華南永昌-竹北,2023-05-12,9339
2834,臺企銀,51,0,51,華南永昌-竹北,2023-05-12,9339
2888,新光金,51,0,51,華南永昌-竹北,2023-05-12,9339
3189,景碩,51,0,51,華南永昌-竹北,2023-05-12,9339
1258,其祥-KY,44,1,43,華南永昌-竹北,2023-05-12,9339
8222,寶一,92,51,41,華南永昌-竹北,2023-05-12,9339
1108,幸福,39,1,38,華南永昌-竹北,2023-05-12,9339
2745,五福,37,4,33,華南永昌-竹北,2023-05-12,9339
2915,潤泰全,29,0,29,華南永昌-竹北,2023-05-12,9339
2206,三陽工業,55,29,26,華南永昌-竹北,2023-05-12,9339
2743,山富,38,12,26,華南永昌-竹北,2023-05-12,9339
8299,群聯,25,0,25,華南永昌-竹北,2023-05-12,9339
2413,環科,25,0,25,華南永昌-竹北,2023-05-12,9339
8926,台汽電,23,0,23,華南永昌-竹北,2023-05-12,9339
2317,鴻海,233,211,22,華南永昌-竹北,2023-05-12,9339
3037,欣興,25,4,21,華南永昌-竹北,2023-05-12,9339
2431,聯昌,18,0,18,華南永昌-竹北,2023-05-12,9339
2883,凱基金,18,1,17,華南永昌-竹北,2023-05-12,9339
2534,宏盛,15,0,15,華南永昌-竹北,2023-05-12,9339
2009,第一銅,13,0,13,華南永昌-竹北,2023-05-12,9339
4958,臻鼎-KY,19,6,13,華南永昌-竹北,2023-05-12,9339
1218,泰山,19,7,12,華南永昌-竹北,2023-05-12,9339
00713,元大台灣高息低波,12,0,12,華南永昌-竹北,2023-05-12,9339
1609,大亞,13,1,12,華南永昌-竹北,2023-05-12,9339
4916,事欣科,13,1,12,華南永昌-竹北,2023-05-12,9339
5483,中美晶,12,0,12,華南永昌-竹北,2023-05-12,9339
6290,良維,12,0,12,華南永昌-竹北,2023-05-12,9339
8383,千附,12,0,12,華南永昌-竹北,2023-05-12,9339
9945,潤泰新,12,0,12,華南永昌-竹北,2023-05-12,9339
2542,興富發,11,0,11,華南永昌-竹北,2023-05-12,9339
00878,國泰永續高股息,16,5,11,華南永昌-竹北,2023-05-12,9339
6112,邁達特,11,0,11,華南永昌-竹北,2023-05-12,9339
8038,長園科,12,1,11,華南永昌-竹北,2023-05-12,9339
00751B,元大AAA至A公司債,10,0,10,華南永昌-竹北,2023-05-12,9339
00877,復華中國5G,10,0,10,華南永昌-竹北,2023-05-12,9339
3481,群創,10,0,10,華南永昌-竹北,2023-05-12,9339
3680,家登,10,0,10,華南永昌-竹北,2023-05-12,9339
6223,旺矽,15,5,10,華南永昌-竹北,2023-05-12,9339
6285,啟��,22,13,9,華南永昌-竹北,2023-05-12,9339
2634,漢翔,28,19,9,華南永昌-竹北,2023-05-12,9339
2303,聯電,9,0,9,華南永昌-竹北,2023-05-12,9339
6282,康舒,12,4,8,華南永昌-竹北,2023-05-12,9339
3290,東浦,8,0,8,華南永昌-竹北,2023-05-12,9339
6531,愛普*,13,5,8,華南永昌-竹北,2023-05-12,9339
4743,合一,13,5,8,華南永昌-竹北,2023-05-12,9339
3037,欣興,296,0,296,華南永昌-竹北,2023-05-15,9339
2431,聯昌,126,0,126,華南永昌-竹北,2023-05-15,9339
4503,金雨,65,0,65,華南永昌-竹北,2023-05-15,9339
8222,寶一,61,0,61,華南永昌-竹北,2023-05-15,9339
2371,大同,63,10,53,華南永昌-竹北,2023-05-15,9339
2380,虹光,41,0,41,華南永昌-竹北,2023-05-15,9339
00751B,元大AAA至A公司債,40,0,40,華南永昌-竹北,2023-05-15,9339
9943,好樂迪,43,6,37,華南永昌-竹北,2023-05-15,9339
00679B,元大美債20年,36,0,36,華南永昌-竹北,2023-05-15,9339
00715L,期街口布蘭特正2,32,0,32,華南永昌-竹北,2023-05-15,9339
6188,廣明,31,0,31,華南永昌-竹北,2023-05-15,9339
00637L,元大滬深300正2,32,2,30,華南永昌-竹北,2023-05-15,9339
2323,中環,30,0,30,華南永昌-竹北,2023-05-15,9339
1815,富喬,20,0,20,華南永昌-竹北,2023-05-15,9339
8076,伍豐,25,6,19,華南永昌-竹北,2023-05-15,9339
3374,精材,19,0,19,華南永昌-竹北,2023-05-15,9339
2834,臺企銀,25,7,18,華南永昌-竹北,2023-05-15,9339
1609,大亞,18,1,17,華南永昌-竹北,2023-05-15,9339
4564,元翎,15,0,15,華南永昌-竹北,2023-05-15,9339
6235,華孚,12,0,12,華南永昌-竹北,2023-05-15,9339
0056,元大高股息,13,1,12,華南永昌-竹北,2023-05-15,9339
8038,長園科,12,0,12,華南永昌-竹北,2023-05-15,9339
00680L,元大美債20正2,11,0,11,華南永昌-竹北,2023-05-15,9339
1101,台泥,10,0,10,華南永昌-竹北,2023-05-15,9339
1437,勤益控,10,0,10,華南永昌-竹北,2023-05-15,9339
3290,東浦,10,0,10,華南永昌-竹北,2023-05-15,9339
5009,榮剛,27,17,10,華南永昌-竹北,2023-05-15,9339
2455,全新,16,7,9,華南永昌-竹北,2023-05-15,9339
3081,聯亞,9,0,9,華南永昌-竹北,2023-05-15,9339
4979,華星光,29,20,9,華南永昌-竹北,2023-05-15,9339
6527,明達醫,9,0,9,華南永昌-竹北,2023-05-15,9339
8299,群聯,8,0,8,華南永昌-竹北,2023-05-15,9339
6770,力積電,40,32,8,華南永昌-竹北,2023-05-15,9339
6538,倉和,16,9,7,華南永昌-竹北,2023-05-15,9339
2356,英業達,31,24,7,華南永昌-竹北,2023-05-15,9339
00687B,國泰20年美債,6,0,6,華南永昌-竹北,2023-05-15,9339
00720B,元大投資級公司債,6,0,6,華南永昌-竹北,2023-05-15,9339
2009,第一銅,6,0,6,華南永昌-竹北,2023-05-15,9339
3058,立德,6,0,6,華南永昌-竹北,2023-05-15,9339
2880,華南金,6,0,6,華南永昌-竹北,2023-05-15,9339
2542,興富發,5,0,5,華南永昌-竹北,2023-05-15,9339
6126,信音,8,3,5,華南永昌-竹北,2023-05-15,9339
3231,緯創,140,135,5,華南永昌-竹北,2023-05-15,9339
00642U,期元大S＆P石油,5,0,5,華南永昌-竹北,2023-05-15,9339
00713,元大台灣高息低波,5,0,5,華南永昌-竹北,2023-05-15,9339
00891,中信關鍵半導體,5,0,5,華南永昌-竹北,2023-05-15,9339
1589,永冠-KY,5,0,5,華南永昌-竹北,2023-05-15,9339
1762,中化生,5,0,5,華南永昌-竹北,2023-05-15,9339
6516,勤崴國際,5,0,5,華南永昌-竹北,2023-05-15,9339
6550,北極星藥業-KY,5,0,5,華南永昌-竹北,2023-05-15,9339
2431,聯昌,118,0,118,華南永昌-竹北,2023-05-16,9339
00882,中信中國高股息,100,0,100,華南永昌-竹北,2023-05-16,9339
00632R,元大台灣50反1,90,0,90,華南永昌-竹北,2023-05-16,9339
1905,華紙,120,31,89,華南永昌-竹北,2023-05-16,9339
2634,漢翔,97,15,82,華南永昌-竹北,2023-05-16,9339
00679B,元大美債20年,52,0,52,華南永昌-竹北,2023-05-16,9339
2317,鴻海,246,194,52,華南永昌-竹北,2023-05-16,9339
3037,欣興,110,59,51,華南永昌-竹北,2023-05-16,9339
2834,臺企銀,51,1,50,華南永昌-竹北,2023-05-16,9339
4977,眾達-KY,50,0,50,華南永昌-竹北,2023-05-16,9339
8222,寶一,49,0,49,華南永昌-竹北,2023-05-16,9339
00715L,期街口布蘭特正2,56,10,46,華南永昌-竹北,2023-05-16,9339
1314,中石化,42,0,42,華南永昌-竹北,2023-05-16,9339
1795,美時,54,12,42,華南永昌-竹北,2023-05-16,9339
8927,北基,42,0,42,華南永昌-竹北,2023-05-16,9339
1514,亞力,36,0,36,華南永昌-竹北,2023-05-16,9339
3324,雙鴻,32,0,32,華南永昌-竹北,2023-05-16,9339
00680L,元大美債20正2,22,0,22,華南永昌-竹北,2023-05-16,9339
00724B,群益投資級金融債,20,0,20,華南永昌-竹北,2023-05-16,9339
00761B,國泰A級公司債,20,0,20,華南永昌-竹北,2023-05-16,9339
3046,建��,21,1,20,華南永昌-竹北,2023-05-16,9339
3202,樺晟,20,0,20,華南永昌-竹北,2023-05-16,9339
8410,森田,13,0,13,華南永昌-竹北,2023-05-16,9339
3231,緯創,121,108,13,華南永昌-竹北,2023-05-16,9339
1310,台苯,12,0,12,華南永昌-竹北,2023-05-16,9339
1721,三晃,19,7,12,華南永昌-竹北,2023-05-16,9339
2409,友達,12,0,12,華南永昌-竹北,2023-05-16,9339
3034,聯詠,16,6,10,華南永昌-竹北,2023-05-16,9339
2344,華邦電,10,0,10,華南永昌-竹北,2023-05-16,9339
4953,緯軟,10,0,10,華南永昌-竹北,2023-05-16,9339
5522,遠雄,10,0,10,華南永昌-竹北,2023-05-16,9339
6290,良維,10,0,10,華南永昌-竹北,2023-05-16,9339
4938,和碩,10,1,9,華南永昌-竹北,2023-05-16,9339
00900,富邦特選高股息30,9,0,9,華南永昌-竹北,2023-05-16,9339
1504,東元,68,60,8,華南永昌-竹北,2023-05-16,9339
00751B,元大AAA至A公司債,8,0,8,華南永昌-竹北,2023-05-16,9339
2313,華通,9,1,8,華南永昌-竹北,2023-05-16,9339
4503,金雨,8,0,8,華南永昌-竹北,2023-05-16,9339
6271,同欣電,13,5,8,華南永昌-竹北,2023-05-16,9339
6643,M31,10,2,8,華南永昌-竹北,2023-05-16,9339
00720B,元大投資級公司債,7,0,7,華南永昌-竹北,2023-05-16,9339
2206,三陽工業,82,75,7,華南永昌-竹北,2023-05-16,9339
2393,億光,7,0,7,華南永昌-竹北,2023-05-16,9339
6531,愛普*,13,6,7,華南永昌-竹北,2023-05-16,9339
6698,旭暉應材,6,0,6,華南永昌-竹北,2023-05-16,9339
6719,力智,8,2,6,華南永昌-竹北,2023-05-16,9339
2461,光群雷,8,2,6,華南永昌-竹北,2023-05-16,9339
2745,五福,5,0,5,華南永昌-竹北,2023-05-16,9339
2704,國賓,5,0,5,華南永昌-竹北,2023-05-16,9339
2408,南亞科,6,1,5,華南永昌-竹北,2023-05-16,9339
00637L,元大滬深300正2,240,0,240,華南永昌-竹北,2023-05-17,9339
00632R,元大台灣50反1,224,0,224,華南永昌-竹北,2023-05-17,9339
1514,亞力,150,0,150,華南永昌-竹北,2023-05-17,9339
1905,華紙,100,0,100,華南永昌-竹北,2023-05-17,9339
4915,致伸,75,1,74,華南永昌-竹北,2023-05-17,9339
1513,中興電,72,0,72,華南永昌-竹北,2023-05-17,9339
2421,建準,119,55,64,華南永昌-竹北,2023-05-17,9339
6517,保勝光學,45,3,42,華南永昌-竹北,2023-05-17,9339
2380,虹光,40,0,40,華南永昌-竹北,2023-05-17,9339
2482,連宇,56,19,37,華南永昌-竹北,2023-05-17,9339
8046,南電,39,2,37,華南永昌-竹北,2023-05-17,9339
4138,曜亞,32,0,32,華南永昌-竹北,2023-05-17,9339
2332,友訊,30,0,30,華南永昌-竹北,2023-05-17,9339
6285,啟��,28,1,27,華南永昌-竹北,2023-05-17,9339
2634,漢翔,65,39,26,華南永昌-竹北,2023-05-17,9339
00680L,元大美債20正2,25,0,25,華南永昌-竹北,2023-05-17,9339
2743,山富,54,29,25,華南永昌-竹北,2023-05-17,9339
8210,勤誠,26,3,23,華南永昌-竹北,2023-05-17,9339
3032,偉訓,22,0,22,華南永昌-竹北,2023-05-17,9339
5511,德昌,22,0,22,華南永昌-竹北,2023-05-17,9339
8926,台汽電,23,2,21,華南永昌-竹北,2023-05-17,9339
1310,台苯,20,1,19,華南永昌-竹北,2023-05-17,9339
3037,欣興,62,44,18,華南永昌-竹北,2023-05-17,9339
0056,元大高股息,18,3,15,華南永昌-竹北,2023-05-17,9339
2498,宏達電,15,0,15,華南永昌-竹北,2023-05-17,9339
3207,耀勝,36,21,15,華南永昌-竹北,2023-05-17,9339
3675,德微,15,1,14,華南永昌-竹北,2023-05-17,9339
3088,艾訊,12,0,12,華南永昌-竹北,2023-05-17,9339
1784,訊聯,11,0,11,華南永昌-竹北,2023-05-17,9339
8099,大世科,10,0,10,華南永昌-竹北,2023-05-17,9339
2364,倫飛,10,0,10,華南永昌-竹北,2023-05-17,9339
5227,立凱-KY,10,0,10,華南永昌-竹北,2023-05-17,9339
6223,旺矽,16,6,10,華南永昌-竹北,2023-05-17,9339
5289,宜鼎,10,0,10,華南永昌-竹北,2023-05-17,9339
2610,華航,11,2,9,華南永昌-竹北,2023-05-17,9339
1584,精剛,8,0,8,華南永昌-竹北,2023-05-17,9339
2455,全新,10,2,8,華南永昌-竹北,2023-05-17,9339
6202,盛群,23,15,8,華南永昌-竹北,2023-05-17,9339
1737,臺鹽,8,0,8,華南永昌-竹北,2023-05-17,9339
2888,新光金,7,0,7,華南永昌-竹北,2023-05-17,9339
6125,廣運,7,0,7,華南永昌-竹北,2023-05-17,9339
0050,元大台灣50,7,0,7,華南永昌-竹北,2023-05-17,9339
6209,今國光,6,0,6,華南永昌-竹北,2023-05-17,9339
1609,大亞,58,52,6,華南永昌-竹北,2023-05-17,9339
3010,華立,11,5,6,華南永昌-竹北,2023-05-17,9339
5243,乙盛-KY,7,1,6,華南永昌-竹北,2023-05-17,9339
00878,國泰永續高股息,32,27,5,華南永昌-竹北,2023-05-17,9339
00772B,中信高評級公司債,6,1,5,華南永昌-竹北,2023-05-17,9339
00673R,期元大S＆P原油反1,5,0,5,華南永昌-竹北,2023-05-17,9339
00671R,富邦NASDAQ反1,5,0,5,華南永昌-竹北,2023-05-17,9339
3047,訊舟,244,0,244,華南永昌-竹北,2023-05-18,9339
2634,漢翔,160,67,93,華南永昌-竹北,2023-05-18,9339
2206,三陽工業,200,123,77,華南永昌-竹北,2023-05-18,9339
00878,國泰永續高股息,101,41,60,華南永昌-竹北,2023-05-18,9339
8222,寶一,103,44,59,華南永昌-竹北,2023-05-18,9339
4744,皇將,88,38,50,華南永昌-竹北,2023-05-18,9339
2371,大同,46,4,42,華南永昌-竹北,2023-05-18,9339
4915,致伸,36,0,36,華南永昌-竹北,2023-05-18,9339
2478,大毅,35,0,35,華南永昌-竹北,2023-05-18,9339
8299,群聯,36,2,34,華南永昌-竹北,2023-05-18,9339
2609,陽明,36,5,31,華南永昌-竹北,2023-05-18,9339
8076,伍豐,37,7,30,華南永昌-竹北,2023-05-18,9339
3546,宇峻,32,2,30,華南永昌-竹北,2023-05-18,9339
6266,泰詠,33,3,30,華南永昌-竹北,2023-05-18,9339
3017,奇鋐,29,7,22,華南永昌-竹北,2023-05-18,9339
6517,保勝光學,24,3,21,華南永昌-竹北,2023-05-18,9339
6235,華孚,30,10,20,華南永昌-竹北,2023-05-18,9339
1513,中興電,23,3,20,華南永昌-竹北,2023-05-18,9339
8261,富鼎,20,0,20,華南永昌-竹北,2023-05-18,9339
2472,立隆電,20,1,19,華南永昌-竹北,2023-05-18,9339
2491,吉祥全,20,1,19,華南永昌-竹北,2023-05-18,9339
00671R,富邦NASDAQ反1,16,0,16,華南永昌-竹北,2023-05-18,9339
00679B,元大美債20年,16,1,15,華南永昌-竹北,2023-05-18,9339
4743,合一,15,0,15,華南永昌-竹北,2023-05-18,9339
4503,金雨,24,9,15,華南永昌-竹北,2023-05-18,9339
00637L,元大滬深300正2,50,37,13,華南永昌-竹北,2023-05-18,9339
1609,大亞,19,7,12,華南永昌-竹北,2023-05-18,9339
00751B,元大AAA至A公司債,12,0,12,華南永昌-竹北,2023-05-18,9339
6596,寬宏藝術,12,0,12,華南永昌-竹北,2023-05-18,9339
2482,連宇,55,43,12,華南永昌-竹北,2023-05-18,9339
5381,合正,10,0,10,華南永昌-竹北,2023-05-18,9339
6672,騰輝電子-KY,10,0,10,華南永昌-竹北,2023-05-18,9339
6173,信昌電,10,0,10,華南永昌-竹北,2023-05-18,9339
3035,智原,10,2,8,華南永昌-竹北,2023-05-18,9339
1258,其祥-KY,8,0,8,華南永昌-竹北,2023-05-18,9339
2495,普安,8,0,8,華南永昌-竹北,2023-05-18,9339
6443,元晶,8,1,7,華南永昌-竹北,2023-05-18,9339
00664R,國泰臺灣加權反1,7,0,7,華南永昌-竹北,2023-05-18,9339
00687B,國泰20年美債,7,0,7,華南永昌-竹北,2023-05-18,9339
3362,先進光,8,1,7,華南永昌-竹北,2023-05-18,9339
8996,高力,10,3,7,華南永昌-竹北,2023-05-18,9339
3005,神基,6,0,6,華南永昌-竹北,2023-05-18,9339
2323,中環,6,0,6,華南永昌-竹北,2023-05-18,9339
2342,茂矽,6,0,6,華南永昌-竹北,2023-05-18,9339
2748,雲品,6,0,6,華南永昌-竹北,2023-05-18,9339
6163,華電網,6,0,6,華南永昌-竹北,2023-05-18,9339
6187,萬潤,6,0,6,華南永昌-竹北,2023-05-18,9339
2402,毅嘉,5,0,5,華南永昌-竹北,2023-05-18,9339
1314,中石化,5,0,5,華南永昌-竹北,2023-05-18,9339
00673R,期元大S＆P原油反1,5,0,5,華南永昌-竹北,2023-05-18,9339
2618,長榮航,158,52,106,華南永昌-竹北,2023-05-19,9339
00679B,元大美債20年,95,10,85,華南永昌-竹北,2023-05-19,9339
2323,中環,87,5,82,華南永昌-竹北,2023-05-19,9339
2801,彰銀,55,0,55,華南永昌-竹北,2023-05-19,9339
00637L,元大滬深300正2,98,50,48,華南永昌-竹北,2023-05-19,9339
2317,鴻海,367,321,46,華南永昌-竹北,2023-05-19,9339
2332,友訊,50,11,39,華南永昌-竹北,2023-05-19,9339
3363,上詮,74,38,36,華南永昌-竹北,2023-05-19,9339
6770,力積電,35,0,35,華南永昌-竹北,2023-05-19,9339
1503,士電,40,10,30,華南永昌-竹北,2023-05-19,9339
00680L,元大美債20正2,30,0,30,華南永昌-竹北,2023-05-19,9339
2883,凱基金,30,2,28,華南永昌-竹北,2023-05-19,9339
1314,中石化,30,5,25,華南永昌-竹北,2023-05-19,9339
2356,英業達,31,6,25,華南永昌-竹北,2023-05-19,9339
2421,建準,128,105,23,華南永昌-竹北,2023-05-19,9339
3546,宇峻,23,0,23,華南永昌-竹北,2023-05-19,9339
9942,茂順,21,0,21,華南永昌-竹北,2023-05-19,9339
2634,漢翔,132,112,20,華南永昌-竹北,2023-05-19,9339
1589,永冠-KY,20,0,20,華南永昌-竹北,2023-05-19,9339
3224,三顧,20,0,20,華南永昌-竹北,2023-05-19,9339
3324,雙鴻,20,2,18,華南永昌-竹北,2023-05-19,9339
8299,群聯,19,2,17,華南永昌-竹北,2023-05-19,9339
1258,其祥-KY,16,0,16,華南永昌-竹北,2023-05-19,9339
3131,弘塑,16,0,16,華南永昌-竹北,2023-05-19,9339
9939,宏全,15,0,15,華南永昌-竹北,2023-05-19,9339
00751B,元大AAA至A公司債,12,0,12,華南永昌-竹北,2023-05-19,9339
1529,樂事綠能,12,0,12,華南永昌-竹北,2023-05-19,9339
2327,國巨,12,0,12,華南永昌-竹北,2023-05-19,9339
2745,五福,13,1,12,華南永昌-竹北,2023-05-19,9339
8936,國統,12,0,12,華南永昌-竹北,2023-05-19,9339
1519,華城,65,54,11,華南永昌-竹北,2023-05-19,9339
2066,世德,11,0,11,華南永昌-竹北,2023-05-19,9339
2247,汎德永業,11,0,11,華南永昌-竹北,2023-05-19,9339
6217,中探針,11,0,11,華南永昌-竹北,2023-05-19,9339
6414,樺漢,10,0,10,華南永昌-竹北,2023-05-19,9339
2534,宏盛,10,0,10,華南永昌-竹北,2023-05-19,9339
2887,台新金,10,0,10,華南永昌-竹北,2023-05-19,9339
3025,星通,10,0,10,華南永昌-竹北,2023-05-19,9339
3202,樺晟,30,20,10,華南永昌-竹北,2023-05-19,9339
3684,榮昌,10,0,10,華南永昌-竹北,2023-05-19,9339
3703,欣陸,10,0,10,華南永昌-竹北,2023-05-19,9339
5009,榮剛,13,3,10,華南永昌-竹北,2023-05-19,9339
6120,達運,10,0,10,華南永昌-竹北,2023-05-19,9339
6531,愛普*,30,20,10,華南永昌-竹北,2023-05-19,9339
8358,金居,10,0,10,華南永昌-竹北,2023-05-19,9339
4130,健亞,12,2,10,華南永昌-竹北,2023-05-19,9339
6462,神盾,10,0,10,華南永昌-竹北,2023-05-19,9339
6104,創惟,10,1,9,華南永昌-竹北,2023-05-19,9339
2603,長榮,9,0,9,華南永昌-竹北,2023-05-19,9339
3163,波若威,15,7,8,華南永昌-竹北,2023-05-19,9339
2344,華邦電,473,23,450,華南永昌-竹北,2023-05-22,9339
3037,欣興,290,32,258,華南永昌-竹北,2023-05-22,9339
00632R,元大台灣50反1,196,45,151,華南永昌-竹北,2023-05-22,9339
00715L,期街口布蘭特正2,128,0,128,華南永昌-竹北,2023-05-22,9339
2206,三陽工業,82,7,75,華南永昌-竹北,2023-05-22,9339
1314,中石化,63,0,63,華南永昌-竹北,2023-05-22,9339
2618,長榮航,138,82,56,華南永昌-竹北,2023-05-22,9339
3363,上詮,46,2,44,華南永昌-竹北,2023-05-22,9339
6461,益得,44,0,44,華南永昌-竹北,2023-05-22,9339
4707,磐亞,40,0,40,華南永昌-竹北,2023-05-22,9339
8937,合騏,37,0,37,華南永昌-竹北,2023-05-22,9339
2368,金像電,91,56,35,華南永昌-竹北,2023-05-22,9339
8927,北基,30,0,30,華南永昌-竹北,2023-05-22,9339
00720B,元大投資級公司債,29,0,29,華南永昌-竹北,2023-05-22,9339
1795,美時,68,40,28,華南永昌-竹北,2023-05-22,9339
3706,神達,26,0,26,華南永昌-竹北,2023-05-22,9339
6282,康舒,33,7,26,華南永昌-竹北,2023-05-22,9339
00680L,元大美債20正2,25,0,25,華南永昌-竹北,2023-05-22,9339
8426,紅木-KY,25,0,25,華南永昌-竹北,2023-05-22,9339
00679B,元大美債20年,27,4,23,華南永昌-竹北,2023-05-22,9339
2231,為升,22,0,22,華南永昌-竹北,2023-05-22,9339
6462,神盾,21,0,21,華南永昌-竹北,2023-05-22,9339
1762,中化生,20,0,20,華南永昌-竹北,2023-05-22,9339
1904,正隆,20,0,20,華南永昌-竹北,2023-05-22,9339
4102,永日,20,0,20,華南永昌-竹北,2023-05-22,9339
4128,中天,20,0,20,華南永昌-竹北,2023-05-22,9339
5009,榮剛,33,13,20,華南永昌-竹北,2023-05-22,9339
5511,德昌,20,0,20,華南永昌-竹北,2023-05-22,9339
6190,萬泰科,20,0,20,華南永昌-竹北,2023-05-22,9339
1618,合機,20,1,19,華南永昌-竹北,2023-05-22,9339
8076,伍豐,20,2,18,華南永昌-竹北,2023-05-22,9339
2303,聯電,29,12,17,華南永昌-竹北,2023-05-22,9339
5531,鄉林,17,0,17,華南永昌-竹北,2023-05-22,9339
6213,聯茂,29,12,17,華南永昌-竹北,2023-05-22,9339
00692,富邦公司治理,16,0,16,華南永昌-竹北,2023-05-22,9339
3259,鑫創,14,0,14,華南永昌-竹北,2023-05-22,9339
2356,英業達,13,0,13,華南永昌-竹北,2023-05-22,9339
1513,中興電,51,38,13,華南永昌-竹北,2023-05-22,9339
2317,鴻海,328,316,12,華南永昌-竹北,2023-05-22,9339
2337,旺宏,12,0,12,華南永昌-竹北,2023-05-22,9339
6266,泰詠,12,0,12,華南永昌-竹北,2023-05-22,9339
5324,士開,13,2,11,華南永昌-竹北,2023-05-22,9339
1609,大亞,11,1,10,華南永昌-竹北,2023-05-22,9339
4739,康普,10,0,10,華南永昌-竹北,2023-05-22,9339
6223,旺矽,57,47,10,華南永昌-竹北,2023-05-22,9339
6523,達爾膚,12,2,10,華南永昌-竹北,2023-05-22,9339
3625,西勝,9,0,9,華南永昌-竹北,2023-05-22,9339
5522,遠雄,8,0,8,華南永昌-竹北,2023-05-22,9339
3715,定穎投控,7,0,7,華南永昌-竹北,2023-05-22,9339
4121,優盛,25,18,7,華南永昌-竹北,2023-05-22,9339
2305,全友,158,7,151,華南永昌-竹北,2023-05-23,9339
2834,臺企銀,100,0,100,華南永昌-竹北,2023-05-23,9339
00637L,元大滬深300正2,150,60,90,華南永昌-竹北,2023-05-23,9339
6569,醫揚,73,2,71,華南永昌-竹北,2023-05-23,9339
00878,國泰永續高股息,70,2,68,華南永昌-竹北,2023-05-23,9339
2231,為升,49,0,49,華南永昌-竹北,2023-05-23,9339
4916,事欣科,42,6,36,華南永昌-竹北,2023-05-23,9339
00673R,期元大S＆P原油反1,35,0,35,華南永昌-竹北,2023-05-23,9339
3050,鈺德,30,0,30,華南永昌-竹北,2023-05-23,9339
8277,商丞,30,0,30,華南永昌-竹北,2023-05-23,9339
1227,佳格,29,0,29,華南永昌-竹北,2023-05-23,9339
1519,華城,58,29,29,華南永昌-竹北,2023-05-23,9339
6190,萬泰科,27,0,27,華南永昌-竹北,2023-05-23,9339
3443,創意,26,0,26,華南永昌-竹北,2023-05-23,9339
1514,亞力,38,15,23,華南永昌-竹北,2023-05-23,9339
2371,大同,25,2,23,華南永昌-竹北,2023-05-23,9339
2610,華航,47,28,19,華南永昌-竹北,2023-05-23,9339
4743,合一,22,3,19,華南永昌-竹北,2023-05-23,9339
1709,和益,18,0,18,華南永昌-竹北,2023-05-23,9339
8426,紅木-KY,18,0,18,華南永昌-竹北,2023-05-23,9339
00680L,元大美債20正2,17,0,17,華南永昌-竹北,2023-05-23,9339
2618,長榮航,40,23,17,華南永昌-竹北,2023-05-23,9339
2748,雲品,22,9,13,華南永昌-竹北,2023-05-23,9339
3081,聯亞,13,0,13,華南永昌-竹北,2023-05-23,9339
00687B,國泰20年美債,12,0,12,華南永昌-竹北,2023-05-23,9339
00725B,國泰投資級公司債,11,0,11,華南永昌-竹北,2023-05-23,9339
2317,鴻海,83,72,11,華南永昌-竹北,2023-05-23,9339
2645,長榮航太,11,0,11,華南永昌-竹北,2023-05-23,9339
6462,神盾,11,0,11,華南永昌-竹北,2023-05-23,9339
1471,首利,10,0,10,華南永昌-竹北,2023-05-23,9339
1795,美時,32,22,10,華南永昌-竹北,2023-05-23,9339
3131,弘塑,10,0,10,華南永昌-竹北,2023-05-23,9339
3236,千如,10,0,10,華南永昌-竹北,2023-05-23,9339
6592,和潤企業,10,0,10,華南永昌-竹北,2023-05-23,9339
00882,中信中國高股息,10,0,10,華南永昌-竹北,2023-05-23,9339
4564,元翎,25,15,10,華南永昌-竹北,2023-05-23,9339
1608,華榮,9,0,9,華南永昌-竹北,2023-05-23,9339
1101,台泥,8,0,8,華南永昌-竹北,2023-05-23,9339
2313,華通,8,0,8,華南永昌-竹北,2023-05-23,9339
2368,金像電,71,63,8,華南永昌-竹北,2023-05-23,9339
2609,陽明,26,18,8,華南永昌-竹北,2023-05-23,9339
5522,遠雄,8,0,8,華南永昌-竹北,2023-05-23,9339
4958,臻鼎-KY,12,4,8,華南永昌-竹北,2023-05-23,9339
6112,邁達特,17,10,7,華南永昌-竹北,2023-05-23,9339
00679B,元大美債20年,9,2,7,華南永昌-竹北,2023-05-23,9339
6122,擎邦,14,7,7,華南永昌-竹北,2023-05-23,9339
3202,樺晟,6,0,6,華南永昌-竹北,2023-05-23,9339
8076,伍豐,17,11,6,華南永昌-竹北,2023-05-23,9339
3252,海灣,6,0,6,華南永昌-竹北,2023-05-23,9339
2883,凱基金,10,4,6,華南永昌-竹北,2023-05-23,9339
2344,華邦電,177,0,177,華南永昌-竹北,2023-05-24,9339
6202,盛群,162,2,160,華南永昌-竹北,2023-05-24,9339
3041,揚智,126,1,125,華南永昌-竹北,2023-05-24,9339
3006,晶豪科,101,0,101,華南永昌-竹北,2023-05-24,9339
1314,中石化,81,1,80,華南永昌-竹北,2023-05-24,9339
2368,金像電,97,20,77,華南永昌-竹北,2023-05-24,9339
2458,義隆,62,1,61,華南永昌-竹北,2023-05-24,9339
4915,致伸,61,0,61,華南永昌-竹北,2023-05-24,9339
2801,彰銀,52,1,51,華南永昌-竹北,2023-05-24,9339
00673R,期元大S＆P原油反1,45,0,45,華南永昌-竹北,2023-05-24,9339
00878,國泰永續高股息,42,0,42,華南永昌-竹北,2023-05-24,9339
3661,世芯-KY,44,2,42,華南永昌-竹北,2023-05-24,9339
3714,富采,43,1,42,華南永昌-竹北,2023-05-24,9339
9958,世紀鋼,41,0,41,華南永昌-竹北,2023-05-24,9339
3443,創意,36,1,35,華南永昌-竹北,2023-05-24,9339
6569,醫揚,34,1,33,華南永昌-竹北,2023-05-24,9339
2739,寒舍,31,0,31,華南永昌-竹北,2023-05-24,9339
6271,同欣電,30,0,30,華南永昌-竹北,2023-05-24,9339
3141,晶宏,26,1,25,華南永昌-竹北,2023-05-24,9339
6411,晶焱,25,1,24,華南永昌-竹北,2023-05-24,9339
1905,華紙,78,56,22,華南永昌-竹北,2023-05-24,9339
8086,宏捷科,22,0,22,華南永昌-竹北,2023-05-24,9339
4746,台耀,21,0,21,華南永昌-竹北,2023-05-24,9339
00674R,期元大S＆P黃金反1,20,0,20,華南永昌-竹北,2023-05-24,9339
9955,佳龍,20,0,20,華南永昌-竹北,2023-05-24,9339
00679B,元大美債20年,19,0,19,華南永昌-竹北,2023-05-24,9339
00680L,元大美債20正2,19,0,19,華南永昌-竹北,2023-05-24,9339
3675,德微,20,1,19,華南永昌-竹北,2023-05-24,9339
00725B,國泰投資級公司債,17,0,17,華南永昌-竹北,2023-05-24,9339
00713,元大台灣高息低波,16,0,16,華南永昌-竹北,2023-05-24,9339
4919,新唐,17,1,16,華南永昌-竹北,2023-05-24,9339
3454,晶睿,17,2,15,華南永昌-竹北,2023-05-24,9339
4128,中天,15,0,15,華南永昌-竹北,2023-05-24,9339
5324,士開,15,0,15,華南永昌-竹北,2023-05-24,9339
2376,技嘉,17,4,13,華南永昌-竹北,2023-05-24,9339
2630,亞航,22,9,13,華南永昌-竹北,2023-05-24,9339
00720B,元大投資級公司債,12,0,12,華南永昌-竹北,2023-05-24,9339
1795,美時,31,20,11,華南永昌-竹北,2023-05-24,9339
0056,元大高股息,11,0,11,華南永昌-竹北,2023-05-24,9339
00900,富邦特選高股息30,10,0,10,華南永昌-竹北,2023-05-24,9339
00751B,元大AAA至A公司債,10,0,10,華南永昌-竹北,2023-05-24,9339
1402,遠東新,10,0,10,華南永昌-竹北,2023-05-24,9339
3078,僑威,37,27,10,華南永昌-竹北,2023-05-24,9339
4121,優盛,13,3,10,華南永昌-竹北,2023-05-24,9339
6190,萬泰科,10,0,10,華南永昌-竹北,2023-05-24,9339
6412,群電,10,0,10,華南永昌-竹北,2023-05-24,9339
6821,聯寶,10,0,10,華南永昌-竹北,2023-05-24,9339
2399,映泰,15,6,9,華南永昌-竹北,2023-05-24,9339
5905,南仁湖,9,0,9,華南永昌-竹北,2023-05-24,9339
6170,統振,11,2,9,華南永昌-竹北,2023-05-24,9339
00753L,中信中國50正2,400,5,395,華南永昌-竹北,2023-05-25,9339
3038,全台,183,0,183,華南永昌-竹北,2023-05-25,9339
2317,鴻海,197,40,157,華南永昌-竹北,2023-05-25,9339
3131,弘塑,96,3,93,華南永昌-竹北,2023-05-25,9339
2618,長榮航,257,166,91,華南永昌-竹北,2023-05-25,9339
1310,台苯,91,1,90,華南永昌-竹北,2023-05-25,9339
4915,致伸,120,61,59,華南永昌-竹北,2023-05-25,9339
2349,錸德,54,0,54,華南永昌-竹北,2023-05-25,9339
2421,建準,61,9,52,華南永昌-竹北,2023-05-25,9339
2431,聯昌,52,0,52,華南永昌-竹北,2023-05-25,9339
3041,揚智,40,0,40,華南永昌-竹北,2023-05-25,9339
4943,康控-KY,40,0,40,華南永昌-竹北,2023-05-25,9339
2457,飛宏,46,11,35,華南永昌-竹北,2023-05-25,9339
2886,兆豐金,30,0,30,華南永昌-竹北,2023-05-25,9339
00679B,元大美債20年,25,0,25,華南永昌-竹北,2023-05-25,9339
00712,復華富時不動產,24,0,24,華南永昌-竹北,2023-05-25,9339
00680L,元大美債20正2,22,0,22,華南永昌-竹北,2023-05-25,9339
8086,宏捷科,24,2,22,華南永昌-竹北,2023-05-25,9339
4746,台耀,25,5,20,華南永昌-竹北,2023-05-25,9339
00673R,期元大S＆P原油反1,18,0,18,華南永昌-竹北,2023-05-25,9339
2748,雲品,30,13,17,華南永昌-竹北,2023-05-25,9339
6175,立敦,17,0,17,華南永昌-竹北,2023-05-25,9339
1504,東元,93,78,15,華南永昌-竹北,2023-05-25,9339
3035,智原,24,9,15,華南永昌-竹北,2023-05-25,9339
4102,永日,20,5,15,華南永昌-竹北,2023-05-25,9339
6683,雍智科技,16,1,15,華南永昌-竹北,2023-05-25,9339
1609,大亞,22,9,13,華南永昌-竹北,2023-05-25,9339
6290,良維,12,0,12,華南永昌-竹北,2023-05-25,9339
1721,三晃,11,0,11,華南永昌-竹北,2023-05-25,9339
2344,華邦電,11,0,11,華南永昌-竹北,2023-05-25,9339
2402,毅嘉,18,7,11,華南永昌-竹北,2023-05-25,9339
2702,華園,11,0,11,華南永昌-竹北,2023-05-25,9339
1802,台玻,10,0,10,華南永昌-竹北,2023-05-25,9339
2007,燁興,10,0,10,華南永昌-竹北,2023-05-25,9339
2331,精英,10,0,10,華南永昌-竹北,2023-05-25,9339
4121,優盛,10,0,10,華南永昌-竹北,2023-05-25,9339
8131,福懋科,10,0,10,華南永昌-竹北,2023-05-25,9339
2371,大同,16,6,10,華南永昌-竹北,2023-05-25,9339
3178,公準,17,7,10,華南永昌-竹北,2023-05-25,9339
5328,華容,9,0,9,華南永昌-竹北,2023-05-25,9339
2884,玉山金,9,0,9,華南永昌-竹北,2023-05-25,9339
3515,華擎,11,2,9,華南永昌-竹北,2023-05-25,9339
4541,晟田,9,0,9,華南永昌-竹北,2023-05-25,9339
00725B,國泰投資級公司債,8,0,8,華南永昌-竹北,2023-05-25,9339
6569,醫揚,9,2,7,華南永昌-竹北,2023-05-25,9339
00928,中信上櫃ESG30,7,0,7,華南永昌-竹北,2023-05-25,9339
1905,華紙,17,10,7,華南永昌-竹北,2023-05-25,9339
2356,英業達,8,1,7,華南永昌-竹北,2023-05-25,9339
3406,玉晶光,10,3,7,華南永昌-竹北,2023-05-25,9339
2342,茂矽,6,0,6,華南永昌-竹北,2023-05-25,9339
2431,聯昌,240,1,239,華南永昌-竹北,2023-05-26,9339
00632R,元大台灣50反1,214,0,214,華南永昌-竹北,2023-05-26,9339
1785,光洋科,203,0,203,華南永昌-竹北,2023-05-26,9339
3189,景碩,130,7,123,華南永昌-竹北,2023-05-26,9339
5009,榮剛,148,30,118,華南永昌-竹北,2023-05-26,9339
00715L,期街口布蘭特正2,101,0,101,華南永昌-竹北,2023-05-26,9339
1314,中石化,90,0,90,華南永昌-竹北,2023-05-26,9339
3169,亞信,81,0,81,華南永昌-竹北,2023-05-26,9339
3131,弘塑,84,4,80,華南永昌-竹北,2023-05-26,9339
00680L,元大美債20正2,75,0,75,華南永昌-竹北,2023-05-26,9339
00687B,國泰20年美債,60,0,60,華南永昌-竹北,2023-05-26,9339
4977,眾達-KY,54,4,50,華南永昌-竹北,2023-05-26,9339
6223,旺矽,134,86,48,華南永昌-竹北,2023-05-26,9339
4746,台耀,53,5,48,華南永昌-竹北,2023-05-26,9339
2323,中環,72,26,46,華南永昌-竹北,2023-05-26,9339
6770,力積電,49,6,43,華南永昌-竹北,2023-05-26,9339
4503,金雨,40,0,40,華南永昌-竹北,2023-05-26,9339
4915,致伸,40,2,38,華南永昌-竹北,2023-05-26,9339
4979,華星光,41,3,38,華南永昌-竹北,2023-05-26,9339
2883,凱基金,33,0,33,華南永昌-竹北,2023-05-26,9339
6138,茂達,33,0,33,華南永昌-竹北,2023-05-26,9339
3374,精材,35,4,31,華南永昌-竹北,2023-05-26,9339
2458,義隆,30,0,30,華南永昌-竹北,2023-05-26,9339
3006,晶豪科,57,29,28,華南永昌-竹北,2023-05-26,9339
00882,中信中國高股息,20,0,20,華南永昌-竹北,2023-05-26,9339
00706L,期元大S＆P日圓正2,20,0,20,華南永昌-竹北,2023-05-26,9339
2706,第一店,20,0,20,華南永昌-竹北,2023-05-26,9339
3479,安勤,20,0,20,華南永昌-竹北,2023-05-26,9339
6231,系微,20,0,20,華南永昌-竹北,2023-05-26,9339
8440,綠電,20,0,20,華南永昌-竹北,2023-05-26,9339
9105,泰金寶-DR,20,0,20,華南永昌-竹北,2023-05-26,9339
1784,訊聯,19,0,19,華南永昌-竹北,2023-05-26,9339
6202,盛群,19,0,19,華南永昌-竹北,2023-05-26,9339
6175,立敦,18,0,18,華南永昌-竹北,2023-05-26,9339
4919,新唐,18,1,17,華南永昌-竹北,2023-05-26,9339
3680,家登,22,6,16,華南永昌-竹北,2023-05-26,9339
00712,復華富時不動產,16,0,16,華南永昌-竹北,2023-05-26,9339
5324,士開,14,0,14,華南永昌-竹北,2023-05-26,9339
6235,華孚,57,43,14,華南永昌-竹北,2023-05-26,9339
2354,鴻準,14,0,14,華南永昌-竹北,2023-05-26,9339
1618,合機,15,2,13,華南永昌-竹北,2023-05-26,9339
4102,永日,15,2,13,華南永昌-竹北,2023-05-26,9339
5511,德昌,13,0,13,華南永昌-竹北,2023-05-26,9339
2305,全友,12,0,12,華南永昌-竹北,2023-05-26,9339
2342,茂矽,12,0,12,華南永昌-竹北,2023-05-26,9339
2482,連宇,17,5,12,華南永昌-竹北,2023-05-26,9339
3705,永信,12,0,12,華南永昌-竹北,2023-05-26,9339
6288,聯嘉,11,0,11,華南永昌-竹北,2023-05-26,9339
1210,大成,10,0,10,華南永昌-竹北,2023-05-26,9339
1609,大亞,96,86,10,華南永昌-竹北,2023-05-26,9339
3037,欣興,524,36,488,華南永昌-竹北,2023-05-29,9339
2312,金寶,202,0,202,華南永昌-竹北,2023-05-29,9339
00632R,元大台灣50反1,200,0,200,華南永昌-竹北,2023-05-29,9339
3189,景碩,194,13,181,華南永昌-竹北,2023-05-29,9339
3013,晟銘電,172,7,165,華南永昌-竹北,2023-05-29,9339
2201,裕隆,138,20,118,華南永昌-竹北,2023-05-29,9339
2457,飛宏,174,56,118,華南永昌-竹北,2023-05-29,9339
8069,元太,176,60,116,華南永昌-竹北,2023-05-29,9339
3006,晶豪科,218,149,69,華南永昌-竹北,2023-05-29,9339
2206,三陽工業,78,15,63,華南永昌-竹北,2023-05-29,9339
2376,技嘉,117,60,57,華南永昌-竹北,2023-05-29,9339
8046,南電,59,12,47,華南永昌-竹北,2023-05-29,9339
2382,廣達,45,3,42,華南永昌-竹北,2023-05-29,9339
3443,創意,51,10,41,華南永昌-竹北,2023-05-29,9339
00671R,富邦NASDAQ反1,31,0,31,華南永昌-竹北,2023-05-29,9339
2371,大同,78,51,27,華南永昌-竹北,2023-05-29,9339
1519,華城,105,80,25,華南永昌-竹北,2023-05-29,9339
5274,信驊,23,0,23,華南永昌-竹北,2023-05-29,9339
6175,立敦,20,0,20,華南永昌-竹北,2023-05-29,9339
6789,采鈺,21,1,20,華南永昌-竹北,2023-05-29,9339
6415,矽力*-KY,21,2,19,華南永昌-竹北,2023-05-29,9339
4121,優盛,18,0,18,華南永昌-竹北,2023-05-29,9339
2356,英業達,17,0,17,華南永昌-竹北,2023-05-29,9339
2888,新光金,20,3,17,華南永昌-竹北,2023-05-29,9339
1460,宏遠,17,0,17,華南永昌-竹北,2023-05-29,9339
8222,寶一,38,22,16,華南永昌-竹北,2023-05-29,9339
4128,中天,15,0,15,華南永昌-竹北,2023-05-29,9339
1608,華榮,23,9,14,華南永昌-竹北,2023-05-29,9339
4919,新唐,16,2,14,華南永昌-竹北,2023-05-29,9339
6203,海韻電,14,0,14,華南永昌-竹北,2023-05-29,9339
4303,信立,20,6,14,華南永昌-竹北,2023-05-29,9339
5465,富驊,14,2,12,華南永昌-竹北,2023-05-29,9339
6244,茂迪,12,0,12,華南永昌-竹北,2023-05-29,9339
1784,訊聯,11,0,11,華南永昌-竹北,2023-05-29,9339
5425,台半,12,1,11,華南永昌-竹北,2023-05-29,9339
2104,國際中橡,11,0,11,華南永昌-竹北,2023-05-29,9339
2313,華通,10,0,10,華南永昌-竹北,2023-05-29,9339
00639,富邦深100,10,0,10,華南永昌-竹北,2023-05-29,9339
1313,聯成,10,0,10,華南永昌-竹北,2023-05-29,9339
3027,盛達,15,5,10,華南永昌-竹北,2023-05-29,9339
3682,亞太電,10,0,10,華南永昌-竹北,2023-05-29,9339
5310,天剛,10,0,10,華南永昌-竹北,2023-05-29,9339
3499,環天科,10,0,10,華南永昌-竹北,2023-05-29,9339
2330,台積電,16,7,9,華南永昌-竹北,2023-05-29,9339
4906,正文,9,0,9,華南永昌-竹北,2023-05-29,9339
1101,台泥,10,1,9,華南永昌-竹北,2023-05-29,9339
2454,聯發科,9,1,8,華南永昌-竹北,2023-05-29,9339
00720B,元大投資級公司債,8,0,8,華南永昌-竹北,2023-05-29,9339
3324,雙鴻,25,17,8,華南永昌-竹北,2023-05-29,9339
3406,玉晶光,8,0,8,華南永昌-竹北,2023-05-29,9339
3006,晶豪科,255,54,201,華南永昌-竹北,2023-05-30,9339
2344,華邦電,181,0,181,華南永昌-竹北,2023-05-30,9339
6188,廣明,130,8,122,華南永昌-竹北,2023-05-30,9339
00637L,元大滬深300正2,102,0,102,華南永昌-竹北,2023-05-30,9339
00632R,元大台灣50反1,79,0,79,華南永昌-竹北,2023-05-30,9339
2380,虹光,78,0,78,華南永昌-竹北,2023-05-30,9339
2368,金像電,126,49,77,華南永昌-竹北,2023-05-30,9339
8046,南電,80,6,74,華南永昌-竹北,2023-05-30,9339
00715L,期街口布蘭特正2,75,10,65,華南永昌-竹北,2023-05-30,9339
3078,僑威,130,65,65,華南永昌-竹北,2023-05-30,9339
0056,元大高股息,69,9,60,華南永昌-竹北,2023-05-30,9339
6271,同欣電,50,0,50,華南永昌-竹北,2023-05-30,9339
3041,揚智,49,0,49,華南永昌-竹北,2023-05-30,9339
3661,世芯-KY,48,0,48,華南永昌-竹北,2023-05-30,9339
2002,中鋼,45,0,45,華南永昌-竹北,2023-05-30,9339
2206,三陽工業,57,12,45,華南永昌-竹北,2023-05-30,9339
3306,鼎天,45,0,45,華南永昌-竹北,2023-05-30,9339
3014,聯陽,40,0,40,華南永昌-竹北,2023-05-30,9339
3552,同致,39,0,39,華南永昌-竹北,2023-05-30,9339
5258,虹堡,35,0,35,華南永昌-竹北,2023-05-30,9339
6531,愛普*,48,16,32,華南永昌-竹北,2023-05-30,9339
3624,光頡,33,1,32,華南永昌-竹北,2023-05-30,9339
2356,英業達,134,109,25,華南永昌-竹北,2023-05-30,9339
3046,建��,25,0,25,華南永昌-竹北,2023-05-30,9339
1513,中興電,30,9,21,華南永昌-竹北,2023-05-30,9339
4746,台耀,21,0,21,華南永昌-竹北,2023-05-30,9339
6579,研揚,21,0,21,華南永昌-竹北,2023-05-30,9339
3231,緯創,102,82,20,華南永昌-竹北,2023-05-30,9339
00665L,富邦�琤肭磪囓�2,20,0,20,華南永昌-竹北,2023-05-30,9339
1218,泰山,20,0,20,華南永昌-竹北,2023-05-30,9339
2103,台橡,20,0,20,華南永昌-竹北,2023-05-30,9339
4102,永日,20,0,20,華南永昌-竹北,2023-05-30,9339
9105,泰金寶-DR,20,0,20,華南永昌-竹北,2023-05-30,9339
00882,中信中國高股息,24,5,19,華南永昌-竹北,2023-05-30,9339
3362,先進光,20,1,19,華南永昌-竹北,2023-05-30,9339
2425,承啟,25,7,18,華南永昌-竹北,2023-05-30,9339
8426,紅木-KY,18,0,18,華南永昌-竹北,2023-05-30,9339
4919,新唐,26,11,15,華南永昌-竹北,2023-05-30,9339
6235,華孚,16,5,11,華南永昌-竹北,2023-05-30,9339
00917,中信特選金融,10,0,10,華南永昌-竹北,2023-05-30,9339
2313,華通,10,0,10,華南永昌-竹北,2023-05-30,9339
2420,新巨,10,0,10,華南永昌-竹北,2023-05-30,9339
2442,新美齊,10,0,10,華南永昌-竹北,2023-05-30,9339
3035,智原,26,16,10,華南永昌-竹北,2023-05-30,9339
3094,聯傑,11,1,10,華南永昌-竹北,2023-05-30,9339
3499,環天科,10,0,10,華南永昌-竹北,2023-05-30,9339
5301,寶得利,10,0,10,華南永昌-竹北,2023-05-30,9339
5310,天剛,10,0,10,華南永昌-竹北,2023-05-30,9339
6215,和椿,10,0,10,華南永昌-竹北,2023-05-30,9339
6244,茂迪,11,1,10,華南永昌-竹北,2023-05-30,9339
2201,裕隆,359,19,340,華南永昌-竹北,2023-05-31,9339
00715L,期街口布蘭特正2,202,30,172,華南永昌-竹北,2023-05-31,9339
00632R,元大台灣50反1,151,0,151,華南永昌-竹北,2023-05-31,9339
2301,光寶科,128,4,124,華南永昌-竹北,2023-05-31,9339
1513,中興電,129,11,118,華南永昌-竹北,2023-05-31,9339
3037,欣興,183,93,90,華南永昌-竹北,2023-05-31,9339
6125,廣運,66,1,65,華南永昌-竹北,2023-05-31,9339
6485,點序,59,5,54,華南永昌-竹北,2023-05-31,9339
2413,環科,57,5,52,華南永昌-竹北,2023-05-31,9339
6271,同欣電,51,1,50,華南永昌-竹北,2023-05-31,9339
2356,英業達,133,83,50,華南永昌-竹北,2023-05-31,9339
4564,元翎,60,10,50,華南永昌-竹北,2023-05-31,9339
6231,系微,51,1,50,華南永昌-竹北,2023-05-31,9339
6770,力積電,51,4,47,華南永昌-竹北,2023-05-31,9339
6202,盛群,41,0,41,華南永昌-竹北,2023-05-31,9339
2618,長榮航,59,24,35,華南永昌-竹北,2023-05-31,9339
3661,世芯-KY,36,1,35,華南永昌-竹北,2023-05-31,9339
6411,晶焱,35,0,35,華南永昌-竹北,2023-05-31,9339
4977,眾達-KY,45,12,33,華南永昌-竹北,2023-05-31,9339
2376,技嘉,31,0,31,華南永昌-竹北,2023-05-31,9339
3081,聯亞,35,5,30,華南永昌-竹北,2023-05-31,9339
0050,元大台灣50,30,0,30,華南永昌-竹北,2023-05-31,9339
4147,中裕,28,0,28,華南永昌-竹北,2023-05-31,9339
4919,新唐,28,2,26,華南永昌-竹北,2023-05-31,9339
3016,嘉晶,25,0,25,華南永昌-竹北,2023-05-31,9339
3552,同致,23,0,23,華南永昌-竹北,2023-05-31,9339
2354,鴻準,22,0,22,華南永昌-竹北,2023-05-31,9339
3014,聯陽,26,4,22,華南永昌-竹北,2023-05-31,9339
3265,台星科,20,0,20,華南永昌-竹北,2023-05-31,9339
2442,新美齊,20,0,20,華南永昌-竹北,2023-05-31,9339
2368,金像電,31,12,19,華南永昌-竹北,2023-05-31,9339
2610,華航,26,7,19,華南永昌-竹北,2023-05-31,9339
2458,義隆,18,0,18,華南永昌-竹北,2023-05-31,9339
8426,紅木-KY,18,0,18,華南永昌-竹北,2023-05-31,9339
2454,聯發科,16,0,16,華南永昌-竹北,2023-05-31,9339
00680L,元大美債20正2,16,0,16,華南永昌-竹北,2023-05-31,9339
2812,台中銀,16,0,16,華南永昌-竹北,2023-05-31,9339
4967,十銓,19,3,16,華南永昌-竹北,2023-05-31,9339
3006,晶豪科,19,4,15,華南永昌-竹北,2023-05-31,9339
3481,群創,15,0,15,華南永昌-竹北,2023-05-31,9339
4915,致伸,15,0,15,華南永昌-竹北,2023-05-31,9339
3013,晟銘電,25,12,13,華南永昌-竹北,2023-05-31,9339
00679B,元大美債20年,12,0,12,華南永昌-竹北,2023-05-31,9339
2349,錸德,13,1,12,華南永昌-竹北,2023-05-31,9339
00713,元大台灣高息低波,12,1,11,華南永昌-竹北,2023-05-31,9339
00882,中信中國高股息,11,0,11,華南永昌-竹北,2023-05-31,9339
2883,凱基金,11,0,11,華南永昌-竹北,2023-05-31,9339
3625,西勝,11,0,11,華南永昌-竹北,2023-05-31,9339
3035,智原,10,0,10,華南永昌-竹北,2023-05-31,9339
00637L,元大滬深300正2,10,0,10,華南永昌-竹北,2023-05-31,9339
00878,國泰永續高股息,207,26,181,華南永昌-竹北,2023-06-01,9339
2371,大同,133,1,132,華南永昌-竹北,2023-06-01,9339
00715L,期街口布蘭特正2,134,15,119,華南永昌-竹北,2023-06-01,9339
3078,僑威,117,5,112,華南永昌-竹北,2023-06-01,9339
00632R,元大台灣50反1,88,0,88,華南永昌-竹北,2023-06-01,9339
1503,士電,156,86,70,華南永昌-竹北,2023-06-01,9339
1612,宏泰,70,2,68,華南永昌-竹北,2023-06-01,9339
6190,萬泰科,56,0,56,華南永昌-竹北,2023-06-01,9339
2801,彰銀,50,0,50,華南永昌-竹北,2023-06-01,9339
3363,上詮,54,4,50,華南永昌-竹北,2023-06-01,9339
3625,西勝,40,0,40,華南永昌-竹北,2023-06-01,9339
6485,點序,40,0,40,華南永昌-竹北,2023-06-01,9339
3454,晶睿,39,0,39,華南永昌-竹北,2023-06-01,9339
1589,永冠-KY,33,0,33,華南永昌-竹北,2023-06-01,9339
2455,全新,39,6,33,華南永昌-竹北,2023-06-01,9339
6125,廣運,33,1,32,華南永昌-竹北,2023-06-01,9339
3046,建��,30,0,30,華南永昌-竹北,2023-06-01,9339
4130,健亞,40,10,30,華南永昌-竹北,2023-06-01,9339
00679B,元大美債20年,28,0,28,華南永昌-竹北,2023-06-01,9339
3038,全台,27,2,25,華南永昌-竹北,2023-06-01,9339
5301,寶得利,25,0,25,華南永昌-竹北,2023-06-01,9339
2882,國泰金,24,0,24,華南永昌-竹北,2023-06-01,9339
4908,前鼎,21,0,21,華南永昌-竹北,2023-06-01,9339
6269,台郡,21,0,21,華南永昌-竹北,2023-06-01,9339
1727,中華化,20,2,18,華南永昌-竹北,2023-06-01,9339
2885,元大金,16,0,16,華南永昌-竹北,2023-06-01,9339
4564,元翎,19,4,15,華南永昌-竹北,2023-06-01,9339
8299,群聯,15,0,15,華南永昌-竹北,2023-06-01,9339
00882,中信中國高股息,15,0,15,華南永昌-竹北,2023-06-01,9339
6531,愛普*,16,4,12,華南永昌-竹北,2023-06-01,9339
2630,亞航,25,14,11,華南永昌-竹北,2023-06-01,9339
2739,寒舍,11,0,11,華南永昌-竹北,2023-06-01,9339
8926,台汽電,10,0,10,華南永昌-竹北,2023-06-01,9339
1531,高林股,10,0,10,華南永昌-竹北,2023-06-01,9339
00795B,中信美國公債20年,10,0,10,華南永昌-竹北,2023-06-01,9339
00674R,期元大S＆P黃金反1,10,0,10,華南永昌-竹北,2023-06-01,9339
3059,華晶科,10,0,10,華南永昌-竹北,2023-06-01,9339
6136,富爾特,10,0,10,華南永昌-竹北,2023-06-01,9339
6509,聚和,10,0,10,華南永昌-竹北,2023-06-01,9339
6752,叡揚,10,0,10,華南永昌-竹北,2023-06-01,9339
2706,第一店,10,1,9,華南永昌-竹北,2023-06-01,9339
4968,立積,10,1,9,華南永昌-竹北,2023-06-01,9339
8086,宏捷科,51,42,9,華南永昌-竹北,2023-06-01,9339
0050,元大台灣50,10,1,9,華南永昌-竹北,2023-06-01,9339
6271,同欣電,8,0,8,華南永昌-竹北,2023-06-01,9339
1702,南僑,8,0,8,華南永昌-竹北,2023-06-01,9339
2916,滿心,16,8,8,華南永昌-竹北,2023-06-01,9339
3081,聯亞,10,2,8,華南永昌-竹北,2023-06-01,9339
4916,事欣科,14,6,8,華南永昌-竹北,2023-06-01,9339
2002,中鋼,9,2,7,華南永昌-竹北,2023-06-01,9339
3363,上詮,494,12,482,華南永昌-竹北,2023-06-02,9339
00680L,元大美債20正2,324,0,324,華南永昌-竹北,2023-06-02,9339
2457,飛宏,377,108,269,華南永昌-竹北,2023-06-02,9339
00632R,元大台灣50反1,207,0,207,華南永昌-竹北,2023-06-02,9339
5465,富驊,215,22,193,華南永昌-竹北,2023-06-02,9339
3044,健鼎,137,0,137,華南永昌-竹北,2023-06-02,9339
3006,晶豪科,119,1,118,華南永昌-竹北,2023-06-02,9339
2408,南亞科,110,2,108,華南永昌-竹北,2023-06-02,9339
2331,精英,207,116,91,華南永昌-竹北,2023-06-02,9339
1503,士電,104,22,82,華南永昌-竹北,2023-06-02,9339
00919,群益台灣精選高息,73,0,73,華南永昌-竹北,2023-06-02,9339
2413,環科,75,5,70,華南永昌-竹北,2023-06-02,9339
00679B,元大美債20年,69,0,69,華南永昌-竹北,2023-06-02,9339
6188,廣明,96,39,57,華南永昌-竹北,2023-06-02,9339
6143,振曜,87,38,49,華南永昌-竹北,2023-06-02,9339
8046,南電,47,6,41,華南永昌-竹北,2023-06-02,9339
3707,漢磊,51,12,39,華南永昌-竹北,2023-06-02,9339
2610,華航,47,10,37,華南永昌-竹北,2023-06-02,9339
2427,三商電,40,3,37,華南永昌-竹北,2023-06-02,9339
2458,義隆,39,2,37,華南永昌-竹北,2023-06-02,9339
4919,新唐,38,5,33,華南永昌-竹北,2023-06-02,9339
3624,光頡,32,0,32,華南永昌-竹北,2023-06-02,9339
6806,森崴能源,33,1,32,華南永昌-竹北,2023-06-02,9339
2515,中工,34,2,32,華南永昌-竹北,2023-06-02,9339
6198,瑞築,31,0,31,華南永昌-竹北,2023-06-02,9339
3265,台星科,30,0,30,華南永昌-竹北,2023-06-02,9339
3027,盛達,30,0,30,華南永昌-竹北,2023-06-02,9339
2442,新美齊,30,1,29,華南永昌-竹北,2023-06-02,9339
6231,系微,27,0,27,華南永昌-竹北,2023-06-02,9339
3454,晶睿,29,4,25,華南永昌-竹北,2023-06-02,9339
3704,合勤控,27,3,24,華南永昌-竹北,2023-06-02,9339
1513,中興電,34,10,24,華南永昌-竹北,2023-06-02,9339
1525,江申,24,0,24,華南永昌-竹北,2023-06-02,9339
9943,好樂迪,20,0,20,華南永昌-竹北,2023-06-02,9339
2380,虹光,20,0,20,華南永昌-竹北,2023-06-02,9339
3003,健和興,26,6,20,華南永昌-竹北,2023-06-02,9339
6129,普誠,20,0,20,華南永昌-竹北,2023-06-02,9339
5258,虹堡,28,10,18,華南永昌-竹北,2023-06-02,9339
3680,家登,18,0,18,華南永昌-竹北,2023-06-02,9339
6202,盛群,19,1,18,華南永昌-竹北,2023-06-02,9339
8234,新漢,21,3,18,華南永昌-竹北,2023-06-02,9339
3236,千如,16,0,16,華南永昌-竹北,2023-06-02,9339
2481,強茂,15,0,15,華南永昌-竹北,2023-06-02,9339
4916,事欣科,15,0,15,華南永昌-竹北,2023-06-02,9339
6517,保勝光學,15,0,15,華南永昌-竹北,2023-06-02,9339
3141,晶宏,19,5,14,華南永昌-竹北,2023-06-02,9339
2302,麗正,13,0,13,華南永昌-竹北,2023-06-02,9339
8410,森田,13,0,13,華南永昌-竹北,2023-06-02,9339
00882,中信中國高股息,12,0,12,華南永昌-竹北,2023-06-02,9339
1504,東元,19,7,12,華南永昌-竹北,2023-06-02,9339
00637L,元大滬深300正2,300,0,300,華南永昌-竹北,2023-06-05,9339
6125,廣運,292,32,260,華南永昌-竹北,2023-06-05,9339
3044,健鼎,242,2,240,華南永昌-竹北,2023-06-05,9339
2312,金寶,205,0,205,華南永昌-竹北,2023-06-05,9339
00632R,元大台灣50反1,200,2,198,華南永昌-竹北,2023-06-05,9339
2425,承啟,176,13,163,華南永昌-竹北,2023-06-05,9339
3037,欣興,138,37,101,華南永昌-竹北,2023-06-05,9339
3231,緯創,124,38,86,華南永昌-竹北,2023-06-05,9339
1714,和桐,85,0,85,華南永昌-竹北,2023-06-05,9339
2634,漢翔,92,11,81,華南永昌-竹北,2023-06-05,9339
00679B,元大美債20年,67,5,62,華南永昌-竹北,2023-06-05,9339
2329,華泰,61,5,56,華南永昌-竹北,2023-06-05,9339
2886,兆豐金,50,1,49,華南永昌-竹北,2023-06-05,9339
3363,上詮,50,3,47,華南永昌-竹北,2023-06-05,9339
6143,振曜,67,20,47,華南永昌-竹北,2023-06-05,9339
1612,宏泰,48,2,46,華南永昌-竹北,2023-06-05,9339
2882,國泰金,50,4,46,華南永昌-竹北,2023-06-05,9339
2376,技嘉,48,12,36,華南永昌-竹北,2023-06-05,9339
2915,潤泰全,35,1,34,華南永昌-竹北,2023-06-05,9339
2323,中環,46,12,34,華南永昌-竹北,2023-06-05,9339
3356,奇偶,30,0,30,華南永昌-竹北,2023-06-05,9339
2388,威盛,52,23,29,華南永昌-竹北,2023-06-05,9339
3217,優群,29,1,28,華南永昌-竹北,2023-06-05,9339
00673R,期元大S＆P原油反1,25,0,25,華南永昌-竹北,2023-06-05,9339
2354,鴻準,34,11,23,華南永昌-竹北,2023-06-05,9339
3038,全台,22,0,22,華南永昌-竹北,2023-06-05,9339
2206,三陽工業,23,2,21,華南永昌-竹北,2023-06-05,9339
8046,南電,21,0,21,華南永昌-竹北,2023-06-05,9339
6569,醫揚,31,11,20,華南永昌-竹北,2023-06-05,9339
3714,富采,20,0,20,華南永昌-竹北,2023-06-05,9339
5310,天剛,20,0,20,華南永昌-竹北,2023-06-05,9339
8028,昇陽半導體,20,0,20,華南永昌-竹北,2023-06-05,9339
2609,陽明,19,0,19,華南永昌-竹北,2023-06-05,9339
00713,元大台灣高息低波,18,0,18,華南永昌-竹北,2023-06-05,9339
3454,晶睿,19,1,18,華南永昌-竹北,2023-06-05,9339
6550,北極星藥業-KY,15,0,15,華南永昌-竹北,2023-06-05,9339
8222,寶一,22,8,14,華南永昌-竹北,2023-06-05,9339
1605,華新,14,1,13,華南永昌-竹北,2023-06-05,9339
6443,元晶,13,0,13,華南永昌-竹北,2023-06-05,9339
6486,互動,13,0,13,華南永昌-竹北,2023-06-05,9339
9945,潤泰新,13,0,13,華南永昌-竹北,2023-06-05,9339
3236,千如,13,1,12,華南永昌-竹北,2023-06-05,9339
1529,樂事綠能,27,15,12,華南永昌-竹北,2023-06-05,9339
6515,穎崴,12,0,12,華南永昌-竹北,2023-06-05,9339
5301,寶得利,11,0,11,華南永昌-竹北,2023-06-05,9339
6274,台燿,14,3,11,華南永昌-竹北,2023-06-05,9339
00671R,富邦NASDAQ反1,10,0,10,華南永昌-竹北,2023-06-05,9339
2891,中信金,10,0,10,華南永昌-竹北,2023-06-05,9339
5478,智冠,15,5,10,華南永昌-竹北,2023-06-05,9339
6129,普誠,10,0,10,華南永昌-竹北,2023-06-05,9339
00632R,元大台灣50反1,156,0,156,華南永昌-竹北,2023-06-06,9339
2349,錸德,140,0,140,華南永昌-竹北,2023-06-06,9339
6125,廣運,266,153,113,華南永昌-竹北,2023-06-06,9339
2427,三商電,103,1,102,華南永昌-竹北,2023-06-06,9339
00927,群益半導體收益,56,0,56,華南永昌-竹北,2023-06-06,9339
2812,台中銀,52,0,52,華南永昌-竹北,2023-06-06,9339
1907,永豐餘,52,1,51,華南永昌-竹北,2023-06-06,9339
2880,華南金,50,0,50,華南永昌-竹北,2023-06-06,9339
00679B,元大美債20年,46,0,46,華南永昌-竹北,2023-06-06,9339
3583,辛耘,60,14,46,華南永昌-竹北,2023-06-06,9339
4945,陞達科技,45,0,45,華南永昌-竹北,2023-06-06,9339
6806,森崴能源,50,8,42,華南永昌-竹北,2023-06-06,9339
2618,長榮航,50,12,38,華南永昌-竹北,2023-06-06,9339
6282,康舒,91,56,35,華南永昌-竹北,2023-06-06,9339
2323,中環,80,48,32,華南永昌-竹北,2023-06-06,9339
1905,華紙,35,3,32,華南永昌-竹北,2023-06-06,9339
2388,威盛,35,9,26,華南永昌-竹北,2023-06-06,9339
5310,天剛,25,0,25,華南永昌-竹北,2023-06-06,9339
1503,士電,36,13,23,華南永昌-竹北,2023-06-06,9339
00713,元大台灣高息低波,22,0,22,華南永昌-竹北,2023-06-06,9339
3016,嘉晶,18,0,18,華南永昌-竹北,2023-06-06,9339
4931,新盛力,48,30,18,華南永昌-竹北,2023-06-06,9339
4533,協易機,22,4,18,華南永昌-竹北,2023-06-06,9339
4958,臻鼎-KY,22,7,15,華南永昌-竹北,2023-06-06,9339
6217,中探針,15,0,15,華南永昌-竹北,2023-06-06,9339
00715L,期街口布蘭特正2,13,0,13,華南永昌-竹北,2023-06-06,9339
2014,中鴻,13,0,13,華南永昌-竹北,2023-06-06,9339
3078,僑威,77,64,13,華南永昌-竹北,2023-06-06,9339
1513,中興電,26,14,12,華南永昌-竹北,2023-06-06,9339
6606,建德工業,12,0,12,華南永昌-竹北,2023-06-06,9339
3675,德微,15,4,11,華南永昌-竹北,2023-06-06,9339
6462,神盾,11,0,11,華南永昌-竹北,2023-06-06,9339
00712,復華富時不動產,11,0,11,華南永昌-竹北,2023-06-06,9339
00720B,元大投資級公司債,11,0,11,華南永昌-竹北,2023-06-06,9339
8105,凌巨,11,1,10,華南永昌-竹北,2023-06-06,9339
3202,樺晟,10,0,10,華南永昌-竹北,2023-06-06,9339
3290,東浦,10,0,10,華南永昌-竹北,2023-06-06,9339
5301,寶得利,10,0,10,華南永昌-竹北,2023-06-06,9339
6138,茂達,10,0,10,華南永昌-竹北,2023-06-06,9339
6411,晶焱,10,0,10,華南永昌-竹北,2023-06-06,9339
00795B,中信美國公債20年,9,0,9,華南永昌-竹北,2023-06-06,9339
2913,農林,9,0,9,華南永昌-竹北,2023-06-06,9339
6235,華孚,40,31,9,華南永昌-竹北,2023-06-06,9339
6532,瑞耘,10,1,9,華南永昌-竹北,2023-06-06,9339
2881,富邦金,8,0,8,華南永昌-竹北,2023-06-06,9339
6116,彩晶,10,2,8,華南永昌-竹北,2023-06-06,9339
00878,國泰永續高股息,12,5,7,華南永昌-竹北,2023-06-06,9339
6277,宏正,7,0,7,華南永昌-竹北,2023-06-06,9339
3163,波若威,6,0,6,華南永昌-竹北,2023-06-06,9339
00919,群益台灣精選高息,5,0,5,華南永昌-竹北,2023-06-06,9339
1618,合機,218,5,213,華南永昌-竹北,2023-06-07,9339
00632R,元大台灣50反1,208,0,208,華南永昌-竹北,2023-06-07,9339
3044,健鼎,152,1,151,華南永昌-竹北,2023-06-07,9339
00900,富邦特選高股息30,120,0,120,華南永昌-竹北,2023-06-07,9339
2431,聯昌,100,0,100,華南永昌-竹北,2023-06-07,9339
2601,益航,84,0,84,華南永昌-竹北,2023-06-07,9339
3078,僑威,92,24,68,華南永昌-竹北,2023-06-07,9339
5383,金利,62,0,62,華南永昌-竹北,2023-06-07,9339
1532,勤美,50,1,49,華南永昌-竹北,2023-06-07,9339
00715L,期街口布蘭特正2,42,0,42,華南永昌-竹北,2023-06-07,9339
1605,華新,42,0,42,華南永昌-竹北,2023-06-07,9339
00679B,元大美債20年,38,0,38,華南永昌-竹北,2023-06-07,9339
1711,永光,35,0,35,華南永昌-竹北,2023-06-07,9339
2880,華南金,34,2,32,華南永昌-竹北,2023-06-07,9339
2618,長榮航,66,34,32,華南永昌-竹北,2023-06-07,9339
8940,新天地,31,0,31,華南永昌-竹北,2023-06-07,9339
6187,萬潤,32,1,31,華南永昌-竹北,2023-06-07,9339
9943,好樂迪,31,1,30,華南永昌-竹北,2023-06-07,9339
2362,藍天,30,0,30,華南永昌-竹北,2023-06-07,9339
2371,大同,31,1,30,華南永昌-竹北,2023-06-07,9339
2809,京城銀,30,0,30,華南永昌-竹北,2023-06-07,9339
2427,三商電,42,16,26,華南永昌-竹北,2023-06-07,9339
9958,世紀鋼,31,5,26,華南永昌-竹北,2023-06-07,9339
6462,神盾,22,0,22,華南永昌-竹北,2023-06-07,9339
8016,矽創,22,1,21,華南永昌-竹北,2023-06-07,9339
6456,GIS-KY,20,0,20,華南永昌-竹北,2023-06-07,9339
2308,台達電,20,0,20,華南永昌-竹北,2023-06-07,9339
00927,群益半導體收益,17,0,17,華南永昌-竹北,2023-06-07,9339
1905,華紙,20,4,16,華南永昌-竹北,2023-06-07,9339
2354,鴻準,15,0,15,華南永昌-竹北,2023-06-07,9339
6185,幃翔,13,0,13,華南永昌-竹北,2023-06-07,9339
2317,鴻海,13,1,12,華南永昌-竹北,2023-06-07,9339
00637L,元大滬深300正2,12,0,12,華南永昌-竹北,2023-06-07,9339
1529,樂事綠能,23,11,12,華南永昌-竹北,2023-06-07,9339
6217,中探針,12,0,12,華南永昌-竹北,2023-06-07,9339
2852,第一保,11,0,11,華南永昌-竹北,2023-06-07,9339
4533,協易機,11,0,11,華南永昌-竹北,2023-06-07,9339
5324,士開,10,0,10,華南永昌-竹北,2023-06-07,9339
6290,良維,10,0,10,華南永昌-竹北,2023-06-07,9339
3530,晶相光,10,0,10,華南永昌-竹北,2023-06-07,9339
00673R,期元大S＆P原油反1,10,0,10,華南永昌-竹北,2023-06-07,9339
2402,毅嘉,10,0,10,華南永昌-竹北,2023-06-07,9339
3003,健和興,10,0,10,華南永昌-竹北,2023-06-07,9339
3711,日月光投控,22,12,10,華南永昌-竹北,2023-06-07,9339
6215,和椿,10,0,10,華南永昌-竹北,2023-06-07,9339
8936,國統,10,0,10,華南永昌-竹北,2023-06-07,9339
9110,越南控-DR,10,0,10,華南永昌-竹北,2023-06-07,9339
1514,亞力,20,11,9,華南永昌-竹北,2023-06-07,9339
1720,生達,12,3,9,華南永昌-竹北,2023-06-07,9339
3264,欣銓,9,0,9,華南永昌-竹北,2023-06-07,9339
2324,仁寶,301,0,301,華南永昌-竹北,2023-06-08,9339
6462,神盾,94,0,94,華南永昌-竹北,2023-06-08,9339
00923,群益台ESG低碳50,94,0,94,華南永昌-竹北,2023-06-08,9339
1618,合機,92,9,83,華南永昌-竹北,2023-06-08,9339
00919,群益台灣精選高息,72,0,72,華南永昌-竹北,2023-06-08,9339
2888,新光金,63,1,62,華南永昌-竹北,2023-06-08,9339
00679B,元大美債20年,69,11,58,華南永昌-竹北,2023-06-08,9339
3131,弘塑,58,1,57,華南永昌-竹北,2023-06-08,9339
2427,三商電,61,5,56,華南永昌-竹北,2023-06-08,9339
6743,安普新,47,0,47,華南永昌-竹北,2023-06-08,9339
6770,力積電,47,0,47,華南永昌-竹北,2023-06-08,9339
2442,新美齊,41,0,41,華南永昌-竹北,2023-06-08,9339
8410,森田,39,0,39,華南永昌-竹北,2023-06-08,9339
6472,保瑞,42,4,38,華南永昌-竹北,2023-06-08,9339
4503,金雨,30,0,30,華南永昌-竹北,2023-06-08,9339
8034,榮群,30,0,30,華南永昌-竹北,2023-06-08,9339
2201,裕隆,34,4,30,華南永昌-竹北,2023-06-08,9339
3374,精材,50,20,30,華南永昌-竹北,2023-06-08,9339
2609,陽明,49,21,28,華南永昌-竹北,2023-06-08,9339
6274,台燿,31,4,27,華南永昌-竹北,2023-06-08,9339
00878,國泰永續高股息,28,1,27,華南永昌-竹北,2023-06-08,9339
5383,金利,26,0,26,華南永昌-竹北,2023-06-08,9339
1432,大魯閣,30,4,26,華南永昌-竹北,2023-06-08,9339
00680L,元大美債20正2,25,0,25,華南永昌-竹北,2023-06-08,9339
2880,華南金,24,0,24,華南永昌-竹北,2023-06-08,9339
8086,宏捷科,24,1,23,華南永昌-竹北,2023-06-08,9339
9958,世紀鋼,26,3,23,華南永昌-竹北,2023-06-08,9339
2881,富邦金,22,0,22,華南永昌-竹北,2023-06-08,9339
00687B,國泰20年美債,22,0,22,華南永昌-竹北,2023-06-08,9339
8426,紅木-KY,21,0,21,華南永昌-竹北,2023-06-08,9339
3630,新鉅科,20,0,20,華南永昌-竹北,2023-06-08,9339
4121,優盛,30,10,20,華南永昌-竹北,2023-06-08,9339
4967,十銓,21,2,19,華南永昌-竹北,2023-06-08,9339
00915,凱基優選高股息30,15,0,15,華南永昌-竹北,2023-06-08,9339
2618,長榮航,154,139,15,華南永昌-竹北,2023-06-08,9339
2337,旺宏,29,15,14,華南永昌-竹北,2023-06-08,9339
0050,元大台灣50,16,3,13,華南永昌-竹北,2023-06-08,9339
6441,廣錠,12,1,11,華南永昌-竹北,2023-06-08,9339
3308,聯德,11,0,11,華南永昌-竹北,2023-06-08,9339
00632R,元大台灣50反1,10,0,10,華南永昌-竹北,2023-06-08,9339
00673R,期元大S＆P原油反1,10,0,10,華南永昌-竹北,2023-06-08,9339
1503,士電,14,4,10,華南永昌-竹北,2023-06-08,9339
2329,華泰,10,0,10,華南永昌-竹北,2023-06-08,9339
3591,艾笛森,10,0,10,華南永昌-竹北,2023-06-08,9339
4958,臻鼎-KY,12,3,9,華南永昌-竹北,2023-06-08,9339
2002,中鋼,9,0,9,華南永昌-竹北,2023-06-08,9339
2645,長榮航太,10,1,9,華南永昌-竹北,2023-06-08,9339
3711,日月光投控,10,1,9,華南永昌-竹北,2023-06-08,9339
4903,聯光通,9,0,9,華南永昌-竹北,2023-06-08,9339
6548,長科*,9,0,9,華南永昌-竹北,2023-06-08,9339
3003,健和興,257,0,257,華南永昌-竹北,2023-06-09,9339
6125,廣運,309,82,227,華南永昌-竹北,2023-06-09,9339
00632R,元大台灣50反1,210,0,210,華南永昌-竹北,2023-06-09,9339
3231,緯創,293,115,178,華南永昌-竹北,2023-06-09,9339
2458,義隆,176,5,171,華南永昌-竹北,2023-06-09,9339
2486,一詮,152,1,151,華南永昌-竹北,2023-06-09,9339
4915,致伸,130,0,130,華南永昌-竹北,2023-06-09,9339
8034,榮群,120,1,119,華南永昌-竹北,2023-06-09,9339
4979,華星光,101,1,100,華南永昌-竹北,2023-06-09,9339
00715L,期街口布蘭特正2,80,13,67,華南永昌-竹北,2023-06-09,9339
2349,錸德,54,0,54,華南永昌-竹北,2023-06-09,9339
3707,漢磊,48,0,48,華南永昌-竹北,2023-06-09,9339
6271,同欣電,48,1,47,華南永昌-竹北,2023-06-09,9339
6789,采鈺,54,8,46,華南永昌-竹北,2023-06-09,9339
2428,興勤,40,0,40,華南永昌-竹北,2023-06-09,9339
1432,大魯閣,40,1,39,華南永昌-竹北,2023-06-09,9339
3454,晶睿,44,5,39,華南永昌-竹北,2023-06-09,9339
00929,復華台灣科技優息,36,0,36,華南永昌-竹北,2023-06-09,9339
6185,幃翔,36,0,36,華南永昌-竹北,2023-06-09,9339
5310,天剛,35,0,35,華南永昌-竹北,2023-06-09,9339
2706,第一店,36,2,34,華南永昌-竹北,2023-06-09,9339
6188,廣明,32,0,32,華南永昌-竹北,2023-06-09,9339
4967,十銓,30,1,29,華南永昌-竹北,2023-06-09,9339
4510,高鋒,29,1,28,華南永昌-竹北,2023-06-09,9339
3583,辛耘,37,10,27,華南永昌-竹北,2023-06-09,9339
1314,中石化,25,0,25,華南永昌-竹北,2023-06-09,9339
2888,新光金,24,0,24,華南永昌-竹北,2023-06-09,9339
5340,建榮,22,0,22,華南永昌-竹北,2023-06-09,9339
8155,博智,20,1,19,華南永昌-竹北,2023-06-09,9339
4945,陞達科技,19,0,19,華南永昌-竹北,2023-06-09,9339
6231,系微,18,0,18,華南永昌-竹北,2023-06-09,9339
3234,光環,18,0,18,華南永昌-竹北,2023-06-09,9339
6205,詮欣,17,0,17,華南永昌-竹北,2023-06-09,9339
4533,協易機,31,15,16,華南永昌-竹北,2023-06-09,9339
1533,車王電,16,1,15,華南永昌-竹北,2023-06-09,9339
2482,連宇,20,6,14,華南永昌-竹北,2023-06-09,9339
2618,長榮航,166,153,13,華南永昌-竹北,2023-06-09,9339
2634,漢翔,35,23,12,華南永昌-竹北,2023-06-09,9339
2337,旺宏,12,0,12,華南永昌-竹北,2023-06-09,9339
2359,所羅門,12,0,12,華南永昌-竹北,2023-06-09,9339
6120,達運,12,0,12,華南永昌-竹北,2023-06-09,9339
9105,泰金寶-DR,11,0,11,華南永昌-竹北,2023-06-09,9339
1802,台玻,11,0,11,華南永昌-竹北,2023-06-09,9339
2399,映泰,17,6,11,華南永昌-竹北,2023-06-09,9339
2031,新光鋼,10,0,10,華南永昌-竹北,2023-06-09,9339
3413,京鼎,10,0,10,華南永昌-竹北,2023-06-09,9339
3701,大眾控,10,0,10,華南永昌-竹北,2023-06-09,9339
6532,瑞耘,10,0,10,華南永昌-竹北,2023-06-09,9339
6606,建德工業,10,0,10,華南永昌-竹北,2023-06-09,9339
2420,新巨,10,0,10,華南永昌-竹北,2023-06-09,9339
2344,華邦電,316,23,293,華南永昌-竹北,2023-06-12,9339
2888,新光金,211,0,211,華南永昌-竹北,2023-06-12,9339
2356,英業達,231,22,209,華南永昌-竹北,2023-06-12,9339
6125,廣運,266,122,144,華南永昌-竹北,2023-06-12,9339
00637L,元大滬深300正2,230,102,128,華南永昌-竹北,2023-06-12,9339
00892,富邦台灣半導體,100,0,100,華南永昌-竹北,2023-06-12,9339
1714,和桐,85,0,85,華南永昌-竹北,2023-06-12,9339
2486,一詮,58,9,49,華南永昌-竹北,2023-06-12,9339
2425,承啟,49,0,49,華南永昌-竹北,2023-06-12,9339
00878,國泰永續高股息,68,20,48,華南永昌-竹北,2023-06-12,9339
6472,保瑞,43,2,41,華南永昌-竹北,2023-06-12,9339
6821,聯寶,40,0,40,華南永昌-竹北,2023-06-12,9339
00715L,期街口布蘭特正2,46,8,38,華南永昌-竹北,2023-06-12,9339
2436,偉詮電,42,6,36,華南永昌-竹北,2023-06-12,9339
5340,建榮,32,0,32,華南永昌-竹北,2023-06-12,9339
00919,群益台灣精選高息,42,12,30,華南永昌-竹北,2023-06-12,9339
4919,新唐,33,5,28,華南永昌-竹北,2023-06-12,9339
2834,臺企銀,31,4,27,華南永昌-竹北,2023-06-12,9339
6271,同欣電,33,10,23,華南永昌-竹北,2023-06-12,9339
00632R,元大台灣50反1,22,0,22,華南永昌-竹北,2023-06-12,9339
3231,緯創,136,115,21,華南永昌-竹北,2023-06-12,9339
3481,群創,30,9,21,華南永昌-竹北,2023-06-12,9339
4968,立積,28,7,21,華南永昌-竹北,2023-06-12,9339
2442,新美齊,20,0,20,華南永昌-竹北,2023-06-12,9339
3013,晟銘電,20,0,20,華南永昌-竹北,2023-06-12,9339
3081,聯亞,20,0,20,華南永昌-竹北,2023-06-12,9339
5512,力麒,20,0,20,華南永昌-竹北,2023-06-12,9339
8114,振樺電,20,0,20,華南永昌-竹北,2023-06-12,9339
3105,穩懋,24,4,20,華南永昌-竹北,2023-06-12,9339
6188,廣明,20,1,19,華南永昌-竹北,2023-06-12,9339
2308,台達電,31,12,19,華南永昌-竹北,2023-06-12,9339
3552,同致,18,0,18,華南永昌-竹北,2023-06-12,9339
1540,喬福,18,0,18,華南永昌-竹北,2023-06-12,9339
3479,安勤,18,0,18,華南永昌-竹北,2023-06-12,9339
1504,東元,16,0,16,華南永昌-竹北,2023-06-12,9339
00929,復華台灣科技優息,17,1,16,華南永昌-竹北,2023-06-12,9339
2618,長榮航,119,104,15,華南永昌-竹北,2023-06-12,9339
2546,根基,14,0,14,華南永昌-竹北,2023-06-12,9339
2206,三陽工業,29,16,13,華南永昌-竹北,2023-06-12,9339
9943,好樂迪,13,0,13,華南永昌-竹北,2023-06-12,9339
00712,復華富時不動產,13,0,13,華南永昌-竹北,2023-06-12,9339
2883,凱基金,11,0,11,華南永昌-竹北,2023-06-12,9339
2002,中鋼,11,0,11,華南永昌-竹北,2023-06-12,9339
2431,聯昌,161,150,11,華南永昌-竹北,2023-06-12,9339
3287,廣寰科,11,0,11,華南永昌-竹北,2023-06-12,9339
00923,群益台ESG低碳50,10,0,10,華南永昌-竹北,2023-06-12,9339
2542,興富發,10,0,10,華南永昌-竹北,2023-06-12,9339
4121,優盛,10,0,10,華南永昌-竹北,2023-06-12,9339
4916,事欣科,15,5,10,華南永昌-竹北,2023-06-12,9339
6104,創惟,10,0,10,華南永昌-竹北,2023-06-12,9339
00929,復華台灣科技優息,263,0,263,華南永昌-竹北,2023-06-13,9339
00715L,期街口布蘭特正2,230,0,230,華南永昌-竹北,2023-06-13,9339
2344,華邦電,274,68,206,華南永昌-竹北,2023-06-13,9339
00637L,元大滬深300正2,195,0,195,華南永昌-竹北,2023-06-13,9339
2834,臺企銀,107,0,107,華南永昌-竹北,2023-06-13,9339
00892,富邦台灣半導體,100,2,98,華南永昌-竹北,2023-06-13,9339
4979,華星光,124,55,69,華南永昌-竹北,2023-06-13,9339
3231,緯創,254,197,57,華南永昌-竹北,2023-06-13,9339
3479,安勤,52,0,52,華南永昌-竹北,2023-06-13,9339
1609,大亞,67,19,48,華南永昌-竹北,2023-06-13,9339
00712,復華富時不動產,46,0,46,華南永昌-竹北,2023-06-13,9339
1519,華城,46,6,40,華南永昌-竹北,2023-06-13,9339
9958,世紀鋼,38,0,38,華南永昌-竹北,2023-06-13,9339
6175,立敦,38,5,33,華南永昌-竹北,2023-06-13,9339
3576,聯合再生,32,0,32,華南永昌-竹北,2023-06-13,9339
6202,盛群,30,0,30,華南永昌-竹北,2023-06-13,9339
2228,劍麟,27,0,27,華南永昌-竹北,2023-06-13,9339
2457,飛宏,59,35,24,華南永昌-竹北,2023-06-13,9339
2201,裕隆,27,5,22,華南永昌-竹北,2023-06-13,9339
2867,三商壽,20,0,20,華南永昌-竹北,2023-06-13,9339
6821,聯寶,20,0,20,華南永昌-竹北,2023-06-13,9339
6139,亞翔,17,0,17,華南永昌-竹北,2023-06-13,9339
6472,保瑞,16,0,16,華南永昌-竹北,2023-06-13,9339
2458,義隆,15,0,15,華南永昌-竹北,2023-06-13,9339
8028,昇陽半導體,18,4,14,華南永昌-竹北,2023-06-13,9339
3454,晶睿,15,2,13,華南永昌-竹北,2023-06-13,9339
6271,同欣電,18,5,13,華南永昌-竹北,2023-06-13,9339
2376,技嘉,33,21,12,華南永昌-竹北,2023-06-13,9339
00671R,富邦NASDAQ反1,11,0,11,華南永昌-竹北,2023-06-13,9339
00902,中信電池及儲能,11,0,11,華南永昌-竹北,2023-06-13,9339
1432,大魯閣,11,0,11,華南永昌-竹北,2023-06-13,9339
3308,聯德,18,7,11,華南永昌-竹北,2023-06-13,9339
2382,廣達,29,19,10,華南永昌-竹北,2023-06-13,9339
00642U,期元大S＆P石油,10,0,10,華南永昌-竹北,2023-06-13,9339
2888,新光金,41,31,10,華南永昌-竹北,2023-06-13,9339
3022,威強電,10,0,10,華南永昌-竹北,2023-06-13,9339
4121,優盛,10,0,10,華南永昌-竹北,2023-06-13,9339
5512,力麒,10,0,10,華南永昌-竹北,2023-06-13,9339
6196,帆宣,17,7,10,華南永昌-竹北,2023-06-13,9339
6741,91APP*-KY,10,0,10,華南永昌-竹北,2023-06-13,9339
2801,彰銀,10,0,10,華南永昌-竹北,2023-06-13,9339
2886,兆豐金,10,0,10,華南永昌-竹北,2023-06-13,9339
00679B,元大美債20年,9,0,9,華南永昌-竹北,2023-06-13,9339
2313,華通,15,6,9,華南永昌-竹北,2023-06-13,9339
1319,東陽,10,2,8,華南永昌-竹北,2023-06-13,9339
1524,耿鼎,8,0,8,華南永昌-竹北,2023-06-13,9339
6443,元晶,8,0,8,華南永昌-竹北,2023-06-13,9339
8050,廣積,8,0,8,華南永昌-竹北,2023-06-13,9339
3652,精聯,7,0,7,華南永昌-竹北,2023-06-13,9339
8436,大江,7,0,7,華南永昌-竹北,2023-06-13,9339
00885,富邦越南,701,0,701,華南永昌-竹北,2023-06-14,9339
6188,廣明,243,6,237,華南永昌-竹北,2023-06-14,9339
6509,聚和,121,0,121,華南永昌-竹北,2023-06-14,9339
2301,光寶科,111,7,104,華南永昌-竹北,2023-06-14,9339
6182,合晶,102,1,101,華南永昌-竹北,2023-06-14,9339
00679B,元大美債20年,94,0,94,華南永昌-竹北,2023-06-14,9339
00923,群益台ESG低碳50,93,0,93,華南永昌-竹北,2023-06-14,9339
00687B,國泰20年美債,61,0,61,華南永昌-竹北,2023-06-14,9339
00878,國泰永續高股息,76,20,56,華南永昌-竹北,2023-06-14,9339
00712,復華富時不動產,42,1,41,華南永昌-竹北,2023-06-14,9339
1611,中電,37,1,36,華南永昌-竹北,2023-06-14,9339
2705,六福,41,5,36,華南永昌-竹北,2023-06-14,9339
8926,台汽電,58,23,35,華南永昌-竹北,2023-06-14,9339
3454,晶睿,76,42,34,華南永昌-竹北,2023-06-14,9339
2458,義隆,41,10,31,華南永昌-竹北,2023-06-14,9339
4538,大詠城,30,0,30,華南永昌-竹北,2023-06-14,9339
4919,新唐,28,4,24,華南永昌-竹北,2023-06-14,9339
8114,振樺電,30,7,23,華南永昌-竹北,2023-06-14,9339
2618,長榮航,59,36,23,華南永昌-竹北,2023-06-14,9339
8076,伍豐,27,7,20,華南永昌-竹北,2023-06-14,9339
2230,泰茂,20,0,20,華南永昌-竹北,2023-06-14,9339
2356,英業達,81,62,19,華南永昌-竹北,2023-06-14,9339
6472,保瑞,20,1,19,華南永昌-竹北,2023-06-14,9339
6485,點序,18,0,18,華南永昌-竹北,2023-06-14,9339
0052,富邦科技,15,0,15,華南永昌-竹北,2023-06-14,9339
6695,芯鼎,15,0,15,華南永昌-竹北,2023-06-14,9339
3552,同致,22,8,14,華南永昌-竹北,2023-06-14,9339
2880,華南金,12,0,12,華南永昌-竹北,2023-06-14,9339
1605,華新,12,0,12,華南永昌-竹北,2023-06-14,9339
6175,立敦,12,0,12,華南永昌-竹北,2023-06-14,9339
1529,樂事綠能,11,0,11,華南永昌-竹北,2023-06-14,9339
6282,康舒,35,24,11,華南永昌-竹北,2023-06-14,9339
1806,冠軍,12,1,11,華南永昌-竹北,2023-06-14,9339
2739,寒舍,10,0,10,華南永昌-竹北,2023-06-14,9339
5351,鈺創,27,17,10,華南永昌-竹北,2023-06-14,9339
5511,德昌,10,0,10,華南永昌-竹北,2023-06-14,9339
6120,達運,10,0,10,華南永昌-竹北,2023-06-14,9339
6167,久正,11,1,10,華南永昌-竹北,2023-06-14,9339
6271,同欣電,10,0,10,華南永昌-竹北,2023-06-14,9339
2314,台揚,11,2,9,華南永昌-竹北,2023-06-14,9339
1307,三芳,10,1,9,華南永昌-竹北,2023-06-14,9339
2867,三商壽,9,0,9,華南永昌-竹北,2023-06-14,9339
8050,廣積,20,11,9,華南永昌-竹北,2023-06-14,9339
1504,東元,20,11,9,華南永昌-竹北,2023-06-14,9339
2603,長榮,9,0,9,華南永昌-竹北,2023-06-14,9339
00713,元大台灣高息低波,8,0,8,華南永昌-竹北,2023-06-14,9339
0050,元大台灣50,8,0,8,華南永昌-竹北,2023-06-14,9339
6198,瑞築,8,0,8,華南永昌-竹北,2023-06-14,9339
00900,富邦特選高股息30,10,2,8,華南永昌-竹北,2023-06-14,9339
1513,中興電,8,0,8,華南永昌-竹北,2023-06-14,9339
1519,華城,105,6,99,華南永昌-竹北,2023-06-15,9339
2618,長榮航,302,208,94,華南永昌-竹北,2023-06-15,9339
2748,雲品,88,8,80,華南永昌-竹北,2023-06-15,9339
00633L,富邦上証正2,75,10,65,華南永昌-竹北,2023-06-15,9339
00900,富邦特選高股息30,67,3,64,華南永昌-竹北,2023-06-15,9339
3454,晶睿,63,0,63,華南永昌-竹北,2023-06-15,9339
2376,技嘉,84,37,47,華南永昌-竹北,2023-06-15,9339
2323,中環,46,1,45,華南永昌-竹北,2023-06-15,9339
00715L,期街口布蘭特正2,80,40,40,華南永昌-竹北,2023-06-15,9339
2801,彰銀,40,0,40,華南永昌-竹北,2023-06-15,9339
2880,華南金,39,0,39,華南永昌-竹北,2023-06-15,9339
00687B,國泰20年美債,32,0,32,華南永昌-竹北,2023-06-15,9339
3576,聯合再生,29,0,29,華南永昌-竹北,2023-06-15,9339
1319,東陽,25,0,25,華南永昌-竹北,2023-06-15,9339
5381,合正,25,0,25,華南永昌-竹北,2023-06-15,9339
8937,合騏,25,0,25,華南永昌-竹北,2023-06-15,9339
3231,緯創,153,129,24,華南永昌-竹北,2023-06-15,9339
3013,晟銘電,28,4,24,華南永昌-竹北,2023-06-15,9339
4958,臻鼎-KY,33,11,22,華南永昌-竹北,2023-06-15,9339
00885,富邦越南,20,0,20,華南永昌-竹北,2023-06-15,9339
00712,復華富時不動產,19,0,19,華南永昌-竹北,2023-06-15,9339
2313,華通,19,0,19,華南永昌-竹北,2023-06-15,9339
4755,三福化,19,0,19,華南永昌-竹北,2023-06-15,9339
00919,群益台灣精選高息,24,5,19,華南永昌-竹北,2023-06-15,9339
8050,廣積,21,4,17,華南永昌-竹北,2023-06-15,9339
6485,點序,15,0,15,華南永昌-竹北,2023-06-15,9339
1432,大魯閣,14,0,14,華南永昌-竹北,2023-06-15,9339
1529,樂事綠能,20,6,14,華南永昌-竹北,2023-06-15,9339
2468,華經,14,0,14,華南永昌-竹北,2023-06-15,9339
3088,艾訊,14,0,14,華南永昌-竹北,2023-06-15,9339
2356,英業達,52,40,12,華南永昌-竹北,2023-06-15,9339
2609,陽明,13,1,12,華南永昌-竹北,2023-06-15,9339
2371,大同,23,11,12,華南永昌-竹北,2023-06-15,9339
6472,保瑞,11,0,11,華南永昌-竹北,2023-06-15,9339
2353,宏��,11,0,11,華南永昌-竹北,2023-06-15,9339
0050,元大台灣50,10,0,10,華南永昌-竹北,2023-06-15,9339
3265,台星科,10,0,10,華南永昌-竹北,2023-06-15,9339
00671R,富邦NASDAQ反1,10,0,10,華南永昌-竹北,2023-06-15,9339
1524,耿鼎,10,0,10,華南永昌-竹北,2023-06-15,9339
4747,強生,9,0,9,華南永昌-竹北,2023-06-15,9339
6443,元晶,10,1,9,華南永昌-竹北,2023-06-15,9339
8210,勤誠,10,1,9,華南永昌-竹北,2023-06-15,9339
6770,力積電,12,4,8,華南永昌-竹北,2023-06-15,9339
8201,無敵,11,3,8,華南永昌-竹北,2023-06-15,9339
1905,華紙,7,0,7,華南永昌-竹北,2023-06-15,9339
2457,飛宏,16,9,7,華南永昌-竹北,2023-06-15,9339
3033,威健,7,0,7,華南永昌-竹北,2023-06-15,9339
3178,公準,12,5,7,華南永昌-竹北,2023-06-15,9339
3481,群創,12,5,7,華南永昌-竹北,2023-06-15,9339
4129,聯合,7,0,7,華南永昌-竹北,2023-06-15,9339
3706,神達,594,42,552,華南永昌-竹北,2023-06-16,9339
00929,復華台灣科技優息,214,0,214,華南永昌-竹北,2023-06-16,9339
2618,長榮航,360,215,145,華南永昌-竹北,2023-06-16,9339
1101,台泥,103,0,103,華南永昌-竹北,2023-06-16,9339
1529,樂事綠能,116,32,84,華南永昌-竹北,2023-06-16,9339
1605,華新,124,50,74,華南永昌-竹北,2023-06-16,9339
3006,晶豪科,61,1,60,華南永昌-竹北,2023-06-16,9339
2201,裕隆,71,19,52,華南永昌-竹北,2023-06-16,9339
2610,華航,147,102,45,華南永昌-竹北,2023-06-16,9339
8147,正淩,45,1,44,華南永昌-竹北,2023-06-16,9339
2886,兆豐金,41,0,41,華南永昌-竹北,2023-06-16,9339
3231,緯創,266,226,40,華南永昌-竹北,2023-06-16,9339
6231,系微,40,0,40,華南永昌-竹北,2023-06-16,9339
6412,群電,39,1,38,華南永昌-竹北,2023-06-16,9339
4919,新唐,27,0,27,華南永昌-竹北,2023-06-16,9339
2371,大同,69,43,26,華南永昌-竹北,2023-06-16,9339
6462,神盾,22,0,22,華南永昌-竹北,2023-06-16,9339
3356,奇偶,31,9,22,華南永昌-竹北,2023-06-16,9339
00671R,富邦NASDAQ反1,21,0,21,華南永昌-竹北,2023-06-16,9339
00919,群益台灣精選高息,20,0,20,華南永昌-竹北,2023-06-16,9339
2489,瑞軒,20,0,20,華南永昌-竹北,2023-06-16,9339
3056,富華新,20,1,19,華南永昌-竹北,2023-06-16,9339
2409,友達,18,0,18,華南永昌-竹北,2023-06-16,9339
00713,元大台灣高息低波,18,0,18,華南永昌-竹北,2023-06-16,9339
6203,海韻電,17,0,17,華南永昌-竹北,2023-06-16,9339
00878,國泰永續高股息,45,28,17,華南永昌-竹北,2023-06-16,9339
4958,臻鼎-KY,19,3,16,華南永昌-竹北,2023-06-16,9339
2421,建準,30,15,15,華南永昌-竹北,2023-06-16,9339
4536,拓凱,15,1,14,華南永昌-竹北,2023-06-16,9339
2352,佳世達,17,3,14,華南永昌-竹北,2023-06-16,9339
2880,華南金,14,1,13,華南永昌-竹北,2023-06-16,9339
6821,聯寶,13,0,13,華南永昌-竹北,2023-06-16,9339
6125,廣運,61,48,13,華南永昌-竹北,2023-06-16,9339
3622,洋華,14,2,12,華南永昌-竹北,2023-06-16,9339
6282,康舒,70,58,12,華南永昌-竹北,2023-06-16,9339
2070,精湛,11,0,11,華南永昌-竹北,2023-06-16,9339
9945,潤泰新,11,0,11,華南永昌-竹北,2023-06-16,9339
8234,新漢,29,18,11,華南永昌-竹北,2023-06-16,9339
00712,復華富時不動產,10,0,10,華南永昌-竹北,2023-06-16,9339
3532,台勝科,17,7,10,華南永昌-竹北,2023-06-16,9339
6279,胡連,12,2,10,華南永昌-竹北,2023-06-16,9339
2449,京元電子,10,0,10,華南永昌-竹北,2023-06-16,9339
1539,巨庭,10,0,10,華南永昌-竹北,2023-06-16,9339
6570,維田,12,3,9,華南永昌-竹北,2023-06-16,9339
3078,僑威,74,65,9,華南永昌-竹北,2023-06-16,9339
6248,沛波,10,1,9,華南永昌-竹北,2023-06-16,9339
8050,廣積,11,2,9,華南永昌-竹北,2023-06-16,9339
6770,力積電,24,15,9,華南永昌-竹北,2023-06-16,9339
3024,憶聲,9,0,9,華南永昌-竹北,2023-06-16,9339
1905,華紙,9,1,8,華南永昌-竹北,2023-06-16,9339
00637L,元大滬深300正2,300,0,300,華南永昌-竹北,2023-06-19,9339
3037,欣興,125,4,121,華南永昌-竹北,2023-06-19,9339
2323,中環,82,10,72,華南永昌-竹北,2023-06-19,9339
6462,神盾,72,1,71,華南永昌-竹北,2023-06-19,9339
00673R,期元大S＆P原油反1,68,0,68,華南永昌-竹北,2023-06-19,9339
2634,漢翔,83,17,66,華南永昌-竹北,2023-06-19,9339
00632R,元大台灣50反1,60,0,60,華南永昌-竹北,2023-06-19,9339
2371,大同,91,32,59,華南永昌-竹北,2023-06-19,9339
2305,全友,57,0,57,華南永昌-竹北,2023-06-19,9339
1802,台玻,58,1,57,華南永昌-竹北,2023-06-19,9339
00712,復華富時不動產,56,2,54,華南永昌-竹北,2023-06-19,9339
3006,晶豪科,53,0,53,華南永昌-竹北,2023-06-19,9339
2409,友達,65,14,51,華南永昌-竹北,2023-06-19,9339
00706L,期元大S＆P日圓正2,45,0,45,華南永昌-竹北,2023-06-19,9339
2405,輔信,50,6,44,華南永昌-竹北,2023-06-19,9339
2421,建準,56,12,44,華南永昌-竹北,2023-06-19,9339
00893,國泰智能電動車,40,9,31,華南永昌-竹北,2023-06-19,9339
1529,樂事綠能,41,13,28,華南永昌-竹北,2023-06-19,9339
2453,凌群,25,1,24,華南永昌-竹北,2023-06-19,9339
6288,聯嘉,30,6,24,華南永昌-竹北,2023-06-19,9339
6120,達運,48,25,23,華南永昌-竹北,2023-06-19,9339
3027,盛達,23,1,22,華南永昌-竹北,2023-06-19,9339
3661,世芯-KY,22,0,22,華南永昌-竹北,2023-06-19,9339
8210,勤誠,21,0,21,華南永昌-竹北,2023-06-19,9339
4755,三福化,32,11,21,華南永昌-竹北,2023-06-19,9339
6203,海韻電,20,0,20,華南永昌-竹北,2023-06-19,9339
2482,連宇,40,21,19,華南永昌-竹北,2023-06-19,9339
6412,群電,19,0,19,華南永昌-竹北,2023-06-19,9339
3141,晶宏,24,5,19,華南永昌-竹北,2023-06-19,9339
6282,康舒,23,6,17,華南永昌-竹北,2023-06-19,9339
2201,裕隆,20,4,16,華南永昌-竹北,2023-06-19,9339
2442,新美齊,16,0,16,華南永昌-竹北,2023-06-19,9339
3002,歐格,15,0,15,華南永昌-竹北,2023-06-19,9339
1528,恩德,22,8,14,華南永昌-竹北,2023-06-19,9339
00929,復華台灣科技優息,13,0,13,華南永昌-竹北,2023-06-19,9339
2312,金寶,45,32,13,華南永昌-竹北,2023-06-19,9339
2356,英業達,43,30,13,華南永昌-竹北,2023-06-19,9339
4951,精拓科,13,0,13,華南永昌-竹北,2023-06-19,9339
5443,均豪,15,2,13,華南永昌-竹北,2023-06-19,9339
6533,晶心科,13,0,13,華南永昌-竹北,2023-06-19,9339
3035,智原,31,19,12,華南永昌-竹北,2023-06-19,9339
1810,和成,14,3,11,華南永昌-竹北,2023-06-19,9339
2605,新興,11,0,11,華南永昌-竹北,2023-06-19,9339
00720B,元大投資級公司債,10,0,10,華南永昌-竹北,2023-06-19,9339
00751B,元大AAA至A公司債,10,0,10,華南永昌-竹北,2023-06-19,9339
00857B,永豐20年美公債,10,0,10,華南永昌-竹北,2023-06-19,9339
8227,巨有科技,10,0,10,華南永昌-竹北,2023-06-19,9339
3231,緯創,47,38,9,華南永昌-竹北,2023-06-19,9339
3016,嘉晶,9,0,9,華南永昌-竹北,2023-06-19,9339
6182,合晶,10,1,9,華南永昌-竹北,2023-06-19,9339
2323,中環,201,24,177,華南永昌-竹北,2023-06-20,9339
3454,晶睿,85,5,80,華南永昌-竹北,2023-06-20,9339
6461,益得,78,0,78,華南永昌-竹北,2023-06-20,9339
00637L,元大滬深300正2,70,0,70,華南永昌-竹北,2023-06-20,9339
1519,華城,86,18,68,華南永昌-竹北,2023-06-20,9339
00712,復華富時不動產,67,0,67,華南永昌-竹北,2023-06-20,9339
1514,亞力,70,11,59,華南永昌-竹北,2023-06-20,9339
1477,聚陽,68,10,58,華南永昌-竹北,2023-06-20,9339
2317,鴻海,48,2,46,華南永昌-竹北,2023-06-20,9339
2409,友達,50,5,45,華南永昌-竹北,2023-06-20,9339
2609,陽明,50,10,40,華南永昌-竹北,2023-06-20,9339
2201,裕隆,42,9,33,華南永昌-竹北,2023-06-20,9339
2014,中鴻,31,1,30,華南永昌-竹北,2023-06-20,9339
2748,雲品,109,85,24,華南永昌-竹北,2023-06-20,9339
6203,海韻電,23,0,23,華南永昌-竹北,2023-06-20,9339
00706L,期元大S＆P日圓正2,21,0,21,華南永昌-竹北,2023-06-20,9339
3481,群創,34,14,20,華南永昌-竹北,2023-06-20,9339
2408,南亞科,19,0,19,華南永昌-竹北,2023-06-20,9339
5351,鈺創,31,12,19,華南永昌-竹北,2023-06-20,9339
2376,技嘉,48,31,17,華南永昌-竹北,2023-06-20,9339
2427,三商電,17,1,16,華南永昌-竹北,2023-06-20,9339
2881,富邦金,16,1,15,華南永昌-竹北,2023-06-20,9339
6266,泰詠,35,20,15,華南永昌-竹北,2023-06-20,9339
1319,東陽,30,16,14,華南永昌-竹北,2023-06-20,9339
3027,盛達,19,5,14,華南永昌-竹北,2023-06-20,9339
5465,富驊,22,8,14,華南永昌-竹北,2023-06-20,9339
6111,大宇資,50,36,14,華南永昌-竹北,2023-06-20,9339
6192,巨路,14,0,14,華南永昌-竹北,2023-06-20,9339
00902,中信電池及儲能,13,0,13,華南永昌-竹北,2023-06-20,9339
2880,華南金,13,0,13,華南永昌-竹北,2023-06-20,9339
3088,艾訊,13,0,13,華南永昌-竹北,2023-06-20,9339
2739,寒舍,14,2,12,華南永昌-竹北,2023-06-20,9339
4726,永昕,12,0,12,華南永昌-竹北,2023-06-20,9339
2421,建準,41,30,11,華南永昌-竹北,2023-06-20,9339
00715L,期街口布蘭特正2,10,0,10,華南永昌-竹北,2023-06-20,9339
1714,和桐,10,0,10,華南永昌-竹北,2023-06-20,9339
3022,威強電,10,0,10,華南永昌-竹北,2023-06-20,9339
3221,台嘉碩,10,0,10,華南永昌-竹北,2023-06-20,9339
3652,精聯,10,0,10,華南永昌-竹北,2023-06-20,9339
4121,優盛,10,0,10,華南永昌-竹北,2023-06-20,9339
5512,力麒,10,0,10,華南永昌-竹北,2023-06-20,9339
6139,亞翔,10,0,10,華南永昌-竹北,2023-06-20,9339
6486,互動,10,0,10,華南永昌-竹北,2023-06-20,9339
2618,長榮航,46,37,9,華南永昌-竹北,2023-06-20,9339
2349,錸德,10,1,9,華南永昌-竹北,2023-06-20,9339
2453,凌群,30,21,9,華南永昌-竹北,2023-06-20,9339
2610,華航,20,12,8,華南永昌-竹北,2023-06-20,9339
3105,穩懋,8,0,8,華南永昌-竹北,2023-06-20,9339
1802,台玻,8,0,8,華南永昌-竹北,2023-06-20,9339
4538,大詠城,12,4,8,華南永昌-竹北,2023-06-20,9339
00637L,元大滬深300正2,150,0,150,華南永昌-竹北,2023-06-21,9339
2371,大同,147,14,133,華南永昌-竹北,2023-06-21,9339
2609,陽明,113,1,112,華南永昌-竹北,2023-06-21,9339
2405,輔信,103,0,103,華南永昌-竹北,2023-06-21,9339
2705,六福,145,62,83,華南永昌-竹北,2023-06-21,9339
0056,元大高股息,86,7,79,華南永昌-竹北,2023-06-21,9339
00891,中信關鍵半導體,60,0,60,華南永昌-竹北,2023-06-21,9339
3003,健和興,47,3,44,華南永昌-竹北,2023-06-21,9339
00673R,期元大S＆P原油反1,41,0,41,華南永昌-竹北,2023-06-21,9339
3518,柏騰,40,0,40,華南永昌-竹北,2023-06-21,9339
5243,乙盛-KY,39,0,39,華南永昌-竹北,2023-06-21,9339
3515,華擎,31,1,30,華南永昌-竹北,2023-06-21,9339
8050,廣積,28,0,28,華南永昌-竹北,2023-06-21,9339
4908,前鼎,25,0,25,華南永昌-竹北,2023-06-21,9339
2349,錸德,21,0,21,華南永昌-竹北,2023-06-21,9339
5512,力麒,20,0,20,華南永昌-竹北,2023-06-21,9339
1529,樂事綠能,20,0,20,華南永昌-竹北,2023-06-21,9339
3217,優群,32,12,20,華南永昌-竹北,2023-06-21,9339
4541,晟田,22,3,19,華南永昌-竹北,2023-06-21,9339
00712,復華富時不動產,19,0,19,華南永昌-竹北,2023-06-21,9339
4915,致伸,16,0,16,華南永昌-竹北,2023-06-21,9339
2206,三陽工業,15,0,15,華南永昌-竹北,2023-06-21,9339
2603,長榮,16,1,15,華南永昌-竹北,2023-06-21,9339
1447,力鵬,15,0,15,華南永昌-竹北,2023-06-21,9339
8410,森田,15,0,15,華南永昌-竹北,2023-06-21,9339
6231,系微,14,0,14,華南永昌-竹北,2023-06-21,9339
8105,凌巨,13,0,13,華南永昌-竹北,2023-06-21,9339
00713,元大台灣高息低波,12,0,12,華南永昌-竹北,2023-06-21,9339
00679B,元大美債20年,19,8,11,華南永昌-竹北,2023-06-21,9339
2739,寒舍,21,10,11,華南永昌-竹北,2023-06-21,9339
5426,振發,11,0,11,華南永昌-竹北,2023-06-21,9339
3576,聯合再生,10,0,10,華南永昌-竹北,2023-06-21,9339
1612,宏泰,10,0,10,華南永昌-竹北,2023-06-21,9339
2413,環科,17,7,10,華南永昌-竹北,2023-06-21,9339
2427,三商電,16,6,10,華南永昌-竹北,2023-06-21,9339
5223,安力-KY,10,0,10,華南永昌-竹北,2023-06-21,9339
6535,順藥,10,0,10,華南永昌-竹北,2023-06-21,9339
9919,康那香,10,0,10,華南永昌-竹北,2023-06-21,9339
5272,笙科,10,1,9,華南永昌-竹北,2023-06-21,9339
4904,遠傳,9,0,9,華南永昌-竹北,2023-06-21,9339
2356,英業達,19,11,8,華南永昌-竹北,2023-06-21,9339
3706,神達,61,53,8,華南永昌-竹北,2023-06-21,9339
1515,力山,7,0,7,華南永昌-竹北,2023-06-21,9339
2408,南亞科,7,0,7,華南永昌-竹北,2023-06-21,9339
2421,建準,54,47,7,華南永昌-竹北,2023-06-21,9339
3056,富華新,10,3,7,華南永昌-竹北,2023-06-21,9339
6266,泰詠,9,2,7,華南永昌-竹北,2023-06-21,9339
8936,國統,7,0,7,華南永昌-竹北,2023-06-21,9339
1513,中興電,8,1,7,華南永昌-竹北,2023-06-21,9339
1101,台泥,6,0,6,華南永昌-竹北,2023-06-21,9339
1905,華紙,471,20,451,華南永昌-竹北,2023-06-26,9339
00637L,元大滬深300正2,240,60,180,華南永昌-竹北,2023-06-26,9339
2913,農林,171,28,143,華南永昌-竹北,2023-06-26,9339
2201,裕隆,90,25,65,華南永昌-竹北,2023-06-26,9339
4543,萬在,94,34,60,華南永昌-竹北,2023-06-26,9339
8076,伍豐,61,8,53,華南永昌-竹北,2023-06-26,9339
00715L,期街口布蘭特正2,50,1,49,華南永昌-竹北,2023-06-26,9339
2371,大同,35,3,32,華南永昌-竹北,2023-06-26,9339
6111,大宇資,38,7,31,華南永昌-竹北,2023-06-26,9339
2610,華航,40,11,29,華南永昌-竹北,2023-06-26,9339
2482,連宇,27,0,27,華南永昌-竹北,2023-06-26,9339
6203,海韻電,31,6,25,華南永昌-竹北,2023-06-26,9339
2392,正崴,24,0,24,華南永昌-竹北,2023-06-26,9339
1710,東聯,21,0,21,華南永昌-竹北,2023-06-26,9339
00891,中信關鍵半導體,31,11,20,華南永昌-竹北,2023-06-26,9339
00927,群益半導體收益,20,0,20,華南永昌-竹北,2023-06-26,9339
5223,安力-KY,20,0,20,華南永昌-竹北,2023-06-26,9339
3032,偉訓,20,1,19,華南永昌-竹北,2023-06-26,9339
6546,正基,20,2,18,華南永昌-竹北,2023-06-26,9339
3518,柏騰,21,4,17,華南永昌-竹北,2023-06-26,9339
2356,英業達,23,6,17,華南永昌-竹北,2023-06-26,9339
6462,神盾,25,8,17,華南永昌-竹北,2023-06-26,9339
1608,華榮,15,0,15,華南永昌-竹北,2023-06-26,9339
2059,川湖,22,7,15,華南永昌-竹北,2023-06-26,9339
2409,友達,26,11,15,華南永昌-竹北,2023-06-26,9339
6770,力積電,15,1,14,華南永昌-竹北,2023-06-26,9339
2352,佳世達,14,0,14,華南永昌-竹北,2023-06-26,9339
2453,凌群,14,0,14,華南永昌-竹北,2023-06-26,9339
8147,正淩,13,0,13,華南永昌-竹北,2023-06-26,9339
2354,鴻準,15,2,13,華南永昌-竹北,2023-06-26,9339
3706,神達,14,2,12,華南永昌-竹北,2023-06-26,9339
4958,臻鼎-KY,41,29,12,華南永昌-竹北,2023-06-26,9339
2427,三商電,35,24,11,華南永昌-竹北,2023-06-26,9339
2618,長榮航,35,24,11,華南永昌-竹北,2023-06-26,9339
2303,聯電,16,5,11,華南永昌-竹北,2023-06-26,9339
00720B,元大投資級公司債,10,0,10,華南永昌-竹北,2023-06-26,9339
2031,新光鋼,10,0,10,華南永昌-竹北,2023-06-26,9339
00712,復華富時不動產,9,0,9,華南永昌-竹北,2023-06-26,9339
2421,建準,17,8,9,華南永昌-竹北,2023-06-26,9339
6290,良維,9,0,9,華南永昌-竹北,2023-06-26,9339
00679B,元大美債20年,25,17,8,華南永昌-竹北,2023-06-26,9339
2705,六福,27,19,8,華南永昌-竹北,2023-06-26,9339
3027,盛達,8,0,8,華南永昌-竹北,2023-06-26,9339
2340,台亞,26,19,7,華南永昌-竹北,2023-06-26,9339
3372,典範,7,0,7,華南永昌-竹北,2023-06-26,9339
5464,霖宏,7,0,7,華南永昌-竹北,2023-06-26,9339
3481,群創,21,14,7,華南永昌-竹北,2023-06-26,9339
00882,中信中國高股息,6,0,6,華南永昌-竹北,2023-06-26,9339
3078,僑威,15,9,6,華南永昌-竹北,2023-06-26,9339
3056,富華新,6,0,6,華南永昌-竹北,2023-06-26,9339
2371,大同,192,21,171,華南永昌-竹北,2023-06-27,9339
2201,裕隆,113,4,109,華南永昌-竹北,2023-06-27,9339
00885,富邦越南,104,0,104,華南永昌-竹北,2023-06-27,9339
3481,群創,98,17,81,華南永昌-竹北,2023-06-27,9339
6188,廣明,150,79,71,華南永昌-竹北,2023-06-27,9339
00632R,元大台灣50反1,60,0,60,華南永昌-竹北,2023-06-27,9339
1539,巨庭,60,5,55,華南永昌-竹北,2023-06-27,9339
3231,緯創,79,29,50,華南永昌-竹北,2023-06-27,9339
1529,樂事綠能,45,5,40,華南永昌-竹北,2023-06-27,9339
6290,良維,42,3,39,華南永昌-竹北,2023-06-27,9339
00927,群益半導體收益,30,0,30,華南永昌-竹北,2023-06-27,9339
6266,泰詠,30,0,30,華南永昌-竹北,2023-06-27,9339
3257,虹冠電,28,0,28,華南永昌-竹北,2023-06-27,9339
3324,雙鴻,40,12,28,華南永昌-竹北,2023-06-27,9339
2618,長榮航,162,137,25,華南永昌-竹北,2023-06-27,9339
1477,聚陽,25,1,24,華南永昌-竹北,2023-06-27,9339
3013,晟銘電,28,7,21,華南永昌-竹北,2023-06-27,9339
00751B,元大AAA至A公司債,20,0,20,華南永昌-竹北,2023-06-27,9339
2913,農林,20,0,20,華南永昌-竹北,2023-06-27,9339
1785,光洋科,184,165,19,華南永昌-竹北,2023-06-27,9339
4958,臻鼎-KY,18,0,18,華南永昌-竹北,2023-06-27,9339
3306,鼎天,19,2,17,華南永昌-竹北,2023-06-27,9339
1471,首利,16,0,16,華南永昌-竹北,2023-06-27,9339
1504,東元,19,3,16,華南永昌-竹北,2023-06-27,9339
2028,威致,16,0,16,華南永昌-竹北,2023-06-27,9339
00891,中信關鍵半導體,15,1,14,華南永昌-竹北,2023-06-27,9339
5243,乙盛-KY,20,6,14,華南永昌-竹北,2023-06-27,9339
2354,鴻準,15,2,13,華南永昌-竹北,2023-06-27,9339
2453,凌群,13,0,13,華南永昌-竹北,2023-06-27,9339
2916,滿心,13,0,13,華南永昌-竹北,2023-06-27,9339
3206,志豐,15,2,13,華南永昌-竹北,2023-06-27,9339
00919,群益台灣精選高息,14,2,12,華南永昌-竹北,2023-06-27,9339
6202,盛群,11,0,11,華南永昌-竹北,2023-06-27,9339
0056,元大高股息,18,7,11,華南永昌-竹北,2023-06-27,9339
00757,統一FANG+,10,0,10,華南永昌-竹北,2023-06-27,9339
00929,復華台灣科技優息,10,0,10,華南永昌-竹北,2023-06-27,9339
00706L,期元大S＆P日圓正2,10,0,10,華南永昌-竹北,2023-06-27,9339
2023,燁輝,10,0,10,華南永昌-竹北,2023-06-27,9339
2323,中環,120,110,10,華南永昌-竹北,2023-06-27,9339
2444,兆勁,10,0,10,華南永昌-竹北,2023-06-27,9339
2482,連宇,16,6,10,華南永昌-竹北,2023-06-27,9339
3038,全台,66,56,10,華南永昌-竹北,2023-06-27,9339
00878,國泰永續高股息,43,34,9,華南永昌-竹北,2023-06-27,9339
2332,友訊,9,0,9,華南永昌-竹北,2023-06-27,9339
2349,錸德,10,1,9,華南永昌-竹北,2023-06-27,9339
1734,杏輝,10,2,8,華南永昌-竹北,2023-06-27,9339
4564,元翎,8,0,8,華南永昌-竹北,2023-06-27,9339
5223,安力-KY,8,0,8,華南永昌-竹北,2023-06-27,9339
6240,松崗,8,0,8,華南永昌-竹北,2023-06-27,9339
7402,邑錡,13,5,8,華南永昌-竹北,2023-06-27,9339
00885,富邦越南,201,0,201,華南永昌-竹北,2023-06-28,9339
00715L,期街口布蘭特正2,154,10,144,華南永昌-竹北,2023-06-28,9339
2610,華航,145,64,81,華南永昌-竹北,2023-06-28,9339
3454,晶睿,95,14,81,華南永昌-竹北,2023-06-28,9339
8299,群聯,74,0,74,華南永昌-竹北,2023-06-28,9339
1605,華新,166,92,74,華南永昌-竹北,2023-06-28,9339
2376,技嘉,67,2,65,華南永昌-竹北,2023-06-28,9339
1540,喬福,60,0,60,華南永昌-竹北,2023-06-28,9339
00712,復華富時不動產,51,10,41,華南永昌-竹北,2023-06-28,9339
6806,森崴能源,37,0,37,華南永昌-竹北,2023-06-28,9339
1477,聚陽,31,1,30,華南永昌-竹北,2023-06-28,9339
3037,欣興,27,0,27,華南永昌-竹北,2023-06-28,9339
1609,大亞,29,4,25,華南永昌-竹北,2023-06-28,9339
6485,點序,25,1,24,華南永昌-竹北,2023-06-28,9339
1444,力麗,20,0,20,華南永昌-竹北,2023-06-28,9339
4155,訊映,21,1,20,華南永昌-竹北,2023-06-28,9339
1471,首利,20,1,19,華南永昌-竹北,2023-06-28,9339
2609,陽明,42,26,16,華南永昌-竹北,2023-06-28,9339
3706,神達,14,1,13,華南永昌-竹北,2023-06-28,9339
1301,台塑,13,0,13,華南永昌-竹北,2023-06-28,9339
2421,建準,23,10,13,華南永昌-竹北,2023-06-28,9339
2882,國泰金,12,0,12,華南永昌-竹北,2023-06-28,9339
2431,聯昌,12,0,12,華南永昌-竹北,2023-06-28,9339
2412,中華電,12,0,12,華南永昌-竹北,2023-06-28,9339
2888,新光金,13,1,12,華南永昌-竹北,2023-06-28,9339
3058,立德,12,0,12,華南永昌-竹北,2023-06-28,9339
3141,晶宏,14,2,12,華南永昌-竹北,2023-06-28,9339
1314,中石化,11,0,11,華南永昌-竹北,2023-06-28,9339
2453,凌群,11,0,11,華南永昌-竹北,2023-06-28,9339
2883,凱基金,11,0,11,華南永昌-竹北,2023-06-28,9339
3324,雙鴻,11,0,11,華南永昌-竹北,2023-06-28,9339
3202,樺晟,10,0,10,華南永昌-竹北,2023-06-28,9339
3665,貿聯-KY,11,1,10,華南永昌-竹北,2023-06-28,9339
4743,合一,15,5,10,華南永昌-竹北,2023-06-28,9339
4958,臻鼎-KY,11,1,10,華南永昌-竹北,2023-06-28,9339
2401,凌陽,10,0,10,華南永昌-竹北,2023-06-28,9339
8085,福華,9,0,9,華南永昌-竹北,2023-06-28,9339
1905,華紙,19,10,9,華南永昌-竹北,2023-06-28,9339
6111,大宇資,21,12,9,華南永昌-竹北,2023-06-28,9339
6443,元晶,9,0,9,華南永昌-竹北,2023-06-28,9339
3078,僑威,11,2,9,華南永昌-竹北,2023-06-28,9339
2317,鴻海,9,0,9,華南永昌-竹北,2023-06-28,9339
2303,聯電,16,7,9,華南永昌-竹北,2023-06-28,9339
00893,國泰智能電動車,10,2,8,華南永昌-竹北,2023-06-28,9339
6276,安鈦克,34,26,8,華南永昌-竹北,2023-06-28,9339
3325,旭品,7,1,6,華南永昌-竹北,2023-06-28,9339
1217,愛之味,6,0,6,華南永昌-竹北,2023-06-28,9339
2393,億光,7,1,6,華南永昌-竹北,2023-06-28,9339
4744,皇將,6,0,6,華南永昌-竹北,2023-06-28,9339
6139,亞翔,10,4,6,華南永昌-竹北,2023-06-28,9339
00637L,元大滬深300正2,180,50,130,華南永昌-竹北,2023-06-29,9339
2382,廣達,124,2,122,華南永昌-竹北,2023-06-29,9339
6285,啟��,117,3,114,華南永昌-竹北,2023-06-29,9339
00896,中信綠能及電動車,85,0,85,華南永昌-竹北,2023-06-29,9339
00912,中信臺灣智慧50,70,0,70,華南永昌-竹北,2023-06-29,9339
2618,長榮航,121,75,46,華南永昌-竹北,2023-06-29,9339
5347,世界,35,0,35,華南永昌-竹北,2023-06-29,9339
00850,元大臺灣ESG永續,74,41,33,華南永昌-竹北,2023-06-29,9339
3454,晶睿,33,0,33,華南永昌-竹北,2023-06-29,9339
4958,臻鼎-KY,33,0,33,華南永昌-竹北,2023-06-29,9339
6462,神盾,32,0,32,華南永昌-竹北,2023-06-29,9339
5452,佶優,41,15,26,華南永昌-竹北,2023-06-29,9339
6153,嘉聯益,25,0,25,華南永昌-竹北,2023-06-29,9339
6485,點序,42,17,25,華南永昌-竹北,2023-06-29,9339
2354,鴻準,24,0,24,華南永昌-竹北,2023-06-29,9339
6517,保勝光學,21,1,20,華南永昌-竹北,2023-06-29,9339
2409,友達,18,0,18,華南永昌-竹北,2023-06-29,9339
2472,立隆電,18,0,18,華南永昌-竹北,2023-06-29,9339
2412,中華電,17,0,17,華南永昌-竹北,2023-06-29,9339
1313,聯成,15,1,14,華南永昌-竹北,2023-06-29,9339
3624,光頡,14,0,14,華南永昌-竹北,2023-06-29,9339
6175,立敦,14,0,14,華南永昌-竹北,2023-06-29,9339
3665,貿聯-KY,31,17,14,華南永昌-竹北,2023-06-29,9339
2303,聯電,13,0,13,華南永昌-竹北,2023-06-29,9339
4157,太景*-KY,33,20,13,華南永昌-竹北,2023-06-29,9339
2317,鴻海,12,0,12,華南永昌-竹北,2023-06-29,9339
2882,國泰金,11,0,11,華南永昌-竹北,2023-06-29,9339
00882,中信中國高股息,10,0,10,華南永昌-竹北,2023-06-29,9339
1789,神隆,10,0,10,華南永昌-竹北,2023-06-29,9339
2049,上銀,10,0,10,華南永昌-竹北,2023-06-29,9339
6190,萬泰科,22,12,10,華南永昌-竹北,2023-06-29,9339
4155,訊映,12,2,10,華南永昌-竹北,2023-06-29,9339
2376,技嘉,44,35,9,華南永昌-竹北,2023-06-29,9339
00922,國泰台灣領袖50,9,0,9,華南永昌-竹北,2023-06-29,9339
3481,群創,12,3,9,華南永昌-竹北,2023-06-29,9339
6672,騰輝電子-KY,10,1,9,華南永昌-竹北,2023-06-29,9339
6657,華安,8,0,8,華南永昌-竹北,2023-06-29,9339
00679B,元大美債20年,8,0,8,華南永昌-竹北,2023-06-29,9339
1605,華新,11,3,8,華南永昌-竹北,2023-06-29,9339
3715,定穎投控,8,0,8,華南永昌-竹北,2023-06-29,9339
1795,美時,19,12,7,華南永昌-竹北,2023-06-29,9339
5465,富驊,8,1,7,華南永昌-竹北,2023-06-29,9339
2449,京元電子,7,0,7,華南永昌-竹北,2023-06-29,9339
6472,保瑞,10,3,7,華南永昌-竹北,2023-06-29,9339
2883,凱基金,9,3,6,華南永昌-竹北,2023-06-29,9339
2356,英業達,16,10,6,華南永昌-竹北,2023-06-29,9339
1217,愛之味,6,0,6,華南永昌-竹北,2023-06-29,9339
3013,晟銘電,7,1,6,華南永昌-竹北,2023-06-29,9339
6179,亞通,6,0,6,華南永昌-竹北,2023-06-29,9339
00706L,期元大S＆P日圓正2,5,0,5,華南永昌-竹北,2023-06-29,9339
6188,廣明,186,21,165,華南永昌-竹北,2023-06-30,9339
2489,瑞軒,100,0,100,華南永昌-竹北,2023-06-30,9339
2834,臺企銀,84,0,84,華南永昌-竹北,2023-06-30,9339
3231,緯創,103,37,66,華南永昌-竹北,2023-06-30,9339
00927,群益半導體收益,60,0,60,華南永昌-竹北,2023-06-30,9339
1701,中化,60,0,60,華南永昌-竹北,2023-06-30,9339
6126,信音,55,1,54,華南永昌-竹北,2023-06-30,9339
6285,啟��,63,11,52,華南永昌-竹北,2023-06-30,9339
4543,萬在,50,0,50,華南永昌-竹北,2023-06-30,9339
00687B,國泰20年美債,41,0,41,華南永昌-竹北,2023-06-30,9339
3454,晶睿,50,9,41,華南永昌-竹北,2023-06-30,9339
2206,三陽工業,33,3,30,華南永昌-竹北,2023-06-30,9339
2421,建準,31,3,28,華南永昌-竹北,2023-06-30,9339
00680L,元大美債20正2,25,0,25,華南永昌-竹北,2023-06-30,9339
4147,中裕,46,21,25,華南永昌-竹北,2023-06-30,9339
6197,佳必琪,24,0,24,華南永昌-竹北,2023-06-30,9339
2329,華泰,21,0,21,華南永昌-竹北,2023-06-30,9339
4743,合一,20,0,20,華南永昌-竹北,2023-06-30,9339
2609,陽明,35,15,20,華南永昌-竹北,2023-06-30,9339
2618,長榮航,86,67,19,華南永昌-竹北,2023-06-30,9339
8936,國統,22,3,19,華南永昌-竹北,2023-06-30,9339
2380,虹光,17,0,17,華南永昌-竹北,2023-06-30,9339
6153,嘉聯益,26,9,17,華南永昌-竹北,2023-06-30,9339
2382,廣達,36,20,16,華南永昌-竹北,2023-06-30,9339
3481,群創,22,6,16,華南永昌-竹北,2023-06-30,9339
1471,首利,15,0,15,華南永昌-竹北,2023-06-30,9339
3045,台灣大,14,0,14,華南永昌-竹北,2023-06-30,9339
1528,恩德,20,7,13,華南永昌-竹北,2023-06-30,9339
6026,福邦證,12,0,12,華南永昌-竹北,2023-06-30,9339
2330,台積電,10,0,10,華南永昌-竹北,2023-06-30,9339
00688L,國泰20年美債正2,10,0,10,華南永昌-竹北,2023-06-30,9339
00673R,期元大S＆P原油反1,10,0,10,華南永昌-竹北,2023-06-30,9339
3202,樺晟,10,0,10,華南永昌-竹北,2023-06-30,9339
3682,亞太電,10,0,10,華南永昌-竹北,2023-06-30,9339
4157,太景*-KY,17,7,10,華南永昌-竹北,2023-06-30,9339
4532,瑞智,10,0,10,華南永昌-竹北,2023-06-30,9339
5351,鈺創,10,0,10,華南永昌-竹北,2023-06-30,9339
6120,達運,10,0,10,華南永昌-竹北,2023-06-30,9339
6535,順藥,10,0,10,華南永昌-竹北,2023-06-30,9339
4167,松瑞藥,10,0,10,華南永昌-竹北,2023-06-30,9339
2303,聯電,13,4,9,華南永昌-竹北,2023-06-30,9339
2344,華邦電,9,0,9,華南永昌-竹北,2023-06-30,9339
4503,金雨,11,2,9,華南永昌-竹北,2023-06-30,9339
2412,中華電,8,0,8,華南永昌-竹北,2023-06-30,9339
2457,飛宏,14,6,8,華南永昌-竹北,2023-06-30,9339
2615,萬海,19,11,8,華南永昌-竹北,2023-06-30,9339
3704,合勤控,27,19,8,華南永昌-竹北,2023-06-30,9339
2462,良得電,8,0,8,華南永昌-竹北,2023-06-30,9339
2482,連宇,18,11,7,華南永昌-竹北,2023-06-30,9339
2633,台灣高鐵,7,0,7,華南永昌-竹北,2023-06-30,9339
00929,復華台灣科技優息,207,0,207,華南永昌-竹北,2023-07-03,9339
6026,福邦證,140,0,140,華南永昌-竹北,2023-07-03,9339
8050,廣積,125,5,120,華南永昌-竹北,2023-07-03,9339
2405,輔信,100,0,100,華南永昌-竹北,2023-07-03,9339
3035,智原,111,33,78,華南永昌-竹北,2023-07-03,9339
8936,國統,75,1,74,華南永昌-竹北,2023-07-03,9339
4543,萬在,50,1,49,華南永昌-竹北,2023-07-03,9339
3034,聯詠,49,1,48,華南永昌-竹北,2023-07-03,9339
6485,點序,53,8,45,華南永昌-竹北,2023-07-03,9339
3454,晶睿,41,6,35,華南永昌-竹北,2023-07-03,9339
3037,欣興,37,2,35,華南永昌-竹北,2023-07-03,9339
6770,力積電,36,2,34,華南永昌-竹北,2023-07-03,9339
6016,康和證,32,0,32,華南永昌-竹北,2023-07-03,9339
2427,三商電,43,12,31,華南永昌-竹北,2023-07-03,9339
2834,臺企銀,42,17,25,華南永昌-竹北,2023-07-03,9339
2888,新光金,25,0,25,華南永昌-竹北,2023-07-03,9339
4746,台耀,26,2,24,華南永昌-竹北,2023-07-03,9339
9958,世紀鋼,37,13,24,華南永昌-竹北,2023-07-03,9339
2382,廣達,30,8,22,華南永昌-竹北,2023-07-03,9339
4538,大詠城,26,5,21,華南永昌-竹北,2023-07-03,9339
1737,臺鹽,20,0,20,華南永昌-竹北,2023-07-03,9339
1714,和桐,19,0,19,華南永昌-竹北,2023-07-03,9339
6517,保勝光學,20,1,19,華南永昌-竹北,2023-07-03,9339
1515,力山,18,0,18,華南永昌-竹北,2023-07-03,9339
3141,晶宏,17,0,17,華南永昌-竹北,2023-07-03,9339
5243,乙盛-KY,21,5,16,華南永昌-竹北,2023-07-03,9339
6202,盛群,16,0,16,華南永昌-竹北,2023-07-03,9339
1611,中電,16,1,15,華南永昌-竹北,2023-07-03,9339
1514,亞力,25,11,14,華南永昌-竹北,2023-07-03,9339
4915,致伸,14,0,14,華南永昌-竹北,2023-07-03,9339
3675,德微,15,1,14,華南永昌-竹北,2023-07-03,9339
2201,裕隆,13,0,13,華南永昌-竹北,2023-07-03,9339
3481,群創,18,5,13,華南永昌-竹北,2023-07-03,9339
3689,湧德,12,0,12,華南永昌-竹北,2023-07-03,9339
2354,鴻準,14,3,11,華南永昌-竹北,2023-07-03,9339
6111,大宇資,11,0,11,華南永昌-竹北,2023-07-03,9339
1795,美時,33,22,11,華南永昌-竹北,2023-07-03,9339
00673R,期元大S＆P原油反1,10,0,10,華南永昌-竹北,2023-07-03,9339
3450,聯鈞,10,0,10,華南永昌-竹北,2023-07-03,9339
3701,大眾控,10,0,10,華南永昌-竹北,2023-07-03,9339
5009,榮剛,10,0,10,華南永昌-竹北,2023-07-03,9339
6548,長科*,10,0,10,華南永昌-竹北,2023-07-03,9339
2801,彰銀,10,0,10,華南永昌-竹北,2023-07-03,9339
2206,三陽工業,14,5,9,華南永昌-竹北,2023-07-03,9339
4916,事欣科,15,6,9,華南永昌-竹北,2023-07-03,9339
8046,南電,9,1,8,華南永昌-竹北,2023-07-03,9339
2303,聯電,8,0,8,華南永昌-竹北,2023-07-03,9339
5484,慧友,8,0,8,華南永昌-竹北,2023-07-03,9339
1471,首利,9,1,8,華南永昌-竹北,2023-07-03,9339
2402,毅嘉,12,4,8,華南永昌-竹北,2023-07-03,9339
00929,復華台灣科技優息,1028,1,1027,華南永昌-竹北,2023-07-04,9339
3706,神達,533,5,528,華南永昌-竹北,2023-07-04,9339
3231,緯創,419,130,289,華南永昌-竹北,2023-07-04,9339
00632R,元大台灣50反1,211,0,211,華南永昌-竹北,2023-07-04,9339
3078,僑威,206,17,189,華南永昌-竹北,2023-07-04,9339
3037,欣興,182,0,182,華南永昌-竹北,2023-07-04,9339
2413,環科,189,11,178,華南永昌-竹北,2023-07-04,9339
6188,廣明,296,153,143,華南永昌-竹北,2023-07-04,9339
3046,建��,136,0,136,華南永昌-竹北,2023-07-04,9339
4919,新唐,127,3,124,華南永昌-竹北,2023-07-04,9339
4915,致伸,117,0,117,華南永昌-竹北,2023-07-04,9339
1905,華紙,106,4,102,華南永昌-竹北,2023-07-04,9339
8222,寶一,97,0,97,華南永昌-竹北,2023-07-04,9339
3081,聯亞,103,13,90,華南永昌-竹北,2023-07-04,9339
3006,晶豪科,87,0,87,華南永昌-竹北,2023-07-04,9339
2458,義隆,87,0,87,華南永昌-竹北,2023-07-04,9339
6202,盛群,57,0,57,華南永昌-竹北,2023-07-04,9339
3454,晶睿,60,5,55,華南永昌-竹北,2023-07-04,9339
6166,凌華,53,0,53,華南永昌-竹北,2023-07-04,9339
2489,瑞軒,50,0,50,華南永昌-竹北,2023-07-04,9339
2890,永豐金,50,1,49,華南永昌-竹北,2023-07-04,9339
6461,益得,47,0,47,華南永昌-竹北,2023-07-04,9339
2206,三陽工業,58,12,46,華南永昌-竹北,2023-07-04,9339
2324,仁寶,63,18,45,華南永昌-竹北,2023-07-04,9339
6223,旺矽,51,7,44,華南永昌-竹北,2023-07-04,9339
6441,廣錠,40,0,40,華南永昌-竹北,2023-07-04,9339
6462,神盾,37,0,37,華南永昌-竹北,2023-07-04,9339
6806,森崴能源,41,7,34,華南永昌-竹北,2023-07-04,9339
3481,群創,35,2,33,華南永昌-竹北,2023-07-04,9339
8996,高力,33,2,31,華南永昌-竹北,2023-07-04,9339
2634,漢翔,31,1,30,華南永昌-竹北,2023-07-04,9339
2317,鴻海,29,3,26,華南永昌-竹北,2023-07-04,9339
2603,長榮,50,24,26,華南永昌-竹北,2023-07-04,9339
6271,同欣電,26,0,26,華南永昌-竹北,2023-07-04,9339
00878,國泰永續高股息,42,17,25,華南永昌-竹北,2023-07-04,9339
3035,智原,90,65,25,華南永昌-竹北,2023-07-04,9339
2615,萬海,40,15,25,華南永昌-竹北,2023-07-04,9339
2201,裕隆,35,10,25,華南永昌-竹北,2023-07-04,9339
5426,振發,23,0,23,華南永昌-竹北,2023-07-04,9339
2609,陽明,55,33,22,華南永昌-竹北,2023-07-04,9339
6279,胡連,24,3,21,華南永昌-竹北,2023-07-04,9339
2388,威盛,32,12,20,華南永昌-竹北,2023-07-04,9339
2606,裕民,20,0,20,華南永昌-竹北,2023-07-04,9339
3025,星通,58,38,20,華南永昌-竹北,2023-07-04,9339
6122,擎邦,21,1,20,華南永昌-竹北,2023-07-04,9339
2889,國票金,20,1,19,華南永昌-竹北,2023-07-04,9339
3661,世芯-KY,19,0,19,華南永昌-竹北,2023-07-04,9339
00850,元大臺灣ESG永續,15,1,14,華南永昌-竹北,2023-07-04,9339
6288,聯嘉,23,10,13,華南永昌-竹北,2023-07-04,9339
8478,東哥遊艇,14,1,13,華南永昌-竹北,2023-07-04,9339
2609,陽明,952,361,591,華南永昌-竹北,2023-07-05,9339
3037,欣興,567,0,567,華南永昌-竹北,2023-07-05,9339
3189,景碩,252,1,251,華南永昌-竹北,2023-07-05,9339
6257,矽格,207,0,207,華南永昌-竹北,2023-07-05,9339
2332,友訊,200,5,195,華南永昌-竹北,2023-07-05,9339
3374,精材,164,5,159,華南永昌-竹北,2023-07-05,9339
00637L,元大滬深300正2,125,0,125,華南永昌-竹北,2023-07-05,9339
6188,廣明,115,5,110,華南永昌-竹北,2023-07-05,9339
3035,智原,147,65,82,華南永昌-竹北,2023-07-05,9339
4908,前鼎,80,3,77,華南永昌-竹北,2023-07-05,9339
6509,聚和,75,0,75,華南永昌-竹北,2023-07-05,9339
01009T,王道圓滿R1,65,0,65,華南永昌-竹北,2023-07-05,9339
00715L,期街口布蘭特正2,100,44,56,華南永昌-竹北,2023-07-05,9339
1528,恩德,54,2,52,華南永昌-竹北,2023-07-05,9339
4532,瑞智,41,0,41,華南永昌-竹北,2023-07-05,9339
3231,緯創,188,148,40,華南永昌-竹北,2023-07-05,9339
2399,映泰,40,0,40,華南永昌-竹北,2023-07-05,9339
4127,天良,40,0,40,華南永昌-竹北,2023-07-05,9339
3454,晶睿,45,7,38,華南永昌-竹北,2023-07-05,9339
4503,金雨,39,2,37,華南永昌-竹北,2023-07-05,9339
2241,艾姆勒,33,0,33,華南永昌-竹北,2023-07-05,9339
3564,其陽,35,3,32,華南永昌-竹北,2023-07-05,9339
4919,新唐,34,2,32,華南永昌-竹北,2023-07-05,9339
2610,華航,36,5,31,華南永昌-竹北,2023-07-05,9339
2702,華園,30,0,30,華南永昌-竹北,2023-07-05,9339
00673R,期元大S＆P原油反1,30,0,30,華南永昌-竹北,2023-07-05,9339
6231,系微,29,0,29,華南永昌-竹北,2023-07-05,9339
2351,順德,51,26,25,華南永昌-竹北,2023-07-05,9339
5457,宣德,30,5,25,華南永昌-竹北,2023-07-05,9339
3363,上詮,66,42,24,華南永昌-竹北,2023-07-05,9339
6282,康舒,60,38,22,華南永昌-竹北,2023-07-05,9339
2618,長榮航,124,102,22,華南永昌-竹北,2023-07-05,9339
2317,鴻海,27,5,22,華南永昌-竹北,2023-07-05,9339
2356,英業達,41,19,22,華南永昌-竹北,2023-07-05,9339
3034,聯詠,21,1,20,華南永昌-竹北,2023-07-05,9339
3707,漢磊,20,0,20,華南永昌-竹北,2023-07-05,9339
3081,聯亞,18,0,18,華南永昌-竹北,2023-07-05,9339
00929,復華台灣科技優息,16,0,16,華南永昌-竹北,2023-07-05,9339
00919,群益台灣精選高息,15,0,15,華南永昌-竹北,2023-07-05,9339
2312,金寶,39,24,15,華南永昌-竹北,2023-07-05,9339
2354,鴻準,15,0,15,華南永昌-竹北,2023-07-05,9339
5258,虹堡,15,0,15,華南永昌-竹北,2023-07-05,9339
2883,凱基金,16,1,15,華南永昌-竹北,2023-07-05,9339
0056,元大高股息,50,35,15,華南永昌-竹北,2023-07-05,9339
00888,永豐台灣ESG,13,0,13,華南永昌-竹北,2023-07-05,9339
6461,益得,13,0,13,華南永昌-竹北,2023-07-05,9339
6550,北極星藥業-KY,13,0,13,華南永昌-竹北,2023-07-05,9339
1529,樂事綠能,12,0,12,華南永昌-竹北,2023-07-05,9339
4904,遠傳,13,2,11,華南永昌-竹北,2023-07-05,9339
1802,台玻,11,0,11,華南永昌-竹北,2023-07-05,9339
3037,欣興,580,42,538,華南永昌-竹北,2023-07-06,9339
2382,廣達,342,112,230,華南永昌-竹北,2023-07-06,9339
2609,陽明,209,15,194,華南永昌-竹北,2023-07-06,9339
3231,緯創,165,17,148,華南永昌-竹北,2023-07-06,9339
00673R,期元大S＆P原油反1,210,70,140,華南永昌-竹北,2023-07-06,9339
4746,台耀,128,7,121,華南永昌-竹北,2023-07-06,9339
3706,神達,200,80,120,華南永昌-竹北,2023-07-06,9339
2376,技嘉,147,32,115,華南永昌-竹北,2023-07-06,9339
4919,新唐,97,0,97,華南永昌-竹北,2023-07-06,9339
2601,益航,84,0,84,華南永昌-竹北,2023-07-06,9339
4532,瑞智,69,9,60,華南永昌-竹北,2023-07-06,9339
00878,國泰永續高股息,59,0,59,華南永昌-竹北,2023-07-06,9339
6188,廣明,61,15,46,華南永昌-竹北,2023-07-06,9339
2368,金像電,49,8,41,華南永昌-竹北,2023-07-06,9339
2436,偉詮電,41,1,40,華南永昌-竹北,2023-07-06,9339
6288,聯嘉,40,1,39,華南永昌-竹北,2023-07-06,9339
6770,力積電,40,2,38,華南永昌-竹北,2023-07-06,9339
1734,杏輝,37,1,36,華南永昌-竹北,2023-07-06,9339
6166,凌華,34,0,34,華南永昌-竹北,2023-07-06,9339
3564,其陽,34,1,33,華南永昌-竹北,2023-07-06,9339
8069,元太,34,3,31,華南永昌-竹北,2023-07-06,9339
4114,健喬,32,1,31,華南永昌-竹北,2023-07-06,9339
6257,矽格,68,37,31,華南永昌-竹北,2023-07-06,9339
2880,華南金,31,0,31,華南永昌-竹北,2023-07-06,9339
00679B,元大美債20年,27,0,27,華南永昌-竹北,2023-07-06,9339
4945,陞達科技,27,0,27,華南永昌-竹北,2023-07-06,9339
1609,大亞,32,6,26,華南永昌-竹北,2023-07-06,9339
2882,國泰金,24,0,24,華南永昌-竹北,2023-07-06,9339
2812,台中銀,23,0,23,華南永昌-竹北,2023-07-06,9339
5457,宣德,22,0,22,華南永昌-竹北,2023-07-06,9339
4155,訊映,22,1,21,華南永昌-竹北,2023-07-06,9339
3078,僑威,22,1,21,華南永昌-竹北,2023-07-06,9339
6485,點序,20,0,20,華南永昌-竹北,2023-07-06,9339
3363,上詮,42,22,20,華南永昌-竹北,2023-07-06,9339
3380,明泰,20,0,20,華南永昌-竹北,2023-07-06,9339
1319,東陽,20,1,19,華南永昌-竹北,2023-07-06,9339
3374,精材,19,0,19,華南永昌-竹北,2023-07-06,9339
0056,元大高股息,24,7,17,華南永昌-竹北,2023-07-06,9339
6282,康舒,54,38,16,華南永昌-竹北,2023-07-06,9339
4127,天良,16,0,16,華南永昌-竹北,2023-07-06,9339
6202,盛群,26,10,16,華南永昌-竹北,2023-07-06,9339
00637L,元大滬深300正2,15,0,15,華南永昌-竹北,2023-07-06,9339
2328,廣宇,15,0,15,華南永昌-竹北,2023-07-06,9339
4958,臻鼎-KY,19,4,15,華南永昌-竹北,2023-07-06,9339
2458,義隆,15,0,15,華南永昌-竹北,2023-07-06,9339
00687B,國泰20年美債,13,0,13,華南永昌-竹北,2023-07-06,9339
3596,智易,32,20,12,華南永昌-竹北,2023-07-06,9339
6443,元晶,12,0,12,華南永昌-竹北,2023-07-06,9339
2610,華航,12,1,11,華南永昌-竹北,2023-07-06,9339
3324,雙鴻,26,15,11,華南永昌-竹北,2023-07-06,9339
4532,瑞智,156,32,124,華南永昌-竹北,2023-07-07,9339
00673R,期元大S＆P原油反1,75,0,75,華南永昌-竹北,2023-07-07,9339
4967,十銓,73,0,73,華南永昌-竹北,2023-07-07,9339
3521,鴻翊,66,0,66,華南永昌-竹北,2023-07-07,9339
3454,晶睿,61,0,61,華南永昌-竹北,2023-07-07,9339
00772B,中信高評級公司債,42,1,41,華南永昌-竹北,2023-07-07,9339
00679B,元大美債20年,41,0,41,華南永昌-竹北,2023-07-07,9339
2382,廣達,56,23,33,華南永昌-竹北,2023-07-07,9339
0056,元大高股息,32,2,30,華南永昌-竹北,2023-07-07,9339
00878,國泰永續高股息,27,1,26,華南永昌-竹北,2023-07-07,9339
2485,兆赫,26,0,26,華南永昌-竹北,2023-07-07,9339
00680L,元大美債20正2,26,0,26,華南永昌-竹北,2023-07-07,9339
1604,聲寶,26,0,26,華南永昌-竹北,2023-07-07,9339
6188,廣明,67,41,26,華南永昌-竹北,2023-07-07,9339
3689,湧德,20,0,20,華南永昌-竹北,2023-07-07,9339
00891,中信關鍵半導體,20,0,20,華南永昌-竹北,2023-07-07,9339
2442,新美齊,20,0,20,華南永昌-竹北,2023-07-07,9339
1513,中興電,22,3,19,華南永昌-竹北,2023-07-07,9339
8069,元太,18,0,18,華南永昌-竹北,2023-07-07,9339
2371,大同,23,6,17,華南永昌-竹北,2023-07-07,9339
2344,華邦電,56,39,17,華南永昌-竹北,2023-07-07,9339
00751B,元大AAA至A公司債,16,0,16,華南永昌-竹北,2023-07-07,9339
5243,乙盛-KY,17,1,16,華南永昌-竹北,2023-07-07,9339
6126,信音,16,0,16,華南永昌-竹北,2023-07-07,9339
5706,鳳凰,19,3,16,華南永昌-竹北,2023-07-07,9339
3379,彬台,15,0,15,華南永昌-竹北,2023-07-07,9339
3701,大眾控,23,8,15,華南永昌-竹北,2023-07-07,9339
2489,瑞軒,15,1,14,華南永昌-竹北,2023-07-07,9339
00720B,元大投資級公司債,14,0,14,華南永昌-竹北,2023-07-07,9339
6546,正基,14,0,14,華南永昌-竹北,2023-07-07,9339
2883,凱基金,14,1,13,華南永昌-竹北,2023-07-07,9339
3090,日電貿,13,0,13,華南永昌-竹北,2023-07-07,9339
4945,陞達科技,12,0,12,華南永昌-竹北,2023-07-07,9339
8426,紅木-KY,12,0,12,華南永昌-竹北,2023-07-07,9339
6485,點序,11,0,11,華南永昌-竹北,2023-07-07,9339
00706L,期元大S＆P日圓正2,10,0,10,華南永昌-竹北,2023-07-07,9339
00688L,國泰20年美債正2,10,0,10,華南永昌-竹北,2023-07-07,9339
1307,三芳,10,0,10,華南永昌-竹北,2023-07-07,9339
1785,光洋科,10,0,10,華南永昌-竹北,2023-07-07,9339
6470,宇智,19,9,10,華南永昌-竹北,2023-07-07,9339
2317,鴻海,9,0,9,華南永昌-竹北,2023-07-07,9339
3362,先進光,36,27,9,華南永昌-竹北,2023-07-07,9339
1514,亞力,20,12,8,華南永昌-竹北,2023-07-07,9339
2482,連宇,14,6,8,華南永昌-竹北,2023-07-07,9339
00713,元大台灣高息低波,7,0,7,華南永昌-竹北,2023-07-07,9339
2634,漢翔,7,0,7,華南永昌-竹北,2023-07-07,9339
00687B,國泰20年美債,7,0,7,華南永昌-竹北,2023-07-07,9339
3025,星通,25,18,7,華南永昌-竹北,2023-07-07,9339
8299,群聯,6,0,6,華南永昌-竹北,2023-07-07,9339
00929,復華台灣科技優息,6,0,6,華南永昌-竹北,2023-07-07,9339
3231,緯創,437,47,390,華南永昌-竹北,2023-07-10,9339
2431,聯昌,83,0,83,華南永昌-竹北,2023-07-10,9339
00673R,期元大S＆P原油反1,45,0,45,華南永昌-竹北,2023-07-10,9339
1612,宏泰,50,6,44,華南永昌-竹北,2023-07-10,9339
2317,鴻海,276,234,42,華南永昌-竹北,2023-07-10,9339
3325,旭品,35,5,30,華南永昌-竹北,2023-07-10,9339
00679B,元大美債20年,29,2,27,華南永昌-竹北,2023-07-10,9339
3305,昇貿,33,9,24,華南永昌-竹北,2023-07-10,9339
4967,十銓,20,0,20,華南永昌-竹北,2023-07-10,9339
00725B,國泰投資級公司債,20,0,20,華南永昌-竹北,2023-07-10,9339
00724B,群益投資級金融債,20,0,20,華南永昌-竹北,2023-07-10,9339
2451,創見,20,0,20,華南永昌-竹北,2023-07-10,9339
6462,神盾,20,0,20,華南永昌-竹北,2023-07-10,9339
00751B,元大AAA至A公司債,19,0,19,華南永昌-竹北,2023-07-10,9339
8050,廣積,61,43,18,華南永昌-竹北,2023-07-10,9339
2705,六福,15,0,15,華南永昌-竹北,2023-07-10,9339
2486,一詮,15,1,14,華南永昌-竹北,2023-07-10,9339
3521,鴻翊,14,0,14,華南永昌-竹北,2023-07-10,9339
1626,艾美特-KY,14,2,12,華南永昌-竹北,2023-07-10,9339
2356,英業達,15,3,12,華南永昌-竹北,2023-07-10,9339
6016,康和證,23,11,12,華南永昌-竹北,2023-07-10,9339
8011,台通,12,0,12,華南永昌-竹北,2023-07-10,9339
1604,聲寶,17,6,11,華南永昌-竹北,2023-07-10,9339
2312,金寶,11,0,11,華南永昌-竹北,2023-07-10,9339
3380,明泰,17,6,11,華南永昌-竹北,2023-07-10,9339
6125,廣運,11,0,11,華南永昌-竹北,2023-07-10,9339
6596,寬宏藝術,11,0,11,華南永昌-竹北,2023-07-10,9339
00706L,期元大S＆P日圓正2,10,0,10,華南永昌-竹北,2023-07-10,9339
1528,恩德,15,5,10,華南永昌-竹北,2023-07-10,9339
2301,光寶科,11,1,10,華南永昌-竹北,2023-07-10,9339
2812,台中銀,10,0,10,華南永昌-竹北,2023-07-10,9339
3356,奇偶,11,1,10,華南永昌-竹北,2023-07-10,9339
3564,其陽,10,0,10,華南永昌-竹北,2023-07-10,9339
1402,遠東新,9,0,9,華南永昌-竹北,2023-07-10,9339
1471,首利,9,0,9,華南永昌-竹北,2023-07-10,9339
2888,新光金,9,0,9,華南永昌-竹北,2023-07-10,9339
3027,盛達,10,1,9,華南永昌-竹北,2023-07-10,9339
3078,僑威,49,40,9,華南永昌-竹北,2023-07-10,9339
1432,大魯閣,10,1,9,華南永昌-竹北,2023-07-10,9339
00929,復華台灣科技優息,8,0,8,華南永昌-竹北,2023-07-10,9339
3047,訊舟,8,0,8,華南永昌-竹北,2023-07-10,9339
1795,美時,25,18,7,華南永昌-竹北,2023-07-10,9339
2603,長榮,9,2,7,華南永昌-竹北,2023-07-10,9339
1529,樂事綠能,7,0,7,華南永昌-竹北,2023-07-10,9339
4128,中天,7,0,7,華南永昌-竹北,2023-07-10,9339
4157,太景*-KY,7,0,7,華南永昌-竹北,2023-07-10,9339
4543,萬在,7,0,7,華南永昌-竹北,2023-07-10,9339
6285,啟��,15,8,7,華南永昌-竹北,2023-07-10,9339
6488,環球晶,7,0,7,華南永昌-竹北,2023-07-10,9339
2454,聯發科,8,2,6,華南永昌-竹北,2023-07-10,9339
6182,合晶,222,5,217,華南永昌-竹北,2023-07-11,9339
00885,富邦越南,213,0,213,華南永昌-竹北,2023-07-11,9339
00632R,元大台灣50反1,207,0,207,華南永昌-竹北,2023-07-11,9339
3035,智原,213,86,127,華南永昌-竹北,2023-07-11,9339
2481,強茂,137,34,103,華南永昌-竹北,2023-07-11,9339
2834,臺企銀,100,0,100,華南永昌-竹北,2023-07-11,9339
1722,台肥,100,0,100,華南永昌-竹北,2023-07-11,9339
3374,精材,98,3,95,華南永昌-竹北,2023-07-11,9339
1447,力鵬,100,6,94,華南永昌-竹北,2023-07-11,9339
3362,先進光,77,16,61,華南永昌-竹北,2023-07-11,9339
6125,廣運,54,0,54,華南永昌-竹北,2023-07-11,9339
2486,一詮,62,18,44,華南永昌-竹北,2023-07-11,9339
1528,恩德,43,0,43,華南永昌-竹北,2023-07-11,9339
6462,神盾,39,0,39,華南永昌-竹北,2023-07-11,9339
2852,第一保,35,0,35,華南永昌-竹北,2023-07-11,9339
1785,光洋科,34,1,33,華南永昌-竹北,2023-07-11,9339
4114,健喬,34,1,33,華南永昌-竹北,2023-07-11,9339
3078,僑威,32,0,32,華南永昌-竹北,2023-07-11,9339
1615,大山,31,0,31,華南永昌-竹北,2023-07-11,9339
5301,寶得利,27,0,27,華南永昌-竹北,2023-07-11,9339
1618,合機,27,0,27,華南永昌-竹北,2023-07-11,9339
3058,立德,22,0,22,華南永昌-竹北,2023-07-11,9339
1514,亞力,38,18,20,華南永昌-竹北,2023-07-11,9339
6266,泰詠,46,26,20,華南永昌-竹北,2023-07-11,9339
3025,星通,48,29,19,華南永昌-竹北,2023-07-11,9339
8383,千附,17,0,17,華南永昌-竹北,2023-07-11,9339
8111,立��,16,0,16,華南永昌-竹北,2023-07-11,9339
1504,東元,26,11,15,華南永昌-竹北,2023-07-11,9339
4934,太極,16,1,15,華南永昌-竹北,2023-07-11,9339
4746,台耀,23,9,14,華南永昌-竹北,2023-07-11,9339
6596,寬宏藝術,14,0,14,華南永昌-竹北,2023-07-11,9339
00679B,元大美債20年,13,0,13,華南永昌-竹北,2023-07-11,9339
2340,台亞,15,4,11,華南永昌-竹北,2023-07-11,9339
3027,盛達,11,0,11,華南永昌-竹北,2023-07-11,9339
3141,晶宏,15,4,11,華南永昌-竹北,2023-07-11,9339
3305,昇貿,11,0,11,華南永昌-竹北,2023-07-11,9339
6120,達運,17,6,11,華南永昌-竹北,2023-07-11,9339
2349,錸德,11,0,11,華南永昌-竹北,2023-07-11,9339
00673R,期元大S＆P原油反1,10,0,10,華南永昌-竹北,2023-07-11,9339
1319,東陽,30,20,10,華南永昌-竹北,2023-07-11,9339
3701,大眾控,10,0,10,華南永昌-竹北,2023-07-11,9339
5011,久陽,10,0,10,華南永昌-竹北,2023-07-11,9339
2421,建準,14,4,10,華南永昌-竹北,2023-07-11,9339
9929,秋雨,11,2,9,華南永昌-竹北,2023-07-11,9339
8426,紅木-KY,8,0,8,華南永昌-竹北,2023-07-11,9339
4157,太景*-KY,8,0,8,華南永昌-竹北,2023-07-11,9339
6231,系微,8,0,8,華南永昌-竹北,2023-07-11,9339
2731,雄獅,7,0,7,華南永昌-竹北,2023-07-11,9339
1301,台塑,7,0,7,華南永昌-竹北,2023-07-11,9339
1515,力山,11,4,7,華南永昌-竹北,2023-07-11,9339
2609,陽明,305,50,255,華南永昌-竹北,2023-07-12,9339
5465,富驊,218,0,218,華南永昌-竹北,2023-07-12,9339
00632R,元大台灣50反1,193,0,193,華南永昌-竹北,2023-07-12,9339
3035,智原,237,47,190,華南永昌-竹北,2023-07-12,9339
2323,中環,164,10,154,華南永昌-竹北,2023-07-12,9339
00673R,期元大S＆P原油反1,121,0,121,華南永昌-竹北,2023-07-12,9339
8222,寶一,113,2,111,華南永昌-竹北,2023-07-12,9339
2331,精英,52,0,52,華南永昌-竹北,2023-07-12,9339
2495,普安,50,0,50,華南永昌-竹北,2023-07-12,9339
1108,幸福,43,0,43,華南永昌-竹北,2023-07-12,9339
00679B,元大美債20年,42,1,41,華南永昌-竹北,2023-07-12,9339
4114,健喬,39,1,38,華南永昌-竹北,2023-07-12,9339
1612,宏泰,36,0,36,華南永昌-竹北,2023-07-12,9339
2356,英業達,53,18,35,華南永昌-竹北,2023-07-12,9339
8092,建暐,30,1,29,華南永昌-竹北,2023-07-12,9339
1905,華紙,28,0,28,華南永昌-竹北,2023-07-12,9339
2481,強茂,55,28,27,華南永昌-竹北,2023-07-12,9339
4121,優盛,25,0,25,華南永昌-竹北,2023-07-12,9339
6485,點序,22,0,22,華南永昌-竹北,2023-07-12,9339
2852,第一保,21,0,21,華南永昌-竹北,2023-07-12,9339
00680L,元大美債20正2,20,0,20,華南永昌-竹北,2023-07-12,9339
4439,冠星-KY,25,5,20,華南永昌-竹北,2023-07-12,9339
2301,光寶科,97,77,20,華南永昌-竹北,2023-07-12,9339
2107,厚生,20,1,19,華南永昌-竹北,2023-07-12,9339
8426,紅木-KY,18,0,18,華南永昌-竹北,2023-07-12,9339
2371,大同,20,5,15,華南永昌-竹北,2023-07-12,9339
3016,嘉晶,15,0,15,華南永昌-竹北,2023-07-12,9339
5425,台半,23,8,15,華南永昌-竹北,2023-07-12,9339
8358,金居,21,7,14,華南永昌-竹北,2023-07-12,9339
6218,豪勉,15,2,13,華南永昌-竹北,2023-07-12,9339
2317,鴻海,163,151,12,華南永昌-竹北,2023-07-12,9339
00772B,中信高評級公司債,11,0,11,華南永昌-竹北,2023-07-12,9339
1513,中興電,17,6,11,華南永昌-竹北,2023-07-12,9339
2883,凱基金,11,0,11,華南永昌-竹北,2023-07-12,9339
3006,晶豪科,11,0,11,華南永昌-竹北,2023-07-12,9339
6443,元晶,11,0,11,華南永昌-竹北,2023-07-12,9339
2880,華南金,10,0,10,華南永昌-竹北,2023-07-12,9339
00929,復華台灣科技優息,10,0,10,華南永昌-竹北,2023-07-12,9339
00888,永豐台灣ESG,10,0,10,華南永昌-竹北,2023-07-12,9339
2303,聯電,21,11,10,華南永昌-竹北,2023-07-12,9339
2436,偉詮電,11,1,10,華南永昌-竹北,2023-07-12,9339
2812,台中銀,10,0,10,華南永昌-竹北,2023-07-12,9339
3027,盛達,10,0,10,華南永昌-竹北,2023-07-12,9339
5410,國眾,10,0,10,華南永昌-竹北,2023-07-12,9339
8111,立��,10,0,10,華南永昌-竹北,2023-07-12,9339
4967,十銓,13,3,10,華南永昌-竹北,2023-07-12,9339
3322,建舜電,10,1,9,華南永昌-竹北,2023-07-12,9339
2399,映泰,15,6,9,華南永昌-竹北,2023-07-12,9339
3362,先進光,14,5,9,華南永昌-竹北,2023-07-12,9339
3481,群創,20,11,9,華南永昌-竹北,2023-07-12,9339
2458,義隆,260,1,259,華南永昌-竹北,2023-07-13,9339
2609,陽明,247,44,203,華南永昌-竹北,2023-07-13,9339
00679B,元大美債20年,207,7,200,華南永昌-竹北,2023-07-13,9339
6188,廣明,412,222,190,華南永昌-竹北,2023-07-13,9339
2371,大同,214,30,184,華南永昌-竹北,2023-07-13,9339
4915,致伸,145,1,144,華南永昌-竹北,2023-07-13,9339
6120,達運,282,138,144,華南永昌-竹北,2023-07-13,9339
1504,東元,126,1,125,華南永昌-竹北,2023-07-13,9339
2413,環科,114,0,114,華南永昌-竹北,2023-07-13,9339
00673R,期元大S＆P原油反1,110,0,110,華南永昌-竹北,2023-07-13,9339
3041,揚智,101,0,101,華南永昌-竹北,2023-07-13,9339
8111,立��,100,0,100,華南永昌-竹北,2023-07-13,9339
2329,華泰,208,114,94,華南永昌-竹北,2023-07-13,9339
3131,弘塑,83,0,83,華南永昌-竹北,2023-07-13,9339
6202,盛群,73,0,73,華南永昌-竹北,2023-07-13,9339
2610,華航,96,25,71,華南永昌-竹北,2023-07-13,9339
6257,矽格,72,1,71,華南永昌-竹北,2023-07-13,9339
3454,晶睿,70,0,70,華南永昌-竹北,2023-07-13,9339
2461,光群雷,70,1,69,華南永昌-竹北,2023-07-13,9339
3035,智原,218,154,64,華南永昌-竹北,2023-07-13,9339
0056,元大高股息,100,40,60,華南永昌-竹北,2023-07-13,9339
00671R,富邦NASDAQ反1,55,0,55,華南永昌-竹北,2023-07-13,9339
6213,聯茂,54,0,54,華南永昌-竹北,2023-07-13,9339
2324,仁寶,55,6,49,華南永昌-竹北,2023-07-13,9339
2356,英業達,103,55,48,華南永昌-竹北,2023-07-13,9339
8069,元太,52,4,48,華南永昌-竹北,2023-07-13,9339
2481,強茂,57,13,44,華南永昌-竹北,2023-07-13,9339
8936,國統,46,3,43,華南永昌-竹北,2023-07-13,9339
6806,森崴能源,42,4,38,華南永昌-竹北,2023-07-13,9339
5471,松翰,37,0,37,華南永昌-竹北,2023-07-13,9339
1612,宏泰,34,0,34,華南永昌-竹北,2023-07-13,9339
2359,所羅門,42,9,33,華南永昌-竹北,2023-07-13,9339
5243,乙盛-KY,32,0,32,華南永昌-竹北,2023-07-13,9339
3481,群創,28,1,27,華南永昌-竹北,2023-07-13,9339
4971,IET-KY,25,0,25,華南永昌-竹北,2023-07-13,9339
1301,台塑,23,0,23,華南永昌-竹北,2023-07-13,9339
2380,虹光,20,0,20,華南永昌-竹北,2023-07-13,9339
6190,萬泰科,20,0,20,華南永昌-竹北,2023-07-13,9339
5474,聰泰,20,0,20,華南永昌-竹北,2023-07-13,9339
00929,復華台灣科技優息,19,0,19,華南永昌-竹北,2023-07-13,9339
2534,宏盛,21,2,19,華南永昌-竹北,2023-07-13,9339
4906,正文,20,2,18,華南永昌-竹北,2023-07-13,9339
3257,虹冠電,16,0,16,華南永昌-竹北,2023-07-13,9339
2482,連宇,15,0,15,華南永昌-竹北,2023-07-13,9339
2881,富邦金,14,0,14,華南永昌-竹北,2023-07-13,9339
3701,大眾控,15,1,14,華南永昌-竹北,2023-07-13,9339
00751B,元大AAA至A公司債,14,0,14,華南永昌-竹北,2023-07-13,9339
1609,大亞,34,21,13,華南永昌-竹北,2023-07-13,9339
2603,長榮,27,14,13,華南永昌-竹北,2023-07-13,9339
3707,漢磊,12,0,12,華南永昌-竹北,2023-07-13,9339
3189,景碩,298,21,277,華南永昌-竹北,2023-07-14,9339
2458,義隆,213,0,213,華南永昌-竹北,2023-07-14,9339
2301,光寶科,352,146,206,華南永昌-竹北,2023-07-14,9339
3374,精材,169,2,167,華南永昌-竹北,2023-07-14,9339
2609,陽明,131,3,128,華南永昌-竹北,2023-07-14,9339
2382,廣達,154,52,102,華南永昌-竹北,2023-07-14,9339
6213,聯茂,99,0,99,華南永昌-竹北,2023-07-14,9339
3454,晶睿,86,0,86,華南永昌-竹北,2023-07-14,9339
2376,技嘉,206,149,57,華南永昌-竹北,2023-07-14,9339
3231,緯創,92,36,56,華南永昌-竹北,2023-07-14,9339
3052,夆典,53,0,53,華南永昌-竹北,2023-07-14,9339
00632R,元大台灣50反1,52,0,52,華南永昌-竹北,2023-07-14,9339
1722,台肥,52,0,52,華南永昌-竹北,2023-07-14,9339
8111,立��,49,0,49,華南永昌-竹北,2023-07-14,9339
6596,寬宏藝術,60,12,48,華南永昌-竹北,2023-07-14,9339
2436,偉詮電,60,16,44,華南永昌-竹北,2023-07-14,9339
6202,盛群,44,0,44,華南永昌-竹北,2023-07-14,9339
4919,新唐,41,1,40,華南永昌-竹北,2023-07-14,9339
8093,保銳,40,2,38,華南永昌-竹北,2023-07-14,9339
00679B,元大美債20年,37,2,35,華南永昌-竹北,2023-07-14,9339
1560,中砂,38,3,35,華南永昌-竹北,2023-07-14,9339
00673R,期元大S＆P原油反1,30,0,30,華南永昌-竹北,2023-07-14,9339
6182,合晶,31,1,30,華南永昌-竹北,2023-07-14,9339
5607,遠雄港,28,0,28,華南永昌-竹北,2023-07-14,9339
4533,協易機,29,2,27,華南永昌-竹北,2023-07-14,9339
00671R,富邦NASDAQ反1,26,0,26,華南永昌-竹北,2023-07-14,9339
2328,廣宇,33,9,24,華南永昌-竹北,2023-07-14,9339
5426,振發,33,9,24,華南永昌-竹北,2023-07-14,9339
2312,金寶,53,30,23,華南永昌-竹北,2023-07-14,9339
5471,松翰,22,0,22,華南永昌-竹北,2023-07-14,9339
6593,台灣銘板,22,1,21,華南永昌-竹北,2023-07-14,9339
2454,聯發科,72,53,19,華南永昌-竹北,2023-07-14,9339
3576,聯合再生,17,0,17,華南永昌-竹北,2023-07-14,9339
6527,明達醫,17,1,16,華南永昌-竹北,2023-07-14,9339
2455,全新,18,2,16,華南永昌-竹北,2023-07-14,9339
4967,十銓,15,0,15,華南永昌-竹北,2023-07-14,9339
6180,橘子,15,0,15,華南永昌-竹北,2023-07-14,9339
3710,連展投控,13,0,13,華南永昌-竹北,2023-07-14,9339
4743,合一,13,1,12,華南永昌-竹北,2023-07-14,9339
1402,遠東新,12,0,12,華南永昌-竹北,2023-07-14,9339
4951,精拓科,12,0,12,華南永昌-竹北,2023-07-14,9339
8069,元太,13,2,11,華南永昌-竹北,2023-07-14,9339
2356,英業達,58,47,11,華南永昌-竹北,2023-07-14,9339
3057,喬鼎,10,0,10,華南永昌-竹北,2023-07-14,9339
00882,中信中國高股息,10,0,10,華南永昌-竹北,2023-07-14,9339
00772B,中信高評級公司債,10,0,10,華南永昌-竹北,2023-07-14,9339
00902,中信電池及儲能,10,0,10,華南永昌-竹北,2023-07-14,9339
00680L,元大美債20正2,10,0,10,華南永昌-竹北,2023-07-14,9339
8131,福懋科,10,0,10,華南永昌-竹北,2023-07-14,9339
2421,建準,65,56,9,華南永昌-竹北,2023-07-14,9339
2888,新光金,269,3,266,華南永昌-竹北,2023-07-17,9339
3037,欣興,316,52,264,華南永昌-竹北,2023-07-17,9339
2301,光寶科,431,216,215,華南永昌-竹北,2023-07-17,9339
00637L,元大滬深300正2,173,23,150,華南永昌-竹北,2023-07-17,9339
6451,訊芯-KY,118,0,118,華南永昌-竹北,2023-07-17,9339
00679B,元大美債20年,102,0,102,華南永昌-竹北,2023-07-17,9339
2399,映泰,101,0,101,華南永昌-竹北,2023-07-17,9339
00929,復華台灣科技優息,100,0,100,華南永昌-竹北,2023-07-17,9339
4532,瑞智,101,3,98,華南永昌-竹北,2023-07-17,9339
3362,先進光,96,9,87,華南永昌-竹北,2023-07-17,9339
1714,和桐,79,0,79,華南永昌-竹北,2023-07-17,9339
2495,普安,71,0,71,華南永昌-竹北,2023-07-17,9339
3346,麗清,70,2,68,華南永昌-竹北,2023-07-17,9339
5258,虹堡,74,8,66,華南永昌-竹北,2023-07-17,9339
8936,國統,65,3,62,華南永昌-竹北,2023-07-17,9339
00923,群益台ESG低碳50,55,0,55,華南永昌-竹北,2023-07-17,9339
3231,緯創,72,17,55,華南永昌-竹北,2023-07-17,9339
2329,華泰,147,96,51,華南永昌-竹北,2023-07-17,9339
5243,乙盛-KY,63,19,44,華南永昌-竹北,2023-07-17,9339
6202,盛群,51,14,37,華南永昌-竹北,2023-07-17,9339
2313,華通,38,3,35,華南永昌-竹北,2023-07-17,9339
6220,岳豐,34,0,34,華南永昌-竹北,2023-07-17,9339
2371,大同,78,46,32,華南永昌-竹北,2023-07-17,9339
00858,永豐美國500大,30,0,30,華南永昌-竹北,2023-07-17,9339
2201,裕隆,40,12,28,華南永昌-竹北,2023-07-17,9339
6282,康舒,45,17,28,華南永昌-竹北,2023-07-17,9339
5607,遠雄港,30,3,27,華南永昌-竹北,2023-07-17,9339
4746,台耀,29,4,25,華南永昌-竹北,2023-07-17,9339
00680L,元大美債20正2,25,0,25,華南永昌-竹北,2023-07-17,9339
2312,金寶,34,9,25,華南永昌-竹北,2023-07-17,9339
5465,富驊,30,5,25,華南永昌-竹北,2023-07-17,9339
1210,大成,25,1,24,華南永昌-竹北,2023-07-17,9339
1528,恩德,23,1,22,華南永昌-竹北,2023-07-17,9339
6596,寬宏藝術,21,1,20,華南永昌-竹北,2023-07-17,9339
6753,龍德造船,20,0,20,華南永昌-竹北,2023-07-17,9339
4768,晶呈科技,19,0,19,華南永昌-竹北,2023-07-17,9339
5471,松翰,19,0,19,華南永昌-竹北,2023-07-17,9339
2317,鴻海,27,9,18,華南永昌-竹北,2023-07-17,9339
00673R,期元大S＆P原油反1,15,0,15,華南永昌-竹北,2023-07-17,9339
2324,仁寶,21,6,15,華南永昌-竹北,2023-07-17,9339
2485,兆赫,15,1,14,華南永昌-竹北,2023-07-17,9339
3046,建��,18,4,14,華南永昌-竹北,2023-07-17,9339
3293,鈊象,17,5,12,華南永昌-竹北,2023-07-17,9339
00882,中信中國高股息,12,0,12,華南永昌-竹北,2023-07-17,9339
4919,新唐,30,18,12,華南永昌-竹北,2023-07-17,9339
8926,台汽電,12,0,12,華南永昌-竹北,2023-07-17,9339
1513,中興電,15,4,11,華南永昌-竹北,2023-07-17,9339
3701,大眾控,11,0,11,華南永昌-竹北,2023-07-17,9339
6218,豪勉,11,0,11,華南永昌-竹北,2023-07-17,9339
3206,志豐,10,0,10,華南永昌-竹北,2023-07-17,9339
2609,陽明,393,26,367,華南永昌-竹北,2023-07-18,9339
2312,金寶,217,54,163,華南永昌-竹北,2023-07-18,9339
2301,光寶科,339,183,156,華南永昌-竹北,2023-07-18,9339
8046,南電,191,37,154,華南永昌-竹北,2023-07-18,9339
4919,新唐,253,121,132,華南永昌-竹北,2023-07-18,9339
2201,裕隆,128,2,126,華南永昌-竹北,2023-07-18,9339
3033,威健,103,0,103,華南永昌-竹北,2023-07-18,9339
00764B,群益25年美債,100,0,100,華南永昌-竹北,2023-07-18,9339
00632R,元大台灣50反1,80,0,80,華南永昌-竹北,2023-07-18,9339
8050,廣積,90,11,79,華南永昌-竹北,2023-07-18,9339
3454,晶睿,65,0,65,華南永昌-竹北,2023-07-18,9339
1504,東元,84,20,64,華南永昌-竹北,2023-07-18,9339
2458,義隆,60,0,60,華南永昌-竹北,2023-07-18,9339
3231,緯創,67,7,60,華南永昌-竹北,2023-07-18,9339
2371,大同,73,14,59,華南永昌-竹北,2023-07-18,9339
3189,景碩,431,379,52,華南永昌-竹北,2023-07-18,9339
3035,智原,465,416,49,華南永昌-竹北,2023-07-18,9339
00929,復華台灣科技優息,50,3,47,華南永昌-竹北,2023-07-18,9339
2431,聯昌,46,0,46,華南永昌-竹北,2023-07-18,9339
3338,泰碩,72,26,46,華南永昌-竹北,2023-07-18,9339
8255,朋程,46,0,46,華南永昌-竹北,2023-07-18,9339
6190,萬泰科,40,0,40,華南永昌-竹北,2023-07-18,9339
8201,無敵,53,14,39,華南永昌-竹北,2023-07-18,9339
5465,富驊,38,2,36,華南永昌-竹北,2023-07-18,9339
6191,精成科,42,7,35,華南永昌-竹北,2023-07-18,9339
2356,英業達,173,142,31,華南永昌-竹北,2023-07-18,9339
00882,中信中國高股息,29,0,29,華南永昌-竹北,2023-07-18,9339
3356,奇偶,41,12,29,華南永昌-竹北,2023-07-18,9339
6462,神盾,25,0,25,華南永昌-竹北,2023-07-18,9339
2425,承啟,25,1,24,華南永昌-竹北,2023-07-18,9339
6443,元晶,23,0,23,華南永昌-竹北,2023-07-18,9339
2465,麗臺,22,0,22,華南永昌-竹北,2023-07-18,9339
2399,映泰,111,91,20,華南永昌-竹北,2023-07-18,9339
1313,聯成,20,0,20,華南永昌-竹北,2023-07-18,9339
2106,建大,20,0,20,華南永昌-竹北,2023-07-18,9339
3701,大眾控,21,1,20,華南永昌-竹北,2023-07-18,9339
6161,捷波,20,0,20,華南永昌-竹北,2023-07-18,9339
5607,遠雄港,19,0,19,華南永昌-竹北,2023-07-18,9339
2534,宏盛,19,0,19,華南永昌-竹北,2023-07-18,9339
3443,創意,21,4,17,華南永昌-竹北,2023-07-18,9339
2618,長榮航,37,21,16,華南永昌-竹北,2023-07-18,9339
1528,恩德,17,1,16,華南永昌-竹北,2023-07-18,9339
3027,盛達,18,2,16,華南永昌-竹北,2023-07-18,9339
6282,康舒,29,14,15,華南永昌-竹北,2023-07-18,9339
6104,創惟,16,1,15,華南永昌-竹北,2023-07-18,9339
6203,海韻電,14,1,13,華南永昌-竹北,2023-07-18,9339
3078,僑威,37,24,13,華南永昌-竹北,2023-07-18,9339
1513,中興電,19,7,12,華南永昌-竹北,2023-07-18,9339
2454,聯發科,17,5,12,華南永昌-竹北,2023-07-18,9339
3483,力致,64,52,12,華南永昌-竹北,2023-07-18,9339
6188,廣明,503,14,489,華南永昌-竹北,2023-07-19,9339
3189,景碩,351,25,326,華南永昌-竹北,2023-07-19,9339
2301,光寶科,271,39,232,華南永昌-竹北,2023-07-19,9339
3374,精材,218,6,212,華南永昌-竹北,2023-07-19,9339
4919,新唐,162,6,156,華南永昌-竹北,2023-07-19,9339
6235,華孚,253,100,153,華南永昌-竹北,2023-07-19,9339
3055,蔚華科,170,30,140,華南永昌-竹北,2023-07-19,9339
2431,聯昌,110,0,110,華南永昌-竹北,2023-07-19,9339
1709,和益,100,0,100,華南永昌-竹北,2023-07-19,9339
2601,益航,83,1,82,華南永昌-竹北,2023-07-19,9339
4123,晟德,93,10,83,華南永昌-竹北,2023-07-19,9339
6271,同欣電,75,0,75,華南永昌-竹北,2023-07-19,9339
1504,東元,76,12,64,華南永昌-竹北,2023-07-19,9339
3131,弘塑,63,1,62,華南永昌-竹北,2023-07-19,9339
00637L,元大滬深300正2,75,20,55,華南永昌-竹北,2023-07-19,9339
2883,凱基金,51,0,51,華南永昌-竹北,2023-07-19,9339
3052,夆典,50,0,50,華南永昌-竹北,2023-07-19,9339
8936,國統,50,0,50,華南永昌-竹北,2023-07-19,9339
3454,晶睿,45,1,44,華南永昌-竹北,2023-07-19,9339
2436,偉詮電,44,1,43,華南永昌-竹北,2023-07-19,9339
2324,仁寶,68,27,41,華南永昌-竹北,2023-07-19,9339
3231,緯創,46,11,35,華南永昌-竹北,2023-07-19,9339
1560,中砂,43,11,32,華南永昌-竹北,2023-07-19,9339
00751B,元大AAA至A公司債,32,0,32,華南永昌-竹北,2023-07-19,9339
6288,聯嘉,31,0,31,華南永昌-竹北,2023-07-19,9339
6158,禾昌,30,0,30,華南永昌-竹北,2023-07-19,9339
2891,中信金,34,4,30,華南永昌-竹北,2023-07-19,9339
2881,富邦金,27,0,27,華南永昌-竹北,2023-07-19,9339
3037,欣興,210,184,26,華南永昌-竹北,2023-07-19,9339
00673R,期元大S＆P原油反1,25,0,25,華南永昌-竹北,2023-07-19,9339
2312,金寶,74,51,23,華南永昌-竹北,2023-07-19,9339
00900,富邦特選高股息30,22,0,22,華南永昌-竹北,2023-07-19,9339
2354,鴻準,23,2,21,華南永昌-竹北,2023-07-19,9339
00671R,富邦NASDAQ反1,20,0,20,華南永昌-竹北,2023-07-19,9339
6470,宇智,20,0,20,華南永昌-竹北,2023-07-19,9339
2454,聯發科,19,0,19,華南永昌-竹北,2023-07-19,9339
4566,時碩工業,74,56,18,華南永昌-竹北,2023-07-19,9339
2349,錸德,20,3,17,華南永昌-竹北,2023-07-19,9339
6202,盛群,17,0,17,華南永昌-竹北,2023-07-19,9339
2382,廣達,133,116,17,華南永昌-竹北,2023-07-19,9339
3338,泰碩,22,6,16,華南永昌-竹北,2023-07-19,9339
8201,無敵,16,1,15,華南永昌-竹北,2023-07-19,9339
2328,廣宇,15,0,15,華南永昌-竹北,2023-07-19,9339
3583,辛耘,14,1,13,華南永昌-竹北,2023-07-19,9339
4533,協易機,12,0,12,華南永昌-竹北,2023-07-19,9339
1514,亞力,16,6,10,華南永昌-竹北,2023-07-19,9339
00882,中信中國高股息,10,0,10,華南永昌-竹北,2023-07-19,9339
1522,堤維西,10,0,10,華南永昌-竹北,2023-07-19,9339
4551,智伸科,10,0,10,華南永昌-竹北,2023-07-19,9339
5243,乙盛-KY,10,0,10,華南永昌-竹北,2023-07-19,9339
3037,欣興,333,90,243,華南永昌-竹北,2023-07-20,9339
00900,富邦特選高股息30,100,0,100,華南永昌-竹北,2023-07-20,9339
5706,鳳凰,94,3,91,華南永昌-竹北,2023-07-20,9339
2458,義隆,201,117,84,華南永昌-竹北,2023-07-20,9339
1714,和桐,83,0,83,華南永昌-竹北,2023-07-20,9339
3024,憶聲,81,0,81,華南永昌-竹北,2023-07-20,9339
00878,國泰永續高股息,98,17,81,華南永昌-竹北,2023-07-20,9339
00725B,國泰投資級公司債,79,0,79,華南永昌-竹北,2023-07-20,9339
00888,永豐台灣ESG,69,0,69,華南永昌-竹北,2023-07-20,9339
2316,楠梓電,205,150,55,華南永昌-竹北,2023-07-20,9339
3032,偉訓,65,12,53,華南永昌-竹北,2023-07-20,9339
2324,仁寶,61,11,50,華南永昌-竹北,2023-07-20,9339
2201,裕隆,54,6,48,華南永昌-竹北,2023-07-20,9339
6166,凌華,47,0,47,華南永昌-竹北,2023-07-20,9339
3706,神達,131,85,46,華南永昌-竹北,2023-07-20,9339
2425,承啟,40,0,40,華南永昌-竹北,2023-07-20,9339
2436,偉詮電,86,50,36,華南永昌-竹北,2023-07-20,9339
1529,樂事綠能,32,2,30,華南永昌-竹北,2023-07-20,9339
5471,松翰,30,0,30,華南永昌-竹北,2023-07-20,9339
2303,聯電,29,1,28,華南永昌-竹北,2023-07-20,9339
00713,元大台灣高息低波,30,5,25,華南永昌-竹北,2023-07-20,9339
3071,協禧,31,6,25,華南永昌-竹北,2023-07-20,9339
6548,長科*,20,0,20,華南永昌-竹北,2023-07-20,9339
2915,潤泰全,20,0,20,華南永昌-竹北,2023-07-20,9339
1560,中砂,28,9,19,華南永昌-竹北,2023-07-20,9339
6120,達運,18,0,18,華南永昌-竹北,2023-07-20,9339
2356,英業達,16,1,15,華南永昌-竹北,2023-07-20,9339
00929,復華台灣科技優息,13,0,13,華南永昌-竹北,2023-07-20,9339
2354,鴻準,17,4,13,華南永昌-竹北,2023-07-20,9339
8996,高力,33,20,13,華南永昌-竹北,2023-07-20,9339
3308,聯德,12,0,12,華南永昌-竹北,2023-07-20,9339
8201,無敵,12,0,12,華南永昌-竹北,2023-07-20,9339
00882,中信中國高股息,11,0,11,華南永昌-竹北,2023-07-20,9339
3701,大眾控,12,1,11,華南永昌-竹北,2023-07-20,9339
6104,創惟,30,19,11,華南永昌-竹北,2023-07-20,9339
3234,光環,11,0,11,華南永昌-竹北,2023-07-20,9339
2352,佳世達,35,25,10,華南永昌-竹北,2023-07-20,9339
2867,三商壽,10,0,10,華南永昌-竹北,2023-07-20,9339
00671R,富邦NASDAQ反1,10,0,10,華南永昌-竹北,2023-07-20,9339
3025,星通,10,0,10,華南永昌-竹北,2023-07-20,9339
2454,聯發科,23,14,9,華南永昌-竹北,2023-07-20,9339
2305,全友,11,2,9,華南永昌-竹北,2023-07-20,9339
8936,國統,14,5,9,華南永昌-竹北,2023-07-20,9339
6841,長佳智能,11,3,8,華南永昌-竹北,2023-07-20,9339
2038,海光,8,0,8,華南永昌-竹北,2023-07-20,9339
6446,藥華藥,15,7,8,華南永昌-竹北,2023-07-20,9339
6470,宇智,8,0,8,華南永昌-竹北,2023-07-20,9339
3607,谷崧,8,0,8,華南永昌-竹北,2023-07-20,9339
6753,龍德造船,7,0,7,華南永昌-竹北,2023-07-20,9339
1789,神隆,9,2,7,華南永昌-竹北,2023-07-20,9339
4919,新唐,530,205,325,華南永昌-竹北,2023-07-21,9339
4968,立積,228,0,228,華南永昌-竹北,2023-07-21,9339
3706,神達,223,1,222,華南永昌-竹北,2023-07-21,9339
1905,華紙,147,17,130,華南永昌-竹北,2023-07-21,9339
00764B,群益25年美債,100,0,100,華南永昌-竹北,2023-07-21,9339
2431,聯昌,96,3,93,華南永昌-竹北,2023-07-21,9339
6770,力積電,95,30,65,華南永昌-竹北,2023-07-21,9339
3682,亞太電,60,0,60,華南永昌-竹北,2023-07-21,9339
6214,精誠,52,0,52,華南永昌-竹北,2023-07-21,9339
6282,康舒,53,5,48,華南永昌-竹北,2023-07-21,9339
3231,緯創,82,40,42,華南永昌-竹北,2023-07-21,9339
4915,致伸,155,114,41,華南永昌-竹北,2023-07-21,9339
3035,智原,402,363,39,華南永昌-竹北,2023-07-21,9339
00725B,國泰投資級公司債,35,0,35,華南永昌-竹北,2023-07-21,9339
00673R,期元大S＆P原油反1,30,0,30,華南永昌-竹北,2023-07-21,9339
2330,台積電,29,0,29,華南永昌-竹北,2023-07-21,9339
2201,裕隆,54,28,26,華南永昌-竹北,2023-07-21,9339
2303,聯電,26,1,25,華南永昌-竹北,2023-07-21,9339
4953,緯軟,22,0,22,華南永昌-竹北,2023-07-21,9339
1102,亞泥,21,0,21,華南永昌-竹北,2023-07-21,9339
1101,台泥,21,0,21,華南永昌-竹北,2023-07-21,9339
00929,復華台灣科技優息,21,0,21,華南永昌-竹北,2023-07-21,9339
4768,晶呈科技,28,8,20,華南永昌-竹北,2023-07-21,9339
1513,中興電,175,158,17,華南永昌-竹北,2023-07-21,9339
5340,建榮,52,35,17,華南永昌-竹北,2023-07-21,9339
1795,美時,24,8,16,華南永昌-竹北,2023-07-21,9339
3289,宜特,18,3,15,華南永昌-竹北,2023-07-21,9339
4121,優盛,17,2,15,華南永昌-竹北,2023-07-21,9339
8222,寶一,53,38,15,華南永昌-竹北,2023-07-21,9339
2401,凌陽,16,2,14,華南永昌-竹北,2023-07-21,9339
6712,長聖,14,0,14,華南永昌-竹北,2023-07-21,9339
0050,元大台灣50,15,1,14,華南永昌-竹北,2023-07-21,9339
2461,光群雷,16,4,12,華南永昌-竹北,2023-07-21,9339
6596,寬宏藝術,12,0,12,華南永昌-竹北,2023-07-21,9339
00772B,中信高評級公司債,12,0,12,華南永昌-竹北,2023-07-21,9339
3131,弘塑,21,10,11,華南永昌-竹北,2023-07-21,9339
3693,營邦,12,1,11,華南永昌-竹北,2023-07-21,9339
6290,良維,15,4,11,華南永昌-竹北,2023-07-21,9339
00679B,元大美債20年,10,0,10,華南永昌-竹北,2023-07-21,9339
8050,廣積,10,0,10,華南永昌-竹北,2023-07-21,9339
00919,群益台灣精選高息,11,1,10,華南永昌-竹北,2023-07-21,9339
2363,矽統,10,0,10,華南永昌-竹北,2023-07-21,9339
4128,中天,13,3,10,華南永昌-竹北,2023-07-21,9339
4157,太景*-KY,10,0,10,華南永昌-竹北,2023-07-21,9339
6811,宏�硌穈T,11,1,10,華南永昌-竹北,2023-07-21,9339
8131,福懋科,10,0,10,華南永昌-竹北,2023-07-21,9339
00751B,元大AAA至A公司債,10,0,10,華南永昌-竹北,2023-07-21,9339
2312,金寶,12,3,9,華南永昌-竹北,2023-07-21,9339
2402,毅嘉,9,0,9,華南永昌-竹北,2023-07-21,9339
2916,滿心,9,0,9,華南永昌-竹北,2023-07-21,9339
1513,中興電,327,43,284,華南永昌-竹北,2023-07-24,9339
2301,光寶科,315,40,275,華南永昌-竹北,2023-07-24,9339
3706,神達,264,1,263,華南永昌-竹北,2023-07-24,9339
2312,金寶,188,3,185,華南永昌-竹北,2023-07-24,9339
2201,裕隆,173,18,155,華南永昌-竹北,2023-07-24,9339
00764B,群益25年美債,141,0,141,華南永昌-竹北,2023-07-24,9339
1612,宏泰,122,0,122,華南永昌-竹北,2023-07-24,9339
00637L,元大滬深300正2,135,15,120,華南永昌-竹北,2023-07-24,9339
6188,廣明,129,38,91,華南永昌-竹北,2023-07-24,9339
2482,連宇,101,11,90,華南永昌-竹北,2023-07-24,9339
00891,中信關鍵半導體,86,0,86,華南永昌-竹北,2023-07-24,9339
00885,富邦越南,102,20,82,華南永昌-竹北,2023-07-24,9339
6770,力積電,97,16,81,華南永昌-竹北,2023-07-24,9339
4919,新唐,78,2,76,華南永昌-竹北,2023-07-24,9339
2371,大同,81,9,72,華南永昌-竹北,2023-07-24,9339
8996,高力,70,0,70,華南永昌-竹北,2023-07-24,9339
6449,鈺邦,69,0,69,華南永昌-竹北,2023-07-24,9339
2431,聯昌,60,0,60,華南永昌-竹北,2023-07-24,9339
3454,晶睿,58,0,58,華南永昌-竹北,2023-07-24,9339
3481,群創,60,3,57,華南永昌-竹北,2023-07-24,9339
2481,強茂,53,5,48,華南永昌-竹北,2023-07-24,9339
2379,瑞昱,40,0,40,華南永昌-竹北,2023-07-24,9339
2888,新光金,38,0,38,華南永昌-竹北,2023-07-24,9339
5340,建榮,35,1,34,華南永昌-竹北,2023-07-24,9339
2455,全新,33,3,30,華南永昌-竹北,2023-07-24,9339
1522,堤維西,25,0,25,華南永昌-竹北,2023-07-24,9339
6811,宏�硌穈T,24,1,23,華南永昌-竹北,2023-07-24,9339
00679B,元大美債20年,22,0,22,華南永昌-竹北,2023-07-24,9339
3338,泰碩,54,34,20,華南永昌-竹北,2023-07-24,9339
00919,群益台灣精選高息,20,1,19,華南永昌-竹北,2023-07-24,9339
2316,楠梓電,20,1,19,華南永昌-竹北,2023-07-24,9339
4746,台耀,25,6,19,華南永昌-竹北,2023-07-24,9339
1609,大亞,58,43,15,華南永昌-竹北,2023-07-24,9339
3581,博磊,15,0,15,華南永昌-竹北,2023-07-24,9339
6796,晉弘,22,7,15,華南永昌-竹北,2023-07-24,9339
1795,美時,29,15,14,華南永昌-竹北,2023-07-24,9339
3035,智原,162,148,14,華南永昌-竹北,2023-07-24,9339
1301,台塑,13,0,13,華南永昌-竹北,2023-07-24,9339
3046,建��,13,0,13,華南永昌-竹北,2023-07-24,9339
6202,盛群,15,2,13,華南永昌-竹北,2023-07-24,9339
2353,宏��,29,17,12,華南永昌-竹北,2023-07-24,9339
1504,東元,40,29,11,華南永昌-竹北,2023-07-24,9339
3308,聯德,11,0,11,華南永昌-竹北,2023-07-24,9339
3701,大眾控,13,2,11,華南永昌-竹北,2023-07-24,9339
6120,達運,31,20,11,華南永昌-竹北,2023-07-24,9339
6155,鈞寶,11,0,11,華南永昌-竹北,2023-07-24,9339
00706L,期元大S＆P日圓正2,10,0,10,華南永昌-竹北,2023-07-24,9339
00673R,期元大S＆P原油反1,10,0,10,華南永昌-竹北,2023-07-24,9339
00671R,富邦NASDAQ反1,10,0,10,華南永昌-竹北,2023-07-24,9339
1303,南亞,10,0,10,華南永昌-竹北,2023-07-24,9339
00764B,群益25年美債,560,0,560,華南永昌-竹北,2023-07-25,9339
3037,欣興,268,52,216,華南永昌-竹北,2023-07-25,9339
2301,光寶科,377,230,147,華南永昌-竹北,2023-07-25,9339
2382,廣達,167,62,105,華南永昌-竹北,2023-07-25,9339
1101,台泥,102,5,97,華南永昌-竹北,2023-07-25,9339
00673R,期元大S＆P原油反1,94,0,94,華南永昌-竹北,2023-07-25,9339
2458,義隆,83,5,78,華南永昌-竹北,2023-07-25,9339
2371,大同,78,2,76,華南永昌-竹北,2023-07-25,9339
6104,創惟,115,51,64,華南永昌-竹北,2023-07-25,9339
3032,偉訓,63,12,51,華南永昌-竹北,2023-07-25,9339
6235,華孚,71,27,44,華南永昌-竹北,2023-07-25,9339
3455,由田,38,0,38,華南永昌-竹北,2023-07-25,9339
6125,廣運,117,84,33,華南永昌-竹北,2023-07-25,9339
2316,楠梓電,30,0,30,華南永昌-竹北,2023-07-25,9339
2431,聯昌,28,0,28,華南永昌-竹北,2023-07-25,9339
2376,技嘉,76,48,28,華南永昌-竹北,2023-07-25,9339
8996,高力,28,1,27,華南永昌-竹北,2023-07-25,9339
3706,神達,63,37,26,華南永昌-竹北,2023-07-25,9339
00795B,中信美國公債20年,24,0,24,華南永昌-竹北,2023-07-25,9339
1609,大亞,24,1,23,華南永昌-竹北,2023-07-25,9339
4971,IET-KY,23,0,23,華南永昌-竹北,2023-07-25,9339
3356,奇偶,21,0,21,華南永昌-竹北,2023-07-25,9339
6120,達運,20,0,20,華南永昌-竹北,2023-07-25,9339
4906,正文,20,0,20,華南永昌-竹北,2023-07-25,9339
00679B,元大美債20年,19,0,19,華南永昌-竹北,2023-07-25,9339
2352,佳世達,26,7,19,華南永昌-竹北,2023-07-25,9339
5511,德昌,20,1,19,華南永昌-竹北,2023-07-25,9339
3711,日月光投控,24,5,19,華南永昌-竹北,2023-07-25,9339
3169,亞信,20,2,18,華南永昌-竹北,2023-07-25,9339
5469,瀚宇博,20,2,18,華南永昌-竹北,2023-07-25,9339
2201,裕隆,36,21,15,華南永昌-竹北,2023-07-25,9339
6811,宏�硌穈T,21,8,13,華南永昌-竹北,2023-07-25,9339
3552,同致,12,0,12,華南永昌-竹北,2023-07-25,9339
00687B,國泰20年美債,11,0,11,華南永昌-竹北,2023-07-25,9339
2106,建大,11,0,11,華南永昌-竹北,2023-07-25,9339
4768,晶呈科技,11,0,11,華南永昌-竹北,2023-07-25,9339
3324,雙鴻,36,26,10,華南永昌-竹北,2023-07-25,9339
00720B,元大投資級公司債,10,0,10,華南永昌-竹北,2023-07-25,9339
2353,宏��,34,24,10,華南永昌-竹北,2023-07-25,9339
00665L,富邦�琤肭磪囓�2,10,0,10,華南永昌-竹北,2023-07-25,9339
3022,威強電,10,0,10,華南永昌-竹北,2023-07-25,9339
3081,聯亞,10,0,10,華南永昌-竹北,2023-07-25,9339
3703,欣陸,10,0,10,華南永昌-竹北,2023-07-25,9339
00650L,復華香港正2,10,0,10,華南永昌-竹北,2023-07-25,9339
4741,泓瀚,10,0,10,華南永昌-竹北,2023-07-25,9339
2002,中鋼,10,1,9,華南永昌-竹北,2023-07-25,9339
3231,緯創,14,6,8,華南永昌-竹北,2023-07-25,9339
0056,元大高股息,29,21,8,華南永昌-竹北,2023-07-25,9339
1773,勝一,8,0,8,華南永昌-竹北,2023-07-25,9339
00929,復華台灣科技優息,7,0,7,華南永昌-竹北,2023-07-25,9339
2201,裕隆,531,7,524,華南永昌-竹北,2023-07-26,9339
00637L,元大滬深300正2,240,0,240,華南永昌-竹北,2023-07-26,9339
00795B,中信美國公債20年,200,0,200,華南永昌-竹北,2023-07-26,9339
3014,聯陽,208,9,199,華南永昌-竹北,2023-07-26,9339
2458,義隆,188,5,183,華南永昌-竹北,2023-07-26,9339
2376,技嘉,206,46,160,華南永昌-竹北,2023-07-26,9339
6104,創惟,163,7,156,華南永昌-竹北,2023-07-26,9339
4919,新唐,150,44,106,華南永昌-竹北,2023-07-26,9339
00764B,群益25年美債,100,0,100,華南永昌-竹北,2023-07-26,9339
3374,精材,50,0,50,華南永昌-竹北,2023-07-26,9339
2431,聯昌,43,0,43,華南永昌-竹北,2023-07-26,9339
2888,新光金,50,8,42,華南永昌-竹北,2023-07-26,9339
1504,東元,68,29,39,華南永昌-竹北,2023-07-26,9339
00720B,元大投資級公司債,36,0,36,華南永昌-竹北,2023-07-26,9339
00929,復華台灣科技優息,33,0,33,華南永昌-竹北,2023-07-26,9339
8996,高力,33,0,33,華南永昌-竹北,2023-07-26,9339
6112,邁達特,38,7,31,華南永昌-竹北,2023-07-26,9339
6016,康和證,30,0,30,華南永昌-竹北,2023-07-26,9339
6761,穩得,30,0,30,華南永昌-竹北,2023-07-26,9339
6449,鈺邦,27,0,27,華南永昌-竹北,2023-07-26,9339
5465,富驊,26,1,25,華南永昌-竹北,2023-07-26,9339
5471,松翰,24,0,24,華南永昌-竹北,2023-07-26,9339
2354,鴻準,47,23,24,華南永昌-竹北,2023-07-26,9339
3163,波若威,27,6,21,華南永昌-竹北,2023-07-26,9339
00915,凱基優選高股息30,20,0,20,華南永昌-竹北,2023-07-26,9339
2317,鴻海,20,0,20,華南永昌-竹北,2023-07-26,9339
5258,虹堡,25,6,19,華南永昌-竹北,2023-07-26,9339
1313,聯成,20,1,19,華南永昌-竹北,2023-07-26,9339
2359,所羅門,70,51,19,華南永昌-竹北,2023-07-26,9339
00725B,國泰投資級公司債,18,0,18,華南永昌-竹北,2023-07-26,9339
1612,宏泰,23,5,18,華南永昌-竹北,2023-07-26,9339
00891,中信關鍵半導體,17,0,17,華南永昌-竹北,2023-07-26,9339
2308,台達電,20,3,17,華南永昌-竹北,2023-07-26,9339
5443,均豪,20,3,17,華南永昌-竹北,2023-07-26,9339
00751B,元大AAA至A公司債,17,2,15,華南永昌-竹北,2023-07-26,9339
3234,光環,14,0,14,華南永昌-竹北,2023-07-26,9339
1513,中興電,16,2,14,華南永昌-竹北,2023-07-26,9339
6015,宏遠證,15,1,14,華南永昌-竹北,2023-07-26,9339
00679B,元大美債20年,13,0,13,華南永昌-竹北,2023-07-26,9339
1454,台富,13,0,13,華南永昌-竹北,2023-07-26,9339
3324,雙鴻,16,4,12,華南永昌-竹北,2023-07-26,9339
3211,順達,12,0,12,華南永昌-竹北,2023-07-26,9339
5236,凌陽創新,28,16,12,華南永昌-竹北,2023-07-26,9339
00673R,期元大S＆P原油反1,11,0,11,華南永昌-竹北,2023-07-26,9339
3308,聯德,11,0,11,華南永昌-竹北,2023-07-26,9339
2890,永豐金,12,2,10,華南永昌-竹北,2023-07-26,9339
6841,長佳智能,12,2,10,華南永昌-竹北,2023-07-26,9339
1514,亞力,10,0,10,華南永昌-竹北,2023-07-26,9339
1815,富喬,10,0,10,華南永昌-竹北,2023-07-26,9339
1904,正隆,11,1,10,華南永昌-竹北,2023-07-26,9339
6104,創惟,334,10,324,華南永昌-竹北,2023-07-27,9339
2312,金寶,136,20,116,華南永昌-竹北,2023-07-27,9339
2897,王道銀行,69,0,69,華南永昌-竹北,2023-07-27,9339
6285,啟��,61,0,61,華南永昌-竹北,2023-07-27,9339
6161,捷波,54,0,54,華南永昌-竹北,2023-07-27,9339
00882,中信中國高股息,50,1,49,華南永昌-竹北,2023-07-27,9339
2340,台亞,49,5,44,華南永昌-竹北,2023-07-27,9339
5351,鈺創,69,25,44,華南永昌-竹北,2023-07-27,9339
00878,國泰永續高股息,63,29,34,華南永昌-竹北,2023-07-27,9339
6112,邁達特,43,10,33,華南永昌-竹北,2023-07-27,9339
1904,正隆,33,4,29,華南永昌-竹北,2023-07-27,9339
6016,康和證,27,0,27,華南永昌-竹北,2023-07-27,9339
2301,光寶科,87,61,26,華南永昌-竹北,2023-07-27,9339
1609,大亞,25,1,24,華南永昌-竹北,2023-07-27,9339
2421,建準,49,26,23,華南永昌-竹北,2023-07-27,9339
5386,青雲,25,2,23,華南永昌-竹北,2023-07-27,9339
6282,康舒,45,24,21,華南永昌-竹北,2023-07-27,9339
4915,致伸,20,0,20,華南永昌-竹北,2023-07-27,9339
00673R,期元大S＆P原油反1,19,0,19,華南永昌-竹北,2023-07-27,9339
3231,緯創,19,1,18,華南永昌-竹北,2023-07-27,9339
2002,中鋼,17,0,17,華南永昌-竹北,2023-07-27,9339
3706,神達,23,6,17,華南永昌-竹北,2023-07-27,9339
00679B,元大美債20年,16,0,16,華南永昌-竹北,2023-07-27,9339
3454,晶睿,16,0,16,華南永昌-竹北,2023-07-27,9339
2376,技嘉,59,44,15,華南永昌-竹北,2023-07-27,9339
2354,鴻準,16,1,15,華南永昌-竹北,2023-07-27,9339
6485,點序,25,10,15,華南永昌-竹北,2023-07-27,9339
6411,晶焱,15,2,13,華南永昌-竹北,2023-07-27,9339
8996,高力,13,0,13,華南永昌-竹北,2023-07-27,9339
2027,大成鋼,13,1,12,華南永昌-竹北,2023-07-27,9339
2390,云辰,11,0,11,華南永昌-竹北,2023-07-27,9339
8109,博大,14,3,11,華南永昌-竹北,2023-07-27,9339
6669,緯穎,11,1,10,華南永昌-竹北,2023-07-27,9339
00752,中信中國50,10,0,10,華南永昌-竹北,2023-07-27,9339
00720B,元大投資級公司債,10,0,10,華南永昌-竹北,2023-07-27,9339
00927,群益半導體收益,10,0,10,華南永昌-竹北,2023-07-27,9339
3004,豐達科,10,0,10,華南永昌-竹北,2023-07-27,9339
3576,聯合再生,10,0,10,華南永昌-竹北,2023-07-27,9339
3013,晟銘電,18,9,9,華南永昌-竹北,2023-07-27,9339
2352,佳世達,13,5,8,華南永昌-竹北,2023-07-27,9339
2425,承啟,10,2,8,華南永昌-竹北,2023-07-27,9339
2317,鴻海,10,2,8,華南永昌-竹北,2023-07-27,9339
2331,精英,11,3,8,華南永昌-竹北,2023-07-27,9339
3189,景碩,9,2,7,華南永昌-竹北,2023-07-27,9339
6196,帆宣,11,4,7,華南永昌-竹北,2023-07-27,9339
1535,中宇,6,0,6,華南永昌-竹北,2023-07-27,9339
1560,中砂,36,30,6,華南永昌-竹北,2023-07-27,9339
2605,新興,20,14,6,華南永昌-竹北,2023-07-27,9339
3234,光環,18,12,6,華南永昌-竹北,2023-07-27,9339
6188,廣明,31,25,6,華南永昌-竹北,2023-07-27,9339
1905,華紙,472,220,252,華南永昌-竹北,2023-07-28,9339
2458,義隆,178,0,178,華南永昌-竹北,2023-07-28,9339
00679B,元大美債20年,141,0,141,華南永昌-竹北,2023-07-28,9339
2482,連宇,123,0,123,華南永昌-竹北,2023-07-28,9339
2891,中信金,117,1,116,華南永昌-竹北,2023-07-28,9339
00764B,群益25年美債,101,0,101,華南永昌-竹北,2023-07-28,9339
2301,光寶科,162,74,88,華南永昌-竹北,2023-07-28,9339
3163,波若威,94,27,67,華南永昌-竹北,2023-07-28,9339
6672,騰輝電子-KY,61,0,61,華南永昌-竹北,2023-07-28,9339
6190,萬泰科,58,3,55,華南永昌-竹北,2023-07-28,9339
2369,菱生,83,29,54,華南永昌-竹北,2023-07-28,9339
1785,光洋科,66,14,52,華南永昌-竹北,2023-07-28,9339
00882,中信中國高股息,51,0,51,華南永昌-竹北,2023-07-28,9339
6202,盛群,49,1,48,華南永昌-竹北,2023-07-28,9339
2317,鴻海,109,62,47,華南永昌-竹北,2023-07-28,9339
6016,康和證,42,0,42,華南永昌-竹北,2023-07-28,9339
00772B,中信高評級公司債,42,0,42,華南永昌-竹北,2023-07-28,9339
2340,台亞,41,0,41,華南永昌-竹北,2023-07-28,9339
3231,緯創,243,210,33,華南永昌-竹北,2023-07-28,9339
2329,華泰,119,88,31,華南永昌-竹北,2023-07-28,9339
3715,定穎投控,30,0,30,華南永昌-竹北,2023-07-28,9339
6218,豪勉,30,0,30,華南永昌-竹北,2023-07-28,9339
2308,台達電,35,5,30,華南永昌-竹北,2023-07-28,9339
5351,鈺創,29,2,27,華南永昌-竹北,2023-07-28,9339
2353,宏��,25,0,25,華南永昌-竹北,2023-07-28,9339
4953,緯軟,26,2,24,華南永昌-竹北,2023-07-28,9339
6104,創惟,25,2,23,華南永昌-竹北,2023-07-28,9339
2354,鴻準,20,0,20,華南永昌-竹北,2023-07-28,9339
4958,臻鼎-KY,33,13,20,華南永昌-竹北,2023-07-28,9339
4533,協易機,21,1,20,華南永昌-竹北,2023-07-28,9339
00919,群益台灣精選高息,59,40,19,華南永昌-竹北,2023-07-28,9339
00680L,元大美債20正2,18,0,18,華南永昌-竹北,2023-07-28,9339
1904,正隆,24,6,18,華南永昌-竹北,2023-07-28,9339
00795B,中信美國公債20年,13,0,13,華南永昌-竹北,2023-07-28,9339
3037,欣興,14,2,12,華南永昌-竹北,2023-07-28,9339
6196,帆宣,13,1,12,華南永昌-竹北,2023-07-28,9339
2882,國泰金,12,0,12,華南永昌-竹北,2023-07-28,9339
1319,東陽,18,7,11,華南永昌-竹北,2023-07-28,9339
2392,正崴,11,0,11,華南永昌-竹北,2023-07-28,9339
5258,虹堡,17,6,11,華南永昌-竹北,2023-07-28,9339
8936,國統,11,0,11,華南永昌-竹北,2023-07-28,9339
2883,凱基金,10,0,10,華南永昌-竹北,2023-07-28,9339
6669,緯穎,10,0,10,華南永昌-竹北,2023-07-28,9339
00712,復華富時不動產,10,0,10,華南永昌-竹北,2023-07-28,9339
1795,美時,24,14,10,華南永昌-竹北,2023-07-28,9339
00665L,富邦�琤肭磪囓�2,10,0,10,華南永昌-竹北,2023-07-28,9339
00687B,國泰20年美債,10,0,10,華南永昌-竹北,2023-07-28,9339
00722B,群益投資級電信債,10,0,10,華南永昌-竹北,2023-07-28,9339
1313,聯成,10,0,10,華南永昌-竹北,2023-07-28,9339
1612,宏泰,10,0,10,華南永昌-竹北,2023-07-28,9339
00637L,元大滬深300正2,502,200,302,華南永昌-竹北,2023-07-31,9339
3324,雙鴻,340,98,242,華南永昌-竹北,2023-07-31,9339
3056,富華新,209,4,205,華南永昌-竹北,2023-07-31,9339
4915,致伸,205,0,205,華南永昌-竹北,2023-07-31,9339
3037,欣興,195,36,159,華南永昌-竹北,2023-07-31,9339
6104,創惟,127,1,126,華南永昌-竹北,2023-07-31,9339
00632R,元大台灣50反1,120,0,120,華南永昌-竹北,2023-07-31,9339
2344,華邦電,488,380,108,華南永昌-竹北,2023-07-31,9339
2382,廣達,211,139,72,華南永昌-竹北,2023-07-31,9339
3014,聯陽,75,8,67,華南永昌-竹北,2023-07-31,9339
2357,華碩,69,10,59,華南永昌-竹北,2023-07-31,9339
3029,零壹,225,169,56,華南永昌-竹北,2023-07-31,9339
6190,萬泰科,160,106,54,華南永昌-竹北,2023-07-31,9339
4746,台耀,56,3,53,華南永昌-竹北,2023-07-31,9339
2882,國泰金,44,1,43,華南永昌-竹北,2023-07-31,9339
00706L,期元大S＆P日圓正2,41,0,41,華南永昌-竹北,2023-07-31,9339
2017,官田鋼,40,0,40,華南永昌-竹北,2023-07-31,9339
2002,中鋼,40,1,39,華南永昌-竹北,2023-07-31,9339
6274,台燿,69,31,38,華南永昌-竹北,2023-07-31,9339
3231,緯創,301,264,37,華南永昌-竹北,2023-07-31,9339
3374,精材,35,0,35,華南永昌-竹北,2023-07-31,9339
00929,復華台灣科技優息,135,102,33,華南永昌-竹北,2023-07-31,9339
00665L,富邦�琤肭磪囓�2,30,0,30,華南永昌-竹北,2023-07-31,9339
2482,連宇,30,0,30,華南永昌-竹北,2023-07-31,9339
3704,合勤控,28,2,26,華南永昌-竹北,2023-07-31,9339
3025,星通,23,0,23,華南永昌-竹北,2023-07-31,9339
00673R,期元大S＆P原油反1,22,0,22,華南永昌-竹北,2023-07-31,9339
2356,英業達,32,11,21,華南永昌-竹北,2023-07-31,9339
3234,光環,29,8,21,華南永昌-竹北,2023-07-31,9339
2409,友達,49,28,21,華南永昌-竹北,2023-07-31,9339
4958,臻鼎-KY,24,3,21,華南永昌-竹北,2023-07-31,9339
1513,中興電,28,8,20,華南永昌-竹北,2023-07-31,9339
00671R,富邦NASDAQ反1,20,0,20,華南永昌-竹北,2023-07-31,9339
3206,志豐,20,0,20,華南永昌-竹北,2023-07-31,9339
00878,國泰永續高股息,59,39,20,華南永昌-竹北,2023-07-31,9339
6217,中探針,20,1,19,華南永昌-竹北,2023-07-31,9339
2059,川湖,25,7,18,華南永昌-竹北,2023-07-31,9339
2376,技嘉,30,12,18,華南永昌-竹北,2023-07-31,9339
2354,鴻準,22,6,16,華南永昌-竹北,2023-07-31,9339
2369,菱生,17,1,16,華南永昌-竹北,2023-07-31,9339
3071,協禧,16,0,16,華南永昌-竹北,2023-07-31,9339
3682,亞太電,16,0,16,華南永昌-竹北,2023-07-31,9339
2329,華泰,87,72,15,華南永昌-竹北,2023-07-31,9339
8038,長園科,15,0,15,華南永昌-竹北,2023-07-31,9339
2801,彰銀,15,0,15,華南永昌-竹北,2023-07-31,9339
2603,長榮,51,36,15,華南永昌-竹北,2023-07-31,9339
1608,華榮,13,0,13,華南永昌-竹北,2023-07-31,9339
2916,滿心,12,0,12,華南永昌-竹北,2023-07-31,9339
6271,同欣電,11,0,11,華南永昌-竹北,2023-07-31,9339
6830,汎銓,11,0,11,華南永昌-竹北,2023-07-31,9339
3231,緯創,240,48,192,華南永昌-竹北,2023-08-01,9339
2201,裕隆,180,1,179,華南永昌-竹北,2023-08-01,9339
00673R,期元大S＆P原油反1,155,3,152,華南永昌-竹北,2023-08-01,9339
2312,金寶,191,51,140,華南永昌-竹北,2023-08-01,9339
4979,華星光,138,17,121,華南永昌-竹北,2023-08-01,9339
3056,富華新,101,0,101,華南永昌-竹北,2023-08-01,9339
00929,復華台灣科技優息,89,0,89,華南永昌-竹北,2023-08-01,9339
2495,普安,70,1,69,華南永昌-竹北,2023-08-01,9339
3591,艾笛森,67,0,67,華南永昌-竹北,2023-08-01,9339
6231,系微,90,23,67,華南永昌-竹北,2023-08-01,9339
2408,南亞科,66,0,66,華南永昌-竹北,2023-08-01,9339
6285,啟��,64,6,58,華南永昌-竹北,2023-08-01,9339
1612,宏泰,51,0,51,華南永昌-竹北,2023-08-01,9339
00923,群益台ESG低碳50,50,0,50,華南永昌-竹北,2023-08-01,9339
3443,創意,49,2,47,華南永昌-竹北,2023-08-01,9339
3481,群創,61,19,42,華南永昌-竹北,2023-08-01,9339
00671R,富邦NASDAQ反1,35,0,35,華南永昌-竹北,2023-08-01,9339
3014,聯陽,47,18,29,華南永昌-竹北,2023-08-01,9339
3324,雙鴻,48,19,29,華南永昌-竹北,2023-08-01,9339
1802,台玻,28,8,20,華南永昌-竹北,2023-08-01,9339
2458,義隆,20,0,20,華南永昌-竹北,2023-08-01,9339
2464,盟立,20,0,20,華南永昌-竹北,2023-08-01,9339
1532,勤美,30,13,17,華南永昌-竹北,2023-08-01,9339
6770,力積電,42,25,17,華南永昌-竹北,2023-08-01,9339
3046,建��,20,4,16,華南永昌-竹北,2023-08-01,9339
6188,廣明,25,9,16,華南永昌-竹北,2023-08-01,9339
2425,承啟,14,0,14,華南永昌-竹北,2023-08-01,9339
1402,遠東新,13,0,13,華南永昌-竹北,2023-08-01,9339
2382,廣達,135,123,12,華南永昌-竹北,2023-08-01,9339
6274,台燿,15,3,12,華南永昌-竹北,2023-08-01,9339
6290,良維,12,0,12,華南永昌-竹北,2023-08-01,9339
00679B,元大美債20年,11,0,11,華南永昌-竹北,2023-08-01,9339
2913,農林,18,7,11,華南永昌-竹北,2023-08-01,9339
3062,建漢,10,0,10,華南永昌-竹北,2023-08-01,9339
6175,立敦,10,0,10,華南永昌-竹北,2023-08-01,9339
6485,點序,10,0,10,華南永昌-竹北,2023-08-01,9339
2352,佳世達,20,11,9,華南永昌-竹北,2023-08-01,9339
00772B,中信高評級公司債,9,0,9,華南永昌-竹北,2023-08-01,9339
00885,富邦越南,10,1,9,華南永昌-竹北,2023-08-01,9339
1102,亞泥,8,0,8,華南永昌-竹北,2023-08-01,9339
2104,國際中橡,8,0,8,華南永昌-竹北,2023-08-01,9339
2367,燿華,8,0,8,華南永昌-竹北,2023-08-01,9339
3552,同致,8,0,8,華南永昌-竹北,2023-08-01,9339
5388,中磊,39,31,8,華南永昌-竹北,2023-08-01,9339
00919,群益台灣精選高息,12,5,7,華南永昌-竹北,2023-08-01,9339
00921,兆豐龍頭等權重,7,0,7,華南永昌-竹北,2023-08-01,9339
3032,偉訓,24,17,7,華南永昌-竹北,2023-08-01,9339
3607,谷崧,7,0,7,華南永昌-竹北,2023-08-01,9339
4123,晟德,7,0,7,華南永昌-竹北,2023-08-01,9339
6669,緯穎,8,1,7,華南永昌-竹北,2023-08-01,9339
2201,裕隆,271,4,267,華南永昌-竹北,2023-08-02,9339
4919,新唐,256,4,252,華南永昌-竹北,2023-08-02,9339
00764B,群益25年美債,201,0,201,華南永昌-竹北,2023-08-02,9339
00637L,元大滬深300正2,135,2,133,華南永昌-竹北,2023-08-02,9339
4915,致伸,132,0,132,華南永昌-竹北,2023-08-02,9339
3056,富華新,121,0,121,華南永昌-竹北,2023-08-02,9339
3014,聯陽,153,37,116,華南永昌-竹北,2023-08-02,9339
1560,中砂,86,11,75,華南永昌-竹北,2023-08-02,9339
3324,雙鴻,98,27,71,華南永昌-竹北,2023-08-02,9339
5340,建榮,70,4,66,華南永昌-竹北,2023-08-02,9339
00878,國泰永續高股息,115,52,63,華南永昌-竹北,2023-08-02,9339
1519,華城,59,1,58,華南永昌-竹北,2023-08-02,9339
00712,復華富時不動產,55,1,54,華南永昌-竹北,2023-08-02,9339
3189,景碩,56,3,53,華南永昌-竹北,2023-08-02,9339
6188,廣明,174,128,46,華南永昌-竹北,2023-08-02,9339
00673R,期元大S＆P原油反1,45,0,45,華南永昌-竹北,2023-08-02,9339
6016,康和證,41,0,41,華南永昌-竹北,2023-08-02,9339
00772B,中信高評級公司債,43,7,36,華南永昌-竹北,2023-08-02,9339
2344,華邦電,39,5,34,華南永昌-竹北,2023-08-02,9339
1307,三芳,30,0,30,華南永昌-竹北,2023-08-02,9339
6231,系微,186,156,30,華南永昌-竹北,2023-08-02,9339
3234,光環,30,1,29,華南永昌-竹北,2023-08-02,9339
2312,金寶,58,31,27,華南永昌-竹北,2023-08-02,9339
1617,榮星,27,0,27,華南永昌-竹北,2023-08-02,9339
6104,創惟,28,1,27,華南永昌-竹北,2023-08-02,9339
8050,廣積,26,0,26,華南永昌-竹北,2023-08-02,9339
3024,憶聲,75,50,25,華南永昌-竹北,2023-08-02,9339
2883,凱基金,22,0,22,華南永昌-竹北,2023-08-02,9339
00891,中信關鍵半導體,25,4,21,華南永昌-竹北,2023-08-02,9339
1701,中化,20,0,20,華南永昌-竹北,2023-08-02,9339
9927,泰銘,20,0,20,華南永昌-竹北,2023-08-02,9339
00751B,元大AAA至A公司債,20,0,20,華南永昌-竹北,2023-08-02,9339
00929,復華台灣科技優息,20,1,19,華南永昌-竹北,2023-08-02,9339
1904,正隆,20,1,19,華南永昌-竹北,2023-08-02,9339
3231,緯創,88,70,18,華南永昌-竹北,2023-08-02,9339
2002,中鋼,21,3,18,華南永昌-竹北,2023-08-02,9339
1532,勤美,21,3,18,華南永昌-竹北,2023-08-02,9339
00679B,元大美債20年,20,2,18,華南永昌-竹北,2023-08-02,9339
6285,啟��,64,47,17,華南永昌-竹北,2023-08-02,9339
2882,國泰金,27,10,17,華南永昌-竹北,2023-08-02,9339
2356,英業達,27,11,16,華南永昌-竹北,2023-08-02,9339
5258,虹堡,18,2,16,華南永昌-竹北,2023-08-02,9339
3706,神達,39,23,16,華南永昌-竹北,2023-08-02,9339
3707,漢磊,16,0,16,華南永昌-竹北,2023-08-02,9339
00680L,元大美債20正2,15,0,15,華南永昌-竹北,2023-08-02,9339
3264,欣銓,14,0,14,華南永昌-竹北,2023-08-02,9339
2885,元大金,16,2,14,華南永昌-竹北,2023-08-02,9339
1609,大亞,78,65,13,華南永昌-竹北,2023-08-02,9339
2408,南亞科,14,1,13,華南永昌-竹北,2023-08-02,9339
6274,台燿,35,22,13,華南永昌-竹北,2023-08-02,9339
3231,緯創,756,145,611,華南永昌-竹北,2023-08-04,9339
1785,光洋科,590,38,552,華南永昌-竹北,2023-08-04,9339
2312,金寶,201,78,123,華南永昌-竹北,2023-08-04,9339
00764B,群益25年美債,108,0,108,華南永昌-竹北,2023-08-04,9339
3014,聯陽,101,1,100,華南永昌-竹北,2023-08-04,9339
2344,華邦電,177,80,97,華南永昌-竹北,2023-08-04,9339
00882,中信中國高股息,80,2,78,華南永昌-竹北,2023-08-04,9339
2603,長榮,97,20,77,華南永昌-竹北,2023-08-04,9339
00687B,國泰20年美債,70,0,70,華南永昌-竹北,2023-08-04,9339
00929,復華台灣科技優息,72,6,66,華南永昌-竹北,2023-08-04,9339
00795B,中信美國公債20年,56,0,56,華南永昌-竹北,2023-08-04,9339
00772B,中信高評級公司債,54,0,54,華南永昌-竹北,2023-08-04,9339
00900,富邦特選高股息30,50,0,50,華南永昌-竹北,2023-08-04,9339
8050,廣積,47,0,47,華南永昌-竹北,2023-08-04,9339
2481,強茂,45,0,45,華南永昌-竹北,2023-08-04,9339
2609,陽明,46,11,35,華南永昌-竹北,2023-08-04,9339
00680L,元大美債20正2,33,1,32,華南永昌-竹北,2023-08-04,9339
1905,華紙,39,9,30,華南永昌-竹北,2023-08-04,9339
6190,萬泰科,30,0,30,華南永昌-竹北,2023-08-04,9339
00679B,元大美債20年,33,4,29,華南永昌-竹北,2023-08-04,9339
2425,承啟,32,6,26,華南永昌-竹北,2023-08-04,9339
00751B,元大AAA至A公司債,26,0,26,華南永昌-竹北,2023-08-04,9339
2104,國際中橡,23,0,23,華南永昌-竹北,2023-08-04,9339
2059,川湖,22,0,22,華南永昌-竹北,2023-08-04,9339
00706L,期元大S＆P日圓正2,20,0,20,華南永昌-竹北,2023-08-04,9339
4906,正文,50,30,20,華南永昌-竹北,2023-08-04,9339
8390,金益鼎,20,0,20,華南永昌-竹北,2023-08-04,9339
6799,來頡,19,0,19,華南永昌-竹北,2023-08-04,9339
2615,萬海,19,1,18,華南永昌-竹北,2023-08-04,9339
2606,裕民,17,0,17,華南永昌-竹北,2023-08-04,9339
00725B,國泰投資級公司債,15,0,15,華南永昌-竹北,2023-08-04,9339
00637L,元大滬深300正2,245,230,15,華南永昌-竹北,2023-08-04,9339
3163,波若威,31,16,15,華南永昌-竹北,2023-08-04,9339
00712,復華富時不動產,14,0,14,華南永昌-竹北,2023-08-04,9339
4915,致伸,14,0,14,華南永昌-竹北,2023-08-04,9339
2748,雲品,13,0,13,華南永昌-竹北,2023-08-04,9339
6531,愛普*,29,16,13,華南永昌-竹北,2023-08-04,9339
1301,台塑,12,0,12,華南永昌-竹北,2023-08-04,9339
3706,神達,45,33,12,華南永昌-竹北,2023-08-04,9339
1609,大亞,37,26,11,華南永昌-竹北,2023-08-04,9339
2637,慧洋-KY,11,0,11,華南永昌-竹北,2023-08-04,9339
0050,元大台灣50,10,0,10,華南永昌-竹北,2023-08-04,9339
00665L,富邦�琤肭磪囓�2,10,0,10,華南永昌-竹北,2023-08-04,9339
2106,建大,10,0,10,華南永昌-竹北,2023-08-04,9339
3305,昇貿,10,0,10,華南永昌-竹北,2023-08-04,9339
3521,鴻翊,10,0,10,華南永昌-竹北,2023-08-04,9339
5511,德昌,10,0,10,華南永昌-竹北,2023-08-04,9339
8409,商之器,10,0,10,華南永昌-竹北,2023-08-04,9339
4953,緯軟,11,1,10,華南永昌-竹北,2023-08-04,9339
00720B,元大投資級公司債,9,0,9,華南永昌-竹北,2023-08-04,9339
1785,光洋科,1397,30,1367,華南永昌-竹北,2023-08-07,9339
2317,鴻海,306,19,287,華南永昌-竹北,2023-08-07,9339
1503,士電,163,8,155,華南永昌-竹北,2023-08-07,9339
2301,光寶科,156,60,96,華南永昌-竹北,2023-08-07,9339
00929,復華台灣科技優息,84,4,80,華南永昌-竹北,2023-08-07,9339
6449,鈺邦,75,0,75,華南永昌-竹北,2023-08-07,9339
1314,中石化,70,0,70,華南永昌-竹北,2023-08-07,9339
00637L,元大滬深300正2,60,0,60,華南永昌-竹北,2023-08-07,9339
3035,智原,60,3,57,華南永昌-竹北,2023-08-07,9339
00931B,統一美債20年,46,0,46,華南永昌-竹北,2023-08-07,9339
2455,全新,42,0,42,華南永昌-竹北,2023-08-07,9339
3706,神達,85,43,42,華南永昌-竹北,2023-08-07,9339
2017,官田鋼,40,0,40,華南永昌-竹北,2023-08-07,9339
2402,毅嘉,41,4,37,華南永昌-竹北,2023-08-07,9339
00900,富邦特選高股息30,93,60,33,華南永昌-竹北,2023-08-07,9339
00795B,中信美國公債20年,32,0,32,華南永昌-竹北,2023-08-07,9339
8050,廣積,35,7,28,華南永昌-竹北,2023-08-07,9339
00673R,期元大S＆P原油反1,25,0,25,華南永昌-竹北,2023-08-07,9339
3034,聯詠,20,0,20,華南永昌-竹北,2023-08-07,9339
1584,精剛,20,0,20,華南永昌-竹北,2023-08-07,9339
6190,萬泰科,20,0,20,華南永昌-竹北,2023-08-07,9339
8996,高力,20,0,20,華南永昌-竹北,2023-08-07,9339
8016,矽創,18,0,18,華南永昌-竹北,2023-08-07,9339
8069,元太,19,1,18,華南永昌-竹北,2023-08-07,9339
2357,華碩,41,24,17,華南永昌-竹北,2023-08-07,9339
00687B,國泰20年美債,15,0,15,華南永昌-竹北,2023-08-07,9339
2353,宏��,23,9,14,華南永昌-竹北,2023-08-07,9339
2609,陽明,31,17,14,華南永昌-竹北,2023-08-07,9339
2359,所羅門,14,0,14,華南永昌-竹北,2023-08-07,9339
3481,群創,14,0,14,華南永昌-竹北,2023-08-07,9339
4906,正文,20,6,14,華南永昌-竹北,2023-08-07,9339
4510,高鋒,13,0,13,華南永昌-竹北,2023-08-07,9339
4923,力士,13,0,13,華南永昌-竹北,2023-08-07,9339
3607,谷崧,12,1,11,華南永昌-竹北,2023-08-07,9339
00720B,元大投資級公司債,10,0,10,華南永昌-竹北,2023-08-07,9339
2801,彰銀,10,0,10,華南永昌-竹北,2023-08-07,9339
2913,農林,24,15,9,華南永昌-竹北,2023-08-07,9339
3558,神準,26,17,9,華南永昌-竹北,2023-08-07,9339
2458,義隆,23,14,9,華南永昌-竹北,2023-08-07,9339
6125,廣運,37,28,9,華南永昌-竹北,2023-08-07,9339
8299,群聯,8,0,8,華南永昌-竹北,2023-08-07,9339
3044,健鼎,10,3,7,華南永昌-竹北,2023-08-07,9339
1514,亞力,7,0,7,華南永昌-竹北,2023-08-07,9339
1519,華城,11,4,7,華南永昌-竹北,2023-08-07,9339
1714,和桐,7,0,7,華南永昌-竹北,2023-08-07,9339
2618,長榮航,14,8,6,華南永昌-竹北,2023-08-07,9339
00878,國泰永續高股息,30,24,6,華南永昌-竹北,2023-08-07,9339
2891,中信金,5,0,5,華南永昌-竹北,2023-08-07,9339
2882,國泰金,7,2,5,華南永昌-竹北,2023-08-07,9339
2464,盟立,25,20,5,華南永昌-竹北,2023-08-07,9339
00929,復華台灣科技優息,221,0,221,華南永昌-竹北,2023-08-08,9339
5880,合庫金,96,0,96,華南永昌-竹北,2023-08-08,9339
2201,裕隆,90,3,87,華南永昌-竹北,2023-08-08,9339
4114,健喬,99,25,74,華南永昌-竹北,2023-08-08,9339
6231,系微,85,19,66,華南永昌-竹北,2023-08-08,9339
6449,鈺邦,58,1,57,華南永昌-竹北,2023-08-08,9339
00706L,期元大S＆P日圓正2,53,0,53,華南永昌-竹北,2023-08-08,9339
2363,矽統,43,3,40,華南永昌-竹北,2023-08-08,9339
3607,谷崧,37,0,37,華南永昌-竹北,2023-08-08,9339
00900,富邦特選高股息30,34,0,34,華南永昌-竹北,2023-08-08,9339
3035,智原,39,5,34,華南永昌-竹北,2023-08-08,9339
00753L,中信中國50正2,32,0,32,華南永昌-竹北,2023-08-08,9339
2301,光寶科,67,37,30,華南永昌-竹北,2023-08-08,9339
3014,聯陽,60,31,29,華南永昌-竹北,2023-08-08,9339
2356,英業達,73,46,27,華南永昌-竹北,2023-08-08,9339
00772B,中信高評級公司債,26,0,26,華南永昌-竹北,2023-08-08,9339
2303,聯電,37,11,26,華南永昌-竹北,2023-08-08,9339
3325,旭品,28,2,26,華南永昌-竹北,2023-08-08,9339
2376,技嘉,81,57,24,華南永昌-竹北,2023-08-08,9339
4102,永日,24,0,24,華南永昌-竹北,2023-08-08,9339
1314,中石化,23,0,23,華南永昌-竹北,2023-08-08,9339
5471,松翰,22,0,22,華南永昌-竹北,2023-08-08,9339
3715,定穎投控,31,10,21,華南永昌-竹北,2023-08-08,9339
1710,東聯,20,0,20,華南永昌-竹北,2023-08-08,9339
3308,聯德,23,3,20,華南永昌-竹北,2023-08-08,9339
8942,森鉅,20,0,20,華南永昌-竹北,2023-08-08,9339
00881,國泰台灣5G+,15,0,15,華南永昌-竹北,2023-08-08,9339
1560,中砂,15,0,15,華南永昌-竹北,2023-08-08,9339
3406,玉晶光,15,1,14,華南永昌-竹北,2023-08-08,9339
3027,盛達,14,0,14,華南永昌-竹北,2023-08-08,9339
6770,力積電,14,0,14,華南永昌-竹北,2023-08-08,9339
4510,高鋒,13,0,13,華南永昌-竹北,2023-08-08,9339
2834,臺企銀,12,0,12,華南永昌-竹北,2023-08-08,9339
1471,首利,10,0,10,華南永昌-竹北,2023-08-08,9339
1519,華城,19,9,10,華南永昌-竹北,2023-08-08,9339
2103,台橡,10,0,10,華南永昌-竹北,2023-08-08,9339
2516,新建,10,0,10,華南永昌-竹北,2023-08-08,9339
4915,致伸,10,0,10,華南永昌-竹北,2023-08-08,9339
5864,致和證,20,10,10,華南永昌-竹北,2023-08-08,9339
2890,永豐金,10,0,10,華南永昌-竹北,2023-08-08,9339
6282,康舒,20,10,10,華南永昌-竹北,2023-08-08,9339
00891,中信關鍵半導體,13,4,9,華南永昌-竹北,2023-08-08,9339
2884,玉山金,8,0,8,華南永昌-竹北,2023-08-08,9339
4916,事欣科,10,2,8,華南永昌-竹北,2023-08-08,9339
0056,元大高股息,15,7,8,華南永昌-竹北,2023-08-08,9339
00751B,元大AAA至A公司債,7,0,7,華南永昌-竹北,2023-08-08,9339
2009,第一銅,7,0,7,華南永昌-竹北,2023-08-08,9339
2324,仁寶,12,5,7,華南永昌-竹北,2023-08-08,9339
2634,漢翔,11,4,7,華南永昌-竹北,2023-08-08,9339
2736,富野,8,1,7,華南永昌-竹北,2023-08-08,9339
00637L,元大滬深300正2,380,100,280,華南永昌-竹北,2023-08-09,9339
2201,裕隆,198,15,183,華南永昌-竹北,2023-08-09,9339
1513,中興電,103,3,100,華南永昌-竹北,2023-08-09,9339
00929,復華台灣科技優息,81,0,81,華南永昌-竹北,2023-08-09,9339
00679B,元大美債20年,60,2,58,華南永昌-竹北,2023-08-09,9339
3362,先進光,105,53,52,華南永昌-竹北,2023-08-09,9339
8121,越峰,40,0,40,華南永昌-竹北,2023-08-09,9339
3231,緯創,73,36,37,華南永昌-竹北,2023-08-09,9339
00900,富邦特選高股息30,33,0,33,華南永昌-竹北,2023-08-09,9339
1314,中石化,32,0,32,華南永昌-竹北,2023-08-09,9339
8358,金居,30,0,30,華南永昌-竹北,2023-08-09,9339
8996,高力,30,0,30,華南永昌-竹北,2023-08-09,9339
1616,億泰,26,0,26,華南永昌-竹北,2023-08-09,9339
00931B,統一美債20年,25,0,25,華南永昌-竹北,2023-08-09,9339
6449,鈺邦,24,0,24,華南永昌-竹北,2023-08-09,9339
8155,博智,20,0,20,華南永昌-竹北,2023-08-09,9339
2380,虹光,18,0,18,華南永昌-竹北,2023-08-09,9339
3715,定穎投控,17,1,16,華南永昌-竹北,2023-08-09,9339
3481,群創,16,0,16,華南永昌-竹北,2023-08-09,9339
00673R,期元大S＆P原油反1,15,0,15,華南永昌-竹北,2023-08-09,9339
2031,新光鋼,15,0,15,華南永昌-竹北,2023-08-09,9339
5880,合庫金,16,2,14,華南永昌-竹北,2023-08-09,9339
00882,中信中國高股息,14,0,14,華南永昌-竹北,2023-08-09,9339
2344,華邦電,26,12,14,華南永昌-竹北,2023-08-09,9339
3607,谷崧,14,0,14,華南永昌-竹北,2023-08-09,9339
00720B,元大投資級公司債,12,0,12,華南永昌-竹北,2023-08-09,9339
8420,明揚,12,0,12,華南永昌-竹北,2023-08-09,9339
2890,永豐金,11,0,11,華南永昌-竹北,2023-08-09,9339
2356,英業達,34,23,11,華南永昌-竹北,2023-08-09,9339
1313,聯成,11,0,11,華南永昌-竹北,2023-08-09,9339
0052,富邦科技,10,0,10,華南永昌-竹北,2023-08-09,9339
00706L,期元大S＆P日圓正2,10,0,10,華南永昌-竹北,2023-08-09,9339
2390,云辰,10,0,10,華南永昌-竹北,2023-08-09,9339
2409,友達,10,0,10,華南永昌-竹北,2023-08-09,9339
8093,保銳,10,1,9,華南永昌-竹北,2023-08-09,9339
2891,中信金,9,0,9,華南永昌-竹北,2023-08-09,9339
1514,亞力,19,12,7,華南永昌-竹北,2023-08-09,9339
1102,亞泥,7,0,7,華南永昌-竹北,2023-08-09,9339
3034,聯詠,7,0,7,華南永昌-竹北,2023-08-09,9339
1612,宏泰,16,10,6,華南永昌-竹北,2023-08-09,9339
2002,中鋼,6,0,6,華南永昌-竹北,2023-08-09,9339
2881,富邦金,5,0,5,華南永昌-竹北,2023-08-09,9339
3706,神達,65,60,5,華南永昌-竹北,2023-08-09,9339
1210,大成,7,2,5,華南永昌-竹北,2023-08-09,9339
4102,永日,5,0,5,華南永昌-竹北,2023-08-09,9339
00923,群益台ESG低碳50,5,0,5,華南永昌-竹北,2023-08-09,9339
00680L,元大美債20正2,5,0,5,華南永昌-竹北,2023-08-09,9339
1742,台蠟,5,0,5,華南永昌-竹北,2023-08-09,9339
2342,茂矽,5,0,5,華南永昌-竹北,2023-08-09,9339
2634,漢翔,10,5,5,華南永昌-竹北,2023-08-09,9339
2888,新光金,500,1,499,華南永昌-竹北,2023-08-10,9339
00706L,期元大S＆P日圓正2,95,0,95,華南永昌-竹北,2023-08-10,9339
0056,元大高股息,98,15,83,華南永昌-竹北,2023-08-10,9339
2201,裕隆,76,0,76,華南永昌-竹北,2023-08-10,9339
00878,國泰永續高股息,110,35,75,華南永昌-竹北,2023-08-10,9339
2317,鴻海,167,100,67,華南永昌-竹北,2023-08-10,9339
5531,鄉林,66,0,66,華南永昌-竹北,2023-08-10,9339
2402,毅嘉,59,1,58,華南永昌-竹北,2023-08-10,9339
00900,富邦特選高股息30,53,0,53,華南永昌-竹北,2023-08-10,9339
5340,建榮,50,3,47,華南永昌-竹北,2023-08-10,9339
3715,定穎投控,47,1,46,華南永昌-竹北,2023-08-10,9339
00632R,元大台灣50反1,40,0,40,華南永昌-竹北,2023-08-10,9339
2349,錸德,40,0,40,華南永昌-竹北,2023-08-10,9339
9945,潤泰新,32,0,32,華南永昌-竹北,2023-08-10,9339
00923,群益台ESG低碳50,31,0,31,華南永昌-竹北,2023-08-10,9339
6443,元晶,34,3,31,華南永昌-竹北,2023-08-10,9339
1210,大成,30,0,30,華南永昌-竹北,2023-08-10,9339
2388,威盛,37,11,26,華南永昌-竹北,2023-08-10,9339
6187,萬潤,128,105,23,華南永昌-竹北,2023-08-10,9339
00673R,期元大S＆P原油反1,21,0,21,華南永昌-竹北,2023-08-10,9339
3689,湧德,20,0,20,華南永昌-竹北,2023-08-10,9339
4906,正文,20,1,19,華南永昌-竹北,2023-08-10,9339
2801,彰銀,19,0,19,華南永昌-竹北,2023-08-10,9339
2891,中信金,18,0,18,華南永昌-竹北,2023-08-10,9339
6796,晉弘,23,5,18,華南永昌-竹北,2023-08-10,9339
2376,技嘉,104,87,17,華南永昌-竹北,2023-08-10,9339
00931B,統一美債20年,15,0,15,華南永昌-竹北,2023-08-10,9339
1784,訊聯,14,0,14,華南永昌-竹北,2023-08-10,9339
2880,華南金,15,1,14,華南永昌-竹北,2023-08-10,9339
2383,台光電,40,26,14,華南永昌-竹北,2023-08-10,9339
2354,鴻準,15,2,13,華南永昌-竹北,2023-08-10,9339
00907,永豐優息存股,13,0,13,華南永昌-竹北,2023-08-10,9339
2645,長榮航太,21,8,13,華南永昌-竹北,2023-08-10,9339
6470,宇智,12,0,12,華南永昌-竹北,2023-08-10,9339
8299,群聯,27,16,11,華南永昌-竹北,2023-08-10,9339
3481,群創,14,3,11,華南永昌-竹北,2023-08-10,9339
3017,奇鋐,22,11,11,華南永昌-竹北,2023-08-10,9339
3078,僑威,18,7,11,華南永昌-竹北,2023-08-10,9339
4763,材料-KY,11,0,11,華南永昌-竹北,2023-08-10,9339
8155,博智,14,3,11,華南永昌-竹北,2023-08-10,9339
3607,谷崧,11,0,11,華南永昌-竹北,2023-08-10,9339
2330,台積電,10,0,10,華南永昌-竹北,2023-08-10,9339
1337,再生-KY,10,0,10,華南永昌-竹北,2023-08-10,9339
1471,首利,10,0,10,華南永昌-竹北,2023-08-10,9339
2425,承啟,11,1,10,華南永昌-竹北,2023-08-10,9339
4121,優盛,10,0,10,華南永昌-竹北,2023-08-10,9339
1219,福壽,10,1,9,華南永昌-竹北,2023-08-10,9339
2002,中鋼,9,0,9,華南永昌-竹北,2023-08-10,9339
2390,云辰,10,1,9,華南永昌-竹北,2023-08-10,9339
3289,宜特,9,0,9,華南永昌-竹北,2023-08-10,9339
00931B,統一美債20年,339,0,339,華南永昌-竹北,2023-08-11,9339
00929,復華台灣科技優息,168,0,168,華南永昌-竹北,2023-08-11,9339
3032,偉訓,150,0,150,華南永昌-竹北,2023-08-11,9339
00878,國泰永續高股息,123,16,107,華南永昌-竹北,2023-08-11,9339
3014,聯陽,100,0,100,華南永昌-竹北,2023-08-11,9339
5328,華容,100,0,100,華南永昌-竹北,2023-08-11,9339
2201,裕隆,99,3,96,華南永昌-竹北,2023-08-11,9339
2399,映泰,85,2,83,華南永昌-竹北,2023-08-11,9339
2380,虹光,67,0,67,華南永昌-竹北,2023-08-11,9339
3661,世芯-KY,65,2,63,華南永昌-竹北,2023-08-11,9339
8996,高力,45,5,40,華南永昌-竹北,2023-08-11,9339
2387,精元,100,61,39,華南永昌-竹北,2023-08-11,9339
1802,台玻,35,1,34,華南永昌-竹北,2023-08-11,9339
2363,矽統,66,33,33,華南永昌-竹北,2023-08-11,9339
4114,健喬,31,0,31,華南永昌-竹北,2023-08-11,9339
4155,訊映,30,0,30,華南永昌-竹北,2023-08-11,9339
6603,富強鑫,30,0,30,華南永昌-竹北,2023-08-11,9339
6799,來頡,26,0,26,華南永昌-竹北,2023-08-11,9339
00751B,元大AAA至A公司債,22,0,22,華南永昌-竹北,2023-08-11,9339
00900,富邦特選高股息30,22,0,22,華南永昌-竹北,2023-08-11,9339
1314,中石化,21,0,21,華南永昌-竹北,2023-08-11,9339
4102,永日,21,0,21,華南永昌-竹北,2023-08-11,9339
00637L,元大滬深300正2,80,60,20,華南永昌-竹北,2023-08-11,9339
1605,華新,21,1,20,華南永昌-竹北,2023-08-11,9339
4906,正文,40,20,20,華南永昌-竹北,2023-08-11,9339
2301,光寶科,25,9,16,華南永昌-竹北,2023-08-11,9339
00772B,中信高評級公司債,15,0,15,華南永昌-竹北,2023-08-11,9339
2376,技嘉,127,112,15,華南永昌-竹北,2023-08-11,9339
2891,中信金,14,0,14,華南永昌-竹北,2023-08-11,9339
00882,中信中國高股息,14,0,14,華南永昌-竹北,2023-08-11,9339
2892,第一金,12,0,12,華南永昌-竹北,2023-08-11,9339
2888,新光金,12,0,12,華南永昌-竹北,2023-08-11,9339
3706,神達,13,1,12,華南永昌-竹北,2023-08-11,9339
2883,凱基金,11,0,11,華南永昌-竹北,2023-08-11,9339
00687B,國泰20年美債,11,0,11,華南永昌-竹北,2023-08-11,9339
3013,晟銘電,13,2,11,華南永昌-竹北,2023-08-11,9339
1532,勤美,10,0,10,華南永昌-竹北,2023-08-11,9339
2353,宏��,10,0,10,華南永昌-竹北,2023-08-11,9339
4306,炎洲,10,0,10,華南永昌-竹北,2023-08-11,9339
6175,立敦,10,0,10,華南永昌-竹北,2023-08-11,9339
1784,訊聯,10,0,10,華南永昌-竹北,2023-08-11,9339
1609,大亞,10,1,9,華南永昌-竹北,2023-08-11,9339
2606,裕民,9,0,9,華南永昌-竹北,2023-08-11,9339
2388,威盛,29,20,9,華南永昌-竹北,2023-08-11,9339
00679B,元大美債20年,8,0,8,華南永昌-竹北,2023-08-11,9339
2634,漢翔,15,7,8,華南永昌-竹北,2023-08-11,9339
6449,鈺邦,8,0,8,華南永昌-竹北,2023-08-11,9339
2801,彰銀,7,0,7,華南永昌-竹北,2023-08-11,9339
3034,聯詠,7,0,7,華南永昌-竹北,2023-08-11,9339
4958,臻鼎-KY,6,0,6,華南永昌-竹北,2023-08-11,9339
2324,仁寶,421,44,377,華南永昌-竹北,2023-08-14,9339
2201,裕隆,247,11,236,華南永昌-竹北,2023-08-14,9339
3231,緯創,628,401,227,華南永昌-竹北,2023-08-14,9339
00929,復華台灣科技優息,125,0,125,華南永昌-竹北,2023-08-14,9339
00632R,元大台灣50反1,141,30,111,華南永昌-竹北,2023-08-14,9339
5328,華容,100,0,100,華南永昌-竹北,2023-08-14,9339
00900,富邦特選高股息30,77,5,72,華南永昌-竹北,2023-08-14,9339
00931B,統一美債20年,66,0,66,華南永昌-竹北,2023-08-14,9339
2376,技嘉,360,302,58,華南永昌-竹北,2023-08-14,9339
3483,力致,61,3,58,華南永昌-竹北,2023-08-14,9339
00923,群益台ESG低碳50,57,0,57,華南永昌-竹北,2023-08-14,9339
2401,凌陽,47,0,47,華南永昌-竹北,2023-08-14,9339
00878,國泰永續高股息,92,62,30,華南永昌-竹北,2023-08-14,9339
1540,喬福,30,0,30,華南永昌-竹北,2023-08-14,9339
4102,永日,31,2,29,華南永昌-竹北,2023-08-14,9339
3454,晶睿,28,0,28,華南永昌-竹北,2023-08-14,9339
9945,潤泰新,28,0,28,華南永昌-竹北,2023-08-14,9339
00679B,元大美債20年,26,0,26,華南永昌-竹北,2023-08-14,9339
1905,華紙,26,0,26,華南永昌-竹北,2023-08-14,9339
5531,鄉林,26,0,26,華南永昌-竹北,2023-08-14,9339
00637L,元大滬深300正2,125,100,25,華南永昌-竹北,2023-08-14,9339
6449,鈺邦,21,0,21,華南永昌-竹北,2023-08-14,9339
2374,佳能,20,0,20,華南永昌-竹北,2023-08-14,9339
2618,長榮航,21,2,19,華南永昌-竹北,2023-08-14,9339
1709,和益,40,22,18,華南永昌-竹北,2023-08-14,9339
3163,波若威,30,12,18,華南永昌-竹北,2023-08-14,9339
4114,健喬,25,8,17,華南永昌-竹北,2023-08-14,9339
2883,凱基金,17,0,17,華南永昌-竹北,2023-08-14,9339
1532,勤美,16,0,16,華南永昌-竹北,2023-08-14,9339
2402,毅嘉,20,4,16,華南永昌-竹北,2023-08-14,9339
3715,定穎投控,70,54,16,華南永昌-竹北,2023-08-14,9339
1909,榮成,15,0,15,華南永昌-竹北,2023-08-14,9339
3607,谷崧,15,0,15,華南永昌-竹北,2023-08-14,9339
8201,無敵,15,0,15,華南永昌-竹北,2023-08-14,9339
2609,陽明,39,25,14,華南永昌-竹北,2023-08-14,9339
2610,華航,17,3,14,華南永昌-竹北,2023-08-14,9339
2356,英業達,19,7,12,華南永昌-竹北,2023-08-14,9339
2887,台新金,13,1,12,華南永昌-竹北,2023-08-14,9339
6290,良維,12,0,12,華南永昌-竹北,2023-08-14,9339
2884,玉山金,11,0,11,華南永昌-竹北,2023-08-14,9339
0056,元大高股息,13,2,11,華南永昌-竹北,2023-08-14,9339
3701,大眾控,11,0,11,華南永昌-竹北,2023-08-14,9339
5258,虹堡,18,7,11,華南永昌-竹北,2023-08-14,9339
00751B,元大AAA至A公司債,10,0,10,華南永昌-竹北,2023-08-14,9339
4510,高鋒,10,0,10,華南永昌-竹北,2023-08-14,9339
1337,再生-KY,10,0,10,華南永昌-竹北,2023-08-14,9339
2323,中環,10,0,10,華南永昌-竹北,2023-08-14,9339
00772B,中信高評級公司債,10,1,9,華南永昌-竹北,2023-08-14,9339
2330,台積電,11,2,9,華南永昌-竹北,2023-08-14,9339
006208,富邦台50,8,0,8,華南永昌-竹北,2023-08-14,9339
2317,鴻海,122,3,119,華南永昌-竹北,2023-08-15,9339
6770,力積電,118,35,83,華南永昌-竹北,2023-08-15,9339
00632R,元大台灣50反1,70,10,60,華南永昌-竹北,2023-08-15,9339
00929,復華台灣科技優息,71,16,55,華南永昌-竹北,2023-08-15,9339
8069,元太,56,5,51,華南永昌-竹北,2023-08-15,9339
00907,永豐優息存股,48,5,43,華南永昌-竹北,2023-08-15,9339
00900,富邦特選高股息30,37,1,36,華南永昌-竹北,2023-08-15,9339
6231,系微,38,2,36,華南永昌-竹北,2023-08-15,9339
6412,群電,35,0,35,華南永昌-竹北,2023-08-15,9339
3035,智原,42,9,33,華南永昌-竹北,2023-08-15,9339
6274,台燿,43,14,29,華南永昌-竹北,2023-08-15,9339
00923,群益台ESG低碳50,27,0,27,華南永昌-竹北,2023-08-15,9339
2382,廣達,203,176,27,華南永昌-竹北,2023-08-15,9339
2380,虹光,26,0,26,華南永昌-竹北,2023-08-15,9339
2618,長榮航,41,17,24,華南永昌-竹北,2023-08-15,9339
2834,臺企銀,23,1,22,華南永昌-竹北,2023-08-15,9339
00878,國泰永續高股息,29,8,21,華南永昌-竹北,2023-08-15,9339
3607,谷崧,21,0,21,華南永昌-竹北,2023-08-15,9339
6188,廣明,29,9,20,華南永昌-竹北,2023-08-15,9339
8299,群聯,18,0,18,華南永昌-竹北,2023-08-15,9339
3481,群創,18,0,18,華南永昌-竹北,2023-08-15,9339
2002,中鋼,18,1,17,華南永昌-竹北,2023-08-15,9339
9945,潤泰新,16,0,16,華南永昌-竹北,2023-08-15,9339
00706L,期元大S＆P日圓正2,15,0,15,華南永昌-竹北,2023-08-15,9339
3014,聯陽,15,1,14,華南永昌-竹北,2023-08-15,9339
0055,元大MSCI金融,13,0,13,華南永昌-竹北,2023-08-15,9339
00882,中信中國高股息,12,0,12,華南永昌-竹北,2023-08-15,9339
00772B,中信高評級公司債,11,0,11,華南永昌-竹北,2023-08-15,9339
4123,晟德,11,0,11,華南永昌-竹北,2023-08-15,9339
9938,百和,11,0,11,華南永昌-竹北,2023-08-15,9339
0061,元大寶滬深,10,0,10,華南永昌-竹北,2023-08-15,9339
1513,中興電,13,3,10,華南永昌-竹北,2023-08-15,9339
1519,華城,10,0,10,華南永昌-竹北,2023-08-15,9339
3013,晟銘電,11,1,10,華南永昌-竹北,2023-08-15,9339
3305,昇貿,10,0,10,華南永昌-竹北,2023-08-15,9339
9939,宏全,10,0,10,華南永昌-竹北,2023-08-15,9339
3213,茂訊,11,1,10,華南永昌-竹北,2023-08-15,9339
1560,中砂,9,0,9,華南永昌-竹北,2023-08-15,9339
00679B,元大美債20年,8,0,8,華南永昌-竹北,2023-08-15,9339
2883,凱基金,8,0,8,華南永昌-竹北,2023-08-15,9339
4938,和碩,24,16,8,華南永昌-竹北,2023-08-15,9339
2887,台新金,7,0,7,華南永昌-竹北,2023-08-15,9339
3032,偉訓,35,28,7,華南永昌-竹北,2023-08-15,9339
3308,聯德,7,0,7,華南永昌-竹北,2023-08-15,9339
4102,永日,7,0,7,華南永昌-竹北,2023-08-15,9339
5880,合庫金,9,2,7,華南永昌-竹北,2023-08-15,9339
3231,緯創,230,224,6,華南永昌-竹北,2023-08-15,9339
2332,友訊,6,0,6,華南永昌-竹北,2023-08-15,9339
00712,復華富時不動產,6,0,6,華南永昌-竹北,2023-08-15,9339
00720B,元大投資級公司債,6,0,6,華南永昌-竹北,2023-08-15,9339
00929,復華台灣科技優息,107,4,103,華南永昌-竹北,2023-08-16,9339
6446,藥華藥,81,0,81,華南永昌-竹北,2023-08-16,9339
00637L,元大滬深300正2,105,30,75,華南永昌-竹北,2023-08-16,9339
2888,新光金,69,0,69,華南永昌-竹北,2023-08-16,9339
00772B,中信高評級公司債,51,0,51,華南永昌-竹北,2023-08-16,9339
6167,久正,50,0,50,華南永昌-竹北,2023-08-16,9339
1540,喬福,45,5,40,華南永昌-竹北,2023-08-16,9339
0056,元大高股息,38,1,37,華南永昌-竹北,2023-08-16,9339
2637,慧洋-KY,35,9,26,華南永昌-竹北,2023-08-16,9339
3037,欣興,41,16,25,華南永昌-竹北,2023-08-16,9339
2383,台光電,27,3,24,華南永昌-竹北,2023-08-16,9339
2883,凱基金,24,1,23,華南永昌-竹北,2023-08-16,9339
9945,潤泰新,21,0,21,華南永昌-竹北,2023-08-16,9339
1417,嘉裕,20,0,20,華南永昌-竹北,2023-08-16,9339
2066,世德,17,0,17,華南永昌-竹北,2023-08-16,9339
3661,世芯-KY,29,13,16,華南永昌-竹北,2023-08-16,9339
6770,力積電,17,1,16,華南永昌-竹北,2023-08-16,9339
6664,群翊,19,4,15,華南永昌-竹北,2023-08-16,9339
2363,矽統,40,25,15,華南永昌-竹北,2023-08-16,9339
2303,聯電,25,11,14,華南永昌-竹北,2023-08-16,9339
00931B,統一美債20年,13,0,13,華南永昌-竹北,2023-08-16,9339
8358,金居,35,22,13,華南永昌-竹北,2023-08-16,9339
00882,中信中國高股息,12,0,12,華南永昌-竹北,2023-08-16,9339
3013,晟銘電,12,0,12,華南永昌-竹北,2023-08-16,9339
00878,國泰永續高股息,32,20,12,華南永昌-竹北,2023-08-16,9339
3682,亞太電,16,4,12,華南永昌-竹北,2023-08-16,9339
00923,群益台ESG低碳50,11,0,11,華南永昌-竹北,2023-08-16,9339
2618,長榮航,15,4,11,華南永昌-竹北,2023-08-16,9339
1802,台玻,12,1,11,華南永昌-竹北,2023-08-16,9339
2880,華南金,12,2,10,華南永昌-竹北,2023-08-16,9339
2324,仁寶,41,31,10,華南永昌-竹北,2023-08-16,9339
2886,兆豐金,10,0,10,華南永昌-竹北,2023-08-16,9339
6533,晶心科,10,0,10,華南永昌-竹北,2023-08-16,9339
1909,榮成,10,0,10,華南永昌-竹北,2023-08-16,9339
2031,新光鋼,10,0,10,華南永昌-竹北,2023-08-16,9339
3022,威強電,10,0,10,華南永昌-竹北,2023-08-16,9339
6643,M31,10,0,10,華南永昌-竹北,2023-08-16,9339
2421,建準,56,47,9,華南永昌-竹北,2023-08-16,9339
1101,台泥,8,0,8,華南永昌-竹北,2023-08-16,9339
6443,元晶,8,0,8,華南永昌-竹北,2023-08-16,9339
2402,毅嘉,12,5,7,華南永昌-竹北,2023-08-16,9339
2603,長榮,27,19,8,華南永昌-竹北,2023-08-16,9339
2834,臺企銀,7,0,7,華南永昌-竹北,2023-08-16,9339
00905,FT臺灣Smart,7,0,7,華南永昌-竹北,2023-08-16,9339
00891,中信關鍵半導體,11,4,7,華南永昌-竹北,2023-08-16,9339
3706,神達,14,7,7,華南永昌-竹北,2023-08-16,9339
0050,元大台灣50,6,0,6,華南永昌-竹北,2023-08-16,9339
00900,富邦特選高股息30,11,5,6,華南永昌-竹北,2023-08-16,9339
1402,遠東新,6,0,6,華南永昌-竹北,2023-08-16,9339
4102,永日,27,21,6,華南永昌-竹北,2023-08-16,9339
2886,兆豐金,174,0,174,華南永昌-竹北,2023-08-17,9339
00857B,永豐20年美公債,100,0,100,華南永昌-竹北,2023-08-17,9339
2324,仁寶,108,14,94,華南永昌-竹北,2023-08-17,9339
2380,虹光,65,0,65,華南永昌-竹北,2023-08-17,9339
2425,承啟,65,0,65,華南永昌-竹北,2023-08-17,9339
2851,中再保,52,0,52,華南永昌-竹北,2023-08-17,9339
2892,第一金,50,0,50,華南永昌-竹北,2023-08-17,9339
2383,台光電,53,4,49,華南永昌-竹北,2023-08-17,9339
2382,廣達,232,183,49,華南永昌-竹北,2023-08-17,9339
2363,矽統,71,24,47,華南永昌-竹北,2023-08-17,9339
2413,環科,44,0,44,華南永昌-竹北,2023-08-17,9339
00929,復華台灣科技優息,41,0,41,華南永昌-竹北,2023-08-17,9339
3056,富華新,34,0,34,華南永昌-竹北,2023-08-17,9339
8050,廣積,69,35,34,華南永昌-竹北,2023-08-17,9339
00687B,國泰20年美債,29,0,29,華南永昌-竹北,2023-08-17,9339
3587,閎康,40,13,27,華南永昌-竹北,2023-08-17,9339
00637L,元大滬深300正2,25,0,25,華南永昌-竹北,2023-08-17,9339
00772B,中信高評級公司債,22,0,22,華南永昌-竹北,2023-08-17,9339
4906,正文,20,0,20,華南永昌-竹北,2023-08-17,9339
6285,啟��,25,5,20,華南永昌-竹北,2023-08-17,9339
00713,元大台灣高息低波,20,1,19,華南永昌-竹北,2023-08-17,9339
4114,健喬,19,0,19,華南永昌-竹北,2023-08-17,9339
6274,台燿,28,9,19,華南永昌-竹北,2023-08-17,9339
2374,佳能,21,3,18,華南永昌-竹北,2023-08-17,9339
00712,復華富時不動產,16,0,16,華南永昌-竹北,2023-08-17,9339
00720B,元大投資級公司債,16,0,16,華南永昌-竹北,2023-08-17,9339
1471,首利,16,0,16,華南永昌-竹北,2023-08-17,9339
0056,元大高股息,15,0,15,華南永昌-竹北,2023-08-17,9339
8936,國統,15,0,15,華南永昌-竹北,2023-08-17,9339
2881,富邦金,13,0,13,華南永昌-竹北,2023-08-17,9339
2388,威盛,41,29,12,華南永昌-竹北,2023-08-17,9339
2834,臺企銀,12,0,12,華南永昌-竹北,2023-08-17,9339
6167,久正,11,0,11,華南永昌-竹北,2023-08-17,9339
8069,元太,15,5,10,華南永昌-竹北,2023-08-17,9339
2338,光罩,10,0,10,華南永昌-竹北,2023-08-17,9339
2355,敬鵬,10,0,10,華南永昌-竹北,2023-08-17,9339
9929,秋雨,10,0,10,華南永昌-竹北,2023-08-17,9339
1608,華榮,10,1,9,華南永昌-竹北,2023-08-17,9339
2460,建通,12,3,9,華南永昌-竹北,2023-08-17,9339
6235,華孚,9,0,9,華南永昌-竹北,2023-08-17,9339
6569,醫揚,9,0,9,華南永昌-竹北,2023-08-17,9339
6125,廣運,19,11,8,華南永昌-竹北,2023-08-17,9339
3231,緯創,182,175,7,華南永昌-竹北,2023-08-17,9339
3715,定穎投控,26,19,7,華南永昌-竹北,2023-08-17,9339
2880,華南金,7,0,7,華南永昌-竹北,2023-08-17,9339
1612,宏泰,7,0,7,華南永昌-竹北,2023-08-17,9339
2353,宏��,28,21,7,華南永昌-竹北,2023-08-17,9339
3163,波若威,16,9,7,華南永昌-竹北,2023-08-17,9339
9941,裕融,7,0,7,華南永昌-竹北,2023-08-17,9339
00882,中信中國高股息,6,0,6,華南永昌-竹北,2023-08-17,9339
2399,映泰,165,2,163,華南永昌-竹北,2023-08-18,9339
00929,復華台灣科技優息,161,0,161,華南永昌-竹北,2023-08-18,9339
2884,玉山金,154,0,154,華南永昌-竹北,2023-08-18,9339
3043,科風,174,61,113,華南永昌-竹北,2023-08-18,9339
3056,富華新,106,2,104,華南永昌-竹北,2023-08-18,9339
2376,技嘉,161,60,101,華南永昌-竹北,2023-08-18,9339
2201,裕隆,81,20,61,華南永昌-竹北,2023-08-18,9339
2382,廣達,364,310,54,華南永昌-竹北,2023-08-18,9339
3014,聯陽,53,0,53,華南永昌-竹北,2023-08-18,9339
2425,承啟,52,2,50,華南永昌-竹北,2023-08-18,9339
6188,廣明,75,30,45,華南永昌-竹北,2023-08-18,9339
5531,鄉林,39,0,39,華南永昌-竹北,2023-08-18,9339
00679B,元大美債20年,35,0,35,華南永昌-竹北,2023-08-18,9339
6799,來頡,38,3,35,華南永昌-竹北,2023-08-18,9339
2383,台光電,42,8,34,華南永昌-竹北,2023-08-18,9339
3362,先進光,67,35,32,華南永昌-竹北,2023-08-18,9339
5340,建榮,32,0,32,華南永昌-竹北,2023-08-18,9339
2356,英業達,44,14,30,華南永昌-竹北,2023-08-18,9339
2303,聯電,47,19,28,華南永昌-竹北,2023-08-18,9339
2324,仁寶,66,40,26,華南永昌-竹北,2023-08-18,9339
2374,佳能,36,13,23,華南永昌-竹北,2023-08-18,9339
4102,永日,31,9,22,華南永昌-竹北,2023-08-18,9339
00712,復華富時不動產,20,0,20,華南永昌-竹北,2023-08-18,9339
00878,國泰永續高股息,27,7,20,華南永昌-竹北,2023-08-18,9339
1503,士電,20,2,18,華南永昌-竹北,2023-08-18,9339
00713,元大台灣高息低波,18,0,18,華南永昌-竹北,2023-08-18,9339
2329,華泰,68,52,16,華南永昌-竹北,2023-08-18,9339
1504,東元,45,32,13,華南永昌-竹北,2023-08-18,9339
6274,台燿,24,11,13,華南永昌-竹北,2023-08-18,9339
00772B,中信高評級公司債,12,0,12,華南永昌-竹北,2023-08-18,9339
1609,大亞,12,0,12,華南永昌-竹北,2023-08-18,9339
3032,偉訓,15,3,12,華南永昌-竹北,2023-08-18,9339
4533,協易機,13,1,12,華南永昌-竹北,2023-08-18,9339
8201,無敵,12,0,12,華南永昌-竹北,2023-08-18,9339
00632R,元大台灣50反1,11,0,11,華南永昌-竹北,2023-08-18,9339
2330,台積電,13,3,10,華南永昌-竹北,2023-08-18,9339
00882,中信中國高股息,10,0,10,華南永昌-竹北,2023-08-18,9339
00877,復華中國5G,10,0,10,華南永昌-竹北,2023-08-18,9339
00665L,富邦�琤肭磪囓�2,15,5,10,華南永昌-竹北,2023-08-18,9339
2355,敬鵬,10,0,10,華南永昌-竹北,2023-08-18,9339
6158,禾昌,10,0,10,華南永昌-竹北,2023-08-18,9339
00737,國泰AI+Robo,10,0,10,華南永昌-竹北,2023-08-18,9339
3548,兆利,10,1,9,華南永昌-竹北,2023-08-18,9339
6125,廣運,19,10,9,華南永昌-竹北,2023-08-18,9339
2359,所羅門,14,6,8,華南永昌-竹北,2023-08-18,9339
2748,雲品,10,2,8,華南永昌-竹北,2023-08-18,9339
2488,漢平,7,0,7,華南永昌-竹北,2023-08-18,9339
8255,朋程,6,0,6,華南永昌-竹北,2023-08-18,9339
2352,佳世達,9,3,6,華南永昌-竹北,2023-08-18,9339
2421,建準,27,21,6,華南永昌-竹北,2023-08-18,9339
2382,廣達,709,22,687,華南永昌-竹北,2023-08-21,9339
6446,藥華藥,127,7,120,華南永昌-竹北,2023-08-21,9339
2834,臺企銀,70,0,70,華南永昌-竹北,2023-08-21,9339
2363,矽統,74,24,50,華南永昌-竹北,2023-08-21,9339
6770,力積電,65,21,44,華南永昌-竹北,2023-08-21,9339
6235,華孚,47,7,40,華南永昌-竹北,2023-08-21,9339
00891,中信關鍵半導體,33,1,32,華南永昌-竹北,2023-08-21,9339
2412,中華電,31,0,31,華南永昌-竹北,2023-08-21,9339
9945,潤泰新,30,0,30,華南永昌-竹北,2023-08-21,9339
00637L,元大滬深300正2,90,60,30,華南永昌-竹北,2023-08-21,9339
3037,欣興,26,0,26,華南永昌-竹北,2023-08-21,9339
3043,科風,44,20,24,華南永昌-竹北,2023-08-21,9339
2329,華泰,32,10,22,華南永昌-竹北,2023-08-21,9339
3689,湧德,22,1,21,華南永昌-竹北,2023-08-21,9339
2891,中信金,21,4,17,華南永昌-竹北,2023-08-21,9339
8996,高力,20,5,15,華南永昌-竹北,2023-08-21,9339
2892,第一金,14,0,14,華南永昌-竹北,2023-08-21,9339
00679B,元大美債20年,13,0,13,華南永昌-竹北,2023-08-21,9339
2303,聯電,41,29,12,華南永昌-竹北,2023-08-21,9339
5371,中光電,12,0,12,華南永昌-竹北,2023-08-21,9339
2637,慧洋-KY,21,10,11,華南永昌-竹北,2023-08-21,9339
4123,晟德,11,0,11,華南永昌-竹北,2023-08-21,9339
4906,正文,31,20,11,華南永昌-竹北,2023-08-21,9339
00895,富邦未來車,10,0,10,華南永昌-竹北,2023-08-21,9339
00888,永豐台灣ESG,10,0,10,華南永昌-竹北,2023-08-21,9339
2374,佳能,10,0,10,華南永昌-竹北,2023-08-21,9339
4938,和碩,23,13,10,華南永昌-竹北,2023-08-21,9339
6277,宏正,10,0,10,華南永昌-竹北,2023-08-21,9339
2301,光寶科,21,12,9,華南永昌-竹北,2023-08-21,9339
8042,金山電,9,0,9,華南永昌-竹北,2023-08-21,9339
00885,富邦越南,8,0,8,華南永昌-竹北,2023-08-21,9339
2605,新興,40,32,8,華南永昌-竹北,2023-08-21,9339
00882,中信中國高股息,7,0,7,華南永昌-竹北,2023-08-21,9339
3051,力特,12,5,7,華南永昌-竹北,2023-08-21,9339
2355,敬鵬,8,1,7,華南永昌-竹北,2023-08-21,9339
3483,力致,16,9,7,華南永昌-竹北,2023-08-21,9339
2330,台積電,7,0,7,華南永昌-竹北,2023-08-21,9339
00687B,國泰20年美債,6,0,6,華南永昌-竹北,2023-08-21,9339
00931B,統一美債20年,6,0,6,華南永昌-竹北,2023-08-21,9339
4543,萬在,6,0,6,華南永昌-竹北,2023-08-21,9339
6531,愛普*,11,5,6,華南永昌-竹北,2023-08-21,9339
00929,復華台灣科技優息,9,3,6,華南永昌-竹北,2023-08-21,9339
5531,鄉林,5,0,5,華南永昌-竹北,2023-08-21,9339
2609,陽明,24,19,5,華南永昌-竹北,2023-08-21,9339
6191,精成科,6,1,5,華南永昌-竹北,2023-08-21,9339
00665L,富邦�琤肭磪囓�2,10,5,5,華南永昌-竹北,2023-08-21,9339
1532,勤美,5,0,5,華南永昌-竹北,2023-08-21,9339
2402,毅嘉,5,0,5,華南永昌-竹北,2023-08-21,9339
2457,飛宏,44,39,5,華南永昌-竹北,2023-08-21,9339
2488,漢平,5,0,5,華南永昌-竹北,2023-08-21,9339
2382,廣達,1175,217,958,華南永昌-竹北,2023-08-22,9339
00712,復華富時不動產,301,0,301,華南永昌-竹北,2023-08-22,9339
3231,緯創,803,563,240,華南永昌-竹北,2023-08-22,9339
00637L,元大滬深300正2,255,115,140,華南永昌-竹北,2023-08-22,9339
00857B,永豐20年美公債,100,0,100,華南永昌-竹北,2023-08-22,9339
6188,廣明,112,33,79,華南永昌-竹北,2023-08-22,9339
2891,中信金,67,0,67,華南永昌-竹北,2023-08-22,9339
6446,藥華藥,53,3,50,華南永昌-竹北,2023-08-22,9339
2472,立隆電,40,0,40,華南永昌-竹北,2023-08-22,9339
3014,聯陽,40,0,40,華南永昌-竹北,2023-08-22,9339
8299,群聯,40,0,40,華南永昌-竹北,2023-08-22,9339
2201,裕隆,32,0,32,華南永昌-竹北,2023-08-22,9339
2834,臺企銀,30,0,30,華南永昌-竹北,2023-08-22,9339
2363,矽統,209,180,29,華南永昌-竹北,2023-08-22,9339
2421,建準,26,4,22,華南永昌-竹北,2023-08-22,9339
2884,玉山金,22,0,22,華南永昌-竹北,2023-08-22,9339
5531,鄉林,21,0,21,華南永昌-竹北,2023-08-22,9339
00706L,期元大S＆P日圓正2,20,0,20,華南永昌-竹北,2023-08-22,9339
3483,力致,25,5,20,華南永昌-竹北,2023-08-22,9339
2645,長榮航太,18,0,18,華南永昌-竹北,2023-08-22,9339
00720B,元大投資級公司債,16,0,16,華南永昌-竹北,2023-08-22,9339
3043,科風,20,5,15,華南永昌-竹北,2023-08-22,9339
00929,復華台灣科技優息,21,8,13,華南永昌-竹北,2023-08-22,9339
4979,華星光,21,10,11,華南永昌-竹北,2023-08-22,9339
00795B,中信美國公債20年,11,0,11,華南永昌-竹北,2023-08-22,9339
3056,富華新,13,3,10,華南永昌-竹北,2023-08-22,9339
00772B,中信高評級公司債,10,0,10,華南永昌-竹北,2023-08-22,9339
00669R,國泰美國道瓊反1,10,0,10,華南永昌-竹北,2023-08-22,9339
00648R,元大S＆P500反1,10,0,10,華南永昌-竹北,2023-08-22,9339
00665L,富邦�琤肭磪囓�2,10,0,10,華南永昌-竹北,2023-08-22,9339
5353,台林,10,0,10,華南永昌-竹北,2023-08-22,9339
0061,元大寶滬深,10,0,10,華南永昌-竹北,2023-08-22,9339
2488,漢平,9,0,9,華南永昌-竹北,2023-08-22,9339
6158,禾昌,10,1,9,華南永昌-竹北,2023-08-22,9339
2618,長榮航,31,23,8,華南永昌-竹北,2023-08-22,9339
3441,聯一光,9,1,8,華南永昌-竹北,2023-08-22,9339
2211,長榮鋼,7,0,7,華南永昌-竹北,2023-08-22,9339
3308,聯德,6,0,6,華南永昌-竹北,2023-08-22,9339
3042,晶技,6,0,6,華南永昌-竹北,2023-08-22,9339
2883,凱基金,6,0,6,華南永昌-竹北,2023-08-22,9339
2881,富邦金,6,0,6,華南永昌-竹北,2023-08-22,9339
5439,高技,6,0,6,華南永昌-竹北,2023-08-22,9339
8210,勤誠,21,16,5,華南永昌-竹北,2023-08-22,9339
00679B,元大美債20年,6,1,5,華南永昌-竹北,2023-08-22,9339
2002,中鋼,5,0,5,華南永昌-竹北,2023-08-22,9339
00773B,中信優先金融債,5,0,5,華南永昌-竹北,2023-08-22,9339
2376,技嘉,451,446,5,華南永昌-竹北,2023-08-22,9339
3306,鼎天,28,23,5,華南永昌-竹北,2023-08-22,9339
1707,葡萄王,5,0,5,華南永昌-竹北,2023-08-22,9339
1904,正隆,5,0,5,華南永昌-竹北,2023-08-22,9339
1540,喬福,100,0,100,華南永昌-竹北,2023-08-23,9339
2402,毅嘉,95,2,93,華南永昌-竹北,2023-08-23,9339
3043,科風,100,15,85,華南永昌-竹北,2023-08-23,9339
1722,台肥,51,0,51,華南永昌-竹北,2023-08-23,9339
3056,富華新,41,0,41,華南永昌-竹北,2023-08-23,9339
5876,上海商銀,40,0,40,華南永昌-竹北,2023-08-23,9339
3311,閎暉,38,0,38,華南永昌-竹北,2023-08-23,9339
2906,高林,35,0,35,華南永昌-竹北,2023-08-23,9339
2412,中華電,30,0,30,華南永昌-竹北,2023-08-23,9339
8210,勤誠,45,16,29,華南永昌-竹北,2023-08-23,9339
2329,華泰,56,29,27,華南永昌-竹北,2023-08-23,9339
2486,一詮,38,12,26,華南永昌-竹北,2023-08-23,9339
2610,華航,35,10,25,華南永昌-竹北,2023-08-23,9339
3035,智原,30,8,22,華南永昌-竹北,2023-08-23,9339
3013,晟銘電,186,165,21,華南永昌-竹北,2023-08-23,9339
1909,榮成,21,0,21,華南永昌-竹北,2023-08-23,9339
5452,佶優,22,1,21,華南永昌-竹北,2023-08-23,9339
2340,台亞,20,0,20,華南永昌-竹北,2023-08-23,9339
6672,騰輝電子-KY,20,0,20,華南永昌-竹北,2023-08-23,9339
2618,長榮航,111,93,18,華南永昌-竹北,2023-08-23,9339
2539,櫻花建,15,0,15,華南永昌-竹北,2023-08-23,9339
5340,建榮,16,3,13,華南永昌-竹北,2023-08-23,9339
3094,聯傑,15,3,12,華南永昌-竹北,2023-08-23,9339
8201,無敵,13,1,12,華南永昌-竹北,2023-08-23,9339
2886,兆豐金,11,0,11,華南永昌-竹北,2023-08-23,9339
2345,智邦,11,0,11,華南永昌-竹北,2023-08-23,9339
4906,正文,11,0,11,華南永昌-竹北,2023-08-23,9339
00753L,中信中國50正2,10,0,10,華南永昌-竹北,2023-08-23,9339
2409,友達,10,0,10,華南永昌-竹北,2023-08-23,9339
2607,榮運,10,0,10,華南永昌-竹北,2023-08-23,9339
3701,大眾控,10,0,10,華南永昌-竹北,2023-08-23,9339
5371,中光電,10,0,10,華南永昌-竹北,2023-08-23,9339
3308,聯德,11,2,9,華南永昌-竹北,2023-08-23,9339
6235,華孚,14,5,9,華南永昌-竹北,2023-08-23,9339
2637,慧洋-KY,57,50,7,華南永昌-竹北,2023-08-23,9339
1504,東元,6,0,6,華南永昌-竹北,2023-08-23,9339
00708L,期元大S＆P黃金正2,6,0,6,華南永昌-竹北,2023-08-23,9339
3707,漢磊,6,0,6,華南永昌-竹北,2023-08-23,9339
5880,合庫金,6,0,6,華南永昌-竹北,2023-08-23,9339
2884,玉山金,5,0,5,華南永昌-竹北,2023-08-23,9339
00662,富邦NASDAQ,5,0,5,華南永昌-竹北,2023-08-23,9339
3483,力致,7,2,5,華南永昌-竹北,2023-08-23,9339
6569,醫揚,5,0,5,華南永昌-竹北,2023-08-23,9339
00751B,元大AAA至A公司債,4,0,4,華南永昌-竹北,2023-08-23,9339
2303,聯電,4,0,4,華南永昌-竹北,2023-08-23,9339
00885,富邦越南,4,0,4,華南永昌-竹北,2023-08-23,9339
00878,國泰永續高股息,6,2,4,華南永昌-竹北,2023-08-23,9339
1795,美時,5,1,4,華南永昌-竹北,2023-08-23,9339
6585,鼎基,13,9,4,華南永昌-竹北,2023-08-23,9339
1471,首利,7,3,4,華南永昌-竹北,2023-08-23,9339
3231,緯創,1759,1455,304,華南永昌-竹北,2023-08-24,9339
2324,仁寶,379,76,303,華南永昌-竹北,2023-08-24,9339
2382,廣達,533,394,139,華南永昌-竹北,2023-08-24,9339
2645,長榮航太,103,13,90,華南永昌-竹北,2023-08-24,9339
2357,華碩,121,74,47,華南永昌-竹北,2023-08-24,9339
00671R,富邦NASDAQ反1,40,0,40,華南永昌-竹北,2023-08-24,9339
8927,北基,34,0,34,華南永昌-竹北,2023-08-24,9339
00929,復華台灣科技優息,28,0,28,華南永昌-竹北,2023-08-24,9339
6669,緯穎,27,0,27,華南永昌-竹北,2023-08-24,9339
1540,喬福,25,0,25,華南永昌-竹北,2023-08-24,9339
3051,力特,27,5,22,華南永昌-竹北,2023-08-24,9339
6770,力積電,32,10,22,華南永昌-竹北,2023-08-24,9339
00636,國泰中國A50,21,0,21,華南永昌-竹北,2023-08-24,9339
3693,營邦,21,0,21,華南永昌-竹北,2023-08-24,9339
8050,廣積,26,5,21,華南永昌-竹北,2023-08-24,9339
3339,泰谷,20,0,20,華南永昌-竹北,2023-08-24,9339
2401,凌陽,23,3,20,華南永昌-竹北,2023-08-24,9339
2609,陽明,27,8,19,華南永昌-竹北,2023-08-24,9339
2867,三商壽,18,0,18,華南永昌-竹北,2023-08-24,9339
5340,建榮,17,0,17,華南永昌-竹北,2023-08-24,9339
3338,泰碩,25,10,15,華南永昌-竹北,2023-08-24,9339
2883,凱基金,13,1,12,華南永昌-竹北,2023-08-24,9339
4102,永日,28,16,12,華南永昌-竹北,2023-08-24,9339
6664,群翊,13,1,12,華南永昌-竹北,2023-08-24,9339
00712,復華富時不動產,11,0,11,華南永昌-竹北,2023-08-24,9339
2892,第一金,11,0,11,華南永昌-竹北,2023-08-24,9339
6290,良維,21,10,11,華南永昌-竹北,2023-08-24,9339
3596,智易,11,0,11,華南永昌-竹北,2023-08-24,9339
2405,輔信,10,0,10,華南永昌-竹北,2023-08-24,9339
00680L,元大美債20正2,9,0,9,華南永昌-竹北,2023-08-24,9339
2355,敬鵬,11,2,9,華南永昌-竹北,2023-08-24,9339
2634,漢翔,16,7,9,華南永昌-竹北,2023-08-24,9339
3521,鴻翊,9,0,9,華南永昌-竹北,2023-08-24,9339
00900,富邦特選高股息30,8,0,8,華南永昌-竹北,2023-08-24,9339
2457,飛宏,10,2,8,華南永昌-竹北,2023-08-24,9339
6446,藥華藥,20,12,8,華南永昌-竹北,2023-08-24,9339
6643,M31,10,2,8,華南永昌-竹北,2023-08-24,9339
2002,中鋼,7,0,7,華南永昌-竹北,2023-08-24,9339
4968,立積,7,0,7,華南永昌-竹北,2023-08-24,9339
8227,巨有科技,7,0,7,華南永昌-竹北,2023-08-24,9339
3702,大聯大,7,0,7,華南永昌-竹北,2023-08-24,9339
2421,建準,36,29,7,華南永昌-竹北,2023-08-24,9339
2312,金寶,8,2,6,華南永昌-竹北,2023-08-24,9339
2460,建通,7,1,6,華南永昌-竹北,2023-08-24,9339
2916,滿心,6,0,6,華南永昌-竹北,2023-08-24,9339
3380,明泰,6,0,6,華南永昌-竹北,2023-08-24,9339
8234,新漢,9,3,6,華南永昌-竹北,2023-08-24,9339
1539,巨庭,6,0,6,華南永昌-竹北,2023-08-24,9339
00650L,復華香港正2,5,0,5,華南永昌-竹北,2023-08-24,9339
2059,川湖,5,0,5,華南永昌-竹北,2023-08-24,9339
3231,緯創,1453,1065,388,華南永昌-竹北,2023-08-25,9339
00907,永豐優息存股,301,0,301,華南永昌-竹北,2023-08-25,9339
00637L,元大滬深300正2,125,0,125,華南永昌-竹北,2023-08-25,9339
2412,中華電,107,0,107,華南永昌-竹北,2023-08-25,9339
4938,和碩,101,10,91,華南永昌-竹北,2023-08-25,9339
00929,復華台灣科技優息,78,0,78,華南永昌-竹北,2023-08-25,9339
00878,國泰永續高股息,74,1,73,華南永昌-竹北,2023-08-25,9339
2201,裕隆,79,11,68,華南永昌-竹北,2023-08-25,9339
2363,矽統,282,226,56,華南永昌-竹北,2023-08-25,9339
4102,永日,49,1,48,華南永昌-竹北,2023-08-25,9339
2739,寒舍,41,0,41,華南永昌-竹北,2023-08-25,9339
2745,五福,41,0,41,華南永昌-竹北,2023-08-25,9339
2376,技嘉,71,30,41,華南永昌-竹北,2023-08-25,9339
2356,英業達,130,90,40,華南永昌-竹北,2023-08-25,9339
00706L,期元大S＆P日圓正2,40,0,40,華南永昌-竹北,2023-08-25,9339
8467,波力-KY,36,0,36,華南永昌-竹北,2023-08-25,9339
00900,富邦特選高股息30,33,0,33,華南永昌-竹北,2023-08-25,9339
3227,原相,60,33,27,華南永昌-竹北,2023-08-25,9339
8050,廣積,28,4,24,華南永昌-竹北,2023-08-25,9339
2303,聯電,25,3,22,華南永昌-竹北,2023-08-25,9339
1504,東元,23,1,22,華南永昌-竹北,2023-08-25,9339
6187,萬潤,22,0,22,華南永昌-竹北,2023-08-25,9339
2606,裕民,101,80,21,華南永昌-竹北,2023-08-25,9339
2637,慧洋-KY,53,33,20,華南永昌-竹北,2023-08-25,9339
6664,群翊,18,0,18,華南永昌-竹北,2023-08-25,9339
6672,騰輝電子-KY,18,0,18,華南永昌-竹北,2023-08-25,9339
3051,力特,16,0,16,華南永昌-竹北,2023-08-25,9339
2330,台積電,16,2,14,華南永昌-竹北,2023-08-25,9339
00632R,元大台灣50反1,21,8,13,華南永昌-竹北,2023-08-25,9339
0056,元大高股息,12,0,12,華南永昌-竹北,2023-08-25,9339
2891,中信金,11,0,11,華南永昌-竹北,2023-08-25,9339
2329,華泰,12,1,11,華南永昌-竹北,2023-08-25,9339
2883,凱基金,11,0,11,華南永昌-竹北,2023-08-25,9339
2059,川湖,11,1,10,華南永昌-竹北,2023-08-25,9339
00830,國泰費城半導體,10,0,10,華南永昌-竹北,2023-08-25,9339
2106,建大,10,0,10,華南永昌-竹北,2023-08-25,9339
0061,元大寶滬深,10,0,10,華南永昌-竹北,2023-08-25,9339
1314,中石化,10,0,10,華南永昌-竹北,2023-08-25,9339
5534,長虹,10,0,10,華南永昌-竹北,2023-08-25,9339
6547,高端疫苗,10,0,10,華南永昌-竹北,2023-08-25,9339
6191,精成科,9,0,9,華南永昌-竹北,2023-08-25,9339
00881,國泰台灣5G+,9,0,9,華南永昌-竹北,2023-08-25,9339
6285,啟��,10,1,9,華南永昌-竹北,2023-08-25,9339
2884,玉山金,9,0,9,華南永昌-竹北,2023-08-25,9339
1101,台泥,8,0,8,華南永昌-竹北,2023-08-25,9339
2371,大同,8,0,8,華南永昌-竹北,2023-08-25,9339
2382,廣達,305,298,7,華南永昌-竹北,2023-08-25,9339
6282,康舒,7,0,7,華南永昌-竹北,2023-08-25,9339
2354,鴻準,8,1,7,華南永昌-竹北,2023-08-25,9339
00919,群益台灣精選高息,7,0,7,華南永昌-竹北,2023-08-25,9339
00929,復華台灣科技優息,293,10,283,華南永昌-竹北,2023-08-28,9339
2201,裕隆,264,17,247,華南永昌-竹北,2023-08-28,9339
00637L,元大滬深300正2,345,200,145,華南永昌-竹北,2023-08-28,9339
2402,毅嘉,107,1,106,華南永昌-竹北,2023-08-28,9339
3481,群創,102,23,79,華南永昌-竹北,2023-08-28,9339
2884,玉山金,51,0,51,華南永昌-竹北,2023-08-28,9339
8467,波力-KY,38,0,38,華南永昌-竹北,2023-08-28,9339
2382,廣達,73,39,34,華南永昌-竹北,2023-08-28,9339
2739,寒舍,31,0,31,華南永昌-竹北,2023-08-28,9339
00878,國泰永續高股息,32,2,30,華南永昌-竹北,2023-08-28,9339
2376,技嘉,38,15,23,華南永昌-竹北,2023-08-28,9339
4968,立積,20,0,20,華南永昌-竹北,2023-08-28,9339
5243,乙盛-KY,20,0,20,華南永昌-竹北,2023-08-28,9339
2369,菱生,20,1,19,華南永昌-竹北,2023-08-28,9339
2329,華泰,39,20,19,華南永昌-竹北,2023-08-28,9339
3227,原相,29,10,19,華南永昌-竹北,2023-08-28,9339
2618,長榮航,92,76,16,華南永昌-竹北,2023-08-28,9339
6605,帝寶,16,0,16,華南永昌-竹北,2023-08-28,9339
00882,中信中國高股息,15,0,15,華南永昌-竹北,2023-08-28,9339
3051,力特,21,6,15,華南永昌-竹北,2023-08-28,9339
2312,金寶,14,0,14,華南永昌-竹北,2023-08-28,9339
4137,麗豐-KY,14,0,14,華南永昌-竹北,2023-08-28,9339
8050,廣積,17,3,14,華南永昌-竹北,2023-08-28,9339
3701,大眾控,24,11,13,華南永昌-竹北,2023-08-28,9339
3706,神達,23,10,13,華南永昌-竹北,2023-08-28,9339
2355,敬鵬,12,0,12,華南永昌-竹北,2023-08-28,9339
2748,雲品,11,0,11,華南永昌-竹北,2023-08-28,9339
2913,農林,11,0,11,華南永昌-竹北,2023-08-28,9339
3014,聯陽,11,0,11,華南永昌-竹北,2023-08-28,9339
3025,星通,11,0,11,華南永昌-竹北,2023-08-28,9339
4207,環泰,13,2,11,華南永昌-竹北,2023-08-28,9339
4923,力士,10,0,10,華南永昌-竹北,2023-08-28,9339
1219,福壽,10,0,10,華南永昌-竹北,2023-08-28,9339
2211,長榮鋼,10,0,10,華南永昌-竹北,2023-08-28,9339
4102,永日,10,0,10,華南永昌-竹北,2023-08-28,9339
2363,矽統,208,200,8,華南永昌-竹北,2023-08-28,9339
3311,閎暉,8,0,8,華南永昌-竹北,2023-08-28,9339
3483,力致,10,2,8,華南永昌-竹北,2023-08-28,9339
2328,廣宇,7,0,7,華南永昌-竹北,2023-08-28,9339
3011,今皓,7,0,7,華南永昌-竹北,2023-08-28,9339
6187,萬潤,6,0,6,華南永昌-竹北,2023-08-28,9339
5209,新鼎,6,0,6,華南永昌-竹北,2023-08-28,9339
1539,巨庭,6,0,6,華南永昌-竹北,2023-08-28,9339
00919,群益台灣精選高息,5,0,5,華南永昌-竹北,2023-08-28,9339
6830,汎銓,5,0,5,華南永昌-竹北,2023-08-28,9339
5483,中美晶,5,0,5,華南永昌-竹北,2023-08-28,9339
00633L,富邦上証正2,5,0,5,華南永昌-竹北,2023-08-28,9339
2482,連宇,5,0,5,華南永昌-竹北,2023-08-28,9339
2488,漢平,5,0,5,華南永昌-竹北,2023-08-28,9339
3548,兆利,9,4,5,華南永昌-竹北,2023-08-28,9339
3231,緯創,359,151,208,華南永昌-竹北,2023-08-29,9339
2317,鴻海,270,76,194,華南永昌-竹北,2023-08-29,9339
2369,菱生,190,0,190,華南永昌-竹北,2023-08-29,9339
00929,復華台灣科技優息,128,1,127,華南永昌-竹北,2023-08-29,9339
00753L,中信中國50正2,100,0,100,華南永昌-竹北,2023-08-29,9339
6188,廣明,97,4,93,華南永昌-竹北,2023-08-29,9339
2376,技嘉,279,196,83,華南永昌-竹北,2023-08-29,9339
2382,廣達,267,204,63,華南永昌-竹北,2023-08-29,9339
2363,矽統,164,111,53,華南永昌-竹北,2023-08-29,9339
3051,力特,63,13,50,華南永昌-竹北,2023-08-29,9339
3037,欣興,61,17,44,華南永昌-竹北,2023-08-29,9339
2888,新光金,41,1,40,華南永昌-竹北,2023-08-29,9339
4102,永日,37,0,37,華南永昌-竹北,2023-08-29,9339
6443,元晶,61,25,36,華南永昌-竹北,2023-08-29,9339
0056,元大高股息,33,2,31,華南永昌-竹北,2023-08-29,9339
2303,聯電,28,0,28,華南永昌-竹北,2023-08-29,9339
2886,兆豐金,26,0,26,華南永昌-竹北,2023-08-29,9339
00878,國泰永續高股息,24,1,23,華南永昌-竹北,2023-08-29,9339
1612,宏泰,20,0,20,華南永昌-竹北,2023-08-29,9339
8046,南電,62,42,20,華南永昌-竹北,2023-08-29,9339
3217,優群,19,0,19,華南永昌-竹北,2023-08-29,9339
00923,群益台ESG低碳50,17,0,17,華南永昌-竹北,2023-08-29,9339
00706L,期元大S＆P日圓正2,15,0,15,華南永昌-竹北,2023-08-29,9339
3305,昇貿,13,0,13,華南永昌-竹北,2023-08-29,9339
5340,建榮,50,38,12,華南永昌-竹北,2023-08-29,9339
2739,寒舍,11,0,11,華南永昌-竹北,2023-08-29,9339
8042,金山電,11,0,11,華南永昌-竹北,2023-08-29,9339
00637L,元大滬深300正2,146,135,11,華南永昌-竹北,2023-08-29,9339
2493,揚博,10,0,10,華南永昌-竹北,2023-08-29,9339
3141,晶宏,10,0,10,華南永昌-竹北,2023-08-29,9339
8201,無敵,10,0,10,華南永昌-竹北,2023-08-29,9339
2880,華南金,9,0,9,華南永昌-竹北,2023-08-29,9339
2388,威盛,15,7,8,華南永昌-竹北,2023-08-29,9339
6235,華孚,32,24,8,華南永昌-竹北,2023-08-29,9339
8467,波力-KY,8,0,8,華南永昌-竹北,2023-08-29,9339
2331,精英,17,10,7,華南永昌-竹北,2023-08-29,9339
6672,騰輝電子-KY,7,0,7,華南永昌-竹北,2023-08-29,9339
2405,輔信,6,0,6,華南永昌-竹北,2023-08-29,9339
6191,精成科,6,0,6,華南永昌-竹北,2023-08-29,9339
2440,太空梭,6,0,6,華南永昌-竹北,2023-08-29,9339
2002,中鋼,5,0,5,華南永昌-竹北,2023-08-29,9339
1447,力鵬,5,0,5,華南永昌-竹北,2023-08-29,9339
1737,臺鹽,14,9,5,華南永昌-竹北,2023-08-29,9339
2332,友訊,5,0,5,華南永昌-竹北,2023-08-29,9339
2634,漢翔,7,2,5,華南永昌-竹北,2023-08-29,9339
3056,富華新,34,29,5,華南永昌-竹北,2023-08-29,9339
3324,雙鴻,5,0,5,華南永昌-竹北,2023-08-29,9339
4533,協易機,5,0,5,華南永昌-竹北,2023-08-29,9339
5439,高技,7,2,5,華南永昌-竹北,2023-08-29,9339
6213,聯茂,8,3,5,華南永昌-竹北,2023-08-29,9339
3037,欣興,562,8,554,華南永昌-竹北,2023-08-30,9339
00637L,元大滬深300正2,254,0,254,華南永昌-竹北,2023-08-30,9339
1802,台玻,240,2,238,華南永昌-竹北,2023-08-30,9339
3231,緯創,736,504,232,華南永昌-竹北,2023-08-30,9339
2376,技嘉,381,168,213,華南永昌-竹北,2023-08-30,9339
6235,華孚,109,9,100,華南永昌-竹北,2023-08-30,9339
3044,健鼎,108,9,99,華南永昌-竹北,2023-08-30,9339
3324,雙鴻,106,7,99,華南永昌-竹北,2023-08-30,9339
6104,創惟,65,0,65,華南永昌-竹北,2023-08-30,9339
2630,亞航,61,2,59,華南永昌-竹北,2023-08-30,9339
2301,光寶科,78,35,43,華南永昌-竹北,2023-08-30,9339
9950,萬國通,41,0,41,華南永昌-竹北,2023-08-30,9339
6016,康和證,40,0,40,華南永昌-竹北,2023-08-30,9339
2409,友達,51,20,31,華南永昌-竹北,2023-08-30,9339
6411,晶焱,30,0,30,華南永昌-竹北,2023-08-30,9339
00929,復華台灣科技優息,25,2,23,華南永昌-竹北,2023-08-30,9339
3706,神達,34,11,23,華南永昌-竹北,2023-08-30,9339
1612,宏泰,22,0,22,華南永昌-竹北,2023-08-30,9339
5876,上海商銀,22,0,22,華南永昌-竹北,2023-08-30,9339
6829,千附精密,28,7,21,華南永昌-竹北,2023-08-30,9339
3056,富華新,20,0,20,華南永昌-竹北,2023-08-30,9339
00673R,期元大S＆P原油反1,19,0,19,華南永昌-竹北,2023-08-30,9339
8936,國統,17,0,17,華南永昌-竹北,2023-08-30,9339
5225,東科-KY,16,0,16,華南永昌-竹北,2023-08-30,9339
3043,科風,20,5,15,華南永昌-竹北,2023-08-30,9339
3661,世芯-KY,16,1,15,華南永昌-竹北,2023-08-30,9339
2609,陽明,15,3,12,華南永昌-竹北,2023-08-30,9339
2614,東森,12,0,12,華南永昌-竹北,2023-08-30,9339
8201,無敵,12,0,12,華南永昌-竹北,2023-08-30,9339
00882,中信中國高股息,11,0,11,華南永昌-竹北,2023-08-30,9339
00923,群益台ESG低碳50,22,11,11,華南永昌-竹北,2023-08-30,9339
3006,晶豪科,12,1,11,華南永昌-竹北,2023-08-30,9339
5452,佶優,11,0,11,華南永昌-竹北,2023-08-30,9339
6191,精成科,10,0,10,華南永昌-竹北,2023-08-30,9339
2892,第一金,10,0,10,華南永昌-竹北,2023-08-30,9339
2915,潤泰全,10,0,10,華南永昌-竹北,2023-08-30,9339
4906,正文,10,0,10,華南永昌-竹北,2023-08-30,9339
2371,大同,10,0,10,華南永昌-竹北,2023-08-30,9339
2317,鴻海,11,2,9,華南永昌-竹北,2023-08-30,9339
1903,士紙,9,0,9,華南永昌-竹北,2023-08-30,9339
6168,宏齊,11,2,9,華南永昌-竹北,2023-08-30,9339
00891,中信關鍵半導體,8,0,8,華南永昌-竹北,2023-08-30,9339
4934,太極,8,0,8,華南永昌-竹北,2023-08-30,9339
4979,華星光,26,19,7,華南永昌-竹北,2023-08-30,9339
1441,大東,7,0,7,華南永昌-竹北,2023-08-30,9339
2421,建準,32,25,7,華南永昌-竹北,2023-08-30,9339
3521,鴻翊,7,0,7,華南永昌-竹北,2023-08-30,9339
3257,虹冠電,7,0,7,華南永昌-竹北,2023-08-30,9339
2022,聚亨,7,0,7,華南永昌-竹北,2023-08-30,9339
3259,鑫創,6,0,6,華南永昌-竹北,2023-08-30,9339
2201,裕隆,367,2,365,華南永昌-竹北,2023-08-31,9339
1802,台玻,375,32,343,華南永昌-竹北,2023-08-31,9339
2851,中再保,129,0,129,華南永昌-竹北,2023-08-31,9339
00637L,元大滬深300正2,120,0,120,華南永昌-竹北,2023-08-31,9339
1611,中電,100,0,100,華南永昌-竹北,2023-08-31,9339
3481,群創,61,1,60,華南永昌-竹北,2023-08-31,9339
3056,富華新,60,13,47,華南永昌-竹北,2023-08-31,9339
2363,矽統,1027,983,44,華南永昌-竹北,2023-08-31,9339
2412,中華電,272,230,42,華南永昌-竹北,2023-08-31,9339
5340,建榮,37,0,37,華南永昌-竹北,2023-08-31,9339
8936,國統,34,0,34,華南永昌-竹北,2023-08-31,9339
2884,玉山金,33,0,33,華南永昌-竹北,2023-08-31,9339
2402,毅嘉,77,44,33,華南永昌-竹北,2023-08-31,9339
2630,亞航,42,10,32,華南永昌-竹北,2023-08-31,9339
6112,邁達特,29,0,29,華南永昌-竹北,2023-08-31,9339
2834,臺企銀,28,0,28,華南永昌-竹北,2023-08-31,9339
00919,群益台灣精選高息,25,0,25,華南永昌-竹北,2023-08-31,9339
8086,宏捷科,27,2,25,華南永昌-竹北,2023-08-31,9339
5371,中光電,38,15,23,華南永昌-竹北,2023-08-31,9339
2401,凌陽,23,1,22,華南永昌-竹北,2023-08-31,9339
3558,神準,20,0,20,華南永昌-竹北,2023-08-31,9339
7402,邑錡,19,0,19,華南永昌-竹北,2023-08-31,9339
2610,華航,16,0,16,華南永昌-竹北,2023-08-31,9339
6412,群電,16,0,16,華南永昌-竹北,2023-08-31,9339
00893,國泰智能電動車,15,0,15,華南永昌-竹北,2023-08-31,9339
2337,旺宏,115,101,14,華南永昌-竹北,2023-08-31,9339
00878,國泰永續高股息,12,0,12,華南永昌-竹北,2023-08-31,9339
2485,兆赫,44,32,12,華南永昌-竹北,2023-08-31,9339
00720B,元大投資級公司債,10,0,10,華南永昌-竹北,2023-08-31,9339
00931B,統一美債20年,10,0,10,華南永昌-竹北,2023-08-31,9339
2211,長榮鋼,10,0,10,華南永昌-竹北,2023-08-31,9339
4743,合一,12,3,9,華南永昌-竹北,2023-08-31,9339
6213,聯茂,27,19,8,華南永昌-竹北,2023-08-31,9339
1313,聯成,7,0,7,華南永昌-竹北,2023-08-31,9339
1319,東陽,8,1,7,華南永昌-竹北,2023-08-31,9339
2436,偉詮電,29,22,7,華南永昌-竹北,2023-08-31,9339
2618,長榮航,82,75,7,華南永昌-竹北,2023-08-31,9339
5434,崇越,7,0,7,華南永昌-竹北,2023-08-31,9339
6719,力智,25,18,7,華南永昌-竹北,2023-08-31,9339
2881,富邦金,8,1,7,華南永昌-竹北,2023-08-31,9339
2303,聯電,8,2,6,華南永昌-竹北,2023-08-31,9339
1513,中興電,6,0,6,華南永昌-竹北,2023-08-31,9339
2324,仁寶,28,22,6,華南永昌-竹北,2023-08-31,9339
4906,正文,16,10,6,華南永昌-竹北,2023-08-31,9339
8942,森鉅,6,0,6,華南永昌-竹北,2023-08-31,9339
2880,華南金,5,0,5,華南永昌-竹北,2023-08-31,9339
4904,遠傳,5,0,5,華南永昌-竹北,2023-08-31,9339
6111,大宇資,6,1,5,華南永昌-竹北,2023-08-31,9339
2356,英業達,8,4,4,華南永昌-竹北,2023-08-31,9339
5511,德昌,4,0,4,華南永昌-竹北,2023-08-31,9339
3056,富華新,110,0,110,華南永昌-竹北,2023-09-01,9339
00671R,富邦NASDAQ反1,80,0,80,華南永昌-竹北,2023-09-01,9339
00929,復華台灣科技優息,89,10,79,華南永昌-竹北,2023-09-01,9339
3231,緯創,313,242,71,華南永昌-竹北,2023-09-01,9339
2601,益航,71,0,71,華南永昌-竹北,2023-09-01,9339
2401,凌陽,80,22,58,華南永昌-竹北,2023-09-01,9339
00919,群益台灣精選高息,55,0,55,華南永昌-竹北,2023-09-01,9339
2329,華泰,126,72,54,華南永昌-竹北,2023-09-01,9339
2371,大同,50,0,50,華南永昌-竹北,2023-09-01,9339
2630,亞航,50,0,50,華南永昌-竹北,2023-09-01,9339
00900,富邦特選高股息30,51,4,47,華南永昌-竹北,2023-09-01,9339
2891,中信金,47,0,47,華南永昌-竹北,2023-09-01,9339
00673R,期元大S＆P原油反1,45,0,45,華南永昌-竹北,2023-09-01,9339
2367,燿華,47,9,38,華南永昌-竹北,2023-09-01,9339
1307,三芳,38,0,38,華南永昌-竹北,2023-09-01,9339
3706,神達,58,26,32,華南永昌-竹北,2023-09-01,9339
2382,廣達,105,75,30,華南永昌-竹北,2023-09-01,9339
00720B,元大投資級公司債,30,0,30,華南永昌-竹北,2023-09-01,9339
1612,宏泰,30,0,30,華南永昌-竹北,2023-09-01,9339
6829,千附精密,30,0,30,華南永昌-竹北,2023-09-01,9339
3234,光環,24,2,22,華南永昌-竹北,2023-09-01,9339
2739,寒舍,21,0,21,華南永昌-竹北,2023-09-01,9339
2105,正新,20,0,20,華南永昌-竹北,2023-09-01,9339
4154,樂威科-KY,19,0,19,華南永昌-竹北,2023-09-01,9339
2301,光寶科,65,47,18,華南永昌-竹北,2023-09-01,9339
00878,國泰永續高股息,17,0,17,華南永昌-竹北,2023-09-01,9339
2331,精英,19,6,13,華南永昌-竹北,2023-09-01,9339
3289,宜特,12,0,12,華南永昌-竹北,2023-09-01,9339
2312,金寶,16,4,12,華南永昌-竹北,2023-09-01,9339
00655L,國泰中國A50正2,10,0,10,華南永昌-竹北,2023-09-01,9339
2377,微星,10,0,10,華南永昌-竹北,2023-09-01,9339
3043,科風,10,0,10,華南永昌-竹北,2023-09-01,9339
6274,台燿,42,32,10,華南永昌-竹北,2023-09-01,9339
2834,臺企銀,9,0,9,華南永昌-竹北,2023-09-01,9339
1718,中纖,10,1,9,華南永昌-竹北,2023-09-01,9339
2436,偉詮電,14,5,9,華南永昌-竹北,2023-09-01,9339
2913,農林,9,0,9,華南永昌-竹北,2023-09-01,9339
2388,威盛,14,7,7,華南永昌-竹北,2023-09-01,9339
1522,堤維西,30,23,7,華南永昌-竹北,2023-09-01,9339
2892,第一金,8,1,7,華南永昌-竹北,2023-09-01,9339
3712,永崴投控,7,0,7,華南永昌-竹北,2023-09-01,9339
3338,泰碩,6,0,6,華南永昌-竹北,2023-09-01,9339
4533,協易機,6,0,6,華南永昌-竹北,2023-09-01,9339
4909,新復興,7,1,6,華南永昌-竹北,2023-09-01,9339
5340,建榮,7,1,6,華南永昌-竹北,2023-09-01,9339
6219,富旺,6,0,6,華南永昌-竹北,2023-09-01,9339
00850,元大臺灣ESG永續,5,0,5,華南永昌-竹北,2023-09-01,9339
1603,華電,5,0,5,華南永昌-竹北,2023-09-01,9339
1789,神隆,5,0,5,華南永昌-竹北,2023-09-01,9339
1809,中釉,5,0,5,華南永昌-竹北,2023-09-01,9339
00637L,元大滬深300正2,335,100,235,華南永昌-竹北,2023-09-04,9339
00878,國泰永續高股息,213,10,203,華南永昌-竹北,2023-09-04,9339
3037,欣興,181,1,180,華南永昌-竹北,2023-09-04,9339
5347,世界,169,2,167,華南永昌-竹北,2023-09-04,9339
2201,裕隆,154,15,139,華南永昌-竹北,2023-09-04,9339
00857B,永豐20年美公債,100,0,100,華南永昌-竹北,2023-09-04,9339
00632R,元大台灣50反1,100,2,98,華南永昌-竹北,2023-09-04,9339
2363,矽統,208,120,88,華南永昌-竹北,2023-09-04,9339
2376,技嘉,123,51,72,華南永昌-竹北,2023-09-04,9339
00673R,期元大S＆P原油反1,71,0,71,華南永昌-竹北,2023-09-04,9339
2371,大同,78,8,70,華南永昌-竹北,2023-09-04,9339
2897,王道銀行,61,0,61,華南永昌-竹北,2023-09-04,9339
3105,穩懋,49,3,46,華南永昌-竹北,2023-09-04,9339
4906,正文,52,11,41,華南永昌-竹北,2023-09-04,9339
5876,上海商銀,40,0,40,華南永昌-竹北,2023-09-04,9339
00751B,元大AAA至A公司債,35,0,35,華南永昌-竹北,2023-09-04,9339
2340,台亞,32,0,32,華南永昌-竹北,2023-09-04,9339
00919,群益台灣精選高息,31,0,31,華南永昌-竹北,2023-09-04,9339
4706,大恭,38,8,30,華南永昌-竹北,2023-09-04,9339
4102,永日,68,42,26,華南永昌-竹北,2023-09-04,9339
2630,亞航,33,8,25,華南永昌-竹北,2023-09-04,9339
2369,菱生,32,9,23,華南永昌-竹北,2023-09-04,9339
2206,三陽工業,34,14,20,華南永昌-竹北,2023-09-04,9339
3260,威剛,37,17,20,華南永昌-竹北,2023-09-04,9339
5258,虹堡,20,0,20,華南永昌-竹北,2023-09-04,9339
6811,宏�硌穈T,18,0,18,華南永昌-竹北,2023-09-04,9339
6173,信昌電,21,3,18,華南永昌-竹北,2023-09-04,9339
3521,鴻翊,17,0,17,華南永昌-竹北,2023-09-04,9339
3374,精材,15,0,15,華南永昌-竹北,2023-09-04,9339
5243,乙盛-KY,17,3,14,華南永昌-竹北,2023-09-04,9339
6188,廣明,15,1,14,華南永昌-竹北,2023-09-04,9339
3673,TPK-KY,13,0,13,華南永昌-竹北,2023-09-04,9339
00931B,統一美債20年,12,0,12,華南永昌-竹北,2023-09-04,9339
2402,毅嘉,78,66,12,華南永昌-竹北,2023-09-04,9339
6462,神盾,12,0,12,華南永昌-竹北,2023-09-04,9339
2409,友達,11,0,11,華南永昌-竹北,2023-09-04,9339
2331,精英,12,2,10,華南永昌-竹北,2023-09-04,9339
2888,新光金,10,0,10,華南永昌-竹北,2023-09-04,9339
3380,明泰,10,0,10,華南永昌-竹北,2023-09-04,9339
5608,四維航,10,0,10,華南永昌-竹北,2023-09-04,9339
2382,廣達,21,11,10,華南永昌-竹北,2023-09-04,9339
2308,台達電,9,0,9,華南永昌-竹北,2023-09-04,9339
3071,協禧,8,0,8,華南永昌-竹北,2023-09-04,9339
3481,群創,8,0,8,華南永昌-竹北,2023-09-04,9339
2458,義隆,12,5,7,華南永昌-竹北,2023-09-04,9339
9929,秋雨,7,0,7,華南永昌-竹北,2023-09-04,9339
2881,富邦金,8,1,7,華南永昌-竹北,2023-09-04,9339
6449,鈺邦,15,9,6,華南永昌-竹北,2023-09-04,9339
00679B,元大美債20年,6,0,6,華南永昌-竹北,2023-09-04,9339
2634,漢翔,7,1,6,華南永昌-竹北,2023-09-04,9339
2376,技嘉,144,16,128,華南永昌-竹北,2023-09-05,9339
2405,輔信,100,0,100,華南永昌-竹北,2023-09-05,9339
00878,國泰永續高股息,87,2,85,華南永昌-竹北,2023-09-05,9339
5347,世界,85,24,61,華南永昌-竹北,2023-09-05,9339
00929,復華台灣科技優息,89,37,52,華南永昌-竹北,2023-09-05,9339
5531,鄉林,50,0,50,華南永昌-竹北,2023-09-05,9339
2886,兆豐金,53,4,49,華南永昌-竹北,2023-09-05,9339
5340,建榮,53,5,48,華南永昌-竹北,2023-09-05,9339
2630,亞航,41,0,41,華南永昌-竹北,2023-09-05,9339
9950,萬國通,40,2,38,華南永昌-竹北,2023-09-05,9339
4945,陞達科技,30,0,30,華南永昌-竹北,2023-09-05,9339
00720B,元大投資級公司債,30,0,30,華南永昌-竹北,2023-09-05,9339
00637L,元大滬深300正2,150,125,25,華南永昌-竹北,2023-09-05,9339
6449,鈺邦,28,4,24,華南永昌-竹北,2023-09-05,9339
3014,聯陽,21,0,21,華南永昌-竹北,2023-09-05,9339
6139,亞翔,20,0,20,華南永昌-竹北,2023-09-05,9339
6120,達運,20,0,20,華南永昌-竹北,2023-09-05,9339
00706L,期元大S＆P日圓正2,15,0,15,華南永昌-竹北,2023-09-05,9339
3231,緯創,43,31,12,華南永昌-竹北,2023-09-05,9339
00919,群益台灣精選高息,44,32,12,華南永昌-竹北,2023-09-05,9339
3374,精材,29,17,12,華南永昌-竹北,2023-09-05,9339
9927,泰銘,12,0,12,華南永昌-竹北,2023-09-05,9339
00687B,國泰20年美債,11,0,11,華南永昌-竹北,2023-09-05,9339
00751B,元大AAA至A公司債,11,0,11,華南永昌-竹北,2023-09-05,9339
00712,復華富時不動產,11,0,11,華南永昌-竹北,2023-09-05,9339
2455,全新,20,9,11,華南永昌-竹北,2023-09-05,9339
2610,華航,13,2,11,華南永昌-竹北,2023-09-05,9339
9955,佳龍,11,0,11,華南永昌-竹北,2023-09-05,9339
00696B,富邦美債20年,10,0,10,華南永昌-竹北,2023-09-05,9339
00671R,富邦NASDAQ反1,10,0,10,華南永昌-竹北,2023-09-05,9339
00632R,元大台灣50反1,10,0,10,華南永昌-竹北,2023-09-05,9339
3038,全台,10,0,10,華南永昌-竹北,2023-09-05,9339
4743,合一,14,4,10,華南永昌-竹北,2023-09-05,9339
5469,瀚宇博,12,2,10,華南永昌-竹北,2023-09-05,9339
8936,國統,10,0,10,華南永昌-竹北,2023-09-05,9339
2377,微星,11,2,9,華南永昌-竹北,2023-09-05,9339
3105,穩懋,13,5,8,華南永昌-竹北,2023-09-05,9339
2482,連宇,8,0,8,華南永昌-竹北,2023-09-05,9339
3338,泰碩,8,0,8,華南永昌-竹北,2023-09-05,9339
6415,矽力*-KY,11,3,8,華南永昌-竹北,2023-09-05,9339
6531,愛普*,20,12,8,華南永昌-竹北,2023-09-05,9339
0056,元大高股息,15,7,8,華南永昌-竹北,2023-09-05,9339
2388,威盛,14,8,6,華南永昌-竹北,2023-09-05,9339
2488,漢平,9,3,6,華南永昌-竹北,2023-09-05,9339
5443,均豪,7,2,5,華南永昌-竹北,2023-09-05,9339
1504,東元,5,0,5,華南永昌-竹北,2023-09-05,9339
2201,裕隆,32,27,5,華南永昌-竹北,2023-09-05,9339
00701,國泰股利精選30,5,0,5,華南永昌-竹北,2023-09-05,9339
1618,合機,5,0,5,華南永昌-竹北,2023-09-05,9339
2241,艾姆勒,5,0,5,華南永昌-竹北,2023-09-05,9339
2313,華通,393,16,377,華南永昌-竹北,2023-09-06,9339
2201,裕隆,319,11,308,華南永昌-竹北,2023-09-06,9339
4915,致伸,286,0,286,華南永昌-竹北,2023-09-06,9339
00929,復華台灣科技優息,242,47,195,華南永昌-竹北,2023-09-06,9339
6188,廣明,162,1,161,華南永昌-竹北,2023-09-06,9339
3624,光頡,133,0,133,華南永昌-竹北,2023-09-06,9339
00919,群益台灣精選高息,122,13,109,華南永昌-竹北,2023-09-06,9339
6167,久正,101,1,100,華南永昌-竹北,2023-09-06,9339
2376,技嘉,89,29,60,華南永昌-竹北,2023-09-06,9339
2369,菱生,60,0,60,華南永昌-竹北,2023-09-06,9339
4908,前鼎,101,42,59,華南永昌-竹北,2023-09-06,9339
2409,友達,51,0,51,華南永昌-竹北,2023-09-06,9339
8222,寶一,50,0,50,華南永昌-竹北,2023-09-06,9339
3704,合勤控,50,0,50,華南永昌-竹北,2023-09-06,9339
4945,陞達科技,48,0,48,華南永昌-竹北,2023-09-06,9339
00637L,元大滬深300正2,45,0,45,華南永昌-竹北,2023-09-06,9339
2645,長榮航太,40,2,38,華南永昌-竹北,2023-09-06,9339
6446,藥華藥,35,0,35,華南永昌-竹北,2023-09-06,9339
6672,騰輝電子-KY,35,0,35,華南永昌-竹北,2023-09-06,9339
2312,金寶,30,0,30,華南永昌-竹北,2023-09-06,9339
2630,亞航,30,0,30,華南永昌-竹北,2023-09-06,9339
6531,愛普*,41,13,28,華南永昌-竹北,2023-09-06,9339
2401,凌陽,38,13,25,華南永昌-竹北,2023-09-06,9339
2486,一詮,24,2,22,華南永昌-竹北,2023-09-06,9339
00673R,期元大S＆P原油反1,20,0,20,華南永昌-竹北,2023-09-06,9339
5234,達興材料,20,0,20,華南永昌-竹北,2023-09-06,9339
6120,達運,20,0,20,華南永昌-竹北,2023-09-06,9339
2883,凱基金,22,3,19,華南永昌-竹北,2023-09-06,9339
00878,國泰永續高股息,25,6,19,華南永昌-竹北,2023-09-06,9339
6175,立敦,16,0,16,華南永昌-竹北,2023-09-06,9339
2458,義隆,15,0,15,華南永昌-竹北,2023-09-06,9339
00931B,統一美債20年,15,0,15,華南永昌-竹北,2023-09-06,9339
00670L,富邦NASDAQ正2,13,0,13,華南永昌-竹北,2023-09-06,9339
2316,楠梓電,13,0,13,華南永昌-竹北,2023-09-06,9339
2363,矽統,274,261,13,華南永昌-竹北,2023-09-06,9339
1101,台泥,13,1,12,華南永昌-竹北,2023-09-06,9339
6449,鈺邦,12,0,12,華南永昌-竹北,2023-09-06,9339
5258,虹堡,13,1,12,華南永昌-竹北,2023-09-06,9339
2358,廷鑫,12,0,12,華南永昌-竹北,2023-09-06,9339
5347,世界,21,10,11,華南永昌-竹北,2023-09-06,9339
5531,鄉林,11,0,11,華南永昌-竹北,2023-09-06,9339
5443,均豪,11,0,11,華南永昌-竹北,2023-09-06,9339
00772B,中信高評級公司債,10,0,10,華南永昌-竹北,2023-09-06,9339
1314,中石化,10,0,10,華南永昌-竹北,2023-09-06,9339
1604,聲寶,10,0,10,華南永昌-竹北,2023-09-06,9339
9933,中鼎,10,0,10,華南永昌-竹北,2023-09-06,9339
3317,尼克森,10,0,10,華南永昌-竹北,2023-09-06,9339
2457,飛宏,15,6,9,華南永昌-竹北,2023-09-06,9339
00932,兆豐永續高息等權,9,0,9,華南永昌-竹北,2023-09-06,9339
2331,精英,9,0,9,華南永昌-竹北,2023-09-06,9339
00632R,元大台灣50反1,1500,0,1500,華南永昌-竹北,2023-09-07,9339
2376,技嘉,205,102,103,華南永昌-竹北,2023-09-07,9339
3338,泰碩,106,7,99,華南永昌-竹北,2023-09-07,9339
4971,IET-KY,142,46,96,華南永昌-竹北,2023-09-07,9339
6125,廣運,72,2,70,華南永昌-竹北,2023-09-07,9339
3363,上詮,85,25,60,華南永昌-竹北,2023-09-07,9339
2369,菱生,60,0,60,華南永昌-竹北,2023-09-07,9339
1314,中石化,60,1,59,華南永昌-竹北,2023-09-07,9339
4908,前鼎,106,48,58,華南永昌-竹北,2023-09-07,9339
2382,廣達,74,19,55,華南永昌-竹北,2023-09-07,9339
00932,兆豐永續高息等權,49,0,49,華南永昌-竹北,2023-09-07,9339
8069,元太,67,20,47,華南永昌-竹北,2023-09-07,9339
8261,富鼎,57,10,47,華南永昌-竹北,2023-09-07,9339
5608,四維航,39,1,38,華南永昌-竹北,2023-09-07,9339
5386,青雲,35,0,35,華南永昌-竹北,2023-09-07,9339
8147,正淩,34,0,34,華南永昌-竹北,2023-09-07,9339
2354,鴻準,35,4,31,華南永昌-竹北,2023-09-07,9339
00712,復華富時不動產,32,6,26,華南永昌-竹北,2023-09-07,9339
2888,新光金,23,0,23,華南永昌-竹北,2023-09-07,9339
00919,群益台灣精選高息,27,5,22,華南永昌-竹北,2023-09-07,9339
00680L,元大美債20正2,22,0,22,華南永昌-竹北,2023-09-07,9339
00902,中信電池及儲能,22,0,22,華南永昌-竹北,2023-09-07,9339
6284,佳邦,19,0,19,華南永昌-竹北,2023-09-07,9339
3227,原相,35,17,18,華南永昌-竹北,2023-09-07,9339
6449,鈺邦,17,0,17,華南永昌-竹北,2023-09-07,9339
2913,農林,16,0,16,華南永昌-竹北,2023-09-07,9339
1307,三芳,15,0,15,華南永昌-竹北,2023-09-07,9339
3169,亞信,15,0,15,華南永昌-竹北,2023-09-07,9339
2883,凱基金,15,0,15,華南永昌-竹北,2023-09-07,9339
4906,正文,18,5,13,華南永昌-竹北,2023-09-07,9339
00878,國泰永續高股息,14,2,12,華南永昌-竹北,2023-09-07,9339
2610,華航,13,2,11,華南永昌-竹北,2023-09-07,9339
3704,合勤控,16,5,11,華南永昌-竹北,2023-09-07,9339
8936,國統,11,0,11,華南永昌-竹北,2023-09-07,9339
3706,神達,10,0,10,華南永昌-竹北,2023-09-07,9339
0061,元大寶滬深,10,0,10,華南永昌-竹北,2023-09-07,9339
2645,長榮航太,10,0,10,華南永昌-竹北,2023-09-07,9339
2892,第一金,10,0,10,華南永昌-竹北,2023-09-07,9339
3038,全台,10,0,10,華南永昌-竹北,2023-09-07,9339
9927,泰銘,10,0,10,華南永昌-竹北,2023-09-07,9339
2330,台積電,10,1,9,華南永昌-竹北,2023-09-07,9339
3264,欣銓,11,3,8,華南永昌-竹北,2023-09-07,9339
2884,玉山金,8,0,8,華南永昌-竹北,2023-09-07,9339
00885,富邦越南,10,4,6,華南永昌-竹北,2023-09-07,9339
00673R,期元大S＆P原油反1,6,0,6,華南永昌-竹北,2023-09-07,9339
00915,凱基優選高股息30,6,0,6,華南永昌-竹北,2023-09-07,9339
2887,台新金,6,0,6,華南永昌-竹北,2023-09-07,9339
5225,東科-KY,7,1,6,華南永昌-竹北,2023-09-07,9339
6605,帝寶,6,0,6,華南永昌-竹北,2023-09-07,9339
8112,至上,35,29,6,華南永昌-竹北,2023-09-07,9339
2201,裕隆,233,12,221,華南永昌-竹北,2023-09-08,9339
00919,群益台灣精選高息,87,0,87,華南永昌-竹北,2023-09-08,9339
2884,玉山金,60,0,60,華南永昌-竹北,2023-09-08,9339
6446,藥華藥,61,1,60,華南永昌-竹北,2023-09-08,9339
2363,矽統,206,151,55,華南永昌-竹北,2023-09-08,9339
4971,IET-KY,55,0,55,華南永昌-竹北,2023-09-08,9339
4906,正文,39,0,39,華南永昌-竹北,2023-09-08,9339
2405,輔信,31,0,31,華南永昌-竹北,2023-09-08,9339
3363,上詮,39,11,28,華南永昌-竹北,2023-09-08,9339
8467,波力-KY,24,0,24,華南永昌-竹北,2023-09-08,9339
00931B,統一美債20年,23,0,23,華南永昌-竹北,2023-09-08,9339
6770,力積電,22,0,22,華南永昌-竹北,2023-09-08,9339
2486,一詮,61,40,21,華南永昌-竹北,2023-09-08,9339
00637L,元大滬深300正2,20,0,20,華南永昌-竹北,2023-09-08,9339
6182,合晶,20,0,20,華南永昌-竹北,2023-09-08,9339
2382,廣達,54,36,18,華南永昌-竹北,2023-09-08,9339
3305,昇貿,17,0,17,華南永昌-竹北,2023-09-08,9339
3481,群創,17,1,16,華南永昌-竹北,2023-09-08,9339
00929,復華台灣科技優息,54,39,15,華南永昌-竹北,2023-09-08,9339
8147,正淩,15,0,15,華南永昌-竹北,2023-09-08,9339
00902,中信電池及儲能,13,0,13,華南永昌-竹北,2023-09-08,9339
8299,群聯,13,0,13,華南永昌-竹北,2023-09-08,9339
2380,虹光,13,0,13,華南永昌-竹北,2023-09-08,9339
6274,台燿,47,34,13,華南永昌-竹北,2023-09-08,9339
2376,技嘉,118,107,11,華南永昌-竹北,2023-09-08,9339
2485,兆赫,20,9,11,華南永昌-竹北,2023-09-08,9339
00932,兆豐永續高息等權,21,10,11,華南永昌-竹北,2023-09-08,9339
2608,嘉里大榮,11,0,11,華南永昌-竹北,2023-09-08,9339
3715,定穎投控,37,26,11,華南永昌-竹北,2023-09-08,9339
006206,元大上證50,10,0,10,華南永昌-竹北,2023-09-08,9339
3006,晶豪科,15,5,10,華南永昌-竹北,2023-09-08,9339
00680L,元大美債20正2,10,0,10,華南永昌-竹北,2023-09-08,9339
00918,大華優利高填息30,10,0,10,華南永昌-竹北,2023-09-08,9339
3025,星通,11,1,10,華南永昌-竹北,2023-09-08,9339
5386,青雲,10,0,10,華南永昌-竹北,2023-09-08,9339
2371,大同,10,0,10,華南永昌-竹北,2023-09-08,9339
5425,台半,9,0,9,華南永昌-竹北,2023-09-08,9339
7402,邑錡,9,0,9,華南永昌-竹北,2023-09-08,9339
8070,長華*,9,0,9,華南永昌-竹北,2023-09-08,9339
2002,中鋼,7,0,7,華南永昌-竹北,2023-09-08,9339
2331,精英,10,3,7,華南永昌-竹北,2023-09-08,9339
2348,海悅,8,1,7,華南永昌-竹北,2023-09-08,9339
3213,茂訊,9,3,6,華南永昌-竹北,2023-09-08,9339
6187,萬潤,6,0,6,華南永昌-竹北,2023-09-08,9339
2630,亞航,20,14,6,華南永昌-竹北,2023-09-08,9339
2328,廣宇,5,0,5,華南永昌-竹北,2023-09-08,9339
2482,連宇,5,0,5,華南永昌-竹北,2023-09-08,9339
3043,科風,6,1,5,華南永昌-竹北,2023-09-08,9339
2851,中再保,5,0,5,華南永昌-竹北,2023-09-08,9339
3017,奇鋐,13,8,5,華南永昌-竹北,2023-09-08,9339
00632R,元大台灣50反1,510,100,410,華南永昌-竹北,2023-09-11,9339
00929,復華台灣科技優息,195,4,191,華南永昌-竹北,2023-09-11,9339
00919,群益台灣精選高息,186,0,186,華南永昌-竹北,2023-09-11,9339
2201,裕隆,75,1,74,華南永昌-竹北,2023-09-11,9339
00932,兆豐永續高息等權,51,3,48,華南永昌-竹北,2023-09-11,9339
1802,台玻,85,41,44,華南永昌-竹北,2023-09-11,9339
6446,藥華藥,39,0,39,華南永昌-竹北,2023-09-11,9339
6126,信音,35,0,35,華南永昌-竹北,2023-09-11,9339
5340,建榮,34,0,34,華南永昌-竹北,2023-09-11,9339
2630,亞航,61,34,27,華南永昌-竹北,2023-09-11,9339
2312,金寶,25,3,22,華南永昌-竹北,2023-09-11,9339
00673R,期元大S＆P原油反1,22,0,22,華南永昌-竹北,2023-09-11,9339
1528,恩德,20,0,20,華南永昌-竹北,2023-09-11,9339
2358,廷鑫,19,0,19,華南永昌-竹北,2023-09-11,9339
2329,華泰,17,0,17,華南永昌-竹北,2023-09-11,9339
2331,精英,34,18,16,華南永昌-竹北,2023-09-11,9339
3265,台星科,15,0,15,華南永昌-竹北,2023-09-11,9339
6116,彩晶,15,0,15,華南永昌-竹北,2023-09-11,9339
2486,一詮,24,11,13,華南永昌-竹北,2023-09-11,9339
00751B,元大AAA至A公司債,13,0,13,華南永昌-竹北,2023-09-11,9339
3706,神達,27,14,13,華南永昌-竹北,2023-09-11,9339
2363,矽統,276,264,12,華南永昌-竹北,2023-09-11,9339
5258,虹堡,13,2,11,華南永昌-竹北,2023-09-11,9339
8050,廣積,17,6,11,華南永昌-竹北,2023-09-11,9339
4561,健椿,10,0,10,華南永昌-竹北,2023-09-11,9339
00900,富邦特選高股息30,10,0,10,華南永昌-竹北,2023-09-11,9339
2916,滿心,10,0,10,華南永昌-竹北,2023-09-11,9339
4533,協易機,10,0,10,華南永昌-竹北,2023-09-11,9339
9933,中鼎,10,0,10,華南永昌-竹北,2023-09-11,9339
2356,英業達,32,23,9,華南永昌-竹北,2023-09-11,9339
8358,金居,9,0,9,華南永昌-竹北,2023-09-11,9339
4746,台耀,13,4,9,華南永昌-竹北,2023-09-11,9339
8070,長華*,8,0,8,華南永昌-竹北,2023-09-11,9339
2454,聯發科,9,1,8,華南永昌-竹北,2023-09-11,9339
6285,啟��,99,92,7,華南永昌-竹北,2023-09-11,9339
8112,至上,8,1,7,華南永昌-竹北,2023-09-11,9339
2884,玉山金,6,0,6,華南永昌-竹北,2023-09-11,9339
00931B,統一美債20年,6,0,6,華南永昌-竹北,2023-09-11,9339
2380,虹光,6,0,6,華南永昌-竹北,2023-09-11,9339
00891,中信關鍵半導體,6,0,6,華南永昌-竹北,2023-09-11,9339
2337,旺宏,6,0,6,華南永昌-竹北,2023-09-11,9339
3362,先進光,7,1,6,華南永昌-竹北,2023-09-11,9339
3540,曜越,6,0,6,華南永昌-竹北,2023-09-11,9339
3005,神基,6,0,6,華南永昌-竹北,2023-09-11,9339
2105,正新,6,0,6,華南永昌-竹北,2023-09-11,9339
8927,北基,6,0,6,華南永昌-竹北,2023-09-11,9339
8210,勤誠,6,0,6,華南永昌-竹北,2023-09-11,9339
00679B,元大美債20年,6,0,6,華南永昌-竹北,2023-09-11,9339
3311,閎暉,6,0,6,華南永昌-竹北,2023-09-11,9339
00687B,國泰20年美債,6,0,6,華南永昌-竹北,2023-09-11,9339
2376,技嘉,303,85,218,華南永昌-竹北,2023-09-12,9339
00919,群益台灣精選高息,106,0,106,華南永昌-竹北,2023-09-12,9339
2367,燿華,101,1,100,華南永昌-竹北,2023-09-12,9339
2834,臺企銀,100,0,100,華南永昌-竹北,2023-09-12,9339
6175,立敦,58,0,58,華南永昌-竹北,2023-09-12,9339
6446,藥華藥,59,8,51,華南永昌-竹北,2023-09-12,9339
2317,鴻海,50,2,48,華南永昌-竹北,2023-09-12,9339
00719B,元大美債1-3,38,0,38,華南永昌-竹北,2023-09-12,9339
3264,欣銓,42,7,35,華南永昌-竹北,2023-09-12,9339
2412,中華電,151,121,30,華南永昌-竹北,2023-09-12,9339
3265,台星科,30,0,30,華南永昌-竹北,2023-09-12,9339
00929,復華台灣科技優息,47,22,25,華南永昌-竹北,2023-09-12,9339
00664R,國泰臺灣加權反1,21,0,21,華南永昌-竹北,2023-09-12,9339
4968,立積,20,0,20,華南永昌-竹北,2023-09-12,9339
5371,中光電,41,22,19,華南永昌-竹北,2023-09-12,9339
00673R,期元大S＆P原油反1,18,0,18,華南永昌-竹北,2023-09-12,9339
00891,中信關鍵半導體,14,0,14,華南永昌-竹北,2023-09-12,9339
2390,云辰,12,0,12,華南永昌-竹北,2023-09-12,9339
00912,中信臺灣智慧50,12,0,12,華南永昌-竹北,2023-09-12,9339
1101,台泥,12,0,12,華南永昌-竹北,2023-09-12,9339
6129,普誠,12,0,12,華南永昌-竹北,2023-09-12,9339
00896,中信綠能及電動車,11,0,11,華南永昌-竹北,2023-09-12,9339
5258,虹堡,25,14,11,華南永昌-竹北,2023-09-12,9339
8042,金山電,11,0,11,華南永昌-竹北,2023-09-12,9339
8021,尖點,11,0,11,華南永昌-竹北,2023-09-12,9339
00918,大華優利高填息30,10,0,10,華南永昌-竹北,2023-09-12,9339
00679B,元大美債20年,10,0,10,華南永昌-竹北,2023-09-12,9339
00706L,期元大S＆P日圓正2,10,0,10,華南永昌-竹北,2023-09-12,9339
3419,譁裕,10,0,10,華南永昌-竹北,2023-09-12,9339
6116,彩晶,10,0,10,華南永昌-竹北,2023-09-12,9339
3105,穩懋,8,0,8,華南永昌-竹北,2023-09-12,9339
00922,國泰台灣領袖50,7,0,7,華南永昌-竹北,2023-09-12,9339
00878,國泰永續高股息,17,10,7,華南永昌-竹北,2023-09-12,9339
4916,事欣科,7,0,7,華南永昌-竹北,2023-09-12,9339
6125,廣運,12,6,6,華南永昌-竹北,2023-09-12,9339
3051,力特,6,0,6,華南永昌-竹北,2023-09-12,9339
6117,迎廣,5,0,5,華南永昌-竹北,2023-09-12,9339
2472,立隆電,5,0,5,華南永昌-竹北,2023-09-12,9339
2511,太子,5,0,5,華南永昌-竹北,2023-09-12,9339
2618,長榮航,27,22,5,華南永昌-竹北,2023-09-12,9339
6163,華電網,5,0,5,華南永昌-竹北,2023-09-12,9339
2206,三陽工業,12,8,4,華南永昌-竹北,2023-09-12,9339
2020,美亞,4,0,4,華南永昌-竹北,2023-09-12,9339
5381,合正,5,1,4,華南永昌-竹北,2023-09-12,9339
2002,中鋼,4,0,4,華南永昌-竹北,2023-09-12,9339
2457,飛宏,4,0,4,華南永昌-竹北,2023-09-12,9339
1907,永豐餘,3,0,3,華南永昌-竹北,2023-09-12,9339
1529,樂事綠能,3,0,3,華南永昌-竹北,2023-09-12,9339
1618,合機,3,0,3,華南永昌-竹北,2023-09-12,9339
2501,國建,3,0,3,華南永昌-竹北,2023-09-12,9339
00857B,永豐20年美公債,100,0,100,華南永昌-竹北,2023-09-13,9339
00929,復華台灣科技優息,82,0,82,華南永昌-竹北,2023-09-13,9339
8147,正淩,77,0,77,華南永昌-竹北,2023-09-13,9339
6218,豪勉,67,0,67,華南永昌-竹北,2023-09-13,9339
2880,華南金,64,0,64,華南永昌-竹北,2023-09-13,9339
00919,群益台灣精選高息,72,10,62,華南永昌-竹北,2023-09-13,9339
2897,王道銀行,46,0,46,華南永昌-竹北,2023-09-13,9339
00673R,期元大S＆P原油反1,30,0,30,華南永昌-竹北,2023-09-13,9339
3037,欣興,50,21,29,華南永昌-竹北,2023-09-13,9339
2388,威盛,27,1,26,華南永昌-竹北,2023-09-13,9339
2301,光寶科,37,11,26,華南永昌-竹北,2023-09-13,9339
3317,尼克森,22,0,22,華南永昌-竹北,2023-09-13,9339
00706L,期元大S＆P日圓正2,20,0,20,華南永昌-竹北,2023-09-13,9339
2354,鴻準,20,0,20,華南永昌-竹北,2023-09-13,9339
2356,英業達,23,4,19,華南永昌-竹北,2023-09-13,9339
2436,偉詮電,20,2,18,華南永昌-竹北,2023-09-13,9339
2020,美亞,18,0,18,華南永昌-竹北,2023-09-13,9339
1524,耿鼎,26,9,17,華南永昌-竹北,2023-09-13,9339
2211,長榮鋼,16,0,16,華南永昌-竹北,2023-09-13,9339
3078,僑威,19,3,16,華南永昌-竹北,2023-09-13,9339
00922,國泰台灣領袖50,14,0,14,華南永昌-竹北,2023-09-13,9339
00662,富邦NASDAQ,14,0,14,華南永昌-竹北,2023-09-13,9339
2368,金像電,24,10,14,華南永昌-竹北,2023-09-13,9339
00878,國泰永續高股息,13,0,13,華南永昌-竹北,2023-09-13,9339
00902,中信電池及儲能,13,0,13,華南永昌-竹北,2023-09-13,9339
8046,南電,13,0,13,華南永昌-竹北,2023-09-13,9339
3685,元創精密,10,0,10,華南永昌-竹北,2023-09-13,9339
2606,裕民,12,2,10,華南永昌-竹北,2023-09-13,9339
2706,第一店,10,0,10,華南永昌-竹北,2023-09-13,9339
6139,亞翔,10,0,10,華南永昌-竹北,2023-09-13,9339
6142,友勁,10,0,10,華南永昌-竹北,2023-09-13,9339
2630,亞航,35,26,9,華南永昌-竹北,2023-09-13,9339
3051,力特,10,1,9,華南永昌-竹北,2023-09-13,9339
1101,台泥,9,0,9,華南永昌-竹北,2023-09-13,9339
8069,元太,11,2,9,華南永昌-竹北,2023-09-13,9339
3006,晶豪科,13,5,8,華南永昌-竹北,2023-09-13,9339
2739,寒舍,8,0,8,華南永昌-竹北,2023-09-13,9339
00751B,元大AAA至A公司債,7,0,7,華南永昌-竹北,2023-09-13,9339
2542,興富發,7,0,7,華南永昌-竹北,2023-09-13,9339
9945,潤泰新,7,0,7,華南永昌-竹北,2023-09-13,9339
2331,精英,6,0,6,華南永昌-竹北,2023-09-13,9339
00918,大華優利高填息30,6,0,6,華南永昌-竹北,2023-09-13,9339
1529,樂事綠能,6,0,6,華南永昌-竹北,2023-09-13,9339
2228,劍麟,11,5,6,華南永昌-竹北,2023-09-13,9339
2601,益航,6,0,6,華南永昌-竹北,2023-09-13,9339
3694,海華,6,0,6,華南永昌-竹北,2023-09-13,9339
00753L,中信中國50正2,5,0,5,華南永昌-竹北,2023-09-13,9339
00637L,元大滬深300正2,5,0,5,華南永昌-竹北,2023-09-13,9339
00701,國泰股利精選30,5,0,5,華南永昌-竹北,2023-09-13,9339
00713,元大台灣高息低波,5,0,5,華南永昌-竹北,2023-09-13,9339
2201,裕隆,118,7,111,華南永昌-竹北,2023-09-14,9339
00632R,元大台灣50反1,100,0,100,華南永昌-竹北,2023-09-14,9339
6188,廣明,76,0,76,華南永昌-竹北,2023-09-14,9339
00929,復華台灣科技優息,56,0,56,華南永昌-竹北,2023-09-14,9339
2880,華南金,51,0,51,華南永昌-竹北,2023-09-14,9339
3014,聯陽,52,15,37,華南永昌-竹北,2023-09-14,9339
00878,國泰永續高股息,29,0,29,華南永昌-竹北,2023-09-14,9339
3455,由田,27,0,27,華南永昌-竹北,2023-09-14,9339
00919,群益台灣精選高息,124,99,25,華南永昌-竹北,2023-09-14,9339
2371,大同,34,14,20,華南永昌-竹北,2023-09-14,9339
3013,晟銘電,22,2,20,華南永昌-竹北,2023-09-14,9339
6167,久正,20,0,20,華南永昌-竹北,2023-09-14,9339
2417,圓剛,16,0,16,華南永昌-竹北,2023-09-14,9339
4706,大恭,16,1,15,華南永昌-竹北,2023-09-14,9339
6218,豪勉,15,0,15,華南永昌-竹北,2023-09-14,9339
2449,京元電子,21,6,15,華南永昌-竹北,2023-09-14,9339
6142,友勁,15,0,15,華南永昌-竹北,2023-09-14,9339
3227,原相,15,0,15,華南永昌-竹北,2023-09-14,9339
3228,金麗科,15,1,14,華南永昌-竹北,2023-09-14,9339
1522,堤維西,57,44,13,華南永昌-竹北,2023-09-14,9339
8936,國統,13,0,13,華南永昌-竹北,2023-09-14,9339
3005,神基,15,2,13,華南永昌-竹北,2023-09-14,9339
00720B,元大投資級公司債,11,0,11,華南永昌-竹北,2023-09-14,9339
2324,仁寶,11,0,11,華南永昌-竹北,2023-09-14,9339
8112,至上,13,2,11,華南永昌-竹北,2023-09-14,9339
1605,華新,10,0,10,華南永昌-竹北,2023-09-14,9339
0061,元大寶滬深,10,0,10,華南永昌-竹北,2023-09-14,9339
00671R,富邦NASDAQ反1,10,0,10,華南永昌-竹北,2023-09-14,9339
1307,三芳,10,0,10,華南永昌-竹北,2023-09-14,9339
2486,一詮,60,50,10,華南永昌-竹北,2023-09-14,9339
3051,力特,13,3,10,華南永昌-竹北,2023-09-14,9339
4102,永日,37,27,10,華南永昌-竹北,2023-09-14,9339
2886,兆豐金,10,1,9,華南永昌-竹北,2023-09-14,9339
2630,亞航,31,23,8,華南永昌-竹北,2023-09-14,9339
00679B,元大美債20年,11,3,8,華南永昌-竹北,2023-09-14,9339
00918,大華優利高填息30,8,0,8,華南永昌-竹北,2023-09-14,9339
1532,勤美,8,0,8,華南永昌-竹北,2023-09-14,9339
5864,致和證,7,0,7,華南永昌-竹北,2023-09-14,9339
5371,中光電,7,0,7,華南永昌-竹北,2023-09-14,9339
6792,詠業,7,0,7,華南永昌-竹北,2023-09-14,9339
00753L,中信中國50正2,6,0,6,華南永昌-竹北,2023-09-14,9339
1529,樂事綠能,6,0,6,華南永昌-竹北,2023-09-14,9339
6451,訊芯-KY,14,8,6,華南永昌-竹北,2023-09-14,9339
00706L,期元大S＆P日圓正2,5,0,5,華南永昌-竹北,2023-09-14,9339
2355,敬鵬,5,0,5,華南永昌-竹北,2023-09-14,9339
6870,騰雲,5,0,5,華南永昌-竹北,2023-09-14,9339
8255,朋程,5,0,5,華南永昌-竹北,2023-09-14,9339
6291,沛亨,5,0,5,華南永昌-竹北,2023-09-14,9339
1319,東陽,8,4,4,華南永昌-竹北,2023-09-14,9339
1611,中電,4,0,4,華南永昌-竹北,2023-09-14,9339
2201,裕隆,319,1,318,華南永昌-竹北,2023-09-15,9339
2382,廣達,287,14,273,華南永昌-竹北,2023-09-15,9339
4908,前鼎,1013,743,270,華南永昌-竹北,2023-09-15,9339
00929,復華台灣科技優息,266,3,263,華南永昌-竹北,2023-09-15,9339
2344,華邦電,280,54,226,華南永昌-竹北,2023-09-15,9339
2376,技嘉,138,7,131,華南永昌-竹北,2023-09-15,9339
3715,定穎投控,110,12,98,華南永昌-竹北,2023-09-15,9339
4915,致伸,88,1,87,華南永昌-竹北,2023-09-15,9339
4906,正文,66,1,65,華南永昌-竹北,2023-09-15,9339
3685,元創精密,52,0,52,華南永昌-竹北,2023-09-15,9339
2014,中鴻,51,0,51,華南永昌-竹北,2023-09-15,9339
6550,北極星藥業-KY,50,1,49,華南永昌-竹北,2023-09-15,9339
3363,上詮,68,20,48,華南永昌-竹北,2023-09-15,9339
2313,華通,511,464,47,華南永昌-竹北,2023-09-15,9339
3227,原相,46,0,46,華南永昌-竹北,2023-09-15,9339
00706L,期元大S＆P日圓正2,45,0,45,華南永昌-竹北,2023-09-15,9339
00687B,國泰20年美債,37,0,37,華南永昌-竹北,2023-09-15,9339
4706,大恭,34,0,34,華南永昌-竹北,2023-09-15,9339
00919,群益台灣精選高息,109,78,31,華南永昌-竹北,2023-09-15,9339
1618,合機,37,7,30,華南永昌-竹北,2023-09-15,9339
2462,良得電,29,0,29,華南永昌-竹北,2023-09-15,9339
8222,寶一,30,2,28,華南永昌-竹北,2023-09-15,9339
2371,大同,29,3,26,華南永昌-竹北,2023-09-15,9339
3024,憶聲,25,0,25,華南永昌-竹北,2023-09-15,9339
3260,威剛,62,38,24,華南永昌-竹北,2023-09-15,9339
2609,陽明,57,34,23,華南永昌-竹北,2023-09-15,9339
2606,裕民,96,76,20,華南永昌-竹北,2023-09-15,9339
2421,建準,20,0,20,華南永昌-竹北,2023-09-15,9339
2486,一詮,55,36,19,華南永昌-竹北,2023-09-15,9339
2211,長榮鋼,18,0,18,華南永昌-竹北,2023-09-15,9339
1307,三芳,17,1,16,華南永昌-竹北,2023-09-15,9339
2317,鴻海,16,0,16,華南永昌-竹北,2023-09-15,9339
8936,國統,15,0,15,華南永昌-竹北,2023-09-15,9339
2363,矽統,154,140,14,華南永昌-竹北,2023-09-15,9339
3311,閎暉,13,0,13,華南永昌-竹北,2023-09-15,9339
2834,臺企銀,12,0,12,華南永昌-竹北,2023-09-15,9339
3014,聯陽,60,48,12,華南永昌-竹北,2023-09-15,9339
1802,台玻,12,1,11,華南永昌-竹北,2023-09-15,9339
2645,長榮航太,11,0,11,華南永昌-竹北,2023-09-15,9339
3189,景碩,16,5,11,華南永昌-竹北,2023-09-15,9339
6188,廣明,13,2,11,華南永昌-竹北,2023-09-15,9339
6223,旺矽,19,8,11,華南永昌-竹北,2023-09-15,9339
00918,大華優利高填息30,10,0,10,華南永昌-竹北,2023-09-15,9339
0061,元大寶滬深,10,0,10,華南永昌-竹北,2023-09-15,9339
2312,金寶,11,1,10,華南永昌-竹北,2023-09-15,9339
2330,台積電,10,0,10,華南永昌-竹北,2023-09-15,9339
2748,雲品,22,12,10,華南永昌-竹北,2023-09-15,9339
3706,神達,20,10,10,華南永昌-竹北,2023-09-15,9339
6625,必應,10,0,10,華南永昌-竹北,2023-09-15,9339
6829,千附精密,10,0,10,華南永昌-竹北,2023-09-15,9339
00929,復華台灣科技優息,324,2,322,華南永昌-竹北,2023-09-18,9339
00919,群益台灣精選高息,244,0,244,華南永昌-竹北,2023-09-18,9339
3037,欣興,217,15,202,華南永昌-竹北,2023-09-18,9339
3715,定穎投控,182,30,152,華南永昌-竹北,2023-09-18,9339
2201,裕隆,152,5,147,華南永昌-竹北,2023-09-18,9339
2363,矽統,156,65,91,華南永昌-竹北,2023-09-18,9339
3005,神基,63,0,63,華南永昌-竹北,2023-09-18,9339
2354,鴻準,58,0,58,華南永昌-竹北,2023-09-18,9339
2368,金像電,80,25,55,華南永昌-竹北,2023-09-18,9339
0056,元大高股息,53,0,53,華南永昌-竹北,2023-09-18,9339
2367,燿華,51,0,51,華南永昌-竹北,2023-09-18,9339
3024,憶聲,50,0,50,華南永昌-竹北,2023-09-18,9339
00931B,統一美債20年,46,0,46,華南永昌-竹北,2023-09-18,9339
2609,陽明,51,10,41,華南永昌-竹北,2023-09-18,9339
8467,波力-KY,47,10,37,華南永昌-竹北,2023-09-18,9339
8930,青鋼,35,3,32,華南永昌-竹北,2023-09-18,9339
6442,光聖,30,0,30,華南永昌-竹北,2023-09-18,9339
00637L,元大滬深300正2,25,0,25,華南永昌-竹北,2023-09-18,9339
2230,泰茂,20,0,20,華南永昌-竹北,2023-09-18,9339
3324,雙鴻,21,3,18,華南永昌-竹北,2023-09-18,9339
3231,緯創,29,12,17,華南永昌-竹北,2023-09-18,9339
1618,合機,47,30,17,華南永昌-竹北,2023-09-18,9339
2462,良得電,23,7,16,華南永昌-竹北,2023-09-18,9339
3003,健和興,16,0,16,華南永昌-竹北,2023-09-18,9339
00679B,元大美債20年,15,0,15,華南永昌-竹北,2023-09-18,9339
4706,大恭,13,0,13,華南永昌-竹北,2023-09-18,9339
5425,台半,16,3,13,華南永昌-竹北,2023-09-18,9339
2027,大成鋼,41,29,12,華南永昌-竹北,2023-09-18,9339
00751B,元大AAA至A公司債,12,0,12,華南永昌-竹北,2023-09-18,9339
2313,華通,47,36,11,華南永昌-竹北,2023-09-18,9339
00655L,國泰中國A50正2,10,0,10,華南永昌-竹北,2023-09-18,9339
4120,友華,24,14,10,華南永昌-竹北,2023-09-18,9339
00915,凱基優選高股息30,9,0,9,華南永昌-竹北,2023-09-18,9339
00713,元大台灣高息低波,10,2,8,華南永昌-竹北,2023-09-18,9339
00712,復華富時不動產,8,0,8,華南永昌-竹北,2023-09-18,9339
00772B,中信高評級公司債,8,0,8,華南永昌-竹北,2023-09-18,9339
00687B,國泰20年美債,8,0,8,華南永昌-竹北,2023-09-18,9339
00757,統一FANG+,7,0,7,華南永昌-竹北,2023-09-18,9339
1529,樂事綠能,7,0,7,華南永昌-竹北,2023-09-18,9339
7402,邑錡,7,0,7,華南永昌-竹北,2023-09-18,9339
2330,台積電,7,1,6,華南永昌-竹北,2023-09-18,9339
3051,力特,7,1,6,華南永昌-竹北,2023-09-18,9339
5351,鈺創,6,0,6,華南永昌-竹北,2023-09-18,9339
2634,漢翔,7,1,6,華南永昌-竹北,2023-09-18,9339
3163,波若威,9,3,6,華南永昌-竹北,2023-09-18,9339
3630,新鉅科,6,0,6,華南永昌-竹北,2023-09-18,9339
3693,營邦,7,1,6,華南永昌-竹北,2023-09-18,9339
4967,十銓,7,1,6,華南永昌-竹北,2023-09-18,9339
4977,眾達-KY,9,3,6,華南永昌-竹北,2023-09-18,9339
4979,華星光,12,6,6,華南永昌-竹北,2023-09-18,9339
4908,前鼎,228,0,228,華南永昌-竹北,2023-09-19,9339
6901,鑽石投資,187,69,118,華南永昌-竹北,2023-09-19,9339
2606,裕民,118,3,115,華南永昌-竹北,2023-09-19,9339
2605,新興,107,4,103,華南永昌-竹北,2023-09-19,9339
00929,復華台灣科技優息,119,16,103,華南永昌-竹北,2023-09-19,9339
6257,矽格,102,3,99,華南永昌-竹北,2023-09-19,9339
00673R,期元大S＆P原油反1,50,0,50,華南永昌-竹北,2023-09-19,9339
00632R,元大台灣50反1,50,0,50,華南永昌-竹北,2023-09-19,9339
3035,智原,42,4,38,華南永昌-竹北,2023-09-19,9339
2355,敬鵬,35,0,35,華南永昌-竹北,2023-09-19,9339
00919,群益台灣精選高息,34,0,34,華南永昌-竹北,2023-09-19,9339
2462,良得電,44,11,33,華南永昌-竹北,2023-09-19,9339
00878,國泰永續高股息,31,0,31,華南永昌-竹北,2023-09-19,9339
1785,光洋科,58,30,28,華南永昌-竹北,2023-09-19,9339
2380,虹光,44,16,28,華南永昌-竹北,2023-09-19,9339
00902,中信電池及儲能,27,0,27,華南永昌-竹北,2023-09-19,9339
2637,慧洋-KY,30,3,27,華南永昌-竹北,2023-09-19,9339
2603,長榮,25,2,23,華南永昌-竹北,2023-09-19,9339
2027,大成鋼,21,0,21,華南永昌-竹北,2023-09-19,9339
3706,神達,68,47,21,華南永昌-竹北,2023-09-19,9339
2010,春源,20,0,20,華南永昌-竹北,2023-09-19,9339
2886,兆豐金,20,0,20,華南永昌-竹北,2023-09-19,9339
3024,憶聲,20,0,20,華南永昌-竹北,2023-09-19,9339
2887,台新金,15,0,15,華南永昌-竹北,2023-09-19,9339
4968,立積,15,0,15,華南永昌-竹北,2023-09-19,9339
2020,美亞,13,0,13,華南永昌-竹北,2023-09-19,9339
4120,友華,18,5,13,華南永昌-竹北,2023-09-19,9339
3231,緯創,53,41,12,華南永昌-竹北,2023-09-19,9339
1809,中釉,15,4,11,華南永昌-竹北,2023-09-19,9339
3545,敦泰,14,3,11,華南永昌-竹北,2023-09-19,9339
00637L,元大滬深300正2,10,0,10,華南永昌-竹北,2023-09-19,9339
00877,復華中國5G,10,0,10,華南永昌-竹北,2023-09-19,9339
1536,和大,10,0,10,華南永昌-竹北,2023-09-19,9339
2317,鴻海,10,0,10,華南永昌-竹北,2023-09-19,9339
4979,華星光,21,11,10,華南永昌-竹北,2023-09-19,9339
6451,訊芯-KY,10,0,10,華南永昌-竹北,2023-09-19,9339
4706,大恭,10,0,10,華南永昌-竹北,2023-09-19,9339
2330,台積電,13,3,10,華南永昌-竹北,2023-09-19,9339
00932,兆豐永續高息等權,8,0,8,華南永昌-竹北,2023-09-19,9339
1532,勤美,8,0,8,華南永昌-竹北,2023-09-19,9339
8927,北基,8,0,8,華南永昌-竹北,2023-09-19,9339
1529,樂事綠能,7,0,7,華南永昌-竹北,2023-09-19,9339
3014,聯陽,7,0,7,華南永昌-竹北,2023-09-19,9339
3234,光環,7,0,7,華南永昌-竹北,2023-09-19,9339
2376,技嘉,12,6,6,華南永昌-竹北,2023-09-19,9339
1702,南僑,6,0,6,華南永昌-竹北,2023-09-19,9339
2331,精英,9,3,6,華南永昌-竹北,2023-09-19,9339
3036,文曄,11,5,6,華南永昌-竹北,2023-09-19,9339
6125,廣運,9,3,6,華南永昌-竹北,2023-09-19,9339
8936,國統,6,0,6,華南永昌-竹北,2023-09-19,9339
2201,裕隆,795,8,787,華南永昌-竹北,2023-09-20,9339
3037,欣興,388,2,386,華南永昌-竹北,2023-09-20,9339
3035,智原,367,36,331,華南永昌-竹北,2023-09-20,9339
3260,威剛,252,23,229,華南永昌-竹北,2023-09-20,9339
1815,富喬,103,1,102,華南永昌-竹北,2023-09-20,9339
4915,致伸,90,7,83,華南永昌-竹北,2023-09-20,9339
6188,廣明,78,0,78,華南永昌-竹北,2023-09-20,9339
2354,鴻準,170,95,75,華南永昌-竹北,2023-09-20,9339
00919,群益台灣精選高息,75,1,74,華南永昌-竹北,2023-09-20,9339
1524,耿鼎,70,1,69,華南永昌-竹北,2023-09-20,9339
8046,南電,55,0,55,華南永昌-竹北,2023-09-20,9339
0056,元大高股息,64,13,51,華南永昌-竹北,2023-09-20,9339
1785,光洋科,40,3,37,華南永昌-竹北,2023-09-20,9339
2301,光寶科,61,30,31,華南永昌-竹北,2023-09-20,9339
8477,創業家,26,0,26,華南永昌-竹北,2023-09-20,9339
2609,陽明,31,8,23,華南永昌-竹北,2023-09-20,9339
2382,廣達,148,127,21,華南永昌-竹北,2023-09-20,9339
00706L,期元大S＆P日圓正2,20,0,20,華南永昌-竹北,2023-09-20,9339
1447,力鵬,20,0,20,華南永昌-竹北,2023-09-20,9339
3715,定穎投控,28,8,20,華南永昌-竹北,2023-09-20,9339
2380,虹光,19,1,18,華南永昌-竹北,2023-09-20,9339
2376,技嘉,238,220,18,華南永昌-竹北,2023-09-20,9339
3324,雙鴻,149,133,16,華南永昌-竹北,2023-09-20,9339
3311,閎暉,14,0,14,華南永昌-竹北,2023-09-20,9339
3665,貿聯-KY,25,11,14,華南永昌-竹北,2023-09-20,9339
3706,神達,64,51,13,華南永昌-竹北,2023-09-20,9339
4979,華星光,313,301,12,華南永昌-竹北,2023-09-20,9339
3481,群創,13,2,11,華南永昌-竹北,2023-09-20,9339
2462,良得電,12,2,10,華南永昌-竹北,2023-09-20,9339
00900,富邦特選高股息30,10,0,10,華南永昌-竹北,2023-09-20,9339
2312,金寶,20,10,10,華南永昌-竹北,2023-09-20,9339
3024,憶聲,10,0,10,華南永昌-竹北,2023-09-20,9339
2401,凌陽,10,0,10,華南永昌-竹北,2023-09-20,9339
2449,京元電子,18,8,10,華南永昌-竹北,2023-09-20,9339
3545,敦泰,11,1,10,華南永昌-竹北,2023-09-20,9339
8068,全達,11,2,9,華南永昌-竹北,2023-09-20,9339
4967,十銓,11,3,8,華南永昌-竹北,2023-09-20,9339
00915,凱基優選高股息30,8,0,8,華南永昌-竹北,2023-09-20,9339
1795,美時,7,0,7,華南永昌-竹北,2023-09-20,9339
3682,亞太電,7,0,7,華南永昌-竹北,2023-09-20,9339
1229,聯華,6,0,6,華南永昌-竹北,2023-09-20,9339
3122,笙泉,25,19,6,華南永昌-竹北,2023-09-20,9339
6278,台表科,6,0,6,華南永昌-竹北,2023-09-20,9339
5328,華容,56,50,6,華南永昌-竹北,2023-09-20,9339
2330,台積電,9,3,6,華南永昌-竹北,2023-09-20,9339
00878,國泰永續高股息,10,5,5,華南永昌-竹北,2023-09-20,9339
2882,國泰金,5,0,5,華南永昌-竹北,2023-09-20,9339
1101,台泥,6,1,5,華南永昌-竹北,2023-09-20,9339
00921,兆豐龍頭等權重,5,0,5,華南永昌-竹北,2023-09-20,9339
00637L,元大滬深300正2,5,0,5,華南永昌-竹北,2023-09-20,9339
2201,裕隆,134,0,134,華南永昌-竹北,2023-09-21,9339
3260,威剛,131,2,129,華南永昌-竹北,2023-09-21,9339
2367,燿華,105,13,92,華南永昌-竹北,2023-09-21,9339
00929,復華台灣科技優息,114,28,86,華南永昌-竹北,2023-09-21,9339
00919,群益台灣精選高息,51,0,51,華南永昌-竹北,2023-09-21,9339
3035,智原,79,28,51,華南永昌-竹北,2023-09-21,9339
0056,元大高股息,50,3,47,華南永昌-竹北,2023-09-21,9339
1444,力麗,45,5,40,華南永昌-竹北,2023-09-21,9339
00878,國泰永續高股息,37,2,35,華南永昌-竹北,2023-09-21,9339
5880,合庫金,29,0,29,華南永昌-竹北,2023-09-21,9339
00665L,富邦�琤肭磪囓�2,30,5,25,華南永昌-竹北,2023-09-21,9339
00900,富邦特選高股息30,23,0,23,華南永昌-竹北,2023-09-21,9339
00679B,元大美債20年,20,0,20,華南永昌-竹北,2023-09-21,9339
2887,台新金,17,0,17,華南永昌-竹北,2023-09-21,9339
6451,訊芯-KY,27,10,17,華南永昌-竹北,2023-09-21,9339
2331,精英,17,1,16,華南永昌-竹北,2023-09-21,9339
2330,台積電,20,5,15,華南永昌-竹北,2023-09-21,9339
00757,統一FANG+,15,0,15,華南永昌-竹北,2023-09-21,9339
2301,光寶科,24,9,15,華南永昌-竹北,2023-09-21,9339
2317,鴻海,15,0,15,華南永昌-竹北,2023-09-21,9339
5876,上海商銀,15,0,15,華南永昌-竹北,2023-09-21,9339
2884,玉山金,15,0,15,華南永昌-竹北,2023-09-21,9339
00713,元大台灣高息低波,16,2,14,華南永昌-竹北,2023-09-21,9339
4102,永日,16,2,14,華南永昌-竹北,2023-09-21,9339
1101,台泥,14,1,13,華南永昌-竹北,2023-09-21,9339
00921,兆豐龍頭等權重,12,0,12,華南永昌-竹北,2023-09-21,9339
00902,中信電池及儲能,12,0,12,華南永昌-竹北,2023-09-21,9339
00932,兆豐永續高息等權,12,0,12,華南永昌-竹北,2023-09-21,9339
00795B,中信美國公債20年,11,0,11,華南永昌-竹北,2023-09-21,9339
2645,長榮航太,12,1,11,華南永昌-竹北,2023-09-21,9339
2883,凱基金,11,0,11,華南永昌-竹北,2023-09-21,9339
2002,中鋼,10,0,10,華南永昌-竹北,2023-09-21,9339
00680L,元大美債20正2,10,0,10,華南永昌-竹北,2023-09-21,9339
00637L,元大滬深300正2,10,0,10,華南永昌-竹北,2023-09-21,9339
2355,敬鵬,11,1,10,華南永昌-竹北,2023-09-21,9339
3024,憶聲,10,0,10,華南永昌-竹北,2023-09-21,9339
3030,德律,10,0,10,華南永昌-竹北,2023-09-21,9339
2383,台光電,10,0,10,華南永昌-竹北,2023-09-21,9339
00631L,元大台灣50正2,8,0,8,華南永昌-竹北,2023-09-21,9339
2399,映泰,10,2,8,華南永昌-竹北,2023-09-21,9339
3289,宜特,8,0,8,華南永昌-竹北,2023-09-21,9339
0050,元大台灣50,8,0,8,華南永昌-竹北,2023-09-21,9339
3661,世芯-KY,7,0,7,華南永昌-竹北,2023-09-21,9339
1522,堤維西,17,10,7,華南永昌-竹北,2023-09-21,9339
2329,華泰,12,5,7,華南永昌-竹北,2023-09-21,9339
3714,富采,7,0,7,華南永昌-竹北,2023-09-21,9339
00850,元大臺灣ESG永續,6,0,6,華南永昌-竹北,2023-09-21,9339
00753L,中信中國50正2,6,0,6,華南永昌-竹北,2023-09-21,9339
3163,波若威,9,3,6,華南永昌-竹北,2023-09-21,9339
3325,旭品,6,0,6,華南永昌-竹北,2023-09-21,9339
6271,同欣電,124,9,115,華南永昌-竹北,2023-09-22,9339
2454,聯發科,92,1,91,華南永昌-竹北,2023-09-22,9339
00679B,元大美債20年,55,5,50,華南永昌-竹北,2023-09-22,9339
4908,前鼎,60,13,47,華南永昌-竹北,2023-09-22,9339
00929,復華台灣科技優息,48,2,46,華南永昌-竹北,2023-09-22,9339
1785,光洋科,40,0,40,華南永昌-竹北,2023-09-22,9339
2399,映泰,41,8,33,華南永昌-竹北,2023-09-22,9339
4906,正文,31,0,31,華南永昌-竹北,2023-09-22,9339
1815,富喬,30,0,30,華南永昌-竹北,2023-09-22,9339
2380,虹光,30,0,30,華南永昌-竹北,2023-09-22,9339
00712,復華富時不動產,28,0,28,華南永昌-竹北,2023-09-22,9339
3694,海華,26,0,26,華南永昌-竹北,2023-09-22,9339
3276,宇環,58,34,24,華南永昌-竹北,2023-09-22,9339
2201,裕隆,35,12,23,華南永昌-竹北,2023-09-22,9339
2891,中信金,21,0,21,華南永昌-竹北,2023-09-22,9339
00919,群益台灣精選高息,22,2,20,華南永昌-竹北,2023-09-22,9339
00673R,期元大S＆P原油反1,20,0,20,華南永昌-竹北,2023-09-22,9339
00706L,期元大S＆P日圓正2,20,0,20,華南永昌-竹北,2023-09-22,9339
00688L,國泰20年美債正2,20,0,20,華南永昌-竹北,2023-09-22,9339
00915,凱基優選高股息30,18,0,18,華南永昌-竹北,2023-09-22,9339
2301,光寶科,28,12,16,華南永昌-竹北,2023-09-22,9339
3529,力旺,16,0,16,華南永昌-竹北,2023-09-22,9339
00902,中信電池及儲能,16,0,16,華南永昌-竹北,2023-09-22,9339
00751B,元大AAA至A公司債,16,0,16,華南永昌-竹北,2023-09-22,9339
2303,聯電,15,0,15,華南永昌-竹北,2023-09-22,9339
2486,一詮,17,2,15,華南永昌-竹北,2023-09-22,9339
2330,台積電,20,6,14,華南永昌-竹北,2023-09-22,9339
5243,乙盛-KY,13,0,13,華南永昌-竹北,2023-09-22,9339
00687B,國泰20年美債,15,2,13,華南永昌-竹北,2023-09-22,9339
00720B,元大投資級公司債,12,0,12,華南永昌-竹北,2023-09-22,9339
3615,安可,16,4,12,華南永昌-竹北,2023-09-22,9339
2883,凱基金,11,0,11,華南永昌-竹北,2023-09-22,9339
2634,漢翔,14,3,11,華南永昌-竹北,2023-09-22,9339
8042,金山電,11,0,11,華南永昌-竹北,2023-09-22,9339
2462,良得電,11,0,11,華南永昌-竹北,2023-09-22,9339
00931B,統一美債20年,10,0,10,華南永昌-竹北,2023-09-22,9339
2436,偉詮電,11,1,10,華南永昌-竹北,2023-09-22,9339
1312,國喬,10,0,10,華南永昌-竹北,2023-09-22,9339
2328,廣宇,10,0,10,華南永昌-竹北,2023-09-22,9339
2355,敬鵬,10,0,10,華南永昌-竹北,2023-09-22,9339
2417,圓剛,10,0,10,華南永昌-竹北,2023-09-22,9339
2641,正德,10,1,9,華南永昌-竹北,2023-09-22,9339
2603,長榮,27,18,9,華南永昌-竹北,2023-09-22,9339
5258,虹堡,9,0,9,華南永昌-竹北,2023-09-22,9339
0050,元大台灣50,8,0,8,華南永昌-竹北,2023-09-22,9339
00772B,中信高評級公司債,8,0,8,華南永昌-竹北,2023-09-22,9339
3032,偉訓,8,0,8,華南永昌-竹北,2023-09-22,9339
3234,光環,8,0,8,華南永昌-竹北,2023-09-22,9339
00773B,中信優先金融債,7,0,7,華南永昌-竹北,2023-09-22,9339
2354,鴻準,21,14,7,華南永昌-竹北,2023-09-22,9339
6271,同欣電,464,5,459,華南永昌-竹北,2023-09-25,9339
00929,復華台灣科技優息,190,3,187,華南永昌-竹北,2023-09-25,9339
2412,中華電,50,0,50,華南永昌-竹北,2023-09-25,9339
3014,聯陽,49,0,49,華南永昌-竹北,2023-09-25,9339
3260,威剛,61,16,45,華南永昌-竹北,2023-09-25,9339
8936,國統,28,0,28,華南永昌-竹北,2023-09-25,9339
2436,偉詮電,28,1,27,華南永昌-竹北,2023-09-25,9339
3265,台星科,26,0,26,華南永昌-竹北,2023-09-25,9339
3706,神達,81,55,26,華南永昌-竹北,2023-09-25,9339
6585,鼎基,23,0,23,華南永昌-竹北,2023-09-25,9339
3715,定穎投控,38,15,23,華南永昌-竹北,2023-09-25,9339
2317,鴻海,23,2,21,華南永昌-竹北,2023-09-25,9339
00751B,元大AAA至A公司債,20,0,20,華南永昌-竹北,2023-09-25,9339
8050,廣積,23,3,20,華南永昌-竹北,2023-09-25,9339
3450,聯鈞,32,13,19,華南永昌-竹北,2023-09-25,9339
6279,胡連,20,1,19,華南永昌-竹北,2023-09-25,9339
3163,波若威,40,25,15,華南永昌-竹北,2023-09-25,9339
3169,亞信,15,0,15,華南永昌-竹北,2023-09-25,9339
5340,建榮,17,2,15,華南永昌-竹北,2023-09-25,9339
3529,力旺,14,0,14,華南永昌-竹北,2023-09-25,9339
3036,文曄,18,5,13,華南永昌-竹北,2023-09-25,9339
2377,微星,12,0,12,華南永昌-竹北,2023-09-25,9339
2881,富邦金,10,0,10,華南永昌-竹北,2023-09-25,9339
00706L,期元大S＆P日圓正2,10,0,10,華南永昌-竹北,2023-09-25,9339
1444,力麗,10,0,10,華南永昌-竹北,2023-09-25,9339
1909,榮成,10,0,10,華南永昌-竹北,2023-09-25,9339
2816,旺旺保,10,0,10,華南永昌-竹北,2023-09-25,9339
3665,貿聯-KY,10,0,10,華南永昌-竹北,2023-09-25,9339
8046,南電,10,0,10,華南永昌-竹北,2023-09-25,9339
00795B,中信美國公債20年,9,0,9,華南永昌-竹北,2023-09-25,9339
1319,東陽,26,18,8,華南永昌-竹北,2023-09-25,9339
6605,帝寶,8,0,8,華南永昌-竹北,2023-09-25,9339
5876,上海商銀,8,0,8,華南永昌-竹北,2023-09-25,9339
2376,技嘉,44,36,8,華南永昌-竹北,2023-09-25,9339
1504,東元,10,3,7,華南永昌-竹北,2023-09-25,9339
3252,海灣,7,0,7,華南永昌-竹北,2023-09-25,9339
1513,中興電,7,1,6,華南永昌-竹北,2023-09-25,9339
2002,中鋼,7,1,6,華南永昌-竹北,2023-09-25,9339
3290,東浦,6,0,6,華南永昌-竹北,2023-09-25,9339
4542,科嶠,6,0,6,華南永昌-竹北,2023-09-25,9339
00772B,中信高評級公司債,5,0,5,華南永昌-竹北,2023-09-25,9339
00720B,元大投資級公司債,5,0,5,華南永昌-竹北,2023-09-25,9339
2020,美亞,7,2,5,華南永昌-竹北,2023-09-25,9339
2207,和泰車,5,0,5,華南永昌-竹北,2023-09-25,9339
3231,緯創,13,8,5,華南永昌-竹北,2023-09-25,9339
8086,宏捷科,5,0,5,華南永昌-竹北,2023-09-25,9339
2880,華南金,5,0,5,華南永昌-竹北,2023-09-25,9339
2363,矽統,61,57,4,華南永昌-竹北,2023-09-25,9339
2537,聯上發,4,0,4,華南永昌-竹北,2023-09-25,9339
3362,先進光,4,0,4,華南永昌-竹北,2023-09-25,9339
3037,欣興,133,2,131,華南永昌-竹北,2023-09-26,9339
1522,堤維西,138,11,127,華南永昌-竹北,2023-09-26,9339
00637L,元大滬深300正2,115,0,115,華南永昌-竹北,2023-09-26,9339
4908,前鼎,133,43,90,華南永昌-竹北,2023-09-26,9339
3363,上詮,77,5,72,華南永昌-竹北,2023-09-26,9339
2376,技嘉,140,74,66,華南永昌-竹北,2023-09-26,9339
8050,廣積,70,9,61,華南永昌-竹北,2023-09-26,9339
2454,聯發科,60,0,60,華南永昌-竹北,2023-09-26,9339
00929,復華台灣科技優息,61,5,56,華南永昌-竹北,2023-09-26,9339
00679B,元大美債20年,46,1,45,華南永昌-竹北,2023-09-26,9339
00919,群益台灣精選高息,44,1,43,華南永昌-竹北,2023-09-26,9339
9904,寶成,30,0,30,華南永昌-竹北,2023-09-26,9339
4105,東洋,30,1,29,華南永昌-竹北,2023-09-26,9339
6770,力積電,29,0,29,華南永昌-竹北,2023-09-26,9339
2380,虹光,37,12,25,華南永昌-竹北,2023-09-26,9339
2383,台光電,30,5,25,華南永昌-竹北,2023-09-26,9339
00898,國泰基因免疫革命,25,0,25,華南永昌-竹北,2023-09-26,9339
00665L,富邦�琤肭磪囓�2,20,0,20,華南永昌-竹北,2023-09-26,9339
3374,精材,16,0,16,華南永昌-竹北,2023-09-26,9339
1605,華新,15,1,14,華南永昌-竹北,2023-09-26,9339
2881,富邦金,13,1,12,華南永昌-竹北,2023-09-26,9339
2606,裕民,12,1,11,華南永昌-竹北,2023-09-26,9339
2880,華南金,10,0,10,華南永昌-竹北,2023-09-26,9339
3661,世芯-KY,10,0,10,華南永昌-竹北,2023-09-26,9339
2462,良得電,10,0,10,華南永昌-竹北,2023-09-26,9339
5309,系統電,10,0,10,華南永昌-竹北,2023-09-26,9339
6271,同欣電,12,2,10,華南永昌-竹北,2023-09-26,9339
6279,胡連,10,0,10,華南永昌-竹北,2023-09-26,9339
8936,國統,10,0,10,華南永昌-竹北,2023-09-26,9339
00902,中信電池及儲能,10,0,10,華南永昌-竹北,2023-09-26,9339
0056,元大高股息,9,0,9,華南永昌-竹北,2023-09-26,9339
3035,智原,116,107,9,華南永昌-竹北,2023-09-26,9339
2330,台積電,14,5,9,華南永昌-竹北,2023-09-26,9339
00885,富邦越南,8,0,8,華南永昌-竹北,2023-09-26,9339
2211,長榮鋼,8,0,8,華南永昌-竹北,2023-09-26,9339
5876,上海商銀,8,0,8,華南永昌-竹北,2023-09-26,9339
0050,元大台灣50,8,0,8,華南永昌-竹北,2023-09-26,9339
2890,永豐金,7,0,7,華南永昌-竹北,2023-09-26,9339
3043,科風,7,0,7,華南永昌-竹北,2023-09-26,9339
5465,富驊,7,0,7,華南永昌-竹北,2023-09-26,9339
00751B,元大AAA至A公司債,7,0,7,華南永昌-竹北,2023-09-26,9339
3032,偉訓,20,14,6,華南永昌-竹北,2023-09-26,9339
1101,台泥,7,1,6,華南永昌-竹北,2023-09-26,9339
2834,臺企銀,6,0,6,華南永昌-竹北,2023-09-26,9339
00931B,統一美債20年,6,0,6,華南永昌-竹北,2023-09-26,9339
2317,鴻海,6,1,5,華南永昌-竹北,2023-09-26,9339
00670L,富邦NASDAQ正2,5,0,5,華南永昌-竹北,2023-09-26,9339
1447,力鵬,5,0,5,華南永昌-竹北,2023-09-26,9339
3665,貿聯-KY,5,0,5,華南永昌-竹北,2023-09-26,9339
4207,環泰,5,0,5,華南永昌-竹北,2023-09-26,9339
2609,陽明,347,39,308,華南永昌-竹北,2023-09-27,9339
2637,慧洋-KY,161,1,160,華南永昌-竹北,2023-09-27,9339
2367,燿華,100,0,100,華南永昌-竹北,2023-09-27,9339
00929,復華台灣科技優息,63,0,63,華南永昌-竹北,2023-09-27,9339
5471,松翰,48,0,48,華南永昌-竹北,2023-09-27,9339
6288,聯嘉,46,0,46,華南永昌-竹北,2023-09-27,9339
00919,群益台灣精選高息,44,0,44,華南永昌-竹北,2023-09-27,9339
2514,龍邦,43,0,43,華南永昌-竹北,2023-09-27,9339
1609,大亞,35,4,31,華南永昌-竹北,2023-09-27,9339
00902,中信電池及儲能,24,0,24,華南永昌-竹北,2023-09-27,9339
00712,復華富時不動產,21,0,21,華南永昌-竹北,2023-09-27,9339
3709,鑫聯大投控,20,0,20,華南永昌-竹北,2023-09-27,9339
1524,耿鼎,20,1,19,華南永昌-竹北,2023-09-27,9339
6770,力積電,23,5,18,華南永昌-竹北,2023-09-27,9339
2399,映泰,15,0,15,華南永昌-竹北,2023-09-27,9339
2454,聯發科,12,0,12,華南永昌-竹北,2023-09-27,9339
3035,智原,74,62,12,華南永昌-竹北,2023-09-27,9339
1529,樂事綠能,12,0,12,華南永昌-竹北,2023-09-27,9339
2002,中鋼,20,10,10,華南永昌-竹北,2023-09-27,9339
00706L,期元大S＆P日圓正2,10,0,10,華南永昌-竹北,2023-09-27,9339
00891,中信關鍵半導體,10,0,10,華南永昌-竹北,2023-09-27,9339
3058,立德,10,0,10,華南永昌-竹北,2023-09-27,9339
6669,緯穎,10,0,10,華南永昌-竹北,2023-09-27,9339
00932,兆豐永續高息等權,8,0,8,華南永昌-竹北,2023-09-27,9339
5371,中光電,12,4,8,華南永昌-竹北,2023-09-27,9339
8064,東捷,8,0,8,華南永昌-竹北,2023-09-27,9339
4102,永日,35,28,7,華南永昌-竹北,2023-09-27,9339
5452,佶優,7,0,7,華南永昌-竹北,2023-09-27,9339
1560,中砂,33,27,6,華南永昌-竹北,2023-09-27,9339
2354,鴻準,14,8,6,華南永昌-竹北,2023-09-27,9339
2408,南亞科,6,0,6,華南永昌-竹北,2023-09-27,9339
1618,合機,27,22,5,華南永昌-竹北,2023-09-27,9339
2303,聯電,5,0,5,華南永昌-竹北,2023-09-27,9339
00679B,元大美債20年,5,0,5,華南永昌-竹北,2023-09-27,9339
00895,富邦未來車,5,0,5,華南永昌-竹北,2023-09-27,9339
1909,榮成,5,0,5,華南永昌-竹北,2023-09-27,9339
4746,台耀,10,5,5,華南永昌-竹北,2023-09-27,9339
4906,正文,5,0,5,華南永昌-竹北,2023-09-27,9339
6282,康舒,5,0,5,華南永昌-竹北,2023-09-27,9339
8201,無敵,5,0,5,華南永昌-竹北,2023-09-27,9339
6117,迎廣,7,2,5,華南永昌-竹北,2023-09-27,9339
6235,華孚,13,8,5,華南永昌-竹北,2023-09-27,9339
2313,華通,5,1,4,華南永昌-竹北,2023-09-27,9339
2301,光寶科,12,8,4,華南永昌-竹北,2023-09-27,9339
2355,敬鵬,4,0,4,華南永昌-竹北,2023-09-27,9339
3362,先進光,9,5,4,華南永昌-竹北,2023-09-27,9339
6418,詠昇,8,4,4,華南永昌-竹北,2023-09-27,9339
2883,凱基金,4,0,4,華南永昌-竹北,2023-09-27,9339
1519,華城,9,6,3,華南永昌-竹北,2023-09-27,9339
2542,興富發,3,0,3,華南永昌-竹北,2023-09-27,9339
2201,裕隆,411,2,409,華南永昌-竹北,2023-09-28,9339
2356,英業達,235,6,229,華南永昌-竹北,2023-09-28,9339
3231,緯創,161,45,116,華南永昌-竹北,2023-09-28,9339
1560,中砂,105,16,89,華南永昌-竹北,2023-09-28,9339
6271,同欣電,91,36,55,華南永昌-竹北,2023-09-28,9339
2412,中華電,121,70,51,華南永昌-竹北,2023-09-28,9339
6569,醫揚,46,0,46,華南永昌-竹北,2023-09-28,9339
2380,虹光,43,0,43,華南永昌-竹北,2023-09-28,9339
2454,聯發科,40,0,40,華南永昌-竹北,2023-09-28,9339
3044,健鼎,34,4,30,華南永昌-竹北,2023-09-28,9339
00665L,富邦�琤肭磪囓�2,40,10,30,華南永昌-竹北,2023-09-28,9339
6188,廣明,30,0,30,華南永昌-竹北,2023-09-28,9339
2344,華邦電,26,0,26,華南永昌-竹北,2023-09-28,9339
00671R,富邦NASDAQ反1,25,0,25,華南永昌-竹北,2023-09-28,9339
2002,中鋼,19,0,19,華南永昌-竹北,2023-09-28,9339
3706,神達,70,53,17,華南永昌-竹北,2023-09-28,9339
6288,聯嘉,14,0,14,華南永昌-竹北,2023-09-28,9339
00687B,國泰20年美債,13,0,13,華南永昌-竹北,2023-09-28,9339
2301,光寶科,59,48,11,華南永昌-竹北,2023-09-28,9339
3715,定穎投控,76,65,11,華南永昌-竹北,2023-09-28,9339
6279,胡連,11,0,11,華南永昌-竹北,2023-09-28,9339
6122,擎邦,10,0,10,華南永昌-竹北,2023-09-28,9339
00637L,元大滬深300正2,10,0,10,華南永昌-竹北,2023-09-28,9339
00751B,元大AAA至A公司債,10,0,10,華南永昌-竹北,2023-09-28,9339
2618,長榮航,10,0,10,華南永昌-竹北,2023-09-28,9339
00712,復華富時不動產,9,0,9,華南永昌-竹北,2023-09-28,9339
00673R,期元大S＆P原油反1,9,0,9,華南永昌-竹北,2023-09-28,9339
2543,皇昌,10,1,9,華南永昌-竹北,2023-09-28,9339
3035,智原,16,8,8,華南永昌-竹北,2023-09-28,9339
6579,研揚,9,1,8,華南永昌-竹北,2023-09-28,9339
1471,首利,12,4,8,華南永昌-竹北,2023-09-28,9339
3548,兆利,12,5,7,華南永昌-竹北,2023-09-28,9339
00895,富邦未來車,7,0,7,華南永昌-竹北,2023-09-28,9339
00907,永豐優息存股,6,0,6,華南永昌-竹北,2023-09-28,9339
1504,東元,6,0,6,華南永昌-竹北,2023-09-28,9339
2610,華航,6,0,6,華南永昌-竹北,2023-09-28,9339
2634,漢翔,6,0,6,華南永昌-竹北,2023-09-28,9339
2645,長榮航太,6,0,6,華南永昌-竹北,2023-09-28,9339
00706L,期元大S＆P日圓正2,5,0,5,華南永昌-竹北,2023-09-28,9339
1314,中石化,5,0,5,華南永昌-竹北,2023-09-28,9339
2353,宏��,5,0,5,華南永昌-竹北,2023-09-28,9339
2355,敬鵬,5,0,5,華南永昌-竹北,2023-09-28,9339
2408,南亞科,17,12,5,華南永昌-竹北,2023-09-28,9339
2851,中再保,5,0,5,華南永昌-竹北,2023-09-28,9339
3046,建��,5,0,5,華南永昌-竹北,2023-09-28,9339
3338,泰碩,5,0,5,華南永昌-竹北,2023-09-28,9339
6285,啟��,6,1,5,華南永昌-竹北,2023-09-28,9339
1319,東陽,8,3,5,華南永昌-竹北,2023-09-28,9339
00679B,元大美債20年,4,0,4,華南永昌-竹北,2023-09-28,9339
00720B,元大投資級公司債,4,0,4,華南永昌-竹北,2023-09-28,9339
00632R,元大台灣50反1,510,0,510,華南永昌-竹北,2023-10-02,9339
2208,台船,80,0,80,華南永昌-竹北,2023-10-02,9339
2201,裕隆,63,7,56,華南永昌-竹北,2023-10-02,9339
4939,亞電,53,0,53,華南永昌-竹北,2023-10-02,9339
00706L,期元大S＆P日圓正2,50,0,50,華南永昌-竹北,2023-10-02,9339
6449,鈺邦,45,0,45,華南永昌-竹北,2023-10-02,9339
1714,和桐,34,0,34,華南永昌-竹北,2023-10-02,9339
2340,台亞,32,0,32,華南永昌-竹北,2023-10-02,9339
3379,彬台,32,0,32,華南永昌-竹北,2023-10-02,9339
5321,美而快,32,0,32,華南永昌-竹北,2023-10-02,9339
2371,大同,30,0,30,華南永昌-竹北,2023-10-02,9339
00929,復華台灣科技優息,39,10,29,華南永昌-竹北,2023-10-02,9339
1618,合機,27,3,24,華南永昌-竹北,2023-10-02,9339
2301,光寶科,79,57,22,華南永昌-竹北,2023-10-02,9339
2354,鴻準,43,22,21,華南永昌-竹北,2023-10-02,9339
00772B,中信高評級公司債,23,2,21,華南永昌-竹北,2023-10-02,9339
1417,嘉裕,21,0,21,華南永昌-竹北,2023-10-02,9339
6569,醫揚,20,0,20,華南永昌-竹北,2023-10-02,9339
2363,矽統,80,64,16,華南永昌-竹北,2023-10-02,9339
3169,亞信,15,0,15,華南永昌-竹北,2023-10-02,9339
1609,大亞,14,1,13,華南永昌-竹北,2023-10-02,9339
6282,康舒,19,6,13,華南永昌-竹北,2023-10-02,9339
3715,定穎投控,44,32,12,華南永昌-竹北,2023-10-02,9339
2022,聚亨,12,1,11,華南永昌-竹北,2023-10-02,9339
2368,金像電,22,11,11,華南永昌-竹北,2023-10-02,9339
5225,東科-KY,13,2,11,華南永昌-竹北,2023-10-02,9339
6257,矽格,10,0,10,華南永昌-竹北,2023-10-02,9339
00919,群益台灣精選高息,16,6,10,華南永昌-竹北,2023-10-02,9339
3036,文曄,29,20,9,華南永昌-竹北,2023-10-02,9339
00931B,統一美債20年,9,0,9,華南永昌-竹北,2023-10-02,9339
2618,長榮航,9,0,9,華南永昌-竹北,2023-10-02,9339
4979,華星光,9,0,9,華南永昌-竹北,2023-10-02,9339
1815,富喬,33,24,9,華南永昌-竹北,2023-10-02,9339
6191,精成科,8,0,8,華南永昌-竹北,2023-10-02,9339
3206,志豐,8,0,8,華南永昌-竹北,2023-10-02,9339
2538,基泰,8,1,7,華南永昌-竹北,2023-10-02,9339
5381,合正,9,2,7,華南永昌-竹北,2023-10-02,9339
00722B,群益投資級電信債,6,0,6,華南永昌-竹北,2023-10-02,9339
2609,陽明,17,11,6,華南永昌-竹北,2023-10-02,9339
00751B,元大AAA至A公司債,6,0,6,華南永昌-竹北,2023-10-02,9339
3483,力致,21,15,6,華南永昌-竹北,2023-10-02,9339
3702,大聯大,6,0,6,華南永昌-竹北,2023-10-02,9339
6122,擎邦,6,0,6,華南永昌-竹北,2023-10-02,9339
2376,技嘉,33,27,6,華南永昌-竹北,2023-10-02,9339
2511,太子,5,0,5,華南永昌-竹北,2023-10-02,9339
2458,義隆,5,0,5,華南永昌-竹北,2023-10-02,9339
00708L,期元大S＆P黃金正2,5,0,5,華南永昌-竹北,2023-10-02,9339
00915,凱基優選高股息30,5,0,5,華南永昌-竹北,2023-10-02,9339
00885,富邦越南,5,0,5,華南永昌-竹北,2023-10-02,9339
2206,三陽工業,6,2,4,華南永昌-竹北,2023-10-02,9339
00632R,元大台灣50反1,500,0,500,華南永昌-竹北,2023-10-03,9339
3037,欣興,151,1,150,華南永昌-竹北,2023-10-03,9339
2201,裕隆,152,2,150,華南永昌-竹北,2023-10-03,9339
2382,廣達,120,10,110,華南永昌-竹北,2023-10-03,9339
00929,復華台灣科技優息,96,6,90,華南永昌-竹北,2023-10-03,9339
2376,技嘉,105,19,86,華南永昌-竹北,2023-10-03,9339
00637L,元大滬深300正2,73,0,73,華南永昌-竹北,2023-10-03,9339
00665L,富邦�琤肭磪囓�2,60,0,60,華南永昌-竹北,2023-10-03,9339
8222,寶一,50,0,50,華南永昌-竹北,2023-10-03,9339
2412,中華電,130,90,40,華南永昌-竹北,2023-10-03,9339
2402,毅嘉,60,32,28,華南永昌-竹北,2023-10-03,9339
3081,聯亞,29,3,26,華南永昌-竹北,2023-10-03,9339
2851,中再保,25,0,25,華南永昌-竹北,2023-10-03,9339
6451,訊芯-KY,31,6,25,華南永昌-竹北,2023-10-03,9339
2371,大同,23,0,23,華南永昌-竹北,2023-10-03,9339
2883,凱基金,21,0,21,華南永昌-竹北,2023-10-03,9339
1417,嘉裕,21,0,21,華南永昌-竹北,2023-10-03,9339
4123,晟德,20,0,20,華南永昌-竹北,2023-10-03,9339
2230,泰茂,20,0,20,華南永昌-竹北,2023-10-03,9339
9904,寶成,20,0,20,華南永昌-竹北,2023-10-03,9339
00706L,期元大S＆P日圓正2,18,0,18,華南永昌-竹北,2023-10-03,9339
3325,旭品,40,22,18,華南永昌-竹北,2023-10-03,9339
00712,復華富時不動產,22,4,18,華南永昌-竹北,2023-10-03,9339
8277,商丞,17,0,17,華南永昌-竹北,2023-10-03,9339
0056,元大高股息,19,3,16,華南永昌-竹北,2023-10-03,9339
2363,矽統,27,11,16,華南永昌-竹北,2023-10-03,9339
00922,國泰台灣領袖50,15,0,15,華南永昌-竹北,2023-10-03,9339
00919,群益台灣精選高息,15,0,15,華南永昌-竹北,2023-10-03,9339
2354,鴻準,15,0,15,華南永昌-竹北,2023-10-03,9339
2645,長榮航太,15,0,15,華南永昌-竹北,2023-10-03,9339
00673R,期元大S＆P原油反1,15,1,14,華南永昌-竹北,2023-10-03,9339
3131,弘塑,14,0,14,華南永昌-竹北,2023-10-03,9339
5258,虹堡,14,0,14,華南永昌-竹北,2023-10-03,9339
6449,鈺邦,13,0,13,華南永昌-竹北,2023-10-03,9339
3231,緯創,43,32,11,華南永昌-竹北,2023-10-03,9339
2887,台新金,11,0,11,華南永昌-竹北,2023-10-03,9339
00772B,中信高評級公司債,11,0,11,華南永昌-竹北,2023-10-03,9339
2002,中鋼,15,4,11,華南永昌-竹北,2023-10-03,9339
2329,華泰,12,1,11,華南永昌-竹北,2023-10-03,9339
2380,虹光,11,0,11,華南永昌-竹北,2023-10-03,9339
00753L,中信中國50正2,10,0,10,華南永昌-竹北,2023-10-03,9339
00930,永豐ESG低碳高息,10,0,10,華南永昌-竹北,2023-10-03,9339
2312,金寶,10,0,10,華南永昌-竹北,2023-10-03,9339
2340,台亞,41,31,10,華南永昌-竹北,2023-10-03,9339
3521,鴻翊,10,0,10,華南永昌-竹北,2023-10-03,9339
4945,陞達科技,10,0,10,華南永昌-竹北,2023-10-03,9339
4977,眾達-KY,20,10,10,華南永昌-竹北,2023-10-03,9339
5452,佶優,10,0,10,華南永昌-竹北,2023-10-03,9339
6117,迎廣,13,3,10,華南永昌-竹北,2023-10-03,9339
6689,伊雲谷,10,0,10,華南永昌-竹北,2023-10-03,9339
2201,裕隆,163,17,146,華南永昌-竹北,2023-10-04,9339
2431,聯昌,85,0,85,華南永昌-竹北,2023-10-04,9339
00670L,富邦NASDAQ正2,61,0,61,華南永昌-竹北,2023-10-04,9339
6462,神盾,54,0,54,華南永昌-竹北,2023-10-04,9339
00919,群益台灣精選高息,52,0,52,華南永昌-竹北,2023-10-04,9339
00929,復華台灣科技優息,53,13,40,華南永昌-竹北,2023-10-04,9339
00637L,元大滬深300正2,38,0,38,華南永昌-竹北,2023-10-04,9339
2402,毅嘉,53,20,33,華南永昌-竹北,2023-10-04,9339
00712,復華富時不動產,33,1,32,華南永昌-竹北,2023-10-04,9339
2897,王道銀行,26,0,26,華南永昌-竹北,2023-10-04,9339
3715,定穎投控,76,50,26,華南永昌-竹北,2023-10-04,9339
2887,台新金,26,0,26,華南永昌-竹北,2023-10-04,9339
00679B,元大美債20年,27,5,22,華南永昌-竹北,2023-10-04,9339
3669,圓展,22,0,22,華南永昌-竹北,2023-10-04,9339
00772B,中信高評級公司債,20,0,20,華南永昌-竹北,2023-10-04,9339
00665L,富邦�琤肭磪囓�2,20,0,20,華南永昌-竹北,2023-10-04,9339
3037,欣興,105,86,19,華南永昌-竹北,2023-10-04,9339
3131,弘塑,19,0,19,華南永昌-竹北,2023-10-04,9339
00751B,元大AAA至A公司債,16,0,16,華南永昌-竹北,2023-10-04,9339
00687B,國泰20年美債,16,0,16,華南永昌-竹北,2023-10-04,9339
00878,國泰永續高股息,18,3,15,華南永昌-竹北,2023-10-04,9339
3276,宇環,16,1,15,華南永昌-竹北,2023-10-04,9339
3701,大眾控,15,1,14,華南永昌-竹北,2023-10-04,9339
2317,鴻海,13,0,13,華南永昌-竹北,2023-10-04,9339
6770,力積電,13,0,13,華南永昌-竹北,2023-10-04,9339
0056,元大高股息,14,2,12,華南永昌-竹北,2023-10-04,9339
2884,玉山金,11,0,11,華南永昌-竹北,2023-10-04,9339
3231,緯創,71,61,10,華南永昌-竹北,2023-10-04,9339
00922,國泰台灣領袖50,9,1,8,華南永昌-竹北,2023-10-04,9339
2801,彰銀,8,0,8,華南永昌-竹北,2023-10-04,9339
2892,第一金,8,0,8,華南永昌-竹北,2023-10-04,9339
3419,譁裕,8,0,8,華南永昌-竹北,2023-10-04,9339
4906,正文,8,0,8,華南永昌-竹北,2023-10-04,9339
8936,國統,16,8,8,華南永昌-竹北,2023-10-04,9339
3005,神基,10,2,8,華南永昌-竹北,2023-10-04,9339
2883,凱基金,8,0,8,華南永昌-竹北,2023-10-04,9339
2409,友達,7,0,7,華南永昌-竹北,2023-10-04,9339
00891,中信關鍵半導體,10,3,7,華南永昌-竹北,2023-10-04,9339
2882,國泰金,7,0,7,華南永昌-竹北,2023-10-04,9339
2465,麗臺,10,4,6,華南永昌-竹北,2023-10-04,9339
6122,擎邦,6,0,6,華南永昌-竹北,2023-10-04,9339
00795B,中信美國公債20年,6,0,6,華南永昌-竹北,2023-10-04,9339
00633L,富邦上証正2,6,0,6,華南永昌-竹北,2023-10-04,9339
3374,精材,11,5,6,華南永昌-竹北,2023-10-04,9339
3489,森寶,6,0,6,華南永昌-竹北,2023-10-04,9339
0050,元大台灣50,5,0,5,華南永昌-竹北,2023-10-04,9339
6288,聯嘉,13,8,5,華南永昌-竹北,2023-10-04,9339
2303,聯電,44,39,5,華南永昌-竹北,2023-10-04,9339
1802,台玻,7,2,5,華南永昌-竹北,2023-10-04,9339
00673R,期元大S＆P原油反1,5,0,5,華南永昌-竹北,2023-10-04,9339
2376,技嘉,154,14,140,華南永昌-竹北,2023-10-05,9339
4909,新復興,80,0,80,華南永昌-竹北,2023-10-05,9339
2382,廣達,210,150,60,華南永昌-竹北,2023-10-05,9339
3374,精材,55,0,55,華南永昌-竹北,2023-10-05,9339
00680L,元大美債20正2,51,0,51,華南永昌-竹北,2023-10-05,9339
3014,聯陽,54,3,51,華南永昌-竹北,2023-10-05,9339
2412,中華電,250,200,50,華南永昌-竹北,2023-10-05,9339
2454,聯發科,62,14,48,華南永昌-竹北,2023-10-05,9339
00670L,富邦NASDAQ正2,50,7,43,華南永昌-竹北,2023-10-05,9339
2356,英業達,37,7,30,華南永昌-竹北,2023-10-05,9339
6715,嘉基,30,0,30,華南永昌-竹北,2023-10-05,9339
4939,亞電,21,0,21,華南永昌-竹北,2023-10-05,9339
3044,健鼎,35,15,20,華南永昌-竹北,2023-10-05,9339
8467,波力-KY,20,0,20,華南永昌-竹北,2023-10-05,9339
3231,緯創,131,114,17,華南永昌-竹北,2023-10-05,9339
6451,訊芯-KY,20,4,16,華南永昌-竹北,2023-10-05,9339
00712,復華富時不動產,16,0,16,華南永昌-竹北,2023-10-05,9339
1714,和桐,15,0,15,華南永昌-竹北,2023-10-05,9339
3715,定穎投控,136,122,14,華南永昌-竹北,2023-10-05,9339
3051,力特,13,0,13,華南永昌-竹北,2023-10-05,9339
2301,光寶科,21,8,13,華南永昌-竹北,2023-10-05,9339
3308,聯德,12,0,12,華南永昌-竹北,2023-10-05,9339
2845,遠東銀,11,0,11,華南永昌-竹北,2023-10-05,9339
00637L,元大滬深300正2,10,0,10,華南永昌-竹北,2023-10-05,9339
2211,長榮鋼,10,0,10,華南永昌-竹北,2023-10-05,9339
2312,金寶,10,0,10,華南永昌-竹北,2023-10-05,9339
2905,三商,10,0,10,華南永昌-竹北,2023-10-05,9339
3005,神基,12,2,10,華南永昌-竹北,2023-10-05,9339
4916,事欣科,10,0,10,華南永昌-竹北,2023-10-05,9339
8040,九暘,10,0,10,華南永昌-竹北,2023-10-05,9339
8936,國統,15,5,10,華南永昌-竹北,2023-10-05,9339
6279,胡連,27,18,9,華南永昌-竹北,2023-10-05,9339
2201,裕隆,11,3,8,華南永昌-竹北,2023-10-05,9339
3548,兆利,22,14,8,華南永昌-竹北,2023-10-05,9339
9945,潤泰新,8,0,8,華南永昌-竹北,2023-10-05,9339
1301,台塑,8,0,8,華南永昌-竹北,2023-10-05,9339
00679B,元大美債20年,17,10,7,華南永昌-竹北,2023-10-05,9339
1319,東陽,14,7,7,華南永昌-竹北,2023-10-05,9339
6117,迎廣,7,0,7,華南永昌-竹北,2023-10-05,9339
1101,台泥,6,0,6,華南永昌-竹北,2023-10-05,9339
5465,富驊,6,0,6,華南永昌-竹北,2023-10-05,9339
1522,堤維西,25,19,6,華南永昌-竹北,2023-10-05,9339
2637,慧洋-KY,6,0,6,華南永昌-竹北,2023-10-05,9339
6233,旺玖,6,0,6,華南永昌-竹北,2023-10-05,9339
2883,凱基金,9,4,5,華南永昌-竹北,2023-10-05,9339
2888,新光金,5,0,5,華南永昌-竹北,2023-10-05,9339
3206,志豐,5,0,5,華南永昌-竹北,2023-10-05,9339
9950,萬國通,5,0,5,華南永昌-竹北,2023-10-05,9339
6669,緯穎,6,1,5,華南永昌-竹北,2023-10-05,9339
3032,偉訓,22,18,4,華南永昌-竹北,2023-10-05,9339
2376,技嘉,340,149,191,華南永昌-竹北,2023-10-06,9339
2453,凌群,155,9,146,華南永昌-竹北,2023-10-06,9339
3037,欣興,122,0,122,華南永昌-竹北,2023-10-06,9339
2365,昆盈,210,89,121,華南永昌-竹北,2023-10-06,9339
2382,廣達,183,69,114,華南永昌-竹北,2023-10-06,9339
2367,燿華,120,12,108,華南永昌-竹北,2023-10-06,9339
3014,聯陽,101,0,101,華南永昌-竹北,2023-10-06,9339
00632R,元大台灣50反1,100,0,100,華南永昌-竹北,2023-10-06,9339
00671R,富邦NASDAQ反1,100,0,100,華南永昌-竹北,2023-10-06,9339
2329,華泰,85,6,79,華南永昌-竹北,2023-10-06,9339
00929,復華台灣科技優息,81,10,71,華南永昌-竹北,2023-10-06,9339
4908,前鼎,71,0,71,華南永昌-竹北,2023-10-06,9339
2609,陽明,70,0,70,華南永昌-竹北,2023-10-06,9339
3374,精材,60,4,56,華南永昌-竹北,2023-10-06,9339
2354,鴻準,62,11,51,華南永昌-竹北,2023-10-06,9339
5608,四維航,50,0,50,華南永昌-竹北,2023-10-06,9339
6104,創惟,50,0,50,華南永昌-竹北,2023-10-06,9339
2606,裕民,50,1,49,華南永昌-竹北,2023-10-06,9339
2356,英業達,67,26,41,華南永昌-竹北,2023-10-06,9339
1524,耿鼎,40,0,40,華南永昌-竹北,2023-10-06,9339
6279,胡連,40,0,40,華南永昌-竹北,2023-10-06,9339
6451,訊芯-KY,53,15,38,華南永昌-竹北,2023-10-06,9339
2454,聯發科,35,0,35,華南永昌-竹北,2023-10-06,9339
2371,大同,20,0,20,華南永昌-竹北,2023-10-06,9339
3044,健鼎,25,5,20,華南永昌-竹北,2023-10-06,9339
6122,擎邦,20,3,17,華南永昌-竹北,2023-10-06,9339
2002,中鋼,14,1,13,華南永昌-竹北,2023-10-06,9339
6680,鑫創電子,13,0,13,華南永昌-竹北,2023-10-06,9339
00679B,元大美債20年,26,15,11,華南永昌-竹北,2023-10-06,9339
2618,長榮航,35,24,11,華南永昌-竹北,2023-10-06,9339
00720B,元大投資級公司債,11,0,11,華南永昌-竹北,2023-10-06,9339
2493,揚博,11,0,11,華南永昌-竹北,2023-10-06,9339
2464,盟立,10,0,10,華南永昌-竹北,2023-10-06,9339
2905,三商,10,0,10,華南永昌-竹北,2023-10-06,9339
4714,永捷,12,2,10,華南永昌-竹北,2023-10-06,9339
1609,大亞,10,0,10,華南永昌-竹北,2023-10-06,9339
3008,大立光,9,0,9,華南永昌-竹北,2023-10-06,9339
2301,光寶科,14,6,8,華南永昌-竹北,2023-10-06,9339
0056,元大高股息,14,6,8,華南永昌-竹北,2023-10-06,9339
5469,瀚宇博,8,0,8,華南永昌-竹北,2023-10-06,9339
00772B,中信高評級公司債,7,0,7,華南永昌-竹北,2023-10-06,9339
2324,仁寶,7,0,7,華南永昌-竹北,2023-10-06,9339
6491,晶碩,7,0,7,華南永昌-竹北,2023-10-06,9339
2645,長榮航太,9,3,6,華南永昌-竹北,2023-10-06,9339
3715,定穎投控,73,68,5,華南永昌-竹北,2023-10-06,9339
00688L,國泰20年美債正2,5,0,5,華南永昌-竹北,2023-10-06,9339
2363,矽統,101,96,5,華南永昌-竹北,2023-10-06,9339
2409,友達,5,0,5,華南永昌-竹北,2023-10-06,9339
6191,精成科,12,7,5,華南永昌-竹北,2023-10-06,9339
6194,育富,5,0,5,華南永昌-竹北,2023-10-06,9339
00632R,元大台灣50反1,500,85,415,華南永昌-竹北,2023-10-11,9339
00633L,富邦上証正2,300,0,300,華南永昌-竹北,2023-10-11,9339
2356,英業達,277,53,224,華南永昌-竹北,2023-10-11,9339
2382,廣達,297,76,221,華南永昌-竹北,2023-10-11,9339
3035,智原,115,44,71,華南永昌-竹北,2023-10-11,9339
2380,虹光,62,0,62,華南永昌-竹北,2023-10-11,9339
3374,精材,60,0,60,華南永昌-竹北,2023-10-11,9339
6271,同欣電,58,0,58,華南永昌-竹北,2023-10-11,9339
2606,裕民,56,1,55,華南永昌-竹北,2023-10-11,9339
2329,華泰,55,2,53,華南永昌-竹北,2023-10-11,9339
8467,波力-KY,50,0,50,華南永昌-竹北,2023-10-11,9339
00878,國泰永續高股息,57,7,50,華南永昌-竹北,2023-10-11,9339
1612,宏泰,35,0,35,華南永昌-竹北,2023-10-11,9339
3050,鈺德,32,0,32,華南永昌-竹北,2023-10-11,9339
6462,神盾,26,0,26,華南永昌-竹北,2023-10-11,9339
1529,樂事綠能,41,18,23,華南永昌-竹北,2023-10-11,9339
1417,嘉裕,21,0,21,華南永昌-竹北,2023-10-11,9339
00655L,國泰中國A50正2,20,0,20,華南永昌-竹北,2023-10-11,9339
2609,陽明,16,0,16,華南永昌-竹北,2023-10-11,9339
8054,安國,15,0,15,華南永昌-竹北,2023-10-11,9339
2887,台新金,14,0,14,華南永昌-竹北,2023-10-11,9339
00720B,元大投資級公司債,14,0,14,華南永昌-竹北,2023-10-11,9339
2399,映泰,14,0,14,華南永昌-竹北,2023-10-11,9339
8255,朋程,13,0,13,華南永昌-竹北,2023-10-11,9339
00757,統一FANG+,11,0,11,華南永昌-竹北,2023-10-11,9339
3701,大眾控,20,9,11,華南永昌-竹北,2023-10-11,9339
3276,宇環,12,2,10,華南永昌-竹北,2023-10-11,9339
3325,旭品,23,13,10,華南永昌-竹北,2023-10-11,9339
8033,雷虎,11,1,10,華南永昌-竹北,2023-10-11,9339
2486,一詮,10,0,10,華南永昌-竹北,2023-10-11,9339
00919,群益台灣精選高息,10,0,10,華南永昌-竹北,2023-10-11,9339
3548,兆利,9,0,9,華南永昌-竹北,2023-10-11,9339
1444,力麗,9,0,9,華南永昌-竹北,2023-10-11,9339
2352,佳世達,13,4,9,華南永昌-竹北,2023-10-11,9339
2431,聯昌,9,0,9,華南永昌-竹北,2023-10-11,9339
6216,居易,10,1,9,華南永昌-竹北,2023-10-11,9339
4706,大恭,10,2,8,華南永昌-竹北,2023-10-11,9339
5234,達興材料,8,0,8,華南永昌-竹北,2023-10-11,9339
3362,先進光,8,1,7,華南永昌-竹北,2023-10-11,9339
6743,安普新,7,0,7,華南永昌-竹北,2023-10-11,9339
5258,虹堡,6,0,6,華南永昌-竹北,2023-10-11,9339
2211,長榮鋼,6,0,6,華南永昌-竹北,2023-10-11,9339
6680,鑫創電子,6,0,6,華南永昌-竹北,2023-10-11,9339
8050,廣積,6,0,6,華南永昌-竹北,2023-10-11,9339
2338,光罩,7,1,6,華南永昌-竹北,2023-10-11,9339
2337,旺宏,6,0,6,華南永昌-竹北,2023-10-11,9339
3024,憶聲,6,0,6,華南永昌-竹北,2023-10-11,9339
00712,復華富時不動產,6,0,6,華南永昌-竹北,2023-10-11,9339
2630,亞航,5,0,5,華南永昌-竹北,2023-10-11,9339
2201,裕隆,11,6,5,華南永昌-竹北,2023-10-11,9339
00632R,元大台灣50反1,200,1,199,華南永昌-竹北,2023-10-12,9339
1815,富喬,103,4,99,華南永昌-竹北,2023-10-12,9339
3454,晶睿,118,20,98,華南永昌-竹北,2023-10-12,9339
6188,廣明,84,3,81,華南永昌-竹北,2023-10-12,9339
2458,義隆,70,0,70,華南永昌-竹北,2023-10-12,9339
00929,復華台灣科技優息,77,10,67,華南永昌-竹北,2023-10-12,9339
2514,龍邦,67,0,67,華南永昌-竹北,2023-10-12,9339
00900,富邦特選高股息30,50,0,50,華南永昌-竹北,2023-10-12,9339
00706L,期元大S＆P日圓正2,50,0,50,華南永昌-竹北,2023-10-12,9339
00671R,富邦NASDAQ反1,50,0,50,華南永昌-竹北,2023-10-12,9339
3014,聯陽,59,10,49,華南永昌-竹北,2023-10-12,9339
1785,光洋科,53,9,44,華南永昌-竹北,2023-10-12,9339
3037,欣興,31,0,31,華南永昌-竹北,2023-10-12,9339
5608,四維航,30,0,30,華南永昌-竹北,2023-10-12,9339
1905,華紙,25,0,25,華南永昌-竹北,2023-10-12,9339
3003,健和興,25,0,25,華南永昌-竹北,2023-10-12,9339
5351,鈺創,27,2,25,華南永昌-竹北,2023-10-12,9339
2344,華邦電,30,7,23,華南永昌-竹北,2023-10-12,9339
1101,台泥,28,5,23,華南永昌-竹北,2023-10-12,9339
2884,玉山金,20,0,20,華南永昌-竹北,2023-10-12,9339
0056,元大高股息,21,1,20,華南永昌-竹北,2023-10-12,9339
2634,漢翔,20,1,19,華南永昌-竹北,2023-10-12,9339
3231,緯創,58,40,18,華南永昌-竹北,2023-10-12,9339
4739,康普,18,1,17,華南永昌-竹北,2023-10-12,9339
00919,群益台灣精選高息,16,0,16,華南永昌-竹北,2023-10-12,9339
1524,耿鼎,17,1,16,華南永昌-竹北,2023-10-12,9339
3715,定穎投控,38,22,16,華南永昌-竹北,2023-10-12,9339
2891,中信金,19,3,16,華南永昌-竹北,2023-10-12,9339
4919,新唐,15,0,15,華南永昌-竹北,2023-10-12,9339
6446,藥華藥,15,0,15,華南永昌-竹北,2023-10-12,9339
2363,矽統,139,124,15,華南永昌-竹北,2023-10-12,9339
3078,僑威,26,12,14,華南永昌-竹北,2023-10-12,9339
00679B,元大美債20年,23,10,13,華南永昌-竹北,2023-10-12,9339
3706,神達,78,65,13,華南永昌-竹北,2023-10-12,9339
8996,高力,20,8,12,華南永昌-竹北,2023-10-12,9339
3532,台勝科,12,0,12,華南永昌-竹北,2023-10-12,9339
2412,中華電,44,32,12,華南永昌-竹北,2023-10-12,9339
6213,聯茂,11,0,11,華南永昌-竹北,2023-10-12,9339
2002,中鋼,11,0,11,華南永昌-竹北,2023-10-12,9339
2607,榮運,10,0,10,華南永昌-竹北,2023-10-12,9339
3701,大眾控,10,0,10,華南永昌-竹北,2023-10-12,9339
6125,廣運,10,0,10,華南永昌-竹北,2023-10-12,9339
6231,系微,29,19,10,華南永昌-竹北,2023-10-12,9339
8176,智捷,10,0,10,華南永昌-竹北,2023-10-12,9339
1603,華電,11,2,9,華南永昌-竹北,2023-10-12,9339
2338,光罩,8,0,8,華南永昌-竹北,2023-10-12,9339
3346,麗清,14,6,8,華南永昌-竹北,2023-10-12,9339
4726,永昕,8,0,8,華南永昌-竹北,2023-10-12,9339
4934,太極,8,0,8,華南永昌-竹北,2023-10-12,9339
4542,科嶠,7,0,7,華南永昌-竹北,2023-10-12,9339
1101,台泥,253,60,193,華南永昌-竹北,2023-10-13,9339
2465,麗臺,186,0,186,華南永昌-竹北,2023-10-13,9339
5439,高技,155,4,151,華南永昌-竹北,2023-10-13,9339
00633L,富邦上証正2,151,11,140,華南永昌-竹北,2023-10-13,9339
8996,高力,108,22,86,華南永昌-竹北,2023-10-13,9339
2363,矽統,323,242,81,華南永昌-竹北,2023-10-13,9339
00706L,期元大S＆P日圓正2,70,0,70,華南永昌-竹北,2023-10-13,9339
5388,中磊,67,0,67,華南永昌-竹北,2023-10-13,9339
2436,偉詮電,55,0,55,華南永昌-竹北,2023-10-13,9339
6799,來頡,33,0,33,華南永昌-竹北,2023-10-13,9339
2514,龍邦,32,0,32,華南永昌-竹北,2023-10-13,9339
2233,宇隆,30,0,30,華南永昌-竹北,2023-10-13,9339
2390,云辰,30,1,29,華南永昌-竹北,2023-10-13,9339
00919,群益台灣精選高息,39,12,27,華南永昌-竹北,2023-10-13,9339
00929,復華台灣科技優息,26,0,26,華南永昌-竹北,2023-10-13,9339
00720B,元大投資級公司債,25,0,25,華南永昌-竹北,2023-10-13,9339
1714,和桐,23,0,23,華南永昌-竹北,2023-10-13,9339
2354,鴻準,23,0,23,華南永昌-竹北,2023-10-13,9339
9939,宏全,20,0,20,華南永昌-竹北,2023-10-13,9339
2329,華泰,20,0,20,華南永昌-竹北,2023-10-13,9339
5608,四維航,20,0,20,華南永昌-竹北,2023-10-13,9339
00712,復華富時不動產,19,0,19,華南永昌-竹北,2023-10-13,9339
3231,緯創,95,77,18,華南永昌-竹北,2023-10-13,9339
00725B,國泰投資級公司債,14,0,14,華南永昌-竹北,2023-10-13,9339
3706,神達,258,245,13,華南永昌-竹北,2023-10-13,9339
3715,定穎投控,22,10,12,華南永昌-竹北,2023-10-13,9339
00679B,元大美債20年,213,201,12,華南永昌-竹北,2023-10-13,9339
2880,華南金,12,0,12,華南永昌-竹北,2023-10-13,9339
3017,奇鋐,13,2,11,華南永昌-竹北,2023-10-13,9339
4160,訊聯基因,10,0,10,華南永昌-竹北,2023-10-13,9339
6015,宏遠證,10,0,10,華南永昌-竹北,2023-10-13,9339
2881,富邦金,10,1,9,華南永昌-竹北,2023-10-13,9339
00680L,元大美債20正2,9,0,9,華南永昌-竹北,2023-10-13,9339
1718,中纖,9,0,9,華南永昌-竹北,2023-10-13,9339
4967,十銓,11,2,9,華南永昌-竹北,2023-10-13,9339
6175,立敦,9,0,9,華南永昌-竹北,2023-10-13,9339
3443,創意,8,0,8,華南永昌-竹北,2023-10-13,9339
00878,國泰永續高股息,11,4,7,華南永昌-竹北,2023-10-13,9339
8478,東哥遊艇,11,4,7,華南永昌-竹北,2023-10-13,9339
3025,星通,60,53,7,華南永昌-竹北,2023-10-13,9339
006208,富邦台50,6,0,6,華南永昌-竹北,2023-10-13,9339
6187,萬潤,8,2,6,華南永昌-竹北,2023-10-13,9339
00931B,統一美債20年,5,0,5,華南永昌-竹北,2023-10-13,9339
00713,元大台灣高息低波,5,0,5,華南永昌-竹北,2023-10-13,9339
1904,正隆,5,0,5,華南永昌-竹北,2023-10-13,9339
4510,高鋒,5,0,5,華南永昌-竹北,2023-10-13,9339
4906,正文,6,1,5,華南永昌-竹北,2023-10-13,9339
5328,華容,5,0,5,華南永昌-竹北,2023-10-13,9339
5347,世界,5,0,5,華南永昌-竹北,2023-10-13,9339
5607,遠雄港,5,0,5,華南永昌-竹北,2023-10-13,9339
00633L,富邦上証正2,150,0,150,華南永昌-竹北,2023-10-16,9339
2363,矽統,323,203,120,華南永昌-竹北,2023-10-16,9339
3706,神達,80,0,80,華南永昌-竹北,2023-10-16,9339
0056,元大高股息,54,2,52,華南永昌-竹北,2023-10-16,9339
1905,華紙,51,0,51,華南永昌-竹北,2023-10-16,9339
2365,昆盈,50,0,50,華南永昌-竹北,2023-10-16,9339
2201,裕隆,75,28,47,華南永昌-竹北,2023-10-16,9339
2408,南亞科,45,0,45,華南永昌-竹北,2023-10-16,9339
2514,龍邦,40,0,40,華南永昌-竹北,2023-10-16,9339
00929,復華台灣科技優息,41,2,39,華南永昌-竹北,2023-10-16,9339
3576,聯合再生,38,0,38,華南永昌-竹北,2023-10-16,9339
2402,毅嘉,37,0,37,華南永昌-竹北,2023-10-16,9339
00637L,元大滬深300正2,36,0,36,華南永昌-竹北,2023-10-16,9339
00673R,期元大S＆P原油反1,34,0,34,華南永昌-竹北,2023-10-16,9339
2344,華邦電,36,3,33,華南永昌-竹北,2023-10-16,9339
2233,宇隆,32,2,30,華南永昌-竹北,2023-10-16,9339
6288,聯嘉,30,0,30,華南永昌-竹北,2023-10-16,9339
8050,廣積,30,0,30,華南永昌-竹北,2023-10-16,9339
00878,國泰永續高股息,24,0,24,華南永昌-竹北,2023-10-16,9339
6231,系微,39,18,21,華南永昌-竹北,2023-10-16,9339
2340,台亞,19,0,19,華南永昌-竹北,2023-10-16,9339
9950,萬國通,20,2,18,華南永昌-竹北,2023-10-16,9339
8467,波力-KY,17,0,17,華南永昌-竹北,2023-10-16,9339
00919,群益台灣精選高息,15,0,15,華南永昌-竹北,2023-10-16,9339
2330,台積電,15,0,15,華南永昌-竹北,2023-10-16,9339
6274,台燿,15,0,15,華南永昌-竹北,2023-10-16,9339
2354,鴻準,15,2,13,華南永昌-竹北,2023-10-16,9339
2881,富邦金,15,2,13,華南永昌-竹北,2023-10-16,9339
00922,國泰台灣領袖50,12,0,12,華南永昌-竹北,2023-10-16,9339
2329,華泰,14,2,12,華南永昌-竹北,2023-10-16,9339
4510,高鋒,12,0,12,華南永昌-竹北,2023-10-16,9339
1417,嘉裕,11,0,11,華南永昌-竹北,2023-10-16,9339
2618,長榮航,10,0,10,華南永昌-竹北,2023-10-16,9339
00720B,元大投資級公司債,10,0,10,華南永昌-竹北,2023-10-16,9339
00902,中信電池及儲能,10,0,10,華南永昌-竹北,2023-10-16,9339
00722B,群益投資級電信債,10,0,10,華南永昌-竹北,2023-10-16,9339
00680L,元大美債20正2,10,0,10,華南永昌-竹北,2023-10-16,9339
3016,嘉晶,10,0,10,華南永昌-竹北,2023-10-16,9339
3006,晶豪科,10,1,9,華南永昌-竹北,2023-10-16,9339
6643,M31,9,1,8,華南永昌-竹北,2023-10-16,9339
8176,智捷,8,1,7,華南永昌-竹北,2023-10-16,9339
2884,玉山金,7,0,7,華南永昌-竹北,2023-10-16,9339
8936,國統,7,0,7,華南永昌-竹北,2023-10-16,9339
00681R,元大美債20反1,6,0,6,華南永昌-竹北,2023-10-16,9339
4958,臻鼎-KY,6,0,6,華南永昌-竹北,2023-10-16,9339
5607,遠雄港,6,0,6,華南永昌-竹北,2023-10-16,9339
2453,凌群,6,0,6,華南永昌-竹北,2023-10-16,9339
3234,光環,6,0,6,華南永昌-竹北,2023-10-16,9339
00712,復華富時不動產,6,0,6,華南永昌-竹北,2023-10-16,9339
1609,大亞,5,0,5,華南永昌-竹北,2023-10-16,9339
2201,裕隆,319,5,314,華南永昌-竹北,2023-10-17,9339
6104,創惟,317,12,305,華南永昌-竹北,2023-10-17,9339
2436,偉詮電,204,1,203,華南永昌-竹北,2023-10-17,9339
4167,松瑞藥,100,0,100,華南永昌-竹北,2023-10-17,9339
0056,元大高股息,78,0,78,華南永昌-竹北,2023-10-17,9339
2233,宇隆,60,0,60,華南永昌-竹北,2023-10-17,9339
2382,廣達,84,37,47,華南永昌-竹北,2023-10-17,9339
6175,立敦,41,0,41,華南永昌-竹北,2023-10-17,9339
3025,星通,38,3,35,華南永昌-竹北,2023-10-17,9339
00680L,元大美債20正2,31,0,31,華南永昌-竹北,2023-10-17,9339
3704,合勤控,31,1,30,華南永昌-竹北,2023-10-17,9339
3374,精材,35,8,27,華南永昌-竹北,2023-10-17,9339
6482,弘煜科,22,0,22,華南永昌-竹北,2023-10-17,9339
00878,國泰永續高股息,21,0,21,華南永昌-竹北,2023-10-17,9339
00724B,群益投資級金融債,20,0,20,華南永昌-竹北,2023-10-17,9339
2905,三商,20,0,20,華南永昌-竹北,2023-10-17,9339
00929,復華台灣科技優息,20,0,20,華南永昌-竹北,2023-10-17,9339
2618,長榮航,13,0,13,華南永昌-竹北,2023-10-17,9339
3276,宇環,14,2,12,華南永昌-竹北,2023-10-17,9339
3293,鈊象,12,0,12,華南永昌-竹北,2023-10-17,9339
00687B,國泰20年美債,11,0,11,華南永昌-竹北,2023-10-17,9339
1417,嘉裕,11,0,11,華南永昌-竹北,2023-10-17,9339
2888,新光金,11,0,11,華南永昌-竹北,2023-10-17,9339
2303,聯電,21,10,11,華南永昌-竹北,2023-10-17,9339
3234,光環,11,0,11,華南永昌-竹北,2023-10-17,9339
00670L,富邦NASDAQ正2,12,2,10,華南永昌-竹北,2023-10-17,9339
00921,兆豐龍頭等權重,10,0,10,華南永昌-竹北,2023-10-17,9339
2367,燿華,10,0,10,華南永昌-竹北,2023-10-17,9339
2489,瑞軒,10,0,10,華南永昌-竹北,2023-10-17,9339
2610,華航,11,1,10,華南永昌-竹北,2023-10-17,9339
00637L,元大滬深300正2,10,0,10,華南永昌-竹北,2023-10-17,9339
2903,遠百,10,0,10,華南永昌-竹北,2023-10-17,9339
2344,華邦電,10,1,9,華南永昌-竹北,2023-10-17,9339
00751B,元大AAA至A公司債,8,0,8,華南永昌-竹北,2023-10-17,9339
00918,大華優利高填息30,8,0,8,華南永昌-竹北,2023-10-17,9339
2331,精英,8,0,8,華南永昌-竹北,2023-10-17,9339
8064,東捷,8,0,8,華南永昌-竹北,2023-10-17,9339
00919,群益台灣精選高息,7,0,7,華南永昌-竹北,2023-10-17,9339
3017,奇鋐,13,6,7,華南永昌-竹北,2023-10-17,9339
1519,華城,38,32,6,華南永昌-竹北,2023-10-17,9339
8093,保銳,6,0,6,華南永昌-竹北,2023-10-17,9339
2313,華通,8,2,6,華南永昌-竹北,2023-10-17,9339
2352,佳世達,7,2,5,華南永昌-竹北,2023-10-17,9339
00753L,中信中國50正2,5,0,5,華南永昌-竹北,2023-10-17,9339
1612,宏泰,5,0,5,華南永昌-竹北,2023-10-17,9339
2543,皇昌,15,10,5,華南永昌-竹北,2023-10-17,9339
2834,臺企銀,5,0,5,華南永昌-竹北,2023-10-17,9339
3537,堡達,5,0,5,華南永昌-竹北,2023-10-17,9339
3646,艾恩特,5,0,5,華南永昌-竹北,2023-10-17,9339
5443,均豪,5,0,5,華南永昌-竹北,2023-10-17,9339
2436,偉詮電,148,0,148,華南永昌-竹北,2023-10-18,9339
00673R,期元大S＆P原油反1,134,0,134,華南永昌-竹北,2023-10-18,9339
2903,遠百,92,2,90,華南永昌-竹北,2023-10-18,9339
6509,聚和,75,0,75,華南永昌-竹北,2023-10-18,9339
2201,裕隆,98,29,69,華南永昌-竹北,2023-10-18,9339
3037,欣興,66,2,64,華南永昌-竹北,2023-10-18,9339
00680L,元大美債20正2,61,0,61,華南永昌-竹北,2023-10-18,9339
5471,松翰,60,0,60,華南永昌-竹北,2023-10-18,9339
00878,國泰永續高股息,67,9,58,華南永昌-竹北,2023-10-18,9339
6231,系微,53,0,53,華南永昌-竹北,2023-10-18,9339
0056,元大高股息,49,0,49,華南永昌-竹北,2023-10-18,9339
3374,精材,48,3,45,華南永昌-竹北,2023-10-18,9339
00929,復華台灣科技優息,44,4,40,華南永昌-竹北,2023-10-18,9339
2002,中鋼,37,4,33,華南永昌-竹北,2023-10-18,9339
00919,群益台灣精選高息,33,0,33,華南永昌-竹北,2023-10-18,9339
2352,佳世達,34,6,28,華南永昌-竹北,2023-10-18,9339
2368,金像電,30,3,27,華南永昌-竹北,2023-10-18,9339
5439,高技,26,0,26,華南永昌-竹北,2023-10-18,9339
8112,至上,24,2,22,華南永昌-竹北,2023-10-18,9339
00724B,群益投資級金融債,20,0,20,華南永昌-竹北,2023-10-18,9339
2412,中華電,178,158,20,華南永昌-竹北,2023-10-18,9339
2538,基泰,18,0,18,華南永昌-竹北,2023-10-18,9339
3704,合勤控,22,4,18,華南永昌-竹北,2023-10-18,9339
6274,台燿,19,3,16,華南永昌-竹北,2023-10-18,9339
00922,國泰台灣領袖50,15,0,15,華南永昌-竹北,2023-10-18,9339
8040,九暘,27,12,15,華南永昌-竹北,2023-10-18,9339
00687B,國泰20年美債,15,0,15,華南永昌-竹北,2023-10-18,9339
00631L,元大台灣50正2,14,0,14,華南永昌-竹北,2023-10-18,9339
2312,金寶,14,0,14,華南永昌-竹北,2023-10-18,9339
00891,中信關鍵半導體,14,0,14,華南永昌-竹北,2023-10-18,9339
1802,台玻,13,0,13,華南永昌-竹北,2023-10-18,9339
6213,聯茂,14,1,13,華南永昌-竹北,2023-10-18,9339
4706,大恭,12,0,12,華南永昌-竹北,2023-10-18,9339
6282,康舒,12,0,12,華南永昌-竹北,2023-10-18,9339
5258,虹堡,11,0,11,華南永昌-竹北,2023-10-18,9339
1471,首利,10,0,10,華南永昌-竹北,2023-10-18,9339
2892,第一金,10,0,10,華南永昌-竹北,2023-10-18,9339
00921,兆豐龍頭等權重,10,0,10,華南永昌-竹北,2023-10-18,9339
1907,永豐餘,13,3,10,華南永昌-竹北,2023-10-18,9339
2354,鴻準,10,0,10,華南永昌-竹北,2023-10-18,9339
2609,陽明,10,0,10,華南永昌-竹北,2023-10-18,9339
2706,第一店,10,0,10,華南永昌-竹北,2023-10-18,9339
3024,憶聲,10,0,10,華南永昌-竹北,2023-10-18,9339
3268,海德威,10,0,10,華南永昌-竹北,2023-10-18,9339
5452,佶優,10,0,10,華南永昌-竹北,2023-10-18,9339
6443,元晶,10,0,10,華南永昌-竹北,2023-10-18,9339
8358,金居,11,1,10,華南永昌-竹北,2023-10-18,9339
9950,萬國通,10,0,10,華南永昌-竹北,2023-10-18,9339
2330,台積電,12,2,10,華南永昌-竹北,2023-10-18,9339
1815,富喬,14,5,9,華南永昌-竹北,2023-10-18,9339
00633L,富邦上証正2,122,0,122,華南永昌-竹北,2023-10-19,9339
2412,中華電,251,184,67,華南永昌-竹北,2023-10-19,9339
2380,虹光,62,0,62,華南永昌-竹北,2023-10-19,9339
00680L,元大美債20正2,55,2,53,華南永昌-竹北,2023-10-19,9339
00929,復華台灣科技優息,63,12,51,華南永昌-竹北,2023-10-19,9339
2637,慧洋-KY,65,15,50,華南永昌-竹北,2023-10-19,9339
00665L,富邦�琤肭磪囓�2,47,0,47,華南永昌-竹北,2023-10-19,9339
0056,元大高股息,51,13,38,華南永昌-竹北,2023-10-19,9339
1905,華紙,36,0,36,華南永昌-竹北,2023-10-19,9339
3704,合勤控,43,9,34,華南永昌-竹北,2023-10-19,9339
00687B,國泰20年美債,51,20,31,華南永昌-竹北,2023-10-19,9339
00898,國泰基因免疫革命,31,0,31,華南永昌-竹北,2023-10-19,9339
00673R,期元大S＆P原油反1,30,0,30,華南永昌-竹北,2023-10-19,9339
00933B,國泰10Y+金融債,56,30,26,華南永昌-竹北,2023-10-19,9339
4102,永日,39,14,25,華南永昌-竹北,2023-10-19,9339
00922,國泰台灣領袖50,23,0,23,華南永昌-竹北,2023-10-19,9339
2388,威盛,40,19,21,華南永昌-竹北,2023-10-19,9339
00857B,永豐20年美公債,20,0,20,華南永昌-竹北,2023-10-19,9339
4167,松瑞藥,20,0,20,華南永昌-竹北,2023-10-19,9339
2884,玉山金,19,0,19,華南永昌-竹北,2023-10-19,9339
2376,技嘉,23,5,18,華南永昌-竹北,2023-10-19,9339
00885,富邦越南,17,0,17,華南永昌-竹北,2023-10-19,9339
00679B,元大美債20年,17,0,17,華南永昌-竹北,2023-10-19,9339
00919,群益台灣精選高息,17,0,17,華南永昌-竹北,2023-10-19,9339
00902,中信電池及儲能,17,0,17,華南永昌-竹北,2023-10-19,9339
2363,矽統,34,18,16,華南永昌-竹北,2023-10-19,9339
2317,鴻海,15,0,15,華南永昌-竹北,2023-10-19,9339
3715,定穎投控,64,49,15,華南永昌-竹北,2023-10-19,9339
2816,旺旺保,18,5,13,華南永昌-竹北,2023-10-19,9339
4551,智伸科,12,0,12,華南永昌-竹北,2023-10-19,9339
5381,合正,12,0,12,華南永昌-竹北,2023-10-19,9339
00712,復華富時不動產,11,0,11,華南永昌-竹北,2023-10-19,9339
1101,台泥,10,0,10,華南永昌-竹北,2023-10-19,9339
2880,華南金,10,0,10,華南永昌-竹北,2023-10-19,9339
00895,富邦未來車,30,20,10,華南永昌-竹北,2023-10-19,9339
00670L,富邦NASDAQ正2,10,0,10,華南永昌-竹北,2023-10-19,9339
00921,兆豐龍頭等權重,10,0,10,華南永昌-竹北,2023-10-19,9339
2610,華航,11,1,10,華南永昌-竹北,2023-10-19,9339
2903,遠百,10,0,10,華南永昌-竹北,2023-10-19,9339
3706,神達,15,6,9,華南永昌-竹北,2023-10-19,9339
00931B,統一美債20年,8,0,8,華南永昌-竹北,2023-10-19,9339
1612,宏泰,10,2,8,華南永昌-竹北,2023-10-19,9339
6114,久威,8,0,8,華南永昌-竹北,2023-10-19,9339
8048,德勝,12,4,8,華南永昌-竹北,2023-10-19,9339
2201,裕隆,25,18,7,華南永昌-竹北,2023-10-19,9339
2002,中鋼,9,2,7,華南永昌-竹北,2023-10-19,9339
2356,英業達,9,2,7,華南永昌-竹北,2023-10-19,9339
4979,華星光,80,73,7,華南永昌-竹北,2023-10-19,9339
5210,寶碩,7,0,7,華南永昌-竹北,2023-10-19,9339
6175,立敦,7,0,7,華南永昌-竹北,2023-10-19,9339
2201,裕隆,206,34,172,華南永昌-竹北,2023-10-20,9339
2436,偉詮電,147,72,75,華南永昌-竹北,2023-10-20,9339
6568,宏觀,72,14,58,華南永昌-竹北,2023-10-20,9339
00687B,國泰20年美債,51,0,51,華南永昌-竹北,2023-10-20,9339
00712,復華富時不動產,59,11,48,華南永昌-竹北,2023-10-20,9339
00929,復華台灣科技優息,50,6,44,華南永昌-竹北,2023-10-20,9339
3374,精材,61,17,44,華南永昌-竹北,2023-10-20,9339
6770,力積電,73,29,44,華南永昌-竹北,2023-10-20,9339
00637L,元大滬深300正2,43,0,43,華南永昌-竹北,2023-10-20,9339
00673R,期元大S＆P原油反1,40,0,40,華南永昌-竹北,2023-10-20,9339
00919,群益台灣精選高息,37,1,36,華南永昌-竹北,2023-10-20,9339
00878,國泰永續高股息,49,18,31,華南永昌-竹北,2023-10-20,9339
2363,矽統,32,5,27,華南永昌-竹北,2023-10-20,9339
00680L,元大美債20正2,21,0,21,華南永昌-竹北,2023-10-20,9339
00665L,富邦�琤肭磪囓�2,30,10,20,華南永昌-竹北,2023-10-20,9339
8210,勤誠,25,7,18,華南永昌-竹北,2023-10-20,9339
0056,元大高股息,24,6,18,華南永昌-竹北,2023-10-20,9339
00900,富邦特選高股息30,17,0,17,華南永昌-竹北,2023-10-20,9339
8176,智捷,20,5,15,華南永昌-竹北,2023-10-20,9339
00751B,元大AAA至A公司債,14,0,14,華南永昌-竹北,2023-10-20,9339
00720B,元大投資級公司債,14,0,14,華南永昌-竹北,2023-10-20,9339
1101,台泥,15,1,14,華南永昌-竹北,2023-10-20,9339
2327,國巨,17,3,14,華南永昌-竹北,2023-10-20,9339
3268,海德威,14,1,13,華南永昌-竹北,2023-10-20,9339
6449,鈺邦,12,0,12,華南永昌-竹北,2023-10-20,9339
2888,新光金,12,1,11,華南永昌-竹北,2023-10-20,9339
6139,亞翔,32,21,11,華南永昌-竹北,2023-10-20,9339
6494,九齊,11,0,11,華南永昌-竹北,2023-10-20,9339
2303,聯電,17,7,10,華南永昌-竹北,2023-10-20,9339
4967,十銓,22,12,10,華南永昌-竹北,2023-10-20,9339
1907,永豐餘,10,0,10,華南永昌-竹北,2023-10-20,9339
3576,聯合再生,10,0,10,華南永昌-竹北,2023-10-20,9339
4944,兆遠,10,0,10,華南永昌-竹北,2023-10-20,9339
6279,胡連,10,0,10,華南永昌-竹北,2023-10-20,9339
00898,國泰基因免疫革命,9,0,9,華南永昌-竹北,2023-10-20,9339
00670L,富邦NASDAQ正2,8,0,8,華南永昌-竹北,2023-10-20,9339
00902,中信電池及儲能,8,0,8,華南永昌-竹北,2023-10-20,9339
2887,台新金,7,0,7,華南永昌-竹北,2023-10-20,9339
1324,地球,18,11,7,華南永昌-竹北,2023-10-20,9339
2891,中信金,12,5,7,華南永昌-竹北,2023-10-20,9339
4763,材料-KY,10,3,7,華南永昌-竹北,2023-10-20,9339
00753L,中信中國50正2,7,0,7,華南永昌-竹北,2023-10-20,9339
2706,第一店,7,0,7,華南永昌-竹北,2023-10-20,9339
4128,中天,12,5,7,華南永昌-竹北,2023-10-20,9339
1513,中興電,6,0,6,華南永昌-竹北,2023-10-20,9339
00885,富邦越南,6,0,6,華南永昌-竹北,2023-10-20,9339
1718,中纖,6,0,6,華南永昌-竹北,2023-10-20,9339
3581,博磊,7,1,6,華南永昌-竹北,2023-10-20,9339
5439,高技,12,6,6,華南永昌-竹北,2023-10-20,9339
2204,中華,5,0,5,華南永昌-竹北,2023-10-20,9339
00687B,國泰20年美債,416,0,416,華南永昌-竹北,2023-10-23,9339
00679B,元大美債20年,275,0,275,華南永昌-竹北,2023-10-23,9339
5471,松翰,110,1,109,華南永昌-竹北,2023-10-23,9339
00929,復華台灣科技優息,92,0,92,華南永昌-竹北,2023-10-23,9339
4939,亞電,80,0,80,華南永昌-竹北,2023-10-23,9339
6104,創惟,64,0,64,華南永昌-竹北,2023-10-23,9339
6550,北極星藥業-KY,55,1,54,華南永昌-竹北,2023-10-23,9339
6219,富旺,50,0,50,華南永昌-竹北,2023-10-23,9339
00680L,元大美債20正2,40,0,40,華南永昌-竹北,2023-10-23,9339
2317,鴻海,42,7,35,華南永昌-竹北,2023-10-23,9339
6568,宏觀,36,2,34,華南永昌-竹北,2023-10-23,9339
00637L,元大滬深300正2,29,0,29,華南永昌-竹北,2023-10-23,9339
2465,麗臺,28,0,28,華南永昌-竹北,2023-10-23,9339
00919,群益台灣精選高息,27,0,27,華南永昌-竹北,2023-10-23,9339
4102,永日,97,72,25,華南永昌-竹北,2023-10-23,9339
2369,菱生,39,15,24,華南永昌-竹北,2023-10-23,9339
2891,中信金,20,0,20,華南永昌-竹北,2023-10-23,9339
2606,裕民,20,0,20,華南永昌-竹北,2023-10-23,9339
8054,安國,22,3,19,華南永昌-竹北,2023-10-23,9339
0056,元大高股息,22,5,17,華南永昌-竹北,2023-10-23,9339
00720B,元大投資級公司債,17,0,17,華南永昌-竹北,2023-10-23,9339
2363,矽統,33,16,17,華南永昌-竹北,2023-10-23,9339
2330,台積電,17,0,17,華南永昌-竹北,2023-10-23,9339
1219,福壽,17,0,17,華南永昌-竹北,2023-10-23,9339
3709,鑫聯大投控,17,0,17,華南永昌-竹北,2023-10-23,9339
00878,國泰永續高股息,22,5,17,華南永昌-竹北,2023-10-23,9339
2436,偉詮電,20,4,16,華南永昌-竹北,2023-10-23,9339
2516,新建,18,2,16,華南永昌-竹北,2023-10-23,9339
00665L,富邦�琤肭磪囓�2,20,5,15,華南永昌-竹北,2023-10-23,9339
00751B,元大AAA至A公司債,15,0,15,華南永昌-竹北,2023-10-23,9339
6233,旺玖,15,0,15,華南永昌-竹北,2023-10-23,9339
2881,富邦金,14,0,14,華南永昌-竹北,2023-10-23,9339
00712,復華富時不動產,14,0,14,華南永昌-竹北,2023-10-23,9339
2201,裕隆,21,9,12,華南永昌-竹北,2023-10-23,9339
2002,中鋼,11,0,11,華南永昌-竹北,2023-10-23,9339
00633L,富邦上証正2,11,0,11,華南永昌-竹北,2023-10-23,9339
2887,台新金,11,0,11,華南永昌-竹北,2023-10-23,9339
1444,力麗,10,0,10,華南永昌-竹北,2023-10-23,9339
6462,神盾,10,0,10,華南永昌-竹北,2023-10-23,9339
1101,台泥,9,0,9,華南永昌-竹北,2023-10-23,9339
1711,永光,10,1,9,華南永昌-竹北,2023-10-23,9339
3025,星通,14,5,9,華南永昌-竹北,2023-10-23,9339
3041,揚智,9,1,8,華南永昌-竹北,2023-10-23,9339
3051,力特,23,17,6,華南永昌-竹北,2023-10-23,9339
00900,富邦特選高股息30,6,0,6,華南永昌-竹北,2023-10-23,9339
00670L,富邦NASDAQ正2,6,0,6,華南永昌-竹北,2023-10-23,9339
3149,正達,5,0,5,華南永昌-竹北,2023-10-23,9339
2886,兆豐金,5,0,5,華南永昌-竹北,2023-10-23,9339
4916,事欣科,5,0,5,華南永昌-竹北,2023-10-23,9339
00795B,中信美國公債20年,5,0,5,華南永昌-竹北,2023-10-23,9339
3260,威剛,153,91,62,華南永昌-竹北,2023-10-24,9339
00929,復華台灣科技優息,52,0,52,華南永昌-竹北,2023-10-24,9339
2892,第一金,51,0,51,華南永昌-竹北,2023-10-24,9339
00712,復華富時不動產,48,0,48,華南永昌-竹北,2023-10-24,9339
2317,鴻海,80,36,44,華南永昌-竹北,2023-10-24,9339
1785,光洋科,31,1,30,華南永昌-竹北,2023-10-24,9339
6568,宏觀,24,0,24,華南永昌-竹北,2023-10-24,9339
2618,長榮航,21,1,20,華南永昌-竹北,2023-10-24,9339
3709,鑫聯大投控,19,0,19,華南永昌-竹北,2023-10-24,9339
2887,台新金,18,0,18,華南永昌-竹北,2023-10-24,9339
00687B,國泰20年美債,17,2,15,華南永昌-竹北,2023-10-24,9339
9938,百和,15,0,15,華南永昌-竹北,2023-10-24,9339
3483,力致,16,4,12,華南永昌-竹北,2023-10-24,9339
1319,東陽,14,3,11,華南永昌-竹北,2023-10-24,9339
2201,裕隆,11,0,11,華南永昌-竹北,2023-10-24,9339
2369,菱生,23,12,11,華南永昌-竹北,2023-10-24,9339
00891,中信關鍵半導體,10,0,10,華南永昌-竹北,2023-10-24,9339
4939,亞電,10,0,10,華南永昌-竹北,2023-10-24,9339
5471,松翰,10,0,10,華南永昌-竹北,2023-10-24,9339
3006,晶豪科,17,8,9,華南永昌-竹北,2023-10-24,9339
00878,國泰永續高股息,25,17,8,華南永昌-竹北,2023-10-24,9339
2002,中鋼,8,0,8,華南永昌-竹北,2023-10-24,9339
9945,潤泰新,8,0,8,華南永昌-竹北,2023-10-24,9339
00919,群益台灣精選高息,6,0,6,華南永昌-竹北,2023-10-24,9339
2486,一詮,6,0,6,華南永昌-竹北,2023-10-24,9339
1101,台泥,10,4,6,華南永昌-竹北,2023-10-24,9339
2610,華航,6,0,6,華南永昌-竹北,2023-10-24,9339
3715,定穎投控,32,26,6,華南永昌-竹北,2023-10-24,9339
3041,揚智,9,4,5,華南永昌-竹北,2023-10-24,9339
00706L,期元大S＆P日圓正2,5,0,5,華南永昌-竹北,2023-10-24,9339
00720B,元大投資級公司債,5,0,5,華南永昌-竹北,2023-10-24,9339
00665L,富邦�琤肭磪囓�2,75,70,5,華南永昌-竹北,2023-10-24,9339
00907,永豐優息存股,5,0,5,華南永昌-竹北,2023-10-24,9339
1560,中砂,5,0,5,華南永昌-竹北,2023-10-24,9339
2367,燿華,5,0,5,華南永昌-竹北,2023-10-24,9339
3669,圓展,5,0,5,華南永昌-竹北,2023-10-24,9339
3704,合勤控,5,0,5,華南永昌-竹北,2023-10-24,9339
4944,兆遠,5,0,5,華南永昌-竹北,2023-10-24,9339
5281,大峽谷-KY,5,0,5,華南永昌-竹北,2023-10-24,9339
6117,迎廣,5,0,5,華南永昌-竹北,2023-10-24,9339
8110,華東,8,3,5,華南永昌-竹北,2023-10-24,9339
3035,智原,43,38,5,華南永昌-竹北,2023-10-24,9339
00882,中信中國高股息,4,0,4,華南永昌-竹北,2023-10-24,9339
3037,欣興,10,6,4,華南永昌-竹北,2023-10-24,9339
4543,萬在,4,0,4,華南永昌-竹北,2023-10-24,9339
4968,立積,5,1,4,華南永昌-竹北,2023-10-24,9339
6526,達發,4,0,4,華南永昌-竹北,2023-10-24,9339
6672,騰輝電子-KY,4,0,4,華南永昌-竹北,2023-10-24,9339
4958,臻鼎-KY,4,1,3,華南永昌-竹北,2023-10-24,9339
0050,元大台灣50,3,0,3,華南永昌-竹北,2023-10-24,9339
00633L,富邦上証正2,460,0,460,華南永昌-竹北,2023-10-25,9339
8936,國統,107,4,103,華南永昌-竹北,2023-10-25,9339
5471,松翰,93,0,93,華南永昌-竹北,2023-10-25,9339
3704,合勤控,113,22,91,華南永昌-竹北,2023-10-25,9339
4960,誠美材,91,1,90,華南永昌-竹北,2023-10-25,9339
3035,智原,145,60,85,華南永昌-竹北,2023-10-25,9339
2465,麗臺,103,21,82,華南永昌-竹北,2023-10-25,9339
2405,輔信,60,2,58,華南永昌-竹北,2023-10-25,9339
2376,技嘉,65,12,53,華南永昌-竹北,2023-10-25,9339
00720B,元大投資級公司債,50,0,50,華南永昌-竹北,2023-10-25,9339
3025,星通,51,4,47,華南永昌-竹北,2023-10-25,9339
2382,廣達,51,9,42,華南永昌-竹北,2023-10-25,9339
3260,威剛,69,42,27,華南永昌-竹北,2023-10-25,9339
6231,系微,41,16,25,華南永昌-竹北,2023-10-25,9339
3231,緯創,60,36,24,華南永昌-竹北,2023-10-25,9339
2514,龍邦,20,0,20,華南永昌-竹北,2023-10-25,9339
2816,旺旺保,17,1,16,華南永昌-竹北,2023-10-25,9339
00929,復華台灣科技優息,16,0,16,華南永昌-竹北,2023-10-25,9339
2515,中工,47,31,16,華南永昌-竹北,2023-10-25,9339
6531,愛普*,23,8,15,華南永昌-竹北,2023-10-25,9339
3006,晶豪科,14,1,13,華南永昌-竹北,2023-10-25,9339
3032,偉訓,19,6,13,華南永昌-竹北,2023-10-25,9339
3450,聯鈞,18,5,13,華南永昌-竹北,2023-10-25,9339
3234,光環,12,0,12,華南永昌-竹北,2023-10-25,9339
3481,群創,14,2,12,華南永昌-竹北,2023-10-25,9339
8042,金山電,12,0,12,華南永昌-竹北,2023-10-25,9339
6568,宏觀,12,0,12,華南永昌-竹北,2023-10-25,9339
1524,耿鼎,69,57,12,華南永昌-竹北,2023-10-25,9339
3701,大眾控,11,0,11,華南永昌-竹北,2023-10-25,9339
2356,英業達,13,2,11,華南永昌-竹北,2023-10-25,9339
8110,華東,16,5,11,華南永昌-竹北,2023-10-25,9339
3041,揚智,18,8,10,華南永昌-竹北,2023-10-25,9339
00679B,元大美債20年,10,0,10,華南永昌-竹北,2023-10-25,9339
8093,保銳,10,0,10,華南永昌-竹北,2023-10-25,9339
2399,映泰,9,0,9,華南永昌-竹北,2023-10-25,9339
8176,智捷,9,0,9,華南永昌-竹北,2023-10-25,9339
2317,鴻海,18,9,9,華南永昌-竹北,2023-10-25,9339
2337,旺宏,8,0,8,華南永昌-竹北,2023-10-25,9339
3443,創意,10,2,8,華南永昌-竹北,2023-10-25,9339
3024,憶聲,8,0,8,華南永昌-竹北,2023-10-25,9339
1519,華城,13,6,7,華南永昌-竹北,2023-10-25,9339
2344,華邦電,10,4,6,華南永昌-竹北,2023-10-25,9339
2408,南亞科,11,5,6,華南永昌-竹北,2023-10-25,9339
0056,元大高股息,6,0,6,華南永昌-竹北,2023-10-25,9339
6216,居易,8,3,5,華南永昌-竹北,2023-10-25,9339
5355,佳總,5,0,5,華南永昌-竹北,2023-10-25,9339
00772B,中信高評級公司債,5,0,5,華南永昌-竹北,2023-10-25,9339
00751B,元大AAA至A公司債,5,0,5,華南永昌-竹北,2023-10-25,9339
2881,富邦金,8,3,5,華南永昌-竹北,2023-10-25,9339
2884,玉山金,5,0,5,華南永昌-竹北,2023-10-25,9339
2344,華邦電,147,20,127,華南永昌-竹北,2023-10-26,9339
6593,台灣銘板,125,1,124,華南永昌-竹北,2023-10-26,9339
00929,復華台灣科技優息,87,0,87,華南永昌-竹北,2023-10-26,9339
3105,穩懋,80,4,76,華南永昌-竹北,2023-10-26,9339
3588,通嘉,76,0,76,華南永昌-竹北,2023-10-26,9339
00712,復華富時不動產,74,1,73,華南永昌-竹北,2023-10-26,9339
2601,益航,68,0,68,華南永昌-竹北,2023-10-26,9339
2431,聯昌,66,0,66,華南永昌-竹北,2023-10-26,9339
2201,裕隆,64,4,60,華南永昌-竹北,2023-10-26,9339
2436,偉詮電,59,0,59,華南永昌-竹北,2023-10-26,9339
0056,元大高股息,49,0,49,華南永昌-竹北,2023-10-26,9339
00919,群益台灣精選高息,47,0,47,華南永昌-竹北,2023-10-26,9339
2329,華泰,44,9,35,華南永昌-竹北,2023-10-26,9339
00878,國泰永續高股息,30,0,30,華南永昌-竹北,2023-10-26,9339
00751B,元大AAA至A公司債,30,0,30,華南永昌-竹北,2023-10-26,9339
4908,前鼎,112,82,30,華南永昌-竹北,2023-10-26,9339
6770,力積電,26,0,26,華南永昌-竹北,2023-10-26,9339
6104,創惟,27,2,25,華南永昌-竹北,2023-10-26,9339
00720B,元大投資級公司債,23,0,23,華南永昌-竹北,2023-10-26,9339
00680L,元大美債20正2,20,0,20,華南永昌-竹北,2023-10-26,9339
2303,聯電,35,16,19,華南永昌-竹北,2023-10-26,9339
4552,力達-KY,16,0,16,華南永昌-竹北,2023-10-26,9339
4746,台耀,15,1,14,華南永昌-竹北,2023-10-26,9339
6271,同欣電,15,1,14,華南永昌-竹北,2023-10-26,9339
00888,永豐台灣ESG,13,0,13,華南永昌-竹北,2023-10-26,9339
2880,華南金,12,0,12,華南永昌-竹北,2023-10-26,9339
5347,世界,12,0,12,華南永昌-竹北,2023-10-26,9339
00885,富邦越南,11,0,11,華南永昌-竹北,2023-10-26,9339
2610,華航,12,1,11,華南永昌-竹北,2023-10-26,9339
00891,中信關鍵半導體,11,0,11,華南永昌-竹北,2023-10-26,9339
00895,富邦未來車,11,0,11,華南永昌-竹北,2023-10-26,9339
2354,鴻準,11,0,11,華南永昌-竹北,2023-10-26,9339
2618,長榮航,12,1,11,華南永昌-竹北,2023-10-26,9339
3081,聯亞,18,7,11,華南永昌-竹北,2023-10-26,9339
00637L,元大滬深300正2,10,0,10,華南永昌-竹北,2023-10-26,9339
2916,滿心,10,0,10,華南永昌-竹北,2023-10-26,9339
00665L,富邦�琤肭磪囓�2,30,20,10,華南永昌-竹北,2023-10-26,9339
6180,橘子,10,0,10,華南永昌-竹北,2023-10-26,9339
8112,至上,10,0,10,華南永昌-竹北,2023-10-26,9339
9927,泰銘,10,0,10,華南永昌-竹北,2023-10-26,9339
9945,潤泰新,10,0,10,華南永昌-竹北,2023-10-26,9339
3290,東浦,21,11,10,華南永昌-竹北,2023-10-26,9339
2514,龍邦,9,0,9,華南永昌-竹北,2023-10-26,9339
3006,晶豪科,10,1,9,華南永昌-竹北,2023-10-26,9339
8054,安國,17,8,9,華南永昌-竹北,2023-10-26,9339
0050,元大台灣50,9,0,9,華南永昌-竹北,2023-10-26,9339
2317,鴻海,8,0,8,華南永昌-竹北,2023-10-26,9339
6231,系微,8,0,8,華南永昌-竹北,2023-10-26,9339
2543,皇昌,15,7,8,華南永昌-竹北,2023-10-26,9339
6237,驊訊,23,15,8,華南永昌-竹北,2023-10-26,9339
00929,復華台灣科技優息,72,0,72,華南永昌-竹北,2023-10-27,9339
2329,華泰,65,0,65,華南永昌-竹北,2023-10-27,9339
6593,台灣銘板,72,10,62,華南永昌-竹北,2023-10-27,9339
3715,定穎投控,105,44,61,華南永昌-竹北,2023-10-27,9339
3260,威剛,63,10,53,華南永昌-竹北,2023-10-27,9339
00706L,期元大S＆P日圓正2,50,0,50,華南永昌-竹北,2023-10-27,9339
5471,松翰,43,0,43,華南永昌-竹北,2023-10-27,9339
3035,智原,100,58,42,華南永昌-竹北,2023-10-27,9339
3290,東浦,51,11,40,華南永昌-竹北,2023-10-27,9339
2368,金像電,83,47,36,華南永昌-竹北,2023-10-27,9339
2399,映泰,31,1,30,華南永昌-竹北,2023-10-27,9339
2515,中工,25,0,25,華南永昌-竹北,2023-10-27,9339
2201,裕隆,32,11,21,華南永昌-竹北,2023-10-27,9339
2317,鴻海,21,0,21,華南永昌-竹北,2023-10-27,9339
8227,巨有科技,21,4,17,華南永昌-竹北,2023-10-27,9339
4160,訊聯基因,16,0,16,華南永昌-竹北,2023-10-27,9339
2340,台亞,15,0,15,華南永昌-竹北,2023-10-27,9339
6288,聯嘉,15,0,15,華南永昌-竹北,2023-10-27,9339
1795,美時,71,57,14,華南永昌-竹北,2023-10-27,9339
6237,驊訊,52,39,13,華南永昌-竹北,2023-10-27,9339
2337,旺宏,13,0,13,華南永昌-竹北,2023-10-27,9339
00922,國泰台灣領袖50,11,0,11,華南永昌-竹北,2023-10-27,9339
1612,宏泰,10,0,10,華南永昌-竹北,2023-10-27,9339
2344,華邦電,10,0,10,華南永昌-竹北,2023-10-27,9339
2401,凌陽,10,0,10,華南永昌-竹北,2023-10-27,9339
2887,台新金,10,0,10,華南永昌-竹北,2023-10-27,9339
6548,長科*,10,0,10,華南永昌-竹北,2023-10-27,9339
00687B,國泰20年美債,10,1,9,華南永昌-竹北,2023-10-27,9339
2002,中鋼,7,0,7,華南永昌-竹北,2023-10-27,9339
2066,世德,6,0,6,華南永昌-竹北,2023-10-27,9339
2408,南亞科,6,0,6,華南永昌-竹北,2023-10-27,9339
2465,麗臺,47,41,6,華南永昌-竹北,2023-10-27,9339
00878,國泰永續高股息,9,3,6,華南永昌-竹北,2023-10-27,9339
3234,光環,18,13,5,華南永昌-竹北,2023-10-27,9339
4147,中裕,5,0,5,華南永昌-竹北,2023-10-27,9339
2330,台積電,4,0,4,華南永昌-竹北,2023-10-27,9339
2888,新光金,4,0,4,華南永昌-竹北,2023-10-27,9339
2382,廣達,11,7,4,華南永昌-竹北,2023-10-27,9339
8240,華宏,4,0,4,華南永昌-竹北,2023-10-27,9339
6541,泰福-KY,4,0,4,華南永昌-竹北,2023-10-27,9339
6531,愛普*,4,0,4,華南永昌-竹北,2023-10-27,9339
00919,群益台灣精選高息,3,0,3,華南永昌-竹北,2023-10-27,9339
3481,群創,3,0,3,華南永昌-竹北,2023-10-27,9339
00921,兆豐龍頭等權重,3,0,3,華南永昌-竹北,2023-10-27,9339
1519,華城,4,1,3,華南永昌-竹北,2023-10-27,9339
2482,連宇,3,0,3,華南永昌-竹北,2023-10-27,9339
2511,太子,3,0,3,華南永昌-竹北,2023-10-27,9339
2915,潤泰全,5,2,3,華南永昌-竹北,2023-10-27,9339
3264,欣銓,5,2,3,華南永昌-竹北,2023-10-27,9339
5009,榮剛,15,12,3,華南永昌-竹北,2023-10-27,9339
3231,緯創,74,4,70,華南永昌-竹北,2023-10-30,9339
2382,廣達,216,164,52,華南永昌-竹北,2023-10-30,9339
2376,技嘉,82,31,51,華南永昌-竹北,2023-10-30,9339
00929,復華台灣科技優息,46,0,46,華南永昌-竹北,2023-10-30,9339
2465,麗臺,34,0,34,華南永昌-竹北,2023-10-30,9339
3017,奇鋐,48,15,33,華南永昌-竹北,2023-10-30,9339
4908,前鼎,67,36,31,華南永昌-竹北,2023-10-30,9339
2436,偉詮電,26,0,26,華南永昌-竹北,2023-10-30,9339
00919,群益台灣精選高息,21,0,21,華南永昌-竹北,2023-10-30,9339
3454,晶睿,20,0,20,華南永昌-竹北,2023-10-30,9339
00878,國泰永續高股息,18,0,18,華南永昌-竹北,2023-10-30,9339
2368,金像電,18,1,17,華南永昌-竹北,2023-10-30,9339
5905,南仁湖,17,0,17,華南永昌-竹北,2023-10-30,9339
6117,迎廣,41,24,17,華南永昌-竹北,2023-10-30,9339
00712,復華富時不動產,15,0,15,華南永昌-竹北,2023-10-30,9339
4102,永日,15,1,14,華南永昌-竹北,2023-10-30,9339
8155,博智,14,0,14,華南永昌-竹北,2023-10-30,9339
2201,裕隆,21,9,12,華南永昌-竹北,2023-10-30,9339
00720B,元大投資級公司債,11,0,11,華南永昌-竹北,2023-10-30,9339
00751B,元大AAA至A公司債,10,0,10,華南永昌-竹北,2023-10-30,9339
1714,和桐,10,0,10,華南永昌-竹北,2023-10-30,9339
1721,三晃,10,0,10,華南永昌-竹北,2023-10-30,9339
5876,上海商銀,10,0,10,華南永昌-竹北,2023-10-30,9339
6231,系微,10,0,10,華南永昌-竹北,2023-10-30,9339
2317,鴻海,29,19,10,華南永昌-竹北,2023-10-30,9339
4939,亞電,10,0,10,華南永昌-竹北,2023-10-30,9339
2330,台積電,11,2,9,華南永昌-竹北,2023-10-30,9339
6770,力積電,9,0,9,華南永昌-竹北,2023-10-30,9339
006206,元大上證50,8,0,8,華南永昌-竹北,2023-10-30,9339
00795B,中信美國公債20年,8,0,8,華南永昌-竹北,2023-10-30,9339
00687B,國泰20年美債,8,0,8,華南永昌-竹北,2023-10-30,9339
3032,偉訓,14,6,8,華南永昌-竹北,2023-10-30,9339
6233,旺玖,9,1,8,華南永昌-竹北,2023-10-30,9339
2887,台新金,6,0,6,華南永昌-竹北,2023-10-30,9339
2883,凱基金,6,0,6,華南永昌-竹北,2023-10-30,9339
00679B,元大美債20年,6,0,6,華南永昌-竹北,2023-10-30,9339
2882,國泰金,6,0,6,華南永昌-竹北,2023-10-30,9339
6213,聯茂,9,3,6,華南永昌-竹北,2023-10-30,9339
6176,瑞儀,5,0,5,華南永昌-竹北,2023-10-30,9339
6175,立敦,5,0,5,華南永昌-竹北,2023-10-30,9339
6285,啟��,5,0,5,華南永昌-竹北,2023-10-30,9339
6290,良維,5,0,5,華南永昌-竹北,2023-10-30,9339
8046,南電,5,0,5,華南永昌-竹北,2023-10-30,9339
3706,神達,9,4,5,華南永昌-竹北,2023-10-30,9339
2892,第一金,5,1,4,華南永昌-竹北,2023-10-30,9339
8093,保銳,4,0,4,華南永昌-竹北,2023-10-30,9339
8176,智捷,5,1,4,華南永昌-竹北,2023-10-30,9339
00772B,中信高評級公司債,4,0,4,華南永昌-竹北,2023-10-30,9339
1303,南亞,4,0,4,華南永昌-竹北,2023-10-30,9339
1568,倉佑,5,1,4,華南永昌-竹北,2023-10-30,9339
00929,復華台灣科技優息,93,14,79,華南永昌-竹北,2023-10-31,9339
2436,偉詮電,97,26,71,華南永昌-竹北,2023-10-31,9339
2201,裕隆,70,5,65,華南永昌-竹北,2023-10-31,9339
2888,新光金,65,0,65,華南永昌-竹北,2023-10-31,9339
6443,元晶,77,17,60,華南永昌-竹北,2023-10-31,9339
2610,華航,52,1,51,華南永昌-竹北,2023-10-31,9339
00878,國泰永續高股息,48,2,46,華南永昌-竹北,2023-10-31,9339
00919,群益台灣精選高息,33,0,33,華南永昌-竹北,2023-10-31,9339
2358,廷鑫,30,0,30,華南永昌-竹北,2023-10-31,9339
0056,元大高股息,33,4,29,華南永昌-竹北,2023-10-31,9339
00933B,國泰10Y+金融債,33,4,29,華南永昌-竹北,2023-10-31,9339
1721,三晃,30,1,29,華南永昌-竹北,2023-10-31,9339
3035,智原,104,77,27,華南永昌-竹北,2023-10-31,9339
00751B,元大AAA至A公司債,26,0,26,華南永昌-竹北,2023-10-31,9339
00720B,元大投資級公司債,25,0,25,華南永昌-竹北,2023-10-31,9339
00679B,元大美債20年,25,2,23,華南永昌-竹北,2023-10-31,9339
3587,閎康,23,0,23,華南永昌-竹北,2023-10-31,9339
3094,聯傑,32,10,22,華南永昌-竹北,2023-10-31,9339
8040,九暘,40,22,18,華南永昌-竹北,2023-10-31,9339
3017,奇鋐,63,46,17,華南永昌-竹北,2023-10-31,9339
00712,復華富時不動產,16,0,16,華南永昌-竹北,2023-10-31,9339
2340,台亞,15,0,15,華南永昌-竹北,2023-10-31,9339
00687B,國泰20年美債,14,0,14,華南永昌-竹北,2023-10-31,9339
00900,富邦特選高股息30,12,0,12,華南永昌-竹北,2023-10-31,9339
00932,兆豐永續高息等權,12,0,12,華南永昌-竹北,2023-10-31,9339
6290,良維,13,1,12,華南永昌-竹北,2023-10-31,9339
8936,國統,13,1,12,華南永昌-竹北,2023-10-31,9339
6770,力積電,20,9,11,華南永昌-竹北,2023-10-31,9339
2880,華南金,11,0,11,華南永昌-竹北,2023-10-31,9339
2312,金寶,10,0,10,華南永昌-竹北,2023-10-31,9339
00891,中信關鍵半導體,10,0,10,華南永昌-竹北,2023-10-31,9339
6446,藥華藥,10,0,10,華南永昌-竹北,2023-10-31,9339
6104,創惟,10,0,10,華南永昌-竹北,2023-10-31,9339
2317,鴻海,14,5,9,華南永昌-竹北,2023-10-31,9339
4529,淳紳,9,0,9,華南永昌-竹北,2023-10-31,9339
2330,台積電,11,2,9,華南永昌-竹北,2023-10-31,9339
2609,陽明,8,0,8,華南永昌-竹北,2023-10-31,9339
1802,台玻,8,0,8,華南永昌-竹北,2023-10-31,9339
2331,精英,8,0,8,華南永昌-竹北,2023-10-31,9339
3686,達能,8,0,8,華南永昌-竹北,2023-10-31,9339
3481,群創,12,5,7,華南永昌-竹北,2023-10-31,9339
1524,耿鼎,42,35,7,華南永昌-竹北,2023-10-31,9339
6235,華孚,22,15,7,華南永昌-竹北,2023-10-31,9339
2368,金像電,28,22,6,華南永昌-竹北,2023-10-31,9339
2377,微星,6,0,6,華南永昌-竹北,2023-10-31,9339
2706,第一店,6,0,6,華南永昌-竹北,2023-10-31,9339
00665L,富邦�琤肭磪囓�2,5,0,5,華南永昌-竹北,2023-10-31,9339
00642U,期元大S＆P石油,5,0,5,華南永昌-竹北,2023-10-31,9339
2618,長榮航,5,0,5,華南永昌-竹北,2023-10-31,9339
6509,聚和,5,0,5,華南永昌-竹北,2023-10-31,9339
3715,定穎投控,186,50,136,華南永昌-竹北,2023-11-01,9339
1815,富喬,100,2,98,華南永昌-竹北,2023-11-01,9339
5347,世界,41,6,35,華南永昌-竹北,2023-11-01,9339
00929,復華台灣科技優息,32,1,31,華南永昌-竹北,2023-11-01,9339
3588,通嘉,30,0,30,華南永昌-竹北,2023-11-01,9339
00720B,元大投資級公司債,28,0,28,華南永昌-竹北,2023-11-01,9339
2465,麗臺,27,3,24,華南永昌-竹北,2023-11-01,9339
00878,國泰永續高股息,26,2,24,華南永昌-竹北,2023-11-01,9339
2344,華邦電,23,0,23,華南永昌-竹北,2023-11-01,9339
00679B,元大美債20年,22,0,22,華南永昌-竹北,2023-11-01,9339
3234,光環,22,0,22,華南永昌-竹北,2023-11-01,9339
00933B,國泰10Y+金融債,20,0,20,華南永昌-竹北,2023-11-01,9339
6446,藥華藥,20,0,20,華南永昌-竹北,2023-11-01,9339
6219,富旺,20,0,20,華南永昌-竹北,2023-11-01,9339
6582,申豐,19,0,19,華南永昌-竹北,2023-11-01,9339
6284,佳邦,31,13,18,華南永昌-竹北,2023-11-01,9339
00715L,期街口布蘭特正2,18,1,17,華南永昌-竹北,2023-11-01,9339
3491,昇達科,16,0,16,華南永昌-竹北,2023-11-01,9339
4915,致伸,15,0,15,華南永昌-竹北,2023-11-01,9339
3623,富晶通,17,3,14,華南永昌-竹北,2023-11-01,9339
4979,華星光,17,3,14,華南永昌-竹北,2023-11-01,9339
00772B,中信高評級公司債,13,0,13,華南永昌-竹北,2023-11-01,9339
3704,合勤控,17,4,13,華南永昌-竹北,2023-11-01,9339
9950,萬國通,10,0,10,華南永昌-竹北,2023-11-01,9339
00935,野村臺灣新科技50,10,0,10,華南永昌-竹北,2023-11-01,9339
1524,耿鼎,17,7,10,華南永昌-竹北,2023-11-01,9339
2706,第一店,10,0,10,華南永昌-竹北,2023-11-01,9339
2405,輔信,10,1,9,華南永昌-竹北,2023-11-01,9339
6443,元晶,9,0,9,華南永昌-竹北,2023-11-01,9339
3094,聯傑,8,0,8,華南永昌-竹北,2023-11-01,9339
3231,緯創,34,27,7,華南永昌-竹北,2023-11-01,9339
2354,鴻準,15,8,7,華南永昌-竹北,2023-11-01,9339
2367,燿華,7,0,7,華南永昌-竹北,2023-11-01,9339
3339,泰谷,7,0,7,華南永昌-竹北,2023-11-01,9339
0056,元大高股息,21,14,7,華南永昌-竹北,2023-11-01,9339
2618,長榮航,11,4,7,華南永昌-竹北,2023-11-01,9339
8227,巨有科技,8,2,6,華南永昌-竹北,2023-11-01,9339
3032,偉訓,5,0,5,華南永昌-竹北,2023-11-01,9339
3523,迎輝,5,0,5,華南永昌-竹北,2023-11-01,9339
6472,保瑞,7,2,5,華南永昌-竹北,2023-11-01,9339
00885,富邦越南,4,0,4,華南永昌-竹北,2023-11-01,9339
4747,強生,4,0,4,華南永昌-竹北,2023-11-01,9339
2369,菱生,4,0,4,華南永昌-竹北,2023-11-01,9339
1219,福壽,3,0,3,華南永昌-竹北,2023-11-01,9339
3189,景碩,4,1,3,華南永昌-竹北,2023-11-01,9339
00706L,期元大S＆P日圓正2,3,0,3,華南永昌-竹北,2023-11-01,9339
00642U,期元大S＆P石油,3,0,3,華南永昌-竹北,2023-11-01,9339
2368,金像電,3,0,3,華南永昌-竹北,2023-11-01,9339
2501,國建,3,0,3,華南永昌-竹北,2023-11-01,9339
2891,中信金,3,0,3,華南永昌-竹北,2023-11-01,9339
00633L,富邦上証正2,185,0,185,華南永昌-竹北,2023-11-02,9339
3715,定穎投控,239,118,121,華南永昌-竹北,2023-11-02,9339
2313,華通,102,3,99,華南永昌-竹北,2023-11-02,9339
2368,金像電,128,46,82,華南永昌-竹北,2023-11-02,9339
00933B,國泰10Y+金融債,61,2,59,華南永昌-竹北,2023-11-02,9339
3163,波若威,60,1,59,華南永昌-竹北,2023-11-02,9339
00900,富邦特選高股息30,73,19,54,華南永昌-竹北,2023-11-02,9339
1519,華城,42,0,42,華南永昌-竹北,2023-11-02,9339
1795,美時,42,8,34,華南永昌-竹北,2023-11-02,9339
1721,三晃,30,0,30,華南永昌-竹北,2023-11-02,9339
6175,立敦,30,0,30,華南永昌-竹北,2023-11-02,9339
2472,立隆電,27,0,27,華南永昌-竹北,2023-11-02,9339
3522,御嵿,21,0,21,華南永昌-竹北,2023-11-02,9339
2329,華泰,22,1,21,華南永昌-竹北,2023-11-02,9339
3003,健和興,20,0,20,華南永昌-竹北,2023-11-02,9339
2883,凱基金,17,0,17,華南永昌-竹北,2023-11-02,9339
2363,矽統,19,4,15,華南永昌-竹北,2023-11-02,9339
00655L,國泰中國A50正2,15,0,15,華南永昌-竹北,2023-11-02,9339
5483,中美晶,21,6,15,華南永昌-竹北,2023-11-02,9339
3701,大眾控,14,0,14,華南永昌-竹北,2023-11-02,9339
2002,中鋼,14,0,14,華南永昌-竹北,2023-11-02,9339
8042,金山電,12,0,12,華南永昌-竹北,2023-11-02,9339
9940,信義,12,0,12,華南永昌-竹北,2023-11-02,9339
00878,國泰永續高股息,10,0,10,華南永昌-竹北,2023-11-02,9339
2356,英業達,41,31,10,華南永昌-竹北,2023-11-02,9339
3025,星通,10,0,10,華南永昌-竹北,2023-11-02,9339
4939,亞電,10,0,10,華南永昌-竹北,2023-11-02,9339
6446,藥華藥,10,0,10,華南永昌-竹北,2023-11-02,9339
2353,宏��,10,2,8,華南永昌-竹北,2023-11-02,9339
3339,泰谷,8,0,8,華南永昌-竹北,2023-11-02,9339
00687B,國泰20年美債,7,0,7,華南永昌-竹北,2023-11-02,9339
2376,技嘉,106,99,7,華南永昌-竹北,2023-11-02,9339
2455,全新,7,0,7,華南永昌-竹北,2023-11-02,9339
2702,華園,6,0,6,華南永昌-竹北,2023-11-02,9339
2916,滿心,6,0,6,華南永昌-竹北,2023-11-02,9339
3704,合勤控,51,45,6,華南永昌-竹北,2023-11-02,9339
6191,精成科,8,2,6,華南永昌-竹北,2023-11-02,9339
1907,永豐餘,5,0,5,華南永昌-竹北,2023-11-02,9339
00934,中信成長高股息,25,20,5,華南永昌-竹北,2023-11-02,9339
1560,中砂,11,6,5,華南永昌-竹北,2023-11-02,9339
4167,松瑞藥,7,2,5,華南永昌-竹北,2023-11-02,9339
2891,中信金,5,1,4,華南永昌-竹北,2023-11-02,9339
1472,三洋實業,4,0,4,華南永昌-竹北,2023-11-02,9339
2543,皇昌,4,0,4,華南永昌-竹北,2023-11-02,9339
3693,營邦,6,2,4,華南永昌-竹北,2023-11-02,9339
6121,新普,4,0,4,華南永昌-竹北,2023-11-02,9339
6147,頎邦,4,0,4,華南永昌-竹北,2023-11-02,9339
6605,帝寶,4,0,4,華南永昌-竹北,2023-11-02,9339
2417,圓剛,4,0,4,華南永昌-竹北,2023-11-02,9339
2317,鴻海,7,4,3,華南永昌-竹北,2023-11-02,9339
00878,國泰永續高股息,50,0,50,華南永昌-竹北,2023-11-03,9339
6582,申豐,41,0,41,華南永昌-竹北,2023-11-03,9339
2634,漢翔,46,10,36,華南永昌-竹北,2023-11-03,9339
2465,麗臺,33,0,33,華南永昌-竹北,2023-11-03,9339
2363,矽統,159,128,31,華南永昌-竹北,2023-11-03,9339
3588,通嘉,26,0,26,華南永昌-竹北,2023-11-03,9339
6446,藥華藥,30,4,26,華南永昌-竹北,2023-11-03,9339
8996,高力,30,4,26,華南永昌-竹北,2023-11-03,9339
3260,威剛,27,6,21,華南永昌-竹北,2023-11-03,9339
3715,定穎投控,22,2,20,華南永昌-竹北,2023-11-03,9339
00902,中信電池及儲能,20,0,20,華南永昌-竹北,2023-11-03,9339
2368,金像電,61,41,20,華南永昌-竹北,2023-11-03,9339
2514,龍邦,20,0,20,華南永昌-竹北,2023-11-03,9339
6531,愛普*,32,14,18,華南永昌-竹北,2023-11-03,9339
2436,偉詮電,16,0,16,華南永昌-竹北,2023-11-03,9339
6756,威鋒電子,15,0,15,華南永昌-竹北,2023-11-03,9339
00673R,期元大S＆P原油反1,15,0,15,華南永昌-竹北,2023-11-03,9339
2201,裕隆,15,0,15,華南永昌-竹北,2023-11-03,9339
1524,耿鼎,39,25,14,華南永昌-竹北,2023-11-03,9339
6282,康舒,15,1,14,華南永昌-竹北,2023-11-03,9339
8163,達方,14,1,13,華南永昌-竹北,2023-11-03,9339
2383,台光電,23,11,12,華南永昌-竹北,2023-11-03,9339
5434,崇越,14,2,12,華南永昌-竹北,2023-11-03,9339
8927,北基,12,0,12,華南永昌-竹北,2023-11-03,9339
6669,緯穎,22,10,12,華南永昌-竹北,2023-11-03,9339
2618,長榮航,18,7,11,華南永昌-竹北,2023-11-03,9339
8112,至上,21,10,11,華南永昌-竹北,2023-11-03,9339
2317,鴻海,11,0,11,華南永昌-竹北,2023-11-03,9339
00637L,元大滬深300正2,10,0,10,華南永昌-竹北,2023-11-03,9339
4147,中裕,10,0,10,華南永昌-竹北,2023-11-03,9339
8930,青鋼,12,2,10,華南永昌-竹北,2023-11-03,9339
2884,玉山金,9,0,9,華南永昌-竹北,2023-11-03,9339
00687B,國泰20年美債,8,0,8,華南永昌-竹北,2023-11-03,9339
00935,野村臺灣新科技50,8,0,8,華南永昌-竹北,2023-11-03,9339
2482,連宇,8,0,8,華南永昌-竹北,2023-11-03,9339
6284,佳邦,13,5,8,華南永昌-竹北,2023-11-03,9339
3014,聯陽,7,0,7,華南永昌-竹北,2023-11-03,9339
2431,聯昌,7,0,7,華南永昌-竹北,2023-11-03,9339
00679B,元大美債20年,6,0,6,華南永昌-竹北,2023-11-03,9339
5371,中光電,10,4,6,華南永昌-竹北,2023-11-03,9339
2458,義隆,9,3,6,華南永昌-竹北,2023-11-03,9339
8150,南茂,11,6,5,華南永昌-竹北,2023-11-03,9339
3587,閎康,5,0,5,華南永昌-竹北,2023-11-03,9339
4908,前鼎,7,2,5,華南永昌-竹北,2023-11-03,9339
6117,迎廣,5,0,5,華南永昌-竹北,2023-11-03,9339
6538,倉和,5,0,5,華南永昌-竹北,2023-11-03,9339
8422,可寧衛,5,0,5,華南永昌-竹北,2023-11-03,9339
6121,新普,4,0,4,華南永昌-竹北,2023-11-03,9339
2543,皇昌,4,0,4,華南永昌-竹北,2023-11-03,9339
3147,大綜,10,6,4,華南永昌-竹北,2023-11-03,9339
3041,揚智,220,0,220,華南永昌-竹北,2023-11-06,9339
00679B,元大美債20年,166,0,166,華南永昌-竹北,2023-11-06,9339
2363,矽統,201,88,113,華南永昌-竹北,2023-11-06,9339
2618,長榮航,122,13,109,華南永昌-竹北,2023-11-06,9339
3374,精材,80,0,80,華南永昌-竹北,2023-11-06,9339
4968,立積,87,10,77,華南永昌-竹北,2023-11-06,9339
3035,智原,88,16,72,華南永昌-竹北,2023-11-06,9339
6419,京晨科,66,0,66,華南永昌-竹北,2023-11-06,9339
00931B,統一美債20年,62,0,62,華南永昌-竹北,2023-11-06,9339
2891,中信金,63,1,62,華南永昌-竹北,2023-11-06,9339
00712,復華富時不動產,54,1,53,華南永昌-竹北,2023-11-06,9339
3588,通嘉,49,0,49,華南永昌-竹北,2023-11-06,9339
2436,偉詮電,48,0,48,華南永昌-竹北,2023-11-06,9339
1721,三晃,50,10,40,華南永昌-竹北,2023-11-06,9339
2329,華泰,46,12,34,華南永昌-竹北,2023-11-06,9339
6104,創惟,34,0,34,華南永昌-竹北,2023-11-06,9339
2368,金像電,31,6,25,華南永昌-竹北,2023-11-06,9339
5483,中美晶,30,5,25,華南永昌-竹北,2023-11-06,9339
6446,藥華藥,23,0,23,華南永昌-竹北,2023-11-06,9339
6807,峰源-KY,23,0,23,華南永昌-竹北,2023-11-06,9339
0056,元大高股息,26,4,22,華南永昌-竹北,2023-11-06,9339
2383,台光電,28,6,22,華南永昌-竹北,2023-11-06,9339
00715L,期街口布蘭特正2,21,0,21,華南永昌-竹北,2023-11-06,9339
3454,晶睿,21,0,21,華南永昌-竹北,2023-11-06,9339
00929,復華台灣科技優息,54,34,20,華南永昌-竹北,2023-11-06,9339
3017,奇鋐,39,23,16,華南永昌-竹北,2023-11-06,9339
8176,智捷,17,1,16,華南永昌-竹北,2023-11-06,9339
2388,威盛,76,60,16,華南永昌-竹北,2023-11-06,9339
2634,漢翔,15,0,15,華南永昌-竹北,2023-11-06,9339
2201,裕隆,15,2,13,華南永昌-竹北,2023-11-06,9339
6285,啟��,13,0,13,華南永昌-竹北,2023-11-06,9339
2528,皇普,11,0,11,華南永昌-竹北,2023-11-06,9339
3715,定穎投控,11,0,11,華南永昌-竹北,2023-11-06,9339
00632R,元大台灣50反1,10,0,10,華南永昌-竹北,2023-11-06,9339
5009,榮剛,10,0,10,華南永昌-竹北,2023-11-06,9339
6282,康舒,10,0,10,華南永昌-竹北,2023-11-06,9339
6290,良維,11,1,10,華南永昌-竹北,2023-11-06,9339
6669,緯穎,12,2,10,華南永昌-竹北,2023-11-06,9339
2303,聯電,14,4,10,華南永昌-竹北,2023-11-06,9339
2745,五福,10,1,9,華南永昌-竹北,2023-11-06,9339
00720B,元大投資級公司債,9,0,9,華南永昌-竹北,2023-11-06,9339
8086,宏捷科,9,1,8,華南永昌-竹北,2023-11-06,9339
6284,佳邦,15,8,7,華南永昌-竹北,2023-11-06,9339
8936,國統,14,7,7,華南永昌-竹北,2023-11-06,9339
4164,承業醫,6,0,6,華南永昌-竹北,2023-11-06,9339
2345,智邦,6,0,6,華南永昌-竹北,2023-11-06,9339
3176,基亞,7,1,6,華南永昌-竹北,2023-11-06,9339
5309,系統電,6,0,6,華南永昌-竹北,2023-11-06,9339
6531,愛普*,10,4,6,華南永昌-竹北,2023-11-06,9339
8050,廣積,6,0,6,華南永昌-竹北,2023-11-06,9339
00632R,元大台灣50反1,200,0,200,華南永昌-竹北,2023-11-07,9339
4968,立積,199,0,199,華南永昌-竹北,2023-11-07,9339
2367,燿華,110,0,110,華南永昌-竹北,2023-11-07,9339
00931B,統一美債20年,90,0,90,華南永昌-竹北,2023-11-07,9339
00715L,期街口布蘭特正2,79,0,79,華南永昌-竹北,2023-11-07,9339
2363,矽統,182,114,68,華南永昌-竹北,2023-11-07,9339
2888,新光金,63,0,63,華南永昌-竹北,2023-11-07,9339
00933B,國泰10Y+金融債,51,7,44,華南永昌-竹北,2023-11-07,9339
2201,裕隆,55,26,29,華南永昌-竹北,2023-11-07,9339
2634,漢翔,48,20,28,華南永昌-竹北,2023-11-07,9339
00898,國泰基因免疫革命,25,0,25,華南永昌-竹北,2023-11-07,9339
2312,金寶,25,0,25,華南永昌-竹北,2023-11-07,9339
2891,中信金,21,0,21,華南永昌-竹北,2023-11-07,9339
1727,中華化,20,0,20,華南永昌-竹北,2023-11-07,9339
6419,京晨科,19,0,19,華南永昌-竹北,2023-11-07,9339
1721,三晃,26,8,18,華南永昌-竹北,2023-11-07,9339
2618,長榮航,24,6,18,華南永昌-竹北,2023-11-07,9339
6593,台灣銘板,18,1,17,華南永昌-竹北,2023-11-07,9339
6531,愛普*,15,0,15,華南永昌-竹北,2023-11-07,9339
00720B,元大投資級公司債,13,0,13,華南永昌-竹北,2023-11-07,9339
00878,國泰永續高股息,12,0,12,華南永昌-竹北,2023-11-07,9339
2002,中鋼,12,0,12,華南永昌-竹北,2023-11-07,9339
3046,建��,12,0,12,華南永昌-竹北,2023-11-07,9339
1417,嘉裕,11,0,11,華南永昌-竹北,2023-11-07,9339
6194,育富,10,0,10,華南永昌-竹北,2023-11-07,9339
1437,勤益控,10,0,10,華南永昌-竹北,2023-11-07,9339
5483,中美晶,10,0,10,華南永昌-竹北,2023-11-07,9339
006206,元大上證50,10,0,10,華南永昌-竹北,2023-11-07,9339
6282,康舒,12,3,9,華南永昌-竹北,2023-11-07,9339
2301,光寶科,10,1,9,華南永昌-竹北,2023-11-07,9339
6182,合晶,9,0,9,華南永昌-竹北,2023-11-07,9339
4164,承業醫,9,0,9,華南永昌-竹北,2023-11-07,9339
5351,鈺創,41,33,8,華南永昌-竹北,2023-11-07,9339
2382,廣達,11,3,8,華南永昌-竹北,2023-11-07,9339
5347,世界,8,0,8,華南永昌-竹北,2023-11-07,9339
1815,富喬,165,158,7,華南永昌-竹北,2023-11-07,9339
2401,凌陽,23,16,7,華南永昌-竹北,2023-11-07,9339
6841,長佳智能,7,0,7,華南永昌-竹北,2023-11-07,9339
3623,富晶通,8,1,7,華南永昌-竹北,2023-11-07,9339
2610,華航,7,0,7,華南永昌-竹北,2023-11-07,9339
1718,中纖,6,0,6,華南永昌-竹北,2023-11-07,9339
2486,一詮,14,8,6,華南永昌-竹北,2023-11-07,9339
3014,聯陽,6,0,6,華南永昌-竹北,2023-11-07,9339
6104,創惟,6,0,6,華南永昌-竹北,2023-11-07,9339
6143,振曜,7,1,6,華南永昌-竹北,2023-11-07,9339
2482,連宇,5,0,5,華南永昌-竹北,2023-11-07,9339
3006,晶豪科,7,2,5,華南永昌-竹北,2023-11-07,9339
3450,聯鈞,5,0,5,華南永昌-竹北,2023-11-07,9339
4919,新唐,5,0,5,華南永昌-竹北,2023-11-07,9339
5309,系統電,5,0,5,華南永昌-竹北,2023-11-07,9339
3231,緯創,628,306,322,華南永昌-竹北,2023-11-08,9339
4968,立積,128,15,113,華南永昌-竹北,2023-11-08,9339
2201,裕隆,146,41,105,華南永昌-竹北,2023-11-08,9339
00632R,元大台灣50反1,100,0,100,華南永昌-竹北,2023-11-08,9339
00671R,富邦NASDAQ反1,100,0,100,華南永昌-竹北,2023-11-08,9339
6188,廣明,96,4,92,華南永昌-竹北,2023-11-08,9339
00936,台新永續高息中小,77,0,77,華南永昌-竹北,2023-11-08,9339
2382,廣達,205,142,63,華南永昌-竹北,2023-11-08,9339
00715L,期街口布蘭特正2,60,6,54,華南永昌-竹北,2023-11-08,9339
5321,美而快,55,1,54,華南永昌-竹北,2023-11-08,9339
2367,燿華,53,3,50,華南永昌-竹北,2023-11-08,9339
6419,京晨科,42,0,42,華南永昌-竹北,2023-11-08,9339
3017,奇鋐,63,28,35,華南永昌-竹北,2023-11-08,9339
8299,群聯,76,42,34,華南永昌-竹北,2023-11-08,9339
2897,王道銀行,32,0,32,華南永昌-竹北,2023-11-08,9339
8054,安國,31,0,31,華南永昌-竹北,2023-11-08,9339
5471,松翰,30,0,30,華南永昌-竹北,2023-11-08,9339
6933,AMAX-KY,30,1,29,華南永昌-竹北,2023-11-08,9339
8176,智捷,31,2,29,華南永昌-竹北,2023-11-08,9339
00929,復華台灣科技優息,32,4,28,華南永昌-竹北,2023-11-08,9339
2383,台光電,30,2,28,華南永昌-竹北,2023-11-08,9339
5213,亞昕,27,0,27,華南永昌-竹北,2023-11-08,9339
2618,長榮航,104,78,26,華南永昌-竹北,2023-11-08,9339
2465,麗臺,23,1,22,華南永昌-竹北,2023-11-08,9339
6139,亞翔,22,0,22,華南永昌-竹北,2023-11-08,9339
6290,良維,18,2,16,華南永昌-竹北,2023-11-08,9339
00935,野村臺灣新科技50,15,0,15,華南永昌-竹北,2023-11-08,9339
2607,榮運,15,0,15,華南永昌-竹北,2023-11-08,9339
1785,光洋科,15,1,14,華南永昌-竹北,2023-11-08,9339
2610,華航,20,6,14,華南永昌-竹北,2023-11-08,9339
2609,陽明,13,0,13,華南永昌-竹北,2023-11-08,9339
2431,聯昌,13,0,13,華南永昌-竹北,2023-11-08,9339
3706,神達,16,4,12,華南永昌-竹北,2023-11-08,9339
5347,世界,17,6,11,華南永昌-竹北,2023-11-08,9339
1417,嘉裕,11,0,11,華南永昌-竹北,2023-11-08,9339
2880,華南金,11,0,11,華南永昌-竹北,2023-11-08,9339
5258,虹堡,14,4,10,華南永昌-竹北,2023-11-08,9339
2485,兆赫,10,0,10,華南永昌-竹北,2023-11-08,9339
3694,海華,10,0,10,華南永昌-竹北,2023-11-08,9339
6150,撼訊,10,0,10,華南永昌-竹北,2023-11-08,9339
6282,康舒,11,1,10,華南永昌-竹北,2023-11-08,9339
6138,茂達,10,0,10,華南永昌-竹北,2023-11-08,9339
2002,中鋼,9,0,9,華南永昌-竹北,2023-11-08,9339
2376,技嘉,9,2,7,華南永昌-竹北,2023-11-08,9339
00679B,元大美債20年,7,0,7,華南永昌-竹北,2023-11-08,9339
3122,笙泉,11,4,7,華南永昌-竹北,2023-11-08,9339
4933,友輝,7,0,7,華南永昌-竹北,2023-11-08,9339
6672,騰輝電子-KY,6,0,6,華南永昌-竹北,2023-11-08,9339
8150,南茂,7,1,6,華南永昌-竹北,2023-11-08,9339
6237,驊訊,10,4,6,華南永昌-竹北,2023-11-08,9339
00688L,國泰20年美債正2,203,0,203,華南永昌-竹北,2023-11-09,9339
2204,中華,69,1,68,華南永昌-竹北,2023-11-09,9339
3260,威剛,77,17,60,華南永昌-竹北,2023-11-09,9339
6284,佳邦,68,8,60,華南永昌-竹北,2023-11-09,9339
3105,穩懋,59,1,58,華南永昌-竹北,2023-11-09,9339
00715L,期街口布蘭特正2,85,30,55,華南永昌-竹北,2023-11-09,9339
1721,三晃,52,0,52,華南永昌-竹北,2023-11-09,9339
2250,IKKA-KY,52,0,52,華南永昌-竹北,2023-11-09,9339
6446,藥華藥,50,0,50,華南永昌-竹北,2023-11-09,9339
6419,京晨科,45,0,45,華南永昌-竹北,2023-11-09,9339
4968,立積,37,0,37,華南永昌-竹北,2023-11-09,9339
00936,台新永續高息中小,35,0,35,華南永昌-竹北,2023-11-09,9339
2201,裕隆,33,2,31,華南永昌-竹北,2023-11-09,9339
6805,富世達,25,2,23,華南永昌-竹北,2023-11-09,9339
00934,中信成長高股息,21,0,21,華南永昌-竹北,2023-11-09,9339
2486,一詮,38,17,21,華南永昌-竹北,2023-11-09,9339
00681R,元大美債20反1,20,0,20,華南永昌-竹北,2023-11-09,9339
2380,虹光,20,0,20,華南永昌-竹北,2023-11-09,9339
2884,玉山金,20,0,20,華南永昌-竹北,2023-11-09,9339
2317,鴻海,25,6,19,華南永昌-竹北,2023-11-09,9339
00878,國泰永續高股息,20,1,19,華南永昌-竹北,2023-11-09,9339
3014,聯陽,17,1,16,華南永昌-竹北,2023-11-09,9339
2607,榮運,15,0,15,華南永昌-竹北,2023-11-09,9339
5347,世界,13,0,13,華南永昌-竹北,2023-11-09,9339
2376,技嘉,20,8,12,華南永昌-竹北,2023-11-09,9339
00687B,國泰20年美債,12,0,12,華南永昌-竹北,2023-11-09,9339
2340,台亞,12,0,12,華南永昌-竹北,2023-11-09,9339
1476,儒鴻,12,0,12,華南永昌-竹北,2023-11-09,9339
6922,宸曜,11,0,11,華南永昌-竹北,2023-11-09,9339
3227,原相,13,3,10,華南永昌-竹北,2023-11-09,9339
00706L,期元大S＆P日圓正2,10,0,10,華南永昌-竹北,2023-11-09,9339
2344,華邦電,10,0,10,華南永昌-竹北,2023-11-09,9339
8054,安國,9,0,9,華南永昌-竹北,2023-11-09,9339
006208,富邦台50,9,0,9,華南永昌-竹北,2023-11-09,9339
6770,力積電,9,0,9,華南永昌-竹北,2023-11-09,9339
3715,定穎投控,34,26,8,華南永昌-竹北,2023-11-09,9339
6188,廣明,19,11,8,華南永昌-竹北,2023-11-09,9339
6643,M31,9,1,8,華南永昌-竹北,2023-11-09,9339
6104,創惟,6,0,6,華南永昌-竹北,2023-11-09,9339
6125,廣運,8,2,6,華南永昌-竹北,2023-11-09,9339
6129,普誠,7,1,6,華南永昌-竹北,2023-11-09,9339
8936,國統,21,15,6,華南永昌-竹北,2023-11-09,9339
2303,聯電,5,0,5,華南永昌-竹北,2023-11-09,9339
6830,汎銓,5,0,5,華南永昌-竹北,2023-11-09,9339
2482,連宇,5,0,5,華南永昌-竹北,2023-11-09,9339
1785,光洋科,24,19,5,華南永昌-竹北,2023-11-09,9339
2331,精英,5,0,5,華南永昌-竹北,2023-11-09,9339
2880,華南金,5,0,5,華南永昌-竹北,2023-11-09,9339
2897,王道銀行,25,20,5,華南永昌-竹北,2023-11-09,9339
3380,明泰,5,0,5,華南永昌-竹北,2023-11-09,9339
2201,裕隆,195,4,191,華南永昌-竹北,2023-11-10,9339
2618,長榮航,100,3,97,華南永昌-竹北,2023-11-10,9339
2399,映泰,75,2,73,華南永昌-竹北,2023-11-10,9339
6284,佳邦,76,17,59,華南永昌-竹北,2023-11-10,9339
6770,力積電,57,0,57,華南永昌-竹北,2023-11-10,9339
00756B,群益投等新興公債,50,0,50,華南永昌-竹北,2023-11-10,9339
2801,彰銀,50,0,50,華南永昌-竹北,2023-11-10,9339
00929,復華台灣科技優息,190,141,49,華南永昌-竹北,2023-11-10,9339
2250,IKKA-KY,48,0,48,華南永昌-竹北,2023-11-10,9339
00665L,富邦�琤肭磪囓�2,57,10,47,華南永昌-竹北,2023-11-10,9339
2465,麗臺,36,0,36,華南永昌-竹北,2023-11-10,9339
4510,高鋒,70,37,33,華南永昌-竹北,2023-11-10,9339
00799B,國泰A級醫療債,30,0,30,華南永昌-竹北,2023-11-10,9339
2748,雲品,30,0,30,華南永昌-竹北,2023-11-10,9339
5706,鳳凰,30,0,30,華南永昌-竹北,2023-11-10,9339
3035,智原,52,26,26,華南永昌-竹北,2023-11-10,9339
6120,達運,20,0,20,華南永昌-竹北,2023-11-10,9339
9939,宏全,20,0,20,華南永昌-竹北,2023-11-10,9339
00878,國泰永續高股息,31,11,20,華南永昌-竹北,2023-11-10,9339
2340,台亞,17,0,17,華南永昌-竹北,2023-11-10,9339
2363,矽統,93,77,16,華南永昌-竹北,2023-11-10,9339
00637L,元大滬深300正2,15,0,15,華南永昌-竹北,2023-11-10,9339
5258,虹堡,16,1,15,華南永昌-竹北,2023-11-10,9339
00936,台新永續高息中小,15,0,15,華南永昌-竹北,2023-11-10,9339
4102,永日,15,1,14,華南永昌-竹北,2023-11-10,9339
2609,陽明,14,0,14,華南永昌-竹北,2023-11-10,9339
2344,華邦電,13,0,13,華南永昌-竹北,2023-11-10,9339
3706,神達,13,0,13,華南永昌-竹北,2023-11-10,9339
00904,新光臺灣半導體30,12,0,12,華南永昌-竹北,2023-11-10,9339
2380,虹光,12,0,12,華南永昌-竹北,2023-11-10,9339
6282,康舒,12,0,12,華南永昌-竹北,2023-11-10,9339
2607,榮運,12,0,12,華南永昌-竹北,2023-11-10,9339
00708L,期元大S＆P黃金正2,11,0,11,華南永昌-竹北,2023-11-10,9339
2486,一詮,42,31,11,華南永昌-竹北,2023-11-10,9339
4552,力達-KY,11,0,11,華南永昌-竹北,2023-11-10,9339
4743,合一,72,62,10,華南永昌-竹北,2023-11-10,9339
00706L,期元大S＆P日圓正2,10,0,10,華南永昌-竹北,2023-11-10,9339
2387,精元,12,2,10,華南永昌-竹北,2023-11-10,9339
2412,中華電,62,52,10,華南永昌-竹北,2023-11-10,9339
3703,欣陸,10,0,10,華南永昌-竹北,2023-11-10,9339
4707,磐亞,10,0,10,華南永昌-竹北,2023-11-10,9339
6672,騰輝電子-KY,10,0,10,華南永昌-竹北,2023-11-10,9339
3645,達邁,10,0,10,華南永昌-竹北,2023-11-10,9339
0056,元大高股息,13,3,10,華南永昌-竹北,2023-11-10,9339
3325,旭品,12,3,9,華南永昌-竹北,2023-11-10,9339
5213,亞昕,9,0,9,華南永昌-竹北,2023-11-10,9339
8054,安國,9,0,9,華南永昌-竹北,2023-11-10,9339
2002,中鋼,7,0,7,華南永昌-竹北,2023-11-10,9339
3693,營邦,12,5,7,華南永昌-竹北,2023-11-10,9339
1795,美時,24,17,7,華南永昌-竹北,2023-11-10,9339
2382,廣達,254,45,209,華南永昌-竹北,2023-11-13,9339
8054,安國,112,0,112,華南永昌-竹北,2023-11-13,9339
2436,偉詮電,110,0,110,華南永昌-竹北,2023-11-13,9339
1785,光洋科,71,0,71,華南永昌-竹北,2023-11-13,9339
3035,智原,80,11,69,華南永昌-竹北,2023-11-13,9339
2201,裕隆,57,4,53,華南永昌-竹北,2023-11-13,9339
1108,幸福,50,0,50,華南永昌-竹北,2023-11-13,9339
2376,技嘉,85,35,50,華南永昌-竹北,2023-11-13,9339
3231,緯創,112,69,43,華南永昌-竹北,2023-11-13,9339
00900,富邦特選高股息30,40,0,40,華南永昌-竹北,2023-11-13,9339
2368,金像電,43,8,35,華南永昌-竹北,2023-11-13,9339
4147,中裕,33,0,33,華南永昌-竹北,2023-11-13,9339
6419,京晨科,31,0,31,華南永昌-竹北,2023-11-13,9339
6104,創惟,30,0,30,華南永昌-竹北,2023-11-13,9339
2380,虹光,37,12,25,華南永昌-竹北,2023-11-13,9339
4128,中天,36,14,22,華南永昌-竹北,2023-11-13,9339
2881,富邦金,20,0,20,華南永昌-竹北,2023-11-13,9339
00706L,期元大S＆P日圓正2,20,0,20,華南永昌-竹北,2023-11-13,9339
1519,華城,37,17,20,華南永昌-竹北,2023-11-13,9339
2472,立隆電,20,0,20,華南永昌-竹北,2023-11-13,9339
3017,奇鋐,29,9,20,華南永昌-竹北,2023-11-13,9339
2884,玉山金,40,21,19,華南永昌-竹北,2023-11-13,9339
2387,精元,28,11,17,華南永昌-竹北,2023-11-13,9339
2618,長榮航,108,92,16,華南永昌-竹北,2023-11-13,9339
3234,光環,20,4,16,華南永昌-竹北,2023-11-13,9339
00878,國泰永續高股息,23,8,15,華南永昌-竹北,2023-11-13,9339
6290,良維,39,25,14,華南永昌-竹北,2023-11-13,9339
00665L,富邦�琤肭磪囓�2,33,20,13,華南永昌-竹北,2023-11-13,9339
6122,擎邦,44,31,13,華南永昌-竹北,2023-11-13,9339
8299,群聯,12,0,12,華南永昌-竹北,2023-11-13,9339
2204,中華,14,2,12,華南永昌-竹北,2023-11-13,9339
00720B,元大投資級公司債,11,0,11,華南永昌-竹北,2023-11-13,9339
1612,宏泰,10,0,10,華南永昌-竹北,2023-11-13,9339
2355,敬鵬,15,5,10,華南永昌-竹北,2023-11-13,9339
3703,欣陸,10,0,10,華南永昌-竹北,2023-11-13,9339
6175,立敦,10,0,10,華南永昌-竹北,2023-11-13,9339
6443,元晶,10,0,10,華南永昌-竹北,2023-11-13,9339
3325,旭品,10,1,9,華南永昌-竹北,2023-11-13,9339
2317,鴻海,9,0,9,華南永昌-竹北,2023-11-13,9339
3306,鼎天,11,2,9,華南永昌-竹北,2023-11-13,9339
6799,來頡,9,0,9,華南永昌-竹北,2023-11-13,9339
9950,萬國通,7,0,7,華南永昌-竹北,2023-11-13,9339
2331,精英,7,0,7,華南永昌-竹北,2023-11-13,9339
6477,安集,7,0,7,華南永昌-竹北,2023-11-13,9339
5439,高技,9,3,6,華南永昌-竹北,2023-11-13,9339
6411,晶焱,5,0,5,華南永昌-竹北,2023-11-13,9339
00633L,富邦上証正2,5,0,5,華南永昌-竹北,2023-11-13,9339
00680L,元大美債20正2,5,0,5,華南永昌-竹北,2023-11-13,9339
00899,FT潔淨能源,5,0,5,華南永昌-竹北,2023-11-13,9339
00923,群益台ESG低碳50,5,0,5,華南永昌-竹北,2023-11-13,9339
3231,緯創,247,38,209,華南永昌-竹北,2023-11-14,9339
2436,偉詮電,199,0,199,華南永昌-竹北,2023-11-14,9339
6104,創惟,183,1,182,華南永昌-竹北,2023-11-14,9339
2363,矽統,200,42,158,華南永昌-竹北,2023-11-14,9339
2201,裕隆,112,4,108,華南永昌-竹北,2023-11-14,9339
6284,佳邦,88,0,88,華南永昌-竹北,2023-11-14,9339
6799,來頡,61,1,60,華南永昌-竹北,2023-11-14,9339
00929,復華台灣科技優息,72,18,54,華南永昌-竹北,2023-11-14,9339
2382,廣達,67,14,53,華南永昌-竹北,2023-11-14,9339
2888,新光金,53,0,53,華南永昌-竹北,2023-11-14,9339
2376,技嘉,84,45,39,華南永昌-竹北,2023-11-14,9339
00878,國泰永續高股息,51,14,37,華南永昌-竹北,2023-11-14,9339
4746,台耀,40,4,36,華南永昌-竹北,2023-11-14,9339
1449,佳和,33,0,33,華南永昌-竹北,2023-11-14,9339
2250,IKKA-KY,32,0,32,華南永昌-竹北,2023-11-14,9339
3715,定穎投控,30,1,29,華南永昌-竹北,2023-11-14,9339
8054,安國,29,3,26,華南永昌-竹北,2023-11-14,9339
6585,鼎基,25,0,25,華南永昌-竹北,2023-11-14,9339
2365,昆盈,20,0,20,華南永昌-竹北,2023-11-14,9339
2425,承啟,20,0,20,華南永昌-竹北,2023-11-14,9339
2472,立隆電,20,0,20,華南永昌-竹北,2023-11-14,9339
2485,兆赫,22,3,19,華南永昌-竹北,2023-11-14,9339
00900,富邦特選高股息30,17,2,15,華南永昌-竹北,2023-11-14,9339
2455,全新,14,0,14,華南永昌-竹北,2023-11-14,9339
6122,擎邦,115,103,12,華南永昌-竹北,2023-11-14,9339
3689,湧德,17,5,12,華南永昌-竹北,2023-11-14,9339
3036,文曄,12,1,11,華南永昌-竹北,2023-11-14,9339
1513,中興電,11,0,11,華南永昌-竹北,2023-11-14,9339
00632R,元大台灣50反1,10,0,10,華南永昌-竹北,2023-11-14,9339
3430,奇鈦科,10,0,10,華南永昌-竹北,2023-11-14,9339
4707,磐亞,10,0,10,華南永昌-竹北,2023-11-14,9339
5483,中美晶,11,1,10,華南永昌-竹北,2023-11-14,9339
6531,愛普*,13,3,10,華南永昌-竹北,2023-11-14,9339
2417,圓剛,17,8,9,華南永昌-竹北,2023-11-14,9339
2002,中鋼,9,0,9,華南永昌-竹北,2023-11-14,9339
2387,精元,9,0,9,華南永昌-竹北,2023-11-14,9339
2812,台中銀,10,2,8,華南永昌-竹北,2023-11-14,9339
6282,康舒,14,7,7,華南永昌-竹北,2023-11-14,9339
2834,臺企銀,6,0,6,華南永昌-竹北,2023-11-14,9339
00885,富邦越南,6,0,6,華南永昌-竹北,2023-11-14,9339
3706,神達,7,1,6,華南永昌-竹北,2023-11-14,9339
2313,華通,79,74,5,華南永昌-竹北,2023-11-14,9339
3406,玉晶光,6,1,5,華南永昌-竹北,2023-11-14,9339
1713,國化,5,0,5,華南永昌-竹北,2023-11-14,9339
2356,英業達,10,5,5,華南永昌-竹北,2023-11-14,9339
2634,漢翔,5,0,5,華南永昌-竹北,2023-11-14,9339
3163,波若威,5,0,5,華南永昌-竹北,2023-11-14,9339
6593,台灣銘板,5,0,5,華南永昌-竹北,2023-11-14,9339
1101,台泥,5,1,4,華南永昌-竹北,2023-11-14,9339
1721,三晃,4,0,4,華南永昌-竹北,2023-11-14,9339
5607,遠雄港,279,3,276,華南永昌-竹北,2023-11-15,9339
2436,偉詮電,178,1,177,華南永昌-竹北,2023-11-15,9339
4147,中裕,118,5,113,華南永昌-竹北,2023-11-15,9339
6104,創惟,115,13,102,華南永昌-竹北,2023-11-15,9339
00633L,富邦上証正2,100,0,100,華南永昌-竹北,2023-11-15,9339
00927,群益半導體收益,100,0,100,華南永昌-竹北,2023-11-15,9339
3231,緯創,284,186,98,華南永昌-竹北,2023-11-15,9339
2206,三陽工業,89,0,89,華南永昌-竹北,2023-11-15,9339
2376,技嘉,113,28,85,華南永昌-竹北,2023-11-15,9339
6756,威鋒電子,94,10,84,華南永昌-竹北,2023-11-15,9339
00878,國泰永續高股息,82,11,71,華南永昌-竹北,2023-11-15,9339
00632R,元大台灣50反1,70,0,70,華南永昌-竹北,2023-11-15,9339
9904,寶成,75,8,67,華南永昌-竹北,2023-11-15,9339
2329,華泰,203,147,56,華南永昌-竹北,2023-11-15,9339
5471,松翰,55,0,55,華南永昌-竹北,2023-11-15,9339
3035,智原,79,32,47,華南永昌-竹北,2023-11-15,9339
2382,廣達,118,72,46,華南永昌-竹北,2023-11-15,9339
2884,玉山金,50,5,45,華南永昌-竹北,2023-11-15,9339
1449,佳和,48,10,38,華南永昌-竹北,2023-11-15,9339
8299,群聯,33,1,32,華南永昌-竹北,2023-11-15,9339
8261,富鼎,46,17,29,華南永昌-竹北,2023-11-15,9339
6805,富世達,30,1,29,華南永昌-竹北,2023-11-15,9339
3037,欣興,36,8,28,華南永昌-竹北,2023-11-15,9339
4766,南寶,26,0,26,華南永昌-竹北,2023-11-15,9339
3189,景碩,30,5,25,華南永昌-竹北,2023-11-15,9339
2486,一詮,33,9,24,華南永昌-竹北,2023-11-15,9339
2425,承啟,22,0,22,華南永昌-竹北,2023-11-15,9339
00900,富邦特選高股息30,77,56,21,華南永昌-竹北,2023-11-15,9339
1609,大亞,20,0,20,華南永昌-竹北,2023-11-15,9339
1905,華紙,20,0,20,華南永昌-竹北,2023-11-15,9339
2634,漢翔,20,0,20,華南永昌-竹北,2023-11-15,9339
5439,高技,20,0,20,華南永昌-竹北,2023-11-15,9339
8054,安國,31,14,17,華南永昌-竹北,2023-11-15,9339
00687B,國泰20年美債,16,0,16,華南永昌-竹北,2023-11-15,9339
2457,飛宏,16,0,16,華南永昌-竹北,2023-11-15,9339
00637L,元大滬深300正2,15,0,15,華南永昌-竹北,2023-11-15,9339
6451,訊芯-KY,27,12,15,華南永昌-竹北,2023-11-15,9339
2462,良得電,10,0,10,華南永昌-竹北,2023-11-15,9339
2390,云辰,10,0,10,華南永昌-竹北,2023-11-15,9339
00902,中信電池及儲能,10,0,10,華南永昌-竹北,2023-11-15,9339
3693,營邦,15,5,10,華南永昌-竹北,2023-11-15,9339
5371,中光電,10,0,10,華南永昌-竹北,2023-11-15,9339
8110,華東,10,0,10,華南永昌-竹北,2023-11-15,9339
3548,兆利,28,18,10,華南永昌-竹北,2023-11-15,9339
4961,天鈺,12,3,9,華南永昌-竹北,2023-11-15,9339
2449,京元電子,17,9,8,華南永昌-竹北,2023-11-15,9339
00919,群益台灣精選高息,9,2,7,華南永昌-竹北,2023-11-15,9339
00931B,統一美債20年,7,0,7,華南永昌-竹北,2023-11-15,9339
3227,原相,13,6,7,華南永昌-竹北,2023-11-15,9339
2360,致茂,7,0,7,華南永昌-竹北,2023-11-15,9339
00633L,富邦上証正2,937,284,653,華南永昌-竹北,2023-11-16,9339
00919,群益台灣精選高息,176,0,176,華南永昌-竹北,2023-11-16,9339
2363,矽統,188,35,153,華南永昌-竹北,2023-11-16,9339
00715L,期街口布蘭特正2,130,0,130,華南永昌-竹北,2023-11-16,9339
00878,國泰永續高股息,118,3,115,華南永昌-竹北,2023-11-16,9339
00680L,元大美債20正2,100,0,100,華南永昌-竹北,2023-11-16,9339
2485,兆赫,102,12,90,華南永昌-竹北,2023-11-16,9339
3260,威剛,87,3,84,華南永昌-竹北,2023-11-16,9339
6188,廣明,88,4,84,華南永昌-竹北,2023-11-16,9339
2231,為升,57,0,57,華南永昌-竹北,2023-11-16,9339
2206,三陽工業,64,16,48,華南永昌-竹北,2023-11-16,9339
3003,健和興,39,0,39,華南永昌-竹北,2023-11-16,9339
5880,合庫金,38,0,38,華南永昌-竹北,2023-11-16,9339
3707,漢磊,40,3,37,華南永昌-竹北,2023-11-16,9339
1101,台泥,41,6,35,華南永昌-竹北,2023-11-16,9339
6104,創惟,36,2,34,華南永昌-竹北,2023-11-16,9339
3715,定穎投控,30,0,30,華南永昌-竹北,2023-11-16,9339
00934,中信成長高股息,30,4,26,華南永昌-竹北,2023-11-16,9339
8261,富鼎,51,27,24,華南永昌-竹北,2023-11-16,9339
5706,鳳凰,20,0,20,華南永昌-竹北,2023-11-16,9339
2444,兆勁,20,0,20,華南永昌-竹北,2023-11-16,9339
8299,群聯,18,0,18,華南永昌-竹北,2023-11-16,9339
00881,國泰台灣5G+,20,3,17,華南永昌-竹北,2023-11-16,9339
2634,漢翔,20,4,16,華南永昌-竹北,2023-11-16,9339
5009,榮剛,17,1,16,華南永昌-竹北,2023-11-16,9339
00679B,元大美債20年,15,0,15,華南永昌-竹北,2023-11-16,9339
5258,虹堡,15,0,15,華南永昌-竹北,2023-11-16,9339
4147,中裕,15,0,15,華南永昌-竹北,2023-11-16,9339
00751B,元大AAA至A公司債,11,0,11,華南永昌-竹北,2023-11-16,9339
3376,新日興,13,2,11,華南永昌-竹北,2023-11-16,9339
006206,元大上證50,10,0,10,華南永昌-竹北,2023-11-16,9339
00687B,國泰20年美債,10,0,10,華南永昌-竹北,2023-11-16,9339
00664R,國泰臺灣加權反1,10,0,10,華南永昌-竹北,2023-11-16,9339
00706L,期元大S＆P日圓正2,10,0,10,華南永昌-竹北,2023-11-16,9339
00637L,元大滬深300正2,20,10,10,華南永昌-竹北,2023-11-16,9339
1319,東陽,10,0,10,華南永昌-竹北,2023-11-16,9339
2368,金像電,19,9,10,華南永昌-竹北,2023-11-16,9339
3454,晶睿,10,0,10,華南永昌-竹北,2023-11-16,9339
4739,康普,10,0,10,華南永昌-竹北,2023-11-16,9339
6625,必應,9,0,9,華南永昌-竹北,2023-11-16,9339
00720B,元大投資級公司債,8,0,8,華南永昌-竹北,2023-11-16,9339
2250,IKKA-KY,8,0,8,華南永昌-竹北,2023-11-16,9339
2354,鴻準,8,0,8,華南永昌-竹北,2023-11-16,9339
4190,佐登-KY,8,0,8,華南永昌-竹北,2023-11-16,9339
2390,云辰,10,2,8,華南永昌-竹北,2023-11-16,9339
3450,聯鈞,18,10,8,華南永昌-竹北,2023-11-16,9339
8176,智捷,10,2,8,華南永昌-竹北,2023-11-16,9339
6667,信紘科,21,14,7,華南永昌-竹北,2023-11-16,9339
6282,康舒,8,1,7,華南永昌-竹北,2023-11-16,9339
2417,圓剛,58,51,7,華南永昌-竹北,2023-11-16,9339
2618,長榮航,141,13,128,華南永昌-竹北,2023-11-17,9339
2399,映泰,101,0,101,華南永昌-竹北,2023-11-17,9339
8931,大汽電,82,0,82,華南永昌-竹北,2023-11-17,9339
00715L,期街口布蘭特正2,70,0,70,華南永昌-竹北,2023-11-17,9339
6188,廣明,61,0,61,華南永昌-竹北,2023-11-17,9339
3715,定穎投控,83,25,58,華南永昌-竹北,2023-11-17,9339
2363,矽統,101,45,56,華南永昌-竹北,2023-11-17,9339
3483,力致,57,7,50,華南永昌-竹北,2023-11-17,9339
3701,大眾控,60,12,48,華南永昌-竹北,2023-11-17,9339
6274,台燿,46,0,46,華南永昌-竹北,2023-11-17,9339
3003,健和興,39,0,39,華南永昌-竹北,2023-11-17,9339
2882,國泰金,40,1,39,華南永昌-竹北,2023-11-17,9339
2231,為升,39,0,39,華南永昌-竹北,2023-11-17,9339
00720B,元大投資級公司債,35,0,35,華南永昌-竹北,2023-11-17,9339
00633L,富邦上証正2,35,0,35,華南永昌-竹北,2023-11-17,9339
5608,四維航,35,0,35,華南永昌-竹北,2023-11-17,9339
3260,威剛,37,3,34,華南永昌-竹北,2023-11-17,9339
2329,華泰,46,17,29,華南永昌-竹北,2023-11-17,9339
4739,康普,27,0,27,華南永昌-竹北,2023-11-17,9339
5876,上海商銀,27,0,27,華南永昌-竹北,2023-11-17,9339
6223,旺矽,27,1,26,華南永昌-竹北,2023-11-17,9339
1717,長興,25,0,25,華南永昌-竹北,2023-11-17,9339
8054,安國,30,5,25,華南永昌-竹北,2023-11-17,9339
2634,漢翔,25,1,24,華南永昌-竹北,2023-11-17,9339
5009,榮剛,25,1,24,華南永昌-竹北,2023-11-17,9339
2383,台光電,23,0,23,華南永昌-竹北,2023-11-17,9339
00751B,元大AAA至A公司債,23,0,23,華南永昌-竹北,2023-11-17,9339
00756B,群益投等新興公債,20,0,20,華南永昌-竹北,2023-11-17,9339
2405,輔信,19,0,19,華南永昌-竹北,2023-11-17,9339
2485,兆赫,20,1,19,華南永昌-竹北,2023-11-17,9339
5258,虹堡,23,4,19,華南永昌-竹北,2023-11-17,9339
8046,南電,19,0,19,華南永昌-竹北,2023-11-17,9339
2369,菱生,32,14,18,華南永昌-竹北,2023-11-17,9339
2201,裕隆,31,14,17,華南永昌-竹北,2023-11-17,9339
2206,三陽工業,16,0,16,華南永昌-竹北,2023-11-17,9339
00637L,元大滬深300正2,15,0,15,華南永昌-竹北,2023-11-17,9339
1612,宏泰,15,0,15,華南永昌-竹北,2023-11-17,9339
1808,潤隆,15,0,15,華南永昌-竹北,2023-11-17,9339
2739,寒舍,15,0,15,華南永昌-竹北,2023-11-17,9339
2745,五福,15,1,14,華南永昌-竹北,2023-11-17,9339
2301,光寶科,16,2,14,華南永昌-竹北,2023-11-17,9339
3037,欣興,21,8,13,華南永昌-竹北,2023-11-17,9339
2312,金寶,21,10,11,華南永昌-竹北,2023-11-17,9339
5880,合庫金,12,1,11,華南永昌-竹北,2023-11-17,9339
6243,迅杰,13,2,11,華南永昌-竹北,2023-11-17,9339
4961,天鈺,23,12,11,華南永昌-竹北,2023-11-17,9339
00632R,元大台灣50反1,10,0,10,華南永昌-竹北,2023-11-17,9339
00902,中信電池及儲能,10,0,10,華南永昌-竹北,2023-11-17,9339
2845,遠東銀,10,0,10,華南永昌-竹北,2023-11-17,9339
3024,憶聲,10,0,10,華南永昌-竹北,2023-11-17,9339
2201,裕隆,239,2,237,華南永昌-竹北,2023-11-20,9339
2481,強茂,118,0,118,華南永昌-竹北,2023-11-20,9339
3035,智原,176,63,113,華南永昌-竹北,2023-11-20,9339
2363,矽統,259,155,104,華南永昌-竹北,2023-11-20,9339
4968,立積,100,1,99,華南永昌-竹北,2023-11-20,9339
6291,沛亨,72,0,72,華南永昌-竹北,2023-11-20,9339
5425,台半,65,0,65,華南永昌-竹北,2023-11-20,9339
2731,雄獅,61,0,61,華南永昌-竹北,2023-11-20,9339
2484,希華,50,4,46,華南永昌-竹北,2023-11-20,9339
3037,欣興,45,2,43,華南永昌-竹北,2023-11-20,9339
2317,鴻海,124,82,42,華南永昌-竹北,2023-11-20,9339
00690,兆豐藍籌30,46,6,40,華南永昌-竹北,2023-11-20,9339
6672,騰輝電子-KY,34,0,34,華南永昌-竹北,2023-11-20,9339
00637L,元大滬深300正2,30,0,30,華南永昌-竹北,2023-11-20,9339
2301,光寶科,30,1,29,華南永昌-竹北,2023-11-20,9339
3707,漢磊,28,0,28,華南永昌-竹北,2023-11-20,9339
8054,安國,29,2,27,華南永昌-竹北,2023-11-20,9339
2739,寒舍,36,15,21,華南永昌-竹北,2023-11-20,9339
5009,榮剛,21,0,21,華南永昌-竹北,2023-11-20,9339
6799,來頡,21,0,21,華南永昌-竹北,2023-11-20,9339
00888,永豐台灣ESG,20,0,20,華南永昌-竹北,2023-11-20,9339
2367,燿華,22,2,20,華南永昌-竹北,2023-11-20,9339
2501,國建,20,0,20,華南永昌-竹北,2023-11-20,9339
1795,美時,39,20,19,華南永昌-竹北,2023-11-20,9339
2009,第一銅,18,0,18,華南永昌-竹北,2023-11-20,9339
6525,捷敏-KY,15,0,15,華南永昌-竹北,2023-11-20,9339
8255,朋程,15,0,15,華南永昌-竹北,2023-11-20,9339
8227,巨有科技,15,2,13,華南永昌-竹北,2023-11-20,9339
00679B,元大美債20年,12,0,12,華南永昌-竹北,2023-11-20,9339
2376,技嘉,15,3,12,華南永昌-竹北,2023-11-20,9339
00933B,國泰10Y+金融債,11,0,11,華南永昌-竹北,2023-11-20,9339
2344,華邦電,12,1,11,華南永昌-竹北,2023-11-20,9339
4915,致伸,11,0,11,華南永昌-竹北,2023-11-20,9339
00878,國泰永續高股息,10,0,10,華南永昌-竹北,2023-11-20,9339
2231,為升,10,0,10,華南永昌-竹北,2023-11-20,9339
3027,盛達,10,0,10,華南永昌-竹北,2023-11-20,9339
3685,元創精密,10,0,10,華南永昌-竹北,2023-11-20,9339
5321,美而快,10,0,10,華南永昌-竹北,2023-11-20,9339
6719,力智,10,0,10,華南永昌-竹北,2023-11-20,9339
5608,四維航,11,2,9,華南永昌-竹北,2023-11-20,9339
6188,廣明,16,7,9,華南永昌-竹北,2023-11-20,9339
4958,臻鼎-KY,8,0,8,華南永昌-竹北,2023-11-20,9339
4739,康普,8,0,8,華南永昌-竹北,2023-11-20,9339
4946,辣椒,7,0,7,華南永昌-竹北,2023-11-20,9339
3227,原相,7,0,7,華南永昌-竹北,2023-11-20,9339
00720B,元大投資級公司債,7,0,7,華南永昌-竹北,2023-11-20,9339
3029,零壹,7,0,7,華南永昌-竹北,2023-11-20,9339
00687B,國泰20年美債,6,0,6,華南永昌-竹北,2023-11-20,9339
00773B,中信優先金融債,6,0,6,華南永昌-竹北,2023-11-20,9339
1314,中石化,6,0,6,華南永昌-竹北,2023-11-20,9339
00671R,富邦NASDAQ反1,400,100,300,華南永昌-竹北,2023-11-21,9339
00929,復華台灣科技優息,163,7,156,華南永昌-竹北,2023-11-21,9339
2367,燿華,130,30,100,華南永昌-竹北,2023-11-21,9339
3056,富華新,100,0,100,華南永昌-竹北,2023-11-21,9339
8054,安國,101,16,85,華南永昌-竹北,2023-11-21,9339
2880,華南金,66,0,66,華南永昌-竹北,2023-11-21,9339
1815,富喬,134,69,65,華南永昌-竹北,2023-11-21,9339
2436,偉詮電,82,17,65,華南永昌-竹北,2023-11-21,9339
2801,彰銀,64,0,64,華南永昌-竹北,2023-11-21,9339
3059,華晶科,63,0,63,華南永昌-竹北,2023-11-21,9339
2618,長榮航,54,2,52,華南永昌-竹北,2023-11-21,9339
2313,華通,74,23,51,華南永昌-竹北,2023-11-21,9339
00923,群益台ESG低碳50,50,0,50,華南永昌-竹北,2023-11-21,9339
00927,群益半導體收益,50,0,50,華南永昌-竹北,2023-11-21,9339
2472,立隆電,50,0,50,華南永昌-竹北,2023-11-21,9339
2888,新光金,46,1,45,華南永昌-竹北,2023-11-21,9339
2363,矽統,125,81,44,華南永昌-竹北,2023-11-21,9339
6158,禾昌,44,0,44,華南永昌-竹北,2023-11-21,9339
2206,三陽工業,39,1,38,華南永昌-竹北,2023-11-21,9339
2484,希華,35,0,35,華南永昌-竹北,2023-11-21,9339
6237,驊訊,42,8,34,華南永昌-竹北,2023-11-21,9339
4746,台耀,38,4,34,華南永昌-竹北,2023-11-21,9339
00720B,元大投資級公司債,31,0,31,華南永昌-竹北,2023-11-21,9339
2365,昆盈,30,0,30,華南永昌-竹北,2023-11-21,9339
8261,富鼎,32,2,30,華南永昌-竹北,2023-11-21,9339
2316,楠梓電,30,1,29,華南永昌-竹北,2023-11-21,9339
4968,立積,27,0,27,華南永昌-竹北,2023-11-21,9339
8040,九暘,25,0,25,華南永昌-竹北,2023-11-21,9339
2231,為升,23,0,23,華南永昌-竹北,2023-11-21,9339
6104,創惟,26,3,23,華南永昌-竹北,2023-11-21,9339
3715,定穎投控,27,5,22,華南永昌-竹北,2023-11-21,9339
8110,華東,21,0,21,華南永昌-竹北,2023-11-21,9339
6285,啟��,22,1,21,華南永昌-竹北,2023-11-21,9339
1612,宏泰,20,0,20,華南永昌-竹北,2023-11-21,9339
00679B,元大美債20年,19,0,19,華南永昌-竹北,2023-11-21,9339
2634,漢翔,22,6,16,華南永昌-竹北,2023-11-21,9339
3706,神達,247,231,16,華南永昌-竹北,2023-11-21,9339
2610,華航,20,6,14,華南永昌-竹北,2023-11-21,9339
5292,華懋,14,0,14,華南永昌-竹北,2023-11-21,9339
5258,虹堡,14,0,14,華南永昌-竹北,2023-11-21,9339
8931,大汽電,14,0,14,華南永昌-竹北,2023-11-21,9339
2883,凱基金,14,0,14,華南永昌-竹北,2023-11-21,9339
2401,凌陽,21,8,13,華南永昌-竹北,2023-11-21,9339
2501,國建,13,0,13,華南永昌-竹北,2023-11-21,9339
3032,偉訓,12,0,12,華南永昌-竹北,2023-11-21,9339
8227,巨有科技,27,15,12,華南永昌-竹北,2023-11-21,9339
3041,揚智,86,75,11,華南永昌-竹北,2023-11-21,9339
4164,承業醫,11,0,11,華南永昌-竹北,2023-11-21,9339
6291,沛亨,11,0,11,華南永昌-竹北,2023-11-21,9339
6695,芯鼎,15,4,11,華南永昌-竹北,2023-11-21,9339
6104,創惟,285,10,275,華南永昌-竹北,2023-11-22,9339
2369,菱生,209,79,130,華南永昌-竹北,2023-11-22,9339
3706,神達,235,106,129,華南永昌-竹北,2023-11-22,9339
2317,鴻海,100,34,66,華南永昌-竹北,2023-11-22,9339
2363,矽統,92,28,64,華南永昌-竹北,2023-11-22,9339
00929,復華台灣科技優息,67,9,58,華南永昌-竹北,2023-11-22,9339
5292,華懋,48,13,35,華南永昌-竹北,2023-11-22,9339
1432,大魯閣,33,0,33,華南永昌-竹北,2023-11-22,9339
3338,泰碩,30,0,30,華南永昌-竹北,2023-11-22,9339
5351,鈺創,31,10,21,華南永昌-竹北,2023-11-22,9339
00915,凱基優選高股息30,20,0,20,華南永昌-竹北,2023-11-22,9339
00637L,元大滬深300正2,20,0,20,華南永昌-竹北,2023-11-22,9339
5302,太欣,20,0,20,華南永昌-竹北,2023-11-22,9339
6233,旺玖,22,2,20,華南永昌-竹北,2023-11-22,9339
2406,國碩,20,1,19,華南永昌-竹北,2023-11-22,9339
2352,佳世達,15,0,15,華南永昌-竹北,2023-11-22,9339
2484,希華,15,0,15,華南永昌-竹北,2023-11-22,9339
4953,緯軟,18,3,15,華南永昌-竹北,2023-11-22,9339
2201,裕隆,20,6,14,華南永昌-竹北,2023-11-22,9339
6245,立端,13,0,13,華南永昌-竹北,2023-11-22,9339
00878,國泰永續高股息,14,2,12,華南永昌-竹北,2023-11-22,9339
2356,英業達,18,6,12,華南永昌-竹北,2023-11-22,9339
0056,元大高股息,11,0,11,華南永昌-竹北,2023-11-22,9339
2812,台中銀,11,0,11,華南永昌-竹北,2023-11-22,9339
2301,光寶科,56,45,11,華南永昌-竹北,2023-11-22,9339
2405,輔信,16,5,11,華南永昌-竹北,2023-11-22,9339
2610,華航,11,0,11,華南永昌-竹北,2023-11-22,9339
6282,康舒,45,35,10,華南永昌-竹北,2023-11-22,9339
0052,富邦科技,10,0,10,華南永昌-竹北,2023-11-22,9339
1444,力麗,10,0,10,華南永昌-竹北,2023-11-22,9339
2014,中鴻,10,0,10,華南永昌-竹北,2023-11-22,9339
2543,皇昌,10,0,10,華南永昌-竹北,2023-11-22,9339
3094,聯傑,10,0,10,華南永昌-竹北,2023-11-22,9339
3617,碩天,10,0,10,華南永昌-竹北,2023-11-22,9339
8110,華東,10,0,10,華南永昌-竹北,2023-11-22,9339
1524,耿鼎,10,1,9,華南永昌-竹北,2023-11-22,9339
2516,新建,10,1,9,華南永昌-竹北,2023-11-22,9339
4946,辣椒,15,6,9,華南永昌-竹北,2023-11-22,9339
00795B,中信美國公債20年,8,0,8,華南永昌-竹北,2023-11-22,9339
4743,合一,26,18,8,華南永昌-竹北,2023-11-22,9339
4958,臻鼎-KY,8,0,8,華南永昌-竹北,2023-11-22,9339
6120,達運,8,0,8,華南永昌-竹北,2023-11-22,9339
8227,巨有科技,13,5,8,華南永昌-竹北,2023-11-22,9339
2614,東森,7,0,7,華南永昌-竹北,2023-11-22,9339
00720B,元大投資級公司債,7,0,7,華南永昌-竹北,2023-11-22,9339
3013,晟銘電,7,0,7,華南永昌-竹北,2023-11-22,9339
3078,僑威,7,0,7,華南永昌-竹北,2023-11-22,9339
6285,啟��,8,1,7,華南永昌-竹北,2023-11-22,9339
2401,凌陽,6,0,6,華南永昌-竹北,2023-11-22,9339
2838,聯邦銀,6,0,6,華南永昌-竹北,2023-11-22,9339
6695,芯鼎,319,5,314,華南永昌-竹北,2023-11-23,9339
2436,偉詮電,129,8,121,華南永昌-竹北,2023-11-23,9339
00637L,元大滬深300正2,120,0,120,華南永昌-竹北,2023-11-23,9339
1815,富喬,110,0,110,華南永昌-竹北,2023-11-23,9339
1603,華電,51,0,51,華南永昌-竹北,2023-11-23,9339
3588,通嘉,48,16,32,華南永昌-竹北,2023-11-23,9339
2317,鴻海,61,30,31,華南永昌-竹北,2023-11-23,9339
5521,工信,31,0,31,華南永昌-竹北,2023-11-23,9339
6112,邁達特,31,0,31,華南永昌-竹北,2023-11-23,9339
2406,國碩,30,0,30,華南永昌-竹北,2023-11-23,9339
4968,立積,38,11,27,華南永昌-竹北,2023-11-23,9339
5292,華懋,26,0,26,華南永昌-竹北,2023-11-23,9339
1417,嘉裕,23,0,23,華南永昌-竹北,2023-11-23,9339
2739,寒舍,22,0,22,華南永昌-竹北,2023-11-23,9339
3035,智原,33,15,18,華南永昌-竹北,2023-11-23,9339
00934,中信成長高股息,18,0,18,華南永昌-竹北,2023-11-23,9339
2482,連宇,23,5,18,華南永昌-竹北,2023-11-23,9339
3105,穩懋,31,14,17,華南永昌-竹北,2023-11-23,9339
00878,國泰永續高股息,17,2,15,華南永昌-竹北,2023-11-23,9339
00929,復華台灣科技優息,12,0,12,華南永昌-竹北,2023-11-23,9339
0056,元大高股息,12,0,12,華南永昌-竹北,2023-11-23,9339
3006,晶豪科,42,31,11,華南永昌-竹北,2023-11-23,9339
6282,康舒,23,12,11,華南永昌-竹北,2023-11-23,9339
1314,中石化,10,0,10,華南永昌-竹北,2023-11-23,9339
1609,大亞,10,0,10,華南永昌-竹北,2023-11-23,9339
2607,榮運,10,0,10,華南永昌-竹北,2023-11-23,9339
2867,三商壽,10,0,10,華南永昌-竹北,2023-11-23,9339
4906,正文,10,0,10,華南永昌-竹北,2023-11-23,9339
8110,華東,10,0,10,華南永昌-竹北,2023-11-23,9339
3037,欣興,10,1,9,華南永昌-竹北,2023-11-23,9339
2104,國際中橡,9,0,9,華南永昌-竹北,2023-11-23,9339
2801,彰銀,9,0,9,華南永昌-竹北,2023-11-23,9339
6245,立端,9,0,9,華南永昌-竹北,2023-11-23,9339
3231,緯創,17,8,9,華南永昌-竹北,2023-11-23,9339
6689,伊雲谷,8,0,8,華南永昌-竹北,2023-11-23,9339
3623,富晶通,9,1,8,華南永昌-竹北,2023-11-23,9339
1432,大魯閣,10,3,7,華南永昌-竹北,2023-11-23,9339
3703,欣陸,7,0,7,華南永昌-竹北,2023-11-23,9339
4542,科嶠,7,0,7,華南永昌-竹北,2023-11-23,9339
2371,大同,7,0,7,華南永昌-竹北,2023-11-23,9339
4188,安克,6,0,6,華南永昌-竹北,2023-11-23,9339
2609,陽明,6,0,6,華南永昌-竹北,2023-11-23,9339
00905,FT臺灣Smart,6,0,6,華南永昌-竹北,2023-11-23,9339
2201,裕隆,7,1,6,華南永昌-竹北,2023-11-23,9339
2543,皇昌,6,0,6,華南永昌-竹北,2023-11-23,9339
3362,先進光,20,14,6,華南永昌-竹北,2023-11-23,9339
4746,台耀,10,4,6,華南永昌-竹北,2023-11-23,9339
00633L,富邦上証正2,5,0,5,華南永昌-竹北,2023-11-23,9339
2392,正崴,5,0,5,華南永昌-竹北,2023-11-23,9339
2409,友達,5,0,5,華南永昌-竹北,2023-11-23,9339
8054,安國,212,12,200,華南永昌-竹北,2023-11-24,9339
3374,精材,109,0,109,華南永昌-竹北,2023-11-24,9339
2408,南亞科,181,108,73,華南永昌-竹北,2023-11-24,9339
6789,采鈺,72,4,68,華南永昌-竹北,2023-11-24,9339
00720B,元大投資級公司債,53,0,53,華南永昌-竹北,2023-11-24,9339
1603,華電,50,1,49,華南永昌-竹北,2023-11-24,9339
6175,立敦,46,0,46,華南永昌-竹北,2023-11-24,9339
5258,虹堡,48,11,37,華南永昌-竹北,2023-11-24,9339
5292,華懋,35,0,35,華南永昌-竹北,2023-11-24,9339
2618,長榮航,37,5,32,華南永昌-竹北,2023-11-24,9339
3548,兆利,42,10,32,華南永昌-竹北,2023-11-24,9339
4116,明基醫,30,0,30,華南永昌-竹北,2023-11-24,9339
3006,晶豪科,34,8,26,華南永昌-竹北,2023-11-24,9339
3105,穩懋,46,25,21,華南永昌-竹北,2023-11-24,9339
2369,菱生,79,58,21,華南永昌-竹北,2023-11-24,9339
2888,新光金,21,1,20,華南永昌-竹北,2023-11-24,9339
00665L,富邦�琤肭磪囓�2,20,0,20,華南永昌-竹北,2023-11-24,9339
3213,茂訊,20,0,20,華南永昌-竹北,2023-11-24,9339
8442,威宏-KY,20,1,19,華南永昌-竹北,2023-11-24,9339
4743,合一,22,5,17,華南永昌-竹北,2023-11-24,9339
2367,燿華,17,1,16,華南永昌-竹北,2023-11-24,9339
3450,聯鈞,15,0,15,華南永昌-竹北,2023-11-24,9339
6112,邁達特,15,0,15,華南永昌-竹北,2023-11-24,9339
00751B,元大AAA至A公司債,14,0,14,華南永昌-竹北,2023-11-24,9339
00878,國泰永續高股息,14,0,14,華南永昌-竹北,2023-11-24,9339
3694,海華,18,5,13,華南永昌-竹北,2023-11-24,9339
3437,榮創,21,8,13,華南永昌-竹北,2023-11-24,9339
00687B,國泰20年美債,12,0,12,華南永昌-竹北,2023-11-24,9339
5471,松翰,13,1,12,華南永昌-竹北,2023-11-24,9339
2206,三陽工業,12,1,11,華南永昌-竹北,2023-11-24,9339
2363,矽統,19,9,10,華南永昌-竹北,2023-11-24,9339
6197,佳必琪,10,0,10,華南永昌-竹北,2023-11-24,9339
3706,神達,23,13,10,華南永昌-竹北,2023-11-24,9339
6485,點序,10,0,10,華南永昌-竹北,2023-11-24,9339
3588,通嘉,12,4,8,華南永昌-竹北,2023-11-24,9339
6155,鈞寶,8,0,8,華南永昌-竹北,2023-11-24,9339
6695,芯鼎,20,12,8,華南永昌-竹北,2023-11-24,9339
6829,千附精密,7,0,7,華南永昌-竹北,2023-11-24,9339
4958,臻鼎-KY,13,7,6,華南永昌-竹北,2023-11-24,9339
00795B,中信美國公債20年,7,1,6,華南永昌-竹北,2023-11-24,9339
3701,大眾控,7,1,6,華南永昌-竹北,2023-11-24,9339
4128,中天,15,9,6,華南永昌-竹北,2023-11-24,9339
8069,元太,6,0,6,華南永昌-竹北,2023-11-24,9339
9958,世紀鋼,9,3,6,華南永昌-竹北,2023-11-24,9339
3276,宇環,12,7,5,華南永昌-竹北,2023-11-24,9339
2382,廣達,6,1,5,華南永昌-竹北,2023-11-24,9339
1808,潤隆,5,0,5,華南永昌-竹北,2023-11-24,9339
2331,精英,5,0,5,華南永昌-竹北,2023-11-24,9339
2397,友通,5,0,5,華南永昌-竹北,2023-11-24,9339
2405,輔信,5,0,5,華南永昌-竹北,2023-11-24,9339
00637L,元大滬深300正2,160,0,160,華南永昌-竹北,2023-11-27,9339
4147,中裕,115,0,115,華南永昌-竹北,2023-11-27,9339
2313,華通,164,97,67,華南永昌-竹北,2023-11-27,9339
3035,智原,92,29,63,華南永昌-竹北,2023-11-27,9339
2891,中信金,62,5,57,華南永昌-竹北,2023-11-27,9339
00687B,國泰20年美債,55,0,55,華南永昌-竹北,2023-11-27,9339
2460,建通,55,0,55,華南永昌-竹北,2023-11-27,9339
6173,信昌電,55,1,54,華南永昌-竹北,2023-11-27,9339
00931B,統一美債20年,52,0,52,華南永昌-竹北,2023-11-27,9339
3231,緯創,53,2,51,華南永昌-竹北,2023-11-27,9339
00933B,國泰10Y+金融債,50,0,50,華南永昌-竹北,2023-11-27,9339
4739,康普,47,0,47,華南永昌-竹北,2023-11-27,9339
00720B,元大投資級公司債,43,0,43,華南永昌-竹北,2023-11-27,9339
1449,佳和,42,0,42,華南永昌-竹北,2023-11-27,9339
4102,永日,41,1,40,華南永昌-竹北,2023-11-27,9339
5009,榮剛,42,3,39,華南永昌-竹北,2023-11-27,9339
4726,永昕,39,1,38,華南永昌-竹北,2023-11-27,9339
3707,漢磊,37,0,37,華南永昌-竹北,2023-11-27,9339
00878,國泰永續高股息,36,0,36,華南永昌-竹北,2023-11-27,9339
0056,元大高股息,36,0,36,華南永昌-竹北,2023-11-27,9339
00919,群益台灣精選高息,33,7,26,華南永昌-竹北,2023-11-27,9339
2481,強茂,22,0,22,華南永昌-竹北,2023-11-27,9339
00751B,元大AAA至A公司債,21,0,21,華南永昌-竹北,2023-11-27,9339
6127,九豪,25,4,21,華南永昌-竹北,2023-11-27,9339
00665L,富邦�琤肭磪囓�2,35,15,20,華南永昌-竹北,2023-11-27,9339
1603,華電,20,0,20,華南永昌-竹北,2023-11-27,9339
1714,和桐,20,0,20,華南永昌-竹北,2023-11-27,9339
2457,飛宏,38,18,20,華南永昌-竹北,2023-11-27,9339
00679B,元大美債20年,25,6,19,華南永昌-竹北,2023-11-27,9339
3017,奇鋐,22,4,18,華南永昌-竹北,2023-11-27,9339
3260,威剛,19,1,18,華南永昌-竹北,2023-11-27,9339
00929,復華台灣科技優息,24,7,17,華南永昌-竹北,2023-11-27,9339
3003,健和興,16,0,16,華南永昌-竹北,2023-11-27,9339
6282,康舒,25,9,16,華南永昌-竹北,2023-11-27,9339
2367,燿華,16,0,16,華南永昌-竹北,2023-11-27,9339
1618,合機,15,0,15,華南永昌-竹北,2023-11-27,9339
2382,廣達,35,20,15,華南永昌-竹北,2023-11-27,9339
3037,欣興,20,6,14,華南永昌-竹北,2023-11-27,9339
5425,台半,18,4,14,華南永昌-竹北,2023-11-27,9339
2206,三陽工業,11,0,11,華南永昌-竹北,2023-11-27,9339
2353,宏��,44,33,11,華南永昌-竹北,2023-11-27,9339
2436,偉詮電,12,1,11,華南永昌-竹北,2023-11-27,9339
1324,地球,10,0,10,華南永昌-竹北,2023-11-27,9339
2231,為升,10,0,10,華南永昌-竹北,2023-11-27,9339
2352,佳世達,13,3,10,華南永昌-竹北,2023-11-27,9339
8442,威宏-KY,10,0,10,華南永昌-竹北,2023-11-27,9339
3105,穩懋,31,24,7,華南永昌-竹北,2023-11-27,9339
00633L,富邦上証正2,7,0,7,華南永昌-竹北,2023-11-27,9339
00935,野村臺灣新科技50,7,0,7,華南永昌-竹北,2023-11-27,9339
2397,友通,7,0,7,華南永昌-竹北,2023-11-27,9339
2492,華新科,130,0,130,華南永昌-竹北,2023-11-28,9339
2383,台光電,123,0,123,華南永昌-竹北,2023-11-28,9339
2382,廣達,102,3,99,華南永昌-竹北,2023-11-28,9339
2436,偉詮電,106,11,95,華南永昌-竹北,2023-11-28,9339
3481,群創,65,2,63,華南永昌-竹北,2023-11-28,9339
4968,立積,78,30,48,華南永昌-竹北,2023-11-28,9339
9103,美德醫療-DR,44,0,44,華南永昌-竹北,2023-11-28,9339
1905,華紙,39,0,39,華南永昌-竹北,2023-11-28,9339
2367,燿華,36,2,34,華南永昌-竹北,2023-11-28,9339
00720B,元大投資級公司債,31,0,31,華南永昌-竹北,2023-11-28,9339
2353,宏��,31,0,31,華南永昌-竹北,2023-11-28,9339
8936,國統,30,0,30,華南永昌-竹北,2023-11-28,9339
2363,矽統,37,14,23,華南永昌-竹北,2023-11-28,9339
6756,威鋒電子,22,0,22,華南永昌-竹北,2023-11-28,9339
4114,健喬,71,49,22,華南永昌-竹北,2023-11-28,9339
2303,聯電,22,1,21,華南永昌-竹北,2023-11-28,9339
00632R,元大台灣50反1,21,0,21,華南永昌-竹北,2023-11-28,9339
5243,乙盛-KY,21,0,21,華南永昌-竹北,2023-11-28,9339
5351,鈺創,26,6,20,華南永昌-竹北,2023-11-28,9339
00665L,富邦�琤肭磪囓�2,40,20,20,華南永昌-竹北,2023-11-28,9339
00679B,元大美債20年,20,0,20,華南永昌-竹北,2023-11-28,9339
2478,大毅,20,0,20,華南永昌-竹北,2023-11-28,9339
5876,上海商銀,19,0,19,華南永昌-竹北,2023-11-28,9339
2543,皇昌,18,0,18,華南永昌-竹北,2023-11-28,9339
3037,欣興,19,1,18,華南永昌-竹北,2023-11-28,9339
6120,達運,18,0,18,華南永昌-竹北,2023-11-28,9339
1513,中興電,23,7,16,華南永昌-竹北,2023-11-28,9339
4121,優盛,16,0,16,華南永昌-竹北,2023-11-28,9339
2606,裕民,33,19,14,華南永昌-竹北,2023-11-28,9339
3017,奇鋐,22,8,14,華南永昌-竹北,2023-11-28,9339
3044,健鼎,10,0,10,華南永昌-竹北,2023-11-28,9339
6125,廣運,11,1,10,華南永昌-竹北,2023-11-28,9339
9919,康那香,38,28,10,華南永昌-竹北,2023-11-28,9339
1701,中化,29,20,9,華南永昌-竹北,2023-11-28,9339
2634,漢翔,9,0,9,華南永昌-竹北,2023-11-28,9339
3587,閎康,8,0,8,華南永昌-竹北,2023-11-28,9339
2376,技嘉,15,8,7,華南永昌-竹北,2023-11-28,9339
3231,緯創,20,13,7,華南永昌-竹北,2023-11-28,9339
5347,世界,10,3,7,華南永昌-竹北,2023-11-28,9339
6695,芯鼎,7,0,7,華南永昌-竹北,2023-11-28,9339
1732,毛寶,7,0,7,華南永昌-竹北,2023-11-28,9339
5292,華懋,10,4,6,華南永昌-竹北,2023-11-28,9339
6789,采鈺,6,0,6,華南永昌-竹北,2023-11-28,9339
8121,越峰,6,0,6,華南永昌-竹北,2023-11-28,9339
00633L,富邦上証正2,6,0,6,華南永昌-竹北,2023-11-28,9339
2617,台航,6,0,6,華南永昌-竹北,2023-11-28,9339
00712,復華富時不動產,5,0,5,華南永昌-竹北,2023-11-28,9339
6684,安格,7,2,5,華南永昌-竹北,2023-11-28,9339
00637L,元大滬深300正2,5,0,5,華南永昌-竹北,2023-11-28,9339
3169,亞信,5,0,5,華南永昌-竹北,2023-11-28,9339
00680L,元大美債20正2,1459,0,1459,華南永昌-竹北,2023-11-29,9339
2313,華通,258,41,217,華南永昌-竹北,2023-11-29,9339
00665L,富邦�琤肭磪囓�2,200,0,200,華南永昌-竹北,2023-11-29,9339
2436,偉詮電,159,16,143,華南永昌-竹北,2023-11-29,9339
3105,穩懋,117,3,114,華南永昌-竹北,2023-11-29,9339
6188,廣明,100,4,96,華南永昌-竹北,2023-11-29,9339
6789,采鈺,97,11,86,華南永昌-竹北,2023-11-29,9339
00671R,富邦NASDAQ反1,80,0,80,華南永昌-竹北,2023-11-29,9339
00632R,元大台灣50反1,110,30,80,華南永昌-竹北,2023-11-29,9339
4906,正文,79,0,79,華南永昌-竹北,2023-11-29,9339
00929,復華台灣科技優息,82,14,68,華南永昌-竹北,2023-11-29,9339
6695,芯鼎,74,12,62,華南永昌-竹北,2023-11-29,9339
00919,群益台灣精選高息,58,0,58,華南永昌-竹北,2023-11-29,9339
2472,立隆電,77,21,56,華南永昌-竹北,2023-11-29,9339
4768,晶呈科技,53,0,53,華南永昌-竹北,2023-11-29,9339
1785,光洋科,52,0,52,華南永昌-竹北,2023-11-29,9339
2457,飛宏,117,66,51,華南永昌-竹北,2023-11-29,9339
5292,華懋,50,12,38,華南永昌-竹北,2023-11-29,9339
9103,美德醫療-DR,37,0,37,華南永昌-竹北,2023-11-29,9339
00637L,元大滬深300正2,33,0,33,華南永昌-竹北,2023-11-29,9339
4442,竣邦-KY,30,0,30,華南永昌-竹北,2023-11-29,9339
00933B,國泰10Y+金融債,33,6,27,華南永昌-竹北,2023-11-29,9339
6482,弘煜科,23,0,23,華南永昌-竹北,2023-11-29,9339
2460,建通,23,1,22,華南永昌-竹北,2023-11-29,9339
2444,兆勁,20,0,20,華南永昌-竹北,2023-11-29,9339
2886,兆豐金,20,0,20,華南永昌-竹北,2023-11-29,9339
4414,如興,20,0,20,華南永昌-竹北,2023-11-29,9339
5351,鈺創,145,125,20,華南永昌-竹北,2023-11-29,9339
00751B,元大AAA至A公司債,20,1,19,華南永昌-竹北,2023-11-29,9339
2401,凌陽,48,30,18,華南永昌-竹北,2023-11-29,9339
00882,中信中國高股息,18,0,18,華南永昌-竹北,2023-11-29,9339
00850,元大臺灣ESG永續,17,0,17,華南永昌-竹北,2023-11-29,9339
4116,明基醫,17,0,17,華南永昌-竹北,2023-11-29,9339
3044,健鼎,16,1,15,華南永昌-竹北,2023-11-29,9339
00679B,元大美債20年,15,0,15,華南永昌-竹北,2023-11-29,9339
00687B,國泰20年美債,15,0,15,華南永昌-竹北,2023-11-29,9339
8110,華東,15,0,15,華南永昌-竹北,2023-11-29,9339
2201,裕隆,16,1,15,華南永昌-竹北,2023-11-29,9339
6237,驊訊,41,27,14,華南永昌-竹北,2023-11-29,9339
6533,晶心科,15,1,14,華南永昌-竹北,2023-11-29,9339
6285,啟��,13,0,13,華南永昌-竹北,2023-11-29,9339
6494,九齊,15,2,13,華南永昌-竹北,2023-11-29,9339
2383,台光電,17,5,12,華南永昌-竹北,2023-11-29,9339
3231,緯創,28,16,12,華南永昌-竹北,2023-11-29,9339
3545,敦泰,18,7,11,華南永昌-竹北,2023-11-29,9339
2891,中信金,151,140,11,華南永昌-竹北,2023-11-29,9339
8299,群聯,13,2,11,華南永昌-竹北,2023-11-29,9339
00720B,元大投資級公司債,11,0,11,華南永昌-竹北,2023-11-29,9339
3036,文曄,11,0,11,華南永昌-竹北,2023-11-29,9339
2367,燿華,57,47,10,華南永昌-竹北,2023-11-29,9339
4968,立積,149,2,147,華南永昌-竹北,2023-11-30,9339
3003,健和興,134,0,134,華南永昌-竹北,2023-11-30,9339
3265,台星科,100,10,90,華南永昌-竹北,2023-11-30,9339
5351,鈺創,114,25,89,華南永昌-竹北,2023-11-30,9339
3707,漢磊,65,0,65,華南永昌-竹北,2023-11-30,9339
6188,廣明,69,5,64,華南永昌-竹北,2023-11-30,9339
00929,復華台灣科技優息,76,27,49,華南永昌-竹北,2023-11-30,9339
6509,聚和,51,4,47,華南永昌-竹北,2023-11-30,9339
1582,信錦,51,5,46,華南永昌-竹北,2023-11-30,9339
9919,康那香,146,100,46,華南永昌-竹北,2023-11-30,9339
5876,上海商銀,42,0,42,華南永昌-竹北,2023-11-30,9339
1720,生達,40,0,40,華南永昌-竹北,2023-11-30,9339
6104,創惟,35,0,35,華南永昌-竹北,2023-11-30,9339
2460,建通,33,0,33,華南永昌-竹北,2023-11-30,9339
2607,榮運,30,0,30,華南永昌-竹北,2023-11-30,9339
9938,百和,30,1,29,華南永昌-竹北,2023-11-30,9339
00687B,國泰20年美債,28,0,28,華南永昌-竹北,2023-11-30,9339
2363,矽統,51,23,28,華南永昌-竹北,2023-11-30,9339
2313,華通,32,6,26,華南永昌-竹北,2023-11-30,9339
00679B,元大美債20年,25,0,25,華南永昌-竹北,2023-11-30,9339
1417,嘉裕,24,0,24,華南永昌-竹北,2023-11-30,9339
3311,閎暉,22,0,22,華南永昌-竹北,2023-11-30,9339
00918,大華優利高填息30,21,0,21,華南永昌-竹北,2023-11-30,9339
5347,世界,30,9,21,華南永昌-竹北,2023-11-30,9339
4971,IET-KY,20,0,20,華南永昌-竹北,2023-11-30,9339
2367,燿華,22,2,20,華南永昌-竹北,2023-11-30,9339
4133,亞諾法,20,0,20,華南永昌-竹北,2023-11-30,9339
6531,愛普*,20,2,18,華南永昌-竹北,2023-11-30,9339
8110,華東,16,0,16,華南永昌-竹北,2023-11-30,9339
00933B,國泰10Y+金融債,13,0,13,華南永昌-竹北,2023-11-30,9339
2472,立隆電,12,0,12,華南永昌-竹北,2023-11-30,9339
00934,中信成長高股息,11,0,11,華南永昌-竹北,2023-11-30,9339
00720B,元大投資級公司債,11,0,11,華南永昌-竹北,2023-11-30,9339
0056,元大高股息,12,1,11,華南永昌-竹北,2023-11-30,9339
3706,神達,11,0,11,華南永昌-竹北,2023-11-30,9339
2405,輔信,10,0,10,華南永昌-竹北,2023-11-30,9339
2412,中華電,62,52,10,華南永昌-竹北,2023-11-30,9339
2303,聯電,11,1,10,華南永昌-竹北,2023-11-30,9339
4956,光鋐,10,0,10,華南永昌-竹北,2023-11-30,9339
6257,矽格,14,5,9,華南永昌-竹北,2023-11-30,9339
2344,華邦電,21,12,9,華南永昌-竹北,2023-11-30,9339
2465,麗臺,11,2,9,華南永昌-竹北,2023-11-30,9339
5439,高技,12,3,9,華南永昌-竹北,2023-11-30,9339
6111,大宇資,16,7,9,華南永昌-竹北,2023-11-30,9339
6282,康舒,16,7,9,華南永昌-竹北,2023-11-30,9339
6435,大中,9,0,9,華南永昌-竹北,2023-11-30,9339
2201,裕隆,10,2,8,華南永昌-竹北,2023-11-30,9339
1504,東元,7,0,7,華南永昌-竹北,2023-11-30,9339
2250,IKKA-KY,7,0,7,華南永昌-竹北,2023-11-30,9339
2492,華新科,15,8,7,華南永昌-竹北,2023-11-30,9339
6143,振曜,213,17,196,華南永昌-竹北,2023-12-01,9339
00665L,富邦�琤肭磪囓�2,154,0,154,華南永昌-竹北,2023-12-01,9339
4147,中裕,109,0,109,華南永昌-竹北,2023-12-01,9339
2891,中信金,96,1,95,華南永昌-竹北,2023-12-01,9339
6693,廣閎科,81,0,81,華南永昌-竹北,2023-12-01,9339
4939,亞電,58,0,58,華南永昌-竹北,2023-12-01,9339
3682,亞太電,54,0,54,華南永昌-竹北,2023-12-01,9339
9103,美德醫療-DR,50,0,50,華南永昌-竹北,2023-12-01,9339
5439,高技,50,4,46,華南永昌-竹北,2023-12-01,9339
00715L,期街口布蘭特正2,60,15,45,華南永昌-竹北,2023-12-01,9339
3163,波若威,40,0,40,華南永昌-竹北,2023-12-01,9339
5351,鈺創,127,94,33,華南永昌-竹北,2023-12-01,9339
6104,創惟,47,15,32,華南永昌-竹北,2023-12-01,9339
6120,達運,31,0,31,華南永昌-竹北,2023-12-01,9339
2231,為升,30,0,30,華南永昌-竹北,2023-12-01,9339
00919,群益台灣精選高息,33,4,29,華南永昌-竹北,2023-12-01,9339
00878,國泰永續高股息,27,0,27,華南永昌-竹北,2023-12-01,9339
1760,寶齡富錦,27,0,27,華南永昌-竹北,2023-12-01,9339
3483,力致,26,0,26,華南永昌-竹北,2023-12-01,9339
5243,乙盛-KY,26,0,26,華南永昌-竹北,2023-12-01,9339
5425,台半,31,5,26,華南永昌-竹北,2023-12-01,9339
00929,復華台灣科技優息,50,29,21,華南永昌-竹北,2023-12-01,9339
4906,正文,21,0,21,華南永昌-竹北,2023-12-01,9339
6188,廣明,26,5,21,華南永昌-竹北,2023-12-01,9339
00915,凱基優選高股息30,20,0,20,華南永昌-竹北,2023-12-01,9339
00637L,元大滬深300正2,20,0,20,華南永昌-竹北,2023-12-01,9339
1582,信錦,26,7,19,華南永昌-竹北,2023-12-01,9339
00720B,元大投資級公司債,19,0,19,華南永昌-竹北,2023-12-01,9339
2340,台亞,21,2,19,華南永昌-竹北,2023-12-01,9339
2317,鴻海,141,125,16,華南永昌-竹北,2023-12-01,9339
2417,圓剛,15,2,13,華南永昌-竹北,2023-12-01,9339
4951,精拓科,15,3,12,華南永昌-竹北,2023-12-01,9339
2641,正德,11,0,11,華南永昌-竹北,2023-12-01,9339
2883,凱基金,11,0,11,華南永昌-竹北,2023-12-01,9339
6161,捷波,11,0,11,華南永昌-竹北,2023-12-01,9339
2481,強茂,10,0,10,華南永昌-竹北,2023-12-01,9339
3265,台星科,20,10,10,華南永昌-竹北,2023-12-01,9339
3694,海華,10,0,10,華南永昌-竹北,2023-12-01,9339
3704,合勤控,34,24,10,華南永昌-竹北,2023-12-01,9339
5347,世界,17,7,10,華南永昌-竹北,2023-12-01,9339
6209,今國光,10,0,10,華南永昌-竹北,2023-12-01,9339
8110,華東,10,0,10,華南永昌-竹北,2023-12-01,9339
6753,龍德造船,9,0,9,華南永昌-竹北,2023-12-01,9339
1522,堤維西,11,3,8,華南永昌-竹北,2023-12-01,9339
3552,同致,13,5,8,華南永昌-竹北,2023-12-01,9339
3236,千如,8,0,8,華南永昌-竹北,2023-12-01,9339
1101,台泥,7,0,7,華南永昌-竹北,2023-12-01,9339
4133,亞諾法,7,0,7,華南永昌-竹北,2023-12-01,9339
00633L,富邦上証正2,7,0,7,華南永昌-竹北,2023-12-01,9339
2211,長榮鋼,7,0,7,華南永昌-竹北,2023-12-01,9339
00680L,元大美債20正2,250,0,250,華南永昌-竹北,2023-12-04,9339
2408,南亞科,180,2,178,華南永昌-竹北,2023-12-04,9339
8054,安國,157,12,145,華南永昌-竹北,2023-12-04,9339
3682,亞太電,134,0,134,華南永昌-竹北,2023-12-04,9339
00687B,國泰20年美債,134,0,134,華南永昌-竹北,2023-12-04,9339
4113,聯上,100,0,100,華南永昌-竹北,2023-12-04,9339
2367,燿華,99,2,97,華南永昌-竹北,2023-12-04,9339
6462,神盾,90,0,90,華南永昌-竹北,2023-12-04,9339
2481,強茂,89,5,84,華南永昌-竹北,2023-12-04,9339
00919,群益台灣精選高息,76,2,74,華南永昌-竹北,2023-12-04,9339
4116,明基醫,62,0,62,華南永昌-竹北,2023-12-04,9339
4147,中裕,87,27,60,華南永昌-竹北,2023-12-04,9339
00918,大華優利高填息30,52,0,52,華南永昌-竹北,2023-12-04,9339
6112,邁達特,50,0,50,華南永昌-竹北,2023-12-04,9339
2369,菱生,41,0,41,華南永昌-竹北,2023-12-04,9339
6290,良維,40,0,40,華南永昌-竹北,2023-12-04,9339
8936,國統,41,6,35,華南永昌-竹北,2023-12-04,9339
00720B,元大投資級公司債,33,0,33,華南永昌-竹北,2023-12-04,9339
2609,陽明,34,2,32,華南永昌-竹北,2023-12-04,9339
2420,新巨,32,0,32,華南永昌-竹北,2023-12-04,9339
3390,旭軟,30,0,30,華南永昌-竹北,2023-12-04,9339
6531,愛普*,38,10,28,華南永昌-竹北,2023-12-04,9339
2376,技嘉,35,8,27,華南永昌-竹北,2023-12-04,9339
3324,雙鴻,27,0,27,華南永昌-竹北,2023-12-04,9339
3707,漢磊,27,0,27,華南永昌-竹北,2023-12-04,9339
6426,統新,24,1,23,華南永昌-竹北,2023-12-04,9339
4905,台聯電,23,0,23,華南永昌-竹北,2023-12-04,9339
4909,新復興,31,9,22,華南永昌-竹北,2023-12-04,9339
00927,群益半導體收益,20,0,20,華南永昌-竹北,2023-12-04,9339
4739,康普,20,0,20,華南永昌-竹北,2023-12-04,9339
00878,國泰永續高股息,21,2,19,華南永昌-竹北,2023-12-04,9339
6271,同欣電,25,8,17,華南永昌-竹北,2023-12-04,9339
9919,康那香,106,90,16,華南永昌-竹北,2023-12-04,9339
00637L,元大滬深300正2,15,0,15,華南永昌-竹北,2023-12-04,9339
3138,耀登,15,0,15,華南永昌-竹北,2023-12-04,9339
6143,振曜,16,1,15,華南永昌-竹北,2023-12-04,9339
2883,凱基金,14,0,14,華南永昌-竹北,2023-12-04,9339
6164,華興,14,0,14,華南永昌-竹北,2023-12-04,9339
8442,威宏-KY,14,0,14,華南永昌-竹北,2023-12-04,9339
2363,矽統,36,23,13,華南永昌-竹北,2023-12-04,9339
6482,弘煜科,18,6,12,華南永昌-竹北,2023-12-04,9339
00923,群益台ESG低碳50,10,0,10,華南永昌-竹北,2023-12-04,9339
0050,元大台灣50,10,0,10,華南永昌-竹北,2023-12-04,9339
0052,富邦科技,10,0,10,華南永昌-竹北,2023-12-04,9339
00934,中信成長高股息,10,0,10,華南永昌-竹北,2023-12-04,9339
00935,野村臺灣新科技50,10,0,10,華南永昌-竹北,2023-12-04,9339
1815,富喬,10,0,10,華南永昌-竹北,2023-12-04,9339
2543,皇昌,10,0,10,華南永昌-竹北,2023-12-04,9339
3290,東浦,10,0,10,華南永昌-竹北,2023-12-04,9339
3313,斐成,10,0,10,華南永昌-竹北,2023-12-04,9339
2641,正德,605,30,575,華南永昌-竹北,2023-12-05,9339
00900,富邦特選高股息30,203,1,202,華南永昌-竹北,2023-12-05,9339
4968,立積,135,0,135,華南永昌-竹北,2023-12-05,9339
3706,神達,134,21,113,華南永昌-竹北,2023-12-05,9339
00929,復華台灣科技優息,106,6,100,華南永昌-竹北,2023-12-05,9339
00919,群益台灣精選高息,84,0,84,華南永昌-竹北,2023-12-05,9339
1513,中興電,78,12,66,華南永昌-竹北,2023-12-05,9339
2609,陽明,58,2,56,華南永昌-竹北,2023-12-05,9339
6742,澤米,53,1,52,華南永昌-竹北,2023-12-05,9339
00637L,元大滬深300正2,51,0,51,華南永昌-竹北,2023-12-05,9339
5243,乙盛-KY,46,0,46,華南永昌-竹北,2023-12-05,9339
3037,欣興,42,2,40,華南永昌-竹北,2023-12-05,9339
3707,漢磊,45,5,40,華南永昌-竹北,2023-12-05,9339
4906,正文,40,0,40,華南永昌-竹北,2023-12-05,9339
5425,台半,34,0,34,華南永昌-竹北,2023-12-05,9339
4167,松瑞藥,51,18,33,華南永昌-竹北,2023-12-05,9339
2353,宏��,32,0,32,華南永昌-竹北,2023-12-05,9339
2634,漢翔,32,0,32,華南永昌-竹北,2023-12-05,9339
2486,一詮,31,1,30,華南永昌-竹北,2023-12-05,9339
1785,光洋科,27,0,27,華南永昌-竹北,2023-12-05,9339
00687B,國泰20年美債,26,0,26,華南永昌-竹北,2023-12-05,9339
00878,國泰永續高股息,25,1,24,華南永昌-竹北,2023-12-05,9339
2369,菱生,26,2,24,華南永昌-竹北,2023-12-05,9339
8936,國統,23,1,22,華南永昌-竹北,2023-12-05,9339
5347,世界,23,3,20,華南永昌-竹北,2023-12-05,9339
3481,群創,21,1,20,華南永昌-竹北,2023-12-05,9339
4116,明基醫,20,0,20,華南永昌-竹北,2023-12-05,9339
2352,佳世達,18,0,18,華南永昌-竹北,2023-12-05,9339
4162,智擎,18,0,18,華南永昌-竹北,2023-12-05,9339
2303,聯電,19,1,18,華南永昌-竹北,2023-12-05,9339
00751B,元大AAA至A公司債,22,4,18,華南永昌-竹北,2023-12-05,9339
3231,緯創,41,25,16,華南永昌-竹北,2023-12-05,9339
00720B,元大投資級公司債,16,0,16,華南永昌-竹北,2023-12-05,9339
2605,新興,308,293,15,華南永昌-竹北,2023-12-05,9339
00933B,國泰10Y+金融債,15,0,15,華南永昌-竹北,2023-12-05,9339
4121,優盛,15,0,15,華南永昌-竹北,2023-12-05,9339
4123,晟德,15,0,15,華南永昌-竹北,2023-12-05,9339
6693,廣閎科,14,0,14,華南永昌-竹北,2023-12-05,9339
2606,裕民,105,91,14,華南永昌-竹北,2023-12-05,9339
6482,弘煜科,13,0,13,華南永昌-竹北,2023-12-05,9339
1417,嘉裕,13,0,13,華南永昌-竹北,2023-12-05,9339
00850,元大臺灣ESG永續,12,0,12,華南永昌-竹北,2023-12-05,9339
6188,廣明,12,0,12,華南永昌-竹北,2023-12-05,9339
2354,鴻準,11,0,11,華南永昌-竹北,2023-12-05,9339
6125,廣運,13,3,10,華南永昌-竹北,2023-12-05,9339
5608,四維航,71,61,10,華南永昌-竹北,2023-12-05,9339
2888,新光金,11,1,10,華南永昌-竹北,2023-12-05,9339
00795B,中信美國公債20年,10,0,10,華南永昌-竹北,2023-12-05,9339
2376,技嘉,15,5,10,華南永昌-竹北,2023-12-05,9339
2397,友通,10,0,10,華南永昌-竹北,2023-12-05,9339
9945,潤泰新,185,0,185,華南永昌-竹北,2023-12-06,9339
00937B,群益ESG投等債20,151,0,151,華南永昌-竹北,2023-12-06,9339
6188,廣明,231,84,147,華南永昌-竹北,2023-12-06,9339
3715,定穎投控,153,27,126,華南永昌-竹北,2023-12-06,9339
2313,華通,167,53,114,華南永昌-竹北,2023-12-06,9339
2915,潤泰全,125,26,99,華南永昌-竹北,2023-12-06,9339
2206,三陽工業,91,1,90,華南永昌-竹北,2023-12-06,9339
6770,力積電,90,0,90,華南永昌-竹北,2023-12-06,9339
4968,立積,118,41,77,華南永昌-竹北,2023-12-06,9339
1905,華紙,75,0,75,華南永昌-竹北,2023-12-06,9339
6531,愛普*,84,12,72,華南永昌-竹北,2023-12-06,9339
00720B,元大投資級公司債,67,2,65,華南永昌-竹北,2023-12-06,9339
2472,立隆電,64,1,63,華南永昌-竹北,2023-12-06,9339
8936,國統,72,12,60,華南永昌-竹北,2023-12-06,9339
00679B,元大美債20年,54,0,54,華南永昌-竹北,2023-12-06,9339
5009,榮剛,50,1,49,華南永昌-竹北,2023-12-06,9339
00637L,元大滬深300正2,53,10,43,華南永昌-竹北,2023-12-06,9339
2888,新光金,43,0,43,華南永昌-竹北,2023-12-06,9339
3231,緯創,62,20,42,華南永昌-竹北,2023-12-06,9339
00687B,國泰20年美債,32,0,32,華南永昌-竹北,2023-12-06,9339
1525,江申,30,0,30,華南永昌-竹北,2023-12-06,9339
5292,華懋,31,1,30,華南永昌-竹北,2023-12-06,9339
3037,欣興,29,0,29,華南永昌-竹北,2023-12-06,9339
6271,同欣電,28,0,28,華南永昌-竹北,2023-12-06,9339
00751B,元大AAA至A公司債,29,1,28,華南永昌-竹北,2023-12-06,9339
6443,元晶,34,7,27,華南永昌-竹北,2023-12-06,9339
00919,群益台灣精選高息,31,5,26,華南永昌-竹北,2023-12-06,9339
4906,正文,65,40,25,華南永昌-竹北,2023-12-06,9339
1529,樂事綠能,50,26,24,華南永昌-竹北,2023-12-06,9339
6456,GIS-KY,22,0,22,華南永昌-竹北,2023-12-06,9339
3624,光頡,20,0,20,華南永昌-竹北,2023-12-06,9339
6175,立敦,20,0,20,華南永昌-竹北,2023-12-06,9339
3265,台星科,20,1,19,華南永昌-竹北,2023-12-06,9339
5347,世界,28,9,19,華南永昌-竹北,2023-12-06,9339
3454,晶睿,22,4,18,華南永昌-竹北,2023-12-06,9339
6446,藥華藥,24,6,18,華南永昌-竹北,2023-12-06,9339
3003,健和興,16,0,16,華南永昌-竹北,2023-12-06,9339
1514,亞力,38,23,15,華南永昌-竹北,2023-12-06,9339
1432,大魯閣,15,0,15,華南永昌-竹北,2023-12-06,9339
1785,光洋科,14,0,14,華南永昌-竹北,2023-12-06,9339
4919,新唐,16,2,14,華南永昌-竹北,2023-12-06,9339
4116,明基醫,12,0,12,華南永昌-竹北,2023-12-06,9339
4915,致伸,11,0,11,華南永昌-竹北,2023-12-06,9339
3390,旭軟,21,10,11,華南永昌-竹北,2023-12-06,9339
00633L,富邦上証正2,86,76,10,華南永昌-竹北,2023-12-06,9339
2611,志信,18,8,10,華南永昌-竹北,2023-12-06,9339
2855,統一證,10,0,10,華南永昌-竹北,2023-12-06,9339
9919,康那香,18,8,10,華南永昌-竹北,2023-12-06,9339
3236,千如,10,0,10,華南永昌-竹北,2023-12-06,9339
00713,元大台灣高息低波,10,0,10,華南永昌-竹北,2023-12-06,9339
00795B,中信美國公債20年,200,0,200,華南永昌-竹北,2023-12-07,9339
1815,富喬,150,0,150,華南永昌-竹北,2023-12-07,9339
1612,宏泰,170,20,150,華南永昌-竹北,2023-12-07,9339
00637L,元大滬深300正2,98,0,98,華南永昌-竹北,2023-12-07,9339
2891,中信金,82,2,80,華南永昌-竹北,2023-12-07,9339
00919,群益台灣精選高息,80,0,80,華南永昌-竹北,2023-12-07,9339
6695,芯鼎,71,1,70,華南永昌-竹北,2023-12-07,9339
00937B,群益ESG投等債20,63,4,59,華南永昌-竹北,2023-12-07,9339
6870,騰雲,56,0,56,華南永昌-竹北,2023-12-07,9339
2606,裕民,83,29,54,華南永昌-竹北,2023-12-07,9339
6120,達運,50,0,50,華南永昌-竹北,2023-12-07,9339
00687B,國泰20年美債,48,0,48,華南永昌-竹北,2023-12-07,9339
00679B,元大美債20年,47,0,47,華南永昌-竹北,2023-12-07,9339
00933B,國泰10Y+金融債,47,0,47,華南永昌-竹北,2023-12-07,9339
6462,神盾,84,43,41,華南永昌-竹北,2023-12-07,9339
5292,華懋,40,0,40,華南永昌-竹北,2023-12-07,9339
6112,邁達特,42,4,38,華南永昌-竹北,2023-12-07,9339
2605,新興,44,9,35,華南永昌-竹北,2023-12-07,9339
2367,燿華,92,58,34,華南永昌-竹北,2023-12-07,9339
8936,國統,45,13,32,華南永昌-竹北,2023-12-07,9339
00720B,元大投資級公司債,30,0,30,華南永昌-竹北,2023-12-07,9339
00751B,元大AAA至A公司債,30,1,29,華南永昌-竹北,2023-12-07,9339
6175,立敦,26,0,26,華南永昌-竹北,2023-12-07,9339
4968,立積,26,1,25,華南永昌-竹北,2023-12-07,9339
2641,正德,54,33,21,華南永昌-竹北,2023-12-07,9339
2399,映泰,35,14,21,華南永昌-竹北,2023-12-07,9339
3491,昇達科,21,1,20,華南永昌-竹北,2023-12-07,9339
5439,高技,20,0,20,華南永昌-竹北,2023-12-07,9339
2436,偉詮電,21,1,20,華南永昌-竹北,2023-12-07,9339
00929,復華台灣科技優息,20,2,18,華南永昌-竹北,2023-12-07,9339
1532,勤美,18,0,18,華南永昌-竹北,2023-12-07,9339
5209,新鼎,15,0,15,華南永昌-竹北,2023-12-07,9339
1609,大亞,21,8,13,華南永昌-竹北,2023-12-07,9339
6742,澤米,13,0,13,華南永昌-竹北,2023-12-07,9339
2211,長榮鋼,12,0,12,華南永昌-竹北,2023-12-07,9339
2344,華邦電,12,0,12,華南永昌-竹北,2023-12-07,9339
3265,台星科,12,0,12,華南永昌-竹北,2023-12-07,9339
6125,廣運,12,1,11,華南永昌-竹北,2023-12-07,9339
2465,麗臺,11,0,11,華南永昌-竹北,2023-12-07,9339
6237,驊訊,44,33,11,華南永昌-竹北,2023-12-07,9339
00665L,富邦�琤肭磪囓�2,11,1,10,華南永昌-竹北,2023-12-07,9339
2353,宏��,10,0,10,華南永昌-竹北,2023-12-07,9339
3518,柏騰,10,0,10,華南永昌-竹北,2023-12-07,9339
5608,四維航,12,2,10,華南永昌-竹北,2023-12-07,9339
6288,聯嘉,10,0,10,華南永昌-竹北,2023-12-07,9339
2476,鉅祥,10,0,10,華南永昌-竹北,2023-12-07,9339
8096,擎亞,9,0,9,華南永昌-竹北,2023-12-07,9339
00931B,統一美債20年,9,0,9,華南永昌-竹北,2023-12-07,9339
2617,台航,30,21,9,華南永昌-竹北,2023-12-07,9339
2365,昆盈,10,1,9,華南永昌-竹北,2023-12-07,9339
00687B,國泰20年美債,359,0,359,華南永昌-竹北,2023-12-08,9339
6213,聯茂,133,0,133,華南永昌-竹北,2023-12-08,9339
00730,富邦臺灣優質高息,100,0,100,華南永昌-竹北,2023-12-08,9339
3290,東浦,102,2,100,華南永昌-竹北,2023-12-08,9339
6188,廣明,90,4,86,華南永昌-竹北,2023-12-08,9339
5347,世界,82,6,76,華南永昌-竹北,2023-12-08,9339
6695,芯鼎,75,4,71,華南永昌-竹北,2023-12-08,9339
6205,詮欣,70,0,70,華南永昌-竹北,2023-12-08,9339
3515,華擎,72,5,67,華南永昌-竹北,2023-12-08,9339
5009,榮剛,66,2,64,華南永昌-竹北,2023-12-08,9339
8054,安國,81,25,56,華南永昌-竹北,2023-12-08,9339
00720B,元大投資級公司債,54,0,54,華南永昌-竹北,2023-12-08,9339
6120,達運,54,0,54,華南永昌-竹北,2023-12-08,9339
2211,長榮鋼,51,0,51,華南永昌-竹北,2023-12-08,9339
3037,欣興,65,15,50,華南永昌-竹北,2023-12-08,9339
2881,富邦金,42,0,42,華南永昌-竹北,2023-12-08,9339
6005,群益證,40,0,40,華南永昌-竹北,2023-12-08,9339
4968,立積,34,4,30,華南永昌-竹北,2023-12-08,9339
00919,群益台灣精選高息,30,0,30,華南永昌-竹北,2023-12-08,9339
3234,光環,28,0,28,華南永昌-竹北,2023-12-08,9339
00937B,群益ESG投等債20,28,0,28,華南永昌-竹北,2023-12-08,9339
2382,廣達,104,78,26,華南永昌-竹北,2023-12-08,9339
1760,寶齡富錦,24,0,24,華南永昌-竹北,2023-12-08,9339
3499,環天科,22,0,22,華南永昌-竹北,2023-12-08,9339
4919,新唐,22,0,22,華南永昌-竹北,2023-12-08,9339
2618,長榮航,23,2,21,華南永昌-竹北,2023-12-08,9339
3231,緯創,44,24,20,華南永昌-竹北,2023-12-08,9339
4768,晶呈科技,20,0,20,華南永昌-竹北,2023-12-08,9339
6271,同欣電,27,7,20,華南永昌-竹北,2023-12-08,9339
2201,裕隆,16,0,16,華南永昌-竹北,2023-12-08,9339
6237,驊訊,16,1,15,華南永昌-竹北,2023-12-08,9339
8261,富鼎,15,0,15,華南永昌-竹北,2023-12-08,9339
00751B,元大AAA至A公司債,15,0,15,華南永昌-竹北,2023-12-08,9339
2449,京元電子,12,0,12,華南永昌-竹北,2023-12-08,9339
00931B,統一美債20年,16,4,12,華南永昌-竹北,2023-12-08,9339
2913,農林,12,0,12,華南永昌-竹北,2023-12-08,9339
00679B,元大美債20年,13,2,11,華南永昌-竹北,2023-12-08,9339
2455,全新,11,0,11,華南永昌-竹北,2023-12-08,9339
3046,建��,11,0,11,華南永昌-竹北,2023-12-08,9339
00665L,富邦�琤肭磪囓�2,21,11,10,華南永昌-竹北,2023-12-08,9339
2025,千興,10,0,10,華南永昌-竹北,2023-12-08,9339
2208,台船,10,0,10,華南永昌-竹北,2023-12-08,9339
3207,耀勝,10,0,10,華南永昌-竹北,2023-12-08,9339
3706,神達,44,34,10,華南永昌-竹北,2023-12-08,9339
4116,明基醫,10,0,10,華南永昌-竹北,2023-12-08,9339
4137,麗豐-KY,10,0,10,華南永昌-竹北,2023-12-08,9339
9950,萬國通,10,0,10,華南永昌-竹北,2023-12-08,9339
6443,元晶,13,3,10,華南永昌-竹北,2023-12-08,9339
1529,樂事綠能,16,7,9,華南永昌-竹北,2023-12-08,9339
1532,勤美,9,0,9,華南永昌-竹北,2023-12-08,9339
00687B,國泰20年美債,309,0,309,華南永昌-竹北,2023-12-11,9339
2615,萬海,244,19,225,華南永昌-竹北,2023-12-11,9339
00637L,元大滬深300正2,155,0,155,華南永昌-竹北,2023-12-11,9339
2382,廣達,208,54,154,華南永昌-竹北,2023-12-11,9339
8054,安國,139,7,132,華南永昌-竹北,2023-12-11,9339
6282,康舒,132,34,98,華南永昌-竹北,2023-12-11,9339
2376,技嘉,164,69,95,華南永昌-竹北,2023-12-11,9339
3037,欣興,71,7,64,華南永昌-竹北,2023-12-11,9339
00919,群益台灣精選高息,64,3,61,華南永昌-竹北,2023-12-11,9339
4102,永日,71,13,58,華南永昌-竹北,2023-12-11,9339
00756B,群益投等新興公債,50,0,50,華南永昌-竹北,2023-12-11,9339
3003,健和興,37,0,37,華南永昌-竹北,2023-12-11,9339
8299,群聯,36,0,36,華南永昌-竹北,2023-12-11,9339
00751B,元大AAA至A公司債,34,0,34,華南永昌-竹北,2023-12-11,9339
3231,緯創,134,101,33,華南永昌-竹北,2023-12-11,9339
6120,達運,29,0,29,華南永昌-竹北,2023-12-11,9339
2888,新光金,31,3,28,華南永昌-竹北,2023-12-11,9339
3308,聯德,25,0,25,華南永昌-竹北,2023-12-11,9339
6531,愛普*,25,0,25,華南永昌-竹北,2023-12-11,9339
00679B,元大美債20年,23,0,23,華南永昌-竹北,2023-12-11,9339
6175,立敦,23,0,23,華南永昌-竹北,2023-12-11,9339
00720B,元大投資級公司債,22,0,22,華南永昌-竹北,2023-12-11,9339
00927,群益半導體收益,20,0,20,華南永昌-竹北,2023-12-11,9339
1714,和桐,20,0,20,華南永昌-竹北,2023-12-11,9339
2739,寒舍,20,0,20,華南永昌-竹北,2023-12-11,9339
6163,華電網,20,0,20,華南永昌-竹北,2023-12-11,9339
2812,台中銀,20,0,20,華南永昌-竹北,2023-12-11,9339
2388,威盛,59,40,19,華南永昌-竹北,2023-12-11,9339
00882,中信中國高股息,17,0,17,華南永昌-竹北,2023-12-11,9339
3234,光環,16,0,16,華南永昌-竹北,2023-12-11,9339
0050,元大台灣50,15,0,15,華南永昌-竹北,2023-12-11,9339
2618,長榮航,15,0,15,華南永昌-竹北,2023-12-11,9339
00878,國泰永續高股息,14,0,14,華南永昌-竹北,2023-12-11,9339
6125,廣運,17,3,14,華南永昌-竹北,2023-12-11,9339
6005,群益證,14,0,14,華南永昌-竹北,2023-12-11,9339
3044,健鼎,13,0,13,華南永昌-竹北,2023-12-11,9339
3268,海德威,13,0,13,華南永昌-竹北,2023-12-11,9339
1519,華城,29,16,13,華南永昌-竹北,2023-12-11,9339
00937B,群益ESG投等債20,12,0,12,華南永昌-竹北,2023-12-11,9339
3709,鑫聯大投控,12,0,12,華南永昌-竹北,2023-12-11,9339
00665L,富邦�琤肭磪囓�2,15,4,11,華南永昌-竹北,2023-12-11,9339
1524,耿鼎,45,34,11,華南永昌-竹北,2023-12-11,9339
5511,德昌,11,0,11,華南永昌-竹北,2023-12-11,9339
6257,矽格,12,2,10,華南永昌-竹北,2023-12-11,9339
2617,台航,10,0,10,華南永昌-竹北,2023-12-11,9339
3025,星通,11,2,9,華南永昌-竹北,2023-12-11,9339
3050,鈺德,10,1,9,華南永昌-竹北,2023-12-11,9339
2317,鴻海,121,112,9,華南永昌-竹北,2023-12-11,9339
6112,邁達特,11,2,9,華南永昌-竹北,2023-12-11,9339
1618,合機,21,12,9,華南永昌-竹北,2023-12-11,9339
8054,安國,217,16,201,華南永昌-竹北,2023-12-12,9339
2425,承啟,114,1,113,華南永昌-竹北,2023-12-12,9339
00919,群益台灣精選高息,116,40,76,華南永昌-竹北,2023-12-12,9339
6937,天虹,69,1,68,華南永昌-竹北,2023-12-12,9339
3037,欣興,65,0,65,華南永昌-竹北,2023-12-12,9339
2352,佳世達,57,1,56,華南永昌-竹北,2023-12-12,9339
6112,邁達特,58,7,51,華南永昌-竹北,2023-12-12,9339
9927,泰銘,41,0,41,華南永昌-竹北,2023-12-12,9339
2886,兆豐金,31,0,31,華南永昌-竹北,2023-12-12,9339
3005,神基,34,4,30,華南永昌-竹北,2023-12-12,9339
3324,雙鴻,32,2,30,華南永昌-竹北,2023-12-12,9339
3622,洋華,30,0,30,華南永昌-竹北,2023-12-12,9339
4967,十銓,56,26,30,華南永昌-竹北,2023-12-12,9339
1618,合機,56,32,24,華南永昌-竹北,2023-12-12,9339
00687B,國泰20年美債,23,0,23,華南永昌-竹北,2023-12-12,9339
5347,世界,28,6,22,華南永昌-竹北,2023-12-12,9339
00929,復華台灣科技優息,60,39,21,華南永昌-竹北,2023-12-12,9339
6205,詮欣,30,10,20,華南永昌-竹北,2023-12-12,9339
00937B,群益ESG投等債20,20,1,19,華南永昌-竹北,2023-12-12,9339
3338,泰碩,20,1,19,華南永昌-竹北,2023-12-12,9339
4908,前鼎,32,13,19,華南永昌-竹北,2023-12-12,9339
1513,中興電,18,0,18,華南永昌-竹北,2023-12-12,9339
2313,華通,26,8,18,華南永昌-竹北,2023-12-12,9339
00918,大華優利高填息30,19,3,16,華南永昌-竹北,2023-12-12,9339
2201,裕隆,15,0,15,華南永昌-竹北,2023-12-12,9339
2340,台亞,15,0,15,華南永昌-竹北,2023-12-12,9339
4114,健喬,15,1,14,華南永昌-竹北,2023-12-12,9339
00680L,元大美債20正2,16,4,12,華南永昌-竹北,2023-12-12,9339
2419,仲琦,14,2,12,華南永昌-竹北,2023-12-12,9339
2382,廣達,31,20,11,華南永昌-竹北,2023-12-12,9339
3234,光環,11,0,11,華南永昌-竹北,2023-12-12,9339
00688L,國泰20年美債正2,11,0,11,華南永昌-竹北,2023-12-12,9339
5344,立衛,11,0,11,華南永昌-竹北,2023-12-12,9339
3305,昇貿,11,0,11,華南永昌-竹北,2023-12-12,9339
2883,凱基金,10,0,10,華南永昌-竹北,2023-12-12,9339
3081,聯亞,10,0,10,華南永昌-竹北,2023-12-12,9339
2606,裕民,10,0,10,華南永昌-竹北,2023-12-12,9339
8034,榮群,12,2,10,華南永昌-竹北,2023-12-12,9339
6596,寬宏藝術,10,0,10,華南永昌-竹北,2023-12-12,9339
00878,國泰永續高股息,12,3,9,華南永昌-竹北,2023-12-12,9339
2888,新光金,9,0,9,華南永昌-竹北,2023-12-12,9339
1710,東聯,10,1,9,華南永昌-竹北,2023-12-12,9339
2356,英業達,10,1,9,華南永昌-竹北,2023-12-12,9339
2634,漢翔,10,1,9,華南永昌-竹北,2023-12-12,9339
8155,博智,9,0,9,華南永昌-竹北,2023-12-12,9339
5009,榮剛,12,4,8,華南永昌-竹北,2023-12-12,9339
6143,振曜,8,0,8,華南永昌-竹北,2023-12-12,9339
00772B,中信高評級公司債,6,0,6,華南永昌-竹北,2023-12-12,9339
4919,新唐,6,0,6,華南永昌-竹北,2023-12-12,9339
6271,同欣電,6,0,6,華南永昌-竹北,2023-12-12,9339
2313,華通,545,55,490,華南永昌-竹北,2023-12-13,9339
3035,智原,261,15,246,華南永昌-竹北,2023-12-13,9339
2201,裕隆,197,36,161,華南永昌-竹北,2023-12-13,9339
00637L,元大滬深300正2,115,10,105,華南永昌-竹北,2023-12-13,9339
00715L,期街口布蘭特正2,102,0,102,華南永昌-竹北,2023-12-13,9339
1815,富喬,142,40,102,華南永昌-竹北,2023-12-13,9339
2367,燿華,92,0,92,華南永昌-竹北,2023-12-13,9339
1609,大亞,78,0,78,華南永昌-竹北,2023-12-13,9339
2472,立隆電,63,0,63,華南永昌-竹北,2023-12-13,9339
00937B,群益ESG投等債20,53,0,53,華南永昌-竹北,2023-12-13,9339
00927,群益半導體收益,50,0,50,華南永昌-竹北,2023-12-13,9339
4958,臻鼎-KY,54,9,45,華南永昌-竹北,2023-12-13,9339
4147,中裕,44,0,44,華南永昌-竹北,2023-12-13,9339
1603,華電,40,0,40,華南永昌-竹北,2023-12-13,9339
3715,定穎投控,37,6,31,華南永昌-竹北,2023-12-13,9339
2356,英業達,50,21,29,華南永昌-竹北,2023-12-13,9339
00919,群益台灣精選高息,27,0,27,華南永昌-竹北,2023-12-13,9339
00929,復華台灣科技優息,52,29,23,華南永昌-竹北,2023-12-13,9339
2476,鉅祥,23,0,23,華南永昌-竹北,2023-12-13,9339
3623,富晶通,25,2,23,華南永昌-竹北,2023-12-13,9339
00665L,富邦�琤肭磪囓�2,32,10,22,華南永昌-竹北,2023-12-13,9339
2641,正德,46,25,21,華南永昌-竹北,2023-12-13,9339
4102,永日,21,0,21,華南永昌-竹北,2023-12-13,9339
3362,先進光,22,2,20,華南永昌-竹北,2023-12-13,9339
1417,嘉裕,20,0,20,華南永昌-竹北,2023-12-13,9339
8011,台通,22,3,19,華南永昌-竹北,2023-12-13,9339
3257,虹冠電,18,0,18,華南永昌-竹北,2023-12-13,9339
2352,佳世達,73,56,17,華南永昌-竹北,2023-12-13,9339
00751B,元大AAA至A公司債,15,0,15,華南永昌-竹北,2023-12-13,9339
00712,復華富時不動產,17,3,14,華南永昌-竹北,2023-12-13,9339
00918,大華優利高填息30,14,0,14,華南永昌-竹北,2023-12-13,9339
3308,聯德,20,6,14,華南永昌-竹北,2023-12-13,9339
4909,新復興,17,5,12,華南永昌-竹北,2023-12-13,9339
00642U,期元大S＆P石油,12,0,12,華南永昌-竹北,2023-12-13,9339
00720B,元大投資級公司債,12,1,11,華南永昌-竹北,2023-12-13,9339
6109,亞元,11,0,11,華南永昌-竹北,2023-12-13,9339
3207,耀勝,10,0,10,華南永昌-竹北,2023-12-13,9339
2481,強茂,10,0,10,華南永昌-竹北,2023-12-13,9339
3032,偉訓,10,0,10,華南永昌-竹北,2023-12-13,9339
3036,文曄,10,0,10,華南永昌-竹北,2023-12-13,9339
6205,詮欣,10,0,10,華南永昌-竹北,2023-12-13,9339
6462,神盾,12,2,10,華南永昌-竹北,2023-12-13,9339
2516,新建,10,1,9,華南永昌-竹北,2023-12-13,9339
2630,亞航,12,3,9,華南永昌-竹北,2023-12-13,9339
3086,華義,13,4,9,華南永昌-竹北,2023-12-13,9339
00687B,國泰20年美債,8,0,8,華南永昌-竹北,2023-12-13,9339
2609,陽明,25,17,8,華南永昌-竹北,2023-12-13,9339
00933B,國泰10Y+金融債,8,1,7,華南永昌-竹北,2023-12-13,9339
2455,全新,7,0,7,華南永昌-竹北,2023-12-13,9339
2457,飛宏,7,0,7,華南永昌-竹北,2023-12-13,9339
00919,群益台灣精選高息,271,18,253,華南永昌-竹北,2023-12-14,9339
2363,矽統,241,47,194,華南永昌-竹北,2023-12-14,9339
2313,華通,631,461,170,華南永昌-竹北,2023-12-14,9339
3005,神基,169,5,164,華南永昌-竹北,2023-12-14,9339
2915,潤泰全,151,0,151,華南永昌-竹北,2023-12-14,9339
6188,廣明,136,6,130,華南永昌-竹北,2023-12-14,9339
5425,台半,158,50,108,華南永昌-竹北,2023-12-14,9339
00637L,元大滬深300正2,186,80,106,華南永昌-竹北,2023-12-14,9339
3706,神達,98,13,85,華南永昌-竹北,2023-12-14,9339
8110,華東,101,20,81,華南永昌-竹北,2023-12-14,9339
6175,立敦,80,0,80,華南永昌-竹北,2023-12-14,9339
8068,全達,73,3,70,華南永昌-竹北,2023-12-14,9339
00680L,元大美債20正2,56,0,56,華南永昌-竹北,2023-12-14,9339
00679B,元大美債20年,51,0,51,華南永昌-竹北,2023-12-14,9339
2880,華南金,60,10,50,華南永昌-竹北,2023-12-14,9339
2329,華泰,145,97,48,華南永昌-竹北,2023-12-14,9339
2884,玉山金,48,0,48,華南永昌-竹北,2023-12-14,9339
00713,元大台灣高息低波,41,1,40,華南永昌-竹北,2023-12-14,9339
00632R,元大台灣50反1,40,1,39,華南永昌-竹北,2023-12-14,9339
00934,中信成長高股息,39,0,39,華南永昌-竹北,2023-12-14,9339
00687B,國泰20年美債,37,1,36,華南永昌-竹北,2023-12-14,9339
00918,大華優利高填息30,35,0,35,華南永昌-竹北,2023-12-14,9339
3035,智原,62,27,35,華南永昌-竹北,2023-12-14,9339
3324,雙鴻,38,3,35,華南永昌-竹北,2023-12-14,9339
6449,鈺邦,34,0,34,華南永昌-竹北,2023-12-14,9339
2368,金像電,50,18,32,華南永昌-竹北,2023-12-14,9339
3017,奇鋐,46,18,28,華南永昌-竹北,2023-12-14,9339
5269,祥碩,26,0,26,華南永昌-竹北,2023-12-14,9339
2365,昆盈,41,16,25,華南永昌-竹北,2023-12-14,9339
8097,常珵,25,0,25,華南永昌-竹北,2023-12-14,9339
2382,廣達,27,2,25,華南永昌-竹北,2023-12-14,9339
2425,承啟,30,6,24,華南永昌-竹北,2023-12-14,9339
3380,明泰,26,2,24,華南永昌-竹北,2023-12-14,9339
2474,可成,22,0,22,華南永昌-竹北,2023-12-14,9339
5426,振發,43,24,19,華南永昌-竹北,2023-12-14,9339
00720B,元大投資級公司債,18,0,18,華南永昌-竹北,2023-12-14,9339
4102,永日,20,2,18,華南永昌-竹北,2023-12-14,9339
1609,大亞,30,13,17,華南永昌-竹北,2023-12-14,9339
00936,台新永續高息中小,16,0,16,華南永昌-竹北,2023-12-14,9339
6937,天虹,17,3,14,華南永昌-竹北,2023-12-14,9339
6127,九豪,15,2,13,華南永昌-竹北,2023-12-14,9339
2883,凱基金,14,1,13,華南永昌-竹北,2023-12-14,9339
1514,亞力,51,39,12,華南永昌-竹北,2023-12-14,9339
4939,亞電,18,7,11,華南永昌-竹北,2023-12-14,9339
00751B,元大AAA至A公司債,22,11,11,華南永昌-竹北,2023-12-14,9339
2634,漢翔,11,0,11,華南永昌-竹北,2023-12-14,9339
2476,鉅祥,10,0,10,華南永昌-竹北,2023-12-14,9339
3207,耀勝,10,0,10,華南永昌-竹北,2023-12-14,9339
8054,安國,28,18,10,華南永昌-竹北,2023-12-14,9339
2601,益航,10,1,9,華南永昌-竹北,2023-12-14,9339
2313,華通,531,13,518,華南永昌-竹北,2023-12-15,9339
2356,英業達,741,499,242,華南永昌-竹北,2023-12-15,9339
3231,緯創,206,3,203,華南永昌-竹北,2023-12-15,9339
2367,燿華,200,43,157,華南永昌-竹北,2023-12-15,9339
5425,台半,217,83,134,華南永昌-竹北,2023-12-15,9339
4306,炎洲,104,2,102,華南永昌-竹北,2023-12-15,9339
9945,潤泰新,100,0,100,華南永昌-竹北,2023-12-15,9339
00937B,群益ESG投等債20,80,1,79,華南永昌-竹北,2023-12-15,9339
00919,群益台灣精選高息,121,42,79,華南永昌-竹北,2023-12-15,9339
1503,士電,68,8,60,華南永昌-竹北,2023-12-15,9339
6188,廣明,55,0,55,華南永昌-竹北,2023-12-15,9339
00680L,元大美債20正2,53,0,53,華南永昌-竹北,2023-12-15,9339
1603,華電,40,0,40,華南永昌-竹北,2023-12-15,9339
00918,大華優利高填息30,37,0,37,華南永昌-竹北,2023-12-15,9339
00673R,期元大S＆P原油反1,35,0,35,華南永昌-竹北,2023-12-15,9339
00679B,元大美債20年,45,11,34,華南永昌-竹北,2023-12-15,9339
2201,裕隆,40,7,33,華南永昌-竹北,2023-12-15,9339
2329,華泰,42,14,28,華南永昌-竹北,2023-12-15,9339
6695,芯鼎,28,0,28,華南永昌-竹北,2023-12-15,9339
8068,全達,28,0,28,華南永昌-竹北,2023-12-15,9339
6937,天虹,41,15,26,華南永昌-竹北,2023-12-15,9339
3265,台星科,27,1,26,華南永昌-竹北,2023-12-15,9339
3034,聯詠,26,2,24,華南永昌-竹北,2023-12-15,9339
4102,永日,23,0,23,華南永昌-竹北,2023-12-15,9339
00687B,國泰20年美債,25,3,22,華南永昌-竹北,2023-12-15,9339
00688L,國泰20年美債正2,20,0,20,華南永昌-竹北,2023-12-15,9339
00706L,期元大S＆P日圓正2,20,0,20,華南永昌-竹北,2023-12-15,9339
00637L,元大滬深300正2,20,0,20,華南永昌-竹北,2023-12-15,9339
2402,毅嘉,20,0,20,華南永昌-竹北,2023-12-15,9339
6127,九豪,21,3,18,華南永昌-竹北,2023-12-15,9339
8054,安國,25,7,18,華南永昌-竹北,2023-12-15,9339
00878,國泰永續高股息,18,1,17,華南永昌-竹北,2023-12-15,9339
3149,正達,18,1,17,華南永昌-竹北,2023-12-15,9339
3324,雙鴻,19,3,16,華南永昌-竹北,2023-12-15,9339
5269,祥碩,16,0,16,華南永昌-竹北,2023-12-15,9339
5344,立衛,15,0,15,華南永昌-竹北,2023-12-15,9339
2383,台光電,14,1,13,華南永昌-竹北,2023-12-15,9339
2949,欣新網,13,1,12,華南永昌-竹北,2023-12-15,9339
3035,智原,98,86,12,華南永昌-竹北,2023-12-15,9339
1802,台玻,13,2,11,華南永昌-竹北,2023-12-15,9339
4743,合一,10,0,10,華南永昌-竹北,2023-12-15,9339
00632R,元大台灣50反1,10,0,10,華南永昌-竹北,2023-12-15,9339
3062,建漢,10,0,10,華南永昌-竹北,2023-12-15,9339
3706,神達,20,10,10,華南永昌-竹北,2023-12-15,9339
5351,鈺創,13,3,10,華南永昌-竹北,2023-12-15,9339
5608,四維航,10,0,10,華南永昌-竹北,2023-12-15,9339
6472,保瑞,11,1,10,華南永昌-竹北,2023-12-15,9339
00929,復華台灣科技優息,112,102,10,華南永昌-竹北,2023-12-15,9339
2883,凱基金,12,4,8,華南永昌-竹北,2023-12-15,9339
00888,永豐台灣ESG,10,2,8,華南永昌-竹北,2023-12-15,9339
2913,農林,154,2,152,華南永昌-竹北,2023-12-18,9339
00919,群益台灣精選高息,162,18,144,華南永昌-竹北,2023-12-18,9339
1905,華紙,155,51,104,華南永昌-竹北,2023-12-18,9339
2609,陽明,486,400,86,華南永昌-竹北,2023-12-18,9339
1307,三芳,85,0,85,華南永昌-竹北,2023-12-18,9339
00680L,元大美債20正2,126,55,71,華南永昌-竹北,2023-12-18,9339
5521,工信,70,0,70,華南永昌-竹北,2023-12-18,9339
2313,華通,87,19,68,華南永昌-竹北,2023-12-18,9339
6937,天虹,67,0,67,華南永昌-竹北,2023-12-18,9339
00665L,富邦�琤肭磪囓�2,60,0,60,華南永昌-竹北,2023-12-18,9339
00679B,元大美債20年,62,8,54,華南永昌-竹北,2023-12-18,9339
3003,健和興,49,0,49,華南永昌-竹北,2023-12-18,9339
3037,欣興,47,1,46,華南永昌-竹北,2023-12-18,9339
00688L,國泰20年美債正2,39,0,39,華南永昌-竹北,2023-12-18,9339
3454,晶睿,35,0,35,華南永昌-竹北,2023-12-18,9339
00931B,統一美債20年,31,1,30,華南永昌-竹北,2023-12-18,9339
2101,南港,30,3,27,華南永昌-竹北,2023-12-18,9339
2383,台光電,25,0,25,華南永昌-竹北,2023-12-18,9339
2031,新光鋼,69,44,25,華南永昌-竹北,2023-12-18,9339
6472,保瑞,26,1,25,華南永昌-竹北,2023-12-18,9339
1609,大亞,28,4,24,華南永昌-竹北,2023-12-18,9339
2201,裕隆,27,6,21,華南永昌-竹北,2023-12-18,9339
00687B,國泰20年美債,21,0,21,華南永昌-竹北,2023-12-18,9339
00637L,元大滬深300正2,21,0,21,華南永昌-竹北,2023-12-18,9339
00740B,富邦全球投等債,20,0,20,華南永昌-竹北,2023-12-18,9339
00725B,國泰投資級公司債,20,0,20,華南永昌-竹北,2023-12-18,9339
00706L,期元大S＆P日圓正2,20,0,20,華南永昌-竹北,2023-12-18,9339
00934,中信成長高股息,20,0,20,華南永昌-竹北,2023-12-18,9339
4162,智擎,20,0,20,華南永昌-竹北,2023-12-18,9339
00712,復華富時不動產,18,0,18,華南永昌-竹北,2023-12-18,9339
6213,聯茂,16,0,16,華南永昌-竹北,2023-12-18,9339
00918,大華優利高填息30,15,0,15,華南永昌-竹北,2023-12-18,9339
4968,立積,15,0,15,華南永昌-竹北,2023-12-18,9339
9962,有益,15,0,15,華南永昌-竹北,2023-12-18,9339
2356,英業達,69,56,13,華南永昌-竹北,2023-12-18,9339
1319,東陽,21,8,13,華南永昌-竹北,2023-12-18,9339
00720B,元大投資級公司債,12,0,12,華南永昌-竹北,2023-12-18,9339
00935,野村臺灣新科技50,12,0,12,華南永昌-竹北,2023-12-18,9339
1514,亞力,21,9,12,華南永昌-竹北,2023-12-18,9339
6462,神盾,31,20,11,華南永昌-竹北,2023-12-18,9339
0056,元大高股息,14,3,11,華南永昌-竹北,2023-12-18,9339
00922,國泰台灣領袖50,11,1,10,華南永昌-竹北,2023-12-18,9339
00937B,群益ESG投等債20,10,0,10,華南永昌-竹北,2023-12-18,9339
2867,三商壽,10,0,10,華南永昌-竹北,2023-12-18,9339
6122,擎邦,10,0,10,華南永昌-竹北,2023-12-18,9339
6494,九齊,10,0,10,華南永昌-竹北,2023-12-18,9339
00933B,國泰10Y+金融債,9,0,9,華南永昌-竹北,2023-12-18,9339
2329,華泰,15,6,9,華南永昌-竹北,2023-12-18,9339
6531,愛普*,9,0,9,華南永昌-竹北,2023-12-18,9339
6547,高端疫苗,9,0,9,華南永昌-竹北,2023-12-18,9339
00929,復華台灣科技優息,222,10,212,華南永昌-竹北,2023-12-19,9339
2313,華通,285,88,197,華南永昌-竹北,2023-12-19,9339
00927,群益半導體收益,110,0,110,華南永昌-竹北,2023-12-19,9339
00937B,群益ESG投等債20,103,0,103,華南永昌-竹北,2023-12-19,9339
3231,緯創,278,175,103,華南永昌-竹北,2023-12-19,9339
00923,群益台ESG低碳50,63,0,63,華南永昌-竹北,2023-12-19,9339
00671R,富邦NASDAQ反1,51,0,51,華南永昌-竹北,2023-12-19,9339
3704,合勤控,50,0,50,華南永昌-竹北,2023-12-19,9339
3265,台星科,60,23,37,華南永昌-竹北,2023-12-19,9339
00679B,元大美債20年,38,2,36,華南永昌-竹北,2023-12-19,9339
3006,晶豪科,60,24,36,華南永昌-竹北,2023-12-19,9339
4979,華星光,50,18,32,華南永昌-竹北,2023-12-19,9339
2356,英業達,91,62,29,華南永昌-竹北,2023-12-19,9339
2451,創見,28,0,28,華南永昌-竹北,2023-12-19,9339
00680L,元大美債20正2,27,0,27,華南永昌-竹北,2023-12-19,9339
5351,鈺創,32,7,25,華南永昌-竹北,2023-12-19,9339
00891,中信關鍵半導體,22,0,22,華南永昌-竹北,2023-12-19,9339
2609,陽明,268,247,21,華南永昌-竹北,2023-12-19,9339
2801,彰銀,23,3,20,華南永昌-竹北,2023-12-19,9339
00799B,國泰A級醫療債,20,0,20,華南永昌-竹北,2023-12-19,9339
2425,承啟,21,1,20,華南永昌-竹北,2023-12-19,9339
4102,永日,20,0,20,華南永昌-竹北,2023-12-19,9339
00878,國泰永續高股息,20,3,17,華南永昌-竹北,2023-12-19,9339
00687B,國泰20年美債,17,1,16,華南永昌-竹北,2023-12-19,9339
2303,聯電,18,2,16,華南永昌-竹北,2023-12-19,9339
00706L,期元大S＆P日圓正2,15,0,15,華南永昌-竹北,2023-12-19,9339
1815,富喬,15,0,15,華南永昌-竹北,2023-12-19,9339
2312,金寶,15,0,15,華南永昌-竹北,2023-12-19,9339
00934,中信成長高股息,15,1,14,華南永昌-竹北,2023-12-19,9339
2329,華泰,35,21,14,華南永昌-竹北,2023-12-19,9339
6531,愛普*,22,9,13,華南永昌-竹北,2023-12-19,9339
00935,野村臺灣新科技50,13,0,13,華南永昌-竹北,2023-12-19,9339
2888,新光金,11,0,11,華南永昌-竹北,2023-12-19,9339
5489,彩富,11,0,11,華南永昌-竹北,2023-12-19,9339
0052,富邦科技,10,0,10,華南永昌-竹北,2023-12-19,9339
00922,國泰台灣領袖50,10,0,10,華南永昌-竹北,2023-12-19,9339
3390,旭軟,10,0,10,華南永昌-竹北,2023-12-19,9339
6446,藥華藥,10,0,10,華南永昌-竹北,2023-12-19,9339
2376,技嘉,44,34,10,華南永昌-竹北,2023-12-19,9339
2538,基泰,10,0,10,華南永昌-竹北,2023-12-19,9339
6805,富世達,10,1,9,華南永昌-竹北,2023-12-19,9339
2606,裕民,29,20,9,華南永昌-竹北,2023-12-19,9339
0050,元大台灣50,10,2,8,華南永昌-竹北,2023-12-19,9339
3105,穩懋,10,2,8,華南永昌-竹北,2023-12-19,9339
00918,大華優利高填息30,8,0,8,華南永昌-竹北,2023-12-19,9339
00725B,國泰投資級公司債,8,0,8,華南永昌-竹北,2023-12-19,9339
2344,華邦電,8,0,8,華南永昌-竹北,2023-12-19,9339
5347,世界,12,4,8,華南永昌-竹北,2023-12-19,9339
9907,統一實,8,0,8,華南永昌-竹北,2023-12-19,9339
2636,台驊控股,37,29,8,華南永昌-竹北,2023-12-19,9339
3037,欣興,216,0,216,華南永昌-竹北,2023-12-20,9339
3231,緯創,293,155,138,華南永昌-竹北,2023-12-20,9339
1722,台肥,100,1,99,華南永昌-竹北,2023-12-20,9339
2883,凱基金,90,0,90,華南永昌-竹北,2023-12-20,9339
00929,復華台灣科技優息,88,1,87,華南永昌-竹北,2023-12-20,9339
1905,華紙,80,1,79,華南永昌-竹北,2023-12-20,9339
3035,智原,86,17,69,華南永昌-竹北,2023-12-20,9339
2515,中工,101,40,61,華南永昌-竹北,2023-12-20,9339
00927,群益半導體收益,60,0,60,華南永昌-竹北,2023-12-20,9339
2014,中鴻,56,4,52,華南永昌-竹北,2023-12-20,9339
00936,台新永續高息中小,40,0,40,華南永昌-竹北,2023-12-20,9339
4906,正文,43,5,38,華南永昌-竹北,2023-12-20,9339
00937B,群益ESG投等債20,30,0,30,華南永昌-竹北,2023-12-20,9339
6213,聯茂,27,0,27,華南永昌-竹北,2023-12-20,9339
8046,南電,30,4,26,華南永昌-竹北,2023-12-20,9339
8097,常珵,25,0,25,華南永昌-竹北,2023-12-20,9339
2880,華南金,24,0,24,華南永昌-竹北,2023-12-20,9339
2402,毅嘉,23,0,23,華南永昌-竹北,2023-12-20,9339
3324,雙鴻,23,1,22,華南永昌-竹北,2023-12-20,9339
00715L,期街口布蘭特正2,21,1,20,華南永昌-竹北,2023-12-20,9339
2472,立隆電,33,15,18,華南永昌-竹北,2023-12-20,9339
2888,新光金,18,0,18,華南永昌-竹北,2023-12-20,9339
00919,群益台灣精選高息,24,6,18,華南永昌-竹北,2023-12-20,9339
2383,台光電,19,3,16,華南永昌-竹北,2023-12-20,9339
00773B,中信優先金融債,15,0,15,華南永昌-竹北,2023-12-20,9339
6446,藥華藥,15,0,15,華南永昌-竹北,2023-12-20,9339
2603,長榮,38,23,15,華南永昌-竹北,2023-12-20,9339
00679B,元大美債20年,14,0,14,華南永昌-竹北,2023-12-20,9339
2368,金像電,23,10,13,華南永昌-竹北,2023-12-20,9339
2038,海光,28,16,12,華南永昌-竹北,2023-12-20,9339
00935,野村臺灣新科技50,12,0,12,華南永昌-竹北,2023-12-20,9339
2376,技嘉,17,5,12,華南永昌-竹北,2023-12-20,9339
2201,裕隆,14,3,11,華南永昌-竹北,2023-12-20,9339
8210,勤誠,12,1,11,華南永昌-竹北,2023-12-20,9339
6139,亞翔,14,3,11,華南永昌-竹北,2023-12-20,9339
00751B,元大AAA至A公司債,11,1,10,華南永昌-竹北,2023-12-20,9339
2023,燁輝,10,0,10,華南永昌-竹北,2023-12-20,9339
2610,華航,10,0,10,華南永昌-竹北,2023-12-20,9339
3661,世芯-KY,11,1,10,華南永昌-竹北,2023-12-20,9339
5426,振發,14,4,10,華南永昌-竹北,2023-12-20,9339
5483,中美晶,15,5,10,華南永昌-竹北,2023-12-20,9339
2425,承啟,51,42,9,華南永昌-竹北,2023-12-20,9339
5009,榮剛,11,3,8,華南永昌-竹北,2023-12-20,9339
6531,愛普*,11,3,8,華南永昌-竹北,2023-12-20,9339
8936,國統,8,0,8,華南永昌-竹北,2023-12-20,9339
00680L,元大美債20正2,22,15,7,華南永昌-竹北,2023-12-20,9339
2329,華泰,19,12,7,華南永昌-竹北,2023-12-20,9339
3006,晶豪科,11,5,6,華南永昌-竹北,2023-12-20,9339
6223,旺矽,13,7,6,華南永昌-竹北,2023-12-20,9339
4904,遠傳,6,0,6,華南永昌-竹北,2023-12-20,9339
2201,裕隆,127,1,126,華南永昌-竹北,2023-12-21,9339
9105,泰金寶-DR,109,4,105,華南永昌-竹北,2023-12-21,9339
00937B,群益ESG投等債20,69,6,63,華南永昌-竹北,2023-12-21,9339
6461,益得,50,0,50,華南永昌-竹北,2023-12-21,9339
2101,南港,30,0,30,華南永昌-竹北,2023-12-21,9339
2362,藍天,30,0,30,華南永昌-竹北,2023-12-21,9339
6213,聯茂,30,0,30,華南永昌-竹北,2023-12-21,9339
6163,華電網,19,0,19,華南永昌-竹北,2023-12-21,9339
00919,群益台灣精選高息,35,18,17,華南永昌-竹北,2023-12-21,9339
00929,復華台灣科技優息,72,55,17,華南永昌-竹北,2023-12-21,9339
2603,長榮,36,21,15,華南永昌-竹北,2023-12-21,9339
2615,萬海,100,85,15,華南永昌-竹北,2023-12-21,9339
2312,金寶,147,133,14,華南永昌-竹北,2023-12-21,9339
2317,鴻海,15,1,14,華南永昌-竹北,2023-12-21,9339
2324,仁寶,100,88,12,華南永昌-竹北,2023-12-21,9339
6550,北極星藥業-KY,13,1,12,華南永昌-竹北,2023-12-21,9339
00934,中信成長高股息,11,0,11,華南永昌-竹北,2023-12-21,9339
00935,野村臺灣新科技50,11,0,11,華南永昌-竹北,2023-12-21,9339
1732,毛寶,61,50,11,華南永昌-竹北,2023-12-21,9339
2033,佳大,17,6,11,華南永昌-竹北,2023-12-21,9339
00751B,元大AAA至A公司債,10,0,10,華南永昌-竹北,2023-12-21,9339
00680L,元大美債20正2,10,0,10,華南永昌-竹北,2023-12-21,9339
0052,富邦科技,10,0,10,華南永昌-竹北,2023-12-21,9339
00922,國泰台灣領袖50,10,0,10,華南永昌-竹北,2023-12-21,9339
1432,大魯閣,10,0,10,華南永昌-竹北,2023-12-21,9339
2425,承啟,11,1,10,華南永昌-竹北,2023-12-21,9339
3706,神達,38,28,10,華南永昌-竹北,2023-12-21,9339
6282,康舒,10,0,10,華南永昌-竹北,2023-12-21,9339
2880,華南金,10,0,10,華南永昌-竹北,2023-12-21,9339
0050,元大台灣50,10,1,9,華南永昌-竹北,2023-12-21,9339
2538,基泰,10,1,9,華南永昌-竹北,2023-12-21,9339
2330,台積電,9,0,9,華南永昌-竹北,2023-12-21,9339
00712,復華富時不動產,8,0,8,華南永昌-竹北,2023-12-21,9339
1785,光洋科,8,0,8,華南永昌-竹北,2023-12-21,9339
2739,寒舍,8,0,8,華南永昌-竹北,2023-12-21,9339
6811,宏�硌穈T,8,0,8,華南永昌-竹北,2023-12-21,9339
6245,立端,8,0,8,華南永昌-竹北,2023-12-21,9339
00905,FT臺灣Smart,7,0,7,華南永昌-竹北,2023-12-21,9339
3078,僑威,7,0,7,華南永昌-竹北,2023-12-21,9339
2014,中鴻,11,5,6,華南永昌-竹北,2023-12-21,9339
00933B,國泰10Y+金融債,6,0,6,華南永昌-竹北,2023-12-21,9339
2421,建準,8,2,6,華南永昌-竹北,2023-12-21,9339
2303,聯電,7,1,6,華南永昌-竹北,2023-12-21,9339
2329,華泰,15,10,5,華南永昌-竹北,2023-12-21,9339
2867,三商壽,5,0,5,華南永昌-竹北,2023-12-21,9339
3041,揚智,5,0,5,華南永昌-竹北,2023-12-21,9339
3264,欣銓,5,0,5,華南永昌-竹北,2023-12-21,9339
3406,玉晶光,6,1,5,華南永昌-竹北,2023-12-21,9339
4934,太極,5,0,5,華南永昌-竹北,2023-12-21,9339
6143,振曜,5,0,5,華南永昌-竹北,2023-12-21,9339
2610,華航,690,421,269,華南永昌-竹北,2023-12-22,9339
00931B,統一美債20年,200,0,200,華南永昌-竹北,2023-12-22,9339
2313,華通,219,22,197,華南永昌-竹北,2023-12-22,9339
2618,長榮航,195,10,185,華南永昌-竹北,2023-12-22,9339
8054,安國,170,6,164,華南永昌-竹北,2023-12-22,9339
00665L,富邦�琤肭磪囓�2,212,145,67,華南永昌-竹北,2023-12-22,9339
3037,欣興,60,0,60,華南永昌-竹北,2023-12-22,9339
00937B,群益ESG投等債20,59,5,54,華南永昌-竹北,2023-12-22,9339
6188,廣明,55,4,51,華南永昌-竹北,2023-12-22,9339
1905,華紙,45,0,45,華南永昌-竹北,2023-12-22,9339
2382,廣達,77,35,42,華南永昌-竹北,2023-12-22,9339
4968,立積,56,18,38,華南永昌-竹北,2023-12-22,9339
2356,英業達,146,109,37,華南永昌-竹北,2023-12-22,9339
6461,益得,36,0,36,華南永昌-竹北,2023-12-22,9339
6719,力智,34,2,32,華南永昌-竹北,2023-12-22,9339
5009,榮剛,44,14,30,華南永昌-竹北,2023-12-22,9339
2636,台驊控股,30,2,28,華南永昌-竹北,2023-12-22,9339
1785,光洋科,27,0,27,華南永昌-竹北,2023-12-22,9339
5609,中菲行,23,0,23,華南永昌-竹北,2023-12-22,9339
2454,聯發科,22,0,22,華南永昌-竹北,2023-12-22,9339
00929,復華台灣科技優息,22,0,22,華南永昌-竹北,2023-12-22,9339
00919,群益台灣精選高息,29,7,22,華南永昌-竹北,2023-12-22,9339
2615,萬海,80,59,21,華南永昌-竹北,2023-12-22,9339
2376,技嘉,22,2,20,華南永昌-竹北,2023-12-22,9339
1304,台聚,20,0,20,華南永昌-竹北,2023-12-22,9339
2739,寒舍,20,0,20,華南永昌-竹北,2023-12-22,9339
6126,信音,20,0,20,華南永昌-竹北,2023-12-22,9339
00751B,元大AAA至A公司債,19,0,19,華南永昌-竹北,2023-12-22,9339
00713,元大台灣高息低波,18,0,18,華南永昌-竹北,2023-12-22,9339
2603,長榮,22,7,15,華南永昌-竹北,2023-12-22,9339
2915,潤泰全,15,0,15,華南永昌-竹北,2023-12-22,9339
6695,芯鼎,16,1,15,華南永昌-竹北,2023-12-22,9339
00679B,元大美債20年,14,0,14,華南永昌-竹北,2023-12-22,9339
2637,慧洋-KY,50,36,14,華南永昌-竹北,2023-12-22,9339
2324,仁寶,29,15,14,華南永昌-竹北,2023-12-22,9339
3481,群創,32,19,13,華南永昌-竹北,2023-12-22,9339
3346,麗清,23,11,12,華南永昌-竹北,2023-12-22,9339
2312,金寶,12,0,12,華南永昌-竹北,2023-12-22,9339
9105,泰金寶-DR,32,20,12,華南永昌-竹北,2023-12-22,9339
0056,元大高股息,11,0,11,華南永昌-竹北,2023-12-22,9339
00715L,期街口布蘭特正2,10,0,10,華南永昌-竹北,2023-12-22,9339
00664R,國泰臺灣加權反1,10,0,10,華南永昌-竹北,2023-12-22,9339
1444,力麗,10,0,10,華南永昌-竹北,2023-12-22,9339
2355,敬鵬,36,26,10,華南永昌-竹北,2023-12-22,9339
2387,精元,10,0,10,華南永昌-竹北,2023-12-22,9339
2883,凱基金,10,0,10,華南永昌-竹北,2023-12-22,9339
3162,精確,10,0,10,華南永昌-竹北,2023-12-22,9339
00882,中信中國高股息,14,5,9,華南永昌-竹北,2023-12-22,9339
1519,華城,19,10,9,華南永昌-竹北,2023-12-22,9339
2027,大成鋼,11,2,9,華南永昌-竹北,2023-12-22,9339
2609,陽明,1263,245,1018,華南永昌-竹北,2023-12-25,9339
2313,華通,330,7,323,華南永昌-竹北,2023-12-25,9339
00679B,元大美債20年,181,0,181,華南永昌-竹北,2023-12-25,9339
6462,神盾,103,2,101,華南永昌-竹北,2023-12-25,9339
00687B,國泰20年美債,57,0,57,華南永昌-竹北,2023-12-25,9339
2014,中鴻,108,51,57,華南永昌-竹北,2023-12-25,9339
8088,品安,68,11,57,華南永昌-竹北,2023-12-25,9339
4906,正文,56,0,56,華南永昌-竹北,2023-12-25,9339
2356,英業達,133,79,54,華南永昌-竹北,2023-12-25,9339
2425,承啟,35,0,35,華南永昌-竹北,2023-12-25,9339
2369,菱生,51,19,32,華南永昌-竹北,2023-12-25,9339
00919,群益台灣精選高息,51,22,29,華南永昌-竹北,2023-12-25,9339
00929,復華台灣科技優息,28,0,28,華南永昌-竹北,2023-12-25,9339
2383,台光電,28,1,27,華南永昌-竹北,2023-12-25,9339
6770,力積電,37,10,27,華南永昌-竹北,2023-12-25,9339
2324,仁寶,98,72,26,華南永昌-竹北,2023-12-25,9339
3037,欣興,56,35,21,華南永昌-竹北,2023-12-25,9339
00788B,元大10年IG電能債,20,0,20,華南永昌-竹北,2023-12-25,9339
1785,光洋科,20,0,20,華南永昌-竹北,2023-12-25,9339
00923,群益台ESG低碳50,20,1,19,華南永昌-竹北,2023-12-25,9339
2353,宏��,23,4,19,華南永昌-竹北,2023-12-25,9339
3479,安勤,22,4,18,華南永昌-竹北,2023-12-25,9339
8210,勤誠,19,1,18,華南永昌-竹北,2023-12-25,9339
6163,華電網,17,0,17,華南永昌-竹北,2023-12-25,9339
6243,迅杰,16,0,16,華南永昌-竹北,2023-12-25,9339
2382,廣達,27,12,15,華南永昌-竹北,2023-12-25,9339
3545,敦泰,15,0,15,華南永昌-竹北,2023-12-25,9339
8054,安國,15,1,14,華南永昌-竹北,2023-12-25,9339
3024,憶聲,32,19,13,華南永昌-竹北,2023-12-25,9339
00715L,期街口布蘭特正2,12,0,12,華南永昌-竹北,2023-12-25,9339
1513,中興電,11,0,11,華南永昌-竹北,2023-12-25,9339
1514,亞力,31,21,10,華南永昌-竹北,2023-12-25,9339
1314,中石化,10,0,10,華南永昌-竹北,2023-12-25,9339
1714,和桐,10,0,10,華南永昌-竹北,2023-12-25,9339
2538,基泰,10,0,10,華南永昌-竹北,2023-12-25,9339
2845,遠東銀,10,0,10,華南永昌-竹北,2023-12-25,9339
6446,藥華藥,10,0,10,華南永昌-竹北,2023-12-25,9339
6596,寬宏藝術,10,0,10,華南永昌-竹北,2023-12-25,9339
8068,全達,11,1,10,華南永昌-竹北,2023-12-25,9339
4116,明基醫,10,1,9,華南永昌-竹北,2023-12-25,9339
2023,燁輝,11,2,9,華南永昌-竹北,2023-12-25,9339
3481,群創,39,30,9,華南永昌-竹北,2023-12-25,9339
4114,健喬,9,0,9,華南永昌-竹北,2023-12-25,9339
6191,精成科,9,0,9,華南永昌-竹北,2023-12-25,9339
2405,輔信,11,3,8,華南永昌-竹北,2023-12-25,9339
6531,愛普*,14,6,8,華南永昌-竹北,2023-12-25,9339
2888,新光金,7,0,7,華南永昌-竹北,2023-12-25,9339
3661,世芯-KY,8,1,7,華南永昌-竹北,2023-12-25,9339
00720B,元大投資級公司債,11,4,7,華南永昌-竹北,2023-12-25,9339
4109,加捷生醫,6,0,6,華南永昌-竹北,2023-12-25,9339
6104,創惟,134,0,134,華南永昌-竹北,2023-12-26,9339
2609,陽明,791,667,124,華南永昌-竹北,2023-12-26,9339
00929,復華台灣科技優息,65,3,62,華南永昌-竹北,2023-12-26,9339
00900,富邦特選高股息30,57,1,56,華南永昌-竹北,2023-12-26,9339
3231,緯創,194,159,35,華南永昌-竹北,2023-12-26,9339
2032,新鋼,30,0,30,華南永昌-竹北,2023-12-26,9339
1785,光洋科,30,0,30,華南永昌-竹北,2023-12-26,9339
2027,大成鋼,30,0,30,華南永昌-竹北,2023-12-26,9339
3037,欣興,40,10,30,華南永昌-竹北,2023-12-26,9339
4533,協易機,30,0,30,華南永昌-竹北,2023-12-26,9339
2353,宏��,90,66,24,華南永昌-竹北,2023-12-26,9339
3481,群創,36,12,24,華南永昌-竹北,2023-12-26,9339
8112,至上,20,0,20,華南永昌-竹北,2023-12-26,9339
6462,神盾,18,1,17,華南永昌-竹北,2023-12-26,9339
3376,新日興,22,6,16,華南永昌-竹北,2023-12-26,9339
2888,新光金,15,0,15,華南永昌-竹北,2023-12-26,9339
1560,中砂,15,1,14,華南永昌-竹北,2023-12-26,9339
2303,聯電,24,11,13,華南永昌-竹北,2023-12-26,9339
6550,北極星藥業-KY,11,0,11,華南永昌-竹北,2023-12-26,9339
2444,兆勁,10,0,10,華南永昌-竹北,2023-12-26,9339
6175,立敦,10,0,10,華南永昌-竹北,2023-12-26,9339
6243,迅杰,15,7,8,華南永昌-竹北,2023-12-26,9339
8936,國統,37,29,8,華南永昌-竹北,2023-12-26,9339
2881,富邦金,7,0,7,華南永昌-竹北,2023-12-26,9339
00713,元大台灣高息低波,7,0,7,華南永昌-竹北,2023-12-26,9339
00637L,元大滬深300正2,7,0,7,華南永昌-竹北,2023-12-26,9339
00671R,富邦NASDAQ反1,7,0,7,華南永昌-竹北,2023-12-26,9339
00919,群益台灣精選高息,17,10,7,華南永昌-竹北,2023-12-26,9339
2014,中鴻,10,3,7,華南永昌-竹北,2023-12-26,9339
5521,工信,8,1,7,華南永昌-竹北,2023-12-26,9339
6182,合晶,7,0,7,華南永昌-竹北,2023-12-26,9339
6789,采鈺,8,1,7,華南永昌-竹北,2023-12-26,9339
6679,鈺太,6,0,6,華南永昌-竹北,2023-12-26,9339
2478,大毅,6,0,6,華南永昌-竹北,2023-12-26,9339
4945,陞達科技,6,0,6,華南永昌-竹北,2023-12-26,9339
6112,邁達特,6,0,6,華南永昌-竹北,2023-12-26,9339
6285,啟��,7,1,6,華南永昌-竹北,2023-12-26,9339
8107,大億金茂,6,0,6,華南永昌-竹北,2023-12-26,9339
00680L,元大美債20正2,6,0,6,華南永昌-竹北,2023-12-26,9339
00878,國泰永續高股息,10,5,5,華南永昌-竹北,2023-12-26,9339
00720B,元大投資級公司債,5,0,5,華南永昌-竹北,2023-12-26,9339
00937B,群益ESG投等債20,5,0,5,華南永昌-竹北,2023-12-26,9339
2405,輔信,26,21,5,華南永昌-竹北,2023-12-26,9339
2421,建準,9,4,5,華南永昌-竹北,2023-12-26,9339
3036,文曄,5,0,5,華南永昌-竹北,2023-12-26,9339
6782,視陽,5,0,5,華南永昌-竹北,2023-12-26,9339
9958,世紀鋼,5,0,5,華南永昌-竹北,2023-12-26,9339
2419,仲琦,5,0,5,華南永昌-竹北,2023-12-26,9339
00687B,國泰20年美債,4,0,4,華南永昌-竹北,2023-12-26,9339
2882,國泰金,4,0,4,華南永昌-竹北,2023-12-26,9339
2337,旺宏,200,4,196,華南永昌-竹北,2023-12-27,9339
2344,華邦電,214,30,184,華南永昌-竹北,2023-12-27,9339
4720,德淵,100,0,100,華南永昌-竹北,2023-12-27,9339
00937B,群益ESG投等債20,98,0,98,華南永昌-竹北,2023-12-27,9339
3481,群創,109,16,93,華南永昌-竹北,2023-12-27,9339
4968,立積,85,1,84,華南永昌-竹北,2023-12-27,9339
2353,宏��,126,63,63,華南永昌-竹北,2023-12-27,9339
5425,台半,67,9,58,華南永昌-竹北,2023-12-27,9339
3450,聯鈞,55,0,55,華南永昌-竹北,2023-12-27,9339
2399,映泰,55,0,55,華南永昌-竹北,2023-12-27,9339
2495,普安,56,3,53,華南永昌-竹北,2023-12-27,9339
2032,新鋼,120,70,50,華南永昌-竹北,2023-12-27,9339
00891,中信關鍵半導體,50,2,48,華南永昌-竹北,2023-12-27,9339
00919,群益台灣精選高息,48,7,41,華南永昌-竹北,2023-12-27,9339
2743,山富,40,0,40,華南永昌-竹北,2023-12-27,9339
6719,力智,39,3,36,華南永昌-竹北,2023-12-27,9339
1519,華城,36,3,33,華南永昌-竹北,2023-12-27,9339
2357,華碩,34,2,32,華南永昌-竹北,2023-12-27,9339
6770,力積電,50,18,32,華南永昌-竹北,2023-12-27,9339
2324,仁寶,65,33,32,華南永昌-竹北,2023-12-27,9339
2615,萬海,32,1,31,華南永昌-竹北,2023-12-27,9339
1605,華新,32,2,30,華南永昌-竹北,2023-12-27,9339
1785,光洋科,30,0,30,華南永昌-竹北,2023-12-27,9339
2641,正德,40,10,30,華南永昌-竹北,2023-12-27,9339
00679B,元大美債20年,26,0,26,華南永昌-竹北,2023-12-27,9339
6104,創惟,26,0,26,華南永昌-竹北,2023-12-27,9339
3437,榮創,26,1,25,華南永昌-竹北,2023-12-27,9339
6937,天虹,25,0,25,華南永昌-竹北,2023-12-27,9339
4945,陞達科技,22,0,22,華南永昌-竹北,2023-12-27,9339
1432,大魯閣,20,0,20,華南永昌-竹北,2023-12-27,9339
6126,信音,20,0,20,華南永昌-竹北,2023-12-27,9339
2201,裕隆,21,3,18,華南永昌-竹北,2023-12-27,9339
1582,信錦,19,3,16,華南永昌-竹北,2023-12-27,9339
1609,大亞,16,0,16,華南永昌-竹北,2023-12-27,9339
2515,中工,17,2,15,華南永昌-竹北,2023-12-27,9339
4726,永昕,14,0,14,華南永昌-竹北,2023-12-27,9339
00720B,元大投資級公司債,13,0,13,華南永昌-竹北,2023-12-27,9339
6805,富世達,14,1,13,華南永昌-竹北,2023-12-27,9339
00934,中信成長高股息,12,1,11,華南永昌-竹北,2023-12-27,9339
2606,裕民,17,6,11,華南永昌-竹北,2023-12-27,9339
8039,台虹,17,7,10,華南永昌-竹北,2023-12-27,9339
00930,永豐ESG低碳高息,10,0,10,華南永昌-竹北,2023-12-27,9339
2443,昶虹,10,0,10,華南永昌-竹北,2023-12-27,9339
2884,玉山金,10,0,10,華南永昌-竹北,2023-12-27,9339
5009,榮剛,10,0,10,華南永昌-竹北,2023-12-27,9339
8088,品安,10,0,10,華南永昌-竹北,2023-12-27,9339
00687B,國泰20年美債,9,0,9,華南永昌-竹北,2023-12-27,9339
1529,樂事綠能,8,0,8,華南永昌-竹北,2023-12-27,9339
2329,華泰,12,4,8,華南永昌-竹北,2023-12-27,9339
8155,博智,8,0,8,華南永昌-竹北,2023-12-27,9339
8112,至上,216,0,216,華南永昌-竹北,2023-12-28,9339
2609,陽明,200,22,178,華南永昌-竹北,2023-12-28,9339
00671R,富邦NASDAQ反1,170,0,170,華南永昌-竹北,2023-12-28,9339
00633L,富邦上証正2,200,75,125,華南永昌-竹北,2023-12-28,9339
00720B,元大投資級公司債,112,0,112,華南永昌-竹北,2023-12-28,9339
00688L,國泰20年美債正2,100,0,100,華南永昌-竹北,2023-12-28,9339
3231,緯創,238,160,78,華南永昌-竹北,2023-12-28,9339
1524,耿鼎,60,0,60,華南永昌-竹北,2023-12-28,9339
8054,安國,61,1,60,華南永昌-竹北,2023-12-28,9339
3450,聯鈞,60,5,55,華南永昌-竹北,2023-12-28,9339
3645,達邁,55,1,54,華南永昌-竹北,2023-12-28,9339
00937B,群益ESG投等債20,52,0,52,華南永昌-竹北,2023-12-28,9339
00636,國泰中國A50,50,0,50,華南永昌-竹北,2023-12-28,9339
00751B,元大AAA至A公司債,46,0,46,華南永昌-竹北,2023-12-28,9339
6770,力積電,45,0,45,華南永昌-竹北,2023-12-28,9339
2038,海光,40,0,40,華南永昌-竹北,2023-12-28,9339
2610,華航,40,0,40,華南永昌-竹北,2023-12-28,9339
1785,光洋科,40,2,38,華南永昌-竹北,2023-12-28,9339
8039,台虹,35,0,35,華南永昌-竹北,2023-12-28,9339
2363,矽統,45,10,35,華南永昌-竹北,2023-12-28,9339
3006,晶豪科,54,25,29,華南永昌-竹北,2023-12-28,9339
2353,宏��,189,165,24,華南永昌-竹北,2023-12-28,9339
00929,復華台灣科技優息,29,5,24,華南永昌-竹北,2023-12-28,9339
2201,裕隆,26,3,23,華南永昌-竹北,2023-12-28,9339
006205,富邦上証,22,0,22,華南永昌-竹北,2023-12-28,9339
2323,中環,31,10,21,華南永昌-竹北,2023-12-28,9339
1432,大魯閣,20,0,20,華南永昌-竹北,2023-12-28,9339
2329,華泰,19,0,19,華南永昌-竹北,2023-12-28,9339
3706,神達,293,277,16,華南永昌-竹北,2023-12-28,9339
00679B,元大美債20年,20,5,15,華南永昌-竹北,2023-12-28,9339
00715L,期街口布蘭特正2,15,0,15,華南永昌-竹北,2023-12-28,9339
3035,智原,45,31,14,華南永昌-竹北,2023-12-28,9339
6112,邁達特,18,5,13,華南永昌-竹北,2023-12-28,9339
2357,華碩,12,0,12,華南永昌-竹北,2023-12-28,9339
2303,聯電,53,41,12,華南永昌-竹北,2023-12-28,9339
2031,新光鋼,12,1,11,華南永昌-竹北,2023-12-28,9339
2501,國建,11,0,11,華南永昌-竹北,2023-12-28,9339
5351,鈺創,29,18,11,華南永昌-竹北,2023-12-28,9339
00680L,元大美債20正2,11,0,11,華南永昌-竹北,2023-12-28,9339
00664R,國泰臺灣加權反1,10,0,10,華南永昌-竹北,2023-12-28,9339
2495,普安,10,0,10,華南永昌-竹北,2023-12-28,9339
3325,旭品,12,2,10,華南永昌-竹北,2023-12-28,9339
3576,聯合再生,10,0,10,華南永昌-竹北,2023-12-28,9339
4116,明基醫,10,0,10,華南永昌-竹北,2023-12-28,9339
2408,南亞科,11,2,9,華南永昌-竹北,2023-12-28,9339
5210,寶碩,8,0,8,華南永昌-竹北,2023-12-28,9339
1514,亞力,55,47,8,華南永昌-竹北,2023-12-28,9339
2383,台光電,9,1,8,華南永昌-竹北,2023-12-28,9339
2465,麗臺,8,0,8,華南永昌-竹北,2023-12-28,9339
6719,力智,13,6,7,華南永昌-竹北,2023-12-28,9339
00637L,元大滬深300正2,450,0,450,華南永昌-竹北,2023-12-29,9339
2362,藍天,127,6,121,華南永昌-竹北,2023-12-29,9339
6188,廣明,101,0,101,華南永昌-竹北,2023-12-29,9339
2352,佳世達,126,31,95,華南永昌-竹北,2023-12-29,9339
6235,華孚,67,6,61,華南永昌-竹北,2023-12-29,9339
3450,聯鈞,55,6,49,華南永昌-竹北,2023-12-29,9339
00715L,期街口布蘭特正2,55,16,39,華南永昌-竹北,2023-12-29,9339
2201,裕隆,39,1,38,華南永昌-竹北,2023-12-29,9339
3325,旭品,32,0,32,華南永昌-竹北,2023-12-29,9339
00751B,元大AAA至A公司債,32,0,32,華南永昌-竹北,2023-12-29,9339
006205,富邦上証,30,0,30,華南永昌-竹北,2023-12-29,9339
2377,微星,31,1,30,華南永昌-竹北,2023-12-29,9339
8054,安國,30,1,29,華南永昌-竹北,2023-12-29,9339
00937B,群益ESG投等債20,27,0,27,華南永昌-竹北,2023-12-29,9339
3006,晶豪科,28,1,27,華南永昌-竹北,2023-12-29,9339
4945,陞達科技,26,0,26,華南永昌-竹北,2023-12-29,9339
2501,國建,20,0,20,華南永昌-竹北,2023-12-29,9339
3162,精確,20,0,20,華南永昌-竹北,2023-12-29,9339
00918,大華優利高填息30,19,0,19,華南永昌-竹北,2023-12-29,9339
00679B,元大美債20年,18,0,18,華南永昌-竹北,2023-12-29,9339
2888,新光金,17,1,16,華南永昌-竹北,2023-12-29,9339
5347,世界,26,10,16,華南永昌-竹北,2023-12-29,9339
6125,廣運,31,18,13,華南永昌-竹北,2023-12-29,9339
00639,富邦深100,12,0,12,華南永昌-竹北,2023-12-29,9339
00931B,統一美債20年,12,0,12,華南永昌-竹北,2023-12-29,9339
4979,華星光,13,1,12,華南永昌-竹北,2023-12-29,9339
5223,安力-KY,12,0,12,華南永昌-竹北,2023-12-29,9339
6719,力智,14,4,10,華南永昌-竹北,2023-12-29,9339
006206,元大上證50,10,0,10,華南永昌-竹北,2023-12-29,9339
00670L,富邦NASDAQ正2,10,0,10,華南永昌-竹北,2023-12-29,9339
2443,昶虹,10,0,10,華南永昌-竹北,2023-12-29,9339
4967,十銓,23,13,10,華南永昌-竹北,2023-12-29,9339
6209,今國光,10,0,10,華南永昌-竹北,2023-12-29,9339
3587,閎康,8,0,8,華南永昌-竹北,2023-12-29,9339
00720B,元大投資級公司債,8,0,8,華南永昌-竹北,2023-12-29,9339
4533,協易機,8,0,8,華南永昌-竹北,2023-12-29,9339
4934,太極,8,0,8,華南永昌-竹北,2023-12-29,9339
6175,立敦,8,0,8,華南永昌-竹北,2023-12-29,9339
00919,群益台灣精選高息,8,0,8,華南永昌-竹北,2023-12-29,9339
2365,昆盈,7,0,7,華南永昌-竹北,2023-12-29,9339
00933B,國泰10Y+金融債,7,0,7,華南永昌-竹北,2023-12-29,9339
2344,華邦電,10,3,7,華南永昌-竹北,2023-12-29,9339
00642U,期元大S＆P石油,6,0,6,華南永昌-竹北,2023-12-29,9339
2356,英業達,43,37,6,華南永昌-竹北,2023-12-29,9339
4102,永日,14,8,6,華南永昌-竹北,2023-12-29,9339
8096,擎亞,6,0,6,華南永昌-竹北,2023-12-29,9339
8936,國統,6,0,6,華南永昌-竹北,2023-12-29,9339
6116,彩晶,6,0,6,華南永昌-竹北,2023-12-29,9339
6191,精成科,5,0,5,華南永昌-竹北,2023-12-29,9339
2317,鴻海,5,0,5,華南永昌-竹北,2023-12-29,9339
5521,工信,303,38,265,華南永昌-竹北,2024-01-02,9339
00929,復華台灣科技優息,264,20,244,華南永昌-竹北,2024-01-02,9339
00927,群益半導體收益,200,1,199,華南永昌-竹北,2024-01-02,9339
2603,長榮,213,22,191,華南永昌-竹北,2024-01-02,9339
00633L,富邦上証正2,181,0,181,華南永昌-竹北,2024-01-02,9339
00878,國泰永續高股息,179,0,179,華南永昌-竹北,2024-01-02,9339
00665L,富邦�琤肭磪囓�2,185,80,105,華南永昌-竹北,2024-01-02,9339
00637L,元大滬深300正2,121,20,101,華南永昌-竹北,2024-01-02,9339
2331,精英,100,0,100,華南永昌-竹北,2024-01-02,9339
2637,慧洋-KY,96,10,86,華南永昌-竹北,2024-01-02,9339
3231,緯創,87,21,66,華南永昌-竹北,2024-01-02,9339
4102,永日,85,24,61,華南永昌-竹北,2024-01-02,9339
6213,聯茂,71,13,58,華南永昌-竹北,2024-01-02,9339
1437,勤益控,57,1,56,華南永昌-竹北,2024-01-02,9339
00632R,元大台灣50反1,52,0,52,華南永昌-竹北,2024-01-02,9339
2888,新光金,50,0,50,華南永昌-竹北,2024-01-02,9339
4114,健喬,50,0,50,華南永昌-竹北,2024-01-02,9339
00680L,元大美債20正2,50,0,50,華南永昌-竹北,2024-01-02,9339
3706,神達,43,2,41,華南永昌-竹北,2024-01-02,9339
2303,聯電,42,5,37,華南永昌-竹北,2024-01-02,9339
2736,富野,39,3,36,華南永昌-竹北,2024-01-02,9339
00751B,元大AAA至A公司債,34,0,34,華南永昌-竹北,2024-01-02,9339
6695,芯鼎,45,12,33,華南永昌-竹北,2024-01-02,9339
2101,南港,30,0,30,華南永昌-竹北,2024-01-02,9339
5383,金利,28,0,28,華南永昌-竹北,2024-01-02,9339
6446,藥華藥,25,0,25,華南永昌-竹北,2024-01-02,9339
00937B,群益ESG投等債20,22,0,22,華南永昌-竹北,2024-01-02,9339
4971,IET-KY,21,0,21,華南永昌-竹北,2024-01-02,9339
00650L,復華香港正2,20,0,20,華南永昌-竹北,2024-01-02,9339
2038,海光,20,0,20,華南永昌-竹北,2024-01-02,9339
00919,群益台灣精選高息,31,12,19,華南永昌-竹北,2024-01-02,9339
1503,士電,20,1,19,華南永昌-竹北,2024-01-02,9339
3051,力特,24,5,19,華南永昌-竹北,2024-01-02,9339
00923,群益台ESG低碳50,16,0,16,華南永昌-竹北,2024-01-02,9339
4147,中裕,17,1,16,華南永昌-竹北,2024-01-02,9339
0056,元大高股息,18,2,16,華南永昌-竹北,2024-01-02,9339
6214,精誠,15,1,14,華南永昌-竹北,2024-01-02,9339
8163,達方,11,0,11,華南永昌-竹北,2024-01-02,9339
00679B,元大美債20年,10,0,10,華南永昌-竹北,2024-01-02,9339
0052,富邦科技,10,0,10,華南永昌-竹北,2024-01-02,9339
00655L,國泰中國A50正2,10,0,10,華南永昌-竹北,2024-01-02,9339
00922,國泰台灣領袖50,10,0,10,華南永昌-竹北,2024-01-02,9339
1522,堤維西,10,0,10,華南永昌-竹北,2024-01-02,9339
3481,群創,15,5,10,華南永昌-竹北,2024-01-02,9339
4743,合一,10,0,10,華南永昌-竹北,2024-01-02,9339
4906,正文,10,0,10,華南永昌-竹北,2024-01-02,9339
8064,東捷,10,0,10,華南永昌-竹北,2024-01-02,9339
6153,嘉聯益,10,0,10,華南永昌-竹北,2024-01-02,9339
4923,力士,9,0,9,華南永昌-竹北,2024-01-02,9339
5269,祥碩,9,0,9,華南永昌-竹北,2024-01-02,9339
00929,復華台灣科技優息,117,1,116,華南永昌-竹北,2024-01-03,9339
3260,威剛,133,29,104,華南永昌-竹北,2024-01-03,9339
00715L,期街口布蘭特正2,81,0,81,華南永昌-竹北,2024-01-03,9339
2201,裕隆,75,0,75,華南永昌-竹北,2024-01-03,9339
4971,IET-KY,70,0,70,華南永昌-竹北,2024-01-03,9339
5206,坤悅,53,0,53,華南永昌-竹北,2024-01-03,9339
8299,群聯,47,1,46,華南永昌-竹北,2024-01-03,9339
00637L,元大滬深300正2,45,0,45,華南永昌-竹北,2024-01-03,9339
1609,大亞,43,2,41,華南永昌-竹北,2024-01-03,9339
3481,群創,41,0,41,華南永昌-竹北,2024-01-03,9339
2458,義隆,39,0,39,華南永昌-竹北,2024-01-03,9339
1437,勤益控,36,1,35,華南永昌-竹北,2024-01-03,9339
2618,長榮航,92,60,32,華南永昌-竹北,2024-01-03,9339
00720B,元大投資級公司債,31,0,31,華南永昌-竹北,2024-01-03,9339
1714,和桐,30,0,30,華南永昌-竹北,2024-01-03,9339
4906,正文,30,0,30,華南永昌-竹北,2024-01-03,9339
2615,萬海,31,2,29,華南永昌-竹北,2024-01-03,9339
9934,成霖,30,3,27,華南永昌-竹北,2024-01-03,9339
00919,群益台灣精選高息,28,1,27,華南永昌-竹北,2024-01-03,9339
00935,野村臺灣新科技50,24,0,24,華南永昌-竹北,2024-01-03,9339
4923,力士,24,0,24,華南永昌-竹北,2024-01-03,9339
00934,中信成長高股息,23,0,23,華南永昌-竹北,2024-01-03,9339
00937B,群益ESG投等債20,22,0,22,華南永昌-竹北,2024-01-03,9339
6207,雷科,22,0,22,華南永昌-竹北,2024-01-03,9339
00878,國泰永續高股息,25,6,19,華南永昌-竹北,2024-01-03,9339
00679B,元大美債20年,46,30,16,華南永昌-竹北,2024-01-03,9339
2376,技嘉,16,3,13,華南永昌-竹北,2024-01-03,9339
4939,亞電,12,0,12,華南永昌-竹北,2024-01-03,9339
5383,金利,12,0,12,華南永昌-竹北,2024-01-03,9339
00670L,富邦NASDAQ正2,11,0,11,華南永昌-竹北,2024-01-03,9339
2303,聯電,17,6,11,華南永昌-竹北,2024-01-03,9339
6104,創惟,11,0,11,華南永昌-竹北,2024-01-03,9339
6180,橘子,11,0,11,華南永昌-竹北,2024-01-03,9339
8358,金居,11,0,11,華南永昌-竹北,2024-01-03,9339
2330,台積電,12,2,10,華南永昌-竹北,2024-01-03,9339
00780B,國泰A級金融債,10,0,10,華南永昌-竹北,2024-01-03,9339
00633L,富邦上証正2,10,0,10,華南永昌-竹北,2024-01-03,9339
1444,力麗,10,0,10,華南永昌-竹北,2024-01-03,9339
3167,大量,10,0,10,華南永昌-竹北,2024-01-03,9339
5607,遠雄港,10,0,10,華南永昌-竹北,2024-01-03,9339
2362,藍天,62,53,9,華南永昌-竹北,2024-01-03,9339
6770,力積電,25,16,9,華南永昌-竹北,2024-01-03,9339
1569,濱川,14,6,8,華南永昌-竹北,2024-01-03,9339
2606,裕民,49,41,8,華南永昌-竹北,2024-01-03,9339
2610,華航,30,22,8,華南永昌-竹北,2024-01-03,9339
9105,泰金寶-DR,10,2,8,華南永昌-竹北,2024-01-03,9339
6443,元晶,6,0,6,華南永昌-竹北,2024-01-03,9339
2736,富野,54,48,6,華南永昌-竹北,2024-01-03,9339
00642U,期元大S＆P石油,6,0,6,華南永昌-竹北,2024-01-03,9339
00713,元大台灣高息低波,8,2,6,華南永昌-竹北,2024-01-03,9339
2610,華航,484,30,454,華南永昌-竹北,2024-01-04,9339
00637L,元大滬深300正2,126,0,126,華南永昌-竹北,2024-01-04,9339
00929,復華台灣科技優息,113,5,108,華南永昌-竹北,2024-01-04,9339
3188,鑫龍騰,80,10,70,華南永昌-竹北,2024-01-04,9339
4114,健喬,67,0,67,華南永昌-竹北,2024-01-04,9339
00930,永豐ESG低碳高息,60,0,60,華南永昌-竹北,2024-01-04,9339
00633L,富邦上証正2,50,0,50,華南永昌-竹北,2024-01-04,9339
2834,臺企銀,46,0,46,華南永昌-竹北,2024-01-04,9339
2636,台驊控股,40,5,35,華南永昌-竹北,2024-01-04,9339
4967,十銓,46,12,34,華南永昌-竹北,2024-01-04,9339
2736,富野,32,1,31,華南永昌-竹北,2024-01-04,9339
6482,弘煜科,31,0,31,華南永昌-竹北,2024-01-04,9339
00665L,富邦�琤肭磪囓�2,125,95,30,華南永昌-竹北,2024-01-04,9339
1785,光洋科,25,0,25,華南永昌-竹北,2024-01-04,9339
4743,合一,23,1,22,華南永昌-竹北,2024-01-04,9339
3037,欣興,22,0,22,華南永昌-竹北,2024-01-04,9339
6695,芯鼎,42,20,22,華南永昌-竹北,2024-01-04,9339
2486,一詮,47,26,21,華南永昌-竹北,2024-01-04,9339
1569,濱川,20,0,20,華南永昌-竹北,2024-01-04,9339
00751B,元大AAA至A公司債,20,0,20,華南永昌-竹北,2024-01-04,9339
3481,群創,20,1,19,華南永昌-竹北,2024-01-04,9339
4979,華星光,24,5,19,華南永昌-竹北,2024-01-04,9339
6213,聯茂,112,93,19,華南永昌-竹北,2024-01-04,9339
2356,英業達,64,46,18,華南永昌-竹北,2024-01-04,9339
4971,IET-KY,14,0,14,華南永昌-竹北,2024-01-04,9339
00720B,元大投資級公司債,13,0,13,華南永昌-竹北,2024-01-04,9339
2353,宏��,26,13,13,華南永昌-竹北,2024-01-04,9339
00673R,期元大S＆P原油反1,12,1,11,華南永昌-竹北,2024-01-04,9339
0056,元大高股息,13,2,11,華南永昌-竹北,2024-01-04,9339
00877,復華中國5G,11,0,11,華南永昌-竹北,2024-01-04,9339
2201,裕隆,11,0,11,華南永昌-竹北,2024-01-04,9339
2408,南亞科,11,0,11,華南永昌-竹北,2024-01-04,9339
8096,擎亞,29,18,11,華南永昌-竹北,2024-01-04,9339
00937B,群益ESG投等債20,15,5,10,華南永昌-竹北,2024-01-04,9339
2801,彰銀,10,0,10,華南永昌-竹北,2024-01-04,9339
6235,華孚,12,2,10,華南永昌-竹北,2024-01-04,9339
00885,富邦越南,10,0,10,華南永昌-竹北,2024-01-04,9339
3264,欣銓,10,0,10,華南永昌-竹北,2024-01-04,9339
6275,元山,10,0,10,華南永昌-竹北,2024-01-04,9339
4102,永日,9,0,9,華南永昌-竹北,2024-01-04,9339
8936,國統,11,2,9,華南永昌-竹北,2024-01-04,9339
1522,堤維西,8,0,8,華南永昌-竹北,2024-01-04,9339
2845,遠東銀,8,0,8,華南永昌-竹北,2024-01-04,9339
6111,大宇資,9,1,8,華南永昌-竹北,2024-01-04,9339
2449,京元電子,14,7,7,華南永昌-竹北,2024-01-04,9339
5351,鈺創,12,5,7,華南永昌-竹北,2024-01-04,9339
00882,中信中國高股息,6,0,6,華南永昌-竹北,2024-01-04,9339
2641,正德,7,1,6,華南永昌-竹北,2024-01-04,9339
6805,富世達,6,0,6,華南永昌-竹北,2024-01-04,9339
00687B,國泰20年美債,5,0,5,華南永昌-竹北,2024-01-04,9339
00937B,群益ESG投等債20,143,1,142,華南永昌-竹北,2024-01-05,9339
4147,中裕,107,0,107,華南永昌-竹北,2024-01-05,9339
2515,中工,110,10,100,華南永昌-竹北,2024-01-05,9339
2891,中信金,96,0,96,華南永昌-竹北,2024-01-05,9339
2727,王品,74,0,74,華南永昌-竹北,2024-01-05,9339
00929,復華台灣科技優息,72,0,72,華南永昌-竹北,2024-01-05,9339
4114,健喬,63,0,63,華南永昌-竹北,2024-01-05,9339
4971,IET-KY,59,0,59,華南永昌-竹北,2024-01-05,9339
2419,仲琦,57,1,56,華南永昌-竹北,2024-01-05,9339
00888,永豐台灣ESG,50,0,50,華南永昌-竹北,2024-01-05,9339
4716,大立,37,0,37,華南永昌-竹北,2024-01-05,9339
8054,安國,31,0,31,華南永昌-竹北,2024-01-05,9339
9103,美德醫療-DR,30,0,30,華南永昌-竹北,2024-01-05,9339
2609,陽明,1353,1326,27,華南永昌-竹北,2024-01-05,9339
1795,美時,25,0,25,華南永昌-竹北,2024-01-05,9339
8068,全達,26,1,25,華南永昌-竹北,2024-01-05,9339
4968,立積,26,2,24,華南永昌-竹北,2024-01-05,9339
8092,建暐,23,0,23,華南永昌-竹北,2024-01-05,9339
00751B,元大AAA至A公司債,22,0,22,華南永昌-竹北,2024-01-05,9339
00633L,富邦上証正2,101,80,21,華南永昌-竹北,2024-01-05,9339
00720B,元大投資級公司債,21,0,21,華南永昌-竹北,2024-01-05,9339
1218,泰山,20,0,20,華南永昌-竹北,2024-01-05,9339
1569,濱川,20,0,20,華南永昌-竹北,2024-01-05,9339
00715L,期街口布蘭特正2,19,0,19,華南永昌-竹北,2024-01-05,9339
6462,神盾,27,8,19,華南永昌-竹北,2024-01-05,9339
6129,普誠,19,0,19,華南永昌-竹北,2024-01-05,9339
3325,旭品,18,0,18,華南永昌-竹北,2024-01-05,9339
00919,群益台灣精選高息,55,37,18,華南永昌-竹北,2024-01-05,9339
2603,長榮,20,4,16,華南永昌-竹北,2024-01-05,9339
3390,旭軟,24,11,13,華南永昌-竹北,2024-01-05,9339
4763,材料-KY,19,7,12,華南永昌-竹北,2024-01-05,9339
6243,迅杰,17,5,12,華南永昌-竹北,2024-01-05,9339
8163,達方,14,3,11,華南永昌-竹北,2024-01-05,9339
2376,技嘉,19,8,11,華南永昌-竹北,2024-01-05,9339
00933B,國泰10Y+金融債,11,0,11,華南永昌-竹北,2024-01-05,9339
3231,緯創,45,35,10,華南永昌-竹北,2024-01-05,9339
6805,富世達,15,5,10,華南永昌-竹北,2024-01-05,9339
00687B,國泰20年美債,11,1,10,華南永昌-竹北,2024-01-05,9339
3030,德律,11,1,10,華南永昌-竹北,2024-01-05,9339
3264,欣銓,10,0,10,華南永昌-竹北,2024-01-05,9339
3483,力致,10,0,10,華南永昌-竹北,2024-01-05,9339
4162,智擎,10,0,10,華南永昌-竹北,2024-01-05,9339
8112,至上,19,9,10,華南永昌-竹北,2024-01-05,9339
00934,中信成長高股息,8,0,8,華南永昌-竹北,2024-01-05,9339
2881,富邦金,7,0,7,華南永昌-竹北,2024-01-05,9339
00858,永豐美國500大,7,0,7,華南永昌-竹北,2024-01-05,9339
2352,佳世達,36,29,7,華南永昌-竹北,2024-01-05,9339
2548,華固,7,0,7,華南永昌-竹北,2024-01-05,9339
00680L,元大美債20正2,7,0,7,華南永昌-竹北,2024-01-05,9339
00757,統一FANG+,6,0,6,華南永昌-竹北,2024-01-05,9339
00637L,元大滬深300正2,471,0,471,華南永昌-竹北,2024-01-08,9339
2609,陽明,609,317,292,華南永昌-竹北,2024-01-08,9339
00665L,富邦�琤肭磪囓�2,288,2,286,華南永昌-竹北,2024-01-08,9339
00937B,群益ESG投等債20,166,0,166,華南永昌-竹北,2024-01-08,9339
00929,復華台灣科技優息,152,4,148,華南永昌-竹北,2024-01-08,9339
4968,立積,112,2,110,華南永昌-竹北,2024-01-08,9339
00633L,富邦上証正2,101,0,101,華南永昌-竹北,2024-01-08,9339
6770,力積電,112,36,76,華南永昌-竹北,2024-01-08,9339
2615,萬海,91,27,64,華南永昌-竹北,2024-01-08,9339
4147,中裕,62,0,62,華南永昌-竹北,2024-01-08,9339
00720B,元大投資級公司債,51,0,51,華南永昌-竹北,2024-01-08,9339
2313,華通,90,39,51,華南永昌-竹北,2024-01-08,9339
4716,大立,50,1,49,華南永昌-竹北,2024-01-08,9339
6213,聯茂,76,38,38,華南永昌-竹北,2024-01-08,9339
00753L,中信中國50正2,36,0,36,華南永昌-竹北,2024-01-08,9339
2344,華邦電,32,1,31,華南永昌-竹北,2024-01-08,9339
9945,潤泰新,30,0,30,華南永昌-竹北,2024-01-08,9339
00919,群益台灣精選高息,24,1,23,華南永昌-竹北,2024-01-08,9339
00751B,元大AAA至A公司債,21,0,21,華南永昌-竹北,2024-01-08,9339
2032,新鋼,20,0,20,華南永昌-竹北,2024-01-08,9339
3017,奇鋐,22,4,18,華南永昌-竹北,2024-01-08,9339
3481,群創,32,16,16,華南永昌-竹北,2024-01-08,9339
4909,新復興,15,0,15,華南永昌-竹北,2024-01-08,9339
5521,工信,15,0,15,華南永昌-竹北,2024-01-08,9339
6531,愛普*,22,7,15,華南永昌-竹北,2024-01-08,9339
3264,欣銓,13,0,13,華南永昌-竹北,2024-01-08,9339
8467,波力-KY,12,0,12,華南永昌-竹北,2024-01-08,9339
3234,光環,11,0,11,華南永昌-竹北,2024-01-08,9339
5489,彩富,11,0,11,華南永昌-竹北,2024-01-08,9339
00650L,復華香港正2,10,0,10,華南永昌-竹北,2024-01-08,9339
6274,台燿,10,0,10,華南永昌-竹北,2024-01-08,9339
1449,佳和,10,0,10,華南永昌-竹北,2024-01-08,9339
2303,聯電,10,1,9,華南永昌-竹北,2024-01-08,9339
6194,育富,7,0,7,華南永昌-竹北,2024-01-08,9339
2603,長榮,21,14,7,華南永昌-竹北,2024-01-08,9339
2352,佳世達,32,26,6,華南永昌-竹北,2024-01-08,9339
00687B,國泰20年美債,11,5,6,華南永昌-竹北,2024-01-08,9339
2387,精元,6,0,6,華南永昌-竹北,2024-01-08,9339
8936,國統,22,16,6,華南永昌-竹北,2024-01-08,9339
9927,泰銘,6,0,6,華南永昌-竹北,2024-01-08,9339
00712,復華富時不動產,5,0,5,華南永昌-竹北,2024-01-08,9339
6446,藥華藥,6,1,5,華南永昌-竹北,2024-01-08,9339
3376,新日興,8,3,5,華南永昌-竹北,2024-01-08,9339
00885,富邦越南,4,0,4,華南永昌-竹北,2024-01-08,9339
00757,統一FANG+,4,0,4,華南永昌-竹北,2024-01-08,9339
1736,喬山,4,0,4,華南永昌-竹北,2024-01-08,9339
6241,易通展,4,0,4,華南永昌-竹北,2024-01-08,9339
6283,淳安,4,0,4,華南永昌-竹北,2024-01-08,9339
3588,通嘉,11,7,4,華南永昌-竹北,2024-01-08,9339
8089,康全電訊,5,2,3,華南永昌-竹北,2024-01-08,9339
2609,陽明,1198,525,673,華南永昌-竹北,2024-01-09,9339
3231,緯創,773,134,639,華南永昌-竹北,2024-01-09,9339
2883,凱基金,135,0,135,華南永昌-竹北,2024-01-09,9339
2353,宏��,151,40,111,華南永昌-竹北,2024-01-09,9339
4909,新復興,111,1,110,華南永昌-竹北,2024-01-09,9339
00633L,富邦上証正2,100,0,100,華南永昌-竹北,2024-01-09,9339
00929,復華台灣科技優息,75,0,75,華南永昌-竹北,2024-01-09,9339
00665L,富邦�琤肭磪囓�2,129,69,60,華南永昌-竹北,2024-01-09,9339
2368,金像電,57,3,54,華南永昌-竹北,2024-01-09,9339
1789,神隆,50,0,50,華南永昌-竹北,2024-01-09,9339
4720,德淵,50,0,50,華南永昌-竹北,2024-01-09,9339
6005,群益證,50,0,50,華南永昌-竹北,2024-01-09,9339
00931B,統一美債20年,100,54,46,華南永昌-竹北,2024-01-09,9339
00919,群益台灣精選高息,50,4,46,華南永昌-竹北,2024-01-09,9339
2472,立隆電,45,0,45,華南永昌-竹北,2024-01-09,9339
2388,威盛,51,8,43,華南永昌-竹北,2024-01-09,9339
2615,萬海,149,113,36,華南永昌-竹北,2024-01-09,9339
4968,立積,36,3,33,華南永昌-竹北,2024-01-09,9339
00715L,期街口布蘭特正2,37,5,32,華南永昌-竹北,2024-01-09,9339
2845,遠東銀,31,0,31,華南永昌-竹北,2024-01-09,9339
00850,元大臺灣ESG永續,30,0,30,華南永昌-竹北,2024-01-09,9339
2382,廣達,52,24,28,華南永昌-竹北,2024-01-09,9339
8111,立��,22,2,20,華南永昌-竹北,2024-01-09,9339
1612,宏泰,23,4,19,華南永昌-竹北,2024-01-09,9339
2363,矽統,31,15,16,華南永昌-竹北,2024-01-09,9339
00725B,國泰投資級公司債,16,0,16,華南永昌-竹北,2024-01-09,9339
4114,健喬,17,1,16,華南永昌-竹北,2024-01-09,9339
8068,全達,16,0,16,華南永昌-竹北,2024-01-09,9339
1785,光洋科,14,0,14,華南永昌-竹北,2024-01-09,9339
3022,威強電,21,8,13,華南永昌-竹北,2024-01-09,9339
2002,中鋼,12,0,12,華南永昌-竹北,2024-01-09,9339
2329,華泰,24,12,12,華南永昌-竹北,2024-01-09,9339
00712,復華富時不動產,10,0,10,華南永昌-竹北,2024-01-09,9339
2362,藍天,36,26,10,華南永昌-竹北,2024-01-09,9339
3169,亞信,10,0,10,華南永昌-竹北,2024-01-09,9339
4157,太景*-KY,10,0,10,華南永昌-竹北,2024-01-09,9339
4716,大立,10,0,10,華南永昌-竹北,2024-01-09,9339
5269,祥碩,10,0,10,華南永昌-竹北,2024-01-09,9339
6446,藥華藥,10,0,10,華南永昌-竹北,2024-01-09,9339
8227,巨有科技,18,9,9,華南永昌-竹北,2024-01-09,9339
4934,太極,9,0,9,華南永昌-竹北,2024-01-09,9339
9919,康那香,9,0,9,華南永昌-竹北,2024-01-09,9339
9927,泰銘,9,0,9,華南永昌-竹北,2024-01-09,9339
2324,仁寶,58,49,9,華南永昌-竹北,2024-01-09,9339
3025,星通,78,69,9,華南永昌-竹北,2024-01-09,9339
2402,毅嘉,10,3,7,華南永昌-竹北,2024-01-09,9339
00918,大華優利高填息30,7,0,7,華南永昌-竹北,2024-01-09,9339
1301,台塑,7,0,7,華南永昌-竹北,2024-01-09,9339
00720B,元大投資級公司債,7,0,7,華南永昌-竹北,2024-01-09,9339
00937B,群益ESG投等債20,7,0,7,華南永昌-竹北,2024-01-09,9339
6462,神盾,168,16,152,華南永昌-竹北,2024-01-10,9339
00929,復華台灣科技優息,73,6,67,華南永昌-竹北,2024-01-10,9339
1609,大亞,60,0,60,華南永昌-竹北,2024-01-10,9339
2329,華泰,82,25,57,華南永昌-竹北,2024-01-10,9339
2610,華航,50,0,50,華南永昌-竹北,2024-01-10,9339
1785,光洋科,50,0,50,華南永昌-竹北,2024-01-10,9339
2601,益航,45,0,45,華南永昌-竹北,2024-01-10,9339
2641,正德,35,0,35,華南永昌-竹北,2024-01-10,9339
2376,技嘉,63,29,34,華南永昌-竹北,2024-01-10,9339
2383,台光電,32,0,32,華南永昌-竹北,2024-01-10,9339
2208,台船,30,0,30,華南永昌-竹北,2024-01-10,9339
2301,光寶科,34,5,29,華南永昌-竹北,2024-01-10,9339
3036,文曄,33,5,28,華南永昌-竹北,2024-01-10,9339
2312,金寶,24,0,24,華南永昌-竹北,2024-01-10,9339
2362,藍天,38,15,23,華南永昌-竹北,2024-01-10,9339
00687B,國泰20年美債,21,0,21,華南永昌-竹北,2024-01-10,9339
1612,宏泰,21,0,21,華南永昌-竹北,2024-01-10,9339
00891,中信關鍵半導體,20,0,20,華南永昌-竹北,2024-01-10,9339
2603,長榮,21,2,19,華南永昌-竹北,2024-01-10,9339
00919,群益台灣精選高息,17,0,17,華南永昌-竹北,2024-01-10,9339
3013,晟銘電,28,12,16,華南永昌-竹北,2024-01-10,9339
0056,元大高股息,13,0,13,華南永昌-竹北,2024-01-10,9339
3066,李洲,12,0,12,華南永昌-竹北,2024-01-10,9339
6271,同欣電,11,0,11,華南永昌-竹北,2024-01-10,9339
3022,威強電,11,0,11,華南永昌-竹北,2024-01-10,9339
00650L,復華香港正2,10,0,10,華南永昌-竹北,2024-01-10,9339
00898,國泰基因免疫革命,10,0,10,華南永昌-竹北,2024-01-10,9339
2618,長榮航,10,0,10,華南永昌-竹北,2024-01-10,9339
4102,永日,10,0,10,華南永昌-竹北,2024-01-10,9339
4157,太景*-KY,10,0,10,華南永昌-竹北,2024-01-10,9339
1308,亞聚,10,0,10,華南永昌-竹北,2024-01-10,9339
6166,凌華,10,0,10,華南永昌-竹北,2024-01-10,9339
5347,世界,9,0,9,華南永昌-竹北,2024-01-10,9339
2892,第一金,10,1,9,華南永昌-竹北,2024-01-10,9339
6239,力成,8,0,8,華南永昌-竹北,2024-01-10,9339
2356,英業達,14,6,8,華南永昌-竹北,2024-01-10,9339
4958,臻鼎-KY,8,0,8,華南永昌-竹北,2024-01-10,9339
5521,工信,8,0,8,華南永昌-竹北,2024-01-10,9339
6735,美達科技,8,0,8,華南永昌-竹北,2024-01-10,9339
00882,中信中國高股息,7,0,7,華南永昌-竹北,2024-01-10,9339
00665L,富邦�琤肭磪囓�2,12,5,7,華南永昌-竹北,2024-01-10,9339
4747,強生,7,0,7,華南永昌-竹北,2024-01-10,9339
00878,國泰永續高股息,8,1,7,華南永昌-竹北,2024-01-10,9339
3587,閎康,9,3,6,華南永昌-竹北,2024-01-10,9339
4114,健喬,8,2,6,華南永昌-竹北,2024-01-10,9339
6139,亞翔,6,0,6,華南永昌-竹北,2024-01-10,9339
6229,研通,6,0,6,華南永昌-竹北,2024-01-10,9339
00713,元大台灣高息低波,6,0,6,華南永昌-竹北,2024-01-10,9339
3287,廣寰科,21,15,6,華南永昌-竹北,2024-01-10,9339
00795B,中信美國公債20年,5,0,5,華南永昌-竹北,2024-01-10,9339
6462,神盾,206,7,199,華南永昌-竹北,2024-01-11,9339
2609,陽明,208,55,153,華南永昌-竹北,2024-01-11,9339
3231,緯創,381,236,145,華南永昌-竹北,2024-01-11,9339
00633L,富邦上証正2,130,0,130,華南永昌-竹北,2024-01-11,9339
00927,群益半導體收益,92,0,92,華南永昌-竹北,2024-01-11,9339
2208,台船,90,0,90,華南永昌-竹北,2024-01-11,9339
00929,復華台灣科技優息,77,2,75,華南永昌-竹北,2024-01-11,9339
1432,大魯閣,75,0,75,華南永昌-竹北,2024-01-11,9339
3450,聯鈞,61,1,60,華南永昌-竹北,2024-01-11,9339
2353,宏��,67,16,51,華南永昌-竹北,2024-01-11,9339
1785,光洋科,50,0,50,華南永昌-竹北,2024-01-11,9339
2382,廣達,149,103,46,華南永昌-竹北,2024-01-11,9339
2615,萬海,270,225,45,華南永昌-竹北,2024-01-11,9339
6120,達運,81,38,43,華南永昌-竹北,2024-01-11,9339
4979,華星光,46,8,38,華南永昌-竹北,2024-01-11,9339
00933B,國泰10Y+金融債,30,0,30,華南永昌-竹北,2024-01-11,9339
2603,長榮,41,11,30,華南永昌-竹北,2024-01-11,9339
3025,星通,48,19,29,華南永昌-竹北,2024-01-11,9339
8936,國統,33,4,29,華南永昌-竹北,2024-01-11,9339
3709,鑫聯大投控,25,0,25,華南永昌-竹北,2024-01-11,9339
6126,信音,25,0,25,華南永昌-竹北,2024-01-11,9339
00919,群益台灣精選高息,24,0,24,華南永昌-竹北,2024-01-11,9339
9927,泰銘,22,0,22,華南永昌-竹北,2024-01-11,9339
2515,中工,21,0,21,華南永昌-竹北,2024-01-11,9339
2038,海光,21,0,21,華南永昌-竹北,2024-01-11,9339
3036,文曄,36,16,20,華南永昌-竹北,2024-01-11,9339
3555,博士旺,20,0,20,華南永昌-竹北,2024-01-11,9339
6535,順藥,25,5,20,華南永昌-竹北,2024-01-11,9339
3706,神達,36,17,19,華南永昌-竹北,2024-01-11,9339
6728,上洋,18,0,18,華南永昌-竹北,2024-01-11,9339
8210,勤誠,18,2,16,華南永昌-竹北,2024-01-11,9339
6531,愛普*,25,9,16,華南永昌-竹北,2024-01-11,9339
8299,群聯,17,1,16,華南永昌-竹北,2024-01-11,9339
3017,奇鋐,24,9,15,華南永昌-竹北,2024-01-11,9339
3362,先進光,16,1,15,華南永昌-竹北,2024-01-11,9339
2301,光寶科,23,9,14,華南永昌-竹北,2024-01-11,9339
3483,力致,15,1,14,華南永昌-竹北,2024-01-11,9339
6213,聯茂,46,32,14,華南永昌-竹北,2024-01-11,9339
2368,金像電,16,3,13,華南永昌-竹北,2024-01-11,9339
6163,華電網,16,3,13,華南永昌-竹北,2024-01-11,9339
2383,台光電,13,1,12,華南永昌-竹北,2024-01-11,9339
3035,智原,174,162,12,華南永昌-竹北,2024-01-11,9339
00881,國泰台灣5G+,11,0,11,華南永昌-竹北,2024-01-11,9339
4147,中裕,23,12,11,華南永昌-竹北,2024-01-11,9339
00923,群益台ESG低碳50,11,0,11,華南永昌-竹北,2024-01-11,9339
3260,威剛,10,0,10,華南永昌-竹北,2024-01-11,9339
00715L,期街口布蘭特正2,10,0,10,華南永昌-竹北,2024-01-11,9339
2420,新巨,10,0,10,華南永昌-竹北,2024-01-11,9339
2618,長榮航,10,0,10,華南永昌-竹北,2024-01-11,9339
2850,新產,10,0,10,華南永昌-竹北,2024-01-11,9339
00633L,富邦上証正2,202,0,202,華南永昌-竹北,2024-01-12,9339
00929,復華台灣科技優息,150,0,150,華南永昌-竹北,2024-01-12,9339
3325,旭品,75,0,75,華南永昌-竹北,2024-01-12,9339
2891,中信金,51,0,51,華南永昌-竹北,2024-01-12,9339
2472,立隆電,50,0,50,華南永昌-竹北,2024-01-12,9339
3264,欣銓,50,0,50,華南永昌-竹北,2024-01-12,9339
6282,康舒,43,0,43,華南永昌-竹北,2024-01-12,9339
6535,順藥,47,5,42,華南永昌-竹北,2024-01-12,9339
5478,智冠,38,4,34,華南永昌-竹北,2024-01-12,9339
2883,凱基金,32,0,32,華南永昌-竹北,2024-01-12,9339
00637L,元大滬深300正2,30,0,30,華南永昌-竹北,2024-01-12,9339
6894,衛司特,29,0,29,華南永昌-竹北,2024-01-12,9339
2634,漢翔,31,4,27,華南永昌-竹北,2024-01-12,9339
2369,菱生,26,0,26,華南永昌-竹北,2024-01-12,9339
3035,智原,181,156,25,華南永昌-竹北,2024-01-12,9339
00919,群益台灣精選高息,28,3,25,華南永昌-竹北,2024-01-12,9339
2368,金像電,25,1,24,華南永昌-竹北,2024-01-12,9339
4114,健喬,23,0,23,華南永昌-竹北,2024-01-12,9339
2353,宏��,103,83,20,華南永昌-竹北,2024-01-12,9339
5351,鈺創,22,2,20,華南永昌-竹北,2024-01-12,9339
2376,技嘉,28,9,19,華南永昌-竹北,2024-01-12,9339
00770,國泰北美科技,18,0,18,華南永昌-竹北,2024-01-12,9339
3036,文曄,54,37,17,華南永昌-竹北,2024-01-12,9339
2449,京元電子,17,1,16,華南永昌-竹北,2024-01-12,9339
00673R,期元大S＆P原油反1,15,0,15,華南永昌-竹北,2024-01-12,9339
8105,凌巨,15,0,15,華南永昌-竹北,2024-01-12,9339
1785,光洋科,13,0,13,華南永昌-竹北,2024-01-12,9339
2610,華航,14,1,13,華南永昌-竹北,2024-01-12,9339
2727,王品,13,0,13,華南永昌-竹北,2024-01-12,9339
8467,波力-KY,12,0,12,華南永昌-竹北,2024-01-12,9339
3227,原相,11,0,11,華南永昌-竹北,2024-01-12,9339
2344,華邦電,11,0,11,華南永昌-竹北,2024-01-12,9339
2888,新光金,12,1,11,華南永昌-竹北,2024-01-12,9339
00858,永豐美國500大,11,0,11,華南永昌-竹北,2024-01-12,9339
00927,群益半導體收益,10,0,10,華南永昌-竹北,2024-01-12,9339
00632R,元大台灣50反1,10,0,10,華南永昌-竹北,2024-01-12,9339
1714,和桐,10,0,10,華南永昌-竹北,2024-01-12,9339
2365,昆盈,10,0,10,華南永昌-竹北,2024-01-12,9339
3324,雙鴻,16,6,10,華南永昌-竹北,2024-01-12,9339
3703,欣陸,10,0,10,華南永昌-竹北,2024-01-12,9339
6226,光鼎,10,0,10,華南永昌-竹北,2024-01-12,9339
00713,元大台灣高息低波,11,1,10,華南永昌-竹北,2024-01-12,9339
4979,華星光,10,1,9,華南永昌-竹北,2024-01-12,9339
5426,振發,21,12,9,華南永昌-竹北,2024-01-12,9339
1314,中石化,10,1,9,華南永昌-竹北,2024-01-12,9339
1514,亞力,15,7,8,華南永昌-竹北,2024-01-12,9339
6111,大宇資,8,0,8,華南永昌-竹北,2024-01-12,9339
00708L,期元大S＆P黃金正2,7,0,7,華南永昌-竹北,2024-01-12,9339
1560,中砂,7,1,6,華南永昌-竹北,2024-01-12,9339
00679B,元大美債20年,6,0,6,華南永昌-竹北,2024-01-12,9339
6219,富旺,136,0,136,華南永昌-竹北,2024-01-15,9339
2615,萬海,220,90,130,華南永昌-竹北,2024-01-15,9339
1513,中興電,133,30,103,華南永昌-竹北,2024-01-15,9339
00929,復華台灣科技優息,95,2,93,華南永昌-竹北,2024-01-15,9339
2382,廣達,79,4,75,華南永昌-竹北,2024-01-15,9339
6806,森崴能源,51,1,50,華南永昌-竹北,2024-01-15,9339
6770,力積電,51,2,49,華南永昌-竹北,2024-01-15,9339
3032,偉訓,51,5,46,華南永昌-竹北,2024-01-15,9339
00687B,國泰20年美債,32,0,32,華南永昌-竹北,2024-01-15,9339
3037,欣興,52,20,32,華南永昌-竹北,2024-01-15,9339
2603,長榮,32,2,30,華南永昌-竹北,2024-01-15,9339
00728,第一金工業30,25,0,25,華南永昌-竹北,2024-01-15,9339
00927,群益半導體收益,25,1,24,華南永昌-竹北,2024-01-15,9339
2399,映泰,24,0,24,華南永昌-竹北,2024-01-15,9339
00665L,富邦�琤肭磪囓�2,63,40,23,華南永昌-竹北,2024-01-15,9339
3035,智原,62,39,23,華南永昌-竹北,2024-01-15,9339
3479,安勤,20,0,20,華南永昌-竹北,2024-01-15,9339
2353,宏��,25,9,16,華南永昌-竹北,2024-01-15,9339
1528,恩德,14,0,14,華南永昌-竹北,2024-01-15,9339
5426,振發,31,17,14,華南永昌-竹北,2024-01-15,9339
3034,聯詠,15,1,14,華南永昌-竹北,2024-01-15,9339
00770,國泰北美科技,13,1,12,華南永昌-竹北,2024-01-15,9339
2888,新光金,20,9,11,華南永昌-竹北,2024-01-15,9339
2618,長榮航,12,1,11,華南永昌-竹北,2024-01-15,9339
3264,欣銓,11,0,11,華南永昌-竹北,2024-01-15,9339
8936,國統,13,2,11,華南永昌-竹北,2024-01-15,9339
2365,昆盈,11,0,11,華南永昌-竹北,2024-01-15,9339
0056,元大高股息,11,0,11,華南永昌-竹北,2024-01-15,9339
00680L,元大美債20正2,10,0,10,華南永昌-竹北,2024-01-15,9339
00885,富邦越南,10,0,10,華南永昌-竹北,2024-01-15,9339
00937B,群益ESG投等債20,10,0,10,華南永昌-竹北,2024-01-15,9339
2739,寒舍,10,0,10,華南永昌-竹北,2024-01-15,9339
3207,耀勝,10,0,10,華南永昌-竹北,2024-01-15,9339
2356,英業達,37,28,9,華南永昌-竹北,2024-01-15,9339
6535,順藥,38,30,8,華南永昌-竹北,2024-01-15,9339
5009,榮剛,10,2,8,華南永昌-竹北,2024-01-15,9339
3149,正達,7,0,7,華南永昌-竹北,2024-01-15,9339
2317,鴻海,7,0,7,華南永昌-竹北,2024-01-15,9339
00933B,國泰10Y+金融債,7,0,7,華南永昌-竹北,2024-01-15,9339
2610,華航,13,6,7,華南永昌-竹北,2024-01-15,9339
2329,華泰,26,20,6,華南永昌-竹北,2024-01-15,9339
6285,啟��,6,0,6,華南永昌-竹北,2024-01-15,9339
6906,現觀科,10,4,6,華南永昌-竹北,2024-01-15,9339
00919,群益台灣精選高息,9,4,5,華南永昌-竹北,2024-01-15,9339
0050,元大台灣50,6,1,5,華南永昌-竹北,2024-01-15,9339
00708L,期元大S＆P黃金正2,5,0,5,華南永昌-竹北,2024-01-15,9339
00881,國泰台灣5G+,5,0,5,華南永昌-竹北,2024-01-15,9339
3390,旭軟,7,2,5,華南永昌-竹北,2024-01-15,9339
6113,亞矽,5,0,5,華南永昌-竹北,2024-01-15,9339
1609,大亞,14,9,5,華南永昌-竹北,2024-01-15,9339
3481,群創,507,139,368,華南永昌-竹北,2024-01-16,9339
2609,陽明,348,42,306,華南永昌-竹北,2024-01-16,9339
00937B,群益ESG投等債20,211,0,211,華南永昌-竹北,2024-01-16,9339
00919,群益台灣精選高息,173,0,173,華南永昌-竹北,2024-01-16,9339
0056,元大高股息,133,0,133,華南永昌-竹北,2024-01-16,9339
2867,三商壽,102,0,102,華南永昌-竹北,2024-01-16,9339
1528,恩德,101,23,78,華南永昌-竹北,2024-01-16,9339
5210,寶碩,41,0,41,華南永昌-竹北,2024-01-16,9339
3025,星通,62,22,40,華南永昌-竹北,2024-01-16,9339
2601,益航,41,1,40,華南永昌-竹北,2024-01-16,9339
00665L,富邦�琤肭磪囓�2,33,1,32,華南永昌-竹北,2024-01-16,9339
1326,台化,42,12,30,華南永昌-竹北,2024-01-16,9339
00918,大華優利高填息30,29,0,29,華南永昌-竹北,2024-01-16,9339
00679B,元大美債20年,25,0,25,華南永昌-竹北,2024-01-16,9339
2230,泰茂,23,0,23,華南永昌-竹北,2024-01-16,9339
1504,東元,21,0,21,華南永昌-竹北,2024-01-16,9339
2486,一詮,85,64,21,華南永昌-竹北,2024-01-16,9339
00929,復華台灣科技優息,74,53,21,華南永昌-竹北,2024-01-16,9339
2103,台橡,20,0,20,華南永昌-竹北,2024-01-16,9339
2888,新光金,20,0,20,華南永昌-竹北,2024-01-16,9339
3673,TPK-KY,20,0,20,華南永昌-竹北,2024-01-16,9339
4102,永日,20,0,20,華南永昌-竹北,2024-01-16,9339
6770,力積電,69,49,20,華南永昌-竹北,2024-01-16,9339
5351,鈺創,37,17,20,華南永昌-竹北,2024-01-16,9339
00878,國泰永續高股息,25,6,19,華南永昌-竹北,2024-01-16,9339
2610,華航,26,7,19,華南永昌-竹北,2024-01-16,9339
4953,緯軟,20,1,19,華南永昌-竹北,2024-01-16,9339
4960,誠美材,20,1,19,華南永昌-竹北,2024-01-16,9339
2886,兆豐金,18,0,18,華南永昌-竹北,2024-01-16,9339
6243,迅杰,30,12,18,華南永昌-竹北,2024-01-16,9339
3499,環天科,20,2,18,華南永昌-竹北,2024-01-16,9339
8210,勤誠,53,37,16,華南永昌-竹北,2024-01-16,9339
2365,昆盈,16,0,16,華南永昌-竹北,2024-01-16,9339
2883,凱基金,16,2,14,華南永昌-竹北,2024-01-16,9339
6684,安格,42,29,13,華南永昌-竹北,2024-01-16,9339
3706,神達,28,15,13,華南永昌-竹北,2024-01-16,9339
2892,第一金,12,0,12,華南永昌-竹北,2024-01-16,9339
2344,華邦電,12,0,12,華南永昌-竹北,2024-01-16,9339
2301,光寶科,17,5,12,華南永昌-竹北,2024-01-16,9339
6219,富旺,17,5,12,華南永昌-竹北,2024-01-16,9339
2880,華南金,11,0,11,華南永昌-竹北,2024-01-16,9339
6175,立敦,11,0,11,華南永昌-竹北,2024-01-16,9339
9921,巨大,10,0,10,華南永昌-竹北,2024-01-16,9339
1314,中石化,10,0,10,華南永昌-竹北,2024-01-16,9339
2489,瑞軒,10,0,10,華南永昌-竹北,2024-01-16,9339
2748,雲品,41,31,10,華南永昌-竹北,2024-01-16,9339
6166,凌華,10,0,10,華南永昌-竹北,2024-01-16,9339
3006,晶豪科,10,2,8,華南永昌-竹北,2024-01-16,9339
6235,華孚,8,0,8,華南永昌-竹北,2024-01-16,9339
9927,泰銘,8,0,8,華南永昌-竹北,2024-01-16,9339
2609,陽明,611,281,330,華南永昌-竹北,2024-01-17,9339
4960,誠美材,262,36,226,華南永昌-竹北,2024-01-17,9339
00929,復華台灣科技優息,215,8,207,華南永昌-竹北,2024-01-17,9339
8086,宏捷科,185,2,183,華南永昌-竹北,2024-01-17,9339
6462,神盾,188,7,181,華南永昌-竹北,2024-01-17,9339
00937B,群益ESG投等債20,123,0,123,華南永昌-竹北,2024-01-17,9339
2201,裕隆,83,2,81,華南永昌-竹北,2024-01-17,9339
0056,元大高股息,69,5,64,華南永昌-竹北,2024-01-17,9339
1528,恩德,135,74,61,華南永昌-竹北,2024-01-17,9339
00919,群益台灣精選高息,56,5,51,華南永昌-竹北,2024-01-17,9339
2303,聯電,45,2,43,華南永昌-竹北,2024-01-17,9339
00751B,元大AAA至A公司債,41,0,41,華南永昌-竹北,2024-01-17,9339
00882,中信中國高股息,40,0,40,華南永昌-竹北,2024-01-17,9339
00878,國泰永續高股息,48,12,36,華南永昌-竹北,2024-01-17,9339
2458,義隆,34,0,34,華南永昌-竹北,2024-01-17,9339
6869,雲豹能源,32,0,32,華南永昌-竹北,2024-01-17,9339
2344,華邦電,59,28,31,華南永昌-竹北,2024-01-17,9339
2891,中信金,31,0,31,華南永昌-竹北,2024-01-17,9339
8222,寶一,30,0,30,華南永昌-竹北,2024-01-17,9339
0050,元大台灣50,26,0,26,華南永昌-竹北,2024-01-17,9339
2356,英業達,56,31,25,華南永昌-竹北,2024-01-17,9339
6770,力積電,37,14,23,華南永昌-竹北,2024-01-17,9339
6937,天虹,27,4,23,華南永昌-竹北,2024-01-17,9339
6695,芯鼎,34,13,21,華南永昌-竹北,2024-01-17,9339
00936,台新永續高息中小,20,0,20,華南永昌-竹北,2024-01-17,9339
5392,能率,20,0,20,華南永昌-竹北,2024-01-17,9339
2610,華航,19,0,19,華南永昌-竹北,2024-01-17,9339
5210,寶碩,19,0,19,華南永昌-竹北,2024-01-17,9339
3035,智原,153,134,19,華南永昌-竹北,2024-01-17,9339
2317,鴻海,21,3,18,華南永昌-竹北,2024-01-17,9339
5351,鈺創,29,13,16,華南永昌-竹北,2024-01-17,9339
2882,國泰金,16,0,16,華南永昌-竹北,2024-01-17,9339
6535,順藥,25,9,16,華南永昌-竹北,2024-01-17,9339
2801,彰銀,15,0,15,華南永昌-竹北,2024-01-17,9339
00665L,富邦�琤肭磪囓�2,26,11,15,華南永昌-竹北,2024-01-17,9339
6175,立敦,14,0,14,華南永昌-竹北,2024-01-17,9339
4529,淳紳,18,4,14,華南永昌-竹北,2024-01-17,9339
00918,大華優利高填息30,13,0,13,華南永昌-竹北,2024-01-17,9339
1314,中石化,13,0,13,華南永昌-竹北,2024-01-17,9339
2618,長榮航,13,0,13,華南永昌-竹北,2024-01-17,9339
00688L,國泰20年美債正2,12,0,12,華南永昌-竹北,2024-01-17,9339
2409,友達,12,0,12,華南永昌-竹北,2024-01-17,9339
2886,兆豐金,11,0,11,華南永昌-竹北,2024-01-17,9339
00927,群益半導體收益,11,0,11,華南永昌-竹北,2024-01-17,9339
4735,豪展,11,0,11,華南永昌-竹北,2024-01-17,9339
2888,新光金,10,0,10,華南永昌-竹北,2024-01-17,9339
00720B,元大投資級公司債,10,0,10,華南永昌-竹北,2024-01-17,9339
1711,永光,10,0,10,華南永昌-竹北,2024-01-17,9339
3033,威健,10,0,10,華南永昌-竹北,2024-01-17,9339
6243,迅杰,87,77,10,華南永昌-竹北,2024-01-17,9339
3481,群創,428,119,309,華南永昌-竹北,2024-01-18,9339
6188,廣明,122,0,122,華南永昌-竹北,2024-01-18,9339
00929,復華台灣科技優息,91,10,81,華南永昌-竹北,2024-01-18,9339
6869,雲豹能源,77,0,77,華南永昌-竹北,2024-01-18,9339
6462,神盾,107,46,61,華南永昌-竹北,2024-01-18,9339
00680L,元大美債20正2,55,4,51,華南永昌-竹北,2024-01-18,9339
3227,原相,40,1,39,華南永昌-竹北,2024-01-18,9339
00632R,元大台灣50反1,33,2,31,華南永昌-竹北,2024-01-18,9339
00720B,元大投資級公司債,31,1,30,華南永昌-竹北,2024-01-18,9339
00919,群益台灣精選高息,49,20,29,華南永昌-竹北,2024-01-18,9339
3607,谷崧,25,0,25,華南永昌-竹北,2024-01-18,9339
00679B,元大美債20年,25,0,25,華南永昌-竹北,2024-01-18,9339
8085,福華,33,10,23,華南永昌-竹北,2024-01-18,9339
2382,廣達,92,72,20,華南永昌-竹北,2024-01-18,9339
1609,大亞,20,0,20,華南永昌-竹北,2024-01-18,9339
2472,立隆電,20,0,20,華南永昌-竹北,2024-01-18,9339
00878,國泰永續高股息,21,1,20,華南永昌-竹北,2024-01-18,9339
3321,同泰,20,1,19,華南永昌-竹北,2024-01-18,9339
00751B,元大AAA至A公司債,20,1,19,華南永昌-竹北,2024-01-18,9339
0056,元大高股息,25,7,18,華南永昌-竹北,2024-01-18,9339
00932,兆豐永續高息等權,18,0,18,華南永昌-竹北,2024-01-18,9339
1528,恩德,29,13,16,華南永昌-竹北,2024-01-18,9339
2344,華邦電,24,11,13,華南永昌-竹北,2024-01-18,9339
2329,華泰,37,26,11,華南永昌-竹北,2024-01-18,9339
2484,希華,11,0,11,華南永昌-竹北,2024-01-18,9339
6615,慧智,10,0,10,華南永昌-竹北,2024-01-18,9339
8201,無敵,10,0,10,華南永昌-竹北,2024-01-18,9339
8222,寶一,15,5,10,華南永昌-竹北,2024-01-18,9339
5351,鈺創,11,2,9,華南永昌-竹北,2024-01-18,9339
6526,達發,9,0,9,華南永昌-竹北,2024-01-18,9339
1326,台化,10,2,8,華南永昌-竹北,2024-01-18,9339
2312,金寶,7,0,7,華南永昌-竹北,2024-01-18,9339
00927,群益半導體收益,6,0,6,華南永昌-竹北,2024-01-18,9339
2882,國泰金,6,0,6,華南永昌-竹北,2024-01-18,9339
2377,微星,12,6,6,華南永昌-竹北,2024-01-18,9339
1303,南亞,6,0,6,華南永昌-竹北,2024-01-18,9339
3576,聯合再生,6,0,6,華南永昌-竹北,2024-01-18,9339
4164,承業醫,6,0,6,華南永昌-竹北,2024-01-18,9339
2887,台新金,8,3,5,華南永昌-竹北,2024-01-18,9339
2303,聯電,6,1,5,華南永昌-竹北,2024-01-18,9339
2498,宏達電,5,0,5,華南永昌-竹北,2024-01-18,9339
00673R,期元大S＆P原油反1,5,0,5,華南永昌-竹北,2024-01-18,9339
00725B,國泰投資級公司債,5,0,5,華南永昌-竹北,2024-01-18,9339
1605,華新,8,3,5,華南永昌-竹北,2024-01-18,9339
1802,台玻,5,0,5,華南永昌-竹北,2024-01-18,9339
2371,大同,5,0,5,華南永昌-竹北,2024-01-18,9339
2883,凱基金,8,3,5,華南永昌-竹北,2024-01-18,9339
3033,威健,5,0,5,華南永昌-竹北,2024-01-18,9339
6770,力積電,66,61,5,華南永昌-竹北,2024-01-18,9339
8038,長園科,5,0,5,華南永昌-竹北,2024-01-18,9339
3481,群創,468,12,456,華南永昌-竹北,2024-01-19,9339
6462,神盾,288,7,281,華南永昌-竹北,2024-01-19,9339
2609,陽明,313,36,277,華南永昌-竹北,2024-01-19,9339
2353,宏��,305,36,269,華南永昌-竹北,2024-01-19,9339
2313,華通,251,1,250,華南永昌-竹北,2024-01-19,9339
00637L,元大滬深300正2,175,0,175,華南永昌-竹北,2024-01-19,9339
2399,映泰,96,0,96,華南永昌-竹北,2024-01-19,9339
3035,智原,141,51,90,華南永昌-竹北,2024-01-19,9339
00679B,元大美債20年,71,1,70,華南永昌-竹北,2024-01-19,9339
6188,廣明,69,2,67,華南永昌-竹北,2024-01-19,9339
00929,復華台灣科技優息,75,12,63,華南永昌-竹北,2024-01-19,9339
00720B,元大投資級公司債,61,0,61,華南永昌-竹北,2024-01-19,9339
2329,華泰,125,65,60,華南永昌-竹北,2024-01-19,9339
00687B,國泰20年美債,58,1,57,華南永昌-竹北,2024-01-19,9339
00931B,統一美債20年,52,0,52,華南永昌-竹北,2024-01-19,9339
2892,第一金,51,0,51,華南永昌-竹北,2024-01-19,9339
2601,益航,40,0,40,華南永昌-竹北,2024-01-19,9339
2603,長榮,45,5,40,華南永昌-竹北,2024-01-19,9339
00680L,元大美債20正2,37,0,37,華南永昌-竹北,2024-01-19,9339
6219,富旺,37,3,34,華南永昌-竹北,2024-01-19,9339
2201,裕隆,33,0,33,華南永昌-竹北,2024-01-19,9339
2412,中華電,155,125,30,華南永昌-竹北,2024-01-19,9339
2886,兆豐金,30,1,29,華南永昌-竹北,2024-01-19,9339
00907,永豐優息存股,28,0,28,華南永昌-竹北,2024-01-19,9339
2324,仁寶,30,2,28,華南永昌-竹北,2024-01-19,9339
1609,大亞,30,3,27,華南永昌-竹北,2024-01-19,9339
2891,中信金,36,10,26,華南永昌-竹北,2024-01-19,9339
2883,凱基金,26,0,26,華南永昌-竹北,2024-01-19,9339
2409,友達,28,3,25,華南永昌-竹北,2024-01-19,9339
6213,聯茂,26,1,25,華南永昌-竹北,2024-01-19,9339
2340,台亞,21,0,21,華南永昌-竹北,2024-01-19,9339
00712,復華富時不動產,21,0,21,華南永昌-竹北,2024-01-19,9339
2376,技嘉,63,42,21,華南永昌-竹北,2024-01-19,9339
2489,瑞軒,20,0,20,華南永昌-竹北,2024-01-19,9339
2515,中工,20,0,20,華南永昌-竹北,2024-01-19,9339
6531,愛普*,23,3,20,華南永昌-竹北,2024-01-19,9339
2206,三陽工業,20,1,19,華南永昌-竹北,2024-01-19,9339
4102,永日,115,96,19,華南永昌-竹北,2024-01-19,9339
2368,金像電,19,1,18,華南永昌-竹北,2024-01-19,9339
00632R,元大台灣50反1,21,3,18,華南永昌-竹北,2024-01-19,9339
3680,家登,19,2,17,華南永昌-竹北,2024-01-19,9339
2618,長榮航,34,19,15,華南永昌-竹北,2024-01-19,9339
6166,凌華,15,0,15,華南永昌-竹北,2024-01-19,9339
00937B,群益ESG投等債20,36,22,14,華南永昌-竹北,2024-01-19,9339
3362,先進光,14,0,14,華南永昌-竹北,2024-01-19,9339
2881,富邦金,23,10,13,華南永昌-竹北,2024-01-19,9339
2887,台新金,13,0,13,華南永昌-竹北,2024-01-19,9339
00882,中信中國高股息,14,1,13,華南永昌-竹北,2024-01-19,9339
6770,力積電,22,10,12,華南永昌-竹北,2024-01-19,9339
8201,無敵,12,0,12,華南永昌-竹北,2024-01-19,9339
00687B,國泰20年美債,958,0,958,華南永昌-竹北,2024-01-22,9339
2329,華泰,408,104,304,華南永昌-竹北,2024-01-22,9339
6462,神盾,263,1,262,華南永昌-竹北,2024-01-22,9339
00665L,富邦�琤肭磪囓�2,320,135,185,華南永昌-竹北,2024-01-22,9339
8027,鈦昇,155,8,147,華南永昌-竹北,2024-01-22,9339
3645,達邁,134,0,134,華南永昌-竹北,2024-01-22,9339
00632R,元大台灣50反1,160,49,111,華南永昌-竹北,2024-01-22,9339
3481,群創,185,94,91,華南永昌-竹北,2024-01-22,9339
3032,偉訓,60,5,55,華南永昌-竹北,2024-01-22,9339
00720B,元大投資級公司債,44,0,44,華南永昌-竹北,2024-01-22,9339
4129,聯合,54,11,43,華南永昌-竹北,2024-01-22,9339
2367,燿華,36,0,36,華南永昌-竹北,2024-01-22,9339
4102,永日,50,14,36,華南永昌-竹北,2024-01-22,9339
8210,勤誠,42,6,36,華南永昌-竹北,2024-01-22,9339
00882,中信中國高股息,32,1,31,華南永昌-竹北,2024-01-22,9339
2206,三陽工業,30,0,30,華南永昌-竹北,2024-01-22,9339
4735,豪展,26,0,26,華南永昌-竹北,2024-01-22,9339
2615,萬海,26,0,26,華南永昌-竹北,2024-01-22,9339
2641,正德,26,0,26,華南永昌-竹北,2024-01-22,9339
6535,順藥,26,0,26,華南永昌-竹北,2024-01-22,9339
00919,群益台灣精選高息,28,3,25,華南永昌-竹北,2024-01-22,9339
1609,大亞,30,5,25,華南永昌-竹北,2024-01-22,9339
00929,復華台灣科技優息,55,31,24,華南永昌-竹北,2024-01-22,9339
2363,矽統,21,1,20,華南永昌-竹北,2024-01-22,9339
00715L,期街口布蘭特正2,60,40,20,華南永昌-竹北,2024-01-22,9339
00671R,富邦NASDAQ反1,20,0,20,華南永昌-竹北,2024-01-22,9339
3264,欣銓,20,0,20,華南永昌-竹北,2024-01-22,9339
6239,力成,20,1,19,華南永昌-竹北,2024-01-22,9339
00907,永豐優息存股,20,2,18,華南永昌-竹北,2024-01-22,9339
4960,誠美材,20,2,18,華南永昌-竹北,2024-01-22,9339
2317,鴻海,14,0,14,華南永昌-竹北,2024-01-22,9339
8936,國統,12,1,11,華南永昌-竹北,2024-01-22,9339
2618,長榮航,10,0,10,華南永昌-竹北,2024-01-22,9339
00637L,元大滬深300正2,10,0,10,華南永昌-竹北,2024-01-22,9339
00922,國泰台灣領袖50,10,0,10,華南永昌-竹北,2024-01-22,9339
00930,永豐ESG低碳高息,10,0,10,華南永昌-竹北,2024-01-22,9339
2887,台新金,10,0,10,華南永昌-竹北,2024-01-22,9339
3066,李洲,19,9,10,華南永昌-竹北,2024-01-22,9339
5876,上海商銀,10,0,10,華南永昌-竹北,2024-01-22,9339
8064,東捷,10,0,10,華南永昌-竹北,2024-01-22,9339
8176,智捷,10,0,10,華南永昌-竹北,2024-01-22,9339
00902,中信電池及儲能,13,4,9,華南永昌-竹北,2024-01-22,9339
3548,兆利,19,10,9,華南永昌-竹北,2024-01-22,9339
2465,麗臺,15,6,9,華南永昌-竹北,2024-01-22,9339
2344,華邦電,27,19,8,華南永昌-竹北,2024-01-22,9339
3189,景碩,9,1,8,華南永昌-竹北,2024-01-22,9339
6615,慧智,8,0,8,華南永昌-竹北,2024-01-22,9339
3265,台星科,11,3,8,華南永昌-竹北,2024-01-22,9339
2316,楠梓電,13,6,7,華南永昌-竹北,2024-01-22,9339
1101,台泥,7,0,7,華南永昌-竹北,2024-01-22,9339
6462,神盾,311,7,304,華南永昌-竹北,2024-01-23,9339
00632R,元大台灣50反1,120,0,120,華南永昌-竹北,2024-01-23,9339
2313,華通,212,118,94,華南永昌-竹北,2024-01-23,9339
00907,永豐優息存股,82,0,82,華南永昌-竹北,2024-01-23,9339
2609,陽明,388,313,75,華南永昌-竹北,2024-01-23,9339
4129,聯合,67,0,67,華南永昌-竹北,2024-01-23,9339
3231,緯創,95,39,56,華南永昌-竹北,2024-01-23,9339
00933B,國泰10Y+金融債,47,0,47,華南永昌-竹北,2024-01-23,9339
2641,正德,70,26,44,華南永昌-竹北,2024-01-23,9339
2401,凌陽,40,0,40,華南永昌-竹北,2024-01-23,9339
1785,光洋科,112,74,38,華南永昌-竹北,2024-01-23,9339
2880,華南金,31,0,31,華南永昌-竹北,2024-01-23,9339
00720B,元大投資級公司債,31,0,31,華南永昌-竹北,2024-01-23,9339
2324,仁寶,29,1,28,華南永昌-竹北,2024-01-23,9339
00637L,元大滬深300正2,31,6,25,華南永昌-竹北,2024-01-23,9339
5234,達興材料,24,0,24,華南永昌-竹北,2024-01-23,9339
2887,台新金,22,0,22,華南永昌-竹北,2024-01-23,9339
0056,元大高股息,21,1,20,華南永昌-竹北,2024-01-23,9339
00753L,中信中國50正2,20,0,20,華南永昌-竹北,2024-01-23,9339
2363,矽統,20,0,20,華南永昌-竹北,2024-01-23,9339
3588,通嘉,18,1,17,華南永昌-竹北,2024-01-23,9339
00919,群益台灣精選高息,17,0,17,華南永昌-竹北,2024-01-23,9339
6122,擎邦,18,1,17,華南永昌-竹北,2024-01-23,9339
3035,智原,22,6,16,華南永昌-竹北,2024-01-23,9339
2301,光寶科,18,3,15,華南永昌-竹北,2024-01-23,9339
2376,技嘉,16,4,12,華南永昌-竹北,2024-01-23,9339
00929,復華台灣科技優息,22,11,11,華南永昌-竹北,2024-01-23,9339
00882,中信中國高股息,11,0,11,華南永昌-竹北,2024-01-23,9339
2867,三商壽,11,0,11,華南永昌-竹北,2024-01-23,9339
3380,明泰,19,8,11,華南永昌-竹北,2024-01-23,9339
6742,澤米,10,0,10,華南永昌-竹北,2024-01-23,9339
3363,上詮,10,0,10,華南永昌-竹北,2024-01-23,9339
3376,新日興,10,0,10,華南永昌-竹北,2024-01-23,9339
8064,東捷,10,0,10,華南永昌-竹北,2024-01-23,9339
00650L,復華香港正2,10,0,10,華南永昌-竹北,2024-01-23,9339
00937B,群益ESG投等債20,12,2,10,華南永昌-竹北,2024-01-23,9339
6108,競國,10,0,10,華南永昌-竹北,2024-01-23,9339
6111,大宇資,13,5,8,華南永昌-竹北,2024-01-23,9339
1326,台化,8,0,8,華南永昌-竹北,2024-01-23,9339
2002,中鋼,7,0,7,華南永昌-竹北,2024-01-23,9339
8210,勤誠,7,0,7,華南永昌-竹北,2024-01-23,9339
2886,兆豐金,7,0,7,華南永昌-竹北,2024-01-23,9339
00795B,中信美國公債20年,7,0,7,華南永昌-竹北,2024-01-23,9339
8027,鈦昇,20,14,6,華南永昌-竹北,2024-01-23,9339
3059,華晶科,11,5,6,華南永昌-竹北,2024-01-23,9339
8150,南茂,6,0,6,華南永昌-竹北,2024-01-23,9339
2606,裕民,7,1,6,華南永昌-竹北,2024-01-23,9339
3264,欣銓,5,0,5,華南永昌-竹北,2024-01-23,9339
6127,九豪,16,11,5,華南永昌-竹北,2024-01-23,9339
00921,兆豐龍頭等權重,5,0,5,華南永昌-竹北,2024-01-23,9339
2313,華通,669,118,551,華南永昌-竹北,2024-01-24,9339
2609,陽明,912,407,505,華南永昌-竹北,2024-01-24,9339
00633L,富邦上証正2,488,0,488,華南永昌-竹北,2024-01-24,9339
2382,廣達,307,106,201,華南永昌-竹北,2024-01-24,9339
3706,神達,235,42,193,華南永昌-竹北,2024-01-24,9339
2376,技嘉,251,91,160,華南永昌-竹北,2024-01-24,9339
6462,神盾,156,5,151,華南永昌-竹北,2024-01-24,9339
00927,群益半導體收益,150,0,150,華南永昌-竹北,2024-01-24,9339
3231,緯創,848,703,145,華南永昌-竹北,2024-01-24,9339
2201,裕隆,142,4,138,華南永昌-竹北,2024-01-24,9339
00632R,元大台灣50反1,130,1,129,華南永昌-竹北,2024-01-24,9339
00929,復華台灣科技優息,159,30,129,華南永昌-竹北,2024-01-24,9339
2603,長榮,127,0,127,華南永昌-竹北,2024-01-24,9339
3450,聯鈞,104,6,98,華南永昌-竹北,2024-01-24,9339
00670L,富邦NASDAQ正2,91,0,91,華南永昌-竹北,2024-01-24,9339
2486,一詮,77,3,74,華南永昌-竹北,2024-01-24,9339
00937B,群益ESG投等債20,62,2,60,華南永昌-竹北,2024-01-24,9339
8085,福華,60,3,57,華南永昌-竹北,2024-01-24,9339
1519,華城,73,21,52,華南永昌-竹北,2024-01-24,9339
8210,勤誠,57,6,51,華南永昌-竹北,2024-01-24,9339
6584,南俊國際,50,0,50,華南永昌-竹北,2024-01-24,9339
6785,昱展新藥,48,1,47,華南永昌-竹北,2024-01-24,9339
00720B,元大投資級公司債,33,0,33,華南永昌-竹北,2024-01-24,9339
4726,永昕,51,20,31,華南永昌-竹北,2024-01-24,9339
00715L,期街口布蘭特正2,28,0,28,華南永昌-竹北,2024-01-24,9339
00878,國泰永續高股息,67,40,27,華南永昌-竹北,2024-01-24,9339
00753L,中信中國50正2,22,0,22,華南永昌-竹北,2024-01-24,9339
2880,華南金,20,0,20,華南永昌-竹北,2024-01-24,9339
3607,谷崧,20,3,17,華南永昌-竹北,2024-01-24,9339
00687B,國泰20年美債,23,7,16,華南永昌-竹北,2024-01-24,9339
3680,家登,16,0,16,華南永昌-竹北,2024-01-24,9339
00665L,富邦�琤肭磪囓�2,95,80,15,華南永昌-竹北,2024-01-24,9339
2383,台光電,16,1,15,華南永昌-竹北,2024-01-24,9339
2615,萬海,16,1,15,華南永昌-竹北,2024-01-24,9339
4967,十銓,23,8,15,華南永昌-竹北,2024-01-24,9339
5457,宣德,15,0,15,華南永昌-竹北,2024-01-24,9339
6451,訊芯-KY,24,10,14,華南永昌-竹北,2024-01-24,9339
5469,瀚宇博,13,0,13,華南永昌-竹北,2024-01-24,9339
6531,愛普*,18,6,12,華南永昌-竹北,2024-01-24,9339
00637L,元大滬深300正2,61,50,11,華南永昌-竹北,2024-01-24,9339
5426,振發,12,1,11,華南永昌-竹北,2024-01-24,9339
00680L,元大美債20正2,10,0,10,華南永昌-竹北,2024-01-24,9339
1609,大亞,18,8,10,華南永昌-竹北,2024-01-24,9339
2002,中鋼,10,1,9,華南永昌-竹北,2024-01-24,9339
2489,瑞軒,10,1,9,華南永昌-竹北,2024-01-24,9339
3587,閎康,14,5,9,華南永昌-竹北,2024-01-24,9339
4909,新復興,32,23,9,華南永昌-竹北,2024-01-24,9339
2516,新建,8,0,8,華南永昌-竹北,2024-01-24,9339
00882,中信中國高股息,11,3,8,華南永昌-竹北,2024-01-24,9339
6237,驊訊,39,32,7,華南永昌-竹北,2024-01-24,9339
00753L,中信中國50正2,621,16,605,華南永昌-竹北,2024-01-25,9339
2609,陽明,461,307,154,華南永昌-竹北,2024-01-25,9339
2201,裕隆,148,32,116,華南永昌-竹北,2024-01-25,9339
00671R,富邦NASDAQ反1,100,0,100,華南永昌-竹北,2024-01-25,9339
3231,緯創,290,191,99,華南永昌-竹北,2024-01-25,9339
6188,廣明,96,0,96,華南永昌-竹北,2024-01-25,9339
3037,欣興,152,67,85,華南永昌-竹北,2024-01-25,9339
00687B,國泰20年美債,79,0,79,華南永昌-竹北,2024-01-25,9339
2382,廣達,184,109,75,華南永昌-竹北,2024-01-25,9339
2376,技嘉,75,26,49,華南永昌-竹北,2024-01-25,9339
00720B,元大投資級公司債,46,0,46,華南永昌-竹北,2024-01-25,9339
00882,中信中國高股息,44,0,44,華南永昌-竹北,2024-01-25,9339
2880,華南金,41,0,41,華南永昌-竹北,2024-01-25,9339
1519,華城,40,2,38,華南永昌-竹北,2024-01-25,9339
2206,三陽工業,56,25,31,華南永昌-竹北,2024-01-25,9339
3706,神達,31,0,31,華南永昌-竹北,2024-01-25,9339
2486,一詮,36,8,28,華南永昌-竹北,2024-01-25,9339
2340,台亞,27,0,27,華南永昌-竹北,2024-01-25,9339
6233,旺玖,24,0,24,華南永昌-竹北,2024-01-25,9339
00888,永豐台灣ESG,24,1,23,華南永昌-竹北,2024-01-25,9339
6550,北極星藥業-KY,23,0,23,華南永昌-竹北,2024-01-25,9339
6113,亞矽,52,30,22,華南永昌-竹北,2024-01-25,9339
6243,迅杰,23,1,22,華南永昌-竹北,2024-01-25,9339
2369,菱生,24,4,20,華南永昌-竹北,2024-01-25,9339
2356,英業達,107,87,20,華南永昌-竹北,2024-01-25,9339
00937B,群益ESG投等債20,22,4,18,華南永昌-竹北,2024-01-25,9339
2465,麗臺,18,0,18,華南永昌-竹北,2024-01-25,9339
6265,方土昶,17,0,17,華南永昌-竹北,2024-01-25,9339
00929,復華台灣科技優息,19,3,16,華南永昌-竹北,2024-01-25,9339
00772B,中信高評級公司債,16,0,16,華南永昌-竹北,2024-01-25,9339
00670L,富邦NASDAQ正2,15,0,15,華南永昌-竹北,2024-01-25,9339
8096,擎亞,58,44,14,華南永昌-竹北,2024-01-25,9339
3325,旭品,14,0,14,華南永昌-竹北,2024-01-25,9339
9105,泰金寶-DR,19,5,14,華南永昌-竹北,2024-01-25,9339
00679B,元大美債20年,12,0,12,華南永昌-竹北,2024-01-25,9339
00632R,元大台灣50反1,22,10,12,華南永昌-竹北,2024-01-25,9339
3615,安可,15,4,11,華南永昌-竹北,2024-01-25,9339
1612,宏泰,11,0,11,華南永昌-竹北,2024-01-25,9339
2103,台橡,10,0,10,華南永昌-竹北,2024-01-25,9339
2104,國際中橡,10,0,10,華南永昌-竹北,2024-01-25,9339
2353,宏��,10,0,10,華南永昌-竹北,2024-01-25,9339
6213,聯茂,10,0,10,華南永昌-竹北,2024-01-25,9339
2344,華邦電,20,11,9,華南永昌-竹北,2024-01-25,9339
2467,志聖,15,6,9,華南永昌-竹北,2024-01-25,9339
3017,奇鋐,37,28,9,華南永昌-竹北,2024-01-25,9339
3437,榮創,10,2,8,華南永昌-竹北,2024-01-25,9339
6695,芯鼎,17,9,8,華南永昌-竹北,2024-01-25,9339
00918,大華優利高填息30,7,0,7,華南永昌-竹北,2024-01-25,9339
2421,建準,9,2,7,華南永昌-竹北,2024-01-25,9339
0056,元大高股息,8,1,7,華南永昌-竹北,2024-01-25,9339
2313,華通,120,0,120,華南永昌-竹北,2024-01-26,9339
6462,神盾,68,4,64,華南永昌-竹北,2024-01-26,9339
00929,復華台灣科技優息,43,0,43,華南永昌-竹北,2024-01-26,9339
2884,玉山金,40,0,40,華南永昌-竹北,2024-01-26,9339
6785,昱展新藥,59,22,37,華南永昌-竹北,2024-01-26,9339
3231,緯創,69,32,37,華南永昌-竹北,2024-01-26,9339
8085,福華,40,5,35,華南永昌-竹北,2024-01-26,9339
2344,華邦電,39,5,34,華南永昌-竹北,2024-01-26,9339
4960,誠美材,33,0,33,華南永昌-竹北,2024-01-26,9339
2486,一詮,44,15,29,華南永昌-竹北,2024-01-26,9339
2431,聯昌,33,4,29,華南永昌-竹北,2024-01-26,9339
2201,裕隆,25,0,25,華南永昌-竹北,2024-01-26,9339
6126,信音,25,0,25,華南永昌-竹北,2024-01-26,9339
2303,聯電,45,22,23,華南永昌-竹北,2024-01-26,9339
00937B,群益ESG投等債20,22,0,22,華南永昌-竹北,2024-01-26,9339
00753L,中信中國50正2,20,0,20,華南永昌-竹北,2024-01-26,9339
8210,勤誠,18,0,18,華南永昌-竹北,2024-01-26,9339
00673R,期元大S＆P原油反1,18,0,18,華南永昌-竹北,2024-01-26,9339
0056,元大高股息,33,16,17,華南永昌-竹北,2024-01-26,9339
8092,建暐,17,0,17,華南永昌-竹北,2024-01-26,9339
00713,元大台灣高息低波,16,0,16,華南永昌-竹北,2024-01-26,9339
2317,鴻海,27,12,15,華南永昌-竹北,2024-01-26,9339
2365,昆盈,27,12,15,華南永昌-竹北,2024-01-26,9339
00687B,國泰20年美債,14,0,14,華南永昌-竹北,2024-01-26,9339
2609,陽明,127,113,14,華南永昌-竹北,2024-01-26,9339
3376,新日興,22,9,13,華南永昌-竹北,2024-01-26,9339
1612,宏泰,11,0,11,華南永昌-竹北,2024-01-26,9339
2409,友達,14,3,11,華南永昌-竹北,2024-01-26,9339
5272,笙科,10,0,10,華南永昌-竹北,2024-01-26,9339
2312,金寶,10,0,10,華南永昌-竹北,2024-01-26,9339
2762,世界健身-KY,10,0,10,華南永昌-竹北,2024-01-26,9339
2801,彰銀,10,0,10,華南永昌-竹北,2024-01-26,9339
5014,建錩,10,0,10,華南永昌-竹北,2024-01-26,9339
6116,彩晶,10,0,10,華南永昌-竹北,2024-01-26,9339
2324,仁寶,41,31,10,華南永昌-竹北,2024-01-26,9339
2329,華泰,19,10,9,華南永昌-竹北,2024-01-26,9339
2340,台亞,9,0,9,華南永昌-竹北,2024-01-26,9339
3548,兆利,22,13,9,華南永昌-竹北,2024-01-26,9339
6113,亞矽,13,4,9,華南永昌-竹北,2024-01-26,9339
9927,泰銘,9,0,9,華南永昌-竹北,2024-01-26,9339
6127,九豪,15,6,9,華南永昌-竹北,2024-01-26,9339
00882,中信中國高股息,9,1,8,華南永昌-竹北,2024-01-26,9339
00688L,國泰20年美債正2,8,0,8,華南永昌-竹北,2024-01-26,9339
4938,和碩,20,12,8,華南永昌-竹北,2024-01-26,9339
6235,華孚,14,7,7,華南永昌-竹北,2024-01-26,9339
00665L,富邦�琤肭磪囓�2,53,46,7,華南永昌-竹北,2024-01-26,9339
2610,華航,6,0,6,華南永昌-竹北,2024-01-26,9339
00915,凱基優選高股息30,5,0,5,華南永昌-竹北,2024-01-26,9339
2362,藍天,5,0,5,華南永昌-竹北,2024-01-26,9339
3041,揚智,5,0,5,華南永昌-竹北,2024-01-26,9339
00665L,富邦�琤肭磪囓�2,167,64,103,華南永昌-竹北,2024-01-29,9339
3376,新日興,134,72,62,華南永昌-竹北,2024-01-29,9339
2329,華泰,85,29,56,華南永昌-竹北,2024-01-29,9339
00680L,元大美債20正2,52,0,52,華南永昌-竹北,2024-01-29,9339
00937B,群益ESG投等債20,40,0,40,華南永昌-竹北,2024-01-29,9339
2201,裕隆,35,0,35,華南永昌-竹北,2024-01-29,9339
4706,大恭,27,0,27,華南永昌-竹北,2024-01-29,9339
00637L,元大滬深300正2,104,78,26,華南永昌-竹北,2024-01-29,9339
00687B,國泰20年美債,24,0,24,華南永昌-竹北,2024-01-29,9339
2601,益航,22,0,22,華南永昌-竹北,2024-01-29,9339
4588,玖鼎電力,21,0,21,華南永昌-竹北,2024-01-29,9339
8085,福華,44,25,19,華南永昌-竹北,2024-01-29,9339
6188,廣明,18,0,18,華南永昌-竹北,2024-01-29,9339
2867,三商壽,17,0,17,華南永昌-竹北,2024-01-29,9339
8054,安國,143,126,17,華南永昌-竹北,2024-01-29,9339
2606,裕民,15,0,15,華南永昌-竹北,2024-01-29,9339
2609,陽明,17,3,14,華南永昌-竹北,2024-01-29,9339
2349,錸德,14,0,14,華南永昌-竹北,2024-01-29,9339
6472,保瑞,10,0,10,華南永昌-竹北,2024-01-29,9339
00632R,元大台灣50反1,11,1,10,華南永昌-竹北,2024-01-29,9339
00688L,國泰20年美債正2,10,0,10,華南永昌-竹北,2024-01-29,9339
2206,三陽工業,10,0,10,華南永昌-竹北,2024-01-29,9339
2915,潤泰全,10,0,10,華南永昌-竹北,2024-01-29,9339
3066,李洲,21,11,10,華南永昌-竹北,2024-01-29,9339
3521,鴻翊,10,0,10,華南永昌-竹北,2024-01-29,9339
3563,牧德,11,1,10,華南永昌-竹北,2024-01-29,9339
8936,國統,14,4,10,華南永昌-竹北,2024-01-29,9339
2880,華南金,10,0,10,華南永昌-竹北,2024-01-29,9339
4729,熒茂,9,0,9,華南永昌-竹北,2024-01-29,9339
2489,瑞軒,10,2,8,華南永昌-竹北,2024-01-29,9339
2303,聯電,7,0,7,華南永昌-竹北,2024-01-29,9339
00753L,中信中國50正2,5,0,5,華南永昌-竹北,2024-01-29,9339
2886,兆豐金,5,0,5,華南永昌-竹北,2024-01-29,9339
3047,訊舟,5,0,5,華南永昌-竹北,2024-01-29,9339
3083,網龍,5,0,5,華南永昌-竹北,2024-01-29,9339
3362,先進光,6,1,5,華南永昌-竹北,2024-01-29,9339
3588,通嘉,5,0,5,華南永昌-竹北,2024-01-29,9339
3672,康聯訊,6,1,5,華南永昌-竹北,2024-01-29,9339
4968,立積,8,3,5,華南永昌-竹北,2024-01-29,9339
6285,啟��,5,0,5,華南永昌-竹北,2024-01-29,9339
6615,慧智,5,0,5,華南永昌-竹北,2024-01-29,9339
8059,凱碩,5,0,5,華南永昌-竹北,2024-01-29,9339
8933,愛地雅,5,0,5,華南永昌-竹北,2024-01-29,9339
1314,中石化,5,1,4,華南永昌-竹北,2024-01-29,9339
00907,永豐優息存股,4,0,4,華南永昌-竹北,2024-01-29,9339
00933B,國泰10Y+金融債,4,0,4,華南永昌-竹北,2024-01-29,9339
2314,台揚,4,0,4,華南永昌-竹北,2024-01-29,9339
6241,易通展,4,0,4,華南永昌-竹北,2024-01-29,9339
6684,安格,4,0,4,華南永昌-竹北,2024-01-29,9339
6806,森崴能源,4,0,4,華南永昌-竹北,2024-01-29,9339
00633L,富邦上証正2,726,120,606,華南永昌-竹北,2024-01-30,9339
00937B,群益ESG投等債20,297,1,296,華南永昌-竹北,2024-01-30,9339
00637L,元大滬深300正2,150,4,146,華南永昌-竹北,2024-01-30,9339
00715L,期街口布蘭特正2,100,0,100,華南永昌-竹北,2024-01-30,9339
2201,裕隆,78,2,76,華南永昌-竹北,2024-01-30,9339
3231,緯創,186,115,71,華南永昌-竹北,2024-01-30,9339
2382,廣達,73,4,69,華南永昌-竹北,2024-01-30,9339
00665L,富邦�琤肭磪囓�2,70,7,63,華南永昌-竹北,2024-01-30,9339
2609,陽明,64,1,63,華南永昌-竹北,2024-01-30,9339
6188,廣明,63,1,62,華南永昌-竹北,2024-01-30,9339
2206,三陽工業,61,0,61,華南永昌-竹北,2024-01-30,9339
6462,神盾,75,18,57,華南永昌-竹北,2024-01-30,9339
6219,富旺,40,1,39,華南永昌-竹北,2024-01-30,9339
3481,群創,36,3,33,華南永昌-竹北,2024-01-30,9339
2353,宏��,80,47,33,華南永昌-竹北,2024-01-30,9339
5351,鈺創,30,0,30,華南永昌-竹北,2024-01-30,9339
2610,華航,31,1,30,華南永昌-竹北,2024-01-30,9339
6546,正基,26,0,26,華南永昌-竹北,2024-01-30,9339
2031,新光鋼,20,0,20,華南永昌-竹北,2024-01-30,9339
2472,立隆電,20,0,20,華南永昌-竹北,2024-01-30,9339
2887,台新金,19,0,19,華南永昌-竹北,2024-01-30,9339
6869,雲豹能源,19,0,19,華南永昌-竹北,2024-01-30,9339
3587,閎康,18,1,17,華南永昌-竹北,2024-01-30,9339
2308,台達電,17,0,17,華南永昌-竹北,2024-01-30,9339
00688L,國泰20年美債正2,16,0,16,華南永昌-竹北,2024-01-30,9339
2324,仁寶,16,0,16,華南永昌-竹北,2024-01-30,9339
3545,敦泰,15,0,15,華南永昌-竹北,2024-01-30,9339
6811,宏�硌穈T,16,1,15,華南永昌-竹北,2024-01-30,9339
00680L,元大美債20正2,14,0,14,華南永昌-竹北,2024-01-30,9339
00929,復華台灣科技優息,14,1,13,華南永昌-竹北,2024-01-30,9339
2301,光寶科,14,2,12,華南永昌-竹北,2024-01-30,9339
2867,三商壽,12,0,12,華南永昌-竹北,2024-01-30,9339
2344,華邦電,12,0,12,華南永昌-竹北,2024-01-30,9339
2409,友達,12,0,12,華南永昌-竹北,2024-01-30,9339
2312,金寶,12,0,12,華南永昌-竹北,2024-01-30,9339
2303,聯電,12,1,11,華南永昌-竹北,2024-01-30,9339
3297,杭特,14,3,11,華南永昌-竹北,2024-01-30,9339
6770,力積電,36,25,11,華南永昌-竹北,2024-01-30,9339
2476,鉅祥,15,4,11,華南永昌-竹北,2024-01-30,9339
4908,前鼎,43,32,11,華南永昌-竹北,2024-01-30,9339
3576,聯合再生,10,0,10,華南永昌-竹北,2024-01-30,9339
3437,榮創,10,0,10,華南永昌-竹北,2024-01-30,9339
1612,宏泰,10,0,10,華南永昌-竹北,2024-01-30,9339
3066,李洲,10,0,10,華南永昌-竹北,2024-01-30,9339
4129,聯合,10,0,10,華南永昌-竹北,2024-01-30,9339
1101,台泥,9,0,9,華南永昌-竹北,2024-01-30,9339
00673R,期元大S＆P原油反1,9,0,9,華南永昌-竹北,2024-01-30,9339
6651,全宇昕,9,0,9,華南永昌-竹北,2024-01-30,9339
1319,東陽,12,3,9,華南永昌-竹北,2024-01-30,9339
00687B,國泰20年美債,9,0,9,華南永昌-竹北,2024-01-30,9339
2609,陽明,343,199,144,華南永昌-竹北,2024-01-31,9339
2353,宏��,119,4,115,華南永昌-竹北,2024-01-31,9339
2329,華泰,117,28,89,華南永昌-竹北,2024-01-31,9339
3231,緯創,89,10,79,華南永昌-竹北,2024-01-31,9339
3363,上詮,70,2,68,華南永昌-竹北,2024-01-31,9339
8085,福華,63,2,61,華南永昌-竹北,2024-01-31,9339
2201,裕隆,58,1,57,華南永昌-竹北,2024-01-31,9339
2340,台亞,53,0,53,華南永昌-竹北,2024-01-31,9339
6451,訊芯-KY,51,1,50,華南永昌-竹北,2024-01-31,9339
00688L,國泰20年美債正2,45,0,45,華南永昌-竹北,2024-01-31,9339
00637L,元大滬深300正2,40,0,40,華南永昌-竹北,2024-01-31,9339
3163,波若威,33,1,32,華南永昌-竹北,2024-01-31,9339
00712,復華富時不動產,31,0,31,華南永昌-竹北,2024-01-31,9339
5210,寶碩,29,1,28,華南永昌-竹北,2024-01-31,9339
00882,中信中國高股息,26,0,26,華南永昌-竹北,2024-01-31,9339
00937B,群益ESG投等債20,26,0,26,華南永昌-竹北,2024-01-31,9339
2883,凱基金,24,1,23,華南永昌-竹北,2024-01-31,9339
00919,群益台灣精選高息,23,1,22,華南永昌-竹北,2024-01-31,9339
00933B,國泰10Y+金融債,22,0,22,華南永昌-竹北,2024-01-31,9339
4529,淳紳,23,1,22,華南永昌-竹北,2024-01-31,9339
00665L,富邦�琤肭磪囓�2,43,22,21,華南永昌-竹北,2024-01-31,9339
00679B,元大美債20年,21,0,21,華南永昌-竹北,2024-01-31,9339
1808,潤隆,20,0,20,華南永昌-竹北,2024-01-31,9339
1605,華新,20,0,20,華南永昌-竹北,2024-01-31,9339
2369,菱生,54,35,19,華南永昌-竹北,2024-01-31,9339
00877,復華中國5G,15,0,15,華南永昌-竹北,2024-01-31,9339
00720B,元大投資級公司債,14,0,14,華南永昌-竹北,2024-01-31,9339
6770,力積電,14,1,13,華南永昌-竹北,2024-01-31,9339
00929,復華台灣科技優息,13,0,13,華南永昌-竹北,2024-01-31,9339
8027,鈦昇,15,2,13,華南永昌-竹北,2024-01-31,9339
2511,太子,13,0,13,華南永昌-竹北,2024-01-31,9339
3324,雙鴻,36,23,13,華南永昌-竹北,2024-01-31,9339
6282,康舒,13,0,13,華南永昌-竹北,2024-01-31,9339
1101,台泥,12,1,11,華南永昌-竹北,2024-01-31,9339
00715L,期街口布蘭特正2,60,50,10,華南永昌-竹北,2024-01-31,9339
3521,鴻翊,10,0,10,華南永昌-竹北,2024-01-31,9339
6584,南俊國際,10,0,10,華南永昌-竹北,2024-01-31,9339
6811,宏�硌穈T,10,0,10,華南永昌-竹北,2024-01-31,9339
8028,昇陽半導體,10,0,10,華南永昌-竹北,2024-01-31,9339
2328,廣宇,9,0,9,華南永昌-竹北,2024-01-31,9339
2615,萬海,10,1,9,華南永昌-竹北,2024-01-31,9339
3005,神基,9,0,9,華南永昌-竹北,2024-01-31,9339
2344,華邦電,12,4,8,華南永昌-竹北,2024-01-31,9339
2421,建準,8,0,8,華南永昌-竹北,2024-01-31,9339
2365,昆盈,8,0,8,華南永昌-竹北,2024-01-31,9339
00878,國泰永續高股息,12,4,8,華南永昌-竹北,2024-01-31,9339
00795B,中信美國公債20年,7,0,7,華南永昌-竹北,2024-01-31,9339
3313,斐成,7,0,7,華南永昌-竹北,2024-01-31,9339
8059,凱碩,68,61,7,華南永昌-竹北,2024-01-31,9339
0050,元大台灣50,7,0,7,華南永昌-竹北,2024-01-31,9339
3041,揚智,71,0,71,華南永昌-竹北,2024-02-01,9339
3543,州巧,56,0,56,華南永昌-竹北,2024-02-01,9339
00715L,期街口布蘭特正2,93,43,50,華南永昌-竹北,2024-02-01,9339
6584,南俊國際,41,1,40,華南永昌-竹北,2024-02-01,9339
2618,長榮航,44,12,32,華南永昌-竹北,2024-02-01,9339
8085,福華,54,24,30,華南永昌-竹北,2024-02-01,9339
2201,裕隆,30,3,27,華南永昌-竹北,2024-02-01,9339
8150,南茂,25,0,25,華南永昌-竹北,2024-02-01,9339
3066,李洲,25,1,24,華南永昌-竹北,2024-02-01,9339
6465,威潤,23,0,23,華南永昌-竹北,2024-02-01,9339
8473,山林水,21,0,21,華南永昌-竹北,2024-02-01,9339
3520,華盈,21,0,21,華南永昌-竹北,2024-02-01,9339
00688L,國泰20年美債正2,20,0,20,華南永昌-竹北,2024-02-01,9339
2812,台中銀,37,19,18,華南永昌-竹北,2024-02-01,9339
3360,尚立,18,0,18,華南永昌-竹北,2024-02-01,9339
6265,方土昶,29,11,18,華南永昌-竹北,2024-02-01,9339
00937B,群益ESG投等債20,17,0,17,華南永昌-竹北,2024-02-01,9339
00708L,期元大S＆P黃金正2,17,0,17,華南永昌-竹北,2024-02-01,9339
7402,邑錡,17,0,17,華南永昌-竹北,2024-02-01,9339
2303,聯電,18,2,16,華南永昌-竹北,2024-02-01,9339
2486,一詮,25,9,16,華南永昌-竹北,2024-02-01,9339
00753L,中信中國50正2,15,0,15,華南永昌-竹北,2024-02-01,9339
00882,中信中國高股息,14,0,14,華南永昌-竹北,2024-02-01,9339
6180,橘子,34,20,14,華南永昌-竹北,2024-02-01,9339
2356,英業達,16,3,13,華南永昌-竹北,2024-02-01,9339
00637L,元大滬深300正2,13,0,13,華南永昌-竹北,2024-02-01,9339
6120,達運,13,0,13,華南永昌-竹北,2024-02-01,9339
6770,力積電,12,0,12,華南永昌-竹北,2024-02-01,9339
4960,誠美材,11,0,11,華南永昌-竹北,2024-02-01,9339
3491,昇達科,10,0,10,華南永昌-竹北,2024-02-01,9339
6207,雷科,10,0,10,華南永昌-竹北,2024-02-01,9339
6805,富世達,10,0,10,華南永昌-竹北,2024-02-01,9339
00929,復華台灣科技優息,19,10,9,華南永昌-竹北,2024-02-01,9339
4908,前鼎,21,12,9,華南永昌-竹北,2024-02-01,9339
2409,友達,16,7,9,華南永昌-竹北,2024-02-01,9339
3033,威健,15,6,9,華南永昌-竹北,2024-02-01,9339
4588,玖鼎電力,10,1,9,華南永昌-竹北,2024-02-01,9339
1513,中興電,15,6,9,華南永昌-竹北,2024-02-01,9339
5210,寶碩,10,2,8,華南永昌-竹北,2024-02-01,9339
2454,聯發科,11,3,8,華南永昌-竹北,2024-02-01,9339
00878,國泰永續高股息,9,2,7,華南永昌-竹北,2024-02-01,9339
1504,東元,10,3,7,華南永昌-竹北,2024-02-01,9339
4919,新唐,9,2,7,華南永昌-竹北,2024-02-01,9339
00687B,國泰20年美債,6,0,6,華南永昌-竹北,2024-02-01,9339
00664R,國泰臺灣加權反1,6,0,6,華南永昌-竹北,2024-02-01,9339
2537,聯上發,7,1,6,華南永昌-竹北,2024-02-01,9339
3048,益登,6,0,6,華南永昌-竹北,2024-02-01,9339
3294,英濟,6,0,6,華南永昌-竹北,2024-02-01,9339
3694,海華,16,10,6,華南永昌-竹北,2024-02-01,9339
1605,華新,5,0,5,華南永昌-竹北,2024-02-01,9339
00633L,富邦上証正2,323,0,323,華南永昌-竹北,2024-02-02,9339
2356,英業達,188,41,147,華南永昌-竹北,2024-02-02,9339
2313,華通,166,32,134,華南永昌-竹北,2024-02-02,9339
6180,橘子,108,1,107,華南永昌-竹北,2024-02-02,9339
2201,裕隆,95,4,91,華南永昌-竹北,2024-02-02,9339
4543,萬在,106,15,91,華南永昌-竹北,2024-02-02,9339
2382,廣達,129,48,81,華南永昌-竹北,2024-02-02,9339
6742,澤米,79,2,77,華南永昌-竹北,2024-02-02,9339
3363,上詮,70,9,61,華南永昌-竹北,2024-02-02,9339
00720B,元大投資級公司債,51,0,51,華南永昌-竹北,2024-02-02,9339
00679B,元大美債20年,34,0,34,華南永昌-竹北,2024-02-02,9339
8996,高力,40,12,28,華南永昌-竹北,2024-02-02,9339
1560,中砂,29,2,27,華南永昌-竹北,2024-02-02,9339
3680,家登,25,0,25,華南永昌-竹北,2024-02-02,9339
3066,李洲,25,0,25,華南永昌-竹北,2024-02-02,9339
6442,光聖,50,25,25,華南永昌-竹北,2024-02-02,9339
00882,中信中國高股息,22,0,22,華南永昌-竹北,2024-02-02,9339
3037,欣興,25,4,21,華南永昌-竹北,2024-02-02,9339
00715L,期街口布蘭特正2,151,130,21,華南永昌-竹北,2024-02-02,9339
00903,富邦元宇宙,20,0,20,華南永昌-竹北,2024-02-02,9339
1612,宏泰,20,0,20,華南永昌-竹北,2024-02-02,9339
8085,福華,24,4,20,華南永昌-竹北,2024-02-02,9339
00929,復華台灣科技優息,21,4,17,華南永昌-竹北,2024-02-02,9339
1514,亞力,56,39,17,華南永昌-竹北,2024-02-02,9339
2601,益航,15,0,15,華南永昌-竹北,2024-02-02,9339
00919,群益台灣精選高息,13,1,12,華南永昌-竹北,2024-02-02,9339
2344,華邦電,12,0,12,華南永昌-竹北,2024-02-02,9339
00937B,群益ESG投等債20,11,0,11,華南永昌-竹北,2024-02-02,9339
6223,旺矽,12,1,11,華南永昌-竹北,2024-02-02,9339
00878,國泰永續高股息,12,1,11,華南永昌-竹北,2024-02-02,9339
00888,永豐台灣ESG,10,0,10,華南永昌-竹北,2024-02-02,9339
2618,長榮航,10,0,10,華南永昌-竹北,2024-02-02,9339
3297,杭特,10,0,10,華南永昌-竹北,2024-02-02,9339
3360,尚立,10,0,10,華南永昌-竹北,2024-02-02,9339
3437,榮創,10,0,10,華南永昌-竹北,2024-02-02,9339
4588,玖鼎電力,10,0,10,華南永昌-竹北,2024-02-02,9339
6113,亞矽,11,1,10,華南永昌-竹北,2024-02-02,9339
2891,中信金,10,0,10,華南永昌-竹北,2024-02-02,9339
2887,台新金,10,0,10,華南永昌-竹北,2024-02-02,9339
2363,矽統,15,6,9,華南永昌-竹北,2024-02-02,9339
6770,力積電,10,1,9,華南永昌-竹北,2024-02-02,9339
00665L,富邦�琤肭磪囓�2,70,62,8,華南永昌-竹北,2024-02-02,9339
2486,一詮,20,12,8,華南永昌-竹北,2024-02-02,9339
6274,台燿,22,14,8,華南永昌-竹北,2024-02-02,9339
5210,寶碩,7,0,7,華南永昌-竹北,2024-02-02,9339
3563,牧德,21,14,7,華南永昌-竹北,2024-02-02,9339
6241,易通展,7,0,7,華南永昌-竹北,2024-02-02,9339
6465,威潤,19,13,6,華南永昌-竹北,2024-02-02,9339
00891,中信關鍵半導體,5,0,5,華南永昌-竹北,2024-02-02,9339
2031,新光鋼,5,0,5,華南永昌-竹北,2024-02-02,9339
00687B,國泰20年美債,93,0,93,華南永昌-竹北,2024-02-05,9339
2880,華南金,93,1,92,華南永昌-竹北,2024-02-05,9339
00715L,期街口布蘭特正2,86,1,85,華南永昌-竹北,2024-02-05,9339
6425,易發,89,9,80,華南永昌-竹北,2024-02-05,9339
00882,中信中國高股息,77,0,77,華南永昌-竹北,2024-02-05,9339
00933B,國泰10Y+金融債,73,0,73,華南永昌-竹北,2024-02-05,9339
2402,毅嘉,66,0,66,華南永昌-竹北,2024-02-05,9339
2891,中信金,75,12,63,華南永昌-竹北,2024-02-05,9339
8064,東捷,58,6,52,華南永昌-竹北,2024-02-05,9339
4967,十銓,51,0,51,華南永昌-竹北,2024-02-05,9339
4123,晟德,50,0,50,華南永昌-竹北,2024-02-05,9339
1809,中釉,50,3,47,華南永昌-竹北,2024-02-05,9339
6462,神盾,45,0,45,華南永昌-竹北,2024-02-05,9339
00919,群益台灣精選高息,42,1,41,華南永昌-竹北,2024-02-05,9339
00937B,群益ESG投等債20,36,1,35,華南永昌-竹北,2024-02-05,9339
00878,國泰永續高股息,34,0,34,華南永昌-竹北,2024-02-05,9339
6550,北極星藥業-KY,31,0,31,華南永昌-竹北,2024-02-05,9339
1217,愛之味,30,0,30,華南永昌-竹北,2024-02-05,9339
8096,擎亞,26,0,26,華南永昌-竹北,2024-02-05,9339
00720B,元大投資級公司債,25,0,25,華南永昌-竹北,2024-02-05,9339
2542,興富發,24,0,24,華南永昌-竹北,2024-02-05,9339
6465,威潤,25,1,24,華南永昌-竹北,2024-02-05,9339
00679B,元大美債20年,23,0,23,華南永昌-竹北,2024-02-05,9339
8996,高力,31,10,21,華南永昌-竹北,2024-02-05,9339
6217,中探針,21,0,21,華南永昌-竹北,2024-02-05,9339
8085,福華,26,5,21,華南永昌-竹北,2024-02-05,9339
00671R,富邦NASDAQ反1,20,0,20,華南永昌-竹北,2024-02-05,9339
4160,訊聯基因,20,0,20,華南永昌-竹北,2024-02-05,9339
6219,富旺,21,1,20,華南永昌-竹北,2024-02-05,9339
6180,橘子,19,0,19,華南永昌-竹北,2024-02-05,9339
00680L,元大美債20正2,18,0,18,華南永昌-竹北,2024-02-05,9339
3036,文曄,18,0,18,華南永昌-竹北,2024-02-05,9339
5381,合正,22,4,18,華南永昌-竹北,2024-02-05,9339
3376,新日興,28,12,16,華南永昌-竹北,2024-02-05,9339
2365,昆盈,27,12,15,華南永昌-竹北,2024-02-05,9339
2884,玉山金,14,0,14,華南永昌-竹北,2024-02-05,9339
00637L,元大滬深300正2,15,1,14,華南永昌-竹北,2024-02-05,9339
8086,宏捷科,15,2,13,華南永昌-竹北,2024-02-05,9339
00929,復華台灣科技優息,25,13,12,華南永昌-竹北,2024-02-05,9339
2887,台新金,12,0,12,華南永昌-竹北,2024-02-05,9339
8054,安國,14,3,11,華南永昌-竹北,2024-02-05,9339
00915,凱基優選高股息30,11,0,11,華南永昌-竹北,2024-02-05,9339
1609,大亞,11,0,11,華南永昌-竹北,2024-02-05,9339
00935,野村臺灣新科技50,10,0,10,華南永昌-竹北,2024-02-05,9339
2889,國票金,10,0,10,華南永昌-竹北,2024-02-05,9339
6207,雷科,10,0,10,華南永昌-竹北,2024-02-05,9339
6442,光聖,10,0,10,華南永昌-竹北,2024-02-05,9339
00931B,統一美債20年,8,0,8,華南永昌-竹北,2024-02-05,9339
2886,兆豐金,7,0,7,華南永昌-竹北,2024-02-05,9339
4908,前鼎,8,1,7,華南永昌-竹北,2024-02-05,9339
00680L,元大美債20正2,617,0,617,華南永昌-竹北,2024-02-15,9339
6219,富旺,228,0,228,華南永昌-竹北,2024-02-15,9339
00882,中信中國高股息,208,0,208,華南永昌-竹北,2024-02-15,9339
00673R,期元大S＆P原油反1,161,0,161,華南永昌-竹北,2024-02-15,9339
00687B,國泰20年美債,167,15,152,華南永昌-竹北,2024-02-15,9339
1815,富喬,83,0,83,華南永昌-竹北,2024-02-15,9339
00937B,群益ESG投等債20,81,0,81,華南永昌-竹北,2024-02-15,9339
6645,金萬林-創,79,2,77,華南永昌-竹北,2024-02-15,9339
2316,楠梓電,71,0,71,華南永昌-竹北,2024-02-15,9339
2382,廣達,211,140,71,華南永昌-竹北,2024-02-15,9339
2610,華航,71,1,70,華南永昌-竹北,2024-02-15,9339
3706,神達,319,263,56,華南永昌-竹北,2024-02-15,9339
5284,jpp-KY,61,6,55,華南永昌-竹北,2024-02-15,9339
00632R,元大台灣50反1,60,7,53,華南永昌-竹北,2024-02-15,9339
6462,神盾,47,1,46,華南永昌-竹北,2024-02-15,9339
00720B,元大投資級公司債,45,2,43,華南永昌-竹北,2024-02-15,9339
00679B,元大美債20年,36,0,36,華南永昌-竹北,2024-02-15,9339
1799,易威,36,0,36,華南永昌-竹北,2024-02-15,9339
6629,泰金-KY,36,0,36,華南永昌-竹北,2024-02-15,9339
0056,元大高股息,58,22,36,華南永昌-竹北,2024-02-15,9339
2301,光寶科,42,12,30,華南永昌-竹北,2024-02-15,9339
4147,中裕,45,15,30,華南永昌-竹北,2024-02-15,9339
2344,華邦電,28,1,27,華南永昌-竹北,2024-02-15,9339
8996,高力,28,1,27,華南永昌-竹北,2024-02-15,9339
6197,佳必琪,23,0,23,華南永昌-竹北,2024-02-15,9339
00688L,國泰20年美債正2,23,0,23,華南永昌-竹北,2024-02-15,9339
2888,新光金,24,1,23,華南永昌-竹北,2024-02-15,9339
6425,易發,23,0,23,華南永昌-竹北,2024-02-15,9339
00751B,元大AAA至A公司債,23,0,23,華南永昌-竹北,2024-02-15,9339
00712,復華富時不動產,22,0,22,華南永昌-竹北,2024-02-15,9339
00931B,統一美債20年,22,0,22,華南永昌-竹北,2024-02-15,9339
00772B,中信高評級公司債,22,0,22,華南永昌-竹北,2024-02-15,9339
1217,愛之味,20,0,20,華南永昌-竹北,2024-02-15,9339
6584,南俊國際,23,3,20,華南永昌-竹北,2024-02-15,9339
2312,金寶,20,2,18,華南永昌-竹北,2024-02-15,9339
8069,元太,21,3,18,華南永昌-竹北,2024-02-15,9339
3607,谷崧,23,6,17,華南永昌-竹北,2024-02-15,9339
2002,中鋼,14,1,13,華南永昌-竹北,2024-02-15,9339
6684,安格,14,1,13,華南永昌-竹北,2024-02-15,9339
6237,驊訊,12,0,12,華南永昌-竹北,2024-02-15,9339
2891,中信金,87,75,12,華南永昌-竹北,2024-02-15,9339
2324,仁寶,26,15,11,華南永昌-竹北,2024-02-15,9339
5607,遠雄港,11,0,11,華南永昌-竹北,2024-02-15,9339
1504,東元,10,0,10,華南永昌-竹北,2024-02-15,9339
1905,華紙,58,48,10,華南永昌-竹北,2024-02-15,9339
4160,訊聯基因,10,0,10,華南永昌-竹北,2024-02-15,9339
8936,國統,16,6,10,華南永昌-竹北,2024-02-15,9339
1560,中砂,18,9,9,華南永昌-竹北,2024-02-15,9339
4987,科誠,9,0,9,華南永昌-竹北,2024-02-15,9339
00713,元大台灣高息低波,20,12,8,華南永昌-竹北,2024-02-15,9339
5521,工信,206,0,206,華南永昌-竹北,2024-02-16,9339
00882,中信中國高股息,203,0,203,華南永昌-竹北,2024-02-16,9339
2382,廣達,467,278,189,華南永昌-竹北,2024-02-16,9339
00937B,群益ESG投等債20,124,0,124,華南永昌-竹北,2024-02-16,9339
3231,緯創,141,32,109,華南永昌-竹北,2024-02-16,9339
3163,波若威,111,6,105,華南永昌-竹北,2024-02-16,9339
3450,聯鈞,103,16,87,華南永昌-竹北,2024-02-16,9339
00680L,元大美債20正2,61,0,61,華南永昌-竹北,2024-02-16,9339
00671R,富邦NASDAQ反1,60,0,60,華南永昌-竹北,2024-02-16,9339
00637L,元大滬深300正2,60,0,60,華南永昌-竹北,2024-02-16,9339
00687B,國泰20年美債,58,1,57,華南永昌-竹北,2024-02-16,9339
7402,邑錡,60,3,57,華南永昌-竹北,2024-02-16,9339
6530,創威,80,24,56,華南永昌-竹北,2024-02-16,9339
6462,神盾,59,6,53,華南永昌-竹北,2024-02-16,9339
6442,光聖,52,2,50,華南永昌-竹北,2024-02-16,9339
3363,上詮,58,15,43,華南永昌-竹北,2024-02-16,9339
5284,jpp-KY,49,7,42,華南永昌-竹北,2024-02-16,9339
3260,威剛,37,0,37,華南永昌-竹北,2024-02-16,9339
1799,易威,35,0,35,華南永昌-竹北,2024-02-16,9339
6532,瑞耘,34,0,34,華南永昌-竹北,2024-02-16,9339
1529,樂事綠能,28,0,28,華南永昌-竹北,2024-02-16,9339
00688L,國泰20年美債正2,27,0,27,華南永昌-竹北,2024-02-16,9339
00772B,中信高評級公司債,26,0,26,華南永昌-竹北,2024-02-16,9339
1609,大亞,26,0,26,華南永昌-竹北,2024-02-16,9339
3551,世禾,24,0,24,華南永昌-竹北,2024-02-16,9339
3038,全台,27,5,22,華南永昌-竹北,2024-02-16,9339
6120,達運,22,0,22,華南永昌-竹北,2024-02-16,9339
1701,中化,22,1,21,華南永昌-竹北,2024-02-16,9339
00673R,期元大S＆P原油反1,21,0,21,華南永昌-竹北,2024-02-16,9339
5426,振發,28,7,21,華南永昌-竹北,2024-02-16,9339
2514,龍邦,20,0,20,華南永昌-竹北,2024-02-16,9339
8473,山林水,20,0,20,華南永昌-竹北,2024-02-16,9339
6290,良維,20,0,20,華南永昌-竹北,2024-02-16,9339
3324,雙鴻,22,3,19,華南永昌-竹北,2024-02-16,9339
00679B,元大美債20年,17,0,17,華南永昌-竹北,2024-02-16,9339
8147,正淩,15,0,15,華南永昌-竹北,2024-02-16,9339
6629,泰金-KY,13,0,13,華南永昌-竹北,2024-02-16,9339
2352,佳世達,35,22,13,華南永昌-竹北,2024-02-16,9339
3680,家登,12,0,12,華南永昌-竹北,2024-02-16,9339
00712,復華富時不動產,11,0,11,華南永昌-竹北,2024-02-16,9339
6164,華興,13,2,11,華南永昌-竹北,2024-02-16,9339
00720B,元大投資級公司債,10,0,10,華南永昌-竹北,2024-02-16,9339
6194,育富,10,0,10,華南永昌-竹北,2024-02-16,9339
2303,聯電,10,0,10,華南永昌-竹北,2024-02-16,9339
00933B,國泰10Y+金融債,10,0,10,華南永昌-竹北,2024-02-16,9339
1101,台泥,9,0,9,華南永昌-竹北,2024-02-16,9339
4973,廣穎,9,0,9,華南永昌-竹北,2024-02-16,9339
6113,亞矽,22,13,9,華南永昌-竹北,2024-02-16,9339
2330,台積電,11,3,8,華南永昌-竹北,2024-02-16,9339
4763,材料-KY,9,1,8,華南永昌-竹北,2024-02-16,9339
00637L,元大滬深300正2,499,54,445,華南永昌-竹北,2024-02-19,9339
6275,元山,163,7,156,華南永昌-竹北,2024-02-19,9339
3363,上詮,149,20,129,華南永昌-竹北,2024-02-19,9339
2367,燿華,134,24,110,華南永昌-竹北,2024-02-19,9339
4979,華星光,121,13,108,華南永昌-竹北,2024-02-19,9339
00687B,國泰20年美債,101,2,99,華南永昌-竹北,2024-02-19,9339
00919,群益台灣精選高息,98,7,91,華南永昌-竹北,2024-02-19,9339
3450,聯鈞,156,66,90,華南永昌-竹北,2024-02-19,9339
2201,裕隆,81,8,73,華南永昌-竹北,2024-02-19,9339
3163,波若威,98,25,73,華南永昌-竹北,2024-02-19,9339
3706,神達,119,50,69,華南永昌-竹北,2024-02-19,9339
6462,神盾,59,1,58,華南永昌-竹北,2024-02-19,9339
00937B,群益ESG投等債20,77,20,57,華南永昌-竹北,2024-02-19,9339
00680L,元大美債20正2,56,0,56,華南永昌-竹北,2024-02-19,9339
00929,復華台灣科技優息,59,10,49,華南永昌-竹北,2024-02-19,9339
5452,佶優,41,2,39,華南永昌-竹北,2024-02-19,9339
3551,世禾,37,0,37,華南永昌-竹北,2024-02-19,9339
2425,承啟,36,0,36,華南永昌-竹北,2024-02-19,9339
6207,雷科,34,0,34,華南永昌-竹北,2024-02-19,9339
5512,力麒,30,0,30,華南永昌-竹北,2024-02-19,9339
3231,緯創,66,39,27,華南永昌-竹北,2024-02-19,9339
6442,光聖,30,4,26,華南永昌-竹北,2024-02-19,9339
2467,志聖,26,1,25,華南永昌-竹北,2024-02-19,9339
9103,美德醫療-DR,25,0,25,華南永昌-竹北,2024-02-19,9339
00688L,國泰20年美債正2,21,0,21,華南永昌-竹北,2024-02-19,9339
8096,擎亞,38,17,21,華南永昌-竹北,2024-02-19,9339
00772B,中信高評級公司債,20,0,20,華南永昌-竹北,2024-02-19,9339
2884,玉山金,20,0,20,華南永昌-竹北,2024-02-19,9339
1304,台聚,20,0,20,華南永昌-竹北,2024-02-19,9339
6170,統振,20,0,20,華南永昌-竹北,2024-02-19,9339
00720B,元大投資級公司債,19,0,19,華南永昌-竹北,2024-02-19,9339
2206,三陽工業,20,1,19,華南永昌-竹北,2024-02-19,9339
6219,富旺,19,0,19,華南永昌-竹北,2024-02-19,9339
00679B,元大美債20年,18,0,18,華南永昌-竹北,2024-02-19,9339
2365,昆盈,63,45,18,華南永昌-竹北,2024-02-19,9339
00878,國泰永續高股息,34,18,16,華南永昌-竹北,2024-02-19,9339
3005,神基,17,1,16,華南永昌-竹北,2024-02-19,9339
3380,明泰,16,0,16,華南永昌-竹北,2024-02-19,9339
2401,凌陽,15,0,15,華南永昌-竹北,2024-02-19,9339
3167,大量,15,0,15,華南永昌-竹北,2024-02-19,9339
00933B,國泰10Y+金融債,14,0,14,華南永昌-竹北,2024-02-19,9339
2476,鉅祥,15,1,14,華南永昌-竹北,2024-02-19,9339
3105,穩懋,19,6,13,華南永昌-竹北,2024-02-19,9339
8147,正淩,19,6,13,華南永昌-竹北,2024-02-19,9339
3041,揚智,18,5,13,華南永昌-竹北,2024-02-19,9339
6016,康和證,13,0,13,華南永昌-竹北,2024-02-19,9339
3035,智原,18,6,12,華南永昌-竹北,2024-02-19,9339
6248,沛波,11,0,11,華南永昌-竹北,2024-02-19,9339
1108,幸福,10,0,10,華南永昌-竹北,2024-02-19,9339
2231,為升,30,20,10,華南永昌-竹北,2024-02-19,9339
00878,國泰永續高股息,271,25,246,華南永昌-竹北,2024-02-20,9339
2201,裕隆,163,4,159,華南永昌-竹北,2024-02-20,9339
3363,上詮,176,34,142,華南永昌-竹北,2024-02-20,9339
3037,欣興,249,156,93,華南永昌-竹北,2024-02-20,9339
2329,華泰,112,31,81,華南永昌-竹北,2024-02-20,9339
8435,鉅邁,77,0,77,華南永昌-竹北,2024-02-20,9339
2884,玉山金,71,0,71,華南永昌-竹北,2024-02-20,9339
6213,聯茂,114,44,70,華南永昌-竹北,2024-02-20,9339
00687B,國泰20年美債,72,13,59,華南永昌-竹北,2024-02-20,9339
00937B,群益ESG投等債20,79,27,52,華南永昌-竹北,2024-02-20,9339
3163,波若威,77,28,49,華南永昌-竹北,2024-02-20,9339
4979,華星光,117,69,48,華南永昌-竹北,2024-02-20,9339
6462,神盾,59,13,46,華南永昌-竹北,2024-02-20,9339
8931,大汽電,40,0,40,華南永昌-竹北,2024-02-20,9339
6189,豐藝,34,4,30,華南永昌-竹北,2024-02-20,9339
00679B,元大美債20年,35,5,30,華南永昌-竹北,2024-02-20,9339
00633L,富邦上証正2,500,470,30,華南永昌-竹北,2024-02-20,9339
3581,博磊,34,4,30,華南永昌-竹北,2024-02-20,9339
00673R,期元大S＆P原油反1,27,0,27,華南永昌-竹北,2024-02-20,9339
6219,富旺,27,0,27,華南永昌-竹北,2024-02-20,9339
6761,穩得,26,0,26,華南永昌-竹北,2024-02-20,9339
2425,承啟,25,0,25,華南永昌-竹北,2024-02-20,9339
1809,中釉,39,15,24,華南永昌-竹北,2024-02-20,9339
5604,中連,23,0,23,華南永昌-竹北,2024-02-20,9339
8074,鉅橡,20,0,20,華南永昌-竹北,2024-02-20,9339
00772B,中信高評級公司債,19,0,19,華南永昌-竹北,2024-02-20,9339
00885,富邦越南,19,0,19,華南永昌-竹北,2024-02-20,9339
3607,谷崧,20,1,19,華南永昌-竹北,2024-02-20,9339
1815,富喬,24,7,17,華南永昌-竹北,2024-02-20,9339
1540,喬福,16,0,16,華南永昌-竹北,2024-02-20,9339
4908,前鼎,33,18,15,華南永昌-竹北,2024-02-20,9339
00665L,富邦�琤肭磪囓�2,54,42,12,華南永昌-竹北,2024-02-20,9339
2457,飛宏,17,5,12,華南永昌-竹北,2024-02-20,9339
3038,全台,12,0,12,華南永昌-竹北,2024-02-20,9339
3231,緯創,23,12,11,華南永昌-竹北,2024-02-20,9339
1612,宏泰,11,0,11,華南永昌-竹北,2024-02-20,9339
2405,輔信,35,24,11,華南永昌-竹北,2024-02-20,9339
00688L,國泰20年美債正2,10,0,10,華南永昌-竹北,2024-02-20,9339
1701,中化,10,0,10,華南永昌-竹北,2024-02-20,9339
2748,雲品,15,5,10,華南永昌-竹北,2024-02-20,9339
4306,炎洲,10,0,10,華南永昌-竹北,2024-02-20,9339
5398,慕康生醫,10,0,10,華南永昌-竹北,2024-02-20,9339
3035,智原,15,6,9,華南永昌-竹北,2024-02-20,9339
3305,昇貿,9,0,9,華南永昌-竹北,2024-02-20,9339
6164,華興,12,3,9,華南永昌-竹北,2024-02-20,9339
3048,益登,9,0,9,華南永昌-竹北,2024-02-20,9339
8110,華東,10,2,8,華南永昌-竹北,2024-02-20,9339
00918,大華優利高填息30,8,0,8,華南永昌-竹北,2024-02-20,9339
2353,宏��,13,5,8,華南永昌-竹北,2024-02-20,9339
3025,星通,8,0,8,華南永昌-竹北,2024-02-20,9339
2606,裕民,466,12,454,華南永昌-竹北,2024-02-21,9339
2609,陽明,646,214,432,華南永昌-竹北,2024-02-21,9339
00929,復華台灣科技優息,327,16,311,華南永昌-竹北,2024-02-21,9339
00927,群益半導體收益,150,5,145,華南永昌-竹北,2024-02-21,9339
3265,台星科,131,1,130,華南永昌-竹北,2024-02-21,9339
8085,福華,115,17,98,華南永昌-竹北,2024-02-21,9339
6189,豐藝,100,22,78,華南永昌-竹北,2024-02-21,9339
3037,欣興,75,1,74,華南永昌-竹北,2024-02-21,9339
00666R,富邦�琤肭磪齯�1,70,0,70,華南永昌-竹北,2024-02-21,9339
00795B,中信美國公債20年,62,0,62,華南永昌-竹北,2024-02-21,9339
3380,明泰,78,17,61,華南永昌-竹北,2024-02-21,9339
00878,國泰永續高股息,80,22,58,華南永昌-竹北,2024-02-21,9339
2401,凌陽,89,33,56,華南永昌-竹北,2024-02-21,9339
00632R,元大台灣50反1,50,0,50,華南永昌-竹北,2024-02-21,9339
9103,美德醫療-DR,50,0,50,華南永昌-竹北,2024-02-21,9339
00933B,國泰10Y+金融債,63,15,48,華南永昌-竹北,2024-02-21,9339
8432,東生華,41,0,41,華南永昌-竹北,2024-02-21,9339
3322,建舜電,46,9,37,華南永昌-竹北,2024-02-21,9339
4147,中裕,33,0,33,華南永昌-竹北,2024-02-21,9339
6275,元山,33,3,30,華南永昌-竹北,2024-02-21,9339
2637,慧洋-KY,35,8,27,華南永昌-竹北,2024-02-21,9339
00650L,復華香港正2,25,0,25,華南永昌-竹北,2024-02-21,9339
6535,順藥,25,0,25,華南永昌-竹北,2024-02-21,9339
00919,群益台灣精選高息,33,10,23,華南永昌-竹北,2024-02-21,9339
3437,榮創,21,0,21,華南永昌-竹北,2024-02-21,9339
2834,臺企銀,21,0,21,華南永昌-竹北,2024-02-21,9339
2025,千興,20,0,20,華南永昌-竹北,2024-02-21,9339
2436,偉詮電,20,0,20,華南永昌-竹北,2024-02-21,9339
2603,長榮,40,21,19,華南永昌-竹北,2024-02-21,9339
3481,群創,27,8,19,華南永昌-竹北,2024-02-21,9339
2353,宏��,16,1,15,華南永昌-竹北,2024-02-21,9339
8435,鉅邁,15,0,15,華南永昌-竹北,2024-02-21,9339
3303,岱稜,15,0,15,華南永昌-竹北,2024-02-21,9339
6465,威潤,14,0,14,華南永昌-竹北,2024-02-21,9339
4979,華星光,15,3,12,華南永昌-竹北,2024-02-21,9339
4105,東洋,10,0,10,華南永昌-竹北,2024-02-21,9339
0052,富邦科技,10,0,10,華南永昌-竹北,2024-02-21,9339
00688L,國泰20年美債正2,10,0,10,華南永昌-竹北,2024-02-21,9339
3312,弘憶股,12,2,10,華南永昌-竹北,2024-02-21,9339
5604,中連,9,0,9,華南永昌-竹北,2024-02-21,9339
00882,中信中國高股息,13,5,8,華南永昌-竹北,2024-02-21,9339
6770,力積電,8,0,8,華南永昌-竹北,2024-02-21,9339
3055,蔚華科,9,2,7,華南永昌-竹北,2024-02-21,9339
1815,富喬,14,7,7,華南永昌-竹北,2024-02-21,9339
6548,長科*,7,0,7,華南永昌-竹北,2024-02-21,9339
6829,千附精密,6,0,6,華南永昌-竹北,2024-02-21,9339
6282,康舒,6,0,6,華南永昌-竹北,2024-02-21,9339
1806,冠軍,6,0,6,華南永昌-竹北,2024-02-21,9339
2303,聯電,6,0,6,華南永昌-竹北,2024-02-21,9339
2884,玉山金,6,0,6,華南永昌-竹北,2024-02-21,9339
00637L,元大滬深300正2,350,5,345,華南永昌-竹北,2024-02-22,9339
1513,中興電,160,12,148,華南永昌-竹北,2024-02-22,9339
3231,緯創,173,55,118,華南永昌-竹北,2024-02-22,9339
00687B,國泰20年美債,112,0,112,華南永昌-竹北,2024-02-22,9339
5521,工信,108,4,104,華南永昌-竹北,2024-02-22,9339
00633L,富邦上証正2,165,66,99,華南永昌-竹北,2024-02-22,9339
2371,大同,104,5,99,華南永昌-竹北,2024-02-22,9339
2382,廣達,189,104,85,華南永昌-竹北,2024-02-22,9339
00937B,群益ESG投等債20,70,0,70,華南永昌-竹北,2024-02-22,9339
8085,福華,64,9,55,華南永昌-竹北,2024-02-22,9339
00878,國泰永續高股息,59,4,55,華南永昌-竹北,2024-02-22,9339
2431,聯昌,50,0,50,華南永昌-竹北,2024-02-22,9339
8931,大汽電,58,8,50,華南永昌-竹北,2024-02-22,9339
6189,豐藝,47,3,44,華南永昌-竹北,2024-02-22,9339
2367,燿華,41,0,41,華南永昌-竹北,2024-02-22,9339
1815,富喬,41,6,35,華南永昌-竹北,2024-02-22,9339
3588,通嘉,45,12,33,華南永昌-竹北,2024-02-22,9339
3413,京鼎,35,3,32,華南永昌-竹北,2024-02-22,9339
8092,建暐,30,0,30,華南永昌-竹北,2024-02-22,9339
5292,華懋,29,0,29,華南永昌-竹北,2024-02-22,9339
6462,神盾,29,0,29,華南永昌-竹北,2024-02-22,9339
6465,威潤,28,0,28,華南永昌-竹北,2024-02-22,9339
2399,映泰,25,1,24,華南永昌-竹北,2024-02-22,9339
00795B,中信美國公債20年,23,0,23,華南永昌-竹北,2024-02-22,9339
8432,東生華,24,2,22,華南永昌-竹北,2024-02-22,9339
2356,英業達,42,21,21,華南永昌-竹北,2024-02-22,9339
00688L,國泰20年美債正2,21,0,21,華南永昌-竹北,2024-02-22,9339
00665L,富邦�琤肭磪囓�2,80,60,20,華南永昌-竹北,2024-02-22,9339
2547,日勝生,20,0,20,華南永昌-竹北,2024-02-22,9339
5452,佶優,40,20,20,華南永昌-竹北,2024-02-22,9339
1316,上曜,41,22,19,華南永昌-竹北,2024-02-22,9339
8086,宏捷科,21,3,18,華南永昌-竹北,2024-02-22,9339
4912,聯德控股-KY,17,0,17,華南永昌-竹北,2024-02-22,9339
00679B,元大美債20年,17,0,17,華南永昌-竹北,2024-02-22,9339
3583,辛耘,25,8,17,華南永昌-竹北,2024-02-22,9339
00712,復華富時不動產,17,0,17,華南永昌-竹北,2024-02-22,9339
2340,台亞,17,0,17,華南永昌-竹北,2024-02-22,9339
1582,信錦,16,0,16,華南永昌-竹北,2024-02-22,9339
6136,富爾特,21,5,16,華南永昌-竹北,2024-02-22,9339
3689,湧德,30,16,14,華南永昌-竹北,2024-02-22,9339
5443,均豪,29,16,13,華南永昌-竹北,2024-02-22,9339
5608,四維航,13,0,13,華南永昌-竹北,2024-02-22,9339
8936,國統,33,21,12,華南永昌-竹北,2024-02-22,9339
3234,光環,13,1,12,華南永昌-竹北,2024-02-22,9339
6113,亞矽,12,0,12,華南永昌-竹北,2024-02-22,9339
2458,義隆,12,0,12,華南永昌-竹北,2024-02-22,9339
3322,建舜電,12,1,11,華南永昌-竹北,2024-02-22,9339
2402,毅嘉,11,0,11,華南永昌-竹北,2024-02-22,9339
2376,技嘉,23,12,11,華南永昌-竹北,2024-02-22,9339
6138,茂達,10,0,10,華南永昌-竹北,2024-02-22,9339
2603,長榮,287,46,241,華南永昌-竹北,2024-02-23,9339
3037,欣興,345,158,187,華南永昌-竹北,2024-02-23,9339
00687B,國泰20年美債,199,19,180,華南永昌-竹北,2024-02-23,9339
2382,廣達,295,203,92,華南永昌-竹北,2024-02-23,9339
3265,台星科,75,0,75,華南永昌-竹北,2024-02-23,9339
3231,緯創,226,156,70,華南永昌-竹北,2024-02-23,9339
9105,泰金寶-DR,71,8,63,華南永昌-竹北,2024-02-23,9339
2206,三陽工業,50,0,50,華南永昌-竹北,2024-02-23,9339
3689,湧德,57,8,49,華南永昌-竹北,2024-02-23,9339
6104,創惟,61,12,49,華南永昌-竹北,2024-02-23,9339
3163,波若威,81,34,47,華南永昌-竹北,2024-02-23,9339
6219,富旺,46,2,44,華南永昌-竹北,2024-02-23,9339
3169,亞信,40,0,40,華南永昌-竹北,2024-02-23,9339
2618,長榮航,36,0,36,華南永昌-竹北,2024-02-23,9339
2371,大同,44,9,35,華南永昌-竹北,2024-02-23,9339
00891,中信關鍵半導體,34,3,31,華南永昌-竹北,2024-02-23,9339
2231,為升,38,8,30,華南永昌-竹北,2024-02-23,9339
2610,華航,31,1,30,華南永昌-竹北,2024-02-23,9339
2329,華泰,84,56,28,華南永昌-竹北,2024-02-23,9339
4768,晶呈科技,27,0,27,華南永昌-竹北,2024-02-23,9339
6189,豐藝,61,34,27,華南永昌-竹北,2024-02-23,9339
2201,裕隆,22,0,22,華南永昌-竹北,2024-02-23,9339
2402,毅嘉,22,0,22,華南永昌-竹北,2024-02-23,9339
2340,台亞,20,0,20,華南永昌-竹北,2024-02-23,9339
5607,遠雄港,20,0,20,華南永昌-竹北,2024-02-23,9339
6170,統振,20,0,20,華南永昌-竹北,2024-02-23,9339
6196,帆宣,23,3,20,華南永昌-竹北,2024-02-23,9339
2489,瑞軒,22,3,19,華南永昌-竹北,2024-02-23,9339
00915,凱基優選高股息30,19,0,19,華南永昌-竹北,2024-02-23,9339
6140,訊達,24,5,19,華南永昌-竹北,2024-02-23,9339
1503,士電,41,23,18,華南永昌-竹北,2024-02-23,9339
3217,優群,17,0,17,華南永昌-竹北,2024-02-23,9339
6937,天虹,17,0,17,華南永昌-竹北,2024-02-23,9339
6462,神盾,29,14,15,華南永昌-竹北,2024-02-23,9339
1815,富喬,19,6,13,華南永昌-竹北,2024-02-23,9339
00795B,中信美國公債20年,17,5,12,華南永昌-竹北,2024-02-23,9339
2303,聯電,11,0,11,華南永昌-竹北,2024-02-23,9339
00671R,富邦NASDAQ反1,10,0,10,華南永昌-竹北,2024-02-23,9339
1108,幸福,10,0,10,華南永昌-竹北,2024-02-23,9339
1612,宏泰,10,0,10,華南永昌-竹北,2024-02-23,9339
2369,菱生,10,0,10,華南永昌-竹北,2024-02-23,9339
2399,映泰,20,10,10,華南永昌-竹北,2024-02-23,9339
2408,南亞科,23,13,10,華南永昌-竹北,2024-02-23,9339
2515,中工,10,0,10,華南永昌-竹北,2024-02-23,9339
6164,華興,11,1,10,華南永昌-竹北,2024-02-23,9339
2836,高雄銀,10,1,9,華南永昌-竹北,2024-02-23,9339
1618,合機,12,3,9,華南永昌-竹北,2024-02-23,9339
3017,奇鋐,15,6,9,華南永昌-竹北,2024-02-23,9339
2356,英業達,19,10,9,華南永昌-竹北,2024-02-23,9339
4960,誠美材,10,1,9,華南永昌-竹北,2024-02-23,9339
00637L,元大滬深300正2,271,12,259,華南永昌-竹北,2024-02-26,9339
2332,友訊,200,0,200,華南永昌-竹北,2024-02-26,9339
00878,國泰永續高股息,106,1,105,華南永昌-竹北,2024-02-26,9339
00633L,富邦上証正2,225,136,89,華南永昌-竹北,2024-02-26,9339
3363,上詮,81,3,78,華南永昌-竹北,2024-02-26,9339
00687B,國泰20年美債,76,0,76,華南永昌-竹北,2024-02-26,9339
00933B,國泰10Y+金融債,61,1,60,華南永昌-竹北,2024-02-26,9339
6257,矽格,87,32,55,華南永昌-竹北,2024-02-26,9339
5263,智崴,52,0,52,華南永昌-竹北,2024-02-26,9339
2313,華通,96,45,51,華南永昌-竹北,2024-02-26,9339
2489,瑞軒,51,7,44,華南永昌-竹北,2024-02-26,9339
2002,中鋼,42,0,42,華南永昌-竹北,2024-02-26,9339
6122,擎邦,45,8,37,華南永昌-竹北,2024-02-26,9339
6288,聯嘉,36,0,36,華南永昌-竹北,2024-02-26,9339
6937,天虹,36,3,33,華南永昌-竹北,2024-02-26,9339
00929,復華台灣科技優息,44,14,30,華南永昌-竹北,2024-02-26,9339
3374,精材,38,8,30,華南永昌-竹北,2024-02-26,9339
1608,華榮,40,11,29,華南永昌-竹北,2024-02-26,9339
2887,台新金,25,0,25,華南永昌-竹北,2024-02-26,9339
00665L,富邦�琤肭磪囓�2,40,15,25,華南永昌-竹北,2024-02-26,9339
1809,中釉,28,4,24,華南永昌-竹北,2024-02-26,9339
2371,大同,36,14,22,華南永昌-竹北,2024-02-26,9339
5381,合正,24,3,21,華南永昌-竹北,2024-02-26,9339
6126,信音,32,11,21,華南永昌-竹北,2024-02-26,9339
3037,欣興,180,160,20,華南永昌-竹北,2024-02-26,9339
3707,漢磊,19,0,19,華南永昌-竹北,2024-02-26,9339
6104,創惟,38,19,19,華南永昌-竹北,2024-02-26,9339
00753L,中信中國50正2,20,2,18,華南永昌-竹北,2024-02-26,9339
1513,中興電,39,21,18,華南永昌-竹北,2024-02-26,9339
00937B,群益ESG投等債20,17,1,16,華南永昌-竹北,2024-02-26,9339
2376,技嘉,20,5,15,華南永昌-竹北,2024-02-26,9339
5347,世界,15,0,15,華南永昌-竹北,2024-02-26,9339
6462,神盾,59,45,14,華南永昌-竹北,2024-02-26,9339
4588,玖鼎電力,14,0,14,華南永昌-竹北,2024-02-26,9339
5426,振發,14,1,13,華南永昌-竹北,2024-02-26,9339
1503,士電,33,22,11,華南永昌-竹北,2024-02-26,9339
1815,富喬,12,1,11,華南永昌-竹北,2024-02-26,9339
2303,聯電,11,0,11,華南永昌-竹北,2024-02-26,9339
4770,上品,14,3,11,華南永昌-竹北,2024-02-26,9339
1314,中石化,10,0,10,華南永昌-竹北,2024-02-26,9339
6218,豪勉,10,0,10,華南永昌-竹北,2024-02-26,9339
6411,晶焱,10,0,10,華南永昌-竹北,2024-02-26,9339
3521,鴻翊,10,0,10,華南永昌-竹北,2024-02-26,9339
2618,長榮航,11,2,9,華南永昌-竹北,2024-02-26,9339
3583,辛耘,62,54,8,華南永昌-竹北,2024-02-26,9339
3231,緯創,15,7,8,華南永昌-竹北,2024-02-26,9339
8096,擎亞,10,2,8,華南永昌-竹北,2024-02-26,9339
2382,廣達,10,3,7,華南永昌-竹北,2024-02-26,9339
2610,華航,7,0,7,華南永昌-竹北,2024-02-26,9339
3055,蔚華科,10,3,7,華南永昌-竹北,2024-02-26,9339
00878,國泰永續高股息,253,2,251,華南永昌-竹北,2024-02-27,9339
3689,湧德,132,1,131,華南永昌-竹北,2024-02-27,9339
4129,聯合,102,0,102,華南永昌-竹北,2024-02-27,9339
00919,群益台灣精選高息,93,4,89,華南永昌-竹北,2024-02-27,9339
2201,裕隆,85,0,85,華南永昌-竹北,2024-02-27,9339
2399,映泰,82,0,82,華南永昌-竹北,2024-02-27,9339
8092,建暐,70,0,70,華南永昌-竹北,2024-02-27,9339
3265,台星科,73,5,68,華南永昌-竹北,2024-02-27,9339
2431,聯昌,63,0,63,華南永昌-竹北,2024-02-27,9339
3037,欣興,699,644,55,華南永昌-竹北,2024-02-27,9339
2313,華通,120,66,54,華南永昌-竹北,2024-02-27,9339
00687B,國泰20年美債,55,2,53,華南永昌-竹北,2024-02-27,9339
00632R,元大台灣50反1,53,0,53,華南永昌-竹北,2024-02-27,9339
6113,亞矽,55,12,43,華南永昌-竹北,2024-02-27,9339
2489,瑞軒,42,0,42,華南永昌-竹北,2024-02-27,9339
2367,燿華,40,1,39,華南永昌-竹北,2024-02-27,9339
1809,中釉,41,2,39,華南永昌-竹北,2024-02-27,9339
2610,華航,39,0,39,華南永昌-竹北,2024-02-27,9339
4755,三福化,54,16,38,華南永昌-竹北,2024-02-27,9339
6208,日揚,41,3,38,華南永昌-竹北,2024-02-27,9339
3312,弘憶股,67,31,36,華南永昌-竹北,2024-02-27,9339
00937B,群益ESG投等債20,31,0,31,華南永昌-竹北,2024-02-27,9339
6237,驊訊,97,67,30,華南永昌-竹北,2024-02-27,9339
6288,聯嘉,30,0,30,華南永昌-竹北,2024-02-27,9339
6937,天虹,28,0,28,華南永昌-竹北,2024-02-27,9339
2031,新光鋼,28,1,27,華南永昌-竹北,2024-02-27,9339
8932,智通*,25,0,25,華南永昌-竹北,2024-02-27,9339
2888,新光金,25,0,25,華南永昌-竹北,2024-02-27,9339
1609,大亞,21,0,21,華南永昌-竹北,2024-02-27,9339
2453,凌群,22,1,21,華南永昌-竹北,2024-02-27,9339
2329,華泰,48,27,21,華南永昌-竹北,2024-02-27,9339
2402,毅嘉,46,25,21,華南永昌-竹北,2024-02-27,9339
00918,大華優利高填息30,20,0,20,華南永昌-竹北,2024-02-27,9339
6284,佳邦,20,0,20,華南永昌-竹北,2024-02-27,9339
6806,森崴能源,22,2,20,華南永昌-竹北,2024-02-27,9339
2330,台積電,23,4,19,華南永昌-竹北,2024-02-27,9339
1815,富喬,44,25,19,華南永昌-竹北,2024-02-27,9339
2382,廣達,81,62,19,華南永昌-竹北,2024-02-27,9339
0052,富邦科技,20,2,18,華南永昌-竹北,2024-02-27,9339
6248,沛波,18,0,18,華南永昌-竹北,2024-02-27,9339
00637L,元大滬深300正2,19,2,17,華南永昌-竹北,2024-02-27,9339
8435,鉅邁,18,4,14,華南永昌-竹北,2024-02-27,9339
3450,聯鈞,48,34,14,華南永昌-竹北,2024-02-27,9339
00679B,元大美債20年,13,0,13,華南永昌-竹北,2024-02-27,9339
00665L,富邦�琤肭磪囓�2,27,15,12,華南永昌-竹北,2024-02-27,9339
4532,瑞智,18,6,12,華南永昌-竹北,2024-02-27,9339
6139,亞翔,22,10,12,華南永昌-竹北,2024-02-27,9339
1342,八貫,12,1,11,華南永昌-竹北,2024-02-27,9339
2301,光寶科,19,8,11,華南永昌-竹北,2024-02-27,9339
2369,菱生,54,43,11,華南永昌-竹北,2024-02-27,9339
1524,耿鼎,196,8,188,華南永昌-竹北,2024-02-29,9339
00687B,國泰20年美債,180,0,180,華南永昌-竹北,2024-02-29,9339
2605,新興,164,15,149,華南永昌-竹北,2024-02-29,9339
00673R,期元大S＆P原油反1,100,0,100,華南永昌-竹北,2024-02-29,9339
3689,湧德,93,17,76,華南永昌-竹北,2024-02-29,9339
00937B,群益ESG投等債20,67,0,67,華南永昌-竹北,2024-02-29,9339
6290,良維,96,30,66,華南永昌-竹北,2024-02-29,9339
00919,群益台灣精選高息,56,0,56,華南永昌-竹北,2024-02-29,9339
2371,大同,723,670,53,華南永昌-竹北,2024-02-29,9339
6213,聯茂,53,0,53,華南永昌-竹北,2024-02-29,9339
6477,安集,50,0,50,華南永昌-竹北,2024-02-29,9339
00933B,國泰10Y+金融債,47,0,47,華南永昌-竹北,2024-02-29,9339
00878,國泰永續高股息,50,3,47,華南永昌-竹北,2024-02-29,9339
00665L,富邦�琤肭磪囓�2,46,12,34,華南永昌-竹北,2024-02-29,9339
5258,虹堡,32,1,31,華南永昌-竹北,2024-02-29,9339
8085,福華,32,4,28,華南永昌-竹北,2024-02-29,9339
6197,佳必琪,30,5,25,華南永昌-竹北,2024-02-29,9339
2402,毅嘉,20,0,20,華南永昌-竹北,2024-02-29,9339
00688L,國泰20年美債正2,20,0,20,華南永昌-竹北,2024-02-29,9339
2062,橋椿,20,0,20,華南永昌-竹北,2024-02-29,9339
6175,立敦,20,0,20,華南永昌-竹北,2024-02-29,9339
6770,力積電,26,6,20,華南永昌-竹北,2024-02-29,9339
5452,佶優,23,4,19,華南永昌-竹北,2024-02-29,9339
3163,波若威,27,11,16,華南永昌-竹北,2024-02-29,9339
5351,鈺創,17,1,16,華南永昌-竹北,2024-02-29,9339
4513,福裕,30,15,15,華南永昌-竹北,2024-02-29,9339
1796,金穎生技,14,0,14,華南永昌-竹北,2024-02-29,9339
3354,律勝,14,0,14,華南永昌-竹北,2024-02-29,9339
6138,茂達,25,11,14,華南永昌-竹北,2024-02-29,9339
2031,新光鋼,17,4,13,華南永昌-竹北,2024-02-29,9339
6122,擎邦,21,8,13,華南永昌-竹北,2024-02-29,9339
6233,旺玖,26,13,13,華南永昌-竹北,2024-02-29,9339
8050,廣積,13,0,13,華南永昌-竹北,2024-02-29,9339
2637,慧洋-KY,17,4,13,華南永昌-竹北,2024-02-29,9339
1101,台泥,25,14,11,華南永昌-竹北,2024-02-29,9339
4979,華星光,11,0,11,華南永昌-竹北,2024-02-29,9339
00712,復華富時不動產,11,0,11,華南永昌-竹北,2024-02-29,9339
6219,富旺,11,0,11,華南永昌-竹北,2024-02-29,9339
8096,擎亞,26,16,10,華南永昌-竹北,2024-02-29,9339
2002,中鋼,10,0,10,華南永昌-竹北,2024-02-29,9339
3050,鈺德,10,0,10,華南永昌-竹北,2024-02-29,9339
8926,台汽電,11,2,9,華南永昌-竹北,2024-02-29,9339
1414,東和,10,1,9,華南永昌-竹北,2024-02-29,9339
00897,富邦基因免疫生技,9,0,9,華南永昌-竹北,2024-02-29,9339
2889,國票金,10,3,7,華南永昌-竹北,2024-02-29,9339
2317,鴻海,8,1,7,華南永昌-竹北,2024-02-29,9339
6535,順藥,7,0,7,華南永昌-竹北,2024-02-29,9339
2330,台積電,6,0,6,華南永昌-竹北,2024-02-29,9339
2467,志聖,8,2,6,華南永昌-竹北,2024-02-29,9339
2303,聯電,6,0,6,華南永昌-竹北,2024-02-29,9339
00919,群益台灣精選高息,259,3,256,華南永昌-竹北,2024-03-01,9339
3231,緯創,215,12,203,華南永昌-竹北,2024-03-01,9339
2313,華通,327,142,185,華南永昌-竹北,2024-03-01,9339
8085,福華,268,87,181,華南永昌-竹北,2024-03-01,9339
3450,聯鈞,142,14,128,華南永昌-竹北,2024-03-01,9339
2201,裕隆,114,1,113,華南永昌-竹北,2024-03-01,9339
2369,菱生,102,12,90,華南永昌-竹北,2024-03-01,9339
2731,雄獅,88,0,88,華南永昌-竹北,2024-03-01,9339
00937B,群益ESG投等債20,85,1,84,華南永昌-竹北,2024-03-01,9339
00633L,富邦上証正2,164,91,73,華南永昌-竹北,2024-03-01,9339
2891,中信金,70,0,70,華南永昌-竹北,2024-03-01,9339
6213,聯茂,61,0,61,華南永昌-竹北,2024-03-01,9339
8070,長華*,53,0,53,華南永昌-竹北,2024-03-01,9339
2472,立隆電,50,0,50,華南永昌-竹北,2024-03-01,9339
00918,大華優利高填息30,49,3,46,華南永昌-竹北,2024-03-01,9339
1326,台化,43,0,43,華南永昌-竹北,2024-03-01,9339
3481,群創,42,3,39,華南永昌-竹北,2024-03-01,9339
00687B,國泰20年美債,34,2,32,華南永昌-竹北,2024-03-01,9339
2340,台亞,31,0,31,華南永昌-竹北,2024-03-01,9339
6284,佳邦,30,0,30,華南永昌-竹北,2024-03-01,9339
3625,西勝,25,0,25,華南永昌-竹北,2024-03-01,9339
4915,致伸,23,0,23,華南永昌-竹北,2024-03-01,9339
00712,復華富時不動產,32,10,22,華南永昌-竹北,2024-03-01,9339
3483,力致,22,0,22,華南永昌-竹北,2024-03-01,9339
00929,復華台灣科技優息,41,21,20,華南永昌-竹北,2024-03-01,9339
6248,沛波,19,0,19,華南永昌-竹北,2024-03-01,9339
00679B,元大美債20年,24,7,17,華南永昌-竹北,2024-03-01,9339
6111,大宇資,16,0,16,華南永昌-竹北,2024-03-01,9339
00637L,元大滬深300正2,15,0,15,華南永昌-竹北,2024-03-01,9339
2431,聯昌,14,0,14,華南永昌-竹北,2024-03-01,9339
1618,合機,19,6,13,華南永昌-竹北,2024-03-01,9339
2609,陽明,31,18,13,華南永昌-竹北,2024-03-01,9339
6104,創惟,15,2,13,華南永昌-竹北,2024-03-01,9339
2031,新光鋼,13,0,13,華南永昌-竹北,2024-03-01,9339
3265,台星科,13,0,13,華南永昌-竹北,2024-03-01,9339
6770,力積電,23,11,12,華南永昌-竹北,2024-03-01,9339
2317,鴻海,13,1,12,華南永昌-竹北,2024-03-01,9339
00690,兆豐藍籌30,12,1,11,華南永昌-竹北,2024-03-01,9339
00713,元大台灣高息低波,16,5,11,華南永昌-竹北,2024-03-01,9339
1529,樂事綠能,16,5,11,華南永昌-竹北,2024-03-01,9339
5434,崇越,10,0,10,華南永昌-竹北,2024-03-01,9339
00671R,富邦NASDAQ反1,10,0,10,華南永昌-竹北,2024-03-01,9339
00720B,元大投資級公司債,11,1,10,華南永昌-竹北,2024-03-01,9339
1503,士電,52,42,10,華南永昌-竹北,2024-03-01,9339
8033,雷虎,10,0,10,華南永昌-竹北,2024-03-01,9339
3605,宏致,9,0,9,華南永昌-竹北,2024-03-01,9339
5452,佶優,32,23,9,華南永昌-竹北,2024-03-01,9339
6282,康舒,10,1,9,華南永昌-竹北,2024-03-01,9339
00680L,元大美債20正2,8,0,8,華南永昌-竹北,2024-03-01,9339
2371,大同,268,261,7,華南永昌-竹北,2024-03-01,9339
00919,群益台灣精選高息,142,39,103,華南永昌-竹北,2024-03-04,9339
2313,華通,189,98,91,華南永昌-竹北,2024-03-04,9339
5351,鈺創,106,16,90,華南永昌-竹北,2024-03-04,9339
1609,大亞,101,32,69,華南永昌-竹北,2024-03-04,9339
00937B,群益ESG投等債20,70,2,68,華南永昌-竹北,2024-03-04,9339
00671R,富邦NASDAQ反1,55,0,55,華南永昌-竹北,2024-03-04,9339
00918,大華優利高填息30,55,0,55,華南永昌-竹北,2024-03-04,9339
6290,良維,119,66,53,華南永昌-竹北,2024-03-04,9339
2344,華邦電,72,21,51,華南永昌-竹北,2024-03-04,9339
00687B,國泰20年美債,51,1,50,華南永昌-竹北,2024-03-04,9339
00673R,期元大S＆P原油反1,50,0,50,華南永昌-竹北,2024-03-04,9339
1722,台肥,50,0,50,華南永昌-竹北,2024-03-04,9339
3037,欣興,51,1,50,華南永昌-竹北,2024-03-04,9339
1524,耿鼎,41,3,38,華南永昌-竹北,2024-03-04,9339
00632R,元大台灣50反1,36,0,36,華南永昌-竹北,2024-03-04,9339
4968,立積,39,8,31,華南永昌-竹北,2024-03-04,9339
2484,希華,60,30,30,華南永昌-竹北,2024-03-04,9339
00720B,元大投資級公司債,21,0,21,華南永昌-竹北,2024-03-04,9339
6257,矽格,27,6,21,華南永昌-竹北,2024-03-04,9339
2101,南港,20,0,20,華南永昌-竹北,2024-03-04,9339
2316,楠梓電,20,0,20,華南永昌-竹北,2024-03-04,9339
3176,基亞,20,0,20,華南永昌-竹北,2024-03-04,9339
6104,創惟,33,13,20,華南永昌-竹北,2024-03-04,9339
4945,陞達科技,20,1,19,華南永昌-竹北,2024-03-04,9339
6122,擎邦,20,1,19,華南永昌-竹北,2024-03-04,9339
2206,三陽工業,20,2,18,華南永昌-竹北,2024-03-04,9339
3360,尚立,17,2,15,華南永昌-竹北,2024-03-04,9339
00679B,元大美債20年,23,9,14,華南永昌-竹北,2024-03-04,9339
3587,閎康,18,4,14,華南永昌-竹北,2024-03-04,9339
8996,高力,16,4,12,華南永昌-竹北,2024-03-04,9339
1582,信錦,11,0,11,華南永昌-竹北,2024-03-04,9339
00773B,中信優先金融債,10,0,10,華南永昌-竹北,2024-03-04,9339
1514,亞力,31,21,10,華南永昌-竹北,2024-03-04,9339
2433,互盛電,10,0,10,華南永昌-竹北,2024-03-04,9339
2457,飛宏,15,5,10,華南永昌-竹北,2024-03-04,9339
2462,良得電,16,6,10,華南永昌-竹北,2024-03-04,9339
3312,弘憶股,10,0,10,華南永昌-竹北,2024-03-04,9339
3322,建舜電,10,0,10,華南永昌-竹北,2024-03-04,9339
3617,碩天,10,0,10,華南永昌-竹北,2024-03-04,9339
3583,辛耘,13,3,10,華南永昌-竹北,2024-03-04,9339
1815,富喬,9,0,9,華南永昌-竹北,2024-03-04,9339
00893,國泰智能電動車,10,2,8,華南永昌-竹北,2024-03-04,9339
00665L,富邦�琤肭磪囓�2,15,7,8,華南永昌-竹北,2024-03-04,9339
1612,宏泰,8,0,8,華南永昌-竹北,2024-03-04,9339
2332,友訊,8,0,8,華南永昌-竹北,2024-03-04,9339
6139,亞翔,19,11,8,華南永昌-竹北,2024-03-04,9339
00645,富邦日本,8,0,8,華南永昌-竹北,2024-03-04,9339
2888,新光金,11,4,7,華南永昌-竹北,2024-03-04,9339
00857B,永豐20年美公債,7,0,7,華南永昌-竹北,2024-03-04,9339
6164,華興,7,0,7,華南永昌-竹北,2024-03-04,9339
00937B,群益ESG投等債20,771,0,771,華南永昌-竹北,2024-03-05,9339
2485,兆赫,156,23,133,華南永昌-竹北,2024-03-05,9339
1609,大亞,88,7,81,華南永昌-竹北,2024-03-05,9339
3450,聯鈞,86,7,79,華南永昌-竹北,2024-03-05,9339
00665L,富邦�琤肭磪囓�2,181,111,70,華南永昌-竹北,2024-03-05,9339
8085,福華,69,2,67,華南永昌-竹北,2024-03-05,9339
6197,佳必琪,71,10,61,華南永昌-竹北,2024-03-05,9339
2609,陽明,108,50,58,華南永昌-竹北,2024-03-05,9339
00919,群益台灣精選高息,69,14,55,華南永昌-竹北,2024-03-05,9339
1503,士電,117,66,51,華南永昌-竹北,2024-03-05,9339
00679B,元大美債20年,40,1,39,華南永昌-竹北,2024-03-05,9339
6806,森崴能源,61,22,39,華南永昌-竹北,2024-03-05,9339
00757,統一FANG+,38,0,38,華南永昌-竹北,2024-03-05,9339
9105,泰金寶-DR,34,0,34,華南永昌-竹北,2024-03-05,9339
4721,美琪瑪,30,0,30,華南永昌-竹北,2024-03-05,9339
2206,三陽工業,36,7,29,華南永昌-竹北,2024-03-05,9339
3689,湧德,79,51,28,華南永昌-竹北,2024-03-05,9339
2344,華邦電,30,3,27,華南永昌-竹北,2024-03-05,9339
00712,復華富時不動產,26,1,25,華南永昌-竹北,2024-03-05,9339
3005,神基,24,1,23,華南永昌-竹北,2024-03-05,9339
00933B,國泰10Y+金融債,22,0,22,華南永昌-竹北,2024-03-05,9339
6290,良維,28,7,21,華南永昌-竹北,2024-03-05,9339
2337,旺宏,21,0,21,華南永昌-竹北,2024-03-05,9339
8210,勤誠,25,5,20,華南永昌-竹北,2024-03-05,9339
2443,昶虹,20,0,20,華南永昌-竹北,2024-03-05,9339
6284,佳邦,19,0,19,華南永昌-竹北,2024-03-05,9339
3545,敦泰,18,0,18,華南永昌-竹北,2024-03-05,9339
2399,映泰,16,0,16,華南永昌-竹北,2024-03-05,9339
2002,中鋼,16,0,16,華南永昌-竹北,2024-03-05,9339
3042,晶技,15,0,15,華南永昌-竹北,2024-03-05,9339
00915,凱基優選高股息30,14,0,14,華南永昌-竹北,2024-03-05,9339
9939,宏全,15,1,14,華南永昌-竹北,2024-03-05,9339
00918,大華優利高填息30,13,0,13,華南永昌-竹北,2024-03-05,9339
1409,新纖,15,2,13,華南永昌-竹北,2024-03-05,9339
6164,華興,20,7,13,華南永昌-竹北,2024-03-05,9339
1513,中興電,29,17,12,華南永昌-竹北,2024-03-05,9339
2313,華通,112,101,11,華南永昌-竹北,2024-03-05,9339
2618,長榮航,11,0,11,華南永昌-竹北,2024-03-05,9339
00929,復華台灣科技優息,30,20,10,華南永昌-竹北,2024-03-05,9339
6667,信紘科,10,0,10,華南永昌-竹北,2024-03-05,9339
6248,沛波,10,0,10,華南永昌-竹北,2024-03-05,9339
5452,佶優,10,0,10,華南永昌-竹北,2024-03-05,9339
2324,仁寶,11,1,10,華南永昌-竹北,2024-03-05,9339
1301,台塑,9,0,9,華南永昌-竹北,2024-03-05,9339
4102,永日,9,0,9,華南永昌-竹北,2024-03-05,9339
4529,淳紳,9,0,9,華南永昌-竹北,2024-03-05,9339
2371,大同,11,2,9,華南永昌-竹北,2024-03-05,9339
2308,台達電,9,0,9,華南永昌-竹北,2024-03-05,9339
3372,典範,13,5,8,華南永昌-竹北,2024-03-05,9339
2429,銘旺科,8,0,8,華南永昌-竹北,2024-03-05,9339
2371,大同,844,567,277,華南永昌-竹北,2024-03-06,9339
00632R,元大台灣50反1,247,5,242,華南永昌-竹北,2024-03-06,9339
3005,神基,194,10,184,華南永昌-竹北,2024-03-06,9339
00918,大華優利高填息30,106,0,106,華南永昌-竹北,2024-03-06,9339
00795B,中信美國公債20年,100,0,100,華南永昌-竹北,2024-03-06,9339
2331,精英,94,0,94,華南永昌-竹北,2024-03-06,9339
8423,保綠-KY,80,0,80,華南永昌-竹北,2024-03-06,9339
6937,天虹,71,1,70,華南永昌-竹北,2024-03-06,9339
2399,映泰,66,0,66,華南永昌-竹北,2024-03-06,9339
00937B,群益ESG投等債20,61,0,61,華南永昌-竹北,2024-03-06,9339
2301,光寶科,65,6,59,華南永昌-竹北,2024-03-06,9339
6126,信音,78,25,53,華南永昌-竹北,2024-03-06,9339
00919,群益台灣精選高息,70,18,52,華南永昌-竹北,2024-03-06,9339
3037,欣興,37,1,36,華南永昌-竹北,2024-03-06,9339
3363,上詮,34,0,34,華南永昌-竹北,2024-03-06,9339
00915,凱基優選高股息30,31,0,31,華南永昌-竹北,2024-03-06,9339
3360,尚立,32,1,31,華南永昌-竹北,2024-03-06,9339
1809,中釉,30,0,30,華南永昌-竹北,2024-03-06,9339
2641,正德,30,0,30,華南永昌-竹北,2024-03-06,9339
6462,神盾,95,74,21,華南永昌-竹北,2024-03-06,9339
00664R,國泰臺灣加權反1,20,0,20,華南永昌-竹北,2024-03-06,9339
2634,漢翔,20,1,19,華南永昌-竹北,2024-03-06,9339
00679B,元大美債20年,22,3,19,華南永昌-竹北,2024-03-06,9339
2002,中鋼,18,0,18,華南永昌-竹北,2024-03-06,9339
3176,基亞,18,0,18,華南永昌-竹北,2024-03-06,9339
5258,虹堡,18,0,18,華南永昌-竹北,2024-03-06,9339
2603,長榮,24,7,17,華南永昌-竹北,2024-03-06,9339
2327,國巨,16,0,16,華南永昌-竹北,2024-03-06,9339
6531,愛普*,30,15,15,華南永昌-竹北,2024-03-06,9339
6276,安鈦克,16,1,15,華南永昌-竹北,2024-03-06,9339
8085,福華,31,16,15,華南永昌-竹北,2024-03-06,9339
2353,宏��,14,0,14,華南永昌-竹北,2024-03-06,9339
6485,點序,13,0,13,華南永昌-竹北,2024-03-06,9339
8011,台通,16,3,13,華南永昌-竹北,2024-03-06,9339
2845,遠東銀,20,7,13,華南永昌-竹北,2024-03-06,9339
6117,迎廣,33,20,13,華南永昌-竹北,2024-03-06,9339
2405,輔信,20,8,12,華南永昌-竹北,2024-03-06,9339
9105,泰金寶-DR,12,0,12,華南永昌-竹北,2024-03-06,9339
2609,陽明,34,23,11,華南永昌-竹北,2024-03-06,9339
6770,力積電,12,1,11,華南永昌-竹北,2024-03-06,9339
00720B,元大投資級公司債,11,0,11,華南永昌-竹北,2024-03-06,9339
3105,穩懋,11,0,11,華南永昌-竹北,2024-03-06,9339
6806,森崴能源,11,0,11,華南永昌-竹北,2024-03-06,9339
00924,復華S＆P500成長,10,0,10,華南永昌-竹北,2024-03-06,9339
1612,宏泰,10,0,10,華南永昌-竹北,2024-03-06,9339
1618,合機,11,1,10,華南永昌-竹北,2024-03-06,9339
2442,新美齊,10,0,10,華南永昌-竹北,2024-03-06,9339
3260,威剛,10,0,10,華南永昌-竹北,2024-03-06,9339
3516,亞帝歐,10,0,10,華南永昌-竹北,2024-03-06,9339
3605,宏致,10,0,10,華南永昌-竹北,2024-03-06,9339
2367,燿華,485,149,336,華南永昌-竹北,2024-03-07,9339
00633L,富邦上証正2,285,0,285,華南永昌-竹北,2024-03-07,9339
00637L,元大滬深300正2,255,4,251,華南永昌-竹北,2024-03-07,9339
00632R,元大台灣50反1,160,0,160,華南永昌-竹北,2024-03-07,9339
2331,精英,135,0,135,華南永昌-竹北,2024-03-07,9339
1471,首利,114,1,113,華南永昌-竹北,2024-03-07,9339
2884,玉山金,83,1,82,華南永昌-竹北,2024-03-07,9339
2313,華通,158,86,72,華南永昌-竹北,2024-03-07,9339
00918,大華優利高填息30,74,5,69,華南永昌-竹北,2024-03-07,9339
00919,群益台灣精選高息,80,17,63,華南永昌-竹北,2024-03-07,9339
4967,十銓,63,0,63,華南永昌-竹北,2024-03-07,9339
00673R,期元大S＆P原油反1,60,0,60,華南永昌-竹北,2024-03-07,9339
2399,映泰,60,2,58,華南永昌-竹北,2024-03-07,9339
2206,三陽工業,60,8,52,華南永昌-竹北,2024-03-07,9339
00878,國泰永續高股息,70,24,46,華南永昌-竹北,2024-03-07,9339
8054,安國,70,25,45,華南永昌-竹北,2024-03-07,9339
1609,大亞,45,2,43,華南永昌-竹北,2024-03-07,9339
2489,瑞軒,40,1,39,華南永昌-竹北,2024-03-07,9339
2382,廣達,40,7,33,華南永昌-竹北,2024-03-07,9339
2345,智邦,33,2,31,華南永昌-竹北,2024-03-07,9339
3363,上詮,31,1,30,華南永昌-竹北,2024-03-07,9339
1612,宏泰,30,0,30,華南永昌-竹北,2024-03-07,9339
6237,驊訊,34,6,28,華南永昌-竹北,2024-03-07,9339
4743,合一,28,1,27,華南永昌-竹北,2024-03-07,9339
2543,皇昌,30,3,27,華南永昌-竹北,2024-03-07,9339
6937,天虹,27,0,27,華南永昌-竹北,2024-03-07,9339
2449,京元電子,39,12,27,華南永昌-竹北,2024-03-07,9339
6462,神盾,170,144,26,華南永昌-竹北,2024-03-07,9339
3376,新日興,57,31,26,華南永昌-竹北,2024-03-07,9339
6188,廣明,24,0,24,華南永昌-竹北,2024-03-07,9339
3163,波若威,36,13,23,華南永昌-竹北,2024-03-07,9339
00934,中信成長高股息,23,1,22,華南永昌-竹北,2024-03-07,9339
1721,三晃,20,0,20,華南永昌-竹北,2024-03-07,9339
2312,金寶,20,0,20,華南永昌-竹北,2024-03-07,9339
6667,信紘科,21,1,20,華南永昌-竹北,2024-03-07,9339
2002,中鋼,19,0,19,華南永昌-竹北,2024-03-07,9339
3321,同泰,19,0,19,華南永昌-竹北,2024-03-07,9339
1316,上曜,51,32,19,華南永昌-竹北,2024-03-07,9339
2486,一詮,46,27,19,華南永昌-竹北,2024-03-07,9339
4908,前鼎,21,2,19,華南永昌-竹北,2024-03-07,9339
5388,中磊,20,2,18,華南永昌-竹北,2024-03-07,9339
5521,工信,26,8,18,華南永昌-竹北,2024-03-07,9339
6274,台燿,27,10,17,華南永昌-竹北,2024-03-07,9339
4953,緯軟,22,6,16,華南永昌-竹北,2024-03-07,9339
2201,裕隆,16,1,15,華南永昌-竹北,2024-03-07,9339
3260,威剛,22,7,15,華南永昌-竹北,2024-03-07,9339
2417,圓剛,15,1,14,華南永昌-竹北,2024-03-07,9339
2431,聯昌,14,0,14,華南永昌-竹北,2024-03-07,9339
8112,至上,36,23,13,華南永昌-竹北,2024-03-07,9339
4927,泰鼎-KY,15,2,13,華南永昌-竹北,2024-03-07,9339
00632R,元大台灣50反1,293,32,261,華南永昌-竹北,2024-03-08,9339
4971,IET-KY,160,0,160,華南永昌-竹北,2024-03-08,9339
00633L,富邦上証正2,150,9,141,華南永昌-竹北,2024-03-08,9339
2313,華通,381,243,138,華南永昌-竹北,2024-03-08,9339
2201,裕隆,117,2,115,華南永昌-竹北,2024-03-08,9339
2845,遠東銀,100,1,99,華南永昌-竹北,2024-03-08,9339
6120,達運,231,135,96,華南永昌-竹北,2024-03-08,9339
00929,復華台灣科技優息,161,94,67,華南永昌-竹北,2024-03-08,9339
4967,十銓,55,0,55,華南永昌-竹北,2024-03-08,9339
2890,永豐金,50,1,49,華南永昌-竹北,2024-03-08,9339
2206,三陽工業,40,0,40,華南永昌-竹北,2024-03-08,9339
2609,陽明,192,160,32,華南永昌-竹北,2024-03-08,9339
4114,健喬,31,2,29,華南永昌-竹北,2024-03-08,9339
2489,瑞軒,21,0,21,華南永昌-竹北,2024-03-08,9339
2382,廣達,43,23,20,華南永昌-竹北,2024-03-08,9339
6284,佳邦,25,5,20,華南永昌-竹北,2024-03-08,9339
3260,威剛,27,10,17,華南永昌-竹北,2024-03-08,9339
3025,星通,18,1,17,華南永昌-竹北,2024-03-08,9339
2002,中鋼,26,10,16,華南永昌-竹北,2024-03-08,9339
00673R,期元大S＆P原油反1,16,0,16,華南永昌-竹北,2024-03-08,9339
6016,康和證,18,2,16,華南永昌-竹北,2024-03-08,9339
8299,群聯,15,0,15,華南永昌-竹北,2024-03-08,9339
1815,富喬,19,4,15,華南永昌-竹北,2024-03-08,9339
2618,長榮航,16,1,15,華南永昌-竹北,2024-03-08,9339
00915,凱基優選高股息30,14,0,14,華南永昌-竹北,2024-03-08,9339
00687B,國泰20年美債,13,0,13,華南永昌-竹北,2024-03-08,9339
1529,樂事綠能,14,1,13,華南永昌-竹北,2024-03-08,9339
3289,宜特,17,4,13,華南永昌-竹北,2024-03-08,9339
8423,保綠-KY,13,0,13,華南永昌-竹北,2024-03-08,9339
2031,新光鋼,12,0,12,華南永昌-竹北,2024-03-08,9339
00937B,群益ESG投等債20,72,60,12,華南永昌-竹北,2024-03-08,9339
2014,中鴻,12,0,12,華南永昌-竹北,2024-03-08,9339
3540,曜越,15,3,12,華南永昌-竹北,2024-03-08,9339
5258,虹堡,15,3,12,華南永昌-竹北,2024-03-08,9339
1301,台塑,29,18,11,華南永昌-竹北,2024-03-08,9339
3691,碩禾,12,1,11,華南永昌-竹北,2024-03-08,9339
00712,復華富時不動產,11,0,11,華南永昌-竹北,2024-03-08,9339
6806,森崴能源,26,15,11,華南永昌-竹北,2024-03-08,9339
00881,國泰台灣5G+,14,3,11,華南永昌-竹北,2024-03-08,9339
6104,創惟,11,0,11,華南永昌-竹北,2024-03-08,9339
6125,廣運,21,10,11,華南永昌-竹北,2024-03-08,9339
1504,東元,10,0,10,華南永昌-竹北,2024-03-08,9339
4721,美琪瑪,10,0,10,華南永昌-竹北,2024-03-08,9339
00637L,元大滬深300正2,10,0,10,華南永昌-竹北,2024-03-08,9339
1612,宏泰,10,0,10,華南永昌-竹北,2024-03-08,9339
2472,立隆電,10,0,10,華南永昌-竹北,2024-03-08,9339
3388,崇越電,10,0,10,華南永昌-竹北,2024-03-08,9339
4566,時碩工業,10,0,10,華南永昌-竹北,2024-03-08,9339
9927,泰銘,10,0,10,華南永昌-竹北,2024-03-08,9339
3711,日月光投控,15,6,9,華南永昌-竹北,2024-03-08,9339
2882,國泰金,273,15,258,華南永昌-竹北,2024-03-11,9339
00637L,元大滬深300正2,221,58,163,華南永昌-竹北,2024-03-11,9339
4513,福裕,149,1,148,華南永昌-竹北,2024-03-11,9339
00680L,元大美債20正2,137,2,135,華南永昌-竹北,2024-03-11,9339
00687B,國泰20年美債,81,0,81,華南永昌-竹北,2024-03-11,9339
00934,中信成長高股息,61,0,61,華南永昌-竹北,2024-03-11,9339
00919,群益台灣精選高息,106,48,58,華南永昌-竹北,2024-03-11,9339
2618,長榮航,50,1,49,華南永昌-竹北,2024-03-11,9339
1712,興農,47,0,47,華南永昌-竹北,2024-03-11,9339
00918,大華優利高填息30,41,1,40,華南永昌-竹北,2024-03-11,9339
6462,神盾,75,39,36,華南永昌-竹北,2024-03-11,9339
8085,福華,41,6,35,華南永昌-竹北,2024-03-11,9339
2369,菱生,35,4,31,華南永昌-竹北,2024-03-11,9339
6213,聯茂,30,0,30,華南永昌-竹北,2024-03-11,9339
2363,矽統,28,0,28,華南永昌-竹北,2024-03-11,9339
0052,富邦科技,20,0,20,華南永昌-竹北,2024-03-11,9339
6584,南俊國際,54,34,20,華南永昌-竹北,2024-03-11,9339
2885,元大金,20,2,18,華南永昌-竹北,2024-03-11,9339
2330,台積電,19,2,17,華南永昌-竹北,2024-03-11,9339
2344,華邦電,16,0,16,華南永昌-竹北,2024-03-11,9339
3284,太普高,20,4,16,華南永昌-竹北,2024-03-11,9339
3376,新日興,15,0,15,華南永昌-竹北,2024-03-11,9339
3607,谷崧,15,0,15,華南永昌-竹北,2024-03-11,9339
5351,鈺創,15,0,15,華南永昌-竹北,2024-03-11,9339
5310,天剛,14,0,14,華南永昌-竹北,2024-03-11,9339
8423,保綠-KY,13,0,13,華南永昌-竹北,2024-03-11,9339
2377,微星,13,0,13,華南永昌-竹北,2024-03-11,9339
00915,凱基優選高股息30,18,6,12,華南永昌-竹北,2024-03-11,9339
00830,國泰費城半導體,13,1,12,華南永昌-竹北,2024-03-11,9339
1726,永記,12,0,12,華南永昌-竹北,2024-03-11,9339
3707,漢磊,71,59,12,華南永昌-竹北,2024-03-11,9339
6789,采鈺,12,0,12,華南永昌-竹北,2024-03-11,9339
00891,中信關鍵半導體,11,0,11,華南永昌-竹北,2024-03-11,9339
2355,敬鵬,11,0,11,華南永昌-竹北,2024-03-11,9339
00907,永豐優息存股,10,0,10,華南永昌-竹北,2024-03-11,9339
2892,第一金,10,0,10,華南永昌-竹北,2024-03-11,9339
4746,台耀,11,1,10,華南永昌-竹北,2024-03-11,9339
6219,富旺,10,0,10,華南永昌-竹北,2024-03-11,9339
6016,康和證,10,0,10,華南永昌-竹北,2024-03-11,9339
3062,建漢,10,1,9,華南永昌-竹北,2024-03-11,9339
5009,榮剛,9,0,9,華南永昌-竹北,2024-03-11,9339
3362,先進光,10,2,8,華南永昌-竹北,2024-03-11,9339
4907,富宇,8,0,8,華南永昌-竹北,2024-03-11,9339
9105,泰金寶-DR,8,0,8,華南永昌-竹北,2024-03-11,9339
6198,瑞築,9,2,7,華南永昌-竹北,2024-03-11,9339
6285,啟��,7,0,7,華南永昌-竹北,2024-03-11,9339
1609,大亞,7,0,7,華南永昌-竹北,2024-03-11,9339
2371,大同,22,15,7,華南永昌-竹北,2024-03-11,9339
2889,國票金,7,0,7,華南永昌-竹北,2024-03-11,9339
3036,文曄,7,0,7,華南永昌-竹北,2024-03-11,9339
2344,華邦電,126,0,126,華南永昌-竹北,2024-03-12,9339
3372,典範,100,0,100,華南永昌-竹北,2024-03-12,9339
00937B,群益ESG投等債20,98,12,86,華南永昌-竹北,2024-03-12,9339
00918,大華優利高填息30,73,2,71,華南永昌-竹北,2024-03-12,9339
3322,建舜電,52,0,52,華南永昌-竹北,2024-03-12,9339
4971,IET-KY,57,5,52,華南永昌-竹北,2024-03-12,9339
00915,凱基優選高股息30,38,1,37,華南永昌-竹北,2024-03-12,9339
2317,鴻海,99,64,35,華南永昌-竹北,2024-03-12,9339
2327,國巨,38,4,34,華南永昌-竹北,2024-03-12,9339
2371,大同,68,37,31,華南永昌-竹北,2024-03-12,9339
4147,中裕,32,2,30,華南永昌-竹北,2024-03-12,9339
6219,富旺,30,0,30,華南永昌-竹北,2024-03-12,9339
00687B,國泰20年美債,25,0,25,華南永昌-竹北,2024-03-12,9339
00632R,元大台灣50反1,25,0,25,華南永昌-竹北,2024-03-12,9339
8046,南電,25,0,25,華南永昌-竹北,2024-03-12,9339
2618,長榮航,59,36,23,華南永昌-竹北,2024-03-12,9339
5243,乙盛-KY,40,20,20,華南永昌-竹北,2024-03-12,9339
00666R,富邦�琤肭磪齯�1,20,0,20,華南永昌-竹北,2024-03-12,9339
6451,訊芯-KY,20,0,20,華南永昌-竹北,2024-03-12,9339
1514,亞力,89,70,19,華南永昌-竹北,2024-03-12,9339
1231,聯華食,19,0,19,華南永昌-竹北,2024-03-12,9339
1582,信錦,55,38,17,華南永昌-竹北,2024-03-12,9339
6869,雲豹能源,17,0,17,華南永昌-竹北,2024-03-12,9339
3548,兆利,42,27,15,華南永昌-竹北,2024-03-12,9339
00752,中信中國50,14,0,14,華南永昌-竹北,2024-03-12,9339
3176,基亞,12,0,12,華南永昌-竹北,2024-03-12,9339
1471,首利,11,0,11,華南永昌-竹北,2024-03-12,9339
6419,京晨科,11,0,11,華南永昌-竹北,2024-03-12,9339
00655L,國泰中國A50正2,10,0,10,華南永昌-竹北,2024-03-12,9339
6187,萬潤,13,3,10,華南永昌-竹北,2024-03-12,9339
6189,豐藝,10,0,10,華南永昌-竹北,2024-03-12,9339
00673R,期元大S＆P原油反1,10,0,10,華南永昌-竹北,2024-03-12,9339
1712,興農,10,0,10,華南永昌-竹北,2024-03-12,9339
2369,菱生,60,50,10,華南永昌-竹北,2024-03-12,9339
3303,岱稜,10,0,10,華南永昌-竹北,2024-03-12,9339
4973,廣穎,10,0,10,華南永昌-竹北,2024-03-12,9339
8070,長華*,10,0,10,華南永昌-竹北,2024-03-12,9339
1773,勝一,10,1,9,華南永昌-竹北,2024-03-12,9339
2002,中鋼,10,1,9,華南永昌-竹北,2024-03-12,9339
5381,合正,9,0,9,華南永昌-竹北,2024-03-12,9339
9927,泰銘,9,0,9,華南永昌-竹北,2024-03-12,9339
3231,緯創,18,9,9,華南永昌-竹北,2024-03-12,9339
3207,耀勝,13,4,9,華南永昌-竹北,2024-03-12,9339
00933B,國泰10Y+金融債,10,2,8,華南永昌-竹北,2024-03-12,9339
2231,為升,8,0,8,華南永昌-竹北,2024-03-12,9339
2472,立隆電,8,0,8,華南永昌-竹北,2024-03-12,9339
00712,復華富時不動產,8,0,8,華南永昌-竹北,2024-03-12,9339
2324,仁寶,7,0,7,華南永昌-竹北,2024-03-12,9339
2610,華航,10,3,7,華南永昌-竹北,2024-03-12,9339
8996,高力,11,4,7,華南永昌-竹北,2024-03-12,9339
00637L,元大滬深300正2,286,16,270,華南永昌-竹北,2024-03-13,9339
3322,建舜電,255,0,255,華南永昌-竹北,2024-03-13,9339
2313,華通,476,223,253,華南永昌-竹北,2024-03-13,9339
2382,廣達,355,137,218,華南永昌-竹北,2024-03-13,9339
4123,晟德,122,0,122,華南永昌-竹北,2024-03-13,9339
3231,緯創,173,90,83,華南永昌-竹北,2024-03-13,9339
2317,鴻海,123,43,80,華南永昌-竹北,2024-03-13,9339
3037,欣興,101,25,76,華南永昌-竹北,2024-03-13,9339
4971,IET-KY,74,0,74,華南永昌-竹北,2024-03-13,9339
2344,華邦電,70,0,70,華南永昌-竹北,2024-03-13,9339
00882,中信中國高股息,67,0,67,華南永昌-竹北,2024-03-13,9339
00929,復華台灣科技優息,86,23,63,華南永昌-竹北,2024-03-13,9339
2442,新美齊,60,0,60,華南永昌-竹北,2024-03-13,9339
00679B,元大美債20年,65,6,59,華南永昌-竹北,2024-03-13,9339
8147,正淩,101,42,59,華南永昌-竹北,2024-03-13,9339
8011,台通,71,20,51,華南永昌-竹北,2024-03-13,9339
1608,華榮,50,4,46,華南永昌-竹北,2024-03-13,9339
6120,達運,101,61,40,華南永昌-竹北,2024-03-13,9339
00915,凱基優選高股息30,40,2,38,華南永昌-竹北,2024-03-13,9339
00937B,群益ESG投等債20,35,0,35,華南永昌-竹北,2024-03-13,9339
4147,中裕,35,0,35,華南永昌-竹北,2024-03-13,9339
3363,上詮,35,2,33,華南永昌-竹北,2024-03-13,9339
3163,波若威,135,105,30,華南永昌-竹北,2024-03-13,9339
00918,大華優利高填息30,30,0,30,華南永昌-竹北,2024-03-13,9339
2408,南亞科,43,14,29,華南永昌-竹北,2024-03-13,9339
3645,達邁,27,0,27,華南永昌-竹北,2024-03-13,9339
3044,健鼎,28,3,25,華南永昌-竹北,2024-03-13,9339
1319,東陽,34,11,23,華南永昌-竹北,2024-03-13,9339
2409,友達,26,5,21,華南永昌-竹北,2024-03-13,9339
1796,金穎生技,20,0,20,華南永昌-竹北,2024-03-13,9339
3176,基亞,20,0,20,華南永昌-竹北,2024-03-13,9339
6269,台郡,20,0,20,華南永昌-竹北,2024-03-13,9339
1514,亞力,73,55,18,華南永昌-竹北,2024-03-13,9339
00881,國泰台灣5G+,20,3,17,華南永昌-竹北,2024-03-13,9339
3324,雙鴻,26,10,16,華南永昌-竹北,2024-03-13,9339
3289,宜特,16,0,16,華南永昌-竹北,2024-03-13,9339
00857B,永豐20年美公債,15,0,15,華南永昌-竹北,2024-03-13,9339
2371,大同,61,46,15,華南永昌-竹北,2024-03-13,9339
6125,廣運,43,28,15,華南永昌-竹北,2024-03-13,9339
2367,燿華,19,6,13,華南永昌-竹北,2024-03-13,9339
2201,裕隆,16,3,13,華南永昌-竹北,2024-03-13,9339
00632R,元大台灣50反1,118,105,13,華南永昌-竹北,2024-03-13,9339
6219,富旺,14,1,13,華南永昌-竹北,2024-03-13,9339
6217,中探針,16,3,13,華南永昌-竹北,2024-03-13,9339
1229,聯華,12,0,12,華南永昌-竹北,2024-03-13,9339
2365,昆盈,26,14,12,華南永昌-竹北,2024-03-13,9339
5607,遠雄港,11,0,11,華南永昌-竹北,2024-03-13,9339
2883,凱基金,26,15,11,華南永昌-竹北,2024-03-13,9339
00932,兆豐永續高息等權,10,0,10,華南永昌-竹北,2024-03-13,9339
1609,大亞,37,27,10,華南永昌-竹北,2024-03-13,9339
2618,長榮航,370,24,346,華南永昌-竹北,2024-03-14,9339
2845,遠東銀,300,7,293,華南永昌-竹北,2024-03-14,9339
2897,王道銀行,211,0,211,華南永昌-竹北,2024-03-14,9339
2371,大同,185,20,165,華南永昌-竹北,2024-03-14,9339
2609,陽明,158,0,158,華南永昌-竹北,2024-03-14,9339
8040,九暘,170,26,144,華南永昌-竹北,2024-03-14,9339
00919,群益台灣精選高息,343,204,139,華南永昌-竹北,2024-03-14,9339
2834,臺企銀,113,6,107,華南永昌-竹北,2024-03-14,9339
00929,復華台灣科技優息,153,72,81,華南永昌-竹北,2024-03-14,9339
2369,菱生,80,0,80,華南永昌-竹北,2024-03-14,9339
00927,群益半導體收益,70,11,59,華南永昌-竹北,2024-03-14,9339
2431,聯昌,59,0,59,華南永昌-竹北,2024-03-14,9339
1733,五鼎,56,0,56,華南永昌-竹北,2024-03-14,9339
4123,晟德,50,0,50,華南永昌-竹北,2024-03-14,9339
5009,榮剛,45,0,45,華南永昌-竹北,2024-03-14,9339
00673R,期元大S＆P原油反1,41,0,41,華南永昌-竹北,2024-03-14,9339
00636,國泰中國A50,40,0,40,華南永昌-竹北,2024-03-14,9339
00882,中信中國高股息,57,17,40,華南永昌-竹北,2024-03-14,9339
3163,波若威,44,5,39,華南永昌-竹北,2024-03-14,9339
6514,芮特-KY,39,0,39,華南永昌-竹北,2024-03-14,9339
4906,正文,35,0,35,華南永昌-竹北,2024-03-14,9339
00878,國泰永續高股息,37,2,35,華南永昌-竹北,2024-03-14,9339
00633L,富邦上証正2,40,5,35,華南永昌-竹北,2024-03-14,9339
6217,中探針,37,2,35,華南永昌-竹北,2024-03-14,9339
00933B,國泰10Y+金融債,34,0,34,華南永昌-竹北,2024-03-14,9339
00915,凱基優選高股息30,76,45,31,華南永昌-竹北,2024-03-14,9339
3363,上詮,28,0,28,華南永昌-竹北,2024-03-14,9339
5452,佶優,29,1,28,華南永昌-竹北,2024-03-14,9339
00918,大華優利高填息30,28,0,28,華南永昌-竹北,2024-03-14,9339
2382,廣達,112,86,26,華南永昌-竹北,2024-03-14,9339
00687B,國泰20年美債,56,30,26,華南永昌-竹北,2024-03-14,9339
00708L,期元大S＆P黃金正2,25,0,25,華南永昌-竹北,2024-03-14,9339
00679B,元大美債20年,30,7,23,華南永昌-竹北,2024-03-14,9339
2376,技嘉,27,5,22,華南永昌-竹北,2024-03-14,9339
1785,光洋科,21,0,21,華南永昌-竹北,2024-03-14,9339
2303,聯電,25,4,21,華南永昌-竹北,2024-03-14,9339
3548,兆利,22,2,20,華南永昌-竹北,2024-03-14,9339
2442,新美齊,20,0,20,華南永昌-竹北,2024-03-14,9339
5876,上海商銀,21,1,20,華南永昌-竹北,2024-03-14,9339
00637L,元大滬深300正2,35,20,15,華南永昌-竹北,2024-03-14,9339
2888,新光金,15,0,15,華南永昌-竹北,2024-03-14,9339
00632R,元大台灣50反1,24,10,14,華南永昌-竹北,2024-03-14,9339
2301,光寶科,14,0,14,華南永昌-竹北,2024-03-14,9339
4958,臻鼎-KY,16,2,14,華南永昌-竹北,2024-03-14,9339
2340,台亞,13,0,13,華南永昌-竹北,2024-03-14,9339
6139,亞翔,18,6,12,華南永昌-竹北,2024-03-14,9339
6742,澤米,12,0,12,華南永昌-竹北,2024-03-14,9339
4533,協易機,11,0,11,華南永昌-竹北,2024-03-14,9339
2889,國票金,21,10,11,華南永昌-竹北,2024-03-14,9339
0056,元大高股息,10,0,10,華南永昌-竹北,2024-03-14,9339
00665L,富邦�琤肭磪囓�2,197,5,192,華南永昌-竹北,2024-03-15,9339
00919,群益台灣精選高息,341,159,182,華南永昌-竹北,2024-03-15,9339
2323,中環,126,0,126,華南永昌-竹北,2024-03-15,9339
00918,大華優利高填息30,127,13,114,華南永昌-竹北,2024-03-15,9339
00633L,富邦上証正2,105,0,105,華南永昌-竹北,2024-03-15,9339
00941,中信上游半導體,148,52,96,華南永昌-竹北,2024-03-15,9339
5876,上海商銀,70,0,70,華南永昌-竹北,2024-03-15,9339
2603,長榮,92,31,61,華南永昌-竹北,2024-03-15,9339
6219,富旺,61,2,59,華南永昌-竹北,2024-03-15,9339
00712,復華富時不動產,52,2,50,華南永昌-竹北,2024-03-15,9339
3374,精材,50,0,50,華南永昌-竹北,2024-03-15,9339
00687B,國泰20年美債,48,0,48,華南永昌-竹北,2024-03-15,9339
4971,IET-KY,76,38,38,華南永昌-竹北,2024-03-15,9339
8112,至上,36,2,34,華南永昌-竹北,2024-03-15,9339
2376,技嘉,38,6,32,華南永昌-竹北,2024-03-15,9339
00673R,期元大S＆P原油反1,31,0,31,華南永昌-竹北,2024-03-15,9339
4906,正文,35,5,30,華南永昌-竹北,2024-03-15,9339
00915,凱基優選高股息30,30,0,30,華南永昌-竹北,2024-03-15,9339
8085,福華,31,1,30,華南永昌-竹北,2024-03-15,9339
1609,大亞,47,20,27,華南永昌-竹北,2024-03-15,9339
5347,世界,41,14,27,華南永昌-竹北,2024-03-15,9339
3481,群創,29,7,22,華南永昌-竹北,2024-03-15,9339
6188,廣明,21,0,21,華南永昌-竹北,2024-03-15,9339
2489,瑞軒,20,0,20,華南永昌-竹北,2024-03-15,9339
8092,建暐,18,0,18,華南永昌-竹北,2024-03-15,9339
00679B,元大美債20年,20,3,17,華南永昌-竹北,2024-03-15,9339
2834,臺企銀,131,115,16,華南永昌-竹北,2024-03-15,9339
2371,大同,44,29,15,華南永昌-竹北,2024-03-15,9339
2402,毅嘉,15,0,15,華南永昌-竹北,2024-03-15,9339
2020,美亞,14,0,14,華南永昌-竹北,2024-03-15,9339
2405,輔信,14,0,14,華南永昌-竹北,2024-03-15,9339
8011,台通,13,0,13,華南永昌-竹北,2024-03-15,9339
2377,微星,18,6,12,華南永昌-竹北,2024-03-15,9339
1303,南亞,12,0,12,華南永昌-竹北,2024-03-15,9339
1809,中釉,13,1,12,華南永昌-竹北,2024-03-15,9339
00795B,中信美國公債20年,12,0,12,華南永昌-竹北,2024-03-15,9339
00751B,元大AAA至A公司債,12,0,12,華南永昌-竹北,2024-03-15,9339
2882,國泰金,15,3,12,華南永昌-竹北,2024-03-15,9339
2356,英業達,15,4,11,華南永昌-竹北,2024-03-15,9339
3325,旭品,11,0,11,華南永昌-竹北,2024-03-15,9339
6261,久元,11,0,11,華南永昌-竹北,2024-03-15,9339
1605,華新,11,1,10,華南永昌-竹北,2024-03-15,9339
2312,金寶,10,0,10,華南永昌-竹北,2024-03-15,9339
2845,遠東銀,10,0,10,華南永昌-竹北,2024-03-15,9339
3176,基亞,10,0,10,華南永昌-竹北,2024-03-15,9339
6016,康和證,10,0,10,華南永昌-竹北,2024-03-15,9339
6509,聚和,10,0,10,華南永昌-竹北,2024-03-15,9339
9945,潤泰新,10,0,10,華南永昌-竹北,2024-03-15,9339
9962,有益,10,0,10,華南永昌-竹北,2024-03-15,9339
2201,裕隆,12,3,9,華南永昌-竹北,2024-03-15,9339
2515,中工,200,20,180,華南永昌-竹北,2024-03-18,9339
2382,廣達,322,173,149,華南永昌-竹北,2024-03-18,9339
2323,中環,255,130,125,華南永昌-竹北,2024-03-18,9339
00637L,元大滬深300正2,155,40,115,華南永昌-竹北,2024-03-18,9339
1513,中興電,124,21,103,華南永昌-竹北,2024-03-18,9339
00919,群益台灣精選高息,97,3,94,華南永昌-竹北,2024-03-18,9339
00918,大華優利高填息30,72,3,69,華南永昌-竹北,2024-03-18,9339
8086,宏捷科,61,1,60,華南永昌-竹北,2024-03-18,9339
4771,望隼,63,9,54,華南永昌-竹北,2024-03-18,9339
2867,三商壽,50,0,50,華南永昌-竹北,2024-03-18,9339
8011,台通,57,8,49,華南永昌-竹北,2024-03-18,9339
2408,南亞科,44,0,44,華南永昌-竹北,2024-03-18,9339
00673R,期元大S＆P原油反1,37,0,37,華南永昌-竹北,2024-03-18,9339
00933B,國泰10Y+金融債,36,0,36,華南永昌-竹北,2024-03-18,9339
2884,玉山金,46,11,35,華南永昌-竹北,2024-03-18,9339
5534,長虹,31,0,31,華南永昌-竹北,2024-03-18,9339
4123,晟德,30,0,30,華南永昌-竹北,2024-03-18,9339
8085,福華,32,3,29,華南永昌-竹北,2024-03-18,9339
6175,立敦,28,0,28,華南永昌-竹北,2024-03-18,9339
00941,中信上游半導體,58,33,25,華南永昌-竹北,2024-03-18,9339
00680L,元大美債20正2,23,0,23,華南永昌-竹北,2024-03-18,9339
1101,台泥,21,0,21,華南永昌-竹北,2024-03-18,9339
00679B,元大美債20年,22,2,20,華南永昌-竹北,2024-03-18,9339
2618,長榮航,21,3,18,華南永昌-竹北,2024-03-18,9339
5443,均豪,19,3,16,華南永昌-竹北,2024-03-18,9339
00929,復華台灣科技優息,57,41,16,華南永昌-竹北,2024-03-18,9339
00632R,元大台灣50反1,15,0,15,華南永昌-竹北,2024-03-18,9339
4953,緯軟,15,0,15,華南永昌-竹北,2024-03-18,9339
6284,佳邦,12,0,12,華南永昌-竹北,2024-03-18,9339
2885,元大金,21,9,12,華南永昌-竹北,2024-03-18,9339
2888,新光金,11,0,11,華南永昌-竹北,2024-03-18,9339
9927,泰銘,11,0,11,華南永昌-竹北,2024-03-18,9339
1304,台聚,10,0,10,華南永昌-竹北,2024-03-18,9339
2464,盟立,10,0,10,華南永昌-竹北,2024-03-18,9339
3576,聯合再生,10,0,10,華南永昌-竹北,2024-03-18,9339
4906,正文,10,0,10,華南永昌-竹北,2024-03-18,9339
4968,立積,10,0,10,華南永昌-竹北,2024-03-18,9339
5351,鈺創,10,0,10,華南永昌-竹北,2024-03-18,9339
8435,鉅邁,10,0,10,華南永昌-竹北,2024-03-18,9339
2329,華泰,18,9,9,華南永昌-竹北,2024-03-18,9339
2353,宏��,9,0,9,華南永昌-竹北,2024-03-18,9339
1605,華新,9,0,9,華南永昌-竹北,2024-03-18,9339
00915,凱基優選高股息30,8,0,8,華南永昌-竹北,2024-03-18,9339
2371,大同,40,32,8,華南永昌-竹北,2024-03-18,9339
3014,聯陽,9,1,8,華南永昌-竹北,2024-03-18,9339
00751B,元大AAA至A公司債,7,0,7,華南永昌-竹北,2024-03-18,9339
00706L,期元大S＆P日圓正2,7,0,7,華南永昌-竹北,2024-03-18,9339
2344,華邦電,7,0,7,華南永昌-竹北,2024-03-18,9339
5469,瀚宇博,7,0,7,華南永昌-竹北,2024-03-18,9339
6182,合晶,7,0,7,華南永昌-竹北,2024-03-18,9339
2359,所羅門,334,1,333,華南永昌-竹北,2024-03-19,9339
2313,華通,277,18,259,華南永昌-竹北,2024-03-19,9339
2515,中工,171,4,167,華南永昌-竹北,2024-03-19,9339
1609,大亞,229,63,166,華南永昌-竹北,2024-03-19,9339
2201,裕隆,161,0,161,華南永昌-竹北,2024-03-19,9339
1785,光洋科,160,14,146,華南永昌-竹北,2024-03-19,9339
00919,群益台灣精選高息,148,21,127,華南永昌-竹北,2024-03-19,9339
2344,華邦電,108,0,108,華南永昌-竹北,2024-03-19,9339
2354,鴻準,99,15,84,華南永昌-竹北,2024-03-19,9339
00687B,國泰20年美債,81,1,80,華南永昌-竹北,2024-03-19,9339
2431,聯昌,75,0,75,華南永昌-竹北,2024-03-19,9339
2453,凌群,80,5,75,華南永昌-竹北,2024-03-19,9339
8085,福華,70,4,66,華南永昌-竹北,2024-03-19,9339
8011,台通,49,7,42,華南永昌-竹北,2024-03-19,9339
00673R,期元大S＆P原油反1,40,0,40,華南永昌-竹北,2024-03-19,9339
00712,復華富時不動產,32,0,32,華南永昌-竹北,2024-03-19,9339
3419,譁裕,30,0,30,華南永昌-竹北,2024-03-19,9339
1227,佳格,30,0,30,華南永昌-竹北,2024-03-19,9339
6462,神盾,51,22,29,華南永昌-竹北,2024-03-19,9339
00679B,元大美債20年,30,1,29,華南永昌-竹北,2024-03-19,9339
00941,中信上游半導體,56,28,28,華南永昌-竹北,2024-03-19,9339
00878,國泰永續高股息,27,0,27,華南永昌-竹北,2024-03-19,9339
2834,臺企銀,31,5,26,華南永昌-竹北,2024-03-19,9339
5284,jpp-KY,25,0,25,華南永昌-竹北,2024-03-19,9339
0056,元大高股息,43,18,25,華南永昌-竹北,2024-03-19,9339
1101,台泥,24,0,24,華南永昌-竹北,2024-03-19,9339
00720B,元大投資級公司債,21,0,21,華南永昌-竹北,2024-03-19,9339
1314,中石化,20,0,20,華南永昌-竹北,2024-03-19,9339
6933,AMAX-KY,21,1,20,華南永昌-竹北,2024-03-19,9339
00887,永豐中國科技50大,20,0,20,華南永昌-竹北,2024-03-19,9339
2356,英業達,26,9,17,華南永昌-竹北,2024-03-19,9339
4908,前鼎,26,10,16,華南永昌-竹北,2024-03-19,9339
2467,志聖,30,15,15,華南永昌-竹北,2024-03-19,9339
2464,盟立,55,41,14,華南永昌-竹北,2024-03-19,9339
1608,華榮,19,5,14,華南永昌-竹北,2024-03-19,9339
3005,神基,22,9,13,華南永昌-竹北,2024-03-19,9339
00706L,期元大S＆P日圓正2,13,0,13,華南永昌-竹北,2024-03-19,9339
00933B,國泰10Y+金融債,16,3,13,華南永昌-竹北,2024-03-19,9339
3374,精材,12,0,12,華南永昌-竹北,2024-03-19,9339
1527,鑽全,12,0,12,華南永昌-竹北,2024-03-19,9339
6546,正基,47,36,11,華南永昌-竹北,2024-03-19,9339
2327,國巨,10,0,10,華南永昌-竹北,2024-03-19,9339
6192,巨路,10,0,10,華南永昌-竹北,2024-03-19,9339
8092,建暐,10,0,10,華南永昌-竹北,2024-03-19,9339
2208,台船,12,2,10,華南永昌-竹北,2024-03-19,9339
5515,建國,10,1,9,華南永昌-竹北,2024-03-19,9339
4766,南寶,8,0,8,華南永昌-竹北,2024-03-19,9339
00751B,元大AAA至A公司債,8,0,8,華南永昌-竹北,2024-03-19,9339
1503,士電,34,26,8,華南永昌-竹北,2024-03-19,9339
1597,直得,8,0,8,華南永昌-竹北,2024-03-19,9339
00939,統一台灣高息動能,720,55,665,華南永昌-竹北,2024-03-20,9339
2356,英業達,319,2,317,華南永昌-竹北,2024-03-20,9339
2886,兆豐金,300,0,300,華南永昌-竹北,2024-03-20,9339
00687B,國泰20年美債,197,17,180,華南永昌-竹北,2024-03-20,9339
5243,乙盛-KY,181,10,171,華南永昌-竹北,2024-03-20,9339
2367,燿華,170,1,169,華南永昌-竹北,2024-03-20,9339
2891,中信金,138,3,135,華南永昌-竹北,2024-03-20,9339
00637L,元大滬深300正2,123,0,123,華南永昌-竹北,2024-03-20,9339
2313,華通,164,43,121,華南永昌-竹北,2024-03-20,9339
5009,榮剛,119,0,119,華南永昌-竹北,2024-03-20,9339
2323,中環,115,1,114,華南永昌-竹北,2024-03-20,9339
2344,華邦電,103,0,103,華南永昌-竹北,2024-03-20,9339
2382,廣達,132,37,95,華南永昌-竹北,2024-03-20,9339
2201,裕隆,83,0,83,華南永昌-竹北,2024-03-20,9339
6257,矽格,83,24,59,華南永昌-竹北,2024-03-20,9339
00915,凱基優選高股息30,59,0,59,華南永昌-竹北,2024-03-20,9339
1504,東元,60,3,57,華南永昌-竹北,2024-03-20,9339
4908,前鼎,33,0,33,華南永昌-竹北,2024-03-20,9339
8028,昇陽半導體,30,0,30,華南永昌-竹北,2024-03-20,9339
2883,凱基金,40,11,29,華南永昌-竹北,2024-03-20,9339
1612,宏泰,26,0,26,華南永昌-竹北,2024-03-20,9339
3059,華晶科,24,0,24,華南永昌-竹北,2024-03-20,9339
3363,上詮,24,0,24,華南永昌-竹北,2024-03-20,9339
00679B,元大美債20年,26,3,23,華南永昌-竹北,2024-03-20,9339
8092,建暐,23,0,23,華南永昌-竹北,2024-03-20,9339
4154,樂威科-KY,22,0,22,華南永昌-竹北,2024-03-20,9339
6139,亞翔,25,3,22,華南永昌-竹北,2024-03-20,9339
00673R,期元大S＆P原油反1,21,0,21,華南永昌-竹北,2024-03-20,9339
2867,三商壽,21,0,21,華南永昌-竹北,2024-03-20,9339
00720B,元大投資級公司債,18,0,18,華南永昌-竹北,2024-03-20,9339
00941,中信上游半導體,29,11,18,華南永昌-竹北,2024-03-20,9339
6414,樺漢,48,32,16,華南永昌-竹北,2024-03-20,9339
8213,志超,15,1,14,華南永昌-竹北,2024-03-20,9339
1101,台泥,18,5,13,華南永昌-竹北,2024-03-20,9339
4938,和碩,34,21,13,華南永昌-竹北,2024-03-20,9339
4147,中裕,13,0,13,華南永昌-竹北,2024-03-20,9339
2002,中鋼,14,2,12,華南永昌-竹北,2024-03-20,9339
00918,大華優利高填息30,13,1,12,華南永昌-竹北,2024-03-20,9339
2352,佳世達,12,1,11,華南永昌-竹北,2024-03-20,9339
2603,長榮,54,43,11,華南永昌-竹北,2024-03-20,9339
3661,世芯-KY,24,14,10,華南永昌-竹北,2024-03-20,9339
00857B,永豐20年美公債,10,0,10,華南永昌-竹北,2024-03-20,9339
6138,茂達,10,0,10,華南永昌-竹北,2024-03-20,9339
6187,萬潤,10,0,10,華南永昌-竹北,2024-03-20,9339
6796,晉弘,10,0,10,華南永昌-竹北,2024-03-20,9339
2308,台達電,12,3,9,華南永昌-竹北,2024-03-20,9339
00919,群益台灣精選高息,114,106,8,華南永昌-竹北,2024-03-20,9339
2618,長榮航,10,2,8,華南永昌-竹北,2024-03-20,9339
2637,慧洋-KY,8,0,8,華南永昌-竹北,2024-03-20,9339
6806,森崴能源,15,7,8,華南永昌-竹北,2024-03-20,9339
00632R,元大台灣50反1,319,23,296,華南永昌-竹北,2024-03-21,9339
00633L,富邦上証正2,245,0,245,華南永昌-竹北,2024-03-21,9339
00939,統一台灣高息動能,187,7,180,華南永昌-竹北,2024-03-21,9339
00937B,群益ESG投等債20,166,6,160,華南永昌-竹北,2024-03-21,9339
2884,玉山金,164,8,156,華南永昌-竹北,2024-03-21,9339
1785,光洋科,479,365,114,華南永昌-竹北,2024-03-21,9339
2897,王道銀行,99,0,99,華南永昌-竹北,2024-03-21,9339
2603,長榮,101,6,95,華南永昌-竹北,2024-03-21,9339
3037,欣興,134,40,94,華南永昌-竹北,2024-03-21,9339
6288,聯嘉,93,0,93,華南永昌-竹北,2024-03-21,9339
2356,英業達,113,23,90,華南永昌-竹北,2024-03-21,9339
2353,宏��,80,13,67,華南永昌-竹北,2024-03-21,9339
8046,南電,62,4,58,華南永昌-竹北,2024-03-21,9339
2201,裕隆,55,0,55,華南永昌-竹北,2024-03-21,9339
00679B,元大美債20年,51,0,51,華南永昌-竹北,2024-03-21,9339
1504,東元,56,6,50,華南永昌-竹北,2024-03-21,9339
2313,華通,100,52,48,華南永昌-竹北,2024-03-21,9339
2317,鴻海,71,26,45,華南永昌-竹北,2024-03-21,9339
6120,達運,42,0,42,華南永昌-竹北,2024-03-21,9339
00919,群益台灣精選高息,62,25,37,華南永昌-竹北,2024-03-21,9339
00929,復華台灣科技優息,49,14,35,華南永昌-竹北,2024-03-21,9339
2324,仁寶,36,6,30,華南永昌-竹北,2024-03-21,9339
3227,原相,42,12,30,華南永昌-竹北,2024-03-21,9339
2301,光寶科,54,24,30,華南永昌-竹北,2024-03-21,9339
8088,品安,26,0,26,華南永昌-竹北,2024-03-21,9339
6175,立敦,25,0,25,華南永昌-竹北,2024-03-21,9339
5009,榮剛,24,0,24,華南永昌-竹北,2024-03-21,9339
3231,緯創,32,13,19,華南永昌-竹北,2024-03-21,9339
1905,華紙,19,0,19,華南永昌-竹北,2024-03-21,9339
3005,神基,65,47,18,華南永昌-竹北,2024-03-21,9339
3706,神達,213,195,18,華南永昌-竹北,2024-03-21,9339
3537,堡達,18,0,18,華南永昌-竹北,2024-03-21,9339
00687B,國泰20年美債,72,55,17,華南永昌-竹北,2024-03-21,9339
00676R,富邦臺灣加權反1,15,0,15,華南永昌-竹北,2024-03-21,9339
4938,和碩,19,4,15,華南永昌-竹北,2024-03-21,9339
2006,東和鋼鐵,14,0,14,華南永昌-竹北,2024-03-21,9339
4973,廣穎,26,13,13,華南永昌-竹北,2024-03-21,9339
8210,勤誠,21,8,13,華南永昌-竹北,2024-03-21,9339
00671R,富邦NASDAQ反1,12,0,12,華南永昌-竹北,2024-03-21,9339
6126,信音,12,0,12,華南永昌-竹北,2024-03-21,9339
9945,潤泰新,12,0,12,華南永昌-竹北,2024-03-21,9339
5471,松翰,11,0,11,華南永昌-竹北,2024-03-21,9339
4771,望隼,40,29,11,華南永昌-竹北,2024-03-21,9339
6442,光聖,10,0,10,華南永昌-竹北,2024-03-21,9339
00857B,永豐20年美公債,10,0,10,華南永昌-竹北,2024-03-21,9339
1201,味全,10,0,10,華南永昌-竹北,2024-03-21,9339
2431,聯昌,10,0,10,華南永昌-竹北,2024-03-21,9339
9904,寶成,15,5,10,華南永昌-竹北,2024-03-21,9339
8183,精星,10,0,10,華南永昌-竹北,2024-03-21,9339
3363,上詮,17,8,9,華南永昌-竹北,2024-03-21,9339
00919,群益台灣精選高息,251,52,199,華南永昌-竹北,2024-03-22,9339
3374,精材,192,0,192,華南永昌-竹北,2024-03-22,9339
6462,神盾,161,12,149,華南永昌-竹北,2024-03-22,9339
00637L,元大滬深300正2,115,0,115,華南永昌-竹北,2024-03-22,9339
00939,統一台灣高息動能,115,13,102,華南永昌-竹北,2024-03-22,9339
2354,鴻準,95,8,87,華南永昌-竹北,2024-03-22,9339
3450,聯鈞,85,5,80,華南永昌-竹北,2024-03-22,9339
4147,中裕,71,0,71,華南永昌-竹北,2024-03-22,9339
00929,復華台灣科技優息,89,29,60,華南永昌-竹北,2024-03-22,9339
2356,英業達,287,229,58,華南永昌-竹北,2024-03-22,9339
2353,宏��,72,16,56,華南永昌-竹北,2024-03-22,9339
3706,神達,182,133,49,華南永昌-竹北,2024-03-22,9339
8210,勤誠,49,0,49,華南永昌-竹北,2024-03-22,9339
1808,潤隆,40,0,40,華南永昌-竹北,2024-03-22,9339
6274,台燿,65,26,39,華南永昌-竹北,2024-03-22,9339
1514,亞力,46,7,39,華南永昌-竹北,2024-03-22,9339
2382,廣達,209,171,38,華南永昌-竹北,2024-03-22,9339
6202,盛群,38,0,38,華南永昌-竹北,2024-03-22,9339
00665L,富邦�琤肭磪囓�2,38,3,35,華南永昌-竹北,2024-03-22,9339
2301,光寶科,60,27,33,華南永昌-竹北,2024-03-22,9339
00933B,國泰10Y+金融債,30,0,30,華南永昌-竹北,2024-03-22,9339
3217,優群,60,30,30,華南永昌-竹北,2024-03-22,9339
3707,漢磊,29,1,28,華南永昌-竹北,2024-03-22,9339
2882,國泰金,29,2,27,華南永昌-竹北,2024-03-22,9339
4420,光明,26,0,26,華南永昌-竹北,2024-03-22,9339
2376,技嘉,31,6,25,華南永昌-竹北,2024-03-22,9339
4908,前鼎,26,3,23,華南永昌-竹北,2024-03-22,9339
00632R,元大台灣50反1,22,1,21,華南永昌-竹北,2024-03-22,9339
3663,鑫科,20,0,20,華南永昌-竹北,2024-03-22,9339
3675,德微,20,0,20,華南永昌-竹北,2024-03-22,9339
3036,文曄,16,0,16,華南永昌-竹北,2024-03-22,9339
3576,聯合再生,16,0,16,華南永昌-竹北,2024-03-22,9339
8070,長華*,16,0,16,華南永昌-竹北,2024-03-22,9339
1785,光洋科,50,35,15,華南永昌-竹北,2024-03-22,9339
2344,華邦電,29,14,15,華南永昌-竹北,2024-03-22,9339
1795,美時,21,7,14,華南永昌-竹北,2024-03-22,9339
6189,豐藝,14,1,13,華南永昌-竹北,2024-03-22,9339
00937B,群益ESG投等債20,13,0,13,華南永昌-竹北,2024-03-22,9339
4938,和碩,16,3,13,華南永昌-竹北,2024-03-22,9339
00687B,國泰20年美債,14,1,13,華南永昌-竹北,2024-03-22,9339
4739,康普,13,0,13,華南永昌-竹北,2024-03-22,9339
4771,望隼,13,0,13,華南永昌-竹北,2024-03-22,9339
2352,佳世達,11,0,11,華南永昌-竹北,2024-03-22,9339
8112,至上,11,0,11,華南永昌-竹北,2024-03-22,9339
8096,擎亞,13,2,11,華南永昌-竹北,2024-03-22,9339
2855,統一證,10,0,10,華南永昌-竹北,2024-03-22,9339
5530,龍巖,10,0,10,華南永昌-竹北,2024-03-22,9339
2408,南亞科,40,30,10,華南永昌-竹北,2024-03-22,9339
1504,東元,16,7,9,華南永昌-竹北,2024-03-22,9339
2303,聯電,10,1,9,華南永昌-竹北,2024-03-22,9339
2453,凌群,103,4,99,華南永昌-竹北,2024-03-25,9339
2359,所羅門,81,9,72,華南永昌-竹北,2024-03-25,9339
6213,聯茂,69,0,69,華南永昌-竹北,2024-03-25,9339
3163,波若威,62,2,60,華南永昌-竹北,2024-03-25,9339
00632R,元大台灣50反1,60,2,58,華南永昌-竹北,2024-03-25,9339
9927,泰銘,58,0,58,華南永昌-竹北,2024-03-25,9339
00939,統一台灣高息動能,75,21,54,華南永昌-竹北,2024-03-25,9339
8033,雷虎,49,0,49,華南永昌-竹北,2024-03-25,9339
9945,潤泰新,48,0,48,華南永昌-竹北,2024-03-25,9339
6742,澤米,44,0,44,華南永昌-竹北,2024-03-25,9339
6414,樺漢,52,8,44,華南永昌-竹北,2024-03-25,9339
2301,光寶科,43,3,40,華南永昌-竹北,2024-03-25,9339
00937B,群益ESG投等債20,35,0,35,華南永昌-竹北,2024-03-25,9339
6770,力積電,31,0,31,華南永昌-竹北,2024-03-25,9339
00676R,富邦臺灣加權反1,30,0,30,華南永昌-竹北,2024-03-25,9339
00919,群益台灣精選高息,37,9,28,華南永昌-竹北,2024-03-25,9339
4771,望隼,28,0,28,華南永昌-竹北,2024-03-25,9339
00929,復華台灣科技優息,34,6,28,華南永昌-竹北,2024-03-25,9339
2313,華通,31,4,27,華南永昌-竹北,2024-03-25,9339
3035,智原,27,2,25,華南永昌-竹北,2024-03-25,9339
4721,美琪瑪,24,0,24,華南永昌-竹北,2024-03-25,9339
4971,IET-KY,24,0,24,華南永昌-竹北,2024-03-25,9339
6462,神盾,182,160,22,華南永昌-竹北,2024-03-25,9339
5009,榮剛,22,0,22,華南永昌-竹北,2024-03-25,9339
2353,宏��,56,35,21,華南永昌-竹北,2024-03-25,9339
2402,毅嘉,21,0,21,華南永昌-竹北,2024-03-25,9339
00679B,元大美債20年,21,1,20,華南永昌-竹北,2024-03-25,9339
2812,台中銀,20,0,20,華南永昌-竹北,2024-03-25,9339
6139,亞翔,37,20,17,華南永昌-竹北,2024-03-25,9339
3059,華晶科,31,15,16,華南永昌-竹北,2024-03-25,9339
4420,光明,16,0,16,華南永昌-竹北,2024-03-25,9339
2882,國泰金,15,0,15,華南永昌-竹北,2024-03-25,9339
6274,台燿,31,17,14,華南永昌-竹北,2024-03-25,9339
1808,潤隆,15,1,14,華南永昌-竹北,2024-03-25,9339
1609,大亞,113,100,13,華南永昌-竹北,2024-03-25,9339
5439,高技,19,6,13,華南永昌-竹北,2024-03-25,9339
8255,朋程,12,0,12,華南永昌-竹北,2024-03-25,9339
3231,緯創,19,8,11,華南永昌-竹北,2024-03-25,9339
3044,健鼎,14,3,11,華南永昌-竹北,2024-03-25,9339
00687B,國泰20年美債,11,0,11,華南永昌-竹北,2024-03-25,9339
3005,神基,15,4,11,華南永昌-竹北,2024-03-25,9339
1714,和桐,10,0,10,華南永昌-竹北,2024-03-25,9339
3454,晶睿,10,0,10,華南永昌-竹北,2024-03-25,9339
6535,順藥,10,0,10,華南永昌-竹北,2024-03-25,9339
8936,國統,14,4,10,華南永昌-竹北,2024-03-25,9339
1760,寶齡富錦,10,0,10,華南永昌-竹北,2024-03-25,9339
3306,鼎天,9,0,9,華南永昌-竹北,2024-03-25,9339
4121,優盛,9,0,9,華南永昌-竹北,2024-03-25,9339
3037,欣興,65,56,9,華南永昌-竹北,2024-03-25,9339
1815,富喬,9,0,9,華南永昌-竹北,2024-03-25,9339
3037,欣興,431,223,208,華南永昌-竹北,2024-03-26,9339
00939,統一台灣高息動能,260,78,182,華南永昌-竹北,2024-03-26,9339
2009,第一銅,134,11,123,華南永昌-竹北,2024-03-26,9339
2313,華通,122,1,121,華南永昌-竹北,2024-03-26,9339
3231,緯創,153,37,116,華南永昌-竹北,2024-03-26,9339
00632R,元大台灣50反1,101,16,85,華南永昌-竹北,2024-03-26,9339
00941,中信上游半導體,89,6,83,華南永昌-竹北,2024-03-26,9339
2385,群光,77,0,77,華南永昌-竹北,2024-03-26,9339
1587,吉茂,77,2,75,華南永昌-竹北,2024-03-26,9339
00679B,元大美債20年,70,0,70,華南永昌-竹北,2024-03-26,9339
6873,泓德能源,64,0,64,華南永昌-竹北,2024-03-26,9339
1785,光洋科,53,0,53,華南永昌-竹北,2024-03-26,9339
00927,群益半導體收益,50,2,48,華南永昌-竹北,2024-03-26,9339
2206,三陽工業,40,0,40,華南永昌-竹北,2024-03-26,9339
4726,永昕,35,0,35,華南永昌-竹北,2024-03-26,9339
2201,裕隆,32,0,32,華南永昌-竹北,2024-03-26,9339
2344,華邦電,48,17,31,華南永昌-竹北,2024-03-26,9339
2409,友達,31,0,31,華南永昌-竹北,2024-03-26,9339
3540,曜越,33,2,31,華南永昌-竹北,2024-03-26,9339
4906,正文,31,0,31,華南永昌-竹北,2024-03-26,9339
1795,美時,31,1,30,華南永昌-竹北,2024-03-26,9339
6274,台燿,50,21,29,華南永昌-竹北,2024-03-26,9339
00878,國泰永續高股息,40,12,28,華南永昌-竹北,2024-03-26,9339
4912,聯德控股-KY,26,0,26,華南永昌-竹北,2024-03-26,9339
2402,毅嘉,23,0,23,華南永昌-竹北,2024-03-26,9339
3481,群創,27,5,22,華南永昌-竹北,2024-03-26,9339
6742,澤米,21,0,21,華南永昌-竹北,2024-03-26,9339
3034,聯詠,20,0,20,華南永昌-竹北,2024-03-26,9339
3044,健鼎,18,0,18,華南永昌-竹北,2024-03-26,9339
6770,力積電,28,11,17,華南永昌-竹北,2024-03-26,9339
4979,華星光,18,1,17,華南永昌-竹北,2024-03-26,9339
00673R,期元大S＆P原油反1,15,0,15,華南永昌-竹北,2024-03-26,9339
1727,中華化,15,0,15,華南永昌-竹北,2024-03-26,9339
1808,潤隆,25,10,15,華南永昌-竹北,2024-03-26,9339
2417,圓剛,20,5,15,華南永昌-竹北,2024-03-26,9339
3003,健和興,15,0,15,華南永昌-竹北,2024-03-26,9339
1514,亞力,76,62,14,華南永昌-竹北,2024-03-26,9339
2618,長榮航,14,0,14,華南永昌-竹北,2024-03-26,9339
2323,中環,34,20,14,華南永昌-竹北,2024-03-26,9339
3168,眾福科,14,0,14,華南永昌-竹北,2024-03-26,9339
3406,玉晶光,18,4,14,華南永昌-竹北,2024-03-26,9339
3260,威剛,14,1,13,華南永昌-竹北,2024-03-26,9339
6462,神盾,111,98,13,華南永昌-竹北,2024-03-26,9339
2303,聯電,14,2,12,華南永昌-竹北,2024-03-26,9339
00687B,國泰20年美債,12,0,12,華南永昌-竹北,2024-03-26,9339
00762,元大全球AI,10,0,10,華南永昌-竹北,2024-03-26,9339
1725,元禎,10,0,10,華南永昌-竹北,2024-03-26,9339
2367,燿華,11,1,10,華南永昌-竹北,2024-03-26,9339
3305,昇貿,10,0,10,華南永昌-竹北,2024-03-26,9339
3374,精材,10,0,10,華南永昌-竹北,2024-03-26,9339
2301,光寶科,295,26,269,華南永昌-竹北,2024-03-27,9339
3481,群創,132,0,132,華南永昌-竹北,2024-03-27,9339
4915,致伸,100,0,100,華南永昌-竹北,2024-03-27,9339
3450,聯鈞,90,0,90,華南永昌-竹北,2024-03-27,9339
2359,所羅門,113,36,77,華南永昌-竹北,2024-03-27,9339
8085,福華,61,1,60,華南永昌-竹北,2024-03-27,9339
00919,群益台灣精選高息,74,21,53,華南永昌-竹北,2024-03-27,9339
6425,易發,53,5,48,華南永昌-竹北,2024-03-27,9339
2367,燿華,189,143,46,華南永昌-竹北,2024-03-27,9339
4584,君帆,37,0,37,華南永昌-竹北,2024-03-27,9339
2431,聯昌,35,0,35,華南永昌-竹北,2024-03-27,9339
4576,大銀微系統,31,3,28,華南永昌-竹北,2024-03-27,9339
00939,統一台灣高息動能,38,11,27,華南永昌-竹北,2024-03-27,9339
2365,昆盈,81,61,20,華南永昌-竹北,2024-03-27,9339
00676R,富邦臺灣加權反1,20,0,20,華南永昌-竹北,2024-03-27,9339
00720B,元大投資級公司債,20,0,20,華南永昌-竹北,2024-03-27,9339
2845,遠東銀,20,0,20,華南永昌-竹北,2024-03-27,9339
6127,九豪,20,0,20,華南永昌-竹北,2024-03-27,9339
5534,長虹,20,0,20,華南永昌-竹北,2024-03-27,9339
3363,上詮,30,11,19,華南永昌-竹北,2024-03-27,9339
4973,廣穎,18,0,18,華南永昌-竹北,2024-03-27,9339
2883,凱基金,21,4,17,華南永昌-竹北,2024-03-27,9339
00918,大華優利高填息30,16,0,16,華南永昌-竹北,2024-03-27,9339
00665L,富邦�琤肭磪囓�2,37,21,16,華南永昌-竹北,2024-03-27,9339
7402,邑錡,16,0,16,華南永昌-竹北,2024-03-27,9339
00637L,元大滬深300正2,15,0,15,華南永昌-竹北,2024-03-27,9339
2609,陽明,37,22,15,華南永昌-竹北,2024-03-27,9339
6873,泓德能源,15,0,15,華南永昌-竹北,2024-03-27,9339
6187,萬潤,15,2,13,華南永昌-竹北,2024-03-27,9339
2206,三陽工業,11,0,11,華南永昌-竹北,2024-03-27,9339
4102,永日,11,0,11,華南永昌-竹北,2024-03-27,9339
8016,矽創,10,0,10,華南永昌-竹北,2024-03-27,9339
1609,大亞,58,48,10,華南永昌-竹北,2024-03-27,9339
1725,元禎,15,5,10,華南永昌-竹北,2024-03-27,9339
2913,農林,10,0,10,華南永昌-竹北,2024-03-27,9339
4912,聯德控股-KY,10,0,10,華南永昌-竹北,2024-03-27,9339
5452,佶優,10,0,10,華南永昌-竹北,2024-03-27,9339
6261,久元,10,0,10,華南永昌-竹北,2024-03-27,9339
2547,日勝生,10,0,10,華南永昌-竹北,2024-03-27,9339
5202,力新,10,0,10,華南永昌-竹北,2024-03-27,9339
2344,華邦電,11,2,9,華南永昌-竹北,2024-03-27,9339
6139,亞翔,25,16,9,華南永昌-竹北,2024-03-27,9339
3228,金麗科,9,1,8,華南永昌-竹北,2024-03-27,9339
3714,富采,10,2,8,華南永昌-竹北,2024-03-27,9339
6515,穎崴,8,0,8,華南永昌-竹北,2024-03-27,9339
3583,辛耘,18,10,8,華南永昌-竹北,2024-03-27,9339
6274,台燿,13,6,7,華南永昌-竹北,2024-03-27,9339
00679B,元大美債20年,9,2,7,華南永昌-竹北,2024-03-27,9339
00878,國泰永續高股息,22,15,7,華南永昌-竹北,2024-03-27,9339
00937B,群益ESG投等債20,10,4,6,華南永昌-竹北,2024-03-27,9339
2356,英業達,450,43,407,華南永昌-竹北,2024-03-28,9339
2301,光寶科,360,9,351,華南永昌-竹北,2024-03-28,9339
00687B,國泰20年美債,202,2,200,華南永昌-竹北,2024-03-28,9339
3013,晟銘電,206,9,197,華南永昌-竹北,2024-03-28,9339
3706,神達,204,7,197,華南永昌-竹北,2024-03-28,9339
2371,大同,360,184,176,華南永昌-竹北,2024-03-28,9339
00941,中信上游半導體,131,0,131,華南永昌-竹北,2024-03-28,9339
2354,鴻準,158,81,77,華南永昌-竹北,2024-03-28,9339
1603,華電,72,4,68,華南永昌-竹北,2024-03-28,9339
3062,建漢,95,41,54,華南永昌-竹北,2024-03-28,9339
3037,欣興,50,0,50,華南永昌-竹北,2024-03-28,9339
3014,聯陽,50,0,50,華南永昌-竹北,2024-03-28,9339
6605,帝寶,50,0,50,華南永昌-竹北,2024-03-28,9339
8085,福華,42,1,41,華南永昌-竹北,2024-03-28,9339
2618,長榮航,39,0,39,華南永昌-竹北,2024-03-28,9339
2359,所羅門,35,1,34,華南永昌-竹北,2024-03-28,9339
6288,聯嘉,34,0,34,華南永昌-竹北,2024-03-28,9339
3454,晶睿,31,0,31,華南永昌-竹北,2024-03-28,9339
6425,易發,30,1,29,華南永昌-竹北,2024-03-28,9339
4155,訊映,28,0,28,華南永昌-竹北,2024-03-28,9339
2603,長榮,28,5,23,華南永昌-竹北,2024-03-28,9339
00939,統一台灣高息動能,36,14,22,華南永昌-竹北,2024-03-28,9339
3044,健鼎,21,0,21,華南永昌-竹北,2024-03-28,9339
1524,耿鼎,21,2,19,華南永昌-竹北,2024-03-28,9339
1725,元禎,28,10,18,華南永昌-竹北,2024-03-28,9339
6104,創惟,17,0,17,華南永昌-竹北,2024-03-28,9339
2883,凱基金,32,15,17,華南永昌-竹北,2024-03-28,9339
00918,大華優利高填息30,16,0,16,華南永昌-竹北,2024-03-28,9339
1303,南亞,16,0,16,華南永昌-竹北,2024-03-28,9339
3168,眾福科,16,0,16,華南永昌-竹北,2024-03-28,9339
6175,立敦,16,0,16,華南永昌-竹北,2024-03-28,9339
1609,大亞,26,11,15,華南永昌-竹北,2024-03-28,9339
8454,富邦媒,13,0,13,華南永昌-竹北,2024-03-28,9339
3702,大聯大,33,20,13,華南永昌-竹北,2024-03-28,9339
2645,長榮航太,13,0,13,華南永昌-竹北,2024-03-28,9339
4584,君帆,12,0,12,華南永昌-竹北,2024-03-28,9339
4906,正文,12,0,12,華南永昌-竹北,2024-03-28,9339
2412,中華電,16,4,12,華南永昌-竹北,2024-03-28,9339
3005,神基,14,2,12,華南永昌-竹北,2024-03-28,9339
2376,技嘉,19,8,11,華南永昌-竹北,2024-03-28,9339
1504,東元,16,5,11,華南永昌-竹北,2024-03-28,9339
00633L,富邦上証正2,20,10,10,華南永昌-竹北,2024-03-28,9339
4909,新復興,25,15,10,華南永昌-竹北,2024-03-28,9339
6231,系微,9,0,9,華南永昌-竹北,2024-03-28,9339
4154,樂威科-KY,9,0,9,華南永昌-竹北,2024-03-28,9339
5258,虹堡,17,8,9,華南永昌-竹北,2024-03-28,9339
5452,佶優,10,1,9,華南永昌-竹北,2024-03-28,9339
00666R,富邦�琤肭磪齯�1,8,0,8,華南永昌-竹北,2024-03-28,9339
6188,廣明,32,24,8,華南永昌-竹北,2024-03-28,9339
8210,勤誠,8,0,8,華南永昌-竹北,2024-03-28,9339
2356,英業達,1400,381,1019,華南永昌-竹北,2024-03-29,9339
00939,統一台灣高息動能,246,7,239,華南永昌-竹北,2024-03-29,9339
2431,聯昌,155,0,155,華南永昌-竹北,2024-03-29,9339
3037,欣興,141,0,141,華南永昌-竹北,2024-03-29,9339
00715L,期街口布蘭特正2,120,0,120,華南永昌-竹北,2024-03-29,9339
6188,廣明,120,16,104,華南永昌-竹北,2024-03-29,9339
00632R,元大台灣50反1,101,0,101,華南永昌-竹北,2024-03-29,9339
6219,富旺,100,3,97,華南永昌-竹北,2024-03-29,9339
00929,復華台灣科技優息,63,2,61,華南永昌-竹北,2024-03-29,9339
00637L,元大滬深300正2,142,100,42,華南永昌-竹北,2024-03-29,9339
2371,大同,72,33,39,華南永昌-竹北,2024-03-29,9339
2881,富邦金,38,0,38,華南永昌-竹北,2024-03-29,9339
8423,保綠-KY,38,0,38,華南永昌-竹北,2024-03-29,9339
2301,光寶科,133,95,38,華南永昌-竹北,2024-03-29,9339
2324,仁寶,52,15,37,華南永昌-竹北,2024-03-29,9339
5471,松翰,30,0,30,華南永昌-竹北,2024-03-29,9339
8110,華東,30,1,29,華南永昌-竹北,2024-03-29,9339
2359,所羅門,25,0,25,華南永昌-竹北,2024-03-29,9339
6120,達運,23,0,23,華南永昌-竹北,2024-03-29,9339
6414,樺漢,26,3,23,華南永昌-竹北,2024-03-29,9339
2317,鴻海,31,10,21,華南永昌-竹北,2024-03-29,9339
1608,華榮,25,4,21,華南永昌-竹北,2024-03-29,9339
1808,潤隆,21,0,21,華南永昌-竹北,2024-03-29,9339
3691,碩禾,23,2,21,華南永昌-竹北,2024-03-29,9339
3044,健鼎,20,0,20,華南永昌-竹北,2024-03-29,9339
0052,富邦科技,20,0,20,華南永昌-竹北,2024-03-29,9339
2025,千興,20,0,20,華南永昌-竹北,2024-03-29,9339
6202,盛群,16,0,16,華南永昌-竹北,2024-03-29,9339
3339,泰谷,16,0,16,華南永昌-竹北,2024-03-29,9339
00933B,國泰10Y+金融債,15,1,14,華南永昌-竹北,2024-03-29,9339
3260,威剛,13,2,11,華南永昌-竹北,2024-03-29,9339
6462,神盾,112,101,11,華南永昌-竹北,2024-03-29,9339
00673R,期元大S＆P原油反1,11,0,11,華南永昌-竹北,2024-03-29,9339
00934,中信成長高股息,11,0,11,華南永昌-竹北,2024-03-29,9339
3313,斐成,14,3,11,華南永昌-竹北,2024-03-29,9339
2618,長榮航,14,3,11,華南永昌-竹北,2024-03-29,9339
2888,新光金,11,0,11,華南永昌-竹北,2024-03-29,9339
2887,台新金,10,0,10,華南永昌-竹北,2024-03-29,9339
3168,眾福科,10,0,10,華南永昌-竹北,2024-03-29,9339
3374,精材,10,0,10,華南永昌-竹北,2024-03-29,9339
6288,聯嘉,10,0,10,華南永昌-竹北,2024-03-29,9339
3406,玉晶光,23,14,9,華南永昌-竹北,2024-03-29,9339
3481,群創,10,1,9,華南永昌-竹北,2024-03-29,9339
3708,上緯投控,10,1,9,華南永昌-竹北,2024-03-29,9339
00919,群益台灣精選高息,25,16,9,華南永昌-竹北,2024-03-29,9339
1587,吉茂,8,0,8,華南永昌-竹北,2024-03-29,9339
2634,漢翔,10,2,8,華南永昌-竹北,2024-03-29,9339
6796,晉弘,8,0,8,華南永昌-竹北,2024-03-29,9339
8040,九暘,12,4,8,華南永昌-竹北,2024-03-29,9339
8112,至上,9,1,8,華南永昌-竹北,2024-03-29,9339
00940,元大台灣價值高息,791,113,678,華南永昌-竹北,2024-04-01,9339
2515,中工,300,2,298,華南永昌-竹北,2024-04-01,9339
1785,光洋科,221,0,221,華南永昌-竹北,2024-04-01,9339
2367,燿華,148,0,148,華南永昌-竹北,2024-04-01,9339
3231,緯創,216,79,137,華南永昌-竹北,2024-04-01,9339
2313,華通,156,51,105,華南永昌-竹北,2024-04-01,9339
5386,青雲,102,0,102,華南永昌-竹北,2024-04-01,9339
6425,易發,103,3,100,華南永昌-竹北,2024-04-01,9339
6219,富旺,92,0,92,華南永昌-竹北,2024-04-01,9339
00939,統一台灣高息動能,116,26,90,華南永昌-竹北,2024-04-01,9339
5471,松翰,145,82,63,華南永昌-竹北,2024-04-01,9339
00918,大華優利高填息30,62,0,62,華南永昌-竹北,2024-04-01,9339
2382,廣達,115,59,56,華南永昌-竹北,2024-04-01,9339
00633L,富邦上証正2,55,0,55,華南永昌-竹北,2024-04-01,9339
00941,中信上游半導體,53,2,51,華南永昌-竹北,2024-04-01,9339
8085,福華,51,0,51,華南永昌-竹北,2024-04-01,9339
3013,晟銘電,58,11,47,華南永昌-竹北,2024-04-01,9339
6933,AMAX-KY,45,0,45,華南永昌-竹北,2024-04-01,9339
6188,廣明,135,92,43,華南永昌-竹北,2024-04-01,9339
2376,技嘉,38,2,36,華南永昌-竹北,2024-04-01,9339
00687B,國泰20年美債,29,0,29,華南永昌-竹北,2024-04-01,9339
6202,盛群,28,0,28,華南永昌-竹北,2024-04-01,9339
2027,大成鋼,27,0,27,華南永昌-竹北,2024-04-01,9339
00929,復華台灣科技優息,31,5,26,華南永昌-竹北,2024-04-01,9339
2891,中信金,26,0,26,華南永昌-竹北,2024-04-01,9339
6139,亞翔,35,10,25,華南永昌-竹北,2024-04-01,9339
3017,奇鋐,28,3,25,華南永昌-竹北,2024-04-01,9339
3691,碩禾,23,0,23,華南永昌-竹北,2024-04-01,9339
00882,中信中國高股息,30,8,22,華南永昌-竹北,2024-04-01,9339
5511,德昌,22,0,22,華南永昌-竹北,2024-04-01,9339
6197,佳必琪,36,14,22,華南永昌-竹北,2024-04-01,9339
6231,系微,22,0,22,華南永昌-竹北,2024-04-01,9339
00751B,元大AAA至A公司債,21,0,21,華南永昌-竹北,2024-04-01,9339
3481,群創,20,0,20,華南永昌-竹北,2024-04-01,9339
8454,富邦媒,20,0,20,華南永昌-竹北,2024-04-01,9339
3265,台星科,20,1,19,華南永昌-竹北,2024-04-01,9339
00915,凱基優選高股息30,18,0,18,華南永昌-竹北,2024-04-01,9339
00752,中信中國50,17,0,17,華南永昌-竹北,2024-04-01,9339
6491,晶碩,17,1,16,華南永昌-竹北,2024-04-01,9339
00673R,期元大S＆P原油反1,15,0,15,華南永昌-竹北,2024-04-01,9339
3083,網龍,15,0,15,華南永昌-竹北,2024-04-01,9339
3402,漢科,15,0,15,華南永昌-竹北,2024-04-01,9339
6695,芯鼎,16,3,13,華南永昌-竹北,2024-04-01,9339
3540,曜越,11,0,11,華南永昌-竹北,2024-04-01,9339
3324,雙鴻,15,4,11,華南永昌-竹北,2024-04-01,9339
2303,聯電,10,0,10,華南永昌-竹北,2024-04-01,9339
00632R,元大台灣50反1,10,0,10,華南永昌-竹北,2024-04-01,9339
5309,系統電,10,0,10,華南永昌-竹北,2024-04-01,9339
5324,士開,10,0,10,華南永昌-竹北,2024-04-01,9339
6505,台塑化,11,1,10,華南永昌-竹北,2024-04-01,9339
6288,聯嘉,201,0,201,華南永昌-竹北,2024-04-02,9339
00637L,元大滬深300正2,160,0,160,華南永昌-竹北,2024-04-02,9339
00929,復華台灣科技優息,161,3,158,華南永昌-竹北,2024-04-02,9339
5386,青雲,131,1,130,華南永昌-竹北,2024-04-02,9339
00940,元大台灣價值高息,257,133,124,華南永昌-竹北,2024-04-02,9339
1785,光洋科,101,5,96,華南永昌-竹北,2024-04-02,9339
2371,大同,227,134,93,華南永昌-竹北,2024-04-02,9339
3450,聯鈞,79,0,79,華南永昌-竹北,2024-04-02,9339
6188,廣明,102,28,74,華南永昌-竹北,2024-04-02,9339
00919,群益台灣精選高息,78,11,67,華南永昌-竹北,2024-04-02,9339
00632R,元大台灣50反1,61,1,60,華南永昌-竹北,2024-04-02,9339
00941,中信上游半導體,55,0,55,華南永昌-竹北,2024-04-02,9339
6425,易發,77,27,50,華南永昌-竹北,2024-04-02,9339
8085,福華,50,0,50,華南永昌-竹北,2024-04-02,9339
2353,宏��,50,1,49,華南永昌-竹北,2024-04-02,9339
1587,吉茂,51,3,48,華南永昌-竹北,2024-04-02,9339
00878,國泰永續高股息,57,11,46,華南永昌-竹北,2024-04-02,9339
6202,盛群,51,6,45,華南永昌-竹北,2024-04-02,9339
8110,華東,42,0,42,華南永昌-竹北,2024-04-02,9339
6284,佳邦,66,28,38,華南永昌-竹北,2024-04-02,9339
6219,富旺,36,0,36,華南永昌-竹北,2024-04-02,9339
00687B,國泰20年美債,33,0,33,華南永昌-竹北,2024-04-02,9339
00927,群益半導體收益,30,0,30,華南永昌-竹北,2024-04-02,9339
00788B,元大10年IG電能債,30,0,30,華南永昌-竹北,2024-04-02,9339
3402,漢科,30,0,30,華南永昌-竹北,2024-04-02,9339
2376,技嘉,34,6,28,華南永昌-竹北,2024-04-02,9339
00673R,期元大S＆P原油反1,26,0,26,華南永昌-竹北,2024-04-02,9339
5223,安力-KY,25,0,25,華南永昌-竹北,2024-04-02,9339
6542,隆中,25,0,25,華南永昌-竹北,2024-04-02,9339
2886,兆豐金,23,0,23,華南永昌-竹北,2024-04-02,9339
5269,祥碩,23,0,23,華南永昌-竹北,2024-04-02,9339
2025,千興,20,0,20,華南永昌-竹北,2024-04-02,9339
00936,台新永續高息中小,20,0,20,華南永昌-竹北,2024-04-02,9339
6125,廣運,18,0,18,華南永昌-竹北,2024-04-02,9339
00937B,群益ESG投等債20,14,0,14,華南永昌-竹北,2024-04-02,9339
7402,邑錡,27,14,13,華南永昌-竹北,2024-04-02,9339
2027,大成鋼,13,0,13,華南永昌-竹北,2024-04-02,9339
8027,鈦昇,12,0,12,華南永昌-竹北,2024-04-02,9339
2431,聯昌,11,0,11,華南永昌-竹北,2024-04-02,9339
3406,玉晶光,13,2,11,華南永昌-竹北,2024-04-02,9339
00918,大華優利高填息30,23,12,11,華南永昌-竹北,2024-04-02,9339
2344,華邦電,11,0,11,華南永昌-竹北,2024-04-02,9339
2365,昆盈,13,2,11,華南永昌-竹北,2024-04-02,9339
3675,德微,10,0,10,華南永昌-竹北,2024-04-02,9339
9933,中鼎,10,0,10,華南永昌-竹北,2024-04-02,9339
00676R,富邦臺灣加權反1,10,0,10,華南永昌-竹北,2024-04-02,9339
2867,三商壽,10,0,10,華南永昌-竹北,2024-04-02,9339
6505,台塑化,10,0,10,華南永昌-竹北,2024-04-02,9339
6830,汎銓,10,0,10,華南永昌-竹北,2024-04-02,9339
6515,穎崴,10,1,9,華南永昌-竹北,2024-04-02,9339
00637L,元大滬深300正2,180,10,170,華南永昌-竹北,2024-04-03,9339
00940,元大台灣價值高息,267,102,165,華南永昌-竹北,2024-04-03,9339
00633L,富邦上証正2,186,31,155,華南永昌-竹北,2024-04-03,9339
4147,中裕,126,0,126,華南永昌-竹北,2024-04-03,9339
2515,中工,417,303,114,華南永昌-竹北,2024-04-03,9339
6288,聯嘉,102,1,101,華南永昌-竹北,2024-04-03,9339
6284,佳邦,111,23,88,華南永昌-竹北,2024-04-03,9339
2382,廣達,83,1,82,華南永昌-竹北,2024-04-03,9339
00673R,期元大S＆P原油反1,71,0,71,華南永昌-竹北,2024-04-03,9339
1587,吉茂,74,5,69,華南永昌-竹北,2024-04-03,9339
4960,誠美材,68,1,67,華南永昌-竹北,2024-04-03,9339
5386,青雲,66,0,66,華南永昌-竹北,2024-04-03,9339
00929,復華台灣科技優息,68,3,65,華南永昌-竹北,2024-04-03,9339
3037,欣興,127,65,62,華南永昌-竹北,2024-04-03,9339
2367,燿華,69,8,61,華南永昌-竹北,2024-04-03,9339
2353,宏��,56,0,56,華南永昌-竹北,2024-04-03,9339
1815,富喬,72,21,51,華南永昌-竹北,2024-04-03,9339
6120,達運,57,6,51,華南永昌-竹北,2024-04-03,9339
8210,勤誠,49,0,49,華南永昌-竹北,2024-04-03,9339
00670L,富邦NASDAQ正2,48,0,48,華南永昌-竹北,2024-04-03,9339
00679B,元大美債20年,46,0,46,華南永昌-竹北,2024-04-03,9339
2002,中鋼,46,2,44,華南永昌-竹北,2024-04-03,9339
00687B,國泰20年美債,47,3,44,華南永昌-竹北,2024-04-03,9339
2882,國泰金,40,0,40,華南永昌-竹北,2024-04-03,9339
3450,聯鈞,57,18,39,華南永昌-竹北,2024-04-03,9339
00795B,中信美國公債20年,36,0,36,華南永昌-竹北,2024-04-03,9339
00941,中信上游半導體,32,0,32,華南永昌-竹北,2024-04-03,9339
2376,技嘉,48,16,32,華南永昌-竹北,2024-04-03,9339
00688L,國泰20年美債正2,30,1,29,華南永昌-竹北,2024-04-03,9339
6668,中揚光,32,3,29,華南永昌-竹北,2024-04-03,9339
5284,jpp-KY,24,0,24,華南永昌-竹北,2024-04-03,9339
2607,榮運,20,0,20,華南永昌-竹北,2024-04-03,9339
3013,晟銘電,279,259,20,華南永昌-竹北,2024-04-03,9339
2317,鴻海,33,16,17,華南永昌-竹北,2024-04-03,9339
00919,群益台灣精選高息,17,0,17,華南永昌-竹北,2024-04-03,9339
2344,華邦電,17,0,17,華南永昌-竹北,2024-04-03,9339
2486,一詮,290,273,17,華南永昌-竹北,2024-04-03,9339
3481,群創,18,1,17,華南永昌-竹北,2024-04-03,9339
00939,統一台灣高息動能,20,4,16,華南永昌-竹北,2024-04-03,9339
6515,穎崴,15,0,15,華南永昌-竹北,2024-04-03,9339
00665L,富邦�琤肭磪囓�2,18,4,14,華南永昌-竹北,2024-04-03,9339
2368,金像電,13,0,13,華南永昌-竹北,2024-04-03,9339
3666,光耀,13,0,13,華南永昌-竹北,2024-04-03,9339
2888,新光金,12,0,12,華南永昌-竹北,2024-04-03,9339
1605,華新,26,14,12,華南永昌-竹北,2024-04-03,9339
4526,東台,13,1,12,華南永昌-竹北,2024-04-03,9339
6139,亞翔,27,15,12,華南永昌-竹北,2024-04-03,9339
00680L,元大美債20正2,11,0,11,華南永昌-竹北,2024-04-03,9339
2467,志聖,11,0,11,華南永昌-竹北,2024-04-03,9339
8070,長華*,10,0,10,華南永昌-竹北,2024-04-03,9339
00940,元大台灣價值高息,320,74,246,華南永昌-竹北,2024-04-08,9339
3706,神達,193,3,190,華南永昌-竹北,2024-04-08,9339
2313,華通,335,146,189,華南永昌-竹北,2024-04-08,9339
3013,晟銘電,184,7,177,華南永昌-竹北,2024-04-08,9339
00637L,元大滬深300正2,125,0,125,華南永昌-竹北,2024-04-08,9339
2356,英業達,132,8,124,華南永昌-竹北,2024-04-08,9339
00673R,期元大S＆P原油反1,120,0,120,華南永昌-竹北,2024-04-08,9339
5371,中光電,132,26,106,華南永昌-竹北,2024-04-08,9339
2515,中工,107,4,103,華南永昌-竹北,2024-04-08,9339
5347,世界,85,0,85,華南永昌-竹北,2024-04-08,9339
2369,菱生,82,28,54,華南永昌-竹北,2024-04-08,9339
6213,聯茂,60,12,48,華南永昌-竹北,2024-04-08,9339
00937B,群益ESG投等債20,47,3,44,華南永昌-竹北,2024-04-08,9339
00679B,元大美債20年,45,1,44,華南永昌-竹北,2024-04-08,9339
00676R,富邦臺灣加權反1,40,0,40,華南永昌-竹北,2024-04-08,9339
6202,盛群,35,0,35,華南永昌-竹北,2024-04-08,9339
1616,億泰,36,2,34,華南永昌-竹北,2024-04-08,9339
2324,仁寶,32,0,32,華南永昌-竹北,2024-04-08,9339
00680L,元大美債20正2,35,5,30,華南永昌-竹北,2024-04-08,9339
2363,矽統,40,10,30,華南永昌-竹北,2024-04-08,9339
6290,良維,50,21,29,華南永昌-竹北,2024-04-08,9339
3491,昇達科,27,1,26,華南永昌-竹北,2024-04-08,9339
4147,中裕,25,0,25,華南永昌-竹北,2024-04-08,9339
1815,富喬,24,0,24,華南永昌-竹北,2024-04-08,9339
6770,力積電,35,11,24,華南永昌-竹北,2024-04-08,9339
00733,富邦臺灣中小,23,0,23,華南永昌-竹北,2024-04-08,9339
8210,勤誠,22,0,22,華南永昌-竹北,2024-04-08,9339
6531,愛普*,21,0,21,華南永昌-竹北,2024-04-08,9339
8064,東捷,26,5,21,華南永昌-竹北,2024-04-08,9339
00941,中信上游半導體,20,0,20,華南永昌-竹北,2024-04-08,9339
00665L,富邦�琤肭磪囓�2,24,4,20,華南永昌-竹北,2024-04-08,9339
3234,光環,31,14,17,華南永昌-竹北,2024-04-08,9339
6015,宏遠證,16,1,15,華南永昌-竹北,2024-04-08,9339
00933B,國泰10Y+金融債,15,0,15,華南永昌-竹北,2024-04-08,9339
6462,神盾,21,7,14,華南永昌-竹北,2024-04-08,9339
00751B,元大AAA至A公司債,14,0,14,華南永昌-竹北,2024-04-08,9339
3666,光耀,15,2,13,華南永昌-竹北,2024-04-08,9339
00878,國泰永續高股息,13,0,13,華南永昌-竹北,2024-04-08,9339
4960,誠美材,11,0,11,華南永昌-竹北,2024-04-08,9339
8234,新漢,11,0,11,華南永昌-竹北,2024-04-08,9339
912000,晨訊科-DR,11,0,11,華南永昌-竹北,2024-04-08,9339
3017,奇鋐,19,8,11,華南永昌-竹北,2024-04-08,9339
1783,和康生,10,0,10,華南永昌-竹北,2024-04-08,9339
2312,金寶,10,0,10,華南永昌-竹北,2024-04-08,9339
00929,復華台灣科技優息,82,72,10,華南永昌-竹北,2024-04-08,9339
2354,鴻準,22,13,9,華南永昌-竹北,2024-04-08,9339
2392,正崴,8,0,8,華南永昌-竹北,2024-04-08,9339
2633,台灣高鐵,10,2,8,華南永昌-竹北,2024-04-08,9339
6514,芮特-KY,8,0,8,華南永昌-竹北,2024-04-08,9339
6933,AMAX-KY,19,11,8,華南永昌-竹北,2024-04-08,9339
2363,矽統,254,138,116,華南永昌-竹北,2024-04-09,9339
1587,吉茂,126,11,115,華南永昌-竹北,2024-04-09,9339
00632R,元大台灣50反1,115,1,114,華南永昌-竹北,2024-04-09,9339
4533,協易機,114,8,106,華南永昌-竹北,2024-04-09,9339
00712,復華富時不動產,100,0,100,華南永昌-竹北,2024-04-09,9339
00676R,富邦臺灣加權反1,100,0,100,華南永昌-竹北,2024-04-09,9339
00940,元大台灣價值高息,95,3,92,華南永昌-竹北,2024-04-09,9339
2412,中華電,141,50,91,華南永昌-竹北,2024-04-09,9339
1304,台聚,81,0,81,華南永昌-竹北,2024-04-09,9339
2367,燿華,135,58,77,華南永昌-竹北,2024-04-09,9339
5284,jpp-KY,71,1,70,華南永昌-竹北,2024-04-09,9339
3037,欣興,71,9,62,華南永昌-竹北,2024-04-09,9339
00637L,元大滬深300正2,60,0,60,華南永昌-竹北,2024-04-09,9339
00937B,群益ESG投等債20,56,2,54,華南永昌-竹北,2024-04-09,9339
6188,廣明,57,4,53,華南永昌-竹北,2024-04-09,9339
6219,富旺,50,0,50,華南永昌-竹北,2024-04-09,9339
2880,華南金,50,4,46,華南永昌-竹北,2024-04-09,9339
00673R,期元大S＆P原油反1,75,30,45,華南永昌-竹北,2024-04-09,9339
00929,復華台灣科技優息,38,1,37,華南永昌-竹北,2024-04-09,9339
00720B,元大投資級公司債,34,0,34,華南永昌-竹北,2024-04-09,9339
3231,緯創,66,34,32,華南永昌-竹北,2024-04-09,9339
00941,中信上游半導體,44,14,30,華南永昌-竹北,2024-04-09,9339
1616,億泰,28,1,27,華南永昌-竹北,2024-04-09,9339
1713,國化,24,1,23,華南永昌-竹北,2024-04-09,9339
5269,祥碩,30,8,22,華南永昌-竹北,2024-04-09,9339
2371,大同,152,131,21,華南永昌-竹北,2024-04-09,9339
00751B,元大AAA至A公司債,21,0,21,華南永昌-竹北,2024-04-09,9339
2354,鴻準,41,22,19,華南永昌-竹北,2024-04-09,9339
6207,雷科,48,30,18,華南永昌-竹北,2024-04-09,9339
6531,愛普*,17,1,16,華南永昌-竹北,2024-04-09,9339
6514,芮特-KY,15,0,15,華南永昌-竹北,2024-04-09,9339
6535,順藥,14,0,14,華南永昌-竹北,2024-04-09,9339
2329,華泰,19,5,14,華南永昌-竹北,2024-04-09,9339
5434,崇越,12,0,12,華南永昌-竹北,2024-04-09,9339
6806,森崴能源,12,0,12,華南永昌-竹北,2024-04-09,9339
8034,榮群,15,3,12,華南永昌-竹北,2024-04-09,9339
8088,品安,12,0,12,華南永昌-竹北,2024-04-09,9339
2376,技嘉,25,13,12,華南永昌-竹北,2024-04-09,9339
4543,萬在,11,0,11,華南永昌-竹北,2024-04-09,9339
4760,勤凱,12,1,11,華南永昌-竹北,2024-04-09,9339
4960,誠美材,11,0,11,華南永昌-竹北,2024-04-09,9339
6603,富強鑫,11,0,11,華南永昌-竹北,2024-04-09,9339
4973,廣穎,10,0,10,華南永昌-竹北,2024-04-09,9339
1582,信錦,10,0,10,華南永昌-竹北,2024-04-09,9339
2316,楠梓電,10,0,10,華南永昌-竹北,2024-04-09,9339
3234,光環,10,1,9,華南永昌-竹北,2024-04-09,9339
3707,漢磊,10,1,9,華南永昌-竹北,2024-04-09,9339
8112,至上,27,18,9,華南永昌-竹北,2024-04-09,9339
6143,振曜,9,0,9,華南永昌-竹北,2024-04-09,9339
8096,擎亞,9,1,8,華南永昌-竹北,2024-04-09,9339
8096,擎亞,324,106,218,華南永昌-竹北,2024-04-10,9339
4533,協易機,222,25,197,華南永昌-竹北,2024-04-10,9339
3706,神達,195,9,186,華南永昌-竹北,2024-04-10,9339
2363,矽統,224,113,111,華南永昌-竹北,2024-04-10,9339
2354,鴻準,111,4,107,華南永昌-竹北,2024-04-10,9339
00673R,期元大S＆P原油反1,110,5,105,華南永昌-竹北,2024-04-10,9339
6202,盛群,93,0,93,華南永昌-竹北,2024-04-10,9339
2353,宏��,415,325,90,華南永昌-竹北,2024-04-10,9339
6213,聯茂,135,53,82,華南永昌-竹北,2024-04-10,9339
00940,元大台灣價值高息,59,0,59,華南永昌-竹北,2024-04-10,9339
6290,良維,75,23,52,華南永昌-竹北,2024-04-10,9339
3715,定穎投控,46,3,43,華南永昌-竹北,2024-04-10,9339
00935,野村臺灣新科技50,30,0,30,華南永昌-竹北,2024-04-10,9339
1795,美時,30,0,30,華南永昌-竹北,2024-04-10,9339
2887,台新金,26,1,25,華南永昌-竹北,2024-04-10,9339
8210,勤誠,41,16,25,華南永昌-竹北,2024-04-10,9339
5521,工信,25,1,24,華南永昌-竹北,2024-04-10,9339
2382,廣達,42,18,24,華南永昌-竹北,2024-04-10,9339
3324,雙鴻,30,7,23,華南永昌-竹北,2024-04-10,9339
3374,精材,23,1,22,華南永昌-竹北,2024-04-10,9339
2025,千興,21,0,21,華南永昌-竹北,2024-04-10,9339
2882,國泰金,21,0,21,華南永昌-竹北,2024-04-10,9339
1304,台聚,20,0,20,華南永昌-竹北,2024-04-10,9339
2342,茂矽,20,0,20,華南永昌-竹北,2024-04-10,9339
2405,輔信,20,0,20,華南永昌-竹北,2024-04-10,9339
2509,全坤建,21,1,20,華南永昌-竹北,2024-04-10,9339
8111,立��,20,1,19,華南永昌-竹北,2024-04-10,9339
3588,通嘉,15,0,15,華南永昌-竹北,2024-04-10,9339
6126,信音,15,0,15,華南永昌-竹北,2024-04-10,9339
00941,中信上游半導體,35,21,14,華南永昌-竹北,2024-04-10,9339
6215,和椿,39,25,14,華南永昌-竹北,2024-04-10,9339
2377,微星,12,0,12,華南永昌-竹北,2024-04-10,9339
00909,國泰數位支付服務,11,0,11,華南永昌-竹北,2024-04-10,9339
0050,元大台灣50,11,0,11,華南永昌-竹北,2024-04-10,9339
2486,一詮,69,59,10,華南永昌-竹北,2024-04-10,9339
5392,能率,10,0,10,華南永昌-竹北,2024-04-10,9339
00720B,元大投資級公司債,11,1,10,華南永昌-竹北,2024-04-10,9339
1445,大宇,10,0,10,華南永昌-竹北,2024-04-10,9339
1802,台玻,10,0,10,華南永昌-竹北,2024-04-10,9339
1808,潤隆,10,0,10,華南永昌-竹北,2024-04-10,9339
3363,上詮,10,0,10,華南永昌-竹北,2024-04-10,9339
5511,德昌,10,0,10,華南永昌-竹北,2024-04-10,9339
6531,愛普*,11,1,10,華南永昌-竹北,2024-04-10,9339
2603,長榮,11,1,10,華南永昌-竹北,2024-04-10,9339
5209,新鼎,10,0,10,華南永昌-竹北,2024-04-10,9339
6806,森崴能源,11,1,10,華南永昌-竹北,2024-04-10,9339
4967,十銓,15,6,9,華南永昌-竹北,2024-04-10,9339
00724B,群益投資級金融債,9,0,9,華南永昌-竹北,2024-04-10,9339
00679B,元大美債20年,22,13,9,華南永昌-竹北,2024-04-10,9339
6188,廣明,12,3,9,華南永昌-竹北,2024-04-10,9339
2509,全坤建,300,0,300,華南永昌-竹北,2024-04-11,9339
2520,冠德,150,0,150,華南永昌-竹北,2024-04-11,9339
4533,協易機,131,16,115,華南永昌-竹北,2024-04-11,9339
2363,矽統,181,75,106,華南永昌-竹北,2024-04-11,9339
8110,華東,107,3,104,華南永昌-竹北,2024-04-11,9339
00927,群益半導體收益,101,0,101,華南永昌-竹北,2024-04-11,9339
6120,達運,90,0,90,華南永昌-竹北,2024-04-11,9339
00687B,國泰20年美債,86,0,86,華南永昌-竹北,2024-04-11,9339
00919,群益台灣精選高息,106,21,85,華南永昌-竹北,2024-04-11,9339
2353,宏��,438,360,78,華南永昌-竹北,2024-04-11,9339
1609,大亞,83,12,71,華南永昌-竹北,2024-04-11,9339
3430,奇鈦科,70,2,68,華南永昌-竹北,2024-04-11,9339
00929,復華台灣科技優息,64,1,63,華南永昌-竹北,2024-04-11,9339
2731,雄獅,61,0,61,華南永昌-竹北,2024-04-11,9339
5371,中光電,62,4,58,華南永昌-竹北,2024-04-11,9339
00937B,群益ESG投等債20,49,0,49,華南永昌-竹北,2024-04-11,9339
00679B,元大美債20年,46,2,44,華南永昌-竹北,2024-04-11,9339
9945,潤泰新,36,1,35,華南永昌-竹北,2024-04-11,9339
3481,群創,35,1,34,華南永昌-竹北,2024-04-11,9339
00751B,元大AAA至A公司債,33,0,33,華南永昌-竹北,2024-04-11,9339
00673R,期元大S＆P原油反1,32,0,32,華南永昌-竹北,2024-04-11,9339
2201,裕隆,31,0,31,華南永昌-竹北,2024-04-11,9339
00940,元大台灣價值高息,48,20,28,華南永昌-竹北,2024-04-11,9339
8040,九暘,26,2,24,華南永昌-竹北,2024-04-11,9339
3231,緯創,39,17,22,華南永昌-竹北,2024-04-11,9339
8096,擎亞,67,45,22,華南永昌-竹北,2024-04-11,9339
00720B,元大投資級公司債,22,0,22,華南永昌-竹北,2024-04-11,9339
3576,聯合再生,21,0,21,華南永昌-竹北,2024-04-11,9339
9927,泰銘,21,0,21,華南永昌-竹北,2024-04-11,9339
6126,信音,21,0,21,華南永昌-竹北,2024-04-11,9339
2431,聯昌,20,0,20,華南永昌-竹北,2024-04-11,9339
2527,宏璟,20,0,20,華南永昌-竹北,2024-04-11,9339
5511,德昌,20,0,20,華南永昌-竹北,2024-04-11,9339
6288,聯嘉,20,0,20,華南永昌-竹北,2024-04-11,9339
00706L,期元大S＆P日圓正2,16,0,16,華南永昌-竹北,2024-04-11,9339
2356,英業達,17,1,16,華南永昌-竹北,2024-04-11,9339
6546,正基,15,0,15,華南永昌-竹北,2024-04-11,9339
00939,統一台灣高息動能,24,10,14,華南永昌-竹北,2024-04-11,9339
00857B,永豐20年美公債,14,0,14,華南永昌-竹北,2024-04-11,9339
00665L,富邦�琤肭磪囓�2,29,15,14,華南永昌-竹北,2024-04-11,9339
00637L,元大滬深300正2,15,1,14,華南永昌-竹北,2024-04-11,9339
6213,聯茂,23,9,14,華南永昌-竹北,2024-04-11,9339
2439,美律,15,1,14,華南永昌-竹北,2024-04-11,9339
00941,中信上游半導體,18,5,13,華南永昌-竹北,2024-04-11,9339
6789,采鈺,13,0,13,華南永昌-竹北,2024-04-11,9339
00712,復華富時不動產,13,0,13,華南永昌-竹北,2024-04-11,9339
4121,優盛,12,0,12,華南永昌-竹北,2024-04-11,9339
9958,世紀鋼,14,2,12,華南永昌-竹北,2024-04-11,9339
00795B,中信美國公債20年,11,0,11,華南永昌-竹北,2024-04-11,9339
00688L,國泰20年美債正2,11,0,11,華南永昌-竹北,2024-04-11,9339
2353,宏��,244,121,123,華南永昌-竹北,2024-04-12,9339
00637L,元大滬深300正2,80,0,80,華南永昌-竹北,2024-04-12,9339
3231,緯創,77,9,68,華南永昌-竹北,2024-04-12,9339
6120,達運,89,21,68,華南永昌-竹北,2024-04-12,9339
8210,勤誠,75,8,67,華南永昌-竹北,2024-04-12,9339
1504,東元,105,47,58,華南永昌-竹北,2024-04-12,9339
8096,擎亞,153,99,54,華南永昌-竹北,2024-04-12,9339
6219,富旺,152,100,52,華南永昌-竹北,2024-04-12,9339
6257,矽格,50,0,50,華南永昌-竹北,2024-04-12,9339
3060,銘異,56,7,49,華南永昌-竹北,2024-04-12,9339
4147,中裕,45,0,45,華南永昌-竹北,2024-04-12,9339
2382,廣達,49,6,43,華南永昌-竹北,2024-04-12,9339
6753,龍德造船,50,7,43,華南永昌-竹北,2024-04-12,9339
00940,元大台灣價值高息,74,33,41,華南永昌-竹北,2024-04-12,9339
2324,仁寶,38,1,37,華南永昌-竹北,2024-04-12,9339
2376,技嘉,36,0,36,華南永昌-竹北,2024-04-12,9339
00687B,國泰20年美債,36,1,35,華南永昌-竹北,2024-04-12,9339
5309,系統電,35,0,35,華南永昌-竹北,2024-04-12,9339
6584,南俊國際,35,0,35,華南永昌-竹北,2024-04-12,9339
00929,復華台灣科技優息,43,10,33,華南永昌-竹北,2024-04-12,9339
1616,億泰,28,2,26,華南永昌-竹北,2024-04-12,9339
6770,力積電,26,0,26,華南永昌-竹北,2024-04-12,9339
8111,立��,24,0,24,華南永昌-竹北,2024-04-12,9339
2431,聯昌,24,0,24,華南永昌-竹北,2024-04-12,9339
2636,台驊控股,36,14,22,華南永昌-竹北,2024-04-12,9339
2832,台產,30,10,20,華南永昌-竹北,2024-04-12,9339
6188,廣明,30,10,20,華南永昌-竹北,2024-04-12,9339
8932,智通*,20,0,20,華南永昌-竹北,2024-04-12,9339
8201,無敵,20,0,20,華南永昌-竹北,2024-04-12,9339
3324,雙鴻,20,3,17,華南永昌-竹北,2024-04-12,9339
5258,虹堡,16,0,16,華南永昌-竹北,2024-04-12,9339
6016,康和證,15,0,15,華南永昌-竹北,2024-04-12,9339
00665L,富邦�琤肭磪囓�2,16,2,14,華南永昌-竹北,2024-04-12,9339
1560,中砂,13,0,13,華南永昌-竹北,2024-04-12,9339
2610,華航,24,11,13,華南永昌-竹北,2024-04-12,9339
3706,神達,26,13,13,華南永昌-竹北,2024-04-12,9339
2354,鴻準,12,0,12,華南永昌-竹北,2024-04-12,9339
8011,台通,21,9,12,華南永昌-竹北,2024-04-12,9339
00679B,元大美債20年,47,36,11,華南永昌-竹北,2024-04-12,9339
00795B,中信美國公債20年,11,0,11,華南永昌-竹北,2024-04-12,9339
00788B,元大10年IG電能債,10,0,10,華南永昌-竹北,2024-04-12,9339
00706L,期元大S＆P日圓正2,10,0,10,華南永昌-竹北,2024-04-12,9339
1604,聲寶,10,0,10,華南永昌-竹北,2024-04-12,9339
2485,兆赫,10,0,10,華南永昌-竹北,2024-04-12,9339
2527,宏璟,10,0,10,華南永昌-竹北,2024-04-12,9339
2537,聯上發,15,5,10,華南永昌-竹北,2024-04-12,9339
3563,牧德,15,5,10,華南永昌-竹北,2024-04-12,9339
6175,立敦,10,0,10,華南永昌-竹北,2024-04-12,9339
8255,朋程,10,0,10,華南永昌-竹北,2024-04-12,9339
6515,穎崴,9,0,9,華南永昌-竹北,2024-04-12,9339
1504,東元,1574,962,612,華南永昌-竹北,2024-04-15,9339
3060,銘異,374,15,359,華南永昌-竹北,2024-04-15,9339
00929,復華台灣科技優息,304,30,274,華南永昌-竹北,2024-04-15,9339
1815,富喬,142,1,141,華南永昌-竹北,2024-04-15,9339
2609,陽明,115,2,113,華南永昌-竹北,2024-04-15,9339
1453,大將,106,2,104,華南永昌-竹北,2024-04-15,9339
1304,台聚,100,0,100,華南永昌-竹北,2024-04-15,9339
1605,華新,335,239,96,華南永昌-竹北,2024-04-15,9339
2353,宏��,234,152,82,華南永昌-竹北,2024-04-15,9339
3013,晟銘電,82,0,82,華南永昌-竹北,2024-04-15,9339
00878,國泰永續高股息,82,0,82,華南永昌-竹北,2024-04-15,9339
4147,中裕,67,1,66,華南永昌-竹北,2024-04-15,9339
3037,欣興,93,30,63,華南永昌-竹北,2024-04-15,9339
00940,元大台灣價值高息,102,39,63,華南永昌-竹北,2024-04-15,9339
6219,富旺,60,0,60,華南永昌-竹北,2024-04-15,9339
2371,大同,502,447,55,華南永昌-竹北,2024-04-15,9339
6753,龍德造船,51,0,51,華南永昌-竹北,2024-04-15,9339
00927,群益半導體收益,50,0,50,華南永昌-竹北,2024-04-15,9339
6257,矽格,50,0,50,華南永昌-竹北,2024-04-15,9339
6770,力積電,45,1,44,華南永昌-竹北,2024-04-15,9339
9949,琉園,44,0,44,華南永昌-竹北,2024-04-15,9339
00919,群益台灣精選高息,46,2,44,華南永昌-竹北,2024-04-15,9339
3017,奇鋐,55,13,42,華南永昌-竹北,2024-04-15,9339
2374,佳能,53,17,36,華南永昌-竹北,2024-04-15,9339
00891,中信關鍵半導體,39,3,36,華南永昌-竹北,2024-04-15,9339
00937B,群益ESG投等債20,35,1,34,華南永昌-竹北,2024-04-15,9339
1616,億泰,30,0,30,華南永昌-竹北,2024-04-15,9339
9938,百和,32,2,30,華南永昌-竹北,2024-04-15,9339
2412,中華電,240,211,29,華南永昌-竹北,2024-04-15,9339
2317,鴻海,31,3,28,華南永昌-竹北,2024-04-15,9339
2009,第一銅,40,12,28,華南永昌-竹北,2024-04-15,9339
00632R,元大台灣50反1,25,0,25,華南永昌-竹北,2024-04-15,9339
6188,廣明,100,75,25,華南永昌-竹北,2024-04-15,9339
1513,中興電,44,24,20,華南永昌-竹北,2024-04-15,9339
00939,統一台灣高息動能,20,0,20,華南永昌-竹北,2024-04-15,9339
1529,樂事綠能,20,0,20,華南永昌-竹北,2024-04-15,9339
1570,力肯,20,0,20,華南永昌-竹北,2024-04-15,9339
3052,夆典,20,0,20,華南永昌-竹北,2024-04-15,9339
3231,緯創,20,1,19,華南永昌-竹北,2024-04-15,9339
6213,聯茂,41,22,19,華南永昌-竹北,2024-04-15,9339
00706L,期元大S＆P日圓正2,18,0,18,華南永昌-竹北,2024-04-15,9339
00687B,國泰20年美債,34,18,16,華南永昌-竹北,2024-04-15,9339
6782,視陽,16,0,16,華南永昌-竹北,2024-04-15,9339
9940,信義,16,0,16,華南永昌-竹北,2024-04-15,9339
2537,聯上發,16,2,14,華南永昌-竹北,2024-04-15,9339
3548,兆利,12,0,12,華南永昌-竹北,2024-04-15,9339
3622,洋華,28,16,12,華南永昌-竹北,2024-04-15,9339
6016,康和證,12,0,12,華南永昌-竹北,2024-04-15,9339
00935,野村臺灣新科技50,11,0,11,華南永昌-竹北,2024-04-15,9339
2330,台積電,13,2,11,華南永昌-竹北,2024-04-15,9339
00940,元大台灣價值高息,461,17,444,華南永昌-竹北,2024-04-16,9339
00929,復華台灣科技優息,374,10,364,華南永昌-竹北,2024-04-16,9339
8054,安國,269,58,211,華南永昌-竹北,2024-04-16,9339
6188,廣明,200,30,170,華南永昌-竹北,2024-04-16,9339
00878,國泰永續高股息,146,6,140,華南永昌-竹北,2024-04-16,9339
6125,廣運,110,4,106,華南永昌-竹北,2024-04-16,9339
00637L,元大滬深300正2,110,10,100,華南永昌-竹北,2024-04-16,9339
2382,廣達,139,43,96,華南永昌-竹北,2024-04-16,9339
00919,群益台灣精選高息,177,82,95,華南永昌-竹北,2024-04-16,9339
5386,青雲,91,0,91,華南永昌-竹北,2024-04-16,9339
0056,元大高股息,76,1,75,華南永昌-竹北,2024-04-16,9339
8210,勤誠,80,8,72,華南永昌-竹北,2024-04-16,9339
2301,光寶科,93,30,63,華南永昌-竹北,2024-04-16,9339
2363,矽統,83,21,62,華南永昌-竹北,2024-04-16,9339
6219,富旺,62,0,62,華南永昌-竹北,2024-04-16,9339
2431,聯昌,57,0,57,華南永昌-竹北,2024-04-16,9339
2867,三商壽,64,10,54,華南永昌-竹北,2024-04-16,9339
00687B,國泰20年美債,52,0,52,華南永昌-竹北,2024-04-16,9339
00939,統一台灣高息動能,52,1,51,華南永昌-竹北,2024-04-16,9339
00633L,富邦上証正2,159,110,49,華南永昌-竹北,2024-04-16,9339
1605,華新,75,27,48,華南永昌-竹北,2024-04-16,9339
00720B,元大投資級公司債,47,1,46,華南永昌-竹北,2024-04-16,9339
1609,大亞,100,56,44,華南永昌-竹北,2024-04-16,9339
8085,福華,44,0,44,華南永昌-竹北,2024-04-16,9339
6284,佳邦,57,16,41,華南永昌-竹北,2024-04-16,9339
8936,國統,49,15,34,華南永昌-竹北,2024-04-16,9339
00918,大華優利高填息30,33,0,33,華南永昌-竹北,2024-04-16,9339
1616,億泰,33,0,33,華南永昌-竹北,2024-04-16,9339
1101,台泥,53,26,27,華南永昌-竹北,2024-04-16,9339
4967,十銓,27,2,25,華南永昌-竹北,2024-04-16,9339
00751B,元大AAA至A公司債,24,0,24,華南永昌-竹北,2024-04-16,9339
00679B,元大美債20年,25,2,23,華南永昌-竹北,2024-04-16,9339
2618,長榮航,23,2,21,華南永昌-竹北,2024-04-16,9339
2330,台積電,26,5,21,華南永昌-竹北,2024-04-16,9339
00885,富邦越南,20,0,20,華南永昌-竹北,2024-04-16,9339
3305,昇貿,20,0,20,華南永昌-竹北,2024-04-16,9339
6223,旺矽,19,0,19,華南永昌-竹北,2024-04-16,9339
2317,鴻海,26,8,18,華南永昌-竹北,2024-04-16,9339
2353,宏��,41,23,18,華南永昌-竹北,2024-04-16,9339
00665L,富邦�琤肭磪囓�2,24,9,15,華南永昌-竹北,2024-04-16,9339
4912,聯德控股-KY,15,0,15,華南永昌-竹北,2024-04-16,9339
3231,緯創,103,89,14,華南永昌-竹北,2024-04-16,9339
8234,新漢,14,0,14,華南永昌-竹北,2024-04-16,9339
1301,台塑,12,0,12,華南永昌-竹北,2024-04-16,9339
3450,聯鈞,16,4,12,華南永昌-竹北,2024-04-16,9339
1785,光洋科,12,0,12,華南永昌-竹北,2024-04-16,9339
1802,台玻,12,0,12,華南永昌-竹北,2024-04-16,9339
3052,夆典,12,0,12,華南永昌-竹北,2024-04-16,9339
6770,力積電,11,0,11,華南永昌-竹北,2024-04-16,9339
1514,亞力,16,5,11,華南永昌-竹北,2024-04-16,9339
8054,安國,159,17,142,華南永昌-竹北,2024-04-17,9339
00929,復華台灣科技優息,126,15,111,華南永昌-竹北,2024-04-17,9339
6125,廣運,111,7,104,華南永昌-竹北,2024-04-17,9339
8110,華東,86,12,74,華南永昌-竹北,2024-04-17,9339
00637L,元大滬深300正2,70,0,70,華南永昌-竹北,2024-04-17,9339
3037,欣興,123,67,56,華南永昌-竹北,2024-04-17,9339
00670L,富邦NASDAQ正2,50,0,50,華南永昌-竹北,2024-04-17,9339
2363,矽統,52,8,44,華南永昌-竹北,2024-04-17,9339
1815,富喬,42,0,42,華南永昌-竹北,2024-04-17,9339
5386,青雲,41,0,41,華南永昌-竹北,2024-04-17,9339
00679B,元大美債20年,35,0,35,華南永昌-竹北,2024-04-17,9339
6770,力積電,39,5,34,華南永昌-竹北,2024-04-17,9339
6197,佳必琪,33,0,33,華南永昌-竹北,2024-04-17,9339
0056,元大高股息,37,5,32,華南永昌-竹北,2024-04-17,9339
2313,華通,30,2,28,華南永昌-竹北,2024-04-17,9339
2353,宏��,46,20,26,華南永昌-竹北,2024-04-17,9339
8011,台通,33,7,26,華南永昌-竹北,2024-04-17,9339
2867,三商壽,26,2,24,華南永昌-竹北,2024-04-17,9339
3013,晟銘電,33,12,21,華南永昌-竹北,2024-04-17,9339
00933B,國泰10Y+金融債,23,3,20,華南永昌-竹北,2024-04-17,9339
00688L,國泰20年美債正2,20,0,20,華南永昌-竹北,2024-04-17,9339
2801,彰銀,20,0,20,華南永昌-竹北,2024-04-17,9339
6213,聯茂,76,56,20,華南永昌-竹北,2024-04-17,9339
3231,緯創,73,54,19,華南永昌-竹北,2024-04-17,9339
00919,群益台灣精選高息,18,0,18,華南永昌-竹北,2024-04-17,9339
00857B,永豐20年美公債,18,1,17,華南永昌-竹北,2024-04-17,9339
00712,復華富時不動產,17,0,17,華南永昌-竹北,2024-04-17,9339
1810,和成,49,33,16,華南永昌-竹北,2024-04-17,9339
4402,郡都開發,15,0,15,華南永昌-竹北,2024-04-17,9339
2884,玉山金,14,0,14,華南永昌-竹北,2024-04-17,9339
6189,豐藝,17,3,14,華南永昌-竹北,2024-04-17,9339
00941,中信上游半導體,14,1,13,華南永昌-竹北,2024-04-17,9339
00940,元大台灣價值高息,39,25,14,華南永昌-竹北,2024-04-17,9339
3260,威剛,32,19,13,華南永昌-竹北,2024-04-17,9339
3402,漢科,14,1,13,華南永昌-竹北,2024-04-17,9339
3450,聯鈞,13,0,13,華南永昌-竹北,2024-04-17,9339
00720B,元大投資級公司債,12,0,12,華南永昌-竹北,2024-04-17,9339
9962,有益,12,0,12,華南永昌-竹北,2024-04-17,9339
6235,華孚,13,1,12,華南永昌-竹北,2024-04-17,9339
4147,中裕,12,1,11,華南永昌-竹北,2024-04-17,9339
00687B,國泰20年美債,40,29,11,華南永昌-竹北,2024-04-17,9339
00878,國泰永續高股息,14,2,12,華南永昌-竹北,2024-04-17,9339
8016,矽創,11,0,11,華南永昌-竹北,2024-04-17,9339
4155,訊映,11,0,11,華南永昌-竹北,2024-04-17,9339
6163,華電網,11,0,11,華南永昌-竹北,2024-04-17,9339
00788B,元大10年IG電能債,10,0,10,華南永昌-竹北,2024-04-17,9339
2431,聯昌,10,0,10,華南永昌-竹北,2024-04-17,9339
2892,第一金,10,0,10,華南永昌-竹北,2024-04-17,9339
3162,精確,10,0,10,華南永昌-竹北,2024-04-17,9339
6175,立敦,10,0,10,華南永昌-竹北,2024-04-17,9339
1504,東元,446,300,146,華南永昌-竹北,2024-04-18,9339
1603,華電,170,35,135,華南永昌-竹北,2024-04-18,9339
2330,台積電,120,4,116,華南永昌-竹北,2024-04-18,9339
4967,十銓,106,1,105,華南永昌-竹北,2024-04-18,9339
1785,光洋科,80,0,80,華南永昌-竹北,2024-04-18,9339
1815,富喬,78,10,68,華南永昌-竹北,2024-04-18,9339
00937B,群益ESG投等債20,60,0,60,華南永昌-竹北,2024-04-18,9339
00942B,台新美A公司債20+,73,24,49,華南永昌-竹北,2024-04-18,9339
9945,潤泰新,48,8,40,華南永昌-竹北,2024-04-18,9339
0056,元大高股息,38,0,38,華南永昌-竹北,2024-04-18,9339
00929,復華台灣科技優息,34,6,28,華南永昌-竹北,2024-04-18,9339
1453,大將,30,2,28,華南永昌-竹北,2024-04-18,9339
5512,力麒,28,1,27,華南永昌-竹北,2024-04-18,9339
6197,佳必琪,27,0,27,華南永昌-竹北,2024-04-18,9339
00898,國泰基因免疫革命,26,0,26,華南永昌-竹北,2024-04-18,9339
5381,合正,31,5,26,華南永昌-竹北,2024-04-18,9339
2501,國建,54,29,25,華南永昌-竹北,2024-04-18,9339
6257,矽格,25,0,25,華南永昌-竹北,2024-04-18,9339
6219,富旺,45,25,20,華南永昌-竹北,2024-04-18,9339
3479,安勤,20,0,20,華南永昌-竹北,2024-04-18,9339
00919,群益台灣精選高息,20,5,15,華南永昌-竹北,2024-04-18,9339
3450,聯鈞,15,0,15,華南永昌-竹北,2024-04-18,9339
6462,神盾,15,0,15,華南永昌-竹北,2024-04-18,9339
00637L,元大滬深300正2,205,190,15,華南永昌-竹北,2024-04-18,9339
2444,兆勁,15,0,15,華南永昌-竹北,2024-04-18,9339
8087,麗升能源,15,0,15,華南永昌-竹北,2024-04-18,9339
00878,國泰永續高股息,14,0,14,華南永昌-竹北,2024-04-18,9339
9933,中鼎,26,13,13,華南永昌-竹北,2024-04-18,9339
00679B,元大美債20年,13,0,13,華南永昌-竹北,2024-04-18,9339
2367,燿華,20,7,13,華南永昌-竹北,2024-04-18,9339
00941,中信上游半導體,12,0,12,華南永昌-竹北,2024-04-18,9339
00712,復華富時不動產,12,0,12,華南永昌-竹北,2024-04-18,9339
00857B,永豐20年美公債,12,0,12,華南永昌-竹北,2024-04-18,9339
1587,吉茂,30,18,12,華南永昌-竹北,2024-04-18,9339
2241,艾姆勒,22,10,12,華南永昌-竹北,2024-04-18,9339
5223,安力-KY,12,0,12,華南永昌-竹北,2024-04-18,9339
2883,凱基金,12,0,12,華南永昌-竹北,2024-04-18,9339
6515,穎崴,11,0,11,華南永昌-竹北,2024-04-18,9339
00830,國泰費城半導體,11,0,11,華南永昌-竹北,2024-04-18,9339
1402,遠東新,11,0,11,華南永昌-竹北,2024-04-18,9339
00940,元大台灣價值高息,17,6,11,華南永昌-竹北,2024-04-18,9339
2886,兆豐金,10,0,10,華南永昌-竹北,2024-04-18,9339
6442,光聖,10,0,10,華南永昌-竹北,2024-04-18,9339
8390,金益鼎,10,0,10,華南永昌-竹北,2024-04-18,9339
00655L,國泰中國A50正2,10,0,10,華南永昌-竹北,2024-04-18,9339
2061,風青,10,0,10,華南永昌-竹北,2024-04-18,9339
2354,鴻準,10,0,10,華南永昌-竹北,2024-04-18,9339
2535,達欣工,10,0,10,華南永昌-竹北,2024-04-18,9339
2548,華固,10,0,10,華南永昌-竹北,2024-04-18,9339
6937,天虹,9,0,9,華南永昌-竹北,2024-04-18,9339
00940,元大台灣價值高息,664,71,593,華南永昌-竹北,2024-04-19,9339
2515,中工,936,412,524,華南永昌-竹北,2024-04-19,9339
00680L,元大美債20正2,512,10,502,華南永昌-竹北,2024-04-19,9339
00929,復華台灣科技優息,353,8,345,華南永昌-竹北,2024-04-19,9339
1603,華電,480,285,195,華南永昌-竹北,2024-04-19,9339
5531,鄉林,165,0,165,華南永昌-竹北,2024-04-19,9339
00919,群益台灣精選高息,152,7,145,華南永昌-竹北,2024-04-19,9339
1504,東元,501,360,141,華南永昌-竹北,2024-04-19,9339
4967,十銓,102,0,102,華南永昌-竹北,2024-04-19,9339
00637L,元大滬深300正2,105,6,99,華南永昌-竹北,2024-04-19,9339
8054,安國,294,198,96,華南永昌-竹北,2024-04-19,9339
0056,元大高股息,76,1,75,華南永昌-竹北,2024-04-19,9339
2891,中信金,65,11,54,華南永昌-竹北,2024-04-19,9339
00891,中信關鍵半導體,54,2,52,華南永昌-竹北,2024-04-19,9339
9945,潤泰新,55,5,50,華南永昌-竹北,2024-04-19,9339
00878,國泰永續高股息,49,1,48,華南永昌-竹北,2024-04-19,9339
1612,宏泰,59,14,45,華南永昌-竹北,2024-04-19,9339
3260,威剛,66,23,43,華南永昌-竹北,2024-04-19,9339
2382,廣達,54,22,32,華南永昌-竹北,2024-04-19,9339
1587,吉茂,32,0,32,華南永昌-竹北,2024-04-19,9339
8438,昶昕,32,0,32,華南永昌-竹北,2024-04-19,9339
3624,光頡,31,0,31,華南永昌-竹北,2024-04-19,9339
1710,東聯,30,0,30,華南永昌-竹北,2024-04-19,9339
6186,新潤,30,0,30,華南永昌-竹北,2024-04-19,9339
4123,晟德,30,0,30,華南永昌-竹北,2024-04-19,9339
9919,康那香,30,3,27,華南永昌-竹北,2024-04-19,9339
5515,建國,26,0,26,華南永昌-竹北,2024-04-19,9339
3450,聯鈞,23,0,23,華南永昌-竹北,2024-04-19,9339
1615,大山,29,7,22,華南永昌-竹北,2024-04-19,9339
1608,華榮,63,42,21,華南永昌-竹北,2024-04-19,9339
3027,盛達,63,42,21,華南永昌-竹北,2024-04-19,9339
6446,藥華藥,21,0,21,華南永昌-竹北,2024-04-19,9339
00918,大華優利高填息30,20,0,20,華南永昌-竹北,2024-04-19,9339
6244,茂迪,30,10,20,華南永昌-竹北,2024-04-19,9339
6443,元晶,53,33,20,華南永昌-竹北,2024-04-19,9339
2882,國泰金,23,5,18,華南永昌-竹北,2024-04-19,9339
6531,愛普*,19,2,17,華南永昌-竹北,2024-04-19,9339
3289,宜特,22,7,15,華南永昌-竹北,2024-04-19,9339
6284,佳邦,30,15,15,華南永昌-竹北,2024-04-19,9339
2887,台新金,14,0,14,華南永昌-竹北,2024-04-19,9339
2354,鴻準,14,0,14,華南永昌-竹北,2024-04-19,9339
5386,青雲,24,10,14,華南永昌-竹北,2024-04-19,9339
6197,佳必琪,16,2,14,華南永昌-竹北,2024-04-19,9339
2009,第一銅,45,32,13,華南永昌-竹北,2024-04-19,9339
2892,第一金,12,0,12,華南永昌-竹北,2024-04-19,9339
2353,宏��,31,19,12,華南永昌-竹北,2024-04-19,9339
5521,工信,20,8,12,華南永昌-竹北,2024-04-19,9339
1605,華新,12,0,12,華南永昌-竹北,2024-04-19,9339
3035,智原,12,1,11,華南永昌-竹北,2024-04-19,9339
1514,亞力,11,1,10,華南永昌-竹北,2024-04-19,9339
00929,復華台灣科技優息,260,10,250,華南永昌-竹北,2024-04-22,9339
8054,安國,466,232,234,華南永昌-竹北,2024-04-22,9339
3703,欣陸,237,35,202,華南永昌-竹北,2024-04-22,9339
1616,億泰,189,3,186,華南永昌-竹北,2024-04-22,9339
2371,大同,340,163,177,華南永昌-竹北,2024-04-22,9339
2101,南港,156,10,146,華南永昌-竹北,2024-04-22,9339
00919,群益台灣精選高息,154,16,138,華南永昌-竹北,2024-04-22,9339
4967,十銓,76,0,76,華南永昌-竹北,2024-04-22,9339
2546,根基,69,0,69,華南永昌-竹北,2024-04-22,9339
00940,元大台灣價值高息,126,71,55,華南永昌-竹北,2024-04-22,9339
3481,群創,51,2,49,華南永昌-竹北,2024-04-22,9339
2641,正德,46,1,45,華南永昌-竹北,2024-04-22,9339
00937B,群益ESG投等債20,39,0,39,華南永昌-竹北,2024-04-22,9339
00706L,期元大S＆P日圓正2,41,2,39,華南永昌-竹北,2024-04-22,9339
1587,吉茂,31,0,31,華南永昌-竹北,2024-04-22,9339
00632R,元大台灣50反1,39,17,22,華南永昌-竹北,2024-04-22,9339
2845,遠東銀,22,0,22,華南永昌-竹北,2024-04-22,9339
00676R,富邦臺灣加權反1,20,0,20,華南永昌-竹北,2024-04-22,9339
6188,廣明,42,22,20,華南永昌-竹北,2024-04-22,9339
6248,沛波,30,10,20,華南永昌-竹北,2024-04-22,9339
6443,元晶,28,8,20,華南永昌-竹北,2024-04-22,9339
00664R,國泰臺灣加權反1,20,3,17,華南永昌-竹北,2024-04-22,9339
2367,燿華,29,13,16,華南永昌-竹北,2024-04-22,9339
6531,愛普*,18,2,16,華南永昌-竹北,2024-04-22,9339
2442,新美齊,31,16,15,華南永昌-竹北,2024-04-22,9339
4907,富宇,15,0,15,華南永昌-竹北,2024-04-22,9339
6446,藥華藥,15,0,15,華南永昌-竹北,2024-04-22,9339
00891,中信關鍵半導體,14,0,14,華南永昌-竹北,2024-04-22,9339
8210,勤誠,17,3,14,華南永昌-竹北,2024-04-22,9339
9940,信義,12,0,12,華南永昌-竹北,2024-04-22,9339
00679B,元大美債20年,12,0,12,華南永昌-竹北,2024-04-22,9339
1603,華電,34,22,12,華南永昌-竹北,2024-04-22,9339
3289,宜特,12,0,12,華南永昌-竹北,2024-04-22,9339
2303,聯電,11,0,11,華南永昌-竹北,2024-04-22,9339
6244,茂迪,11,0,11,華南永昌-竹北,2024-04-22,9339
2537,聯上發,11,1,10,華南永昌-竹北,2024-04-22,9339
2524,京城,10,0,10,華南永昌-竹北,2024-04-22,9339
00646,元大S＆P500,10,0,10,華南永昌-竹北,2024-04-22,9339
00680L,元大美債20正2,10,0,10,華南永昌-竹北,2024-04-22,9339
6126,信音,10,0,10,華南永昌-竹北,2024-04-22,9339
6139,亞翔,10,0,10,華南永昌-竹北,2024-04-22,9339
6535,順藥,10,0,10,華南永昌-竹北,2024-04-22,9339
6223,旺矽,9,0,9,華南永昌-竹北,2024-04-22,9339
3013,晟銘電,15,6,9,華南永昌-竹北,2024-04-22,9339
3402,漢科,9,0,9,華南永昌-竹北,2024-04-22,9339
1560,中砂,9,0,9,華南永昌-竹北,2024-04-22,9339
8069,元太,9,1,8,華南永昌-竹北,2024-04-22,9339
3450,聯鈞,8,0,8,華南永昌-竹北,2024-04-22,9339
3324,雙鴻,11,3,8,華南永昌-竹北,2024-04-22,9339
2330,台積電,11,3,8,華南永昌-竹北,2024-04-22,9339
2515,中工,311,4,307,華南永昌-竹北,2024-04-23,9339
2371,大同,354,94,260,華南永昌-竹北,2024-04-23,9339
2317,鴻海,231,31,200,華南永昌-竹北,2024-04-23,9339
2505,國揚,71,0,71,華南永昌-竹北,2024-04-23,9339
00929,復華台灣科技優息,85,23,62,華南永昌-竹北,2024-04-23,9339
00919,群益台灣精選高息,26,0,26,華南永昌-竹北,2024-04-23,9339
8936,國統,72,50,22,華南永昌-竹北,2024-04-23,9339
00632R,元大台灣50反1,26,5,21,華南永昌-竹北,2024-04-23,9339
2201,裕隆,51,30,21,華南永昌-竹北,2024-04-23,9339
00941,中信上游半導體,20,0,20,華南永昌-竹北,2024-04-23,9339
1702,南僑,20,0,20,華南永昌-竹北,2024-04-23,9339
3450,聯鈞,20,0,20,華南永昌-竹北,2024-04-23,9339
2009,第一銅,17,0,17,華南永昌-竹北,2024-04-23,9339
00939,統一台灣高息動能,24,7,17,華南永昌-竹北,2024-04-23,9339
2354,鴻準,19,2,17,華南永昌-竹北,2024-04-23,9339
1519,華城,47,31,16,華南永昌-竹北,2024-04-23,9339
4973,廣穎,16,0,16,華南永昌-竹北,2024-04-23,9339
00878,國泰永續高股息,13,1,12,華南永昌-竹北,2024-04-23,9339
6472,保瑞,43,31,12,華南永昌-竹北,2024-04-23,9339
3583,辛耘,20,9,11,華南永昌-竹北,2024-04-23,9339
3702,大聯大,13,2,11,華南永昌-竹北,2024-04-23,9339
00676R,富邦臺灣加權反1,10,0,10,華南永昌-竹北,2024-04-23,9339
00664R,國泰臺灣加權反1,10,0,10,華南永昌-竹北,2024-04-23,9339
5324,士開,10,0,10,華南永昌-竹北,2024-04-23,9339
6548,長科*,10,0,10,華南永昌-竹北,2024-04-23,9339
9933,中鼎,10,0,10,華南永昌-竹北,2024-04-23,9339
00930,永豐ESG低碳高息,10,0,10,華南永昌-竹北,2024-04-23,9339
00666R,富邦�琤肭磪齯�1,9,0,9,華南永昌-竹北,2024-04-23,9339
1609,大亞,180,172,8,華南永昌-竹北,2024-04-23,9339
2365,昆盈,10,2,8,華南永昌-竹北,2024-04-23,9339
6005,群益證,8,0,8,華南永昌-竹北,2024-04-23,9339
6217,中探針,8,0,8,華南永昌-竹北,2024-04-23,9339
3587,閎康,7,0,7,華南永昌-竹北,2024-04-23,9339
2408,南亞科,15,8,7,華南永昌-竹北,2024-04-23,9339
2605,新興,25,18,7,華南永昌-竹北,2024-04-23,9339
00652,富邦印度,6,0,6,華南永昌-竹北,2024-04-23,9339
4306,炎洲,6,0,6,華南永昌-竹北,2024-04-23,9339
3703,欣陸,6,0,6,華南永昌-竹北,2024-04-23,9339
0056,元大高股息,7,2,5,華南永昌-竹北,2024-04-23,9339
00637L,元大滬深300正2,5,0,5,華南永昌-竹北,2024-04-23,9339
00670L,富邦NASDAQ正2,5,0,5,華南永昌-竹北,2024-04-23,9339
00687B,國泰20年美債,5,0,5,華南永昌-竹北,2024-04-23,9339
00712,復華富時不動產,6,1,5,華南永昌-竹北,2024-04-23,9339
1321,大洋,5,0,5,華南永昌-竹北,2024-04-23,9339
2618,長榮航,45,40,5,華南永昌-竹北,2024-04-23,9339
3312,弘憶股,5,0,5,華南永昌-竹北,2024-04-23,9339
3715,定穎投控,10,5,5,華南永昌-竹北,2024-04-23,9339
4167,松瑞藥,5,0,5,華南永昌-竹北,2024-04-23,9339
6264,富裔,5,0,5,華南永昌-竹北,2024-04-23,9339
8092,建暐,9,4,5,華南永昌-竹北,2024-04-23,9339
2610,華航,210,10,200,華南永昌-竹北,2024-04-24,9339
6120,達運,150,0,150,華南永昌-竹北,2024-04-24,9339
2501,國建,178,35,143,華南永昌-竹北,2024-04-24,9339
00637L,元大滬深300正2,245,105,140,華南永昌-竹北,2024-04-24,9339
2442,新美齊,101,2,99,華南永昌-竹北,2024-04-24,9339
2888,新光金,68,1,67,華南永昌-竹北,2024-04-24,9339
3147,大綜,55,0,55,華南永昌-竹北,2024-04-24,9339
5706,鳳凰,50,0,50,華南永昌-竹北,2024-04-24,9339
00650L,復華香港正2,40,0,40,華南永昌-竹北,2024-04-24,9339
2489,瑞軒,32,0,32,華南永昌-竹北,2024-04-24,9339
6443,元晶,31,0,31,華南永昌-竹北,2024-04-24,9339
00940,元大台灣價值高息,38,9,29,華南永昌-竹北,2024-04-24,9339
00679B,元大美債20年,28,0,28,華南永昌-竹北,2024-04-24,9339
2374,佳能,77,51,26,華南永昌-竹北,2024-04-24,9339
00941,中信上游半導體,25,0,25,華南永昌-竹北,2024-04-24,9339
6213,聯茂,47,24,23,華南永昌-竹北,2024-04-24,9339
2739,寒舍,22,0,22,華南永昌-竹北,2024-04-24,9339
3706,神達,61,39,22,華南永昌-竹北,2024-04-24,9339
6217,中探針,20,0,20,華南永昌-竹北,2024-04-24,9339
6514,芮特-KY,20,0,20,華南永昌-竹北,2024-04-24,9339
5386,青雲,20,1,19,華南永昌-竹北,2024-04-24,9339
3231,緯創,41,23,18,華南永昌-竹北,2024-04-24,9339
00676R,富邦臺灣加權反1,15,0,15,華南永昌-竹北,2024-04-24,9339
00673R,期元大S＆P原油反1,15,0,15,華南永昌-竹北,2024-04-24,9339
4763,材料-KY,17,2,15,華南永昌-竹北,2024-04-24,9339
3450,聯鈞,15,0,15,華南永昌-竹北,2024-04-24,9339
1612,宏泰,13,0,13,華南永昌-竹北,2024-04-24,9339
3313,斐成,16,3,13,華南永昌-竹北,2024-04-24,9339
2101,南港,128,117,11,華南永昌-竹北,2024-04-24,9339
0056,元大高股息,10,0,10,華南永昌-竹北,2024-04-24,9339
2312,金寶,10,0,10,華南永昌-竹北,2024-04-24,9339
2417,圓剛,10,0,10,華南永昌-竹北,2024-04-24,9339
2727,王品,10,0,10,華南永昌-竹北,2024-04-24,9339
3686,達能,10,0,10,華南永昌-竹北,2024-04-24,9339
6189,豐藝,10,0,10,華南永昌-竹北,2024-04-24,9339
6414,樺漢,10,0,10,華南永昌-竹北,2024-04-24,9339
2009,第一銅,10,0,10,華南永昌-竹北,2024-04-24,9339
1514,亞力,11,2,9,華南永昌-竹北,2024-04-24,9339
1513,中興電,58,50,8,華南永昌-竹北,2024-04-24,9339
3481,群創,11,3,8,華南永昌-竹北,2024-04-24,9339
00919,群益台灣精選高息,14,6,8,華南永昌-竹北,2024-04-24,9339
6472,保瑞,12,4,8,華南永昌-竹北,2024-04-24,9339
1616,億泰,8,1,7,華南永昌-竹北,2024-04-24,9339
5324,士開,12,5,7,華南永昌-竹北,2024-04-24,9339
8446,華研,7,0,7,華南永昌-竹北,2024-04-24,9339
2459,敦吉,6,0,6,華南永昌-竹北,2024-04-24,9339
6126,信音,6,0,6,華南永昌-竹北,2024-04-24,9339
6257,矽格,6,0,6,華南永昌-竹北,2024-04-24,9339
00666R,富邦�琤肭磪齯�1,5,0,5,華南永昌-竹北,2024-04-24,9339
00876,元大全球5G,5,0,5,華南永昌-竹北,2024-04-24,9339
2515,中工,347,166,181,華南永昌-竹北,2024-04-25,9339
2509,全坤建,142,4,138,華南永昌-竹北,2024-04-25,9339
2618,長榮航,304,173,131,華南永昌-竹北,2024-04-25,9339
1722,台肥,101,1,100,華南永昌-竹北,2024-04-25,9339
1587,吉茂,94,6,88,華南永昌-竹北,2024-04-25,9339
00929,復華台灣科技優息,66,0,66,華南永昌-竹北,2024-04-25,9339
8089,康全電訊,58,2,56,華南永昌-竹北,2024-04-25,9339
5531,鄉林,50,0,50,華南永昌-竹北,2024-04-25,9339
8210,勤誠,57,8,49,華南永昌-竹北,2024-04-25,9339
00857B,永豐20年美公債,42,0,42,華南永昌-竹北,2024-04-25,9339
2501,國建,69,33,36,華南永昌-竹北,2024-04-25,9339
00940,元大台灣價值高息,45,9,36,華南永昌-竹北,2024-04-25,9339
00878,國泰永續高股息,35,0,35,華南永昌-竹北,2024-04-25,9339
00933B,國泰10Y+金融債,35,0,35,華南永昌-竹北,2024-04-25,9339
4974,亞泰,33,0,33,華南永昌-竹北,2024-04-25,9339
2888,新光金,32,0,32,華南永昌-竹北,2024-04-25,9339
00665L,富邦�琤肭磪囓�2,30,0,30,華南永昌-竹北,2024-04-25,9339
6284,佳邦,50,20,30,華南永昌-竹北,2024-04-25,9339
2354,鴻準,27,0,27,華南永昌-竹北,2024-04-25,9339
4912,聯德控股-KY,27,0,27,華南永昌-竹北,2024-04-25,9339
2206,三陽工業,46,19,27,華南永昌-竹北,2024-04-25,9339
6219,富旺,21,0,21,華南永昌-竹北,2024-04-25,9339
1218,泰山,20,0,20,華南永昌-竹北,2024-04-25,9339
3706,神達,20,0,20,華南永昌-竹北,2024-04-25,9339
00919,群益台灣精選高息,16,0,16,華南永昌-竹北,2024-04-25,9339
2431,聯昌,16,0,16,華南永昌-竹北,2024-04-25,9339
0056,元大高股息,15,0,15,華南永昌-竹北,2024-04-25,9339
00939,統一台灣高息動能,20,5,15,華南永昌-竹北,2024-04-25,9339
4716,大立,21,7,14,華南永昌-竹北,2024-04-25,9339
2371,大同,108,94,14,華南永昌-竹北,2024-04-25,9339
8064,東捷,14,0,14,華南永昌-竹北,2024-04-25,9339
00679B,元大美債20年,12,0,12,華南永昌-竹北,2024-04-25,9339
3416,融程電,12,0,12,華南永昌-竹北,2024-04-25,9339
6770,力積電,12,0,12,華南永昌-竹北,2024-04-25,9339
3207,耀勝,10,0,10,華南永昌-竹北,2024-04-25,9339
6139,亞翔,12,2,10,華南永昌-竹北,2024-04-25,9339
6548,長科*,16,6,10,華南永昌-竹北,2024-04-25,9339
2376,技嘉,14,5,9,華南永昌-竹北,2024-04-25,9339
2359,所羅門,18,10,8,華南永昌-竹北,2024-04-25,9339
2412,中華電,250,242,8,華南永昌-竹北,2024-04-25,9339
6223,旺矽,8,0,8,華南永昌-竹北,2024-04-25,9339
2317,鴻海,14,6,8,華南永昌-竹北,2024-04-25,9339
6188,廣明,25,18,7,華南永昌-竹北,2024-04-25,9339
2634,漢翔,7,0,7,華南永昌-竹北,2024-04-25,9339
9933,中鼎,7,1,6,華南永昌-竹北,2024-04-25,9339
1101,台泥,6,0,6,華南永昌-竹北,2024-04-25,9339
2356,英業達,6,0,6,華南永昌-竹北,2024-04-25,9339
3338,泰碩,11,5,6,華南永昌-竹北,2024-04-25,9339
6190,萬泰科,8,2,6,華南永昌-竹北,2024-04-25,9339
5521,工信,7,1,6,華南永昌-竹北,2024-04-25,9339
2504,國產,154,2,152,華南永昌-竹北,2024-04-26,9339
6219,富旺,134,0,134,華南永昌-竹北,2024-04-26,9339
2241,艾姆勒,211,89,122,華南永昌-竹北,2024-04-26,9339
5529,鉅陞,125,3,122,華南永昌-竹北,2024-04-26,9339
00665L,富邦�琤肭磪囓�2,110,0,110,華南永昌-竹北,2024-04-26,9339
00673R,期元大S＆P原油反1,105,0,105,華南永昌-竹北,2024-04-26,9339
2367,燿華,110,5,105,華南永昌-竹北,2024-04-26,9339
3706,神達,116,18,98,華南永昌-竹北,2024-04-26,9339
3363,上詮,90,2,88,華南永昌-竹北,2024-04-26,9339
2206,三陽工業,69,5,64,華南永昌-竹北,2024-04-26,9339
00633L,富邦上証正2,60,0,60,華南永昌-竹北,2024-04-26,9339
2201,裕隆,60,1,59,華南永昌-竹北,2024-04-26,9339
2739,寒舍,53,0,53,華南永昌-竹北,2024-04-26,9339
00937B,群益ESG投等債20,55,3,52,華南永昌-竹北,2024-04-26,9339
00929,復華台灣科技優息,41,0,41,華南永昌-竹北,2024-04-26,9339
4127,天良,42,2,40,華南永昌-竹北,2024-04-26,9339
1609,大亞,90,56,34,華南永昌-竹北,2024-04-26,9339
00632R,元大台灣50反1,35,3,32,華南永昌-竹北,2024-04-26,9339
00882,中信中國高股息,51,20,31,華南永昌-竹北,2024-04-26,9339
1532,勤美,31,1,30,華南永昌-竹北,2024-04-26,9339
3147,大綜,30,0,30,華南永昌-竹北,2024-04-26,9339
1436,華友聯,30,0,30,華南永昌-竹北,2024-04-26,9339
00676R,富邦臺灣加權反1,29,0,29,華南永昌-竹北,2024-04-26,9339
00679B,元大美債20年,28,0,28,華南永昌-竹北,2024-04-26,9339
1725,元禎,26,0,26,華南永昌-竹北,2024-04-26,9339
2230,泰茂,25,0,25,華南永昌-竹北,2024-04-26,9339
8210,勤誠,29,4,25,華南永昌-竹北,2024-04-26,9339
00857B,永豐20年美公債,22,0,22,華南永昌-竹北,2024-04-26,9339
1440,南紡,35,13,22,華南永昌-竹北,2024-04-26,9339
3044,健鼎,24,2,22,華南永昌-竹北,2024-04-26,9339
2002,中鋼,21,0,21,華南永昌-竹北,2024-04-26,9339
3037,欣興,22,1,21,華南永昌-竹北,2024-04-26,9339
6535,順藥,21,0,21,華南永昌-竹北,2024-04-26,9339
2520,冠德,26,5,21,華南永昌-竹北,2024-04-26,9339
4716,大立,27,7,20,華南永昌-竹北,2024-04-26,9339
00687B,國泰20年美債,19,0,19,華南永昌-竹北,2024-04-26,9339
2354,鴻準,24,5,19,華南永昌-竹北,2024-04-26,9339
3013,晟銘電,37,19,18,華南永昌-竹北,2024-04-26,9339
4912,聯德控股-KY,18,0,18,華南永昌-竹北,2024-04-26,9339
2486,一詮,74,57,17,華南永昌-竹北,2024-04-26,9339
8064,東捷,36,19,17,華南永昌-竹北,2024-04-26,9339
2883,凱基金,16,0,16,華南永昌-竹北,2024-04-26,9339
6257,矽格,15,0,15,華南永昌-竹北,2024-04-26,9339
2359,所羅門,72,58,14,華南永昌-竹北,2024-04-26,9339
3450,聯鈞,14,0,14,華南永昌-竹北,2024-04-26,9339
5471,松翰,14,0,14,華南永昌-竹北,2024-04-26,9339
3416,融程電,13,0,13,華南永昌-竹北,2024-04-26,9339
1587,吉茂,61,49,12,華南永昌-竹北,2024-04-26,9339
1608,華榮,34,22,12,華南永昌-竹北,2024-04-26,9339
2745,五福,13,1,12,華南永昌-竹北,2024-04-26,9339
2618,長榮航,655,425,230,華南永昌-竹北,2024-04-29,9339
6770,力積電,104,0,104,華南永昌-竹北,2024-04-29,9339
1316,上曜,100,0,100,華南永昌-竹北,2024-04-29,9339
2536,宏普,90,0,90,華南永昌-竹北,2024-04-29,9339
2641,正德,90,0,90,華南永昌-竹北,2024-04-29,9339
6192,巨路,85,0,85,華南永昌-竹北,2024-04-29,9339
6219,富旺,114,34,80,華南永昌-竹北,2024-04-29,9339
00929,復華台灣科技優息,82,3,79,華南永昌-竹北,2024-04-29,9339
00680L,元大美債20正2,75,0,75,華南永昌-竹北,2024-04-29,9339
2545,皇翔,71,3,68,華南永昌-竹北,2024-04-29,9339
2107,厚生,68,0,68,華南永昌-竹北,2024-04-29,9339
8210,勤誠,99,47,52,華南永昌-竹北,2024-04-29,9339
4127,天良,82,31,51,華南永昌-竹北,2024-04-29,9339
2890,永豐金,50,1,49,華南永昌-竹北,2024-04-29,9339
2547,日勝生,45,3,42,華南永昌-竹北,2024-04-29,9339
2882,國泰金,50,9,41,華南永昌-竹北,2024-04-29,9339
2504,國產,42,1,41,華南永昌-竹北,2024-04-29,9339
00715L,期街口布蘭特正2,40,0,40,華南永昌-竹北,2024-04-29,9339
2442,新美齊,120,80,40,華南永昌-竹北,2024-04-29,9339
6438,迅得,36,1,35,華南永昌-竹北,2024-04-29,9339
5534,長虹,35,1,34,華南永昌-竹北,2024-04-29,9339
2506,太設,36,2,34,華南永昌-竹北,2024-04-29,9339
2884,玉山金,42,11,31,華南永昌-竹北,2024-04-29,9339
3060,銘異,29,0,29,華南永昌-竹北,2024-04-29,9339
4716,大立,31,2,29,華南永昌-竹北,2024-04-29,9339
2542,興富發,33,5,28,華南永昌-竹北,2024-04-29,9339
2392,正崴,25,0,25,華南永昌-竹北,2024-04-29,9339
4147,中裕,23,0,23,華南永昌-竹北,2024-04-29,9339
00676R,富邦臺灣加權反1,21,0,21,華南永昌-竹北,2024-04-29,9339
3227,原相,20,0,20,華南永昌-竹北,2024-04-29,9339
9904,寶成,24,6,18,華南永昌-竹北,2024-04-29,9339
1314,中石化,50,33,17,華南永昌-竹北,2024-04-29,9339
2101,南港,36,19,17,華南永昌-竹北,2024-04-29,9339
3376,新日興,18,3,15,華南永昌-竹北,2024-04-29,9339
3234,光環,27,12,15,華南永昌-竹北,2024-04-29,9339
2371,大同,43,30,13,華南永昌-竹北,2024-04-29,9339
00679B,元大美債20年,13,0,13,華南永昌-竹北,2024-04-29,9339
2486,一詮,53,40,13,華南永昌-竹北,2024-04-29,9339
3479,安勤,13,0,13,華南永昌-竹北,2024-04-29,9339
2501,國建,14,3,11,華南永昌-竹北,2024-04-29,9339
3131,弘塑,13,2,11,華南永昌-竹北,2024-04-29,9339
00637L,元大滬深300正2,10,0,10,華南永昌-竹北,2024-04-29,9339
00935,野村臺灣新科技50,10,0,10,華南永昌-竹北,2024-04-29,9339
1440,南紡,10,0,10,華南永昌-竹北,2024-04-29,9339
1453,大將,10,0,10,華南永昌-竹北,2024-04-29,9339
2630,亞航,11,1,10,華南永昌-竹北,2024-04-29,9339
5269,祥碩,10,0,10,華南永昌-竹北,2024-04-29,9339
6442,光聖,10,0,10,華南永昌-竹北,2024-04-29,9339
2511,太子,10,0,10,華南永昌-竹北,2024-04-29,9339
2009,第一銅,14,5,9,華南永昌-竹北,2024-04-29,9339
00637L,元大滬深300正2,265,25,240,華南永昌-竹北,2024-04-30,9339
2427,三商電,200,2,198,華南永昌-竹北,2024-04-30,9339
2230,泰茂,100,18,82,華南永昌-竹北,2024-04-30,9339
2545,皇翔,71,0,71,華南永昌-竹北,2024-04-30,9339
2536,宏普,70,0,70,華南永昌-竹北,2024-04-30,9339
2201,裕隆,61,4,57,華南永昌-竹北,2024-04-30,9339
2392,正崴,58,3,55,華南永昌-竹北,2024-04-30,9339
1453,大將,82,31,51,華南永昌-竹北,2024-04-30,9339
4127,天良,52,2,50,華南永昌-竹北,2024-04-30,9339
5608,四維航,51,1,50,華南永昌-竹北,2024-04-30,9339
2449,京元電子,56,9,47,華南永昌-竹北,2024-04-30,9339
2323,中環,64,19,45,華南永昌-竹北,2024-04-30,9339
2317,鴻海,53,18,35,華南永昌-竹北,2024-04-30,9339
6219,富旺,34,0,34,華南永昌-竹北,2024-04-30,9339
3703,欣陸,30,0,30,華南永昌-竹北,2024-04-30,9339
6190,萬泰科,31,2,29,華南永昌-竹北,2024-04-30,9339
3060,銘異,27,0,27,華南永昌-竹北,2024-04-30,9339
2880,華南金,61,34,27,華南永昌-竹北,2024-04-30,9339
00919,群益台灣精選高息,26,0,26,華南永昌-竹北,2024-04-30,9339
8096,擎亞,50,24,26,華南永昌-竹北,2024-04-30,9339
00648R,元大S＆P500反1,25,0,25,華南永昌-竹北,2024-04-30,9339
00857B,永豐20年美公債,25,0,25,華南永昌-竹北,2024-04-30,9339
8210,勤誠,113,89,24,華南永昌-竹北,2024-04-30,9339
00751B,元大AAA至A公司債,22,0,22,華南永昌-竹北,2024-04-30,9339
2409,友達,25,3,22,華南永昌-竹北,2024-04-30,9339
3363,上詮,25,3,22,華南永昌-竹北,2024-04-30,9339
3596,智易,23,1,22,華南永昌-竹北,2024-04-30,9339
3013,晟銘電,127,106,21,華南永昌-竹北,2024-04-30,9339
00679B,元大美債20年,41,21,20,華南永昌-竹北,2024-04-30,9339
2504,國產,21,1,20,華南永昌-竹北,2024-04-30,9339
2834,臺企銀,20,0,20,華南永昌-竹北,2024-04-30,9339
2611,志信,41,22,19,華南永昌-竹北,2024-04-30,9339
6177,達麗,29,11,18,華南永昌-竹北,2024-04-30,9339
2107,厚生,20,2,18,華南永昌-竹北,2024-04-30,9339
2515,中工,28,11,17,華南永昌-竹北,2024-04-30,9339
00720B,元大投資級公司債,17,0,17,華南永昌-竹北,2024-04-30,9339
2509,全坤建,16,1,15,華南永昌-竹北,2024-04-30,9339
2884,玉山金,15,0,15,華南永昌-竹北,2024-04-30,9339
3028,增你強,15,0,15,華南永昌-竹北,2024-04-30,9339
6202,盛群,15,0,15,華南永昌-竹北,2024-04-30,9339
00929,復華台灣科技優息,17,2,15,華南永昌-竹北,2024-04-30,9339
00939,統一台灣高息動能,15,1,14,華南永昌-竹北,2024-04-30,9339
3033,威健,14,1,13,華南永昌-竹北,2024-04-30,9339
3226,至寶電,11,0,11,華南永昌-竹北,2024-04-30,9339
5443,均豪,11,0,11,華南永昌-竹北,2024-04-30,9339
2423,固緯,14,4,10,華南永昌-竹北,2024-04-30,9339
2206,三陽工業,12,2,10,華南永昌-竹北,2024-04-30,9339
2705,六福,10,0,10,華南永昌-竹北,2024-04-30,9339
2887,台新金,11,1,10,華南永昌-竹北,2024-04-30,9339
3313,斐成,13,3,10,華南永昌-竹北,2024-04-30,9339
00632R,元大台灣50反1,467,120,347,華南永昌-竹北,2024-05-02,9339
00680L,元大美債20正2,196,0,196,華南永昌-竹北,2024-05-02,9339
2915,潤泰全,221,58,163,華南永昌-竹北,2024-05-02,9339
1815,富喬,115,0,115,華南永昌-竹北,2024-05-02,9339
2913,農林,105,1,104,華南永昌-竹北,2024-05-02,9339
6120,達運,97,0,97,華南永昌-竹北,2024-05-02,9339
00857B,永豐20年美公債,75,0,75,華南永昌-竹北,2024-05-02,9339
6113,亞矽,95,21,74,華南永昌-竹北,2024-05-02,9339
1605,華新,70,0,70,華南永昌-竹北,2024-05-02,9339
00940,元大台灣價值高息,68,2,66,華南永昌-竹北,2024-05-02,9339
1304,台聚,115,50,65,華南永昌-竹北,2024-05-02,9339
3060,銘異,64,0,64,華南永昌-竹北,2024-05-02,9339
1587,吉茂,83,25,58,華南永昌-竹北,2024-05-02,9339
00919,群益台灣精選高息,57,0,57,華南永昌-竹北,2024-05-02,9339
2014,中鴻,60,4,56,華南永昌-竹北,2024-05-02,9339
8463,潤泰材,54,0,54,華南永昌-竹北,2024-05-02,9339
00932,兆豐永續高息等權,50,0,50,華南永昌-竹北,2024-05-02,9339
00878,國泰永續高股息,40,0,40,華南永昌-竹北,2024-05-02,9339
00715L,期街口布蘭特正2,30,0,30,華南永昌-竹北,2024-05-02,9339
2317,鴻海,38,9,29,華南永昌-竹北,2024-05-02,9339
2009,第一銅,27,1,26,華南永昌-竹北,2024-05-02,9339
2867,三商壽,25,0,25,華南永昌-竹北,2024-05-02,9339
00666R,富邦�琤肭磪齯�1,24,0,24,華南永昌-竹北,2024-05-02,9339
1506,正道,19,0,19,華南永昌-竹北,2024-05-02,9339
3013,晟銘電,27,11,16,華南永昌-竹北,2024-05-02,9339
2743,山富,17,2,15,華南永昌-竹北,2024-05-02,9339
3576,聯合再生,15,0,15,華南永昌-竹北,2024-05-02,9339
5009,榮剛,24,9,15,華南永昌-竹北,2024-05-02,9339
1725,元禎,15,1,14,華南永昌-竹北,2024-05-02,9339
2392,正崴,14,0,14,華南永昌-竹北,2024-05-02,9339
5371,中光電,14,2,12,華南永昌-竹北,2024-05-02,9339
3706,神達,16,5,11,華南永昌-竹北,2024-05-02,9339
00929,復華台灣科技優息,15,5,10,華南永昌-竹北,2024-05-02,9339
00637L,元大滬深300正2,10,0,10,華南永昌-竹北,2024-05-02,9339
3025,星通,10,0,10,華南永昌-竹北,2024-05-02,9339
3231,緯創,11,1,10,華南永昌-竹北,2024-05-02,9339
3305,昇貿,10,0,10,華南永昌-竹北,2024-05-02,9339
5398,慕康生醫,10,0,10,華南永昌-竹北,2024-05-02,9339
3207,耀勝,10,0,10,華南永昌-竹北,2024-05-02,9339
1701,中化,9,0,9,華南永昌-竹北,2024-05-02,9339
6177,達麗,12,3,9,華南永昌-竹北,2024-05-02,9339
6190,萬泰科,9,0,9,華南永昌-竹北,2024-05-02,9339
00945B,凱基美國非投等債,8,0,8,華南永昌-竹北,2024-05-02,9339
3234,光環,10,2,8,華南永昌-竹北,2024-05-02,9339
8936,國統,19,11,8,華南永昌-竹北,2024-05-02,9339
3033,威健,18,10,8,華南永昌-竹北,2024-05-02,9339
00939,統一台灣高息動能,17,10,7,華南永昌-竹北,2024-05-02,9339
00941,中信上游半導體,9,2,7,華南永昌-竹北,2024-05-02,9339
2371,大同,53,46,7,華南永昌-竹北,2024-05-02,9339
3363,上詮,22,15,7,華南永昌-竹北,2024-05-02,9339
4714,永捷,189,51,138,華南永昌-竹北,2024-05-03,9339
5213,亞昕,136,0,136,華南永昌-竹北,2024-05-03,9339
6219,富旺,123,20,103,華南永昌-竹北,2024-05-03,9339
2906,高林,100,0,100,華南永昌-竹北,2024-05-03,9339
2444,兆勁,84,0,84,華南永昌-竹北,2024-05-03,9339
8110,華東,74,0,74,華南永昌-竹北,2024-05-03,9339
1722,台肥,72,0,72,華南永昌-竹北,2024-05-03,9339
2504,國產,68,1,67,華南永昌-竹北,2024-05-03,9339
00679B,元大美債20年,73,8,65,華南永昌-竹北,2024-05-03,9339
3060,銘異,60,0,60,華南永昌-竹北,2024-05-03,9339
00929,復華台灣科技優息,64,11,53,華南永昌-竹北,2024-05-03,9339
1217,愛之味,50,0,50,華南永昌-竹北,2024-05-03,9339
2353,宏��,101,57,44,華南永昌-竹北,2024-05-03,9339
2382,廣達,39,0,39,華南永昌-竹北,2024-05-03,9339
2009,第一銅,41,4,37,華南永昌-竹北,2024-05-03,9339
00878,國泰永續高股息,33,2,31,華南永昌-竹北,2024-05-03,9339
9802,鈺齊-KY,30,0,30,華南永昌-竹北,2024-05-03,9339
00940,元大台灣價值高息,30,0,30,華南永昌-竹北,2024-05-03,9339
00937B,群益ESG投等債20,28,0,28,華南永昌-竹北,2024-05-03,9339
2528,皇普,38,10,28,華南永昌-竹北,2024-05-03,9339
4147,中裕,25,0,25,華南永昌-竹北,2024-05-03,9339
6451,訊芯-KY,24,0,24,華南永昌-竹北,2024-05-03,9339
1316,上曜,71,50,21,華南永昌-竹北,2024-05-03,9339
2374,佳能,30,10,20,華南永昌-竹北,2024-05-03,9339
6113,亞矽,43,25,18,華南永昌-竹北,2024-05-03,9339
6446,藥華藥,21,5,16,華南永昌-竹北,2024-05-03,9339
3013,晟銘電,46,30,16,華南永昌-竹北,2024-05-03,9339
2371,大同,51,36,15,華南永昌-竹北,2024-05-03,9339
00919,群益台灣精選高息,15,0,15,華南永昌-竹北,2024-05-03,9339
00715L,期街口布蘭特正2,15,0,15,華南永昌-竹北,2024-05-03,9339
3260,威剛,46,31,15,華南永昌-竹北,2024-05-03,9339
5511,德昌,14,0,14,華南永昌-竹北,2024-05-03,9339
2515,中工,18,5,13,華南永昌-竹北,2024-05-03,9339
1101,台泥,18,6,12,華南永昌-竹北,2024-05-03,9339
2354,鴻準,12,0,12,華南永昌-竹北,2024-05-03,9339
3703,欣陸,12,1,11,華南永昌-竹北,2024-05-03,9339
5009,榮剛,12,1,11,華南永昌-竹北,2024-05-03,9339
2376,技嘉,11,0,11,華南永昌-竹北,2024-05-03,9339
5521,工信,12,1,11,華南永昌-竹北,2024-05-03,9339
6282,康舒,11,0,11,華南永昌-竹北,2024-05-03,9339
8163,達方,12,2,10,華南永昌-竹北,2024-05-03,9339
1514,亞力,25,15,10,華南永昌-竹北,2024-05-03,9339
00936,台新永續高息中小,10,0,10,華南永昌-竹北,2024-05-03,9339
00945B,凱基美國非投等債,10,0,10,華南永昌-竹北,2024-05-03,9339
2538,基泰,10,0,10,華南永昌-竹北,2024-05-03,9339
3055,蔚華科,10,0,10,華南永昌-竹北,2024-05-03,9339
3202,樺晟,10,0,10,華南永昌-竹北,2024-05-03,9339
4533,協易機,25,15,10,華南永昌-竹北,2024-05-03,9339
6005,群益證,10,0,10,華南永昌-竹北,2024-05-03,9339
4771,望隼,9,0,9,華南永昌-竹北,2024-05-03,9339
00680L,元大美債20正2,1219,0,1219,華南永昌-竹北,2024-05-06,9339
1101,台泥,236,4,232,華南永昌-竹北,2024-05-06,9339
1805,寶徠,209,0,209,華南永昌-竹北,2024-05-06,9339
2618,長榮航,833,638,195,華南永昌-竹北,2024-05-06,9339
1303,南亞,121,4,117,華南永昌-竹北,2024-05-06,9339
2501,國建,173,58,115,華南永昌-竹北,2024-05-06,9339
00676R,富邦臺灣加權反1,110,0,110,華南永昌-竹北,2024-05-06,9339
2883,凱基金,100,13,87,華南永昌-竹北,2024-05-06,9339
00637L,元大滬深300正2,80,0,80,華南永昌-竹北,2024-05-06,9339
2382,廣達,117,38,79,華南永昌-竹北,2024-05-06,9339
3060,銘異,70,0,70,華南永昌-竹北,2024-05-06,9339
2528,皇普,67,0,67,華南永昌-竹北,2024-05-06,9339
2356,英業達,67,9,58,華南永昌-竹北,2024-05-06,9339
8210,勤誠,65,9,56,華南永昌-竹北,2024-05-06,9339
2545,皇翔,89,35,54,華南永昌-竹北,2024-05-06,9339
00679B,元大美債20年,52,0,52,華南永昌-竹北,2024-05-06,9339
2371,大同,58,8,50,華南永昌-竹北,2024-05-06,9339
3033,威健,52,5,47,華南永昌-竹北,2024-05-06,9339
00665L,富邦�琤肭磪囓�2,40,0,40,華南永昌-竹北,2024-05-06,9339
3260,威剛,114,79,35,華南永昌-竹北,2024-05-06,9339
1314,中石化,54,21,33,華南永昌-竹北,2024-05-06,9339
5876,上海商銀,33,0,33,華南永昌-竹北,2024-05-06,9339
1532,勤美,107,75,32,華南永昌-竹北,2024-05-06,9339
1519,華城,47,16,31,華南永昌-竹北,2024-05-06,9339
9933,中鼎,35,6,29,華南永昌-竹北,2024-05-06,9339
00648R,元大S＆P500反1,25,0,25,華南永昌-竹北,2024-05-06,9339
1316,上曜,31,9,22,華南永昌-竹北,2024-05-06,9339
5531,鄉林,21,0,21,華南永昌-竹北,2024-05-06,9339
4714,永捷,20,0,20,華南永昌-竹北,2024-05-06,9339
4127,天良,20,1,19,華南永昌-竹北,2024-05-06,9339
4973,廣穎,20,1,19,華南永昌-竹北,2024-05-06,9339
6217,中探針,18,0,18,華南永昌-竹北,2024-05-06,9339
3163,波若威,19,1,18,華南永昌-竹北,2024-05-06,9339
00929,復華台灣科技優息,36,19,17,華南永昌-竹北,2024-05-06,9339
00632R,元大台灣50反1,17,0,17,華南永昌-竹北,2024-05-06,9339
2739,寒舍,80,64,16,華南永昌-竹北,2024-05-06,9339
1304,台聚,15,0,15,華南永昌-竹北,2024-05-06,9339
3666,光耀,15,0,15,華南永昌-竹北,2024-05-06,9339
5521,工信,17,3,14,華南永昌-竹北,2024-05-06,9339
3450,聯鈞,16,3,13,華南永昌-竹北,2024-05-06,9339
2328,廣宇,13,1,12,華南永昌-竹北,2024-05-06,9339
3483,力致,12,0,12,華南永昌-竹北,2024-05-06,9339
3583,辛耘,38,27,11,華南永昌-竹北,2024-05-06,9339
00941,中信上游半導體,10,0,10,華南永昌-竹北,2024-05-06,9339
1473,台南,10,0,10,華南永昌-竹北,2024-05-06,9339
2850,新產,10,0,10,華南永昌-竹北,2024-05-06,9339
6005,群益證,10,0,10,華南永昌-竹北,2024-05-06,9339
1513,中興電,9,0,9,華南永昌-竹北,2024-05-06,9339
3338,泰碩,14,5,9,華南永昌-竹北,2024-05-06,9339
2317,鴻海,45,36,9,華南永昌-竹北,2024-05-06,9339
3033,威健,259,43,216,華南永昌-竹北,2024-05-07,9339
2536,宏普,106,0,106,華南永昌-竹北,2024-05-07,9339
3260,威剛,137,34,103,華南永昌-竹北,2024-05-07,9339
1708,東鹼,80,1,79,華南永昌-竹北,2024-05-07,9339
3537,堡達,72,0,72,華南永昌-竹北,2024-05-07,9339
4543,萬在,83,11,72,華南永昌-竹北,2024-05-07,9339
00679B,元大美債20年,57,0,57,華南永昌-竹北,2024-05-07,9339
00929,復華台灣科技優息,59,5,54,華南永昌-竹北,2024-05-07,9339
2545,皇翔,55,3,52,華南永昌-竹北,2024-05-07,9339
3006,晶豪科,69,18,51,華南永昌-竹北,2024-05-07,9339
8112,至上,54,5,49,華南永昌-竹北,2024-05-07,9339
2801,彰銀,50,1,49,華南永昌-竹北,2024-05-07,9339
1805,寶徠,34,0,34,華南永昌-竹北,2024-05-07,9339
2009,第一銅,32,0,32,華南永昌-竹北,2024-05-07,9339
2838,聯邦銀,30,0,30,華南永昌-竹北,2024-05-07,9339
2201,裕隆,30,0,30,華南永昌-竹北,2024-05-07,9339
00919,群益台灣精選高息,29,3,26,華南永昌-竹北,2024-05-07,9339
3703,欣陸,24,0,24,華南永昌-竹北,2024-05-07,9339
2528,皇普,24,0,24,華南永昌-竹北,2024-05-07,9339
2501,國建,61,37,24,華南永昌-竹北,2024-05-07,9339
8092,建暐,24,0,24,華南永昌-竹北,2024-05-07,9339
3363,上詮,50,27,23,華南永昌-竹北,2024-05-07,9339
6531,愛普*,22,0,22,華南永昌-竹北,2024-05-07,9339
2514,龍邦,21,0,21,華南永昌-竹北,2024-05-07,9339
00918,大華優利高填息30,20,0,20,華南永昌-竹北,2024-05-07,9339
2014,中鴻,21,1,20,華南永昌-竹北,2024-05-07,9339
5531,鄉林,22,2,20,華南永昌-竹北,2024-05-07,9339
2618,長榮航,370,352,18,華南永昌-竹北,2024-05-07,9339
3481,群創,18,0,18,華南永昌-竹北,2024-05-07,9339
2645,長榮航太,17,0,17,華南永昌-竹北,2024-05-07,9339
1301,台塑,17,1,16,華南永昌-竹北,2024-05-07,9339
4513,福裕,15,0,15,華南永昌-竹北,2024-05-07,9339
2884,玉山金,16,2,14,華南永昌-竹北,2024-05-07,9339
6016,康和證,14,0,14,華南永昌-竹北,2024-05-07,9339
1591,駿吉-KY,52,38,14,華南永昌-竹北,2024-05-07,9339
8089,康全電訊,15,2,13,華南永昌-竹北,2024-05-07,9339
2354,鴻準,13,1,12,華南永昌-竹北,2024-05-07,9339
2363,矽統,30,18,12,華南永昌-竹北,2024-05-07,9339
3313,斐成,13,1,12,華南永昌-竹北,2024-05-07,9339
6257,矽格,30,19,11,華南永昌-竹北,2024-05-07,9339
2451,創見,12,1,11,華南永昌-竹北,2024-05-07,9339
2409,友達,11,0,11,華南永昌-竹北,2024-05-07,9339
2460,建通,10,0,10,華南永昌-竹北,2024-05-07,9339
00945B,凱基美國非投等債,10,0,10,華南永昌-竹北,2024-05-07,9339
00671R,富邦NASDAQ反1,10,0,10,華南永昌-竹北,2024-05-07,9339
3489,森寶,10,0,10,華南永昌-竹北,2024-05-07,9339
2317,鴻海,20,11,9,華南永昌-竹北,2024-05-07,9339
1316,上曜,10,1,9,華南永昌-竹北,2024-05-07,9339
1802,台玻,9,0,9,華南永昌-竹北,2024-05-07,9339
3416,融程電,9,0,9,華南永昌-竹北,2024-05-07,9339
5213,亞昕,207,13,194,華南永昌-竹北,2024-05-08,9339
2606,裕民,399,242,157,華南永昌-竹北,2024-05-08,9339
2371,大同,127,12,115,華南永昌-竹北,2024-05-08,9339
2641,正德,111,10,101,華南永昌-竹北,2024-05-08,9339
2504,國產,82,1,81,華南永昌-竹北,2024-05-08,9339
2356,英業達,270,213,57,華南永昌-竹北,2024-05-08,9339
00637L,元大滬深300正2,55,0,55,華南永昌-竹北,2024-05-08,9339
2913,農林,50,3,47,華南永昌-竹北,2024-05-08,9339
00633L,富邦上証正2,70,24,46,華南永昌-竹北,2024-05-08,9339
9906,欣巴巴,43,0,43,華南永昌-竹北,2024-05-08,9339
3706,神達,35,0,35,華南永昌-竹北,2024-05-08,9339
2365,昆盈,92,58,34,華南永昌-竹北,2024-05-08,9339
5258,虹堡,34,0,34,華南永昌-竹北,2024-05-08,9339
00878,國泰永續高股息,36,3,33,華南永昌-竹北,2024-05-08,9339
4968,立積,92,62,30,華南永昌-竹北,2024-05-08,9339
00715L,期街口布蘭特正2,20,0,20,華南永昌-竹北,2024-05-08,9339
2363,矽統,59,39,20,華南永昌-竹北,2024-05-08,9339
2509,全坤建,19,0,19,華南永昌-竹北,2024-05-08,9339
6269,台郡,20,1,19,華南永昌-竹北,2024-05-08,9339
2317,鴻海,18,0,18,華南永昌-竹北,2024-05-08,9339
3363,上詮,36,18,18,華南永昌-竹北,2024-05-08,9339
1721,三晃,20,2,18,華南永昌-竹北,2024-05-08,9339
9933,中鼎,27,10,17,華南永昌-竹北,2024-05-08,9339
8906,花王,17,1,16,華南永昌-竹北,2024-05-08,9339
1591,駿吉-KY,20,6,14,華南永昌-竹北,2024-05-08,9339
2501,國建,14,1,13,華南永昌-竹北,2024-05-08,9339
2545,皇翔,15,2,13,華南永昌-竹北,2024-05-08,9339
2392,正崴,20,8,12,華南永昌-竹北,2024-05-08,9339
3703,欣陸,11,0,11,華南永昌-竹北,2024-05-08,9339
2617,台航,41,31,10,華南永昌-竹北,2024-05-08,9339
8110,華東,10,0,10,華南永昌-竹北,2024-05-08,9339
4716,大立,9,0,9,華南永昌-竹北,2024-05-08,9339
9927,泰銘,21,12,9,華南永昌-竹北,2024-05-08,9339
5871,中租-KY,9,0,9,華南永昌-竹北,2024-05-08,9339
8021,尖點,9,1,8,華南永昌-竹北,2024-05-08,9339
2603,長榮,8,0,8,華南永昌-竹北,2024-05-08,9339
3306,鼎天,12,5,7,華南永昌-竹北,2024-05-08,9339
2101,南港,16,9,7,華南永昌-竹北,2024-05-08,9339
5522,遠雄,9,3,6,華南永昌-竹北,2024-05-08,9339
00772B,中信高評級公司債,6,0,6,華南永昌-竹北,2024-05-08,9339
00937B,群益ESG投等債20,15,9,6,華南永昌-竹北,2024-05-08,9339
6264,富裔,6,0,6,華南永昌-竹北,2024-05-08,9339
00940,元大台灣價值高息,46,41,5,華南永昌-竹北,2024-05-08,9339
6187,萬潤,5,0,5,華南永昌-竹北,2024-05-08,9339
8069,元太,10,5,5,華南永昌-竹北,2024-05-08,9339
00923,群益台ESG低碳50,5,0,5,華南永昌-竹北,2024-05-08,9339
3481,群創,5,0,5,華南永昌-竹北,2024-05-08,9339
5324,士開,5,0,5,華南永昌-竹北,2024-05-08,9339
5512,力麒,5,0,5,華南永昌-竹北,2024-05-08,9339
6113,亞矽,8,3,5,華南永昌-竹北,2024-05-08,9339
9944,新麗,200,0,200,華南永昌-竹北,2024-05-09,9339
6120,達運,191,2,189,華南永昌-竹北,2024-05-09,9339
00637L,元大滬深300正2,140,0,140,華南永昌-竹北,2024-05-09,9339
2536,宏普,86,0,86,華南永昌-竹北,2024-05-09,9339
00878,國泰永續高股息,128,42,86,華南永昌-竹北,2024-05-09,9339
00857B,永豐20年美公債,82,0,82,華南永昌-竹北,2024-05-09,9339
2392,正崴,71,6,65,華南永昌-竹北,2024-05-09,9339
3013,晟銘電,104,39,65,華南永昌-竹北,2024-05-09,9339
3260,威剛,94,31,63,華南永昌-竹北,2024-05-09,9339
9945,潤泰新,52,3,49,華南永昌-竹北,2024-05-09,9339
00937B,群益ESG投等債20,31,0,31,華南永昌-竹北,2024-05-09,9339
6192,巨路,30,0,30,華南永昌-竹北,2024-05-09,9339
2504,國產,30,1,29,華南永昌-竹北,2024-05-09,9339
00679B,元大美債20年,25,0,25,華南永昌-竹北,2024-05-09,9339
6438,迅得,25,0,25,華南永昌-竹北,2024-05-09,9339
00940,元大台灣價值高息,31,7,24,華南永昌-竹北,2024-05-09,9339
00885,富邦越南,24,0,24,華南永昌-竹北,2024-05-09,9339
2883,凱基金,22,0,22,華南永昌-竹北,2024-05-09,9339
2440,太空梭,30,10,20,華南永昌-竹北,2024-05-09,9339
2344,華邦電,20,0,20,華南永昌-竹北,2024-05-09,9339
6175,立敦,20,0,20,華南永昌-竹北,2024-05-09,9339
2317,鴻海,29,9,20,華南永昌-竹北,2024-05-09,9339
2363,矽統,56,39,17,華南永昌-竹北,2024-05-09,9339
2515,中工,22,6,16,華南永昌-竹北,2024-05-09,9339
6116,彩晶,15,0,15,華南永昌-竹北,2024-05-09,9339
6449,鈺邦,15,0,15,華南永昌-竹北,2024-05-09,9339
00944,野村趨勢動能高息,56,42,14,華南永昌-竹北,2024-05-09,9339
6143,振曜,17,4,13,華南永昌-竹北,2024-05-09,9339
2241,艾姆勒,13,0,13,華南永昌-竹北,2024-05-09,9339
1721,三晃,21,8,13,華南永昌-竹北,2024-05-09,9339
00720B,元大投資級公司債,12,0,12,華南永昌-竹北,2024-05-09,9339
1815,富喬,13,1,12,華南永昌-竹北,2024-05-09,9339
2323,中環,12,0,12,華南永昌-竹北,2024-05-09,9339
2342,茂矽,11,0,11,華南永昌-竹北,2024-05-09,9339
1314,中石化,11,1,10,華南永昌-竹北,2024-05-09,9339
2885,元大金,10,0,10,華南永昌-竹北,2024-05-09,9339
00882,中信中國高股息,10,0,10,華南永昌-竹北,2024-05-09,9339
00665L,富邦�琤肭磪囓�2,10,0,10,華南永昌-竹北,2024-05-09,9339
1339,昭輝,10,0,10,華南永昌-竹北,2024-05-09,9339
2014,中鴻,10,0,10,華南永昌-竹北,2024-05-09,9339
2421,建準,12,2,10,華南永昌-竹北,2024-05-09,9339
3303,岱稜,10,0,10,華南永昌-竹北,2024-05-09,9339
3588,通嘉,10,0,10,華南永昌-竹北,2024-05-09,9339
4127,天良,10,0,10,華南永昌-竹北,2024-05-09,9339
4402,郡都開發,10,0,10,華南永昌-竹北,2024-05-09,9339
6535,順藥,10,0,10,華南永昌-竹北,2024-05-09,9339
4973,廣穎,12,2,10,華南永昌-竹北,2024-05-09,9339
2880,華南金,10,0,10,華南永昌-竹北,2024-05-09,9339
2945,三商家購,9,0,9,華南永昌-竹北,2024-05-09,9339
3702,大聯大,16,7,9,華南永昌-竹北,2024-05-09,9339
00680L,元大美債20正2,998,120,878,華南永昌-竹北,2024-05-10,9339
2618,長榮航,315,97,218,華南永昌-竹北,2024-05-10,9339
2606,裕民,353,135,218,華南永昌-竹北,2024-05-10,9339
2882,國泰金,422,217,205,華南永昌-竹北,2024-05-10,9339
3706,神達,174,52,122,華南永昌-竹北,2024-05-10,9339
3689,湧德,125,3,122,華南永昌-竹北,2024-05-10,9339
2313,華通,217,97,120,華南永昌-竹北,2024-05-10,9339
00929,復華台灣科技優息,81,6,75,華南永昌-竹北,2024-05-10,9339
1591,駿吉-KY,48,0,48,華南永昌-竹北,2024-05-10,9339
2888,新光金,50,3,47,華南永昌-竹北,2024-05-10,9339
3260,威剛,55,12,43,華南永昌-竹北,2024-05-10,9339
6197,佳必琪,32,0,32,華南永昌-竹北,2024-05-10,9339
00919,群益台灣精選高息,31,1,30,華南永昌-竹北,2024-05-10,9339
2382,廣達,140,110,30,華南永昌-竹北,2024-05-10,9339
6438,迅得,30,0,30,華南永昌-竹北,2024-05-10,9339
2601,益航,32,3,29,華南永昌-竹北,2024-05-10,9339
2363,矽統,44,16,28,華南永昌-竹北,2024-05-10,9339
2376,技嘉,28,0,28,華南永昌-竹北,2024-05-10,9339
00946,群益科技高息成長,27,0,27,華南永昌-竹北,2024-05-10,9339
00932,兆豐永續高息等權,22,0,22,華南永昌-竹北,2024-05-10,9339
00666R,富邦�琤肭磪齯�1,24,4,20,華南永昌-竹北,2024-05-10,9339
1440,南紡,20,0,20,華南永昌-竹北,2024-05-10,9339
2706,第一店,20,0,20,華南永昌-竹北,2024-05-10,9339
5534,長虹,20,1,19,華南永昌-竹北,2024-05-10,9339
6192,巨路,21,3,18,華南永昌-竹北,2024-05-10,9339
6213,聯茂,18,1,17,華南永昌-竹北,2024-05-10,9339
8277,商丞,17,0,17,華南永昌-竹北,2024-05-10,9339
2392,正崴,14,0,14,華南永昌-竹北,2024-05-10,9339
2317,鴻海,30,16,14,華南永昌-竹北,2024-05-10,9339
00940,元大台灣價值高息,14,1,13,華南永昌-竹北,2024-05-10,9339
2374,佳能,53,41,12,華南永昌-竹北,2024-05-10,9339
6175,立敦,12,0,12,華南永昌-竹北,2024-05-10,9339
6248,沛波,12,0,12,華南永昌-竹北,2024-05-10,9339
2354,鴻準,11,0,11,華南永昌-竹北,2024-05-10,9339
3481,群創,22,11,11,華南永昌-竹北,2024-05-10,9339
6188,廣明,11,0,11,華南永昌-竹北,2024-05-10,9339
2617,台航,15,5,10,華南永昌-竹北,2024-05-10,9339
5009,榮剛,10,0,10,華南永昌-竹北,2024-05-10,9339
1514,亞力,12,2,10,華南永昌-竹北,2024-05-10,9339
1217,愛之味,10,0,10,華南永昌-竹北,2024-05-10,9339
1612,宏泰,27,17,10,華南永昌-竹北,2024-05-10,9339
2509,全坤建,10,0,10,華南永昌-竹北,2024-05-10,9339
2641,正德,28,18,10,華南永昌-竹北,2024-05-10,9339
3060,銘異,11,1,10,華南永昌-竹北,2024-05-10,9339
5351,鈺創,10,0,10,華南永昌-竹北,2024-05-10,9339
4720,德淵,10,0,10,華南永昌-竹北,2024-05-10,9339
2201,裕隆,10,0,10,華南永昌-竹北,2024-05-10,9339
8163,達方,10,1,9,華南永昌-竹北,2024-05-10,9339
2303,聯電,10,2,8,華南永昌-竹北,2024-05-10,9339
00944,野村趨勢動能高息,8,0,8,華南永昌-竹北,2024-05-10,9339
00929,復華台灣科技優息,146,0,146,華南永昌-竹北,2024-05-13,9339
8936,國統,239,110,129,華南永昌-竹北,2024-05-13,9339
2371,大同,135,13,122,華南永昌-竹北,2024-05-13,9339
1101,台泥,110,2,108,華南永昌-竹北,2024-05-13,9339
2545,皇翔,120,29,91,華南永昌-竹北,2024-05-13,9339
3363,上詮,89,2,87,華南永昌-竹北,2024-05-13,9339
00937B,群益ESG投等債20,64,0,64,華南永昌-竹北,2024-05-13,9339
00637L,元大滬深300正2,66,5,61,華南永昌-竹北,2024-05-13,9339
1303,南亞,55,0,55,華南永昌-竹北,2024-05-13,9339
2444,兆勁,51,0,51,華南永昌-竹北,2024-05-13,9339
2888,新光金,50,0,50,華南永昌-竹北,2024-05-13,9339
5392,能率,84,35,49,華南永昌-竹北,2024-05-13,9339
00882,中信中國高股息,49,0,49,華南永昌-竹北,2024-05-13,9339
3703,欣陸,50,12,38,華南永昌-竹北,2024-05-13,9339
2354,鴻準,38,0,38,華南永昌-竹北,2024-05-13,9339
8932,智通*,35,0,35,華南永昌-竹北,2024-05-13,9339
2618,長榮航,216,183,33,華南永昌-竹北,2024-05-13,9339
3260,威剛,68,35,33,華南永昌-竹北,2024-05-13,9339
2356,英業達,34,1,33,華南永昌-竹北,2024-05-13,9339
4562,穎漢,30,6,24,華南永昌-竹北,2024-05-13,9339
00679B,元大美債20年,23,0,23,華南永昌-竹北,2024-05-13,9339
00715L,期街口布蘭特正2,22,0,22,華南永昌-竹北,2024-05-13,9339
00919,群益台灣精選高息,25,5,20,華南永昌-竹北,2024-05-13,9339
00708L,期元大S＆P黃金正2,20,0,20,華南永昌-竹北,2024-05-13,9339
1314,中石化,20,0,20,華南永昌-竹北,2024-05-13,9339
2312,金寶,20,0,20,華南永昌-竹北,2024-05-13,9339
6248,沛波,20,0,20,華南永昌-竹北,2024-05-13,9339
2536,宏普,17,0,17,華南永昌-竹北,2024-05-13,9339
5521,工信,17,0,17,華南永昌-竹北,2024-05-13,9339
2317,鴻海,20,3,17,華南永昌-竹北,2024-05-13,9339
6284,佳邦,20,5,15,華南永昌-竹北,2024-05-13,9339
00878,國泰永續高股息,13,0,13,華南永昌-竹北,2024-05-13,9339
3231,緯創,31,19,12,華南永昌-竹北,2024-05-13,9339
2241,艾姆勒,108,95,13,華南永昌-竹北,2024-05-13,9339
6806,森崴能源,12,0,12,華南永昌-竹北,2024-05-13,9339
2882,國泰金,212,200,12,華南永昌-竹北,2024-05-13,9339
4720,德淵,11,0,11,華南永昌-竹北,2024-05-13,9339
2485,兆赫,12,1,11,華南永昌-竹北,2024-05-13,9339
2630,亞航,10,0,10,華南永昌-竹北,2024-05-13,9339
2615,萬海,41,31,10,華南永昌-竹北,2024-05-13,9339
2527,宏璟,10,0,10,華南永昌-竹北,2024-05-13,9339
1304,台聚,10,0,10,華南永昌-竹北,2024-05-13,9339
2606,裕民,75,65,10,華南永昌-竹北,2024-05-13,9339
5014,建錩,10,0,10,華南永昌-竹北,2024-05-13,9339
6275,元山,10,0,10,華南永昌-竹北,2024-05-13,9339
3305,昇貿,10,0,10,華南永昌-竹北,2024-05-13,9339
3339,泰谷,10,0,10,華南永昌-竹北,2024-05-13,9339
3313,斐成,12,2,10,華南永昌-竹北,2024-05-13,9339
00666R,富邦�琤肭磪齯�1,9,0,9,華南永昌-竹北,2024-05-13,9339
00946,群益科技高息成長,9,0,9,華南永昌-竹北,2024-05-13,9339
4960,誠美材,320,0,320,華南永昌-竹北,2024-05-14,9339
00680L,元大美債20正2,305,0,305,華南永昌-竹北,2024-05-14,9339
2882,國泰金,200,22,178,華南永昌-竹北,2024-05-14,9339
2363,矽統,209,45,164,華南永昌-竹北,2024-05-14,9339
2371,大同,149,19,130,華南永昌-竹北,2024-05-14,9339
00878,國泰永續高股息,76,0,76,華南永昌-竹北,2024-05-14,9339
1591,駿吉-KY,70,0,70,華南永昌-竹北,2024-05-14,9339
2615,萬海,321,256,65,華南永昌-竹北,2024-05-14,9339
00929,復華台灣科技優息,54,1,53,華南永昌-竹北,2024-05-14,9339
2539,櫻花建,46,0,46,華南永昌-竹北,2024-05-14,9339
00637L,元大滬深300正2,40,0,40,華南永昌-竹北,2024-05-14,9339
6197,佳必琪,42,12,30,華南永昌-竹北,2024-05-14,9339
1714,和桐,30,1,29,華南永昌-竹北,2024-05-14,9339
00752,中信中國50,28,0,28,華南永昌-竹北,2024-05-14,9339
00940,元大台灣價值高息,41,15,26,華南永昌-竹北,2024-05-14,9339
00937B,群益ESG投等債20,29,3,26,華南永昌-竹北,2024-05-14,9339
2002,中鋼,25,0,25,華南永昌-竹北,2024-05-14,9339
2405,輔信,55,31,24,華南永昌-竹北,2024-05-14,9339
8210,勤誠,38,15,23,華南永昌-竹北,2024-05-14,9339
1514,亞力,26,5,21,華南永昌-竹北,2024-05-14,9339
2743,山富,51,30,21,華南永昌-竹北,2024-05-14,9339
3230,錦明,21,0,21,華南永昌-竹北,2024-05-14,9339
00676R,富邦臺灣加權反1,20,0,20,華南永昌-竹北,2024-05-14,9339
1314,中石化,20,0,20,華南永昌-竹北,2024-05-14,9339
2312,金寶,20,0,20,華南永昌-竹北,2024-05-14,9339
2313,華通,22,2,20,華南永昌-竹北,2024-05-14,9339
8011,台通,20,0,20,華南永昌-竹北,2024-05-14,9339
8932,智通*,20,0,20,華南永昌-竹北,2024-05-14,9339
2301,光寶科,29,10,19,華南永昌-竹北,2024-05-14,9339
3689,湧德,19,0,19,華南永昌-竹北,2024-05-14,9339
3363,上詮,49,30,19,華南永昌-竹北,2024-05-14,9339
5213,亞昕,25,8,17,華南永昌-竹北,2024-05-14,9339
8299,群聯,23,7,16,華南永昌-竹北,2024-05-14,9339
1513,中興電,18,4,14,華南永昌-竹北,2024-05-14,9339
5530,龍巖,12,0,12,華南永昌-竹北,2024-05-14,9339
00919,群益台灣精選高息,16,4,12,華南永昌-竹北,2024-05-14,9339
00944,野村趨勢動能高息,11,0,11,華南永昌-竹北,2024-05-14,9339
1608,華榮,21,10,11,華南永昌-竹北,2024-05-14,9339
2392,正崴,11,0,11,華南永昌-竹北,2024-05-14,9339
00632R,元大台灣50反1,10,0,10,華南永昌-竹北,2024-05-14,9339
00942B,台新美A公司債20+,10,0,10,華南永昌-竹北,2024-05-14,9339
1701,中化,10,0,10,華南永昌-竹北,2024-05-14,9339
6182,合晶,10,0,10,華南永昌-竹北,2024-05-14,9339
5475,德宏,10,1,9,華南永昌-竹北,2024-05-14,9339
00932,兆豐永續高息等權,9,0,9,華南永昌-竹北,2024-05-14,9339
00918,大華優利高填息30,10,1,9,華南永昌-竹北,2024-05-14,9339
9906,欣巴巴,13,4,9,華南永昌-竹北,2024-05-14,9339
3231,緯創,10,2,8,華南永昌-竹北,2024-05-14,9339
2501,國建,8,0,8,華南永昌-竹北,2024-05-14,9339
00891,中信關鍵半導體,10,3,7,華南永昌-竹北,2024-05-14,9339
2367,燿華,328,97,231,華南永昌-竹北,2024-05-15,9339
00632R,元大台灣50反1,107,4,103,華南永昌-竹北,2024-05-15,9339
2834,臺企銀,100,1,99,華南永昌-竹北,2024-05-15,9339
2486,一詮,114,25,89,華南永昌-竹北,2024-05-15,9339
3024,憶聲,80,0,80,華南永昌-竹北,2024-05-15,9339
3689,湧德,123,52,71,華南永昌-竹北,2024-05-15,9339
2609,陽明,229,164,65,華南永昌-竹北,2024-05-15,9339
2603,長榮,56,0,56,華南永昌-竹北,2024-05-15,9339
00937B,群益ESG投等債20,56,0,56,華南永昌-竹北,2024-05-15,9339
00676R,富邦臺灣加權反1,100,45,55,華南永昌-竹北,2024-05-15,9339
5706,鳳凰,50,0,50,華南永昌-竹北,2024-05-15,9339
5371,中光電,56,7,49,華南永昌-竹北,2024-05-15,9339
00946,群益科技高息成長,52,10,42,華南永昌-竹北,2024-05-15,9339
9945,潤泰新,55,18,37,華南永昌-竹北,2024-05-15,9339
00929,復華台灣科技優息,62,29,33,華南永昌-竹北,2024-05-15,9339
2356,英業達,64,33,31,華南永昌-竹北,2024-05-15,9339
3363,上詮,73,42,31,華南永昌-竹北,2024-05-15,9339
2845,遠東銀,50,20,30,華南永昌-竹北,2024-05-15,9339
3481,群創,32,2,30,華南永昌-竹北,2024-05-15,9339
1612,宏泰,30,2,28,華南永昌-竹北,2024-05-15,9339
2618,長榮航,27,0,27,華南永昌-竹北,2024-05-15,9339
2301,光寶科,29,4,25,華南永昌-竹北,2024-05-15,9339
3047,訊舟,27,4,23,華南永昌-竹北,2024-05-15,9339
2617,台航,22,0,22,華南永昌-竹北,2024-05-15,9339
1529,樂事綠能,21,0,21,華南永昌-竹北,2024-05-15,9339
2359,所羅門,26,5,21,華南永昌-竹北,2024-05-15,9339
2547,日勝生,20,0,20,華南永昌-竹北,2024-05-15,9339
2743,山富,21,2,19,華南永昌-竹北,2024-05-15,9339
5609,中菲行,19,0,19,華南永昌-竹北,2024-05-15,9339
4533,協易機,60,41,19,華南永昌-竹北,2024-05-15,9339
00679B,元大美債20年,20,2,18,華南永昌-竹北,2024-05-15,9339
1101,台泥,21,3,18,華南永昌-竹北,2024-05-15,9339
2482,連宇,18,1,17,華南永昌-竹北,2024-05-15,9339
1519,華城,40,25,15,華南永昌-竹北,2024-05-15,9339
3587,閎康,15,1,14,華南永昌-竹北,2024-05-15,9339
00936,台新永續高息中小,14,0,14,華南永昌-竹北,2024-05-15,9339
00751B,元大AAA至A公司債,16,3,13,華南永昌-竹北,2024-05-15,9339
6223,旺矽,15,2,13,華南永昌-竹北,2024-05-15,9339
2465,麗臺,19,6,13,華南永昌-竹北,2024-05-15,9339
2520,冠德,13,0,13,華南永昌-竹北,2024-05-15,9339
6548,長科*,13,0,13,華南永昌-竹北,2024-05-15,9339
4714,永捷,12,0,12,華南永昌-竹北,2024-05-15,9339
3313,斐成,12,0,12,華南永昌-竹北,2024-05-15,9339
2002,中鋼,11,0,11,華南永昌-竹北,2024-05-15,9339
6806,森崴能源,11,0,11,華南永昌-竹北,2024-05-15,9339
00945B,凱基美國非投等債,11,0,11,華南永昌-竹北,2024-05-15,9339
00715L,期街口布蘭特正2,10,0,10,華南永昌-竹北,2024-05-15,9339
00648R,元大S＆P500反1,10,0,10,華南永昌-竹北,2024-05-15,9339
1506,正道,10,0,10,華南永昌-竹北,2024-05-15,9339
1734,杏輝,10,0,10,華南永昌-竹北,2024-05-15,9339
2367,燿華,566,22,544,華南永昌-竹北,2024-05-16,9339
6462,神盾,112,3,109,華南永昌-竹北,2024-05-16,9339
00927,群益半導體收益,63,1,62,華南永昌-竹北,2024-05-16,9339
2356,英業達,64,6,58,華南永昌-竹北,2024-05-16,9339
00941,中信上游半導體,70,17,53,華南永昌-竹北,2024-05-16,9339
5706,鳳凰,50,0,50,華南永昌-竹北,2024-05-16,9339
6197,佳必琪,47,0,47,華南永昌-竹北,2024-05-16,9339
00878,國泰永續高股息,57,11,46,華南永昌-竹北,2024-05-16,9339
3689,湧德,46,3,43,華南永昌-竹北,2024-05-16,9339
4545,銘鈺,41,0,41,華南永昌-竹北,2024-05-16,9339
2743,山富,40,0,40,華南永昌-竹北,2024-05-16,9339
4549,桓達,34,1,33,華南永昌-竹北,2024-05-16,9339
2359,所羅門,65,38,27,華南永昌-竹北,2024-05-16,9339
1591,駿吉-KY,57,30,27,華南永昌-竹北,2024-05-16,9339
2382,廣達,76,50,26,華南永昌-竹北,2024-05-16,9339
2748,雲品,28,4,24,華南永昌-竹北,2024-05-16,9339
2363,矽統,85,65,20,華南永昌-竹北,2024-05-16,9339
2634,漢翔,23,3,20,華南永昌-竹北,2024-05-16,9339
2406,國碩,20,0,20,華南永昌-竹北,2024-05-16,9339
6113,亞矽,20,0,20,華南永昌-竹北,2024-05-16,9339
3419,譁裕,20,0,20,華南永昌-竹北,2024-05-16,9339
1519,華城,41,22,19,華南永昌-竹北,2024-05-16,9339
6423,億而得-創,17,0,17,華南永昌-竹北,2024-05-16,9339
9945,潤泰新,33,17,16,華南永昌-竹北,2024-05-16,9339
2880,華南金,18,2,16,華南永昌-竹北,2024-05-16,9339
2903,遠百,17,1,16,華南永昌-竹北,2024-05-16,9339
00929,復華台灣科技優息,39,23,16,華南永昌-竹北,2024-05-16,9339
2514,龍邦,13,0,13,華南永昌-竹北,2024-05-16,9339
00937B,群益ESG投等債20,25,12,13,華南永昌-竹北,2024-05-16,9339
2317,鴻海,51,38,13,華南永昌-竹北,2024-05-16,9339
2301,光寶科,12,0,12,華南永昌-竹北,2024-05-16,9339
2331,精英,14,2,12,華南永昌-竹北,2024-05-16,9339
00924,復華S＆P500成長,11,0,11,華南永昌-竹北,2024-05-16,9339
00946,群益科技高息成長,11,0,11,華南永昌-竹北,2024-05-16,9339
2241,艾姆勒,34,23,11,華南永昌-竹北,2024-05-16,9339
3706,神達,11,0,11,華南永昌-竹北,2024-05-16,9339
00936,台新永續高息中小,11,1,10,華南永昌-竹北,2024-05-16,9339
2401,凌陽,44,34,10,華南永昌-竹北,2024-05-16,9339
2641,正德,10,0,10,華南永昌-竹北,2024-05-16,9339
3044,健鼎,17,7,10,華南永昌-竹北,2024-05-16,9339
3450,聯鈞,19,9,10,華南永昌-竹北,2024-05-16,9339
5609,中菲行,10,0,10,華南永昌-竹北,2024-05-16,9339
8111,立��,10,0,10,華南永昌-竹北,2024-05-16,9339
1609,大亞,10,0,10,華南永昌-竹北,2024-05-16,9339
2009,第一銅,27,17,10,華南永昌-竹北,2024-05-16,9339
2101,南港,12,3,9,華南永昌-竹北,2024-05-16,9339
1503,士電,18,9,9,華南永昌-竹北,2024-05-16,9339
00666R,富邦�琤肭磪齯�1,8,0,8,華南永昌-竹北,2024-05-16,9339
1532,勤美,10,2,8,華南永昌-竹北,2024-05-16,9339
1314,中石化,7,0,7,華南永昌-竹北,2024-05-16,9339
2363,矽統,463,230,233,華南永昌-竹北,2024-05-17,9339
00937B,群益ESG投等債20,130,1,129,華南永昌-竹北,2024-05-17,9339
4952,凌通,91,0,91,華南永昌-竹北,2024-05-17,9339
00929,復華台灣科技優息,95,18,77,華南永昌-竹北,2024-05-17,9339
2351,順德,70,0,70,華南永昌-竹北,2024-05-17,9339
00878,國泰永續高股息,71,4,67,華南永昌-竹北,2024-05-17,9339
2739,寒舍,62,2,60,華南永昌-竹北,2024-05-17,9339
1313,聯成,58,0,58,華南永昌-竹北,2024-05-17,9339
2731,雄獅,53,1,52,華南永昌-竹北,2024-05-17,9339
2606,裕民,47,0,47,華南永昌-竹北,2024-05-17,9339
2609,陽明,53,7,46,華南永昌-竹北,2024-05-17,9339
2743,山富,61,16,45,華南永昌-竹北,2024-05-17,9339
2867,三商壽,51,10,41,華南永昌-竹北,2024-05-17,9339
2338,光罩,40,0,40,華南永昌-竹北,2024-05-17,9339
4549,桓達,67,29,38,華南永昌-竹北,2024-05-17,9339
4162,智擎,34,0,34,華南永昌-竹北,2024-05-17,9339
2888,新光金,35,2,33,華南永昌-竹北,2024-05-17,9339
8089,康全電訊,40,8,32,華南永昌-竹北,2024-05-17,9339
2745,五福,30,0,30,華南永昌-竹北,2024-05-17,9339
3706,神達,30,0,30,華南永昌-竹北,2024-05-17,9339
3060,銘異,46,17,29,華南永昌-竹北,2024-05-17,9339
6423,億而得-創,27,0,27,華南永昌-竹北,2024-05-17,9339
8028,昇陽半導體,26,2,24,華南永昌-竹北,2024-05-17,9339
2317,鴻海,23,3,20,華南永昌-竹北,2024-05-17,9339
1718,中纖,20,1,19,華南永昌-竹北,2024-05-17,9339
6113,亞矽,18,0,18,華南永昌-竹北,2024-05-17,9339
3376,新日興,18,1,17,華南永昌-竹北,2024-05-17,9339
2392,正崴,18,4,14,華南永昌-竹北,2024-05-17,9339
2610,華航,25,11,14,華南永昌-竹北,2024-05-17,9339
1519,華城,38,25,13,華南永昌-竹北,2024-05-17,9339
2382,廣達,77,64,13,華南永昌-竹北,2024-05-17,9339
3313,斐成,12,0,12,華南永昌-竹北,2024-05-17,9339
1513,中興電,11,0,11,華南永昌-竹北,2024-05-17,9339
00924,復華S＆P500成長,10,0,10,華南永昌-竹北,2024-05-17,9339
2401,凌陽,25,15,10,華南永昌-竹北,2024-05-17,9339
2617,台航,10,0,10,華南永昌-竹北,2024-05-17,9339
2885,元大金,10,0,10,華南永昌-竹北,2024-05-17,9339
6196,帆宣,10,0,10,華南永昌-竹北,2024-05-17,9339
8071,能率網通,10,0,10,華南永昌-竹北,2024-05-17,9339
8358,金居,11,1,10,華南永昌-竹北,2024-05-17,9339
00679B,元大美債20年,10,0,10,華南永昌-竹北,2024-05-17,9339
6446,藥華藥,13,4,9,華南永昌-竹北,2024-05-17,9339
1314,中石化,10,1,9,華南永昌-竹北,2024-05-17,9339
3035,智原,10,1,9,華南永昌-竹北,2024-05-17,9339
6770,力積電,25,16,9,華南永昌-竹北,2024-05-17,9339
1453,大將,11,3,8,華南永昌-竹北,2024-05-17,9339
00795B,中信美國公債20年,7,0,7,華南永昌-竹北,2024-05-17,9339
2312,金寶,17,10,7,華南永昌-竹北,2024-05-17,9339
4979,華星光,7,0,7,華南永昌-竹北,2024-05-17,9339
6629,泰金-KY,7,0,7,華南永昌-竹北,2024-05-17,9339
2363,矽統,276,123,153,華南永昌-竹北,2024-05-20,9339
8110,華東,140,0,140,華南永昌-竹北,2024-05-20,9339
2801,彰銀,115,0,115,華南永昌-竹北,2024-05-20,9339
2359,所羅門,246,174,72,華南永昌-竹北,2024-05-20,9339
00929,復華台灣科技優息,73,16,57,華南永昌-竹北,2024-05-20,9339
1609,大亞,68,11,57,華南永昌-竹北,2024-05-20,9339
2406,國碩,60,4,56,華南永昌-竹北,2024-05-20,9339
2442,新美齊,85,31,54,華南永昌-竹北,2024-05-20,9339
3689,湧德,51,0,51,華南永昌-竹北,2024-05-20,9339
5381,合正,44,0,44,華南永昌-竹北,2024-05-20,9339
6706,惠特,39,0,39,華南永昌-竹北,2024-05-20,9339
6629,泰金-KY,34,0,34,華南永昌-竹北,2024-05-20,9339
2618,長榮航,91,58,33,華南永昌-竹北,2024-05-20,9339
5213,亞昕,31,0,31,華南永昌-竹北,2024-05-20,9339
2351,順德,30,0,30,華南永昌-竹北,2024-05-20,9339
00878,國泰永續高股息,29,0,29,華南永昌-竹北,2024-05-20,9339
4414,如興,30,3,27,華南永昌-竹北,2024-05-20,9339
6104,創惟,27,0,27,華南永昌-竹北,2024-05-20,9339
2605,新興,27,2,25,華南永昌-竹北,2024-05-20,9339
6207,雷科,25,0,25,華南永昌-竹北,2024-05-20,9339
6284,佳邦,30,6,24,華南永昌-竹北,2024-05-20,9339
00940,元大台灣價值高息,36,13,23,華南永昌-竹北,2024-05-20,9339
00885,富邦越南,24,2,22,華南永昌-竹北,2024-05-20,9339
2915,潤泰全,22,0,22,華南永昌-竹北,2024-05-20,9339
00937B,群益ESG投等債20,21,0,21,華南永昌-竹北,2024-05-20,9339
2317,鴻海,30,10,20,華南永昌-竹北,2024-05-20,9339
3483,力致,70,50,20,華南永昌-竹北,2024-05-20,9339
5351,鈺創,20,0,20,華南永昌-竹北,2024-05-20,9339
2101,南港,22,3,19,華南永昌-竹北,2024-05-20,9339
3376,新日興,19,1,18,華南永昌-竹北,2024-05-20,9339
6423,億而得-創,17,0,17,華南永昌-竹北,2024-05-20,9339
3706,神達,191,175,16,華南永昌-竹北,2024-05-20,9339
5508,永信建,16,0,16,華南永昌-竹北,2024-05-20,9339
00679B,元大美債20年,13,0,13,華南永昌-竹北,2024-05-20,9339
2231,為升,13,0,13,華南永昌-竹北,2024-05-20,9339
2515,中工,13,0,13,華南永昌-竹北,2024-05-20,9339
1514,亞力,40,27,13,華南永昌-竹北,2024-05-20,9339
2609,陽明,23,10,13,華南永昌-竹北,2024-05-20,9339
2330,台積電,13,0,13,華南永昌-竹北,2024-05-20,9339
3605,宏致,14,2,12,華南永昌-竹北,2024-05-20,9339
2465,麗臺,12,0,12,華南永昌-竹北,2024-05-20,9339
4549,桓達,11,0,11,華南永昌-竹北,2024-05-20,9339
6806,森崴能源,10,0,10,華南永昌-竹北,2024-05-20,9339
00753L,中信中國50正2,10,0,10,華南永昌-竹北,2024-05-20,9339
2331,精英,20,10,10,華南永昌-竹北,2024-05-20,9339
2409,友達,10,0,10,華南永昌-竹北,2024-05-20,9339
2542,興富發,10,0,10,華南永昌-竹北,2024-05-20,9339
3703,欣陸,13,3,10,華南永昌-竹北,2024-05-20,9339
6446,藥華藥,13,3,10,華南永昌-竹北,2024-05-20,9339
2905,三商,10,1,9,華南永昌-竹北,2024-05-20,9339
2312,金寶,222,1,221,華南永昌-竹北,2024-05-21,9339
00635U,期元大S＆P黃金,172,2,170,華南永昌-竹北,2024-05-21,9339
4533,協易機,126,20,106,華南永昌-竹北,2024-05-21,9339
8028,昇陽半導體,108,5,103,華南永昌-竹北,2024-05-21,9339
5371,中光電,119,19,100,華南永昌-竹北,2024-05-21,9339
6188,廣明,142,48,94,華南永昌-竹北,2024-05-21,9339
3706,神達,232,143,89,華南永昌-竹北,2024-05-21,9339
00929,復華台灣科技優息,98,16,82,華南永昌-竹北,2024-05-21,9339
2382,廣達,80,3,77,華南永昌-竹北,2024-05-21,9339
2609,陽明,77,2,75,華南永昌-竹北,2024-05-21,9339
1304,台聚,65,0,65,華南永昌-竹北,2024-05-21,9339
2356,英業達,52,6,46,華南永昌-竹北,2024-05-21,9339
3689,湧德,71,30,41,華南永昌-竹北,2024-05-21,9339
4714,永捷,40,0,40,華南永昌-竹北,2024-05-21,9339
2634,漢翔,41,2,39,華南永昌-竹北,2024-05-21,9339
6248,沛波,30,0,30,華南永昌-竹北,2024-05-21,9339
6125,廣運,32,2,30,華南永昌-竹北,2024-05-21,9339
6629,泰金-KY,29,0,29,華南永昌-竹北,2024-05-21,9339
3305,昇貿,31,4,27,華南永昌-竹北,2024-05-21,9339
2845,遠東銀,25,0,25,華南永昌-竹北,2024-05-21,9339
00937B,群益ESG投等債20,23,0,23,華南永昌-竹北,2024-05-21,9339
2359,所羅門,104,81,23,華南永昌-竹北,2024-05-21,9339
1752,南光,24,2,22,華南永昌-竹北,2024-05-21,9339
6113,亞矽,25,3,22,華南永昌-竹北,2024-05-21,9339
8033,雷虎,22,0,22,華南永昌-竹北,2024-05-21,9339
3583,辛耘,21,0,21,華南永昌-竹北,2024-05-21,9339
2603,長榮,22,4,18,華南永昌-竹北,2024-05-21,9339
1587,吉茂,22,5,17,華南永昌-竹北,2024-05-21,9339
2317,鴻海,34,18,16,華南永昌-竹北,2024-05-21,9339
2486,一詮,27,11,16,華南永昌-竹北,2024-05-21,9339
5426,振發,35,19,16,華南永昌-竹北,2024-05-21,9339
5213,亞昕,16,0,16,華南永昌-竹北,2024-05-21,9339
2890,永豐金,15,0,15,華南永昌-竹北,2024-05-21,9339
00715L,期街口布蘭特正2,15,0,15,華南永昌-竹北,2024-05-21,9339
2615,萬海,15,0,15,華南永昌-竹北,2024-05-21,9339
3013,晟銘電,23,8,15,華南永昌-竹北,2024-05-21,9339
3454,晶睿,15,0,15,華南永昌-竹北,2024-05-21,9339
6515,穎崴,14,0,14,華南永昌-竹北,2024-05-21,9339
00944,野村趨勢動能高息,14,0,14,華南永昌-竹北,2024-05-21,9339
1815,富喬,65,51,14,華南永昌-竹北,2024-05-21,9339
6197,佳必琪,14,0,14,華南永昌-竹北,2024-05-21,9339
1513,中興電,14,1,13,華南永昌-竹北,2024-05-21,9339
00919,群益台灣精選高息,15,3,12,華南永昌-竹北,2024-05-21,9339
3313,斐成,13,1,12,華南永昌-竹北,2024-05-21,9339
6284,佳邦,25,13,12,華南永昌-竹北,2024-05-21,9339
6706,惠特,14,3,11,華南永昌-竹北,2024-05-21,9339
1519,華城,21,10,11,華南永昌-竹北,2024-05-21,9339
1795,美時,10,0,10,華南永昌-竹北,2024-05-21,9339
3702,大聯大,16,6,10,華南永昌-竹北,2024-05-21,9339
2022,聚亨,10,0,10,華南永昌-竹北,2024-05-21,9339
6609,瀧澤科,122,0,122,華南永昌-竹北,2024-05-22,9339
2417,圓剛,140,19,121,華南永昌-竹北,2024-05-22,9339
00680L,元大美債20正2,100,0,100,華南永昌-竹北,2024-05-22,9339
2374,佳能,160,84,76,華南永昌-竹北,2024-05-22,9339
4533,協易機,134,80,54,華南永昌-竹北,2024-05-22,9339
5426,振發,60,6,54,華南永昌-竹北,2024-05-22,9339
2867,三商壽,53,0,53,華南永昌-竹北,2024-05-22,9339
5392,能率,79,28,51,華南永昌-竹北,2024-05-22,9339
2845,遠東銀,50,0,50,華南永昌-竹北,2024-05-22,9339
6143,振曜,50,0,50,華南永昌-竹北,2024-05-22,9339
1516,川飛,51,1,50,華南永昌-竹北,2024-05-22,9339
2489,瑞軒,50,5,45,華南永昌-竹北,2024-05-22,9339
1612,宏泰,48,4,44,華南永昌-竹北,2024-05-22,9339
3363,上詮,98,58,40,華南永昌-竹北,2024-05-22,9339
1524,耿鼎,35,0,35,華南永昌-竹北,2024-05-22,9339
00937B,群益ESG投等債20,33,0,33,華南永昌-竹北,2024-05-22,9339
2365,昆盈,84,51,33,華南永昌-竹北,2024-05-22,9339
6125,廣運,49,19,30,華南永昌-竹北,2024-05-22,9339
00795B,中信美國公債20年,30,0,30,華南永昌-竹北,2024-05-22,9339
8064,東捷,51,22,29,華南永昌-竹北,2024-05-22,9339
00676R,富邦臺灣加權反1,26,0,26,華南永昌-竹北,2024-05-22,9339
1616,億泰,24,2,22,華南永昌-竹北,2024-05-22,9339
00665L,富邦�琤肭磪囓�2,20,0,20,華南永昌-竹北,2024-05-22,9339
00715L,期街口布蘭特正2,20,0,20,華南永昌-竹北,2024-05-22,9339
00929,復華台灣科技優息,94,74,20,華南永昌-竹北,2024-05-22,9339
2511,太子,20,0,20,華南永昌-竹北,2024-05-22,9339
8210,勤誠,22,3,19,華南永昌-竹北,2024-05-22,9339
00941,中信上游半導體,21,3,18,華南永昌-竹北,2024-05-22,9339
2354,鴻準,21,3,18,華南永昌-竹北,2024-05-22,9339
3498,陽程,19,2,17,華南永昌-竹北,2024-05-22,9339
1608,華榮,20,3,17,華南永昌-竹北,2024-05-22,9339
4908,前鼎,17,0,17,華南永昌-竹北,2024-05-22,9339
1815,富喬,274,257,17,華南永昌-竹北,2024-05-22,9339
2009,第一銅,42,27,15,華南永昌-竹北,2024-05-22,9339
3035,智原,15,0,15,華南永昌-竹北,2024-05-22,9339
5230,雷笛克光學,15,0,15,華南永昌-竹北,2024-05-22,9339
00943,兆豐電子高息等權,18,4,14,華南永昌-竹北,2024-05-22,9339
00918,大華優利高填息30,14,0,14,華南永昌-竹北,2024-05-22,9339
1522,堤維西,16,2,14,華南永昌-竹北,2024-05-22,9339
2337,旺宏,15,1,14,華南永昌-竹北,2024-05-22,9339
3025,星通,14,0,14,華南永昌-竹北,2024-05-22,9339
2206,三陽工業,13,0,13,華南永昌-竹北,2024-05-22,9339
6213,聯茂,25,13,12,華南永昌-竹北,2024-05-22,9339
00946,群益科技高息成長,12,0,12,華南永昌-竹北,2024-05-22,9339
2467,志聖,16,4,12,華南永昌-竹北,2024-05-22,9339
2464,盟立,71,59,12,華南永昌-竹北,2024-05-22,9339
9955,佳龍,11,0,11,華南永昌-竹北,2024-05-22,9339
1101,台泥,211,200,11,華南永昌-竹北,2024-05-22,9339
2851,中再保,11,0,11,華南永昌-竹北,2024-05-22,9339
3450,聯鈞,28,17,11,華南永昌-竹北,2024-05-22,9339
4123,晟德,201,2,199,華南永昌-竹北,2024-05-23,9339
3024,憶聲,125,0,125,華南永昌-竹北,2024-05-23,9339
00940,元大台灣價值高息,108,30,78,華南永昌-竹北,2024-05-23,9339
2313,華通,166,88,78,華南永昌-竹北,2024-05-23,9339
00946,群益科技高息成長,55,1,54,華南永昌-竹北,2024-05-23,9339
2845,遠東銀,53,0,53,華南永昌-竹北,2024-05-23,9339
3481,群創,55,2,53,華南永昌-竹北,2024-05-23,9339
2401,凌陽,51,0,51,華南永昌-竹北,2024-05-23,9339
3689,湧德,51,1,50,華南永昌-竹北,2024-05-23,9339
00637L,元大滬深300正2,55,10,45,華南永昌-竹北,2024-05-23,9339
2417,圓剛,180,143,37,華南永昌-竹北,2024-05-23,9339
3583,辛耘,38,1,37,華南永昌-竹北,2024-05-23,9339
2356,英業達,35,0,35,華南永昌-竹北,2024-05-23,9339
4533,協易機,78,47,31,華南永昌-竹北,2024-05-23,9339
2324,仁寶,34,6,28,華南永昌-竹北,2024-05-23,9339
1304,台聚,26,0,26,華南永昌-竹北,2024-05-23,9339
2101,南港,27,1,26,華南永昌-竹北,2024-05-23,9339
2250,IKKA-KY,26,2,24,華南永昌-竹北,2024-05-23,9339
2337,旺宏,26,5,21,華南永昌-竹北,2024-05-23,9339
2363,矽統,83,63,20,華南永昌-竹北,2024-05-23,9339
6248,沛波,20,0,20,華南永昌-竹北,2024-05-23,9339
2354,鴻準,57,37,20,華南永昌-竹北,2024-05-23,9339
8150,南茂,17,0,17,華南永昌-竹北,2024-05-23,9339
6197,佳必琪,72,56,16,華南永昌-竹北,2024-05-23,9339
1608,華榮,15,0,15,華南永昌-竹北,2024-05-23,9339
8096,擎亞,16,2,14,華南永昌-竹北,2024-05-23,9339
2206,三陽工業,13,0,13,華南永昌-竹北,2024-05-23,9339
00715L,期街口布蘭特正2,13,0,13,華南永昌-竹北,2024-05-23,9339
4162,智擎,13,0,13,華南永昌-竹北,2024-05-23,9339
5009,榮剛,19,6,13,華南永昌-竹北,2024-05-23,9339
6147,頎邦,14,2,12,華南永昌-竹北,2024-05-23,9339
6274,台燿,14,2,12,華南永昌-竹北,2024-05-23,9339
3231,緯創,15,3,12,華南永昌-竹北,2024-05-23,9339
6230,尼得科超眾,28,16,12,華南永昌-竹北,2024-05-23,9339
6719,力智,13,1,12,華南永昌-竹北,2024-05-23,9339
4967,十銓,26,15,11,華南永昌-竹北,2024-05-23,9339
8358,金居,11,0,11,華南永昌-竹北,2024-05-23,9339
2002,中鋼,11,0,11,華南永昌-竹北,2024-05-23,9339
00944,野村趨勢動能高息,10,0,10,華南永昌-竹北,2024-05-23,9339
00708L,期元大S＆P黃金正2,10,0,10,華南永昌-竹北,2024-05-23,9339
2344,華邦電,10,0,10,華南永昌-竹北,2024-05-23,9339
2547,日勝生,10,0,10,華南永昌-竹北,2024-05-23,9339
3548,兆利,10,0,10,華南永昌-竹北,2024-05-23,9339
8050,廣積,10,0,10,華南永昌-竹北,2024-05-23,9339
00882,中信中國高股息,12,2,10,華南永昌-竹北,2024-05-23,9339
5508,永信建,9,0,9,華南永昌-竹北,2024-05-23,9339
6806,森崴能源,9,0,9,華南永昌-竹北,2024-05-23,9339
00665L,富邦�琤肭磪囓�2,10,1,9,華南永昌-竹北,2024-05-23,9339
2464,盟立,66,58,8,華南永昌-竹北,2024-05-23,9339
00937B,群益ESG投等債20,8,0,8,華南永昌-竹北,2024-05-23,9339
3033,威健,189,20,169,華南永昌-竹北,2024-05-24,9339
00637L,元大滬深300正2,110,0,110,華南永昌-竹北,2024-05-24,9339
5426,振發,110,8,102,華南永昌-竹北,2024-05-24,9339
2405,輔信,100,0,100,華南永昌-竹北,2024-05-24,9339
6125,廣運,112,43,69,華南永昌-竹北,2024-05-24,9339
6275,元山,64,1,63,華南永昌-竹北,2024-05-24,9339
2406,國碩,62,0,62,華南永昌-竹北,2024-05-24,9339
00946,群益科技高息成長,56,0,56,華南永昌-竹北,2024-05-24,9339
00878,國泰永續高股息,58,2,56,華南永昌-竹北,2024-05-24,9339
1303,南亞,60,9,51,華南永昌-竹北,2024-05-24,9339
2897,王道銀行,50,0,50,華南永昌-竹北,2024-05-24,9339
5371,中光電,64,17,47,華南永昌-竹北,2024-05-24,9339
2365,昆盈,262,216,46,華南永昌-竹北,2024-05-24,9339
6284,佳邦,50,4,46,華南永昌-竹北,2024-05-24,9339
00715L,期街口布蘭特正2,40,0,40,華南永昌-竹北,2024-05-24,9339
00929,復華台灣科技優息,40,1,39,華南永昌-竹北,2024-05-24,9339
8110,華東,35,0,35,華南永昌-竹北,2024-05-24,9339
4549,桓達,31,1,30,華南永昌-竹北,2024-05-24,9339
00937B,群益ESG投等債20,39,10,29,華南永昌-竹北,2024-05-24,9339
6177,達麗,32,6,26,華南永昌-竹北,2024-05-24,9339
1785,光洋科,27,1,26,華南永昌-竹北,2024-05-24,9339
1514,亞力,41,16,25,華南永昌-竹北,2024-05-24,9339
3689,湧德,41,20,21,華南永昌-竹北,2024-05-24,9339
4533,協易機,69,48,21,華南永昌-竹北,2024-05-24,9339
3380,明泰,25,5,20,華南永昌-竹北,2024-05-24,9339
2890,永豐金,21,5,16,華南永昌-竹北,2024-05-24,9339
3481,群創,15,0,15,華南永昌-竹北,2024-05-24,9339
6175,立敦,15,0,15,華南永昌-竹北,2024-05-24,9339
6248,沛波,15,0,15,華南永昌-竹北,2024-05-24,9339
3062,建漢,17,2,15,華南永昌-竹北,2024-05-24,9339
00632R,元大台灣50反1,13,0,13,華南永昌-竹北,2024-05-24,9339
5009,榮剛,12,0,12,華南永昌-竹北,2024-05-24,9339
3363,上詮,21,9,12,華南永昌-竹北,2024-05-24,9339
8028,昇陽半導體,20,9,11,華南永昌-竹北,2024-05-24,9339
3691,碩禾,13,2,11,華南永昌-竹北,2024-05-24,9339
1516,川飛,10,0,10,華南永昌-竹北,2024-05-24,9339
00664R,國泰臺灣加權反1,10,0,10,華南永昌-竹北,2024-05-24,9339
00935,野村臺灣新科技50,10,0,10,華南永昌-竹北,2024-05-24,9339
2888,新光金,10,0,10,華南永昌-竹北,2024-05-24,9339
3078,僑威,10,0,10,華南永昌-竹北,2024-05-24,9339
3226,至寶電,10,0,10,華南永昌-竹北,2024-05-24,9339
6117,迎廣,23,13,10,華南永昌-竹北,2024-05-24,9339
6173,信昌電,10,0,10,華南永昌-竹北,2024-05-24,9339
2540,愛山林,13,3,10,華南永昌-竹北,2024-05-24,9339
00752,中信中國50,9,0,9,華南永昌-竹北,2024-05-24,9339
00712,復華富時不動產,8,0,8,華南永昌-竹北,2024-05-24,9339
2002,中鋼,9,1,8,華南永昌-竹北,2024-05-24,9339
2337,旺宏,8,0,8,華南永昌-竹北,2024-05-24,9339
3416,融程電,8,0,8,華南永昌-竹北,2024-05-24,9339
4906,正文,8,0,8,華南永昌-竹北,2024-05-24,9339
2363,矽統,419,200,219,華南永昌-竹北,2024-05-27,9339
4562,穎漢,143,4,139,華南永昌-竹北,2024-05-27,9339
5426,振發,146,9,137,華南永昌-竹北,2024-05-27,9339
6806,森崴能源,121,0,121,華南永昌-竹北,2024-05-27,9339
2615,萬海,129,10,119,華南永昌-竹北,2024-05-27,9339
2618,長榮航,119,0,119,華南永昌-竹北,2024-05-27,9339
4906,正文,94,2,92,華南永昌-竹北,2024-05-27,9339
3689,湧德,82,1,81,華南永昌-竹北,2024-05-27,9339
3033,威健,83,7,76,華南永昌-竹北,2024-05-27,9339
4533,協易機,127,58,69,華南永昌-竹北,2024-05-27,9339
2603,長榮,78,10,68,華南永昌-竹北,2024-05-27,9339
5371,中光電,134,74,60,華南永昌-竹北,2024-05-27,9339
6922,宸曜,47,0,47,華南永昌-竹北,2024-05-27,9339
4549,桓達,47,1,46,華南永昌-竹北,2024-05-27,9339
00937B,群益ESG投等債20,40,0,40,華南永昌-竹北,2024-05-27,9339
1516,川飛,51,16,35,華南永昌-竹北,2024-05-27,9339
2486,一詮,53,19,34,華南永昌-竹北,2024-05-27,9339
2609,陽明,72,39,33,華南永昌-竹北,2024-05-27,9339
1303,南亞,31,0,31,華南永昌-竹北,2024-05-27,9339
5483,中美晶,25,2,23,華南永昌-竹北,2024-05-27,9339
2317,鴻海,60,38,22,華南永昌-竹北,2024-05-27,9339
6239,力成,20,0,20,華南永昌-竹北,2024-05-27,9339
3481,群創,28,8,20,華南永昌-竹北,2024-05-27,9339
1563,巧新,20,0,20,華南永昌-竹北,2024-05-27,9339
00946,群益科技高息成長,122,105,17,華南永昌-竹北,2024-05-27,9339
2009,第一銅,17,0,17,華南永昌-竹北,2024-05-27,9339
8054,安國,19,2,17,華南永昌-竹北,2024-05-27,9339
2367,燿華,37,21,16,華南永昌-竹北,2024-05-27,9339
2101,南港,22,7,15,華南永昌-竹北,2024-05-27,9339
3035,智原,17,2,15,華南永昌-竹北,2024-05-27,9339
6113,亞矽,15,0,15,華南永昌-竹北,2024-05-27,9339
9958,世紀鋼,15,0,15,華南永昌-竹北,2024-05-27,9339
1815,富喬,43,29,14,華南永昌-竹北,2024-05-27,9339
3406,玉晶光,13,0,13,華南永昌-竹北,2024-05-27,9339
00637L,元大滬深300正2,12,0,12,華南永昌-竹北,2024-05-27,9339
3583,辛耘,14,2,12,華南永昌-竹北,2024-05-27,9339
6271,同欣電,15,3,12,華南永昌-竹北,2024-05-27,9339
3055,蔚華科,27,15,12,華南永昌-竹北,2024-05-27,9339
1301,台塑,11,0,11,華南永昌-竹北,2024-05-27,9339
00687B,國泰20年美債,11,0,11,華南永昌-竹北,2024-05-27,9339
2867,三商壽,13,2,11,華南永昌-竹北,2024-05-27,9339
3313,斐成,20,9,11,華南永昌-竹北,2024-05-27,9339
3545,敦泰,15,4,11,華南永昌-竹北,2024-05-27,9339
6244,茂迪,11,0,11,華南永昌-竹北,2024-05-27,9339
6231,系微,13,2,11,華南永昌-竹北,2024-05-27,9339
2834,臺企銀,10,0,10,華南永昌-竹北,2024-05-27,9339
3202,樺晟,12,2,10,華南永昌-竹北,2024-05-27,9339
9945,潤泰新,21,11,10,華南永昌-竹北,2024-05-27,9339
2392,正崴,32,23,9,華南永昌-竹北,2024-05-27,9339
2884,玉山金,9,0,9,華南永昌-竹北,2024-05-27,9339
5302,太欣,130,0,130,華南永昌-竹北,2024-05-28,9339
2888,新光金,120,0,120,華南永昌-竹北,2024-05-28,9339
1563,巧新,110,0,110,華南永昌-竹北,2024-05-28,9339
3312,弘憶股,100,0,100,華南永昌-竹北,2024-05-28,9339
8438,昶昕,100,0,100,華南永昌-竹北,2024-05-28,9339
2313,華通,91,2,89,華南永昌-竹北,2024-05-28,9339
6113,亞矽,85,0,85,華南永昌-竹北,2024-05-28,9339
6213,聯茂,81,6,75,華南永昌-竹北,2024-05-28,9339
2382,廣達,71,0,71,華南永昌-竹北,2024-05-28,9339
2891,中信金,63,0,63,華南永昌-竹北,2024-05-28,9339
00946,群益科技高息成長,62,0,62,華南永昌-竹北,2024-05-28,9339
2743,山富,60,3,57,華南永昌-竹北,2024-05-28,9339
4906,正文,61,8,53,華南永昌-竹北,2024-05-28,9339
6197,佳必琪,51,0,51,華南永昌-竹北,2024-05-28,9339
2731,雄獅,122,72,50,華南永昌-竹北,2024-05-28,9339
00878,國泰永續高股息,58,9,49,華南永昌-竹北,2024-05-28,9339
00940,元大台灣價值高息,73,27,46,華南永昌-竹北,2024-05-28,9339
00937B,群益ESG投等債20,41,0,41,華南永昌-竹北,2024-05-28,9339
2301,光寶科,48,8,40,華南永昌-竹北,2024-05-28,9339
6462,神盾,35,0,35,華南永昌-竹北,2024-05-28,9339
2603,長榮,45,11,34,華南永昌-竹北,2024-05-28,9339
2515,中工,36,3,33,華南永昌-竹北,2024-05-28,9339
4576,大銀微系統,30,0,30,華南永昌-竹北,2024-05-28,9339
5213,亞昕,30,0,30,華南永昌-竹北,2024-05-28,9339
6188,廣明,76,49,27,華南永昌-竹北,2024-05-28,9339
6922,宸曜,26,0,26,華南永昌-竹北,2024-05-28,9339
2465,麗臺,27,2,25,華南永昌-竹北,2024-05-28,9339
8933,愛地雅,25,0,25,華南永昌-竹北,2024-05-28,9339
3454,晶睿,24,0,24,華南永昌-竹北,2024-05-28,9339
2317,鴻海,25,2,23,華南永昌-竹北,2024-05-28,9339
2367,燿華,23,1,22,華南永昌-竹北,2024-05-28,9339
2201,裕隆,24,2,22,華南永昌-竹北,2024-05-28,9339
2353,宏��,161,139,22,華南永昌-竹北,2024-05-28,9339
2250,IKKA-KY,24,3,21,華南永昌-竹北,2024-05-28,9339
00941,中信上游半導體,30,10,20,華南永昌-竹北,2024-05-28,9339
3362,先進光,20,0,20,華南永昌-竹北,2024-05-28,9339
3703,欣陸,20,0,20,華南永昌-竹北,2024-05-28,9339
6806,森崴能源,27,8,19,華南永昌-竹北,2024-05-28,9339
3047,訊舟,199,180,19,華南永昌-竹北,2024-05-28,9339
00679B,元大美債20年,19,1,18,華南永昌-竹北,2024-05-28,9339
2641,正德,28,10,18,華南永昌-竹北,2024-05-28,9339
3376,新日興,18,0,18,華南永昌-竹北,2024-05-28,9339
2303,聯電,25,7,18,華南永昌-竹北,2024-05-28,9339
8996,高力,17,0,17,華南永昌-竹北,2024-05-28,9339
00687B,國泰20年美債,17,1,16,華南永昌-竹北,2024-05-28,9339
6168,宏齊,19,4,15,華南永昌-竹北,2024-05-28,9339
6223,旺矽,15,0,15,華南永昌-竹北,2024-05-28,9339
6451,訊芯-KY,15,0,15,華南永昌-竹北,2024-05-28,9339
2867,三商壽,15,0,15,華南永昌-竹北,2024-05-28,9339
4543,萬在,18,4,14,華南永昌-竹北,2024-05-28,9339
00937B,群益ESG投等債20,250,1,249,華南永昌-竹北,2024-05-29,9339
2312,金寶,202,1,201,華南永昌-竹北,2024-05-29,9339
3312,弘憶股,200,1,199,華南永昌-竹北,2024-05-29,9339
2603,長榮,261,70,191,華南永昌-竹北,2024-05-29,9339
2353,宏��,532,368,164,華南永昌-竹北,2024-05-29,9339
00946,群益科技高息成長,161,0,161,華南永昌-竹北,2024-05-29,9339
6462,神盾,123,6,117,華南永昌-竹北,2024-05-29,9339
00878,國泰永續高股息,117,3,114,華南永昌-竹北,2024-05-29,9339
2888,新光金,133,20,113,華南永昌-竹北,2024-05-29,9339
00940,元大台灣價值高息,156,49,107,華南永昌-竹北,2024-05-29,9339
6770,力積電,100,11,89,華南永昌-竹北,2024-05-29,9339
2301,光寶科,115,30,85,華南永昌-竹北,2024-05-29,9339
3231,緯創,69,10,59,華南永昌-竹北,2024-05-29,9339
6197,佳必琪,151,92,59,華南永昌-竹北,2024-05-29,9339
6117,迎廣,68,16,52,華南永昌-竹北,2024-05-29,9339
2377,微星,52,0,52,華南永昌-竹北,2024-05-29,9339
1563,巧新,51,0,51,華南永昌-竹北,2024-05-29,9339
8438,昶昕,50,0,50,華南永昌-竹北,2024-05-29,9339
3037,欣興,92,42,50,華南永昌-竹北,2024-05-29,9339
5426,振發,50,0,50,華南永昌-竹北,2024-05-29,9339
5371,中光電,88,47,41,華南永昌-竹北,2024-05-29,9339
2515,中工,40,1,39,華南永昌-竹北,2024-05-29,9339
00679B,元大美債20年,41,2,39,華南永昌-竹北,2024-05-29,9339
2328,廣宇,47,11,36,華南永昌-竹北,2024-05-29,9339
3552,同致,35,0,35,華南永昌-竹北,2024-05-29,9339
5351,鈺創,35,1,34,華南永昌-竹北,2024-05-29,9339
6411,晶焱,34,0,34,華南永昌-竹北,2024-05-29,9339
00725B,國泰投資級公司債,32,0,32,華南永昌-竹北,2024-05-29,9339
00665L,富邦�琤肭磪囓�2,34,3,31,華南永昌-竹北,2024-05-29,9339
2743,山富,30,0,30,華南永昌-竹北,2024-05-29,9339
5302,太欣,30,0,30,華南永昌-竹北,2024-05-29,9339
3481,群創,35,7,28,華南永昌-竹北,2024-05-29,9339
2412,中華電,146,120,26,華南永昌-竹北,2024-05-29,9339
2317,鴻海,31,5,26,華南永昌-竹北,2024-05-29,9339
2382,廣達,34,12,22,華南永昌-竹北,2024-05-29,9339
3689,湧德,28,6,22,華南永昌-竹北,2024-05-29,9339
6806,森崴能源,22,0,22,華南永昌-竹北,2024-05-29,9339
3035,智原,42,21,21,華南永昌-竹北,2024-05-29,9339
00687B,國泰20年美債,21,0,21,華南永昌-竹北,2024-05-29,9339
2354,鴻準,48,29,19,華南永昌-竹北,2024-05-29,9339
5608,四維航,83,66,17,華南永昌-竹北,2024-05-29,9339
6207,雷科,37,21,16,華南永昌-竹北,2024-05-29,9339
5213,亞昕,16,0,16,華南永昌-竹北,2024-05-29,9339
3260,威剛,41,25,16,華南永昌-竹北,2024-05-29,9339
2009,第一銅,15,0,15,華南永昌-竹北,2024-05-29,9339
2250,IKKA-KY,18,3,15,華南永昌-竹北,2024-05-29,9339
00795B,中信美國公債20年,14,0,14,華南永昌-竹北,2024-05-29,9339
2101,南港,13,0,13,華南永昌-竹北,2024-05-29,9339
6269,台郡,14,1,13,華南永昌-竹北,2024-05-29,9339
00942B,台新美A公司債20+,13,0,13,華南永昌-竹北,2024-05-29,9339
00937B,群益ESG投等債20,3150,1,3149,華南永昌-竹北,2024-05-30,9339
6125,廣運,186,80,106,華南永昌-竹北,2024-05-30,9339
00637L,元大滬深300正2,100,0,100,華南永昌-竹北,2024-05-30,9339
00632R,元大台灣50反1,110,12,98,華南永昌-竹北,2024-05-30,9339
00679B,元大美債20年,94,2,92,華南永昌-竹北,2024-05-30,9339
3055,蔚華科,111,23,88,華南永昌-竹北,2024-05-30,9339
2353,宏��,88,6,82,華南永昌-竹北,2024-05-30,9339
00940,元大台灣價值高息,73,1,72,華南永昌-竹北,2024-05-30,9339
2888,新光金,80,11,69,華南永昌-竹北,2024-05-30,9339
00665L,富邦�琤肭磪囓�2,70,10,60,華南永昌-竹北,2024-05-30,9339
2882,國泰金,52,0,52,華南永昌-竹北,2024-05-30,9339
5371,中光電,57,5,52,華南永昌-竹北,2024-05-30,9339
2887,台新金,47,0,47,華南永昌-竹北,2024-05-30,9339
2349,錸德,32,0,32,華南永昌-竹北,2024-05-30,9339
00929,復華台灣科技優息,31,1,30,華南永昌-竹北,2024-05-30,9339
1784,訊聯,30,0,30,華南永昌-竹北,2024-05-30,9339
2317,鴻海,32,3,29,華南永昌-竹北,2024-05-30,9339
1101,台泥,32,3,29,華南永昌-竹北,2024-05-30,9339
2344,華邦電,31,4,27,華南永昌-竹北,2024-05-30,9339
00939,統一台灣高息動能,31,5,26,華南永昌-竹北,2024-05-30,9339
2250,IKKA-KY,25,0,25,華南永昌-竹北,2024-05-30,9339
2489,瑞軒,95,71,24,華南永昌-竹北,2024-05-30,9339
00878,國泰永續高股息,33,9,24,華南永昌-竹北,2024-05-30,9339
2301,光寶科,24,1,23,華南永昌-竹北,2024-05-30,9339
2405,輔信,28,5,23,華南永昌-竹北,2024-05-30,9339
2313,華通,22,0,22,華南永昌-竹北,2024-05-30,9339
00687B,國泰20年美債,21,0,21,華南永昌-竹北,2024-05-30,9339
5302,太欣,21,0,21,華南永昌-竹北,2024-05-30,9339
2867,三商壽,20,0,20,華南永昌-竹北,2024-05-30,9339
3202,樺晟,20,0,20,華南永昌-竹北,2024-05-30,9339
4571,鈞興-KY,20,0,20,華南永昌-竹北,2024-05-30,9339
2330,台積電,24,5,19,華南永昌-竹北,2024-05-30,9339
1506,正道,18,0,18,華南永昌-竹北,2024-05-30,9339
5880,合庫金,17,0,17,華南永昌-竹北,2024-05-30,9339
2891,中信金,17,0,17,華南永昌-竹北,2024-05-30,9339
2883,凱基金,16,0,16,華南永昌-竹北,2024-05-30,9339
6806,森崴能源,16,0,16,華南永昌-竹北,2024-05-30,9339
1514,亞力,35,20,15,華南永昌-竹北,2024-05-30,9339
1303,南亞,15,1,14,華南永昌-竹北,2024-05-30,9339
6244,茂迪,15,1,14,華南永昌-竹北,2024-05-30,9339
00712,復華富時不動產,13,0,13,華南永昌-竹北,2024-05-30,9339
4533,協易機,23,11,12,華南永昌-竹北,2024-05-30,9339
3362,先進光,72,60,12,華南永昌-竹北,2024-05-30,9339
2465,麗臺,26,14,12,華南永昌-竹北,2024-05-30,9339
2367,燿華,13,2,11,華南永昌-竹北,2024-05-30,9339
3376,新日興,14,3,11,華南永昌-竹北,2024-05-30,9339
00933B,國泰10Y+金融債,11,0,11,華南永昌-竹北,2024-05-30,9339
6486,互動,11,0,11,華南永昌-竹北,2024-05-30,9339
2337,旺宏,10,0,10,華南永昌-竹北,2024-05-30,9339
2886,兆豐金,11,1,10,華南永昌-竹北,2024-05-30,9339
00637L,元大滬深300正2,150,0,150,華南永昌-竹北,2024-05-31,9339
3033,威健,127,5,122,華南永昌-竹北,2024-05-31,9339
00687B,國泰20年美債,102,1,101,華南永昌-竹北,2024-05-31,9339
2363,矽統,152,90,62,華南永昌-竹北,2024-05-31,9339
00929,復華台灣科技優息,68,15,53,華南永昌-竹北,2024-05-31,9339
6462,神盾,55,5,50,華南永昌-竹北,2024-05-31,9339
2344,華邦電,47,0,47,華南永昌-竹北,2024-05-31,9339
5371,中光電,91,54,37,華南永昌-竹北,2024-05-31,9339
00946,群益科技高息成長,36,0,36,華南永昌-竹北,2024-05-31,9339
2317,鴻海,36,3,33,華南永昌-竹北,2024-05-31,9339
2354,鴻準,111,80,31,華南永昌-竹北,2024-05-31,9339
00715L,期街口布蘭特正2,40,10,30,華南永昌-竹北,2024-05-31,9339
2845,遠東銀,30,0,30,華南永昌-竹北,2024-05-31,9339
00919,群益台灣精選高息,32,2,30,華南永昌-竹北,2024-05-31,9339
2867,三商壽,27,0,27,華南永昌-竹北,2024-05-31,9339
1536,和大,24,0,24,華南永昌-竹北,2024-05-31,9339
2888,新光金,33,11,22,華南永昌-竹北,2024-05-31,9339
1616,億泰,21,0,21,華南永昌-竹北,2024-05-31,9339
6104,創惟,20,0,20,華南永昌-竹北,2024-05-31,9339
6239,力成,22,3,19,華南永昌-竹北,2024-05-31,9339
2303,聯電,17,0,17,華南永昌-竹北,2024-05-31,9339
5608,四維航,16,0,16,華南永昌-竹北,2024-05-31,9339
2382,廣達,40,24,16,華南永昌-竹北,2024-05-31,9339
2891,中信金,35,20,15,華南永昌-竹北,2024-05-31,9339
2250,IKKA-KY,15,0,15,華南永昌-竹北,2024-05-31,9339
6191,精成科,15,0,15,華南永昌-竹北,2024-05-31,9339
2609,陽明,352,338,14,華南永昌-竹北,2024-05-31,9339
2104,國際中橡,15,1,14,華南永昌-竹北,2024-05-31,9339
2206,三陽工業,14,0,14,華南永昌-竹北,2024-05-31,9339
1519,華城,22,9,13,華南永昌-竹北,2024-05-31,9339
1784,訊聯,45,32,13,華南永昌-竹北,2024-05-31,9339
2405,輔信,13,0,13,華南永昌-竹北,2024-05-31,9339
2330,台積電,16,4,12,華南永昌-竹北,2024-05-31,9339
2002,中鋼,12,0,12,華南永昌-竹北,2024-05-31,9339
9945,潤泰新,12,0,12,華南永昌-竹北,2024-05-31,9339
2365,昆盈,16,4,12,華南永昌-竹北,2024-05-31,9339
2886,兆豐金,12,1,11,華南永昌-竹北,2024-05-31,9339
00937B,群益ESG投等債20,11,0,11,華南永昌-竹北,2024-05-31,9339
2349,錸德,12,1,11,華南永昌-竹北,2024-05-31,9339
6147,頎邦,20,10,10,華南永昌-竹北,2024-05-31,9339
1506,正道,10,0,10,華南永昌-竹北,2024-05-31,9339
1529,樂事綠能,10,0,10,華南永昌-竹北,2024-05-31,9339
2324,仁寶,10,0,10,華南永昌-竹北,2024-05-31,9339
5302,太欣,10,0,10,華南永昌-竹北,2024-05-31,9339
1587,吉茂,11,1,10,華南永昌-竹北,2024-05-31,9339
1560,中砂,15,6,9,華南永昌-竹北,2024-05-31,9339
6231,系微,14,5,9,華南永昌-竹北,2024-05-31,9339
3313,斐成,22,13,9,華南永昌-竹北,2024-05-31,9339
8070,長華*,16,7,9,華南永昌-竹北,2024-05-31,9339
8210,勤誠,26,17,9,華南永昌-竹北,2024-05-31,9339
2888,新光金,941,68,873,華南永昌-竹北,2024-06-03,9339
00937B,群益ESG投等債20,185,0,185,華南永昌-竹北,2024-06-03,9339
8110,華東,100,0,100,華南永昌-竹北,2024-06-03,9339
2489,瑞軒,101,23,78,華南永昌-竹北,2024-06-03,9339
5426,振發,133,56,77,華南永昌-竹北,2024-06-03,9339
2615,萬海,341,268,73,華南永昌-竹北,2024-06-03,9339
6462,神盾,64,3,61,華南永昌-竹北,2024-06-03,9339
00637L,元大滬深300正2,61,1,60,華南永昌-竹北,2024-06-03,9339
2609,陽明,471,413,58,華南永昌-竹北,2024-06-03,9339
6188,廣明,84,27,57,華南永昌-竹北,2024-06-03,9339
00633L,富邦上証正2,125,70,55,華南永昌-竹北,2024-06-03,9339
00929,復華台灣科技優息,52,4,48,華南永昌-竹北,2024-06-03,9339
6275,元山,46,0,46,華南永昌-竹北,2024-06-03,9339
1506,正道,45,0,45,華南永昌-竹北,2024-06-03,9339
3362,先進光,43,0,43,華南永昌-竹北,2024-06-03,9339
00918,大華優利高填息30,42,0,42,華南永昌-竹北,2024-06-03,9339
3017,奇鋐,41,9,32,華南永昌-竹北,2024-06-03,9339
1616,億泰,32,0,32,華南永昌-竹北,2024-06-03,9339
1563,巧新,30,0,30,華南永昌-竹北,2024-06-03,9339
2605,新興,31,1,30,華南永昌-竹北,2024-06-03,9339
00757,統一FANG+,27,0,27,華南永昌-竹北,2024-06-03,9339
6770,力積電,28,3,25,華南永昌-竹北,2024-06-03,9339
00666R,富邦�琤肭磪齯�1,22,0,22,華南永昌-竹北,2024-06-03,9339
2337,旺宏,22,0,22,華南永昌-竹北,2024-06-03,9339
4533,協易機,37,15,22,華南永昌-竹北,2024-06-03,9339
2603,長榮,49,28,21,華南永昌-竹北,2024-06-03,9339
6005,群益證,20,0,20,華南永昌-竹北,2024-06-03,9339
5347,世界,22,2,20,華南永昌-竹北,2024-06-03,9339
2524,京城,20,2,18,華南永昌-竹北,2024-06-03,9339
00919,群益台灣精選高息,39,21,18,華南永昌-竹北,2024-06-03,9339
2464,盟立,43,27,16,華南永昌-竹北,2024-06-03,9339
00715L,期街口布蘭特正2,15,0,15,華南永昌-竹北,2024-06-03,9339
00676R,富邦臺灣加權反1,25,10,15,華南永昌-竹北,2024-06-03,9339
2613,中櫃,16,1,15,華南永昌-竹北,2024-06-03,9339
3041,揚智,15,0,15,華南永昌-竹北,2024-06-03,9339
2382,廣達,70,57,13,華南永昌-竹北,2024-06-03,9339
2834,臺企銀,12,0,12,華南永昌-竹北,2024-06-03,9339
6182,合晶,12,0,12,華南永昌-竹北,2024-06-03,9339
6548,長科*,12,0,12,華南永昌-竹北,2024-06-03,9339
8070,長華*,12,0,12,華南永昌-竹北,2024-06-03,9339
2486,一詮,23,12,11,華南永昌-竹北,2024-06-03,9339
5880,合庫金,10,0,10,華南永昌-竹北,2024-06-03,9339
2618,長榮航,12,2,10,華南永昌-竹北,2024-06-03,9339
2401,凌陽,31,21,10,華南永昌-竹北,2024-06-03,9339
6257,矽格,10,0,10,華南永昌-竹北,2024-06-03,9339
00680L,元大美債20正2,10,0,10,華南永昌-竹北,2024-06-03,9339
1304,台聚,10,0,10,華南永昌-竹北,2024-06-03,9339
2397,友通,10,0,10,華南永昌-竹北,2024-06-03,9339
6175,立敦,10,0,10,華南永昌-竹北,2024-06-03,9339
6806,森崴能源,10,0,10,華南永昌-竹北,2024-06-03,9339
2515,中工,404,5,399,華南永昌-竹北,2024-06-04,9339
6462,神盾,92,0,92,華南永昌-竹北,2024-06-04,9339
00929,復華台灣科技優息,103,24,79,華南永昌-竹北,2024-06-04,9339
2324,仁寶,97,23,74,華南永昌-竹北,2024-06-04,9339
3432,台端,71,3,68,華南永昌-竹北,2024-06-04,9339
3035,智原,87,25,62,華南永昌-竹北,2024-06-04,9339
2356,英業達,56,1,55,華南永昌-竹北,2024-06-04,9339
4968,立積,56,1,55,華南永昌-竹北,2024-06-04,9339
1473,台南,55,0,55,華南永昌-竹北,2024-06-04,9339
6164,華興,52,0,52,華南永昌-竹北,2024-06-04,9339
2331,精英,156,105,51,華南永昌-竹北,2024-06-04,9339
2402,毅嘉,50,0,50,華南永昌-竹北,2024-06-04,9339
00936,台新永續高息中小,58,16,42,華南永昌-竹北,2024-06-04,9339
00919,群益台灣精選高息,40,0,40,華南永昌-竹北,2024-06-04,9339
2301,光寶科,34,0,34,華南永昌-竹北,2024-06-04,9339
2317,鴻海,52,20,32,華南永昌-竹北,2024-06-04,9339
1513,中興電,41,10,31,華南永昌-竹北,2024-06-04,9339
6116,彩晶,31,0,31,華南永昌-竹北,2024-06-04,9339
6143,振曜,30,0,30,華南永昌-竹北,2024-06-04,9339
6257,矽格,28,0,28,華南永昌-竹北,2024-06-04,9339
5243,乙盛-KY,28,0,28,華南永昌-竹北,2024-06-04,9339
1815,富喬,33,6,27,華南永昌-竹北,2024-06-04,9339
1301,台塑,27,2,25,華南永昌-竹北,2024-06-04,9339
2537,聯上發,58,33,25,華南永昌-竹北,2024-06-04,9339
8070,長華*,22,0,22,華南永昌-竹北,2024-06-04,9339
2337,旺宏,26,5,21,華南永昌-竹北,2024-06-04,9339
2344,華邦電,21,0,21,華南永昌-竹北,2024-06-04,9339
00715L,期街口布蘭特正2,20,0,20,華南永昌-竹北,2024-06-04,9339
2377,微星,22,2,20,華南永昌-竹北,2024-06-04,9339
3231,緯創,41,21,20,華南永昌-竹北,2024-06-04,9339
2354,鴻準,23,9,14,華南永昌-竹北,2024-06-04,9339
00918,大華優利高填息30,14,0,14,華南永昌-竹北,2024-06-04,9339
1506,正道,14,0,14,華南永昌-竹北,2024-06-04,9339
2618,長榮航,14,1,13,華南永昌-竹北,2024-06-04,9339
2206,三陽工業,13,0,13,華南永昌-竹北,2024-06-04,9339
6275,元山,13,0,13,華南永昌-竹北,2024-06-04,9339
3033,威健,13,2,11,華南永昌-竹北,2024-06-04,9339
0056,元大高股息,10,0,10,華南永昌-竹北,2024-06-04,9339
1453,大將,14,4,10,華南永昌-竹北,2024-06-04,9339
2845,遠東銀,10,0,10,華南永昌-竹北,2024-06-04,9339
3062,建漢,10,0,10,華南永昌-竹北,2024-06-04,9339
6163,華電網,10,0,10,華南永昌-竹北,2024-06-04,9339
00885,富邦越南,10,1,9,華南永昌-竹北,2024-06-04,9339
9934,成霖,9,0,9,華南永昌-竹北,2024-06-04,9339
3520,華盈,14,5,9,華南永昌-竹北,2024-06-04,9339
6177,達麗,8,0,8,華南永昌-竹北,2024-06-04,9339
00675L,富邦臺灣加權正2,8,0,8,華南永昌-竹北,2024-06-04,9339
2363,矽統,52,45,7,華南永昌-竹北,2024-06-04,9339
2611,志信,7,0,7,華南永昌-竹北,2024-06-04,9339
2353,宏��,7,0,7,華南永昌-竹北,2024-06-04,9339
2331,精英,133,30,103,華南永昌-竹北,2024-06-05,9339
00940,元大台灣價值高息,106,16,90,華南永昌-竹北,2024-06-05,9339
2609,陽明,336,262,74,華南永昌-竹北,2024-06-05,9339
00936,台新永續高息中小,70,0,70,華南永昌-竹北,2024-06-05,9339
00929,復華台灣科技優息,60,2,58,華南永昌-竹北,2024-06-05,9339
00878,國泰永續高股息,64,13,51,華南永昌-竹北,2024-06-05,9339
00633L,富邦上証正2,50,0,50,華南永昌-竹北,2024-06-05,9339
6275,元山,49,0,49,華南永昌-竹北,2024-06-05,9339
2537,聯上發,65,18,47,華南永昌-竹北,2024-06-05,9339
6188,廣明,51,7,44,華南永昌-竹北,2024-06-05,9339
3432,台端,44,9,35,華南永昌-竹北,2024-06-05,9339
2353,宏��,33,0,33,華南永昌-竹北,2024-06-05,9339
00679B,元大美債20年,39,6,33,華南永昌-竹北,2024-06-05,9339
2303,聯電,34,3,31,華南永昌-竹北,2024-06-05,9339
2402,毅嘉,31,0,31,華南永昌-竹北,2024-06-05,9339
6245,立端,30,0,30,華南永昌-竹北,2024-06-05,9339
8064,東捷,30,1,29,華南永昌-竹北,2024-06-05,9339
1473,台南,25,0,25,華南永昌-竹北,2024-06-05,9339
3312,弘憶股,23,0,23,華南永昌-竹北,2024-06-05,9339
8210,勤誠,27,5,22,華南永昌-竹北,2024-06-05,9339
2105,正新,21,0,21,華南永昌-竹北,2024-06-05,9339
5474,聰泰,21,0,21,華南永昌-竹北,2024-06-05,9339
3048,益登,24,3,21,華南永昌-竹北,2024-06-05,9339
3665,貿聯-KY,21,0,21,華南永昌-竹北,2024-06-05,9339
8277,商丞,21,1,20,華南永昌-竹北,2024-06-05,9339
00715L,期街口布蘭特正2,20,0,20,華南永昌-竹北,2024-06-05,9339
4549,桓達,20,0,20,華南永昌-竹北,2024-06-05,9339
3035,智原,44,26,18,華南永昌-竹北,2024-06-05,9339
2317,鴻海,37,20,17,華南永昌-竹北,2024-06-05,9339
1815,富喬,89,73,16,華南永昌-竹北,2024-06-05,9339
4123,晟德,16,2,14,華南永昌-竹北,2024-06-05,9339
4513,福裕,14,0,14,華南永昌-竹北,2024-06-05,9339
2611,志信,28,14,14,華南永昌-竹北,2024-06-05,9339
2206,三陽工業,13,0,13,華南永昌-竹北,2024-06-05,9339
2352,佳世達,13,0,13,華南永昌-竹北,2024-06-05,9339
2425,承啟,14,1,13,華南永昌-竹北,2024-06-05,9339
6446,藥華藥,17,5,12,華南永昌-竹北,2024-06-05,9339
8215,明基材,12,0,12,華南永昌-竹北,2024-06-05,9339
00946,群益科技高息成長,11,0,11,華南永昌-竹北,2024-06-05,9339
2250,IKKA-KY,11,0,11,華南永昌-竹北,2024-06-05,9339
0056,元大高股息,15,4,11,華南永昌-竹北,2024-06-05,9339
1506,正道,10,0,10,華南永昌-竹北,2024-06-05,9339
8069,元太,10,0,10,華南永昌-竹北,2024-06-05,9339
3548,兆利,10,0,10,華南永昌-竹北,2024-06-05,9339
5478,智冠,10,0,10,華南永昌-竹北,2024-06-05,9339
6182,合晶,10,0,10,華南永昌-竹北,2024-06-05,9339
2511,太子,10,0,10,華南永昌-竹北,2024-06-05,9339
1612,宏泰,8,0,8,華南永昌-竹北,2024-06-05,9339
3213,茂訊,8,0,8,華南永昌-竹北,2024-06-05,9339
3450,聯鈞,12,4,8,華南永昌-竹北,2024-06-05,9339
2609,陽明,446,304,142,華南永昌-竹北,2024-06-06,9339
2353,宏��,106,0,106,華南永昌-竹北,2024-06-06,9339
2891,中信金,110,5,105,華南永昌-竹北,2024-06-06,9339
1473,台南,86,11,75,華南永昌-竹北,2024-06-06,9339
3432,台端,82,8,74,華南永昌-竹北,2024-06-06,9339
00936,台新永續高息中小,63,0,63,華南永昌-竹北,2024-06-06,9339
00946,群益科技高息成長,66,5,61,華南永昌-竹北,2024-06-06,9339
00878,國泰永續高股息,72,15,57,華南永昌-竹北,2024-06-06,9339
2888,新光金,101,48,53,華南永昌-竹北,2024-06-06,9339
5347,世界,90,37,53,華南永昌-竹北,2024-06-06,9339
00937B,群益ESG投等債20,47,1,46,華南永昌-竹北,2024-06-06,9339
2618,長榮航,76,32,44,華南永昌-竹北,2024-06-06,9339
6143,振曜,40,0,40,華南永昌-竹北,2024-06-06,9339
00918,大華優利高填息30,37,0,37,華南永昌-竹北,2024-06-06,9339
2312,金寶,160,129,31,華南永昌-竹北,2024-06-06,9339
2392,正崴,34,3,31,華南永昌-竹北,2024-06-06,9339
2509,全坤建,27,0,27,華南永昌-竹北,2024-06-06,9339
5392,能率,60,37,23,華南永昌-竹北,2024-06-06,9339
2344,華邦電,24,2,22,華南永昌-竹北,2024-06-06,9339
2615,萬海,81,59,22,華南永昌-竹北,2024-06-06,9339
5009,榮剛,23,2,21,華南永昌-竹北,2024-06-06,9339
3035,智原,22,1,21,華南永昌-竹北,2024-06-06,9339
6231,系微,22,1,21,華南永昌-竹北,2024-06-06,9339
00921,兆豐龍頭等權重,20,0,20,華南永昌-竹北,2024-06-06,9339
1616,億泰,21,1,20,華南永昌-竹北,2024-06-06,9339
2377,微星,20,1,19,華南永昌-竹北,2024-06-06,9339
6213,聯茂,26,7,19,華南永昌-竹北,2024-06-06,9339
5608,四維航,26,8,18,華南永昌-竹北,2024-06-06,9339
2489,瑞軒,21,3,18,華南永昌-竹北,2024-06-06,9339
2317,鴻海,48,31,17,華南永昌-竹北,2024-06-06,9339
2402,毅嘉,16,0,16,華南永昌-竹北,2024-06-06,9339
3312,弘憶股,18,2,16,華南永昌-竹北,2024-06-06,9339
2002,中鋼,18,2,16,華南永昌-竹北,2024-06-06,9339
2105,正新,51,36,15,華南永昌-竹北,2024-06-06,9339
6643,M31,16,1,15,華南永昌-竹北,2024-06-06,9339
00676R,富邦臺灣加權反1,20,5,15,華南永昌-竹北,2024-06-06,9339
2101,南港,19,4,15,華南永昌-竹北,2024-06-06,9339
00929,復華台灣科技優息,24,10,14,華南永昌-竹北,2024-06-06,9339
00902,中信電池及儲能,13,0,13,華南永昌-竹北,2024-06-06,9339
2206,三陽工業,13,0,13,華南永昌-竹北,2024-06-06,9339
6550,北極星藥業-KY,13,1,12,華南永昌-竹北,2024-06-06,9339
6188,廣明,27,16,11,華南永昌-竹北,2024-06-06,9339
5880,合庫金,12,1,11,華南永昌-竹北,2024-06-06,9339
6505,台塑化,10,0,10,華南永昌-竹北,2024-06-06,9339
00650L,復華香港正2,10,0,10,華南永昌-竹北,2024-06-06,9339
3042,晶技,10,0,10,華南永昌-竹北,2024-06-06,9339
6161,捷波,10,0,10,華南永昌-竹北,2024-06-06,9339
6175,立敦,10,0,10,華南永昌-竹北,2024-06-06,9339
6275,元山,10,0,10,華南永昌-竹北,2024-06-06,9339
2905,三商,9,0,9,華南永昌-竹北,2024-06-06,9339
2609,陽明,627,296,331,華南永昌-竹北,2024-06-07,9339
2883,凱基金,318,4,314,華南永昌-竹北,2024-06-07,9339
4123,晟德,220,23,197,華南永昌-竹北,2024-06-07,9339
2515,中工,210,26,184,華南永昌-竹北,2024-06-07,9339
00637L,元大滬深300正2,150,0,150,華南永昌-竹北,2024-06-07,9339
2371,大同,124,2,122,華南永昌-竹北,2024-06-07,9339
1444,力麗,100,0,100,華南永昌-竹北,2024-06-07,9339
3017,奇鋐,105,19,86,華南永昌-竹北,2024-06-07,9339
00936,台新永續高息中小,85,0,85,華南永昌-竹北,2024-06-07,9339
5302,太欣,100,19,81,華南永昌-竹北,2024-06-07,9339
00720B,元大投資級公司債,72,0,72,華南永昌-竹北,2024-06-07,9339
2337,旺宏,60,1,59,華南永昌-竹北,2024-06-07,9339
2615,萬海,133,86,47,華南永昌-竹北,2024-06-07,9339
2369,菱生,47,0,47,華南永昌-竹北,2024-06-07,9339
6143,振曜,49,6,43,華南永昌-竹北,2024-06-07,9339
00665L,富邦�琤肭磪囓�2,48,6,42,華南永昌-竹北,2024-06-07,9339
2356,英業達,42,0,42,華南永昌-竹北,2024-06-07,9339
2312,金寶,89,48,41,華南永昌-竹北,2024-06-07,9339
2382,廣達,41,0,41,華南永昌-竹北,2024-06-07,9339
2353,宏��,40,0,40,華南永昌-竹北,2024-06-07,9339
3231,緯創,32,0,32,華南永昌-竹北,2024-06-07,9339
8222,寶一,31,0,31,華南永昌-竹北,2024-06-07,9339
3324,雙鴻,35,7,28,華南永昌-竹北,2024-06-07,9339
2301,光寶科,26,0,26,華南永昌-竹北,2024-06-07,9339
00929,復華台灣科技優息,33,9,24,華南永昌-竹北,2024-06-07,9339
6770,力積電,25,2,23,華南永昌-竹北,2024-06-07,9339
3037,欣興,48,25,23,華南永昌-竹北,2024-06-07,9339
6264,富裔,22,0,22,華南永昌-竹北,2024-06-07,9339
1618,合機,22,1,21,華南永昌-竹北,2024-06-07,9339
3047,訊舟,39,18,21,華南永昌-竹北,2024-06-07,9339
3707,漢磊,21,1,20,華南永昌-竹北,2024-06-07,9339
1503,士電,44,24,20,華南永昌-竹北,2024-06-07,9339
6245,立端,18,0,18,華南永昌-竹北,2024-06-07,9339
3122,笙泉,57,40,17,華南永昌-竹北,2024-06-07,9339
2501,國建,22,6,16,華南永昌-竹北,2024-06-07,9339
00680L,元大美債20正2,20,4,16,華南永昌-竹北,2024-06-07,9339
3030,德律,17,1,16,華南永昌-竹北,2024-06-07,9339
6922,宸曜,16,0,16,華南永昌-竹北,2024-06-07,9339
00633L,富邦上証正2,50,35,15,華南永昌-竹北,2024-06-07,9339
6288,聯嘉,15,0,15,華南永昌-竹北,2024-06-07,9339
9945,潤泰新,13,0,13,華南永昌-竹北,2024-06-07,9339
2613,中櫃,51,39,12,華南永昌-竹北,2024-06-07,9339
00937B,群益ESG投等債20,12,0,12,華南永昌-竹北,2024-06-07,9339
3013,晟銘電,31,19,12,華南永昌-竹北,2024-06-07,9339
3044,健鼎,11,0,11,華南永昌-竹北,2024-06-07,9339
00940,元大台灣價值高息,12,2,10,華南永昌-竹北,2024-06-07,9339
2455,全新,10,0,10,華南永昌-竹北,2024-06-07,9339
2612,中航,10,0,10,華南永昌-竹北,2024-06-07,9339
3537,堡達,10,0,10,華南永昌-竹北,2024-06-07,9339
3548,兆利,10,0,10,華南永昌-竹北,2024-06-07,9339
00680L,元大美債20正2,600,0,600,華南永昌-竹北,2024-06-11,9339
2609,陽明,999,702,297,華南永昌-竹北,2024-06-11,9339
00937B,群益ESG投等債20,146,0,146,華南永昌-竹北,2024-06-11,9339
00929,復華台灣科技優息,165,35,130,華南永昌-竹北,2024-06-11,9339
6125,廣運,176,65,111,華南永昌-竹北,2024-06-11,9339
3260,威剛,104,8,96,華南永昌-竹北,2024-06-11,9339
2530,華建,86,0,86,華南永昌-竹北,2024-06-11,9339
2374,佳能,89,21,68,華南永昌-竹北,2024-06-11,9339
00936,台新永續高息中小,66,0,66,華南永昌-竹北,2024-06-11,9339
2615,萬海,134,73,61,華南永昌-竹北,2024-06-11,9339
1815,富喬,75,15,60,華南永昌-竹北,2024-06-11,9339
00919,群益台灣精選高息,64,6,58,華南永昌-竹北,2024-06-11,9339
00712,復華富時不動產,47,0,47,華南永昌-竹北,2024-06-11,9339
00687B,國泰20年美債,38,0,38,華南永昌-竹北,2024-06-11,9339
00679B,元大美債20年,48,10,38,華南永昌-竹北,2024-06-11,9339
5302,太欣,35,0,35,華南永昌-竹北,2024-06-11,9339
2801,彰銀,32,0,32,華南永昌-竹北,2024-06-11,9339
00725B,國泰投資級公司債,30,0,30,華南永昌-竹北,2024-06-11,9339
3376,新日興,32,4,28,華南永昌-竹北,2024-06-11,9339
1603,華電,28,1,27,華南永昌-竹北,2024-06-11,9339
00878,國泰永續高股息,27,0,27,華南永昌-竹北,2024-06-11,9339
2328,廣宇,31,5,26,華南永昌-竹北,2024-06-11,9339
4716,大立,25,1,24,華南永昌-竹北,2024-06-11,9339
3665,貿聯-KY,44,23,21,華南永昌-竹北,2024-06-11,9339
2351,順德,61,41,20,華南永昌-竹北,2024-06-11,9339
2528,皇普,20,0,20,華南永昌-竹北,2024-06-11,9339
6552,易華電,20,0,20,華南永昌-竹北,2024-06-11,9339
2002,中鋼,19,0,19,華南永昌-竹北,2024-06-11,9339
1514,亞力,35,16,19,華南永昌-竹北,2024-06-11,9339
4160,訊聯基因,20,2,18,華南永昌-竹北,2024-06-11,9339
00673R,期元大S＆P原油反1,16,0,16,華南永昌-竹北,2024-06-11,9339
00918,大華優利高填息30,16,0,16,華南永昌-竹北,2024-06-11,9339
2337,旺宏,17,2,15,華南永昌-竹北,2024-06-11,9339
2371,大同,21,6,15,華南永昌-竹北,2024-06-11,9339
2201,裕隆,22,8,14,華南永昌-竹北,2024-06-11,9339
2376,技嘉,21,8,13,華南永昌-竹北,2024-06-11,9339
6139,亞翔,17,4,13,華南永昌-竹北,2024-06-11,9339
2204,中華,14,1,13,華南永昌-竹北,2024-06-11,9339
00946,群益科技高息成長,12,0,12,華南永昌-竹北,2024-06-11,9339
1314,中石化,12,0,12,華南永昌-竹北,2024-06-11,9339
2867,三商壽,27,15,12,華南永昌-竹北,2024-06-11,9339
6116,彩晶,12,0,12,華南永昌-竹北,2024-06-11,9339
00751B,元大AAA至A公司債,11,0,11,華南永昌-竹北,2024-06-11,9339
1316,上曜,94,83,11,華南永昌-竹北,2024-06-11,9339
1587,吉茂,12,1,11,華南永昌-竹北,2024-06-11,9339
4973,廣穎,11,0,11,華南永昌-竹北,2024-06-11,9339
00753L,中信中國50正2,10,0,10,華南永昌-竹北,2024-06-11,9339
00719B,元大美債1-3,10,0,10,華南永昌-竹北,2024-06-11,9339
00935,野村臺灣新科技50,15,5,10,華南永昌-竹北,2024-06-11,9339
5202,力新,10,0,10,華南永昌-竹北,2024-06-11,9339
00680L,元大美債20正2,1043,18,1025,華南永昌-竹北,2024-06-12,9339
2888,新光金,550,20,530,華南永昌-竹北,2024-06-12,9339
2609,陽明,980,733,247,華南永昌-竹北,2024-06-12,9339
2351,順德,227,6,221,華南永昌-竹北,2024-06-12,9339
8110,華東,134,2,132,華南永昌-竹北,2024-06-12,9339
1473,台南,121,7,114,華南永昌-竹北,2024-06-12,9339
1618,合機,115,15,100,華南永昌-竹北,2024-06-12,9339
00632R,元大台灣50反1,100,5,95,華南永昌-竹北,2024-06-12,9339
00687B,國泰20年美債,82,2,80,華南永昌-竹北,2024-06-12,9339
6834,天二科技,72,2,70,華南永昌-竹北,2024-06-12,9339
00937B,群益ESG投等債20,62,0,62,華南永昌-竹北,2024-06-12,9339
6156,松上,40,0,40,華南永昌-竹北,2024-06-12,9339
6216,居易,49,9,40,華南永昌-竹北,2024-06-12,9339
6890,來億-KY,37,0,37,華南永昌-竹北,2024-06-12,9339
00947,台新臺灣IC設計,37,0,37,華南永昌-竹北,2024-06-12,9339
2337,旺宏,37,0,37,華南永昌-竹北,2024-06-12,9339
4533,協易機,41,4,37,華南永昌-竹北,2024-06-12,9339
00940,元大台灣價值高息,43,11,32,華南永昌-竹北,2024-06-12,9339
1616,億泰,32,0,32,華南永昌-竹北,2024-06-12,9339
3017,奇鋐,44,12,32,華南永昌-竹北,2024-06-12,9339
3338,泰碩,30,0,30,華南永昌-竹北,2024-06-12,9339
00679B,元大美債20年,34,5,29,華南永昌-竹北,2024-06-12,9339
00918,大華優利高填息30,29,1,28,華南永昌-竹北,2024-06-12,9339
2392,正崴,36,8,28,華南永昌-竹北,2024-06-12,9339
6182,合晶,26,0,26,華南永昌-竹北,2024-06-12,9339
4958,臻鼎-KY,30,6,24,華南永昌-竹北,2024-06-12,9339
2618,長榮航,25,1,24,華南永昌-竹北,2024-06-12,9339
2883,凱基金,23,0,23,華南永昌-竹北,2024-06-12,9339
6177,達麗,22,1,21,華南永昌-竹北,2024-06-12,9339
1563,巧新,20,0,20,華南永昌-竹北,2024-06-12,9339
2014,中鴻,30,10,20,華南永昌-竹北,2024-06-12,9339
3260,威剛,20,0,20,華南永昌-竹北,2024-06-12,9339
8438,昶昕,20,0,20,華南永昌-竹北,2024-06-12,9339
6770,力積電,21,1,20,華南永昌-竹北,2024-06-12,9339
3481,群創,20,1,19,華南永昌-竹北,2024-06-12,9339
2606,裕民,19,1,18,華南永昌-竹北,2024-06-12,9339
2867,三商壽,28,10,18,華南永昌-竹北,2024-06-12,9339
00919,群益台灣精選高息,27,10,17,華南永昌-竹北,2024-06-12,9339
00878,國泰永續高股息,20,4,16,華南永昌-竹北,2024-06-12,9339
2352,佳世達,15,0,15,華南永昌-竹北,2024-06-12,9339
0056,元大高股息,15,0,15,華南永昌-竹北,2024-06-12,9339
2201,裕隆,14,0,14,華南永昌-竹北,2024-06-12,9339
3231,緯創,22,8,14,華南永昌-竹北,2024-06-12,9339
5302,太欣,12,0,12,華南永昌-竹北,2024-06-12,9339
9940,信義,12,0,12,華南永昌-竹北,2024-06-12,9339
0050,元大台灣50,12,1,11,華南永昌-竹北,2024-06-12,9339
00885,富邦越南,11,0,11,華南永昌-竹北,2024-06-12,9339
1529,樂事綠能,11,0,11,華南永昌-竹北,2024-06-12,9339
6230,尼得科超眾,16,5,11,華南永昌-竹北,2024-06-12,9339
1718,中纖,11,0,11,華南永昌-竹北,2024-06-12,9339
2374,佳能,112,28,84,華南永昌-竹北,2024-06-13,9339
4123,晟德,70,0,70,華南永昌-竹北,2024-06-13,9339
2609,陽明,366,304,62,華南永昌-竹北,2024-06-13,9339
6834,天二科技,62,3,59,華南永昌-竹北,2024-06-13,9339
00930,永豐ESG低碳高息,50,0,50,華南永昌-竹北,2024-06-13,9339
2489,瑞軒,70,23,47,華南永昌-竹北,2024-06-13,9339
6188,廣明,73,26,47,華南永昌-竹北,2024-06-13,9339
3260,威剛,50,7,43,華南永昌-竹北,2024-06-13,9339
1524,耿鼎,42,0,42,華南永昌-竹北,2024-06-13,9339
00924,復華S＆P500成長,40,0,40,華南永昌-竹北,2024-06-13,9339
1473,台南,42,2,40,華南永昌-竹北,2024-06-13,9339
1617,榮星,59,20,39,華南永昌-竹北,2024-06-13,9339
8210,勤誠,38,0,38,華南永昌-竹北,2024-06-13,9339
6216,居易,42,4,38,華南永昌-竹北,2024-06-13,9339
8147,正淩,39,2,37,華南永昌-竹北,2024-06-13,9339
8104,錸寶,34,0,34,華南永昌-竹北,2024-06-13,9339
3017,奇鋐,49,18,31,華南永昌-竹北,2024-06-13,9339
00673R,期元大S＆P原油反1,30,0,30,華南永昌-竹北,2024-06-13,9339
3202,樺晟,30,0,30,華南永昌-竹北,2024-06-13,9339
4956,光鋐,80,50,30,華南永昌-竹北,2024-06-13,9339
00679B,元大美債20年,32,2,30,華南永昌-竹北,2024-06-13,9339
2867,三商壽,34,5,29,華南永昌-竹北,2024-06-13,9339
6890,來億-KY,36,8,28,華南永昌-竹北,2024-06-13,9339
2618,長榮航,28,2,26,華南永昌-竹北,2024-06-13,9339
2344,華邦電,33,7,26,華南永昌-竹北,2024-06-13,9339
2482,連宇,32,6,26,華南永昌-竹北,2024-06-13,9339
00936,台新永續高息中小,23,1,22,華南永昌-竹北,2024-06-13,9339
2352,佳世達,22,0,22,華南永昌-竹北,2024-06-13,9339
5371,中光電,32,11,21,華南永昌-竹北,2024-06-13,9339
00676R,富邦臺灣加權反1,44,24,20,華南永昌-竹北,2024-06-13,9339
00921,兆豐龍頭等權重,20,0,20,華南永昌-竹北,2024-06-13,9339
6116,彩晶,20,0,20,華南永昌-竹北,2024-06-13,9339
00919,群益台灣精選高息,22,2,20,華南永昌-竹北,2024-06-13,9339
2367,燿華,118,101,17,華南永昌-竹北,2024-06-13,9339
00891,中信關鍵半導體,16,0,16,華南永昌-竹北,2024-06-13,9339
6230,尼得科超眾,16,0,16,華南永昌-竹北,2024-06-13,9339
2105,正新,45,31,14,華南永昌-竹北,2024-06-13,9339
2351,順德,16,2,14,華南永昌-竹北,2024-06-13,9339
6770,力積電,39,26,13,華南永昌-竹北,2024-06-13,9339
3363,上詮,12,0,12,華南永昌-竹北,2024-06-13,9339
6147,頎邦,12,0,12,華南永昌-竹北,2024-06-13,9339
2417,圓剛,14,2,12,華南永昌-竹北,2024-06-13,9339
3047,訊舟,107,95,12,華南永昌-竹北,2024-06-13,9339
6207,雷科,31,19,12,華南永昌-竹北,2024-06-13,9339
6922,宸曜,12,0,12,華南永昌-竹北,2024-06-13,9339
2603,長榮,19,8,11,華南永昌-竹北,2024-06-13,9339
5880,合庫金,11,0,11,華南永昌-竹北,2024-06-13,9339
00942B,台新美A公司債20+,11,0,11,華南永昌-竹北,2024-06-13,9339
3537,堡達,11,0,11,華南永昌-竹北,2024-06-13,9339
2002,中鋼,10,0,10,華南永昌-竹北,2024-06-13,9339
4968,立積,259,11,248,華南永昌-竹北,2024-06-14,9339
8103,瀚荃,223,0,223,華南永昌-竹北,2024-06-14,9339
3060,銘異,110,0,110,華南永昌-竹北,2024-06-14,9339
2609,陽明,436,326,110,華南永昌-竹北,2024-06-14,9339
00933B,國泰10Y+金融債,102,5,97,華南永昌-竹北,2024-06-14,9339
1608,華榮,113,19,94,華南永昌-竹北,2024-06-14,9339
1784,訊聯,76,0,76,華南永昌-竹北,2024-06-14,9339
2428,興勤,70,0,70,華南永昌-竹北,2024-06-14,9339
00919,群益台灣精選高息,71,4,67,華南永昌-竹北,2024-06-14,9339
00946,群益科技高息成長,76,12,64,華南永昌-竹北,2024-06-14,9339
00878,國泰永續高股息,55,2,53,華南永昌-竹北,2024-06-14,9339
00918,大華優利高填息30,47,0,47,華南永昌-竹北,2024-06-14,9339
6770,力積電,50,5,45,華南永昌-竹北,2024-06-14,9339
8104,錸寶,42,0,42,華南永昌-竹北,2024-06-14,9339
2374,佳能,48,10,38,華南永昌-竹北,2024-06-14,9339
4123,晟德,36,0,36,華南永昌-竹北,2024-06-14,9339
6284,佳邦,41,5,36,華南永昌-竹北,2024-06-14,9339
00929,復華台灣科技優息,46,11,35,華南永昌-竹北,2024-06-14,9339
2615,萬海,66,32,34,華南永昌-竹北,2024-06-14,9339
5534,長虹,30,0,30,華南永昌-竹北,2024-06-14,9339
3362,先進光,32,4,28,華南永昌-竹北,2024-06-14,9339
00923,群益台ESG低碳50,22,0,22,華南永昌-竹北,2024-06-14,9339
8277,商丞,31,10,21,華南永昌-竹北,2024-06-14,9339
2301,光寶科,29,9,20,華南永昌-竹北,2024-06-14,9339
2537,聯上發,23,3,20,華南永昌-竹北,2024-06-14,9339
4127,天良,20,0,20,華南永昌-竹北,2024-06-14,9339
5351,鈺創,21,1,20,華南永昌-竹北,2024-06-14,9339
6834,天二科技,20,0,20,華南永昌-竹北,2024-06-14,9339
9919,康那香,20,0,20,華南永昌-竹北,2024-06-14,9339
2344,華邦電,20,1,19,華南永昌-竹北,2024-06-14,9339
6116,彩晶,20,1,19,華南永昌-竹北,2024-06-14,9339
5508,永信建,20,4,16,華南永昌-竹北,2024-06-14,9339
6788,華景電,18,2,16,華南永昌-竹北,2024-06-14,9339
00632R,元大台灣50反1,15,0,15,華南永昌-竹北,2024-06-14,9339
00941,中信上游半導體,14,0,14,華南永昌-竹北,2024-06-14,9339
2363,矽統,86,72,14,華南永昌-竹北,2024-06-14,9339
5258,虹堡,14,0,14,華南永昌-竹北,2024-06-14,9339
2312,金寶,24,11,13,華南永昌-竹北,2024-06-14,9339
2337,旺宏,13,1,12,華南永昌-竹北,2024-06-14,9339
8028,昇陽半導體,33,21,12,華南永昌-竹北,2024-06-14,9339
6207,雷科,19,8,11,華南永昌-竹北,2024-06-14,9339
3537,堡達,11,0,11,華南永昌-竹北,2024-06-14,9339
5880,合庫金,10,0,10,華南永昌-竹北,2024-06-14,9339
5871,中租-KY,10,0,10,華南永昌-竹北,2024-06-14,9339
0052,富邦科技,10,0,10,華南永昌-竹北,2024-06-14,9339
00637L,元大滬深300正2,10,0,10,華南永昌-竹北,2024-06-14,9339
3078,僑威,10,0,10,華南永昌-竹北,2024-06-14,9339
3576,聯合再生,10,0,10,華南永昌-竹北,2024-06-14,9339
8064,東捷,10,0,10,華南永昌-竹北,2024-06-14,9339
00712,復華富時不動產,9,0,9,華南永昌-竹北,2024-06-14,9339
2371,大同,712,293,419,華南永昌-竹北,2024-06-17,9339
1608,華榮,246,7,239,華南永昌-竹北,2024-06-17,9339
3202,樺晟,93,1,92,華南永昌-竹北,2024-06-17,9339
2609,陽明,115,25,90,華南永昌-竹北,2024-06-17,9339
00937B,群益ESG投等債20,78,0,78,華南永昌-竹北,2024-06-17,9339
1513,中興電,55,1,54,華南永昌-竹北,2024-06-17,9339
2888,新光金,50,0,50,華南永昌-竹北,2024-06-17,9339
2890,永豐金,50,0,50,華南永昌-竹北,2024-06-17,9339
5371,中光電,43,0,43,華南永昌-竹北,2024-06-17,9339
2641,正德,40,0,40,華南永昌-竹北,2024-06-17,9339
8086,宏捷科,44,5,39,華南永昌-竹北,2024-06-17,9339
1503,士電,43,12,31,華南永昌-竹北,2024-06-17,9339
4127,天良,32,1,31,華南永昌-竹北,2024-06-17,9339
6462,神盾,30,0,30,華南永昌-竹北,2024-06-17,9339
8996,高力,31,3,28,華南永昌-竹北,2024-06-17,9339
4968,立積,71,45,26,華南永昌-竹北,2024-06-17,9339
2376,技嘉,25,0,25,華南永昌-竹北,2024-06-17,9339
00688L,國泰20年美債正2,35,10,25,華南永昌-竹北,2024-06-17,9339
2367,燿華,34,9,25,華南永昌-竹北,2024-06-17,9339
2886,兆豐金,40,15,25,華南永昌-竹北,2024-06-17,9339
3312,弘憶股,30,5,25,華南永昌-竹北,2024-06-17,9339
00943,兆豐電子高息等權,60,36,24,華南永昌-竹北,2024-06-17,9339
3324,雙鴻,20,0,20,華南永昌-竹北,2024-06-17,9339
00948B,中信優息投資級債,20,0,20,華南永昌-竹北,2024-06-17,9339
2312,金寶,38,18,20,華南永昌-竹北,2024-06-17,9339
00936,台新永續高息中小,23,5,18,華南永昌-竹北,2024-06-17,9339
1618,合機,26,8,18,華南永昌-竹北,2024-06-17,9339
00918,大華優利高填息30,22,5,17,華南永昌-竹北,2024-06-17,9339
1445,大宇,15,0,15,華南永昌-竹北,2024-06-17,9339
6166,凌華,16,2,14,華南永昌-竹北,2024-06-17,9339
00942B,台新美A公司債20+,30,16,14,華南永昌-竹北,2024-06-17,9339
4958,臻鼎-KY,13,0,13,華南永昌-竹北,2024-06-17,9339
8277,商丞,13,0,13,華南永昌-竹北,2024-06-17,9339
00720B,元大投資級公司債,12,0,12,華南永昌-竹北,2024-06-17,9339
5876,上海商銀,12,0,12,華南永昌-竹北,2024-06-17,9339
3551,世禾,11,0,11,華南永昌-竹北,2024-06-17,9339
00680L,元大美債20正2,10,0,10,華南永昌-竹北,2024-06-17,9339
00935,野村臺灣新科技50,10,0,10,華南永昌-竹北,2024-06-17,9339
1313,聯成,10,0,10,華南永昌-竹北,2024-06-17,9339
1612,宏泰,11,1,10,華南永昌-竹北,2024-06-17,9339
4771,望隼,10,0,10,華南永昌-竹北,2024-06-17,9339
6190,萬泰科,10,0,10,華南永昌-竹北,2024-06-17,9339
8438,昶昕,10,0,10,華南永昌-竹北,2024-06-17,9339
8906,花王,14,4,10,華南永昌-竹北,2024-06-17,9339
2615,萬海,121,112,9,華南永昌-竹北,2024-06-17,9339
00905,FT臺灣Smart,10,1,9,華南永昌-竹北,2024-06-17,9339
5234,達興材料,10,1,9,華南永昌-竹北,2024-06-17,9339
6116,彩晶,10,2,8,華南永昌-竹北,2024-06-17,9339
6770,力積電,130,122,8,華南永昌-竹北,2024-06-17,9339
2515,中工,11,3,8,華南永昌-竹北,2024-06-17,9339
00673R,期元大S＆P原油反1,130,0,130,華南永昌-竹北,2024-06-18,9339
5302,太欣,116,0,116,華南永昌-竹北,2024-06-18,9339
00918,大華優利高填息30,100,0,100,華南永昌-竹北,2024-06-18,9339
2882,國泰金,200,105,95,華南永昌-竹北,2024-06-18,9339
2406,國碩,70,0,70,華南永昌-竹北,2024-06-18,9339
4968,立積,66,2,64,華南永昌-竹北,2024-06-18,9339
2002,中鋼,59,0,59,華南永昌-竹北,2024-06-18,9339
8438,昶昕,59,0,59,華南永昌-竹北,2024-06-18,9339
00937B,群益ESG投等債20,53,0,53,華南永昌-竹北,2024-06-18,9339
2887,台新金,50,0,50,華南永昌-竹北,2024-06-18,9339
2324,仁寶,50,0,50,華南永昌-竹北,2024-06-18,9339
3419,譁裕,50,1,49,華南永昌-竹北,2024-06-18,9339
00929,復華台灣科技優息,56,12,44,華南永昌-竹北,2024-06-18,9339
6637,醫影,44,0,44,華南永昌-竹北,2024-06-18,9339
6197,佳必琪,42,2,40,華南永昌-竹北,2024-06-18,9339
3081,聯亞,40,1,39,華南永昌-竹北,2024-06-18,9339
4526,東台,38,0,38,華南永昌-竹北,2024-06-18,9339
3372,典範,36,0,36,華南永昌-竹北,2024-06-18,9339
00670L,富邦NASDAQ正2,35,0,35,華南永昌-竹北,2024-06-18,9339
00936,台新永續高息中小,36,1,35,華南永昌-竹北,2024-06-18,9339
2530,華建,35,1,34,華南永昌-竹北,2024-06-18,9339
3013,晟銘電,38,4,34,華南永昌-竹北,2024-06-18,9339
1608,華榮,44,13,31,華南永昌-竹北,2024-06-18,9339
1101,台泥,30,0,30,華南永昌-竹北,2024-06-18,9339
8028,昇陽半導體,63,33,30,華南永昌-竹北,2024-06-18,9339
3374,精材,29,0,29,華南永昌-竹北,2024-06-18,9339
2444,兆勁,28,0,28,華南永昌-竹北,2024-06-18,9339
6139,亞翔,29,1,28,華南永昌-竹北,2024-06-18,9339
00946,群益科技高息成長,30,2,28,華南永昌-竹北,2024-06-18,9339
00933B,國泰10Y+金融債,30,3,27,華南永昌-竹北,2024-06-18,9339
1806,冠軍,26,0,26,華南永昌-竹北,2024-06-18,9339
3312,弘憶股,27,1,26,華南永昌-竹北,2024-06-18,9339
3202,樺晟,44,21,23,華南永昌-竹北,2024-06-18,9339
8096,擎亞,42,20,22,華南永昌-竹北,2024-06-18,9339
1603,華電,22,1,21,華南永昌-竹北,2024-06-18,9339
4958,臻鼎-KY,22,1,21,華南永昌-竹北,2024-06-18,9339
6806,森崴能源,20,1,19,華南永昌-竹北,2024-06-18,9339
8104,錸寶,19,0,19,華南永昌-竹北,2024-06-18,9339
4566,時碩工業,57,39,18,華南永昌-竹北,2024-06-18,9339
5009,榮剛,20,2,18,華南永昌-竹北,2024-06-18,9339
6284,佳邦,30,12,18,華南永昌-竹北,2024-06-18,9339
2317,鴻海,17,0,17,華南永昌-竹北,2024-06-18,9339
6282,康舒,20,3,17,華南永昌-竹北,2024-06-18,9339
1721,三晃,17,0,17,華南永昌-竹北,2024-06-18,9339
6414,樺漢,16,0,16,華南永昌-竹北,2024-06-18,9339
2610,華航,26,10,16,華南永昌-竹北,2024-06-18,9339
3032,偉訓,15,0,15,華南永昌-竹北,2024-06-18,9339
3122,笙泉,14,0,14,華南永昌-竹北,2024-06-18,9339
4979,華星光,16,2,14,華南永昌-竹北,2024-06-18,9339
6175,立敦,13,0,13,華南永昌-竹北,2024-06-18,9339
00680L,元大美債20正2,500,5,495,華南永昌-竹北,2024-06-19,9339
2609,陽明,326,123,203,華南永昌-竹北,2024-06-19,9339
00933B,國泰10Y+金融債,201,0,201,華南永昌-竹北,2024-06-19,9339
6188,廣明,150,17,133,華南永昌-竹北,2024-06-19,9339
00632R,元大台灣50反1,128,0,128,華南永昌-竹北,2024-06-19,9339
3231,緯創,138,14,124,華南永昌-竹北,2024-06-19,9339
3033,威健,102,7,95,華南永昌-竹北,2024-06-19,9339
4968,立積,80,4,76,華南永昌-竹北,2024-06-19,9339
00673R,期元大S＆P原油反1,70,0,70,華南永昌-竹北,2024-06-19,9339
2615,萬海,222,154,68,華南永昌-竹北,2024-06-19,9339
5302,太欣,65,1,64,華南永昌-竹北,2024-06-19,9339
2603,長榮,62,1,61,華南永昌-竹北,2024-06-19,9339
3706,神達,60,2,58,華南永昌-竹北,2024-06-19,9339
2356,英業達,79,25,54,華南永昌-竹北,2024-06-19,9339
2359,所羅門,74,28,46,華南永昌-竹北,2024-06-19,9339
3122,笙泉,63,18,45,華南永昌-竹北,2024-06-19,9339
5347,世界,47,7,40,華南永昌-竹北,2024-06-19,9339
2317,鴻海,65,30,35,華南永昌-竹北,2024-06-19,9339
8103,瀚荃,40,5,35,華南永昌-竹北,2024-06-19,9339
6223,旺矽,34,0,34,華南永昌-竹北,2024-06-19,9339
6197,佳必琪,36,3,33,華南永昌-竹北,2024-06-19,9339
00679B,元大美債20年,34,5,29,華南永昌-竹北,2024-06-19,9339
3707,漢磊,33,4,29,華南永昌-竹北,2024-06-19,9339
2886,兆豐金,25,0,25,華南永昌-竹北,2024-06-19,9339
6244,茂迪,25,0,25,華南永昌-竹北,2024-06-19,9339
6284,佳邦,25,0,25,華南永昌-竹北,2024-06-19,9339
8028,昇陽半導體,69,44,25,華南永昌-竹北,2024-06-19,9339
3346,麗清,24,0,24,華南永昌-竹北,2024-06-19,9339
5243,乙盛-KY,23,0,23,華南永昌-竹北,2024-06-19,9339
8096,擎亞,61,38,23,華南永昌-竹北,2024-06-19,9339
6548,長科*,21,0,21,華南永昌-竹北,2024-06-19,9339
8054,安國,21,0,21,華南永昌-竹北,2024-06-19,9339
6143,振曜,20,0,20,華南永昌-竹北,2024-06-19,9339
2344,華邦電,22,3,19,華南永昌-竹北,2024-06-19,9339
3406,玉晶光,36,17,19,華南永昌-竹北,2024-06-19,9339
00712,復華富時不動產,27,8,19,華南永昌-竹北,2024-06-19,9339
2330,台積電,43,25,18,華南永昌-竹北,2024-06-19,9339
8104,錸寶,18,0,18,華南永昌-竹北,2024-06-19,9339
4967,十銓,70,53,17,華南永昌-竹北,2024-06-19,9339
00936,台新永續高息中小,18,1,17,華南永昌-竹北,2024-06-19,9339
1560,中砂,17,0,17,華南永昌-竹北,2024-06-19,9339
3552,同致,17,0,17,華南永昌-竹北,2024-06-19,9339
1304,台聚,36,20,16,華南永昌-竹北,2024-06-19,9339
5483,中美晶,26,10,16,華南永昌-竹北,2024-06-19,9339
00713,元大台灣高息低波,16,0,16,華南永昌-竹北,2024-06-19,9339
8210,勤誠,16,1,15,華南永昌-竹北,2024-06-19,9339
2014,中鴻,15,0,15,華南永昌-竹北,2024-06-19,9339
3363,上詮,31,16,15,華南永昌-竹北,2024-06-19,9339
6104,創惟,14,0,14,華南永昌-竹北,2024-06-19,9339
8046,南電,19,5,14,華南永昌-竹北,2024-06-19,9339
00937B,群益ESG投等債20,237,2,235,華南永昌-竹北,2024-06-20,9339
3202,樺晟,133,1,132,華南永昌-竹北,2024-06-20,9339
8277,商丞,129,0,129,華南永昌-竹北,2024-06-20,9339
2101,南港,100,0,100,華南永昌-竹北,2024-06-20,9339
00687B,國泰20年美債,66,0,66,華南永昌-竹北,2024-06-20,9339
00940,元大台灣價值高息,85,23,62,華南永昌-竹北,2024-06-20,9339
3363,上詮,84,22,62,華南永昌-竹北,2024-06-20,9339
6770,力積電,69,17,52,華南永昌-竹北,2024-06-20,9339
00918,大華優利高填息30,101,50,51,華南永昌-竹北,2024-06-20,9339
00935,野村臺灣新科技50,50,0,50,華南永昌-竹北,2024-06-20,9339
1711,永光,50,0,50,華南永昌-竹北,2024-06-20,9339
00929,復華台灣科技優息,77,28,49,華南永昌-竹北,2024-06-20,9339
00878,國泰永續高股息,55,7,48,華南永昌-竹北,2024-06-20,9339
4768,晶呈科技,42,0,42,華南永昌-竹北,2024-06-20,9339
3231,緯創,43,3,40,華南永昌-竹北,2024-06-20,9339
6834,天二科技,52,16,36,華南永昌-竹北,2024-06-20,9339
00676R,富邦臺灣加權反1,34,0,34,華南永昌-竹北,2024-06-20,9339
3048,益登,32,1,31,華南永昌-竹北,2024-06-20,9339
2376,技嘉,38,11,27,華南永昌-竹北,2024-06-20,9339
6617,共信-KY,27,1,26,華南永昌-竹北,2024-06-20,9339
6231,系微,25,0,25,華南永昌-竹北,2024-06-20,9339
3209,全科,25,0,25,華南永昌-竹北,2024-06-20,9339
6188,廣明,25,0,25,華南永昌-竹北,2024-06-20,9339
2610,華航,29,5,24,華南永昌-竹北,2024-06-20,9339
6451,訊芯-KY,29,6,23,華南永昌-竹北,2024-06-20,9339
3017,奇鋐,44,22,22,華南永昌-竹北,2024-06-20,9339
2476,鉅祥,21,0,21,華南永昌-竹北,2024-06-20,9339
6223,旺矽,21,0,21,華南永昌-竹北,2024-06-20,9339
00679B,元大美債20年,26,6,20,華南永昌-竹北,2024-06-20,9339
00927,群益半導體收益,20,0,20,華南永昌-竹北,2024-06-20,9339
00947,台新臺灣IC設計,20,0,20,華南永昌-竹北,2024-06-20,9339
2365,昆盈,50,32,18,華南永昌-竹北,2024-06-20,9339
6182,合晶,17,0,17,華南永昌-竹北,2024-06-20,9339
2330,台積電,22,5,17,華南永昌-竹北,2024-06-20,9339
00936,台新永續高息中小,20,4,16,華南永昌-竹北,2024-06-20,9339
00919,群益台灣精選高息,43,28,15,華南永昌-竹北,2024-06-20,9339
6531,愛普*,18,3,15,華南永昌-竹北,2024-06-20,9339
00712,復華富時不動產,14,0,14,華南永昌-竹北,2024-06-20,9339
2353,宏��,21,8,13,華南永昌-竹北,2024-06-20,9339
00941,中信上游半導體,13,0,13,華南永昌-竹北,2024-06-20,9339
00948B,中信優息投資級債,13,0,13,華南永昌-竹北,2024-06-20,9339
2374,佳能,20,8,12,華南永昌-竹北,2024-06-20,9339
3047,訊舟,32,20,12,華南永昌-竹北,2024-06-20,9339
2498,宏達電,13,2,11,華南永昌-竹北,2024-06-20,9339
3673,TPK-KY,23,12,11,華南永昌-竹北,2024-06-20,9339
00751B,元大AAA至A公司債,11,0,11,華南永昌-竹北,2024-06-20,9339
6160,欣技,10,0,10,華南永昌-竹北,2024-06-20,9339
1471,首利,10,0,10,華南永昌-竹北,2024-06-20,9339
2464,盟立,10,0,10,華南永昌-竹北,2024-06-20,9339
2603,長榮,14,4,10,華南永昌-竹北,2024-06-20,9339
2609,陽明,973,423,550,華南永昌-竹北,2024-06-21,9339
3481,群創,566,33,533,華南永昌-竹北,2024-06-21,9339
00632R,元大台灣50反1,600,77,523,華南永昌-竹北,2024-06-21,9339
2615,萬海,506,255,251,華南永昌-竹北,2024-06-21,9339
00919,群益台灣精選高息,280,32,248,華南永昌-竹北,2024-06-21,9339
00706L,期元大S＆P日圓正2,173,0,173,華南永昌-竹北,2024-06-21,9339
8064,東捷,156,10,146,華南永昌-竹北,2024-06-21,9339
00665L,富邦�琤肭磪囓�2,118,2,116,華南永昌-竹北,2024-06-21,9339
00936,台新永續高息中小,106,0,106,華南永昌-竹北,2024-06-21,9339
00937B,群益ESG投等債20,72,1,71,華南永昌-竹北,2024-06-21,9339
00946,群益科技高息成長,72,2,70,華南永昌-竹北,2024-06-21,9339
00940,元大台灣價值高息,74,16,58,華南永昌-竹北,2024-06-21,9339
00927,群益半導體收益,56,0,56,華南永昌-竹北,2024-06-21,9339
2331,精英,74,20,54,華南永昌-竹北,2024-06-21,9339
5530,龍巖,54,1,53,華南永昌-竹北,2024-06-21,9339
1319,東陽,50,0,50,華南永昌-竹北,2024-06-21,9339
6113,亞矽,50,0,50,華南永昌-竹北,2024-06-21,9339
00921,兆豐龍頭等權重,45,0,45,華南永昌-竹北,2024-06-21,9339
2368,金像電,42,6,36,華南永昌-竹北,2024-06-21,9339
2317,鴻海,74,41,33,華南永昌-竹北,2024-06-21,9339
4968,立積,119,87,32,華南永昌-竹北,2024-06-21,9339
00939,統一台灣高息動能,51,20,31,華南永昌-竹北,2024-06-21,9339
6873,泓德能源,30,0,30,華南永昌-竹北,2024-06-21,9339
5236,凌陽創新,27,0,27,華南永昌-竹北,2024-06-21,9339
4958,臻鼎-KY,30,4,26,華南永昌-竹北,2024-06-21,9339
00948B,中信優息投資級債,25,0,25,華南永昌-竹北,2024-06-21,9339
2613,中櫃,25,1,24,華南永昌-竹北,2024-06-21,9339
2476,鉅祥,29,9,20,華南永昌-竹北,2024-06-21,9339
5009,榮剛,20,0,20,華南永昌-竹北,2024-06-21,9339
3450,聯鈞,32,12,20,華南永昌-竹北,2024-06-21,9339
00687B,國泰20年美債,17,0,17,華南永昌-竹北,2024-06-21,9339
1301,台塑,16,1,15,華南永昌-竹北,2024-06-21,9339
2884,玉山金,15,0,15,華南永昌-竹北,2024-06-21,9339
3081,聯亞,28,13,15,華南永昌-竹北,2024-06-21,9339
00720B,元大投資級公司債,13,0,13,華南永昌-竹北,2024-06-21,9339
3580,友威科,13,1,12,華南永昌-竹北,2024-06-21,9339
8112,至上,12,0,12,華南永昌-竹北,2024-06-21,9339
2239,英利-KY,11,0,11,華南永昌-竹北,2024-06-21,9339
3380,明泰,11,0,11,華南永昌-竹北,2024-06-21,9339
6462,神盾,11,0,11,華南永昌-竹北,2024-06-21,9339
00753L,中信中國50正2,10,0,10,華南永昌-竹北,2024-06-21,9339
00933B,國泰10Y+金融債,10,0,10,華南永昌-竹北,2024-06-21,9339
1303,南亞,10,0,10,華南永昌-竹北,2024-06-21,9339
2419,仲琦,10,0,10,華南永昌-竹北,2024-06-21,9339
2537,聯上發,10,0,10,華南永昌-竹北,2024-06-21,9339
3419,譁裕,10,0,10,華南永昌-竹北,2024-06-21,9339
6005,群益證,10,0,10,華南永昌-竹北,2024-06-21,9339
00795B,中信美國公債20年,10,0,10,華南永昌-竹北,2024-06-21,9339
00885,富邦越南,10,1,9,華南永昌-竹北,2024-06-21,9339
1560,中砂,9,0,9,華南永昌-竹北,2024-06-21,9339
3481,群創,787,136,651,華南永昌-竹北,2024-06-24,9339
1314,中石化,459,6,453,華南永昌-竹北,2024-06-24,9339
00919,群益台灣精選高息,152,24,128,華南永昌-竹北,2024-06-24,9339
8438,昶昕,120,23,97,華南永昌-竹北,2024-06-24,9339
00939,統一台灣高息動能,58,0,58,華南永昌-竹北,2024-06-24,9339
4971,IET-KY,50,0,50,華南永昌-竹北,2024-06-24,9339
2368,金像電,159,112,47,華南永昌-竹北,2024-06-24,9339
00936,台新永續高息中小,46,0,46,華南永昌-竹北,2024-06-24,9339
00940,元大台灣價值高息,58,16,42,華南永昌-竹北,2024-06-24,9339
2883,凱基金,40,0,40,華南永昌-竹北,2024-06-24,9339
6219,富旺,36,0,36,華南永昌-竹北,2024-06-24,9339
1101,台泥,36,0,36,華南永昌-竹北,2024-06-24,9339
8085,福華,66,37,29,華南永昌-竹北,2024-06-24,9339
3483,力致,39,12,27,華南永昌-竹北,2024-06-24,9339
2489,瑞軒,29,3,26,華南永昌-竹北,2024-06-24,9339
2464,盟立,39,13,26,華南永昌-竹北,2024-06-24,9339
00946,群益科技高息成長,27,5,22,華南永昌-竹北,2024-06-24,9339
9105,泰金寶-DR,36,14,22,華南永昌-竹北,2024-06-24,9339
00948B,中信優息投資級債,21,0,21,華南永昌-竹北,2024-06-24,9339
5234,達興材料,21,0,21,華南永昌-竹北,2024-06-24,9339
3202,樺晟,29,11,18,華南永昌-竹北,2024-06-24,9339
8277,商丞,30,14,16,華南永昌-竹北,2024-06-24,9339
6548,長科*,15,0,15,華南永昌-竹北,2024-06-24,9339
00665L,富邦�琤肭磪囓�2,35,21,14,華南永昌-竹北,2024-06-24,9339
2330,台積電,30,16,14,華南永昌-竹北,2024-06-24,9339
00795B,中信美國公債20年,13,0,13,華南永昌-竹北,2024-06-24,9339
2374,佳能,40,28,12,華南永昌-竹北,2024-06-24,9339
6207,雷科,12,1,11,華南永昌-竹北,2024-06-24,9339
00918,大華優利高填息30,12,1,11,華南永昌-竹北,2024-06-24,9339
3031,佰鴻,11,0,11,華南永昌-竹北,2024-06-24,9339
5328,華容,17,6,11,華南永昌-竹北,2024-06-24,9339
00921,兆豐龍頭等權重,10,0,10,華南永昌-竹北,2024-06-24,9339
00673R,期元大S＆P原油反1,10,0,10,華南永昌-竹北,2024-06-24,9339
1560,中砂,11,1,10,華南永昌-竹北,2024-06-24,9339
2476,鉅祥,11,1,10,華南永昌-竹北,2024-06-24,9339
3209,全科,10,0,10,華南永昌-竹北,2024-06-24,9339
4979,華星光,11,1,10,華南永昌-竹北,2024-06-24,9339
5530,龍巖,10,0,10,華南永昌-竹北,2024-06-24,9339
6209,今國光,10,0,10,華南永昌-竹北,2024-06-24,9339
2303,聯電,10,0,10,華南永昌-竹北,2024-06-24,9339
9919,康那香,10,1,9,華南永昌-竹北,2024-06-24,9339
00937B,群益ESG投等債20,9,0,9,華南永昌-竹北,2024-06-24,9339
5351,鈺創,9,0,9,華南永昌-竹北,2024-06-24,9339
8933,愛地雅,9,0,9,華南永昌-竹北,2024-06-24,9339
3149,正達,9,0,9,華南永昌-竹北,2024-06-24,9339
1815,富喬,42,34,8,華南永昌-竹北,2024-06-24,9339
00881,國泰台灣5G+,8,0,8,華南永昌-竹北,2024-06-24,9339
00933B,國泰10Y+金融債,8,0,8,華南永昌-竹北,2024-06-24,9339
2101,南港,8,0,8,華南永昌-竹北,2024-06-24,9339
2344,華邦電,10,2,8,華南永昌-竹北,2024-06-24,9339
00706L,期元大S＆P日圓正2,170,0,170,華南永昌-竹北,2024-06-25,9339
3149,正達,130,9,121,華南永昌-竹北,2024-06-25,9339
2374,佳能,73,2,71,華南永昌-竹北,2024-06-25,9339
00929,復華台灣科技優息,83,31,52,華南永昌-竹北,2024-06-25,9339
1217,愛之味,40,0,40,華南永昌-竹北,2024-06-25,9339
00919,群益台灣精選高息,73,35,38,華南永昌-竹北,2024-06-25,9339
6164,華興,36,0,36,華南永昌-竹北,2024-06-25,9339
5371,中光電,53,18,35,華南永昌-竹北,2024-06-25,9339
00713,元大台灣高息低波,35,1,34,華南永昌-竹北,2024-06-25,9339
3663,鑫科,56,22,34,華南永昌-竹北,2024-06-25,9339
00936,台新永續高息中小,32,0,32,華南永昌-竹北,2024-06-25,9339
5234,達興材料,32,0,32,華南永昌-竹北,2024-06-25,9339
2867,三商壽,30,0,30,華南永昌-竹北,2024-06-25,9339
1815,富喬,51,23,28,華南永昌-竹北,2024-06-25,9339
2312,金寶,26,0,26,華南永昌-竹北,2024-06-25,9339
3481,群創,66,42,24,華南永昌-竹北,2024-06-25,9339
2420,新巨,20,1,19,華南永昌-竹北,2024-06-25,9339
5302,太欣,18,0,18,華南永昌-竹北,2024-06-25,9339
6173,信昌電,29,11,18,華南永昌-竹北,2024-06-25,9339
6548,長科*,21,5,16,華南永昌-竹北,2024-06-25,9339
6219,富旺,15,0,15,華南永昌-竹北,2024-06-25,9339
1301,台塑,13,0,13,華南永昌-竹北,2024-06-25,9339
2455,全新,13,0,13,華南永昌-竹北,2024-06-25,9339
6462,神盾,21,9,12,華南永昌-竹北,2024-06-25,9339
5481,新華,11,0,11,華南永昌-竹北,2024-06-25,9339
2317,鴻海,70,59,11,華南永昌-竹北,2024-06-25,9339
0056,元大高股息,21,11,10,華南永昌-竹北,2024-06-25,9339
1313,聯成,10,0,10,華南永昌-竹北,2024-06-25,9339
4534,慶騰,11,1,10,華南永昌-竹北,2024-06-25,9339
00673R,期元大S＆P原油反1,10,0,10,華南永昌-竹北,2024-06-25,9339
00905,FT臺灣Smart,10,0,10,華南永昌-竹北,2024-06-25,9339
2355,敬鵬,11,1,10,華南永昌-竹北,2024-06-25,9339
4909,新復興,25,15,10,華南永昌-竹北,2024-06-25,9339
6261,久元,10,0,10,華南永昌-竹北,2024-06-25,9339
2883,凱基金,9,0,9,華南永昌-竹北,2024-06-25,9339
6531,愛普*,12,3,9,華南永昌-竹北,2024-06-25,9339
1584,精剛,9,0,9,華南永昌-竹北,2024-06-25,9339
3535,晶彩科,23,14,9,華南永昌-竹北,2024-06-25,9339
6282,康舒,10,1,9,華南永昌-竹北,2024-06-25,9339
5263,智崴,8,0,8,華南永昌-竹北,2024-06-25,9339
4956,光鋐,9,1,8,華南永昌-竹北,2024-06-25,9339
2356,英業達,10,3,7,華南永昌-竹北,2024-06-25,9339
2438,翔耀,7,0,7,華南永昌-竹北,2024-06-25,9339
6596,寬宏藝術,7,0,7,華南永昌-竹北,2024-06-25,9339
3652,精聯,10,4,6,華南永昌-竹北,2024-06-25,9339
2002,中鋼,6,0,6,華南永昌-竹北,2024-06-25,9339
3016,嘉晶,6,0,6,華南永昌-竹北,2024-06-25,9339
2618,長榮航,8,2,6,華南永昌-竹北,2024-06-25,9339
2365,昆盈,30,25,5,華南永昌-竹北,2024-06-25,9339
6791,虎門科技,5,0,5,華南永昌-竹北,2024-06-25,9339
00937B,群益ESG投等債20,349,0,349,華南永昌-竹北,2024-06-26,9339
2609,陽明,387,196,191,華南永昌-竹北,2024-06-26,9339
2317,鴻海,176,7,169,華南永昌-竹北,2024-06-26,9339
00706L,期元大S＆P日圓正2,168,0,168,華南永昌-竹北,2024-06-26,9339
00929,復華台灣科技優息,121,2,119,華南永昌-竹北,2024-06-26,9339
00857B,永豐20年美公債,80,0,80,華南永昌-竹北,2024-06-26,9339
6175,立敦,50,0,50,華南永昌-竹北,2024-06-26,9339
1785,光洋科,49,4,45,華南永昌-竹北,2024-06-26,9339
3450,聯鈞,57,21,36,華南永昌-竹北,2024-06-26,9339
2382,廣達,50,18,32,華南永昌-竹北,2024-06-26,9339
6873,泓德能源,32,0,32,華南永昌-竹北,2024-06-26,9339
2465,麗臺,31,1,30,華南永昌-竹北,2024-06-26,9339
8358,金居,30,0,30,華南永昌-竹北,2024-06-26,9339
2354,鴻準,30,4,26,華南永昌-竹北,2024-06-26,9339
2337,旺宏,26,0,26,華南永昌-竹北,2024-06-26,9339
1609,大亞,48,22,26,華南永昌-竹北,2024-06-26,9339
1447,力鵬,24,0,24,華南永昌-竹北,2024-06-26,9339
3149,正達,92,70,22,華南永昌-竹北,2024-06-26,9339
2002,中鋼,19,1,18,華南永昌-竹北,2024-06-26,9339
1709,和益,22,4,18,華南永昌-竹北,2024-06-26,9339
00933B,國泰10Y+金融債,18,0,18,華南永昌-竹北,2024-06-26,9339
8085,福華,30,12,18,華南永昌-竹北,2024-06-26,9339
2409,友達,17,0,17,華南永昌-竹北,2024-06-26,9339
6531,愛普*,17,1,16,華南永昌-竹北,2024-06-26,9339
2883,凱基金,16,0,16,華南永昌-竹北,2024-06-26,9339
6505,台塑化,14,0,14,華南永昌-竹北,2024-06-26,9339
2303,聯電,14,0,14,華南永昌-竹北,2024-06-26,9339
1303,南亞,15,2,13,華南永昌-竹北,2024-06-26,9339
3376,新日興,14,2,12,華南永昌-竹北,2024-06-26,9339
00893,國泰智能電動車,11,0,11,華南永昌-竹北,2024-06-26,9339
00948B,中信優息投資級債,11,0,11,華南永昌-竹北,2024-06-26,9339
3060,銘異,11,0,11,華南永昌-竹北,2024-06-26,9339
2417,圓剛,10,0,10,華南永昌-竹北,2024-06-26,9339
3702,大聯大,10,0,10,華南永昌-竹北,2024-06-26,9339
4306,炎洲,10,0,10,華南永昌-竹北,2024-06-26,9339
5202,力新,10,0,10,華南永昌-竹北,2024-06-26,9339
6637,醫影,10,0,10,華南永昌-竹北,2024-06-26,9339
5328,華容,10,0,10,華南永昌-竹北,2024-06-26,9339
3413,京鼎,21,12,9,華南永昌-竹北,2024-06-26,9339
00936,台新永續高息中小,9,0,9,華南永昌-竹北,2024-06-26,9339
1326,台化,9,0,9,華南永昌-竹北,2024-06-26,9339
00687B,國泰20年美債,9,0,9,華南永昌-竹北,2024-06-26,9339
2014,中鴻,10,1,9,華南永昌-竹北,2024-06-26,9339
3581,博磊,11,2,9,華南永昌-竹北,2024-06-26,9339
00895,富邦未來車,8,0,8,華南永昌-竹北,2024-06-26,9339
6706,惠特,10,2,8,華南永昌-竹北,2024-06-26,9339
3231,緯創,8,0,8,華南永昌-竹北,2024-06-26,9339
00935,野村臺灣新科技50,7,0,7,華南永昌-竹北,2024-06-26,9339
3234,光環,10,3,7,華南永昌-竹北,2024-06-26,9339
8054,安國,8,1,7,華南永昌-竹北,2024-06-26,9339
00937B,群益ESG投等債20,259,1,258,華南永昌-竹北,2024-06-27,9339
00948B,中信優息投資級債,149,0,149,華南永昌-竹北,2024-06-27,9339
00637L,元大滬深300正2,140,0,140,華南永昌-竹北,2024-06-27,9339
1217,愛之味,100,0,100,華南永昌-竹北,2024-06-27,9339
00929,復華台灣科技優息,95,1,94,華南永昌-竹北,2024-06-27,9339
00687B,國泰20年美債,75,0,75,華南永昌-竹北,2024-06-27,9339
00936,台新永續高息中小,73,0,73,華南永昌-竹北,2024-06-27,9339
3047,訊舟,150,82,68,華南永昌-竹北,2024-06-27,9339
1709,和益,49,5,44,華南永昌-竹北,2024-06-27,9339
6834,天二科技,46,2,44,華南永昌-竹北,2024-06-27,9339
2820,華票,38,0,38,華南永昌-竹北,2024-06-27,9339
3710,連展投控,33,0,33,華南永昌-竹北,2024-06-27,9339
5351,鈺創,34,1,33,華南永昌-竹北,2024-06-27,9339
4167,松瑞藥,44,14,30,華南永昌-竹北,2024-06-27,9339
5530,龍巖,30,0,30,華南永昌-竹北,2024-06-27,9339
8085,福華,36,6,30,華南永昌-竹北,2024-06-27,9339
6806,森崴能源,80,52,28,華南永昌-竹北,2024-06-27,9339
00679B,元大美債20年,25,0,25,華南永昌-竹北,2024-06-27,9339
2337,旺宏,23,0,23,華南永昌-竹北,2024-06-27,9339
4976,佳凌,23,1,22,華南永昌-竹北,2024-06-27,9339
3450,聯鈞,31,10,21,華南永昌-竹北,2024-06-27,9339
1720,生達,20,0,20,華南永昌-竹北,2024-06-27,9339
2338,光罩,18,0,18,華南永昌-竹北,2024-06-27,9339
5471,松翰,18,0,18,華南永昌-竹北,2024-06-27,9339
2303,聯電,17,0,17,華南永昌-竹北,2024-06-27,9339
6443,元晶,27,11,16,華南永昌-竹北,2024-06-27,9339
2332,友訊,16,0,16,華南永昌-竹北,2024-06-27,9339
2330,台積電,16,0,16,華南永昌-竹北,2024-06-27,9339
00795B,中信美國公債20年,15,0,15,華南永昌-竹北,2024-06-27,9339
8089,康全電訊,15,0,15,華南永昌-竹北,2024-06-27,9339
8358,金居,15,0,15,華南永昌-竹北,2024-06-27,9339
2609,陽明,347,333,14,華南永昌-竹北,2024-06-27,9339
2374,佳能,15,1,14,華南永昌-竹北,2024-06-27,9339
00946,群益科技高息成長,12,0,12,華南永昌-竹北,2024-06-27,9339
3264,欣銓,12,0,12,華南永昌-竹北,2024-06-27,9339
6244,茂迪,15,3,12,華南永昌-竹北,2024-06-27,9339
00942B,台新美A公司債20+,11,0,11,華南永昌-竹北,2024-06-27,9339
4714,永捷,11,0,11,華南永昌-竹北,2024-06-27,9339
2851,中再保,11,0,11,華南永昌-竹北,2024-06-27,9339
2884,玉山金,11,1,10,華南永昌-竹北,2024-06-27,9339
3576,聯合再生,23,12,11,華南永昌-竹北,2024-06-27,9339
912000,晨訊科-DR,10,0,10,華南永昌-竹北,2024-06-27,9339
3483,力致,12,2,10,華南永昌-竹北,2024-06-27,9339
1618,合機,15,6,9,華南永昌-竹北,2024-06-27,9339
4571,鈞興-KY,9,0,9,華南永昌-竹北,2024-06-27,9339
9105,泰金寶-DR,9,0,9,華南永昌-竹北,2024-06-27,9339
2363,矽統,9,1,8,華南永昌-竹北,2024-06-27,9339
6461,益得,8,0,8,華南永昌-竹北,2024-06-27,9339
5443,均豪,46,38,8,華南永昌-竹北,2024-06-27,9339
8064,東捷,27,19,8,華南永昌-竹北,2024-06-27,9339
00680L,元大美債20正2,619,200,419,華南永昌-竹北,2024-06-28,9339
00673R,期元大S＆P原油反1,210,0,210,華南永昌-竹北,2024-06-28,9339
00937B,群益ESG投等債20,209,0,209,華南永昌-竹北,2024-06-28,9339
8110,華東,175,0,175,華南永昌-竹北,2024-06-28,9339
6164,華興,101,0,101,華南永昌-竹北,2024-06-28,9339
6834,天二科技,120,38,82,華南永昌-竹北,2024-06-28,9339
00706L,期元大S＆P日圓正2,75,0,75,華南永昌-竹北,2024-06-28,9339
1799,易威,58,0,58,華南永昌-竹北,2024-06-28,9339
00940,元大台灣價值高息,71,17,54,華南永昌-竹北,2024-06-28,9339
00929,復華台灣科技優息,48,0,48,華南永昌-竹北,2024-06-28,9339
1784,訊聯,44,1,43,華南永昌-竹北,2024-06-28,9339
2615,萬海,46,6,40,華南永昌-竹北,2024-06-28,9339
6197,佳必琪,35,1,34,華南永昌-竹北,2024-06-28,9339
00633L,富邦上証正2,30,0,30,華南永昌-竹北,2024-06-28,9339
2867,三商壽,30,0,30,華南永昌-竹北,2024-06-28,9339
8085,福華,80,50,30,華南永昌-竹北,2024-06-28,9339
4167,松瑞藥,29,1,28,華南永昌-竹北,2024-06-28,9339
5876,上海商銀,27,0,27,華南永昌-竹北,2024-06-28,9339
2303,聯電,24,0,24,華南永昌-竹北,2024-06-28,9339
2301,光寶科,26,3,23,華南永昌-竹北,2024-06-28,9339
3048,益登,58,35,23,華南永昌-竹北,2024-06-28,9339
1617,榮星,23,0,23,華南永昌-竹北,2024-06-28,9339
1326,台化,21,0,21,華南永昌-竹北,2024-06-28,9339
00935,野村臺灣新科技50,20,0,20,華南永昌-竹北,2024-06-28,9339
2353,宏��,22,2,20,華南永昌-竹北,2024-06-28,9339
8105,凌巨,20,1,19,華南永昌-竹北,2024-06-28,9339
2354,鴻準,24,5,19,華南永昌-竹北,2024-06-28,9339
4958,臻鼎-KY,60,42,18,華南永昌-竹北,2024-06-28,9339
00948B,中信優息投資級債,17,0,17,華南永昌-竹北,2024-06-28,9339
3362,先進光,90,73,17,華南永昌-竹北,2024-06-28,9339
5392,能率,17,1,16,華南永昌-竹北,2024-06-28,9339
00936,台新永續高息中小,15,0,15,華南永昌-竹北,2024-06-28,9339
2337,旺宏,15,0,15,華南永昌-竹北,2024-06-28,9339
3013,晟銘電,16,2,14,華南永昌-竹北,2024-06-28,9339
3712,永崴投控,31,17,14,華南永昌-竹北,2024-06-28,9339
2405,輔信,13,0,13,華南永昌-竹北,2024-06-28,9339
5347,世界,27,15,12,華南永昌-竹北,2024-06-28,9339
00687B,國泰20年美債,12,0,12,華南永昌-竹北,2024-06-28,9339
1303,南亞,12,0,12,華南永昌-竹北,2024-06-28,9339
3483,力致,12,0,12,華南永昌-竹北,2024-06-28,9339
3576,聯合再生,31,20,11,華南永昌-竹北,2024-06-28,9339
3024,憶聲,11,0,11,華南永昌-竹北,2024-06-28,9339
00772B,中信高評級公司債,10,0,10,華南永昌-竹北,2024-06-28,9339
00795B,中信美國公債20年,10,0,10,華南永昌-竹北,2024-06-28,9339
1310,台苯,10,0,10,華南永昌-竹北,2024-06-28,9339
1612,宏泰,10,0,10,華南永昌-竹北,2024-06-28,9339
1710,東聯,10,0,10,華南永昌-竹北,2024-06-28,9339
6215,和椿,28,18,10,華南永昌-竹北,2024-06-28,9339
6683,雍智科技,10,0,10,華南永昌-竹北,2024-06-28,9339
2489,瑞軒,10,1,9,華南永昌-竹北,2024-06-28,9339
00937B,群益ESG投等債20,3328,7,3321,華南永昌-竹北,2024-07-01,9339
2609,陽明,887,253,634,華南永昌-竹北,2024-07-01,9339
00637L,元大滬深300正2,130,0,130,華南永昌-竹北,2024-07-01,9339
00679B,元大美債20年,124,2,122,華南永昌-竹北,2024-07-01,9339
00687B,國泰20年美債,103,2,101,華南永昌-竹北,2024-07-01,9339
00948B,中信優息投資級債,72,0,72,華南永昌-竹北,2024-07-01,9339
6462,神盾,57,0,57,華南永昌-竹北,2024-07-01,9339
00942B,台新美A公司債20+,45,0,45,華南永昌-竹北,2024-07-01,9339
2002,中鋼,43,0,43,華南永昌-竹北,2024-07-01,9339
2606,裕民,41,0,41,華南永昌-竹北,2024-07-01,9339
6928,攸泰科技,41,2,39,華南永昌-竹北,2024-07-01,9339
2615,萬海,127,90,37,華南永昌-竹北,2024-07-01,9339
8028,昇陽半導體,95,58,37,華南永昌-竹北,2024-07-01,9339
3362,先進光,49,13,36,華南永昌-竹北,2024-07-01,9339
4958,臻鼎-KY,68,33,35,華南永昌-竹北,2024-07-01,9339
3030,德律,34,0,34,華南永昌-竹北,2024-07-01,9339
3312,弘憶股,52,19,33,華南永昌-竹北,2024-07-01,9339
3450,聯鈞,40,7,33,華南永昌-竹北,2024-07-01,9339
8932,智通*,33,0,33,華南永昌-竹北,2024-07-01,9339
2374,佳能,52,21,31,華南永昌-竹北,2024-07-01,9339
00935,野村臺灣新科技50,30,0,30,華南永昌-竹北,2024-07-01,9339
8261,富鼎,28,0,28,華南永昌-竹北,2024-07-01,9339
00795B,中信美國公債20年,26,0,26,華南永昌-竹北,2024-07-01,9339
00680L,元大美債20正2,25,0,25,華南永昌-竹北,2024-07-01,9339
3010,華立,25,0,25,華南永昌-竹北,2024-07-01,9339
2365,昆盈,116,94,22,華南永昌-竹北,2024-07-01,9339
2301,光寶科,40,18,22,華南永昌-竹北,2024-07-01,9339
00878,國泰永續高股息,21,1,20,華南永昌-竹北,2024-07-01,9339
2382,廣達,29,10,19,華南永昌-竹北,2024-07-01,9339
2353,宏��,20,1,19,華南永昌-竹北,2024-07-01,9339
3686,達能,18,0,18,華南永昌-竹北,2024-07-01,9339
4534,慶騰,18,0,18,華南永昌-竹北,2024-07-01,9339
2354,鴻準,16,0,16,華南永昌-竹北,2024-07-01,9339
8070,長華*,16,0,16,華南永昌-竹北,2024-07-01,9339
6770,力積電,68,52,16,華南永昌-竹北,2024-07-01,9339
00751B,元大AAA至A公司債,15,0,15,華南永昌-竹北,2024-07-01,9339
2883,凱基金,15,0,15,華南永昌-竹北,2024-07-01,9339
3596,智易,14,0,14,華南永昌-竹北,2024-07-01,9339
1218,泰山,13,0,13,華南永昌-竹北,2024-07-01,9339
8096,擎亞,12,0,12,華南永昌-竹北,2024-07-01,9339
00933B,國泰10Y+金融債,13,1,12,華南永昌-竹北,2024-07-01,9339
0056,元大高股息,11,0,11,華南永昌-竹北,2024-07-01,9339
00713,元大台灣高息低波,11,0,11,華南永昌-竹北,2024-07-01,9339
00934,中信成長高股息,11,0,11,華南永昌-竹北,2024-07-01,9339
6538,倉和,11,0,11,華南永昌-竹北,2024-07-01,9339
1605,華新,10,0,10,華南永昌-竹北,2024-07-01,9339
00881,國泰台灣5G+,10,0,10,華南永昌-竹北,2024-07-01,9339
8277,商丞,10,0,10,華南永昌-竹北,2024-07-01,9339
3209,全科,9,0,9,華南永昌-竹北,2024-07-01,9339
3231,緯創,11,2,9,華南永昌-竹北,2024-07-01,9339
00673R,期元大S＆P原油反1,217,0,217,華南永昌-竹北,2024-07-02,9339
00680L,元大美債20正2,337,150,187,華南永昌-竹北,2024-07-02,9339
0056,元大高股息,101,0,101,華南永昌-竹北,2024-07-02,9339
6698,旭暉應材,101,5,96,華南永昌-竹北,2024-07-02,9339
6928,攸泰科技,93,0,93,華南永昌-竹北,2024-07-02,9339
00687B,國泰20年美債,85,8,77,華南永昌-竹北,2024-07-02,9339
4123,晟德,88,14,74,華南永昌-竹北,2024-07-02,9339
2609,陽明,174,101,73,華南永昌-竹北,2024-07-02,9339
00929,復華台灣科技優息,200,128,72,華南永昌-竹北,2024-07-02,9339
3027,盛達,70,0,70,華南永昌-竹北,2024-07-02,9339
00878,國泰永續高股息,66,4,62,華南永昌-竹北,2024-07-02,9339
2356,英業達,57,1,56,華南永昌-竹北,2024-07-02,9339
2303,聯電,49,2,47,華南永昌-竹北,2024-07-02,9339
00934,中信成長高股息,45,0,45,華南永昌-竹北,2024-07-02,9339
3492,長盛,40,0,40,華南永昌-竹北,2024-07-02,9339
6139,亞翔,99,60,39,華南永昌-竹北,2024-07-02,9339
00679B,元大美債20年,50,13,37,華南永昌-竹北,2024-07-02,9339
2317,鴻海,41,4,37,華南永昌-竹北,2024-07-02,9339
00936,台新永續高息中小,35,0,35,華南永昌-竹北,2024-07-02,9339
6116,彩晶,31,0,31,華南永昌-竹北,2024-07-02,9339
3704,合勤控,31,0,31,華南永昌-竹北,2024-07-02,9339
8028,昇陽半導體,51,21,30,華南永昌-竹北,2024-07-02,9339
3231,緯創,38,8,30,華南永昌-竹北,2024-07-02,9339
00637L,元大滬深300正2,30,1,29,華南永昌-竹北,2024-07-02,9339
1326,台化,33,5,28,華南永昌-竹北,2024-07-02,9339
2615,萬海,64,37,27,華南永昌-竹北,2024-07-02,9339
00948B,中信優息投資級債,26,0,26,華南永昌-竹北,2024-07-02,9339
8358,金居,25,0,25,華南永昌-竹北,2024-07-02,9339
3048,益登,66,42,24,華南永昌-竹北,2024-07-02,9339
6462,神盾,22,0,22,華南永昌-竹北,2024-07-02,9339
6505,台塑化,22,0,22,華南永昌-竹北,2024-07-02,9339
00937B,群益ESG投等債20,24,2,22,華南永昌-竹北,2024-07-02,9339
8932,智通*,22,0,22,華南永昌-竹北,2024-07-02,9339
2301,光寶科,37,16,21,華南永昌-竹北,2024-07-02,9339
5880,合庫金,20,0,20,華南永昌-竹北,2024-07-02,9339
00927,群益半導體收益,20,0,20,華南永昌-竹北,2024-07-02,9339
912000,晨訊科-DR,20,0,20,華南永昌-竹北,2024-07-02,9339
3702,大聯大,28,9,19,華南永昌-竹北,2024-07-02,9339
00919,群益台灣精選高息,26,9,17,華南永昌-竹北,2024-07-02,9339
2349,錸德,21,5,16,華南永昌-竹北,2024-07-02,9339
00942B,台新美A公司債20+,15,0,15,華南永昌-竹北,2024-07-02,9339
6191,精成科,15,0,15,華南永昌-竹北,2024-07-02,9339
8210,勤誠,25,10,15,華南永昌-竹北,2024-07-02,9339
4306,炎洲,20,6,14,華南永昌-竹北,2024-07-02,9339
00940,元大台灣價值高息,21,8,13,華南永昌-竹北,2024-07-02,9339
9958,世紀鋼,16,3,13,華南永昌-竹北,2024-07-02,9339
00946,群益科技高息成長,14,1,13,華南永昌-竹北,2024-07-02,9339
5243,乙盛-KY,14,2,12,華南永昌-竹北,2024-07-02,9339
1609,大亞,18,7,11,華南永昌-竹北,2024-07-02,9339
6451,訊芯-KY,12,1,11,華南永昌-竹北,2024-07-02,9339
2609,陽明,317,10,307,華南永昌-竹北,2024-07-03,9339
00934,中信成長高股息,219,0,219,華南永昌-竹北,2024-07-03,9339
2359,所羅門,361,189,172,華南永昌-竹北,2024-07-03,9339
1217,愛之味,151,0,151,華南永昌-竹北,2024-07-03,9339
2641,正德,110,0,110,華南永昌-竹北,2024-07-03,9339
2892,第一金,100,1,99,華南永昌-竹北,2024-07-03,9339
2444,兆勁,60,0,60,華南永昌-竹北,2024-07-03,9339
5471,松翰,60,0,60,華南永昌-竹北,2024-07-03,9339
8028,昇陽半導體,63,3,60,華南永昌-竹北,2024-07-03,9339
2888,新光金,56,6,50,華南永昌-竹北,2024-07-03,9339
6834,天二科技,72,24,48,華南永昌-竹北,2024-07-03,9339
6462,神盾,49,1,48,華南永昌-竹北,2024-07-03,9339
5474,聰泰,44,3,41,華南永昌-竹北,2024-07-03,9339
2406,國碩,82,43,39,華南永昌-竹北,2024-07-03,9339
3081,聯亞,41,5,36,華南永昌-竹北,2024-07-03,9339
00949,復華日本龍頭,33,0,33,華南永昌-竹北,2024-07-03,9339
2885,元大金,32,0,32,華南永昌-竹北,2024-07-03,9339
2615,萬海,73,42,31,華南永昌-竹北,2024-07-03,9339
3713,新晶投控,30,0,30,華南永昌-竹北,2024-07-03,9339
2374,佳能,62,32,30,華南永昌-竹北,2024-07-03,9339
8261,富鼎,30,0,30,華南永昌-竹北,2024-07-03,9339
3413,京鼎,33,4,29,華南永昌-竹北,2024-07-03,9339
2882,國泰金,35,7,28,華南永昌-竹北,2024-07-03,9339
1815,富喬,29,3,26,華南永昌-竹北,2024-07-03,9339
2301,光寶科,51,25,26,華南永昌-竹北,2024-07-03,9339
1799,易威,25,0,25,華南永昌-竹北,2024-07-03,9339
2371,大同,30,6,24,華南永昌-竹北,2024-07-03,9339
6532,瑞耘,24,0,24,華南永昌-竹北,2024-07-03,9339
3017,奇鋐,40,17,23,華南永昌-竹北,2024-07-03,9339
1326,台化,21,0,21,華南永昌-竹北,2024-07-03,9339
3362,先進光,35,15,20,華南永昌-竹北,2024-07-03,9339
6509,聚和,20,0,20,華南永昌-竹北,2024-07-03,9339
2356,英業達,30,12,18,華南永昌-竹北,2024-07-03,9339
8147,正淩,17,0,17,華南永昌-竹北,2024-07-03,9339
00919,群益台灣精選高息,16,0,16,華南永昌-竹北,2024-07-03,9339
6142,友勁,16,1,15,華南永昌-竹北,2024-07-03,9339
2338,光罩,21,6,15,華南永昌-竹北,2024-07-03,9339
5425,台半,15,0,15,華南永昌-竹北,2024-07-03,9339
6125,廣運,21,6,15,華南永昌-竹北,2024-07-03,9339
6188,廣明,28,13,15,華南永昌-竹北,2024-07-03,9339
8011,台通,15,0,15,華南永昌-竹北,2024-07-03,9339
00936,台新永續高息中小,14,0,14,華南永昌-竹北,2024-07-03,9339
6197,佳必琪,15,1,14,華南永昌-竹北,2024-07-03,9339
00632R,元大台灣50反1,13,0,13,華南永昌-竹北,2024-07-03,9339
5443,均豪,48,36,12,華南永昌-竹北,2024-07-03,9339
6231,系微,14,2,12,華南永昌-竹北,2024-07-03,9339
4973,廣穎,13,1,12,華南永昌-竹北,2024-07-03,9339
2603,長榮,17,5,12,華南永昌-竹北,2024-07-03,9339
00676R,富邦臺灣加權反1,11,0,11,華南永昌-竹北,2024-07-03,9339
2352,佳世達,11,0,11,華南永昌-竹北,2024-07-03,9339
00680L,元大美債20正2,250,0,250,華南永昌-竹北,2024-07-04,9339
2371,大同,169,5,164,華南永昌-竹北,2024-07-04,9339
2881,富邦金,150,3,147,華南永昌-竹北,2024-07-04,9339
00633L,富邦上証正2,130,0,130,華南永昌-竹北,2024-07-04,9339
2637,慧洋-KY,114,0,114,華南永昌-竹北,2024-07-04,9339
2889,國票金,107,4,103,華南永昌-竹北,2024-07-04,9339
2349,錸德,99,2,97,華南永昌-竹北,2024-07-04,9339
2401,凌陽,95,7,88,華南永昌-竹北,2024-07-04,9339
2355,敬鵬,79,0,79,華南永昌-竹北,2024-07-04,9339
2609,陽明,139,61,78,華南永昌-竹北,2024-07-04,9339
0056,元大高股息,83,6,77,華南永昌-竹北,2024-07-04,9339
2884,玉山金,72,5,67,華南永昌-竹北,2024-07-04,9339
1504,東元,65,0,65,華南永昌-竹北,2024-07-04,9339
2405,輔信,70,21,49,華南永昌-竹北,2024-07-04,9339
5471,松翰,47,0,47,華南永昌-竹北,2024-07-04,9339
3231,緯創,57,12,45,華南永昌-竹北,2024-07-04,9339
2382,廣達,55,13,42,華南永昌-竹北,2024-07-04,9339
9940,信義,41,0,41,華南永昌-竹北,2024-07-04,9339
2359,所羅門,89,48,41,華南永昌-竹北,2024-07-04,9339
2615,萬海,89,49,40,華南永昌-竹北,2024-07-04,9339
6411,晶焱,39,0,39,華南永昌-竹北,2024-07-04,9339
3346,麗清,34,0,34,華南永昌-竹北,2024-07-04,9339
8064,東捷,67,34,33,華南永昌-竹北,2024-07-04,9339
8358,金居,32,0,32,華南永昌-竹北,2024-07-04,9339
1519,華城,34,3,31,華南永昌-竹北,2024-07-04,9339
1536,和大,47,16,31,華南永昌-竹北,2024-07-04,9339
3037,欣興,35,6,29,華南永昌-竹北,2024-07-04,9339
2329,華泰,30,1,29,華南永昌-竹北,2024-07-04,9339
00934,中信成長高股息,26,0,26,華南永昌-竹北,2024-07-04,9339
6175,立敦,50,25,25,華南永昌-竹北,2024-07-04,9339
2344,華邦電,40,16,24,華南永昌-竹北,2024-07-04,9339
6231,系微,27,5,22,華南永昌-竹北,2024-07-04,9339
00665L,富邦�琤肭磪囓�2,22,0,22,華南永昌-竹北,2024-07-04,9339
6462,神盾,42,21,21,華南永昌-竹北,2024-07-04,9339
1709,和益,20,0,20,華南永昌-竹北,2024-07-04,9339
2444,兆勁,20,0,20,華南永昌-竹北,2024-07-04,9339
3413,京鼎,27,7,20,華南永昌-竹北,2024-07-04,9339
2412,中華電,230,211,19,華南永昌-竹北,2024-07-04,9339
6188,廣明,22,4,18,華南永昌-竹北,2024-07-04,9339
6197,佳必琪,18,0,18,華南永昌-竹北,2024-07-04,9339
6160,欣技,17,0,17,華南永昌-竹北,2024-07-04,9339
00893,國泰智能電動車,19,2,17,華南永昌-竹北,2024-07-04,9339
5351,鈺創,16,0,16,華南永昌-竹北,2024-07-04,9339
8996,高力,19,4,15,華南永昌-竹北,2024-07-04,9339
4958,臻鼎-KY,84,70,14,華南永昌-竹北,2024-07-04,9339
00882,中信中國高股息,18,5,13,華南永昌-竹北,2024-07-04,9339
4526,東台,15,2,13,華南永昌-竹北,2024-07-04,9339
6640,均華,14,1,13,華南永昌-竹北,2024-07-04,9339
2354,鴻準,20,8,12,華南永昌-竹北,2024-07-04,9339
00830,國泰費城半導體,12,0,12,華南永昌-竹北,2024-07-04,9339
00632R,元大台灣50反1,300,0,300,華南永昌-竹北,2024-07-05,9339
6202,盛群,264,0,264,華南永昌-竹北,2024-07-05,9339
2317,鴻海,217,1,216,華南永昌-竹北,2024-07-05,9339
2881,富邦金,160,12,148,華南永昌-竹北,2024-07-05,9339
2486,一詮,111,10,101,華南永昌-竹北,2024-07-05,9339
00680L,元大美債20正2,100,0,100,華南永昌-竹北,2024-07-05,9339
1815,富喬,101,2,99,華南永昌-竹北,2024-07-05,9339
00934,中信成長高股息,98,0,98,華南永昌-竹北,2024-07-05,9339
4976,佳凌,82,1,81,華南永昌-竹北,2024-07-05,9339
00882,中信中國高股息,80,2,78,華南永昌-竹北,2024-07-05,9339
5471,松翰,74,0,74,華南永昌-竹北,2024-07-05,9339
3202,樺晟,59,0,59,華南永昌-竹北,2024-07-05,9339
00919,群益台灣精選高息,63,5,58,華南永昌-竹北,2024-07-05,9339
00673R,期元大S＆P原油反1,56,0,56,華南永昌-竹北,2024-07-05,9339
2834,臺企銀,52,0,52,華南永昌-竹北,2024-07-05,9339
2401,凌陽,58,7,51,華南永昌-竹北,2024-07-05,9339
2301,光寶科,51,4,47,華南永昌-竹北,2024-07-05,9339
6706,惠特,49,3,46,華南永昌-竹北,2024-07-05,9339
2641,正德,60,14,46,華南永昌-竹北,2024-07-05,9339
2413,環科,43,0,43,華南永昌-竹北,2024-07-05,9339
6698,旭暉應材,77,36,41,華南永昌-竹北,2024-07-05,9339
2374,佳能,66,25,41,華南永昌-竹北,2024-07-05,9339
6160,欣技,45,6,39,華南永昌-竹北,2024-07-05,9339
2884,玉山金,40,2,38,華南永昌-竹北,2024-07-05,9339
3047,訊舟,58,20,38,華南永昌-竹北,2024-07-05,9339
3707,漢磊,37,2,35,華南永昌-竹北,2024-07-05,9339
00935,野村臺灣新科技50,33,0,33,華南永昌-竹北,2024-07-05,9339
00927,群益半導體收益,50,20,30,華南永昌-竹北,2024-07-05,9339
2498,宏達電,32,3,29,華南永昌-竹北,2024-07-05,9339
3406,玉晶光,28,2,26,華南永昌-竹北,2024-07-05,9339
4534,慶騰,23,0,23,華南永昌-竹北,2024-07-05,9339
00933B,國泰10Y+金融債,22,0,22,華南永昌-竹北,2024-07-05,9339
2344,華邦電,22,0,22,華南永昌-竹北,2024-07-05,9339
4906,正文,22,1,21,華南永昌-竹北,2024-07-05,9339
00948B,中信優息投資級債,21,0,21,華南永昌-竹北,2024-07-05,9339
9105,泰金寶-DR,23,3,20,華南永昌-竹北,2024-07-05,9339
2509,全坤建,19,0,19,華南永昌-竹北,2024-07-05,9339
00637L,元大滬深300正2,18,0,18,華南永昌-竹北,2024-07-05,9339
1503,士電,24,7,17,華南永昌-竹北,2024-07-05,9339
2882,國泰金,27,10,17,華南永昌-竹北,2024-07-05,9339
6152,百一,17,0,17,華南永昌-竹北,2024-07-05,9339
6937,天虹,19,3,16,華南永昌-竹北,2024-07-05,9339
00679B,元大美債20年,16,1,15,華南永昌-竹北,2024-07-05,9339
00937B,群益ESG投等債20,14,0,14,華南永昌-竹北,2024-07-05,9339
3363,上詮,14,0,14,華南永昌-竹北,2024-07-05,9339
3209,全科,13,0,13,華南永昌-竹北,2024-07-05,9339
6215,和椿,21,9,12,華南永昌-竹北,2024-07-05,9339
0052,富邦科技,12,0,12,華南永昌-竹北,2024-07-05,9339
2820,華票,12,0,12,華南永昌-竹北,2024-07-05,9339
8104,錸寶,28,16,12,華南永昌-竹北,2024-07-05,9339
2882,國泰金,402,42,360,華南永昌-竹北,2024-07-08,9339
00680L,元大美債20正2,250,0,250,華南永昌-竹北,2024-07-08,9339
6834,天二科技,150,42,108,華南永昌-竹北,2024-07-08,9339
2313,華通,111,16,95,華南永昌-竹北,2024-07-08,9339
4958,臻鼎-KY,114,22,92,華南永昌-竹北,2024-07-08,9339
00633L,富邦上証正2,90,0,90,華南永昌-竹北,2024-07-08,9339
00878,國泰永續高股息,105,18,87,華南永昌-竹北,2024-07-08,9339
2338,光罩,80,0,80,華南永昌-竹北,2024-07-08,9339
3703,欣陸,72,0,72,華南永昌-竹北,2024-07-08,9339
6160,欣技,79,17,62,華南永昌-竹北,2024-07-08,9339
2363,矽統,319,260,59,華南永昌-竹北,2024-07-08,9339
2337,旺宏,70,12,58,華南永昌-竹北,2024-07-08,9339
4174,浩鼎,63,7,56,華南永昌-竹北,2024-07-08,9339
00934,中信成長高股息,53,3,50,華南永昌-竹北,2024-07-08,9339
00919,群益台灣精選高息,74,24,50,華南永昌-竹北,2024-07-08,9339
00937B,群益ESG投等債20,48,1,47,華南永昌-竹北,2024-07-08,9339
2401,凌陽,63,18,45,華南永昌-竹北,2024-07-08,9339
3481,群創,66,21,45,華南永昌-竹北,2024-07-08,9339
00665L,富邦�琤肭磪囓�2,40,0,40,華南永昌-竹北,2024-07-08,9339
2618,長榮航,44,5,39,華南永昌-竹北,2024-07-08,9339
6840,東研信超,38,0,38,華南永昌-竹北,2024-07-08,9339
6953,家碩,37,0,37,華南永昌-竹北,2024-07-08,9339
2374,佳能,95,64,31,華南永昌-竹北,2024-07-08,9339
3406,玉晶光,34,3,31,華南永昌-竹北,2024-07-08,9339
6806,森崴能源,30,0,30,華南永昌-竹北,2024-07-08,9339
00928,中信上櫃ESG30,30,0,30,華南永昌-竹北,2024-07-08,9339
2428,興勤,30,0,30,華南永昌-竹北,2024-07-08,9339
2867,三商壽,30,0,30,華南永昌-竹北,2024-07-08,9339
2312,金寶,29,0,29,華南永昌-竹北,2024-07-08,9339
2610,華航,34,6,28,華南永昌-竹北,2024-07-08,9339
1785,光洋科,50,25,25,華南永昌-竹北,2024-07-08,9339
2439,美律,24,0,24,華南永昌-竹北,2024-07-08,9339
6922,宸曜,25,2,23,華南永昌-竹北,2024-07-08,9339
3537,堡達,25,4,21,華南永昌-竹北,2024-07-08,9339
00941,中信上游半導體,20,0,20,華南永昌-竹北,2024-07-08,9339
6288,聯嘉,20,0,20,華南永昌-竹北,2024-07-08,9339
6126,信音,31,12,19,華南永昌-竹北,2024-07-08,9339
00905,FT臺灣Smart,20,1,19,華南永昌-竹北,2024-07-08,9339
4168,醣聯,20,1,19,華南永昌-竹北,2024-07-08,9339
0056,元大高股息,20,2,18,華南永昌-竹北,2024-07-08,9339
6698,旭暉應材,17,1,16,華南永昌-竹北,2024-07-08,9339
5474,聰泰,15,0,15,華南永昌-竹北,2024-07-08,9339
3338,泰碩,15,0,15,華南永昌-竹北,2024-07-08,9339
6207,雷科,29,14,15,華南永昌-竹北,2024-07-08,9339
5607,遠雄港,13,0,13,華南永昌-竹北,2024-07-08,9339
5243,乙盛-KY,13,0,13,華南永昌-竹北,2024-07-08,9339
5452,佶優,18,5,13,華南永昌-竹北,2024-07-08,9339
00929,復華台灣科技優息,39,26,13,華南永昌-竹北,2024-07-08,9339
2417,圓剛,12,0,12,華南永昌-竹北,2024-07-08,9339
2002,中鋼,12,0,12,華南永昌-竹北,2024-07-08,9339
4510,高鋒,184,11,173,華南永昌-竹北,2024-07-09,9339
2888,新光金,176,22,154,華南永昌-竹北,2024-07-09,9339
3231,緯創,183,49,134,華南永昌-竹北,2024-07-09,9339
8105,凌巨,114,3,111,華南永昌-竹北,2024-07-09,9339
6840,東研信超,96,0,96,華南永昌-竹北,2024-07-09,9339
2401,凌陽,89,3,86,華南永昌-竹北,2024-07-09,9339
6202,盛群,79,0,79,華南永昌-竹北,2024-07-09,9339
9105,泰金寶-DR,230,153,77,華南永昌-竹北,2024-07-09,9339
2637,慧洋-KY,72,0,72,華南永昌-竹北,2024-07-09,9339
2369,菱生,70,0,70,華南永昌-竹北,2024-07-09,9339
4906,正文,97,30,67,華南永昌-竹北,2024-07-09,9339
2609,陽明,279,214,65,華南永昌-竹北,2024-07-09,9339
2615,萬海,146,83,63,華南永昌-竹北,2024-07-09,9339
2312,金寶,196,133,63,華南永昌-竹北,2024-07-09,9339
3703,欣陸,50,0,50,華南永昌-竹北,2024-07-09,9339
2374,佳能,55,9,46,華南永昌-竹北,2024-07-09,9339
00948B,中信優息投資級債,41,0,41,華南永昌-竹北,2024-07-09,9339
00939,統一台灣高息動能,51,14,37,華南永昌-竹北,2024-07-09,9339
4976,佳凌,56,21,35,華南永昌-竹北,2024-07-09,9339
00936,台新永續高息中小,32,0,32,華南永昌-竹北,2024-07-09,9339
00929,復華台灣科技優息,58,29,29,華南永昌-竹北,2024-07-09,9339
2349,錸德,30,2,28,華南永昌-竹北,2024-07-09,9339
0056,元大高股息,28,0,28,華南永昌-竹北,2024-07-09,9339
2317,鴻海,55,29,26,華南永昌-竹北,2024-07-09,9339
3037,欣興,43,19,24,華南永昌-竹北,2024-07-09,9339
3363,上詮,24,0,24,華南永昌-竹北,2024-07-09,9339
3706,神達,46,22,24,華南永昌-竹北,2024-07-09,9339
6505,台塑化,24,1,23,華南永昌-竹北,2024-07-09,9339
6443,元晶,22,0,22,華南永昌-竹北,2024-07-09,9339
2313,華通,73,52,21,華南永昌-竹北,2024-07-09,9339
3545,敦泰,23,2,21,華南永昌-竹北,2024-07-09,9339
2618,長榮航,21,1,20,華南永昌-竹北,2024-07-09,9339
00632R,元大台灣50反1,219,200,19,華南永昌-竹北,2024-07-09,9339
2419,仲琦,19,0,19,華南永昌-竹北,2024-07-09,9339
3481,群創,21,3,18,華南永昌-竹北,2024-07-09,9339
4973,廣穎,22,4,18,華南永昌-竹北,2024-07-09,9339
6207,雷科,31,13,18,華南永昌-竹北,2024-07-09,9339
2402,毅嘉,34,17,17,華南永昌-竹北,2024-07-09,9339
00934,中信成長高股息,17,0,17,華南永昌-竹北,2024-07-09,9339
2324,仁寶,17,0,17,華南永昌-竹北,2024-07-09,9339
2367,燿華,55,38,17,華南永昌-竹北,2024-07-09,9339
1609,大亞,24,8,16,華南永昌-竹北,2024-07-09,9339
2834,臺企銀,17,1,16,華南永昌-竹北,2024-07-09,9339
2330,台積電,27,12,15,華南永昌-竹北,2024-07-09,9339
2353,宏��,14,0,14,華南永昌-竹北,2024-07-09,9339
4960,誠美材,28,15,13,華南永昌-竹北,2024-07-09,9339
2610,華航,14,1,13,華南永昌-竹北,2024-07-09,9339
2884,玉山金,13,0,13,華南永昌-竹北,2024-07-09,9339
3227,原相,16,3,13,華南永昌-竹北,2024-07-09,9339
3324,雙鴻,17,5,12,華南永昌-竹北,2024-07-09,9339
00946,群益科技高息成長,245,0,245,華南永昌-竹北,2024-07-10,9339
2881,富邦金,254,20,234,華南永昌-竹北,2024-07-10,9339
2392,正崴,194,63,131,華南永昌-竹北,2024-07-10,9339
00919,群益台灣精選高息,106,19,87,華南永昌-竹北,2024-07-10,9339
6789,采鈺,83,3,80,華南永昌-竹北,2024-07-10,9339
1815,富喬,170,97,73,華南永昌-竹北,2024-07-10,9339
3047,訊舟,184,129,55,華南永昌-竹北,2024-07-10,9339
2301,光寶科,90,39,51,華南永昌-竹北,2024-07-10,9339
2834,臺企銀,52,6,46,華南永昌-竹北,2024-07-10,9339
3706,神達,140,94,46,華南永昌-竹北,2024-07-10,9339
5474,聰泰,44,3,41,華南永昌-竹北,2024-07-10,9339
4956,光鋐,40,0,40,華南永昌-竹北,2024-07-10,9339
00939,統一台灣高息動能,51,11,40,華南永昌-竹北,2024-07-10,9339
00934,中信成長高股息,38,0,38,華南永昌-竹北,2024-07-10,9339
6546,正基,42,5,37,華南永昌-竹北,2024-07-10,9339
6834,天二科技,36,0,36,華南永昌-竹北,2024-07-10,9339
8277,商丞,30,0,30,華南永昌-竹北,2024-07-10,9339
3492,長盛,29,0,29,華南永昌-竹北,2024-07-10,9339
1514,亞力,49,21,28,華南永昌-竹北,2024-07-10,9339
00940,元大台灣價值高息,86,60,26,華南永昌-竹北,2024-07-10,9339
6218,豪勉,62,39,23,華南永昌-竹北,2024-07-10,9339
00935,野村臺灣新科技50,21,0,21,華南永昌-竹北,2024-07-10,9339
4174,浩鼎,20,0,20,華南永昌-竹北,2024-07-10,9339
00679B,元大美債20年,19,0,19,華南永昌-竹北,2024-07-10,9339
1303,南亞,20,1,19,華南永昌-竹北,2024-07-10,9339
6840,東研信超,19,0,19,華南永昌-竹北,2024-07-10,9339
6005,群益證,17,1,16,華南永昌-竹北,2024-07-10,9339
4904,遠傳,16,1,15,華南永昌-竹北,2024-07-10,9339
4909,新復興,16,1,15,華南永昌-竹北,2024-07-10,9339
6229,研通,15,0,15,華南永昌-竹北,2024-07-10,9339
2405,輔信,30,16,14,華南永昌-竹北,2024-07-10,9339
8092,建暐,14,0,14,華南永昌-竹北,2024-07-10,9339
8374,羅昇,15,2,13,華南永昌-竹北,2024-07-10,9339
0052,富邦科技,12,0,12,華南永昌-竹北,2024-07-10,9339
3363,上詮,12,0,12,華南永昌-竹北,2024-07-10,9339
5243,乙盛-KY,33,21,12,華南永昌-竹北,2024-07-10,9339
2305,全友,11,0,11,華南永昌-竹北,2024-07-10,9339
2618,長榮航,10,0,10,華南永昌-竹北,2024-07-10,9339
00937B,群益ESG投等債20,10,0,10,華南永昌-竹北,2024-07-10,9339
6134,萬旭,10,0,10,華南永昌-竹北,2024-07-10,9339
2367,燿華,21,11,10,華南永昌-竹北,2024-07-10,9339
1608,華榮,17,8,9,華南永昌-竹北,2024-07-10,9339
00712,復華富時不動產,9,0,9,華南永昌-竹北,2024-07-10,9339
8107,大億金茂,10,1,9,華南永昌-竹北,2024-07-10,9339
1515,力山,12,3,9,華南永昌-竹北,2024-07-10,9339
1605,華新,9,0,9,華南永昌-竹北,2024-07-10,9339
2363,矽統,12,3,9,華南永昌-竹北,2024-07-10,9339
6271,同欣電,10,2,8,華南永昌-竹北,2024-07-10,9339
6531,愛普*,13,5,8,華南永昌-竹北,2024-07-10,9339
2641,正德,10,2,8,華南永昌-竹北,2024-07-10,9339
00680L,元大美債20正2,1547,0,1547,華南永昌-竹北,2024-07-11,9339
2354,鴻準,311,68,243,華南永昌-竹北,2024-07-11,9339
00934,中信成長高股息,131,0,131,華南永昌-竹北,2024-07-11,9339
2353,宏��,332,208,124,華南永昌-竹北,2024-07-11,9339
2603,長榮,108,0,108,華南永昌-竹北,2024-07-11,9339
00891,中信關鍵半導體,80,0,80,華南永昌-竹北,2024-07-11,9339
00913,兆豐台灣晶圓製造,80,0,80,華南永昌-竹北,2024-07-11,9339
4174,浩鼎,87,15,72,華南永昌-竹北,2024-07-11,9339
3363,上詮,66,6,60,華南永昌-竹北,2024-07-11,9339
00927,群益半導體收益,58,0,58,華南永昌-竹北,2024-07-11,9339
1721,三晃,52,0,52,華南永昌-竹北,2024-07-11,9339
2892,第一金,50,0,50,華南永昌-竹北,2024-07-11,9339
00905,FT臺灣Smart,45,0,45,華南永昌-竹北,2024-07-11,9339
2641,正德,40,0,40,華南永昌-竹北,2024-07-11,9339
3095,及成,39,0,39,華南永昌-竹北,2024-07-11,9339
00679B,元大美債20年,37,0,37,華南永昌-竹北,2024-07-11,9339
6743,安普新,36,0,36,華南永昌-竹北,2024-07-11,9339
8467,波力-KY,26,0,26,華南永昌-竹北,2024-07-11,9339
00725B,國泰投資級公司債,24,0,24,華南永昌-竹北,2024-07-11,9339
6530,創威,26,3,23,華南永昌-竹北,2024-07-11,9339
00948B,中信優息投資級債,21,0,21,華南永昌-竹北,2024-07-11,9339
6840,東研信超,21,0,21,華南永昌-竹北,2024-07-11,9339
00676R,富邦臺灣加權反1,20,0,20,華南永昌-竹北,2024-07-11,9339
2489,瑞軒,197,177,20,華南永昌-竹北,2024-07-11,9339
6269,台郡,20,1,19,華南永昌-竹北,2024-07-11,9339
2618,長榮航,17,0,17,華南永昌-竹北,2024-07-11,9339
3689,湧德,27,10,17,華南永昌-竹北,2024-07-11,9339
2317,鴻海,20,3,17,華南永昌-竹北,2024-07-11,9339
2543,皇昌,17,0,17,華南永昌-竹北,2024-07-11,9339
5864,致和證,16,0,16,華南永昌-竹北,2024-07-11,9339
6229,研通,15,0,15,華南永昌-竹北,2024-07-11,9339
8358,金居,17,2,15,華南永昌-竹北,2024-07-11,9339
5474,聰泰,16,2,14,華南永昌-竹北,2024-07-11,9339
1314,中石化,44,31,13,華南永昌-竹北,2024-07-11,9339
2477,美隆電,15,2,13,華南永昌-竹北,2024-07-11,9339
6449,鈺邦,28,15,13,華南永昌-竹北,2024-07-11,9339
2880,華南金,13,1,12,華南永昌-竹北,2024-07-11,9339
1514,亞力,34,22,12,華南永昌-竹北,2024-07-11,9339
1540,喬福,11,0,11,華南永昌-竹北,2024-07-11,9339
4958,臻鼎-KY,22,11,11,華南永昌-竹北,2024-07-11,9339
1447,力鵬,16,5,11,華南永昌-竹北,2024-07-11,9339
2883,凱基金,21,10,11,華南永昌-竹北,2024-07-11,9339
00688L,國泰20年美債正2,10,0,10,華南永昌-竹北,2024-07-11,9339
2031,新光鋼,10,0,10,華南永昌-竹北,2024-07-11,9339
8234,新漢,12,2,10,華南永昌-竹北,2024-07-11,9339
9105,泰金寶-DR,16,7,9,華南永昌-竹北,2024-07-11,9339
2438,翔耀,11,2,9,華南永昌-竹北,2024-07-11,9339
3163,波若威,22,13,9,華南永昌-竹北,2024-07-11,9339
2392,正崴,100,91,9,華南永昌-竹北,2024-07-11,9339
1608,華榮,9,0,9,華南永昌-竹北,2024-07-11,9339
4510,高鋒,351,32,319,華南永昌-竹北,2024-07-12,9339
00934,中信成長高股息,170,0,170,華南永昌-竹北,2024-07-12,9339
1815,富喬,171,37,134,華南永昌-竹北,2024-07-12,9339
00929,復華台灣科技優息,112,11,101,華南永昌-竹北,2024-07-12,9339
00919,群益台灣精選高息,124,28,96,華南永昌-竹北,2024-07-12,9339
1721,三晃,97,19,78,華南永昌-竹北,2024-07-12,9339
3022,威強電,65,0,65,華南永昌-竹北,2024-07-12,9339
3710,連展投控,65,3,62,華南永昌-竹北,2024-07-12,9339
00927,群益半導體收益,54,0,54,華南永昌-竹北,2024-07-12,9339
00935,野村臺灣新科技50,50,5,45,華南永昌-竹北,2024-07-12,9339
00940,元大台灣價值高息,61,19,42,華南永昌-竹北,2024-07-12,9339
2312,金寶,288,249,39,華南永昌-竹北,2024-07-12,9339
00878,國泰永續高股息,42,5,37,華南永昌-竹北,2024-07-12,9339
3363,上詮,65,30,35,華南永昌-竹北,2024-07-12,9339
00891,中信關鍵半導體,30,0,30,華南永昌-竹北,2024-07-12,9339
6264,富裔,30,0,30,華南永昌-竹北,2024-07-12,9339
2353,宏��,54,26,28,華南永昌-竹北,2024-07-12,9339
00937B,群益ESG投等債20,63,36,27,華南永昌-竹北,2024-07-12,9339
2303,聯電,26,4,22,華南永昌-竹北,2024-07-12,9339
1799,易威,21,0,21,華南永昌-竹北,2024-07-12,9339
1313,聯成,21,0,21,華南永昌-竹北,2024-07-12,9339
00885,富邦越南,20,0,20,華南永昌-竹北,2024-07-12,9339
2392,正崴,28,10,18,華南永昌-竹北,2024-07-12,9339
3362,先進光,18,1,17,華南永昌-竹北,2024-07-12,9339
00687B,國泰20年美債,27,11,16,華南永昌-竹北,2024-07-12,9339
3374,精材,20,4,16,華南永昌-竹北,2024-07-12,9339
3231,緯創,15,0,15,華南永昌-竹北,2024-07-12,9339
6530,創威,15,0,15,華南永昌-竹北,2024-07-12,9339
2477,美隆電,18,3,15,華南永昌-竹北,2024-07-12,9339
00928,中信上櫃ESG30,14,0,14,華南永昌-竹北,2024-07-12,9339
2365,昆盈,73,59,14,華南永昌-竹北,2024-07-12,9339
00713,元大台灣高息低波,15,1,14,華南永昌-竹北,2024-07-12,9339
1536,和大,17,5,12,華南永昌-竹北,2024-07-12,9339
6834,天二科技,30,18,12,華南永昌-竹北,2024-07-12,9339
2408,南亞科,11,0,11,華南永昌-竹北,2024-07-12,9339
2886,兆豐金,11,0,11,華南永昌-竹北,2024-07-12,9339
1310,台苯,11,0,11,華南永昌-竹北,2024-07-12,9339
00946,群益科技高息成長,16,5,11,華南永昌-竹北,2024-07-12,9339
1617,榮星,12,1,11,華南永昌-竹北,2024-07-12,9339
2243,宏旭-KY,11,0,11,華南永昌-竹北,2024-07-12,9339
2440,太空梭,10,0,10,華南永昌-竹北,2024-07-12,9339
2442,新美齊,10,0,10,華南永昌-竹北,2024-07-12,9339
2913,農林,10,0,10,華南永昌-竹北,2024-07-12,9339
3047,訊舟,21,11,10,華南永昌-竹北,2024-07-12,9339
3055,蔚華科,10,0,10,華南永昌-竹北,2024-07-12,9339
3265,台星科,10,0,10,華南永昌-竹北,2024-07-12,9339
3338,泰碩,10,0,10,華南永昌-竹北,2024-07-12,9339
5498,凱崴,10,0,10,華南永昌-竹北,2024-07-12,9339
6177,達麗,10,0,10,華南永昌-竹北,2024-07-12,9339
6218,豪勉,10,0,10,華南永昌-竹北,2024-07-12,9339
2888,新光金,826,13,813,華南永昌-竹北,2024-07-15,9339
00680L,元大美債20正2,300,0,300,華南永昌-竹北,2024-07-15,9339
3037,欣興,132,15,117,華南永昌-竹北,2024-07-15,9339
00934,中信成長高股息,107,3,104,華南永昌-竹北,2024-07-15,9339
1504,東元,103,0,103,華南永昌-竹北,2024-07-15,9339
00692,富邦公司治理,100,0,100,華南永昌-竹北,2024-07-15,9339
2834,臺企銀,93,0,93,華南永昌-竹北,2024-07-15,9339
00937B,群益ESG投等債20,87,6,81,華南永昌-竹北,2024-07-15,9339
2401,凌陽,77,5,72,華南永昌-竹北,2024-07-15,9339
00929,復華台灣科技優息,70,4,66,華南永昌-竹北,2024-07-15,9339
6462,神盾,89,26,63,華南永昌-竹北,2024-07-15,9339
2516,新建,60,0,60,華南永昌-竹北,2024-07-15,9339
2891,中信金,50,0,50,華南永昌-竹北,2024-07-15,9339
6451,訊芯-KY,51,1,50,華南永昌-竹北,2024-07-15,9339
4510,高鋒,48,0,48,華南永昌-竹北,2024-07-15,9339
1721,三晃,73,28,45,華南永昌-竹北,2024-07-15,9339
4114,健喬,40,0,40,華南永昌-竹北,2024-07-15,9339
4109,加捷生醫,46,7,39,華南永昌-竹北,2024-07-15,9339
4174,浩鼎,79,41,38,華南永昌-竹北,2024-07-15,9339
2356,英業達,654,617,37,華南永昌-竹北,2024-07-15,9339
4909,新復興,46,11,35,華南永昌-竹北,2024-07-15,9339
2371,大同,34,2,32,華南永昌-竹北,2024-07-15,9339
00948B,中信優息投資級債,29,0,29,華南永昌-竹北,2024-07-15,9339
2489,瑞軒,91,63,28,華南永昌-竹北,2024-07-15,9339
3022,威強電,26,1,25,華南永昌-竹北,2024-07-15,9339
00919,群益台灣精選高息,43,19,24,華南永昌-竹北,2024-07-15,9339
6202,盛群,23,0,23,華南永昌-竹北,2024-07-15,9339
2367,燿華,29,7,22,華南永昌-竹北,2024-07-15,9339
5328,華容,105,83,22,華南永昌-竹北,2024-07-15,9339
2889,國票金,21,0,21,華南永昌-竹北,2024-07-15,9339
6109,亞元,20,0,20,華南永昌-竹北,2024-07-15,9339
00696B,富邦美債20年,20,0,20,華南永昌-竹北,2024-07-15,9339
00905,FT臺灣Smart,20,0,20,華南永昌-竹北,2024-07-15,9339
4958,臻鼎-KY,36,16,20,華南永昌-竹北,2024-07-15,9339
00940,元大台灣價值高息,21,7,14,華南永昌-竹北,2024-07-15,9339
6190,萬泰科,13,0,13,華南永昌-竹北,2024-07-15,9339
2351,順德,12,1,11,華南永昌-竹北,2024-07-15,9339
2204,中華,11,0,11,華南永昌-竹北,2024-07-15,9339
2392,正崴,43,32,11,華南永昌-竹北,2024-07-15,9339
3163,波若威,29,18,11,華南永昌-竹北,2024-07-15,9339
3481,群創,11,0,11,華南永昌-竹北,2024-07-15,9339
8064,東捷,20,9,11,華南永昌-竹北,2024-07-15,9339
8415,大國鋼,11,0,11,華南永昌-竹北,2024-07-15,9339
8069,元太,11,0,11,華南永昌-竹北,2024-07-15,9339
3095,及成,11,0,11,華南永昌-竹北,2024-07-15,9339
4566,時碩工業,19,8,11,華南永昌-竹北,2024-07-15,9339
0056,元大高股息,14,3,11,華南永昌-竹北,2024-07-15,9339
00936,台新永續高息中小,10,0,10,華南永昌-竹北,2024-07-15,9339
3454,晶睿,10,0,10,華南永昌-竹北,2024-07-15,9339
00753L,中信中國50正2,10,0,10,華南永昌-竹北,2024-07-15,9339
2609,陽明,373,27,346,華南永昌-竹北,2024-07-16,9339
00632R,元大台灣50反1,291,2,289,華南永昌-竹北,2024-07-16,9339
2882,國泰金,200,12,188,華南永昌-竹北,2024-07-16,9339
00937B,群益ESG投等債20,124,1,123,華南永昌-竹北,2024-07-16,9339
00946,群益科技高息成長,110,0,110,華南永昌-竹北,2024-07-16,9339
1609,大亞,173,64,109,華南永昌-竹北,2024-07-16,9339
00919,群益台灣精選高息,102,5,97,華南永昌-竹北,2024-07-16,9339
2881,富邦金,101,10,91,華南永昌-竹北,2024-07-16,9339
00929,復華台灣科技優息,100,11,89,華南永昌-竹北,2024-07-16,9339
2401,凌陽,83,1,82,華南永昌-竹北,2024-07-16,9339
6462,神盾,82,8,74,華南永昌-竹北,2024-07-16,9339
4510,高鋒,64,0,64,華南永昌-竹北,2024-07-16,9339
2834,臺企銀,56,3,53,華南永昌-竹北,2024-07-16,9339
2392,正崴,52,1,51,華南永昌-竹北,2024-07-16,9339
8039,台虹,50,0,50,華南永昌-竹北,2024-07-16,9339
5880,合庫金,51,2,49,華南永昌-竹北,2024-07-16,9339
00905,FT臺灣Smart,47,0,47,華南永昌-竹北,2024-07-16,9339
2330,台積電,46,1,45,華南永昌-竹北,2024-07-16,9339
00934,中信成長高股息,93,48,45,華南永昌-竹北,2024-07-16,9339
2317,鴻海,41,2,39,華南永昌-竹北,2024-07-16,9339
2880,華南金,38,0,38,華南永昌-竹北,2024-07-16,9339
5371,中光電,35,0,35,華南永昌-竹北,2024-07-16,9339
00878,國泰永續高股息,35,2,33,華南永昌-竹北,2024-07-16,9339
6125,廣運,35,4,31,華南永昌-竹北,2024-07-16,9339
2885,元大金,30,0,30,華南永昌-竹北,2024-07-16,9339
0056,元大高股息,32,4,28,華南永昌-竹北,2024-07-16,9339
2243,宏旭-KY,53,27,26,華南永昌-竹北,2024-07-16,9339
00688L,國泰20年美債正2,24,0,24,華南永昌-竹北,2024-07-16,9339
5203,訊連,24,1,23,華南永昌-竹北,2024-07-16,9339
6284,佳邦,22,1,21,華南永昌-竹北,2024-07-16,9339
2617,台航,20,0,20,華南永昌-竹北,2024-07-16,9339
6175,立敦,20,0,20,華南永昌-竹北,2024-07-16,9339
6584,南俊國際,20,0,20,華南永昌-竹北,2024-07-16,9339
00687B,國泰20年美債,19,0,19,華南永昌-竹北,2024-07-16,9339
2891,中信金,19,3,16,華南永昌-竹北,2024-07-16,9339
4960,誠美材,16,0,16,華南永昌-竹北,2024-07-16,9339
00936,台新永續高息中小,15,0,15,華南永昌-竹北,2024-07-16,9339
6684,安格,26,11,15,華南永昌-竹北,2024-07-16,9339
3588,通嘉,15,1,14,華南永昌-竹北,2024-07-16,9339
1785,光洋科,17,3,14,華南永昌-竹北,2024-07-16,9339
3013,晟銘電,110,96,14,華南永昌-竹北,2024-07-16,9339
3324,雙鴻,20,6,14,華南永昌-竹北,2024-07-16,9339
2724,藝舍-KY,13,0,13,華南永昌-竹北,2024-07-16,9339
5324,士開,13,0,13,華南永昌-竹北,2024-07-16,9339
5443,均豪,21,9,12,華南永昌-竹北,2024-07-16,9339
2369,菱生,11,0,11,華南永昌-竹北,2024-07-16,9339
2409,友達,11,0,11,華南永昌-竹北,2024-07-16,9339
1540,喬福,36,25,11,華南永昌-竹北,2024-07-16,9339
00795B,中信美國公債20年,10,0,10,華南永昌-竹北,2024-07-16,9339
2520,冠德,11,1,10,華南永昌-竹北,2024-07-16,9339
00665L,富邦�琤肭磪囓�2,337,62,275,華南永昌-竹北,2024-07-17,9339
00680L,元大美債20正2,200,0,200,華南永昌-竹北,2024-07-17,9339
00937B,群益ESG投等債20,184,2,182,華南永昌-竹北,2024-07-17,9339
00929,復華台灣科技優息,130,20,110,華南永昌-竹北,2024-07-17,9339
2501,國建,81,3,78,華南永昌-竹北,2024-07-17,9339
8936,國統,120,53,67,華南永昌-竹北,2024-07-17,9339
3231,緯創,114,55,59,華南永昌-竹北,2024-07-17,9339
2892,第一金,50,0,50,華南永昌-竹北,2024-07-17,9339
9938,百和,48,1,47,華南永昌-竹北,2024-07-17,9339
3489,森寶,56,9,47,華南永昌-竹北,2024-07-17,9339
9945,潤泰新,125,78,47,華南永昌-竹北,2024-07-17,9339
1438,三地開發,45,0,45,華南永昌-竹北,2024-07-17,9339
5498,凱崴,60,20,40,華南永昌-竹北,2024-07-17,9339
00919,群益台灣精選高息,39,5,34,華南永昌-竹北,2024-07-17,9339
2330,台積電,39,5,34,華南永昌-竹北,2024-07-17,9339
2324,仁寶,31,0,31,華南永昌-竹北,2024-07-17,9339
6125,廣運,46,15,31,華南永昌-竹北,2024-07-17,9339
2376,技嘉,38,8,30,華南永昌-竹北,2024-07-17,9339
3312,弘憶股,65,35,30,華南永昌-竹北,2024-07-17,9339
1721,三晃,236,207,29,華南永昌-竹北,2024-07-17,9339
00706L,期元大S＆P日圓正2,25,0,25,華南永昌-竹北,2024-07-17,9339
2344,華邦電,24,0,24,華南永昌-竹北,2024-07-17,9339
5531,鄉林,23,0,23,華南永昌-竹北,2024-07-17,9339
2724,藝舍-KY,23,0,23,華南永昌-竹北,2024-07-17,9339
4909,新復興,25,3,22,華南永昌-竹北,2024-07-17,9339
4402,郡都開發,21,0,21,華南永昌-竹北,2024-07-17,9339
00795B,中信美國公債20年,20,0,20,華南永昌-竹北,2024-07-17,9339
2885,元大金,20,0,20,華南永昌-竹北,2024-07-17,9339
6957,裕慶-KY,20,0,20,華南永昌-竹北,2024-07-17,9339
8104,錸寶,20,0,20,華南永昌-竹北,2024-07-17,9339
2402,毅嘉,39,19,20,華南永昌-竹北,2024-07-17,9339
1616,億泰,20,1,19,華南永昌-竹北,2024-07-17,9339
2347,聯強,18,1,17,華南永昌-竹北,2024-07-17,9339
0056,元大高股息,19,2,17,華南永昌-竹北,2024-07-17,9339
2834,臺企銀,16,0,16,華南永昌-竹北,2024-07-17,9339
2464,盟立,33,17,16,華南永昌-竹北,2024-07-17,9339
3450,聯鈞,50,36,14,華南永昌-竹北,2024-07-17,9339
00713,元大台灣高息低波,13,0,13,華南永昌-竹北,2024-07-17,9339
2449,京元電子,14,1,13,華南永昌-竹北,2024-07-17,9339
3027,盛達,14,1,13,華南永昌-竹北,2024-07-17,9339
3576,聯合再生,11,0,11,華南永昌-竹北,2024-07-17,9339
1784,訊聯,11,0,11,華南永昌-竹北,2024-07-17,9339
8064,東捷,11,0,11,華南永昌-竹北,2024-07-17,9339
3702,大聯大,15,4,11,華南永昌-竹北,2024-07-17,9339
00878,國泰永續高股息,13,2,11,華南永昌-竹北,2024-07-17,9339
4549,桓達,11,1,10,華南永昌-竹北,2024-07-17,9339
00942B,台新美A公司債20+,10,0,10,華南永昌-竹北,2024-07-17,9339
1904,正隆,10,0,10,華南永昌-竹北,2024-07-17,9339
00753L,中信中國50正2,10,0,10,華南永昌-竹北,2024-07-17,9339
00752,中信中國50,10,0,10,華南永昌-竹北,2024-07-17,9339
00632R,元大台灣50反1,298,47,251,華南永昌-竹北,2024-07-18,9339
00929,復華台灣科技優息,190,11,179,華南永昌-竹北,2024-07-18,9339
00937B,群益ESG投等債20,154,0,154,華南永昌-竹北,2024-07-18,9339
00882,中信中國高股息,116,0,116,華南永昌-竹北,2024-07-18,9339
00673R,期元大S＆P原油反1,115,0,115,華南永昌-竹北,2024-07-18,9339
3037,欣興,156,42,114,華南永昌-竹北,2024-07-18,9339
2891,中信金,113,1,112,華南永昌-竹北,2024-07-18,9339
8473,山林水,132,32,100,華南永昌-竹北,2024-07-18,9339
00680L,元大美債20正2,100,0,100,華南永昌-竹北,2024-07-18,9339
00919,群益台灣精選高息,108,11,97,華南永昌-竹北,2024-07-18,9339
00940,元大台灣價值高息,126,42,84,華南永昌-竹北,2024-07-18,9339
2330,台積電,86,3,83,華南永昌-竹北,2024-07-18,9339
00946,群益科技高息成長,65,1,64,華南永昌-竹北,2024-07-18,9339
2303,聯電,64,2,62,華南永昌-竹北,2024-07-18,9339
00795B,中信美國公債20年,65,9,56,華南永昌-竹北,2024-07-18,9339
2317,鴻海,80,35,45,華南永昌-竹北,2024-07-18,9339
00679B,元大美債20年,58,15,43,華南永昌-竹北,2024-07-18,9339
1815,富喬,41,0,41,華南永昌-竹北,2024-07-18,9339
6692,進能服,40,1,39,華南永昌-竹北,2024-07-18,9339
4960,誠美材,39,0,39,華南永昌-竹北,2024-07-18,9339
00936,台新永續高息中小,39,1,38,華南永昌-竹北,2024-07-18,9339
4956,光鋐,37,0,37,華南永昌-竹北,2024-07-18,9339
6462,神盾,56,22,34,華南永昌-竹北,2024-07-18,9339
00878,國泰永續高股息,32,1,31,華南永昌-竹北,2024-07-18,9339
00933B,國泰10Y+金融債,30,0,30,華南永昌-竹北,2024-07-18,9339
1616,億泰,30,0,30,華南永昌-竹北,2024-07-18,9339
1101,台泥,50,25,25,華南永昌-竹北,2024-07-18,9339
0056,元大高股息,43,18,25,華南永昌-竹北,2024-07-18,9339
00927,群益半導體收益,21,0,21,華南永昌-竹北,2024-07-18,9339
00725B,國泰投資級公司債,20,0,20,華南永昌-竹北,2024-07-18,9339
00753L,中信中國50正2,20,0,20,華南永昌-竹北,2024-07-18,9339
4958,臻鼎-KY,57,37,20,華南永昌-竹北,2024-07-18,9339
2399,映泰,20,0,20,華南永昌-竹北,2024-07-18,9339
2356,英業達,129,110,19,華南永昌-竹北,2024-07-18,9339
00948B,中信優息投資級債,18,0,18,華南永昌-竹北,2024-07-18,9339
2002,中鋼,20,2,18,華南永昌-竹北,2024-07-18,9339
2520,冠德,87,69,18,華南永昌-竹北,2024-07-18,9339
1301,台塑,23,6,17,華南永昌-竹北,2024-07-18,9339
00905,FT臺灣Smart,17,0,17,華南永昌-竹北,2024-07-18,9339
6834,天二科技,18,1,17,華南永昌-竹北,2024-07-18,9339
1721,三晃,76,59,17,華南永昌-竹北,2024-07-18,9339
3481,群創,33,16,17,華南永昌-竹北,2024-07-18,9339
6840,東研信超,16,0,16,華南永昌-竹北,2024-07-18,9339
3095,及成,16,0,16,華南永昌-竹北,2024-07-18,9339
1773,勝一,15,0,15,華南永昌-竹北,2024-07-18,9339
00881,國泰台灣5G+,14,0,14,華南永昌-竹北,2024-07-18,9339
4303,信立,25,11,14,華南永昌-竹北,2024-07-18,9339
3189,景碩,53,40,13,華南永昌-竹北,2024-07-18,9339
6116,彩晶,12,0,12,華南永昌-竹北,2024-07-18,9339
2542,興富發,17,6,11,華南永昌-竹北,2024-07-18,9339
00665L,富邦�琤肭磪囓�2,355,0,355,華南永昌-竹北,2024-07-19,9339
2444,兆勁,202,0,202,華南永昌-竹北,2024-07-19,9339
00937B,群益ESG投等債20,143,0,143,華南永昌-竹北,2024-07-19,9339
3037,欣興,128,6,122,華南永昌-竹北,2024-07-19,9339
00633L,富邦上証正2,105,0,105,華南永昌-竹北,2024-07-19,9339
9906,欣巴巴,100,0,100,華南永昌-竹北,2024-07-19,9339
00929,復華台灣科技優息,122,23,99,華南永昌-竹北,2024-07-19,9339
00919,群益台灣精選高息,98,0,98,華南永昌-竹北,2024-07-19,9339
4114,健喬,81,0,81,華南永昌-竹北,2024-07-19,9339
2609,陽明,130,61,69,華南永昌-竹北,2024-07-19,9339
00882,中信中國高股息,74,12,62,華南永昌-竹北,2024-07-19,9339
3706,神達,66,6,60,華南永昌-竹北,2024-07-19,9339
3712,永崴投控,62,4,58,華南永昌-竹北,2024-07-19,9339
2303,聯電,59,2,57,華南永昌-竹北,2024-07-19,9339
5512,力麒,110,56,54,華南永昌-竹北,2024-07-19,9339
2867,三商壽,55,1,54,華南永昌-竹北,2024-07-19,9339
4513,福裕,52,1,51,華南永昌-竹北,2024-07-19,9339
2344,華邦電,46,0,46,華南永昌-竹北,2024-07-19,9339
5309,系統電,46,0,46,華南永昌-竹北,2024-07-19,9339
8936,國統,83,40,43,華南永昌-竹北,2024-07-19,9339
2324,仁寶,43,2,41,華南永昌-竹北,2024-07-19,9339
2330,台積電,58,18,40,華南永昌-竹北,2024-07-19,9339
1815,富喬,40,0,40,華南永昌-竹北,2024-07-19,9339
0056,元大高股息,44,11,33,華南永昌-竹北,2024-07-19,9339
00713,元大台灣高息低波,33,0,33,華南永昌-竹北,2024-07-19,9339
2392,正崴,33,1,32,華南永昌-竹北,2024-07-19,9339
8927,北基,30,0,30,華南永昌-竹北,2024-07-19,9339
4533,協易機,30,2,28,華南永昌-竹北,2024-07-19,9339
00878,國泰永續高股息,33,5,28,華南永昌-竹北,2024-07-19,9339
1609,大亞,71,45,26,華南永昌-竹北,2024-07-19,9339
2528,皇普,66,40,26,華南永昌-竹北,2024-07-19,9339
2351,順德,25,0,25,華南永昌-竹北,2024-07-19,9339
6834,天二科技,26,1,25,華南永昌-竹北,2024-07-19,9339
00941,中信上游半導體,24,0,24,華南永昌-竹北,2024-07-19,9339
2230,泰茂,21,0,21,華南永昌-竹北,2024-07-19,9339
5498,凱崴,21,0,21,華南永昌-竹北,2024-07-19,9339
2376,技嘉,26,5,21,華南永昌-竹北,2024-07-19,9339
4958,臻鼎-KY,35,15,20,華南永昌-竹北,2024-07-19,9339
2356,英業達,175,156,19,華南永昌-竹北,2024-07-19,9339
2337,旺宏,89,71,18,華南永昌-竹北,2024-07-19,9339
3305,昇貿,18,0,18,華南永昌-竹北,2024-07-19,9339
2317,鴻海,26,9,17,華南永昌-竹北,2024-07-19,9339
00946,群益科技高息成長,23,7,16,華南永昌-竹北,2024-07-19,9339
2618,長榮航,16,0,16,華南永昌-竹北,2024-07-19,9339
3686,達能,17,2,15,華南永昌-竹北,2024-07-19,9339
2031,新光鋼,15,0,15,華南永昌-竹北,2024-07-19,9339
2438,翔耀,14,0,14,華南永昌-竹北,2024-07-19,9339
6840,東研信超,14,0,14,華南永昌-竹北,2024-07-19,9339
4102,永日,13,0,13,華南永昌-竹北,2024-07-19,9339
6116,彩晶,14,1,13,華南永昌-竹北,2024-07-19,9339
00633L,富邦上証正2,123,0,123,華南永昌-竹北,2024-07-22,9339
00919,群益台灣精選高息,152,51,101,華南永昌-竹北,2024-07-22,9339
4907,富宇,54,0,54,華南永昌-竹北,2024-07-22,9339
00941,中信上游半導體,78,26,52,華南永昌-竹北,2024-07-22,9339
00878,國泰永續高股息,64,12,52,華南永昌-竹北,2024-07-22,9339
4967,十銓,52,5,47,華南永昌-竹北,2024-07-22,9339
0056,元大高股息,84,38,46,華南永昌-竹北,2024-07-22,9339
00937B,群益ESG投等債20,41,0,41,華南永昌-竹北,2024-07-22,9339
00940,元大台灣價值高息,78,39,39,華南永昌-竹北,2024-07-22,9339
2344,華邦電,31,0,31,華南永昌-竹北,2024-07-22,9339
3703,欣陸,30,0,30,華南永昌-竹北,2024-07-22,9339
2892,第一金,30,0,30,華南永昌-竹北,2024-07-22,9339
2317,鴻海,42,13,29,華南永昌-竹北,2024-07-22,9339
00946,群益科技高息成長,27,0,27,華南永昌-竹北,2024-07-22,9339
2528,皇普,25,0,25,華南永昌-竹北,2024-07-22,9339
3481,群創,39,16,23,華南永昌-竹北,2024-07-22,9339
2867,三商壽,23,0,23,華南永昌-竹北,2024-07-22,9339
2337,旺宏,21,0,21,華南永昌-竹北,2024-07-22,9339
3289,宜特,21,0,21,華南永昌-竹北,2024-07-22,9339
4114,健喬,20,0,20,華南永昌-竹北,2024-07-22,9339
8473,山林水,60,40,20,華南永昌-竹北,2024-07-22,9339
2444,兆勁,20,0,20,華南永昌-竹北,2024-07-22,9339
00936,台新永續高息中小,19,0,19,華南永昌-竹北,2024-07-22,9339
2359,所羅門,58,39,19,華南永昌-竹北,2024-07-22,9339
2845,遠東銀,26,7,19,華南永昌-竹北,2024-07-22,9339
2885,元大金,20,1,19,華南永昌-竹北,2024-07-22,9339
00795B,中信美國公債20年,18,0,18,華南永昌-竹北,2024-07-22,9339
1802,台玻,18,0,18,華南永昌-竹北,2024-07-22,9339
2303,聯電,24,7,17,華南永昌-竹北,2024-07-22,9339
2881,富邦金,36,21,15,華南永昌-竹北,2024-07-22,9339
3324,雙鴻,38,23,15,華南永昌-竹北,2024-07-22,9339
1773,勝一,15,0,15,華南永昌-竹北,2024-07-22,9339
2493,揚博,15,0,15,華南永昌-竹北,2024-07-22,9339
00918,大華優利高填息30,16,1,15,華南永昌-竹北,2024-07-22,9339
6223,旺矽,15,1,14,華南永昌-竹北,2024-07-22,9339
2356,英業達,48,34,14,華南永昌-竹北,2024-07-22,9339
1799,易威,14,0,14,華南永昌-竹北,2024-07-22,9339
2365,昆盈,40,26,14,華南永昌-竹北,2024-07-22,9339
3037,欣興,24,11,13,華南永昌-竹北,2024-07-22,9339
3234,光環,12,0,12,華南永昌-竹北,2024-07-22,9339
2449,京元電子,14,3,11,華南永昌-竹北,2024-07-22,9339
2482,連宇,11,0,11,華南永昌-竹北,2024-07-22,9339
1605,華新,11,0,11,華南永昌-竹北,2024-07-22,9339
00934,中信成長高股息,41,30,11,華南永昌-竹北,2024-07-22,9339
2609,陽明,246,236,10,華南永昌-竹北,2024-07-22,9339
00725B,國泰投資級公司債,15,5,10,華南永昌-竹北,2024-07-22,9339
00715L,期街口布蘭特正2,20,10,10,華南永昌-竹北,2024-07-22,9339
00680L,元大美債20正2,10,0,10,華南永昌-竹北,2024-07-22,9339
00664R,國泰臺灣加權反1,10,0,10,華南永昌-竹北,2024-07-22,9339
00753L,中信中國50正2,10,0,10,華南永昌-竹北,2024-07-22,9339
3037,欣興,252,55,197,華南永昌-竹北,2024-07-23,9339
00937B,群益ESG投等債20,192,30,162,華南永昌-竹北,2024-07-23,9339
3522,御嵿,124,0,124,華南永昌-竹北,2024-07-23,9339
2486,一詮,108,3,105,華南永昌-竹北,2024-07-23,9339
2516,新建,100,0,100,華南永昌-竹北,2024-07-23,9339
2845,遠東銀,100,0,100,華南永昌-竹北,2024-07-23,9339
3338,泰碩,100,0,100,華南永昌-竹北,2024-07-23,9339
6770,力積電,95,0,95,華南永昌-竹北,2024-07-23,9339
00633L,富邦上証正2,85,1,84,華南永昌-竹北,2024-07-23,9339
3481,群創,84,14,70,華南永昌-竹北,2024-07-23,9339
4967,十銓,62,5,57,華南永昌-竹北,2024-07-23,9339
2882,國泰金,55,1,54,華南永昌-竹北,2024-07-23,9339
2330,台積電,50,9,41,華南永昌-竹北,2024-07-23,9339
00929,復華台灣科技優息,43,2,41,華南永昌-竹北,2024-07-23,9339
00940,元大台灣價值高息,54,14,40,華南永昌-竹北,2024-07-23,9339
00679B,元大美債20年,42,2,40,華南永昌-竹北,2024-07-23,9339
2374,佳能,38,2,36,華南永昌-竹北,2024-07-23,9339
2412,中華電,466,432,34,華南永昌-竹北,2024-07-23,9339
6125,廣運,62,28,34,華南永昌-竹北,2024-07-23,9339
2313,華通,30,0,30,華南永昌-竹北,2024-07-23,9339
2515,中工,30,2,28,華南永昌-竹北,2024-07-23,9339
2472,立隆電,27,0,27,華南永昌-竹北,2024-07-23,9339
3234,光環,25,0,25,華南永昌-竹北,2024-07-23,9339
00946,群益科技高息成長,24,0,24,華南永昌-竹北,2024-07-23,9339
8028,昇陽半導體,26,3,23,華南永昌-竹北,2024-07-23,9339
00918,大華優利高填息30,22,0,22,華南永昌-竹北,2024-07-23,9339
2408,南亞科,22,0,22,華南永昌-竹北,2024-07-23,9339
9945,潤泰新,26,4,22,華南永昌-竹北,2024-07-23,9339
6197,佳必琪,22,1,21,華南永昌-竹北,2024-07-23,9339
00919,群益台灣精選高息,25,4,21,華南永昌-竹北,2024-07-23,9339
00878,國泰永續高股息,26,5,21,華南永昌-竹北,2024-07-23,9339
2489,瑞軒,24,4,20,華南永昌-竹北,2024-07-23,9339
9105,泰金寶-DR,20,0,20,華南永昌-竹北,2024-07-23,9339
3346,麗清,19,0,19,華南永昌-竹北,2024-07-23,9339
2401,凌陽,18,0,18,華南永昌-竹北,2024-07-23,9339
0056,元大高股息,16,0,16,華南永昌-竹北,2024-07-23,9339
2812,台中銀,16,0,16,華南永昌-竹北,2024-07-23,9339
2891,中信金,15,0,15,華南永昌-竹北,2024-07-23,9339
00902,中信電池及儲能,15,0,15,華南永昌-竹北,2024-07-23,9339
00795B,中信美國公債20年,15,0,15,華南永昌-竹北,2024-07-23,9339
2312,金寶,29,14,15,華南永昌-竹北,2024-07-23,9339
1314,中石化,16,2,14,華南永昌-竹北,2024-07-23,9339
3305,昇貿,15,1,14,華南永昌-竹北,2024-07-23,9339
3583,辛耘,19,5,14,華南永昌-竹北,2024-07-23,9339
6188,廣明,13,0,13,華南永昌-竹北,2024-07-23,9339
8105,凌巨,45,32,13,華南永昌-竹北,2024-07-23,9339
2382,廣達,13,0,13,華南永昌-竹北,2024-07-23,9339
5512,力麒,17,5,12,華南永昌-竹北,2024-07-23,9339
4979,華星光,12,0,12,華南永昌-竹北,2024-07-23,9339
8033,雷虎,12,0,12,華南永昌-竹北,2024-07-23,9339
00680L,元大美債20正2,425,0,425,華南永昌-竹北,2024-07-26,9339
00937B,群益ESG投等債20,262,0,262,華南永昌-竹北,2024-07-26,9339
00878,國泰永續高股息,174,5,169,華南永昌-竹北,2024-07-26,9339
00929,復華台灣科技優息,164,0,164,華南永昌-竹北,2024-07-26,9339
00670L,富邦NASDAQ正2,128,0,128,華南永昌-竹北,2024-07-26,9339
00633L,富邦上証正2,195,70,125,華南永昌-竹北,2024-07-26,9339
1303,南亞,103,0,103,華南永昌-竹北,2024-07-26,9339
2516,新建,100,0,100,華南永昌-竹北,2024-07-26,9339
00940,元大台灣價值高息,112,33,79,華南永昌-竹北,2024-07-26,9339
2330,台積電,65,4,61,華南永昌-竹北,2024-07-26,9339
2883,凱基金,59,0,59,華南永昌-竹北,2024-07-26,9339
1905,華紙,57,0,57,華南永昌-竹北,2024-07-26,9339
3231,緯創,69,13,56,華南永昌-竹北,2024-07-26,9339
2834,臺企銀,51,0,51,華南永昌-竹北,2024-07-26,9339
2382,廣達,49,0,49,華南永昌-竹北,2024-07-26,9339
2338,光罩,44,1,43,華南永昌-竹北,2024-07-26,9339
1808,潤隆,51,10,41,華南永昌-竹北,2024-07-26,9339
00948B,中信優息投資級債,41,0,41,華南永昌-竹北,2024-07-26,9339
2317,鴻海,63,22,41,華南永昌-竹北,2024-07-26,9339
2884,玉山金,38,1,37,華南永昌-竹北,2024-07-26,9339
00715L,期街口布蘭特正2,30,0,30,華南永昌-竹北,2024-07-26,9339
0056,元大高股息,32,2,30,華南永昌-竹北,2024-07-26,9339
00919,群益台灣精選高息,72,43,29,華南永昌-竹北,2024-07-26,9339
1616,億泰,33,5,28,華南永昌-竹北,2024-07-26,9339
2486,一詮,41,14,27,華南永昌-竹北,2024-07-26,9339
5234,達興材料,26,0,26,華南永昌-竹北,2024-07-26,9339
2359,所羅門,52,29,23,華南永昌-竹北,2024-07-26,9339
2885,元大金,22,0,22,華南永昌-竹北,2024-07-26,9339
00900,富邦特選高股息30,21,0,21,華南永昌-竹北,2024-07-26,9339
00665L,富邦�琤肭磪囓�2,76,56,20,華南永昌-竹北,2024-07-26,9339
00945B,凱基美國非投等債,20,0,20,華南永昌-竹北,2024-07-26,9339
3265,台星科,20,0,20,華南永昌-竹北,2024-07-26,9339
00637L,元大滬深300正2,130,110,20,華南永昌-竹北,2024-07-26,9339
00941,中信上游半導體,19,0,19,華南永昌-竹北,2024-07-26,9339
00891,中信關鍵半導體,20,1,19,華南永昌-竹北,2024-07-26,9339
6125,廣運,19,0,19,華南永昌-竹北,2024-07-26,9339
2337,旺宏,19,1,18,華南永昌-竹北,2024-07-26,9339
2401,凌陽,18,1,17,華南永昌-竹北,2024-07-26,9339
00687B,國泰20年美債,25,9,16,華南永昌-竹北,2024-07-26,9339
3017,奇鋐,19,4,15,華南永昌-竹北,2024-07-26,9339
3081,聯亞,15,0,15,華南永昌-竹北,2024-07-26,9339
5206,坤悅,15,0,15,華南永昌-竹北,2024-07-26,9339
00713,元大台灣高息低波,15,1,14,華南永昌-竹北,2024-07-26,9339
00751B,元大AAA至A公司債,14,0,14,華南永昌-竹北,2024-07-26,9339
00881,國泰台灣5G+,13,0,13,華南永昌-竹北,2024-07-26,9339
6698,旭暉應材,13,0,13,華南永昌-竹北,2024-07-26,9339
3211,順達,15,2,13,華南永昌-竹北,2024-07-26,9339
3711,日月光投控,13,0,13,華南永昌-竹北,2024-07-26,9339
3324,雙鴻,13,1,12,華南永昌-竹北,2024-07-26,9339
5347,世界,12,0,12,華南永昌-竹北,2024-07-26,9339
2882,國泰金,309,25,284,華南永昌-竹北,2024-07-29,9339
6462,神盾,104,8,96,華南永昌-竹北,2024-07-29,9339
2530,華建,82,0,82,華南永昌-竹北,2024-07-29,9339
2376,技嘉,82,4,78,華南永昌-竹北,2024-07-29,9339
00929,復華台灣科技優息,72,2,70,華南永昌-竹北,2024-07-29,9339
1529,樂事綠能,62,0,62,華南永昌-竹北,2024-07-29,9339
00679B,元大美債20年,73,12,61,華南永昌-竹北,2024-07-29,9339
5206,坤悅,56,0,56,華南永昌-竹北,2024-07-29,9339
2845,遠東銀,52,0,52,華南永昌-竹北,2024-07-29,9339
1815,富喬,100,58,42,華南永昌-竹北,2024-07-29,9339
00878,國泰永續高股息,44,2,42,華南永昌-竹北,2024-07-29,9339
2884,玉山金,32,0,32,華南永昌-竹北,2024-07-29,9339
2230,泰茂,30,0,30,華南永昌-竹北,2024-07-29,9339
2338,光罩,30,0,30,華南永昌-竹北,2024-07-29,9339
1808,潤隆,30,1,29,華南永昌-竹北,2024-07-29,9339
6770,力積電,34,6,28,華南永昌-竹北,2024-07-29,9339
2891,中信金,24,0,24,華南永昌-竹北,2024-07-29,9339
00940,元大台灣價值高息,31,8,23,華南永昌-竹北,2024-07-29,9339
4958,臻鼎-KY,45,22,23,華南永昌-竹北,2024-07-29,9339
3095,及成,21,0,21,華南永昌-竹北,2024-07-29,9339
4956,光鋐,20,0,20,華南永昌-竹北,2024-07-29,9339
8039,台虹,20,0,20,華南永昌-竹北,2024-07-29,9339
2516,新建,20,0,20,華南永昌-竹北,2024-07-29,9339
4906,正文,18,0,18,華南永昌-竹北,2024-07-29,9339
6147,頎邦,20,4,16,華南永昌-竹北,2024-07-29,9339
4909,新復興,19,3,16,華南永昌-竹北,2024-07-29,9339
2367,燿華,59,43,16,華南永昌-竹北,2024-07-29,9339
2303,聯電,15,0,15,華南永昌-竹北,2024-07-29,9339
2324,仁寶,16,1,15,華南永昌-竹北,2024-07-29,9339
00936,台新永續高息中小,14,0,14,華南永昌-竹北,2024-07-29,9339
3027,盛達,15,1,14,華南永昌-竹北,2024-07-29,9339
00919,群益台灣精選高息,29,15,14,華南永昌-竹北,2024-07-29,9339
00934,中信成長高股息,13,0,13,華南永昌-竹北,2024-07-29,9339
3234,光環,13,0,13,華南永昌-竹北,2024-07-29,9339
00948B,中信優息投資級債,12,0,12,華南永昌-竹北,2024-07-29,9339
00941,中信上游半導體,11,0,11,華南永昌-竹北,2024-07-29,9339
1702,南僑,11,0,11,華南永昌-竹北,2024-07-29,9339
2027,大成鋼,11,0,11,華南永昌-竹北,2024-07-29,9339
6840,東研信超,11,0,11,華南永昌-竹北,2024-07-29,9339
3147,大綜,11,0,11,華南永昌-竹北,2024-07-29,9339
2399,映泰,12,2,10,華南永昌-竹北,2024-07-29,9339
3081,聯亞,10,0,10,華南永昌-竹北,2024-07-29,9339
3265,台星科,10,0,10,華南永昌-竹北,2024-07-29,9339
5347,世界,10,0,10,華南永昌-竹北,2024-07-29,9339
5530,龍巖,10,0,10,華南永昌-竹北,2024-07-29,9339
2537,聯上發,22,12,10,華南永昌-竹北,2024-07-29,9339
2597,潤弘,9,0,9,華南永昌-竹北,2024-07-29,9339
0056,元大高股息,22,12,10,華南永昌-竹北,2024-07-29,9339
00947,台新臺灣IC設計,9,0,9,華南永昌-竹北,2024-07-29,9339
2363,矽統,27,19,8,華南永昌-竹北,2024-07-29,9339
2888,新光金,161,11,150,華南永昌-竹北,2024-07-30,9339
00637L,元大滬深300正2,119,0,119,華南永昌-竹北,2024-07-30,9339
00948B,中信優息投資級債,101,0,101,華南永昌-竹北,2024-07-30,9339
00940,元大台灣價值高息,121,24,97,華南永昌-竹北,2024-07-30,9339
00680L,元大美債20正2,100,4,96,華南永昌-竹北,2024-07-30,9339
2349,錸德,111,18,93,華南永昌-竹北,2024-07-30,9339
00878,國泰永續高股息,102,9,93,華南永昌-竹北,2024-07-30,9339
00665L,富邦�琤肭磪囓�2,71,5,66,華南永昌-竹北,2024-07-30,9339
00937B,群益ESG投等債20,66,2,64,華南永昌-竹北,2024-07-30,9339
00715L,期街口布蘭特正2,62,0,62,華南永昌-竹北,2024-07-30,9339
0056,元大高股息,54,0,54,華南永昌-竹北,2024-07-30,9339
00670L,富邦NASDAQ正2,55,2,53,華南永昌-竹北,2024-07-30,9339
00951,台新日本半導體,50,0,50,華南永昌-竹北,2024-07-30,9339
6219,富旺,46,0,46,華南永昌-竹北,2024-07-30,9339
2891,中信金,38,0,38,華南永昌-竹北,2024-07-30,9339
8028,昇陽半導體,60,27,33,華南永昌-竹北,2024-07-30,9339
00919,群益台灣精選高息,34,3,31,華南永昌-竹北,2024-07-30,9339
6770,力積電,30,0,30,華南永昌-竹北,2024-07-30,9339
2330,台積電,32,3,29,華南永昌-竹北,2024-07-30,9339
2884,玉山金,29,0,29,華南永昌-竹北,2024-07-30,9339
2530,華建,27,0,27,華南永昌-竹北,2024-07-30,9339
2031,新光鋼,25,0,25,華南永昌-竹北,2024-07-30,9339
00946,群益科技高息成長,25,0,25,華南永昌-竹北,2024-07-30,9339
2596,綠意,25,2,23,華南永昌-竹北,2024-07-30,9339
00929,復華台灣科技優息,83,60,23,華南永昌-竹北,2024-07-30,9339
2509,全坤建,22,1,21,華南永昌-竹北,2024-07-30,9339
2892,第一金,20,0,20,華南永昌-竹北,2024-07-30,9339
00687B,國泰20年美債,20,2,18,華南永昌-竹北,2024-07-30,9339
3454,晶睿,17,0,17,華南永昌-竹北,2024-07-30,9339
00930,永豐ESG低碳高息,16,0,16,華南永昌-竹北,2024-07-30,9339
1536,和大,16,0,16,華南永昌-竹北,2024-07-30,9339
2834,臺企銀,16,0,16,華南永昌-竹北,2024-07-30,9339
4907,富宇,15,0,15,華南永昌-竹北,2024-07-30,9339
00945B,凱基美國非投等債,15,0,15,華南永昌-竹北,2024-07-30,9339
2867,三商壽,15,0,15,華南永昌-竹北,2024-07-30,9339
3081,聯亞,15,0,15,華南永昌-竹北,2024-07-30,9339
4513,福裕,19,4,15,華南永昌-竹北,2024-07-30,9339
3522,御嵿,36,22,14,華南永昌-竹北,2024-07-30,9339
8201,無敵,17,4,13,華南永昌-竹北,2024-07-30,9339
2324,仁寶,14,1,13,華南永昌-竹北,2024-07-30,9339
00936,台新永續高息中小,15,3,12,華南永昌-竹北,2024-07-30,9339
3234,光環,12,0,12,華南永昌-竹北,2024-07-30,9339
2812,台中銀,11,0,11,華南永昌-竹北,2024-07-30,9339
2408,南亞科,11,0,11,華南永昌-竹北,2024-07-30,9339
1802,台玻,11,0,11,華南永昌-竹北,2024-07-30,9339
00947,台新臺灣IC設計,10,0,10,華南永昌-竹北,2024-07-30,9339
2405,輔信,10,0,10,華南永昌-竹北,2024-07-30,9339
3027,盛達,10,0,10,華南永昌-竹北,2024-07-30,9339
00905,FT臺灣Smart,9,0,9,華南永昌-竹北,2024-07-30,9339
2367,燿華,11,2,9,華南永昌-竹北,2024-07-30,9339
00940,元大台灣價值高息,143,10,133,華南永昌-竹北,2024-07-31,9339
2359,所羅門,115,23,92,華南永昌-竹北,2024-07-31,9339
2881,富邦金,97,6,91,華南永昌-竹北,2024-07-31,9339
00680L,元大美債20正2,100,10,90,華南永昌-竹北,2024-07-31,9339
2406,國碩,70,0,70,華南永昌-竹北,2024-07-31,9339
00929,復華台灣科技優息,61,4,57,華南永昌-竹北,2024-07-31,9339
00878,國泰永續高股息,51,0,51,華南永昌-竹北,2024-07-31,9339
00951,台新日本半導體,50,0,50,華南永昌-竹北,2024-07-31,9339
3231,緯創,94,45,49,華南永昌-竹北,2024-07-31,9339
6223,旺矽,38,1,37,華南永昌-竹北,2024-07-31,9339
00664R,國泰臺灣加權反1,35,0,35,華南永昌-竹北,2024-07-31,9339
2882,國泰金,78,45,33,華南永昌-竹北,2024-07-31,9339
00687B,國泰20年美債,32,0,32,華南永昌-竹北,2024-07-31,9339
6284,佳邦,32,0,32,華南永昌-竹北,2024-07-31,9339
8046,南電,34,2,32,華南永昌-竹北,2024-07-31,9339
9940,信義,30,0,30,華南永昌-竹北,2024-07-31,9339
3037,欣興,56,29,27,華南永昌-竹北,2024-07-31,9339
00936,台新永續高息中小,27,0,27,華南永昌-竹北,2024-07-31,9339
3047,訊舟,95,69,26,華南永昌-竹北,2024-07-31,9339
2312,金寶,41,15,26,華南永昌-竹北,2024-07-31,9339
4402,郡都開發,25,0,25,華南永昌-竹北,2024-07-31,9339
5455,昇益,36,11,25,華南永昌-竹北,2024-07-31,9339
6197,佳必琪,23,0,23,華南永昌-竹北,2024-07-31,9339
6219,富旺,24,2,22,華南永昌-竹北,2024-07-31,9339
8064,東捷,110,88,22,華南永昌-竹北,2024-07-31,9339
2515,中工,42,20,22,華南永昌-竹北,2024-07-31,9339
4956,光鋐,21,0,21,華南永昌-竹北,2024-07-31,9339
1806,冠軍,20,0,20,華南永昌-竹北,2024-07-31,9339
2353,宏��,20,1,19,華南永昌-竹北,2024-07-31,9339
9945,潤泰新,29,10,19,華南永昌-竹北,2024-07-31,9339
00679B,元大美債20年,18,0,18,華南永昌-竹北,2024-07-31,9339
6212,理銘,18,0,18,華南永昌-竹北,2024-07-31,9339
00918,大華優利高填息30,17,0,17,華南永昌-竹北,2024-07-31,9339
4907,富宇,17,0,17,華南永昌-竹北,2024-07-31,9339
00919,群益台灣精選高息,17,1,16,華南永昌-竹北,2024-07-31,9339
3081,聯亞,21,5,16,華南永昌-竹北,2024-07-31,9339
00715L,期街口布蘭特正2,15,0,15,華南永昌-竹北,2024-07-31,9339
2417,圓剛,15,0,15,華南永昌-竹北,2024-07-31,9339
2308,台達電,17,3,14,華南永昌-竹北,2024-07-31,9339
6698,旭暉應材,13,0,13,華南永昌-竹北,2024-07-31,9339
3686,達能,13,0,13,華南永昌-竹北,2024-07-31,9339
6869,雲豹能源,16,3,13,華南永昌-竹北,2024-07-31,9339
0056,元大高股息,16,4,12,華南永昌-竹北,2024-07-31,9339
1453,大將,20,8,12,華南永昌-竹北,2024-07-31,9339
3522,御嵿,33,21,12,華南永昌-竹北,2024-07-31,9339
2455,全新,12,1,11,華南永昌-竹北,2024-07-31,9339
2527,宏璟,12,1,11,華南永昌-竹北,2024-07-31,9339
2609,陽明,30,20,10,華南永昌-竹北,2024-07-31,9339
00891,中信關鍵半導體,10,0,10,華南永昌-竹北,2024-07-31,9339
00753L,中信中國50正2,10,0,10,華南永昌-竹北,2024-07-31,9339
2609,陽明,227,16,211,華南永昌-竹北,2024-08-01,9339
5905,南仁湖,200,50,150,華南永昌-竹北,2024-08-01,9339
00937B,群益ESG投等債20,142,18,124,華南永昌-竹北,2024-08-01,9339
00633L,富邦上証正2,122,0,122,華南永昌-竹北,2024-08-01,9339
1805,寶徠,120,0,120,華南永昌-竹北,2024-08-01,9339
00637L,元大滬深300正2,100,13,87,華南永昌-竹北,2024-08-01,9339
00679B,元大美債20年,79,6,73,華南永昌-竹北,2024-08-01,9339
2356,英業達,71,3,68,華南永昌-竹北,2024-08-01,9339
9940,信義,100,32,68,華南永昌-竹北,2024-08-01,9339
00692,富邦公司治理,57,0,57,華南永昌-竹北,2024-08-01,9339
00878,國泰永續高股息,72,21,51,華南永昌-竹北,2024-08-01,9339
2351,順德,70,20,50,華南永昌-竹北,2024-08-01,9339
2881,富邦金,51,1,50,華南永昌-竹北,2024-08-01,9339
2845,遠東銀,50,0,50,華南永昌-竹北,2024-08-01,9339
5324,士開,40,0,40,華南永昌-竹北,2024-08-01,9339
00919,群益台灣精選高息,41,1,40,華南永昌-竹北,2024-08-01,9339
6175,立敦,39,0,39,華南永昌-竹北,2024-08-01,9339
2303,聯電,105,73,32,華南永昌-竹北,2024-08-01,9339
00680L,元大美債20正2,35,5,30,華南永昌-竹北,2024-08-01,9339
2330,台積電,33,5,28,華南永昌-竹北,2024-08-01,9339
00885,富邦越南,24,0,24,華南永昌-竹北,2024-08-01,9339
2537,聯上發,25,2,23,華南永昌-竹北,2024-08-01,9339
8358,金居,21,0,21,華南永昌-竹北,2024-08-01,9339
4420,光明,20,0,20,華南永昌-竹北,2024-08-01,9339
00940,元大台灣價值高息,59,40,19,華南永昌-竹北,2024-08-01,9339
3047,訊舟,72,53,19,華南永昌-竹北,2024-08-01,9339
4402,郡都開發,44,25,19,華南永昌-竹北,2024-08-01,9339
4526,東台,20,2,18,華南永昌-竹北,2024-08-01,9339
4976,佳凌,18,0,18,華南永昌-竹北,2024-08-01,9339
6223,旺矽,22,4,18,華南永昌-竹北,2024-08-01,9339
8463,潤泰材,18,0,18,華南永昌-竹北,2024-08-01,9339
3095,及成,15,0,15,華南永昌-竹北,2024-08-01,9339
6202,盛群,15,0,15,華南永昌-竹北,2024-08-01,9339
2409,友達,14,0,14,華南永昌-竹北,2024-08-01,9339
3663,鑫科,136,122,14,華南永昌-竹北,2024-08-01,9339
0056,元大高股息,14,0,14,華南永昌-竹北,2024-08-01,9339
00915,凱基優選高股息30,13,0,13,華南永昌-竹北,2024-08-01,9339
1785,光洋科,13,0,13,華南永昌-竹北,2024-08-01,9339
1514,亞力,12,0,12,華南永昌-竹北,2024-08-01,9339
1560,中砂,14,2,12,華南永昌-竹北,2024-08-01,9339
5381,合正,12,0,12,華南永昌-竹北,2024-08-01,9339
8936,國統,13,1,12,華南永昌-竹北,2024-08-01,9339
6197,佳必琪,14,3,11,華南永昌-竹北,2024-08-01,9339
6603,富強鑫,11,0,11,華南永昌-竹北,2024-08-01,9339
00918,大華優利高填息30,11,0,11,華南永昌-竹北,2024-08-01,9339
2884,玉山金,11,0,11,華南永昌-竹北,2024-08-01,9339
00688L,國泰20年美債正2,10,0,10,華南永昌-竹北,2024-08-01,9339
2331,精英,10,0,10,華南永昌-竹北,2024-08-01,9339
2486,一詮,26,16,10,華南永昌-竹北,2024-08-01,9339
2527,宏璟,10,0,10,華南永昌-竹北,2024-08-01,9339
00948B,中信優息投資級債,779,3,776,華南永昌-竹北,2024-08-02,9339
4967,十銓,489,12,477,華南永昌-竹北,2024-08-02,9339
00929,復華台灣科技優息,221,64,157,華南永昌-竹北,2024-08-02,9339
00878,國泰永續高股息,138,0,138,華南永昌-竹北,2024-08-02,9339
2520,冠德,100,0,100,華南永昌-竹北,2024-08-02,9339
3047,訊舟,145,51,94,華南永昌-竹北,2024-08-02,9339
3260,威剛,87,2,85,華南永昌-竹北,2024-08-02,9339
2317,鴻海,89,6,83,華南永昌-竹北,2024-08-02,9339
00665L,富邦�琤肭磪囓�2,72,0,72,華南永昌-竹北,2024-08-02,9339
4123,晟德,70,0,70,華南永昌-竹北,2024-08-02,9339
2330,台積電,67,12,55,華南永昌-竹北,2024-08-02,9339
0056,元大高股息,51,0,51,華南永昌-竹北,2024-08-02,9339
00919,群益台灣精選高息,49,1,48,華南永昌-竹北,2024-08-02,9339
4402,郡都開發,43,0,43,華南永昌-竹北,2024-08-02,9339
00940,元大台灣價值高息,88,48,40,華南永昌-竹北,2024-08-02,9339
8271,宇瞻,40,0,40,華南永昌-竹北,2024-08-02,9339
2301,光寶科,76,39,37,華南永昌-竹北,2024-08-02,9339
00933B,國泰10Y+金融債,44,10,34,華南永昌-竹北,2024-08-02,9339
6198,瑞築,33,0,33,華南永昌-竹北,2024-08-02,9339
6219,富旺,37,4,33,華南永昌-竹北,2024-08-02,9339
2615,萬海,64,32,32,華南永昌-竹北,2024-08-02,9339
2882,國泰金,42,10,32,華南永昌-竹北,2024-08-02,9339
2515,中工,41,10,31,華南永昌-竹北,2024-08-02,9339
4907,富宇,42,11,31,華南永昌-竹北,2024-08-02,9339
00715L,期街口布蘭特正2,60,30,30,華南永昌-竹北,2024-08-02,9339
2891,中信金,31,2,29,華南永昌-竹北,2024-08-02,9339
2349,錸德,31,4,27,華南永昌-竹北,2024-08-02,9339
2724,藝舍-KY,24,0,24,華南永昌-竹北,2024-08-02,9339
00881,國泰台灣5G+,23,0,23,華南永昌-竹北,2024-08-02,9339
00936,台新永續高息中小,38,17,21,華南永昌-竹北,2024-08-02,9339
4743,合一,21,0,21,華南永昌-竹北,2024-08-02,9339
006208,富邦台50,20,0,20,華南永昌-竹北,2024-08-02,9339
5009,榮剛,20,0,20,華南永昌-竹北,2024-08-02,9339
2409,友達,19,0,19,華南永昌-竹北,2024-08-02,9339
00905,FT臺灣Smart,18,0,18,華南永昌-竹北,2024-08-02,9339
2303,聯電,22,4,18,華南永昌-竹北,2024-08-02,9339
2392,正崴,18,0,18,華南永昌-竹北,2024-08-02,9339
00932,兆豐永續高息等權,17,0,17,華南永昌-竹北,2024-08-02,9339
2344,華邦電,42,25,17,華南永昌-竹北,2024-08-02,9339
3013,晟銘電,30,14,16,華南永昌-竹北,2024-08-02,9339
6175,立敦,16,0,16,華南永昌-竹北,2024-08-02,9339
2884,玉山金,14,0,14,華南永昌-竹北,2024-08-02,9339
3481,群創,18,4,14,華南永昌-竹北,2024-08-02,9339
6177,達麗,14,0,14,華南永昌-竹北,2024-08-02,9339
4958,臻鼎-KY,30,17,13,華南永昌-竹北,2024-08-02,9339
2449,京元電子,43,31,12,華南永昌-竹北,2024-08-02,9339
00951,台新日本半導體,12,0,12,華南永昌-竹北,2024-08-02,9339
00949,復華日本龍頭,12,0,12,華南永昌-竹北,2024-08-02,9339
00891,中信關鍵半導體,11,0,11,華南永昌-竹北,2024-08-02,9339
00679B,元大美債20年,11,0,11,華南永昌-竹北,2024-08-02,9339
00940,元大台灣價值高息,455,83,372,華南永昌-竹北,2024-08-05,9339
00945B,凱基美國非投等債,313,10,303,華南永昌-竹北,2024-08-05,9339
00929,復華台灣科技優息,365,81,284,華南永昌-竹北,2024-08-05,9339
00878,國泰永續高股息,278,16,262,華南永昌-竹北,2024-08-05,9339
00715L,期街口布蘭特正2,231,50,181,華南永昌-竹北,2024-08-05,9339
00919,群益台灣精選高息,163,48,115,華南永昌-竹北,2024-08-05,9339
6202,盛群,80,0,80,華南永昌-竹北,2024-08-05,9339
0056,元大高股息,87,11,76,華南永昌-竹北,2024-08-05,9339
2330,台積電,109,36,73,華南永昌-竹北,2024-08-05,9339
4123,晟德,70,0,70,華南永昌-竹北,2024-08-05,9339
6514,芮特-KY,70,0,70,華南永昌-竹北,2024-08-05,9339
2317,鴻海,67,7,60,華南永昌-竹北,2024-08-05,9339
00679B,元大美債20年,165,105,60,華南永昌-竹北,2024-08-05,9339
00934,中信成長高股息,55,0,55,華南永昌-竹北,2024-08-05,9339
3706,神達,53,1,52,華南永昌-竹北,2024-08-05,9339
00931B,統一美債20年,53,2,51,華南永昌-竹北,2024-08-05,9339
2206,三陽工業,50,0,50,華南永昌-竹北,2024-08-05,9339
4720,德淵,50,1,49,華南永昌-竹北,2024-08-05,9339
00687B,國泰20年美債,142,95,47,華南永昌-竹北,2024-08-05,9339
6770,力積電,44,1,43,華南永昌-竹北,2024-08-05,9339
2834,臺企銀,59,22,37,華南永昌-竹北,2024-08-05,9339
00891,中信關鍵半導體,36,0,36,華南永昌-竹北,2024-08-05,9339
00830,國泰費城半導體,35,0,35,華南永昌-竹北,2024-08-05,9339
3374,精材,34,0,34,華南永昌-竹北,2024-08-05,9339
00918,大華優利高填息30,33,0,33,華南永昌-竹北,2024-08-05,9339
1540,喬福,307,275,32,華南永昌-竹北,2024-08-05,9339
2382,廣達,57,25,32,華南永昌-竹北,2024-08-05,9339
2303,聯電,46,15,31,華南永昌-竹北,2024-08-05,9339
2365,昆盈,86,56,30,華南永昌-竹北,2024-08-05,9339
2897,王道銀行,32,3,29,華南永昌-竹北,2024-08-05,9339
00936,台新永續高息中小,28,0,28,華南永昌-竹北,2024-08-05,9339
3481,群創,34,7,27,華南永昌-竹北,2024-08-05,9339
5471,松翰,27,0,27,華南永昌-竹北,2024-08-05,9339
3703,欣陸,25,0,25,華南永昌-竹北,2024-08-05,9339
006208,富邦台50,26,1,25,華南永昌-竹北,2024-08-05,9339
00923,群益台ESG低碳50,23,0,23,華南永昌-竹北,2024-08-05,9339
6188,廣明,22,0,22,華南永昌-竹北,2024-08-05,9339
00939,統一台灣高息動能,22,0,22,華南永昌-竹北,2024-08-05,9339
00881,國泰台灣5G+,23,2,21,華南永昌-竹北,2024-08-05,9339
2031,新光鋼,21,0,21,華南永昌-竹北,2024-08-05,9339
1727,中華化,20,0,20,華南永昌-竹北,2024-08-05,9339
2465,麗臺,20,0,20,華南永昌-竹北,2024-08-05,9339
9105,泰金寶-DR,20,0,20,華南永昌-竹北,2024-08-05,9339
2412,中華電,20,0,20,華南永昌-竹北,2024-08-05,9339
00941,中信上游半導體,22,3,19,華南永昌-竹北,2024-08-05,9339
5351,鈺創,17,0,17,華南永昌-竹北,2024-08-05,9339
0050,元大台灣50,38,22,16,華南永昌-竹北,2024-08-05,9339
00943,兆豐電子高息等權,16,0,16,華南永昌-竹北,2024-08-05,9339
00631L,元大台灣50正2,169,154,15,華南永昌-竹北,2024-08-05,9339
00946,群益科技高息成長,25,11,14,華南永昌-竹北,2024-08-05,9339
2609,陽明,517,201,316,華南永昌-竹北,2024-08-06,9339
00937B,群益ESG投等債20,316,77,239,華南永昌-竹北,2024-08-06,9339
00637L,元大滬深300正2,105,0,105,華南永昌-竹北,2024-08-06,9339
00664R,國泰臺灣加權反1,100,0,100,華南永昌-竹北,2024-08-06,9339
3260,威剛,100,6,94,華南永昌-竹北,2024-08-06,9339
2352,佳世達,100,8,92,華南永昌-竹北,2024-08-06,9339
3374,精材,156,69,87,華南永昌-竹北,2024-08-06,9339
4967,十銓,84,1,83,華南永昌-竹北,2024-08-06,9339
00940,元大台灣價值高息,62,10,52,華南永昌-竹北,2024-08-06,9339
00924,復華S＆P500成長,50,0,50,華南永昌-竹北,2024-08-06,9339
2820,華票,50,0,50,華南永昌-竹北,2024-08-06,9339
00715L,期街口布蘭特正2,40,0,40,華南永昌-竹北,2024-08-06,9339
2374,佳能,32,1,31,華南永昌-竹北,2024-08-06,9339
00632R,元大台灣50反1,131,101,30,華南永昌-竹北,2024-08-06,9339
6125,廣運,41,11,30,華南永昌-竹北,2024-08-06,9339
2324,仁寶,33,5,28,華南永昌-竹北,2024-08-06,9339
2359,所羅門,55,28,27,華南永昌-竹北,2024-08-06,9339
00665L,富邦�琤肭磪囓�2,94,68,26,華南永昌-竹北,2024-08-06,9339
00881,國泰台灣5G+,42,17,25,華南永昌-竹北,2024-08-06,9339
3231,緯創,25,1,24,華南永昌-竹北,2024-08-06,9339
2317,鴻海,55,32,23,華南永昌-竹北,2024-08-06,9339
00795B,中信美國公債20年,31,10,21,華南永昌-竹北,2024-08-06,9339
6451,訊芯-KY,28,7,21,華南永昌-竹北,2024-08-06,9339
2489,瑞軒,21,0,21,華南永昌-竹北,2024-08-06,9339
8028,昇陽半導體,32,14,18,華南永昌-竹北,2024-08-06,9339
3363,上詮,22,5,17,華南永昌-竹北,2024-08-06,9339
00891,中信關鍵半導體,21,5,16,華南永昌-竹北,2024-08-06,9339
2431,聯昌,16,0,16,華南永昌-竹北,2024-08-06,9339
2442,新美齊,16,0,16,華南永昌-竹北,2024-08-06,9339
1313,聯成,15,0,15,華南永昌-竹北,2024-08-06,9339
2482,連宇,15,0,15,華南永昌-竹北,2024-08-06,9339
8938,明安,15,0,15,華南永昌-竹北,2024-08-06,9339
9105,泰金寶-DR,17,2,15,華南永昌-竹北,2024-08-06,9339
00713,元大台灣高息低波,15,0,15,華南永昌-竹北,2024-08-06,9339
6770,力積電,26,12,14,華南永昌-竹北,2024-08-06,9339
2884,玉山金,13,0,13,華南永昌-竹北,2024-08-06,9339
00878,國泰永續高股息,26,14,12,華南永昌-竹北,2024-08-06,9339
2888,新光金,22,10,12,華南永昌-竹北,2024-08-06,9339
3522,御嵿,17,5,12,華南永昌-竹北,2024-08-06,9339
4919,新唐,11,0,11,華南永昌-竹北,2024-08-06,9339
3402,漢科,11,1,10,華南永昌-竹北,2024-08-06,9339
00948B,中信優息投資級債,10,0,10,華南永昌-竹北,2024-08-06,9339
3025,星通,10,0,10,華南永昌-竹北,2024-08-06,9339
8299,群聯,10,0,10,華南永昌-竹北,2024-08-06,9339
3715,定穎投控,10,0,10,華南永昌-竹北,2024-08-06,9339
6698,旭暉應材,10,0,10,華南永昌-竹北,2024-08-06,9339
2376,技嘉,15,5,10,華南永昌-竹北,2024-08-06,9339
6514,芮特-KY,9,0,9,華南永昌-竹北,2024-08-06,9339
3189,景碩,24,15,9,華南永昌-竹北,2024-08-06,9339
1536,和大,11,3,8,華南永昌-竹北,2024-08-06,9339
3481,群創,512,2,510,華南永昌-竹北,2024-08-07,9339
4967,十銓,479,12,467,華南永昌-竹北,2024-08-07,9339
00680L,元大美債20正2,235,1,234,華南永昌-竹北,2024-08-07,9339
00948B,中信優息投資級債,192,0,192,華南永昌-竹北,2024-08-07,9339
2382,廣達,172,34,138,華南永昌-竹北,2024-08-07,9339
00664R,國泰臺灣加權反1,100,0,100,華南永昌-竹北,2024-08-07,9339
00929,復華台灣科技優息,122,26,96,華南永昌-竹北,2024-08-07,9339
00715L,期街口布蘭特正2,148,68,80,華南永昌-竹北,2024-08-07,9339
00940,元大台灣價值高息,81,24,57,華南永昌-竹北,2024-08-07,9339
00935,野村臺灣新科技50,57,0,57,華南永昌-竹北,2024-08-07,9339
2886,兆豐金,54,1,53,華南永昌-竹北,2024-08-07,9339
3324,雙鴻,55,4,51,華南永昌-竹北,2024-08-07,9339
9105,泰金寶-DR,51,0,51,華南永昌-竹北,2024-08-07,9339
2330,台積電,57,14,43,華南永昌-竹北,2024-08-07,9339
2880,華南金,43,0,43,華南永昌-竹北,2024-08-07,9339
3303,岱稜,42,0,42,華南永昌-竹北,2024-08-07,9339
2367,燿華,37,1,36,華南永昌-竹北,2024-08-07,9339
00632R,元大台灣50反1,37,6,31,華南永昌-竹北,2024-08-07,9339
00881,國泰台灣5G+,26,0,26,華南永昌-竹北,2024-08-07,9339
0050,元大台灣50,32,8,24,華南永昌-竹北,2024-08-07,9339
2891,中信金,31,6,25,華南永昌-竹北,2024-08-07,9339
2317,鴻海,60,36,24,華南永昌-竹北,2024-08-07,9339
2363,矽統,37,14,23,華南永昌-竹北,2024-08-07,9339
3363,上詮,27,5,22,華南永昌-竹北,2024-08-07,9339
2548,華固,20,0,20,華南永昌-竹北,2024-08-07,9339
2887,台新金,19,0,19,華南永昌-竹北,2024-08-07,9339
4760,勤凱,19,0,19,華南永昌-竹北,2024-08-07,9339
3209,全科,17,0,17,華南永昌-竹北,2024-08-07,9339
3024,憶聲,19,2,17,華南永昌-竹北,2024-08-07,9339
00757,統一FANG+,15,0,15,華南永昌-竹北,2024-08-07,9339
2834,臺企銀,15,0,15,華南永昌-竹北,2024-08-07,9339
6182,合晶,15,0,15,華南永昌-竹北,2024-08-07,9339
3231,緯創,16,2,14,華南永昌-竹北,2024-08-07,9339
1563,巧新,14,0,14,華南永昌-竹北,2024-08-07,9339
2458,義隆,15,1,14,華南永昌-竹北,2024-08-07,9339
8028,昇陽半導體,16,3,13,華南永昌-竹北,2024-08-07,9339
00713,元大台灣高息低波,12,1,11,華南永昌-竹北,2024-08-07,9339
00637L,元大滬深300正2,21,10,11,華南永昌-竹北,2024-08-07,9339
6806,森崴能源,14,3,11,華南永昌-竹北,2024-08-07,9339
5309,系統電,15,5,10,華南永昌-竹北,2024-08-07,9339
6284,佳邦,10,0,10,華南永昌-竹北,2024-08-07,9339
9938,百和,10,0,10,華南永昌-竹北,2024-08-07,9339
3207,耀勝,10,0,10,華南永昌-竹北,2024-08-07,9339
00919,群益台灣精選高息,23,14,9,華南永昌-竹北,2024-08-07,9339
00706L,期元大S＆P日圓正2,10,1,9,華南永昌-竹北,2024-08-07,9339
3105,穩懋,8,0,8,華南永昌-竹北,2024-08-07,9339
5388,中磊,8,0,8,華南永昌-竹北,2024-08-07,9339
1727,中華化,7,0,7,華南永昌-竹北,2024-08-07,9339
2402,毅嘉,16,9,7,華南永昌-竹北,2024-08-07,9339
5381,合正,7,0,7,華南永昌-竹北,2024-08-07,9339
00680L,元大美債20正2,351,6,345,華南永昌-竹北,2024-08-08,9339
00929,復華台灣科技優息,202,52,150,華南永昌-竹北,2024-08-08,9339
2352,佳世達,92,0,92,華南永昌-竹北,2024-08-08,9339
4967,十銓,85,0,85,華南永昌-竹北,2024-08-08,9339
2892,第一金,47,0,47,華南永昌-竹北,2024-08-08,9339
00937B,群益ESG投等債20,62,15,47,華南永昌-竹北,2024-08-08,9339
2486,一詮,43,4,39,華南永昌-竹北,2024-08-08,9339
00679B,元大美債20年,34,4,30,華南永昌-竹北,2024-08-08,9339
6698,旭暉應材,30,0,30,華南永昌-竹北,2024-08-08,9339
00878,國泰永續高股息,31,1,30,華南永昌-竹北,2024-08-08,9339
3324,雙鴻,42,13,29,華南永昌-竹北,2024-08-08,9339
2449,京元電子,36,9,27,華南永昌-竹北,2024-08-08,9339
9105,泰金寶-DR,26,0,26,華南永昌-竹北,2024-08-08,9339
00940,元大台灣價值高息,27,2,25,華南永昌-竹北,2024-08-08,9339
2330,台積電,24,0,24,華南永昌-竹北,2024-08-08,9339
2365,昆盈,126,102,24,華南永昌-竹北,2024-08-08,9339
00927,群益半導體收益,21,0,21,華南永昌-竹北,2024-08-08,9339
00902,中信電池及儲能,20,0,20,華南永昌-竹北,2024-08-08,9339
2520,冠德,21,1,20,華南永昌-竹北,2024-08-08,9339
3207,耀勝,20,0,20,華南永昌-竹北,2024-08-08,9339
2317,鴻海,30,10,20,華南永昌-竹北,2024-08-08,9339
0056,元大高股息,19,0,19,華南永昌-竹北,2024-08-08,9339
6494,九齊,19,0,19,華南永昌-竹北,2024-08-08,9339
2880,華南金,21,2,19,華南永昌-竹北,2024-08-08,9339
2882,國泰金,57,40,17,華南永昌-竹北,2024-08-08,9339
6116,彩晶,17,0,17,華南永昌-竹北,2024-08-08,9339
00881,國泰台灣5G+,17,1,16,華南永昌-竹北,2024-08-08,9339
00947,台新臺灣IC設計,15,0,15,華南永昌-竹北,2024-08-08,9339
00757,統一FANG+,15,0,15,華南永昌-竹北,2024-08-08,9339
00951,台新日本半導體,15,0,15,華南永昌-竹北,2024-08-08,9339
2349,錸德,21,6,15,華南永昌-竹北,2024-08-08,9339
4958,臻鼎-KY,29,14,15,華南永昌-竹北,2024-08-08,9339
8096,擎亞,19,5,14,華南永昌-竹北,2024-08-08,9339
2489,瑞軒,16,3,13,華南永昌-竹北,2024-08-08,9339
8064,東捷,17,4,13,華南永昌-竹北,2024-08-08,9339
2834,臺企銀,15,2,13,華南永昌-竹北,2024-08-08,9339
8299,群聯,13,1,12,華南永昌-竹北,2024-08-08,9339
00795B,中信美國公債20年,12,0,12,華南永昌-竹北,2024-08-08,9339
00922,國泰台灣領袖50,11,0,11,華南永昌-竹北,2024-08-08,9339
00942B,台新美A公司債20+,11,0,11,華南永昌-竹北,2024-08-08,9339
3703,欣陸,11,0,11,華南永昌-竹北,2024-08-08,9339
00919,群益台灣精選高息,16,5,11,華南永昌-竹北,2024-08-08,9339
6869,雲豹能源,23,12,11,華南永昌-竹北,2024-08-08,9339
2408,南亞科,10,0,10,華南永昌-竹北,2024-08-08,9339
00712,復華富時不動產,10,0,10,華南永昌-竹北,2024-08-08,9339
1785,光洋科,11,1,10,華南永昌-竹北,2024-08-08,9339
6514,芮特-KY,10,0,10,華南永昌-竹北,2024-08-08,9339
00637L,元大滬深300正2,10,0,10,華南永昌-竹北,2024-08-08,9339
00632R,元大台灣50反1,11,1,10,華南永昌-竹北,2024-08-08,9339
00936,台新永續高息中小,10,0,10,華南永昌-竹北,2024-08-08,9339
00633L,富邦上証正2,175,0,175,華南永昌-竹北,2024-08-09,9339
00680L,元大美債20正2,163,0,163,華南永昌-竹北,2024-08-09,9339
4958,臻鼎-KY,150,14,136,華南永昌-竹北,2024-08-09,9339
3374,精材,168,51,117,華南永昌-竹北,2024-08-09,9339
2243,宏旭-KY,126,14,112,華南永昌-竹北,2024-08-09,9339
00632R,元大台灣50反1,115,4,111,華南永昌-竹北,2024-08-09,9339
1307,三芳,100,0,100,華南永昌-竹北,2024-08-09,9339
00687B,國泰20年美債,108,8,100,華南永昌-竹北,2024-08-09,9339
00937B,群益ESG投等債20,150,55,95,華南永昌-竹北,2024-08-09,9339
3231,緯創,97,9,88,華南永昌-竹北,2024-08-09,9339
00929,復華台灣科技優息,80,8,72,華南永昌-竹北,2024-08-09,9339
00688L,國泰20年美債正2,50,0,50,華南永昌-竹北,2024-08-09,9339
2537,聯上發,50,0,50,華南永昌-竹北,2024-08-09,9339
3303,岱稜,48,0,48,華南永昌-竹北,2024-08-09,9339
8114,振樺電,48,0,48,華南永昌-竹北,2024-08-09,9339
00679B,元大美債20年,43,0,43,華南永昌-竹北,2024-08-09,9339
00712,復華富時不動產,41,0,41,華南永昌-竹北,2024-08-09,9339
2382,廣達,54,13,41,華南永昌-竹北,2024-08-09,9339
6005,群益證,40,2,38,華南永昌-竹北,2024-08-09,9339
00948B,中信優息投資級債,33,0,33,華南永昌-竹北,2024-08-09,9339
6257,矽格,30,0,30,華南永昌-竹北,2024-08-09,9339
00919,群益台灣精選高息,26,4,22,華南永昌-竹北,2024-08-09,9339
00945B,凱基美國非投等債,22,0,22,華南永昌-竹北,2024-08-09,9339
5386,青雲,20,0,20,華南永昌-竹北,2024-08-09,9339
2301,光寶科,40,21,19,華南永昌-竹北,2024-08-09,9339
6462,神盾,20,4,16,華南永昌-竹北,2024-08-09,9339
6167,久正,15,0,15,華南永昌-竹北,2024-08-09,9339
6182,合晶,14,0,14,華南永昌-竹北,2024-08-09,9339
8938,明安,14,0,14,華南永昌-竹北,2024-08-09,9339
2353,宏��,32,19,13,華南永昌-竹北,2024-08-09,9339
3010,華立,12,0,12,華南永昌-竹北,2024-08-09,9339
00720B,元大投資級公司債,11,0,11,華南永昌-竹北,2024-08-09,9339
2486,一詮,37,26,11,華南永昌-竹北,2024-08-09,9339
6197,佳必琪,11,0,11,華南永昌-竹北,2024-08-09,9339
00713,元大台灣高息低波,11,1,10,華南永昌-竹北,2024-08-09,9339
00637L,元大滬深300正2,25,15,10,華南永昌-竹北,2024-08-09,9339
1402,遠東新,10,0,10,華南永昌-竹北,2024-08-09,9339
1709,和益,10,0,10,華南永昌-竹北,2024-08-09,9339
2104,國際中橡,10,0,10,華南永昌-竹北,2024-08-09,9339
8011,台通,10,0,10,華南永昌-竹北,2024-08-09,9339
2615,萬海,32,23,9,華南永昌-竹北,2024-08-09,9339
00894,中信小資高價30,9,0,9,華南永昌-竹北,2024-08-09,9339
2031,新光鋼,9,0,9,華南永昌-竹北,2024-08-09,9339
5443,均豪,28,19,9,華南永昌-竹北,2024-08-09,9339
6284,佳邦,40,31,9,華南永昌-竹北,2024-08-09,9339
00922,國泰台灣領袖50,10,2,8,華南永昌-竹北,2024-08-09,9339
8155,博智,8,0,8,華南永昌-竹北,2024-08-09,9339
2002,中鋼,12,5,7,華南永昌-竹北,2024-08-09,9339
2368,金像電,15,8,7,華南永昌-竹北,2024-08-09,9339
6869,雲豹能源,11,4,7,華南永昌-竹北,2024-08-09,9339
00795B,中信美國公債20年,150,0,150,華南永昌-竹北,2024-08-12,9339
8110,華東,100,0,100,華南永昌-竹北,2024-08-12,9339
3260,威剛,83,0,83,華南永昌-竹北,2024-08-12,9339
2312,金寶,196,118,78,華南永昌-竹北,2024-08-12,9339
00679B,元大美債20年,72,0,72,華南永昌-竹北,2024-08-12,9339
9105,泰金寶-DR,60,0,60,華南永昌-竹北,2024-08-12,9339
2243,宏旭-KY,63,6,57,華南永昌-竹北,2024-08-12,9339
2888,新光金,110,54,56,華南永昌-竹北,2024-08-12,9339
1314,中石化,43,0,43,華南永昌-竹北,2024-08-12,9339
00882,中信中國高股息,40,0,40,華南永昌-竹北,2024-08-12,9339
00929,復華台灣科技優息,37,3,34,華南永昌-竹北,2024-08-12,9339
2359,所羅門,59,29,30,華南永昌-竹北,2024-08-12,9339
00688L,國泰20年美債正2,25,0,25,華南永昌-竹北,2024-08-12,9339
2330,台積電,27,3,24,華南永昌-竹北,2024-08-12,9339
2374,佳能,25,0,25,華南永昌-竹北,2024-08-12,9339
8210,勤誠,25,2,23,華南永昌-竹北,2024-08-12,9339
00940,元大台灣價值高息,35,12,23,華南永昌-竹北,2024-08-12,9339
00936,台新永續高息中小,23,1,22,華南永昌-竹北,2024-08-12,9339
00932,兆豐永續高息等權,21,0,21,華南永昌-竹北,2024-08-12,9339
00937B,群益ESG投等債20,40,19,21,華南永昌-竹北,2024-08-12,9339
00680L,元大美債20正2,20,0,20,華南永昌-竹北,2024-08-12,9339
4956,光鋐,20,0,20,華南永昌-竹北,2024-08-12,9339
6215,和椿,38,19,19,華南永昌-竹北,2024-08-12,9339
8103,瀚荃,30,11,19,華南永昌-竹北,2024-08-12,9339
2376,技嘉,21,2,19,華南永昌-竹北,2024-08-12,9339
00878,國泰永續高股息,34,16,18,華南永昌-竹北,2024-08-12,9339
2883,凱基金,20,1,19,華南永昌-竹北,2024-08-12,9339
2524,京城,18,0,18,華南永昌-竹北,2024-08-12,9339
6957,裕慶-KY,19,2,17,華南永昌-竹北,2024-08-12,9339
00687B,國泰20年美債,16,0,16,華南永昌-竹北,2024-08-12,9339
2915,潤泰全,16,1,15,華南永昌-竹北,2024-08-12,9339
00918,大華優利高填息30,16,1,15,華南永昌-竹北,2024-08-12,9339
1326,台化,14,0,14,華南永昌-竹北,2024-08-12,9339
6116,彩晶,21,7,14,華南永昌-竹北,2024-08-12,9339
3518,柏騰,16,2,14,華南永昌-竹北,2024-08-12,9339
00951,台新日本半導體,13,0,13,華南永昌-竹北,2024-08-12,9339
3481,群創,31,18,13,華南永昌-竹北,2024-08-12,9339
00715L,期街口布蘭特正2,12,0,12,華南永昌-竹北,2024-08-12,9339
2348,海悅,12,0,12,華南永昌-竹北,2024-08-12,9339
2371,大同,15,3,12,華南永昌-竹北,2024-08-12,9339
3522,御嵿,12,0,12,華南永昌-竹北,2024-08-12,9339
4967,十銓,11,0,11,華南永昌-竹北,2024-08-12,9339
00637L,元大滬深300正2,10,0,10,華南永昌-竹北,2024-08-12,9339
1785,光洋科,13,3,10,華南永昌-竹北,2024-08-12,9339
3017,奇鋐,14,4,10,華南永昌-竹北,2024-08-12,9339
3338,泰碩,10,0,10,華南永昌-竹北,2024-08-12,9339
3535,晶彩科,13,3,10,華南永昌-竹北,2024-08-12,9339
00919,群益台灣精選高息,13,4,9,華南永昌-竹北,2024-08-12,9339
3019,亞光,79,71,8,華南永昌-竹北,2024-08-12,9339
5871,中租-KY,8,0,8,華南永昌-竹北,2024-08-12,9339
00680L,元大美債20正2,801,20,781,華南永昌-竹北,2024-08-13,9339
2609,陽明,347,185,162,華南永昌-竹北,2024-08-13,9339
00632R,元大台灣50反1,118,10,108,華南永昌-竹北,2024-08-13,9339
2834,臺企銀,106,1,105,華南永昌-竹北,2024-08-13,9339
1815,富喬,102,2,100,華南永昌-竹北,2024-08-13,9339
2881,富邦金,250,171,79,華南永昌-竹北,2024-08-13,9339
00878,國泰永續高股息,91,33,58,華南永昌-竹北,2024-08-13,9339
2880,華南金,54,1,53,華南永昌-竹北,2024-08-13,9339
00929,復華台灣科技優息,53,2,51,華南永昌-竹北,2024-08-13,9339
2615,萬海,179,133,46,華南永昌-竹北,2024-08-13,9339
00688L,國泰20年美債正2,30,0,30,華南永昌-竹北,2024-08-13,9339
2897,王道銀行,30,0,30,華南永昌-竹北,2024-08-13,9339
2312,金寶,49,21,28,華南永昌-竹北,2024-08-13,9339
2359,所羅門,42,14,28,華南永昌-竹北,2024-08-13,9339
1616,億泰,23,0,23,華南永昌-竹北,2024-08-13,9339
2376,技嘉,22,0,22,華南永昌-竹北,2024-08-13,9339
4956,光鋐,20,0,20,華南永昌-竹北,2024-08-13,9339
5871,中租-KY,20,0,20,華南永昌-竹北,2024-08-13,9339
1513,中興電,28,9,19,華南永昌-竹北,2024-08-13,9339
2243,宏旭-KY,26,8,18,華南永昌-竹北,2024-08-13,9339
6215,和椿,28,10,18,華南永昌-竹北,2024-08-13,9339
6514,芮特-KY,17,0,17,華南永昌-竹北,2024-08-13,9339
2365,昆盈,67,51,16,華南永昌-竹北,2024-08-13,9339
00679B,元大美債20年,18,3,15,華南永昌-竹北,2024-08-13,9339
4958,臻鼎-KY,15,0,15,華南永昌-竹北,2024-08-13,9339
6873,泓德能源,15,0,15,華南永昌-竹北,2024-08-13,9339
8071,能率網通,16,1,15,華南永昌-竹北,2024-08-13,9339
6284,佳邦,14,0,14,華南永昌-竹北,2024-08-13,9339
1314,中石化,13,0,13,華南永昌-竹北,2024-08-13,9339
3661,世芯-KY,16,3,13,華南永昌-竹北,2024-08-13,9339
5443,均豪,20,7,13,華南永昌-竹北,2024-08-13,9339
9105,泰金寶-DR,13,1,12,華南永昌-竹北,2024-08-13,9339
2891,中信金,10,0,10,華南永昌-竹北,2024-08-13,9339
00904,新光臺灣半導體30,10,0,10,華南永昌-竹北,2024-08-13,9339
00725B,國泰投資級公司債,10,0,10,華南永昌-竹北,2024-08-13,9339
00637L,元大滬深300正2,20,10,10,華南永昌-竹北,2024-08-13,9339
00948B,中信優息投資級債,10,0,10,華南永昌-竹北,2024-08-13,9339
3230,錦明,10,0,10,華南永昌-竹北,2024-08-13,9339
3663,鑫科,31,21,10,華南永昌-竹北,2024-08-13,9339
8105,凌巨,50,40,10,華南永昌-竹北,2024-08-13,9339
0056,元大高股息,11,2,9,華南永昌-竹北,2024-08-13,9339
8358,金居,10,1,9,華南永昌-竹北,2024-08-13,9339
1584,精剛,10,1,9,華南永昌-竹北,2024-08-13,9339
3338,泰碩,9,0,9,華南永昌-竹北,2024-08-13,9339
3522,御嵿,14,6,8,華南永昌-竹北,2024-08-13,9339
6472,保瑞,8,0,8,華南永昌-竹北,2024-08-13,9339
8028,昇陽半導體,17,9,8,華南永昌-竹北,2024-08-13,9339
6005,群益證,8,0,8,華南永昌-竹北,2024-08-13,9339
6125,廣運,8,0,8,華南永昌-竹北,2024-08-13,9339
1301,台塑,7,0,7,華南永昌-竹北,2024-08-13,9339
00680L,元大美債20正2,2858,105,2753,華南永昌-竹北,2024-08-14,9339
2882,國泰金,350,6,344,華南永昌-竹北,2024-08-14,9339
2609,陽明,243,66,177,華南永昌-竹北,2024-08-14,9339
00632R,元大台灣50反1,393,293,100,華南永昌-竹北,2024-08-14,9339
00878,國泰永續高股息,81,12,69,華南永昌-竹北,2024-08-14,9339
00919,群益台灣精選高息,63,8,55,華南永昌-竹北,2024-08-14,9339
2537,聯上發,51,0,51,華南永昌-竹北,2024-08-14,9339
00795B,中信美國公債20年,45,0,45,華南永昌-竹北,2024-08-14,9339
2330,台積電,40,5,35,華南永昌-竹北,2024-08-14,9339
00715L,期街口布蘭特正2,40,5,35,華南永昌-竹北,2024-08-14,9339
6177,達麗,36,2,34,華南永昌-竹北,2024-08-14,9339
4919,新唐,31,0,31,華南永昌-竹北,2024-08-14,9339
6658,聯策,32,2,30,華南永昌-竹北,2024-08-14,9339
00688L,國泰20年美債正2,25,0,25,華南永昌-竹北,2024-08-14,9339
00937B,群益ESG投等債20,23,0,23,華南永昌-竹北,2024-08-14,9339
6125,廣運,30,9,21,華南永昌-竹北,2024-08-14,9339
6228,全譜,17,0,17,華南永昌-竹北,2024-08-14,9339
00932,兆豐永續高息等權,16,0,16,華南永昌-竹北,2024-08-14,9339
3580,友威科,25,9,16,華南永昌-竹北,2024-08-14,9339
2880,華南金,17,2,15,華南永昌-竹北,2024-08-14,9339
1101,台泥,34,20,14,華南永昌-竹北,2024-08-14,9339
6284,佳邦,24,10,14,華南永昌-竹北,2024-08-14,9339
00936,台新永續高息中小,13,0,13,華南永昌-竹北,2024-08-14,9339
2888,新光金,12,0,12,華南永昌-竹北,2024-08-14,9339
6873,泓德能源,12,0,12,華南永昌-竹北,2024-08-14,9339
4562,穎漢,46,34,12,華南永昌-竹北,2024-08-14,9339
4513,福裕,41,29,12,華南永昌-竹北,2024-08-14,9339
00915,凱基優選高股息30,11,0,11,華南永昌-竹北,2024-08-14,9339
00637L,元大滬深300正2,11,0,11,華南永昌-竹北,2024-08-14,9339
1301,台塑,21,10,11,華南永昌-竹北,2024-08-14,9339
2401,凌陽,18,7,11,華南永昌-竹北,2024-08-14,9339
2615,萬海,64,53,11,華南永昌-竹北,2024-08-14,9339
6706,惠特,25,14,11,華南永昌-竹北,2024-08-14,9339
3230,錦明,12,2,10,華南永昌-竹北,2024-08-14,9339
2417,圓剛,10,0,10,華南永昌-竹北,2024-08-14,9339
5381,合正,10,0,10,華南永昌-竹北,2024-08-14,9339
5905,南仁湖,10,0,10,華南永昌-竹北,2024-08-14,9339
9933,中鼎,15,5,10,華南永昌-竹北,2024-08-14,9339
4534,慶騰,11,1,10,華南永昌-竹北,2024-08-14,9339
1609,大亞,12,3,9,華南永昌-竹北,2024-08-14,9339
3653,健策,8,0,8,華南永昌-竹北,2024-08-14,9339
00679B,元大美債20年,8,0,8,華南永昌-竹北,2024-08-14,9339
1446,宏和,8,0,8,華南永昌-竹北,2024-08-14,9339
6531,愛普*,9,1,8,華南永昌-竹北,2024-08-14,9339
8096,擎亞,21,14,7,華南永昌-竹北,2024-08-14,9339
2359,所羅門,66,59,7,華南永昌-竹北,2024-08-14,9339
4967,十銓,13,6,7,華南永昌-竹北,2024-08-14,9339
8069,元太,10,3,7,華南永昌-竹北,2024-08-14,9339
0056,元大高股息,12,6,6,華南永昌-竹北,2024-08-14,9339
6535,順藥,6,0,6,華南永昌-竹北,2024-08-14,9339
00687B,國泰20年美債,535,0,535,華南永昌-竹北,2024-08-15,9339
00878,國泰永續高股息,138,3,135,華南永昌-竹北,2024-08-15,9339
00900,富邦特選高股息30,102,0,102,華南永昌-竹北,2024-08-15,9339
00795B,中信美國公債20年,80,0,80,華南永昌-竹北,2024-08-15,9339
5443,均豪,69,19,50,華南永昌-竹北,2024-08-15,9339
2724,藝舍-KY,41,0,41,華南永昌-竹北,2024-08-15,9339
00680L,元大美債20正2,66,25,41,華南永昌-竹北,2024-08-15,9339
2312,金寶,105,70,35,華南永昌-竹北,2024-08-15,9339
00949,復華日本龍頭,30,0,30,華南永昌-竹北,2024-08-15,9339
6175,立敦,29,0,29,華南永昌-竹北,2024-08-15,9339
2542,興富發,27,1,26,華南永昌-竹北,2024-08-15,9339
1618,合機,25,0,25,華南永昌-竹北,2024-08-15,9339
5455,昇益,25,0,25,華南永昌-竹北,2024-08-15,9339
1532,勤美,20,0,20,華南永昌-竹北,2024-08-15,9339
1301,台塑,20,0,20,華南永昌-竹北,2024-08-15,9339
2330,台積電,21,2,19,華南永昌-竹北,2024-08-15,9339
6461,益得,17,0,17,華南永昌-竹北,2024-08-15,9339
6442,光聖,19,4,15,華南永昌-竹北,2024-08-15,9339
9105,泰金寶-DR,25,10,15,華南永昌-竹北,2024-08-15,9339
4402,郡都開發,15,0,15,華南永昌-竹北,2024-08-15,9339
3231,緯創,14,0,14,華南永昌-竹北,2024-08-15,9339
1702,南僑,14,0,14,華南永昌-竹北,2024-08-15,9339
8112,至上,13,0,13,華南永昌-竹北,2024-08-15,9339
2376,技嘉,34,21,13,華南永昌-竹北,2024-08-15,9339
6658,聯策,12,0,12,華南永昌-竹北,2024-08-15,9339
2892,第一金,12,0,12,華南永昌-竹北,2024-08-15,9339
00932,兆豐永續高息等權,12,0,12,華南永昌-竹北,2024-08-15,9339
6202,盛群,12,0,12,華南永昌-竹北,2024-08-15,9339
1439,雋揚,11,0,11,華南永昌-竹北,2024-08-15,9339
2348,海悅,20,9,11,華南永昌-竹北,2024-08-15,9339
3551,世禾,14,3,11,華南永昌-竹北,2024-08-15,9339
1101,台泥,15,4,11,華南永昌-竹北,2024-08-15,9339
00927,群益半導體收益,12,1,11,華南永昌-竹北,2024-08-15,9339
2356,英業達,10,0,10,華南永昌-竹北,2024-08-15,9339
4958,臻鼎-KY,20,10,10,華南永昌-竹北,2024-08-15,9339
8466,美吉吉-KY,10,0,10,華南永昌-竹北,2024-08-15,9339
8932,智通*,10,0,10,華南永昌-竹北,2024-08-15,9339
3605,宏致,10,1,9,華南永昌-竹北,2024-08-15,9339
4513,福裕,21,12,9,華南永昌-竹北,2024-08-15,9339
6186,新潤,9,0,9,華南永昌-竹北,2024-08-15,9339
9933,中鼎,9,0,9,華南永昌-竹北,2024-08-15,9339
1231,聯華食,8,0,8,華南永昌-竹北,2024-08-15,9339
3711,日月光投控,8,0,8,華南永昌-竹北,2024-08-15,9339
4907,富宇,8,0,8,華南永昌-竹北,2024-08-15,9339
4976,佳凌,8,0,8,華南永昌-竹北,2024-08-15,9339
6514,芮特-KY,8,0,8,華南永昌-竹北,2024-08-15,9339
6805,富世達,10,3,7,華南永昌-竹北,2024-08-15,9339
00905,FT臺灣Smart,7,0,7,華南永昌-竹北,2024-08-15,9339
00679B,元大美債20年,7,0,7,華南永昌-竹北,2024-08-15,9339
1321,大洋,7,0,7,華南永昌-竹北,2024-08-15,9339
00680L,元大美債20正2,199,1,198,華南永昌-竹北,2024-08-16,9339
00632R,元大台灣50反1,107,1,106,華南永昌-竹北,2024-08-16,9339
2489,瑞軒,116,16,100,華南永昌-竹北,2024-08-16,9339
3689,湧德,100,0,100,華南永昌-竹北,2024-08-16,9339
3673,TPK-KY,70,2,68,華南永昌-竹北,2024-08-16,9339
3522,御嵿,65,2,63,華南永昌-竹北,2024-08-16,9339
2486,一詮,118,70,48,華南永昌-竹北,2024-08-16,9339
3374,精材,59,15,44,華南永昌-竹北,2024-08-16,9339
00687B,國泰20年美債,37,0,37,華南永昌-竹北,2024-08-16,9339
3346,麗清,37,0,37,華南永昌-竹北,2024-08-16,9339
1303,南亞,30,8,22,華南永昌-竹北,2024-08-16,9339
5203,訊連,22,0,22,華南永昌-竹北,2024-08-16,9339
3426,台興,21,0,21,華南永昌-竹北,2024-08-16,9339
2330,台積電,35,14,21,華南永昌-竹北,2024-08-16,9339
8466,美吉吉-KY,20,0,20,華南永昌-竹北,2024-08-16,9339
2605,新興,20,0,20,華南永昌-竹北,2024-08-16,9339
8028,昇陽半導體,26,7,19,華南永昌-竹北,2024-08-16,9339
2365,昆盈,103,86,17,華南永昌-竹北,2024-08-16,9339
2888,新光金,18,3,15,華南永昌-竹北,2024-08-16,9339
2867,三商壽,14,0,14,華南永昌-竹北,2024-08-16,9339
8464,億豐,19,5,14,華南永昌-竹北,2024-08-16,9339
3231,緯創,29,15,14,華南永昌-竹北,2024-08-16,9339
00936,台新永續高息中小,11,0,11,華南永昌-竹北,2024-08-16,9339
5309,系統電,12,1,11,華南永昌-竹北,2024-08-16,9339
00878,國泰永續高股息,19,8,11,華南永昌-竹北,2024-08-16,9339
2243,宏旭-KY,10,0,10,華南永昌-竹北,2024-08-16,9339
00715L,期街口布蘭特正2,10,0,10,華南永昌-竹北,2024-08-16,9339
2537,聯上發,12,2,10,華南永昌-竹北,2024-08-16,9339
3605,宏致,10,0,10,華南永昌-竹北,2024-08-16,9339
6133,金橋,10,0,10,華南永昌-竹北,2024-08-16,9339
6228,全譜,12,2,10,華南永昌-竹北,2024-08-16,9339
6509,聚和,10,0,10,華南永昌-竹北,2024-08-16,9339
9906,欣巴巴,11,1,10,華南永昌-竹北,2024-08-16,9339
2409,友達,18,9,9,華南永昌-竹北,2024-08-16,9339
2905,三商,10,1,9,華南永昌-竹北,2024-08-16,9339
6505,台塑化,9,0,9,華南永昌-竹北,2024-08-16,9339
3062,建漢,21,12,9,華南永昌-竹北,2024-08-16,9339
4566,時碩工業,25,17,8,華南永昌-竹北,2024-08-16,9339
1101,台泥,8,0,8,華南永昌-竹北,2024-08-16,9339
3017,奇鋐,13,6,7,華南永昌-竹北,2024-08-16,9339
00731,復華富時高息低波,7,0,7,華南永昌-竹北,2024-08-16,9339
4907,富宇,21,14,7,華南永昌-竹北,2024-08-16,9339
00948B,中信優息投資級債,6,0,6,華南永昌-竹北,2024-08-16,9339
1536,和大,11,5,6,華南永昌-竹北,2024-08-16,9339
3294,英濟,6,0,6,華南永昌-竹北,2024-08-16,9339
4137,麗豐-KY,6,0,6,華南永昌-竹北,2024-08-16,9339
8064,東捷,11,5,6,華南永昌-竹北,2024-08-16,9339
5269,祥碩,6,0,6,華南永昌-竹北,2024-08-16,9339
00929,復華台灣科技優息,11,6,5,華南永昌-竹北,2024-08-16,9339
00795B,中信美國公債20年,5,0,5,華南永昌-竹北,2024-08-16,9339
2882,國泰金,300,49,251,華南永昌-竹北,2024-08-19,9339
8110,華東,144,0,144,華南永昌-竹北,2024-08-19,9339
00680L,元大美債20正2,191,50,141,華南永昌-竹北,2024-08-19,9339
6188,廣明,118,26,92,華南永昌-竹北,2024-08-19,9339
00715L,期街口布蘭特正2,139,55,84,華南永昌-竹北,2024-08-19,9339
00706L,期元大S＆P日圓正2,80,0,80,華南永昌-竹北,2024-08-19,9339
2330,台積電,79,2,77,華南永昌-竹北,2024-08-19,9339
00937B,群益ESG投等債20,59,0,59,華南永昌-竹北,2024-08-19,9339
2888,新光金,86,27,59,華南永昌-竹北,2024-08-19,9339
2881,富邦金,40,0,40,華南永昌-竹北,2024-08-19,9339
6451,訊芯-KY,45,10,35,華南永昌-竹北,2024-08-19,9339
2542,興富發,34,2,32,華南永昌-竹北,2024-08-19,9339
1618,合機,30,0,30,華南永昌-竹北,2024-08-19,9339
00637L,元大滬深300正2,40,11,29,華南永昌-竹北,2024-08-19,9339
2359,所羅門,139,114,25,華南永昌-竹北,2024-08-19,9339
00929,復華台灣科技優息,25,3,22,華南永昌-竹北,2024-08-19,9339
3047,訊舟,62,41,21,華南永昌-竹北,2024-08-19,9339
6215,和椿,20,1,19,華南永昌-竹北,2024-08-19,9339
2352,佳世達,17,0,17,華南永昌-竹北,2024-08-19,9339
2002,中鋼,16,0,16,華南永昌-竹北,2024-08-19,9339
00679B,元大美債20年,15,0,15,華南永昌-竹北,2024-08-19,9339
2062,橋椿,26,11,15,華南永昌-竹北,2024-08-19,9339
5481,新華,14,1,13,華南永昌-竹北,2024-08-19,9339
6535,順藥,13,0,13,華南永昌-竹北,2024-08-19,9339
2317,鴻海,17,5,12,華南永昌-竹北,2024-08-19,9339
00878,國泰永續高股息,13,1,12,華南永昌-竹北,2024-08-19,9339
00882,中信中國高股息,12,0,12,華南永昌-竹北,2024-08-19,9339
5484,慧友,13,1,12,華南永昌-竹北,2024-08-19,9339
4908,前鼎,22,11,11,華南永昌-竹北,2024-08-19,9339
8071,能率網通,10,1,9,華南永昌-竹北,2024-08-19,9339
1303,南亞,8,0,8,華南永昌-竹北,2024-08-19,9339
2609,陽明,12,4,8,華南永昌-竹北,2024-08-19,9339
1338,廣華-KY,7,0,7,華南永昌-竹北,2024-08-19,9339
2880,華南金,8,1,7,華南永昌-竹北,2024-08-19,9339
2354,鴻準,18,11,7,華南永昌-竹北,2024-08-19,9339
5905,南仁湖,47,40,7,華南永昌-竹北,2024-08-19,9339
8455,大拓-KY,6,0,6,華南永昌-竹北,2024-08-19,9339
00934,中信成長高股息,7,1,6,華南永昌-竹北,2024-08-19,9339
2392,正崴,9,3,6,華南永昌-竹北,2024-08-19,9339
2455,全新,6,0,6,華南永昌-竹北,2024-08-19,9339
9105,泰金寶-DR,6,0,6,華南永昌-竹北,2024-08-19,9339
6207,雷科,14,9,5,華南永昌-竹北,2024-08-19,9339
8234,新漢,5,0,5,華南永昌-竹北,2024-08-19,9339
6290,良維,7,2,5,華南永昌-竹北,2024-08-19,9339
00725B,國泰投資級公司債,5,0,5,華南永昌-竹北,2024-08-19,9339
1447,力鵬,5,0,5,華南永昌-竹北,2024-08-19,9339
1560,中砂,10,5,5,華南永昌-竹北,2024-08-19,9339
2031,新光鋼,5,0,5,華南永昌-竹北,2024-08-19,9339
2344,華邦電,5,0,5,華南永昌-竹北,2024-08-19,9339
6285,啟��,6,1,5,華南永昌-竹北,2024-08-19,9339
2609,陽明,681,381,300,華南永昌-竹北,2024-08-20,9339
00687B,國泰20年美債,198,2,196,華南永昌-竹北,2024-08-20,9339
00715L,期街口布蘭特正2,307,120,187,華南永昌-竹北,2024-08-20,9339
00680L,元大美債20正2,261,90,171,華南永昌-竹北,2024-08-20,9339
00633L,富邦上証正2,155,3,152,華南永昌-竹北,2024-08-20,9339
2615,萬海,184,37,147,華南永昌-竹北,2024-08-20,9339
00632R,元大台灣50反1,100,1,99,華南永昌-竹北,2024-08-20,9339
2359,所羅門,138,44,94,華南永昌-竹北,2024-08-20,9339
2352,佳世達,83,17,66,華南永昌-竹北,2024-08-20,9339
2832,台產,50,0,50,華南永昌-竹北,2024-08-20,9339
6443,元晶,50,0,50,華南永昌-竹北,2024-08-20,9339
3363,上詮,67,18,49,華南永昌-竹北,2024-08-20,9339
2354,鴻準,81,34,47,華南永昌-竹北,2024-08-20,9339
00679B,元大美債20年,36,4,32,華南永昌-竹北,2024-08-20,9339
6873,泓德能源,31,0,31,華南永昌-竹北,2024-08-20,9339
2330,台積電,39,8,31,華南永昌-竹北,2024-08-20,9339
3594,磐儀,30,0,30,華南永昌-竹北,2024-08-20,9339
1321,大洋,35,5,30,華南永昌-竹北,2024-08-20,9339
1802,台玻,30,0,30,華南永昌-竹北,2024-08-20,9339
2367,燿華,32,2,30,華南永昌-竹北,2024-08-20,9339
2406,國碩,30,0,30,華南永昌-竹北,2024-08-20,9339
3167,大量,62,33,29,華南永昌-竹北,2024-08-20,9339
6202,盛群,30,1,29,華南永昌-竹北,2024-08-20,9339
3147,大綜,51,23,28,華南永昌-竹北,2024-08-20,9339
3379,彬台,31,6,25,華南永昌-竹北,2024-08-20,9339
2489,瑞軒,31,8,23,華南永昌-竹北,2024-08-20,9339
00902,中信電池及儲能,21,0,21,華南永昌-竹北,2024-08-20,9339
2417,圓剛,20,0,20,華南永昌-竹北,2024-08-20,9339
4167,松瑞藥,20,0,20,華南永昌-竹北,2024-08-20,9339
00936,台新永續高息中小,20,2,18,華南永昌-竹北,2024-08-20,9339
00795B,中信美國公債20年,18,0,18,華南永昌-竹北,2024-08-20,9339
2603,長榮,40,22,18,華南永昌-竹北,2024-08-20,9339
6442,光聖,23,5,18,華南永昌-竹北,2024-08-20,9339
2356,英業達,19,2,17,華南永昌-竹北,2024-08-20,9339
6219,富旺,17,1,16,華南永昌-竹北,2024-08-20,9339
3686,達能,15,0,15,華南永昌-竹北,2024-08-20,9339
8112,至上,13,0,13,華南永昌-竹北,2024-08-20,9339
2317,鴻海,25,13,12,華南永昌-竹北,2024-08-20,9339
9906,欣巴巴,12,0,12,華南永昌-竹北,2024-08-20,9339
4976,佳凌,18,6,12,華南永昌-竹北,2024-08-20,9339
8261,富鼎,26,14,12,華南永昌-竹北,2024-08-20,9339
00948B,中信優息投資級債,11,0,11,華南永昌-竹北,2024-08-20,9339
3346,麗清,11,0,11,華南永昌-竹北,2024-08-20,9339
5534,長虹,10,0,10,華南永昌-竹北,2024-08-20,9339
2601,益航,10,0,10,華南永昌-竹北,2024-08-20,9339
3227,原相,10,0,10,華南永昌-竹北,2024-08-20,9339
6126,信音,10,0,10,華南永昌-竹北,2024-08-20,9339
6505,台塑化,10,0,10,華南永昌-竹北,2024-08-20,9339
00927,群益半導體收益,10,0,10,華南永昌-竹北,2024-08-20,9339
1519,華城,18,8,10,華南永昌-竹北,2024-08-20,9339
2888,新光金,761,45,716,華南永昌-竹北,2024-08-21,9339
2609,陽明,306,20,286,華南永昌-竹北,2024-08-21,9339
00715L,期街口布蘭特正2,271,151,120,華南永昌-竹北,2024-08-21,9339
6757,台灣虎航,104,3,101,華南永昌-竹北,2024-08-21,9339
2537,聯上發,100,0,100,華南永昌-竹北,2024-08-21,9339
2359,所羅門,86,10,76,華南永昌-竹北,2024-08-21,9339
2615,萬海,130,55,75,華南永昌-竹北,2024-08-21,9339
2352,佳世達,73,0,73,華南永昌-竹北,2024-08-21,9339
2891,中信金,70,1,69,華南永昌-竹北,2024-08-21,9339
2524,京城,60,0,60,華南永昌-竹北,2024-08-21,9339
2603,長榮,65,14,51,華南永昌-竹北,2024-08-21,9339
00937B,群益ESG投等債20,49,0,49,華南永昌-竹北,2024-08-21,9339
2367,燿華,44,1,43,華南永昌-竹北,2024-08-21,9339
2489,瑞軒,42,2,40,華南永昌-竹北,2024-08-21,9339
4174,浩鼎,43,4,39,華南永昌-竹北,2024-08-21,9339
00637L,元大滬深300正2,40,10,30,華南永昌-竹北,2024-08-21,9339
3686,達能,24,0,24,華南永昌-竹北,2024-08-21,9339
00919,群益台灣精選高息,28,5,23,華南永昌-竹北,2024-08-21,9339
2330,台積電,22,0,22,華南永昌-竹北,2024-08-21,9339
3050,鈺德,21,0,21,華南永昌-竹北,2024-08-21,9339
9933,中鼎,20,0,20,華南永昌-竹北,2024-08-21,9339
6177,達麗,23,3,20,華南永昌-竹北,2024-08-21,9339
4908,前鼎,47,28,19,華南永昌-竹北,2024-08-21,9339
8390,金益鼎,30,12,18,華南永昌-竹北,2024-08-21,9339
2233,宇隆,17,0,17,華南永昌-竹北,2024-08-21,9339
3047,訊舟,128,111,17,華南永昌-竹北,2024-08-21,9339
9935,慶豐富,17,1,16,華南永昌-竹北,2024-08-21,9339
00878,國泰永續高股息,21,6,15,華南永昌-竹北,2024-08-21,9339
4716,大立,21,6,15,華南永昌-竹北,2024-08-21,9339
6462,神盾,20,5,15,華南永昌-竹北,2024-08-21,9339
00929,復華台灣科技優息,74,59,15,華南永昌-竹北,2024-08-21,9339
00900,富邦特選高股息30,14,0,14,華南永昌-竹北,2024-08-21,9339
6869,雲豹能源,24,10,14,華南永昌-竹北,2024-08-21,9339
1513,中興電,14,0,14,華南永昌-竹北,2024-08-21,9339
9105,泰金寶-DR,14,0,14,華南永昌-竹北,2024-08-21,9339
00945B,凱基美國非投等債,13,0,13,華南永昌-竹北,2024-08-21,9339
00687B,國泰20年美債,22,10,12,華南永昌-竹北,2024-08-21,9339
8440,綠電,34,23,11,華南永昌-竹北,2024-08-21,9339
1438,三地開發,12,1,11,華南永昌-竹北,2024-08-21,9339
8110,華東,30,19,11,華南永昌-竹北,2024-08-21,9339
2349,錸德,15,4,11,華南永昌-竹北,2024-08-21,9339
2356,英業達,12,2,10,華南永昌-竹北,2024-08-21,9339
6877,鏵友益,10,0,10,華南永昌-竹北,2024-08-21,9339
00632R,元大台灣50反1,10,0,10,華南永昌-竹北,2024-08-21,9339
1409,新纖,10,0,10,華南永昌-竹北,2024-08-21,9339
2331,精英,10,0,10,華南永昌-竹北,2024-08-21,9339
2543,皇昌,12,2,10,華南永昌-竹北,2024-08-21,9339
4540,全球傳動,9,0,9,華南永昌-竹北,2024-08-21,9339
2464,盟立,10,1,9,華南永昌-竹北,2024-08-21,9339
2867,三商壽,9,0,9,華南永昌-竹北,2024-08-21,9339
00715L,期街口布蘭特正2,471,158,313,華南永昌-竹北,2024-08-22,9339
00933B,國泰10Y+金融債,106,0,106,華南永昌-竹北,2024-08-22,9339
8021,尖點,101,2,99,華南永昌-竹北,2024-08-22,9339
5905,南仁湖,123,26,97,華南永昌-竹北,2024-08-22,9339
2609,陽明,175,87,88,華南永昌-竹北,2024-08-22,9339
00929,復華台灣科技優息,63,3,60,華南永昌-竹北,2024-08-22,9339
8089,康全電訊,67,14,53,華南永昌-竹北,2024-08-22,9339
2062,橋椿,62,13,49,華南永昌-竹北,2024-08-22,9339
00724B,群益投資級金融債,47,0,47,華南永昌-竹北,2024-08-22,9339
00773B,中信優先金融債,43,0,43,華南永昌-竹北,2024-08-22,9339
6116,彩晶,40,7,33,華南永昌-竹北,2024-08-22,9339
00937B,群益ESG投等債20,53,25,28,華南永昌-竹北,2024-08-22,9339
2883,凱基金,32,5,27,華南永昌-竹北,2024-08-22,9339
00953B,群益優選非投等債,27,0,27,華南永昌-竹北,2024-08-22,9339
4768,晶呈科技,26,0,26,華南永昌-竹北,2024-08-22,9339
6706,惠特,24,0,24,華南永昌-竹北,2024-08-22,9339
4908,前鼎,34,11,23,華南永昌-竹北,2024-08-22,9339
3047,訊舟,106,83,23,華南永昌-竹北,2024-08-22,9339
9906,欣巴巴,23,2,21,華南永昌-竹北,2024-08-22,9339
3167,大量,76,56,20,華南永昌-竹北,2024-08-22,9339
1773,勝一,40,20,20,華南永昌-竹北,2024-08-22,9339
2528,皇普,20,0,20,華南永昌-竹北,2024-08-22,9339
4532,瑞智,20,0,20,華南永昌-竹北,2024-08-22,9339
2891,中信金,18,2,16,華南永昌-竹北,2024-08-22,9339
4109,加捷生醫,15,0,15,華南永昌-竹北,2024-08-22,9339
6510,精測,15,0,15,華南永昌-竹北,2024-08-22,9339
8374,羅昇,21,6,15,華南永昌-竹北,2024-08-22,9339
2881,富邦金,17,4,13,華南永昌-竹北,2024-08-22,9339
2405,輔信,12,0,12,華南永昌-竹北,2024-08-22,9339
2530,華建,12,0,12,華南永昌-竹北,2024-08-22,9339
2615,萬海,15,3,12,華南永昌-竹北,2024-08-22,9339
9955,佳龍,17,6,11,華南永昌-竹北,2024-08-22,9339
3379,彬台,10,0,10,華南永昌-竹北,2024-08-22,9339
00934,中信成長高股息,10,0,10,華南永昌-竹北,2024-08-22,9339
6877,鏵友益,10,0,10,華南永昌-竹北,2024-08-22,9339
00687B,國泰20年美債,12,2,10,華南永昌-竹北,2024-08-22,9339
2392,正崴,13,3,10,華南永昌-竹北,2024-08-22,9339
2633,台灣高鐵,10,0,10,華南永昌-竹北,2024-08-22,9339
6188,廣明,27,17,10,華南永昌-竹北,2024-08-22,9339
4542,科嶠,15,5,10,華南永昌-竹北,2024-08-22,9339
00878,國泰永續高股息,12,2,10,華南永昌-竹北,2024-08-22,9339
6505,台塑化,11,2,9,華南永昌-竹北,2024-08-22,9339
00688L,國泰20年美債正2,9,0,9,華南永昌-竹北,2024-08-22,9339
1314,中石化,9,0,9,華南永昌-竹北,2024-08-22,9339
6266,泰詠,9,0,9,華南永昌-竹北,2024-08-22,9339
6840,東研信超,9,0,9,華南永昌-竹北,2024-08-22,9339
8069,元太,12,3,9,華南永昌-竹北,2024-08-22,9339
2382,廣達,23,15,8,華南永昌-竹北,2024-08-22,9339
00919,群益台灣精選高息,9,1,8,華南永昌-竹北,2024-08-22,9339
2330,台積電,8,0,8,華南永昌-竹北,2024-08-22,9339
2888A,新光金甲特,272,0,272,華南永昌-竹北,2024-08-23,9339
00933B,國泰10Y+金融債,96,0,96,華南永昌-竹北,2024-08-23,9339
1326,台化,95,1,94,華南永昌-竹北,2024-08-23,9339
8110,華東,85,0,85,華南永昌-竹北,2024-08-23,9339
00953B,群益優選非投等債,82,3,79,華南永昌-竹北,2024-08-23,9339
1815,富喬,106,36,70,華南永昌-竹北,2024-08-23,9339
00688L,國泰20年美債正2,65,0,65,華南永昌-竹北,2024-08-23,9339
8105,凌巨,66,5,61,華南永昌-竹北,2024-08-23,9339
00929,復華台灣科技優息,57,3,54,華南永昌-竹北,2024-08-23,9339
00931B,統一美債20年,51,0,51,華南永昌-竹北,2024-08-23,9339
2890,永豐金,50,0,50,華南永昌-竹北,2024-08-23,9339
4303,信立,60,10,50,華南永昌-竹北,2024-08-23,9339
2888,新光金,272,226,46,華南永昌-竹北,2024-08-23,9339
00724B,群益投資級金融債,46,0,46,華南永昌-竹北,2024-08-23,9339
3363,上詮,46,2,44,華南永昌-竹北,2024-08-23,9339
00773B,中信優先金融債,43,0,43,華南永昌-竹北,2024-08-23,9339
4716,大立,39,3,36,華南永昌-竹北,2024-08-23,9339
6291,沛亨,36,0,36,華南永昌-竹北,2024-08-23,9339
3297,杭特,64,30,34,華南永昌-竹北,2024-08-23,9339
6175,立敦,31,0,31,華南永昌-竹北,2024-08-23,9339
1513,中興電,30,0,30,華南永昌-竹北,2024-08-23,9339
00687B,國泰20年美債,39,10,29,華南永昌-竹北,2024-08-23,9339
00937B,群益ESG投等債20,29,0,29,華南永昌-竹北,2024-08-23,9339
00679B,元大美債20年,28,0,28,華南永昌-竹北,2024-08-23,9339
00715L,期街口布蘭特正2,250,223,27,華南永昌-竹北,2024-08-23,9339
00948B,中信優息投資級債,25,0,25,華南永昌-竹北,2024-08-23,9339
2401,凌陽,26,6,20,華南永昌-竹北,2024-08-23,9339
1220,台榮,17,0,17,華南永昌-竹北,2024-08-23,9339
2528,皇普,17,0,17,華南永昌-竹北,2024-08-23,9339
2349,錸德,20,5,15,華南永昌-竹北,2024-08-23,9339
00637L,元大滬深300正2,30,15,15,華南永昌-竹北,2024-08-23,9339
3663,鑫科,17,2,15,華南永昌-竹北,2024-08-23,9339
1303,南亞,15,1,14,華南永昌-竹北,2024-08-23,9339
2605,新興,14,0,14,華南永昌-竹北,2024-08-23,9339
00878,國泰永續高股息,13,0,13,華南永昌-竹北,2024-08-23,9339
5484,慧友,13,2,11,華南永昌-竹北,2024-08-23,9339
8150,南茂,11,0,11,華南永昌-竹北,2024-08-23,9339
3689,湧德,13,2,11,華南永昌-竹北,2024-08-23,9339
00680L,元大美債20正2,10,0,10,華南永昌-竹北,2024-08-23,9339
00830,國泰費城半導體,10,0,10,華南永昌-竹北,2024-08-23,9339
00942B,台新美A公司債20+,10,0,10,華南永昌-竹北,2024-08-23,9339
2886,兆豐金,10,0,10,華南永昌-竹北,2024-08-23,9339
3038,全台,10,0,10,華南永昌-竹北,2024-08-23,9339
4542,科嶠,21,11,10,華南永昌-竹北,2024-08-23,9339
4908,前鼎,15,5,10,華南永昌-竹北,2024-08-23,9339
5531,鄉林,10,0,10,華南永昌-竹北,2024-08-23,9339
9906,欣巴巴,13,3,10,華南永昌-竹北,2024-08-23,9339
1721,三晃,57,48,9,華南永昌-竹北,2024-08-23,9339
2891,中信金,11,2,9,華南永昌-竹北,2024-08-23,9339
8064,東捷,49,41,8,華南永昌-竹北,2024-08-23,9339
00937B,群益ESG投等債20,325,2,323,華南永昌-竹北,2024-08-26,9339
2881,富邦金,262,67,195,華南永昌-竹北,2024-08-26,9339
2609,陽明,295,207,88,華南永昌-竹北,2024-08-26,9339
2603,長榮,98,20,78,華南永昌-竹北,2024-08-26,9339
8021,尖點,76,9,67,華南永昌-竹北,2024-08-26,9339
00929,復華台灣科技優息,82,26,56,華南永昌-竹北,2024-08-26,9339
00687B,國泰20年美債,48,2,46,華南永昌-竹北,2024-08-26,9339
2409,友達,55,11,44,華南永昌-竹北,2024-08-26,9339
2891,中信金,48,4,44,華南永昌-竹北,2024-08-26,9339
3374,精材,68,28,40,華南永昌-竹北,2024-08-26,9339
1711,永光,44,9,35,華南永昌-竹北,2024-08-26,9339
1436,華友聯,30,0,30,華南永昌-竹北,2024-08-26,9339
2888,新光金,117,88,29,華南永昌-竹北,2024-08-26,9339
1220,台榮,26,0,26,華南永昌-竹北,2024-08-26,9339
5471,松翰,23,1,22,華南永昌-竹北,2024-08-26,9339
2476,鉅祥,21,0,21,華南永昌-竹北,2024-08-26,9339
2382,廣達,62,42,20,華南永昌-竹北,2024-08-26,9339
00948B,中信優息投資級債,20,0,20,華南永昌-竹北,2024-08-26,9339
4958,臻鼎-KY,31,12,19,華南永昌-竹北,2024-08-26,9339
2365,昆盈,81,63,18,華南永昌-竹北,2024-08-26,9339
2402,毅嘉,105,88,17,華南永昌-竹北,2024-08-26,9339
00951,台新日本半導體,16,0,16,華南永昌-竹北,2024-08-26,9339
6125,廣運,24,9,15,華南永昌-竹北,2024-08-26,9339
5443,均豪,99,85,14,華南永昌-竹北,2024-08-26,9339
3645,達邁,15,3,12,華南永昌-竹北,2024-08-26,9339
3312,弘憶股,18,7,11,華南永昌-竹北,2024-08-26,9339
5469,瀚宇博,10,0,10,華南永昌-竹北,2024-08-26,9339
5321,美而快,10,0,10,華南永昌-竹北,2024-08-26,9339
2882,國泰金,33,23,10,華南永昌-竹北,2024-08-26,9339
8039,台虹,34,25,9,華南永昌-竹北,2024-08-26,9339
2388,威盛,18,9,9,華南永昌-竹北,2024-08-26,9339
3661,世芯-KY,15,6,9,華南永昌-竹北,2024-08-26,9339
00953B,群益優選非投等債,9,0,9,華南永昌-竹北,2024-08-26,9339
3260,威剛,9,1,8,華南永昌-竹北,2024-08-26,9339
4580,捷流閥業,8,0,8,華南永昌-竹北,2024-08-26,9339
6156,松上,8,1,7,華南永昌-竹北,2024-08-26,9339
3324,雙鴻,13,6,7,華南永昌-竹北,2024-08-26,9339
00878,國泰永續高股息,11,4,7,華南永昌-竹北,2024-08-26,9339
3583,辛耘,17,11,6,華南永昌-竹北,2024-08-26,9339
8028,昇陽半導體,57,51,6,華南永昌-竹北,2024-08-26,9339
2359,所羅門,30,24,6,華南永昌-竹北,2024-08-26,9339
4564,元翎,6,0,6,華南永昌-竹北,2024-08-26,9339
2610,華航,7,1,6,華南永昌-竹北,2024-08-26,9339
5512,力麒,6,0,6,華南永昌-竹北,2024-08-26,9339
7402,邑錡,6,0,6,華南永昌-竹北,2024-08-26,9339
6134,萬旭,6,0,6,華南永昌-竹北,2024-08-26,9339
6806,森崴能源,6,1,5,華南永昌-竹北,2024-08-26,9339
00757,統一FANG+,5,0,5,華南永昌-竹北,2024-08-26,9339
00720B,元大投資級公司債,5,0,5,華南永昌-竹北,2024-08-26,9339
2618,長榮航,7,2,5,華南永昌-竹北,2024-08-26,9339
00931B,統一美債20年,200,0,200,華南永昌-竹北,2024-08-27,9339
2609,陽明,243,124,119,華南永昌-竹北,2024-08-27,9339
2603,長榮,100,18,82,華南永昌-竹北,2024-08-27,9339
00937B,群益ESG投等債20,80,0,80,華南永昌-竹北,2024-08-27,9339
2615,萬海,163,84,79,華南永昌-竹北,2024-08-27,9339
8110,華東,70,0,70,華南永昌-竹北,2024-08-27,9339
8039,台虹,124,61,63,華南永昌-竹北,2024-08-27,9339
2891,中信金,51,0,51,華南永昌-竹北,2024-08-27,9339
8105,凌巨,48,0,48,華南永昌-竹北,2024-08-27,9339
3481,群創,69,27,42,華南永昌-竹北,2024-08-27,9339
1815,富喬,40,0,40,華南永昌-竹北,2024-08-27,9339
6223,旺矽,50,13,37,華南永昌-竹北,2024-08-27,9339
2489,瑞軒,33,2,31,華南永昌-竹北,2024-08-27,9339
2409,友達,30,0,30,華南永昌-竹北,2024-08-27,9339
3149,正達,51,24,27,華南永昌-竹北,2024-08-27,9339
2369,菱生,25,0,25,華南永昌-竹北,2024-08-27,9339
00687B,國泰20年美債,28,3,25,華南永昌-竹北,2024-08-27,9339
00688L,國泰20年美債正2,24,0,24,華南永昌-竹北,2024-08-27,9339
2399,映泰,75,51,24,華南永昌-竹北,2024-08-27,9339
3033,威健,35,12,23,華南永昌-竹北,2024-08-27,9339
2637,慧洋-KY,23,0,23,華南永昌-竹北,2024-08-27,9339
5386,青雲,27,4,23,華南永昌-竹北,2024-08-27,9339
00929,復華台灣科技優息,27,4,23,華南永昌-竹北,2024-08-27,9339
2363,矽統,26,4,22,華南永昌-竹北,2024-08-27,9339
00942B,台新美A公司債20+,20,0,20,華南永昌-竹北,2024-08-27,9339
00878,國泰永續高股息,21,3,18,華南永昌-竹北,2024-08-27,9339
2832,台產,18,0,18,華南永昌-竹北,2024-08-27,9339
2887,台新金,39,22,17,華南永昌-竹北,2024-08-27,9339
3374,精材,36,22,14,華南永昌-竹北,2024-08-27,9339
8064,東捷,21,7,14,華南永昌-竹北,2024-08-27,9339
00919,群益台灣精選高息,15,2,13,華南永昌-竹北,2024-08-27,9339
00680L,元大美債20正2,12,0,12,華南永昌-竹北,2024-08-27,9339
00948B,中信優息投資級債,12,0,12,華南永昌-竹北,2024-08-27,9339
2881,富邦金,22,11,11,華南永昌-竹北,2024-08-27,9339
0056,元大高股息,11,1,10,華南永昌-竹北,2024-08-27,9339
2882,國泰金,58,48,10,華南永昌-竹北,2024-08-27,9339
00934,中信成長高股息,10,0,10,華南永昌-竹北,2024-08-27,9339
00907,永豐優息存股,10,0,10,華南永昌-竹北,2024-08-27,9339
6753,龍德造船,10,0,10,華南永昌-竹北,2024-08-27,9339
00954,中信日本半導體,10,0,10,華南永昌-竹北,2024-08-27,9339
8028,昇陽半導體,43,33,10,華南永昌-竹北,2024-08-27,9339
9955,佳龍,10,0,10,華南永昌-竹北,2024-08-27,9339
3645,達邁,10,0,10,華南永昌-竹北,2024-08-27,9339
3689,湧德,10,0,10,華南永昌-竹北,2024-08-27,9339
2845,遠東銀,9,0,9,華南永昌-竹北,2024-08-27,9339
1326,台化,9,0,9,華南永昌-竹北,2024-08-27,9339
2425,承啟,9,0,9,華南永昌-竹北,2024-08-27,9339
00679B,元大美債20年,8,0,8,華南永昌-竹北,2024-08-27,9339
00927,群益半導體收益,10,2,8,華南永昌-竹北,2024-08-27,9339
2330,台積電,8,0,8,華南永昌-竹北,2024-08-27,9339
00930,永豐ESG低碳高息,100,0,100,華南永昌-竹北,2024-08-28,9339
5443,均豪,141,52,89,華南永昌-竹北,2024-08-28,9339
3481,群創,99,23,76,華南永昌-竹北,2024-08-28,9339
3689,湧德,65,6,59,華南永昌-竹北,2024-08-28,9339
1314,中石化,50,0,50,華南永昌-竹北,2024-08-28,9339
00715L,期街口布蘭特正2,43,0,43,華南永昌-竹北,2024-08-28,9339
8011,台通,43,0,43,華南永昌-竹北,2024-08-28,9339
2426,鼎元,42,0,42,華南永昌-竹北,2024-08-28,9339
00637L,元大滬深300正2,40,0,40,華南永昌-竹北,2024-08-28,9339
3167,大量,48,12,36,華南永昌-竹北,2024-08-28,9339
00953B,群益優選非投等債,35,1,34,華南永昌-竹北,2024-08-28,9339
6451,訊芯-KY,36,6,30,華南永昌-竹北,2024-08-28,9339
8070,長華*,30,5,25,華南永昌-竹北,2024-08-28,9339
00918,大華優利高填息30,24,0,24,華南永昌-竹北,2024-08-28,9339
1101,台泥,21,0,21,華南永昌-竹北,2024-08-28,9339
2883,凱基金,20,0,20,華南永昌-竹北,2024-08-28,9339
5534,長虹,20,0,20,華南永昌-竹北,2024-08-28,9339
8021,尖點,20,0,20,華南永昌-竹北,2024-08-28,9339
2405,輔信,20,1,19,華南永昌-竹北,2024-08-28,9339
3062,建漢,34,18,16,華南永昌-竹北,2024-08-28,9339
2812,台中銀,15,0,15,華南永昌-竹北,2024-08-28,9339
00679B,元大美債20年,25,10,15,華南永昌-竹北,2024-08-28,9339
1303,南亞,13,0,13,華南永昌-竹北,2024-08-28,9339
2317,鴻海,14,1,13,華南永昌-竹北,2024-08-28,9339
2832,台產,12,0,12,華南永昌-竹北,2024-08-28,9339
4510,高鋒,15,3,12,華南永昌-竹北,2024-08-28,9339
3346,麗清,12,0,12,華南永昌-竹北,2024-08-28,9339
00680L,元大美債20正2,11,0,11,華南永昌-竹北,2024-08-28,9339
2442,新美齊,10,0,10,華南永昌-竹北,2024-08-28,9339
8111,立��,29,19,10,華南永昌-竹北,2024-08-28,9339
00907,永豐優息存股,10,0,10,華南永昌-竹北,2024-08-28,9339
00948B,中信優息投資級債,10,0,10,華南永昌-竹北,2024-08-28,9339
3374,精材,31,21,10,華南永昌-竹北,2024-08-28,9339
4102,永日,10,0,10,華南永昌-竹北,2024-08-28,9339
3324,雙鴻,21,11,10,華南永昌-竹北,2024-08-28,9339
6214,精誠,10,0,10,華南永昌-竹北,2024-08-28,9339
00932,兆豐永續高息等權,10,1,9,華南永昌-竹北,2024-08-28,9339
6442,光聖,11,2,9,華南永昌-竹北,2024-08-28,9339
8112,至上,9,0,9,華南永昌-竹北,2024-08-28,9339
2330,台積電,10,1,9,華南永昌-竹北,2024-08-28,9339
6223,旺矽,23,15,8,華南永昌-竹北,2024-08-28,9339
6806,森崴能源,8,0,8,華南永昌-竹北,2024-08-28,9339
8473,山林水,8,0,8,華南永昌-竹北,2024-08-28,9339
3550,聯穎,13,5,8,華南永昌-竹北,2024-08-28,9339
3149,正達,8,1,7,華南永昌-竹北,2024-08-28,9339
3163,波若威,20,13,7,華南永昌-竹北,2024-08-28,9339
8049,晶采,7,0,7,華南永昌-竹北,2024-08-28,9339
3661,世芯-KY,13,6,7,華南永昌-竹北,2024-08-28,9339
6505,台塑化,8,1,7,華南永昌-竹北,2024-08-28,9339
2356,英業達,6,0,6,華南永昌-竹北,2024-08-28,9339
2409,友達,100,26,74,華南永昌-竹北,2024-08-29,9339
5474,聰泰,61,0,61,華南永昌-竹北,2024-08-29,9339
00687B,國泰20年美債,58,0,58,華南永昌-竹北,2024-08-29,9339
2883,凱基金,50,0,50,華南永昌-竹北,2024-08-29,9339
00715L,期街口布蘭特正2,48,0,48,華南永昌-竹北,2024-08-29,9339
8064,東捷,55,7,48,華南永昌-竹北,2024-08-29,9339
2891,中信金,43,0,43,華南永昌-竹北,2024-08-29,9339
3031,佰鴻,40,0,40,華南永昌-竹北,2024-08-29,9339
3147,大綜,51,13,38,華南永昌-竹北,2024-08-29,9339
2406,國碩,31,0,31,華南永昌-竹北,2024-08-29,9339
3149,正達,33,3,30,華南永昌-竹北,2024-08-29,9339
1540,喬福,63,35,28,華南永昌-竹北,2024-08-29,9339
1815,富喬,130,102,28,華南永昌-竹北,2024-08-29,9339
4167,松瑞藥,27,0,27,華南永昌-竹北,2024-08-29,9339
1314,中石化,26,0,26,華南永昌-竹北,2024-08-29,9339
3522,御嵿,26,0,26,華南永昌-竹北,2024-08-29,9339
3231,緯創,25,0,25,華南永昌-竹北,2024-08-29,9339
00786B,元大10年IG銀行債,25,0,25,華南永昌-竹北,2024-08-29,9339
3481,群創,25,3,22,華南永昌-竹北,2024-08-29,9339
00637L,元大滬深300正2,25,3,22,華南永昌-竹北,2024-08-29,9339
4526,東台,63,42,21,華南永昌-竹北,2024-08-29,9339
00688L,國泰20年美債正2,20,0,20,華南永昌-竹北,2024-08-29,9339
2524,京城,33,13,20,華南永昌-竹北,2024-08-29,9339
3049,精金,20,0,20,華南永昌-竹北,2024-08-29,9339
2330,台積電,20,2,18,華南永昌-竹北,2024-08-29,9339
00929,復華台灣科技優息,18,0,18,華南永昌-竹北,2024-08-29,9339
3051,力特,18,0,18,華南永昌-竹北,2024-08-29,9339
3189,景碩,32,15,17,華南永昌-竹北,2024-08-29,9339
00940,元大台灣價值高息,17,0,17,華南永昌-竹北,2024-08-29,9339
2885,元大金,15,0,15,華南永昌-竹北,2024-08-29,9339
00948B,中信優息投資級債,15,0,15,華南永昌-竹北,2024-08-29,9339
4563,百德,28,14,14,華南永昌-竹北,2024-08-29,9339
6806,森崴能源,12,0,12,華南永昌-竹北,2024-08-29,9339
9938,百和,12,0,12,華南永昌-竹北,2024-08-29,9339
3580,友威科,13,2,11,華南永昌-竹北,2024-08-29,9339
8011,台通,11,0,11,華南永昌-竹北,2024-08-29,9339
4127,天良,11,0,11,華南永昌-竹北,2024-08-29,9339
00942B,台新美A公司債20+,10,0,10,華南永昌-竹北,2024-08-29,9339
1618,合機,20,10,10,華南永昌-竹北,2024-08-29,9339
2417,圓剛,10,0,10,華南永昌-竹北,2024-08-29,9339
2867,三商壽,10,0,10,華南永昌-竹北,2024-08-29,9339
3188,鑫龍騰,10,0,10,華南永昌-竹北,2024-08-29,9339
6269,台郡,10,0,10,華南永昌-竹北,2024-08-29,9339
8089,康全電訊,10,0,10,華南永昌-竹北,2024-08-29,9339
6598,ABC-KY,10,0,10,華南永昌-竹北,2024-08-29,9339
5498,凱崴,10,0,10,華南永昌-竹北,2024-08-29,9339
00919,群益台灣精選高息,24,15,9,華南永昌-竹北,2024-08-29,9339
2880,華南金,13,4,9,華南永昌-竹北,2024-08-29,9339
00757,統一FANG+,9,0,9,華南永昌-竹北,2024-08-29,9339
00895,富邦未來車,10,1,9,華南永昌-竹北,2024-08-29,9339
6153,嘉聯益,107,7,100,華南永昌-竹北,2024-08-30,9339
6164,華興,90,0,90,華南永昌-竹北,2024-08-30,9339
2425,承啟,151,69,82,華南永昌-竹北,2024-08-30,9339
1314,中石化,77,0,77,華南永昌-竹北,2024-08-30,9339
2543,皇昌,84,10,74,華南永昌-竹北,2024-08-30,9339
00680L,元大美債20正2,63,0,63,華南永昌-竹北,2024-08-30,9339
3048,益登,62,0,62,華南永昌-竹北,2024-08-30,9339
8110,華東,61,0,61,華南永昌-竹北,2024-08-30,9339
00937B,群益ESG投等債20,56,0,56,華南永昌-竹北,2024-08-30,9339
00687B,國泰20年美債,53,0,53,華南永昌-竹北,2024-08-30,9339
00637L,元大滬深300正2,50,0,50,華南永昌-竹北,2024-08-30,9339
4510,高鋒,56,14,42,華南永昌-竹北,2024-08-30,9339
5474,聰泰,32,1,31,華南永昌-竹北,2024-08-30,9339
6213,聯茂,31,2,29,華南永昌-竹北,2024-08-30,9339
00915,凱基優選高股息30,38,10,28,華南永昌-竹北,2024-08-30,9339
3189,景碩,44,18,26,華南永昌-竹北,2024-08-30,9339
6274,台燿,28,4,24,華南永昌-竹北,2024-08-30,9339
3535,晶彩科,22,0,22,華南永昌-竹北,2024-08-30,9339
3689,湧德,59,38,21,華南永昌-竹北,2024-08-30,9339
00688L,國泰20年美債正2,20,0,20,華南永昌-竹北,2024-08-30,9339
2537,聯上發,20,0,20,華南永昌-竹北,2024-08-30,9339
3363,上詮,50,31,19,華南永昌-竹北,2024-08-30,9339
6133,金橋,106,90,16,華南永昌-竹北,2024-08-30,9339
00948B,中信優息投資級債,15,0,15,華南永昌-竹北,2024-08-30,9339
3049,精金,15,0,15,華南永昌-竹北,2024-08-30,9339
4561,健椿,48,34,14,華南永昌-竹北,2024-08-30,9339
6451,訊芯-KY,43,30,13,華南永昌-竹北,2024-08-30,9339
6215,和椿,26,13,13,華南永昌-竹北,2024-08-30,9339
3645,達邁,61,49,12,華南永昌-竹北,2024-08-30,9339
6175,立敦,12,0,12,華南永昌-竹北,2024-08-30,9339
00929,復華台灣科技優息,13,1,12,華南永昌-竹北,2024-08-30,9339
6698,旭暉應材,17,5,12,華南永昌-竹北,2024-08-30,9339
4958,臻鼎-KY,13,2,11,華南永昌-竹北,2024-08-30,9339
2330,台積電,14,3,11,華南永昌-竹北,2024-08-30,9339
4526,東台,106,95,11,華南永昌-竹北,2024-08-30,9339
3450,聯鈞,40,29,11,華南永昌-竹北,2024-08-30,9339
4956,光鋐,16,6,10,華南永昌-竹北,2024-08-30,9339
2515,中工,10,0,10,華南永昌-竹北,2024-08-30,9339
2836,高雄銀,10,0,10,華南永昌-竹北,2024-08-30,9339
3211,順達,10,0,10,華南永昌-竹北,2024-08-30,9339
6598,ABC-KY,10,0,10,華南永昌-竹北,2024-08-30,9339
8182,加高,9,0,9,華南永昌-竹北,2024-08-30,9339
2365,昆盈,10,2,8,華南永昌-竹北,2024-08-30,9339
4580,捷流閥業,8,0,8,華南永昌-竹北,2024-08-30,9339
1785,光洋科,31,24,7,華南永昌-竹北,2024-08-30,9339
2399,映泰,9,2,7,華南永昌-竹北,2024-08-30,9339
3454,晶睿,8,1,7,華南永昌-竹北,2024-08-30,9339
4906,正文,7,0,7,華南永昌-竹北,2024-08-30,9339
1711,永光,61,54,7,華南永昌-竹北,2024-08-30,9339
3207,耀勝,7,0,7,華南永昌-竹北,2024-08-30,9339
2882,國泰金,381,4,377,華南永昌-竹北,2024-09-02,9339
00637L,元大滬深300正2,411,150,261,華南永昌-竹北,2024-09-02,9339
1316,上曜,180,0,180,華南永昌-竹北,2024-09-02,9339
2615,萬海,188,55,133,華南永昌-竹北,2024-09-02,9339
00633L,富邦上証正2,165,35,130,華南永昌-竹北,2024-09-02,9339
00779B,凱基美債25+,106,0,106,華南永昌-竹北,2024-09-02,9339
00715L,期街口布蘭特正2,102,0,102,華南永昌-竹北,2024-09-02,9339
2609,陽明,171,79,92,華南永昌-竹北,2024-09-02,9339
2323,中環,73,2,71,華南永昌-竹北,2024-09-02,9339
3049,精金,70,1,69,華南永昌-竹北,2024-09-02,9339
00687B,國泰20年美債,62,0,62,華南永昌-竹北,2024-09-02,9339
00688L,國泰20年美債正2,62,10,52,華南永昌-竹北,2024-09-02,9339
5474,聰泰,50,0,50,華南永昌-竹北,2024-09-02,9339
00929,復華台灣科技優息,60,11,49,華南永昌-竹北,2024-09-02,9339
1785,光洋科,66,20,46,華南永昌-竹北,2024-09-02,9339
00795B,中信美國公債20年,41,0,41,華南永昌-竹北,2024-09-02,9339
1815,富喬,40,0,40,華南永昌-竹北,2024-09-02,9339
2891,中信金,43,7,36,華南永昌-竹北,2024-09-02,9339
00632R,元大台灣50反1,30,0,30,華南永昌-竹北,2024-09-02,9339
00919,群益台灣精選高息,30,1,29,華南永昌-竹北,2024-09-02,9339
2881,富邦金,44,16,28,華南永昌-竹北,2024-09-02,9339
3207,耀勝,20,0,20,華南永昌-竹北,2024-09-02,9339
6208,日揚,20,0,20,華南永昌-竹北,2024-09-02,9339
2724,藝舍-KY,19,0,19,華南永昌-竹北,2024-09-02,9339
00937B,群益ESG投等債20,18,0,18,華南永昌-竹北,2024-09-02,9339
3522,御嵿,17,0,17,華南永昌-竹北,2024-09-02,9339
2455,全新,18,2,16,華南永昌-竹北,2024-09-02,9339
3450,聯鈞,79,63,16,華南永昌-竹北,2024-09-02,9339
00918,大華優利高填息30,13,0,13,華南永昌-竹北,2024-09-02,9339
00942B,台新美A公司債20+,13,0,13,華南永昌-竹北,2024-09-02,9339
1314,中石化,13,0,13,華南永昌-竹北,2024-09-02,9339
1303,南亞,25,13,12,華南永昌-竹北,2024-09-02,9339
2317,鴻海,12,0,12,華南永昌-竹北,2024-09-02,9339
6215,和椿,28,16,12,華南永昌-竹北,2024-09-02,9339
00679B,元大美債20年,11,0,11,華南永昌-竹北,2024-09-02,9339
00948B,中信優息投資級債,11,0,11,華南永昌-竹北,2024-09-02,9339
00949,復華日本龍頭,20,9,11,華南永昌-竹北,2024-09-02,9339
8028,昇陽半導體,16,5,11,華南永昌-竹北,2024-09-02,9339
5236,凌陽創新,10,0,10,華南永昌-竹北,2024-09-02,9339
3017,奇鋐,23,13,10,華南永昌-竹北,2024-09-02,9339
00941,中信上游半導體,10,0,10,華南永昌-竹北,2024-09-02,9339
1326,台化,14,4,10,華南永昌-竹北,2024-09-02,9339
2867,三商壽,10,0,10,華南永昌-竹北,2024-09-02,9339
3209,全科,10,0,10,華南永昌-竹北,2024-09-02,9339
3714,富采,10,0,10,華南永昌-竹北,2024-09-02,9339
6197,佳必琪,16,6,10,華南永昌-竹北,2024-09-02,9339
8021,尖點,10,0,10,華南永昌-竹北,2024-09-02,9339
2338,光罩,10,0,10,華南永昌-竹北,2024-09-02,9339
2392,正崴,19,10,9,華南永昌-竹北,2024-09-02,9339
6187,萬潤,12,3,9,華南永昌-竹北,2024-09-02,9339
00929,復華台灣科技優息,149,11,138,華南永昌-竹北,2024-09-03,9339
00687B,國泰20年美債,74,0,74,華南永昌-竹北,2024-09-03,9339
8096,擎亞,81,7,74,華南永昌-竹北,2024-09-03,9339
00940,元大台灣價值高息,116,61,55,華南永昌-竹北,2024-09-03,9339
8105,凌巨,115,63,52,華南永昌-竹北,2024-09-03,9339
2412,中華電,190,140,50,華南永昌-竹北,2024-09-03,9339
2891,中信金,49,0,49,華南永昌-竹北,2024-09-03,9339
00795B,中信美國公債20年,50,3,47,華南永昌-竹北,2024-09-03,9339
2888,新光金,52,8,44,華南永昌-竹北,2024-09-03,9339
00915,凱基優選高股息30,41,0,41,華南永昌-竹北,2024-09-03,9339
3049,精金,30,0,30,華南永昌-竹北,2024-09-03,9339
1314,中石化,29,0,29,華南永昌-竹北,2024-09-03,9339
2323,中環,26,0,26,華南永昌-竹北,2024-09-03,9339
00919,群益台灣精選高息,24,0,24,華南永昌-竹北,2024-09-03,9339
2887,台新金,23,1,22,華南永昌-竹北,2024-09-03,9339
00918,大華優利高填息30,22,1,21,華南永昌-竹北,2024-09-03,9339
3450,聯鈞,54,33,21,華南永昌-竹北,2024-09-03,9339
00943,兆豐電子高息等權,20,0,20,華南永昌-竹北,2024-09-03,9339
00637L,元大滬深300正2,124,105,19,華南永昌-竹北,2024-09-03,9339
00937B,群益ESG投等債20,79,60,19,華南永昌-竹北,2024-09-03,9339
3189,景碩,25,6,19,華南永昌-竹北,2024-09-03,9339
00948B,中信優息投資級債,18,0,18,華南永昌-竹北,2024-09-03,9339
2388,威盛,15,0,15,華南永昌-竹北,2024-09-03,9339
1303,南亞,14,0,14,華南永昌-竹北,2024-09-03,9339
6531,愛普*,14,2,12,華南永昌-竹北,2024-09-03,9339
3481,群創,16,4,12,華南永昌-竹北,2024-09-03,9339
2425,承啟,11,0,11,華南永昌-竹北,2024-09-03,9339
1326,台化,12,2,10,華南永昌-竹北,2024-09-03,9339
00921,兆豐龍頭等權重,10,0,10,華南永昌-竹北,2024-09-03,9339
00951,台新日本半導體,10,0,10,華南永昌-竹北,2024-09-03,9339
00959B,大華投等美債15Y+,10,0,10,華南永昌-竹北,2024-09-03,9339
3703,欣陸,10,0,10,華南永昌-竹北,2024-09-03,9339
3149,正達,17,7,10,華南永昌-竹北,2024-09-03,9339
9958,世紀鋼,22,12,10,華南永昌-竹北,2024-09-03,9339
5474,聰泰,10,0,10,華南永昌-竹北,2024-09-03,9339
1101,台泥,11,1,10,華南永昌-竹北,2024-09-03,9339
00878,國泰永續高股息,9,0,9,華南永昌-竹北,2024-09-03,9339
1711,永光,9,1,8,華南永昌-竹北,2024-09-03,9339
3062,建漢,103,95,8,華南永昌-竹北,2024-09-03,9339
2881,富邦金,27,20,7,華南永昌-竹北,2024-09-03,9339
00942B,台新美A公司債20+,7,0,7,華南永昌-竹北,2024-09-03,9339
2486,一詮,15,8,7,華南永昌-竹北,2024-09-03,9339
2892,第一金,7,0,7,華南永昌-竹北,2024-09-03,9339
6515,穎崴,7,0,7,華南永昌-竹北,2024-09-03,9339
4566,時碩工業,32,26,6,華南永昌-竹北,2024-09-03,9339
2401,凌陽,6,0,6,華南永昌-竹北,2024-09-03,9339
2867,三商壽,6,0,6,華南永昌-竹北,2024-09-03,9339
2449,京元電子,19,14,5,華南永昌-竹北,2024-09-03,9339
00725B,國泰投資級公司債,5,0,5,華南永昌-竹北,2024-09-03,9339
00688L,國泰20年美債正2,5,0,5,華南永昌-竹北,2024-09-03,9339
00929,復華台灣科技優息,223,2,221,華南永昌-竹北,2024-09-04,9339
00878,國泰永續高股息,163,0,163,華南永昌-竹北,2024-09-04,9339
3260,威剛,171,21,150,華南永昌-竹北,2024-09-04,9339
00715L,期街口布蘭特正2,127,0,127,華南永昌-竹北,2024-09-04,9339
00919,群益台灣精選高息,151,36,115,華南永昌-竹北,2024-09-04,9339
2317,鴻海,95,9,86,華南永昌-竹北,2024-09-04,9339
00940,元大台灣價值高息,70,6,64,華南永昌-竹北,2024-09-04,9339
00918,大華優利高填息30,59,0,59,華南永昌-竹北,2024-09-04,9339
2537,聯上發,55,0,55,華南永昌-竹北,2024-09-04,9339
2891,中信金,56,2,54,華南永昌-竹北,2024-09-04,9339
6770,力積電,54,2,52,華南永昌-竹北,2024-09-04,9339
00712,復華富時不動產,52,0,52,華南永昌-竹北,2024-09-04,9339
00946,群益科技高息成長,47,0,47,華南永昌-竹北,2024-09-04,9339
0056,元大高股息,40,1,39,華南永昌-竹北,2024-09-04,9339
1735,日勝化,50,13,37,華南永昌-竹北,2024-09-04,9339
00948B,中信優息投資級債,32,1,31,華南永昌-竹北,2024-09-04,9339
2330,台積電,47,16,31,華南永昌-竹北,2024-09-04,9339
3189,景碩,35,6,29,華南永昌-竹北,2024-09-04,9339
5474,聰泰,29,2,27,華南永昌-竹北,2024-09-04,9339
00915,凱基優選高股息30,26,0,26,華南永昌-竹北,2024-09-04,9339
2402,毅嘉,28,2,26,華南永昌-竹北,2024-09-04,9339
1514,亞力,27,1,26,華南永昌-竹北,2024-09-04,9339
2382,廣達,26,1,25,華南永昌-竹北,2024-09-04,9339
2881,富邦金,45,20,25,華南永昌-竹北,2024-09-04,9339
2337,旺宏,28,5,23,華南永昌-竹北,2024-09-04,9339
3231,緯創,25,3,22,華南永昌-竹北,2024-09-04,9339
00951,台新日本半導體,21,0,21,華南永昌-竹北,2024-09-04,9339
00891,中信關鍵半導體,20,0,20,華南永昌-竹北,2024-09-04,9339
00900,富邦特選高股息30,19,0,19,華南永昌-竹北,2024-09-04,9339
00934,中信成長高股息,18,0,18,華南永昌-竹北,2024-09-04,9339
00881,國泰台灣5G+,17,0,17,華南永昌-竹北,2024-09-04,9339
8299,群聯,17,0,17,華南永昌-竹北,2024-09-04,9339
4714,永捷,18,1,17,華南永昌-竹北,2024-09-04,9339
00637L,元大滬深300正2,51,35,16,華南永昌-竹北,2024-09-04,9339
00921,兆豐龍頭等權重,16,0,16,華南永昌-竹北,2024-09-04,9339
2449,京元電子,23,9,14,華南永昌-竹北,2024-09-04,9339
2383,台光電,16,2,14,華南永昌-竹北,2024-09-04,9339
006208,富邦台50,16,2,14,華南永昌-竹北,2024-09-04,9339
00927,群益半導體收益,14,0,14,華南永昌-竹北,2024-09-04,9339
00830,國泰費城半導體,14,0,14,華南永昌-竹北,2024-09-04,9339
00713,元大台灣高息低波,13,0,13,華南永昌-竹北,2024-09-04,9339
1563,巧新,13,0,13,華南永昌-竹北,2024-09-04,9339
6177,達麗,12,0,12,華南永昌-竹北,2024-09-04,9339
4510,高鋒,39,27,12,華南永昌-竹北,2024-09-04,9339
2376,技嘉,11,0,11,華南永昌-竹北,2024-09-04,9339
3025,星通,10,0,10,華南永昌-竹北,2024-09-04,9339
5443,均豪,18,8,10,華南永昌-竹北,2024-09-04,9339
5498,凱崴,10,0,10,華南永昌-竹北,2024-09-04,9339
5608,四維航,10,0,10,華南永昌-竹北,2024-09-04,9339
6134,萬旭,10,0,10,華南永昌-竹北,2024-09-04,9339
00715L,期街口布蘭特正2,235,0,235,華南永昌-竹北,2024-09-05,9339
00687B,國泰20年美債,150,12,138,華南永昌-竹北,2024-09-05,9339
00945B,凱基美國非投等債,100,0,100,華南永昌-竹北,2024-09-05,9339
2888,新光金,212,135,77,華南永昌-竹北,2024-09-05,9339
00937B,群益ESG投等債20,100,23,77,華南永昌-竹北,2024-09-05,9339
00940,元大台灣價值高息,81,12,69,華南永昌-竹北,2024-09-05,9339
3049,精金,55,3,52,華南永昌-竹北,2024-09-05,9339
00637L,元大滬深300正2,200,150,50,華南永昌-竹北,2024-09-05,9339
00929,復華台灣科技優息,46,1,45,華南永昌-竹北,2024-09-05,9339
00712,復華富時不動產,41,0,41,華南永昌-竹北,2024-09-05,9339
2891,中信金,42,3,39,華南永昌-竹北,2024-09-05,9339
00878,國泰永續高股息,33,1,32,華南永昌-竹北,2024-09-05,9339
00932,兆豐永續高息等權,31,0,31,華南永昌-竹北,2024-09-05,9339
2317,鴻海,27,0,27,華南永昌-竹北,2024-09-05,9339
0056,元大高股息,28,1,27,華南永昌-竹北,2024-09-05,9339
4549,桓達,23,2,21,華南永昌-竹北,2024-09-05,9339
1314,中石化,19,0,19,華南永昌-竹北,2024-09-05,9339
3231,緯創,13,0,13,華南永昌-竹北,2024-09-05,9339
3362,先進光,19,6,13,華南永昌-竹北,2024-09-05,9339
2337,旺宏,15,2,13,華南永昌-竹北,2024-09-05,9339
5530,龍巖,12,0,12,華南永昌-竹北,2024-09-05,9339
2371,大同,11,0,11,華南永昌-竹北,2024-09-05,9339
3035,智原,11,0,11,華南永昌-竹北,2024-09-05,9339
2409,友達,11,0,11,華南永昌-竹北,2024-09-05,9339
3346,麗清,11,0,11,華南永昌-竹北,2024-09-05,9339
00931B,統一美債20年,12,1,11,華南永昌-竹北,2024-09-05,9339
00951,台新日本半導體,21,10,11,華南永昌-竹北,2024-09-05,9339
00632R,元大台灣50反1,10,0,10,華南永昌-竹北,2024-09-05,9339
3711,日月光投控,11,1,10,華南永昌-竹北,2024-09-05,9339
6805,富世達,10,0,10,華南永昌-竹北,2024-09-05,9339
2610,華航,13,3,10,華南永昌-竹北,2024-09-05,9339
00900,富邦特選高股息30,9,0,9,華南永昌-竹北,2024-09-05,9339
00948B,中信優息投資級債,10,1,9,華南永昌-竹北,2024-09-05,9339
4707,磐亞,9,0,9,華南永昌-竹北,2024-09-05,9339
3230,錦明,9,1,8,華南永昌-竹北,2024-09-05,9339
6187,萬潤,10,2,8,華南永昌-竹北,2024-09-05,9339
2002,中鋼,7,0,7,華南永昌-竹北,2024-09-05,9339
00918,大華優利高填息30,6,0,6,華南永昌-竹北,2024-09-05,9339
1540,喬福,152,146,6,華南永昌-竹北,2024-09-05,9339
3374,精材,36,30,6,華南永昌-竹北,2024-09-05,9339
8070,長華*,38,32,6,華南永昌-竹北,2024-09-05,9339
00795B,中信美國公債20年,8,2,6,華南永昌-竹北,2024-09-05,9339
1326,台化,8,3,5,華南永昌-竹北,2024-09-05,9339
5871,中租-KY,5,0,5,華南永昌-竹北,2024-09-05,9339
00930,永豐ESG低碳高息,5,0,5,華南永昌-竹北,2024-09-05,9339
1722,台肥,5,0,5,華南永昌-竹北,2024-09-05,9339
4958,臻鼎-KY,5,0,5,華南永昌-竹北,2024-09-05,9339
00891,中信關鍵半導體,5,0,5,華南永昌-竹北,2024-09-05,9339
6806,森崴能源,5,0,5,華南永昌-竹北,2024-09-05,9339
00642U,期元大S＆P石油,5,0,5,華南永昌-竹北,2024-09-05,9339
2888,新光金,205,1,204,華南永昌-竹北,2024-09-06,9339
00715L,期街口布蘭特正2,146,0,146,華南永昌-竹北,2024-09-06,9339
00680L,元大美債20正2,150,6,144,華南永昌-竹北,2024-09-06,9339
2537,聯上發,61,1,60,華南永昌-竹北,2024-09-06,9339
00931B,統一美債20年,50,0,50,華南永昌-竹北,2024-09-06,9339
00945B,凱基美國非投等債,50,0,50,華南永昌-竹北,2024-09-06,9339
3092,鴻碩,50,0,50,華南永昌-竹北,2024-09-06,9339
00929,復華台灣科技優息,59,10,49,華南永昌-竹北,2024-09-06,9339
00919,群益台灣精選高息,38,0,38,華南永昌-竹北,2024-09-06,9339
00934,中信成長高股息,30,0,30,華南永昌-竹北,2024-09-06,9339
00878,國泰永續高股息,26,1,25,華南永昌-竹北,2024-09-06,9339
2367,燿華,23,1,22,華南永昌-竹北,2024-09-06,9339
00951,台新日本半導體,21,0,21,華南永昌-竹北,2024-09-06,9339
3346,麗清,21,0,21,華南永昌-竹北,2024-09-06,9339
6163,華電網,20,0,20,華南永昌-竹北,2024-09-06,9339
2615,萬海,17,0,17,華南永昌-竹北,2024-09-06,9339
00713,元大台灣高息低波,16,0,16,華南永昌-竹北,2024-09-06,9339
1815,富喬,18,2,16,華南永昌-竹北,2024-09-06,9339
00687B,國泰20年美債,45,30,15,華南永昌-竹北,2024-09-06,9339
3645,達邁,15,0,15,華南永昌-竹北,2024-09-06,9339
6216,居易,18,3,15,華南永昌-竹北,2024-09-06,9339
6213,聯茂,27,13,14,華南永昌-竹北,2024-09-06,9339
00948B,中信優息投資級債,18,5,13,華南永昌-竹北,2024-09-06,9339
2365,昆盈,32,20,12,華南永昌-竹北,2024-09-06,9339
2317,鴻海,12,1,11,華南永昌-竹北,2024-09-06,9339
1540,喬福,43,32,11,華南永昌-竹北,2024-09-06,9339
2388,威盛,10,0,10,華南永昌-竹北,2024-09-06,9339
3062,建漢,14,4,10,華南永昌-竹北,2024-09-06,9339
5481,新華,10,0,10,華南永昌-竹北,2024-09-06,9339
6114,久威,12,2,10,華南永昌-竹北,2024-09-06,9339
8039,台虹,10,0,10,華南永昌-竹北,2024-09-06,9339
3481,群創,13,5,8,華南永昌-竹北,2024-09-06,9339
00632R,元大台灣50反1,8,0,8,華南永昌-竹北,2024-09-06,9339
00946,群益科技高息成長,14,6,8,華南永昌-竹北,2024-09-06,9339
5530,龍巖,8,0,8,華南永昌-竹北,2024-09-06,9339
1314,中石化,7,0,7,華南永昌-竹北,2024-09-06,9339
0056,元大高股息,17,11,6,華南永昌-竹北,2024-09-06,9339
00757,統一FANG+,6,0,6,華南永昌-竹北,2024-09-06,9339
6197,佳必琪,7,1,6,華南永昌-竹北,2024-09-06,9339
3324,雙鴻,9,3,6,華南永昌-竹北,2024-09-06,9339
2327,國巨,7,1,6,華南永昌-竹北,2024-09-06,9339
8150,南茂,6,0,6,華南永昌-竹北,2024-09-06,9339
6514,芮特-KY,6,0,6,華南永昌-竹北,2024-09-06,9339
6215,和椿,29,23,6,華南永昌-竹北,2024-09-06,9339
2344,華邦電,6,0,6,華南永昌-竹北,2024-09-06,9339
4540,全球傳動,5,0,5,華南永昌-竹北,2024-09-06,9339
3362,先進光,8,3,5,華南永昌-竹北,2024-09-06,9339
2031,新光鋼,5,0,5,華南永昌-竹北,2024-09-06,9339
4127,天良,5,0,5,華南永昌-竹北,2024-09-06,9339
6625,必應,5,0,5,華南永昌-竹北,2024-09-06,9339
00929,復華台灣科技優息,158,0,158,華南永昌-竹北,2024-09-09,9339
00919,群益台灣精選高息,123,4,119,華南永昌-竹北,2024-09-09,9339
00637L,元大滬深300正2,140,24,116,華南永昌-竹北,2024-09-09,9339
00715L,期街口布蘭特正2,276,187,89,華南永昌-竹北,2024-09-09,9339
6215,和椿,67,9,58,華南永昌-竹北,2024-09-09,9339
3450,聯鈞,71,14,57,華南永昌-竹北,2024-09-09,9339
00878,國泰永續高股息,57,1,56,華南永昌-竹北,2024-09-09,9339
2891,中信金,56,0,56,華南永昌-竹北,2024-09-09,9339
4510,高鋒,69,18,51,華南永昌-竹北,2024-09-09,9339
2317,鴻海,45,4,41,華南永昌-竹北,2024-09-09,9339
4967,十銓,33,2,31,華南永昌-竹北,2024-09-09,9339
00951,台新日本半導體,31,0,31,華南永昌-竹北,2024-09-09,9339
3049,精金,65,35,30,華南永昌-竹北,2024-09-09,9339
2881,富邦金,42,13,29,華南永昌-竹北,2024-09-09,9339
6505,台塑化,27,1,26,華南永昌-竹北,2024-09-09,9339
00891,中信關鍵半導體,25,0,25,華南永昌-竹北,2024-09-09,9339
00945B,凱基美國非投等債,25,0,25,華南永昌-竹北,2024-09-09,9339
00948B,中信優息投資級債,25,1,24,華南永昌-竹北,2024-09-09,9339
2888,新光金,100,76,24,華南永昌-竹北,2024-09-09,9339
00687B,國泰20年美債,23,0,23,華南永昌-竹北,2024-09-09,9339
2885,元大金,22,0,22,華南永昌-竹北,2024-09-09,9339
1616,億泰,21,0,21,華南永昌-竹北,2024-09-09,9339
2330,台積電,21,0,21,華南永昌-竹北,2024-09-09,9339
0056,元大高股息,20,0,20,華南永昌-竹北,2024-09-09,9339
00940,元大台灣價值高息,26,7,19,華南永昌-竹北,2024-09-09,9339
00900,富邦特選高股息30,18,0,18,華南永昌-竹北,2024-09-09,9339
00915,凱基優選高股息30,17,0,17,華南永昌-竹北,2024-09-09,9339
3645,達邁,16,0,16,華南永昌-竹北,2024-09-09,9339
4956,光鋐,54,38,16,華南永昌-竹北,2024-09-09,9339
1711,永光,64,49,15,華南永昌-竹北,2024-09-09,9339
00881,國泰台灣5G+,15,0,15,華南永昌-竹北,2024-09-09,9339
00713,元大台灣高息低波,16,2,14,華南永昌-竹北,2024-09-09,9339
00946,群益科技高息成長,13,0,13,華南永昌-竹北,2024-09-09,9339
3234,光環,13,0,13,華南永昌-竹北,2024-09-09,9339
3354,律勝,12,0,12,華南永昌-竹北,2024-09-09,9339
00679B,元大美債20年,11,0,11,華南永昌-竹北,2024-09-09,9339
2368,金像電,13,2,11,華南永昌-竹北,2024-09-09,9339
5460,同協,24,13,11,華南永昌-竹北,2024-09-09,9339
6126,信音,11,0,11,華南永昌-竹北,2024-09-09,9339
8021,尖點,11,0,11,華南永昌-竹北,2024-09-09,9339
3511,矽瑪,16,5,11,華南永昌-竹北,2024-09-09,9339
4109,加捷生醫,10,0,10,華南永昌-竹北,2024-09-09,9339
2405,輔信,10,0,10,華南永昌-竹北,2024-09-09,9339
2537,聯上發,10,0,10,華南永昌-竹北,2024-09-09,9339
3081,聯亞,10,0,10,華南永昌-竹北,2024-09-09,9339
6005,群益證,10,0,10,華南永昌-竹北,2024-09-09,9339
9945,潤泰新,9,0,9,華南永昌-竹北,2024-09-09,9339
3014,聯陽,9,0,9,華南永昌-竹北,2024-09-09,9339
3481,群創,14,5,9,華南永昌-竹北,2024-09-09,9339
00937B,群益ESG投等債20,21,13,8,華南永昌-竹北,2024-09-09,9339
00680L,元大美債20正2,217,7,210,華南永昌-竹北,2024-09-10,9339
00948B,中信優息投資級債,208,4,204,華南永昌-竹北,2024-09-10,9339
00679B,元大美債20年,200,37,163,華南永昌-竹北,2024-09-10,9339
5508,永信建,120,0,120,華南永昌-竹北,2024-09-10,9339
1815,富喬,120,10,110,華南永昌-竹北,2024-09-10,9339
2489,瑞軒,132,42,90,華南永昌-竹北,2024-09-10,9339
3260,威剛,67,0,67,華南永昌-竹北,2024-09-10,9339
00878,國泰永續高股息,63,5,58,華南永昌-竹北,2024-09-10,9339
00919,群益台灣精選高息,57,7,50,華南永昌-竹北,2024-09-10,9339
00929,復華台灣科技優息,45,1,44,華南永昌-竹北,2024-09-10,9339
2382,廣達,83,40,43,華南永昌-竹北,2024-09-10,9339
3645,達邁,41,10,31,華南永昌-竹北,2024-09-10,9339
00688L,國泰20年美債正2,30,0,30,華南永昌-竹北,2024-09-10,9339
4971,IET-KY,33,4,29,華南永昌-竹北,2024-09-10,9339
0056,元大高股息,24,0,24,華南永昌-竹北,2024-09-10,9339
2409,友達,22,0,22,華南永昌-竹北,2024-09-10,9339
3189,景碩,22,0,22,華南永昌-竹北,2024-09-10,9339
6284,佳邦,20,0,20,華南永昌-竹北,2024-09-10,9339
8096,擎亞,25,5,20,華南永昌-竹北,2024-09-10,9339
3047,訊舟,91,73,18,華南永昌-竹北,2024-09-10,9339
3346,麗清,16,0,16,華南永昌-竹北,2024-09-10,9339
00713,元大台灣高息低波,15,0,15,華南永昌-竹北,2024-09-10,9339
2486,一詮,20,5,15,華南永昌-竹北,2024-09-10,9339
00715L,期街口布蘭特正2,15,0,15,華南永昌-竹北,2024-09-10,9339
1524,耿鼎,22,7,15,華南永昌-竹北,2024-09-10,9339
2201,裕隆,14,0,14,華南永昌-竹北,2024-09-10,9339
3535,晶彩科,29,16,13,華南永昌-竹北,2024-09-10,9339
4420,光明,13,0,13,華南永昌-竹北,2024-09-10,9339
3062,建漢,106,94,12,華南永昌-竹北,2024-09-10,9339
6505,台塑化,14,2,12,華南永昌-竹北,2024-09-10,9339
3324,雙鴻,23,12,11,華南永昌-竹北,2024-09-10,9339
4967,十銓,11,0,11,華南永昌-竹北,2024-09-10,9339
2408,南亞科,11,0,11,華南永昌-竹北,2024-09-10,9339
2352,佳世達,11,0,11,華南永昌-竹北,2024-09-10,9339
4958,臻鼎-KY,18,8,10,華南永昌-竹北,2024-09-10,9339
6125,廣運,16,6,10,華南永昌-竹北,2024-09-10,9339
2359,所羅門,18,8,10,華南永昌-竹北,2024-09-10,9339
00957B,兆豐US優選投等債,10,0,10,華南永昌-竹北,2024-09-10,9339
6207,雷科,10,0,10,華南永昌-竹北,2024-09-10,9339
8011,台通,18,8,10,華南永昌-竹北,2024-09-10,9339
8150,南茂,10,0,10,華南永昌-竹北,2024-09-10,9339
8064,東捷,9,0,9,華南永昌-竹北,2024-09-10,9339
00687B,國泰20年美債,21,12,9,華南永昌-竹北,2024-09-10,9339
3163,波若威,32,23,9,華南永昌-竹北,2024-09-10,9339
6770,力積電,13,5,8,華南永昌-竹北,2024-09-10,9339
2356,英業達,13,5,8,華南永昌-竹北,2024-09-10,9339
2002,中鋼,12,4,8,華南永昌-竹北,2024-09-10,9339
00915,凱基優選高股息30,8,0,8,華南永昌-竹北,2024-09-10,9339
2497,怡利電,22,14,8,華南永昌-竹北,2024-09-10,9339
6241,易通展,8,0,8,華南永昌-竹北,2024-09-10,9339
00680L,元大美債20正2,200,13,187,華南永昌-竹北,2024-09-11,9339
00715L,期街口布蘭特正2,341,231,110,華南永昌-竹北,2024-09-11,9339
00953B,群益優選非投等債,100,0,100,華南永昌-竹北,2024-09-11,9339
00957B,兆豐US優選投等債,100,0,100,華南永昌-竹北,2024-09-11,9339
00937B,群益ESG投等債20,76,6,70,華南永昌-竹北,2024-09-11,9339
2881,富邦金,57,0,57,華南永昌-竹北,2024-09-11,9339
4967,十銓,45,1,44,華南永昌-竹北,2024-09-11,9339
2891,中信金,45,11,34,華南永昌-竹北,2024-09-11,9339
2243,宏旭-KY,30,0,30,華南永昌-竹北,2024-09-11,9339
3481,群創,30,0,30,華南永昌-竹北,2024-09-11,9339
00940,元大台灣價值高息,28,0,28,華南永昌-竹北,2024-09-11,9339
3147,大綜,25,0,25,華南永昌-竹北,2024-09-11,9339
00713,元大台灣高息低波,24,0,24,華南永昌-竹北,2024-09-11,9339
2885,元大金,20,1,19,華南永昌-竹北,2024-09-11,9339
5474,聰泰,18,0,18,華南永昌-竹北,2024-09-11,9339
00919,群益台灣精選高息,16,0,16,華南永昌-竹北,2024-09-11,9339
00878,國泰永續高股息,34,20,14,華南永昌-竹北,2024-09-11,9339
3354,律勝,14,1,13,華南永昌-竹北,2024-09-11,9339
2455,全新,21,8,13,華南永昌-竹北,2024-09-11,9339
8070,長華*,41,28,13,華南永昌-竹北,2024-09-11,9339
2360,致茂,12,0,12,華南永昌-竹北,2024-09-11,9339
2488,漢平,11,0,11,華南永昌-竹北,2024-09-11,9339
4566,時碩工業,28,17,11,華南永昌-竹北,2024-09-11,9339
2351,順德,10,0,10,華南永昌-竹北,2024-09-11,9339
00725B,國泰投資級公司債,10,0,10,華南永昌-竹北,2024-09-11,9339
00931B,統一美債20年,10,0,10,華南永昌-竹北,2024-09-11,9339
00936,台新永續高息中小,10,0,10,華南永昌-竹北,2024-09-11,9339
2349,錸德,10,0,10,華南永昌-竹北,2024-09-11,9339
2356,英業達,10,0,10,華南永昌-竹北,2024-09-11,9339
5236,凌陽創新,10,0,10,華南永昌-竹北,2024-09-11,9339
8011,台通,10,0,10,華南永昌-竹北,2024-09-11,9339
5905,南仁湖,11,1,10,華南永昌-竹北,2024-09-11,9339
00915,凱基優選高股息30,8,0,8,華南永昌-竹北,2024-09-11,9339
00882,中信中國高股息,8,0,8,華南永昌-竹北,2024-09-11,9339
6194,育富,13,5,8,華南永昌-竹北,2024-09-11,9339
5481,新華,7,0,7,華南永昌-竹北,2024-09-11,9339
00795B,中信美國公債20年,7,0,7,華南永昌-竹北,2024-09-11,9339
3062,建漢,17,11,6,華南永昌-竹北,2024-09-11,9339
2367,燿華,6,0,6,華南永昌-竹北,2024-09-11,9339
6139,亞翔,6,0,6,華南永昌-竹北,2024-09-11,9339
00934,中信成長高股息,6,0,6,華南永昌-竹北,2024-09-11,9339
6505,台塑化,17,11,6,華南永昌-竹北,2024-09-11,9339
5347,世界,6,0,6,華南永昌-竹北,2024-09-11,9339
00642U,期元大S＆P石油,6,0,6,華南永昌-竹北,2024-09-11,9339
2542,興富發,6,0,6,華南永昌-竹北,2024-09-11,9339
4977,眾達-KY,10,4,6,華南永昌-竹北,2024-09-11,9339
00665L,富邦�琤肭磪囓�2,6,1,5,華南永昌-竹北,2024-09-11,9339
3260,威剛,6,1,5,華南永昌-竹北,2024-09-11,9339
1817,凱撒衛,5,0,5,華南永昌-竹北,2024-09-11,9339
2892,第一金,5,0,5,華南永昌-竹北,2024-09-11,9339
00679B,元大美債20年,272,7,265,華南永昌-竹北,2024-09-12,9339
1815,富喬,201,0,201,華南永昌-竹北,2024-09-12,9339
2883,凱基金,70,0,70,華南永昌-竹北,2024-09-12,9339
00715L,期街口布蘭特正2,345,276,69,華南永昌-竹北,2024-09-12,9339
00953B,群益優選非投等債,55,0,55,華南永昌-竹北,2024-09-12,9339
00712,復華富時不動產,50,2,48,華南永昌-竹北,2024-09-12,9339
2472,立隆電,47,0,47,華南永昌-竹北,2024-09-12,9339
1314,中石化,41,0,41,華南永昌-竹北,2024-09-12,9339
6194,育富,40,5,35,華南永昌-竹北,2024-09-12,9339
00632R,元大台灣50反1,30,0,30,華南永昌-竹北,2024-09-12,9339
00706L,期元大S＆P日圓正2,28,0,28,華南永昌-竹北,2024-09-12,9339
8039,台虹,27,0,27,華南永昌-竹北,2024-09-12,9339
2426,鼎元,29,2,27,華南永昌-竹北,2024-09-12,9339
6163,華電網,21,0,21,華南永昌-竹北,2024-09-12,9339
4763,材料-KY,22,2,20,華南永昌-竹北,2024-09-12,9339
1584,精剛,20,0,20,華南永昌-竹北,2024-09-12,9339
2897,王道銀行,20,0,20,華南永昌-竹北,2024-09-12,9339
3376,新日興,22,2,20,華南永昌-竹北,2024-09-12,9339
6143,振曜,20,0,20,華南永昌-竹北,2024-09-12,9339
6175,立敦,20,0,20,華南永昌-竹北,2024-09-12,9339
8086,宏捷科,20,0,20,華南永昌-竹北,2024-09-12,9339
1711,永光,35,18,17,華南永昌-竹北,2024-09-12,9339
2891,中信金,16,0,16,華南永昌-竹北,2024-09-12,9339
3230,錦明,16,0,16,華南永昌-竹北,2024-09-12,9339
00919,群益台灣精選高息,16,1,15,華南永昌-竹北,2024-09-12,9339
3354,律勝,16,3,13,華南永昌-竹北,2024-09-12,9339
6284,佳邦,45,32,13,華南永昌-竹北,2024-09-12,9339
6531,愛普*,16,3,13,華南永昌-竹北,2024-09-12,9339
3416,融程電,10,0,10,華南永昌-竹北,2024-09-12,9339
3450,聯鈞,10,0,10,華南永昌-竹北,2024-09-12,9339
2540,愛山林,10,0,10,華南永昌-竹北,2024-09-12,9339
00915,凱基優選高股息30,10,0,10,華南永昌-竹北,2024-09-12,9339
3017,奇鋐,16,6,10,華南永昌-竹北,2024-09-12,9339
3207,耀勝,10,0,10,華南永昌-竹北,2024-09-12,9339
3664,安瑞-KY,10,0,10,華南永昌-竹北,2024-09-12,9339
4551,智伸科,17,7,10,華南永昌-竹北,2024-09-12,9339
00687B,國泰20年美債,256,247,9,華南永昌-竹北,2024-09-12,9339
2356,英業達,23,14,9,華南永昌-竹北,2024-09-12,9339
6182,合晶,9,0,9,華南永昌-竹北,2024-09-12,9339
00878,國泰永續高股息,12,3,9,華南永昌-竹北,2024-09-12,9339
2337,旺宏,10,2,8,華南永昌-竹北,2024-09-12,9339
5443,均豪,19,12,7,華南永昌-竹北,2024-09-12,9339
2488,漢平,7,0,7,華南永昌-竹北,2024-09-12,9339
2360,致茂,6,0,6,華南永昌-竹北,2024-09-12,9339
2392,正崴,15,9,6,華南永昌-竹北,2024-09-12,9339
9933,中鼎,6,0,6,華南永昌-竹北,2024-09-12,9339
00950B,凱基A級公司債,5,0,5,華南永昌-竹北,2024-09-12,9339
3062,建漢,14,9,5,華南永昌-竹北,2024-09-12,9339
5905,南仁湖,5,0,5,華南永昌-竹北,2024-09-12,9339
1817,凱撒衛,5,0,5,華南永昌-竹北,2024-09-12,9339
00680L,元大美債20正2,100,0,100,華南永昌-竹北,2024-09-13,9339
8039,台虹,97,21,76,華南永昌-竹北,2024-09-13,9339
00679B,元大美債20年,79,11,68,華南永昌-竹北,2024-09-13,9339
1711,永光,79,18,61,華南永昌-竹北,2024-09-13,9339
00687B,國泰20年美債,62,2,60,華南永昌-竹北,2024-09-13,9339
1309,台達化,60,1,59,華南永昌-竹北,2024-09-13,9339
2420,新巨,54,0,54,華南永昌-竹北,2024-09-13,9339
00929,復華台灣科技優息,39,0,39,華南永昌-竹北,2024-09-13,9339
2887,台新金,40,1,39,華南永昌-竹北,2024-09-13,9339
3645,達邁,61,26,35,華南永昌-竹北,2024-09-13,9339
2399,映泰,85,53,32,華南永昌-竹北,2024-09-13,9339
5230,雷笛克光學,30,0,30,華南永昌-竹北,2024-09-13,9339
5381,合正,29,0,29,華南永昌-竹北,2024-09-13,9339
00633L,富邦上証正2,50,25,25,華南永昌-竹北,2024-09-13,9339
4420,光明,24,0,24,華南永昌-竹北,2024-09-13,9339
3481,群創,20,0,20,華南永昌-竹北,2024-09-13,9339
2897,王道銀行,20,0,20,華南永昌-竹北,2024-09-13,9339
3290,東浦,20,0,20,華南永昌-竹北,2024-09-13,9339
3346,麗清,18,0,18,華南永昌-竹北,2024-09-13,9339
00919,群益台灣精選高息,21,4,17,華南永昌-竹北,2024-09-13,9339
2455,全新,16,0,16,華南永昌-竹北,2024-09-13,9339
3017,奇鋐,31,15,16,華南永昌-竹北,2024-09-13,9339
2891,中信金,15,0,15,華南永昌-竹北,2024-09-13,9339
3234,光環,15,0,15,華南永昌-竹北,2024-09-13,9339
3416,融程電,20,5,15,華南永昌-竹北,2024-09-13,9339
2382,廣達,28,14,14,華南永昌-竹北,2024-09-13,9339
00635U,期元大S＆P黃金,12,0,12,華南永昌-竹北,2024-09-13,9339
00878,國泰永續高股息,13,1,12,華南永昌-竹北,2024-09-13,9339
00900,富邦特選高股息30,11,0,11,華南永昌-竹北,2024-09-13,9339
3062,建漢,34,24,10,華南永昌-竹北,2024-09-13,9339
00720B,元大投資級公司債,10,0,10,華南永昌-竹北,2024-09-13,9339
00948B,中信優息投資級債,10,0,10,華南永昌-竹北,2024-09-13,9339
00952,凱基台灣AI50,10,0,10,華南永昌-竹北,2024-09-13,9339
1101,台泥,10,0,10,華南永昌-竹北,2024-09-13,9339
1326,台化,11,1,10,華南永昌-竹北,2024-09-13,9339
2485,兆赫,10,0,10,華南永昌-竹北,2024-09-13,9339
3004,豐達科,10,0,10,華南永昌-竹北,2024-09-13,9339
6214,精誠,10,0,10,華南永昌-竹北,2024-09-13,9339
6217,中探針,10,0,10,華南永昌-竹北,2024-09-13,9339
3207,耀勝,10,1,9,華南永昌-竹北,2024-09-13,9339
3550,聯穎,16,7,9,華南永昌-竹北,2024-09-13,9339
6197,佳必琪,12,3,9,華南永昌-竹北,2024-09-13,9339
3710,連展投控,8,0,8,華南永昌-竹北,2024-09-13,9339
3624,光頡,7,0,7,華南永昌-竹北,2024-09-13,9339
1540,喬福,36,29,7,華南永昌-竹北,2024-09-13,9339
2355,敬鵬,6,0,6,華南永昌-竹北,2024-09-13,9339
3583,辛耘,15,9,6,華南永昌-竹北,2024-09-13,9339
6194,育富,32,27,5,華南永昌-竹北,2024-09-13,9339
2881,富邦金,5,0,5,華南永昌-竹北,2024-09-13,9339
00950B,凱基A級公司債,5,0,5,華南永昌-竹北,2024-09-13,9339
00687B,國泰20年美債,314,20,294,華南永昌-竹北,2024-09-16,9339
00715L,期街口布蘭特正2,372,150,222,華南永昌-竹北,2024-09-16,9339
2409,友達,200,32,168,華南永昌-竹北,2024-09-16,9339
00919,群益台灣精選高息,68,1,67,華南永昌-竹北,2024-09-16,9339
4956,光鋐,50,0,50,華南永昌-竹北,2024-09-16,9339
3290,東浦,63,22,41,華南永昌-竹北,2024-09-16,9339
8906,花王,30,0,30,華南永昌-竹北,2024-09-16,9339
00929,復華台灣科技優息,34,7,27,華南永昌-竹北,2024-09-16,9339
00918,大華優利高填息30,32,5,27,華南永昌-竹北,2024-09-16,9339
3017,奇鋐,37,11,26,華南永昌-竹北,2024-09-16,9339
00688L,國泰20年美債正2,30,5,25,華南永昌-竹北,2024-09-16,9339
1314,中石化,33,8,25,華南永昌-竹北,2024-09-16,9339
00948B,中信優息投資級債,21,0,21,華南永昌-竹北,2024-09-16,9339
2426,鼎元,24,3,21,華南永昌-竹北,2024-09-16,9339
1309,台達化,20,0,20,華南永昌-竹北,2024-09-16,9339
3380,明泰,20,0,20,華南永昌-竹北,2024-09-16,9339
5230,雷笛克光學,29,9,20,華南永昌-竹北,2024-09-16,9339
00713,元大台灣高息低波,22,2,20,華南永昌-竹北,2024-09-16,9339
2360,致茂,23,3,20,華南永昌-竹北,2024-09-16,9339
2891,中信金,17,0,17,華南永昌-竹北,2024-09-16,9339
2033,佳大,18,2,16,華南永昌-竹北,2024-09-16,9339
0056,元大高股息,20,5,15,華南永昌-竹北,2024-09-16,9339
3379,彬台,15,0,15,華南永昌-竹北,2024-09-16,9339
3450,聯鈞,17,2,15,華南永昌-竹北,2024-09-16,9339
3645,達邁,16,2,14,華南永昌-竹北,2024-09-16,9339
00937B,群益ESG投等債20,12,0,12,華南永昌-竹北,2024-09-16,9339
2392,正崴,15,3,12,華南永昌-竹北,2024-09-16,9339
2509,全坤建,11,0,11,華南永昌-竹北,2024-09-16,9339
4933,友輝,14,3,11,華南永昌-竹北,2024-09-16,9339
9906,欣巴巴,10,0,10,華南永昌-竹北,2024-09-16,9339
00725B,國泰投資級公司債,10,0,10,華南永昌-竹北,2024-09-16,9339
3607,谷崧,10,0,10,華南永昌-竹北,2024-09-16,9339
4903,聯光通,10,0,10,華南永昌-竹北,2024-09-16,9339
6743,安普新,10,0,10,華南永昌-竹北,2024-09-16,9339
3047,訊舟,28,19,9,華南永昌-竹北,2024-09-16,9339
3049,精金,12,3,9,華南永昌-竹北,2024-09-16,9339
4767,誠泰科技,8,0,8,華南永昌-竹北,2024-09-16,9339
5243,乙盛-KY,21,13,8,華南永昌-竹北,2024-09-16,9339
6906,現觀科,8,0,8,華南永昌-竹北,2024-09-16,9339
9955,佳龍,17,9,8,華南永昌-竹北,2024-09-16,9339
3167,大量,20,12,8,華南永昌-竹北,2024-09-16,9339
00952,凱基台灣AI50,19,12,7,華南永昌-竹北,2024-09-16,9339
5443,均豪,12,6,6,華南永昌-竹北,2024-09-16,9339
00795B,中信美國公債20年,6,0,6,華南永昌-竹北,2024-09-16,9339
4927,泰鼎-KY,6,0,6,華南永昌-竹北,2024-09-16,9339
8473,山林水,6,0,6,華南永昌-竹北,2024-09-16,9339
3019,亞光,20,15,5,華南永昌-竹北,2024-09-16,9339
8049,晶采,5,0,5,華南永昌-竹北,2024-09-16,9339
8277,商丞,5,0,5,華南永昌-竹北,2024-09-16,9339
9933,中鼎,5,0,5,華南永昌-竹北,2024-09-16,9339
00679B,元大美債20年,219,0,219,華南永昌-竹北,2024-09-18,9339
00687B,國泰20年美債,211,0,211,華南永昌-竹北,2024-09-18,9339
8110,華東,196,6,190,華南永昌-竹北,2024-09-18,9339
00929,復華台灣科技優息,116,4,112,華南永昌-竹北,2024-09-18,9339
2426,鼎元,105,26,79,華南永昌-竹北,2024-09-18,9339
2344,華邦電,73,1,72,華南永昌-竹北,2024-09-18,9339
00919,群益台灣精選高息,69,3,66,華南永昌-竹北,2024-09-18,9339
2425,承啟,63,3,60,華南永昌-竹北,2024-09-18,9339
00713,元大台灣高息低波,37,0,37,華南永昌-竹北,2024-09-18,9339
1717,長興,36,1,35,華南永昌-竹北,2024-09-18,9339
00927,群益半導體收益,30,0,30,華南永昌-竹北,2024-09-18,9339
3704,合勤控,30,0,30,華南永昌-竹北,2024-09-18,9339
5876,上海商銀,29,0,29,華南永昌-竹北,2024-09-18,9339
4903,聯光通,23,1,22,華南永昌-竹北,2024-09-18,9339
00680L,元大美債20正2,20,0,20,華南永昌-竹北,2024-09-18,9339
2317,鴻海,18,1,17,華南永昌-竹北,2024-09-18,9339
2455,全新,15,0,15,華南永昌-竹北,2024-09-18,9339
1727,中華化,57,42,15,華南永昌-竹北,2024-09-18,9339
4933,友輝,15,1,14,華南永昌-竹北,2024-09-18,9339
8096,擎亞,25,12,13,華南永昌-竹北,2024-09-18,9339
2888,新光金,31,18,13,華南永昌-竹北,2024-09-18,9339
1325,恆大,12,0,12,華南永昌-竹北,2024-09-18,9339
3149,正達,13,1,12,華南永昌-竹北,2024-09-18,9339
5243,乙盛-KY,13,1,12,華南永昌-竹北,2024-09-18,9339
4958,臻鼎-KY,12,0,12,華南永昌-竹北,2024-09-18,9339
00881,國泰台灣5G+,11,0,11,華南永昌-竹北,2024-09-18,9339
00923,群益台ESG低碳50,10,0,10,華南永昌-竹北,2024-09-18,9339
2250,IKKA-KY,10,0,10,華南永昌-竹北,2024-09-18,9339
3234,光環,10,0,10,華南永昌-竹北,2024-09-18,9339
5236,凌陽創新,10,0,10,華南永昌-竹北,2024-09-18,9339
6698,旭暉應材,17,7,10,華南永昌-竹北,2024-09-18,9339
0056,元大高股息,15,6,9,華南永昌-竹北,2024-09-18,9339
3290,東浦,21,12,9,華南永昌-竹北,2024-09-18,9339
5443,均豪,16,8,8,華南永昌-竹北,2024-09-18,9339
00949,復華日本龍頭,8,0,8,華南永昌-竹北,2024-09-18,9339
2313,華通,19,11,8,華南永昌-竹北,2024-09-18,9339
3049,精金,10,2,8,華南永昌-竹北,2024-09-18,9339
2449,京元電子,19,12,7,華南永昌-竹北,2024-09-18,9339
2610,華航,12,5,7,華南永昌-竹北,2024-09-18,9339
3430,奇鈦科,10,3,7,華南永昌-竹北,2024-09-18,9339
6104,創惟,36,29,7,華南永昌-竹北,2024-09-18,9339
8032,光菱,8,1,7,華南永昌-竹北,2024-09-18,9339
00648R,元大S＆P500反1,6,0,6,華南永昌-竹北,2024-09-18,9339
00940,元大台灣價值高息,6,0,6,華南永昌-竹北,2024-09-18,9339
00942B,台新美A公司債20+,6,0,6,華南永昌-竹北,2024-09-18,9339
3024,憶聲,6,0,6,華南永昌-竹北,2024-09-18,9339
3715,定穎投控,11,5,6,華南永昌-竹北,2024-09-18,9339
4542,科嶠,10,4,6,華南永昌-竹北,2024-09-18,9339
00891,中信關鍵半導體,5,0,5,華南永昌-竹北,2024-09-18,9339
00686R,群益臺灣加權反1,5,0,5,華南永昌-竹北,2024-09-18,9339
00687B,國泰20年美債,302,8,294,華南永昌-竹北,2024-09-19,9339
00937B,群益ESG投等債20,246,0,246,華南永昌-竹北,2024-09-19,9339
00919,群益台灣精選高息,148,5,143,華南永昌-竹北,2024-09-19,9339
00761B,國泰A級公司債,95,0,95,華南永昌-竹北,2024-09-19,9339
6125,廣運,60,2,58,華南永昌-竹北,2024-09-19,9339
3305,昇貿,61,5,56,華南永昌-竹北,2024-09-19,9339
00929,復華台灣科技優息,42,1,41,華南永昌-竹北,2024-09-19,9339
00688L,國泰20年美債正2,41,1,40,華南永昌-竹北,2024-09-19,9339
3645,達邁,33,0,33,華南永昌-竹北,2024-09-19,9339
2915,潤泰全,35,6,29,華南永昌-竹北,2024-09-19,9339
2301,光寶科,88,60,28,華南永昌-竹北,2024-09-19,9339
3450,聯鈞,28,2,26,華南永昌-竹北,2024-09-19,9339
6535,順藥,21,0,21,華南永昌-竹北,2024-09-19,9339
00915,凱基優選高股息30,20,0,20,華南永昌-竹北,2024-09-19,9339
00935,野村臺灣新科技50,20,0,20,華南永昌-竹北,2024-09-19,9339
6405,悅城,19,1,18,華南永昌-竹北,2024-09-19,9339
8039,台虹,18,0,18,華南永昌-竹北,2024-09-19,9339
00713,元大台灣高息低波,17,0,17,華南永昌-竹北,2024-09-19,9339
2201,裕隆,18,1,17,華南永昌-竹北,2024-09-19,9339
00795B,中信美國公債20年,16,1,15,華南永昌-竹北,2024-09-19,9339
3379,彬台,15,0,15,華南永昌-竹北,2024-09-19,9339
3049,精金,91,78,13,華南永昌-竹北,2024-09-19,9339
2467,志聖,45,32,13,華南永昌-竹北,2024-09-19,9339
1519,華城,16,4,12,華南永昌-竹北,2024-09-19,9339
00933B,國泰10Y+金融債,12,0,12,華南永昌-竹北,2024-09-19,9339
2888A,新光金甲特,10,0,10,華南永昌-竹北,2024-09-19,9339
1609,大亞,13,3,10,華南永昌-竹北,2024-09-19,9339
3207,耀勝,10,0,10,華南永昌-竹北,2024-09-19,9339
6175,立敦,10,0,10,華南永昌-竹北,2024-09-19,9339
6186,新潤,10,0,10,華南永昌-竹北,2024-09-19,9339
6285,啟��,10,0,10,華南永昌-竹北,2024-09-19,9339
2337,旺宏,14,5,9,華南永昌-竹北,2024-09-19,9339
4102,永日,9,0,9,華南永昌-竹北,2024-09-19,9339
3081,聯亞,10,1,9,華南永昌-竹北,2024-09-19,9339
4513,福裕,21,12,9,華南永昌-竹北,2024-09-19,9339
6194,育富,7,0,7,華南永昌-竹北,2024-09-19,9339
4716,大立,21,14,7,華南永昌-竹北,2024-09-19,9339
00779B,凱基美債25+,6,0,6,華南永昌-竹北,2024-09-19,9339
2062,橋椿,8,2,6,華南永昌-竹北,2024-09-19,9339
00773B,中信優先金融債,6,0,6,華南永昌-竹北,2024-09-19,9339
6223,旺矽,12,7,5,華南永昌-竹北,2024-09-19,9339
3105,穩懋,5,0,5,華南永昌-竹北,2024-09-19,9339
1514,亞力,5,0,5,華南永昌-竹北,2024-09-19,9339
6120,達運,5,0,5,華南永昌-竹北,2024-09-19,9339
2881,富邦金,6,1,5,華南永昌-竹北,2024-09-19,9339
00637L,元大滬深300正2,5,0,5,華南永昌-竹北,2024-09-19,9339
00958B,永豐ESG銀行債15,20,15,5,華南永昌-竹北,2024-09-19,9339
8150,南茂,5,0,5,華南永昌-竹北,2024-09-19,9339
6532,瑞耘,5,0,5,華南永昌-竹北,2024-09-19,9339
00724B,群益投資級金融債,5,0,5,華南永昌-竹北,2024-09-19,9339
2537,聯上發,150,0,150,華南永昌-竹北,2024-09-20,9339
1721,三晃,120,3,117,華南永昌-竹北,2024-09-20,9339
3047,訊舟,90,8,82,華南永昌-竹北,2024-09-20,9339
00687B,國泰20年美債,58,0,58,華南永昌-竹北,2024-09-20,9339
3227,原相,61,10,51,華南永昌-竹北,2024-09-20,9339
2442,新美齊,51,0,51,華南永昌-竹北,2024-09-20,9339
2609,陽明,62,25,37,華南永昌-竹北,2024-09-20,9339
00878,國泰永續高股息,33,3,30,華南永昌-竹北,2024-09-20,9339
2509,全坤建,30,0,30,華南永昌-竹北,2024-09-20,9339
8906,花王,30,0,30,華南永昌-竹北,2024-09-20,9339
4772,台特化,31,2,29,華南永昌-竹北,2024-09-20,9339
00679B,元大美債20年,28,0,28,華南永昌-竹北,2024-09-20,9339
6177,達麗,30,2,28,華南永昌-竹北,2024-09-20,9339
9958,世紀鋼,32,4,28,華南永昌-竹北,2024-09-20,9339
1514,亞力,32,5,27,華南永昌-竹北,2024-09-20,9339
2399,映泰,116,90,26,華南永昌-竹北,2024-09-20,9339
2520,冠德,21,0,21,華南永昌-竹北,2024-09-20,9339
00795B,中信美國公債20年,21,0,21,華南永昌-竹北,2024-09-20,9339
1540,喬福,51,30,21,華南永昌-竹北,2024-09-20,9339
6219,富旺,21,0,21,華南永昌-竹北,2024-09-20,9339
6223,旺矽,33,13,20,華南永昌-竹北,2024-09-20,9339
2477,美隆電,21,1,20,華南永昌-竹北,2024-09-20,9339
5905,南仁湖,68,48,20,華南永昌-竹北,2024-09-20,9339
3081,聯亞,18,0,18,華南永昌-竹北,2024-09-20,9339
2317,鴻海,46,29,17,華南永昌-竹北,2024-09-20,9339
00929,復華台灣科技優息,33,16,17,華南永昌-竹北,2024-09-20,9339
2455,全新,17,1,16,華南永昌-竹北,2024-09-20,9339
3374,精材,23,9,14,華南永昌-竹北,2024-09-20,9339
00937B,群益ESG投等債20,13,1,12,華南永昌-竹北,2024-09-20,9339
2542,興富發,14,2,12,華南永昌-竹北,2024-09-20,9339
2365,昆盈,11,1,10,華南永昌-竹北,2024-09-20,9339
3234,光環,10,0,10,華南永昌-竹北,2024-09-20,9339
00915,凱基優選高股息30,10,0,10,華南永昌-竹北,2024-09-20,9339
8929,富堡,10,0,10,華南永昌-竹北,2024-09-20,9339
1727,中華化,10,0,10,華南永昌-竹北,2024-09-20,9339
4729,熒茂,11,1,10,華南永昌-竹北,2024-09-20,9339
5534,長虹,10,0,10,華南永昌-竹北,2024-09-20,9339
6194,育富,15,5,10,華南永昌-竹北,2024-09-20,9339
8107,大億金茂,10,0,10,華南永昌-竹北,2024-09-20,9339
2243,宏旭-KY,10,1,9,華南永昌-竹北,2024-09-20,9339
2356,英業達,9,0,9,華南永昌-竹北,2024-09-20,9339
3550,聯穎,13,4,9,華南永昌-竹北,2024-09-20,9339
00713,元大台灣高息低波,9,0,9,華南永昌-竹北,2024-09-20,9339
9906,欣巴巴,10,2,8,華南永昌-竹北,2024-09-20,9339
00715L,期街口布蘭特正2,60,52,8,華南永昌-竹北,2024-09-20,9339
1524,耿鼎,11,3,8,華南永昌-竹北,2024-09-20,9339
3511,矽瑪,14,6,8,華南永昌-竹北,2024-09-20,9339
5512,力麒,16,8,8,華南永昌-竹北,2024-09-20,9339
6217,中探針,8,0,8,華南永昌-竹北,2024-09-20,9339
3645,達邁,10,3,7,華南永昌-竹北,2024-09-20,9339
00680L,元大美債20正2,650,55,595,華南永昌-竹北,2024-09-23,9339
2609,陽明,817,412,405,華南永昌-竹北,2024-09-23,9339
2891,中信金,259,11,248,華南永昌-竹北,2024-09-23,9339
2615,萬海,362,119,243,華南永昌-竹北,2024-09-23,9339
2425,承啟,115,22,93,華南永昌-竹北,2024-09-23,9339
1711,永光,158,72,86,華南永昌-竹北,2024-09-23,9339
00919,群益台灣精選高息,71,0,71,華南永昌-竹北,2024-09-23,9339
1815,富喬,71,1,70,華南永昌-竹北,2024-09-23,9339
3037,欣興,80,17,63,華南永昌-竹北,2024-09-23,9339
2888,新光金,82,19,63,華南永昌-竹北,2024-09-23,9339
00712,復華富時不動產,44,0,44,華南永昌-竹北,2024-09-23,9339
00937B,群益ESG投等債20,43,0,43,華南永昌-竹北,2024-09-23,9339
3062,建漢,91,49,42,華南永昌-竹北,2024-09-23,9339
2064,晉椿,32,0,32,華南永昌-竹北,2024-09-23,9339
2464,盟立,105,74,31,華南永昌-竹北,2024-09-23,9339
3305,昇貿,30,0,30,華南永昌-竹北,2024-09-23,9339
6235,華孚,31,2,29,華南永昌-竹北,2024-09-23,9339
3227,原相,27,0,27,華南永昌-竹北,2024-09-23,9339
2486,一詮,30,6,24,華南永昌-竹北,2024-09-23,9339
2481,強茂,21,2,19,華南永昌-竹北,2024-09-23,9339
5876,上海商銀,19,0,19,華南永昌-竹北,2024-09-23,9339
4979,華星光,43,24,19,華南永昌-竹北,2024-09-23,9339
5905,南仁湖,16,0,16,華南永昌-竹北,2024-09-23,9339
6223,旺矽,18,3,15,華南永昌-竹北,2024-09-23,9339
1540,喬福,21,8,13,華南永昌-竹北,2024-09-23,9339
00713,元大台灣高息低波,17,4,13,華南永昌-竹北,2024-09-23,9339
3576,聯合再生,12,0,12,華南永昌-竹北,2024-09-23,9339
3481,群創,15,3,12,華南永昌-竹北,2024-09-23,9339
2348,海悅,13,1,12,華南永昌-竹北,2024-09-23,9339
1303,南亞,11,0,11,華南永昌-竹北,2024-09-23,9339
2399,映泰,40,29,11,華南永昌-竹北,2024-09-23,9339
5392,能率,11,0,11,華南永昌-竹北,2024-09-23,9339
6531,愛普*,11,0,11,華南永昌-竹北,2024-09-23,9339
1776,展宇,16,6,10,華南永昌-竹北,2024-09-23,9339
00637L,元大滬深300正2,10,0,10,華南永昌-竹北,2024-09-23,9339
1727,中華化,35,25,10,華南永昌-竹北,2024-09-23,9339
6431,光麗-KY,10,0,10,華南永昌-竹北,2024-09-23,9339
6712,長聖,10,0,10,華南永昌-竹北,2024-09-23,9339
2515,中工,10,1,9,華南永昌-竹北,2024-09-23,9339
2915,潤泰全,10,2,8,華南永昌-竹北,2024-09-23,9339
4503,金雨,8,0,8,華南永昌-竹北,2024-09-23,9339
8064,東捷,16,8,8,華南永昌-竹北,2024-09-23,9339
3260,威剛,10,3,7,華南永昌-竹北,2024-09-23,9339
6125,廣運,9,2,7,華南永昌-竹北,2024-09-23,9339
3049,精金,13,6,7,華南永昌-竹北,2024-09-23,9339
6405,悅城,14,7,7,華南永昌-竹北,2024-09-23,9339
3028,增你強,6,0,6,華南永昌-竹北,2024-09-23,9339
3580,友威科,13,7,6,華南永昌-竹北,2024-09-23,9339
2528,皇普,6,0,6,華南永昌-竹北,2024-09-23,9339
00946,群益科技高息成長,5,0,5,華南永昌-竹北,2024-09-23,9339
2891,中信金,467,10,457,華南永昌-竹北,2024-09-24,9339
2401,凌陽,132,1,131,華南永昌-竹北,2024-09-24,9339
5471,松翰,102,0,102,華南永昌-竹北,2024-09-24,9339
4442,竣邦-KY,62,0,62,華南永昌-竹北,2024-09-24,9339
00715L,期街口布蘭特正2,135,80,55,華南永昌-竹北,2024-09-24,9339
2442,新美齊,55,0,55,華南永昌-竹北,2024-09-24,9339
2425,承啟,80,29,51,華南永昌-竹北,2024-09-24,9339
00953B,群益優選非投等債,50,0,50,華南永昌-竹北,2024-09-24,9339
2509,全坤建,50,0,50,華南永昌-竹北,2024-09-24,9339
6177,達麗,54,9,45,華南永昌-竹北,2024-09-24,9339
6219,富旺,41,0,41,華南永昌-竹北,2024-09-24,9339
8105,凌巨,45,4,41,華南永昌-竹北,2024-09-24,9339
00919,群益台灣精選高息,52,12,40,華南永昌-竹北,2024-09-24,9339
00680L,元大美債20正2,46,10,36,華南永昌-竹北,2024-09-24,9339
4526,東台,39,4,35,華南永昌-竹北,2024-09-24,9339
2344,華邦電,31,0,31,華南永昌-竹北,2024-09-24,9339
00929,復華台灣科技優息,31,0,31,華南永昌-竹北,2024-09-24,9339
3149,正達,71,43,28,華南永昌-竹北,2024-09-24,9339
2426,鼎元,34,7,27,華南永昌-竹北,2024-09-24,9339
0056,元大高股息,28,1,27,華南永昌-竹北,2024-09-24,9339
5371,中光電,26,0,26,華南永昌-竹北,2024-09-24,9339
2201,裕隆,23,1,22,華南永昌-竹北,2024-09-24,9339
00948B,中信優息投資級債,22,0,22,華南永昌-竹北,2024-09-24,9339
6649,台生材,43,21,22,華南永昌-竹北,2024-09-24,9339
4716,大立,31,12,19,華南永昌-竹北,2024-09-24,9339
00933B,國泰10Y+金融債,17,1,16,華南永昌-竹北,2024-09-24,9339
6138,茂達,15,0,15,華南永昌-竹北,2024-09-24,9339
6844,諾貝兒,14,0,14,華南永昌-竹北,2024-09-24,9339
2845,遠東銀,12,0,12,華南永昌-竹北,2024-09-24,9339
3374,精材,26,14,12,華南永昌-竹北,2024-09-24,9339
8070,長華*,31,19,12,華南永昌-竹北,2024-09-24,9339
2497,怡利電,31,19,12,華南永昌-竹北,2024-09-24,9339
2605,新興,11,0,11,華南永昌-竹北,2024-09-24,9339
3622,洋華,14,3,11,華南永昌-竹北,2024-09-24,9339
2885,元大金,10,0,10,華南永昌-竹北,2024-09-24,9339
4303,信立,10,0,10,華南永昌-竹北,2024-09-24,9339
00900,富邦特選高股息30,10,0,10,華南永昌-竹北,2024-09-24,9339
00795B,中信美國公債20年,10,0,10,華南永昌-竹北,2024-09-24,9339
00648R,元大S＆P500反1,10,0,10,華南永昌-竹北,2024-09-24,9339
00669R,國泰美國道瓊反1,10,0,10,華南永昌-竹北,2024-09-24,9339
3081,聯亞,11,1,10,華南永昌-竹北,2024-09-24,9339
912000,晨訊科-DR,10,0,10,華南永昌-竹北,2024-09-24,9339
3047,訊舟,81,71,10,華南永昌-竹北,2024-09-24,9339
6120,達運,10,0,10,華南永昌-竹北,2024-09-24,9339
1626,艾美特-KY,9,0,9,華南永昌-竹北,2024-09-24,9339
3661,世芯-KY,8,1,7,華南永昌-竹北,2024-09-24,9339
3481,群創,12,5,7,華南永昌-竹北,2024-09-24,9339
00712,復華富時不動產,6,0,6,華南永昌-竹北,2024-09-24,9339
4971,IET-KY,6,0,6,華南永昌-竹北,2024-09-24,9339
3605,宏致,6,0,6,華南永昌-竹北,2024-09-24,9339
2603,長榮,307,50,257,華南永昌-竹北,2024-09-25,9339
1721,三晃,118,16,102,華南永昌-竹北,2024-09-25,9339
2401,凌陽,88,1,87,華南永昌-竹北,2024-09-25,9339
2354,鴻準,65,0,65,華南永昌-竹北,2024-09-25,9339
00715L,期街口布蘭特正2,100,40,60,華南永昌-竹北,2024-09-25,9339
4530,宏易,58,0,58,華南永昌-竹北,2024-09-25,9339
2883,凱基金,50,0,50,華南永昌-竹北,2024-09-25,9339
2890,永豐金,50,0,50,華南永昌-竹北,2024-09-25,9339
2606,裕民,50,1,49,華南永昌-竹北,2024-09-25,9339
1711,永光,116,70,46,華南永昌-竹北,2024-09-25,9339
4716,大立,46,5,41,華南永昌-竹北,2024-09-25,9339
6202,盛群,42,1,41,華南永昌-竹北,2024-09-25,9339
00877,復華中國5G,40,0,40,華南永昌-竹北,2024-09-25,9339
3703,欣陸,40,0,40,華南永昌-竹北,2024-09-25,9339
6188,廣明,38,6,32,華南永昌-竹北,2024-09-25,9339
2641,正德,30,0,30,華南永昌-竹北,2024-09-25,9339
3623,富晶通,30,0,30,華南永昌-竹北,2024-09-25,9339
3019,亞光,58,29,29,華南永昌-竹北,2024-09-25,9339
2637,慧洋-KY,38,12,26,華南永昌-竹北,2024-09-25,9339
00679B,元大美債20年,21,1,20,華南永昌-竹北,2024-09-25,9339
4442,竣邦-KY,18,0,18,華南永昌-竹北,2024-09-25,9339
6770,力積電,26,9,17,華南永昌-竹北,2024-09-25,9339
2317,鴻海,55,39,16,華南永昌-竹北,2024-09-25,9339
5258,虹堡,16,0,16,華南永昌-竹北,2024-09-25,9339
6967,汎瑋材料,17,2,15,華南永昌-竹北,2024-09-25,9339
6649,台生材,15,0,15,華南永昌-竹北,2024-09-25,9339
00937B,群益ESG投等債20,16,2,14,華南永昌-竹北,2024-09-25,9339
6531,愛普*,15,2,13,華南永昌-竹北,2024-09-25,9339
4979,華星光,39,26,13,華南永昌-竹北,2024-09-25,9339
6223,旺矽,17,4,13,華南永昌-竹北,2024-09-25,9339
3550,聯穎,60,48,12,華南永昌-竹北,2024-09-25,9339
8210,勤誠,12,0,12,華南永昌-竹北,2024-09-25,9339
5452,佶優,11,0,11,華南永昌-竹北,2024-09-25,9339
3711,日月光投控,11,0,11,華南永昌-竹北,2024-09-25,9339
3481,群創,11,0,11,華南永昌-竹北,2024-09-25,9339
3374,精材,14,3,11,華南永昌-竹北,2024-09-25,9339
00936,台新永續高息中小,10,0,10,華南永昌-竹北,2024-09-25,9339
6844,諾貝兒,10,0,10,華南永昌-竹北,2024-09-25,9339
8929,富堡,10,0,10,華南永昌-竹北,2024-09-25,9339
3021,鴻名,11,2,9,華南永昌-竹北,2024-09-25,9339
2002,中鋼,14,5,9,華南永昌-竹北,2024-09-25,9339
2481,強茂,14,5,9,華南永昌-竹北,2024-09-25,9339
3035,智原,11,2,9,華南永昌-竹北,2024-09-25,9339
3312,弘憶股,15,6,9,華南永昌-竹北,2024-09-25,9339
3152,璟德,8,0,8,華南永昌-竹北,2024-09-25,9339
5371,中光電,8,0,8,華南永昌-竹北,2024-09-25,9339
3037,欣興,8,0,8,華南永昌-竹北,2024-09-25,9339
00687B,國泰20年美債,18,11,7,華南永昌-竹北,2024-09-25,9339
00632R,元大台灣50反1,7,0,7,華南永昌-竹北,2024-09-25,9339
2377,微星,7,0,7,華南永昌-竹北,2024-09-25,9339
2882,國泰金,300,28,272,華南永昌-竹北,2024-09-26,9339
1721,三晃,207,0,207,華南永昌-竹北,2024-09-26,9339
2409,友達,204,1,203,華南永昌-竹北,2024-09-26,9339
00680L,元大美債20正2,168,0,168,華南永昌-竹北,2024-09-26,9339
2401,凌陽,166,2,164,華南永昌-竹北,2024-09-26,9339
5471,松翰,150,1,149,華南永昌-竹北,2024-09-26,9339
1815,富喬,150,10,140,華南永昌-竹北,2024-09-26,9339
00715L,期街口布蘭特正2,204,100,104,華南永昌-竹北,2024-09-26,9339
00937B,群益ESG投等債20,95,14,81,華南永昌-竹北,2024-09-26,9339
1514,亞力,83,3,80,華南永昌-竹北,2024-09-26,9339
00679B,元大美債20年,76,0,76,華南永昌-竹北,2024-09-26,9339
2399,映泰,83,7,76,華南永昌-竹北,2024-09-26,9339
1711,永光,82,7,75,華南永昌-竹北,2024-09-26,9339
6104,創惟,140,67,73,華南永昌-竹北,2024-09-26,9339
00687B,國泰20年美債,81,10,71,華南永昌-竹北,2024-09-26,9339
5351,鈺創,68,0,68,華南永昌-竹北,2024-09-26,9339
2362,藍天,66,3,63,華南永昌-竹北,2024-09-26,9339
3231,緯創,45,3,42,華南永昌-竹北,2024-09-26,9339
2609,陽明,868,830,38,華南永昌-竹北,2024-09-26,9339
1603,華電,36,0,36,華南永昌-竹北,2024-09-26,9339
4716,大立,57,25,32,華南永昌-竹北,2024-09-26,9339
00633L,富邦上証正2,30,0,30,華南永昌-竹北,2024-09-26,9339
6649,台生材,26,0,26,華南永昌-竹北,2024-09-26,9339
3260,威剛,47,22,25,華南永昌-竹北,2024-09-26,9339
3450,聯鈞,36,12,24,華南永昌-竹北,2024-09-26,9339
3661,世芯-KY,24,0,24,華南永昌-竹北,2024-09-26,9339
2317,鴻海,45,22,23,華南永昌-竹北,2024-09-26,9339
9906,欣巴巴,20,0,20,華南永昌-竹北,2024-09-26,9339
6219,富旺,20,0,20,華南永昌-竹北,2024-09-26,9339
6284,佳邦,20,0,20,華南永昌-竹北,2024-09-26,9339
3605,宏致,22,3,19,華南永昌-竹北,2024-09-26,9339
4155,訊映,17,0,17,華南永昌-竹北,2024-09-26,9339
00948B,中信優息投資級債,16,0,16,華南永昌-竹北,2024-09-26,9339
4729,熒茂,16,0,16,華南永昌-竹北,2024-09-26,9339
00712,復華富時不動產,15,0,15,華南永昌-竹北,2024-09-26,9339
2363,矽統,20,7,13,華南永昌-竹北,2024-09-26,9339
00795B,中信美國公債20年,12,0,12,華南永昌-竹北,2024-09-26,9339
5292,華懋,12,1,11,華南永昌-竹北,2024-09-26,9339
2613,中櫃,32,21,11,華南永昌-竹北,2024-09-26,9339
3443,創意,10,0,10,華南永昌-竹北,2024-09-26,9339
8070,長華*,11,1,10,華南永昌-竹北,2024-09-26,9339
1503,士電,11,1,10,華南永昌-竹北,2024-09-26,9339
1802,台玻,10,0,10,華南永昌-竹北,2024-09-26,9339
2327,國巨,10,0,10,華南永昌-竹北,2024-09-26,9339
2367,燿華,21,11,10,華南永昌-竹北,2024-09-26,9339
2610,華航,10,0,10,華南永昌-竹北,2024-09-26,9339
2884,玉山金,11,1,10,華南永昌-竹北,2024-09-26,9339
2436,偉詮電,12,2,10,華南永昌-竹北,2024-09-26,9339
5202,力新,10,0,10,華南永昌-竹北,2024-09-26,9339
3141,晶宏,11,2,9,華南永昌-竹北,2024-09-26,9339
3037,欣興,193,42,151,華南永昌-竹北,2024-09-27,9339
00715L,期街口布蘭特正2,131,28,103,華南永昌-竹北,2024-09-27,9339
2382,廣達,138,48,90,華南永昌-竹北,2024-09-27,9339
5351,鈺創,79,1,78,華南永昌-竹北,2024-09-27,9339
2363,矽統,136,64,72,華南永昌-竹北,2024-09-27,9339
2401,凌陽,70,0,70,華南永昌-竹北,2024-09-27,9339
00887,永豐中國科技50大,68,0,68,華南永昌-竹北,2024-09-27,9339
5471,松翰,66,0,66,華南永昌-竹北,2024-09-27,9339
1540,喬福,72,10,62,華南永昌-竹北,2024-09-27,9339
4919,新唐,56,0,56,華南永昌-竹北,2024-09-27,9339
00687B,國泰20年美債,58,6,52,華南永昌-竹北,2024-09-27,9339
6202,盛群,90,39,51,華南永昌-竹北,2024-09-27,9339
2883,凱基金,50,0,50,華南永昌-竹北,2024-09-27,9339
00646,元大S＆P500,40,0,40,華南永昌-竹北,2024-09-27,9339
6213,聯茂,86,46,40,華南永昌-竹北,2024-09-27,9339
00937B,群益ESG投等債20,38,4,34,華南永昌-竹北,2024-09-27,9339
4527,方土霖,28,0,28,華南永昌-竹北,2024-09-27,9339
00960,野村全球航運龍頭,52,25,27,華南永昌-竹北,2024-09-27,9339
8046,南電,22,0,22,華南永昌-竹北,2024-09-27,9339
2412,中華電,250,230,20,華南永昌-竹北,2024-09-27,9339
6197,佳必琪,39,20,19,華南永昌-竹北,2024-09-27,9339
1313,聯成,24,5,19,華南永昌-竹北,2024-09-27,9339
2022,聚亨,16,1,15,華南永昌-竹北,2024-09-27,9339
3095,及成,15,0,15,華南永昌-竹北,2024-09-27,9339
4933,友輝,15,0,15,華南永昌-竹北,2024-09-27,9339
3003,健和興,14,0,14,華南永昌-竹北,2024-09-27,9339
4979,華星光,36,22,14,華南永昌-竹北,2024-09-27,9339
3545,敦泰,44,31,13,華南永昌-竹北,2024-09-27,9339
00795B,中信美國公債20年,12,0,12,華南永昌-竹北,2024-09-27,9339
3483,力致,21,9,12,華南永昌-竹北,2024-09-27,9339
2605,新興,47,36,11,華南永昌-竹北,2024-09-27,9339
6530,創威,22,11,11,華南永昌-竹北,2024-09-27,9339
2388,威盛,30,19,11,華南永昌-竹北,2024-09-27,9339
00688L,國泰20年美債正2,10,0,10,華南永昌-竹北,2024-09-27,9339
00946,群益科技高息成長,10,0,10,華南永昌-竹北,2024-09-27,9339
00948B,中信優息投資級債,10,0,10,華南永昌-竹北,2024-09-27,9339
4562,穎漢,23,13,10,華南永昌-竹北,2024-09-27,9339
6506,雙邦,10,0,10,華南永昌-竹北,2024-09-27,9339
2415,錩新,10,0,10,華南永昌-竹北,2024-09-27,9339
3207,耀勝,10,0,10,華南永昌-竹北,2024-09-27,9339
9927,泰銘,9,0,9,華南永昌-竹北,2024-09-27,9339
00952,凱基台灣AI50,9,0,9,華南永昌-竹北,2024-09-27,9339
3035,智原,12,3,9,華南永昌-竹北,2024-09-27,9339
3062,建漢,10,1,9,華南永昌-竹北,2024-09-27,9339
3260,威剛,10,1,9,華南永昌-竹北,2024-09-27,9339
00712,復華富時不動產,8,1,7,華南永昌-竹北,2024-09-27,9339
2243,宏旭-KY,7,0,7,華南永昌-竹北,2024-09-27,9339
3017,奇鋐,34,27,7,華南永昌-竹北,2024-09-27,9339
6233,旺玖,7,0,7,華南永昌-竹北,2024-09-27,9339
3363,上詮,53,46,7,華南永昌-竹北,2024-09-27,9339
00919,群益台灣精選高息,285,2,283,華南永昌-竹北,2024-09-30,9339
00740B,富邦全球投等債,120,0,120,華南永昌-竹北,2024-09-30,9339
00882,中信中國高股息,143,53,90,華南永昌-竹北,2024-09-30,9339
1808,潤隆,80,0,80,華南永昌-竹北,2024-09-30,9339
00929,復華台灣科技優息,92,13,79,華南永昌-竹北,2024-09-30,9339
00687B,國泰20年美債,65,0,65,華南永昌-竹北,2024-09-30,9339
00680L,元大美債20正2,61,0,61,華南永昌-竹北,2024-09-30,9339
1409,新纖,57,0,57,華南永昌-竹北,2024-09-30,9339
00878,國泰永續高股息,56,0,56,華南永昌-竹北,2024-09-30,9339
4123,晟德,50,0,50,華南永昌-竹北,2024-09-30,9339
2615,萬海,218,169,49,華南永昌-竹北,2024-09-30,9339
1309,台達化,66,25,41,華南永昌-竹北,2024-09-30,9339
00937B,群益ESG投等債20,35,1,34,華南永昌-竹北,2024-09-30,9339
3324,雙鴻,46,14,32,華南永昌-竹北,2024-09-30,9339
3062,建漢,35,3,32,華南永昌-竹北,2024-09-30,9339
2354,鴻準,33,2,31,華南永昌-竹北,2024-09-30,9339
00948B,中信優息投資級債,30,0,30,華南永昌-竹北,2024-09-30,9339
1524,耿鼎,27,0,27,華南永昌-竹北,2024-09-30,9339
3017,奇鋐,45,22,23,華南永昌-竹北,2024-09-30,9339
2330,台積電,21,0,21,華南永昌-竹北,2024-09-30,9339
00646,元大S＆P500,20,0,20,華南永昌-竹北,2024-09-30,9339
2605,新興,126,108,18,華南永昌-竹北,2024-09-30,9339
0056,元大高股息,19,2,17,華南永昌-竹北,2024-09-30,9339
00650L,復華香港正2,20,4,16,華南永昌-竹北,2024-09-30,9339
2317,鴻海,29,13,16,華南永昌-竹北,2024-09-30,9339
00960,野村全球航運龍頭,12,0,12,華南永昌-竹北,2024-09-30,9339
5014,建錩,18,6,12,華南永昌-竹北,2024-09-30,9339
3260,威剛,11,0,11,華南永昌-竹北,2024-09-30,9339
2888,新光金,11,1,10,華南永昌-竹北,2024-09-30,9339
2929,淘帝-KY,10,0,10,華南永昌-竹北,2024-09-30,9339
2489,瑞軒,10,0,10,華南永昌-竹北,2024-09-30,9339
2412,中華電,140,130,10,華南永昌-竹北,2024-09-30,9339
2431,聯昌,10,0,10,華南永昌-竹北,2024-09-30,9339
3021,鴻名,10,0,10,華南永昌-竹北,2024-09-30,9339
3550,聯穎,11,1,10,華南永昌-竹北,2024-09-30,9339
6598,ABC-KY,10,0,10,華南永昌-竹北,2024-09-30,9339
00891,中信關鍵半導體,8,0,8,華南永昌-竹北,2024-09-30,9339
1582,信錦,8,0,8,華南永昌-竹北,2024-09-30,9339
2103,台橡,8,0,8,華南永昌-竹北,2024-09-30,9339
00757,統一FANG+,8,0,8,華南永昌-竹北,2024-09-30,9339
9958,世紀鋼,10,3,7,華南永昌-竹北,2024-09-30,9339
006208,富邦台50,8,1,7,華南永昌-竹北,2024-09-30,9339
1569,濱川,6,0,6,華南永昌-竹北,2024-09-30,9339
3706,神達,6,0,6,華南永昌-竹北,2024-09-30,9339
00940,元大台灣價值高息,28,23,5,華南永昌-竹北,2024-09-30,9339
00918,大華優利高填息30,5,0,5,華南永昌-竹北,2024-09-30,9339
1785,光洋科,5,0,5,華南永昌-竹北,2024-09-30,9339
00720B,元大投資級公司債,5,0,5,華南永昌-竹北,2024-09-30,9339
00857B,永豐20年美公債,5,0,5,華南永昌-竹北,2024-09-30,9339
00905,FT臺灣Smart,5,0,5,華南永昌-竹北,2024-09-30,9339
00753L,中信中國50正2,525,0,525,華南永昌-竹北,2024-10-01,9339
2609,陽明,415,232,183,華南永昌-竹北,2024-10-01,9339
1721,三晃,112,6,106,華南永昌-竹北,2024-10-01,9339
8110,華東,90,0,90,華南永昌-竹北,2024-10-01,9339
00929,復華台灣科技優息,77,15,62,華南永昌-竹北,2024-10-01,9339
2489,瑞軒,55,1,54,華南永昌-竹北,2024-10-01,9339
00720B,元大投資級公司債,50,0,50,華南永昌-竹北,2024-10-01,9339
2312,金寶,48,0,48,華南永昌-竹北,2024-10-01,9339
8932,智通*,40,0,40,華南永昌-竹北,2024-10-01,9339
1711,永光,85,47,38,華南永昌-竹北,2024-10-01,9339
00687B,國泰20年美債,37,0,37,華南永昌-竹北,2024-10-01,9339
6666,羅麗芬-KY,35,1,34,華南永昌-竹北,2024-10-01,9339
2406,國碩,35,2,33,華南永昌-竹北,2024-10-01,9339
00646,元大S＆P500,31,0,31,華南永昌-竹北,2024-10-01,9339
3481,群創,31,0,31,華南永昌-竹北,2024-10-01,9339
2883,凱基金,30,0,30,華南永昌-竹北,2024-10-01,9339
5443,均豪,31,2,29,華南永昌-竹北,2024-10-01,9339
00919,群益台灣精選高息,47,20,27,華南永昌-竹北,2024-10-01,9339
3062,建漢,26,0,26,華南永昌-竹北,2024-10-01,9339
2615,萬海,75,51,24,華南永昌-竹北,2024-10-01,9339
00680L,元大美債20正2,23,0,23,華南永昌-竹北,2024-10-01,9339
6177,達麗,20,0,20,華南永昌-竹北,2024-10-01,9339
1312,國喬,20,0,20,華南永昌-竹北,2024-10-01,9339
8906,花王,20,0,20,華南永昌-竹北,2024-10-01,9339
8429,金麗-KY,22,2,20,華南永昌-竹北,2024-10-01,9339
00757,統一FANG+,18,0,18,華南永昌-竹北,2024-10-01,9339
00948B,中信優息投資級債,18,0,18,華南永昌-竹北,2024-10-01,9339
00713,元大台灣高息低波,16,0,16,華南永昌-竹北,2024-10-01,9339
2423,固緯,14,0,14,華南永昌-竹北,2024-10-01,9339
6194,育富,12,0,12,華南永昌-竹北,2024-10-01,9339
6535,順藥,13,1,12,華南永昌-竹北,2024-10-01,9339
0056,元大高股息,19,7,12,華南永昌-竹北,2024-10-01,9339
1808,潤隆,10,0,10,華南永昌-竹北,2024-10-01,9339
00764B,群益25年美債,10,0,10,華南永昌-竹北,2024-10-01,9339
1309,台達化,10,0,10,華南永昌-竹北,2024-10-01,9339
1584,精剛,10,0,10,華南永昌-竹北,2024-10-01,9339
2354,鴻準,10,0,10,華南永昌-竹北,2024-10-01,9339
4771,望隼,10,0,10,華南永昌-竹北,2024-10-01,9339
6510,精測,10,0,10,華南永昌-竹北,2024-10-01,9339
00946,群益科技高息成長,9,0,9,華南永昌-竹北,2024-10-01,9339
6530,創威,13,4,9,華南永昌-竹北,2024-10-01,9339
1815,富喬,11,3,8,華南永昌-竹北,2024-10-01,9339
2888A,新光金甲特,8,0,8,華南永昌-竹北,2024-10-01,9339
6241,易通展,8,0,8,華南永昌-竹北,2024-10-01,9339
4958,臻鼎-KY,8,1,7,華南永昌-竹北,2024-10-01,9339
00633L,富邦上証正2,329,322,7,華南永昌-竹北,2024-10-01,9339
8096,擎亞,8,1,7,華南永昌-竹北,2024-10-01,9339
006208,富邦台50,7,0,7,華南永昌-竹北,2024-10-01,9339
00878,國泰永續高股息,16,10,6,華南永昌-竹北,2024-10-01,9339
2327,國巨,8,2,6,華南永昌-竹北,2024-10-01,9339
00680L,元大美債20正2,2666,0,2666,華南永昌-竹北,2024-10-04,9339
00687B,國泰20年美債,214,0,214,華南永昌-竹北,2024-10-04,9339
00919,群益台灣精選高息,172,1,171,華南永昌-竹北,2024-10-04,9339
00929,復華台灣科技優息,113,19,94,華南永昌-竹北,2024-10-04,9339
2349,錸德,81,7,74,華南永昌-竹北,2024-10-04,9339
1309,台達化,70,0,70,華南永昌-竹北,2024-10-04,9339
00933B,國泰10Y+金融債,63,2,61,華南永昌-竹北,2024-10-04,9339
2637,慧洋-KY,80,19,61,華南永昌-竹北,2024-10-04,9339
00940,元大台灣價值高息,36,0,36,華南永昌-竹北,2024-10-04,9339
00688L,國泰20年美債正2,35,0,35,華南永昌-竹北,2024-10-04,9339
1513,中興電,35,3,32,華南永昌-竹北,2024-10-04,9339
0056,元大高股息,35,4,31,華南永昌-竹北,2024-10-04,9339
00646,元大S＆P500,30,0,30,華南永昌-竹北,2024-10-04,9339
00673R,期元大S＆P原油反1,30,0,30,華南永昌-竹北,2024-10-04,9339
6535,順藥,30,1,29,華南永昌-竹北,2024-10-04,9339
6126,信音,30,4,26,華南永昌-竹北,2024-10-04,9339
3511,矽瑪,28,7,21,華南永昌-竹北,2024-10-04,9339
1808,潤隆,20,0,20,華南永昌-竹北,2024-10-04,9339
6919,康霈*,20,0,20,華南永昌-竹北,2024-10-04,9339
6118,建達,19,0,19,華南永昌-竹北,2024-10-04,9339
6194,育富,18,1,17,華南永昌-竹北,2024-10-04,9339
2324,仁寶,19,2,17,華南永昌-竹北,2024-10-04,9339
00937B,群益ESG投等債20,30,14,16,華南永昌-竹北,2024-10-04,9339
5351,鈺創,17,1,16,華南永昌-竹北,2024-10-04,9339
3037,欣興,15,0,15,華南永昌-竹北,2024-10-04,9339
00952,凱基台灣AI50,15,0,15,華南永昌-竹北,2024-10-04,9339
4123,晟德,15,0,15,華南永昌-竹北,2024-10-04,9339
6202,盛群,15,0,15,華南永昌-竹北,2024-10-04,9339
9955,佳龍,15,0,15,華南永昌-竹北,2024-10-04,9339
2618,長榮航,14,1,13,華南永昌-竹北,2024-10-04,9339
2354,鴻準,16,3,13,華南永昌-竹北,2024-10-04,9339
00915,凱基優選高股息30,12,0,12,華南永昌-竹北,2024-10-04,9339
6869,雲豹能源,19,7,12,華南永昌-竹北,2024-10-04,9339
00636,國泰中國A50,16,4,12,華南永昌-竹北,2024-10-04,9339
3025,星通,23,11,12,華南永昌-竹北,2024-10-04,9339
00712,復華富時不動產,11,0,11,華南永昌-竹北,2024-10-04,9339
00639,富邦深100,12,1,11,華南永昌-竹北,2024-10-04,9339
3537,堡達,11,0,11,華南永昌-竹北,2024-10-04,9339
6425,易發,49,38,11,華南永昌-竹北,2024-10-04,9339
00725B,國泰投資級公司債,10,0,10,華南永昌-竹北,2024-10-04,9339
00634R,富邦上証反1,10,0,10,華南永昌-竹北,2024-10-04,9339
1218,泰山,10,0,10,華南永昌-竹北,2024-10-04,9339
2887,台新金,10,0,10,華南永昌-竹北,2024-10-04,9339
6207,雷科,10,0,10,華南永昌-竹北,2024-10-04,9339
00643,群益深証中小,10,0,10,華南永昌-竹北,2024-10-04,9339
00878,國泰永續高股息,18,8,10,華南永昌-竹北,2024-10-04,9339
2405,輔信,10,1,9,華南永昌-竹北,2024-10-04,9339
6217,中探針,9,0,9,華南永昌-竹北,2024-10-04,9339
2367,燿華,10,2,8,華南永昌-竹北,2024-10-04,9339
00666R,富邦�琤肭磪齯�1,10,2,8,華南永昌-竹北,2024-10-04,9339
2317,鴻海,121,2,119,華南永昌-竹北,2024-10-07,9339
2891,中信金,120,3,117,華南永昌-竹北,2024-10-07,9339
2609,陽明,185,103,82,華南永昌-竹北,2024-10-07,9339
2929,淘帝-KY,99,17,82,華南永昌-竹北,2024-10-07,9339
00918,大華優利高填息30,82,2,80,華南永昌-竹北,2024-10-07,9339
2399,映泰,73,11,62,華南永昌-竹北,2024-10-07,9339
00919,群益台灣精選高息,68,11,57,華南永昌-竹北,2024-10-07,9339
00929,復華台灣科技優息,78,21,57,華南永昌-竹北,2024-10-07,9339
00688L,國泰20年美債正2,50,0,50,華南永昌-竹北,2024-10-07,9339
2442,新美齊,50,0,50,華南永昌-竹北,2024-10-07,9339
2890,永豐金,50,0,50,華南永昌-竹北,2024-10-07,9339
00937B,群益ESG投等債20,57,11,46,華南永昌-竹北,2024-10-07,9339
2615,萬海,185,143,42,華南永昌-竹北,2024-10-07,9339
1416,廣豐,40,1,39,華南永昌-竹北,2024-10-07,9339
00720B,元大投資級公司債,31,0,31,華南永昌-竹北,2024-10-07,9339
00887,永豐中國科技50大,34,14,20,華南永昌-竹北,2024-10-07,9339
3645,達邁,20,0,20,華南永昌-竹北,2024-10-07,9339
6530,創威,20,0,20,華南永昌-竹北,2024-10-07,9339
0056,元大高股息,18,1,17,華南永昌-竹北,2024-10-07,9339
1314,中石化,16,0,16,華南永昌-竹北,2024-10-07,9339
00795B,中信美國公債20年,16,0,16,華南永昌-竹北,2024-10-07,9339
4979,華星光,61,47,14,華南永昌-竹北,2024-10-07,9339
2601,益航,13,1,12,華南永昌-竹北,2024-10-07,9339
1524,耿鼎,12,0,12,華南永昌-竹北,2024-10-07,9339
6515,穎崴,12,0,12,華南永昌-竹北,2024-10-07,9339
00679B,元大美債20年,20,9,11,華南永昌-竹北,2024-10-07,9339
6506,雙邦,10,0,10,華南永昌-竹北,2024-10-07,9339
00770,國泰北美科技,10,0,10,華南永昌-竹北,2024-10-07,9339
00725B,國泰投資級公司債,10,0,10,華南永昌-竹北,2024-10-07,9339
1218,泰山,10,0,10,華南永昌-竹北,2024-10-07,9339
1808,潤隆,10,0,10,華南永昌-竹北,2024-10-07,9339
2477,美隆電,10,0,10,華南永昌-竹北,2024-10-07,9339
4991,環宇-KY,10,0,10,華南永昌-竹北,2024-10-07,9339
3379,彬台,10,0,10,華南永昌-竹北,2024-10-07,9339
00712,復華富時不動產,8,0,8,華南永昌-竹北,2024-10-07,9339
2313,華通,14,7,7,華南永昌-竹北,2024-10-07,9339
2881,富邦金,15,8,7,華南永昌-竹北,2024-10-07,9339
6806,森崴能源,7,0,7,華南永昌-竹北,2024-10-07,9339
1326,台化,7,0,7,華南永昌-竹北,2024-10-07,9339
6875,國邑*,7,0,7,華南永昌-竹北,2024-10-07,9339
2887,台新金,6,0,6,華南永昌-竹北,2024-10-07,9339
6143,振曜,6,1,5,華南永昌-竹北,2024-10-07,9339
5381,合正,6,1,5,華南永昌-竹北,2024-10-07,9339
00634R,富邦上証反1,5,0,5,華南永昌-竹北,2024-10-07,9339
2612,中航,5,0,5,華南永昌-竹北,2024-10-07,9339
2867,三商壽,5,0,5,華南永昌-竹北,2024-10-07,9339
3664,安瑞-KY,5,0,5,華南永昌-竹北,2024-10-07,9339
6598,ABC-KY,5,0,5,華南永昌-竹北,2024-10-07,9339
1595,川寶,10,5,5,華南永昌-竹北,2024-10-07,9339
3481,群創,5,1,4,華南永昌-竹北,2024-10-07,9339
00937B,群益ESG投等債20,2521,0,2521,華南永昌-竹北,2024-10-08,9339
00633L,富邦上証正2,435,71,364,華南永昌-竹北,2024-10-08,9339
00680L,元大美債20正2,214,30,184,華南永昌-竹北,2024-10-08,9339
1711,永光,153,7,146,華南永昌-竹北,2024-10-08,9339
00929,復華台灣科技優息,134,28,106,華南永昌-竹北,2024-10-08,9339
1309,台達化,100,0,100,華南永昌-竹北,2024-10-08,9339
00637L,元大滬深300正2,445,351,94,華南永昌-竹北,2024-10-08,9339
00887,永豐中國科技50大,114,34,80,華南永昌-竹北,2024-10-08,9339
00679B,元大美債20年,75,13,62,華南永昌-竹北,2024-10-08,9339
00919,群益台灣精選高息,62,0,62,華南永昌-竹北,2024-10-08,9339
00753L,中信中國50正2,117,61,56,華南永昌-竹北,2024-10-08,9339
00688L,國泰20年美債正2,50,0,50,華南永昌-竹北,2024-10-08,9339
2412,中華電,370,325,45,華南永昌-竹北,2024-10-08,9339
00687B,國泰20年美債,42,3,39,華南永昌-竹北,2024-10-08,9339
00673R,期元大S＆P原油反1,31,1,30,華南永昌-竹北,2024-10-08,9339
00795B,中信美國公債20年,30,0,30,華南永昌-竹北,2024-10-08,9339
00933B,國泰10Y+金融債,30,0,30,華南永昌-竹北,2024-10-08,9339
3703,欣陸,30,0,30,華南永昌-竹北,2024-10-08,9339
2382,廣達,26,1,25,華南永昌-竹北,2024-10-08,9339
6514,芮特-KY,21,0,21,華南永昌-竹北,2024-10-08,9339
00878,國泰永續高股息,21,0,21,華南永昌-竹北,2024-10-08,9339
1540,喬福,21,1,20,華南永昌-竹北,2024-10-08,9339
2609,陽明,48,28,20,華南永昌-竹北,2024-10-08,9339
4956,光鋐,21,1,20,華南永昌-竹北,2024-10-08,9339
0056,元大高股息,20,1,19,華南永昌-竹北,2024-10-08,9339
3037,欣興,27,12,15,華南永昌-竹北,2024-10-08,9339
2614,東森,15,0,15,華南永昌-竹北,2024-10-08,9339
3419,譁裕,15,0,15,華南永昌-竹北,2024-10-08,9339
3521,鴻翊,15,0,15,華南永昌-竹北,2024-10-08,9339
6530,創威,16,3,13,華南永昌-竹北,2024-10-08,9339
6207,雷科,35,22,13,華南永昌-竹北,2024-10-08,9339
6202,盛群,13,0,13,華南永昌-竹北,2024-10-08,9339
00712,復華富時不動產,12,0,12,華南永昌-竹北,2024-10-08,9339
2313,華通,26,14,12,華南永昌-竹北,2024-10-08,9339
2385,群光,12,0,12,華南永昌-竹北,2024-10-08,9339
00948B,中信優息投資級債,12,0,12,華南永昌-竹北,2024-10-08,9339
2388,威盛,19,8,11,華南永昌-竹北,2024-10-08,9339
2402,毅嘉,13,2,11,華南永昌-竹北,2024-10-08,9339
2201,裕隆,11,0,11,華南永昌-竹北,2024-10-08,9339
00918,大華優利高填息30,11,0,11,華南永昌-竹北,2024-10-08,9339
00942B,台新美A公司債20+,10,0,10,華南永昌-竹北,2024-10-08,9339
1563,巧新,10,0,10,華南永昌-竹北,2024-10-08,9339
3550,聯穎,17,7,10,華南永昌-竹北,2024-10-08,9339
00922,國泰台灣領袖50,10,0,10,華南永昌-竹北,2024-10-08,9339
3545,敦泰,10,2,8,華南永昌-竹北,2024-10-08,9339
8096,擎亞,8,0,8,華南永昌-竹北,2024-10-08,9339
00946,群益科技高息成長,8,0,8,華南永昌-竹北,2024-10-08,9339
00931B,統一美債20年,7,0,7,華南永昌-竹北,2024-10-08,9339
5292,華懋,7,0,7,華南永昌-竹北,2024-10-08,9339
1721,三晃,7,0,7,華南永昌-竹北,2024-10-08,9339
00633L,富邦上証正2,1016,427,589,華南永昌-竹北,2024-10-09,9339
00637L,元大滬深300正2,695,172,523,華南永昌-竹北,2024-10-09,9339
00931B,統一美債20年,304,0,304,華南永昌-竹北,2024-10-09,9339
00680L,元大美債20正2,288,0,288,華南永昌-竹北,2024-10-09,9339
00688L,國泰20年美債正2,216,0,216,華南永昌-竹北,2024-10-09,9339
00687B,國泰20年美債,112,1,111,華南永昌-竹北,2024-10-09,9339
1312,國喬,100,0,100,華南永昌-竹北,2024-10-09,9339
00919,群益台灣精選高息,63,3,60,華南永昌-竹北,2024-10-09,9339
5443,均豪,65,7,58,華南永昌-竹北,2024-10-09,9339
2890,永豐金,52,0,52,華南永昌-竹北,2024-10-09,9339
00918,大華優利高填息30,51,0,51,華南永昌-竹北,2024-10-09,9339
8105,凌巨,52,1,51,華南永昌-竹北,2024-10-09,9339
00882,中信中國高股息,55,15,40,華南永昌-竹北,2024-10-09,9339
4123,晟德,40,11,29,華南永昌-竹北,2024-10-09,9339
1536,和大,27,0,27,華南永昌-竹北,2024-10-09,9339
2609,陽明,98,71,27,華南永昌-竹北,2024-10-09,9339
3227,原相,38,12,26,華南永昌-竹北,2024-10-09,9339
2603,長榮,35,10,25,華南永昌-竹北,2024-10-09,9339
00679B,元大美債20年,27,4,23,華南永昌-竹北,2024-10-09,9339
3062,建漢,57,36,21,華南永昌-竹北,2024-10-09,9339
6442,光聖,23,3,20,華南永昌-竹北,2024-10-09,9339
00720B,元大投資級公司債,20,0,20,華南永昌-竹北,2024-10-09,9339
4526,東台,21,2,19,華南永昌-竹北,2024-10-09,9339
00937B,群益ESG投等債20,28,10,18,華南永昌-竹北,2024-10-09,9339
2425,承啟,33,16,17,華南永昌-竹北,2024-10-09,9339
4958,臻鼎-KY,20,3,17,華南永昌-竹北,2024-10-09,9339
2351,順德,16,0,16,華南永昌-竹北,2024-10-09,9339
4303,信立,16,0,16,華南永昌-竹北,2024-10-09,9339
00878,國泰永續高股息,20,4,16,華南永昌-竹北,2024-10-09,9339
0056,元大高股息,17,1,16,華南永昌-竹北,2024-10-09,9339
00933B,國泰10Y+金融債,15,0,15,華南永昌-竹北,2024-10-09,9339
00783,富邦中証500,15,0,15,華南永昌-竹北,2024-10-09,9339
00639,富邦深100,15,0,15,華南永昌-竹北,2024-10-09,9339
2399,映泰,42,29,13,華南永昌-竹北,2024-10-09,9339
3481,群創,12,0,12,華南永昌-竹北,2024-10-09,9339
5230,雷笛克光學,15,3,12,華南永昌-竹北,2024-10-09,9339
6284,佳邦,20,8,12,華南永昌-竹北,2024-10-09,9339
2412,中華電,86,75,11,華南永昌-竹北,2024-10-09,9339
8261,富鼎,11,0,11,華南永昌-竹北,2024-10-09,9339
00887,永豐中國科技50大,36,25,11,華南永昌-竹北,2024-10-09,9339
4991,環宇-KY,10,0,10,華南永昌-竹北,2024-10-09,9339
00646,元大S＆P500,10,0,10,華南永昌-竹北,2024-10-09,9339
1540,喬福,12,2,10,華南永昌-竹北,2024-10-09,9339
2312,金寶,155,145,10,華南永昌-竹北,2024-10-09,9339
5531,鄉林,9,0,9,華南永昌-竹北,2024-10-09,9339
6104,創惟,16,7,9,華南永昌-竹北,2024-10-09,9339
5386,青雲,9,1,8,華南永昌-竹北,2024-10-09,9339
4532,瑞智,8,0,8,華南永昌-竹北,2024-10-09,9339
00713,元大台灣高息低波,8,0,8,華南永昌-竹北,2024-10-09,9339
1802,台玻,9,1,8,華南永昌-竹北,2024-10-09,9339
00633L,富邦上証正2,949,355,594,華南永昌-竹北,2024-10-11,9339
00637L,元大滬深300正2,413,0,413,華南永昌-竹北,2024-10-11,9339
1815,富喬,184,32,152,華南永昌-竹北,2024-10-11,9339
00687B,國泰20年美債,148,14,134,華南永昌-竹北,2024-10-11,9339
00665L,富邦�琤肭磪囓�2,90,0,90,華南永昌-竹北,2024-10-11,9339
00753L,中信中國50正2,76,0,76,華南永昌-竹北,2024-10-11,9339
8105,凌巨,75,5,70,華南永昌-竹北,2024-10-11,9339
00680L,元大美債20正2,36,0,36,華南永昌-竹北,2024-10-11,9339
00929,復華台灣科技優息,51,19,32,華南永昌-竹北,2024-10-11,9339
6163,華電網,30,0,30,華南永昌-竹北,2024-10-11,9339
1808,潤隆,30,0,30,華南永昌-竹北,2024-10-11,9339
00948B,中信優息投資級債,26,0,26,華南永昌-竹北,2024-10-11,9339
0056,元大高股息,25,2,23,華南永昌-竹北,2024-10-11,9339
00720B,元大投資級公司債,20,0,20,華南永昌-竹北,2024-10-11,9339
3703,欣陸,20,0,20,華南永昌-竹北,2024-10-11,9339
4167,松瑞藥,20,0,20,華南永昌-竹北,2024-10-11,9339
2426,鼎元,23,4,19,華南永昌-竹北,2024-10-11,9339
2356,英業達,18,0,18,華南永昌-竹北,2024-10-11,9339
4303,信立,18,0,18,華南永昌-竹北,2024-10-11,9339
00915,凱基優選高股息30,17,0,17,華南永昌-竹北,2024-10-11,9339
3049,精金,22,5,17,華南永昌-竹北,2024-10-11,9339
1727,中華化,18,2,16,華南永昌-竹北,2024-10-11,9339
2388,威盛,26,10,16,華南永昌-竹北,2024-10-11,9339
2887,台新金,19,4,15,華南永昌-竹北,2024-10-11,9339
00673R,期元大S＆P原油反1,15,0,15,華南永昌-竹北,2024-10-11,9339
3591,艾笛森,33,18,15,華南永昌-竹北,2024-10-11,9339
3710,連展投控,18,3,15,華南永昌-竹北,2024-10-11,9339
8111,立��,29,15,14,華南永昌-竹北,2024-10-11,9339
3149,正達,105,91,14,華南永昌-竹北,2024-10-11,9339
6442,光聖,21,7,14,華南永昌-竹北,2024-10-11,9339
2528,皇普,11,0,11,華南永昌-竹北,2024-10-11,9339
4114,健喬,10,0,10,華南永昌-竹北,2024-10-11,9339
00877,復華中國5G,10,0,10,華南永昌-竹北,2024-10-11,9339
00907,永豐優息存股,10,0,10,華南永昌-竹北,2024-10-11,9339
00940,元大台灣價值高息,14,4,10,華南永昌-竹北,2024-10-11,9339
4123,晟德,10,0,10,華南永昌-竹北,2024-10-11,9339
5531,鄉林,10,0,10,華南永昌-竹北,2024-10-11,9339
1721,三晃,47,38,9,華南永昌-竹北,2024-10-11,9339
00922,國泰台灣領袖50,9,0,9,華南永昌-竹北,2024-10-11,9339
3162,精確,9,0,9,華南永昌-竹北,2024-10-11,9339
6126,信音,10,1,9,華南永昌-竹北,2024-10-11,9339
3257,虹冠電,14,5,9,華南永昌-竹北,2024-10-11,9339
5905,南仁湖,8,0,8,華南永昌-竹北,2024-10-11,9339
1802,台玻,7,0,7,華南永昌-竹北,2024-10-11,9339
3209,全科,12,5,7,華南永昌-竹北,2024-10-11,9339
4958,臻鼎-KY,20,14,6,華南永昌-竹北,2024-10-11,9339
2355,敬鵬,6,0,6,華南永昌-竹北,2024-10-11,9339
6134,萬旭,18,12,6,華南永昌-竹北,2024-10-11,9339
8039,台虹,7,1,6,華南永昌-竹北,2024-10-11,9339
2363,矽統,16,11,5,華南永昌-竹北,2024-10-11,9339
00680L,元大美債20正2,317,15,302,華南永昌-竹北,2024-10-14,9339
00937B,群益ESG投等債20,242,76,166,華南永昌-竹北,2024-10-14,9339
2317,鴻海,144,2,142,華南永昌-竹北,2024-10-14,9339
00637L,元大滬深300正2,370,237,133,華南永昌-竹北,2024-10-14,9339
00919,群益台灣精選高息,103,0,103,華南永昌-竹北,2024-10-14,9339
2312,金寶,132,30,102,華南永昌-竹北,2024-10-14,9339
0056,元大高股息,96,3,93,華南永昌-竹北,2024-10-14,9339
00887,永豐中國科技50大,88,3,85,華南永昌-竹北,2024-10-14,9339
00688L,國泰20年美債正2,76,0,76,華南永昌-竹北,2024-10-14,9339
2399,映泰,135,71,64,華南永昌-竹北,2024-10-14,9339
00948B,中信優息投資級債,52,0,52,華南永昌-竹北,2024-10-14,9339
00687B,國泰20年美債,60,15,45,華南永昌-竹北,2024-10-14,9339
3450,聯鈞,59,17,42,華南永昌-竹北,2024-10-14,9339
6177,達麗,33,3,30,華南永昌-竹北,2024-10-14,9339
00712,復華富時不動產,28,0,28,華南永昌-竹北,2024-10-14,9339
00912,中信臺灣智慧50,25,0,25,華南永昌-竹北,2024-10-14,9339
2486,一詮,33,8,25,華南永昌-竹北,2024-10-14,9339
2891,中信金,47,23,24,華南永昌-竹北,2024-10-14,9339
00679B,元大美債20年,45,24,21,華南永昌-竹北,2024-10-14,9339
00881,國泰台灣5G+,21,0,21,華南永昌-竹北,2024-10-14,9339
0061,元大寶滬深,20,0,20,華南永昌-竹北,2024-10-14,9339
00918,大華優利高填息30,20,0,20,華南永昌-竹北,2024-10-14,9339
6224,聚鼎,19,1,18,華南永昌-竹北,2024-10-14,9339
2887,台新金,22,6,16,華南永昌-竹北,2024-10-14,9339
3162,精確,15,0,15,華南永昌-竹北,2024-10-14,9339
00795B,中信美國公債20年,12,0,12,華南永昌-竹北,2024-10-14,9339
6443,元晶,12,0,12,華南永昌-竹北,2024-10-14,9339
00927,群益半導體收益,11,0,11,華南永昌-竹北,2024-10-14,9339
2615,萬海,31,21,10,華南永昌-竹北,2024-10-14,9339
00752,中信中國50,10,0,10,華南永昌-竹北,2024-10-14,9339
00877,復華中國5G,10,0,10,華南永昌-竹北,2024-10-14,9339
00905,FT臺灣Smart,10,0,10,華南永昌-竹北,2024-10-14,9339
00945B,凱基美國非投等債,10,0,10,華南永昌-竹北,2024-10-14,9339
1540,喬福,10,0,10,華南永昌-竹北,2024-10-14,9339
4123,晟德,10,0,10,華南永昌-竹北,2024-10-14,9339
6126,信音,10,0,10,華南永昌-竹北,2024-10-14,9339
3062,建漢,24,15,9,華南永昌-竹北,2024-10-14,9339
1536,和大,8,0,8,華南永昌-竹北,2024-10-14,9339
2382,廣達,9,1,8,華南永昌-竹北,2024-10-14,9339
4971,IET-KY,14,7,7,華南永昌-竹北,2024-10-14,9339
00713,元大台灣高息低波,7,0,7,華南永昌-竹北,2024-10-14,9339
2542,興富發,6,0,6,華南永昌-竹北,2024-10-14,9339
2002,中鋼,6,0,6,華南永昌-竹北,2024-10-14,9339
2377,微星,5,0,5,華南永昌-竹北,2024-10-14,9339
00635U,期元大S＆P黃金,5,0,5,華南永昌-竹北,2024-10-14,9339
2313,華通,5,0,5,華南永昌-竹北,2024-10-14,9339
2344,華邦電,5,0,5,華南永昌-竹北,2024-10-14,9339
2867,三商壽,5,0,5,華南永昌-竹北,2024-10-14,9339
3013,晟銘電,11,6,5,華南永昌-竹北,2024-10-14,9339
3209,全科,5,0,5,華南永昌-竹北,2024-10-14,9339
00633L,富邦上証正2,455,0,455,華南永昌-竹北,2024-10-15,9339
00637L,元大滬深300正2,334,28,306,華南永昌-竹北,2024-10-15,9339
2609,陽明,154,6,148,華南永昌-竹北,2024-10-15,9339
00687B,國泰20年美債,130,0,130,華南永昌-竹北,2024-10-15,9339
00715L,期街口布蘭特正2,117,7,110,華南永昌-竹北,2024-10-15,9339
2882,國泰金,115,22,93,華南永昌-竹北,2024-10-15,9339
1815,富喬,85,1,84,華南永昌-竹北,2024-10-15,9339
00725B,國泰投資級公司債,82,0,82,華南永昌-竹北,2024-10-15,9339
00937B,群益ESG投等債20,128,50,78,華南永昌-竹北,2024-10-15,9339
00650L,復華香港正2,70,0,70,華南永昌-竹北,2024-10-15,9339
3710,連展投控,76,18,58,華南永昌-竹北,2024-10-15,9339
2615,萬海,72,17,55,華南永昌-竹北,2024-10-15,9339
3303,岱稜,44,0,44,華南永昌-竹北,2024-10-15,9339
3062,建漢,82,40,42,華南永昌-竹北,2024-10-15,9339
3149,正達,108,71,37,華南永昌-竹北,2024-10-15,9339
1785,光洋科,75,38,37,華南永昌-竹北,2024-10-15,9339
5471,松翰,35,0,35,華南永昌-竹北,2024-10-15,9339
00887,永豐中國科技50大,37,4,33,華南永昌-竹北,2024-10-15,9339
00679B,元大美債20年,31,0,31,華南永昌-竹北,2024-10-15,9339
3162,精確,51,20,31,華南永昌-竹北,2024-10-15,9339
00922,國泰台灣領袖50,30,0,30,華南永昌-竹北,2024-10-15,9339
00688L,國泰20年美債正2,30,0,30,華南永昌-竹北,2024-10-15,9339
00680L,元大美債20正2,32,3,29,華南永昌-竹北,2024-10-15,9339
00929,復華台灣科技優息,28,7,21,華南永昌-竹北,2024-10-15,9339
00795B,中信美國公債20年,21,1,20,華南永昌-竹北,2024-10-15,9339
00907,永豐優息存股,20,0,20,華南永昌-竹北,2024-10-15,9339
2354,鴻準,22,2,20,華南永昌-竹北,2024-10-15,9339
4114,健喬,20,0,20,華南永昌-竹北,2024-10-15,9339
5876,上海商銀,20,0,20,華南永昌-竹北,2024-10-15,9339
3037,欣興,24,5,19,華南永昌-竹北,2024-10-15,9339
8210,勤誠,17,1,16,華南永昌-竹北,2024-10-15,9339
2344,華邦電,15,0,15,華南永昌-竹北,2024-10-15,9339
2449,京元電子,28,14,14,華南永昌-竹北,2024-10-15,9339
0056,元大高股息,39,28,11,華南永昌-竹北,2024-10-15,9339
6425,易發,20,9,11,華南永昌-竹北,2024-10-15,9339
2014,中鴻,11,0,11,華南永昌-竹北,2024-10-15,9339
1314,中石化,16,6,10,華南永昌-竹北,2024-10-15,9339
00646,元大S＆P500,10,0,10,華南永昌-竹北,2024-10-15,9339
00924,復華S＆P500成長,10,0,10,華南永昌-竹北,2024-10-15,9339
00943,兆豐電子高息等權,10,0,10,華南永昌-竹北,2024-10-15,9339
00945B,凱基美國非投等債,10,0,10,華南永昌-竹北,2024-10-15,9339
00961,FT臺灣永續高息,10,0,10,華南永昌-竹北,2024-10-15,9339
5443,均豪,11,1,10,華南永昌-竹北,2024-10-15,9339
6163,華電網,10,0,10,華南永昌-竹北,2024-10-15,9339
6197,佳必琪,11,1,10,華南永昌-竹北,2024-10-15,9339
00932,兆豐永續高息等權,20,11,9,華南永昌-竹北,2024-10-15,9339
2399,映泰,55,46,9,華南永昌-竹北,2024-10-15,9339
4956,光鋐,101,92,9,華南永昌-竹北,2024-10-15,9339
4971,IET-KY,13,4,9,華南永昌-竹北,2024-10-15,9339
5452,佶優,73,64,9,華南永昌-竹北,2024-10-15,9339
6443,元晶,284,0,284,華南永昌-竹北,2024-10-16,9339
6244,茂迪,135,0,135,華南永昌-竹北,2024-10-16,9339
00637L,元大滬深300正2,207,73,134,華南永昌-竹北,2024-10-16,9339
00633L,富邦上証正2,425,300,125,華南永昌-竹北,2024-10-16,9339
00887,永豐中國科技50大,116,1,115,華南永昌-竹北,2024-10-16,9339
0056,元大高股息,106,10,96,華南永昌-竹北,2024-10-16,9339
00922,國泰台灣領袖50,72,4,68,華南永昌-竹北,2024-10-16,9339
3450,聯鈞,117,69,48,華南永昌-竹北,2024-10-16,9339
2425,承啟,64,16,48,華南永昌-竹北,2024-10-16,9339
00680L,元大美債20正2,50,3,47,華南永昌-竹北,2024-10-16,9339
2243,宏旭-KY,43,0,43,華南永昌-竹北,2024-10-16,9339
00687B,國泰20年美債,35,0,35,華南永昌-竹北,2024-10-16,9339
8210,勤誠,34,0,34,華南永昌-竹北,2024-10-16,9339
00679B,元大美債20年,31,0,31,華南永昌-竹北,2024-10-16,9339
00713,元大台灣高息低波,31,0,31,華南永昌-竹北,2024-10-16,9339
3048,益登,30,0,30,華南永昌-竹北,2024-10-16,9339
8064,東捷,36,6,30,華南永昌-竹北,2024-10-16,9339
2330,台積電,80,50,30,華南永昌-竹北,2024-10-16,9339
00715L,期街口布蘭特正2,55,28,27,華南永昌-竹北,2024-10-16,9339
00915,凱基優選高股息30,29,2,27,華南永昌-竹北,2024-10-16,9339
3189,景碩,22,0,22,華南永昌-竹北,2024-10-16,9339
00795B,中信美國公債20年,22,0,22,華南永昌-竹北,2024-10-16,9339
6706,惠特,27,6,21,華南永昌-竹北,2024-10-16,9339
00688L,國泰20年美債正2,41,20,21,華南永昌-竹北,2024-10-16,9339
2886,兆豐金,20,0,20,華南永昌-竹北,2024-10-16,9339
2885,元大金,20,0,20,華南永昌-竹北,2024-10-16,9339
2520,冠德,20,0,20,華南永昌-竹北,2024-10-16,9339
2241,艾姆勒,20,1,19,華南永昌-竹北,2024-10-16,9339
3706,神達,48,30,18,華南永昌-竹北,2024-10-16,9339
2486,一詮,26,9,17,華南永昌-竹北,2024-10-16,9339
00725B,國泰投資級公司債,17,0,17,華南永昌-竹北,2024-10-16,9339
5481,新華,17,1,16,華南永昌-竹北,2024-10-16,9339
6163,華電網,20,5,15,華南永昌-竹北,2024-10-16,9339
00905,FT臺灣Smart,15,0,15,華南永昌-竹北,2024-10-16,9339
2356,英業達,15,0,15,華南永昌-竹北,2024-10-16,9339
2022,聚亨,13,0,13,華南永昌-竹北,2024-10-16,9339
8201,無敵,12,0,12,華南永昌-竹北,2024-10-16,9339
2834,臺企銀,11,0,11,華南永昌-竹北,2024-10-16,9339
2890,永豐金,11,0,11,華南永昌-竹北,2024-10-16,9339
6231,系微,11,0,11,華南永昌-竹北,2024-10-16,9339
9938,百和,10,0,10,華南永昌-竹北,2024-10-16,9339
00918,大華優利高填息30,10,0,10,華南永昌-竹北,2024-10-16,9339
00720B,元大投資級公司債,10,0,10,華南永昌-竹北,2024-10-16,9339
2362,藍天,10,0,10,華南永昌-竹北,2024-10-16,9339
2363,矽統,55,46,9,華南永昌-竹北,2024-10-16,9339
2106,建大,9,0,9,華南永昌-竹北,2024-10-16,9339
2014,中鴻,8,0,8,華南永昌-竹北,2024-10-16,9339
2888,新光金,11,3,8,華南永昌-竹北,2024-10-16,9339
3551,世禾,8,0,8,華南永昌-竹北,2024-10-16,9339
00934,中信成長高股息,7,0,7,華南永昌-竹北,2024-10-16,9339
00948B,中信優息投資級債,250,0,250,華南永昌-竹北,2024-10-17,9339
0056,元大高股息,144,0,144,華南永昌-竹北,2024-10-17,9339
00633L,富邦上証正2,119,0,119,華南永昌-竹北,2024-10-17,9339
00680L,元大美債20正2,115,0,115,華南永昌-竹北,2024-10-17,9339
6202,盛群,98,0,98,華南永昌-竹北,2024-10-17,9339
00929,復華台灣科技優息,99,6,93,華南永昌-竹北,2024-10-17,9339
00637L,元大滬深300正2,183,116,67,華南永昌-竹北,2024-10-17,9339
00887,永豐中國科技50大,62,0,62,華南永昌-竹北,2024-10-17,9339
2401,凌陽,62,0,62,華南永昌-竹北,2024-10-17,9339
1528,恩德,97,39,58,華南永昌-竹北,2024-10-17,9339
8150,南茂,55,0,55,華南永昌-竹北,2024-10-17,9339
2399,映泰,77,24,53,華南永昌-竹北,2024-10-17,9339
5452,佶優,90,44,46,華南永昌-竹北,2024-10-17,9339
00922,國泰台灣領袖50,46,0,46,華南永昌-竹北,2024-10-17,9339
1721,三晃,47,6,41,華南永昌-竹北,2024-10-17,9339
2609,陽明,164,124,40,華南永昌-竹北,2024-10-17,9339
3591,艾笛森,41,1,40,華南永昌-竹北,2024-10-17,9339
4114,健喬,40,0,40,華南永昌-竹北,2024-10-17,9339
8096,擎亞,40,0,40,華南永昌-竹北,2024-10-17,9339
2363,矽統,55,23,32,華南永昌-竹北,2024-10-17,9339
00881,國泰台灣5G+,31,0,31,華南永昌-竹北,2024-10-17,9339
00725B,國泰投資級公司債,31,0,31,華南永昌-竹北,2024-10-17,9339
00912,中信臺灣智慧50,30,0,30,華南永昌-竹北,2024-10-17,9339
2354,鴻準,30,3,27,華南永昌-竹北,2024-10-17,9339
2867,三商壽,25,0,25,華南永昌-竹北,2024-10-17,9339
5481,新華,24,0,24,華南永昌-竹北,2024-10-17,9339
6126,信音,24,0,24,華南永昌-竹北,2024-10-17,9339
3037,欣興,35,13,22,華南永昌-竹北,2024-10-17,9339
00688L,國泰20年美債正2,20,0,20,華南永昌-竹北,2024-10-17,9339
3031,佰鴻,20,0,20,華南永昌-竹北,2024-10-17,9339
3645,達邁,20,0,20,華南永昌-竹北,2024-10-17,9339
3605,宏致,22,3,19,華南永昌-竹北,2024-10-17,9339
5230,雷笛克光學,17,0,17,華南永昌-竹北,2024-10-17,9339
3498,陽程,19,2,17,華南永昌-竹北,2024-10-17,9339
2489,瑞軒,15,0,15,華南永昌-竹北,2024-10-17,9339
4956,光鋐,23,8,15,華南永昌-竹北,2024-10-17,9339
00919,群益台灣精選高息,22,8,14,華南永昌-竹北,2024-10-17,9339
00679B,元大美債20年,14,1,13,華南永昌-竹北,2024-10-17,9339
00878,國泰永續高股息,15,3,12,華南永昌-竹北,2024-10-17,9339
00795B,中信美國公債20年,12,0,12,華南永昌-竹北,2024-10-17,9339
3711,日月光投控,12,0,12,華南永昌-竹北,2024-10-17,9339
1711,永光,29,18,11,華南永昌-竹北,2024-10-17,9339
6546,正基,15,4,11,華南永昌-竹北,2024-10-17,9339
00877,復華中國5G,10,0,10,華南永昌-竹北,2024-10-17,9339
00646,元大S＆P500,10,0,10,華南永昌-竹北,2024-10-17,9339
6505,台塑化,10,1,9,華南永昌-竹北,2024-10-17,9339
2241,艾姆勒,9,0,9,華南永昌-竹北,2024-10-17,9339
2201,裕隆,8,0,8,華南永昌-竹北,2024-10-17,9339
3149,正達,38,30,8,華南永昌-竹北,2024-10-17,9339
00687B,國泰20年美債,8,1,7,華南永昌-竹北,2024-10-17,9339
00937B,群益ESG投等債20,269,4,265,華南永昌-竹北,2024-10-18,9339
1785,光洋科,197,27,170,華南永昌-竹北,2024-10-18,9339
00687B,國泰20年美債,117,9,108,華南永昌-竹北,2024-10-18,9339
00679B,元大美債20年,76,0,76,華南永昌-竹北,2024-10-18,9339
2399,映泰,115,40,75,華南永昌-竹北,2024-10-18,9339
0056,元大高股息,86,12,74,華南永昌-竹北,2024-10-18,9339
00637L,元大滬深300正2,215,153,62,華南永昌-竹北,2024-10-18,9339
00948B,中信優息投資級債,55,0,55,華南永昌-竹北,2024-10-18,9339
2409,友達,50,0,50,華南永昌-竹北,2024-10-18,9339
2401,凌陽,45,0,45,華南永昌-竹北,2024-10-18,9339
3011,今皓,74,31,43,華南永昌-竹北,2024-10-18,9339
00878,國泰永續高股息,115,76,39,華南永昌-竹北,2024-10-18,9339
3062,建漢,87,49,38,華南永昌-竹北,2024-10-18,9339
5471,松翰,35,0,35,華南永昌-竹北,2024-10-18,9339
6235,華孚,34,1,33,華南永昌-竹北,2024-10-18,9339
2845,遠東銀,32,0,32,華南永昌-竹北,2024-10-18,9339
2367,燿華,27,0,27,華南永昌-竹北,2024-10-18,9339
5347,世界,27,0,27,華南永昌-竹北,2024-10-18,9339
00795B,中信美國公債20年,26,0,26,華南永昌-竹北,2024-10-18,9339
5474,聰泰,23,0,23,華南永昌-竹北,2024-10-18,9339
00715L,期街口布蘭特正2,94,74,20,華南永昌-竹北,2024-10-18,9339
00680L,元大美債20正2,19,0,19,華南永昌-竹北,2024-10-18,9339
3450,聯鈞,149,132,17,華南永昌-竹北,2024-10-18,9339
8028,昇陽半導體,90,73,17,華南永昌-竹北,2024-10-18,9339
1314,中石化,13,0,13,華南永昌-竹北,2024-10-18,9339
4114,健喬,14,1,13,華南永昌-竹北,2024-10-18,9339
2241,艾姆勒,25,12,13,華南永昌-竹北,2024-10-18,9339
4510,高鋒,30,17,13,華南永昌-竹北,2024-10-18,9339
6869,雲豹能源,10,0,10,華南永昌-竹北,2024-10-18,9339
00877,復華中國5G,10,0,10,華南永昌-竹北,2024-10-18,9339
2014,中鴻,10,0,10,華南永昌-竹北,2024-10-18,9339
00915,凱基優選高股息30,12,2,10,華南永昌-竹北,2024-10-18,9339
1597,直得,12,3,9,華南永昌-竹北,2024-10-18,9339
2362,藍天,9,0,9,華南永昌-竹北,2024-10-18,9339
4958,臻鼎-KY,21,12,9,華南永昌-竹北,2024-10-18,9339
00919,群益台灣精選高息,26,17,9,華南永昌-竹北,2024-10-18,9339
00881,國泰台灣5G+,9,1,8,華南永昌-竹北,2024-10-18,9339
2349,錸德,8,0,8,華南永昌-竹北,2024-10-18,9339
2408,南亞科,8,0,8,華南永昌-竹北,2024-10-18,9339
4540,全球傳動,11,3,8,華南永昌-竹北,2024-10-18,9339
3324,雙鴻,9,2,7,華南永昌-竹北,2024-10-18,9339
2915,潤泰全,6,0,6,華南永昌-竹北,2024-10-18,9339
2101,南港,6,0,6,華南永昌-竹北,2024-10-18,9339
4545,銘鈺,6,0,6,華南永昌-竹北,2024-10-18,9339
5452,佶優,137,131,6,華南永昌-竹北,2024-10-18,9339
2376,技嘉,10,4,6,華南永昌-竹北,2024-10-18,9339
2388,威盛,11,6,5,華南永昌-竹北,2024-10-18,9339
6788,華景電,5,0,5,華南永昌-竹北,2024-10-18,9339
00753L,中信中國50正2,15,10,5,華南永昌-竹北,2024-10-18,9339
00696B,富邦美債20年,5,0,5,華南永昌-竹北,2024-10-18,9339
00633L,富邦上証正2,1453,419,1034,華南永昌-竹北,2024-10-21,9339
00937B,群益ESG投等債20,339,60,279,華南永昌-竹北,2024-10-21,9339
00637L,元大滬深300正2,633,380,253,華南永昌-竹北,2024-10-21,9339
00715L,期街口布蘭特正2,171,62,109,華南永昌-竹北,2024-10-21,9339
00948B,中信優息投資級債,301,201,100,華南永昌-竹北,2024-10-21,9339
3290,東浦,101,5,96,華南永昌-竹北,2024-10-21,9339
2402,毅嘉,71,0,71,華南永昌-竹北,2024-10-21,9339
3162,精確,70,0,70,華南永昌-竹北,2024-10-21,9339
00687B,國泰20年美債,59,7,52,華南永昌-竹北,2024-10-21,9339
00650L,復華香港正2,50,0,50,華南永昌-竹北,2024-10-21,9339
1785,光洋科,46,0,46,華南永昌-竹北,2024-10-21,9339
3710,連展投控,40,0,40,華南永昌-竹北,2024-10-21,9339
00679B,元大美債20年,44,5,39,華南永昌-竹北,2024-10-21,9339
00922,國泰台灣領袖50,38,0,38,華南永昌-竹北,2024-10-21,9339
2883,凱基金,32,0,32,華南永昌-竹北,2024-10-21,9339
6179,亞通,30,0,30,華南永昌-竹北,2024-10-21,9339
3149,正達,28,3,25,華南永昌-竹北,2024-10-21,9339
3037,欣興,36,11,25,華南永昌-竹北,2024-10-21,9339
3704,合勤控,25,0,25,華南永昌-竹北,2024-10-21,9339
00878,國泰永續高股息,24,2,22,華南永昌-竹北,2024-10-21,9339
3062,建漢,30,9,21,華南永昌-竹北,2024-10-21,9339
00680L,元大美債20正2,20,0,20,華南永昌-竹北,2024-10-21,9339
00918,大華優利高填息30,20,0,20,華南永昌-竹北,2024-10-21,9339
3227,原相,20,0,20,華南永昌-竹北,2024-10-21,9339
3615,安可,20,0,20,華南永昌-竹北,2024-10-21,9339
8932,智通*,20,0,20,華南永昌-竹北,2024-10-21,9339
00753L,中信中國50正2,19,0,19,華南永昌-竹北,2024-10-21,9339
6202,盛群,19,0,19,華南永昌-竹北,2024-10-21,9339
00919,群益台灣精選高息,33,15,18,華南永昌-竹北,2024-10-21,9339
00915,凱基優選高股息30,16,0,16,華南永昌-竹北,2024-10-21,9339
00712,復華富時不動產,15,0,15,華南永昌-竹北,2024-10-21,9339
4566,時碩工業,22,9,13,華南永昌-竹北,2024-10-21,9339
00887,永豐中國科技50大,11,0,11,華南永昌-竹北,2024-10-21,9339
4510,高鋒,19,8,11,華南永昌-竹北,2024-10-21,9339
00688L,國泰20年美債正2,10,0,10,華南永昌-竹北,2024-10-21,9339
0061,元大寶滬深,10,0,10,華南永昌-竹北,2024-10-21,9339
1536,和大,17,7,10,華南永昌-竹北,2024-10-21,9339
2103,台橡,10,0,10,華南永昌-竹北,2024-10-21,9339
2236,百達-KY,10,0,10,華南永昌-竹北,2024-10-21,9339
4526,東台,11,1,10,華南永昌-竹北,2024-10-21,9339
4979,華星光,13,3,10,華南永昌-竹北,2024-10-21,9339
5530,龍巖,10,0,10,華南永昌-竹北,2024-10-21,9339
6753,龍德造船,10,0,10,華南永昌-竹北,2024-10-21,9339
2882,國泰金,10,0,10,華南永昌-竹北,2024-10-21,9339
0056,元大高股息,11,2,9,華南永昌-竹北,2024-10-21,9339
00905,FT臺灣Smart,9,0,9,華南永昌-竹北,2024-10-21,9339
8085,福華,8,0,8,華南永昌-竹北,2024-10-21,9339
00795B,中信美國公債20年,7,0,7,華南永昌-竹北,2024-10-21,9339
1539,巨庭,7,0,7,華南永昌-竹北,2024-10-21,9339
3189,景碩,65,58,7,華南永昌-竹北,2024-10-21,9339
00680L,元大美債20正2,567,10,557,華南永昌-竹北,2024-10-22,9339
5452,佶優,281,73,208,華南永昌-竹北,2024-10-22,9339
00637L,元大滬深300正2,267,91,176,華南永昌-竹北,2024-10-22,9339
00679B,元大美債20年,148,7,141,華南永昌-竹北,2024-10-22,9339
00937B,群益ESG投等債20,210,74,136,華南永昌-竹北,2024-10-22,9339
00688L,國泰20年美債正2,115,0,115,華南永昌-竹北,2024-10-22,9339
2609,陽明,429,337,92,華南永昌-竹北,2024-10-22,9339
1785,光洋科,86,6,80,華南永昌-竹北,2024-10-22,9339
6104,創惟,65,4,61,華南永昌-竹北,2024-10-22,9339
00948B,中信優息投資級債,57,0,57,華南永昌-竹北,2024-10-22,9339
00929,復華台灣科技優息,55,5,50,華南永昌-竹北,2024-10-22,9339
2883,凱基金,50,0,50,華南永昌-竹北,2024-10-22,9339
00712,復華富時不動產,43,3,40,華南永昌-竹北,2024-10-22,9339
3704,合勤控,40,0,40,華南永昌-竹北,2024-10-22,9339
00715L,期街口布蘭特正2,123,86,37,華南永昌-竹北,2024-10-22,9339
00960,野村全球航運龍頭,35,0,35,華南永昌-竹北,2024-10-22,9339
2891,中信金,38,6,32,華南永昌-竹北,2024-10-22,9339
00795B,中信美國公債20年,30,0,30,華南永昌-竹北,2024-10-22,9339
8105,凌巨,30,0,30,華南永昌-竹北,2024-10-22,9339
00713,元大台灣高息低波,27,0,27,華南永昌-竹北,2024-10-22,9339
1528,恩德,44,18,26,華南永昌-竹北,2024-10-22,9339
1514,亞力,21,0,21,華南永昌-竹北,2024-10-22,9339
00632R,元大台灣50反1,20,0,20,華南永昌-竹北,2024-10-22,9339
5351,鈺創,20,0,20,華南永昌-竹北,2024-10-22,9339
2453,凌群,51,31,20,華南永昌-竹北,2024-10-22,9339
2603,長榮,31,13,18,華南永昌-竹北,2024-10-22,9339
8046,南電,21,3,18,華南永昌-竹北,2024-10-22,9339
00905,FT臺灣Smart,16,0,16,華南永昌-竹北,2024-10-22,9339
4552,力達-KY,14,0,14,華南永昌-竹北,2024-10-22,9339
00878,國泰永續高股息,15,3,12,華南永昌-竹北,2024-10-22,9339
4729,熒茂,28,16,12,華南永昌-竹北,2024-10-22,9339
2363,矽統,45,34,11,華南永昌-竹北,2024-10-22,9339
1536,和大,11,0,11,華南永昌-竹北,2024-10-22,9339
1595,川寶,20,10,10,華南永昌-竹北,2024-10-22,9339
2201,裕隆,15,5,10,華南永昌-竹北,2024-10-22,9339
2330,台積電,65,55,10,華南永昌-竹北,2024-10-22,9339
3535,晶彩科,21,11,10,華南永昌-竹北,2024-10-22,9339
00761B,國泰A級公司債,10,0,10,華南永昌-竹北,2024-10-22,9339
00752,中信中國50,10,0,10,華南永昌-竹北,2024-10-22,9339
2103,台橡,10,0,10,華南永昌-竹北,2024-10-22,9339
2412,中華電,90,80,10,華南永昌-竹北,2024-10-22,9339
8064,東捷,20,10,10,華南永昌-竹北,2024-10-22,9339
6753,龍德造船,12,2,10,華南永昌-竹北,2024-10-22,9339
8089,康全電訊,11,2,9,華南永昌-竹北,2024-10-22,9339
00887,永豐中國科技50大,9,0,9,華南永昌-竹北,2024-10-22,9339
2464,盟立,20,11,9,華南永昌-竹北,2024-10-22,9339
6126,信音,10,1,9,華南永昌-竹北,2024-10-22,9339
6151,晉倫,33,24,9,華南永昌-竹北,2024-10-22,9339
2882,國泰金,21,13,8,華南永昌-竹北,2024-10-22,9339
00942B,台新美A公司債20+,8,0,8,華南永昌-竹北,2024-10-22,9339
00937B,群益ESG投等債20,2937,200,2737,華南永昌-竹北,2024-10-23,9339
1312,國喬,102,0,102,華南永昌-竹北,2024-10-23,9339
00948B,中信優息投資級債,71,0,71,華南永昌-竹北,2024-10-23,9339
00687B,國泰20年美債,90,20,70,華南永昌-竹北,2024-10-23,9339
00929,復華台灣科技優息,51,3,48,華南永昌-竹北,2024-10-23,9339
3535,晶彩科,74,36,38,華南永昌-竹北,2024-10-23,9339
8110,華東,40,2,38,華南永昌-竹北,2024-10-23,9339
00713,元大台灣高息低波,37,0,37,華南永昌-竹北,2024-10-23,9339
1808,潤隆,32,0,32,華南永昌-竹北,2024-10-23,9339
2603,長榮,39,10,29,華南永昌-竹北,2024-10-23,9339
6202,盛群,28,0,28,華南永昌-竹北,2024-10-23,9339
8039,台虹,28,0,28,華南永昌-竹北,2024-10-23,9339
3372,典範,35,9,26,華南永昌-竹北,2024-10-23,9339
2633,台灣高鐵,25,0,25,華南永昌-竹北,2024-10-23,9339
3704,合勤控,22,0,22,華南永昌-竹北,2024-10-23,9339
00722B,群益投資級電信債,21,0,21,華南永昌-竹北,2024-10-23,9339
2356,英業達,26,5,21,華南永昌-竹北,2024-10-23,9339
3663,鑫科,76,55,21,華南永昌-竹北,2024-10-23,9339
4527,方土霖,25,4,21,華南永昌-竹北,2024-10-23,9339
00887,永豐中國科技50大,21,0,21,華南永昌-竹北,2024-10-23,9339
1539,巨庭,21,0,21,華南永昌-竹北,2024-10-23,9339
00712,復華富時不動產,20,0,20,華南永昌-竹北,2024-10-23,9339
2009,第一銅,20,0,20,華南永昌-竹北,2024-10-23,9339
3346,麗清,20,0,20,華南永昌-竹北,2024-10-23,9339
00878,國泰永續高股息,23,3,20,華南永昌-竹北,2024-10-23,9339
8105,凌巨,50,32,18,華南永昌-竹北,2024-10-23,9339
6151,晉倫,43,27,16,華南永昌-竹北,2024-10-23,9339
2354,鴻準,15,1,14,華南永昌-竹北,2024-10-23,9339
2497,怡利電,14,0,14,華南永昌-竹北,2024-10-23,9339
2329,華泰,129,116,13,華南永昌-竹北,2024-10-23,9339
3360,尚立,13,0,13,華南永昌-竹北,2024-10-23,9339
2615,萬海,20,7,13,華南永昌-竹北,2024-10-23,9339
3231,緯創,13,1,12,華南永昌-竹北,2024-10-23,9339
1314,中石化,12,0,12,華南永昌-竹北,2024-10-23,9339
3374,精材,12,0,12,華南永昌-竹北,2024-10-23,9339
5243,乙盛-KY,18,6,12,華南永昌-竹北,2024-10-23,9339
8210,勤誠,12,0,12,華南永昌-竹北,2024-10-23,9339
2885,元大金,15,3,12,華南永昌-竹北,2024-10-23,9339
00881,國泰台灣5G+,11,0,11,華南永昌-竹北,2024-10-23,9339
2887,台新金,11,0,11,華南永昌-竹北,2024-10-23,9339
2201,裕隆,12,1,11,華南永昌-竹北,2024-10-23,9339
2303,聯電,13,3,10,華南永昌-竹北,2024-10-23,9339
1301,台塑,10,0,10,華南永昌-竹北,2024-10-23,9339
00688L,國泰20年美債正2,10,0,10,華南永昌-竹北,2024-10-23,9339
0061,元大寶滬深,10,0,10,華南永昌-竹北,2024-10-23,9339
3167,大量,16,6,10,華南永昌-竹北,2024-10-23,9339
3498,陽程,23,13,10,華南永昌-竹北,2024-10-23,9339
6143,振曜,10,0,10,華南永昌-竹北,2024-10-23,9339
6844,諾貝兒,10,0,10,華南永昌-竹北,2024-10-23,9339
8064,東捷,19,9,10,華南永昌-竹北,2024-10-23,9339
00679B,元大美債20年,188,0,188,華南永昌-竹北,2024-10-24,9339
2328,廣宇,171,0,171,華南永昌-竹北,2024-10-24,9339
00637L,元大滬深300正2,162,11,151,華南永昌-竹北,2024-10-24,9339
3704,合勤控,90,0,90,華南永昌-竹北,2024-10-24,9339
2401,凌陽,89,1,88,華南永昌-竹北,2024-10-24,9339
5471,松翰,88,1,87,華南永昌-竹北,2024-10-24,9339
5351,鈺創,67,2,65,華南永昌-竹北,2024-10-24,9339
00915,凱基優選高股息30,64,0,64,華南永昌-竹北,2024-10-24,9339
00650L,復華香港正2,64,0,64,華南永昌-竹北,2024-10-24,9339
2369,菱生,92,28,64,華南永昌-竹北,2024-10-24,9339
1409,新纖,62,0,62,華南永昌-竹北,2024-10-24,9339
6213,聯茂,59,0,59,華南永昌-竹北,2024-10-24,9339
2329,華泰,51,0,51,華南永昌-竹北,2024-10-24,9339
00948B,中信優息投資級債,50,0,50,華南永昌-竹北,2024-10-24,9339
4303,信立,100,51,49,華南永昌-竹北,2024-10-24,9339
2489,瑞軒,63,15,48,華南永昌-竹北,2024-10-24,9339
00753L,中信中國50正2,47,0,47,華南永昌-竹北,2024-10-24,9339
0056,元大高股息,46,0,46,華南永昌-竹北,2024-10-24,9339
1540,喬福,53,9,44,華南永昌-竹北,2024-10-24,9339
00919,群益台灣精選高息,45,3,42,華南永昌-竹北,2024-10-24,9339
2312,金寶,61,21,40,華南永昌-竹北,2024-10-24,9339
1785,光洋科,35,0,35,華南永昌-竹北,2024-10-24,9339
4545,銘鈺,45,13,32,華南永昌-竹北,2024-10-24,9339
2399,映泰,91,63,28,華南永昌-竹北,2024-10-24,9339
1528,恩德,166,139,27,華南永昌-竹北,2024-10-24,9339
00878,國泰永續高股息,29,2,27,華南永昌-竹北,2024-10-24,9339
5452,佶優,102,80,22,華南永昌-竹北,2024-10-24,9339
2929,淘帝-KY,31,10,21,華南永昌-竹北,2024-10-24,9339
8021,尖點,22,1,21,華南永昌-竹北,2024-10-24,9339
2303,聯電,20,0,20,華南永昌-竹北,2024-10-24,9339
2382,廣達,36,16,20,華南永昌-竹北,2024-10-24,9339
8272,全景軟體,19,0,19,華南永昌-竹北,2024-10-24,9339
3324,雙鴻,22,5,17,華南永昌-竹北,2024-10-24,9339
6207,雷科,19,2,17,華南永昌-竹北,2024-10-24,9339
3551,世禾,22,7,15,華南永昌-竹北,2024-10-24,9339
5202,力新,21,6,15,華南永昌-竹北,2024-10-24,9339
8249,菱光,20,5,15,華南永昌-竹北,2024-10-24,9339
2388,威盛,38,23,15,華南永昌-竹北,2024-10-24,9339
3209,全科,15,1,14,華南永昌-竹北,2024-10-24,9339
2449,京元電子,27,13,14,華南永昌-竹北,2024-10-24,9339
00687B,國泰20年美債,16,3,13,華南永昌-竹北,2024-10-24,9339
3450,聯鈞,43,30,13,華南永昌-竹北,2024-10-24,9339
1727,中華化,17,6,11,華南永昌-竹北,2024-10-24,9339
00752,中信中國50,10,0,10,華南永昌-竹北,2024-10-24,9339
00632R,元大台灣50反1,10,0,10,華南永昌-竹北,2024-10-24,9339
00648R,元大S＆P500反1,10,0,10,華南永昌-竹北,2024-10-24,9339
00959B,大華投等美債15Y+,10,0,10,華南永昌-竹北,2024-10-24,9339
2482,連宇,10,0,10,華南永昌-竹北,2024-10-24,9339
2885,元大金,10,0,10,華南永昌-竹北,2024-10-24,9339
6175,立敦,10,0,10,華南永昌-竹北,2024-10-24,9339
00633L,富邦上証正2,745,465,280,華南永昌-竹北,2024-10-25,9339
2646,星宇航空,230,21,209,華南永昌-竹北,2024-10-25,9339
00948B,中信優息投資級債,192,0,192,華南永昌-竹北,2024-10-25,9339
00937B,群益ESG投等債20,177,17,160,華南永昌-竹北,2024-10-25,9339
6770,力積電,115,0,115,華南永昌-竹北,2024-10-25,9339
00715L,期街口布蘭特正2,136,30,106,華南永昌-竹北,2024-10-25,9339
00940,元大台灣價值高息,103,21,82,華南永昌-竹北,2024-10-25,9339
2354,鴻準,258,183,75,華南永昌-竹北,2024-10-25,9339
2329,華泰,81,11,70,華南永昌-竹北,2024-10-25,9339
2356,英業達,63,0,63,華南永昌-竹北,2024-10-25,9339
00679B,元大美債20年,60,1,59,華南永昌-竹北,2024-10-25,9339
8358,金居,52,1,51,華南永昌-竹北,2024-10-25,9339
1815,富喬,50,1,49,華南永昌-竹北,2024-10-25,9339
3715,定穎投控,81,35,46,華南永昌-竹北,2024-10-25,9339
2369,菱生,54,17,37,華南永昌-竹北,2024-10-25,9339
00923,群益台ESG低碳50,36,3,33,華南永昌-竹北,2024-10-25,9339
5452,佶優,32,2,30,華南永昌-竹北,2024-10-25,9339
00637L,元大滬深300正2,33,5,28,華南永昌-竹北,2024-10-25,9339
2382,廣達,53,26,27,華南永昌-竹北,2024-10-25,9339
8932,智通*,25,0,25,華南永昌-竹北,2024-10-25,9339
8249,菱光,200,176,24,華南永昌-竹北,2024-10-25,9339
00932,兆豐永續高息等權,20,0,20,華南永昌-竹北,2024-10-25,9339
00951,台新日本半導體,20,0,20,華南永昌-竹北,2024-10-25,9339
00933B,國泰10Y+金融債,20,0,20,華南永昌-竹北,2024-10-25,9339
00713,元大台灣高息低波,17,0,17,華南永昌-竹北,2024-10-25,9339
3481,群創,27,13,14,華南永昌-竹北,2024-10-25,9339
00878,國泰永續高股息,14,1,13,華南永昌-竹北,2024-10-25,9339
3450,聯鈞,30,18,12,華南永昌-竹北,2024-10-25,9339
6235,華孚,13,2,11,華南永昌-竹北,2024-10-25,9339
6285,啟��,13,2,11,華南永昌-竹北,2024-10-25,9339
00772B,中信高評級公司債,10,0,10,華南永昌-竹北,2024-10-25,9339
00688L,國泰20年美債正2,10,0,10,華南永昌-竹北,2024-10-25,9339
00752,中信中國50,10,0,10,華南永昌-竹北,2024-10-25,9339
3025,星通,10,0,10,華南永昌-竹北,2024-10-25,9339
3661,世芯-KY,10,0,10,華南永昌-竹北,2024-10-25,9339
3707,漢磊,10,0,10,華南永昌-竹北,2024-10-25,9339
2105,正新,9,0,9,華南永昌-竹北,2024-10-25,9339
2236,百達-KY,13,5,8,華南永昌-竹北,2024-10-25,9339
4958,臻鼎-KY,11,3,8,華南永昌-竹北,2024-10-25,9339
6288,聯嘉,10,2,8,華南永昌-竹北,2024-10-25,9339
6127,九豪,8,0,8,華南永昌-竹北,2024-10-25,9339
8096,擎亞,8,1,7,華南永昌-竹北,2024-10-25,9339
2344,華邦電,7,0,7,華南永昌-竹北,2024-10-25,9339
3021,鴻名,11,4,7,華南永昌-竹北,2024-10-25,9339
2303,聯電,7,0,7,華南永昌-竹北,2024-10-25,9339
00757,統一FANG+,6,0,6,華南永昌-竹北,2024-10-25,9339
00919,群益台灣精選高息,15,9,6,華南永昌-竹北,2024-10-25,9339
2897,王道銀行,6,0,6,華南永昌-竹北,2024-10-25,9339
8068,全達,6,0,6,華南永昌-竹北,2024-10-25,9339
3047,訊舟,6,0,6,華南永昌-竹北,2024-10-25,9339
2354,鴻準,648,483,165,華南永昌-竹北,2024-10-28,9339
00679B,元大美債20年,172,8,164,華南永昌-竹北,2024-10-28,9339
00715L,期街口布蘭特正2,231,75,156,華南永昌-竹北,2024-10-28,9339
00937B,群益ESG投等債20,118,33,85,華南永昌-竹北,2024-10-28,9339
00680L,元大美債20正2,131,47,84,華南永昌-竹北,2024-10-28,9339
00637L,元大滬深300正2,73,7,66,華南永昌-竹北,2024-10-28,9339
3231,緯創,134,79,55,華南永昌-竹北,2024-10-28,9339
3037,欣興,164,114,50,華南永昌-竹北,2024-10-28,9339
6859,伯特光,50,0,50,華南永昌-竹北,2024-10-28,9339
00948B,中信優息投資級債,37,0,37,華南永昌-竹北,2024-10-28,9339
00687B,國泰20年美債,46,12,34,華南永昌-竹北,2024-10-28,9339
6770,力積電,30,2,28,華南永昌-竹北,2024-10-28,9339
00946,群益科技高息成長,27,0,27,華南永昌-竹北,2024-10-28,9339
6213,聯茂,27,0,27,華南永昌-竹北,2024-10-28,9339
00795B,中信美國公債20年,23,0,23,華南永昌-竹北,2024-10-28,9339
6133,金橋,23,1,22,華南永昌-竹北,2024-10-28,9339
6235,華孚,92,71,21,華南永昌-竹北,2024-10-28,9339
00688L,國泰20年美債正2,20,0,20,華南永昌-竹北,2024-10-28,9339
1514,亞力,24,4,20,華南永昌-竹北,2024-10-28,9339
6913,鴻呈,18,0,18,華南永昌-竹北,2024-10-28,9339
2646,星宇航空,31,14,17,華南永昌-竹北,2024-10-28,9339
00720B,元大投資級公司債,16,0,16,華南永昌-竹北,2024-10-28,9339
2543,皇昌,22,7,15,華南永昌-竹北,2024-10-28,9339
5474,聰泰,15,0,15,華南永昌-竹北,2024-10-28,9339
6405,悅城,15,0,15,華南永昌-竹北,2024-10-28,9339
2312,金寶,67,54,13,華南永昌-竹北,2024-10-28,9339
2405,輔信,18,6,12,華南永昌-竹北,2024-10-28,9339
2486,一詮,58,47,11,華南永昌-竹北,2024-10-28,9339
3149,正達,20,9,11,華南永昌-竹北,2024-10-28,9339
00712,復華富時不動產,10,0,10,華南永昌-竹北,2024-10-28,9339
00943,兆豐電子高息等權,10,0,10,華南永昌-竹北,2024-10-28,9339
00929,復華台灣科技優息,15,6,9,華南永昌-竹北,2024-10-28,9339
5452,佶優,14,5,9,華南永昌-竹北,2024-10-28,9339
00752,中信中國50,10,2,8,華南永昌-竹北,2024-10-28,9339
1815,富喬,8,0,8,華南永昌-竹北,2024-10-28,9339
2477,美隆電,15,7,8,華南永昌-竹北,2024-10-28,9339
2884,玉山金,7,0,7,華南永昌-竹北,2024-10-28,9339
4919,新唐,84,77,7,華南永昌-竹北,2024-10-28,9339
00722B,群益投資級電信債,7,0,7,華南永昌-竹北,2024-10-28,9339
00773B,中信優先金融債,7,0,7,華南永昌-竹北,2024-10-28,9339
3360,尚立,7,0,7,華南永昌-竹北,2024-10-28,9339
2449,京元電子,19,13,6,華南永昌-竹北,2024-10-28,9339
6285,啟��,11,5,6,華南永昌-竹北,2024-10-28,9339
00918,大華優利高填息30,6,0,6,華南永昌-竹北,2024-10-28,9339
2103,台橡,6,0,6,華南永昌-竹北,2024-10-28,9339
2374,佳能,7,1,6,華南永昌-竹北,2024-10-28,9339
8068,全達,6,0,6,華南永昌-竹北,2024-10-28,9339
8358,金居,7,1,6,華南永昌-竹北,2024-10-28,9339
1595,川寶,5,0,5,華南永昌-竹北,2024-10-28,9339
00919,群益台灣精選高息,17,12,5,華南永昌-竹北,2024-10-28,9339
00633L,富邦上証正2,225,0,225,華南永昌-竹北,2024-10-29,9339
00919,群益台灣精選高息,183,23,160,華南永昌-竹北,2024-10-29,9339
00715L,期街口布蘭特正2,122,0,122,華南永昌-竹北,2024-10-29,9339
00878,國泰永續高股息,129,15,114,華南永昌-竹北,2024-10-29,9339
00929,復華台灣科技優息,138,61,77,華南永昌-竹北,2024-10-29,9339
2230,泰茂,70,0,70,華南永昌-竹北,2024-10-29,9339
0056,元大高股息,71,8,63,華南永昌-竹北,2024-10-29,9339
5452,佶優,67,8,59,華南永昌-竹北,2024-10-29,9339
6235,華孚,82,23,59,華南永昌-竹北,2024-10-29,9339
6197,佳必琪,58,4,54,華南永昌-竹北,2024-10-29,9339
00740B,富邦全球投等債,50,0,50,華南永昌-竹北,2024-10-29,9339
2409,友達,50,0,50,華南永昌-竹北,2024-10-29,9339
6283,淳安,70,20,50,華南永昌-竹北,2024-10-29,9339
00679B,元大美債20年,40,0,40,華南永昌-竹北,2024-10-29,9339
00687B,國泰20年美債,34,0,34,華南永昌-竹北,2024-10-29,9339
2303,聯電,32,1,31,華南永昌-竹北,2024-10-29,9339
5876,上海商銀,30,1,29,華南永昌-竹北,2024-10-29,9339
3081,聯亞,32,4,28,華南永昌-竹北,2024-10-29,9339
00940,元大台灣價值高息,57,32,25,華南永昌-竹北,2024-10-29,9339
00918,大華優利高填息30,23,0,23,華南永昌-竹北,2024-10-29,9339
00637L,元大滬深300正2,76,54,22,華南永昌-竹北,2024-10-29,9339
3231,緯創,35,15,20,華南永昌-竹北,2024-10-29,9339
2646,星宇航空,23,5,18,華南永昌-竹北,2024-10-29,9339
2330,台積電,73,56,17,華南永昌-竹北,2024-10-29,9339
2382,廣達,38,22,16,華南永昌-竹北,2024-10-29,9339
2431,聯昌,27,12,15,華南永昌-竹北,2024-10-29,9339
2477,美隆電,20,6,14,華南永昌-竹北,2024-10-29,9339
00946,群益科技高息成長,14,0,14,華南永昌-竹北,2024-10-29,9339
5202,力新,18,5,13,華南永昌-竹北,2024-10-29,9339
00713,元大台灣高息低波,13,0,13,華南永昌-竹北,2024-10-29,9339
00927,群益半導體收益,12,0,12,華南永昌-竹北,2024-10-29,9339
6770,力積電,13,1,12,華南永昌-竹北,2024-10-29,9339
00937B,群益ESG投等債20,19,7,12,華南永昌-竹北,2024-10-29,9339
00881,國泰台灣5G+,17,5,12,華南永昌-竹北,2024-10-29,9339
00934,中信成長高股息,11,0,11,華南永昌-竹北,2024-10-29,9339
3017,奇鋐,13,2,11,華南永昌-竹北,2024-10-29,9339
1305,華夏,10,0,10,華南永昌-竹北,2024-10-29,9339
1316,上曜,10,0,10,華南永昌-竹北,2024-10-29,9339
3597,映興,20,10,10,華南永昌-竹北,2024-10-29,9339
4971,IET-KY,10,0,10,華南永昌-竹北,2024-10-29,9339
2201,裕隆,11,1,10,華南永昌-竹北,2024-10-29,9339
00712,復華富時不動產,9,0,9,華南永昌-竹北,2024-10-29,9339
00905,FT臺灣Smart,9,0,9,華南永昌-竹北,2024-10-29,9339
2399,映泰,39,30,9,華南永昌-竹北,2024-10-29,9339
2495,普安,14,5,9,華南永昌-竹北,2024-10-29,9339
3715,定穎投控,17,8,9,華南永昌-竹北,2024-10-29,9339
00922,國泰台灣領袖50,9,0,9,華南永昌-竹北,2024-10-29,9339
006208,富邦台50,8,0,8,華南永昌-竹北,2024-10-29,9339
1449,佳和,31,23,8,華南永昌-竹北,2024-10-29,9339
1528,恩德,10,2,8,華南永昌-竹北,2024-10-29,9339
00633L,富邦上証正2,696,0,696,華南永昌-竹北,2024-10-30,9339
1312,國喬,100,0,100,華南永昌-竹北,2024-10-30,9339
5471,松翰,89,0,89,華南永昌-竹北,2024-10-30,9339
5452,佶優,86,1,85,華南永昌-竹北,2024-10-30,9339
00650L,復華香港正2,75,1,74,華南永昌-竹北,2024-10-30,9339
4167,松瑞藥,60,0,60,華南永昌-竹北,2024-10-30,9339
00713,元大台灣高息低波,57,0,57,華南永昌-竹北,2024-10-30,9339
2409,友達,50,0,50,華南永昌-竹北,2024-10-30,9339
00878,國泰永續高股息,50,0,50,華南永昌-竹北,2024-10-30,9339
2317,鴻海,54,8,46,華南永昌-竹北,2024-10-30,9339
00679B,元大美債20年,42,0,42,華南永昌-竹北,2024-10-30,9339
00929,復華台灣科技優息,47,6,41,華南永昌-竹北,2024-10-30,9339
1314,中石化,40,0,40,華南永昌-竹北,2024-10-30,9339
0056,元大高股息,33,1,32,華南永昌-竹北,2024-10-30,9339
00637L,元大滬深300正2,38,10,28,華南永昌-竹北,2024-10-30,9339
1616,億泰,27,0,27,華南永昌-竹北,2024-10-30,9339
6288,聯嘉,26,0,26,華南永昌-竹北,2024-10-30,9339
2328,廣宇,25,0,25,華南永昌-竹北,2024-10-30,9339
6770,力積電,24,0,24,華南永昌-竹北,2024-10-30,9339
00715L,期街口布蘭特正2,27,3,24,華南永昌-竹北,2024-10-30,9339
5438,東友,41,20,21,華南永昌-竹北,2024-10-30,9339
4919,新唐,112,92,20,華南永昌-竹北,2024-10-30,9339
3481,群創,21,2,19,華南永昌-竹北,2024-10-30,9339
3062,建漢,30,12,18,華南永昌-竹北,2024-10-30,9339
3234,光環,18,0,18,華南永昌-竹北,2024-10-30,9339
00687B,國泰20年美債,16,0,16,華南永昌-竹北,2024-10-30,9339
00946,群益科技高息成長,14,0,14,華南永昌-竹北,2024-10-30,9339
00937B,群益ESG投等債20,14,0,14,華南永昌-竹北,2024-10-30,9339
1528,恩德,123,109,14,華南永昌-竹北,2024-10-30,9339
3551,世禾,18,4,14,華南永昌-竹北,2024-10-30,9339
00753L,中信中國50正2,13,0,13,華南永昌-竹北,2024-10-30,9339
00720B,元大投資級公司債,12,0,12,華南永昌-竹北,2024-10-30,9339
5871,中租-KY,12,0,12,華南永昌-竹北,2024-10-30,9339
9945,潤泰新,12,0,12,華南永昌-竹北,2024-10-30,9339
8089,康全電訊,11,0,11,華南永昌-竹北,2024-10-30,9339
6791,虎門科技,11,0,11,華南永昌-竹北,2024-10-30,9339
00712,復華富時不動產,10,0,10,華南永昌-竹北,2024-10-30,9339
3709,鑫聯大投控,11,1,10,華南永昌-竹北,2024-10-30,9339
00943,兆豐電子高息等權,10,0,10,華南永昌-竹北,2024-10-30,9339
00953B,群益優選非投等債,10,0,10,華南永昌-竹北,2024-10-30,9339
1536,和大,10,0,10,華南永昌-竹北,2024-10-30,9339
2009,第一銅,10,0,10,華南永昌-竹北,2024-10-30,9339
2349,錸德,11,1,10,華南永昌-竹北,2024-10-30,9339
2382,廣達,17,8,9,華南永昌-竹北,2024-10-30,9339
1560,中砂,11,3,8,華南永昌-竹北,2024-10-30,9339
00690,兆豐藍籌30,8,0,8,華南永昌-竹北,2024-10-30,9339
00932,兆豐永續高息等權,7,0,7,華南永昌-竹北,2024-10-30,9339
2867,三商壽,7,0,7,華南永昌-竹北,2024-10-30,9339
00915,凱基優選高股息30,7,0,7,華南永昌-竹北,2024-10-30,9339
00918,大華優利高填息30,11,5,6,華南永昌-竹北,2024-10-30,9339
00937B,群益ESG投等債20,1004,4,1000,華南永昌-竹北,2024-11-01,9339
00637L,元大滬深300正2,141,14,127,華南永昌-竹北,2024-11-01,9339
2405,輔信,105,1,104,華南永昌-竹北,2024-11-01,9339
00919,群益台灣精選高息,69,10,59,華南永昌-竹北,2024-11-01,9339
6859,伯特光,55,1,54,華南永昌-竹北,2024-11-01,9339
00878,國泰永續高股息,58,11,47,華南永昌-竹北,2024-11-01,9339
0056,元大高股息,44,1,43,華南永昌-竹北,2024-11-01,9339
3450,聯鈞,44,4,40,華南永昌-竹北,2024-11-01,9339
8421,旭源,44,4,40,華南永昌-竹北,2024-11-01,9339
00929,復華台灣科技優息,71,38,33,華南永昌-竹北,2024-11-01,9339
00713,元大台灣高息低波,33,0,33,華南永昌-竹北,2024-11-01,9339
2303,聯電,23,0,23,華南永昌-竹北,2024-11-01,9339
00646,元大S＆P500,22,0,22,華南永昌-竹北,2024-11-01,9339
2354,鴻準,271,250,21,華南永昌-竹北,2024-11-01,9339
00795B,中信美國公債20年,20,0,20,華南永昌-竹北,2024-11-01,9339
1540,喬福,20,0,20,華南永昌-竹北,2024-11-01,9339
1307,三芳,124,104,20,華南永昌-竹北,2024-11-01,9339
1721,三晃,19,0,19,華南永昌-竹北,2024-11-01,9339
00679B,元大美債20年,19,1,18,華南永昌-竹北,2024-11-01,9339
6216,居易,118,100,18,華南永昌-竹北,2024-11-01,9339
6791,虎門科技,23,6,17,華南永昌-竹北,2024-11-01,9339
9802,鈺齊-KY,17,0,17,華南永昌-竹北,2024-11-01,9339
00673R,期元大S＆P原油反1,16,0,16,華南永昌-竹北,2024-11-01,9339
3066,李洲,15,1,14,華南永昌-竹北,2024-11-01,9339
2329,華泰,15,1,14,華南永昌-竹北,2024-11-01,9339
4958,臻鼎-KY,33,20,13,華南永昌-竹北,2024-11-01,9339
2891,中信金,15,2,13,華南永昌-竹北,2024-11-01,9339
2880,華南金,12,0,12,華南永昌-竹北,2024-11-01,9339
2317,鴻海,146,134,12,華南永昌-竹北,2024-11-01,9339
00753L,中信中國50正2,12,0,12,華南永昌-竹北,2024-11-01,9339
6219,富旺,10,0,10,華南永昌-竹北,2024-11-01,9339
4167,松瑞藥,10,0,10,華南永昌-竹北,2024-11-01,9339
2881,富邦金,10,0,10,華南永昌-竹北,2024-11-01,9339
00927,群益半導體收益,9,0,9,華南永昌-竹北,2024-11-01,9339
00881,國泰台灣5G+,9,0,9,華南永昌-竹北,2024-11-01,9339
00712,復華富時不動產,8,0,8,華南永昌-竹北,2024-11-01,9339
00946,群益科技高息成長,8,0,8,華南永昌-竹北,2024-11-01,9339
00631L,元大台灣50正2,8,0,8,華南永昌-竹北,2024-11-01,9339
6770,力積電,11,3,8,華南永昌-竹北,2024-11-01,9339
8111,立��,15,8,7,華南永昌-竹北,2024-11-01,9339
00918,大華優利高填息30,7,0,7,華南永昌-竹北,2024-11-01,9339
8039,台虹,7,0,7,華南永昌-竹北,2024-11-01,9339
2892,第一金,6,0,6,華南永昌-竹北,2024-11-01,9339
00882,中信中國高股息,7,1,6,華南永昌-竹北,2024-11-01,9339
3576,聯合再生,6,0,6,華南永昌-竹北,2024-11-01,9339
6788,華景電,6,0,6,華南永昌-竹北,2024-11-01,9339
6821,聯寶,6,0,6,華南永昌-竹北,2024-11-01,9339
00915,凱基優選高股息30,6,0,6,華南永昌-竹北,2024-11-01,9339
00922,國泰台灣領袖50,5,0,5,華南永昌-竹北,2024-11-01,9339
2886,兆豐金,5,0,5,華南永昌-竹北,2024-11-01,9339
00679B,元大美債20年,309,5,304,華南永昌-竹北,2024-11-04,9339
2609,陽明,356,155,201,華南永昌-竹北,2024-11-04,9339
00937B,群益ESG投等債20,188,12,176,華南永昌-竹北,2024-11-04,9339
00740B,富邦全球投等債,121,0,121,華南永昌-竹北,2024-11-04,9339
00878,國泰永續高股息,79,9,70,華南永昌-竹北,2024-11-04,9339
00637L,元大滬深300正2,44,0,44,華南永昌-竹北,2024-11-04,9339
00919,群益台灣精選高息,43,4,39,華南永昌-竹北,2024-11-04,9339
2615,萬海,86,51,35,華南永昌-竹北,2024-11-04,9339
6197,佳必琪,36,5,31,華南永昌-竹北,2024-11-04,9339
00688L,國泰20年美債正2,30,0,30,華南永昌-竹北,2024-11-04,9339
00959B,大華投等美債15Y+,30,0,30,華南永昌-竹北,2024-11-04,9339
1808,潤隆,30,0,30,華南永昌-竹北,2024-11-04,9339
00795B,中信美國公債20年,29,0,29,華南永昌-竹北,2024-11-04,9339
6235,華孚,29,0,29,華南永昌-竹北,2024-11-04,9339
00687B,國泰20年美債,27,1,26,華南永昌-竹北,2024-11-04,9339
3037,欣興,27,3,24,華南永昌-竹北,2024-11-04,9339
00929,復華台灣科技優息,57,35,22,華南永昌-竹北,2024-11-04,9339
0056,元大高股息,21,0,21,華南永昌-竹北,2024-11-04,9339
00877,復華中國5G,20,0,20,華南永昌-竹北,2024-11-04,9339
4967,十銓,20,0,20,華南永昌-竹北,2024-11-04,9339
2493,揚博,39,20,19,華南永昌-竹北,2024-11-04,9339
8032,光菱,32,13,19,華南永昌-竹北,2024-11-04,9339
2413,環科,15,0,15,華南永昌-竹北,2024-11-04,9339
2303,聯電,18,3,15,華南永昌-竹北,2024-11-04,9339
00712,復華富時不動產,15,0,15,華南永昌-竹北,2024-11-04,9339
00680L,元大美債20正2,14,0,14,華南永昌-竹北,2024-11-04,9339
6425,易發,15,4,11,華南永昌-竹北,2024-11-04,9339
2465,麗臺,11,0,11,華南永昌-竹北,2024-11-04,9339
2497,怡利電,10,0,10,華南永昌-竹北,2024-11-04,9339
3016,嘉晶,10,0,10,華南永昌-竹北,2024-11-04,9339
8027,鈦昇,10,0,10,華南永昌-竹北,2024-11-04,9339
2891,中信金,10,0,10,華南永昌-竹北,2024-11-04,9339
3715,定穎投控,9,0,9,華南永昌-竹北,2024-11-04,9339
6244,茂迪,10,1,9,華南永昌-竹北,2024-11-04,9339
4526,東台,8,0,8,華南永昌-竹北,2024-11-04,9339
00720B,元大投資級公司債,7,0,7,華南永昌-竹北,2024-11-04,9339
2392,正崴,7,0,7,華南永昌-竹北,2024-11-04,9339
2405,輔信,7,0,7,華南永昌-竹北,2024-11-04,9339
3704,合勤控,10,3,7,華南永昌-竹北,2024-11-04,9339
8028,昇陽半導體,9,2,7,華南永昌-竹北,2024-11-04,9339
2646,星宇航空,9,2,7,華南永昌-竹北,2024-11-04,9339
00887,永豐中國科技50大,6,0,6,華南永昌-竹北,2024-11-04,9339
00946,群益科技高息成長,6,0,6,華南永昌-竹北,2024-11-04,9339
2431,聯昌,13,7,6,華南永昌-竹北,2024-11-04,9339
3234,光環,6,0,6,華南永昌-竹北,2024-11-04,9339
3481,群創,5,0,5,華南永昌-竹北,2024-11-04,9339
2330,台積電,21,16,5,華南永昌-竹北,2024-11-04,9339
3324,雙鴻,12,7,5,華南永昌-竹北,2024-11-04,9339
9906,欣巴巴,5,0,5,華南永昌-竹北,2024-11-04,9339
00751B,元大AAA至A公司債,5,0,5,華南永昌-竹北,2024-11-04,9339
00680L,元大美債20正2,250,9,241,華南永昌-竹北,2024-11-05,9339
2317,鴻海,155,16,139,華南永昌-竹北,2024-11-05,9339
00679B,元大美債20年,84,0,84,華南永昌-竹北,2024-11-05,9339
2399,映泰,129,53,76,華南永昌-竹北,2024-11-05,9339
2303,聯電,73,5,68,華南永昌-竹北,2024-11-05,9339
2369,菱生,60,1,59,華南永昌-竹北,2024-11-05,9339
00712,復華富時不動產,58,0,58,華南永昌-竹北,2024-11-05,9339
00937B,群益ESG投等債20,50,8,42,華南永昌-竹北,2024-11-05,9339
00878,國泰永續高股息,42,0,42,華南永昌-竹北,2024-11-05,9339
00665L,富邦�琤肭磪囓�2,42,6,36,華南永昌-竹北,2024-11-05,9339
00949,復華日本龍頭,35,0,35,華南永昌-竹北,2024-11-05,9339
00948B,中信優息投資級債,33,0,33,華南永昌-竹北,2024-11-05,9339
00929,復華台灣科技優息,32,0,32,華南永昌-竹北,2024-11-05,9339
4958,臻鼎-KY,42,13,29,華南永昌-竹北,2024-11-05,9339
00687B,國泰20年美債,30,9,21,華南永昌-竹北,2024-11-05,9339
6535,順藥,22,1,21,華南永昌-竹北,2024-11-05,9339
4967,十銓,20,0,20,華南永昌-竹北,2024-11-05,9339
00715L,期街口布蘭特正2,25,6,19,華南永昌-竹北,2024-11-05,9339
3049,精金,19,1,18,華南永昌-竹北,2024-11-05,9339
3289,宜特,18,1,17,華南永昌-竹北,2024-11-05,9339
00919,群益台灣精選高息,61,45,16,華南永昌-竹北,2024-11-05,9339
00946,群益科技高息成長,15,0,15,華南永昌-竹北,2024-11-05,9339
8064,東捷,16,2,14,華南永昌-竹北,2024-11-05,9339
4977,眾達-KY,15,2,13,華南永昌-竹北,2024-11-05,9339
3490,單井,48,37,11,華南永昌-竹北,2024-11-05,9339
4956,光鋐,58,47,11,華南永昌-竹北,2024-11-05,9339
00688L,國泰20年美債正2,10,0,10,華南永昌-竹北,2024-11-05,9339
00673R,期元大S＆P原油反1,10,0,10,華南永昌-竹北,2024-11-05,9339
2388,威盛,11,1,10,華南永昌-竹北,2024-11-05,9339
2497,怡利電,10,0,10,華南永昌-竹北,2024-11-05,9339
6126,信音,10,0,10,華南永昌-竹北,2024-11-05,9339
6550,北極星藥業-KY,10,0,10,華南永昌-竹北,2024-11-05,9339
2880,華南金,8,0,8,華南永昌-竹北,2024-11-05,9339
2337,旺宏,10,3,7,華南永昌-竹北,2024-11-05,9339
3047,訊舟,14,7,7,華南永昌-竹北,2024-11-05,9339
3498,陽程,7,0,7,華南永昌-竹北,2024-11-05,9339
5443,均豪,9,3,6,華南永昌-竹北,2024-11-05,9339
3450,聯鈞,54,48,6,華南永昌-竹北,2024-11-05,9339
4903,聯光通,29,23,6,華南永昌-竹北,2024-11-05,9339
2393,億光,6,0,6,華南永昌-竹北,2024-11-05,9339
1808,潤隆,5,0,5,華南永昌-竹北,2024-11-05,9339
00690,兆豐藍籌30,5,0,5,華南永昌-竹北,2024-11-05,9339
00773B,中信優先金融債,5,0,5,華南永昌-竹北,2024-11-05,9339
1609,大亞,5,0,5,華南永昌-竹北,2024-11-05,9339
6261,久元,5,0,5,華南永昌-竹北,2024-11-05,9339
6640,均華,8,3,5,華南永昌-竹北,2024-11-05,9339
8089,康全電訊,5,0,5,華南永昌-竹北,2024-11-05,9339
2330,台積電,14,10,4,華南永昌-竹北,2024-11-05,9339
00934,中信成長高股息,4,0,4,華南永昌-竹北,2024-11-05,9339
2312,金寶,10,6,4,華南永昌-竹北,2024-11-05,9339
00937B,群益ESG投等債20,1171,303,868,華南永昌-竹北,2024-11-06,9339
00637L,元大滬深300正2,220,84,136,華南永昌-竹北,2024-11-06,9339
00688L,國泰20年美債正2,115,0,115,華南永昌-竹北,2024-11-06,9339
00679B,元大美債20年,171,65,106,華南永昌-竹北,2024-11-06,9339
2409,友達,101,0,101,華南永昌-竹北,2024-11-06,9339
00887,永豐中國科技50大,100,2,98,華南永昌-竹北,2024-11-06,9339
00680L,元大美債20正2,87,0,87,華南永昌-竹北,2024-11-06,9339
3324,雙鴻,79,3,76,華南永昌-竹北,2024-11-06,9339
00687B,國泰20年美債,97,25,72,華南永昌-竹北,2024-11-06,9339
00795B,中信美國公債20年,68,0,68,華南永昌-竹北,2024-11-06,9339
2431,聯昌,73,8,65,華南永昌-竹北,2024-11-06,9339
6235,華孚,55,0,55,華南永昌-竹北,2024-11-06,9339
6213,聯茂,51,0,51,華南永昌-竹北,2024-11-06,9339
00878,國泰永續高股息,44,1,43,華南永昌-竹北,2024-11-06,9339
00753L,中信中國50正2,42,0,42,華南永昌-竹北,2024-11-06,9339
3037,欣興,52,10,42,華南永昌-竹北,2024-11-06,9339
4976,佳凌,40,0,40,華南永昌-竹北,2024-11-06,9339
6859,伯特光,40,0,40,華南永昌-竹北,2024-11-06,9339
2457,飛宏,39,0,39,華南永昌-竹北,2024-11-06,9339
2401,凌陽,37,0,37,華南永昌-竹北,2024-11-06,9339
6271,同欣電,37,0,37,華南永昌-竹北,2024-11-06,9339
2328,廣宇,36,0,36,華南永昌-竹北,2024-11-06,9339
4956,光鋐,50,14,36,華南永昌-竹北,2024-11-06,9339
2317,鴻海,40,7,33,華南永昌-竹北,2024-11-06,9339
6288,聯嘉,38,6,32,華南永昌-竹北,2024-11-06,9339
2231,為升,31,0,31,華南永昌-竹北,2024-11-06,9339
2354,鴻準,248,220,28,華南永昌-竹北,2024-11-06,9339
6285,啟��,27,1,26,華南永昌-竹北,2024-11-06,9339
4958,臻鼎-KY,31,6,25,華南永昌-竹北,2024-11-06,9339
2615,萬海,42,18,24,華南永昌-竹北,2024-11-06,9339
00948B,中信優息投資級債,22,0,22,華南永昌-竹北,2024-11-06,9339
2330,台積電,115,95,20,華南永昌-竹北,2024-11-06,9339
4807,日成-KY,20,0,20,華南永昌-竹北,2024-11-06,9339
6175,立敦,17,0,17,華南永昌-竹北,2024-11-06,9339
4526,東台,27,11,16,華南永昌-竹北,2024-11-06,9339
2609,陽明,60,44,16,華南永昌-竹北,2024-11-06,9339
1307,三芳,28,13,15,華南永昌-竹北,2024-11-06,9339
2301,光寶科,18,3,15,華南永昌-竹北,2024-11-06,9339
6411,晶焱,14,0,14,華南永昌-竹北,2024-11-06,9339
2492,華新科,17,4,13,華南永昌-竹北,2024-11-06,9339
4919,新唐,26,13,13,華南永昌-竹北,2024-11-06,9339
8070,長華*,15,2,13,華南永昌-竹北,2024-11-06,9339
1711,永光,11,0,11,華南永昌-竹北,2024-11-06,9339
2062,橋椿,11,0,11,華南永昌-竹北,2024-11-06,9339
2887,台新金,11,0,11,華南永昌-竹北,2024-11-06,9339
2834,臺企銀,11,0,11,華南永昌-竹北,2024-11-06,9339
00713,元大台灣高息低波,11,0,11,華南永昌-竹北,2024-11-06,9339
6126,信音,10,0,10,華南永昌-竹北,2024-11-06,9339
1301,台塑,10,0,10,華南永昌-竹北,2024-11-06,9339
2528,皇普,10,0,10,華南永昌-竹北,2024-11-06,9339
00680L,元大美債20正2,566,9,557,華南永昌-竹北,2024-11-07,9339
6213,聯茂,110,12,98,華南永昌-竹北,2024-11-07,9339
00948B,中信優息投資級債,60,0,60,華南永昌-竹北,2024-11-07,9339
3374,精材,65,9,56,華南永昌-竹北,2024-11-07,9339
8044,網家,56,0,56,華南永昌-竹北,2024-11-07,9339
3037,欣興,68,24,44,華南永昌-竹北,2024-11-07,9339
3704,合勤控,45,1,44,華南永昌-竹北,2024-11-07,9339
3034,聯詠,28,0,28,華南永昌-竹北,2024-11-07,9339
2880,華南金,26,0,26,華南永昌-竹北,2024-11-07,9339
00712,復華富時不動產,25,0,25,華南永昌-竹北,2024-11-07,9339
00937B,群益ESG投等債20,60,37,23,華南永昌-竹北,2024-11-07,9339
2022,聚亨,20,0,20,華南永昌-竹北,2024-11-07,9339
2328,廣宇,20,0,20,華南永昌-竹北,2024-11-07,9339
2337,旺宏,20,0,20,華南永昌-竹北,2024-11-07,9339
00687B,國泰20年美債,76,57,19,華南永昌-竹北,2024-11-07,9339
3706,神達,35,19,16,華南永昌-竹北,2024-11-07,9339
2027,大成鋼,16,1,15,華南永昌-竹北,2024-11-07,9339
00688L,國泰20年美債正2,15,0,15,華南永昌-竹北,2024-11-07,9339
3189,景碩,24,9,15,華南永昌-竹北,2024-11-07,9339
00720B,元大投資級公司債,16,2,14,華南永昌-竹北,2024-11-07,9339
0050,元大台灣50,15,1,14,華南永昌-竹北,2024-11-07,9339
2301,光寶科,15,1,14,華南永昌-竹北,2024-11-07,9339
00690,兆豐藍籌30,13,0,13,華南永昌-竹北,2024-11-07,9339
1711,永光,17,4,13,華南永昌-竹北,2024-11-07,9339
2312,金寶,113,102,11,華南永昌-竹北,2024-11-07,9339
00679B,元大美債20年,28,18,10,華南永昌-竹北,2024-11-07,9339
2431,聯昌,15,5,10,華南永昌-竹北,2024-11-07,9339
2886,兆豐金,10,0,10,華南永昌-竹北,2024-11-07,9339
3583,辛耘,12,2,10,華南永昌-竹北,2024-11-07,9339
00915,凱基優選高股息30,10,0,10,華南永昌-竹北,2024-11-07,9339
00713,元大台灣高息低波,10,0,10,華南永昌-竹北,2024-11-07,9339
00878,國泰永續高股息,13,4,9,華南永昌-竹北,2024-11-07,9339
00795B,中信美國公債20年,9,0,9,華南永昌-竹北,2024-11-07,9339
00891,中信關鍵半導體,10,1,9,華南永昌-竹北,2024-11-07,9339
00881,國泰台灣5G+,12,4,8,華南永昌-竹北,2024-11-07,9339
6175,立敦,8,0,8,華南永昌-竹北,2024-11-07,9339
0056,元大高股息,14,6,8,華南永昌-竹北,2024-11-07,9339
6683,雍智科技,7,0,7,華南永昌-竹北,2024-11-07,9339
5904,寶雅,6,0,6,華南永昌-竹北,2024-11-07,9339
4503,金雨,6,0,6,華南永昌-竹北,2024-11-07,9339
4923,力士,6,0,6,華南永昌-竹北,2024-11-07,9339
6284,佳邦,6,0,6,華南永昌-竹北,2024-11-07,9339
8081,致新,6,0,6,華南永昌-竹北,2024-11-07,9339
9938,百和,6,0,6,華南永昌-竹北,2024-11-07,9339
00934,中信成長高股息,5,0,5,華南永昌-竹北,2024-11-07,9339
00930,永豐ESG低碳高息,5,0,5,華南永昌-竹北,2024-11-07,9339
00666R,富邦�琤肭磪齯�1,5,0,5,華南永昌-竹北,2024-11-07,9339
00673R,期元大S＆P原油反1,5,0,5,華南永昌-竹北,2024-11-07,9339
00706L,期元大S＆P日圓正2,5,0,5,華南永昌-竹北,2024-11-07,9339
1446,宏和,5,0,5,華南永昌-竹北,2024-11-07,9339
00633L,富邦上証正2,1046,555,491,華南永昌-竹北,2024-11-08,9339
00680L,元大美債20正2,470,60,410,華南永昌-竹北,2024-11-08,9339
00637L,元大滬深300正2,365,64,301,華南永昌-竹北,2024-11-08,9339
2356,英業達,327,111,216,華南永昌-竹北,2024-11-08,9339
00953B,群益優選非投等債,198,0,198,華南永昌-竹北,2024-11-08,9339
4968,立積,123,1,122,華南永昌-竹北,2024-11-08,9339
00959B,大華投等美債15Y+,100,0,100,華南永昌-竹北,2024-11-08,9339
3062,建漢,118,34,84,華南永昌-竹北,2024-11-08,9339
8086,宏捷科,82,0,82,華南永昌-竹北,2024-11-08,9339
3037,欣興,87,18,69,華南永昌-竹北,2024-11-08,9339
6213,聯茂,71,2,69,華南永昌-竹北,2024-11-08,9339
00650L,復華香港正2,70,2,68,華南永昌-竹北,2024-11-08,9339
1528,恩德,50,0,50,華南永昌-竹北,2024-11-08,9339
00679B,元大美債20年,48,2,46,華南永昌-竹北,2024-11-08,9339
4958,臻鼎-KY,68,25,43,華南永昌-竹北,2024-11-08,9339
00878,國泰永續高股息,48,10,38,華南永昌-竹北,2024-11-08,9339
2382,廣達,47,12,35,華南永昌-竹北,2024-11-08,9339
5876,上海商銀,30,0,30,華南永昌-竹北,2024-11-08,9339
00632R,元大台灣50反1,30,0,30,華南永昌-竹北,2024-11-08,9339
2457,飛宏,30,0,30,華南永昌-竹北,2024-11-08,9339
9955,佳龍,30,0,30,華南永昌-竹北,2024-11-08,9339
5471,松翰,29,0,29,華南永昌-竹北,2024-11-08,9339
00931B,統一美債20年,30,2,28,華南永昌-竹北,2024-11-08,9339
6182,合晶,26,0,26,華南永昌-竹北,2024-11-08,9339
6288,聯嘉,32,7,25,華南永昌-竹北,2024-11-08,9339
00929,復華台灣科技優息,37,12,25,華南永昌-竹北,2024-11-08,9339
1711,永光,22,0,22,華南永昌-竹北,2024-11-08,9339
6271,同欣電,21,0,21,華南永昌-竹北,2024-11-08,9339
1710,東聯,20,0,20,華南永昌-竹北,2024-11-08,9339
2520,冠德,21,1,20,華南永昌-竹北,2024-11-08,9339
6197,佳必琪,22,2,20,華南永昌-竹北,2024-11-08,9339
00948B,中信優息投資級債,20,1,19,華南永昌-竹北,2024-11-08,9339
6235,華孚,20,2,18,華南永昌-竹北,2024-11-08,9339
2330,台積電,54,37,17,華南永昌-竹北,2024-11-08,9339
00795B,中信美國公債20年,17,0,17,華南永昌-竹北,2024-11-08,9339
2354,鴻準,681,664,17,華南永昌-竹北,2024-11-08,9339
4976,佳凌,16,0,16,華南永昌-竹北,2024-11-08,9339
4991,環宇-KY,20,5,15,華南永昌-竹北,2024-11-08,9339
2324,仁寶,19,4,15,華南永昌-竹北,2024-11-08,9339
3592,瑞鼎,14,0,14,華南永昌-竹北,2024-11-08,9339
5530,龍巖,13,0,13,華南永昌-竹北,2024-11-08,9339
6951,青新-創,13,0,13,華南永昌-竹北,2024-11-08,9339
6282,康舒,13,1,12,華南永昌-竹北,2024-11-08,9339
2880,華南金,11,0,11,華南永昌-竹北,2024-11-08,9339
2392,正崴,34,23,11,華南永昌-竹北,2024-11-08,9339
3481,群創,13,3,10,華南永昌-竹北,2024-11-08,9339
00688L,國泰20年美債正2,10,0,10,華南永昌-竹北,2024-11-08,9339
3202,樺晟,10,0,10,華南永昌-竹北,2024-11-08,9339
8070,長華*,10,0,10,華南永昌-竹北,2024-11-08,9339
5483,中美晶,10,1,9,華南永昌-竹北,2024-11-08,9339
00878,國泰永續高股息,1389,2,1387,華南永昌-竹北,2024-11-11,9339
00713,元大台灣高息低波,156,0,156,華南永昌-竹北,2024-11-11,9339
8050,廣積,124,0,124,華南永昌-竹北,2024-11-11,9339
4968,立積,117,1,116,華南永昌-竹北,2024-11-11,9339
6235,華孚,106,1,105,華南永昌-竹北,2024-11-11,9339
00943,兆豐電子高息等權,103,0,103,華南永昌-竹北,2024-11-11,9339
00919,群益台灣精選高息,86,4,82,華南永昌-竹北,2024-11-11,9339
2388,威盛,79,1,78,華南永昌-竹北,2024-11-11,9339
00753L,中信中國50正2,51,0,51,華南永昌-竹北,2024-11-11,9339
00665L,富邦�琤肭磪囓�2,56,6,50,華南永昌-竹北,2024-11-11,9339
2354,鴻準,170,121,49,華南永昌-竹北,2024-11-11,9339
4919,新唐,46,1,45,華南永昌-竹北,2024-11-11,9339
00715L,期街口布蘭特正2,69,26,43,華南永昌-竹北,2024-11-11,9339
3594,磐儀,41,0,41,華南永昌-竹北,2024-11-11,9339
1540,喬福,40,0,40,華南永昌-竹北,2024-11-11,9339
6216,居易,31,0,31,華南永昌-竹北,2024-11-11,9339
3189,景碩,32,2,30,華南永昌-竹北,2024-11-11,9339
2329,華泰,40,10,30,華南永昌-竹北,2024-11-11,9339
00686R,群益臺灣加權反1,27,0,27,華南永昌-竹北,2024-11-11,9339
6951,青新-創,27,0,27,華南永昌-竹北,2024-11-11,9339
2399,映泰,62,37,25,華南永昌-竹北,2024-11-11,9339
00937B,群益ESG投等債20,38,13,25,華南永昌-竹北,2024-11-11,9339
2317,鴻海,26,1,25,華南永昌-竹北,2024-11-11,9339
2330,台積電,63,41,22,華南永昌-竹北,2024-11-11,9339
2887,台新金,21,0,21,華南永昌-竹北,2024-11-11,9339
1444,力麗,20,0,20,華南永昌-竹北,2024-11-11,9339
6182,合晶,22,2,20,華南永昌-竹北,2024-11-11,9339
00637L,元大滬深300正2,117,99,18,華南永昌-竹北,2024-11-11,9339
8086,宏捷科,18,0,18,華南永昌-竹北,2024-11-11,9339
2301,光寶科,21,4,17,華南永昌-竹北,2024-11-11,9339
1760,寶齡富錦,17,0,17,華南永昌-竹北,2024-11-11,9339
3105,穩懋,17,0,17,華南永昌-竹北,2024-11-11,9339
3303,岱稜,37,20,17,華南永昌-竹北,2024-11-11,9339
8299,群聯,18,2,16,華南永昌-竹北,2024-11-11,9339
00932,兆豐永續高息等權,15,0,15,華南永昌-竹北,2024-11-11,9339
00850,元大臺灣ESG永續,15,0,15,華南永昌-竹北,2024-11-11,9339
2880,華南金,15,0,15,華南永昌-竹北,2024-11-11,9339
6213,聯茂,15,0,15,華南永昌-竹北,2024-11-11,9339
3037,欣興,26,14,12,華南永昌-竹北,2024-11-11,9339
3044,健鼎,12,0,12,華南永昌-竹北,2024-11-11,9339
00646,元大S＆P500,11,0,11,華南永昌-竹北,2024-11-11,9339
3552,同致,15,4,11,華南永昌-竹北,2024-11-11,9339
6197,佳必琪,12,1,11,華南永昌-竹北,2024-11-11,9339
8027,鈦昇,12,1,11,華南永昌-竹北,2024-11-11,9339
1904,正隆,11,0,11,華南永昌-竹北,2024-11-11,9339
00915,凱基優選高股息30,10,0,10,華南永昌-竹北,2024-11-11,9339
1709,和益,10,0,10,華南永昌-竹北,2024-11-11,9339
1802,台玻,10,0,10,華南永昌-竹北,2024-11-11,9339
4549,桓達,10,0,10,華南永昌-竹北,2024-11-11,9339
6005,群益證,10,0,10,華南永昌-竹北,2024-11-11,9339
2354,鴻準,261,19,242,華南永昌-竹北,2024-11-12,9339
00715L,期街口布蘭特正2,286,50,236,華南永昌-竹北,2024-11-12,9339
00878,國泰永續高股息,122,0,122,華南永昌-竹北,2024-11-12,9339
00713,元大台灣高息低波,104,0,104,華南永昌-竹北,2024-11-12,9339
00665L,富邦�琤肭磪囓�2,100,0,100,華南永昌-竹北,2024-11-12,9339
00632R,元大台灣50反1,81,0,81,華南永昌-竹北,2024-11-12,9339
2317,鴻海,49,0,49,華南永昌-竹北,2024-11-12,9339
5474,聰泰,48,0,48,華南永昌-竹北,2024-11-12,9339
2382,廣達,80,39,41,華南永昌-竹北,2024-11-12,9339
0056,元大高股息,40,1,39,華南永昌-竹北,2024-11-12,9339
2330,台積電,38,0,38,華南永昌-竹北,2024-11-12,9339
2356,英業達,84,47,37,華南永昌-竹北,2024-11-12,9339
2412,中華電,110,75,35,華南永昌-竹北,2024-11-12,9339
2887,台新金,32,0,32,華南永昌-竹北,2024-11-12,9339
4526,東台,33,1,32,華南永昌-竹北,2024-11-12,9339
00725B,國泰投資級公司債,31,0,31,華南永昌-竹北,2024-11-12,9339
00929,復華台灣科技優息,46,19,27,華南永昌-竹北,2024-11-12,9339
3374,精材,32,5,27,華南永昌-竹北,2024-11-12,9339
3049,精金,25,2,23,華南永昌-竹北,2024-11-12,9339
2892,第一金,22,0,22,華南永昌-竹北,2024-11-12,9339
8271,宇瞻,20,0,20,華南永昌-竹北,2024-11-12,9339
3481,群創,23,3,20,華南永昌-竹北,2024-11-12,9339
00915,凱基優選高股息30,19,0,19,華南永昌-竹北,2024-11-12,9339
00948B,中信優息投資級債,20,3,17,華南永昌-竹北,2024-11-12,9339
2615,萬海,35,19,16,華南永昌-竹北,2024-11-12,9339
2409,友達,16,1,15,華南永昌-竹北,2024-11-12,9339
006208,富邦台50,14,0,14,華南永昌-竹北,2024-11-12,9339
00720B,元大投資級公司債,13,0,13,華南永昌-竹北,2024-11-12,9339
2646,星宇航空,13,0,13,華南永昌-竹北,2024-11-12,9339
2882,國泰金,13,0,13,華南永昌-竹北,2024-11-12,9339
2301,光寶科,26,14,12,華南永昌-竹北,2024-11-12,9339
4968,立積,12,1,11,華南永昌-竹北,2024-11-12,9339
8463,潤泰材,11,0,11,華南永昌-竹北,2024-11-12,9339
00930,永豐ESG低碳高息,10,0,10,華南永昌-竹北,2024-11-12,9339
2392,正崴,34,24,10,華南永昌-竹北,2024-11-12,9339
00688L,國泰20年美債正2,10,0,10,華南永昌-竹北,2024-11-12,9339
3209,全科,10,0,10,華南永昌-竹北,2024-11-12,9339
5009,榮剛,11,1,10,華南永昌-竹北,2024-11-12,9339
00934,中信成長高股息,9,0,9,華南永昌-竹北,2024-11-12,9339
00687B,國泰20年美債,19,11,8,華南永昌-竹北,2024-11-12,9339
2329,華泰,15,7,8,華南永昌-竹北,2024-11-12,9339
2610,華航,15,7,8,華南永昌-竹北,2024-11-12,9339
6241,易通展,8,0,8,華南永昌-竹北,2024-11-12,9339
6269,台郡,8,0,8,華南永昌-竹北,2024-11-12,9339
2834,臺企銀,23,15,8,華南永昌-竹北,2024-11-12,9339
1336,台翰,7,0,7,華南永昌-竹北,2024-11-12,9339
2465,麗臺,7,0,7,華南永昌-竹北,2024-11-12,9339
00919,群益台灣精選高息,16,10,6,華南永昌-竹北,2024-11-12,9339
6535,順藥,8,2,6,華南永昌-竹北,2024-11-12,9339
0055,元大MSCI金融,6,0,6,華南永昌-竹北,2024-11-12,9339
00878,國泰永續高股息,116,2,114,華南永昌-竹北,2024-11-13,9339
00887,永豐中國科技50大,71,0,71,華南永昌-竹北,2024-11-13,9339
6182,合晶,51,0,51,華南永昌-竹北,2024-11-13,9339
2354,鴻準,135,90,45,華南永昌-竹北,2024-11-13,9339
6188,廣明,40,0,40,華南永昌-竹北,2024-11-13,9339
2330,台積電,49,10,39,華南永昌-竹北,2024-11-13,9339
00795B,中信美國公債20年,35,0,35,華南永昌-竹北,2024-11-13,9339
00680L,元大美債20正2,34,0,34,華南永昌-竹北,2024-11-13,9339
6216,居易,31,0,31,華南永昌-竹北,2024-11-13,9339
00919,群益台灣精選高息,30,0,30,華南永昌-竹北,2024-11-13,9339
2356,英業達,33,5,28,華南永昌-竹北,2024-11-13,9339
00679B,元大美債20年,77,56,21,華南永昌-竹北,2024-11-13,9339
2408,南亞科,21,1,20,華南永昌-竹北,2024-11-13,9339
2444,兆勁,20,2,18,華南永昌-竹北,2024-11-13,9339
2609,陽明,69,52,17,華南永昌-竹北,2024-11-13,9339
3515,華擎,17,0,17,華南永昌-竹北,2024-11-13,9339
00915,凱基優選高股息30,12,0,12,華南永昌-竹北,2024-11-13,9339
0056,元大高股息,21,10,11,華南永昌-竹北,2024-11-13,9339
00675L,富邦臺灣加權正2,11,0,11,華南永昌-竹北,2024-11-13,9339
2328,廣宇,11,0,11,華南永昌-竹北,2024-11-13,9339
3406,玉晶光,11,0,11,華南永昌-竹北,2024-11-13,9339
00752,中信中國50,10,0,10,華南永昌-竹北,2024-11-13,9339
00688L,國泰20年美債正2,10,0,10,華南永昌-竹北,2024-11-13,9339
00637L,元大滬深300正2,74,64,10,華南永昌-竹北,2024-11-13,9339
00648R,元大S＆P500反1,10,0,10,華南永昌-竹北,2024-11-13,9339
00646,元大S＆P500,10,0,10,華南永昌-竹北,2024-11-13,9339
1528,恩德,10,0,10,華南永昌-竹北,2024-11-13,9339
006208,富邦台50,10,0,10,華南永昌-竹北,2024-11-13,9339
2324,仁寶,32,23,9,華南永昌-竹北,2024-11-13,9339
3231,緯創,29,21,8,華南永昌-竹北,2024-11-13,9339
4968,立積,14,6,8,華南永昌-竹北,2024-11-13,9339
00891,中信關鍵半導體,8,0,8,華南永昌-竹北,2024-11-13,9339
5878,台名,8,0,8,華南永昌-竹北,2024-11-13,9339
8021,尖點,8,0,8,華南永昌-竹北,2024-11-13,9339
3013,晟銘電,82,75,7,華南永昌-竹北,2024-11-13,9339
2303,聯電,7,0,7,華南永昌-竹北,2024-11-13,9339
2312,金寶,25,18,7,華南永昌-竹北,2024-11-13,9339
2449,京元電子,10,4,6,華南永昌-竹北,2024-11-13,9339
2493,揚博,9,3,6,華南永昌-竹北,2024-11-13,9339
2641,正德,11,5,6,華南永昌-竹北,2024-11-13,9339
4142,國光生,6,0,6,華南永昌-竹北,2024-11-13,9339
4569,六方科-KY,8,2,6,華南永昌-竹北,2024-11-13,9339
5438,東友,8,2,6,華南永昌-竹北,2024-11-13,9339
00713,元大台灣高息低波,6,0,6,華南永昌-竹北,2024-11-13,9339
5880,合庫金,5,0,5,華南永昌-竹北,2024-11-13,9339
00905,FT臺灣Smart,5,0,5,華南永昌-竹北,2024-11-13,9339
0055,元大MSCI金融,5,0,5,華南永昌-竹北,2024-11-13,9339
00932,兆豐永續高息等權,5,0,5,華南永昌-竹北,2024-11-13,9339
3149,正達,5,0,5,華南永昌-竹北,2024-11-13,9339
3289,宜特,5,0,5,華南永昌-竹北,2024-11-13,9339
00937B,群益ESG投等債20,938,500,438,華南永昌-竹北,2024-11-14,9339
00878,國泰永續高股息,199,12,187,華南永昌-竹北,2024-11-14,9339
1312,國喬,100,0,100,華南永昌-竹北,2024-11-14,9339
2609,陽明,166,68,98,華南永昌-竹北,2024-11-14,9339
00679B,元大美債20年,97,0,97,華南永昌-竹北,2024-11-14,9339
4958,臻鼎-KY,109,14,95,華南永昌-竹北,2024-11-14,9339
2388,威盛,84,1,83,華南永昌-竹北,2024-11-14,9339
4968,立積,71,9,62,華南永昌-竹北,2024-11-14,9339
0056,元大高股息,63,3,60,華南永昌-竹北,2024-11-14,9339
00687B,國泰20年美債,56,0,56,華南永昌-竹北,2024-11-14,9339
00688L,國泰20年美債正2,55,0,55,華南永昌-竹北,2024-11-14,9339
00929,復華台灣科技優息,50,3,47,華南永昌-竹北,2024-11-14,9339
2354,鴻準,163,127,36,華南永昌-竹北,2024-11-14,9339
00795B,中信美國公債20年,35,0,35,華南永昌-竹北,2024-11-14,9339
00951,台新日本半導體,34,0,34,華南永昌-竹北,2024-11-14,9339
3481,群創,32,0,32,華南永昌-竹北,2024-11-14,9339
4526,東台,27,0,27,華南永昌-竹北,2024-11-14,9339
00680L,元大美債20正2,27,1,26,華南永昌-竹北,2024-11-14,9339
2301,光寶科,26,0,26,華南永昌-竹北,2024-11-14,9339
1528,恩德,22,0,22,華南永昌-竹北,2024-11-14,9339
6791,虎門科技,22,0,22,華南永昌-竹北,2024-11-14,9339
6005,群益證,21,0,21,華南永昌-竹北,2024-11-14,9339
6288,聯嘉,27,6,21,華南永昌-竹北,2024-11-14,9339
6120,達運,20,0,20,華南永昌-竹北,2024-11-14,9339
00919,群益台灣精選高息,20,0,20,華南永昌-竹北,2024-11-14,9339
00943,兆豐電子高息等權,18,0,18,華南永昌-竹北,2024-11-14,9339
6261,久元,35,18,17,華南永昌-竹北,2024-11-14,9339
00915,凱基優選高股息30,19,3,16,華南永昌-竹北,2024-11-14,9339
2324,仁寶,35,20,15,華南永昌-竹北,2024-11-14,9339
3594,磐儀,15,0,15,華南永昌-竹北,2024-11-14,9339
6548,長科*,15,0,15,華南永昌-竹北,2024-11-14,9339
2317,鴻海,20,5,15,華南永昌-竹北,2024-11-14,9339
00932,兆豐永續高息等權,14,0,14,華南永昌-竹北,2024-11-14,9339
6271,同欣電,16,2,14,華南永昌-竹北,2024-11-14,9339
2330,台積電,51,39,12,華南永昌-竹北,2024-11-14,9339
2362,藍天,12,0,12,華南永昌-竹北,2024-11-14,9339
1319,東陽,12,1,11,華南永昌-竹北,2024-11-14,9339
1597,直得,10,0,10,華南永昌-竹北,2024-11-14,9339
1611,中電,10,0,10,華南永昌-竹北,2024-11-14,9339
5530,龍巖,12,2,10,華南永昌-竹北,2024-11-14,9339
8463,潤泰材,10,0,10,華南永昌-竹北,2024-11-14,9339
2303,聯電,16,7,9,華南永昌-竹北,2024-11-14,9339
2312,金寶,107,98,9,華南永昌-竹北,2024-11-14,9339
3501,維熹,9,0,9,華南永昌-竹北,2024-11-14,9339
2449,京元電子,35,27,8,華南永昌-竹北,2024-11-14,9339
4763,材料-KY,8,0,8,華南永昌-竹北,2024-11-14,9339
8069,元太,9,1,8,華南永昌-竹北,2024-11-14,9339
6770,力積電,8,0,8,華南永昌-竹北,2024-11-14,9339
8039,台虹,8,0,8,華南永昌-竹北,2024-11-14,9339
9933,中鼎,8,0,8,華南永昌-竹北,2024-11-14,9339
00633L,富邦上証正2,495,190,305,華南永昌-竹北,2024-11-15,9339
00878,國泰永續高股息,204,7,197,華南永昌-竹北,2024-11-15,9339
00637L,元大滬深300正2,235,51,184,華南永昌-竹北,2024-11-15,9339
00887,永豐中國科技50大,110,6,104,華南永昌-竹北,2024-11-15,9339
00679B,元大美債20年,114,13,101,華南永昌-竹北,2024-11-15,9339
2382,廣達,153,82,71,華南永昌-竹北,2024-11-15,9339
2317,鴻海,46,5,41,華南永昌-竹北,2024-11-15,9339
3374,精材,40,0,40,華南永昌-竹北,2024-11-15,9339
8096,擎亞,40,0,40,華南永昌-竹北,2024-11-15,9339
6288,聯嘉,36,2,34,華南永昌-竹北,2024-11-15,9339
6217,中探針,28,1,27,華南永昌-竹北,2024-11-15,9339
4931,新盛力,27,4,23,華南永昌-竹北,2024-11-15,9339
6271,同欣電,22,0,22,華南永昌-竹北,2024-11-15,9339
00646,元大S＆P500,20,0,20,華南永昌-竹北,2024-11-15,9339
4123,晟德,20,0,20,華南永昌-竹北,2024-11-15,9339
8104,錸寶,22,4,18,華南永昌-竹北,2024-11-15,9339
9906,欣巴巴,16,0,16,華南永昌-竹北,2024-11-15,9339
00688L,國泰20年美債正2,30,15,15,華南永昌-竹北,2024-11-15,9339
4968,立積,19,4,15,華南永昌-竹北,2024-11-15,9339
00795B,中信美國公債20年,12,0,12,華南永昌-竹北,2024-11-15,9339
2301,光寶科,12,0,12,華南永昌-竹北,2024-11-15,9339
3583,辛耘,13,2,11,華南永昌-竹北,2024-11-15,9339
2524,京城,15,4,11,華南永昌-竹北,2024-11-15,9339
3081,聯亞,10,0,10,華南永昌-竹北,2024-11-15,9339
6877,鏵友益,10,0,10,華南永昌-竹北,2024-11-15,9339
1536,和大,11,2,9,華南永昌-竹北,2024-11-15,9339
00937B,群益ESG投等債20,8,0,8,華南永昌-竹北,2024-11-15,9339
1909,榮成,8,0,8,華南永昌-竹北,2024-11-15,9339
5309,系統電,48,40,8,華南永昌-竹北,2024-11-15,9339
6791,虎門科技,7,0,7,華南永昌-竹北,2024-11-15,9339
3693,營邦,13,6,7,華南永昌-竹北,2024-11-15,9339
6438,迅得,10,4,6,華南永昌-竹北,2024-11-15,9339
2618,長榮航,14,8,6,華南永昌-竹北,2024-11-15,9339
00894,中信小資高價30,6,0,6,華南永昌-竹北,2024-11-15,9339
2324,仁寶,8,2,6,華南永昌-竹北,2024-11-15,9339
2912,統一超,6,0,6,華南永昌-竹北,2024-11-15,9339
4763,材料-KY,7,1,6,華南永昌-竹北,2024-11-15,9339
2884,玉山金,10,4,6,華南永昌-竹北,2024-11-15,9339
3231,緯創,25,20,5,華南永昌-竹北,2024-11-15,9339
4549,桓達,5,0,5,華南永昌-竹北,2024-11-15,9339
2474,可成,5,0,5,華南永昌-竹北,2024-11-15,9339
6733,博晟生醫,5,0,5,華南永昌-竹北,2024-11-15,9339
0056,元大高股息,8,3,5,華南永昌-竹北,2024-11-15,9339
00713,元大台灣高息低波,4,0,4,華南永昌-竹北,2024-11-15,9339
3324,雙鴻,24,20,4,華南永昌-竹北,2024-11-15,9339
2449,京元電子,12,8,4,華南永昌-竹北,2024-11-15,9339
2353,宏��,4,0,4,華南永昌-竹北,2024-11-15,9339
00960,野村全球航運龍頭,4,0,4,華南永昌-竹北,2024-11-15,9339
1569,濱川,10,6,4,華南永昌-竹北,2024-11-15,9339
5530,龍巖,11,7,4,華南永昌-竹北,2024-11-15,9339
00878,國泰永續高股息,212,3,209,華南永昌-竹北,2024-11-18,9339
00679B,元大美債20年,49,5,44,華南永昌-竹北,2024-11-18,9339
2312,金寶,255,217,38,華南永昌-竹北,2024-11-18,9339
1711,永光,35,1,34,華南永昌-竹北,2024-11-18,9339
00715L,期街口布蘭特正2,32,0,32,華南永昌-竹北,2024-11-18,9339
2891,中信金,33,1,32,華南永昌-竹北,2024-11-18,9339
2204,中華,33,3,30,華南永昌-竹北,2024-11-18,9339
3551,世禾,25,0,25,華南永昌-竹北,2024-11-18,9339
0056,元大高股息,18,1,17,華南永昌-竹北,2024-11-18,9339
2330,台積電,52,35,17,華南永昌-竹北,2024-11-18,9339
2464,盟立,18,2,16,華南永昌-竹北,2024-11-18,9339
00713,元大台灣高息低波,15,0,15,華南永昌-竹北,2024-11-18,9339
00934,中信成長高股息,15,0,15,華南永昌-竹北,2024-11-18,9339
4968,立積,17,3,14,華南永昌-竹北,2024-11-18,9339
5309,系統電,29,15,14,華南永昌-竹北,2024-11-18,9339
00795B,中信美國公債20年,13,0,13,華南永昌-竹北,2024-11-18,9339
1569,濱川,14,1,13,華南永昌-竹北,2024-11-18,9339
3081,聯亞,12,0,12,華南永昌-竹北,2024-11-18,9339
2615,萬海,14,3,11,華南永昌-竹北,2024-11-18,9339
1710,東聯,10,0,10,華南永昌-竹北,2024-11-18,9339
00929,復華台灣科技優息,49,39,10,華南永昌-竹北,2024-11-18,9339
1446,宏和,12,3,9,華南永昌-竹北,2024-11-18,9339
1514,亞力,11,2,9,華南永昌-竹北,2024-11-18,9339
006208,富邦台50,10,1,9,華南永昌-竹北,2024-11-18,9339
4526,東台,7,0,7,華南永昌-竹北,2024-11-18,9339
2317,鴻海,12,6,6,華南永昌-竹北,2024-11-18,9339
8091,翔名,6,0,6,華南永昌-竹北,2024-11-18,9339
00938,凱基優選30,6,0,6,華南永昌-竹北,2024-11-18,9339
1319,東陽,10,4,6,華南永昌-竹北,2024-11-18,9339
1560,中砂,16,10,6,華南永昌-竹北,2024-11-18,9339
3289,宜特,6,0,6,華南永昌-竹北,2024-11-18,9339
5324,士開,6,0,6,華南永昌-竹北,2024-11-18,9339
2349,錸德,82,76,6,華南永昌-竹北,2024-11-18,9339
00891,中信關鍵半導體,5,0,5,華南永昌-竹北,2024-11-18,9339
00943,兆豐電子高息等權,5,0,5,華南永昌-竹北,2024-11-18,9339
1609,大亞,5,0,5,華南永昌-竹北,2024-11-18,9339
2405,輔信,5,0,5,華南永昌-竹北,2024-11-18,9339
4562,穎漢,5,0,5,華南永昌-竹北,2024-11-18,9339
4772,台特化,5,0,5,華南永昌-竹北,2024-11-18,9339
4919,新唐,14,9,5,華南永昌-竹北,2024-11-18,9339
6791,虎門科技,5,0,5,華南永昌-竹北,2024-11-18,9339
8463,潤泰材,5,0,5,華南永昌-竹北,2024-11-18,9339
6770,力積電,5,0,5,華南永昌-竹北,2024-11-18,9339
00692,富邦公司治理,4,0,4,華南永昌-竹北,2024-11-18,9339
3037,欣興,14,10,4,華南永昌-竹北,2024-11-18,9339
2603,長榮,4,0,4,華南永昌-竹北,2024-11-18,9339
1795,美時,4,0,4,華南永昌-竹北,2024-11-18,9339
2344,華邦電,10,6,4,華南永昌-竹北,2024-11-18,9339
2362,藍天,4,0,4,華南永昌-竹北,2024-11-18,9339
2540,愛山林,4,0,4,華南永昌-竹北,2024-11-18,9339
00637L,元大滬深300正2,255,53,202,華南永昌-竹北,2024-11-19,9339
00938,凱基優選30,60,0,60,華南永昌-竹北,2024-11-19,9339
9105,泰金寶-DR,43,0,43,華南永昌-竹北,2024-11-19,9339
8111,立��,49,14,35,華南永昌-竹北,2024-11-19,9339
8261,富鼎,32,4,28,華南永昌-竹北,2024-11-19,9339
2354,鴻準,156,133,23,華南永昌-竹北,2024-11-19,9339
00926,凱基全球菁英55,20,0,20,華南永昌-竹北,2024-11-19,9339
4968,立積,21,3,18,華南永昌-竹北,2024-11-19,9339
00878,國泰永續高股息,37,21,16,華南永昌-竹北,2024-11-19,9339
00633L,富邦上証正2,296,280,16,華南永昌-竹北,2024-11-19,9339
2409,友達,20,7,13,華南永昌-竹北,2024-11-19,9339
8463,潤泰材,13,0,13,華南永昌-竹北,2024-11-19,9339
00679B,元大美債20年,11,0,11,華南永昌-竹北,2024-11-19,9339
00646,元大S＆P500,11,0,11,華南永昌-竹北,2024-11-19,9339
2317,鴻海,11,1,10,華南永昌-竹北,2024-11-19,9339
00635U,期元大S＆P黃金,10,0,10,華南永昌-竹北,2024-11-19,9339
00963,中信全球高股息,10,0,10,華南永昌-竹北,2024-11-19,9339
2349,錸德,107,97,10,華南永昌-竹北,2024-11-19,9339
3625,西勝,10,0,10,華南永昌-竹北,2024-11-19,9339
2382,廣達,23,13,10,華南永昌-竹北,2024-11-19,9339
00713,元大台灣高息低波,9,0,9,華南永昌-竹北,2024-11-19,9339
1815,富喬,10,2,8,華南永昌-竹北,2024-11-19,9339
3209,全科,8,0,8,華南永昌-竹北,2024-11-19,9339
3701,大眾控,8,0,8,華南永昌-竹北,2024-11-19,9339
00795B,中信美國公債20年,7,0,7,華南永昌-竹北,2024-11-19,9339
0056,元大高股息,11,4,7,華南永昌-竹北,2024-11-19,9339
6223,旺矽,12,6,6,華南永昌-竹北,2024-11-19,9339
00665L,富邦�琤肭磪囓�2,20,14,6,華南永昌-竹北,2024-11-19,9339
00631L,元大台灣50正2,5,0,5,華南永昌-竹北,2024-11-19,9339
00891,中信關鍵半導體,5,0,5,華南永昌-竹北,2024-11-19,9339
00670L,富邦NASDAQ正2,10,5,5,華南永昌-竹北,2024-11-19,9339
00662,富邦NASDAQ,5,0,5,華南永昌-竹北,2024-11-19,9339
2457,飛宏,5,0,5,華南永昌-竹北,2024-11-19,9339
2496,卓越,5,0,5,華南永昌-竹北,2024-11-19,9339
3576,聯合再生,5,0,5,華南永昌-竹北,2024-11-19,9339
4772,台特化,5,0,5,華南永昌-竹北,2024-11-19,9339
5426,振發,18,13,5,華南永昌-竹北,2024-11-19,9339
6125,廣運,5,0,5,華南永昌-竹北,2024-11-19,9339
6151,晉倫,5,0,5,華南永昌-竹北,2024-11-19,9339
2303,聯電,6,1,5,華南永昌-竹北,2024-11-19,9339
2439,美律,17,13,4,華南永昌-竹北,2024-11-19,9339
2399,映泰,29,25,4,華南永昌-竹北,2024-11-19,9339
2511,太子,4,0,4,華南永昌-竹北,2024-11-19,9339
3073,天方能源,4,0,4,華南永昌-竹北,2024-11-19,9339
5465,富驊,11,7,4,華南永昌-竹北,2024-11-19,9339
6261,久元,4,0,4,華南永昌-竹北,2024-11-19,9339
6596,寬宏藝術,4,0,4,華南永昌-竹北,2024-11-19,9339
9933,中鼎,4,0,4,華南永昌-竹北,2024-11-19,9339
0050,元大台灣50,3,0,3,華南永昌-竹北,2024-11-19,9339
00936,台新永續高息中小,3,0,3,華南永昌-竹北,2024-11-19,9339
2317,鴻海,105,1,104,華南永昌-竹北,2024-11-20,9339
2356,英業達,133,32,101,華南永昌-竹北,2024-11-20,9339
00929,復華台灣科技優息,88,4,84,華南永昌-竹北,2024-11-20,9339
00679B,元大美債20年,68,0,68,華南永昌-竹北,2024-11-20,9339
00633L,富邦上証正2,315,250,65,華南永昌-竹北,2024-11-20,9339
00687B,國泰20年美債,57,0,57,華南永昌-竹北,2024-11-20,9339
2801,彰銀,57,0,57,華南永昌-竹北,2024-11-20,9339
6282,康舒,52,3,49,華南永昌-竹北,2024-11-20,9339
3324,雙鴻,55,10,45,華南永昌-竹北,2024-11-20,9339
8429,金麗-KY,40,0,40,華南永昌-竹北,2024-11-20,9339
4956,光鋐,42,3,39,華南永昌-竹北,2024-11-20,9339
3234,光環,30,0,30,華南永昌-竹北,2024-11-20,9339
00753L,中信中國50正2,30,0,30,華南永昌-竹北,2024-11-20,9339
2409,友達,26,0,26,華南永昌-竹北,2024-11-20,9339
1734,杏輝,25,0,25,華南永昌-竹北,2024-11-20,9339
00878,國泰永續高股息,29,7,22,華南永昌-竹北,2024-11-20,9339
2392,正崴,51,34,17,華南永昌-竹北,2024-11-20,9339
2312,金寶,76,59,17,華南永昌-竹北,2024-11-20,9339
2812,台中銀,16,0,16,華南永昌-竹北,2024-11-20,9339
00795B,中信美國公債20年,16,0,16,華南永昌-竹北,2024-11-20,9339
1449,佳和,22,7,15,華南永昌-竹北,2024-11-20,9339
3625,西勝,15,0,15,華南永昌-竹北,2024-11-20,9339
1569,濱川,34,21,13,華南永昌-竹北,2024-11-20,9339
2330,台積電,32,20,12,華南永昌-竹北,2024-11-20,9339
006208,富邦台50,12,0,12,華南永昌-竹北,2024-11-20,9339
00715L,期街口布蘭特正2,12,0,12,華南永昌-竹北,2024-11-20,9339
3447,展達,28,17,11,華南永昌-竹北,2024-11-20,9339
6753,龍德造船,11,0,11,華南永昌-竹北,2024-11-20,9339
00631L,元大台灣50正2,10,0,10,華南永昌-竹北,2024-11-20,9339
1514,亞力,10,0,10,華南永昌-竹北,2024-11-20,9339
00888,永豐台灣ESG,10,0,10,華南永昌-竹北,2024-11-20,9339
00924,復華S＆P500成長,10,0,10,華南永昌-竹北,2024-11-20,9339
00930,永豐ESG低碳高息,10,0,10,華南永昌-竹北,2024-11-20,9339
2349,錸德,55,45,10,華南永昌-竹北,2024-11-20,9339
3596,智易,10,0,10,華南永昌-竹北,2024-11-20,9339
6733,博晟生醫,10,0,10,華南永昌-竹北,2024-11-20,9339
00662,富邦NASDAQ,9,0,9,華南永昌-竹北,2024-11-20,9339
2888,新光金,8,0,8,華南永昌-竹北,2024-11-20,9339
3323,加百裕,16,8,8,華南永昌-竹北,2024-11-20,9339
00646,元大S＆P500,7,0,7,華南永昌-竹北,2024-11-20,9339
00670L,富邦NASDAQ正2,7,0,7,華南永昌-竹北,2024-11-20,9339
3167,大量,13,6,7,華南永昌-竹北,2024-11-20,9339
3209,全科,7,0,7,華南永昌-竹北,2024-11-20,9339
3715,定穎投控,7,0,7,華南永昌-竹北,2024-11-20,9339
0056,元大高股息,9,2,7,華南永昌-竹北,2024-11-20,9339
6763,綠界科技*,9,3,6,華南永昌-竹北,2024-11-20,9339
3712,永崴投控,6,0,6,華南永昌-竹北,2024-11-20,9339
6278,台表科,6,0,6,華南永昌-竹北,2024-11-20,9339
6869,雲豹能源,6,0,6,華南永昌-竹北,2024-11-20,9339
3005,神基,5,0,5,華南永昌-竹北,2024-11-20,9339
00632R,元大台灣50反1,2000,0,2000,華南永昌-竹北,2024-11-21,9339
00633L,富邦上証正2,276,50,226,華南永昌-竹北,2024-11-21,9339
2354,鴻準,245,120,125,華南永昌-竹北,2024-11-21,9339
2609,陽明,267,154,113,華南永昌-竹北,2024-11-21,9339
00715L,期街口布蘭特正2,139,50,89,華南永昌-竹北,2024-11-21,9339
2615,萬海,116,52,64,華南永昌-竹北,2024-11-21,9339
00950B,凱基A級公司債,60,0,60,華南永昌-竹北,2024-11-21,9339
00878,國泰永續高股息,57,0,57,華南永昌-竹北,2024-11-21,9339
00665L,富邦�琤肭磪囓�2,84,34,50,華南永昌-竹北,2024-11-21,9339
6223,旺矽,60,10,50,華南永昌-竹北,2024-11-21,9339
3324,雙鴻,60,15,45,華南永昌-竹北,2024-11-21,9339
5452,佶優,50,6,44,華南永昌-竹北,2024-11-21,9339
3211,順達,32,0,32,華南永昌-竹北,2024-11-21,9339
00948B,中信優息投資級債,31,0,31,華南永昌-竹北,2024-11-21,9339
2444,兆勁,28,0,28,華南永昌-竹北,2024-11-21,9339
6438,迅得,28,3,25,華南永昌-竹北,2024-11-21,9339
00922,國泰台灣領袖50,22,2,20,華南永昌-竹北,2024-11-21,9339
2457,飛宏,16,1,15,華南永昌-竹北,2024-11-21,9339
2409,友達,16,2,14,華南永昌-竹北,2024-11-21,9339
2317,鴻海,16,4,12,華南永昌-竹北,2024-11-21,9339
2330,台積電,72,61,11,華南永昌-竹北,2024-11-21,9339
00915,凱基優選高股息30,11,0,11,華南永昌-竹北,2024-11-21,9339
2303,聯電,11,1,10,華南永昌-竹北,2024-11-21,9339
00637L,元大滬深300正2,10,0,10,華南永昌-竹北,2024-11-21,9339
3450,聯鈞,36,26,10,華南永昌-竹北,2024-11-21,9339
5876,上海商銀,10,0,10,華南永昌-竹北,2024-11-21,9339
6126,信音,10,0,10,華南永昌-竹北,2024-11-21,9339
8011,台通,10,0,10,華南永昌-竹北,2024-11-21,9339
9105,泰金寶-DR,401,392,9,華南永昌-竹北,2024-11-21,9339
6274,台燿,13,4,9,華南永昌-竹北,2024-11-21,9339
2474,可成,13,5,8,華南永昌-竹北,2024-11-21,9339
8032,光菱,15,7,8,華南永昌-竹北,2024-11-21,9339
2613,中櫃,7,0,7,華南永昌-竹北,2024-11-21,9339
00713,元大台灣高息低波,7,0,7,華南永昌-竹北,2024-11-21,9339
006208,富邦台50,7,0,7,華南永昌-竹北,2024-11-21,9339
00919,群益台灣精選高息,6,0,6,華南永昌-竹北,2024-11-21,9339
6596,寬宏藝術,6,0,6,華南永昌-竹北,2024-11-21,9339
00679B,元大美債20年,5,0,5,華南永昌-竹北,2024-11-21,9339
1326,台化,7,2,5,華南永昌-竹北,2024-11-21,9339
3447,展達,7,2,5,華南永昌-竹北,2024-11-21,9339
1446,宏和,10,6,4,華南永昌-竹北,2024-11-21,9339
2002,中鋼,4,0,4,華南永昌-竹北,2024-11-21,9339
2347,聯強,4,0,4,華南永昌-竹北,2024-11-21,9339
2376,技嘉,6,2,4,華南永昌-竹北,2024-11-21,9339
2890,永豐金,4,0,4,華南永昌-竹北,2024-11-21,9339
2884,玉山金,4,0,4,華南永昌-竹北,2024-11-21,9339
0050,元大台灣50,3,0,3,華南永昌-竹北,2024-11-21,9339
5530,龍巖,3,0,3,華南永昌-竹北,2024-11-21,9339
6770,力積電,3,0,3,華南永昌-竹北,2024-11-21,9339
3017,奇鋐,5,2,3,華南永昌-竹北,2024-11-21,9339
00633L,富邦上証正2,670,50,620,華南永昌-竹北,2024-11-22,9339
2356,英業達,398,53,345,華南永昌-竹北,2024-11-22,9339
00637L,元大滬深300正2,140,10,130,華南永昌-竹北,2024-11-22,9339
3594,磐儀,135,17,118,華南永昌-竹北,2024-11-22,9339
00665L,富邦�琤肭磪囓�2,132,26,106,華南永昌-竹北,2024-11-22,9339
1815,富喬,80,45,35,華南永昌-竹北,2024-11-22,9339
2392,正崴,50,16,34,華南永昌-竹北,2024-11-22,9339
2615,萬海,69,38,31,華南永昌-竹北,2024-11-22,9339
3050,鈺德,26,0,26,華南永昌-竹北,2024-11-22,9339
3211,順達,29,4,25,華南永昌-竹北,2024-11-22,9339
2457,飛宏,30,5,25,華南永昌-竹北,2024-11-22,9339
00642U,期元大S＆P石油,22,0,22,華南永昌-竹北,2024-11-22,9339
00940,元大台灣價值高息,21,0,21,華南永昌-竹北,2024-11-22,9339
2371,大同,30,9,21,華南永昌-竹北,2024-11-22,9339
6197,佳必琪,19,0,19,華南永昌-竹北,2024-11-22,9339
3706,神達,563,545,18,華南永昌-竹北,2024-11-22,9339
00795B,中信美國公債20年,17,0,17,華南永昌-竹北,2024-11-22,9339
6217,中探針,14,0,14,華南永昌-竹北,2024-11-22,9339
2331,精英,14,0,14,華南永昌-竹北,2024-11-22,9339
2383,台光電,29,15,14,華南永昌-竹北,2024-11-22,9339
4956,光鋐,33,19,14,華南永昌-竹北,2024-11-22,9339
6223,旺矽,13,1,12,華南永昌-竹北,2024-11-22,9339
00882,中信中國高股息,11,0,11,華南永昌-竹北,2024-11-22,9339
00686R,群益臺灣加權反1,11,0,11,華南永昌-竹北,2024-11-22,9339
00950B,凱基A級公司債,11,0,11,華南永昌-竹北,2024-11-22,9339
2303,聯電,11,0,11,華南永昌-竹北,2024-11-22,9339
4729,熒茂,18,8,10,華南永昌-竹北,2024-11-22,9339
6143,振曜,10,0,10,華南永昌-竹北,2024-11-22,9339
3545,敦泰,10,0,10,華南永昌-竹北,2024-11-22,9339
2834,臺企銀,10,0,10,華南永昌-竹北,2024-11-22,9339
1611,中電,9,0,9,華南永昌-竹北,2024-11-22,9339
3032,偉訓,16,7,9,華南永昌-竹北,2024-11-22,9339
00752,中信中國50,8,0,8,華南永昌-竹北,2024-11-22,9339
2888,新光金,8,0,8,華南永昌-竹北,2024-11-22,9339
4526,東台,8,0,8,華南永昌-竹北,2024-11-22,9339
8210,勤誠,6,0,6,華南永昌-竹北,2024-11-22,9339
00909,國泰數位支付服務,24,19,5,華南永昌-竹北,2024-11-22,9339
00963,中信全球高股息,5,0,5,華南永昌-竹北,2024-11-22,9339
2233,宇隆,8,3,5,華南永昌-竹北,2024-11-22,9339
5876,上海商銀,5,0,5,華南永昌-竹北,2024-11-22,9339
8033,雷虎,5,0,5,華南永昌-竹北,2024-11-22,9339
8104,錸寶,8,3,5,華南永昌-竹北,2024-11-22,9339
2609,陽明,65,60,5,華南永昌-竹北,2024-11-22,9339
00687B,國泰20年美債,5,1,4,華南永昌-竹北,2024-11-22,9339
00919,群益台灣精選高息,5,1,4,華南永昌-竹北,2024-11-22,9339
1587,吉茂,4,0,4,華南永昌-竹北,2024-11-22,9339
2332,友訊,4,0,4,華南永昌-竹北,2024-11-22,9339
2477,美隆電,4,0,4,華南永昌-竹北,2024-11-22,9339
2511,太子,4,0,4,華南永昌-竹北,2024-11-22,9339
00915,凱基優選高股息30,3,0,3,華南永昌-竹北,2024-11-22,9339
2344,華邦電,101,1,100,華南永昌-竹北,2024-11-25,9339
4123,晟德,100,0,100,華南永昌-竹北,2024-11-25,9339
00887,永豐中國科技50大,100,10,90,華南永昌-竹北,2024-11-25,9339
3037,欣興,81,0,81,華南永昌-竹北,2024-11-25,9339
2356,英業達,109,38,71,華南永昌-竹北,2024-11-25,9339
00665L,富邦�琤肭磪囓�2,67,9,58,華南永昌-竹北,2024-11-25,9339
1524,耿鼎,53,6,47,華南永昌-竹北,2024-11-25,9339
00633L,富邦上証正2,45,0,45,華南永昌-竹北,2024-11-25,9339
3594,磐儀,42,0,42,華南永昌-竹北,2024-11-25,9339
3548,兆利,39,8,31,華南永昌-竹北,2024-11-25,9339
5876,上海商銀,31,1,30,華南永昌-竹北,2024-11-25,9339
00935,野村臺灣新科技50,30,0,30,華南永昌-竹北,2024-11-25,9339
00948B,中信優息投資級債,30,0,30,華南永昌-竹北,2024-11-25,9339
1540,喬福,30,0,30,華南永昌-竹北,2024-11-25,9339
9105,泰金寶-DR,157,130,27,華南永昌-竹北,2024-11-25,9339
2324,仁寶,100,73,27,華南永昌-竹北,2024-11-25,9339
2609,陽明,106,82,24,華南永昌-竹北,2024-11-25,9339
00637L,元大滬深300正2,88,71,17,華南永昌-竹北,2024-11-25,9339
2014,中鴻,17,1,16,華南永昌-竹北,2024-11-25,9339
2312,金寶,207,195,12,華南永昌-竹北,2024-11-25,9339
4968,立積,13,1,12,華南永昌-竹北,2024-11-25,9339
2383,台光電,21,10,11,華南永昌-竹北,2024-11-25,9339
6213,聯茂,157,147,10,華南永昌-竹北,2024-11-25,9339
2867,三商壽,10,0,10,華南永昌-竹北,2024-11-25,9339
5353,台林,12,2,10,華南永昌-竹北,2024-11-25,9339
6532,瑞耘,10,0,10,華南永昌-竹北,2024-11-25,9339
8070,長華*,11,2,9,華南永昌-竹北,2024-11-25,9339
00940,元大台灣價值高息,12,3,9,華南永昌-竹北,2024-11-25,9339
6651,全宇昕,8,0,8,華南永昌-竹北,2024-11-25,9339
00919,群益台灣精選高息,12,4,8,華南永昌-竹北,2024-11-25,9339
4956,光鋐,9,1,8,華南永昌-竹北,2024-11-25,9339
00687B,國泰20年美債,7,0,7,華南永昌-竹北,2024-11-25,9339
6173,信昌電,7,0,7,華南永昌-竹北,2024-11-25,9339
6548,長科*,6,0,6,華南永昌-竹北,2024-11-25,9339
2834,臺企銀,6,0,6,華南永昌-竹北,2024-11-25,9339
2449,京元電子,24,19,5,華南永昌-竹北,2024-11-25,9339
3374,精材,10,5,5,華南永昌-竹北,2024-11-25,9339
00901,永豐智能車供應鏈,5,0,5,華南永昌-竹北,2024-11-25,9339
3577,泓格,5,0,5,華南永昌-竹北,2024-11-25,9339
4906,正文,5,0,5,華南永昌-竹北,2024-11-25,9339
4909,新復興,5,0,5,華南永昌-竹北,2024-11-25,9339
3227,原相,6,1,5,華南永昌-竹北,2024-11-25,9339
1717,長興,4,0,4,華南永昌-竹北,2024-11-25,9339
1808,潤隆,4,0,4,華南永昌-竹北,2024-11-25,9339
6546,正基,8,4,4,華南永昌-竹北,2024-11-25,9339
8101,華冠,4,0,4,華南永昌-竹北,2024-11-25,9339
2511,太子,3,0,3,華南永昌-竹北,2024-11-25,9339
00652,富邦印度,3,0,3,華南永昌-竹北,2024-11-25,9339
00646,元大S＆P500,3,0,3,華南永昌-竹北,2024-11-25,9339
2367,燿華,4,1,3,華南永昌-竹北,2024-11-25,9339
5452,佶優,152,6,146,華南永昌-竹北,2024-11-26,9339
00715L,期街口布蘭特正2,93,0,93,華南永昌-竹北,2024-11-26,9339
4123,晟德,50,0,50,華南永昌-竹北,2024-11-26,9339
2801,彰銀,50,0,50,華南永昌-竹北,2024-11-26,9339
2317,鴻海,44,0,44,華南永昌-竹北,2024-11-26,9339
5471,松翰,40,0,40,華南永昌-竹北,2024-11-26,9339
2312,金寶,142,107,35,華南永昌-竹北,2024-11-26,9339
1528,恩德,31,0,31,華南永昌-竹北,2024-11-26,9339
00878,國泰永續高股息,43,15,28,華南永昌-竹北,2024-11-26,9339
00951,台新日本半導體,27,0,27,華南永昌-竹北,2024-11-26,9339
2330,台積電,26,0,26,華南永昌-竹北,2024-11-26,9339
2615,萬海,39,13,26,華南永昌-竹北,2024-11-26,9339
6548,長科*,23,0,23,華南永昌-竹北,2024-11-26,9339
00646,元大S＆P500,20,0,20,華南永昌-竹北,2024-11-26,9339
6706,惠特,22,2,20,華南永昌-竹北,2024-11-26,9339
00948B,中信優息投資級債,25,7,18,華南永昌-竹北,2024-11-26,9339
5309,系統電,91,76,15,華南永昌-竹北,2024-11-26,9339
4908,前鼎,22,9,13,華南永昌-竹北,2024-11-26,9339
3231,緯創,43,31,12,華南永昌-竹北,2024-11-26,9339
1524,耿鼎,24,12,12,華南永昌-竹北,2024-11-26,9339
6951,青新-創,11,0,11,華南永昌-竹北,2024-11-26,9339
2349,錸德,52,41,11,華南永昌-竹北,2024-11-26,9339
6271,同欣電,13,2,11,華南永昌-竹北,2024-11-26,9339
6962,ITH-KY,12,1,11,華南永昌-竹北,2024-11-26,9339
00915,凱基優選高股息30,10,0,10,華南永昌-竹北,2024-11-26,9339
3024,憶聲,10,0,10,華南永昌-竹北,2024-11-26,9339
3323,加百裕,100,90,10,華南永昌-竹北,2024-11-26,9339
5474,聰泰,10,0,10,華南永昌-竹北,2024-11-26,9339
1815,富喬,66,56,10,華南永昌-竹北,2024-11-26,9339
2417,圓剛,19,11,8,華南永昌-竹北,2024-11-26,9339
006208,富邦台50,7,0,7,華南永昌-竹北,2024-11-26,9339
2344,華邦電,8,1,7,華南永昌-竹北,2024-11-26,9339
4968,立積,8,1,7,華南永昌-竹北,2024-11-26,9339
2609,陽明,56,49,7,華南永昌-竹北,2024-11-26,9339
3209,全科,8,2,6,華南永昌-竹北,2024-11-26,9339
00885,富邦越南,10,4,6,華南永昌-竹北,2024-11-26,9339
00909,國泰數位支付服務,6,0,6,華南永昌-竹北,2024-11-26,9339
3005,神基,5,0,5,華南永昌-竹北,2024-11-26,9339
0056,元大高股息,10,4,6,華南永昌-竹北,2024-11-26,9339
2449,京元電子,20,15,5,華南永昌-竹北,2024-11-26,9339
2383,台光電,13,8,5,華南永昌-竹北,2024-11-26,9339
1336,台翰,5,0,5,華南永昌-竹北,2024-11-26,9339
4541,晟田,5,0,5,華南永昌-竹北,2024-11-26,9339
6558,興能高,38,33,5,華南永昌-竹北,2024-11-26,9339
7705,三商餐飲,5,0,5,華南永昌-竹北,2024-11-26,9339
2367,燿華,4,0,4,華南永昌-竹北,2024-11-26,9339
4532,瑞智,4,0,4,華南永昌-竹北,2024-11-26,9339
6175,立敦,5,1,4,華南永昌-竹北,2024-11-26,9339
6412,群電,4,0,4,華南永昌-竹北,2024-11-26,9339
00751B,元大AAA至A公司債,3,0,3,華南永昌-竹北,2024-11-26,9339
00632R,元大台灣50反1,1000,0,1000,華南永昌-竹北,2024-11-27,9339
3706,神達,435,309,126,華南永昌-竹北,2024-11-27,9339
00878,國泰永續高股息,115,0,115,華南永昌-竹北,2024-11-27,9339
00919,群益台灣精選高息,75,2,73,華南永昌-竹北,2024-11-27,9339
3494,誠研,71,0,71,華南永昌-竹北,2024-11-27,9339
3231,緯創,79,31,48,華南永昌-竹北,2024-11-27,9339
4991,環宇-KY,55,8,47,華南永昌-竹北,2024-11-27,9339
4968,立積,50,9,41,華南永昌-竹北,2024-11-27,9339
2332,友訊,46,7,39,華南永昌-竹北,2024-11-27,9339
0056,元大高股息,39,0,39,華南永昌-竹北,2024-11-27,9339
2388,威盛,38,2,36,華南永昌-竹北,2024-11-27,9339
2382,廣達,56,20,36,華南永昌-竹北,2024-11-27,9339
3032,偉訓,32,2,30,華南永昌-竹北,2024-11-27,9339
2330,台積電,67,41,26,華南永昌-竹北,2024-11-27,9339
2317,鴻海,32,7,25,華南永昌-竹北,2024-11-27,9339
2356,英業達,42,21,21,華南永昌-竹北,2024-11-27,9339
00948B,中信優息投資級債,22,2,20,華南永昌-竹北,2024-11-27,9339
4123,晟德,20,0,20,華南永昌-竹北,2024-11-27,9339
00940,元大台灣價值高息,32,12,20,華南永昌-竹北,2024-11-27,9339
00929,復華台灣科技優息,34,15,19,華南永昌-竹北,2024-11-27,9339
2344,華邦電,17,0,17,華南永昌-竹北,2024-11-27,9339
3416,融程電,16,0,16,華南永昌-竹北,2024-11-27,9339
2801,彰銀,65,50,15,華南永昌-竹北,2024-11-27,9339
6770,力積電,15,0,15,華南永昌-竹北,2024-11-27,9339
2609,陽明,42,27,15,華南永昌-竹北,2024-11-27,9339
6288,聯嘉,15,0,15,華南永昌-竹北,2024-11-27,9339
6548,長科*,20,5,15,華南永昌-竹北,2024-11-27,9339
1536,和大,42,28,14,華南永昌-竹北,2024-11-27,9339
00757,統一FANG+,13,0,13,華南永昌-竹北,2024-11-27,9339
00951,台新日本半導體,13,0,13,華南永昌-竹北,2024-11-27,9339
8038,長園科,13,0,13,華南永昌-竹北,2024-11-27,9339
3545,敦泰,12,0,12,華南永昌-竹北,2024-11-27,9339
00918,大華優利高填息30,11,0,11,華南永昌-竹北,2024-11-27,9339
6191,精成科,11,0,11,華南永昌-竹北,2024-11-27,9339
6217,中探針,11,0,11,華南永昌-竹北,2024-11-27,9339
00891,中信關鍵半導體,10,0,10,華南永昌-竹北,2024-11-27,9339
3374,精材,10,0,10,華南永昌-竹北,2024-11-27,9339
00753L,中信中國50正2,10,0,10,華南永昌-竹北,2024-11-27,9339
00646,元大S＆P500,10,0,10,華南永昌-竹北,2024-11-27,9339
00950B,凱基A級公司債,10,0,10,華南永昌-竹北,2024-11-27,9339
2605,新興,10,0,10,華南永昌-竹北,2024-11-27,9339
3593,力銘,10,0,10,華南永昌-竹北,2024-11-27,9339
4549,桓達,10,0,10,華南永昌-竹北,2024-11-27,9339
4956,光鋐,16,6,10,華南永昌-竹北,2024-11-27,9339
3447,展達,14,4,10,華南永昌-竹北,2024-11-27,9339
2603,長榮,20,11,9,華南永昌-竹北,2024-11-27,9339
3481,群創,9,1,8,華南永昌-竹北,2024-11-27,9339
006208,富邦台50,9,1,8,華南永昌-竹北,2024-11-27,9339
00715L,期街口布蘭特正2,8,0,8,華南永昌-竹北,2024-11-27,9339
8163,達方,13,5,8,華南永昌-竹北,2024-11-27,9339
00632R,元大台灣50反1,161,0,161,華南永昌-竹北,2024-11-28,9339
00715L,期街口布蘭特正2,150,0,150,華南永昌-竹北,2024-11-28,9339
00633L,富邦上証正2,200,92,108,華南永昌-竹北,2024-11-28,9339
00878,國泰永續高股息,110,2,108,華南永昌-竹北,2024-11-28,9339
00857B,永豐20年美公債,100,0,100,華南永昌-竹北,2024-11-28,9339
2312,金寶,117,21,96,華南永昌-竹北,2024-11-28,9339
00919,群益台灣精選高息,74,7,67,華南永昌-竹北,2024-11-28,9339
5608,四維航,60,0,60,華南永昌-竹北,2024-11-28,9339
00929,復華台灣科技優息,58,18,40,華南永昌-竹北,2024-11-28,9339
0056,元大高股息,41,2,39,華南永昌-竹北,2024-11-28,9339
00922,國泰台灣領袖50,36,1,35,華南永昌-竹北,2024-11-28,9339
4991,環宇-KY,55,22,33,華南永昌-竹北,2024-11-28,9339
4123,晟德,32,0,32,華南永昌-竹北,2024-11-28,9339
1815,富喬,164,140,24,華南永昌-竹北,2024-11-28,9339
3481,群創,22,1,21,華南永昌-竹北,2024-11-28,9339
6223,旺矽,23,4,19,華南永昌-竹北,2024-11-28,9339
00946,群益科技高息成長,18,0,18,華南永昌-竹北,2024-11-28,9339
2062,橋椿,16,0,16,華南永昌-竹北,2024-11-28,9339
00909,國泰數位支付服務,16,1,15,華南永昌-竹北,2024-11-28,9339
2383,台光電,15,1,14,華南永昌-竹北,2024-11-28,9339
1711,永光,14,0,14,華南永昌-竹北,2024-11-28,9339
6217,中探針,14,0,14,華南永昌-竹北,2024-11-28,9339
3494,誠研,13,0,13,華南永昌-竹北,2024-11-28,9339
2204,中華,19,7,12,華南永昌-竹北,2024-11-28,9339
00679B,元大美債20年,12,0,12,華南永昌-竹北,2024-11-28,9339
1524,耿鼎,11,0,11,華南永昌-竹北,2024-11-28,9339
2388,威盛,60,50,10,華南永昌-竹北,2024-11-28,9339
00887,永豐中國科技50大,10,0,10,華南永昌-竹北,2024-11-28,9339
1304,台聚,10,0,10,華南永昌-竹北,2024-11-28,9339
3593,力銘,10,0,10,華南永昌-竹北,2024-11-28,9339
6733,博晟生醫,10,0,10,華南永昌-竹北,2024-11-28,9339
2405,輔信,9,0,9,華南永昌-竹北,2024-11-28,9339
2409,友達,9,0,9,華南永昌-竹北,2024-11-28,9339
4102,永日,8,0,8,華南永昌-竹北,2024-11-28,9339
2344,華邦電,35,27,8,華南永昌-竹北,2024-11-28,9339
00948B,中信優息投資級債,12,5,7,華南永昌-竹北,2024-11-28,9339
8038,長園科,6,0,6,華南永昌-竹北,2024-11-28,9339
4927,泰鼎-KY,6,0,6,華南永昌-竹北,2024-11-28,9339
00918,大華優利高填息30,8,2,6,華南永昌-竹北,2024-11-28,9339
0050,元大台灣50,6,0,6,華南永昌-竹北,2024-11-28,9339
2419,仲琦,6,0,6,華南永昌-竹北,2024-11-28,9339
2426,鼎元,8,2,6,華南永昌-竹北,2024-11-28,9339
6282,康舒,6,0,6,華南永昌-竹北,2024-11-28,9339
8104,錸寶,13,7,6,華南永昌-竹北,2024-11-28,9339
6405,悅城,6,0,6,華南永昌-竹北,2024-11-28,9339
00940,元大台灣價值高息,17,11,6,華南永昌-竹北,2024-11-28,9339
006208,富邦台50,6,0,6,華南永昌-竹北,2024-11-28,9339
1402,遠東新,5,0,5,華南永昌-竹北,2024-11-28,9339
2349,錸德,12,7,5,華南永昌-竹北,2024-11-28,9339
2845,遠東銀,5,0,5,華南永昌-竹北,2024-11-28,9339
3706,神達,1340,1184,156,華南永昌-竹北,2024-11-29,9339
6235,華孚,117,1,116,華南永昌-竹北,2024-11-29,9339
00940,元大台灣價值高息,57,16,41,華南永昌-竹北,2024-11-29,9339
00919,群益台灣精選高息,31,0,31,華南永昌-竹北,2024-11-29,9339
6548,長科*,30,0,30,華南永昌-竹北,2024-11-29,9339
0056,元大高股息,27,0,27,華南永昌-竹北,2024-11-29,9339
2834,臺企銀,25,0,25,華南永昌-竹北,2024-11-29,9339
00878,國泰永續高股息,31,11,20,華南永昌-竹北,2024-11-29,9339
2329,華泰,30,10,20,華南永昌-竹北,2024-11-29,9339
2312,金寶,41,22,19,華南永昌-竹北,2024-11-29,9339
3338,泰碩,19,0,19,華南永昌-竹北,2024-11-29,9339
2002,中鋼,18,0,18,華南永昌-竹北,2024-11-29,9339
8201,無敵,17,0,17,華南永昌-竹北,2024-11-29,9339
2408,南亞科,15,0,15,華南永昌-竹北,2024-11-29,9339
00713,元大台灣高息低波,15,0,15,華南永昌-竹北,2024-11-29,9339
5439,高技,15,0,15,華南永昌-竹北,2024-11-29,9339
2330,台積電,16,1,15,華南永昌-竹北,2024-11-29,9339
1301,台塑,14,0,14,華南永昌-竹北,2024-11-29,9339
00948B,中信優息投資級債,20,6,14,華南永昌-竹北,2024-11-29,9339
00915,凱基優選高股息30,13,0,13,華南永昌-竹北,2024-11-29,9339
2883,凱基金,11,0,11,華南永昌-竹北,2024-11-29,9339
00795B,中信美國公債20年,11,0,11,華南永昌-竹北,2024-11-29,9339
4968,立積,18,7,11,華南永昌-竹北,2024-11-29,9339
6757,台灣虎航,26,16,10,華南永昌-竹北,2024-11-29,9339
3481,群創,10,0,10,華南永昌-竹北,2024-11-29,9339
2062,橋椿,10,0,10,華南永昌-竹北,2024-11-29,9339
8027,鈦昇,10,0,10,華南永昌-竹北,2024-11-29,9339
2303,聯電,8,1,7,華南永昌-竹北,2024-11-29,9339
5880,合庫金,6,0,6,華南永昌-竹北,2024-11-29,9339
2615,萬海,28,22,6,華南永昌-竹北,2024-11-29,9339
4971,IET-KY,98,92,6,華南永昌-竹北,2024-11-29,9339
00905,FT臺灣Smart,6,0,6,華南永昌-竹北,2024-11-29,9339
006208,富邦台50,6,0,6,華南永昌-竹北,2024-11-29,9339
2317,鴻海,7,1,6,華南永昌-竹北,2024-11-29,9339
1216,統一,5,0,5,華南永昌-竹北,2024-11-29,9339
3005,神基,5,0,5,華南永昌-竹北,2024-11-29,9339
3577,泓格,5,0,5,華南永昌-竹北,2024-11-29,9339
6151,晉倫,5,0,5,華南永昌-竹北,2024-11-29,9339
6530,創威,8,3,5,華南永昌-竹北,2024-11-29,9339
6505,台塑化,6,2,4,華南永昌-竹北,2024-11-29,9339
2888,新光金,4,0,4,華南永昌-竹北,2024-11-29,9339
3312,弘憶股,4,0,4,華南永昌-竹北,2024-11-29,9339
6668,中揚光,9,5,4,華南永昌-竹北,2024-11-29,9339
8463,潤泰材,4,0,4,華南永昌-竹北,2024-11-29,9339
6180,橘子,6,2,4,華南永昌-竹北,2024-11-29,9339
2618,長榮航,4,0,4,華南永昌-竹北,2024-11-29,9339
00679B,元大美債20年,14,11,3,華南永昌-竹北,2024-11-29,9339
3230,錦明,4,1,3,華南永昌-竹北,2024-11-29,9339
1218,泰山,3,0,3,華南永昌-竹北,2024-11-29,9339
6274,台燿,3,0,3,華南永昌-竹北,2024-11-29,9339
00637L,元大滬深300正2,270,0,270,華南永昌-竹北,2024-12-02,9339
00715L,期街口布蘭特正2,106,0,106,華南永昌-竹北,2024-12-02,9339
00665L,富邦�琤肭磪囓�2,116,45,71,華南永昌-竹北,2024-12-02,9339
2887,台新金,50,0,50,華南永昌-竹北,2024-12-02,9339
2892,第一金,50,0,50,華南永昌-竹北,2024-12-02,9339
2312,金寶,104,62,42,華南永昌-竹北,2024-12-02,9339
6127,九豪,41,1,40,華南永昌-竹北,2024-12-02,9339
00712,復華富時不動產,60,21,39,華南永昌-竹北,2024-12-02,9339
2388,威盛,37,1,36,華南永昌-竹北,2024-12-02,9339
2426,鼎元,38,6,32,華南永昌-竹北,2024-12-02,9339
00753L,中信中國50正2,120,90,30,華南永昌-竹北,2024-12-02,9339
00959B,大華投等美債15Y+,30,0,30,華南永昌-竹北,2024-12-02,9339
2367,燿華,30,1,29,華南永昌-竹北,2024-12-02,9339
3211,順達,103,79,24,華南永昌-竹北,2024-12-02,9339
8028,昇陽半導體,22,4,18,華南永昌-竹北,2024-12-02,9339
00878,國泰永續高股息,24,7,17,華南永昌-竹北,2024-12-02,9339
3706,神達,120,105,15,華南永昌-竹北,2024-12-02,9339
2317,鴻海,16,4,12,華南永昌-竹北,2024-12-02,9339
2609,陽明,29,17,12,華南永昌-竹北,2024-12-02,9339
00948B,中信優息投資級債,17,5,12,華南永昌-竹北,2024-12-02,9339
2881,富邦金,13,1,12,華南永昌-竹北,2024-12-02,9339
2354,鴻準,42,31,11,華南永昌-竹北,2024-12-02,9339
00918,大華優利高填息30,11,1,10,華南永昌-竹北,2024-12-02,9339
3060,銘異,10,0,10,華南永昌-竹北,2024-12-02,9339
6733,博晟生醫,10,0,10,華南永昌-竹北,2024-12-02,9339
8112,至上,10,0,10,華南永昌-竹北,2024-12-02,9339
2376,技嘉,10,0,10,華南永昌-竹北,2024-12-02,9339
3323,加百裕,34,25,9,華南永昌-竹北,2024-12-02,9339
3227,原相,10,1,9,華南永昌-竹北,2024-12-02,9339
6261,久元,7,0,7,華南永昌-竹北,2024-12-02,9339
6962,ITH-KY,7,0,7,華南永昌-竹北,2024-12-02,9339
3338,泰碩,6,0,6,華南永昌-竹北,2024-12-02,9339
2327,國巨,6,0,6,華南永昌-竹北,2024-12-02,9339
6117,迎廣,6,1,5,華南永昌-竹北,2024-12-02,9339
00895,富邦未來車,7,2,5,華南永昌-竹北,2024-12-02,9339
2365,昆盈,6,1,5,華南永昌-竹北,2024-12-02,9339
2615,萬海,5,0,5,華南永昌-竹北,2024-12-02,9339
2634,漢翔,5,0,5,華南永昌-竹北,2024-12-02,9339
4943,康控-KY,5,0,5,華南永昌-竹北,2024-12-02,9339
8038,長園科,5,0,5,華南永昌-竹北,2024-12-02,9339
4726,永昕,4,0,4,華南永昌-竹北,2024-12-02,9339
00909,國泰數位支付服務,4,0,4,華南永昌-竹北,2024-12-02,9339
1524,耿鼎,6,2,4,華南永昌-竹北,2024-12-02,9339
2511,太子,4,0,4,華南永昌-竹北,2024-12-02,9339
2606,裕民,4,0,4,華南永昌-竹北,2024-12-02,9339
2618,長榮航,10,6,4,華南永昌-竹北,2024-12-02,9339
3003,健和興,4,0,4,華南永昌-竹北,2024-12-02,9339
3551,世禾,4,0,4,華南永昌-竹北,2024-12-02,9339
1595,川寶,3,0,3,華南永昌-竹北,2024-12-02,9339
2014,中鴻,3,0,3,華南永昌-竹北,2024-12-02,9339
5481,新華,81,0,81,華南永昌-竹北,2024-12-03,9339
00918,大華優利高填息30,78,0,78,華南永昌-竹北,2024-12-03,9339
2105,正新,52,0,52,華南永昌-竹北,2024-12-03,9339
00919,群益台灣精選高息,41,0,41,華南永昌-竹北,2024-12-03,9339
1540,喬福,40,0,40,華南永昌-竹北,2024-12-03,9339
00715L,期街口布蘭特正2,36,0,36,華南永昌-竹北,2024-12-03,9339
6530,創威,36,5,31,華南永昌-竹北,2024-12-03,9339
00679B,元大美債20年,50,20,30,華南永昌-竹北,2024-12-03,9339
4931,新盛力,28,1,27,華南永昌-竹北,2024-12-03,9339
4991,環宇-KY,26,2,24,華南永昌-竹北,2024-12-03,9339
2428,興勤,20,0,20,華南永昌-竹北,2024-12-03,9339
3030,德律,20,0,20,華南永昌-竹北,2024-12-03,9339
6535,順藥,20,0,20,華南永昌-竹北,2024-12-03,9339
9802,鈺齊-KY,20,0,20,華南永昌-竹北,2024-12-03,9339
4714,永捷,22,5,17,華南永昌-竹北,2024-12-03,9339
2317,鴻海,17,1,16,華南永昌-竹北,2024-12-03,9339
2385,群光,17,2,15,華南永昌-竹北,2024-12-03,9339
2375,凱美,27,12,15,華南永昌-竹北,2024-12-03,9339
2382,廣達,76,64,12,華南永昌-竹北,2024-12-03,9339
8201,無敵,11,0,11,華南永昌-竹北,2024-12-03,9339
2371,大同,11,1,10,華南永昌-竹北,2024-12-03,9339
6695,芯鼎,11,0,11,華南永昌-竹北,2024-12-03,9339
5324,士開,10,0,10,華南永昌-竹北,2024-12-03,9339
00858,永豐美國500大,10,0,10,華南永昌-竹北,2024-12-03,9339
00757,統一FANG+,10,0,10,華南永昌-竹北,2024-12-03,9339
2301,光寶科,21,11,10,華南永昌-竹北,2024-12-03,9339
2312,金寶,41,31,10,華南永昌-竹北,2024-12-03,9339
3498,陽程,11,1,10,華南永昌-竹北,2024-12-03,9339
8089,康全電訊,10,0,10,華南永昌-竹北,2024-12-03,9339
00878,國泰永續高股息,26,16,10,華南永昌-竹北,2024-12-03,9339
00687B,國泰20年美債,9,0,9,華南永昌-竹北,2024-12-03,9339
00692,富邦公司治理,11,2,9,華南永昌-竹北,2024-12-03,9339
00885,富邦越南,9,0,9,華南永昌-竹北,2024-12-03,9339
4906,正文,10,2,8,華南永昌-竹北,2024-12-03,9339
6924,榮惠-KY創,8,0,8,華南永昌-竹北,2024-12-03,9339
8463,潤泰材,8,0,8,華南永昌-竹北,2024-12-03,9339
00909,國泰數位支付服務,11,4,7,華南永昌-竹北,2024-12-03,9339
00752,中信中國50,7,0,7,華南永昌-竹北,2024-12-03,9339
2897,王道銀行,7,0,7,華南永昌-竹北,2024-12-03,9339
8929,富堡,25,18,7,華南永昌-竹北,2024-12-03,9339
2062,橋椿,6,0,6,華南永昌-竹北,2024-12-03,9339
2392,正崴,20,14,6,華南永昌-竹北,2024-12-03,9339
5309,系統電,7,1,6,華南永昌-竹北,2024-12-03,9339
00943,兆豐電子高息等權,5,0,5,華南永昌-竹北,2024-12-03,9339
2493,揚博,5,0,5,華南永昌-竹北,2024-12-03,9339
3710,連展投控,5,0,5,華南永昌-竹北,2024-12-03,9339
6125,廣運,8,3,5,華南永昌-竹北,2024-12-03,9339
6873,泓德能源,5,0,5,華南永昌-竹北,2024-12-03,9339
4303,信立,32,27,5,華南永昌-竹北,2024-12-03,9339
2236,百達-KY,5,0,5,華南永昌-竹北,2024-12-03,9339
2618,長榮航,281,106,175,華南永昌-竹北,2024-12-04,9339
4934,太極,107,0,107,華南永昌-竹北,2024-12-04,9339
00887,永豐中國科技50大,100,0,100,華南永昌-竹北,2024-12-04,9339
2890,永豐金,52,0,52,華南永昌-竹北,2024-12-04,9339
3003,健和興,50,2,48,華南永昌-竹北,2024-12-04,9339
00679B,元大美債20年,49,2,47,華南永昌-竹北,2024-12-04,9339
00918,大華優利高填息30,45,0,45,華南永昌-竹北,2024-12-04,9339
3030,德律,40,0,40,華南永昌-竹北,2024-12-04,9339
3090,日電貿,40,2,38,華南永昌-竹北,2024-12-04,9339
2444,兆勁,30,0,30,華南永昌-竹北,2024-12-04,9339
8064,東捷,30,0,30,華南永昌-竹北,2024-12-04,9339
2409,友達,20,0,20,華南永昌-竹北,2024-12-04,9339
006208,富邦台50,20,2,18,華南永昌-竹北,2024-12-04,9339
6924,榮惠-KY創,18,0,18,華南永昌-竹北,2024-12-04,9339
6505,台塑化,18,1,17,華南永昌-竹北,2024-12-04,9339
2354,鴻準,40,25,15,華南永昌-竹北,2024-12-04,9339
8096,擎亞,16,2,14,華南永昌-竹北,2024-12-04,9339
1303,南亞,14,0,14,華南永昌-竹北,2024-12-04,9339
3338,泰碩,15,1,14,華南永昌-竹北,2024-12-04,9339
3694,海華,17,3,14,華南永昌-竹北,2024-12-04,9339
2610,華航,26,13,13,華南永昌-竹北,2024-12-04,9339
1301,台塑,19,7,12,華南永昌-竹北,2024-12-04,9339
4971,IET-KY,37,25,12,華南永昌-竹北,2024-12-04,9339
8463,潤泰材,12,0,12,華南永昌-竹北,2024-12-04,9339
2382,廣達,18,7,11,華南永昌-竹北,2024-12-04,9339
00637L,元大滬深300正2,40,30,10,華南永昌-竹北,2024-12-04,9339
00959B,大華投等美債15Y+,10,0,10,華南永昌-竹北,2024-12-04,9339
1802,台玻,11,1,10,華南永昌-竹北,2024-12-04,9339
3494,誠研,10,0,10,華南永昌-竹北,2024-12-04,9339
6005,群益證,10,0,10,華南永昌-竹北,2024-12-04,9339
6173,信昌電,10,0,10,華南永昌-竹北,2024-12-04,9339
6742,澤米,10,0,10,華南永昌-竹北,2024-12-04,9339
8111,立��,17,7,10,華南永昌-竹北,2024-12-04,9339
8201,無敵,10,0,10,華南永昌-竹北,2024-12-04,9339
6683,雍智科技,9,0,9,華南永昌-竹北,2024-12-04,9339
00712,復華富時不動產,9,1,8,華南永昌-竹北,2024-12-04,9339
1449,佳和,8,0,8,華南永昌-竹北,2024-12-04,9339
8039,台虹,8,0,8,華南永昌-竹北,2024-12-04,9339
2834,臺企銀,10,2,8,華南永昌-竹北,2024-12-04,9339
2303,聯電,7,0,7,華南永昌-竹北,2024-12-04,9339
1605,華新,7,0,7,華南永昌-竹北,2024-12-04,9339
2472,立隆電,38,31,7,華南永昌-竹北,2024-12-04,9339
3035,智原,7,0,7,華南永昌-竹北,2024-12-04,9339
3037,欣興,8,1,7,華南永昌-竹北,2024-12-04,9339
4979,華星光,58,51,7,華南永昌-竹北,2024-12-04,9339
6284,佳邦,17,10,7,華南永昌-竹北,2024-12-04,9339
6781,AES-KY,7,1,6,華南永昌-竹北,2024-12-04,9339
00909,國泰數位支付服務,6,0,6,華南永昌-竹北,2024-12-04,9339
2615,萬海,10,4,6,華南永昌-竹北,2024-12-04,9339
2371,大同,6,0,6,華南永昌-竹北,2024-12-04,9339
3049,精金,141,0,141,華南永昌-竹北,2024-12-05,9339
00715L,期街口布蘭特正2,89,0,89,華南永昌-竹北,2024-12-05,9339
00940,元大台灣價值高息,100,12,88,華南永昌-竹北,2024-12-05,9339
2472,立隆電,91,22,69,華南永昌-竹北,2024-12-05,9339
6127,九豪,73,10,63,華南永昌-竹北,2024-12-05,9339
00687B,國泰20年美債,54,0,54,華南永昌-竹北,2024-12-05,9339
2354,鴻準,233,186,47,華南永昌-竹北,2024-12-05,9339
2344,華邦電,34,0,34,華南永昌-竹北,2024-12-05,9339
1815,富喬,143,112,31,華南永昌-竹北,2024-12-05,9339
2382,廣達,26,3,23,華南永昌-竹北,2024-12-05,9339
2392,正崴,30,10,20,華南永昌-竹北,2024-12-05,9339
2419,仲琦,20,0,20,華南永昌-竹北,2024-12-05,9339
2615,萬海,56,36,20,華南永昌-竹北,2024-12-05,9339
1524,耿鼎,20,0,20,華南永昌-竹北,2024-12-05,9339
6877,鏵友益,20,2,18,華南永昌-竹北,2024-12-05,9339
6274,台燿,20,4,16,華南永昌-竹北,2024-12-05,9339
00637L,元大滬深300正2,15,0,15,華南永昌-竹北,2024-12-05,9339
2457,飛宏,16,1,15,華南永昌-竹北,2024-12-05,9339
3015,全漢,17,2,15,華南永昌-竹北,2024-12-05,9339
2609,陽明,53,38,15,華南永昌-竹北,2024-12-05,9339
3323,加百裕,26,13,13,華南永昌-竹北,2024-12-05,9339
00633L,富邦上証正2,115,103,12,華南永昌-竹北,2024-12-05,9339
6924,榮惠-KY創,12,0,12,華南永昌-竹北,2024-12-05,9339
3625,西勝,14,3,11,華南永昌-竹北,2024-12-05,9339
6531,愛普*,12,1,11,華南永昌-竹北,2024-12-05,9339
5328,華容,37,27,10,華南永昌-竹北,2024-12-05,9339
00902,中信電池及儲能,10,0,10,華南永昌-竹北,2024-12-05,9339
2329,華泰,10,0,10,華南永昌-竹北,2024-12-05,9339
5531,鄉林,10,0,10,華南永昌-竹北,2024-12-05,9339
6733,博晟生醫,10,0,10,華南永昌-竹北,2024-12-05,9339
5309,系統電,30,21,9,華南永昌-竹北,2024-12-05,9339
2520,冠德,10,1,9,華南永昌-竹北,2024-12-05,9339
8201,無敵,10,1,9,華南永昌-竹北,2024-12-05,9339
8038,長園科,7,0,7,華南永昌-竹北,2024-12-05,9339
00918,大華優利高填息30,8,1,7,華南永昌-竹北,2024-12-05,9339
00665L,富邦�琤肭磪囓�2,57,51,6,華南永昌-竹北,2024-12-05,9339
1471,首利,6,0,6,華南永昌-竹北,2024-12-05,9339
6197,佳必琪,7,1,6,華南永昌-竹北,2024-12-05,9339
3041,揚智,6,0,6,華南永昌-竹北,2024-12-05,9339
2317,鴻海,16,10,6,華南永昌-竹北,2024-12-05,9339
1718,中纖,5,0,5,華南永昌-竹北,2024-12-05,9339
6609,瀧澤科,5,0,5,華南永昌-竹北,2024-12-05,9339
3483,力致,8,3,5,華南永昌-竹北,2024-12-05,9339
00688L,國泰20年美債正2,5,0,5,華南永昌-竹北,2024-12-05,9339
2062,橋椿,20,15,5,華南永昌-竹北,2024-12-05,9339
2204,中華,5,0,5,華南永昌-竹北,2024-12-05,9339
2371,大同,12,7,5,華南永昌-竹北,2024-12-05,9339
3362,先進光,5,0,5,華南永昌-竹北,2024-12-05,9339
3374,精材,7,2,5,華南永昌-竹北,2024-12-05,9339
4927,泰鼎-KY,5,0,5,華南永昌-竹北,2024-12-05,9339
3594,磐儀,190,0,190,華南永昌-竹北,2024-12-06,9339
3706,神達,326,142,184,華南永昌-竹北,2024-12-06,9339
00715L,期街口布蘭特正2,178,0,178,華南永昌-竹北,2024-12-06,9339
1449,佳和,152,1,151,華南永昌-竹北,2024-12-06,9339
00918,大華優利高填息30,50,0,50,華南永昌-竹北,2024-12-06,9339
4147,中裕,40,0,40,華南永昌-竹北,2024-12-06,9339
6271,同欣電,40,3,37,華南永昌-竹北,2024-12-06,9339
4956,光鋐,36,10,26,華南永昌-竹北,2024-12-06,9339
3522,御嵿,23,0,23,華南永昌-竹北,2024-12-06,9339
00919,群益台灣精選高息,25,2,23,華南永昌-竹北,2024-12-06,9339
6446,藥華藥,21,1,20,華南永昌-竹北,2024-12-06,9339
1540,喬福,20,0,20,華南永昌-竹北,2024-12-06,9339
4714,永捷,20,0,20,華南永昌-竹北,2024-12-06,9339
5355,佳總,20,0,20,華南永昌-竹北,2024-12-06,9339
3032,偉訓,32,13,19,華南永昌-竹北,2024-12-06,9339
3317,尼克森,25,7,18,華南永昌-竹北,2024-12-06,9339
00951,台新日本半導體,17,0,17,華南永昌-竹北,2024-12-06,9339
8089,康全電訊,15,0,15,華南永昌-竹北,2024-12-06,9339
6531,愛普*,14,1,13,華南永昌-竹北,2024-12-06,9339
00909,國泰數位支付服務,13,0,13,華南永昌-竹北,2024-12-06,9339
2867,三商壽,12,0,12,華南永昌-竹北,2024-12-06,9339
3296,勝德,12,0,12,華南永昌-竹北,2024-12-06,9339
1711,永光,11,0,11,華南永昌-竹北,2024-12-06,9339
3483,力致,11,0,11,華南永昌-竹北,2024-12-06,9339
3035,智原,34,23,11,華南永昌-竹北,2024-12-06,9339
2303,聯電,12,1,11,華南永昌-竹北,2024-12-06,9339
3704,合勤控,10,0,10,華南永昌-竹北,2024-12-06,9339
00953B,群益優選非投等債,10,0,10,華南永昌-竹北,2024-12-06,9339
2010,春源,10,0,10,華南永昌-竹北,2024-12-06,9339
4772,台特化,10,0,10,華南永昌-竹北,2024-12-06,9339
8011,台通,10,0,10,華南永昌-竹北,2024-12-06,9339
2317,鴻海,10,1,9,華南永昌-竹北,2024-12-06,9339
6962,ITH-KY,9,0,9,華南永昌-竹北,2024-12-06,9339
2329,華泰,11,3,8,華南永昌-竹北,2024-12-06,9339
3416,融程電,8,0,8,華南永昌-竹北,2024-12-06,9339
5309,系統電,16,9,7,華南永昌-竹北,2024-12-06,9339
5457,宣德,10,3,7,華南永昌-竹北,2024-12-06,9339
5328,華容,13,6,7,華南永昌-竹北,2024-12-06,9339
00922,國泰台灣領袖50,7,0,7,華南永昌-竹北,2024-12-06,9339
9105,泰金寶-DR,16,10,6,華南永昌-竹北,2024-12-06,9339
00719B,元大美債1-3,6,0,6,華南永昌-竹北,2024-12-06,9339
00960,野村全球航運龍頭,6,0,6,華南永昌-竹北,2024-12-06,9339
6425,易發,6,0,6,華南永昌-竹北,2024-12-06,9339
6771,平和環保-創,6,0,6,華南永昌-竹北,2024-12-06,9339
8064,東捷,6,0,6,華南永昌-竹北,2024-12-06,9339
8929,富堡,6,0,6,華南永昌-竹北,2024-12-06,9339
4953,緯軟,6,1,5,華南永昌-竹北,2024-12-06,9339
6877,鏵友益,5,0,5,華南永昌-竹北,2024-12-06,9339
1536,和大,5,0,5,華南永昌-竹北,2024-12-06,9339
2049,上銀,5,0,5,華南永昌-竹北,2024-12-06,9339
00715L,期街口布蘭特正2,236,28,208,華南永昌-竹北,2024-12-09,9339
8096,擎亞,180,14,166,華南永昌-竹北,2024-12-09,9339
5531,鄉林,158,0,158,華南永昌-竹北,2024-12-09,9339
00637L,元大滬深300正2,60,0,60,華南永昌-竹北,2024-12-09,9339
2801,彰銀,50,0,50,華南永昌-竹北,2024-12-09,9339
00713,元大台灣高息低波,41,0,41,華南永昌-竹北,2024-12-09,9339
00633L,富邦上証正2,180,139,41,華南永昌-竹北,2024-12-09,9339
2399,映泰,95,54,41,華南永昌-竹北,2024-12-09,9339
8171,天宇,40,0,40,華南永昌-竹北,2024-12-09,9339
0056,元大高股息,59,20,39,華南永昌-竹北,2024-12-09,9339
1595,川寶,40,2,38,華南永昌-竹北,2024-12-09,9339
3704,合勤控,35,0,35,華南永昌-竹北,2024-12-09,9339
00919,群益台灣精選高息,45,15,30,華南永昌-竹北,2024-12-09,9339
3211,順達,56,27,29,華南永昌-竹北,2024-12-09,9339
5202,力新,26,1,25,華南永昌-竹北,2024-12-09,9339
00915,凱基優選高股息30,23,0,23,華南永昌-竹北,2024-12-09,9339
4968,立積,24,5,19,華南永昌-竹北,2024-12-09,9339
6217,中探針,17,0,17,華南永昌-竹北,2024-12-09,9339
2605,新興,16,0,16,華南永昌-竹北,2024-12-09,9339
4526,東台,15,0,15,華南永昌-竹北,2024-12-09,9339
2356,英業達,55,41,14,華南永昌-竹北,2024-12-09,9339
2610,華航,31,19,12,華南永昌-竹北,2024-12-09,9339
2317,鴻海,19,7,12,華南永昌-竹北,2024-12-09,9339
2324,仁寶,122,111,11,華南永昌-竹北,2024-12-09,9339
8210,勤誠,33,22,11,華南永昌-竹北,2024-12-09,9339
1711,永光,12,2,10,華南永昌-竹北,2024-12-09,9339
00686R,群益臺灣加權反1,10,0,10,華南永昌-竹北,2024-12-09,9339
2337,旺宏,10,1,9,華南永昌-竹北,2024-12-09,9339
3231,緯創,14,5,9,華南永昌-竹北,2024-12-09,9339
911608,明輝-DR,10,2,8,華南永昌-竹北,2024-12-09,9339
2436,偉詮電,12,4,8,華南永昌-竹北,2024-12-09,9339
6770,力積電,7,0,7,華南永昌-竹北,2024-12-09,9339
3030,德律,6,0,6,華南永昌-竹北,2024-12-09,9339
2002,中鋼,6,0,6,華南永昌-竹北,2024-12-09,9339
6558,興能高,16,11,5,華南永昌-竹北,2024-12-09,9339
2881,富邦金,5,0,5,華南永昌-竹北,2024-12-09,9339
3317,尼克森,6,1,5,華南永昌-竹北,2024-12-09,9339
1587,吉茂,5,0,5,華南永昌-竹北,2024-12-09,9339
3591,艾笛森,5,0,5,華南永昌-竹北,2024-12-09,9339
3716,中化控股,5,0,5,華南永昌-竹北,2024-12-09,9339
4974,亞泰,5,0,5,華南永昌-竹北,2024-12-09,9339
2912,統一超,5,0,5,華南永昌-竹北,2024-12-09,9339
8104,錸寶,5,0,5,華南永昌-竹北,2024-12-09,9339
6937,天虹,8,3,5,華南永昌-竹北,2024-12-09,9339
00680L,元大美債20正2,4,0,4,華南永昌-竹北,2024-12-09,9339
2449,京元電子,9,5,4,華南永昌-竹北,2024-12-09,9339
3037,欣興,5,1,4,華南永昌-竹北,2024-12-09,9339
2312,金寶,22,18,4,華南永昌-竹北,2024-12-09,9339
2427,三商電,4,0,4,華南永昌-竹北,2024-12-09,9339
1536,和大,4,0,4,華南永昌-竹北,2024-12-09,9339
00633L,富邦上証正2,481,103,378,華南永昌-竹北,2024-12-10,9339
3706,神達,746,435,311,華南永昌-竹北,2024-12-10,9339
5531,鄉林,88,0,88,華南永昌-竹北,2024-12-10,9339
2615,萬海,85,10,75,華南永昌-竹北,2024-12-10,9339
2801,彰銀,50,0,50,華南永昌-竹北,2024-12-10,9339
00878,國泰永續高股息,46,1,45,華南永昌-竹北,2024-12-10,9339
00713,元大台灣高息低波,33,0,33,華南永昌-竹北,2024-12-10,9339
1605,華新,33,3,30,華南永昌-竹北,2024-12-10,9339
00918,大華優利高填息30,27,0,27,華南永昌-竹北,2024-12-10,9339
00935,野村臺灣新科技50,27,0,27,華南永昌-竹北,2024-12-10,9339
00715L,期街口布蘭特正2,23,0,23,華南永昌-竹北,2024-12-10,9339
4956,光鋐,22,0,22,華南永昌-竹北,2024-12-10,9339
5230,雷笛克光學,20,0,20,華南永昌-竹北,2024-12-10,9339
00909,國泰數位支付服務,19,0,19,華南永昌-竹北,2024-12-10,9339
00937B,群益ESG投等債20,19,0,19,華南永昌-竹北,2024-12-10,9339
8096,擎亞,25,8,17,華南永昌-竹北,2024-12-10,9339
8171,天宇,15,0,15,華南永昌-竹北,2024-12-10,9339
00919,群益台灣精選高息,16,1,15,華南永昌-竹北,2024-12-10,9339
2317,鴻海,16,1,15,華南永昌-竹北,2024-12-10,9339
6791,虎門科技,12,0,12,華南永昌-竹北,2024-12-10,9339
2464,盟立,12,1,11,華南永昌-竹北,2024-12-10,9339
5309,系統電,12,1,11,華南永昌-竹北,2024-12-10,9339
2345,智邦,13,3,10,華南永昌-竹北,2024-12-10,9339
00686R,群益臺灣加權反1,10,0,10,華南永昌-竹北,2024-12-10,9339
1504,東元,10,0,10,華南永昌-竹北,2024-12-10,9339
2603,長榮,11,2,9,華南永昌-竹北,2024-12-10,9339
2363,矽統,19,10,9,華南永昌-竹北,2024-12-10,9339
3481,群創,10,1,9,華南永昌-竹北,2024-12-10,9339
4931,新盛力,15,6,9,華南永昌-竹北,2024-12-10,9339
6695,芯鼎,13,4,9,華南永昌-竹北,2024-12-10,9339
2449,京元電子,12,4,8,華南永昌-竹北,2024-12-10,9339
1612,宏泰,8,0,8,華南永昌-竹北,2024-12-10,9339
00679B,元大美債20年,8,1,7,華南永昌-竹北,2024-12-10,9339
1524,耿鼎,15,8,7,華南永昌-竹北,2024-12-10,9339
00687B,國泰20年美債,6,0,6,華南永昌-竹北,2024-12-10,9339
00965,元大航太防衛科技,6,0,6,華南永昌-竹北,2024-12-10,9339
3450,聯鈞,17,11,6,華南永昌-竹北,2024-12-10,9339
8054,安國,31,25,6,華南永昌-竹北,2024-12-10,9339
2354,鴻準,23,17,6,華南永昌-竹北,2024-12-10,9339
2493,揚博,6,0,6,華南永昌-竹北,2024-12-10,9339
0056,元大高股息,6,0,6,華南永昌-竹北,2024-12-10,9339
1718,中纖,5,0,5,華南永昌-竹北,2024-12-10,9339
2413,環科,6,1,5,華南永昌-竹北,2024-12-10,9339
2610,華航,6,1,5,華南永昌-竹北,2024-12-10,9339
5371,中光電,7,2,5,華南永昌-竹北,2024-12-10,9339
6005,群益證,5,0,5,華南永昌-竹北,2024-12-10,9339
6530,創威,5,0,5,華南永昌-竹北,2024-12-10,9339
8112,至上,6,1,5,華南永昌-竹北,2024-12-10,9339
6596,寬宏藝術,5,0,5,華南永昌-竹北,2024-12-10,9339
2618,長榮航,9,5,4,華南永昌-竹北,2024-12-10,9339
3706,神達,381,253,128,華南永昌-竹北,2024-12-11,9339
00918,大華優利高填息30,125,0,125,華南永昌-竹北,2024-12-11,9339
2615,萬海,107,1,106,華南永昌-竹北,2024-12-11,9339
3049,精金,100,11,89,華南永昌-竹北,2024-12-11,9339
00915,凱基優選高股息30,86,0,86,華南永昌-竹北,2024-12-11,9339
2431,聯昌,79,3,76,華南永昌-竹北,2024-12-11,9339
00919,群益台灣精選高息,60,4,56,華南永昌-竹北,2024-12-11,9339
6120,達運,86,50,36,華南永昌-竹北,2024-12-11,9339
00795B,中信美國公債20年,35,0,35,華南永昌-竹北,2024-12-11,9339
2412,中華電,100,65,35,華南永昌-竹北,2024-12-11,9339
4931,新盛力,41,19,22,華南永昌-竹北,2024-12-11,9339
00752,中信中國50,20,0,20,華南永昌-竹北,2024-12-11,9339
2002,中鋼,20,0,20,華南永昌-竹北,2024-12-11,9339
1595,川寶,20,0,20,華南永昌-竹北,2024-12-11,9339
2369,菱生,20,0,20,華南永昌-竹北,2024-12-11,9339
6770,力積電,19,0,19,華南永昌-竹北,2024-12-11,9339
2609,陽明,49,32,17,華南永昌-竹北,2024-12-11,9339
1449,佳和,20,5,15,華南永昌-竹北,2024-12-11,9339
8064,東捷,14,0,14,華南永昌-竹北,2024-12-11,9339
8054,安國,38,24,14,華南永昌-竹北,2024-12-11,9339
2330,台積電,16,3,13,華南永昌-竹北,2024-12-11,9339
1528,恩德,12,0,12,華南永昌-竹北,2024-12-11,9339
6446,藥華藥,11,0,11,華南永昌-竹北,2024-12-11,9339
00878,國泰永續高股息,16,6,10,華南永昌-竹北,2024-12-11,9339
00753L,中信中國50正2,10,0,10,華南永昌-竹北,2024-12-11,9339
00945B,凱基美國非投等債,10,0,10,華南永昌-竹北,2024-12-11,9339
4772,台特化,10,0,10,華南永昌-竹北,2024-12-11,9339
6733,博晟生醫,10,0,10,華南永昌-竹北,2024-12-11,9339
3710,連展投控,9,0,9,華南永昌-竹北,2024-12-11,9339
2468,華經,11,3,8,華南永昌-竹北,2024-12-11,9339
2009,第一銅,7,0,7,華南永昌-竹北,2024-12-11,9339
2385,群光,7,0,7,華南永昌-竹北,2024-12-11,9339
00922,國泰台灣領袖50,6,0,6,華南永昌-竹北,2024-12-11,9339
2349,錸德,6,0,6,華南永昌-竹北,2024-12-11,9339
2610,華航,8,2,6,華南永昌-竹北,2024-12-11,9339
2630,亞航,6,0,6,華南永昌-竹北,2024-12-11,9339
2719,燦星旅,6,0,6,華南永昌-竹北,2024-12-11,9339
2883,凱基金,6,0,6,華南永昌-竹北,2024-12-11,9339
3090,日電貿,6,0,6,華南永昌-竹北,2024-12-11,9339
1301,台塑,7,1,6,華南永昌-竹北,2024-12-11,9339
2401,凌陽,6,0,6,華南永昌-竹北,2024-12-11,9339
3379,彬台,9,3,6,華南永昌-竹北,2024-12-11,9339
0056,元大高股息,16,11,5,華南永昌-竹北,2024-12-11,9339
2345,智邦,6,1,5,華南永昌-竹北,2024-12-11,9339
4909,新復興,18,13,5,華南永昌-竹北,2024-12-11,9339
9906,欣巴巴,5,0,5,華南永昌-竹北,2024-12-11,9339
00688L,國泰20年美債正2,5,0,5,華南永昌-竹北,2024-12-11,9339
1718,中纖,5,0,5,華南永昌-竹北,2024-12-11,9339
2312,金寶,8,3,5,華南永昌-竹北,2024-12-11,9339
2543,皇昌,5,0,5,華南永昌-竹北,2024-12-11,9339
00688L,國泰20年美債正2,155,0,155,華南永昌-竹北,2024-12-12,9339
3706,神達,716,569,147,華南永昌-竹北,2024-12-12,9339
2431,聯昌,120,0,120,華南永昌-竹北,2024-12-12,9339
00915,凱基優選高股息30,110,1,109,華南永昌-竹北,2024-12-12,9339
2354,鴻準,234,139,95,華南永昌-竹北,2024-12-12,9339
2356,英業達,121,28,93,華南永昌-竹北,2024-12-12,9339
00687B,國泰20年美債,66,0,66,華南永昌-竹北,2024-12-12,9339
6213,聯茂,61,0,61,華南永昌-竹北,2024-12-12,9339
00795B,中信美國公債20年,55,0,55,華南永昌-竹北,2024-12-12,9339
00919,群益台灣精選高息,55,2,53,華南永昌-竹北,2024-12-12,9339
2382,廣達,55,3,52,華南永昌-竹北,2024-12-12,9339
00918,大華優利高填息30,49,0,49,華南永昌-竹北,2024-12-12,9339
5328,華容,50,1,49,華南永昌-竹北,2024-12-12,9339
9945,潤泰新,50,3,47,華南永昌-竹北,2024-12-12,9339
3062,建漢,52,8,44,華南永昌-竹北,2024-12-12,9339
2915,潤泰全,45,1,44,華南永昌-竹北,2024-12-12,9339
6188,廣明,42,0,42,華南永昌-竹北,2024-12-12,9339
1301,台塑,41,4,37,華南永昌-竹北,2024-12-12,9339
00679B,元大美債20年,32,1,31,華南永昌-竹北,2024-12-12,9339
3209,全科,26,0,26,華南永昌-竹北,2024-12-12,9339
2474,可成,25,0,25,華南永昌-竹北,2024-12-12,9339
2471,資通,32,12,20,華南永昌-竹北,2024-12-12,9339
2355,敬鵬,20,0,20,華南永昌-竹北,2024-12-12,9339
3147,大綜,26,6,20,華南永昌-竹北,2024-12-12,9339
8096,擎亞,19,0,19,華南永昌-竹北,2024-12-12,9339
00713,元大台灣高息低波,18,0,18,華南永昌-竹北,2024-12-12,9339
2363,矽統,30,12,18,華南永昌-竹北,2024-12-12,9339
3211,順達,29,11,18,華南永昌-竹北,2024-12-12,9339
6425,易發,22,6,16,華南永昌-竹北,2024-12-12,9339
8171,天宇,15,0,15,華南永昌-竹北,2024-12-12,9339
1514,亞力,15,1,14,華南永昌-竹北,2024-12-12,9339
3710,連展投控,14,0,14,華南永昌-竹北,2024-12-12,9339
6248,沛波,13,0,13,華南永昌-竹北,2024-12-12,9339
3498,陽程,13,2,11,華南永昌-竹北,2024-12-12,9339
3535,晶彩科,11,0,11,華南永昌-竹北,2024-12-12,9339
2408,南亞科,10,0,10,華南永昌-竹北,2024-12-12,9339
00951,台新日本半導體,10,0,10,華南永昌-竹北,2024-12-12,9339
2399,映泰,13,3,10,華南永昌-竹北,2024-12-12,9339
2618,長榮航,29,19,10,華南永昌-竹北,2024-12-12,9339
6176,瑞儀,10,0,10,華南永昌-竹北,2024-12-12,9339
5230,雷笛克光學,10,0,10,華南永昌-竹北,2024-12-12,9339
2312,金寶,67,58,9,華南永昌-竹北,2024-12-12,9339
6531,愛普*,11,2,9,華南永昌-竹北,2024-12-12,9339
911608,明輝-DR,9,0,9,華南永昌-竹北,2024-12-12,9339
2881,富邦金,10,1,9,華南永昌-竹北,2024-12-12,9339
3645,達邁,8,0,8,華南永昌-竹北,2024-12-12,9339
3037,欣興,11,3,8,華南永昌-竹北,2024-12-12,9339
6125,廣運,10,3,7,華南永昌-竹北,2024-12-12,9339
3661,世芯-KY,7,0,7,華南永昌-竹北,2024-12-12,9339
2317,鴻海,9,2,7,華南永昌-竹北,2024-12-12,9339
00688L,國泰20年美債正2,240,0,240,華南永昌-竹北,2024-12-13,9339
00637L,元大滬深300正2,233,3,230,華南永昌-竹北,2024-12-13,9339
2356,英業達,165,7,158,華南永昌-竹北,2024-12-13,9339
00968B,元大優息投等債,101,0,101,華南永昌-竹北,2024-12-13,9339
00937B,群益ESG投等債20,83,0,83,華南永昌-竹北,2024-12-13,9339
00687B,國泰20年美債,81,0,81,華南永昌-竹北,2024-12-13,9339
3211,順達,257,179,78,華南永昌-竹北,2024-12-13,9339
00918,大華優利高填息30,70,0,70,華南永昌-竹北,2024-12-13,9339
2444,兆勁,56,1,55,華南永昌-竹北,2024-12-13,9339
3594,磐儀,33,1,32,華南永昌-竹北,2024-12-13,9339
2615,萬海,51,21,30,華南永昌-竹北,2024-12-13,9339
00919,群益台灣精選高息,30,0,30,華南永昌-竹北,2024-12-13,9339
00929,復華台灣科技優息,29,0,29,華南永昌-竹北,2024-12-13,9339
00915,凱基優選高股息30,27,0,27,華南永昌-竹北,2024-12-13,9339
00713,元大台灣高息低波,26,0,26,華南永昌-竹北,2024-12-13,9339
8045,達運光電,22,0,22,華南永昌-竹北,2024-12-13,9339
5481,新華,23,1,22,華南永昌-竹北,2024-12-13,9339
00943,兆豐電子高息等權,20,0,20,華南永昌-竹北,2024-12-13,9339
00795B,中信美國公債20年,19,0,19,華南永昌-竹北,2024-12-13,9339
6706,惠特,21,3,18,華南永昌-竹北,2024-12-13,9339
1569,濱川,25,9,16,華南永昌-竹北,2024-12-13,9339
2317,鴻海,17,2,15,華南永昌-竹北,2024-12-13,9339
00662,富邦NASDAQ,15,0,15,華南永昌-竹北,2024-12-13,9339
1316,上曜,15,0,15,華南永昌-竹北,2024-12-13,9339
3234,光環,18,3,15,華南永昌-竹北,2024-12-13,9339
00878,國泰永續高股息,15,0,15,華南永昌-竹北,2024-12-13,9339
0056,元大高股息,14,0,14,華南永昌-竹北,2024-12-13,9339
3324,雙鴻,14,1,13,華南永昌-竹北,2024-12-13,9339
2303,聯電,21,8,13,華南永昌-竹北,2024-12-13,9339
2002,中鋼,13,0,13,華南永昌-竹北,2024-12-13,9339
6425,易發,13,1,12,華南永昌-竹北,2024-12-13,9339
00926,凱基全球菁英55,12,0,12,華南永昌-竹北,2024-12-13,9339
8064,東捷,12,0,12,華南永昌-竹北,2024-12-13,9339
6919,康霈*,12,1,11,華南永昌-竹北,2024-12-13,9339
6770,力積電,11,0,11,華南永昌-竹北,2024-12-13,9339
3260,威剛,11,0,11,華南永昌-竹北,2024-12-13,9339
00922,國泰台灣領袖50,10,0,10,華南永昌-竹北,2024-12-13,9339
00715L,期街口布蘭特正2,10,0,10,華南永昌-竹北,2024-12-13,9339
9906,欣巴巴,10,0,10,華南永昌-竹北,2024-12-13,9339
5531,鄉林,10,0,10,華南永昌-竹北,2024-12-13,9339
00679B,元大美債20年,24,15,9,華南永昌-竹北,2024-12-13,9339
2405,輔信,9,0,9,華南永昌-竹北,2024-12-13,9339
1595,川寶,9,0,9,華南永昌-竹北,2024-12-13,9339
2383,台光電,13,4,9,華南永昌-竹北,2024-12-13,9339
4909,新復興,8,0,8,華南永昌-竹北,2024-12-13,9339
3481,群創,7,0,7,華南永昌-竹北,2024-12-13,9339
00940,元大台灣價值高息,6,0,6,華南永昌-竹北,2024-12-13,9339
9938,百和,6,0,6,華南永昌-竹北,2024-12-13,9339
2413,環科,5,0,5,華南永昌-竹北,2024-12-13,9339
2883,凱基金,5,0,5,華南永昌-竹北,2024-12-13,9339
00637L,元大滬深300正2,160,0,160,華南永昌-竹北,2024-12-16,9339
00948B,中信優息投資級債,156,0,156,華南永昌-竹北,2024-12-16,9339
00688L,國泰20年美債正2,150,0,150,華南永昌-竹北,2024-12-16,9339
3049,精金,143,0,143,華南永昌-竹北,2024-12-16,9339
2317,鴻海,121,9,112,華南永昌-竹北,2024-12-16,9339
2409,友達,100,4,96,華南永昌-竹北,2024-12-16,9339
00687B,國泰20年美債,69,0,69,華南永昌-竹北,2024-12-16,9339
00632R,元大台灣50反1,58,1,57,華南永昌-竹北,2024-12-16,9339
2412,中華電,50,0,50,華南永昌-竹北,2024-12-16,9339
6588,東典光電,51,6,45,華南永昌-竹北,2024-12-16,9339
4967,十銓,42,0,42,華南永昌-竹北,2024-12-16,9339
4991,環宇-KY,49,14,35,華南永昌-竹北,2024-12-16,9339
2367,燿華,27,1,26,華南永昌-竹北,2024-12-16,9339
2884,玉山金,35,9,26,華南永昌-竹北,2024-12-16,9339
8045,達運光電,25,0,25,華南永昌-竹北,2024-12-16,9339
4968,立積,34,10,24,華南永昌-竹北,2024-12-16,9339
3260,威剛,29,5,24,華南永昌-竹北,2024-12-16,9339
2363,矽統,32,8,24,華南永昌-竹北,2024-12-16,9339
0056,元大高股息,21,0,21,華南永昌-竹北,2024-12-16,9339
00918,大華優利高填息30,20,0,20,華南永昌-竹北,2024-12-16,9339
00966B,統一ESG投等債15,19,0,19,華南永昌-竹北,2024-12-16,9339
5531,鄉林,30,11,19,華南永昌-竹北,2024-12-16,9339
9105,泰金寶-DR,28,10,18,華南永昌-竹北,2024-12-16,9339
00878,國泰永續高股息,36,20,16,華南永昌-竹北,2024-12-16,9339
4931,新盛力,31,15,16,華南永昌-竹北,2024-12-16,9339
2392,正崴,18,3,15,華南永昌-竹北,2024-12-16,9339
00915,凱基優選高股息30,15,0,15,華南永昌-竹北,2024-12-16,9339
5328,華容,19,4,15,華南永昌-竹北,2024-12-16,9339
8054,安國,31,17,14,華南永昌-竹北,2024-12-16,9339
2417,圓剛,14,0,14,華南永昌-竹北,2024-12-16,9339
3234,光環,14,0,14,華南永昌-竹北,2024-12-16,9339
00713,元大台灣高息低波,16,2,14,華南永昌-竹北,2024-12-16,9339
2498,宏達電,12,0,12,華南永昌-竹北,2024-12-16,9339
4577,達航科技,12,0,12,華南永昌-竹北,2024-12-16,9339
6213,聯茂,19,7,12,華南永昌-竹北,2024-12-16,9339
00679B,元大美債20年,10,0,10,華南永昌-竹北,2024-12-16,9339
00919,群益台灣精選高息,17,7,10,華南永昌-竹北,2024-12-16,9339
1802,台玻,10,0,10,華南永昌-竹北,2024-12-16,9339
3289,宜特,9,0,9,華南永昌-竹北,2024-12-16,9339
2355,敬鵬,9,0,9,華南永昌-竹北,2024-12-16,9339
3406,玉晶光,8,0,8,華南永昌-竹北,2024-12-16,9339
3450,聯鈞,49,42,7,華南永昌-竹北,2024-12-16,9339
6425,易發,20,14,6,華南永昌-竹北,2024-12-16,9339
6282,康舒,6,0,6,華南永昌-竹北,2024-12-16,9339
6919,康霈*,6,0,6,華南永昌-竹北,2024-12-16,9339
00650L,復華香港正2,6,0,6,華南永昌-竹北,2024-12-16,9339
2405,輔信,6,0,6,華南永昌-竹北,2024-12-16,9339
3211,順達,70,64,6,華南永昌-竹北,2024-12-16,9339
00905,FT臺灣Smart,5,0,5,華南永昌-竹北,2024-12-16,9339
2301,光寶科,6,1,5,華南永昌-竹北,2024-12-16,9339
2409,友達,160,0,160,華南永昌-竹北,2024-12-17,9339
00687B,國泰20年美債,150,0,150,華南永昌-竹北,2024-12-17,9339
3049,精金,105,0,105,華南永昌-竹北,2024-12-17,9339
3594,磐儀,81,10,71,華南永昌-竹北,2024-12-17,9339
5880,合庫金,45,0,45,華南永昌-竹北,2024-12-17,9339
8054,安國,62,18,44,華南永昌-竹北,2024-12-17,9339
00679B,元大美債20年,38,0,38,華南永昌-竹北,2024-12-17,9339
00940,元大台灣價值高息,54,17,37,華南永昌-竹北,2024-12-17,9339
00948B,中信優息投資級債,32,0,32,華南永昌-竹北,2024-12-17,9339
8374,羅昇,110,82,28,華南永昌-竹北,2024-12-17,9339
8249,菱光,50,23,27,華南永昌-竹北,2024-12-17,9339
6219,富旺,22,0,22,華南永昌-竹北,2024-12-17,9339
00878,國泰永續高股息,24,2,22,華南永昌-竹北,2024-12-17,9339
00918,大華優利高填息30,20,0,20,華南永昌-竹北,2024-12-17,9339
2883,凱基金,20,0,20,華南永昌-竹北,2024-12-17,9339
6271,同欣電,23,3,20,華南永昌-竹北,2024-12-17,9339
00915,凱基優選高股息30,17,1,16,華南永昌-竹北,2024-12-17,9339
00712,復華富時不動產,20,4,16,華南永昌-竹北,2024-12-17,9339
00937B,群益ESG投等債20,15,0,15,華南永昌-竹北,2024-12-17,9339
0056,元大高股息,14,0,14,華南永昌-竹北,2024-12-17,9339
6505,台塑化,13,0,13,華南永昌-竹北,2024-12-17,9339
00706L,期元大S＆P日圓正2,12,0,12,華南永昌-竹北,2024-12-17,9339
1326,台化,42,30,12,華南永昌-竹北,2024-12-17,9339
00713,元大台灣高息低波,12,0,12,華南永昌-竹北,2024-12-17,9339
00680L,元大美債20正2,11,0,11,華南永昌-竹北,2024-12-17,9339
2882,國泰金,11,0,11,華南永昌-竹北,2024-12-17,9339
00963,中信全球高股息,10,0,10,華南永昌-竹北,2024-12-17,9339
1815,富喬,13,3,10,華南永昌-竹北,2024-12-17,9339
2014,中鴻,10,0,10,華南永昌-竹北,2024-12-17,9339
3338,泰碩,10,0,10,華南永昌-竹北,2024-12-17,9339
3631,晟楠,10,0,10,華南永昌-竹北,2024-12-17,9339
4739,康普,10,0,10,華南永昌-竹北,2024-12-17,9339
6188,廣明,34,24,10,華南永昌-竹北,2024-12-17,9339
3419,譁裕,8,0,8,華南永昌-竹北,2024-12-17,9339
3447,展達,23,15,8,華南永昌-竹北,2024-12-17,9339
6531,愛普*,14,6,8,華南永昌-竹北,2024-12-17,9339
00795B,中信美國公債20年,7,0,7,華南永昌-竹北,2024-12-17,9339
3231,緯創,15,8,7,華南永昌-竹北,2024-12-17,9339
4510,高鋒,51,44,7,華南永昌-竹北,2024-12-17,9339
8111,立��,41,34,7,華南永昌-竹北,2024-12-17,9339
00919,群益台灣精選高息,8,1,7,華南永昌-竹北,2024-12-17,9339
00632R,元大台灣50反1,6,1,5,華南永昌-竹北,2024-12-17,9339
00953B,群益優選非投等債,5,0,5,華南永昌-竹北,2024-12-17,9339
5481,新華,7,2,5,華南永昌-竹北,2024-12-17,9339
00857B,永豐20年美公債,5,0,5,華南永昌-竹北,2024-12-17,9339
1216,統一,5,0,5,華南永昌-竹北,2024-12-17,9339
1795,美時,5,0,5,華南永昌-竹北,2024-12-17,9339
2313,華通,23,18,5,華南永昌-竹北,2024-12-17,9339
2344,華邦電,5,0,5,華南永昌-竹北,2024-12-17,9339
3021,鴻名,5,0,5,華南永昌-竹北,2024-12-17,9339
00633L,富邦上証正2,180,10,170,華南永昌-竹北,2024-12-18,9339
6770,力積電,95,0,95,華南永昌-竹北,2024-12-18,9339
00918,大華優利高填息30,74,11,63,華南永昌-竹北,2024-12-18,9339
3379,彬台,63,1,62,華南永昌-竹北,2024-12-18,9339
00937B,群益ESG投等債20,61,0,61,華南永昌-竹北,2024-12-18,9339
3231,緯創,68,22,46,華南永昌-竹北,2024-12-18,9339
3049,精金,40,0,40,華南永昌-竹北,2024-12-18,9339
5474,聰泰,38,2,36,華南永昌-竹北,2024-12-18,9339
00926,凱基全球菁英55,31,0,31,華南永昌-竹北,2024-12-18,9339
3035,智原,43,16,27,華南永昌-竹北,2024-12-18,9339
00679B,元大美債20年,27,0,27,華南永昌-竹北,2024-12-18,9339
00940,元大台灣價值高息,27,0,27,華南永昌-竹北,2024-12-18,9339
6982,大井泵浦,28,1,27,華南永昌-竹北,2024-12-18,9339
8201,無敵,29,5,24,華南永昌-竹北,2024-12-18,9339
5880,合庫金,22,0,22,華南永昌-竹北,2024-12-18,9339
3704,合勤控,20,0,20,華南永昌-竹北,2024-12-18,9339
4956,光鋐,30,12,18,華南永昌-竹北,2024-12-18,9339
2609,陽明,37,25,12,華南永昌-竹北,2024-12-18,9339
2344,華邦電,12,0,12,華南永昌-竹北,2024-12-18,9339
3058,立德,11,0,11,華南永昌-竹北,2024-12-18,9339
00688L,國泰20年美債正2,10,0,10,華南永昌-竹北,2024-12-18,9339
1314,中石化,10,0,10,華南永昌-竹北,2024-12-18,9339
2379,瑞昱,10,0,10,華南永昌-竹北,2024-12-18,9339
2444,兆勁,10,0,10,華南永昌-竹北,2024-12-18,9339
2882,國泰金,10,0,10,華南永昌-竹北,2024-12-18,9339
3011,今皓,10,0,10,華南永昌-竹北,2024-12-18,9339
6234,高僑,10,0,10,華南永昌-竹北,2024-12-18,9339
5484,慧友,10,0,10,華南永昌-竹北,2024-12-18,9339
3594,磐儀,20,11,9,華南永昌-竹北,2024-12-18,9339
00712,復華富時不動產,9,0,9,華南永昌-竹北,2024-12-18,9339
9105,泰金寶-DR,13,4,9,華南永昌-竹北,2024-12-18,9339
00687B,國泰20年美債,9,1,8,華南永昌-竹北,2024-12-18,9339
00960,野村全球航運龍頭,8,0,8,華南永昌-竹北,2024-12-18,9339
8249,菱光,24,16,8,華南永昌-竹北,2024-12-18,9339
2382,廣達,6,0,6,華南永昌-竹北,2024-12-18,9339
2884,玉山金,10,4,6,華南永昌-竹北,2024-12-18,9339
6962,ITH-KY,12,6,6,華南永昌-竹北,2024-12-18,9339
2455,全新,7,1,6,華南永昌-竹北,2024-12-18,9339
5452,佶優,6,0,6,華南永昌-竹北,2024-12-18,9339
6125,廣運,6,0,6,華南永昌-竹北,2024-12-18,9339
6209,今國光,6,0,6,華南永昌-竹北,2024-12-18,9339
4976,佳凌,6,0,6,華南永昌-竹北,2024-12-18,9339
3041,揚智,88,83,5,華南永昌-竹北,2024-12-18,9339
1802,台玻,5,0,5,華南永昌-竹北,2024-12-18,9339
2365,昆盈,8,3,5,華南永昌-竹北,2024-12-18,9339
2493,揚博,5,0,5,華南永昌-竹北,2024-12-18,9339
3005,神基,5,0,5,華南永昌-竹北,2024-12-18,9339
3057,喬鼎,5,0,5,華南永昌-竹北,2024-12-18,9339
3073,天方能源,5,0,5,華南永昌-竹北,2024-12-18,9339
3447,展達,5,0,5,華南永昌-竹北,2024-12-18,9339
00948B,中信優息投資級債,169,0,169,華南永昌-竹北,2024-12-19,9339
00688L,國泰20年美債正2,165,0,165,華南永昌-竹北,2024-12-19,9339
2431,聯昌,139,0,139,華南永昌-竹北,2024-12-19,9339
00687B,國泰20年美債,75,6,69,華南永昌-竹北,2024-12-19,9339
00679B,元大美債20年,61,1,60,華南永昌-竹北,2024-12-19,9339
3481,群創,64,4,60,華南永昌-竹北,2024-12-19,9339
9105,泰金寶-DR,77,20,57,華南永昌-竹北,2024-12-19,9339
00963,中信全球高股息,55,0,55,華南永昌-竹北,2024-12-19,9339
00680L,元大美債20正2,53,0,53,華南永昌-竹北,2024-12-19,9339
5328,華容,54,4,50,華南永昌-竹北,2024-12-19,9339
00918,大華優利高填息30,49,1,48,華南永昌-竹北,2024-12-19,9339
00740B,富邦全球投等債,44,0,44,華南永昌-竹北,2024-12-19,9339
00878,國泰永續高股息,45,4,41,華南永昌-竹北,2024-12-19,9339
00940,元大台灣價值高息,35,0,35,華南永昌-竹北,2024-12-19,9339
00712,復華富時不動產,33,1,32,華南永昌-竹北,2024-12-19,9339
00937B,群益ESG投等債20,36,5,31,華南永昌-竹北,2024-12-19,9339
1717,長興,30,0,30,華南永昌-竹北,2024-12-19,9339
6531,愛普*,30,0,30,華南永昌-竹北,2024-12-19,9339
8111,立��,110,90,20,華南永昌-竹北,2024-12-19,9339
00909,國泰數位支付服務,20,0,20,華南永昌-竹北,2024-12-19,9339
00951,台新日本半導體,19,0,19,華南永昌-竹北,2024-12-19,9339
3041,揚智,29,10,19,華南永昌-竹北,2024-12-19,9339
8028,昇陽半導體,17,0,17,華南永昌-竹北,2024-12-19,9339
00919,群益台灣精選高息,21,6,15,華南永昌-竹北,2024-12-19,9339
2801,彰銀,15,0,15,華南永昌-竹北,2024-12-19,9339
2458,義隆,15,0,15,華南永昌-竹北,2024-12-19,9339
2883,凱基金,14,0,14,華南永昌-竹北,2024-12-19,9339
00751B,元大AAA至A公司債,14,0,14,華南永昌-竹北,2024-12-19,9339
4977,眾達-KY,33,19,14,華南永昌-竹北,2024-12-19,9339
3231,緯創,16,3,13,華南永昌-竹北,2024-12-19,9339
1815,富喬,26,13,13,華南永昌-竹北,2024-12-19,9339
3265,台星科,15,2,13,華南永昌-竹北,2024-12-19,9339
6919,康霈*,13,0,13,華南永昌-竹北,2024-12-19,9339
2317,鴻海,29,16,13,華南永昌-竹北,2024-12-19,9339
3035,智原,12,0,12,華南永昌-竹北,2024-12-19,9339
00857B,永豐20年美公債,12,0,12,華南永昌-竹北,2024-12-19,9339
00902,中信電池及儲能,12,0,12,華南永昌-竹北,2024-12-19,9339
5880,合庫金,12,0,12,華南永昌-竹北,2024-12-19,9339
4533,協易機,15,4,11,華南永昌-竹北,2024-12-19,9339
0056,元大高股息,11,0,11,華南永昌-竹北,2024-12-19,9339
2413,環科,10,0,10,華南永昌-竹北,2024-12-19,9339
00715L,期街口布蘭特正2,10,0,10,華南永昌-竹北,2024-12-19,9339
3338,泰碩,10,0,10,華南永昌-竹北,2024-12-19,9339
8374,羅昇,13,3,10,華南永昌-竹北,2024-12-19,9339
9802,鈺齊-KY,10,0,10,華南永昌-竹北,2024-12-19,9339
2882,國泰金,13,3,10,華南永昌-竹北,2024-12-19,9339
3029,零壹,10,0,10,華南永昌-竹北,2024-12-19,9339
5392,能率,10,0,10,華南永昌-竹北,2024-12-19,9339
2834,臺企銀,17,7,10,華南永昌-竹北,2024-12-19,9339
3339,泰谷,9,0,9,華南永昌-竹北,2024-12-19,9339
