Ticker,Name,buy,sell,diff,Branch,Date,Branch_Code
00632R,元大台灣50反1,520,10,510,華南永昌-頭份,2023-01-03,9343
00885,富邦越南,101,0,101,華南永昌-頭份,2023-01-03,9343
2352,佳世達,50,6,44,華南永昌-頭份,2023-01-03,9343
2609,陽明,50,6,44,華南永昌-頭份,2023-01-03,9343
00878,國泰永續高股息,36,1,35,華南永昌-頭份,2023-01-03,9343
00671R,富邦NASDAQ反1,20,0,20,華南永昌-頭份,2023-01-03,9343
1522,堤維西,15,0,15,華南永昌-頭份,2023-01-03,9343
2614,東森,20,5,15,華南永昌-頭份,2023-01-03,9343
1720,生達,16,2,14,華南永昌-頭份,2023-01-03,9343
5608,四維航,14,0,14,華南永昌-頭份,2023-01-03,9343
00637L,元大滬深300正2,14,1,13,華南永昌-頭份,2023-01-03,9343
1339,昭輝,13,0,13,華南永昌-頭份,2023-01-03,9343
1528,恩德,12,0,12,華南永昌-頭份,2023-01-03,9343
2603,長榮,12,1,11,華南永昌-頭份,2023-01-03,9343
1417,嘉裕,10,0,10,華南永昌-頭份,2023-01-03,9343
1810,和成,12,2,10,華南永昌-頭份,2023-01-03,9343
2312,金寶,10,0,10,華南永昌-頭份,2023-01-03,9343
2607,榮運,10,0,10,華南永昌-頭份,2023-01-03,9343
3515,華擎,14,4,10,華南永昌-頭份,2023-01-03,9343
4114,健喬,23,14,9,華南永昌-頭份,2023-01-03,9343
4133,亞諾法,9,0,9,華南永昌-頭份,2023-01-03,9343
5351,鈺創,9,0,9,華南永昌-頭份,2023-01-03,9343
00679B,元大美債20年,8,0,8,華南永昌-頭份,2023-01-03,9343
2317,鴻海,9,2,7,華南永昌-頭份,2023-01-03,9343
8046,南電,7,1,6,華南永昌-頭份,2023-01-03,9343
6547,高端疫苗,5,0,5,華南永昌-頭份,2023-01-03,9343
1101,台泥,5,0,5,華南永昌-頭份,2023-01-03,9343
2208,台船,5,0,5,華南永昌-頭份,2023-01-03,9343
2359,所羅門,6,1,5,華南永昌-頭份,2023-01-03,9343
3494,誠研,5,0,5,華南永昌-頭份,2023-01-03,9343
4106,雃博,5,0,5,華南永昌-頭份,2023-01-03,9343
9103,美德醫療-DR,5,0,5,華南永昌-頭份,2023-01-03,9343
3027,盛達,5,1,4,華南永昌-頭份,2023-01-03,9343
3083,網龍,6,2,4,華南永昌-頭份,2023-01-03,9343
5483,中美晶,4,0,4,華南永昌-頭份,2023-01-03,9343
2354,鴻準,3,0,3,華南永昌-頭份,2023-01-03,9343
2444,兆勁,3,0,3,華南永昌-頭份,2023-01-03,9343
3576,聯合再生,3,0,3,華南永昌-頭份,2023-01-03,9343
4130,健亞,3,0,3,華南永昌-頭份,2023-01-03,9343
5284,jpp-KY,5,2,3,華南永昌-頭份,2023-01-03,9343
6196,帆宣,5,2,3,華南永昌-頭份,2023-01-03,9343
1503,士電,2,0,2,華南永昌-頭份,2023-01-03,9343
0056,元大高股息,4,2,2,華南永昌-頭份,2023-01-03,9343
1536,和大,2,0,2,華南永昌-頭份,2023-01-03,9343
1568,倉佑,2,0,2,華南永昌-頭份,2023-01-03,9343
1783,和康生,2,0,2,華南永昌-頭份,2023-01-03,9343
2031,新光鋼,2,0,2,華南永昌-頭份,2023-01-03,9343
2033,佳大,2,0,2,華南永昌-頭份,2023-01-03,9343
2412,中華電,3,1,2,華南永昌-頭份,2023-01-03,9343
2548,華固,2,0,2,華南永昌-頭份,2023-01-03,9343
00715L,期街口布蘭特正2,37,0,37,華南永昌-頭份,2023-01-04,9343
2352,佳世達,30,0,30,華南永昌-頭份,2023-01-04,9343
2615,萬海,27,2,25,華南永昌-頭份,2023-01-04,9343
2884,玉山金,23,0,23,華南永昌-頭份,2023-01-04,9343
8171,天宇,30,14,16,華南永昌-頭份,2023-01-04,9343
5608,四維航,12,0,12,華南永昌-頭份,2023-01-04,9343
3466,德晉,12,0,12,華南永昌-頭份,2023-01-04,9343
4171,瑞基,32,21,11,華南永昌-頭份,2023-01-04,9343
00878,國泰永續高股息,10,0,10,華南永昌-頭份,2023-01-04,9343
00632R,元大台灣50反1,10,0,10,華南永昌-頭份,2023-01-04,9343
2409,友達,15,5,10,華南永昌-頭份,2023-01-04,9343
2610,華航,10,0,10,華南永昌-頭份,2023-01-04,9343
2317,鴻海,19,9,10,華南永昌-頭份,2023-01-04,9343
8046,南電,12,6,6,華南永昌-頭份,2023-01-04,9343
0056,元大高股息,6,0,6,華南永昌-頭份,2023-01-04,9343
00902,中信電池及儲能,6,0,6,華南永昌-頭份,2023-01-04,9343
4130,健亞,6,0,6,華南永昌-頭份,2023-01-04,9343
4167,松瑞藥,10,4,6,華南永昌-頭份,2023-01-04,9343
1513,中興電,13,7,6,華南永昌-頭份,2023-01-04,9343
1514,亞力,6,1,5,華南永昌-頭份,2023-01-04,9343
1560,中砂,5,0,5,華南永昌-頭份,2023-01-04,9343
2637,慧洋-KY,5,0,5,華南永昌-頭份,2023-01-04,9343
3047,訊舟,7,2,5,華南永昌-頭份,2023-01-04,9343
3048,益登,5,0,5,華南永昌-頭份,2023-01-04,9343
3596,智易,5,0,5,華南永昌-頭份,2023-01-04,9343
2014,中鴻,4,0,4,華南永昌-頭份,2023-01-04,9343
2885,元大金,4,0,4,華南永昌-頭份,2023-01-04,9343
3162,精確,9,5,4,華南永昌-頭份,2023-01-04,9343
4906,正文,4,0,4,華南永昌-頭份,2023-01-04,9343
6104,創惟,7,3,4,華南永昌-頭份,2023-01-04,9343
4128,中天,3,0,3,華南永昌-頭份,2023-01-04,9343
1701,中化,9,6,3,華南永昌-頭份,2023-01-04,9343
00881,國泰台灣5G+,3,0,3,華南永昌-頭份,2023-01-04,9343
2498,宏達電,7,4,3,華南永昌-頭份,2023-01-04,9343
2743,山富,3,0,3,華南永昌-頭份,2023-01-04,9343
3034,聯詠,3,0,3,華南永昌-頭份,2023-01-04,9343
3167,大量,3,0,3,華南永昌-頭份,2023-01-04,9343
3272,東碩,4,1,3,華南永昌-頭份,2023-01-04,9343
3481,群創,5,2,3,華南永昌-頭份,2023-01-04,9343
5258,虹堡,3,0,3,華南永昌-頭份,2023-01-04,9343
5321,美而快,3,0,3,華南永昌-頭份,2023-01-04,9343
6153,嘉聯益,3,0,3,華南永昌-頭份,2023-01-04,9343
6274,台燿,3,0,3,華南永昌-頭份,2023-01-04,9343
6689,伊雲谷,3,0,3,華南永昌-頭份,2023-01-04,9343
00642U,期元大S＆P石油,2,0,2,華南永昌-頭份,2023-01-04,9343
00637L,元大滬深300正2,4,2,2,華南永昌-頭份,2023-01-04,9343
00870B,元大15年EM主權債,2,0,2,華南永昌-頭份,2023-01-04,9343
1503,士電,4,2,2,華南永昌-頭份,2023-01-04,9343
1529,樂事綠能,4,2,2,華南永昌-頭份,2023-01-04,9343
2208,台船,2,0,2,華南永昌-頭份,2023-01-04,9343
1504,東元,41,0,41,華南永昌-頭份,2023-01-05,9343
00632R,元大台灣50反1,32,1,31,華南永昌-頭份,2023-01-05,9343
2489,瑞軒,30,0,30,華南永昌-頭份,2023-01-05,9343
2069,運錩,30,0,30,華南永昌-頭份,2023-01-05,9343
4930,燦星網,24,0,24,華南永昌-頭份,2023-01-05,9343
3481,群創,31,9,22,華南永昌-頭份,2023-01-05,9343
00715L,期街口布蘭特正2,19,0,19,華南永昌-頭份,2023-01-05,9343
6443,元晶,20,1,19,華南永昌-頭份,2023-01-05,9343
8358,金居,19,3,16,華南永昌-頭份,2023-01-05,9343
1752,南光,30,15,15,華南永昌-頭份,2023-01-05,9343
2609,陽明,19,6,13,華南永昌-頭份,2023-01-05,9343
1802,台玻,10,0,10,華南永昌-頭份,2023-01-05,9343
3013,晟銘電,11,1,10,華南永昌-頭份,2023-01-05,9343
2317,鴻海,11,1,10,華南永昌-頭份,2023-01-05,9343
2303,聯電,11,2,9,華南永昌-頭份,2023-01-05,9343
3532,台勝科,9,0,9,華南永昌-頭份,2023-01-05,9343
00641R,富邦日本反1,7,0,7,華南永昌-頭份,2023-01-05,9343
9958,世紀鋼,7,0,7,華南永昌-頭份,2023-01-05,9343
00642U,期元大S＆P石油,6,0,6,華南永昌-頭份,2023-01-05,9343
4114,健喬,14,8,6,華南永昌-頭份,2023-01-05,9343
4167,松瑞藥,6,0,6,華南永昌-頭份,2023-01-05,9343
2603,長榮,6,0,6,華南永昌-頭份,2023-01-05,9343
00679B,元大美債20年,5,0,5,華南永昌-頭份,2023-01-05,9343
1512,瑞利,5,0,5,華南永昌-頭份,2023-01-05,9343
1560,中砂,6,1,5,華南永昌-頭份,2023-01-05,9343
2027,大成鋼,5,0,5,華南永昌-頭份,2023-01-05,9343
2368,金像電,5,0,5,華南永昌-頭份,2023-01-05,9343
2891,中信金,5,0,5,華南永昌-頭份,2023-01-05,9343
3272,東碩,16,11,5,華南永昌-頭份,2023-01-05,9343
4979,華星光,5,0,5,華南永昌-頭份,2023-01-05,9343
6108,競國,5,0,5,華南永昌-頭份,2023-01-05,9343
6111,大宇資,8,3,5,華南永昌-頭份,2023-01-05,9343
6278,台表科,5,0,5,華南永昌-頭份,2023-01-05,9343
6449,鈺邦,5,0,5,華南永昌-頭份,2023-01-05,9343
6689,伊雲谷,7,2,5,華南永昌-頭份,2023-01-05,9343
8044,網家,10,5,5,華南永昌-頭份,2023-01-05,9343
8069,元太,6,1,5,華南永昌-頭份,2023-01-05,9343
9955,佳龍,5,0,5,華南永昌-頭份,2023-01-05,9343
2419,仲琦,12,8,4,華南永昌-頭份,2023-01-05,9343
2230,泰茂,4,0,4,華南永昌-頭份,2023-01-05,9343
3558,神準,4,0,4,華南永昌-頭份,2023-01-05,9343
5351,鈺創,7,3,4,華南永昌-頭份,2023-01-05,9343
6160,欣技,4,0,4,華南永昌-頭份,2023-01-05,9343
6472,保瑞,4,0,4,華南永昌-頭份,2023-01-05,9343
2409,友達,4,1,3,華南永昌-頭份,2023-01-05,9343
1720,生達,3,0,3,華南永昌-頭份,2023-01-05,9343
2425,承啟,7,4,3,華南永昌-頭份,2023-01-05,9343
2465,麗臺,3,0,3,華南永昌-頭份,2023-01-05,9343
2610,華航,3,0,3,華南永昌-頭份,2023-01-05,9343
2890,永豐金,3,0,3,華南永昌-頭份,2023-01-05,9343
3704,合勤控,29,0,29,華南永昌-頭份,2023-01-06,9343
2449,京元電子,27,0,27,華南永昌-頭份,2023-01-06,9343
5490,同亨,25,0,25,華南永昌-頭份,2023-01-06,9343
00770,國泰北美科技,23,0,23,華南永昌-頭份,2023-01-06,9343
8440,綠電,22,0,22,華南永昌-頭份,2023-01-06,9343
4114,健喬,49,28,21,華南永昌-頭份,2023-01-06,9343
2033,佳大,20,0,20,華南永昌-頭份,2023-01-06,9343
4123,晟德,19,0,19,華南永昌-頭份,2023-01-06,9343
00632R,元大台灣50反1,17,0,17,華南永昌-頭份,2023-01-06,9343
3532,台勝科,16,0,16,華南永昌-頭份,2023-01-06,9343
5351,鈺創,17,5,12,華南永昌-頭份,2023-01-06,9343
00642U,期元大S＆P石油,11,0,11,華南永昌-頭份,2023-01-06,9343
00670L,富邦NASDAQ正2,10,0,10,華南永昌-頭份,2023-01-06,9343
00773B,中信優先金融債,10,0,10,華南永昌-頭份,2023-01-06,9343
5905,南仁湖,15,5,10,華南永昌-頭份,2023-01-06,9343
5907,大洋-KY,10,0,10,華南永昌-頭份,2023-01-06,9343
1417,嘉裕,10,1,9,華南永昌-頭份,2023-01-06,9343
1605,華新,33,24,9,華南永昌-頭份,2023-01-06,9343
4171,瑞基,13,4,9,華南永昌-頭份,2023-01-06,9343
2495,普安,7,0,7,華南永昌-頭份,2023-01-06,9343
2609,陽明,7,0,7,華南永昌-頭份,2023-01-06,9343
3141,晶宏,12,5,7,華南永昌-頭份,2023-01-06,9343
3687,歐買尬,7,0,7,華南永昌-頭份,2023-01-06,9343
4128,中天,8,1,7,華南永昌-頭份,2023-01-06,9343
1519,華城,12,6,6,華南永昌-頭份,2023-01-06,9343
2028,威致,6,0,6,華南永昌-頭份,2023-01-06,9343
4130,健亞,6,0,6,華南永昌-頭份,2023-01-06,9343
2317,鴻海,5,0,5,華南永昌-頭份,2023-01-06,9343
1701,中化,17,12,5,華南永昌-頭份,2023-01-06,9343
00898,國泰基因免疫革命,5,0,5,華南永昌-頭份,2023-01-06,9343
0050,元大台灣50,6,1,5,華南永昌-頭份,2023-01-06,9343
2603,長榮,10,5,5,華南永昌-頭份,2023-01-06,9343
3017,奇鋐,7,2,5,華南永昌-頭份,2023-01-06,9343
3508,位速,5,0,5,華南永昌-頭份,2023-01-06,9343
6108,競國,5,0,5,華南永昌-頭份,2023-01-06,9343
6449,鈺邦,5,0,5,華南永昌-頭份,2023-01-06,9343
00650L,復華香港正2,5,1,4,華南永昌-頭份,2023-01-06,9343
1503,士電,6,2,4,華南永昌-頭份,2023-01-06,9343
1229,聯華,4,0,4,華南永昌-頭份,2023-01-06,9343
1720,生達,4,0,4,華南永昌-頭份,2023-01-06,9343
4726,永昕,4,0,4,華南永昌-頭份,2023-01-06,9343
5258,虹堡,5,1,4,華南永昌-頭份,2023-01-06,9343
5608,四維航,5,1,4,華南永昌-頭份,2023-01-06,9343
6443,元晶,7,3,4,華南永昌-頭份,2023-01-06,9343
00902,中信電池及儲能,3,0,3,華南永昌-頭份,2023-01-06,9343
00720B,元大投資級公司債,3,0,3,華南永昌-頭份,2023-01-06,9343
00715L,期街口布蘭特正2,4,1,3,華南永昌-頭份,2023-01-06,9343
1783,和康生,3,0,3,華南永昌-頭份,2023-01-06,9343
2303,聯電,16,13,3,華南永昌-頭份,2023-01-06,9343
3006,晶豪科,4,1,3,華南永昌-頭份,2023-01-06,9343
2801,彰銀,100,10,90,華南永昌-頭份,2023-01-09,9343
2104,國際中橡,50,0,50,華南永昌-頭份,2023-01-09,9343
2887,台新金,39,4,35,華南永昌-頭份,2023-01-09,9343
2603,長榮,66,32,34,華南永昌-頭份,2023-01-09,9343
2614,東森,25,0,25,華南永昌-頭份,2023-01-09,9343
2845,遠東銀,25,0,25,華南永昌-頭份,2023-01-09,9343
2609,陽明,61,37,24,華南永昌-頭份,2023-01-09,9343
2897,王道銀行,22,0,22,華南永昌-頭份,2023-01-09,9343
2489,瑞軒,21,0,21,華南永昌-頭份,2023-01-09,9343
00676R,富邦臺灣加權反1,20,0,20,華南永昌-頭份,2023-01-09,9343
1720,生達,20,0,20,華南永昌-頭份,2023-01-09,9343
5284,jpp-KY,20,0,20,華南永昌-頭份,2023-01-09,9343
2881,富邦金,20,2,18,華南永昌-頭份,2023-01-09,9343
3704,合勤控,28,10,18,華南永昌-頭份,2023-01-09,9343
2444,兆勁,20,2,18,華南永昌-頭份,2023-01-09,9343
3013,晟銘電,16,0,16,華南永昌-頭份,2023-01-09,9343
2515,中工,12,0,12,華南永昌-頭份,2023-01-09,9343
4114,健喬,21,9,12,華南永昌-頭份,2023-01-09,9343
3083,網龍,11,0,11,華南永昌-頭份,2023-01-09,9343
5351,鈺創,18,7,11,華南永昌-頭份,2023-01-09,9343
8227,巨有科技,12,1,11,華南永昌-頭份,2023-01-09,9343
1536,和大,11,0,11,華南永昌-頭份,2023-01-09,9343
1522,堤維西,10,0,10,華南永昌-頭份,2023-01-09,9343
1810,和成,10,0,10,華南永昌-頭份,2023-01-09,9343
6104,創惟,10,0,10,華南永昌-頭份,2023-01-09,9343
8046,南電,11,1,10,華南永昌-頭份,2023-01-09,9343
8069,元太,12,2,10,華南永昌-頭份,2023-01-09,9343
1605,華新,18,9,9,華南永昌-頭份,2023-01-09,9343
2317,鴻海,8,0,8,華南永昌-頭份,2023-01-09,9343
1503,士電,10,3,7,華南永昌-頭份,2023-01-09,9343
1795,美時,9,2,7,華南永昌-頭份,2023-01-09,9343
2359,所羅門,8,1,7,華南永昌-頭份,2023-01-09,9343
2457,飛宏,7,0,7,華南永昌-頭份,2023-01-09,9343
2610,華航,6,0,6,華南永昌-頭份,2023-01-09,9343
3374,精材,6,0,6,華南永昌-頭份,2023-01-09,9343
3532,台勝科,11,5,6,華南永昌-頭份,2023-01-09,9343
6215,和椿,11,5,6,華南永昌-頭份,2023-01-09,9343
6770,力積電,17,11,6,華南永昌-頭份,2023-01-09,9343
1701,中化,12,7,5,華南永昌-頭份,2023-01-09,9343
00637L,元大滬深300正2,5,0,5,華南永昌-頭份,2023-01-09,9343
2328,廣宇,5,0,5,華南永昌-頭份,2023-01-09,9343
2542,興富發,5,0,5,華南永昌-頭份,2023-01-09,9343
3162,精確,5,0,5,華南永昌-頭份,2023-01-09,9343
6153,嘉聯益,9,4,5,華南永昌-頭份,2023-01-09,9343
3545,敦泰,4,0,4,華南永昌-頭份,2023-01-09,9343
8171,天宇,21,17,4,華南永昌-頭份,2023-01-09,9343
2014,中鴻,5,2,3,華南永昌-頭份,2023-01-09,9343
2375,凱美,3,0,3,華南永昌-頭份,2023-01-09,9343
2641,正德,3,0,3,華南永昌-頭份,2023-01-09,9343
6111,大宇資,3,0,3,華南永昌-頭份,2023-01-09,9343
6138,茂達,49,0,49,華南永昌-頭份,2023-01-10,9343
6494,九齊,36,5,31,華南永昌-頭份,2023-01-10,9343
00676R,富邦臺灣加權反1,30,0,30,華南永昌-頭份,2023-01-10,9343
8050,廣積,30,0,30,華南永昌-頭份,2023-01-10,9343
1529,樂事綠能,24,1,23,華南永昌-頭份,2023-01-10,9343
4968,立積,26,3,23,華南永昌-頭份,2023-01-10,9343
6443,元晶,105,83,22,華南永昌-頭份,2023-01-10,9343
00632R,元大台灣50反1,61,40,21,華南永昌-頭份,2023-01-10,9343
3230,錦明,20,0,20,華南永昌-頭份,2023-01-10,9343
4904,遠傳,20,0,20,華南永昌-頭份,2023-01-10,9343
2498,宏達電,21,2,19,華南永昌-頭份,2023-01-10,9343
3711,日月光投控,20,1,19,華南永昌-頭份,2023-01-10,9343
3498,陽程,18,0,18,華南永昌-頭份,2023-01-10,9343
2614,東森,16,0,16,華南永昌-頭份,2023-01-10,9343
00641R,富邦日本反1,15,0,15,華南永昌-頭份,2023-01-10,9343
1314,中石化,12,0,12,華南永昌-頭份,2023-01-10,9343
1444,力麗,10,0,10,華南永昌-頭份,2023-01-10,9343
1442,名軒,10,0,10,華南永昌-頭份,2023-01-10,9343
2312,金寶,10,0,10,華南永昌-頭份,2023-01-10,9343
2609,陽明,15,5,10,華南永昌-頭份,2023-01-10,9343
8046,南電,13,4,9,華南永昌-頭份,2023-01-10,9343
1608,華榮,8,0,8,華南永昌-頭份,2023-01-10,9343
2537,聯上發,8,0,8,華南永昌-頭份,2023-01-10,9343
0050,元大台灣50,8,1,7,華南永昌-頭份,2023-01-10,9343
3374,精材,7,0,7,華南永昌-頭份,2023-01-10,9343
4979,華星光,11,4,7,華南永昌-頭份,2023-01-10,9343
6278,台表科,7,0,7,華南永昌-頭份,2023-01-10,9343
6547,高端疫苗,6,0,6,華南永昌-頭份,2023-01-10,9343
2929,淘帝-KY,6,0,6,華南永昌-頭份,2023-01-10,9343
1786,科妍,5,0,5,華南永昌-頭份,2023-01-10,9343
2486,一詮,7,2,5,華南永昌-頭份,2023-01-10,9343
3455,由田,5,0,5,華南永昌-頭份,2023-01-10,9343
4167,松瑞藥,8,3,5,華南永昌-頭份,2023-01-10,9343
4746,台耀,5,0,5,華南永昌-頭份,2023-01-10,9343
2359,所羅門,4,0,4,華南永昌-頭份,2023-01-10,9343
2610,華航,5,1,4,華南永昌-頭份,2023-01-10,9343
3380,明泰,7,3,4,華南永昌-頭份,2023-01-10,9343
5425,台半,4,0,4,華南永昌-頭份,2023-01-10,9343
8440,綠電,5,1,4,華南永昌-頭份,2023-01-10,9343
3141,晶宏,15,11,4,華南永昌-頭份,2023-01-10,9343
1701,中化,6,3,3,華南永昌-頭份,2023-01-10,9343
1810,和成,3,0,3,華南永昌-頭份,2023-01-10,9343
1718,中纖,3,0,3,華南永昌-頭份,2023-01-10,9343
2313,華通,4,1,3,華南永昌-頭份,2023-01-10,9343
2380,虹光,4,1,3,華南永昌-頭份,2023-01-10,9343
2419,仲琦,5,2,3,華南永昌-頭份,2023-01-10,9343
2884,玉山金,3,0,3,華南永昌-頭份,2023-01-10,9343
3036,文曄,3,0,3,華南永昌-頭份,2023-01-10,9343
3047,訊舟,10,7,3,華南永昌-頭份,2023-01-10,9343
6235,華孚,7,4,3,華南永昌-頭份,2023-01-10,9343
3704,合勤控,73,3,70,華南永昌-頭份,2023-01-11,9343
4904,遠傳,31,0,31,華南永昌-頭份,2023-01-11,9343
3230,錦明,25,0,25,華南永昌-頭份,2023-01-11,9343
1442,名軒,20,0,20,華南永昌-頭份,2023-01-11,9343
2888,新光金,19,0,19,華南永昌-頭份,2023-01-11,9343
3105,穩懋,17,4,13,華南永昌-頭份,2023-01-11,9343
2610,華航,33,21,12,華南永昌-頭份,2023-01-11,9343
8358,金居,13,1,12,華南永昌-頭份,2023-01-11,9343
3141,晶宏,14,2,12,華南永昌-頭份,2023-01-11,9343
8050,廣積,12,1,11,華南永昌-頭份,2023-01-11,9343
6770,力積電,13,2,11,華南永昌-頭份,2023-01-11,9343
2201,裕隆,10,0,10,華南永昌-頭份,2023-01-11,9343
2542,興富發,11,1,10,華南永昌-頭份,2023-01-11,9343
2614,東森,16,6,10,華南永昌-頭份,2023-01-11,9343
2641,正德,12,2,10,華南永昌-頭份,2023-01-11,9343
3455,由田,10,0,10,華南永昌-頭份,2023-01-11,9343
4979,華星光,11,1,10,華南永昌-頭份,2023-01-11,9343
6015,宏遠證,10,0,10,華南永昌-頭份,2023-01-11,9343
6163,華電網,20,10,10,華南永昌-頭份,2023-01-11,9343
9105,泰金寶-DR,10,0,10,華南永昌-頭份,2023-01-11,9343
4746,台耀,9,0,9,華南永昌-頭份,2023-01-11,9343
8171,天宇,13,4,9,華南永昌-頭份,2023-01-11,9343
2845,遠東銀,10,2,8,華南永昌-頭份,2023-01-11,9343
3162,精確,10,2,8,華南永昌-頭份,2023-01-11,9343
3628,盈正,8,0,8,華南永昌-頭份,2023-01-11,9343
4743,合一,8,0,8,華南永昌-頭份,2023-01-11,9343
2884,玉山金,7,0,7,華南永昌-頭份,2023-01-11,9343
2359,所羅門,7,0,7,華南永昌-頭份,2023-01-11,9343
2495,普安,7,0,7,華南永昌-頭份,2023-01-11,9343
2929,淘帝-KY,7,0,7,華南永昌-頭份,2023-01-11,9343
2313,華通,10,4,6,華南永昌-頭份,2023-01-11,9343
2723,美食-KY,6,0,6,華南永昌-頭份,2023-01-11,9343
3006,晶豪科,9,3,6,華南永昌-頭份,2023-01-11,9343
3508,位速,6,0,6,華南永昌-頭份,2023-01-11,9343
3532,台勝科,6,0,6,華南永昌-頭份,2023-01-11,9343
5009,榮剛,9,3,6,華南永昌-頭份,2023-01-11,9343
1752,南光,5,0,5,華南永昌-頭份,2023-01-11,9343
1809,中釉,6,1,5,華南永昌-頭份,2023-01-11,9343
2002,中鋼,5,0,5,華南永昌-頭份,2023-01-11,9343
2230,泰茂,6,1,5,華南永昌-頭份,2023-01-11,9343
2356,英業達,5,0,5,華南永昌-頭份,2023-01-11,9343
2442,新美齊,5,0,5,華南永昌-頭份,2023-01-11,9343
2537,聯上發,5,0,5,華南永昌-頭份,2023-01-11,9343
3189,景碩,10,5,5,華南永昌-頭份,2023-01-11,9343
3481,群創,28,23,5,華南永昌-頭份,2023-01-11,9343
8420,明揚,5,0,5,華南永昌-頭份,2023-01-11,9343
2206,三陽工業,5,0,5,華南永昌-頭份,2023-01-11,9343
4961,天鈺,7,3,4,華南永昌-頭份,2023-01-11,9343
2436,偉詮電,5,1,4,華南永昌-頭份,2023-01-11,9343
2457,飛宏,5,1,4,華南永昌-頭份,2023-01-11,9343
6477,安集,107,0,107,華南永昌-頭份,2023-01-12,9343
6120,達運,30,0,30,華南永昌-頭份,2023-01-12,9343
3481,群創,31,5,26,華南永昌-頭份,2023-01-12,9343
1528,恩德,18,0,18,華南永昌-頭份,2023-01-12,9343
2023,燁輝,22,4,18,華南永昌-頭份,2023-01-12,9343
1308,亞聚,17,0,17,華南永昌-頭份,2023-01-12,9343
8050,廣積,16,0,16,華南永昌-頭份,2023-01-12,9343
6245,立端,13,1,12,華南永昌-頭份,2023-01-12,9343
5299,杰力,12,1,11,華南永昌-頭份,2023-01-12,9343
1720,生達,10,0,10,華南永昌-頭份,2023-01-12,9343
2342,茂矽,11,1,10,華南永昌-頭份,2023-01-12,9343
4747,強生,10,0,10,華南永昌-頭份,2023-01-12,9343
6257,矽格,10,0,10,華南永昌-頭份,2023-01-12,9343
6278,台表科,10,0,10,華南永昌-頭份,2023-01-12,9343
6456,GIS-KY,10,0,10,華南永昌-頭份,2023-01-12,9343
00878,國泰永續高股息,10,1,9,華南永昌-頭份,2023-01-12,9343
00882,中信中國高股息,9,0,9,華南永昌-頭份,2023-01-12,9343
2027,大成鋼,11,2,9,華南永昌-頭份,2023-01-12,9343
2368,金像電,10,1,9,華南永昌-頭份,2023-01-12,9343
8222,寶一,9,0,9,華南永昌-頭份,2023-01-12,9343
2607,榮運,8,0,8,華南永昌-頭份,2023-01-12,9343
3594,磐儀,8,0,8,華南永昌-頭份,2023-01-12,9343
3711,日月光投控,10,2,8,華南永昌-頭份,2023-01-12,9343
5371,中光電,8,0,8,華南永昌-頭份,2023-01-12,9343
4128,中天,7,0,7,華南永昌-頭份,2023-01-12,9343
3027,盛達,6,0,6,華南永昌-頭份,2023-01-12,9343
6136,富爾特,6,0,6,華南永昌-頭份,2023-01-12,9343
00655L,國泰中國A50正2,5,0,5,華南永昌-頭份,2023-01-12,9343
1313,聯成,10,5,5,華南永昌-頭份,2023-01-12,9343
2442,新美齊,5,0,5,華南永昌-頭份,2023-01-12,9343
2486,一詮,5,0,5,華南永昌-頭份,2023-01-12,9343
2501,國建,5,0,5,華南永昌-頭份,2023-01-12,9343
2904,匯僑,5,0,5,華南永昌-頭份,2023-01-12,9343
4974,亞泰,6,1,5,華南永昌-頭份,2023-01-12,9343
5490,同亨,5,0,5,華南永昌-頭份,2023-01-12,9343
6715,嘉基,5,0,5,華南永昌-頭份,2023-01-12,9343
6756,威鋒電子,5,0,5,華南永昌-頭份,2023-01-12,9343
8171,天宇,5,0,5,華南永昌-頭份,2023-01-12,9343
8213,志超,5,0,5,華南永昌-頭份,2023-01-12,9343
2328,廣宇,4,0,4,華南永昌-頭份,2023-01-12,9343
2359,所羅門,4,0,4,華南永昌-頭份,2023-01-12,9343
2498,宏達電,6,2,4,華南永昌-頭份,2023-01-12,9343
2891,中信金,5,1,4,華南永昌-頭份,2023-01-12,9343
3704,合勤控,8,4,4,華南永昌-頭份,2023-01-12,9343
5263,智崴,6,2,4,華南永昌-頭份,2023-01-12,9343
6104,創惟,4,0,4,華南永昌-頭份,2023-01-12,9343
6182,合晶,5,1,4,華南永昌-頭份,2023-01-12,9343
00888,永豐台灣ESG,3,0,3,華南永昌-頭份,2023-01-12,9343
2352,佳世達,6,3,3,華南永昌-頭份,2023-01-12,9343
2880,華南金,3,0,3,華南永昌-頭份,2023-01-12,9343
2358,廷鑫,35,4,31,華南永昌-頭份,2023-01-13,9343
8050,廣積,31,1,30,華南永昌-頭份,2023-01-13,9343
2007,燁興,30,0,30,華南永昌-頭份,2023-01-13,9343
1529,樂事綠能,31,2,29,華南永昌-頭份,2023-01-13,9343
6443,元晶,27,0,27,華南永昌-頭份,2023-01-13,9343
2636,台驊控股,24,3,21,華南永昌-頭份,2023-01-13,9343
00882,中信中國高股息,17,0,17,華南永昌-頭份,2023-01-13,9343
1605,華新,34,17,17,華南永昌-頭份,2023-01-13,9343
1789,神隆,12,0,12,華南永昌-頭份,2023-01-13,9343
1752,南光,19,8,11,華南永昌-頭份,2023-01-13,9343
2312,金寶,11,0,11,華南永昌-頭份,2023-01-13,9343
6278,台表科,11,0,11,華南永昌-頭份,2023-01-13,9343
2230,泰茂,10,0,10,華南永昌-頭份,2023-01-13,9343
3682,亞太電,10,0,10,華南永昌-頭份,2023-01-13,9343
5014,建錩,10,0,10,華南永昌-頭份,2023-01-13,9343
5284,jpp-KY,10,0,10,華南永昌-頭份,2023-01-13,9343
6120,達運,10,0,10,華南永昌-頭份,2023-01-13,9343
00878,國泰永續高股息,10,0,10,華南永昌-頭份,2023-01-13,9343
2107,厚生,9,0,9,華南永昌-頭份,2023-01-13,9343
5263,智崴,10,1,9,華南永昌-頭份,2023-01-13,9343
8038,長園科,9,0,9,華南永昌-頭份,2023-01-13,9343
3443,創意,11,3,8,華南永昌-頭份,2023-01-13,9343
5371,中光電,8,0,8,華南永昌-頭份,2023-01-13,9343
8421,旭源,8,0,8,華南永昌-頭份,2023-01-13,9343
2371,大同,7,0,7,華南永昌-頭份,2023-01-13,9343
2442,新美齊,7,0,7,華南永昌-頭份,2023-01-13,9343
2607,榮運,7,0,7,華南永昌-頭份,2023-01-13,9343
3704,合勤控,20,14,6,華南永昌-頭份,2023-01-13,9343
3374,精材,8,2,6,華南永昌-頭份,2023-01-13,9343
6139,亞翔,6,0,6,華南永昌-頭份,2023-01-13,9343
9958,世紀鋼,5,0,5,華南永昌-頭份,2023-01-13,9343
00650L,復華香港正2,5,0,5,華南永昌-頭份,2023-01-13,9343
2329,華泰,5,0,5,華南永昌-頭份,2023-01-13,9343
2331,精英,5,0,5,華南永昌-頭份,2023-01-13,9343
2359,所羅門,5,0,5,華南永昌-頭份,2023-01-13,9343
2457,飛宏,5,0,5,華南永昌-頭份,2023-01-13,9343
2609,陽明,5,0,5,華南永昌-頭份,2023-01-13,9343
2845,遠東銀,5,0,5,華南永昌-頭份,2023-01-13,9343
4114,健喬,7,2,5,華南永昌-頭份,2023-01-13,9343
5351,鈺創,11,6,5,華南永昌-頭份,2023-01-13,9343
8087,麗升能源,5,0,5,華南永昌-頭份,2023-01-13,9343
2313,華通,8,4,4,華南永昌-頭份,2023-01-13,9343
2449,京元電子,5,1,4,華南永昌-頭份,2023-01-13,9343
2476,鉅祥,4,0,4,華南永昌-頭份,2023-01-13,9343
2882,國泰金,4,0,4,華南永昌-頭份,2023-01-13,9343
2915,潤泰全,5,1,4,華南永昌-頭份,2023-01-13,9343
3592,瑞鼎,4,0,4,華南永昌-頭份,2023-01-13,9343
4763,材料-KY,10,6,4,華南永昌-頭份,2023-01-13,9343
6129,普誠,4,0,4,華南永昌-頭份,2023-01-13,9343
1503,士電,3,0,3,華南永昌-頭份,2023-01-13,9343
0056,元大高股息,178,0,178,華南永昌-頭份,2023-01-16,9343
2352,佳世達,150,0,150,華南永昌-頭份,2023-01-16,9343
6477,安集,103,0,103,華南永昌-頭份,2023-01-16,9343
00676R,富邦臺灣加權反1,99,0,99,華南永昌-頭份,2023-01-16,9343
2834,臺企銀,111,31,80,華南永昌-頭份,2023-01-16,9343
6120,達運,25,0,25,華南永昌-頭份,2023-01-16,9343
2489,瑞軒,24,0,24,華南永昌-頭份,2023-01-16,9343
1802,台玻,20,0,20,華南永昌-頭份,2023-01-16,9343
4950,牧東,20,0,20,華南永昌-頭份,2023-01-16,9343
6139,亞翔,18,0,18,華南永昌-頭份,2023-01-16,9343
3499,環天科,15,0,15,華南永昌-頭份,2023-01-16,9343
6116,彩晶,15,0,15,華南永昌-頭份,2023-01-16,9343
6278,台表科,12,0,12,華南永昌-頭份,2023-01-16,9343
2312,金寶,11,0,11,華南永昌-頭份,2023-01-16,9343
00655L,國泰中國A50正2,10,0,10,華南永昌-頭份,2023-01-16,9343
00652,富邦印度,10,0,10,華南永昌-頭份,2023-01-16,9343
4904,遠傳,10,0,10,華南永昌-頭份,2023-01-16,9343
6118,建達,12,2,10,華南永昌-頭份,2023-01-16,9343
3230,錦明,9,0,9,華南永昌-頭份,2023-01-16,9343
3037,欣興,11,3,8,華南永昌-頭份,2023-01-16,9343
1218,泰山,8,0,8,華南永昌-頭份,2023-01-16,9343
2607,榮運,7,0,7,華南永昌-頭份,2023-01-16,9343
4743,合一,10,3,7,華南永昌-頭份,2023-01-16,9343
2892,第一金,10,3,7,華南永昌-頭份,2023-01-16,9343
8069,元太,7,1,6,華南永昌-頭份,2023-01-16,9343
1313,聯成,15,10,5,華南永昌-頭份,2023-01-16,9343
00669R,國泰美國道瓊反1,5,0,5,華南永昌-頭份,2023-01-16,9343
1101,台泥,11,6,5,華南永昌-頭份,2023-01-16,9343
4121,優盛,5,0,5,華南永昌-頭份,2023-01-16,9343
2317,鴻海,5,1,4,華南永昌-頭份,2023-01-16,9343
00882,中信中國高股息,5,1,4,華南永昌-頭份,2023-01-16,9343
2206,三陽工業,4,0,4,華南永昌-頭份,2023-01-16,9343
2476,鉅祥,4,0,4,華南永昌-頭份,2023-01-16,9343
4111,濟生,5,1,4,華南永昌-頭份,2023-01-16,9343
4155,訊映,4,0,4,華南永昌-頭份,2023-01-16,9343
6612,奈米醫材,4,0,4,華南永昌-頭份,2023-01-16,9343
00640L,富邦日本正2,3,0,3,華南永昌-頭份,2023-01-16,9343
1305,華夏,3,0,3,華南永昌-頭份,2023-01-16,9343
1608,華榮,3,0,3,華南永昌-頭份,2023-01-16,9343
1701,中化,8,5,3,華南永昌-頭份,2023-01-16,9343
1734,杏輝,4,1,3,華南永昌-頭份,2023-01-16,9343
2455,全新,3,0,3,華南永昌-頭份,2023-01-16,9343
2884,玉山金,4,1,3,華南永昌-頭份,2023-01-16,9343
3434,哲固,3,0,3,華南永昌-頭份,2023-01-16,9343
6111,大宇資,3,0,3,華南永昌-頭份,2023-01-16,9343
8046,南電,5,2,3,華南永昌-頭份,2023-01-16,9343
2888,新光金,2,0,2,華南永昌-頭份,2023-01-16,9343
1432,大魯閣,2,0,2,華南永昌-頭份,2023-01-16,9343
00680L,元大美債20正2,2,0,2,華南永昌-頭份,2023-01-16,9343
2324,仁寶,2,0,2,華南永昌-頭份,2023-01-16,9343
1218,泰山,42,0,42,華南永昌-頭份,2023-01-17,9343
3481,群創,34,2,32,華南永昌-頭份,2023-01-17,9343
2609,陽明,32,0,32,華南永昌-頭份,2023-01-17,9343
2352,佳世達,30,0,30,華南永昌-頭份,2023-01-17,9343
3037,欣興,29,3,26,華南永昌-頭份,2023-01-17,9343
00882,中信中國高股息,25,0,25,華南永昌-頭份,2023-01-17,9343
00712,復華富時不動產,30,5,25,華南永昌-頭份,2023-01-17,9343
6770,力積電,26,3,23,華南永昌-頭份,2023-01-17,9343
2444,兆勁,20,0,20,華南永昌-頭份,2023-01-17,9343
6672,騰輝電子-KY,12,0,12,華南永昌-頭份,2023-01-17,9343
2441,超豐,11,0,11,華南永昌-頭份,2023-01-17,9343
2641,正德,12,1,11,華南永昌-頭份,2023-01-17,9343
00652,富邦印度,10,0,10,華南永昌-頭份,2023-01-17,9343
3035,智原,11,1,10,華南永昌-頭份,2023-01-17,9343
6196,帆宣,10,0,10,華南永昌-頭份,2023-01-17,9343
6239,力成,10,0,10,華南永昌-頭份,2023-01-17,9343
8069,元太,10,1,9,華南永昌-頭份,2023-01-17,9343
6139,亞翔,8,0,8,華南永昌-頭份,2023-01-17,9343
00669R,國泰美國道瓊反1,6,0,6,華南永昌-頭份,2023-01-17,9343
1795,美時,7,1,6,華南永昌-頭份,2023-01-17,9343
2880,華南金,6,0,6,華南永昌-頭份,2023-01-17,9343
3005,神基,6,0,6,華南永昌-頭份,2023-01-17,9343
4747,強生,6,0,6,華南永昌-頭份,2023-01-17,9343
6443,元晶,6,0,6,華南永昌-頭份,2023-01-17,9343
6535,順藥,6,0,6,華南永昌-頭份,2023-01-17,9343
00878,國泰永續高股息,6,0,6,華南永昌-頭份,2023-01-17,9343
2884,玉山金,8,3,5,華南永昌-頭份,2023-01-17,9343
2317,鴻海,17,12,5,華南永昌-頭份,2023-01-17,9343
00650L,復華香港正2,5,0,5,華南永昌-頭份,2023-01-17,9343
00666R,富邦�琤肭磪齯�1,5,0,5,華南永昌-頭份,2023-01-17,9343
00715L,期街口布蘭特正2,6,1,5,華南永昌-頭份,2023-01-17,9343
2405,輔信,5,0,5,華南永昌-頭份,2023-01-17,9343
2603,長榮,12,7,5,華南永昌-頭份,2023-01-17,9343
4167,松瑞藥,11,6,5,華南永昌-頭份,2023-01-17,9343
4763,材料-KY,8,3,5,華南永昌-頭份,2023-01-17,9343
6182,合晶,5,0,5,華南永昌-頭份,2023-01-17,9343
2358,廷鑫,5,1,4,華南永昌-頭份,2023-01-17,9343
2888,新光金,10,6,4,華南永昌-頭份,2023-01-17,9343
3312,弘憶股,4,0,4,華南永昌-頭份,2023-01-17,9343
1560,中砂,3,0,3,華南永昌-頭份,2023-01-17,9343
1101,台泥,6,3,3,華南永昌-頭份,2023-01-17,9343
00653L,富邦印度正2,3,0,3,華南永昌-頭份,2023-01-17,9343
1519,華城,6,3,3,華南永昌-頭份,2023-01-17,9343
2230,泰茂,3,0,3,華南永昌-頭份,2023-01-17,9343
2368,金像電,3,0,3,華南永昌-頭份,2023-01-17,9343
6111,大宇資,3,0,3,華南永昌-頭份,2023-01-17,9343
8046,南電,4,1,3,華南永昌-頭份,2023-01-17,9343
8087,麗升能源,6,3,3,華南永昌-頭份,2023-01-17,9343
1701,中化,6,3,3,華南永昌-頭份,2023-01-17,9343
8358,金居,2,0,2,華南永昌-頭份,2023-01-17,9343
2834,臺企銀,120,1,119,華南永昌-頭份,2023-01-30,9343
00637L,元大滬深300正2,114,8,106,華南永昌-頭份,2023-01-30,9343
6244,茂迪,38,0,38,華南永昌-頭份,2023-01-30,9343
2614,東森,31,1,30,華南永昌-頭份,2023-01-30,9343
1337,再生-KY,30,0,30,華南永昌-頭份,2023-01-30,9343
6104,創惟,25,3,22,華南永昌-頭份,2023-01-30,9343
2609,陽明,20,0,20,華南永昌-頭份,2023-01-30,9343
8415,大國鋼,20,0,20,華南永昌-頭份,2023-01-30,9343
2634,漢翔,15,0,15,華南永昌-頭份,2023-01-30,9343
2748,雲品,15,0,15,華南永昌-頭份,2023-01-30,9343
3049,精金,15,0,15,華南永昌-頭份,2023-01-30,9343
6589,台康生技,15,0,15,華南永昌-頭份,2023-01-30,9343
1218,泰山,15,2,13,華南永昌-頭份,2023-01-30,9343
6719,力智,15,2,13,華南永昌-頭份,2023-01-30,9343
5880,合庫金,12,0,12,華南永昌-頭份,2023-01-30,9343
2317,鴻海,12,0,12,華南永昌-頭份,2023-01-30,9343
00632R,元大台灣50反1,11,0,11,華南永昌-頭份,2023-01-30,9343
3455,由田,11,0,11,華南永昌-頭份,2023-01-30,9343
1467,南緯,10,0,10,華南永昌-頭份,2023-01-30,9343
2014,中鴻,26,16,10,華南永昌-頭份,2023-01-30,9343
2017,官田鋼,10,0,10,華南永昌-頭份,2023-01-30,9343
3265,台星科,10,0,10,華南永昌-頭份,2023-01-30,9343
5907,大洋-KY,10,0,10,華南永昌-頭份,2023-01-30,9343
8033,雷虎,10,0,10,華南永昌-頭份,2023-01-30,9343
9938,百和,10,0,10,華南永昌-頭份,2023-01-30,9343
2891,中信金,9,0,9,華南永昌-頭份,2023-01-30,9343
2023,燁輝,11,3,8,華南永昌-頭份,2023-01-30,9343
2444,兆勁,7,0,7,華南永昌-頭份,2023-01-30,9343
2489,瑞軒,6,0,6,華南永昌-頭份,2023-01-30,9343
3374,精材,6,0,6,華南永昌-頭份,2023-01-30,9343
4979,華星光,18,12,6,華南永昌-頭份,2023-01-30,9343
00878,國泰永續高股息,12,7,5,華南永昌-頭份,2023-01-30,9343
00852L,國泰美國道瓊正2,5,0,5,華南永昌-頭份,2023-01-30,9343
1809,中釉,5,0,5,華南永昌-頭份,2023-01-30,9343
2029,盛餘,5,0,5,華南永昌-頭份,2023-01-30,9343
4906,正文,5,0,5,華南永昌-頭份,2023-01-30,9343
6235,華孚,14,9,5,華南永昌-頭份,2023-01-30,9343
2049,上銀,5,1,4,華南永昌-頭份,2023-01-30,9343
00641R,富邦日本反1,4,0,4,華南永昌-頭份,2023-01-30,9343
1514,亞力,4,0,4,華南永昌-頭份,2023-01-30,9343
2455,全新,5,1,4,華南永昌-頭份,2023-01-30,9343
2610,華航,5,1,4,華南永昌-頭份,2023-01-30,9343
3017,奇鋐,4,0,4,華南永昌-頭份,2023-01-30,9343
3221,台嘉碩,4,0,4,華南永昌-頭份,2023-01-30,9343
3680,家登,4,0,4,華南永昌-頭份,2023-01-30,9343
4157,太景*-KY,4,0,4,華南永昌-頭份,2023-01-30,9343
8069,元太,4,0,4,華南永昌-頭份,2023-01-30,9343
00882,中信中國高股息,3,0,3,華南永昌-頭份,2023-01-30,9343
1219,福壽,3,0,3,華南永昌-頭份,2023-01-30,9343
1522,堤維西,3,0,3,華南永昌-頭份,2023-01-30,9343
1608,華榮,105,2,103,華南永昌-頭份,2023-01-31,9343
3149,正達,50,0,50,華南永昌-頭份,2023-01-31,9343
00905,FT臺灣Smart,27,3,24,華南永昌-頭份,2023-01-31,9343
6719,力智,27,4,23,華南永昌-頭份,2023-01-31,9343
3706,神達,20,0,20,華南永昌-頭份,2023-01-31,9343
1701,中化,17,0,17,華南永昌-頭份,2023-01-31,9343
2887,台新金,24,7,17,華南永昌-頭份,2023-01-31,9343
1218,泰山,15,0,15,華南永昌-頭份,2023-01-31,9343
2402,毅嘉,16,1,15,華南永昌-頭份,2023-01-31,9343
8069,元太,15,1,14,華南永昌-頭份,2023-01-31,9343
1529,樂事綠能,15,2,13,華南永昌-頭份,2023-01-31,9343
2897,王道銀行,13,0,13,華南永昌-頭份,2023-01-31,9343
5425,台半,16,3,13,華南永昌-頭份,2023-01-31,9343
2886,兆豐金,11,0,11,華南永昌-頭份,2023-01-31,9343
3317,尼克森,10,0,10,華南永昌-頭份,2023-01-31,9343
6282,康舒,31,21,10,華南永昌-頭份,2023-01-31,9343
2014,中鴻,12,3,9,華南永昌-頭份,2023-01-31,9343
5371,中光電,10,1,9,華南永昌-頭份,2023-01-31,9343
00900,富邦特選高股息30,9,0,9,華南永昌-頭份,2023-01-31,9343
2330,台積電,13,4,9,華南永昌-頭份,2023-01-31,9343
6443,元晶,20,12,8,華南永昌-頭份,2023-01-31,9343
2609,陽明,12,4,8,華南永昌-頭份,2023-01-31,9343
00715L,期街口布蘭特正2,7,0,7,華南永昌-頭份,2023-01-31,9343
6278,台表科,16,9,7,華南永昌-頭份,2023-01-31,9343
2201,裕隆,32,26,6,華南永昌-頭份,2023-01-31,9343
2009,第一銅,8,2,6,華南永昌-頭份,2023-01-31,9343
2049,上銀,7,1,6,華南永昌-頭份,2023-01-31,9343
6113,亞矽,6,0,6,華南永昌-頭份,2023-01-31,9343
6190,萬泰科,8,2,6,華南永昌-頭份,2023-01-31,9343
2880,華南金,6,0,6,華南永昌-頭份,2023-01-31,9343
1313,聯成,10,5,5,華南永昌-頭份,2023-01-31,9343
00893,國泰智能電動車,5,0,5,華南永昌-頭份,2023-01-31,9343
2013,中鋼構,5,0,5,華南永昌-頭份,2023-01-31,9343
2471,資通,5,0,5,華南永昌-頭份,2023-01-31,9343
2891,中信金,5,0,5,華南永昌-頭份,2023-01-31,9343
3338,泰碩,5,0,5,華南永昌-頭份,2023-01-31,9343
5351,鈺創,8,3,5,華南永昌-頭份,2023-01-31,9343
6127,九豪,5,0,5,華南永昌-頭份,2023-01-31,9343
8933,愛地雅,5,0,5,華南永昌-頭份,2023-01-31,9343
5880,合庫金,4,0,4,華南永昌-頭份,2023-01-31,9343
00637L,元大滬深300正2,4,0,4,華南永昌-頭份,2023-01-31,9343
00720B,元大投資級公司債,4,0,4,華南永昌-頭份,2023-01-31,9343
2038,海光,4,0,4,華南永昌-頭份,2023-01-31,9343
2324,仁寶,4,0,4,華南永昌-頭份,2023-01-31,9343
2344,華邦電,4,0,4,華南永昌-頭份,2023-01-31,9343
2884,玉山金,4,0,4,華南永昌-頭份,2023-01-31,9343
4171,瑞基,4,0,4,華南永昌-頭份,2023-01-31,9343
5227,立凱-KY,6,2,4,華南永昌-頭份,2023-01-31,9343
2892,第一金,5,1,4,華南永昌-頭份,2023-01-31,9343
3037,欣興,5,2,3,華南永昌-頭份,2023-01-31,9343
00632R,元大台灣50反1,201,0,201,華南永昌-頭份,2023-02-01,9343
1701,中化,133,6,127,華南永昌-頭份,2023-02-01,9343
2030,彰源,99,12,87,華南永昌-頭份,2023-02-01,9343
1305,華夏,50,1,49,華南永昌-頭份,2023-02-01,9343
5014,建錩,40,1,39,華南永昌-頭份,2023-02-01,9343
3682,亞太電,35,0,35,華南永昌-頭份,2023-02-01,9343
5371,中光電,30,0,30,華南永昌-頭份,2023-02-01,9343
2344,華邦電,36,9,27,華南永昌-頭份,2023-02-01,9343
2402,毅嘉,26,0,26,華南永昌-頭份,2023-02-01,9343
8105,凌巨,25,0,25,華南永昌-頭份,2023-02-01,9343
5907,大洋-KY,24,0,24,華南永昌-頭份,2023-02-01,9343
1218,泰山,20,0,20,華南永昌-頭份,2023-02-01,9343
2485,兆赫,20,0,20,華南永昌-頭份,2023-02-01,9343
6152,百一,20,0,20,華南永昌-頭份,2023-02-01,9343
6550,北極星藥業-KY,17,2,15,華南永昌-頭份,2023-02-01,9343
1609,大亞,24,11,13,華南永昌-頭份,2023-02-01,9343
00878,國泰永續高股息,12,0,12,華南永昌-頭份,2023-02-01,9343
2009,第一銅,36,24,12,華南永昌-頭份,2023-02-01,9343
6104,創惟,13,1,12,華南永昌-頭份,2023-02-01,9343
2351,順德,14,3,11,華南永昌-頭份,2023-02-01,9343
2413,環科,16,5,11,華南永昌-頭份,2023-02-01,9343
5009,榮剛,13,2,11,華南永昌-頭份,2023-02-01,9343
2330,台積電,12,2,10,華南永昌-頭份,2023-02-01,9343
2887,台新金,11,0,11,華南永昌-頭份,2023-02-01,9343
3558,神準,14,4,10,華南永昌-頭份,2023-02-01,9343
3706,神達,10,0,10,華南永昌-頭份,2023-02-01,9343
4974,亞泰,10,0,10,華南永昌-頭份,2023-02-01,9343
3141,晶宏,13,4,9,華南永昌-頭份,2023-02-01,9343
0056,元大高股息,8,0,8,華南永昌-頭份,2023-02-01,9343
2465,麗臺,11,3,8,華南永昌-頭份,2023-02-01,9343
2883,凱基金,10,2,8,華南永昌-頭份,2023-02-01,9343
00905,FT臺灣Smart,7,0,7,華南永昌-頭份,2023-02-01,9343
2313,華通,20,13,7,華南永昌-頭份,2023-02-01,9343
4108,懷特,7,0,7,華南永昌-頭份,2023-02-01,9343
4763,材料-KY,15,8,7,華南永昌-頭份,2023-02-01,9343
6285,啟��,7,0,7,華南永昌-頭份,2023-02-01,9343
2206,三陽工業,6,0,6,華南永昌-頭份,2023-02-01,9343
2606,裕民,6,0,6,華南永昌-頭份,2023-02-01,9343
3189,景碩,11,6,5,華南永昌-頭份,2023-02-01,9343
3049,精金,5,0,5,華南永昌-頭份,2023-02-01,9343
3481,群創,5,0,5,華南永昌-頭份,2023-02-01,9343
1108,幸福,5,0,5,華南永昌-頭份,2023-02-01,9343
2312,金寶,10,5,5,華南永昌-頭份,2023-02-01,9343
2633,台灣高鐵,5,0,5,華南永昌-頭份,2023-02-01,9343
2906,高林,5,0,5,華南永昌-頭份,2023-02-01,9343
4188,安克,5,0,5,華南永昌-頭份,2023-02-01,9343
4755,三福化,5,0,5,華南永昌-頭份,2023-02-01,9343
8222,寶一,9,5,4,華南永昌-頭份,2023-02-01,9343
2497,怡利電,4,0,4,華南永昌-頭份,2023-02-01,9343
2884,玉山金,4,0,4,華南永昌-頭份,2023-02-01,9343
6770,力積電,323,18,305,華南永昌-頭份,2023-02-02,9343
3481,群創,63,20,43,華南永昌-頭份,2023-02-02,9343
1305,華夏,36,0,36,華南永昌-頭份,2023-02-02,9343
00878,國泰永續高股息,40,5,35,華南永昌-頭份,2023-02-02,9343
3576,聯合再生,38,10,28,華南永昌-頭份,2023-02-02,9343
00885,富邦越南,25,0,25,華南永昌-頭份,2023-02-02,9343
2369,菱生,22,0,22,華南永昌-頭份,2023-02-02,9343
2484,希華,23,2,21,華南永昌-頭份,2023-02-02,9343
2421,建準,20,0,20,華南永昌-頭份,2023-02-02,9343
8222,寶一,21,2,19,華南永昌-頭份,2023-02-02,9343
2419,仲琦,20,2,18,華南永昌-頭份,2023-02-02,9343
3037,欣興,24,7,17,華南永昌-頭份,2023-02-02,9343
6284,佳邦,24,8,16,華南永昌-頭份,2023-02-02,9343
3122,笙泉,15,0,15,華南永昌-頭份,2023-02-02,9343
00715L,期街口布蘭特正2,14,0,14,華南永昌-頭份,2023-02-02,9343
1584,精剛,18,4,14,華南永昌-頭份,2023-02-02,9343
3162,精確,14,1,13,華南永昌-頭份,2023-02-02,9343
2399,映泰,12,0,12,華南永昌-頭份,2023-02-02,9343
2883,凱基金,11,0,11,華南永昌-頭份,2023-02-02,9343
5371,中光電,45,34,11,華南永昌-頭份,2023-02-02,9343
00896,中信綠能及電動車,10,0,10,華南永昌-頭份,2023-02-02,9343
00888,永豐台灣ESG,10,0,10,華南永昌-頭份,2023-02-02,9343
00713,元大台灣高息低波,10,0,10,華南永昌-頭份,2023-02-02,9343
2030,彰源,10,0,10,華南永昌-頭份,2023-02-02,9343
2323,中環,10,0,10,華南永昌-頭份,2023-02-02,9343
6235,華孚,10,0,10,華南永昌-頭份,2023-02-02,9343
8261,富鼎,11,1,10,華南永昌-頭份,2023-02-02,9343
9962,有益,10,0,10,華南永昌-頭份,2023-02-02,9343
1809,中釉,10,1,9,華南永昌-頭份,2023-02-02,9343
2402,毅嘉,10,1,9,華南永昌-頭份,2023-02-02,9343
2867,三商壽,11,2,9,華南永昌-頭份,2023-02-02,9343
2891,中信金,9,0,9,華南永昌-頭份,2023-02-02,9343
3049,精金,14,5,9,華南永昌-頭份,2023-02-02,9343
4743,合一,11,2,9,華南永昌-頭份,2023-02-02,9343
9958,世紀鋼,15,6,9,華南永昌-頭份,2023-02-02,9343
1609,大亞,13,4,9,華南永昌-頭份,2023-02-02,9343
2882,國泰金,13,4,9,華南永昌-頭份,2023-02-02,9343
2610,華航,9,1,8,華南永昌-頭份,2023-02-02,9343
00637L,元大滬深300正2,14,6,8,華南永昌-頭份,2023-02-02,9343
2618,長榮航,31,23,8,華南永昌-頭份,2023-02-02,9343
6213,聯茂,8,0,8,華南永昌-頭份,2023-02-02,9343
2412,中華電,8,0,8,華南永昌-頭份,2023-02-02,9343
2317,鴻海,10,3,7,華南永昌-頭份,2023-02-02,9343
2481,強茂,10,3,7,華南永昌-頭份,2023-02-02,9343
6667,信紘科,7,0,7,華南永昌-頭份,2023-02-02,9343
00852L,國泰美國道瓊正2,6,0,6,華南永昌-頭份,2023-02-02,9343
2614,東森,6,0,6,華南永昌-頭份,2023-02-02,9343
2929,淘帝-KY,7,1,6,華南永昌-頭份,2023-02-02,9343
3041,揚智,8,2,6,華南永昌-頭份,2023-02-02,9343
3680,家登,6,0,6,華南永昌-頭份,2023-02-02,9343
00878,國泰永續高股息,139,6,133,華南永昌-頭份,2023-02-03,9343
2329,華泰,52,3,49,華南永昌-頭份,2023-02-03,9343
00715L,期街口布蘭特正2,44,0,44,華南永昌-頭份,2023-02-03,9343
2484,希華,68,29,39,華南永昌-頭份,2023-02-03,9343
6494,九齊,38,0,38,華南永昌-頭份,2023-02-03,9343
8105,凌巨,82,50,32,華南永昌-頭份,2023-02-03,9343
2888,新光金,31,0,31,華南永昌-頭份,2023-02-03,9343
00637L,元大滬深300正2,30,0,30,華南永昌-頭份,2023-02-03,9343
2002,中鋼,29,1,28,華南永昌-頭份,2023-02-03,9343
2892,第一金,25,0,25,華南永昌-頭份,2023-02-03,9343
5258,虹堡,69,45,24,華南永昌-頭份,2023-02-03,9343
00885,富邦越南,20,0,20,華南永昌-頭份,2023-02-03,9343
2369,菱生,20,0,20,華南永昌-頭份,2023-02-03,9343
4968,立積,22,2,20,華南永昌-頭份,2023-02-03,9343
00642U,期元大S＆P石油,19,0,19,華南永昌-頭份,2023-02-03,9343
2359,所羅門,20,1,19,華南永昌-頭份,2023-02-03,9343
6190,萬泰科,29,10,19,華南永昌-頭份,2023-02-03,9343
3141,晶宏,21,3,18,華南永昌-頭份,2023-02-03,9343
2603,長榮,18,1,17,華南永昌-頭份,2023-02-03,9343
3017,奇鋐,19,4,15,華南永昌-頭份,2023-02-03,9343
2105,正新,14,0,14,華南永昌-頭份,2023-02-03,9343
2388,威盛,19,6,13,華南永昌-頭份,2023-02-03,9343
1608,華榮,12,0,12,華南永昌-頭份,2023-02-03,9343
4806,桂田文創,12,0,12,華南永昌-頭份,2023-02-03,9343
5483,中美晶,12,0,12,華南永昌-頭份,2023-02-03,9343
2352,佳世達,11,0,11,華南永昌-頭份,2023-02-03,9343
00882,中信中國高股息,11,0,11,華南永昌-頭份,2023-02-03,9343
00632R,元大台灣50反1,10,0,10,華南永昌-頭份,2023-02-03,9343
00665L,富邦�琤肭磪囓�2,10,0,10,華南永昌-頭份,2023-02-03,9343
1815,富喬,10,0,10,華南永昌-頭份,2023-02-03,9343
2421,建準,10,0,10,華南永昌-頭份,2023-02-03,9343
2615,萬海,18,8,10,華南永昌-頭份,2023-02-03,9343
2636,台驊控股,10,0,10,華南永昌-頭份,2023-02-03,9343
4564,元翎,10,0,10,華南永昌-頭份,2023-02-03,9343
6118,建達,16,6,10,華南永昌-頭份,2023-02-03,9343
6684,安格,10,0,10,華南永昌-頭份,2023-02-03,9343
9904,寶成,10,0,10,華南永昌-頭份,2023-02-03,9343
3265,台星科,9,0,9,華南永昌-頭份,2023-02-03,9343
3037,欣興,13,5,8,華南永昌-頭份,2023-02-03,9343
2009,第一銅,9,1,8,華南永昌-頭份,2023-02-03,9343
5490,同亨,8,0,8,華南永昌-頭份,2023-02-03,9343
6806,森崴能源,9,1,8,華南永昌-頭份,2023-02-03,9343
2891,中信金,7,0,7,華南永昌-頭份,2023-02-03,9343
2834,臺企銀,7,0,7,華南永昌-頭份,2023-02-03,9343
1701,中化,14,7,7,華南永昌-頭份,2023-02-03,9343
3027,盛達,8,1,7,華南永昌-頭份,2023-02-03,9343
5608,四維航,10,3,7,華南永昌-頭份,2023-02-03,9343
6531,愛普*,8,1,7,華南永昌-頭份,2023-02-03,9343
1305,華夏,6,0,6,華南永昌-頭份,2023-02-03,9343
00679B,元大美債20年,6,0,6,華南永昌-頭份,2023-02-03,9343
00715L,期街口布蘭特正2,89,32,57,華南永昌-頭份,2023-02-06,9343
4974,亞泰,62,10,52,華南永昌-頭份,2023-02-06,9343
6213,聯茂,33,0,33,華南永昌-頭份,2023-02-06,9343
3167,大量,31,0,31,華南永昌-頭份,2023-02-06,9343
1434,福懋,22,0,22,華南永昌-頭份,2023-02-06,9343
00637L,元大滬深300正2,20,0,20,華南永昌-頭份,2023-02-06,9343
3711,日月光投控,20,0,20,華南永昌-頭份,2023-02-06,9343
8105,凌巨,50,30,20,華南永昌-頭份,2023-02-06,9343
4960,誠美材,20,1,19,華南永昌-頭份,2023-02-06,9343
1710,東聯,19,0,19,華南永昌-頭份,2023-02-06,9343
2476,鉅祥,18,0,18,華南永昌-頭份,2023-02-06,9343
3048,益登,17,0,17,華南永昌-頭份,2023-02-06,9343
2607,榮運,18,1,17,華南永昌-頭份,2023-02-06,9343
3017,奇鋐,28,11,17,華南永昌-頭份,2023-02-06,9343
3037,欣興,24,8,16,華南永昌-頭份,2023-02-06,9343
1101,台泥,15,0,15,華南永昌-頭份,2023-02-06,9343
5490,同亨,15,0,15,華南永昌-頭份,2023-02-06,9343
2104,國際中橡,15,0,15,華南永昌-頭份,2023-02-06,9343
3576,聯合再生,16,3,13,華南永昌-頭份,2023-02-06,9343
0056,元大高股息,15,2,13,華南永昌-頭份,2023-02-06,9343
1227,佳格,11,0,11,華南永昌-頭份,2023-02-06,9343
2002,中鋼,11,0,11,華南永昌-頭份,2023-02-06,9343
6441,廣錠,11,0,11,華南永昌-頭份,2023-02-06,9343
2330,台積電,11,0,11,華南永昌-頭份,2023-02-06,9343
2369,菱生,10,0,10,華南永昌-頭份,2023-02-06,9343
4167,松瑞藥,16,6,10,華南永昌-頭份,2023-02-06,9343
2014,中鴻,10,0,10,華南永昌-頭份,2023-02-06,9343
2344,華邦電,10,0,10,華南永昌-頭份,2023-02-06,9343
2887,台新金,10,0,10,華南永昌-頭份,2023-02-06,9343
3013,晟銘電,15,6,9,華南永昌-頭份,2023-02-06,9343
3088,艾訊,9,0,9,華南永昌-頭份,2023-02-06,9343
6282,康舒,17,8,9,華南永昌-頭份,2023-02-06,9343
6104,創惟,12,4,8,華南永昌-頭份,2023-02-06,9343
00642U,期元大S＆P石油,8,0,8,華南永昌-頭份,2023-02-06,9343
2609,陽明,12,6,6,華南永昌-頭份,2023-02-06,9343
3588,通嘉,7,1,6,華南永昌-頭份,2023-02-06,9343
00633L,富邦上証正2,5,0,5,華南永昌-頭份,2023-02-06,9343
00679B,元大美債20年,5,0,5,華南永昌-頭份,2023-02-06,9343
00665L,富邦�琤肭磪囓�2,5,0,5,華南永昌-頭份,2023-02-06,9343
2409,友達,5,0,5,華南永昌-頭份,2023-02-06,9343
2636,台驊控股,5,0,5,華南永昌-頭份,2023-02-06,9343
2736,富野,6,1,5,華南永昌-頭份,2023-02-06,9343
2880,華南金,5,0,5,華南永昌-頭份,2023-02-06,9343
3041,揚智,5,0,5,華南永昌-頭份,2023-02-06,9343
3189,景碩,5,0,5,華南永昌-頭份,2023-02-06,9343
3455,由田,5,0,5,華南永昌-頭份,2023-02-06,9343
4148,全宇生技-KY,5,0,5,華南永昌-頭份,2023-02-06,9343
4763,材料-KY,11,6,5,華南永昌-頭份,2023-02-06,9343
9933,中鼎,5,0,5,華南永昌-頭份,2023-02-06,9343
9938,百和,5,0,5,華南永昌-頭份,2023-02-06,9343
6770,力積電,120,14,106,華南永昌-頭份,2023-02-07,9343
2504,國產,100,0,100,華南永昌-頭份,2023-02-07,9343
00878,國泰永續高股息,67,8,59,華南永昌-頭份,2023-02-07,9343
2884,玉山金,25,1,24,華南永昌-頭份,2023-02-07,9343
2330,台積電,24,0,24,華南永昌-頭份,2023-02-07,9343
3714,富采,22,0,22,華南永昌-頭份,2023-02-07,9343
00882,中信中國高股息,21,0,21,華南永昌-頭份,2023-02-07,9343
1529,樂事綠能,18,0,18,華南永昌-頭份,2023-02-07,9343
2880,華南金,18,1,17,華南永昌-頭份,2023-02-07,9343
4114,健喬,26,9,17,華南永昌-頭份,2023-02-07,9343
4142,國光生,17,2,15,華南永昌-頭份,2023-02-07,9343
1760,寶齡富錦,18,5,13,華南永昌-頭份,2023-02-07,9343
2344,華邦電,13,0,13,華南永昌-頭份,2023-02-07,9343
2368,金像電,13,0,13,華南永昌-頭份,2023-02-07,9343
5443,均豪,13,0,13,華南永昌-頭份,2023-02-07,9343
6278,台表科,12,0,12,華南永昌-頭份,2023-02-07,9343
2498,宏達電,15,4,11,華南永昌-頭份,2023-02-07,9343
2317,鴻海,42,31,11,華南永昌-頭份,2023-02-07,9343
00900,富邦特選高股息30,10,0,10,華南永昌-頭份,2023-02-07,9343
2323,中環,10,0,10,華南永昌-頭份,2023-02-07,9343
2349,錸德,10,0,10,華南永昌-頭份,2023-02-07,9343
2353,宏��,15,5,10,華南永昌-頭份,2023-02-07,9343
3558,神準,11,1,10,華南永昌-頭份,2023-02-07,9343
1605,華新,20,11,9,華南永昌-頭份,2023-02-07,9343
2610,華航,10,1,9,華南永昌-頭份,2023-02-07,9343
2607,榮運,9,0,9,華南永昌-頭份,2023-02-07,9343
3037,欣興,11,2,9,華南永昌-頭份,2023-02-07,9343
2030,彰源,13,5,8,華南永昌-頭份,2023-02-07,9343
8046,南電,8,0,8,華南永昌-頭份,2023-02-07,9343
2313,華通,7,0,7,華南永昌-頭份,2023-02-07,9343
5490,同亨,7,0,7,華南永昌-頭份,2023-02-07,9343
6442,光聖,12,5,7,華南永昌-頭份,2023-02-07,9343
2436,偉詮電,7,1,6,華南永昌-頭份,2023-02-07,9343
4931,新盛力,12,6,6,華南永昌-頭份,2023-02-07,9343
6605,帝寶,8,2,6,華南永昌-頭份,2023-02-07,9343
1701,中化,14,9,5,華南永昌-頭份,2023-02-07,9343
2302,麗正,7,2,5,華南永昌-頭份,2023-02-07,9343
2324,仁寶,5,0,5,華南永昌-頭份,2023-02-07,9343
4167,松瑞藥,10,5,5,華南永昌-頭份,2023-02-07,9343
4903,聯光通,5,0,5,華南永昌-頭份,2023-02-07,9343
8341,日友,5,0,5,華南永昌-頭份,2023-02-07,9343
6509,聚和,8,4,4,華南永昌-頭份,2023-02-07,9343
2303,聯電,6,2,4,華南永昌-頭份,2023-02-07,9343
2332,友訊,4,0,4,華南永昌-頭份,2023-02-07,9343
1339,昭輝,4,0,4,華南永昌-頭份,2023-02-07,9343
1512,瑞利,4,0,4,華南永昌-頭份,2023-02-07,9343
2419,仲琦,4,0,4,華南永昌-頭份,2023-02-07,9343
4747,強生,6,2,4,華南永昌-頭份,2023-02-07,9343
4939,亞電,4,0,4,華南永昌-頭份,2023-02-07,9343
6231,系微,4,0,4,華南永昌-頭份,2023-02-07,9343
3162,精確,69,4,65,華南永昌-頭份,2023-02-08,9343
00885,富邦越南,58,0,58,華南永昌-頭份,2023-02-08,9343
00631L,元大台灣50正2,36,4,32,華南永昌-頭份,2023-02-08,9343
3049,精金,30,0,30,華南永昌-頭份,2023-02-08,9343
4974,亞泰,36,10,26,華南永昌-頭份,2023-02-08,9343
4114,健喬,37,16,21,華南永昌-頭份,2023-02-08,9343
2498,宏達電,51,33,18,華南永昌-頭份,2023-02-08,9343
3289,宜特,16,0,16,華南永昌-頭份,2023-02-08,9343
3026,禾伸堂,15,0,15,華南永昌-頭份,2023-02-08,9343
00715L,期街口布蘭特正2,41,26,15,華南永昌-頭份,2023-02-08,9343
2614,東森,15,0,15,華南永昌-頭份,2023-02-08,9343
4529,淳紳,15,0,15,華南永昌-頭份,2023-02-08,9343
8105,凌巨,15,2,13,華南永昌-頭份,2023-02-08,9343
2607,榮運,12,0,12,華南永昌-頭份,2023-02-08,9343
1605,華新,39,28,11,華南永昌-頭份,2023-02-08,9343
2897,王道銀行,11,0,11,華南永昌-頭份,2023-02-08,9343
00878,國泰永續高股息,10,0,10,華南永昌-頭份,2023-02-08,9343
3047,訊舟,10,0,10,華南永昌-頭份,2023-02-08,9343
3576,聯合再生,10,0,10,華南永昌-頭份,2023-02-08,9343
1589,永冠-KY,10,0,10,華南永昌-頭份,2023-02-08,9343
2030,彰源,10,0,10,華南永昌-頭份,2023-02-08,9343
6244,茂迪,10,0,10,華南永昌-頭份,2023-02-08,9343
2891,中信金,9,0,9,華南永昌-頭份,2023-02-08,9343
4763,材料-KY,12,3,9,華南永昌-頭份,2023-02-08,9343
6278,台表科,9,0,9,華南永昌-頭份,2023-02-08,9343
2367,燿華,17,9,8,華南永昌-頭份,2023-02-08,9343
4743,合一,14,6,8,華南永昌-頭份,2023-02-08,9343
2302,麗正,7,0,7,華南永昌-頭份,2023-02-08,9343
2461,光群雷,7,0,7,華南永昌-頭份,2023-02-08,9343
3207,耀勝,22,15,7,華南永昌-頭份,2023-02-08,9343
6443,元晶,93,86,7,華南永昌-頭份,2023-02-08,9343
8086,宏捷科,8,1,7,華南永昌-頭份,2023-02-08,9343
2401,凌陽,8,2,6,華南永昌-頭份,2023-02-08,9343
6712,長聖,9,3,6,華南永昌-頭份,2023-02-08,9343
8069,元太,9,3,6,華南永昌-頭份,2023-02-08,9343
00902,中信電池及儲能,6,1,5,華南永昌-頭份,2023-02-08,9343
1313,聯成,5,0,5,華南永昌-頭份,2023-02-08,9343
1451,年興,5,0,5,華南永昌-頭份,2023-02-08,9343
2328,廣宇,6,1,5,華南永昌-頭份,2023-02-08,9343
2331,精英,5,0,5,華南永昌-頭份,2023-02-08,9343
2363,矽統,11,6,5,華南永昌-頭份,2023-02-08,9343
2425,承啟,74,69,5,華南永昌-頭份,2023-02-08,9343
4977,眾達-KY,5,0,5,華南永昌-頭份,2023-02-08,9343
5490,同亨,5,0,5,華南永昌-頭份,2023-02-08,9343
6146,耕興,5,0,5,華南永昌-頭份,2023-02-08,9343
6153,嘉聯益,5,0,5,華南永昌-頭份,2023-02-08,9343
6570,維田,5,0,5,華南永昌-頭份,2023-02-08,9343
6605,帝寶,5,0,5,華南永昌-頭份,2023-02-08,9343
2884,玉山金,4,0,4,華南永昌-頭份,2023-02-08,9343
2201,裕隆,7,3,4,華南永昌-頭份,2023-02-08,9343
00673R,期元大S＆P原油反1,85,0,85,華南永昌-頭份,2023-02-09,9343
00878,國泰永續高股息,48,0,48,華南永昌-頭份,2023-02-09,9343
2367,燿華,31,0,31,華南永昌-頭份,2023-02-09,9343
2880,華南金,24,0,24,華南永昌-頭份,2023-02-09,9343
6266,泰詠,24,1,23,華南永昌-頭份,2023-02-09,9343
1218,泰山,22,0,22,華南永昌-頭份,2023-02-09,9343
1513,中興電,35,13,22,華南永昌-頭份,2023-02-09,9343
2352,佳世達,20,0,20,華南永昌-頭份,2023-02-09,9343
2412,中華電,20,0,20,華南永昌-頭份,2023-02-09,9343
2504,國產,20,0,20,華南永昌-頭份,2023-02-09,9343
2888,新光金,20,0,20,華南永昌-頭份,2023-02-09,9343
3162,精確,23,4,19,華南永昌-頭份,2023-02-09,9343
2812,台中銀,16,0,16,華南永昌-頭份,2023-02-09,9343
2027,大成鋼,15,1,14,華南永昌-頭份,2023-02-09,9343
6235,華孚,48,34,14,華南永昌-頭份,2023-02-09,9343
2484,希華,15,3,12,華南永昌-頭份,2023-02-09,9343
2498,宏達電,61,50,11,華南永昌-頭份,2023-02-09,9343
1582,信錦,10,0,10,華南永昌-頭份,2023-02-09,9343
1589,永冠-KY,10,0,10,華南永昌-頭份,2023-02-09,9343
2388,威盛,24,14,10,華南永昌-頭份,2023-02-09,9343
8163,達方,10,0,10,華南永昌-頭份,2023-02-09,9343
3558,神準,10,0,10,華南永昌-頭份,2023-02-09,9343
2344,華邦電,14,5,9,華南永昌-頭份,2023-02-09,9343
3665,貿聯-KY,9,0,9,華南永昌-頭份,2023-02-09,9343
8261,富鼎,11,2,9,華南永昌-頭份,2023-02-09,9343
00715L,期街口布蘭特正2,13,5,8,華南永昌-頭份,2023-02-09,9343
2483,百容,8,0,8,華南永昌-頭份,2023-02-09,9343
2436,偉詮電,7,0,7,華南永昌-頭份,2023-02-09,9343
5203,訊連,11,4,7,華南永昌-頭份,2023-02-09,9343
00882,中信中國高股息,6,0,6,華南永昌-頭份,2023-02-09,9343
2897,王道銀行,6,0,6,華南永昌-頭份,2023-02-09,9343
3078,僑威,6,0,6,華南永昌-頭份,2023-02-09,9343
3209,全科,9,3,6,華南永昌-頭份,2023-02-09,9343
6125,廣運,7,1,6,華南永昌-頭份,2023-02-09,9343
6217,中探針,7,1,6,華南永昌-頭份,2023-02-09,9343
6278,台表科,6,0,6,華南永昌-頭份,2023-02-09,9343
6719,力智,12,6,6,華南永昌-頭份,2023-02-09,9343
6770,力積電,6,0,6,華南永昌-頭份,2023-02-09,9343
4726,永昕,5,0,5,華南永昌-頭份,2023-02-09,9343
2243,宏旭-KY,5,0,5,華南永昌-頭份,2023-02-09,9343
3034,聯詠,5,0,5,華南永昌-頭份,2023-02-09,9343
4106,雃博,5,0,5,華南永昌-頭份,2023-02-09,9343
4157,太景*-KY,7,2,5,華南永昌-頭份,2023-02-09,9343
6101,寬魚國際,5,1,4,華南永昌-頭份,2023-02-09,9343
6415,矽力*-KY,5,1,4,華南永昌-頭份,2023-02-09,9343
2426,鼎元,4,0,4,華南永昌-頭份,2023-02-09,9343
2444,兆勁,4,0,4,華南永昌-頭份,2023-02-09,9343
2453,凌群,5,1,4,華南永昌-頭份,2023-02-09,9343
4114,健喬,19,15,4,華南永昌-頭份,2023-02-09,9343
8033,雷虎,4,0,4,華南永昌-頭份,2023-02-09,9343
2891,中信金,100,0,100,華南永昌-頭份,2023-02-10,9343
00632R,元大台灣50反1,100,0,100,華南永昌-頭份,2023-02-10,9343
2834,臺企銀,44,0,44,華南永昌-頭份,2023-02-10,9343
4977,眾達-KY,58,16,42,華南永昌-頭份,2023-02-10,9343
2453,凌群,41,9,32,華南永昌-頭份,2023-02-10,9343
2614,東森,35,3,32,華南永昌-頭份,2023-02-10,9343
1218,泰山,31,0,31,華南永昌-頭份,2023-02-10,9343
3162,精確,40,9,31,華南永昌-頭份,2023-02-10,9343
2352,佳世達,30,1,29,華南永昌-頭份,2023-02-10,9343
5880,合庫金,25,0,25,華南永昌-頭份,2023-02-10,9343
911868,同方友友-DR,25,0,25,華南永昌-頭份,2023-02-10,9343
3483,力致,24,0,24,華南永昌-頭份,2023-02-10,9343
2337,旺宏,23,0,23,華南永昌-頭份,2023-02-10,9343
2368,金像電,25,3,22,華南永昌-頭份,2023-02-10,9343
6477,安集,22,0,22,華南永昌-頭份,2023-02-10,9343
1605,華新,28,9,19,華南永昌-頭份,2023-02-10,9343
2498,宏達電,63,44,19,華南永昌-頭份,2023-02-10,9343
3047,訊舟,19,0,19,華南永昌-頭份,2023-02-10,9343
2312,金寶,21,3,18,華南永昌-頭份,2023-02-10,9343
2801,彰銀,17,0,17,華南永昌-頭份,2023-02-10,9343
6278,台表科,17,0,17,華南永昌-頭份,2023-02-10,9343
2489,瑞軒,15,0,15,華南永昌-頭份,2023-02-10,9343
6133,金橋,15,0,15,華南永昌-頭份,2023-02-10,9343
00882,中信中國高股息,13,0,13,華南永昌-頭份,2023-02-10,9343
2618,長榮航,14,1,13,華南永昌-頭份,2023-02-10,9343
2476,鉅祥,12,0,12,華南永昌-頭份,2023-02-10,9343
4721,美琪瑪,12,0,12,華南永昌-頭份,2023-02-10,9343
4915,致伸,12,0,12,華南永昌-頭份,2023-02-10,9343
4743,合一,17,6,11,華南永昌-頭份,2023-02-10,9343
6282,康舒,33,22,11,華南永昌-頭份,2023-02-10,9343
2610,華航,11,0,11,華南永昌-頭份,2023-02-10,9343
6235,華孚,47,37,10,華南永昌-頭份,2023-02-10,9343
1319,東陽,10,0,10,華南永昌-頭份,2023-02-10,9343
00676R,富邦臺灣加權反1,10,0,10,華南永昌-頭份,2023-02-10,9343
00671R,富邦NASDAQ反1,10,0,10,華南永昌-頭份,2023-02-10,9343
00642U,期元大S＆P石油,10,0,10,華南永昌-頭份,2023-02-10,9343
1734,杏輝,10,0,10,華南永昌-頭份,2023-02-10,9343
2344,華邦電,10,0,10,華南永昌-頭份,2023-02-10,9343
2388,威盛,11,1,10,華南永昌-頭份,2023-02-10,9343
2419,仲琦,10,0,10,華南永昌-頭份,2023-02-10,9343
2851,中再保,10,0,10,華南永昌-頭份,2023-02-10,9343
2852,第一保,10,0,10,華南永昌-頭份,2023-02-10,9343
3036,文曄,10,0,10,華南永昌-頭份,2023-02-10,9343
4114,健喬,40,30,10,華南永昌-頭份,2023-02-10,9343
4707,磐亞,10,0,10,華南永昌-頭份,2023-02-10,9343
5225,東科-KY,10,0,10,華南永昌-頭份,2023-02-10,9343
5371,中光電,10,0,10,華南永昌-頭份,2023-02-10,9343
3481,群創,12,3,9,華南永昌-頭份,2023-02-10,9343
2888,新光金,10,1,9,華南永昌-頭份,2023-02-10,9343
4188,安克,9,0,9,華南永昌-頭份,2023-02-10,9343
2897,王道銀行,107,0,107,華南永昌-頭份,2023-02-13,9343
2484,希華,96,0,96,華南永昌-頭份,2023-02-13,9343
3481,群創,95,0,95,華南永昌-頭份,2023-02-13,9343
00878,國泰永續高股息,66,1,65,華南永昌-頭份,2023-02-13,9343
3013,晟銘電,41,0,41,華南永昌-頭份,2023-02-13,9343
2409,友達,30,1,29,華南永昌-頭份,2023-02-13,9343
6139,亞翔,24,0,24,華南永昌-頭份,2023-02-13,9343
6266,泰詠,40,19,21,華南永昌-頭份,2023-02-13,9343
2504,國產,20,0,20,華南永昌-頭份,2023-02-13,9343
2888,新光金,25,5,20,華南永昌-頭份,2023-02-13,9343
2201,裕隆,21,6,15,華南永昌-頭份,2023-02-13,9343
3711,日月光投控,13,0,13,華南永昌-頭份,2023-02-13,9343
00665L,富邦�琤肭磪囓�2,12,0,12,華南永昌-頭份,2023-02-13,9343
6443,元晶,14,2,12,華南永昌-頭份,2023-02-13,9343
4931,新盛力,13,2,11,華南永昌-頭份,2023-02-13,9343
8183,精星,11,0,11,華南永昌-頭份,2023-02-13,9343
2023,燁輝,10,0,10,華南永昌-頭份,2023-02-13,9343
6284,佳邦,10,0,10,華南永昌-頭份,2023-02-13,9343
00891,中信關鍵半導體,9,0,9,華南永昌-頭份,2023-02-13,9343
2303,聯電,8,0,8,華南永昌-頭份,2023-02-13,9343
3289,宜特,10,2,8,華南永昌-頭份,2023-02-13,9343
4128,中天,9,1,8,華南永昌-頭份,2023-02-13,9343
6278,台表科,12,4,8,華南永昌-頭份,2023-02-13,9343
8171,天宇,8,0,8,華南永昌-頭份,2023-02-13,9343
00885,富邦越南,7,0,7,華南永昌-頭份,2023-02-13,9343
3312,弘憶股,7,0,7,華南永昌-頭份,2023-02-13,9343
8222,寶一,42,35,7,華南永昌-頭份,2023-02-13,9343
2618,長榮航,7,0,7,華南永昌-頭份,2023-02-13,9343
1701,中化,53,47,6,華南永昌-頭份,2023-02-13,9343
0056,元大高股息,6,0,6,華南永昌-頭份,2023-02-13,9343
6116,彩晶,6,0,6,華南永昌-頭份,2023-02-13,9343
1447,力鵬,6,0,6,華南永昌-頭份,2023-02-13,9343
3038,全台,6,0,6,華南永昌-頭份,2023-02-13,9343
6138,茂達,6,0,6,華南永昌-頭份,2023-02-13,9343
6223,旺矽,6,0,6,華南永昌-頭份,2023-02-13,9343
8358,金居,8,2,6,華南永昌-頭份,2023-02-13,9343
1229,聯華,6,0,6,華南永昌-頭份,2023-02-13,9343
1605,華新,8,3,5,華南永昌-頭份,2023-02-13,9343
2359,所羅門,5,0,5,華南永昌-頭份,2023-02-13,9343
2390,云辰,5,0,5,華南永昌-頭份,2023-02-13,9343
2748,雲品,5,0,5,華南永昌-頭份,2023-02-13,9343
3592,瑞鼎,5,0,5,華南永昌-頭份,2023-02-13,9343
5351,鈺創,6,1,5,華南永昌-頭份,2023-02-13,9343
6150,撼訊,5,0,5,華南永昌-頭份,2023-02-13,9343
3704,合勤控,19,14,5,華南永昌-頭份,2023-02-13,9343
6472,保瑞,6,2,4,華南永昌-頭份,2023-02-13,9343
00679B,元大美債20年,4,0,4,華南永昌-頭份,2023-02-13,9343
1517,利奇,4,0,4,華南永昌-頭份,2023-02-13,9343
1795,美時,13,9,4,華南永昌-頭份,2023-02-13,9343
2206,三陽工業,5,1,4,華南永昌-頭份,2023-02-13,9343
1314,中石化,220,0,220,華南永昌-頭份,2023-02-14,9343
00878,國泰永續高股息,142,14,128,華南永昌-頭份,2023-02-14,9343
2030,彰源,40,0,40,華南永昌-頭份,2023-02-14,9343
3701,大眾控,30,0,30,華南永昌-頭份,2023-02-14,9343
2884,玉山金,35,10,25,華南永昌-頭份,2023-02-14,9343
8222,寶一,24,0,24,華南永昌-頭份,2023-02-14,9343
1339,昭輝,22,0,22,華南永昌-頭份,2023-02-14,9343
2476,鉅祥,20,0,20,華南永昌-頭份,2023-02-14,9343
6152,百一,20,0,20,華南永昌-頭份,2023-02-14,9343
5410,國眾,18,0,18,華南永昌-頭份,2023-02-14,9343
9105,泰金寶-DR,16,0,16,華南永昌-頭份,2023-02-14,9343
00673R,期元大S＆P原油反1,15,0,15,華南永昌-頭份,2023-02-14,9343
6288,聯嘉,15,0,15,華南永昌-頭份,2023-02-14,9343
3479,安勤,32,18,14,華南永昌-頭份,2023-02-14,9343
1524,耿鼎,15,1,14,華南永昌-頭份,2023-02-14,9343
3189,景碩,16,3,13,華南永昌-頭份,2023-02-14,9343
2324,仁寶,12,0,12,華南永昌-頭份,2023-02-14,9343
4931,新盛力,18,6,12,華南永昌-頭份,2023-02-14,9343
2609,陽明,12,1,11,華南永昌-頭份,2023-02-14,9343
00665L,富邦�琤肭磪囓�2,10,0,10,華南永昌-頭份,2023-02-14,9343
00772B,中信高評級公司債,10,0,10,華南永昌-頭份,2023-02-14,9343
00751B,元大AAA至A公司債,10,0,10,華南永昌-頭份,2023-02-14,9343
00882,中信中國高股息,10,0,10,華南永昌-頭份,2023-02-14,9343
2206,三陽工業,14,4,10,華南永昌-頭份,2023-02-14,9343
2607,榮運,10,0,10,華南永昌-頭份,2023-02-14,9343
3682,亞太電,10,0,10,華南永昌-頭份,2023-02-14,9343
4106,雃博,10,0,10,華南永昌-頭份,2023-02-14,9343
6477,安集,11,1,10,華南永昌-頭份,2023-02-14,9343
00780B,國泰A級金融債,8,0,8,華南永昌-頭份,2023-02-14,9343
2332,友訊,9,1,8,華南永昌-頭份,2023-02-14,9343
4123,晟德,8,0,8,華南永昌-頭份,2023-02-14,9343
2317,鴻海,10,3,7,華南永昌-頭份,2023-02-14,9343
4128,中天,7,0,7,華南永昌-頭份,2023-02-14,9343
4979,華星光,9,2,7,華南永昌-頭份,2023-02-14,9343
6605,帝寶,18,11,7,華南永昌-頭份,2023-02-14,9343
2812,台中銀,6,0,6,華南永昌-頭份,2023-02-14,9343
2888,新光金,6,0,6,華南永昌-頭份,2023-02-14,9343
4726,永昕,5,0,5,華南永昌-頭份,2023-02-14,9343
00632R,元大台灣50反1,5,0,5,華南永昌-頭份,2023-02-14,9343
1810,和成,5,0,5,華南永昌-頭份,2023-02-14,9343
3013,晟銘電,6,1,5,華南永昌-頭份,2023-02-14,9343
4168,醣聯,5,0,5,華南永昌-頭份,2023-02-14,9343
4966,譜瑞-KY,5,0,5,華南永昌-頭份,2023-02-14,9343
6279,胡連,5,0,5,華南永昌-頭份,2023-02-14,9343
6509,聚和,6,1,5,華南永昌-頭份,2023-02-14,9343
3576,聯合再生,5,1,4,華南永昌-頭份,2023-02-14,9343
00641R,富邦日本反1,4,0,4,華南永昌-頭份,2023-02-14,9343
2436,偉詮電,15,11,4,華南永昌-頭份,2023-02-14,9343
2453,凌群,91,87,4,華南永昌-頭份,2023-02-14,9343
3122,笙泉,4,0,4,華南永昌-頭份,2023-02-14,9343
00632R,元大台灣50反1,200,1,199,華南永昌-頭份,2023-02-15,9343
00878,國泰永續高股息,212,35,177,華南永昌-頭份,2023-02-15,9343
00891,中信關鍵半導體,201,100,101,華南永昌-頭份,2023-02-15,9343
1529,樂事綠能,53,0,53,華南永昌-頭份,2023-02-15,9343
4102,永日,42,1,41,華南永昌-頭份,2023-02-15,9343
1440,南紡,30,0,30,華南永昌-頭份,2023-02-15,9343
2498,宏達電,32,2,30,華南永昌-頭份,2023-02-15,9343
2330,台積電,37,11,26,華南永昌-頭份,2023-02-15,9343
2329,華泰,25,0,25,華南永昌-頭份,2023-02-15,9343
3624,光頡,26,1,25,華南永昌-頭份,2023-02-15,9343
2484,希華,24,1,23,華南永昌-頭份,2023-02-15,9343
3041,揚智,20,0,20,華南永昌-頭份,2023-02-15,9343
3535,晶彩科,20,0,20,華南永昌-頭份,2023-02-15,9343
5608,四維航,19,0,19,華南永昌-頭份,2023-02-15,9343
2614,東森,15,0,15,華南永昌-頭份,2023-02-15,9343
2206,三陽工業,17,3,14,華南永昌-頭份,2023-02-15,9343
3686,達能,12,0,12,華南永昌-頭份,2023-02-15,9343
00679B,元大美債20年,11,0,11,華南永昌-頭份,2023-02-15,9343
1442,名軒,10,0,10,華南永昌-頭份,2023-02-15,9343
00888,永豐台灣ESG,10,0,10,華南永昌-頭份,2023-02-15,9343
00715L,期街口布蘭特正2,10,0,10,華南永昌-頭份,2023-02-15,9343
2812,台中銀,10,0,10,華南永昌-頭份,2023-02-15,9343
5464,霖宏,10,0,10,華南永昌-頭份,2023-02-15,9343
5347,世界,9,0,9,華南永昌-頭份,2023-02-15,9343
6278,台表科,11,2,9,華南永昌-頭份,2023-02-15,9343
5425,台半,39,31,8,華南永昌-頭份,2023-02-15,9343
00687B,國泰20年美債,8,0,8,華南永昌-頭份,2023-02-15,9343
1337,再生-KY,8,0,8,華南永昌-頭份,2023-02-15,9343
2027,大成鋼,7,0,7,華南永昌-頭份,2023-02-15,9343
4130,健亞,7,0,7,華南永昌-頭份,2023-02-15,9343
1342,八貫,12,6,6,華南永昌-頭份,2023-02-15,9343
1339,昭輝,6,0,6,華南永昌-頭份,2023-02-15,9343
1514,亞力,6,0,6,華南永昌-頭份,2023-02-15,9343
2748,雲品,12,6,6,華南永昌-頭份,2023-02-15,9343
8261,富鼎,6,0,6,華南永昌-頭份,2023-02-15,9343
8358,金居,6,0,6,華南永昌-頭份,2023-02-15,9343
9914,美利達,6,0,6,華南永昌-頭份,2023-02-15,9343
6547,高端疫苗,5,0,5,華南永昌-頭份,2023-02-15,9343
1451,年興,5,0,5,華南永昌-頭份,2023-02-15,9343
1783,和康生,5,0,5,華南永昌-頭份,2023-02-15,9343
2324,仁寶,5,0,5,華南永昌-頭份,2023-02-15,9343
3049,精金,5,0,5,華南永昌-頭份,2023-02-15,9343
3230,錦明,5,0,5,華南永昌-頭份,2023-02-15,9343
3264,欣銓,6,1,5,華南永昌-頭份,2023-02-15,9343
4931,新盛力,8,3,5,華南永昌-頭份,2023-02-15,9343
6160,欣技,5,0,5,華南永昌-頭份,2023-02-15,9343
6244,茂迪,5,0,5,華南永昌-頭份,2023-02-15,9343
6279,胡連,5,0,5,華南永昌-頭份,2023-02-15,9343
6546,正基,5,0,5,華南永昌-頭份,2023-02-15,9343
8234,新漢,6,1,5,華南永昌-頭份,2023-02-15,9343
00673R,期元大S＆P原油反1,71,0,71,華南永昌-頭份,2023-02-16,9343
2369,菱生,41,0,41,華南永昌-頭份,2023-02-16,9343
00878,國泰永續高股息,38,4,34,華南永昌-頭份,2023-02-16,9343
2206,三陽工業,39,5,34,華南永昌-頭份,2023-02-16,9343
3090,日電貿,22,0,22,華南永昌-頭份,2023-02-16,9343
4102,永日,20,0,20,華南永昌-頭份,2023-02-16,9343
2419,仲琦,20,3,17,華南永昌-頭份,2023-02-16,9343
3289,宜特,34,18,16,華南永昌-頭份,2023-02-16,9343
6756,威鋒電子,15,0,15,華南永昌-頭份,2023-02-16,9343
00679B,元大美債20年,14,0,14,華南永昌-頭份,2023-02-16,9343
8033,雷虎,14,0,14,華南永昌-頭份,2023-02-16,9343
4744,皇將,14,1,13,華南永昌-頭份,2023-02-16,9343
6104,創惟,13,1,12,華南永昌-頭份,2023-02-16,9343
1605,華新,45,34,11,華南永昌-頭份,2023-02-16,9343
6139,亞翔,11,0,11,華南永昌-頭份,2023-02-16,9343
00713,元大台灣高息低波,10,0,10,華南永昌-頭份,2023-02-16,9343
2392,正崴,10,0,10,華南永昌-頭份,2023-02-16,9343
3062,建漢,10,0,10,華南永昌-頭份,2023-02-16,9343
3264,欣銓,10,0,10,華南永昌-頭份,2023-02-16,9343
3591,艾笛森,10,0,10,華南永昌-頭份,2023-02-16,9343
5464,霖宏,10,0,10,華南永昌-頭份,2023-02-16,9343
8289,泰藝,10,0,10,華南永昌-頭份,2023-02-16,9343
2337,旺宏,10,1,9,華南永昌-頭份,2023-02-16,9343
2603,長榮,9,0,9,華南永昌-頭份,2023-02-16,9343
6217,中探針,10,1,9,華南永昌-頭份,2023-02-16,9343
2748,雲品,16,8,8,華南永昌-頭份,2023-02-16,9343
3122,笙泉,8,0,8,華南永昌-頭份,2023-02-16,9343
3558,神準,10,2,8,華南永昌-頭份,2023-02-16,9343
4806,桂田文創,8,0,8,華南永昌-頭份,2023-02-16,9343
1524,耿鼎,8,1,7,華南永昌-頭份,2023-02-16,9343
00680L,元大美債20正2,6,0,6,華南永昌-頭份,2023-02-16,9343
1784,訊聯,6,0,6,華南永昌-頭份,2023-02-16,9343
2484,希華,20,14,6,華南永昌-頭份,2023-02-16,9343
6570,維田,6,0,6,華南永昌-頭份,2023-02-16,9343
00683L,期元大美元指正2,5,0,5,華南永昌-頭份,2023-02-16,9343
1584,精剛,6,1,5,華南永昌-頭份,2023-02-16,9343
2754,亞洲藏壽司,6,1,5,華南永昌-頭份,2023-02-16,9343
3548,兆利,5,0,5,華南永昌-頭份,2023-02-16,9343
4106,雃博,5,0,5,華南永昌-頭份,2023-02-16,9343
6005,群益證,5,0,5,華南永昌-頭份,2023-02-16,9343
6188,廣明,5,0,5,華南永昌-頭份,2023-02-16,9343
9938,百和,6,1,5,華南永昌-頭份,2023-02-16,9343
5009,榮剛,7,3,4,華南永昌-頭份,2023-02-16,9343
2328,廣宇,11,7,4,華南永昌-頭份,2023-02-16,9343
3508,位速,4,0,4,華南永昌-頭份,2023-02-16,9343
2614,東森,3,0,3,華南永昌-頭份,2023-02-16,9343
00885,富邦越南,3,0,3,華南永昌-頭份,2023-02-16,9343
1718,中纖,3,0,3,華南永昌-頭份,2023-02-16,9343
1907,永豐餘,3,0,3,華南永昌-頭份,2023-02-16,9343
2030,彰源,6,3,3,華南永昌-頭份,2023-02-16,9343
5469,瀚宇博,101,1,100,華南永昌-頭份,2023-02-17,9343
2610,華航,66,34,32,華南永昌-頭份,2023-02-17,9343
1442,名軒,30,0,30,華南永昌-頭份,2023-02-17,9343
8050,廣積,24,0,24,華南永昌-頭份,2023-02-17,9343
2369,菱生,20,0,20,華南永昌-頭份,2023-02-17,9343
2504,國產,30,10,20,華南永昌-頭份,2023-02-17,9343
8358,金居,31,12,19,華南永昌-頭份,2023-02-17,9343
00772B,中信高評級公司債,16,0,16,華南永昌-頭份,2023-02-17,9343
2375,凱美,19,4,15,華南永昌-頭份,2023-02-17,9343
2332,友訊,20,5,15,華南永昌-頭份,2023-02-17,9343
2702,華園,16,1,15,華南永昌-頭份,2023-02-17,9343
2409,友達,20,6,14,華南永昌-頭份,2023-02-17,9343
2453,凌群,12,0,12,華南永昌-頭份,2023-02-17,9343
1101,台泥,13,2,11,華南永昌-頭份,2023-02-17,9343
00715L,期街口布蘭特正2,11,0,11,華南永昌-頭份,2023-02-17,9343
5533,皇鼎,11,0,11,華南永昌-頭份,2023-02-17,9343
3710,連展投控,10,0,10,華南永昌-頭份,2023-02-17,9343
1325,恆大,10,0,10,華南永昌-頭份,2023-02-17,9343
00679B,元大美債20年,10,0,10,華南永昌-頭份,2023-02-17,9343
1524,耿鼎,10,0,10,華南永昌-頭份,2023-02-17,9343
6244,茂迪,10,0,10,華南永昌-頭份,2023-02-17,9343
1784,訊聯,9,0,9,華南永昌-頭份,2023-02-17,9343
2303,聯電,12,3,9,華南永昌-頭份,2023-02-17,9343
6266,泰詠,10,2,8,華南永昌-頭份,2023-02-17,9343
2425,承啟,8,0,8,華南永昌-頭份,2023-02-17,9343
4163,鐿鈦,10,2,8,華南永昌-頭份,2023-02-17,9343
00665L,富邦�琤肭磪囓�2,8,1,7,華南永昌-頭份,2023-02-17,9343
2243,宏旭-KY,7,0,7,華南永昌-頭份,2023-02-17,9343
3289,宜特,7,0,7,華南永昌-頭份,2023-02-17,9343
2330,台積電,7,0,7,華南永昌-頭份,2023-02-17,9343
00753L,中信中國50正2,6,0,6,華南永昌-頭份,2023-02-17,9343
2618,長榮航,15,9,6,華南永昌-頭份,2023-02-17,9343
3037,欣興,11,5,6,華南永昌-頭份,2023-02-17,9343
3665,貿聯-KY,6,0,6,華南永昌-頭份,2023-02-17,9343
00893,國泰智能電動車,5,0,5,華南永昌-頭份,2023-02-17,9343
0056,元大高股息,5,0,5,華南永昌-頭份,2023-02-17,9343
1451,年興,5,0,5,華南永昌-頭份,2023-02-17,9343
1513,中興電,21,16,5,華南永昌-頭份,2023-02-17,9343
2002,中鋼,5,0,5,華南永昌-頭份,2023-02-17,9343
2497,怡利電,5,0,5,華南永昌-頭份,2023-02-17,9343
2834,臺企銀,5,0,5,華南永昌-頭份,2023-02-17,9343
4974,亞泰,5,0,5,華南永昌-頭份,2023-02-17,9343
5328,華容,5,0,5,華南永昌-頭份,2023-02-17,9343
6133,金橋,5,0,5,華南永昌-頭份,2023-02-17,9343
2637,慧洋-KY,5,0,5,華南永昌-頭份,2023-02-17,9343
3209,全科,5,0,5,華南永昌-頭份,2023-02-17,9343
8436,大江,5,1,4,華南永昌-頭份,2023-02-17,9343
3035,智原,7,3,4,華南永昌-頭份,2023-02-17,9343
3443,創意,6,2,4,華南永昌-頭份,2023-02-17,9343
6188,廣明,4,0,4,華南永昌-頭份,2023-02-17,9343
00673R,期元大S＆P原油反1,80,0,80,華南永昌-頭份,2023-02-20,9343
2706,第一店,35,1,34,華南永昌-頭份,2023-02-20,9343
2515,中工,30,0,30,華南永昌-頭份,2023-02-20,9343
2610,華航,33,11,22,華南永昌-頭份,2023-02-20,9343
4123,晟德,22,0,22,華南永昌-頭份,2023-02-20,9343
2317,鴻海,22,1,21,華南永昌-頭份,2023-02-20,9343
4402,郡都開發,19,0,19,華南永昌-頭份,2023-02-20,9343
5443,均豪,18,0,18,華南永昌-頭份,2023-02-20,9343
1519,華城,45,27,18,華南永昌-頭份,2023-02-20,9343
2884,玉山金,23,5,18,華南永昌-頭份,2023-02-20,9343
1524,耿鼎,16,0,16,華南永昌-頭份,2023-02-20,9343
1605,華新,47,31,16,華南永昌-頭份,2023-02-20,9343
2367,燿華,25,10,15,華南永昌-頭份,2023-02-20,9343
3209,全科,15,0,15,華南永昌-頭份,2023-02-20,9343
6443,元晶,14,1,13,華南永昌-頭份,2023-02-20,9343
3062,建漢,13,0,13,華南永昌-頭份,2023-02-20,9343
3189,景碩,13,0,13,華南永昌-頭份,2023-02-20,9343
3230,錦明,13,0,13,華南永昌-頭份,2023-02-20,9343
8171,天宇,12,0,12,華南永昌-頭份,2023-02-20,9343
00878,國泰永續高股息,12,1,11,華南永昌-頭份,2023-02-20,9343
2201,裕隆,16,5,11,華南永昌-頭份,2023-02-20,9343
4162,智擎,12,1,11,華南永昌-頭份,2023-02-20,9343
1795,美時,17,7,10,華南永昌-頭份,2023-02-20,9343
4956,光鋐,10,0,10,華南永昌-頭份,2023-02-20,9343
8358,金居,11,1,10,華南永昌-頭份,2023-02-20,9343
5475,德宏,10,0,10,華南永昌-頭份,2023-02-20,9343
4114,健喬,12,2,10,華南永昌-頭份,2023-02-20,9343
1402,遠東新,10,0,10,華南永昌-頭份,2023-02-20,9343
1442,名軒,10,0,10,華南永昌-頭份,2023-02-20,9343
00676R,富邦臺灣加權反1,10,0,10,華南永昌-頭份,2023-02-20,9343
1108,幸福,10,0,10,華南永昌-頭份,2023-02-20,9343
1710,東聯,10,0,10,華南永昌-頭份,2023-02-20,9343
2023,燁輝,10,0,10,華南永昌-頭份,2023-02-20,9343
2328,廣宇,10,0,10,華南永昌-頭份,2023-02-20,9343
2340,台亞,10,0,10,華南永昌-頭份,2023-02-20,9343
2349,錸德,10,0,10,華南永昌-頭份,2023-02-20,9343
2468,華經,10,0,10,華南永昌-頭份,2023-02-20,9343
2912,統一超,10,0,10,華南永昌-頭份,2023-02-20,9343
3013,晟銘電,11,1,10,華南永昌-頭份,2023-02-20,9343
4432,銘旺實,10,0,10,華南永昌-頭份,2023-02-20,9343
3017,奇鋐,10,0,10,華南永昌-頭份,2023-02-20,9343
1503,士電,27,18,9,華南永昌-頭份,2023-02-20,9343
2323,中環,10,1,9,華南永昌-頭份,2023-02-20,9343
4743,合一,12,3,9,華南永昌-頭份,2023-02-20,9343
00892,富邦台灣半導體,8,0,8,華南永昌-頭份,2023-02-20,9343
2707,晶華,8,0,8,華南永昌-頭份,2023-02-20,9343
2888,新光金,26,18,8,華南永昌-頭份,2023-02-20,9343
3037,欣興,8,0,8,華南永昌-頭份,2023-02-20,9343
3624,光頡,10,2,8,華南永昌-頭份,2023-02-20,9343
00665L,富邦�琤肭磪囓�2,7,0,7,華南永昌-頭份,2023-02-20,9343
2610,華航,87,27,60,華南永昌-頭份,2023-02-21,9343
8222,寶一,63,3,60,華南永昌-頭份,2023-02-21,9343
2484,希華,41,0,41,華南永昌-頭份,2023-02-21,9343
2897,王道銀行,41,0,41,華南永昌-頭份,2023-02-21,9343
6266,泰詠,38,10,28,華南永昌-頭份,2023-02-21,9343
2892,第一金,23,0,23,華南永昌-頭份,2023-02-21,9343
2609,陽明,30,7,23,華南永昌-頭份,2023-02-21,9343
8358,金居,24,2,22,華南永昌-頭份,2023-02-21,9343
00878,國泰永續高股息,24,2,22,華南永昌-頭份,2023-02-21,9343
2402,毅嘉,36,15,21,華南永昌-頭份,2023-02-21,9343
6532,瑞耘,21,0,21,華南永昌-頭份,2023-02-21,9343
1605,華新,44,24,20,華南永昌-頭份,2023-02-21,9343
1810,和成,24,4,20,華南永昌-頭份,2023-02-21,9343
3230,錦明,20,0,20,華南永昌-頭份,2023-02-21,9343
6285,啟��,20,0,20,華南永昌-頭份,2023-02-21,9343
6290,良維,20,1,19,華南永昌-頭份,2023-02-21,9343
2498,宏達電,46,30,16,華南永昌-頭份,2023-02-21,9343
2457,飛宏,32,19,13,華南永昌-頭份,2023-02-21,9343
4746,台耀,13,0,13,華南永昌-頭份,2023-02-21,9343
2618,長榮航,12,0,12,華南永昌-頭份,2023-02-21,9343
3207,耀勝,32,20,12,華南永昌-頭份,2023-02-21,9343
5443,均豪,12,0,12,華南永昌-頭份,2023-02-21,9343
00665L,富邦�琤肭磪囓�2,22,11,11,華南永昌-頭份,2023-02-21,9343
00673R,期元大S＆P原油反1,10,0,10,華南永昌-頭份,2023-02-21,9343
1727,中華化,10,0,10,華南永昌-頭份,2023-02-21,9343
2340,台亞,13,3,10,華南永昌-頭份,2023-02-21,9343
2515,中工,10,0,10,華南永昌-頭份,2023-02-21,9343
2748,雲品,10,0,10,華南永昌-頭份,2023-02-21,9343
2845,遠東銀,10,0,10,華南永昌-頭份,2023-02-21,9343
3046,建��,20,10,10,華南永昌-頭份,2023-02-21,9343
3169,亞信,10,0,10,華南永昌-頭份,2023-02-21,9343
4930,燦星網,10,0,10,華南永昌-頭份,2023-02-21,9343
5014,建錩,10,0,10,華南永昌-頭份,2023-02-21,9343
6180,橘子,10,0,10,華南永昌-頭份,2023-02-21,9343
2906,高林,15,6,9,華南永昌-頭份,2023-02-21,9343
3594,磐儀,30,21,9,華南永昌-頭份,2023-02-21,9343
6443,元晶,13,4,9,華南永昌-頭份,2023-02-21,9343
2208,台船,20,11,9,華南永昌-頭份,2023-02-21,9343
1609,大亞,10,1,9,華南永昌-頭份,2023-02-21,9343
2412,中華電,8,0,8,華南永昌-頭份,2023-02-21,9343
3548,兆利,8,0,8,華南永昌-頭份,2023-02-21,9343
4979,華星光,7,0,7,華南永昌-頭份,2023-02-21,9343
8054,安國,8,1,7,華南永昌-頭份,2023-02-21,9343
1342,八貫,15,9,6,華南永昌-頭份,2023-02-21,9343
8105,凌巨,13,7,6,華南永昌-頭份,2023-02-21,9343
5701,劍湖山,6,0,6,華南永昌-頭份,2023-02-21,9343
2328,廣宇,6,1,5,華南永昌-頭份,2023-02-21,9343
5210,寶碩,5,0,5,華南永昌-頭份,2023-02-21,9343
00679B,元大美債20年,5,0,5,華南永昌-頭份,2023-02-21,9343
1528,恩德,5,0,5,華南永昌-頭份,2023-02-21,9343
2834,臺企銀,110,23,87,華南永昌-頭份,2023-02-22,9343
3006,晶豪科,71,0,71,華南永昌-頭份,2023-02-22,9343
00878,國泰永續高股息,72,2,70,華南永昌-頭份,2023-02-22,9343
2498,宏達電,85,17,68,華南永昌-頭份,2023-02-22,9343
2884,玉山金,42,2,40,華南永昌-頭份,2023-02-22,9343
1219,福壽,40,0,40,華南永昌-頭份,2023-02-22,9343
3230,錦明,32,0,32,華南永昌-頭份,2023-02-22,9343
4977,眾達-KY,30,6,24,華南永昌-頭份,2023-02-22,9343
8105,凌巨,25,4,21,華南永昌-頭份,2023-02-22,9343
00642U,期元大S＆P石油,20,0,20,華南永昌-頭份,2023-02-22,9343
1108,幸福,21,2,19,華南永昌-頭份,2023-02-22,9343
2354,鴻準,19,0,19,華南永昌-頭份,2023-02-22,9343
6285,啟��,16,0,16,華南永昌-頭份,2023-02-22,9343
6116,彩晶,17,1,16,華南永昌-頭份,2023-02-22,9343
2457,飛宏,18,2,16,華南永昌-頭份,2023-02-22,9343
4979,華星光,20,4,16,華南永昌-頭份,2023-02-22,9343
1339,昭輝,15,0,15,華南永昌-頭份,2023-02-22,9343
3162,精確,15,0,15,華南永昌-頭份,2023-02-22,9343
6138,茂達,18,3,15,華南永昌-頭份,2023-02-22,9343
2031,新光鋼,13,0,13,華南永昌-頭份,2023-02-22,9343
6541,泰福-KY,12,0,12,華南永昌-頭份,2023-02-22,9343
2317,鴻海,21,10,11,華南永昌-頭份,2023-02-22,9343
00712,復華富時不動產,11,0,11,華南永昌-頭份,2023-02-22,9343
2303,聯電,11,0,11,華南永昌-頭份,2023-02-22,9343
3260,威剛,11,0,11,華南永昌-頭份,2023-02-22,9343
3037,欣興,10,0,10,華南永昌-頭份,2023-02-22,9343
00881,國泰台灣5G+,10,0,10,華南永昌-頭份,2023-02-22,9343
1513,中興電,39,29,10,華南永昌-頭份,2023-02-22,9343
2388,威盛,25,15,10,華南永昌-頭份,2023-02-22,9343
3013,晟銘電,10,0,10,華南永昌-頭份,2023-02-22,9343
3094,聯傑,11,1,10,華南永昌-頭份,2023-02-22,9343
6568,宏觀,10,0,10,華南永昌-頭份,2023-02-22,9343
2887,台新金,10,0,10,華南永昌-頭份,2023-02-22,9343
2368,金像電,15,6,9,華南永昌-頭份,2023-02-22,9343
3532,台勝科,9,0,9,華南永昌-頭份,2023-02-22,9343
3576,聯合再生,10,1,9,華南永昌-頭份,2023-02-22,9343
4746,台耀,10,1,9,華南永昌-頭份,2023-02-22,9343
8358,金居,11,2,9,華南永昌-頭份,2023-02-22,9343
00665L,富邦�琤肭磪囓�2,8,0,8,華南永昌-頭份,2023-02-22,9343
3324,雙鴻,8,0,8,華南永昌-頭份,2023-02-22,9343
4536,拓凱,10,2,8,華南永昌-頭份,2023-02-22,9343
6441,廣錠,9,1,8,華南永昌-頭份,2023-02-22,9343
2618,長榮航,12,5,7,華南永昌-頭份,2023-02-22,9343
3419,譁裕,7,0,7,華南永昌-頭份,2023-02-22,9343
4739,康普,7,0,7,華南永昌-頭份,2023-02-22,9343
4931,新盛力,8,1,7,華南永昌-頭份,2023-02-22,9343
6133,金橋,7,0,7,華南永昌-頭份,2023-02-22,9343
6509,聚和,7,0,7,華南永昌-頭份,2023-02-22,9343
00679B,元大美債20年,7,0,7,華南永昌-頭份,2023-02-22,9343
00631L,元大台灣50正2,6,0,6,華南永昌-頭份,2023-02-22,9343
00632R,元大台灣50反1,216,0,216,華南永昌-頭份,2023-02-23,9343
2834,臺企銀,121,18,103,華南永昌-頭份,2023-02-23,9343
5701,劍湖山,100,0,100,華南永昌-頭份,2023-02-23,9343
2701,萬企,54,0,54,華南永昌-頭份,2023-02-23,9343
2641,正德,65,22,43,華南永昌-頭份,2023-02-23,9343
00715L,期街口布蘭特正2,42,0,42,華南永昌-頭份,2023-02-23,9343
2812,台中銀,36,0,36,華南永昌-頭份,2023-02-23,9343
1447,力鵬,42,9,33,華南永昌-頭份,2023-02-23,9343
2390,云辰,33,0,33,華南永昌-頭份,2023-02-23,9343
00903,富邦元宇宙,30,0,30,華南永昌-頭份,2023-02-23,9343
6290,良維,32,2,30,華南永昌-頭份,2023-02-23,9343
6282,康舒,28,3,25,華南永昌-頭份,2023-02-23,9343
8936,國統,30,5,25,華南永昌-頭份,2023-02-23,9343
00885,富邦越南,25,0,25,華南永昌-頭份,2023-02-23,9343
00642U,期元大S＆P石油,24,0,24,華南永昌-頭份,2023-02-23,9343
5512,力麒,32,9,23,華南永昌-頭份,2023-02-23,9343
2369,菱生,21,0,21,華南永昌-頭份,2023-02-23,9343
2515,中工,20,0,20,華南永昌-頭份,2023-02-23,9343
2911,麗嬰房,20,0,20,華南永昌-頭份,2023-02-23,9343
3094,聯傑,36,16,20,華南永昌-頭份,2023-02-23,9343
2748,雲品,19,2,17,華南永昌-頭份,2023-02-23,9343
4114,健喬,22,5,17,華南永昌-頭份,2023-02-23,9343
8358,金居,14,0,14,華南永昌-頭份,2023-02-23,9343
2409,友達,14,0,14,華南永昌-頭份,2023-02-23,9343
2886,兆豐金,15,2,13,華南永昌-頭份,2023-02-23,9343
1219,福壽,10,0,10,華南永昌-頭份,2023-02-23,9343
1313,聯成,10,0,10,華南永昌-頭份,2023-02-23,9343
00637L,元大滬深300正2,10,0,10,華南永昌-頭份,2023-02-23,9343
1455,集盛,10,0,10,華南永昌-頭份,2023-02-23,9343
1519,華城,16,6,10,華南永昌-頭份,2023-02-23,9343
1711,永光,10,0,10,華南永昌-頭份,2023-02-23,9343
3047,訊舟,11,1,10,華南永昌-頭份,2023-02-23,9343
3189,景碩,10,0,10,華南永昌-頭份,2023-02-23,9343
4931,新盛力,12,2,10,華南永昌-頭份,2023-02-23,9343
5608,四維航,21,11,10,華南永昌-頭份,2023-02-23,9343
6666,羅麗芬-KY,10,0,10,華南永昌-頭份,2023-02-23,9343
4108,懷特,9,0,9,華南永昌-頭份,2023-02-23,9343
4979,華星光,18,9,9,華南永昌-頭份,2023-02-23,9343
1701,中化,10,1,9,華南永昌-頭份,2023-02-23,9343
2615,萬海,17,9,8,華南永昌-頭份,2023-02-23,9343
4961,天鈺,21,13,8,華南永昌-頭份,2023-02-23,9343
2609,陽明,33,25,8,華南永昌-頭份,2023-02-23,9343
00720B,元大投資級公司債,7,0,7,華南永昌-頭份,2023-02-23,9343
1339,昭輝,7,0,7,華南永昌-頭份,2023-02-23,9343
1524,耿鼎,11,4,7,華南永昌-頭份,2023-02-23,9343
6138,茂達,8,1,7,華南永昌-頭份,2023-02-23,9343
2603,長榮,15,8,7,華南永昌-頭份,2023-02-23,9343
8069,元太,8,1,7,華南永昌-頭份,2023-02-23,9343
2465,麗臺,22,16,6,華南永昌-頭份,2023-02-23,9343
6150,撼訊,6,0,6,華南永昌-頭份,2023-02-23,9343
2002,中鋼,43,0,43,華南永昌-頭份,2023-02-24,9343
3230,錦明,38,0,38,華南永昌-頭份,2023-02-24,9343
5512,力麒,47,12,35,華南永昌-頭份,2023-02-24,9343
00632R,元大台灣50反1,30,0,30,華南永昌-頭份,2023-02-24,9343
4433,興采,33,3,30,華南永昌-頭份,2023-02-24,9343
2317,鴻海,29,0,29,華南永昌-頭份,2023-02-24,9343
4726,永昕,25,0,25,華南永昌-頭份,2023-02-24,9343
2618,長榮航,25,2,23,華南永昌-頭份,2023-02-24,9343
2354,鴻準,22,0,22,華南永昌-頭份,2023-02-24,9343
8050,廣積,25,4,21,華南永昌-頭份,2023-02-24,9343
00919,群益台灣精選高息,20,0,20,華南永昌-頭份,2023-02-24,9343
1734,杏輝,20,0,20,華南永昌-頭份,2023-02-24,9343
2369,菱生,20,0,20,華南永昌-頭份,2023-02-24,9343
2612,中航,20,0,20,華南永昌-頭份,2023-02-24,9343
2812,台中銀,20,0,20,華南永昌-頭份,2023-02-24,9343
00753L,中信中國50正2,19,0,19,華南永昌-頭份,2023-02-24,9343
2611,志信,17,2,15,華南永昌-頭份,2023-02-24,9343
3044,健鼎,15,0,15,華南永昌-頭份,2023-02-24,9343
4128,中天,15,0,15,華南永昌-頭份,2023-02-24,9343
6664,群翊,14,0,14,華南永昌-頭份,2023-02-24,9343
8069,元太,27,14,13,華南永昌-頭份,2023-02-24,9343
2834,臺企銀,23,10,13,華南永昌-頭份,2023-02-24,9343
4130,健亞,13,0,13,華南永昌-頭份,2023-02-24,9343
2601,益航,12,0,12,華南永昌-頭份,2023-02-24,9343
8938,明安,12,1,11,華南永昌-頭份,2023-02-24,9343
1524,耿鼎,11,0,11,華南永昌-頭份,2023-02-24,9343
2484,希華,31,20,11,華南永昌-頭份,2023-02-24,9343
6129,普誠,10,0,10,華南永昌-頭份,2023-02-24,9343
00670L,富邦NASDAQ正2,10,0,10,華南永昌-頭份,2023-02-24,9343
00903,富邦元宇宙,10,0,10,華南永昌-頭份,2023-02-24,9343
2402,毅嘉,20,10,10,華南永昌-頭份,2023-02-24,9343
2897,王道銀行,10,0,10,華南永昌-頭份,2023-02-24,9343
1339,昭輝,12,3,9,華南永昌-頭份,2023-02-24,9343
1108,幸福,10,1,9,華南永昌-頭份,2023-02-24,9343
00882,中信中國高股息,9,0,9,華南永昌-頭份,2023-02-24,9343
6441,廣錠,9,0,9,華南永昌-頭份,2023-02-24,9343
00878,國泰永續高股息,8,0,8,華南永昌-頭份,2023-02-24,9343
2498,宏達電,21,13,8,華南永昌-頭份,2023-02-24,9343
6288,聯嘉,10,3,7,華南永昌-頭份,2023-02-24,9343
1810,和成,11,4,7,華南永昌-頭份,2023-02-24,9343
4804,大略-KY,7,0,7,華南永昌-頭份,2023-02-24,9343
6282,康舒,7,0,7,華南永昌-頭份,2023-02-24,9343
6109,亞元,7,1,6,華南永昌-頭份,2023-02-24,9343
00885,富邦越南,12,6,6,華南永昌-頭份,2023-02-24,9343
00633L,富邦上証正2,6,0,6,華南永昌-頭份,2023-02-24,9343
2332,友訊,9,3,6,華南永昌-頭份,2023-02-24,9343
2444,兆勁,6,0,6,華南永昌-頭份,2023-02-24,9343
3029,零壹,6,0,6,華南永昌-頭份,2023-02-24,9343
3047,訊舟,10,4,6,華南永昌-頭份,2023-02-24,9343
6223,旺矽,7,1,6,華南永昌-頭份,2023-02-24,9343
2880,華南金,215,1,214,華南永昌-頭份,2023-03-01,9343
00632R,元大台灣50反1,136,20,116,華南永昌-頭份,2023-03-01,9343
1605,華新,85,21,64,華南永昌-頭份,2023-03-01,9343
3006,晶豪科,57,0,57,華南永昌-頭份,2023-03-01,9343
4915,致伸,46,0,46,華南永昌-頭份,2023-03-01,9343
1305,華夏,34,0,34,華南永昌-頭份,2023-03-01,9343
1529,樂事綠能,33,0,33,華南永昌-頭份,2023-03-01,9343
00878,國泰永續高股息,41,9,32,華南永昌-頭份,2023-03-01,9343
2369,菱生,30,0,30,華南永昌-頭份,2023-03-01,9343
2002,中鋼,26,0,26,華南永昌-頭份,2023-03-01,9343
3017,奇鋐,25,0,25,華南永昌-頭份,2023-03-01,9343
9933,中鼎,22,0,22,華南永昌-頭份,2023-03-01,9343
2354,鴻準,21,0,21,華南永昌-頭份,2023-03-01,9343
2618,長榮航,21,0,21,華南永昌-頭份,2023-03-01,9343
2489,瑞軒,50,30,20,華南永昌-頭份,2023-03-01,9343
2607,榮運,20,0,20,華南永昌-頭份,2023-03-01,9343
3227,原相,20,0,20,華南永昌-頭份,2023-03-01,9343
2605,新興,21,3,18,華南永昌-頭份,2023-03-01,9343
2610,華航,21,3,18,華南永昌-頭份,2023-03-01,9343
1101,台泥,21,4,17,華南永昌-頭份,2023-03-01,9343
2884,玉山金,21,4,17,華南永昌-頭份,2023-03-01,9343
2014,中鴻,15,0,15,華南永昌-頭份,2023-03-01,9343
00713,元大台灣高息低波,14,0,14,華南永昌-頭份,2023-03-01,9343
5608,四維航,33,21,12,華南永昌-頭份,2023-03-01,9343
2312,金寶,12,0,12,華南永昌-頭份,2023-03-01,9343
00882,中信中國高股息,11,0,11,華南永昌-頭份,2023-03-01,9343
00654R,富邦印度反1,10,0,10,華南永昌-頭份,2023-03-01,9343
00898,國泰基因免疫革命,10,0,10,華南永昌-頭份,2023-03-01,9343
2515,中工,10,0,10,華南永昌-頭份,2023-03-01,9343
3711,日月光投控,10,0,10,華南永昌-頭份,2023-03-01,9343
2885,元大金,9,0,9,華南永昌-頭份,2023-03-01,9343
00891,中信關鍵半導體,12,3,9,華南永昌-頭份,2023-03-01,9343
1802,台玻,9,0,9,華南永昌-頭份,2023-03-01,9343
2883,凱基金,9,0,9,華南永昌-頭份,2023-03-01,9343
9945,潤泰新,9,0,9,華南永昌-頭份,2023-03-01,9343
00896,中信綠能及電動車,9,0,9,華南永昌-頭份,2023-03-01,9343
3592,瑞鼎,8,0,8,華南永昌-頭份,2023-03-01,9343
3652,精聯,8,0,8,華南永昌-頭份,2023-03-01,9343
8404,百和興業-KY,8,0,8,華南永昌-頭份,2023-03-01,9343
3034,聯詠,9,2,7,華南永昌-頭份,2023-03-01,9343
2201,裕隆,7,0,7,華南永昌-頭份,2023-03-01,9343
2344,華邦電,10,3,7,華南永昌-頭份,2023-03-01,9343
3362,先進光,9,2,7,華南永昌-頭份,2023-03-01,9343
4536,拓凱,7,0,7,華南永昌-頭份,2023-03-01,9343
5425,台半,7,0,7,華南永昌-頭份,2023-03-01,9343
6266,泰詠,14,7,7,華南永昌-頭份,2023-03-01,9343
1313,聯成,6,0,6,華南永昌-頭份,2023-03-01,9343
1440,南紡,6,0,6,華南永昌-頭份,2023-03-01,9343
2643,捷迅,6,0,6,華南永昌-頭份,2023-03-01,9343
4763,材料-KY,11,5,6,華南永昌-頭份,2023-03-01,9343
00712,復華富時不動產,118,0,118,華南永昌-頭份,2023-03-02,9343
2834,臺企銀,90,0,90,華南永昌-頭份,2023-03-02,9343
5443,均豪,50,0,50,華南永昌-頭份,2023-03-02,9343
00878,國泰永續高股息,39,2,37,華南永昌-頭份,2023-03-02,9343
1605,華新,55,27,28,華南永昌-頭份,2023-03-02,9343
2913,農林,25,0,25,華南永昌-頭份,2023-03-02,9343
1219,福壽,25,1,24,華南永昌-頭份,2023-03-02,9343
3230,錦明,20,0,20,華南永昌-頭份,2023-03-02,9343
8088,品安,20,0,20,華南永昌-頭份,2023-03-02,9343
8936,國統,25,5,20,華南永昌-頭份,2023-03-02,9343
2489,瑞軒,20,1,19,華南永昌-頭份,2023-03-02,9343
2442,新美齊,18,0,18,華南永昌-頭份,2023-03-02,9343
3704,合勤控,15,1,14,華南永昌-頭份,2023-03-02,9343
1440,南紡,13,0,13,華南永昌-頭份,2023-03-02,9343
2354,鴻準,15,3,12,華南永昌-頭份,2023-03-02,9343
2643,捷迅,12,0,12,華南永昌-頭份,2023-03-02,9343
6114,久威,12,0,12,華南永昌-頭份,2023-03-02,9343
5608,四維航,21,9,12,華南永昌-頭份,2023-03-02,9343
2618,長榮航,11,0,11,華南永昌-頭份,2023-03-02,9343
2888,新光金,11,0,11,華南永昌-頭份,2023-03-02,9343
0056,元大高股息,10,0,10,華南永昌-頭份,2023-03-02,9343
00900,富邦特選高股息30,10,0,10,華南永昌-頭份,2023-03-02,9343
2352,佳世達,10,0,10,華南永昌-頭份,2023-03-02,9343
2472,立隆電,10,0,10,華南永昌-頭份,2023-03-02,9343
2542,興富發,10,0,10,華南永昌-頭份,2023-03-02,9343
3362,先進光,20,10,10,華南永昌-頭份,2023-03-02,9343
3714,富采,10,0,10,華南永昌-頭份,2023-03-02,9343
2748,雲品,13,4,9,華南永昌-頭份,2023-03-02,9343
5880,合庫金,9,0,9,華南永昌-頭份,2023-03-02,9343
2884,玉山金,9,1,8,華南永昌-頭份,2023-03-02,9343
4168,醣聯,8,0,8,華南永昌-頭份,2023-03-02,9343
2201,裕隆,9,2,7,華南永昌-頭份,2023-03-02,9343
3419,譁裕,7,0,7,華南永昌-頭份,2023-03-02,9343
3707,漢磊,7,0,7,華南永昌-頭份,2023-03-02,9343
6116,彩晶,7,0,7,華南永昌-頭份,2023-03-02,9343
1513,中興電,17,11,6,華南永昌-頭份,2023-03-02,9343
2402,毅嘉,6,0,6,華南永昌-頭份,2023-03-02,9343
2891,中信金,6,0,6,華南永昌-頭份,2023-03-02,9343
3034,聯詠,6,0,6,華南永昌-頭份,2023-03-02,9343
2367,燿華,6,0,6,華南永昌-頭份,2023-03-02,9343
2002,中鋼,7,1,6,華南永昌-頭份,2023-03-02,9343
3231,緯創,5,0,5,華南永昌-頭份,2023-03-02,9343
00725B,國泰投資級公司債,5,0,5,華南永昌-頭份,2023-03-02,9343
1809,中釉,5,0,5,華南永昌-頭份,2023-03-02,9343
2457,飛宏,15,10,5,華南永昌-頭份,2023-03-02,9343
2488,漢平,5,0,5,華南永昌-頭份,2023-03-02,9343
2892,第一金,5,0,5,華南永昌-頭份,2023-03-02,9343
3022,威強電,5,0,5,華南永昌-頭份,2023-03-02,9343
3322,建舜電,5,0,5,華南永昌-頭份,2023-03-02,9343
5009,榮剛,5,0,5,華南永昌-頭份,2023-03-02,9343
00632R,元大台灣50反1,50,0,50,華南永昌-頭份,2023-03-03,9343
2897,王道銀行,50,0,50,華南永昌-頭份,2023-03-03,9343
00676R,富邦臺灣加權反1,47,0,47,華南永昌-頭份,2023-03-03,9343
2313,華通,53,6,47,華南永昌-頭份,2023-03-03,9343
1714,和桐,30,0,30,華南永昌-頭份,2023-03-03,9343
8046,南電,28,3,25,華南永昌-頭份,2023-03-03,9343
6248,沛波,25,0,25,華南永昌-頭份,2023-03-03,9343
2637,慧洋-KY,21,0,21,華南永昌-頭份,2023-03-03,9343
2441,超豐,20,0,20,華南永昌-頭份,2023-03-03,9343
3321,同泰,20,0,20,華南永昌-頭份,2023-03-03,9343
2344,華邦電,40,22,18,華南永昌-頭份,2023-03-03,9343
00712,復華富時不動產,16,0,16,華南永昌-頭份,2023-03-03,9343
2606,裕民,15,0,15,華南永昌-頭份,2023-03-03,9343
6235,華孚,38,23,15,華南永昌-頭份,2023-03-03,9343
1219,福壽,87,73,14,華南永昌-頭份,2023-03-03,9343
2354,鴻準,13,0,13,華南永昌-頭份,2023-03-03,9343
2610,華航,12,1,11,華南永昌-頭份,2023-03-03,9343
2324,仁寶,10,0,10,華南永昌-頭份,2023-03-03,9343
2331,精英,10,0,10,華南永昌-頭份,2023-03-03,9343
2356,英業達,10,0,10,華南永昌-頭份,2023-03-03,9343
2812,台中銀,10,0,10,華南永昌-頭份,2023-03-03,9343
3236,千如,10,0,10,華南永昌-頭份,2023-03-03,9343
3380,明泰,10,0,10,華南永昌-頭份,2023-03-03,9343
3711,日月光投控,10,0,10,華南永昌-頭份,2023-03-03,9343
4960,誠美材,10,0,10,華南永昌-頭份,2023-03-03,9343
4968,立積,10,0,10,華南永昌-頭份,2023-03-03,9343
5490,同亨,10,0,10,華南永昌-頭份,2023-03-03,9343
6245,立端,20,10,10,華南永昌-頭份,2023-03-03,9343
2201,裕隆,14,5,9,華南永昌-頭份,2023-03-03,9343
0056,元大高股息,10,1,9,華南永昌-頭份,2023-03-03,9343
1802,台玻,9,0,9,華南永昌-頭份,2023-03-03,9343
3317,尼克森,11,2,9,華南永昌-頭份,2023-03-03,9343
6231,系微,10,1,9,華南永昌-頭份,2023-03-03,9343
6266,泰詠,20,11,9,華南永昌-頭份,2023-03-03,9343
00885,富邦越南,8,0,8,華南永昌-頭份,2023-03-03,9343
4979,華星光,10,2,8,華南永昌-頭份,2023-03-03,9343
1708,東鹼,15,7,8,華南永昌-頭份,2023-03-03,9343
00773B,中信優先金融債,7,0,7,華南永昌-頭份,2023-03-03,9343
1539,巨庭,7,0,7,華南永昌-頭份,2023-03-03,9343
2483,百容,8,1,7,華南永昌-頭份,2023-03-03,9343
5383,金利,7,0,7,華南永昌-頭份,2023-03-03,9343
2884,玉山金,6,0,6,華南永昌-頭份,2023-03-03,9343
4747,強生,6,0,6,華南永昌-頭份,2023-03-03,9343
6140,訊達,7,1,6,華南永昌-頭份,2023-03-03,9343
2615,萬海,7,2,5,華南永昌-頭份,2023-03-03,9343
00679B,元大美債20年,5,0,5,華南永昌-頭份,2023-03-03,9343
1762,中化生,5,0,5,華南永昌-頭份,2023-03-03,9343
1789,神隆,5,0,5,華南永昌-頭份,2023-03-03,9343
2342,茂矽,5,0,5,華南永昌-頭份,2023-03-03,9343
2484,希華,15,10,5,華南永昌-頭份,2023-03-03,9343
2409,友達,101,8,93,華南永昌-頭份,2023-03-06,9343
00673R,期元大S＆P原油反1,89,0,89,華南永昌-頭份,2023-03-06,9343
2007,燁興,50,0,50,華南永昌-頭份,2023-03-06,9343
6282,康舒,71,27,44,華南永昌-頭份,2023-03-06,9343
2884,玉山金,40,0,40,華南永昌-頭份,2023-03-06,9343
5015,華祺,25,0,25,華南永昌-頭份,2023-03-06,9343
1587,吉茂,24,0,24,華南永昌-頭份,2023-03-06,9343
3481,群創,101,79,22,華南永昌-頭份,2023-03-06,9343
2367,燿華,21,0,21,華南永昌-頭份,2023-03-06,9343
6142,友勁,20,0,20,華南永昌-頭份,2023-03-06,9343
6248,沛波,19,0,19,華南永昌-頭份,2023-03-06,9343
2442,新美齊,18,0,18,華南永昌-頭份,2023-03-06,9343
8033,雷虎,25,7,18,華南永昌-頭份,2023-03-06,9343
2388,威盛,30,12,18,華南永昌-頭份,2023-03-06,9343
4974,亞泰,17,1,16,華南永昌-頭份,2023-03-06,9343
1434,福懋,15,0,15,華南永昌-頭份,2023-03-06,9343
2380,虹光,15,0,15,華南永昌-頭份,2023-03-06,9343
5490,同亨,15,0,15,華南永昌-頭份,2023-03-06,9343
5464,霖宏,12,0,12,華南永昌-頭份,2023-03-06,9343
6209,今國光,12,0,12,華南永昌-頭份,2023-03-06,9343
6288,聯嘉,12,1,11,華南永昌-頭份,2023-03-06,9343
00713,元大台灣高息低波,11,0,11,華南永昌-頭份,2023-03-06,9343
1101,台泥,13,2,11,華南永昌-頭份,2023-03-06,9343
2812,台中銀,12,1,11,華南永昌-頭份,2023-03-06,9343
00751B,元大AAA至A公司債,10,0,10,華南永昌-頭份,2023-03-06,9343
1711,永光,10,0,10,華南永昌-頭份,2023-03-06,9343
2352,佳世達,12,2,10,華南永昌-頭份,2023-03-06,9343
3236,千如,10,0,10,華南永昌-頭份,2023-03-06,9343
00680L,元大美債20正2,10,1,9,華南永昌-頭份,2023-03-06,9343
00753L,中信中國50正2,9,0,9,華南永昌-頭份,2023-03-06,9343
1710,東聯,10,1,9,華南永昌-頭份,2023-03-06,9343
2313,華通,10,1,9,華南永昌-頭份,2023-03-06,9343
2618,長榮航,10,1,9,華南永昌-頭份,2023-03-06,9343
6244,茂迪,9,0,9,華南永昌-頭份,2023-03-06,9343
00900,富邦特選高股息30,10,2,8,華南永昌-頭份,2023-03-06,9343
8222,寶一,28,20,8,華南永昌-頭份,2023-03-06,9343
2887,台新金,8,0,8,華南永昌-頭份,2023-03-06,9343
3317,尼克森,6,0,6,華南永昌-頭份,2023-03-06,9343
00712,復華富時不動產,6,0,6,華南永昌-頭份,2023-03-06,9343
00780B,國泰A級金融債,5,0,5,華南永昌-頭份,2023-03-06,9343
00888,永豐台灣ESG,5,0,5,華南永昌-頭份,2023-03-06,9343
1721,三晃,5,0,5,華南永昌-頭份,2023-03-06,9343
1727,中華化,5,0,5,華南永昌-頭份,2023-03-06,9343
1762,中化生,10,5,5,華南永昌-頭份,2023-03-06,9343
2002,中鋼,6,1,5,華南永昌-頭份,2023-03-06,9343
2337,旺宏,6,1,5,華南永昌-頭份,2023-03-06,9343
3093,港建*,5,0,5,華南永昌-頭份,2023-03-06,9343
4557,永新-KY,5,0,5,華南永昌-頭份,2023-03-06,9343
5536,聖暉*,5,0,5,華南永昌-頭份,2023-03-06,9343
6432,今展科,5,0,5,華南永昌-頭份,2023-03-06,9343
00676R,富邦臺灣加權反1,62,0,62,華南永昌-頭份,2023-03-07,9343
6233,旺玖,41,1,40,華南永昌-頭份,2023-03-07,9343
00900,富邦特選高股息30,22,0,22,華南永昌-頭份,2023-03-07,9343
2481,強茂,26,5,21,華南永昌-頭份,2023-03-07,9343
2323,中環,20,0,20,華南永昌-頭份,2023-03-07,9343
1587,吉茂,20,0,20,華南永昌-頭份,2023-03-07,9343
00885,富邦越南,22,4,18,華南永昌-頭份,2023-03-07,9343
1710,東聯,18,1,17,華南永昌-頭份,2023-03-07,9343
1529,樂事綠能,40,25,15,華南永昌-頭份,2023-03-07,9343
2614,東森,15,0,15,華南永昌-頭份,2023-03-07,9343
2609,陽明,15,1,14,華南永昌-頭份,2023-03-07,9343
00712,復華富時不動產,15,1,14,華南永昌-頭份,2023-03-07,9343
3013,晟銘電,20,6,14,華南永昌-頭份,2023-03-07,9343
6414,樺漢,14,0,14,華南永昌-頭份,2023-03-07,9343
6548,長科*,14,3,11,華南永昌-頭份,2023-03-07,9343
1605,華新,52,41,11,華南永昌-頭份,2023-03-07,9343
1815,富喬,12,1,11,華南永昌-頭份,2023-03-07,9343
6116,彩晶,10,0,10,華南永昌-頭份,2023-03-07,9343
00877,復華中國5G,10,0,10,華南永昌-頭份,2023-03-07,9343
00680L,元大美債20正2,10,0,10,華南永昌-頭份,2023-03-07,9343
2851,中再保,10,0,10,華南永昌-頭份,2023-03-07,9343
3356,奇偶,11,1,10,華南永昌-頭份,2023-03-07,9343
5371,中光電,10,0,10,華南永昌-頭份,2023-03-07,9343
8358,金居,10,0,10,華南永昌-頭份,2023-03-07,9343
2337,旺宏,9,0,9,華南永昌-頭份,2023-03-07,9343
3037,欣興,12,3,9,華南永昌-頭份,2023-03-07,9343
8089,康全電訊,9,0,9,華南永昌-頭份,2023-03-07,9343
2611,志信,8,0,8,華南永昌-頭份,2023-03-07,9343
3189,景碩,13,5,8,華南永昌-頭份,2023-03-07,9343
3624,光頡,8,0,8,華南永昌-頭份,2023-03-07,9343
4123,晟德,8,0,8,華南永昌-頭份,2023-03-07,9343
00673R,期元大S＆P原油反1,7,0,7,華南永昌-頭份,2023-03-07,9343
2344,華邦電,15,8,7,華南永昌-頭份,2023-03-07,9343
6266,泰詠,22,15,7,華南永昌-頭份,2023-03-07,9343
2030,彰源,6,0,6,華南永昌-頭份,2023-03-07,9343
2748,雲品,6,0,6,華南永昌-頭份,2023-03-07,9343
3056,富華新,6,0,6,華南永昌-頭份,2023-03-07,9343
4743,合一,6,0,6,華南永昌-頭份,2023-03-07,9343
5512,力麒,8,2,6,華南永昌-頭份,2023-03-07,9343
3141,晶宏,7,2,5,華南永昌-頭份,2023-03-07,9343
1444,力麗,5,0,5,華南永昌-頭份,2023-03-07,9343
1453,大將,5,0,5,華南永昌-頭份,2023-03-07,9343
1519,華城,13,8,5,華南永昌-頭份,2023-03-07,9343
2501,國建,5,0,5,華南永昌-頭份,2023-03-07,9343
2867,三商壽,5,0,5,華南永昌-頭份,2023-03-07,9343
3035,智原,7,2,5,華南永昌-頭份,2023-03-07,9343
3673,TPK-KY,5,0,5,華南永昌-頭份,2023-03-07,9343
4142,國光生,5,0,5,華南永昌-頭份,2023-03-07,9343
4726,永昕,5,0,5,華南永昌-頭份,2023-03-07,9343
6142,友勁,5,0,5,華南永昌-頭份,2023-03-07,9343
00676R,富邦臺灣加權反1,167,0,167,華南永昌-頭份,2023-03-08,9343
2812,台中銀,100,1,99,華南永昌-頭份,2023-03-08,9343
2409,友達,100,3,97,華南永昌-頭份,2023-03-08,9343
6116,彩晶,92,0,92,華南永昌-頭份,2023-03-08,9343
3006,晶豪科,87,0,87,華南永昌-頭份,2023-03-08,9343
00878,國泰永續高股息,89,6,83,華南永昌-頭份,2023-03-08,9343
1514,亞力,88,22,66,華南永昌-頭份,2023-03-08,9343
9933,中鼎,56,0,56,華南永昌-頭份,2023-03-08,9343
1605,華新,57,2,55,華南永昌-頭份,2023-03-08,9343
1802,台玻,50,0,50,華南永昌-頭份,2023-03-08,9343
00665L,富邦�琤肭磪囓�2,77,31,46,華南永昌-頭份,2023-03-08,9343
2354,鴻準,40,0,40,華南永昌-頭份,2023-03-08,9343
6235,華孚,52,22,30,華南永昌-頭份,2023-03-08,9343
00637L,元大滬深300正2,29,0,29,華南永昌-頭份,2023-03-08,9343
6248,沛波,27,0,27,華南永昌-頭份,2023-03-08,9343
2317,鴻海,26,1,25,華南永昌-頭份,2023-03-08,9343
3013,晟銘電,33,10,23,華南永昌-頭份,2023-03-08,9343
3162,精確,36,15,21,華南永昌-頭份,2023-03-08,9343
6175,立敦,22,1,21,華南永昌-頭份,2023-03-08,9343
6142,友勁,20,0,20,華南永昌-頭份,2023-03-08,9343
3202,樺晟,20,0,20,華南永昌-頭份,2023-03-08,9343
1102,亞泥,19,0,19,華南永昌-頭份,2023-03-08,9343
2748,雲品,20,1,19,華南永昌-頭份,2023-03-08,9343
1701,中化,18,0,18,華南永昌-頭份,2023-03-08,9343
00753L,中信中國50正2,20,3,17,華南永昌-頭份,2023-03-08,9343
2312,金寶,16,0,16,華南永昌-頭份,2023-03-08,9343
2609,陽明,54,38,16,華南永昌-頭份,2023-03-08,9343
00885,富邦越南,15,0,15,華南永昌-頭份,2023-03-08,9343
6558,興能高,15,1,14,華南永昌-頭份,2023-03-08,9343
3046,建��,16,3,13,華南永昌-頭份,2023-03-08,9343
6285,啟��,13,0,13,華南永昌-頭份,2023-03-08,9343
9105,泰金寶-DR,13,0,13,華南永昌-頭份,2023-03-08,9343
1219,福壽,11,0,11,華南永昌-頭份,2023-03-08,9343
1560,中砂,11,0,11,華南永昌-頭份,2023-03-08,9343
1721,三晃,11,0,11,華南永昌-頭份,2023-03-08,9343
2329,華泰,11,0,11,華南永昌-頭份,2023-03-08,9343
2603,長榮,11,0,11,華南永昌-頭份,2023-03-08,9343
6113,亞矽,11,0,11,華南永昌-頭份,2023-03-08,9343
8111,立��,13,2,11,華南永昌-頭份,2023-03-08,9343
2105,正新,10,0,10,華南永昌-頭份,2023-03-08,9343
2426,鼎元,10,0,10,華南永昌-頭份,2023-03-08,9343
2851,中再保,10,0,10,華南永昌-頭份,2023-03-08,9343
2888,新光金,10,0,10,華南永昌-頭份,2023-03-08,9343
3003,健和興,10,0,10,華南永昌-頭份,2023-03-08,9343
3706,神達,10,0,10,華南永昌-頭份,2023-03-08,9343
4102,永日,10,0,10,華南永昌-頭份,2023-03-08,9343
6257,矽格,10,0,10,華南永昌-頭份,2023-03-08,9343
00852L,國泰美國道瓊正2,9,0,9,華南永昌-頭份,2023-03-08,9343
2618,長榮航,10,1,9,華南永昌-頭份,2023-03-08,9343
3374,精材,10,1,9,華南永昌-頭份,2023-03-08,9343
1721,三晃,192,1,191,華南永昌-頭份,2023-03-09,9343
3682,亞太電,160,0,160,華南永昌-頭份,2023-03-09,9343
3481,群創,90,0,90,華南永昌-頭份,2023-03-09,9343
2402,毅嘉,91,2,89,華南永昌-頭份,2023-03-09,9343
00878,國泰永續高股息,76,10,66,華南永昌-頭份,2023-03-09,9343
2504,國產,60,1,59,華南永昌-頭份,2023-03-09,9343
8105,凌巨,54,0,54,華南永昌-頭份,2023-03-09,9343
2317,鴻海,60,11,49,華南永昌-頭份,2023-03-09,9343
1101,台泥,44,1,43,華南永昌-頭份,2023-03-09,9343
2486,一詮,72,41,31,華南永昌-頭份,2023-03-09,9343
00885,富邦越南,30,0,30,華南永昌-頭份,2023-03-09,9343
3645,達邁,31,2,29,華南永昌-頭份,2023-03-09,9343
8261,富鼎,23,0,23,華南永昌-頭份,2023-03-09,9343
3236,千如,21,0,21,華南永昌-頭份,2023-03-09,9343
6266,泰詠,28,7,21,華南永昌-頭份,2023-03-09,9343
1337,再生-KY,20,0,20,華南永昌-頭份,2023-03-09,9343
2482,連宇,46,26,20,華南永昌-頭份,2023-03-09,9343
6142,友勁,20,0,20,華南永昌-頭份,2023-03-09,9343
4114,健喬,19,0,19,華南永昌-頭份,2023-03-09,9343
3591,艾笛森,20,2,18,華南永昌-頭份,2023-03-09,9343
3047,訊舟,32,15,17,華南永昌-頭份,2023-03-09,9343
1440,南紡,17,0,17,華南永昌-頭份,2023-03-09,9343
3013,晟銘電,19,2,17,華南永昌-頭份,2023-03-09,9343
6443,元晶,18,3,15,華南永昌-頭份,2023-03-09,9343
8936,國統,15,0,15,華南永昌-頭份,2023-03-09,9343
00712,復華富時不動產,14,0,14,華南永昌-頭份,2023-03-09,9343
3059,華晶科,15,1,14,華南永昌-頭份,2023-03-09,9343
2634,漢翔,16,3,13,華南永昌-頭份,2023-03-09,9343
3189,景碩,15,2,13,華南永昌-頭份,2023-03-09,9343
3432,台端,13,0,13,華南永昌-頭份,2023-03-09,9343
2201,裕隆,12,0,12,華南永昌-頭份,2023-03-09,9343
00923,群益台ESG低碳50,12,0,12,華南永昌-頭份,2023-03-09,9343
5272,笙科,12,0,12,華南永昌-頭份,2023-03-09,9343
00637L,元大滬深300正2,11,0,11,華南永昌-頭份,2023-03-09,9343
6411,晶焱,11,0,11,華南永昌-頭份,2023-03-09,9343
2208,台船,11,1,10,華南永昌-頭份,2023-03-09,9343
2851,中再保,10,0,10,華南永昌-頭份,2023-03-09,9343
3033,威健,10,0,10,華南永昌-頭份,2023-03-09,9343
912000,晨訊科-DR,10,0,10,華南永昌-頭份,2023-03-09,9343
0056,元大高股息,13,3,10,華南永昌-頭份,2023-03-09,9343
1457,宜進,9,0,9,華南永昌-頭份,2023-03-09,9343
2643,捷迅,9,0,9,華南永昌-頭份,2023-03-09,9343
3712,永崴投控,10,1,9,華南永昌-頭份,2023-03-09,9343
1714,和桐,8,0,8,華南永昌-頭份,2023-03-09,9343
2331,精英,8,0,8,華南永昌-頭份,2023-03-09,9343
2610,華航,19,11,8,華南永昌-頭份,2023-03-09,9343
3535,晶彩科,8,0,8,華南永昌-頭份,2023-03-09,9343
6180,橘子,9,1,8,華南永昌-頭份,2023-03-09,9343
00772B,中信高評級公司債,7,0,7,華南永昌-頭份,2023-03-09,9343
2880,華南金,7,0,7,華南永昌-頭份,2023-03-09,9343
3230,錦明,350,0,350,華南永昌-頭份,2023-03-10,9343
00878,國泰永續高股息,261,13,248,華南永昌-頭份,2023-03-10,9343
2888,新光金,160,0,160,華南永昌-頭份,2023-03-10,9343
00632R,元大台灣50反1,300,171,129,華南永昌-頭份,2023-03-10,9343
00637L,元大滬深300正2,110,1,109,華南永昌-頭份,2023-03-10,9343
2892,第一金,76,0,76,華南永昌-頭份,2023-03-10,9343
2402,毅嘉,79,9,70,華南永昌-頭份,2023-03-10,9343
1528,恩德,52,0,52,華南永昌-頭份,2023-03-10,9343
2880,華南金,52,0,52,華南永昌-頭份,2023-03-10,9343
4950,牧東,50,0,50,華南永昌-頭份,2023-03-10,9343
2609,陽明,120,72,48,華南永昌-頭份,2023-03-10,9343
2610,華航,65,18,47,華南永昌-頭份,2023-03-10,9343
2504,國產,40,0,40,華南永昌-頭份,2023-03-10,9343
8069,元太,36,2,34,華南永昌-頭份,2023-03-10,9343
1569,濱川,33,0,33,華南永昌-頭份,2023-03-10,9343
2891,中信金,32,0,32,華南永昌-頭份,2023-03-10,9343
2884,玉山金,32,3,29,華南永昌-頭份,2023-03-10,9343
00923,群益台ESG低碳50,27,0,27,華南永昌-頭份,2023-03-10,9343
8936,國統,32,5,27,華南永昌-頭份,2023-03-10,9343
6547,高端疫苗,26,0,26,華南永昌-頭份,2023-03-10,9343
4432,銘旺實,25,1,24,華南永昌-頭份,2023-03-10,9343
2618,長榮航,30,8,22,華南永昌-頭份,2023-03-10,9343
2344,華邦電,22,0,22,華南永昌-頭份,2023-03-10,9343
3041,揚智,20,0,20,華南永昌-頭份,2023-03-10,9343
8071,能率網通,20,0,20,華南永昌-頭份,2023-03-10,9343
3022,威強電,19,2,17,華南永昌-頭份,2023-03-10,9343
2313,華通,17,1,16,華南永昌-頭份,2023-03-10,9343
4114,健喬,16,0,16,華南永昌-頭份,2023-03-10,9343
1337,再生-KY,15,0,15,華南永昌-頭份,2023-03-10,9343
1504,東元,15,0,15,華南永昌-頭份,2023-03-10,9343
2481,強茂,15,0,15,華南永昌-頭份,2023-03-10,9343
00642U,期元大S＆P石油,14,0,14,華南永昌-頭份,2023-03-10,9343
00715L,期街口布蘭特正2,14,0,14,華南永昌-頭份,2023-03-10,9343
2359,所羅門,21,7,14,華南永昌-頭份,2023-03-10,9343
2201,裕隆,15,2,13,華南永昌-頭份,2023-03-10,9343
2317,鴻海,33,20,13,華南永昌-頭份,2023-03-10,9343
00713,元大台灣高息低波,23,10,13,華南永昌-頭份,2023-03-10,9343
00665L,富邦�琤肭磪囓�2,23,10,13,華南永昌-頭份,2023-03-10,9343
1519,華城,17,4,13,華南永昌-頭份,2023-03-10,9343
6770,力積電,19,7,12,華南永昌-頭份,2023-03-10,9343
3049,精金,12,0,12,華南永昌-頭份,2023-03-10,9343
00631L,元大台灣50正2,19,8,11,華南永昌-頭份,2023-03-10,9343
3479,安勤,11,0,11,華南永昌-頭份,2023-03-10,9343
6509,聚和,11,0,11,華南永昌-頭份,2023-03-10,9343
2330,台積電,12,1,11,華南永昌-頭份,2023-03-10,9343
0056,元大高股息,11,1,10,華南永昌-頭份,2023-03-10,9343
2312,金寶,10,0,10,華南永昌-頭份,2023-03-10,9343
2354,鴻準,10,0,10,華南永昌-頭份,2023-03-10,9343
2634,漢翔,11,1,10,華南永昌-頭份,2023-03-10,9343
2897,王道銀行,10,0,10,華南永昌-頭份,2023-03-10,9343
9103,美德醫療-DR,127,4,123,華南永昌-頭份,2023-03-13,9343
2609,陽明,124,8,116,華南永昌-頭份,2023-03-13,9343
00878,國泰永續高股息,111,0,111,華南永昌-頭份,2023-03-13,9343
00664R,國泰臺灣加權反1,70,0,70,華南永昌-頭份,2023-03-13,9343
3264,欣銓,71,1,70,華南永昌-頭份,2023-03-13,9343
2834,臺企銀,65,0,65,華南永昌-頭份,2023-03-13,9343
4915,致伸,46,0,46,華南永昌-頭份,2023-03-13,9343
2880,華南金,43,0,43,華南永昌-頭份,2023-03-13,9343
00713,元大台灣高息低波,38,0,38,華南永昌-頭份,2023-03-13,9343
6547,高端疫苗,31,0,31,華南永昌-頭份,2023-03-13,9343
2888,新光金,27,0,27,華南永昌-頭份,2023-03-13,9343
3162,精確,26,5,21,華南永昌-頭份,2023-03-13,9343
2504,國產,20,0,20,華南永昌-頭份,2023-03-13,9343
1569,濱川,22,6,16,華南永昌-頭份,2023-03-13,9343
5258,虹堡,18,3,15,華南永昌-頭份,2023-03-13,9343
8069,元太,15,1,14,華南永昌-頭份,2023-03-13,9343
2484,希華,17,4,13,華南永昌-頭份,2023-03-13,9343
2317,鴻海,17,5,12,華南永昌-頭份,2023-03-13,9343
2427,三商電,13,1,12,華南永昌-頭份,2023-03-13,9343
2014,中鴻,12,1,11,華南永昌-頭份,2023-03-13,9343
4167,松瑞藥,10,0,10,華南永昌-頭份,2023-03-13,9343
4432,銘旺實,10,0,10,華南永昌-頭份,2023-03-13,9343
4903,聯光通,10,0,10,華南永昌-頭份,2023-03-13,9343
5490,同亨,10,0,10,華南永昌-頭份,2023-03-13,9343
6753,龍德造船,10,0,10,華南永昌-頭份,2023-03-13,9343
6104,創惟,11,1,10,華南永昌-頭份,2023-03-13,9343
1316,上曜,9,0,9,華南永昌-頭份,2023-03-13,9343
2457,飛宏,57,48,9,華南永昌-頭份,2023-03-13,9343
4128,中天,9,0,9,華南永昌-頭份,2023-03-13,9343
2409,友達,11,3,8,華南永昌-頭份,2023-03-13,9343
2812,台中銀,7,0,7,華南永昌-頭份,2023-03-13,9343
2882,國泰金,9,2,7,華南永昌-頭份,2023-03-13,9343
3013,晟銘電,7,0,7,華南永昌-頭份,2023-03-13,9343
3230,錦明,7,0,7,華南永昌-頭份,2023-03-13,9343
4108,懷特,7,0,7,華南永昌-頭份,2023-03-13,9343
6275,元山,8,1,7,華南永昌-頭份,2023-03-13,9343
6288,聯嘉,7,0,7,華南永昌-頭份,2023-03-13,9343
6477,安集,7,0,7,華南永昌-頭份,2023-03-13,9343
2707,晶華,7,0,7,華南永昌-頭份,2023-03-13,9343
1101,台泥,6,0,6,華南永昌-頭份,2023-03-13,9343
2344,華邦電,7,1,6,華南永昌-頭份,2023-03-13,9343
2482,連宇,35,29,6,華南永昌-頭份,2023-03-13,9343
4130,健亞,6,0,6,華南永昌-頭份,2023-03-13,9343
6016,康和證,6,0,6,華南永昌-頭份,2023-03-13,9343
8183,精星,6,0,6,華南永昌-頭份,2023-03-13,9343
4743,合一,5,0,5,華南永昌-頭份,2023-03-13,9343
1319,東陽,8,3,5,華南永昌-頭份,2023-03-13,9343
1718,中纖,5,0,5,華南永昌-頭份,2023-03-13,9343
1906,寶隆,5,0,5,華南永昌-頭份,2023-03-13,9343
2312,金寶,5,0,5,華南永昌-頭份,2023-03-13,9343
2609,陽明,403,12,391,華南永昌-頭份,2023-03-14,9343
00878,國泰永續高股息,164,0,164,華南永昌-頭份,2023-03-14,9343
2352,佳世達,96,0,96,華南永昌-頭份,2023-03-14,9343
3006,晶豪科,90,0,90,華南永昌-頭份,2023-03-14,9343
2880,華南金,59,0,59,華南永昌-頭份,2023-03-14,9343
3230,錦明,55,0,55,華南永昌-頭份,2023-03-14,9343
8105,凌巨,60,7,53,華南永昌-頭份,2023-03-14,9343
2303,聯電,50,4,46,華南永昌-頭份,2023-03-14,9343
3481,群創,31,0,31,華南永昌-頭份,2023-03-14,9343
2027,大成鋼,33,5,28,華南永昌-頭份,2023-03-14,9343
00715L,期街口布蘭特正2,29,4,25,華南永昌-頭份,2023-03-14,9343
00642U,期元大S＆P石油,25,0,25,華南永昌-頭份,2023-03-14,9343
1513,中興電,30,5,25,華南永昌-頭份,2023-03-14,9343
00637L,元大滬深300正2,23,0,23,華南永昌-頭份,2023-03-14,9343
00882,中信中國高股息,22,0,22,華南永昌-頭份,2023-03-14,9343
2618,長榮航,42,20,22,華南永昌-頭份,2023-03-14,9343
2344,華邦電,21,0,21,華南永昌-頭份,2023-03-14,9343
2884,玉山金,22,2,20,華南永昌-頭份,2023-03-14,9343
2427,三商電,20,0,20,華南永昌-頭份,2023-03-14,9343
2515,中工,20,0,20,華南永昌-頭份,2023-03-14,9343
6139,亞翔,20,0,20,華南永昌-頭份,2023-03-14,9343
5876,上海商銀,19,0,19,華南永昌-頭份,2023-03-14,9343
4958,臻鼎-KY,18,0,18,華南永昌-頭份,2023-03-14,9343
3167,大量,16,0,16,華南永昌-頭份,2023-03-14,9343
6770,力積電,17,1,16,華南永昌-頭份,2023-03-14,9343
2812,台中銀,14,0,14,華南永昌-頭份,2023-03-14,9343
4906,正文,20,6,14,華南永昌-頭份,2023-03-14,9343
2409,友達,18,5,13,華南永昌-頭份,2023-03-14,9343
2313,華通,12,0,12,華南永昌-頭份,2023-03-14,9343
2402,毅嘉,12,0,12,華南永昌-頭份,2023-03-14,9343
2615,萬海,17,5,12,華南永昌-頭份,2023-03-14,9343
1314,中石化,11,0,11,華南永昌-頭份,2023-03-14,9343
1219,福壽,11,0,11,華南永昌-頭份,2023-03-14,9343
1504,東元,11,0,11,華南永昌-頭份,2023-03-14,9343
2312,金寶,11,0,11,華南永昌-頭份,2023-03-14,9343
2885,元大金,11,0,11,華南永昌-頭份,2023-03-14,9343
3013,晟銘電,11,0,11,華南永昌-頭份,2023-03-14,9343
3017,奇鋐,11,0,11,華南永昌-頭份,2023-03-14,9343
1587,吉茂,10,0,10,華南永昌-頭份,2023-03-14,9343
2221,大甲,11,1,10,華南永昌-頭份,2023-03-14,9343
2458,義隆,10,0,10,華南永昌-頭份,2023-03-14,9343
2633,台灣高鐵,10,0,10,華南永昌-頭份,2023-03-14,9343
2883,凱基金,14,5,9,華南永昌-頭份,2023-03-14,9343
4916,事欣科,13,4,9,華南永昌-頭份,2023-03-14,9343
6248,沛波,10,1,9,華南永昌-頭份,2023-03-14,9343
1605,華新,10,2,8,華南永昌-頭份,2023-03-14,9343
2007,燁興,8,0,8,華南永昌-頭份,2023-03-14,9343
3317,尼克森,11,3,8,華南永昌-頭份,2023-03-14,9343
4432,銘旺實,8,0,8,華南永昌-頭份,2023-03-14,9343
5512,力麒,10,2,8,華南永昌-頭份,2023-03-14,9343
2880,華南金,184,1,183,華南永昌-頭份,2023-03-15,9343
2614,東森,68,1,67,華南永昌-頭份,2023-03-15,9343
1611,中電,55,0,55,華南永昌-頭份,2023-03-15,9343
2603,長榮,113,59,54,華南永昌-頭份,2023-03-15,9343
3481,群創,42,0,42,華南永昌-頭份,2023-03-15,9343
2323,中環,30,0,30,華南永昌-頭份,2023-03-15,9343
2888,新光金,31,4,27,華南永昌-頭份,2023-03-15,9343
1608,華榮,27,0,27,華南永昌-頭份,2023-03-15,9343
6235,華孚,36,9,27,華南永昌-頭份,2023-03-15,9343
00878,國泰永續高股息,31,5,26,華南永昌-頭份,2023-03-15,9343
00715L,期街口布蘭特正2,24,0,24,華南永昌-頭份,2023-03-15,9343
3162,精確,37,15,22,華南永昌-頭份,2023-03-15,9343
2609,陽明,48,28,20,華南永昌-頭份,2023-03-15,9343
6770,力積電,20,2,18,華南永昌-頭份,2023-03-15,9343
2605,新興,17,0,17,華南永昌-頭份,2023-03-15,9343
00632R,元大台灣50反1,15,0,15,華南永昌-頭份,2023-03-15,9343
1569,濱川,15,0,15,華南永昌-頭份,2023-03-15,9343
2606,裕民,16,2,14,華南永昌-頭份,2023-03-15,9343
1513,中興電,16,3,13,華南永昌-頭份,2023-03-15,9343
3037,欣興,13,0,13,華南永昌-頭份,2023-03-15,9343
2615,萬海,14,2,12,華南永昌-頭份,2023-03-15,9343
00712,復華富時不動產,12,0,12,華南永昌-頭份,2023-03-15,9343
4916,事欣科,22,10,12,華南永昌-頭份,2023-03-15,9343
00642U,期元大S＆P石油,11,0,11,華南永昌-頭份,2023-03-15,9343
2610,華航,11,0,11,華南永昌-頭份,2023-03-15,9343
4417,金洲,11,0,11,華南永昌-頭份,2023-03-15,9343
4934,太極,13,2,11,華南永昌-頭份,2023-03-15,9343
8358,金居,10,0,10,華南永昌-頭份,2023-03-15,9343
2324,仁寶,10,0,10,華南永昌-頭份,2023-03-15,9343
2440,太空梭,10,0,10,華南永昌-頭份,2023-03-15,9343
2472,立隆電,10,0,10,華南永昌-頭份,2023-03-15,9343
2886,兆豐金,10,0,10,華南永昌-頭份,2023-03-15,9343
2890,永豐金,10,0,10,華南永昌-頭份,2023-03-15,9343
3046,建��,10,0,10,華南永昌-頭份,2023-03-15,9343
4432,銘旺實,10,0,10,華南永昌-頭份,2023-03-15,9343
2834,臺企銀,11,1,10,華南永昌-頭份,2023-03-15,9343
6592,和潤企業,10,1,9,華南永昌-頭份,2023-03-15,9343
4119,旭富,9,0,9,華南永昌-頭份,2023-03-15,9343
6443,元晶,10,2,8,華南永昌-頭份,2023-03-15,9343
3138,耀登,7,0,7,華南永昌-頭份,2023-03-15,9343
2313,華通,8,1,7,華南永昌-頭份,2023-03-15,9343
2409,友達,7,0,7,華南永昌-頭份,2023-03-15,9343
2643,捷迅,7,0,7,華南永昌-頭份,2023-03-15,9343
6114,久威,7,0,7,華南永昌-頭份,2023-03-15,9343
9945,潤泰新,7,0,7,華南永昌-頭份,2023-03-15,9343
00753L,中信中國50正2,6,0,6,華南永昌-頭份,2023-03-15,9343
1305,華夏,6,0,6,華南永昌-頭份,2023-03-15,9343
2453,凌群,10,4,6,華南永昌-頭份,2023-03-15,9343
2892,第一金,6,0,6,華南永昌-頭份,2023-03-15,9343
4768,晶呈科技,6,0,6,華南永昌-頭份,2023-03-15,9343
5880,合庫金,504,100,404,華南永昌-頭份,2023-03-16,9343
00632R,元大台灣50反1,230,17,213,華南永昌-頭份,2023-03-16,9343
3481,群創,110,2,108,華南永昌-頭份,2023-03-16,9343
2834,臺企銀,138,47,91,華南永昌-頭份,2023-03-16,9343
00715L,期街口布蘭特正2,79,1,78,華南永昌-頭份,2023-03-16,9343
2880,華南金,65,0,65,華南永昌-頭份,2023-03-16,9343
00878,國泰永續高股息,87,25,62,華南永昌-頭份,2023-03-16,9343
2884,玉山金,51,0,51,華南永昌-頭份,2023-03-16,9343
2609,陽明,45,3,42,華南永昌-頭份,2023-03-16,9343
6248,沛波,34,0,34,華南永昌-頭份,2023-03-16,9343
2221,大甲,33,0,33,華南永昌-頭份,2023-03-16,9343
1569,濱川,31,0,31,華南永昌-頭份,2023-03-16,9343
6116,彩晶,31,1,30,華南永昌-頭份,2023-03-16,9343
3167,大量,26,0,26,華南永昌-頭份,2023-03-16,9343
2887,台新金,25,0,25,華南永昌-頭份,2023-03-16,9343
2891,中信金,22,0,22,華南永昌-頭份,2023-03-16,9343
3236,千如,20,0,20,華南永昌-頭份,2023-03-16,9343
4916,事欣科,20,0,20,華南永昌-頭份,2023-03-16,9343
1432,大魯閣,20,1,19,華南永昌-頭份,2023-03-16,9343
8027,鈦昇,19,0,19,華南永昌-頭份,2023-03-16,9343
3162,精確,18,1,17,華南永昌-頭份,2023-03-16,9343
4763,材料-KY,18,3,15,華南永昌-頭份,2023-03-16,9343
5258,虹堡,16,1,15,華南永昌-頭份,2023-03-16,9343
6788,華景電,15,1,14,華南永昌-頭份,2023-03-16,9343
1316,上曜,14,1,13,華南永昌-頭份,2023-03-16,9343
3056,富華新,24,11,13,華南永昌-頭份,2023-03-16,9343
2614,東森,21,8,13,華南永昌-頭份,2023-03-16,9343
00713,元大台灣高息低波,12,0,12,華南永昌-頭份,2023-03-16,9343
3027,盛達,20,8,12,華南永昌-頭份,2023-03-16,9343
3037,欣興,11,0,11,華南永昌-頭份,2023-03-16,9343
4726,永昕,10,0,10,華南永昌-頭份,2023-03-16,9343
1504,東元,12,2,10,華南永昌-頭份,2023-03-16,9343
2897,王道銀行,10,0,10,華南永昌-頭份,2023-03-16,9343
4106,雃博,15,5,10,華南永昌-頭份,2023-03-16,9343
4976,佳凌,12,2,10,華南永昌-頭份,2023-03-16,9343
6589,台康生技,11,1,10,華南永昌-頭份,2023-03-16,9343
6643,M31,13,3,10,華南永昌-頭份,2023-03-16,9343
2201,裕隆,9,0,9,華南永昌-頭份,2023-03-16,9343
2605,新興,11,2,9,華南永昌-頭份,2023-03-16,9343
3033,威健,9,0,9,華南永昌-頭份,2023-03-16,9343
6288,聯嘉,12,3,9,華南永昌-頭份,2023-03-16,9343
9945,潤泰新,20,12,8,華南永昌-頭份,2023-03-16,9343
2889,國票金,10,2,8,華南永昌-頭份,2023-03-16,9343
4123,晟德,9,1,8,華南永昌-頭份,2023-03-16,9343
4934,太極,8,0,8,華南永昌-頭份,2023-03-16,9343
6535,順藥,8,0,8,華南永昌-頭份,2023-03-16,9343
8105,凌巨,13,5,8,華南永昌-頭份,2023-03-16,9343
2317,鴻海,29,22,7,華南永昌-頭份,2023-03-16,9343
2302,麗正,8,1,7,華南永昌-頭份,2023-03-16,9343
2332,友訊,7,0,7,華南永昌-頭份,2023-03-16,9343
00632R,元大台灣50反1,41,0,41,華南永昌-頭份,2023-03-17,9343
2484,希華,30,0,30,華南永昌-頭份,2023-03-17,9343
2891,中信金,28,0,28,華南永昌-頭份,2023-03-17,9343
2880,華南金,25,0,25,華南永昌-頭份,2023-03-17,9343
6116,彩晶,26,5,21,華南永昌-頭份,2023-03-17,9343
00688L,國泰20年美債正2,20,0,20,華南永昌-頭份,2023-03-17,9343
1524,耿鼎,27,7,20,華南永昌-頭份,2023-03-17,9343
3058,立德,20,0,20,華南永昌-頭份,2023-03-17,9343
2603,長榮,19,0,19,華南永昌-頭份,2023-03-17,9343
6244,茂迪,60,41,19,華南永昌-頭份,2023-03-17,9343
6114,久威,18,0,18,華南永昌-頭份,2023-03-17,9343
00713,元大台灣高息低波,15,0,15,華南永昌-頭份,2023-03-17,9343
2489,瑞軒,15,0,15,華南永昌-頭份,2023-03-17,9343
2359,所羅門,23,10,13,華南永昌-頭份,2023-03-17,9343
2211,長榮鋼,11,0,11,華南永昌-頭份,2023-03-17,9343
2399,映泰,12,1,11,華南永昌-頭份,2023-03-17,9343
2888,新光金,11,0,11,華南永昌-頭份,2023-03-17,9343
1104,環泥,10,0,10,華南永昌-頭份,2023-03-17,9343
6127,九豪,10,0,10,華南永昌-頭份,2023-03-17,9343
00650L,復華香港正2,10,1,9,華南永昌-頭份,2023-03-17,9343
2108,南帝,10,1,9,華南永昌-頭份,2023-03-17,9343
4979,華星光,9,0,9,華南永昌-頭份,2023-03-17,9343
5210,寶碩,9,0,9,華南永昌-頭份,2023-03-17,9343
2884,玉山金,11,3,8,華南永昌-頭份,2023-03-17,9343
3230,錦明,8,0,8,華南永昌-頭份,2023-03-17,9343
3563,牧德,8,0,8,華南永昌-頭份,2023-03-17,9343
1609,大亞,10,3,7,華南永昌-頭份,2023-03-17,9343
5880,合庫金,7,0,7,華南永昌-頭份,2023-03-17,9343
2313,華通,7,0,7,華南永昌-頭份,2023-03-17,9343
2471,資通,11,4,7,華南永昌-頭份,2023-03-17,9343
8103,瀚荃,7,0,7,華南永昌-頭份,2023-03-17,9343
2606,裕民,6,0,6,華南永昌-頭份,2023-03-17,9343
6109,亞元,6,0,6,華南永昌-頭份,2023-03-17,9343
8499,鼎炫-KY,6,0,6,華南永昌-頭份,2023-03-17,9343
2027,大成鋼,5,0,5,華南永昌-頭份,2023-03-17,9343
2104,國際中橡,5,0,5,華南永昌-頭份,2023-03-17,9343
2317,鴻海,7,2,5,華南永昌-頭份,2023-03-17,9343
2605,新興,5,0,5,華南永昌-頭份,2023-03-17,9343
2610,華航,7,2,5,華南永昌-頭份,2023-03-17,9343
2636,台驊控股,8,3,5,華南永昌-頭份,2023-03-17,9343
2834,臺企銀,5,0,5,華南永昌-頭份,2023-03-17,9343
4768,晶呈科技,5,0,5,華南永昌-頭份,2023-03-17,9343
5483,中美晶,5,0,5,華南永昌-頭份,2023-03-17,9343
6282,康舒,13,8,5,華南永昌-頭份,2023-03-17,9343
8016,矽創,8,3,5,華南永昌-頭份,2023-03-17,9343
00701,國泰股利精選30,4,0,4,華南永昌-頭份,2023-03-17,9343
2030,彰源,4,0,4,華南永昌-頭份,2023-03-17,9343
3013,晟銘電,4,0,4,華南永昌-頭份,2023-03-17,9343
6667,信紘科,4,0,4,華南永昌-頭份,2023-03-17,9343
6799,來頡,4,0,4,華南永昌-頭份,2023-03-17,9343
3006,晶豪科,239,0,239,華南永昌-頭份,2023-03-20,9343
00637L,元大滬深300正2,205,0,205,華南永昌-頭份,2023-03-20,9343
2409,友達,156,10,146,華南永昌-頭份,2023-03-20,9343
1108,幸福,50,0,50,華南永昌-頭份,2023-03-20,9343
00878,國泰永續高股息,42,4,38,華南永昌-頭份,2023-03-20,9343
2884,玉山金,31,0,31,華南永昌-頭份,2023-03-20,9343
2425,承啟,30,0,30,華南永昌-頭份,2023-03-20,9343
2317,鴻海,29,1,28,華南永昌-頭份,2023-03-20,9343
2603,長榮,26,2,24,華南永昌-頭份,2023-03-20,9343
3027,盛達,49,25,24,華南永昌-頭份,2023-03-20,9343
00632R,元大台灣50反1,20,0,20,華南永昌-頭份,2023-03-20,9343
2834,臺企銀,18,0,18,華南永昌-頭份,2023-03-20,9343
2014,中鴻,19,1,18,華南永昌-頭份,2023-03-20,9343
2890,永豐金,17,0,17,華南永昌-頭份,2023-03-20,9343
2615,萬海,17,1,16,華南永昌-頭份,2023-03-20,9343
4123,晟德,16,1,15,華南永昌-頭份,2023-03-20,9343
6114,久威,13,0,13,華南永昌-頭份,2023-03-20,9343
3481,群創,37,26,11,華南永昌-頭份,2023-03-20,9343
2515,中工,13,2,11,華南永昌-頭份,2023-03-20,9343
2882,國泰金,13,2,11,華南永昌-頭份,2023-03-20,9343
4979,華星光,30,20,10,華南永昌-頭份,2023-03-20,9343
2645,長榮航太,10,0,10,華南永昌-頭份,2023-03-20,9343
2915,潤泰全,10,0,10,華南永昌-頭份,2023-03-20,9343
3028,增你強,10,0,10,華南永昌-頭份,2023-03-20,9343
3217,優群,10,0,10,華南永昌-頭份,2023-03-20,9343
3290,東浦,10,0,10,華南永昌-頭份,2023-03-20,9343
8046,南電,11,1,10,華南永昌-頭份,2023-03-20,9343
8111,立��,10,0,10,華南永昌-頭份,2023-03-20,9343
2605,新興,10,1,9,華南永昌-頭份,2023-03-20,9343
6188,廣明,11,2,9,華南永昌-頭份,2023-03-20,9343
1316,上曜,8,0,8,華南永昌-頭份,2023-03-20,9343
8183,精星,8,0,8,華南永昌-頭份,2023-03-20,9343
1605,華新,24,17,7,華南永昌-頭份,2023-03-20,9343
1721,三晃,7,0,7,華南永昌-頭份,2023-03-20,9343
2880,華南金,7,0,7,華南永昌-頭份,2023-03-20,9343
3042,晶技,7,0,7,華南永昌-頭份,2023-03-20,9343
00642U,期元大S＆P石油,6,0,6,華南永昌-頭份,2023-03-20,9343
2352,佳世達,6,0,6,華南永昌-頭份,2023-03-20,9343
2801,彰銀,6,0,6,華南永昌-頭份,2023-03-20,9343
4763,材料-KY,6,0,6,華南永昌-頭份,2023-03-20,9343
2883,凱基金,5,0,5,華南永昌-頭份,2023-03-20,9343
1467,南緯,5,0,5,華南永昌-頭份,2023-03-20,9343
1402,遠東新,5,0,5,華南永昌-頭份,2023-03-20,9343
1906,寶隆,5,0,5,華南永昌-頭份,2023-03-20,9343
3264,欣銓,10,5,5,華南永昌-頭份,2023-03-20,9343
3374,精材,5,0,5,華南永昌-頭份,2023-03-20,9343
4919,新唐,6,1,5,華南永昌-頭份,2023-03-20,9343
5015,華祺,5,0,5,華南永昌-頭份,2023-03-20,9343
5490,同亨,5,0,5,華南永昌-頭份,2023-03-20,9343
8215,明基材,5,0,5,華南永昌-頭份,2023-03-20,9343
8081,致新,131,0,131,華南永昌-頭份,2023-03-21,9343
1319,東陽,120,2,118,華南永昌-頭份,2023-03-21,9343
00715L,期街口布蘭特正2,65,0,65,華南永昌-頭份,2023-03-21,9343
6257,矽格,50,1,49,華南永昌-頭份,2023-03-21,9343
2609,陽明,43,4,39,華南永昌-頭份,2023-03-21,9343
8996,高力,39,2,37,華南永昌-頭份,2023-03-21,9343
4961,天鈺,30,0,30,華南永昌-頭份,2023-03-21,9343
2344,華邦電,35,7,28,華南永昌-頭份,2023-03-21,9343
3162,精確,48,21,27,華南永昌-頭份,2023-03-21,9343
6515,穎崴,25,0,25,華南永昌-頭份,2023-03-21,9343
4551,智伸科,20,0,20,華南永昌-頭份,2023-03-21,9343
2606,裕民,21,5,16,華南永昌-頭份,2023-03-21,9343
00885,富邦越南,14,0,14,華南永昌-頭份,2023-03-21,9343
1712,興農,14,0,14,華南永昌-頭份,2023-03-21,9343
2441,超豐,12,0,12,華南永昌-頭份,2023-03-21,9343
4123,晟德,11,0,11,華南永昌-頭份,2023-03-21,9343
6756,威鋒電子,12,1,11,華南永昌-頭份,2023-03-21,9343
9105,泰金寶-DR,11,0,11,華南永昌-頭份,2023-03-21,9343
3290,東浦,10,0,10,華南永昌-頭份,2023-03-21,9343
3321,同泰,10,0,10,華南永昌-頭份,2023-03-21,9343
6509,聚和,10,0,10,華南永昌-頭份,2023-03-21,9343
1605,華新,24,15,9,華南永昌-頭份,2023-03-21,9343
3704,合勤控,10,1,9,華南永昌-頭份,2023-03-21,9343
1514,亞力,10,2,8,華南永昌-頭份,2023-03-21,9343
3594,磐儀,20,12,8,華南永昌-頭份,2023-03-21,9343
1503,士電,19,12,7,華南永昌-頭份,2023-03-21,9343
00878,國泰永續高股息,8,1,7,華南永昌-頭份,2023-03-21,9343
2388,威盛,49,43,6,華南永昌-頭份,2023-03-21,9343
2442,新美齊,6,0,6,華南永昌-頭份,2023-03-21,9343
8222,寶一,10,4,6,華南永昌-頭份,2023-03-21,9343
2610,華航,6,1,5,華南永昌-頭份,2023-03-21,9343
1513,中興電,18,13,5,華南永昌-頭份,2023-03-21,9343
00637L,元大滬深300正2,5,0,5,華南永昌-頭份,2023-03-21,9343
2402,毅嘉,51,46,5,華南永昌-頭份,2023-03-21,9343
2882,國泰金,5,0,5,華南永昌-頭份,2023-03-21,9343
3058,立德,5,0,5,華南永昌-頭份,2023-03-21,9343
3207,耀勝,23,18,5,華南永昌-頭份,2023-03-21,9343
4989,榮科,5,0,5,華南永昌-頭份,2023-03-21,9343
5490,同亨,5,0,5,華南永昌-頭份,2023-03-21,9343
6185,幃翔,5,0,5,華南永昌-頭份,2023-03-21,9343
6442,光聖,15,10,5,華南永昌-頭份,2023-03-21,9343
6788,華景電,7,2,5,華南永昌-頭份,2023-03-21,9343
6874,倍力,5,0,5,華南永昌-頭份,2023-03-21,9343
8936,國統,5,0,5,華南永昌-頭份,2023-03-21,9343
00753L,中信中國50正2,4,0,4,華南永昌-頭份,2023-03-21,9343
00713,元大台灣高息低波,4,0,4,華南永昌-頭份,2023-03-21,9343
2387,精元,4,0,4,華南永昌-頭份,2023-03-21,9343
2401,凌陽,4,0,4,華南永昌-頭份,2023-03-21,9343
2486,一詮,4,0,4,華南永昌-頭份,2023-03-21,9343
2890,永豐金,9,5,4,華南永昌-頭份,2023-03-21,9343
00632R,元大台灣50反1,173,2,171,華南永昌-頭份,2023-03-22,9343
4961,天鈺,86,12,74,華南永昌-頭份,2023-03-22,9343
00664R,國泰臺灣加權反1,50,0,50,華南永昌-頭份,2023-03-22,9343
2886,兆豐金,50,0,50,華南永昌-頭份,2023-03-22,9343
3576,聯合再生,46,1,45,華南永昌-頭份,2023-03-22,9343
8081,致新,37,0,37,華南永昌-頭份,2023-03-22,9343
8996,高力,43,7,36,華南永昌-頭份,2023-03-22,9343
3058,立德,36,2,34,華南永昌-頭份,2023-03-22,9343
2605,新興,32,0,32,華南永昌-頭份,2023-03-22,9343
00676R,富邦臺灣加權反1,24,0,24,華南永昌-頭份,2023-03-22,9343
3715,定穎投控,25,1,24,華南永昌-頭份,2023-03-22,9343
1605,華新,26,5,21,華南永昌-頭份,2023-03-22,9343
2884,玉山金,21,0,21,華南永昌-頭份,2023-03-22,9343
1402,遠東新,20,0,20,華南永昌-頭份,2023-03-22,9343
4950,牧東,20,1,19,華南永昌-頭份,2023-03-22,9343
1701,中化,19,1,18,華南永昌-頭份,2023-03-22,9343
2609,陽明,20,2,18,華南永昌-頭份,2023-03-22,9343
2645,長榮航太,15,0,15,華南永昌-頭份,2023-03-22,9343
5512,力麒,17,2,15,華南永昌-頭份,2023-03-22,9343
3380,明泰,14,0,14,華南永昌-頭份,2023-03-22,9343
2442,新美齊,13,0,13,華南永昌-頭份,2023-03-22,9343
1471,首利,12,0,12,華南永昌-頭份,2023-03-22,9343
1504,東元,28,16,12,華南永昌-頭份,2023-03-22,9343
2834,臺企銀,12,0,12,華南永昌-頭份,2023-03-22,9343
4123,晟德,12,0,12,華南永昌-頭份,2023-03-22,9343
6109,亞元,14,2,12,華南永昌-頭份,2023-03-22,9343
6443,元晶,11,0,11,華南永昌-頭份,2023-03-22,9343
3047,訊舟,17,7,10,華南永昌-頭份,2023-03-22,9343
3588,通嘉,10,0,10,華南永昌-頭份,2023-03-22,9343
3652,精聯,11,1,10,華南永昌-頭份,2023-03-22,9343
00679B,元大美債20年,9,0,9,華南永昌-頭份,2023-03-22,9343
1305,華夏,9,0,9,華南永昌-頭份,2023-03-22,9343
1529,樂事綠能,15,6,9,華南永昌-頭份,2023-03-22,9343
2436,偉詮電,9,0,9,華南永昌-頭份,2023-03-22,9343
4967,十銓,11,2,9,華南永昌-頭份,2023-03-22,9343
6282,康舒,14,5,9,華南永昌-頭份,2023-03-22,9343
4121,優盛,8,0,8,華南永昌-頭份,2023-03-22,9343
5608,四維航,8,0,8,華南永昌-頭份,2023-03-22,9343
6290,良維,10,2,8,華南永昌-頭份,2023-03-22,9343
8121,越峰,8,0,8,華南永昌-頭份,2023-03-22,9343
00896,中信綠能及電動車,7,0,7,華南永昌-頭份,2023-03-22,9343
2457,飛宏,45,38,7,華南永昌-頭份,2023-03-22,9343
1314,中石化,8,2,6,華南永昌-頭份,2023-03-22,9343
2401,凌陽,6,0,6,華南永昌-頭份,2023-03-22,9343
2461,光群雷,6,0,6,華南永昌-頭份,2023-03-22,9343
2739,寒舍,6,0,6,華南永昌-頭份,2023-03-22,9343
3324,雙鴻,8,2,6,華南永昌-頭份,2023-03-22,9343
5211,蒙恬,7,1,6,華南永昌-頭份,2023-03-22,9343
6235,華孚,9,3,6,華南永昌-頭份,2023-03-22,9343
8936,國統,7,1,6,華南永昌-頭份,2023-03-22,9343
3481,群創,61,5,56,華南永昌-頭份,2023-03-23,9343
2886,兆豐金,50,0,50,華南永昌-頭份,2023-03-23,9343
2303,聯電,48,0,48,華南永昌-頭份,2023-03-23,9343
2221,大甲,32,0,32,華南永昌-頭份,2023-03-23,9343
6290,良維,30,1,29,華南永昌-頭份,2023-03-23,9343
3652,精聯,25,0,25,華南永昌-頭份,2023-03-23,9343
2603,長榮,24,2,22,華南永昌-頭份,2023-03-23,9343
00676R,富邦臺灣加權反1,20,0,20,華南永昌-頭份,2023-03-23,9343
1529,樂事綠能,27,7,20,華南永昌-頭份,2023-03-23,9343
6525,捷敏-KY,20,0,20,華南永昌-頭份,2023-03-23,9343
2201,裕隆,20,2,18,華南永昌-頭份,2023-03-23,9343
3013,晟銘電,18,1,17,華南永昌-頭份,2023-03-23,9343
6182,合晶,18,2,16,華南永昌-頭份,2023-03-23,9343
2610,華航,15,0,15,華南永昌-頭份,2023-03-23,9343
3710,連展投控,16,1,15,華南永昌-頭份,2023-03-23,9343
8358,金居,15,0,15,華南永昌-頭份,2023-03-23,9343
00878,國泰永續高股息,16,2,14,華南永昌-頭份,2023-03-23,9343
3322,建舜電,20,6,14,華南永昌-頭份,2023-03-23,9343
3094,聯傑,14,1,13,華南永昌-頭份,2023-03-23,9343
6213,聯茂,13,0,13,華南永昌-頭份,2023-03-23,9343
1442,名軒,73,61,12,華南永昌-頭份,2023-03-23,9343
2457,飛宏,25,13,12,華南永昌-頭份,2023-03-23,9343
8033,雷虎,17,5,12,華南永昌-頭份,2023-03-23,9343
00753L,中信中國50正2,14,3,11,華南永昌-頭份,2023-03-23,9343
3162,精確,11,0,11,華南永昌-頭份,2023-03-23,9343
00898,國泰基因免疫革命,10,0,10,華南永昌-頭份,2023-03-23,9343
00655L,國泰中國A50正2,10,0,10,華南永昌-頭份,2023-03-23,9343
2498,宏達電,11,1,10,華南永昌-頭份,2023-03-23,9343
3441,聯一光,11,1,10,華南永昌-頭份,2023-03-23,9343
3624,光頡,10,0,10,華南永昌-頭份,2023-03-23,9343
3704,合勤控,10,0,10,華南永昌-頭份,2023-03-23,9343
1524,耿鼎,14,5,9,華南永昌-頭份,2023-03-23,9343
3038,全台,9,0,9,華南永昌-頭份,2023-03-23,9343
2606,裕民,8,0,8,華南永昌-頭份,2023-03-23,9343
4102,永日,8,0,8,華南永昌-頭份,2023-03-23,9343
3217,優群,10,2,8,華南永昌-頭份,2023-03-23,9343
6266,泰詠,12,4,8,華南永昌-頭份,2023-03-23,9343
6863,永道-KY,8,0,8,華南永昌-頭份,2023-03-23,9343
2453,凌群,27,20,7,華南永昌-頭份,2023-03-23,9343
2486,一詮,7,0,7,華南永昌-頭份,2023-03-23,9343
3363,上詮,10,3,7,華南永昌-頭份,2023-03-23,9343
5608,四維航,7,0,7,華南永昌-頭份,2023-03-23,9343
6115,鎰勝,7,0,7,華南永昌-頭份,2023-03-23,9343
6235,華孚,11,4,7,華南永昌-頭份,2023-03-23,9343
2305,全友,6,0,6,華南永昌-頭份,2023-03-23,9343
2352,佳世達,6,0,6,華南永昌-頭份,2023-03-23,9343
2471,資通,11,5,6,華南永昌-頭份,2023-03-23,9343
2547,日勝生,6,0,6,華南永昌-頭份,2023-03-23,9343
2753,八方雲集,6,0,6,華南永昌-頭份,2023-03-23,9343
3017,奇鋐,16,10,6,華南永昌-頭份,2023-03-23,9343
00632R,元大台灣50反1,140,0,140,華南永昌-頭份,2023-03-24,9343
2520,冠德,100,0,100,華南永昌-頭份,2023-03-24,9343
2883,凱基金,101,2,99,華南永昌-頭份,2023-03-24,9343
00664R,國泰臺灣加權反1,80,0,80,華南永昌-頭份,2023-03-24,9343
3481,群創,90,34,56,華南永昌-頭份,2023-03-24,9343
00676R,富邦臺灣加權反1,40,0,40,華南永昌-頭份,2023-03-24,9343
2105,正新,45,6,39,華南永昌-頭份,2023-03-24,9343
6411,晶焱,42,3,39,華南永昌-頭份,2023-03-24,9343
3374,精材,37,0,37,華南永昌-頭份,2023-03-24,9343
6122,擎邦,38,3,35,華南永昌-頭份,2023-03-24,9343
1319,東陽,35,2,33,華南永昌-頭份,2023-03-24,9343
1504,東元,82,50,32,華南永昌-頭份,2023-03-24,9343
2886,兆豐金,30,0,30,華南永昌-頭份,2023-03-24,9343
6515,穎崴,22,0,22,華南永昌-頭份,2023-03-24,9343
2609,陽明,21,1,20,華南永昌-頭份,2023-03-24,9343
3596,智易,20,0,20,華南永昌-頭份,2023-03-24,9343
6139,亞翔,20,0,20,華南永昌-頭份,2023-03-24,9343
1513,中興電,15,1,14,華南永昌-頭份,2023-03-24,9343
2408,南亞科,22,8,14,華南永昌-頭份,2023-03-24,9343
2368,金像電,21,8,13,華南永昌-頭份,2023-03-24,9343
2002,中鋼,13,0,13,華南永昌-頭份,2023-03-24,9343
1810,和成,10,0,10,華南永昌-頭份,2023-03-24,9343
2204,中華,10,0,10,華南永昌-頭份,2023-03-24,9343
2472,立隆電,10,0,10,華南永昌-頭份,2023-03-24,9343
4906,正文,11,1,10,華南永昌-頭份,2023-03-24,9343
4973,廣穎,13,3,10,華南永昌-頭份,2023-03-24,9343
5386,青雲,10,0,10,華南永昌-頭份,2023-03-24,9343
6185,幃翔,10,0,10,華南永昌-頭份,2023-03-24,9343
6209,今國光,10,0,10,華南永昌-頭份,2023-03-24,9343
6266,泰詠,10,0,10,華南永昌-頭份,2023-03-24,9343
2431,聯昌,9,0,9,華南永昌-頭份,2023-03-24,9343
2329,華泰,10,1,9,華南永昌-頭份,2023-03-24,9343
2392,正崴,11,2,9,華南永昌-頭份,2023-03-24,9343
5222,全訊,10,1,9,華南永昌-頭份,2023-03-24,9343
3017,奇鋐,8,0,8,華南永昌-頭份,2023-03-24,9343
6175,立敦,10,2,8,華南永昌-頭份,2023-03-24,9343
00882,中信中國高股息,8,0,8,華南永昌-頭份,2023-03-24,9343
2388,威盛,42,35,7,華南永昌-頭份,2023-03-24,9343
3217,優群,8,1,7,華南永昌-頭份,2023-03-24,9343
1609,大亞,15,9,6,華南永昌-頭份,2023-03-24,9343
1802,台玻,6,0,6,華南永昌-頭份,2023-03-24,9343
2104,國際中橡,6,0,6,華南永昌-頭份,2023-03-24,9343
2340,台亞,6,0,6,華南永昌-頭份,2023-03-24,9343
5321,美而快,6,0,6,華南永昌-頭份,2023-03-24,9343
6485,點序,7,1,6,華南永昌-頭份,2023-03-24,9343
8936,國統,6,0,6,華南永昌-頭份,2023-03-24,9343
4763,材料-KY,7,2,5,華南永昌-頭份,2023-03-24,9343
2201,裕隆,10,5,5,華南永昌-頭份,2023-03-24,9343
2211,長榮鋼,5,0,5,華南永昌-頭份,2023-03-24,9343
2645,長榮航太,5,0,5,華南永昌-頭份,2023-03-24,9343
6257,矽格,266,0,266,華南永昌-頭份,2023-03-27,9343
00878,國泰永續高股息,163,26,137,華南永昌-頭份,2023-03-27,9343
3576,聯合再生,41,6,35,華南永昌-頭份,2023-03-27,9343
3481,群創,34,0,34,華南永昌-頭份,2023-03-27,9343
1504,東元,58,25,33,華南永昌-頭份,2023-03-27,9343
2204,中華,30,0,30,華南永昌-頭份,2023-03-27,9343
6770,力積電,29,0,29,華南永昌-頭份,2023-03-27,9343
00882,中信中國高股息,28,0,28,華南永昌-頭份,2023-03-27,9343
1605,華新,42,18,24,華南永昌-頭份,2023-03-27,9343
1701,中化,24,1,23,華南永昌-頭份,2023-03-27,9343
2886,兆豐金,20,0,20,華南永昌-頭份,2023-03-27,9343
2392,正崴,33,15,18,華南永昌-頭份,2023-03-27,9343
2645,長榮航太,33,15,18,華南永昌-頭份,2023-03-27,9343
2201,裕隆,19,2,17,華南永昌-頭份,2023-03-27,9343
3189,景碩,17,0,17,華南永昌-頭份,2023-03-27,9343
1101,台泥,21,5,16,華南永昌-頭份,2023-03-27,9343
2880,華南金,15,0,15,華南永昌-頭份,2023-03-27,9343
4541,晟田,21,7,14,華南永昌-頭份,2023-03-27,9343
3715,定穎投控,19,6,13,華南永昌-頭份,2023-03-27,9343
2402,毅嘉,22,10,12,華南永昌-頭份,2023-03-27,9343
2884,玉山金,11,0,11,華南永昌-頭份,2023-03-27,9343
8421,旭源,11,0,11,華南永昌-頭份,2023-03-27,9343
1529,樂事綠能,16,6,10,華南永昌-頭份,2023-03-27,9343
2323,中環,10,0,10,華南永昌-頭份,2023-03-27,9343
2834,臺企銀,10,0,10,華南永昌-頭份,2023-03-27,9343
3652,精聯,11,1,10,華南永昌-頭份,2023-03-27,9343
4919,新唐,11,1,10,華南永昌-頭份,2023-03-27,9343
6164,華興,10,0,10,華南永昌-頭份,2023-03-27,9343
6509,聚和,10,0,10,華南永昌-頭份,2023-03-27,9343
3264,欣銓,10,0,10,華南永昌-頭份,2023-03-27,9343
6733,博晟生醫,12,3,9,華南永昌-頭份,2023-03-27,9343
2345,智邦,9,0,9,華南永昌-頭份,2023-03-27,9343
2371,大同,9,0,9,華南永昌-頭份,2023-03-27,9343
2457,飛宏,15,6,9,華南永昌-頭份,2023-03-27,9343
2753,八方雲集,9,0,9,華南永昌-頭份,2023-03-27,9343
4123,晟德,10,2,8,華南永昌-頭份,2023-03-27,9343
2014,中鴻,8,1,7,華南永昌-頭份,2023-03-27,9343
2329,華泰,6,0,6,華南永昌-頭份,2023-03-27,9343
3013,晟銘電,18,12,6,華南永昌-頭份,2023-03-27,9343
8121,越峰,6,0,6,華南永昌-頭份,2023-03-27,9343
1503,士電,5,0,5,華南永昌-頭份,2023-03-27,9343
1519,華城,5,0,5,華南永昌-頭份,2023-03-27,9343
1342,八貫,10,5,5,華南永昌-頭份,2023-03-27,9343
00725B,國泰投資級公司債,5,0,5,華南永昌-頭份,2023-03-27,9343
1795,美時,5,0,5,華南永昌-頭份,2023-03-27,9343
2027,大成鋼,5,0,5,華南永昌-頭份,2023-03-27,9343
2461,光群雷,11,6,5,華南永昌-頭份,2023-03-27,9343
4961,天鈺,5,0,5,華南永昌-頭份,2023-03-27,9343
6485,點序,6,1,5,華南永昌-頭份,2023-03-27,9343
00680L,元大美債20正2,4,0,4,華南永昌-頭份,2023-03-27,9343
1101,台泥,239,0,239,華南永昌-頭份,2023-03-28,9343
2645,長榮航太,47,0,47,華南永昌-頭份,2023-03-28,9343
2498,宏達電,36,1,35,華南永昌-頭份,2023-03-28,9343
3481,群創,35,0,35,華南永昌-頭份,2023-03-28,9343
3652,精聯,36,1,35,華南永昌-頭份,2023-03-28,9343
4960,誠美材,35,0,35,華南永昌-頭份,2023-03-28,9343
5469,瀚宇博,31,0,31,華南永昌-頭份,2023-03-28,9343
2484,希華,25,0,25,華南永昌-頭份,2023-03-28,9343
2736,富野,26,1,25,華南永昌-頭份,2023-03-28,9343
8033,雷虎,24,0,24,華南永昌-頭份,2023-03-28,9343
2201,裕隆,24,3,21,華南永昌-頭份,2023-03-28,9343
1217,愛之味,20,0,20,華南永昌-頭份,2023-03-28,9343
4541,晟田,20,3,17,華南永昌-頭份,2023-03-28,9343
1504,東元,19,5,14,華南永昌-頭份,2023-03-28,9343
3272,東碩,15,3,12,華南永昌-頭份,2023-03-28,9343
6698,旭暉應材,12,0,12,華南永昌-頭份,2023-03-28,9343
6753,龍德造船,12,1,11,華南永昌-頭份,2023-03-28,9343
00679B,元大美債20年,10,0,10,華南永昌-頭份,2023-03-28,9343
2330,台積電,10,0,10,華南永昌-頭份,2023-03-28,9343
1437,勤益控,10,0,10,華南永昌-頭份,2023-03-28,9343
1560,中砂,10,0,10,華南永昌-頭份,2023-03-28,9343
1587,吉茂,10,0,10,華南永昌-頭份,2023-03-28,9343
1589,永冠-KY,10,0,10,華南永昌-頭份,2023-03-28,9343
2332,友訊,15,5,10,華南永昌-頭份,2023-03-28,9343
2340,台亞,13,3,10,華南永昌-頭份,2023-03-28,9343
2458,義隆,10,0,10,華南永昌-頭份,2023-03-28,9343
2634,漢翔,10,0,10,華南永昌-頭份,2023-03-28,9343
3346,麗清,10,0,10,華南永昌-頭份,2023-03-28,9343
3441,聯一光,10,0,10,華南永昌-頭份,2023-03-28,9343
6133,金橋,11,1,10,華南永昌-頭份,2023-03-28,9343
8088,品安,10,0,10,華南永昌-頭份,2023-03-28,9343
8358,金居,10,0,10,華南永昌-頭份,2023-03-28,9343
3707,漢磊,9,0,9,華南永昌-頭份,2023-03-28,9343
2206,三陽工業,10,2,8,華南永昌-頭份,2023-03-28,9343
2392,正崴,10,2,8,華南永昌-頭份,2023-03-28,9343
2401,凌陽,8,0,8,華南永昌-頭份,2023-03-28,9343
2457,飛宏,12,4,8,華南永昌-頭份,2023-03-28,9343
6274,台燿,14,6,8,華南永昌-頭份,2023-03-28,9343
6550,北極星藥業-KY,9,1,8,華南永昌-頭份,2023-03-28,9343
8171,天宇,10,2,8,華南永昌-頭份,2023-03-28,9343
4934,太極,9,2,7,華南永昌-頭份,2023-03-28,9343
1305,華夏,6,0,6,華南永昌-頭份,2023-03-28,9343
1795,美時,9,3,6,華南永昌-頭份,2023-03-28,9343
2534,宏盛,6,0,6,華南永昌-頭份,2023-03-28,9343
2723,美食-KY,6,0,6,華南永昌-頭份,2023-03-28,9343
5258,虹堡,8,2,6,華南永昌-頭份,2023-03-28,9343
6672,騰輝電子-KY,6,0,6,華南永昌-頭份,2023-03-28,9343
6770,力積電,17,11,6,華南永昌-頭份,2023-03-28,9343
2303,聯電,12,7,5,華南永昌-頭份,2023-03-28,9343
1519,華城,5,0,5,華南永昌-頭份,2023-03-28,9343
1101,台泥,173,0,173,華南永昌-頭份,2023-03-29,9343
00922,國泰台灣領袖50,172,0,172,華南永昌-頭份,2023-03-29,9343
00632R,元大台灣50反1,113,0,113,華南永昌-頭份,2023-03-29,9343
3711,日月光投控,40,0,40,華南永昌-頭份,2023-03-29,9343
2329,華泰,35,2,33,華南永昌-頭份,2023-03-29,9343
1453,大將,30,0,30,華南永昌-頭份,2023-03-29,9343
2457,飛宏,23,3,20,華南永昌-頭份,2023-03-29,9343
6443,元晶,16,0,16,華南永昌-頭份,2023-03-29,9343
0056,元大高股息,15,0,15,華南永昌-頭份,2023-03-29,9343
6235,華孚,49,35,14,華南永昌-頭份,2023-03-29,9343
2395,研華,13,0,13,華南永昌-頭份,2023-03-29,9343
2609,陽明,11,0,11,華南永昌-頭份,2023-03-29,9343
2606,裕民,11,0,11,華南永昌-頭份,2023-03-29,9343
00923,群益台ESG低碳50,11,1,10,華南永昌-頭份,2023-03-29,9343
1104,環泥,10,0,10,華南永昌-頭份,2023-03-29,9343
2211,長榮鋼,10,0,10,華南永昌-頭份,2023-03-29,9343
2515,中工,10,0,10,華南永昌-頭份,2023-03-29,9343
3013,晟銘電,14,4,10,華南永昌-頭份,2023-03-29,9343
3047,訊舟,10,0,10,華南永昌-頭份,2023-03-29,9343
3576,聯合再生,10,0,10,華南永昌-頭份,2023-03-29,9343
6185,幃翔,10,0,10,華南永昌-頭份,2023-03-29,9343
8121,越峰,11,1,10,華南永昌-頭份,2023-03-29,9343
4961,天鈺,11,1,10,華南永昌-頭份,2023-03-29,9343
6770,力積電,13,4,9,華南永昌-頭份,2023-03-29,9343
5243,乙盛-KY,14,6,8,華南永昌-頭份,2023-03-29,9343
2303,聯電,9,1,8,華南永昌-頭份,2023-03-29,9343
2344,華邦電,8,1,7,華南永昌-頭份,2023-03-29,9343
3058,立德,7,0,7,華南永昌-頭份,2023-03-29,9343
4175,杏一,7,0,7,華南永昌-頭份,2023-03-29,9343
3443,創意,9,3,6,華南永昌-頭份,2023-03-29,9343
2340,台亞,6,0,6,華南永昌-頭份,2023-03-29,9343
2359,所羅門,8,2,6,華南永昌-頭份,2023-03-29,9343
2601,益航,6,0,6,華南永昌-頭份,2023-03-29,9343
4108,懷特,6,0,6,華南永昌-頭份,2023-03-29,9343
4968,立積,15,9,6,華南永昌-頭份,2023-03-29,9343
1584,精剛,7,2,5,華南永昌-頭份,2023-03-29,9343
00669R,國泰美國道瓊反1,5,0,5,華南永昌-頭份,2023-03-29,9343
2645,長榮航太,6,1,5,華南永昌-頭份,2023-03-29,9343
3031,佰鴻,5,0,5,華南永昌-頭份,2023-03-29,9343
3207,耀勝,5,0,5,華南永昌-頭份,2023-03-29,9343
3624,光頡,6,1,5,華南永昌-頭份,2023-03-29,9343
4127,天良,12,7,5,華南永昌-頭份,2023-03-29,9343
5258,虹堡,31,26,5,華南永昌-頭份,2023-03-29,9343
00679B,元大美債20年,4,0,4,華南永昌-頭份,2023-03-29,9343
2867,三商壽,6,2,4,華南永昌-頭份,2023-03-29,9343
3017,奇鋐,6,2,4,華南永昌-頭份,2023-03-29,9343
3105,穩懋,13,9,4,華南永昌-頭份,2023-03-29,9343
3652,精聯,4,0,4,華南永昌-頭份,2023-03-29,9343
4942,嘉彰,4,0,4,華南永昌-頭份,2023-03-29,9343
5425,台半,5,1,4,華南永昌-頭份,2023-03-29,9343
3481,群創,98,0,98,華南永昌-頭份,2023-03-30,9343
2645,長榮航太,42,0,42,華南永昌-頭份,2023-03-30,9343
00632R,元大台灣50反1,41,0,41,華南永昌-頭份,2023-03-30,9343
6416,瑞祺電通,33,0,33,華南永昌-頭份,2023-03-30,9343
3652,精聯,21,0,21,華南永昌-頭份,2023-03-30,9343
1609,大亞,21,1,20,華南永昌-頭份,2023-03-30,9343
4127,天良,18,0,18,華南永昌-頭份,2023-03-30,9343
6770,力積電,21,6,15,華南永昌-頭份,2023-03-30,9343
3231,緯創,42,27,15,華南永昌-頭份,2023-03-30,9343
2498,宏達電,14,1,13,華南永昌-頭份,2023-03-30,9343
2867,三商壽,13,0,13,華南永昌-頭份,2023-03-30,9343
2883,凱基金,13,0,13,華南永昌-頭份,2023-03-30,9343
2834,臺企銀,12,0,12,華南永昌-頭份,2023-03-30,9343
6244,茂迪,14,2,12,華南永昌-頭份,2023-03-30,9343
2458,義隆,11,0,11,華南永昌-頭份,2023-03-30,9343
5351,鈺創,15,4,11,華南永昌-頭份,2023-03-30,9343
1504,東元,20,10,10,華南永昌-頭份,2023-03-30,9343
3025,星通,11,1,10,華南永昌-頭份,2023-03-30,9343
8289,泰藝,10,0,10,華南永昌-頭份,2023-03-30,9343
2534,宏盛,7,0,7,華南永昌-頭份,2023-03-30,9343
5243,乙盛-KY,7,0,7,華南永昌-頭份,2023-03-30,9343
00772B,中信高評級公司債,6,0,6,華南永昌-頭份,2023-03-30,9343
2442,新美齊,6,0,6,華南永昌-頭份,2023-03-30,9343
6125,廣運,6,0,6,華南永昌-頭份,2023-03-30,9343
6667,信紘科,6,0,6,華南永昌-頭份,2023-03-30,9343
2457,飛宏,18,12,6,華南永昌-頭份,2023-03-30,9343
2890,永豐金,5,0,5,華南永昌-頭份,2023-03-30,9343
2302,麗正,5,0,5,華南永昌-頭份,2023-03-30,9343
2328,廣宇,7,2,5,華南永昌-頭份,2023-03-30,9343
2427,三商電,5,0,5,華南永昌-頭份,2023-03-30,9343
2618,長榮航,6,1,5,華南永昌-頭份,2023-03-30,9343
2882,國泰金,5,0,5,華南永昌-頭份,2023-03-30,9343
2887,台新金,5,0,5,華南永昌-頭份,2023-03-30,9343
3322,建舜電,6,1,5,華南永昌-頭份,2023-03-30,9343
5289,宜鼎,5,0,5,華南永昌-頭份,2023-03-30,9343
6165,浪凡,6,1,5,華南永昌-頭份,2023-03-30,9343
2609,陽明,9,5,4,華南永昌-頭份,2023-03-30,9343
1101,台泥,10,6,4,華南永昌-頭份,2023-03-30,9343
2482,連宇,6,2,4,華南永昌-頭份,2023-03-30,9343
2753,八方雲集,4,0,4,華南永昌-頭份,2023-03-30,9343
3693,營邦,5,1,4,華南永昌-頭份,2023-03-30,9343
6606,建德工業,4,0,4,華南永昌-頭份,2023-03-30,9343
8088,品安,20,16,4,華南永昌-頭份,2023-03-30,9343
3661,世芯-KY,3,0,3,華南永昌-頭份,2023-03-30,9343
1539,巨庭,3,0,3,華南永昌-頭份,2023-03-30,9343
1529,樂事綠能,3,0,3,華南永昌-頭份,2023-03-30,9343
1605,華新,4,1,3,華南永昌-頭份,2023-03-30,9343
1477,聚陽,3,0,3,華南永昌-頭份,2023-03-30,9343
00882,中信中國高股息,3,0,3,華南永昌-頭份,2023-03-30,9343
00900,富邦特選高股息30,3,0,3,華南永昌-頭份,2023-03-30,9343
00632R,元大台灣50反1,221,30,191,華南永昌-頭份,2023-03-31,9343
6288,聯嘉,90,1,89,華南永昌-頭份,2023-03-31,9343
2328,廣宇,59,5,54,華南永昌-頭份,2023-03-31,9343
2457,飛宏,76,36,40,華南永昌-頭份,2023-03-31,9343
2615,萬海,32,10,22,華南永昌-頭份,2023-03-31,9343
2892,第一金,22,0,22,華南永昌-頭份,2023-03-31,9343
1609,大亞,20,0,20,華南永昌-頭份,2023-03-31,9343
2201,裕隆,23,4,19,華南永昌-頭份,2023-03-31,9343
3088,艾訊,20,1,19,華南永昌-頭份,2023-03-31,9343
2867,三商壽,15,0,15,華南永昌-頭份,2023-03-31,9343
2453,凌群,21,7,14,華南永昌-頭份,2023-03-31,9343
2610,華航,15,2,13,華南永昌-頭份,2023-03-31,9343
2419,仲琦,13,1,12,華南永昌-頭份,2023-03-31,9343
00713,元大台灣高息低波,11,0,11,華南永昌-頭份,2023-03-31,9343
2497,怡利電,11,1,10,華南永昌-頭份,2023-03-31,9343
6150,撼訊,10,0,10,華南永昌-頭份,2023-03-31,9343
2645,長榮航太,9,0,9,華南永昌-頭份,2023-03-31,9343
3035,智原,11,2,9,華南永昌-頭份,2023-03-31,9343
8110,華東,9,0,9,華南永昌-頭份,2023-03-31,9343
6712,長聖,11,3,8,華南永昌-頭份,2023-03-31,9343
2426,鼎元,12,4,8,華南永昌-頭份,2023-03-31,9343
5243,乙盛-KY,8,0,8,華南永昌-頭份,2023-03-31,9343
3231,緯創,9,1,8,華南永昌-頭份,2023-03-31,9343
1504,東元,14,7,7,華南永昌-頭份,2023-03-31,9343
00900,富邦特選高股息30,7,0,7,華南永昌-頭份,2023-03-31,9343
1605,華新,21,14,7,華南永昌-頭份,2023-03-31,9343
4128,中天,7,0,7,華南永昌-頭份,2023-03-31,9343
6416,瑞祺電通,7,0,7,華南永昌-頭份,2023-03-31,9343
1752,南光,6,0,6,華南永昌-頭份,2023-03-31,9343
2031,新光鋼,7,1,6,華南永昌-頭份,2023-03-31,9343
2337,旺宏,17,11,6,華南永昌-頭份,2023-03-31,9343
3624,光頡,6,0,6,華南永昌-頭份,2023-03-31,9343
00885,富邦越南,5,0,5,華南永昌-頭份,2023-03-31,9343
1589,永冠-KY,5,0,5,華南永昌-頭份,2023-03-31,9343
2636,台驊控股,5,0,5,華南永昌-頭份,2023-03-31,9343
3056,富華新,5,0,5,華南永昌-頭份,2023-03-31,9343
4130,健亞,5,0,5,華南永昌-頭份,2023-03-31,9343
4726,永昕,5,0,5,華南永昌-頭份,2023-03-31,9343
4744,皇將,5,0,5,華南永昌-頭份,2023-03-31,9343
4961,天鈺,5,0,5,華南永昌-頭份,2023-03-31,9343
6443,元晶,5,0,5,華南永昌-頭份,2023-03-31,9343
8421,旭源,5,0,5,華南永昌-頭份,2023-03-31,9343
6670,復盛應用,4,0,4,華南永昌-頭份,2023-03-31,9343
5351,鈺創,6,2,4,華南永昌-頭份,2023-03-31,9343
1314,中石化,4,0,4,華南永昌-頭份,2023-03-31,9343
1513,中興電,4,0,4,華南永昌-頭份,2023-03-31,9343
2342,茂矽,5,1,4,華南永昌-頭份,2023-03-31,9343
2368,金像電,11,7,4,華南永昌-頭份,2023-03-31,9343
2897,王道銀行,4,0,4,華南永昌-頭份,2023-03-31,9343
6279,胡連,5,1,4,華南永昌-頭份,2023-03-31,9343
00673R,期元大S＆P原油反1,108,0,108,華南永昌-頭份,2023-04-06,9343
3481,群創,172,81,91,華南永昌-頭份,2023-04-06,9343
2328,廣宇,114,59,55,華南永昌-頭份,2023-04-06,9343
00882,中信中國高股息,50,0,50,華南永昌-頭份,2023-04-06,9343
2201,裕隆,43,1,42,華南永昌-頭份,2023-04-06,9343
6274,台燿,33,2,31,華南永昌-頭份,2023-04-06,9343
6770,力積電,29,0,29,華南永昌-頭份,2023-04-06,9343
5516,雙喜,27,0,27,華南永昌-頭份,2023-04-06,9343
00878,國泰永續高股息,33,7,26,華南永昌-頭份,2023-04-06,9343
2344,華邦電,26,1,25,華南永昌-頭份,2023-04-06,9343
3682,亞太電,25,0,25,華南永昌-頭份,2023-04-06,9343
8069,元太,25,0,25,華南永昌-頭份,2023-04-06,9343
00632R,元大台灣50反1,53,30,23,華南永昌-頭份,2023-04-06,9343
1218,泰山,21,1,20,華南永昌-頭份,2023-04-06,9343
2204,中華,20,0,20,華南永昌-頭份,2023-04-06,9343
1589,永冠-KY,19,0,19,華南永昌-頭份,2023-04-06,9343
2609,陽明,19,0,19,華南永昌-頭份,2023-04-06,9343
00641R,富邦日本反1,18,0,18,華南永昌-頭份,2023-04-06,9343
00753L,中信中國50正2,15,0,15,華南永昌-頭份,2023-04-06,9343
1605,華新,18,3,15,華南永昌-頭份,2023-04-06,9343
2342,茂矽,14,0,14,華南永昌-頭份,2023-04-06,9343
00712,復華富時不動產,13,0,13,華南永昌-頭份,2023-04-06,9343
3088,艾訊,12,1,11,華南永昌-頭份,2023-04-06,9343
00665L,富邦�琤肭磪囓�2,21,10,11,華南永昌-頭份,2023-04-06,9343
2426,鼎元,11,0,11,華南永昌-頭份,2023-04-06,9343
1524,耿鼎,10,0,10,華南永昌-頭份,2023-04-06,9343
3624,光頡,10,0,10,華南永昌-頭份,2023-04-06,9343
5258,虹堡,11,1,10,華南永昌-頭份,2023-04-06,9343
3035,智原,11,1,10,華南永昌-頭份,2023-04-06,9343
1504,東元,9,0,9,華南永昌-頭份,2023-04-06,9343
2402,毅嘉,10,1,9,華南永昌-頭份,2023-04-06,9343
2497,怡利電,9,0,9,華南永昌-頭份,2023-04-06,9343
3071,協禧,9,0,9,華南永昌-頭份,2023-04-06,9343
3706,神達,9,0,9,華南永昌-頭份,2023-04-06,9343
6191,精成科,11,3,8,華南永昌-頭份,2023-04-06,9343
2208,台船,9,2,7,華南永昌-頭份,2023-04-06,9343
2606,裕民,17,10,7,華南永昌-頭份,2023-04-06,9343
3272,東碩,7,0,7,華南永昌-頭份,2023-04-06,9343
6239,力成,7,0,7,華南永昌-頭份,2023-04-06,9343
2891,中信金,7,0,7,華南永昌-頭份,2023-04-06,9343
2610,華航,6,0,6,華南永昌-頭份,2023-04-06,9343
2233,宇隆,6,0,6,華南永昌-頭份,2023-04-06,9343
6443,元晶,6,0,6,華南永昌-頭份,2023-04-06,9343
9935,慶豐富,6,0,6,華南永昌-頭份,2023-04-06,9343
2107,厚生,5,0,5,華南永昌-頭份,2023-04-06,9343
2331,精英,5,0,5,華南永昌-頭份,2023-04-06,9343
2748,雲品,6,1,5,華南永昌-頭份,2023-04-06,9343
3479,安勤,5,0,5,華南永昌-頭份,2023-04-06,9343
3532,台勝科,5,0,5,華南永昌-頭份,2023-04-06,9343
4123,晟德,5,0,5,華南永昌-頭份,2023-04-06,9343
2344,華邦電,116,4,112,華南永昌-頭份,2023-04-07,9343
2867,三商壽,102,0,102,華南永昌-頭份,2023-04-07,9343
1519,華城,76,38,38,華南永昌-頭份,2023-04-07,9343
2328,廣宇,33,8,25,華南永昌-頭份,2023-04-07,9343
2342,茂矽,21,0,21,華南永昌-頭份,2023-04-07,9343
2402,毅嘉,20,2,18,華南永昌-頭份,2023-04-07,9343
2884,玉山金,18,0,18,華南永昌-頭份,2023-04-07,9343
00683L,期元大美元指正2,17,0,17,華南永昌-頭份,2023-04-07,9343
1795,美時,26,9,17,華南永昌-頭份,2023-04-07,9343
2340,台亞,16,0,16,華南永昌-頭份,2023-04-07,9343
1569,濱川,15,0,15,華南永昌-頭份,2023-04-07,9343
1589,永冠-KY,14,0,14,華南永昌-頭份,2023-04-07,9343
2031,新光鋼,14,0,14,華南永昌-頭份,2023-04-07,9343
2457,飛宏,17,6,11,華南永昌-頭份,2023-04-07,9343
5475,德宏,11,0,11,華南永昌-頭份,2023-04-07,9343
6244,茂迪,12,1,11,華南永昌-頭份,2023-04-07,9343
8261,富鼎,11,0,11,華南永昌-頭份,2023-04-07,9343
00632R,元大台灣50反1,20,10,10,華南永昌-頭份,2023-04-07,9343
1809,中釉,10,0,10,華南永昌-頭份,2023-04-07,9343
1906,寶隆,10,0,10,華南永昌-頭份,2023-04-07,9343
3380,明泰,10,0,10,華南永昌-頭份,2023-04-07,9343
5439,高技,10,0,10,華南永昌-頭份,2023-04-07,9343
6414,樺漢,10,0,10,華南永昌-頭份,2023-04-07,9343
3481,群創,21,12,9,華南永昌-頭份,2023-04-07,9343
2641,正德,12,3,9,華南永昌-頭份,2023-04-07,9343
2812,台中銀,10,1,9,華南永昌-頭份,2023-04-07,9343
3272,東碩,9,0,9,華南永昌-頭份,2023-04-07,9343
8409,商之器,10,1,9,華南永昌-頭份,2023-04-07,9343
3027,盛達,10,2,8,華南永昌-頭份,2023-04-07,9343
7402,邑錡,8,0,8,華南永昌-頭份,2023-04-07,9343
8383,千附,11,3,8,華南永昌-頭份,2023-04-07,9343
3025,星通,11,4,7,華南永昌-頭份,2023-04-07,9343
6461,益得,7,0,7,華南永昌-頭份,2023-04-07,9343
6548,長科*,7,0,7,華南永昌-頭份,2023-04-07,9343
8028,昇陽半導體,18,11,7,華南永昌-頭份,2023-04-07,9343
8341,日友,7,0,7,華南永昌-頭份,2023-04-07,9343
9928,中視,7,0,7,華南永昌-頭份,2023-04-07,9343
00878,國泰永續高股息,7,1,6,華南永昌-頭份,2023-04-07,9343
3013,晟銘電,8,2,6,華南永昌-頭份,2023-04-07,9343
5222,全訊,8,2,6,華南永昌-頭份,2023-04-07,9343
6185,幃翔,11,5,6,華南永昌-頭份,2023-04-07,9343
2330,台積電,6,0,6,華南永昌-頭份,2023-04-07,9343
4979,華星光,14,8,6,華南永昌-頭份,2023-04-07,9343
00902,中信電池及儲能,5,0,5,華南永昌-頭份,2023-04-07,9343
00671R,富邦NASDAQ反1,5,0,5,華南永昌-頭份,2023-04-07,9343
2324,仁寶,5,0,5,華南永昌-頭份,2023-04-07,9343
3217,優群,5,0,5,華南永昌-頭份,2023-04-07,9343
4164,承業醫,5,0,5,華南永昌-頭份,2023-04-07,9343
5321,美而快,5,0,5,華南永昌-頭份,2023-04-07,9343
5608,四維航,5,0,5,華南永昌-頭份,2023-04-07,9343
2312,金寶,150,0,150,華南永昌-頭份,2023-04-10,9343
6548,長科*,61,0,61,華南永昌-頭份,2023-04-10,9343
2431,聯昌,38,0,38,華南永昌-頭份,2023-04-10,9343
1609,大亞,33,4,29,華南永昌-頭份,2023-04-10,9343
3264,欣銓,20,0,20,華南永昌-頭份,2023-04-10,9343
3711,日月光投控,20,0,20,華南永昌-頭份,2023-04-10,9343
00673R,期元大S＆P原油反1,18,0,18,華南永昌-頭份,2023-04-10,9343
2302,麗正,25,8,17,華南永昌-頭份,2023-04-10,9343
4128,中天,19,2,17,華南永昌-頭份,2023-04-10,9343
1524,耿鼎,15,1,14,華南永昌-頭份,2023-04-10,9343
3272,東碩,14,0,14,華南永昌-頭份,2023-04-10,9343
2609,陽明,12,0,12,華南永昌-頭份,2023-04-10,9343
1514,亞力,13,2,11,華南永昌-頭份,2023-04-10,9343
3362,先進光,16,5,11,華南永昌-頭份,2023-04-10,9343
5516,雙喜,11,0,11,華南永昌-頭份,2023-04-10,9343
3231,緯創,25,14,11,華南永昌-頭份,2023-04-10,9343
4960,誠美材,10,0,10,華南永昌-頭份,2023-04-10,9343
6416,瑞祺電通,10,0,10,華南永昌-頭份,2023-04-10,9343
1906,寶隆,10,0,10,華南永昌-頭份,2023-04-10,9343
3022,威強電,10,0,10,華南永昌-頭份,2023-04-10,9343
3265,台星科,10,0,10,華南永昌-頭份,2023-04-10,9343
4726,永昕,10,0,10,華南永昌-頭份,2023-04-10,9343
4746,台耀,13,3,10,華南永昌-頭份,2023-04-10,9343
8069,元太,16,6,10,華南永昌-頭份,2023-04-10,9343
8936,國統,11,2,9,華南永昌-頭份,2023-04-10,9343
2330,台積電,10,1,9,華南永昌-頭份,2023-04-10,9343
00679B,元大美債20年,8,0,8,華南永昌-頭份,2023-04-10,9343
2204,中華,8,0,8,華南永昌-頭份,2023-04-10,9343
6288,聯嘉,11,3,8,華南永昌-頭份,2023-04-10,9343
6753,龍德造船,11,3,8,華南永昌-頭份,2023-04-10,9343
3035,智原,10,2,8,華南永昌-頭份,2023-04-10,9343
4968,立積,13,6,7,華南永昌-頭份,2023-04-10,9343
8028,昇陽半導體,12,6,6,華南永昌-頭份,2023-04-10,9343
00712,復華富時不動產,5,0,5,華南永昌-頭份,2023-04-10,9343
2606,裕民,5,0,5,華南永昌-頭份,2023-04-10,9343
1316,上曜,5,0,5,華南永昌-頭份,2023-04-10,9343
1532,勤美,5,0,5,華南永昌-頭份,2023-04-10,9343
1584,精剛,6,1,5,華南永昌-頭份,2023-04-10,9343
1727,中華化,5,0,5,華南永昌-頭份,2023-04-10,9343
2331,精英,5,0,5,華南永昌-頭份,2023-04-10,9343
6133,金橋,5,0,5,華南永昌-頭份,2023-04-10,9343
6190,萬泰科,5,0,5,華南永昌-頭份,2023-04-10,9343
6191,精成科,5,0,5,華南永昌-頭份,2023-04-10,9343
8163,達方,5,0,5,華南永昌-頭份,2023-04-10,9343
4967,十銓,5,1,4,華南永昌-頭份,2023-04-10,9343
2342,茂矽,4,0,4,華南永昌-頭份,2023-04-10,9343
2352,佳世達,5,1,4,華南永昌-頭份,2023-04-10,9343
2483,百容,4,0,4,華南永昌-頭份,2023-04-10,9343
2603,長榮,5,1,4,華南永昌-頭份,2023-04-10,9343
3707,漢磊,10,6,4,華南永昌-頭份,2023-04-10,9343
00632R,元大台灣50反1,215,150,65,華南永昌-頭份,2023-04-11,9343
2614,東森,30,0,30,華南永昌-頭份,2023-04-11,9343
2317,鴻海,24,0,24,華南永昌-頭份,2023-04-11,9343
2867,三商壽,23,0,23,華南永昌-頭份,2023-04-11,9343
2643,捷迅,21,0,21,華南永昌-頭份,2023-04-11,9343
3013,晟銘電,22,6,16,華南永昌-頭份,2023-04-11,9343
2457,飛宏,26,11,15,華南永昌-頭份,2023-04-11,9343
5009,榮剛,15,1,14,華南永昌-頭份,2023-04-11,9343
2049,上銀,11,0,11,華南永昌-頭份,2023-04-11,9343
1504,東元,17,6,11,華南永昌-頭份,2023-04-11,9343
8358,金居,10,0,10,華南永昌-頭份,2023-04-11,9343
1301,台塑,10,0,10,華南永昌-頭份,2023-04-11,9343
00655L,國泰中國A50正2,10,0,10,華南永昌-頭份,2023-04-11,9343
2402,毅嘉,10,0,10,華南永昌-頭份,2023-04-11,9343
8409,商之器,10,0,10,華南永昌-頭份,2023-04-11,9343
8931,大汽電,10,0,10,華南永昌-頭份,2023-04-11,9343
2208,台船,9,0,9,華南永昌-頭份,2023-04-11,9343
3056,富華新,10,1,9,華南永昌-頭份,2023-04-11,9343
6548,長科*,10,1,9,華南永昌-頭份,2023-04-11,9343
00712,復華富時不動產,8,0,8,華南永昌-頭份,2023-04-11,9343
2736,富野,8,0,8,華南永昌-頭份,2023-04-11,9343
3035,智原,11,3,8,華南永昌-頭份,2023-04-11,9343
3504,揚明光,8,0,8,華南永昌-頭份,2023-04-11,9343
5465,富驊,13,5,8,華南永昌-頭份,2023-04-11,9343
6239,力成,9,1,8,華南永昌-頭份,2023-04-11,9343
9933,中鼎,8,0,8,華南永昌-頭份,2023-04-11,9343
3441,聯一光,11,4,7,華南永昌-頭份,2023-04-11,9343
4174,浩鼎,7,0,7,華南永昌-頭份,2023-04-11,9343
4919,新唐,8,1,7,華南永昌-頭份,2023-04-11,9343
6829,千附精密,9,2,7,華南永昌-頭份,2023-04-11,9343
2748,雲品,6,0,6,華南永昌-頭份,2023-04-11,9343
2887,台新金,10,4,6,華南永昌-頭份,2023-04-11,9343
3236,千如,6,0,6,華南永昌-頭份,2023-04-11,9343
8069,元太,6,0,6,華南永昌-頭份,2023-04-11,9343
6416,瑞祺電通,5,0,5,華南永昌-頭份,2023-04-11,9343
1532,勤美,5,0,5,華南永昌-頭份,2023-04-11,9343
2303,聯電,11,6,5,華南永昌-頭份,2023-04-11,9343
4716,大立,5,0,5,華南永昌-頭份,2023-04-11,9343
6266,泰詠,13,8,5,華南永昌-頭份,2023-04-11,9343
6570,維田,5,0,5,華南永昌-頭份,2023-04-11,9343
6753,龍德造船,9,4,5,華南永昌-頭份,2023-04-11,9343
8222,寶一,18,13,5,華南永昌-頭份,2023-04-11,9343
8299,群聯,6,1,5,華南永昌-頭份,2023-04-11,9343
2753,八方雲集,4,0,4,華南永昌-頭份,2023-04-11,9343
2455,全新,4,0,4,華南永昌-頭份,2023-04-11,9343
2606,裕民,5,1,4,華南永昌-頭份,2023-04-11,9343
3189,景碩,5,1,4,華南永昌-頭份,2023-04-11,9343
4104,佳醫,4,0,4,華南永昌-頭份,2023-04-11,9343
5289,宜鼎,6,2,4,華南永昌-頭份,2023-04-11,9343
6122,擎邦,5,1,4,華南永昌-頭份,2023-04-11,9343
3711,日月光投控,55,0,55,華南永昌-頭份,2023-04-12,9343
2204,中華,51,0,51,華南永昌-頭份,2023-04-12,9343
2312,金寶,50,10,40,華南永昌-頭份,2023-04-12,9343
6548,長科*,32,0,32,華南永昌-頭份,2023-04-12,9343
2542,興富發,30,0,30,華南永昌-頭份,2023-04-12,9343
1503,士電,48,18,30,華南永昌-頭份,2023-04-12,9343
3217,優群,30,0,30,華南永昌-頭份,2023-04-12,9343
3576,聯合再生,27,5,22,華南永昌-頭份,2023-04-12,9343
6148,驊宏資,22,0,22,華南永昌-頭份,2023-04-12,9343
2880,華南金,20,0,20,華南永昌-頭份,2023-04-12,9343
1101,台泥,21,1,20,華南永昌-頭份,2023-04-12,9343
1608,華榮,20,0,20,華南永昌-頭份,2023-04-12,9343
6139,亞翔,20,0,20,華南永昌-頭份,2023-04-12,9343
2359,所羅門,22,4,18,華南永昌-頭份,2023-04-12,9343
2515,中工,28,10,18,華南永昌-頭份,2023-04-12,9343
2313,華通,16,0,16,華南永昌-頭份,2023-04-12,9343
1611,中電,36,20,16,華南永昌-頭份,2023-04-12,9343
6248,沛波,14,0,14,華南永昌-頭份,2023-04-12,9343
3545,敦泰,31,18,13,華南永昌-頭份,2023-04-12,9343
2317,鴻海,12,0,12,華南永昌-頭份,2023-04-12,9343
1906,寶隆,12,0,12,華南永昌-頭份,2023-04-12,9343
2402,毅嘉,13,1,12,華南永昌-頭份,2023-04-12,9343
2427,三商電,11,0,11,華南永昌-頭份,2023-04-12,9343
4968,立積,16,5,11,華南永昌-頭份,2023-04-12,9343
00712,復華富時不動產,10,0,10,華南永昌-頭份,2023-04-12,9343
00896,中信綠能及電動車,10,0,10,華南永昌-頭份,2023-04-12,9343
1310,台苯,10,0,10,華南永昌-頭份,2023-04-12,9343
1721,三晃,10,0,10,華南永昌-頭份,2023-04-12,9343
2105,正新,10,0,10,華南永昌-頭份,2023-04-12,9343
2211,長榮鋼,10,0,10,華南永昌-頭份,2023-04-12,9343
2634,漢翔,19,9,10,華南永昌-頭份,2023-04-12,9343
4155,訊映,10,0,10,華南永昌-頭份,2023-04-12,9343
5243,乙盛-KY,10,0,10,華南永昌-頭份,2023-04-12,9343
8933,愛地雅,10,0,10,華南永昌-頭份,2023-04-12,9343
3715,定穎投控,14,5,9,華南永昌-頭份,2023-04-12,9343
2330,台積電,8,0,8,華南永昌-頭份,2023-04-12,9343
00673R,期元大S＆P原油反1,8,0,8,華南永昌-頭份,2023-04-12,9343
6104,創惟,11,3,8,華南永昌-頭份,2023-04-12,9343
2323,中環,7,0,7,華南永昌-頭份,2023-04-12,9343
6770,力積電,14,7,7,華南永昌-頭份,2023-04-12,9343
4979,華星光,13,7,6,華南永昌-頭份,2023-04-12,9343
8409,商之器,6,0,6,華南永昌-頭份,2023-04-12,9343
1609,大亞,33,27,6,華南永昌-頭份,2023-04-12,9343
1215,卜蜂,5,0,5,華南永昌-頭份,2023-04-12,9343
00637L,元大滬深300正2,5,0,5,華南永昌-頭份,2023-04-12,9343
1810,和成,11,6,5,華南永昌-頭份,2023-04-12,9343
2014,中鴻,5,0,5,華南永昌-頭份,2023-04-12,9343
2732,六角,5,0,5,華南永昌-頭份,2023-04-12,9343
3380,明泰,15,10,5,華南永昌-頭份,2023-04-12,9343
3714,富采,5,0,5,華南永昌-頭份,2023-04-12,9343
2618,長榮航,701,3,698,華南永昌-頭份,2023-04-13,9343
2867,三商壽,211,2,209,華南永昌-頭份,2023-04-13,9343
2312,金寶,110,0,110,華南永昌-頭份,2023-04-13,9343
00632R,元大台灣50反1,200,151,49,華南永昌-頭份,2023-04-13,9343
2485,兆赫,45,3,42,華南永昌-頭份,2023-04-13,9343
1504,東元,39,6,33,華南永昌-頭份,2023-04-13,9343
3322,建舜電,30,0,30,華南永昌-頭份,2023-04-13,9343
00878,國泰永續高股息,27,5,22,華南永昌-頭份,2023-04-13,9343
6185,幃翔,22,0,22,華南永昌-頭份,2023-04-13,9343
3481,群創,216,195,21,華南永昌-頭份,2023-04-13,9343
3013,晟銘電,23,2,21,華南永昌-頭份,2023-04-13,9343
8027,鈦昇,21,0,21,華南永昌-頭份,2023-04-13,9343
1503,士電,21,1,20,華南永昌-頭份,2023-04-13,9343
00676R,富邦臺灣加權反1,20,0,20,華南永昌-頭份,2023-04-13,9343
2105,正新,20,0,20,華南永昌-頭份,2023-04-13,9343
2401,凌陽,20,0,20,華南永昌-頭份,2023-04-13,9343
5490,同亨,20,0,20,華南永昌-頭份,2023-04-13,9343
3706,神達,17,0,17,華南永昌-頭份,2023-04-13,9343
1609,大亞,33,17,16,華南永昌-頭份,2023-04-13,9343
3236,千如,16,0,16,華南永昌-頭份,2023-04-13,9343
1101,台泥,16,1,15,華南永昌-頭份,2023-04-13,9343
2419,仲琦,15,0,15,華南永昌-頭份,2023-04-13,9343
6126,信音,15,0,15,華南永昌-頭份,2023-04-13,9343
00665L,富邦�琤肭磪囓�2,16,2,14,華南永昌-頭份,2023-04-13,9343
2851,中再保,14,0,14,華南永昌-頭份,2023-04-13,9343
1519,華城,33,21,12,華南永昌-頭份,2023-04-13,9343
3167,大量,12,0,12,華南永昌-頭份,2023-04-13,9343
6244,茂迪,13,2,11,華南永昌-頭份,2023-04-13,9343
00753L,中信中國50正2,15,5,10,華南永昌-頭份,2023-04-13,9343
00712,復華富時不動產,10,0,10,華南永昌-頭份,2023-04-13,9343
2028,威致,10,0,10,華南永昌-頭份,2023-04-13,9343
2442,新美齊,10,0,10,華南永昌-頭份,2023-04-13,9343
3272,東碩,10,0,10,華南永昌-頭份,2023-04-13,9343
4147,中裕,23,13,10,華南永昌-頭份,2023-04-13,9343
4702,中美實,10,0,10,華南永昌-頭份,2023-04-13,9343
6005,群益證,10,0,10,華南永昌-頭份,2023-04-13,9343
8111,立��,10,0,10,華南永昌-頭份,2023-04-13,9343
8150,南茂,10,0,10,華南永昌-頭份,2023-04-13,9343
8358,金居,10,0,10,華南永昌-頭份,2023-04-13,9343
8409,商之器,10,0,10,華南永昌-頭份,2023-04-13,9343
2753,八方雲集,10,1,9,華南永昌-頭份,2023-04-13,9343
3025,星通,20,11,9,華南永昌-頭份,2023-04-13,9343
3673,TPK-KY,9,0,9,華南永昌-頭份,2023-04-13,9343
8069,元太,9,0,9,華南永昌-頭份,2023-04-13,9343
2534,宏盛,8,0,8,華南永昌-頭份,2023-04-13,9343
2314,台揚,8,0,8,華南永昌-頭份,2023-04-13,9343
2610,華航,36,28,8,華南永昌-頭份,2023-04-13,9343
6235,華孚,100,92,8,華南永昌-頭份,2023-04-13,9343
6416,瑞祺電通,8,0,8,華南永昌-頭份,2023-04-13,9343
1517,利奇,7,0,7,華南永昌-頭份,2023-04-13,9343
1608,華榮,187,25,162,華南永昌-頭份,2023-04-14,9343
00632R,元大台灣50反1,141,1,140,華南永昌-頭份,2023-04-14,9343
2634,漢翔,148,44,104,華南永昌-頭份,2023-04-14,9343
3481,群創,88,33,55,華南永昌-頭份,2023-04-14,9343
2208,台船,37,3,34,華南永昌-頭份,2023-04-14,9343
3078,僑威,58,28,30,華南永昌-頭份,2023-04-14,9343
2382,廣達,22,0,22,華南永昌-頭份,2023-04-14,9343
2515,中工,24,2,22,華南永昌-頭份,2023-04-14,9343
4128,中天,22,0,22,華南永昌-頭份,2023-04-14,9343
2413,環科,21,0,21,華南永昌-頭份,2023-04-14,9343
6603,富強鑫,20,2,18,華南永昌-頭份,2023-04-14,9343
6182,合晶,16,0,16,華南永昌-頭份,2023-04-14,9343
2302,麗正,20,5,15,華南永昌-頭份,2023-04-14,9343
2359,所羅門,35,20,15,華南永昌-頭份,2023-04-14,9343
3025,星通,20,5,15,華南永昌-頭份,2023-04-14,9343
8069,元太,16,1,15,華南永昌-頭份,2023-04-14,9343
8440,綠電,15,0,15,華南永昌-頭份,2023-04-14,9343
2312,金寶,15,1,14,華南永昌-頭份,2023-04-14,9343
5371,中光電,14,0,14,華南永昌-頭份,2023-04-14,9343
00712,復華富時不動產,12,0,12,華南永昌-頭份,2023-04-14,9343
2615,萬海,15,3,12,華南永昌-頭份,2023-04-14,9343
2867,三商壽,18,6,12,華南永昌-頭份,2023-04-14,9343
3062,建漢,12,0,12,華南永昌-頭份,2023-04-14,9343
3540,曜越,31,20,11,華南永昌-頭份,2023-04-14,9343
4979,華星光,18,7,11,華南永昌-頭份,2023-04-14,9343
3419,譁裕,10,0,10,華南永昌-頭份,2023-04-14,9343
5490,同亨,10,0,10,華南永昌-頭份,2023-04-14,9343
8926,台汽電,10,0,10,華南永昌-頭份,2023-04-14,9343
00673R,期元大S＆P原油反1,9,0,9,華南永昌-頭份,2023-04-14,9343
2303,聯電,10,1,9,華南永昌-頭份,2023-04-14,9343
2438,翔耀,11,2,9,華南永昌-頭份,2023-04-14,9343
3380,明泰,10,1,9,華南永昌-頭份,2023-04-14,9343
6282,康舒,9,0,9,華南永昌-頭份,2023-04-14,9343
8088,品安,10,1,9,華南永昌-頭份,2023-04-14,9343
2323,中環,11,3,8,華南永昌-頭份,2023-04-14,9343
1568,倉佑,8,0,8,華南永昌-頭份,2023-04-14,9343
5351,鈺創,8,0,8,華南永昌-頭份,2023-04-14,9343
1532,勤美,7,0,7,華南永昌-頭份,2023-04-14,9343
3576,聯合再生,8,1,7,華南永昌-頭份,2023-04-14,9343
4164,承業醫,7,0,7,華南永昌-頭份,2023-04-14,9343
2211,長榮鋼,7,0,7,華南永昌-頭份,2023-04-14,9343
00679B,元大美債20年,6,0,6,華南永昌-頭份,2023-04-14,9343
2368,金像電,7,1,6,華南永昌-頭份,2023-04-14,9343
2425,承啟,6,0,6,華南永昌-頭份,2023-04-14,9343
2427,三商電,7,1,6,華南永昌-頭份,2023-04-14,9343
3056,富華新,6,0,6,華南永昌-頭份,2023-04-14,9343
4174,浩鼎,12,6,6,華南永昌-頭份,2023-04-14,9343
5284,jpp-KY,10,4,6,華南永昌-頭份,2023-04-14,9343
6579,研揚,6,0,6,華南永昌-頭份,2023-04-14,9343
5512,力麒,5,0,5,華南永昌-頭份,2023-04-14,9343
2312,金寶,142,38,104,華南永昌-頭份,2023-04-17,9343
5351,鈺創,93,0,93,華南永昌-頭份,2023-04-17,9343
00712,復華富時不動產,70,1,69,華南永昌-頭份,2023-04-17,9343
00878,國泰永續高股息,61,5,56,華南永昌-頭份,2023-04-17,9343
3490,單井,50,0,50,華南永昌-頭份,2023-04-17,9343
2634,漢翔,61,26,35,華南永昌-頭份,2023-04-17,9343
2208,台船,42,9,33,華南永昌-頭份,2023-04-17,9343
1437,勤益控,31,0,31,華南永昌-頭份,2023-04-17,9343
3169,亞信,30,1,29,華南永昌-頭份,2023-04-17,9343
1503,士電,26,2,24,華南永昌-頭份,2023-04-17,9343
1514,亞力,40,18,22,華南永昌-頭份,2023-04-17,9343
3047,訊舟,21,1,20,華南永昌-頭份,2023-04-17,9343
3060,銘異,20,0,20,華南永昌-頭份,2023-04-17,9343
2442,新美齊,17,0,17,華南永昌-頭份,2023-04-17,9343
6244,茂迪,16,0,16,華南永昌-頭份,2023-04-17,9343
6275,元山,16,1,15,華南永昌-頭份,2023-04-17,9343
8096,擎亞,15,0,15,華南永昌-頭份,2023-04-17,9343
2367,燿華,14,0,14,華南永昌-頭份,2023-04-17,9343
6005,群益證,14,0,14,華南永昌-頭份,2023-04-17,9343
6190,萬泰科,23,9,14,華南永昌-頭份,2023-04-17,9343
3062,建漢,15,2,13,華南永昌-頭份,2023-04-17,9343
6167,久正,15,2,13,華南永昌-頭份,2023-04-17,9343
2461,光群雷,12,0,12,華南永昌-頭份,2023-04-17,9343
3049,精金,13,1,12,華南永昌-頭份,2023-04-17,9343
5371,中光電,22,10,12,華南永昌-頭份,2023-04-17,9343
6547,高端疫苗,13,1,12,華南永昌-頭份,2023-04-17,9343
1326,台化,11,0,11,華南永昌-頭份,2023-04-17,9343
2419,仲琦,15,5,10,華南永昌-頭份,2023-04-17,9343
2753,八方雲集,10,0,10,華南永昌-頭份,2023-04-17,9343
3252,海灣,10,0,10,華南永昌-頭份,2023-04-17,9343
6116,彩晶,10,0,10,華南永昌-頭份,2023-04-17,9343
6127,九豪,10,0,10,華南永昌-頭份,2023-04-17,9343
8358,金居,10,0,10,華南永昌-頭份,2023-04-17,9343
3419,譁裕,21,12,9,華南永昌-頭份,2023-04-17,9343
6129,普誠,10,1,9,華南永昌-頭份,2023-04-17,9343
8215,明基材,11,3,8,華南永昌-頭份,2023-04-17,9343
1219,福壽,8,0,8,華南永昌-頭份,2023-04-17,9343
2540,愛山林,8,0,8,華南永昌-頭份,2023-04-17,9343
3029,零壹,19,11,8,華南永昌-頭份,2023-04-17,9343
6122,擎邦,10,2,8,華南永昌-頭份,2023-04-17,9343
00680L,元大美債20正2,7,0,7,華南永昌-頭份,2023-04-17,9343
2352,佳世達,7,0,7,華南永昌-頭份,2023-04-17,9343
4168,醣聯,7,0,7,華南永昌-頭份,2023-04-17,9343
5465,富驊,9,2,7,華南永昌-頭份,2023-04-17,9343
6841,長佳智能,7,0,7,華南永昌-頭份,2023-04-17,9343
8088,品安,12,5,7,華南永昌-頭份,2023-04-17,9343
2344,華邦電,7,1,6,華南永昌-頭份,2023-04-17,9343
1519,華城,30,24,6,華南永昌-頭份,2023-04-17,9343
1714,和桐,6,0,6,華南永昌-頭份,2023-04-17,9343
2885,元大金,6,0,6,華南永昌-頭份,2023-04-17,9343
5351,鈺創,91,2,89,華南永昌-頭份,2023-04-18,9343
2867,三商壽,75,0,75,華南永昌-頭份,2023-04-18,9343
00712,復華富時不動產,58,0,58,華南永昌-頭份,2023-04-18,9343
2609,陽明,53,1,52,華南永昌-頭份,2023-04-18,9343
3230,錦明,50,0,50,華南永昌-頭份,2023-04-18,9343
8033,雷虎,88,45,43,華南永昌-頭份,2023-04-18,9343
3652,精聯,40,0,40,華南永昌-頭份,2023-04-18,9343
6248,沛波,40,0,40,華南永昌-頭份,2023-04-18,9343
2324,仁寶,43,6,37,華南永昌-頭份,2023-04-18,9343
3025,星通,44,10,34,華南永昌-頭份,2023-04-18,9343
3078,僑威,35,3,32,華南永昌-頭份,2023-04-18,9343
3481,群創,33,2,31,華南永昌-頭份,2023-04-18,9343
8086,宏捷科,31,1,30,華南永昌-頭份,2023-04-18,9343
1532,勤美,24,0,24,華南永昌-頭份,2023-04-18,9343
1584,精剛,25,2,23,華南永昌-頭份,2023-04-18,9343
1608,華榮,23,0,23,華南永昌-頭份,2023-04-18,9343
1720,生達,23,0,23,華南永昌-頭份,2023-04-18,9343
8926,台汽電,25,2,23,華南永昌-頭份,2023-04-18,9343
2634,漢翔,70,48,22,華南永昌-頭份,2023-04-18,9343
2515,中工,21,0,21,華南永昌-頭份,2023-04-18,9343
2498,宏達電,33,12,21,華南永昌-頭份,2023-04-18,9343
3624,光頡,25,4,21,華南永昌-頭份,2023-04-18,9343
8358,金居,20,0,20,華南永昌-頭份,2023-04-18,9343
6160,欣技,34,14,20,華南永昌-頭份,2023-04-18,9343
8261,富鼎,21,2,19,華南永昌-頭份,2023-04-18,9343
2495,普安,19,1,18,華南永昌-頭份,2023-04-18,9343
3071,協禧,24,8,16,華南永昌-頭份,2023-04-18,9343
1809,中釉,14,0,14,華南永昌-頭份,2023-04-18,9343
6122,擎邦,14,0,14,華南永昌-頭份,2023-04-18,9343
2419,仲琦,30,17,13,華南永昌-頭份,2023-04-18,9343
4306,炎洲,13,0,13,華南永昌-頭份,2023-04-18,9343
6234,高僑,15,2,13,華南永昌-頭份,2023-04-18,9343
8121,越峰,16,3,13,華南永昌-頭份,2023-04-18,9343
2344,華邦電,12,0,12,華南永昌-頭份,2023-04-18,9343
00680L,元大美債20正2,12,0,12,華南永昌-頭份,2023-04-18,9343
2736,富野,12,0,12,華南永昌-頭份,2023-04-18,9343
4168,醣聯,12,0,12,華南永昌-頭份,2023-04-18,9343
00679B,元大美債20年,11,0,11,華南永昌-頭份,2023-04-18,9343
00923,群益台ESG低碳50,11,0,11,華南永昌-頭份,2023-04-18,9343
1810,和成,14,3,11,華南永昌-頭份,2023-04-18,9343
2630,亞航,15,4,11,華南永昌-頭份,2023-04-18,9343
2645,長榮航太,13,2,11,華南永昌-頭份,2023-04-18,9343
8409,商之器,11,0,11,華南永昌-頭份,2023-04-18,9343
00922,國泰台灣領袖50,10,0,10,華南永昌-頭份,2023-04-18,9343
00683L,期元大美元指正2,10,0,10,華南永昌-頭份,2023-04-18,9343
2897,王道銀行,10,0,10,華南永昌-頭份,2023-04-18,9343
3013,晟銘電,24,14,10,華南永昌-頭份,2023-04-18,9343
4114,健喬,12,2,10,華南永昌-頭份,2023-04-18,9343
5425,台半,10,0,10,華南永昌-頭份,2023-04-18,9343
6175,立敦,10,0,10,華南永昌-頭份,2023-04-18,9343
5351,鈺創,151,2,149,華南永昌-頭份,2023-04-19,9343
3481,群創,204,87,117,華南永昌-頭份,2023-04-19,9343
6116,彩晶,79,1,78,華南永昌-頭份,2023-04-19,9343
6127,九豪,63,0,63,華南永昌-頭份,2023-04-19,9343
8105,凌巨,51,0,51,華南永昌-頭份,2023-04-19,9343
1305,華夏,31,0,31,華南永昌-頭份,2023-04-19,9343
3419,譁裕,31,0,31,華南永昌-頭份,2023-04-19,9343
2515,中工,37,9,28,華南永昌-頭份,2023-04-19,9343
2634,漢翔,38,11,27,華南永昌-頭份,2023-04-19,9343
8086,宏捷科,32,6,26,華南永昌-頭份,2023-04-19,9343
2444,兆勁,30,5,25,華南永昌-頭份,2023-04-19,9343
6167,久正,39,16,23,華南永昌-頭份,2023-04-19,9343
1314,中石化,20,0,20,華南永昌-頭份,2023-04-19,9343
2606,裕民,20,0,20,華南永昌-頭份,2023-04-19,9343
4961,天鈺,21,3,18,華南永昌-頭份,2023-04-19,9343
3025,星通,21,3,18,華南永昌-頭份,2023-04-19,9343
2897,王道銀行,16,0,16,華南永昌-頭份,2023-04-19,9343
2330,台積電,15,0,15,華南永昌-頭份,2023-04-19,9343
3479,安勤,22,7,15,華南永昌-頭份,2023-04-19,9343
5009,榮剛,15,0,15,華南永昌-頭份,2023-04-19,9343
5426,振發,15,0,15,華南永昌-頭份,2023-04-19,9343
6133,金橋,15,0,15,華南永昌-頭份,2023-04-19,9343
8088,品安,15,0,15,華南永昌-頭份,2023-04-19,9343
1605,華新,18,6,12,華南永昌-頭份,2023-04-19,9343
4168,醣聯,12,0,12,華南永昌-頭份,2023-04-19,9343
2471,資通,20,9,11,華南永昌-頭份,2023-04-19,9343
3027,盛達,20,9,11,華南永昌-頭份,2023-04-19,9343
2425,承啟,10,0,10,華南永昌-頭份,2023-04-19,9343
2489,瑞軒,10,0,10,華南永昌-頭份,2023-04-19,9343
2882,國泰金,10,0,10,華南永昌-頭份,2023-04-19,9343
3005,神基,15,5,10,華南永昌-頭份,2023-04-19,9343
3711,日月光投控,10,0,10,華南永昌-頭份,2023-04-19,9343
6234,高僑,10,0,10,華南永昌-頭份,2023-04-19,9343
8016,矽創,10,0,10,華南永昌-頭份,2023-04-19,9343
8121,越峰,10,0,10,華南永昌-頭份,2023-04-19,9343
8222,寶一,26,16,10,華南永昌-頭份,2023-04-19,9343
00712,復華富時不動產,9,0,9,華南永昌-頭份,2023-04-19,9343
6244,茂迪,36,27,9,華南永昌-頭份,2023-04-19,9343
8210,勤誠,12,3,9,華南永昌-頭份,2023-04-19,9343
4306,炎洲,8,0,8,華南永昌-頭份,2023-04-19,9343
2834,臺企銀,8,0,8,華南永昌-頭份,2023-04-19,9343
00912,中信臺灣智慧50,7,0,7,華南永昌-頭份,2023-04-19,9343
5243,乙盛-KY,29,22,7,華南永昌-頭份,2023-04-19,9343
8046,南電,7,0,7,華南永昌-頭份,2023-04-19,9343
00679B,元大美債20年,7,0,7,華南永昌-頭份,2023-04-19,9343
3035,智原,9,3,6,華南永昌-頭份,2023-04-19,9343
8926,台汽電,18,12,6,華南永昌-頭份,2023-04-19,9343
1809,中釉,6,0,6,華南永昌-頭份,2023-04-19,9343
1810,和成,30,24,6,華南永昌-頭份,2023-04-19,9343
2352,佳世達,6,0,6,華南永昌-頭份,2023-04-19,9343
5351,鈺創,106,0,106,華南永昌-頭份,2023-04-20,9343
4102,永日,88,0,88,華南永昌-頭份,2023-04-20,9343
1608,華榮,82,0,82,華南永昌-頭份,2023-04-20,9343
00676R,富邦臺灣加權反1,76,0,76,華南永昌-頭份,2023-04-20,9343
00901,永豐智能車供應鏈,48,0,48,華南永昌-頭份,2023-04-20,9343
2401,凌陽,42,0,42,華南永昌-頭份,2023-04-20,9343
6770,力積電,31,0,31,華南永昌-頭份,2023-04-20,9343
3419,譁裕,37,7,30,華南永昌-頭份,2023-04-20,9343
4114,健喬,33,6,27,華南永昌-頭份,2023-04-20,9343
1504,東元,27,4,23,華南永昌-頭份,2023-04-20,9343
1471,首利,20,0,20,華南永昌-頭份,2023-04-20,9343
00882,中信中國高股息,20,0,20,華南永昌-頭份,2023-04-20,9343
2485,兆赫,20,0,20,華南永昌-頭份,2023-04-20,9343
3141,晶宏,20,0,20,華南永昌-頭份,2023-04-20,9343
6248,沛波,20,0,20,華南永昌-頭份,2023-04-20,9343
6443,元晶,20,0,20,華南永昌-頭份,2023-04-20,9343
6456,GIS-KY,20,0,20,華南永昌-頭份,2023-04-20,9343
8027,鈦昇,20,0,20,華南永昌-頭份,2023-04-20,9343
3029,零壹,19,0,19,華南永昌-頭份,2023-04-20,9343
6133,金橋,17,0,17,華南永昌-頭份,2023-04-20,9343
00878,國泰永續高股息,31,14,17,華南永昌-頭份,2023-04-20,9343
4128,中天,17,1,16,華南永昌-頭份,2023-04-20,9343
2014,中鴻,15,0,15,華南永昌-頭份,2023-04-20,9343
2368,金像電,15,0,15,華南永昌-頭份,2023-04-20,9343
2736,富野,23,8,15,華南永昌-頭份,2023-04-20,9343
1514,亞力,25,11,14,華南永昌-頭份,2023-04-20,9343
3038,全台,16,3,13,華南永昌-頭份,2023-04-20,9343
4934,太極,20,7,13,華南永昌-頭份,2023-04-20,9343
6441,廣錠,12,0,12,華南永昌-頭份,2023-04-20,9343
2458,義隆,12,0,12,華南永昌-頭份,2023-04-20,9343
6266,泰詠,12,0,12,華南永昌-頭份,2023-04-20,9343
8069,元太,15,3,12,華南永昌-頭份,2023-04-20,9343
8926,台汽電,14,2,12,華南永昌-頭份,2023-04-20,9343
3481,群創,17,5,12,華南永昌-頭份,2023-04-20,9343
4123,晟德,11,0,11,華南永昌-頭份,2023-04-20,9343
2344,華邦電,11,0,11,華南永昌-頭份,2023-04-20,9343
4931,新盛力,14,3,11,華南永昌-頭份,2023-04-20,9343
6461,益得,11,0,11,華南永昌-頭份,2023-04-20,9343
8105,凌巨,11,0,11,華南永昌-頭份,2023-04-20,9343
2449,京元電子,10,0,10,華南永昌-頭份,2023-04-20,9343
3094,聯傑,10,0,10,華南永昌-頭份,2023-04-20,9343
2812,台中銀,10,0,10,華南永昌-頭份,2023-04-20,9343
3217,優群,10,0,10,華南永昌-頭份,2023-04-20,9343
4167,松瑞藥,10,0,10,華南永昌-頭份,2023-04-20,9343
6185,幃翔,20,10,10,華南永昌-頭份,2023-04-20,9343
6288,聯嘉,11,1,10,華南永昌-頭份,2023-04-20,9343
8358,金居,9,0,9,華南永昌-頭份,2023-04-20,9343
1609,大亞,9,0,9,華南永昌-頭份,2023-04-20,9343
8088,品安,10,1,9,華南永昌-頭份,2023-04-20,9343
2027,大成鋼,8,0,8,華南永昌-頭份,2023-04-20,9343
5351,鈺創,189,0,189,華南永昌-頭份,2023-04-21,9343
3167,大量,67,0,67,華南永昌-頭份,2023-04-21,9343
3025,星通,55,1,54,華南永昌-頭份,2023-04-21,9343
1319,東陽,52,0,52,華南永昌-頭份,2023-04-21,9343
3078,僑威,40,1,39,華南永昌-頭份,2023-04-21,9343
4102,永日,35,3,32,華南永昌-頭份,2023-04-21,9343
6770,力積電,31,0,31,華南永昌-頭份,2023-04-21,9343
1310,台苯,29,1,28,華南永昌-頭份,2023-04-21,9343
1810,和成,30,3,27,華南永昌-頭份,2023-04-21,9343
2603,長榮,24,1,23,華南永昌-頭份,2023-04-21,9343
00715L,期街口布蘭特正2,22,0,22,華南永昌-頭份,2023-04-21,9343
3481,群創,39,17,22,華南永昌-頭份,2023-04-21,9343
6282,康舒,34,13,21,華南永昌-頭份,2023-04-21,9343
00676R,富邦臺灣加權反1,20,0,20,華南永昌-頭份,2023-04-21,9343
1522,堤維西,20,0,20,華南永昌-頭份,2023-04-21,9343
4927,泰鼎-KY,20,0,20,華南永昌-頭份,2023-04-21,9343
0056,元大高股息,19,0,19,華南永昌-頭份,2023-04-21,9343
2609,陽明,18,0,18,華南永昌-頭份,2023-04-21,9343
4168,醣聯,19,1,18,華南永昌-頭份,2023-04-21,9343
3049,精金,17,0,17,華南永昌-頭份,2023-04-21,9343
6244,茂迪,49,32,17,華南永昌-頭份,2023-04-21,9343
2009,第一銅,22,5,17,華南永昌-頭份,2023-04-21,9343
3058,立德,20,3,17,華南永昌-頭份,2023-04-21,9343
2606,裕民,15,0,15,華南永昌-頭份,2023-04-21,9343
9933,中鼎,15,0,15,華南永昌-頭份,2023-04-21,9343
1536,和大,14,0,14,華南永昌-頭份,2023-04-21,9343
4164,承業醫,14,0,14,華南永昌-頭份,2023-04-21,9343
5243,乙盛-KY,17,3,14,華南永昌-頭份,2023-04-21,9343
6133,金橋,13,0,13,華南永昌-頭份,2023-04-21,9343
3047,訊舟,12,0,12,華南永昌-頭份,2023-04-21,9343
6248,沛波,12,0,12,華南永昌-頭份,2023-04-21,9343
00923,群益台ESG低碳50,11,0,11,華南永昌-頭份,2023-04-21,9343
1611,中電,14,3,11,華南永昌-頭份,2023-04-21,9343
3380,明泰,14,3,11,華南永昌-頭份,2023-04-21,9343
3479,安勤,16,5,11,華南永昌-頭份,2023-04-21,9343
3711,日月光投控,11,0,11,華南永昌-頭份,2023-04-21,9343
2888,新光金,10,0,10,華南永昌-頭份,2023-04-21,9343
00751B,元大AAA至A公司債,10,0,10,華南永昌-頭份,2023-04-21,9343
1809,中釉,10,0,10,華南永昌-頭份,2023-04-21,9343
2338,光罩,11,1,10,華南永昌-頭份,2023-04-21,9343
2368,金像電,11,1,10,華南永昌-頭份,2023-04-21,9343
2406,國碩,10,0,10,華南永昌-頭份,2023-04-21,9343
2442,新美齊,10,0,10,華南永昌-頭份,2023-04-21,9343
2736,富野,10,0,10,華南永昌-頭份,2023-04-21,9343
3264,欣銓,10,0,10,華南永昌-頭份,2023-04-21,9343
3406,玉晶光,10,0,10,華南永昌-頭份,2023-04-21,9343
6127,九豪,10,0,10,華南永昌-頭份,2023-04-21,9343
6488,環球晶,10,0,10,華南永昌-頭份,2023-04-21,9343
1909,榮成,16,7,9,華南永昌-頭份,2023-04-21,9343
00679B,元大美債20年,10,2,8,華南永昌-頭份,2023-04-21,9343
6733,博晟生醫,111,1,110,華南永昌-頭份,2023-04-24,9343
00676R,富邦臺灣加權反1,70,0,70,華南永昌-頭份,2023-04-24,9343
2313,華通,42,0,42,華南永昌-頭份,2023-04-24,9343
00637L,元大滬深300正2,39,0,39,華南永昌-頭份,2023-04-24,9343
8222,寶一,36,3,33,華南永昌-頭份,2023-04-24,9343
3189,景碩,31,0,31,華南永昌-頭份,2023-04-24,9343
5009,榮剛,31,0,31,華南永昌-頭份,2023-04-24,9343
2495,普安,37,7,30,華南永昌-頭份,2023-04-24,9343
4102,永日,30,0,30,華南永昌-頭份,2023-04-24,9343
00665L,富邦�琤肭磪囓�2,29,0,29,華南永昌-頭份,2023-04-24,9343
3071,協禧,44,17,27,華南永昌-頭份,2023-04-24,9343
00679B,元大美債20年,21,0,21,華南永昌-頭份,2023-04-24,9343
8027,鈦昇,20,0,20,華南永昌-頭份,2023-04-24,9343
6244,茂迪,21,2,19,華南永昌-頭份,2023-04-24,9343
00712,復華富時不動產,18,0,18,華南永昌-頭份,2023-04-24,9343
9958,世紀鋼,29,11,18,華南永昌-頭份,2023-04-24,9343
2457,飛宏,24,8,16,華南永昌-頭份,2023-04-24,9343
3038,全台,12,0,12,華南永昌-頭份,2023-04-24,9343
00753L,中信中國50正2,12,0,12,華南永昌-頭份,2023-04-24,9343
00673R,期元大S＆P原油反1,12,0,12,華南永昌-頭份,2023-04-24,9343
2031,新光鋼,12,0,12,華南永昌-頭份,2023-04-24,9343
4979,華星光,12,0,12,華南永昌-頭份,2023-04-24,9343
3035,智原,24,13,11,華南永昌-頭份,2023-04-24,9343
2014,中鴻,13,2,11,華南永昌-頭份,2023-04-24,9343
3356,奇偶,11,0,11,華南永昌-頭份,2023-04-24,9343
6167,久正,12,1,11,華南永昌-頭份,2023-04-24,9343
5222,全訊,10,0,10,華南永昌-頭份,2023-04-24,9343
1471,首利,10,0,10,華南永昌-頭份,2023-04-24,9343
00713,元大台灣高息低波,10,0,10,華南永昌-頭份,2023-04-24,9343
2618,長榮航,10,0,10,華南永昌-頭份,2023-04-24,9343
3041,揚智,10,0,10,華南永昌-頭份,2023-04-24,9343
3058,立德,11,1,10,華南永昌-頭份,2023-04-24,9343
5371,中光電,12,2,10,華南永昌-頭份,2023-04-24,9343
00902,中信電池及儲能,9,0,9,華南永昌-頭份,2023-04-24,9343
5243,乙盛-KY,9,0,9,華南永昌-頭份,2023-04-24,9343
2504,國產,8,0,8,華南永昌-頭份,2023-04-24,9343
6282,康舒,16,8,8,華南永昌-頭份,2023-04-24,9343
00633L,富邦上証正2,7,0,7,華南永昌-頭份,2023-04-24,9343
2603,長榮,7,0,7,華南永昌-頭份,2023-04-24,9343
2002,中鋼,7,1,6,華南永昌-頭份,2023-04-24,9343
1312,國喬,6,0,6,華南永昌-頭份,2023-04-24,9343
2317,鴻海,6,0,6,華南永昌-頭份,2023-04-24,9343
2409,友達,6,0,6,華南永昌-頭份,2023-04-24,9343
2645,長榮航太,6,0,6,華南永昌-頭份,2023-04-24,9343
3044,健鼎,6,0,6,華南永昌-頭份,2023-04-24,9343
6443,元晶,11,5,6,華南永昌-頭份,2023-04-24,9343
6456,GIS-KY,6,0,6,華南永昌-頭份,2023-04-24,9343
6770,力積電,7,1,6,華南永昌-頭份,2023-04-24,9343
6116,彩晶,10,5,5,華南永昌-頭份,2023-04-24,9343
1104,環泥,5,0,5,華南永昌-頭份,2023-04-24,9343
00632R,元大台灣50反1,110,4,106,華南永昌-頭份,2023-04-25,9343
2881,富邦金,85,1,84,華南永昌-頭份,2023-04-25,9343
1101,台泥,61,0,61,華南永昌-頭份,2023-04-25,9343
1503,士電,64,3,61,華南永昌-頭份,2023-04-25,9343
0056,元大高股息,53,1,52,華南永昌-頭份,2023-04-25,9343
00878,國泰永續高股息,54,5,49,華南永昌-頭份,2023-04-25,9343
1528,恩德,52,4,48,華南永昌-頭份,2023-04-25,9343
3078,僑威,55,7,48,華南永昌-頭份,2023-04-25,9343
6133,金橋,41,0,41,華南永昌-頭份,2023-04-25,9343
1752,南光,53,16,37,華南永昌-頭份,2023-04-25,9343
2201,裕隆,38,4,34,華南永昌-頭份,2023-04-25,9343
6248,沛波,30,0,30,華南永昌-頭份,2023-04-25,9343
2634,漢翔,138,109,29,華南永昌-頭份,2023-04-25,9343
3231,緯創,37,9,28,華南永昌-頭份,2023-04-25,9343
2419,仲琦,25,0,25,華南永昌-頭份,2023-04-25,9343
6160,欣技,23,0,23,華南永昌-頭份,2023-04-25,9343
3481,群創,32,10,22,華南永昌-頭份,2023-04-25,9343
2031,新光鋼,23,1,22,華南永昌-頭份,2023-04-25,9343
1310,台苯,27,6,21,華南永昌-頭份,2023-04-25,9343
6026,福邦證,21,0,21,華南永昌-頭份,2023-04-25,9343
00676R,富邦臺灣加權反1,40,20,20,華南永昌-頭份,2023-04-25,9343
1312,國喬,20,0,20,華南永昌-頭份,2023-04-25,9343
3264,欣銓,20,0,20,華南永昌-頭份,2023-04-25,9343
2609,陽明,18,0,18,華南永昌-頭份,2023-04-25,9343
00753L,中信中國50正2,25,9,16,華南永昌-頭份,2023-04-25,9343
2736,富野,16,0,16,華南永昌-頭份,2023-04-25,9343
6770,力積電,17,1,16,華南永昌-頭份,2023-04-25,9343
8027,鈦昇,16,0,16,華南永昌-頭份,2023-04-25,9343
2388,威盛,17,2,15,華南永昌-頭份,2023-04-25,9343
3032,偉訓,50,35,15,華南永昌-頭份,2023-04-25,9343
00902,中信電池及儲能,16,2,14,華南永昌-頭份,2023-04-25,9343
4114,健喬,18,4,14,華南永昌-頭份,2023-04-25,9343
4168,醣聯,19,5,14,華南永昌-頭份,2023-04-25,9343
00637L,元大滬深300正2,13,0,13,華南永昌-頭份,2023-04-25,9343
3035,智原,15,2,13,華南永昌-頭份,2023-04-25,9343
8028,昇陽半導體,13,0,13,華南永昌-頭份,2023-04-25,9343
2515,中工,12,0,12,華南永昌-頭份,2023-04-25,9343
1609,大亞,18,6,12,華南永昌-頭份,2023-04-25,9343
3576,聯合再生,12,0,12,華南永昌-頭份,2023-04-25,9343
6139,亞翔,12,0,12,華南永昌-頭份,2023-04-25,9343
6282,康舒,19,7,12,華南永昌-頭份,2023-04-25,9343
00665L,富邦�琤肭磪囓�2,11,0,11,華南永昌-頭份,2023-04-25,9343
2883,凱基金,11,0,11,華南永昌-頭份,2023-04-25,9343
3047,訊舟,13,2,11,華南永昌-頭份,2023-04-25,9343
1701,中化,11,1,10,華南永昌-頭份,2023-04-25,9343
2406,國碩,10,0,10,華南永昌-頭份,2023-04-25,9343
3041,揚智,10,0,10,華南永昌-頭份,2023-04-25,9343
3059,華晶科,10,0,10,華南永昌-頭份,2023-04-25,9343
3540,曜越,10,0,10,華南永昌-頭份,2023-04-25,9343
5015,華祺,10,0,10,華南永昌-頭份,2023-04-25,9343
2881,富邦金,75,2,73,華南永昌-頭份,2023-04-26,9343
00712,復華富時不動產,64,0,64,華南永昌-頭份,2023-04-26,9343
2913,農林,32,1,31,華南永昌-頭份,2023-04-26,9343
3498,陽程,30,0,30,華南永昌-頭份,2023-04-26,9343
2609,陽明,33,5,28,華南永昌-頭份,2023-04-26,9343
4168,醣聯,26,0,26,華南永昌-頭份,2023-04-26,9343
6116,彩晶,24,0,24,華南永昌-頭份,2023-04-26,9343
3294,英濟,20,0,20,華南永昌-頭份,2023-04-26,9343
2495,普安,24,5,19,華南永昌-頭份,2023-04-26,9343
2515,中工,34,18,16,華南永昌-頭份,2023-04-26,9343
6770,力積電,20,5,15,華南永昌-頭份,2023-04-26,9343
8027,鈦昇,15,0,15,華南永昌-頭份,2023-04-26,9343
4108,懷特,17,3,14,華南永昌-頭份,2023-04-26,9343
5245,智晶,14,0,14,華南永昌-頭份,2023-04-26,9343
3035,智原,22,9,13,華南永昌-頭份,2023-04-26,9343
2206,三陽工業,18,5,13,華南永昌-頭份,2023-04-26,9343
1907,永豐餘,14,2,12,華南永昌-頭份,2023-04-26,9343
5222,全訊,12,0,12,華南永昌-頭份,2023-04-26,9343
00713,元大台灣高息低波,11,0,11,華南永昌-頭份,2023-04-26,9343
2634,漢翔,28,17,11,華南永昌-頭份,2023-04-26,9343
5469,瀚宇博,11,0,11,華南永昌-頭份,2023-04-26,9343
6274,台燿,11,1,10,華南永昌-頭份,2023-04-26,9343
2002,中鋼,13,3,10,華南永昌-頭份,2023-04-26,9343
8088,品安,10,0,10,華南永昌-頭份,2023-04-26,9343
1220,台榮,10,0,10,華南永昌-頭份,2023-04-26,9343
1108,幸福,10,0,10,華南永昌-頭份,2023-04-26,9343
00676R,富邦臺灣加權反1,10,0,10,華南永昌-頭份,2023-04-26,9343
1584,精剛,10,0,10,華南永昌-頭份,2023-04-26,9343
2337,旺宏,102,92,10,華南永昌-頭份,2023-04-26,9343
3624,光頡,14,4,10,華南永昌-頭份,2023-04-26,9343
6182,合晶,10,0,10,華南永昌-頭份,2023-04-26,9343
6185,幃翔,14,4,10,華南永昌-頭份,2023-04-26,9343
6213,聯茂,10,0,10,華南永昌-頭份,2023-04-26,9343
8121,越峰,10,0,10,華南永昌-頭份,2023-04-26,9343
6829,千附精密,14,5,9,華南永昌-頭份,2023-04-26,9343
2027,大成鋼,10,1,9,華南永昌-頭份,2023-04-26,9343
3025,星通,13,5,8,華南永昌-頭份,2023-04-26,9343
00922,國泰台灣領袖50,7,0,7,華南永昌-頭份,2023-04-26,9343
6133,金橋,8,1,7,華南永昌-頭份,2023-04-26,9343
3105,穩懋,6,0,6,華南永昌-頭份,2023-04-26,9343
8016,矽創,6,0,6,華南永昌-頭份,2023-04-26,9343
0056,元大高股息,6,1,5,華南永昌-頭份,2023-04-26,9343
1312,國喬,5,0,5,華南永昌-頭份,2023-04-26,9343
00891,中信關鍵半導體,5,0,5,華南永昌-頭份,2023-04-26,9343
1720,生達,5,0,5,華南永昌-頭份,2023-04-26,9343
1727,中華化,55,50,5,華南永昌-頭份,2023-04-26,9343
1752,南光,5,0,5,華南永昌-頭份,2023-04-26,9343
1810,和成,10,5,5,華南永昌-頭份,2023-04-26,9343
2357,華碩,5,0,5,華南永昌-頭份,2023-04-26,9343
2388,威盛,8,3,5,華南永昌-頭份,2023-04-26,9343
4950,牧東,95,0,95,華南永昌-頭份,2023-04-27,9343
00712,復華富時不動產,55,0,55,華南永昌-頭份,2023-04-27,9343
00679B,元大美債20年,53,0,53,華南永昌-頭份,2023-04-27,9343
2204,中華,52,2,50,華南永昌-頭份,2023-04-27,9343
1721,三晃,53,12,41,華南永昌-頭份,2023-04-27,9343
2609,陽明,34,0,34,華南永昌-頭份,2023-04-27,9343
00715L,期街口布蘭特正2,30,0,30,華南永昌-頭份,2023-04-27,9343
2610,華航,38,10,28,華南永昌-頭份,2023-04-27,9343
2027,大成鋼,26,0,26,華南永昌-頭份,2023-04-27,9343
00676R,富邦臺灣加權反1,20,0,20,華南永昌-頭份,2023-04-27,9343
3032,偉訓,20,6,14,華南永昌-頭份,2023-04-27,9343
2303,聯電,13,0,13,華南永昌-頭份,2023-04-27,9343
2457,飛宏,26,14,12,華南永昌-頭份,2023-04-27,9343
3047,訊舟,12,0,12,華南永昌-頭份,2023-04-27,9343
3591,艾笛森,12,0,12,華南永昌-頭份,2023-04-27,9343
1514,亞力,15,4,11,華南永昌-頭份,2023-04-27,9343
2014,中鴻,11,0,11,華南永昌-頭份,2023-04-27,9343
8215,明基材,13,2,11,華南永昌-頭份,2023-04-27,9343
3037,欣興,12,1,11,華南永昌-頭份,2023-04-27,9343
1905,華紙,104,94,10,華南永昌-頭份,2023-04-27,9343
1444,力麗,10,0,10,華南永昌-頭份,2023-04-27,9343
3025,星通,21,11,10,華南永昌-頭份,2023-04-27,9343
4566,時碩工業,29,19,10,華南永昌-頭份,2023-04-27,9343
5475,德宏,10,0,10,華南永昌-頭份,2023-04-27,9343
6285,啟��,10,0,10,華南永昌-頭份,2023-04-27,9343
8996,高力,10,0,10,華南永昌-頭份,2023-04-27,9343
2834,臺企銀,10,0,10,華南永昌-頭份,2023-04-27,9343
3071,協禧,14,4,10,華南永昌-頭份,2023-04-27,9343
1503,士電,10,1,9,華南永昌-頭份,2023-04-27,9343
2208,台船,30,22,8,華南永昌-頭份,2023-04-27,9343
2603,長榮,7,0,7,華南永昌-頭份,2023-04-27,9343
8046,南電,9,2,7,華南永昌-頭份,2023-04-27,9343
00642U,期元大S＆P石油,6,0,6,華南永昌-頭份,2023-04-27,9343
2645,長榮航太,6,0,6,華南永昌-頭份,2023-04-27,9343
3324,雙鴻,7,1,6,華南永昌-頭份,2023-04-27,9343
4123,晟德,6,0,6,華南永昌-頭份,2023-04-27,9343
6239,力成,6,0,6,華南永昌-頭份,2023-04-27,9343
00900,富邦特選高股息30,5,0,5,華南永昌-頭份,2023-04-27,9343
1714,和桐,5,0,5,華南永昌-頭份,2023-04-27,9343
1731,美吾華,5,0,5,華南永昌-頭份,2023-04-27,9343
2515,中工,6,1,5,華南永昌-頭份,2023-04-27,9343
3232,昱捷,6,1,5,華南永昌-頭份,2023-04-27,9343
5222,全訊,6,1,5,華南永昌-頭份,2023-04-27,9343
6411,晶焱,5,0,5,華南永昌-頭份,2023-04-27,9343
6443,元晶,5,0,5,華南永昌-頭份,2023-04-27,9343
8059,凱碩,5,0,5,華南永昌-頭份,2023-04-27,9343
1709,和益,8,3,5,華南永昌-頭份,2023-04-27,9343
00878,國泰永續高股息,5,0,5,華南永昌-頭份,2023-04-27,9343
6244,茂迪,19,15,4,華南永昌-頭份,2023-04-27,9343
1605,華新,9,5,4,華南永昌-頭份,2023-04-27,9343
3703,欣陸,90,0,90,華南永昌-頭份,2023-04-28,9343
2344,華邦電,56,6,50,華南永昌-頭份,2023-04-28,9343
3481,群創,85,40,45,華南永昌-頭份,2023-04-28,9343
3071,協禧,49,5,44,華南永昌-頭份,2023-04-28,9343
5009,榮剛,60,26,34,華南永昌-頭份,2023-04-28,9343
2880,華南金,33,0,33,華南永昌-頭份,2023-04-28,9343
6274,台燿,33,1,32,華南永昌-頭份,2023-04-28,9343
1504,東元,38,7,31,華南永昌-頭份,2023-04-28,9343
912000,晨訊科-DR,30,0,30,華南永昌-頭份,2023-04-28,9343
1101,台泥,32,3,29,華南永昌-頭份,2023-04-28,9343
2461,光群雷,24,1,23,華南永昌-頭份,2023-04-28,9343
2409,友達,37,18,19,華南永昌-頭份,2023-04-28,9343
6266,泰詠,23,6,17,華南永昌-頭份,2023-04-28,9343
2402,毅嘉,31,14,17,華南永昌-頭份,2023-04-28,9343
00900,富邦特選高股息30,16,0,16,華南永昌-頭份,2023-04-28,9343
3038,全台,16,0,16,華南永昌-頭份,2023-04-28,9343
6129,普誠,16,0,16,華南永昌-頭份,2023-04-28,9343
3034,聯詠,16,0,16,華南永昌-頭份,2023-04-28,9343
2457,飛宏,20,5,15,華南永昌-頭份,2023-04-28,9343
2022,聚亨,15,1,14,華南永昌-頭份,2023-04-28,9343
1810,和成,15,1,14,華南永昌-頭份,2023-04-28,9343
2609,陽明,17,4,13,華南永昌-頭份,2023-04-28,9343
00688L,國泰20年美債正2,12,0,12,華南永昌-頭份,2023-04-28,9343
2368,金像電,11,0,11,華南永昌-頭份,2023-04-28,9343
2498,宏達電,11,0,11,華南永昌-頭份,2023-04-28,9343
4541,晟田,15,4,11,華南永昌-頭份,2023-04-28,9343
6861,睿生光電,11,0,11,華南永昌-頭份,2023-04-28,9343
1220,台榮,10,0,10,華南永昌-頭份,2023-04-28,9343
1514,亞力,21,11,10,華南永昌-頭份,2023-04-28,9343
1522,堤維西,10,0,10,華南永昌-頭份,2023-04-28,9343
3032,偉訓,11,1,10,華南永昌-頭份,2023-04-28,9343
6125,廣運,10,0,10,華南永昌-頭份,2023-04-28,9343
6147,頎邦,10,0,10,華南永昌-頭份,2023-04-28,9343
6756,威鋒電子,10,0,10,華南永昌-頭份,2023-04-28,9343
2236,百達-KY,10,0,10,華南永昌-頭份,2023-04-28,9343
2607,榮運,9,0,9,華南永昌-頭份,2023-04-28,9343
4938,和碩,8,0,8,華南永昌-頭份,2023-04-28,9343
6282,康舒,25,17,8,華南永昌-頭份,2023-04-28,9343
1524,耿鼎,7,0,7,華南永昌-頭份,2023-04-28,9343
3027,盛達,8,1,7,華南永昌-頭份,2023-04-28,9343
3272,東碩,7,0,7,華南永昌-頭份,2023-04-28,9343
3592,瑞鼎,7,0,7,華南永昌-頭份,2023-04-28,9343
6114,久威,7,0,7,華南永昌-頭份,2023-04-28,9343
2303,聯電,8,1,7,華南永昌-頭份,2023-04-28,9343
2330,台積電,8,2,6,華南永昌-頭份,2023-04-28,9343
2438,翔耀,6,0,6,華南永昌-頭份,2023-04-28,9343
2453,凌群,12,6,6,華南永昌-頭份,2023-04-28,9343
3661,世芯-KY,6,0,6,華南永昌-頭份,2023-04-28,9343
3035,智原,8,3,5,華南永昌-頭份,2023-04-28,9343
00715L,期街口布蘭特正2,9,4,5,華南永昌-頭份,2023-04-28,9343
2884,玉山金,58,1,57,華南永昌-頭份,2023-05-02,9343
1519,華城,62,19,43,華南永昌-頭份,2023-05-02,9343
6290,良維,40,1,39,華南永昌-頭份,2023-05-02,9343
00878,國泰永續高股息,45,11,34,華南永昌-頭份,2023-05-02,9343
6770,力積電,47,17,30,華南永昌-頭份,2023-05-02,9343
2495,普安,53,23,30,華南永昌-頭份,2023-05-02,9343
4967,十銓,23,2,21,華南永昌-頭份,2023-05-02,9343
8996,高力,21,0,21,華南永昌-頭份,2023-05-02,9343
9945,潤泰新,20,0,20,華南永昌-頭份,2023-05-02,9343
3231,緯創,27,7,20,華南永昌-頭份,2023-05-02,9343
8091,翔名,19,0,19,華南永昌-頭份,2023-05-02,9343
2607,榮運,18,0,18,華南永昌-頭份,2023-05-02,9343
2409,友達,32,16,16,華南永昌-頭份,2023-05-02,9343
3711,日月光投控,96,80,16,華南永昌-頭份,2023-05-02,9343
2383,台光電,15,0,15,華南永昌-頭份,2023-05-02,9343
3438,類比科,14,1,13,華南永昌-頭份,2023-05-02,9343
2880,華南金,12,0,12,華南永昌-頭份,2023-05-02,9343
2603,長榮,12,0,12,華南永昌-頭份,2023-05-02,9343
2438,翔耀,12,0,12,華南永昌-頭份,2023-05-02,9343
2605,新興,12,0,12,華南永昌-頭份,2023-05-02,9343
2890,永豐金,12,1,11,華南永昌-頭份,2023-05-02,9343
00676R,富邦臺灣加權反1,10,0,10,華南永昌-頭份,2023-05-02,9343
1453,大將,10,0,10,華南永昌-頭份,2023-05-02,9343
1701,中化,12,2,10,華南永昌-頭份,2023-05-02,9343
2442,新美齊,10,0,10,華南永昌-頭份,2023-05-02,9343
3703,欣陸,10,0,10,華南永昌-頭份,2023-05-02,9343
00923,群益台ESG低碳50,9,0,9,華南永昌-頭份,2023-05-02,9343
1809,中釉,11,2,9,華南永昌-頭份,2023-05-02,9343
3071,協禧,9,0,9,華南永昌-頭份,2023-05-02,9343
4541,晟田,29,20,9,華南永昌-頭份,2023-05-02,9343
8088,品安,9,0,9,華南永昌-頭份,2023-05-02,9343
2344,華邦電,8,0,8,華南永昌-頭份,2023-05-02,9343
5222,全訊,11,3,8,華南永昌-頭份,2023-05-02,9343
6125,廣運,10,2,8,華南永昌-頭份,2023-05-02,9343
8121,越峰,13,5,8,華南永昌-頭份,2023-05-02,9343
2231,為升,7,0,7,華南永昌-頭份,2023-05-02,9343
2345,智邦,7,0,7,華南永昌-頭份,2023-05-02,9343
00753L,中信中國50正2,6,0,6,華南永昌-頭份,2023-05-02,9343
00680L,元大美債20正2,6,0,6,華南永昌-頭份,2023-05-02,9343
1325,恆大,6,0,6,華南永昌-頭份,2023-05-02,9343
2027,大成鋼,6,0,6,華南永昌-頭份,2023-05-02,9343
2482,連宇,6,0,6,華南永昌-頭份,2023-05-02,9343
2636,台驊控股,6,0,6,華南永昌-頭份,2023-05-02,9343
1752,南光,10,5,5,華南永昌-頭份,2023-05-02,9343
1907,永豐餘,5,0,5,華南永昌-頭份,2023-05-02,9343
2820,華票,5,0,5,華南永昌-頭份,2023-05-02,9343
3022,威強電,5,0,5,華南永昌-頭份,2023-05-02,9343
3033,威健,5,0,5,華南永昌-頭份,2023-05-02,9343
3038,全台,5,0,5,華南永昌-頭份,2023-05-02,9343
3078,僑威,17,12,5,華南永昌-頭份,2023-05-02,9343
3032,偉訓,160,1,159,華南永昌-頭份,2023-05-03,9343
00712,復華富時不動產,73,0,73,華南永昌-頭份,2023-05-03,9343
3047,訊舟,60,0,60,華南永昌-頭份,2023-05-03,9343
2609,陽明,159,101,58,華南永昌-頭份,2023-05-03,9343
00715L,期街口布蘭特正2,38,0,38,華南永昌-頭份,2023-05-03,9343
3481,群創,38,5,33,華南永昌-頭份,2023-05-03,9343
00665L,富邦�琤肭磪囓�2,30,0,30,華南永昌-頭份,2023-05-03,9343
2634,漢翔,67,37,30,華南永昌-頭份,2023-05-03,9343
4763,材料-KY,31,1,30,華南永昌-頭份,2023-05-03,9343
1514,亞力,27,3,24,華南永昌-頭份,2023-05-03,9343
00878,國泰永續高股息,75,51,24,華南永昌-頭份,2023-05-03,9343
2603,長榮,23,0,23,華南永昌-頭份,2023-05-03,9343
00753L,中信中國50正2,22,0,22,華南永昌-頭份,2023-05-03,9343
00893,國泰智能電動車,20,0,20,華南永昌-頭份,2023-05-03,9343
3167,大量,20,0,20,華南永昌-頭份,2023-05-03,9343
8027,鈦昇,20,0,20,華南永昌-頭份,2023-05-03,9343
8088,品安,20,0,20,華南永昌-頭份,2023-05-03,9343
00642U,期元大S＆P石油,19,0,19,華南永昌-頭份,2023-05-03,9343
2201,裕隆,21,2,19,華南永昌-頭份,2023-05-03,9343
8222,寶一,35,19,16,華南永昌-頭份,2023-05-03,9343
2820,華票,15,0,15,華南永昌-頭份,2023-05-03,9343
3025,星通,15,0,15,華南永昌-頭份,2023-05-03,9343
3231,緯創,17,3,14,華南永昌-頭份,2023-05-03,9343
8096,擎亞,14,0,14,華南永昌-頭份,2023-05-03,9343
3419,譁裕,31,18,13,華南永昌-頭份,2023-05-03,9343
3035,智原,13,2,11,華南永昌-頭份,2023-05-03,9343
2401,凌陽,14,3,11,華南永昌-頭份,2023-05-03,9343
6290,良維,11,0,11,華南永昌-頭份,2023-05-03,9343
00632R,元大台灣50反1,10,0,10,華南永昌-頭份,2023-05-03,9343
1453,大將,10,0,10,華南永昌-頭份,2023-05-03,9343
2376,技嘉,10,0,10,華南永昌-頭份,2023-05-03,9343
9945,潤泰新,10,0,10,華南永昌-頭份,2023-05-03,9343
3078,僑威,26,18,8,華南永昌-頭份,2023-05-03,9343
1104,環泥,12,4,8,華南永昌-頭份,2023-05-03,9343
1718,中纖,8,0,8,華南永昌-頭份,2023-05-03,9343
2887,台新金,8,0,8,華南永昌-頭份,2023-05-03,9343
6167,久正,44,37,7,華南永昌-頭份,2023-05-03,9343
2345,智邦,6,0,6,華南永昌-頭份,2023-05-03,9343
2352,佳世達,6,0,6,華南永昌-頭份,2023-05-03,9343
3083,網龍,6,0,6,華南永昌-頭份,2023-05-03,9343
4138,曜亞,6,0,6,華南永昌-頭份,2023-05-03,9343
4157,太景*-KY,6,0,6,華南永昌-頭份,2023-05-03,9343
4968,立積,12,6,6,華南永昌-頭份,2023-05-03,9343
2890,永豐金,5,0,5,華南永昌-頭份,2023-05-03,9343
2338,光罩,5,0,5,華南永昌-頭份,2023-05-03,9343
2359,所羅門,5,0,5,華南永昌-頭份,2023-05-03,9343
2344,華邦電,5,0,5,華南永昌-頭份,2023-05-03,9343
2636,台驊控股,5,0,5,華南永昌-頭份,2023-05-03,9343
3272,東碩,5,0,5,華南永昌-頭份,2023-05-03,9343
4128,中天,5,0,5,華南永昌-頭份,2023-05-03,9343
00715L,期街口布蘭特正2,82,8,74,華南永昌-頭份,2023-05-04,9343
2634,漢翔,93,33,60,華南永昌-頭份,2023-05-04,9343
00712,復華富時不動產,52,0,52,華南永昌-頭份,2023-05-04,9343
2317,鴻海,45,0,45,華南永昌-頭份,2023-05-04,9343
00642U,期元大S＆P石油,42,0,42,華南永昌-頭份,2023-05-04,9343
2504,國產,22,0,22,華南永昌-頭份,2023-05-04,9343
3715,定穎投控,23,1,22,華南永昌-頭份,2023-05-04,9343
4306,炎洲,22,0,22,華南永昌-頭份,2023-05-04,9343
6288,聯嘉,21,0,21,華南永昌-頭份,2023-05-04,9343
3380,明泰,21,0,21,華南永昌-頭份,2023-05-04,9343
2495,普安,26,8,18,華南永昌-頭份,2023-05-04,9343
2610,華航,21,3,18,華南永昌-頭份,2023-05-04,9343
3017,奇鋐,21,4,17,華南永昌-頭份,2023-05-04,9343
6152,百一,15,0,15,華南永昌-頭份,2023-05-04,9343
00878,國泰永續高股息,23,10,13,華南永昌-頭份,2023-05-04,9343
3095,及成,13,0,13,華南永昌-頭份,2023-05-04,9343
6477,安集,13,0,13,華南永昌-頭份,2023-05-04,9343
3062,建漢,12,0,12,華南永昌-頭份,2023-05-04,9343
6133,金橋,12,0,12,華南永昌-頭份,2023-05-04,9343
6753,龍德造船,11,0,11,華南永昌-頭份,2023-05-04,9343
6712,長聖,11,0,11,華南永昌-頭份,2023-05-04,9343
5347,世界,10,0,10,華南永昌-頭份,2023-05-04,9343
1220,台榮,10,0,10,華南永昌-頭份,2023-05-04,9343
1304,台聚,10,0,10,華南永昌-頭份,2023-05-04,9343
1319,東陽,15,5,10,華南永昌-頭份,2023-05-04,9343
1802,台玻,10,0,10,華南永昌-頭份,2023-05-04,9343
2014,中鴻,20,10,10,華南永昌-頭份,2023-05-04,9343
2515,中工,10,0,10,華南永昌-頭份,2023-05-04,9343
3362,先進光,14,4,10,華南永昌-頭份,2023-05-04,9343
5321,美而快,11,1,10,華南永昌-頭份,2023-05-04,9343
6148,驊宏資,31,21,10,華南永昌-頭份,2023-05-04,9343
6672,騰輝電子-KY,10,0,10,華南永昌-頭份,2023-05-04,9343
8027,鈦昇,10,0,10,華南永昌-頭份,2023-05-04,9343
8111,立��,10,0,10,華南永昌-頭份,2023-05-04,9343
2206,三陽工業,22,13,9,華南永昌-頭份,2023-05-04,9343
3712,永崴投控,9,0,9,華南永昌-頭份,2023-05-04,9343
4104,佳醫,10,1,9,華南永昌-頭份,2023-05-04,9343
2236,百達-KY,8,0,8,華南永昌-頭份,2023-05-04,9343
2344,華邦電,8,0,8,華南永昌-頭份,2023-05-04,9343
2614,東森,8,0,8,華南永昌-頭份,2023-05-04,9343
6443,元晶,7,0,7,華南永昌-頭份,2023-05-04,9343
4541,晟田,27,20,7,華南永昌-頭份,2023-05-04,9343
1514,亞力,7,1,6,華南永昌-頭份,2023-05-04,9343
2208,台船,6,0,6,華南永昌-頭份,2023-05-04,9343
2615,萬海,6,0,6,華南永昌-頭份,2023-05-04,9343
5465,富驊,6,0,6,華南永昌-頭份,2023-05-04,9343
2603,長榮,5,0,5,華南永昌-頭份,2023-05-04,9343
6456,GIS-KY,5,0,5,華南永昌-頭份,2023-05-04,9343
3374,精材,5,0,5,華南永昌-頭份,2023-05-04,9343
1312,國喬,5,0,5,華南永昌-頭份,2023-05-04,9343
1905,華紙,95,0,95,華南永昌-頭份,2023-05-05,9343
00673R,期元大S＆P原油反1,90,0,90,華南永昌-頭份,2023-05-05,9343
2495,普安,56,1,55,華南永昌-頭份,2023-05-05,9343
3047,訊舟,50,0,50,華南永昌-頭份,2023-05-05,9343
2317,鴻海,55,12,43,華南永昌-頭份,2023-05-05,9343
2359,所羅門,62,26,36,華南永昌-頭份,2023-05-05,9343
2634,漢翔,42,12,30,華南永昌-頭份,2023-05-05,9343
2886,兆豐金,30,0,30,華南永昌-頭份,2023-05-05,9343
6191,精成科,33,3,30,華南永昌-頭份,2023-05-05,9343
2353,宏��,26,1,25,華南永昌-頭份,2023-05-05,9343
2352,佳世達,23,1,22,華南永昌-頭份,2023-05-05,9343
3356,奇偶,21,1,20,華南永昌-頭份,2023-05-05,9343
6477,安集,20,0,20,華南永昌-頭份,2023-05-05,9343
3704,合勤控,18,0,18,華南永昌-頭份,2023-05-05,9343
00772B,中信高評級公司債,17,0,17,華南永昌-頭份,2023-05-05,9343
2610,華航,18,1,17,華南永昌-頭份,2023-05-05,9343
4942,嘉彰,18,1,17,華南永昌-頭份,2023-05-05,9343
00712,復華富時不動產,15,0,15,華南永昌-頭份,2023-05-05,9343
2002,中鋼,15,0,15,華南永昌-頭份,2023-05-05,9343
00878,國泰永續高股息,15,0,15,華南永昌-頭份,2023-05-05,9343
1605,華新,13,2,11,華南永昌-頭份,2023-05-05,9343
1301,台塑,11,0,11,華南永昌-頭份,2023-05-05,9343
4106,雃博,11,0,11,華南永昌-頭份,2023-05-05,9343
4510,高鋒,11,0,11,華南永昌-頭份,2023-05-05,9343
6456,GIS-KY,10,0,10,華南永昌-頭份,2023-05-05,9343
00670L,富邦NASDAQ正2,10,0,10,華南永昌-頭份,2023-05-05,9343
3141,晶宏,11,1,10,華南永昌-頭份,2023-05-05,9343
3167,大量,10,0,10,華南永昌-頭份,2023-05-05,9343
3576,聯合再生,10,0,10,華南永昌-頭份,2023-05-05,9343
6245,立端,12,2,10,華南永昌-頭份,2023-05-05,9343
4726,永昕,10,0,10,華南永昌-頭份,2023-05-05,9343
2891,中信金,10,0,10,華南永昌-頭份,2023-05-05,9343
8215,明基材,9,0,9,華南永昌-頭份,2023-05-05,9343
2606,裕民,10,1,9,華南永昌-頭份,2023-05-05,9343
5222,全訊,9,0,9,華南永昌-頭份,2023-05-05,9343
00679B,元大美債20年,8,0,8,華南永昌-頭份,2023-05-05,9343
1734,杏輝,9,1,8,華南永昌-頭份,2023-05-05,9343
4111,濟生,8,0,8,華南永昌-頭份,2023-05-05,9343
6111,大宇資,12,5,7,華南永昌-頭份,2023-05-05,9343
00751B,元大AAA至A公司債,7,0,7,華南永昌-頭份,2023-05-05,9343
6125,廣運,9,2,7,華南永昌-頭份,2023-05-05,9343
1752,南光,6,0,6,華南永昌-頭份,2023-05-05,9343
3029,零壹,21,15,6,華南永昌-頭份,2023-05-05,9343
8121,越峰,10,4,6,華南永昌-頭份,2023-05-05,9343
1529,樂事綠能,6,1,5,華南永昌-頭份,2023-05-05,9343
1504,東元,7,2,5,華南永昌-頭份,2023-05-05,9343
2208,台船,7,2,5,華南永昌-頭份,2023-05-05,9343
2344,華邦電,8,3,5,華南永昌-頭份,2023-05-05,9343
2345,智邦,5,0,5,華南永昌-頭份,2023-05-05,9343
2913,農林,13,8,5,華南永昌-頭份,2023-05-05,9343
3481,群創,59,8,51,華南永昌-頭份,2023-05-08,9343
3047,訊舟,50,0,50,華南永昌-頭份,2023-05-08,9343
4744,皇將,50,6,44,華南永昌-頭份,2023-05-08,9343
6125,廣運,44,2,42,華南永昌-頭份,2023-05-08,9343
5309,系統電,31,0,31,華南永昌-頭份,2023-05-08,9343
9933,中鼎,31,0,31,華南永昌-頭份,2023-05-08,9343
2609,陽明,25,1,24,華南永昌-頭份,2023-05-08,9343
9958,世紀鋼,23,1,22,華南永昌-頭份,2023-05-08,9343
3005,神基,30,8,22,華南永昌-頭份,2023-05-08,9343
1310,台苯,21,1,20,華南永昌-頭份,2023-05-08,9343
4161,聿新科,21,1,20,華南永昌-頭份,2023-05-08,9343
6163,華電網,16,0,16,華南永昌-頭份,2023-05-08,9343
1605,華新,41,26,15,華南永昌-頭份,2023-05-08,9343
2449,京元電子,15,0,15,華南永昌-頭份,2023-05-08,9343
1810,和成,32,18,14,華南永昌-頭份,2023-05-08,9343
2515,中工,12,0,12,華南永昌-頭份,2023-05-08,9343
2027,大成鋼,12,0,12,華南永昌-頭份,2023-05-08,9343
1319,東陽,29,18,11,華南永昌-頭份,2023-05-08,9343
1434,福懋,10,0,10,華南永昌-頭份,2023-05-08,9343
00679B,元大美債20年,10,0,10,華南永昌-頭份,2023-05-08,9343
1809,中釉,10,0,10,華南永昌-頭份,2023-05-08,9343
2104,國際中橡,10,0,10,華南永昌-頭份,2023-05-08,9343
2820,華票,10,0,10,華南永昌-頭份,2023-05-08,9343
3078,僑威,10,0,10,華南永昌-頭份,2023-05-08,9343
3230,錦明,10,0,10,華南永昌-頭份,2023-05-08,9343
6284,佳邦,10,0,10,華南永昌-頭份,2023-05-08,9343
2344,華邦電,9,0,9,華南永昌-頭份,2023-05-08,9343
2492,華新科,10,1,9,華南永昌-頭份,2023-05-08,9343
2495,普安,9,0,9,華南永昌-頭份,2023-05-08,9343
6214,精誠,14,5,9,華南永昌-頭份,2023-05-08,9343
2457,飛宏,16,7,9,華南永昌-頭份,2023-05-08,9343
00878,國泰永續高股息,18,10,8,華南永昌-頭份,2023-05-08,9343
1307,三芳,8,1,7,華南永昌-頭份,2023-05-08,9343
1710,東聯,7,0,7,華南永昌-頭份,2023-05-08,9343
1762,中化生,21,14,7,華南永昌-頭份,2023-05-08,9343
2630,亞航,7,0,7,華南永昌-頭份,2023-05-08,9343
4114,健喬,9,2,7,華南永昌-頭份,2023-05-08,9343
4128,中天,7,0,7,華南永昌-頭份,2023-05-08,9343
4123,晟德,9,2,7,華南永昌-頭份,2023-05-08,9343
2303,聯電,20,14,6,華南永昌-頭份,2023-05-08,9343
4109,加捷生醫,6,0,6,華南永昌-頭份,2023-05-08,9343
5465,富驊,11,5,6,華南永昌-頭份,2023-05-08,9343
6111,大宇資,9,3,6,華南永昌-頭份,2023-05-08,9343
3029,零壹,14,8,6,華南永昌-頭份,2023-05-08,9343
4726,永昕,5,0,5,華南永昌-頭份,2023-05-08,9343
1513,中興電,9,4,5,華南永昌-頭份,2023-05-08,9343
00673R,期元大S＆P原油反1,5,0,5,華南永昌-頭份,2023-05-08,9343
2371,大同,9,4,5,華南永昌-頭份,2023-05-08,9343
2436,偉詮電,5,0,5,華南永昌-頭份,2023-05-08,9343
3088,艾訊,10,5,5,華南永昌-頭份,2023-05-08,9343
1709,和益,152,0,152,華南永昌-頭份,2023-05-09,9343
3230,錦明,105,0,105,華南永昌-頭份,2023-05-09,9343
6244,茂迪,69,15,54,華南永昌-頭份,2023-05-09,9343
00878,國泰永續高股息,51,4,47,華南永昌-頭份,2023-05-09,9343
6477,安集,44,7,37,華南永昌-頭份,2023-05-09,9343
3149,正達,35,0,35,華南永昌-頭份,2023-05-09,9343
00679B,元大美債20年,32,0,32,華南永昌-頭份,2023-05-09,9343
5321,美而快,32,0,32,華南永昌-頭份,2023-05-09,9343
6125,廣運,26,1,25,華南永昌-頭份,2023-05-09,9343
1720,生達,24,0,24,華南永昌-頭份,2023-05-09,9343
5309,系統電,24,0,24,華南永昌-頭份,2023-05-09,9343
6443,元晶,26,2,24,華南永昌-頭份,2023-05-09,9343
2027,大成鋼,23,0,23,華南永昌-頭份,2023-05-09,9343
6179,亞通,35,12,23,華南永昌-頭份,2023-05-09,9343
3624,光頡,21,0,21,華南永昌-頭份,2023-05-09,9343
1218,泰山,23,2,21,華南永昌-頭份,2023-05-09,9343
1310,台苯,21,0,21,華南永昌-頭份,2023-05-09,9343
2880,華南金,21,0,21,華南永昌-頭份,2023-05-09,9343
2408,南亞科,20,0,20,華南永昌-頭份,2023-05-09,9343
2420,新巨,20,0,20,華南永昌-頭份,2023-05-09,9343
2886,兆豐金,20,0,20,華南永昌-頭份,2023-05-09,9343
3715,定穎投控,26,11,15,華南永昌-頭份,2023-05-09,9343
3088,艾訊,15,0,15,華南永昌-頭份,2023-05-09,9343
4128,中天,15,0,15,華南永昌-頭份,2023-05-09,9343
6112,邁達特,31,16,15,華南永昌-頭份,2023-05-09,9343
6127,九豪,15,0,15,華南永昌-頭份,2023-05-09,9343
1609,大亞,44,29,15,華南永昌-頭份,2023-05-09,9343
3037,欣興,12,0,12,華南永昌-頭份,2023-05-09,9343
1101,台泥,24,13,11,華南永昌-頭份,2023-05-09,9343
3078,僑威,12,1,11,華南永昌-頭份,2023-05-09,9343
6547,高端疫苗,10,0,10,華南永昌-頭份,2023-05-09,9343
1809,中釉,10,0,10,華南永昌-頭份,2023-05-09,9343
2031,新光鋼,10,0,10,華南永昌-頭份,2023-05-09,9343
3032,偉訓,20,10,10,華南永昌-頭份,2023-05-09,9343
5864,致和證,10,0,10,華南永昌-頭份,2023-05-09,9343
8121,越峰,10,0,10,華南永昌-頭份,2023-05-09,9343
3141,晶宏,10,1,9,華南永昌-頭份,2023-05-09,9343
1519,華城,58,50,8,華南永昌-頭份,2023-05-09,9343
2425,承啟,8,0,8,華南永昌-頭份,2023-05-09,9343
3025,星通,8,0,8,華南永昌-頭份,2023-05-09,9343
8926,台汽電,8,0,8,華南永昌-頭份,2023-05-09,9343
3049,精金,7,0,7,華南永昌-頭份,2023-05-09,9343
2461,光群雷,7,0,7,華南永昌-頭份,2023-05-09,9343
4114,健喬,7,0,7,華南永昌-頭份,2023-05-09,9343
6160,欣技,7,0,7,華南永昌-頭份,2023-05-09,9343
8436,大江,7,0,7,華南永昌-頭份,2023-05-09,9343
3443,創意,10,4,6,華南永昌-頭份,2023-05-09,9343
1584,精剛,9,3,6,華南永昌-頭份,2023-05-09,9343
3047,訊舟,6,0,6,華南永昌-頭份,2023-05-09,9343
5284,jpp-KY,10,4,6,華南永昌-頭份,2023-05-09,9343
2618,長榮航,127,7,120,華南永昌-頭份,2023-05-10,9343
2353,宏��,102,2,100,華南永昌-頭份,2023-05-10,9343
1709,和益,85,0,85,華南永昌-頭份,2023-05-10,9343
2886,兆豐金,60,1,59,華南永昌-頭份,2023-05-10,9343
3047,訊舟,58,0,58,華南永昌-頭份,2023-05-10,9343
3711,日月光投控,70,20,50,華南永昌-頭份,2023-05-10,9343
00878,國泰永續高股息,45,0,45,華南永昌-頭份,2023-05-10,9343
6213,聯茂,30,0,30,華南永昌-頭份,2023-05-10,9343
1503,士電,27,1,26,華南永昌-頭份,2023-05-10,9343
9945,潤泰新,25,0,25,華南永昌-頭份,2023-05-10,9343
6244,茂迪,30,12,18,華南永昌-頭份,2023-05-10,9343
2610,華航,22,8,14,華南永昌-頭份,2023-05-10,9343
00665L,富邦�琤肭磪囓�2,14,0,14,華南永昌-頭份,2023-05-10,9343
00753L,中信中國50正2,12,0,12,華南永昌-頭份,2023-05-10,9343
3576,聯合再生,12,0,12,華南永昌-頭份,2023-05-10,9343
6235,華孚,24,13,11,華南永昌-頭份,2023-05-10,9343
00713,元大台灣高息低波,21,10,11,華南永昌-頭份,2023-05-10,9343
2368,金像電,12,1,11,華南永昌-頭份,2023-05-10,9343
5245,智晶,11,0,11,華南永昌-頭份,2023-05-10,9343
00673R,期元大S＆P原油反1,10,0,10,華南永昌-頭份,2023-05-10,9343
00907,永豐優息存股,10,0,10,華南永昌-頭份,2023-05-10,9343
3046,建��,16,6,10,華南永昌-頭份,2023-05-10,9343
3088,艾訊,10,0,10,華南永昌-頭份,2023-05-10,9343
3707,漢磊,10,0,10,華南永昌-頭份,2023-05-10,9343
5864,致和證,10,0,10,華南永昌-頭份,2023-05-10,9343
00885,富邦越南,8,0,8,華南永昌-頭份,2023-05-10,9343
1609,大亞,44,36,8,華南永昌-頭份,2023-05-10,9343
00637L,元大滬深300正2,9,2,7,華南永昌-頭份,2023-05-10,9343
00877,復華中國5G,7,0,7,華南永昌-頭份,2023-05-10,9343
2344,華邦電,7,0,7,華南永昌-頭份,2023-05-10,9343
3013,晟銘電,10,3,7,華南永昌-頭份,2023-05-10,9343
3017,奇鋐,10,3,7,華南永昌-頭份,2023-05-10,9343
5309,系統電,8,1,7,華南永昌-頭份,2023-05-10,9343
5443,均豪,7,0,7,華南永昌-頭份,2023-05-10,9343
6179,亞通,8,1,7,華南永昌-頭份,2023-05-10,9343
00679B,元大美債20年,6,0,6,華南永昌-頭份,2023-05-10,9343
1784,訊聯,6,0,6,華南永昌-頭份,2023-05-10,9343
3029,零壹,9,3,6,華南永昌-頭份,2023-05-10,9343
3071,協禧,16,10,6,華南永昌-頭份,2023-05-10,9343
4979,華星光,14,8,6,華南永昌-頭份,2023-05-10,9343
5222,全訊,6,0,6,華南永昌-頭份,2023-05-10,9343
1303,南亞,5,0,5,華南永昌-頭份,2023-05-10,9343
1809,中釉,5,0,5,華南永昌-頭份,2023-05-10,9343
2231,為升,5,0,5,華南永昌-頭份,2023-05-10,9343
2645,長榮航太,5,0,5,華南永昌-頭份,2023-05-10,9343
3035,智原,5,0,5,華南永昌-頭份,2023-05-10,9343
3089,億杰,5,0,5,華南永昌-頭份,2023-05-10,9343
3202,樺晟,13,8,5,華南永昌-頭份,2023-05-10,9343
4173,久裕,6,1,5,華南永昌-頭份,2023-05-10,9343
6203,海韻電,5,0,5,華南永昌-頭份,2023-05-10,9343
3481,群創,80,3,77,華南永昌-頭份,2023-05-11,9343
00715L,期街口布蘭特正2,71,0,71,華南永昌-頭份,2023-05-11,9343
2886,兆豐金,70,0,70,華南永昌-頭份,2023-05-11,9343
1503,士電,69,0,69,華南永昌-頭份,2023-05-11,9343
1709,和益,65,0,65,華南永昌-頭份,2023-05-11,9343
00878,國泰永續高股息,64,0,64,華南永昌-頭份,2023-05-11,9343
6167,久正,66,6,60,華南永昌-頭份,2023-05-11,9343
1310,台苯,58,0,58,華南永昌-頭份,2023-05-11,9343
1907,永豐餘,51,0,51,華南永昌-頭份,2023-05-11,9343
2495,普安,38,1,37,華南永昌-頭份,2023-05-11,9343
6160,欣技,42,8,34,華南永昌-頭份,2023-05-11,9343
2609,陽明,134,101,33,華南永昌-頭份,2023-05-11,9343
6477,安集,33,0,33,華南永昌-頭份,2023-05-11,9343
6127,九豪,25,0,25,華南永昌-頭份,2023-05-11,9343
6285,啟��,25,0,25,華南永昌-頭份,2023-05-11,9343
6213,聯茂,21,0,21,華南永昌-頭份,2023-05-11,9343
1609,大亞,35,14,21,華南永昌-頭份,2023-05-11,9343
3230,錦明,20,0,20,華南永昌-頭份,2023-05-11,9343
2313,華通,20,3,17,華南永昌-頭份,2023-05-11,9343
2630,亞航,32,15,17,華南永昌-頭份,2023-05-11,9343
1514,亞力,18,2,16,華南永昌-頭份,2023-05-11,9343
1810,和成,18,2,16,華南永昌-頭份,2023-05-11,9343
2606,裕民,16,0,16,華南永昌-頭份,2023-05-11,9343
5309,系統電,17,1,16,華南永昌-頭份,2023-05-11,9343
1905,華紙,15,0,15,華南永昌-頭份,2023-05-11,9343
2014,中鴻,15,0,15,華南永昌-頭份,2023-05-11,9343
3264,欣銓,15,0,15,華南永昌-頭份,2023-05-11,9343
1513,中興電,20,6,14,華南永昌-頭份,2023-05-11,9343
3034,聯詠,13,0,13,華南永昌-頭份,2023-05-11,9343
6185,幃翔,13,0,13,華南永昌-頭份,2023-05-11,9343
4958,臻鼎-KY,12,0,12,華南永昌-頭份,2023-05-11,9343
1218,泰山,11,0,11,華南永昌-頭份,2023-05-11,9343
3322,建舜電,11,0,11,華南永昌-頭份,2023-05-11,9343
6456,GIS-KY,11,0,11,華南永昌-頭份,2023-05-11,9343
3049,精金,10,0,10,華南永昌-頭份,2023-05-11,9343
00642U,期元大S＆P石油,10,0,10,華南永昌-頭份,2023-05-11,9343
1783,和康生,11,1,10,華南永昌-頭份,2023-05-11,9343
1809,中釉,10,0,10,華南永昌-頭份,2023-05-11,9343
2031,新光鋼,10,0,10,華南永昌-頭份,2023-05-11,9343
3162,精確,10,0,10,華南永昌-頭份,2023-05-11,9343
3224,三顧,10,0,10,華南永昌-頭份,2023-05-11,9343
3498,陽程,10,0,10,華南永昌-頭份,2023-05-11,9343
4130,健亞,13,3,10,華南永昌-頭份,2023-05-11,9343
4552,力達-KY,10,0,10,華南永昌-頭份,2023-05-11,9343
4744,皇將,12,2,10,華南永昌-頭份,2023-05-11,9343
6218,豪勉,15,5,10,華南永昌-頭份,2023-05-11,9343
6220,岳豐,10,0,10,華南永昌-頭份,2023-05-11,9343
2329,華泰,9,0,9,華南永昌-頭份,2023-05-11,9343
3029,零壹,10,1,9,華南永昌-頭份,2023-05-11,9343
1304,台聚,8,0,8,華南永昌-頭份,2023-05-11,9343
5371,中光電,101,0,101,華南永昌-頭份,2023-05-12,9343
00712,復華富時不動產,58,0,58,華南永昌-頭份,2023-05-12,9343
2014,中鴻,41,0,41,華南永昌-頭份,2023-05-12,9343
2376,技嘉,41,0,41,華南永昌-頭份,2023-05-12,9343
00715L,期街口布蘭特正2,39,0,39,華南永昌-頭份,2023-05-12,9343
3231,緯創,45,14,31,華南永昌-頭份,2023-05-12,9343
2886,兆豐金,29,0,29,華南永昌-頭份,2023-05-12,9343
2888,新光金,30,5,25,華南永昌-頭份,2023-05-12,9343
3230,錦明,25,0,25,華南永昌-頭份,2023-05-12,9343
1709,和益,21,0,21,華南永昌-頭份,2023-05-12,9343
00878,國泰永續高股息,42,22,20,華南永昌-頭份,2023-05-12,9343
2317,鴻海,30,12,18,華南永昌-頭份,2023-05-12,9343
9945,潤泰新,12,0,12,華南永昌-頭份,2023-05-12,9343
3481,群創,24,12,12,華南永昌-頭份,2023-05-12,9343
3576,聯合再生,11,0,11,華南永昌-頭份,2023-05-12,9343
2107,厚生,11,0,11,華南永昌-頭份,2023-05-12,9343
6167,久正,11,0,11,華南永昌-頭份,2023-05-12,9343
2049,上銀,10,0,10,華南永昌-頭份,2023-05-12,9343
2409,友達,10,0,10,華南永昌-頭份,2023-05-12,9343
3498,陽程,10,0,10,華南永昌-頭份,2023-05-12,9343
4916,事欣科,10,0,10,華南永昌-頭份,2023-05-12,9343
5302,太欣,10,0,10,華南永昌-頭份,2023-05-12,9343
6112,邁達特,19,9,10,華南永昌-頭份,2023-05-12,9343
2743,山富,23,14,9,華南永昌-頭份,2023-05-12,9343
00637L,元大滬深300正2,8,0,8,華南永昌-頭份,2023-05-12,9343
1301,台塑,8,0,8,華南永昌-頭份,2023-05-12,9343
1608,華榮,11,3,8,華南永昌-頭份,2023-05-12,9343
2331,精英,9,1,8,華南永昌-頭份,2023-05-12,9343
2630,亞航,15,7,8,華南永昌-頭份,2023-05-12,9343
1609,大亞,57,50,7,華南永昌-頭份,2023-05-12,9343
2303,聯電,14,7,7,華南永昌-頭份,2023-05-12,9343
2880,華南金,7,0,7,華南永昌-頭份,2023-05-12,9343
2906,高林,7,0,7,華南永昌-頭份,2023-05-12,9343
1712,興農,6,0,6,華南永昌-頭份,2023-05-12,9343
2313,華通,6,0,6,華南永昌-頭份,2023-05-12,9343
4979,華星光,9,3,6,華南永昌-頭份,2023-05-12,9343
6414,樺漢,6,0,6,華南永昌-頭份,2023-05-12,9343
6770,力積電,6,0,6,華南永昌-頭份,2023-05-12,9343
1101,台泥,5,0,5,華南永昌-頭份,2023-05-12,9343
00640L,富邦日本正2,5,0,5,華南永昌-頭份,2023-05-12,9343
00900,富邦特選高股息30,5,0,5,華南永昌-頭份,2023-05-12,9343
2236,百達-KY,5,0,5,華南永昌-頭份,2023-05-12,9343
2745,五福,5,0,5,華南永昌-頭份,2023-05-12,9343
3376,新日興,5,0,5,華南永昌-頭份,2023-05-12,9343
5258,虹堡,7,2,5,華南永昌-頭份,2023-05-12,9343
1218,泰山,4,0,4,華南永昌-頭份,2023-05-12,9343
2002,中鋼,4,0,4,華南永昌-頭份,2023-05-12,9343
1701,中化,4,0,4,華南永昌-頭份,2023-05-12,9343
00631L,元大台灣50正2,4,0,4,華南永昌-頭份,2023-05-12,9343
2421,建準,8,4,4,華南永昌-頭份,2023-05-12,9343
1609,大亞,138,8,130,華南永昌-頭份,2023-05-15,9343
2834,臺企銀,105,0,105,華南永昌-頭份,2023-05-15,9343
00632R,元大台灣50反1,100,0,100,華南永昌-頭份,2023-05-15,9343
00640L,富邦日本正2,85,0,85,華南永昌-頭份,2023-05-15,9343
5351,鈺創,49,0,49,華南永昌-頭份,2023-05-15,9343
5371,中光電,46,0,46,華南永昌-頭份,2023-05-15,9343
1709,和益,41,0,41,華南永昌-頭份,2023-05-15,9343
00878,國泰永續高股息,39,1,38,華南永昌-頭份,2023-05-15,9343
6235,華孚,66,34,32,華南永昌-頭份,2023-05-15,9343
9945,潤泰新,25,0,25,華南永昌-頭份,2023-05-15,9343
1310,台苯,24,1,23,華南永昌-頭份,2023-05-15,9343
2457,飛宏,50,27,23,華南永昌-頭份,2023-05-15,9343
00715L,期街口布蘭特正2,40,18,22,華南永昌-頭份,2023-05-15,9343
00713,元大台灣高息低波,18,0,18,華南永昌-頭份,2023-05-15,9343
2618,長榮航,18,0,18,華南永昌-頭份,2023-05-15,9343
3704,合勤控,18,0,18,華南永昌-頭份,2023-05-15,9343
4306,炎洲,17,0,17,華南永昌-頭份,2023-05-15,9343
2371,大同,61,45,16,華南永昌-頭份,2023-05-15,9343
2421,建準,20,5,15,華南永昌-頭份,2023-05-15,9343
2606,裕民,16,1,15,華南永昌-頭份,2023-05-15,9343
0056,元大高股息,10,0,10,華南永昌-頭份,2023-05-15,9343
2489,瑞軒,12,2,10,華南永昌-頭份,2023-05-15,9343
6122,擎邦,17,7,10,華南永昌-頭份,2023-05-15,9343
00720B,元大投資級公司債,10,0,10,華南永昌-頭份,2023-05-15,9343
00665L,富邦�琤肭磪囓�2,10,0,10,華南永昌-頭份,2023-05-15,9343
1809,中釉,10,0,10,華南永昌-頭份,2023-05-15,9343
2433,互盛電,10,0,10,華南永昌-頭份,2023-05-15,9343
2498,宏達電,10,0,10,華南永昌-頭份,2023-05-15,9343
5905,南仁湖,10,0,10,華南永昌-頭份,2023-05-15,9343
6577,勁豐,10,0,10,華南永昌-頭份,2023-05-15,9343
6285,啟��,10,1,9,華南永昌-頭份,2023-05-15,9343
2603,長榮,9,0,9,華南永昌-頭份,2023-05-15,9343
2317,鴻海,9,0,9,華南永昌-頭份,2023-05-15,9343
6547,高端疫苗,10,1,9,華南永昌-頭份,2023-05-15,9343
00637L,元大滬深300正2,9,0,9,華南永昌-頭份,2023-05-15,9343
4979,華星光,10,1,9,華南永昌-頭份,2023-05-15,9343
1301,台塑,8,0,8,華南永昌-頭份,2023-05-15,9343
2352,佳世達,7,0,7,華南永昌-頭份,2023-05-15,9343
2373,震旦行,7,0,7,華南永昌-頭份,2023-05-15,9343
2630,亞航,7,0,7,華南永昌-頭份,2023-05-15,9343
2883,凱基金,7,0,7,華南永昌-頭份,2023-05-15,9343
4966,譜瑞-KY,7,0,7,華南永昌-頭份,2023-05-15,9343
8038,長園科,7,0,7,華南永昌-頭份,2023-05-15,9343
8299,群聯,6,0,6,華南永昌-頭份,2023-05-15,9343
00683L,期元大美元指正2,6,0,6,華南永昌-頭份,2023-05-15,9343
2401,凌陽,6,0,6,華南永昌-頭份,2023-05-15,9343
3376,新日興,6,0,6,華南永昌-頭份,2023-05-15,9343
4908,前鼎,7,1,6,華南永昌-頭份,2023-05-15,9343
6194,育富,7,1,6,華南永昌-頭份,2023-05-15,9343
1108,幸福,5,0,5,華南永昌-頭份,2023-05-15,9343
2834,臺企銀,100,0,100,華南永昌-頭份,2023-05-16,9343
00772B,中信高評級公司債,91,0,91,華南永昌-頭份,2023-05-16,9343
3047,訊舟,80,0,80,華南永昌-頭份,2023-05-16,9343
1709,和益,100,42,58,華南永昌-頭份,2023-05-16,9343
00676R,富邦臺灣加權反1,54,0,54,華南永昌-頭份,2023-05-16,9343
00720B,元大投資級公司債,53,0,53,華南永昌-頭份,2023-05-16,9343
1735,日勝化,53,3,50,華南永昌-頭份,2023-05-16,9343
00632R,元大台灣50反1,43,0,43,華南永昌-頭份,2023-05-16,9343
1815,富喬,30,0,30,華南永昌-頭份,2023-05-16,9343
4908,前鼎,31,1,30,華南永昌-頭份,2023-05-16,9343
1310,台苯,28,1,27,華南永昌-頭份,2023-05-16,9343
00679B,元大美債20年,25,0,25,華南永昌-頭份,2023-05-16,9343
00713,元大台灣高息低波,30,6,24,華南永昌-頭份,2023-05-16,9343
5371,中光電,24,0,24,華南永昌-頭份,2023-05-16,9343
2317,鴻海,21,0,21,華南永昌-頭份,2023-05-16,9343
6248,沛波,22,1,21,華南永昌-頭份,2023-05-16,9343
00640L,富邦日本正2,20,0,20,華南永昌-頭份,2023-05-16,9343
00919,群益台灣精選高息,20,0,20,華南永昌-頭份,2023-05-16,9343
1605,華新,20,0,20,華南永昌-頭份,2023-05-16,9343
8086,宏捷科,18,0,18,華南永昌-頭份,2023-05-16,9343
2006,東和鋼鐵,16,0,16,華南永昌-頭份,2023-05-16,9343
00878,國泰永續高股息,50,34,16,華南永昌-頭份,2023-05-16,9343
2303,聯電,16,2,14,華南永昌-頭份,2023-05-16,9343
8076,伍豐,13,1,12,華南永昌-頭份,2023-05-16,9343
2603,長榮,11,0,11,華南永昌-頭份,2023-05-16,9343
00670L,富邦NASDAQ正2,10,0,10,華南永昌-頭份,2023-05-16,9343
8050,廣積,10,0,10,華南永昌-頭份,2023-05-16,9343
3308,聯德,9,0,9,華南永昌-頭份,2023-05-16,9343
3479,安勤,14,6,8,華南永昌-頭份,2023-05-16,9343
2368,金像電,8,0,8,華南永昌-頭份,2023-05-16,9343
3592,瑞鼎,7,0,7,華南永昌-頭份,2023-05-16,9343
6770,力積電,8,2,6,華南永昌-頭份,2023-05-16,9343
3058,立德,6,0,6,華南永昌-頭份,2023-05-16,9343
4743,合一,6,0,6,華南永昌-頭份,2023-05-16,9343
6220,岳豐,6,0,6,華南永昌-頭份,2023-05-16,9343
00882,中信中國高股息,5,0,5,華南永昌-頭份,2023-05-16,9343
1809,中釉,5,0,5,華南永昌-頭份,2023-05-16,9343
2103,台橡,5,0,5,華南永昌-頭份,2023-05-16,9343
2208,台船,7,2,5,華南永昌-頭份,2023-05-16,9343
2421,建準,22,17,5,華南永昌-頭份,2023-05-16,9343
6239,力成,5,0,5,華南永昌-頭份,2023-05-16,9343
6550,北極星藥業-KY,5,0,5,華南永昌-頭份,2023-05-16,9343
4919,新唐,6,2,4,華南永昌-頭份,2023-05-16,9343
1905,華紙,15,11,4,華南永昌-頭份,2023-05-16,9343
2471,資通,5,1,4,華南永昌-頭份,2023-05-16,9343
2609,陽明,4,0,4,華南永昌-頭份,2023-05-16,9343
2615,萬海,4,0,4,華南永昌-頭份,2023-05-16,9343
3022,威強電,5,1,4,華南永昌-頭份,2023-05-16,9343
3540,曜越,4,0,4,華南永昌-頭份,2023-05-16,9343
4129,聯合,4,0,4,華南永昌-頭份,2023-05-16,9343
00632R,元大台灣50反1,226,50,176,華南永昌-頭份,2023-05-17,9343
2888,新光金,100,4,96,華南永昌-頭份,2023-05-17,9343
3207,耀勝,112,52,60,華南永昌-頭份,2023-05-17,9343
2367,燿華,40,5,35,華南永昌-頭份,2023-05-17,9343
1709,和益,30,0,30,華南永昌-頭份,2023-05-17,9343
4908,前鼎,30,0,30,華南永昌-頭份,2023-05-17,9343
2402,毅嘉,29,7,22,華南永昌-頭份,2023-05-17,9343
00640L,富邦日本正2,20,0,20,華南永昌-頭份,2023-05-17,9343
00673R,期元大S＆P原油反1,21,3,18,華南永昌-頭份,2023-05-17,9343
00665L,富邦�琤肭磪囓�2,20,2,18,華南永昌-頭份,2023-05-17,9343
2606,裕民,17,0,17,華南永昌-頭份,2023-05-17,9343
1734,杏輝,15,0,15,華南永昌-頭份,2023-05-17,9343
5351,鈺創,14,2,12,華南永昌-頭份,2023-05-17,9343
2736,富野,22,11,11,華南永昌-頭份,2023-05-17,9343
3715,定穎投控,22,12,10,華南永昌-頭份,2023-05-17,9343
00680L,元大美債20正2,10,0,10,華南永昌-頭份,2023-05-17,9343
00679B,元大美債20年,10,0,10,華南永昌-頭份,2023-05-17,9343
00919,群益台灣精選高息,10,0,10,華南永昌-頭份,2023-05-17,9343
00772B,中信高評級公司債,11,1,10,華南永昌-頭份,2023-05-17,9343
1522,堤維西,10,0,10,華南永昌-頭份,2023-05-17,9343
1608,華榮,29,19,10,華南永昌-頭份,2023-05-17,9343
1905,華紙,13,3,10,華南永昌-頭份,2023-05-17,9343
5706,鳳凰,20,10,10,華南永昌-頭份,2023-05-17,9343
1519,華城,15,7,8,華南永昌-頭份,2023-05-17,9343
2495,普安,12,4,8,華南永昌-頭份,2023-05-17,9343
00878,國泰永續高股息,24,16,8,華南永昌-頭份,2023-05-17,9343
4128,中天,7,0,7,華南永昌-頭份,2023-05-17,9343
00631L,元大台灣50正2,14,8,6,華南永昌-頭份,2023-05-17,9343
1612,宏泰,7,1,6,華南永昌-頭份,2023-05-17,9343
1727,中華化,6,0,6,華南永昌-頭份,2023-05-17,9343
2603,長榮,5,0,5,華南永昌-頭份,2023-05-17,9343
00712,復華富時不動產,7,2,5,華南永昌-頭份,2023-05-17,9343
00637L,元大滬深300正2,5,0,5,華南永昌-頭份,2023-05-17,9343
00642U,期元大S＆P石油,5,0,5,華南永昌-頭份,2023-05-17,9343
1721,三晃,6,1,5,華南永昌-頭份,2023-05-17,9343
2313,華通,5,0,5,華南永昌-頭份,2023-05-17,9343
2340,台亞,5,0,5,華南永昌-頭份,2023-05-17,9343
2353,宏��,5,0,5,華南永昌-頭份,2023-05-17,9343
2745,五福,5,0,5,華南永昌-頭份,2023-05-17,9343
3380,明泰,5,0,5,華南永昌-頭份,2023-05-17,9343
3406,玉晶光,5,0,5,華南永昌-頭份,2023-05-17,9343
3673,TPK-KY,6,1,5,華南永昌-頭份,2023-05-17,9343
4968,立積,7,2,5,華南永昌-頭份,2023-05-17,9343
6218,豪勉,11,6,5,華南永昌-頭份,2023-05-17,9343
6535,順藥,5,0,5,華南永昌-頭份,2023-05-17,9343
8358,金居,5,0,5,華南永昌-頭份,2023-05-17,9343
4743,合一,6,1,5,華南永昌-頭份,2023-05-17,9343
2482,連宇,5,1,4,華南永昌-頭份,2023-05-17,9343
2722,夏都,4,0,4,華南永昌-頭份,2023-05-17,9343
2887,台新金,13,9,4,華南永昌-頭份,2023-05-17,9343
00632R,元大台灣50反1,145,50,95,華南永昌-頭份,2023-05-18,9343
2204,中華,35,0,35,華南永昌-頭份,2023-05-18,9343
1101,台泥,31,0,31,華南永昌-頭份,2023-05-18,9343
2427,三商電,30,0,30,華南永昌-頭份,2023-05-18,9343
3704,合勤控,45,21,24,華南永昌-頭份,2023-05-18,9343
4908,前鼎,25,1,24,華南永昌-頭份,2023-05-18,9343
00690,兆豐藍籌30,25,2,23,華南永昌-頭份,2023-05-18,9343
4967,十銓,29,6,23,華南永昌-頭份,2023-05-18,9343
6122,擎邦,33,10,23,華南永昌-頭份,2023-05-18,9343
2515,中工,22,0,22,華南永昌-頭份,2023-05-18,9343
4931,新盛力,22,1,21,華南永昌-頭份,2023-05-18,9343
6443,元晶,20,0,20,華南永昌-頭份,2023-05-18,9343
00878,國泰永續高股息,30,15,15,華南永昌-頭份,2023-05-18,9343
1319,東陽,15,0,15,華南永昌-頭份,2023-05-18,9343
2393,億光,15,0,15,華南永昌-頭份,2023-05-18,9343
1504,東元,56,41,15,華南永昌-頭份,2023-05-18,9343
2457,飛宏,23,10,13,華南永昌-頭份,2023-05-18,9343
6235,華孚,63,51,12,華南永昌-頭份,2023-05-18,9343
3202,樺晟,11,0,11,華南永昌-頭份,2023-05-18,9343
6266,泰詠,16,6,10,華南永昌-頭份,2023-05-18,9343
00676R,富邦臺灣加權反1,10,0,10,華南永昌-頭份,2023-05-18,9343
3710,連展投控,10,0,10,華南永昌-頭份,2023-05-18,9343
4402,郡都開發,10,0,10,華南永昌-頭份,2023-05-18,9343
6672,騰輝電子-KY,10,0,10,華南永昌-頭份,2023-05-18,9343
00753L,中信中國50正2,9,0,9,華南永昌-頭份,2023-05-18,9343
2421,建準,11,2,9,華南永昌-頭份,2023-05-18,9343
2323,中環,16,8,8,華南永昌-頭份,2023-05-18,9343
2897,王道銀行,8,0,8,華南永昌-頭份,2023-05-18,9343
00637L,元大滬深300正2,7,0,7,華南永昌-頭份,2023-05-18,9343
2409,友達,7,0,7,華南永昌-頭份,2023-05-18,9343
3715,定穎投控,7,0,7,華南永昌-頭份,2023-05-18,9343
5310,天剛,7,0,7,華南永昌-頭份,2023-05-18,9343
2887,台新金,7,0,7,華南永昌-頭份,2023-05-18,9343
3362,先進光,9,3,6,華南永昌-頭份,2023-05-18,9343
3466,德晉,6,0,6,華南永昌-頭份,2023-05-18,9343
0050,元大台灣50,10,4,6,華南永昌-頭份,2023-05-18,9343
9958,世紀鋼,5,0,5,華南永昌-頭份,2023-05-18,9343
2425,承啟,5,0,5,華南永昌-頭份,2023-05-18,9343
2495,普安,5,0,5,華南永昌-頭份,2023-05-18,9343
2606,裕民,5,0,5,華南永昌-頭份,2023-05-18,9343
2801,彰銀,15,10,5,華南永昌-頭份,2023-05-18,9343
3027,盛達,15,10,5,華南永昌-頭份,2023-05-18,9343
3308,聯德,5,0,5,華南永昌-頭份,2023-05-18,9343
5434,崇越,5,0,5,華南永昌-頭份,2023-05-18,9343
5511,德昌,5,0,5,華南永昌-頭份,2023-05-18,9343
6405,悅城,5,0,5,華南永昌-頭份,2023-05-18,9343
6535,順藥,5,0,5,華南永昌-頭份,2023-05-18,9343
6752,叡揚,6,1,5,華南永昌-頭份,2023-05-18,9343
6244,茂迪,5,1,4,華南永昌-頭份,2023-05-18,9343
3071,協禧,5,1,4,華南永昌-頭份,2023-05-18,9343
1609,大亞,206,11,195,華南永昌-頭份,2023-05-19,9343
3704,合勤控,142,2,140,華南永昌-頭份,2023-05-19,9343
4541,晟田,106,1,105,華南永昌-頭份,2023-05-19,9343
2317,鴻海,71,0,71,華南永昌-頭份,2023-05-19,9343
00882,中信中國高股息,58,0,58,華南永昌-頭份,2023-05-19,9343
1711,永光,55,3,52,華南永昌-頭份,2023-05-19,9343
1605,華新,47,6,41,華南永昌-頭份,2023-05-19,9343
6229,研通,32,1,31,華南永昌-頭份,2023-05-19,9343
5009,榮剛,38,14,24,華南永昌-頭份,2023-05-19,9343
1314,中石化,21,0,21,華南永昌-頭份,2023-05-19,9343
00690,兆豐藍籌30,20,0,20,華南永昌-頭份,2023-05-19,9343
00640L,富邦日本正2,20,0,20,華南永昌-頭份,2023-05-19,9343
00753L,中信中國50正2,20,0,20,華南永昌-頭份,2023-05-19,9343
3264,欣銓,20,0,20,華南永昌-頭份,2023-05-19,9343
6509,聚和,23,3,20,華南永昌-頭份,2023-05-19,9343
1608,華榮,22,3,19,華南永昌-頭份,2023-05-19,9343
2022,聚亨,18,0,18,華南永昌-頭份,2023-05-19,9343
2634,漢翔,19,1,18,華南永昌-頭份,2023-05-19,9343
2706,第一店,18,0,18,華南永昌-頭份,2023-05-19,9343
1514,亞力,17,0,17,華南永昌-頭份,2023-05-19,9343
2457,飛宏,41,24,17,華南永昌-頭份,2023-05-19,9343
00751B,元大AAA至A公司債,14,0,14,華南永昌-頭份,2023-05-19,9343
00637L,元大滬深300正2,21,7,14,華南永昌-頭份,2023-05-19,9343
6122,擎邦,18,4,14,華南永昌-頭份,2023-05-19,9343
2887,台新金,14,0,14,華南永昌-頭份,2023-05-19,9343
2630,亞航,17,4,13,華南永昌-頭份,2023-05-19,9343
2421,建準,26,14,12,華南永昌-頭份,2023-05-19,9343
4908,前鼎,12,0,12,華南永昌-頭份,2023-05-19,9343
6414,樺漢,12,0,12,華南永昌-頭份,2023-05-19,9343
00679B,元大美債20年,17,7,10,華南永昌-頭份,2023-05-19,9343
2458,義隆,10,0,10,華南永昌-頭份,2023-05-19,9343
2606,裕民,10,0,10,華南永昌-頭份,2023-05-19,9343
2889,國票金,10,0,10,華南永昌-頭份,2023-05-19,9343
3046,建��,13,3,10,華南永昌-頭份,2023-05-19,9343
4402,郡都開發,10,0,10,華南永昌-頭份,2023-05-19,9343
6125,廣運,10,0,10,華南永昌-頭份,2023-05-19,9343
6167,久正,10,0,10,華南永昌-頭份,2023-05-19,9343
00680L,元大美債20正2,9,0,9,華南永昌-頭份,2023-05-19,9343
6142,友勁,11,2,9,華南永昌-頭份,2023-05-19,9343
6175,立敦,11,2,9,華南永昌-頭份,2023-05-19,9343
3363,上詮,40,31,9,華南永昌-頭份,2023-05-19,9343
2104,國際中橡,7,0,7,華南永昌-頭份,2023-05-19,9343
2345,智邦,7,0,7,華南永昌-頭份,2023-05-19,9343
1513,中興電,9,2,7,華南永昌-頭份,2023-05-19,9343
2801,彰銀,6,0,6,華南永昌-頭份,2023-05-19,9343
3027,盛達,6,0,6,華南永昌-頭份,2023-05-19,9343
5706,鳳凰,18,12,6,華南永昌-頭份,2023-05-19,9343
6112,邁達特,17,11,6,華南永昌-頭份,2023-05-19,9343
2204,中華,10,5,5,華南永昌-頭份,2023-05-19,9343
00631L,元大台灣50正2,6,1,5,華南永昌-頭份,2023-05-19,9343
2504,國產,100,0,100,華南永昌-頭份,2023-05-22,9343
2344,華邦電,55,8,47,華南永昌-頭份,2023-05-22,9343
2303,聯電,42,0,42,華南永昌-頭份,2023-05-22,9343
4976,佳凌,30,0,30,華南永昌-頭份,2023-05-22,9343
2323,中環,26,0,26,華南永昌-頭份,2023-05-22,9343
6190,萬泰科,26,6,20,華南永昌-頭份,2023-05-22,9343
2606,裕民,20,0,20,華南永昌-頭份,2023-05-22,9343
1711,永光,21,2,19,華南永昌-頭份,2023-05-22,9343
3071,協禧,31,12,19,華南永昌-頭份,2023-05-22,9343
3207,耀勝,18,0,18,華南永昌-頭份,2023-05-22,9343
1101,台泥,17,0,17,華南永昌-頭份,2023-05-22,9343
2031,新光鋼,15,0,15,華南永昌-頭份,2023-05-22,9343
00679B,元大美債20年,14,0,14,華南永昌-頭份,2023-05-22,9343
5258,虹堡,17,3,14,華南永昌-頭份,2023-05-22,9343
00713,元大台灣高息低波,12,0,12,華南永昌-頭份,2023-05-22,9343
4161,聿新科,12,0,12,華南永昌-頭份,2023-05-22,9343
00715L,期街口布蘭特正2,11,0,11,華南永昌-頭份,2023-05-22,9343
1519,華城,60,49,11,華南永昌-頭份,2023-05-22,9343
2312,金寶,11,0,11,華南永昌-頭份,2023-05-22,9343
1528,恩德,10,0,10,華南永昌-頭份,2023-05-22,9343
2331,精英,23,13,10,華南永昌-頭份,2023-05-22,9343
2442,新美齊,10,0,10,華南永昌-頭份,2023-05-22,9343
1314,中石化,10,0,10,華南永昌-頭份,2023-05-22,9343
1529,樂事綠能,10,0,10,華南永昌-頭份,2023-05-22,9343
2382,廣達,15,5,10,華南永昌-頭份,2023-05-22,9343
2492,華新科,10,0,10,華南永昌-頭份,2023-05-22,9343
2722,夏都,10,0,10,華南永昌-頭份,2023-05-22,9343
2903,遠百,10,0,10,華南永昌-頭份,2023-05-22,9343
3062,建漢,10,0,10,華南永昌-頭份,2023-05-22,9343
3605,宏致,10,0,10,華南永昌-頭份,2023-05-22,9343
2027,大成鋼,10,1,9,華南永昌-頭份,2023-05-22,9343
2352,佳世達,11,2,9,華南永昌-頭份,2023-05-22,9343
2515,中工,10,1,9,華南永昌-頭份,2023-05-22,9343
2736,富野,12,3,9,華南永昌-頭份,2023-05-22,9343
3037,欣興,36,27,9,華南永昌-頭份,2023-05-22,9343
00680L,元大美債20正2,8,0,8,華南永昌-頭份,2023-05-22,9343
3081,聯亞,8,0,8,華南永昌-頭份,2023-05-22,9343
3380,明泰,8,0,8,華南永昌-頭份,2023-05-22,9343
3715,定穎投控,8,0,8,華南永昌-頭份,2023-05-22,9343
4908,前鼎,9,1,8,華南永昌-頭份,2023-05-22,9343
2548,華固,7,0,7,華南永昌-頭份,2023-05-22,9343
6139,亞翔,7,0,7,華南永昌-頭份,2023-05-22,9343
6191,精成科,8,1,7,華南永昌-頭份,2023-05-22,9343
8046,南電,9,2,7,華南永昌-頭份,2023-05-22,9343
8038,長園科,6,0,6,華南永昌-頭份,2023-05-22,9343
3443,創意,5,0,5,華南永昌-頭份,2023-05-22,9343
00772B,中信高評級公司債,5,0,5,華南永昌-頭份,2023-05-22,9343
2360,致茂,5,0,5,華南永昌-頭份,2023-05-22,9343
2745,五福,5,0,5,華南永昌-頭份,2023-05-22,9343
3419,譁裕,5,0,5,華南永昌-頭份,2023-05-22,9343
2442,新美齊,67,0,67,華南永昌-頭份,2023-05-23,9343
1727,中華化,69,4,65,華南永昌-頭份,2023-05-23,9343
1310,台苯,63,1,62,華南永昌-頭份,2023-05-23,9343
2867,三商壽,50,0,50,華南永昌-頭份,2023-05-23,9343
2399,映泰,46,7,39,華南永昌-頭份,2023-05-23,9343
6229,研通,37,0,37,華南永昌-頭份,2023-05-23,9343
3071,協禧,30,2,28,華南永昌-頭份,2023-05-23,9343
3162,精確,25,0,25,華南永昌-頭份,2023-05-23,9343
2368,金像電,34,10,24,華南永昌-頭份,2023-05-23,9343
00640L,富邦日本正2,21,0,21,華南永昌-頭份,2023-05-23,9343
1904,正隆,21,0,21,華南永昌-頭份,2023-05-23,9343
4906,正文,21,0,21,華南永昌-頭份,2023-05-23,9343
6126,信音,20,0,20,華南永昌-頭份,2023-05-23,9343
8011,台通,20,2,18,華南永昌-頭份,2023-05-23,9343
6235,華孚,22,5,17,華南永昌-頭份,2023-05-23,9343
2313,華通,16,0,16,華南永昌-頭份,2023-05-23,9343
2317,鴻海,16,0,16,華南永昌-頭份,2023-05-23,9343
3706,神達,16,1,15,華南永昌-頭份,2023-05-23,9343
1513,中興電,37,22,15,華南永昌-頭份,2023-05-23,9343
3056,富華新,15,0,15,華南永昌-頭份,2023-05-23,9343
8358,金居,15,0,15,華南永昌-頭份,2023-05-23,9343
6288,聯嘉,16,2,14,華南永昌-頭份,2023-05-23,9343
3207,耀勝,13,0,13,華南永昌-頭份,2023-05-23,9343
2495,普安,12,0,12,華南永昌-頭份,2023-05-23,9343
2618,長榮航,45,33,12,華南永昌-頭份,2023-05-23,9343
6125,廣運,14,2,12,華南永昌-頭份,2023-05-23,9343
00712,復華富時不動產,11,0,11,華南永昌-頭份,2023-05-23,9343
6244,茂迪,10,0,10,華南永昌-頭份,2023-05-23,9343
1514,亞力,12,2,10,華南永昌-頭份,2023-05-23,9343
2201,裕隆,13,4,9,華南永昌-頭份,2023-05-23,9343
2610,華航,35,26,9,華南永昌-頭份,2023-05-23,9343
00679B,元大美債20年,14,5,9,華南永昌-頭份,2023-05-23,9343
2705,六福,12,4,8,華南永昌-頭份,2023-05-23,9343
3078,僑威,21,13,8,華南永昌-頭份,2023-05-23,9343
5905,南仁湖,12,4,8,華南永昌-頭份,2023-05-23,9343
1460,宏遠,7,0,7,華南永昌-頭份,2023-05-23,9343
00637L,元大滬深300正2,12,5,7,華南永昌-頭份,2023-05-23,9343
2352,佳世達,7,0,7,華南永昌-頭份,2023-05-23,9343
2419,仲琦,7,0,7,華南永昌-頭份,2023-05-23,9343
6689,伊雲谷,12,5,7,華南永昌-頭份,2023-05-23,9343
00680L,元大美債20正2,6,0,6,華南永昌-頭份,2023-05-23,9343
00631L,元大台灣50正2,6,0,6,華南永昌-頭份,2023-05-23,9343
00642U,期元大S＆P石油,6,0,6,華南永昌-頭份,2023-05-23,9343
4961,天鈺,6,0,6,華南永昌-頭份,2023-05-23,9343
6245,立端,10,5,5,華南永昌-頭份,2023-05-23,9343
3661,世芯-KY,7,2,5,華南永昌-頭份,2023-05-23,9343
2344,華邦電,5,0,5,華南永昌-頭份,2023-05-23,9343
00633L,富邦上証正2,5,0,5,華南永昌-頭份,2023-05-23,9343
2504,國產,5,0,5,華南永昌-頭份,2023-05-23,9343
2606,裕民,5,0,5,華南永昌-頭份,2023-05-23,9343
5531,鄉林,101,1,100,華南永昌-頭份,2023-05-24,9343
5905,南仁湖,105,10,95,華南永昌-頭份,2023-05-24,9343
2323,中環,101,11,90,華南永昌-頭份,2023-05-24,9343
4541,晟田,91,11,80,華南永昌-頭份,2023-05-24,9343
3071,協禧,77,0,77,華南永昌-頭份,2023-05-24,9343
00878,國泰永續高股息,53,6,47,華南永昌-頭份,2023-05-24,9343
2457,飛宏,60,20,40,華南永昌-頭份,2023-05-24,9343
3704,合勤控,46,8,38,華南永昌-頭份,2023-05-24,9343
00753L,中信中國50正2,34,0,34,華南永昌-頭份,2023-05-24,9343
2618,長榮航,31,3,28,華南永昌-頭份,2023-05-24,9343
6233,旺玖,32,4,28,華南永昌-頭份,2023-05-24,9343
00665L,富邦�琤肭磪囓�2,25,0,25,華南永昌-頭份,2023-05-24,9343
00637L,元大滬深300正2,27,6,21,華南永昌-頭份,2023-05-24,9343
2368,金像電,23,3,20,華南永昌-頭份,2023-05-24,9343
3029,零壹,32,12,20,華南永昌-頭份,2023-05-24,9343
3162,精確,20,0,20,華南永昌-頭份,2023-05-24,9343
4102,永日,20,0,20,華南永昌-頭份,2023-05-24,9343
5703,亞都,20,0,20,華南永昌-頭份,2023-05-24,9343
6229,研通,20,0,20,華南永昌-頭份,2023-05-24,9343
00882,中信中國高股息,17,0,17,華南永昌-頭份,2023-05-24,9343
3617,碩天,16,0,16,華南永昌-頭份,2023-05-24,9343
2360,致茂,15,0,15,華南永昌-頭份,2023-05-24,9343
8222,寶一,30,15,15,華南永昌-頭份,2023-05-24,9343
2399,映泰,41,28,13,華南永昌-頭份,2023-05-24,9343
6235,華孚,13,0,13,華南永昌-頭份,2023-05-24,9343
4123,晟德,10,0,10,華南永昌-頭份,2023-05-24,9343
2442,新美齊,13,3,10,華南永昌-頭份,2023-05-24,9343
1522,堤維西,10,0,10,華南永昌-頭份,2023-05-24,9343
1810,和成,24,14,10,華南永昌-頭份,2023-05-24,9343
3205,佰研,11,1,10,華南永昌-頭份,2023-05-24,9343
4114,健喬,10,0,10,華南永昌-頭份,2023-05-24,9343
4973,廣穎,10,0,10,華南永昌-頭份,2023-05-24,9343
6125,廣運,10,0,10,華南永昌-頭份,2023-05-24,9343
6244,茂迪,10,0,10,華南永昌-頭份,2023-05-24,9343
1513,中興電,20,11,9,華南永昌-頭份,2023-05-24,9343
2606,裕民,8,0,8,華南永昌-頭份,2023-05-24,9343
3025,星通,8,0,8,華南永昌-頭份,2023-05-24,9343
3035,智原,10,2,8,華南永昌-頭份,2023-05-24,9343
1742,台蠟,7,0,7,華南永昌-頭份,2023-05-24,9343
4128,中天,7,0,7,華南永昌-頭份,2023-05-24,9343
00633L,富邦上証正2,6,0,6,華南永昌-頭份,2023-05-24,9343
4968,立積,13,7,6,華南永昌-頭份,2023-05-24,9343
00641R,富邦日本反1,5,0,5,華南永昌-頭份,2023-05-24,9343
2303,聯電,7,2,5,華南永昌-頭份,2023-05-24,9343
2312,金寶,5,0,5,華南永昌-頭份,2023-05-24,9343
2492,華新科,5,0,5,華南永昌-頭份,2023-05-24,9343
2887,台新金,5,0,5,華南永昌-頭份,2023-05-24,9343
2908,特力,5,0,5,華南永昌-頭份,2023-05-24,9343
5222,全訊,6,1,5,華南永昌-頭份,2023-05-24,9343
5511,德昌,5,0,5,華南永昌-頭份,2023-05-24,9343
2883,凱基金,118,0,118,華南永昌-頭份,2023-05-25,9343
2615,萬海,101,0,101,華南永昌-頭份,2023-05-25,9343
2736,富野,115,29,86,華南永昌-頭份,2023-05-25,9343
1904,正隆,50,0,50,華南永昌-頭份,2023-05-25,9343
3380,明泰,50,0,50,華南永昌-頭份,2023-05-25,9343
3682,亞太電,50,0,50,華南永昌-頭份,2023-05-25,9343
00882,中信中國高股息,46,0,46,華南永昌-頭份,2023-05-25,9343
5225,東科-KY,46,7,39,華南永昌-頭份,2023-05-25,9343
6122,擎邦,33,0,33,華南永昌-頭份,2023-05-25,9343
00637L,元大滬深300正2,31,0,31,華南永昌-頭份,2023-05-25,9343
1815,富喬,30,0,30,華南永昌-頭份,2023-05-25,9343
1727,中華化,26,1,25,華南永昌-頭份,2023-05-25,9343
2204,中華,41,16,25,華南永昌-頭份,2023-05-25,9343
2457,飛宏,36,11,25,華南永昌-頭份,2023-05-25,9343
00676R,富邦臺灣加權反1,24,0,24,華南永昌-頭份,2023-05-25,9343
3704,合勤控,28,6,22,華南永昌-頭份,2023-05-25,9343
2887,台新金,26,4,22,華南永昌-頭份,2023-05-25,9343
00642U,期元大S＆P石油,25,3,22,華南永昌-頭份,2023-05-25,9343
00650L,復華香港正2,22,0,22,華南永昌-頭份,2023-05-25,9343
3050,鈺德,20,0,20,華南永昌-頭份,2023-05-25,9343
1310,台苯,52,35,17,華南永昌-頭份,2023-05-25,9343
00712,復華富時不動產,20,4,16,華南永昌-頭份,2023-05-25,9343
2630,亞航,15,3,12,華南永昌-頭份,2023-05-25,9343
6548,長科*,12,0,12,華南永昌-頭份,2023-05-25,9343
1337,再生-KY,11,0,11,華南永昌-頭份,2023-05-25,9343
00878,國泰永續高股息,19,9,10,華南永昌-頭份,2023-05-25,9343
2498,宏達電,12,2,10,華南永昌-頭份,2023-05-25,9343
2515,中工,10,0,10,華南永昌-頭份,2023-05-25,9343
3078,僑威,10,0,10,華南永昌-頭份,2023-05-25,9343
3419,譁裕,11,1,10,華南永昌-頭份,2023-05-25,9343
3522,御嵿,10,0,10,華南永昌-頭份,2023-05-25,9343
4123,晟德,10,0,10,華南永昌-頭份,2023-05-25,9343
5703,亞都,10,0,10,華南永昌-頭份,2023-05-25,9343
912000,晨訊科-DR,10,0,10,華南永昌-頭份,2023-05-25,9343
3545,敦泰,10,0,10,華南永昌-頭份,2023-05-25,9343
00633L,富邦上証正2,9,0,9,華南永昌-頭份,2023-05-25,9343
2344,華邦電,9,0,9,華南永昌-頭份,2023-05-25,9343
2834,臺企銀,9,0,9,華南永昌-頭份,2023-05-25,9343
2906,高林,9,0,9,華南永昌-頭份,2023-05-25,9343
2609,陽明,12,4,8,華南永昌-頭份,2023-05-25,9343
2236,百達-KY,8,0,8,華南永昌-頭份,2023-05-25,9343
3481,群創,10,2,8,華南永昌-頭份,2023-05-25,9343
4104,佳醫,7,0,7,華南永昌-頭份,2023-05-25,9343
00665L,富邦�琤肭磪囓�2,6,0,6,華南永昌-頭份,2023-05-25,9343
00713,元大台灣高息低波,6,0,6,華南永昌-頭份,2023-05-25,9343
1519,華城,13,7,6,華南永昌-頭份,2023-05-25,9343
1905,華紙,9,3,6,華南永昌-頭份,2023-05-25,9343
2328,廣宇,6,0,6,華南永昌-頭份,2023-05-25,9343
2489,瑞軒,6,0,6,華南永昌-頭份,2023-05-25,9343
00852L,國泰美國道瓊正2,5,0,5,華南永昌-頭份,2023-05-25,9343
00882,中信中國高股息,113,0,113,華南永昌-頭份,2023-05-26,9343
00712,復華富時不動產,106,0,106,華南永昌-頭份,2023-05-26,9343
00715L,期街口布蘭特正2,75,0,75,華南永昌-頭份,2023-05-26,9343
3207,耀勝,50,0,50,華南永昌-頭份,2023-05-26,9343
3481,群創,47,1,46,華南永昌-頭份,2023-05-26,9343
4726,永昕,45,0,45,華南永昌-頭份,2023-05-26,9343
8076,伍豐,41,5,36,華南永昌-頭份,2023-05-26,9343
3078,僑威,45,14,31,華南永昌-頭份,2023-05-26,9343
6282,康舒,30,0,30,華南永昌-頭份,2023-05-26,9343
8358,金居,30,1,29,華南永昌-頭份,2023-05-26,9343
6122,擎邦,36,8,28,華南永昌-頭份,2023-05-26,9343
00637L,元大滬深300正2,30,3,27,華南永昌-頭份,2023-05-26,9343
00753L,中信中國50正2,30,4,26,華南永昌-頭份,2023-05-26,9343
2457,飛宏,22,1,21,華南永昌-頭份,2023-05-26,9343
2630,亞航,22,1,21,華南永昌-頭份,2023-05-26,9343
3071,協禧,38,17,21,華南永昌-頭份,2023-05-26,9343
1809,中釉,20,0,20,華南永昌-頭份,2023-05-26,9343
3673,TPK-KY,21,1,20,華南永昌-頭份,2023-05-26,9343
5351,鈺創,20,0,20,華南永昌-頭份,2023-05-26,9343
6126,信音,19,0,19,華南永昌-頭份,2023-05-26,9343
1522,堤維西,18,1,17,華南永昌-頭份,2023-05-26,9343
1709,和益,22,6,16,華南永昌-頭份,2023-05-26,9343
3563,牧德,16,0,16,華南永昌-頭份,2023-05-26,9343
1605,華新,21,6,15,華南永昌-頭份,2023-05-26,9343
2812,台中銀,15,0,15,華南永昌-頭份,2023-05-26,9343
6127,九豪,20,5,15,華南永昌-頭份,2023-05-26,9343
2489,瑞軒,14,0,14,華南永昌-頭份,2023-05-26,9343
2701,萬企,16,2,14,華南永昌-頭份,2023-05-26,9343
4130,健亞,14,0,14,華南永昌-頭份,2023-05-26,9343
00713,元大台灣高息低波,18,4,14,華南永昌-頭份,2023-05-26,9343
00680L,元大美債20正2,12,0,12,華南永昌-頭份,2023-05-26,9343
2707,晶華,13,1,12,華南永昌-頭份,2023-05-26,9343
3380,明泰,12,0,12,華南永昌-頭份,2023-05-26,9343
6233,旺玖,12,0,12,華南永昌-頭份,2023-05-26,9343
2201,裕隆,11,0,11,華南永昌-頭份,2023-05-26,9343
1536,和大,11,0,11,華南永昌-頭份,2023-05-26,9343
2368,金像電,36,25,11,華南永昌-頭份,2023-05-26,9343
3029,零壹,25,14,11,華南永昌-頭份,2023-05-26,9343
5706,鳳凰,29,18,11,華南永昌-頭份,2023-05-26,9343
2888,新光金,10,0,10,華南永昌-頭份,2023-05-26,9343
1514,亞力,10,0,10,華南永昌-頭份,2023-05-26,9343
00888,永豐台灣ESG,10,0,10,華南永昌-頭份,2023-05-26,9343
1215,卜蜂,10,0,10,華南永昌-頭份,2023-05-26,9343
1906,寶隆,10,0,10,華南永昌-頭份,2023-05-26,9343
2515,中工,10,0,10,華南永昌-頭份,2023-05-26,9343
2634,漢翔,19,9,10,華南永昌-頭份,2023-05-26,9343
3532,台勝科,10,0,10,華南永昌-頭份,2023-05-26,9343
4551,智伸科,10,0,10,華南永昌-頭份,2023-05-26,9343
5225,東科-KY,12,2,10,華南永昌-頭份,2023-05-26,9343
6125,廣運,14,4,10,華南永昌-頭份,2023-05-26,9343
00878,國泰永續高股息,101,16,85,華南永昌-頭份,2023-05-29,9343
4906,正文,82,2,80,華南永昌-頭份,2023-05-29,9343
6288,聯嘉,60,0,60,華南永昌-頭份,2023-05-29,9343
00632R,元大台灣50反1,60,0,60,華南永昌-頭份,2023-05-29,9343
3047,訊舟,51,0,51,華南永昌-頭份,2023-05-29,9343
5512,力麒,50,0,50,華南永昌-頭份,2023-05-29,9343
8059,凱碩,50,0,50,華南永昌-頭份,2023-05-29,9343
2610,華航,72,35,37,華南永昌-頭份,2023-05-29,9343
6282,康舒,58,28,30,華南永昌-頭份,2023-05-29,9343
1608,華榮,37,8,29,華南永昌-頭份,2023-05-29,9343
6770,力積電,32,5,27,華南永昌-頭份,2023-05-29,9343
1416,廣豐,25,0,25,華南永昌-頭份,2023-05-29,9343
2423,固緯,25,0,25,華南永昌-頭份,2023-05-29,9343
4109,加捷生醫,21,0,21,華南永昌-頭份,2023-05-29,9343
6229,研通,21,0,21,華南永昌-頭份,2023-05-29,9343
1815,富喬,20,0,20,華南永昌-頭份,2023-05-29,9343
0056,元大高股息,28,9,19,華南永昌-頭份,2023-05-29,9343
1605,華新,21,3,18,華南永昌-頭份,2023-05-29,9343
2618,長榮航,53,36,17,華南永昌-頭份,2023-05-29,9343
3037,欣興,20,4,16,華南永昌-頭份,2023-05-29,9343
3558,神準,16,0,16,華南永昌-頭份,2023-05-29,9343
00679B,元大美債20年,14,0,14,華南永昌-頭份,2023-05-29,9343
8085,福華,12,0,12,華南永昌-頭份,2023-05-29,9343
00885,富邦越南,10,0,10,華南永昌-頭份,2023-05-29,9343
2388,威盛,21,11,10,華南永昌-頭份,2023-05-29,9343
3265,台星科,15,5,10,華南永昌-頭份,2023-05-29,9343
4960,誠美材,10,0,10,華南永昌-頭份,2023-05-29,9343
2027,大成鋼,10,0,10,華南永昌-頭份,2023-05-29,9343
1905,華紙,11,2,9,華南永昌-頭份,2023-05-29,9343
2002,中鋼,9,0,9,華南永昌-頭份,2023-05-29,9343
6015,宏遠證,10,1,9,華南永昌-頭份,2023-05-29,9343
00912,中信臺灣智慧50,10,1,9,華南永昌-頭份,2023-05-29,9343
1305,華夏,9,0,9,華南永昌-頭份,2023-05-29,9343
2324,仁寶,11,2,9,華南永昌-頭份,2023-05-29,9343
3017,奇鋐,12,3,9,華南永昌-頭份,2023-05-29,9343
2206,三陽工業,13,5,8,華南永昌-頭份,2023-05-29,9343
2425,承啟,8,0,8,華南永昌-頭份,2023-05-29,9343
3231,緯創,65,57,8,華南永昌-頭份,2023-05-29,9343
6125,廣運,9,1,8,華南永昌-頭份,2023-05-29,9343
6285,啟��,8,0,8,華南永昌-頭份,2023-05-29,9343
8222,寶一,23,15,8,華南永昌-頭份,2023-05-29,9343
6164,華興,7,0,7,華南永昌-頭份,2023-05-29,9343
1316,上曜,7,0,7,華南永昌-頭份,2023-05-29,9343
3071,協禧,26,19,7,華南永昌-頭份,2023-05-29,9343
3617,碩天,7,0,7,華南永昌-頭份,2023-05-29,9343
4768,晶呈科技,7,0,7,華南永昌-頭份,2023-05-29,9343
6139,亞翔,8,1,7,華南永昌-頭份,2023-05-29,9343
6438,迅得,7,0,7,華南永昌-頭份,2023-05-29,9343
8940,新天地,8,1,7,華南永昌-頭份,2023-05-29,9343
00713,元大台灣高息低波,7,0,7,華南永昌-頭份,2023-05-29,9343
4906,正文,136,20,116,華南永昌-頭份,2023-05-30,9343
2323,中環,70,4,66,華南永昌-頭份,2023-05-30,9343
5512,力麒,55,0,55,華南永昌-頭份,2023-05-30,9343
3041,揚智,47,1,46,華南永昌-頭份,2023-05-30,9343
1605,華新,46,6,40,華南永昌-頭份,2023-05-30,9343
2706,第一店,31,0,31,華南永昌-頭份,2023-05-30,9343
2423,固緯,35,5,30,華南永昌-頭份,2023-05-30,9343
2498,宏達電,32,2,30,華南永昌-頭份,2023-05-30,9343
3062,建漢,30,0,30,華南永昌-頭份,2023-05-30,9343
3071,協禧,47,17,30,華南永昌-頭份,2023-05-30,9343
00919,群益台灣精選高息,28,0,28,華南永昌-頭份,2023-05-30,9343
2495,普安,27,0,27,華南永昌-頭份,2023-05-30,9343
2801,彰銀,26,0,26,華南永昌-頭份,2023-05-30,9343
8033,雷虎,28,3,25,華南永昌-頭份,2023-05-30,9343
6190,萬泰科,23,0,23,華南永昌-頭份,2023-05-30,9343
3624,光頡,22,0,22,華南永昌-頭份,2023-05-30,9343
4109,加捷生醫,22,0,22,華南永昌-頭份,2023-05-30,9343
1609,大亞,28,7,21,華南永昌-頭份,2023-05-30,9343
2382,廣達,23,2,21,華南永昌-頭份,2023-05-30,9343
2485,兆赫,21,0,21,華南永昌-頭份,2023-05-30,9343
5328,華容,21,1,20,華南永昌-頭份,2023-05-30,9343
2707,晶華,20,0,20,華南永昌-頭份,2023-05-30,9343
3078,僑威,23,3,20,華南永昌-頭份,2023-05-30,9343
6197,佳必琪,22,2,20,華南永昌-頭份,2023-05-30,9343
00637L,元大滬深300正2,16,0,16,華南永昌-頭份,2023-05-30,9343
2402,毅嘉,15,0,15,華南永昌-頭份,2023-05-30,9343
3363,上詮,22,7,15,華南永昌-頭份,2023-05-30,9343
6125,廣運,14,0,14,華南永昌-頭份,2023-05-30,9343
6288,聯嘉,13,0,13,華南永昌-頭份,2023-05-30,9343
2371,大同,56,43,13,華南永昌-頭份,2023-05-30,9343
6235,華孚,21,8,13,華南永昌-頭份,2023-05-30,9343
2002,中鋼,12,0,12,華南永昌-頭份,2023-05-30,9343
5498,凱崴,14,2,12,華南永昌-頭份,2023-05-30,9343
6156,松上,12,0,12,華南永昌-頭份,2023-05-30,9343
6217,中探針,12,0,12,華南永昌-頭份,2023-05-30,9343
6282,康舒,28,16,12,華南永昌-頭份,2023-05-30,9343
6244,茂迪,13,2,11,華南永昌-頭份,2023-05-30,9343
1809,中釉,11,0,11,華南永昌-頭份,2023-05-30,9343
2031,新光鋼,11,0,11,華南永昌-頭份,2023-05-30,9343
2457,飛宏,13,2,11,華南永昌-頭份,2023-05-30,9343
2745,五福,11,0,11,華南永昌-頭份,2023-05-30,9343
2883,凱基金,11,0,11,華南永昌-頭份,2023-05-30,9343
1304,台聚,10,0,10,華南永昌-頭份,2023-05-30,9343
1312,國喬,10,0,10,華南永昌-頭份,2023-05-30,9343
1815,富喬,10,0,10,華南永昌-頭份,2023-05-30,9343
3374,精材,11,1,10,華南永昌-頭份,2023-05-30,9343
5225,東科-KY,10,0,10,華南永昌-頭份,2023-05-30,9343
2356,英業達,25,16,9,華南永昌-頭份,2023-05-30,9343
2324,仁寶,8,0,8,華南永昌-頭份,2023-05-30,9343
4123,晟德,8,0,8,華南永昌-頭份,2023-05-30,9343
00673R,期元大S＆P原油反1,80,1,79,華南永昌-頭份,2023-05-31,9343
4906,正文,58,11,47,華南永昌-頭份,2023-05-31,9343
2349,錸德,51,5,46,華南永昌-頭份,2023-05-31,9343
3706,神達,50,8,42,華南永昌-頭份,2023-05-31,9343
00878,國泰永續高股息,44,5,39,華南永昌-頭份,2023-05-31,9343
2201,裕隆,49,11,38,華南永昌-頭份,2023-05-31,9343
00715L,期街口布蘭特正2,38,5,33,華南永昌-頭份,2023-05-31,9343
0056,元大高股息,40,8,32,華南永昌-頭份,2023-05-31,9343
2883,凱基金,31,0,31,華南永昌-頭份,2023-05-31,9343
3031,佰鴻,32,1,31,華南永昌-頭份,2023-05-31,9343
3481,群創,31,0,31,華南永昌-頭份,2023-05-31,9343
6235,華孚,32,4,28,華南永昌-頭份,2023-05-31,9343
00642U,期元大S＆P石油,26,0,26,華南永昌-頭份,2023-05-31,9343
6282,康舒,37,14,23,華南永昌-頭份,2023-05-31,9343
6209,今國光,20,0,20,華南永昌-頭份,2023-05-31,9343
6288,聯嘉,17,0,17,華南永昌-頭份,2023-05-31,9343
00882,中信中國高股息,17,0,17,華南永昌-頭份,2023-05-31,9343
1905,華紙,20,5,15,華南永昌-頭份,2023-05-31,9343
2745,五福,14,0,14,華南永昌-頭份,2023-05-31,9343
2609,陽明,14,1,13,華南永昌-頭份,2023-05-31,9343
1101,台泥,13,0,13,華南永昌-頭份,2023-05-31,9343
00637L,元大滬深300正2,13,0,13,華南永昌-頭份,2023-05-31,9343
2736,富野,14,1,13,華南永昌-頭份,2023-05-31,9343
2382,廣達,22,11,11,華南永昌-頭份,2023-05-31,9343
3363,上詮,23,12,11,華南永昌-頭份,2023-05-31,9343
3576,聯合再生,10,0,10,華南永昌-頭份,2023-05-31,9343
3594,磐儀,10,0,10,華南永昌-頭份,2023-05-31,9343
4109,加捷生醫,10,0,10,華南永昌-頭份,2023-05-31,9343
8942,森鉅,10,0,10,華南永昌-頭份,2023-05-31,9343
00633L,富邦上証正2,9,0,9,華南永昌-頭份,2023-05-31,9343
00640L,富邦日本正2,9,0,9,華南永昌-頭份,2023-05-31,9343
2332,友訊,13,4,9,華南永昌-頭份,2023-05-31,9343
6197,佳必琪,10,1,9,華南永昌-頭份,2023-05-31,9343
1608,華榮,9,1,8,華南永昌-頭份,2023-05-31,9343
2748,雲品,13,5,8,華南永昌-頭份,2023-05-31,9343
5243,乙盛-KY,9,1,8,華南永昌-頭份,2023-05-31,9343
2454,聯發科,8,1,7,華南永昌-頭份,2023-05-31,9343
3017,奇鋐,8,1,7,華南永昌-頭份,2023-05-31,9343
3037,欣興,8,1,7,華南永昌-頭份,2023-05-31,9343
6550,北極星藥業-KY,7,0,7,華南永昌-頭份,2023-05-31,9343
8038,長園科,8,1,7,華南永昌-頭份,2023-05-31,9343
00679B,元大美債20年,7,0,7,華南永昌-頭份,2023-05-31,9343
2330,台積電,8,2,6,華南永昌-頭份,2023-05-31,9343
2409,友達,6,0,6,華南永昌-頭份,2023-05-31,9343
3260,威剛,13,7,6,華南永昌-頭份,2023-05-31,9343
2317,鴻海,6,0,6,華南永昌-頭份,2023-05-31,9343
00881,國泰台灣5G+,5,0,5,華南永昌-頭份,2023-05-31,9343
1108,幸福,5,0,5,華南永昌-頭份,2023-05-31,9343
1305,華夏,5,0,5,華南永昌-頭份,2023-05-31,9343
1460,宏遠,5,0,5,華南永昌-頭份,2023-05-31,9343
00715L,期街口布蘭特正2,103,1,102,華南永昌-頭份,2023-06-01,9343
2359,所羅門,50,0,50,華南永昌-頭份,2023-06-01,9343
6548,長科*,50,0,50,華南永昌-頭份,2023-06-01,9343
2349,錸德,51,1,50,華南永昌-頭份,2023-06-01,9343
2312,金寶,50,0,50,華南永昌-頭份,2023-06-01,9343
2442,新美齊,49,5,44,華南永昌-頭份,2023-06-01,9343
2609,陽明,38,3,35,華南永昌-頭份,2023-06-01,9343
6282,康舒,50,16,34,華南永昌-頭份,2023-06-01,9343
2734,易飛網,32,0,32,華南永昌-頭份,2023-06-01,9343
4109,加捷生醫,31,0,31,華南永昌-頭份,2023-06-01,9343
4533,協易機,32,2,30,華南永昌-頭份,2023-06-01,9343
2331,精英,41,15,26,華南永昌-頭份,2023-06-01,9343
00878,國泰永續高股息,28,5,23,華南永昌-頭份,2023-06-01,9343
3062,建漢,20,0,20,華南永昌-頭份,2023-06-01,9343
3346,麗清,20,0,20,華南永昌-頭份,2023-06-01,9343
4564,元翎,42,22,20,華南永昌-頭份,2023-06-01,9343
3031,佰鴻,21,2,19,華南永昌-頭份,2023-06-01,9343
2204,中華,24,8,16,華南永昌-頭份,2023-06-01,9343
6461,益得,16,0,16,華南永昌-頭份,2023-06-01,9343
1609,大亞,20,5,15,華南永昌-頭份,2023-06-01,9343
1605,華新,14,0,14,華南永昌-頭份,2023-06-01,9343
3706,神達,49,35,14,華南永昌-頭份,2023-06-01,9343
8038,長園科,14,0,14,華南永昌-頭份,2023-06-01,9343
0056,元大高股息,15,2,13,華南永昌-頭份,2023-06-01,9343
3071,協禧,20,7,13,華南永昌-頭份,2023-06-01,9343
6125,廣運,13,0,13,華南永昌-頭份,2023-06-01,9343
8271,宇瞻,16,3,13,華南永昌-頭份,2023-06-01,9343
2748,雲品,17,5,12,華南永昌-頭份,2023-06-01,9343
2482,連宇,12,1,11,華南永昌-頭份,2023-06-01,9343
3617,碩天,23,12,11,華南永昌-頭份,2023-06-01,9343
8358,金居,11,0,11,華南永昌-頭份,2023-06-01,9343
1460,宏遠,10,0,10,華南永昌-頭份,2023-06-01,9343
2427,三商電,10,0,10,華南永昌-頭份,2023-06-01,9343
2887,台新金,10,0,10,華南永昌-頭份,2023-06-01,9343
5905,南仁湖,10,0,10,華南永昌-頭份,2023-06-01,9343
6269,台郡,10,0,10,華南永昌-頭份,2023-06-01,9343
8171,天宇,10,0,10,華南永昌-頭份,2023-06-01,9343
1339,昭輝,9,0,9,華南永昌-頭份,2023-06-01,9343
1513,中興電,13,4,9,華南永昌-頭份,2023-06-01,9343
3704,合勤控,9,0,9,華南永昌-頭份,2023-06-01,9343
4916,事欣科,10,1,9,華南永昌-頭份,2023-06-01,9343
6443,元晶,12,3,9,華南永昌-頭份,2023-06-01,9343
1314,中石化,8,0,8,華南永昌-頭份,2023-06-01,9343
00919,群益台灣精選高息,8,0,8,華南永昌-頭份,2023-06-01,9343
2002,中鋼,8,0,8,華南永昌-頭份,2023-06-01,9343
8926,台汽電,8,0,8,華南永昌-頭份,2023-06-01,9343
2630,亞航,27,20,7,華南永昌-頭份,2023-06-01,9343
2745,五福,7,0,7,華南永昌-頭份,2023-06-01,9343
00713,元大台灣高息低波,10,4,6,華南永昌-頭份,2023-06-01,9343
3013,晟銘電,33,27,6,華南永昌-頭份,2023-06-01,9343
2349,錸德,173,1,172,華南永昌-頭份,2023-06-02,9343
00720B,元大投資級公司債,150,0,150,華南永昌-頭份,2023-06-02,9343
00772B,中信高評級公司債,90,0,90,華南永昌-頭份,2023-06-02,9343
2610,華航,107,22,85,華南永昌-頭份,2023-06-02,9343
2337,旺宏,87,22,65,華南永昌-頭份,2023-06-02,9343
1802,台玻,59,0,59,華南永昌-頭份,2023-06-02,9343
3062,建漢,48,0,48,華南永昌-頭份,2023-06-02,9343
3163,波若威,40,1,39,華南永昌-頭份,2023-06-02,9343
00882,中信中國高股息,36,0,36,華南永昌-頭份,2023-06-02,9343
2618,長榮航,66,33,33,華南永昌-頭份,2023-06-02,9343
1905,華紙,57,24,33,華南永昌-頭份,2023-06-02,9343
00919,群益台灣精選高息,34,2,32,華南永昌-頭份,2023-06-02,9343
3031,佰鴻,31,0,31,華南永昌-頭份,2023-06-02,9343
3360,尚立,30,0,30,華南永昌-頭份,2023-06-02,9343
3071,協禧,32,2,30,華南永昌-頭份,2023-06-02,9343
5512,力麒,30,0,30,華南永昌-頭份,2023-06-02,9343
912000,晨訊科-DR,30,0,30,華南永昌-頭份,2023-06-02,9343
3481,群創,30,2,28,華南永昌-頭份,2023-06-02,9343
5258,虹堡,24,0,24,華南永昌-頭份,2023-06-02,9343
3231,緯創,78,56,22,華南永昌-頭份,2023-06-02,9343
3673,TPK-KY,22,0,22,華南永昌-頭份,2023-06-02,9343
1904,正隆,23,2,21,華南永昌-頭份,2023-06-02,9343
2542,興富發,20,0,20,華南永昌-頭份,2023-06-02,9343
1504,東元,27,9,18,華南永昌-頭份,2023-06-02,9343
2482,連宇,25,9,16,華南永昌-頭份,2023-06-02,9343
2731,雄獅,16,0,16,華南永昌-頭份,2023-06-02,9343
2630,亞航,17,3,14,華南永昌-頭份,2023-06-02,9343
3078,僑威,25,11,14,華南永昌-頭份,2023-06-02,9343
4760,勤凱,14,0,14,華南永昌-頭份,2023-06-02,9343
1907,永豐餘,11,0,11,華南永昌-頭份,2023-06-02,9343
2031,新光鋼,11,0,11,華南永昌-頭份,2023-06-02,9343
2888,新光金,11,0,11,華南永昌-頭份,2023-06-02,9343
3003,健和興,11,0,11,華南永昌-頭份,2023-06-02,9343
3029,零壹,12,1,11,華南永昌-頭份,2023-06-02,9343
00679B,元大美債20年,10,0,10,華南永昌-頭份,2023-06-02,9343
00670L,富邦NASDAQ正2,10,0,10,華南永昌-頭份,2023-06-02,9343
2313,華通,11,1,10,華南永昌-頭份,2023-06-02,9343
2484,希華,11,1,10,華南永昌-頭份,2023-06-02,9343
2903,遠百,10,0,10,華南永昌-頭份,2023-06-02,9343
3380,明泰,10,0,10,華南永昌-頭份,2023-06-02,9343
8085,福華,10,0,10,華南永昌-頭份,2023-06-02,9343
8358,金居,10,0,10,華南永昌-頭份,2023-06-02,9343
8088,品安,10,1,9,華南永昌-頭份,2023-06-02,9343
00631L,元大台灣50正2,14,5,9,華南永昌-頭份,2023-06-02,9343
00888,永豐台灣ESG,12,3,9,華南永昌-頭份,2023-06-02,9343
2371,大同,24,15,9,華南永昌-頭份,2023-06-02,9343
2423,固緯,9,0,9,華南永昌-頭份,2023-06-02,9343
4543,萬在,18,9,9,華南永昌-頭份,2023-06-02,9343
6188,廣明,12,3,9,華南永昌-頭份,2023-06-02,9343
2317,鴻海,13,4,9,華南永昌-頭份,2023-06-02,9343
2349,錸德,205,7,198,華南永昌-頭份,2023-06-05,9343
00673R,期元大S＆P原油反1,100,0,100,華南永昌-頭份,2023-06-05,9343
00712,復華富時不動產,65,0,65,華南永昌-頭份,2023-06-05,9343
4950,牧東,63,0,63,華南永昌-頭份,2023-06-05,9343
00882,中信中國高股息,70,20,50,華南永昌-頭份,2023-06-05,9343
1513,中興電,58,8,50,華南永昌-頭份,2023-06-05,9343
2443,昶虹,49,0,49,華南永昌-頭份,2023-06-05,9343
2897,王道銀行,45,0,45,華南永昌-頭份,2023-06-05,9343
3338,泰碩,33,0,33,華南永昌-頭份,2023-06-05,9343
2489,瑞軒,29,3,26,華南永昌-頭份,2023-06-05,9343
6234,高僑,27,1,26,華南永昌-頭份,2023-06-05,9343
1514,亞力,34,9,25,華南永昌-頭份,2023-06-05,9343
6026,福邦證,25,0,25,華南永昌-頭份,2023-06-05,9343
6005,群益證,26,2,24,華南永昌-頭份,2023-06-05,9343
1609,大亞,45,21,24,華南永昌-頭份,2023-06-05,9343
2317,鴻海,21,1,20,華南永昌-頭份,2023-06-05,9343
5386,青雲,20,0,20,華南永昌-頭份,2023-06-05,9343
6248,沛波,20,0,20,華南永昌-頭份,2023-06-05,9343
3231,緯創,46,29,17,華南永昌-頭份,2023-06-05,9343
3033,威健,16,0,16,華南永昌-頭份,2023-06-05,9343
00637L,元大滬深300正2,14,0,14,華南永昌-頭份,2023-06-05,9343
2330,台積電,13,0,13,華南永昌-頭份,2023-06-05,9343
00878,國泰永續高股息,16,3,13,華南永昌-頭份,2023-06-05,9343
00679B,元大美債20年,15,2,13,華南永昌-頭份,2023-06-05,9343
2515,中工,17,4,13,華南永昌-頭份,2023-06-05,9343
5328,華容,15,2,13,華南永昌-頭份,2023-06-05,9343
2618,長榮航,29,17,12,華南永昌-頭份,2023-06-05,9343
00753L,中信中國50正2,12,0,12,華南永昌-頭份,2023-06-05,9343
2303,聯電,12,0,12,華南永昌-頭份,2023-06-05,9343
6160,欣技,13,1,12,華南永昌-頭份,2023-06-05,9343
00713,元大台灣高息低波,11,0,11,華南永昌-頭份,2023-06-05,9343
2344,華邦電,23,12,11,華南永昌-頭份,2023-06-05,9343
1734,杏輝,11,0,11,華南永昌-頭份,2023-06-05,9343
1442,名軒,10,0,10,華南永昌-頭份,2023-06-05,9343
1714,和桐,10,0,10,華南永昌-頭份,2023-06-05,9343
3062,建漢,10,0,10,華南永昌-頭份,2023-06-05,9343
4946,辣椒,10,0,10,華南永昌-頭份,2023-06-05,9343
4973,廣穎,10,0,10,華南永昌-頭份,2023-06-05,9343
2324,仁寶,10,1,9,華南永昌-頭份,2023-06-05,9343
00670L,富邦NASDAQ正2,10,1,9,華南永昌-頭份,2023-06-05,9343
00640L,富邦日本正2,10,1,9,華南永昌-頭份,2023-06-05,9343
1815,富喬,10,1,9,華南永昌-頭份,2023-06-05,9343
3162,精確,9,0,9,華南永昌-頭份,2023-06-05,9343
6214,精誠,9,0,9,華南永昌-頭份,2023-06-05,9343
6282,康舒,32,23,9,華南永昌-頭份,2023-06-05,9343
8905,裕國,10,1,9,華南永昌-頭份,2023-06-05,9343
1717,長興,8,0,8,華南永昌-頭份,2023-06-05,9343
2331,精英,13,5,8,華南永昌-頭份,2023-06-05,9343
2312,金寶,9,1,8,華南永昌-頭份,2023-06-05,9343
2436,偉詮電,10,2,8,華南永昌-頭份,2023-06-05,9343
00632R,元大台灣50反1,90,0,90,華南永昌-頭份,2023-06-06,9343
2331,精英,35,2,33,華南永昌-頭份,2023-06-06,9343
00753L,中信中國50正2,30,0,30,華南永昌-頭份,2023-06-06,9343
3483,力致,33,3,30,華南永昌-頭份,2023-06-06,9343
00687B,國泰20年美債,25,0,25,華南永昌-頭份,2023-06-06,9343
1905,華紙,42,17,25,華南永昌-頭份,2023-06-06,9343
6026,福邦證,25,0,25,華南永昌-頭份,2023-06-06,9343
4916,事欣科,35,11,24,華南永昌-頭份,2023-06-06,9343
3033,威健,23,0,23,華南永昌-頭份,2023-06-06,9343
4931,新盛力,28,5,23,華南永昌-頭份,2023-06-06,9343
5258,虹堡,21,0,21,華南永昌-頭份,2023-06-06,9343
3163,波若威,20,0,20,華南永昌-頭份,2023-06-06,9343
1301,台塑,20,0,20,華南永昌-頭份,2023-06-06,9343
00676R,富邦臺灣加權反1,20,0,20,華南永昌-頭份,2023-06-06,9343
2892,第一金,20,0,20,華南永昌-頭份,2023-06-06,9343
8088,品安,20,0,20,華南永昌-頭份,2023-06-06,9343
6235,華孚,23,5,18,華南永昌-頭份,2023-06-06,9343
2457,飛宏,29,13,16,華南永昌-頭份,2023-06-06,9343
2887,台新金,18,2,16,華南永昌-頭份,2023-06-06,9343
2329,華泰,25,10,15,華南永昌-頭份,2023-06-06,9343
2867,三商壽,15,0,15,華南永昌-頭份,2023-06-06,9343
6282,康舒,66,51,15,華南永昌-頭份,2023-06-06,9343
6456,GIS-KY,18,3,15,華南永昌-頭份,2023-06-06,9343
2498,宏達電,13,0,13,華南永昌-頭份,2023-06-06,9343
00712,復華富時不動產,12,0,12,華南永昌-頭份,2023-06-06,9343
3406,玉晶光,13,1,12,華南永昌-頭份,2023-06-06,9343
3338,泰碩,12,0,12,華南永昌-頭份,2023-06-06,9343
4950,牧東,12,0,12,華南永昌-頭份,2023-06-06,9343
6234,高僑,12,0,12,華南永昌-頭份,2023-06-06,9343
2489,瑞軒,15,4,11,華南永昌-頭份,2023-06-06,9343
6672,騰輝電子-KY,16,5,11,華南永昌-頭份,2023-06-06,9343
2303,聯電,17,6,11,華南永昌-頭份,2023-06-06,9343
00927,群益半導體收益,10,0,10,華南永昌-頭份,2023-06-06,9343
1108,幸福,10,0,10,華南永昌-頭份,2023-06-06,9343
2317,鴻海,17,7,10,華南永昌-頭份,2023-06-06,9343
3141,晶宏,10,0,10,華南永昌-頭份,2023-06-06,9343
3272,東碩,10,0,10,華南永昌-頭份,2023-06-06,9343
6284,佳邦,10,0,10,華南永昌-頭份,2023-06-06,9343
6288,聯嘉,10,0,10,華南永昌-頭份,2023-06-06,9343
1104,環泥,9,0,9,華南永昌-頭份,2023-06-06,9343
2393,億光,10,1,9,華南永昌-頭份,2023-06-06,9343
2706,第一店,16,7,9,華南永昌-頭份,2023-06-06,9343
4533,協易機,10,1,9,華南永昌-頭份,2023-06-06,9343
2753,八方雲集,11,3,8,華南永昌-頭份,2023-06-06,9343
2504,國產,8,0,8,華南永昌-頭份,2023-06-06,9343
2913,農林,8,0,8,華南永昌-頭份,2023-06-06,9343
3025,星通,9,1,8,華南永昌-頭份,2023-06-06,9343
3592,瑞鼎,8,0,8,華南永昌-頭份,2023-06-06,9343
2885,元大金,10,2,8,華南永昌-頭份,2023-06-06,9343
2427,三商電,7,0,7,華南永昌-頭份,2023-06-06,9343
00632R,元大台灣50反1,111,0,111,華南永昌-頭份,2023-06-07,9343
00715L,期街口布蘭特正2,80,0,80,華南永昌-頭份,2023-06-07,9343
2323,中環,185,114,71,華南永昌-頭份,2023-06-07,9343
2331,精英,52,2,50,華南永昌-頭份,2023-06-07,9343
3024,憶聲,50,0,50,華南永昌-頭份,2023-06-07,9343
4188,安克,43,0,43,華南永昌-頭份,2023-06-07,9343
1605,華新,41,0,41,華南永昌-頭份,2023-06-07,9343
2443,昶虹,40,0,40,華南永昌-頭份,2023-06-07,9343
2329,華泰,40,3,37,華南永昌-頭份,2023-06-07,9343
6282,康舒,44,14,30,華南永昌-頭份,2023-06-07,9343
00919,群益台灣精選高息,30,0,30,華南永昌-頭份,2023-06-07,9343
6125,廣運,49,22,27,華南永昌-頭份,2023-06-07,9343
6233,旺玖,26,0,26,華南永昌-頭份,2023-06-07,9343
00878,國泰永續高股息,52,27,25,華南永昌-頭份,2023-06-07,9343
6126,信音,25,0,25,華南永昌-頭份,2023-06-07,9343
6548,長科*,25,0,25,華南永昌-頭份,2023-06-07,9343
2425,承啟,28,4,24,華南永昌-頭份,2023-06-07,9343
3704,合勤控,18,0,18,華南永昌-頭份,2023-06-07,9343
5531,鄉林,21,3,18,華南永昌-頭份,2023-06-07,9343
2402,毅嘉,19,4,15,華南永昌-頭份,2023-06-07,9343
1905,華紙,28,13,15,華南永昌-頭份,2023-06-07,9343
6443,元晶,22,7,15,華南永昌-頭份,2023-06-07,9343
2886,兆豐金,21,6,15,華南永昌-頭份,2023-06-07,9343
1519,華城,21,7,14,華南永昌-頭份,2023-06-07,9343
2706,第一店,25,11,14,華南永昌-頭份,2023-06-07,9343
6689,伊雲谷,14,0,14,華南永昌-頭份,2023-06-07,9343
2610,華航,15,2,13,華南永昌-頭份,2023-06-07,9343
3483,力致,19,6,13,華南永昌-頭份,2023-06-07,9343
00676R,富邦臺灣加權反1,22,10,12,華南永昌-頭份,2023-06-07,9343
1584,精剛,16,4,12,華南永昌-頭份,2023-06-07,9343
1608,華榮,27,15,12,華南永昌-頭份,2023-06-07,9343
2027,大成鋼,15,3,12,華南永昌-頭份,2023-06-07,9343
2337,旺宏,12,0,12,華南永昌-頭份,2023-06-07,9343
2892,第一金,12,0,12,華南永昌-頭份,2023-06-07,9343
2393,億光,11,0,11,華南永昌-頭份,2023-06-07,9343
1611,中電,10,0,10,華南永昌-頭份,2023-06-07,9343
2489,瑞軒,10,0,10,華南永昌-頭份,2023-06-07,9343
2889,國票金,10,0,10,華南永昌-頭份,2023-06-07,9343
3163,波若威,10,0,10,華南永昌-頭份,2023-06-07,9343
3338,泰碩,20,10,10,華南永昌-頭份,2023-06-07,9343
4162,智擎,10,0,10,華南永昌-頭份,2023-06-07,9343
6190,萬泰科,10,0,10,華南永昌-頭份,2023-06-07,9343
6229,研通,10,0,10,華南永昌-頭份,2023-06-07,9343
6672,騰輝電子-KY,10,0,10,華南永昌-頭份,2023-06-07,9343
8028,昇陽半導體,11,1,10,華南永昌-頭份,2023-06-07,9343
2317,鴻海,14,4,10,華南永昌-頭份,2023-06-07,9343
2352,佳世達,10,1,9,華南永昌-頭份,2023-06-07,9343
2461,光群雷,8,0,8,華南永昌-頭份,2023-06-07,9343
2897,王道銀行,8,0,8,華南永昌-頭份,2023-06-07,9343
6248,沛波,10,2,8,華南永昌-頭份,2023-06-07,9343
00632R,元大台灣50反1,100,0,100,華南永昌-頭份,2023-06-08,9343
00712,復華富時不動產,78,10,68,華南永昌-頭份,2023-06-08,9343
1513,中興電,65,1,64,華南永昌-頭份,2023-06-08,9343
2323,中環,78,14,64,華南永昌-頭份,2023-06-08,9343
00664R,國泰臺灣加權反1,50,0,50,華南永昌-頭份,2023-06-08,9343
2886,兆豐金,50,1,49,華南永昌-頭份,2023-06-08,9343
8033,雷虎,40,0,40,華南永昌-頭份,2023-06-08,9343
2344,華邦電,35,1,34,華南永昌-頭份,2023-06-08,9343
3305,昇貿,30,0,30,華南永昌-頭份,2023-06-08,9343
2201,裕隆,28,0,28,華南永昌-頭份,2023-06-08,9343
1605,華新,41,14,27,華南永昌-頭份,2023-06-08,9343
5512,力麒,35,9,26,華南永昌-頭份,2023-06-08,9343
1905,華紙,23,0,23,華南永昌-頭份,2023-06-08,9343
6577,勁豐,25,3,22,華南永昌-頭份,2023-06-08,9343
00713,元大台灣高息低波,20,0,20,華南永昌-頭份,2023-06-08,9343
1720,生達,20,0,20,華南永昌-頭份,2023-06-08,9343
1785,光洋科,20,0,20,華南永昌-頭份,2023-06-08,9343
4533,協易機,25,5,20,華南永昌-頭份,2023-06-08,9343
5258,虹堡,20,1,19,華南永昌-頭份,2023-06-08,9343
00679B,元大美債20年,18,0,18,華南永昌-頭份,2023-06-08,9343
00902,中信電池及儲能,20,2,18,華南永昌-頭份,2023-06-08,9343
1524,耿鼎,21,4,17,華南永昌-頭份,2023-06-08,9343
4960,誠美材,17,0,17,華南永昌-頭份,2023-06-08,9343
1528,恩德,16,0,16,華南永昌-頭份,2023-06-08,9343
3003,健和興,21,5,16,華南永昌-頭份,2023-06-08,9343
2331,精英,15,0,15,華南永昌-頭份,2023-06-08,9343
2399,映泰,18,3,15,華南永昌-頭份,2023-06-08,9343
3055,蔚華科,36,21,15,華南永昌-頭份,2023-06-08,9343
4931,新盛力,15,0,15,華南永昌-頭份,2023-06-08,9343
00919,群益台灣精選高息,15,0,15,華南永昌-頭份,2023-06-08,9343
1608,華榮,15,1,14,華南永昌-頭份,2023-06-08,9343
3071,協禧,15,1,14,華南永昌-頭份,2023-06-08,9343
00878,國泰永續高股息,26,13,13,華南永昌-頭份,2023-06-08,9343
00637L,元大滬深300正2,21,8,13,華南永昌-頭份,2023-06-08,9343
2409,友達,13,0,13,華南永昌-頭份,2023-06-08,9343
6139,亞翔,19,6,13,華南永昌-頭份,2023-06-08,9343
1609,大亞,113,100,13,華南永昌-頭份,2023-06-08,9343
2442,新美齊,14,2,12,華南永昌-頭份,2023-06-08,9343
3033,威健,18,6,12,華南永昌-頭份,2023-06-08,9343
6015,宏遠證,12,0,12,華南永昌-頭份,2023-06-08,9343
9912,偉聯,12,0,12,華南永昌-頭份,2023-06-08,9343
5222,全訊,13,2,11,華南永昌-頭份,2023-06-08,9343
3049,精金,10,0,10,華南永昌-頭份,2023-06-08,9343
00676R,富邦臺灣加權反1,10,0,10,華南永昌-頭份,2023-06-08,9343
2515,中工,10,0,10,華南永昌-頭份,2023-06-08,9343
2890,永豐金,10,0,10,華南永昌-頭份,2023-06-08,9343
3163,波若威,10,0,10,華南永昌-頭份,2023-06-08,9343
3207,耀勝,10,0,10,華南永昌-頭份,2023-06-08,9343
6535,順藥,10,0,10,華南永昌-頭份,2023-06-08,9343
8171,天宇,10,0,10,華南永昌-頭份,2023-06-08,9343
5284,jpp-KY,63,0,63,華南永昌-頭份,2023-06-09,9343
00921,兆豐龍頭等權重,50,0,50,華南永昌-頭份,2023-06-09,9343
00929,復華台灣科技優息,77,30,47,華南永昌-頭份,2023-06-09,9343
2888,新光金,50,5,45,華南永昌-頭份,2023-06-09,9343
3071,協禧,43,1,42,華南永昌-頭份,2023-06-09,9343
5512,力麒,40,4,36,華南永昌-頭份,2023-06-09,9343
00712,復華富時不動產,32,0,32,華南永昌-頭份,2023-06-09,9343
3030,德律,30,0,30,華南永昌-頭份,2023-06-09,9343
3481,群創,31,1,30,華南永昌-頭份,2023-06-09,9343
3202,樺晟,29,1,28,華南永昌-頭份,2023-06-09,9343
1905,華紙,30,4,26,華南永昌-頭份,2023-06-09,9343
2425,承啟,22,1,21,華南永昌-頭份,2023-06-09,9343
2443,昶虹,21,0,21,華南永昌-頭份,2023-06-09,9343
1802,台玻,20,0,20,華南永昌-頭份,2023-06-09,9343
3305,昇貿,20,0,20,華南永昌-頭份,2023-06-09,9343
3380,明泰,20,0,20,華南永昌-頭份,2023-06-09,9343
6234,高僑,19,0,19,華南永昌-頭份,2023-06-09,9343
2701,萬企,21,5,16,華南永昌-頭份,2023-06-09,9343
2419,仲琦,15,0,15,華南永昌-頭份,2023-06-09,9343
6266,泰詠,15,0,15,華南永昌-頭份,2023-06-09,9343
4130,健亞,15,0,15,華南永昌-頭份,2023-06-09,9343
6477,安集,14,0,14,華南永昌-頭份,2023-06-09,9343
6190,萬泰科,13,0,13,華南永昌-頭份,2023-06-09,9343
1612,宏泰,17,5,12,華南永昌-頭份,2023-06-09,9343
2609,陽明,12,0,12,華南永昌-頭份,2023-06-09,9343
8043,蜜望實,12,0,12,華南永昌-頭份,2023-06-09,9343
3047,訊舟,11,0,11,華南永昌-頭份,2023-06-09,9343
8070,長華*,11,0,11,華南永昌-頭份,2023-06-09,9343
8150,南茂,11,0,11,華南永昌-頭份,2023-06-09,9343
2449,京元電子,11,0,11,華南永昌-頭份,2023-06-09,9343
2603,長榮,16,6,10,華南永昌-頭份,2023-06-09,9343
1528,恩德,10,0,10,華南永昌-頭份,2023-06-09,9343
1785,光洋科,10,0,10,華南永昌-頭份,2023-06-09,9343
2031,新光鋼,10,0,10,華南永昌-頭份,2023-06-09,9343
3164,景岳,10,0,10,華南永昌-頭份,2023-06-09,9343
6282,康舒,15,5,10,華南永昌-頭份,2023-06-09,9343
1514,亞力,10,0,10,華南永昌-頭份,2023-06-09,9343
2206,三陽工業,20,11,9,華南永昌-頭份,2023-06-09,9343
5434,崇越,9,0,9,華南永昌-頭份,2023-06-09,9343
6244,茂迪,9,0,9,華南永昌-頭份,2023-06-09,9343
00715L,期街口布蘭特正2,8,0,8,華南永昌-頭份,2023-06-09,9343
00919,群益台灣精選高息,8,0,8,華南永昌-頭份,2023-06-09,9343
1525,江申,8,0,8,華南永昌-頭份,2023-06-09,9343
5258,虹堡,8,0,8,華南永昌-頭份,2023-06-09,9343
5347,世界,8,0,8,華南永昌-頭份,2023-06-09,9343
2421,建準,12,5,7,華南永昌-頭份,2023-06-09,9343
2615,萬海,8,1,7,華南永昌-頭份,2023-06-09,9343
3037,欣興,10,4,6,華南永昌-頭份,2023-06-09,9343
1504,東元,7,1,6,華南永昌-頭份,2023-06-09,9343
3617,碩天,7,1,6,華南永昌-頭份,2023-06-09,9343
3576,聯合再生,125,20,105,華南永昌-頭份,2023-06-12,9343
00673R,期元大S＆P原油反1,102,0,102,華南永昌-頭份,2023-06-12,9343
2897,王道銀行,100,0,100,華南永昌-頭份,2023-06-12,9343
2542,興富發,70,5,65,華南永昌-頭份,2023-06-12,9343
1605,華新,60,3,57,華南永昌-頭份,2023-06-12,9343
2886,兆豐金,50,0,50,華南永昌-頭份,2023-06-12,9343
6234,高僑,57,11,46,華南永昌-頭份,2023-06-12,9343
2852,第一保,43,0,43,華南永昌-頭份,2023-06-12,9343
00676R,富邦臺灣加權反1,40,0,40,華南永昌-頭份,2023-06-12,9343
4157,太景*-KY,44,7,37,華南永昌-頭份,2023-06-12,9343
3062,建漢,40,7,33,華南永昌-頭份,2023-06-12,9343
00919,群益台灣精選高息,32,0,32,華南永昌-頭份,2023-06-12,9343
2353,宏��,31,0,31,華南永昌-頭份,2023-06-12,9343
2515,中工,55,27,28,華南永昌-頭份,2023-06-12,9343
1584,精剛,28,0,28,華南永昌-頭份,2023-06-12,9343
2618,長榮航,554,527,27,華南永昌-頭份,2023-06-12,9343
2382,廣達,41,14,27,華南永昌-頭份,2023-06-12,9343
2442,新美齊,29,3,26,華南永昌-頭份,2023-06-12,9343
2630,亞航,26,1,25,華南永昌-頭份,2023-06-12,9343
8110,華東,24,0,24,華南永昌-頭份,2023-06-12,9343
6477,安集,23,2,21,華南永昌-頭份,2023-06-12,9343
1809,中釉,20,0,20,華南永昌-頭份,2023-06-12,9343
2457,飛宏,27,7,20,華南永昌-頭份,2023-06-12,9343
2368,金像電,22,3,19,華南永昌-頭份,2023-06-12,9343
2610,華航,22,3,19,華南永昌-頭份,2023-06-12,9343
2206,三陽工業,24,6,18,華南永昌-頭份,2023-06-12,9343
1905,華紙,37,22,15,華南永昌-頭份,2023-06-12,9343
00923,群益台ESG低碳50,20,5,15,華南永昌-頭份,2023-06-12,9343
2634,漢翔,16,1,15,華南永昌-頭份,2023-06-12,9343
5309,系統電,17,2,15,華南永昌-頭份,2023-06-12,9343
6185,幃翔,15,0,15,華南永昌-頭份,2023-06-12,9343
5410,國眾,14,0,14,華南永昌-頭份,2023-06-12,9343
2312,金寶,24,11,13,華南永昌-頭份,2023-06-12,9343
3033,威健,13,0,13,華南永昌-頭份,2023-06-12,9343
1609,大亞,48,36,12,華南永昌-頭份,2023-06-12,9343
8222,寶一,14,2,12,華南永昌-頭份,2023-06-12,9343
1513,中興電,13,1,12,華南永昌-頭份,2023-06-12,9343
5245,智晶,12,0,12,華南永昌-頭份,2023-06-12,9343
2324,仁寶,13,2,11,華南永昌-頭份,2023-06-12,9343
3338,泰碩,11,0,11,華南永昌-頭份,2023-06-12,9343
5511,德昌,12,1,11,華南永昌-頭份,2023-06-12,9343
8358,金居,14,3,11,華南永昌-頭份,2023-06-12,9343
8033,雷虎,10,0,10,華南永昌-頭份,2023-06-12,9343
1504,東元,13,3,10,華南永昌-頭份,2023-06-12,9343
00921,兆豐龍頭等權重,10,0,10,華南永昌-頭份,2023-06-12,9343
00631L,元大台灣50正2,10,0,10,華南永昌-頭份,2023-06-12,9343
1720,生達,10,0,10,華南永昌-頭份,2023-06-12,9343
2049,上銀,10,0,10,華南永昌-頭份,2023-06-12,9343
2201,裕隆,10,0,10,華南永昌-頭份,2023-06-12,9343
2393,億光,10,0,10,華南永昌-頭份,2023-06-12,9343
2888,新光金,231,0,231,華南永昌-頭份,2023-06-13,9343
5876,上海商銀,200,0,200,華南永昌-頭份,2023-06-13,9343
6278,台表科,73,0,73,華南永昌-頭份,2023-06-13,9343
9934,成霖,50,0,50,華南永昌-頭份,2023-06-13,9343
2323,中環,68,21,47,華南永昌-頭份,2023-06-13,9343
00919,群益台灣精選高息,47,1,46,華南永昌-頭份,2023-06-13,9343
00632R,元大台灣50反1,33,0,33,華南永昌-頭份,2023-06-13,9343
2425,承啟,58,26,32,華南永昌-頭份,2023-06-13,9343
00637L,元大滬深300正2,26,0,26,華南永昌-頭份,2023-06-13,9343
3652,精聯,25,0,25,華南永昌-頭份,2023-06-13,9343
2031,新光鋼,23,0,23,華南永昌-頭份,2023-06-13,9343
00715L,期街口布蘭特正2,24,1,23,華南永昌-頭份,2023-06-13,9343
6196,帆宣,26,5,21,華南永昌-頭份,2023-06-13,9343
5225,東科-KY,20,0,20,華南永昌-頭份,2023-06-13,9343
1609,大亞,79,59,20,華南永昌-頭份,2023-06-13,9343
2852,第一保,18,0,18,華南永昌-頭份,2023-06-13,9343
1504,東元,18,1,17,華南永昌-頭份,2023-06-13,9343
2457,飛宏,35,19,16,華南永昌-頭份,2023-06-13,9343
3033,威健,17,1,16,華南永昌-頭份,2023-06-13,9343
6605,帝寶,16,0,16,華南永昌-頭份,2023-06-13,9343
4157,太景*-KY,16,1,15,華南永昌-頭份,2023-06-13,9343
00676R,富邦臺灣加權反1,14,0,14,華南永昌-頭份,2023-06-13,9343
2352,佳世達,30,17,13,華南永昌-頭份,2023-06-13,9343
3071,協禧,13,0,13,華南永昌-頭份,2023-06-13,9343
8996,高力,12,0,12,華南永昌-頭份,2023-06-13,9343
2734,易飛網,11,0,11,華南永昌-頭份,2023-06-13,9343
6282,康舒,16,5,11,華南永昌-頭份,2023-06-13,9343
9958,世紀鋼,11,0,11,華南永昌-頭份,2023-06-13,9343
2354,鴻準,10,0,10,華南永昌-頭份,2023-06-13,9343
6218,豪勉,10,0,10,華南永昌-頭份,2023-06-13,9343
6589,台康生技,10,0,10,華南永昌-頭份,2023-06-13,9343
8088,品安,10,0,10,華南永昌-頭份,2023-06-13,9343
8358,金居,17,7,10,華南永昌-頭份,2023-06-13,9343
2340,台亞,11,2,9,華南永昌-頭份,2023-06-13,9343
2630,亞航,11,2,9,華南永昌-頭份,2023-06-13,9343
2634,漢翔,9,0,9,華南永昌-頭份,2023-06-13,9343
2449,京元電子,15,7,8,華南永昌-頭份,2023-06-13,9343
3231,緯創,21,13,8,華南永昌-頭份,2023-06-13,9343
1524,耿鼎,8,1,7,華南永昌-頭份,2023-06-13,9343
1589,永冠-KY,7,0,7,華南永昌-頭份,2023-06-13,9343
5309,系統電,7,0,7,華南永昌-頭份,2023-06-13,9343
3374,精材,16,10,6,華南永昌-頭份,2023-06-13,9343
4510,高鋒,7,1,6,華南永昌-頭份,2023-06-13,9343
6205,詮欣,7,1,6,華南永昌-頭份,2023-06-13,9343
2371,大同,5,0,5,華南永昌-頭份,2023-06-13,9343
2701,萬企,5,0,5,華南永昌-頭份,2023-06-13,9343
2706,第一店,5,0,5,華南永昌-頭份,2023-06-13,9343
3005,神基,10,5,5,華南永昌-頭份,2023-06-13,9343
3058,立德,5,0,5,華南永昌-頭份,2023-06-13,9343
3356,奇偶,5,0,5,華南永昌-頭份,2023-06-13,9343
00712,復華富時不動產,93,9,84,華南永昌-頭份,2023-06-14,9343
1711,永光,67,0,67,華南永昌-頭份,2023-06-14,9343
00919,群益台灣精選高息,60,0,60,華南永昌-頭份,2023-06-14,9343
1609,大亞,78,21,57,華南永昌-頭份,2023-06-14,9343
8277,商丞,50,0,50,華南永昌-頭份,2023-06-14,9343
2363,矽統,48,0,48,華南永昌-頭份,2023-06-14,9343
2443,昶虹,46,0,46,華南永昌-頭份,2023-06-14,9343
2457,飛宏,44,2,42,華南永昌-頭份,2023-06-14,9343
6125,廣運,45,7,38,華南永昌-頭份,2023-06-14,9343
8076,伍豐,43,7,36,華南永昌-頭份,2023-06-14,9343
2204,中華,35,0,35,華南永昌-頭份,2023-06-14,9343
2515,中工,30,0,30,華南永昌-頭份,2023-06-14,9343
3071,協禧,30,2,28,華南永昌-頭份,2023-06-14,9343
4533,協易機,34,11,23,華南永昌-頭份,2023-06-14,9343
2356,英業達,93,71,22,華南永昌-頭份,2023-06-14,9343
3058,立德,31,10,21,華南永昌-頭份,2023-06-14,9343
2331,精英,22,2,20,華南永昌-頭份,2023-06-14,9343
2425,承啟,20,1,19,華南永昌-頭份,2023-06-14,9343
1504,東元,68,51,17,華南永昌-頭份,2023-06-14,9343
1314,中石化,16,0,16,華南永昌-頭份,2023-06-14,9343
2201,裕隆,16,1,15,華南永昌-頭份,2023-06-14,9343
1319,東陽,15,1,14,華南永昌-頭份,2023-06-14,9343
1519,華城,19,5,14,華南永昌-頭份,2023-06-14,9343
3711,日月光投控,14,0,14,華南永昌-頭份,2023-06-14,9343
00773B,中信優先金融債,13,0,13,華南永昌-頭份,2023-06-14,9343
2371,大同,14,1,13,華南永昌-頭份,2023-06-14,9343
3013,晟銘電,13,0,13,華南永昌-頭份,2023-06-14,9343
4906,正文,13,1,12,華南永昌-頭份,2023-06-14,9343
3032,偉訓,12,0,12,華南永昌-頭份,2023-06-14,9343
4768,晶呈科技,12,0,12,華南永昌-頭份,2023-06-14,9343
2330,台積電,12,1,11,華南永昌-頭份,2023-06-14,9343
2376,技嘉,18,7,11,華南永昌-頭份,2023-06-14,9343
4968,立積,18,7,11,華南永昌-頭份,2023-06-14,9343
6278,台表科,11,0,11,華南永昌-頭份,2023-06-14,9343
1789,神隆,10,0,10,華南永昌-頭份,2023-06-14,9343
2382,廣達,13,3,10,華南永昌-頭份,2023-06-14,9343
2449,京元電子,13,3,10,華南永昌-頭份,2023-06-14,9343
6672,騰輝電子-KY,10,0,10,華南永昌-頭份,2023-06-14,9343
6689,伊雲谷,10,0,10,華南永昌-頭份,2023-06-14,9343
2368,金像電,13,4,9,華南永昌-頭份,2023-06-14,9343
3047,訊舟,14,5,9,華南永昌-頭份,2023-06-14,9343
6284,佳邦,9,0,9,華南永昌-頭份,2023-06-14,9343
3017,奇鋐,9,1,8,華南永昌-頭份,2023-06-14,9343
3033,威健,13,5,8,華南永昌-頭份,2023-06-14,9343
6477,安集,8,0,8,華南永昌-頭份,2023-06-14,9343
6535,順藥,8,0,8,華南永昌-頭份,2023-06-14,9343
3481,群創,8,0,8,華南永昌-頭份,2023-06-14,9343
2736,富野,9,2,7,華南永昌-頭份,2023-06-14,9343
4157,太景*-KY,7,0,7,華南永昌-頭份,2023-06-14,9343
5210,寶碩,7,0,7,華南永昌-頭份,2023-06-14,9343
1314,中石化,124,1,123,華南永昌-頭份,2023-06-15,9343
2482,連宇,153,39,114,華南永昌-頭份,2023-06-15,9343
00712,復華富時不動產,97,2,95,華南永昌-頭份,2023-06-15,9343
00919,群益台灣精選高息,72,0,72,華南永昌-頭份,2023-06-15,9343
6214,精誠,72,0,72,華南永昌-頭份,2023-06-15,9343
2892,第一金,42,0,42,華南永昌-頭份,2023-06-15,9343
1442,名軒,40,0,40,華南永昌-頭份,2023-06-15,9343
2356,英業達,87,52,35,華南永昌-頭份,2023-06-15,9343
1519,華城,51,17,34,華南永昌-頭份,2023-06-15,9343
1806,冠軍,28,1,27,華南永昌-頭份,2023-06-15,9343
3055,蔚華科,86,61,25,華南永昌-頭份,2023-06-15,9343
00632R,元大台灣50反1,24,0,24,華南永昌-頭份,2023-06-15,9343
3704,合勤控,25,1,24,華南永昌-頭份,2023-06-15,9343
2317,鴻海,34,11,23,華南永昌-頭份,2023-06-15,9343
3033,威健,40,20,20,華南永昌-頭份,2023-06-15,9343
2369,菱生,20,0,20,華南永昌-頭份,2023-06-15,9343
2457,飛宏,31,11,20,華南永昌-頭份,2023-06-15,9343
3338,泰碩,20,0,20,華南永昌-頭份,2023-06-15,9343
5876,上海商銀,20,0,20,華南永昌-頭份,2023-06-15,9343
6175,立敦,20,0,20,華南永昌-頭份,2023-06-15,9343
8024,佑華,20,0,20,華南永昌-頭份,2023-06-15,9343
3346,麗清,20,1,19,華南永昌-頭份,2023-06-15,9343
2609,陽明,38,20,18,華南永昌-頭份,2023-06-15,9343
1609,大亞,30,13,17,華南永昌-頭份,2023-06-15,9343
2352,佳世達,20,3,17,華南永昌-頭份,2023-06-15,9343
3231,緯創,52,36,16,華南永昌-頭份,2023-06-15,9343
1101,台泥,16,1,15,華南永昌-頭份,2023-06-15,9343
4157,太景*-KY,15,0,15,華南永昌-頭份,2023-06-15,9343
1319,東陽,21,7,14,華南永昌-頭份,2023-06-15,9343
3576,聯合再生,14,0,14,華南永昌-頭份,2023-06-15,9343
2888,新光金,13,0,13,華南永昌-頭份,2023-06-15,9343
6173,信昌電,12,0,12,華南永昌-頭份,2023-06-15,9343
3706,神達,85,74,11,華南永昌-頭份,2023-06-15,9343
6133,金橋,11,0,11,華南永昌-頭份,2023-06-15,9343
9958,世紀鋼,12,2,10,華南永昌-頭份,2023-06-15,9343
00929,復華台灣科技優息,10,0,10,華南永昌-頭份,2023-06-15,9343
1720,生達,10,0,10,華南永昌-頭份,2023-06-15,9343
2049,上銀,30,20,10,華南永昌-頭份,2023-06-15,9343
2471,資通,13,3,10,華南永昌-頭份,2023-06-15,9343
2504,國產,10,0,10,華南永昌-頭份,2023-06-15,9343
3260,威剛,10,0,10,華南永昌-頭份,2023-06-15,9343
3483,力致,12,2,10,華南永昌-頭份,2023-06-15,9343
3707,漢磊,12,2,10,華南永昌-頭份,2023-06-15,9343
5512,力麒,25,15,10,華南永昌-頭份,2023-06-15,9343
6139,亞翔,15,5,10,華南永昌-頭份,2023-06-15,9343
6167,久正,10,0,10,華南永昌-頭份,2023-06-15,9343
8088,品安,12,2,10,華南永昌-頭份,2023-06-15,9343
3163,波若威,39,30,9,華南永昌-頭份,2023-06-15,9343
3167,大量,10,1,9,華南永昌-頭份,2023-06-15,9343
00882,中信中國高股息,13,5,8,華南永昌-頭份,2023-06-15,9343
2610,華航,323,168,155,華南永昌-頭份,2023-06-16,9343
4950,牧東,151,0,151,華南永昌-頭份,2023-06-16,9343
00673R,期元大S＆P原油反1,117,0,117,華南永昌-頭份,2023-06-16,9343
2409,友達,126,12,114,華南永昌-頭份,2023-06-16,9343
2883,凱基金,117,8,109,華南永昌-頭份,2023-06-16,9343
2331,精英,79,5,74,華南永昌-頭份,2023-06-16,9343
6125,廣運,75,3,72,華南永昌-頭份,2023-06-16,9343
3071,協禧,50,0,50,華南永昌-頭份,2023-06-16,9343
1905,華紙,53,11,42,華南永昌-頭份,2023-06-16,9343
1442,名軒,33,0,33,華南永昌-頭份,2023-06-16,9343
00919,群益台灣精選高息,34,2,32,華南永昌-頭份,2023-06-16,9343
1605,華新,49,22,27,華南永昌-頭份,2023-06-16,9343
2618,長榮航,45,20,25,華南永昌-頭份,2023-06-16,9343
3706,神達,45,20,25,華南永昌-頭份,2023-06-16,9343
2352,佳世達,25,0,25,華南永昌-頭份,2023-06-16,9343
4102,永日,24,1,23,華南永昌-頭份,2023-06-16,9343
1503,士電,29,9,20,華南永昌-頭份,2023-06-16,9343
3013,晟銘電,37,17,20,華南永昌-頭份,2023-06-16,9343
2425,承啟,40,21,19,華南永昌-頭份,2023-06-16,9343
2201,裕隆,40,22,18,華南永昌-頭份,2023-06-16,9343
2328,廣宇,18,0,18,華南永昌-頭份,2023-06-16,9343
3078,僑威,49,31,18,華南永昌-頭份,2023-06-16,9343
6116,彩晶,31,13,18,華南永昌-頭份,2023-06-16,9343
6173,信昌電,18,0,18,華南永昌-頭份,2023-06-16,9343
1314,中石化,21,4,17,華南永昌-頭份,2023-06-16,9343
3260,威剛,24,8,16,華南永昌-頭份,2023-06-16,9343
3673,TPK-KY,16,0,16,華南永昌-頭份,2023-06-16,9343
2330,台積電,15,2,13,華南永昌-頭份,2023-06-16,9343
2634,漢翔,32,19,13,華南永昌-頭份,2023-06-16,9343
4526,東台,21,8,13,華南永昌-頭份,2023-06-16,9343
00713,元大台灣高息低波,15,3,12,華南永昌-頭份,2023-06-16,9343
3231,緯創,56,45,11,華南永昌-頭份,2023-06-16,9343
2303,聯電,12,1,11,華南永昌-頭份,2023-06-16,9343
2405,輔信,12,1,11,華南永昌-頭份,2023-06-16,9343
00751B,元大AAA至A公司債,12,2,10,華南永昌-頭份,2023-06-16,9343
1815,富喬,13,3,10,華南永昌-頭份,2023-06-16,9343
2211,長榮鋼,10,0,10,華南永昌-頭份,2023-06-16,9343
2369,菱生,31,21,10,華南永昌-頭份,2023-06-16,9343
2443,昶虹,10,0,10,華南永昌-頭份,2023-06-16,9343
2630,亞航,10,0,10,華南永昌-頭份,2023-06-16,9343
3024,憶聲,12,2,10,華南永昌-頭份,2023-06-16,9343
6239,力成,10,0,10,華南永昌-頭份,2023-06-16,9343
8905,裕國,10,0,10,華南永昌-頭份,2023-06-16,9343
3363,上詮,10,1,9,華南永昌-頭份,2023-06-16,9343
6443,元晶,9,0,9,華南永昌-頭份,2023-06-16,9343
8038,長園科,9,0,9,華南永昌-頭份,2023-06-16,9343
1449,佳和,9,1,8,華南永昌-頭份,2023-06-16,9343
2313,華通,10,2,8,華南永昌-頭份,2023-06-16,9343
2332,友訊,9,1,8,華南永昌-頭份,2023-06-16,9343
2486,一詮,10,2,8,華南永昌-頭份,2023-06-16,9343
00712,復華富時不動產,180,8,172,華南永昌-頭份,2023-06-19,9343
2409,友達,121,42,79,華南永昌-頭份,2023-06-19,9343
2323,中環,89,12,77,華南永昌-頭份,2023-06-19,9343
2645,長榮航太,52,1,51,華南永昌-頭份,2023-06-19,9343
3055,蔚華科,48,0,48,華南永昌-頭份,2023-06-19,9343
2421,建準,59,13,46,華南永昌-頭份,2023-06-19,9343
1710,東聯,40,0,40,華南永昌-頭份,2023-06-19,9343
6753,龍德造船,31,0,31,華南永昌-頭份,2023-06-19,9343
2515,中工,30,0,30,華南永昌-頭份,2023-06-19,9343
2615,萬海,25,0,25,華南永昌-頭份,2023-06-19,9343
2344,華邦電,32,7,25,華南永昌-頭份,2023-06-19,9343
3706,神達,23,1,22,華南永昌-頭份,2023-06-19,9343
1802,台玻,30,9,21,華南永昌-頭份,2023-06-19,9343
3272,東碩,21,0,21,華南永昌-頭份,2023-06-19,9343
912000,晨訊科-DR,20,0,20,華南永昌-頭份,2023-06-19,9343
2352,佳世達,18,0,18,華南永昌-頭份,2023-06-19,9343
1529,樂事綠能,17,0,17,華南永昌-頭份,2023-06-19,9343
2027,大成鋼,16,0,16,華南永昌-頭份,2023-06-19,9343
2436,偉詮電,16,0,16,華南永昌-頭份,2023-06-19,9343
2883,凱基金,19,3,16,華南永昌-頭份,2023-06-19,9343
1101,台泥,15,0,15,華南永昌-頭份,2023-06-19,9343
2362,藍天,15,0,15,華南永昌-頭份,2023-06-19,9343
2820,華票,15,0,15,華南永昌-頭份,2023-06-19,9343
1319,東陽,21,7,14,華南永昌-頭份,2023-06-19,9343
1605,華新,19,5,14,華南永昌-頭份,2023-06-19,9343
9962,有益,14,0,14,華南永昌-頭份,2023-06-19,9343
3231,緯創,28,15,13,華南永昌-頭份,2023-06-19,9343
2104,國際中橡,14,1,13,華南永昌-頭份,2023-06-19,9343
6148,驊宏資,20,7,13,華南永昌-頭份,2023-06-19,9343
3147,大綜,12,0,12,華南永昌-頭份,2023-06-19,9343
3167,大量,12,0,12,華南永昌-頭份,2023-06-19,9343
8085,福華,20,8,12,華南永昌-頭份,2023-06-19,9343
00637L,元大滬深300正2,11,0,11,華南永昌-頭份,2023-06-19,9343
1907,永豐餘,11,0,11,華南永昌-頭份,2023-06-19,9343
1514,亞力,16,6,10,華南永昌-頭份,2023-06-19,9343
00929,復華台灣科技優息,10,0,10,華南永昌-頭份,2023-06-19,9343
00882,中信中國高股息,10,0,10,華南永昌-頭份,2023-06-19,9343
1611,中電,10,0,10,華南永昌-頭份,2023-06-19,9343
1720,生達,10,0,10,華南永昌-頭份,2023-06-19,9343
1905,華紙,15,5,10,華南永昌-頭份,2023-06-19,9343
2489,瑞軒,10,0,10,華南永昌-頭份,2023-06-19,9343
2913,農林,10,0,10,華南永昌-頭份,2023-06-19,9343
3580,友威科,10,0,10,華南永昌-頭份,2023-06-19,9343
4105,東洋,10,0,10,華南永昌-頭份,2023-06-19,9343
6698,旭暉應材,10,0,10,華南永昌-頭份,2023-06-19,9343
2371,大同,12,3,9,華南永昌-頭份,2023-06-19,9343
2399,映泰,10,1,9,華南永昌-頭份,2023-06-19,9343
4116,明基醫,9,0,9,華南永昌-頭份,2023-06-19,9343
6116,彩晶,93,84,9,華南永昌-頭份,2023-06-19,9343
0056,元大高股息,11,2,9,華南永昌-頭份,2023-06-19,9343
1528,恩德,51,3,48,華南永昌-頭份,2023-06-20,9343
2409,友達,65,21,44,華南永昌-頭份,2023-06-20,9343
2618,長榮航,49,9,40,華南永昌-頭份,2023-06-20,9343
3167,大量,40,0,40,華南永昌-頭份,2023-06-20,9343
5009,榮剛,33,5,28,華南永昌-頭份,2023-06-20,9343
6288,聯嘉,35,11,24,華南永昌-頭份,2023-06-20,9343
1609,大亞,27,4,23,華南永昌-頭份,2023-06-20,9343
3025,星通,33,11,22,華南永昌-頭份,2023-06-20,9343
0056,元大高股息,23,2,21,華南永昌-頭份,2023-06-20,9343
00882,中信中國高股息,20,0,20,華南永昌-頭份,2023-06-20,9343
2317,鴻海,22,2,20,華南永昌-頭份,2023-06-20,9343
2457,飛宏,24,5,19,華南永昌-頭份,2023-06-20,9343
6753,龍德造船,17,0,17,華南永昌-頭份,2023-06-20,9343
3029,零壹,16,0,16,華南永昌-頭份,2023-06-20,9343
2030,彰源,15,0,15,華南永昌-頭份,2023-06-20,9343
2883,凱基金,45,31,14,華南永昌-頭份,2023-06-20,9343
1612,宏泰,34,21,13,華南永昌-頭份,2023-06-20,9343
3013,晟銘電,12,0,12,華南永昌-頭份,2023-06-20,9343
5328,華容,12,0,12,華南永昌-頭份,2023-06-20,9343
2425,承啟,11,0,11,華南永昌-頭份,2023-06-20,9343
6290,良維,13,2,11,華南永昌-頭份,2023-06-20,9343
2454,聯發科,11,1,10,華南永昌-頭份,2023-06-20,9343
3711,日月光投控,11,1,10,華南永昌-頭份,2023-06-20,9343
2308,台達電,10,0,10,華南永昌-頭份,2023-06-20,9343
1802,台玻,10,0,10,華南永昌-頭份,2023-06-20,9343
1436,華友聯,10,0,10,華南永昌-頭份,2023-06-20,9343
00888,永豐台灣ESG,10,0,10,華南永昌-頭份,2023-06-20,9343
1809,中釉,10,0,10,華南永昌-頭份,2023-06-20,9343
2424,隴華,10,0,10,華南永昌-頭份,2023-06-20,9343
2515,中工,10,0,10,華南永昌-頭份,2023-06-20,9343
3213,茂訊,15,5,10,華南永昌-頭份,2023-06-20,9343
6112,邁達特,11,1,10,華南永昌-頭份,2023-06-20,9343
6148,驊宏資,11,1,10,華南永昌-頭份,2023-06-20,9343
6509,聚和,10,0,10,華南永昌-頭份,2023-06-20,9343
6577,勁豐,10,0,10,華南永昌-頭份,2023-06-20,9343
6806,森崴能源,10,0,10,華南永昌-頭份,2023-06-20,9343
3260,威剛,10,1,9,華南永昌-頭份,2023-06-20,9343
1723,中碳,8,0,8,華南永昌-頭份,2023-06-20,9343
1815,富喬,8,0,8,華南永昌-頭份,2023-06-20,9343
5460,同協,8,0,8,華南永昌-頭份,2023-06-20,9343
2356,英業達,15,8,7,華南永昌-頭份,2023-06-20,9343
2645,長榮航太,15,8,7,華南永昌-頭份,2023-06-20,9343
6111,大宇資,14,7,7,華南永昌-頭份,2023-06-20,9343
00929,復華台灣科技優息,6,0,6,華南永昌-頭份,2023-06-20,9343
6116,彩晶,6,0,6,華南永昌-頭份,2023-06-20,9343
3088,艾訊,7,1,6,華南永昌-頭份,2023-06-20,9343
3338,泰碩,6,0,6,華南永昌-頭份,2023-06-20,9343
5309,系統電,6,0,6,華南永昌-頭份,2023-06-20,9343
2610,華航,77,72,5,華南永昌-頭份,2023-06-20,9343
1301,台塑,5,0,5,華南永昌-頭份,2023-06-20,9343
2705,六福,243,17,226,華南永昌-頭份,2023-06-21,9343
2736,富野,102,1,101,華南永昌-頭份,2023-06-21,9343
00882,中信中國高股息,91,0,91,華南永昌-頭份,2023-06-21,9343
2609,陽明,87,0,87,華南永昌-頭份,2023-06-21,9343
2888,新光金,50,0,50,華南永昌-頭份,2023-06-21,9343
2425,承啟,55,6,49,華南永昌-頭份,2023-06-21,9343
5009,榮剛,60,16,44,華南永昌-頭份,2023-06-21,9343
2882,國泰金,30,1,29,華南永昌-頭份,2023-06-21,9343
1904,正隆,27,0,27,華南永昌-頭份,2023-06-21,9343
1216,統一,22,0,22,華南永昌-頭份,2023-06-21,9343
2603,長榮,21,0,21,華南永昌-頭份,2023-06-21,9343
3380,明泰,21,0,21,華南永昌-頭份,2023-06-21,9343
6112,邁達特,31,12,19,華南永昌-頭份,2023-06-21,9343
00665L,富邦�琤肭磪囓�2,18,0,18,華南永昌-頭份,2023-06-21,9343
3167,大量,17,0,17,華南永昌-頭份,2023-06-21,9343
1616,億泰,16,0,16,華南永昌-頭份,2023-06-21,9343
00878,國泰永續高股息,29,14,15,華南永昌-頭份,2023-06-21,9343
00888,永豐台灣ESG,15,0,15,華南永昌-頭份,2023-06-21,9343
00753L,中信中國50正2,15,0,15,華南永昌-頭份,2023-06-21,9343
00919,群益台灣精選高息,13,0,13,華南永昌-頭份,2023-06-21,9343
2337,旺宏,13,0,13,華南永昌-頭份,2023-06-21,9343
2834,臺企銀,13,0,13,華南永昌-頭份,2023-06-21,9343
8210,勤誠,24,11,13,華南永昌-頭份,2023-06-21,9343
8222,寶一,13,0,13,華南永昌-頭份,2023-06-21,9343
2913,農林,13,1,12,華南永昌-頭份,2023-06-21,9343
5706,鳳凰,21,9,12,華南永昌-頭份,2023-06-21,9343
00679B,元大美債20年,11,0,11,華南永昌-頭份,2023-06-21,9343
2328,廣宇,11,0,11,華南永昌-頭份,2023-06-21,9343
3711,日月光投控,12,1,11,華南永昌-頭份,2023-06-21,9343
8046,南電,12,1,11,華南永昌-頭份,2023-06-21,9343
2211,長榮鋼,10,0,10,華南永昌-頭份,2023-06-21,9343
3062,建漢,10,0,10,華南永昌-頭份,2023-06-21,9343
3213,茂訊,10,0,10,華南永昌-頭份,2023-06-21,9343
6190,萬泰科,10,0,10,華南永昌-頭份,2023-06-21,9343
6698,旭暉應材,10,0,10,華南永昌-頭份,2023-06-21,9343
2382,廣達,17,8,9,華南永昌-頭份,2023-06-21,9343
1103,嘉泥,9,0,9,華南永昌-頭份,2023-06-21,9343
2645,長榮航太,9,0,9,華南永昌-頭份,2023-06-21,9343
3479,安勤,9,0,9,華南永昌-頭份,2023-06-21,9343
3706,神達,10,1,9,華南永昌-頭份,2023-06-21,9343
4128,中天,9,0,9,華南永昌-頭份,2023-06-21,9343
6290,良維,13,4,9,華南永昌-頭份,2023-06-21,9343
6120,達運,10,2,8,華南永昌-頭份,2023-06-21,9343
2323,中環,37,29,8,華南永昌-頭份,2023-06-21,9343
3006,晶豪科,8,0,8,華南永昌-頭份,2023-06-21,9343
5469,瀚宇博,11,3,8,華南永昌-頭份,2023-06-21,9343
6133,金橋,8,0,8,華南永昌-頭份,2023-06-21,9343
6672,騰輝電子-KY,10,2,8,華南永昌-頭份,2023-06-21,9343
8930,青鋼,8,0,8,華南永昌-頭份,2023-06-21,9343
1218,泰山,10,3,7,華南永昌-頭份,2023-06-21,9343
2736,富野,464,2,462,華南永昌-頭份,2023-06-26,9343
00637L,元大滬深300正2,77,0,77,華南永昌-頭份,2023-06-26,9343
00878,國泰永續高股息,57,5,52,華南永昌-頭份,2023-06-26,9343
9904,寶成,51,0,51,華南永昌-頭份,2023-06-26,9343
3481,群創,80,51,29,華南永昌-頭份,2023-06-26,9343
2453,凌群,33,5,28,華南永昌-頭份,2023-06-26,9343
6120,達運,26,0,26,華南永昌-頭份,2023-06-26,9343
2337,旺宏,28,5,23,華南永昌-頭份,2023-06-26,9343
00687B,國泰20年美債,21,0,21,華南永昌-頭份,2023-06-26,9343
6188,廣明,21,0,21,華南永昌-頭份,2023-06-26,9343
1612,宏泰,20,0,20,華南永昌-頭份,2023-06-26,9343
2208,台船,20,0,20,華南永昌-頭份,2023-06-26,9343
3032,偉訓,31,11,20,華南永昌-頭份,2023-06-26,9343
00665L,富邦�琤肭磪囓�2,18,0,18,華南永昌-頭份,2023-06-26,9343
2634,漢翔,24,6,18,華南永昌-頭份,2023-06-26,9343
6217,中探針,18,0,18,華南永昌-頭份,2023-06-26,9343
2303,聯電,18,1,17,華南永昌-頭份,2023-06-26,9343
00929,復華台灣科技優息,16,0,16,華南永昌-頭份,2023-06-26,9343
00753L,中信中國50正2,19,3,16,華南永昌-頭份,2023-06-26,9343
00715L,期街口布蘭特正2,16,1,15,華南永昌-頭份,2023-06-26,9343
2618,長榮航,17,2,15,華南永昌-頭份,2023-06-26,9343
5876,上海商銀,15,0,15,華南永昌-頭份,2023-06-26,9343
2888,新光金,14,0,14,華南永昌-頭份,2023-06-26,9343
3078,僑威,24,10,14,華南永昌-頭份,2023-06-26,9343
2609,陽明,13,0,13,華南永昌-頭份,2023-06-26,9343
6282,康舒,16,3,13,華南永昌-頭份,2023-06-26,9343
3207,耀勝,13,0,13,華南永昌-頭份,2023-06-26,9343
6788,華景電,13,0,13,華南永昌-頭份,2023-06-26,9343
3711,日月光投控,12,0,12,華南永昌-頭份,2023-06-26,9343
00905,FT臺灣Smart,11,0,11,華南永昌-頭份,2023-06-26,9343
2637,慧洋-KY,11,0,11,華南永昌-頭份,2023-06-26,9343
2610,華航,53,43,10,華南永昌-頭份,2023-06-26,9343
2382,廣達,15,5,10,華南永昌-頭份,2023-06-26,9343
2025,千興,10,0,10,華南永昌-頭份,2023-06-26,9343
2302,麗正,10,0,10,華南永昌-頭份,2023-06-26,9343
2349,錸德,10,0,10,華南永昌-頭份,2023-06-26,9343
2425,承啟,11,1,10,華南永昌-頭份,2023-06-26,9343
3047,訊舟,10,0,10,華南永昌-頭份,2023-06-26,9343
6160,欣技,10,0,10,華南永昌-頭份,2023-06-26,9343
6276,安鈦克,10,0,10,華南永昌-頭份,2023-06-26,9343
8105,凌巨,14,4,10,華南永昌-頭份,2023-06-26,9343
00720B,元大投資級公司債,11,2,9,華南永昌-頭份,2023-06-26,9343
3338,泰碩,9,0,9,華南永昌-頭份,2023-06-26,9343
2323,中環,30,21,9,華南永昌-頭份,2023-06-26,9343
1605,華新,8,0,8,華南永昌-頭份,2023-06-26,9343
2201,裕隆,8,1,7,華南永昌-頭份,2023-06-26,9343
1319,東陽,10,3,7,華南永昌-頭份,2023-06-26,9343
4916,事欣科,13,6,7,華南永昌-頭份,2023-06-26,9343
5009,榮剛,10,3,7,華南永昌-頭份,2023-06-26,9343
8183,精星,7,0,7,華南永昌-頭份,2023-06-26,9343
1907,永豐餘,103,1,102,華南永昌-頭份,2023-06-27,9343
5371,中光電,92,0,92,華南永昌-頭份,2023-06-27,9343
3481,群創,87,14,73,華南永昌-頭份,2023-06-27,9343
2312,金寶,66,3,63,華南永昌-頭份,2023-06-27,9343
1314,中石化,40,2,38,華南永昌-頭份,2023-06-27,9343
3706,神達,42,7,35,華南永昌-頭份,2023-06-27,9343
1905,華紙,32,4,28,華南永昌-頭份,2023-06-27,9343
2303,聯電,38,10,28,華南永昌-頭份,2023-06-27,9343
3338,泰碩,35,9,26,華南永昌-頭份,2023-06-27,9343
5351,鈺創,22,0,22,華南永昌-頭份,2023-06-27,9343
3032,偉訓,21,0,21,華南永昌-頭份,2023-06-27,9343
6191,精成科,20,0,20,華南永昌-頭份,2023-06-27,9343
1605,華新,30,12,18,華南永昌-頭份,2023-06-27,9343
3356,奇偶,60,42,18,華南永昌-頭份,2023-06-27,9343
2317,鴻海,29,12,17,華南永昌-頭份,2023-06-27,9343
2344,華邦電,16,0,16,華南永昌-頭份,2023-06-27,9343
2610,華航,38,22,16,華南永昌-頭份,2023-06-27,9343
6116,彩晶,15,0,15,華南永昌-頭份,2023-06-27,9343
2515,中工,15,0,15,華南永昌-頭份,2023-06-27,9343
1513,中興電,26,11,15,華南永昌-頭份,2023-06-27,9343
3038,全台,21,6,15,華南永昌-頭份,2023-06-27,9343
3078,僑威,24,9,15,華南永昌-頭份,2023-06-27,9343
4161,聿新科,15,0,15,華南永昌-頭份,2023-06-27,9343
2457,飛宏,23,8,15,華南永昌-頭份,2023-06-27,9343
00720B,元大投資級公司債,14,0,14,華南永昌-頭份,2023-06-27,9343
00902,中信電池及儲能,14,0,14,華南永昌-頭份,2023-06-27,9343
3047,訊舟,14,0,14,華南永昌-頭份,2023-06-27,9343
2020,美亞,13,0,13,華南永昌-頭份,2023-06-27,9343
2206,三陽工業,12,0,12,華南永昌-頭份,2023-06-27,9343
1734,杏輝,17,5,12,華南永昌-頭份,2023-06-27,9343
00919,群益台灣精選高息,31,20,11,華南永昌-頭份,2023-06-27,9343
1560,中砂,13,2,11,華南永昌-頭份,2023-06-27,9343
00929,復華台灣科技優息,10,0,10,華南永昌-頭份,2023-06-27,9343
1504,東元,22,12,10,華南永昌-頭份,2023-06-27,9343
1503,士電,14,4,10,華南永昌-頭份,2023-06-27,9343
1471,首利,10,0,10,華南永昌-頭份,2023-06-27,9343
00706L,期元大S＆P日圓正2,10,0,10,華南永昌-頭份,2023-06-27,9343
2885,元大金,10,0,10,華南永昌-頭份,2023-06-27,9343
3704,合勤控,10,0,10,華南永昌-頭份,2023-06-27,9343
4934,太極,10,0,10,華南永昌-頭份,2023-06-27,9343
6124,業強,17,7,10,華南永昌-頭份,2023-06-27,9343
6680,鑫創電子,10,0,10,華南永昌-頭份,2023-06-27,9343
8085,福華,10,0,10,華南永昌-頭份,2023-06-27,9343
0056,元大高股息,19,10,9,華南永昌-頭份,2023-06-27,9343
1514,亞力,12,3,9,華南永昌-頭份,2023-06-27,9343
9962,有益,9,0,9,華南永昌-頭份,2023-06-27,9343
1752,南光,18,10,8,華南永昌-頭份,2023-06-27,9343
4961,天鈺,8,0,8,華南永昌-頭份,2023-06-27,9343
2427,三商電,23,15,8,華南永昌-頭份,2023-06-27,9343
1319,東陽,10,2,8,華南永昌-頭份,2023-06-27,9343
2834,臺企銀,200,0,200,華南永昌-頭份,2023-06-28,9343
00715L,期街口布蘭特正2,168,3,165,華南永昌-頭份,2023-06-28,9343
00637L,元大滬深300正2,140,3,137,華南永昌-頭份,2023-06-28,9343
00919,群益台灣精選高息,30,0,30,華南永昌-頭份,2023-06-28,9343
00772B,中信高評級公司債,30,0,30,華南永昌-頭份,2023-06-28,9343
1605,華新,30,5,25,華南永昌-頭份,2023-06-28,9343
1301,台塑,23,0,23,華南永昌-頭份,2023-06-28,9343
2329,華泰,23,0,23,華南永昌-頭份,2023-06-28,9343
3078,僑威,33,10,23,華南永昌-頭份,2023-06-28,9343
4123,晟德,24,2,22,華南永昌-頭份,2023-06-28,9343
1303,南亞,20,0,20,華南永昌-頭份,2023-06-28,9343
3450,聯鈞,20,0,20,華南永昌-頭份,2023-06-28,9343
3703,欣陸,20,0,20,華南永昌-頭份,2023-06-28,9343
5227,立凱-KY,20,0,20,華南永昌-頭份,2023-06-28,9343
2609,陽明,17,1,16,華南永昌-頭份,2023-06-28,9343
00712,復華富時不動產,22,7,15,華南永昌-頭份,2023-06-28,9343
6188,廣明,15,0,15,華南永昌-頭份,2023-06-28,9343
2317,鴻海,18,4,14,華南永昌-頭份,2023-06-28,9343
1907,永豐餘,12,0,12,華南永昌-頭份,2023-06-28,9343
6217,中探針,12,0,12,華南永昌-頭份,2023-06-28,9343
1609,大亞,14,2,12,華南永昌-頭份,2023-06-28,9343
3481,群創,38,27,11,華南永昌-頭份,2023-06-28,9343
2883,凱基金,11,0,11,華南永昌-頭份,2023-06-28,9343
6276,安鈦克,15,4,11,華南永昌-頭份,2023-06-28,9343
2421,建準,11,0,11,華南永昌-頭份,2023-06-28,9343
1608,華榮,10,0,10,華南永昌-頭份,2023-06-28,9343
00725B,國泰投資級公司債,10,0,10,華南永昌-頭份,2023-06-28,9343
1905,華紙,10,0,10,華南永昌-頭份,2023-06-28,9343
2406,國碩,10,0,10,華南永昌-頭份,2023-06-28,9343
2495,普安,10,0,10,華南永昌-頭份,2023-06-28,9343
2885,元大金,10,0,10,華南永昌-頭份,2023-06-28,9343
2888,新光金,10,0,10,華南永昌-頭份,2023-06-28,9343
4161,聿新科,10,0,10,華南永昌-頭份,2023-06-28,9343
2603,長榮,14,4,10,華南永昌-頭份,2023-06-28,9343
2801,彰銀,10,1,9,華南永昌-頭份,2023-06-28,9343
3049,精金,17,8,9,華南永昌-頭份,2023-06-28,9343
3665,貿聯-KY,9,0,9,華南永昌-頭份,2023-06-28,9343
3037,欣興,9,1,8,華南永昌-頭份,2023-06-28,9343
00720B,元大投資級公司債,7,0,7,華南永昌-頭份,2023-06-28,9343
3363,上詮,7,0,7,華南永昌-頭份,2023-06-28,9343
4906,正文,12,6,6,華南永昌-頭份,2023-06-28,9343
9945,潤泰新,6,0,6,華南永昌-頭份,2023-06-28,9343
1522,堤維西,6,0,6,華南永昌-頭份,2023-06-28,9343
2392,正崴,6,0,6,華南永昌-頭份,2023-06-28,9343
2425,承啟,20,14,6,華南永昌-頭份,2023-06-28,9343
2882,國泰金,8,2,6,華南永昌-頭份,2023-06-28,9343
4533,協易機,7,1,6,華南永昌-頭份,2023-06-28,9343
5425,台半,7,1,6,華南永昌-頭份,2023-06-28,9343
6770,力積電,6,0,6,華南永昌-頭份,2023-06-28,9343
2201,裕隆,10,5,5,華南永昌-頭份,2023-06-28,9343
00637L,元大滬深300正2,205,0,205,華南永昌-頭份,2023-06-29,9343
2834,臺企銀,200,0,200,華南永昌-頭份,2023-06-29,9343
4414,如興,100,0,100,華南永昌-頭份,2023-06-29,9343
2886,兆豐金,90,1,89,華南永昌-頭份,2023-06-29,9343
00882,中信中國高股息,75,0,75,華南永昌-頭份,2023-06-29,9343
2618,長榮航,79,13,66,華南永昌-頭份,2023-06-29,9343
2885,元大金,31,0,31,華南永昌-頭份,2023-06-29,9343
3380,明泰,43,13,30,華南永昌-頭份,2023-06-29,9343
2634,漢翔,38,12,26,華南永昌-頭份,2023-06-29,9343
00878,國泰永續高股息,19,0,19,華南永昌-頭份,2023-06-29,9343
9904,寶成,18,0,18,華南永昌-頭份,2023-06-29,9343
1314,中石化,26,10,16,華南永昌-頭份,2023-06-29,9343
2888A,新光金甲特,14,0,14,華南永昌-頭份,2023-06-29,9343
6142,友勁,15,2,13,華南永昌-頭份,2023-06-29,9343
2888,新光金,12,0,12,華南永昌-頭份,2023-06-29,9343
1605,華新,16,4,12,華南永昌-頭份,2023-06-29,9343
1528,恩德,12,1,11,華南永昌-頭份,2023-06-29,9343
2303,聯電,12,1,11,華南永昌-頭份,2023-06-29,9343
6223,旺矽,11,0,11,華南永昌-頭份,2023-06-29,9343
9962,有益,11,0,11,華南永昌-頭份,2023-06-29,9343
2412,中華電,10,0,10,華南永昌-頭份,2023-06-29,9343
1319,東陽,10,0,10,華南永昌-頭份,2023-06-29,9343
1809,中釉,10,0,10,華南永昌-頭份,2023-06-29,9343
2441,超豐,10,0,10,華南永昌-頭份,2023-06-29,9343
2884,玉山金,10,0,10,華南永昌-頭份,2023-06-29,9343
3003,健和興,10,0,10,華南永昌-頭份,2023-06-29,9343
3265,台星科,10,0,10,華南永昌-頭份,2023-06-29,9343
5469,瀚宇博,10,0,10,華南永昌-頭份,2023-06-29,9343
6190,萬泰科,10,0,10,華南永昌-頭份,2023-06-29,9343
6191,精成科,20,10,10,華南永昌-頭份,2023-06-29,9343
8085,福華,10,0,10,華南永昌-頭份,2023-06-29,9343
2409,友達,10,1,9,華南永昌-頭份,2023-06-29,9343
4155,訊映,39,30,9,華南永昌-頭份,2023-06-29,9343
3481,群創,27,19,8,華南永昌-頭份,2023-06-29,9343
3078,僑威,10,2,8,華南永昌-頭份,2023-06-29,9343
3583,辛耘,8,0,8,華南永昌-頭份,2023-06-29,9343
4563,百德,7,0,7,華南永昌-頭份,2023-06-29,9343
2317,鴻海,13,6,7,華南永昌-頭份,2023-06-29,9343
2230,泰茂,7,1,6,華南永昌-頭份,2023-06-29,9343
2359,所羅門,6,0,6,華南永昌-頭份,2023-06-29,9343
4743,合一,12,6,6,華南永昌-頭份,2023-06-29,9343
6243,迅杰,6,0,6,華南永昌-頭份,2023-06-29,9343
8088,品安,26,20,6,華南永昌-頭份,2023-06-29,9343
6470,宇智,18,12,6,華南永昌-頭份,2023-06-29,9343
2201,裕隆,7,2,5,華南永昌-頭份,2023-06-29,9343
3005,神基,5,0,5,華南永昌-頭份,2023-06-29,9343
8996,高力,5,0,5,華南永昌-頭份,2023-06-29,9343
1312,國喬,5,0,5,華南永昌-頭份,2023-06-29,9343
1303,南亞,5,0,5,華南永昌-頭份,2023-06-29,9343
00902,中信電池及儲能,5,0,5,華南永昌-頭份,2023-06-29,9343
00882,中信中國高股息,85,5,80,華南永昌-頭份,2023-06-30,9343
1605,華新,88,8,80,華南永昌-頭份,2023-06-30,9343
3481,群創,47,1,46,華南永昌-頭份,2023-06-30,9343
6185,幃翔,44,3,41,華南永昌-頭份,2023-06-30,9343
2344,華邦電,27,1,26,華南永昌-頭份,2023-06-30,9343
2883,凱基金,26,0,26,華南永昌-頭份,2023-06-30,9343
1307,三芳,24,0,24,華南永昌-頭份,2023-06-30,9343
2603,長榮,82,59,23,華南永昌-頭份,2023-06-30,9343
00919,群益台灣精選高息,20,0,20,華南永昌-頭份,2023-06-30,9343
9103,美德醫療-DR,20,0,20,華南永昌-頭份,2023-06-30,9343
00679B,元大美債20年,17,0,17,華南永昌-頭份,2023-06-30,9343
1905,華紙,31,14,17,華南永昌-頭份,2023-06-30,9343
8069,元太,17,1,16,華南永昌-頭份,2023-06-30,9343
2312,金寶,21,6,15,華南永昌-頭份,2023-06-30,9343
3564,其陽,16,1,15,華南永昌-頭份,2023-06-30,9343
8048,德勝,15,1,14,華南永昌-頭份,2023-06-30,9343
4726,永昕,15,2,13,華南永昌-頭份,2023-06-30,9343
00878,國泰永續高股息,14,3,11,華南永昌-頭份,2023-06-30,9343
3078,僑威,60,49,11,華南永昌-頭份,2023-06-30,9343
1802,台玻,10,0,10,華南永昌-頭份,2023-06-30,9343
2308,台達電,11,1,10,華南永昌-頭份,2023-06-30,9343
2337,旺宏,10,0,10,華南永昌-頭份,2023-06-30,9343
2367,燿華,10,0,10,華南永昌-頭份,2023-06-30,9343
2903,遠百,10,0,10,華南永昌-頭份,2023-06-30,9343
4104,佳醫,11,2,9,華南永昌-頭份,2023-06-30,9343
4128,中天,11,2,9,華南永昌-頭份,2023-06-30,9343
4161,聿新科,10,1,9,華南永昌-頭份,2023-06-30,9343
6188,廣明,13,4,9,華南永昌-頭份,2023-06-30,9343
2303,聯電,12,4,8,華南永昌-頭份,2023-06-30,9343
1609,大亞,16,9,7,華南永昌-頭份,2023-06-30,9343
3038,全台,13,6,7,華南永昌-頭份,2023-06-30,9343
4164,承業醫,7,0,7,華南永昌-頭份,2023-06-30,9343
6153,嘉聯益,28,21,7,華南永昌-頭份,2023-06-30,9343
3231,緯創,67,60,7,華南永昌-頭份,2023-06-30,9343
2412,中華電,6,0,6,華南永昌-頭份,2023-06-30,9343
0056,元大高股息,6,0,6,華南永昌-頭份,2023-06-30,9343
00665L,富邦�琤肭磪囓�2,6,0,6,華南永昌-頭份,2023-06-30,9343
2409,友達,6,0,6,華南永昌-頭份,2023-06-30,9343
2913,農林,6,0,6,華南永昌-頭份,2023-06-30,9343
3491,昇達科,6,0,6,華南永昌-頭份,2023-06-30,9343
8210,勤誠,18,12,6,華南永昌-頭份,2023-06-30,9343
00713,元大台灣高息低波,5,0,5,華南永昌-頭份,2023-06-30,9343
4168,醣聯,5,0,5,華南永昌-頭份,2023-06-30,9343
1451,年興,5,0,5,華南永昌-頭份,2023-06-30,9343
1560,中砂,5,0,5,華南永昌-頭份,2023-06-30,9343
1723,中碳,5,0,5,華南永昌-頭份,2023-06-30,9343
2017,官田鋼,5,0,5,華南永昌-頭份,2023-06-30,9343
2478,大毅,5,0,5,華南永昌-頭份,2023-06-30,9343
3058,立德,6,1,5,華南永昌-頭份,2023-06-30,9343
3673,TPK-KY,5,0,5,華南永昌-頭份,2023-06-30,9343
2834,臺企銀,200,10,190,華南永昌-頭份,2023-07-03,9343
00637L,元大滬深300正2,203,26,177,華南永昌-頭份,2023-07-03,9343
00673R,期元大S＆P原油反1,170,0,170,華南永昌-頭份,2023-07-03,9343
6016,康和證,150,7,143,華南永昌-頭份,2023-07-03,9343
2634,漢翔,64,9,55,華南永昌-頭份,2023-07-03,9343
2888,新光金,53,0,53,華南永昌-頭份,2023-07-03,9343
4906,正文,45,1,44,華南永昌-頭份,2023-07-03,9343
2615,萬海,58,14,44,華南永昌-頭份,2023-07-03,9343
6142,友勁,46,2,44,華南永昌-頭份,2023-07-03,9343
3706,神達,40,2,38,華南永昌-頭份,2023-07-03,9343
3047,訊舟,41,4,37,華南永昌-頭份,2023-07-03,9343
2317,鴻海,37,7,30,華南永昌-頭份,2023-07-03,9343
2344,華邦電,31,2,29,華南永昌-頭份,2023-07-03,9343
3207,耀勝,75,46,29,華南永昌-頭份,2023-07-03,9343
3231,緯創,52,27,25,華南永昌-頭份,2023-07-03,9343
2610,華航,32,7,25,華南永昌-頭份,2023-07-03,9343
2486,一詮,24,1,23,華南永昌-頭份,2023-07-03,9343
1795,美時,23,1,22,華南永昌-頭份,2023-07-03,9343
2303,聯電,33,11,22,華南永昌-頭份,2023-07-03,9343
3346,麗清,22,1,21,華南永昌-頭份,2023-07-03,9343
2337,旺宏,25,5,20,華南永昌-頭份,2023-07-03,9343
3338,泰碩,20,0,20,華南永昌-頭份,2023-07-03,9343
4153,鈺緯,19,0,19,華南永昌-頭份,2023-07-03,9343
3006,晶豪科,17,1,16,華南永昌-頭份,2023-07-03,9343
6122,擎邦,15,1,14,華南永昌-頭份,2023-07-03,9343
4904,遠傳,13,0,13,華南永昌-頭份,2023-07-03,9343
6288,聯嘉,12,1,11,華南永昌-頭份,2023-07-03,9343
2419,仲琦,17,6,11,華南永昌-頭份,2023-07-03,9343
1513,中興電,16,6,10,華南永昌-頭份,2023-07-03,9343
2338,光罩,10,0,10,華南永昌-頭份,2023-07-03,9343
2354,鴻準,10,0,10,華南永昌-頭份,2023-07-03,9343
3003,健和興,10,0,10,華南永昌-頭份,2023-07-03,9343
4157,太景*-KY,10,0,10,華南永昌-頭份,2023-07-03,9343
4541,晟田,10,0,10,華南永昌-頭份,2023-07-03,9343
5464,霖宏,10,0,10,華南永昌-頭份,2023-07-03,9343
6279,胡連,10,0,10,華南永昌-頭份,2023-07-03,9343
6672,騰輝電子-KY,10,0,10,華南永昌-頭份,2023-07-03,9343
8050,廣積,14,4,10,華南永昌-頭份,2023-07-03,9343
3704,合勤控,42,32,10,華南永昌-頭份,2023-07-03,9343
1217,愛之味,10,1,9,華南永昌-頭份,2023-07-03,9343
4510,高鋒,8,0,8,華南永昌-頭份,2023-07-03,9343
6139,亞翔,12,4,8,華南永昌-頭份,2023-07-03,9343
2603,長榮,21,13,8,華南永昌-頭份,2023-07-03,9343
2324,仁寶,7,0,7,華南永昌-頭份,2023-07-03,9343
2332,友訊,8,1,7,華南永昌-頭份,2023-07-03,9343
2347,聯強,7,0,7,華南永昌-頭份,2023-07-03,9343
3264,欣銓,10,3,7,華南永昌-頭份,2023-07-03,9343
4128,中天,7,0,7,華南永昌-頭份,2023-07-03,9343
3447,展達,9,3,6,華南永昌-頭份,2023-07-03,9343
5258,虹堡,7,1,6,華南永昌-頭份,2023-07-03,9343
2834,臺企銀,200,0,200,華南永昌-頭份,2023-07-04,9343
2609,陽明,210,16,194,華南永昌-頭份,2023-07-04,9343
2888,新光金,106,0,106,華南永昌-頭份,2023-07-04,9343
00772B,中信高評級公司債,79,0,79,華南永昌-頭份,2023-07-04,9343
2610,華航,83,18,65,華南永昌-頭份,2023-07-04,9343
3006,晶豪科,72,11,61,華南永昌-頭份,2023-07-04,9343
1618,合機,50,0,50,華南永昌-頭份,2023-07-04,9343
00725B,國泰投資級公司債,49,0,49,華南永昌-頭份,2023-07-04,9343
00720B,元大投資級公司債,49,2,47,華南永昌-頭份,2023-07-04,9343
6223,旺矽,31,2,29,華南永昌-頭份,2023-07-04,9343
2883,凱基金,25,0,25,華南永昌-頭份,2023-07-04,9343
2317,鴻海,26,3,23,華南永昌-頭份,2023-07-04,9343
2457,飛宏,25,4,21,華南永昌-頭份,2023-07-04,9343
3078,僑威,29,8,21,華南永昌-頭份,2023-07-04,9343
1605,華新,25,5,20,華南永昌-頭份,2023-07-04,9343
2330,台積電,19,0,19,華南永昌-頭份,2023-07-04,9343
4906,正文,29,11,18,華南永昌-頭份,2023-07-04,9343
3049,精金,17,0,17,華南永昌-頭份,2023-07-04,9343
00679B,元大美債20年,17,0,17,華南永昌-頭份,2023-07-04,9343
1217,愛之味,15,0,15,華南永昌-頭份,2023-07-04,9343
2329,華泰,32,18,14,華南永昌-頭份,2023-07-04,9343
3207,耀勝,30,16,14,華南永昌-頭份,2023-07-04,9343
2204,中華,14,0,14,華南永昌-頭份,2023-07-04,9343
2603,長榮,82,69,13,華南永昌-頭份,2023-07-04,9343
00665L,富邦�琤肭磪囓�2,13,0,13,華南永昌-頭份,2023-07-04,9343
2748,雲品,13,0,13,華南永昌-頭份,2023-07-04,9343
6279,胡連,13,0,13,華南永昌-頭份,2023-07-04,9343
8996,高力,21,8,13,華南永昌-頭份,2023-07-04,9343
2812,台中銀,13,0,13,華南永昌-頭份,2023-07-04,9343
1314,中石化,12,1,11,華南永昌-頭份,2023-07-04,9343
4702,中美實,11,0,11,華南永昌-頭份,2023-07-04,9343
1514,亞力,25,15,10,華南永昌-頭份,2023-07-04,9343
1104,環泥,10,0,10,華南永昌-頭份,2023-07-04,9343
2388,威盛,13,3,10,華南永昌-頭份,2023-07-04,9343
2393,億光,10,0,10,華南永昌-頭份,2023-07-04,9343
2399,映泰,12,2,10,華南永昌-頭份,2023-07-04,9343
3071,協禧,22,12,10,華南永昌-頭份,2023-07-04,9343
4934,太極,10,0,10,華南永昌-頭份,2023-07-04,9343
6546,正基,10,0,10,華南永昌-頭份,2023-07-04,9343
8092,建暐,10,0,10,華南永昌-頭份,2023-07-04,9343
4960,誠美材,10,0,10,華南永昌-頭份,2023-07-04,9343
2618,長榮航,27,18,9,華南永昌-頭份,2023-07-04,9343
2002,中鋼,9,0,9,華南永昌-頭份,2023-07-04,9343
1789,神隆,10,1,9,華南永昌-頭份,2023-07-04,9343
6197,佳必琪,10,1,9,華南永昌-頭份,2023-07-04,9343
8105,凌巨,9,0,9,華南永昌-頭份,2023-07-04,9343
2888A,新光金甲特,8,0,8,華南永昌-頭份,2023-07-04,9343
4157,太景*-KY,8,0,8,華南永昌-頭份,2023-07-04,9343
6125,廣運,11,3,8,華南永昌-頭份,2023-07-04,9343
3034,聯詠,8,0,8,華南永昌-頭份,2023-07-04,9343
2609,陽明,167,66,101,華南永昌-頭份,2023-07-05,9343
3706,神達,72,2,70,華南永昌-頭份,2023-07-05,9343
2618,長榮航,94,29,65,華南永昌-頭份,2023-07-05,9343
2515,中工,62,0,62,華南永昌-頭份,2023-07-05,9343
1608,華榮,31,0,31,華南永昌-頭份,2023-07-05,9343
3006,晶豪科,31,0,31,華南永昌-頭份,2023-07-05,9343
3305,昇貿,31,0,31,華南永昌-頭份,2023-07-05,9343
00929,復華台灣科技優息,30,0,30,華南永昌-頭份,2023-07-05,9343
6217,中探針,36,6,30,華南永昌-頭份,2023-07-05,9343
00772B,中信高評級公司債,30,0,30,華南永昌-頭份,2023-07-05,9343
2356,英業達,29,1,28,華南永昌-頭份,2023-07-05,9343
3260,威剛,28,0,28,華南永昌-頭份,2023-07-05,9343
3078,僑威,76,49,27,華南永昌-頭份,2023-07-05,9343
1605,華新,25,2,23,華南永昌-頭份,2023-07-05,9343
3207,耀勝,43,22,21,華南永昌-頭份,2023-07-05,9343
3025,星通,36,16,20,華南永昌-頭份,2023-07-05,9343
1504,東元,21,1,20,華南永昌-頭份,2023-07-05,9343
1402,遠東新,20,0,20,華南永昌-頭份,2023-07-05,9343
00687B,國泰20年美債,20,0,20,華南永昌-頭份,2023-07-05,9343
2204,中華,20,0,20,華南永昌-頭份,2023-07-05,9343
6173,信昌電,20,0,20,華南永昌-頭份,2023-07-05,9343
6209,今國光,20,0,20,華南永昌-頭份,2023-07-05,9343
2603,長榮,53,34,19,華南永昌-頭份,2023-07-05,9343
2634,漢翔,42,23,19,華南永昌-頭份,2023-07-05,9343
0056,元大高股息,38,20,18,華南永昌-頭份,2023-07-05,9343
4904,遠傳,18,0,18,華南永昌-頭份,2023-07-05,9343
6282,康舒,36,19,17,華南永昌-頭份,2023-07-05,9343
2812,台中銀,17,0,17,華南永昌-頭份,2023-07-05,9343
2486,一詮,16,0,16,華南永昌-頭份,2023-07-05,9343
00679B,元大美債20年,13,0,13,華南永昌-頭份,2023-07-05,9343
5328,華容,13,0,13,華南永昌-頭份,2023-07-05,9343
6244,茂迪,13,0,13,華南永昌-頭份,2023-07-05,9343
1522,堤維西,12,0,12,華南永昌-頭份,2023-07-05,9343
3346,麗清,12,0,12,華南永昌-頭份,2023-07-05,9343
2201,裕隆,14,3,11,華南永昌-頭份,2023-07-05,9343
2845,遠東銀,10,0,10,華南永昌-頭份,2023-07-05,9343
2883,凱基金,13,3,10,華南永昌-頭份,2023-07-05,9343
2886,兆豐金,10,0,10,華南永昌-頭份,2023-07-05,9343
2888,新光金,10,0,10,華南永昌-頭份,2023-07-05,9343
3031,佰鴻,10,0,10,華南永昌-頭份,2023-07-05,9343
3163,波若威,17,7,10,華南永昌-頭份,2023-07-05,9343
4161,聿新科,10,0,10,華南永昌-頭份,2023-07-05,9343
6229,研通,10,0,10,華南永昌-頭份,2023-07-05,9343
8111,立��,10,0,10,華南永昌-頭份,2023-07-05,9343
1905,華紙,15,6,9,華南永昌-頭份,2023-07-05,9343
00725B,國泰投資級公司債,9,0,9,華南永昌-頭份,2023-07-05,9343
4979,華星光,15,6,9,華南永昌-頭份,2023-07-05,9343
5706,鳳凰,9,0,9,華南永昌-頭份,2023-07-05,9343
6125,廣運,10,1,9,華南永昌-頭份,2023-07-05,9343
6129,普誠,10,1,9,華南永昌-頭份,2023-07-05,9343
00637L,元大滬深300正2,392,0,392,華南永昌-頭份,2023-07-06,9343
2883,凱基金,86,0,86,華南永昌-頭份,2023-07-06,9343
00720B,元大投資級公司債,58,5,53,華南永昌-頭份,2023-07-06,9343
0056,元大高股息,49,5,44,華南永昌-頭份,2023-07-06,9343
00773B,中信優先金融債,43,0,43,華南永昌-頭份,2023-07-06,9343
00725B,國泰投資級公司債,39,0,39,華南永昌-頭份,2023-07-06,9343
00919,群益台灣精選高息,57,20,37,華南永昌-頭份,2023-07-06,9343
2888,新光金,36,0,36,華南永昌-頭份,2023-07-06,9343
8048,德勝,37,1,36,華南永昌-頭份,2023-07-06,9343
2329,華泰,50,18,32,華南永昌-頭份,2023-07-06,9343
4121,優盛,32,0,32,華南永昌-頭份,2023-07-06,9343
2892,第一金,32,0,32,華南永昌-頭份,2023-07-06,9343
8215,明基材,33,2,31,華南永昌-頭份,2023-07-06,9343
3037,欣興,29,2,27,華南永昌-頭份,2023-07-06,9343
3078,僑威,64,37,27,華南永昌-頭份,2023-07-06,9343
2317,鴻海,33,7,26,華南永昌-頭份,2023-07-06,9343
2812,台中銀,23,0,23,華南永昌-頭份,2023-07-06,9343
2609,陽明,29,8,21,華南永昌-頭份,2023-07-06,9343
2887,台新金,22,1,21,華南永昌-頭份,2023-07-06,9343
3162,精確,20,0,20,華南永昌-頭份,2023-07-06,9343
5426,振發,24,4,20,華南永昌-頭份,2023-07-06,9343
00772B,中信高評級公司債,19,0,19,華南永昌-頭份,2023-07-06,9343
2610,華航,27,9,18,華南永昌-頭份,2023-07-06,9343
2002,中鋼,17,0,17,華南永昌-頭份,2023-07-06,9343
6133,金橋,17,0,17,華南永昌-頭份,2023-07-06,9343
3049,精金,20,5,15,華南永昌-頭份,2023-07-06,9343
2891,中信金,14,0,14,華南永昌-頭份,2023-07-06,9343
2328,廣宇,13,0,13,華南永昌-頭份,2023-07-06,9343
4904,遠傳,13,0,13,華南永昌-頭份,2023-07-06,9343
2330,台積電,14,1,13,華南永昌-頭份,2023-07-06,9343
1319,東陽,12,0,12,華南永昌-頭份,2023-07-06,9343
2324,仁寶,14,2,12,華南永昌-頭份,2023-07-06,9343
5009,榮剛,12,0,12,華南永昌-頭份,2023-07-06,9343
6282,康舒,34,22,12,華南永昌-頭份,2023-07-06,9343
2603,長榮,11,0,11,華南永昌-頭份,2023-07-06,9343
9945,潤泰新,11,0,11,華南永昌-頭份,2023-07-06,9343
00641R,富邦日本反1,11,0,11,華南永昌-頭份,2023-07-06,9343
1560,中砂,18,7,11,華南永昌-頭份,2023-07-06,9343
1760,寶齡富錦,11,0,11,華南永昌-頭份,2023-07-06,9343
2301,光寶科,11,0,11,華南永昌-頭份,2023-07-06,9343
2399,映泰,15,4,11,華南永昌-頭份,2023-07-06,9343
3356,奇偶,13,2,11,華南永昌-頭份,2023-07-06,9343
4155,訊映,23,12,11,華南永昌-頭份,2023-07-06,9343
6117,迎廣,12,1,11,華南永昌-頭份,2023-07-06,9343
00712,復華富時不動產,10,0,10,華南永昌-頭份,2023-07-06,9343
2890,永豐金,10,0,10,華南永昌-頭份,2023-07-06,9343
00679B,元大美債20年,10,0,10,華南永昌-頭份,2023-07-06,9343
00929,復華台灣科技優息,10,0,10,華南永昌-頭份,2023-07-06,9343
2025,千興,10,0,10,華南永昌-頭份,2023-07-06,9343
2353,宏��,10,0,10,華南永昌-頭份,2023-07-06,9343
2880,華南金,132,0,132,華南永昌-頭份,2023-07-07,9343
2888,新光金,111,10,101,華南永昌-頭份,2023-07-07,9343
3481,群創,82,3,79,華南永昌-頭份,2023-07-07,9343
00720B,元大投資級公司債,78,0,78,華南永昌-頭份,2023-07-07,9343
3060,銘異,47,1,46,華南永昌-頭份,2023-07-07,9343
2834,臺企銀,42,0,42,華南永昌-頭份,2023-07-07,9343
6282,康舒,58,18,40,華南永昌-頭份,2023-07-07,9343
3231,緯創,88,55,33,華南永昌-頭份,2023-07-07,9343
00929,復華台灣科技優息,27,0,27,華南永昌-頭份,2023-07-07,9343
1605,華新,30,4,26,華南永昌-頭份,2023-07-07,9343
00772B,中信高評級公司債,24,0,24,華南永昌-頭份,2023-07-07,9343
00888,永豐台灣ESG,20,0,20,華南永昌-頭份,2023-07-07,9343
00773B,中信優先金融債,20,0,20,華南永昌-頭份,2023-07-07,9343
3055,蔚華科,20,0,20,華南永昌-頭份,2023-07-07,9343
2344,華邦電,23,4,19,華南永昌-頭份,2023-07-07,9343
2359,所羅門,25,6,19,華南永昌-頭份,2023-07-07,9343
2419,仲琦,28,11,17,華南永昌-頭份,2023-07-07,9343
2603,長榮,22,6,16,華南永昌-頭份,2023-07-07,9343
4906,正文,19,3,16,華南永昌-頭份,2023-07-07,9343
8234,新漢,16,0,16,華南永昌-頭份,2023-07-07,9343
1609,大亞,39,24,15,華南永昌-頭份,2023-07-07,9343
2883,凱基金,20,6,14,華南永昌-頭份,2023-07-07,9343
2892,第一金,12,0,12,華南永昌-頭份,2023-07-07,9343
3049,精金,12,0,12,華南永昌-頭份,2023-07-07,9343
2340,台亞,20,8,12,華南永昌-頭份,2023-07-07,9343
3380,明泰,61,49,12,華南永昌-頭份,2023-07-07,9343
2449,京元電子,12,0,12,華南永昌-頭份,2023-07-07,9343
2387,精元,11,0,11,華南永昌-頭份,2023-07-07,9343
2618,長榮航,15,4,11,華南永昌-頭份,2023-07-07,9343
8050,廣積,17,6,11,華南永昌-頭份,2023-07-07,9343
5009,榮剛,11,0,11,華南永昌-頭份,2023-07-07,9343
3706,神達,15,5,10,華南永昌-頭份,2023-07-07,9343
00674R,期元大S＆P黃金反1,10,0,10,華南永昌-頭份,2023-07-07,9343
00665L,富邦�琤肭磪囓�2,10,0,10,華南永昌-頭份,2023-07-07,9343
00788B,元大10年IG電能債,10,0,10,華南永昌-頭份,2023-07-07,9343
00787B,元大10年IG醫療債,10,0,10,華南永昌-頭份,2023-07-07,9343
00786B,元大10年IG銀行債,10,0,10,華南永昌-頭份,2023-07-07,9343
1612,宏泰,10,0,10,華南永昌-頭份,2023-07-07,9343
2393,億光,10,0,10,華南永昌-頭份,2023-07-07,9343
3003,健和興,10,0,10,華南永昌-頭份,2023-07-07,9343
5309,系統電,10,0,10,華南永昌-頭份,2023-07-07,9343
6477,安集,10,0,10,華南永昌-頭份,2023-07-07,9343
6680,鑫創電子,10,0,10,華南永昌-頭份,2023-07-07,9343
8064,東捷,12,2,10,華南永昌-頭份,2023-07-07,9343
8085,福華,10,0,10,華南永昌-頭份,2023-07-07,9343
9945,潤泰新,11,1,10,華南永昌-頭份,2023-07-07,9343
2002,中鋼,9,0,9,華南永昌-頭份,2023-07-07,9343
1314,中石化,12,3,9,華南永昌-頭份,2023-07-07,9343
00725B,國泰投資級公司債,9,0,9,華南永昌-頭份,2023-07-07,9343
1905,華紙,9,0,9,華南永昌-頭份,2023-07-07,9343
1101,台泥,159,0,159,華南永昌-頭份,2023-07-10,9343
00673R,期元大S＆P原油反1,110,0,110,華南永昌-頭份,2023-07-10,9343
2880,華南金,83,0,83,華南永昌-頭份,2023-07-10,9343
6550,北極星藥業-KY,64,0,64,華南永昌-頭份,2023-07-10,9343
2609,陽明,45,15,30,華南永昌-頭份,2023-07-10,9343
2816,旺旺保,30,0,30,華南永昌-頭份,2023-07-10,9343
2634,漢翔,30,1,29,華南永昌-頭份,2023-07-10,9343
3380,明泰,29,3,26,華南永昌-頭份,2023-07-10,9343
3047,訊舟,27,1,26,華南永昌-頭份,2023-07-10,9343
00929,復華台灣科技優息,25,1,24,華南永昌-頭份,2023-07-10,9343
8110,華東,23,0,23,華南永昌-頭份,2023-07-10,9343
2303,聯電,22,0,22,華南永昌-頭份,2023-07-10,9343
2457,飛宏,27,6,21,華南永昌-頭份,2023-07-10,9343
1217,愛之味,21,1,20,華南永昌-頭份,2023-07-10,9343
2618,長榮航,24,4,20,華南永昌-頭份,2023-07-10,9343
2884,玉山金,20,0,20,華南永昌-頭份,2023-07-10,9343
8163,達方,20,0,20,華南永昌-頭份,2023-07-10,9343
8930,青鋼,20,0,20,華南永昌-頭份,2023-07-10,9343
00772B,中信高評級公司債,19,0,19,華南永昌-頭份,2023-07-10,9343
00878,國泰永續高股息,20,1,19,華南永昌-頭份,2023-07-10,9343
8064,東捷,20,1,19,華南永昌-頭份,2023-07-10,9343
0056,元大高股息,20,2,18,華南永昌-頭份,2023-07-10,9343
2409,友達,26,8,18,華南永昌-頭份,2023-07-10,9343
6182,合晶,20,2,18,華南永昌-頭份,2023-07-10,9343
6120,達運,22,6,16,華南永昌-頭份,2023-07-10,9343
6577,勁豐,16,0,16,華南永昌-頭份,2023-07-10,9343
2610,華航,21,6,15,華南永昌-頭份,2023-07-10,9343
4121,優盛,16,2,14,華南永昌-頭份,2023-07-10,9343
00919,群益台灣精選高息,13,0,13,華南永昌-頭份,2023-07-10,9343
1513,中興電,16,3,13,華南永昌-頭份,2023-07-10,9343
1503,士電,22,10,12,華南永昌-頭份,2023-07-10,9343
1609,大亞,18,7,11,華南永昌-頭份,2023-07-10,9343
3481,群創,24,13,11,華南永昌-頭份,2023-07-10,9343
4908,前鼎,14,3,11,華南永昌-頭份,2023-07-10,9343
1326,台化,10,0,10,華南永昌-頭份,2023-07-10,9343
00679B,元大美債20年,10,0,10,華南永昌-頭份,2023-07-10,9343
00720B,元大投資級公司債,10,0,10,華南永昌-頭份,2023-07-10,9343
3406,玉晶光,11,1,10,華南永昌-頭份,2023-07-10,9343
00882,中信中國高股息,10,0,10,華南永昌-頭份,2023-07-10,9343
1802,台玻,10,0,10,華南永昌-頭份,2023-07-10,9343
2313,華通,10,0,10,華南永昌-頭份,2023-07-10,9343
6770,力積電,10,0,10,華南永昌-頭份,2023-07-10,9343
8358,金居,10,0,10,華南永昌-頭份,2023-07-10,9343
6284,佳邦,10,0,10,華南永昌-頭份,2023-07-10,9343
1560,中砂,9,0,9,華南永昌-頭份,2023-07-10,9343
3037,欣興,10,1,9,華南永昌-頭份,2023-07-10,9343
2312,金寶,8,0,8,華南永昌-頭份,2023-07-10,9343
2324,仁寶,8,1,7,華南永昌-頭份,2023-07-10,9343
6266,泰詠,7,0,7,華南永昌-頭份,2023-07-10,9343
00725B,國泰投資級公司債,7,0,7,華南永昌-頭份,2023-07-10,9343
2323,中環,135,12,123,華南永昌-頭份,2023-07-11,9343
1515,力山,92,1,91,華南永昌-頭份,2023-07-11,9343
00788B,元大10年IG電能債,60,0,60,華南永昌-頭份,2023-07-11,9343
2340,台亞,76,18,58,華南永昌-頭份,2023-07-11,9343
00720B,元大投資級公司債,60,4,56,華南永昌-頭份,2023-07-11,9343
2317,鴻海,59,11,48,華南永昌-頭份,2023-07-11,9343
2883,凱基金,40,0,40,華南永昌-頭份,2023-07-11,9343
4121,優盛,33,1,32,華南永昌-頭份,2023-07-11,9343
1503,士電,26,2,24,華南永昌-頭份,2023-07-11,9343
1609,大亞,38,15,23,華南永昌-頭份,2023-07-11,9343
2609,陽明,40,19,21,華南永昌-頭份,2023-07-11,9343
6188,廣明,27,6,21,華南永昌-頭份,2023-07-11,9343
8110,華東,21,0,21,華南永昌-頭份,2023-07-11,9343
00673R,期元大S＆P原油反1,80,60,20,華南永昌-頭份,2023-07-11,9343
4123,晟德,21,1,20,華南永昌-頭份,2023-07-11,9343
2618,長榮航,54,36,18,華南永昌-頭份,2023-07-11,9343
4532,瑞智,43,26,17,華南永昌-頭份,2023-07-11,9343
2419,仲琦,33,16,17,華南永昌-頭份,2023-07-11,9343
00919,群益台灣精選高息,16,1,15,華南永昌-頭份,2023-07-11,9343
5309,系統電,17,2,15,華南永昌-頭份,2023-07-11,9343
9103,美德醫療-DR,15,0,15,華南永昌-頭份,2023-07-11,9343
1809,中釉,14,0,14,華南永昌-頭份,2023-07-11,9343
2426,鼎元,17,4,13,華南永昌-頭份,2023-07-11,9343
3217,優群,13,0,13,華南永昌-頭份,2023-07-11,9343
1471,首利,12,0,12,華南永昌-頭份,2023-07-11,9343
3071,協禧,12,0,12,華南永昌-頭份,2023-07-11,9343
3707,漢磊,19,7,12,華南永昌-頭份,2023-07-11,9343
2882,國泰金,12,1,11,華南永昌-頭份,2023-07-11,9343
3078,僑威,33,22,11,華南永昌-頭份,2023-07-11,9343
00929,復華台灣科技優息,10,0,10,華南永昌-頭份,2023-07-11,9343
6288,聯嘉,25,15,10,華南永昌-頭份,2023-07-11,9343
1608,華榮,10,0,10,華南永昌-頭份,2023-07-11,9343
2887,台新金,10,0,10,華南永昌-頭份,2023-07-11,9343
3029,零壹,10,0,10,華南永昌-頭份,2023-07-11,9343
3044,健鼎,10,0,10,華南永昌-頭份,2023-07-11,9343
3058,立德,15,5,10,華南永昌-頭份,2023-07-11,9343
3191,雲嘉南,10,0,10,華南永昌-頭份,2023-07-11,9343
6153,嘉聯益,10,0,10,華南永昌-頭份,2023-07-11,9343
6191,精成科,10,0,10,華南永昌-頭份,2023-07-11,9343
00882,中信中國高股息,14,5,9,華南永昌-頭份,2023-07-11,9343
2301,光寶科,20,11,9,華南永昌-頭份,2023-07-11,9343
0056,元大高股息,10,1,9,華南永昌-頭份,2023-07-11,9343
2845,遠東銀,10,1,9,華南永昌-頭份,2023-07-11,9343
2468,華經,8,0,8,華南永昌-頭份,2023-07-11,9343
1905,華紙,8,0,8,華南永昌-頭份,2023-07-11,9343
2382,廣達,18,10,8,華南永昌-頭份,2023-07-11,9343
5328,華容,14,6,8,華南永昌-頭份,2023-07-11,9343
3265,台星科,11,3,8,華南永昌-頭份,2023-07-11,9343
3576,聯合再生,8,0,8,華南永昌-頭份,2023-07-11,9343
1529,樂事綠能,7,0,7,華南永昌-頭份,2023-07-11,9343
00882,中信中國高股息,105,0,105,華南永昌-頭份,2023-07-12,9343
2891,中信金,50,2,48,華南永昌-頭份,2023-07-12,9343
6550,北極星藥業-KY,45,1,44,華南永昌-頭份,2023-07-12,9343
4533,協易機,40,0,40,華南永昌-頭份,2023-07-12,9343
2303,聯電,28,2,26,華南永昌-頭份,2023-07-12,9343
2204,中華,30,4,26,華南永昌-頭份,2023-07-12,9343
00929,復華台灣科技優息,25,1,24,華南永昌-頭份,2023-07-12,9343
1618,合機,26,3,23,華南永昌-頭份,2023-07-12,9343
9929,秋雨,21,0,21,華南永昌-頭份,2023-07-12,9343
2888,新光金,20,0,20,華南永昌-頭份,2023-07-12,9343
3047,訊舟,19,0,19,華南永昌-頭份,2023-07-12,9343
8105,凌巨,25,6,19,華南永昌-頭份,2023-07-12,9343
8110,華東,19,0,19,華南永昌-頭份,2023-07-12,9343
3702,大聯大,18,0,18,華南永昌-頭份,2023-07-12,9343
2301,光寶科,29,11,18,華南永昌-頭份,2023-07-12,9343
1809,中釉,16,0,16,華南永昌-頭份,2023-07-12,9343
6282,康舒,27,11,16,華南永昌-頭份,2023-07-12,9343
2328,廣宇,34,21,13,華南永昌-頭份,2023-07-12,9343
2359,所羅門,16,3,13,華南永昌-頭份,2023-07-12,9343
2027,大成鋼,15,2,13,華南永昌-頭份,2023-07-12,9343
2329,華泰,13,0,13,華南永昌-頭份,2023-07-12,9343
2884,玉山金,12,0,12,華南永昌-頭份,2023-07-12,9343
3058,立德,12,0,12,華南永昌-頭份,2023-07-12,9343
3563,牧德,12,0,12,華南永昌-頭份,2023-07-12,9343
3189,景碩,11,0,11,華南永昌-頭份,2023-07-12,9343
2705,六福,10,0,10,華南永昌-頭份,2023-07-12,9343
00720B,元大投資級公司債,10,0,10,華南永昌-頭份,2023-07-12,9343
2444,兆勁,10,0,10,華南永昌-頭份,2023-07-12,9343
2497,怡利電,11,1,10,華南永昌-頭份,2023-07-12,9343
3005,神基,10,0,10,華南永昌-頭份,2023-07-12,9343
3062,建漢,10,0,10,華南永昌-頭份,2023-07-12,9343
3213,茂訊,10,0,10,華南永昌-頭份,2023-07-12,9343
6209,今國光,10,0,10,華南永昌-頭份,2023-07-12,9343
6509,聚和,10,0,10,華南永昌-頭份,2023-07-12,9343
2356,英業達,66,57,9,華南永昌-頭份,2023-07-12,9343
2401,凌陽,10,1,9,華南永昌-頭份,2023-07-12,9343
4128,中天,9,0,9,華南永昌-頭份,2023-07-12,9343
4743,合一,9,0,9,華南永昌-頭份,2023-07-12,9343
2457,飛宏,15,6,9,華南永昌-頭份,2023-07-12,9343
1504,東元,10,2,8,華南永昌-頭份,2023-07-12,9343
2413,環科,10,2,8,華南永昌-頭份,2023-07-12,9343
3078,僑威,30,22,8,華南永昌-頭份,2023-07-12,9343
3704,合勤控,40,32,8,華南永昌-頭份,2023-07-12,9343
6139,亞翔,17,9,8,華南永昌-頭份,2023-07-12,9343
6285,啟��,15,7,8,華南永昌-頭份,2023-07-12,9343
3362,先進光,9,2,7,華南永昌-頭份,2023-07-12,9343
4104,佳醫,6,0,6,華南永昌-頭份,2023-07-12,9343
00900,富邦特選高股息30,7,1,6,華南永昌-頭份,2023-07-12,9343
1529,樂事綠能,6,0,6,華南永昌-頭份,2023-07-12,9343
2017,官田鋼,6,0,6,華南永昌-頭份,2023-07-12,9343
00929,復華台灣科技優息,50,0,50,華南永昌-頭份,2023-07-13,9343
2101,南港,66,16,50,華南永昌-頭份,2023-07-13,9343
2618,長榮航,49,4,45,華南永昌-頭份,2023-07-13,9343
00930,永豐ESG低碳高息,24,0,24,華南永昌-頭份,2023-07-13,9343
2610,華航,74,51,23,華南永昌-頭份,2023-07-13,9343
4128,中天,23,1,22,華南永昌-頭份,2023-07-13,9343
2302,麗正,20,0,20,華南永昌-頭份,2023-07-13,9343
5009,榮剛,20,0,20,華南永昌-頭份,2023-07-13,9343
5443,均豪,19,0,19,華南永昌-頭份,2023-07-13,9343
6139,亞翔,32,13,19,華南永昌-頭份,2023-07-13,9343
1504,東元,19,0,19,華南永昌-頭份,2023-07-13,9343
2376,技嘉,31,12,19,華南永昌-頭份,2023-07-13,9343
8210,勤誠,39,20,19,華南永昌-頭份,2023-07-13,9343
3576,聯合再生,16,0,16,華南永昌-頭份,2023-07-13,9343
3231,緯創,68,52,16,華南永昌-頭份,2023-07-13,9343
2427,三商電,15,0,15,華南永昌-頭份,2023-07-13,9343
6244,茂迪,16,1,15,華南永昌-頭份,2023-07-13,9343
2489,瑞軒,14,0,14,華南永昌-頭份,2023-07-13,9343
6190,萬泰科,24,10,14,華南永昌-頭份,2023-07-13,9343
00713,元大台灣高息低波,14,0,14,華南永昌-頭份,2023-07-13,9343
2367,燿華,13,0,13,華南永昌-頭份,2023-07-13,9343
6120,達運,28,15,13,華南永昌-頭份,2023-07-13,9343
6285,啟��,18,5,13,華南永昌-頭份,2023-07-13,9343
2329,華泰,42,30,12,華南永昌-頭份,2023-07-13,9343
5328,華容,17,6,11,華南永昌-頭份,2023-07-13,9343
2891,中信金,10,0,10,華南永昌-頭份,2023-07-13,9343
4532,瑞智,45,35,10,華南永昌-頭份,2023-07-13,9343
4746,台耀,11,1,10,華南永昌-頭份,2023-07-13,9343
5864,致和證,15,5,10,華南永昌-頭份,2023-07-13,9343
1513,中興電,10,1,9,華南永昌-頭份,2023-07-13,9343
3419,譁裕,10,1,9,華南永昌-頭份,2023-07-13,9343
3033,威健,9,1,8,華南永昌-頭份,2023-07-13,9343
3583,辛耘,13,5,8,華南永昌-頭份,2023-07-13,9343
4934,太極,10,2,8,華南永昌-頭份,2023-07-13,9343
4977,眾達-KY,8,0,8,華南永昌-頭份,2023-07-13,9343
5490,同亨,8,0,8,華南永昌-頭份,2023-07-13,9343
8996,高力,8,0,8,華南永昌-頭份,2023-07-13,9343
4743,合一,9,1,8,華南永昌-頭份,2023-07-13,9343
3264,欣銓,11,4,7,華南永昌-頭份,2023-07-13,9343
6477,安集,7,0,7,華南永昌-頭份,2023-07-13,9343
8936,國統,8,1,7,華南永昌-頭份,2023-07-13,9343
00673R,期元大S＆P原油反1,6,0,6,華南永昌-頭份,2023-07-13,9343
2442,新美齊,6,0,6,華南永昌-頭份,2023-07-13,9343
3035,智原,17,11,6,華南永昌-頭份,2023-07-13,9343
3305,昇貿,6,0,6,華南永昌-頭份,2023-07-13,9343
3374,精材,13,7,6,華南永昌-頭份,2023-07-13,9343
4726,永昕,9,3,6,華南永昌-頭份,2023-07-13,9343
8111,立��,6,0,6,華南永昌-頭份,2023-07-13,9343
3013,晟銘電,7,1,6,華南永昌-頭份,2023-07-13,9343
6161,捷波,6,0,6,華南永昌-頭份,2023-07-13,9343
00882,中信中國高股息,102,21,81,華南永昌-頭份,2023-07-14,9343
00715L,期街口布蘭特正2,71,3,68,華南永昌-頭份,2023-07-14,9343
2610,華航,83,21,62,華南永昌-頭份,2023-07-14,9343
2618,長榮航,138,77,61,華南永昌-頭份,2023-07-14,9343
2027,大成鋼,50,0,50,華南永昌-頭份,2023-07-14,9343
6167,久正,50,0,50,華南永昌-頭份,2023-07-14,9343
6190,萬泰科,54,4,50,華南永昌-頭份,2023-07-14,9343
6288,聯嘉,52,6,46,華南永昌-頭份,2023-07-14,9343
2886,兆豐金,50,10,40,華南永昌-頭份,2023-07-14,9343
2890,永豐金,37,0,37,華南永昌-頭份,2023-07-14,9343
6235,華孚,47,11,36,華南永昌-頭份,2023-07-14,9343
2883,凱基金,40,5,35,華南永昌-頭份,2023-07-14,9343
5009,榮剛,33,0,33,華南永昌-頭份,2023-07-14,9343
4532,瑞智,61,29,32,華南永昌-頭份,2023-07-14,9343
2609,陽明,98,66,32,華南永昌-頭份,2023-07-14,9343
6188,廣明,34,7,27,華南永昌-頭份,2023-07-14,9343
2323,中環,35,9,26,華南永昌-頭份,2023-07-14,9343
2812,台中銀,29,3,26,華南永昌-頭份,2023-07-14,9343
00929,復華台灣科技優息,30,10,20,華南永昌-頭份,2023-07-14,9343
2303,聯電,26,6,20,華南永昌-頭份,2023-07-14,9343
2489,瑞軒,16,0,16,華南永昌-頭份,2023-07-14,9343
2867,三商壽,16,0,16,華南永昌-頭份,2023-07-14,9343
3576,聯合再生,16,0,16,華南永昌-頭份,2023-07-14,9343
6282,康舒,18,2,16,華南永昌-頭份,2023-07-14,9343
1477,聚陽,15,0,15,華南永昌-頭份,2023-07-14,9343
1301,台塑,15,0,15,華南永昌-頭份,2023-07-14,9343
00927,群益半導體收益,12,0,12,華南永昌-頭份,2023-07-14,9343
1722,台肥,12,0,12,華南永昌-頭份,2023-07-14,9343
4543,萬在,13,1,12,華南永昌-頭份,2023-07-14,9343
6116,彩晶,13,1,12,華南永昌-頭份,2023-07-14,9343
00930,永豐ESG低碳高息,11,0,11,華南永昌-頭份,2023-07-14,9343
2630,亞航,24,13,11,華南永昌-頭份,2023-07-14,9343
3191,雲嘉南,11,0,11,華南永昌-頭份,2023-07-14,9343
3706,神達,25,14,11,華南永昌-頭份,2023-07-14,9343
1608,華榮,10,0,10,華南永昌-頭份,2023-07-14,9343
2363,矽統,10,0,10,華南永昌-頭份,2023-07-14,9343
2634,漢翔,14,4,10,華南永昌-頭份,2023-07-14,9343
2882,國泰金,12,2,10,華南永昌-頭份,2023-07-14,9343
4746,台耀,12,2,10,華南永昌-頭份,2023-07-14,9343
8028,昇陽半導體,10,0,10,華南永昌-頭份,2023-07-14,9343
1734,杏輝,9,0,9,華南永昌-頭份,2023-07-14,9343
2495,普安,10,1,9,華南永昌-頭份,2023-07-14,9343
3033,威健,9,0,9,華南永昌-頭份,2023-07-14,9343
3362,先進光,21,12,9,華南永昌-頭份,2023-07-14,9343
6117,迎廣,8,0,8,華南永昌-頭份,2023-07-14,9343
2801,彰銀,10,3,7,華南永昌-頭份,2023-07-14,9343
2324,仁寶,11,4,7,華南永昌-頭份,2023-07-14,9343
3025,星通,18,11,7,華南永昌-頭份,2023-07-14,9343
3363,上詮,30,23,7,華南永昌-頭份,2023-07-14,9343
3037,欣興,21,14,7,華南永昌-頭份,2023-07-14,9343
00888,永豐台灣ESG,95,0,95,華南永昌-頭份,2023-07-17,9343
00929,復華台灣科技優息,72,7,65,華南永昌-頭份,2023-07-17,9343
3380,明泰,57,1,56,華南永昌-頭份,2023-07-17,9343
5009,榮剛,56,0,56,華南永昌-頭份,2023-07-17,9343
2356,英業達,56,8,48,華南永昌-頭份,2023-07-17,9343
2340,台亞,60,18,42,華南永昌-頭份,2023-07-17,9343
00687B,國泰20年美債,40,0,40,華南永昌-頭份,2023-07-17,9343
2812,台中銀,35,2,33,華南永昌-頭份,2023-07-17,9343
2420,新巨,30,0,30,華南永昌-頭份,2023-07-17,9343
8110,華東,30,1,29,華南永昌-頭份,2023-07-17,9343
1711,永光,28,1,27,華南永昌-頭份,2023-07-17,9343
1503,士電,31,6,25,華南永昌-頭份,2023-07-17,9343
6285,啟��,28,4,24,華南永昌-頭份,2023-07-17,9343
2371,大同,36,13,23,華南永昌-頭份,2023-07-17,9343
2312,金寶,42,19,23,華南永昌-頭份,2023-07-17,9343
8996,高力,22,0,22,華南永昌-頭份,2023-07-17,9343
2887,台新金,20,0,20,華南永昌-頭份,2023-07-17,9343
2892,第一金,20,0,20,華南永昌-頭份,2023-07-17,9343
5351,鈺創,20,0,20,華南永昌-頭份,2023-07-17,9343
6185,幃翔,20,0,20,華南永昌-頭份,2023-07-17,9343
6209,今國光,20,0,20,華南永昌-頭份,2023-07-17,9343
3044,健鼎,20,1,19,華南永昌-頭份,2023-07-17,9343
1471,首利,17,0,17,華南永昌-頭份,2023-07-17,9343
8059,凱碩,16,0,16,華南永昌-頭份,2023-07-17,9343
3715,定穎投控,22,7,15,華南永昌-頭份,2023-07-17,9343
3205,佰研,17,3,14,華南永昌-頭份,2023-07-17,9343
2328,廣宇,13,0,13,華南永昌-頭份,2023-07-17,9343
2880,華南金,20,7,13,華南永昌-頭份,2023-07-17,9343
3037,欣興,14,2,12,華南永昌-頭份,2023-07-17,9343
1734,杏輝,11,0,11,華南永昌-頭份,2023-07-17,9343
2388,威盛,22,11,11,華南永昌-頭份,2023-07-17,9343
4906,正文,12,1,11,華南永昌-頭份,2023-07-17,9343
2609,陽明,14,4,10,華南永昌-頭份,2023-07-17,9343
00772B,中信高評級公司債,10,0,10,華南永昌-頭份,2023-07-17,9343
2442,新美齊,10,0,10,華南永昌-頭份,2023-07-17,9343
2481,強茂,17,7,10,華南永昌-頭份,2023-07-17,9343
2897,王道銀行,10,0,10,華南永昌-頭份,2023-07-17,9343
3141,晶宏,10,0,10,華南永昌-頭份,2023-07-17,9343
3149,正達,10,0,10,華南永昌-頭份,2023-07-17,9343
3548,兆利,10,0,10,華南永昌-頭份,2023-07-17,9343
4168,醣聯,10,0,10,華南永昌-頭份,2023-07-17,9343
4702,中美實,10,0,10,華南永昌-頭份,2023-07-17,9343
00905,FT臺灣Smart,9,0,9,華南永昌-頭份,2023-07-17,9343
2323,中環,11,2,9,華南永昌-頭份,2023-07-17,9343
3032,偉訓,9,0,9,華南永昌-頭份,2023-07-17,9343
5607,遠雄港,10,1,9,華南永昌-頭份,2023-07-17,9343
00930,永豐ESG低碳高息,8,0,8,華南永昌-頭份,2023-07-17,9343
1603,華電,8,0,8,華南永昌-頭份,2023-07-17,9343
2106,建大,8,0,8,華南永昌-頭份,2023-07-17,9343
4543,萬在,8,0,8,華南永昌-頭份,2023-07-17,9343
2812,台中銀,104,0,104,華南永昌-頭份,2023-07-18,9343
00929,復華台灣科技優息,109,11,98,華南永昌-頭份,2023-07-18,9343
2201,裕隆,71,0,71,華南永昌-頭份,2023-07-18,9343
2409,友達,70,0,70,華南永昌-頭份,2023-07-18,9343
1609,大亞,90,28,62,華南永昌-頭份,2023-07-18,9343
6288,聯嘉,68,10,58,華南永昌-頭份,2023-07-18,9343
3071,協禧,56,3,53,華南永昌-頭份,2023-07-18,9343
2324,仁寶,68,17,51,華南永昌-頭份,2023-07-18,9343
4934,太極,49,0,49,華南永昌-頭份,2023-07-18,9343
1905,華紙,41,1,40,華南永昌-頭份,2023-07-18,9343
2204,中華,40,4,36,華南永昌-頭份,2023-07-18,9343
00878,國泰永續高股息,45,9,36,華南永昌-頭份,2023-07-18,9343
4908,前鼎,36,4,32,華南永昌-頭份,2023-07-18,9343
4707,磐亞,30,0,30,華南永昌-頭份,2023-07-18,9343
2425,承啟,32,3,29,華南永昌-頭份,2023-07-18,9343
4532,瑞智,38,10,28,華南永昌-頭份,2023-07-18,9343
2344,華邦電,29,3,26,華南永昌-頭份,2023-07-18,9343
6139,亞翔,26,0,26,華南永昌-頭份,2023-07-18,9343
2376,技嘉,38,12,26,華南永昌-頭份,2023-07-18,9343
3078,僑威,72,46,26,華南永昌-頭份,2023-07-18,9343
4543,萬在,29,7,22,華南永昌-頭份,2023-07-18,9343
00930,永豐ESG低碳高息,21,0,21,華南永昌-頭份,2023-07-18,9343
2888,新光金,21,0,21,華南永昌-頭份,2023-07-18,9343
2883,凱基金,21,0,21,華南永昌-頭份,2023-07-18,9343
1101,台泥,20,0,20,華南永昌-頭份,2023-07-18,9343
2312,金寶,126,106,20,華南永昌-頭份,2023-07-18,9343
6285,啟��,25,7,18,華南永昌-頭份,2023-07-18,9343
4938,和碩,44,27,17,華南永昌-頭份,2023-07-18,9343
2419,仲琦,22,6,16,華南永昌-頭份,2023-07-18,9343
6197,佳必琪,15,0,15,華南永昌-頭份,2023-07-18,9343
1319,東陽,14,0,14,華南永昌-頭份,2023-07-18,9343
00679B,元大美債20年,14,0,14,華南永昌-頭份,2023-07-18,9343
00882,中信中國高股息,22,9,13,華南永昌-頭份,2023-07-18,9343
2611,志信,12,0,12,華南永昌-頭份,2023-07-18,9343
1809,中釉,12,0,12,華南永昌-頭份,2023-07-18,9343
2408,南亞科,12,0,12,華南永昌-頭份,2023-07-18,9343
3062,建漢,12,0,12,華南永昌-頭份,2023-07-18,9343
3694,海華,13,1,12,華南永昌-頭份,2023-07-18,9343
6125,廣運,15,3,12,華南永昌-頭份,2023-07-18,9343
1440,南紡,11,0,11,華南永昌-頭份,2023-07-18,9343
2352,佳世達,22,11,11,華南永昌-頭份,2023-07-18,9343
3322,建舜電,13,2,11,華南永昌-頭份,2023-07-18,9343
2617,台航,10,0,10,華南永昌-頭份,2023-07-18,9343
2637,慧洋-KY,10,0,10,華南永昌-頭份,2023-07-18,9343
2349,錸德,10,0,10,華南永昌-頭份,2023-07-18,9343
2442,新美齊,10,0,10,華南永昌-頭份,2023-07-18,9343
2489,瑞軒,10,0,10,華南永昌-頭份,2023-07-18,9343
2816,旺旺保,10,0,10,華南永昌-頭份,2023-07-18,9343
5880,合庫金,10,0,10,華南永昌-頭份,2023-07-18,9343
8043,蜜望實,10,0,10,華南永昌-頭份,2023-07-18,9343
1102,亞泥,40,0,40,華南永昌-頭份,2023-07-19,9343
1514,亞力,38,1,37,華南永昌-頭份,2023-07-19,9343
5009,榮剛,36,0,36,華南永昌-頭份,2023-07-19,9343
3706,神達,85,49,36,華南永昌-頭份,2023-07-19,9343
2461,光群雷,35,2,33,華南永昌-頭份,2023-07-19,9343
1905,華紙,33,1,32,華南永昌-頭份,2023-07-19,9343
6190,萬泰科,30,0,30,華南永昌-頭份,2023-07-19,9343
3481,群創,35,5,30,華南永昌-頭份,2023-07-19,9343
00665L,富邦�琤肭磪囓�2,33,5,28,華南永昌-頭份,2023-07-19,9343
2468,華經,27,0,27,華南永昌-頭份,2023-07-19,9343
3325,旭品,26,0,26,華南永昌-頭份,2023-07-19,9343
00929,復華台灣科技優息,35,10,25,華南永昌-頭份,2023-07-19,9343
1314,中石化,25,0,25,華南永昌-頭份,2023-07-19,9343
1313,聯成,25,0,25,華南永昌-頭份,2023-07-19,9343
9105,泰金寶-DR,30,5,25,華南永昌-頭份,2023-07-19,9343
3078,僑威,103,79,24,華南永昌-頭份,2023-07-19,9343
6770,力積電,24,0,24,華南永昌-頭份,2023-07-19,9343
5443,均豪,24,1,23,華南永昌-頭份,2023-07-19,9343
2329,華泰,38,16,22,華南永昌-頭份,2023-07-19,9343
1219,福壽,20,0,20,華南永昌-頭份,2023-07-19,9343
00753L,中信中國50正2,19,0,19,華南永昌-頭份,2023-07-19,9343
3231,緯創,21,2,19,華南永昌-頭份,2023-07-19,9343
2368,金像電,20,1,19,華南永昌-頭份,2023-07-19,9343
8222,寶一,17,0,17,華南永昌-頭份,2023-07-19,9343
00930,永豐ESG低碳高息,19,2,17,華南永昌-頭份,2023-07-19,9343
2353,宏��,33,17,16,華南永昌-頭份,2023-07-19,9343
6218,豪勉,16,0,16,華南永昌-頭份,2023-07-19,9343
2328,廣宇,19,3,16,華南永昌-頭份,2023-07-19,9343
6282,康舒,39,23,16,華南永昌-頭份,2023-07-19,9343
00919,群益台灣精選高息,42,27,15,華南永昌-頭份,2023-07-19,9343
3052,夆典,15,0,15,華南永昌-頭份,2023-07-19,9343
3058,立德,15,0,15,華南永昌-頭份,2023-07-19,9343
3305,昇貿,15,0,15,華南永昌-頭份,2023-07-19,9343
6197,佳必琪,16,1,15,華南永昌-頭份,2023-07-19,9343
2356,英業達,56,42,14,華南永昌-頭份,2023-07-19,9343
2340,台亞,17,4,13,華南永昌-頭份,2023-07-19,9343
2303,聯電,12,0,12,華南永昌-頭份,2023-07-19,9343
3149,正達,11,0,11,華南永昌-頭份,2023-07-19,9343
3308,聯德,11,0,11,華南永昌-頭份,2023-07-19,9343
5483,中美晶,12,1,11,華南永昌-頭份,2023-07-19,9343
1513,中興電,10,0,10,華南永昌-頭份,2023-07-19,9343
1809,中釉,10,0,10,華南永昌-頭份,2023-07-19,9343
2316,楠梓電,11,1,10,華南永昌-頭份,2023-07-19,9343
2903,遠百,10,0,10,華南永昌-頭份,2023-07-19,9343
3207,耀勝,10,0,10,華南永昌-頭份,2023-07-19,9343
6016,康和證,10,0,10,華南永昌-頭份,2023-07-19,9343
6284,佳邦,10,0,10,華南永昌-頭份,2023-07-19,9343
8050,廣積,12,3,9,華南永昌-頭份,2023-07-19,9343
1101,台泥,39,30,9,華南永昌-頭份,2023-07-19,9343
6806,森崴能源,11,2,9,華南永昌-頭份,2023-07-19,9343
00929,復華台灣科技優息,222,3,219,華南永昌-頭份,2023-07-20,9343
00687B,國泰20年美債,200,0,200,華南永昌-頭份,2023-07-20,9343
2461,光群雷,86,14,72,華南永昌-頭份,2023-07-20,9343
6168,宏齊,50,0,50,華南永昌-頭份,2023-07-20,9343
00919,群益台灣精選高息,40,0,40,華南永昌-頭份,2023-07-20,9343
3207,耀勝,51,11,40,華南永昌-頭份,2023-07-20,9343
2352,佳世達,46,7,39,華南永昌-頭份,2023-07-20,9343
2201,裕隆,38,1,37,華南永昌-頭份,2023-07-20,9343
2206,三陽工業,41,7,34,華南永昌-頭份,2023-07-20,9343
6125,廣運,30,5,25,華南永昌-頭份,2023-07-20,9343
8215,明基材,25,0,25,華南永昌-頭份,2023-07-20,9343
2303,聯電,34,10,24,華南永昌-頭份,2023-07-20,9343
6188,廣明,24,1,23,華南永昌-頭份,2023-07-20,9343
1218,泰山,20,0,20,華南永昌-頭份,2023-07-20,9343
3264,欣銓,25,5,20,華南永昌-頭份,2023-07-20,9343
2314,台揚,20,1,19,華南永昌-頭份,2023-07-20,9343
2382,廣達,57,40,17,華南永昌-頭份,2023-07-20,9343
2888,新光金,20,3,17,華南永昌-頭份,2023-07-20,9343
3231,緯創,22,5,17,華南永昌-頭份,2023-07-20,9343
1789,神隆,37,21,16,華南永昌-頭份,2023-07-20,9343
2329,華泰,31,17,14,華南永昌-頭份,2023-07-20,9343
4123,晟德,32,18,14,華南永昌-頭份,2023-07-20,9343
6133,金橋,13,0,13,華南永昌-頭份,2023-07-20,9343
6196,帆宣,17,4,13,華南永昌-頭份,2023-07-20,9343
6235,華孚,30,17,13,華南永昌-頭份,2023-07-20,9343
6548,長科*,14,1,13,華南永昌-頭份,2023-07-20,9343
1313,聯成,20,8,12,華南永昌-頭份,2023-07-20,9343
00882,中信中國高股息,11,0,11,華南永昌-頭份,2023-07-20,9343
2610,華航,36,25,11,華南永昌-頭份,2023-07-20,9343
6477,安集,12,1,11,華南永昌-頭份,2023-07-20,9343
6546,正基,12,1,11,華南永昌-頭份,2023-07-20,9343
1102,亞泥,10,0,10,華南永昌-頭份,2023-07-20,9343
3047,訊舟,10,0,10,華南永昌-頭份,2023-07-20,9343
4973,廣穎,10,0,10,華南永昌-頭份,2023-07-20,9343
6005,群益證,10,0,10,華南永昌-頭份,2023-07-20,9343
6830,汎銓,10,0,10,華南永昌-頭份,2023-07-20,9343
9105,泰金寶-DR,10,0,10,華南永昌-頭份,2023-07-20,9343
1529,樂事綠能,12,3,9,華南永昌-頭份,2023-07-20,9343
1815,富喬,10,1,9,華南永昌-頭份,2023-07-20,9343
6120,達運,10,1,9,華南永昌-頭份,2023-07-20,9343
6770,力積電,12,3,9,華南永昌-頭份,2023-07-20,9343
2208,台船,10,2,8,華南永昌-頭份,2023-07-20,9343
2337,旺宏,8,0,8,華南永昌-頭份,2023-07-20,9343
4714,永捷,18,10,8,華南永昌-頭份,2023-07-20,9343
5210,寶碩,8,0,8,華南永昌-頭份,2023-07-20,9343
2748,雲品,7,0,7,華南永昌-頭份,2023-07-20,9343
2812,台中銀,7,0,7,華南永昌-頭份,2023-07-20,9343
3289,宜特,12,5,7,華南永昌-頭份,2023-07-20,9343
6861,睿生光電,7,0,7,華南永昌-頭份,2023-07-20,9343
2330,台積電,6,0,6,華南永昌-頭份,2023-07-20,9343
2736,富野,244,1,243,華南永昌-頭份,2023-07-21,9343
2405,輔信,123,36,87,華南永昌-頭份,2023-07-21,9343
2204,中華,66,10,56,華南永昌-頭份,2023-07-21,9343
3049,精金,50,5,45,華南永昌-頭份,2023-07-21,9343
3207,耀勝,40,0,40,華南永昌-頭份,2023-07-21,9343
5009,榮剛,40,0,40,華南永昌-頭份,2023-07-21,9343
6282,康舒,50,11,39,華南永昌-頭份,2023-07-21,9343
2603,長榮,39,1,38,華南永昌-頭份,2023-07-21,9343
3037,欣興,46,13,33,華南永昌-頭份,2023-07-21,9343
2356,英業達,42,9,33,華南永昌-頭份,2023-07-21,9343
1513,中興電,52,21,31,華南永昌-頭份,2023-07-21,9343
1609,大亞,40,11,29,華南永昌-頭份,2023-07-21,9343
2303,聯電,59,31,28,華南永昌-頭份,2023-07-21,9343
3013,晟銘電,47,21,26,華南永昌-頭份,2023-07-21,9343
1605,華新,25,0,25,華南永昌-頭份,2023-07-21,9343
00673R,期元大S＆P原油反1,23,0,23,華南永昌-頭份,2023-07-21,9343
2610,華航,30,7,23,華南永昌-頭份,2023-07-21,9343
2353,宏��,26,4,22,華南永昌-頭份,2023-07-21,9343
4908,前鼎,37,15,22,華南永昌-頭份,2023-07-21,9343
6235,華孚,36,15,21,華南永昌-頭份,2023-07-21,9343
5521,工信,21,0,21,華南永昌-頭份,2023-07-21,9343
6290,良維,21,2,19,華南永昌-頭份,2023-07-21,9343
2457,飛宏,17,0,17,華南永昌-頭份,2023-07-21,9343
00712,復華富時不動產,16,0,16,華南永昌-頭份,2023-07-21,9343
2887,台新金,16,0,16,華南永昌-頭份,2023-07-21,9343
2330,台積電,15,0,15,華南永昌-頭份,2023-07-21,9343
2401,凌陽,16,1,15,華南永昌-頭份,2023-07-21,9343
3706,神達,21,6,15,華南永昌-頭份,2023-07-21,9343
4906,正文,17,2,15,華南永昌-頭份,2023-07-21,9343
1102,亞泥,14,0,14,華南永昌-頭份,2023-07-21,9343
1101,台泥,14,0,14,華南永昌-頭份,2023-07-21,9343
00930,永豐ESG低碳高息,13,0,13,華南永昌-頭份,2023-07-21,9343
1560,中砂,12,1,11,華南永昌-頭份,2023-07-21,9343
2236,百達-KY,11,0,11,華南永昌-頭份,2023-07-21,9343
4533,協易機,12,1,11,華南永昌-頭份,2023-07-21,9343
00929,復華台灣科技優息,16,5,11,華南永昌-頭份,2023-07-21,9343
2027,大成鋼,12,2,10,華南永昌-頭份,2023-07-21,9343
2208,台船,10,0,10,華南永昌-頭份,2023-07-21,9343
3042,晶技,10,0,10,華南永昌-頭份,2023-07-21,9343
4526,東台,10,0,10,華南永昌-頭份,2023-07-21,9343
4532,瑞智,39,29,10,華南永昌-頭份,2023-07-21,9343
6477,安集,11,1,10,華南永昌-頭份,2023-07-21,9343
6485,點序,10,0,10,華南永昌-頭份,2023-07-21,9343
8088,品安,10,0,10,華南永昌-頭份,2023-07-21,9343
9105,泰金寶-DR,10,0,10,華南永昌-頭份,2023-07-21,9343
1708,東鹼,12,3,9,華南永昌-頭份,2023-07-21,9343
3588,通嘉,10,1,9,華南永昌-頭份,2023-07-21,9343
8033,雷虎,8,0,8,華南永昌-頭份,2023-07-21,9343
2324,仁寶,13,5,8,華南永昌-頭份,2023-07-21,9343
1313,聯成,7,0,7,華南永昌-頭份,2023-07-21,9343
00665L,富邦�琤肭磪囓�2,45,0,45,華南永昌-頭份,2023-07-24,9343
1605,華新,42,3,39,華南永昌-頭份,2023-07-24,9343
2464,盟立,38,0,38,華南永昌-頭份,2023-07-24,9343
2468,華經,35,2,33,華南永昌-頭份,2023-07-24,9343
3044,健鼎,37,4,33,華南永昌-頭份,2023-07-24,9343
8996,高力,35,4,31,華南永昌-頭份,2023-07-24,9343
4121,優盛,29,1,28,華南永昌-頭份,2023-07-24,9343
1609,大亞,72,45,27,華南永昌-頭份,2023-07-24,9343
00753L,中信中國50正2,25,0,25,華南永昌-頭份,2023-07-24,9343
6188,廣明,47,22,25,華南永昌-頭份,2023-07-24,9343
00713,元大台灣高息低波,23,0,23,華南永昌-頭份,2023-07-24,9343
2323,中環,20,0,20,華南永昌-頭份,2023-07-24,9343
6168,宏齊,20,0,20,華南永昌-頭份,2023-07-24,9343
3450,聯鈞,21,1,20,華南永昌-頭份,2023-07-24,9343
2892,第一金,20,1,19,華南永昌-頭份,2023-07-24,9343
2201,裕隆,19,1,18,華南永昌-頭份,2023-07-24,9343
1504,東元,21,5,16,華南永昌-頭份,2023-07-24,9343
3481,群創,18,3,15,華南永昌-頭份,2023-07-24,9343
3078,僑威,30,15,15,華南永昌-頭份,2023-07-24,9343
3479,安勤,15,0,15,華南永昌-頭份,2023-07-24,9343
2312,金寶,44,30,14,華南永昌-頭份,2023-07-24,9343
3013,晟銘電,28,15,13,華南永昌-頭份,2023-07-24,9343
3058,立德,13,0,13,華南永昌-頭份,2023-07-24,9343
2356,英業達,18,6,12,華南永昌-頭份,2023-07-24,9343
1802,台玻,12,0,12,華南永昌-頭份,2023-07-24,9343
2419,仲琦,13,1,12,華南永昌-頭份,2023-07-24,9343
2887,台新金,12,0,12,華南永昌-頭份,2023-07-24,9343
6142,友勁,12,0,12,華南永昌-頭份,2023-07-24,9343
3055,蔚華科,11,0,11,華南永昌-頭份,2023-07-24,9343
1475,業旺,10,0,10,華南永昌-頭份,2023-07-24,9343
00679B,元大美債20年,10,0,10,華南永昌-頭份,2023-07-24,9343
3047,訊舟,10,0,10,華南永昌-頭份,2023-07-24,9343
3189,景碩,10,0,10,華南永昌-頭份,2023-07-24,9343
3308,聯德,15,5,10,華南永昌-頭份,2023-07-24,9343
3380,明泰,10,0,10,華南永昌-頭份,2023-07-24,9343
6153,嘉聯益,10,0,10,華南永昌-頭份,2023-07-24,9343
1513,中興電,16,7,9,華南永昌-頭份,2023-07-24,9343
2609,陽明,10,1,9,華南永昌-頭份,2023-07-24,9343
1102,亞泥,9,0,9,華南永昌-頭份,2023-07-24,9343
3624,光頡,10,1,9,華南永昌-頭份,2023-07-24,9343
3706,神達,30,21,9,華南永昌-頭份,2023-07-24,9343
5309,系統電,9,0,9,華南永昌-頭份,2023-07-24,9343
6125,廣運,16,7,9,華南永昌-頭份,2023-07-24,9343
2352,佳世達,10,2,8,華南永昌-頭份,2023-07-24,9343
2891,中信金,8,0,8,華南永昌-頭份,2023-07-24,9343
2344,華邦電,8,0,8,華南永昌-頭份,2023-07-24,9343
6133,金橋,8,0,8,華南永昌-頭份,2023-07-24,9343
3221,台嘉碩,8,1,7,華南永昌-頭份,2023-07-24,9343
1217,愛之味,8,1,7,華南永昌-頭份,2023-07-24,9343
1314,中石化,7,0,7,華南永昌-頭份,2023-07-24,9343
2618,長榮航,104,20,84,華南永昌-頭份,2023-07-25,9343
1103,嘉泥,60,0,60,華南永昌-頭份,2023-07-25,9343
2603,長榮,52,3,49,華南永昌-頭份,2023-07-25,9343
5443,均豪,53,9,44,華南永昌-頭份,2023-07-25,9343
4543,萬在,42,9,33,華南永昌-頭份,2023-07-25,9343
00878,國泰永續高股息,52,19,33,華南永昌-頭份,2023-07-25,9343
2468,華經,30,0,30,華南永昌-頭份,2023-07-25,9343
3508,位速,30,0,30,華南永昌-頭份,2023-07-25,9343
1905,華紙,36,8,28,華南永昌-頭份,2023-07-25,9343
6275,元山,28,3,25,華南永昌-頭份,2023-07-25,9343
2329,華泰,26,3,23,華南永昌-頭份,2023-07-25,9343
2382,廣達,66,45,21,華南永昌-頭份,2023-07-25,9343
1314,中石化,21,1,20,華南永昌-頭份,2023-07-25,9343
2834,臺企銀,20,0,20,華南永昌-頭份,2023-07-25,9343
2399,映泰,17,0,17,華南永昌-頭份,2023-07-25,9343
3231,緯創,28,12,16,華南永昌-頭份,2023-07-25,9343
2301,光寶科,35,19,16,華南永昌-頭份,2023-07-25,9343
1305,華夏,26,10,16,華南永昌-頭份,2023-07-25,9343
2312,金寶,28,12,16,華南永昌-頭份,2023-07-25,9343
4958,臻鼎-KY,15,0,15,華南永昌-頭份,2023-07-25,9343
8069,元太,15,0,15,華南永昌-頭份,2023-07-25,9343
2388,威盛,17,3,14,華南永昌-頭份,2023-07-25,9343
3481,群創,14,0,14,華南永昌-頭份,2023-07-25,9343
5469,瀚宇博,13,0,13,華南永昌-頭份,2023-07-25,9343
5426,振發,18,5,13,華南永昌-頭份,2023-07-25,9343
2609,陽明,28,16,12,華南永昌-頭份,2023-07-25,9343
2397,友通,12,0,12,華南永昌-頭份,2023-07-25,9343
00929,復華台灣科技優息,11,0,11,華南永昌-頭份,2023-07-25,9343
6125,廣運,43,32,11,華南永昌-頭份,2023-07-25,9343
6235,華孚,23,12,11,華南永昌-頭份,2023-07-25,9343
1303,南亞,10,0,10,華南永昌-頭份,2023-07-25,9343
2903,遠百,10,0,10,華南永昌-頭份,2023-07-25,9343
3652,精聯,10,0,10,華南永昌-頭份,2023-07-25,9343
6185,幃翔,10,0,10,華南永昌-頭份,2023-07-25,9343
00673R,期元大S＆P原油反1,8,0,8,華南永昌-頭份,2023-07-25,9343
2486,一詮,9,1,8,華南永昌-頭份,2023-07-25,9343
2495,普安,8,0,8,華南永昌-頭份,2023-07-25,9343
00712,復華富時不動產,7,0,7,華南永昌-頭份,2023-07-25,9343
1475,業旺,7,0,7,華南永昌-頭份,2023-07-25,9343
2324,仁寶,12,5,7,華南永昌-頭份,2023-07-25,9343
2354,鴻準,20,13,7,華南永昌-頭份,2023-07-25,9343
3035,智原,11,4,7,華南永昌-頭份,2023-07-25,9343
6197,佳必琪,7,0,7,華南永昌-頭份,2023-07-25,9343
1301,台塑,6,0,6,華南永昌-頭份,2023-07-25,9343
00650L,復華香港正2,10,4,6,華南永昌-頭份,2023-07-25,9343
2887,台新金,21,15,6,華南永昌-頭份,2023-07-25,9343
5871,中租-KY,6,0,6,華南永昌-頭份,2023-07-25,9343
6874,倍力,7,1,6,華南永昌-頭份,2023-07-25,9343
1434,福懋,5,0,5,華南永昌-頭份,2023-07-25,9343
1907,永豐餘,5,0,5,華南永昌-頭份,2023-07-25,9343
00673R,期元大S＆P原油反1,120,0,120,華南永昌-頭份,2023-07-26,9343
6126,信音,103,0,103,華南永昌-頭份,2023-07-26,9343
2399,映泰,61,3,58,華南永昌-頭份,2023-07-26,9343
3287,廣寰科,46,0,46,華南永昌-頭份,2023-07-26,9343
3029,零壹,42,2,40,華南永昌-頭份,2023-07-26,9343
5009,榮剛,40,0,40,華南永昌-頭份,2023-07-26,9343
3071,協禧,42,2,40,華南永昌-頭份,2023-07-26,9343
2031,新光鋼,40,2,38,華南永昌-頭份,2023-07-26,9343
00885,富邦越南,30,0,30,華南永昌-頭份,2023-07-26,9343
2461,光群雷,30,0,30,華南永昌-頭份,2023-07-26,9343
4958,臻鼎-KY,30,0,30,華南永昌-頭份,2023-07-26,9343
6214,精誠,31,2,29,華南永昌-頭份,2023-07-26,9343
1504,東元,69,41,28,華南永昌-頭份,2023-07-26,9343
2468,華經,31,3,28,華南永昌-頭份,2023-07-26,9343
2201,裕隆,26,0,26,華南永昌-頭份,2023-07-26,9343
2887,台新金,43,20,23,華南永昌-頭份,2023-07-26,9343
3162,精確,22,0,22,華南永昌-頭份,2023-07-26,9343
6190,萬泰科,21,0,21,華南永昌-頭份,2023-07-26,9343
2204,中華,20,0,20,華南永昌-頭份,2023-07-26,9343
6288,聯嘉,20,0,20,華南永昌-頭份,2023-07-26,9343
4533,協易機,36,16,20,華南永昌-頭份,2023-07-26,9343
1611,中電,19,0,19,華南永昌-頭份,2023-07-26,9343
2353,宏��,20,1,19,華南永昌-頭份,2023-07-26,9343
2886,兆豐金,20,1,19,華南永昌-頭份,2023-07-26,9343
2344,華邦電,18,0,18,華南永昌-頭份,2023-07-26,9343
6188,廣明,28,11,17,華南永昌-頭份,2023-07-26,9343
2453,凌群,17,0,17,華南永昌-頭份,2023-07-26,9343
2368,金像電,18,1,17,華南永昌-頭份,2023-07-26,9343
5880,合庫金,40,24,16,華南永昌-頭份,2023-07-26,9343
1618,合機,18,4,14,華南永昌-頭份,2023-07-26,9343
2382,廣達,43,29,14,華南永昌-頭份,2023-07-26,9343
00930,永豐ESG低碳高息,13,0,13,華南永昌-頭份,2023-07-26,9343
2421,建準,31,18,13,華南永昌-頭份,2023-07-26,9343
3078,僑威,26,13,13,華南永昌-頭份,2023-07-26,9343
2329,華泰,96,84,12,華南永昌-頭份,2023-07-26,9343
3308,聯德,12,0,12,華南永昌-頭份,2023-07-26,9343
3479,安勤,14,2,12,華南永昌-頭份,2023-07-26,9343
5443,均豪,19,7,12,華南永昌-頭份,2023-07-26,9343
6026,福邦證,14,2,12,華南永昌-頭份,2023-07-26,9343
3702,大聯大,11,0,11,華南永昌-頭份,2023-07-26,9343
4128,中天,11,0,11,華南永昌-頭份,2023-07-26,9343
2301,光寶科,23,13,10,華南永昌-頭份,2023-07-26,9343
00878,國泰永續高股息,43,33,10,華南永昌-頭份,2023-07-26,9343
8050,廣積,10,0,10,華南永昌-頭份,2023-07-26,9343
00633L,富邦上証正2,10,0,10,華南永昌-頭份,2023-07-26,9343
3015,全漢,10,0,10,華南永昌-頭份,2023-07-26,9343
3028,增你強,10,0,10,華南永昌-頭份,2023-07-26,9343
3625,西勝,10,0,10,華南永昌-頭份,2023-07-26,9343
5210,寶碩,10,0,10,華南永昌-頭份,2023-07-26,9343
9105,泰金寶-DR,10,0,10,華南永昌-頭份,2023-07-26,9343
00687B,國泰20年美債,200,0,200,華南永昌-頭份,2023-07-27,9343
2323,中環,83,3,80,華南永昌-頭份,2023-07-27,9343
00715L,期街口布蘭特正2,70,0,70,華南永昌-頭份,2023-07-27,9343
3264,欣銓,60,1,59,華南永昌-頭份,2023-07-27,9343
8109,博大,66,7,59,華南永昌-頭份,2023-07-27,9343
3481,群創,190,136,54,華南永昌-頭份,2023-07-27,9343
2461,光群雷,70,30,40,華南永昌-頭份,2023-07-27,9343
3338,泰碩,36,0,36,華南永昌-頭份,2023-07-27,9343
2371,大同,30,2,28,華南永昌-頭份,2023-07-27,9343
1504,東元,34,7,27,華南永昌-頭份,2023-07-27,9343
6282,康舒,60,37,23,華南永昌-頭份,2023-07-27,9343
3189,景碩,21,0,21,華南永昌-頭份,2023-07-27,9343
6126,信音,25,4,21,華南永昌-頭份,2023-07-27,9343
1608,華榮,20,4,16,華南永昌-頭份,2023-07-27,9343
2002,中鋼,15,0,15,華南永昌-頭份,2023-07-27,9343
1907,永豐餘,16,2,14,華南永昌-頭份,2023-07-27,9343
1727,中華化,15,1,14,華南永昌-頭份,2023-07-27,9343
2352,佳世達,15,2,13,華南永昌-頭份,2023-07-27,9343
6770,力積電,13,0,13,華南永昌-頭份,2023-07-27,9343
1522,堤維西,13,1,12,華南永昌-頭份,2023-07-27,9343
2884,玉山金,13,1,12,華南永昌-頭份,2023-07-27,9343
3006,晶豪科,11,0,11,華南永昌-頭份,2023-07-27,9343
3037,欣興,23,13,10,華南永昌-頭份,2023-07-27,9343
2892,第一金,10,0,10,華南永昌-頭份,2023-07-27,9343
3704,合勤控,12,2,10,華南永昌-頭份,2023-07-27,9343
1809,中釉,10,0,10,華南永昌-頭份,2023-07-27,9343
5009,榮剛,10,0,10,華南永昌-頭份,2023-07-27,9343
5439,高技,10,0,10,華南永昌-頭份,2023-07-27,9343
6120,達運,10,0,10,華南永昌-頭份,2023-07-27,9343
5410,國眾,14,5,9,華南永昌-頭份,2023-07-27,9343
6188,廣明,35,26,9,華南永昌-頭份,2023-07-27,9343
00712,復華富時不動產,14,5,9,華南永昌-頭份,2023-07-27,9343
00885,富邦越南,10,1,9,華南永昌-頭份,2023-07-27,9343
2340,台亞,12,3,9,華南永昌-頭份,2023-07-27,9343
8222,寶一,10,1,9,華南永昌-頭份,2023-07-27,9343
1560,中砂,10,2,8,華南永昌-頭份,2023-07-27,9343
2317,鴻海,8,0,8,華南永昌-頭份,2023-07-27,9343
3703,欣陸,8,0,8,華南永昌-頭份,2023-07-27,9343
5351,鈺創,21,13,8,華南永昌-頭份,2023-07-27,9343
00919,群益台灣精選高息,10,4,6,華南永昌-頭份,2023-07-27,9343
00679B,元大美債20年,5,0,5,華南永昌-頭份,2023-07-27,9343
3363,上詮,6,1,5,華南永昌-頭份,2023-07-27,9343
1108,幸福,5,0,5,華南永昌-頭份,2023-07-27,9343
00772B,中信高評級公司債,5,0,5,華南永昌-頭份,2023-07-27,9343
1714,和桐,5,0,5,華南永昌-頭份,2023-07-27,9343
1781,合世,5,0,5,華南永昌-頭份,2023-07-27,9343
2313,華通,7,2,5,華南永昌-頭份,2023-07-27,9343
2354,鴻準,5,0,5,華南永昌-頭份,2023-07-27,9343
2605,新興,5,0,5,華南永昌-頭份,2023-07-27,9343
3205,佰研,5,0,5,華南永昌-頭份,2023-07-27,9343
00687B,國泰20年美債,204,0,204,華南永昌-頭份,2023-07-28,9343
00720B,元大投資級公司債,85,0,85,華南永昌-頭份,2023-07-28,9343
2892,第一金,85,0,85,華南永昌-頭份,2023-07-28,9343
6126,信音,50,0,50,華南永昌-頭份,2023-07-28,9343
3003,健和興,47,2,45,華南永昌-頭份,2023-07-28,9343
2913,農林,50,14,36,華南永昌-頭份,2023-07-28,9343
1905,華紙,60,25,35,華南永昌-頭份,2023-07-28,9343
00772B,中信高評級公司債,34,2,32,華南永昌-頭份,2023-07-28,9343
1815,富喬,40,15,25,華南永昌-頭份,2023-07-28,9343
6125,廣運,43,18,25,華南永昌-頭份,2023-07-28,9343
00665L,富邦�琤肭磪囓�2,22,0,22,華南永昌-頭份,2023-07-28,9343
3289,宜特,24,3,21,華南永昌-頭份,2023-07-28,9343
2303,聯電,21,1,20,華南永昌-頭份,2023-07-28,9343
2891,中信金,20,0,20,華南永昌-頭份,2023-07-28,9343
1714,和桐,20,0,20,華南永昌-頭份,2023-07-28,9343
6188,廣明,26,6,20,華南永昌-頭份,2023-07-28,9343
5009,榮剛,28,8,20,華南永昌-頭份,2023-07-28,9343
00650L,復華香港正2,30,11,19,華南永昌-頭份,2023-07-28,9343
2399,映泰,36,18,18,華南永昌-頭份,2023-07-28,9343
2888,新光金,20,2,18,華南永昌-頭份,2023-07-28,9343
00712,復華富時不動產,17,0,17,華南永昌-頭份,2023-07-28,9343
3264,欣銓,20,3,17,華南永昌-頭份,2023-07-28,9343
2353,宏��,19,2,17,華南永昌-頭份,2023-07-28,9343
2371,大同,28,13,15,華南永昌-頭份,2023-07-28,9343
2707,晶華,13,0,13,華南永昌-頭份,2023-07-28,9343
3088,艾訊,15,2,13,華南永昌-頭份,2023-07-28,9343
2609,陽明,13,1,12,華南永昌-頭份,2023-07-28,9343
1301,台塑,11,0,11,華南永昌-頭份,2023-07-28,9343
5347,世界,11,0,11,華南永昌-頭份,2023-07-28,9343
6550,北極星藥業-KY,11,0,11,華南永昌-頭份,2023-07-28,9343
2402,毅嘉,18,8,10,華南永昌-頭份,2023-07-28,9343
2610,華航,10,0,10,華南永昌-頭份,2023-07-28,9343
2641,正德,10,0,10,華南永昌-頭份,2023-07-28,9343
4306,炎洲,10,0,10,華南永昌-頭份,2023-07-28,9343
5243,乙盛-KY,26,16,10,華南永昌-頭份,2023-07-28,9343
6275,元山,11,1,10,華南永昌-頭份,2023-07-28,9343
00679B,元大美債20年,9,0,9,華南永昌-頭份,2023-07-28,9343
5608,四維航,10,1,9,華南永昌-頭份,2023-07-28,9343
2324,仁寶,10,1,9,華南永昌-頭份,2023-07-28,9343
2425,承啟,13,4,9,華南永昌-頭份,2023-07-28,9343
2731,雄獅,9,0,9,華南永昌-頭份,2023-07-28,9343
2359,所羅門,21,12,9,華南永昌-頭份,2023-07-28,9343
1313,聯成,8,0,8,華南永昌-頭份,2023-07-28,9343
3162,精確,8,0,8,華南永昌-頭份,2023-07-28,9343
6191,精成科,8,0,8,華南永昌-頭份,2023-07-28,9343
3706,神達,11,4,7,華南永昌-頭份,2023-07-28,9343
6015,宏遠證,7,0,7,華南永昌-頭份,2023-07-28,9343
2002,中鋼,7,1,6,華南永昌-頭份,2023-07-28,9343
0050,元大台灣50,6,0,6,華南永昌-頭份,2023-07-28,9343
3504,揚明光,6,0,6,華南永昌-頭份,2023-07-28,9343
00665L,富邦�琤肭磪囓�2,151,1,150,華南永昌-頭份,2023-07-31,9343
2002,中鋼,119,0,119,華南永昌-頭份,2023-07-31,9343
3078,僑威,72,5,67,華南永昌-頭份,2023-07-31,9343
00878,國泰永續高股息,97,35,62,華南永昌-頭份,2023-07-31,9343
6190,萬泰科,81,28,53,華南永昌-頭份,2023-07-31,9343
2329,華泰,122,74,48,華南永昌-頭份,2023-07-31,9343
3231,緯創,52,7,45,華南永昌-頭份,2023-07-31,9343
3481,群創,67,34,33,華南永昌-頭份,2023-07-31,9343
6550,北極星藥業-KY,30,0,30,華南永昌-頭份,2023-07-31,9343
2399,映泰,52,23,29,華南永昌-頭份,2023-07-31,9343
2888,新光金,60,32,28,華南永昌-頭份,2023-07-31,9343
2891,中信金,25,0,25,華南永昌-頭份,2023-07-31,9343
1815,富喬,78,55,23,華南永昌-頭份,2023-07-31,9343
2409,友達,30,8,22,華南永昌-頭份,2023-07-31,9343
3092,鴻碩,24,2,22,華南永昌-頭份,2023-07-31,9343
2363,矽統,21,1,20,華南永昌-頭份,2023-07-31,9343
2382,廣達,71,52,19,華南永昌-頭份,2023-07-31,9343
00919,群益台灣精選高息,20,2,18,華南永昌-頭份,2023-07-31,9343
3024,憶聲,20,2,18,華南永昌-頭份,2023-07-31,9343
2337,旺宏,18,2,16,華南永昌-頭份,2023-07-31,9343
2618,長榮航,20,4,16,華南永昌-頭份,2023-07-31,9343
3189,景碩,15,0,15,華南永昌-頭份,2023-07-31,9343
2027,大成鋼,14,0,14,華南永昌-頭份,2023-07-31,9343
1312,國喬,16,2,14,華南永昌-頭份,2023-07-31,9343
1618,合機,13,0,13,華南永昌-頭份,2023-07-31,9343
4904,遠傳,13,0,13,華南永昌-頭份,2023-07-31,9343
00881,國泰台灣5G+,15,3,12,華南永昌-頭份,2023-07-31,9343
1904,正隆,13,1,12,華南永昌-頭份,2023-07-31,9343
8110,華東,12,1,11,華南永昌-頭份,2023-07-31,9343
2882,國泰金,11,0,11,華南永昌-頭份,2023-07-31,9343
8358,金居,11,1,10,華南永昌-頭份,2023-07-31,9343
3033,威健,10,0,10,華南永昌-頭份,2023-07-31,9343
00679B,元大美債20年,10,0,10,華南永昌-頭份,2023-07-31,9343
1909,榮成,12,2,10,華南永昌-頭份,2023-07-31,9343
3162,精確,10,0,10,華南永昌-頭份,2023-07-31,9343
3289,宜特,20,10,10,華南永昌-頭份,2023-07-31,9343
3673,TPK-KY,10,0,10,華南永昌-頭份,2023-07-31,9343
6770,力積電,10,0,10,華南永昌-頭份,2023-07-31,9343
3325,旭品,10,0,10,華南永昌-頭份,2023-07-31,9343
2376,技嘉,13,5,8,華南永昌-頭份,2023-07-31,9343
3037,欣興,17,9,8,華南永昌-頭份,2023-07-31,9343
2495,普安,8,0,8,華南永昌-頭份,2023-07-31,9343
2816,旺旺保,8,0,8,華南永昌-頭份,2023-07-31,9343
4552,力達-KY,8,0,8,華南永昌-頭份,2023-07-31,9343
3013,晟銘電,8,1,7,華南永昌-頭份,2023-07-31,9343
3049,精金,12,5,7,華南永昌-頭份,2023-07-31,9343
6126,信音,7,0,7,華南永昌-頭份,2023-07-31,9343
8222,寶一,10,3,7,華南永昌-頭份,2023-07-31,9343
8255,朋程,11,4,7,華南永昌-頭份,2023-07-31,9343
6133,金橋,7,0,7,華南永昌-頭份,2023-07-31,9343
9933,中鼎,75,0,75,華南永昌-頭份,2023-08-01,9343
2328,廣宇,42,2,40,華南永昌-頭份,2023-08-01,9343
00878,國泰永續高股息,39,6,33,華南永昌-頭份,2023-08-01,9343
2312,金寶,46,13,33,華南永昌-頭份,2023-08-01,9343
2399,映泰,52,19,33,華南永昌-頭份,2023-08-01,9343
1102,亞泥,30,0,30,華南永昌-頭份,2023-08-01,9343
3380,明泰,30,0,30,華南永昌-頭份,2023-08-01,9343
2301,光寶科,33,9,24,華南永昌-頭份,2023-08-01,9343
3704,合勤控,25,1,24,華南永昌-頭份,2023-08-01,9343
2344,華邦電,25,2,23,華南永昌-頭份,2023-08-01,9343
1905,華紙,26,5,21,華南永昌-頭份,2023-08-01,9343
0050,元大台灣50,20,0,20,華南永昌-頭份,2023-08-01,9343
00893,國泰智能電動車,20,0,20,華南永昌-頭份,2023-08-01,9343
6550,北極星藥業-KY,20,0,20,華南永昌-頭份,2023-08-01,9343
00929,復華台灣科技優息,19,0,19,華南永昌-頭份,2023-08-01,9343
2890,永豐金,20,2,18,華南永昌-頭份,2023-08-01,9343
2891,中信金,15,0,15,華南永昌-頭份,2023-08-01,9343
3479,安勤,15,0,15,華南永昌-頭份,2023-08-01,9343
2352,佳世達,18,4,14,華南永昌-頭份,2023-08-01,9343
2425,承啟,51,38,13,華南永昌-頭份,2023-08-01,9343
6288,聯嘉,13,0,13,華南永昌-頭份,2023-08-01,9343
00919,群益台灣精選高息,12,0,12,華南永昌-頭份,2023-08-01,9343
2913,農林,35,23,12,華南永昌-頭份,2023-08-01,9343
6239,力成,13,1,12,華南永昌-頭份,2023-08-01,9343
3163,波若威,25,14,11,華南永昌-頭份,2023-08-01,9343
1513,中興電,14,3,11,華南永昌-頭份,2023-08-01,9343
6125,廣運,24,13,11,華南永昌-頭份,2023-08-01,9343
6282,康舒,48,37,11,華南永昌-頭份,2023-08-01,9343
00650L,復華香港正2,14,4,10,華南永昌-頭份,2023-08-01,9343
1815,富喬,11,1,10,華南永昌-頭份,2023-08-01,9343
2331,精英,10,0,10,華南永昌-頭份,2023-08-01,9343
3162,精確,10,0,10,華南永昌-頭份,2023-08-01,9343
6278,台表科,10,0,10,華南永昌-頭份,2023-08-01,9343
6279,胡連,10,0,10,華南永昌-頭份,2023-08-01,9343
6438,迅得,10,0,10,華南永昌-頭份,2023-08-01,9343
6672,騰輝電子-KY,10,0,10,華南永昌-頭份,2023-08-01,9343
2383,台光電,10,1,9,華南永昌-頭份,2023-08-01,9343
3289,宜特,12,3,9,華南永昌-頭份,2023-08-01,9343
3105,穩懋,8,0,8,華南永昌-頭份,2023-08-01,9343
2308,台達電,8,0,8,華南永昌-頭份,2023-08-01,9343
2363,矽統,22,14,8,華南永昌-頭份,2023-08-01,9343
3714,富采,16,8,8,華南永昌-頭份,2023-08-01,9343
4908,前鼎,12,4,8,華南永昌-頭份,2023-08-01,9343
4919,新唐,8,0,8,華南永昌-頭份,2023-08-01,9343
2020,美亞,7,0,7,華南永昌-頭份,2023-08-01,9343
2634,漢翔,7,0,7,華南永昌-頭份,2023-08-01,9343
5371,中光電,14,7,7,華南永昌-頭份,2023-08-01,9343
3264,欣銓,8,1,7,華南永昌-頭份,2023-08-01,9343
1802,台玻,17,11,6,華南永昌-頭份,2023-08-01,9343
3049,精金,6,0,6,華南永昌-頭份,2023-08-01,9343
00687B,國泰20年美債,346,0,346,華南永昌-頭份,2023-08-02,9343
00878,國泰永續高股息,193,12,181,華南永昌-頭份,2023-08-02,9343
3682,亞太電,160,0,160,華南永昌-頭份,2023-08-02,9343
00772B,中信高評級公司債,121,0,121,華南永昌-頭份,2023-08-02,9343
2897,王道銀行,100,0,100,華南永昌-頭份,2023-08-02,9343
5371,中光電,74,14,60,華南永昌-頭份,2023-08-02,9343
3481,群創,103,46,57,華南永昌-頭份,2023-08-02,9343
00923,群益台ESG低碳50,57,0,57,華南永昌-頭份,2023-08-02,9343
2461,光群雷,46,0,46,華南永昌-頭份,2023-08-02,9343
00895,富邦未來車,40,0,40,華南永昌-頭份,2023-08-02,9343
2892,第一金,33,1,32,華南永昌-頭份,2023-08-02,9343
2409,友達,47,16,31,華南永昌-頭份,2023-08-02,9343
6282,康舒,66,37,29,華南永昌-頭份,2023-08-02,9343
00712,復華富時不動產,33,4,29,華南永昌-頭份,2023-08-02,9343
2328,廣宇,29,0,29,華南永昌-頭份,2023-08-02,9343
1605,華新,54,27,27,華南永昌-頭份,2023-08-02,9343
00673R,期元大S＆P原油反1,26,0,26,華南永昌-頭份,2023-08-02,9343
4906,正文,25,0,25,華南永昌-頭份,2023-08-02,9343
2010,春源,24,0,24,華南永昌-頭份,2023-08-02,9343
00929,復華台灣科技優息,38,14,24,華南永昌-頭份,2023-08-02,9343
3078,僑威,37,14,23,華南永昌-頭份,2023-08-02,9343
2312,金寶,22,0,22,華南永昌-頭份,2023-08-02,9343
2399,映泰,36,14,22,華南永昌-頭份,2023-08-02,9343
0056,元大高股息,28,6,22,華南永昌-頭份,2023-08-02,9343
00850,元大臺灣ESG永續,23,2,21,華南永昌-頭份,2023-08-02,9343
2913,農林,40,19,21,華南永昌-頭份,2023-08-02,9343
6168,宏齊,20,0,20,華南永昌-頭份,2023-08-02,9343
2888,新光金,18,0,18,華南永昌-頭份,2023-08-02,9343
00665L,富邦�琤肭磪囓�2,17,0,17,華南永昌-頭份,2023-08-02,9343
1504,東元,27,10,17,華南永昌-頭份,2023-08-02,9343
6188,廣明,39,22,17,華南永昌-頭份,2023-08-02,9343
6770,力積電,17,0,17,華南永昌-頭份,2023-08-02,9343
2887,台新金,16,0,16,華南永昌-頭份,2023-08-02,9343
2402,毅嘉,38,22,16,華南永昌-頭份,2023-08-02,9343
00632R,元大台灣50反1,20,5,15,華南永昌-頭份,2023-08-02,9343
3704,合勤控,20,5,15,華南永昌-頭份,2023-08-02,9343
2323,中環,14,0,14,華南永昌-頭份,2023-08-02,9343
3231,緯創,43,30,13,華南永昌-頭份,2023-08-02,9343
00900,富邦特選高股息30,19,6,13,華南永昌-頭份,2023-08-02,9343
2002,中鋼,13,1,12,華南永昌-頭份,2023-08-02,9343
2324,仁寶,17,5,12,華南永昌-頭份,2023-08-02,9343
00907,永豐優息存股,12,0,12,華南永昌-頭份,2023-08-02,9343
00720B,元大投資級公司債,12,0,12,華南永昌-頭份,2023-08-02,9343
5425,台半,11,0,11,華南永昌-頭份,2023-08-02,9343
6125,廣運,19,8,11,華南永昌-頭份,2023-08-02,9343
1303,南亞,10,0,10,華南永昌-頭份,2023-08-02,9343
4306,炎洲,10,0,10,華南永昌-頭份,2023-08-02,9343
4739,康普,10,0,10,華南永昌-頭份,2023-08-02,9343
6257,矽格,10,0,10,華南永昌-頭份,2023-08-02,9343
6573,虹揚-KY,10,0,10,華南永昌-頭份,2023-08-02,9343
1905,華紙,135,30,105,華南永昌-頭份,2023-08-04,9343
00687B,國泰20年美債,104,0,104,華南永昌-頭份,2023-08-04,9343
1609,大亞,85,11,74,華南永昌-頭份,2023-08-04,9343
00929,復華台灣科技優息,50,1,49,華南永昌-頭份,2023-08-04,9343
5009,榮剛,45,1,44,華南永昌-頭份,2023-08-04,9343
00772B,中信高評級公司債,42,1,41,華南永昌-頭份,2023-08-04,9343
1305,華夏,38,3,35,華南永昌-頭份,2023-08-04,9343
1605,華新,55,21,34,華南永昌-頭份,2023-08-04,9343
3325,旭品,60,31,29,華南永昌-頭份,2023-08-04,9343
2354,鴻準,25,0,25,華南永昌-頭份,2023-08-04,9343
00773B,中信優先金融債,24,0,24,華南永昌-頭份,2023-08-04,9343
3231,緯創,91,67,24,華南永昌-頭份,2023-08-04,9343
6285,啟��,28,6,22,華南永昌-頭份,2023-08-04,9343
2891,中信金,21,0,21,華南永昌-頭份,2023-08-04,9343
00895,富邦未來車,20,0,20,華南永昌-頭份,2023-08-04,9343
2399,映泰,21,1,20,華南永昌-頭份,2023-08-04,9343
00679B,元大美債20年,40,21,19,華南永昌-頭份,2023-08-04,9343
6282,康舒,22,6,16,華南永昌-頭份,2023-08-04,9343
2344,華邦電,37,22,15,華南永昌-頭份,2023-08-04,9343
2353,宏��,20,5,15,華南永昌-頭份,2023-08-04,9343
2897,王道銀行,15,0,15,華南永昌-頭份,2023-08-04,9343
00923,群益台ESG低碳50,14,0,14,華南永昌-頭份,2023-08-04,9343
1608,華榮,14,0,14,華南永昌-頭份,2023-08-04,9343
2801,彰銀,13,0,13,華南永昌-頭份,2023-08-04,9343
3004,豐達科,14,1,13,華南永昌-頭份,2023-08-04,9343
6150,撼訊,12,0,12,華南永昌-頭份,2023-08-04,9343
8215,明基材,15,3,12,華南永昌-頭份,2023-08-04,9343
9927,泰銘,12,0,12,華南永昌-頭份,2023-08-04,9343
1785,光洋科,15,4,11,華南永昌-頭份,2023-08-04,9343
2356,英業達,27,16,11,華南永昌-頭份,2023-08-04,9343
1532,勤美,10,0,10,華南永昌-頭份,2023-08-04,9343
2468,華經,12,2,10,華南永昌-頭份,2023-08-04,9343
2645,長榮航太,10,0,10,華南永昌-頭份,2023-08-04,9343
5439,高技,10,0,10,華南永昌-頭份,2023-08-04,9343
6153,嘉聯益,10,0,10,華南永昌-頭份,2023-08-04,9343
3665,貿聯-KY,12,3,9,華南永昌-頭份,2023-08-04,9343
2449,京元電子,15,6,9,華南永昌-頭份,2023-08-04,9343
2206,三陽工業,9,0,9,華南永昌-頭份,2023-08-04,9343
00665L,富邦�琤肭磪囓�2,22,14,8,華南永昌-頭份,2023-08-04,9343
3581,博磊,18,10,8,華南永昌-頭份,2023-08-04,9343
5258,虹堡,9,2,7,華南永昌-頭份,2023-08-04,9343
00673R,期元大S＆P原油反1,7,0,7,華南永昌-頭份,2023-08-04,9343
00795B,中信美國公債20年,6,0,6,華南永昌-頭份,2023-08-04,9343
1304,台聚,7,1,6,華南永昌-頭份,2023-08-04,9343
1504,東元,9,3,6,華南永昌-頭份,2023-08-04,9343
3013,晟銘電,7,1,6,華南永昌-頭份,2023-08-04,9343
5511,德昌,7,1,6,華南永昌-頭份,2023-08-04,9343
1313,聯成,7,2,5,華南永昌-頭份,2023-08-04,9343
2457,飛宏,15,10,5,華南永昌-頭份,2023-08-04,9343
6573,虹揚-KY,5,0,5,華南永昌-頭份,2023-08-04,9343
00929,復華台灣科技優息,51,2,49,華南永昌-頭份,2023-08-07,9343
2301,光寶科,56,19,37,華南永昌-頭份,2023-08-07,9343
5371,中光電,44,7,37,華南永昌-頭份,2023-08-07,9343
00900,富邦特選高股息30,35,4,31,華南永昌-頭份,2023-08-07,9343
6142,友勁,30,0,30,華南永昌-頭份,2023-08-07,9343
2329,華泰,32,3,29,華南永昌-頭份,2023-08-07,9343
2388,威盛,33,5,28,華南永昌-頭份,2023-08-07,9343
00905,FT臺灣Smart,20,0,20,華南永昌-頭份,2023-08-07,9343
1714,和桐,20,0,20,華南永昌-頭份,2023-08-07,9343
9927,泰銘,41,22,19,華南永昌-頭份,2023-08-07,9343
2405,輔信,22,4,18,華南永昌-頭份,2023-08-07,9343
6284,佳邦,16,0,16,華南永昌-頭份,2023-08-07,9343
1905,華紙,41,26,15,華南永昌-頭份,2023-08-07,9343
2890,永豐金,12,0,12,華南永昌-頭份,2023-08-07,9343
1313,聯成,12,0,12,華南永昌-頭份,2023-08-07,9343
00895,富邦未來車,12,0,12,華南永昌-頭份,2023-08-07,9343
2409,友達,12,1,11,華南永昌-頭份,2023-08-07,9343
5009,榮剛,13,2,11,華南永昌-頭份,2023-08-07,9343
6188,廣明,27,17,10,華南永昌-頭份,2023-08-07,9343
00907,永豐優息存股,10,0,10,華南永昌-頭份,2023-08-07,9343
2367,燿華,10,0,10,華南永昌-頭份,2023-08-07,9343
6115,鎰勝,10,0,10,華南永昌-頭份,2023-08-07,9343
6185,幃翔,10,0,10,華南永昌-頭份,2023-08-07,9343
3047,訊舟,8,0,8,華南永昌-頭份,2023-08-07,9343
6577,勁豐,8,0,8,華南永昌-頭份,2023-08-07,9343
8942,森鉅,8,0,8,華南永昌-頭份,2023-08-07,9343
2464,盟立,17,10,7,華南永昌-頭份,2023-08-07,9343
00687B,國泰20年美債,7,0,7,華南永昌-頭份,2023-08-07,9343
00931B,統一美債20年,7,0,7,華南永昌-頭份,2023-08-07,9343
2382,廣達,25,18,7,華南永昌-頭份,2023-08-07,9343
1409,新纖,6,0,6,華南永昌-頭份,2023-08-07,9343
1513,中興電,10,4,6,華南永昌-頭份,2023-08-07,9343
2356,英業達,18,12,6,華南永昌-頭份,2023-08-07,9343
2882,國泰金,7,1,6,華南永昌-頭份,2023-08-07,9343
5880,合庫金,6,0,6,華南永昌-頭份,2023-08-07,9343
8105,凌巨,7,1,6,華南永昌-頭份,2023-08-07,9343
00923,群益台ESG低碳50,6,1,5,華南永昌-頭份,2023-08-07,9343
00882,中信中國高股息,7,2,5,華南永昌-頭份,2023-08-07,9343
2426,鼎元,5,0,5,華南永昌-頭份,2023-08-07,9343
3041,揚智,5,0,5,華南永昌-頭份,2023-08-07,9343
3088,艾訊,7,2,5,華南永昌-頭份,2023-08-07,9343
3707,漢磊,6,1,5,華南永昌-頭份,2023-08-07,9343
5347,世界,5,0,5,華南永昌-頭份,2023-08-07,9343
6278,台表科,5,0,5,華南永昌-頭份,2023-08-07,9343
00637L,元大滬深300正2,4,0,4,華南永昌-頭份,2023-08-07,9343
00633L,富邦上証正2,4,0,4,華南永昌-頭份,2023-08-07,9343
1402,遠東新,4,0,4,華南永昌-頭份,2023-08-07,9343
2359,所羅門,4,0,4,華南永昌-頭份,2023-08-07,9343
2528,皇普,4,0,4,華南永昌-頭份,2023-08-07,9343
6477,安集,11,7,4,華南永昌-頭份,2023-08-07,9343
2461,光群雷,90,0,90,華南永昌-頭份,2023-08-08,9343
00923,群益台ESG低碳50,73,0,73,華南永昌-頭份,2023-08-08,9343
3481,群創,95,24,71,華南永昌-頭份,2023-08-08,9343
00900,富邦特選高股息30,59,0,59,華南永昌-頭份,2023-08-08,9343
00907,永豐優息存股,46,0,46,華南永昌-頭份,2023-08-08,9343
3231,緯創,83,39,44,華南永昌-頭份,2023-08-08,9343
00929,復華台灣科技優息,40,0,40,華南永昌-頭份,2023-08-08,9343
2449,京元電子,31,5,26,華南永昌-頭份,2023-08-08,9343
2890,永豐金,20,0,20,華南永昌-頭份,2023-08-08,9343
2408,南亞科,20,0,20,華南永昌-頭份,2023-08-08,9343
6788,華景電,20,0,20,華南永昌-頭份,2023-08-08,9343
8234,新漢,20,1,19,華南永昌-頭份,2023-08-08,9343
2344,華邦電,19,1,18,華南永昌-頭份,2023-08-08,9343
3021,鴻名,17,0,17,華南永昌-頭份,2023-08-08,9343
3706,神達,16,2,14,華南永昌-頭份,2023-08-08,9343
2328,廣宇,14,0,14,華南永昌-頭份,2023-08-08,9343
2399,映泰,15,1,14,華南永昌-頭份,2023-08-08,9343
2382,廣達,44,31,13,華南永昌-頭份,2023-08-08,9343
2367,燿華,13,0,13,華南永昌-頭份,2023-08-08,9343
2388,威盛,18,5,13,華南永昌-頭份,2023-08-08,9343
2891,中信金,13,0,13,華南永昌-頭份,2023-08-08,9343
00878,國泰永續高股息,19,7,12,華南永昌-頭份,2023-08-08,9343
2481,強茂,12,0,12,華南永昌-頭份,2023-08-08,9343
2303,聯電,11,0,11,華南永昌-頭份,2023-08-08,9343
6133,金橋,11,0,11,華南永昌-頭份,2023-08-08,9343
6285,啟��,12,1,11,華南永昌-頭份,2023-08-08,9343
2352,佳世達,14,4,10,華南永昌-頭份,2023-08-08,9343
00665L,富邦�琤肭磪囓�2,10,0,10,華南永昌-頭份,2023-08-08,9343
2301,光寶科,18,9,9,華南永昌-頭份,2023-08-08,9343
1434,福懋,9,0,9,華南永昌-頭份,2023-08-08,9343
3078,僑威,10,1,9,華南永昌-頭份,2023-08-08,9343
4128,中天,9,0,9,華南永昌-頭份,2023-08-08,9343
5880,合庫金,9,0,9,華南永昌-頭份,2023-08-08,9343
5452,佶優,20,11,9,華南永昌-頭份,2023-08-08,9343
00931B,統一美債20年,8,0,8,華南永昌-頭份,2023-08-08,9343
2002,中鋼,8,0,8,華南永昌-頭份,2023-08-08,9343
2610,華航,16,8,8,華南永昌-頭份,2023-08-08,9343
6456,GIS-KY,8,0,8,華南永昌-頭份,2023-08-08,9343
2376,技嘉,15,8,7,華南永昌-頭份,2023-08-08,9343
00882,中信中國高股息,7,0,7,華南永昌-頭份,2023-08-08,9343
5009,榮剛,56,49,7,華南永昌-頭份,2023-08-08,9343
5371,中光電,10,3,7,華南永昌-頭份,2023-08-08,9343
6139,亞翔,9,2,7,華南永昌-頭份,2023-08-08,9343
6288,聯嘉,7,0,7,華南永昌-頭份,2023-08-08,9343
6770,力積電,7,0,7,華南永昌-頭份,2023-08-08,9343
2609,陽明,6,0,6,華南永昌-頭份,2023-08-08,9343
00679B,元大美債20年,6,0,6,華南永昌-頭份,2023-08-08,9343
1532,勤美,6,0,6,華南永昌-頭份,2023-08-08,9343
2486,一詮,6,0,6,華南永昌-頭份,2023-08-08,9343
3325,旭品,7,1,6,華南永昌-頭份,2023-08-08,9343
2892,第一金,111,5,106,華南永昌-頭份,2023-08-09,9343
2882,國泰金,104,0,104,華南永昌-頭份,2023-08-09,9343
2461,光群雷,90,10,80,華南永昌-頭份,2023-08-09,9343
2606,裕民,60,0,60,華南永昌-頭份,2023-08-09,9343
00907,永豐優息存股,52,0,52,華南永昌-頭份,2023-08-09,9343
00632R,元大台灣50反1,50,0,50,華南永昌-頭份,2023-08-09,9343
00878,國泰永續高股息,36,0,36,華南永昌-頭份,2023-08-09,9343
3047,訊舟,25,0,25,華南永昌-頭份,2023-08-09,9343
3231,緯創,50,26,24,華南永昌-頭份,2023-08-09,9343
2399,映泰,35,13,22,華南永昌-頭份,2023-08-09,9343
2801,彰銀,22,0,22,華南永昌-頭份,2023-08-09,9343
1735,日勝化,20,0,20,華南永昌-頭份,2023-08-09,9343
2886,兆豐金,18,0,18,華南永昌-頭份,2023-08-09,9343
00900,富邦特選高股息30,18,0,18,華南永昌-頭份,2023-08-09,9343
00665L,富邦�琤肭磪囓�2,19,2,17,華南永昌-頭份,2023-08-09,9343
3078,僑威,37,20,17,華南永昌-頭份,2023-08-09,9343
2328,廣宇,16,0,16,華南永昌-頭份,2023-08-09,9343
2615,萬海,14,0,14,華南永昌-頭份,2023-08-09,9343
6203,海韻電,14,0,14,華南永昌-頭份,2023-08-09,9343
2913,農林,15,2,13,華南永昌-頭份,2023-08-09,9343
3564,其陽,13,0,13,華南永昌-頭份,2023-08-09,9343
00929,復華台灣科技優息,12,0,12,華南永昌-頭份,2023-08-09,9343
6197,佳必琪,12,0,12,華南永昌-頭份,2023-08-09,9343
2303,聯電,12,1,11,華南永昌-頭份,2023-08-09,9343
4934,太極,12,1,11,華南永昌-頭份,2023-08-09,9343
2371,大同,11,0,11,華南永昌-頭份,2023-08-09,9343
1504,東元,20,10,10,華南永昌-頭份,2023-08-09,9343
3264,欣銓,9,0,9,華南永昌-頭份,2023-08-09,9343
3481,群創,41,33,8,華南永昌-頭份,2023-08-09,9343
3029,零壹,10,2,8,華南永昌-頭份,2023-08-09,9343
2344,華邦電,19,12,7,華南永昌-頭份,2023-08-09,9343
5009,榮剛,49,42,7,華南永昌-頭份,2023-08-09,9343
00923,群益台ESG低碳50,6,0,6,華南永昌-頭份,2023-08-09,9343
1815,富喬,6,0,6,華南永昌-頭份,2023-08-09,9343
2017,官田鋼,6,0,6,華南永昌-頭份,2023-08-09,9343
3581,博磊,6,0,6,華南永昌-頭份,2023-08-09,9343
4908,前鼎,6,0,6,華南永昌-頭份,2023-08-09,9343
8109,博大,6,0,6,華南永昌-頭份,2023-08-09,9343
9907,統一實,6,0,6,華南永昌-頭份,2023-08-09,9343
2637,慧洋-KY,5,0,5,華南永昌-頭份,2023-08-09,9343
3049,精金,5,0,5,華南永昌-頭份,2023-08-09,9343
1532,勤美,5,0,5,華南永昌-頭份,2023-08-09,9343
2338,光罩,5,0,5,華南永昌-頭份,2023-08-09,9343
2486,一詮,5,0,5,華南永昌-頭份,2023-08-09,9343
3583,辛耘,10,5,5,華南永昌-頭份,2023-08-09,9343
4532,瑞智,5,0,5,華南永昌-頭份,2023-08-09,9343
4961,天鈺,5,0,5,華南永昌-頭份,2023-08-09,9343
6015,宏遠證,5,0,5,華南永昌-頭份,2023-08-09,9343
6116,彩晶,5,0,5,華南永昌-頭份,2023-08-09,9343
6182,合晶,5,0,5,華南永昌-頭份,2023-08-09,9343
9105,泰金寶-DR,175,0,175,華南永昌-頭份,2023-08-10,9343
00878,國泰永續高股息,130,8,122,華南永昌-頭份,2023-08-10,9343
00900,富邦特選高股息30,77,0,77,華南永昌-頭份,2023-08-10,9343
6282,康舒,77,20,57,華南永昌-頭份,2023-08-10,9343
00929,復華台灣科技優息,48,0,48,華南永昌-頭份,2023-08-10,9343
00632R,元大台灣50反1,50,5,45,華南永昌-頭份,2023-08-10,9343
2399,映泰,42,0,42,華南永昌-頭份,2023-08-10,9343
3481,群創,47,9,38,華南永昌-頭份,2023-08-10,9343
4532,瑞智,43,5,38,華南永昌-頭份,2023-08-10,9343
00923,群益台ESG低碳50,36,0,36,華南永昌-頭份,2023-08-10,9343
4967,十銓,30,0,30,華南永昌-頭份,2023-08-10,9343
2312,金寶,31,2,29,華南永昌-頭份,2023-08-10,9343
3231,緯創,74,51,23,華南永昌-頭份,2023-08-10,9343
2516,新建,23,0,23,華南永昌-頭份,2023-08-10,9343
6133,金橋,21,0,21,華南永昌-頭份,2023-08-10,9343
2461,光群雷,20,0,20,華南永昌-頭份,2023-08-10,9343
6168,宏齊,20,0,20,華南永昌-頭份,2023-08-10,9343
2388,威盛,23,4,19,華南永昌-頭份,2023-08-10,9343
8171,天宇,20,1,19,華南永昌-頭份,2023-08-10,9343
2610,華航,35,16,19,華南永昌-頭份,2023-08-10,9343
3047,訊舟,18,0,18,華南永昌-頭份,2023-08-10,9343
3078,僑威,40,22,18,華南永昌-頭份,2023-08-10,9343
1319,東陽,17,0,17,華南永昌-頭份,2023-08-10,9343
1504,東元,19,2,17,華南永昌-頭份,2023-08-10,9343
2382,廣達,38,22,16,華南永昌-頭份,2023-08-10,9343
2352,佳世達,18,5,13,華南永昌-頭份,2023-08-10,9343
00673R,期元大S＆P原油反1,12,0,12,華南永昌-頭份,2023-08-10,9343
2328,廣宇,12,0,12,華南永昌-頭份,2023-08-10,9343
3264,欣銓,12,0,12,華南永昌-頭份,2023-08-10,9343
2376,技嘉,17,6,11,華南永昌-頭份,2023-08-10,9343
00930,永豐ESG低碳高息,11,0,11,華南永昌-頭份,2023-08-10,9343
1784,訊聯,11,0,11,華南永昌-頭份,2023-08-10,9343
2408,南亞科,11,0,11,華南永昌-頭份,2023-08-10,9343
8112,至上,13,2,11,華南永昌-頭份,2023-08-10,9343
00881,國泰台灣5G+,11,0,11,華南永昌-頭份,2023-08-10,9343
9945,潤泰新,10,0,10,華南永昌-頭份,2023-08-10,9343
6111,大宇資,11,1,10,華南永昌-頭份,2023-08-10,9343
1314,中石化,10,0,10,華南永昌-頭份,2023-08-10,9343
1809,中釉,10,0,10,華南永昌-頭份,2023-08-10,9343
2201,裕隆,11,1,10,華南永昌-頭份,2023-08-10,9343
3162,精確,10,0,10,華南永昌-頭份,2023-08-10,9343
5014,建錩,10,0,10,華南永昌-頭份,2023-08-10,9343
6153,嘉聯益,10,0,10,華南永昌-頭份,2023-08-10,9343
6462,神盾,10,0,10,華南永昌-頭份,2023-08-10,9343
6550,北極星藥業-KY,11,1,10,華南永昌-頭份,2023-08-10,9343
8234,新漢,10,0,10,華南永昌-頭份,2023-08-10,9343
4906,正文,15,6,9,華南永昌-頭份,2023-08-10,9343
8358,金居,9,0,9,華南永昌-頭份,2023-08-10,9343
2913,農林,12,4,8,華南永昌-頭份,2023-08-10,9343
00931B,統一美債20年,8,0,8,華南永昌-頭份,2023-08-10,9343
3682,亞太電,140,0,140,華南永昌-頭份,2023-08-11,9343
2368,金像電,85,10,75,華南永昌-頭份,2023-08-11,9343
3481,群創,73,0,73,華南永昌-頭份,2023-08-11,9343
2882,國泰金,64,1,63,華南永昌-頭份,2023-08-11,9343
00929,復華台灣科技優息,58,0,58,華南永昌-頭份,2023-08-11,9343
2516,新建,50,1,49,華南永昌-頭份,2023-08-11,9343
2886,兆豐金,50,4,46,華南永昌-頭份,2023-08-11,9343
2027,大成鋼,32,0,32,華南永昌-頭份,2023-08-11,9343
2892,第一金,37,5,32,華南永昌-頭份,2023-08-11,9343
2888,新光金,32,0,32,華南永昌-頭份,2023-08-11,9343
2618,長榮航,40,10,30,華南永昌-頭份,2023-08-11,9343
00773B,中信優先金融債,24,0,24,華南永昌-頭份,2023-08-11,9343
1605,華新,24,0,24,華南永昌-頭份,2023-08-11,9343
00931B,統一美債20年,22,0,22,華南永昌-頭份,2023-08-11,9343
1905,華紙,21,0,21,華南永昌-頭份,2023-08-11,9343
4543,萬在,22,2,20,華南永昌-頭份,2023-08-11,9343
00772B,中信高評級公司債,20,4,16,華南永昌-頭份,2023-08-11,9343
2316,楠梓電,16,0,16,華南永昌-頭份,2023-08-11,9343
1434,福懋,16,0,16,華南永昌-頭份,2023-08-11,9343
3071,協禧,25,10,15,華南永昌-頭份,2023-08-11,9343
2883,凱基金,14,0,14,華南永昌-頭份,2023-08-11,9343
1305,華夏,20,7,13,華南永昌-頭份,2023-08-11,9343
6125,廣運,14,2,12,華南永昌-頭份,2023-08-11,9343
2344,華邦電,11,0,11,華南永昌-頭份,2023-08-11,9343
6672,騰輝電子-KY,11,0,11,華南永昌-頭份,2023-08-11,9343
4726,永昕,11,1,10,華南永昌-頭份,2023-08-11,9343
2449,京元電子,10,0,10,華南永昌-頭份,2023-08-11,9343
2887,台新金,10,0,10,華南永昌-頭份,2023-08-11,9343
2903,遠百,10,0,10,華南永昌-頭份,2023-08-11,9343
5258,虹堡,10,0,10,華南永昌-頭份,2023-08-11,9343
6153,嘉聯益,10,0,10,華南永昌-頭份,2023-08-11,9343
2409,友達,13,4,9,華南永昌-頭份,2023-08-11,9343
1532,勤美,9,0,9,華南永昌-頭份,2023-08-11,9343
2002,中鋼,11,3,8,華南永昌-頭份,2023-08-11,9343
00637L,元大滬深300正2,8,0,8,華南永昌-頭份,2023-08-11,9343
3105,穩懋,9,1,8,華南永昌-頭份,2023-08-11,9343
4168,醣聯,13,5,8,華南永昌-頭份,2023-08-11,9343
3037,欣興,7,0,7,華南永昌-頭份,2023-08-11,9343
00795B,中信美國公債20年,7,0,7,華南永昌-頭份,2023-08-11,9343
6456,GIS-KY,7,0,7,華南永昌-頭份,2023-08-11,9343
8016,矽創,8,1,7,華南永昌-頭份,2023-08-11,9343
6188,廣明,11,4,7,華南永昌-頭份,2023-08-11,9343
00631L,元大台灣50正2,6,0,6,華南永昌-頭份,2023-08-11,9343
2313,華通,6,0,6,華南永昌-頭份,2023-08-11,9343
3322,建舜電,6,0,6,華南永昌-頭份,2023-08-11,9343
5483,中美晶,6,0,6,華南永昌-頭份,2023-08-11,9343
8112,至上,10,4,6,華南永昌-頭份,2023-08-11,9343
00679B,元大美債20年,5,0,5,華南永昌-頭份,2023-08-11,9343
3707,漢磊,5,0,5,華南永昌-頭份,2023-08-11,9343
1304,台聚,5,0,5,華南永昌-頭份,2023-08-11,9343
2736,富野,200,2,198,華南永昌-頭份,2023-08-14,9343
00929,復華台灣科技優息,184,0,184,華南永昌-頭份,2023-08-14,9343
2897,王道銀行,80,0,80,華南永昌-頭份,2023-08-14,9343
2881,富邦金,71,2,69,華南永昌-頭份,2023-08-14,9343
00900,富邦特選高股息30,69,1,68,華南永昌-頭份,2023-08-14,9343
2606,裕民,67,0,67,華南永昌-頭份,2023-08-14,9343
00923,群益台ESG低碳50,57,0,57,華南永昌-頭份,2023-08-14,9343
2888,新光金,54,0,54,華南永昌-頭份,2023-08-14,9343
6550,北極星藥業-KY,44,0,44,華南永昌-頭份,2023-08-14,9343
00878,國泰永續高股息,68,26,42,華南永昌-頭份,2023-08-14,9343
2610,華航,67,27,40,華南永昌-頭份,2023-08-14,9343
00665L,富邦�琤肭磪囓�2,40,1,39,華南永昌-頭份,2023-08-14,9343
2317,鴻海,35,3,32,華南永昌-頭份,2023-08-14,9343
2323,中環,73,43,30,華南永昌-頭份,2023-08-14,9343
2344,華邦電,36,9,27,華南永昌-頭份,2023-08-14,9343
00637L,元大滬深300正2,29,3,26,華南永昌-頭份,2023-08-14,9343
2618,長榮航,25,0,25,華南永昌-頭份,2023-08-14,9343
2834,臺企銀,23,0,23,華南永昌-頭份,2023-08-14,9343
1504,東元,22,0,22,華南永昌-頭份,2023-08-14,9343
2023,燁輝,22,0,22,華南永昌-頭份,2023-08-14,9343
00888,永豐台灣ESG,21,0,21,華南永昌-頭份,2023-08-14,9343
2887,台新金,20,0,20,華南永昌-頭份,2023-08-14,9343
00895,富邦未來車,20,0,20,華南永昌-頭份,2023-08-14,9343
2399,映泰,20,1,19,華南永昌-頭份,2023-08-14,9343
00631L,元大台灣50正2,21,3,18,華南永昌-頭份,2023-08-14,9343
3231,緯創,57,39,18,華南永昌-頭份,2023-08-14,9343
4123,晟德,31,14,17,華南永昌-頭份,2023-08-14,9343
6456,GIS-KY,17,0,17,華南永昌-頭份,2023-08-14,9343
2884,玉山金,15,0,15,華南永昌-頭份,2023-08-14,9343
00633L,富邦上証正2,20,5,15,華南永昌-頭份,2023-08-14,9343
2363,矽統,83,68,15,華南永昌-頭份,2023-08-14,9343
2891,中信金,15,1,14,華南永昌-頭份,2023-08-14,9343
2609,陽明,13,0,13,華南永昌-頭份,2023-08-14,9343
2206,三陽工業,18,5,13,華南永昌-頭份,2023-08-14,9343
2027,大成鋼,14,2,12,華南永昌-頭份,2023-08-14,9343
00786B,元大10年IG銀行債,12,0,12,華南永昌-頭份,2023-08-14,9343
5258,虹堡,17,5,12,華南永昌-頭份,2023-08-14,9343
3043,科風,12,1,11,華南永昌-頭份,2023-08-14,9343
6288,聯嘉,11,0,11,華南永昌-頭份,2023-08-14,9343
00931B,統一美債20年,13,2,11,華南永昌-頭份,2023-08-14,9343
00753L,中信中國50正2,17,6,11,華南永昌-頭份,2023-08-14,9343
00773B,中信優先金融債,11,0,11,華南永昌-頭份,2023-08-14,9343
2851,中再保,11,0,11,華南永昌-頭份,2023-08-14,9343
2880,華南金,11,0,11,華南永昌-頭份,2023-08-14,9343
4533,協易機,11,0,11,華南永昌-頭份,2023-08-14,9343
2356,英業達,37,27,10,華南永昌-頭份,2023-08-14,9343
2515,中工,10,0,10,華南永昌-頭份,2023-08-14,9343
1519,華城,15,5,10,華南永昌-頭份,2023-08-14,9343
1305,華夏,11,1,10,華南永昌-頭份,2023-08-14,9343
2328,廣宇,13,3,10,華南永昌-頭份,2023-08-14,9343
2610,華航,504,56,448,華南永昌-頭份,2023-08-15,9343
3230,錦明,110,0,110,華南永昌-頭份,2023-08-15,9343
2363,矽統,84,23,61,華南永昌-頭份,2023-08-15,9343
2323,中環,67,10,57,華南永昌-頭份,2023-08-15,9343
2834,臺企銀,48,1,47,華南永昌-頭份,2023-08-15,9343
2884,玉山金,29,0,29,華南永昌-頭份,2023-08-15,9343
00753L,中信中國50正2,28,0,28,華南永昌-頭份,2023-08-15,9343
2880,華南金,29,2,27,華南永昌-頭份,2023-08-15,9343
9945,潤泰新,27,0,27,華南永昌-頭份,2023-08-15,9343
00923,群益台ESG低碳50,27,4,23,華南永昌-頭份,2023-08-15,9343
2449,京元電子,32,9,23,華南永昌-頭份,2023-08-15,9343
00720B,元大投資級公司債,20,0,20,華南永昌-頭份,2023-08-15,9343
00751B,元大AAA至A公司債,20,0,20,華南永昌-頭份,2023-08-15,9343
6188,廣明,35,19,16,華南永昌-頭份,2023-08-15,9343
3141,晶宏,15,0,15,華南永昌-頭份,2023-08-15,9343
4909,新復興,14,0,14,華南永昌-頭份,2023-08-15,9343
00795B,中信美國公債20年,13,0,13,華南永昌-頭份,2023-08-15,9343
00687B,國泰20年美債,13,0,13,華南永昌-頭份,2023-08-15,9343
2014,中鴻,13,0,13,華南永昌-頭份,2023-08-15,9343
2332,友訊,13,1,12,華南永昌-頭份,2023-08-15,9343
1303,南亞,11,0,11,華南永昌-頭份,2023-08-15,9343
00679B,元大美債20年,10,0,10,華南永昌-頭份,2023-08-15,9343
00665L,富邦�琤肭磪囓�2,12,2,10,華南永昌-頭份,2023-08-15,9343
1608,華榮,10,0,10,華南永昌-頭份,2023-08-15,9343
3071,協禧,10,0,10,華南永昌-頭份,2023-08-15,9343
5464,霖宏,10,0,10,華南永昌-頭份,2023-08-15,9343
6506,雙邦,10,0,10,華南永昌-頭份,2023-08-15,9343
3078,僑威,13,5,8,華南永昌-頭份,2023-08-15,9343
8049,晶采,8,0,8,華南永昌-頭份,2023-08-15,9343
00900,富邦特選高股息30,7,0,7,華南永昌-頭份,2023-08-15,9343
00929,復華台灣科技優息,15,8,7,華南永昌-頭份,2023-08-15,9343
8050,廣積,8,1,7,華南永昌-頭份,2023-08-15,9343
1326,台化,7,0,7,華南永昌-頭份,2023-08-15,9343
2002,中鋼,6,0,6,華南永昌-頭份,2023-08-15,9343
2027,大成鋼,6,0,6,華南永昌-頭份,2023-08-15,9343
00712,復華富時不動產,12,6,6,華南永昌-頭份,2023-08-15,9343
2851,中再保,6,0,6,華南永昌-頭份,2023-08-15,9343
3325,旭品,7,1,6,華南永昌-頭份,2023-08-15,9343
5471,松翰,6,0,6,華南永昌-頭份,2023-08-15,9343
3231,緯創,41,36,5,華南永昌-頭份,2023-08-15,9343
1815,富喬,5,0,5,華南永昌-頭份,2023-08-15,9343
2388,威盛,12,7,5,華南永昌-頭份,2023-08-15,9343
2637,慧洋-KY,5,0,5,華南永昌-頭份,2023-08-15,9343
3689,湧德,25,20,5,華南永昌-頭份,2023-08-15,9343
8112,至上,6,1,5,華南永昌-頭份,2023-08-15,9343
2317,鴻海,20,16,4,華南永昌-頭份,2023-08-15,9343
3013,晟銘電,5,1,4,華南永昌-頭份,2023-08-15,9343
1314,中石化,6,2,4,華南永昌-頭份,2023-08-15,9343
1909,榮成,4,0,4,華南永昌-頭份,2023-08-15,9343
2801,彰銀,4,0,4,華南永昌-頭份,2023-08-15,9343
00900,富邦特選高股息30,72,4,68,華南永昌-頭份,2023-08-16,9343
3481,群創,66,0,66,華南永昌-頭份,2023-08-16,9343
2516,新建,62,0,62,華南永昌-頭份,2023-08-16,9343
00929,復華台灣科技優息,60,0,60,華南永昌-頭份,2023-08-16,9343
2363,矽統,96,40,56,華南永昌-頭份,2023-08-16,9343
2323,中環,58,7,51,華南永昌-頭份,2023-08-16,9343
6116,彩晶,50,0,50,華南永昌-頭份,2023-08-16,9343
2881,富邦金,41,0,41,華南永昌-頭份,2023-08-16,9343
2834,臺企銀,37,1,36,華南永昌-頭份,2023-08-16,9343
2204,中華,32,1,31,華南永昌-頭份,2023-08-16,9343
00888,永豐台灣ESG,31,0,31,華南永昌-頭份,2023-08-16,9343
00923,群益台ESG低碳50,29,0,29,華南永昌-頭份,2023-08-16,9343
00670L,富邦NASDAQ正2,29,0,29,華南永昌-頭份,2023-08-16,9343
00665L,富邦�琤肭磪囓�2,30,2,28,華南永昌-頭份,2023-08-16,9343
2884,玉山金,26,0,26,華南永昌-頭份,2023-08-16,9343
2891,中信金,26,0,26,華南永昌-頭份,2023-08-16,9343
2337,旺宏,23,0,23,華南永昌-頭份,2023-08-16,9343
2886,兆豐金,22,0,22,華南永昌-頭份,2023-08-16,9343
2303,聯電,23,2,21,華南永昌-頭份,2023-08-16,9343
2409,友達,21,0,21,華南永昌-頭份,2023-08-16,9343
00751B,元大AAA至A公司債,20,0,20,華南永昌-頭份,2023-08-16,9343
1301,台塑,19,0,19,華南永昌-頭份,2023-08-16,9343
00753L,中信中國50正2,25,6,19,華南永昌-頭份,2023-08-16,9343
3706,神達,19,4,15,華南永昌-頭份,2023-08-16,9343
1326,台化,13,0,13,華南永昌-頭份,2023-08-16,9343
2801,彰銀,14,1,13,華南永昌-頭份,2023-08-16,9343
00671R,富邦NASDAQ反1,12,0,12,華南永昌-頭份,2023-08-16,9343
00688L,國泰20年美債正2,12,0,12,華南永昌-頭份,2023-08-16,9343
3707,漢磊,12,0,12,華南永昌-頭份,2023-08-16,9343
3715,定穎投控,19,8,11,華南永昌-頭份,2023-08-16,9343
2317,鴻海,11,0,11,華南永昌-頭份,2023-08-16,9343
00679B,元大美債20年,11,0,11,華南永昌-頭份,2023-08-16,9343
2301,光寶科,15,4,11,華南永昌-頭份,2023-08-16,9343
2376,技嘉,16,6,10,華南永昌-頭份,2023-08-16,9343
6770,力積電,21,11,10,華南永昌-頭份,2023-08-16,9343
1529,樂事綠能,10,0,10,華南永昌-頭份,2023-08-16,9343
2328,廣宇,10,0,10,華南永昌-頭份,2023-08-16,9343
4306,炎洲,10,0,10,華南永昌-頭份,2023-08-16,9343
5488,松普,10,0,10,華南永昌-頭份,2023-08-16,9343
00878,國泰永續高股息,15,6,9,華南永昌-頭份,2023-08-16,9343
00712,復華富時不動產,9,0,9,華南永昌-頭份,2023-08-16,9343
2610,華航,19,10,9,華南永昌-頭份,2023-08-16,9343
00931B,統一美債20年,8,0,8,華南永昌-頭份,2023-08-16,9343
1305,華夏,8,0,8,華南永昌-頭份,2023-08-16,9343
2316,楠梓電,7,0,7,華南永昌-頭份,2023-08-16,9343
2883,凱基金,33,26,7,華南永昌-頭份,2023-08-16,9343
2330,台積電,7,1,6,華南永昌-頭份,2023-08-16,9343
2880,華南金,6,0,6,華南永昌-頭份,2023-08-16,9343
2002,中鋼,6,0,6,華南永昌-頭份,2023-08-16,9343
2313,華通,6,0,6,華南永昌-頭份,2023-08-16,9343
00673R,期元大S＆P原油反1,160,0,160,華南永昌-頭份,2023-08-17,9343
6770,力積電,100,4,96,華南永昌-頭份,2023-08-17,9343
2886,兆豐金,56,0,56,華南永昌-頭份,2023-08-17,9343
00929,復華台灣科技優息,44,7,37,華南永昌-頭份,2023-08-17,9343
00665L,富邦�琤肭磪囓�2,37,4,33,華南永昌-頭份,2023-08-17,9343
2881,富邦金,33,1,32,華南永昌-頭份,2023-08-17,9343
2618,長榮航,32,0,32,華南永昌-頭份,2023-08-17,9343
3231,緯創,90,64,26,華南永昌-頭份,2023-08-17,9343
3058,立德,25,0,25,華南永昌-頭份,2023-08-17,9343
1904,正隆,20,0,20,華南永昌-頭份,2023-08-17,9343
6126,信音,21,1,20,華南永昌-頭份,2023-08-17,9343
3042,晶技,17,0,17,華南永昌-頭份,2023-08-17,9343
00931B,統一美債20年,16,0,16,華南永昌-頭份,2023-08-17,9343
3056,富華新,15,0,15,華南永昌-頭份,2023-08-17,9343
1326,台化,15,0,15,華南永昌-頭份,2023-08-17,9343
2002,中鋼,14,0,14,華南永昌-頭份,2023-08-17,9343
2324,仁寶,31,17,14,華南永昌-頭份,2023-08-17,9343
2801,彰銀,14,0,14,華南永昌-頭份,2023-08-17,9343
3078,僑威,28,14,14,華南永昌-頭份,2023-08-17,9343
2409,友達,22,9,13,華南永昌-頭份,2023-08-17,9343
00753L,中信中國50正2,13,0,13,華南永昌-頭份,2023-08-17,9343
00773B,中信優先金融債,13,0,13,華南永昌-頭份,2023-08-17,9343
2329,華泰,31,19,12,華南永昌-頭份,2023-08-17,9343
00688L,國泰20年美債正2,12,0,12,華南永昌-頭份,2023-08-17,9343
1513,中興電,14,2,12,華南永昌-頭份,2023-08-17,9343
1532,勤美,12,0,12,華南永昌-頭份,2023-08-17,9343
3308,聯德,13,2,11,華南永昌-頭份,2023-08-17,9343
4532,瑞智,13,2,11,華南永昌-頭份,2023-08-17,9343
2834,臺企銀,21,11,10,華南永昌-頭份,2023-08-17,9343
2891,中信金,11,1,10,華南永昌-頭份,2023-08-17,9343
00772B,中信高評級公司債,10,0,10,華南永昌-頭份,2023-08-17,9343
00679B,元大美債20年,10,0,10,華南永昌-頭份,2023-08-17,9343
00637L,元大滬深300正2,10,0,10,華南永昌-頭份,2023-08-17,9343
1608,華榮,10,0,10,華南永昌-頭份,2023-08-17,9343
2344,華邦電,10,0,10,華南永昌-頭份,2023-08-17,9343
2367,燿華,10,0,10,華南永昌-頭份,2023-08-17,9343
2458,義隆,13,3,10,華南永昌-頭份,2023-08-17,9343
2488,漢平,10,0,10,華南永昌-頭份,2023-08-17,9343
2520,冠德,10,0,10,華南永昌-頭份,2023-08-17,9343
5876,上海商銀,10,0,10,華南永昌-頭份,2023-08-17,9343
6438,迅得,10,0,10,華南永昌-頭份,2023-08-17,9343
8050,廣積,17,7,10,華南永昌-頭份,2023-08-17,9343
2884,玉山金,9,0,9,華南永昌-頭份,2023-08-17,9343
1101,台泥,8,1,7,華南永昌-頭份,2023-08-17,9343
2337,旺宏,10,3,7,華南永昌-頭份,2023-08-17,9343
3306,鼎天,16,9,7,華南永昌-頭份,2023-08-17,9343
6139,亞翔,36,29,7,華南永昌-頭份,2023-08-17,9343
2382,廣達,39,33,6,華南永昌-頭份,2023-08-17,9343
00633L,富邦上証正2,7,1,6,華南永昌-頭份,2023-08-17,9343
00893,國泰智能電動車,6,0,6,華南永昌-頭份,2023-08-17,9343
00929,復華台灣科技優息,137,4,133,華南永昌-頭份,2023-08-18,9343
00900,富邦特選高股息30,81,4,77,華南永昌-頭份,2023-08-18,9343
3234,光環,44,3,41,華南永昌-頭份,2023-08-18,9343
00632R,元大台灣50反1,80,41,39,華南永昌-頭份,2023-08-18,9343
6672,騰輝電子-KY,33,0,33,華南永昌-頭份,2023-08-18,9343
3071,協禧,35,4,31,華南永昌-頭份,2023-08-18,9343
00878,國泰永續高股息,36,11,25,華南永昌-頭份,2023-08-18,9343
3231,緯創,73,49,24,華南永昌-頭份,2023-08-18,9343
1471,首利,23,1,22,華南永昌-頭份,2023-08-18,9343
8215,明基材,21,0,21,華南永昌-頭份,2023-08-18,9343
1605,華新,20,0,20,華南永昌-頭份,2023-08-18,9343
5258,虹堡,20,0,20,華南永昌-頭份,2023-08-18,9343
00720B,元大投資級公司債,19,0,19,華南永昌-頭份,2023-08-18,9343
2324,仁寶,54,35,19,華南永昌-頭份,2023-08-18,9343
2388,威盛,28,9,19,華南永昌-頭份,2023-08-18,9343
2352,佳世達,25,7,18,華南永昌-頭份,2023-08-18,9343
2382,廣達,39,22,17,華南永昌-頭份,2023-08-18,9343
3056,富華新,15,1,14,華南永昌-頭份,2023-08-18,9343
6139,亞翔,26,12,14,華南永昌-頭份,2023-08-18,9343
2329,華泰,46,33,13,華南永昌-頭份,2023-08-18,9343
1609,大亞,18,5,13,華南永昌-頭份,2023-08-18,9343
2425,承啟,15,2,13,華南永昌-頭份,2023-08-18,9343
00679B,元大美債20年,12,0,12,華南永昌-頭份,2023-08-18,9343
00881,國泰台灣5G+,11,0,11,華南永昌-頭份,2023-08-18,9343
2206,三陽工業,16,5,11,華南永昌-頭份,2023-08-18,9343
2355,敬鵬,11,0,11,華南永昌-頭份,2023-08-18,9343
2409,友達,15,4,11,華南永昌-頭份,2023-08-18,9343
2457,飛宏,39,28,11,華南永昌-頭份,2023-08-18,9343
3706,神達,29,18,11,華南永昌-頭份,2023-08-18,9343
4123,晟德,11,0,11,華南永昌-頭份,2023-08-18,9343
2002,中鋼,11,0,11,華南永昌-頭份,2023-08-18,9343
00895,富邦未來車,10,0,10,華南永昌-頭份,2023-08-18,9343
00907,永豐優息存股,10,0,10,華南永昌-頭份,2023-08-18,9343
1608,華榮,10,0,10,華南永昌-頭份,2023-08-18,9343
2031,新光鋼,10,0,10,華南永昌-頭份,2023-08-18,9343
2439,美律,10,0,10,華南永昌-頭份,2023-08-18,9343
2520,冠德,10,0,10,華南永昌-頭份,2023-08-18,9343
2610,華航,10,0,10,華南永昌-頭份,2023-08-18,9343
2618,長榮航,12,2,10,華南永昌-頭份,2023-08-18,9343
2892,第一金,10,0,10,華南永昌-頭份,2023-08-18,9343
6235,華孚,28,18,10,華南永昌-頭份,2023-08-18,9343
00772B,中信高評級公司債,9,0,9,華南永昌-頭份,2023-08-18,9343
2312,金寶,10,1,9,華南永昌-頭份,2023-08-18,9343
3149,正達,10,1,9,華南永昌-頭份,2023-08-18,9343
3704,合勤控,24,15,9,華南永昌-頭份,2023-08-18,9343
5864,致和證,9,0,9,華南永昌-頭份,2023-08-18,9343
2363,矽統,86,77,9,華南永昌-頭份,2023-08-18,9343
1904,正隆,8,0,8,華南永昌-頭份,2023-08-18,9343
1504,東元,21,13,8,華南永昌-頭份,2023-08-18,9343
2880,華南金,8,0,8,華南永昌-頭份,2023-08-18,9343
00632R,元大台灣50反1,150,0,150,華南永昌-頭份,2023-08-21,9343
00929,復華台灣科技優息,22,0,22,華南永昌-頭份,2023-08-21,9343
2401,凌陽,20,2,18,華南永昌-頭份,2023-08-21,9343
5388,中磊,22,4,18,華南永昌-頭份,2023-08-21,9343
2605,新興,18,1,17,華南永昌-頭份,2023-08-21,9343
00885,富邦越南,16,0,16,華南永昌-頭份,2023-08-21,9343
2606,裕民,18,2,16,華南永昌-頭份,2023-08-21,9343
1303,南亞,15,0,15,華南永昌-頭份,2023-08-21,9343
00637L,元大滬深300正2,16,2,14,華南永昌-頭份,2023-08-21,9343
3051,力特,16,2,14,華南永昌-頭份,2023-08-21,9343
3056,富華新,13,0,13,華南永昌-頭份,2023-08-21,9343
00772B,中信高評級公司債,12,0,12,華南永昌-頭份,2023-08-21,9343
2881,富邦金,11,0,11,華南永昌-頭份,2023-08-21,9343
00679B,元大美債20年,12,1,11,華南永昌-頭份,2023-08-21,9343
00633L,富邦上証正2,11,0,11,華南永昌-頭份,2023-08-21,9343
2457,飛宏,13,2,11,華南永昌-頭份,2023-08-21,9343
5608,四維航,15,5,10,華南永昌-頭份,2023-08-21,9343
2609,陽明,13,3,10,華南永昌-頭份,2023-08-21,9343
00643,群益深証中小,10,0,10,華南永昌-頭份,2023-08-21,9343
1102,亞泥,10,0,10,華南永昌-頭份,2023-08-21,9343
2520,冠德,10,0,10,華南永昌-頭份,2023-08-21,9343
1513,中興電,15,6,9,華南永昌-頭份,2023-08-21,9343
2301,光寶科,11,2,9,華南永昌-頭份,2023-08-21,9343
2880,華南金,9,0,9,華南永昌-頭份,2023-08-21,9343
1504,東元,8,0,8,華南永昌-頭份,2023-08-21,9343
2495,普安,9,1,8,華南永昌-頭份,2023-08-21,9343
8477,創業家,7,0,7,華南永昌-頭份,2023-08-21,9343
2637,慧洋-KY,6,0,6,華南永昌-頭份,2023-08-21,9343
2329,華泰,22,16,6,華南永昌-頭份,2023-08-21,9343
1227,佳格,6,0,6,華南永昌-頭份,2023-08-21,9343
2356,英業達,14,8,6,華南永昌-頭份,2023-08-21,9343
3078,僑威,16,10,6,華南永昌-頭份,2023-08-21,9343
6282,康舒,6,0,6,華南永昌-頭份,2023-08-21,9343
6285,啟��,30,24,6,華南永昌-頭份,2023-08-21,9343
6550,北極星藥業-KY,6,0,6,華南永昌-頭份,2023-08-21,9343
2888,新光金,6,0,6,華南永昌-頭份,2023-08-21,9343
2382,廣達,16,11,5,華南永昌-頭份,2023-08-21,9343
3706,神達,11,6,5,華南永昌-頭份,2023-08-21,9343
1789,神隆,7,2,5,華南永昌-頭份,2023-08-21,9343
2338,光罩,5,0,5,華南永昌-頭份,2023-08-21,9343
2461,光群雷,5,0,5,華南永昌-頭份,2023-08-21,9343
2498,宏達電,5,0,5,華南永昌-頭份,2023-08-21,9343
2516,新建,5,0,5,華南永昌-頭份,2023-08-21,9343
2617,台航,8,3,5,華南永昌-頭份,2023-08-21,9343
2801,彰銀,5,0,5,華南永昌-頭份,2023-08-21,9343
2883,凱基金,5,0,5,華南永昌-頭份,2023-08-21,9343
3052,夆典,5,0,5,華南永昌-頭份,2023-08-21,9343
5347,世界,5,0,5,華南永昌-頭份,2023-08-21,9343
5536,聖暉*,5,0,5,華南永昌-頭份,2023-08-21,9343
6770,力積電,6,1,5,華南永昌-頭份,2023-08-21,9343
00632R,元大台灣50反1,200,0,200,華南永昌-頭份,2023-08-22,9343
2449,京元電子,108,19,89,華南永昌-頭份,2023-08-22,9343
2323,中環,48,2,46,華南永昌-頭份,2023-08-22,9343
00929,復華台灣科技優息,40,0,40,華南永昌-頭份,2023-08-22,9343
4950,牧東,39,0,39,華南永昌-頭份,2023-08-22,9343
5258,虹堡,50,20,30,華南永昌-頭份,2023-08-22,9343
2363,矽統,72,43,29,華南永昌-頭份,2023-08-22,9343
2442,新美齊,25,0,25,華南永昌-頭份,2023-08-22,9343
00900,富邦特選高股息30,20,0,20,華南永昌-頭份,2023-08-22,9343
3059,華晶科,20,0,20,華南永昌-頭份,2023-08-22,9343
9929,秋雨,20,0,20,華南永昌-頭份,2023-08-22,9343
00637L,元大滬深300正2,19,0,19,華南永昌-頭份,2023-08-22,9343
2324,仁寶,22,4,18,華南永昌-頭份,2023-08-22,9343
2329,華泰,19,4,15,華南永昌-頭份,2023-08-22,9343
2002,中鋼,16,2,14,華南永昌-頭份,2023-08-22,9343
2328,廣宇,14,0,14,華南永昌-頭份,2023-08-22,9343
2421,建準,26,12,14,華南永昌-頭份,2023-08-22,9343
00633L,富邦上証正2,12,0,12,華南永昌-頭份,2023-08-22,9343
1513,中興電,16,4,12,華南永昌-頭份,2023-08-22,9343
2405,輔信,14,2,12,華南永昌-頭份,2023-08-22,9343
6117,迎廣,14,2,12,華南永昌-頭份,2023-08-22,9343
6285,啟��,17,5,12,華南永昌-頭份,2023-08-22,9343
2303,聯電,11,0,11,華南永昌-頭份,2023-08-22,9343
6026,福邦證,11,0,11,華南永昌-頭份,2023-08-22,9343
6125,廣運,53,42,11,華南永昌-頭份,2023-08-22,9343
1529,樂事綠能,10,0,10,華南永昌-頭份,2023-08-22,9343
1312,國喬,10,0,10,華南永昌-頭份,2023-08-22,9343
2204,中華,10,0,10,華南永昌-頭份,2023-08-22,9343
2634,漢翔,10,0,10,華南永昌-頭份,2023-08-22,9343
2892,第一金,10,0,10,華南永昌-頭份,2023-08-22,9343
5608,四維航,10,0,10,華南永昌-頭份,2023-08-22,9343
9907,統一實,10,0,10,華南永昌-頭份,2023-08-22,9343
2883,凱基金,9,0,9,華南永昌-頭份,2023-08-22,9343
2425,承啟,12,3,9,華南永昌-頭份,2023-08-22,9343
2312,金寶,8,0,8,華南永昌-頭份,2023-08-22,9343
6550,北極星藥業-KY,9,1,8,華南永昌-頭份,2023-08-22,9343
00712,復華富時不動產,7,0,7,華南永昌-頭份,2023-08-22,9343
3231,緯創,30,23,7,華南永昌-頭份,2023-08-22,9343
1608,華榮,10,3,7,華南永昌-頭份,2023-08-22,9343
2352,佳世達,13,6,7,華南永昌-頭份,2023-08-22,9343
2520,冠德,7,0,7,華南永昌-頭份,2023-08-22,9343
00643,群益深証中小,6,0,6,華南永昌-頭份,2023-08-22,9343
2891,中信金,6,0,6,華南永昌-頭份,2023-08-22,9343
3004,豐達科,7,1,6,華南永昌-頭份,2023-08-22,9343
3038,全台,6,0,6,華南永昌-頭份,2023-08-22,9343
3042,晶技,7,1,6,華南永昌-頭份,2023-08-22,9343
3707,漢磊,12,6,6,華南永昌-頭份,2023-08-22,9343
8210,勤誠,15,9,6,華南永昌-頭份,2023-08-22,9343
3037,欣興,8,2,6,華南永昌-頭份,2023-08-22,9343
2637,慧洋-KY,5,0,5,華南永昌-頭份,2023-08-22,9343
00902,中信電池及儲能,106,0,106,華南永昌-頭份,2023-08-23,9343
4950,牧東,50,0,50,華南永昌-頭份,2023-08-23,9343
5009,榮剛,45,2,43,華南永昌-頭份,2023-08-23,9343
2605,新興,29,3,26,華南永昌-頭份,2023-08-23,9343
3013,晟銘電,141,115,26,華南永昌-頭份,2023-08-23,9343
6125,廣運,47,22,25,華南永昌-頭份,2023-08-23,9343
6282,康舒,51,34,17,華南永昌-頭份,2023-08-23,9343
6550,北極星藥業-KY,20,3,17,華南永昌-頭份,2023-08-23,9343
3078,僑威,27,14,13,華南永昌-頭份,2023-08-23,9343
2301,光寶科,21,8,13,華南永昌-頭份,2023-08-23,9343
2002,中鋼,12,0,12,華南永昌-頭份,2023-08-23,9343
2382,廣達,21,10,11,華南永昌-頭份,2023-08-23,9343
4109,加捷生醫,11,0,11,華南永昌-頭份,2023-08-23,9343
2723,美食-KY,10,0,10,華南永昌-頭份,2023-08-23,9343
5371,中光電,26,16,10,華南永昌-頭份,2023-08-23,9343
6274,台燿,11,1,10,華南永昌-頭份,2023-08-23,9343
2324,仁寶,18,9,9,華南永昌-頭份,2023-08-23,9343
2610,華航,11,2,9,華南永昌-頭份,2023-08-23,9343
2618,長榮航,11,2,9,華南永昌-頭份,2023-08-23,9343
3051,力特,9,1,8,華南永昌-頭份,2023-08-23,9343
00882,中信中國高股息,8,0,8,華南永昌-頭份,2023-08-23,9343
2316,楠梓電,8,0,8,華南永昌-頭份,2023-08-23,9343
1587,吉茂,7,0,7,華南永昌-頭份,2023-08-23,9343
1402,遠東新,7,0,7,華南永昌-頭份,2023-08-23,9343
00753L,中信中國50正2,22,15,7,華南永昌-頭份,2023-08-23,9343
2883,凱基金,7,0,7,華南永昌-頭份,2023-08-23,9343
9904,寶成,7,0,7,華南永昌-頭份,2023-08-23,9343
2027,大成鋼,7,0,7,華南永昌-頭份,2023-08-23,9343
00665L,富邦�琤肭磪囓�2,16,10,6,華南永昌-頭份,2023-08-23,9343
1810,和成,6,0,6,華南永昌-頭份,2023-08-23,9343
2882,國泰金,6,0,6,華南永昌-頭份,2023-08-23,9343
3707,漢磊,8,2,6,華南永昌-頭份,2023-08-23,9343
4543,萬在,6,0,6,華南永昌-頭份,2023-08-23,9343
8358,金居,6,0,6,華南永昌-頭份,2023-08-23,9343
2616,山隆,6,0,6,華南永昌-頭份,2023-08-23,9343
2359,所羅門,7,1,6,華南永昌-頭份,2023-08-23,9343
00878,國泰永續高股息,9,4,5,華南永昌-頭份,2023-08-23,9343
3483,力致,6,1,5,華南永昌-頭份,2023-08-23,9343
2031,新光鋼,5,0,5,華南永昌-頭份,2023-08-23,9343
2891,中信金,11,6,5,華南永昌-頭份,2023-08-23,9343
3564,其陽,5,0,5,華南永昌-頭份,2023-08-23,9343
3689,湧德,5,0,5,華南永昌-頭份,2023-08-23,9343
4123,晟德,5,0,5,華南永昌-頭份,2023-08-23,9343
6203,海韻電,6,1,5,華南永昌-頭份,2023-08-23,9343
5483,中美晶,5,0,5,華南永昌-頭份,2023-08-23,9343
3706,神達,6,2,4,華南永昌-頭份,2023-08-23,9343
1308,亞聚,4,0,4,華南永昌-頭份,2023-08-23,9343
3257,虹冠電,4,0,4,華南永昌-頭份,2023-08-23,9343
8081,致新,4,0,4,華南永昌-頭份,2023-08-23,9343
9907,統一實,5,1,4,華南永昌-頭份,2023-08-23,9343
00882,中信中國高股息,57,3,54,華南永昌-頭份,2023-08-24,9343
2356,英業達,52,20,32,華南永昌-頭份,2023-08-24,9343
00919,群益台灣精選高息,27,1,26,華南永昌-頭份,2023-08-24,9343
2634,漢翔,44,19,25,華南永昌-頭份,2023-08-24,9343
00929,復華台灣科技優息,30,5,25,華南永昌-頭份,2023-08-24,9343
2880,華南金,21,0,21,華南永昌-頭份,2023-08-24,9343
3202,樺晟,21,0,21,華南永昌-頭份,2023-08-24,9343
2421,建準,36,17,19,華南永昌-頭份,2023-08-24,9343
3289,宜特,21,2,19,華南永昌-頭份,2023-08-24,9343
8110,華東,20,1,19,華南永昌-頭份,2023-08-24,9343
2884,玉山金,17,0,17,華南永昌-頭份,2023-08-24,9343
2618,長榮航,18,1,17,華南永昌-頭份,2023-08-24,9343
6770,力積電,16,0,16,華南永昌-頭份,2023-08-24,9343
2485,兆赫,18,3,15,華南永昌-頭份,2023-08-24,9343
5371,中光電,44,30,14,華南永昌-頭份,2023-08-24,9343
00878,國泰永續高股息,34,20,14,華南永昌-頭份,2023-08-24,9343
2538,基泰,13,0,13,華南永昌-頭份,2023-08-24,9343
4702,中美實,11,0,11,華南永昌-頭份,2023-08-24,9343
2609,陽明,22,12,10,華南永昌-頭份,2023-08-24,9343
5347,世界,10,0,10,華南永昌-頭份,2023-08-24,9343
2363,矽統,183,174,9,華南永昌-頭份,2023-08-24,9343
1805,寶徠,9,0,9,華南永昌-頭份,2023-08-24,9343
2353,宏��,10,2,8,華南永昌-頭份,2023-08-24,9343
2419,仲琦,14,6,8,華南永昌-頭份,2023-08-24,9343
6190,萬泰科,8,0,8,華南永昌-頭份,2023-08-24,9343
8222,寶一,12,4,8,華南永昌-頭份,2023-08-24,9343
6531,愛普*,9,2,7,華南永昌-頭份,2023-08-24,9343
2883,凱基金,7,0,7,華南永昌-頭份,2023-08-24,9343
1314,中石化,7,0,7,華南永昌-頭份,2023-08-24,9343
2329,華泰,12,5,7,華南永昌-頭份,2023-08-24,9343
2401,凌陽,8,1,7,華南永昌-頭份,2023-08-24,9343
2520,冠德,7,0,7,華南永昌-頭份,2023-08-24,9343
3257,虹冠電,7,0,7,華南永昌-頭份,2023-08-24,9343
1471,首利,7,1,6,華南永昌-頭份,2023-08-24,9343
3094,聯傑,6,0,6,華南永昌-頭份,2023-08-24,9343
2645,長榮航太,16,10,6,華南永昌-頭份,2023-08-24,9343
00632R,元大台灣50反1,5,0,5,華南永昌-頭份,2023-08-24,9343
1319,東陽,15,10,5,華南永昌-頭份,2023-08-24,9343
3071,協禧,6,1,5,華南永昌-頭份,2023-08-24,9343
6456,GIS-KY,5,0,5,華南永昌-頭份,2023-08-24,9343
8027,鈦昇,6,1,5,華南永昌-頭份,2023-08-24,9343
8033,雷虎,5,0,5,華南永昌-頭份,2023-08-24,9343
9910,豐泰,5,0,5,華南永昌-頭份,2023-08-24,9343
5483,中美晶,5,0,5,華南永昌-頭份,2023-08-24,9343
2812,台中銀,5,0,5,華南永昌-頭份,2023-08-24,9343
1584,精剛,4,0,4,華南永昌-頭份,2023-08-24,9343
2409,友達,4,0,4,華南永昌-頭份,2023-08-24,9343
3014,聯陽,5,1,4,華南永昌-頭份,2023-08-24,9343
4746,台耀,4,0,4,華南永昌-頭份,2023-08-24,9343
6530,創威,4,0,4,華南永昌-頭份,2023-08-24,9343
00919,群益台灣精選高息,128,0,128,華南永昌-頭份,2023-08-25,9343
3231,緯創,138,27,111,華南永昌-頭份,2023-08-25,9343
00929,復華台灣科技優息,110,3,107,華南永昌-頭份,2023-08-25,9343
2399,映泰,78,5,73,華南永昌-頭份,2023-08-25,9343
2449,京元電子,83,19,64,華南永昌-頭份,2023-08-25,9343
00878,國泰永續高股息,82,33,49,華南永昌-頭份,2023-08-25,9343
2618,長榮航,33,2,31,華南永昌-頭份,2023-08-25,9343
8222,寶一,32,1,31,華南永昌-頭份,2023-08-25,9343
2634,漢翔,30,0,30,華南永昌-頭份,2023-08-25,9343
2369,菱生,32,2,30,華南永昌-頭份,2023-08-25,9343
00673R,期元大S＆P原油反1,20,0,20,華南永昌-頭份,2023-08-25,9343
912000,晨訊科-DR,20,0,20,華南永昌-頭份,2023-08-25,9343
00753L,中信中國50正2,25,6,19,華南永昌-頭份,2023-08-25,9343
3202,樺晟,20,1,19,華南永昌-頭份,2023-08-25,9343
2330,台積電,18,0,18,華南永昌-頭份,2023-08-25,9343
2382,廣達,33,15,18,華南永昌-頭份,2023-08-25,9343
2867,三商壽,17,0,17,華南永昌-頭份,2023-08-25,9343
6139,亞翔,17,1,16,華南永昌-頭份,2023-08-25,9343
8110,華東,20,4,16,華南永昌-頭份,2023-08-25,9343
5443,均豪,15,0,15,華南永昌-頭份,2023-08-25,9343
2630,亞航,18,4,14,華南永昌-頭份,2023-08-25,9343
00923,群益台ESG低碳50,13,0,13,華南永昌-頭份,2023-08-25,9343
2356,英業達,18,5,13,華南永昌-頭份,2023-08-25,9343
2486,一詮,12,0,12,華南永昌-頭份,2023-08-25,9343
3037,欣興,12,2,10,華南永昌-頭份,2023-08-25,9343
3706,神達,10,0,10,華南永昌-頭份,2023-08-25,9343
00631L,元大台灣50正2,10,0,10,華南永昌-頭份,2023-08-25,9343
2353,宏��,12,2,10,華南永昌-頭份,2023-08-25,9343
3071,協禧,10,0,10,華南永昌-頭份,2023-08-25,9343
3305,昇貿,10,0,10,華南永昌-頭份,2023-08-25,9343
6538,倉和,11,1,10,華南永昌-頭份,2023-08-25,9343
6799,來頡,10,0,10,華南永昌-頭份,2023-08-25,9343
6235,華孚,17,8,9,華南永昌-頭份,2023-08-25,9343
1471,首利,8,0,8,華南永昌-頭份,2023-08-25,9343
00671R,富邦NASDAQ反1,8,0,8,華南永昌-頭份,2023-08-25,9343
3252,海灣,8,0,8,華南永昌-頭份,2023-08-25,9343
6669,緯穎,7,0,7,華南永昌-頭份,2023-08-25,9343
1905,華紙,6,0,6,華南永昌-頭份,2023-08-25,9343
00888,永豐台灣ESG,6,0,6,華南永昌-頭份,2023-08-25,9343
2520,冠德,6,0,6,華南永昌-頭份,2023-08-25,9343
2610,華航,11,5,6,華南永昌-頭份,2023-08-25,9343
2705,六福,9,3,6,華南永昌-頭份,2023-08-25,9343
2884,玉山金,6,0,6,華南永昌-頭份,2023-08-25,9343
2903,遠百,6,0,6,華南永昌-頭份,2023-08-25,9343
6443,元晶,7,1,6,華南永昌-頭份,2023-08-25,9343
00712,復華富時不動產,5,0,5,華南永昌-頭份,2023-08-25,9343
2345,智邦,5,0,5,華南永昌-頭份,2023-08-25,9343
1603,華電,5,0,5,華南永昌-頭份,2023-08-25,9343
1514,亞力,6,1,5,華南永昌-頭份,2023-08-25,9343
00881,國泰台灣5G+,5,0,5,華南永昌-頭份,2023-08-25,9343
2323,中環,123,0,123,華南永昌-頭份,2023-08-28,9343
00882,中信中國高股息,91,0,91,華南永昌-頭份,2023-08-28,9343
2486,一詮,62,0,62,華南永昌-頭份,2023-08-28,9343
00632R,元大台灣50反1,100,50,50,華南永昌-頭份,2023-08-28,9343
00929,復華台灣科技優息,49,0,49,華南永昌-頭份,2023-08-28,9343
00878,國泰永續高股息,55,16,39,華南永昌-頭份,2023-08-28,9343
2399,映泰,39,2,37,華南永昌-頭份,2023-08-28,9343
2331,精英,39,3,36,華南永昌-頭份,2023-08-28,9343
6156,松上,31,1,30,華南永昌-頭份,2023-08-28,9343
4906,正文,37,14,23,華南永昌-頭份,2023-08-28,9343
4973,廣穎,20,0,20,華南永昌-頭份,2023-08-28,9343
3231,緯創,49,33,16,華南永昌-頭份,2023-08-28,9343
3704,合勤控,20,5,15,華南永昌-頭份,2023-08-28,9343
2388,威盛,17,3,14,華南永昌-頭份,2023-08-28,9343
2352,佳世達,13,1,12,華南永昌-頭份,2023-08-28,9343
2303,聯電,36,25,11,華南永昌-頭份,2023-08-28,9343
2610,華航,13,2,11,華南永昌-頭份,2023-08-28,9343
1304,台聚,11,0,11,華南永昌-頭份,2023-08-28,9343
3483,力致,11,1,10,華南永昌-頭份,2023-08-28,9343
1402,遠東新,10,0,10,華南永昌-頭份,2023-08-28,9343
1722,台肥,10,0,10,華南永昌-頭份,2023-08-28,9343
1789,神隆,10,0,10,華南永昌-頭份,2023-08-28,9343
4541,晟田,10,0,10,華南永昌-頭份,2023-08-28,9343
5324,士開,10,0,10,華南永昌-頭份,2023-08-28,9343
1313,聯成,9,0,9,華南永昌-頭份,2023-08-28,9343
2337,旺宏,10,1,9,華南永昌-頭份,2023-08-28,9343
3078,僑威,14,5,9,華南永昌-頭份,2023-08-28,9343
2457,飛宏,9,0,9,華南永昌-頭份,2023-08-28,9343
2405,輔信,8,0,8,華南永昌-頭份,2023-08-28,9343
2485,兆赫,29,21,8,華南永昌-頭份,2023-08-28,9343
2516,新建,11,3,8,華南永昌-頭份,2023-08-28,9343
3289,宜特,16,8,8,華南永昌-頭份,2023-08-28,9343
5371,中光電,8,0,8,華南永昌-頭份,2023-08-28,9343
5521,工信,10,2,8,華南永昌-頭份,2023-08-28,9343
6203,海韻電,14,6,8,華南永昌-頭份,2023-08-28,9343
2425,承啟,7,0,7,華南永昌-頭份,2023-08-28,9343
6168,宏齊,7,0,7,華南永昌-頭份,2023-08-28,9343
6456,GIS-KY,7,0,7,華南永昌-頭份,2023-08-28,9343
4161,聿新科,6,0,6,華南永昌-頭份,2023-08-28,9343
3711,日月光投控,11,5,6,華南永昌-頭份,2023-08-28,9343
00679B,元大美債20年,5,0,5,華南永昌-頭份,2023-08-28,9343
00671R,富邦NASDAQ反1,5,0,5,華南永昌-頭份,2023-08-28,9343
2401,凌陽,5,0,5,華南永昌-頭份,2023-08-28,9343
3356,奇偶,5,0,5,華南永昌-頭份,2023-08-28,9343
3479,安勤,5,0,5,華南永昌-頭份,2023-08-28,9343
6415,矽力*-KY,5,0,5,華南永昌-頭份,2023-08-28,9343
9904,寶成,5,0,5,華南永昌-頭份,2023-08-28,9343
2344,華邦電,8,3,5,華南永昌-頭份,2023-08-28,9343
2376,技嘉,9,5,4,華南永昌-頭份,2023-08-28,9343
2609,陽明,6,2,4,華南永昌-頭份,2023-08-28,9343
00882,中信中國高股息,124,0,124,華南永昌-頭份,2023-08-29,9343
4157,太景*-KY,25,2,23,華南永昌-頭份,2023-08-29,9343
00929,復華台灣科技優息,16,1,15,華南永昌-頭份,2023-08-29,9343
2002,中鋼,14,0,14,華南永昌-頭份,2023-08-29,9343
6443,元晶,14,0,14,華南永昌-頭份,2023-08-29,9343
2880,華南金,13,0,13,華南永昌-頭份,2023-08-29,9343
00878,國泰永續高股息,14,2,12,華南永昌-頭份,2023-08-29,9343
2303,聯電,13,1,12,華南永昌-頭份,2023-08-29,9343
2609,陽明,15,4,11,華南永昌-頭份,2023-08-29,9343
00900,富邦特選高股息30,10,0,10,華南永昌-頭份,2023-08-29,9343
1905,華紙,10,0,10,華南永昌-頭份,2023-08-29,9343
2324,仁寶,10,0,10,華南永昌-頭份,2023-08-29,9343
3071,協禧,10,0,10,華南永昌-頭份,2023-08-29,9343
4707,磐亞,10,0,10,華南永昌-頭份,2023-08-29,9343
6235,華孚,22,12,10,華南永昌-頭份,2023-08-29,9343
1471,首利,14,5,9,華南永昌-頭份,2023-08-29,9343
2363,矽統,70,61,9,華南永昌-頭份,2023-08-29,9343
6285,啟��,14,5,9,華南永昌-頭份,2023-08-29,9343
8016,矽創,9,0,9,華南永昌-頭份,2023-08-29,9343
2317,鴻海,7,0,7,華南永昌-頭份,2023-08-29,9343
5324,士開,17,10,7,華南永昌-頭份,2023-08-29,9343
5371,中光電,7,0,7,華南永昌-頭份,2023-08-29,9343
9933,中鼎,7,0,7,華南永昌-頭份,2023-08-29,9343
3231,緯創,27,21,6,華南永昌-頭份,2023-08-29,9343
2634,漢翔,19,13,6,華南永昌-頭份,2023-08-29,9343
5880,合庫金,6,0,6,華南永昌-頭份,2023-08-29,9343
2382,廣達,16,11,5,華南永昌-頭份,2023-08-29,9343
2630,亞航,7,2,5,華南永昌-頭份,2023-08-29,9343
1434,福懋,5,0,5,華南永昌-頭份,2023-08-29,9343
00632R,元大台灣50反1,5,0,5,華南永昌-頭份,2023-08-29,9343
00683L,期元大美元指正2,5,0,5,華南永昌-頭份,2023-08-29,9343
1710,東聯,5,0,5,華南永昌-頭份,2023-08-29,9343
1786,科妍,7,2,5,華南永昌-頭份,2023-08-29,9343
2425,承啟,5,0,5,華南永昌-頭份,2023-08-29,9343
2610,華航,10,5,5,華南永昌-頭份,2023-08-29,9343
2801,彰銀,5,0,5,華南永昌-頭份,2023-08-29,9343
2834,臺企銀,5,0,5,華南永昌-頭份,2023-08-29,9343
2913,農林,6,1,5,華南永昌-頭份,2023-08-29,9343
3052,夆典,5,0,5,華南永昌-頭份,2023-08-29,9343
6288,聯嘉,5,0,5,華南永昌-頭份,2023-08-29,9343
6415,矽力*-KY,5,0,5,華南永昌-頭份,2023-08-29,9343
00679B,元大美債20年,4,0,4,華南永昌-頭份,2023-08-29,9343
2520,冠德,4,0,4,華南永昌-頭份,2023-08-29,9343
1235,興泰,3,0,3,華南永昌-頭份,2023-08-29,9343
1402,遠東新,3,0,3,華南永昌-頭份,2023-08-29,9343
2328,廣宇,3,0,3,華南永昌-頭份,2023-08-29,9343
2405,輔信,3,0,3,華南永昌-頭份,2023-08-29,9343
2486,一詮,3,0,3,華南永昌-頭份,2023-08-29,9343
2605,新興,3,0,3,華南永昌-頭份,2023-08-29,9343
2867,三商壽,3,0,3,華南永昌-頭份,2023-08-29,9343
00878,國泰永續高股息,77,1,76,華南永昌-頭份,2023-08-30,9343
6126,信音,71,8,63,華南永昌-頭份,2023-08-30,9343
2002,中鋼,53,1,52,華南永昌-頭份,2023-08-30,9343
3715,定穎投控,70,21,49,華南永昌-頭份,2023-08-30,9343
1319,東陽,40,1,39,華南永昌-頭份,2023-08-30,9343
2834,臺企銀,25,0,25,華南永昌-頭份,2023-08-30,9343
00929,復華台灣科技優息,25,5,20,華南永昌-頭份,2023-08-30,9343
5324,士開,34,14,20,華南永昌-頭份,2023-08-30,9343
2630,亞航,24,5,19,華南永昌-頭份,2023-08-30,9343
6477,安集,20,3,17,華南永昌-頭份,2023-08-30,9343
00753L,中信中國50正2,15,0,15,華南永昌-頭份,2023-08-30,9343
2453,凌群,15,0,15,華南永昌-頭份,2023-08-30,9343
2516,新建,15,0,15,華南永昌-頭份,2023-08-30,9343
3325,旭品,17,2,15,華南永昌-頭份,2023-08-30,9343
2610,華航,21,7,14,華南永昌-頭份,2023-08-30,9343
3481,群創,22,9,13,華南永昌-頭份,2023-08-30,9343
4114,健喬,12,0,12,華南永昌-頭份,2023-08-30,9343
6282,康舒,12,0,12,華南永昌-頭份,2023-08-30,9343
2390,云辰,10,0,10,華南永昌-頭份,2023-08-30,9343
6443,元晶,12,2,10,華南永昌-頭份,2023-08-30,9343
6486,互動,10,0,10,華南永昌-頭份,2023-08-30,9343
2022,聚亨,10,1,9,華南永昌-頭份,2023-08-30,9343
00637L,元大滬深300正2,9,0,9,華南永昌-頭份,2023-08-30,9343
2329,華泰,18,9,9,華南永昌-頭份,2023-08-30,9343
2409,友達,11,2,9,華南永昌-頭份,2023-08-30,9343
2486,一詮,11,2,9,華南永昌-頭份,2023-08-30,9343
2634,漢翔,22,13,9,華南永昌-頭份,2023-08-30,9343
00665L,富邦�琤肭磪囓�2,8,0,8,華南永昌-頭份,2023-08-30,9343
2457,飛宏,10,2,8,華南永昌-頭份,2023-08-30,9343
1471,首利,7,0,7,華南永昌-頭份,2023-08-30,9343
00919,群益台灣精選高息,14,7,7,華南永昌-頭份,2023-08-30,9343
2337,旺宏,86,79,7,華南永昌-頭份,2023-08-30,9343
2852,第一保,7,0,7,華南永昌-頭份,2023-08-30,9343
2618,長榮航,6,0,6,華南永昌-頭份,2023-08-30,9343
2520,冠德,6,0,6,華南永昌-頭份,2023-08-30,9343
2903,遠百,10,4,6,華南永昌-頭份,2023-08-30,9343
3044,健鼎,16,10,6,華南永昌-頭份,2023-08-30,9343
3623,富晶通,6,0,6,華南永昌-頭份,2023-08-30,9343
00882,中信中國高股息,5,0,5,華南永昌-頭份,2023-08-30,9343
00633L,富邦上証正2,5,0,5,華南永昌-頭份,2023-08-30,9343
00712,復華富時不動產,7,2,5,華南永昌-頭份,2023-08-30,9343
1701,中化,5,0,5,華南永昌-頭份,2023-08-30,9343
2356,英業達,7,2,5,華南永昌-頭份,2023-08-30,9343
2425,承啟,5,0,5,華南永昌-頭份,2023-08-30,9343
2888A,新光金甲特,5,0,5,華南永昌-頭份,2023-08-30,9343
3011,今皓,5,0,5,華南永昌-頭份,2023-08-30,9343
3406,玉晶光,5,0,5,華南永昌-頭份,2023-08-30,9343
8927,北基,5,0,5,華南永昌-頭份,2023-08-30,9343
00713,元大台灣高息低波,5,0,5,華南永昌-頭份,2023-08-30,9343
1903,士紙,5,1,4,華南永昌-頭份,2023-08-30,9343
6757,台灣虎航,140,0,140,華南永昌-頭份,2023-08-31,9343
6126,信音,49,0,49,華南永昌-頭份,2023-08-31,9343
2834,臺企銀,37,0,37,華南永昌-頭份,2023-08-31,9343
1802,台玻,24,3,21,華南永昌-頭份,2023-08-31,9343
6282,康舒,21,0,21,華南永昌-頭份,2023-08-31,9343
6443,元晶,23,2,21,華南永昌-頭份,2023-08-31,9343
2903,遠百,20,0,20,華南永昌-頭份,2023-08-31,9343
8936,國統,17,0,17,華南永昌-頭份,2023-08-31,9343
3715,定穎投控,50,33,17,華南永昌-頭份,2023-08-31,9343
1605,華新,18,4,14,華南永昌-頭份,2023-08-31,9343
2331,精英,21,7,14,華南永昌-頭份,2023-08-31,9343
2867,三商壽,15,2,13,華南永昌-頭份,2023-08-31,9343
3693,營邦,10,0,10,華南永昌-頭份,2023-08-31,9343
2390,云辰,10,0,10,華南永昌-頭份,2023-08-31,9343
1305,華夏,10,0,10,華南永昌-頭份,2023-08-31,9343
1409,新纖,20,10,10,華南永昌-頭份,2023-08-31,9343
2610,華航,17,7,10,華南永昌-頭份,2023-08-31,9343
3338,泰碩,10,0,10,華南永昌-頭份,2023-08-31,9343
3532,台勝科,10,0,10,華南永昌-頭份,2023-08-31,9343
3707,漢磊,10,0,10,華南永昌-頭份,2023-08-31,9343
5009,榮剛,10,0,10,華南永昌-頭份,2023-08-31,9343
6191,精成科,10,0,10,華南永昌-頭份,2023-08-31,9343
8033,雷虎,10,0,10,華南永昌-頭份,2023-08-31,9343
2301,光寶科,12,3,9,華南永昌-頭份,2023-08-31,9343
1101,台泥,9,0,9,華南永昌-頭份,2023-08-31,9343
5340,建榮,10,1,9,華南永昌-頭份,2023-08-31,9343
3037,欣興,10,2,8,華南永昌-頭份,2023-08-31,9343
2888,新光金,13,5,8,華南永昌-頭份,2023-08-31,9343
3011,今皓,8,0,8,華南永昌-頭份,2023-08-31,9343
4961,天鈺,10,2,8,華南永昌-頭份,2023-08-31,9343
00878,國泰永續高股息,8,1,7,華南永昌-頭份,2023-08-31,9343
2402,毅嘉,46,39,7,華南永昌-頭份,2023-08-31,9343
2880,華南金,7,0,7,華南永昌-頭份,2023-08-31,9343
2913,農林,7,0,7,華南永昌-頭份,2023-08-31,9343
3051,力特,9,3,6,華南永昌-頭份,2023-08-31,9343
2324,仁寶,9,3,6,華南永昌-頭份,2023-08-31,9343
2312,金寶,6,0,6,華南永昌-頭份,2023-08-31,9343
2816,旺旺保,6,0,6,華南永昌-頭份,2023-08-31,9343
4541,晟田,9,3,6,華南永昌-頭份,2023-08-31,9343
8390,金益鼎,6,0,6,華南永昌-頭份,2023-08-31,9343
1402,遠東新,5,0,5,華南永昌-頭份,2023-08-31,9343
00900,富邦特選高股息30,9,4,5,華南永昌-頭份,2023-08-31,9343
1786,科妍,5,0,5,華南永昌-頭份,2023-08-31,9343
2103,台橡,5,0,5,華南永昌-頭份,2023-08-31,9343
2352,佳世達,5,0,5,華南永昌-頭份,2023-08-31,9343
2408,南亞科,10,5,5,華南永昌-頭份,2023-08-31,9343
2440,太空梭,6,1,5,華南永昌-頭份,2023-08-31,9343
2609,陽明,11,6,5,華南永昌-頭份,2023-08-31,9343
3003,健和興,5,0,5,華南永昌-頭份,2023-08-31,9343
5014,建錩,5,0,5,華南永昌-頭份,2023-08-31,9343
00919,群益台灣精選高息,75,0,75,華南永昌-頭份,2023-09-01,9343
2331,精英,79,37,42,華南永昌-頭份,2023-09-01,9343
2867,三商壽,37,0,37,華南永昌-頭份,2023-09-01,9343
3231,緯創,49,19,30,華南永昌-頭份,2023-09-01,9343
2520,冠德,29,0,29,華南永昌-頭份,2023-09-01,9343
6126,信音,33,5,28,華南永昌-頭份,2023-09-01,9343
2329,華泰,36,9,27,華南永昌-頭份,2023-09-01,9343
3481,群創,23,1,22,華南永昌-頭份,2023-09-01,9343
1513,中興電,26,5,21,華南永昌-頭份,2023-09-01,9343
1504,東元,20,0,20,華南永昌-頭份,2023-09-01,9343
3071,協禧,25,5,20,華南永昌-頭份,2023-09-01,9343
9904,寶成,20,2,18,華南永昌-頭份,2023-09-01,9343
6122,擎邦,18,3,15,華南永昌-頭份,2023-09-01,9343
2436,偉詮電,16,1,15,華南永昌-頭份,2023-09-01,9343
6282,康舒,46,32,14,華南永昌-頭份,2023-09-01,9343
00878,國泰永續高股息,14,1,13,華南永昌-頭份,2023-09-01,9343
00932,兆豐永續高息等權,13,0,13,華南永昌-頭份,2023-09-01,9343
2884,玉山金,12,0,12,華南永昌-頭份,2023-09-01,9343
2401,凌陽,12,1,11,華南永昌-頭份,2023-09-01,9343
2515,中工,11,0,11,華南永昌-頭份,2023-09-01,9343
2812,台中銀,11,0,11,華南永昌-頭份,2023-09-01,9343
1605,華新,14,4,10,華南永昌-頭份,2023-09-01,9343
2340,台亞,10,0,10,華南永昌-頭份,2023-09-01,9343
4906,正文,13,3,10,華南永昌-頭份,2023-09-01,9343
4953,緯軟,10,0,10,華南永昌-頭份,2023-09-01,9343
5324,士開,10,0,10,華南永昌-頭份,2023-09-01,9343
6443,元晶,10,0,10,華南永昌-頭份,2023-09-01,9343
3257,虹冠電,13,4,9,華南永昌-頭份,2023-09-01,9343
2369,菱生,13,5,8,華南永昌-頭份,2023-09-01,9343
6202,盛群,8,0,8,華南永昌-頭份,2023-09-01,9343
8210,勤誠,8,0,8,華南永昌-頭份,2023-09-01,9343
2376,技嘉,10,3,7,華南永昌-頭份,2023-09-01,9343
00753L,中信中國50正2,6,0,6,華南永昌-頭份,2023-09-01,9343
1737,臺鹽,6,0,6,華南永昌-頭份,2023-09-01,9343
2368,金像電,7,1,6,華南永昌-頭份,2023-09-01,9343
2375,凱美,6,0,6,華南永昌-頭份,2023-09-01,9343
4128,中天,6,0,6,華南永昌-頭份,2023-09-01,9343
6547,高端疫苗,7,1,6,華南永昌-頭份,2023-09-01,9343
1514,亞力,6,0,6,華南永昌-頭份,2023-09-01,9343
2485,兆赫,34,29,5,華南永昌-頭份,2023-09-01,9343
2356,英業達,13,8,5,華南永昌-頭份,2023-09-01,9343
3706,神達,7,2,5,華南永昌-頭份,2023-09-01,9343
00929,復華台灣科技優息,10,5,5,華南永昌-頭份,2023-09-01,9343
2324,仁寶,5,0,5,華南永昌-頭份,2023-09-01,9343
2442,新美齊,5,0,5,華南永昌-頭份,2023-09-01,9343
2838,聯邦銀,5,0,5,華南永昌-頭份,2023-09-01,9343
3714,富采,6,1,5,華南永昌-頭份,2023-09-01,9343
4908,前鼎,5,0,5,華南永昌-頭份,2023-09-01,9343
5351,鈺創,5,0,5,華南永昌-頭份,2023-09-01,9343
6026,福邦證,10,5,5,華南永昌-頭份,2023-09-01,9343
00929,復華台灣科技優息,96,17,79,華南永昌-頭份,2023-09-04,9343
00715L,期街口布蘭特正2,72,3,69,華南永昌-頭份,2023-09-04,9343
1802,台玻,68,6,62,華南永昌-頭份,2023-09-04,9343
00878,國泰永續高股息,56,8,48,華南永昌-頭份,2023-09-04,9343
6126,信音,33,10,23,華南永昌-頭份,2023-09-04,9343
00632R,元大台灣50反1,22,0,22,華南永昌-頭份,2023-09-04,9343
2634,漢翔,27,6,21,華南永昌-頭份,2023-09-04,9343
5880,合庫金,21,0,21,華南永昌-頭份,2023-09-04,9343
00900,富邦特選高股息30,20,0,20,華南永昌-頭份,2023-09-04,9343
4939,亞電,20,0,20,華南永昌-頭份,2023-09-04,9343
2369,菱生,17,0,17,華南永昌-頭份,2023-09-04,9343
00919,群益台灣精選高息,96,80,16,華南永昌-頭份,2023-09-04,9343
2337,旺宏,27,11,16,華南永昌-頭份,2023-09-04,9343
2363,矽統,53,38,15,華南永昌-頭份,2023-09-04,9343
1568,倉佑,15,0,15,華南永昌-頭份,2023-09-04,9343
3622,洋華,15,1,14,華南永昌-頭份,2023-09-04,9343
2312,金寶,14,1,13,華南永昌-頭份,2023-09-04,9343
2371,大同,13,0,13,華南永昌-頭份,2023-09-04,9343
3234,光環,15,2,13,華南永昌-頭份,2023-09-04,9343
4976,佳凌,13,0,13,華南永昌-頭份,2023-09-04,9343
6282,康舒,20,7,13,華南永昌-頭份,2023-09-04,9343
8110,華東,13,0,13,華南永昌-頭份,2023-09-04,9343
3481,群創,12,0,12,華南永昌-頭份,2023-09-04,9343
2331,精英,15,3,12,華南永昌-頭份,2023-09-04,9343
2489,瑞軒,12,0,12,華南永昌-頭份,2023-09-04,9343
2492,華新科,19,7,12,華南永昌-頭份,2023-09-04,9343
3322,建舜電,20,8,12,華南永昌-頭份,2023-09-04,9343
1301,台塑,11,0,11,華南永昌-頭份,2023-09-04,9343
2356,英業達,15,4,11,華南永昌-頭份,2023-09-04,9343
3049,精金,10,0,10,華南永昌-頭份,2023-09-04,9343
1609,大亞,10,0,10,華南永昌-頭份,2023-09-04,9343
1810,和成,11,1,10,華南永昌-頭份,2023-09-04,9343
2022,聚亨,10,0,10,華南永昌-頭份,2023-09-04,9343
3207,耀勝,10,0,10,華南永昌-頭份,2023-09-04,9343
2409,友達,14,5,9,華南永昌-頭份,2023-09-04,9343
00932,兆豐永續高息等權,8,0,8,華南永昌-頭份,2023-09-04,9343
2206,三陽工業,19,11,8,華南永昌-頭份,2023-09-04,9343
2340,台亞,8,0,8,華南永昌-頭份,2023-09-04,9343
2399,映泰,11,3,8,華南永昌-頭份,2023-09-04,9343
5483,中美晶,10,2,8,華南永昌-頭份,2023-09-04,9343
2301,光寶科,7,0,7,華南永昌-頭份,2023-09-04,9343
00882,中信中國高股息,7,0,7,華南永昌-頭份,2023-09-04,9343
1337,再生-KY,7,0,7,華南永昌-頭份,2023-09-04,9343
1605,華新,9,2,7,華南永昌-頭份,2023-09-04,9343
2834,臺企銀,6,0,6,華南永昌-頭份,2023-09-04,9343
1533,車王電,6,0,6,華南永昌-頭份,2023-09-04,9343
3078,僑威,9,3,6,華南永昌-頭份,2023-09-04,9343
5381,合正,7,1,6,華南永昌-頭份,2023-09-04,9343
3051,力特,10,5,5,華南永昌-頭份,2023-09-04,9343
00720B,元大投資級公司債,5,0,5,華南永昌-頭份,2023-09-04,9343
00929,復華台灣科技優息,284,4,280,華南永昌-頭份,2023-09-05,9343
2337,旺宏,84,7,77,華南永昌-頭份,2023-09-05,9343
4157,太景*-KY,75,0,75,華南永昌-頭份,2023-09-05,9343
6168,宏齊,62,0,62,華南永昌-頭份,2023-09-05,9343
4945,陞達科技,60,0,60,華南永昌-頭份,2023-09-05,9343
2834,臺企銀,46,0,46,華南永昌-頭份,2023-09-05,9343
00918,大華優利高填息30,45,0,45,華南永昌-頭份,2023-09-05,9343
2402,毅嘉,49,8,41,華南永昌-頭份,2023-09-05,9343
4726,永昕,40,0,40,華南永昌-頭份,2023-09-05,9343
3058,立德,30,0,30,華南永昌-頭份,2023-09-05,9343
3202,樺晟,30,0,30,華南永昌-頭份,2023-09-05,9343
2634,漢翔,36,7,29,華南永昌-頭份,2023-09-05,9343
8110,華東,36,9,27,華南永昌-頭份,2023-09-05,9343
2027,大成鋼,25,0,25,華南永昌-頭份,2023-09-05,9343
6550,北極星藥業-KY,22,0,22,華南永昌-頭份,2023-09-05,9343
2882,國泰金,20,0,20,華南永昌-頭份,2023-09-05,9343
3289,宜特,23,3,20,華南永昌-頭份,2023-09-05,9343
2610,華航,20,1,19,華南永昌-頭份,2023-09-05,9343
2884,玉山金,23,4,19,華南永昌-頭份,2023-09-05,9343
00919,群益台灣精選高息,17,1,16,華南永昌-頭份,2023-09-05,9343
2485,兆赫,23,7,16,華南永昌-頭份,2023-09-05,9343
6418,詠昇,19,3,16,華南永昌-頭份,2023-09-05,9343
5009,榮剛,25,10,15,華南永昌-頭份,2023-09-05,9343
2201,裕隆,15,0,15,華南永昌-頭份,2023-09-05,9343
1101,台泥,13,0,13,華南永昌-頭份,2023-09-05,9343
2363,矽統,55,42,13,華南永昌-頭份,2023-09-05,9343
4541,晟田,13,0,13,華南永昌-頭份,2023-09-05,9343
1339,昭輝,12,0,12,華南永昌-頭份,2023-09-05,9343
2356,英業達,22,10,12,華南永昌-頭份,2023-09-05,9343
00915,凱基優選高股息30,10,0,10,華南永昌-頭份,2023-09-05,9343
1603,華電,10,0,10,華南永昌-頭份,2023-09-05,9343
2498,宏達電,10,0,10,華南永昌-頭份,2023-09-05,9343
2913,農林,10,0,10,華南永昌-頭份,2023-09-05,9343
3374,精材,10,0,10,華南永昌-頭份,2023-09-05,9343
3014,聯陽,14,6,8,華南永昌-頭份,2023-09-05,9343
4934,太極,8,0,8,華南永昌-頭份,2023-09-05,9343
3715,定穎投控,24,16,8,華南永昌-頭份,2023-09-05,9343
5880,合庫金,7,0,7,華南永昌-頭份,2023-09-05,9343
6160,欣技,7,0,7,華南永昌-頭份,2023-09-05,9343
00858,永豐美國500大,6,0,6,華南永昌-頭份,2023-09-05,9343
2468,華經,11,5,6,華南永昌-頭份,2023-09-05,9343
2495,普安,6,0,6,華南永昌-頭份,2023-09-05,9343
3227,原相,6,0,6,華南永昌-頭份,2023-09-05,9343
6191,精成科,17,11,6,華南永昌-頭份,2023-09-05,9343
2301,光寶科,7,1,6,華南永昌-頭份,2023-09-05,9343
3481,群創,16,11,5,華南永昌-頭份,2023-09-05,9343
2618,長榮航,5,0,5,華南永昌-頭份,2023-09-05,9343
00696B,富邦美債20年,5,0,5,華南永昌-頭份,2023-09-05,9343
1737,臺鹽,5,0,5,華南永昌-頭份,2023-09-05,9343
1789,神隆,5,0,5,華南永昌-頭份,2023-09-05,9343
3481,群創,216,0,216,華南永昌-頭份,2023-09-06,9343
00929,復華台灣科技優息,180,50,130,華南永昌-頭份,2023-09-06,9343
00915,凱基優選高股息30,110,10,100,華南永昌-頭份,2023-09-06,9343
2201,裕隆,60,1,59,華南永昌-頭份,2023-09-06,9343
00878,國泰永續高股息,58,13,45,華南永昌-頭份,2023-09-06,9343
3092,鴻碩,40,0,40,華南永昌-頭份,2023-09-06,9343
4945,陞達科技,30,0,30,華南永昌-頭份,2023-09-06,9343
6167,久正,28,3,25,華南永昌-頭份,2023-09-06,9343
2882,國泰金,24,0,24,華南永昌-頭份,2023-09-06,9343
00882,中信中國高股息,22,0,22,華南永昌-頭份,2023-09-06,9343
3308,聯德,26,5,21,華南永昌-頭份,2023-09-06,9343
2363,矽統,55,35,20,華南永昌-頭份,2023-09-06,9343
6248,沛波,20,0,20,華南永昌-頭份,2023-09-06,9343
1101,台泥,20,1,19,華南永昌-頭份,2023-09-06,9343
00919,群益台灣精選高息,39,20,19,華南永昌-頭份,2023-09-06,9343
2344,華邦電,22,3,19,華南永昌-頭份,2023-09-06,9343
5351,鈺創,25,6,19,華南永昌-頭份,2023-09-06,9343
2027,大成鋼,18,1,17,華南永昌-頭份,2023-09-06,9343
6168,宏齊,16,0,16,華南永昌-頭份,2023-09-06,9343
2409,友達,34,20,14,華南永昌-頭份,2023-09-06,9343
2888,新光金,13,0,13,華南永昌-頭份,2023-09-06,9343
2834,臺企銀,16,3,13,華南永昌-頭份,2023-09-06,9343
5488,松普,17,4,13,華南永昌-頭份,2023-09-06,9343
2328,廣宇,11,0,11,華南永昌-頭份,2023-09-06,9343
1809,中釉,10,0,10,華南永昌-頭份,2023-09-06,9343
4950,牧東,10,0,10,華南永昌-頭份,2023-09-06,9343
8147,正淩,10,0,10,華南永昌-頭份,2023-09-06,9343
1522,堤維西,10,0,10,華南永昌-頭份,2023-09-06,9343
4961,天鈺,19,10,9,華南永昌-頭份,2023-09-06,9343
2401,凌陽,29,20,9,華南永昌-頭份,2023-09-06,9343
3715,定穎投控,28,19,9,華南永昌-頭份,2023-09-06,9343
2329,華泰,27,18,9,華南永昌-頭份,2023-09-06,9343
00772B,中信高評級公司債,8,0,8,華南永昌-頭份,2023-09-06,9343
1905,華紙,8,0,8,華南永昌-頭份,2023-09-06,9343
2520,冠德,8,0,8,華南永昌-頭份,2023-09-06,9343
3706,神達,7,0,7,華南永昌-頭份,2023-09-06,9343
1802,台玻,8,1,7,華南永昌-頭份,2023-09-06,9343
2317,鴻海,8,1,7,華南永昌-頭份,2023-09-06,9343
2618,長榮航,7,0,7,華南永昌-頭份,2023-09-06,9343
2887,台新金,7,0,7,華南永昌-頭份,2023-09-06,9343
5381,合正,14,7,7,華南永昌-頭份,2023-09-06,9343
2609,陽明,7,1,6,華南永昌-頭份,2023-09-06,9343
00923,群益台ESG低碳50,6,0,6,華南永昌-頭份,2023-09-06,9343
00722B,群益投資級電信債,6,0,6,華南永昌-頭份,2023-09-06,9343
00706L,期元大S＆P日圓正2,6,0,6,華南永昌-頭份,2023-09-06,9343
00896,中信綠能及電動車,6,0,6,華南永昌-頭份,2023-09-06,9343
00932,兆豐永續高息等權,6,0,6,華南永昌-頭份,2023-09-06,9343
2301,光寶科,11,5,6,華南永昌-頭份,2023-09-06,9343
2324,仁寶,7,1,6,華南永昌-頭份,2023-09-06,9343
4967,十銓,6,0,6,華南永昌-頭份,2023-09-06,9343
00929,復華台灣科技優息,232,68,164,華南永昌-頭份,2023-09-07,9343
00664R,國泰臺灣加權反1,100,0,100,華南永昌-頭份,2023-09-07,9343
00715L,期街口布蘭特正2,90,7,83,華南永昌-頭份,2023-09-07,9343
2887,台新金,41,0,41,華南永昌-頭份,2023-09-07,9343
00895,富邦未來車,40,0,40,華南永昌-頭份,2023-09-07,9343
3481,群創,39,0,39,華南永昌-頭份,2023-09-07,9343
00902,中信電池及儲能,25,0,25,華南永昌-頭份,2023-09-07,9343
2882,國泰金,20,0,20,華南永昌-頭份,2023-09-07,9343
2890,永豐金,20,0,20,華南永昌-頭份,2023-09-07,9343
8050,廣積,23,4,19,華南永昌-頭份,2023-09-07,9343
00915,凱基優選高股息30,15,0,15,華南永昌-頭份,2023-09-07,9343
3071,協禧,15,0,15,華南永昌-頭份,2023-09-07,9343
4945,陞達科技,15,0,15,華南永昌-頭份,2023-09-07,9343
2356,英業達,16,2,14,華南永昌-頭份,2023-09-07,9343
2313,華通,15,1,14,華南永昌-頭份,2023-09-07,9343
3078,僑威,31,17,14,華南永昌-頭份,2023-09-07,9343
6158,禾昌,14,0,14,華南永昌-頭份,2023-09-07,9343
2610,華航,13,0,13,華南永昌-頭份,2023-09-07,9343
3163,波若威,17,4,13,華南永昌-頭份,2023-09-07,9343
8112,至上,23,10,13,華南永昌-頭份,2023-09-07,9343
2497,怡利電,12,0,12,華南永昌-頭份,2023-09-07,9343
4157,太景*-KY,12,0,12,華南永昌-頭份,2023-09-07,9343
5488,松普,23,12,11,華南永昌-頭份,2023-09-07,9343
2884,玉山金,10,0,10,華南永昌-頭份,2023-09-07,9343
00670L,富邦NASDAQ正2,10,0,10,華南永昌-頭份,2023-09-07,9343
2425,承啟,10,0,10,華南永昌-頭份,2023-09-07,9343
3289,宜特,10,0,10,華南永昌-頭份,2023-09-07,9343
4533,協易機,20,10,10,華南永昌-頭份,2023-09-07,9343
6248,沛波,10,0,10,華南永昌-頭份,2023-09-07,9343
6288,聯嘉,10,0,10,華南永昌-頭份,2023-09-07,9343
2812,台中銀,10,0,10,華南永昌-頭份,2023-09-07,9343
2027,大成鋼,9,0,9,華南永昌-頭份,2023-09-07,9343
1524,耿鼎,11,2,9,華南永昌-頭份,2023-09-07,9343
1605,華新,11,2,9,華南永昌-頭份,2023-09-07,9343
1609,大亞,10,1,9,華南永昌-頭份,2023-09-07,9343
6829,千附精密,10,2,8,華南永昌-頭份,2023-09-07,9343
8027,鈦昇,8,0,8,華南永昌-頭份,2023-09-07,9343
8147,正淩,10,2,8,華南永昌-頭份,2023-09-07,9343
8213,志超,10,2,8,華南永昌-頭份,2023-09-07,9343
3013,晟銘電,19,12,7,華南永昌-頭份,2023-09-07,9343
3231,緯創,13,6,7,華南永昌-頭份,2023-09-07,9343
1313,聯成,7,0,7,華南永昌-頭份,2023-09-07,9343
00932,兆豐永續高息等權,7,0,7,華南永昌-頭份,2023-09-07,9343
3033,威健,7,0,7,華南永昌-頭份,2023-09-07,9343
8261,富鼎,8,1,7,華南永昌-頭份,2023-09-07,9343
5009,榮剛,7,1,6,華南永昌-頭份,2023-09-07,9343
1314,中石化,6,0,6,華南永昌-頭份,2023-09-07,9343
00637L,元大滬深300正2,6,0,6,華南永昌-頭份,2023-09-07,9343
00633L,富邦上証正2,6,0,6,華南永昌-頭份,2023-09-07,9343
2458,義隆,6,0,6,華南永昌-頭份,2023-09-07,9343
00931B,統一美債20年,301,0,301,華南永昌-頭份,2023-09-08,9343
00929,復華台灣科技優息,165,4,161,華南永昌-頭份,2023-09-08,9343
00919,群益台灣精選高息,30,0,30,華南永昌-頭份,2023-09-08,9343
3308,聯德,28,3,25,華南永昌-頭份,2023-09-08,9343
3322,建舜電,20,0,20,華南永昌-頭份,2023-09-08,9343
6143,振曜,35,15,20,華南永昌-頭份,2023-09-08,9343
2002,中鋼,19,0,19,華南永昌-頭份,2023-09-08,9343
2402,毅嘉,32,14,18,華南永昌-頭份,2023-09-08,9343
6456,GIS-KY,17,0,17,華南永昌-頭份,2023-09-08,9343
2884,玉山金,17,0,17,華南永昌-頭份,2023-09-08,9343
00753L,中信中國50正2,16,0,16,華南永昌-頭份,2023-09-08,9343
2486,一詮,26,10,16,華南永昌-頭份,2023-09-08,9343
2618,長榮航,14,0,14,華南永昌-頭份,2023-09-08,9343
4950,牧東,14,0,14,華南永昌-頭份,2023-09-08,9343
2316,楠梓電,11,0,11,華南永昌-頭份,2023-09-08,9343
6175,立敦,12,1,11,華南永昌-頭份,2023-09-08,9343
3047,訊舟,10,0,10,華南永昌-頭份,2023-09-08,9343
3207,耀勝,10,0,10,華南永昌-頭份,2023-09-08,9343
4743,合一,10,0,10,華南永昌-頭份,2023-09-08,9343
6026,福邦證,10,0,10,華南永昌-頭份,2023-09-08,9343
6411,晶焱,10,0,10,華南永昌-頭份,2023-09-08,9343
6443,元晶,10,0,10,華南永昌-頭份,2023-09-08,9343
3704,合勤控,18,10,8,華南永昌-頭份,2023-09-08,9343
2609,陽明,10,2,8,華南永昌-頭份,2023-09-08,9343
00637L,元大滬深300正2,8,0,8,華南永昌-頭份,2023-09-08,9343
2409,友達,8,0,8,華南永昌-頭份,2023-09-08,9343
2852,第一保,8,0,8,華南永昌-頭份,2023-09-08,9343
4909,新復興,8,0,8,華南永昌-頭份,2023-09-08,9343
6770,力積電,8,0,8,華南永昌-頭份,2023-09-08,9343
00633L,富邦上証正2,7,0,7,華南永昌-頭份,2023-09-08,9343
1529,樂事綠能,7,0,7,華南永昌-頭份,2023-09-08,9343
6125,廣運,8,1,7,華南永昌-頭份,2023-09-08,9343
8183,精星,7,0,7,華南永昌-頭份,2023-09-08,9343
2376,技嘉,13,6,7,華南永昌-頭份,2023-09-08,9343
2382,廣達,16,9,7,華南永昌-頭份,2023-09-08,9343
00900,富邦特選高股息30,6,0,6,華南永昌-頭份,2023-09-08,9343
00631L,元大台灣50正2,6,0,6,華南永昌-頭份,2023-09-08,9343
2201,裕隆,6,0,6,華南永昌-頭份,2023-09-08,9343
2204,中華,11,5,6,華南永昌-頭份,2023-09-08,9343
2301,光寶科,9,3,6,華南永昌-頭份,2023-09-08,9343
3004,豐達科,7,1,6,華南永昌-頭份,2023-09-08,9343
3617,碩天,8,2,6,華南永昌-頭份,2023-09-08,9343
4934,太極,7,1,6,華南永昌-頭份,2023-09-08,9343
4953,緯軟,7,1,6,華南永昌-頭份,2023-09-08,9343
6139,亞翔,7,1,6,華南永昌-頭份,2023-09-08,9343
9907,統一實,5,0,5,華南永昌-頭份,2023-09-08,9343
1104,環泥,5,0,5,華南永昌-頭份,2023-09-08,9343
00902,中信電池及儲能,5,0,5,華南永昌-頭份,2023-09-08,9343
2461,光群雷,5,0,5,華南永昌-頭份,2023-09-08,9343
2472,立隆電,5,0,5,華南永昌-頭份,2023-09-08,9343
00929,復華台灣科技優息,129,5,124,華南永昌-頭份,2023-09-11,9343
00878,國泰永續高股息,117,8,109,華南永昌-頭份,2023-09-11,9343
3715,定穎投控,76,18,58,華南永昌-頭份,2023-09-11,9343
00632R,元大台灣50反1,150,100,50,華南永昌-頭份,2023-09-11,9343
2486,一詮,41,3,38,華南永昌-頭份,2023-09-11,9343
6274,台燿,40,4,36,華南永昌-頭份,2023-09-11,9343
2312,金寶,34,0,34,華南永昌-頭份,2023-09-11,9343
2399,映泰,31,0,31,華南永昌-頭份,2023-09-11,9343
2352,佳世達,35,7,28,華南永昌-頭份,2023-09-11,9343
2363,矽統,56,28,28,華南永昌-頭份,2023-09-11,9343
6117,迎廣,23,0,23,華南永昌-頭份,2023-09-11,9343
1905,華紙,23,0,23,華南永昌-頭份,2023-09-11,9343
2887,台新金,22,0,22,華南永昌-頭份,2023-09-11,9343
00753L,中信中國50正2,20,0,20,華南永昌-頭份,2023-09-11,9343
6168,宏齊,20,0,20,華南永昌-頭份,2023-09-11,9343
2105,正新,23,5,18,華南永昌-頭份,2023-09-11,9343
6125,廣運,17,0,17,華南永昌-頭份,2023-09-11,9343
1471,首利,20,3,17,華南永昌-頭份,2023-09-11,9343
4739,康普,16,0,16,華南永昌-頭份,2023-09-11,9343
2528,皇普,15,0,15,華南永昌-頭份,2023-09-11,9343
00918,大華優利高填息30,15,0,15,華南永昌-頭份,2023-09-11,9343
2897,王道銀行,15,0,15,華南永昌-頭份,2023-09-11,9343
6143,振曜,15,0,15,華南永昌-頭份,2023-09-11,9343
6477,安集,15,0,15,華南永昌-頭份,2023-09-11,9343
1504,東元,13,0,13,華南永昌-頭份,2023-09-11,9343
00902,中信電池及儲能,12,0,12,華南永昌-頭份,2023-09-11,9343
3322,建舜電,12,0,12,華南永昌-頭份,2023-09-11,9343
5452,佶優,12,0,12,華南永昌-頭份,2023-09-11,9343
2880,華南金,12,0,12,華南永昌-頭份,2023-09-11,9343
6122,擎邦,12,0,12,華南永昌-頭份,2023-09-11,9343
00900,富邦特選高股息30,12,0,12,華南永昌-頭份,2023-09-11,9343
6139,亞翔,17,6,11,華南永昌-頭份,2023-09-11,9343
2204,中華,12,1,11,華南永昌-頭份,2023-09-11,9343
6288,聯嘉,11,0,11,華南永昌-頭份,2023-09-11,9343
1312,國喬,10,0,10,華南永昌-頭份,2023-09-11,9343
00924,復華S＆P500成長,10,0,10,華南永昌-頭份,2023-09-11,9343
2337,旺宏,10,0,10,華南永昌-頭份,2023-09-11,9343
2886,兆豐金,10,0,10,華南永昌-頭份,2023-09-11,9343
3014,聯陽,11,1,10,華南永昌-頭份,2023-09-11,9343
3029,零壹,10,0,10,華南永昌-頭份,2023-09-11,9343
3207,耀勝,10,0,10,華南永昌-頭份,2023-09-11,9343
3231,緯創,40,30,10,華南永昌-頭份,2023-09-11,9343
00631L,元大台灣50正2,9,0,9,華南永昌-頭份,2023-09-11,9343
6213,聯茂,9,0,9,華南永昌-頭份,2023-09-11,9343
3308,聯德,24,15,9,華南永昌-頭份,2023-09-11,9343
1513,中興電,8,0,8,華南永昌-頭份,2023-09-11,9343
6191,精成科,8,0,8,華南永昌-頭份,2023-09-11,9343
6456,GIS-KY,8,0,8,華南永昌-頭份,2023-09-11,9343
2002,中鋼,7,0,7,華南永昌-頭份,2023-09-11,9343
6451,訊芯-KY,7,0,7,華南永昌-頭份,2023-09-11,9343
3011,今皓,75,0,75,華南永昌-頭份,2023-09-12,9343
00632R,元大台灣50反1,50,0,50,華南永昌-頭份,2023-09-12,9343
2323,中環,51,1,50,華南永昌-頭份,2023-09-12,9343
6167,久正,50,0,50,華南永昌-頭份,2023-09-12,9343
1304,台聚,40,0,40,華南永昌-頭份,2023-09-12,9343
00753L,中信中國50正2,25,0,25,華南永昌-頭份,2023-09-12,9343
1528,恩德,24,0,24,華南永昌-頭份,2023-09-12,9343
2363,矽統,64,44,20,華南永昌-頭份,2023-09-12,9343
3481,群創,25,5,20,華南永昌-頭份,2023-09-12,9343
00919,群益台灣精選高息,55,40,15,華南永昌-頭份,2023-09-12,9343
2356,英業達,17,3,14,華南永昌-頭份,2023-09-12,9343
00878,國泰永續高股息,29,16,13,華南永昌-頭份,2023-09-12,9343
2405,輔信,14,1,13,華南永昌-頭份,2023-09-12,9343
1319,東陽,18,6,12,華南永昌-頭份,2023-09-12,9343
6168,宏齊,14,2,12,華南永昌-頭份,2023-09-12,9343
00924,復華S＆P500成長,10,0,10,華南永昌-頭份,2023-09-12,9343
1809,中釉,10,0,10,華南永昌-頭份,2023-09-12,9343
2634,漢翔,10,0,10,華南永昌-頭份,2023-09-12,9343
2880,華南金,10,0,10,華南永昌-頭份,2023-09-12,9343
3380,明泰,12,2,10,華南永昌-頭份,2023-09-12,9343
6153,嘉聯益,10,0,10,華南永昌-頭份,2023-09-12,9343
2367,燿華,12,3,9,華南永昌-頭份,2023-09-12,9343
2538,基泰,11,3,8,華南永昌-頭份,2023-09-12,9343
6217,中探針,8,0,8,華南永昌-頭份,2023-09-12,9343
2382,廣達,18,11,7,華南永昌-頭份,2023-09-12,9343
6125,廣運,13,6,7,華南永昌-頭份,2023-09-12,9343
2312,金寶,11,4,7,華南永昌-頭份,2023-09-12,9343
2610,華航,10,3,7,華南永昌-頭份,2023-09-12,9343
2884,玉山金,7,0,7,華南永昌-頭份,2023-09-12,9343
2603,長榮,6,0,6,華南永昌-頭份,2023-09-12,9343
2834,臺企銀,7,1,6,華南永昌-頭份,2023-09-12,9343
6829,千附精密,6,0,6,華南永昌-頭份,2023-09-12,9343
6120,達運,11,6,5,華南永昌-頭份,2023-09-12,9343
1324,地球,5,0,5,華南永昌-頭份,2023-09-12,9343
00637L,元大滬深300正2,5,0,5,華南永昌-頭份,2023-09-12,9343
1618,合機,6,1,5,華南永昌-頭份,2023-09-12,9343
2208,台船,5,0,5,華南永昌-頭份,2023-09-12,9343
3162,精確,10,5,5,華南永昌-頭份,2023-09-12,9343
2301,光寶科,5,1,4,華南永昌-頭份,2023-09-12,9343
6282,康舒,12,8,4,華南永昌-頭份,2023-09-12,9343
2618,長榮航,35,31,4,華南永昌-頭份,2023-09-12,9343
1101,台泥,4,0,4,華南永昌-頭份,2023-09-12,9343
1560,中砂,5,1,4,華南永昌-頭份,2023-09-12,9343
1786,科妍,4,0,4,華南永昌-頭份,2023-09-12,9343
2464,盟立,4,0,4,華南永昌-頭份,2023-09-12,9343
3498,陽程,4,0,4,華南永昌-頭份,2023-09-12,9343
3711,日月光投控,4,0,4,華南永昌-頭份,2023-09-12,9343
1229,聯華,4,0,4,華南永昌-頭份,2023-09-12,9343
2357,華碩,4,1,3,華南永昌-頭份,2023-09-12,9343
00900,富邦特選高股息30,3,0,3,華南永昌-頭份,2023-09-12,9343
2443,昶虹,230,0,230,華南永昌-頭份,2023-09-13,9343
00919,群益台灣精選高息,81,0,81,華南永昌-頭份,2023-09-13,9343
2884,玉山金,50,0,50,華南永昌-頭份,2023-09-13,9343
00929,復華台灣科技優息,45,5,40,華南永昌-頭份,2023-09-13,9343
3706,神達,33,1,32,華南永昌-頭份,2023-09-13,9343
1312,國喬,30,3,27,華南永昌-頭份,2023-09-13,9343
00673R,期元大S＆P原油反1,25,0,25,華南永昌-頭份,2023-09-13,9343
2337,旺宏,23,0,23,華南永昌-頭份,2023-09-13,9343
6143,振曜,25,2,23,華南永昌-頭份,2023-09-13,9343
3346,麗清,30,8,22,華南永昌-頭份,2023-09-13,9343
2014,中鴻,21,0,21,華南永昌-頭份,2023-09-13,9343
2882,國泰金,21,0,21,華南永昌-頭份,2023-09-13,9343
00912,中信臺灣智慧50,20,0,20,華南永昌-頭份,2023-09-13,9343
2025,千興,20,0,20,華南永昌-頭份,2023-09-13,9343
2312,金寶,18,1,17,華南永昌-頭份,2023-09-13,9343
00893,國泰智能電動車,16,0,16,華南永昌-頭份,2023-09-13,9343
2867,三商壽,16,0,16,華南永昌-頭份,2023-09-13,9343
3308,聯德,22,6,16,華南永昌-頭份,2023-09-13,9343
6282,康舒,19,3,16,華南永昌-頭份,2023-09-13,9343
5009,榮剛,16,1,15,華南永昌-頭份,2023-09-13,9343
00715L,期街口布蘭特正2,14,0,14,華南永昌-頭份,2023-09-13,9343
8081,致新,13,0,13,華南永昌-頭份,2023-09-13,9343
2405,輔信,13,1,12,華南永昌-頭份,2023-09-13,9343
2618,長榮航,14,2,12,華南永昌-頭份,2023-09-13,9343
2376,技嘉,15,4,11,華南永昌-頭份,2023-09-13,9343
00878,國泰永續高股息,11,0,11,華南永昌-頭份,2023-09-13,9343
3005,神基,11,0,11,華南永昌-頭份,2023-09-13,9343
6213,聯茂,12,1,11,華南永昌-頭份,2023-09-13,9343
00895,富邦未來車,10,0,10,華南永昌-頭份,2023-09-13,9343
00902,中信電池及儲能,10,0,10,華南永昌-頭份,2023-09-13,9343
1102,亞泥,10,0,10,華南永昌-頭份,2023-09-13,9343
3202,樺晟,10,0,10,華南永昌-頭份,2023-09-13,9343
4909,新復興,10,0,10,華南永昌-頭份,2023-09-13,9343
6147,頎邦,10,0,10,華南永昌-頭份,2023-09-13,9343
6167,久正,10,0,10,華南永昌-頭份,2023-09-13,9343
6175,立敦,10,0,10,華南永昌-頭份,2023-09-13,9343
8086,宏捷科,10,0,10,華南永昌-頭份,2023-09-13,9343
00637L,元大滬深300正2,9,0,9,華南永昌-頭份,2023-09-13,9343
2449,京元電子,9,0,9,華南永昌-頭份,2023-09-13,9343
2426,鼎元,8,0,8,華南永昌-頭份,2023-09-13,9343
3013,晟銘電,7,0,7,華南永昌-頭份,2023-09-13,9343
2034,允強,7,0,7,華南永昌-頭份,2023-09-13,9343
9927,泰銘,7,0,7,華南永昌-頭份,2023-09-13,9343
9958,世紀鋼,6,0,6,華南永昌-頭份,2023-09-13,9343
00923,群益台ESG低碳50,6,0,6,華南永昌-頭份,2023-09-13,9343
1471,首利,6,0,6,華南永昌-頭份,2023-09-13,9343
3363,上詮,26,20,6,華南永昌-頭份,2023-09-13,9343
6180,橘子,6,0,6,華南永昌-頭份,2023-09-13,9343
8926,台汽電,6,0,6,華南永昌-頭份,2023-09-13,9343
1104,環泥,5,0,5,華南永昌-頭份,2023-09-13,9343
00878,國泰永續高股息,69,4,65,華南永昌-頭份,2023-09-14,9343
00632R,元大台灣50反1,62,0,62,華南永昌-頭份,2023-09-14,9343
2610,華航,50,0,50,華南永昌-頭份,2023-09-14,9343
3011,今皓,50,2,48,華南永昌-頭份,2023-09-14,9343
00929,復華台灣科技優息,44,3,41,華南永昌-頭份,2023-09-14,9343
2204,中華,44,8,36,華南永昌-頭份,2023-09-14,9343
2852,第一保,35,0,35,華南永昌-頭份,2023-09-14,9343
00919,群益台灣精選高息,40,10,30,華南永昌-頭份,2023-09-14,9343
8088,品安,48,20,28,華南永昌-頭份,2023-09-14,9343
00679B,元大美債20年,25,0,25,華南永昌-頭份,2023-09-14,9343
1504,東元,21,0,21,華南永昌-頭份,2023-09-14,9343
2331,精英,21,0,21,華南永昌-頭份,2023-09-14,9343
3234,光環,23,2,21,華南永昌-頭份,2023-09-14,9343
1305,華夏,21,1,20,華南永昌-頭份,2023-09-14,9343
2634,漢翔,25,5,20,華南永昌-頭份,2023-09-14,9343
3059,華晶科,20,0,20,華南永昌-頭份,2023-09-14,9343
00751B,元大AAA至A公司債,15,0,15,華南永昌-頭份,2023-09-14,9343
4953,緯軟,14,0,14,華南永昌-頭份,2023-09-14,9343
3264,欣銓,33,20,13,華南永昌-頭份,2023-09-14,9343
00673R,期元大S＆P原油反1,12,0,12,華南永昌-頭份,2023-09-14,9343
2891,中信金,15,3,12,華南永昌-頭份,2023-09-14,9343
3707,漢磊,11,0,11,華南永昌-頭份,2023-09-14,9343
1314,中石化,12,2,10,華南永昌-頭份,2023-09-14,9343
00915,凱基優選高股息30,10,0,10,華南永昌-頭份,2023-09-14,9343
1809,中釉,11,1,10,華南永昌-頭份,2023-09-14,9343
2022,聚亨,10,0,10,華南永昌-頭份,2023-09-14,9343
2301,光寶科,14,4,10,華南永昌-頭份,2023-09-14,9343
2442,新美齊,20,10,10,華南永昌-頭份,2023-09-14,9343
2834,臺企銀,10,0,10,華南永昌-頭份,2023-09-14,9343
3090,日電貿,10,0,10,華南永昌-頭份,2023-09-14,9343
3416,融程電,10,0,10,華南永昌-頭份,2023-09-14,9343
6150,撼訊,10,0,10,華南永昌-頭份,2023-09-14,9343
2329,華泰,13,4,9,華南永昌-頭份,2023-09-14,9343
3338,泰碩,9,0,9,華南永昌-頭份,2023-09-14,9343
2371,大同,11,3,8,華南永昌-頭份,2023-09-14,9343
2492,華新科,8,0,8,華南永昌-頭份,2023-09-14,9343
6284,佳邦,25,17,8,華南永昌-頭份,2023-09-14,9343
2421,建準,7,0,7,華南永昌-頭份,2023-09-14,9343
6288,聯嘉,20,14,6,華南永昌-頭份,2023-09-14,9343
2630,亞航,7,1,6,華南永昌-頭份,2023-09-14,9343
2882,國泰金,6,0,6,華南永昌-頭份,2023-09-14,9343
6715,嘉基,6,0,6,華南永昌-頭份,2023-09-14,9343
2913,農林,5,0,5,華南永昌-頭份,2023-09-14,9343
00687B,國泰20年美債,5,0,5,華南永昌-頭份,2023-09-14,9343
2376,技嘉,15,10,5,華南永昌-頭份,2023-09-14,9343
2472,立隆電,5,0,5,華南永昌-頭份,2023-09-14,9343
2801,彰銀,5,0,5,華南永昌-頭份,2023-09-14,9343
3094,聯傑,6,1,5,華南永昌-頭份,2023-09-14,9343
3432,台端,5,0,5,華南永昌-頭份,2023-09-14,9343
4945,陞達科技,10,5,5,華南永昌-頭份,2023-09-14,9343
2610,華航,190,13,177,華南永昌-頭份,2023-09-15,9343
00929,復華台灣科技優息,145,10,135,華南永昌-頭份,2023-09-15,9343
2884,玉山金,128,1,127,華南永昌-頭份,2023-09-15,9343
3419,譁裕,100,0,100,華南永昌-頭份,2023-09-15,9343
00915,凱基優選高股息30,75,0,75,華南永昌-頭份,2023-09-15,9343
2312,金寶,51,0,51,華南永昌-頭份,2023-09-15,9343
2891,中信金,43,1,42,華南永昌-頭份,2023-09-15,9343
00931B,統一美債20年,42,0,42,華南永昌-頭份,2023-09-15,9343
9103,美德醫療-DR,37,0,37,華南永昌-頭份,2023-09-15,9343
00919,群益台灣精選高息,77,42,35,華南永昌-頭份,2023-09-15,9343
2486,一詮,44,12,32,華南永昌-頭份,2023-09-15,9343
3363,上詮,59,29,30,華南永昌-頭份,2023-09-15,9343
3059,華晶科,22,0,22,華南永昌-頭份,2023-09-15,9343
2302,麗正,20,0,20,華南永昌-頭份,2023-09-15,9343
3163,波若威,47,30,17,華南永昌-頭份,2023-09-15,9343
00882,中信中國高股息,17,1,16,華南永昌-頭份,2023-09-15,9343
00918,大華優利高填息30,15,0,15,華南永昌-頭份,2023-09-15,9343
1809,中釉,15,0,15,華南永昌-頭份,2023-09-15,9343
4123,晟德,15,0,15,華南永昌-頭份,2023-09-15,9343
4945,陞達科技,15,0,15,華南永昌-頭份,2023-09-15,9343
6143,振曜,15,0,15,華南永昌-頭份,2023-09-15,9343
2017,官田鋼,15,3,12,華南永昌-頭份,2023-09-15,9343
6288,聯嘉,11,0,11,華南永昌-頭份,2023-09-15,9343
3035,智原,16,5,11,華南永昌-頭份,2023-09-15,9343
2329,華泰,18,7,11,華南永昌-頭份,2023-09-15,9343
5258,虹堡,12,1,11,華南永昌-頭份,2023-09-15,9343
00907,永豐優息存股,10,0,10,華南永昌-頭份,2023-09-15,9343
00715L,期街口布蘭特正2,10,0,10,華南永昌-頭份,2023-09-15,9343
3071,協禧,10,0,10,華南永昌-頭份,2023-09-15,9343
3704,合勤控,11,2,9,華南永昌-頭份,2023-09-15,9343
3308,聯德,8,0,8,華南永昌-頭份,2023-09-15,9343
4108,懷特,8,0,8,華南永昌-頭份,2023-09-15,9343
3706,神達,7,0,7,華南永昌-頭份,2023-09-15,9343
1313,聯成,7,0,7,華南永昌-頭份,2023-09-15,9343
00673R,期元大S＆P原油反1,12,5,7,華南永昌-頭份,2023-09-15,9343
2520,冠德,7,0,7,華南永昌-頭份,2023-09-15,9343
5880,合庫金,6,0,6,華南永昌-頭份,2023-09-15,9343
1802,台玻,7,1,6,華南永昌-頭份,2023-09-15,9343
3592,瑞鼎,6,0,6,華南永昌-頭份,2023-09-15,9343
2542,興富發,6,0,6,華南永昌-頭份,2023-09-15,9343
2609,陽明,83,77,6,華南永昌-頭份,2023-09-15,9343
5210,寶碩,6,0,6,華南永昌-頭份,2023-09-15,9343
6139,亞翔,6,0,6,華南永昌-頭份,2023-09-15,9343
6197,佳必琪,6,0,6,華南永昌-頭份,2023-09-15,9343
00631L,元大台灣50正2,7,1,6,華南永昌-頭份,2023-09-15,9343
2468,華經,5,0,5,華南永昌-頭份,2023-09-15,9343
2002,中鋼,10,5,5,華南永昌-頭份,2023-09-15,9343
00632R,元大台灣50反1,5,0,5,華南永昌-頭份,2023-09-15,9343
00637L,元大滬深300正2,7,2,5,華南永昌-頭份,2023-09-15,9343
1808,潤隆,5,0,5,華南永昌-頭份,2023-09-15,9343
00929,復華台灣科技優息,632,1,631,華南永昌-頭份,2023-09-18,9343
00919,群益台灣精選高息,185,60,125,華南永昌-頭份,2023-09-18,9343
2645,長榮航太,118,0,118,華南永昌-頭份,2023-09-18,9343
3122,笙泉,117,0,117,華南永昌-頭份,2023-09-18,9343
3419,譁裕,100,0,100,華南永昌-頭份,2023-09-18,9343
00878,國泰永續高股息,77,0,77,華南永昌-頭份,2023-09-18,9343
6120,達運,56,6,50,華南永昌-頭份,2023-09-18,9343
2363,矽統,77,40,37,華南永昌-頭份,2023-09-18,9343
00900,富邦特選高股息30,37,0,37,華南永昌-頭份,2023-09-18,9343
00882,中信中國高股息,30,0,30,華南永昌-頭份,2023-09-18,9343
3231,緯創,33,5,28,華南永昌-頭份,2023-09-18,9343
2303,聯電,30,2,28,華南永昌-頭份,2023-09-18,9343
3058,立德,30,5,25,華南永昌-頭份,2023-09-18,9343
2462,良得電,25,5,20,華南永昌-頭份,2023-09-18,9343
2636,台驊控股,20,0,20,華南永昌-頭份,2023-09-18,9343
3162,精確,20,0,20,華南永昌-頭份,2023-09-18,9343
2382,廣達,31,11,20,華南永昌-頭份,2023-09-18,9343
2610,華航,23,4,19,華南永昌-頭份,2023-09-18,9343
00918,大華優利高填息30,17,0,17,華南永昌-頭份,2023-09-18,9343
2605,新興,19,2,17,華南永昌-頭份,2023-09-18,9343
00687B,國泰20年美債,16,0,16,華南永昌-頭份,2023-09-18,9343
2838,聯邦銀,15,0,15,華南永昌-頭份,2023-09-18,9343
4979,華星光,18,3,15,華南永昌-頭份,2023-09-18,9343
2609,陽明,18,4,14,華南永昌-頭份,2023-09-18,9343
00679B,元大美債20年,21,7,14,華南永昌-頭份,2023-09-18,9343
2882,國泰金,15,1,14,華南永昌-頭份,2023-09-18,9343
00931B,統一美債20年,15,2,13,華南永昌-頭份,2023-09-18,9343
2356,英業達,13,1,12,華南永昌-頭份,2023-09-18,9343
3715,定穎投控,25,13,12,華南永昌-頭份,2023-09-18,9343
00772B,中信高評級公司債,11,0,11,華南永昌-頭份,2023-09-18,9343
1471,首利,22,11,11,華南永昌-頭份,2023-09-18,9343
3005,神基,11,0,11,華南永昌-頭份,2023-09-18,9343
1568,倉佑,10,0,10,華南永昌-頭份,2023-09-18,9343
1584,精剛,10,0,10,華南永昌-頭份,2023-09-18,9343
3207,耀勝,10,0,10,華南永昌-頭份,2023-09-18,9343
5258,虹堡,10,0,10,華南永昌-頭份,2023-09-18,9343
8996,高力,10,1,9,華南永昌-頭份,2023-09-18,9343
00720B,元大投資級公司債,8,0,8,華南永昌-頭份,2023-09-18,9343
2603,長榮,17,9,8,華南永昌-頭份,2023-09-18,9343
1605,華新,8,0,8,華南永昌-頭份,2023-09-18,9343
2387,精元,8,0,8,華南永昌-頭份,2023-09-18,9343
2516,新建,8,0,8,華南永昌-頭份,2023-09-18,9343
3264,欣銓,8,0,8,華南永昌-頭份,2023-09-18,9343
8112,至上,14,6,8,華南永昌-頭份,2023-09-18,9343
1301,台塑,7,0,7,華南永昌-頭份,2023-09-18,9343
00665L,富邦�琤肭磪囓�2,12,5,7,華南永昌-頭份,2023-09-18,9343
2337,旺宏,7,0,7,華南永昌-頭份,2023-09-18,9343
2449,京元電子,16,9,7,華南永昌-頭份,2023-09-18,9343
6213,聯茂,7,0,7,華南永昌-頭份,2023-09-18,9343
8016,矽創,8,1,7,華南永昌-頭份,2023-09-18,9343
00929,復華台灣科技優息,106,27,79,華南永昌-頭份,2023-09-19,9343
2392,正崴,80,1,79,華南永昌-頭份,2023-09-19,9343
2641,正德,49,0,49,華南永昌-頭份,2023-09-19,9343
00919,群益台灣精選高息,53,19,34,華南永昌-頭份,2023-09-19,9343
1584,精剛,30,3,27,華南永昌-頭份,2023-09-19,9343
2882,國泰金,24,0,24,華南永昌-頭份,2023-09-19,9343
2027,大成鋼,23,0,23,華南永昌-頭份,2023-09-19,9343
2618,長榮航,21,0,21,華南永昌-頭份,2023-09-19,9343
1514,亞力,28,7,21,華南永昌-頭份,2023-09-19,9343
2498,宏達電,20,0,20,華南永昌-頭份,2023-09-19,9343
3419,譁裕,20,0,20,華南永昌-頭份,2023-09-19,9343
6550,北極星藥業-KY,20,0,20,華南永昌-頭份,2023-09-19,9343
1529,樂事綠能,19,0,19,華南永昌-頭份,2023-09-19,9343
2610,華航,21,3,18,華南永昌-頭份,2023-09-19,9343
6213,聯茂,18,0,18,華南永昌-頭份,2023-09-19,9343
00878,國泰永續高股息,15,0,15,華南永昌-頭份,2023-09-19,9343
2204,中華,15,0,15,華南永昌-頭份,2023-09-19,9343
6120,達運,92,77,15,華南永昌-頭份,2023-09-19,9343
3163,波若威,22,9,13,華南永昌-頭份,2023-09-19,9343
4128,中天,13,0,13,華南永昌-頭份,2023-09-19,9343
00665L,富邦�琤肭磪囓�2,12,0,12,華南永昌-頭份,2023-09-19,9343
2867,三商壽,14,2,12,華南永昌-頭份,2023-09-19,9343
4533,協易機,12,0,12,華南永昌-頭份,2023-09-19,9343
6257,矽格,16,4,12,華南永昌-頭份,2023-09-19,9343
00921,兆豐龍頭等權重,10,0,10,華南永昌-頭份,2023-09-19,9343
2605,新興,14,4,10,華南永昌-頭份,2023-09-19,9343
2606,裕民,21,11,10,華南永昌-頭份,2023-09-19,9343
3308,聯德,13,3,10,華南永昌-頭份,2023-09-19,9343
6288,聯嘉,10,0,10,華南永昌-頭份,2023-09-19,9343
3231,緯創,40,31,9,華南永昌-頭份,2023-09-19,9343
2303,聯電,11,2,9,華南永昌-頭份,2023-09-19,9343
2329,華泰,11,2,9,華南永昌-頭份,2023-09-19,9343
2399,映泰,10,1,9,華南永昌-頭份,2023-09-19,9343
5258,虹堡,26,17,9,華南永昌-頭份,2023-09-19,9343
6672,騰輝電子-KY,9,0,9,華南永昌-頭份,2023-09-19,9343
2637,慧洋-KY,10,2,8,華南永昌-頭份,2023-09-19,9343
8068,全達,8,0,8,華南永昌-頭份,2023-09-19,9343
00631L,元大台灣50正2,7,0,7,華南永昌-頭份,2023-09-19,9343
1605,華新,10,3,7,華南永昌-頭份,2023-09-19,9343
3211,順達,7,0,7,華南永昌-頭份,2023-09-19,9343
3257,虹冠電,7,0,7,華南永昌-頭份,2023-09-19,9343
6477,安集,7,0,7,華南永昌-頭份,2023-09-19,9343
8050,廣積,7,0,7,華南永昌-頭份,2023-09-19,9343
00932,兆豐永續高息等權,6,0,6,華南永昌-頭份,2023-09-19,9343
2449,京元電子,16,10,6,華南永昌-頭份,2023-09-19,9343
4945,陞達科技,6,0,6,華南永昌-頭份,2023-09-19,9343
6274,台燿,36,30,6,華南永昌-頭份,2023-09-19,9343
8034,榮群,6,0,6,華南永昌-頭份,2023-09-19,9343
8046,南電,6,0,6,華南永昌-頭份,2023-09-19,9343
2838,聯邦銀,5,0,5,華南永昌-頭份,2023-09-19,9343
00929,復華台灣科技優息,286,34,252,華南永昌-頭份,2023-09-20,9343
2641,正德,82,3,79,華南永昌-頭份,2023-09-20,9343
00882,中信中國高股息,60,0,60,華南永昌-頭份,2023-09-20,9343
2368,金像電,71,14,57,華南永昌-頭份,2023-09-20,9343
00919,群益台灣精選高息,162,111,51,華南永昌-頭份,2023-09-20,9343
2201,裕隆,36,0,36,華南永昌-頭份,2023-09-20,9343
2884,玉山金,36,0,36,華南永昌-頭份,2023-09-20,9343
1101,台泥,36,0,36,華南永昌-頭份,2023-09-20,9343
2317,鴻海,35,0,35,華南永昌-頭份,2023-09-20,9343
2610,華航,32,0,32,華南永昌-頭份,2023-09-20,9343
3419,譁裕,30,0,30,華南永昌-頭份,2023-09-20,9343
6168,宏齊,32,3,29,華南永昌-頭份,2023-09-20,9343
3265,台星科,40,12,28,華南永昌-頭份,2023-09-20,9343
00900,富邦特選高股息30,26,1,25,華南永昌-頭份,2023-09-20,9343
2645,長榮航太,26,1,25,華南永昌-頭份,2023-09-20,9343
2417,圓剛,24,0,24,華南永昌-頭份,2023-09-20,9343
00878,國泰永續高股息,27,4,23,華南永昌-頭份,2023-09-20,9343
00671R,富邦NASDAQ反1,18,0,18,華南永昌-頭份,2023-09-20,9343
2377,微星,18,1,17,華南永昌-頭份,2023-09-20,9343
3231,緯創,43,27,16,華南永昌-頭份,2023-09-20,9343
2332,友訊,18,3,15,華南永昌-頭份,2023-09-20,9343
3322,建舜電,15,0,15,華南永昌-頭份,2023-09-20,9343
5258,虹堡,50,35,15,華南永昌-頭份,2023-09-20,9343
2388,威盛,26,12,14,華南永昌-頭份,2023-09-20,9343
5009,榮剛,14,0,14,華南永昌-頭份,2023-09-20,9343
2888,新光金,19,7,12,華南永昌-頭份,2023-09-20,9343
00753L,中信中國50正2,12,0,12,華南永昌-頭份,2023-09-20,9343
6288,聯嘉,11,0,11,華南永昌-頭份,2023-09-20,9343
2344,華邦電,13,2,11,華南永昌-頭份,2023-09-20,9343
2363,矽統,49,38,11,華南永昌-頭份,2023-09-20,9343
2367,燿華,59,49,10,華南永昌-頭份,2023-09-20,9343
2618,長榮航,10,0,10,華南永昌-頭份,2023-09-20,9343
3260,威剛,11,1,10,華南永昌-頭份,2023-09-20,9343
3709,鑫聯大投控,10,0,10,華南永昌-頭份,2023-09-20,9343
6197,佳必琪,20,10,10,華南永昌-頭份,2023-09-20,9343
2330,台積電,11,2,9,華南永昌-頭份,2023-09-20,9343
3706,神達,27,18,9,華南永昌-頭份,2023-09-20,9343
3715,定穎投控,52,43,9,華南永昌-頭份,2023-09-20,9343
6284,佳邦,10,2,8,華南永昌-頭份,2023-09-20,9343
00631L,元大台灣50正2,8,0,8,華南永昌-頭份,2023-09-20,9343
2436,偉詮電,8,0,8,華南永昌-頭份,2023-09-20,9343
3308,聯德,8,1,7,華南永昌-頭份,2023-09-20,9343
3450,聯鈞,9,2,7,華南永昌-頭份,2023-09-20,9343
8112,至上,12,5,7,華南永昌-頭份,2023-09-20,9343
2352,佳世達,11,5,6,華南永昌-頭份,2023-09-20,9343
1802,台玻,12,6,6,華南永昌-頭份,2023-09-20,9343
3338,泰碩,7,1,6,華南永昌-頭份,2023-09-20,9343
8183,精星,6,0,6,華南永昌-頭份,2023-09-20,9343
6531,愛普*,7,1,6,華南永昌-頭份,2023-09-20,9343
3481,群創,14,8,6,華南永昌-頭份,2023-09-20,9343
00919,群益台灣精選高息,78,0,78,華南永昌-頭份,2023-09-21,9343
00929,復華台灣科技優息,330,255,75,華南永昌-頭份,2023-09-21,9343
2884,玉山金,44,0,44,華南永昌-頭份,2023-09-21,9343
00878,國泰永續高股息,45,13,32,華南永昌-頭份,2023-09-21,9343
2610,華航,45,13,32,華南永昌-頭份,2023-09-21,9343
8068,全達,30,1,29,華南永昌-頭份,2023-09-21,9343
1905,華紙,25,0,25,華南永昌-頭份,2023-09-21,9343
2891,中信金,24,0,24,華南永昌-頭份,2023-09-21,9343
1304,台聚,20,0,20,華南永昌-頭份,2023-09-21,9343
9105,泰金寶-DR,20,0,20,華南永昌-頭份,2023-09-21,9343
00631L,元大台灣50正2,20,0,20,華南永昌-頭份,2023-09-21,9343
00900,富邦特選高股息30,17,0,17,華南永昌-頭份,2023-09-21,9343
3044,健鼎,17,0,17,華南永昌-頭份,2023-09-21,9343
2888,新光金,16,0,16,華南永昌-頭份,2023-09-21,9343
2354,鴻準,16,0,16,華南永昌-頭份,2023-09-21,9343
2330,台積電,16,1,15,華南永昌-頭份,2023-09-21,9343
2801,彰銀,15,0,15,華南永昌-頭份,2023-09-21,9343
8996,高力,15,0,15,華南永昌-頭份,2023-09-21,9343
1101,台泥,15,0,15,華南永昌-頭份,2023-09-21,9343
00713,元大台灣高息低波,14,0,14,華南永昌-頭份,2023-09-21,9343
2486,一詮,19,5,14,華南永昌-頭份,2023-09-21,9343
6288,聯嘉,14,0,14,華南永昌-頭份,2023-09-21,9343
5009,榮剛,13,0,13,華南永昌-頭份,2023-09-21,9343
00632R,元大台灣50反1,13,0,13,華南永昌-頭份,2023-09-21,9343
2344,華邦電,13,0,13,華南永昌-頭份,2023-09-21,9343
2834,臺企銀,13,0,13,華南永昌-頭份,2023-09-21,9343
0056,元大高股息,12,0,12,華南永昌-頭份,2023-09-21,9343
00637L,元大滬深300正2,14,2,12,華南永昌-頭份,2023-09-21,9343
6125,廣運,13,1,12,華南永昌-頭份,2023-09-21,9343
6456,GIS-KY,12,0,12,華南永昌-頭份,2023-09-21,9343
2201,裕隆,11,0,11,華南永昌-頭份,2023-09-21,9343
2618,長榮航,11,0,11,華南永昌-頭份,2023-09-21,9343
6153,嘉聯益,11,0,11,華南永昌-頭份,2023-09-21,9343
6415,矽力*-KY,11,0,11,華南永昌-頭份,2023-09-21,9343
2498,宏達電,10,0,10,華南永昌-頭份,2023-09-21,9343
2449,京元電子,30,20,10,華南永昌-頭份,2023-09-21,9343
3260,威剛,15,5,10,華南永昌-頭份,2023-09-21,9343
3419,譁裕,10,0,10,華南永昌-頭份,2023-09-21,9343
8088,品安,10,0,10,華南永昌-頭份,2023-09-21,9343
1313,聯成,9,0,9,華南永昌-頭份,2023-09-21,9343
2367,燿華,11,2,9,華南永昌-頭份,2023-09-21,9343
3016,嘉晶,11,2,9,華南永昌-頭份,2023-09-21,9343
3078,僑威,13,4,9,華南永昌-頭份,2023-09-21,9343
2002,中鋼,8,0,8,華南永昌-頭份,2023-09-21,9343
3037,欣興,8,0,8,華南永昌-頭份,2023-09-21,9343
2363,矽統,42,34,8,華南永昌-頭份,2023-09-21,9343
2436,偉詮電,10,2,8,華南永昌-頭份,2023-09-21,9343
6213,聯茂,8,0,8,華南永昌-頭份,2023-09-21,9343
4128,中天,9,1,8,華南永昌-頭份,2023-09-21,9343
1301,台塑,7,0,7,華南永昌-頭份,2023-09-21,9343
00665L,富邦�琤肭磪囓�2,141,0,141,華南永昌-頭份,2023-09-22,9343
6168,宏齊,94,0,94,華南永昌-頭份,2023-09-22,9343
3338,泰碩,73,2,71,華南永昌-頭份,2023-09-22,9343
6116,彩晶,70,0,70,華南永昌-頭份,2023-09-22,9343
2605,新興,54,3,51,華南永昌-頭份,2023-09-22,9343
3013,晟銘電,51,2,49,華南永昌-頭份,2023-09-22,9343
2023,燁輝,30,0,30,華南永昌-頭份,2023-09-22,9343
3035,智原,24,4,20,華南永昌-頭份,2023-09-22,9343
8064,東捷,22,2,20,華南永昌-頭份,2023-09-22,9343
2449,京元電子,24,5,19,華南永昌-頭份,2023-09-22,9343
2382,廣達,30,12,18,華南永昌-頭份,2023-09-22,9343
3322,建舜電,29,11,18,華南永昌-頭份,2023-09-22,9343
00679B,元大美債20年,18,1,17,華南永昌-頭份,2023-09-22,9343
2610,華航,18,1,17,華南永昌-頭份,2023-09-22,9343
2317,鴻海,16,0,16,華南永昌-頭份,2023-09-22,9343
2891,中信金,13,0,13,華南永昌-頭份,2023-09-22,9343
2538,基泰,11,0,11,華南永昌-頭份,2023-09-22,9343
2332,友訊,12,1,11,華南永昌-頭份,2023-09-22,9343
00931B,統一美債20年,13,3,10,華南永昌-頭份,2023-09-22,9343
00670L,富邦NASDAQ正2,10,0,10,華南永昌-頭份,2023-09-22,9343
3167,大量,10,0,10,華南永昌-頭份,2023-09-22,9343
6153,嘉聯益,12,2,10,華南永昌-頭份,2023-09-22,9343
00772B,中信高評級公司債,9,0,9,華南永昌-頭份,2023-09-22,9343
00687B,國泰20年美債,10,1,9,華南永昌-頭份,2023-09-22,9343
1584,精剛,14,5,9,華南永昌-頭份,2023-09-22,9343
00720B,元大投資級公司債,9,1,8,華南永昌-頭份,2023-09-22,9343
3450,聯鈞,12,4,8,華南永昌-頭份,2023-09-22,9343
5880,合庫金,7,0,7,華南永昌-頭份,2023-09-22,9343
00881,國泰台灣5G+,7,0,7,華南永昌-頭份,2023-09-22,9343
3207,耀勝,7,0,7,華南永昌-頭份,2023-09-22,9343
3264,欣銓,7,0,7,華南永昌-頭份,2023-09-22,9343
2330,台積電,7,0,7,華南永昌-頭份,2023-09-22,9343
1444,力麗,7,1,6,華南永昌-頭份,2023-09-22,9343
6456,GIS-KY,6,0,6,華南永昌-頭份,2023-09-22,9343
00919,群益台灣精選高息,5,0,5,華南永昌-頭份,2023-09-22,9343
2363,矽統,54,49,5,華南永昌-頭份,2023-09-22,9343
2376,技嘉,27,22,5,華南永昌-頭份,2023-09-22,9343
2801,彰銀,5,0,5,華南永昌-頭份,2023-09-22,9343
2820,華票,5,0,5,華南永昌-頭份,2023-09-22,9343
2890,永豐金,5,0,5,華南永昌-頭份,2023-09-22,9343
3576,聯合再生,5,0,5,華南永昌-頭份,2023-09-22,9343
3588,通嘉,5,0,5,華南永昌-頭份,2023-09-22,9343
6689,伊雲谷,5,0,5,華南永昌-頭份,2023-09-22,9343
8068,全達,5,0,5,華南永昌-頭份,2023-09-22,9343
8112,至上,10,5,5,華南永昌-頭份,2023-09-22,9343
3706,神達,12,7,5,華南永昌-頭份,2023-09-22,9343
2027,大成鋼,4,0,4,華南永昌-頭份,2023-09-22,9343
3037,欣興,6,2,4,華南永昌-頭份,2023-09-22,9343
2883,凱基金,4,0,4,華南永昌-頭份,2023-09-22,9343
00680L,元大美債20正2,4,0,4,華南永昌-頭份,2023-09-22,9343
2618,長榮航,116,0,116,華南永昌-頭份,2023-09-25,9343
3338,泰碩,82,0,82,華南永昌-頭份,2023-09-25,9343
2367,燿華,46,2,44,華南永昌-頭份,2023-09-25,9343
1101,台泥,33,0,33,華南永昌-頭份,2023-09-25,9343
00929,復華台灣科技優息,37,6,31,華南永昌-頭份,2023-09-25,9343
3615,安可,21,0,21,華南永昌-頭份,2023-09-25,9343
1815,富喬,25,7,18,華南永昌-頭份,2023-09-25,9343
2637,慧洋-KY,16,0,16,華南永昌-頭份,2023-09-25,9343
1809,中釉,15,0,15,華南永昌-頭份,2023-09-25,9343
00919,群益台灣精選高息,14,0,14,華南永昌-頭份,2023-09-25,9343
2468,華經,22,9,13,華南永昌-頭份,2023-09-25,9343
1409,新纖,13,0,13,華南永昌-頭份,2023-09-25,9343
00679B,元大美債20年,12,0,12,華南永昌-頭份,2023-09-25,9343
3037,欣興,16,4,12,華南永昌-頭份,2023-09-25,9343
2317,鴻海,12,0,12,華南永昌-頭份,2023-09-25,9343
2344,華邦電,11,0,11,華南永昌-頭份,2023-09-25,9343
2449,京元電子,11,0,11,華南永昌-頭份,2023-09-25,9343
2516,新建,11,0,11,華南永昌-頭份,2023-09-25,9343
2374,佳能,10,0,10,華南永昌-頭份,2023-09-25,9343
2606,裕民,10,0,10,華南永昌-頭份,2023-09-25,9343
3202,樺晟,10,0,10,華南永昌-頭份,2023-09-25,9343
5443,均豪,10,0,10,華南永昌-頭份,2023-09-25,9343
5880,合庫金,11,1,10,華南永昌-頭份,2023-09-25,9343
6150,撼訊,10,0,10,華南永昌-頭份,2023-09-25,9343
8064,東捷,10,0,10,華南永昌-頭份,2023-09-25,9343
2368,金像電,10,1,9,華南永昌-頭份,2023-09-25,9343
4147,中裕,12,3,9,華南永昌-頭份,2023-09-25,9343
6153,嘉聯益,11,2,9,華南永昌-頭份,2023-09-25,9343
2405,輔信,7,0,7,華南永昌-頭份,2023-09-25,9343
3481,群創,8,1,7,華南永昌-頭份,2023-09-25,9343
3567,逸昌,8,1,7,華南永昌-頭份,2023-09-25,9343
3706,神達,9,3,6,華南永昌-頭份,2023-09-25,9343
4155,訊映,6,0,6,華南永昌-頭份,2023-09-25,9343
2603,長榮,5,0,5,華南永昌-頭份,2023-09-25,9343
3003,健和興,5,0,5,華南永昌-頭份,2023-09-25,9343
6271,同欣電,5,0,5,華南永昌-頭份,2023-09-25,9343
6585,鼎基,5,0,5,華南永昌-頭份,2023-09-25,9343
2313,華通,13,9,4,華南永昌-頭份,2023-09-25,9343
2402,毅嘉,4,0,4,華南永昌-頭份,2023-09-25,9343
2542,興富發,6,2,4,華南永昌-頭份,2023-09-25,9343
3276,宇環,5,1,4,華南永昌-頭份,2023-09-25,9343
3346,麗清,4,0,4,華南永昌-頭份,2023-09-25,9343
4933,友輝,4,0,4,華南永昌-頭份,2023-09-25,9343
6118,建達,4,0,4,華南永昌-頭份,2023-09-25,9343
8121,越峰,4,0,4,華南永昌-頭份,2023-09-25,9343
3013,晟銘電,3,0,3,華南永昌-頭份,2023-09-25,9343
00909,國泰數位支付服務,3,0,3,華南永昌-頭份,2023-09-25,9343
2419,仲琦,4,1,3,華南永昌-頭份,2023-09-25,9343
2425,承啟,4,1,3,華南永昌-頭份,2023-09-25,9343
2436,偉詮電,3,0,3,華南永昌-頭份,2023-09-25,9343
2516,新建,100,0,100,華南永昌-頭份,2023-09-26,9343
2303,聯電,95,0,95,華南永昌-頭份,2023-09-26,9343
00878,國泰永續高股息,40,0,40,華南永昌-頭份,2023-09-26,9343
4533,協易機,40,0,40,華南永昌-頭份,2023-09-26,9343
00929,復華台灣科技優息,51,16,35,華南永昌-頭份,2023-09-26,9343
00900,富邦特選高股息30,31,0,31,華南永昌-頭份,2023-09-26,9343
2332,友訊,24,0,24,華南永昌-頭份,2023-09-26,9343
00679B,元大美債20年,24,0,24,華南永昌-頭份,2023-09-26,9343
1503,士電,24,1,23,華南永昌-頭份,2023-09-26,9343
00712,復華富時不動產,21,0,21,華南永昌-頭份,2023-09-26,9343
1524,耿鼎,27,6,21,華南永昌-頭份,2023-09-26,9343
2739,寒舍,20,0,20,華南永昌-頭份,2023-09-26,9343
5880,合庫金,19,0,19,華南永昌-頭份,2023-09-26,9343
3338,泰碩,21,2,19,華南永昌-頭份,2023-09-26,9343
00772B,中信高評級公司債,18,0,18,華南永昌-頭份,2023-09-26,9343
1312,國喬,18,0,18,華南永昌-頭份,2023-09-26,9343
2363,矽統,36,19,17,華南永昌-頭份,2023-09-26,9343
1612,宏泰,20,3,17,華南永昌-頭份,2023-09-26,9343
2344,華邦電,20,4,16,華南永昌-頭份,2023-09-26,9343
2880,華南金,15,0,15,華南永昌-頭份,2023-09-26,9343
1339,昭輝,24,9,15,華南永昌-頭份,2023-09-26,9343
1301,台塑,15,0,15,華南永昌-頭份,2023-09-26,9343
2852,第一保,15,0,15,華南永昌-頭份,2023-09-26,9343
1305,華夏,14,0,14,華南永昌-頭份,2023-09-26,9343
1522,堤維西,16,2,14,華南永昌-頭份,2023-09-26,9343
00931B,統一美債20年,13,0,13,華南永昌-頭份,2023-09-26,9343
2204,中華,18,5,13,華南永昌-頭份,2023-09-26,9343
3481,群創,43,31,12,華南永昌-頭份,2023-09-26,9343
00687B,國泰20年美債,12,0,12,華南永昌-頭份,2023-09-26,9343
4128,中天,12,0,12,華南永昌-頭份,2023-09-26,9343
00857B,永豐20年美公債,10,0,10,華南永昌-頭份,2023-09-26,9343
6284,佳邦,10,0,10,華南永昌-頭份,2023-09-26,9343
8112,至上,12,2,10,華南永昌-頭份,2023-09-26,9343
1584,精剛,13,3,10,華南永昌-頭份,2023-09-26,9343
3548,兆利,10,1,9,華南永昌-頭份,2023-09-26,9343
6139,亞翔,30,21,9,華南永昌-頭份,2023-09-26,9343
2801,彰銀,9,0,9,華南永昌-頭份,2023-09-26,9343
1101,台泥,9,0,9,華南永昌-頭份,2023-09-26,9343
2201,裕隆,8,0,8,華南永昌-頭份,2023-09-26,9343
3260,威剛,10,2,8,華南永昌-頭份,2023-09-26,9343
4157,太景*-KY,8,0,8,華南永昌-頭份,2023-09-26,9343
2330,台積電,8,0,8,華南永昌-頭份,2023-09-26,9343
00713,元大台灣高息低波,7,0,7,華南永昌-頭份,2023-09-26,9343
2352,佳世達,7,0,7,華南永昌-頭份,2023-09-26,9343
1303,南亞,7,0,7,華南永昌-頭份,2023-09-26,9343
00637L,元大滬深300正2,7,0,7,華南永昌-頭份,2023-09-26,9343
6770,力積電,7,0,7,華南永昌-頭份,2023-09-26,9343
00631L,元大台灣50正2,6,0,6,華南永昌-頭份,2023-09-26,9343
1815,富喬,11,5,6,華南永昌-頭份,2023-09-26,9343
2317,鴻海,6,0,6,華南永昌-頭份,2023-09-26,9343
00665L,富邦�琤肭磪囓�2,302,0,302,華南永昌-頭份,2023-09-27,9343
00632R,元大台灣50反1,211,0,211,華南永昌-頭份,2023-09-27,9343
2441,超豐,90,0,90,華南永昌-頭份,2023-09-27,9343
3264,欣銓,65,9,56,華南永昌-頭份,2023-09-27,9343
2436,偉詮電,51,2,49,華南永昌-頭份,2023-09-27,9343
2344,華邦電,45,0,45,華南永昌-頭份,2023-09-27,9343
2449,京元電子,55,11,44,華南永昌-頭份,2023-09-27,9343
3481,群創,41,1,40,華南永昌-頭份,2023-09-27,9343
6757,台灣虎航,40,0,40,華南永昌-頭份,2023-09-27,9343
00929,復華台灣科技優息,41,2,39,華南永昌-頭份,2023-09-27,9343
2313,華通,29,6,23,華南永昌-頭份,2023-09-27,9343
1560,中砂,25,2,23,華南永昌-頭份,2023-09-27,9343
2002,中鋼,22,0,22,華南永昌-頭份,2023-09-27,9343
2615,萬海,21,1,20,華南永昌-頭份,2023-09-27,9343
6143,振曜,20,0,20,華南永昌-頭份,2023-09-27,9343
6288,聯嘉,22,2,20,華南永昌-頭份,2023-09-27,9343
1301,台塑,19,0,19,華南永昌-頭份,2023-09-27,9343
2303,聯電,18,0,18,華南永昌-頭份,2023-09-27,9343
2388,威盛,34,16,18,華南永昌-頭份,2023-09-27,9343
2610,華航,18,0,18,華南永昌-頭份,2023-09-27,9343
00919,群益台灣精選高息,15,1,14,華南永昌-頭份,2023-09-27,9343
3078,僑威,20,7,13,華南永昌-頭份,2023-09-27,9343
00878,國泰永續高股息,15,3,12,華南永昌-頭份,2023-09-27,9343
1305,華夏,11,0,11,華南永昌-頭份,2023-09-27,9343
2605,新興,11,1,10,華南永昌-頭份,2023-09-27,9343
00674R,期元大S＆P黃金反1,10,0,10,華南永昌-頭份,2023-09-27,9343
1809,中釉,10,0,10,華南永昌-頭份,2023-09-27,9343
2353,宏��,10,0,10,華南永昌-頭份,2023-09-27,9343
5009,榮剛,10,0,10,華南永昌-頭份,2023-09-27,9343
6153,嘉聯益,10,0,10,華南永昌-頭份,2023-09-27,9343
00902,中信電池及儲能,9,0,9,華南永昌-頭份,2023-09-27,9343
3231,緯創,49,41,8,華南永昌-頭份,2023-09-27,9343
00720B,元大投資級公司債,8,0,8,華南永昌-頭份,2023-09-27,9343
8996,高力,12,4,8,華南永昌-頭份,2023-09-27,9343
00753L,中信中國50正2,7,0,7,華南永昌-頭份,2023-09-27,9343
6449,鈺邦,7,0,7,華南永昌-頭份,2023-09-27,9343
00631L,元大台灣50正2,6,0,6,華南永昌-頭份,2023-09-27,9343
1605,華新,6,0,6,華南永昌-頭份,2023-09-27,9343
2883,凱基金,6,0,6,華南永昌-頭份,2023-09-27,9343
00751B,元大AAA至A公司債,6,0,6,華南永昌-頭份,2023-09-27,9343
2618,長榮航,6,0,6,華南永昌-頭份,2023-09-27,9343
4155,訊映,6,0,6,華南永昌-頭份,2023-09-27,9343
6456,GIS-KY,7,1,6,華南永昌-頭份,2023-09-27,9343
8112,至上,7,1,6,華南永昌-頭份,2023-09-27,9343
2542,興富發,5,0,5,華南永昌-頭份,2023-09-27,9343
00896,中信綠能及電動車,5,0,5,華南永昌-頭份,2023-09-27,9343
2834,臺企銀,5,0,5,華南永昌-頭份,2023-09-27,9343
3322,建舜電,5,0,5,華南永昌-頭份,2023-09-27,9343
3362,先進光,6,1,5,華南永昌-頭份,2023-09-27,9343
3498,陽程,5,0,5,華南永昌-頭份,2023-09-27,9343
9105,泰金寶-DR,138,0,138,華南永昌-頭份,2023-09-28,9343
2201,裕隆,62,0,62,華南永昌-頭份,2023-09-28,9343
2880,華南金,58,0,58,華南永昌-頭份,2023-09-28,9343
6550,北極星藥業-KY,51,0,51,華南永昌-頭份,2023-09-28,9343
00931B,統一美債20年,50,0,50,華南永昌-頭份,2023-09-28,9343
00929,復華台灣科技優息,51,1,50,華南永昌-頭份,2023-09-28,9343
2436,偉詮電,34,2,32,華南永昌-頭份,2023-09-28,9343
3548,兆利,34,4,30,華南永昌-頭份,2023-09-28,9343
6122,擎邦,30,0,30,華南永昌-頭份,2023-09-28,9343
2516,新建,26,0,26,華南永昌-頭份,2023-09-28,9343
2355,敬鵬,22,0,22,華南永昌-頭份,2023-09-28,9343
00720B,元大投資級公司債,22,0,22,華南永昌-頭份,2023-09-28,9343
2888,新光金,20,0,20,華南永昌-頭份,2023-09-28,9343
8088,品安,28,8,20,華南永昌-頭份,2023-09-28,9343
1314,中石化,28,8,20,華南永昌-頭份,2023-09-28,9343
3231,緯創,75,57,18,華南永昌-頭份,2023-09-28,9343
00712,復華富時不動產,15,0,15,華南永昌-頭份,2023-09-28,9343
3715,定穎投控,36,22,14,華南永昌-頭份,2023-09-28,9343
2337,旺宏,14,0,14,華南永昌-頭份,2023-09-28,9343
2906,高林,13,0,13,華南永昌-頭份,2023-09-28,9343
3338,泰碩,12,0,12,華南永昌-頭份,2023-09-28,9343
2401,凌陽,11,0,11,華南永昌-頭份,2023-09-28,9343
6418,詠昇,13,2,11,華南永昌-頭份,2023-09-28,9343
00772B,中信高評級公司債,10,0,10,華南永昌-頭份,2023-09-28,9343
2332,友訊,10,0,10,華南永昌-頭份,2023-09-28,9343
2367,燿華,10,0,10,華南永昌-頭份,2023-09-28,9343
2374,佳能,10,0,10,華南永昌-頭份,2023-09-28,9343
2408,南亞科,11,1,10,華南永昌-頭份,2023-09-28,9343
2838,聯邦銀,10,0,10,華南永昌-頭份,2023-09-28,9343
4906,正文,10,0,10,華南永昌-頭份,2023-09-28,9343
00878,國泰永續高股息,10,1,9,華南永昌-頭份,2023-09-28,9343
3363,上詮,13,4,9,華南永昌-頭份,2023-09-28,9343
2610,華航,8,0,8,華南永昌-頭份,2023-09-28,9343
1471,首利,10,2,8,華南永昌-頭份,2023-09-28,9343
2409,友達,8,0,8,華南永昌-頭份,2023-09-28,9343
2419,仲琦,9,1,8,華南永昌-頭份,2023-09-28,9343
3260,威剛,12,4,8,華南永昌-頭份,2023-09-28,9343
6288,聯嘉,10,2,8,華南永昌-頭份,2023-09-28,9343
6901,鑽石投資,8,0,8,華南永昌-頭份,2023-09-28,9343
3481,群創,7,0,7,華南永昌-頭份,2023-09-28,9343
2344,華邦電,12,5,7,華南永昌-頭份,2023-09-28,9343
4908,前鼎,8,1,7,華南永昌-頭份,2023-09-28,9343
5258,虹堡,10,3,7,華南永昌-頭份,2023-09-28,9343
2014,中鴻,10,4,6,華南永昌-頭份,2023-09-28,9343
3276,宇環,7,1,6,華南永昌-頭份,2023-09-28,9343
6263,普萊德,6,0,6,華南永昌-頭份,2023-09-28,9343
6284,佳邦,6,0,6,華南永昌-頭份,2023-09-28,9343
2317,鴻海,5,0,5,華南永昌-頭份,2023-09-28,9343
3056,富華新,5,0,5,華南永昌-頭份,2023-09-28,9343
1229,聯華,5,0,5,華南永昌-頭份,2023-09-28,9343
00715L,期街口布蘭特正2,165,0,165,華南永昌-頭份,2023-10-02,9343
00931B,統一美債20年,50,0,50,華南永昌-頭份,2023-10-02,9343
1609,大亞,65,20,45,華南永昌-頭份,2023-10-02,9343
2317,鴻海,18,0,18,華南永昌-頭份,2023-10-02,9343
00900,富邦特選高股息30,21,4,17,華南永昌-頭份,2023-10-02,9343
00878,國泰永續高股息,21,4,17,華南永昌-頭份,2023-10-02,9343
2204,中華,17,0,17,華南永昌-頭份,2023-10-02,9343
00919,群益台灣精選高息,15,0,15,華南永昌-頭份,2023-10-02,9343
2516,新建,14,0,14,華南永昌-頭份,2023-10-02,9343
2301,光寶科,16,4,12,華南永昌-頭份,2023-10-02,9343
2888,新光金,11,0,11,華南永昌-頭份,2023-10-02,9343
3450,聯鈞,15,4,11,華南永昌-頭份,2023-10-02,9343
5258,虹堡,51,40,11,華南永昌-頭份,2023-10-02,9343
6901,鑽石投資,16,5,11,華南永昌-頭份,2023-10-02,9343
3105,穩懋,10,0,10,華南永昌-頭份,2023-10-02,9343
00674R,期元大S＆P黃金反1,10,0,10,華南永昌-頭份,2023-10-02,9343
00725B,國泰投資級公司債,10,0,10,華南永昌-頭份,2023-10-02,9343
1802,台玻,10,0,10,華南永昌-頭份,2023-10-02,9343
2405,輔信,11,1,10,華南永昌-頭份,2023-10-02,9343
2542,興富發,10,0,10,華南永昌-頭份,2023-10-02,9343
2880,華南金,10,0,10,華南永昌-頭份,2023-10-02,9343
3006,晶豪科,10,0,10,華南永昌-頭份,2023-10-02,9343
3715,定穎投控,41,31,10,華南永昌-頭份,2023-10-02,9343
00772B,中信高評級公司債,9,0,9,華南永昌-頭份,2023-10-02,9343
2368,金像電,11,2,9,華南永昌-頭份,2023-10-02,9343
5483,中美晶,10,1,9,華南永昌-頭份,2023-10-02,9343
2002,中鋼,15,6,9,華南永昌-頭份,2023-10-02,9343
00720B,元大投資級公司債,8,0,8,華南永昌-頭份,2023-10-02,9343
2609,陽明,10,2,8,華南永昌-頭份,2023-10-02,9343
3035,智原,9,1,8,華南永昌-頭份,2023-10-02,9343
3322,建舜電,8,1,7,華南永昌-頭份,2023-10-02,9343
6128,上福,7,0,7,華南永昌-頭份,2023-10-02,9343
6275,元山,9,2,7,華南永昌-頭份,2023-10-02,9343
8074,鉅橡,7,0,7,華南永昌-頭份,2023-10-02,9343
8210,勤誠,19,12,7,華南永昌-頭份,2023-10-02,9343
1809,中釉,6,0,6,華南永昌-頭份,2023-10-02,9343
2425,承啟,10,4,6,華南永昌-頭份,2023-10-02,9343
3325,旭品,12,6,6,華南永昌-頭份,2023-10-02,9343
8936,國統,6,0,6,華南永昌-頭份,2023-10-02,9343
3363,上詮,14,8,6,華南永昌-頭份,2023-10-02,9343
2363,矽統,29,24,5,華南永昌-頭份,2023-10-02,9343
1305,華夏,5,0,5,華南永昌-頭份,2023-10-02,9343
2201,裕隆,5,0,5,華南永昌-頭份,2023-10-02,9343
3038,全台,5,0,5,華南永昌-頭份,2023-10-02,9343
3704,合勤控,7,2,5,華南永昌-頭份,2023-10-02,9343
4906,正文,5,0,5,華南永昌-頭份,2023-10-02,9343
4908,前鼎,10,5,5,華南永昌-頭份,2023-10-02,9343
6418,詠昇,8,3,5,華南永昌-頭份,2023-10-02,9343
6533,晶心科,5,0,5,華南永昌-頭份,2023-10-02,9343
6672,騰輝電子-KY,6,1,5,華南永昌-頭份,2023-10-02,9343
2409,友達,117,5,112,華南永昌-頭份,2023-10-03,9343
1524,耿鼎,101,0,101,華南永昌-頭份,2023-10-03,9343
00929,復華台灣科技優息,100,0,100,華南永昌-頭份,2023-10-03,9343
00922,國泰台灣領袖50,50,0,50,華南永昌-頭份,2023-10-03,9343
6282,康舒,47,9,38,華南永昌-頭份,2023-10-03,9343
2367,燿華,37,3,34,華南永昌-頭份,2023-10-03,9343
2388,威盛,41,8,33,華南永昌-頭份,2023-10-03,9343
3325,旭品,59,28,31,華南永昌-頭份,2023-10-03,9343
2390,云辰,30,0,30,華南永昌-頭份,2023-10-03,9343
3702,大聯大,30,0,30,華南永昌-頭份,2023-10-03,9343
3231,緯創,38,15,23,華南永昌-頭份,2023-10-03,9343
00720B,元大投資級公司債,21,0,21,華南永昌-頭份,2023-10-03,9343
2615,萬海,22,2,20,華南永昌-頭份,2023-10-03,9343
00673R,期元大S＆P原油反1,20,0,20,華南永昌-頭份,2023-10-03,9343
1560,中砂,16,0,16,華南永昌-頭份,2023-10-03,9343
5880,合庫金,15,0,15,華南永昌-頭份,2023-10-03,9343
00712,復華富時不動產,15,0,15,華南永昌-頭份,2023-10-03,9343
2206,三陽工業,16,1,15,華南永昌-頭份,2023-10-03,9343
2002,中鋼,13,0,13,華南永昌-頭份,2023-10-03,9343
5258,虹堡,13,0,13,華南永昌-頭份,2023-10-03,9343
2449,京元電子,12,0,12,華南永昌-頭份,2023-10-03,9343
8112,至上,12,0,12,華南永昌-頭份,2023-10-03,9343
2618,長榮航,11,0,11,華南永昌-頭份,2023-10-03,9343
2884,玉山金,11,0,11,華南永昌-頭份,2023-10-03,9343
0056,元大高股息,10,0,10,華南永昌-頭份,2023-10-03,9343
00900,富邦特選高股息30,10,0,10,華南永昌-頭份,2023-10-03,9343
3059,華晶科,10,0,10,華南永昌-頭份,2023-10-03,9343
6284,佳邦,10,0,10,華南永昌-頭份,2023-10-03,9343
6451,訊芯-KY,11,1,10,華南永昌-頭份,2023-10-03,9343
2736,富野,10,0,10,華南永昌-頭份,2023-10-03,9343
8088,品安,15,5,10,華南永昌-頭份,2023-10-03,9343
1605,華新,9,0,9,華南永昌-頭份,2023-10-03,9343
00637L,元大滬深300正2,10,2,8,華南永昌-頭份,2023-10-03,9343
00753L,中信中國50正2,8,0,8,華南永昌-頭份,2023-10-03,9343
00885,富邦越南,8,0,8,華南永昌-頭份,2023-10-03,9343
2332,友訊,11,3,8,華南永昌-頭份,2023-10-03,9343
2405,輔信,8,0,8,華南永昌-頭份,2023-10-03,9343
3013,晟銘電,13,5,8,華南永昌-頭份,2023-10-03,9343
3481,群創,9,1,8,華南永昌-頭份,2023-10-03,9343
8074,鉅橡,8,0,8,華南永昌-頭份,2023-10-03,9343
2888,新光金,7,0,7,華南永昌-頭份,2023-10-03,9343
00919,群益台灣精選高息,10,3,7,華南永昌-頭份,2023-10-03,9343
00907,永豐優息存股,7,0,7,華南永昌-頭份,2023-10-03,9343
1305,華夏,11,4,7,華南永昌-頭份,2023-10-03,9343
3163,波若威,15,8,7,華南永昌-頭份,2023-10-03,9343
3580,友威科,8,1,7,華南永昌-頭份,2023-10-03,9343
00888,永豐台灣ESG,6,0,6,華南永昌-頭份,2023-10-03,9343
3032,偉訓,13,7,6,華南永昌-頭份,2023-10-03,9343
3078,僑威,11,5,6,華南永昌-頭份,2023-10-03,9343
3162,精確,6,0,6,華南永昌-頭份,2023-10-03,9343
00632R,元大台灣50反1,58,4,54,華南永昌-頭份,2023-10-04,9343
00922,國泰台灣領袖50,53,0,53,華南永昌-頭份,2023-10-04,9343
6168,宏齊,32,0,32,華南永昌-頭份,2023-10-04,9343
00720B,元大投資級公司債,31,0,31,華南永昌-頭份,2023-10-04,9343
2528,皇普,30,0,30,華南永昌-頭份,2023-10-04,9343
5371,中光電,30,0,30,華南永昌-頭份,2023-10-04,9343
8110,華東,30,0,30,華南永昌-頭份,2023-10-04,9343
2884,玉山金,29,0,29,華南永昌-頭份,2023-10-04,9343
00929,復華台灣科技優息,28,0,28,華南永昌-頭份,2023-10-04,9343
2303,聯電,28,1,27,華南永昌-頭份,2023-10-04,9343
2887,台新金,26,0,26,華南永昌-頭份,2023-10-04,9343
1802,台玻,23,1,22,華南永昌-頭份,2023-10-04,9343
1909,榮成,22,0,22,華南永昌-頭份,2023-10-04,9343
2332,友訊,20,0,20,華南永昌-頭份,2023-10-04,9343
2353,宏��,25,6,19,華南永昌-頭份,2023-10-04,9343
3702,大聯大,22,3,19,華南永昌-頭份,2023-10-04,9343
0056,元大高股息,17,0,17,華南永昌-頭份,2023-10-04,9343
3521,鴻翊,17,0,17,華南永昌-頭份,2023-10-04,9343
5880,合庫金,16,0,16,華南永昌-頭份,2023-10-04,9343
2002,中鋼,22,6,16,華南永昌-頭份,2023-10-04,9343
1303,南亞,15,0,15,華南永昌-頭份,2023-10-04,9343
1905,華紙,15,0,15,華南永昌-頭份,2023-10-04,9343
2382,廣達,37,23,14,華南永昌-頭份,2023-10-04,9343
00637L,元大滬深300正2,16,2,14,華南永昌-頭份,2023-10-04,9343
00712,復華富時不動產,34,20,14,華南永昌-頭份,2023-10-04,9343
00772B,中信高評級公司債,13,0,13,華南永昌-頭份,2023-10-04,9343
6139,亞翔,18,5,13,華南永昌-頭份,2023-10-04,9343
2201,裕隆,12,0,12,華南永昌-頭份,2023-10-04,9343
2888,新光金,11,0,11,華南永昌-頭份,2023-10-04,9343
2618,長榮航,21,10,11,華南永昌-頭份,2023-10-04,9343
4726,永昕,11,0,11,華南永昌-頭份,2023-10-04,9343
2330,台積電,11,0,11,華南永昌-頭份,2023-10-04,9343
1809,中釉,10,0,10,華南永昌-頭份,2023-10-04,9343
2368,金像電,11,1,10,華南永昌-頭份,2023-10-04,9343
6122,擎邦,10,0,10,華南永昌-頭份,2023-10-04,9343
6153,嘉聯益,10,0,10,華南永昌-頭份,2023-10-04,9343
2892,第一金,9,0,9,華南永昌-頭份,2023-10-04,9343
00633L,富邦上証正2,9,0,9,華南永昌-頭份,2023-10-04,9343
2324,仁寶,10,1,9,華南永昌-頭份,2023-10-04,9343
2603,長榮,11,2,9,華南永昌-頭份,2023-10-04,9343
6116,彩晶,9,0,9,華南永昌-頭份,2023-10-04,9343
00631L,元大台灣50正2,8,0,8,華南永昌-頭份,2023-10-04,9343
3715,定穎投控,38,30,8,華南永昌-頭份,2023-10-04,9343
00715L,期街口布蘭特正2,9,1,8,華南永昌-頭份,2023-10-04,9343
00931B,統一美債20年,8,0,8,華南永昌-頭份,2023-10-04,9343
00919,群益台灣精選高息,8,0,8,華南永昌-頭份,2023-10-04,9343
2891,中信金,8,0,8,華南永昌-頭份,2023-10-04,9343
2352,佳世達,8,1,7,華南永昌-頭份,2023-10-04,9343
1313,聯成,7,0,7,華南永昌-頭份,2023-10-04,9343
3707,漢磊,7,0,7,華南永昌-頭份,2023-10-04,9343
00715L,期街口布蘭特正2,128,9,119,華南永昌-頭份,2023-10-05,9343
00712,復華富時不動產,36,0,36,華南永昌-頭份,2023-10-05,9343
3363,上詮,41,13,28,華南永昌-頭份,2023-10-05,9343
3548,兆利,33,5,28,華南永昌-頭份,2023-10-05,9343
6120,達運,51,23,28,華南永昌-頭份,2023-10-05,9343
3231,緯創,32,7,25,華南永昌-頭份,2023-10-05,9343
2405,輔信,26,5,21,華南永昌-頭份,2023-10-05,9343
8011,台通,20,0,20,華南永昌-頭份,2023-10-05,9343
3059,華晶科,20,1,19,華南永昌-頭份,2023-10-05,9343
00919,群益台灣精選高息,16,0,16,華南永昌-頭份,2023-10-05,9343
2610,華航,24,8,16,華南永昌-頭份,2023-10-05,9343
1815,富喬,34,19,15,華南永昌-頭份,2023-10-05,9343
5230,雷笛克光學,15,0,15,華南永昌-頭份,2023-10-05,9343
6288,聯嘉,17,3,14,華南永昌-頭份,2023-10-05,9343
2388,威盛,17,3,14,華南永昌-頭份,2023-10-05,9343
4979,華星光,17,3,14,華南永昌-頭份,2023-10-05,9343
2201,裕隆,15,1,14,華南永昌-頭份,2023-10-05,9343
1519,華城,17,4,13,華南永昌-頭份,2023-10-05,9343
2618,長榮航,15,3,12,華南永昌-頭份,2023-10-05,9343
2367,燿華,11,0,11,華南永昌-頭份,2023-10-05,9343
2206,三陽工業,10,0,10,華南永昌-頭份,2023-10-05,9343
2614,東森,10,0,10,華南永昌-頭份,2023-10-05,9343
3419,譁裕,10,0,10,華南永昌-頭份,2023-10-05,9343
6125,廣運,12,2,10,華南永昌-頭份,2023-10-05,9343
6182,合晶,10,0,10,華南永昌-頭份,2023-10-05,9343
3715,定穎投控,40,31,9,華南永昌-頭份,2023-10-05,9343
1909,榮成,10,1,9,華南永昌-頭份,2023-10-05,9343
5272,笙科,11,2,9,華南永昌-頭份,2023-10-05,9343
6108,競國,10,1,9,華南永昌-頭份,2023-10-05,9343
1524,耿鼎,13,5,8,華南永昌-頭份,2023-10-05,9343
00679B,元大美債20年,8,0,8,華南永昌-頭份,2023-10-05,9343
2303,聯電,10,2,8,華南永昌-頭份,2023-10-05,9343
2365,昆盈,12,4,8,華南永昌-頭份,2023-10-05,9343
3265,台星科,13,5,8,華南永昌-頭份,2023-10-05,9343
1303,南亞,7,0,7,華南永昌-頭份,2023-10-05,9343
3044,健鼎,9,2,7,華南永昌-頭份,2023-10-05,9343
3481,群創,8,1,7,華南永昌-頭份,2023-10-05,9343
4533,協易機,5,0,5,華南永昌-頭份,2023-10-05,9343
2441,超豐,5,0,5,華南永昌-頭份,2023-10-05,9343
2538,基泰,8,3,5,華南永昌-頭份,2023-10-05,9343
2816,旺旺保,5,0,5,華南永昌-頭份,2023-10-05,9343
3162,精確,5,0,5,華南永昌-頭份,2023-10-05,9343
3531,先益,5,0,5,華南永昌-頭份,2023-10-05,9343
6451,訊芯-KY,15,10,5,華南永昌-頭份,2023-10-05,9343
8210,勤誠,9,4,5,華南永昌-頭份,2023-10-05,9343
0056,元大高股息,10,6,4,華南永昌-頭份,2023-10-05,9343
2329,華泰,5,1,4,華南永昌-頭份,2023-10-05,9343
2368,金像電,6,2,4,華南永昌-頭份,2023-10-05,9343
2427,三商電,4,0,4,華南永昌-頭份,2023-10-05,9343
5381,合正,6,2,4,華南永昌-頭份,2023-10-05,9343
2618,長榮航,105,2,103,華南永昌-頭份,2023-10-06,9343
3481,群創,74,3,71,華南永昌-頭份,2023-10-06,9343
00929,復華台灣科技優息,69,3,66,華南永昌-頭份,2023-10-06,9343
00885,富邦越南,61,0,61,華南永昌-頭份,2023-10-06,9343
2442,新美齊,61,3,58,華南永昌-頭份,2023-10-06,9343
00632R,元大台灣50反1,50,0,50,華南永昌-頭份,2023-10-06,9343
00878,國泰永續高股息,51,14,37,華南永昌-頭份,2023-10-06,9343
9105,泰金寶-DR,32,0,32,華南永昌-頭份,2023-10-06,9343
00919,群益台灣精選高息,30,2,28,華南永昌-頭份,2023-10-06,9343
2453,凌群,23,0,23,華南永昌-頭份,2023-10-06,9343
00712,復華富時不動產,21,0,21,華南永昌-頭份,2023-10-06,9343
00665L,富邦�琤肭磪囓�2,20,2,18,華南永昌-頭份,2023-10-06,9343
2427,三商電,19,2,17,華南永昌-頭份,2023-10-06,9343
00637L,元大滬深300正2,20,4,16,華南永昌-頭份,2023-10-06,9343
1305,華夏,10,0,10,華南永昌-頭份,2023-10-06,9343
3231,緯創,30,21,9,華南永昌-頭份,2023-10-06,9343
00688L,國泰20年美債正2,9,0,9,華南永昌-頭份,2023-10-06,9343
2206,三陽工業,8,0,8,華南永昌-頭份,2023-10-06,9343
6477,安集,8,0,8,華南永昌-頭份,2023-10-06,9343
1611,中電,6,0,6,華南永昌-頭份,2023-10-06,9343
00720B,元大投資級公司債,5,0,5,華南永昌-頭份,2023-10-06,9343
1314,中石化,10,5,5,華南永昌-頭份,2023-10-06,9343
00888,永豐台灣ESG,5,0,5,華南永昌-頭份,2023-10-06,9343
00773B,中信優先金融債,5,0,5,華南永昌-頭份,2023-10-06,9343
2313,華通,7,2,5,華南永昌-頭份,2023-10-06,9343
2354,鴻準,6,1,5,華南永昌-頭份,2023-10-06,9343
5258,虹堡,35,30,5,華南永昌-頭份,2023-10-06,9343
6122,擎邦,6,1,5,華南永昌-頭份,2023-10-06,9343
6191,精成科,10,5,5,華南永昌-頭份,2023-10-06,9343
6535,順藥,5,0,5,華南永昌-頭份,2023-10-06,9343
8086,宏捷科,7,2,5,華南永昌-頭份,2023-10-06,9343
00679B,元大美債20年,4,0,4,華南永昌-頭份,2023-10-06,9343
1440,南紡,4,0,4,華南永昌-頭份,2023-10-06,9343
2399,映泰,5,1,4,華南永昌-頭份,2023-10-06,9343
2493,揚博,4,0,4,華南永昌-頭份,2023-10-06,9343
3014,聯陽,8,4,4,華南永昌-頭份,2023-10-06,9343
3276,宇環,15,11,4,華南永昌-頭份,2023-10-06,9343
6901,鑽石投資,9,5,4,華南永昌-頭份,2023-10-06,9343
2316,楠梓電,3,0,3,華南永昌-頭份,2023-10-06,9343
2609,陽明,5,2,3,華南永昌-頭份,2023-10-06,9343
2388,威盛,4,1,3,華南永昌-頭份,2023-10-06,9343
2401,凌陽,4,1,3,華南永昌-頭份,2023-10-06,9343
2457,飛宏,3,0,3,華南永昌-頭份,2023-10-06,9343
2465,麗臺,3,0,3,華南永昌-頭份,2023-10-06,9343
2610,華航,4,1,3,華南永昌-頭份,2023-10-06,9343
2641,正德,4,1,3,華南永昌-頭份,2023-10-06,9343
2880,華南金,5,2,3,華南永昌-頭份,2023-10-06,9343
3325,旭品,18,15,3,華南永昌-頭份,2023-10-06,9343
3419,譁裕,3,0,3,華南永昌-頭份,2023-10-06,9343
5426,振發,3,0,3,華南永昌-頭份,2023-10-06,9343
00673R,期元大S＆P原油反1,304,0,304,華南永昌-頭份,2023-10-11,9343
1802,台玻,102,2,100,華南永昌-頭份,2023-10-11,9343
5371,中光電,70,0,70,華南永昌-頭份,2023-10-11,9343
3231,緯創,132,80,52,華南永昌-頭份,2023-10-11,9343
3481,群創,50,0,50,華南永昌-頭份,2023-10-11,9343
5258,虹堡,53,4,49,華南永昌-頭份,2023-10-11,9343
4904,遠傳,50,2,48,華南永昌-頭份,2023-10-11,9343
2002,中鋼,40,0,40,華南永昌-頭份,2023-10-11,9343
00632R,元大台灣50反1,100,70,30,華南永昌-頭份,2023-10-11,9343
6168,宏齊,30,0,30,華南永昌-頭份,2023-10-11,9343
3162,精確,27,0,27,華南永昌-頭份,2023-10-11,9343
1721,三晃,25,0,25,華南永昌-頭份,2023-10-11,9343
2605,新興,26,4,22,華南永昌-頭份,2023-10-11,9343
1905,華紙,21,0,21,華南永昌-頭份,2023-10-11,9343
2892,第一金,21,1,20,華南永昌-頭份,2023-10-11,9343
2465,麗臺,25,5,20,華南永昌-頭份,2023-10-11,9343
2618,長榮航,18,0,18,華南永昌-頭份,2023-10-11,9343
00904,新光臺灣半導體30,17,0,17,華南永昌-頭份,2023-10-11,9343
2609,陽明,16,0,16,華南永昌-頭份,2023-10-11,9343
3706,神達,16,0,16,華南永昌-頭份,2023-10-11,9343
6288,聯嘉,17,1,16,華南永昌-頭份,2023-10-11,9343
1312,國喬,15,0,15,華南永昌-頭份,2023-10-11,9343
3390,旭軟,15,0,15,華南永昌-頭份,2023-10-11,9343
8088,品安,15,1,14,華南永昌-頭份,2023-10-11,9343
2405,輔信,18,4,14,華南永昌-頭份,2023-10-11,9343
3308,聯德,15,2,13,華南永昌-頭份,2023-10-11,9343
3715,定穎投控,58,46,12,華南永昌-頭份,2023-10-11,9343
2603,長榮,11,0,11,華南永昌-頭份,2023-10-11,9343
2329,華泰,12,1,11,華南永昌-頭份,2023-10-11,9343
2425,承啟,24,13,11,華南永昌-頭份,2023-10-11,9343
3419,譁裕,11,0,11,華南永昌-頭份,2023-10-11,9343
4157,太景*-KY,11,0,11,華南永昌-頭份,2023-10-11,9343
6125,廣運,18,7,11,華南永昌-頭份,2023-10-11,9343
6274,台燿,15,4,11,華南永昌-頭份,2023-10-11,9343
00713,元大台灣高息低波,20,10,10,華南永昌-頭份,2023-10-11,9343
2367,燿華,10,0,10,華南永昌-頭份,2023-10-11,9343
3062,建漢,19,9,10,華南永昌-頭份,2023-10-11,9343
3207,耀勝,10,0,10,華南永昌-頭份,2023-10-11,9343
4128,中天,11,1,10,華南永昌-頭份,2023-10-11,9343
6197,佳必琪,17,7,10,華南永昌-頭份,2023-10-11,9343
6477,安集,10,0,10,華南永昌-頭份,2023-10-11,9343
8110,華東,10,0,10,華南永昌-頭份,2023-10-11,9343
2610,華航,10,1,9,華南永昌-頭份,2023-10-11,9343
00708L,期元大S＆P黃金正2,8,0,8,華南永昌-頭份,2023-10-11,9343
1909,榮成,10,2,8,華南永昌-頭份,2023-10-11,9343
3705,永信,8,0,8,華南永昌-頭份,2023-10-11,9343
6117,迎廣,8,0,8,華南永昌-頭份,2023-10-11,9343
2436,偉詮電,9,1,8,華南永昌-頭份,2023-10-11,9343
1305,華夏,7,0,7,華南永昌-頭份,2023-10-11,9343
2634,漢翔,8,1,7,華南永昌-頭份,2023-10-11,9343
4904,遠傳,60,0,60,華南永昌-頭份,2023-10-12,9343
00919,群益台灣精選高息,81,25,56,華南永昌-頭份,2023-10-12,9343
3163,波若威,62,11,51,華南永昌-頭份,2023-10-12,9343
00673R,期元大S＆P原油反1,50,0,50,華南永昌-頭份,2023-10-12,9343
2886,兆豐金,50,1,49,華南永昌-頭份,2023-10-12,9343
00922,國泰台灣領袖50,33,3,30,華南永昌-頭份,2023-10-12,9343
6901,鑽石投資,30,0,30,華南永昌-頭份,2023-10-12,9343
1721,三晃,20,0,20,華南永昌-頭份,2023-10-12,9343
3260,威剛,35,15,20,華南永昌-頭份,2023-10-12,9343
8121,越峰,20,0,20,華南永昌-頭份,2023-10-12,9343
2888,新光金,20,3,17,華南永昌-頭份,2023-10-12,9343
2355,敬鵬,19,2,17,華南永昌-頭份,2023-10-12,9343
3308,聯德,17,1,16,華南永昌-頭份,2023-10-12,9343
4739,康普,12,0,12,華南永昌-頭份,2023-10-12,9343
2468,華經,14,3,11,華南永昌-頭份,2023-10-12,9343
1584,精剛,11,0,11,華南永昌-頭份,2023-10-12,9343
2312,金寶,10,0,10,華南永昌-頭份,2023-10-12,9343
2399,映泰,12,2,10,華南永昌-頭份,2023-10-12,9343
2426,鼎元,10,0,10,華南永昌-頭份,2023-10-12,9343
2486,一詮,18,8,10,華南永昌-頭份,2023-10-12,9343
2881,富邦金,11,1,10,華南永昌-頭份,2023-10-12,9343
3704,合勤控,11,1,10,華南永昌-頭份,2023-10-12,9343
2605,新興,11,2,9,華南永昌-頭份,2023-10-12,9343
1312,國喬,9,0,9,華南永昌-頭份,2023-10-12,9343
2376,技嘉,15,7,8,華南永昌-頭份,2023-10-12,9343
6139,亞翔,8,0,8,華南永昌-頭份,2023-10-12,9343
6799,來頡,8,0,8,華南永昌-頭份,2023-10-12,9343
2406,國碩,7,0,7,華南永昌-頭份,2023-10-12,9343
3374,精材,8,1,7,華南永昌-頭份,2023-10-12,9343
2834,臺企銀,6,0,6,華南永昌-頭份,2023-10-12,9343
3531,先益,6,0,6,華南永昌-頭份,2023-10-12,9343
2356,英業達,11,6,5,華南永昌-頭份,2023-10-12,9343
1314,中石化,27,22,5,華南永昌-頭份,2023-10-12,9343
00720B,元大投資級公司債,5,0,5,華南永昌-頭份,2023-10-12,9343
2417,圓剛,5,0,5,華南永昌-頭份,2023-10-12,9343
2442,新美齊,5,0,5,華南永昌-頭份,2023-10-12,9343
2633,台灣高鐵,5,0,5,華南永昌-頭份,2023-10-12,9343
3090,日電貿,5,0,5,華南永昌-頭份,2023-10-12,9343
3236,千如,5,0,5,華南永昌-頭份,2023-10-12,9343
3532,台勝科,5,0,5,華南永昌-頭份,2023-10-12,9343
6122,擎邦,11,6,5,華南永昌-頭份,2023-10-12,9343
6127,九豪,5,0,5,華南永昌-頭份,2023-10-12,9343
2352,佳世達,5,0,5,華南永昌-頭份,2023-10-12,9343
1609,大亞,7,2,5,華南永昌-頭份,2023-10-12,9343
2465,麗臺,6,2,4,華南永昌-頭份,2023-10-12,9343
2374,佳能,5,1,4,華南永昌-頭份,2023-10-12,9343
3014,聯陽,7,3,4,華南永昌-頭份,2023-10-12,9343
4128,中天,4,0,4,華南永昌-頭份,2023-10-12,9343
6672,騰輝電子-KY,5,1,4,華南永昌-頭份,2023-10-12,9343
3035,智原,14,10,4,華南永昌-頭份,2023-10-12,9343
00715L,期街口布蘭特正2,142,1,141,華南永昌-頭份,2023-10-13,9343
2426,鼎元,57,3,54,華南永昌-頭份,2023-10-13,9343
00632R,元大台灣50反1,50,0,50,華南永昌-頭份,2023-10-13,9343
3715,定穎投控,91,46,45,華南永昌-頭份,2023-10-13,9343
6213,聯茂,38,0,38,華南永昌-頭份,2023-10-13,9343
3062,建漢,26,1,25,華南永昌-頭份,2023-10-13,9343
00712,復華富時不動產,20,0,20,華南永昌-頭份,2023-10-13,9343
0056,元大高股息,20,0,20,華南永昌-頭份,2023-10-13,9343
2338,光罩,18,0,18,華南永昌-頭份,2023-10-13,9343
3078,僑威,35,17,18,華南永昌-頭份,2023-10-13,9343
3363,上詮,33,15,18,華南永昌-頭份,2023-10-13,9343
2867,三商壽,17,0,17,華南永昌-頭份,2023-10-13,9343
2488,漢平,15,0,15,華南永昌-頭份,2023-10-13,9343
3231,緯創,47,33,14,華南永昌-頭份,2023-10-13,9343
2618,長榮航,14,0,14,華南永昌-頭份,2023-10-13,9343
00882,中信中國高股息,14,0,14,華南永昌-頭份,2023-10-13,9343
2834,臺企銀,13,0,13,華南永昌-頭份,2023-10-13,9343
2002,中鋼,13,0,13,華南永昌-頭份,2023-10-13,9343
2405,輔信,17,4,13,華南永昌-頭份,2023-10-13,9343
00878,國泰永續高股息,13,0,13,華南永昌-頭份,2023-10-13,9343
2329,華泰,16,4,12,華南永昌-頭份,2023-10-13,9343
3308,聯德,12,0,12,華南永昌-頭份,2023-10-13,9343
2609,陽明,21,10,11,華南永昌-頭份,2023-10-13,9343
1101,台泥,13,2,11,華南永昌-頭份,2023-10-13,9343
1524,耿鼎,15,4,11,華南永昌-頭份,2023-10-13,9343
2353,宏��,10,0,10,華南永昌-頭份,2023-10-13,9343
00665L,富邦�琤肭磪囓�2,10,0,10,華南永昌-頭份,2023-10-13,9343
1809,中釉,10,0,10,華南永昌-頭份,2023-10-13,9343
1907,永豐餘,10,0,10,華南永昌-頭份,2023-10-13,9343
3071,協禧,10,0,10,華南永昌-頭份,2023-10-13,9343
3362,先進光,10,0,10,華南永昌-頭份,2023-10-13,9343
6176,瑞儀,10,0,10,華南永昌-頭份,2023-10-13,9343
6257,矽格,13,3,10,華南永昌-頭份,2023-10-13,9343
00720B,元大投資級公司債,10,0,10,華南永昌-頭份,2023-10-13,9343
1303,南亞,9,0,9,華南永昌-頭份,2023-10-13,9343
1815,富喬,12,3,9,華南永昌-頭份,2023-10-13,9343
3025,星通,14,5,9,華南永昌-頭份,2023-10-13,9343
8210,勤誠,10,1,9,華南永昌-頭份,2023-10-13,9343
2402,毅嘉,8,0,8,華南永昌-頭份,2023-10-13,9343
2313,華通,8,0,8,華南永昌-頭份,2023-10-13,9343
2409,友達,10,2,8,華南永昌-頭份,2023-10-13,9343
4542,科嶠,8,1,7,華南永昌-頭份,2023-10-13,9343
6125,廣運,9,2,7,華南永昌-頭份,2023-10-13,9343
1316,上曜,6,0,6,華南永昌-頭份,2023-10-13,9343
00637L,元大滬深300正2,6,0,6,華南永昌-頭份,2023-10-13,9343
00633L,富邦上証正2,6,0,6,華南永昌-頭份,2023-10-13,9343
1515,力山,6,0,6,華南永昌-頭份,2023-10-13,9343
2332,友訊,6,0,6,華南永昌-頭份,2023-10-13,9343
3521,鴻翊,6,0,6,華南永昌-頭份,2023-10-13,9343
4967,十銓,6,0,6,華南永昌-頭份,2023-10-13,9343
1314,中石化,295,58,237,華南永昌-頭份,2023-10-16,9343
00929,復華台灣科技優息,219,0,219,華南永昌-頭份,2023-10-16,9343
2618,長榮航,150,2,148,華南永昌-頭份,2023-10-16,9343
00632R,元大台灣50反1,202,100,102,華南永昌-頭份,2023-10-16,9343
2344,華邦電,84,1,83,華南永昌-頭份,2023-10-16,9343
3706,神達,60,13,47,華南永昌-頭份,2023-10-16,9343
2204,中華,46,0,46,華南永昌-頭份,2023-10-16,9343
1721,三晃,37,0,37,華南永昌-頭份,2023-10-16,9343
6548,長科*,35,0,35,華南永昌-頭份,2023-10-16,9343
2353,宏��,32,0,32,華南永昌-頭份,2023-10-16,9343
2607,榮運,34,2,32,華南永昌-頭份,2023-10-16,9343
2409,友達,31,0,31,華南永昌-頭份,2023-10-16,9343
6168,宏齊,30,0,30,華南永昌-頭份,2023-10-16,9343
2201,裕隆,33,5,28,華南永昌-頭份,2023-10-16,9343
3481,群創,27,0,27,華南永昌-頭份,2023-10-16,9343
2331,精英,25,0,25,華南永昌-頭份,2023-10-16,9343
00878,國泰永續高股息,31,7,24,華南永昌-頭份,2023-10-16,9343
0056,元大高股息,23,0,23,華南永昌-頭份,2023-10-16,9343
2888,新光金,22,0,22,華南永昌-頭份,2023-10-16,9343
2634,漢翔,21,0,21,華南永昌-頭份,2023-10-16,9343
00679B,元大美債20年,20,0,20,華南永昌-頭份,2023-10-16,9343
2317,鴻海,20,0,20,華南永昌-頭份,2023-10-16,9343
00673R,期元大S＆P原油反1,17,0,17,華南永昌-頭份,2023-10-16,9343
4542,科嶠,17,0,17,華南永昌-頭份,2023-10-16,9343
5258,虹堡,37,21,16,華南永昌-頭份,2023-10-16,9343
2449,京元電子,15,0,15,華南永昌-頭份,2023-10-16,9343
3308,聯德,21,6,15,華南永昌-頭份,2023-10-16,9343
3071,協禧,14,0,14,華南永昌-頭份,2023-10-16,9343
6288,聯嘉,14,0,14,華南永昌-頭份,2023-10-16,9343
00900,富邦特選高股息30,13,0,13,華南永昌-頭份,2023-10-16,9343
2376,技嘉,14,2,12,華南永昌-頭份,2023-10-16,9343
2324,仁寶,12,0,12,華南永昌-頭份,2023-10-16,9343
3231,緯創,29,18,11,華南永昌-頭份,2023-10-16,9343
6770,力積電,13,2,11,華南永昌-頭份,2023-10-16,9343
2881,富邦金,11,0,11,華南永昌-頭份,2023-10-16,9343
00674R,期元大S＆P黃金反1,10,0,10,華南永昌-頭份,2023-10-16,9343
00641R,富邦日本反1,10,0,10,華南永昌-頭份,2023-10-16,9343
1605,華新,10,0,10,華南永昌-頭份,2023-10-16,9343
1802,台玻,10,0,10,華南永昌-頭份,2023-10-16,9343
2405,輔信,10,0,10,華南永昌-頭份,2023-10-16,9343
4960,誠美材,10,0,10,華南永昌-頭份,2023-10-16,9343
3362,先進光,10,1,9,華南永昌-頭份,2023-10-16,9343
2421,建準,9,0,9,華南永昌-頭份,2023-10-16,9343
00902,中信電池及儲能,9,0,9,華南永昌-頭份,2023-10-16,9343
2605,新興,10,1,9,華南永昌-頭份,2023-10-16,9343
6276,安鈦克,21,12,9,華南永昌-頭份,2023-10-16,9343
00637L,元大滬深300正2,8,0,8,華南永昌-頭份,2023-10-16,9343
2025,千興,8,0,8,華南永昌-頭份,2023-10-16,9343
3025,星通,14,6,8,華南永昌-頭份,2023-10-16,9343
3105,穩懋,12,4,8,華南永昌-頭份,2023-10-16,9343
00673R,期元大S＆P原油反1,370,15,355,華南永昌-頭份,2023-10-17,9343
2201,裕隆,113,1,112,華南永昌-頭份,2023-10-17,9343
2618,長榮航,57,2,55,華南永昌-頭份,2023-10-17,9343
2543,皇昌,55,0,55,華南永昌-頭份,2023-10-17,9343
1314,中石化,62,12,50,華南永昌-頭份,2023-10-17,9343
0056,元大高股息,47,0,47,華南永昌-頭份,2023-10-17,9343
00919,群益台灣精選高息,82,40,42,華南永昌-頭份,2023-10-17,9343
4542,科嶠,43,3,40,華南永昌-頭份,2023-10-17,9343
2515,中工,60,22,38,華南永昌-頭份,2023-10-17,9343
2368,金像電,35,0,35,華南永昌-頭份,2023-10-17,9343
00929,復華台灣科技優息,30,1,29,華南永昌-頭份,2023-10-17,9343
00687B,國泰20年美債,27,0,27,華南永昌-頭份,2023-10-17,9343
2906,高林,27,0,27,華南永昌-頭份,2023-10-17,9343
2439,美律,25,1,24,華南永昌-頭份,2023-10-17,9343
3481,群創,24,0,24,華南永昌-頭份,2023-10-17,9343
2409,友達,22,0,22,華南永昌-頭份,2023-10-17,9343
00878,國泰永續高股息,24,3,21,華南永昌-頭份,2023-10-17,9343
00641R,富邦日本反1,20,0,20,華南永昌-頭份,2023-10-17,9343
3715,定穎投控,56,36,20,華南永昌-頭份,2023-10-17,9343
3094,聯傑,17,0,17,華南永昌-頭份,2023-10-17,9343
2442,新美齊,16,0,16,華南永昌-頭份,2023-10-17,9343
6213,聯茂,17,1,16,華南永昌-頭份,2023-10-17,9343
2363,矽統,147,132,15,華南永昌-頭份,2023-10-17,9343
2449,京元電子,28,13,15,華南永昌-頭份,2023-10-17,9343
6202,盛群,15,0,15,華南永昌-頭份,2023-10-17,9343
2352,佳世達,12,0,12,華南永昌-頭份,2023-10-17,9343
2204,中華,11,0,11,華南永昌-頭份,2023-10-17,9343
8054,安國,23,12,11,華南永昌-頭份,2023-10-17,9343
2382,廣達,17,7,10,華南永昌-頭份,2023-10-17,9343
2834,臺企銀,10,0,10,華南永昌-頭份,2023-10-17,9343
3122,笙泉,10,0,10,華南永昌-頭份,2023-10-17,9343
3162,精確,10,0,10,華南永昌-頭份,2023-10-17,9343
6129,普誠,10,0,10,華南永昌-頭份,2023-10-17,9343
1504,東元,11,2,9,華南永昌-頭份,2023-10-17,9343
2402,毅嘉,11,2,9,華南永昌-頭份,2023-10-17,9343
00753L,中信中國50正2,8,0,8,華南永昌-頭份,2023-10-17,9343
3013,晟銘電,31,23,8,華南永昌-頭份,2023-10-17,9343
3706,神達,13,5,8,華南永昌-頭份,2023-10-17,9343
2356,英業達,14,6,8,華南永昌-頭份,2023-10-17,9343
3035,智原,14,7,7,華南永昌-頭份,2023-10-17,9343
00931B,統一美債20年,6,0,6,華南永昌-頭份,2023-10-17,9343
00772B,中信高評級公司債,6,0,6,華南永昌-頭份,2023-10-17,9343
2603,長榮,6,0,6,華南永昌-頭份,2023-10-17,9343
3376,新日興,6,0,6,華南永昌-頭份,2023-10-17,9343
2882,國泰金,7,1,6,華南永昌-頭份,2023-10-17,9343
1529,樂事綠能,5,0,5,華南永昌-頭份,2023-10-17,9343
1522,堤維西,6,1,5,華南永昌-頭份,2023-10-17,9343
4908,前鼎,20,15,5,華南永昌-頭份,2023-10-17,9343
00720B,元大投資級公司債,5,0,5,華南永昌-頭份,2023-10-17,9343
1584,精剛,5,0,5,華南永昌-頭份,2023-10-17,9343
00919,群益台灣精選高息,177,0,177,華南永昌-頭份,2023-10-18,9343
00715L,期街口布蘭特正2,137,1,136,華南永昌-頭份,2023-10-18,9343
2344,華邦電,115,1,114,華南永昌-頭份,2023-10-18,9343
00878,國泰永續高股息,112,14,98,華南永昌-頭份,2023-10-18,9343
0056,元大高股息,72,12,60,華南永昌-頭份,2023-10-18,9343
00929,復華台灣科技優息,59,0,59,華南永昌-頭份,2023-10-18,9343
00922,國泰台灣領袖50,48,0,48,華南永昌-頭份,2023-10-18,9343
2388,威盛,71,27,44,華南永昌-頭份,2023-10-18,9343
2486,一詮,54,11,43,華南永昌-頭份,2023-10-18,9343
6770,力積電,41,1,40,華南永昌-頭份,2023-10-18,9343
2332,友訊,29,0,29,華南永昌-頭份,2023-10-18,9343
5258,虹堡,29,0,29,華南永昌-頭份,2023-10-18,9343
1815,富喬,30,1,29,華南永昌-頭份,2023-10-18,9343
00905,FT臺灣Smart,27,0,27,華南永昌-頭份,2023-10-18,9343
1802,台玻,25,0,25,華南永昌-頭份,2023-10-18,9343
00772B,中信高評級公司債,24,0,24,華南永昌-頭份,2023-10-18,9343
2002,中鋼,23,1,22,華南永昌-頭份,2023-10-18,9343
2515,中工,25,3,22,華南永昌-頭份,2023-10-18,9343
3231,緯創,89,67,22,華南永昌-頭份,2023-10-18,9343
2303,聯電,46,27,19,華南永昌-頭份,2023-10-18,9343
5439,高技,19,0,19,華南永昌-頭份,2023-10-18,9343
2618,長榮航,18,0,18,華南永昌-頭份,2023-10-18,9343
3260,威剛,46,28,18,華南永昌-頭份,2023-10-18,9343
2528,皇普,15,0,15,華南永昌-頭份,2023-10-18,9343
5299,杰力,15,0,15,華南永昌-頭份,2023-10-18,9343
6213,聯茂,14,0,14,華南永昌-頭份,2023-10-18,9343
2439,美律,15,1,14,華南永昌-頭份,2023-10-18,9343
6477,安集,14,0,14,華南永昌-頭份,2023-10-18,9343
2369,菱生,21,8,13,華南永昌-頭份,2023-10-18,9343
6550,北極星藥業-KY,20,7,13,華南永昌-頭份,2023-10-18,9343
00631L,元大台灣50正2,12,0,12,華南永昌-頭份,2023-10-18,9343
00665L,富邦�琤肭磪囓�2,16,4,12,華南永昌-頭份,2023-10-18,9343
1529,樂事綠能,11,0,11,華南永昌-頭份,2023-10-18,9343
00641R,富邦日本反1,11,0,11,華南永昌-頭份,2023-10-18,9343
2906,高林,11,0,11,華南永昌-頭份,2023-10-18,9343
3036,文曄,11,0,11,華南永昌-頭份,2023-10-18,9343
3041,揚智,11,0,11,華南永昌-頭份,2023-10-18,9343
6168,宏齊,43,32,11,華南永昌-頭份,2023-10-18,9343
2468,華經,10,0,10,華南永昌-頭份,2023-10-18,9343
6122,擎邦,10,0,10,華南永昌-頭份,2023-10-18,9343
00680L,元大美債20正2,10,0,10,華南永昌-頭份,2023-10-18,9343
1528,恩德,10,0,10,華南永昌-頭份,2023-10-18,9343
2867,三商壽,10,0,10,華南永昌-頭份,2023-10-18,9343
4542,科嶠,12,2,10,華南永昌-頭份,2023-10-18,9343
2367,燿華,10,0,10,華南永昌-頭份,2023-10-18,9343
1471,首利,10,1,9,華南永昌-頭份,2023-10-18,9343
2363,矽統,27,18,9,華南永昌-頭份,2023-10-18,9343
2405,輔信,9,0,9,華南永昌-頭份,2023-10-18,9343
1504,東元,9,0,9,華南永昌-頭份,2023-10-18,9343
8040,九暘,8,0,8,華南永昌-頭份,2023-10-18,9343
00933B,國泰10Y+金融債,382,0,382,華南永昌-頭份,2023-10-19,9343
2353,宏��,101,0,101,華南永昌-頭份,2023-10-19,9343
00878,國泰永續高股息,69,0,69,華南永昌-頭份,2023-10-19,9343
00637L,元大滬深300正2,37,0,37,華南永昌-頭份,2023-10-19,9343
6168,宏齊,39,5,34,華南永昌-頭份,2023-10-19,9343
2344,華邦電,47,13,34,華南永昌-頭份,2023-10-19,9343
00633L,富邦上証正2,32,0,32,華南永昌-頭份,2023-10-19,9343
1305,華夏,36,4,32,華南永昌-頭份,2023-10-19,9343
0056,元大高股息,32,0,32,華南永昌-頭份,2023-10-19,9343
2605,新興,30,2,28,華南永昌-頭份,2023-10-19,9343
3706,神達,37,10,27,華南永昌-頭份,2023-10-19,9343
2409,友達,33,7,26,華南永昌-頭份,2023-10-19,9343
3481,群創,36,11,25,華南永昌-頭份,2023-10-19,9343
00772B,中信高評級公司債,21,0,21,華南永昌-頭份,2023-10-19,9343
2516,新建,50,30,20,華南永昌-頭份,2023-10-19,9343
1101,台泥,21,2,19,華南永昌-頭份,2023-10-19,9343
00922,國泰台灣領袖50,17,0,17,華南永昌-頭份,2023-10-19,9343
00687B,國泰20年美債,17,0,17,華南永昌-頭份,2023-10-19,9343
00885,富邦越南,16,0,16,華南永昌-頭份,2023-10-19,9343
2515,中工,26,10,16,華南永昌-頭份,2023-10-19,9343
2352,佳世達,15,0,15,華南永昌-頭份,2023-10-19,9343
6770,力積電,13,0,13,華南永昌-頭份,2023-10-19,9343
8054,安國,24,11,13,華南永昌-頭份,2023-10-19,9343
00712,復華富時不動產,12,0,12,華南永昌-頭份,2023-10-19,9343
3013,晟銘電,18,6,12,華南永昌-頭份,2023-10-19,9343
2606,裕民,16,4,12,華南永昌-頭份,2023-10-19,9343
2641,正德,14,3,11,華南永昌-頭份,2023-10-19,9343
6125,廣運,12,1,11,華南永昌-頭份,2023-10-19,9343
3231,緯創,49,39,10,華南永昌-頭份,2023-10-19,9343
00680L,元大美債20正2,10,0,10,華南永昌-頭份,2023-10-19,9343
2201,裕隆,40,30,10,華南永昌-頭份,2023-10-19,9343
2906,高林,10,0,10,華南永昌-頭份,2023-10-19,9343
3024,憶聲,10,0,10,華南永昌-頭份,2023-10-19,9343
3037,欣興,10,0,10,華南永昌-頭份,2023-10-19,9343
4714,永捷,12,2,10,華南永昌-頭份,2023-10-19,9343
00720B,元大投資級公司債,9,0,9,華南永昌-頭份,2023-10-19,9343
00665L,富邦�琤肭磪囓�2,25,16,9,華南永昌-頭份,2023-10-19,9343
4108,懷特,9,0,9,華南永昌-頭份,2023-10-19,9343
6799,來頡,11,2,9,華南永昌-頭份,2023-10-19,9343
6188,廣明,10,2,8,華南永昌-頭份,2023-10-19,9343
00929,復華台灣科技優息,14,6,8,華南永昌-頭份,2023-10-19,9343
00893,國泰智能電動車,8,0,8,華南永昌-頭份,2023-10-19,9343
3041,揚智,10,2,8,華南永昌-頭份,2023-10-19,9343
00631L,元大台灣50正2,7,0,7,華南永昌-頭份,2023-10-19,9343
2317,鴻海,16,9,7,華南永昌-頭份,2023-10-19,9343
2449,京元電子,13,6,7,華南永昌-頭份,2023-10-19,9343
3094,聯傑,17,10,7,華南永昌-頭份,2023-10-19,9343
1802,台玻,7,1,6,華南永昌-頭份,2023-10-19,9343
2417,圓剛,6,0,6,華南永昌-頭份,2023-10-19,9343
6117,迎廣,6,0,6,華南永昌-頭份,2023-10-19,9343
00712,復華富時不動產,236,0,236,華南永昌-頭份,2023-10-20,9343
6770,力積電,56,4,52,華南永昌-頭份,2023-10-20,9343
00878,國泰永續高股息,52,1,51,華南永昌-頭份,2023-10-20,9343
2516,新建,50,0,50,華南永昌-頭份,2023-10-20,9343
00929,復華台灣科技優息,46,7,39,華南永昌-頭份,2023-10-20,9343
2486,一詮,34,0,34,華南永昌-頭份,2023-10-20,9343
2201,裕隆,40,10,30,華南永昌-頭份,2023-10-20,9343
00688L,國泰20年美債正2,23,0,23,華南永昌-頭份,2023-10-20,9343
2449,京元電子,39,17,22,華南永昌-頭份,2023-10-20,9343
3059,華晶科,22,0,22,華南永昌-頭份,2023-10-20,9343
2515,中工,21,0,21,華南永昌-頭份,2023-10-20,9343
2888,新光金,21,0,21,華南永昌-頭份,2023-10-20,9343
3481,群創,23,6,17,華南永昌-頭份,2023-10-20,9343
9958,世紀鋼,23,6,17,華南永昌-頭份,2023-10-20,9343
1442,名軒,26,10,16,華南永昌-頭份,2023-10-20,9343
00919,群益台灣精選高息,15,0,15,華南永昌-頭份,2023-10-20,9343
0056,元大高股息,20,5,15,華南永昌-頭份,2023-10-20,9343
00772B,中信高評級公司債,17,3,14,華南永昌-頭份,2023-10-20,9343
2605,新興,26,12,14,華南永昌-頭份,2023-10-20,9343
2881,富邦金,13,0,13,華南永昌-頭份,2023-10-20,9343
00631L,元大台灣50正2,17,5,12,華南永昌-頭份,2023-10-20,9343
00680L,元大美債20正2,12,0,12,華南永昌-頭份,2023-10-20,9343
4908,前鼎,24,12,12,華南永昌-頭份,2023-10-20,9343
6235,華孚,13,1,12,華南永昌-頭份,2023-10-20,9343
2002,中鋼,12,1,11,華南永昌-頭份,2023-10-20,9343
3162,精確,11,0,11,華南永昌-頭份,2023-10-20,9343
1503,士電,12,2,10,華南永昌-頭份,2023-10-20,9343
2340,台亞,25,15,10,華南永昌-頭份,2023-10-20,9343
5215,科嘉-KY,12,2,10,華南永昌-頭份,2023-10-20,9343
00633L,富邦上証正2,9,0,9,華南永昌-頭份,2023-10-20,9343
2816,旺旺保,15,6,9,華南永昌-頭份,2023-10-20,9343
2887,台新金,14,5,9,華南永昌-頭份,2023-10-20,9343
4128,中天,10,1,9,華南永昌-頭份,2023-10-20,9343
00637L,元大滬深300正2,8,0,8,華南永昌-頭份,2023-10-20,9343
2303,聯電,9,1,8,華南永昌-頭份,2023-10-20,9343
2305,全友,10,2,8,華南永昌-頭份,2023-10-20,9343
2438,翔耀,8,0,8,華南永昌-頭份,2023-10-20,9343
4743,合一,12,4,8,華南永昌-頭份,2023-10-20,9343
00885,富邦越南,8,1,7,華南永昌-頭份,2023-10-20,9343
2369,菱生,12,5,7,華南永昌-頭份,2023-10-20,9343
3308,聯德,10,3,7,華南永昌-頭份,2023-10-20,9343
2402,毅嘉,5,0,5,華南永昌-頭份,2023-10-20,9343
6122,擎邦,5,0,5,華南永昌-頭份,2023-10-20,9343
00931B,統一美債20年,5,0,5,華南永昌-頭份,2023-10-20,9343
1312,國喬,5,0,5,華南永昌-頭份,2023-10-20,9343
2344,華邦電,5,0,5,華南永昌-頭份,2023-10-20,9343
2388,威盛,17,12,5,華南永昌-頭份,2023-10-20,9343
2834,臺企銀,5,0,5,華南永昌-頭份,2023-10-20,9343
2889,國票金,5,0,5,華南永昌-頭份,2023-10-20,9343
6168,宏齊,35,30,5,華南永昌-頭份,2023-10-20,9343
00929,復華台灣科技優息,155,3,152,華南永昌-頭份,2023-10-23,9343
00712,復華富時不動產,137,0,137,華南永昌-頭份,2023-10-23,9343
00632R,元大台灣50反1,100,0,100,華南永昌-頭份,2023-10-23,9343
2303,聯電,60,5,55,華南永昌-頭份,2023-10-23,9343
1802,台玻,40,1,39,華南永昌-頭份,2023-10-23,9343
00919,群益台灣精選高息,39,0,39,華南永昌-頭份,2023-10-23,9343
2317,鴻海,42,4,38,華南永昌-頭份,2023-10-23,9343
3706,神達,40,2,38,華南永昌-頭份,2023-10-23,9343
3481,群創,52,15,37,華南永昌-頭份,2023-10-23,9343
00679B,元大美債20年,29,0,29,華南永昌-頭份,2023-10-23,9343
00881,國泰台灣5G+,22,0,22,華南永昌-頭份,2023-10-23,9343
2516,新建,20,0,20,華南永昌-頭份,2023-10-23,9343
2883,凱基金,18,0,18,華南永昌-頭份,2023-10-23,9343
3202,樺晟,17,0,17,華南永昌-頭份,2023-10-23,9343
2816,旺旺保,16,0,16,華南永昌-頭份,2023-10-23,9343
8150,南茂,22,8,14,華南永昌-頭份,2023-10-23,9343
00933B,國泰10Y+金融債,24,10,14,華南永昌-頭份,2023-10-23,9343
4108,懷特,13,0,13,華南永昌-頭份,2023-10-23,9343
2356,英業達,15,3,12,華南永昌-頭份,2023-10-23,9343
3325,旭品,13,1,12,華南永昌-頭份,2023-10-23,9343
00687B,國泰20年美債,11,0,11,華南永昌-頭份,2023-10-23,9343
00922,國泰台灣領袖50,11,0,11,華南永昌-頭份,2023-10-23,9343
1905,華紙,11,0,11,華南永昌-頭份,2023-10-23,9343
00720B,元大投資級公司債,10,0,10,華南永昌-頭份,2023-10-23,9343
4743,合一,14,4,10,華南永昌-頭份,2023-10-23,9343
00772B,中信高評級公司債,10,0,10,華南永昌-頭份,2023-10-23,9343
4960,誠美材,10,0,10,華南永昌-頭份,2023-10-23,9343
6237,驊訊,18,8,10,華南永昌-頭份,2023-10-23,9343
1568,倉佑,13,5,8,華南永昌-頭份,2023-10-23,9343
6568,宏觀,10,2,8,華南永昌-頭份,2023-10-23,9343
6901,鑽石投資,12,4,8,華南永昌-頭份,2023-10-23,9343
00637L,元大滬深300正2,7,0,7,華南永昌-頭份,2023-10-23,9343
2486,一詮,12,5,7,華南永昌-頭份,2023-10-23,9343
2002,中鋼,8,2,6,華南永昌-頭份,2023-10-23,9343
3071,協禧,6,0,6,華南永昌-頭份,2023-10-23,9343
3122,笙泉,6,0,6,華南永昌-頭份,2023-10-23,9343
4908,前鼎,24,18,6,華南永昌-頭份,2023-10-23,9343
6125,廣運,7,1,6,華南永昌-頭份,2023-10-23,9343
00631L,元大台灣50正2,5,0,5,華南永昌-頭份,2023-10-23,9343
00893,國泰智能電動車,5,0,5,華南永昌-頭份,2023-10-23,9343
1303,南亞,5,0,5,華南永昌-頭份,2023-10-23,9343
1789,神隆,5,0,5,華南永昌-頭份,2023-10-23,9343
2017,官田鋼,5,0,5,華南永昌-頭份,2023-10-23,9343
2344,華邦電,9,4,5,華南永昌-頭份,2023-10-23,9343
2618,長榮航,8,3,5,華南永昌-頭份,2023-10-23,9343
3588,通嘉,5,0,5,華南永昌-頭份,2023-10-23,9343
6213,聯茂,5,0,5,華南永昌-頭份,2023-10-23,9343
2884,玉山金,5,1,4,華南永昌-頭份,2023-10-23,9343
00751B,元大AAA至A公司債,6,2,4,華南永昌-頭份,2023-10-23,9343
00773B,中信優先金融債,5,1,4,華南永昌-頭份,2023-10-23,9343
8150,南茂,58,1,57,華南永昌-頭份,2023-10-24,9343
2329,華泰,46,2,44,華南永昌-頭份,2023-10-24,9343
3481,群創,34,1,33,華南永昌-頭份,2023-10-24,9343
2363,矽統,39,9,30,華南永昌-頭份,2023-10-24,9343
2317,鴻海,41,13,28,華南永昌-頭份,2023-10-24,9343
00900,富邦特選高股息30,27,0,27,華南永昌-頭份,2023-10-24,9343
00919,群益台灣精選高息,27,0,27,華南永昌-頭份,2023-10-24,9343
6213,聯茂,23,2,21,華南永昌-頭份,2023-10-24,9343
00929,復華台灣科技優息,32,13,19,華南永昌-頭份,2023-10-24,9343
1101,台泥,18,0,18,華南永昌-頭份,2023-10-24,9343
8110,華東,26,8,18,華南永昌-頭份,2023-10-24,9343
2002,中鋼,17,0,17,華南永昌-頭份,2023-10-24,9343
2409,友達,16,0,16,華南永昌-頭份,2023-10-24,9343
8210,勤誠,18,2,16,華南永昌-頭份,2023-10-24,9343
4102,永日,15,0,15,華南永昌-頭份,2023-10-24,9343
8183,精星,15,0,15,華南永昌-頭份,2023-10-24,9343
8222,寶一,14,0,14,華南永昌-頭份,2023-10-24,9343
3715,定穎投控,30,17,13,華南永昌-頭份,2023-10-24,9343
2883,凱基金,12,0,12,華南永昌-頭份,2023-10-24,9343
2344,華邦電,16,4,12,華南永昌-頭份,2023-10-24,9343
3711,日月光投控,12,0,12,華南永昌-頭份,2023-10-24,9343
4162,智擎,29,18,11,華南永昌-頭份,2023-10-24,9343
00795B,中信美國公債20年,10,0,10,華南永昌-頭份,2023-10-24,9343
2516,新建,10,0,10,華南永昌-頭份,2023-10-24,9343
00712,復華富時不動產,9,0,9,華南永昌-頭份,2023-10-24,9343
2369,菱生,43,34,9,華南永昌-頭份,2023-10-24,9343
2610,華航,9,0,9,華南永昌-頭份,2023-10-24,9343
3372,典範,9,0,9,華南永昌-頭份,2023-10-24,9343
00878,國泰永續高股息,14,5,9,華南永昌-頭份,2023-10-24,9343
2408,南亞科,8,0,8,華南永昌-頭份,2023-10-24,9343
3024,憶聲,10,2,8,華南永昌-頭份,2023-10-24,9343
5880,合庫金,8,0,8,華南永昌-頭份,2023-10-24,9343
6109,亞元,8,0,8,華南永昌-頭份,2023-10-24,9343
2233,宇隆,9,2,7,華南永昌-頭份,2023-10-24,9343
3041,揚智,23,16,7,華南永昌-頭份,2023-10-24,9343
3122,笙泉,28,21,7,華南永昌-頭份,2023-10-24,9343
2303,聯電,10,4,6,華南永昌-頭份,2023-10-24,9343
6684,安格,7,1,6,華南永昌-頭份,2023-10-24,9343
6415,矽力*-KY,6,1,5,華南永昌-頭份,2023-10-24,9343
00641R,富邦日本反1,5,0,5,華南永昌-頭份,2023-10-24,9343
00922,國泰台灣領袖50,5,0,5,華南永昌-頭份,2023-10-24,9343
2301,光寶科,5,0,5,華南永昌-頭份,2023-10-24,9343
3260,威剛,27,22,5,華南永昌-頭份,2023-10-24,9343
6125,廣運,7,2,5,華南永昌-頭份,2023-10-24,9343
6257,矽格,5,0,5,華南永昌-頭份,2023-10-24,9343
00923,群益台ESG低碳50,4,0,4,華南永昌-頭份,2023-10-24,9343
1785,光洋科,4,0,4,華南永昌-頭份,2023-10-24,9343
2891,中信金,4,0,4,華南永昌-頭份,2023-10-24,9343
3622,洋華,4,0,4,華南永昌-頭份,2023-10-24,9343
5272,笙科,5,1,4,華南永昌-頭份,2023-10-24,9343
00673R,期元大S＆P原油反1,250,0,250,華南永昌-頭份,2023-10-25,9343
2329,華泰,125,0,125,華南永昌-頭份,2023-10-25,9343
6168,宏齊,73,1,72,華南永昌-頭份,2023-10-25,9343
00712,復華富時不動產,40,10,30,華南永昌-頭份,2023-10-25,9343
4960,誠美材,30,0,30,華南永昌-頭份,2023-10-25,9343
6113,亞矽,30,0,30,華南永昌-頭份,2023-10-25,9343
2337,旺宏,26,2,24,華南永昌-頭份,2023-10-25,9343
4958,臻鼎-KY,23,3,20,華南永昌-頭份,2023-10-25,9343
2462,良得電,22,3,19,華南永昌-頭份,2023-10-25,9343
4162,智擎,21,5,16,華南永昌-頭份,2023-10-25,9343
2405,輔信,22,7,15,華南永昌-頭份,2023-10-25,9343
2630,亞航,25,10,15,華南永昌-頭份,2023-10-25,9343
8183,精星,15,0,15,華南永昌-頭份,2023-10-25,9343
8240,華宏,15,0,15,華南永昌-頭份,2023-10-25,9343
4542,科嶠,13,2,11,華南永昌-頭份,2023-10-25,9343
2317,鴻海,11,1,10,華南永昌-頭份,2023-10-25,9343
00687B,國泰20年美債,10,0,10,華南永昌-頭份,2023-10-25,9343
2031,新光鋼,10,0,10,華南永昌-頭份,2023-10-25,9343
2390,云辰,10,0,10,華南永昌-頭份,2023-10-25,9343
3071,協禧,15,5,10,華南永昌-頭份,2023-10-25,9343
3363,上詮,15,5,10,華南永昌-頭份,2023-10-25,9343
4714,永捷,10,0,10,華南永昌-頭份,2023-10-25,9343
6213,聯茂,10,0,10,華南永昌-頭份,2023-10-25,9343
2399,映泰,14,5,9,華南永昌-頭份,2023-10-25,9343
2834,臺企銀,9,1,8,華南永昌-頭份,2023-10-25,9343
8040,九暘,13,5,8,華南永昌-頭份,2023-10-25,9343
00919,群益台灣精選高息,10,2,8,華南永昌-頭份,2023-10-25,9343
1785,光洋科,12,4,8,華南永昌-頭份,2023-10-25,9343
2344,華邦電,10,2,8,華南永昌-頭份,2023-10-25,9343
6155,鈞寶,8,0,8,華南永昌-頭份,2023-10-25,9343
00933B,國泰10Y+金融債,7,0,7,華南永昌-頭份,2023-10-25,9343
2419,仲琦,7,0,7,華南永昌-頭份,2023-10-25,9343
00929,復華台灣科技優息,11,5,6,華南永昌-頭份,2023-10-25,9343
1582,信錦,6,0,6,華南永昌-頭份,2023-10-25,9343
2105,正新,6,0,6,華南永昌-頭份,2023-10-25,9343
2468,華經,5,0,5,華南永昌-頭份,2023-10-25,9343
2880,華南金,5,0,5,華南永昌-頭份,2023-10-25,9343
3006,晶豪科,5,0,5,華南永昌-頭份,2023-10-25,9343
3380,明泰,6,1,5,華南永昌-頭份,2023-10-25,9343
3521,鴻翊,5,0,5,華南永昌-頭份,2023-10-25,9343
3567,逸昌,5,0,5,華南永昌-頭份,2023-10-25,9343
4533,協易機,17,12,5,華南永昌-頭份,2023-10-25,9343
6180,橘子,5,0,5,華南永昌-頭份,2023-10-25,9343
8024,佑華,8,3,5,華南永昌-頭份,2023-10-25,9343
4908,前鼎,19,14,5,華南永昌-頭份,2023-10-25,9343
3122,笙泉,12,8,4,華南永昌-頭份,2023-10-25,9343
0056,元大高股息,5,1,4,華南永昌-頭份,2023-10-25,9343
2367,燿華,4,0,4,華南永昌-頭份,2023-10-25,9343
3044,健鼎,8,4,4,華南永昌-頭份,2023-10-25,9343
6282,康舒,4,0,4,華南永昌-頭份,2023-10-25,9343
00929,復華台灣科技優息,650,0,650,華南永昌-頭份,2023-10-26,9343
2344,華邦電,49,0,49,華南永昌-頭份,2023-10-26,9343
2515,中工,35,1,34,華南永昌-頭份,2023-10-26,9343
0061,元大寶滬深,30,0,30,華南永昌-頭份,2023-10-26,9343
4105,東洋,30,0,30,華南永昌-頭份,2023-10-26,9343
8240,華宏,25,0,25,華南永昌-頭份,2023-10-26,9343
3481,群創,23,0,23,華南永昌-頭份,2023-10-26,9343
4157,太景*-KY,23,0,23,華南永昌-頭份,2023-10-26,9343
4726,永昕,20,0,20,華南永昌-頭份,2023-10-26,9343
2892,第一金,17,0,17,華南永昌-頭份,2023-10-26,9343
2887,台新金,16,0,16,華南永昌-頭份,2023-10-26,9343
9105,泰金寶-DR,15,0,15,華南永昌-頭份,2023-10-26,9343
2801,彰銀,15,0,15,華南永昌-頭份,2023-10-26,9343
6290,良維,35,20,15,華南永昌-頭份,2023-10-26,9343
2317,鴻海,16,2,14,華南永昌-頭份,2023-10-26,9343
2436,偉詮電,16,2,14,華南永昌-頭份,2023-10-26,9343
3006,晶豪科,16,4,12,華南永昌-頭份,2023-10-26,9343
00631L,元大台灣50正2,11,0,11,華南永昌-頭份,2023-10-26,9343
0056,元大高股息,16,5,11,華南永昌-頭份,2023-10-26,9343
2634,漢翔,11,0,11,華南永昌-頭份,2023-10-26,9343
3308,聯德,11,0,11,華南永昌-頭份,2023-10-26,9343
4958,臻鼎-KY,11,0,11,華南永昌-頭份,2023-10-26,9343
6449,鈺邦,11,0,11,華南永昌-頭份,2023-10-26,9343
3552,同致,10,0,10,華南永昌-頭份,2023-10-26,9343
1514,亞力,10,0,10,華南永昌-頭份,2023-10-26,9343
2356,英業達,12,2,10,華南永昌-頭份,2023-10-26,9343
2630,亞航,10,0,10,華南永昌-頭份,2023-10-26,9343
2884,玉山金,10,0,10,華南永昌-頭份,2023-10-26,9343
2889,國票金,10,0,10,華南永昌-頭份,2023-10-26,9343
2402,毅嘉,18,9,9,華南永昌-頭份,2023-10-26,9343
00885,富邦越南,9,0,9,華南永昌-頭份,2023-10-26,9343
2337,旺宏,10,1,9,華南永昌-頭份,2023-10-26,9343
2427,三商電,16,7,9,華南永昌-頭份,2023-10-26,9343
4960,誠美材,24,15,9,華南永昌-頭份,2023-10-26,9343
5386,青雲,10,1,9,華南永昌-頭份,2023-10-26,9343
00878,國泰永續高股息,14,5,9,華南永昌-頭份,2023-10-26,9343
00881,國泰台灣5G+,8,0,8,華南永昌-頭份,2023-10-26,9343
00671R,富邦NASDAQ反1,8,0,8,華南永昌-頭份,2023-10-26,9343
2303,聯電,16,8,8,華南永昌-頭份,2023-10-26,9343
8112,至上,10,2,8,華南永昌-頭份,2023-10-26,9343
3715,定穎投控,32,24,8,華南永昌-頭份,2023-10-26,9343
1524,耿鼎,36,29,7,華南永昌-頭份,2023-10-26,9343
2382,廣達,30,23,7,華南永昌-頭份,2023-10-26,9343
2457,飛宏,7,0,7,華南永昌-頭份,2023-10-26,9343
2485,兆赫,7,0,7,華南永昌-頭份,2023-10-26,9343
5880,合庫金,10,3,7,華南永昌-頭份,2023-10-26,9343
6213,聯茂,7,0,7,華南永昌-頭份,2023-10-26,9343
2330,台積電,6,0,6,華南永昌-頭份,2023-10-26,9343
00922,國泰台灣領袖50,6,0,6,華南永昌-頭份,2023-10-26,9343
2449,京元電子,6,0,6,華南永昌-頭份,2023-10-26,9343
00712,復華富時不動產,222,0,222,華南永昌-頭份,2023-10-27,9343
00632R,元大台灣50反1,100,0,100,華南永昌-頭份,2023-10-27,9343
8112,至上,93,1,92,華南永昌-頭份,2023-10-27,9343
2462,良得電,57,0,57,華南永昌-頭份,2023-10-27,9343
2303,聯電,41,2,39,華南永昌-頭份,2023-10-27,9343
00929,復華台灣科技優息,36,2,34,華南永昌-頭份,2023-10-27,9343
8110,華東,46,15,31,華南永昌-頭份,2023-10-27,9343
2317,鴻海,25,3,22,華南永昌-頭份,2023-10-27,9343
9105,泰金寶-DR,20,0,20,華南永昌-頭份,2023-10-27,9343
1442,名軒,20,0,20,華南永昌-頭份,2023-10-27,9343
3162,精確,20,0,20,華南永昌-頭份,2023-10-27,9343
3122,笙泉,25,7,18,華南永昌-頭份,2023-10-27,9343
3322,建舜電,21,5,16,華南永昌-頭份,2023-10-27,9343
6442,光聖,54,38,16,華南永昌-頭份,2023-10-27,9343
2449,京元電子,17,2,15,華南永昌-頭份,2023-10-27,9343
2201,裕隆,14,0,14,華南永昌-頭份,2023-10-27,9343
5425,台半,12,0,12,華南永昌-頭份,2023-10-27,9343
4960,誠美材,18,7,11,華南永昌-頭份,2023-10-27,9343
1907,永豐餘,10,0,10,華南永昌-頭份,2023-10-27,9343
2211,長榮鋼,10,0,10,華南永昌-頭份,2023-10-27,9343
8240,華宏,10,0,10,華南永昌-頭份,2023-10-27,9343
2329,華泰,11,2,9,華南永昌-頭份,2023-10-27,9343
00688L,國泰20年美債正2,11,2,9,華南永昌-頭份,2023-10-27,9343
2344,華邦電,9,0,9,華南永昌-頭份,2023-10-27,9343
2353,宏��,9,0,9,華南永昌-頭份,2023-10-27,9343
3035,智原,17,9,8,華南永昌-頭份,2023-10-27,9343
00753L,中信中國50正2,12,4,8,華南永昌-頭份,2023-10-27,9343
3044,健鼎,8,0,8,華南永昌-頭份,2023-10-27,9343
2352,佳世達,6,0,6,華南永昌-頭份,2023-10-27,9343
00670L,富邦NASDAQ正2,6,0,6,華南永昌-頭份,2023-10-27,9343
00919,群益台灣精選高息,7,1,6,華南永昌-頭份,2023-10-27,9343
2324,仁寶,7,1,6,華南永昌-頭份,2023-10-27,9343
3363,上詮,12,6,6,華南永昌-頭份,2023-10-27,9343
2468,華經,5,0,5,華南永昌-頭份,2023-10-27,9343
1303,南亞,5,0,5,華南永昌-頭份,2023-10-27,9343
1301,台塑,5,0,5,華南永昌-頭份,2023-10-27,9343
1795,美時,13,8,5,華南永昌-頭份,2023-10-27,9343
2301,光寶科,5,0,5,華南永昌-頭份,2023-10-27,9343
3024,憶聲,5,0,5,華南永昌-頭份,2023-10-27,9343
3071,協禧,5,0,5,華南永昌-頭份,2023-10-27,9343
6122,擎邦,5,0,5,華南永昌-頭份,2023-10-27,9343
6491,晶碩,5,0,5,華南永昌-頭份,2023-10-27,9343
8358,金居,5,0,5,華南永昌-頭份,2023-10-27,9343
4160,訊聯基因,4,0,4,華南永昌-頭份,2023-10-27,9343
00922,國泰台灣領袖50,4,0,4,華南永昌-頭份,2023-10-27,9343
00881,國泰台灣5G+,4,0,4,華南永昌-頭份,2023-10-27,9343
1722,台肥,4,0,4,華南永昌-頭份,2023-10-27,9343
2408,南亞科,4,0,4,華南永昌-頭份,2023-10-27,9343
4106,雃博,4,0,4,華南永昌-頭份,2023-10-27,9343
6180,橘子,4,0,4,華南永昌-頭份,2023-10-27,9343
00712,復華富時不動產,103,1,102,華南永昌-頭份,2023-10-30,9343
2884,玉山金,85,0,85,華南永昌-頭份,2023-10-30,9343
8110,華東,74,12,62,華南永昌-頭份,2023-10-30,9343
2618,長榮航,41,0,41,華南永昌-頭份,2023-10-30,9343
4960,誠美材,24,0,24,華南永昌-頭份,2023-10-30,9343
2462,良得電,22,0,22,華南永昌-頭份,2023-10-30,9343
2408,南亞科,21,1,20,華南永昌-頭份,2023-10-30,9343
2610,華航,20,0,20,華南永昌-頭份,2023-10-30,9343
8011,台通,20,0,20,華南永昌-頭份,2023-10-30,9343
1710,東聯,15,0,15,華南永昌-頭份,2023-10-30,9343
2204,中華,15,0,15,華南永昌-頭份,2023-10-30,9343
3051,力特,17,2,15,華南永昌-頭份,2023-10-30,9343
8240,華宏,15,0,15,華南永昌-頭份,2023-10-30,9343
3481,群創,34,20,14,華南永昌-頭份,2023-10-30,9343
2390,云辰,25,11,14,華南永昌-頭份,2023-10-30,9343
6770,力積電,13,0,13,華南永昌-頭份,2023-10-30,9343
8112,至上,15,2,13,華南永昌-頭份,2023-10-30,9343
2485,兆赫,18,6,12,華南永昌-頭份,2023-10-30,9343
2883,凱基金,11,0,11,華南永昌-頭份,2023-10-30,9343
3094,聯傑,15,4,11,華南永昌-頭份,2023-10-30,9343
2353,宏��,10,0,10,華南永昌-頭份,2023-10-30,9343
2344,華邦電,12,3,9,華南永昌-頭份,2023-10-30,9343
2743,山富,15,7,8,華南永昌-頭份,2023-10-30,9343
3032,偉訓,18,10,8,華南永昌-頭份,2023-10-30,9343
5880,合庫金,8,0,8,華南永昌-頭份,2023-10-30,9343
6442,光聖,11,3,8,華南永昌-頭份,2023-10-30,9343
00795B,中信美國公債20年,7,0,7,華南永昌-頭份,2023-10-30,9343
2303,聯電,7,0,7,華南永昌-頭份,2023-10-30,9343
3122,笙泉,13,6,7,華南永昌-頭份,2023-10-30,9343
3576,聯合再生,8,1,7,華南永昌-頭份,2023-10-30,9343
6901,鑽石投資,7,0,7,華南永昌-頭份,2023-10-30,9343
00878,國泰永續高股息,6,0,6,華南永昌-頭份,2023-10-30,9343
0056,元大高股息,6,0,6,華南永昌-頭份,2023-10-30,9343
2301,光寶科,11,5,6,華南永昌-頭份,2023-10-30,9343
3260,威剛,9,3,6,華南永昌-頭份,2023-10-30,9343
4973,廣穎,6,0,6,華南永昌-頭份,2023-10-30,9343
6531,愛普*,6,0,6,華南永昌-頭份,2023-10-30,9343
6712,長聖,11,5,6,華南永昌-頭份,2023-10-30,9343
3231,緯創,13,8,5,華南永昌-頭份,2023-10-30,9343
00772B,中信高評級公司債,5,0,5,華南永昌-頭份,2023-10-30,9343
00885,富邦越南,5,0,5,華南永昌-頭份,2023-10-30,9343
2104,國際中橡,5,0,5,華南永昌-頭份,2023-10-30,9343
2382,廣達,6,1,5,華南永昌-頭份,2023-10-30,9343
2493,揚博,5,0,5,華南永昌-頭份,2023-10-30,9343
6113,亞矽,6,1,5,華南永昌-頭份,2023-10-30,9343
2892,第一金,5,0,5,華南永昌-頭份,2023-10-30,9343
2886,兆豐金,4,0,4,華南永昌-頭份,2023-10-30,9343
2328,廣宇,4,0,4,華南永昌-頭份,2023-10-30,9343
2402,毅嘉,5,1,4,華南永昌-頭份,2023-10-30,9343
2459,敦吉,4,0,4,華南永昌-頭份,2023-10-30,9343
00712,復華富時不動產,102,0,102,華南永昌-頭份,2023-10-31,9343
00715L,期街口布蘭特正2,101,0,101,華南永昌-頭份,2023-10-31,9343
2897,王道銀行,101,0,101,華南永昌-頭份,2023-10-31,9343
4806,桂田文創,50,0,50,華南永昌-頭份,2023-10-31,9343
6126,信音,57,9,48,華南永昌-頭份,2023-10-31,9343
8112,至上,39,1,38,華南永昌-頭份,2023-10-31,9343
8227,巨有科技,48,10,38,華南永昌-頭份,2023-10-31,9343
3078,僑威,35,3,32,華南永昌-頭份,2023-10-31,9343
4157,太景*-KY,34,2,32,華南永昌-頭份,2023-10-31,9343
2337,旺宏,23,0,23,華南永昌-頭份,2023-10-31,9343
3162,精確,21,0,21,華南永昌-頭份,2023-10-31,9343
00919,群益台灣精選高息,24,4,20,華南永昌-頭份,2023-10-31,9343
6213,聯茂,21,1,20,華南永昌-頭份,2023-10-31,9343
1301,台塑,16,0,16,華南永昌-頭份,2023-10-31,9343
3071,協禧,45,29,16,華南永昌-頭份,2023-10-31,9343
6113,亞矽,16,0,16,華南永昌-頭份,2023-10-31,9343
2204,中華,16,1,15,華南永昌-頭份,2023-10-31,9343
8240,華宏,15,0,15,華南永昌-頭份,2023-10-31,9343
1605,華新,12,0,12,華南永昌-頭份,2023-10-31,9343
9105,泰金寶-DR,11,0,11,華南永昌-頭份,2023-10-31,9343
9955,佳龍,14,3,11,華南永昌-頭份,2023-10-31,9343
1442,名軒,10,0,10,華南永昌-頭份,2023-10-31,9343
1101,台泥,10,0,10,華南永昌-頭份,2023-10-31,9343
2443,昶虹,10,0,10,華南永昌-頭份,2023-10-31,9343
2834,臺企銀,10,0,10,華南永昌-頭份,2023-10-31,9343
3372,典範,11,1,10,華南永昌-頭份,2023-10-31,9343
4128,中天,13,3,10,華南永昌-頭份,2023-10-31,9343
4930,燦星網,10,0,10,華南永昌-頭份,2023-10-31,9343
5536,聖暉*,10,0,10,華南永昌-頭份,2023-10-31,9343
6128,上福,10,0,10,華南永昌-頭份,2023-10-31,9343
2002,中鋼,9,0,9,華南永昌-頭份,2023-10-31,9343
2515,中工,27,18,9,華南永昌-頭份,2023-10-31,9343
6274,台燿,17,8,9,華南永昌-頭份,2023-10-31,9343
6770,力積電,16,7,9,華南永昌-頭份,2023-10-31,9343
3035,智原,8,0,8,華南永昌-頭份,2023-10-31,9343
8040,九暘,11,3,8,華南永昌-頭份,2023-10-31,9343
2449,京元電子,13,6,7,華南永昌-頭份,2023-10-31,9343
00878,國泰永續高股息,18,11,7,華南永昌-頭份,2023-10-31,9343
8210,勤誠,9,2,7,華南永昌-頭份,2023-10-31,9343
2610,華航,10,3,7,華南永昌-頭份,2023-10-31,9343
2892,第一金,7,0,7,華南永昌-頭份,2023-10-31,9343
3308,聯德,8,1,7,華南永昌-頭份,2023-10-31,9343
3530,晶相光,18,11,7,華南永昌-頭份,2023-10-31,9343
3576,聯合再生,12,5,7,華南永昌-頭份,2023-10-31,9343
6235,華孚,9,3,6,華南永昌-頭份,2023-10-31,9343
2330,台積電,6,0,6,華南永昌-頭份,2023-10-31,9343
2402,毅嘉,7,1,6,華南永昌-頭份,2023-10-31,9343
00631L,元大台灣50正2,6,0,6,華南永昌-頭份,2023-10-31,9343
3715,定穎投控,20,15,5,華南永昌-頭份,2023-10-31,9343
2382,廣達,13,8,5,華南永昌-頭份,2023-10-31,9343
3481,群創,92,10,82,華南永昌-頭份,2023-11-01,9343
00929,復華台灣科技優息,58,23,35,華南永昌-頭份,2023-11-01,9343
2313,華通,29,0,29,華南永昌-頭份,2023-11-01,9343
2369,菱生,32,3,29,華南永昌-頭份,2023-11-01,9343
00919,群益台灣精選高息,28,4,24,華南永昌-頭份,2023-11-01,9343
3322,建舜電,29,5,24,華南永昌-頭份,2023-11-01,9343
6418,詠昇,23,6,17,華南永昌-頭份,2023-11-01,9343
2605,新興,20,5,15,華南永昌-頭份,2023-11-01,9343
3059,華晶科,16,1,15,華南永昌-頭份,2023-11-01,9343
4188,安克,15,0,15,華南永昌-頭份,2023-11-01,9343
3702,大聯大,15,1,14,華南永昌-頭份,2023-11-01,9343
8409,商之器,13,0,13,華南永昌-頭份,2023-11-01,9343
2337,旺宏,12,0,12,華南永昌-頭份,2023-11-01,9343
3372,典範,11,0,11,華南永昌-頭份,2023-11-01,9343
1314,中石化,15,5,10,華南永昌-頭份,2023-11-01,9343
00885,富邦越南,10,0,10,華南永昌-頭份,2023-11-01,9343
00907,永豐優息存股,10,0,10,華南永昌-頭份,2023-11-01,9343
00895,富邦未來車,10,0,10,華南永昌-頭份,2023-11-01,9343
2312,金寶,10,0,10,華南永昌-頭份,2023-11-01,9343
2449,京元電子,11,1,10,華南永昌-頭份,2023-11-01,9343
1815,富喬,12,3,9,華南永昌-頭份,2023-11-01,9343
2406,國碩,9,0,9,華南永昌-頭份,2023-11-01,9343
4806,桂田文創,9,0,9,華南永昌-頭份,2023-11-01,9343
6285,啟��,10,1,9,華南永昌-頭份,2023-11-01,9343
00933B,國泰10Y+金融債,8,0,8,華南永昌-頭份,2023-11-01,9343
1905,華紙,10,2,8,華南永昌-頭份,2023-11-01,9343
2025,千興,8,0,8,華南永昌-頭份,2023-11-01,9343
3024,憶聲,8,0,8,華南永昌-頭份,2023-11-01,9343
2358,廷鑫,7,0,7,華南永昌-頭份,2023-11-01,9343
00665L,富邦�琤肭磪囓�2,7,0,7,華南永昌-頭份,2023-11-01,9343
00935,野村臺灣新科技50,7,0,7,華南永昌-頭份,2023-11-01,9343
2317,鴻海,11,4,7,華南永昌-頭份,2023-11-01,9343
4128,中天,8,1,7,華南永昌-頭份,2023-11-01,9343
6127,九豪,12,5,7,華南永昌-頭份,2023-11-01,9343
00878,國泰永續高股息,7,1,6,華南永昌-頭份,2023-11-01,9343
1909,榮成,6,0,6,華南永昌-頭份,2023-11-01,9343
00674R,期元大S＆P黃金反1,6,0,6,華南永昌-頭份,2023-11-01,9343
3032,偉訓,6,0,6,華南永昌-頭份,2023-11-01,9343
8240,華宏,6,0,6,華南永昌-頭份,2023-11-01,9343
6593,台灣銘板,5,0,5,華南永昌-頭份,2023-11-01,9343
00650L,復華香港正2,5,0,5,華南永昌-頭份,2023-11-01,9343
1721,三晃,5,0,5,華南永昌-頭份,2023-11-01,9343
2002,中鋼,5,0,5,華南永昌-頭份,2023-11-01,9343
2353,宏��,6,1,5,華南永昌-頭份,2023-11-01,9343
2368,金像電,5,0,5,華南永昌-頭份,2023-11-01,9343
2442,新美齊,5,0,5,華南永昌-頭份,2023-11-01,9343
4714,永捷,5,0,5,華南永昌-頭份,2023-11-01,9343
9955,佳龍,6,1,5,華南永昌-頭份,2023-11-01,9343
1409,新纖,4,0,4,華南永昌-頭份,2023-11-01,9343
2486,一詮,4,0,4,華南永昌-頭份,2023-11-01,9343
3481,群創,91,32,59,華南永昌-頭份,2023-11-02,9343
1721,三晃,30,0,30,華南永昌-頭份,2023-11-02,9343
3035,智原,37,7,30,華南永昌-頭份,2023-11-02,9343
00632R,元大台灣50反1,24,0,24,華南永昌-頭份,2023-11-02,9343
8054,安國,45,22,23,華南永昌-頭份,2023-11-02,9343
4930,燦星網,22,1,21,華南永昌-頭份,2023-11-02,9343
8240,華宏,16,1,15,華南永昌-頭份,2023-11-02,9343
3231,緯創,21,9,12,華南永昌-頭份,2023-11-02,9343
2399,映泰,12,2,10,華南永昌-頭份,2023-11-02,9343
00637L,元大滬深300正2,12,3,9,華南永昌-頭份,2023-11-02,9343
1909,榮成,9,0,9,華南永昌-頭份,2023-11-02,9343
2888,新光金,20,11,9,華南永昌-頭份,2023-11-02,9343
8432,東生華,10,1,9,華南永昌-頭份,2023-11-02,9343
00934,中信成長高股息,9,1,8,華南永昌-頭份,2023-11-02,9343
1101,台泥,10,2,8,華南永昌-頭份,2023-11-02,9343
2002,中鋼,8,0,8,華南永昌-頭份,2023-11-02,9343
2516,新建,8,0,8,華南永昌-頭份,2023-11-02,9343
5258,虹堡,8,0,8,華南永昌-頭份,2023-11-02,9343
00687B,國泰20年美債,8,1,7,華南永昌-頭份,2023-11-02,9343
1618,合機,10,3,7,華南永昌-頭份,2023-11-02,9343
3322,建舜電,7,0,7,華南永昌-頭份,2023-11-02,9343
4966,譜瑞-KY,7,0,7,華南永昌-頭份,2023-11-02,9343
5272,笙科,7,0,7,華南永昌-頭份,2023-11-02,9343
8176,智捷,7,1,6,華南永昌-頭份,2023-11-02,9343
2330,台積電,11,6,5,華南永昌-頭份,2023-11-02,9343
1314,中石化,6,1,5,華南永昌-頭份,2023-11-02,9343
00885,富邦越南,6,1,5,華南永昌-頭份,2023-11-02,9343
1449,佳和,9,4,5,華南永昌-頭份,2023-11-02,9343
1524,耿鼎,8,3,5,華南永昌-頭份,2023-11-02,9343
2405,輔信,5,0,5,華南永昌-頭份,2023-11-02,9343
4951,精拓科,5,0,5,華南永昌-頭份,2023-11-02,9343
5386,青雲,5,0,5,華南永昌-頭份,2023-11-02,9343
6241,易通展,5,0,5,華南永昌-頭份,2023-11-02,9343
6426,統新,5,0,5,華南永昌-頭份,2023-11-02,9343
6672,騰輝電子-KY,9,4,5,華南永昌-頭份,2023-11-02,9343
2376,技嘉,10,6,4,華南永昌-頭份,2023-11-02,9343
2492,華新科,9,5,4,華南永昌-頭份,2023-11-02,9343
3071,協禧,4,0,4,華南永昌-頭份,2023-11-02,9343
3704,合勤控,5,1,4,華南永昌-頭份,2023-11-02,9343
6168,宏齊,4,0,4,華南永昌-頭份,2023-11-02,9343
3037,欣興,3,0,3,華南永昌-頭份,2023-11-02,9343
2356,英業達,17,14,3,華南永昌-頭份,2023-11-02,9343
3706,神達,3,0,3,華南永昌-頭份,2023-11-02,9343
00665L,富邦�琤肭磪囓�2,33,30,3,華南永昌-頭份,2023-11-02,9343
2462,良得電,3,0,3,華南永昌-頭份,2023-11-02,9343
3088,艾訊,3,0,3,華南永昌-頭份,2023-11-02,9343
3264,欣銓,3,0,3,華南永昌-頭份,2023-11-02,9343
3545,敦泰,3,0,3,華南永昌-頭份,2023-11-02,9343
6196,帆宣,3,0,3,華南永昌-頭份,2023-11-02,9343
6418,詠昇,10,7,3,華南永昌-頭份,2023-11-02,9343
00632R,元大台灣50反1,85,0,85,華南永昌-頭份,2023-11-03,9343
2363,矽統,174,102,72,華南永昌-頭份,2023-11-03,9343
6770,力積電,42,10,32,華南永昌-頭份,2023-11-03,9343
2331,精英,28,0,28,華南永昌-頭份,2023-11-03,9343
4157,太景*-KY,31,3,28,華南永昌-頭份,2023-11-03,9343
2313,華通,24,4,20,華南永昌-頭份,2023-11-03,9343
1618,合機,20,0,20,華南永昌-頭份,2023-11-03,9343
2329,華泰,71,51,20,華南永昌-頭份,2023-11-03,9343
9105,泰金寶-DR,25,5,20,華南永昌-頭份,2023-11-03,9343
3322,建舜電,20,1,19,華南永昌-頭份,2023-11-03,9343
3059,華晶科,19,0,19,華南永昌-頭份,2023-11-03,9343
2344,華邦電,18,0,18,華南永昌-頭份,2023-11-03,9343
2382,廣達,19,1,18,華南永昌-頭份,2023-11-03,9343
8163,達方,18,1,17,華南永昌-頭份,2023-11-03,9343
00878,國泰永續高股息,17,0,17,華南永昌-頭份,2023-11-03,9343
5328,華容,16,0,16,華南永昌-頭份,2023-11-03,9343
00680L,元大美債20正2,15,0,15,華南永昌-頭份,2023-11-03,9343
2618,長榮航,19,5,14,華南永昌-頭份,2023-11-03,9343
6257,矽格,14,1,13,華南永昌-頭份,2023-11-03,9343
00687B,國泰20年美債,12,0,12,華南永昌-頭份,2023-11-03,9343
6235,華孚,17,6,11,華南永昌-頭份,2023-11-03,9343
00929,復華台灣科技優息,19,8,11,華南永昌-頭份,2023-11-03,9343
2731,雄獅,10,0,10,華南永昌-頭份,2023-11-03,9343
4105,東洋,10,0,10,華南永昌-頭份,2023-11-03,9343
4960,誠美材,10,0,10,華南永昌-頭份,2023-11-03,9343
6284,佳邦,32,22,10,華南永昌-頭份,2023-11-03,9343
8240,華宏,10,0,10,華南永昌-頭份,2023-11-03,9343
00931B,統一美債20年,8,0,8,華南永昌-頭份,2023-11-03,9343
1714,和桐,8,0,8,華南永昌-頭份,2023-11-03,9343
1802,台玻,8,0,8,華南永昌-頭份,2023-11-03,9343
6789,采鈺,12,4,8,華南永昌-頭份,2023-11-03,9343
2376,技嘉,14,7,7,華南永昌-頭份,2023-11-03,9343
4128,中天,7,0,7,華南永昌-頭份,2023-11-03,9343
00641R,富邦日本反1,6,0,6,華南永昌-頭份,2023-11-03,9343
2014,中鴻,6,0,6,華南永昌-頭份,2023-11-03,9343
2314,台揚,6,0,6,華南永昌-頭份,2023-11-03,9343
2324,仁寶,6,0,6,華南永昌-頭份,2023-11-03,9343
2489,瑞軒,6,0,6,華南永昌-頭份,2023-11-03,9343
3483,力致,8,2,6,華南永昌-頭份,2023-11-03,9343
6126,信音,6,0,6,華南永昌-頭份,2023-11-03,9343
8227,巨有科技,7,1,6,華南永昌-頭份,2023-11-03,9343
3374,精材,5,0,5,華南永昌-頭份,2023-11-03,9343
00882,中信中國高股息,5,0,5,華南永昌-頭份,2023-11-03,9343
00751B,元大AAA至A公司債,5,0,5,華南永昌-頭份,2023-11-03,9343
2301,光寶科,7,2,5,華南永昌-頭份,2023-11-03,9343
2390,云辰,5,0,5,華南永昌-頭份,2023-11-03,9343
2405,輔信,5,0,5,華南永昌-頭份,2023-11-03,9343
2458,義隆,5,0,5,華南永昌-頭份,2023-11-03,9343
2852,第一保,5,0,5,華南永昌-頭份,2023-11-03,9343
6294,智基,5,0,5,華南永昌-頭份,2023-11-03,9343
00632R,元大台灣50反1,860,0,860,華南永昌-頭份,2023-11-06,9343
00885,富邦越南,149,1,148,華南永昌-頭份,2023-11-06,9343
3545,敦泰,91,2,89,華南永昌-頭份,2023-11-06,9343
2388,威盛,89,18,71,華南永昌-頭份,2023-11-06,9343
2634,漢翔,42,2,40,華南永昌-頭份,2023-11-06,9343
2303,聯電,36,12,24,華南永昌-頭份,2023-11-06,9343
2618,長榮航,27,5,22,華南永昌-頭份,2023-11-06,9343
2382,廣達,25,4,21,華南永昌-頭份,2023-11-06,9343
00935,野村臺灣新科技50,15,0,15,華南永昌-頭份,2023-11-06,9343
2367,燿華,15,1,14,華南永昌-頭份,2023-11-06,9343
2363,矽統,75,61,14,華南永昌-頭份,2023-11-06,9343
2515,中工,14,0,14,華南永昌-頭份,2023-11-06,9343
6112,邁達特,15,1,14,華南永昌-頭份,2023-11-06,9343
00679B,元大美債20年,10,0,10,華南永昌-頭份,2023-11-06,9343
00934,中信成長高股息,30,20,10,華南永昌-頭份,2023-11-06,9343
9103,美德醫療-DR,10,0,10,華南永昌-頭份,2023-11-06,9343
3372,典範,10,1,9,華南永昌-頭份,2023-11-06,9343
0056,元大高股息,10,2,8,華南永昌-頭份,2023-11-06,9343
1795,美時,12,4,8,華南永昌-頭份,2023-11-06,9343
2610,華航,17,9,8,華南永昌-頭份,2023-11-06,9343
2358,廷鑫,7,0,7,華南永昌-頭份,2023-11-06,9343
2329,華泰,20,13,7,華南永昌-頭份,2023-11-06,9343
00878,國泰永續高股息,11,4,7,華南永昌-頭份,2023-11-06,9343
3059,華晶科,7,0,7,華南永昌-頭份,2023-11-06,9343
2211,長榮鋼,6,0,6,華南永昌-頭份,2023-11-06,9343
2359,所羅門,7,1,6,華南永昌-頭份,2023-11-06,9343
2516,新建,6,0,6,華南永昌-頭份,2023-11-06,9343
00655L,國泰中國A50正2,5,0,5,華南永昌-頭份,2023-11-06,9343
1806,冠軍,5,0,5,華南永昌-頭份,2023-11-06,9343
2376,技嘉,6,1,5,華南永昌-頭份,2023-11-06,9343
2408,南亞科,5,0,5,華南永昌-頭份,2023-11-06,9343
2421,建準,11,6,5,華南永昌-頭份,2023-11-06,9343
2439,美律,5,0,5,華南永昌-頭份,2023-11-06,9343
3071,協禧,5,0,5,華南永昌-頭份,2023-11-06,9343
3419,譁裕,5,0,5,華南永昌-頭份,2023-11-06,9343
4188,安克,5,0,5,華南永昌-頭份,2023-11-06,9343
5469,瀚宇博,5,0,5,華南永昌-頭份,2023-11-06,9343
6284,佳邦,6,1,5,華南永昌-頭份,2023-11-06,9343
6578,達邦蛋白,5,0,5,華南永昌-頭份,2023-11-06,9343
2425,承啟,4,0,4,華南永昌-頭份,2023-11-06,9343
3234,光環,5,1,4,華南永昌-頭份,2023-11-06,9343
3264,欣銓,6,2,4,華南永昌-頭份,2023-11-06,9343
5521,工信,21,17,4,華南永昌-頭份,2023-11-06,9343
6506,雙邦,4,0,4,華南永昌-頭份,2023-11-06,9343
6757,台灣虎航,4,0,4,華南永昌-頭份,2023-11-06,9343
8110,華東,5,1,4,華南永昌-頭份,2023-11-06,9343
8150,南茂,4,0,4,華南永昌-頭份,2023-11-06,9343
1721,三晃,4,1,3,華南永昌-頭份,2023-11-06,9343
3526,凡甲,3,0,3,華南永昌-頭份,2023-11-06,9343
00720B,元大投資級公司債,3,0,3,華南永昌-頭份,2023-11-06,9343
3481,群創,90,0,90,華南永昌-頭份,2023-11-07,9343
2355,敬鵬,56,0,56,華南永昌-頭份,2023-11-07,9343
00878,國泰永續高股息,33,0,33,華南永昌-頭份,2023-11-07,9343
2352,佳世達,33,2,31,華南永昌-頭份,2023-11-07,9343
9955,佳龍,24,0,24,華南永昌-頭份,2023-11-07,9343
00664R,國泰臺灣加權反1,20,0,20,華南永昌-頭份,2023-11-07,9343
2329,華泰,20,0,20,華南永昌-頭份,2023-11-07,9343
3041,揚智,19,1,18,華南永昌-頭份,2023-11-07,9343
3545,敦泰,31,16,15,華南永昌-頭份,2023-11-07,9343
2002,中鋼,14,0,14,華南永昌-頭份,2023-11-07,9343
1504,東元,14,0,14,華南永昌-頭份,2023-11-07,9343
2610,華航,20,7,13,華南永昌-頭份,2023-11-07,9343
8110,華東,12,0,12,華南永昌-頭份,2023-11-07,9343
00934,中信成長高股息,11,0,11,華南永昌-頭份,2023-11-07,9343
5351,鈺創,12,1,11,華南永昌-頭份,2023-11-07,9343
2385,群光,10,0,10,華南永昌-頭份,2023-11-07,9343
2520,冠德,10,0,10,華南永昌-頭份,2023-11-07,9343
4102,永日,10,0,10,華南永昌-頭份,2023-11-07,9343
5302,太欣,10,0,10,華南永昌-頭份,2023-11-07,9343
6799,來頡,10,1,9,華南永昌-頭份,2023-11-07,9343
8163,達方,13,4,9,華南永昌-頭份,2023-11-07,9343
8215,明基材,10,1,9,華南永昌-頭份,2023-11-07,9343
9934,成霖,10,1,9,華南永昌-頭份,2023-11-07,9343
00891,中信關鍵半導體,10,1,9,華南永昌-頭份,2023-11-07,9343
4533,協易機,10,2,8,華南永昌-頭份,2023-11-07,9343
4973,廣穎,10,2,8,華南永昌-頭份,2023-11-07,9343
2363,矽統,38,31,7,華南永昌-頭份,2023-11-07,9343
4157,太景*-KY,17,10,7,華南永昌-頭份,2023-11-07,9343
6901,鑽石投資,21,14,7,華南永昌-頭份,2023-11-07,9343
6292,迅德,6,0,6,華南永昌-頭份,2023-11-07,9343
4123,晟德,5,0,5,華南永昌-頭份,2023-11-07,9343
1312,國喬,5,0,5,華南永昌-頭份,2023-11-07,9343
00885,富邦越南,5,0,5,華南永昌-頭份,2023-11-07,9343
00641R,富邦日本反1,5,0,5,華南永昌-頭份,2023-11-07,9343
00637L,元大滬深300正2,5,0,5,華南永昌-頭份,2023-11-07,9343
2362,藍天,5,0,5,華南永昌-頭份,2023-11-07,9343
2408,南亞科,5,0,5,華南永昌-頭份,2023-11-07,9343
3711,日月光投控,5,0,5,華南永昌-頭份,2023-11-07,9343
4188,安克,5,0,5,華南永昌-頭份,2023-11-07,9343
4714,永捷,5,0,5,華南永昌-頭份,2023-11-07,9343
8240,華宏,5,0,5,華南永昌-頭份,2023-11-07,9343
2317,鴻海,6,1,5,華南永昌-頭份,2023-11-07,9343
4108,懷特,5,0,5,華南永昌-頭份,2023-11-07,9343
2313,華通,4,0,4,華南永昌-頭份,2023-11-07,9343
2358,廷鑫,4,0,4,華南永昌-頭份,2023-11-07,9343
2356,英業達,6,2,4,華南永昌-頭份,2023-11-07,9343
00680L,元大美債20正2,6,2,4,華南永昌-頭份,2023-11-07,9343
00642U,期元大S＆P石油,4,0,4,華南永昌-頭份,2023-11-07,9343
2745,五福,4,0,4,華南永昌-頭份,2023-11-07,9343
3308,聯德,4,0,4,華南永昌-頭份,2023-11-07,9343
2488,漢平,119,0,119,華南永昌-頭份,2023-11-08,9343
2421,建準,63,2,61,華南永昌-頭份,2023-11-08,9343
2355,敬鵬,58,0,58,華南永昌-頭份,2023-11-08,9343
00929,復華台灣科技優息,66,16,50,華南永昌-頭份,2023-11-08,9343
1324,地球,50,0,50,華南永昌-頭份,2023-11-08,9343
2363,矽統,67,33,34,華南永昌-頭份,2023-11-08,9343
4167,松瑞藥,33,0,33,華南永昌-頭份,2023-11-08,9343
00936,台新永續高息中小,33,0,33,華南永昌-頭份,2023-11-08,9343
2344,華邦電,28,3,25,華南永昌-頭份,2023-11-08,9343
00679B,元大美債20年,20,0,20,華南永昌-頭份,2023-11-08,9343
3419,譁裕,20,0,20,華南永昌-頭份,2023-11-08,9343
4157,太景*-KY,57,39,18,華南永昌-頭份,2023-11-08,9343
2484,希華,15,0,15,華南永昌-頭份,2023-11-08,9343
00934,中信成長高股息,16,2,14,華南永昌-頭份,2023-11-08,9343
8201,無敵,13,0,13,華南永昌-頭份,2023-11-08,9343
2317,鴻海,21,9,12,華南永昌-頭份,2023-11-08,9343
00878,國泰永續高股息,13,1,12,華南永昌-頭份,2023-11-08,9343
2520,冠德,12,0,12,華南永昌-頭份,2023-11-08,9343
6202,盛群,12,0,12,華南永昌-頭份,2023-11-08,9343
4743,合一,22,11,11,華南永昌-頭份,2023-11-08,9343
00650L,復華香港正2,11,0,11,華南永昌-頭份,2023-11-08,9343
2388,威盛,59,48,11,華南永昌-頭份,2023-11-08,9343
1305,華夏,10,0,10,華南永昌-頭份,2023-11-08,9343
1504,東元,11,1,10,華南永昌-頭份,2023-11-08,9343
1522,堤維西,10,0,10,華南永昌-頭份,2023-11-08,9343
2425,承啟,10,0,10,華南永昌-頭份,2023-11-08,9343
2645,長榮航太,10,0,10,華南永昌-頭份,2023-11-08,9343
3025,星通,10,0,10,華南永昌-頭份,2023-11-08,9343
3645,達邁,10,0,10,華南永昌-頭份,2023-11-08,9343
4102,永日,10,0,10,華南永昌-頭份,2023-11-08,9343
4714,永捷,10,0,10,華南永昌-頭份,2023-11-08,9343
5272,笙科,12,2,10,華南永昌-頭份,2023-11-08,9343
6415,矽力*-KY,10,0,10,華南永昌-頭份,2023-11-08,9343
8240,華宏,10,0,10,華南永昌-頭份,2023-11-08,9343
6292,迅德,9,0,9,華南永昌-頭份,2023-11-08,9343
3036,文曄,12,4,8,華南永昌-頭份,2023-11-08,9343
2485,兆赫,8,1,7,華南永昌-頭份,2023-11-08,9343
00933B,國泰10Y+金融債,6,0,6,華南永昌-頭份,2023-11-08,9343
2609,陽明,7,1,6,華南永昌-頭份,2023-11-08,9343
2367,燿華,8,2,6,華南永昌-頭份,2023-11-08,9343
6806,森崴能源,9,3,6,華南永昌-頭份,2023-11-08,9343
8070,長華*,6,0,6,華南永昌-頭份,2023-11-08,9343
9955,佳龍,18,12,6,華南永昌-頭份,2023-11-08,9343
00715L,期街口布蘭特正2,6,0,6,華南永昌-頭份,2023-11-08,9343
3035,智原,8,2,6,華南永昌-頭份,2023-11-08,9343
3037,欣興,5,0,5,華南永昌-頭份,2023-11-08,9343
2323,中環,5,0,5,華南永昌-頭份,2023-11-08,9343
2880,華南金,5,0,5,華南永昌-頭份,2023-11-08,9343
00935,野村臺灣新科技50,5,0,5,華南永昌-頭份,2023-11-08,9343
00642U,期元大S＆P石油,5,0,5,華南永昌-頭份,2023-11-08,9343
6125,廣運,66,5,61,華南永昌-頭份,2023-11-09,9343
3545,敦泰,44,7,37,華南永昌-頭份,2023-11-09,9343
2328,廣宇,35,0,35,華南永昌-頭份,2023-11-09,9343
4967,十銓,35,8,27,華南永昌-頭份,2023-11-09,9343
9955,佳龍,27,0,27,華南永昌-頭份,2023-11-09,9343
3305,昇貿,23,0,23,華南永昌-頭份,2023-11-09,9343
1522,堤維西,21,0,21,華南永昌-頭份,2023-11-09,9343
2331,精英,21,2,19,華南永昌-頭份,2023-11-09,9343
3231,緯創,55,37,18,華南永昌-頭份,2023-11-09,9343
00642U,期元大S＆P石油,17,0,17,華南永昌-頭份,2023-11-09,9343
3308,聯德,17,0,17,華南永昌-頭份,2023-11-09,9343
2421,建準,20,4,16,華南永昌-頭份,2023-11-09,9343
2634,漢翔,33,17,16,華南永昌-頭份,2023-11-09,9343
2344,華邦電,15,0,15,華南永昌-頭份,2023-11-09,9343
00633L,富邦上証正2,15,0,15,華南永昌-頭份,2023-11-09,9343
2486,一詮,15,0,15,華南永昌-頭份,2023-11-09,9343
2451,創見,19,5,14,華南永昌-頭份,2023-11-09,9343
2399,映泰,15,2,13,華南永昌-頭份,2023-11-09,9343
4128,中天,13,0,13,華南永昌-頭份,2023-11-09,9343
2002,中鋼,12,0,12,華南永昌-頭份,2023-11-09,9343
8163,達方,28,16,12,華南永昌-頭份,2023-11-09,9343
3227,原相,14,2,12,華南永昌-頭份,2023-11-09,9343
5321,美而快,12,1,11,華南永昌-頭份,2023-11-09,9343
3363,上詮,12,2,10,華南永昌-頭份,2023-11-09,9343
6139,亞翔,10,0,10,華南永昌-頭份,2023-11-09,9343
6161,捷波,10,0,10,華南永昌-頭份,2023-11-09,9343
8201,無敵,10,0,10,華南永昌-頭份,2023-11-09,9343
00878,國泰永續高股息,11,2,9,華南永昌-頭份,2023-11-09,9343
00665L,富邦�琤肭磪囓�2,16,7,9,華南永昌-頭份,2023-11-09,9343
00679B,元大美債20年,12,3,9,華南永昌-頭份,2023-11-09,9343
1815,富喬,16,7,9,華南永昌-頭份,2023-11-09,9343
2520,冠德,10,1,9,華南永昌-頭份,2023-11-09,9343
2605,新興,9,0,9,華南永昌-頭份,2023-11-09,9343
2382,廣達,13,5,8,華南永昌-頭份,2023-11-09,9343
1721,三晃,8,0,8,華南永昌-頭份,2023-11-09,9343
1324,地球,19,11,8,華南永昌-頭份,2023-11-09,9343
2610,華航,8,0,8,華南永昌-頭份,2023-11-09,9343
4904,遠傳,10,2,8,華南永昌-頭份,2023-11-09,9343
5243,乙盛-KY,8,0,8,華南永昌-頭份,2023-11-09,9343
1618,合機,7,0,7,華南永昌-頭份,2023-11-09,9343
2338,光罩,6,0,6,華南永昌-頭份,2023-11-09,9343
5272,笙科,6,0,6,華南永昌-頭份,2023-11-09,9343
00936,台新永續高息中小,5,0,5,華南永昌-頭份,2023-11-09,9343
00934,中信成長高股息,5,0,5,華南永昌-頭份,2023-11-09,9343
1312,國喬,5,0,5,華南永昌-頭份,2023-11-09,9343
1504,東元,5,0,5,華南永昌-頭份,2023-11-09,9343
00715L,期街口布蘭特正2,9,4,5,華南永昌-頭份,2023-11-09,9343
2301,光寶科,6,1,5,華南永昌-頭份,2023-11-09,9343
2332,友訊,5,0,5,華南永昌-頭份,2023-11-09,9343
2406,國碩,5,0,5,華南永昌-頭份,2023-11-09,9343
4157,太景*-KY,85,30,55,華南永昌-頭份,2023-11-10,9343
1324,地球,50,2,48,華南永昌-頭份,2023-11-10,9343
00929,復華台灣科技優息,47,0,47,華南永昌-頭份,2023-11-10,9343
8011,台通,41,0,41,華南永昌-頭份,2023-11-10,9343
00891,中信關鍵半導體,40,0,40,華南永昌-頭份,2023-11-10,9343
2610,華航,31,0,31,華南永昌-頭份,2023-11-10,9343
2486,一詮,26,1,25,華南永昌-頭份,2023-11-10,9343
2882,國泰金,25,0,25,華南永昌-頭份,2023-11-10,9343
3036,文曄,26,1,25,華南永昌-頭份,2023-11-10,9343
00936,台新永續高息中小,23,0,23,華南永昌-頭份,2023-11-10,9343
1442,名軒,20,0,20,華南永昌-頭份,2023-11-10,9343
2211,長榮鋼,20,0,20,華南永昌-頭份,2023-11-10,9343
2408,南亞科,20,0,20,華南永昌-頭份,2023-11-10,9343
1582,信錦,17,0,17,華南永昌-頭份,2023-11-10,9343
2363,矽統,38,21,17,華南永昌-頭份,2023-11-10,9343
8034,榮群,18,2,16,華南永昌-頭份,2023-11-10,9343
00878,國泰永續高股息,15,0,15,華南永昌-頭份,2023-11-10,9343
00720B,元大投資級公司債,14,0,14,華南永昌-頭份,2023-11-10,9343
4533,協易機,81,67,14,華南永昌-頭份,2023-11-10,9343
00680L,元大美債20正2,14,0,14,華南永昌-頭份,2023-11-10,9343
2442,新美齊,15,2,13,華南永昌-頭份,2023-11-10,9343
3481,群創,12,0,12,華南永昌-頭份,2023-11-10,9343
00900,富邦特選高股息30,12,0,12,華南永昌-頭份,2023-11-10,9343
3308,聯德,11,0,11,華南永昌-頭份,2023-11-10,9343
3041,揚智,11,1,10,華南永昌-頭份,2023-11-10,9343
1449,佳和,10,0,10,華南永昌-頭份,2023-11-10,9343
4128,中天,37,27,10,華南永昌-頭份,2023-11-10,9343
6139,亞翔,12,2,10,華南永昌-頭份,2023-11-10,9343
3363,上詮,30,21,9,華南永昌-頭份,2023-11-10,9343
4958,臻鼎-KY,11,2,9,華南永昌-頭份,2023-11-10,9343
1721,三晃,8,0,8,華南永昌-頭份,2023-11-10,9343
00773B,中信優先金融債,8,0,8,華南永昌-頭份,2023-11-10,9343
2409,友達,10,2,8,華南永昌-頭份,2023-11-10,9343
2405,輔信,7,0,7,華南永昌-頭份,2023-11-10,9343
00772B,中信高評級公司債,7,0,7,華南永昌-頭份,2023-11-10,9343
1815,富喬,12,5,7,華南永昌-頭份,2023-11-10,9343
3548,兆利,11,4,7,華南永昌-頭份,2023-11-10,9343
6605,帝寶,8,1,7,華南永昌-頭份,2023-11-10,9343
8424,惠普,7,0,7,華南永昌-頭份,2023-11-10,9343
2352,佳世達,21,15,6,華南永昌-頭份,2023-11-10,9343
2201,裕隆,6,0,6,華南永昌-頭份,2023-11-10,9343
2417,圓剛,15,9,6,華南永昌-頭份,2023-11-10,9343
2449,京元電子,6,0,6,華南永昌-頭份,2023-11-10,9343
3014,聯陽,8,2,6,華南永昌-頭份,2023-11-10,9343
5471,松翰,6,0,6,華南永昌-頭份,2023-11-10,9343
5521,工信,6,0,6,華南永昌-頭份,2023-11-10,9343
8176,智捷,6,0,6,華南永昌-頭份,2023-11-10,9343
3704,合勤控,6,1,5,華南永昌-頭份,2023-11-10,9343
00934,中信成長高股息,5,0,5,華南永昌-頭份,2023-11-10,9343
00904,新光臺灣半導體30,5,0,5,華南永昌-頭份,2023-11-10,9343
00673R,期元大S＆P原油反1,240,0,240,華南永昌-頭份,2023-11-13,9343
00882,中信中國高股息,204,0,204,華南永昌-頭份,2023-11-13,9343
3545,敦泰,74,3,71,華南永昌-頭份,2023-11-13,9343
00632R,元大台灣50反1,50,0,50,華南永昌-頭份,2023-11-13,9343
4908,前鼎,45,3,42,華南永昌-頭份,2023-11-13,9343
4714,永捷,40,0,40,華南永昌-頭份,2023-11-13,9343
00878,國泰永續高股息,36,0,36,華南永昌-頭份,2023-11-13,9343
00929,復華台灣科技優息,82,47,35,華南永昌-頭份,2023-11-13,9343
1522,堤維西,48,13,35,華南永昌-頭份,2023-11-13,9343
00665L,富邦�琤肭磪囓�2,35,10,25,華南永昌-頭份,2023-11-13,9343
2329,華泰,39,15,24,華南永昌-頭份,2023-11-13,9343
00679B,元大美債20年,23,0,23,華南永昌-頭份,2023-11-13,9343
00933B,國泰10Y+金融債,22,0,22,華南永昌-頭份,2023-11-13,9343
2486,一詮,24,2,22,華南永昌-頭份,2023-11-13,9343
2816,旺旺保,22,0,22,華南永昌-頭份,2023-11-13,9343
2542,興富發,20,0,20,華南永昌-頭份,2023-11-13,9343
2408,南亞科,20,0,20,華南永昌-頭份,2023-11-13,9343
2610,華航,18,0,18,華南永昌-頭份,2023-11-13,9343
9955,佳龍,16,0,16,華南永昌-頭份,2023-11-13,9343
2618,長榮航,19,4,15,華南永昌-頭份,2023-11-13,9343
2369,菱生,33,18,15,華南永昌-頭份,2023-11-13,9343
2382,廣達,32,20,12,華南永昌-頭份,2023-11-13,9343
00936,台新永續高息中小,14,2,12,華南永昌-頭份,2023-11-13,9343
2201,裕隆,13,1,12,華南永昌-頭份,2023-11-13,9343
2393,億光,12,0,12,華南永昌-頭份,2023-11-13,9343
4128,中天,24,12,12,華南永昌-頭份,2023-11-13,9343
2353,宏��,20,10,10,華南永昌-頭份,2023-11-13,9343
2352,佳世達,20,10,10,華南永昌-頭份,2023-11-13,9343
1314,中石化,10,0,10,華南永昌-頭份,2023-11-13,9343
00730,富邦臺灣優質高息,10,0,10,華南永昌-頭份,2023-11-13,9343
3011,今皓,10,0,10,華南永昌-頭份,2023-11-13,9343
4552,力達-KY,10,0,10,華南永昌-頭份,2023-11-13,9343
6153,嘉聯益,10,0,10,華南永昌-頭份,2023-11-13,9343
8054,安國,10,0,10,華南永昌-頭份,2023-11-13,9343
2027,大成鋼,9,0,9,華南永昌-頭份,2023-11-13,9343
3231,緯創,54,45,9,華南永昌-頭份,2023-11-13,9343
3481,群創,11,2,9,華南永昌-頭份,2023-11-13,9343
2468,華經,16,8,8,華南永昌-頭份,2023-11-13,9343
00637L,元大滬深300正2,8,0,8,華南永昌-頭份,2023-11-13,9343
3317,尼克森,8,0,8,華南永昌-頭份,2023-11-13,9343
6901,鑽石投資,7,0,7,華南永昌-頭份,2023-11-13,9343
2206,三陽工業,6,0,6,華南永昌-頭份,2023-11-13,9343
6116,彩晶,6,0,6,華南永昌-頭份,2023-11-13,9343
6117,迎廣,8,2,6,華南永昌-頭份,2023-11-13,9343
6156,松上,8,2,6,華南永昌-頭份,2023-11-13,9343
6290,良維,8,2,6,華南永昌-頭份,2023-11-13,9343
2356,英業達,12,6,6,華南永昌-頭份,2023-11-13,9343
6288,聯嘉,5,0,5,華南永昌-頭份,2023-11-13,9343
3049,精金,5,0,5,華南永昌-頭份,2023-11-13,9343
00931B,統一美債20年,5,0,5,華南永昌-頭份,2023-11-13,9343
2634,漢翔,201,2,199,華南永昌-頭份,2023-11-14,9343
00632R,元大台灣50反1,155,1,154,華南永昌-頭份,2023-11-14,9343
6133,金橋,100,0,100,華南永昌-頭份,2023-11-14,9343
3231,緯創,60,9,51,華南永昌-頭份,2023-11-14,9343
2611,志信,46,0,46,華南永昌-頭份,2023-11-14,9343
8088,品安,54,10,44,華南永昌-頭份,2023-11-14,9343
00878,國泰永續高股息,54,22,32,華南永昌-頭份,2023-11-14,9343
2329,華泰,50,19,31,華南永昌-頭份,2023-11-14,9343
00919,群益台灣精選高息,31,0,31,華南永昌-頭份,2023-11-14,9343
4128,中天,28,0,28,華南永昌-頭份,2023-11-14,9343
2484,希華,23,0,23,華南永昌-頭份,2023-11-14,9343
00929,復華台灣科技優息,46,26,20,華南永昌-頭份,2023-11-14,9343
2618,長榮航,19,0,19,華南永昌-頭份,2023-11-14,9343
3481,群創,98,79,19,華南永昌-頭份,2023-11-14,9343
1504,東元,13,0,13,華南永昌-頭份,2023-11-14,9343
1522,堤維西,28,16,12,華南永昌-頭份,2023-11-14,9343
2609,陽明,17,5,12,華南永昌-頭份,2023-11-14,9343
2382,廣達,17,6,11,華南永昌-頭份,2023-11-14,9343
2313,華通,15,5,10,華南永昌-頭份,2023-11-14,9343
2314,台揚,10,0,10,華南永昌-頭份,2023-11-14,9343
3105,穩懋,10,0,10,華南永昌-頭份,2023-11-14,9343
2605,新興,11,2,9,華南永昌-頭份,2023-11-14,9343
00665L,富邦�琤肭磪囓�2,55,47,8,華南永昌-頭份,2023-11-14,9343
00679B,元大美債20年,7,0,7,華南永昌-頭份,2023-11-14,9343
1815,富喬,13,6,7,華南永昌-頭份,2023-11-14,9343
2367,燿華,7,0,7,華南永昌-頭份,2023-11-14,9343
00902,中信電池及儲能,6,0,6,華南永昌-頭份,2023-11-14,9343
4167,松瑞藥,8,2,6,華南永昌-頭份,2023-11-14,9343
4958,臻鼎-KY,8,2,6,華南永昌-頭份,2023-11-14,9343
6284,佳邦,11,5,6,華南永昌-頭份,2023-11-14,9343
9910,豐泰,6,0,6,華南永昌-頭份,2023-11-14,9343
3049,精金,5,0,5,華南永昌-頭份,2023-11-14,9343
2014,中鴻,5,0,5,華南永昌-頭份,2023-11-14,9343
6127,九豪,7,2,5,華南永昌-頭份,2023-11-14,9343
6257,矽格,6,1,5,華南永昌-頭份,2023-11-14,9343
6292,迅德,5,0,5,華南永昌-頭份,2023-11-14,9343
6506,雙邦,5,0,5,華南永昌-頭份,2023-11-14,9343
6788,華景電,5,0,5,華南永昌-頭份,2023-11-14,9343
9935,慶豐富,5,0,5,華南永昌-頭份,2023-11-14,9343
6789,采鈺,10,6,4,華南永昌-頭份,2023-11-14,9343
6901,鑽石投資,5,1,4,華南永昌-頭份,2023-11-14,9343
2485,兆赫,4,0,4,華南永昌-頭份,2023-11-14,9343
3058,立德,4,0,4,華南永昌-頭份,2023-11-14,9343
3205,佰研,4,0,4,華南永昌-頭份,2023-11-14,9343
6194,育富,4,0,4,華南永昌-頭份,2023-11-14,9343
8176,智捷,4,0,4,華南永昌-頭份,2023-11-14,9343
2002,中鋼,3,0,3,華南永昌-頭份,2023-11-14,9343
1515,力山,19,16,3,華南永昌-頭份,2023-11-14,9343
00936,台新永續高息中小,3,0,3,華南永昌-頭份,2023-11-14,9343
00687B,國泰20年美債,3,0,3,華南永昌-頭份,2023-11-14,9343
3576,聯合再生,255,0,255,華南永昌-頭份,2023-11-15,9343
2882,國泰金,147,0,147,華南永昌-頭份,2023-11-15,9343
00900,富邦特選高股息30,144,0,144,華南永昌-頭份,2023-11-15,9343
2634,漢翔,95,0,95,華南永昌-頭份,2023-11-15,9343
00679B,元大美債20年,93,0,93,華南永昌-頭份,2023-11-15,9343
00878,國泰永續高股息,78,2,76,華南永昌-頭份,2023-11-15,9343
00933B,國泰10Y+金融債,100,29,71,華南永昌-頭份,2023-11-15,9343
00891,中信關鍵半導體,60,5,55,華南永昌-頭份,2023-11-15,9343
3011,今皓,50,0,50,華南永昌-頭份,2023-11-15,9343
2449,京元電子,37,2,35,華南永昌-頭份,2023-11-15,9343
3481,群創,76,42,34,華南永昌-頭份,2023-11-15,9343
00687B,國泰20年美債,32,3,29,華南永昌-頭份,2023-11-15,9343
1504,東元,30,5,25,華南永昌-頭份,2023-11-15,9343
2486,一詮,22,2,20,華南永昌-頭份,2023-11-15,9343
6244,茂迪,20,0,20,華南永昌-頭份,2023-11-15,9343
00929,復華台灣科技優息,82,62,20,華南永昌-頭份,2023-11-15,9343
2402,毅嘉,19,2,17,華南永昌-頭份,2023-11-15,9343
2867,三商壽,16,0,16,華南永昌-頭份,2023-11-15,9343
9934,成霖,15,0,15,華南永昌-頭份,2023-11-15,9343
1618,合機,15,1,14,華南永昌-頭份,2023-11-15,9343
1809,中釉,10,0,10,華南永昌-頭份,2023-11-15,9343
2332,友訊,13,3,10,華南永昌-頭份,2023-11-15,9343
2425,承啟,15,5,10,華南永昌-頭份,2023-11-15,9343
2483,百容,10,0,10,華南永昌-頭份,2023-11-15,9343
2520,冠德,10,0,10,華南永昌-頭份,2023-11-15,9343
3413,京鼎,12,2,10,華南永昌-頭份,2023-11-15,9343
1815,富喬,24,15,9,華南永昌-頭份,2023-11-15,9343
00632R,元大台灣50反1,10,1,9,華南永昌-頭份,2023-11-15,9343
2388,威盛,57,48,9,華南永昌-頭份,2023-11-15,9343
3305,昇貿,9,0,9,華南永昌-頭份,2023-11-15,9343
2303,聯電,17,9,8,華南永昌-頭份,2023-11-15,9343
2607,榮運,8,0,8,華南永昌-頭份,2023-11-15,9343
3706,神達,11,4,7,華南永昌-頭份,2023-11-15,9343
00931B,統一美債20年,7,0,7,華南永昌-頭份,2023-11-15,9343
00773B,中信優先金融債,7,0,7,華南永昌-頭份,2023-11-15,9343
2337,旺宏,8,1,7,華南永昌-頭份,2023-11-15,9343
0056,元大高股息,10,3,7,華南永昌-頭份,2023-11-15,9343
2023,燁輝,6,0,6,華南永昌-頭份,2023-11-15,9343
2359,所羅門,12,6,6,華南永昌-頭份,2023-11-15,9343
3078,僑威,19,13,6,華南永昌-頭份,2023-11-15,9343
8086,宏捷科,6,0,6,華南永昌-頭份,2023-11-15,9343
9904,寶成,9,3,6,華南永昌-頭份,2023-11-15,9343
8996,高力,7,1,6,華南永昌-頭份,2023-11-15,9343
00640L,富邦日本正2,5,0,5,華南永昌-頭份,2023-11-15,9343
00637L,元大滬深300正2,5,0,5,華南永昌-頭份,2023-11-15,9343
2887,台新金,7,2,5,華南永昌-頭份,2023-11-15,9343
3520,華盈,5,0,5,華南永昌-頭份,2023-11-15,9343
3545,敦泰,14,9,5,華南永昌-頭份,2023-11-15,9343
4128,中天,6,1,5,華南永昌-頭份,2023-11-15,9343
5381,合正,14,9,5,華南永昌-頭份,2023-11-15,9343
5512,力麒,102,2,100,華南永昌-頭份,2023-11-16,9343
00712,復華富時不動產,50,1,49,華南永昌-頭份,2023-11-16,9343
00665L,富邦�琤肭磪囓�2,47,4,43,華南永昌-頭份,2023-11-16,9343
2329,華泰,155,128,27,華南永昌-頭份,2023-11-16,9343
6125,廣運,28,2,26,華南永昌-頭份,2023-11-16,9343
1711,永光,23,0,23,華南永昌-頭份,2023-11-16,9343
2743,山富,30,7,23,華南永昌-頭份,2023-11-16,9343
5324,士開,24,1,23,華南永昌-頭份,2023-11-16,9343
00931B,統一美債20年,21,0,21,華南永昌-頭份,2023-11-16,9343
00687B,國泰20年美債,21,0,21,華南永昌-頭份,2023-11-16,9343
2382,廣達,20,1,19,華南永昌-頭份,2023-11-16,9343
6456,GIS-KY,18,0,18,華南永昌-頭份,2023-11-16,9343
00878,國泰永續高股息,34,18,16,華南永昌-頭份,2023-11-16,9343
2362,藍天,20,6,14,華南永昌-頭份,2023-11-16,9343
2352,佳世達,15,1,14,華南永昌-頭份,2023-11-16,9343
3231,緯創,20,7,13,華南永昌-頭份,2023-11-16,9343
1618,合機,20,7,13,華南永昌-頭份,2023-11-16,9343
2486,一詮,13,1,12,華南永昌-頭份,2023-11-16,9343
3041,揚智,26,14,12,華南永昌-頭份,2023-11-16,9343
1101,台泥,11,0,11,華南永昌-頭份,2023-11-16,9343
00680L,元大美債20正2,11,0,11,華南永昌-頭份,2023-11-16,9343
2313,華通,11,1,10,華南永昌-頭份,2023-11-16,9343
2317,鴻海,13,3,10,華南永昌-頭份,2023-11-16,9343
2834,臺企銀,10,0,10,華南永昌-頭份,2023-11-16,9343
3038,全台,10,0,10,華南永昌-頭份,2023-11-16,9343
8210,勤誠,20,10,10,華南永昌-頭份,2023-11-16,9343
6185,幃翔,10,1,9,華南永昌-頭份,2023-11-16,9343
2880,華南金,9,1,8,華南永昌-頭份,2023-11-16,9343
5516,雙喜,8,0,8,華南永昌-頭份,2023-11-16,9343
6156,松上,12,4,8,華南永昌-頭份,2023-11-16,9343
00885,富邦越南,7,0,7,華南永昌-頭份,2023-11-16,9343
4916,事欣科,7,0,7,華南永昌-頭份,2023-11-16,9343
2641,正德,6,0,6,華南永昌-頭份,2023-11-16,9343
2417,圓剛,41,35,6,華南永昌-頭份,2023-11-16,9343
00642U,期元大S＆P石油,6,0,6,華南永昌-頭份,2023-11-16,9343
1609,大亞,13,7,6,華南永昌-頭份,2023-11-16,9343
3679,新至陞,6,0,6,華南永昌-頭份,2023-11-16,9343
3708,上緯投控,6,0,6,華南永昌-頭份,2023-11-16,9343
5521,工信,19,13,6,華南永昌-頭份,2023-11-16,9343
1795,美時,16,11,5,華南永昌-頭份,2023-11-16,9343
00679B,元大美債20年,5,0,5,華南永昌-頭份,2023-11-16,9343
1527,鑽全,5,0,5,華南永昌-頭份,2023-11-16,9343
2402,毅嘉,8,3,5,華南永昌-頭份,2023-11-16,9343
2427,三商電,5,0,5,華南永昌-頭份,2023-11-16,9343
2516,新建,5,0,5,華南永昌-頭份,2023-11-16,9343
2882,國泰金,5,0,5,華南永昌-頭份,2023-11-16,9343
3265,台星科,5,0,5,華南永昌-頭份,2023-11-16,9343
3390,旭軟,5,0,5,華南永昌-頭份,2023-11-16,9343
4157,太景*-KY,10,5,5,華南永昌-頭份,2023-11-16,9343
4933,友輝,5,0,5,華南永昌-頭份,2023-11-16,9343
2344,華邦電,66,5,61,華南永昌-頭份,2023-11-17,9343
2890,永豐金,61,0,61,華南永昌-頭份,2023-11-17,9343
2520,冠德,50,0,50,華南永昌-頭份,2023-11-17,9343
00712,復華富時不動產,52,5,47,華南永昌-頭份,2023-11-17,9343
2427,三商電,31,0,31,華南永昌-頭份,2023-11-17,9343
00665L,富邦�琤肭磪囓�2,29,0,29,華南永昌-頭份,2023-11-17,9343
2905,三商,20,0,20,華南永昌-頭份,2023-11-17,9343
6125,廣運,32,12,20,華南永昌-頭份,2023-11-17,9343
2317,鴻海,25,6,19,華南永昌-頭份,2023-11-17,9343
1524,耿鼎,21,3,18,華南永昌-頭份,2023-11-17,9343
6284,佳邦,17,0,17,華南永昌-頭份,2023-11-17,9343
1339,昭輝,19,5,14,華南永昌-頭份,2023-11-17,9343
2610,華航,20,7,13,華南永昌-頭份,2023-11-17,9343
00642U,期元大S＆P石油,12,0,12,華南永昌-頭份,2023-11-17,9343
1711,永光,11,0,11,華南永昌-頭份,2023-11-17,9343
3230,錦明,11,0,11,華南永昌-頭份,2023-11-17,9343
3036,文曄,10,0,10,華南永昌-頭份,2023-11-17,9343
3149,正達,10,0,10,華南永昌-頭份,2023-11-17,9343
2443,昶虹,10,0,10,華南永昌-頭份,2023-11-17,9343
1319,東陽,22,12,10,華南永昌-頭份,2023-11-17,9343
2362,藍天,10,0,10,華南永昌-頭份,2023-11-17,9343
3162,精確,10,0,10,華南永昌-頭份,2023-11-17,9343
4908,前鼎,10,0,10,華南永昌-頭份,2023-11-17,9343
4933,友輝,10,0,10,華南永昌-頭份,2023-11-17,9343
3041,揚智,75,65,10,華南永昌-頭份,2023-11-17,9343
2401,凌陽,17,8,9,華南永昌-頭份,2023-11-17,9343
2888,新光金,9,0,9,華南永昌-頭份,2023-11-17,9343
2204,中華,10,2,8,華南永昌-頭份,2023-11-17,9343
00713,元大台灣高息低波,8,1,7,華南永昌-頭份,2023-11-17,9343
00633L,富邦上証正2,7,0,7,華南永昌-頭份,2023-11-17,9343
1731,美吾華,7,0,7,華南永昌-頭份,2023-11-17,9343
3322,建舜電,7,0,7,華南永昌-頭份,2023-11-17,9343
8163,達方,7,0,7,華南永昌-頭份,2023-11-17,9343
2618,長榮航,26,20,6,華南永昌-頭份,2023-11-17,9343
2609,陽明,7,1,6,華南永昌-頭份,2023-11-17,9343
2498,宏達電,6,0,6,華南永昌-頭份,2023-11-17,9343
4979,華星光,6,0,6,華南永昌-頭份,2023-11-17,9343
5014,建錩,6,0,6,華南永昌-頭份,2023-11-17,9343
6127,九豪,15,9,6,華南永昌-頭份,2023-11-17,9343
6770,力積電,15,9,6,華南永昌-頭份,2023-11-17,9343
8086,宏捷科,11,5,6,華南永昌-頭份,2023-11-17,9343
6901,鑽石投資,6,1,5,華南永昌-頭份,2023-11-17,9343
00715L,期街口布蘭特正2,5,0,5,華南永昌-頭份,2023-11-17,9343
1580,新麥,5,0,5,華南永昌-頭份,2023-11-17,9343
1618,合機,5,0,5,華南永昌-頭份,2023-11-17,9343
2425,承啟,5,0,5,華南永昌-頭份,2023-11-17,9343
2477,美隆電,5,0,5,華南永昌-頭份,2023-11-17,9343
3260,威剛,6,1,5,華南永昌-頭份,2023-11-17,9343
3276,宇環,7,2,5,華南永昌-頭份,2023-11-17,9343
3530,晶相光,5,0,5,華南永昌-頭份,2023-11-17,9343
00929,復華台灣科技優息,155,24,131,華南永昌-頭份,2023-11-20,9343
2516,新建,51,0,51,華南永昌-頭份,2023-11-20,9343
2258,鴻華先進-創,37,0,37,華南永昌-頭份,2023-11-20,9343
2542,興富發,36,0,36,華南永昌-頭份,2023-11-20,9343
1711,永光,30,0,30,華南永昌-頭份,2023-11-20,9343
2427,三商電,25,0,25,華南永昌-頭份,2023-11-20,9343
2303,聯電,35,11,24,華南永昌-頭份,2023-11-20,9343
4958,臻鼎-KY,31,8,23,華南永昌-頭份,2023-11-20,9343
2610,華航,26,5,21,華南永昌-頭份,2023-11-20,9343
2905,三商,20,0,20,華南永昌-頭份,2023-11-20,9343
5531,鄉林,23,3,20,華南永昌-頭份,2023-11-20,9343
2201,裕隆,18,1,17,華南永昌-頭份,2023-11-20,9343
4714,永捷,15,0,15,華南永昌-頭份,2023-11-20,9343
00934,中信成長高股息,14,0,14,華南永昌-頭份,2023-11-20,9343
00687B,國泰20年美債,12,0,12,華南永昌-頭份,2023-11-20,9343
2603,長榮,11,0,11,華南永昌-頭份,2023-11-20,9343
00680L,元大美債20正2,11,0,11,華南永昌-頭份,2023-11-20,9343
2417,圓剛,13,2,11,華南永昌-頭份,2023-11-20,9343
2362,藍天,10,0,10,華南永昌-頭份,2023-11-20,9343
2363,矽統,39,29,10,華南永昌-頭份,2023-11-20,9343
2443,昶虹,10,0,10,華南永昌-頭份,2023-11-20,9343
2731,雄獅,11,1,10,華南永昌-頭份,2023-11-20,9343
5706,鳳凰,11,2,9,華南永昌-頭份,2023-11-20,9343
00922,國泰台灣領袖50,8,0,8,華南永昌-頭份,2023-11-20,9343
3545,敦泰,25,17,8,華南永昌-頭份,2023-11-20,9343
4157,太景*-KY,8,0,8,華南永昌-頭份,2023-11-20,9343
1609,大亞,12,4,8,華南永昌-頭份,2023-11-20,9343
2312,金寶,9,2,7,華南永昌-頭份,2023-11-20,9343
2358,廷鑫,7,0,7,華南永昌-頭份,2023-11-20,9343
4919,新唐,7,0,7,華南永昌-頭份,2023-11-20,9343
6125,廣運,68,61,7,華南永昌-頭份,2023-11-20,9343
9955,佳龍,7,0,7,華南永昌-頭份,2023-11-20,9343
00679B,元大美債20年,6,0,6,華南永昌-頭份,2023-11-20,9343
1568,倉佑,8,2,6,華南永昌-頭份,2023-11-20,9343
2364,倫飛,6,0,6,華南永昌-頭份,2023-11-20,9343
2707,晶華,6,0,6,華南永昌-頭份,2023-11-20,9343
6415,矽力*-KY,11,5,6,華南永昌-頭份,2023-11-20,9343
1319,東陽,5,0,5,華南永昌-頭份,2023-11-20,9343
2425,承啟,5,0,5,華南永昌-頭份,2023-11-20,9343
2611,志信,5,0,5,華南永昌-頭份,2023-11-20,9343
2722,夏都,15,10,5,華南永昌-頭份,2023-11-20,9343
2743,山富,10,5,5,華南永昌-頭份,2023-11-20,9343
2897,王道銀行,35,30,5,華南永昌-頭份,2023-11-20,9343
3450,聯鈞,12,7,5,華南永昌-頭份,2023-11-20,9343
3680,家登,5,0,5,華南永昌-頭份,2023-11-20,9343
4147,中裕,5,0,5,華南永昌-頭份,2023-11-20,9343
4543,萬在,5,0,5,華南永昌-頭份,2023-11-20,9343
5009,榮剛,5,0,5,華南永昌-頭份,2023-11-20,9343
6174,安��,5,0,5,華南永昌-頭份,2023-11-20,9343
6598,ABC-KY,5,0,5,華南永昌-頭份,2023-11-20,9343
00929,復華台灣科技優息,276,48,228,華南永昌-頭份,2023-11-21,9343
2363,矽統,106,12,94,華南永昌-頭份,2023-11-21,9343
2516,新建,75,0,75,華南永昌-頭份,2023-11-21,9343
3231,緯創,77,25,52,華南永昌-頭份,2023-11-21,9343
3163,波若威,50,3,47,華南永昌-頭份,2023-11-21,9343
2882,國泰金,41,0,41,華南永昌-頭份,2023-11-21,9343
2520,冠德,36,0,36,華南永昌-頭份,2023-11-21,9343
2368,金像電,34,1,33,華南永昌-頭份,2023-11-21,9343
2303,聯電,35,4,31,華南永昌-頭份,2023-11-21,9343
6290,良維,30,0,30,華南永昌-頭份,2023-11-21,9343
2367,燿華,64,36,28,華南永昌-頭份,2023-11-21,9343
3059,華晶科,27,3,24,華南永昌-頭份,2023-11-21,9343
5351,鈺創,39,16,23,華南永昌-頭份,2023-11-21,9343
00680L,元大美債20正2,20,0,20,華南永昌-頭份,2023-11-21,9343
00640L,富邦日本正2,20,0,20,華南永昌-頭份,2023-11-21,9343
2007,燁興,20,0,20,華南永昌-頭份,2023-11-21,9343
6120,達運,20,0,20,華南永昌-頭份,2023-11-21,9343
6150,撼訊,20,0,20,華南永昌-頭份,2023-11-21,9343
1815,富喬,19,2,17,華南永昌-頭份,2023-11-21,9343
8011,台通,18,1,17,華南永昌-頭份,2023-11-21,9343
2867,三商壽,16,0,16,華南永昌-頭份,2023-11-21,9343
6197,佳必琪,15,1,14,華南永昌-頭份,2023-11-21,9343
2371,大同,13,0,13,華南永昌-頭份,2023-11-21,9343
2618,長榮航,18,5,13,華南永昌-頭份,2023-11-21,9343
3715,定穎投控,25,13,12,華南永昌-頭份,2023-11-21,9343
2486,一詮,12,0,12,華南永昌-頭份,2023-11-21,9343
3035,智原,18,7,11,華南永昌-頭份,2023-11-21,9343
3704,合勤控,25,14,11,華南永昌-頭份,2023-11-21,9343
5222,全訊,11,0,11,華南永昌-頭份,2023-11-21,9343
6168,宏齊,16,5,11,華南永昌-頭份,2023-11-21,9343
1108,幸福,10,0,10,華南永昌-頭份,2023-11-21,9343
00632R,元大台灣50反1,10,0,10,華南永昌-頭份,2023-11-21,9343
00882,中信中國高股息,10,0,10,華南永昌-頭份,2023-11-21,9343
1727,中華化,10,0,10,華南永昌-頭份,2023-11-21,9343
2493,揚博,10,0,10,華南永昌-頭份,2023-11-21,9343
3025,星通,17,7,10,華南永昌-頭份,2023-11-21,9343
3481,群創,10,0,10,華南永昌-頭份,2023-11-21,9343
8210,勤誠,22,12,10,華南永昌-頭份,2023-11-21,9343
2316,楠梓電,12,2,10,華南永昌-頭份,2023-11-21,9343
2329,華泰,14,4,10,華南永昌-頭份,2023-11-21,9343
00885,富邦越南,9,0,9,華南永昌-頭份,2023-11-21,9343
1605,華新,11,2,9,華南永昌-頭份,2023-11-21,9343
2417,圓剛,23,14,9,華南永昌-頭份,2023-11-21,9343
3276,宇環,14,5,9,華南永昌-頭份,2023-11-21,9343
3306,鼎天,11,2,9,華南永昌-頭份,2023-11-21,9343
2609,陽明,12,4,8,華南永昌-頭份,2023-11-21,9343
2031,新光鋼,9,1,8,華南永昌-頭份,2023-11-21,9343
2355,敬鵬,23,15,8,華南永昌-頭份,2023-11-21,9343
2610,華航,15,7,8,華南永昌-頭份,2023-11-21,9343
3413,京鼎,10,2,8,華南永昌-頭份,2023-11-21,9343
6116,彩晶,82,0,82,華南永昌-頭份,2023-11-22,9343
00712,復華富時不動產,50,0,50,華南永昌-頭份,2023-11-22,9343
2609,陽明,45,6,39,華南永昌-頭份,2023-11-22,9343
00919,群益台灣精選高息,48,12,36,華南永昌-頭份,2023-11-22,9343
6108,競國,36,1,35,華南永昌-頭份,2023-11-22,9343
2329,華泰,73,41,32,華南永昌-頭份,2023-11-22,9343
2201,裕隆,30,0,30,華南永昌-頭份,2023-11-22,9343
3059,華晶科,55,28,27,華南永昌-頭份,2023-11-22,9343
3231,緯創,53,29,24,華南永昌-頭份,2023-11-22,9343
6125,廣運,21,0,21,華南永昌-頭份,2023-11-22,9343
3043,科風,20,0,20,華南永昌-頭份,2023-11-22,9343
6290,良維,20,0,20,華南永昌-頭份,2023-11-22,9343
6579,研揚,23,5,18,華南永昌-頭份,2023-11-22,9343
00878,國泰永續高股息,24,7,17,華南永昌-頭份,2023-11-22,9343
2314,台揚,17,0,17,華南永昌-頭份,2023-11-22,9343
2353,宏��,17,0,17,華南永昌-頭份,2023-11-22,9343
2516,新建,17,1,16,華南永昌-頭份,2023-11-22,9343
2382,廣達,30,14,16,華南永昌-頭份,2023-11-22,9343
2017,官田鋼,15,0,15,華南永昌-頭份,2023-11-22,9343
5302,太欣,15,0,15,華南永昌-頭份,2023-11-22,9343
4958,臻鼎-KY,24,11,13,華南永昌-頭份,2023-11-22,9343
6548,長科*,12,0,12,華南永昌-頭份,2023-11-22,9343
2405,輔信,21,10,11,華南永昌-頭份,2023-11-22,9343
5426,振發,11,0,11,華南永昌-頭份,2023-11-22,9343
5871,中租-KY,10,0,10,華南永昌-頭份,2023-11-22,9343
2376,技嘉,13,3,10,華南永昌-頭份,2023-11-22,9343
2342,茂矽,10,0,10,華南永昌-頭份,2023-11-22,9343
2493,揚博,10,0,10,華南永昌-頭份,2023-11-22,9343
3556,禾瑞亞,10,0,10,華南永昌-頭份,2023-11-22,9343
5452,佶優,10,0,10,華南永昌-頭份,2023-11-22,9343
00936,台新永續高息中小,10,0,10,華南永昌-頭份,2023-11-22,9343
00640L,富邦日本正2,10,0,10,華南永昌-頭份,2023-11-22,9343
1319,東陽,30,20,10,華南永昌-頭份,2023-11-22,9343
3036,文曄,10,0,10,華南永昌-頭份,2023-11-22,9343
4906,正文,10,0,10,華南永昌-頭份,2023-11-22,9343
3665,貿聯-KY,10,0,10,華南永昌-頭份,2023-11-22,9343
3325,旭品,18,8,10,華南永昌-頭份,2023-11-22,9343
2301,光寶科,9,0,9,華南永昌-頭份,2023-11-22,9343
2356,英業達,19,11,8,華南永昌-頭份,2023-11-22,9343
6233,旺玖,9,1,8,華南永昌-頭份,2023-11-22,9343
00929,復華台灣科技優息,10,2,8,華南永昌-頭份,2023-11-22,9343
3413,京鼎,8,0,8,華南永昌-頭份,2023-11-22,9343
4919,新唐,8,0,8,華南永昌-頭份,2023-11-22,9343
6245,立端,8,0,8,華南永昌-頭份,2023-11-22,9343
2402,毅嘉,7,0,7,華南永昌-頭份,2023-11-22,9343
2515,中工,13,6,7,華南永昌-頭份,2023-11-22,9343
00687B,國泰20年美債,7,0,7,華南永昌-頭份,2023-11-22,9343
1568,倉佑,10,3,7,華南永昌-頭份,2023-11-22,9343
6532,瑞耘,7,0,7,華南永昌-頭份,2023-11-22,9343
0056,元大高股息,7,1,6,華南永昌-頭份,2023-11-22,9343
3481,群創,76,0,76,華南永昌-頭份,2023-11-23,9343
00878,國泰永續高股息,64,8,56,華南永昌-頭份,2023-11-23,9343
3231,緯創,45,5,40,華南永昌-頭份,2023-11-23,9343
6282,康舒,43,12,31,華南永昌-頭份,2023-11-23,9343
2363,矽統,42,12,30,華南永昌-頭份,2023-11-23,9343
2402,毅嘉,22,0,22,華南永昌-頭份,2023-11-23,9343
2314,台揚,21,0,21,華南永昌-頭份,2023-11-23,9343
00664R,國泰臺灣加權反1,20,0,20,華南永昌-頭份,2023-11-23,9343
00936,台新永續高息中小,20,0,20,華南永昌-頭份,2023-11-23,9343
2891,中信金,17,1,16,華南永昌-頭份,2023-11-23,9343
5521,工信,23,7,16,華南永昌-頭份,2023-11-23,9343
3013,晟銘電,23,8,15,華南永昌-頭份,2023-11-23,9343
00919,群益台灣精選高息,19,4,15,華南永昌-頭份,2023-11-23,9343
1319,東陽,15,1,14,華南永昌-頭份,2023-11-23,9343
2023,燁輝,15,1,14,華南永昌-頭份,2023-11-23,9343
6237,驊訊,35,24,11,華南永昌-頭份,2023-11-23,9343
1519,華城,11,0,11,華南永昌-頭份,2023-11-23,9343
3704,合勤控,10,0,10,華南永昌-頭份,2023-11-23,9343
5302,太欣,10,0,10,華南永昌-頭份,2023-11-23,9343
6214,精誠,10,0,10,華南永昌-頭份,2023-11-23,9343
6438,迅得,10,0,10,華南永昌-頭份,2023-11-23,9343
1785,光洋科,10,1,9,華南永昌-頭份,2023-11-23,9343
2329,華泰,11,2,9,華南永昌-頭份,2023-11-23,9343
3141,晶宏,10,1,9,華南永昌-頭份,2023-11-23,9343
3701,大眾控,10,1,9,華南永昌-頭份,2023-11-23,9343
4958,臻鼎-KY,22,13,9,華南永昌-頭份,2023-11-23,9343
9955,佳龍,9,0,9,華南永昌-頭份,2023-11-23,9343
00929,復華台灣科技優息,11,3,8,華南永昌-頭份,2023-11-23,9343
00642U,期元大S＆P石油,8,0,8,華南永昌-頭份,2023-11-23,9343
5272,笙科,28,20,8,華南永昌-頭份,2023-11-23,9343
5347,世界,44,36,8,華南永昌-頭份,2023-11-23,9343
6139,亞翔,11,3,8,華南永昌-頭份,2023-11-23,9343
8358,金居,10,2,8,華南永昌-頭份,2023-11-23,9343
3169,亞信,10,3,7,華南永昌-頭份,2023-11-23,9343
2736,富野,14,7,7,華南永昌-頭份,2023-11-23,9343
6129,普誠,12,5,7,華南永昌-頭份,2023-11-23,9343
00637L,元大滬深300正2,7,1,6,華南永昌-頭份,2023-11-23,9343
00633L,富邦上証正2,6,0,6,華南永昌-頭份,2023-11-23,9343
00631L,元大台灣50正2,6,0,6,華南永昌-頭份,2023-11-23,9343
3025,星通,8,2,6,華南永昌-頭份,2023-11-23,9343
3322,建舜電,6,0,6,華南永昌-頭份,2023-11-23,9343
00922,國泰台灣領袖50,5,0,5,華南永昌-頭份,2023-11-23,9343
00687B,國泰20年美債,5,0,5,華南永昌-頭份,2023-11-23,9343
00665L,富邦�琤肭磪囓�2,9,4,5,華南永昌-頭份,2023-11-23,9343
1504,東元,7,2,5,華南永昌-頭份,2023-11-23,9343
1618,合機,5,0,5,華南永昌-頭份,2023-11-23,9343
1808,潤隆,5,0,5,華南永昌-頭份,2023-11-23,9343
2029,盛餘,5,0,5,華南永昌-頭份,2023-11-23,9343
2342,茂矽,5,0,5,華南永昌-頭份,2023-11-23,9343
2495,普安,5,0,5,華南永昌-頭份,2023-11-23,9343
2736,富野,242,1,241,華南永昌-頭份,2023-11-24,9343
2618,長榮航,120,4,116,華南永昌-頭份,2023-11-24,9343
00632R,元大台灣50反1,35,0,35,華南永昌-頭份,2023-11-24,9343
2634,漢翔,57,22,35,華南永昌-頭份,2023-11-24,9343
5351,鈺創,34,10,24,華南永昌-頭份,2023-11-24,9343
2408,南亞科,23,0,23,華南永昌-頭份,2023-11-24,9343
1514,亞力,61,38,23,華南永昌-頭份,2023-11-24,9343
2303,聯電,24,2,22,華南永昌-頭份,2023-11-24,9343
2888,新光金,36,14,22,華南永昌-頭份,2023-11-24,9343
00680L,元大美債20正2,21,0,21,華南永昌-頭份,2023-11-24,9343
2002,中鋼,20,2,18,華南永昌-頭份,2023-11-24,9343
3006,晶豪科,28,10,18,華南永昌-頭份,2023-11-24,9343
3706,神達,16,0,16,華南永昌-頭份,2023-11-24,9343
2610,華航,23,8,15,華南永昌-頭份,2023-11-24,9343
1609,大亞,24,10,14,華南永昌-頭份,2023-11-24,9343
2516,新建,14,0,14,華南永昌-頭份,2023-11-24,9343
2515,中工,13,0,13,華南永昌-頭份,2023-11-24,9343
4157,太景*-KY,15,2,13,華南永昌-頭份,2023-11-24,9343
3047,訊舟,12,0,12,華南永昌-頭份,2023-11-24,9343
3231,緯創,24,12,12,華南永昌-頭份,2023-11-24,9343
6901,鑽石投資,13,1,12,華南永昌-頭份,2023-11-24,9343
2405,輔信,13,2,11,華南永昌-頭份,2023-11-24,9343
00665L,富邦�琤肭磪囓�2,21,10,11,華南永昌-頭份,2023-11-24,9343
2344,華邦電,11,0,11,華南永昌-頭份,2023-11-24,9343
00933B,國泰10Y+金融債,10,0,10,華南永昌-頭份,2023-11-24,9343
2204,中華,10,0,10,華南永昌-頭份,2023-11-24,9343
2329,華泰,10,0,10,華南永昌-頭份,2023-11-24,9343
2605,新興,10,0,10,華南永昌-頭份,2023-11-24,9343
2701,萬企,10,0,10,華南永昌-頭份,2023-11-24,9343
2903,遠百,10,0,10,華南永昌-頭份,2023-11-24,9343
5328,華容,15,5,10,華南永昌-頭份,2023-11-24,9343
6147,頎邦,10,0,10,華南永昌-頭份,2023-11-24,9343
2363,矽統,34,25,9,華南永昌-頭份,2023-11-24,9343
1305,華夏,9,0,9,華南永昌-頭份,2023-11-24,9343
3105,穩懋,17,8,9,華南永昌-頭份,2023-11-24,9343
3437,榮創,12,3,9,華南永昌-頭份,2023-11-24,9343
2492,華新科,11,3,8,華南永昌-頭份,2023-11-24,9343
4526,東台,10,2,8,華南永昌-頭份,2023-11-24,9343
5210,寶碩,8,0,8,華南永昌-頭份,2023-11-24,9343
8033,雷虎,10,2,8,華南永昌-頭份,2023-11-24,9343
2417,圓剛,12,5,7,華南永昌-頭份,2023-11-24,9343
2436,偉詮電,7,0,7,華南永昌-頭份,2023-11-24,9343
3694,海華,19,12,7,華南永昌-頭份,2023-11-24,9343
6116,彩晶,7,0,7,華南永昌-頭份,2023-11-24,9343
6550,北極星藥業-KY,7,0,7,華南永昌-頭份,2023-11-24,9343
00878,國泰永續高股息,9,3,6,華南永昌-頭份,2023-11-24,9343
00850,元大臺灣ESG永續,6,0,6,華南永昌-頭份,2023-11-24,9343
00888,永豐台灣ESG,6,0,6,華南永昌-頭份,2023-11-24,9343
1605,華新,8,2,6,華南永昌-頭份,2023-11-24,9343
6173,信昌電,6,0,6,華南永昌-頭份,2023-11-24,9343
00642U,期元大S＆P石油,47,0,47,華南永昌-頭份,2023-11-27,9343
00919,群益台灣精選高息,46,10,36,華南永昌-頭份,2023-11-27,9343
3078,僑威,30,2,28,華南永昌-頭份,2023-11-27,9343
00931B,統一美債20年,27,1,26,華南永昌-頭份,2023-11-27,9343
00712,復華富時不動產,24,0,24,華南永昌-頭份,2023-11-27,9343
4958,臻鼎-KY,24,0,24,華南永昌-頭份,2023-11-27,9343
00929,復華台灣科技優息,44,22,22,華南永昌-頭份,2023-11-27,9343
00933B,國泰10Y+金融債,22,0,22,華南永昌-頭份,2023-11-27,9343
2313,華通,85,64,21,華南永昌-頭份,2023-11-27,9343
4188,安克,26,5,21,華南永昌-頭份,2023-11-27,9343
2344,華邦電,31,11,20,華南永昌-頭份,2023-11-27,9343
00637L,元大滬深300正2,19,0,19,華南永昌-頭份,2023-11-27,9343
2201,裕隆,17,0,17,華南永昌-頭份,2023-11-27,9343
2371,大同,15,0,15,華南永昌-頭份,2023-11-27,9343
2882,國泰金,15,0,15,華南永昌-頭份,2023-11-27,9343
4121,優盛,16,1,15,華南永昌-頭份,2023-11-27,9343
4526,東台,15,0,15,華南永昌-頭份,2023-11-27,9343
5351,鈺創,17,2,15,華南永昌-頭份,2023-11-27,9343
2634,漢翔,16,1,15,華南永昌-頭份,2023-11-27,9343
1101,台泥,14,0,14,華南永昌-頭份,2023-11-27,9343
2401,凌陽,14,0,14,華南永昌-頭份,2023-11-27,9343
3704,合勤控,16,2,14,華南永昌-頭份,2023-11-27,9343
5347,世界,18,4,14,華南永昌-頭份,2023-11-27,9343
3231,緯創,18,6,12,華南永昌-頭份,2023-11-27,9343
2409,友達,11,0,11,華南永昌-頭份,2023-11-27,9343
2402,毅嘉,11,0,11,華南永昌-頭份,2023-11-27,9343
00633L,富邦上証正2,11,0,11,華南永昌-頭份,2023-11-27,9343
6213,聯茂,11,0,11,華南永昌-頭份,2023-11-27,9343
6708,天擎,11,0,11,華南永昌-頭份,2023-11-27,9343
8112,至上,13,2,11,華南永昌-頭份,2023-11-27,9343
2382,廣達,14,4,10,華南永昌-頭份,2023-11-27,9343
4123,晟德,11,0,11,華南永昌-頭份,2023-11-27,9343
5009,榮剛,10,0,10,華南永昌-頭份,2023-11-27,9343
00679B,元大美債20年,10,0,10,華南永昌-頭份,2023-11-27,9343
00923,群益台ESG低碳50,10,0,10,華南永昌-頭份,2023-11-27,9343
1442,名軒,10,0,10,華南永昌-頭份,2023-11-27,9343
1809,中釉,11,1,10,華南永昌-頭份,2023-11-27,9343
2732,六角,10,0,10,華南永昌-頭份,2023-11-27,9343
3031,佰鴻,10,0,10,華南永昌-頭份,2023-11-27,9343
3047,訊舟,10,0,10,華南永昌-頭份,2023-11-27,9343
3437,榮創,27,17,10,華南永昌-頭份,2023-11-27,9343
3710,連展投控,10,0,10,華南永昌-頭份,2023-11-27,9343
4552,力達-KY,10,0,10,華南永昌-頭份,2023-11-27,9343
4707,磐亞,10,0,10,華南永昌-頭份,2023-11-27,9343
4714,永捷,10,0,10,華南永昌-頭份,2023-11-27,9343
5531,鄉林,10,0,10,華南永昌-頭份,2023-11-27,9343
6129,普誠,11,1,10,華南永昌-頭份,2023-11-27,9343
9944,新麗,9,0,9,華南永昌-頭份,2023-11-27,9343
2458,義隆,9,0,9,華南永昌-頭份,2023-11-27,9343
2610,華航,12,3,9,華南永昌-頭份,2023-11-27,9343
3481,群創,79,8,71,華南永昌-頭份,2023-11-28,9343
1101,台泥,65,7,58,華南永昌-頭份,2023-11-28,9343
4157,太景*-KY,59,7,52,華南永昌-頭份,2023-11-28,9343
00902,中信電池及儲能,50,0,50,華南永昌-頭份,2023-11-28,9343
6168,宏齊,41,3,38,華南永昌-頭份,2023-11-28,9343
2367,燿華,59,23,36,華南永昌-頭份,2023-11-28,9343
00712,復華富時不動產,30,0,30,華南永昌-頭份,2023-11-28,9343
2303,聯電,22,0,22,華南永昌-頭份,2023-11-28,9343
00665L,富邦�琤肭磪囓�2,23,2,21,華南永昌-頭份,2023-11-28,9343
2399,映泰,21,0,21,華南永昌-頭份,2023-11-28,9343
6127,九豪,17,0,17,華南永昌-頭份,2023-11-28,9343
5302,太欣,16,0,16,華南永昌-頭份,2023-11-28,9343
2371,大同,14,0,14,華南永昌-頭份,2023-11-28,9343
8358,金居,14,0,14,華南永昌-頭份,2023-11-28,9343
0050,元大台灣50,14,0,14,華南永昌-頭份,2023-11-28,9343
2359,所羅門,13,0,13,華南永昌-頭份,2023-11-28,9343
00919,群益台灣精選高息,13,1,12,華南永昌-頭份,2023-11-28,9343
2606,裕民,27,15,12,華南永昌-頭份,2023-11-28,9343
1701,中化,13,2,11,華南永昌-頭份,2023-11-28,9343
5014,建錩,11,0,11,華南永昌-頭份,2023-11-28,9343
00642U,期元大S＆P石油,10,0,10,華南永昌-頭份,2023-11-28,9343
00640L,富邦日本正2,10,0,10,華南永昌-頭份,2023-11-28,9343
1711,永光,10,0,10,華南永昌-頭份,2023-11-28,9343
1717,長興,10,0,10,華南永昌-頭份,2023-11-28,9343
3013,晟銘電,10,0,10,華南永昌-頭份,2023-11-28,9343
4707,磐亞,10,0,10,華南永昌-頭份,2023-11-28,9343
5347,世界,10,0,10,華南永昌-頭份,2023-11-28,9343
3701,大眾控,10,1,9,華南永昌-頭份,2023-11-28,9343
5292,華懋,8,0,8,華南永昌-頭份,2023-11-28,9343
1781,合世,7,0,7,華南永昌-頭份,2023-11-28,9343
2641,正德,20,13,7,華南永昌-頭份,2023-11-28,9343
5258,虹堡,11,4,7,華南永昌-頭份,2023-11-28,9343
6179,亞通,7,0,7,華南永昌-頭份,2023-11-28,9343
00930,永豐ESG低碳高息,6,0,6,華南永昌-頭份,2023-11-28,9343
1568,倉佑,9,4,5,華南永昌-頭份,2023-11-28,9343
00934,中信成長高股息,5,0,5,華南永昌-頭份,2023-11-28,9343
2401,凌陽,14,9,5,華南永昌-頭份,2023-11-28,9343
2442,新美齊,5,0,5,華南永昌-頭份,2023-11-28,9343
3041,揚智,17,12,5,華南永昌-頭份,2023-11-28,9343
3322,建舜電,5,0,5,華南永昌-頭份,2023-11-28,9343
3705,永信,5,0,5,華南永昌-頭份,2023-11-28,9343
4106,雃博,10,5,5,華南永昌-頭份,2023-11-28,9343
6237,驊訊,6,1,5,華南永昌-頭份,2023-11-28,9343
8996,高力,5,0,5,華南永昌-頭份,2023-11-28,9343
2330,台積電,5,0,5,華南永昌-頭份,2023-11-28,9343
2454,聯發科,5,1,4,華南永昌-頭份,2023-11-28,9343
00885,富邦越南,4,0,4,華南永昌-頭份,2023-11-28,9343
00929,復華台灣科技優息,11,7,4,華南永昌-頭份,2023-11-28,9343
1618,合機,5,1,4,華南永昌-頭份,2023-11-28,9343
2312,金寶,4,0,4,華南永昌-頭份,2023-11-28,9343
00882,中信中國高股息,208,0,208,華南永昌-頭份,2023-11-29,9343
00715L,期街口布蘭特正2,85,0,85,華南永昌-頭份,2023-11-29,9343
00712,復華富時不動產,55,0,55,華南永昌-頭份,2023-11-29,9343
2736,富野,50,0,50,華南永昌-頭份,2023-11-29,9343
00902,中信電池及儲能,50,0,50,華南永昌-頭份,2023-11-29,9343
2611,志信,45,0,45,華南永昌-頭份,2023-11-29,9343
2462,良得電,40,0,40,華南永昌-頭份,2023-11-29,9343
00919,群益台灣精選高息,37,0,37,華南永昌-頭份,2023-11-29,9343
00665L,富邦�琤肭磪囓�2,35,0,35,華南永昌-頭份,2023-11-29,9343
00929,復華台灣科技優息,31,1,30,華南永昌-頭份,2023-11-29,9343
1442,名軒,30,2,28,華南永昌-頭份,2023-11-29,9343
4157,太景*-KY,35,13,22,華南永昌-頭份,2023-11-29,9343
3481,群創,21,0,21,華南永昌-頭份,2023-11-29,9343
2905,三商,20,0,20,華南永昌-頭份,2023-11-29,9343
4533,協易機,20,0,20,華南永昌-頭份,2023-11-29,9343
4542,科嶠,17,0,17,華南永昌-頭份,2023-11-29,9343
1319,東陽,15,0,15,華南永昌-頭份,2023-11-29,9343
2492,華新科,20,5,15,華南永昌-頭份,2023-11-29,9343
3231,緯創,30,16,14,華南永昌-頭份,2023-11-29,9343
00773B,中信優先金融債,14,0,14,華南永昌-頭份,2023-11-29,9343
2442,新美齊,15,1,14,華南永昌-頭份,2023-11-29,9343
00637L,元大滬深300正2,18,5,13,華南永昌-頭份,2023-11-29,9343
2887,台新金,12,0,12,華南永昌-頭份,2023-11-29,9343
2377,微星,17,6,11,華南永昌-頭份,2023-11-29,9343
00720B,元大投資級公司債,11,0,11,華南永昌-頭份,2023-11-29,9343
1718,中纖,11,0,11,華南永昌-頭份,2023-11-29,9343
3090,日電貿,12,1,11,華南永昌-頭份,2023-11-29,9343
00687B,國泰20年美債,10,0,10,華南永昌-頭份,2023-11-29,9343
2402,毅嘉,10,0,10,華南永昌-頭份,2023-11-29,9343
2520,冠德,10,0,10,華南永昌-頭份,2023-11-29,9343
8358,金居,10,0,10,華南永昌-頭份,2023-11-29,9343
6204,艾華,16,6,10,華南永昌-頭份,2023-11-29,9343
3035,智原,23,13,10,華南永昌-頭份,2023-11-29,9343
00751B,元大AAA至A公司債,9,0,9,華南永昌-頭份,2023-11-29,9343
6589,台康生技,10,1,9,華南永昌-頭份,2023-11-29,9343
8054,安國,62,53,9,華南永昌-頭份,2023-11-29,9343
5608,四維航,8,0,8,華南永昌-頭份,2023-11-29,9343
2351,順德,9,1,8,華南永昌-頭份,2023-11-29,9343
2369,菱生,31,23,8,華南永昌-頭份,2023-11-29,9343
2393,億光,8,0,8,華南永昌-頭份,2023-11-29,9343
2547,日勝生,8,0,8,華南永昌-頭份,2023-11-29,9343
2610,華航,15,7,8,華南永昌-頭份,2023-11-29,9343
2618,長榮航,7,0,7,華南永昌-頭份,2023-11-29,9343
00633L,富邦上証正2,7,0,7,華南永昌-頭份,2023-11-29,9343
2303,聯電,14,7,7,華南永昌-頭份,2023-11-29,9343
2834,臺企銀,7,0,7,華南永昌-頭份,2023-11-29,9343
2883,凱基金,9,2,7,華南永昌-頭份,2023-11-29,9343
6125,廣運,7,0,7,華南永昌-頭份,2023-11-29,9343
9933,中鼎,7,0,7,華南永昌-頭份,2023-11-29,9343
2363,矽統,12,6,6,華南永昌-頭份,2023-11-29,9343
1721,三晃,76,0,76,華南永昌-頭份,2023-11-30,9343
00919,群益台灣精選高息,66,0,66,華南永昌-頭份,2023-11-30,9343
3059,華晶科,66,1,65,華南永昌-頭份,2023-11-30,9343
3141,晶宏,50,0,50,華南永昌-頭份,2023-11-30,9343
00712,復華富時不動產,49,0,49,華南永昌-頭份,2023-11-30,9343
2376,技嘉,45,2,43,華南永昌-頭份,2023-11-30,9343
5347,世界,31,1,30,華南永昌-頭份,2023-11-30,9343
00764B,群益25年美債,21,0,21,華南永昌-頭份,2023-11-30,9343
2520,冠德,20,0,20,華南永昌-頭份,2023-11-30,9343
6175,立敦,20,0,20,華南永昌-頭份,2023-11-30,9343
1101,台泥,20,1,19,華南永昌-頭份,2023-11-30,9343
2337,旺宏,20,2,18,華南永昌-頭份,2023-11-30,9343
3231,緯創,26,8,18,華南永昌-頭份,2023-11-30,9343
6245,立端,17,0,17,華南永昌-頭份,2023-11-30,9343
2388,威盛,37,21,16,華南永昌-頭份,2023-11-30,9343
5328,華容,45,29,16,華南永昌-頭份,2023-11-30,9343
2356,英業達,20,4,16,華南永昌-頭份,2023-11-30,9343
2515,中工,15,0,15,華南永昌-頭份,2023-11-30,9343
6435,大中,15,0,15,華南永昌-頭份,2023-11-30,9343
8210,勤誠,30,15,15,華南永昌-頭份,2023-11-30,9343
2369,菱生,17,3,14,華南永昌-頭份,2023-11-30,9343
00679B,元大美債20年,25,11,14,華南永昌-頭份,2023-11-30,9343
3047,訊舟,14,0,14,華南永昌-頭份,2023-11-30,9343
8112,至上,19,5,14,華南永昌-頭份,2023-11-30,9343
5381,合正,20,7,13,華南永昌-頭份,2023-11-30,9343
3545,敦泰,14,1,13,華南永昌-頭份,2023-11-30,9343
00882,中信中國高股息,11,0,11,華南永昌-頭份,2023-11-30,9343
00934,中信成長高股息,16,5,11,華南永昌-頭份,2023-11-30,9343
00665L,富邦�琤肭磪囓�2,11,0,11,華南永昌-頭份,2023-11-30,9343
2492,華新科,14,3,11,華南永昌-頭份,2023-11-30,9343
3265,台星科,13,2,11,華南永昌-頭份,2023-11-30,9343
3356,奇偶,11,0,11,華南永昌-頭份,2023-11-30,9343
6244,茂迪,11,0,11,華南永昌-頭份,2023-11-30,9343
1442,名軒,10,0,10,華南永昌-頭份,2023-11-30,9343
1609,大亞,10,0,10,華南永昌-頭份,2023-11-30,9343
6153,嘉聯益,10,0,10,華南永昌-頭份,2023-11-30,9343
2301,光寶科,9,0,9,華南永昌-頭份,2023-11-30,9343
2353,宏��,13,4,9,華南永昌-頭份,2023-11-30,9343
6173,信昌電,10,1,9,華南永昌-頭份,2023-11-30,9343
00642U,期元大S＆P石油,10,2,8,華南永昌-頭份,2023-11-30,9343
1519,華城,12,4,8,華南永昌-頭份,2023-11-30,9343
2442,新美齊,9,1,8,華南永昌-頭份,2023-11-30,9343
3038,全台,10,2,8,華南永昌-頭份,2023-11-30,9343
8150,南茂,13,5,8,華南永昌-頭份,2023-11-30,9343
2201,裕隆,7,0,7,華南永昌-頭份,2023-11-30,9343
1312,國喬,7,0,7,華南永昌-頭份,2023-11-30,9343
1568,倉佑,11,4,7,華南永昌-頭份,2023-11-30,9343
2834,臺企銀,7,0,7,華南永昌-頭份,2023-11-30,9343
6535,順藥,7,0,7,華南永昌-頭份,2023-11-30,9343
2609,陽明,6,0,6,華南永昌-頭份,2023-11-30,9343
00680L,元大美債20正2,111,0,111,華南永昌-頭份,2023-12-01,9343
2462,良得電,60,0,60,華南永昌-頭份,2023-12-01,9343
2892,第一金,50,0,50,華南永昌-頭份,2023-12-01,9343
2002,中鋼,46,0,46,華南永昌-頭份,2023-12-01,9343
00712,復華富時不動產,40,0,40,華南永昌-頭份,2023-12-01,9343
5258,虹堡,39,1,38,華南永昌-頭份,2023-12-01,9343
00919,群益台灣精選高息,37,0,37,華南永昌-頭份,2023-12-01,9343
6168,宏齊,42,6,36,華南永昌-頭份,2023-12-01,9343
3363,上詮,36,12,24,華南永昌-頭份,2023-12-01,9343
5443,均豪,20,0,20,華南永昌-頭份,2023-12-01,9343
2204,中華,19,0,19,華南永昌-頭份,2023-12-01,9343
4157,太景*-KY,49,31,18,華南永昌-頭份,2023-12-01,9343
2329,華泰,71,54,17,華南永昌-頭份,2023-12-01,9343
2609,陽明,24,9,15,華南永昌-頭份,2023-12-01,9343
00915,凱基優選高股息30,15,0,15,華南永昌-頭份,2023-12-01,9343
00642U,期元大S＆P石油,15,0,15,華南永昌-頭份,2023-12-01,9343
3011,今皓,15,0,15,華南永昌-頭份,2023-12-01,9343
3576,聯合再生,15,0,15,華南永昌-頭份,2023-12-01,9343
5328,華容,57,43,14,華南永昌-頭份,2023-12-01,9343
2891,中信金,13,0,13,華南永昌-頭份,2023-12-01,9343
1582,信錦,40,27,13,華南永昌-頭份,2023-12-01,9343
2883,凱基金,13,0,13,華南永昌-頭份,2023-12-01,9343
3035,智原,23,10,13,華南永昌-頭份,2023-12-01,9343
00633L,富邦上証正2,11,0,11,華南永昌-頭份,2023-12-01,9343
1522,堤維西,11,0,11,華南永昌-頭份,2023-12-01,9343
3545,敦泰,19,8,11,華南永昌-頭份,2023-12-01,9343
5871,中租-KY,10,0,10,華南永昌-頭份,2023-12-01,9343
1530,亞崴,10,0,10,華南永昌-頭份,2023-12-01,9343
2027,大成鋼,10,0,10,華南永昌-頭份,2023-12-01,9343
2211,長榮鋼,10,0,10,華南永昌-頭份,2023-12-01,9343
2382,廣達,18,8,10,華南永昌-頭份,2023-12-01,9343
3006,晶豪科,10,0,10,華南永昌-頭份,2023-12-01,9343
4566,時碩工業,10,0,10,華南永昌-頭份,2023-12-01,9343
6116,彩晶,10,0,10,華南永昌-頭份,2023-12-01,9343
1503,士電,10,1,9,華南永昌-頭份,2023-12-01,9343
3050,鈺德,14,5,9,華南永昌-頭份,2023-12-01,9343
5272,笙科,9,0,9,華南永昌-頭份,2023-12-01,9343
8110,華東,10,1,9,華南永昌-頭份,2023-12-01,9343
9919,康那香,22,13,9,華南永昌-頭份,2023-12-01,9343
6233,旺玖,27,18,9,華南永昌-頭份,2023-12-01,9343
1605,華新,8,0,8,華南永昌-頭份,2023-12-01,9343
00933B,國泰10Y+金融債,8,0,8,華南永昌-頭份,2023-12-01,9343
3041,揚智,17,9,8,華南永昌-頭份,2023-12-01,9343
6127,九豪,8,0,8,華南永昌-頭份,2023-12-01,9343
6139,亞翔,7,0,7,華南永昌-頭份,2023-12-01,9343
6276,安鈦克,12,5,7,華南永昌-頭份,2023-12-01,9343
6235,華孚,6,0,6,華南永昌-頭份,2023-12-01,9343
3583,辛耘,7,1,6,華南永昌-頭份,2023-12-01,9343
4958,臻鼎-KY,6,0,6,華南永昌-頭份,2023-12-01,9343
6799,來頡,7,1,6,華南永昌-頭份,2023-12-01,9343
00933B,國泰10Y+金融債,110,0,110,華南永昌-頭份,2023-12-04,9343
3011,今皓,99,1,98,華南永昌-頭份,2023-12-04,9343
00642U,期元大S＆P石油,60,0,60,華南永昌-頭份,2023-12-04,9343
00687B,國泰20年美債,51,0,51,華南永昌-頭份,2023-12-04,9343
2332,友訊,53,4,49,華南永昌-頭份,2023-12-04,9343
6235,華孚,40,1,39,華南永昌-頭份,2023-12-04,9343
00919,群益台灣精選高息,51,16,35,華南永昌-頭份,2023-12-04,9343
8210,勤誠,29,4,25,華南永昌-頭份,2023-12-04,9343
1605,華新,34,10,24,華南永昌-頭份,2023-12-04,9343
4167,松瑞藥,33,10,23,華南永昌-頭份,2023-12-04,9343
4157,太景*-KY,174,154,20,華南永昌-頭份,2023-12-04,9343
2884,玉山金,20,0,20,華南永昌-頭份,2023-12-04,9343
2897,王道銀行,20,0,20,華南永昌-頭份,2023-12-04,9343
3317,尼克森,20,1,19,華南永昌-頭份,2023-12-04,9343
1504,東元,17,0,17,華南永昌-頭份,2023-12-04,9343
2367,燿華,52,37,15,華南永昌-頭份,2023-12-04,9343
00715L,期街口布蘭特正2,15,0,15,華南永昌-頭份,2023-12-04,9343
2316,楠梓電,16,1,15,華南永昌-頭份,2023-12-04,9343
2376,技嘉,16,2,14,華南永昌-頭份,2023-12-04,9343
8096,擎亞,12,0,12,華南永昌-頭份,2023-12-04,9343
00918,大華優利高填息30,12,0,12,華南永昌-頭份,2023-12-04,9343
2313,華通,21,9,12,華南永昌-頭份,2023-12-04,9343
2609,陽明,65,53,12,華南永昌-頭份,2023-12-04,9343
6486,互動,12,0,12,華南永昌-頭份,2023-12-04,9343
2329,華泰,44,33,11,華南永昌-頭份,2023-12-04,9343
6245,立端,13,2,11,華南永昌-頭份,2023-12-04,9343
2617,台航,14,4,10,華南永昌-頭份,2023-12-04,9343
2402,毅嘉,12,2,10,華南永昌-頭份,2023-12-04,9343
3715,定穎投控,29,19,10,華南永昌-頭份,2023-12-04,9343
1530,亞崴,15,5,10,華南永昌-頭份,2023-12-04,9343
2739,寒舍,10,0,10,華南永昌-頭份,2023-12-04,9343
3071,協禧,10,0,10,華南永昌-頭份,2023-12-04,9343
1513,中興電,17,8,9,華南永昌-頭份,2023-12-04,9343
1524,耿鼎,9,0,9,華南永昌-頭份,2023-12-04,9343
6593,台灣銘板,8,0,8,華南永昌-頭份,2023-12-04,9343
1339,昭輝,8,0,8,華南永昌-頭份,2023-12-04,9343
1568,倉佑,10,2,8,華南永昌-頭份,2023-12-04,9343
2618,長榮航,14,6,8,華南永昌-頭份,2023-12-04,9343
5464,霖宏,8,0,8,華南永昌-頭份,2023-12-04,9343
6194,育富,8,0,8,華南永昌-頭份,2023-12-04,9343
3036,文曄,7,0,7,華南永昌-頭份,2023-12-04,9343
2369,菱生,7,0,7,華南永昌-頭份,2023-12-04,9343
00720B,元大投資級公司債,7,0,7,華南永昌-頭份,2023-12-04,9343
1732,毛寶,7,0,7,華南永昌-頭份,2023-12-04,9343
2433,互盛電,7,0,7,華南永昌-頭份,2023-12-04,9343
5272,笙科,8,1,7,華南永昌-頭份,2023-12-04,9343
2603,長榮,10,3,7,華南永昌-頭份,2023-12-04,9343
00637L,元大滬深300正2,11,5,6,華南永昌-頭份,2023-12-04,9343
4550,長佳,6,0,6,華南永昌-頭份,2023-12-04,9343
4561,健椿,6,0,6,華南永昌-頭份,2023-12-04,9343
2641,正德,249,17,232,華南永昌-頭份,2023-12-05,9343
00937B,群益ESG投等債20,238,113,125,華南永昌-頭份,2023-12-05,9343
00919,群益台灣精選高息,79,0,79,華南永昌-頭份,2023-12-05,9343
3481,群創,92,14,78,華南永昌-頭份,2023-12-05,9343
3024,憶聲,60,0,60,華南永昌-頭份,2023-12-05,9343
6168,宏齊,54,0,54,華南永昌-頭份,2023-12-05,9343
2605,新興,72,20,52,華南永昌-頭份,2023-12-05,9343
5608,四維航,47,16,31,華南永昌-頭份,2023-12-05,9343
1605,華新,32,2,30,華南永昌-頭份,2023-12-05,9343
1721,三晃,30,0,30,華南永昌-頭份,2023-12-05,9343
2367,燿華,44,18,26,華南永昌-頭份,2023-12-05,9343
00933B,國泰10Y+金融債,34,10,24,華南永昌-頭份,2023-12-05,9343
6245,立端,34,10,24,華南永昌-頭份,2023-12-05,9343
00680L,元大美債20正2,28,5,23,華南永昌-頭份,2023-12-05,9343
6742,澤米,23,0,23,華南永昌-頭份,2023-12-05,9343
2417,圓剛,25,3,22,華南永昌-頭份,2023-12-05,9343
2617,台航,59,37,22,華南永昌-頭份,2023-12-05,9343
4933,友輝,25,3,22,華南永昌-頭份,2023-12-05,9343
5009,榮剛,20,0,20,華南永昌-頭份,2023-12-05,9343
00929,復華台灣科技優息,29,9,20,華南永昌-頭份,2023-12-05,9343
2332,友訊,21,2,19,華南永昌-頭份,2023-12-05,9343
3545,敦泰,19,1,18,華南永昌-頭份,2023-12-05,9343
5258,虹堡,16,0,16,華南永昌-頭份,2023-12-05,9343
00637L,元大滬深300正2,18,3,15,華南永昌-頭份,2023-12-05,9343
1504,東元,20,5,15,華南永昌-頭份,2023-12-05,9343
2610,華航,15,0,15,華南永昌-頭份,2023-12-05,9343
3013,晟銘電,63,50,13,華南永昌-頭份,2023-12-05,9343
3708,上緯投控,13,0,13,華南永昌-頭份,2023-12-05,9343
00633L,富邦上証正2,12,0,12,華南永昌-頭份,2023-12-05,9343
00642U,期元大S＆P石油,11,0,11,華南永昌-頭份,2023-12-05,9343
00687B,國泰20年美債,11,0,11,華南永昌-頭份,2023-12-05,9343
00918,大華優利高填息30,11,0,11,華南永昌-頭份,2023-12-05,9343
2601,益航,17,6,11,華南永昌-頭份,2023-12-05,9343
2613,中櫃,12,1,11,華南永昌-頭份,2023-12-05,9343
2516,新建,10,0,10,華南永昌-頭份,2023-12-05,9343
1815,富喬,11,1,10,華南永昌-頭份,2023-12-05,9343
00936,台新永續高息中小,10,0,10,華南永昌-頭份,2023-12-05,9343
2023,燁輝,21,11,10,華南永昌-頭份,2023-12-05,9343
4939,亞電,10,0,10,華南永昌-頭份,2023-12-05,9343
6112,邁達特,10,0,10,華南永昌-頭份,2023-12-05,9343
8210,勤誠,10,0,10,華南永昌-頭份,2023-12-05,9343
8358,金居,10,0,10,華南永昌-頭份,2023-12-05,9343
5381,合正,18,9,9,華南永昌-頭份,2023-12-05,9343
6492,生華科,8,0,8,華南永昌-頭份,2023-12-05,9343
8936,國統,8,0,8,華南永昌-頭份,2023-12-05,9343
2312,金寶,7,0,7,華南永昌-頭份,2023-12-05,9343
1616,億泰,8,1,7,華南永昌-頭份,2023-12-05,9343
1701,中化,7,0,7,華南永昌-頭份,2023-12-05,9343
2359,所羅門,7,0,7,華南永昌-頭份,2023-12-05,9343
3434,哲固,7,0,7,華南永昌-頭份,2023-12-05,9343
00937B,群益ESG投等債20,174,7,167,華南永昌-頭份,2023-12-06,9343
00933B,國泰10Y+金融債,114,0,114,華南永昌-頭份,2023-12-06,9343
6916,華凌,100,5,95,華南永昌-頭份,2023-12-06,9343
2421,建準,43,0,43,華南永昌-頭份,2023-12-06,9343
00919,群益台灣精選高息,39,2,37,華南永昌-頭份,2023-12-06,9343
6235,華孚,33,0,33,華南永昌-頭份,2023-12-06,9343
00637L,元大滬深300正2,33,1,32,華南永昌-頭份,2023-12-06,9343
1504,東元,56,25,31,華南永昌-頭份,2023-12-06,9343
2611,志信,45,14,31,華南永昌-頭份,2023-12-06,9343
3481,群創,27,2,25,華南永昌-頭份,2023-12-06,9343
3317,尼克森,23,2,21,華南永昌-頭份,2023-12-06,9343
6191,精成科,22,1,21,華南永昌-頭份,2023-12-06,9343
3024,憶聲,20,0,20,華南永昌-頭份,2023-12-06,9343
2605,新興,36,18,18,華南永昌-頭份,2023-12-06,9343
00715L,期街口布蘭特正2,17,0,17,華南永昌-頭份,2023-12-06,9343
3059,華晶科,17,1,16,華南永昌-頭份,2023-12-06,9343
00633L,富邦上証正2,17,2,15,華南永昌-頭份,2023-12-06,9343
3545,敦泰,15,1,14,華南永昌-頭份,2023-12-06,9343
2388,威盛,16,3,13,華南永昌-頭份,2023-12-06,9343
8358,金居,12,0,12,華南永昌-頭份,2023-12-06,9343
2610,華航,12,0,12,華南永昌-頭份,2023-12-06,9343
00687B,國泰20年美債,11,0,11,華南永昌-頭份,2023-12-06,9343
2419,仲琦,33,22,11,華南永昌-頭份,2023-12-06,9343
2633,台灣高鐵,11,0,11,華南永昌-頭份,2023-12-06,9343
6233,旺玖,23,12,11,華南永昌-頭份,2023-12-06,9343
5222,全訊,11,1,10,華南永昌-頭份,2023-12-06,9343
1319,東陽,18,8,10,華南永昌-頭份,2023-12-06,9343
00665L,富邦�琤肭磪囓�2,31,21,10,華南永昌-頭份,2023-12-06,9343
2349,錸德,10,0,10,華南永昌-頭份,2023-12-06,9343
2405,輔信,11,1,10,華南永昌-頭份,2023-12-06,9343
2889,國票金,10,0,10,華南永昌-頭份,2023-12-06,9343
3041,揚智,14,4,10,華南永昌-頭份,2023-12-06,9343
3202,樺晟,10,0,10,華南永昌-頭份,2023-12-06,9343
6799,來頡,10,0,10,華南永昌-頭份,2023-12-06,9343
8201,無敵,10,0,10,華南永昌-頭份,2023-12-06,9343
9904,寶成,10,0,10,華南永昌-頭份,2023-12-06,9343
2371,大同,50,41,9,華南永昌-頭份,2023-12-06,9343
2329,華泰,22,13,9,華南永昌-頭份,2023-12-06,9343
2367,燿華,27,18,9,華南永昌-頭份,2023-12-06,9343
3450,聯鈞,23,14,9,華南永昌-頭份,2023-12-06,9343
1605,華新,9,1,8,華南永昌-頭份,2023-12-06,9343
1532,勤美,8,0,8,華南永昌-頭份,2023-12-06,9343
4526,東台,8,0,8,華南永昌-頭份,2023-12-06,9343
5381,合正,33,25,8,華南永昌-頭份,2023-12-06,9343
2382,廣達,11,3,8,華南永昌-頭份,2023-12-06,9343
9919,康那香,10,3,7,華南永昌-頭份,2023-12-06,9343
00642U,期元大S＆P石油,7,0,7,華南永昌-頭份,2023-12-06,9343
00918,大華優利高填息30,7,0,7,華南永昌-頭份,2023-12-06,9343
2368,金像電,10,3,7,華南永昌-頭份,2023-12-06,9343
6108,競國,7,0,7,華南永昌-頭份,2023-12-06,9343
00882,中信中國高股息,106,0,106,華南永昌-頭份,2023-12-07,9343
00687B,國泰20年美債,73,0,73,華南永昌-頭份,2023-12-07,9343
00937B,群益ESG投等債20,173,105,68,華南永昌-頭份,2023-12-07,9343
00720B,元大投資級公司債,46,3,43,華南永昌-頭份,2023-12-07,9343
1616,億泰,43,0,43,華南永昌-頭份,2023-12-07,9343
2520,冠德,40,0,40,華南永昌-頭份,2023-12-07,9343
2609,陽明,36,1,35,華南永昌-頭份,2023-12-07,9343
00712,復華富時不動產,36,4,32,華南永昌-頭份,2023-12-07,9343
00919,群益台灣精選高息,31,0,31,華南永昌-頭份,2023-12-07,9343
2368,金像電,31,1,30,華南永昌-頭份,2023-12-07,9343
1609,大亞,76,49,27,華南永昌-頭份,2023-12-07,9343
00715L,期街口布蘭特正2,22,0,22,華南永昌-頭份,2023-12-07,9343
00751B,元大AAA至A公司債,22,0,22,華南永昌-頭份,2023-12-07,9343
2399,映泰,34,13,21,華南永昌-頭份,2023-12-07,9343
1525,江申,20,0,20,華南永昌-頭份,2023-12-07,9343
2367,燿華,21,1,20,華南永昌-頭份,2023-12-07,9343
3024,憶聲,20,0,20,華南永昌-頭份,2023-12-07,9343
3088,艾訊,20,0,20,華南永昌-頭份,2023-12-07,9343
4157,太景*-KY,48,28,20,華南永昌-頭份,2023-12-07,9343
8011,台通,20,0,20,華南永昌-頭份,2023-12-07,9343
2883,凱基金,20,1,19,華南永昌-頭份,2023-12-07,9343
2363,矽統,30,12,18,華南永昌-頭份,2023-12-07,9343
1618,合機,47,29,18,華南永昌-頭份,2023-12-07,9343
5439,高技,17,0,17,華南永昌-頭份,2023-12-07,9343
2417,圓剛,18,1,17,華南永昌-頭份,2023-12-07,9343
2834,臺企銀,17,0,17,華南永昌-頭份,2023-12-07,9343
2328,廣宇,18,2,16,華南永昌-頭份,2023-12-07,9343
00878,國泰永續高股息,15,0,15,華南永昌-頭份,2023-12-07,9343
3419,譁裕,20,5,15,華南永昌-頭份,2023-12-07,9343
2312,金寶,32,18,14,華南永昌-頭份,2023-12-07,9343
6916,華凌,14,0,14,華南永昌-頭份,2023-12-07,9343
2329,華泰,20,7,13,華南永昌-頭份,2023-12-07,9343
00680L,元大美債20正2,84,71,13,華南永昌-頭份,2023-12-07,9343
2886,兆豐金,12,0,12,華南永昌-頭份,2023-12-07,9343
2204,中華,16,4,12,華南永昌-頭份,2023-12-07,9343
6245,立端,11,0,11,華南永昌-頭份,2023-12-07,9343
2303,聯電,11,0,11,華南永昌-頭份,2023-12-07,9343
2736,富野,11,0,11,華南永昌-頭份,2023-12-07,9343
3257,虹冠電,11,0,11,華南永昌-頭份,2023-12-07,9343
8054,安國,25,14,11,華南永昌-頭份,2023-12-07,9343
2612,中航,12,2,10,華南永昌-頭份,2023-12-07,9343
00915,凱基優選高股息30,10,0,10,華南永昌-頭份,2023-12-07,9343
2233,宇隆,10,0,10,華南永昌-頭份,2023-12-07,9343
2630,亞航,10,0,10,華南永昌-頭份,2023-12-07,9343
3050,鈺德,15,5,10,華南永昌-頭份,2023-12-07,9343
4561,健椿,21,11,10,華南永昌-頭份,2023-12-07,9343
5009,榮剛,10,0,10,華南永昌-頭份,2023-12-07,9343
5328,華容,10,0,10,華南永昌-頭份,2023-12-07,9343
6153,嘉聯益,10,0,10,華南永昌-頭份,2023-12-07,9343
00918,大華優利高填息30,9,0,9,華南永昌-頭份,2023-12-07,9343
00937B,群益ESG投等債20,73,17,56,華南永昌-頭份,2023-12-08,9343
00919,群益台灣精選高息,56,0,56,華南永昌-頭份,2023-12-08,9343
6126,信音,53,0,53,華南永昌-頭份,2023-12-08,9343
2204,中華,30,0,30,華南永昌-頭份,2023-12-08,9343
2892,第一金,30,0,30,華南永昌-頭份,2023-12-08,9343
2328,廣宇,27,0,27,華南永昌-頭份,2023-12-08,9343
00640L,富邦日本正2,22,0,22,華南永昌-頭份,2023-12-08,9343
2888,新光金,20,0,20,華南永昌-頭份,2023-12-08,9343
2485,兆赫,20,0,20,華南永昌-頭份,2023-12-08,9343
2905,三商,20,0,20,華南永昌-頭份,2023-12-08,9343
8054,安國,36,18,18,華南永昌-頭份,2023-12-08,9343
00715L,期街口布蘭特正2,17,0,17,華南永昌-頭份,2023-12-08,9343
2201,裕隆,18,1,17,華南永昌-頭份,2023-12-08,9343
6197,佳必琪,15,0,15,華南永昌-頭份,2023-12-08,9343
3231,緯創,18,3,15,華南永昌-頭份,2023-12-08,9343
4967,十銓,19,6,13,華南永昌-頭份,2023-12-08,9343
1815,富喬,16,4,12,華南永昌-頭份,2023-12-08,9343
4906,正文,22,10,12,華南永昌-頭份,2023-12-08,9343
5299,杰力,12,0,12,華南永昌-頭份,2023-12-08,9343
00882,中信中國高股息,12,1,11,華南永昌-頭份,2023-12-08,9343
1582,信錦,11,0,11,華南永昌-頭份,2023-12-08,9343
2359,所羅門,30,19,11,華南永昌-頭份,2023-12-08,9343
2399,映泰,11,0,11,華南永昌-頭份,2023-12-08,9343
6235,華孚,20,10,10,華南永昌-頭份,2023-12-08,9343
2610,華航,19,9,10,華南永昌-頭份,2023-12-08,9343
3031,佰鴻,10,0,10,華南永昌-頭份,2023-12-08,9343
3047,訊舟,10,0,10,華南永昌-頭份,2023-12-08,9343
3481,群創,10,0,10,華南永昌-頭份,2023-12-08,9343
4542,科嶠,10,0,10,華南永昌-頭份,2023-12-08,9343
4958,臻鼎-KY,10,0,10,華南永昌-頭份,2023-12-08,9343
6140,訊達,10,0,10,華南永昌-頭份,2023-12-08,9343
6189,豐藝,10,0,10,華南永昌-頭份,2023-12-08,9343
1514,亞力,62,52,10,華南永昌-頭份,2023-12-08,9343
5351,鈺創,18,9,9,華南永昌-頭份,2023-12-08,9343
2736,富野,9,0,9,華南永昌-頭份,2023-12-08,9343
1609,大亞,20,12,8,華南永昌-頭份,2023-12-08,9343
5258,虹堡,8,0,8,華南永昌-頭份,2023-12-08,9343
4953,緯軟,9,2,7,華南永昌-頭份,2023-12-08,9343
00933B,國泰10Y+金融債,10,4,6,華南永昌-頭份,2023-12-08,9343
2317,鴻海,8,2,6,華南永昌-頭份,2023-12-08,9343
4114,健喬,6,0,6,華南永昌-頭份,2023-12-08,9343
2363,矽統,14,9,5,華南永昌-頭份,2023-12-08,9343
2329,華泰,13,8,5,華南永昌-頭份,2023-12-08,9343
1313,聯成,5,0,5,華南永昌-頭份,2023-12-08,9343
1540,喬福,5,0,5,華南永昌-頭份,2023-12-08,9343
1568,倉佑,12,7,5,華南永昌-頭份,2023-12-08,9343
2303,聯電,5,0,5,華南永昌-頭份,2023-12-08,9343
2313,華通,5,0,5,華南永昌-頭份,2023-12-08,9343
2323,中環,5,0,5,華南永昌-頭份,2023-12-08,9343
2332,友訊,8,3,5,華南永昌-頭份,2023-12-08,9343
00680L,元大美債20正2,135,15,120,華南永昌-頭份,2023-12-11,9343
1312,國喬,91,0,91,華南永昌-頭份,2023-12-11,9343
00937B,群益ESG投等債20,89,16,73,華南永昌-頭份,2023-12-11,9343
00919,群益台灣精選高息,92,27,65,華南永昌-頭份,2023-12-11,9343
1524,耿鼎,87,36,51,華南永昌-頭份,2023-12-11,9343
00696B,富邦美債20年,50,0,50,華南永昌-頭份,2023-12-11,9343
00882,中信中國高股息,62,20,42,華南永昌-頭份,2023-12-11,9343
8096,擎亞,53,17,36,華南永昌-頭份,2023-12-11,9343
00929,復華台灣科技優息,36,1,35,華南永昌-頭份,2023-12-11,9343
2736,富野,34,0,34,華南永昌-頭份,2023-12-11,9343
2368,金像電,32,1,31,華南永昌-頭份,2023-12-11,9343
4526,東台,27,0,27,華南永昌-頭份,2023-12-11,9343
5465,富驊,28,1,27,華南永昌-頭份,2023-12-11,9343
00637L,元大滬深300正2,28,2,26,華南永昌-頭份,2023-12-11,9343
6916,華凌,25,0,25,華南永昌-頭份,2023-12-11,9343
00715L,期街口布蘭特正2,24,1,23,華南永昌-頭份,2023-12-11,9343
2520,冠德,32,10,22,華南永昌-頭份,2023-12-11,9343
2314,台揚,20,0,20,華南永昌-頭份,2023-12-11,9343
2611,志信,22,2,20,華南永昌-頭份,2023-12-11,9343
4306,炎洲,21,1,20,華南永昌-頭份,2023-12-11,9343
0056,元大高股息,23,4,19,華南永昌-頭份,2023-12-11,9343
4953,緯軟,18,0,18,華南永昌-頭份,2023-12-11,9343
00751B,元大AAA至A公司債,16,0,16,華南永昌-頭份,2023-12-11,9343
2367,燿華,23,7,16,華南永昌-頭份,2023-12-11,9343
4566,時碩工業,16,0,16,華南永昌-頭份,2023-12-11,9343
6125,廣運,16,0,16,華南永昌-頭份,2023-12-11,9343
2323,中環,15,0,15,華南永昌-頭份,2023-12-11,9343
9105,泰金寶-DR,15,0,15,華南永昌-頭份,2023-12-11,9343
2388,威盛,31,17,14,華南永昌-頭份,2023-12-11,9343
00931B,統一美債20年,22,9,13,華南永昌-頭份,2023-12-11,9343
00633L,富邦上証正2,13,0,13,華南永昌-頭份,2023-12-11,9343
2506,太設,13,0,13,華南永昌-頭份,2023-12-11,9343
3266,昇陽,13,0,13,華南永昌-頭份,2023-12-11,9343
6245,立端,12,0,12,華南永昌-頭份,2023-12-11,9343
2002,中鋼,12,0,12,華南永昌-頭份,2023-12-11,9343
6235,華孚,22,10,12,華南永昌-頭份,2023-12-11,9343
2633,台灣高鐵,12,0,12,華南永昌-頭份,2023-12-11,9343
5347,世界,12,0,12,華南永昌-頭份,2023-12-11,9343
00679B,元大美債20年,11,0,11,華南永昌-頭份,2023-12-11,9343
00915,凱基優選高股息30,11,0,11,華南永昌-頭份,2023-12-11,9343
1434,福懋,10,0,10,華南永昌-頭份,2023-12-11,9343
00888,永豐台灣ESG,10,0,10,華南永昌-頭份,2023-12-11,9343
1711,永光,10,0,10,華南永昌-頭份,2023-12-11,9343
6265,方土昶,10,0,10,華南永昌-頭份,2023-12-11,9343
00850,元大臺灣ESG永續,10,0,10,華南永昌-頭份,2023-12-11,9343
2356,英業達,10,0,10,華南永昌-頭份,2023-12-11,9343
3025,星通,14,5,9,華南永昌-頭份,2023-12-11,9343
2317,鴻海,9,0,9,華南永昌-頭份,2023-12-11,9343
2618,長榮航,9,1,8,華南永昌-頭份,2023-12-11,9343
2029,盛餘,8,0,8,華南永昌-頭份,2023-12-11,9343
00937B,群益ESG投等債20,142,5,137,華南永昌-頭份,2023-12-12,9343
5521,工信,111,5,106,華南永昌-頭份,2023-12-12,9343
00687B,國泰20年美債,90,1,89,華南永昌-頭份,2023-12-12,9343
1312,國喬,57,0,57,華南永昌-頭份,2023-12-12,9343
00919,群益台灣精選高息,54,0,54,華南永昌-頭份,2023-12-12,9343
00933B,國泰10Y+金融債,43,0,43,華南永昌-頭份,2023-12-12,9343
00918,大華優利高填息30,36,0,36,華南永昌-頭份,2023-12-12,9343
6257,矽格,31,0,31,華南永昌-頭份,2023-12-12,9343
00751B,元大AAA至A公司債,28,0,28,華南永昌-頭份,2023-12-12,9343
2427,三商電,32,4,28,華南永昌-頭份,2023-12-12,9343
2618,長榮航,28,2,26,華南永昌-頭份,2023-12-12,9343
1514,亞力,43,19,24,華南永昌-頭份,2023-12-12,9343
3338,泰碩,25,3,22,華南永昌-頭份,2023-12-12,9343
3481,群創,32,10,22,華南永昌-頭份,2023-12-12,9343
8011,台通,24,4,20,華南永昌-頭份,2023-12-12,9343
6239,力成,18,4,14,華南永昌-頭份,2023-12-12,9343
2367,燿華,19,6,13,華南永昌-頭份,2023-12-12,9343
3231,緯創,22,9,13,華南永昌-頭份,2023-12-12,9343
2465,麗臺,12,0,12,華南永昌-頭份,2023-12-12,9343
2633,台灣高鐵,20,8,12,華南永昌-頭份,2023-12-12,9343
6282,康舒,15,3,12,華南永昌-頭份,2023-12-12,9343
00934,中信成長高股息,11,0,11,華南永昌-頭份,2023-12-12,9343
1815,富喬,12,1,11,華南永昌-頭份,2023-12-12,9343
2312,金寶,11,0,11,華南永昌-頭份,2023-12-12,9343
8054,安國,28,17,11,華南永昌-頭份,2023-12-12,9343
4961,天鈺,11,0,11,華南永昌-頭份,2023-12-12,9343
2634,漢翔,37,27,10,華南永昌-頭份,2023-12-12,9343
3037,欣興,10,0,10,華南永昌-頭份,2023-12-12,9343
2233,宇隆,10,0,10,華南永昌-頭份,2023-12-12,9343
2313,華通,21,11,10,華南永昌-頭份,2023-12-12,9343
2520,冠德,10,0,10,華南永昌-頭份,2023-12-12,9343
6125,廣運,10,0,10,華南永昌-頭份,2023-12-12,9343
6153,嘉聯益,10,0,10,華南永昌-頭份,2023-12-12,9343
8111,立��,10,0,10,華南永昌-頭份,2023-12-12,9343
2355,敬鵬,10,1,9,華南永昌-頭份,2023-12-12,9343
5258,虹堡,9,0,9,華南永昌-頭份,2023-12-12,9343
6235,華孚,19,11,8,華南永昌-頭份,2023-12-12,9343
00931B,統一美債20年,8,0,8,華南永昌-頭份,2023-12-12,9343
2883,凱基金,8,0,8,華南永昌-頭份,2023-12-12,9343
5236,凌陽創新,8,0,8,華南永昌-頭份,2023-12-12,9343
6246,臺龍,13,5,8,華南永昌-頭份,2023-12-12,9343
4908,前鼎,7,0,7,華南永昌-頭份,2023-12-12,9343
2468,華經,7,0,7,華南永昌-頭份,2023-12-12,9343
2329,華泰,9,2,7,華南永昌-頭份,2023-12-12,9343
3227,原相,7,0,7,華南永昌-頭份,2023-12-12,9343
4566,時碩工業,7,0,7,華南永昌-頭份,2023-12-12,9343
8096,擎亞,16,9,7,華南永昌-頭份,2023-12-12,9343
2913,農林,6,0,6,華南永昌-頭份,2023-12-12,9343
2610,華航,6,0,6,華南永昌-頭份,2023-12-12,9343
3041,揚智,7,1,6,華南永昌-頭份,2023-12-12,9343
2610,華航,193,2,191,華南永昌-頭份,2023-12-13,9343
00918,大華優利高填息30,116,5,111,華南永昌-頭份,2023-12-13,9343
2886,兆豐金,50,0,50,華南永昌-頭份,2023-12-13,9343
00680L,元大美債20正2,50,0,50,華南永昌-頭份,2023-12-13,9343
2303,聯電,50,6,44,華南永昌-頭份,2023-12-13,9343
1519,華城,35,3,32,華南永昌-頭份,2023-12-13,9343
3308,聯德,31,0,31,華南永昌-頭份,2023-12-13,9343
5388,中磊,37,9,28,華南永昌-頭份,2023-12-13,9343
2618,長榮航,27,0,27,華南永昌-頭份,2023-12-13,9343
00937B,群益ESG投等債20,27,0,27,華南永昌-頭份,2023-12-13,9343
00687B,國泰20年美債,27,0,27,華南永昌-頭份,2023-12-13,9343
3712,永崴投控,39,13,26,華南永昌-頭份,2023-12-13,9343
2486,一詮,25,4,21,華南永昌-頭份,2023-12-13,9343
00665L,富邦�琤肭磪囓�2,20,0,20,華南永昌-頭份,2023-12-13,9343
8121,越峰,19,0,19,華南永昌-頭份,2023-12-13,9343
00715L,期街口布蘭特正2,18,0,18,華南永昌-頭份,2023-12-13,9343
2002,中鋼,17,0,17,華南永昌-頭份,2023-12-13,9343
2402,毅嘉,23,6,17,華南永昌-頭份,2023-12-13,9343
1312,國喬,15,0,15,華南永昌-頭份,2023-12-13,9343
8068,全達,15,0,15,華南永昌-頭份,2023-12-13,9343
6125,廣運,13,1,12,華南永昌-頭份,2023-12-13,9343
00933B,國泰10Y+金融債,11,0,11,華南永昌-頭份,2023-12-13,9343
1524,耿鼎,11,0,11,華南永昌-頭份,2023-12-13,9343
2201,裕隆,11,0,11,華南永昌-頭份,2023-12-13,9343
3019,亞光,12,1,11,華南永昌-頭份,2023-12-13,9343
4967,十銓,13,2,11,華南永昌-頭份,2023-12-13,9343
6117,迎廣,11,0,11,華南永昌-頭份,2023-12-13,9343
6147,頎邦,11,0,11,華南永昌-頭份,2023-12-13,9343
00712,復華富時不動產,10,0,10,華南永昌-頭份,2023-12-13,9343
2362,藍天,10,0,10,華南永昌-頭份,2023-12-13,9343
2367,燿華,13,3,10,華南永昌-頭份,2023-12-13,9343
2472,立隆電,10,0,10,華南永昌-頭份,2023-12-13,9343
2633,台灣高鐵,10,0,10,華南永昌-頭份,2023-12-13,9343
2739,寒舍,10,0,10,華南永昌-頭份,2023-12-13,9343
3583,辛耘,10,0,10,華南永昌-頭份,2023-12-13,9343
5328,華容,13,3,10,華南永昌-頭份,2023-12-13,9343
8210,勤誠,17,7,10,華南永昌-頭份,2023-12-13,9343
2387,精元,11,1,10,華南永昌-頭份,2023-12-13,9343
00891,中信關鍵半導體,10,0,10,華南永昌-頭份,2023-12-13,9343
6235,華孚,31,22,9,華南永昌-頭份,2023-12-13,9343
5347,世界,10,1,9,華南永昌-頭份,2023-12-13,9343
4908,前鼎,11,2,9,華南永昌-頭份,2023-12-13,9343
3050,鈺德,8,0,8,華南永昌-頭份,2023-12-13,9343
6150,撼訊,10,2,8,華南永昌-頭份,2023-12-13,9343
2313,華通,20,12,8,華南永昌-頭份,2023-12-13,9343
2376,技嘉,11,4,7,華南永昌-頭份,2023-12-13,9343
3236,千如,7,0,7,華南永昌-頭份,2023-12-13,9343
6126,信音,8,1,7,華南永昌-頭份,2023-12-13,9343
00900,富邦特選高股息30,7,1,6,華南永昌-頭份,2023-12-13,9343
1319,東陽,6,0,6,華南永昌-頭份,2023-12-13,9343
00680L,元大美債20正2,399,35,364,華南永昌-頭份,2023-12-14,9343
00937B,群益ESG投等債20,230,10,220,華南永昌-頭份,2023-12-14,9343
8068,全達,184,9,175,華南永昌-頭份,2023-12-14,9343
00933B,國泰10Y+金融債,87,0,87,華南永昌-頭份,2023-12-14,9343
00687B,國泰20年美債,60,1,59,華南永昌-頭份,2023-12-14,9343
00712,復華富時不動產,63,6,57,華南永昌-頭份,2023-12-14,9343
00882,中信中國高股息,51,0,51,華南永昌-頭份,2023-12-14,9343
2887,台新金,50,1,49,華南永昌-頭份,2023-12-14,9343
4157,太景*-KY,59,10,49,華南永昌-頭份,2023-12-14,9343
00715L,期街口布蘭特正2,44,5,39,華南永昌-頭份,2023-12-14,9343
6127,九豪,40,1,39,華南永昌-頭份,2023-12-14,9343
2365,昆盈,38,0,38,華南永昌-頭份,2023-12-14,9343
5351,鈺創,37,2,35,華南永昌-頭份,2023-12-14,9343
2498,宏達電,39,5,34,華南永昌-頭份,2023-12-14,9343
2515,中工,65,32,33,華南永昌-頭份,2023-12-14,9343
00795B,中信美國公債20年,30,0,30,華南永昌-頭份,2023-12-14,9343
3363,上詮,40,10,30,華南永昌-頭份,2023-12-14,9343
1524,耿鼎,42,18,24,華南永昌-頭份,2023-12-14,9343
2441,超豐,30,6,24,華南永昌-頭份,2023-12-14,9343
8112,至上,25,1,24,華南永昌-頭份,2023-12-14,9343
00632R,元大台灣50反1,23,0,23,華南永昌-頭份,2023-12-14,9343
00640L,富邦日本正2,22,0,22,華南永昌-頭份,2023-12-14,9343
2449,京元電子,36,14,22,華南永昌-頭份,2023-12-14,9343
2301,光寶科,33,12,21,華南永昌-頭份,2023-12-14,9343
00635U,期元大S＆P黃金,20,0,20,華南永昌-頭份,2023-12-14,9343
4967,十銓,20,0,20,華南永昌-頭份,2023-12-14,9343
9802,鈺齊-KY,20,0,20,華南永昌-頭份,2023-12-14,9343
00637L,元大滬深300正2,22,5,17,華南永昌-頭份,2023-12-14,9343
00751B,元大AAA至A公司債,21,4,17,華南永昌-頭份,2023-12-14,9343
3694,海華,17,1,16,華南永昌-頭份,2023-12-14,9343
2401,凌陽,15,0,15,華南永昌-頭份,2023-12-14,9343
3059,華晶科,15,0,15,華南永昌-頭份,2023-12-14,9343
2425,承啟,18,4,14,華南永昌-頭份,2023-12-14,9343
2516,新建,13,0,13,華南永昌-頭份,2023-12-14,9343
2542,興富發,12,0,12,華南永昌-頭份,2023-12-14,9343
3041,揚智,16,4,12,華南永昌-頭份,2023-12-14,9343
3390,旭軟,16,4,12,華南永昌-頭份,2023-12-14,9343
2881,富邦金,17,5,12,華南永昌-頭份,2023-12-14,9343
2609,陽明,53,42,11,華南永昌-頭份,2023-12-14,9343
00720B,元大投資級公司債,13,2,11,華南永昌-頭份,2023-12-14,9343
2419,仲琦,14,3,11,華南永昌-頭份,2023-12-14,9343
6139,亞翔,11,0,11,華南永昌-頭份,2023-12-14,9343
6288,聯嘉,13,2,11,華南永昌-頭份,2023-12-14,9343
2363,矽統,84,73,11,華南永昌-頭份,2023-12-14,9343
1519,華城,13,3,10,華南永昌-頭份,2023-12-14,9343
2324,仁寶,12,2,10,華南永昌-頭份,2023-12-14,9343
2371,大同,10,0,10,華南永昌-頭份,2023-12-14,9343
2427,三商電,11,1,10,華南永昌-頭份,2023-12-14,9343
2888,新光金,10,0,10,華南永昌-頭份,2023-12-14,9343
8046,南電,10,0,10,華南永昌-頭份,2023-12-14,9343
00687B,國泰20年美債,73,1,72,華南永昌-頭份,2023-12-15,9343
2356,英業達,123,57,66,華南永昌-頭份,2023-12-15,9343
6235,華孚,66,0,66,華南永昌-頭份,2023-12-15,9343
8068,全達,67,1,66,華南永昌-頭份,2023-12-15,9343
8112,至上,72,15,57,華南永昌-頭份,2023-12-15,9343
5258,虹堡,58,3,55,華南永昌-頭份,2023-12-15,9343
00918,大華優利高填息30,59,16,43,華南永昌-頭份,2023-12-15,9343
2363,矽統,93,55,38,華南永昌-頭份,2023-12-15,9343
00715L,期街口布蘭特正2,40,3,37,華南永昌-頭份,2023-12-15,9343
2402,毅嘉,37,2,35,華南永昌-頭份,2023-12-15,9343
2367,燿華,34,0,34,華南永昌-頭份,2023-12-15,9343
2630,亞航,32,0,32,華南永昌-頭份,2023-12-15,9343
2387,精元,30,0,30,華南永昌-頭份,2023-12-15,9343
2388,威盛,32,5,27,華南永昌-頭份,2023-12-15,9343
00637L,元大滬深300正2,32,8,24,華南永昌-頭份,2023-12-15,9343
00936,台新永續高息中小,24,0,24,華南永昌-頭份,2023-12-15,9343
2441,超豐,26,2,24,華南永昌-頭份,2023-12-15,9343
3363,上詮,21,0,21,華南永昌-頭份,2023-12-15,9343
00937B,群益ESG投等債20,45,25,20,華南永昌-頭份,2023-12-15,9343
2617,台航,20,0,20,華南永昌-頭份,2023-12-15,9343
5521,工信,32,12,20,華南永昌-頭份,2023-12-15,9343
6248,沛波,20,0,20,華南永昌-頭份,2023-12-15,9343
00751B,元大AAA至A公司債,23,4,19,華南永昌-頭份,2023-12-15,9343
5011,久陽,23,5,18,華南永昌-頭份,2023-12-15,9343
6168,宏齊,22,4,18,華南永昌-頭份,2023-12-15,9343
00931B,統一美債20年,22,5,17,華南永昌-頭份,2023-12-15,9343
5498,凱崴,17,0,17,華南永昌-頭份,2023-12-15,9343
2609,陽明,24,8,16,華南永昌-頭份,2023-12-15,9343
2201,裕隆,19,3,16,華南永昌-頭份,2023-12-15,9343
3231,緯創,19,3,16,華南永昌-頭份,2023-12-15,9343
2029,盛餘,16,0,16,華南永昌-頭份,2023-12-15,9343
6284,佳邦,17,1,16,華南永昌-頭份,2023-12-15,9343
2516,新建,15,0,15,華南永昌-頭份,2023-12-15,9343
6916,華凌,13,0,13,華南永昌-頭份,2023-12-15,9343
2015,豐興,12,0,12,華南永昌-頭份,2023-12-15,9343
3450,聯鈞,12,0,12,華南永昌-頭份,2023-12-15,9343
00915,凱基優選高股息30,11,0,11,華南永昌-頭份,2023-12-15,9343
4157,太景*-KY,11,0,11,華南永昌-頭份,2023-12-15,9343
9941,裕融,11,0,11,華南永昌-頭份,2023-12-15,9343
2337,旺宏,18,7,11,華南永昌-頭份,2023-12-15,9343
00655L,國泰中國A50正2,10,0,10,華南永昌-頭份,2023-12-15,9343
00633L,富邦上証正2,10,0,10,華南永昌-頭份,2023-12-15,9343
2204,中華,10,0,10,華南永昌-頭份,2023-12-15,9343
2409,友達,10,0,10,華南永昌-頭份,2023-12-15,9343
2633,台灣高鐵,10,0,10,華南永昌-頭份,2023-12-15,9343
2634,漢翔,38,28,10,華南永昌-頭份,2023-12-15,9343
3308,聯德,15,5,10,華南永昌-頭份,2023-12-15,9343
3372,典範,10,0,10,華南永昌-頭份,2023-12-15,9343
3437,榮創,10,0,10,華南永昌-頭份,2023-12-15,9343
4707,磐亞,10,0,10,華南永昌-頭份,2023-12-15,9343
00937B,群益ESG投等債20,127,19,108,華南永昌-頭份,2023-12-18,9343
2344,華邦電,105,4,101,華南永昌-頭份,2023-12-18,9343
00929,復華台灣科技優息,141,44,97,華南永昌-頭份,2023-12-18,9343
5512,力麒,90,0,90,華南永昌-頭份,2023-12-18,9343
2528,皇普,89,0,89,華南永昌-頭份,2023-12-18,9343
00687B,國泰20年美債,71,3,68,華南永昌-頭份,2023-12-18,9343
00720B,元大投資級公司債,65,1,64,華南永昌-頭份,2023-12-18,9343
4526,東台,58,7,51,華南永昌-頭份,2023-12-18,9343
00919,群益台灣精選高息,99,56,43,華南永昌-頭份,2023-12-18,9343
00933B,國泰10Y+金融債,44,3,41,華南永昌-頭份,2023-12-18,9343
6168,宏齊,42,2,40,華南永昌-頭份,2023-12-18,9343
00679B,元大美債20年,51,17,34,華南永昌-頭份,2023-12-18,9343
2023,燁輝,36,2,34,華南永昌-頭份,2023-12-18,9343
2356,英業達,55,22,33,華南永昌-頭份,2023-12-18,9343
2328,廣宇,32,0,32,華南永昌-頭份,2023-12-18,9343
00751B,元大AAA至A公司債,31,0,31,華南永昌-頭份,2023-12-18,9343
00918,大華優利高填息30,37,10,27,華南永昌-頭份,2023-12-18,9343
2618,長榮航,28,2,26,華南永昌-頭份,2023-12-18,9343
2520,冠德,21,0,21,華南永昌-頭份,2023-12-18,9343
00688L,國泰20年美債正2,20,0,20,華南永昌-頭份,2023-12-18,9343
00923,群益台ESG低碳50,20,1,19,華南永昌-頭份,2023-12-18,9343
3481,群創,23,5,18,華南永昌-頭份,2023-12-18,9343
2233,宇隆,15,0,15,華南永昌-頭份,2023-12-18,9343
2314,台揚,16,1,15,華南永昌-頭份,2023-12-18,9343
8444,綠河-KY,15,0,15,華南永昌-頭份,2023-12-18,9343
00715L,期街口布蘭特正2,22,8,14,華南永昌-頭份,2023-12-18,9343
00878,國泰永續高股息,13,0,13,華南永昌-頭份,2023-12-18,9343
2332,友訊,15,2,13,華南永昌-頭份,2023-12-18,9343
3450,聯鈞,13,0,13,華南永昌-頭份,2023-12-18,9343
2027,大成鋼,12,0,12,華南永昌-頭份,2023-12-18,9343
2606,裕民,12,1,11,華南永昌-頭份,2023-12-18,9343
8011,台通,11,0,11,華南永昌-頭份,2023-12-18,9343
2025,千興,10,0,10,華南永昌-頭份,2023-12-18,9343
2367,燿華,15,5,10,華南永昌-頭份,2023-12-18,9343
2493,揚博,10,0,10,華南永昌-頭份,2023-12-18,9343
2633,台灣高鐵,10,0,10,華南永昌-頭份,2023-12-18,9343
6153,嘉聯益,10,0,10,華南永昌-頭份,2023-12-18,9343
6284,佳邦,11,1,10,華南永昌-頭份,2023-12-18,9343
6288,聯嘉,10,0,10,華南永昌-頭份,2023-12-18,9343
9919,康那香,10,0,10,華南永昌-頭份,2023-12-18,9343
2454,聯發科,9,0,9,華南永昌-頭份,2023-12-18,9343
1104,環泥,10,1,9,華南永昌-頭份,2023-12-18,9343
2515,中工,9,0,9,華南永昌-頭份,2023-12-18,9343
6248,沛波,9,0,9,華南永昌-頭份,2023-12-18,9343
00936,台新永續高息中小,8,0,8,華南永昌-頭份,2023-12-18,9343
00931B,統一美債20年,10,2,8,華南永昌-頭份,2023-12-18,9343
2007,燁興,11,3,8,華南永昌-頭份,2023-12-18,9343
2312,金寶,13,5,8,華南永昌-頭份,2023-12-18,9343
4564,元翎,8,0,8,華南永昌-頭份,2023-12-18,9343
6593,台灣銘板,8,0,8,華南永昌-頭份,2023-12-18,9343
00712,復華富時不動產,101,0,101,華南永昌-頭份,2023-12-19,9343
00680L,元大美債20正2,115,20,95,華南永昌-頭份,2023-12-19,9343
00929,復華台灣科技優息,89,3,86,華南永昌-頭份,2023-12-19,9343
8068,全達,110,28,82,華南永昌-頭份,2023-12-19,9343
2356,英業達,79,8,71,華南永昌-頭份,2023-12-19,9343
3363,上詮,70,0,70,華南永昌-頭份,2023-12-19,9343
2486,一詮,53,0,53,華南永昌-頭份,2023-12-19,9343
3607,谷崧,50,0,50,華南永昌-頭份,2023-12-19,9343
00937B,群益ESG投等債20,85,37,48,華南永昌-頭份,2023-12-19,9343
6127,九豪,34,0,34,華南永昌-頭份,2023-12-19,9343
2402,毅嘉,32,1,31,華南永昌-頭份,2023-12-19,9343
00919,群益台灣精選高息,56,25,31,華南永昌-頭份,2023-12-19,9343
00679B,元大美債20年,27,0,27,華南永昌-頭份,2023-12-19,9343
3231,緯創,30,3,27,華南永昌-頭份,2023-12-19,9343
00931B,統一美債20年,25,0,25,華南永昌-頭份,2023-12-19,9343
1815,富喬,26,3,23,華南永昌-頭份,2023-12-19,9343
00918,大華優利高填息30,23,0,23,華南永昌-頭份,2023-12-19,9343
00933B,國泰10Y+金融債,22,0,22,華南永昌-頭份,2023-12-19,9343
6168,宏齊,21,0,21,華南永昌-頭份,2023-12-19,9343
6248,沛波,20,0,20,華南永昌-頭份,2023-12-19,9343
6235,華孚,22,3,19,華南永昌-頭份,2023-12-19,9343
2387,精元,15,0,15,華南永昌-頭份,2023-12-19,9343
00720B,元大投資級公司債,13,0,13,華南永昌-頭份,2023-12-19,9343
00715L,期街口布蘭特正2,15,2,13,華南永昌-頭份,2023-12-19,9343
2312,金寶,13,0,13,華南永昌-頭份,2023-12-19,9343
2465,麗臺,13,0,13,華南永昌-頭份,2023-12-19,9343
6770,力積電,13,0,13,華南永昌-頭份,2023-12-19,9343
00687B,國泰20年美債,13,0,13,華南永昌-頭份,2023-12-19,9343
3006,晶豪科,18,6,12,華南永昌-頭份,2023-12-19,9343
00915,凱基優選高股息30,12,0,12,華南永昌-頭份,2023-12-19,9343
2610,華航,12,0,12,華南永昌-頭份,2023-12-19,9343
2739,寒舍,12,0,12,華南永昌-頭份,2023-12-19,9343
3047,訊舟,12,0,12,華南永昌-頭份,2023-12-19,9343
2352,佳世達,11,0,11,華南永昌-頭份,2023-12-19,9343
2388,威盛,12,1,11,華南永昌-頭份,2023-12-19,9343
4167,松瑞藥,19,8,11,華南永昌-頭份,2023-12-19,9343
6220,岳豐,10,0,10,華南永昌-頭份,2023-12-19,9343
2329,華泰,10,0,10,華南永昌-頭份,2023-12-19,9343
2363,矽統,22,12,10,華南永昌-頭份,2023-12-19,9343
2888,新光金,10,0,10,華南永昌-頭份,2023-12-19,9343
3260,威剛,10,0,10,華南永昌-頭份,2023-12-19,9343
4157,太景*-KY,15,5,10,華南永昌-頭份,2023-12-19,9343
5299,杰力,10,0,10,華南永昌-頭份,2023-12-19,9343
5328,華容,10,0,10,華南永昌-頭份,2023-12-19,9343
5351,鈺創,17,7,10,華南永昌-頭份,2023-12-19,9343
6125,廣運,10,0,10,華南永昌-頭份,2023-12-19,9343
6153,嘉聯益,10,0,10,華南永昌-頭份,2023-12-19,9343
1582,信錦,10,0,10,華南永昌-頭份,2023-12-19,9343
00900,富邦特選高股息30,9,0,9,華南永昌-頭份,2023-12-19,9343
1560,中砂,10,1,9,華南永昌-頭份,2023-12-19,9343
00934,中信成長高股息,202,1,201,華南永昌-頭份,2023-12-20,9343
00882,中信中國高股息,100,0,100,華南永昌-頭份,2023-12-20,9343
2515,中工,133,72,61,華南永昌-頭份,2023-12-20,9343
8068,全達,56,2,54,華南永昌-頭份,2023-12-20,9343
2834,臺企銀,50,2,48,華南永昌-頭份,2023-12-20,9343
2332,友訊,50,5,45,華南永昌-頭份,2023-12-20,9343
1524,耿鼎,31,0,31,華南永昌-頭份,2023-12-20,9343
3363,上詮,30,0,30,華南永昌-頭份,2023-12-20,9343
00919,群益台灣精選高息,29,5,24,華南永昌-頭份,2023-12-20,9343
00937B,群益ESG投等債20,21,0,21,華南永昌-頭份,2023-12-20,9343
2007,燁興,23,2,21,華南永昌-頭份,2023-12-20,9343
1582,信錦,21,0,21,華南永昌-頭份,2023-12-20,9343
00687B,國泰20年美債,16,0,16,華南永昌-頭份,2023-12-20,9343
2442,新美齊,15,0,15,華南永昌-頭份,2023-12-20,9343
1312,國喬,21,7,14,華南永昌-頭份,2023-12-20,9343
2014,中鴻,19,7,12,華南永昌-頭份,2023-12-20,9343
3715,定穎投控,14,2,12,華南永昌-頭份,2023-12-20,9343
2520,冠德,11,0,11,華南永昌-頭份,2023-12-20,9343
3013,晟銘電,16,5,11,華南永昌-頭份,2023-12-20,9343
5009,榮剛,11,0,11,華南永昌-頭份,2023-12-20,9343
2542,興富發,11,0,11,華南永昌-頭份,2023-12-20,9343
2356,英業達,48,37,11,華南永昌-頭份,2023-12-20,9343
00706L,期元大S＆P日圓正2,10,0,10,華南永昌-頭份,2023-12-20,9343
00642U,期元大S＆P石油,10,0,10,華南永昌-頭份,2023-12-20,9343
1310,台苯,10,0,10,華南永昌-頭份,2023-12-20,9343
2010,春源,10,0,10,華南永昌-頭份,2023-12-20,9343
2323,中環,11,1,10,華南永昌-頭份,2023-12-20,9343
2363,矽統,15,5,10,華南永昌-頭份,2023-12-20,9343
3162,精確,10,0,10,華南永昌-頭份,2023-12-20,9343
4402,郡都開發,10,0,10,華南永昌-頭份,2023-12-20,9343
2913,農林,9,0,9,華南永昌-頭份,2023-12-20,9343
2362,藍天,11,2,9,華南永昌-頭份,2023-12-20,9343
3051,力特,9,0,9,華南永昌-頭份,2023-12-20,9343
6235,華孚,10,1,9,華南永昌-頭份,2023-12-20,9343
2314,台揚,10,1,9,華南永昌-頭份,2023-12-20,9343
2611,志信,10,2,8,華南永昌-頭份,2023-12-20,9343
3545,敦泰,7,0,7,華南永昌-頭份,2023-12-20,9343
3624,光頡,7,0,7,華南永昌-頭份,2023-12-20,9343
6182,合晶,7,0,7,華南永昌-頭份,2023-12-20,9343
8059,凱碩,7,0,7,華南永昌-頭份,2023-12-20,9343
8176,智捷,8,1,7,華南永昌-頭份,2023-12-20,9343
1240,茂生農經,6,0,6,華南永昌-頭份,2023-12-20,9343
2401,凌陽,6,0,6,華南永昌-頭份,2023-12-20,9343
2633,台灣高鐵,6,0,6,華南永昌-頭份,2023-12-20,9343
2883,凱基金,6,0,6,華南永昌-頭份,2023-12-20,9343
3011,今皓,6,0,6,華南永昌-頭份,2023-12-20,9343
3050,鈺德,6,0,6,華南永昌-頭份,2023-12-20,9343
3264,欣銓,6,0,6,華南永昌-頭份,2023-12-20,9343
1605,華新,5,0,5,華南永昌-頭份,2023-12-20,9343
2029,盛餘,5,0,5,華南永昌-頭份,2023-12-20,9343
00937B,群益ESG投等債20,201,23,178,華南永昌-頭份,2023-12-21,9343
00919,群益台灣精選高息,120,15,105,華南永昌-頭份,2023-12-21,9343
9105,泰金寶-DR,114,12,102,華南永昌-頭份,2023-12-21,9343
00877,復華中國5G,102,2,100,華南永昌-頭份,2023-12-21,9343
8112,至上,52,2,50,華南永昌-頭份,2023-12-21,9343
00933B,國泰10Y+金融債,44,0,44,華南永昌-頭份,2023-12-21,9343
4306,炎洲,42,5,37,華南永昌-頭份,2023-12-21,9343
8054,安國,45,11,34,華南永昌-頭份,2023-12-21,9343
3706,神達,32,0,32,華南永昌-頭份,2023-12-21,9343
1905,華紙,30,3,27,華南永昌-頭份,2023-12-21,9343
00934,中信成長高股息,22,0,22,華南永昌-頭份,2023-12-21,9343
4402,郡都開發,31,10,21,華南永昌-頭份,2023-12-21,9343
5521,工信,22,1,21,華南永昌-頭份,2023-12-21,9343
8085,福華,21,0,21,華南永昌-頭份,2023-12-21,9343
2528,皇普,20,0,20,華南永昌-頭份,2023-12-21,9343
2615,萬海,33,13,20,華南永昌-頭份,2023-12-21,9343
3019,亞光,20,0,20,華南永昌-頭份,2023-12-21,9343
6168,宏齊,20,0,20,華南永昌-頭份,2023-12-21,9343
3038,全台,20,1,19,華南永昌-頭份,2023-12-21,9343
3049,精金,18,0,18,華南永昌-頭份,2023-12-21,9343
8068,全達,28,13,15,華南永昌-頭份,2023-12-21,9343
1504,東元,16,2,14,華南永昌-頭份,2023-12-21,9343
2887,台新金,12,0,12,華南永昌-頭份,2023-12-21,9343
5351,鈺創,13,1,12,華南永昌-頭份,2023-12-21,9343
6443,元晶,17,5,12,華南永昌-頭份,2023-12-21,9343
1732,毛寶,24,13,11,華南永昌-頭份,2023-12-21,9343
2324,仁寶,22,11,11,華南永昌-頭份,2023-12-21,9343
2331,精英,35,24,11,華南永昌-頭份,2023-12-21,9343
5871,中租-KY,11,0,11,華南永昌-頭份,2023-12-21,9343
8011,台通,15,4,11,華南永昌-頭份,2023-12-21,9343
1582,信錦,10,0,10,華南永昌-頭份,2023-12-21,9343
2010,春源,10,0,10,華南永昌-頭份,2023-12-21,9343
2108,南帝,10,0,10,華南永昌-頭份,2023-12-21,9343
2312,金寶,11,1,10,華南永昌-頭份,2023-12-21,9343
2892,第一金,10,0,10,華南永昌-頭份,2023-12-21,9343
6153,嘉聯益,10,0,10,華南永昌-頭份,2023-12-21,9343
6288,聯嘉,10,0,10,華南永昌-頭份,2023-12-21,9343
4157,太景*-KY,15,6,9,華南永昌-頭份,2023-12-21,9343
2314,台揚,10,2,8,華南永昌-頭份,2023-12-21,9343
2641,正德,33,25,8,華南永昌-頭份,2023-12-21,9343
3041,揚智,8,0,8,華南永昌-頭份,2023-12-21,9343
6477,安集,8,0,8,華南永昌-頭份,2023-12-21,9343
6546,正基,14,6,8,華南永昌-頭份,2023-12-21,9343
2393,億光,7,0,7,華南永昌-頭份,2023-12-21,9343
3006,晶豪科,10,3,7,華南永昌-頭份,2023-12-21,9343
3083,網龍,8,1,7,華南永昌-頭份,2023-12-21,9343
6770,力積電,10,3,7,華南永昌-頭份,2023-12-21,9343
2603,長榮,41,34,7,華南永昌-頭份,2023-12-21,9343
3264,欣銓,6,0,6,華南永昌-頭份,2023-12-21,9343
2493,揚博,6,0,6,華南永昌-頭份,2023-12-21,9343
00680L,元大美債20正2,371,5,366,華南永昌-頭份,2023-12-22,9343
2516,新建,223,1,222,華南永昌-頭份,2023-12-22,9343
2888,新光金,159,0,159,華南永昌-頭份,2023-12-22,9343
00919,群益台灣精選高息,109,18,91,華南永昌-頭份,2023-12-22,9343
2356,英業達,76,17,59,華南永昌-頭份,2023-12-22,9343
00665L,富邦�琤肭磪囓�2,60,1,59,華南永昌-頭份,2023-12-22,9343
2515,中工,75,22,53,華南永昌-頭份,2023-12-22,9343
2323,中環,40,5,35,華南永昌-頭份,2023-12-22,9343
00933B,國泰10Y+金融債,37,6,31,華南永昌-頭份,2023-12-22,9343
6168,宏齊,24,0,24,華南永昌-頭份,2023-12-22,9343
1305,華夏,41,20,21,華南永昌-頭份,2023-12-22,9343
00687B,國泰20年美債,33,12,21,華南永昌-頭份,2023-12-22,9343
2344,華邦電,34,13,21,華南永昌-頭份,2023-12-22,9343
2528,皇普,21,0,21,華南永昌-頭份,2023-12-22,9343
2312,金寶,17,2,15,華南永昌-頭份,2023-12-22,9343
2892,第一金,15,0,15,華南永昌-頭份,2023-12-22,9343
3231,緯創,25,11,14,華南永昌-頭份,2023-12-22,9343
00688L,國泰20年美債正2,14,0,14,華南永昌-頭份,2023-12-22,9343
00931B,統一美債20年,14,0,14,華南永昌-頭份,2023-12-22,9343
2605,新興,16,4,12,華南永昌-頭份,2023-12-22,9343
3481,群創,51,40,11,華南永昌-頭份,2023-12-22,9343
8112,至上,12,1,11,華南永昌-頭份,2023-12-22,9343
2204,中華,11,1,10,華南永昌-頭份,2023-12-22,9343
3308,聯德,10,0,10,華南永昌-頭份,2023-12-22,9343
4526,東台,10,0,10,華南永昌-頭份,2023-12-22,9343
6153,嘉聯益,10,0,10,華南永昌-頭份,2023-12-22,9343
6693,廣閎科,10,0,10,華南永昌-頭份,2023-12-22,9343
9919,康那香,17,8,9,華南永昌-頭份,2023-12-22,9343
2365,昆盈,9,0,9,華南永昌-頭份,2023-12-22,9343
6477,安集,9,0,9,華南永昌-頭份,2023-12-22,9343
6443,元晶,8,0,8,華南永昌-頭份,2023-12-22,9343
2913,農林,7,0,7,華南永昌-頭份,2023-12-22,9343
6789,采鈺,8,1,7,華南永昌-頭份,2023-12-22,9343
00773B,中信優先金融債,6,0,6,華南永昌-頭份,2023-12-22,9343
1584,精剛,6,0,6,華南永昌-頭份,2023-12-22,9343
2324,仁寶,8,2,6,華南永昌-頭份,2023-12-22,9343
2547,日勝生,6,0,6,華南永昌-頭份,2023-12-22,9343
4306,炎洲,6,0,6,華南永昌-頭份,2023-12-22,9343
8059,凱碩,6,0,6,華南永昌-頭份,2023-12-22,9343
2201,裕隆,6,1,5,華南永昌-頭份,2023-12-22,9343
1313,聯成,5,0,5,華南永昌-頭份,2023-12-22,9343
1240,茂生農經,5,0,5,華南永昌-頭份,2023-12-22,9343
00720B,元大投資級公司債,5,0,5,華南永昌-頭份,2023-12-22,9343
00637L,元大滬深300正2,5,0,5,華南永昌-頭份,2023-12-22,9343
2338,光罩,5,0,5,華南永昌-頭份,2023-12-22,9343
2618,長榮航,12,7,5,華南永昌-頭份,2023-12-22,9343
2887,台新金,5,0,5,華南永昌-頭份,2023-12-22,9343
3322,建舜電,5,0,5,華南永昌-頭份,2023-12-22,9343
3346,麗清,10,5,5,華南永昌-頭份,2023-12-22,9343
5309,系統電,5,0,5,華南永昌-頭份,2023-12-22,9343
00919,群益台灣精選高息,332,0,332,華南永昌-頭份,2023-12-25,9343
00937B,群益ESG投等債20,62,2,60,華南永昌-頭份,2023-12-25,9343
00877,復華中國5G,48,3,45,華南永昌-頭份,2023-12-25,9343
4938,和碩,35,1,34,華南永昌-頭份,2023-12-25,9343
5009,榮剛,30,0,30,華南永昌-頭份,2023-12-25,9343
6233,旺玖,33,9,24,華南永昌-頭份,2023-12-25,9343
3013,晟銘電,26,4,22,華南永昌-頭份,2023-12-25,9343
3645,達邁,22,0,22,華南永昌-頭份,2023-12-25,9343
00935,野村臺灣新科技50,20,0,20,華南永昌-頭份,2023-12-25,9343
2020,美亞,20,0,20,華南永昌-頭份,2023-12-25,9343
4533,協易機,20,0,20,華南永昌-頭份,2023-12-25,9343
4552,力達-KY,20,0,20,華南永昌-頭份,2023-12-25,9343
8088,品安,30,11,19,華南永昌-頭份,2023-12-25,9343
2324,仁寶,42,25,17,華南永昌-頭份,2023-12-25,9343
2405,輔信,28,12,16,華南永昌-頭份,2023-12-25,9343
00929,復華台灣科技優息,91,75,16,華南永昌-頭份,2023-12-25,9343
1312,國喬,27,12,15,華南永昌-頭份,2023-12-25,9343
2607,榮運,16,1,15,華南永昌-頭份,2023-12-25,9343
2449,京元電子,14,0,14,華南永昌-頭份,2023-12-25,9343
2007,燁興,13,0,13,華南永昌-頭份,2023-12-25,9343
5258,虹堡,13,0,13,華南永昌-頭份,2023-12-25,9343
9919,康那香,17,4,13,華南永昌-頭份,2023-12-25,9343
2618,長榮航,12,0,12,華南永昌-頭份,2023-12-25,9343
2883,凱基金,12,0,12,華南永昌-頭份,2023-12-25,9343
2606,裕民,11,0,11,華南永昌-頭份,2023-12-25,9343
2736,富野,11,0,11,華南永昌-頭份,2023-12-25,9343
8112,至上,11,0,11,華南永昌-頭份,2023-12-25,9343
2382,廣達,12,2,10,華南永昌-頭份,2023-12-25,9343
00882,中信中國高股息,10,0,10,華南永昌-頭份,2023-12-25,9343
00680L,元大美債20正2,10,0,10,華南永昌-頭份,2023-12-25,9343
2367,燿華,10,0,10,華南永昌-頭份,2023-12-25,9343
6111,大宇資,11,1,10,華南永昌-頭份,2023-12-25,9343
6169,昱泉,10,0,10,華南永昌-頭份,2023-12-25,9343
2353,宏��,43,34,9,華南永昌-頭份,2023-12-25,9343
2498,宏達電,18,10,8,華南永昌-頭份,2023-12-25,9343
3694,海華,12,4,8,華南永昌-頭份,2023-12-25,9343
3264,欣銓,7,0,7,華南永昌-頭份,2023-12-25,9343
1605,華新,10,3,7,華南永昌-頭份,2023-12-25,9343
00934,中信成長高股息,7,0,7,華南永昌-頭份,2023-12-25,9343
3083,網龍,9,2,7,華南永昌-頭份,2023-12-25,9343
2834,臺企銀,7,0,7,華南永昌-頭份,2023-12-25,9343
1524,耿鼎,7,1,6,華南永昌-頭份,2023-12-25,9343
1609,大亞,10,4,6,華南永昌-頭份,2023-12-25,9343
2609,陽明,70,65,5,華南永昌-頭份,2023-12-25,9343
00631L,元大台灣50正2,7,2,5,華南永昌-頭份,2023-12-25,9343
00931B,統一美債20年,5,0,5,華南永昌-頭份,2023-12-25,9343
2029,盛餘,5,0,5,華南永昌-頭份,2023-12-25,9343
2506,太設,5,0,5,華南永昌-頭份,2023-12-25,9343
2891,中信金,5,0,5,華南永昌-頭份,2023-12-25,9343
5525,順天,5,0,5,華南永昌-頭份,2023-12-25,9343
2365,昆盈,108,5,103,華南永昌-頭份,2023-12-26,9343
2516,新建,200,100,100,華南永昌-頭份,2023-12-26,9343
1312,國喬,100,11,89,華南永昌-頭份,2023-12-26,9343
9105,泰金寶-DR,75,0,75,華南永昌-頭份,2023-12-26,9343
2736,富野,54,0,54,華南永昌-頭份,2023-12-26,9343
4939,亞電,37,0,37,華南永昌-頭份,2023-12-26,9343
6127,九豪,34,0,34,華南永昌-頭份,2023-12-26,9343
00918,大華優利高填息30,29,0,29,華南永昌-頭份,2023-12-26,9343
4306,炎洲,25,0,25,華南永昌-頭份,2023-12-26,9343
3346,麗清,28,7,21,華南永昌-頭份,2023-12-26,9343
2362,藍天,20,0,20,華南永昌-頭份,2023-12-26,9343
2888,新光金,20,0,20,華南永昌-頭份,2023-12-26,9343
3706,神達,21,1,20,華南永昌-頭份,2023-12-26,9343
5443,均豪,20,0,20,華南永昌-頭份,2023-12-26,9343
00919,群益台灣精選高息,17,0,17,華南永昌-頭份,2023-12-26,9343
00877,復華中國5G,15,0,15,華南永昌-頭份,2023-12-26,9343
00923,群益台ESG低碳50,15,0,15,華南永昌-頭份,2023-12-26,9343
00937B,群益ESG投等債20,14,0,14,華南永昌-頭份,2023-12-26,9343
2515,中工,66,52,14,華南永昌-頭份,2023-12-26,9343
00637L,元大滬深300正2,12,0,12,華南永昌-頭份,2023-12-26,9343
2371,大同,12,0,12,華南永昌-頭份,2023-12-26,9343
2312,金寶,15,4,11,華南永昌-頭份,2023-12-26,9343
6290,良維,15,4,11,華南永昌-頭份,2023-12-26,9343
2801,彰銀,10,0,10,華南永昌-頭份,2023-12-26,9343
8096,擎亞,10,0,10,華南永昌-頭份,2023-12-26,9343
2201,裕隆,8,0,8,華南永昌-頭份,2023-12-26,9343
3236,千如,8,0,8,華南永昌-頭份,2023-12-26,9343
2610,華航,8,0,8,華南永昌-頭份,2023-12-26,9343
6237,驊訊,13,5,8,華南永昌-頭份,2023-12-26,9343
1514,亞力,11,4,7,華南永昌-頭份,2023-12-26,9343
2014,中鴻,6,0,6,華南永昌-頭份,2023-12-26,9343
00670L,富邦NASDAQ正2,6,0,6,華南永昌-頭份,2023-12-26,9343
1339,昭輝,6,0,6,華南永昌-頭份,2023-12-26,9343
2358,廷鑫,5,0,5,華南永昌-頭份,2023-12-26,9343
00935,野村臺灣新科技50,5,0,5,華南永昌-頭份,2023-12-26,9343
1711,永光,5,0,5,華南永昌-頭份,2023-12-26,9343
1815,富喬,7,2,5,華南永昌-頭份,2023-12-26,9343
2013,中鋼構,5,0,5,華南永昌-頭份,2023-12-26,9343
2301,光寶科,10,5,5,華南永昌-頭份,2023-12-26,9343
2528,皇普,5,0,5,華南永昌-頭份,2023-12-26,9343
2834,臺企銀,5,0,5,華南永昌-頭份,2023-12-26,9343
3122,笙泉,5,0,5,華南永昌-頭份,2023-12-26,9343
3380,明泰,5,0,5,華南永昌-頭份,2023-12-26,9343
5521,工信,6,1,5,華南永昌-頭份,2023-12-26,9343
6204,艾華,5,0,5,華南永昌-頭份,2023-12-26,9343
2605,新興,6,1,5,華南永昌-頭份,2023-12-26,9343
2356,英業達,12,8,4,華南永昌-頭份,2023-12-26,9343
2369,菱生,7,3,4,華南永昌-頭份,2023-12-26,9343
6533,晶心科,5,1,4,華南永昌-頭份,2023-12-26,9343
8088,品安,14,10,4,華南永昌-頭份,2023-12-26,9343
00937B,群益ESG投等債20,214,12,202,華南永昌-頭份,2023-12-27,9343
2356,英業達,155,18,137,華南永昌-頭份,2023-12-27,9343
1308,亞聚,110,0,110,華南永昌-頭份,2023-12-27,9343
4142,國光生,50,0,50,華南永昌-頭份,2023-12-27,9343
1515,力山,37,0,37,華南永昌-頭份,2023-12-27,9343
00919,群益台灣精選高息,40,6,34,華南永昌-頭份,2023-12-27,9343
00929,復華台灣科技優息,114,81,33,華南永昌-頭份,2023-12-27,9343
9105,泰金寶-DR,40,11,29,華南永昌-頭份,2023-12-27,9343
4157,太景*-KY,22,0,22,華南永昌-頭份,2023-12-27,9343
5258,虹堡,20,0,20,華南永昌-頭份,2023-12-27,9343
00882,中信中國高股息,17,0,17,華南永昌-頭份,2023-12-27,9343
2365,昆盈,20,4,16,華南永昌-頭份,2023-12-27,9343
8039,台虹,24,10,14,華南永昌-頭份,2023-12-27,9343
00931B,統一美債20年,13,0,13,華南永昌-頭份,2023-12-27,9343
2324,仁寶,33,20,13,華南永昌-頭份,2023-12-27,9343
2405,輔信,53,40,13,華南永昌-頭份,2023-12-27,9343
6220,岳豐,12,0,12,華南永昌-頭份,2023-12-27,9343
00795B,中信美國公債20年,11,0,11,華南永昌-頭份,2023-12-27,9343
8040,九暘,11,0,11,華南永昌-頭份,2023-12-27,9343
6288,聯嘉,11,1,10,華南永昌-頭份,2023-12-27,9343
3236,千如,10,0,10,華南永昌-頭份,2023-12-27,9343
4707,磐亞,10,0,10,華南永昌-頭份,2023-12-27,9343
5410,國眾,10,0,10,華南永昌-頭份,2023-12-27,9343
8110,華東,10,0,10,華南永昌-頭份,2023-12-27,9343
9919,康那香,18,8,10,華南永昌-頭份,2023-12-27,9343
1312,國喬,10,1,9,華南永昌-頭份,2023-12-27,9343
5347,世界,11,3,8,華南永昌-頭份,2023-12-27,9343
2204,中華,8,0,8,華南永昌-頭份,2023-12-27,9343
2377,微星,20,12,8,華南永昌-頭份,2023-12-27,9343
2421,建準,9,1,8,華南永昌-頭份,2023-12-27,9343
2888,新光金,8,0,8,華南永昌-頭份,2023-12-27,9343
3088,艾訊,11,3,8,華南永昌-頭份,2023-12-27,9343
3673,TPK-KY,8,0,8,華南永昌-頭份,2023-12-27,9343
5009,榮剛,10,2,8,華南永昌-頭份,2023-12-27,9343
5302,太欣,8,0,8,華南永昌-頭份,2023-12-27,9343
8222,寶一,8,0,8,華南永昌-頭份,2023-12-27,9343
00687B,國泰20年美債,7,0,7,華南永昌-頭份,2023-12-27,9343
2312,金寶,9,2,7,華南永昌-頭份,2023-12-27,9343
5011,久陽,7,0,7,華南永昌-頭份,2023-12-27,9343
6164,華興,7,0,7,華南永昌-頭份,2023-12-27,9343
2369,菱生,7,0,7,華南永昌-頭份,2023-12-27,9343
1733,五鼎,14,7,7,華南永昌-頭份,2023-12-27,9343
3380,明泰,7,1,6,華南永昌-頭份,2023-12-27,9343
1732,毛寶,6,0,6,華南永昌-頭份,2023-12-27,9343
2402,毅嘉,6,0,6,華南永昌-頭份,2023-12-27,9343
6204,艾華,6,0,6,華南永昌-頭份,2023-12-27,9343
6488,環球晶,5,0,5,華南永昌-頭份,2023-12-27,9343
3049,精金,5,0,5,華南永昌-頭份,2023-12-27,9343
1721,三晃,5,0,5,華南永昌-頭份,2023-12-27,9343
2610,華航,15,10,5,華南永昌-頭份,2023-12-27,9343
9105,泰金寶-DR,165,0,165,華南永昌-頭份,2023-12-28,9343
2323,中環,162,4,158,華南永昌-頭份,2023-12-28,9343
00929,復華台灣科技優息,172,60,112,華南永昌-頭份,2023-12-28,9343
2736,富野,100,0,100,華南永昌-頭份,2023-12-28,9343
00937B,群益ESG投等債20,89,0,89,華南永昌-頭份,2023-12-28,9343
2324,仁寶,60,15,45,華南永昌-頭份,2023-12-28,9343
2201,裕隆,47,3,44,華南永昌-頭份,2023-12-28,9343
00919,群益台灣精選高息,45,1,44,華南永昌-頭份,2023-12-28,9343
1582,信錦,42,1,41,華南永昌-頭份,2023-12-28,9343
2405,輔信,41,6,35,華南永昌-頭份,2023-12-28,9343
2353,宏��,54,23,31,華南永昌-頭份,2023-12-28,9343
4915,致伸,24,0,24,華南永昌-頭份,2023-12-28,9343
5347,世界,22,0,22,華南永昌-頭份,2023-12-28,9343
2363,矽統,21,2,19,華南永昌-頭份,2023-12-28,9343
2888,新光金,21,2,19,華南永昌-頭份,2023-12-28,9343
4306,炎洲,19,0,19,華南永昌-頭份,2023-12-28,9343
2365,昆盈,31,15,16,華南永昌-頭份,2023-12-28,9343
2314,台揚,16,0,16,華南永昌-頭份,2023-12-28,9343
4938,和碩,15,0,15,華南永昌-頭份,2023-12-28,9343
2603,長榮,11,0,11,華南永昌-頭份,2023-12-28,9343
3481,群創,31,20,11,華南永昌-頭份,2023-12-28,9343
5469,瀚宇博,11,0,11,華南永昌-頭份,2023-12-28,9343
1616,億泰,10,0,10,華南永昌-頭份,2023-12-28,9343
1721,三晃,10,0,10,華南永昌-頭份,2023-12-28,9343
2528,皇普,10,0,10,華南永昌-頭份,2023-12-28,9343
5009,榮剛,10,0,10,華南永昌-頭份,2023-12-28,9343
5608,四維航,10,0,10,華南永昌-頭份,2023-12-28,9343
8110,華東,10,0,10,華南永昌-頭份,2023-12-28,9343
2204,中華,17,8,9,華南永昌-頭份,2023-12-28,9343
8210,勤誠,13,4,9,華南永昌-頭份,2023-12-28,9343
1514,亞力,26,18,8,華南永昌-頭份,2023-12-28,9343
5236,凌陽創新,8,0,8,華南永昌-頭份,2023-12-28,9343
2303,聯電,56,49,7,華南永昌-頭份,2023-12-28,9343
00687B,國泰20年美債,11,4,7,華南永昌-頭份,2023-12-28,9343
2357,華碩,10,3,7,華南永昌-頭份,2023-12-28,9343
2439,美律,7,0,7,華南永昌-頭份,2023-12-28,9343
3530,晶相光,7,0,7,華南永昌-頭份,2023-12-28,9343
4961,天鈺,7,0,7,華南永昌-頭份,2023-12-28,9343
2312,金寶,6,0,6,華南永昌-頭份,2023-12-28,9343
3035,智原,6,0,6,華南永昌-頭份,2023-12-28,9343
3050,鈺德,6,0,6,華南永昌-頭份,2023-12-28,9343
5530,龍巖,6,0,6,華南永昌-頭份,2023-12-28,9343
5531,鄉林,6,0,6,華南永昌-頭份,2023-12-28,9343
6535,順藥,6,0,6,華南永昌-頭份,2023-12-28,9343
8069,元太,6,0,6,華南永昌-頭份,2023-12-28,9343
2337,旺宏,7,2,5,華南永昌-頭份,2023-12-28,9343
1513,中興電,11,6,5,華南永昌-頭份,2023-12-28,9343
1809,中釉,5,0,5,華南永昌-頭份,2023-12-28,9343
2032,新鋼,5,0,5,華南永昌-頭份,2023-12-28,9343
2313,華通,6,1,5,華南永昌-頭份,2023-12-28,9343
2705,六福,156,0,156,華南永昌-頭份,2023-12-29,9343
2323,中環,50,0,50,華南永昌-頭份,2023-12-29,9343
00929,復華台灣科技優息,41,2,39,華南永昌-頭份,2023-12-29,9343
00937B,群益ESG投等債20,35,0,35,華南永昌-頭份,2023-12-29,9343
00680L,元大美債20正2,27,0,27,華南永昌-頭份,2023-12-29,9343
2409,友達,32,5,27,華南永昌-頭份,2023-12-29,9343
6770,力積電,22,0,22,華南永昌-頭份,2023-12-29,9343
1721,三晃,20,0,20,華南永昌-頭份,2023-12-29,9343
00882,中信中國高股息,25,6,19,華南永昌-頭份,2023-12-29,9343
3024,憶聲,20,1,19,華南永昌-頭份,2023-12-29,9343
2303,聯電,20,2,18,華南永昌-頭份,2023-12-29,9343
2312,金寶,24,7,17,華南永昌-頭份,2023-12-29,9343
2515,中工,30,13,17,華南永昌-頭份,2023-12-29,9343
00642U,期元大S＆P石油,16,0,16,華南永昌-頭份,2023-12-29,9343
6116,彩晶,15,0,15,華南永昌-頭份,2023-12-29,9343
3006,晶豪科,31,17,14,華南永昌-頭份,2023-12-29,9343
8054,安國,14,0,14,華南永昌-頭份,2023-12-29,9343
3019,亞光,11,0,11,華南永昌-頭份,2023-12-29,9343
8059,凱碩,18,7,11,華南永昌-頭份,2023-12-29,9343
00664R,國泰臺灣加權反1,10,0,10,華南永昌-頭份,2023-12-29,9343
1108,幸福,10,0,10,華南永昌-頭份,2023-12-29,9343
1519,華城,18,8,10,華南永昌-頭份,2023-12-29,9343
2033,佳大,10,0,10,華南永昌-頭份,2023-12-29,9343
8088,品安,10,0,10,華南永昌-頭份,2023-12-29,9343
2331,精英,12,3,9,華南永昌-頭份,2023-12-29,9343
1514,亞力,19,10,9,華南永昌-頭份,2023-12-29,9343
1312,國喬,10,1,9,華南永昌-頭份,2023-12-29,9343
6477,安集,9,0,9,華南永昌-頭份,2023-12-29,9343
2201,裕隆,23,15,8,華南永昌-頭份,2023-12-29,9343
8011,台通,8,0,8,華南永昌-頭份,2023-12-29,9343
00687B,國泰20年美債,7,0,7,華南永昌-頭份,2023-12-29,9343
1609,大亞,10,3,7,華南永昌-頭份,2023-12-29,9343
1806,冠軍,7,0,7,華南永昌-頭份,2023-12-29,9343
2363,矽統,8,1,7,華南永昌-頭份,2023-12-29,9343
00933B,國泰10Y+金融債,6,0,6,華南永昌-頭份,2023-12-29,9343
1529,樂事綠能,6,0,6,華南永昌-頭份,2023-12-29,9343
3260,威剛,11,5,6,華南永昌-頭份,2023-12-29,9343
3694,海華,7,1,6,華南永昌-頭份,2023-12-29,9343
6188,廣明,9,3,6,華南永昌-頭份,2023-12-29,9343
9105,泰金寶-DR,5,0,5,華南永昌-頭份,2023-12-29,9343
3706,神達,11,6,5,華南永昌-頭份,2023-12-29,9343
00934,中信成長高股息,5,0,5,華南永昌-頭份,2023-12-29,9343
00655L,國泰中國A50正2,5,0,5,華南永昌-頭份,2023-12-29,9343
00673R,期元大S＆P原油反1,5,0,5,華南永昌-頭份,2023-12-29,9343
00931B,統一美債20年,5,0,5,華南永昌-頭份,2023-12-29,9343
00922,國泰台灣領袖50,5,0,5,華南永昌-頭份,2023-12-29,9343
2313,華通,5,0,5,華南永昌-頭份,2023-12-29,9343
2417,圓剛,5,0,5,華南永昌-頭份,2023-12-29,9343
3257,虹冠電,5,0,5,華南永昌-頭份,2023-12-29,9343
4526,東台,5,0,5,華南永昌-頭份,2023-12-29,9343
00934,中信成長高股息,261,0,261,華南永昌-頭份,2024-01-02,9343
2516,新建,110,10,100,華南永昌-頭份,2024-01-02,9343
00715L,期街口布蘭特正2,82,3,79,華南永昌-頭份,2024-01-02,9343
00929,復華台灣科技優息,76,12,64,華南永昌-頭份,2024-01-02,9343
3231,緯創,46,2,44,華南永昌-頭份,2024-01-02,9343
2303,聯電,41,2,39,華南永昌-頭份,2024-01-02,9343
5521,工信,61,23,38,華南永昌-頭份,2024-01-02,9343
3481,群創,33,1,32,華南永昌-頭份,2024-01-02,9343
00919,群益台灣精選高息,31,0,31,華南永昌-頭份,2024-01-02,9343
6206,飛捷,30,0,30,華南永昌-頭份,2024-01-02,9343
00937B,群益ESG投等債20,28,0,28,華南永昌-頭份,2024-01-02,9343
00637L,元大滬深300正2,28,1,27,華南永昌-頭份,2024-01-02,9343
2356,英業達,32,7,25,華南永昌-頭份,2024-01-02,9343
00679B,元大美債20年,25,2,23,華南永昌-頭份,2024-01-02,9343
00931B,統一美債20年,21,0,21,華南永昌-頭份,2024-01-02,9343
2324,仁寶,27,7,20,華南永昌-頭份,2024-01-02,9343
8096,擎亞,21,2,19,華南永昌-頭份,2024-01-02,9343
1609,大亞,21,5,16,華南永昌-頭份,2024-01-02,9343
00680L,元大美債20正2,40,25,15,華南永昌-頭份,2024-01-02,9343
6770,力積電,15,0,15,華南永昌-頭份,2024-01-02,9343
2409,友達,25,11,14,華南永昌-頭份,2024-01-02,9343
3288,點晶,14,0,14,華南永昌-頭份,2024-01-02,9343
6592,和潤企業,14,0,14,華南永昌-頭份,2024-01-02,9343
00764B,群益25年美債,12,0,12,華南永昌-頭份,2024-01-02,9343
2449,京元電子,12,0,12,華南永昌-頭份,2024-01-02,9343
8059,凱碩,17,5,12,華南永昌-頭份,2024-01-02,9343
0056,元大高股息,11,0,11,華南永昌-頭份,2024-01-02,9343
00712,復華富時不動產,11,0,11,華南永昌-頭份,2024-01-02,9343
00687B,國泰20年美債,16,5,11,華南永昌-頭份,2024-01-02,9343
00665L,富邦�琤肭磪囓�2,11,0,11,華南永昌-頭份,2024-01-02,9343
2352,佳世達,17,6,11,華南永昌-頭份,2024-01-02,9343
2363,矽統,11,0,11,華南永昌-頭份,2024-01-02,9343
6275,元山,13,3,10,華南永昌-頭份,2024-01-02,9343
1108,幸福,10,0,10,華南永昌-頭份,2024-01-02,9343
1721,三晃,10,0,10,華南永昌-頭份,2024-01-02,9343
1809,中釉,10,0,10,華南永昌-頭份,2024-01-02,9343
1905,華紙,10,0,10,華南永昌-頭份,2024-01-02,9343
2405,輔信,15,5,10,華南永昌-頭份,2024-01-02,9343
2601,益航,10,0,10,華南永昌-頭份,2024-01-02,9343
3006,晶豪科,15,5,10,華南永昌-頭份,2024-01-02,9343
2382,廣達,9,0,9,華南永昌-頭份,2024-01-02,9343
2388,威盛,20,11,9,華南永昌-頭份,2024-01-02,9343
6122,擎邦,35,26,9,華南永昌-頭份,2024-01-02,9343
9945,潤泰新,11,2,9,華南永昌-頭份,2024-01-02,9343
6239,力成,8,0,8,華南永昌-頭份,2024-01-02,9343
3013,晟銘電,7,0,7,華南永昌-頭份,2024-01-02,9343
2007,燁興,10,3,7,華南永昌-頭份,2024-01-02,9343
6113,亞矽,10,3,7,華南永昌-頭份,2024-01-02,9343
2615,萬海,15,9,6,華南永昌-頭份,2024-01-02,9343
0050,元大台灣50,6,0,6,華南永昌-頭份,2024-01-02,9343
5521,工信,145,39,106,華南永昌-頭份,2024-01-03,9343
00929,復華台灣科技優息,93,6,87,華南永昌-頭份,2024-01-03,9343
00919,群益台灣精選高息,68,2,66,華南永昌-頭份,2024-01-03,9343
0056,元大高股息,67,15,52,華南永昌-頭份,2024-01-03,9343
2609,陽明,71,21,50,華南永昌-頭份,2024-01-03,9343
00937B,群益ESG投等債20,70,24,46,華南永昌-頭份,2024-01-03,9343
2618,長榮航,56,20,36,華南永昌-頭份,2024-01-03,9343
2356,英業達,35,4,31,華南永昌-頭份,2024-01-03,9343
2303,聯電,35,5,30,華南永昌-頭份,2024-01-03,9343
00632R,元大台灣50反1,30,1,29,華南永昌-頭份,2024-01-03,9343
00671R,富邦NASDAQ反1,29,0,29,華南永昌-頭份,2024-01-03,9343
00878,國泰永續高股息,36,10,26,華南永昌-頭份,2024-01-03,9343
1905,華紙,25,0,25,華南永昌-頭份,2024-01-03,9343
3325,旭品,25,0,25,華南永昌-頭份,2024-01-03,9343
1721,三晃,23,0,23,華南永昌-頭份,2024-01-03,9343
3390,旭軟,64,43,21,華南永昌-頭份,2024-01-03,9343
2323,中環,20,0,20,華南永昌-頭份,2024-01-03,9343
2324,仁寶,24,4,20,華南永昌-頭份,2024-01-03,9343
6179,亞通,20,0,20,華南永昌-頭份,2024-01-03,9343
2362,藍天,38,19,19,華南永昌-頭份,2024-01-03,9343
00918,大華優利高填息30,18,0,18,華南永昌-頭份,2024-01-03,9343
2352,佳世達,22,5,17,華南永昌-頭份,2024-01-03,9343
6770,力積電,37,20,17,華南永昌-頭份,2024-01-03,9343
00936,台新永續高息中小,15,0,15,華南永昌-頭份,2024-01-03,9343
00715L,期街口布蘭特正2,15,0,15,華南永昌-頭份,2024-01-03,9343
3231,緯創,16,2,14,華南永昌-頭份,2024-01-03,9343
00915,凱基優選高股息30,13,0,13,華南永昌-頭份,2024-01-03,9343
1519,華城,16,3,13,華南永昌-頭份,2024-01-03,9343
2353,宏��,16,4,12,華南永昌-頭份,2024-01-03,9343
3037,欣興,12,0,12,華南永昌-頭份,2024-01-03,9343
2883,凱基金,12,0,12,華南永昌-頭份,2024-01-03,9343
2408,南亞科,14,3,11,華南永昌-頭份,2024-01-03,9343
2330,台積電,10,0,10,華南永昌-頭份,2024-01-03,9343
2880,華南金,14,4,10,華南永昌-頭份,2024-01-03,9343
2913,農林,10,0,10,華南永昌-頭份,2024-01-03,9343
2892,第一金,10,0,10,華南永昌-頭份,2024-01-03,9343
2905,三商,10,0,10,華南永昌-頭份,2024-01-03,9343
5515,建國,10,0,10,華南永昌-頭份,2024-01-03,9343
6139,亞翔,12,2,10,華南永昌-頭份,2024-01-03,9343
6153,嘉聯益,10,0,10,華南永昌-頭份,2024-01-03,9343
4967,十銓,10,1,9,華南永昌-頭份,2024-01-03,9343
5351,鈺創,10,1,9,華南永昌-頭份,2024-01-03,9343
9919,康那香,12,3,9,華南永昌-頭份,2024-01-03,9343
00712,復華富時不動產,8,0,8,華南永昌-頭份,2024-01-03,9343
2884,玉山金,8,0,8,華南永昌-頭份,2024-01-03,9343
00922,國泰台灣領袖50,8,0,8,華南永昌-頭份,2024-01-03,9343
00885,富邦越南,8,0,8,華南永昌-頭份,2024-01-03,9343
1303,南亞,8,0,8,華南永昌-頭份,2024-01-03,9343
00642U,期元大S＆P石油,9,2,7,華南永昌-頭份,2024-01-03,9343
1301,台塑,7,0,7,華南永昌-頭份,2024-01-03,9343
00637L,元大滬深300正2,359,10,349,華南永昌-頭份,2024-01-04,9343
2605,新興,284,22,262,華南永昌-頭份,2024-01-04,9343
00929,復華台灣科技優息,152,0,152,華南永昌-頭份,2024-01-04,9343
3380,明泰,91,3,88,華南永昌-頭份,2024-01-04,9343
2331,精英,43,1,42,華南永昌-頭份,2024-01-04,9343
00687B,國泰20年美債,42,0,42,華南永昌-頭份,2024-01-04,9343
00937B,群益ESG投等債20,39,5,34,華南永昌-頭份,2024-01-04,9343
4533,協易機,30,0,30,華南永昌-頭份,2024-01-04,9343
2356,英業達,32,5,27,華南永昌-頭份,2024-01-04,9343
3231,緯創,30,4,26,華南永昌-頭份,2024-01-04,9343
00919,群益台灣精選高息,20,0,20,華南永昌-頭份,2024-01-04,9343
6288,聯嘉,20,0,20,華南永昌-頭份,2024-01-04,9343
8059,凱碩,20,1,19,華南永昌-頭份,2024-01-04,9343
00671R,富邦NASDAQ反1,17,0,17,華南永昌-頭份,2024-01-04,9343
6139,亞翔,16,0,16,華南永昌-頭份,2024-01-04,9343
2312,金寶,26,10,16,華南永昌-頭份,2024-01-04,9343
2388,威盛,21,5,16,華南永昌-頭份,2024-01-04,9343
00927,群益半導體收益,15,0,15,華南永昌-頭份,2024-01-04,9343
2610,華航,16,1,15,華南永昌-頭份,2024-01-04,9343
00878,國泰永續高股息,18,3,15,華南永昌-頭份,2024-01-04,9343
00712,復華富時不動產,16,2,14,華南永昌-頭份,2024-01-04,9343
6271,同欣電,14,0,14,華南永昌-頭份,2024-01-04,9343
1519,華城,26,13,13,華南永昌-頭份,2024-01-04,9343
2337,旺宏,11,0,11,華南永昌-頭份,2024-01-04,9343
2816,旺旺保,11,0,11,華南永昌-頭份,2024-01-04,9343
6120,達運,12,1,11,華南永昌-頭份,2024-01-04,9343
3264,欣銓,12,1,11,華南永昌-頭份,2024-01-04,9343
00632R,元大台灣50反1,10,0,10,華南永昌-頭份,2024-01-04,9343
00877,復華中國5G,10,0,10,華南永昌-頭份,2024-01-04,9343
4967,十銓,10,0,10,華南永昌-頭份,2024-01-04,9343
6125,廣運,10,0,10,華南永昌-頭份,2024-01-04,9343
6153,嘉聯益,10,0,10,華南永昌-頭份,2024-01-04,9343
00772B,中信高評級公司債,9,0,9,華南永昌-頭份,2024-01-04,9343
3704,合勤控,17,8,9,華南永昌-頭份,2024-01-04,9343
2344,華邦電,10,1,9,華南永昌-頭份,2024-01-04,9343
00715L,期街口布蘭特正2,23,15,8,華南永昌-頭份,2024-01-04,9343
00665L,富邦�琤肭磪囓�2,14,6,8,華南永昌-頭份,2024-01-04,9343
2634,漢翔,20,12,8,華南永昌-頭份,2024-01-04,9343
8068,全達,8,0,8,華南永昌-頭份,2024-01-04,9343
2617,台航,11,4,7,華南永昌-頭份,2024-01-04,9343
2888,新光金,7,0,7,華南永昌-頭份,2024-01-04,9343
6113,亞矽,18,11,7,華南永昌-頭份,2024-01-04,9343
2365,昆盈,6,0,6,華南永昌-頭份,2024-01-04,9343
3325,旭品,10,4,6,華南永昌-頭份,2024-01-04,9343
5258,虹堡,6,0,6,華南永昌-頭份,2024-01-04,9343
5450,南良,9,3,6,華南永昌-頭份,2024-01-04,9343
2303,聯電,5,0,5,華南永昌-頭份,2024-01-04,9343
2498,宏達電,5,0,5,華南永昌-頭份,2024-01-04,9343
00936,台新永續高息中小,5,0,5,華南永昌-頭份,2024-01-04,9343
00915,凱基優選高股息30,5,0,5,華南永昌-頭份,2024-01-04,9343
00929,復華台灣科技優息,321,35,286,華南永昌-頭份,2024-01-05,9343
00878,國泰永續高股息,206,0,206,華南永昌-頭份,2024-01-05,9343
8096,擎亞,160,42,118,華南永昌-頭份,2024-01-05,9343
4157,太景*-KY,52,0,52,華南永昌-頭份,2024-01-05,9343
00680L,元大美債20正2,40,0,40,華南永昌-頭份,2024-01-05,9343
00937B,群益ESG投等債20,71,34,37,華南永昌-頭份,2024-01-05,9343
2515,中工,41,8,33,華南永昌-頭份,2024-01-05,9343
2421,建準,34,2,32,華南永昌-頭份,2024-01-05,9343
2516,新建,30,0,30,華南永昌-頭份,2024-01-05,9343
00936,台新永續高息中小,26,0,26,華南永昌-頭份,2024-01-05,9343
00679B,元大美債20年,25,0,25,華南永昌-頭份,2024-01-05,9343
2312,金寶,25,0,25,華南永昌-頭份,2024-01-05,9343
2617,台航,26,6,20,華南永昌-頭份,2024-01-05,9343
00725B,國泰投資級公司債,19,0,19,華南永昌-頭份,2024-01-05,9343
2603,長榮,23,5,18,華南永昌-頭份,2024-01-05,9343
2324,仁寶,22,7,15,華南永昌-頭份,2024-01-05,9343
8068,全達,15,0,15,華南永昌-頭份,2024-01-05,9343
2609,陽明,76,63,13,華南永昌-頭份,2024-01-05,9343
00919,群益台灣精選高息,22,9,13,華南永昌-頭份,2024-01-05,9343
2303,聯電,28,16,12,華南永昌-頭份,2024-01-05,9343
2607,榮運,29,17,12,華南永昌-頭份,2024-01-05,9343
6285,啟��,10,0,10,華南永昌-頭份,2024-01-05,9343
2323,中環,10,0,10,華南永昌-頭份,2024-01-05,9343
00915,凱基優選高股息30,10,0,10,華南永昌-頭份,2024-01-05,9343
2208,台船,11,1,10,華南永昌-頭份,2024-01-05,9343
2886,兆豐金,10,0,10,華南永昌-頭份,2024-01-05,9343
6288,聯嘉,10,0,10,華南永昌-頭份,2024-01-05,9343
6235,華孚,11,2,9,華南永昌-頭份,2024-01-05,9343
00772B,中信高評級公司債,9,0,9,華南永昌-頭份,2024-01-05,9343
1732,毛寶,10,1,9,華南永昌-頭份,2024-01-05,9343
1815,富喬,9,0,9,華南永昌-頭份,2024-01-05,9343
2329,華泰,12,3,9,華南永昌-頭份,2024-01-05,9343
2610,華航,9,0,9,華南永昌-頭份,2024-01-05,9343
3380,明泰,10,1,9,華南永昌-頭份,2024-01-05,9343
8112,至上,10,1,9,華南永昌-頭份,2024-01-05,9343
5347,世界,19,11,8,華南永昌-頭份,2024-01-05,9343
1101,台泥,7,0,7,華南永昌-頭份,2024-01-05,9343
00931B,統一美債20年,7,0,7,華南永昌-頭份,2024-01-05,9343
0056,元大高股息,7,0,7,華南永昌-頭份,2024-01-05,9343
2317,鴻海,7,0,7,華南永昌-頭份,2024-01-05,9343
5490,同亨,7,0,7,華南永昌-頭份,2024-01-05,9343
6279,胡連,10,3,7,華南永昌-頭份,2024-01-05,9343
6462,神盾,9,2,7,華南永昌-頭份,2024-01-05,9343
8936,國統,7,0,7,華南永昌-頭份,2024-01-05,9343
5533,皇鼎,6,0,6,華南永昌-頭份,2024-01-05,9343
6190,萬泰科,6,0,6,華南永昌-頭份,2024-01-05,9343
00712,復華富時不動產,5,0,5,華南永昌-頭份,2024-01-05,9343
6164,華興,5,0,5,華南永昌-頭份,2024-01-05,9343
00918,大華優利高填息30,5,0,5,華南永昌-頭份,2024-01-05,9343
1605,華新,5,0,5,華南永昌-頭份,2024-01-05,9343
00929,復華台灣科技優息,106,10,96,華南永昌-頭份,2024-01-08,9343
6770,力積電,83,21,62,華南永昌-頭份,2024-01-08,9343
00937B,群益ESG投等債20,36,0,36,華南永昌-頭份,2024-01-08,9343
1808,潤隆,30,0,30,華南永昌-頭份,2024-01-08,9343
00637L,元大滬深300正2,27,0,27,華南永昌-頭份,2024-01-08,9343
00665L,富邦�琤肭磪囓�2,31,7,24,華南永昌-頭份,2024-01-08,9343
00931B,統一美債20年,20,0,20,華南永昌-頭份,2024-01-08,9343
3231,緯創,28,8,20,華南永昌-頭份,2024-01-08,9343
00877,復華中國5G,19,0,19,華南永昌-頭份,2024-01-08,9343
00919,群益台灣精選高息,22,4,18,華南永昌-頭份,2024-01-08,9343
2618,長榮航,25,7,18,華南永昌-頭份,2024-01-08,9343
00725B,國泰投資級公司債,17,0,17,華南永昌-頭份,2024-01-08,9343
2543,皇昌,17,0,17,華南永昌-頭份,2024-01-08,9343
00687B,國泰20年美債,15,0,15,華南永昌-頭份,2024-01-08,9343
2537,聯上發,15,0,15,華南永昌-頭份,2024-01-08,9343
2353,宏��,50,36,14,華南永昌-頭份,2024-01-08,9343
8096,擎亞,19,5,14,華南永昌-頭份,2024-01-08,9343
2486,一詮,15,2,13,華南永昌-頭份,2024-01-08,9343
6113,亞矽,13,0,13,華南永昌-頭份,2024-01-08,9343
00650L,復華香港正2,12,0,12,華南永昌-頭份,2024-01-08,9343
2317,鴻海,13,1,12,華南永昌-頭份,2024-01-08,9343
4157,太景*-KY,39,27,12,華南永昌-頭份,2024-01-08,9343
2352,佳世達,19,8,11,華南永昌-頭份,2024-01-08,9343
9919,康那香,11,0,11,華南永昌-頭份,2024-01-08,9343
2884,玉山金,12,1,11,華南永昌-頭份,2024-01-08,9343
00772B,中信高評級公司債,10,0,10,華南永昌-頭份,2024-01-08,9343
00757,統一FANG+,10,0,10,華南永昌-頭份,2024-01-08,9343
3711,日月光投控,10,0,10,華南永昌-頭份,2024-01-08,9343
6125,廣運,10,0,10,華南永昌-頭份,2024-01-08,9343
9105,泰金寶-DR,13,3,10,華南永昌-頭份,2024-01-08,9343
00882,中信中國高股息,9,0,9,華南永昌-頭份,2024-01-08,9343
2356,英業達,16,7,9,華南永昌-頭份,2024-01-08,9343
2368,金像電,9,0,9,華南永昌-頭份,2024-01-08,9343
5508,永信建,9,0,9,華南永昌-頭份,2024-01-08,9343
00679B,元大美債20年,8,0,8,華南永昌-頭份,2024-01-08,9343
1762,中化生,8,0,8,華南永昌-頭份,2024-01-08,9343
00633L,富邦上証正2,7,0,7,華南永昌-頭份,2024-01-08,9343
2489,瑞軒,37,30,7,華南永昌-頭份,2024-01-08,9343
2611,志信,11,4,7,華南永昌-頭份,2024-01-08,9343
3588,通嘉,20,13,7,華南永昌-頭份,2024-01-08,9343
6194,育富,7,0,7,華南永昌-頭份,2024-01-08,9343
2609,陽明,29,22,7,華南永昌-頭份,2024-01-08,9343
8046,南電,8,2,6,華南永昌-頭份,2024-01-08,9343
00933B,國泰10Y+金融債,6,0,6,華南永昌-頭份,2024-01-08,9343
00720B,元大投資級公司債,6,0,6,華南永昌-頭份,2024-01-08,9343
00927,群益半導體收益,6,0,6,華南永昌-頭份,2024-01-08,9343
2402,毅嘉,10,4,6,華南永昌-頭份,2024-01-08,9343
3530,晶相光,6,0,6,華南永昌-頭份,2024-01-08,9343
4167,松瑞藥,6,0,6,華南永昌-頭份,2024-01-08,9343
5299,杰力,6,0,6,華南永昌-頭份,2024-01-08,9343
2516,新建,82,0,82,華南永昌-頭份,2024-01-09,9343
2609,陽明,78,27,51,華南永昌-頭份,2024-01-09,9343
00937B,群益ESG投等債20,42,0,42,華南永昌-頭份,2024-01-09,9343
2388,威盛,56,20,36,華南永昌-頭份,2024-01-09,9343
2886,兆豐金,50,15,35,華南永昌-頭份,2024-01-09,9343
00929,復華台灣科技優息,44,10,34,華南永昌-頭份,2024-01-09,9343
2520,冠德,30,0,30,華南永昌-頭份,2024-01-09,9343
2356,英業達,34,5,29,華南永昌-頭份,2024-01-09,9343
4735,豪展,27,0,27,華南永昌-頭份,2024-01-09,9343
4157,太景*-KY,36,10,26,華南永昌-頭份,2024-01-09,9343
2031,新光鋼,20,0,20,華南永昌-頭份,2024-01-09,9343
3047,訊舟,20,0,20,華南永昌-頭份,2024-01-09,9343
6187,萬潤,21,1,20,華南永昌-頭份,2024-01-09,9343
0056,元大高股息,18,0,18,華南永昌-頭份,2024-01-09,9343
2486,一詮,16,0,16,華南永昌-頭份,2024-01-09,9343
00915,凱基優選高股息30,16,0,16,華南永昌-頭份,2024-01-09,9343
2603,長榮,15,0,15,華南永昌-頭份,2024-01-09,9343
2331,精英,15,0,15,華南永昌-頭份,2024-01-09,9343
6138,茂達,16,2,14,華南永昌-頭份,2024-01-09,9343
2308,台達電,13,0,13,華南永昌-頭份,2024-01-09,9343
2324,仁寶,25,13,12,華南永昌-頭份,2024-01-09,9343
2409,友達,12,0,12,華南永昌-頭份,2024-01-09,9343
9105,泰金寶-DR,11,0,11,華南永昌-頭份,2024-01-09,9343
00715L,期街口布蘭特正2,11,0,11,華南永昌-頭份,2024-01-09,9343
2489,瑞軒,11,0,11,華南永昌-頭份,2024-01-09,9343
3346,麗清,12,1,11,華南永昌-頭份,2024-01-09,9343
00927,群益半導體收益,10,0,10,華南永昌-頭份,2024-01-09,9343
00933B,國泰10Y+金融債,10,0,10,華南永昌-頭份,2024-01-09,9343
00881,國泰台灣5G+,10,0,10,華南永昌-頭份,2024-01-09,9343
00632R,元大台灣50反1,10,0,10,華南永昌-頭份,2024-01-09,9343
2402,毅嘉,10,0,10,華南永昌-頭份,2024-01-09,9343
6531,愛普*,11,1,10,華南永昌-頭份,2024-01-09,9343
2611,志信,9,0,9,華南永昌-頭份,2024-01-09,9343
1524,耿鼎,8,0,8,華南永昌-頭份,2024-01-09,9343
3673,TPK-KY,8,0,8,華南永昌-頭份,2024-01-09,9343
00637L,元大滬深300正2,15,8,7,華南永昌-頭份,2024-01-09,9343
6112,邁達特,7,0,7,華南永昌-頭份,2024-01-09,9343
9919,康那香,10,3,7,華南永昌-頭份,2024-01-09,9343
9934,成霖,7,0,7,華南永昌-頭份,2024-01-09,9343
2606,裕民,9,2,7,華南永昌-頭份,2024-01-09,9343
0050,元大台灣50,6,0,6,華南永昌-頭份,2024-01-09,9343
2913,農林,6,0,6,華南永昌-頭份,2024-01-09,9343
00642U,期元大S＆P石油,6,0,6,華南永昌-頭份,2024-01-09,9343
2368,金像電,6,0,6,華南永昌-頭份,2024-01-09,9343
2884,玉山金,6,0,6,華南永昌-頭份,2024-01-09,9343
5236,凌陽創新,7,1,6,華南永昌-頭份,2024-01-09,9343
8467,波力-KY,9,3,6,華南永昌-頭份,2024-01-09,9343
2605,新興,5,0,5,華南永昌-頭份,2024-01-09,9343
00688L,國泰20年美債正2,5,0,5,華南永昌-頭份,2024-01-09,9343
00687B,國泰20年美債,5,0,5,華南永昌-頭份,2024-01-09,9343
00687B,國泰20年美債,152,60,92,華南永昌-頭份,2024-01-10,9343
00929,復華台灣科技優息,83,8,75,華南永昌-頭份,2024-01-10,9343
2101,南港,65,0,65,華南永昌-頭份,2024-01-10,9343
2516,新建,64,1,63,華南永昌-頭份,2024-01-10,9343
00919,群益台灣精選高息,37,0,37,華南永昌-頭份,2024-01-10,9343
2618,長榮航,32,1,31,華南永昌-頭份,2024-01-10,9343
2520,冠德,24,0,24,華南永昌-頭份,2024-01-10,9343
8096,擎亞,65,42,23,華南永昌-頭份,2024-01-10,9343
00918,大華優利高填息30,22,0,22,華南永昌-頭份,2024-01-10,9343
00680L,元大美債20正2,22,0,22,華南永昌-頭份,2024-01-10,9343
2356,英業達,36,15,21,華南永昌-頭份,2024-01-10,9343
2312,金寶,20,0,20,華南永昌-頭份,2024-01-10,9343
2352,佳世達,21,2,19,華南永昌-頭份,2024-01-10,9343
00665L,富邦�琤肭磪囓�2,15,0,15,華南永昌-頭份,2024-01-10,9343
8089,康全電訊,15,0,15,華南永昌-頭份,2024-01-10,9343
00927,群益半導體收益,12,0,12,華南永昌-頭份,2024-01-10,9343
1524,耿鼎,13,1,12,華南永昌-頭份,2024-01-10,9343
1909,榮成,12,0,12,華南永昌-頭份,2024-01-10,9343
2427,三商電,13,1,12,華南永昌-頭份,2024-01-10,9343
3706,神達,27,15,12,華南永昌-頭份,2024-01-10,9343
4909,新復興,12,0,12,華南永昌-頭份,2024-01-10,9343
4933,友輝,12,0,12,華南永昌-頭份,2024-01-10,9343
8069,元太,12,0,12,華南永昌-頭份,2024-01-10,9343
2329,華泰,19,8,11,華南永昌-頭份,2024-01-10,9343
5309,系統電,15,4,11,華南永昌-頭份,2024-01-10,9343
00933B,國泰10Y+金融債,10,0,10,華南永昌-頭份,2024-01-10,9343
1312,國喬,10,0,10,華南永昌-頭份,2024-01-10,9343
00673R,期元大S＆P原油反1,10,0,10,華南永昌-頭份,2024-01-10,9343
00770,國泰北美科技,10,0,10,華南永昌-頭份,2024-01-10,9343
2905,三商,10,0,10,華南永昌-頭份,2024-01-10,9343
2489,瑞軒,16,6,10,華南永昌-頭份,2024-01-10,9343
2317,鴻海,9,0,9,華南永昌-頭份,2024-01-10,9343
2314,台揚,9,0,9,華南永昌-頭份,2024-01-10,9343
2301,光寶科,9,0,9,華南永昌-頭份,2024-01-10,9343
3019,亞光,10,1,9,華南永昌-頭份,2024-01-10,9343
2641,正德,8,0,8,華南永昌-頭份,2024-01-10,9343
3260,威剛,8,0,8,華南永昌-頭份,2024-01-10,9343
2362,藍天,10,2,8,華南永昌-頭份,2024-01-10,9343
00878,國泰永續高股息,7,0,7,華南永昌-頭份,2024-01-10,9343
5236,凌陽創新,8,2,6,華南永昌-頭份,2024-01-10,9343
2603,長榮,10,5,5,華南永昌-頭份,2024-01-10,9343
2605,新興,9,4,5,華南永昌-頭份,2024-01-10,9343
1504,東元,5,0,5,華南永昌-頭份,2024-01-10,9343
00877,復華中國5G,5,0,5,華南永昌-頭份,2024-01-10,9343
2344,華邦電,5,0,5,華南永昌-頭份,2024-01-10,9343
2357,華碩,5,0,5,華南永昌-頭份,2024-01-10,9343
2442,新美齊,10,5,5,華南永昌-頭份,2024-01-10,9343
3308,聯德,6,1,5,華南永昌-頭份,2024-01-10,9343
3373,熱映,5,0,5,華南永昌-頭份,2024-01-10,9343
3694,海華,8,3,5,華南永昌-頭份,2024-01-10,9343
00929,復華台灣科技優息,103,0,103,華南永昌-頭份,2024-01-11,9343
2337,旺宏,100,0,100,華南永昌-頭份,2024-01-11,9343
2007,燁興,60,0,60,華南永昌-頭份,2024-01-11,9343
2516,新建,54,0,54,華南永昌-頭份,2024-01-11,9343
2520,冠德,60,20,40,華南永昌-頭份,2024-01-11,9343
4956,光鋐,72,37,35,華南永昌-頭份,2024-01-11,9343
00933B,國泰10Y+金融債,22,0,22,華南永昌-頭份,2024-01-11,9343
3025,星通,39,18,21,華南永昌-頭份,2024-01-11,9343
8096,擎亞,35,16,19,華南永昌-頭份,2024-01-11,9343
2609,陽明,24,6,18,華南永昌-頭份,2024-01-11,9343
00919,群益台灣精選高息,31,14,17,華南永昌-頭份,2024-01-11,9343
6164,華興,17,1,16,華南永昌-頭份,2024-01-11,9343
2489,瑞軒,20,5,15,華南永昌-頭份,2024-01-11,9343
3006,晶豪科,18,3,15,華南永昌-頭份,2024-01-11,9343
2605,新興,12,0,12,華南永昌-頭份,2024-01-11,9343
1444,力麗,12,0,12,華南永昌-頭份,2024-01-11,9343
8089,康全電訊,12,0,12,華南永昌-頭份,2024-01-11,9343
00715L,期街口布蘭特正2,11,0,11,華南永昌-頭份,2024-01-11,9343
2606,裕民,11,0,11,華南永昌-頭份,2024-01-11,9343
9105,泰金寶-DR,10,0,10,華南永昌-頭份,2024-01-11,9343
2365,昆盈,13,3,10,華南永昌-頭份,2024-01-11,9343
2883,凱基金,10,0,10,華南永昌-頭份,2024-01-11,9343
3338,泰碩,10,0,10,華南永昌-頭份,2024-01-11,9343
4306,炎洲,10,0,10,華南永昌-頭份,2024-01-11,9343
6166,凌華,10,0,10,華南永昌-頭份,2024-01-11,9343
8176,智捷,10,0,10,華南永昌-頭份,2024-01-11,9343
9934,成霖,10,0,10,華南永昌-頭份,2024-01-11,9343
00927,群益半導體收益,10,0,10,華南永昌-頭份,2024-01-11,9343
3035,智原,16,7,9,華南永昌-頭份,2024-01-11,9343
2405,輔信,10,1,9,華南永昌-頭份,2024-01-11,9343
3380,明泰,10,1,9,華南永昌-頭份,2024-01-11,9343
1301,台塑,8,0,8,華南永昌-頭份,2024-01-11,9343
00931B,統一美債20年,10,2,8,華南永昌-頭份,2024-01-11,9343
00937B,群益ESG投等債20,8,0,8,華南永昌-頭份,2024-01-11,9343
1519,華城,23,15,8,華南永昌-頭份,2024-01-11,9343
2634,漢翔,55,47,8,華南永昌-頭份,2024-01-11,9343
6112,邁達特,10,2,8,華南永昌-頭份,2024-01-11,9343
3033,威健,8,0,8,華南永昌-頭份,2024-01-11,9343
0056,元大高股息,7,0,7,華南永昌-頭份,2024-01-11,9343
1312,國喬,7,0,7,華南永昌-頭份,2024-01-11,9343
2314,台揚,7,0,7,華南永昌-頭份,2024-01-11,9343
2449,京元電子,7,0,7,華南永昌-頭份,2024-01-11,9343
6127,九豪,11,4,7,華南永昌-頭份,2024-01-11,9343
8150,南茂,7,0,7,華南永昌-頭份,2024-01-11,9343
2890,永豐金,7,0,7,華南永昌-頭份,2024-01-11,9343
1303,南亞,6,0,6,華南永昌-頭份,2024-01-11,9343
2353,宏��,21,15,6,華南永昌-頭份,2024-01-11,9343
2897,王道銀行,6,0,6,華南永昌-頭份,2024-01-11,9343
2610,華航,7,2,5,華南永昌-頭份,2024-01-11,9343
00935,野村臺灣新科技50,5,0,5,華南永昌-頭份,2024-01-11,9343
00881,國泰台灣5G+,150,0,150,華南永昌-頭份,2024-01-12,9343
00673R,期元大S＆P原油反1,125,0,125,華南永昌-頭份,2024-01-12,9343
00918,大華優利高填息30,63,0,63,華南永昌-頭份,2024-01-12,9343
00687B,國泰20年美債,44,0,44,華南永昌-頭份,2024-01-12,9343
2406,國碩,30,0,30,華南永昌-頭份,2024-01-12,9343
2303,聯電,31,4,27,華南永昌-頭份,2024-01-12,9343
2101,南港,23,2,21,華南永昌-頭份,2024-01-12,9343
1701,中化,20,0,20,華南永昌-頭份,2024-01-12,9343
2331,精英,22,2,20,華南永昌-頭份,2024-01-12,9343
0056,元大高股息,20,0,20,華南永昌-頭份,2024-01-12,9343
2353,宏��,39,22,17,華南永昌-頭份,2024-01-12,9343
00927,群益半導體收益,16,0,16,華南永昌-頭份,2024-01-12,9343
1524,耿鼎,14,0,14,華南永昌-頭份,2024-01-12,9343
2887,台新金,14,0,14,華南永昌-頭份,2024-01-12,9343
6770,力積電,14,0,14,華南永昌-頭份,2024-01-12,9343
00637L,元大滬深300正2,18,6,12,華南永昌-頭份,2024-01-12,9343
5426,振發,30,19,11,華南永昌-頭份,2024-01-12,9343
3047,訊舟,10,0,10,華南永昌-頭份,2024-01-12,9343
4739,康普,10,0,10,華南永昌-頭份,2024-01-12,9343
5351,鈺創,10,0,10,華南永昌-頭份,2024-01-12,9343
6668,中揚光,10,0,10,華南永昌-頭份,2024-01-12,9343
5210,寶碩,9,0,9,華南永昌-頭份,2024-01-12,9343
8210,勤誠,19,10,9,華南永昌-頭份,2024-01-12,9343
2301,光寶科,8,0,8,華南永昌-頭份,2024-01-12,9343
2344,華邦電,16,8,8,華南永昌-頭份,2024-01-12,9343
2611,志信,14,6,8,華南永昌-頭份,2024-01-12,9343
3438,類比科,10,2,8,華南永昌-頭份,2024-01-12,9343
3481,群創,9,2,7,華南永昌-頭份,2024-01-12,9343
2324,仁寶,8,1,7,華南永昌-頭份,2024-01-12,9343
2886,兆豐金,7,0,7,華南永昌-頭份,2024-01-12,9343
1528,恩德,11,5,6,華南永昌-頭份,2024-01-12,9343
2515,中工,11,5,6,華南永昌-頭份,2024-01-12,9343
2030,彰源,6,0,6,華南永昌-頭份,2024-01-12,9343
2314,台揚,6,0,6,華南永昌-頭份,2024-01-12,9343
2442,新美齊,6,0,6,華南永昌-頭份,2024-01-12,9343
2421,建準,6,0,6,華南永昌-頭份,2024-01-12,9343
3321,同泰,5,0,5,華南永昌-頭份,2024-01-12,9343
00936,台新永續高息中小,5,0,5,華南永昌-頭份,2024-01-12,9343
00770,國泰北美科技,5,0,5,華南永昌-頭份,2024-01-12,9343
00720B,元大投資級公司債,5,0,5,華南永昌-頭份,2024-01-12,9343
2352,佳世達,10,5,5,華南永昌-頭份,2024-01-12,9343
2457,飛宏,5,0,5,華南永昌-頭份,2024-01-12,9343
2834,臺企銀,5,0,5,華南永昌-頭份,2024-01-12,9343
4306,炎洲,10,5,5,華南永昌-頭份,2024-01-12,9343
6187,萬潤,5,0,5,華南永昌-頭份,2024-01-12,9343
6229,研通,10,5,5,華南永昌-頭份,2024-01-12,9343
8176,智捷,5,0,5,華南永昌-頭份,2024-01-12,9343
8271,宇瞻,5,0,5,華南永昌-頭份,2024-01-12,9343
00710B,復華彭博非投等債,4,0,4,華南永昌-頭份,2024-01-12,9343
00877,復華中國5G,4,0,4,華南永昌-頭份,2024-01-12,9343
00933B,國泰10Y+金融債,210,10,200,華南永昌-頭份,2024-01-15,9343
00715L,期街口布蘭特正2,110,0,110,華南永昌-頭份,2024-01-15,9343
00881,國泰台灣5G+,60,0,60,華南永昌-頭份,2024-01-15,9343
00919,群益台灣精選高息,61,23,38,華南永昌-頭份,2024-01-15,9343
2353,宏��,39,7,32,華南永昌-頭份,2024-01-15,9343
2618,長榮航,28,1,27,華南永昌-頭份,2024-01-15,9343
3380,明泰,26,0,26,華南永昌-頭份,2024-01-15,9343
2515,中工,27,7,20,華南永昌-頭份,2024-01-15,9343
8033,雷虎,20,1,19,華南永昌-頭份,2024-01-15,9343
1314,中石化,17,0,17,華南永昌-頭份,2024-01-15,9343
2382,廣達,26,10,16,華南永昌-頭份,2024-01-15,9343
3622,洋華,17,2,15,華南永昌-頭份,2024-01-15,9343
2406,國碩,17,3,14,華南永昌-頭份,2024-01-15,9343
2610,華航,15,1,14,華南永昌-頭份,2024-01-15,9343
3390,旭軟,15,2,13,華南永昌-頭份,2024-01-15,9343
5426,振發,24,12,12,華南永昌-頭份,2024-01-15,9343
1519,華城,31,19,12,華南永昌-頭份,2024-01-15,9343
8222,寶一,19,7,12,華南永昌-頭份,2024-01-15,9343
2409,友達,11,0,11,華南永昌-頭份,2024-01-15,9343
5210,寶碩,11,0,11,華南永昌-頭份,2024-01-15,9343
0056,元大高股息,20,10,10,華南永昌-頭份,2024-01-15,9343
2017,官田鋼,10,0,10,華南永昌-頭份,2024-01-15,9343
2453,凌群,10,0,10,華南永昌-頭份,2024-01-15,9343
2845,遠東銀,10,0,10,華南永昌-頭份,2024-01-15,9343
2886,兆豐金,10,0,10,華南永昌-頭份,2024-01-15,9343
3489,森寶,10,0,10,華南永昌-頭份,2024-01-15,9343
4707,磐亞,10,0,10,華南永昌-頭份,2024-01-15,9343
5355,佳總,10,0,10,華南永昌-頭份,2024-01-15,9343
6140,訊達,16,6,10,華南永昌-頭份,2024-01-15,9343
1503,士電,10,1,9,華南永昌-頭份,2024-01-15,9343
2851,中再保,9,0,9,華南永昌-頭份,2024-01-15,9343
8446,華研,9,0,9,華南永昌-頭份,2024-01-15,9343
1513,中興電,23,16,7,華南永昌-頭份,2024-01-15,9343
2359,所羅門,7,0,7,華南永昌-頭份,2024-01-15,9343
3035,智原,7,0,7,華南永昌-頭份,2024-01-15,9343
3178,公準,7,0,7,華南永昌-頭份,2024-01-15,9343
3706,神達,7,0,7,華南永昌-頭份,2024-01-15,9343
3596,智易,6,0,6,華南永昌-頭份,2024-01-15,9343
1216,統一,6,0,6,華南永昌-頭份,2024-01-15,9343
2033,佳大,6,0,6,華南永昌-頭份,2024-01-15,9343
2892,第一金,6,0,6,華南永昌-頭份,2024-01-15,9343
3021,鴻名,6,0,6,華南永昌-頭份,2024-01-15,9343
2630,亞航,5,0,5,華南永昌-頭份,2024-01-15,9343
00687B,國泰20年美債,5,0,5,華南永昌-頭份,2024-01-15,9343
00772B,中信高評級公司債,5,0,5,華南永昌-頭份,2024-01-15,9343
00725B,國泰投資級公司債,5,0,5,華南永昌-頭份,2024-01-15,9343
1802,台玻,5,0,5,華南永昌-頭份,2024-01-15,9343
1815,富喬,7,2,5,華南永昌-頭份,2024-01-15,9343
2489,瑞軒,10,5,5,華南永昌-頭份,2024-01-15,9343
2880,華南金,5,0,5,華南永昌-頭份,2024-01-15,9343
00929,復華台灣科技優息,278,5,273,華南永昌-頭份,2024-01-16,9343
00687B,國泰20年美債,100,0,100,華南永昌-頭份,2024-01-16,9343
1308,亞聚,100,0,100,華南永昌-頭份,2024-01-16,9343
0056,元大高股息,76,0,76,華南永昌-頭份,2024-01-16,9343
2605,新興,72,0,72,華南永昌-頭份,2024-01-16,9343
1312,國喬,67,0,67,華南永昌-頭份,2024-01-16,9343
2888,新光金,64,1,63,華南永昌-頭份,2024-01-16,9343
9105,泰金寶-DR,50,0,50,華南永昌-頭份,2024-01-16,9343
4157,太景*-KY,42,0,42,華南永昌-頭份,2024-01-16,9343
00664R,國泰臺灣加權反1,40,0,40,華南永昌-頭份,2024-01-16,9343
2520,冠德,40,0,40,華南永昌-頭份,2024-01-16,9343
2845,遠東銀,40,0,40,華南永昌-頭份,2024-01-16,9343
2801,彰銀,37,0,37,華南永昌-頭份,2024-01-16,9343
00665L,富邦�琤肭磪囓�2,37,0,37,華南永昌-頭份,2024-01-16,9343
2610,華航,35,0,35,華南永昌-頭份,2024-01-16,9343
3231,緯創,40,10,30,華南永昌-頭份,2024-01-16,9343
8096,擎亞,58,29,29,華南永昌-頭份,2024-01-16,9343
3033,威健,27,2,25,華南永昌-頭份,2024-01-16,9343
00933B,國泰10Y+金融債,23,0,23,華南永昌-頭份,2024-01-16,9343
2618,長榮航,34,11,23,華南永昌-頭份,2024-01-16,9343
00919,群益台灣精選高息,23,0,23,華南永昌-頭份,2024-01-16,9343
5210,寶碩,23,1,22,華南永昌-頭份,2024-01-16,9343
2331,精英,21,0,21,華南永昌-頭份,2024-01-16,9343
2883,凱基金,21,0,21,華南永昌-頭份,2024-01-16,9343
00882,中信中國高股息,20,0,20,華南永昌-頭份,2024-01-16,9343
1524,耿鼎,20,0,20,華南永昌-頭份,2024-01-16,9343
2353,宏��,25,7,18,華南永昌-頭份,2024-01-16,9343
2356,英業達,36,18,18,華南永昌-頭份,2024-01-16,9343
2892,第一金,18,0,18,華南永昌-頭份,2024-01-16,9343
00918,大華優利高填息30,17,0,17,華南永昌-頭份,2024-01-16,9343
5347,世界,16,0,16,華南永昌-頭份,2024-01-16,9343
2002,中鋼,15,0,15,華南永昌-頭份,2024-01-16,9343
5880,合庫金,15,0,15,華南永昌-頭份,2024-01-16,9343
6140,訊達,22,7,15,華南永昌-頭份,2024-01-16,9343
2486,一詮,17,4,13,華南永昌-頭份,2024-01-16,9343
2884,玉山金,13,0,13,華南永昌-頭份,2024-01-16,9343
1303,南亞,13,0,13,華南永昌-頭份,2024-01-16,9343
2405,輔信,16,3,13,華南永昌-頭份,2024-01-16,9343
2834,臺企銀,13,0,13,華南永昌-頭份,2024-01-16,9343
00927,群益半導體收益,12,0,12,華南永昌-頭份,2024-01-16,9343
2344,華邦電,33,21,12,華南永昌-頭份,2024-01-16,9343
2406,國碩,14,2,12,華南永昌-頭份,2024-01-16,9343
5531,鄉林,12,0,12,華南永昌-頭份,2024-01-16,9343
2374,佳能,21,10,11,華南永昌-頭份,2024-01-16,9343
2603,長榮,32,21,11,華南永昌-頭份,2024-01-16,9343
2641,正德,11,0,11,華南永昌-頭份,2024-01-16,9343
1909,榮成,11,0,11,華南永昌-頭份,2024-01-16,9343
3032,偉訓,10,0,10,華南永昌-頭份,2024-01-16,9343
2014,中鴻,10,0,10,華南永昌-頭份,2024-01-16,9343
2887,台新金,10,0,10,華南永昌-頭份,2024-01-16,9343
00929,復華台灣科技優息,194,0,194,華南永昌-頭份,2024-01-17,9343
00919,群益台灣精選高息,169,0,169,華南永昌-頭份,2024-01-17,9343
4956,光鋐,167,7,160,華南永昌-頭份,2024-01-17,9343
6240,松崗,124,20,104,華南永昌-頭份,2024-01-17,9343
00882,中信中國高股息,83,0,83,華南永昌-頭份,2024-01-17,9343
3264,欣銓,74,0,74,華南永昌-頭份,2024-01-17,9343
0056,元大高股息,65,0,65,華南永昌-頭份,2024-01-17,9343
1312,國喬,50,0,50,華南永昌-頭份,2024-01-17,9343
00665L,富邦�琤肭磪囓�2,47,0,47,華南永昌-頭份,2024-01-17,9343
2543,皇昌,48,7,41,華南永昌-頭份,2024-01-17,9343
2405,輔信,38,0,38,華南永昌-頭份,2024-01-17,9343
2736,富野,37,0,37,華南永昌-頭份,2024-01-17,9343
2023,燁輝,32,0,32,華南永昌-頭份,2024-01-17,9343
2408,南亞科,32,0,32,華南永昌-頭份,2024-01-17,9343
6550,北極星藥業-KY,30,0,30,華南永昌-頭份,2024-01-17,9343
00937B,群益ESG投等債20,29,0,29,華南永昌-頭份,2024-01-17,9343
2303,聯電,32,4,28,華南永昌-頭份,2024-01-17,9343
2610,華航,23,0,23,華南永昌-頭份,2024-01-17,9343
2344,華邦電,27,6,21,華南永昌-頭份,2024-01-17,9343
1605,華新,20,0,20,華南永昌-頭份,2024-01-17,9343
2883,凱基金,20,0,20,華南永昌-頭份,2024-01-17,9343
00878,國泰永續高股息,23,4,19,華南永昌-頭份,2024-01-17,9343
00936,台新永續高息中小,20,1,19,華南永昌-頭份,2024-01-17,9343
5880,合庫金,18,0,18,華南永昌-頭份,2024-01-17,9343
2356,英業達,20,3,17,華南永昌-頭份,2024-01-17,9343
2331,精英,17,0,17,華南永昌-頭份,2024-01-17,9343
2317,鴻海,17,0,17,華南永昌-頭份,2024-01-17,9343
3035,智原,17,1,16,華南永昌-頭份,2024-01-17,9343
00720B,元大投資級公司債,16,0,16,華南永昌-頭份,2024-01-17,9343
2002,中鋼,16,0,16,華南永昌-頭份,2024-01-17,9343
2892,第一金,16,0,16,華南永昌-頭份,2024-01-17,9343
5351,鈺創,20,4,16,華南永昌-頭份,2024-01-17,9343
9105,泰金寶-DR,15,0,15,華南永昌-頭份,2024-01-17,9343
2888,新光金,15,0,15,華南永昌-頭份,2024-01-17,9343
4306,炎洲,15,0,15,華南永昌-頭份,2024-01-17,9343
5328,華容,28,13,15,華南永昌-頭份,2024-01-17,9343
2486,一詮,33,19,14,華南永昌-頭份,2024-01-17,9343
6770,力積電,14,0,14,華南永昌-頭份,2024-01-17,9343
3260,威剛,13,0,13,華南永昌-頭份,2024-01-17,9343
00881,國泰台灣5G+,12,0,12,華南永昌-頭份,2024-01-17,9343
00927,群益半導體收益,11,0,11,華南永昌-頭份,2024-01-17,9343
6532,瑞耘,11,0,11,華南永昌-頭份,2024-01-17,9343
6668,中揚光,10,0,10,華南永昌-頭份,2024-01-17,9343
00933B,國泰10Y+金融債,10,0,10,華南永昌-頭份,2024-01-17,9343
00922,國泰台灣領袖50,10,0,10,華南永昌-頭份,2024-01-17,9343
00891,中信關鍵半導體,10,0,10,華南永昌-頭份,2024-01-17,9343
1466,聚隆,10,0,10,華南永昌-頭份,2024-01-17,9343
5425,台半,11,1,10,華南永昌-頭份,2024-01-17,9343
1101,台泥,10,1,9,華南永昌-頭份,2024-01-17,9343
2374,佳能,10,1,9,華南永昌-頭份,2024-01-17,9343
2007,燁興,61,0,61,華南永昌-頭份,2024-01-18,9343
00882,中信中國高股息,60,0,60,華南永昌-頭份,2024-01-18,9343
6116,彩晶,50,0,50,華南永昌-頭份,2024-01-18,9343
1701,中化,49,0,49,華南永昌-頭份,2024-01-18,9343
4960,誠美材,32,0,32,華南永昌-頭份,2024-01-18,9343
2887,台新金,23,0,23,華南永昌-頭份,2024-01-18,9343
00637L,元大滬深300正2,28,5,23,華南永昌-頭份,2024-01-18,9343
2605,新興,20,0,20,華南永昌-頭份,2024-01-18,9343
9945,潤泰新,20,0,20,華南永昌-頭份,2024-01-18,9343
2812,台中銀,20,1,19,華南永昌-頭份,2024-01-18,9343
6240,松崗,25,6,19,華南永昌-頭份,2024-01-18,9343
00918,大華優利高填息30,17,0,17,華南永昌-頭份,2024-01-18,9343
2303,聯電,17,0,17,華南永昌-頭份,2024-01-18,9343
00937B,群益ESG投等債20,26,10,16,華南永昌-頭份,2024-01-18,9343
2543,皇昌,15,1,14,華南永昌-頭份,2024-01-18,9343
4566,時碩工業,14,0,14,華南永昌-頭份,2024-01-18,9343
8011,台通,16,2,14,華南永昌-頭份,2024-01-18,9343
1101,台泥,12,0,12,華南永昌-頭份,2024-01-18,9343
00935,野村臺灣新科技50,12,0,12,華南永昌-頭份,2024-01-18,9343
3033,威健,17,5,12,華南永昌-頭份,2024-01-18,9343
2324,仁寶,15,4,11,華南永昌-頭份,2024-01-18,9343
3059,華晶科,12,1,11,華南永昌-頭份,2024-01-18,9343
0056,元大高股息,10,0,10,華南永昌-頭份,2024-01-18,9343
9105,泰金寶-DR,10,0,10,華南永昌-頭份,2024-01-18,9343
00633L,富邦上証正2,13,3,10,華南永昌-頭份,2024-01-18,9343
00692,富邦公司治理,10,0,10,華南永昌-頭份,2024-01-18,9343
00720B,元大投資級公司債,10,0,10,華南永昌-頭份,2024-01-18,9343
2312,金寶,10,0,10,華南永昌-頭份,2024-01-18,9343
2374,佳能,10,0,10,華南永昌-頭份,2024-01-18,9343
3704,合勤控,12,2,10,華南永昌-頭份,2024-01-18,9343
2427,三商電,9,0,9,華南永昌-頭份,2024-01-18,9343
2002,中鋼,9,0,9,華南永昌-頭份,2024-01-18,9343
2025,千興,9,0,9,華南永昌-頭份,2024-01-18,9343
2929,淘帝-KY,9,0,9,華南永昌-頭份,2024-01-18,9343
1815,富喬,8,0,8,華南永昌-頭份,2024-01-18,9343
2329,華泰,11,3,8,華南永昌-頭份,2024-01-18,9343
2634,漢翔,59,51,8,華南永昌-頭份,2024-01-18,9343
6668,中揚光,11,3,8,華南永昌-頭份,2024-01-18,9343
6770,力積電,8,0,8,華南永昌-頭份,2024-01-18,9343
00679B,元大美債20年,7,0,7,華南永昌-頭份,2024-01-18,9343
3363,上詮,8,1,7,華南永昌-頭份,2024-01-18,9343
5488,松普,19,12,7,華南永昌-頭份,2024-01-18,9343
6245,立端,8,1,7,華南永昌-頭份,2024-01-18,9343
00878,國泰永續高股息,6,0,6,華南永昌-頭份,2024-01-18,9343
1519,華城,7,1,6,華南永昌-頭份,2024-01-18,9343
00881,國泰台灣5G+,6,0,6,華南永昌-頭份,2024-01-18,9343
2368,金像電,6,0,6,華南永昌-頭份,2024-01-18,9343
3576,聯合再生,11,5,6,華南永昌-頭份,2024-01-18,9343
5490,同亨,6,0,6,華南永昌-頭份,2024-01-18,9343
6127,九豪,9,3,6,華南永昌-頭份,2024-01-18,9343
00673R,期元大S＆P原油反1,100,0,100,華南永昌-頭份,2024-01-19,9343
2634,漢翔,113,33,80,華南永昌-頭份,2024-01-19,9343
00929,復華台灣科技優息,95,21,74,華南永昌-頭份,2024-01-19,9343
00882,中信中國高股息,63,0,63,華南永昌-頭份,2024-01-19,9343
4960,誠美材,39,5,34,華南永昌-頭份,2024-01-19,9343
00679B,元大美債20年,27,0,27,華南永昌-頭份,2024-01-19,9343
2406,國碩,27,0,27,華南永昌-頭份,2024-01-19,9343
00933B,國泰10Y+金融債,24,0,24,華南永昌-頭份,2024-01-19,9343
00722B,群益投資級電信債,22,0,22,華南永昌-頭份,2024-01-19,9343
00687B,國泰20年美債,20,0,20,華南永昌-頭份,2024-01-19,9343
2002,中鋼,20,0,20,華南永昌-頭份,2024-01-19,9343
00931B,統一美債20年,19,0,19,華南永昌-頭份,2024-01-19,9343
00919,群益台灣精選高息,20,1,19,華南永昌-頭份,2024-01-19,9343
00937B,群益ESG投等債20,18,1,17,華南永昌-頭份,2024-01-19,9343
2106,建大,17,0,17,華南永昌-頭份,2024-01-19,9343
6120,達運,19,2,17,華南永昌-頭份,2024-01-19,9343
2610,華航,16,0,16,華南永昌-頭份,2024-01-19,9343
3033,威健,18,2,16,華南永昌-頭份,2024-01-19,9343
6233,旺玖,23,8,15,華南永昌-頭份,2024-01-19,9343
3481,群創,69,54,15,華南永昌-頭份,2024-01-19,9343
8034,榮群,31,18,13,華南永昌-頭份,2024-01-19,9343
2883,凱基金,12,0,12,華南永昌-頭份,2024-01-19,9343
00935,野村臺灣新科技50,12,0,12,華南永昌-頭份,2024-01-19,9343
2427,三商電,12,0,12,華南永昌-頭份,2024-01-19,9343
2834,臺企銀,12,0,12,華南永昌-頭份,2024-01-19,9343
00720B,元大投資級公司債,11,0,11,華南永昌-頭份,2024-01-19,9343
00902,中信電池及儲能,11,0,11,華南永昌-頭份,2024-01-19,9343
6139,亞翔,13,2,11,華南永昌-頭份,2024-01-19,9343
00632R,元大台灣50反1,10,0,10,華南永昌-頭份,2024-01-19,9343
1220,台榮,10,0,10,華南永昌-頭份,2024-01-19,9343
1304,台聚,10,0,10,華南永昌-頭份,2024-01-19,9343
1314,中石化,10,0,10,華南永昌-頭份,2024-01-19,9343
2208,台船,10,0,10,華南永昌-頭份,2024-01-19,9343
2489,瑞軒,10,0,10,華南永昌-頭份,2024-01-19,9343
2543,皇昌,10,0,10,華南永昌-頭份,2024-01-19,9343
2881,富邦金,10,0,10,華南永昌-頭份,2024-01-19,9343
3706,神達,33,23,10,華南永昌-頭份,2024-01-19,9343
4707,磐亞,10,0,10,華南永昌-頭份,2024-01-19,9343
00772B,中信高評級公司債,9,0,9,華南永昌-頭份,2024-01-19,9343
2344,華邦電,12,3,9,華南永昌-頭份,2024-01-19,9343
8096,擎亞,10,1,9,華南永昌-頭份,2024-01-19,9343
1909,榮成,8,0,8,華南永昌-頭份,2024-01-19,9343
2324,仁寶,23,15,8,華南永昌-頭份,2024-01-19,9343
4739,康普,9,1,8,華南永昌-頭份,2024-01-19,9343
6811,宏�硌穈T,8,0,8,華南永昌-頭份,2024-01-19,9343
6190,萬泰科,15,8,7,華南永昌-頭份,2024-01-19,9343
2615,萬海,7,0,7,華南永昌-頭份,2024-01-19,9343
2101,南港,7,0,7,華南永昌-頭份,2024-01-19,9343
6770,力積電,32,25,7,華南永昌-頭份,2024-01-19,9343
8027,鈦昇,7,0,7,華南永昌-頭份,2024-01-19,9343
00687B,國泰20年美債,126,3,123,華南永昌-頭份,2024-01-22,9343
2353,宏��,122,23,99,華南永昌-頭份,2024-01-22,9343
8121,越峰,61,0,61,華南永昌-頭份,2024-01-22,9343
00935,野村臺灣新科技50,50,0,50,華南永昌-頭份,2024-01-22,9343
2516,新建,40,0,40,華南永昌-頭份,2024-01-22,9343
6125,廣運,37,4,33,華南永昌-頭份,2024-01-22,9343
00882,中信中國高股息,32,0,32,華南永昌-頭份,2024-01-22,9343
2884,玉山金,39,13,26,華南永昌-頭份,2024-01-22,9343
00937B,群益ESG投等債20,23,0,23,華南永昌-頭份,2024-01-22,9343
00919,群益台灣精選高息,21,0,21,華南永昌-頭份,2024-01-22,9343
1609,大亞,22,1,21,華南永昌-頭份,2024-01-22,9343
2371,大同,20,1,19,華南永昌-頭份,2024-01-22,9343
2543,皇昌,20,1,19,華南永昌-頭份,2024-01-22,9343
2906,高林,24,5,19,華南永昌-頭份,2024-01-22,9343
2609,陽明,33,17,16,華南永昌-頭份,2024-01-22,9343
2316,楠梓電,19,3,16,華南永昌-頭份,2024-01-22,9343
3520,華盈,16,0,16,華南永昌-頭份,2024-01-22,9343
2887,台新金,15,0,15,華南永昌-頭份,2024-01-22,9343
5905,南仁湖,15,0,15,華南永昌-頭份,2024-01-22,9343
5490,同亨,14,0,14,華南永昌-頭份,2024-01-22,9343
9919,康那香,18,4,14,華南永昌-頭份,2024-01-22,9343
6535,順藥,13,0,13,華南永昌-頭份,2024-01-22,9343
6139,亞翔,12,0,12,華南永昌-頭份,2024-01-22,9343
2603,長榮,13,2,11,華南永昌-頭份,2024-01-22,9343
00632R,元大台灣50反1,11,0,11,華南永昌-頭份,2024-01-22,9343
1909,榮成,10,0,10,華南永昌-頭份,2024-01-22,9343
2425,承啟,10,0,10,華南永昌-頭份,2024-01-22,9343
8277,商丞,10,0,10,華南永昌-頭份,2024-01-22,9343
3033,威健,14,5,9,華南永昌-頭份,2024-01-22,9343
3025,星通,16,8,8,華南永昌-頭份,2024-01-22,9343
5426,振發,16,8,8,華南永昌-頭份,2024-01-22,9343
2913,農林,7,0,7,華南永昌-頭份,2024-01-22,9343
4529,淳紳,7,0,7,華南永昌-頭份,2024-01-22,9343
3265,台星科,13,6,7,華南永昌-頭份,2024-01-22,9343
8096,擎亞,6,0,6,華南永昌-頭份,2024-01-22,9343
00934,中信成長高股息,6,0,6,華南永昌-頭份,2024-01-22,9343
2002,中鋼,6,0,6,華南永昌-頭份,2024-01-22,9343
2313,華通,78,72,6,華南永昌-頭份,2024-01-22,9343
2314,台揚,6,0,6,華南永昌-頭份,2024-01-22,9343
3437,榮創,6,0,6,華南永昌-頭份,2024-01-22,9343
5210,寶碩,6,0,6,華南永昌-頭份,2024-01-22,9343
00712,復華富時不動產,5,0,5,華南永昌-頭份,2024-01-22,9343
00752,中信中國50,5,0,5,華南永昌-頭份,2024-01-22,9343
00918,大華優利高填息30,5,0,5,華南永昌-頭份,2024-01-22,9343
2421,建準,7,2,5,華南永昌-頭份,2024-01-22,9343
2890,永豐金,5,0,5,華南永昌-頭份,2024-01-22,9343
3032,偉訓,7,2,5,華南永昌-頭份,2024-01-22,9343
5452,佶優,5,0,5,華南永昌-頭份,2024-01-22,9343
6120,達運,6,1,5,華南永昌-頭份,2024-01-22,9343
6550,北極星藥業-KY,5,0,5,華南永昌-頭份,2024-01-22,9343
6550,北極星藥業-KY,97,0,97,華南永昌-頭份,2024-01-23,9343
00687B,國泰20年美債,90,0,90,華南永昌-頭份,2024-01-23,9343
6116,彩晶,80,5,75,華南永昌-頭份,2024-01-23,9343
3380,明泰,59,2,57,華南永昌-頭份,2024-01-23,9343
6127,九豪,44,13,31,華南永昌-頭份,2024-01-23,9343
00929,復華台灣科技優息,39,18,21,華南永昌-頭份,2024-01-23,9343
1785,光洋科,20,0,20,華南永昌-頭份,2024-01-23,9343
1504,東元,26,7,19,華南永昌-頭份,2024-01-23,9343
8121,越峰,16,0,16,華南永昌-頭份,2024-01-23,9343
2486,一詮,22,7,15,華南永昌-頭份,2024-01-23,9343
00937B,群益ESG投等債20,14,0,14,華南永昌-頭份,2024-01-23,9343
2106,建大,14,0,14,華南永昌-頭份,2024-01-23,9343
6916,華凌,14,0,14,華南永昌-頭份,2024-01-23,9343
2609,陽明,18,6,12,華南永昌-頭份,2024-01-23,9343
1529,樂事綠能,12,0,12,華南永昌-頭份,2024-01-23,9343
1609,大亞,20,8,12,華南永昌-頭份,2024-01-23,9343
2406,國碩,12,0,12,華南永昌-頭份,2024-01-23,9343
6140,訊達,33,21,12,華南永昌-頭份,2024-01-23,9343
3715,定穎投控,11,0,11,華南永昌-頭份,2024-01-23,9343
3490,單井,10,0,10,華南永昌-頭份,2024-01-23,9343
8210,勤誠,10,0,10,華南永昌-頭份,2024-01-23,9343
1101,台泥,10,0,10,華南永昌-頭份,2024-01-23,9343
00891,中信關鍵半導體,10,0,10,華南永昌-頭份,2024-01-23,9343
2331,精英,11,1,10,華南永昌-頭份,2024-01-23,9343
2360,致茂,10,0,10,華南永昌-頭份,2024-01-23,9343
5351,鈺創,10,0,10,華南永昌-頭份,2024-01-23,9343
00637L,元大滬深300正2,9,0,9,華南永昌-頭份,2024-01-23,9343
2887,台新金,8,1,7,華南永昌-頭份,2024-01-23,9343
3035,智原,8,1,7,華南永昌-頭份,2024-01-23,9343
3234,光環,12,5,7,華南永昌-頭份,2024-01-23,9343
2329,華泰,17,11,6,華南永昌-頭份,2024-01-23,9343
00713,元大台灣高息低波,6,0,6,華南永昌-頭份,2024-01-23,9343
00751B,元大AAA至A公司債,6,0,6,華南永昌-頭份,2024-01-23,9343
2031,新光鋼,6,0,6,華南永昌-頭份,2024-01-23,9343
3025,星通,8,2,6,華南永昌-頭份,2024-01-23,9343
8096,擎亞,6,0,6,華南永昌-頭份,2024-01-23,9343
8277,商丞,5,0,5,華南永昌-頭份,2024-01-23,9343
00633L,富邦上証正2,6,1,5,華南永昌-頭份,2024-01-23,9343
2324,仁寶,9,4,5,華南永昌-頭份,2024-01-23,9343
2363,矽統,6,1,5,華南永昌-頭份,2024-01-23,9343
2387,精元,5,0,5,華南永昌-頭份,2024-01-23,9343
2449,京元電子,5,0,5,華南永昌-頭份,2024-01-23,9343
3264,欣銓,5,0,5,華南永昌-頭份,2024-01-23,9343
3437,榮創,6,1,5,華南永昌-頭份,2024-01-23,9343
3545,敦泰,8,3,5,華南永昌-頭份,2024-01-23,9343
4157,太景*-KY,5,0,5,華南永昌-頭份,2024-01-23,9343
4526,東台,5,0,5,華南永昌-頭份,2024-01-23,9343
4739,康普,5,0,5,華南永昌-頭份,2024-01-23,9343
5234,達興材料,5,0,5,華南永昌-頭份,2024-01-23,9343
5464,霖宏,5,0,5,華南永昌-頭份,2024-01-23,9343
9105,泰金寶-DR,200,0,200,華南永昌-頭份,2024-01-24,9343
3047,訊舟,138,30,108,華南永昌-頭份,2024-01-24,9343
3576,聯合再生,100,0,100,華南永昌-頭份,2024-01-24,9343
9103,美德醫療-DR,76,0,76,華南永昌-頭份,2024-01-24,9343
00665L,富邦�琤肭磪囓�2,77,16,61,華南永昌-頭份,2024-01-24,9343
3481,群創,112,62,50,華南永昌-頭份,2024-01-24,9343
00937B,群益ESG投等債20,35,0,35,華南永昌-頭份,2024-01-24,9343
8110,華東,43,10,33,華南永昌-頭份,2024-01-24,9343
00753L,中信中國50正2,57,30,27,華南永昌-頭份,2024-01-24,9343
00687B,國泰20年美債,25,0,25,華南永昌-頭份,2024-01-24,9343
00902,中信電池及儲能,25,0,25,華南永昌-頭份,2024-01-24,9343
00882,中信中國高股息,24,1,23,華南永昌-頭份,2024-01-24,9343
2344,華邦電,33,13,20,華南永昌-頭份,2024-01-24,9343
2457,飛宏,20,0,20,華南永昌-頭份,2024-01-24,9343
2356,英業達,32,18,14,華南永昌-頭份,2024-01-24,9343
00679B,元大美債20年,16,2,14,華南永昌-頭份,2024-01-24,9343
2363,矽統,16,2,14,華南永昌-頭份,2024-01-24,9343
3437,榮創,14,0,14,華南永昌-頭份,2024-01-24,9343
2002,中鋼,15,2,13,華南永昌-頭份,2024-01-24,9343
6237,驊訊,32,19,13,華南永昌-頭份,2024-01-24,9343
2329,華泰,14,3,11,華南永昌-頭份,2024-01-24,9343
3178,公準,14,3,11,華南永昌-頭份,2024-01-24,9343
5490,同亨,11,0,11,華南永昌-頭份,2024-01-24,9343
00654R,富邦印度反1,10,0,10,華南永昌-頭份,2024-01-24,9343
1301,台塑,10,0,10,華南永昌-頭份,2024-01-24,9343
2374,佳能,10,0,10,華南永昌-頭份,2024-01-24,9343
3704,合勤控,10,0,10,華南永昌-頭份,2024-01-24,9343
2618,長榮航,16,7,9,華南永昌-頭份,2024-01-24,9343
6547,高端疫苗,9,0,9,華南永昌-頭份,2024-01-24,9343
1504,東元,10,2,8,華南永昌-頭份,2024-01-24,9343
3583,辛耘,8,0,8,華南永昌-頭份,2024-01-24,9343
6126,信音,8,0,8,華南永昌-頭份,2024-01-24,9343
4909,新復興,23,15,8,華南永昌-頭份,2024-01-24,9343
2401,凌陽,9,2,7,華南永昌-頭份,2024-01-24,9343
4566,時碩工業,7,0,7,華南永昌-頭份,2024-01-24,9343
8034,榮群,6,0,6,華南永昌-頭份,2024-01-24,9343
1305,華夏,6,0,6,華南永昌-頭份,2024-01-24,9343
8088,品安,16,11,5,華南永昌-頭份,2024-01-24,9343
5432,新門,5,0,5,華南永昌-頭份,2024-01-24,9343
2454,聯發科,6,1,5,華南永昌-頭份,2024-01-24,9343
00712,復華富時不動產,5,0,5,華南永昌-頭份,2024-01-24,9343
2891,中信金,5,0,5,華南永昌-頭份,2024-01-24,9343
00692,富邦公司治理,5,0,5,華南永昌-頭份,2024-01-24,9343
2455,全新,5,0,5,華南永昌-頭份,2024-01-24,9343
3025,星通,6,1,5,華南永昌-頭份,2024-01-24,9343
3114,好德,8,3,5,華南永昌-頭份,2024-01-24,9343
3264,欣銓,5,0,5,華南永昌-頭份,2024-01-24,9343
3694,海華,10,5,5,華南永昌-頭份,2024-01-24,9343
6120,達運,5,0,5,華南永昌-頭份,2024-01-24,9343
6284,佳邦,5,0,5,華南永昌-頭份,2024-01-24,9343
2543,皇昌,80,0,80,華南永昌-頭份,2024-01-25,9343
2542,興富發,75,0,75,華南永昌-頭份,2024-01-25,9343
00687B,國泰20年美債,70,0,70,華南永昌-頭份,2024-01-25,9343
00929,復華台灣科技優息,46,10,36,華南永昌-頭份,2024-01-25,9343
00937B,群益ESG投等債20,30,2,28,華南永昌-頭份,2024-01-25,9343
2204,中華,26,0,26,華南永昌-頭份,2024-01-25,9343
2329,華泰,47,24,23,華南永昌-頭份,2024-01-25,9343
2365,昆盈,25,3,22,華南永昌-頭份,2024-01-25,9343
4909,新復興,62,41,21,華南永昌-頭份,2024-01-25,9343
2457,飛宏,20,0,20,華南永昌-頭份,2024-01-25,9343
00679B,元大美債20年,18,0,18,華南永昌-頭份,2024-01-25,9343
00931B,統一美債20年,18,0,18,華南永昌-頭份,2024-01-25,9343
8105,凌巨,20,4,16,華南永昌-頭份,2024-01-25,9343
6111,大宇資,17,3,14,華南永昌-頭份,2024-01-25,9343
8034,榮群,23,10,13,華南永昌-頭份,2024-01-25,9343
6535,順藥,13,0,13,華南永昌-頭份,2024-01-25,9343
2609,陽明,15,3,12,華南永昌-頭份,2024-01-25,9343
6233,旺玖,11,0,11,華南永昌-頭份,2024-01-25,9343
2301,光寶科,11,0,11,華南永昌-頭份,2024-01-25,9343
2388,威盛,11,0,11,華南永昌-頭份,2024-01-25,9343
00632R,元大台灣50反1,10,0,10,華南永昌-頭份,2024-01-25,9343
00753L,中信中國50正2,15,5,10,華南永昌-頭份,2024-01-25,9343
1519,華城,11,1,10,華南永昌-頭份,2024-01-25,9343
2409,友達,10,0,10,華南永昌-頭份,2024-01-25,9343
4157,太景*-KY,10,0,10,華南永昌-頭份,2024-01-25,9343
4707,磐亞,10,0,10,華南永昌-頭份,2024-01-25,9343
6288,聯嘉,10,0,10,華南永昌-頭份,2024-01-25,9343
00720B,元大投資級公司債,9,0,9,華南永昌-頭份,2024-01-25,9343
6235,華孚,10,1,9,華南永昌-頭份,2024-01-25,9343
00725B,國泰投資級公司債,9,0,9,華南永昌-頭份,2024-01-25,9343
3071,協禧,9,0,9,華南永昌-頭份,2024-01-25,9343
3390,旭軟,10,1,9,華南永昌-頭份,2024-01-25,9343
5258,虹堡,10,1,9,華南永昌-頭份,2024-01-25,9343
00933B,國泰10Y+金融債,8,0,8,華南永昌-頭份,2024-01-25,9343
6245,立端,14,6,8,華南永昌-頭份,2024-01-25,9343
00772B,中信高評級公司債,7,0,7,華南永昌-頭份,2024-01-25,9343
2201,裕隆,10,3,7,華南永昌-頭份,2024-01-25,9343
8054,安國,10,3,7,華南永昌-頭份,2024-01-25,9343
2405,輔信,6,0,6,華南永昌-頭份,2024-01-25,9343
2736,富野,6,0,6,華南永昌-頭份,2024-01-25,9343
2101,南港,6,0,6,華南永昌-頭份,2024-01-25,9343
3312,弘憶股,11,5,6,華南永昌-頭份,2024-01-25,9343
5213,亞昕,6,0,6,華南永昌-頭份,2024-01-25,9343
5488,松普,32,26,6,華南永昌-頭份,2024-01-25,9343
6218,豪勉,6,0,6,華南永昌-頭份,2024-01-25,9343
2367,燿華,5,0,5,華南永昌-頭份,2024-01-25,9343
2417,圓剛,5,0,5,華南永昌-頭份,2024-01-25,9343
2528,皇普,5,0,5,華南永昌-頭份,2024-01-25,9343
3083,網龍,5,0,5,華南永昌-頭份,2024-01-25,9343
3162,精確,5,0,5,華南永昌-頭份,2024-01-25,9343
9105,泰金寶-DR,651,116,535,華南永昌-頭份,2024-01-26,9343
00929,復華台灣科技優息,150,30,120,華南永昌-頭份,2024-01-26,9343
2303,聯電,87,3,84,華南永昌-頭份,2024-01-26,9343
2634,漢翔,42,0,42,華南永昌-頭份,2024-01-26,9343
00632R,元大台灣50反1,42,1,41,華南永昌-頭份,2024-01-26,9343
3623,富晶通,54,15,39,華南永昌-頭份,2024-01-26,9343
2356,英業達,64,26,38,華南永昌-頭份,2024-01-26,9343
00937B,群益ESG投等債20,40,2,38,華南永昌-頭份,2024-01-26,9343
00679B,元大美債20年,36,1,35,華南永昌-頭份,2024-01-26,9343
6270,倍微,32,4,28,華南永昌-頭份,2024-01-26,9343
00665L,富邦�琤肭磪囓�2,27,3,24,華南永昌-頭份,2024-01-26,9343
00936,台新永續高息中小,20,0,20,華南永昌-頭份,2024-01-26,9343
2365,昆盈,55,35,20,華南永昌-頭份,2024-01-26,9343
00934,中信成長高股息,16,0,16,華南永昌-頭份,2024-01-26,9343
00918,大華優利高填息30,16,1,15,華南永昌-頭份,2024-01-26,9343
3032,偉訓,14,0,14,華南永昌-頭份,2024-01-26,9343
5469,瀚宇博,13,0,13,華南永昌-頭份,2024-01-26,9343
2362,藍天,11,0,11,華南永昌-頭份,2024-01-26,9343
2421,建準,24,13,11,華南永昌-頭份,2024-01-26,9343
2486,一詮,19,8,11,華南永昌-頭份,2024-01-26,9343
3232,昱捷,11,0,11,華南永昌-頭份,2024-01-26,9343
6140,訊達,21,10,11,華南永昌-頭份,2024-01-26,9343
1301,台塑,10,0,10,華南永昌-頭份,2024-01-26,9343
2324,仁寶,13,3,10,華南永昌-頭份,2024-01-26,9343
6235,華孚,11,1,10,華南永昌-頭份,2024-01-26,9343
00713,元大台灣高息低波,10,0,10,華南永昌-頭份,2024-01-26,9343
3031,佰鴻,10,0,10,華南永昌-頭份,2024-01-26,9343
3047,訊舟,10,0,10,華南永昌-頭份,2024-01-26,9343
3490,單井,10,0,10,華南永昌-頭份,2024-01-26,9343
4108,懷特,10,0,10,華南永昌-頭份,2024-01-26,9343
4933,友輝,10,0,10,華南永昌-頭份,2024-01-26,9343
5355,佳總,10,0,10,華南永昌-頭份,2024-01-26,9343
2314,台揚,9,0,9,華南永昌-頭份,2024-01-26,9343
3265,台星科,30,21,9,華南永昌-頭份,2024-01-26,9343
6112,邁達特,10,1,9,華南永昌-頭份,2024-01-26,9343
6462,神盾,27,18,9,華南永昌-頭份,2024-01-26,9343
1305,華夏,7,0,7,華南永昌-頭份,2024-01-26,9343
00877,復華中國5G,7,0,7,華南永昌-頭份,2024-01-26,9343
3622,洋華,21,14,7,華南永昌-頭份,2024-01-26,9343
2353,宏��,13,7,6,華南永昌-頭份,2024-01-26,9343
2329,華泰,26,20,6,華南永昌-頭份,2024-01-26,9343
3308,聯德,6,0,6,華南永昌-頭份,2024-01-26,9343
4934,太極,6,0,6,華南永昌-頭份,2024-01-26,9343
8936,國統,9,3,6,華南永昌-頭份,2024-01-26,9343
3024,憶聲,5,0,5,華南永昌-頭份,2024-01-26,9343
2528,皇普,5,0,5,華南永昌-頭份,2024-01-26,9343
6239,力成,7,2,5,華南永昌-頭份,2024-01-26,9343
5388,中磊,5,0,5,華南永昌-頭份,2024-01-26,9343
00922,國泰台灣領袖50,5,0,5,華南永昌-頭份,2024-01-26,9343
1785,光洋科,5,0,5,華南永昌-頭份,2024-01-26,9343
2618,長榮航,547,24,523,華南永昌-頭份,2024-01-29,9343
9105,泰金寶-DR,274,11,263,華南永昌-頭份,2024-01-29,9343
6550,北極星藥業-KY,79,0,79,華南永昌-頭份,2024-01-29,9343
00929,復華台灣科技優息,60,0,60,華南永昌-頭份,2024-01-29,9343
2520,冠德,50,0,50,華南永昌-頭份,2024-01-29,9343
00637L,元大滬深300正2,61,31,30,華南永昌-頭份,2024-01-29,9343
00687B,國泰20年美債,30,0,30,華南永昌-頭份,2024-01-29,9343
2892,第一金,30,0,30,華南永昌-頭份,2024-01-29,9343
3231,緯創,39,9,30,華南永昌-頭份,2024-01-29,9343
00673R,期元大S＆P原油反1,27,0,27,華南永昌-頭份,2024-01-29,9343
5490,同亨,25,0,25,華南永昌-頭份,2024-01-29,9343
00753L,中信中國50正2,24,0,24,華南永昌-頭份,2024-01-29,9343
00937B,群益ESG投等債20,23,0,23,華南永昌-頭份,2024-01-29,9343
2449,京元電子,21,0,21,華南永昌-頭份,2024-01-29,9343
2337,旺宏,16,0,16,華南永昌-頭份,2024-01-29,9343
00665L,富邦�琤肭磪囓�2,31,16,15,華南永昌-頭份,2024-01-29,9343
5465,富驊,15,0,15,華南永昌-頭份,2024-01-29,9343
6282,康舒,16,3,13,華南永昌-頭份,2024-01-29,9343
6139,亞翔,12,0,12,華南永昌-頭份,2024-01-29,9343
2617,台航,12,0,12,華南永昌-頭份,2024-01-29,9343
00679B,元大美債20年,12,0,12,華南永昌-頭份,2024-01-29,9343
1307,三芳,10,0,10,華南永昌-頭份,2024-01-29,9343
2356,英業達,21,11,10,華南永昌-頭份,2024-01-29,9343
2528,皇普,10,0,10,華南永昌-頭份,2024-01-29,9343
3580,友威科,11,1,10,華南永昌-頭份,2024-01-29,9343
2308,台達電,10,1,9,華南永昌-頭份,2024-01-29,9343
3265,台星科,11,2,9,華南永昌-頭份,2024-01-29,9343
2486,一詮,11,3,8,華南永昌-頭份,2024-01-29,9343
00633L,富邦上証正2,11,3,8,華南永昌-頭份,2024-01-29,9343
00877,復華中國5G,8,1,7,華南永昌-頭份,2024-01-29,9343
3380,明泰,8,1,7,華南永昌-頭份,2024-01-29,9343
3438,類比科,7,0,7,華南永昌-頭份,2024-01-29,9343
00931B,統一美債20年,6,0,6,華南永昌-頭份,2024-01-29,9343
2314,台揚,7,1,6,華南永昌-頭份,2024-01-29,9343
3033,威健,11,5,6,華南永昌-頭份,2024-01-29,9343
4128,中天,6,0,6,華南永昌-頭份,2024-01-29,9343
6589,台康生技,10,4,6,華南永昌-頭份,2024-01-29,9343
8489,三貝德,6,0,6,華南永昌-頭份,2024-01-29,9343
00933B,國泰10Y+金融債,5,0,5,華南永昌-頭份,2024-01-29,9343
00713,元大台灣高息低波,6,1,5,華南永昌-頭份,2024-01-29,9343
2204,中華,5,0,5,華南永昌-頭份,2024-01-29,9343
2534,宏盛,5,0,5,華南永昌-頭份,2024-01-29,9343
3038,全台,5,0,5,華南永昌-頭份,2024-01-29,9343
3162,精確,5,0,5,華南永昌-頭份,2024-01-29,9343
3296,勝德,5,0,5,華南永昌-頭份,2024-01-29,9343
4167,松瑞藥,5,0,5,華南永昌-頭份,2024-01-29,9343
4906,正文,6,1,5,華南永昌-頭份,2024-01-29,9343
5426,振發,20,15,5,華南永昌-頭份,2024-01-29,9343
5905,南仁湖,5,0,5,華南永昌-頭份,2024-01-29,9343
6203,海韻電,5,0,5,華南永昌-頭份,2024-01-29,9343
00687B,國泰20年美債,77,0,77,華南永昌-頭份,2024-01-30,9343
1215,卜蜂,50,0,50,華南永昌-頭份,2024-01-30,9343
2303,聯電,41,0,41,華南永昌-頭份,2024-01-30,9343
00665L,富邦�琤肭磪囓�2,53,15,38,華南永昌-頭份,2024-01-30,9343
00637L,元大滬深300正2,55,21,34,華南永昌-頭份,2024-01-30,9343
00680L,元大美債20正2,32,0,32,華南永昌-頭份,2024-01-30,9343
2382,廣達,32,6,26,華南永昌-頭份,2024-01-30,9343
8086,宏捷科,26,0,26,華南永昌-頭份,2024-01-30,9343
1514,亞力,28,3,25,華南永昌-頭份,2024-01-30,9343
4402,郡都開發,25,0,25,華南永昌-頭份,2024-01-30,9343
1711,永光,24,0,24,華南永昌-頭份,2024-01-30,9343
00655L,國泰中國A50正2,23,0,23,華南永昌-頭份,2024-01-30,9343
6770,力積電,23,1,22,華南永昌-頭份,2024-01-30,9343
00937B,群益ESG投等債20,23,1,22,華南永昌-頭份,2024-01-30,9343
00773B,中信優先金融債,20,0,20,華南永昌-頭份,2024-01-30,9343
2520,冠德,20,0,20,華南永昌-頭份,2024-01-30,9343
2241,艾姆勒,20,1,19,華南永昌-頭份,2024-01-30,9343
4128,中天,19,0,19,華南永昌-頭份,2024-01-30,9343
5258,虹堡,17,0,17,華南永昌-頭份,2024-01-30,9343
2356,英業達,35,19,16,華南永昌-頭份,2024-01-30,9343
2344,華邦電,18,3,15,華南永昌-頭份,2024-01-30,9343
4157,太景*-KY,17,3,14,華南永昌-頭份,2024-01-30,9343
8210,勤誠,25,13,12,華南永昌-頭份,2024-01-30,9343
5009,榮剛,12,0,12,華南永昌-頭份,2024-01-30,9343
3715,定穎投控,18,7,11,華南永昌-頭份,2024-01-30,9343
6235,華孚,21,11,10,華南永昌-頭份,2024-01-30,9343
2002,中鋼,10,0,10,華南永昌-頭份,2024-01-30,9343
00633L,富邦上証正2,10,0,10,華南永昌-頭份,2024-01-30,9343
1312,國喬,13,3,10,華南永昌-頭份,2024-01-30,9343
2412,中華電,10,0,10,華南永昌-頭份,2024-01-30,9343
2905,三商,10,0,10,華南永昌-頭份,2024-01-30,9343
3047,訊舟,10,0,10,華南永昌-頭份,2024-01-30,9343
5014,建錩,10,0,10,華南永昌-頭份,2024-01-30,9343
5443,均豪,10,0,10,華南永昌-頭份,2024-01-30,9343
00679B,元大美債20年,11,1,10,華南永昌-頭份,2024-01-30,9343
00712,復華富時不動產,11,2,9,華南永昌-頭份,2024-01-30,9343
2355,敬鵬,10,1,9,華南永昌-頭份,2024-01-30,9343
6153,嘉聯益,9,0,9,華南永昌-頭份,2024-01-30,9343
2369,菱生,27,18,9,華南永昌-頭份,2024-01-30,9343
2314,台揚,8,0,8,華南永昌-頭份,2024-01-30,9343
3521,鴻翊,8,0,8,華南永昌-頭份,2024-01-30,9343
3360,尚立,17,9,8,華南永昌-頭份,2024-01-30,9343
5880,合庫金,7,0,7,華南永昌-頭份,2024-01-30,9343
00929,復華台灣科技優息,12,6,6,華南永昌-頭份,2024-01-30,9343
2880,華南金,6,0,6,華南永昌-頭份,2024-01-30,9343
00753L,中信中國50正2,6,0,6,華南永昌-頭份,2024-01-30,9343
0056,元大高股息,6,0,6,華南永昌-頭份,2024-01-30,9343
2493,揚博,6,0,6,華南永昌-頭份,2024-01-30,9343
3013,晟銘電,6,0,6,華南永昌-頭份,2024-01-30,9343
4123,晟德,6,0,6,華南永昌-頭份,2024-01-30,9343
9919,康那香,231,17,214,華南永昌-頭份,2024-01-31,9343
3481,群創,61,0,61,華南永昌-頭份,2024-01-31,9343
1732,毛寶,60,0,60,華南永昌-頭份,2024-01-31,9343
00877,復華中國5G,52,0,52,華南永昌-頭份,2024-01-31,9343
00937B,群益ESG投等債20,40,1,39,華南永昌-頭份,2024-01-31,9343
8069,元太,36,0,36,華南永昌-頭份,2024-01-31,9343
4157,太景*-KY,33,0,33,華南永昌-頭份,2024-01-31,9343
9105,泰金寶-DR,28,0,28,華南永昌-頭份,2024-01-31,9343
2317,鴻海,30,2,28,華南永昌-頭份,2024-01-31,9343
2303,聯電,28,2,26,華南永昌-頭份,2024-01-31,9343
00680L,元大美債20正2,86,60,26,華南永昌-頭份,2024-01-31,9343
00773B,中信優先金融債,25,0,25,華南永昌-頭份,2024-01-31,9343
2368,金像電,24,1,23,華南永昌-頭份,2024-01-31,9343
3706,神達,31,10,21,華南永昌-頭份,2024-01-31,9343
6120,達運,21,0,21,華南永昌-頭份,2024-01-31,9343
2344,華邦電,16,0,16,華南永昌-頭份,2024-01-31,9343
00919,群益台灣精選高息,15,0,15,華南永昌-頭份,2024-01-31,9343
6235,華孚,15,0,15,華南永昌-頭份,2024-01-31,9343
00935,野村臺灣新科技50,15,1,14,華南永昌-頭份,2024-01-31,9343
2421,建準,15,1,14,華南永昌-頭份,2024-01-31,9343
00637L,元大滬深300正2,13,0,13,華南永昌-頭份,2024-01-31,9343
2313,華通,14,1,13,華南永昌-頭份,2024-01-31,9343
8210,勤誠,13,2,11,華南永昌-頭份,2024-01-31,9343
2609,陽明,14,3,11,華南永昌-頭份,2024-01-31,9343
00688L,國泰20年美債正2,15,4,11,華南永昌-頭份,2024-01-31,9343
1605,華新,10,0,10,華南永昌-頭份,2024-01-31,9343
2390,云辰,12,2,10,華南永昌-頭份,2024-01-31,9343
3013,晟銘電,10,0,10,華南永昌-頭份,2024-01-31,9343
4938,和碩,10,0,10,華南永昌-頭份,2024-01-31,9343
4960,誠美材,13,3,10,華南永昌-頭份,2024-01-31,9343
6108,競國,10,0,10,華南永昌-頭份,2024-01-31,9343
8110,華東,10,0,10,華南永昌-頭份,2024-01-31,9343
2618,長榮航,10,1,9,華南永昌-頭份,2024-01-31,9343
4114,健喬,10,1,9,華南永昌-頭份,2024-01-31,9343
5488,松普,14,5,9,華南永昌-頭份,2024-01-31,9343
4961,天鈺,8,0,8,華南永昌-頭份,2024-01-31,9343
6127,九豪,8,0,8,華南永昌-頭份,2024-01-31,9343
00882,中信中國高股息,7,0,7,華南永昌-頭份,2024-01-31,9343
3288,點晶,7,0,7,華南永昌-頭份,2024-01-31,9343
5426,振發,13,6,7,華南永昌-頭份,2024-01-31,9343
8064,東捷,6,0,6,華南永昌-頭份,2024-01-31,9343
00633L,富邦上証正2,6,0,6,華南永昌-頭份,2024-01-31,9343
3694,海華,23,17,6,華南永昌-頭份,2024-01-31,9343
6239,力成,7,1,6,華南永昌-頭份,2024-01-31,9343
0056,元大高股息,6,0,6,華南永昌-頭份,2024-01-31,9343
3623,富晶通,15,10,5,華南永昌-頭份,2024-01-31,9343
00679B,元大美債20年,5,0,5,華南永昌-頭份,2024-01-31,9343
00665L,富邦�琤肭磪囓�2,5,0,5,華南永昌-頭份,2024-01-31,9343
2332,友訊,5,0,5,華南永昌-頭份,2024-01-31,9343
2352,佳世達,5,0,5,華南永昌-頭份,2024-01-31,9343
00878,國泰永續高股息,225,6,219,華南永昌-頭份,2024-02-01,9343
9105,泰金寶-DR,140,0,140,華南永昌-頭份,2024-02-01,9343
00712,復華富時不動產,128,0,128,華南永昌-頭份,2024-02-01,9343
00665L,富邦�琤肭磪囓�2,114,14,100,華南永昌-頭份,2024-02-01,9343
2812,台中銀,123,42,81,華南永昌-頭份,2024-02-01,9343
2353,宏��,61,1,60,華南永昌-頭份,2024-02-01,9343
9919,康那香,68,25,43,華南永昌-頭份,2024-02-01,9343
00929,復華台灣科技優息,36,0,36,華南永昌-頭份,2024-02-01,9343
00877,復華中國5G,30,0,30,華南永昌-頭份,2024-02-01,9343
6112,邁達特,30,0,30,華南永昌-頭份,2024-02-01,9343
3033,威健,41,15,26,華南永昌-頭份,2024-02-01,9343
00919,群益台灣精選高息,25,2,23,華南永昌-頭份,2024-02-01,9343
2303,聯電,19,0,19,華南永昌-頭份,2024-02-01,9343
2356,英業達,22,5,17,華南永昌-頭份,2024-02-01,9343
3481,群創,23,7,16,華南永昌-頭份,2024-02-01,9343
00688L,國泰20年美債正2,16,0,16,華南永昌-頭份,2024-02-01,9343
1605,華新,21,5,16,華南永昌-頭份,2024-02-01,9343
6265,方土昶,15,0,15,華南永昌-頭份,2024-02-01,9343
8936,國統,31,16,15,華南永昌-頭份,2024-02-01,9343
1609,大亞,20,6,14,華南永昌-頭份,2024-02-01,9343
3437,榮創,12,0,12,華南永昌-頭份,2024-02-01,9343
1101,台泥,11,0,11,華南永昌-頭份,2024-02-01,9343
2618,長榮航,15,4,11,華南永昌-頭份,2024-02-01,9343
8096,擎亞,15,4,11,華南永昌-頭份,2024-02-01,9343
2528,皇普,10,0,10,華南永昌-頭份,2024-02-01,9343
00915,凱基優選高股息30,10,0,10,華南永昌-頭份,2024-02-01,9343
00891,中信關鍵半導體,10,0,10,華南永昌-頭份,2024-02-01,9343
00637L,元大滬深300正2,41,31,10,華南永昌-頭份,2024-02-01,9343
2520,冠德,10,0,10,華南永昌-頭份,2024-02-01,9343
3032,偉訓,21,11,10,華南永昌-頭份,2024-02-01,9343
5328,華容,10,0,10,華南永昌-頭份,2024-02-01,9343
4303,信立,10,1,9,華南永昌-頭份,2024-02-01,9343
2402,毅嘉,8,0,8,華南永昌-頭份,2024-02-01,9343
5490,同亨,8,0,8,華南永昌-頭份,2024-02-01,9343
2330,台積電,9,2,7,華南永昌-頭份,2024-02-01,9343
6113,亞矽,20,13,7,華南永昌-頭份,2024-02-01,9343
00631L,元大台灣50正2,7,0,7,華南永昌-頭份,2024-02-01,9343
00670L,富邦NASDAQ正2,7,0,7,華南永昌-頭份,2024-02-01,9343
3706,神達,16,9,7,華南永昌-頭份,2024-02-01,9343
00687B,國泰20年美債,6,0,6,華南永昌-頭份,2024-02-01,9343
00882,中信中國高股息,6,0,6,華南永昌-頭份,2024-02-01,9343
1312,國喬,13,7,6,華南永昌-頭份,2024-02-01,9343
2611,志信,6,0,6,華南永昌-頭份,2024-02-01,9343
3535,晶彩科,18,12,6,華南永昌-頭份,2024-02-01,9343
5426,振發,13,7,6,華南永昌-頭份,2024-02-01,9343
1528,恩德,7,1,6,華南永昌-頭份,2024-02-01,9343
3694,海華,36,30,6,華南永昌-頭份,2024-02-01,9343
1503,士電,9,4,5,華南永昌-頭份,2024-02-01,9343
00918,大華優利高填息30,5,0,5,華南永昌-頭份,2024-02-01,9343
00902,中信電池及儲能,5,0,5,華南永昌-頭份,2024-02-01,9343
00671R,富邦NASDAQ反1,470,0,470,華南永昌-頭份,2024-02-02,9343
00712,復華富時不動產,206,0,206,華南永昌-頭份,2024-02-02,9343
2882,國泰金,100,1,99,華南永昌-頭份,2024-02-02,9343
2353,宏��,85,4,81,華南永昌-頭份,2024-02-02,9343
00877,復華中國5G,57,7,50,華南永昌-頭份,2024-02-02,9343
2201,裕隆,41,0,41,華南永昌-頭份,2024-02-02,9343
2520,冠德,40,0,40,華南永昌-頭份,2024-02-02,9343
1616,億泰,35,0,35,華南永昌-頭份,2024-02-02,9343
00680L,元大美債20正2,43,10,33,華南永昌-頭份,2024-02-02,9343
9919,康那香,32,1,31,華南永昌-頭份,2024-02-02,9343
3704,合勤控,30,0,30,華南永昌-頭份,2024-02-02,9343
2312,金寶,28,2,26,華南永昌-頭份,2024-02-02,9343
00929,復華台灣科技優息,39,14,25,華南永昌-頭份,2024-02-02,9343
9105,泰金寶-DR,28,3,25,華南永昌-頭份,2024-02-02,9343
1732,毛寶,23,0,23,華南永昌-頭份,2024-02-02,9343
2603,長榮,22,0,22,華南永昌-頭份,2024-02-02,9343
2609,陽明,32,12,20,華南永昌-頭份,2024-02-02,9343
1519,華城,21,1,20,華南永昌-頭份,2024-02-02,9343
2317,鴻海,20,1,19,華南永昌-頭份,2024-02-02,9343
00878,國泰永續高股息,23,5,18,華南永昌-頭份,2024-02-02,9343
2352,佳世達,17,1,16,華南永昌-頭份,2024-02-02,9343
2436,偉詮電,16,0,16,華南永昌-頭份,2024-02-02,9343
3284,太普高,16,0,16,華南永昌-頭份,2024-02-02,9343
2515,中工,15,0,15,華南永昌-頭份,2024-02-02,9343
3092,鴻碩,15,0,15,華南永昌-頭份,2024-02-02,9343
2344,華邦電,15,1,14,華南永昌-頭份,2024-02-02,9343
3308,聯德,23,9,14,華南永昌-頭份,2024-02-02,9343
4123,晟德,14,0,14,華南永昌-頭份,2024-02-02,9343
00933B,國泰10Y+金融債,13,0,13,華南永昌-頭份,2024-02-02,9343
00688L,國泰20年美債正2,15,2,13,華南永昌-頭份,2024-02-02,9343
6265,方土昶,15,3,12,華南永昌-頭份,2024-02-02,9343
8069,元太,12,0,12,華南永昌-頭份,2024-02-02,9343
2421,建準,32,20,12,華南永昌-頭份,2024-02-02,9343
6770,力積電,11,0,11,華南永昌-頭份,2024-02-02,9343
8936,國統,37,26,11,華南永昌-頭份,2024-02-02,9343
2486,一詮,11,1,10,華南永昌-頭份,2024-02-02,9343
00679B,元大美債20年,10,0,10,華南永昌-頭份,2024-02-02,9343
00670L,富邦NASDAQ正2,10,0,10,華南永昌-頭份,2024-02-02,9343
1733,五鼎,10,0,10,華南永昌-頭份,2024-02-02,9343
2358,廷鑫,10,0,10,華南永昌-頭份,2024-02-02,9343
2374,佳能,10,0,10,華南永昌-頭份,2024-02-02,9343
2405,輔信,10,0,10,華南永昌-頭份,2024-02-02,9343
3051,力特,11,1,10,華南永昌-頭份,2024-02-02,9343
3711,日月光投控,11,1,10,華南永昌-頭份,2024-02-02,9343
5508,永信建,10,0,10,華南永昌-頭份,2024-02-02,9343
2314,台揚,9,0,9,華南永昌-頭份,2024-02-02,9343
2363,矽統,9,0,9,華南永昌-頭份,2024-02-02,9343
2393,億光,10,1,9,華南永昌-頭份,2024-02-02,9343
2891,中信金,8,0,8,華南永昌-頭份,2024-02-02,9343
00637L,元大滬深300正2,13,5,8,華南永昌-頭份,2024-02-02,9343
2313,華通,207,45,162,華南永昌-頭份,2024-02-05,9343
00929,復華台灣科技優息,193,67,126,華南永昌-頭份,2024-02-05,9343
00680L,元大美債20正2,119,0,119,華南永昌-頭份,2024-02-05,9343
8936,國統,78,20,58,華南永昌-頭份,2024-02-05,9343
00877,復華中國5G,55,0,55,華南永昌-頭份,2024-02-05,9343
00679B,元大美債20年,35,0,35,華南永昌-頭份,2024-02-05,9343
2002,中鋼,33,0,33,華南永昌-頭份,2024-02-05,9343
9105,泰金寶-DR,27,0,27,華南永昌-頭份,2024-02-05,9343
00712,復華富時不動產,21,0,21,華南永昌-頭份,2024-02-05,9343
2457,飛宏,30,10,20,華南永昌-頭份,2024-02-05,9343
3284,太普高,20,0,20,華南永昌-頭份,2024-02-05,9343
5009,榮剛,20,0,20,華南永昌-頭份,2024-02-05,9343
6770,力積電,18,0,18,華南永昌-頭份,2024-02-05,9343
00931B,統一美債20年,15,0,15,華南永昌-頭份,2024-02-05,9343
3268,海德威,18,4,14,華南永昌-頭份,2024-02-05,9343
00715L,期街口布蘭特正2,13,0,13,華南永昌-頭份,2024-02-05,9343
3308,聯德,22,9,13,華南永昌-頭份,2024-02-05,9343
6547,高端疫苗,13,0,13,華南永昌-頭份,2024-02-05,9343
00882,中信中國高股息,12,0,12,華南永昌-頭份,2024-02-05,9343
2374,佳能,12,0,12,華南永昌-頭份,2024-02-05,9343
6916,華凌,12,0,12,華南永昌-頭份,2024-02-05,9343
8210,勤誠,13,2,11,華南永昌-頭份,2024-02-05,9343
8096,擎亞,14,3,11,華南永昌-頭份,2024-02-05,9343
00665L,富邦�琤肭磪囓�2,13,2,11,華南永昌-頭份,2024-02-05,9343
2884,玉山金,11,0,11,華南永昌-頭份,2024-02-05,9343
2543,皇昌,10,0,10,華南永昌-頭份,2024-02-05,9343
2887,台新金,10,0,10,華南永昌-頭份,2024-02-05,9343
2889,國票金,10,0,10,華南永昌-頭份,2024-02-05,9343
2929,淘帝-KY,10,0,10,華南永昌-頭份,2024-02-05,9343
3163,波若威,10,0,10,華南永昌-頭份,2024-02-05,9343
3483,力致,12,2,10,華南永昌-頭份,2024-02-05,9343
6153,嘉聯益,10,0,10,華南永昌-頭份,2024-02-05,9343
6111,大宇資,9,0,9,華南永昌-頭份,2024-02-05,9343
2314,台揚,9,0,9,華南永昌-頭份,2024-02-05,9343
3711,日月光投控,9,0,9,華南永昌-頭份,2024-02-05,9343
6179,亞通,10,1,9,華南永昌-頭份,2024-02-05,9343
3481,群創,11,2,9,華南永昌-頭份,2024-02-05,9343
1513,中興電,8,0,8,華南永昌-頭份,2024-02-05,9343
1802,台玻,8,0,8,華南永昌-頭份,2024-02-05,9343
00933B,國泰10Y+金融債,7,0,7,華南永昌-頭份,2024-02-05,9343
2515,中工,10,3,7,華南永昌-頭份,2024-02-05,9343
6733,博晟生醫,7,0,7,華南永昌-頭份,2024-02-05,9343
3450,聯鈞,7,1,6,華南永昌-頭份,2024-02-05,9343
2609,陽明,9,3,6,華南永昌-頭份,2024-02-05,9343
6695,芯鼎,11,5,6,華南永昌-頭份,2024-02-05,9343
2329,華泰,15,9,6,華南永昌-頭份,2024-02-05,9343
2344,華邦電,7,1,6,華南永昌-頭份,2024-02-05,9343
3521,鴻翊,6,0,6,華南永昌-頭份,2024-02-05,9343
5351,鈺創,13,7,6,華南永昌-頭份,2024-02-05,9343
6742,澤米,13,7,6,華南永昌-頭份,2024-02-05,9343
2332,友訊,245,6,239,華南永昌-頭份,2024-02-15,9343
8121,越峰,140,0,140,華南永昌-頭份,2024-02-15,9343
3576,聯合再生,136,30,106,華南永昌-頭份,2024-02-15,9343
00632R,元大台灣50反1,77,5,72,華南永昌-頭份,2024-02-15,9343
00937B,群益ESG投等債20,59,0,59,華南永昌-頭份,2024-02-15,9343
00679B,元大美債20年,55,0,55,華南永昌-頭份,2024-02-15,9343
9105,泰金寶-DR,52,0,52,華南永昌-頭份,2024-02-15,9343
00687B,國泰20年美債,80,30,50,華南永昌-頭份,2024-02-15,9343
00664R,國泰臺灣加權反1,50,0,50,華南永昌-頭份,2024-02-15,9343
2201,裕隆,34,0,34,華南永昌-頭份,2024-02-15,9343
2888,新光金,71,40,31,華南永昌-頭份,2024-02-15,9343
00673R,期元大S＆P原油反1,27,0,27,華南永昌-頭份,2024-02-15,9343
00931B,統一美債20年,26,0,26,華南永昌-頭份,2024-02-15,9343
5465,富驊,23,0,23,華南永昌-頭份,2024-02-15,9343
2883,凱基金,27,5,22,華南永昌-頭份,2024-02-15,9343
3521,鴻翊,22,0,22,華南永昌-頭份,2024-02-15,9343
00919,群益台灣精選高息,32,12,20,華南永昌-頭份,2024-02-15,9343
2886,兆豐金,20,0,20,華南永昌-頭份,2024-02-15,9343
2382,廣達,27,10,17,華南永昌-頭份,2024-02-15,9343
00713,元大台灣高息低波,17,0,17,華南永昌-頭份,2024-02-15,9343
5483,中美晶,18,1,17,華南永昌-頭份,2024-02-15,9343
5905,南仁湖,16,0,16,華南永昌-頭份,2024-02-15,9343
2002,中鋼,15,0,15,華南永昌-頭份,2024-02-15,9343
2365,昆盈,23,8,15,華南永昌-頭份,2024-02-15,9343
00652,富邦印度,14,0,14,華南永昌-頭份,2024-02-15,9343
2303,聯電,20,7,13,華南永昌-頭份,2024-02-15,9343
1808,潤隆,12,0,12,華南永昌-頭份,2024-02-15,9343
3162,精確,12,0,12,華南永昌-頭份,2024-02-15,9343
00720B,元大投資級公司債,11,0,11,華南永昌-頭份,2024-02-15,9343
00882,中信中國高股息,11,0,11,華南永昌-頭份,2024-02-15,9343
3035,智原,15,4,11,華南永昌-頭份,2024-02-15,9343
00918,大華優利高填息30,11,1,10,華南永昌-頭份,2024-02-15,9343
00639,富邦深100,10,0,10,華南永昌-頭份,2024-02-15,9343
1101,台泥,10,0,10,華南永昌-頭份,2024-02-15,9343
1519,華城,14,4,10,華南永昌-頭份,2024-02-15,9343
1524,耿鼎,11,1,10,華南永昌-頭份,2024-02-15,9343
2312,金寶,10,0,10,華南永昌-頭份,2024-02-15,9343
3532,台勝科,10,0,10,華南永昌-頭份,2024-02-15,9343
3607,谷崧,10,0,10,華南永昌-頭份,2024-02-15,9343
6223,旺矽,11,1,10,華南永昌-頭份,2024-02-15,9343
6271,同欣電,10,0,10,華南永昌-頭份,2024-02-15,9343
8034,榮群,10,0,10,華南永昌-頭份,2024-02-15,9343
8088,品安,10,0,10,華南永昌-頭份,2024-02-15,9343
912000,晨訊科-DR,10,0,10,華南永昌-頭份,2024-02-15,9343
2891,中信金,10,0,10,華南永昌-頭份,2024-02-15,9343
2421,建準,19,9,10,華南永昌-頭份,2024-02-15,9343
2308,台達電,10,0,10,華南永昌-頭份,2024-02-15,9343
00688L,國泰20年美債正2,17,8,9,華南永昌-頭份,2024-02-15,9343
00772B,中信高評級公司債,9,0,9,華南永昌-頭份,2024-02-15,9343
1319,東陽,10,1,9,華南永昌-頭份,2024-02-15,9343
00891,中信關鍵半導體,115,0,115,華南永昌-頭份,2024-02-16,9343
9105,泰金寶-DR,109,0,109,華南永昌-頭份,2024-02-16,9343
00929,復華台灣科技優息,144,43,101,華南永昌-頭份,2024-02-16,9343
00933B,國泰10Y+金融債,47,0,47,華南永昌-頭份,2024-02-16,9343
00679B,元大美債20年,45,0,45,華南永昌-頭份,2024-02-16,9343
00937B,群益ESG投等債20,41,2,39,華南永昌-頭份,2024-02-16,9343
2486,一詮,99,61,38,華南永昌-頭份,2024-02-16,9343
00919,群益台灣精選高息,35,0,35,華南永昌-頭份,2024-02-16,9343
2356,英業達,51,18,33,華南永昌-頭份,2024-02-16,9343
2303,聯電,33,1,32,華南永昌-頭份,2024-02-16,9343
2353,宏��,203,171,32,華南永昌-頭份,2024-02-16,9343
00687B,國泰20年美債,29,0,29,華南永昌-頭份,2024-02-16,9343
7402,邑錡,29,2,27,華南永昌-頭份,2024-02-16,9343
00690,兆豐藍籌30,25,0,25,華南永昌-頭份,2024-02-16,9343
00931B,統一美債20年,21,0,21,華南永昌-頭份,2024-02-16,9343
2358,廷鑫,20,0,20,華南永昌-頭份,2024-02-16,9343
6189,豐藝,21,4,17,華南永昌-頭份,2024-02-16,9343
00652,富邦印度,16,0,16,華南永昌-頭份,2024-02-16,9343
8064,東捷,16,0,16,華南永昌-頭份,2024-02-16,9343
00795B,中信美國公債20年,15,0,15,華南永昌-頭份,2024-02-16,9343
00918,大華優利高填息30,14,0,14,華南永昌-頭份,2024-02-16,9343
8110,華東,20,6,14,華南永昌-頭份,2024-02-16,9343
2884,玉山金,13,0,13,華南永昌-頭份,2024-02-16,9343
00688L,國泰20年美債正2,15,2,13,華南永昌-頭份,2024-02-16,9343
1808,潤隆,15,2,13,華南永昌-頭份,2024-02-16,9343
2888,新光金,14,1,13,華南永昌-頭份,2024-02-16,9343
00725B,國泰投資級公司債,12,0,12,華南永昌-頭份,2024-02-16,9343
2367,燿華,22,10,12,華南永昌-頭份,2024-02-16,9343
3163,波若威,13,1,12,華南永昌-頭份,2024-02-16,9343
3374,精材,11,0,11,華南永昌-頭份,2024-02-16,9343
3390,旭軟,23,12,11,華南永昌-頭份,2024-02-16,9343
4303,信立,11,0,11,華南永昌-頭份,2024-02-16,9343
5351,鈺創,12,1,11,華南永昌-頭份,2024-02-16,9343
6117,迎廣,15,4,11,華南永昌-頭份,2024-02-16,9343
2330,台積電,12,1,11,華南永昌-頭份,2024-02-16,9343
2892,第一金,11,0,11,華南永昌-頭份,2024-02-16,9343
3715,定穎投控,12,2,10,華南永昌-頭份,2024-02-16,9343
1711,永光,10,0,10,華南永昌-頭份,2024-02-16,9343
2387,精元,10,0,10,華南永昌-頭份,2024-02-16,9343
3094,聯傑,10,0,10,華南永昌-頭份,2024-02-16,9343
3234,光環,15,5,10,華南永昌-頭份,2024-02-16,9343
3704,合勤控,10,0,10,華南永昌-頭份,2024-02-16,9343
4566,時碩工業,10,0,10,華南永昌-頭份,2024-02-16,9343
912000,晨訊科-DR,10,0,10,華南永昌-頭份,2024-02-16,9343
2357,華碩,12,2,10,華南永昌-頭份,2024-02-16,9343
1815,富喬,12,3,9,華南永昌-頭份,2024-02-16,9343
6191,精成科,12,3,9,華南永昌-頭份,2024-02-16,9343
6245,立端,11,2,9,華南永昌-頭份,2024-02-16,9343
1101,台泥,9,1,8,華南永昌-頭份,2024-02-16,9343
00712,復華富時不動產,8,0,8,華南永昌-頭份,2024-02-16,9343
00933B,國泰10Y+金融債,166,0,166,華南永昌-頭份,2024-02-19,9343
00632R,元大台灣50反1,100,1,99,華南永昌-頭份,2024-02-19,9343
00937B,群益ESG投等債20,74,0,74,華南永昌-頭份,2024-02-19,9343
3483,力致,51,12,39,華南永昌-頭份,2024-02-19,9343
2363,矽統,46,9,37,華南永昌-頭份,2024-02-19,9343
00877,復華中國5G,35,0,35,華南永昌-頭份,2024-02-19,9343
3231,緯創,43,12,31,華南永昌-頭份,2024-02-19,9343
6585,鼎基,31,0,31,華南永昌-頭份,2024-02-19,9343
4714,永捷,40,10,30,華南永昌-頭份,2024-02-19,9343
00878,國泰永續高股息,34,8,26,華南永昌-頭份,2024-02-19,9343
6229,研通,25,0,25,華南永昌-頭份,2024-02-19,9343
8936,國統,45,23,22,華南永昌-頭份,2024-02-19,9343
00891,中信關鍵半導體,20,0,20,華南永昌-頭份,2024-02-19,9343
5464,霖宏,20,0,20,華南永昌-頭份,2024-02-19,9343
5905,南仁湖,25,5,20,華南永昌-頭份,2024-02-19,9343
6120,達運,19,0,19,華南永昌-頭份,2024-02-19,9343
2489,瑞軒,101,83,18,華南永昌-頭份,2024-02-19,9343
00712,復華富時不動產,17,0,17,華南永昌-頭份,2024-02-19,9343
00687B,國泰20年美債,16,0,16,華南永昌-頭份,2024-02-19,9343
00688L,國泰20年美債正2,16,1,15,華南永昌-頭份,2024-02-19,9343
5488,松普,16,1,15,華南永昌-頭份,2024-02-19,9343
00679B,元大美債20年,14,0,14,華南永昌-頭份,2024-02-19,9343
6167,久正,20,7,13,華南永昌-頭份,2024-02-19,9343
6742,澤米,19,6,13,華南永昌-頭份,2024-02-19,9343
2313,華通,13,1,12,華南永昌-頭份,2024-02-19,9343
2369,菱生,36,24,12,華南永昌-頭份,2024-02-19,9343
6203,海韻電,12,0,12,華南永昌-頭份,2024-02-19,9343
2352,佳世達,12,1,11,華南永昌-頭份,2024-02-19,9343
1503,士電,30,19,11,華南永昌-頭份,2024-02-19,9343
2880,華南金,10,0,10,華南永昌-頭份,2024-02-19,9343
00918,大華優利高填息30,10,0,10,華南永昌-頭份,2024-02-19,9343
1808,潤隆,10,0,10,華南永昌-頭份,2024-02-19,9343
2886,兆豐金,25,15,10,華南永昌-頭份,2024-02-19,9343
3234,光環,10,0,10,華南永昌-頭份,2024-02-19,9343
3558,神準,10,0,10,華南永昌-頭份,2024-02-19,9343
6235,華孚,10,0,10,華南永昌-頭份,2024-02-19,9343
9904,寶成,10,0,10,華南永昌-頭份,2024-02-19,9343
2312,金寶,18,9,9,華南永昌-頭份,2024-02-19,9343
2365,昆盈,40,31,9,華南永昌-頭份,2024-02-19,9343
2382,廣達,12,4,8,華南永昌-頭份,2024-02-19,9343
00673R,期元大S＆P原油反1,8,0,8,華南永昌-頭份,2024-02-19,9343
2367,燿華,18,10,8,華南永昌-頭份,2024-02-19,9343
2457,飛宏,26,18,8,華南永昌-頭份,2024-02-19,9343
2929,淘帝-KY,8,0,8,華南永昌-頭份,2024-02-19,9343
3339,泰谷,10,2,8,華南永昌-頭份,2024-02-19,9343
9910,豐泰,8,0,8,華南永昌-頭份,2024-02-19,9343
1711,永光,8,0,8,華南永昌-頭份,2024-02-19,9343
00923,群益台ESG低碳50,10,3,7,華南永昌-頭份,2024-02-19,9343
3322,建舜電,7,0,7,華南永昌-頭份,2024-02-19,9343
8070,長華*,7,0,7,華南永昌-頭份,2024-02-19,9343
00882,中信中國高股息,303,0,303,華南永昌-頭份,2024-02-20,9343
2025,千興,111,4,107,華南永昌-頭份,2024-02-20,9343
00933B,國泰10Y+金融債,102,0,102,華南永昌-頭份,2024-02-20,9343
00753L,中信中國50正2,102,0,102,華南永昌-頭份,2024-02-20,9343
2208,台船,55,0,55,華南永昌-頭份,2024-02-20,9343
5522,遠雄,52,0,52,華南永昌-頭份,2024-02-20,9343
2610,華航,51,10,41,華南永昌-頭份,2024-02-20,9343
6235,華孚,41,1,40,華南永昌-頭份,2024-02-20,9343
4960,誠美材,50,11,39,華南永昌-頭份,2024-02-20,9343
3504,揚明光,35,0,35,華南永昌-頭份,2024-02-20,9343
4714,永捷,46,13,33,華南永昌-頭份,2024-02-20,9343
00937B,群益ESG投等債20,37,9,28,華南永昌-頭份,2024-02-20,9343
2387,精元,25,0,25,華南永昌-頭份,2024-02-20,9343
6153,嘉聯益,25,1,24,華南永昌-頭份,2024-02-20,9343
00878,國泰永續高股息,34,11,23,華南永昌-頭份,2024-02-20,9343
3231,緯創,25,2,23,華南永昌-頭份,2024-02-20,9343
2401,凌陽,25,3,22,華南永昌-頭份,2024-02-20,9343
00918,大華優利高填息30,22,1,21,華南永昌-頭份,2024-02-20,9343
4909,新復興,26,9,17,華南永昌-頭份,2024-02-20,9343
3230,錦明,17,0,17,華南永昌-頭份,2024-02-20,9343
2363,矽統,16,0,16,華南永昌-頭份,2024-02-20,9343
00929,復華台灣科技優息,94,78,16,華南永昌-頭份,2024-02-20,9343
3035,智原,17,1,16,華南永昌-頭份,2024-02-20,9343
1815,富喬,40,25,15,華南永昌-頭份,2024-02-20,9343
3234,光環,30,16,14,華南永昌-頭份,2024-02-20,9343
6233,旺玖,16,2,14,華南永昌-頭份,2024-02-20,9343
00687B,國泰20年美債,13,0,13,華南永昌-頭份,2024-02-20,9343
2489,瑞軒,34,21,13,華南永昌-頭份,2024-02-20,9343
2312,金寶,12,0,12,華南永昌-頭份,2024-02-20,9343
2609,陽明,23,11,12,華南永昌-頭份,2024-02-20,9343
5284,jpp-KY,13,1,12,華南永昌-頭份,2024-02-20,9343
6585,鼎基,15,3,12,華南永昌-頭份,2024-02-20,9343
00680L,元大美債20正2,11,0,11,華南永昌-頭份,2024-02-20,9343
2362,藍天,11,0,11,華南永昌-頭份,2024-02-20,9343
6112,邁達特,13,2,11,華南永昌-頭份,2024-02-20,9343
6203,海韻電,11,0,11,華南永昌-頭份,2024-02-20,9343
6223,旺矽,11,0,11,華南永昌-頭份,2024-02-20,9343
2886,兆豐金,15,4,11,華南永昌-頭份,2024-02-20,9343
2369,菱生,23,13,10,華南永昌-頭份,2024-02-20,9343
2486,一詮,10,0,10,華南永昌-頭份,2024-02-20,9343
00632R,元大台灣50反1,10,0,10,華南永昌-頭份,2024-02-20,9343
00712,復華富時不動產,10,0,10,華南永昌-頭份,2024-02-20,9343
2888,新光金,14,4,10,華南永昌-頭份,2024-02-20,9343
3489,森寶,10,0,10,華南永昌-頭份,2024-02-20,9343
6672,騰輝電子-KY,10,0,10,華南永昌-頭份,2024-02-20,9343
2431,聯昌,11,1,10,華南永昌-頭份,2024-02-20,9343
1101,台泥,11,1,10,華南永昌-頭份,2024-02-20,9343
2353,宏��,11,2,9,華南永昌-頭份,2024-02-20,9343
2337,旺宏,9,0,9,華南永昌-頭份,2024-02-20,9343
2880,華南金,9,0,9,華南永昌-頭份,2024-02-20,9343
00712,復華富時不動產,236,0,236,華南永昌-頭份,2024-02-21,9343
00878,國泰永續高股息,80,0,80,華南永昌-頭份,2024-02-21,9343
6153,嘉聯益,46,0,46,華南永昌-頭份,2024-02-21,9343
00937B,群益ESG投等債20,64,24,40,華南永昌-頭份,2024-02-21,9343
00706L,期元大S＆P日圓正2,40,0,40,華南永昌-頭份,2024-02-21,9343
9105,泰金寶-DR,40,0,40,華南永昌-頭份,2024-02-21,9343
00877,復華中國5G,45,10,35,華南永昌-頭份,2024-02-21,9343
2101,南港,30,0,30,華南永昌-頭份,2024-02-21,9343
3704,合勤控,30,0,30,華南永昌-頭份,2024-02-21,9343
3231,緯創,43,15,28,華南永昌-頭份,2024-02-21,9343
3481,群創,32,4,28,華南永昌-頭份,2024-02-21,9343
6672,騰輝電子-KY,25,0,25,華南永昌-頭份,2024-02-21,9343
3535,晶彩科,27,3,24,華南永昌-頭份,2024-02-21,9343
00679B,元大美債20年,23,0,23,華南永昌-頭份,2024-02-21,9343
2353,宏��,26,4,22,華南永昌-頭份,2024-02-21,9343
00933B,國泰10Y+金融債,21,0,21,華南永昌-頭份,2024-02-21,9343
2886,兆豐金,21,0,21,華南永昌-頭份,2024-02-21,9343
6535,順藥,21,0,21,華南永昌-頭份,2024-02-21,9343
2301,光寶科,26,7,19,華南永昌-頭份,2024-02-21,9343
2303,聯電,17,0,17,華南永昌-頭份,2024-02-21,9343
2208,台船,15,0,15,華南永昌-頭份,2024-02-21,9343
3712,永崴投控,20,5,15,華南永昌-頭份,2024-02-21,9343
8069,元太,16,1,15,華南永昌-頭份,2024-02-21,9343
6112,邁達特,13,0,13,華南永昌-頭份,2024-02-21,9343
3450,聯鈞,38,25,13,華南永昌-頭份,2024-02-21,9343
1503,士電,24,12,12,華南永昌-頭份,2024-02-21,9343
2332,友訊,15,3,12,華南永昌-頭份,2024-02-21,9343
4123,晟德,12,0,12,華南永昌-頭份,2024-02-21,9343
2609,陽明,38,26,12,華南永昌-頭份,2024-02-21,9343
5355,佳總,12,1,11,華南永昌-頭份,2024-02-21,9343
6443,元晶,12,1,11,華南永昌-頭份,2024-02-21,9343
00639,富邦深100,10,0,10,華南永昌-頭份,2024-02-21,9343
2486,一詮,10,0,10,華南永昌-頭份,2024-02-21,9343
2884,玉山金,10,0,10,華南永昌-頭份,2024-02-21,9343
4702,中美實,10,0,10,華南永昌-頭份,2024-02-21,9343
4906,正文,10,0,10,華南永昌-頭份,2024-02-21,9343
6509,聚和,10,0,10,華南永昌-頭份,2024-02-21,9343
6189,豐藝,12,2,10,華南永昌-頭份,2024-02-21,9343
2201,裕隆,13,4,9,華南永昌-頭份,2024-02-21,9343
2409,友達,9,0,9,華南永昌-頭份,2024-02-21,9343
3380,明泰,10,1,9,華南永昌-頭份,2024-02-21,9343
3483,力致,40,31,9,華南永昌-頭份,2024-02-21,9343
4909,新復興,11,2,9,華南永昌-頭份,2024-02-21,9343
2382,廣達,11,2,9,華南永昌-頭份,2024-02-21,9343
6164,華興,10,2,8,華南永昌-頭份,2024-02-21,9343
00665L,富邦�琤肭磪囓�2,10,2,8,華南永昌-頭份,2024-02-21,9343
2328,廣宇,8,0,8,華南永昌-頭份,2024-02-21,9343
3362,先進光,11,3,8,華南永昌-頭份,2024-02-21,9343
3363,上詮,14,6,8,華南永昌-頭份,2024-02-21,9343
2330,台積電,7,0,7,華南永昌-頭份,2024-02-21,9343
00671R,富邦NASDAQ反1,470,0,470,華南永昌-頭份,2024-02-22,9343
9105,泰金寶-DR,466,305,161,華南永昌-頭份,2024-02-22,9343
00933B,國泰10Y+金融債,198,50,148,華南永昌-頭份,2024-02-22,9343
00712,復華富時不動產,132,0,132,華南永昌-頭份,2024-02-22,9343
3481,群創,67,3,64,華南永昌-頭份,2024-02-22,9343
00679B,元大美債20年,53,0,53,華南永昌-頭份,2024-02-22,9343
2014,中鴻,50,1,49,華南永昌-頭份,2024-02-22,9343
3645,達邁,60,11,49,華南永昌-頭份,2024-02-22,9343
2329,華泰,102,74,28,華南永昌-頭份,2024-02-22,9343
1609,大亞,26,1,25,華南永昌-頭份,2024-02-22,9343
6290,良維,28,3,25,華南永昌-頭份,2024-02-22,9343
2486,一詮,23,0,23,華南永昌-頭份,2024-02-22,9343
00877,復華中國5G,20,0,20,華南永昌-頭份,2024-02-22,9343
2356,英業達,32,13,19,華南永昌-頭份,2024-02-22,9343
2367,燿華,48,30,18,華南永昌-頭份,2024-02-22,9343
00650L,復華香港正2,17,0,17,華南永昌-頭份,2024-02-22,9343
8110,華東,19,3,16,華南永昌-頭份,2024-02-22,9343
00665L,富邦�琤肭磪囓�2,23,8,15,華南永昌-頭份,2024-02-22,9343
1514,亞力,27,12,15,華南永昌-頭份,2024-02-22,9343
5403,中菲,14,0,14,華南永昌-頭份,2024-02-22,9343
8069,元太,16,2,14,華南永昌-頭份,2024-02-22,9343
00687B,國泰20年美債,23,10,13,華南永昌-頭份,2024-02-22,9343
6126,信音,39,26,13,華南永昌-頭份,2024-02-22,9343
00919,群益台灣精選高息,46,33,13,華南永昌-頭份,2024-02-22,9343
3163,波若威,14,2,12,華南永昌-頭份,2024-02-22,9343
4157,太景*-KY,12,0,12,華南永昌-頭份,2024-02-22,9343
8936,國統,20,9,11,華南永昌-頭份,2024-02-22,9343
00878,國泰永續高股息,50,40,10,華南永昌-頭份,2024-02-22,9343
2358,廷鑫,10,0,10,華南永昌-頭份,2024-02-22,9343
2850,新產,10,0,10,華南永昌-頭份,2024-02-22,9343
3308,聯德,10,0,10,華南永昌-頭份,2024-02-22,9343
3312,弘憶股,13,3,10,華南永昌-頭份,2024-02-22,9343
3520,華盈,10,0,10,華南永昌-頭份,2024-02-22,9343
3535,晶彩科,12,2,10,華南永昌-頭份,2024-02-22,9343
00937B,群益ESG投等債20,43,34,9,華南永昌-頭份,2024-02-22,9343
00637L,元大滬深300正2,11,2,9,華南永昌-頭份,2024-02-22,9343
3221,台嘉碩,23,14,9,華南永昌-頭份,2024-02-22,9343
8046,南電,9,0,9,華南永昌-頭份,2024-02-22,9343
2376,技嘉,11,3,8,華南永昌-頭份,2024-02-22,9343
00670L,富邦NASDAQ正2,8,0,8,華南永昌-頭份,2024-02-22,9343
1513,中興電,13,5,8,華南永昌-頭份,2024-02-22,9343
2421,建準,29,21,8,華南永昌-頭份,2024-02-22,9343
2883,凱基金,8,0,8,華南永昌-頭份,2024-02-22,9343
3363,上詮,8,0,8,華南永昌-頭份,2024-02-22,9343
5244,弘凱,8,0,8,華南永昌-頭份,2024-02-22,9343
6142,友勁,10,2,8,華南永昌-頭份,2024-02-22,9343
3037,欣興,8,1,7,華南永昌-頭份,2024-02-22,9343
00931B,統一美債20年,7,0,7,華南永昌-頭份,2024-02-22,9343
3265,台星科,17,10,7,華南永昌-頭份,2024-02-22,9343
7402,邑錡,7,0,7,華南永昌-頭份,2024-02-22,9343
00637L,元大滬深300正2,195,12,183,華南永昌-頭份,2024-02-23,9343
6189,豐藝,58,7,51,華南永昌-頭份,2024-02-23,9343
6235,華孚,51,0,51,華南永昌-頭份,2024-02-23,9343
00757,統一FANG+,43,0,43,華南永昌-頭份,2024-02-23,9343
00933B,國泰10Y+金融債,43,0,43,華南永昌-頭份,2024-02-23,9343
1605,華新,40,0,40,華南永昌-頭份,2024-02-23,9343
00893,國泰智能電動車,39,0,39,華南永昌-頭份,2024-02-23,9343
00762,元大全球AI,39,0,39,華南永昌-頭份,2024-02-23,9343
00851,台新全球AI,39,0,39,華南永昌-頭份,2024-02-23,9343
00919,群益台灣精選高息,80,42,38,華南永昌-頭份,2024-02-23,9343
1536,和大,35,4,31,華南永昌-頭份,2024-02-23,9343
00795B,中信美國公債20年,25,0,25,華南永昌-頭份,2024-02-23,9343
2884,玉山金,25,0,25,華南永昌-頭份,2024-02-23,9343
8064,東捷,39,14,25,華南永昌-頭份,2024-02-23,9343
00934,中信成長高股息,25,1,24,華南永昌-頭份,2024-02-23,9343
5403,中菲,23,0,23,華南永昌-頭份,2024-02-23,9343
2329,華泰,70,48,22,華南永昌-頭份,2024-02-23,9343
2609,陽明,29,8,21,華南永昌-頭份,2024-02-23,9343
3380,明泰,26,5,21,華南永昌-頭份,2024-02-23,9343
2371,大同,20,2,18,華南永昌-頭份,2024-02-23,9343
00679B,元大美債20年,16,0,16,華南永昌-頭份,2024-02-23,9343
3231,緯創,24,9,15,華南永昌-頭份,2024-02-23,9343
6168,宏齊,48,34,14,華南永昌-頭份,2024-02-23,9343
6257,矽格,32,18,14,華南永昌-頭份,2024-02-23,9343
2303,聯電,14,0,14,華南永昌-頭份,2024-02-23,9343
00687B,國泰20年美債,13,0,13,華南永昌-頭份,2024-02-23,9343
4417,金洲,13,0,13,華南永昌-頭份,2024-02-23,9343
6442,光聖,15,2,13,華南永昌-頭份,2024-02-23,9343
3163,波若威,16,4,12,華南永昌-頭份,2024-02-23,9343
2408,南亞科,11,0,11,華南永昌-頭份,2024-02-23,9343
2867,三商壽,11,0,11,華南永昌-頭份,2024-02-23,9343
3017,奇鋐,11,0,11,華南永昌-頭份,2024-02-23,9343
6196,帆宣,15,4,11,華南永昌-頭份,2024-02-23,9343
6770,力積電,12,1,11,華南永昌-頭份,2024-02-23,9343
00937B,群益ESG投等債20,10,0,10,華南永昌-頭份,2024-02-23,9343
00877,復華中國5G,10,0,10,華南永昌-頭份,2024-02-23,9343
00751B,元大AAA至A公司債,10,0,10,華南永昌-頭份,2024-02-23,9343
2106,建大,10,0,10,華南永昌-頭份,2024-02-23,9343
2547,日勝生,10,0,10,華南永昌-頭份,2024-02-23,9343
3234,光環,17,7,10,華南永昌-頭份,2024-02-23,9343
3483,力致,10,0,10,華南永昌-頭份,2024-02-23,9343
6161,捷波,10,0,10,華南永昌-頭份,2024-02-23,9343
2360,致茂,10,0,10,華南永昌-頭份,2024-02-23,9343
00720B,元大投資級公司債,11,2,9,華南永昌-頭份,2024-02-23,9343
2402,毅嘉,10,1,9,華南永昌-頭份,2024-02-23,9343
2489,瑞軒,13,4,9,華南永昌-頭份,2024-02-23,9343
2891,中信金,9,0,9,華南永昌-頭份,2024-02-23,9343
4933,友輝,9,0,9,華南永昌-頭份,2024-02-23,9343
3047,訊舟,13,5,8,華南永昌-頭份,2024-02-23,9343
3706,神達,14,6,8,華南永昌-頭份,2024-02-23,9343
5381,合正,187,34,153,華南永昌-頭份,2024-02-26,9343
00919,群益台灣精選高息,81,0,81,華南永昌-頭份,2024-02-26,9343
00878,國泰永續高股息,145,65,80,華南永昌-頭份,2024-02-26,9343
00929,復華台灣科技優息,87,15,72,華南永昌-頭份,2024-02-26,9343
5355,佳總,63,0,63,華南永昌-頭份,2024-02-26,9343
00637L,元大滬深300正2,45,4,41,華南永昌-頭份,2024-02-26,9343
2520,冠德,35,0,35,華南永昌-頭份,2024-02-26,9343
3481,群創,34,0,34,華南永昌-頭份,2024-02-26,9343
2460,建通,30,0,30,華南永昌-頭份,2024-02-26,9343
00937B,群益ESG投等債20,37,9,28,華南永昌-頭份,2024-02-26,9343
1504,東元,46,18,28,華南永昌-頭份,2024-02-26,9343
00933B,國泰10Y+金融債,39,11,28,華南永昌-頭份,2024-02-26,9343
00690,兆豐藍籌30,25,0,25,華南永昌-頭份,2024-02-26,9343
2353,宏��,40,15,25,華南永昌-頭份,2024-02-26,9343
2884,玉山金,31,8,23,華南永昌-頭份,2024-02-26,9343
2891,中信金,25,3,22,華南永昌-頭份,2024-02-26,9343
1536,和大,26,5,21,華南永昌-頭份,2024-02-26,9343
2834,臺企銀,21,0,21,華南永昌-頭份,2024-02-26,9343
1785,光洋科,23,3,20,華南永昌-頭份,2024-02-26,9343
00888,永豐台灣ESG,20,0,20,華南永昌-頭份,2024-02-26,9343
3025,星通,24,6,18,華南永昌-頭份,2024-02-26,9343
6530,創威,28,10,18,華南永昌-頭份,2024-02-26,9343
2356,英業達,27,10,17,華南永昌-頭份,2024-02-26,9343
0056,元大高股息,18,1,17,華南永昌-頭份,2024-02-26,9343
3231,緯創,18,1,17,華南永昌-頭份,2024-02-26,9343
00665L,富邦�琤肭磪囓�2,16,0,16,華南永昌-頭份,2024-02-26,9343
1618,合機,42,27,15,華南永昌-頭份,2024-02-26,9343
3521,鴻翊,14,0,14,華南永昌-頭份,2024-02-26,9343
6578,達邦蛋白,14,0,14,華南永昌-頭份,2024-02-26,9343
6290,良維,56,43,13,華南永昌-頭份,2024-02-26,9343
6196,帆宣,15,2,13,華南永昌-頭份,2024-02-26,9343
2812,台中銀,13,0,13,華南永昌-頭份,2024-02-26,9343
2337,旺宏,11,0,11,華南永昌-頭份,2024-02-26,9343
00679B,元大美債20年,11,0,11,華南永昌-頭份,2024-02-26,9343
1815,富喬,11,0,11,華南永昌-頭份,2024-02-26,9343
4908,前鼎,19,8,11,華南永昌-頭份,2024-02-26,9343
00633L,富邦上証正2,10,0,10,華南永昌-頭份,2024-02-26,9343
1612,宏泰,44,34,10,華南永昌-頭份,2024-02-26,9343
1802,台玻,10,0,10,華南永昌-頭份,2024-02-26,9343
2101,南港,10,0,10,華南永昌-頭份,2024-02-26,9343
2421,建準,12,2,10,華南永昌-頭份,2024-02-26,9343
2618,長榮航,11,1,10,華南永昌-頭份,2024-02-26,9343
00712,復華富時不動產,9,0,9,華南永昌-頭份,2024-02-26,9343
2303,聯電,9,0,9,華南永昌-頭份,2024-02-26,9343
3583,辛耘,14,5,9,華南永昌-頭份,2024-02-26,9343
4552,力達-KY,9,0,9,華南永昌-頭份,2024-02-26,9343
6237,驊訊,13,4,9,華南永昌-頭份,2024-02-26,9343
6770,力積電,11,2,9,華南永昌-頭份,2024-02-26,9343
4526,東台,11,3,8,華南永昌-頭份,2024-02-26,9343
2880,華南金,17,10,7,華南永昌-頭份,2024-02-26,9343
2834,臺企銀,695,2,693,華南永昌-頭份,2024-02-27,9343
2888,新光金,177,0,177,華南永昌-頭份,2024-02-27,9343
00929,復華台灣科技優息,154,14,140,華南永昌-頭份,2024-02-27,9343
5355,佳總,136,1,135,華南永昌-頭份,2024-02-27,9343
00937B,群益ESG投等債20,104,0,104,華南永昌-頭份,2024-02-27,9343
1444,力麗,80,0,80,華南永昌-頭份,2024-02-27,9343
00687B,國泰20年美債,78,0,78,華南永昌-頭份,2024-02-27,9343
00712,復華富時不動產,76,0,76,華南永昌-頭份,2024-02-27,9343
2618,長榮航,62,0,62,華南永昌-頭份,2024-02-27,9343
8096,擎亞,54,5,49,華南永昌-頭份,2024-02-27,9343
6168,宏齊,44,2,42,華南永昌-頭份,2024-02-27,9343
1312,國喬,40,0,40,華南永昌-頭份,2024-02-27,9343
1316,上曜,40,1,39,華南永昌-頭份,2024-02-27,9343
3481,群創,42,12,30,華南永昌-頭份,2024-02-27,9343
2606,裕民,30,0,30,華南永昌-頭份,2024-02-27,9343
2387,精元,23,1,22,華南永昌-頭份,2024-02-27,9343
2201,裕隆,21,0,21,華南永昌-頭份,2024-02-27,9343
3231,緯創,32,12,20,華南永昌-頭份,2024-02-27,9343
3013,晟銘電,22,2,20,華南永昌-頭份,2024-02-27,9343
8085,福華,57,37,20,華南永昌-頭份,2024-02-27,9343
8936,國統,40,20,20,華南永昌-頭份,2024-02-27,9343
6284,佳邦,17,0,17,華南永昌-頭份,2024-02-27,9343
2002,中鋼,16,0,16,華南永昌-頭份,2024-02-27,9343
00652,富邦印度,15,0,15,華南永昌-頭份,2024-02-27,9343
2353,宏��,16,1,15,華南永昌-頭份,2024-02-27,9343
5488,松普,31,16,15,華南永昌-頭份,2024-02-27,9343
6218,豪勉,20,5,15,華南永昌-頭份,2024-02-27,9343
6235,華孚,15,0,15,華南永昌-頭份,2024-02-27,9343
00772B,中信高評級公司債,14,0,14,華南永昌-頭份,2024-02-27,9343
2301,光寶科,20,6,14,華南永昌-頭份,2024-02-27,9343
6125,廣運,23,9,14,華南永昌-頭份,2024-02-27,9343
3032,偉訓,33,20,13,華南永昌-頭份,2024-02-27,9343
00773B,中信優先金融債,13,0,13,華南永昌-頭份,2024-02-27,9343
3687,歐買尬,13,0,13,華南永昌-頭份,2024-02-27,9343
1303,南亞,12,0,12,華南永昌-頭份,2024-02-27,9343
3390,旭軟,28,16,12,華南永昌-頭份,2024-02-27,9343
4167,松瑞藥,12,0,12,華南永昌-頭份,2024-02-27,9343
6770,力積電,12,0,12,華南永昌-頭份,2024-02-27,9343
1536,和大,11,0,11,華南永昌-頭份,2024-02-27,9343
3708,上緯投控,11,0,11,華南永昌-頭份,2024-02-27,9343
4526,東台,13,2,11,華南永昌-頭份,2024-02-27,9343
2486,一詮,10,0,10,華南永昌-頭份,2024-02-27,9343
00891,中信關鍵半導體,10,0,10,華南永昌-頭份,2024-02-27,9343
2331,精英,10,0,10,華南永昌-頭份,2024-02-27,9343
00720B,元大投資級公司債,10,0,10,華南永昌-頭份,2024-02-27,9343
00680L,元大美債20正2,10,0,10,華南永昌-頭份,2024-02-27,9343
00665L,富邦�琤肭磪囓�2,10,0,10,華南永昌-頭份,2024-02-27,9343
2520,冠德,10,0,10,華南永昌-頭份,2024-02-27,9343
2851,中再保,10,0,10,華南永昌-頭份,2024-02-27,9343
4915,致伸,10,0,10,華南永昌-頭份,2024-02-27,9343
1815,富喬,398,25,373,華南永昌-頭份,2024-02-29,9343
2834,臺企銀,151,10,141,華南永昌-頭份,2024-02-29,9343
3231,緯創,110,2,108,華南永昌-頭份,2024-02-29,9343
00937B,群益ESG投等債20,98,0,98,華南永昌-頭份,2024-02-29,9343
3481,群創,74,0,74,華南永昌-頭份,2024-02-29,9343
2892,第一金,60,0,60,華南永昌-頭份,2024-02-29,9343
00929,復華台灣科技優息,53,4,49,華南永昌-頭份,2024-02-29,9343
2356,英業達,52,3,49,華南永昌-頭份,2024-02-29,9343
9105,泰金寶-DR,45,0,45,華南永昌-頭份,2024-02-29,9343
00919,群益台灣精選高息,43,1,42,華南永昌-頭份,2024-02-29,9343
2208,台船,54,13,41,華南永昌-頭份,2024-02-29,9343
9103,美德醫療-DR,90,50,40,華南永昌-頭份,2024-02-29,9343
00680L,元大美債20正2,38,0,38,華南永昌-頭份,2024-02-29,9343
1316,上曜,76,42,34,華南永昌-頭份,2024-02-29,9343
8096,擎亞,35,2,33,華南永昌-頭份,2024-02-29,9343
2002,中鋼,30,0,30,華南永昌-頭份,2024-02-29,9343
00687B,國泰20年美債,25,0,25,華南永昌-頭份,2024-02-29,9343
6214,精誠,25,0,25,華南永昌-頭份,2024-02-29,9343
2329,華泰,28,5,23,華南永昌-頭份,2024-02-29,9343
00753L,中信中國50正2,20,0,20,華南永昌-頭份,2024-02-29,9343
9934,成霖,20,0,20,華南永昌-頭份,2024-02-29,9343
6282,康舒,26,7,19,華南永昌-頭份,2024-02-29,9343
6113,亞矽,23,4,19,華南永昌-頭份,2024-02-29,9343
00679B,元大美債20年,18,0,18,華南永昌-頭份,2024-02-29,9343
1503,士電,20,4,16,華南永昌-頭份,2024-02-29,9343
3390,旭軟,19,4,15,華南永昌-頭份,2024-02-29,9343
5381,合正,15,0,15,華南永昌-頭份,2024-02-29,9343
3338,泰碩,24,10,14,華南永昌-頭份,2024-02-29,9343
2421,建準,26,13,13,華南永昌-頭份,2024-02-29,9343
00751B,元大AAA至A公司債,12,0,12,華南永昌-頭份,2024-02-29,9343
1776,展宇,12,0,12,華南永昌-頭份,2024-02-29,9343
2495,普安,12,0,12,華南永昌-頭份,2024-02-29,9343
3313,斐成,12,0,12,華南永昌-頭份,2024-02-29,9343
4128,中天,12,0,12,華南永昌-頭份,2024-02-29,9343
4543,萬在,14,2,12,華南永昌-頭份,2024-02-29,9343
7402,邑錡,12,0,12,華南永昌-頭份,2024-02-29,9343
2371,大同,15,3,12,華南永昌-頭份,2024-02-29,9343
2357,華碩,10,0,10,華南永昌-頭份,2024-02-29,9343
1455,集盛,10,0,10,華南永昌-頭份,2024-02-29,9343
1802,台玻,10,0,10,華南永昌-頭份,2024-02-29,9343
2402,毅嘉,10,0,10,華南永昌-頭份,2024-02-29,9343
2812,台中銀,10,0,10,華南永昌-頭份,2024-02-29,9343
2889,國票金,10,0,10,華南永昌-頭份,2024-02-29,9343
3312,弘憶股,13,3,10,華南永昌-頭份,2024-02-29,9343
3520,華盈,10,0,10,華南永昌-頭份,2024-02-29,9343
5443,均豪,11,1,10,華南永昌-頭份,2024-02-29,9343
6161,捷波,20,10,10,華南永昌-頭份,2024-02-29,9343
6235,華孚,10,0,10,華南永昌-頭份,2024-02-29,9343
3234,光環,10,1,9,華南永昌-頭份,2024-02-29,9343
1785,光洋科,10,1,9,華南永昌-頭份,2024-02-29,9343
00671R,富邦NASDAQ反1,470,0,470,華南永昌-頭份,2024-03-01,9343
00919,群益台灣精選高息,421,2,419,華南永昌-頭份,2024-03-01,9343
2834,臺企銀,350,6,344,華南永昌-頭份,2024-03-01,9343
00913,兆豐台灣晶圓製造,200,0,200,華南永昌-頭份,2024-03-01,9343
4128,中天,152,9,143,華南永昌-頭份,2024-03-01,9343
00918,大華優利高填息30,124,0,124,華南永昌-頭份,2024-03-01,9343
4960,誠美材,105,4,101,華南永昌-頭份,2024-03-01,9343
00937B,群益ESG投等債20,75,0,75,華南永昌-頭份,2024-03-01,9343
2520,冠德,71,0,71,華南永昌-頭份,2024-03-01,9343
9934,成霖,60,0,60,華南永昌-頭份,2024-03-01,9343
3322,建舜電,66,18,48,華南永昌-頭份,2024-03-01,9343
1312,國喬,40,0,40,華南永昌-頭份,2024-03-01,9343
1815,富喬,47,14,33,華南永昌-頭份,2024-03-01,9343
2457,飛宏,30,0,30,華南永昌-頭份,2024-03-01,9343
3706,神達,29,5,24,華南永昌-頭份,2024-03-01,9343
2610,華航,21,0,21,華南永昌-頭份,2024-03-01,9343
3029,零壹,21,0,21,華南永昌-頭份,2024-03-01,9343
6126,信音,24,3,21,華南永昌-頭份,2024-03-01,9343
1305,華夏,20,0,20,華南永昌-頭份,2024-03-01,9343
6112,邁達特,20,0,20,華南永昌-頭份,2024-03-01,9343
8085,福華,35,15,20,華南永昌-頭份,2024-03-01,9343
1514,亞力,60,41,19,華南永昌-頭份,2024-03-01,9343
5880,合庫金,18,0,18,華南永昌-頭份,2024-03-01,9343
3605,宏致,19,3,16,華南永昌-頭份,2024-03-01,9343
4534,慶騰,15,0,15,華南永昌-頭份,2024-03-01,9343
1303,南亞,15,0,15,華南永昌-頭份,2024-03-01,9343
1584,精剛,20,5,15,華南永昌-頭份,2024-03-01,9343
3372,典範,17,2,15,華南永昌-頭份,2024-03-01,9343
00933B,國泰10Y+金融債,14,0,14,華南永昌-頭份,2024-03-01,9343
2329,華泰,28,14,14,華南永昌-頭份,2024-03-01,9343
2352,佳世達,20,6,14,華南永昌-頭份,2024-03-01,9343
3338,泰碩,21,7,14,華南永昌-頭份,2024-03-01,9343
3163,波若威,13,0,13,華南永昌-頭份,2024-03-01,9343
2399,映泰,13,1,12,華南永昌-頭份,2024-03-01,9343
6579,研揚,11,0,11,華南永昌-頭份,2024-03-01,9343
3380,明泰,11,0,11,華南永昌-頭份,2024-03-01,9343
5521,工信,12,2,10,華南永昌-頭份,2024-03-01,9343
00935,野村臺灣新科技50,10,0,10,華南永昌-頭份,2024-03-01,9343
00934,中信成長高股息,10,0,10,華南永昌-頭份,2024-03-01,9343
00665L,富邦�琤肭磪囓�2,10,0,10,華南永昌-頭份,2024-03-01,9343
1718,中纖,10,0,10,華南永昌-頭份,2024-03-01,9343
1802,台玻,10,0,10,華南永昌-頭份,2024-03-01,9343
2353,宏��,11,1,10,華南永昌-頭份,2024-03-01,9343
6127,九豪,21,11,10,華南永昌-頭份,2024-03-01,9343
6173,信昌電,10,0,10,華南永昌-頭份,2024-03-01,9343
8271,宇瞻,21,11,10,華南永昌-頭份,2024-03-01,9343
3231,緯創,41,32,9,華南永昌-頭份,2024-03-01,9343
3522,御嵿,9,0,9,華南永昌-頭份,2024-03-01,9343
8040,九暘,17,8,9,華南永昌-頭份,2024-03-01,9343
2504,國產,8,0,8,華南永昌-頭份,2024-03-01,9343
9105,泰金寶-DR,700,0,700,華南永昌-頭份,2024-03-04,9343
00937B,群益ESG投等債20,247,5,242,華南永昌-頭份,2024-03-04,9343
4128,中天,150,0,150,華南永昌-頭份,2024-03-04,9343
2520,冠德,130,0,130,華南永昌-頭份,2024-03-04,9343
1513,中興電,119,8,111,華南永昌-頭份,2024-03-04,9343
9934,成霖,70,0,70,華南永昌-頭份,2024-03-04,9343
00915,凱基優選高股息30,63,3,60,華南永昌-頭份,2024-03-04,9343
4157,太景*-KY,76,17,59,華南永昌-頭份,2024-03-04,9343
3264,欣銓,75,20,55,華南永昌-頭份,2024-03-04,9343
00918,大華優利高填息30,55,0,55,華南永昌-頭份,2024-03-04,9343
2888,新光金,53,0,53,華南永昌-頭份,2024-03-04,9343
8936,國統,79,28,51,華南永昌-頭份,2024-03-04,9343
00919,群益台灣精選高息,78,36,42,華南永昌-頭份,2024-03-04,9343
2887,台新金,35,0,35,華南永昌-頭份,2024-03-04,9343
2002,中鋼,37,2,35,華南永昌-頭份,2024-03-04,9343
2352,佳世達,36,2,34,華南永昌-頭份,2024-03-04,9343
2206,三陽工業,22,0,22,華南永昌-頭份,2024-03-04,9343
3694,海華,50,29,21,華南永昌-頭份,2024-03-04,9343
2101,南港,20,0,20,華南永昌-頭份,2024-03-04,9343
2464,盟立,21,1,20,華南永昌-頭份,2024-03-04,9343
5351,鈺創,20,1,19,華南永昌-頭份,2024-03-04,9343
00753L,中信中國50正2,16,0,16,華南永昌-頭份,2024-03-04,9343
2208,台船,16,0,16,華南永昌-頭份,2024-03-04,9343
00680L,元大美債20正2,15,0,15,華南永昌-頭份,2024-03-04,9343
3265,台星科,16,2,14,華南永昌-頭份,2024-03-04,9343
8105,凌巨,14,0,14,華南永昌-頭份,2024-03-04,9343
2812,台中銀,13,0,13,華南永昌-頭份,2024-03-04,9343
3376,新日興,16,3,13,華南永昌-頭份,2024-03-04,9343
3268,海德威,12,0,12,華南永昌-頭份,2024-03-04,9343
3515,華擎,11,0,11,華南永昌-頭份,2024-03-04,9343
3708,上緯投控,11,0,11,華南永昌-頭份,2024-03-04,9343
6237,驊訊,21,10,11,華南永昌-頭份,2024-03-04,9343
8271,宇瞻,11,0,11,華南永昌-頭份,2024-03-04,9343
2486,一詮,11,1,10,華南永昌-頭份,2024-03-04,9343
6235,華孚,10,0,10,華南永昌-頭份,2024-03-04,9343
2323,中環,10,0,10,華南永昌-頭份,2024-03-04,9343
00934,中信成長高股息,10,0,10,華南永昌-頭份,2024-03-04,9343
00688L,國泰20年美債正2,10,0,10,華南永昌-頭份,2024-03-04,9343
3483,力致,10,0,10,華南永昌-頭份,2024-03-04,9343
5381,合正,10,0,10,華南永昌-頭份,2024-03-04,9343
5490,同亨,10,0,10,華南永昌-頭份,2024-03-04,9343
6167,久正,10,0,10,華南永昌-頭份,2024-03-04,9343
6168,宏齊,10,0,10,華南永昌-頭份,2024-03-04,9343
3707,漢磊,10,0,10,華南永昌-頭份,2024-03-04,9343
3701,大眾控,10,0,10,華南永昌-頭份,2024-03-04,9343
3032,偉訓,21,11,10,華南永昌-頭份,2024-03-04,9343
6829,千附精密,10,1,9,華南永昌-頭份,2024-03-04,9343
6126,信音,17,8,9,華南永昌-頭份,2024-03-04,9343
8048,德勝,9,0,9,華南永昌-頭份,2024-03-04,9343
8996,高力,17,8,9,華南永昌-頭份,2024-03-04,9343
00919,群益台灣精選高息,187,37,150,華南永昌-頭份,2024-03-05,9343
6770,力積電,155,8,147,華南永昌-頭份,2024-03-05,9343
2367,燿華,133,7,126,華南永昌-頭份,2024-03-05,9343
00937B,群益ESG投等債20,112,3,109,華南永昌-頭份,2024-03-05,9343
00915,凱基優選高股息30,101,1,100,華南永昌-頭份,2024-03-05,9343
2606,裕民,71,0,71,華南永昌-頭份,2024-03-05,9343
9103,美德醫療-DR,52,2,50,華南永昌-頭份,2024-03-05,9343
00882,中信中國高股息,39,0,39,華南永昌-頭份,2024-03-05,9343
3481,群創,48,16,32,華南永昌-頭份,2024-03-05,9343
00753L,中信中國50正2,27,0,27,華南永昌-頭份,2024-03-05,9343
2880,華南金,26,0,26,華南永昌-頭份,2024-03-05,9343
00891,中信關鍵半導體,26,1,25,華南永昌-頭份,2024-03-05,9343
5426,振發,28,4,24,華南永昌-頭份,2024-03-05,9343
00665L,富邦�琤肭磪囓�2,24,0,24,華南永昌-頭份,2024-03-05,9343
1905,華紙,25,3,22,華南永昌-頭份,2024-03-05,9343
3308,聯德,21,0,21,華南永昌-頭份,2024-03-05,9343
5386,青雲,21,0,21,華南永昌-頭份,2024-03-05,9343
6243,迅杰,21,0,21,華南永昌-頭份,2024-03-05,9343
00918,大華優利高填息30,21,1,20,華南永昌-頭份,2024-03-05,9343
2399,映泰,20,0,20,華南永昌-頭份,2024-03-05,9343
2520,冠德,20,0,20,華南永昌-頭份,2024-03-05,9343
5521,工信,20,0,20,華南永昌-頭份,2024-03-05,9343
2201,裕隆,19,0,19,華南永昌-頭份,2024-03-05,9343
3372,典範,36,18,18,華南永昌-頭份,2024-03-05,9343
00929,復華台灣科技優息,37,20,17,華南永昌-頭份,2024-03-05,9343
1513,中興電,27,11,16,華南永昌-頭份,2024-03-05,9343
2605,新興,18,2,16,華南永昌-頭份,2024-03-05,9343
6290,良維,50,34,16,華南永昌-頭份,2024-03-05,9343
6141,柏承,15,0,15,華南永昌-頭份,2024-03-05,9343
9943,好樂迪,15,0,15,華南永昌-頭份,2024-03-05,9343
4933,友輝,14,0,14,華南永昌-頭份,2024-03-05,9343
6207,雷科,14,0,14,華南永昌-頭份,2024-03-05,9343
6829,千附精密,13,0,13,華南永昌-頭份,2024-03-05,9343
3289,宜特,12,0,12,華南永昌-頭份,2024-03-05,9343
6284,佳邦,13,1,12,華南永昌-頭份,2024-03-05,9343
3313,斐成,12,0,12,華南永昌-頭份,2024-03-05,9343
5309,系統電,11,0,11,華南永昌-頭份,2024-03-05,9343
3701,大眾控,10,0,10,華南永昌-頭份,2024-03-05,9343
3234,光環,10,0,10,華南永昌-頭份,2024-03-05,9343
1312,國喬,10,0,10,華南永昌-頭份,2024-03-05,9343
1304,台聚,10,0,10,華南永昌-頭份,2024-03-05,9343
1718,中纖,10,0,10,華南永昌-頭份,2024-03-05,9343
3704,合勤控,10,0,10,華南永昌-頭份,2024-03-05,9343
6168,宏齊,10,0,10,華南永昌-頭份,2024-03-05,9343
2317,鴻海,13,3,10,華南永昌-頭份,2024-03-05,9343
2025,千興,9,0,9,華南永昌-頭份,2024-03-05,9343
2845,遠東銀,20,11,9,華南永昌-頭份,2024-03-05,9343
3374,精材,10,1,9,華南永昌-頭份,2024-03-05,9343
6233,旺玖,10,1,9,華南永昌-頭份,2024-03-05,9343
00631L,元大台灣50正2,8,0,8,華南永昌-頭份,2024-03-05,9343
00882,中信中國高股息,300,0,300,華南永昌-頭份,2024-03-06,9343
00929,復華台灣科技優息,260,61,199,華南永昌-頭份,2024-03-06,9343
5876,上海商銀,91,0,91,華南永昌-頭份,2024-03-06,9343
00919,群益台灣精選高息,164,75,89,華南永昌-頭份,2024-03-06,9343
9934,成霖,67,0,67,華南永昌-頭份,2024-03-06,9343
00937B,群益ESG投等債20,65,3,62,華南永昌-頭份,2024-03-06,9343
3481,群創,58,0,58,華南永昌-頭份,2024-03-06,9343
3483,力致,47,2,45,華南永昌-頭份,2024-03-06,9343
8011,台通,48,4,44,華南永昌-頭份,2024-03-06,9343
2352,佳世達,45,2,43,華南永昌-頭份,2024-03-06,9343
00918,大華優利高填息30,52,10,42,華南永昌-頭份,2024-03-06,9343
00753L,中信中國50正2,60,20,40,華南永昌-頭份,2024-03-06,9343
3013,晟銘電,76,41,35,華南永昌-頭份,2024-03-06,9343
1612,宏泰,25,0,25,華南永昌-頭份,2024-03-06,9343
2882,國泰金,24,0,24,華南永昌-頭份,2024-03-06,9343
5439,高技,40,18,22,華南永昌-頭份,2024-03-06,9343
1455,集盛,25,5,20,華南永昌-頭份,2024-03-06,9343
9941,裕融,20,0,20,華南永昌-頭份,2024-03-06,9343
00915,凱基優選高股息30,25,5,20,華南永昌-頭份,2024-03-06,9343
5871,中租-KY,20,0,20,華南永昌-頭份,2024-03-06,9343
5515,建國,20,1,19,華南永昌-頭份,2024-03-06,9343
1101,台泥,18,0,18,華南永昌-頭份,2024-03-06,9343
2516,新建,22,4,18,華南永昌-頭份,2024-03-06,9343
2002,中鋼,17,2,15,華南永昌-頭份,2024-03-06,9343
2888,新光金,15,0,15,華南永昌-頭份,2024-03-06,9343
2367,燿華,35,20,15,華南永昌-頭份,2024-03-06,9343
6142,友勁,15,0,15,華南永昌-頭份,2024-03-06,9343
1514,亞力,21,7,14,華南永昌-頭份,2024-03-06,9343
6138,茂達,15,1,14,華南永昌-頭份,2024-03-06,9343
2609,陽明,15,1,14,華南永昌-頭份,2024-03-06,9343
6125,廣運,45,31,14,華南永昌-頭份,2024-03-06,9343
6163,華電網,16,2,14,華南永昌-頭份,2024-03-06,9343
6179,亞通,16,3,13,華南永昌-頭份,2024-03-06,9343
3017,奇鋐,13,0,13,華南永昌-頭份,2024-03-06,9343
00676R,富邦臺灣加權反1,12,0,12,華南永昌-頭份,2024-03-06,9343
3325,旭品,44,32,12,華南永昌-頭份,2024-03-06,9343
5443,均豪,25,13,12,華南永昌-頭份,2024-03-06,9343
2329,華泰,17,6,11,華南永昌-頭份,2024-03-06,9343
1608,華榮,11,0,11,華南永昌-頭份,2024-03-06,9343
3234,光環,11,0,11,華南永昌-頭份,2024-03-06,9343
00933B,國泰10Y+金融債,15,4,11,華南永昌-頭份,2024-03-06,9343
1477,聚陽,10,0,10,華南永昌-頭份,2024-03-06,9343
1587,吉茂,10,0,10,華南永昌-頭份,2024-03-06,9343
1789,神隆,10,0,10,華南永昌-頭份,2024-03-06,9343
2611,志信,10,0,10,華南永昌-頭份,2024-03-06,9343
3450,聯鈞,14,4,10,華南永昌-頭份,2024-03-06,9343
6229,研通,10,0,10,華南永昌-頭份,2024-03-06,9343
8085,福華,10,0,10,華南永昌-頭份,2024-03-06,9343
8996,高力,16,6,10,華南永昌-頭份,2024-03-06,9343
6547,高端疫苗,11,2,9,華南永昌-頭份,2024-03-06,9343
00680L,元大美債20正2,2001,0,2001,華南永昌-頭份,2024-03-07,9343
2356,英業達,150,4,146,華南永昌-頭份,2024-03-07,9343
2201,裕隆,126,1,125,華南永昌-頭份,2024-03-07,9343
1618,合機,98,1,97,華南永昌-頭份,2024-03-07,9343
00882,中信中國高股息,101,5,96,華南永昌-頭份,2024-03-07,9343
3481,群創,79,6,73,華南永昌-頭份,2024-03-07,9343
00918,大華優利高填息30,92,25,67,華南永昌-頭份,2024-03-07,9343
2883,凱基金,130,72,58,華南永昌-頭份,2024-03-07,9343
2605,新興,56,0,56,華南永昌-頭份,2024-03-07,9343
1609,大亞,51,1,50,華南永昌-頭份,2024-03-07,9343
2344,華邦電,53,8,45,華南永昌-頭份,2024-03-07,9343
9934,成霖,45,0,45,華南永昌-頭份,2024-03-07,9343
2002,中鋼,59,18,41,華南永昌-頭份,2024-03-07,9343
2367,燿華,64,25,39,華南永昌-頭份,2024-03-07,9343
00915,凱基優選高股息30,56,19,37,華南永昌-頭份,2024-03-07,9343
1605,華新,36,0,36,華南永昌-頭份,2024-03-07,9343
2888,新光金,36,2,34,華南永昌-頭份,2024-03-07,9343
4306,炎洲,39,7,32,華南永昌-頭份,2024-03-07,9343
3071,協禧,34,4,30,華南永昌-頭份,2024-03-07,9343
6275,元山,39,11,28,華南永昌-頭份,2024-03-07,9343
5521,工信,72,47,25,華南永昌-頭份,2024-03-07,9343
2486,一詮,37,12,25,華南永昌-頭份,2024-03-07,9343
5355,佳總,25,0,25,華南永昌-頭份,2024-03-07,9343
2610,華航,27,2,25,華南永昌-頭份,2024-03-07,9343
2204,中華,27,4,23,華南永昌-頭份,2024-03-07,9343
2637,慧洋-KY,24,1,23,華南永昌-頭份,2024-03-07,9343
6274,台燿,30,7,23,華南永昌-頭份,2024-03-07,9343
3032,偉訓,22,0,22,華南永昌-頭份,2024-03-07,9343
2887,台新金,22,0,22,華南永昌-頭份,2024-03-07,9343
6443,元晶,21,0,21,華南永昌-頭份,2024-03-07,9343
3047,訊舟,24,3,21,華南永昌-頭份,2024-03-07,9343
1612,宏泰,20,0,20,華南永昌-頭份,2024-03-07,9343
3059,華晶科,20,0,20,華南永昌-頭份,2024-03-07,9343
5490,同亨,20,0,20,華南永昌-頭份,2024-03-07,9343
8011,台通,30,10,20,華南永昌-頭份,2024-03-07,9343
4707,磐亞,18,0,18,華南永昌-頭份,2024-03-07,9343
6735,美達科技,18,0,18,華南永昌-頭份,2024-03-07,9343
8162,微矽電子-創,18,0,18,華南永昌-頭份,2024-03-07,9343
00637L,元大滬深300正2,19,2,17,華南永昌-頭份,2024-03-07,9343
5488,松普,35,18,17,華南永昌-頭份,2024-03-07,9343
3376,新日興,28,12,16,華南永昌-頭份,2024-03-07,9343
2457,飛宏,16,0,16,華南永昌-頭份,2024-03-07,9343
2363,矽統,18,2,16,華南永昌-頭份,2024-03-07,9343
00632R,元大台灣50反1,15,0,15,華南永昌-頭份,2024-03-07,9343
2368,金像電,17,2,15,華南永昌-頭份,2024-03-07,9343
4123,晟德,16,1,15,華南永昌-頭份,2024-03-07,9343
2882,國泰金,13,0,13,華南永昌-頭份,2024-03-07,9343
2329,華泰,16,3,13,華南永昌-頭份,2024-03-07,9343
2352,佳世達,20,7,13,華南永昌-頭份,2024-03-07,9343
3483,力致,14,2,12,華南永昌-頭份,2024-03-07,9343
00919,群益台灣精選高息,181,93,88,華南永昌-頭份,2024-03-08,9343
3481,群創,73,1,72,華南永昌-頭份,2024-03-08,9343
6829,千附精密,64,1,63,華南永昌-頭份,2024-03-08,9343
2363,矽統,66,11,55,華南永昌-頭份,2024-03-08,9343
1618,合機,53,1,52,華南永昌-頭份,2024-03-08,9343
5490,同亨,47,0,47,華南永昌-頭份,2024-03-08,9343
2885,元大金,40,0,40,華南永昌-頭份,2024-03-08,9343
00632R,元大台灣50反1,87,50,37,華南永昌-頭份,2024-03-08,9343
00882,中信中國高股息,36,0,36,華南永昌-頭份,2024-03-08,9343
2888,新光金,30,0,30,華南永昌-頭份,2024-03-08,9343
00937B,群益ESG投等債20,29,1,28,華南永昌-頭份,2024-03-08,9343
5351,鈺創,23,0,23,華南永昌-頭份,2024-03-08,9343
3059,華晶科,21,0,21,華南永昌-頭份,2024-03-08,9343
3047,訊舟,20,0,20,華南永昌-頭份,2024-03-08,9343
8271,宇瞻,20,0,20,華南永昌-頭份,2024-03-08,9343
00665L,富邦�琤肭磪囓�2,20,0,20,華南永昌-頭份,2024-03-08,9343
6168,宏齊,20,0,20,華南永昌-頭份,2024-03-08,9343
5488,松普,17,0,17,華南永昌-頭份,2024-03-08,9343
6239,力成,21,5,16,華南永昌-頭份,2024-03-08,9343
2301,光寶科,32,16,16,華南永昌-頭份,2024-03-08,9343
6284,佳邦,15,0,15,華南永昌-頭份,2024-03-08,9343
1609,大亞,15,0,15,華南永昌-頭份,2024-03-08,9343
6026,福邦證,15,0,15,華南永昌-頭份,2024-03-08,9343
6182,合晶,25,10,15,華南永昌-頭份,2024-03-08,9343
6235,華孚,14,0,14,華南永昌-頭份,2024-03-08,9343
4513,福裕,14,0,14,華南永昌-頭份,2024-03-08,9343
2317,鴻海,15,2,13,華南永昌-頭份,2024-03-08,9343
2352,佳世達,13,0,13,華南永昌-頭份,2024-03-08,9343
4306,炎洲,15,2,13,華南永昌-頭份,2024-03-08,9343
6274,台燿,20,7,13,華南永昌-頭份,2024-03-08,9343
1605,華新,12,0,12,華南永昌-頭份,2024-03-08,9343
1789,神隆,12,0,12,華南永昌-頭份,2024-03-08,9343
3483,力致,12,1,11,華南永昌-頭份,2024-03-08,9343
2884,玉山金,13,2,11,華南永昌-頭份,2024-03-08,9343
2031,新光鋼,11,0,11,華南永昌-頭份,2024-03-08,9343
3169,亞信,12,1,11,華南永昌-頭份,2024-03-08,9343
3338,泰碩,26,15,11,華南永昌-頭份,2024-03-08,9343
2201,裕隆,13,3,10,華南永昌-頭份,2024-03-08,9343
00642U,期元大S＆P石油,10,0,10,華南永昌-頭份,2024-03-08,9343
00851,台新全球AI,10,0,10,華南永昌-頭份,2024-03-08,9343
1432,大魯閣,10,0,10,華南永昌-頭份,2024-03-08,9343
1444,力麗,10,0,10,華南永昌-頭份,2024-03-08,9343
1582,信錦,11,1,10,華南永昌-頭份,2024-03-08,9343
1815,富喬,30,20,10,華南永昌-頭份,2024-03-08,9343
2415,錩新,10,0,10,華南永昌-頭份,2024-03-08,9343
2457,飛宏,10,0,10,華南永昌-頭份,2024-03-08,9343
2520,冠德,10,0,10,華南永昌-頭份,2024-03-08,9343
3006,晶豪科,11,1,10,華南永昌-頭份,2024-03-08,9343
3576,聯合再生,11,1,10,華南永昌-頭份,2024-03-08,9343
6547,高端疫苗,11,1,10,華南永昌-頭份,2024-03-08,9343
00680L,元大美債20正2,1600,0,1600,華南永昌-頭份,2024-03-11,9343
2890,永豐金,480,0,480,華南永昌-頭份,2024-03-11,9343
00671R,富邦NASDAQ反1,300,0,300,華南永昌-頭份,2024-03-11,9343
00715L,期街口布蘭特正2,228,1,227,華南永昌-頭份,2024-03-11,9343
00937B,群益ESG投等債20,212,12,200,華南永昌-頭份,2024-03-11,9343
2884,玉山金,170,6,164,華南永昌-頭份,2024-03-11,9343
5355,佳總,151,0,151,華南永昌-頭份,2024-03-11,9343
3576,聯合再生,100,0,100,華南永昌-頭份,2024-03-11,9343
1612,宏泰,96,0,96,華南永昌-頭份,2024-03-11,9343
2883,凱基金,101,33,68,華南永昌-頭份,2024-03-11,9343
1815,富喬,69,16,53,華南永昌-頭份,2024-03-11,9343
00919,群益台灣精選高息,89,42,47,華南永昌-頭份,2024-03-11,9343
2303,聯電,51,6,45,華南永昌-頭份,2024-03-11,9343
00882,中信中國高股息,45,0,45,華南永昌-頭份,2024-03-11,9343
2301,光寶科,39,2,37,華南永昌-頭份,2024-03-11,9343
3308,聯德,34,0,34,華南永昌-頭份,2024-03-11,9343
00918,大華優利高填息30,33,0,33,華南永昌-頭份,2024-03-11,9343
00930,永豐ESG低碳高息,31,0,31,華南永昌-頭份,2024-03-11,9343
00885,富邦越南,27,0,27,華南永昌-頭份,2024-03-11,9343
00893,國泰智能電動車,23,0,23,華南永昌-頭份,2024-03-11,9343
3059,華晶科,21,0,21,華南永昌-頭份,2024-03-11,9343
2353,宏��,21,1,20,華南永昌-頭份,2024-03-11,9343
3715,定穎投控,20,1,19,華南永昌-頭份,2024-03-11,9343
3231,緯創,55,37,18,華南永昌-頭份,2024-03-11,9343
2002,中鋼,17,0,17,華南永昌-頭份,2024-03-11,9343
2330,台積電,17,3,14,華南永昌-頭份,2024-03-11,9343
2009,第一銅,15,1,14,華南永昌-頭份,2024-03-11,9343
00679B,元大美債20年,13,0,13,華南永昌-頭份,2024-03-11,9343
2610,華航,12,0,12,華南永昌-頭份,2024-03-11,9343
2618,長榮航,26,14,12,華南永昌-頭份,2024-03-11,9343
2358,廷鑫,12,1,11,華南永昌-頭份,2024-03-11,9343
00665L,富邦�琤肭磪囓�2,12,1,11,華南永昌-頭份,2024-03-11,9343
4526,東台,11,0,11,華南永昌-頭份,2024-03-11,9343
1220,台榮,10,0,10,華南永昌-頭份,2024-03-11,9343
1503,士電,10,0,10,華南永昌-頭份,2024-03-11,9343
3504,揚明光,10,0,10,華南永昌-頭份,2024-03-11,9343
4552,力達-KY,13,3,10,華南永昌-頭份,2024-03-11,9343
6257,矽格,12,2,10,華南永昌-頭份,2024-03-11,9343
5388,中磊,11,1,10,華南永昌-頭份,2024-03-11,9343
00712,復華富時不動產,10,1,9,華南永昌-頭份,2024-03-11,9343
9902,台火,13,4,9,華南永昌-頭份,2024-03-11,9343
1609,大亞,10,2,8,華南永昌-頭份,2024-03-11,9343
3005,神基,8,0,8,華南永昌-頭份,2024-03-11,9343
3044,健鼎,8,0,8,華南永昌-頭份,2024-03-11,9343
6147,頎邦,9,1,8,華南永昌-頭份,2024-03-11,9343
8046,南電,8,0,8,華南永昌-頭份,2024-03-11,9343
00915,凱基優選高股息30,11,3,8,華南永昌-頭份,2024-03-11,9343
2352,佳世達,28,21,7,華南永昌-頭份,2024-03-11,9343
00900,富邦特選高股息30,9,2,7,華南永昌-頭份,2024-03-11,9343
2233,宇隆,8,1,7,華南永昌-頭份,2024-03-11,9343
00680L,元大美債20正2,1901,2,1899,華南永昌-頭份,2024-03-12,9343
00671R,富邦NASDAQ反1,300,0,300,華南永昌-頭份,2024-03-12,9343
00937B,群益ESG投等債20,86,3,83,華南永昌-頭份,2024-03-12,9343
00632R,元大台灣50反1,65,0,65,華南永昌-頭份,2024-03-12,9343
9103,美德醫療-DR,50,0,50,華南永昌-頭份,2024-03-12,9343
00933B,國泰10Y+金融債,51,8,43,華南永昌-頭份,2024-03-12,9343
3481,群創,49,10,39,華南永昌-頭份,2024-03-12,9343
8096,擎亞,56,21,35,華南永昌-頭份,2024-03-12,9343
8112,至上,33,0,33,華南永昌-頭份,2024-03-12,9343
00915,凱基優選高股息30,32,0,32,華南永昌-頭份,2024-03-12,9343
00918,大華優利高填息30,30,0,30,華南永昌-頭份,2024-03-12,9343
2367,燿華,203,176,27,華南永昌-頭份,2024-03-12,9343
6150,撼訊,42,15,27,華南永昌-頭份,2024-03-12,9343
1612,宏泰,22,0,22,華南永昌-頭份,2024-03-12,9343
2406,國碩,21,0,21,華南永昌-頭份,2024-03-12,9343
4123,晟德,23,2,21,華南永昌-頭份,2024-03-12,9343
1217,愛之味,20,0,20,華南永昌-頭份,2024-03-12,9343
2887,台新金,20,0,20,華南永昌-頭份,2024-03-12,9343
3437,榮創,20,1,19,華南永昌-頭份,2024-03-12,9343
00919,群益台灣精選高息,65,47,18,華南永昌-頭份,2024-03-12,9343
00885,富邦越南,18,0,18,華南永昌-頭份,2024-03-12,9343
3062,建漢,24,6,18,華南永昌-頭份,2024-03-12,9343
3060,銘異,16,0,16,華南永昌-頭份,2024-03-12,9343
2883,凱基金,20,5,15,華南永昌-頭份,2024-03-12,9343
5443,均豪,16,1,15,華南永昌-頭份,2024-03-12,9343
2352,佳世達,34,21,13,華南永昌-頭份,2024-03-12,9343
1337,再生-KY,12,0,12,華南永昌-頭份,2024-03-12,9343
2027,大成鋼,12,0,12,華南永昌-頭份,2024-03-12,9343
2516,新建,12,0,12,華南永昌-頭份,2024-03-12,9343
2330,台積電,13,2,11,華南永昌-頭份,2024-03-12,9343
1514,亞力,24,14,10,華南永昌-頭份,2024-03-12,9343
4714,永捷,10,0,10,華南永昌-頭份,2024-03-12,9343
5488,松普,26,16,10,華南永昌-頭份,2024-03-12,9343
2393,億光,10,0,10,華南永昌-頭份,2024-03-12,9343
2457,飛宏,10,0,10,華南永昌-頭份,2024-03-12,9343
3686,達能,10,0,10,華南永昌-頭份,2024-03-12,9343
4933,友輝,10,0,10,華南永昌-頭份,2024-03-12,9343
5521,工信,10,0,10,華南永昌-頭份,2024-03-12,9343
2371,大同,14,5,9,華南永昌-頭份,2024-03-12,9343
8076,伍豐,9,0,9,華南永昌-頭份,2024-03-12,9343
1503,士電,19,11,8,華南永昌-頭份,2024-03-12,9343
6274,台燿,11,3,8,華南永昌-頭份,2024-03-12,9343
1582,信錦,11,3,8,華南永昌-頭份,2024-03-12,9343
2369,菱生,10,2,8,華南永昌-頭份,2024-03-12,9343
5388,中磊,10,2,8,華南永昌-頭份,2024-03-12,9343
8050,廣積,11,3,8,華南永昌-頭份,2024-03-12,9343
1608,華榮,10,3,7,華南永昌-頭份,2024-03-12,9343
2301,光寶科,21,14,7,華南永昌-頭份,2024-03-12,9343
6116,彩晶,10,3,7,華南永昌-頭份,2024-03-12,9343
6829,千附精密,7,0,7,華南永昌-頭份,2024-03-12,9343
1608,華榮,76,2,74,華南永昌-頭份,2024-03-13,9343
00937B,群益ESG投等債20,70,1,69,華南永昌-頭份,2024-03-13,9343
8936,國統,69,5,64,華南永昌-頭份,2024-03-13,9343
00687B,國泰20年美債,54,0,54,華南永昌-頭份,2024-03-13,9343
2443,昶虹,50,0,50,華南永昌-頭份,2024-03-13,9343
6167,久正,50,0,50,華南永昌-頭份,2024-03-13,9343
00929,復華台灣科技優息,100,52,48,華南永昌-頭份,2024-03-13,9343
3481,群創,126,78,48,華南永昌-頭份,2024-03-13,9343
2520,冠德,50,10,40,華南永昌-頭份,2024-03-13,9343
1612,宏泰,44,5,39,華南永昌-頭份,2024-03-13,9343
8011,台通,55,18,37,華南永昌-頭份,2024-03-13,9343
6125,廣運,60,23,37,華南永昌-頭份,2024-03-13,9343
4157,太景*-KY,35,1,34,華南永昌-頭份,2024-03-13,9343
2723,美食-KY,32,0,32,華南永昌-頭份,2024-03-13,9343
1314,中石化,30,0,30,華南永昌-頭份,2024-03-13,9343
2303,聯電,36,7,29,華南永昌-頭份,2024-03-13,9343
00918,大華優利高填息30,28,0,28,華南永昌-頭份,2024-03-13,9343
2408,南亞科,26,0,26,華南永昌-頭份,2024-03-13,9343
00915,凱基優選高股息30,37,12,25,華南永昌-頭份,2024-03-13,9343
3017,奇鋐,69,47,22,華南永昌-頭份,2024-03-13,9343
2514,龍邦,22,0,22,華南永昌-頭份,2024-03-13,9343
2601,益航,22,0,22,華南永昌-頭份,2024-03-13,9343
3703,欣陸,22,0,22,華南永昌-頭份,2024-03-13,9343
1305,華夏,20,0,20,華南永昌-頭份,2024-03-13,9343
3231,緯創,45,26,19,華南永昌-頭份,2024-03-13,9343
6531,愛普*,20,1,19,華南永昌-頭份,2024-03-13,9343
3013,晟銘電,19,0,19,華南永昌-頭份,2024-03-13,9343
00680L,元大美債20正2,19,0,19,華南永昌-頭份,2024-03-13,9343
4123,晟德,28,10,18,華南永昌-頭份,2024-03-13,9343
2329,華泰,33,15,18,華南永昌-頭份,2024-03-13,9343
6285,啟��,20,2,18,華南永昌-頭份,2024-03-13,9343
5490,同亨,16,0,16,華南永昌-頭份,2024-03-13,9343
2358,廷鑫,15,0,15,華南永昌-頭份,2024-03-13,9343
3704,合勤控,16,1,15,華南永昌-頭份,2024-03-13,9343
1535,中宇,15,1,14,華南永昌-頭份,2024-03-13,9343
2352,佳世達,15,2,13,華南永昌-頭份,2024-03-13,9343
2368,金像電,15,2,13,華南永昌-頭份,2024-03-13,9343
2405,輔信,14,1,13,華南永昌-頭份,2024-03-13,9343
8105,凌巨,13,1,12,華南永昌-頭份,2024-03-13,9343
2402,毅嘉,12,0,12,華南永昌-頭份,2024-03-13,9343
1815,富喬,18,7,11,華南永昌-頭份,2024-03-13,9343
2607,榮運,11,0,11,華南永昌-頭份,2024-03-13,9343
3047,訊舟,11,0,11,華南永昌-頭份,2024-03-13,9343
6120,達運,11,0,11,華南永昌-頭份,2024-03-13,9343
6275,元山,38,27,11,華南永昌-頭份,2024-03-13,9343
6189,豐藝,16,5,11,華南永昌-頭份,2024-03-13,9343
2393,億光,10,0,10,華南永昌-頭份,2024-03-13,9343
2457,飛宏,10,0,10,華南永昌-頭份,2024-03-13,9343
1432,大魯閣,10,0,10,華南永昌-頭份,2024-03-13,9343
00637L,元大滬深300正2,9,0,9,華南永昌-頭份,2024-03-13,9343
2880,華南金,500,33,467,華南永昌-頭份,2024-03-14,9343
00919,群益台灣精選高息,233,110,123,華南永昌-頭份,2024-03-14,9343
8105,凌巨,113,25,88,華南永昌-頭份,2024-03-14,9343
2618,長榮航,67,10,57,華南永昌-頭份,2024-03-14,9343
3014,聯陽,50,0,50,華南永昌-頭份,2024-03-14,9343
2812,台中銀,35,0,35,華南永昌-頭份,2024-03-14,9343
00640L,富邦日本正2,30,0,30,華南永昌-頭份,2024-03-14,9343
2369,菱生,39,12,27,華南永昌-頭份,2024-03-14,9343
00918,大華優利高填息30,57,31,26,華南永昌-頭份,2024-03-14,9343
00665L,富邦�琤肭磪囓�2,28,3,25,華南永昌-頭份,2024-03-14,9343
00930,永豐ESG低碳高息,23,0,23,華南永昌-頭份,2024-03-14,9343
2002,中鋼,23,1,22,華南永昌-頭份,2024-03-14,9343
2884,玉山金,22,0,22,華南永昌-頭份,2024-03-14,9343
2371,大同,25,4,21,華南永昌-頭份,2024-03-14,9343
00937B,群益ESG投等債20,26,5,21,華南永昌-頭份,2024-03-14,9343
1612,宏泰,20,0,20,華南永昌-頭份,2024-03-14,9343
00933B,國泰10Y+金融債,19,0,19,華南永昌-頭份,2024-03-14,9343
2014,中鴻,21,2,19,華南永昌-頭份,2024-03-14,9343
2723,美食-KY,19,0,19,華南永昌-頭份,2024-03-14,9343
2514,龍邦,20,2,18,華南永昌-頭份,2024-03-14,9343
3071,協禧,19,1,18,華南永昌-頭份,2024-03-14,9343
2382,廣達,18,1,17,華南永昌-頭份,2024-03-14,9343
2354,鴻準,30,13,17,華南永昌-頭份,2024-03-14,9343
00751B,元大AAA至A公司債,17,0,17,華南永昌-頭份,2024-03-14,9343
2329,華泰,40,23,17,華南永昌-頭份,2024-03-14,9343
2611,志信,17,0,17,華南永昌-頭份,2024-03-14,9343
2888,新光金,20,3,17,華南永昌-頭份,2024-03-14,9343
2889,國票金,17,0,17,華南永昌-頭份,2024-03-14,9343
5347,世界,22,6,16,華南永昌-頭份,2024-03-14,9343
1218,泰山,16,1,15,華南永昌-頭份,2024-03-14,9343
6451,訊芯-KY,50,35,15,華南永昌-頭份,2024-03-14,9343
6269,台郡,14,0,14,華南永昌-頭份,2024-03-14,9343
2363,矽統,14,1,13,華南永昌-頭份,2024-03-14,9343
1513,中興電,39,27,12,華南永昌-頭份,2024-03-14,9343
2449,京元電子,15,3,12,華南永昌-頭份,2024-03-14,9343
3231,緯創,19,8,11,華南永昌-頭份,2024-03-14,9343
2516,新建,11,0,11,華南永昌-頭份,2024-03-14,9343
5381,合正,11,0,11,華南永昌-頭份,2024-03-14,9343
3702,大聯大,10,0,10,華南永昌-頭份,2024-03-14,9343
2313,華通,10,0,10,華南永昌-頭份,2024-03-14,9343
1802,台玻,10,0,10,華南永昌-頭份,2024-03-14,9343
1815,富喬,13,3,10,華南永昌-頭份,2024-03-14,9343
3047,訊舟,10,0,10,華南永昌-頭份,2024-03-14,9343
3521,鴻翊,10,0,10,華南永昌-頭份,2024-03-14,9343
3663,鑫科,10,0,10,華南永昌-頭份,2024-03-14,9343
5443,均豪,14,4,10,華南永昌-頭份,2024-03-14,9343
6462,神盾,13,3,10,華南永昌-頭份,2024-03-14,9343
00900,富邦特選高股息30,11,1,10,華南永昌-頭份,2024-03-14,9343
6139,亞翔,9,0,9,華南永昌-頭份,2024-03-14,9343
6275,元山,17,8,9,華南永昌-頭份,2024-03-14,9343
00941,中信上游半導體,360,66,294,華南永昌-頭份,2024-03-15,9343
00933B,國泰10Y+金融債,304,50,254,華南永昌-頭份,2024-03-15,9343
8110,華東,202,0,202,華南永昌-頭份,2024-03-15,9343
00919,群益台灣精選高息,209,105,104,華南永昌-頭份,2024-03-15,9343
2323,中環,85,5,80,華南永昌-頭份,2024-03-15,9343
2520,冠德,70,0,70,華南永昌-頭份,2024-03-15,9343
2002,中鋼,64,0,64,華南永昌-頭份,2024-03-15,9343
1806,冠軍,50,0,50,華南永昌-頭份,2024-03-15,9343
2353,宏��,52,3,49,華南永昌-頭份,2024-03-15,9343
00915,凱基優選高股息30,53,10,43,華南永昌-頭份,2024-03-15,9343
00665L,富邦�琤肭磪囓�2,34,0,34,華南永昌-頭份,2024-03-15,9343
00753L,中信中國50正2,34,0,34,華南永昌-頭份,2024-03-15,9343
00885,富邦越南,33,0,33,華南永昌-頭份,2024-03-15,9343
2347,聯強,32,0,32,華南永昌-頭份,2024-03-15,9343
2618,長榮航,33,1,32,華南永昌-頭份,2024-03-15,9343
1809,中釉,40,10,30,華南永昌-頭份,2024-03-15,9343
00720B,元大投資級公司債,29,0,29,華南永昌-頭份,2024-03-15,9343
2888,新光金,30,2,28,華南永昌-頭份,2024-03-15,9343
00640L,富邦日本正2,30,3,27,華南永昌-頭份,2024-03-15,9343
1608,華榮,25,0,25,華南永昌-頭份,2024-03-15,9343
4743,合一,24,0,24,華南永昌-頭份,2024-03-15,9343
2363,矽統,29,8,21,華南永昌-頭份,2024-03-15,9343
2330,台積電,26,5,21,華南永昌-頭份,2024-03-15,9343
1604,聲寶,20,0,20,華南永昌-頭份,2024-03-15,9343
3438,類比科,36,16,20,華南永昌-頭份,2024-03-15,9343
00679B,元大美債20年,19,0,19,華南永昌-頭份,2024-03-15,9343
00637L,元大滬深300正2,19,0,19,華南永昌-頭份,2024-03-15,9343
2377,微星,18,0,18,華南永昌-頭份,2024-03-15,9343
3231,緯創,38,20,18,華南永昌-頭份,2024-03-15,9343
2882,國泰金,22,5,17,華南永昌-頭份,2024-03-15,9343
3169,亞信,18,1,17,華南永昌-頭份,2024-03-15,9343
3308,聯德,17,1,16,華南永昌-頭份,2024-03-15,9343
8936,國統,31,15,16,華南永昌-頭份,2024-03-15,9343
1513,中興電,40,24,16,華南永昌-頭份,2024-03-15,9343
2603,長榮,58,42,16,華南永昌-頭份,2024-03-15,9343
3234,光環,15,0,15,華南永昌-頭份,2024-03-15,9343
2105,正新,14,0,14,華南永昌-頭份,2024-03-15,9343
2371,大同,14,0,14,華南永昌-頭份,2024-03-15,9343
5381,合正,14,0,14,華南永昌-頭份,2024-03-15,9343
1303,南亞,13,0,13,華南永昌-頭份,2024-03-15,9343
2376,技嘉,13,1,12,華南永昌-頭份,2024-03-15,9343
2607,榮運,12,0,12,華南永昌-頭份,2024-03-15,9343
2892,第一金,12,0,12,華南永昌-頭份,2024-03-15,9343
2352,佳世達,16,5,11,華南永昌-頭份,2024-03-15,9343
1609,大亞,14,3,11,華南永昌-頭份,2024-03-15,9343
2020,美亞,11,0,11,華南永昌-頭份,2024-03-15,9343
2492,華新科,11,0,11,華南永昌-頭份,2024-03-15,9343
2881,富邦金,12,1,11,華南永昌-頭份,2024-03-15,9343
9934,成霖,10,0,10,華南永昌-頭份,2024-03-15,9343
2801,彰銀,10,0,10,華南永昌-頭份,2024-03-15,9343
00673R,期元大S＆P原油反1,403,0,403,華南永昌-頭份,2024-03-18,9343
00687B,國泰20年美債,336,8,328,華南永昌-頭份,2024-03-18,9343
00680L,元大美債20正2,206,0,206,華南永昌-頭份,2024-03-18,9343
2834,臺企銀,152,26,126,華南永昌-頭份,2024-03-18,9343
2884,玉山金,152,41,111,華南永昌-頭份,2024-03-18,9343
2890,永豐金,100,1,99,華南永昌-頭份,2024-03-18,9343
00941,中信上游半導體,91,20,71,華南永昌-頭份,2024-03-18,9343
00919,群益台灣精選高息,93,40,53,華南永昌-頭份,2024-03-18,9343
00918,大華優利高填息30,55,2,53,華南永昌-頭份,2024-03-18,9343
2025,千興,50,0,50,華南永昌-頭份,2024-03-18,9343
00915,凱基優選高股息30,48,2,46,華南永昌-頭份,2024-03-18,9343
1101,台泥,38,0,38,華南永昌-頭份,2024-03-18,9343
00937B,群益ESG投等債20,39,4,35,華南永昌-頭份,2024-03-18,9343
5515,建國,33,0,33,華南永昌-頭份,2024-03-18,9343
1612,宏泰,30,0,30,華南永昌-頭份,2024-03-18,9343
3308,聯德,25,0,25,華南永昌-頭份,2024-03-18,9343
3481,群創,25,0,25,華南永昌-頭份,2024-03-18,9343
2301,光寶科,23,1,22,華南永昌-頭份,2024-03-18,9343
2913,農林,22,0,22,華南永昌-頭份,2024-03-18,9343
5871,中租-KY,21,0,21,華南永昌-頭份,2024-03-18,9343
2609,陽明,24,4,20,華南永昌-頭份,2024-03-18,9343
1312,國喬,20,0,20,華南永昌-頭份,2024-03-18,9343
2031,新光鋼,22,2,20,華南永昌-頭份,2024-03-18,9343
3564,其陽,25,5,20,華南永昌-頭份,2024-03-18,9343
6290,良維,25,5,20,華南永昌-頭份,2024-03-18,9343
00679B,元大美債20年,19,0,19,華南永昌-頭份,2024-03-18,9343
00929,復華台灣科技優息,57,38,19,華南永昌-頭份,2024-03-18,9343
6916,華凌,20,1,19,華南永昌-頭份,2024-03-18,9343
6770,力積電,23,4,19,華南永昌-頭份,2024-03-18,9343
2618,長榮航,16,0,16,華南永昌-頭份,2024-03-18,9343
00706L,期元大S＆P日圓正2,15,0,15,華南永昌-頭份,2024-03-18,9343
2408,南亞科,15,0,15,華南永昌-頭份,2024-03-18,9343
2888,新光金,16,1,15,華南永昌-頭份,2024-03-18,9343
3479,安勤,15,0,15,華南永昌-頭份,2024-03-18,9343
2357,華碩,13,0,13,華南永昌-頭份,2024-03-18,9343
1513,中興電,29,16,13,華南永昌-頭份,2024-03-18,9343
3005,神基,12,0,12,華南永昌-頭份,2024-03-18,9343
2610,華航,14,2,12,華南永昌-頭份,2024-03-18,9343
2303,聯電,13,2,11,華南永昌-頭份,2024-03-18,9343
1503,士電,18,7,11,華南永昌-頭份,2024-03-18,9343
2457,飛宏,11,0,11,華南永昌-頭份,2024-03-18,9343
00933B,國泰10Y+金融債,10,0,10,華南永昌-頭份,2024-03-18,9343
00885,富邦越南,10,0,10,華南永昌-頭份,2024-03-18,9343
00640L,富邦日本正2,10,0,10,華南永昌-頭份,2024-03-18,9343
1809,中釉,21,11,10,華南永昌-頭份,2024-03-18,9343
2374,佳能,10,0,10,華南永昌-頭份,2024-03-18,9343
2399,映泰,10,0,10,華南永昌-頭份,2024-03-18,9343
2472,立隆電,10,0,10,華南永昌-頭份,2024-03-18,9343
2528,皇普,10,0,10,華南永昌-頭份,2024-03-18,9343
3036,文曄,10,0,10,華南永昌-頭份,2024-03-18,9343
2883,凱基金,240,0,240,華南永昌-頭份,2024-03-19,9343
5515,建國,100,0,100,華南永昌-頭份,2024-03-19,9343
2367,燿華,112,19,93,華南永昌-頭份,2024-03-19,9343
00937B,群益ESG投等債20,58,2,56,華南永昌-頭份,2024-03-19,9343
3481,群創,61,12,49,華南永昌-頭份,2024-03-19,9343
2303,聯電,77,41,36,華南永昌-頭份,2024-03-19,9343
3308,聯德,35,0,35,華南永昌-頭份,2024-03-19,9343
00679B,元大美債20年,35,2,33,華南永昌-頭份,2024-03-19,9343
2002,中鋼,27,2,25,華南永昌-頭份,2024-03-19,9343
1815,富喬,26,1,25,華南永昌-頭份,2024-03-19,9343
2834,臺企銀,25,1,24,華南永昌-頭份,2024-03-19,9343
8011,台通,35,12,23,華南永昌-頭份,2024-03-19,9343
3163,波若威,21,0,21,華南永昌-頭份,2024-03-19,9343
00687B,國泰20年美債,23,3,20,華南永昌-頭份,2024-03-19,9343
00930,永豐ESG低碳高息,20,0,20,華南永昌-頭份,2024-03-19,9343
1608,華榮,23,3,20,華南永昌-頭份,2024-03-19,9343
8390,金益鼎,20,0,20,華南永昌-頭份,2024-03-19,9343
2441,超豐,20,1,19,華南永昌-頭份,2024-03-19,9343
00941,中信上游半導體,33,15,18,華南永昌-頭份,2024-03-19,9343
00753L,中信中國50正2,16,0,16,華南永昌-頭份,2024-03-19,9343
2464,盟立,28,12,16,華南永昌-頭份,2024-03-19,9343
3071,協禧,16,0,16,華南永昌-頭份,2024-03-19,9343
3512,皇龍,16,0,16,華南永昌-頭份,2024-03-19,9343
1101,台泥,15,0,15,華南永昌-頭份,2024-03-19,9343
2845,遠東銀,15,0,15,華南永昌-頭份,2024-03-19,9343
00919,群益台灣精選高息,112,97,15,華南永昌-頭份,2024-03-19,9343
2449,京元電子,27,14,13,華南永昌-頭份,2024-03-19,9343
3479,安勤,14,1,13,華南永昌-頭份,2024-03-19,9343
4714,永捷,19,6,13,華南永昌-頭份,2024-03-19,9343
2611,志信,27,15,12,華南永昌-頭份,2024-03-19,9343
3363,上詮,13,1,12,華南永昌-頭份,2024-03-19,9343
2442,新美齊,11,0,11,華南永昌-頭份,2024-03-19,9343
3594,磐儀,11,0,11,華南永昌-頭份,2024-03-19,9343
2353,宏��,11,1,10,華南永昌-頭份,2024-03-19,9343
1102,亞泥,10,0,10,華南永昌-頭份,2024-03-19,9343
00665L,富邦�琤肭磪囓�2,30,20,10,華南永昌-頭份,2024-03-19,9343
4147,中裕,10,0,10,華南永昌-頭份,2024-03-19,9343
4934,太極,10,0,10,華南永昌-頭份,2024-03-19,9343
8050,廣積,10,0,10,華南永昌-頭份,2024-03-19,9343
8064,東捷,13,3,10,華南永昌-頭份,2024-03-19,9343
2382,廣達,14,4,10,華南永昌-頭份,2024-03-19,9343
1316,上曜,19,10,9,華南永昌-頭份,2024-03-19,9343
2365,昆盈,10,1,9,華南永昌-頭份,2024-03-19,9343
2417,圓剛,9,0,9,華南永昌-頭份,2024-03-19,9343
3047,訊舟,10,1,9,華南永昌-頭份,2024-03-19,9343
3059,華晶科,11,2,9,華南永昌-頭份,2024-03-19,9343
4526,東台,9,0,9,華南永昌-頭份,2024-03-19,9343
5014,建錩,10,1,9,華南永昌-頭份,2024-03-19,9343
00712,復華富時不動產,13,5,8,華南永昌-頭份,2024-03-19,9343
00673R,期元大S＆P原油反1,8,0,8,華南永昌-頭份,2024-03-19,9343
00680L,元大美債20正2,3200,3,3197,華南永昌-頭份,2024-03-20,9343
00671R,富邦NASDAQ反1,489,0,489,華南永昌-頭份,2024-03-20,9343
00939,統一台灣高息動能,390,23,367,華南永昌-頭份,2024-03-20,9343
00919,群益台灣精選高息,201,103,98,華南永昌-頭份,2024-03-20,9343
3481,群創,151,60,91,華南永昌-頭份,2024-03-20,9343
4938,和碩,104,26,78,華南永昌-頭份,2024-03-20,9343
00921,兆豐龍頭等權重,50,0,50,華南永昌-頭份,2024-03-20,9343
00687B,國泰20年美債,51,2,49,華南永昌-頭份,2024-03-20,9343
2367,燿華,47,17,30,華南永昌-頭份,2024-03-20,9343
2834,臺企銀,28,0,28,華南永昌-頭份,2024-03-20,9343
6531,愛普*,27,0,27,華南永昌-頭份,2024-03-20,9343
00632R,元大台灣50反1,25,0,25,華南永昌-頭份,2024-03-20,9343
2457,飛宏,22,0,22,華南永昌-頭份,2024-03-20,9343
2352,佳世達,40,18,22,華南永昌-頭份,2024-03-20,9343
8271,宇瞻,22,0,22,華南永昌-頭份,2024-03-20,9343
00918,大華優利高填息30,22,1,21,華南永昌-頭份,2024-03-20,9343
6546,正基,25,4,21,華南永昌-頭份,2024-03-20,9343
2382,廣達,26,6,20,華南永昌-頭份,2024-03-20,9343
00937B,群益ESG投等債20,20,0,20,華南永昌-頭份,2024-03-20,9343
2889,國票金,20,0,20,華南永昌-頭份,2024-03-20,9343
9934,成霖,20,0,20,華南永昌-頭份,2024-03-20,9343
6239,力成,26,6,20,華南永昌-頭份,2024-03-20,9343
2303,聯電,41,23,18,華南永昌-頭份,2024-03-20,9343
2888,新光金,19,1,18,華南永昌-頭份,2024-03-20,9343
2356,英業達,31,14,17,華南永昌-頭份,2024-03-20,9343
4958,臻鼎-KY,18,1,17,華南永昌-頭份,2024-03-20,9343
3308,聯德,18,2,16,華南永昌-頭份,2024-03-20,9343
8112,至上,15,0,15,華南永昌-頭份,2024-03-20,9343
1815,富喬,14,0,14,華南永昌-頭份,2024-03-20,9343
5443,均豪,27,13,14,華南永昌-頭份,2024-03-20,9343
00665L,富邦�琤肭磪囓�2,15,2,13,華南永昌-頭份,2024-03-20,9343
3363,上詮,13,0,13,華南永昌-頭份,2024-03-20,9343
3163,波若威,11,0,11,華南永昌-頭份,2024-03-20,9343
5347,世界,18,7,11,華南永昌-頭份,2024-03-20,9343
2344,華邦電,11,0,11,華南永昌-頭份,2024-03-20,9343
1809,中釉,18,8,10,華南永昌-頭份,2024-03-20,9343
2520,冠德,10,0,10,華南永昌-頭份,2024-03-20,9343
2528,皇普,10,0,10,華南永昌-頭份,2024-03-20,9343
4157,太景*-KY,10,0,10,華南永昌-頭份,2024-03-20,9343
5213,亞昕,10,0,10,華南永昌-頭份,2024-03-20,9343
6284,佳邦,11,1,10,華南永昌-頭份,2024-03-20,9343
2313,華通,15,5,10,華南永昌-頭份,2024-03-20,9343
1905,華紙,10,1,9,華南永昌-頭份,2024-03-20,9343
2421,建準,10,1,9,華南永昌-頭份,2024-03-20,9343
6189,豐藝,8,0,8,華南永昌-頭份,2024-03-20,9343
9941,裕融,8,0,8,華南永昌-頭份,2024-03-20,9343
2611,志信,10,2,8,華南永昌-頭份,2024-03-20,9343
6770,力積電,9,1,8,華南永昌-頭份,2024-03-20,9343
00900,富邦特選高股息30,7,0,7,華南永昌-頭份,2024-03-20,9343
1326,台化,7,0,7,華南永昌-頭份,2024-03-20,9343
00680L,元大美債20正2,1322,0,1322,華南永昌-頭份,2024-03-21,9343
3322,建舜電,198,16,182,華南永昌-頭份,2024-03-21,9343
00939,統一台灣高息動能,164,16,148,華南永昌-頭份,2024-03-21,9343
00671R,富邦NASDAQ反1,111,1,110,華南永昌-頭份,2024-03-21,9343
00937B,群益ESG投等債20,102,14,88,華南永昌-頭份,2024-03-21,9343
00919,群益台灣精選高息,71,17,54,華南永昌-頭份,2024-03-21,9343
1785,光洋科,67,18,49,華南永昌-頭份,2024-03-21,9343
00687B,國泰20年美債,41,0,41,華南永昌-頭份,2024-03-21,9343
1513,中興電,69,29,40,華南永昌-頭份,2024-03-21,9343
1612,宏泰,40,0,40,華南永昌-頭份,2024-03-21,9343
3576,聯合再生,41,2,39,華南永昌-頭份,2024-03-21,9343
2834,臺企銀,30,1,29,華南永昌-頭份,2024-03-21,9343
00753L,中信中國50正2,26,0,26,華南永昌-頭份,2024-03-21,9343
2611,志信,20,0,20,華南永昌-頭份,2024-03-21,9343
3005,神基,26,6,20,華南永昌-頭份,2024-03-21,9343
00857B,永豐20年美公債,19,0,19,華南永昌-頭份,2024-03-21,9343
4108,懷特,20,1,19,華南永昌-頭份,2024-03-21,9343
00929,復華台灣科技優息,33,16,17,華南永昌-頭份,2024-03-21,9343
2405,輔信,19,4,15,華南永昌-頭份,2024-03-21,9343
00720B,元大投資級公司債,18,5,13,華南永昌-頭份,2024-03-21,9343
2618,長榮航,18,5,13,華南永昌-頭份,2024-03-21,9343
8936,國統,29,16,13,華南永昌-頭份,2024-03-21,9343
00632R,元大台灣50反1,41,29,12,華南永昌-頭份,2024-03-21,9343
2464,盟立,11,0,11,華南永昌-頭份,2024-03-21,9343
6188,廣明,38,27,11,華南永昌-頭份,2024-03-21,9343
1503,士電,33,22,11,華南永昌-頭份,2024-03-21,9343
2388,威盛,10,0,10,華南永昌-頭份,2024-03-21,9343
2442,新美齊,10,0,10,華南永昌-頭份,2024-03-21,9343
3294,英濟,11,1,10,華南永昌-頭份,2024-03-21,9343
4402,郡都開發,10,0,10,華南永昌-頭份,2024-03-21,9343
5864,致和證,12,2,10,華南永昌-頭份,2024-03-21,9343
6116,彩晶,11,1,10,華南永昌-頭份,2024-03-21,9343
6288,聯嘉,10,0,10,華南永昌-頭份,2024-03-21,9343
6735,美達科技,10,0,10,華南永昌-頭份,2024-03-21,9343
2354,鴻準,41,31,10,華南永昌-頭份,2024-03-21,9343
1608,華榮,10,1,9,華南永昌-頭份,2024-03-21,9343
00725B,國泰投資級公司債,8,0,8,華南永昌-頭份,2024-03-21,9343
1314,中石化,8,0,8,華南永昌-頭份,2024-03-21,9343
3581,博磊,10,2,8,華南永昌-頭份,2024-03-21,9343
5483,中美晶,30,22,8,華南永昌-頭份,2024-03-21,9343
6285,啟��,11,3,8,華南永昌-頭份,2024-03-21,9343
6770,力積電,7,0,7,華南永昌-頭份,2024-03-21,9343
2603,長榮,20,13,7,華南永昌-頭份,2024-03-21,9343
00930,永豐ESG低碳高息,6,0,6,華南永昌-頭份,2024-03-21,9343
00751B,元大AAA至A公司債,6,0,6,華南永昌-頭份,2024-03-21,9343
2317,鴻海,67,61,6,華南永昌-頭份,2024-03-21,9343
00679B,元大美債20年,8,3,5,華南永昌-頭份,2024-03-21,9343
2606,裕民,5,0,5,華南永昌-頭份,2024-03-21,9343
2362,藍天,7,2,5,華南永昌-頭份,2024-03-21,9343
2913,農林,5,0,5,華南永昌-頭份,2024-03-21,9343
00937B,群益ESG投等債20,176,2,174,華南永昌-頭份,2024-03-22,9343
2354,鴻準,179,14,165,華南永昌-頭份,2024-03-22,9343
00933B,國泰10Y+金融債,144,9,135,華南永昌-頭份,2024-03-22,9343
2353,宏��,86,9,77,華南永昌-頭份,2024-03-22,9343
3673,TPK-KY,40,0,40,華南永昌-頭份,2024-03-22,9343
00939,統一台灣高息動能,64,29,35,華南永昌-頭份,2024-03-22,9343
2367,燿華,45,12,33,華南永昌-頭份,2024-03-22,9343
6477,安集,42,10,32,華南永昌-頭份,2024-03-22,9343
3704,合勤控,30,0,30,華南永昌-頭份,2024-03-22,9343
1409,新纖,28,0,28,華南永昌-頭份,2024-03-22,9343
2880,華南金,27,2,25,華南永昌-頭份,2024-03-22,9343
2317,鴻海,43,21,22,華南永昌-頭份,2024-03-22,9343
6116,彩晶,20,0,20,華南永昌-頭份,2024-03-22,9343
8059,凱碩,20,0,20,華南永昌-頭份,2024-03-22,9343
6443,元晶,24,5,19,華南永昌-頭份,2024-03-22,9343
8112,至上,25,6,19,華南永昌-頭份,2024-03-22,9343
3036,文曄,34,15,19,華南永昌-頭份,2024-03-22,9343
00753L,中信中國50正2,17,0,17,華南永昌-頭份,2024-03-22,9343
2002,中鋼,22,5,17,華南永昌-頭份,2024-03-22,9343
3071,協禧,22,5,17,華南永昌-頭份,2024-03-22,9343
3563,牧德,17,0,17,華南永昌-頭份,2024-03-22,9343
00637L,元大滬深300正2,17,1,16,華南永昌-頭份,2024-03-22,9343
2883,凱基金,20,4,16,華南永昌-頭份,2024-03-22,9343
00930,永豐ESG低碳高息,15,0,15,華南永昌-頭份,2024-03-22,9343
2376,技嘉,16,2,14,華南永昌-頭份,2024-03-22,9343
2014,中鴻,14,0,14,華南永昌-頭份,2024-03-22,9343
8926,台汽電,15,1,14,華南永昌-頭份,2024-03-22,9343
3231,緯創,30,17,13,華南永昌-頭份,2024-03-22,9343
00941,中信上游半導體,27,15,12,華南永昌-頭份,2024-03-22,9343
2371,大同,13,1,12,華南永昌-頭份,2024-03-22,9343
00632R,元大台灣50反1,42,30,12,華南永昌-頭份,2024-03-22,9343
6026,福邦證,12,0,12,華南永昌-頭份,2024-03-22,9343
6275,元山,12,0,12,華南永昌-頭份,2024-03-22,9343
1605,華新,16,5,11,華南永昌-頭份,2024-03-22,9343
2543,皇昌,12,1,11,華南永昌-頭份,2024-03-22,9343
8936,國統,38,27,11,華南永昌-頭份,2024-03-22,9343
00915,凱基優選高股息30,20,10,10,華南永昌-頭份,2024-03-22,9343
2303,聯電,20,10,10,華南永昌-頭份,2024-03-22,9343
2387,精元,10,0,10,華南永昌-頭份,2024-03-22,9343
2520,冠德,10,0,10,華南永昌-頭份,2024-03-22,9343
3094,聯傑,10,0,10,華南永昌-頭份,2024-03-22,9343
5381,合正,10,0,10,華南永昌-頭份,2024-03-22,9343
6239,力成,10,0,10,華南永昌-頭份,2024-03-22,9343
00881,國泰台灣5G+,10,1,9,華南永昌-頭份,2024-03-22,9343
1785,光洋科,10,1,9,華南永昌-頭份,2024-03-22,9343
2323,中環,16,7,9,華南永昌-頭份,2024-03-22,9343
6806,森崴能源,15,6,9,華南永昌-頭份,2024-03-22,9343
00688L,國泰20年美債正2,10,2,8,華南永昌-頭份,2024-03-22,9343
3047,訊舟,13,5,8,華南永昌-頭份,2024-03-22,9343
6234,高僑,10,2,8,華南永昌-頭份,2024-03-22,9343
00937B,群益ESG投等債20,156,3,153,華南永昌-頭份,2024-03-25,9343
3704,合勤控,143,0,143,華南永昌-頭份,2024-03-25,9343
00941,中信上游半導體,129,34,95,華南永昌-頭份,2024-03-25,9343
2356,英業達,82,23,59,華南永昌-頭份,2024-03-25,9343
00939,統一台灣高息動能,76,20,56,華南永昌-頭份,2024-03-25,9343
2527,宏璟,40,0,40,華南永昌-頭份,2024-03-25,9343
2883,凱基金,40,3,37,華南永昌-頭份,2024-03-25,9343
8936,國統,39,4,35,華南永昌-頭份,2024-03-25,9343
1605,華新,35,3,32,華南永昌-頭份,2024-03-25,9343
5876,上海商銀,30,0,30,華南永昌-頭份,2024-03-25,9343
6147,頎邦,30,0,30,華南永昌-頭份,2024-03-25,9343
3059,華晶科,41,12,29,華南永昌-頭份,2024-03-25,9343
2369,菱生,27,0,27,華南永昌-頭份,2024-03-25,9343
2303,聯電,24,0,24,華南永昌-頭份,2024-03-25,9343
1316,上曜,25,2,23,華南永昌-頭份,2024-03-25,9343
2405,輔信,24,1,23,華南永昌-頭份,2024-03-25,9343
00929,復華台灣科技優息,33,11,22,華南永昌-頭份,2024-03-25,9343
2881,富邦金,23,2,21,華南永昌-頭份,2024-03-25,9343
6116,彩晶,20,0,20,華南永昌-頭份,2024-03-25,9343
2611,志信,20,1,19,華南永昌-頭份,2024-03-25,9343
3481,群創,50,33,17,華南永昌-頭份,2024-03-25,9343
3706,神達,31,14,17,華南永昌-頭份,2024-03-25,9343
2834,臺企銀,16,0,16,華南永昌-頭份,2024-03-25,9343
00891,中信關鍵半導體,15,0,15,華南永昌-頭份,2024-03-25,9343
4552,力達-KY,15,0,15,華南永昌-頭份,2024-03-25,9343
00878,國泰永續高股息,36,21,15,華南永昌-頭份,2024-03-25,9343
00882,中信中國高股息,14,0,14,華南永昌-頭份,2024-03-25,9343
5288,豐祥-KY,14,0,14,華南永昌-頭份,2024-03-25,9343
4906,正文,13,0,13,華南永昌-頭份,2024-03-25,9343
2377,微星,14,2,12,華南永昌-頭份,2024-03-25,9343
3512,皇龍,14,2,12,華南永昌-頭份,2024-03-25,9343
2353,宏��,25,14,11,華南永昌-頭份,2024-03-25,9343
3622,洋華,11,0,11,華南永昌-頭份,2024-03-25,9343
6166,凌華,12,1,11,華南永昌-頭份,2024-03-25,9343
2002,中鋼,13,3,10,華南永昌-頭份,2024-03-25,9343
00915,凱基優選高股息30,10,0,10,華南永昌-頭份,2024-03-25,9343
2887,台新金,10,0,10,華南永昌-頭份,2024-03-25,9343
00857B,永豐20年美公債,10,0,10,華南永昌-頭份,2024-03-25,9343
1608,華榮,10,0,10,華南永昌-頭份,2024-03-25,9343
3532,台勝科,10,0,10,華南永昌-頭份,2024-03-25,9343
5386,青雲,10,0,10,華南永昌-頭份,2024-03-25,9343
5515,建國,10,0,10,華南永昌-頭份,2024-03-25,9343
6191,精成科,11,2,9,華南永昌-頭份,2024-03-25,9343
00930,永豐ESG低碳高息,9,0,9,華南永昌-頭份,2024-03-25,9343
1504,東元,15,6,9,華南永昌-頭份,2024-03-25,9343
1785,光洋科,11,2,9,華南永昌-頭份,2024-03-25,9343
2543,皇昌,9,0,9,華南永昌-頭份,2024-03-25,9343
6239,力成,9,0,9,華南永昌-頭份,2024-03-25,9343
6182,合晶,8,0,8,華南永昌-頭份,2024-03-25,9343
2031,新光鋼,8,0,8,華南永昌-頭份,2024-03-25,9343
2356,英業達,86,19,67,華南永昌-頭份,2024-03-26,9343
2354,鴻準,90,26,64,華南永昌-頭份,2024-03-26,9343
1612,宏泰,59,10,49,華南永昌-頭份,2024-03-26,9343
2883,凱基金,41,3,38,華南永昌-頭份,2024-03-26,9343
2367,燿華,49,16,33,華南永昌-頭份,2024-03-26,9343
3481,群創,97,65,32,華南永昌-頭份,2024-03-26,9343
5439,高技,37,6,31,華南永昌-頭份,2024-03-26,9343
00706L,期元大S＆P日圓正2,30,0,30,華南永昌-頭份,2024-03-26,9343
2886,兆豐金,30,0,30,華南永昌-頭份,2024-03-26,9343
00939,統一台灣高息動能,98,70,28,華南永昌-頭份,2024-03-26,9343
6163,華電網,28,1,27,華南永昌-頭份,2024-03-26,9343
1608,華榮,49,23,26,華南永昌-頭份,2024-03-26,9343
2352,佳世達,40,14,26,華南永昌-頭份,2024-03-26,9343
00930,永豐ESG低碳高息,25,0,25,華南永昌-頭份,2024-03-26,9343
00929,復華台灣科技優息,87,63,24,華南永昌-頭份,2024-03-26,9343
6288,聯嘉,22,0,22,華南永昌-頭份,2024-03-26,9343
2442,新美齊,21,0,21,華南永昌-頭份,2024-03-26,9343
2611,志信,21,0,21,華南永昌-頭份,2024-03-26,9343
2618,長榮航,19,0,19,華南永昌-頭份,2024-03-26,9343
5213,亞昕,18,0,18,華南永昌-頭份,2024-03-26,9343
3234,光環,25,7,18,華南永昌-頭份,2024-03-26,9343
2449,京元電子,18,1,17,華南永昌-頭份,2024-03-26,9343
1503,士電,18,1,17,華南永昌-頭份,2024-03-26,9343
00692,富邦公司治理,15,0,15,華南永昌-頭份,2024-03-26,9343
2236,百達-KY,15,0,15,華南永昌-頭份,2024-03-26,9343
2365,昆盈,16,1,15,華南永昌-頭份,2024-03-26,9343
2417,圓剛,19,4,15,華南永昌-頭份,2024-03-26,9343
4552,力達-KY,21,6,15,華南永昌-頭份,2024-03-26,9343
6189,豐藝,34,20,14,華南永昌-頭份,2024-03-26,9343
00878,國泰永續高股息,15,1,14,華南永昌-頭份,2024-03-26,9343
4157,太景*-KY,14,0,14,華南永昌-頭份,2024-03-26,9343
3704,合勤控,33,20,13,華南永昌-頭份,2024-03-26,9343
1605,華新,30,18,12,華南永昌-頭份,2024-03-26,9343
2382,廣達,16,4,12,華南永昌-頭份,2024-03-26,9343
3071,協禧,12,0,12,華南永昌-頭份,2024-03-26,9343
2405,輔信,13,1,12,華南永昌-頭份,2024-03-26,9343
5347,世界,13,2,11,華南永昌-頭份,2024-03-26,9343
1616,億泰,12,1,11,華南永昌-頭份,2024-03-26,9343
6667,信紘科,11,0,11,華南永昌-頭份,2024-03-26,9343
2303,聯電,32,22,10,華南永昌-頭份,2024-03-26,9343
1584,精剛,20,10,10,華南永昌-頭份,2024-03-26,9343
2402,毅嘉,10,0,10,華南永昌-頭份,2024-03-26,9343
3013,晟銘電,10,0,10,華南永昌-頭份,2024-03-26,9343
3535,晶彩科,10,0,10,華南永昌-頭份,2024-03-26,9343
6191,精成科,10,1,9,華南永昌-頭份,2024-03-26,9343
0056,元大高股息,13,4,9,華南永昌-頭份,2024-03-26,9343
1815,富喬,19,10,9,華南永昌-頭份,2024-03-26,9343
5426,振發,14,5,9,華南永昌-頭份,2024-03-26,9343
2603,長榮,12,3,9,華南永昌-頭份,2024-03-26,9343
3037,欣興,9,1,8,華南永昌-頭份,2024-03-26,9343
2883,凱基金,212,23,189,華南永昌-頭份,2024-03-27,9343
00933B,國泰10Y+金融債,80,0,80,華南永昌-頭份,2024-03-27,9343
2301,光寶科,43,1,42,華南永昌-頭份,2024-03-27,9343
00937B,群益ESG投等債20,39,10,29,華南永昌-頭份,2024-03-27,9343
00640L,富邦日本正2,27,0,27,華南永昌-頭份,2024-03-27,9343
00632R,元大台灣50反1,30,5,25,華南永昌-頭份,2024-03-27,9343
00919,群益台灣精選高息,42,19,23,華南永昌-頭份,2024-03-27,9343
8936,國統,25,4,21,華南永昌-頭份,2024-03-27,9343
00706L,期元大S＆P日圓正2,20,0,20,華南永昌-頭份,2024-03-27,9343
2002,中鋼,22,2,20,華南永昌-頭份,2024-03-27,9343
2371,大同,79,61,18,華南永昌-頭份,2024-03-27,9343
3376,新日興,23,6,17,華南永昌-頭份,2024-03-27,9343
1513,中興電,31,15,16,華南永昌-頭份,2024-03-27,9343
1802,台玻,16,0,16,華南永昌-頭份,2024-03-27,9343
3036,文曄,16,0,16,華南永昌-頭份,2024-03-27,9343
2834,臺企銀,15,0,15,華南永昌-頭份,2024-03-27,9343
2323,中環,20,5,15,華南永昌-頭份,2024-03-27,9343
2317,鴻海,37,23,14,華南永昌-頭份,2024-03-27,9343
1101,台泥,22,8,14,華南永昌-頭份,2024-03-27,9343
2888,新光金,15,1,14,華南永昌-頭份,2024-03-27,9343
2404,漢唐,13,0,13,華南永昌-頭份,2024-03-27,9343
1808,潤隆,19,7,12,華南永昌-頭份,2024-03-27,9343
00720B,元大投資級公司債,12,0,12,華南永昌-頭份,2024-03-27,9343
6477,安集,12,0,12,華南永昌-頭份,2024-03-27,9343
4961,天鈺,15,4,11,華南永昌-頭份,2024-03-27,9343
8011,台通,11,0,11,華南永昌-頭份,2024-03-27,9343
4420,光明,12,1,11,華南永昌-頭份,2024-03-27,9343
00665L,富邦�琤肭磪囓�2,10,0,10,華南永昌-頭份,2024-03-27,9343
4105,東洋,10,0,10,華南永昌-頭份,2024-03-27,9343
4123,晟德,10,0,10,華南永昌-頭份,2024-03-27,9343
6443,元晶,10,1,9,華南永昌-頭份,2024-03-27,9343
00878,國泰永續高股息,9,0,9,華南永昌-頭份,2024-03-27,9343
6189,豐藝,10,1,9,華南永昌-頭份,2024-03-27,9343
2547,日勝生,9,1,8,華南永昌-頭份,2024-03-27,9343
6188,廣明,11,3,8,華南永昌-頭份,2024-03-27,9343
3622,洋華,18,10,8,華南永昌-頭份,2024-03-27,9343
4714,永捷,9,1,8,華南永昌-頭份,2024-03-27,9343
5864,致和證,8,0,8,華南永昌-頭份,2024-03-27,9343
6770,力積電,9,1,8,華南永昌-頭份,2024-03-27,9343
2365,昆盈,10,2,8,華南永昌-頭份,2024-03-27,9343
2303,聯電,19,12,7,華南永昌-頭份,2024-03-27,9343
1608,華榮,25,18,7,華南永昌-頭份,2024-03-27,9343
2353,宏��,17,10,7,華南永昌-頭份,2024-03-27,9343
3163,波若威,10,3,7,華南永昌-頭份,2024-03-27,9343
00674R,期元大S＆P黃金反1,6,0,6,華南永昌-頭份,2024-03-27,9343
00680L,元大美債20正2,6,0,6,華南永昌-頭份,2024-03-27,9343
1612,宏泰,11,5,6,華南永昌-頭份,2024-03-27,9343
2349,錸德,6,0,6,華南永昌-頭份,2024-03-27,9343
2882,國泰金,6,0,6,華南永昌-頭份,2024-03-27,9343
3322,建舜電,6,0,6,華南永昌-頭份,2024-03-27,9343
00937B,群益ESG投等債20,82,8,74,華南永昌-頭份,2024-03-28,9343
2301,光寶科,66,2,64,華南永昌-頭份,2024-03-28,9343
00706L,期元大S＆P日圓正2,60,0,60,華南永昌-頭份,2024-03-28,9343
8277,商丞,40,0,40,華南永昌-頭份,2024-03-28,9343
2883,凱基金,37,5,32,華南永昌-頭份,2024-03-28,9343
3231,緯創,35,8,27,華南永昌-頭份,2024-03-28,9343
3706,神達,29,5,24,華南永昌-頭份,2024-03-28,9343
5469,瀚宇博,21,0,21,華南永昌-頭份,2024-03-28,9343
6456,GIS-KY,22,1,21,華南永昌-頭份,2024-03-28,9343
6288,聯嘉,20,0,20,華南永昌-頭份,2024-03-28,9343
8390,金益鼎,22,2,20,華南永昌-頭份,2024-03-28,9343
1513,中興電,25,7,18,華南永昌-頭份,2024-03-28,9343
1618,合機,22,5,17,華南永昌-頭份,2024-03-28,9343
6416,瑞祺電通,17,0,17,華南永昌-頭份,2024-03-28,9343
1612,宏泰,21,5,16,華南永昌-頭份,2024-03-28,9343
4306,炎洲,21,5,16,華南永昌-頭份,2024-03-28,9343
1808,潤隆,15,0,15,華南永昌-頭份,2024-03-28,9343
4128,中天,15,0,15,華南永昌-頭份,2024-03-28,9343
2515,中工,19,5,14,華南永昌-頭份,2024-03-28,9343
5309,系統電,15,1,14,華南永昌-頭份,2024-03-28,9343
2363,矽統,15,2,13,華南永昌-頭份,2024-03-28,9343
6026,福邦證,13,0,13,華南永昌-頭份,2024-03-28,9343
6116,彩晶,13,0,13,華南永昌-頭份,2024-03-28,9343
8046,南電,13,0,13,華南永昌-頭份,2024-03-28,9343
1101,台泥,12,0,12,華南永昌-頭份,2024-03-28,9343
1455,集盛,12,0,12,華南永昌-頭份,2024-03-28,9343
1529,樂事綠能,12,0,12,華南永昌-頭份,2024-03-28,9343
1905,華紙,11,0,11,華南永昌-頭份,2024-03-28,9343
2442,新美齊,11,0,11,華南永昌-頭份,2024-03-28,9343
3498,陽程,15,4,11,華南永昌-頭份,2024-03-28,9343
5483,中美晶,11,1,10,華南永昌-頭份,2024-03-28,9343
1102,亞泥,10,0,10,華南永昌-頭份,2024-03-28,9343
1617,榮星,11,1,10,華南永昌-頭份,2024-03-28,9343
2236,百達-KY,10,0,10,華南永昌-頭份,2024-03-28,9343
2425,承啟,10,0,10,華南永昌-頭份,2024-03-28,9343
2545,皇翔,10,0,10,華南永昌-頭份,2024-03-28,9343
2834,臺企銀,16,6,10,華南永昌-頭份,2024-03-28,9343
2887,台新金,11,1,10,華南永昌-頭份,2024-03-28,9343
4105,東洋,10,0,10,華南永昌-頭份,2024-03-28,9343
4123,晟德,10,0,10,華南永昌-頭份,2024-03-28,9343
6531,愛普*,10,0,10,華南永昌-頭份,2024-03-28,9343
8150,南茂,11,1,10,華南永昌-頭份,2024-03-28,9343
8358,金居,10,0,10,華南永昌-頭份,2024-03-28,9343
2615,萬海,9,0,9,華南永昌-頭份,2024-03-28,9343
2888,新光金,8,0,8,華南永昌-頭份,2024-03-28,9343
1314,中石化,9,1,8,華南永昌-頭份,2024-03-28,9343
3188,鑫龍騰,9,1,8,華南永昌-頭份,2024-03-28,9343
4157,太景*-KY,10,2,8,華南永昌-頭份,2024-03-28,9343
2379,瑞昱,8,1,7,華南永昌-頭份,2024-03-28,9343
5243,乙盛-KY,29,22,7,華南永昌-頭份,2024-03-28,9343
00937B,群益ESG投等債20,105,3,102,華南永昌-頭份,2024-03-29,9343
2317,鴻海,114,42,72,華南永昌-頭份,2024-03-29,9343
00632R,元大台灣50反1,60,0,60,華南永昌-頭份,2024-03-29,9343
00753L,中信中國50正2,50,0,50,華南永昌-頭份,2024-03-29,9343
3704,合勤控,48,0,48,華南永昌-頭份,2024-03-29,9343
2834,臺企銀,53,15,38,華南永昌-頭份,2024-03-29,9343
8085,福華,51,20,31,華南永昌-頭份,2024-03-29,9343
6416,瑞祺電通,30,0,30,華南永昌-頭份,2024-03-29,9343
4157,太景*-KY,39,10,29,華南永昌-頭份,2024-03-29,9343
00915,凱基優選高股息30,30,5,25,華南永昌-頭份,2024-03-29,9343
2356,英業達,81,57,24,華南永昌-頭份,2024-03-29,9343
2382,廣達,38,16,22,華南永昌-頭份,2024-03-29,9343
5381,合正,21,0,21,華南永昌-頭份,2024-03-29,9343
4123,晟德,20,0,20,華南永昌-頭份,2024-03-29,9343
4303,信立,25,5,20,華南永昌-頭份,2024-03-29,9343
6176,瑞儀,20,0,20,華南永昌-頭份,2024-03-29,9343
3481,群創,36,17,19,華南永昌-頭份,2024-03-29,9343
2611,志信,19,1,18,華南永昌-頭份,2024-03-29,9343
1608,華榮,33,15,18,華南永昌-頭份,2024-03-29,9343
6901,鑽石投資,18,0,18,華南永昌-頭份,2024-03-29,9343
6120,達運,17,0,17,華南永昌-頭份,2024-03-29,9343
3706,神達,24,9,15,華南永昌-頭份,2024-03-29,9343
6550,北極星藥業-KY,15,1,14,華南永昌-頭份,2024-03-29,9343
8121,越峰,13,0,13,華南永昌-頭份,2024-03-29,9343
2324,仁寶,12,0,12,華南永昌-頭份,2024-03-29,9343
00933B,國泰10Y+金融債,57,45,12,華南永昌-頭份,2024-03-29,9343
2236,百達-KY,12,0,12,華南永昌-頭份,2024-03-29,9343
3312,弘憶股,30,18,12,華南永昌-頭份,2024-03-29,9343
6129,普誠,12,0,12,華南永昌-頭份,2024-03-29,9343
1409,新纖,11,0,11,華南永昌-頭份,2024-03-29,9343
4526,東台,13,2,11,華南永昌-頭份,2024-03-29,9343
00706L,期元大S＆P日圓正2,10,0,10,華南永昌-頭份,2024-03-29,9343
2358,廷鑫,10,0,10,華南永昌-頭份,2024-03-29,9343
2464,盟立,10,0,10,華南永昌-頭份,2024-03-29,9343
3024,憶聲,10,0,10,華南永昌-頭份,2024-03-29,9343
3163,波若威,10,0,10,華南永昌-頭份,2024-03-29,9343
5469,瀚宇博,10,0,10,華南永昌-頭份,2024-03-29,9343
6150,撼訊,10,0,10,華南永昌-頭份,2024-03-29,9343
6290,良維,12,2,10,華南永昌-頭份,2024-03-29,9343
2353,宏��,17,8,9,華南永昌-頭份,2024-03-29,9343
00637L,元大滬深300正2,8,0,8,華南永昌-頭份,2024-03-29,9343
2421,建準,22,14,8,華南永昌-頭份,2024-03-29,9343
2888,新光金,8,0,8,華南永昌-頭份,2024-03-29,9343
3062,建漢,7,0,7,華南永昌-頭份,2024-03-29,9343
2328,廣宇,11,4,7,華南永昌-頭份,2024-03-29,9343
3042,晶技,7,0,7,華南永昌-頭份,2024-03-29,9343
2406,國碩,6,0,6,華南永昌-頭份,2024-03-29,9343
2606,裕民,6,0,6,華南永昌-頭份,2024-03-29,9343
3521,鴻翊,6,0,6,華南永昌-頭份,2024-03-29,9343
8096,擎亞,6,0,6,華南永昌-頭份,2024-03-29,9343
00940,元大台灣價值高息,508,55,453,華南永昌-頭份,2024-04-01,9343
3481,群創,75,1,74,華南永昌-頭份,2024-04-01,9343
6117,迎廣,51,3,48,華南永昌-頭份,2024-04-01,9343
3231,緯創,42,3,39,華南永昌-頭份,2024-04-01,9343
00939,統一台灣高息動能,31,1,30,華南永昌-頭份,2024-04-01,9343
2313,華通,31,4,27,華南永昌-頭份,2024-04-01,9343
6196,帆宣,25,0,25,華南永昌-頭份,2024-04-01,9343
2520,冠德,101,78,23,華南永昌-頭份,2024-04-01,9343
6126,信音,28,5,23,華南永昌-頭份,2024-04-01,9343
8064,東捷,23,2,21,華南永昌-頭份,2024-04-01,9343
2201,裕隆,20,0,20,華南永昌-頭份,2024-04-01,9343
3512,皇龍,20,0,20,華南永昌-頭份,2024-04-01,9343
00878,國泰永續高股息,21,2,19,華南永昌-頭份,2024-04-01,9343
00937B,群益ESG投等債20,21,2,19,華南永昌-頭份,2024-04-01,9343
2888,新光金,20,1,19,華南永昌-頭份,2024-04-01,9343
00795B,中信美國公債20年,17,0,17,華南永昌-頭份,2024-04-01,9343
2353,宏��,17,1,16,華南永昌-頭份,2024-04-01,9343
2369,菱生,16,0,16,華南永昌-頭份,2024-04-01,9343
2515,中工,20,4,16,華南永昌-頭份,2024-04-01,9343
00720B,元大投資級公司債,15,0,15,華南永昌-頭份,2024-04-01,9343
1513,中興電,17,2,15,華南永昌-頭份,2024-04-01,9343
4938,和碩,14,0,14,華南永昌-頭份,2024-04-01,9343
2330,台積電,14,0,14,華南永昌-頭份,2024-04-01,9343
2356,英業達,20,6,14,華南永昌-頭份,2024-04-01,9343
2317,鴻海,24,11,13,華南永昌-頭份,2024-04-01,9343
00915,凱基優選高股息30,13,0,13,華南永昌-頭份,2024-04-01,9343
2449,京元電子,13,0,13,華南永昌-頭份,2024-04-01,9343
6456,GIS-KY,17,5,12,華南永昌-頭份,2024-04-01,9343
2371,大同,11,0,11,華南永昌-頭份,2024-04-01,9343
2891,中信金,11,0,11,華南永昌-頭份,2024-04-01,9343
3583,辛耘,18,7,11,華南永昌-頭份,2024-04-01,9343
6416,瑞祺電通,11,0,11,華南永昌-頭份,2024-04-01,9343
2303,聯電,11,1,10,華南永昌-頭份,2024-04-01,9343
2425,承啟,10,0,10,華南永昌-頭份,2024-04-01,9343
3276,宇環,10,0,10,華南永昌-頭份,2024-04-01,9343
3704,合勤控,19,9,10,華南永昌-頭份,2024-04-01,9343
8390,金益鼎,12,2,10,華南永昌-頭份,2024-04-01,9343
2393,億光,10,1,9,華南永昌-頭份,2024-04-01,9343
3036,文曄,9,0,9,華南永昌-頭份,2024-04-01,9343
2603,長榮,10,2,8,華南永昌-頭份,2024-04-01,9343
00673R,期元大S＆P原油反1,8,0,8,華南永昌-頭份,2024-04-01,9343
8033,雷虎,11,3,8,華南永昌-頭份,2024-04-01,9343
2382,廣達,15,7,8,華南永昌-頭份,2024-04-01,9343
0056,元大高股息,17,9,8,華南永昌-頭份,2024-04-01,9343
6426,統新,7,0,7,華南永昌-頭份,2024-04-01,9343
2328,廣宇,12,5,7,華南永昌-頭份,2024-04-01,9343
00655L,國泰中國A50正2,6,0,6,華南永昌-頭份,2024-04-01,9343
1310,台苯,6,0,6,華南永昌-頭份,2024-04-01,9343
4958,臻鼎-KY,10,4,6,華南永昌-頭份,2024-04-01,9343
5328,華容,6,0,6,華南永昌-頭份,2024-04-01,9343
00929,復華台灣科技優息,486,23,463,華南永昌-頭份,2024-04-02,9343
1314,中石化,360,18,342,華南永昌-頭份,2024-04-02,9343
00940,元大台灣價值高息,263,39,224,華南永昌-頭份,2024-04-02,9343
2890,永豐金,200,8,192,華南永昌-頭份,2024-04-02,9343
00665L,富邦�琤肭磪囓�2,139,0,139,華南永昌-頭份,2024-04-02,9343
00680L,元大美債20正2,60,0,60,華南永昌-頭份,2024-04-02,9343
2527,宏璟,41,3,38,華南永昌-頭份,2024-04-02,9343
00941,中信上游半導體,29,0,29,華南永昌-頭份,2024-04-02,9343
00679B,元大美債20年,27,0,27,華南永昌-頭份,2024-04-02,9343
2412,中華電,24,0,24,華南永昌-頭份,2024-04-02,9343
3704,合勤控,28,4,24,華南永昌-頭份,2024-04-02,9343
2603,長榮,24,3,21,華南永昌-頭份,2024-04-02,9343
3033,威健,21,1,20,華南永昌-頭份,2024-04-02,9343
4157,太景*-KY,19,0,19,華南永昌-頭份,2024-04-02,9343
3622,洋華,20,2,18,華南永昌-頭份,2024-04-02,9343
3715,定穎投控,21,3,18,華南永昌-頭份,2024-04-02,9343
00632R,元大台灣50反1,16,0,16,華南永昌-頭份,2024-04-02,9343
2369,菱生,21,5,16,華南永昌-頭份,2024-04-02,9343
00720B,元大投資級公司債,16,0,16,華南永昌-頭份,2024-04-02,9343
8112,至上,14,0,14,華南永昌-頭份,2024-04-02,9343
2425,承啟,12,0,12,華南永昌-頭份,2024-04-02,9343
00919,群益台灣精選高息,47,35,12,華南永昌-頭份,2024-04-02,9343
2354,鴻準,37,26,11,華南永昌-頭份,2024-04-02,9343
2362,藍天,11,0,11,華南永昌-頭份,2024-04-02,9343
2845,遠東銀,11,0,11,華南永昌-頭份,2024-04-02,9343
2486,一詮,19,9,10,華南永昌-頭份,2024-04-02,9343
1809,中釉,10,0,10,華南永昌-頭份,2024-04-02,9343
1737,臺鹽,10,0,10,華南永昌-頭份,2024-04-02,9343
2809,京城銀,10,0,10,華南永昌-頭份,2024-04-02,9343
3504,揚明光,10,0,10,華南永昌-頭份,2024-04-02,9343
4967,十銓,12,2,10,華南永昌-頭份,2024-04-02,9343
5439,高技,10,0,10,華南永昌-頭份,2024-04-02,9343
6117,迎廣,10,0,10,華南永昌-頭份,2024-04-02,9343
6126,信音,10,0,10,華南永昌-頭份,2024-04-02,9343
6266,泰詠,10,0,10,華南永昌-頭份,2024-04-02,9343
1605,華新,11,2,9,華南永昌-頭份,2024-04-02,9343
1815,富喬,12,3,9,華南永昌-頭份,2024-04-02,9343
2344,華邦電,9,0,9,華南永昌-頭份,2024-04-02,9343
2371,大同,13,4,9,華南永昌-頭份,2024-04-02,9343
6477,安集,9,0,9,華南永昌-頭份,2024-04-02,9343
6414,樺漢,13,5,8,華南永昌-頭份,2024-04-02,9343
00687B,國泰20年美債,8,0,8,華南永昌-頭份,2024-04-02,9343
3413,京鼎,18,10,8,華南永昌-頭份,2024-04-02,9343
6153,嘉聯益,10,2,8,華南永昌-頭份,2024-04-02,9343
1795,美時,18,11,7,華南永昌-頭份,2024-04-02,9343
2356,英業達,10,3,7,華南永昌-頭份,2024-04-02,9343
6239,力成,7,0,7,華南永昌-頭份,2024-04-02,9343
2317,鴻海,63,56,7,華南永昌-頭份,2024-04-02,9343
3707,漢磊,14,7,7,華南永昌-頭份,2024-04-02,9343
00795B,中信美國公債20年,6,0,6,華南永昌-頭份,2024-04-02,9343
2890,永豐金,100,0,100,華南永昌-頭份,2024-04-03,9343
3481,群創,78,0,78,華南永昌-頭份,2024-04-03,9343
2520,冠德,110,32,78,華南永昌-頭份,2024-04-03,9343
00937B,群益ESG投等債20,180,107,73,華南永昌-頭份,2024-04-03,9343
6189,豐藝,66,17,49,華南永昌-頭份,2024-04-03,9343
5439,高技,40,0,40,華南永昌-頭份,2024-04-03,9343
00929,復華台灣科技優息,39,2,37,華南永昌-頭份,2024-04-03,9343
00941,中信上游半導體,36,0,36,華南永昌-頭份,2024-04-03,9343
6288,聯嘉,38,4,34,華南永昌-頭份,2024-04-03,9343
2354,鴻準,45,15,30,華南永昌-頭份,2024-04-03,9343
00715L,期街口布蘭特正2,27,2,25,華南永昌-頭份,2024-04-03,9343
00933B,國泰10Y+金融債,23,0,23,華南永昌-頭份,2024-04-03,9343
00679B,元大美債20年,22,0,22,華南永昌-頭份,2024-04-03,9343
3535,晶彩科,21,0,21,華南永昌-頭份,2024-04-03,9343
00940,元大台灣價值高息,156,136,20,華南永昌-頭份,2024-04-03,9343
2002,中鋼,23,3,20,華南永昌-頭份,2024-04-03,9343
00632R,元大台灣50反1,20,0,20,華南永昌-頭份,2024-04-03,9343
1608,華榮,20,1,19,華南永昌-頭份,2024-04-03,9343
2317,鴻海,35,16,19,華南永昌-頭份,2024-04-03,9343
2834,臺企銀,20,1,19,華南永昌-頭份,2024-04-03,9343
2884,玉山金,18,0,18,華南永昌-頭份,2024-04-03,9343
3294,英濟,21,4,17,華南永昌-頭份,2024-04-03,9343
00918,大華優利高填息30,15,0,15,華南永昌-頭份,2024-04-03,9343
3308,聯德,15,0,15,華南永昌-頭份,2024-04-03,9343
5351,鈺創,16,1,15,華南永昌-頭份,2024-04-03,9343
4958,臻鼎-KY,14,0,14,華南永昌-頭份,2024-04-03,9343
2408,南亞科,13,0,13,華南永昌-頭份,2024-04-03,9343
2371,大同,13,1,12,華南永昌-頭份,2024-04-03,9343
6416,瑞祺電通,12,0,12,華南永昌-頭份,2024-04-03,9343
2382,廣達,14,3,11,華南永昌-頭份,2024-04-03,9343
6215,和椿,11,0,11,華南永昌-頭份,2024-04-03,9343
6443,元晶,11,0,11,華南永昌-頭份,2024-04-03,9343
2344,華邦電,10,0,10,華南永昌-頭份,2024-04-03,9343
1809,中釉,20,10,10,華南永昌-頭份,2024-04-03,9343
00882,中信中國高股息,10,0,10,華南永昌-頭份,2024-04-03,9343
00706L,期元大S＆P日圓正2,10,0,10,華南永昌-頭份,2024-04-03,9343
1612,宏泰,10,0,10,華南永昌-頭份,2024-04-03,9343
1723,中碳,10,0,10,華南永昌-頭份,2024-04-03,9343
2027,大成鋼,10,0,10,華南永昌-頭份,2024-04-03,9343
2069,運錩,10,0,10,華南永昌-頭份,2024-04-03,9343
4157,太景*-KY,10,0,10,華南永昌-頭份,2024-04-03,9343
5521,工信,13,3,10,華南永昌-頭份,2024-04-03,9343
6116,彩晶,15,5,10,華南永昌-頭份,2024-04-03,9343
6275,元山,10,0,10,華南永昌-頭份,2024-04-03,9343
6285,啟��,10,0,10,華南永昌-頭份,2024-04-03,9343
8085,福華,10,0,10,華南永昌-頭份,2024-04-03,9343
2031,新光鋼,10,0,10,華南永昌-頭份,2024-04-03,9343
6274,台燿,15,6,9,華南永昌-頭份,2024-04-03,9343
1808,潤隆,9,0,9,華南永昌-頭份,2024-04-03,9343
1609,大亞,11,2,9,華南永昌-頭份,2024-04-03,9343
00929,復華台灣科技優息,220,23,197,華南永昌-頭份,2024-04-08,9343
00940,元大台灣價值高息,123,17,106,華南永昌-頭份,2024-04-08,9343
00937B,群益ESG投等債20,113,10,103,華南永昌-頭份,2024-04-08,9343
6120,達運,96,1,95,華南永昌-頭份,2024-04-08,9343
3481,群創,70,3,67,華南永昌-頭份,2024-04-08,9343
3032,偉訓,63,3,60,華南永昌-頭份,2024-04-08,9343
2323,中環,50,1,49,華南永昌-頭份,2024-04-08,9343
00679B,元大美債20年,39,0,39,華南永昌-頭份,2024-04-08,9343
00915,凱基優選高股息30,30,0,30,華南永昌-頭份,2024-04-08,9343
00885,富邦越南,28,0,28,華南永昌-頭份,2024-04-08,9343
6416,瑞祺電通,28,0,28,華南永昌-頭份,2024-04-08,9343
3231,緯創,54,27,27,華南永昌-頭份,2024-04-08,9343
00673R,期元大S＆P原油反1,23,0,23,華南永昌-頭份,2024-04-08,9343
1609,大亞,41,19,22,華南永昌-頭份,2024-04-08,9343
00941,中信上游半導體,31,10,21,華南永昌-頭份,2024-04-08,9343
00706L,期元大S＆P日圓正2,20,0,20,華南永昌-頭份,2024-04-08,9343
2369,菱生,22,2,20,華南永昌-頭份,2024-04-08,9343
2809,京城銀,20,0,20,華南永昌-頭份,2024-04-08,9343
6285,啟��,20,1,19,華南永昌-頭份,2024-04-08,9343
2382,廣達,20,2,18,華南永昌-頭份,2024-04-08,9343
2337,旺宏,20,2,18,華南永昌-頭份,2024-04-08,9343
00927,群益半導體收益,17,0,17,華南永昌-頭份,2024-04-08,9343
1612,宏泰,48,31,17,華南永昌-頭份,2024-04-08,9343
2353,宏��,16,0,16,華南永昌-頭份,2024-04-08,9343
2888,新光金,18,2,16,華南永昌-頭份,2024-04-08,9343
2312,金寶,15,0,15,華南永昌-頭份,2024-04-08,9343
2344,華邦電,15,0,15,華南永昌-頭份,2024-04-08,9343
6125,廣運,15,1,14,華南永昌-頭份,2024-04-08,9343
2356,英業達,28,15,13,華南永昌-頭份,2024-04-08,9343
00900,富邦特選高股息30,12,0,12,華南永昌-頭份,2024-04-08,9343
4714,永捷,13,1,12,華南永昌-頭份,2024-04-08,9343
8070,長華*,22,10,12,華南永昌-頭份,2024-04-08,9343
00751B,元大AAA至A公司債,11,0,11,華南永昌-頭份,2024-04-08,9343
2485,兆赫,11,0,11,華南永昌-頭份,2024-04-08,9343
00637L,元大滬深300正2,10,0,10,華南永昌-頭份,2024-04-08,9343
2368,金像電,10,0,10,華南永昌-頭份,2024-04-08,9343
2393,億光,10,0,10,華南永昌-頭份,2024-04-08,9343
2472,立隆電,20,10,10,華南永昌-頭份,2024-04-08,9343
3617,碩天,10,0,10,華南永昌-頭份,2024-04-08,9343
4157,太景*-KY,10,0,10,華南永昌-頭份,2024-04-08,9343
6153,嘉聯益,10,0,10,華南永昌-頭份,2024-04-08,9343
6168,宏齊,10,0,10,華南永昌-頭份,2024-04-08,9343
6202,盛群,10,0,10,華南永昌-頭份,2024-04-08,9343
8176,智捷,10,0,10,華南永昌-頭份,2024-04-08,9343
8390,金益鼎,10,0,10,華南永昌-頭份,2024-04-08,9343
6112,邁達特,10,0,10,華南永昌-頭份,2024-04-08,9343
1513,中興電,14,5,9,華南永昌-頭份,2024-04-08,9343
6274,台燿,12,4,8,華南永昌-頭份,2024-04-08,9343
2618,長榮航,7,0,7,華南永昌-頭份,2024-04-08,9343
3036,文曄,7,0,7,華南永昌-頭份,2024-04-08,9343
00929,復華台灣科技優息,117,0,117,華南永昌-頭份,2024-04-09,9343
2515,中工,96,32,64,華南永昌-頭份,2024-04-09,9343
6120,達運,53,6,47,華南永昌-頭份,2024-04-09,9343
2323,中環,60,20,40,華南永昌-頭份,2024-04-09,9343
00632R,元大台灣50反1,42,10,32,華南永昌-頭份,2024-04-09,9343
3078,僑威,31,0,31,華南永昌-頭份,2024-04-09,9343
8096,擎亞,36,10,26,華南永昌-頭份,2024-04-09,9343
2887,台新金,28,3,25,華南永昌-頭份,2024-04-09,9343
00940,元大台灣價值高息,74,51,23,華南永昌-頭份,2024-04-09,9343
2356,英業達,28,6,22,華南永昌-頭份,2024-04-09,9343
3032,偉訓,22,0,22,華南永昌-頭份,2024-04-09,9343
3163,波若威,25,4,21,華南永昌-頭份,2024-04-09,9343
2442,新美齊,21,0,21,華南永昌-頭份,2024-04-09,9343
3704,合勤控,24,3,21,華南永昌-頭份,2024-04-09,9343
6189,豐藝,47,27,20,華南永昌-頭份,2024-04-09,9343
2393,億光,20,0,20,華南永昌-頭份,2024-04-09,9343
3010,華立,20,0,20,華南永昌-頭份,2024-04-09,9343
3036,文曄,21,2,19,華南永昌-頭份,2024-04-09,9343
2528,皇普,18,0,18,華南永昌-頭份,2024-04-09,9343
4157,太景*-KY,18,0,18,華南永昌-頭份,2024-04-09,9343
6668,中揚光,21,3,18,華南永昌-頭份,2024-04-09,9343
6284,佳邦,22,5,17,華南永昌-頭份,2024-04-09,9343
1513,中興電,29,12,17,華南永昌-頭份,2024-04-09,9343
1612,宏泰,25,9,16,華南永昌-頭份,2024-04-09,9343
5864,致和證,16,0,16,華南永昌-頭份,2024-04-09,9343
2489,瑞軒,15,0,15,華南永昌-頭份,2024-04-09,9343
00885,富邦越南,13,0,13,華南永昌-頭份,2024-04-09,9343
00637L,元大滬深300正2,13,0,13,華南永昌-頭份,2024-04-09,9343
2371,大同,20,7,13,華南永昌-頭份,2024-04-09,9343
4526,東台,16,3,13,華南永昌-頭份,2024-04-09,9343
00687B,國泰20年美債,12,0,12,華南永昌-頭份,2024-04-09,9343
1524,耿鼎,12,0,12,華南永昌-頭份,2024-04-09,9343
3322,建舜電,12,0,12,華南永昌-頭份,2024-04-09,9343
3587,閎康,14,2,12,華南永昌-頭份,2024-04-09,9343
2014,中鴻,12,1,11,華南永昌-頭份,2024-04-09,9343
2809,京城銀,11,0,11,華南永昌-頭份,2024-04-09,9343
3294,英濟,13,2,11,華南永昌-頭份,2024-04-09,9343
5515,建國,13,2,11,華南永昌-頭份,2024-04-09,9343
8110,華東,13,2,11,華南永昌-頭份,2024-04-09,9343
9105,泰金寶-DR,10,0,10,華南永昌-頭份,2024-04-09,9343
1808,潤隆,10,0,10,華南永昌-頭份,2024-04-09,9343
00665L,富邦�琤肭磪囓�2,10,0,10,華南永昌-頭份,2024-04-09,9343
00706L,期元大S＆P日圓正2,10,0,10,華南永昌-頭份,2024-04-09,9343
2010,春源,21,11,10,華南永昌-頭份,2024-04-09,9343
2368,金像電,10,0,10,華南永昌-頭份,2024-04-09,9343
2516,新建,10,0,10,華南永昌-頭份,2024-04-09,9343
3481,群創,56,46,10,華南永昌-頭份,2024-04-09,9343
6164,華興,11,2,9,華南永昌-頭份,2024-04-09,9343
4306,炎洲,10,1,9,華南永昌-頭份,2024-04-09,9343
6188,廣明,25,16,9,華南永昌-頭份,2024-04-09,9343
2890,永豐金,100,0,100,華南永昌-頭份,2024-04-10,9343
2888,新光金,107,22,85,華南永昌-頭份,2024-04-10,9343
0056,元大高股息,67,1,66,華南永昌-頭份,2024-04-10,9343
00679B,元大美債20年,53,1,52,華南永昌-頭份,2024-04-10,9343
00940,元大台灣價值高息,84,39,45,華南永昌-頭份,2024-04-10,9343
4958,臻鼎-KY,42,1,41,華南永昌-頭份,2024-04-10,9343
3059,華晶科,51,14,37,華南永昌-頭份,2024-04-10,9343
6288,聯嘉,37,0,37,華南永昌-頭份,2024-04-10,9343
2303,聯電,72,35,37,華南永昌-頭份,2024-04-10,9343
1608,華榮,43,7,36,華南永昌-頭份,2024-04-10,9343
2897,王道銀行,38,2,36,華南永昌-頭份,2024-04-10,9343
00941,中信上游半導體,32,0,32,華南永昌-頭份,2024-04-10,9343
2515,中工,34,4,30,華南永昌-頭份,2024-04-10,9343
00751B,元大AAA至A公司債,30,0,30,華南永昌-頭份,2024-04-10,9343
2886,兆豐金,30,0,30,華南永昌-頭份,2024-04-10,9343
00937B,群益ESG投等債20,45,19,26,華南永昌-頭份,2024-04-10,9343
00720B,元大投資級公司債,25,0,25,華南永昌-頭份,2024-04-10,9343
2834,臺企銀,22,0,22,華南永昌-頭份,2024-04-10,9343
1905,華紙,50,30,20,華南永昌-頭份,2024-04-10,9343
2201,裕隆,20,0,20,華南永昌-頭份,2024-04-10,9343
2464,盟立,30,10,20,華南永昌-頭份,2024-04-10,9343
2516,新建,20,0,20,華南永昌-頭份,2024-04-10,9343
4952,凌通,20,0,20,華南永昌-頭份,2024-04-10,9343
2887,台新金,21,2,19,華南永昌-頭份,2024-04-10,9343
00909,國泰數位支付服務,18,0,18,華南永昌-頭份,2024-04-10,9343
2323,中環,30,12,18,華南永昌-頭份,2024-04-10,9343
3363,上詮,30,12,18,華南永昌-頭份,2024-04-10,9343
00933B,國泰10Y+金融債,22,5,17,華南永昌-頭份,2024-04-10,9343
2376,技嘉,18,3,15,華南永昌-頭份,2024-04-10,9343
3563,牧德,15,0,15,華南永昌-頭份,2024-04-10,9343
5410,國眾,19,4,15,華南永昌-頭份,2024-04-10,9343
1515,力山,15,1,14,華南永昌-頭份,2024-04-10,9343
2002,中鋼,20,6,14,華南永昌-頭份,2024-04-10,9343
5439,高技,41,28,13,華南永昌-頭份,2024-04-10,9343
2421,建準,13,0,13,華南永昌-頭份,2024-04-10,9343
00929,復華台灣科技優息,21,9,12,華南永昌-頭份,2024-04-10,9343
2371,大同,16,4,12,華南永昌-頭份,2024-04-10,9343
00733,富邦臺灣中小,12,0,12,華南永昌-頭份,2024-04-10,9343
2634,漢翔,17,5,12,華南永昌-頭份,2024-04-10,9343
3178,公準,13,1,12,華南永昌-頭份,2024-04-10,9343
1802,台玻,11,0,11,華南永昌-頭份,2024-04-10,9343
2885,元大金,11,0,11,華南永昌-頭份,2024-04-10,9343
3217,優群,11,0,11,華南永昌-頭份,2024-04-10,9343
6488,環球晶,10,0,10,華南永昌-頭份,2024-04-10,9343
1717,長興,10,0,10,華南永昌-頭份,2024-04-10,9343
2367,燿華,16,6,10,華南永昌-頭份,2024-04-10,9343
3489,森寶,10,0,10,華南永昌-頭份,2024-04-10,9343
6284,佳邦,13,3,10,華南永昌-頭份,2024-04-10,9343
8390,金益鼎,10,0,10,華南永昌-頭份,2024-04-10,9343
1514,亞力,44,34,10,華南永昌-頭份,2024-04-10,9343
3481,群創,384,102,282,華南永昌-頭份,2024-04-11,9343
00929,復華台灣科技優息,120,13,107,華南永昌-頭份,2024-04-11,9343
00937B,群益ESG投等債20,87,0,87,華南永昌-頭份,2024-04-11,9343
8096,擎亞,93,14,79,華南永昌-頭份,2024-04-11,9343
00712,復華富時不動產,45,0,45,華南永昌-頭份,2024-04-11,9343
8033,雷虎,42,0,42,華南永昌-頭份,2024-04-11,9343
9958,世紀鋼,42,0,42,華南永昌-頭份,2024-04-11,9343
00940,元大台灣價值高息,109,68,41,華南永昌-頭份,2024-04-11,9343
2527,宏璟,40,0,40,華南永昌-頭份,2024-04-11,9343
00679B,元大美債20年,37,0,37,華南永昌-頭份,2024-04-11,9343
2329,華泰,61,30,31,華南永昌-頭份,2024-04-11,9343
1808,潤隆,30,0,30,華南永昌-頭份,2024-04-11,9343
2303,聯電,31,5,26,華南永昌-頭份,2024-04-11,9343
00706L,期元大S＆P日圓正2,26,0,26,華南永昌-頭份,2024-04-11,9343
3059,華晶科,26,0,26,華南永昌-頭份,2024-04-11,9343
00687B,國泰20年美債,25,0,25,華南永昌-頭份,2024-04-11,9343
1721,三晃,25,0,25,華南永昌-頭份,2024-04-11,9343
00933B,國泰10Y+金融債,23,0,23,華南永昌-頭份,2024-04-11,9343
2354,鴻準,23,1,22,華南永昌-頭份,2024-04-11,9343
3231,緯創,25,3,22,華南永昌-頭份,2024-04-11,9343
2630,亞航,33,12,21,華南永昌-頭份,2024-04-11,9343
3060,銘異,35,14,21,華南永昌-頭份,2024-04-11,9343
2886,兆豐金,21,0,21,華南永昌-頭份,2024-04-11,9343
2331,精英,20,0,20,華南永昌-頭份,2024-04-11,9343
3013,晟銘電,39,19,20,華南永昌-頭份,2024-04-11,9343
5521,工信,22,2,20,華南永昌-頭份,2024-04-11,9343
6901,鑽石投資,19,1,18,華南永昌-頭份,2024-04-11,9343
2913,農林,16,0,16,華南永昌-頭份,2024-04-11,9343
1503,士電,33,18,15,華南永昌-頭份,2024-04-11,9343
00720B,元大投資級公司債,15,0,15,華南永昌-頭份,2024-04-11,9343
2468,華經,15,0,15,華南永昌-頭份,2024-04-11,9343
2409,友達,14,0,14,華南永昌-頭份,2024-04-11,9343
00680L,元大美債20正2,13,0,13,華南永昌-頭份,2024-04-11,9343
2367,燿華,17,5,12,華南永昌-頭份,2024-04-11,9343
2515,中工,21,9,12,華南永昌-頭份,2024-04-11,9343
3321,同泰,12,0,12,華南永昌-頭份,2024-04-11,9343
6117,迎廣,19,7,12,華南永昌-頭份,2024-04-11,9343
6683,雍智科技,12,0,12,華南永昌-頭份,2024-04-11,9343
1605,華新,18,7,11,華南永昌-頭份,2024-04-11,9343
2406,國碩,18,7,11,華南永昌-頭份,2024-04-11,9343
4746,台耀,11,0,11,華南永昌-頭份,2024-04-11,9343
1587,吉茂,10,0,10,華南永昌-頭份,2024-04-11,9343
1909,榮成,10,0,10,華南永昌-頭份,2024-04-11,9343
2393,億光,12,2,10,華南永昌-頭份,2024-04-11,9343
3028,增你強,10,0,10,華南永昌-頭份,2024-04-11,9343
3294,英濟,10,0,10,華南永昌-頭份,2024-04-11,9343
5488,松普,10,0,10,華南永昌-頭份,2024-04-11,9343
6425,易發,12,2,10,華南永昌-頭份,2024-04-11,9343
9105,泰金寶-DR,10,0,10,華南永昌-頭份,2024-04-11,9343
1434,福懋,9,0,9,華南永昌-頭份,2024-04-11,9343
2363,矽統,828,80,748,華南永昌-頭份,2024-04-12,9343
00671R,富邦NASDAQ反1,300,1,299,華南永昌-頭份,2024-04-12,9343
00937B,群益ESG投等債20,136,4,132,華南永昌-頭份,2024-04-12,9343
2371,大同,135,76,59,華南永昌-頭份,2024-04-12,9343
00753L,中信中國50正2,50,0,50,華南永昌-頭份,2024-04-12,9343
00706L,期元大S＆P日圓正2,45,0,45,華南永昌-頭份,2024-04-12,9343
2881,富邦金,45,2,43,華南永昌-頭份,2024-04-12,9343
2353,宏��,68,27,41,華南永昌-頭份,2024-04-12,9343
2610,華航,50,12,38,華南永昌-頭份,2024-04-12,9343
00940,元大台灣價值高息,89,54,35,華南永昌-頭份,2024-04-12,9343
3481,群創,50,16,34,華南永昌-頭份,2024-04-12,9343
8936,國統,35,4,31,華南永昌-頭份,2024-04-12,9343
5450,南良,30,0,30,華南永昌-頭份,2024-04-12,9343
2377,微星,27,0,27,華南永昌-頭份,2024-04-12,9343
2884,玉山金,23,0,23,華南永昌-頭份,2024-04-12,9343
2527,宏璟,23,2,21,華南永昌-頭份,2024-04-12,9343
2323,中環,20,0,20,華南永昌-頭份,2024-04-12,9343
2369,菱生,20,0,20,華南永昌-頭份,2024-04-12,9343
4958,臻鼎-KY,20,0,20,華南永昌-頭份,2024-04-12,9343
2516,新建,19,0,19,華南永昌-頭份,2024-04-12,9343
2329,華泰,25,7,18,華南永昌-頭份,2024-04-12,9343
6550,北極星藥業-KY,17,0,17,華南永昌-頭份,2024-04-12,9343
8011,台通,18,1,17,華南永昌-頭份,2024-04-12,9343
2344,華邦電,18,2,16,華南永昌-頭份,2024-04-12,9343
2405,輔信,21,5,16,華南永昌-頭份,2024-04-12,9343
2897,王道銀行,16,0,16,華南永昌-頭份,2024-04-12,9343
8096,擎亞,53,37,16,華南永昌-頭份,2024-04-12,9343
8112,至上,25,9,16,華南永昌-頭份,2024-04-12,9343
1809,中釉,15,0,15,華南永昌-頭份,2024-04-12,9343
6477,安集,16,1,15,華南永昌-頭份,2024-04-12,9343
3615,安可,24,10,14,華南永昌-頭份,2024-04-12,9343
2002,中鋼,13,0,13,華南永昌-頭份,2024-04-12,9343
2515,中工,14,1,13,華南永昌-頭份,2024-04-12,9343
2301,光寶科,13,1,12,華南永昌-頭份,2024-04-12,9343
2882,國泰金,12,0,12,華南永昌-頭份,2024-04-12,9343
6215,和椿,13,1,12,華南永昌-頭份,2024-04-12,9343
2355,敬鵬,11,0,11,華南永昌-頭份,2024-04-12,9343
2425,承啟,11,0,11,華南永昌-頭份,2024-04-12,9343
2634,漢翔,11,0,11,華南永昌-頭份,2024-04-12,9343
5439,高技,11,0,11,華南永昌-頭份,2024-04-12,9343
6257,矽格,13,2,11,華南永昌-頭份,2024-04-12,9343
00933B,國泰10Y+金融債,10,0,10,華南永昌-頭份,2024-04-12,9343
2230,泰茂,10,0,10,華南永昌-頭份,2024-04-12,9343
2498,宏達電,13,3,10,華南永昌-頭份,2024-04-12,9343
2506,太設,15,5,10,華南永昌-頭份,2024-04-12,9343
2890,永豐金,10,0,10,華南永昌-頭份,2024-04-12,9343
2913,農林,10,0,10,華南永昌-頭份,2024-04-12,9343
3059,華晶科,30,20,10,華南永昌-頭份,2024-04-12,9343
3217,優群,20,10,10,華南永昌-頭份,2024-04-12,9343
4167,松瑞藥,10,0,10,華南永昌-頭份,2024-04-12,9343
00929,復華台灣科技優息,144,9,135,華南永昌-頭份,2024-04-15,9343
2867,三商壽,235,162,73,華南永昌-頭份,2024-04-15,9343
00687B,國泰20年美債,66,0,66,華南永昌-頭份,2024-04-15,9343
5439,高技,61,3,58,華南永昌-頭份,2024-04-15,9343
2367,燿華,80,31,49,華南永昌-頭份,2024-04-15,9343
9945,潤泰新,41,0,41,華南永昌-頭份,2024-04-15,9343
0056,元大高股息,33,0,33,華南永昌-頭份,2024-04-15,9343
5351,鈺創,33,0,33,華南永昌-頭份,2024-04-15,9343
1609,大亞,70,39,31,華南永昌-頭份,2024-04-15,9343
3071,協禧,30,0,30,華南永昌-頭份,2024-04-15,9343
3059,華晶科,50,22,28,華南永昌-頭份,2024-04-15,9343
3231,緯創,31,4,27,華南永昌-頭份,2024-04-15,9343
5490,同亨,27,0,27,華南永昌-頭份,2024-04-15,9343
2317,鴻海,42,16,26,華南永昌-頭份,2024-04-15,9343
00715L,期街口布蘭特正2,26,0,26,華南永昌-頭份,2024-04-15,9343
2356,英業達,27,2,25,華南永昌-頭份,2024-04-15,9343
5381,合正,25,0,25,華南永昌-頭份,2024-04-15,9343
00878,國泰永續高股息,25,0,25,華南永昌-頭份,2024-04-15,9343
1524,耿鼎,22,1,21,華南永昌-頭份,2024-04-15,9343
00919,群益台灣精選高息,39,19,20,華南永昌-頭份,2024-04-15,9343
00706L,期元大S＆P日圓正2,20,0,20,華南永昌-頭份,2024-04-15,9343
1802,台玻,20,0,20,華南永昌-頭份,2024-04-15,9343
1905,華紙,44,24,20,華南永昌-頭份,2024-04-15,9343
2405,輔信,26,6,20,華南永昌-頭份,2024-04-15,9343
8121,越峰,18,0,18,華南永昌-頭份,2024-04-15,9343
00939,統一台灣高息動能,17,0,17,華南永昌-頭份,2024-04-15,9343
00937B,群益ESG投等債20,17,0,17,華南永昌-頭份,2024-04-15,9343
00941,中信上游半導體,16,0,16,華南永昌-頭份,2024-04-15,9343
1455,集盛,16,0,16,華南永昌-頭份,2024-04-15,9343
3057,喬鼎,16,0,16,華南永昌-頭份,2024-04-15,9343
1513,中興電,44,28,16,華南永昌-頭份,2024-04-15,9343
3015,全漢,13,0,13,華南永昌-頭份,2024-04-15,9343
3013,晟銘電,18,5,13,華南永昌-頭份,2024-04-15,9343
3450,聯鈞,12,0,12,華南永昌-頭份,2024-04-15,9343
2308,台達電,12,0,12,華南永昌-頭份,2024-04-15,9343
00679B,元大美債20年,11,0,11,華南永昌-頭份,2024-04-15,9343
3294,英濟,12,1,11,華南永昌-頭份,2024-04-15,9343
2472,立隆電,11,0,11,華南永昌-頭份,2024-04-15,9343
3312,弘憶股,25,14,11,華南永昌-頭份,2024-04-15,9343
6770,力積電,11,0,11,華南永昌-頭份,2024-04-15,9343
6531,愛普*,10,0,10,華南永昌-頭份,2024-04-15,9343
1514,亞力,28,18,10,華南永昌-頭份,2024-04-15,9343
1529,樂事綠能,10,0,10,華南永昌-頭份,2024-04-15,9343
1711,永光,10,0,10,華南永昌-頭份,2024-04-15,9343
2314,台揚,10,0,10,華南永昌-頭份,2024-04-15,9343
2520,冠德,10,0,10,華南永昌-頭份,2024-04-15,9343
3060,銘異,14,4,10,華南永昌-頭份,2024-04-15,9343
4157,太景*-KY,10,0,10,華南永昌-頭份,2024-04-15,9343
4909,新復興,10,0,10,華南永昌-頭份,2024-04-15,9343
6288,聯嘉,10,0,10,華南永昌-頭份,2024-04-15,9343
00940,元大台灣價值高息,327,64,263,華南永昌-頭份,2024-04-16,9343
2889,國票金,220,0,220,華南永昌-頭份,2024-04-16,9343
2867,三商壽,226,36,190,華南永昌-頭份,2024-04-16,9343
3481,群創,142,2,140,華南永昌-頭份,2024-04-16,9343
5880,合庫金,102,0,102,華南永昌-頭份,2024-04-16,9343
2367,燿華,97,10,87,華南永昌-頭份,2024-04-16,9343
00937B,群益ESG投等債20,93,8,85,華南永昌-頭份,2024-04-16,9343
00919,群益台灣精選高息,120,57,63,華南永昌-頭份,2024-04-16,9343
6015,宏遠證,55,0,55,華南永昌-頭份,2024-04-16,9343
00939,統一台灣高息動能,50,1,49,華南永昌-頭份,2024-04-16,9343
1609,大亞,109,63,46,華南永昌-頭份,2024-04-16,9343
8033,雷虎,45,0,45,華南永昌-頭份,2024-04-16,9343
2881,富邦金,49,5,44,華南永昌-頭份,2024-04-16,9343
2618,長榮航,65,21,44,華南永昌-頭份,2024-04-16,9343
3231,緯創,54,13,41,華南永昌-頭份,2024-04-16,9343
00687B,國泰20年美債,39,0,39,華南永昌-頭份,2024-04-16,9343
2405,輔信,38,0,38,華南永昌-頭份,2024-04-16,9343
8096,擎亞,41,5,36,華南永昌-頭份,2024-04-16,9343
2408,南亞科,36,2,34,華南永昌-頭份,2024-04-16,9343
00936,台新永續高息中小,32,0,32,華南永昌-頭份,2024-04-16,9343
2317,鴻海,72,41,31,華南永昌-頭份,2024-04-16,9343
2888,新光金,35,5,30,華南永昌-頭份,2024-04-16,9343
00929,復華台灣科技優息,131,103,28,華南永昌-頭份,2024-04-16,9343
00632R,元大台灣50反1,43,15,28,華南永昌-頭份,2024-04-16,9343
9934,成霖,31,3,28,華南永昌-頭份,2024-04-16,9343
2527,宏璟,25,0,25,華南永昌-頭份,2024-04-16,9343
2353,宏��,36,12,24,華南永昌-頭份,2024-04-16,9343
4960,誠美材,23,1,22,華南永昌-頭份,2024-04-16,9343
6477,安集,25,3,22,華南永昌-頭份,2024-04-16,9343
9945,潤泰新,21,0,21,華南永昌-頭份,2024-04-16,9343
2208,台船,30,10,20,華南永昌-頭份,2024-04-16,9343
2344,華邦電,22,3,19,華南永昌-頭份,2024-04-16,9343
2330,台積電,23,6,17,華南永昌-頭份,2024-04-16,9343
1608,華榮,32,15,17,華南永昌-頭份,2024-04-16,9343
6005,群益證,16,0,16,華南永昌-頭份,2024-04-16,9343
00922,國泰台灣領袖50,16,0,16,華南永昌-頭份,2024-04-16,9343
3325,旭品,14,0,14,華南永昌-頭份,2024-04-16,9343
00720B,元大投資級公司債,13,0,13,華南永昌-頭份,2024-04-16,9343
2439,美律,15,2,13,華南永昌-頭份,2024-04-16,9343
00733,富邦臺灣中小,14,2,12,華南永昌-頭份,2024-04-16,9343
00941,中信上游半導體,15,3,12,華南永昌-頭份,2024-04-16,9343
00885,富邦越南,12,0,12,華南永昌-頭份,2024-04-16,9343
1603,華電,12,0,12,華南永昌-頭份,2024-04-16,9343
3339,泰谷,12,0,12,華南永昌-頭份,2024-04-16,9343
00878,國泰永續高股息,22,10,12,華南永昌-頭份,2024-04-16,9343
2634,漢翔,18,7,11,華南永昌-頭份,2024-04-16,9343
1314,中石化,13,2,11,華南永昌-頭份,2024-04-16,9343
2314,台揚,12,1,11,華南永昌-頭份,2024-04-16,9343
2406,國碩,14,3,11,華南永昌-頭份,2024-04-16,9343
2442,新美齊,11,0,11,華南永昌-頭份,2024-04-16,9343
2867,三商壽,121,5,116,華南永昌-頭份,2024-04-17,9343
00937B,群益ESG投等債20,152,70,82,華南永昌-頭份,2024-04-17,9343
3024,憶聲,77,0,77,華南永昌-頭份,2024-04-17,9343
00929,復華台灣科技優息,71,2,69,華南永昌-頭份,2024-04-17,9343
4526,東台,72,5,67,華南永昌-頭份,2024-04-17,9343
2353,宏��,70,16,54,華南永昌-頭份,2024-04-17,9343
00933B,國泰10Y+金融債,39,0,39,華南永昌-頭份,2024-04-17,9343
1605,華新,63,30,33,華南永昌-頭份,2024-04-17,9343
00712,復華富時不動產,30,0,30,華南永昌-頭份,2024-04-17,9343
3041,揚智,30,0,30,華南永昌-頭份,2024-04-17,9343
2401,凌陽,50,22,28,華南永昌-頭份,2024-04-17,9343
00940,元大台灣價值高息,29,4,25,華南永昌-頭份,2024-04-17,9343
3231,緯創,37,13,24,華南永昌-頭份,2024-04-17,9343
6695,芯鼎,20,1,19,華南永昌-頭份,2024-04-17,9343
2409,友達,18,0,18,華南永昌-頭份,2024-04-17,9343
2330,台積電,20,2,18,華南永昌-頭份,2024-04-17,9343
3481,群創,87,70,17,華南永昌-頭份,2024-04-17,9343
2618,長榮航,17,1,16,華南永昌-頭份,2024-04-17,9343
0056,元大高股息,18,2,16,華南永昌-頭份,2024-04-17,9343
2882,國泰金,15,0,15,華南永昌-頭份,2024-04-17,9343
2609,陽明,14,0,14,華南永昌-頭份,2024-04-17,9343
3622,洋華,19,5,14,華南永昌-頭份,2024-04-17,9343
00918,大華優利高填息30,12,0,12,華南永昌-頭份,2024-04-17,9343
2515,中工,15,3,12,華南永昌-頭份,2024-04-17,9343
5210,寶碩,11,0,11,華南永昌-頭份,2024-04-17,9343
00830,國泰費城半導體,10,0,10,華南永昌-頭份,2024-04-17,9343
00706L,期元大S＆P日圓正2,10,0,10,華南永昌-頭份,2024-04-17,9343
1711,永光,10,0,10,華南永昌-頭份,2024-04-17,9343
2459,敦吉,10,0,10,華南永昌-頭份,2024-04-17,9343
3162,精確,10,0,10,華南永昌-頭份,2024-04-17,9343
3167,大量,10,0,10,華南永昌-頭份,2024-04-17,9343
4533,協易機,12,2,10,華南永昌-頭份,2024-04-17,9343
6284,佳邦,10,0,10,華南永昌-頭份,2024-04-17,9343
1570,力肯,9,0,9,華南永昌-頭份,2024-04-17,9343
6901,鑽石投資,12,3,9,華南永昌-頭份,2024-04-17,9343
00720B,元大投資級公司債,8,0,8,華南永昌-頭份,2024-04-17,9343
3587,閎康,8,0,8,華南永昌-頭份,2024-04-17,9343
00773B,中信優先金融債,7,0,7,華南永昌-頭份,2024-04-17,9343
00857B,永豐20年美公債,7,0,7,華南永昌-頭份,2024-04-17,9343
1810,和成,43,36,7,華南永昌-頭份,2024-04-17,9343
6719,力智,7,0,7,華南永昌-頭份,2024-04-17,9343
6770,力積電,15,8,7,華南永昌-頭份,2024-04-17,9343
4147,中裕,6,0,6,華南永昌-頭份,2024-04-17,9343
2354,鴻準,6,0,6,華南永昌-頭份,2024-04-17,9343
00885,富邦越南,6,0,6,華南永昌-頭份,2024-04-17,9343
2002,中鋼,6,0,6,華南永昌-頭份,2024-04-17,9343
2486,一詮,9,3,6,華南永昌-頭份,2024-04-17,9343
3047,訊舟,6,0,6,華南永昌-頭份,2024-04-17,9343
4909,新復興,6,0,6,華南永昌-頭份,2024-04-17,9343
6477,安集,7,1,6,華南永昌-頭份,2024-04-17,9343
2610,華航,94,7,87,華南永昌-頭份,2024-04-18,9343
1611,中電,89,10,79,華南永昌-頭份,2024-04-18,9343
00940,元大台灣價值高息,68,0,68,華南永昌-頭份,2024-04-18,9343
1608,華榮,81,39,42,華南永昌-頭份,2024-04-18,9343
0056,元大高股息,40,5,35,華南永昌-頭份,2024-04-18,9343
1609,大亞,58,24,34,華南永昌-頭份,2024-04-18,9343
6770,力積電,38,5,33,華南永昌-頭份,2024-04-18,9343
2406,國碩,31,0,31,華南永昌-頭份,2024-04-18,9343
8054,安國,39,10,29,華南永昌-頭份,2024-04-18,9343
00687B,國泰20年美債,28,0,28,華南永昌-頭份,2024-04-18,9343
00941,中信上游半導體,41,15,26,華南永昌-頭份,2024-04-18,9343
00929,復華台灣科技優息,31,7,24,華南永昌-頭份,2024-04-18,9343
2408,南亞科,23,0,23,華南永昌-頭份,2024-04-18,9343
2354,鴻準,20,0,20,華南永昌-頭份,2024-04-18,9343
2801,彰銀,20,0,20,華南永昌-頭份,2024-04-18,9343
3694,海華,20,0,20,華南永昌-頭份,2024-04-18,9343
00937B,群益ESG投等債20,19,0,19,華南永昌-頭份,2024-04-18,9343
1603,華電,22,3,19,華南永昌-頭份,2024-04-18,9343
1504,東元,39,23,16,華南永昌-頭份,2024-04-18,9343
2362,藍天,15,0,15,華南永昌-頭份,2024-04-18,9343
2313,華通,15,0,15,華南永昌-頭份,2024-04-18,9343
3024,憶聲,15,0,15,華南永昌-頭份,2024-04-18,9343
5512,力麒,15,1,14,華南永昌-頭份,2024-04-18,9343
5515,建國,25,12,13,華南永昌-頭份,2024-04-18,9343
00931B,統一美債20年,12,0,12,華南永昌-頭份,2024-04-18,9343
00939,統一台灣高息動能,11,0,11,華南永昌-頭份,2024-04-18,9343
00919,群益台灣精選高息,18,7,11,華南永昌-頭份,2024-04-18,9343
1514,亞力,11,0,11,華南永昌-頭份,2024-04-18,9343
2301,光寶科,13,2,11,華南永昌-頭份,2024-04-18,9343
3645,達邁,11,0,11,華南永昌-頭份,2024-04-18,9343
00936,台新永續高息中小,10,0,10,華南永昌-頭份,2024-04-18,9343
00706L,期元大S＆P日圓正2,10,0,10,華南永昌-頭份,2024-04-18,9343
00632R,元大台灣50反1,10,0,10,華南永昌-頭份,2024-04-18,9343
1815,富喬,10,0,10,華南永昌-頭份,2024-04-18,9343
2449,京元電子,20,10,10,華南永昌-頭份,2024-04-18,9343
2867,三商壽,20,10,10,華南永昌-頭份,2024-04-18,9343
2887,台新金,10,0,10,華南永昌-頭份,2024-04-18,9343
3178,公準,15,5,10,華南永昌-頭份,2024-04-18,9343
3516,亞帝歐,10,0,10,華南永昌-頭份,2024-04-18,9343
3625,西勝,10,0,10,華南永昌-頭份,2024-04-18,9343
3689,湧德,10,0,10,華南永昌-頭份,2024-04-18,9343
5009,榮剛,11,1,10,華南永昌-頭份,2024-04-18,9343
5381,合正,14,4,10,華南永昌-頭份,2024-04-18,9343
6015,宏遠證,10,0,10,華南永昌-頭份,2024-04-18,9343
8105,凌巨,10,0,10,華南永昌-頭份,2024-04-18,9343
8121,越峰,10,0,10,華南永昌-頭份,2024-04-18,9343
3231,緯創,12,3,9,華南永昌-頭份,2024-04-18,9343
2002,中鋼,12,3,9,華南永昌-頭份,2024-04-18,9343
2330,台積電,10,2,8,華南永昌-頭份,2024-04-18,9343
2028,威致,10,2,8,華南永昌-頭份,2024-04-18,9343
00929,復華台灣科技優息,352,20,332,華南永昌-頭份,2024-04-19,9343
00940,元大台灣價值高息,197,9,188,華南永昌-頭份,2024-04-19,9343
00687B,國泰20年美債,94,2,92,華南永昌-頭份,2024-04-19,9343
00939,統一台灣高息動能,73,0,73,華南永昌-頭份,2024-04-19,9343
2881,富邦金,83,10,73,華南永昌-頭份,2024-04-19,9343
3024,憶聲,60,0,60,華南永昌-頭份,2024-04-19,9343
1608,華榮,95,35,60,華南永昌-頭份,2024-04-19,9343
00919,群益台灣精選高息,116,56,60,華南永昌-頭份,2024-04-19,9343
00706L,期元大S＆P日圓正2,50,0,50,華南永昌-頭份,2024-04-19,9343
2330,台積電,59,12,47,華南永昌-頭份,2024-04-19,9343
5230,雷笛克光學,47,0,47,華南永昌-頭份,2024-04-19,9343
0056,元大高股息,57,14,43,華南永昌-頭份,2024-04-19,9343
2344,華邦電,43,1,42,華南永昌-頭份,2024-04-19,9343
1611,中電,41,0,41,華南永昌-頭份,2024-04-19,9343
2371,大同,185,145,40,華南永昌-頭份,2024-04-19,9343
00936,台新永續高息中小,40,0,40,華南永昌-頭份,2024-04-19,9343
2516,新建,40,0,40,華南永昌-頭份,2024-04-19,9343
2208,台船,40,2,38,華南永昌-頭份,2024-04-19,9343
2303,聯電,43,9,34,華南永昌-頭份,2024-04-19,9343
2317,鴻海,61,27,34,華南永昌-頭份,2024-04-19,9343
2618,長榮航,40,8,32,華南永昌-頭份,2024-04-19,9343
2515,中工,93,62,31,華南永昌-頭份,2024-04-19,9343
9934,成霖,25,0,25,華南永昌-頭份,2024-04-19,9343
2405,輔信,25,1,24,華南永昌-頭份,2024-04-19,9343
3563,牧德,24,0,24,華南永昌-頭份,2024-04-19,9343
1612,宏泰,44,22,22,華南永昌-頭份,2024-04-19,9343
2888,新光金,22,0,22,華南永昌-頭份,2024-04-19,9343
2388,威盛,24,3,21,華南永昌-頭份,2024-04-19,9343
2610,華航,41,20,21,華南永昌-頭份,2024-04-19,9343
2897,王道銀行,21,0,21,華南永昌-頭份,2024-04-19,9343
00680L,元大美債20正2,25,7,18,華南永昌-頭份,2024-04-19,9343
2511,太子,23,5,18,華南永昌-頭份,2024-04-19,9343
2630,亞航,37,20,17,華南永昌-頭份,2024-04-19,9343
6416,瑞祺電通,17,0,17,華南永昌-頭份,2024-04-19,9343
00881,國泰台灣5G+,16,0,16,華南永昌-頭份,2024-04-19,9343
6901,鑽石投資,16,0,16,華南永昌-頭份,2024-04-19,9343
2547,日勝生,16,0,16,華南永昌-頭份,2024-04-19,9343
4526,東台,31,15,16,華南永昌-頭份,2024-04-19,9343
4532,瑞智,16,0,16,華南永昌-頭份,2024-04-19,9343
6770,力積電,22,6,16,華南永昌-頭份,2024-04-19,9343
5880,合庫金,16,0,16,華南永昌-頭份,2024-04-19,9343
2527,宏璟,16,1,15,華南永昌-頭份,2024-04-19,9343
4739,康普,15,0,15,華南永昌-頭份,2024-04-19,9343
00918,大華優利高填息30,14,0,14,華南永昌-頭份,2024-04-19,9343
00715L,期街口布蘭特正2,15,1,14,華南永昌-頭份,2024-04-19,9343
3033,威健,20,6,14,華南永昌-頭份,2024-04-19,9343
3036,文曄,14,0,14,華南永昌-頭份,2024-04-19,9343
1609,大亞,288,274,14,華南永昌-頭份,2024-04-19,9343
5347,世界,13,0,13,華南永昌-頭份,2024-04-19,9343
5521,工信,28,15,13,華南永昌-頭份,2024-04-19,9343
2511,太子,328,16,312,華南永昌-頭份,2024-04-22,9343
00929,復華台灣科技優息,296,16,280,華南永昌-頭份,2024-04-22,9343
00680L,元大美債20正2,200,0,200,華南永昌-頭份,2024-04-22,9343
2867,三商壽,100,12,88,華南永昌-頭份,2024-04-22,9343
9945,潤泰新,82,0,82,華南永昌-頭份,2024-04-22,9343
2323,中環,40,0,40,華南永昌-頭份,2024-04-22,9343
6213,聯茂,37,1,36,華南永昌-頭份,2024-04-22,9343
3481,群創,35,1,34,華南永昌-頭份,2024-04-22,9343
4526,東台,33,1,32,華南永昌-頭份,2024-04-22,9343
2204,中華,30,1,29,華南永昌-頭份,2024-04-22,9343
2371,大同,133,105,28,華南永昌-頭份,2024-04-22,9343
1612,宏泰,33,7,26,華南永昌-頭份,2024-04-22,9343
3231,緯創,35,10,25,華南永昌-頭份,2024-04-22,9343
2367,燿華,36,11,25,華南永昌-頭份,2024-04-22,9343
4157,太景*-KY,131,108,23,華南永昌-頭份,2024-04-22,9343
2382,廣達,21,1,20,華南永昌-頭份,2024-04-22,9343
2880,華南金,20,1,19,華南永昌-頭份,2024-04-22,9343
2504,國產,63,45,18,華南永昌-頭份,2024-04-22,9343
3024,憶聲,24,6,18,華南永昌-頭份,2024-04-22,9343
3576,聯合再生,20,2,18,華南永昌-頭份,2024-04-22,9343
5512,力麒,54,37,17,華南永昌-頭份,2024-04-22,9343
2405,輔信,17,0,17,華南永昌-頭份,2024-04-22,9343
0056,元大高股息,18,2,16,華南永昌-頭份,2024-04-22,9343
6531,愛普*,14,0,14,華南永昌-頭份,2024-04-22,9343
2409,友達,13,0,13,華南永昌-頭份,2024-04-22,9343
00755B,群益投資級公用債,12,0,12,華南永昌-頭份,2024-04-22,9343
3512,皇龍,23,11,12,華南永昌-頭份,2024-04-22,9343
00919,群益台灣精選高息,122,110,12,華南永昌-頭份,2024-04-22,9343
2379,瑞昱,11,0,11,華南永昌-頭份,2024-04-22,9343
4303,信立,13,3,10,華南永昌-頭份,2024-04-22,9343
5230,雷笛克光學,18,8,10,華南永昌-頭份,2024-04-22,9343
9103,美德醫療-DR,10,0,10,華南永昌-頭份,2024-04-22,9343
00674R,期元大S＆P黃金反1,9,0,9,華南永昌-頭份,2024-04-22,9343
2009,第一銅,18,9,9,華南永昌-頭份,2024-04-22,9343
3015,全漢,15,6,9,華南永昌-頭份,2024-04-22,9343
3325,旭品,9,0,9,華南永昌-頭份,2024-04-22,9343
8222,寶一,10,1,9,華南永昌-頭份,2024-04-22,9343
8390,金益鼎,9,0,9,華南永昌-頭份,2024-04-22,9343
2374,佳能,14,5,9,華南永昌-頭份,2024-04-22,9343
2406,國碩,12,3,9,華南永昌-頭份,2024-04-22,9343
2630,亞航,8,0,8,華南永昌-頭份,2024-04-22,9343
00881,國泰台灣5G+,18,10,8,華南永昌-頭份,2024-04-22,9343
4909,新復興,8,0,8,華南永昌-頭份,2024-04-22,9343
1101,台泥,11,3,8,華南永昌-頭份,2024-04-22,9343
2506,太設,16,8,8,華南永昌-頭份,2024-04-22,9343
2528,皇普,8,0,8,華南永昌-頭份,2024-04-22,9343
2634,漢翔,14,6,8,華南永昌-頭份,2024-04-22,9343
2836,高雄銀,8,0,8,華南永昌-頭份,2024-04-22,9343
8936,國統,49,42,7,華南永昌-頭份,2024-04-22,9343
1605,華新,7,0,7,華南永昌-頭份,2024-04-22,9343
00929,復華台灣科技優息,128,4,124,華南永昌-頭份,2024-04-23,9343
9105,泰金寶-DR,81,0,81,華南永昌-頭份,2024-04-23,9343
4306,炎洲,60,6,54,華南永昌-頭份,2024-04-23,9343
00940,元大台灣價值高息,47,7,40,華南永昌-頭份,2024-04-23,9343
4726,永昕,42,5,37,華南永昌-頭份,2024-04-23,9343
2547,日勝生,35,5,30,華南永昌-頭份,2024-04-23,9343
8046,南電,32,2,30,華南永昌-頭份,2024-04-23,9343
3058,立德,26,0,26,華南永昌-頭份,2024-04-23,9343
3703,欣陸,33,9,24,華南永昌-頭份,2024-04-23,9343
2449,京元電子,36,13,23,華南永昌-頭份,2024-04-23,9343
2897,王道銀行,22,0,22,華南永昌-頭份,2024-04-23,9343
00918,大華優利高填息30,20,0,20,華南永昌-頭份,2024-04-23,9343
3231,緯創,19,3,16,華南永昌-頭份,2024-04-23,9343
6284,佳邦,15,0,15,華南永昌-頭份,2024-04-23,9343
2515,中工,93,79,14,華南永昌-頭份,2024-04-23,9343
2506,太設,13,0,13,華南永昌-頭份,2024-04-23,9343
2303,聯電,12,0,12,華南永昌-頭份,2024-04-23,9343
1608,華榮,23,11,12,華南永昌-頭份,2024-04-23,9343
4533,協易機,10,0,10,華南永昌-頭份,2024-04-23,9343
3715,定穎投控,10,0,10,華南永昌-頭份,2024-04-23,9343
00936,台新永續高息中小,10,0,10,華南永昌-頭份,2024-04-23,9343
00942B,台新美A公司債20+,10,0,10,華南永昌-頭份,2024-04-23,9343
00633L,富邦上証正2,11,1,10,華南永昌-頭份,2024-04-23,9343
3686,達能,12,2,10,華南永昌-頭份,2024-04-23,9343
1612,宏泰,18,9,9,華南永昌-頭份,2024-04-23,9343
3015,全漢,10,1,9,華南永昌-頭份,2024-04-23,9343
2637,慧洋-KY,13,4,9,華南永昌-頭份,2024-04-23,9343
6005,群益證,9,1,8,華南永昌-頭份,2024-04-23,9343
1617,榮星,10,3,7,華南永昌-頭份,2024-04-23,9343
00632R,元大台灣50反1,50,43,7,華南永昌-頭份,2024-04-23,9343
1504,東元,10,3,7,華南永昌-頭份,2024-04-23,9343
1808,潤隆,7,0,7,華南永昌-頭份,2024-04-23,9343
1905,華紙,11,4,7,華南永昌-頭份,2024-04-23,9343
4157,太景*-KY,7,0,7,華南永昌-頭份,2024-04-23,9343
3013,晟銘電,9,3,6,華南永昌-頭份,2024-04-23,9343
3024,憶聲,28,22,6,華南永昌-頭份,2024-04-23,9343
4532,瑞智,6,0,6,華南永昌-頭份,2024-04-23,9343
2330,台積電,6,1,5,華南永昌-頭份,2024-04-23,9343
2327,國巨,5,0,5,華南永昌-頭份,2024-04-23,9343
00637L,元大滬深300正2,70,65,5,華南永昌-頭份,2024-04-23,9343
1810,和成,6,1,5,華南永昌-頭份,2024-04-23,9343
2880,華南金,5,0,5,華南永昌-頭份,2024-04-23,9343
2903,遠百,5,0,5,華南永昌-頭份,2024-04-23,9343
3071,協禧,5,0,5,華南永昌-頭份,2024-04-23,9343
3162,精確,5,0,5,華南永昌-頭份,2024-04-23,9343
4924,欣厚-KY,5,0,5,華南永昌-頭份,2024-04-23,9343
6213,聯茂,9,4,5,華南永昌-頭份,2024-04-23,9343
8358,金居,5,0,5,華南永昌-頭份,2024-04-23,9343
0056,元大高股息,4,0,4,華南永昌-頭份,2024-04-23,9343
1529,樂事綠能,6,2,4,華南永昌-頭份,2024-04-23,9343
1609,大亞,228,67,161,華南永昌-頭份,2024-04-24,9343
00929,復華台灣科技優息,163,23,140,華南永昌-頭份,2024-04-24,9343
00940,元大台灣價值高息,84,13,71,華南永昌-頭份,2024-04-24,9343
2536,宏普,64,2,62,華南永昌-頭份,2024-04-24,9343
00772B,中信高評級公司債,60,0,60,華南永昌-頭份,2024-04-24,9343
2605,新興,62,15,47,華南永昌-頭份,2024-04-24,9343
00687B,國泰20年美債,47,0,47,華南永昌-頭份,2024-04-24,9343
3481,群創,105,70,35,華南永昌-頭份,2024-04-24,9343
1809,中釉,30,3,27,華南永昌-頭份,2024-04-24,9343
1903,士紙,27,0,27,華南永昌-頭份,2024-04-24,9343
8096,擎亞,24,3,21,華南永昌-頭份,2024-04-24,9343
2506,太設,20,0,20,華南永昌-頭份,2024-04-24,9343
2845,遠東銀,20,0,20,華南永昌-頭份,2024-04-24,9343
9907,統一實,16,0,16,華南永昌-頭份,2024-04-24,9343
2547,日勝生,25,10,15,華南永昌-頭份,2024-04-24,9343
3058,立德,15,1,14,華南永昌-頭份,2024-04-24,9343
6284,佳邦,20,6,14,華南永昌-頭份,2024-04-24,9343
1503,士電,30,17,13,華南永昌-頭份,2024-04-24,9343
2363,矽統,18,5,13,華南永昌-頭份,2024-04-24,9343
3024,憶聲,16,3,13,華南永昌-頭份,2024-04-24,9343
00878,國泰永續高股息,13,0,13,華南永昌-頭份,2024-04-24,9343
00891,中信關鍵半導體,13,1,12,華南永昌-頭份,2024-04-24,9343
2303,聯電,16,5,11,華南永昌-頭份,2024-04-24,9343
00937B,群益ESG投等債20,90,79,11,華南永昌-頭份,2024-04-24,9343
1608,華榮,21,10,11,華南永昌-頭份,2024-04-24,9343
1810,和成,16,5,11,華南永昌-頭份,2024-04-24,9343
00751B,元大AAA至A公司債,10,0,10,華南永昌-頭份,2024-04-24,9343
6799,來頡,10,0,10,華南永昌-頭份,2024-04-24,9343
9802,鈺齊-KY,10,0,10,華南永昌-頭份,2024-04-24,9343
1457,宜進,8,0,8,華南永昌-頭份,2024-04-24,9343
00942B,台新美A公司債20+,8,0,8,華南永昌-頭份,2024-04-24,9343
1618,合機,12,4,8,華南永昌-頭份,2024-04-24,9343
1731,美吾華,9,1,8,華南永昌-頭份,2024-04-24,9343
2637,慧洋-KY,8,0,8,華南永昌-頭份,2024-04-24,9343
2867,三商壽,8,0,8,華南永昌-頭份,2024-04-24,9343
3035,智原,8,1,7,華南永昌-頭份,2024-04-24,9343
2634,漢翔,7,0,7,華南永昌-頭份,2024-04-24,9343
2464,盟立,10,4,6,華南永昌-頭份,2024-04-24,9343
00679B,元大美債20年,5,0,5,華南永昌-頭份,2024-04-24,9343
1101,台泥,5,0,5,華南永昌-頭份,2024-04-24,9343
2208,台船,5,0,5,華南永昌-頭份,2024-04-24,9343
2374,佳能,11,6,5,華南永昌-頭份,2024-04-24,9343
2459,敦吉,5,0,5,華南永昌-頭份,2024-04-24,9343
3059,華晶科,10,5,5,華南永昌-頭份,2024-04-24,9343
3704,合勤控,5,0,5,華南永昌-頭份,2024-04-24,9343
4588,玖鼎電力,5,0,5,華南永昌-頭份,2024-04-24,9343
6202,盛群,5,0,5,華南永昌-頭份,2024-04-24,9343
6257,矽格,5,0,5,華南永昌-頭份,2024-04-24,9343
2891,中信金,4,0,4,華南永昌-頭份,2024-04-24,9343
00720B,元大投資級公司債,5,1,4,華南永昌-頭份,2024-04-24,9343
2323,中環,1390,17,1373,華南永昌-頭份,2024-04-25,9343
00680L,元大美債20正2,100,0,100,華南永昌-頭份,2024-04-25,9343
00929,復華台灣科技優息,71,0,71,華南永昌-頭份,2024-04-25,9343
4123,晟德,30,0,30,華南永昌-頭份,2024-04-25,9343
00632R,元大台灣50反1,28,0,28,華南永昌-頭份,2024-04-25,9343
1808,潤隆,61,37,24,華南永昌-頭份,2024-04-25,9343
3686,達能,30,8,22,華南永昌-頭份,2024-04-25,9343
2316,楠梓電,22,1,21,華南永昌-頭份,2024-04-25,9343
3231,緯創,31,11,20,華南永昌-頭份,2024-04-25,9343
5439,高技,21,1,20,華南永昌-頭份,2024-04-25,9343
8096,擎亞,20,1,19,華南永昌-頭份,2024-04-25,9343
6139,亞翔,20,2,18,華南永昌-頭份,2024-04-25,9343
2354,鴻準,20,4,16,華南永昌-頭份,2024-04-25,9343
00679B,元大美債20年,15,0,15,華南永昌-頭份,2024-04-25,9343
00942B,台新美A公司債20+,14,0,14,華南永昌-頭份,2024-04-25,9343
3037,欣興,16,3,13,華南永昌-頭份,2024-04-25,9343
2610,華航,39,26,13,華南永昌-頭份,2024-04-25,9343
3013,晟銘電,25,12,13,華南永昌-頭份,2024-04-25,9343
4716,大立,13,1,12,華南永昌-頭份,2024-04-25,9343
00720B,元大投資級公司債,11,0,11,華南永昌-頭份,2024-04-25,9343
2408,南亞科,11,0,11,華南永昌-頭份,2024-04-25,9343
3481,群創,22,11,11,華南永昌-頭份,2024-04-25,9343
6213,聯茂,11,0,11,華南永昌-頭份,2024-04-25,9343
2489,瑞軒,11,0,11,華南永昌-頭份,2024-04-25,9343
00940,元大台灣價值高息,23,12,11,華南永昌-頭份,2024-04-25,9343
3338,泰碩,30,20,10,華南永昌-頭份,2024-04-25,9343
8011,台通,10,0,10,華南永昌-頭份,2024-04-25,9343
00891,中信關鍵半導體,10,0,10,華南永昌-頭份,2024-04-25,9343
2637,慧洋-KY,10,0,10,華南永昌-頭份,2024-04-25,9343
3252,海灣,10,0,10,華南永昌-頭份,2024-04-25,9343
4979,華星光,20,10,10,華南永昌-頭份,2024-04-25,9343
2330,台積電,18,8,10,華南永昌-頭份,2024-04-25,9343
5210,寶碩,9,0,9,華南永昌-頭份,2024-04-25,9343
2618,長榮航,72,63,9,華南永昌-頭份,2024-04-25,9343
0056,元大高股息,8,0,8,華南永昌-頭份,2024-04-25,9343
6901,鑽石投資,8,0,8,華南永昌-頭份,2024-04-25,9343
00919,群益台灣精選高息,16,9,7,華南永昌-頭份,2024-04-25,9343
2887,台新金,7,0,7,華南永昌-頭份,2024-04-25,9343
00896,中信綠能及電動車,7,0,7,華南永昌-頭份,2024-04-25,9343
2520,冠德,7,0,7,華南永昌-頭份,2024-04-25,9343
2731,雄獅,14,7,7,華南永昌-頭份,2024-04-25,9343
5230,雷笛克光學,9,2,7,華南永昌-頭份,2024-04-25,9343
1101,台泥,7,0,7,華南永昌-頭份,2024-04-25,9343
00927,群益半導體收益,6,0,6,華南永昌-頭份,2024-04-25,9343
00687B,國泰20年美債,6,0,6,華南永昌-頭份,2024-04-25,9343
2739,寒舍,6,0,6,華南永昌-頭份,2024-04-25,9343
5434,崇越,6,0,6,華南永昌-頭份,2024-04-25,9343
5511,德昌,9,3,6,華南永昌-頭份,2024-04-25,9343
2371,大同,30,25,5,華南永昌-頭份,2024-04-25,9343
2002,中鋼,5,0,5,華南永昌-頭份,2024-04-25,9343
00937B,群益ESG投等債20,57,4,53,華南永昌-頭份,2024-04-26,9343
5439,高技,40,0,40,華南永昌-頭份,2024-04-26,9343
2886,兆豐金,40,1,39,華南永昌-頭份,2024-04-26,9343
2101,南港,48,13,35,華南永昌-頭份,2024-04-26,9343
4726,永昕,34,1,33,華南永昌-頭份,2024-04-26,9343
2867,三商壽,30,0,30,華南永昌-頭份,2024-04-26,9343
00712,復華富時不動產,29,0,29,華南永昌-頭份,2024-04-26,9343
00679B,元大美債20年,26,0,26,華南永昌-頭份,2024-04-26,9343
8069,元太,25,0,25,華南永昌-頭份,2024-04-26,9343
2489,瑞軒,23,0,23,華南永昌-頭份,2024-04-26,9343
5443,均豪,21,1,20,華南永昌-頭份,2024-04-26,9343
2405,輔信,17,0,17,華南永昌-頭份,2024-04-26,9343
6117,迎廣,18,1,17,華南永昌-頭份,2024-04-26,9343
2353,宏��,18,2,16,華南永昌-頭份,2024-04-26,9343
00933B,國泰10Y+金融債,20,5,15,華南永昌-頭份,2024-04-26,9343
2511,太子,25,10,15,華南永昌-頭份,2024-04-26,9343
8234,新漢,15,1,14,華南永昌-頭份,2024-04-26,9343
1617,榮星,13,0,13,華南永昌-頭份,2024-04-26,9343
3363,上詮,26,13,13,華南永昌-頭份,2024-04-26,9343
2615,萬海,36,23,13,華南永昌-頭份,2024-04-26,9343
1442,名軒,14,2,12,華南永昌-頭份,2024-04-26,9343
6547,高端疫苗,12,0,12,華南永昌-頭份,2024-04-26,9343
2371,大同,42,31,11,華南永昌-頭份,2024-04-26,9343
00891,中信關鍵半導體,11,0,11,華南永昌-頭份,2024-04-26,9343
2486,一詮,31,20,11,華南永昌-頭份,2024-04-26,9343
00942B,台新美A公司債20+,10,0,10,華南永昌-頭份,2024-04-26,9343
1473,台南,10,0,10,華南永昌-頭份,2024-04-26,9343
1810,和成,10,0,10,華南永昌-頭份,2024-04-26,9343
2472,立隆電,10,0,10,華南永昌-頭份,2024-04-26,9343
2913,農林,10,0,10,華南永昌-頭份,2024-04-26,9343
3036,文曄,11,1,10,華南永昌-頭份,2024-04-26,9343
3162,精確,10,0,10,華南永昌-頭份,2024-04-26,9343
3178,公準,10,0,10,華南永昌-頭份,2024-04-26,9343
3265,台星科,12,2,10,華南永昌-頭份,2024-04-26,9343
3706,神達,11,1,10,華南永昌-頭份,2024-04-26,9343
6756,威鋒電子,11,1,10,華南永昌-頭份,2024-04-26,9343
2809,京城銀,9,0,9,華南永昌-頭份,2024-04-26,9343
3450,聯鈞,10,1,9,華南永昌-頭份,2024-04-26,9343
1314,中石化,8,0,8,華南永昌-頭份,2024-04-26,9343
1301,台塑,6,0,6,華南永昌-頭份,2024-04-26,9343
00733,富邦臺灣中小,6,0,6,華南永昌-頭份,2024-04-26,9343
1536,和大,6,0,6,華南永昌-頭份,2024-04-26,9343
1711,永光,6,0,6,華南永昌-頭份,2024-04-26,9343
2316,楠梓電,17,11,6,華南永昌-頭份,2024-04-26,9343
3024,憶聲,11,5,6,華南永昌-頭份,2024-04-26,9343
5210,寶碩,6,0,6,華南永昌-頭份,2024-04-26,9343
00731,復華富時高息低波,5,0,5,華南永昌-頭份,2024-04-26,9343
00857B,永豐20年美公債,5,0,5,華南永昌-頭份,2024-04-26,9343
2617,台航,8,3,5,華南永昌-頭份,2024-04-26,9343
2705,六福,5,0,5,華南永昌-頭份,2024-04-26,9343
2547,日勝生,335,27,308,華南永昌-頭份,2024-04-29,9343
00671R,富邦NASDAQ反1,200,0,200,華南永昌-頭份,2024-04-29,9343
2883,凱基金,106,15,91,華南永昌-頭份,2024-04-29,9343
2449,京元電子,81,3,78,華南永昌-頭份,2024-04-29,9343
5439,高技,66,1,65,華南永昌-頭份,2024-04-29,9343
2323,中環,109,54,55,華南永昌-頭份,2024-04-29,9343
2363,矽統,88,34,54,華南永昌-頭份,2024-04-29,9343
00665L,富邦�琤肭磪囓�2,40,0,40,華南永昌-頭份,2024-04-29,9343
2467,志聖,30,2,28,華南永昌-頭份,2024-04-29,9343
4909,新復興,35,13,22,華南永昌-頭份,2024-04-29,9343
00919,群益台灣精選高息,28,8,20,華南永昌-頭份,2024-04-29,9343
2520,冠德,22,2,20,華南永昌-頭份,2024-04-29,9343
2536,宏普,20,0,20,華南永昌-頭份,2024-04-29,9343
2851,中再保,20,0,20,華南永昌-頭份,2024-04-29,9343
2489,瑞軒,21,2,19,華南永昌-頭份,2024-04-29,9343
3264,欣銓,18,0,18,華南永昌-頭份,2024-04-29,9343
2501,國建,22,5,17,華南永昌-頭份,2024-04-29,9343
00680L,元大美債20正2,15,0,15,華南永昌-頭份,2024-04-29,9343
3035,智原,26,11,15,華南永昌-頭份,2024-04-29,9343
4726,永昕,15,0,15,華南永昌-頭份,2024-04-29,9343
00940,元大台灣價值高息,35,21,14,華南永昌-頭份,2024-04-29,9343
3260,威剛,14,0,14,華南永昌-頭份,2024-04-29,9343
2371,大同,28,15,13,華南永昌-頭份,2024-04-29,9343
2890,永豐金,13,0,13,華南永昌-頭份,2024-04-29,9343
3026,禾伸堂,13,0,13,華南永昌-頭份,2024-04-29,9343
6770,力積電,16,3,13,華南永昌-頭份,2024-04-29,9343
1609,大亞,41,29,12,華南永昌-頭份,2024-04-29,9343
2464,盟立,29,18,11,華南永昌-頭份,2024-04-29,9343
2516,新建,11,0,11,華南永昌-頭份,2024-04-29,9343
2601,益航,11,0,11,華南永昌-頭份,2024-04-29,9343
1442,名軒,10,0,10,華南永昌-頭份,2024-04-29,9343
1903,士紙,10,0,10,華南永昌-頭份,2024-04-29,9343
2457,飛宏,10,0,10,華南永昌-頭份,2024-04-29,9343
2472,立隆電,20,10,10,華南永昌-頭份,2024-04-29,9343
3162,精確,10,0,10,華南永昌-頭份,2024-04-29,9343
3252,海灣,10,0,10,華南永昌-頭份,2024-04-29,9343
3666,光耀,10,0,10,華南永昌-頭份,2024-04-29,9343
4532,瑞智,10,0,10,華南永昌-頭份,2024-04-29,9343
5009,榮剛,20,10,10,華南永昌-頭份,2024-04-29,9343
6288,聯嘉,10,0,10,華南永昌-頭份,2024-04-29,9343
2609,陽明,45,35,10,華南永昌-頭份,2024-04-29,9343
00632R,元大台灣50反1,18,9,9,華南永昌-頭份,2024-04-29,9343
1440,南紡,26,17,9,華南永昌-頭份,2024-04-29,9343
2913,農林,24,16,8,華南永昌-頭份,2024-04-29,9343
3005,神基,8,0,8,華南永昌-頭份,2024-04-29,9343
3071,協禧,7,0,7,華南永昌-頭份,2024-04-29,9343
3535,晶彩科,7,0,7,華南永昌-頭份,2024-04-29,9343
4192,杏國,7,0,7,華南永昌-頭份,2024-04-29,9343
6215,和椿,13,6,7,華南永昌-頭份,2024-04-29,9343
2301,光寶科,6,0,6,華南永昌-頭份,2024-04-29,9343
00929,復華台灣科技優息,117,14,103,華南永昌-頭份,2024-04-30,9343
3481,群創,111,54,57,華南永昌-頭份,2024-04-30,9343
1314,中石化,78,28,50,華南永昌-頭份,2024-04-30,9343
2527,宏璟,41,1,40,華南永昌-頭份,2024-04-30,9343
2363,矽統,105,71,34,華南永昌-頭份,2024-04-30,9343
2515,中工,50,19,31,華南永昌-頭份,2024-04-30,9343
2365,昆盈,32,2,30,華南永昌-頭份,2024-04-30,9343
2371,大同,83,54,29,華南永昌-頭份,2024-04-30,9343
1905,華紙,28,0,28,華南永昌-頭份,2024-04-30,9343
8110,華東,22,0,22,華南永昌-頭份,2024-04-30,9343
2851,中再保,20,0,20,華南永昌-頭份,2024-04-30,9343
3710,連展投控,20,0,20,華南永昌-頭份,2024-04-30,9343
6271,同欣電,18,0,18,華南永昌-頭份,2024-04-30,9343
00753L,中信中國50正2,17,0,17,華南永昌-頭份,2024-04-30,9343
00940,元大台灣價值高息,48,32,16,華南永昌-頭份,2024-04-30,9343
9945,潤泰新,21,5,16,華南永昌-頭份,2024-04-30,9343
2374,佳能,22,7,15,華南永昌-頭份,2024-04-30,9343
5439,高技,15,0,15,華南永昌-頭份,2024-04-30,9343
4157,太景*-KY,18,4,14,華南永昌-頭份,2024-04-30,9343
1316,上曜,43,31,12,華南永昌-頭份,2024-04-30,9343
2913,農林,12,1,11,華南永昌-頭份,2024-04-30,9343
2467,志聖,13,2,11,華南永昌-頭份,2024-04-30,9343
3260,威剛,11,0,11,華南永昌-頭份,2024-04-30,9343
8096,擎亞,15,4,11,華南永昌-頭份,2024-04-30,9343
2449,京元電子,24,14,10,華南永昌-頭份,2024-04-30,9343
2511,太子,15,5,10,華南永昌-頭份,2024-04-30,9343
1457,宜進,10,0,10,華南永昌-頭份,2024-04-30,9343
4966,譜瑞-KY,10,0,10,華南永昌-頭份,2024-04-30,9343
5516,雙喜,10,0,10,華南永昌-頭份,2024-04-30,9343
6173,信昌電,10,0,10,華南永昌-頭份,2024-04-30,9343
0056,元大高股息,11,2,9,華南永昌-頭份,2024-04-30,9343
8069,元太,9,0,9,華南永昌-頭份,2024-04-30,9343
3010,華立,9,0,9,華南永昌-頭份,2024-04-30,9343
1445,大宇,14,6,8,華南永昌-頭份,2024-04-30,9343
2323,中環,8,0,8,華南永昌-頭份,2024-04-30,9343
3363,上詮,18,10,8,華南永昌-頭份,2024-04-30,9343
6026,福邦證,8,0,8,華南永昌-頭份,2024-04-30,9343
00919,群益台灣精選高息,18,11,7,華南永昌-頭份,2024-04-30,9343
00915,凱基優選高股息30,7,0,7,華南永昌-頭份,2024-04-30,9343
00939,統一台灣高息動能,7,0,7,華南永昌-頭份,2024-04-30,9343
6509,聚和,14,7,7,華南永昌-頭份,2024-04-30,9343
1605,華新,6,0,6,華南永昌-頭份,2024-04-30,9343
1304,台聚,6,0,6,華南永昌-頭份,2024-04-30,9343
1711,永光,15,9,6,華南永昌-頭份,2024-04-30,9343
2349,錸德,6,0,6,華南永昌-頭份,2024-04-30,9343
3715,定穎投控,7,1,6,華南永昌-頭份,2024-04-30,9343
5381,合正,6,0,6,華南永昌-頭份,2024-04-30,9343
8112,至上,6,0,6,華南永昌-頭份,2024-04-30,9343
1612,宏泰,5,0,5,華南永昌-頭份,2024-04-30,9343
1727,中華化,5,0,5,華南永昌-頭份,2024-04-30,9343
00937B,群益ESG投等債20,115,6,109,華南永昌-頭份,2024-05-02,9343
3481,群創,101,7,94,華南永昌-頭份,2024-05-02,9343
9105,泰金寶-DR,70,0,70,華南永昌-頭份,2024-05-02,9343
2884,玉山金,54,1,53,華南永昌-頭份,2024-05-02,9343
00878,國泰永續高股息,62,11,51,華南永昌-頭份,2024-05-02,9343
2367,燿華,55,12,43,華南永昌-頭份,2024-05-02,9343
6177,達麗,45,6,39,華南永昌-頭份,2024-05-02,9343
00945B,凱基美國非投等債,31,0,31,華南永昌-頭份,2024-05-02,9343
2363,矽統,58,27,31,華南永昌-頭份,2024-05-02,9343
00687B,國泰20年美債,30,0,30,華南永昌-頭份,2024-05-02,9343
5443,均豪,30,0,30,華南永昌-頭份,2024-05-02,9343
00720B,元大投資級公司債,28,0,28,華南永昌-頭份,2024-05-02,9343
6901,鑽石投資,27,0,27,華南永昌-頭份,2024-05-02,9343
3033,威健,41,16,25,華南永昌-頭份,2024-05-02,9343
2330,台積電,25,1,24,華南永昌-頭份,2024-05-02,9343
2449,京元電子,21,4,17,華南永昌-頭份,2024-05-02,9343
00882,中信中國高股息,28,11,17,華南永昌-頭份,2024-05-02,9343
3703,欣陸,20,4,16,華南永昌-頭份,2024-05-02,9343
4702,中美實,16,0,16,華南永昌-頭份,2024-05-02,9343
6770,力積電,40,25,15,華南永昌-頭份,2024-05-02,9343
3715,定穎投控,28,13,15,華南永昌-頭份,2024-05-02,9343
2467,志聖,15,0,15,華南永昌-頭份,2024-05-02,9343
3217,優群,15,0,15,華南永昌-頭份,2024-05-02,9343
3666,光耀,15,0,15,華南永昌-頭份,2024-05-02,9343
00929,復華台灣科技優息,16,1,15,華南永昌-頭份,2024-05-02,9343
3312,弘憶股,17,4,13,華南永昌-頭份,2024-05-02,9343
1802,台玻,13,0,13,華南永昌-頭份,2024-05-02,9343
2527,宏璟,168,155,13,華南永昌-頭份,2024-05-02,9343
6285,啟��,13,0,13,華南永昌-頭份,2024-05-02,9343
8064,東捷,16,4,12,華南永昌-頭份,2024-05-02,9343
2515,中工,45,33,12,華南永昌-頭份,2024-05-02,9343
1587,吉茂,12,0,12,華南永昌-頭份,2024-05-02,9343
4974,亞泰,12,0,12,華南永昌-頭份,2024-05-02,9343
6016,康和證,13,1,12,華南永昌-頭份,2024-05-02,9343
6026,福邦證,13,1,12,華南永昌-頭份,2024-05-02,9343
6271,同欣電,12,0,12,華南永昌-頭份,2024-05-02,9343
1582,信錦,21,10,11,華南永昌-頭份,2024-05-02,9343
2409,友達,12,1,11,華南永昌-頭份,2024-05-02,9343
2537,聯上發,11,0,11,華南永昌-頭份,2024-05-02,9343
5533,皇鼎,11,0,11,華南永昌-頭份,2024-05-02,9343
6213,聯茂,11,0,11,華南永昌-頭份,2024-05-02,9343
00940,元大台灣價值高息,17,6,11,華南永昌-頭份,2024-05-02,9343
2516,新建,10,0,10,華南永昌-頭份,2024-05-02,9343
2743,山富,13,3,10,華南永昌-頭份,2024-05-02,9343
6173,信昌電,10,0,10,華南永昌-頭份,2024-05-02,9343
8088,品安,10,0,10,華南永昌-頭份,2024-05-02,9343
8271,宇瞻,10,0,10,華南永昌-頭份,2024-05-02,9343
1909,榮成,10,1,9,華南永昌-頭份,2024-05-02,9343
5009,榮剛,14,5,9,華南永昌-頭份,2024-05-02,9343
5439,高技,10,1,9,華南永昌-頭份,2024-05-02,9343
2890,永豐金,330,1,329,華南永昌-頭份,2024-05-03,9343
2881,富邦金,40,0,40,華南永昌-頭份,2024-05-03,9343
00940,元大台灣價值高息,34,0,34,華南永昌-頭份,2024-05-03,9343
00919,群益台灣精選高息,37,7,30,華南永昌-頭份,2024-05-03,9343
3481,群創,31,2,29,華南永昌-頭份,2024-05-03,9343
00929,復華台灣科技優息,50,22,28,華南永昌-頭份,2024-05-03,9343
5531,鄉林,32,8,24,華南永昌-頭份,2024-05-03,9343
2344,華邦電,22,1,21,華南永昌-頭份,2024-05-03,9343
2367,燿華,42,21,21,華南永昌-頭份,2024-05-03,9343
1445,大宇,20,0,20,華南永昌-頭份,2024-05-03,9343
2365,昆盈,20,0,20,華南永昌-頭份,2024-05-03,9343
2392,正崴,24,4,20,華南永昌-頭份,2024-05-03,9343
2371,大同,55,36,19,華南永昌-頭份,2024-05-03,9343
2449,京元電子,18,1,17,華南永昌-頭份,2024-05-03,9343
00878,國泰永續高股息,16,0,16,華南永昌-頭份,2024-05-03,9343
2337,旺宏,20,4,16,華南永昌-頭份,2024-05-03,9343
4714,永捷,42,26,16,華南永昌-頭份,2024-05-03,9343
6901,鑽石投資,16,0,16,華南永昌-頭份,2024-05-03,9343
1905,華紙,20,6,14,華南永昌-頭份,2024-05-03,9343
5328,華容,19,6,13,華南永昌-頭份,2024-05-03,9343
6120,達運,21,9,12,華南永昌-頭份,2024-05-03,9343
3231,緯創,16,4,12,華南永昌-頭份,2024-05-03,9343
1503,士電,20,8,12,華南永昌-頭份,2024-05-03,9343
1504,東元,15,3,12,華南永昌-頭份,2024-05-03,9343
3013,晟銘電,15,3,12,華南永昌-頭份,2024-05-03,9343
2363,矽統,26,15,11,華南永昌-頭份,2024-05-03,9343
8996,高力,27,16,11,華南永昌-頭份,2024-05-03,9343
1104,環泥,10,0,10,華南永昌-頭份,2024-05-03,9343
00687B,國泰20年美債,10,0,10,華南永昌-頭份,2024-05-03,9343
2705,六福,11,1,10,華南永昌-頭份,2024-05-03,9343
2743,山富,10,0,10,華南永昌-頭份,2024-05-03,9343
2867,三商壽,10,0,10,華南永昌-頭份,2024-05-03,9343
3036,文曄,11,1,10,華南永昌-頭份,2024-05-03,9343
3047,訊舟,10,0,10,華南永昌-頭份,2024-05-03,9343
3252,海灣,10,0,10,華南永昌-頭份,2024-05-03,9343
3563,牧德,10,0,10,華南永昌-頭份,2024-05-03,9343
5521,工信,12,2,10,華南永昌-頭份,2024-05-03,9343
6799,來頡,10,0,10,華南永昌-頭份,2024-05-03,9343
00795B,中信美國公債20年,9,0,9,華南永昌-頭份,2024-05-03,9343
2457,飛宏,12,3,9,華南永昌-頭份,2024-05-03,9343
2530,華建,9,0,9,華南永昌-頭份,2024-05-03,9343
3521,鴻翊,9,0,9,華南永昌-頭份,2024-05-03,9343
4967,十銓,11,2,9,華南永昌-頭份,2024-05-03,9343
6285,啟��,10,1,9,華南永昌-頭份,2024-05-03,9343
2834,臺企銀,9,0,9,華南永昌-頭份,2024-05-03,9343
00933B,國泰10Y+金融債,10,2,8,華南永昌-頭份,2024-05-03,9343
00679B,元大美債20年,8,0,8,華南永昌-頭份,2024-05-03,9343
1316,上曜,13,5,8,華南永昌-頭份,2024-05-03,9343
2201,裕隆,16,8,8,華南永昌-頭份,2024-05-03,9343
3027,盛達,10,2,8,華南永昌-頭份,2024-05-03,9343
2367,燿華,208,12,196,華南永昌-頭份,2024-05-06,9343
6770,力積電,137,38,99,華南永昌-頭份,2024-05-06,9343
2527,宏璟,103,10,93,華南永昌-頭份,2024-05-06,9343
2605,新興,72,1,71,華南永昌-頭份,2024-05-06,9343
6125,廣運,61,3,58,華南永昌-頭份,2024-05-06,9343
2890,永豐金,50,0,50,華南永昌-頭份,2024-05-06,9343
2449,京元電子,62,15,47,華南永昌-頭份,2024-05-06,9343
2371,大同,48,3,45,華南永昌-頭份,2024-05-06,9343
2812,台中銀,45,0,45,華南永昌-頭份,2024-05-06,9343
2884,玉山金,48,3,45,華南永昌-頭份,2024-05-06,9343
2801,彰銀,50,11,39,華南永昌-頭份,2024-05-06,9343
00687B,國泰20年美債,41,7,34,華南永昌-頭份,2024-05-06,9343
2441,超豐,31,0,31,華南永昌-頭份,2024-05-06,9343
00795B,中信美國公債20年,32,2,30,華南永昌-頭份,2024-05-06,9343
00929,復華台灣科技優息,28,2,26,華南永昌-頭份,2024-05-06,9343
5531,鄉林,28,2,26,華南永昌-頭份,2024-05-06,9343
2365,昆盈,30,5,25,華南永昌-頭份,2024-05-06,9343
00679B,元大美債20年,30,10,20,華南永昌-頭份,2024-05-06,9343
1434,福懋,20,0,20,華南永昌-頭份,2024-05-06,9343
2618,長榮航,21,1,20,華南永昌-頭份,2024-05-06,9343
4167,松瑞藥,20,0,20,華南永昌-頭份,2024-05-06,9343
6753,龍德造船,20,0,20,華南永昌-頭份,2024-05-06,9343
00632R,元大台灣50反1,18,0,18,華南永昌-頭份,2024-05-06,9343
2891,中信金,21,3,18,華南永昌-頭份,2024-05-06,9343
6213,聯茂,17,0,17,華南永昌-頭份,2024-05-06,9343
8064,東捷,17,0,17,華南永昌-頭份,2024-05-06,9343
5439,高技,13,0,13,華南永昌-頭份,2024-05-06,9343
6668,中揚光,13,0,13,華南永昌-頭份,2024-05-06,9343
00665L,富邦�琤肭磪囓�2,18,6,12,華南永昌-頭份,2024-05-06,9343
3017,奇鋐,16,5,11,華南永昌-頭份,2024-05-06,9343
5443,均豪,23,12,11,華南永昌-頭份,2024-05-06,9343
2913,農林,10,0,10,華南永昌-頭份,2024-05-06,9343
00878,國泰永續高股息,13,3,10,華南永昌-頭份,2024-05-06,9343
1442,名軒,11,1,10,華南永昌-頭份,2024-05-06,9343
1806,冠軍,10,0,10,華南永昌-頭份,2024-05-06,9343
2506,太設,10,0,10,華南永昌-頭份,2024-05-06,9343
2634,漢翔,10,0,10,華南永昌-頭份,2024-05-06,9343
3026,禾伸堂,10,0,10,華南永昌-頭份,2024-05-06,9343
3033,威健,34,24,10,華南永昌-頭份,2024-05-06,9343
4303,信立,15,5,10,華南永昌-頭份,2024-05-06,9343
5516,雙喜,10,0,10,華南永昌-頭份,2024-05-06,9343
2201,裕隆,10,1,9,華南永昌-頭份,2024-05-06,9343
3289,宜特,11,2,9,華南永昌-頭份,2024-05-06,9343
9933,中鼎,8,0,8,華南永昌-頭份,2024-05-06,9343
2316,楠梓電,9,1,8,華南永昌-頭份,2024-05-06,9343
6257,矽格,10,2,8,華南永昌-頭份,2024-05-06,9343
9938,百和,7,0,7,華南永昌-頭份,2024-05-06,9343
8936,國統,7,1,6,華南永昌-頭份,2024-05-06,9343
1616,億泰,6,0,6,華南永昌-頭份,2024-05-06,9343
2337,旺宏,7,1,6,華南永昌-頭份,2024-05-06,9343
2527,宏璟,127,0,127,華南永昌-頭份,2024-05-07,9343
00929,復華台灣科技優息,83,20,63,華南永昌-頭份,2024-05-07,9343
1218,泰山,60,0,60,華南永昌-頭份,2024-05-07,9343
00632R,元大台灣50反1,60,0,60,華南永昌-頭份,2024-05-07,9343
00687B,國泰20年美債,50,0,50,華南永昌-頭份,2024-05-07,9343
2913,農林,50,2,48,華南永昌-頭份,2024-05-07,9343
00878,國泰永續高股息,50,5,45,華南永昌-頭份,2024-05-07,9343
2201,裕隆,41,1,40,華南永昌-頭份,2024-05-07,9343
1440,南紡,42,3,39,華南永昌-頭份,2024-05-07,9343
3712,永崴投控,39,0,39,華南永昌-頭份,2024-05-07,9343
5347,世界,40,4,36,華南永昌-頭份,2024-05-07,9343
2363,矽統,45,13,32,華南永昌-頭份,2024-05-07,9343
00679B,元大美債20年,32,3,29,華南永昌-頭份,2024-05-07,9343
2009,第一銅,23,0,23,華南永昌-頭份,2024-05-07,9343
6257,矽格,30,7,23,華南永昌-頭份,2024-05-07,9343
2323,中環,32,10,22,華南永昌-頭份,2024-05-07,9343
2851,中再保,23,1,22,華南永昌-頭份,2024-05-07,9343
3033,威健,22,0,22,華南永昌-頭份,2024-05-07,9343
00665L,富邦�琤肭磪囓�2,26,6,20,華南永昌-頭份,2024-05-07,9343
2367,燿華,20,0,20,華南永昌-頭份,2024-05-07,9343
8354,冠好,18,0,18,華南永昌-頭份,2024-05-07,9343
2515,中工,36,19,17,華南永昌-頭份,2024-05-07,9343
1612,宏泰,31,15,16,華南永昌-頭份,2024-05-07,9343
2317,鴻海,49,33,16,華南永昌-頭份,2024-05-07,9343
2406,國碩,14,0,14,華南永昌-頭份,2024-05-07,9343
3024,憶聲,15,1,14,華南永昌-頭份,2024-05-07,9343
2486,一詮,51,38,13,華南永昌-頭份,2024-05-07,9343
8110,華東,13,0,13,華南永昌-頭份,2024-05-07,9343
1303,南亞,15,3,12,華南永昌-頭份,2024-05-07,9343
2442,新美齊,12,0,12,華南永昌-頭份,2024-05-07,9343
3013,晟銘電,49,38,11,華南永昌-頭份,2024-05-07,9343
4938,和碩,11,0,11,華南永昌-頭份,2024-05-07,9343
9105,泰金寶-DR,10,0,10,華南永昌-頭份,2024-05-07,9343
3041,揚智,10,0,10,華南永昌-頭份,2024-05-07,9343
00900,富邦特選高股息30,10,0,10,華南永昌-頭份,2024-05-07,9343
1905,華紙,12,2,10,華南永昌-頭份,2024-05-07,9343
5876,上海商銀,10,0,10,華南永昌-頭份,2024-05-07,9343
6125,廣運,16,6,10,華南永昌-頭份,2024-05-07,9343
1611,中電,10,0,10,華南永昌-頭份,2024-05-07,9343
2524,京城,10,1,9,華南永昌-頭份,2024-05-07,9343
6188,廣明,15,6,9,華南永昌-頭份,2024-05-07,9343
6213,聯茂,13,4,9,華南永昌-頭份,2024-05-07,9343
6282,康舒,9,0,9,華南永昌-頭份,2024-05-07,9343
00936,台新永續高息中小,10,2,8,華南永昌-頭份,2024-05-07,9343
3056,富華新,8,0,8,華南永昌-頭份,2024-05-07,9343
2606,裕民,11,3,8,華南永昌-頭份,2024-05-07,9343
1503,士電,11,4,7,華南永昌-頭份,2024-05-07,9343
2739,寒舍,11,4,7,華南永昌-頭份,2024-05-07,9343
4714,永捷,8,1,7,華南永昌-頭份,2024-05-07,9343
4513,福裕,12,5,7,華南永昌-頭份,2024-05-07,9343
00671R,富邦NASDAQ反1,700,0,700,華南永昌-頭份,2024-05-08,9343
2101,南港,141,1,140,華南永昌-頭份,2024-05-08,9343
1618,合機,130,30,100,華南永昌-頭份,2024-05-08,9343
00940,元大台灣價值高息,60,0,60,華南永昌-頭份,2024-05-08,9343
2801,彰銀,58,0,58,華南永昌-頭份,2024-05-08,9343
2884,玉山金,33,0,33,華南永昌-頭份,2024-05-08,9343
2603,長榮,32,0,32,華南永昌-頭份,2024-05-08,9343
8011,台通,31,0,31,華南永昌-頭份,2024-05-08,9343
1609,大亞,41,13,28,華南永昌-頭份,2024-05-08,9343
2367,燿華,47,21,26,華南永昌-頭份,2024-05-08,9343
2211,長榮鋼,25,0,25,華南永昌-頭份,2024-05-08,9343
3013,晟銘電,32,10,22,華南永昌-頭份,2024-05-08,9343
2204,中華,22,0,22,華南永昌-頭份,2024-05-08,9343
6215,和椿,34,12,22,華南永昌-頭份,2024-05-08,9343
2312,金寶,22,1,21,華南永昌-頭份,2024-05-08,9343
00945B,凱基美國非投等債,20,0,20,華南永昌-頭份,2024-05-08,9343
00650L,復華香港正2,20,0,20,華南永昌-頭份,2024-05-08,9343
2527,宏璟,20,0,20,華南永昌-頭份,2024-05-08,9343
2609,陽明,25,6,19,華南永昌-頭份,2024-05-08,9343
00919,群益台灣精選高息,19,2,17,華南永昌-頭份,2024-05-08,9343
2641,正德,28,12,16,華南永昌-頭份,2024-05-08,9343
6005,群益證,15,0,15,華南永昌-頭份,2024-05-08,9343
4714,永捷,15,0,15,華南永昌-頭份,2024-05-08,9343
2611,志信,18,4,14,華南永昌-頭份,2024-05-08,9343
00878,國泰永續高股息,23,10,13,華南永昌-頭份,2024-05-08,9343
2442,新美齊,12,0,12,華南永昌-頭份,2024-05-08,9343
2464,盟立,13,1,12,華南永昌-頭份,2024-05-08,9343
5871,中租-KY,13,2,11,華南永昌-頭份,2024-05-08,9343
4532,瑞智,12,1,11,華南永昌-頭份,2024-05-08,9343
5608,四維航,16,5,11,華南永昌-頭份,2024-05-08,9343
00772B,中信高評級公司債,10,0,10,華南永昌-頭份,2024-05-08,9343
2634,漢翔,11,1,10,華南永昌-頭份,2024-05-08,9343
2812,台中銀,10,0,10,華南永昌-頭份,2024-05-08,9343
3005,神基,10,0,10,華南永昌-頭份,2024-05-08,9343
3178,公準,10,0,10,華南永昌-頭份,2024-05-08,9343
4726,永昕,13,3,10,華南永昌-頭份,2024-05-08,9343
5876,上海商銀,10,0,10,華南永昌-頭份,2024-05-08,9343
3260,威剛,18,8,10,華南永昌-頭份,2024-05-08,9343
2501,國建,10,1,9,華南永昌-頭份,2024-05-08,9343
3036,文曄,9,0,9,華南永昌-頭份,2024-05-08,9343
1314,中石化,12,3,9,華南永昌-頭份,2024-05-08,9343
2328,廣宇,20,11,9,華南永昌-頭份,2024-05-08,9343
2374,佳能,25,16,9,華南永昌-頭份,2024-05-08,9343
8277,商丞,13,4,9,華南永昌-頭份,2024-05-08,9343
9945,潤泰新,42,33,9,華南永昌-頭份,2024-05-08,9343
1587,吉茂,14,5,9,華南永昌-頭份,2024-05-08,9343
3037,欣興,12,4,8,華南永昌-頭份,2024-05-08,9343
2031,新光鋼,8,0,8,華南永昌-頭份,2024-05-08,9343
1905,華紙,7,0,7,華南永昌-頭份,2024-05-08,9343
2834,臺企銀,8,1,7,華南永昌-頭份,2024-05-08,9343
00929,復華台灣科技優息,66,6,60,華南永昌-頭份,2024-05-09,9343
2886,兆豐金,50,5,45,華南永昌-頭份,2024-05-09,9343
2371,大同,50,10,40,華南永昌-頭份,2024-05-09,9343
2363,矽統,52,14,38,華南永昌-頭份,2024-05-09,9343
2303,聯電,44,7,37,華南永昌-頭份,2024-05-09,9343
2527,宏璟,30,0,30,華南永昌-頭份,2024-05-09,9343
2801,彰銀,30,0,30,華南永昌-頭份,2024-05-09,9343
3512,皇龍,30,0,30,華南永昌-頭份,2024-05-09,9343
00937B,群益ESG投等債20,45,17,28,華南永昌-頭份,2024-05-09,9343
2511,太子,25,0,25,華南永昌-頭份,2024-05-09,9343
1609,大亞,88,63,25,華南永昌-頭份,2024-05-09,9343
6139,亞翔,24,0,24,華南永昌-頭份,2024-05-09,9343
1815,富喬,29,5,24,華南永昌-頭份,2024-05-09,9343
3312,弘憶股,26,4,22,華南永昌-頭份,2024-05-09,9343
2362,藍天,30,10,20,華南永昌-頭份,2024-05-09,9343
8011,台通,40,20,20,華南永昌-頭份,2024-05-09,9343
8112,至上,25,5,20,華南永昌-頭份,2024-05-09,9343
3231,緯創,20,2,18,華南永昌-頭份,2024-05-09,9343
00632R,元大台灣50反1,20,3,17,華南永昌-頭份,2024-05-09,9343
2388,威盛,16,0,16,華南永昌-頭份,2024-05-09,9343
2467,志聖,16,0,16,華南永昌-頭份,2024-05-09,9343
3481,群創,33,17,16,華南永昌-頭份,2024-05-09,9343
00878,國泰永續高股息,15,0,15,華南永昌-頭份,2024-05-09,9343
2618,長榮航,54,39,15,華南永昌-頭份,2024-05-09,9343
00665L,富邦�琤肭磪囓�2,15,0,15,華南永昌-頭份,2024-05-09,9343
2605,新興,17,4,13,華南永昌-頭份,2024-05-09,9343
1513,中興電,15,3,12,華南永昌-頭份,2024-05-09,9343
1711,永光,12,0,12,華南永昌-頭份,2024-05-09,9343
00940,元大台灣價值高息,12,2,10,華南永昌-頭份,2024-05-09,9343
2889,國票金,10,0,10,華南永昌-頭份,2024-05-09,9343
00936,台新永續高息中小,10,0,10,華南永昌-頭份,2024-05-09,9343
1515,力山,11,1,10,華南永昌-頭份,2024-05-09,9343
2368,金像電,10,0,10,華南永昌-頭份,2024-05-09,9343
4702,中美實,10,0,10,華南永昌-頭份,2024-05-09,9343
6187,萬潤,10,0,10,華南永昌-頭份,2024-05-09,9343
6257,矽格,20,10,10,華南永昌-頭份,2024-05-09,9343
9945,潤泰新,12,2,10,華南永昌-頭份,2024-05-09,9343
2630,亞航,10,1,9,華南永昌-頭份,2024-05-09,9343
2634,漢翔,11,2,9,華南永昌-頭份,2024-05-09,9343
6550,北極星藥業-KY,9,0,9,華南永昌-頭份,2024-05-09,9343
1316,上曜,10,2,8,華南永昌-頭份,2024-05-09,9343
1301,台塑,8,1,7,華南永昌-頭份,2024-05-09,9343
1504,東元,9,2,7,華南永昌-頭份,2024-05-09,9343
2344,華邦電,10,3,7,華南永昌-頭份,2024-05-09,9343
2504,國產,7,0,7,華南永昌-頭份,2024-05-09,9343
4128,中天,7,0,7,華南永昌-頭份,2024-05-09,9343
3036,文曄,18,11,7,華南永昌-頭份,2024-05-09,9343
00706L,期元大S＆P日圓正2,6,0,6,華南永昌-頭份,2024-05-09,9343
00919,群益台灣精選高息,48,42,6,華南永昌-頭份,2024-05-09,9343
2367,燿華,96,90,6,華南永昌-頭份,2024-05-09,9343
1718,中纖,302,2,300,華南永昌-頭份,2024-05-10,9343
00929,復華台灣科技優息,310,33,277,華南永昌-頭份,2024-05-10,9343
2527,宏璟,91,16,75,華南永昌-頭份,2024-05-10,9343
3481,群創,75,0,75,華南永昌-頭份,2024-05-10,9343
2618,長榮航,79,33,46,華南永昌-頭份,2024-05-10,9343
2409,友達,40,0,40,華南永昌-頭份,2024-05-10,9343
3013,晟銘電,85,47,38,華南永昌-頭份,2024-05-10,9343
8088,品安,34,0,34,華南永昌-頭份,2024-05-10,9343
6271,同欣電,32,0,32,華南永昌-頭份,2024-05-10,9343
3231,緯創,34,3,31,華南永昌-頭份,2024-05-10,9343
4967,十銓,32,3,29,華南永昌-頭份,2024-05-10,9343
2845,遠東銀,25,0,25,華南永昌-頭份,2024-05-10,9343
2367,燿華,24,1,23,華南永昌-頭份,2024-05-10,9343
2408,南亞科,23,0,23,華南永昌-頭份,2024-05-10,9343
2801,彰銀,20,0,20,華南永昌-頭份,2024-05-10,9343
9958,世紀鋼,19,0,19,華南永昌-頭份,2024-05-10,9343
2317,鴻海,39,23,16,華南永昌-頭份,2024-05-10,9343
4303,信立,15,0,15,華南永昌-頭份,2024-05-10,9343
3576,聯合再生,13,0,13,華南永昌-頭份,2024-05-10,9343
2313,華通,18,5,13,華南永昌-頭份,2024-05-10,9343
3706,神達,15,3,12,華南永昌-頭份,2024-05-10,9343
3703,欣陸,12,0,12,華南永昌-頭份,2024-05-10,9343
3324,雙鴻,14,4,10,華南永昌-頭份,2024-05-10,9343
1319,東陽,10,0,10,華南永昌-頭份,2024-05-10,9343
3044,健鼎,15,5,10,華南永昌-頭份,2024-05-10,9343
1515,力山,10,0,10,華南永昌-頭份,2024-05-10,9343
2353,宏��,14,4,10,華南永昌-頭份,2024-05-10,9343
2363,矽統,26,16,10,華南永昌-頭份,2024-05-10,9343
2457,飛宏,10,0,10,華南永昌-頭份,2024-05-10,9343
2542,興富發,10,0,10,華南永昌-頭份,2024-05-10,9343
4973,廣穎,10,0,10,華南永昌-頭份,2024-05-10,9343
6166,凌華,10,0,10,華南永昌-頭份,2024-05-10,9343
00633L,富邦上証正2,10,1,9,華南永昌-頭份,2024-05-10,9343
3028,增你強,9,0,9,華南永昌-頭份,2024-05-10,9343
5515,建國,11,2,9,華南永昌-頭份,2024-05-10,9343
6869,雲豹能源,10,1,9,華南永昌-頭份,2024-05-10,9343
8054,安國,10,1,9,華南永昌-頭份,2024-05-10,9343
00878,國泰永續高股息,11,2,9,華南永昌-頭份,2024-05-10,9343
00679B,元大美債20年,8,0,8,華南永昌-頭份,2024-05-10,9343
1513,中興電,8,1,7,華南永昌-頭份,2024-05-10,9343
8112,至上,15,8,7,華南永昌-頭份,2024-05-10,9343
1312,國喬,7,0,7,華南永昌-頭份,2024-05-10,9343
00637L,元大滬深300正2,20,13,7,華南永昌-頭份,2024-05-10,9343
00930,永豐ESG低碳高息,6,0,6,華南永昌-頭份,2024-05-10,9343
00946,群益科技高息成長,19,13,6,華南永昌-頭份,2024-05-10,9343
1504,東元,9,3,6,華南永昌-頭份,2024-05-10,9343
1717,長興,6,0,6,華南永昌-頭份,2024-05-10,9343
2109,華豐,8,2,6,華南永昌-頭份,2024-05-10,9343
2405,輔信,8,2,6,華南永昌-頭份,2024-05-10,9343
5381,合正,6,0,6,華南永昌-頭份,2024-05-10,9343
00937B,群益ESG投等債20,231,8,223,華南永昌-頭份,2024-05-13,9343
00929,復華台灣科技優息,211,6,205,華南永昌-頭份,2024-05-13,9343
00882,中信中國高股息,50,0,50,華南永昌-頭份,2024-05-13,9343
2323,中環,36,0,36,華南永昌-頭份,2024-05-13,9343
1708,東鹼,30,0,30,華南永昌-頭份,2024-05-13,9343
8155,博智,30,0,30,華南永昌-頭份,2024-05-13,9343
00940,元大台灣價值高息,84,57,27,華南永昌-頭份,2024-05-13,9343
2371,大同,68,41,27,華南永昌-頭份,2024-05-13,9343
2603,長榮,83,56,27,華南永昌-頭份,2024-05-13,9343
00946,群益科技高息成長,26,0,26,華南永昌-頭份,2024-05-13,9343
3013,晟銘電,34,9,25,華南永昌-頭份,2024-05-13,9343
2362,藍天,35,13,22,華南永昌-頭份,2024-05-13,9343
2317,鴻海,48,27,21,華南永昌-頭份,2024-05-13,9343
00665L,富邦�琤肭磪囓�2,51,30,21,華南永昌-頭份,2024-05-13,9343
2406,國碩,22,5,17,華南永昌-頭份,2024-05-13,9343
9945,潤泰新,21,7,14,華南永昌-頭份,2024-05-13,9343
3706,神達,14,1,13,華南永昌-頭份,2024-05-13,9343
00919,群益台灣精選高息,20,7,13,華南永昌-頭份,2024-05-13,9343
00650L,復華香港正2,13,0,13,華南永昌-頭份,2024-05-13,9343
5381,合正,20,8,12,華南永昌-頭份,2024-05-13,9343
1529,樂事綠能,11,0,11,華南永昌-頭份,2024-05-13,9343
2402,毅嘉,11,0,11,華南永昌-頭份,2024-05-13,9343
3060,銘異,12,1,11,華南永昌-頭份,2024-05-13,9343
0056,元大高股息,21,10,11,華南永昌-頭份,2024-05-13,9343
3231,緯創,11,1,10,華南永昌-頭份,2024-05-13,9343
2630,亞航,12,2,10,華南永昌-頭份,2024-05-13,9343
00690,兆豐藍籌30,10,0,10,華南永昌-頭份,2024-05-13,9343
1447,力鵬,10,0,10,華南永昌-頭份,2024-05-13,9343
6257,矽格,10,0,10,華南永昌-頭份,2024-05-13,9343
6290,良維,11,1,10,華南永昌-頭份,2024-05-13,9343
8936,國統,17,8,9,華南永昌-頭份,2024-05-13,9343
2834,臺企銀,10,1,9,華南永昌-頭份,2024-05-13,9343
3234,光環,10,1,9,華南永昌-頭份,2024-05-13,9343
00891,中信關鍵半導體,8,0,8,華南永昌-頭份,2024-05-13,9343
6112,邁達特,8,0,8,華南永昌-頭份,2024-05-13,9343
8070,長華*,13,5,8,華南永昌-頭份,2024-05-13,9343
9944,新麗,8,0,8,華南永昌-頭份,2024-05-13,9343
00936,台新永續高息中小,7,0,7,華南永昌-頭份,2024-05-13,9343
2891,中信金,9,2,7,華南永昌-頭份,2024-05-13,9343
2363,矽統,30,23,7,華南永昌-頭份,2024-05-13,9343
4933,友輝,7,0,7,華南永昌-頭份,2024-05-13,9343
5609,中菲行,7,0,7,華南永昌-頭份,2024-05-13,9343
1513,中興電,14,7,7,華南永昌-頭份,2024-05-13,9343
1616,億泰,6,0,6,華南永昌-頭份,2024-05-13,9343
2617,台航,57,51,6,華南永昌-頭份,2024-05-13,9343
3036,文曄,7,1,6,華南永昌-頭份,2024-05-13,9343
3521,鴻翊,6,0,6,華南永昌-頭份,2024-05-13,9343
2609,陽明,53,47,6,華南永昌-頭份,2024-05-13,9343
1503,士電,8,2,6,華南永昌-頭份,2024-05-13,9343
2449,京元電子,6,1,5,華南永昌-頭份,2024-05-13,9343
9105,泰金寶-DR,200,0,200,華南永昌-頭份,2024-05-14,9343
00937B,群益ESG投等債20,159,0,159,華南永昌-頭份,2024-05-14,9343
3059,華晶科,55,10,45,華南永昌-頭份,2024-05-14,9343
2317,鴻海,70,28,42,華南永昌-頭份,2024-05-14,9343
00932,兆豐永續高息等權,37,0,37,華南永昌-頭份,2024-05-14,9343
2801,彰銀,34,0,34,華南永昌-頭份,2024-05-14,9343
00919,群益台灣精選高息,40,7,33,華南永昌-頭份,2024-05-14,9343
2633,台灣高鐵,30,5,25,華南永昌-頭份,2024-05-14,9343
00679B,元大美債20年,26,2,24,華南永昌-頭份,2024-05-14,9343
2467,志聖,24,0,24,華南永昌-頭份,2024-05-14,9343
3520,華盈,23,0,23,華南永昌-頭份,2024-05-14,9343
2476,鉅祥,22,1,21,華南永昌-頭份,2024-05-14,9343
2610,華航,28,9,19,華南永昌-頭份,2024-05-14,9343
3162,精確,17,0,17,華南永昌-頭份,2024-05-14,9343
00753L,中信中國50正2,16,0,16,華南永昌-頭份,2024-05-14,9343
2615,萬海,92,77,15,華南永昌-頭份,2024-05-14,9343
3303,岱稜,15,0,15,華南永昌-頭份,2024-05-14,9343
2323,中環,20,6,14,華南永昌-頭份,2024-05-14,9343
8011,台通,13,0,13,華南永昌-頭份,2024-05-14,9343
8070,長華*,14,1,13,華南永昌-頭份,2024-05-14,9343
3231,緯創,16,3,13,華南永昌-頭份,2024-05-14,9343
00878,國泰永續高股息,13,1,12,華南永昌-頭份,2024-05-14,9343
1529,樂事綠能,12,1,11,華南永昌-頭份,2024-05-14,9343
2545,皇翔,11,0,11,華南永昌-頭份,2024-05-14,9343
4526,東台,11,0,11,華南永昌-頭份,2024-05-14,9343
2511,太子,10,0,10,華南永昌-頭份,2024-05-14,9343
5515,建國,10,0,10,華南永昌-頭份,2024-05-14,9343
1608,華榮,10,0,10,華南永昌-頭份,2024-05-14,9343
1806,冠軍,10,0,10,華南永昌-頭份,2024-05-14,9343
1905,華紙,10,0,10,華南永昌-頭份,2024-05-14,9343
2329,華泰,10,0,10,華南永昌-頭份,2024-05-14,9343
2884,玉山金,10,0,10,華南永昌-頭份,2024-05-14,9343
2406,國碩,15,6,9,華南永昌-頭份,2024-05-14,9343
2883,凱基金,10,1,9,華南永昌-頭份,2024-05-14,9343
6477,安集,9,0,9,華南永昌-頭份,2024-05-14,9343
6770,力積電,10,1,9,華南永昌-頭份,2024-05-14,9343
9958,世紀鋼,11,2,9,華南永昌-頭份,2024-05-14,9343
2891,中信金,8,0,8,華南永昌-頭份,2024-05-14,9343
5871,中租-KY,8,0,8,華南永昌-頭份,2024-05-14,9343
1517,利奇,8,0,8,華南永昌-頭份,2024-05-14,9343
2442,新美齊,18,10,8,華南永昌-頭份,2024-05-14,9343
3363,上詮,17,9,8,華南永昌-頭份,2024-05-14,9343
3481,群創,13,5,8,華南永昌-頭份,2024-05-14,9343
2915,潤泰全,16,9,7,華南永昌-頭份,2024-05-14,9343
00918,大華優利高填息30,7,0,7,華南永昌-頭份,2024-05-14,9343
4157,太景*-KY,7,0,7,華南永昌-頭份,2024-05-14,9343
4536,拓凱,7,0,7,華南永昌-頭份,2024-05-14,9343
4908,前鼎,20,13,7,華南永昌-頭份,2024-05-14,9343
1519,華城,12,6,6,華南永昌-頭份,2024-05-14,9343
00632R,元大台灣50反1,6,0,6,華南永昌-頭份,2024-05-14,9343
00937B,群益ESG投等債20,152,19,133,華南永昌-頭份,2024-05-15,9343
2618,長榮航,123,15,108,華南永昌-頭份,2024-05-15,9343
00680L,元大美債20正2,100,0,100,華南永昌-頭份,2024-05-15,9343
1101,台泥,100,3,97,華南永昌-頭份,2024-05-15,9343
00933B,國泰10Y+金融債,84,0,84,華南永昌-頭份,2024-05-15,9343
3059,華晶科,65,11,54,華南永昌-頭份,2024-05-15,9343
00632R,元大台灣50反1,47,0,47,華南永昌-頭份,2024-05-15,9343
00919,群益台灣精選高息,35,1,34,華南永昌-頭份,2024-05-15,9343
2356,英業達,38,5,33,華南永昌-頭份,2024-05-15,9343
6282,康舒,32,3,29,華南永昌-頭份,2024-05-15,9343
2367,燿華,144,119,25,華南永昌-頭份,2024-05-15,9343
00929,復華台灣科技優息,27,5,22,華南永昌-頭份,2024-05-15,9343
2637,慧洋-KY,24,3,21,華南永昌-頭份,2024-05-15,9343
2241,艾姆勒,35,15,20,華南永昌-頭份,2024-05-15,9343
2344,華邦電,24,5,19,華南永昌-頭份,2024-05-15,9343
9945,潤泰新,27,8,19,華南永昌-頭份,2024-05-15,9343
6244,茂迪,17,0,17,華南永昌-頭份,2024-05-15,9343
2889,國票金,15,0,15,華南永昌-頭份,2024-05-15,9343
2363,矽統,91,76,15,華南永昌-頭份,2024-05-15,9343
2883,凱基金,20,5,15,華南永昌-頭份,2024-05-15,9343
00679B,元大美債20年,16,2,14,華南永昌-頭份,2024-05-15,9343
00650L,復華香港正2,13,0,13,華南永昌-頭份,2024-05-15,9343
00936,台新永續高息中小,12,0,12,華南永昌-頭份,2024-05-15,9343
2812,台中銀,12,0,12,華南永昌-頭份,2024-05-15,9343
2888,新光金,12,0,12,華南永昌-頭份,2024-05-15,9343
2374,佳能,17,6,11,華南永昌-頭份,2024-05-15,9343
2630,亞航,13,3,10,華南永昌-頭份,2024-05-15,9343
1319,東陽,10,0,10,華南永昌-頭份,2024-05-15,9343
1457,宜進,10,0,10,華南永昌-頭份,2024-05-15,9343
2441,超豐,10,0,10,華南永昌-頭份,2024-05-15,9343
2449,京元電子,10,0,10,華南永昌-頭份,2024-05-15,9343
3313,斐成,10,0,10,華南永昌-頭份,2024-05-15,9343
3703,欣陸,10,0,10,華南永昌-頭份,2024-05-15,9343
4702,中美實,10,0,10,華南永昌-頭份,2024-05-15,9343
6229,研通,10,0,10,華南永昌-頭份,2024-05-15,9343
2208,台船,13,4,9,華南永昌-頭份,2024-05-15,9343
6265,方土昶,9,0,9,華南永昌-頭份,2024-05-15,9343
6477,安集,10,1,9,華南永昌-頭份,2024-05-15,9343
8354,冠好,9,0,9,華南永昌-頭份,2024-05-15,9343
2603,長榮,16,8,8,華南永昌-頭份,2024-05-15,9343
2605,新興,9,1,8,華南永昌-頭份,2024-05-15,9343
6125,廣運,11,3,8,華南永昌-頭份,2024-05-15,9343
2002,中鋼,9,1,8,華南永昌-頭份,2024-05-15,9343
2486,一詮,13,5,8,華南永昌-頭份,2024-05-15,9343
3062,建漢,9,1,8,華南永昌-頭份,2024-05-15,9343
6538,倉和,8,0,8,華南永昌-頭份,2024-05-15,9343
3268,海德威,7,0,7,華南永昌-頭份,2024-05-15,9343
2606,裕民,7,0,7,華南永昌-頭份,2024-05-15,9343
1808,潤隆,6,0,6,華南永昌-頭份,2024-05-15,9343
00945B,凱基美國非投等債,6,0,6,華南永昌-頭份,2024-05-15,9343
9105,泰金寶-DR,600,0,600,華南永昌-頭份,2024-05-16,9343
2324,仁寶,130,2,128,華南永昌-頭份,2024-05-16,9343
8358,金居,111,29,82,華南永昌-頭份,2024-05-16,9343
00680L,元大美債20正2,100,30,70,華南永昌-頭份,2024-05-16,9343
2406,國碩,70,4,66,華南永昌-頭份,2024-05-16,9343
6770,力積電,105,51,54,華南永昌-頭份,2024-05-16,9343
2367,燿華,135,89,46,華南永昌-頭份,2024-05-16,9343
2489,瑞軒,61,19,42,華南永昌-頭份,2024-05-16,9343
6245,立端,30,0,30,華南永昌-頭份,2024-05-16,9343
00945B,凱基美國非投等債,26,0,26,華南永昌-頭份,2024-05-16,9343
3013,晟銘電,42,21,21,華南永昌-頭份,2024-05-16,9343
2356,英業達,37,16,21,華南永昌-頭份,2024-05-16,9343
4157,太景*-KY,23,2,21,華南永昌-頭份,2024-05-16,9343
1785,光洋科,21,1,20,華南永昌-頭份,2024-05-16,9343
2441,超豐,20,0,20,華南永昌-頭份,2024-05-16,9343
3312,弘憶股,21,2,19,華南永昌-頭份,2024-05-16,9343
2495,普安,17,0,17,華南永昌-頭份,2024-05-16,9343
5351,鈺創,18,1,17,華南永昌-頭份,2024-05-16,9343
2359,所羅門,44,28,16,華南永昌-頭份,2024-05-16,9343
2515,中工,29,13,16,華南永昌-頭份,2024-05-16,9343
2308,台達電,15,0,15,華南永昌-頭份,2024-05-16,9343
00937B,群益ESG投等債20,17,3,14,華南永昌-頭份,2024-05-16,9343
3376,新日興,15,1,14,華南永昌-頭份,2024-05-16,9343
2501,國建,21,9,12,華南永昌-頭份,2024-05-16,9343
2530,華建,12,0,12,華南永昌-頭份,2024-05-16,9343
3231,緯創,28,16,12,華南永昌-頭份,2024-05-16,9343
2374,佳能,24,13,11,華南永昌-頭份,2024-05-16,9343
2611,志信,10,0,10,華南永昌-頭份,2024-05-16,9343
4526,東台,10,0,10,華南永昌-頭份,2024-05-16,9343
6153,嘉聯益,10,0,10,華南永昌-頭份,2024-05-16,9343
6443,元晶,10,0,10,華南永昌-頭份,2024-05-16,9343
8155,博智,30,20,10,華南永昌-頭份,2024-05-16,9343
6112,邁達特,10,0,10,華南永昌-頭份,2024-05-16,9343
2303,聯電,10,1,9,華南永昌-頭份,2024-05-16,9343
2545,皇翔,9,0,9,華南永昌-頭份,2024-05-16,9343
3234,光環,9,0,9,華南永昌-頭份,2024-05-16,9343
6215,和椿,16,7,9,華南永昌-頭份,2024-05-16,9343
1582,信錦,8,0,8,華南永昌-頭份,2024-05-16,9343
5386,青雲,8,0,8,華南永昌-頭份,2024-05-16,9343
2537,聯上發,10,3,7,華南永昌-頭份,2024-05-16,9343
3706,神達,16,9,7,華南永昌-頭份,2024-05-16,9343
6204,艾華,7,0,7,華南永昌-頭份,2024-05-16,9343
2609,陽明,51,44,7,華南永昌-頭份,2024-05-16,9343
2887,台新金,25,19,6,華南永昌-頭份,2024-05-16,9343
00878,國泰永續高股息,35,29,6,華南永昌-頭份,2024-05-16,9343
2402,毅嘉,6,0,6,華南永昌-頭份,2024-05-16,9343
9946,三發地產,6,0,6,華南永昌-頭份,2024-05-16,9343
3363,上詮,25,19,6,華南永昌-頭份,2024-05-16,9343
3056,富華新,5,0,5,華南永昌-頭份,2024-05-16,9343
6139,亞翔,5,0,5,華南永昌-頭份,2024-05-16,9343
00929,復華台灣科技優息,181,20,161,華南永昌-頭份,2024-05-17,9343
1517,利奇,133,0,133,華南永昌-頭份,2024-05-17,9343
2489,瑞軒,148,25,123,華南永昌-頭份,2024-05-17,9343
6015,宏遠證,101,0,101,華南永昌-頭份,2024-05-17,9343
2515,中工,111,12,99,華南永昌-頭份,2024-05-17,9343
2002,中鋼,50,0,50,華南永昌-頭份,2024-05-17,9343
3576,聯合再生,50,7,43,華南永昌-頭份,2024-05-17,9343
00632R,元大台灣50反1,40,0,40,華南永昌-頭份,2024-05-17,9343
3313,斐成,40,0,40,華南永昌-頭份,2024-05-17,9343
2349,錸德,39,4,35,華南永昌-頭份,2024-05-17,9343
00665L,富邦�琤肭磪囓�2,56,21,35,華南永昌-頭份,2024-05-17,9343
2514,龍邦,45,11,34,華南永昌-頭份,2024-05-17,9343
00687B,國泰20年美債,31,0,31,華南永昌-頭份,2024-05-17,9343
912000,晨訊科-DR,31,0,31,華南永昌-頭份,2024-05-17,9343
00878,國泰永續高股息,27,0,27,華南永昌-頭份,2024-05-17,9343
2317,鴻海,53,28,25,華南永昌-頭份,2024-05-17,9343
00680L,元大美債20正2,25,0,25,華南永昌-頭份,2024-05-17,9343
00857B,永豐20年美公債,24,0,24,華南永昌-頭份,2024-05-17,9343
2408,南亞科,20,0,20,華南永昌-頭份,2024-05-17,9343
3050,鈺德,20,0,20,華南永昌-頭份,2024-05-17,9343
00940,元大台灣價值高息,17,0,17,華南永昌-頭份,2024-05-17,9343
1815,富喬,22,5,17,華南永昌-頭份,2024-05-17,9343
3305,昇貿,18,1,17,華南永昌-頭份,2024-05-17,9343
00937B,群益ESG投等債20,16,0,16,華南永昌-頭份,2024-05-17,9343
5864,致和證,16,0,16,華南永昌-頭份,2024-05-17,9343
2382,廣達,21,6,15,華南永昌-頭份,2024-05-17,9343
2867,三商壽,39,24,15,華南永昌-頭份,2024-05-17,9343
2353,宏��,16,2,14,華南永昌-頭份,2024-05-17,9343
2449,京元電子,20,7,13,華南永昌-頭份,2024-05-17,9343
5371,中光電,12,0,12,華南永昌-頭份,2024-05-17,9343
2603,長榮,23,12,11,華南永昌-頭份,2024-05-17,9343
2492,華新科,11,0,11,華南永昌-頭份,2024-05-17,9343
2606,裕民,11,0,11,華南永昌-頭份,2024-05-17,9343
6914,阜爾運通,11,0,11,華南永昌-頭份,2024-05-17,9343
5392,能率,45,35,10,華南永昌-頭份,2024-05-17,9343
00637L,元大滬深300正2,10,0,10,華南永昌-頭份,2024-05-17,9343
3024,憶聲,15,5,10,華南永昌-頭份,2024-05-17,9343
8155,博智,10,0,10,華南永昌-頭份,2024-05-17,9343
1612,宏泰,11,1,10,華南永昌-頭份,2024-05-17,9343
2637,慧洋-KY,11,2,9,華南永昌-頭份,2024-05-17,9343
3033,威健,10,1,9,華南永昌-頭份,2024-05-17,9343
4977,眾達-KY,11,2,9,華南永昌-頭份,2024-05-17,9343
6288,聯嘉,10,1,9,華南永昌-頭份,2024-05-17,9343
6414,樺漢,9,0,9,華南永昌-頭份,2024-05-17,9343
2834,臺企銀,13,5,8,華南永昌-頭份,2024-05-17,9343
2406,國碩,11,3,8,華南永昌-頭份,2024-05-17,9343
3059,華晶科,17,9,8,華南永昌-頭份,2024-05-17,9343
4909,新復興,10,2,8,華南永昌-頭份,2024-05-17,9343
8088,品安,6,0,6,華南永昌-頭份,2024-05-17,9343
00706L,期元大S＆P日圓正2,6,0,6,華南永昌-頭份,2024-05-17,9343
2890,永豐金,380,1,379,華南永昌-頭份,2024-05-20,9343
912000,晨訊科-DR,169,0,169,華南永昌-頭份,2024-05-20,9343
00937B,群益ESG投等債20,116,0,116,華南永昌-頭份,2024-05-20,9343
8358,金居,64,9,55,華南永昌-頭份,2024-05-20,9343
6015,宏遠證,52,0,52,華南永昌-頭份,2024-05-20,9343
00712,復華富時不動產,50,0,50,華南永昌-頭份,2024-05-20,9343
00936,台新永續高息中小,50,0,50,華南永昌-頭份,2024-05-20,9343
00940,元大台灣價值高息,63,21,42,華南永昌-頭份,2024-05-20,9343
2527,宏璟,120,80,40,華南永昌-頭份,2024-05-20,9343
6237,驊訊,37,0,37,華南永昌-頭份,2024-05-20,9343
2618,長榮航,46,12,34,華南永昌-頭份,2024-05-20,9343
00731,復華富時高息低波,31,0,31,華南永昌-頭份,2024-05-20,9343
3033,威健,29,1,28,華南永昌-頭份,2024-05-20,9343
5009,榮剛,25,0,25,華南永昌-頭份,2024-05-20,9343
00878,國泰永續高股息,31,9,22,華南永昌-頭份,2024-05-20,9343
5381,合正,28,7,21,華南永昌-頭份,2024-05-20,9343
2363,矽統,44,26,18,華南永昌-頭份,2024-05-20,9343
5410,國眾,17,0,17,華南永昌-頭份,2024-05-20,9343
00946,群益科技高息成長,16,0,16,華南永昌-頭份,2024-05-20,9343
3564,其陽,24,8,16,華南永昌-頭份,2024-05-20,9343
3231,緯創,25,9,16,華南永昌-頭份,2024-05-20,9343
3305,昇貿,18,3,15,華南永昌-頭份,2024-05-20,9343
00919,群益台灣精選高息,38,23,15,華南永昌-頭份,2024-05-20,9343
2489,瑞軒,32,18,14,華南永昌-頭份,2024-05-20,9343
3013,晟銘電,28,15,13,華南永昌-頭份,2024-05-20,9343
2312,金寶,32,20,12,華南永昌-頭份,2024-05-20,9343
2539,櫻花建,12,0,12,華南永昌-頭份,2024-05-20,9343
2317,鴻海,40,28,12,華南永昌-頭份,2024-05-20,9343
1218,泰山,11,0,11,華南永昌-頭份,2024-05-20,9343
2892,第一金,52,41,11,華南永昌-頭份,2024-05-20,9343
3576,聯合再生,11,0,11,華南永昌-頭份,2024-05-20,9343
8096,擎亞,31,20,11,華南永昌-頭份,2024-05-20,9343
00857B,永豐20年美公債,10,0,10,華南永昌-頭份,2024-05-20,9343
00753L,中信中國50正2,11,1,10,華南永昌-頭份,2024-05-20,9343
2467,志聖,14,4,10,華南永昌-頭份,2024-05-20,9343
2885,元大金,10,0,10,華南永昌-頭份,2024-05-20,9343
3266,昇陽,10,0,10,華南永昌-頭份,2024-05-20,9343
4702,中美實,10,0,10,華南永昌-頭份,2024-05-20,9343
6257,矽格,10,0,10,華南永昌-頭份,2024-05-20,9343
8011,台通,10,0,10,華南永昌-頭份,2024-05-20,9343
2329,華泰,10,1,9,華南永昌-頭份,2024-05-20,9343
6125,廣運,18,9,9,華南永昌-頭份,2024-05-20,9343
6190,萬泰科,9,1,8,華南永昌-頭份,2024-05-20,9343
00752,中信中國50,6,0,6,華南永昌-頭份,2024-05-20,9343
6278,台表科,6,0,6,華南永昌-頭份,2024-05-20,9343
2330,台積電,8,3,5,華南永昌-頭份,2024-05-20,9343
2359,所羅門,64,59,5,華南永昌-頭份,2024-05-20,9343
1451,年興,5,0,5,華南永昌-頭份,2024-05-20,9343
1722,台肥,6,1,5,華南永昌-頭份,2024-05-20,9343
1762,中化生,5,0,5,華南永昌-頭份,2024-05-20,9343
00940,元大台灣價值高息,141,1,140,華南永昌-頭份,2024-05-21,9343
2002,中鋼,100,0,100,華南永昌-頭份,2024-05-21,9343
2527,宏璟,81,0,81,華南永昌-頭份,2024-05-21,9343
00665L,富邦�琤肭磪囓�2,73,18,55,華南永昌-頭份,2024-05-21,9343
3264,欣銓,55,0,55,華南永昌-頭份,2024-05-21,9343
3481,群創,52,4,48,華南永昌-頭份,2024-05-21,9343
6257,矽格,40,1,39,華南永昌-頭份,2024-05-21,9343
2323,中環,30,0,30,華南永昌-頭份,2024-05-21,9343
8358,金居,39,12,27,華南永昌-頭份,2024-05-21,9343
2618,長榮航,41,16,25,華南永昌-頭份,2024-05-21,9343
1608,華榮,44,20,24,華南永昌-頭份,2024-05-21,9343
2511,太子,23,0,23,華南永昌-頭份,2024-05-21,9343
5009,榮剛,24,2,22,華南永昌-頭份,2024-05-21,9343
00918,大華優利高填息30,21,0,21,華南永昌-頭份,2024-05-21,9343
2613,中櫃,20,0,20,華南永昌-頭份,2024-05-21,9343
3419,譁裕,20,0,20,華南永昌-頭份,2024-05-21,9343
8271,宇瞻,20,0,20,華南永昌-頭份,2024-05-21,9343
6153,嘉聯益,31,12,19,華南永昌-頭份,2024-05-21,9343
4960,誠美材,25,10,15,華南永昌-頭份,2024-05-21,9343
00878,國泰永續高股息,27,13,14,華南永昌-頭份,2024-05-21,9343
2316,楠梓電,12,0,12,華南永昌-頭份,2024-05-21,9343
2027,大成鋼,11,0,11,華南永昌-頭份,2024-05-21,9343
2374,佳能,39,28,11,華南永昌-頭份,2024-05-21,9343
1808,潤隆,11,0,11,華南永昌-頭份,2024-05-21,9343
1218,泰山,11,0,11,華南永昌-頭份,2024-05-21,9343
6005,群益證,11,0,11,華南永昌-頭份,2024-05-21,9343
00881,國泰台灣5G+,10,0,10,華南永昌-頭份,2024-05-21,9343
2206,三陽工業,10,0,10,華南永昌-頭份,2024-05-21,9343
2472,立隆電,10,0,10,華南永昌-頭份,2024-05-21,9343
2890,永豐金,10,0,10,華南永昌-頭份,2024-05-21,9343
3303,岱稜,10,0,10,華南永昌-頭份,2024-05-21,9343
4977,眾達-KY,10,0,10,華南永昌-頭份,2024-05-21,9343
2409,友達,9,0,9,華南永昌-頭份,2024-05-21,9343
3338,泰碩,18,9,9,華南永昌-頭份,2024-05-21,9343
2363,矽統,24,16,8,華南永昌-頭份,2024-05-21,9343
3376,新日興,10,2,8,華南永昌-頭份,2024-05-21,9343
4934,太極,8,0,8,華南永昌-頭份,2024-05-21,9343
5864,致和證,8,0,8,華南永昌-頭份,2024-05-21,9343
2892,第一金,7,0,7,華南永昌-頭份,2024-05-21,9343
00937B,群益ESG投等債20,7,0,7,華南永昌-頭份,2024-05-21,9343
2404,漢唐,7,0,7,華南永昌-頭份,2024-05-21,9343
2542,興富發,7,0,7,華南永昌-頭份,2024-05-21,9343
6175,立敦,22,15,7,華南永昌-頭份,2024-05-21,9343
2009,第一銅,13,6,7,華南永昌-頭份,2024-05-21,9343
00753L,中信中國50正2,6,0,6,華南永昌-頭份,2024-05-21,9343
3515,華擎,6,0,6,華南永昌-頭份,2024-05-21,9343
6414,樺漢,6,0,6,華南永昌-頭份,2024-05-21,9343
5426,振發,27,21,6,華南永昌-頭份,2024-05-21,9343
1303,南亞,6,0,6,華南永昌-頭份,2024-05-21,9343
2547,日勝生,5,0,5,華南永昌-頭份,2024-05-21,9343
00937B,群益ESG投等債20,214,0,214,華南永昌-頭份,2024-05-22,9343
2367,燿華,228,24,204,華南永昌-頭份,2024-05-22,9343
00933B,國泰10Y+金融債,202,5,197,華南永昌-頭份,2024-05-22,9343
2002,中鋼,132,5,127,華南永昌-頭份,2024-05-22,9343
00712,復華富時不動產,60,0,60,華南永昌-頭份,2024-05-22,9343
2884,玉山金,59,0,59,華南永昌-頭份,2024-05-22,9343
5392,能率,74,24,50,華南永昌-頭份,2024-05-22,9343
2489,瑞軒,48,0,48,華南永昌-頭份,2024-05-22,9343
00632R,元大台灣50反1,60,20,40,華南永昌-頭份,2024-05-22,9343
00665L,富邦�琤肭磪囓�2,38,0,38,華南永昌-頭份,2024-05-22,9343
00650L,復華香港正2,33,0,33,華南永昌-頭份,2024-05-22,9343
2618,長榮航,32,0,32,華南永昌-頭份,2024-05-22,9343
6257,矽格,31,0,31,華南永昌-頭份,2024-05-22,9343
6209,今國光,32,2,30,華南永昌-頭份,2024-05-22,9343
2317,鴻海,61,36,25,華南永昌-頭份,2024-05-22,9343
6578,達邦蛋白,25,0,25,華南永昌-頭份,2024-05-22,9343
5515,建國,21,0,21,華南永昌-頭份,2024-05-22,9343
3231,緯創,24,3,21,華南永昌-頭份,2024-05-22,9343
3033,威健,18,0,18,華南永昌-頭份,2024-05-22,9343
4906,正文,20,2,18,華南永昌-頭份,2024-05-22,9343
8011,台通,18,0,18,華南永昌-頭份,2024-05-22,9343
3013,晟銘電,59,42,17,華南永昌-頭份,2024-05-22,9343
6136,富爾特,16,0,16,華南永昌-頭份,2024-05-22,9343
2323,中環,15,0,15,華南永昌-頭份,2024-05-22,9343
2610,華航,14,0,14,華南永昌-頭份,2024-05-22,9343
2420,新巨,14,1,13,華南永昌-頭份,2024-05-22,9343
2359,所羅門,46,33,13,華南永昌-頭份,2024-05-22,9343
00930,永豐ESG低碳高息,13,0,13,華南永昌-頭份,2024-05-22,9343
2337,旺宏,12,0,12,華南永昌-頭份,2024-05-22,9343
5009,榮剛,12,0,12,華南永昌-頭份,2024-05-22,9343
8028,昇陽半導體,25,13,12,華南永昌-頭份,2024-05-22,9343
1303,南亞,12,0,12,華南永昌-頭份,2024-05-22,9343
1612,宏泰,12,1,11,華南永昌-頭份,2024-05-22,9343
1608,華榮,22,11,11,華南永昌-頭份,2024-05-22,9343
2905,三商,11,0,11,華南永昌-頭份,2024-05-22,9343
3057,喬鼎,11,0,11,華南永昌-頭份,2024-05-22,9343
8064,東捷,21,10,11,華南永昌-頭份,2024-05-22,9343
8110,華東,22,11,11,華南永昌-頭份,2024-05-22,9343
3036,文曄,15,4,11,華南永昌-頭份,2024-05-22,9343
00918,大華優利高填息30,11,0,11,華南永昌-頭份,2024-05-22,9343
2467,志聖,11,1,10,華南永昌-頭份,2024-05-22,9343
1316,上曜,10,0,10,華南永昌-頭份,2024-05-22,9343
1314,中石化,10,0,10,華南永昌-頭份,2024-05-22,9343
00676R,富邦臺灣加權反1,10,0,10,華南永昌-頭份,2024-05-22,9343
2441,超豐,10,0,10,華南永昌-頭份,2024-05-22,9343
2472,立隆電,10,0,10,華南永昌-頭份,2024-05-22,9343
5324,士開,10,0,10,華南永昌-頭份,2024-05-22,9343
6265,方土昶,10,0,10,華南永昌-頭份,2024-05-22,9343
911868,同方友友-DR,10,0,10,華南永昌-頭份,2024-05-22,9343
6188,廣明,18,9,9,華南永昌-頭份,2024-05-22,9343
00665L,富邦�琤肭磪囓�2,90,0,90,華南永昌-頭份,2024-05-23,9343
2527,宏璟,80,0,80,華南永昌-頭份,2024-05-23,9343
2367,燿華,88,9,79,華南永昌-頭份,2024-05-23,9343
912000,晨訊科-DR,68,1,67,華南永昌-頭份,2024-05-23,9343
3312,弘憶股,59,3,56,華南永昌-頭份,2024-05-23,9343
00946,群益科技高息成長,53,1,52,華南永昌-頭份,2024-05-23,9343
00753L,中信中國50正2,51,0,51,華南永昌-頭份,2024-05-23,9343
2884,玉山金,51,0,51,華南永昌-頭份,2024-05-23,9343
3481,群創,69,22,47,華南永昌-頭份,2024-05-23,9343
2371,大同,49,7,42,華南永昌-頭份,2024-05-23,9343
00893,國泰智能電動車,39,0,39,華南永昌-頭份,2024-05-23,9343
3702,大聯大,35,0,35,華南永昌-頭份,2024-05-23,9343
9912,偉聯,30,0,30,華南永昌-頭份,2024-05-23,9343
00929,復華台灣科技優息,47,17,30,華南永昌-頭份,2024-05-23,9343
00940,元大台灣價值高息,91,62,29,華南永昌-頭份,2024-05-23,9343
6177,達麗,29,1,28,華南永昌-頭份,2024-05-23,9343
3013,晟銘電,37,12,25,華南永昌-頭份,2024-05-23,9343
2312,金寶,26,2,24,華南永昌-頭份,2024-05-23,9343
2472,立隆電,21,0,21,華南永昌-頭份,2024-05-23,9343
4743,合一,21,1,20,華南永昌-頭份,2024-05-23,9343
2610,華航,19,0,19,華南永昌-頭份,2024-05-23,9343
2002,中鋼,18,0,18,華南永昌-頭份,2024-05-23,9343
2888,新光金,16,0,16,華南永昌-頭份,2024-05-23,9343
00675L,富邦臺灣加權正2,16,0,16,華南永昌-頭份,2024-05-23,9343
3071,協禧,21,5,16,華南永昌-頭份,2024-05-23,9343
4157,太景*-KY,21,5,16,華南永昌-頭份,2024-05-23,9343
1568,倉佑,15,0,15,華南永昌-頭份,2024-05-23,9343
8936,國統,16,2,14,華南永昌-頭份,2024-05-23,9343
8110,華東,14,0,14,華南永昌-頭份,2024-05-23,9343
2887,台新金,12,0,12,華南永昌-頭份,2024-05-23,9343
1612,宏泰,14,2,12,華南永昌-頭份,2024-05-23,9343
2368,金像電,13,1,12,華南永昌-頭份,2024-05-23,9343
4108,懷特,12,0,12,華南永昌-頭份,2024-05-23,9343
2324,仁寶,15,4,11,華南永昌-頭份,2024-05-23,9343
1808,潤隆,11,0,11,華南永昌-頭份,2024-05-23,9343
1314,中石化,11,0,11,華南永昌-頭份,2024-05-23,9343
00633L,富邦上証正2,11,0,11,華南永昌-頭份,2024-05-23,9343
3162,精確,11,0,11,華南永昌-頭份,2024-05-23,9343
5381,合正,11,0,11,華南永昌-頭份,2024-05-23,9343
6147,頎邦,11,0,11,華南永昌-頭份,2024-05-23,9343
00937B,群益ESG投等債20,10,0,10,華南永昌-頭份,2024-05-23,9343
2356,英業達,22,12,10,華南永昌-頭份,2024-05-23,9343
2850,新產,10,0,10,華南永昌-頭份,2024-05-23,9343
4960,誠美材,10,0,10,華南永昌-頭份,2024-05-23,9343
6257,矽格,10,0,10,華南永昌-頭份,2024-05-23,9343
2618,長榮航,25,16,9,華南永昌-頭份,2024-05-23,9343
2376,技嘉,10,1,9,華南永昌-頭份,2024-05-23,9343
00712,復華富時不動產,9,0,9,華南永昌-頭份,2024-05-23,9343
2204,中華,9,0,9,華南永昌-頭份,2024-05-23,9343
4977,眾達-KY,10,1,9,華南永昌-頭份,2024-05-23,9343
00937B,群益ESG投等債20,183,14,169,華南永昌-頭份,2024-05-24,9343
2515,中工,100,6,94,華南永昌-頭份,2024-05-24,9343
6288,聯嘉,98,10,88,華南永昌-頭份,2024-05-24,9343
2618,長榮航,77,10,67,華南永昌-頭份,2024-05-24,9343
00665L,富邦�琤肭磪囓�2,57,2,55,華南永昌-頭份,2024-05-24,9343
00753L,中信中國50正2,32,0,32,華南永昌-頭份,2024-05-24,9343
00882,中信中國高股息,30,0,30,華南永昌-頭份,2024-05-24,9343
1802,台玻,30,3,27,華南永昌-頭份,2024-05-24,9343
8110,華東,26,0,26,華南永昌-頭份,2024-05-24,9343
2371,大同,28,5,23,華南永昌-頭份,2024-05-24,9343
2405,輔信,32,9,23,華南永昌-頭份,2024-05-24,9343
3376,新日興,23,1,22,華南永昌-頭份,2024-05-24,9343
2365,昆盈,54,33,21,華南永昌-頭份,2024-05-24,9343
2204,中華,20,0,20,華南永昌-頭份,2024-05-24,9343
2610,華航,20,0,20,華南永昌-頭份,2024-05-24,9343
3202,樺晟,22,2,20,華南永昌-頭份,2024-05-24,9343
00712,復華富時不動產,17,0,17,華南永昌-頭份,2024-05-24,9343
3059,華晶科,20,3,17,華南永昌-頭份,2024-05-24,9343
00637L,元大滬深300正2,16,1,15,華南永昌-頭份,2024-05-24,9343
2324,仁寶,16,1,15,華南永昌-頭份,2024-05-24,9343
2367,燿華,29,14,15,華南永昌-頭份,2024-05-24,9343
5519,隆大,15,0,15,華南永昌-頭份,2024-05-24,9343
3013,晟銘電,35,21,14,華南永昌-頭份,2024-05-24,9343
1909,榮成,13,0,13,華南永昌-頭份,2024-05-24,9343
6147,頎邦,11,0,11,華南永昌-頭份,2024-05-24,9343
6166,凌華,15,4,11,華南永昌-頭份,2024-05-24,9343
1440,南紡,10,0,10,華南永昌-頭份,2024-05-24,9343
2356,英業達,12,2,10,華南永昌-頭份,2024-05-24,9343
6177,達麗,15,5,10,華南永昌-頭份,2024-05-24,9343
00679B,元大美債20年,10,1,9,華南永昌-頭份,2024-05-24,9343
2630,亞航,13,4,9,華南永昌-頭份,2024-05-24,9343
2027,大成鋼,10,1,9,華南永昌-頭份,2024-05-24,9343
2344,華邦電,11,2,9,華南永昌-頭份,2024-05-24,9343
6190,萬泰科,9,0,9,華南永昌-頭份,2024-05-24,9343
2317,鴻海,59,50,9,華南永昌-頭份,2024-05-24,9343
1810,和成,26,18,8,華南永昌-頭份,2024-05-24,9343
00946,群益科技高息成長,8,0,8,華南永昌-頭份,2024-05-24,9343
00632R,元大台灣50反1,10,2,8,華南永昌-頭份,2024-05-24,9343
2464,盟立,21,13,8,華南永昌-頭份,2024-05-24,9343
2867,三商壽,8,0,8,華南永昌-頭份,2024-05-24,9343
6234,高僑,13,5,8,華南永昌-頭份,2024-05-24,9343
2002,中鋼,9,2,7,華南永昌-頭份,2024-05-24,9343
3035,智原,7,0,7,華南永昌-頭份,2024-05-24,9343
2241,艾姆勒,12,5,7,華南永昌-頭份,2024-05-24,9343
2359,所羅門,109,103,6,華南永昌-頭份,2024-05-24,9343
2615,萬海,6,0,6,華南永昌-頭份,2024-05-24,9343
6282,康舒,7,1,6,華南永昌-頭份,2024-05-24,9343
9907,統一實,6,0,6,華南永昌-頭份,2024-05-24,9343
1609,大亞,12,6,6,華南永昌-頭份,2024-05-24,9343
2467,志聖,8,2,6,華南永昌-頭份,2024-05-24,9343
2892,第一金,150,2,148,華南永昌-頭份,2024-05-27,9343
912000,晨訊科-DR,70,1,69,華南永昌-頭份,2024-05-27,9343
00937B,群益ESG投等債20,55,0,55,華南永昌-頭份,2024-05-27,9343
6125,廣運,63,16,47,華南永昌-頭份,2024-05-27,9343
2611,志信,52,10,42,華南永昌-頭份,2024-05-27,9343
00632R,元大台灣50反1,50,10,40,華南永昌-頭份,2024-05-27,9343
00675L,富邦臺灣加權正2,40,0,40,華南永昌-頭份,2024-05-27,9343
5498,凱崴,42,11,31,華南永昌-頭份,2024-05-27,9343
5876,上海商銀,30,0,30,華南永昌-頭份,2024-05-27,9343
2303,聯電,38,10,28,華南永昌-頭份,2024-05-27,9343
1503,士電,30,3,27,華南永昌-頭份,2024-05-27,9343
2352,佳世達,27,4,23,華南永昌-頭份,2024-05-27,9343
6698,旭暉應材,24,1,23,華南永昌-頭份,2024-05-27,9343
2834,臺企銀,23,2,21,華南永昌-頭份,2024-05-27,9343
2867,三商壽,47,27,20,華南永昌-頭份,2024-05-27,9343
1815,富喬,33,13,20,華南永昌-頭份,2024-05-27,9343
2514,龍邦,30,10,20,華南永昌-頭份,2024-05-27,9343
2543,皇昌,20,0,20,華南永昌-頭份,2024-05-27,9343
2002,中鋼,19,0,19,華南永昌-頭份,2024-05-27,9343
4909,新復興,20,1,19,華南永昌-頭份,2024-05-27,9343
5607,遠雄港,16,0,16,華南永昌-頭份,2024-05-27,9343
00946,群益科技高息成長,15,0,15,華南永昌-頭份,2024-05-27,9343
3338,泰碩,18,5,13,華南永昌-頭份,2024-05-27,9343
1802,台玻,12,0,12,華南永昌-頭份,2024-05-27,9343
00940,元大台灣價值高息,31,19,12,華南永昌-頭份,2024-05-27,9343
00679B,元大美債20年,11,0,11,華南永昌-頭份,2024-05-27,9343
2353,宏��,47,36,11,華南永昌-頭份,2024-05-27,9343
1517,利奇,11,0,11,華南永昌-頭份,2024-05-27,9343
2367,燿華,11,0,11,華南永昌-頭份,2024-05-27,9343
2369,菱生,12,1,11,華南永昌-頭份,2024-05-27,9343
2630,亞航,13,2,11,華南永昌-頭份,2024-05-27,9343
3041,揚智,11,0,11,華南永昌-頭份,2024-05-27,9343
4726,永昕,11,0,11,華南永昌-頭份,2024-05-27,9343
2330,台積電,12,2,10,華南永昌-頭份,2024-05-27,9343
1809,中釉,11,1,10,華南永昌-頭份,2024-05-27,9343
2331,精英,11,1,10,華南永昌-頭份,2024-05-27,9343
2375,凱美,10,0,10,華南永昌-頭份,2024-05-27,9343
2601,益航,10,0,10,華南永昌-頭份,2024-05-27,9343
2812,台中銀,10,0,10,華南永昌-頭份,2024-05-27,9343
3306,鼎天,10,0,10,華南永昌-頭份,2024-05-27,9343
3492,長盛,10,0,10,華南永昌-頭份,2024-05-27,9343
4566,時碩工業,10,0,10,華南永昌-頭份,2024-05-27,9343
6005,群益證,10,0,10,華南永昌-頭份,2024-05-27,9343
2618,長榮航,12,2,10,華南永昌-頭份,2024-05-27,9343
00933B,國泰10Y+金融債,10,0,10,華南永昌-頭份,2024-05-27,9343
6770,力積電,13,4,9,華南永昌-頭份,2024-05-27,9343
4533,協易機,13,5,8,華南永昌-頭份,2024-05-27,9343
2204,中華,8,0,8,華南永昌-頭份,2024-05-27,9343
3044,健鼎,8,0,8,華南永昌-頭份,2024-05-27,9343
6117,迎廣,17,9,8,華南永昌-頭份,2024-05-27,9343
00919,群益台灣精選高息,209,2,207,華南永昌-頭份,2024-05-28,9343
00937B,群益ESG投等債20,147,0,147,華南永昌-頭份,2024-05-28,9343
00940,元大台灣價值高息,87,5,82,華南永昌-頭份,2024-05-28,9343
2641,正德,119,47,72,華南永昌-頭份,2024-05-28,9343
2363,矽統,73,17,56,華南永昌-頭份,2024-05-28,9343
6757,台灣虎航,52,2,50,華南永昌-頭份,2024-05-28,9343
8070,長華*,40,0,40,華南永昌-頭份,2024-05-28,9343
2353,宏��,47,14,33,華南永昌-頭份,2024-05-28,9343
6275,元山,42,12,30,華南永昌-頭份,2024-05-28,9343
1513,中興電,27,1,26,華南永昌-頭份,2024-05-28,9343
2401,凌陽,59,33,26,華南永昌-頭份,2024-05-28,9343
2603,長榮,28,3,25,華南永昌-頭份,2024-05-28,9343
2610,華航,26,6,20,華南永昌-頭份,2024-05-28,9343
2340,台亞,25,6,19,華南永昌-頭份,2024-05-28,9343
3005,神基,20,1,19,華南永昌-頭份,2024-05-28,9343
00679B,元大美債20年,18,1,17,華南永昌-頭份,2024-05-28,9343
2330,台積電,16,0,16,華南永昌-頭份,2024-05-28,9343
00946,群益科技高息成長,15,0,15,華南永昌-頭份,2024-05-28,9343
2211,長榮鋼,15,0,15,華南永昌-頭份,2024-05-28,9343
2467,志聖,17,2,15,華南永昌-頭份,2024-05-28,9343
2002,中鋼,13,0,13,華南永昌-頭份,2024-05-28,9343
6547,高端疫苗,12,0,12,華南永昌-頭份,2024-05-28,9343
2464,盟立,35,24,11,華南永昌-頭份,2024-05-28,9343
3044,健鼎,11,0,11,華南永昌-頭份,2024-05-28,9343
4102,永日,11,0,11,華南永昌-頭份,2024-05-28,9343
6215,和椿,13,2,11,華南永昌-頭份,2024-05-28,9343
6237,驊訊,15,4,11,華南永昌-頭份,2024-05-28,9343
6806,森崴能源,11,0,11,華南永昌-頭份,2024-05-28,9343
2891,中信金,11,0,11,華南永昌-頭份,2024-05-28,9343
00915,凱基優選高股息30,10,0,10,華南永昌-頭份,2024-05-28,9343
00675L,富邦臺灣加權正2,10,0,10,華南永昌-頭份,2024-05-28,9343
2025,千興,10,0,10,華南永昌-頭份,2024-05-28,9343
2208,台船,10,0,10,華南永昌-頭份,2024-05-28,9343
2431,聯昌,10,0,10,華南永昌-頭份,2024-05-28,9343
2888,新光金,12,2,10,華南永昌-頭份,2024-05-28,9343
4952,凌通,30,20,10,華南永昌-頭份,2024-05-28,9343
2301,光寶科,10,0,10,華南永昌-頭份,2024-05-28,9343
3231,緯創,39,29,10,華南永昌-頭份,2024-05-28,9343
5371,中光電,11,2,9,華南永昌-頭份,2024-05-28,9343
3308,聯德,11,2,9,華南永昌-頭份,2024-05-28,9343
5425,台半,11,2,9,華南永昌-頭份,2024-05-28,9343
6026,福邦證,10,1,9,華南永昌-頭份,2024-05-28,9343
8064,東捷,21,12,9,華南永昌-頭份,2024-05-28,9343
2382,廣達,10,2,8,華南永昌-頭份,2024-05-28,9343
1718,中纖,8,0,8,華南永昌-頭份,2024-05-28,9343
1905,華紙,9,1,8,華南永昌-頭份,2024-05-28,9343
2845,遠東銀,8,0,8,華南永昌-頭份,2024-05-28,9343
2354,鴻準,94,87,7,華南永昌-頭份,2024-05-28,9343
9945,潤泰新,10,3,7,華南永昌-頭份,2024-05-28,9343
00712,復華富時不動產,7,0,7,華南永昌-頭份,2024-05-28,9343
00937B,群益ESG投等債20,253,0,253,華南永昌-頭份,2024-05-29,9343
2884,玉山金,105,0,105,華南永昌-頭份,2024-05-29,9343
6160,欣技,102,3,99,華南永昌-頭份,2024-05-29,9343
5608,四維航,92,4,88,華南永昌-頭份,2024-05-29,9343
00679B,元大美債20年,55,0,55,華南永昌-頭份,2024-05-29,9343
2371,大同,55,2,53,華南永昌-頭份,2024-05-29,9343
5876,上海商銀,52,1,51,華南永昌-頭份,2024-05-29,9343
2489,瑞軒,180,130,50,華南永昌-頭份,2024-05-29,9343
00665L,富邦�琤肭磪囓�2,45,0,45,華南永昌-頭份,2024-05-29,9343
00946,群益科技高息成長,42,0,42,華南永昌-頭份,2024-05-29,9343
00929,復華台灣科技優息,58,20,38,華南永昌-頭份,2024-05-29,9343
4714,永捷,46,9,37,華南永昌-頭份,2024-05-29,9343
2618,長榮航,40,4,36,華南永昌-頭份,2024-05-29,9343
2506,太設,34,2,32,華南永昌-頭份,2024-05-29,9343
3704,合勤控,30,0,30,華南永昌-頭份,2024-05-29,9343
2834,臺企銀,30,0,30,華南永昌-頭份,2024-05-29,9343
6026,福邦證,30,0,30,華南永昌-頭份,2024-05-29,9343
6140,訊達,20,1,19,華南永昌-頭份,2024-05-29,9343
8110,華東,26,7,19,華南永昌-頭份,2024-05-29,9343
3537,堡達,32,14,18,華南永昌-頭份,2024-05-29,9343
00933B,國泰10Y+金融債,17,0,17,華南永昌-頭份,2024-05-29,9343
2353,宏��,50,34,16,華南永昌-頭份,2024-05-29,9343
6120,達運,16,0,16,華南永昌-頭份,2024-05-29,9343
6269,台郡,16,0,16,華南永昌-頭份,2024-05-29,9343
00680L,元大美債20正2,15,0,15,華南永昌-頭份,2024-05-29,9343
2230,泰茂,15,0,15,華南永昌-頭份,2024-05-29,9343
2367,燿華,26,11,15,華南永昌-頭份,2024-05-29,9343
3017,奇鋐,17,3,14,華南永昌-頭份,2024-05-29,9343
00687B,國泰20年美債,13,0,13,華南永昌-頭份,2024-05-29,9343
00720B,元大投資級公司債,13,0,13,華南永昌-頭份,2024-05-29,9343
2891,中信金,12,0,12,華南永昌-頭份,2024-05-29,9343
6270,倍微,12,0,12,華南永昌-頭份,2024-05-29,9343
3380,明泰,22,10,12,華南永昌-頭份,2024-05-29,9343
00751B,元大AAA至A公司債,12,0,12,華南永昌-頭份,2024-05-29,9343
00931B,統一美債20年,12,0,12,華南永昌-頭份,2024-05-29,9343
3035,智原,18,6,12,華南永昌-頭份,2024-05-29,9343
00940,元大台灣價值高息,21,10,11,華南永昌-頭份,2024-05-29,9343
5469,瀚宇博,11,0,11,華南永昌-頭份,2024-05-29,9343
1809,中釉,11,0,11,華南永昌-頭份,2024-05-29,9343
2888,新光金,21,10,11,華南永昌-頭份,2024-05-29,9343
6282,康舒,12,1,11,華南永昌-頭份,2024-05-29,9343
8011,台通,12,1,11,華南永昌-頭份,2024-05-29,9343
2801,彰銀,10,0,10,華南永昌-頭份,2024-05-29,9343
1457,宜進,10,0,10,華南永昌-頭份,2024-05-29,9343
2204,中華,10,0,10,華南永昌-頭份,2024-05-29,9343
2397,友通,11,1,10,華南永昌-頭份,2024-05-29,9343
2527,宏璟,10,0,10,華南永昌-頭份,2024-05-29,9343
3379,彬台,10,0,10,華南永昌-頭份,2024-05-29,9343
4726,永昕,10,0,10,華南永昌-頭份,2024-05-29,9343
5439,高技,13,3,10,華南永昌-頭份,2024-05-29,9343
00712,復華富時不動產,177,0,177,華南永昌-頭份,2024-05-30,9343
00929,復華台灣科技優息,131,20,111,華南永昌-頭份,2024-05-30,9343
2489,瑞軒,96,21,75,華南永昌-頭份,2024-05-30,9343
00665L,富邦�琤肭磪囓�2,71,10,61,華南永昌-頭份,2024-05-30,9343
1447,力鵬,68,11,57,華南永昌-頭份,2024-05-30,9343
2002,中鋼,56,0,56,華南永昌-頭份,2024-05-30,9343
00937B,群益ESG投等債20,148,105,43,華南永昌-頭份,2024-05-30,9343
1815,富喬,69,29,40,華南永昌-頭份,2024-05-30,9343
00940,元大台灣價值高息,35,0,35,華南永昌-頭份,2024-05-30,9343
2317,鴻海,61,26,35,華南永昌-頭份,2024-05-30,9343
1444,力麗,32,0,32,華南永昌-頭份,2024-05-30,9343
2354,鴻準,42,11,31,華南永昌-頭份,2024-05-30,9343
1303,南亞,27,0,27,華南永昌-頭份,2024-05-30,9343
2834,臺企銀,26,0,26,華南永昌-頭份,2024-05-30,9343
1102,亞泥,26,0,26,華南永昌-頭份,2024-05-30,9343
3004,豐達科,25,0,25,華南永昌-頭份,2024-05-30,9343
00915,凱基優選高股息30,20,0,20,華南永昌-頭份,2024-05-30,9343
5439,高技,30,10,20,華南永昌-頭份,2024-05-30,9343
6168,宏齊,20,0,20,華南永昌-頭份,2024-05-30,9343
6209,今國光,53,33,20,華南永昌-頭份,2024-05-30,9343
5871,中租-KY,20,1,19,華南永昌-頭份,2024-05-30,9343
6275,元山,22,3,19,華南永昌-頭份,2024-05-30,9343
00927,群益半導體收益,18,0,18,華南永昌-頭份,2024-05-30,9343
00896,中信綠能及電動車,18,0,18,華南永昌-頭份,2024-05-30,9343
2405,輔信,28,11,17,華南永昌-頭份,2024-05-30,9343
00687B,國泰20年美債,16,0,16,華南永昌-頭份,2024-05-30,9343
00679B,元大美債20年,15,0,15,華南永昌-頭份,2024-05-30,9343
2467,志聖,15,0,15,華南永昌-頭份,2024-05-30,9343
4533,協易機,31,16,15,華南永昌-頭份,2024-05-30,9343
1314,中石化,15,0,15,華南永昌-頭份,2024-05-30,9343
6698,旭暉應材,15,0,15,華南永昌-頭份,2024-05-30,9343
3013,晟銘電,16,2,14,華南永昌-頭份,2024-05-30,9343
2371,大同,28,14,14,華南永昌-頭份,2024-05-30,9343
2382,廣達,13,0,13,華南永昌-頭份,2024-05-30,9343
00753L,中信中國50正2,13,0,13,華南永昌-頭份,2024-05-30,9343
1316,上曜,17,4,13,華南永昌-頭份,2024-05-30,9343
2344,華邦電,21,8,13,華南永昌-頭份,2024-05-30,9343
2886,兆豐金,14,1,13,華南永昌-頭份,2024-05-30,9343
6117,迎廣,21,8,13,華南永昌-頭份,2024-05-30,9343
5468,凱鈺,12,0,12,華南永昌-頭份,2024-05-30,9343
2353,宏��,44,32,12,華南永昌-頭份,2024-05-30,9343
5880,合庫金,11,0,11,華南永昌-頭份,2024-05-30,9343
6288,聯嘉,11,0,11,華南永昌-頭份,2024-05-30,9343
2615,萬海,16,5,11,華南永昌-頭份,2024-05-30,9343
4967,十銓,33,23,10,華南永昌-頭份,2024-05-30,9343
00931B,統一美債20年,10,0,10,華南永昌-頭份,2024-05-30,9343
00675L,富邦臺灣加權正2,10,0,10,華南永昌-頭份,2024-05-30,9343
1909,榮成,10,0,10,華南永昌-頭份,2024-05-30,9343
2332,友訊,10,0,10,華南永昌-頭份,2024-05-30,9343
2393,億光,10,0,10,華南永昌-頭份,2024-05-30,9343
5880,合庫金,1101,0,1101,華南永昌-頭份,2024-05-31,9343
2489,瑞軒,188,52,136,華南永昌-頭份,2024-05-31,9343
00929,復華台灣科技優息,134,11,123,華南永昌-頭份,2024-05-31,9343
00937B,群益ESG投等債20,121,20,101,華南永昌-頭份,2024-05-31,9343
2892,第一金,70,0,70,華南永昌-頭份,2024-05-31,9343
00946,群益科技高息成長,35,0,35,華南永昌-頭份,2024-05-31,9343
4967,十銓,41,6,35,華南永昌-頭份,2024-05-31,9343
1536,和大,33,0,33,華南永昌-頭份,2024-05-31,9343
2317,鴻海,68,40,28,華南永昌-頭份,2024-05-31,9343
2609,陽明,134,108,26,華南永昌-頭份,2024-05-31,9343
5498,凱崴,26,0,26,華南永昌-頭份,2024-05-31,9343
00919,群益台灣精選高息,58,32,26,華南永昌-頭份,2024-05-31,9343
3016,嘉晶,25,0,25,華南永昌-頭份,2024-05-31,9343
3231,緯創,26,2,24,華南永昌-頭份,2024-05-31,9343
3033,威健,29,5,24,華南永昌-頭份,2024-05-31,9343
8046,南電,24,1,23,華南永昌-頭份,2024-05-31,9343
00939,統一台灣高息動能,23,0,23,華南永昌-頭份,2024-05-31,9343
2409,友達,23,0,23,華南永昌-頭份,2024-05-31,9343
2328,廣宇,122,100,22,華南永昌-頭份,2024-05-31,9343
2401,凌陽,23,2,21,華南永昌-頭份,2024-05-31,9343
8059,凱碩,20,0,20,華南永昌-頭份,2024-05-31,9343
3047,訊舟,28,9,19,華南永昌-頭份,2024-05-31,9343
2356,英業達,21,4,17,華南永昌-頭份,2024-05-31,9343
3537,堡達,17,0,17,華南永昌-頭份,2024-05-31,9343
2618,長榮航,40,24,16,華南永昌-頭份,2024-05-31,9343
1316,上曜,17,2,15,華南永昌-頭份,2024-05-31,9343
4960,誠美材,20,5,15,華南永昌-頭份,2024-05-31,9343
6187,萬潤,15,0,15,華南永昌-頭份,2024-05-31,9343
5347,世界,19,4,15,華南永昌-頭份,2024-05-31,9343
2002,中鋼,17,3,14,華南永昌-頭份,2024-05-31,9343
5371,中光電,18,4,14,華南永昌-頭份,2024-05-31,9343
4526,東台,12,0,12,華南永昌-頭份,2024-05-31,9343
2495,普安,12,1,11,華南永昌-頭份,2024-05-31,9343
1725,元禎,11,0,11,華南永昌-頭份,2024-05-31,9343
2313,華通,11,0,11,華南永昌-頭份,2024-05-31,9343
2367,燿華,20,9,11,華南永昌-頭份,2024-05-31,9343
5314,世紀,11,0,11,華南永昌-頭份,2024-05-31,9343
2353,宏��,10,0,10,華南永昌-頭份,2024-05-31,9343
1314,中石化,10,0,10,華南永昌-頭份,2024-05-31,9343
00930,永豐ESG低碳高息,10,0,10,華南永昌-頭份,2024-05-31,9343
1530,亞崴,10,0,10,華南永昌-頭份,2024-05-31,9343
1808,潤隆,11,1,10,華南永昌-頭份,2024-05-31,9343
2344,華邦電,20,10,10,華南永昌-頭份,2024-05-31,9343
2355,敬鵬,10,0,10,華南永昌-頭份,2024-05-31,9343
2838,聯邦銀,10,0,10,華南永昌-頭份,2024-05-31,9343
5243,乙盛-KY,10,0,10,華南永昌-頭份,2024-05-31,9343
8050,廣積,10,0,10,華南永昌-頭份,2024-05-31,9343
8240,華宏,10,0,10,華南永昌-頭份,2024-05-31,9343
00878,國泰永續高股息,10,0,10,華南永昌-頭份,2024-05-31,9343
1815,富喬,25,16,9,華南永昌-頭份,2024-05-31,9343
9105,泰金寶-DR,200,2,198,華南永昌-頭份,2024-06-03,9343
00680L,元大美債20正2,103,0,103,華南永昌-頭份,2024-06-03,9343
00929,復華台灣科技優息,102,18,84,華南永昌-頭份,2024-06-03,9343
00918,大華優利高填息30,55,0,55,華南永昌-頭份,2024-06-03,9343
00919,群益台灣精選高息,54,0,54,華南永昌-頭份,2024-06-03,9343
6188,廣明,63,11,52,華南永昌-頭份,2024-06-03,9343
2344,華邦電,50,5,45,華南永昌-頭份,2024-06-03,9343
2427,三商電,40,3,37,華南永昌-頭份,2024-06-03,9343
2401,凌陽,79,49,30,華南永昌-頭份,2024-06-03,9343
4533,協易機,62,34,28,華南永昌-頭份,2024-06-03,9343
2354,鴻準,38,12,26,華南永昌-頭份,2024-06-03,9343
2317,鴻海,49,25,24,華南永昌-頭份,2024-06-03,9343
2618,長榮航,34,11,23,華南永昌-頭份,2024-06-03,9343
1612,宏泰,25,4,21,華南永昌-頭份,2024-06-03,9343
3231,緯創,27,7,20,華南永昌-頭份,2024-06-03,9343
2313,華通,20,0,20,華南永昌-頭份,2024-06-03,9343
3481,群創,23,4,19,華南永昌-頭份,2024-06-03,9343
6284,佳邦,20,1,19,華南永昌-頭份,2024-06-03,9343
3202,樺晟,35,17,18,華南永昌-頭份,2024-06-03,9343
3167,大量,18,0,18,華南永昌-頭份,2024-06-03,9343
3308,聯德,20,3,17,華南永昌-頭份,2024-06-03,9343
00946,群益科技高息成長,15,0,15,華南永昌-頭份,2024-06-03,9343
6026,福邦證,15,0,15,華南永昌-頭份,2024-06-03,9343
3056,富華新,15,1,14,華南永昌-頭份,2024-06-03,9343
8110,華東,14,0,14,華南永昌-頭份,2024-06-03,9343
2495,普安,13,0,13,華南永昌-頭份,2024-06-03,9343
6270,倍微,17,4,13,華南永昌-頭份,2024-06-03,9343
4958,臻鼎-KY,47,34,13,華南永昌-頭份,2024-06-03,9343
2834,臺企銀,13,0,13,華南永昌-頭份,2024-06-03,9343
3703,欣陸,13,1,12,華南永昌-頭份,2024-06-03,9343
00940,元大台灣價值高息,12,1,11,華南永昌-頭份,2024-06-03,9343
1711,永光,11,0,11,華南永昌-頭份,2024-06-03,9343
0056,元大高股息,16,5,11,華南永昌-頭份,2024-06-03,9343
2002,中鋼,15,5,10,華南永昌-頭份,2024-06-03,9343
1102,亞泥,10,0,10,華南永昌-頭份,2024-06-03,9343
2801,彰銀,10,0,10,華南永昌-頭份,2024-06-03,9343
3576,聯合再生,10,0,10,華南永昌-頭份,2024-06-03,9343
6122,擎邦,10,0,10,華南永昌-頭份,2024-06-03,9343
9946,三發地產,10,0,10,華南永昌-頭份,2024-06-03,9343
00715L,期街口布蘭特正2,9,0,9,華南永昌-頭份,2024-06-03,9343
2376,技嘉,11,2,9,華南永昌-頭份,2024-06-03,9343
3178,公準,9,0,9,華南永昌-頭份,2024-06-03,9343
9945,潤泰新,10,1,9,華南永昌-頭份,2024-06-03,9343
5347,世界,8,0,8,華南永昌-頭份,2024-06-03,9343
2610,華航,11,3,8,華南永昌-頭份,2024-06-03,9343
2303,聯電,9,1,8,華南永昌-頭份,2024-06-03,9343
00637L,元大滬深300正2,8,0,8,華南永昌-頭份,2024-06-03,9343
3059,華晶科,14,6,8,華南永昌-頭份,2024-06-03,9343
1310,台苯,7,0,7,華南永昌-頭份,2024-06-03,9343
2501,國建,13,6,7,華南永昌-頭份,2024-06-03,9343
00918,大華優利高填息30,185,8,177,華南永昌-頭份,2024-06-04,9343
00929,復華台灣科技優息,86,0,86,華南永昌-頭份,2024-06-04,9343
00940,元大台灣價值高息,67,0,67,華南永昌-頭份,2024-06-04,9343
00936,台新永續高息中小,76,10,66,華南永昌-頭份,2024-06-04,9343
00919,群益台灣精選高息,66,1,65,華南永昌-頭份,2024-06-04,9343
4534,慶騰,60,0,60,華南永昌-頭份,2024-06-04,9343
00713,元大台灣高息低波,56,0,56,華南永昌-頭份,2024-06-04,9343
1815,富喬,74,30,44,華南永昌-頭份,2024-06-04,9343
2312,金寶,56,15,41,華南永昌-頭份,2024-06-04,9343
2344,華邦電,38,1,37,華南永昌-頭份,2024-06-04,9343
2427,三商電,37,0,37,華南永昌-頭份,2024-06-04,9343
4958,臻鼎-KY,34,0,34,華南永昌-頭份,2024-06-04,9343
4967,十銓,48,14,34,華南永昌-頭份,2024-06-04,9343
0056,元大高股息,33,0,33,華南永昌-頭份,2024-06-04,9343
6770,力積電,33,0,33,華南永昌-頭份,2024-06-04,9343
2801,彰銀,32,0,32,華南永昌-頭份,2024-06-04,9343
5880,合庫金,35,3,32,華南永昌-頭份,2024-06-04,9343
3481,群創,31,1,30,華南永昌-頭份,2024-06-04,9343
2324,仁寶,30,0,30,華南永昌-頭份,2024-06-04,9343
2537,聯上發,41,11,30,華南永昌-頭份,2024-06-04,9343
2317,鴻海,28,5,23,華南永昌-頭份,2024-06-04,9343
00891,中信關鍵半導體,23,0,23,華南永昌-頭份,2024-06-04,9343
2354,鴻準,36,14,22,華南永昌-頭份,2024-06-04,9343
4533,協易機,29,7,22,華南永昌-頭份,2024-06-04,9343
00937B,群益ESG投等債20,35,13,22,華南永昌-頭份,2024-06-04,9343
2887,台新金,22,0,22,華南永昌-頭份,2024-06-04,9343
2834,臺企銀,21,0,21,華南永昌-頭份,2024-06-04,9343
00878,國泰永續高股息,21,1,20,華南永昌-頭份,2024-06-04,9343
2323,中環,20,0,20,華南永昌-頭份,2024-06-04,9343
2002,中鋼,19,0,19,華南永昌-頭份,2024-06-04,9343
00715L,期街口布蘭特正2,19,0,19,華南永昌-頭份,2024-06-04,9343
2303,聯電,21,3,18,華南永昌-頭份,2024-06-04,9343
1314,中石化,18,0,18,華南永昌-頭份,2024-06-04,9343
3047,訊舟,25,8,17,華南永昌-頭份,2024-06-04,9343
2362,藍天,23,7,16,華南永昌-頭份,2024-06-04,9343
2409,友達,17,1,16,華南永昌-頭份,2024-06-04,9343
2402,毅嘉,16,0,16,華南永昌-頭份,2024-06-04,9343
3071,協禧,16,0,16,華南永昌-頭份,2024-06-04,9343
8277,商丞,19,3,16,華南永昌-頭份,2024-06-04,9343
00915,凱基優選高股息30,15,0,15,華南永昌-頭份,2024-06-04,9343
2382,廣達,17,3,14,華南永昌-頭份,2024-06-04,9343
1909,榮成,14,0,14,華南永昌-頭份,2024-06-04,9343
6125,廣運,32,19,13,華南永昌-頭份,2024-06-04,9343
00665L,富邦�琤肭磪囓�2,23,10,13,華南永昌-頭份,2024-06-04,9343
1608,華榮,13,0,13,華南永昌-頭份,2024-06-04,9343
2891,中信金,13,0,13,華南永昌-頭份,2024-06-04,9343
2615,萬海,26,14,12,華南永昌-頭份,2024-06-04,9343
2486,一詮,18,7,11,華南永昌-頭份,2024-06-04,9343
2515,中工,19,8,11,華南永昌-頭份,2024-06-04,9343
2352,佳世達,13,2,11,華南永昌-頭份,2024-06-04,9343
00929,復華台灣科技優息,214,5,209,華南永昌-頭份,2024-06-05,9343
00878,國泰永續高股息,86,2,84,華南永昌-頭份,2024-06-05,9343
2888,新光金,83,2,81,華南永昌-頭份,2024-06-05,9343
3481,群創,80,1,79,華南永昌-頭份,2024-06-05,9343
2527,宏璟,160,82,78,華南永昌-頭份,2024-06-05,9343
1314,中石化,56,1,55,華南永昌-頭份,2024-06-05,9343
00936,台新永續高息中小,56,10,46,華南永昌-頭份,2024-06-05,9343
00795B,中信美國公債20年,45,5,40,華南永昌-頭份,2024-06-05,9343
0056,元大高股息,39,0,39,華南永昌-頭份,2024-06-05,9343
00687B,國泰20年美債,47,10,37,華南永昌-頭份,2024-06-05,9343
00679B,元大美債20年,45,11,34,華南永昌-頭份,2024-06-05,9343
2340,台亞,35,1,34,華南永昌-頭份,2024-06-05,9343
3048,益登,33,2,31,華南永昌-頭份,2024-06-05,9343
00632R,元大台灣50反1,30,0,30,華南永昌-頭份,2024-06-05,9343
2303,聯電,29,1,28,華南永昌-頭份,2024-06-05,9343
00918,大華優利高填息30,28,1,27,華南永昌-頭份,2024-06-05,9343
00715L,期街口布蘭特正2,26,0,26,華南永昌-頭份,2024-06-05,9343
2618,長榮航,38,13,25,華南永昌-頭份,2024-06-05,9343
8016,矽創,25,0,25,華南永昌-頭份,2024-06-05,9343
2603,長榮,34,12,22,華南永昌-頭份,2024-06-05,9343
2417,圓剛,25,3,22,華南永昌-頭份,2024-06-05,9343
1802,台玻,31,10,21,華南永昌-頭份,2024-06-05,9343
2867,三商壽,21,0,21,華南永昌-頭份,2024-06-05,9343
2609,陽明,49,28,21,華南永昌-頭份,2024-06-05,9343
6733,博晟生醫,20,0,20,華南永昌-頭份,2024-06-05,9343
3202,樺晟,35,16,19,華南永昌-頭份,2024-06-05,9343
2101,南港,31,14,17,華南永昌-頭份,2024-06-05,9343
8277,商丞,16,0,16,華南永昌-頭份,2024-06-05,9343
6244,茂迪,16,1,15,華南永昌-頭份,2024-06-05,9343
3013,晟銘電,18,4,14,華南永昌-頭份,2024-06-05,9343
2328,廣宇,35,22,13,華南永昌-頭份,2024-06-05,9343
2002,中鋼,12,0,12,華南永昌-頭份,2024-06-05,9343
6188,廣明,19,7,12,華南永昌-頭份,2024-06-05,9343
3088,艾訊,14,2,12,華南永昌-頭份,2024-06-05,9343
2356,英業達,17,5,12,華南永昌-頭份,2024-06-05,9343
5439,高技,12,0,12,華南永昌-頭份,2024-06-05,9343
3706,神達,15,3,12,華南永昌-頭份,2024-06-05,9343
3540,曜越,12,1,11,華南永昌-頭份,2024-06-05,9343
4167,松瑞藥,11,0,11,華南永昌-頭份,2024-06-05,9343
2408,南亞科,10,0,10,華南永昌-頭份,2024-06-05,9343
2427,三商電,15,5,10,華南永昌-頭份,2024-06-05,9343
3025,星通,10,0,10,華南永昌-頭份,2024-06-05,9343
2353,宏��,21,12,9,華南永昌-頭份,2024-06-05,9343
9904,寶成,9,0,9,華南永昌-頭份,2024-06-05,9343
2371,大同,9,1,8,華南永昌-頭份,2024-06-05,9343
3380,明泰,18,10,8,華南永昌-頭份,2024-06-05,9343
6125,廣運,18,10,8,華南永昌-頭份,2024-06-05,9343
00919,群益台灣精選高息,8,0,8,華南永昌-頭份,2024-06-05,9343
1608,華榮,14,6,8,華南永昌-頭份,2024-06-05,9343
2331,精英,8,0,8,華南永昌-頭份,2024-06-05,9343
00671R,富邦NASDAQ反1,600,0,600,華南永昌-頭份,2024-06-06,9343
00632R,元大台灣50反1,165,15,150,華南永昌-頭份,2024-06-06,9343
2427,三商電,132,1,131,華南永昌-頭份,2024-06-06,9343
00936,台新永續高息中小,64,0,64,華南永昌-頭份,2024-06-06,9343
00940,元大台灣價值高息,49,13,36,華南永昌-頭份,2024-06-06,9343
00942B,台新美A公司債20+,35,0,35,華南永昌-頭份,2024-06-06,9343
2615,萬海,61,26,35,華南永昌-頭份,2024-06-06,9343
2618,長榮航,89,56,33,華南永昌-頭份,2024-06-06,9343
6213,聯茂,36,5,31,華南永昌-頭份,2024-06-06,9343
4726,永昕,30,0,30,華南永昌-頭份,2024-06-06,9343
2367,燿華,42,13,29,華南永昌-頭份,2024-06-06,9343
6275,元山,32,5,27,華南永昌-頭份,2024-06-06,9343
4128,中天,26,0,26,華南永昌-頭份,2024-06-06,9343
3013,晟銘電,47,23,24,華南永昌-頭份,2024-06-06,9343
2515,中工,22,0,22,華南永昌-頭份,2024-06-06,9343
00893,國泰智能電動車,22,0,22,華南永昌-頭份,2024-06-06,9343
9904,寶成,25,4,21,華南永昌-頭份,2024-06-06,9343
6269,台郡,20,0,20,華南永昌-頭份,2024-06-06,9343
3707,漢磊,19,1,18,華南永昌-頭份,2024-06-06,9343
2609,陽明,97,81,16,華南永昌-頭份,2024-06-06,9343
2354,鴻準,25,10,15,華南永昌-頭份,2024-06-06,9343
2101,南港,15,0,15,華南永昌-頭份,2024-06-06,9343
2340,台亞,15,0,15,華南永昌-頭份,2024-06-06,9343
00720B,元大投資級公司債,14,0,14,華南永昌-頭份,2024-06-06,9343
3047,訊舟,16,2,14,華南永昌-頭份,2024-06-06,9343
4967,十銓,31,18,13,華南永昌-頭份,2024-06-06,9343
6901,鑽石投資,13,0,13,華南永昌-頭份,2024-06-06,9343
1608,華榮,15,3,12,華南永昌-頭份,2024-06-06,9343
3057,喬鼎,12,0,12,華南永昌-頭份,2024-06-06,9343
1102,亞泥,11,0,11,華南永昌-頭份,2024-06-06,9343
1313,聯成,11,0,11,華南永昌-頭份,2024-06-06,9343
2439,美律,11,0,11,華南永昌-頭份,2024-06-06,9343
2467,志聖,18,7,11,華南永昌-頭份,2024-06-06,9343
020038,元大ESG配息N,10,0,10,華南永昌-頭份,2024-06-06,9343
1444,力麗,10,0,10,華南永昌-頭份,2024-06-06,9343
1809,中釉,10,0,10,華南永昌-頭份,2024-06-06,9343
1909,榮成,10,0,10,華南永昌-頭份,2024-06-06,9343
6284,佳邦,10,0,10,華南永昌-頭份,2024-06-06,9343
6288,聯嘉,10,0,10,華南永昌-頭份,2024-06-06,9343
2324,仁寶,10,1,9,華南永昌-頭份,2024-06-06,9343
8027,鈦昇,9,0,9,華南永昌-頭份,2024-06-06,9343
2317,鴻海,56,47,9,華南永昌-頭份,2024-06-06,9343
5392,能率,18,10,8,華南永昌-頭份,2024-06-06,9343
2344,華邦電,8,1,7,華南永昌-頭份,2024-06-06,9343
2889,國票金,6,0,6,華南永昌-頭份,2024-06-06,9343
6113,亞矽,6,0,6,華南永昌-頭份,2024-06-06,9343
2363,矽統,13,7,6,華南永昌-頭份,2024-06-06,9343
3015,全漢,11,5,6,華南永昌-頭份,2024-06-06,9343
6203,海韻電,6,0,6,華南永昌-頭份,2024-06-06,9343
2506,太設,5,0,5,華南永昌-頭份,2024-06-06,9343
2371,大同,132,27,105,華南永昌-頭份,2024-06-07,9343
2880,華南金,100,0,100,華南永昌-頭份,2024-06-07,9343
2344,華邦電,100,5,95,華南永昌-頭份,2024-06-07,9343
00929,復華台灣科技優息,94,4,90,華南永昌-頭份,2024-06-07,9343
4157,太景*-KY,65,2,63,華南永昌-頭份,2024-06-07,9343
2883,凱基金,64,9,55,華南永昌-頭份,2024-06-07,9343
3481,群創,70,18,52,華南永昌-頭份,2024-06-07,9343
3231,緯創,65,14,51,華南永昌-頭份,2024-06-07,9343
00891,中信關鍵半導體,55,5,50,華南永昌-頭份,2024-06-07,9343
1218,泰山,43,4,39,華南永昌-頭份,2024-06-07,9343
00936,台新永續高息中小,38,0,38,華南永昌-頭份,2024-06-07,9343
2801,彰銀,30,0,30,華南永昌-頭份,2024-06-07,9343
2312,金寶,38,9,29,華南永昌-頭份,2024-06-07,9343
2330,台積電,29,1,28,華南永昌-頭份,2024-06-07,9343
2402,毅嘉,25,0,25,華南永昌-頭份,2024-06-07,9343
00753L,中信中國50正2,23,0,23,華南永昌-頭份,2024-06-07,9343
00762,元大全球AI,21,0,21,華南永昌-頭份,2024-06-07,9343
00757,統一FANG+,21,1,20,華南永昌-頭份,2024-06-07,9343
2884,玉山金,20,0,20,華南永昌-頭份,2024-06-07,9343
3033,威健,25,5,20,華南永昌-頭份,2024-06-07,9343
6275,元山,20,0,20,華南永昌-頭份,2024-06-07,9343
2489,瑞軒,18,0,18,華南永昌-頭份,2024-06-07,9343
00637L,元大滬深300正2,17,0,17,華南永昌-頭份,2024-06-07,9343
2609,陽明,68,52,16,華南永昌-頭份,2024-06-07,9343
1609,大亞,24,8,16,華南永昌-頭份,2024-06-07,9343
2313,華通,25,10,15,華南永昌-頭份,2024-06-07,9343
6695,芯鼎,15,0,15,華南永昌-頭份,2024-06-07,9343
1503,士電,23,9,14,華南永昌-頭份,2024-06-07,9343
4128,中天,14,1,13,華南永昌-頭份,2024-06-07,9343
2467,志聖,13,0,13,華南永昌-頭份,2024-06-07,9343
00946,群益科技高息成長,14,2,12,華南永昌-頭份,2024-06-07,9343
6239,力成,12,0,12,華南永昌-頭份,2024-06-07,9343
5493,三聯,14,3,11,華南永昌-頭份,2024-06-07,9343
00905,FT臺灣Smart,10,0,10,華南永昌-頭份,2024-06-07,9343
2547,日勝生,10,0,10,華南永昌-頭份,2024-06-07,9343
2617,台航,13,3,10,華南永昌-頭份,2024-06-07,9343
3059,華晶科,10,0,10,華南永昌-頭份,2024-06-07,9343
4908,前鼎,10,0,10,華南永昌-頭份,2024-06-07,9343
5519,隆大,10,0,10,華南永昌-頭份,2024-06-07,9343
5608,四維航,15,5,10,華南永昌-頭份,2024-06-07,9343
6125,廣運,13,4,9,華南永昌-頭份,2024-06-07,9343
4760,勤凱,9,0,9,華南永昌-頭份,2024-06-07,9343
00919,群益台灣精選高息,15,7,8,華南永昌-頭份,2024-06-07,9343
2353,宏��,16,8,8,華南永昌-頭份,2024-06-07,9343
1616,億泰,11,3,8,華南永昌-頭份,2024-06-07,9343
4909,新復興,8,0,8,華南永昌-頭份,2024-06-07,9343
3583,辛耘,8,0,8,華南永昌-頭份,2024-06-07,9343
5347,世界,22,14,8,華南永昌-頭份,2024-06-07,9343
2352,佳世達,7,0,7,華南永昌-頭份,2024-06-07,9343
3564,其陽,7,0,7,華南永昌-頭份,2024-06-07,9343
00929,復華台灣科技優息,165,2,163,華南永昌-頭份,2024-06-11,9343
2880,華南金,150,5,145,華南永昌-頭份,2024-06-11,9343
00918,大華優利高填息30,76,0,76,華南永昌-頭份,2024-06-11,9343
00680L,元大美債20正2,60,0,60,華南永昌-頭份,2024-06-11,9343
2609,陽明,132,74,58,華南永昌-頭份,2024-06-11,9343
1218,泰山,57,0,57,華南永昌-頭份,2024-06-11,9343
2356,英業達,49,1,48,華南永昌-頭份,2024-06-11,9343
1514,亞力,71,27,44,華南永昌-頭份,2024-06-11,9343
00675L,富邦臺灣加權正2,40,0,40,華南永昌-頭份,2024-06-11,9343
2801,彰銀,40,2,38,華南永昌-頭份,2024-06-11,9343
2303,聯電,40,3,37,華南永昌-頭份,2024-06-11,9343
2344,華邦電,54,17,37,華南永昌-頭份,2024-06-11,9343
00687B,國泰20年美債,50,18,32,華南永昌-頭份,2024-06-11,9343
00939,統一台灣高息動能,32,0,32,華南永昌-頭份,2024-06-11,9343
1612,宏泰,37,6,31,華南永昌-頭份,2024-06-11,9343
4967,十銓,49,18,31,華南永昌-頭份,2024-06-11,9343
1608,華榮,30,2,28,華南永昌-頭份,2024-06-11,9343
2867,三商壽,31,3,28,華南永昌-頭份,2024-06-11,9343
00942B,台新美A公司債20+,41,15,26,華南永昌-頭份,2024-06-11,9343
4561,健椿,26,1,25,華南永昌-頭份,2024-06-11,9343
2312,金寶,30,5,25,華南永昌-頭份,2024-06-11,9343
2501,國建,24,0,24,華南永昌-頭份,2024-06-11,9343
2882,國泰金,24,1,23,華南永昌-頭份,2024-06-11,9343
00937B,群益ESG投等債20,29,7,22,華南永昌-頭份,2024-06-11,9343
1815,富喬,25,3,22,華南永昌-頭份,2024-06-11,9343
6788,華景電,22,1,21,華南永昌-頭份,2024-06-11,9343
1718,中纖,20,0,20,華南永昌-頭份,2024-06-11,9343
1513,中興電,21,2,19,華南永昌-頭份,2024-06-11,9343
1618,合機,32,13,19,華南永昌-頭份,2024-06-11,9343
00936,台新永續高息中小,22,4,18,華南永昌-頭份,2024-06-11,9343
2349,錸德,21,3,18,華南永昌-頭份,2024-06-11,9343
1316,上曜,39,21,18,華南永昌-頭份,2024-06-11,9343
4906,正文,21,3,18,華南永昌-頭份,2024-06-11,9343
9919,康那香,25,7,18,華南永昌-頭份,2024-06-11,9343
3268,海德威,17,0,17,華南永昌-頭份,2024-06-11,9343
2027,大成鋼,17,0,17,華南永昌-頭份,2024-06-11,9343
00637L,元大滬深300正2,16,0,16,華南永昌-頭份,2024-06-11,9343
2489,瑞軒,19,3,16,華南永昌-頭份,2024-06-11,9343
3048,益登,16,1,15,華南永昌-頭份,2024-06-11,9343
8358,金居,15,0,15,華南永昌-頭份,2024-06-11,9343
9105,泰金寶-DR,20,5,15,華南永昌-頭份,2024-06-11,9343
00940,元大台灣價值高息,58,43,15,華南永昌-頭份,2024-06-11,9343
00712,復華富時不動產,14,0,14,華南永昌-頭份,2024-06-11,9343
2449,京元電子,14,0,14,華南永昌-頭份,2024-06-11,9343
00919,群益台灣精選高息,17,4,13,華南永昌-頭份,2024-06-11,9343
2367,燿華,15,2,13,華南永昌-頭份,2024-06-11,9343
2603,長榮,37,24,13,華南永昌-頭份,2024-06-11,9343
1802,台玻,18,5,13,華南永昌-頭份,2024-06-11,9343
2101,南港,11,0,11,華南永昌-頭份,2024-06-11,9343
2505,國揚,11,0,11,華南永昌-頭份,2024-06-11,9343
00712,復華富時不動產,147,0,147,華南永昌-頭份,2024-06-12,9343
00948B,中信優息投資級債,84,0,84,華南永昌-頭份,2024-06-12,9343
00632R,元大台灣50反1,65,0,65,華南永昌-頭份,2024-06-12,9343
2897,王道銀行,60,0,60,華南永昌-頭份,2024-06-12,9343
6770,力積電,62,4,58,華南永昌-頭份,2024-06-12,9343
4157,太景*-KY,49,0,49,華南永昌-頭份,2024-06-12,9343
2883,凱基金,45,0,45,華南永昌-頭份,2024-06-12,9343
2617,台航,40,0,40,華南永昌-頭份,2024-06-12,9343
2801,彰銀,40,0,40,華南永昌-頭份,2024-06-12,9343
8021,尖點,43,4,39,華南永昌-頭份,2024-06-12,9343
00915,凱基優選高股息30,37,0,37,華南永昌-頭份,2024-06-12,9343
00918,大華優利高填息30,35,0,35,華南永昌-頭份,2024-06-12,9343
5381,合正,26,0,26,華南永昌-頭份,2024-06-12,9343
00929,復華台灣科技優息,25,0,25,華南永昌-頭份,2024-06-12,9343
00937B,群益ESG投等債20,23,0,23,華南永昌-頭份,2024-06-12,9343
2406,國碩,22,0,22,華南永昌-頭份,2024-06-12,9343
4714,永捷,21,1,20,華南永昌-頭份,2024-06-12,9343
2527,宏璟,20,0,20,華南永昌-頭份,2024-06-12,9343
2002,中鋼,19,0,19,華南永昌-頭份,2024-06-12,9343
6152,百一,25,7,18,華南永昌-頭份,2024-06-12,9343
3231,緯創,18,1,17,華南永昌-頭份,2024-06-12,9343
00919,群益台灣精選高息,16,0,16,華南永昌-頭份,2024-06-12,9343
6901,鑽石投資,15,0,15,華南永昌-頭份,2024-06-12,9343
2882,國泰金,15,1,14,華南永昌-頭份,2024-06-12,9343
00947,台新臺灣IC設計,13,0,13,華南永昌-頭份,2024-06-12,9343
2867,三商壽,22,10,12,華南永昌-頭份,2024-06-12,9343
2606,裕民,12,0,12,華南永昌-頭份,2024-06-12,9343
2615,萬海,17,6,11,華南永昌-頭份,2024-06-12,9343
2603,長榮,24,14,10,華南永昌-頭份,2024-06-12,9343
00674R,期元大S＆P黃金反1,10,0,10,華南永昌-頭份,2024-06-12,9343
2472,立隆電,10,0,10,華南永昌-頭份,2024-06-12,9343
2509,全坤建,10,0,10,華南永昌-頭份,2024-06-12,9343
3024,憶聲,10,0,10,華南永昌-頭份,2024-06-12,9343
4949,有成精密,10,0,10,華南永昌-頭份,2024-06-12,9343
6122,擎邦,10,0,10,華南永昌-頭份,2024-06-12,9343
8110,華東,15,5,10,華南永昌-頭份,2024-06-12,9343
1612,宏泰,24,15,9,華南永昌-頭份,2024-06-12,9343
00679B,元大美債20年,12,3,9,華南永昌-頭份,2024-06-12,9343
1802,台玻,20,11,9,華南永昌-頭份,2024-06-12,9343
2515,中工,13,4,9,華南永昌-頭份,2024-06-12,9343
2356,英業達,22,14,8,華南永昌-頭份,2024-06-12,9343
2609,陽明,58,50,8,華南永昌-頭份,2024-06-12,9343
1303,南亞,8,0,8,華南永昌-頭份,2024-06-12,9343
00631L,元大台灣50正2,10,2,8,華南永昌-頭份,2024-06-12,9343
3035,智原,10,2,8,華南永昌-頭份,2024-06-12,9343
4306,炎洲,10,2,8,華南永昌-頭份,2024-06-12,9343
6188,廣明,12,4,8,華南永昌-頭份,2024-06-12,9343
2440,太空梭,7,0,7,華南永昌-頭份,2024-06-12,9343
4934,太極,7,0,7,華南永昌-頭份,2024-06-12,9343
6284,佳邦,10,3,7,華南永昌-頭份,2024-06-12,9343
00671R,富邦NASDAQ反1,580,0,580,華南永昌-頭份,2024-06-13,9343
00948B,中信優息投資級債,386,60,326,華南永昌-頭份,2024-06-13,9343
00934,中信成長高股息,181,0,181,華南永昌-頭份,2024-06-13,9343
2349,錸德,101,0,101,華南永昌-頭份,2024-06-13,9343
00712,復華富時不動產,101,15,86,華南永昌-頭份,2024-06-13,9343
2801,彰銀,71,0,71,華南永昌-頭份,2024-06-13,9343
1447,力鵬,60,0,60,華南永昌-頭份,2024-06-13,9343
2883,凱基金,60,1,59,華南永昌-頭份,2024-06-13,9343
2527,宏璟,40,0,40,華南永昌-頭份,2024-06-13,9343
00915,凱基優選高股息30,36,0,36,華南永昌-頭份,2024-06-13,9343
4534,慶騰,33,0,33,華南永昌-頭份,2024-06-13,9343
00851,台新全球AI,30,0,30,華南永昌-頭份,2024-06-13,9343
1522,堤維西,29,0,29,華南永昌-頭份,2024-06-13,9343
4967,十銓,45,16,29,華南永昌-頭份,2024-06-13,9343
2002,中鋼,26,0,26,華南永昌-頭份,2024-06-13,9343
8110,華東,38,12,26,華南永昌-頭份,2024-06-13,9343
00637L,元大滬深300正2,23,0,23,華南永昌-頭份,2024-06-13,9343
1815,富喬,42,21,21,華南永昌-頭份,2024-06-13,9343
00713,元大台灣高息低波,21,0,21,華南永昌-頭份,2024-06-13,9343
6190,萬泰科,20,0,20,華南永昌-頭份,2024-06-13,9343
00881,國泰台灣5G+,20,1,19,華南永昌-頭份,2024-06-13,9343
4102,永日,18,0,18,華南永昌-頭份,2024-06-13,9343
00939,統一台灣高息動能,16,0,16,華南永昌-頭份,2024-06-13,9343
2609,陽明,27,11,16,華南永昌-頭份,2024-06-13,9343
4157,太景*-KY,16,0,16,華南永昌-頭份,2024-06-13,9343
4909,新復興,24,8,16,華南永昌-頭份,2024-06-13,9343
1905,華紙,15,0,15,華南永昌-頭份,2024-06-13,9343
2537,聯上發,20,5,15,華南永昌-頭份,2024-06-13,9343
8028,昇陽半導體,45,31,14,華南永昌-頭份,2024-06-13,9343
00946,群益科技高息成長,13,0,13,華南永昌-頭份,2024-06-13,9343
00706L,期元大S＆P日圓正2,13,0,13,華南永昌-頭份,2024-06-13,9343
2359,所羅門,31,18,13,華南永昌-頭份,2024-06-13,9343
6125,廣運,17,4,13,華南永昌-頭份,2024-06-13,9343
6770,力積電,62,49,13,華南永昌-頭份,2024-06-13,9343
2208,台船,12,0,12,華南永昌-頭份,2024-06-13,9343
6187,萬潤,19,7,12,華南永昌-頭份,2024-06-13,9343
2867,三商壽,24,13,11,華南永昌-頭份,2024-06-13,9343
00933B,國泰10Y+金融債,11,0,11,華南永昌-頭份,2024-06-13,9343
2423,固緯,11,0,11,華南永昌-頭份,2024-06-13,9343
4188,安克,11,0,11,華南永昌-頭份,2024-06-13,9343
6104,創惟,11,0,11,華南永昌-頭份,2024-06-13,9343
2392,正崴,26,15,11,華南永昌-頭份,2024-06-13,9343
1513,中興電,16,6,10,華南永昌-頭份,2024-06-13,9343
00830,國泰費城半導體,10,0,10,華南永昌-頭份,2024-06-13,9343
00772B,中信高評級公司債,10,0,10,華南永昌-頭份,2024-06-13,9343
00675L,富邦臺灣加權正2,10,0,10,華南永昌-頭份,2024-06-13,9343
1313,聯成,10,0,10,華南永昌-頭份,2024-06-13,9343
1802,台玻,15,5,10,華南永昌-頭份,2024-06-13,9343
2457,飛宏,10,0,10,華南永昌-頭份,2024-06-13,9343
3706,神達,11,1,10,華南永昌-頭份,2024-06-13,9343
5880,合庫金,500,0,500,華南永昌-頭份,2024-06-14,9343
2105,正新,82,0,82,華南永昌-頭份,2024-06-14,9343
3231,緯創,73,1,72,華南永昌-頭份,2024-06-14,9343
00929,復華台灣科技優息,60,13,47,華南永昌-頭份,2024-06-14,9343
00944,野村趨勢動能高息,40,0,40,華南永昌-頭份,2024-06-14,9343
2618,長榮航,52,19,33,華南永昌-頭份,2024-06-14,9343
2801,彰銀,25,0,25,華南永昌-頭份,2024-06-14,9343
2371,大同,59,36,23,華南永昌-頭份,2024-06-14,9343
2354,鴻準,27,5,22,華南永昌-頭份,2024-06-14,9343
6589,台康生技,22,0,22,華南永昌-頭份,2024-06-14,9343
2603,長榮,30,9,21,華南永昌-頭份,2024-06-14,9343
00918,大華優利高填息30,21,1,20,華南永昌-頭份,2024-06-14,9343
2465,麗臺,20,0,20,華南永昌-頭份,2024-06-14,9343
4714,永捷,20,0,20,華南永昌-頭份,2024-06-14,9343
6257,矽格,20,0,20,華南永昌-頭份,2024-06-14,9343
00948B,中信優息投資級債,44,25,19,華南永昌-頭份,2024-06-14,9343
2537,聯上發,29,10,19,華南永昌-頭份,2024-06-14,9343
2363,矽統,22,3,19,華南永昌-頭份,2024-06-14,9343
5608,四維航,17,0,17,華南永昌-頭份,2024-06-14,9343
4909,新復興,16,0,16,華南永昌-頭份,2024-06-14,9343
00947,台新臺灣IC設計,15,0,15,華南永昌-頭份,2024-06-14,9343
8277,商丞,30,15,15,華南永昌-頭份,2024-06-14,9343
4967,十銓,44,30,14,華南永昌-頭份,2024-06-14,9343
8096,擎亞,29,16,13,華南永昌-頭份,2024-06-14,9343
4533,協易機,11,0,11,華南永昌-頭份,2024-06-14,9343
1218,泰山,11,0,11,華南永昌-頭份,2024-06-14,9343
1618,合機,18,7,11,華南永昌-頭份,2024-06-14,9343
00946,群益科技高息成長,10,0,10,華南永昌-頭份,2024-06-14,9343
1102,亞泥,10,0,10,華南永昌-頭份,2024-06-14,9343
00942B,台新美A公司債20+,10,0,10,華南永昌-頭份,2024-06-14,9343
00713,元大台灣高息低波,10,0,10,華南永昌-頭份,2024-06-14,9343
00655L,國泰中國A50正2,10,0,10,華南永昌-頭份,2024-06-14,9343
3419,譁裕,10,0,10,華南永昌-頭份,2024-06-14,9343
6239,力成,10,0,10,華南永昌-頭份,2024-06-14,9343
912000,晨訊科-DR,10,0,10,華南永昌-頭份,2024-06-14,9343
2365,昆盈,13,4,9,華南永昌-頭份,2024-06-14,9343
2316,楠梓電,10,1,9,華南永昌-頭份,2024-06-14,9343
6139,亞翔,14,5,9,華南永昌-頭份,2024-06-14,9343
3059,華晶科,11,3,8,華南永昌-頭份,2024-06-14,9343
2356,英業達,8,0,8,華南永昌-頭份,2024-06-14,9343
00679B,元大美債20年,12,5,7,華南永昌-頭份,2024-06-14,9343
2352,佳世達,7,0,7,華南永昌-頭份,2024-06-14,9343
1815,富喬,20,13,7,華南永昌-頭份,2024-06-14,9343
3202,樺晟,9,2,7,華南永昌-頭份,2024-06-14,9343
2002,中鋼,8,1,7,華南永昌-頭份,2024-06-14,9343
3047,訊舟,27,21,6,華南永昌-頭份,2024-06-14,9343
2313,華通,14,8,6,華南永昌-頭份,2024-06-14,9343
3372,典範,6,0,6,華南永昌-頭份,2024-06-14,9343
3576,聯合再生,6,0,6,華南永昌-頭份,2024-06-14,9343
4743,合一,6,0,6,華南永昌-頭份,2024-06-14,9343
00942B,台新美A公司債20+,329,0,329,華南永昌-頭份,2024-06-17,9343
6770,力積電,255,61,194,華南永昌-頭份,2024-06-17,9343
00937B,群益ESG投等債20,164,10,154,華南永昌-頭份,2024-06-17,9343
00929,復華台灣科技優息,136,14,122,華南永昌-頭份,2024-06-17,9343
2527,宏璟,110,0,110,華南永昌-頭份,2024-06-17,9343
00679B,元大美債20年,112,20,92,華南永昌-頭份,2024-06-17,9343
00940,元大台灣價值高息,223,151,72,華南永昌-頭份,2024-06-17,9343
00936,台新永續高息中小,61,0,61,華南永昌-頭份,2024-06-17,9343
00948B,中信優息投資級債,63,5,58,華南永昌-頭份,2024-06-17,9343
2371,大同,91,48,43,華南永昌-頭份,2024-06-17,9343
00757,統一FANG+,40,0,40,華南永昌-頭份,2024-06-17,9343
00944,野村趨勢動能高息,40,0,40,華南永昌-頭份,2024-06-17,9343
00712,復華富時不動產,34,0,34,華南永昌-頭份,2024-06-17,9343
1608,華榮,44,11,33,華南永昌-頭份,2024-06-17,9343
00851,台新全球AI,31,0,31,華南永昌-頭份,2024-06-17,9343
2888,新光金,31,2,29,華南永昌-頭份,2024-06-17,9343
2312,金寶,54,27,27,華南永昌-頭份,2024-06-17,9343
00632R,元大台灣50反1,25,0,25,華南永昌-頭份,2024-06-17,9343
4967,十銓,25,2,23,華南永昌-頭份,2024-06-17,9343
00939,統一台灣高息動能,22,0,22,華南永昌-頭份,2024-06-17,9343
8028,昇陽半導體,45,24,21,華南永昌-頭份,2024-06-17,9343
2449,京元電子,34,15,19,華南永昌-頭份,2024-06-17,9343
3362,先進光,20,1,19,華南永昌-頭份,2024-06-17,9343
1504,東元,20,2,18,華南永昌-頭份,2024-06-17,9343
5522,遠雄,17,0,17,華南永昌-頭份,2024-06-17,9343
2317,鴻海,67,51,16,華南永昌-頭份,2024-06-17,9343
2442,新美齊,16,0,16,華南永昌-頭份,2024-06-17,9343
1591,駿吉-KY,15,0,15,華南永昌-頭份,2024-06-17,9343
2027,大成鋼,14,1,13,華南永昌-頭份,2024-06-17,9343
4588,玖鼎電力,13,0,13,華南永昌-頭份,2024-06-17,9343
4123,晟德,30,17,13,華南永昌-頭份,2024-06-17,9343
1514,亞力,36,24,12,華南永昌-頭份,2024-06-17,9343
1445,大宇,11,0,11,華南永昌-頭份,2024-06-17,9343
1503,士電,21,10,11,華南永昌-頭份,2024-06-17,9343
3013,晟銘電,22,11,11,華南永昌-頭份,2024-06-17,9343
1785,光洋科,20,9,11,華南永昌-頭份,2024-06-17,9343
00896,中信綠能及電動車,10,0,10,華南永昌-頭份,2024-06-17,9343
1616,億泰,23,13,10,華南永昌-頭份,2024-06-17,9343
2457,飛宏,10,0,10,華南永昌-頭份,2024-06-17,9343
2543,皇昌,10,0,10,華南永昌-頭份,2024-06-17,9343
3024,憶聲,10,0,10,華南永昌-頭份,2024-06-17,9343
3207,耀勝,10,0,10,華南永昌-頭份,2024-06-17,9343
5225,東科-KY,10,0,10,華南永昌-頭份,2024-06-17,9343
6177,達麗,10,0,10,華南永昌-頭份,2024-06-17,9343
6187,萬潤,11,1,10,華南永昌-頭份,2024-06-17,9343
8050,廣積,11,1,10,華南永昌-頭份,2024-06-17,9343
3231,緯創,11,2,9,華南永昌-頭份,2024-06-17,9343
00665L,富邦�琤肭磪囓�2,9,0,9,華南永昌-頭份,2024-06-17,9343
2101,南港,10,1,9,華南永昌-頭份,2024-06-17,9343
2369,菱生,10,1,9,華南永昌-頭份,2024-06-17,9343
00942B,台新美A公司債20+,202,3,199,華南永昌-頭份,2024-06-18,9343
3481,群創,77,7,70,華南永昌-頭份,2024-06-18,9343
00936,台新永續高息中小,81,17,64,華南永昌-頭份,2024-06-18,9343
6770,力積電,71,12,59,華南永昌-頭份,2024-06-18,9343
2371,大同,80,37,43,華南永昌-頭份,2024-06-18,9343
00762,元大全球AI,40,0,40,華南永昌-頭份,2024-06-18,9343
2451,創見,35,5,30,華南永昌-頭份,2024-06-18,9343
5302,太欣,28,0,28,華南永昌-頭份,2024-06-18,9343
1504,東元,28,2,26,華南永昌-頭份,2024-06-18,9343
00915,凱基優選高股息30,26,0,26,華南永昌-頭份,2024-06-18,9343
00948B,中信優息投資級債,24,0,24,華南永昌-頭份,2024-06-18,9343
2353,宏��,23,1,22,華南永昌-頭份,2024-06-18,9343
2317,鴻海,61,40,21,華南永昌-頭份,2024-06-18,9343
8064,東捷,28,7,21,華南永昌-頭份,2024-06-18,9343
2303,聯電,28,7,21,華南永昌-頭份,2024-06-18,9343
00937B,群益ESG投等債20,21,1,20,華南永昌-頭份,2024-06-18,9343
6271,同欣電,20,0,20,華南永昌-頭份,2024-06-18,9343
3013,晟銘電,38,19,19,華南永昌-頭份,2024-06-18,9343
9105,泰金寶-DR,20,3,17,華南永昌-頭份,2024-06-18,9343
4909,新復興,16,0,16,華南永昌-頭份,2024-06-18,9343
00679B,元大美債20年,14,0,14,華南永昌-頭份,2024-06-18,9343
8403,盛弘,14,0,14,華南永昌-頭份,2024-06-18,9343
00896,中信綠能及電動車,13,0,13,華南永昌-頭份,2024-06-18,9343
1815,富喬,29,17,12,華南永昌-頭份,2024-06-18,9343
5347,世界,22,10,12,華南永昌-頭份,2024-06-18,9343
2025,千興,12,1,11,華南永昌-頭份,2024-06-18,9343
2402,毅嘉,11,0,11,華南永昌-頭份,2024-06-18,9343
4157,太景*-KY,13,2,11,華南永昌-頭份,2024-06-18,9343
4952,凌通,11,0,11,華南永昌-頭份,2024-06-18,9343
3231,緯創,12,2,10,華南永昌-頭份,2024-06-18,9343
3622,洋華,17,7,10,華南永昌-頭份,2024-06-18,9343
00692,富邦公司治理,10,0,10,華南永昌-頭份,2024-06-18,9343
1316,上曜,10,0,10,華南永昌-頭份,2024-06-18,9343
2801,彰銀,10,0,10,華南永昌-頭份,2024-06-18,9343
3406,玉晶光,10,0,10,華南永昌-頭份,2024-06-18,9343
6005,群益證,10,0,10,華南永昌-頭份,2024-06-18,9343
00665L,富邦�琤肭磪囓�2,14,5,9,華南永昌-頭份,2024-06-18,9343
1612,宏泰,8,0,8,華南永昌-頭份,2024-06-18,9343
2312,金寶,10,2,8,華南永昌-頭份,2024-06-18,9343
5439,高技,9,1,8,華南永昌-頭份,2024-06-18,9343
6901,鑽石投資,15,7,8,華南永昌-頭份,2024-06-18,9343
8046,南電,8,0,8,華南永昌-頭份,2024-06-18,9343
1503,士電,19,12,7,華南永昌-頭份,2024-06-18,9343
00687B,國泰20年美債,7,0,7,華南永昌-頭份,2024-06-18,9343
2369,菱生,7,0,7,華南永昌-頭份,2024-06-18,9343
4949,有成精密,7,0,7,華南永昌-頭份,2024-06-18,9343
2615,萬海,8,1,7,華南永昌-頭份,2024-06-18,9343
00713,元大台灣高息低波,6,0,6,華南永昌-頭份,2024-06-18,9343
1218,泰山,6,0,6,華南永昌-頭份,2024-06-18,9343
1447,力鵬,6,0,6,華南永昌-頭份,2024-06-18,9343
2312,金寶,227,12,215,華南永昌-頭份,2024-06-19,9343
00687B,國泰20年美債,205,0,205,華南永昌-頭份,2024-06-19,9343
00712,復華富時不動產,126,0,126,華南永昌-頭份,2024-06-19,9343
00940,元大台灣價值高息,154,75,79,華南永昌-頭份,2024-06-19,9343
2324,仁寶,53,0,53,華南永昌-頭份,2024-06-19,9343
00679B,元大美債20年,62,10,52,華南永昌-頭份,2024-06-19,9343
2905,三商,50,0,50,華南永昌-頭份,2024-06-19,9343
2317,鴻海,60,14,46,華南永昌-頭份,2024-06-19,9343
00919,群益台灣精選高息,44,2,42,華南永昌-頭份,2024-06-19,9343
2888,新光金,76,36,40,華南永昌-頭份,2024-06-19,9343
1504,東元,35,1,34,華南永昌-頭份,2024-06-19,9343
00795B,中信美國公債20年,31,0,31,華南永昌-頭份,2024-06-19,9343
8011,台通,34,3,31,華南永昌-頭份,2024-06-19,9343
00929,復華台灣科技優息,68,38,30,華南永昌-頭份,2024-06-19,9343
00918,大華優利高填息30,33,3,30,華南永昌-頭份,2024-06-19,9343
00936,台新永續高息中小,38,11,27,華南永昌-頭份,2024-06-19,9343
4967,十銓,72,47,25,華南永昌-頭份,2024-06-19,9343
2399,映泰,27,3,24,華南永昌-頭份,2024-06-19,9343
3013,晟銘電,31,8,23,華南永昌-頭份,2024-06-19,9343
2201,裕隆,20,0,20,華南永昌-頭份,2024-06-19,9343
2353,宏��,21,2,19,華南永昌-頭份,2024-06-19,9343
3376,新日興,22,4,18,華南永昌-頭份,2024-06-19,9343
1795,美時,18,1,17,華南永昌-頭份,2024-06-19,9343
1609,大亞,21,5,16,華南永昌-頭份,2024-06-19,9343
8040,九暘,17,2,15,華南永昌-頭份,2024-06-19,9343
4958,臻鼎-KY,17,2,15,華南永昌-頭份,2024-06-19,9343
00948B,中信優息投資級債,15,1,14,華南永昌-頭份,2024-06-19,9343
1909,榮成,13,0,13,華南永昌-頭份,2024-06-19,9343
3437,榮創,13,0,13,華南永昌-頭份,2024-06-19,9343
00713,元大台灣高息低波,13,0,13,華南永昌-頭份,2024-06-19,9343
1514,亞力,18,6,12,華南永昌-頭份,2024-06-19,9343
8277,商丞,22,10,12,華南永昌-頭份,2024-06-19,9343
00927,群益半導體收益,10,0,10,華南永昌-頭份,2024-06-19,9343
00632R,元大台灣50反1,12,2,10,華南永昌-頭份,2024-06-19,9343
00947,台新臺灣IC設計,10,0,10,華南永昌-頭份,2024-06-19,9343
3071,協禧,10,0,10,華南永昌-頭份,2024-06-19,9343
3545,敦泰,10,0,10,華南永昌-頭份,2024-06-19,9343
3576,聯合再生,10,0,10,華南永昌-頭份,2024-06-19,9343
4726,永昕,15,5,10,華南永昌-頭份,2024-06-19,9343
6111,大宇資,10,0,10,華南永昌-頭份,2024-06-19,9343
6695,芯鼎,12,2,10,華南永昌-頭份,2024-06-19,9343
6901,鑽石投資,10,0,10,華南永昌-頭份,2024-06-19,9343
8249,菱光,10,0,10,華南永昌-頭份,2024-06-19,9343
1524,耿鼎,9,0,9,華南永昌-頭份,2024-06-19,9343
6197,佳必琪,10,1,9,華南永昌-頭份,2024-06-19,9343
6770,力積電,34,25,9,華南永昌-頭份,2024-06-19,9343
4142,國光生,9,0,9,華南永昌-頭份,2024-06-19,9343
6282,康舒,12,3,9,華南永昌-頭份,2024-06-19,9343
00946,群益科技高息成長,8,0,8,華南永昌-頭份,2024-06-19,9343
2401,凌陽,11,3,8,華南永昌-頭份,2024-06-19,9343
00940,元大台灣價值高息,164,24,140,華南永昌-頭份,2024-06-20,9343
2023,燁輝,122,0,122,華南永昌-頭份,2024-06-20,9343
1608,華榮,84,3,81,華南永昌-頭份,2024-06-20,9343
00936,台新永續高息中小,76,0,76,華南永昌-頭份,2024-06-20,9343
2888,新光金,58,10,48,華南永昌-頭份,2024-06-20,9343
6531,愛普*,45,1,44,華南永昌-頭份,2024-06-20,9343
3665,貿聯-KY,30,0,30,華南永昌-頭份,2024-06-20,9343
4526,東台,71,43,28,華南永昌-頭份,2024-06-20,9343
2886,兆豐金,27,0,27,華南永昌-頭份,2024-06-20,9343
2353,宏��,27,1,26,華南永昌-頭份,2024-06-20,9343
2603,長榮,30,5,25,華南永昌-頭份,2024-06-20,9343
6552,易華電,22,0,22,華南永昌-頭份,2024-06-20,9343
2323,中環,20,0,20,華南永昌-頭份,2024-06-20,9343
2457,飛宏,20,0,20,華南永昌-頭份,2024-06-20,9343
2468,華經,20,0,20,華南永昌-頭份,2024-06-20,9343
4128,中天,21,1,20,華南永昌-頭份,2024-06-20,9343
4157,太景*-KY,18,0,18,華南永昌-頭份,2024-06-20,9343
8096,擎亞,26,8,18,華南永昌-頭份,2024-06-20,9343
2618,長榮航,20,3,17,華南永昌-頭份,2024-06-20,9343
00933B,國泰10Y+金融債,20,3,17,華南永昌-頭份,2024-06-20,9343
1810,和成,16,1,15,華南永昌-頭份,2024-06-20,9343
2241,艾姆勒,16,1,15,華南永昌-頭份,2024-06-20,9343
00918,大華優利高填息30,34,20,14,華南永昌-頭份,2024-06-20,9343
2399,映泰,13,0,13,華南永昌-頭份,2024-06-20,9343
00679B,元大美債20年,12,0,12,華南永昌-頭份,2024-06-20,9343
2208,台船,12,0,12,華南永昌-頭份,2024-06-20,9343
00687B,國泰20年美債,12,0,12,華南永昌-頭份,2024-06-20,9343
2834,臺企銀,12,0,12,華南永昌-頭份,2024-06-20,9343
2330,台積電,15,4,11,華南永昌-頭份,2024-06-20,9343
00946,群益科技高息成長,11,0,11,華南永昌-頭份,2024-06-20,9343
4726,永昕,27,16,11,華南永昌-頭份,2024-06-20,9343
2707,晶華,10,0,10,華南永昌-頭份,2024-06-20,9343
00915,凱基優選高股息30,10,0,10,華南永昌-頭份,2024-06-20,9343
3576,聯合再生,10,0,10,華南永昌-頭份,2024-06-20,9343
00922,國泰台灣領袖50,10,0,10,華南永昌-頭份,2024-06-20,9343
00733,富邦臺灣中小,10,0,10,華南永昌-頭份,2024-06-20,9343
2509,全坤建,10,0,10,華南永昌-頭份,2024-06-20,9343
2913,農林,15,5,10,華南永昌-頭份,2024-06-20,9343
3444,利機,10,0,10,華南永昌-頭份,2024-06-20,9343
3512,皇龍,10,0,10,華南永昌-頭份,2024-06-20,9343
4534,慶騰,10,0,10,華南永昌-頭份,2024-06-20,9343
6125,廣運,12,2,10,華南永昌-頭份,2024-06-20,9343
2615,萬海,17,7,10,華南永昌-頭份,2024-06-20,9343
6147,頎邦,10,1,9,華南永昌-頭份,2024-06-20,9343
6216,居易,11,2,9,華南永昌-頭份,2024-06-20,9343
2371,大同,30,22,8,華南永昌-頭份,2024-06-20,9343
1529,樂事綠能,7,0,7,華南永昌-頭份,2024-06-20,9343
2375,凱美,7,0,7,華南永昌-頭份,2024-06-20,9343
2527,宏璟,37,30,7,華南永昌-頭份,2024-06-20,9343
8050,廣積,11,4,7,華南永昌-頭份,2024-06-20,9343
00937B,群益ESG投等債20,212,40,172,華南永昌-頭份,2024-06-21,9343
00919,群益台灣精選高息,149,10,139,華南永昌-頭份,2024-06-21,9343
2883,凱基金,80,0,80,華南永昌-頭份,2024-06-21,9343
6116,彩晶,67,7,60,華南永昌-頭份,2024-06-21,9343
00929,復華台灣科技優息,149,98,51,華南永昌-頭份,2024-06-21,9343
2312,金寶,54,8,46,華南永昌-頭份,2024-06-21,9343
4958,臻鼎-KY,56,12,44,華南永昌-頭份,2024-06-21,9343
6284,佳邦,47,13,34,華南永昌-頭份,2024-06-21,9343
2520,冠德,53,20,33,華南永昌-頭份,2024-06-21,9343
8011,台通,96,65,31,華南永昌-頭份,2024-06-21,9343
00948B,中信優息投資級債,26,0,26,華南永昌-頭份,2024-06-21,9343
6770,力積電,29,3,26,華南永昌-頭份,2024-06-21,9343
1316,上曜,25,0,25,華南永昌-頭份,2024-06-21,9343
3041,揚智,23,0,23,華南永昌-頭份,2024-06-21,9343
1608,華榮,23,2,21,華南永昌-頭份,2024-06-21,9343
6217,中探針,32,11,21,華南永昌-頭份,2024-06-21,9343
4949,有成精密,20,0,20,華南永昌-頭份,2024-06-21,9343
5519,隆大,20,0,20,華南永昌-頭份,2024-06-21,9343
6290,良維,20,0,20,華南永昌-頭份,2024-06-21,9343
2382,廣達,39,20,19,華南永昌-頭份,2024-06-21,9343
2332,友訊,20,2,18,華南永昌-頭份,2024-06-21,9343
2406,國碩,34,16,18,華南永昌-頭份,2024-06-21,9343
2330,台積電,18,1,17,華南永昌-頭份,2024-06-21,9343
00637L,元大滬深300正2,50,34,16,華南永昌-頭份,2024-06-21,9343
2405,輔信,16,0,16,華南永昌-頭份,2024-06-21,9343
8105,凌巨,62,46,16,華南永昌-頭份,2024-06-21,9343
8110,華東,24,9,15,華南永昌-頭份,2024-06-21,9343
3071,協禧,15,0,15,華南永昌-頭份,2024-06-21,9343
4157,太景*-KY,15,0,15,華南永昌-頭份,2024-06-21,9343
6560,欣普羅,16,1,15,華南永昌-頭份,2024-06-21,9343
2303,聯電,30,15,15,華南永昌-頭份,2024-06-21,9343
00936,台新永續高息中小,24,10,14,華南永昌-頭份,2024-06-21,9343
2498,宏達電,16,2,14,華南永昌-頭份,2024-06-21,9343
1611,中電,13,0,13,華南永昌-頭份,2024-06-21,9343
3149,正達,13,0,13,華南永昌-頭份,2024-06-21,9343
4934,太極,15,2,13,華南永昌-頭份,2024-06-21,9343
00947,台新臺灣IC設計,13,0,13,華南永昌-頭份,2024-06-21,9343
00753L,中信中國50正2,12,0,12,華南永昌-頭份,2024-06-21,9343
3013,晟銘電,13,1,12,華南永昌-頭份,2024-06-21,9343
00633L,富邦上証正2,11,0,11,華南永昌-頭份,2024-06-21,9343
1810,和成,11,0,11,華南永昌-頭份,2024-06-21,9343
5508,永信建,11,0,11,華南永昌-頭份,2024-06-21,9343
1785,光洋科,19,9,10,華南永昌-頭份,2024-06-21,9343
3163,波若威,12,2,10,華南永昌-頭份,2024-06-21,9343
3508,位速,10,0,10,華南永昌-頭份,2024-06-21,9343
2365,昆盈,14,4,10,華南永昌-頭份,2024-06-21,9343
1305,華夏,13,3,10,華南永昌-頭份,2024-06-21,9343
2241,艾姆勒,10,0,10,華南永昌-頭份,2024-06-21,9343
2515,中工,10,0,10,華南永昌-頭份,2024-06-21,9343
2867,三商壽,10,0,10,華南永昌-頭份,2024-06-21,9343
00632R,元大台灣50反1,332,25,307,華南永昌-頭份,2024-06-24,9343
00929,復華台灣科技優息,158,57,101,華南永昌-頭份,2024-06-24,9343
00940,元大台灣價值高息,102,19,83,華南永昌-頭份,2024-06-24,9343
3163,波若威,83,0,83,華南永昌-頭份,2024-06-24,9343
2605,新興,91,13,78,華南永昌-頭份,2024-06-24,9343
5512,力麒,80,12,68,華南永昌-頭份,2024-06-24,9343
00937B,群益ESG投等債20,58,0,58,華南永昌-頭份,2024-06-24,9343
5530,龍巖,61,4,57,華南永昌-頭份,2024-06-24,9343
1785,光洋科,57,14,43,華南永昌-頭份,2024-06-24,9343
2409,友達,43,2,41,華南永昌-頭份,2024-06-24,9343
3047,訊舟,50,9,41,華南永昌-頭份,2024-06-24,9343
2365,昆盈,42,2,40,華南永昌-頭份,2024-06-24,9343
00919,群益台灣精選高息,111,77,34,華南永昌-頭份,2024-06-24,9343
2888,新光金,36,2,34,華南永昌-頭份,2024-06-24,9343
1608,華榮,32,1,31,華南永昌-頭份,2024-06-24,9343
00946,群益科技高息成長,23,0,23,華南永昌-頭份,2024-06-24,9343
6770,力積電,21,0,21,華南永昌-頭份,2024-06-24,9343
4952,凌通,21,0,21,華南永昌-頭份,2024-06-24,9343
8085,福華,25,4,21,華南永昌-頭份,2024-06-24,9343
00936,台新永續高息中小,20,0,20,華南永昌-頭份,2024-06-24,9343
2353,宏��,22,2,20,華南永昌-頭份,2024-06-24,9343
6578,達邦蛋白,20,0,20,華南永昌-頭份,2024-06-24,9343
4967,十銓,46,27,19,華南永昌-頭份,2024-06-24,9343
4532,瑞智,22,3,19,華南永昌-頭份,2024-06-24,9343
6284,佳邦,29,11,18,華南永昌-頭份,2024-06-24,9343
3297,杭特,16,0,16,華南永昌-頭份,2024-06-24,9343
2615,萬海,22,6,16,華南永昌-頭份,2024-06-24,9343
2002,中鋼,16,0,16,華南永昌-頭份,2024-06-24,9343
2312,金寶,17,2,15,華南永昌-頭份,2024-06-24,9343
3041,揚智,15,0,15,華南永昌-頭份,2024-06-24,9343
8105,凌巨,40,25,15,華南永昌-頭份,2024-06-24,9343
2330,台積電,17,3,14,華南永昌-頭份,2024-06-24,9343
4123,晟德,19,5,14,華南永昌-頭份,2024-06-24,9343
1504,東元,14,1,13,華南永昌-頭份,2024-06-24,9343
2392,正崴,13,0,13,華南永昌-頭份,2024-06-24,9343
2634,漢翔,13,0,13,華南永昌-頭份,2024-06-24,9343
8076,伍豐,13,0,13,華南永昌-頭份,2024-06-24,9343
3105,穩懋,12,0,12,華南永昌-頭份,2024-06-24,9343
00939,統一台灣高息動能,12,0,12,華南永昌-頭份,2024-06-24,9343
2317,鴻海,69,58,11,華南永昌-頭份,2024-06-24,9343
00665L,富邦�琤肭磪囓�2,11,0,11,華南永昌-頭份,2024-06-24,9343
1524,耿鼎,11,0,11,華南永昌-頭份,2024-06-24,9343
3062,建漢,66,55,11,華南永昌-頭份,2024-06-24,9343
00909,國泰數位支付服務,10,0,10,華南永昌-頭份,2024-06-24,9343
00918,大華優利高填息30,12,2,10,華南永昌-頭份,2024-06-24,9343
1110,東泥,10,0,10,華南永昌-頭份,2024-06-24,9343
1809,中釉,10,0,10,華南永昌-頭份,2024-06-24,9343
2344,華邦電,10,0,10,華南永昌-頭份,2024-06-24,9343
2405,輔信,10,0,10,華南永昌-頭份,2024-06-24,9343
8927,北基,10,0,10,華南永昌-頭份,2024-06-24,9343
5530,龍巖,236,0,236,華南永昌-頭份,2024-06-25,9343
6288,聯嘉,169,0,169,華南永昌-頭份,2024-06-25,9343
9105,泰金寶-DR,151,0,151,華南永昌-頭份,2024-06-25,9343
00706L,期元大S＆P日圓正2,135,0,135,華南永昌-頭份,2024-06-25,9343
6282,康舒,120,1,119,華南永昌-頭份,2024-06-25,9343
1785,光洋科,138,35,103,華南永昌-頭份,2024-06-25,9343
3481,群創,211,125,86,華南永昌-頭份,2024-06-25,9343
00919,群益台灣精選高息,112,45,67,華南永昌-頭份,2024-06-25,9343
00929,復華台灣科技優息,94,29,65,華南永昌-頭份,2024-06-25,9343
2427,三商電,47,7,40,華南永昌-頭份,2024-06-25,9343
6806,森崴能源,46,7,39,華南永昌-頭份,2024-06-25,9343
2527,宏璟,55,22,33,華南永昌-頭份,2024-06-25,9343
00918,大華優利高填息30,32,0,32,華南永昌-頭份,2024-06-25,9343
1815,富喬,53,27,26,華南永昌-頭份,2024-06-25,9343
2312,金寶,26,3,23,華南永昌-頭份,2024-06-25,9343
1522,堤維西,23,1,22,華南永昌-頭份,2024-06-25,9343
8105,凌巨,33,11,22,華南永昌-頭份,2024-06-25,9343
00936,台新永續高息中小,21,0,21,華南永昌-頭份,2024-06-25,9343
2362,藍天,20,0,20,華南永昌-頭份,2024-06-25,9343
2812,台中銀,20,0,20,華南永昌-頭份,2024-06-25,9343
4726,永昕,40,20,20,華南永昌-頭份,2024-06-25,9343
8110,華東,37,20,17,華南永昌-頭份,2024-06-25,9343
2886,兆豐金,22,6,16,華南永昌-頭份,2024-06-25,9343
5452,佶優,20,4,16,華南永昌-頭份,2024-06-25,9343
2353,宏��,14,0,14,華南永昌-頭份,2024-06-25,9343
4157,太景*-KY,14,0,14,華南永昌-頭份,2024-06-25,9343
1810,和成,18,5,13,華南永昌-頭份,2024-06-25,9343
2406,國碩,14,2,12,華南永昌-頭份,2024-06-25,9343
912000,晨訊科-DR,27,15,12,華南永昌-頭份,2024-06-25,9343
00946,群益科技高息成長,12,0,12,華南永昌-頭份,2024-06-25,9343
006208,富邦台50,11,0,11,華南永昌-頭份,2024-06-25,9343
2352,佳世達,17,6,11,華南永昌-頭份,2024-06-25,9343
2464,盟立,30,19,11,華南永昌-頭份,2024-06-25,9343
00947,台新臺灣IC設計,10,0,10,華南永昌-頭份,2024-06-25,9343
2317,鴻海,21,11,10,華南永昌-頭份,2024-06-25,9343
1503,士電,18,8,10,華南永昌-頭份,2024-06-25,9343
2388,威盛,10,0,10,華南永昌-頭份,2024-06-25,9343
3071,協禧,10,0,10,華南永昌-頭份,2024-06-25,9343
3260,威剛,16,6,10,華南永昌-頭份,2024-06-25,9343
4168,醣聯,10,0,10,華南永昌-頭份,2024-06-25,9343
5009,榮剛,10,0,10,華南永昌-頭份,2024-06-25,9343
8358,金居,11,1,10,華南永昌-頭份,2024-06-25,9343
2330,台積電,18,8,10,華南永昌-頭份,2024-06-25,9343
2331,精英,10,1,9,華南永昌-頭份,2024-06-25,9343
2850,新產,10,1,9,華南永昌-頭份,2024-06-25,9343
2891,中信金,9,0,9,華南永昌-頭份,2024-06-25,9343
5493,三聯,11,2,9,華南永昌-頭份,2024-06-25,9343
1563,巧新,8,0,8,華南永昌-頭份,2024-06-25,9343
2303,聯電,11,3,8,華南永昌-頭份,2024-06-25,9343
00637L,元大滬深300正2,8,0,8,華南永昌-頭份,2024-06-25,9343
00936,台新永續高息中小,219,0,219,華南永昌-頭份,2024-06-26,9343
00948B,中信優息投資級債,217,0,217,華南永昌-頭份,2024-06-26,9343
2344,華邦電,126,0,126,華南永昌-頭份,2024-06-26,9343
9105,泰金寶-DR,113,8,105,華南永昌-頭份,2024-06-26,9343
6288,聯嘉,104,0,104,華南永昌-頭份,2024-06-26,9343
2609,陽明,84,5,79,華南永昌-頭份,2024-06-26,9343
2317,鴻海,83,32,51,華南永昌-頭份,2024-06-26,9343
00940,元大台灣價值高息,52,2,50,華南永昌-頭份,2024-06-26,9343
3062,建漢,54,10,44,華南永昌-頭份,2024-06-26,9343
3481,群創,73,29,44,華南永昌-頭份,2024-06-26,9343
1104,環泥,30,0,30,華南永昌-頭份,2024-06-26,9343
00929,復華台灣科技優息,50,22,28,華南永昌-頭份,2024-06-26,9343
9904,寶成,27,0,27,華南永昌-頭份,2024-06-26,9343
5512,力麒,34,10,24,華南永昌-頭份,2024-06-26,9343
3362,先進光,27,3,24,華南永昌-頭份,2024-06-26,9343
2409,友達,22,0,22,華南永昌-頭份,2024-06-26,9343
2002,中鋼,21,0,21,華南永昌-頭份,2024-06-26,9343
2890,永豐金,21,0,21,華南永昌-頭份,2024-06-26,9343
5519,隆大,21,0,21,華南永昌-頭份,2024-06-26,9343
8110,華東,20,0,20,華南永昌-頭份,2024-06-26,9343
2886,兆豐金,20,0,20,華南永昌-頭份,2024-06-26,9343
2369,菱生,20,0,20,華南永昌-頭份,2024-06-26,9343
2353,宏��,29,11,18,華南永昌-頭份,2024-06-26,9343
2382,廣達,36,18,18,華南永昌-頭份,2024-06-26,9343
5236,凌陽創新,17,0,17,華南永昌-頭份,2024-06-26,9343
3231,緯創,26,10,16,華南永昌-頭份,2024-06-26,9343
6197,佳必琪,20,4,16,華南永昌-頭份,2024-06-26,9343
1301,台塑,16,0,16,華南永昌-頭份,2024-06-26,9343
2449,京元電子,28,13,15,華南永昌-頭份,2024-06-26,9343
00713,元大台灣高息低波,13,0,13,華南永昌-頭份,2024-06-26,9343
2406,國碩,37,24,13,華南永昌-頭份,2024-06-26,9343
00923,群益台ESG低碳50,12,0,12,華南永昌-頭份,2024-06-26,9343
4109,加捷生醫,14,2,12,華南永昌-頭份,2024-06-26,9343
4114,健喬,13,1,12,華南永昌-頭份,2024-06-26,9343
6177,達麗,12,0,12,華南永昌-頭份,2024-06-26,9343
6217,中探針,13,1,12,華南永昌-頭份,2024-06-26,9343
00918,大華優利高填息30,11,0,11,華南永昌-頭份,2024-06-26,9343
00946,群益科技高息成長,11,0,11,華南永昌-頭份,2024-06-26,9343
2882,國泰金,11,0,11,華南永昌-頭份,2024-06-26,9343
2885,元大金,11,0,11,華南永昌-頭份,2024-06-26,9343
6116,彩晶,11,0,11,華南永昌-頭份,2024-06-26,9343
6153,嘉聯益,11,0,11,華南永昌-頭份,2024-06-26,9343
1609,大亞,39,28,11,華南永昌-頭份,2024-06-26,9343
8906,花王,10,0,10,華南永昌-頭份,2024-06-26,9343
1218,泰山,10,0,10,華南永昌-頭份,2024-06-26,9343
00891,中信關鍵半導體,10,0,10,華南永昌-頭份,2024-06-26,9343
1584,精剛,10,0,10,華南永昌-頭份,2024-06-26,9343
1611,中電,10,0,10,華南永昌-頭份,2024-06-26,9343
2812,台中銀,10,0,10,華南永昌-頭份,2024-06-26,9343
3024,憶聲,10,0,10,華南永昌-頭份,2024-06-26,9343
00632R,元大台灣50反1,700,0,700,華南永昌-頭份,2024-06-27,9343
2312,金寶,173,25,148,華南永昌-頭份,2024-06-27,9343
00936,台新永續高息中小,125,2,123,華南永昌-頭份,2024-06-27,9343
2371,大同,112,1,111,華南永昌-頭份,2024-06-27,9343
6288,聯嘉,85,0,85,華南永昌-頭份,2024-06-27,9343
00929,復華台灣科技優息,63,1,62,華南永昌-頭份,2024-06-27,9343
00940,元大台灣價值高息,100,52,48,華南永昌-頭份,2024-06-27,9343
2884,玉山金,41,0,41,華南永昌-頭份,2024-06-27,9343
4128,中天,42,1,41,華南永昌-頭份,2024-06-27,9343
00919,群益台灣精選高息,44,5,39,華南永昌-頭份,2024-06-27,9343
00937B,群益ESG投等債20,85,47,38,華南永昌-頭份,2024-06-27,9343
00665L,富邦�琤肭磪囓�2,48,14,34,華南永昌-頭份,2024-06-27,9343
1522,堤維西,30,0,30,華南永昌-頭份,2024-06-27,9343
3548,兆利,30,0,30,華南永昌-頭份,2024-06-27,9343
1795,美時,35,6,29,華南永昌-頭份,2024-06-27,9343
2886,兆豐金,29,0,29,華南永昌-頭份,2024-06-27,9343
6443,元晶,53,25,28,華南永昌-頭份,2024-06-27,9343
1608,華榮,25,0,25,華南永昌-頭份,2024-06-27,9343
1609,大亞,30,6,24,華南永昌-頭份,2024-06-27,9343
3481,群創,25,3,22,華南永昌-頭份,2024-06-27,9343
1102,亞泥,20,0,20,華南永昌-頭份,2024-06-27,9343
1314,中石化,20,0,20,華南永昌-頭份,2024-06-27,9343
9136,巨騰-DR,20,0,20,華南永昌-頭份,2024-06-27,9343
3163,波若威,20,1,19,華南永昌-頭份,2024-06-27,9343
00946,群益科技高息成長,18,0,18,華南永昌-頭份,2024-06-27,9343
2066,世德,18,0,18,華南永昌-頭份,2024-06-27,9343
4303,信立,18,0,18,華南永昌-頭份,2024-06-27,9343
2603,長榮,20,3,17,華南永昌-頭份,2024-06-27,9343
3663,鑫科,58,41,17,華南永昌-頭份,2024-06-27,9343
4168,醣聯,17,0,17,華南永昌-頭份,2024-06-27,9343
00878,國泰永續高股息,16,0,16,華南永昌-頭份,2024-06-27,9343
00948B,中信優息投資級債,19,3,16,華南永昌-頭份,2024-06-27,9343
00680L,元大美債20正2,15,0,15,華南永昌-頭份,2024-06-27,9343
3071,協禧,15,0,15,華南永昌-頭份,2024-06-27,9343
9904,寶成,26,11,15,華南永昌-頭份,2024-06-27,9343
2002,中鋼,14,0,14,華南永昌-頭份,2024-06-27,9343
00720B,元大投資級公司債,14,0,14,華南永昌-頭份,2024-06-27,9343
4123,晟德,17,3,14,華南永昌-頭份,2024-06-27,9343
4743,合一,13,0,13,華南永昌-頭份,2024-06-27,9343
8085,福華,29,16,13,華南永昌-頭份,2024-06-27,9343
1326,台化,12,0,12,華南永昌-頭份,2024-06-27,9343
00675L,富邦臺灣加權正2,12,0,12,華南永昌-頭份,2024-06-27,9343
5236,凌陽創新,14,2,12,華南永昌-頭份,2024-06-27,9343
6770,力積電,12,0,12,華南永昌-頭份,2024-06-27,9343
00939,統一台灣高息動能,11,0,11,華南永昌-頭份,2024-06-27,9343
00942B,台新美A公司債20+,11,0,11,華南永昌-頭份,2024-06-27,9343
2367,燿華,13,2,11,華南永昌-頭份,2024-06-27,9343
8358,金居,11,0,11,華南永昌-頭份,2024-06-27,9343
8210,勤誠,10,0,10,華南永昌-頭份,2024-06-27,9343
3047,訊舟,50,40,10,華南永昌-頭份,2024-06-27,9343
00942B,台新美A公司債20+,230,0,230,華南永昌-頭份,2024-06-28,9343
4157,太景*-KY,120,0,120,華南永昌-頭份,2024-06-28,9343
1101,台泥,103,3,100,華南永昌-頭份,2024-06-28,9343
00937B,群益ESG投等債20,93,2,91,華南永昌-頭份,2024-06-28,9343
2303,聯電,64,5,59,華南永昌-頭份,2024-06-28,9343
2406,國碩,78,38,40,華南永昌-頭份,2024-06-28,9343
2066,世德,35,0,35,華南永昌-頭份,2024-06-28,9343
5519,隆大,31,0,31,華南永昌-頭份,2024-06-28,9343
3548,兆利,30,0,30,華南永昌-頭份,2024-06-28,9343
6443,元晶,58,30,28,華南永昌-頭份,2024-06-28,9343
2323,中環,33,7,26,華南永昌-頭份,2024-06-28,9343
00936,台新永續高息中小,24,0,24,華南永昌-頭份,2024-06-28,9343
3406,玉晶光,27,5,22,華南永昌-頭份,2024-06-28,9343
8105,凌巨,24,2,22,華南永昌-頭份,2024-06-28,9343
00770,國泰北美科技,20,0,20,華南永昌-頭份,2024-06-28,9343
1909,榮成,20,0,20,華南永昌-頭份,2024-06-28,9343
2801,彰銀,20,0,20,華南永昌-頭份,2024-06-28,9343
2882,國泰金,20,0,20,華南永昌-頭份,2024-06-28,9343
2241,艾姆勒,18,0,18,華南永昌-頭份,2024-06-28,9343
1785,光洋科,17,1,16,華南永昌-頭份,2024-06-28,9343
1503,士電,16,1,15,華南永昌-頭份,2024-06-28,9343
2884,玉山金,15,0,15,華南永昌-頭份,2024-06-28,9343
3167,大量,15,0,15,華南永昌-頭份,2024-06-28,9343
8358,金居,15,0,15,華南永昌-頭份,2024-06-28,9343
00946,群益科技高息成長,14,0,14,華南永昌-頭份,2024-06-28,9343
00929,復華台灣科技優息,22,9,13,華南永昌-頭份,2024-06-28,9343
5522,遠雄,23,10,13,華南永昌-頭份,2024-06-28,9343
2618,長榮航,17,5,12,華南永昌-頭份,2024-06-28,9343
2312,金寶,19,8,11,華南永昌-頭份,2024-06-28,9343
5512,力麒,11,0,11,華南永昌-頭份,2024-06-28,9343
00713,元大台灣高息低波,10,0,10,華南永昌-頭份,2024-06-28,9343
00944,野村趨勢動能高息,10,0,10,華南永昌-頭份,2024-06-28,9343
00664R,國泰臺灣加權反1,10,0,10,華南永昌-頭份,2024-06-28,9343
1319,東陽,11,1,10,華南永昌-頭份,2024-06-28,9343
2851,中再保,10,0,10,華南永昌-頭份,2024-06-28,9343
3704,合勤控,10,0,10,華南永昌-頭份,2024-06-28,9343
5351,鈺創,10,0,10,華南永昌-頭份,2024-06-28,9343
2834,臺企銀,10,0,10,華南永昌-頭份,2024-06-28,9343
2367,燿華,13,3,10,華南永昌-頭份,2024-06-28,9343
2867,三商壽,10,1,9,華南永昌-頭份,2024-06-28,9343
00687B,國泰20年美債,9,0,9,華南永昌-頭份,2024-06-28,9343
2427,三商電,10,1,9,華南永昌-頭份,2024-06-28,9343
2520,冠德,9,0,9,華南永昌-頭份,2024-06-28,9343
2887,台新金,10,1,9,華南永昌-頭份,2024-06-28,9343
6578,達邦蛋白,9,0,9,華南永昌-頭份,2024-06-28,9343
2451,創見,8,0,8,華南永昌-頭份,2024-06-28,9343
2301,光寶科,11,3,8,華南永昌-頭份,2024-06-28,9343
4167,松瑞藥,13,5,8,華南永昌-頭份,2024-06-28,9343
1514,亞力,20,12,8,華南永昌-頭份,2024-06-28,9343
1815,富喬,16,8,8,華南永昌-頭份,2024-06-28,9343
4958,臻鼎-KY,115,40,75,華南永昌-頭份,2024-07-01,9343
3450,聯鈞,101,31,70,華南永昌-頭份,2024-07-01,9343
2312,金寶,67,0,67,華南永昌-頭份,2024-07-01,9343
4167,松瑞藥,64,2,62,華南永昌-頭份,2024-07-01,9343
9105,泰金寶-DR,62,0,62,華南永昌-頭份,2024-07-01,9343
00936,台新永續高息中小,57,4,53,華南永昌-頭份,2024-07-01,9343
00679B,元大美債20年,48,1,47,華南永昌-頭份,2024-07-01,9343
00937B,群益ESG投等債20,46,0,46,華南永昌-頭份,2024-07-01,9343
1802,台玻,43,0,43,華南永昌-頭份,2024-07-01,9343
3481,群創,49,13,36,華南永昌-頭份,2024-07-01,9343
00687B,國泰20年美債,34,0,34,華南永昌-頭份,2024-07-01,9343
6284,佳邦,34,0,34,華南永昌-頭份,2024-07-01,9343
2401,凌陽,33,0,33,華南永昌-頭份,2024-07-01,9343
2303,聯電,72,44,28,華南永昌-頭份,2024-07-01,9343
4726,永昕,30,3,27,華南永昌-頭份,2024-07-01,9343
6288,聯嘉,27,0,27,華南永昌-頭份,2024-07-01,9343
2352,佳世達,31,6,25,華南永昌-頭份,2024-07-01,9343
00770,國泰北美科技,23,0,23,華南永昌-頭份,2024-07-01,9343
2867,三商壽,21,0,21,華南永昌-頭份,2024-07-01,9343
2884,玉山金,21,0,21,華南永昌-頭份,2024-07-01,9343
2834,臺企銀,21,0,21,華南永昌-頭份,2024-07-01,9343
4566,時碩工業,21,1,20,華南永昌-頭份,2024-07-01,9343
2812,台中銀,20,0,20,華南永昌-頭份,2024-07-01,9343
3548,兆利,20,0,20,華南永昌-頭份,2024-07-01,9343
6552,易華電,20,0,20,華南永昌-頭份,2024-07-01,9343
0056,元大高股息,21,2,19,華南永昌-頭份,2024-07-01,9343
00680L,元大美債20正2,15,0,15,華南永昌-頭份,2024-07-01,9343
2365,昆盈,41,26,15,華南永昌-頭份,2024-07-01,9343
3520,華盈,30,15,15,華南永昌-頭份,2024-07-01,9343
4721,美琪瑪,15,0,15,華南永昌-頭份,2024-07-01,9343
2630,亞航,13,0,13,華南永昌-頭份,2024-07-01,9343
00942B,台新美A公司債20+,13,0,13,華南永昌-頭份,2024-07-01,9343
1301,台塑,13,0,13,華南永昌-頭份,2024-07-01,9343
6477,安集,17,5,12,華南永昌-頭份,2024-07-01,9343
6753,龍德造船,15,4,11,華南永昌-頭份,2024-07-01,9343
2426,鼎元,11,0,11,華南永昌-頭份,2024-07-01,9343
3312,弘憶股,25,14,11,華南永昌-頭份,2024-07-01,9343
00929,復華台灣科技優息,25,14,11,華南永昌-頭份,2024-07-01,9343
6770,力積電,13,2,11,華南永昌-頭份,2024-07-01,9343
2359,所羅門,49,39,10,華南永昌-頭份,2024-07-01,9343
912000,晨訊科-DR,10,0,10,華南永昌-頭份,2024-07-01,9343
2313,華通,21,11,10,華南永昌-頭份,2024-07-01,9343
6197,佳必琪,11,1,10,華南永昌-頭份,2024-07-01,9343
00664R,國泰臺灣加權反1,10,0,10,華南永昌-頭份,2024-07-01,9343
2458,義隆,10,0,10,華南永昌-頭份,2024-07-01,9343
2611,志信,12,2,10,華南永昌-頭份,2024-07-01,9343
2851,中再保,10,0,10,華南永昌-頭份,2024-07-01,9343
3041,揚智,10,0,10,華南永昌-頭份,2024-07-01,9343
4306,炎洲,10,0,10,華南永昌-頭份,2024-07-01,9343
6180,橘子,10,0,10,華南永昌-頭份,2024-07-01,9343
4123,晟德,126,12,114,華南永昌-頭份,2024-07-02,9343
2449,京元電子,107,11,96,華南永昌-頭份,2024-07-02,9343
8473,山林水,92,2,90,華南永昌-頭份,2024-07-02,9343
00934,中信成長高股息,92,11,81,華南永昌-頭份,2024-07-02,9343
6244,茂迪,78,5,73,華南永昌-頭份,2024-07-02,9343
3048,益登,77,6,71,華南永昌-頭份,2024-07-02,9343
00770,國泰北美科技,60,0,60,華南永昌-頭份,2024-07-02,9343
00929,復華台灣科技優息,191,134,57,華南永昌-頭份,2024-07-02,9343
00936,台新永續高息中小,60,6,54,華南永昌-頭份,2024-07-02,9343
8277,商丞,50,0,50,華南永昌-頭份,2024-07-02,9343
2303,聯電,70,20,50,華南永昌-頭份,2024-07-02,9343
2317,鴻海,73,31,42,華南永昌-頭份,2024-07-02,9343
4128,中天,34,0,34,華南永昌-頭份,2024-07-02,9343
5880,合庫金,31,0,31,華南永昌-頭份,2024-07-02,9343
00632R,元大台灣50反1,30,0,30,華南永昌-頭份,2024-07-02,9343
00945B,凱基美國非投等債,25,0,25,華南永昌-頭份,2024-07-02,9343
2913,農林,30,6,24,華南永昌-頭份,2024-07-02,9343
8104,錸寶,29,5,24,華南永昌-頭份,2024-07-02,9343
00918,大華優利高填息30,23,0,23,華南永昌-頭份,2024-07-02,9343
3481,群創,28,5,23,華南永昌-頭份,2024-07-02,9343
00949,復華日本龍頭,32,10,22,華南永昌-頭份,2024-07-02,9343
6733,博晟生醫,22,0,22,華南永昌-頭份,2024-07-02,9343
8081,致新,20,0,20,華南永昌-頭份,2024-07-02,9343
8050,廣積,20,0,20,華南永昌-頭份,2024-07-02,9343
912000,晨訊科-DR,20,1,19,華南永昌-頭份,2024-07-02,9343
2368,金像電,27,8,19,華南永昌-頭份,2024-07-02,9343
3042,晶技,22,3,19,華南永昌-頭份,2024-07-02,9343
8076,伍豐,29,11,18,華南永昌-頭份,2024-07-02,9343
00927,群益半導體收益,17,0,17,華南永昌-頭份,2024-07-02,9343
6285,啟��,16,0,16,華南永昌-頭份,2024-07-02,9343
00720B,元大投資級公司債,15,0,15,華南永昌-頭份,2024-07-02,9343
3714,富采,15,1,14,華南永昌-頭份,2024-07-02,9343
2393,億光,16,3,13,華南永昌-頭份,2024-07-02,9343
4167,松瑞藥,15,3,12,華南永昌-頭份,2024-07-02,9343
2365,昆盈,28,16,12,華南永昌-頭份,2024-07-02,9343
5452,佶優,14,2,12,華南永昌-頭份,2024-07-02,9343
00881,國泰台灣5G+,11,0,11,華南永昌-頭份,2024-07-02,9343
3050,鈺德,12,1,11,華南永昌-頭份,2024-07-02,9343
2464,盟立,13,2,11,華南永昌-頭份,2024-07-02,9343
6538,倉和,18,7,11,華南永昌-頭份,2024-07-02,9343
9105,泰金寶-DR,11,1,10,華南永昌-頭份,2024-07-02,9343
2412,中華電,10,0,10,華南永昌-頭份,2024-07-02,9343
00735,國泰臺韓科技,10,0,10,華南永昌-頭份,2024-07-02,9343
1102,亞泥,10,0,10,華南永昌-頭份,2024-07-02,9343
1909,榮成,10,0,10,華南永昌-頭份,2024-07-02,9343
2314,台揚,10,0,10,華南永昌-頭份,2024-07-02,9343
2357,華碩,10,0,10,華南永昌-頭份,2024-07-02,9343
2883,凱基金,10,0,10,華南永昌-頭份,2024-07-02,9343
4739,康普,10,0,10,華南永昌-頭份,2024-07-02,9343
6235,華孚,11,1,10,華南永昌-頭份,2024-07-02,9343
4123,晟德,340,21,319,華南永昌-頭份,2024-07-03,9343
00934,中信成長高股息,189,25,164,華南永昌-頭份,2024-07-03,9343
2337,旺宏,135,1,134,華南永昌-頭份,2024-07-03,9343
00929,復華台灣科技優息,119,0,119,華南永昌-頭份,2024-07-03,9343
2328,廣宇,90,0,90,華南永昌-頭份,2024-07-03,9343
4545,銘鈺,56,0,56,華南永昌-頭份,2024-07-03,9343
00706L,期元大S＆P日圓正2,50,0,50,華南永昌-頭份,2024-07-03,9343
2886,兆豐金,53,12,41,華南永昌-頭份,2024-07-03,9343
3047,訊舟,55,17,38,華南永昌-頭份,2024-07-03,9343
6538,倉和,36,3,33,華南永昌-頭份,2024-07-03,9343
6443,元晶,61,28,33,華南永昌-頭份,2024-07-03,9343
2834,臺企銀,36,4,32,華南永昌-頭份,2024-07-03,9343
2812,台中銀,31,0,31,華南永昌-頭份,2024-07-03,9343
2427,三商電,26,1,25,華南永昌-頭份,2024-07-03,9343
2882,國泰金,41,16,25,華南永昌-頭份,2024-07-03,9343
2618,長榮航,31,7,24,華南永昌-頭份,2024-07-03,9343
9105,泰金寶-DR,58,35,23,華南永昌-頭份,2024-07-03,9343
2891,中信金,23,0,23,華南永昌-頭份,2024-07-03,9343
4958,臻鼎-KY,66,43,23,華南永昌-頭份,2024-07-03,9343
2201,裕隆,22,0,22,華南永昌-頭份,2024-07-03,9343
3376,新日興,27,9,18,華南永昌-頭份,2024-07-03,9343
5426,振發,16,0,16,華南永昌-頭份,2024-07-03,9343
5432,新門,16,0,16,華南永昌-頭份,2024-07-03,9343
5347,世界,19,3,16,華南永昌-頭份,2024-07-03,9343
2301,光寶科,32,17,15,華南永昌-頭份,2024-07-03,9343
2241,艾姆勒,15,0,15,華南永昌-頭份,2024-07-03,9343
3483,力致,15,0,15,華南永昌-頭份,2024-07-03,9343
6477,安集,20,6,14,華南永昌-頭份,2024-07-03,9343
3005,神基,13,0,13,華南永昌-頭份,2024-07-03,9343
2317,鴻海,30,18,12,華南永昌-頭份,2024-07-03,9343
3673,TPK-KY,14,2,12,華南永昌-頭份,2024-07-03,9343
4726,永昕,13,1,12,華南永昌-頭份,2024-07-03,9343
00940,元大台灣價值高息,37,25,12,華南永昌-頭份,2024-07-03,9343
2605,新興,23,11,12,華南永昌-頭份,2024-07-03,9343
00946,群益科技高息成長,11,0,11,華南永昌-頭份,2024-07-03,9343
1618,合機,12,1,11,華南永昌-頭份,2024-07-03,9343
2409,友達,11,0,11,華南永昌-頭份,2024-07-03,9343
4906,正文,19,8,11,華南永昌-頭份,2024-07-03,9343
6901,鑽石投資,11,0,11,華南永昌-頭份,2024-07-03,9343
3024,憶聲,16,6,10,華南永昌-頭份,2024-07-03,9343
6257,矽格,10,0,10,華南永昌-頭份,2024-07-03,9343
6290,良維,13,3,10,華南永昌-頭份,2024-07-03,9343
3520,華盈,13,4,9,華南永昌-頭份,2024-07-03,9343
5392,能率,16,7,9,華南永昌-頭份,2024-07-03,9343
2880,華南金,11,2,9,華南永昌-頭份,2024-07-03,9343
00949,復華日本龍頭,8,0,8,華南永昌-頭份,2024-07-03,9343
6698,旭暉應材,16,8,8,華南永昌-頭份,2024-07-03,9343
8110,華東,12,4,8,華南永昌-頭份,2024-07-03,9343
2363,矽統,7,0,7,華南永昌-頭份,2024-07-03,9343
00679B,元大美債20年,6,0,6,華南永昌-頭份,2024-07-03,9343
5530,龍巖,200,2,198,華南永昌-頭份,2024-07-04,9343
9955,佳龍,153,0,153,華南永昌-頭份,2024-07-04,9343
6275,元山,100,0,100,華南永昌-頭份,2024-07-04,9343
2328,廣宇,72,4,68,華南永昌-頭份,2024-07-04,9343
2412,中華電,68,5,63,華南永昌-頭份,2024-07-04,9343
2427,三商電,62,5,57,華南永昌-頭份,2024-07-04,9343
5512,力麒,69,13,56,華南永昌-頭份,2024-07-04,9343
2405,輔信,86,32,54,華南永昌-頭份,2024-07-04,9343
00673R,期元大S＆P原油反1,52,0,52,華南永昌-頭份,2024-07-04,9343
00720B,元大投資級公司債,43,0,43,華南永昌-頭份,2024-07-04,9343
6257,矽格,40,1,39,華南永昌-頭份,2024-07-04,9343
00936,台新永續高息中小,35,0,35,華南永昌-頭份,2024-07-04,9343
6213,聯茂,33,2,31,華南永昌-頭份,2024-07-04,9343
3013,晟銘電,35,6,29,華南永昌-頭份,2024-07-04,9343
00632R,元大台灣50反1,21,0,21,華南永昌-頭份,2024-07-04,9343
2241,艾姆勒,21,0,21,華南永昌-頭份,2024-07-04,9343
00937B,群益ESG投等債20,20,0,20,華南永昌-頭份,2024-07-04,9343
1909,榮成,20,0,20,華南永昌-頭份,2024-07-04,9343
2472,立隆電,20,1,19,華南永昌-頭份,2024-07-04,9343
4532,瑞智,20,1,19,華南永昌-頭份,2024-07-04,9343
2393,億光,16,0,16,華南永昌-頭份,2024-07-04,9343
5347,世界,17,2,15,華南永昌-頭份,2024-07-04,9343
1603,華電,15,0,15,華南永昌-頭份,2024-07-04,9343
1609,大亞,35,20,15,華南永昌-頭份,2024-07-04,9343
2482,連宇,26,11,15,華南永昌-頭份,2024-07-04,9343
4109,加捷生醫,14,0,14,華南永昌-頭份,2024-07-04,9343
2354,鴻準,24,11,13,華南永昌-頭份,2024-07-04,9343
3049,精金,13,0,13,華南永昌-頭份,2024-07-04,9343
3050,鈺德,17,4,13,華南永昌-頭份,2024-07-04,9343
6180,橘子,15,2,13,華南永昌-頭份,2024-07-04,9343
00934,中信成長高股息,12,0,12,華南永昌-頭份,2024-07-04,9343
2886,兆豐金,12,0,12,華南永昌-頭份,2024-07-04,9343
3312,弘憶股,51,39,12,華南永昌-頭份,2024-07-04,9343
4128,中天,13,1,12,華南永昌-頭份,2024-07-04,9343
6532,瑞耘,12,0,12,華南永昌-頭份,2024-07-04,9343
3189,景碩,12,0,12,華南永昌-頭份,2024-07-04,9343
2402,毅嘉,12,1,11,華南永昌-頭份,2024-07-04,9343
2467,志聖,18,7,11,華南永昌-頭份,2024-07-04,9343
2867,三商壽,21,10,11,華南永昌-頭份,2024-07-04,9343
3047,訊舟,33,22,11,華南永昌-頭份,2024-07-04,9343
4976,佳凌,11,0,11,華南永昌-頭份,2024-07-04,9343
6538,倉和,16,5,11,華南永昌-頭份,2024-07-04,9343
2324,仁寶,12,1,11,華南永昌-頭份,2024-07-04,9343
00687B,國泰20年美債,10,0,10,華南永昌-頭份,2024-07-04,9343
2605,新興,10,0,10,華南永昌-頭份,2024-07-04,9343
00905,FT臺灣Smart,10,0,10,華南永昌-頭份,2024-07-04,9343
020038,元大ESG配息N,10,0,10,華南永昌-頭份,2024-07-04,9343
00945B,凱基美國非投等債,10,0,10,華南永昌-頭份,2024-07-04,9343
3024,憶聲,10,0,10,華南永昌-頭份,2024-07-04,9343
5443,均豪,21,11,10,華南永昌-頭份,2024-07-04,9343
00941,中信上游半導體,210,0,210,華南永昌-頭份,2024-07-05,9343
2845,遠東銀,100,0,100,華南永昌-頭份,2024-07-05,9343
3708,上緯投控,78,1,77,華南永昌-頭份,2024-07-05,9343
00905,FT臺灣Smart,69,0,69,華南永昌-頭份,2024-07-05,9343
1447,力鵬,51,0,51,華南永昌-頭份,2024-07-05,9343
00706L,期元大S＆P日圓正2,50,0,50,華南永昌-頭份,2024-07-05,9343
2427,三商電,55,5,50,華南永昌-頭份,2024-07-05,9343
6213,聯茂,43,6,37,華南永昌-頭份,2024-07-05,9343
00936,台新永續高息中小,36,0,36,華南永昌-頭份,2024-07-05,9343
00937B,群益ESG投等債20,36,5,31,華南永昌-頭份,2024-07-05,9343
2515,中工,23,0,23,華南永昌-頭份,2024-07-05,9343
2882,國泰金,43,20,23,華南永昌-頭份,2024-07-05,9343
6901,鑽石投資,21,0,21,華南永昌-頭份,2024-07-05,9343
00927,群益半導體收益,20,0,20,華南永昌-頭份,2024-07-05,9343
00712,復華富時不動產,20,0,20,華南永昌-頭份,2024-07-05,9343
00753L,中信中國50正2,30,10,20,華南永昌-頭份,2024-07-05,9343
2527,宏璟,20,0,20,華南永昌-頭份,2024-07-05,9343
2913,農林,25,5,20,華南永昌-頭份,2024-07-05,9343
2002,中鋼,20,1,19,華南永昌-頭份,2024-07-05,9343
00679B,元大美債20年,18,0,18,華南永昌-頭份,2024-07-05,9343
00637L,元大滬深300正2,17,0,17,華南永昌-頭份,2024-07-05,9343
2344,華邦電,17,0,17,華南永昌-頭份,2024-07-05,9343
2461,光群雷,15,0,15,華南永昌-頭份,2024-07-05,9343
6215,和椿,20,6,14,華南永昌-頭份,2024-07-05,9343
8104,錸寶,20,6,14,華南永昌-頭份,2024-07-05,9343
3374,精材,16,3,13,華南永昌-頭份,2024-07-05,9343
8085,福華,13,0,13,華南永昌-頭份,2024-07-05,9343
0056,元大高股息,13,0,13,華南永昌-頭份,2024-07-05,9343
2606,裕民,12,0,12,華南永昌-頭份,2024-07-05,9343
3312,弘憶股,28,16,12,華南永昌-頭份,2024-07-05,9343
3673,TPK-KY,34,22,12,華南永昌-頭份,2024-07-05,9343
2495,普安,14,2,12,華南永昌-頭份,2024-07-05,9343
3580,友威科,15,4,11,華南永昌-頭份,2024-07-05,9343
4157,太景*-KY,11,0,11,華南永昌-頭份,2024-07-05,9343
4534,慶騰,11,0,11,華南永昌-頭份,2024-07-05,9343
2301,光寶科,10,0,10,華南永昌-頭份,2024-07-05,9343
00919,群益台灣精選高息,12,2,10,華南永昌-頭份,2024-07-05,9343
2359,所羅門,15,5,10,華南永昌-頭份,2024-07-05,9343
1504,東元,11,1,10,華南永昌-頭份,2024-07-05,9343
2886,兆豐金,10,0,10,華南永昌-頭份,2024-07-05,9343
2888,新光金,24,14,10,華南永昌-頭份,2024-07-05,9343
5530,龍巖,10,0,10,華南永昌-頭份,2024-07-05,9343
6257,矽格,30,20,10,華南永昌-頭份,2024-07-05,9343
8103,瀚荃,10,0,10,華南永昌-頭份,2024-07-05,9343
6189,豐藝,14,5,9,華南永昌-頭份,2024-07-05,9343
1519,華城,11,2,9,華南永昌-頭份,2024-07-05,9343
2406,國碩,12,3,9,華南永昌-頭份,2024-07-05,9343
00934,中信成長高股息,9,0,9,華南永昌-頭份,2024-07-05,9343
6505,台塑化,10,1,9,華南永昌-頭份,2024-07-05,9343
1513,中興電,15,7,8,華南永昌-頭份,2024-07-05,9343
00945B,凱基美國非投等債,441,0,441,華南永昌-頭份,2024-07-08,9343
00632R,元大台灣50反1,331,11,320,華南永昌-頭份,2024-07-08,9343
1802,台玻,187,3,184,華南永昌-頭份,2024-07-08,9343
4960,誠美材,158,16,142,華南永昌-頭份,2024-07-08,9343
6160,欣技,115,2,113,華南永昌-頭份,2024-07-08,9343
9105,泰金寶-DR,110,0,110,華南永昌-頭份,2024-07-08,9343
00937B,群益ESG投等債20,78,13,65,華南永昌-頭份,2024-07-08,9343
1718,中纖,61,3,58,華南永昌-頭份,2024-07-08,9343
8021,尖點,50,0,50,華南永昌-頭份,2024-07-08,9343
2367,燿華,82,37,45,華南永昌-頭份,2024-07-08,9343
3450,聯鈞,45,2,43,華南永昌-頭份,2024-07-08,9343
8277,商丞,40,0,40,華南永昌-頭份,2024-07-08,9343
00929,復華台灣科技優息,52,14,38,華南永昌-頭份,2024-07-08,9343
00936,台新永續高息中小,38,0,38,華南永昌-頭份,2024-07-08,9343
00934,中信成長高股息,34,0,34,華南永昌-頭份,2024-07-08,9343
5225,東科-KY,51,17,34,華南永昌-頭份,2024-07-08,9343
00706L,期元大S＆P日圓正2,30,0,30,華南永昌-頭份,2024-07-08,9343
6153,嘉聯益,64,37,27,華南永昌-頭份,2024-07-08,9343
2406,國碩,26,1,25,華南永昌-頭份,2024-07-08,9343
8085,福華,25,0,25,華南永昌-頭份,2024-07-08,9343
6152,百一,32,8,24,華南永昌-頭份,2024-07-08,9343
2023,燁輝,23,0,23,華南永昌-頭份,2024-07-08,9343
4533,協易機,20,0,20,華南永昌-頭份,2024-07-08,9343
2472,立隆電,20,0,20,華南永昌-頭份,2024-07-08,9343
3665,貿聯-KY,22,2,20,華南永昌-頭份,2024-07-08,9343
4722,國精化,20,0,20,華南永昌-頭份,2024-07-08,9343
5465,富驊,20,0,20,華南永昌-頭份,2024-07-08,9343
1536,和大,28,9,19,華南永昌-頭份,2024-07-08,9343
1795,美時,19,1,18,華南永昌-頭份,2024-07-08,9343
6477,安集,17,0,17,華南永昌-頭份,2024-07-08,9343
1785,光洋科,37,20,17,華南永昌-頭份,2024-07-08,9343
6443,元晶,19,4,15,華南永昌-頭份,2024-07-08,9343
3564,其陽,15,0,15,華南永昌-頭份,2024-07-08,9343
2402,毅嘉,15,0,15,華南永昌-頭份,2024-07-08,9343
2867,三商壽,15,0,15,華南永昌-頭份,2024-07-08,9343
4157,太景*-KY,15,0,15,華南永昌-頭份,2024-07-08,9343
8171,天宇,15,0,15,華南永昌-頭份,2024-07-08,9343
1815,富喬,22,7,15,華南永昌-頭份,2024-07-08,9343
2913,農林,16,2,14,華南永昌-頭份,2024-07-08,9343
2365,昆盈,90,77,13,華南永昌-頭份,2024-07-08,9343
1409,新纖,13,0,13,華南永昌-頭份,2024-07-08,9343
4526,東台,16,3,13,華南永昌-頭份,2024-07-08,9343
5236,凌陽創新,19,6,13,華南永昌-頭份,2024-07-08,9343
8906,花王,13,0,13,華南永昌-頭份,2024-07-08,9343
00940,元大台灣價值高息,52,39,13,華南永昌-頭份,2024-07-08,9343
2374,佳能,29,17,12,華南永昌-頭份,2024-07-08,9343
3663,鑫科,14,2,12,華南永昌-頭份,2024-07-08,9343
5202,力新,12,0,12,華南永昌-頭份,2024-07-08,9343
6197,佳必琪,12,1,11,華南永昌-頭份,2024-07-08,9343
8028,昇陽半導體,23,12,11,華南永昌-頭份,2024-07-08,9343
00936,台新永續高息中小,184,20,164,華南永昌-頭份,2024-07-09,9343
2495,普安,106,1,105,華南永昌-頭份,2024-07-09,9343
2353,宏��,78,1,77,華南永昌-頭份,2024-07-09,9343
3450,聯鈞,77,4,73,華南永昌-頭份,2024-07-09,9343
2867,三商壽,92,20,72,華南永昌-頭份,2024-07-09,9343
00929,復華台灣科技優息,77,5,72,華南永昌-頭份,2024-07-09,9343
2618,長榮航,68,0,68,華南永昌-頭份,2024-07-09,9343
2834,臺企銀,59,5,54,華南永昌-頭份,2024-07-09,9343
2349,錸德,62,9,53,華南永昌-頭份,2024-07-09,9343
5302,太欣,52,0,52,華南永昌-頭份,2024-07-09,9343
1449,佳和,50,0,50,華南永昌-頭份,2024-07-09,9343
00934,中信成長高股息,47,0,47,華南永昌-頭份,2024-07-09,9343
2023,燁輝,42,5,37,華南永昌-頭份,2024-07-09,9343
6217,中探針,37,1,36,華南永昌-頭份,2024-07-09,9343
6153,嘉聯益,38,3,35,華南永昌-頭份,2024-07-09,9343
00927,群益半導體收益,35,0,35,華南永昌-頭份,2024-07-09,9343
4906,正文,43,9,34,華南永昌-頭份,2024-07-09,9343
00638R,元大滬深300反1,30,0,30,華南永昌-頭份,2024-07-09,9343
1802,台玻,30,0,30,華南永昌-頭份,2024-07-09,9343
2374,佳能,32,4,28,華南永昌-頭份,2024-07-09,9343
911868,同方友友-DR,29,2,27,華南永昌-頭份,2024-07-09,9343
2634,漢翔,25,0,25,華南永昌-頭份,2024-07-09,9343
3047,訊舟,62,37,25,華南永昌-頭份,2024-07-09,9343
8105,凌巨,42,18,24,華南永昌-頭份,2024-07-09,9343
3308,聯德,24,1,23,華南永昌-頭份,2024-07-09,9343
8358,金居,30,7,23,華南永昌-頭份,2024-07-09,9343
2371,大同,27,6,21,華南永昌-頭份,2024-07-09,9343
3520,華盈,21,0,21,華南永昌-頭份,2024-07-09,9343
2014,中鴻,20,0,20,華南永昌-頭份,2024-07-09,9343
3548,兆利,20,0,20,華南永昌-頭份,2024-07-09,9343
2344,華邦電,22,4,18,華南永昌-頭份,2024-07-09,9343
2630,亞航,19,1,18,華南永昌-頭份,2024-07-09,9343
4128,中天,18,0,18,華南永昌-頭份,2024-07-09,9343
2406,國碩,18,1,17,華南永昌-頭份,2024-07-09,9343
2449,京元電子,54,37,17,華南永昌-頭份,2024-07-09,9343
3062,建漢,25,8,17,華南永昌-頭份,2024-07-09,9343
4306,炎洲,20,3,17,華南永昌-頭份,2024-07-09,9343
1718,中纖,16,0,16,華南永昌-頭份,2024-07-09,9343
1514,亞力,18,3,15,華南永昌-頭份,2024-07-09,9343
1528,恩德,15,0,15,華南永昌-頭份,2024-07-09,9343
1503,士電,16,1,15,華南永昌-頭份,2024-07-09,9343
6120,達運,15,0,15,華南永昌-頭份,2024-07-09,9343
2609,陽明,19,4,15,華南永昌-頭份,2024-07-09,9343
00679B,元大美債20年,20,6,14,華南永昌-頭份,2024-07-09,9343
1536,和大,24,10,14,華南永昌-頭份,2024-07-09,9343
2314,台揚,14,0,14,華南永昌-頭份,2024-07-09,9343
6782,視陽,14,0,14,華南永昌-頭份,2024-07-09,9343
6841,長佳智能,14,0,14,華南永昌-頭份,2024-07-09,9343
1611,中電,15,2,13,華南永昌-頭份,2024-07-09,9343
3712,永崴投控,18,6,12,華南永昌-頭份,2024-07-09,9343
3576,聯合再生,293,0,293,華南永昌-頭份,2024-07-10,9343
2489,瑞軒,246,23,223,華南永昌-頭份,2024-07-10,9343
2867,三商壽,153,28,125,華南永昌-頭份,2024-07-10,9343
3689,湧德,93,0,93,華南永昌-頭份,2024-07-10,9343
3481,群創,125,41,84,華南永昌-頭份,2024-07-10,9343
2353,宏��,92,21,71,華南永昌-頭份,2024-07-10,9343
00939,統一台灣高息動能,80,12,68,華南永昌-頭份,2024-07-10,9343
3272,東碩,60,0,60,華南永昌-頭份,2024-07-10,9343
2543,皇昌,44,1,43,華南永昌-頭份,2024-07-10,9343
1536,和大,41,6,35,華南永昌-頭份,2024-07-10,9343
9105,泰金寶-DR,44,9,35,華南永昌-頭份,2024-07-10,9343
2317,鴻海,58,28,30,華南永昌-頭份,2024-07-10,9343
00934,中信成長高股息,29,0,29,華南永昌-頭份,2024-07-10,9343
2630,亞航,26,0,26,華南永昌-頭份,2024-07-10,9343
6180,橘子,26,0,26,華南永昌-頭份,2024-07-10,9343
00919,群益台灣精選高息,25,0,25,華南永昌-頭份,2024-07-10,9343
2374,佳能,28,4,24,華南永昌-頭份,2024-07-10,9343
3712,永崴投控,69,47,22,華南永昌-頭份,2024-07-10,9343
00950B,凱基A級公司債,25,4,21,華南永昌-頭份,2024-07-10,9343
2405,輔信,26,5,21,華南永昌-頭份,2024-07-10,9343
9958,世紀鋼,22,1,21,華南永昌-頭份,2024-07-10,9343
00656R,國泰中國A50反1,20,0,20,華南永昌-頭份,2024-07-10,9343
00680L,元大美債20正2,20,0,20,華南永昌-頭份,2024-07-10,9343
3050,鈺德,21,1,20,華南永昌-頭份,2024-07-10,9343
3673,TPK-KY,25,5,20,華南永昌-頭份,2024-07-10,9343
00929,復華台灣科技優息,27,8,19,華南永昌-頭份,2024-07-10,9343
2406,國碩,21,2,19,華南永昌-頭份,2024-07-10,9343
2367,燿華,32,16,16,華南永昌-頭份,2024-07-10,9343
3037,欣興,18,2,16,華南永昌-頭份,2024-07-10,9343
6152,百一,16,0,16,華南永昌-頭份,2024-07-10,9343
6197,佳必琪,15,0,15,華南永昌-頭份,2024-07-10,9343
2301,光寶科,18,4,14,華南永昌-頭份,2024-07-10,9343
2605,新興,14,0,14,華南永昌-頭份,2024-07-10,9343
2359,所羅門,17,4,13,華南永昌-頭份,2024-07-10,9343
3162,精確,13,0,13,華南永昌-頭份,2024-07-10,9343
5347,世界,14,1,13,華南永昌-頭份,2024-07-10,9343
5512,力麒,18,5,13,華南永昌-頭份,2024-07-10,9343
6139,亞翔,13,1,12,華南永昌-頭份,2024-07-10,9343
3312,弘憶股,41,29,12,華南永昌-頭份,2024-07-10,9343
2382,廣達,27,16,11,華南永昌-頭份,2024-07-10,9343
1326,台化,11,0,11,華南永昌-頭份,2024-07-10,9343
00720B,元大投資級公司債,11,0,11,華南永昌-頭份,2024-07-10,9343
2392,正崴,35,25,10,華南永昌-頭份,2024-07-10,9343
0056,元大高股息,13,3,10,華南永昌-頭份,2024-07-10,9343
1301,台塑,10,0,10,華南永昌-頭份,2024-07-10,9343
2441,超豐,10,0,10,華南永昌-頭份,2024-07-10,9343
3520,華盈,10,0,10,華南永昌-頭份,2024-07-10,9343
6578,達邦蛋白,10,0,10,華南永昌-頭份,2024-07-10,9343
6903,巨漢,10,0,10,華南永昌-頭份,2024-07-10,9343
9136,巨騰-DR,10,0,10,華南永昌-頭份,2024-07-10,9343
00632R,元大台灣50反1,684,0,684,華南永昌-頭份,2024-07-11,9343
2845,遠東銀,200,0,200,華南永昌-頭份,2024-07-11,9343
00934,中信成長高股息,135,0,135,華南永昌-頭份,2024-07-11,9343
3706,神達,80,6,74,華南永昌-頭份,2024-07-11,9343
1101,台泥,64,1,63,華南永昌-頭份,2024-07-11,9343
2886,兆豐金,61,0,61,華南永昌-頭份,2024-07-11,9343
6570,維田,45,0,45,華南永昌-頭份,2024-07-11,9343
00919,群益台灣精選高息,47,3,44,華南永昌-頭份,2024-07-11,9343
2888,新光金,68,25,43,華南永昌-頭份,2024-07-11,9343
00927,群益半導體收益,40,0,40,華南永昌-頭份,2024-07-11,9343
8011,台通,40,0,40,華南永昌-頭份,2024-07-11,9343
3711,日月光投控,45,6,39,華南永昌-頭份,2024-07-11,9343
2406,國碩,44,8,36,華南永昌-頭份,2024-07-11,9343
00950B,凱基A級公司債,35,0,35,華南永昌-頭份,2024-07-11,9343
1514,亞力,75,42,33,華南永昌-頭份,2024-07-11,9343
9105,泰金寶-DR,53,20,33,華南永昌-頭份,2024-07-11,9343
2331,精英,30,0,30,華南永昌-頭份,2024-07-11,9343
2362,藍天,60,31,29,華南永昌-頭份,2024-07-11,9343
2405,輔信,51,25,26,華南永昌-頭份,2024-07-11,9343
3308,聯德,28,4,24,華南永昌-頭份,2024-07-11,9343
5530,龍巖,24,0,24,華南永昌-頭份,2024-07-11,9343
6163,華電網,32,8,24,華南永昌-頭份,2024-07-11,9343
2801,彰銀,27,5,22,華南永昌-頭份,2024-07-11,9343
3272,東碩,20,0,20,華南永昌-頭份,2024-07-11,9343
3062,建漢,27,8,19,華南永昌-頭份,2024-07-11,9343
3380,明泰,19,0,19,華南永昌-頭份,2024-07-11,9343
0056,元大高股息,18,0,18,華南永昌-頭份,2024-07-11,9343
2312,金寶,40,22,18,華南永昌-頭份,2024-07-11,9343
2610,華航,18,0,18,華南永昌-頭份,2024-07-11,9343
1795,美時,18,1,17,華南永昌-頭份,2024-07-11,9343
1710,東聯,16,0,16,華南永昌-頭份,2024-07-11,9343
00687B,國泰20年美債,15,0,15,華南永昌-頭份,2024-07-11,9343
2328,廣宇,15,0,15,華南永昌-頭份,2024-07-11,9343
2630,亞航,15,0,15,華南永昌-頭份,2024-07-11,9343
2882,國泰金,26,11,15,華南永昌-頭份,2024-07-11,9343
2891,中信金,17,2,15,華南永昌-頭份,2024-07-11,9343
5512,力麒,15,0,15,華南永昌-頭份,2024-07-11,9343
6182,合晶,16,2,14,華南永昌-頭份,2024-07-11,9343
8096,擎亞,14,0,14,華南永昌-頭份,2024-07-11,9343
3564,其陽,13,0,13,華南永昌-頭份,2024-07-11,9343
6147,頎邦,13,0,13,華南永昌-頭份,2024-07-11,9343
6578,達邦蛋白,13,0,13,華南永昌-頭份,2024-07-11,9343
2301,光寶科,24,13,11,華南永昌-頭份,2024-07-11,9343
2382,廣達,13,2,11,華南永昌-頭份,2024-07-11,9343
6438,迅得,12,1,11,華南永昌-頭份,2024-07-11,9343
1569,濱川,20,10,10,華南永昌-頭份,2024-07-11,9343
00706L,期元大S＆P日圓正2,10,0,10,華南永昌-頭份,2024-07-11,9343
3071,協禧,10,0,10,華南永昌-頭份,2024-07-11,9343
5452,佶優,36,26,10,華南永昌-頭份,2024-07-11,9343
5328,華容,23,13,10,華南永昌-頭份,2024-07-11,9343
2356,英業達,232,49,183,華南永昌-頭份,2024-07-12,9343
9105,泰金寶-DR,221,55,166,華南永昌-頭份,2024-07-12,9343
00927,群益半導體收益,140,0,140,華南永昌-頭份,2024-07-12,9343
00934,中信成長高股息,138,0,138,華南永昌-頭份,2024-07-12,9343
00919,群益台灣精選高息,169,62,107,華南永昌-頭份,2024-07-12,9343
1617,榮星,100,0,100,華南永昌-頭份,2024-07-12,9343
00929,復華台灣科技優息,248,152,96,華南永昌-頭份,2024-07-12,9343
2543,皇昌,56,1,55,華南永昌-頭份,2024-07-12,9343
4760,勤凱,55,0,55,華南永昌-頭份,2024-07-12,9343
2888,新光金,88,36,52,華南永昌-頭份,2024-07-12,9343
2317,鴻海,77,31,46,華南永昌-頭份,2024-07-12,9343
4934,太極,35,0,35,華南永昌-頭份,2024-07-12,9343
6170,統振,33,0,33,華南永昌-頭份,2024-07-12,9343
9958,世紀鋼,36,3,33,華南永昌-頭份,2024-07-12,9343
2883,凱基金,50,17,33,華南永昌-頭份,2024-07-12,9343
00939,統一台灣高息動能,30,0,30,華南永昌-頭份,2024-07-12,9343
3706,神達,30,1,29,華南永昌-頭份,2024-07-12,9343
2002,中鋼,28,0,28,華南永昌-頭份,2024-07-12,9343
2303,聯電,29,1,28,華南永昌-頭份,2024-07-12,9343
3013,晟銘電,34,8,26,華南永昌-頭份,2024-07-12,9343
6244,茂迪,26,0,26,華南永昌-頭份,2024-07-12,9343
2330,台積電,27,3,24,華南永昌-頭份,2024-07-12,9343
3312,弘憶股,26,3,23,華南永昌-頭份,2024-07-12,9343
2867,三商壽,26,4,22,華南永昌-頭份,2024-07-12,9343
4958,臻鼎-KY,24,4,20,華南永昌-頭份,2024-07-12,9343
00706L,期元大S＆P日圓正2,20,0,20,華南永昌-頭份,2024-07-12,9343
2609,陽明,21,2,19,華南永昌-頭份,2024-07-12,9343
2323,中環,20,1,19,華南永昌-頭份,2024-07-12,9343
5236,凌陽創新,19,1,18,華南永昌-頭份,2024-07-12,9343
3535,晶彩科,28,11,17,華南永昌-頭份,2024-07-12,9343
00878,國泰永續高股息,16,0,16,華南永昌-頭份,2024-07-12,9343
2353,宏��,16,0,16,華南永昌-頭份,2024-07-12,9343
3712,永崴投控,22,6,16,華南永昌-頭份,2024-07-12,9343
1795,美時,15,0,15,華南永昌-頭份,2024-07-12,9343
2630,亞航,15,0,15,華南永昌-頭份,2024-07-12,9343
3016,嘉晶,15,0,15,華南永昌-頭份,2024-07-12,9343
4534,慶騰,15,0,15,華南永昌-頭份,2024-07-12,9343
2610,華航,14,0,14,華南永昌-頭份,2024-07-12,9343
00881,國泰台灣5G+,13,0,13,華南永昌-頭份,2024-07-12,9343
00679B,元大美債20年,21,9,12,華南永昌-頭份,2024-07-12,9343
5309,系統電,22,10,12,華南永昌-頭份,2024-07-12,9343
2382,廣達,12,1,11,華南永昌-頭份,2024-07-12,9343
2618,長榮航,17,6,11,華南永昌-頭份,2024-07-12,9343
00688L,國泰20年美債正2,11,0,11,華南永昌-頭份,2024-07-12,9343
00665L,富邦�琤肭磪囓�2,15,4,11,華南永昌-頭份,2024-07-12,9343
00673R,期元大S＆P原油反1,11,0,11,華南永昌-頭份,2024-07-12,9343
1609,大亞,19,8,11,華南永昌-頭份,2024-07-12,9343
4128,中天,11,0,11,華南永昌-頭份,2024-07-12,9343
5202,力新,16,5,11,華南永昌-頭份,2024-07-12,9343
5452,佶優,11,0,11,華南永昌-頭份,2024-07-12,9343
912000,晨訊科-DR,200,0,200,華南永昌-頭份,2024-07-15,9343
2867,三商壽,156,4,152,華南永昌-頭份,2024-07-15,9343
00725B,國泰投資級公司債,144,0,144,華南永昌-頭份,2024-07-15,9343
00946,群益科技高息成長,122,1,121,華南永昌-頭份,2024-07-15,9343
00937B,群益ESG投等債20,228,126,102,華南永昌-頭份,2024-07-15,9343
2889,國票金,102,1,101,華南永昌-頭份,2024-07-15,9343
1727,中華化,109,9,100,華南永昌-頭份,2024-07-15,9343
2884,玉山金,81,0,81,華南永昌-頭份,2024-07-15,9343
2393,億光,71,1,70,華南永昌-頭份,2024-07-15,9343
00706L,期元大S＆P日圓正2,52,1,51,華南永昌-頭份,2024-07-15,9343
2891,中信金,41,2,39,華南永昌-頭份,2024-07-15,9343
2489,瑞軒,107,71,36,華南永昌-頭份,2024-07-15,9343
00929,復華台灣科技優息,45,10,35,華南永昌-頭份,2024-07-15,9343
3712,永崴投控,36,1,35,華南永昌-頭份,2024-07-15,9343
1802,台玻,35,0,35,華南永昌-頭份,2024-07-15,9343
6546,正基,39,4,35,華南永昌-頭份,2024-07-15,9343
0056,元大高股息,34,1,33,華南永昌-頭份,2024-07-15,9343
1608,華榮,59,26,33,華南永昌-頭份,2024-07-15,9343
2888,新光金,33,0,33,華南永昌-頭份,2024-07-15,9343
1612,宏泰,29,0,29,華南永昌-頭份,2024-07-15,9343
00927,群益半導體收益,28,0,28,華南永昌-頭份,2024-07-15,9343
00919,群益台灣精選高息,30,2,28,華南永昌-頭份,2024-07-15,9343
3260,威剛,27,1,26,華南永昌-頭份,2024-07-15,9343
3545,敦泰,26,0,26,華南永昌-頭份,2024-07-15,9343
4157,太景*-KY,24,0,24,華南永昌-頭份,2024-07-15,9343
2834,臺企銀,22,1,21,華南永昌-頭份,2024-07-15,9343
9940,信義,20,0,20,華南永昌-頭份,2024-07-15,9343
2618,長榮航,26,6,20,華南永昌-頭份,2024-07-15,9343
1721,三晃,35,16,19,華南永昌-頭份,2024-07-15,9343
6153,嘉聯益,20,2,18,華南永昌-頭份,2024-07-15,9343
2449,京元電子,21,4,17,華南永昌-頭份,2024-07-15,9343
2501,國建,16,0,16,華南永昌-頭份,2024-07-15,9343
3481,群創,24,8,16,華南永昌-頭份,2024-07-15,9343
4927,泰鼎-KY,26,10,16,華南永昌-頭份,2024-07-15,9343
2883,凱基金,18,2,16,華南永昌-頭份,2024-07-15,9343
00936,台新永續高息中小,60,45,15,華南永昌-頭份,2024-07-15,9343
6742,澤米,15,0,15,華南永昌-頭份,2024-07-15,9343
6530,創威,16,2,14,華南永昌-頭份,2024-07-15,9343
00680L,元大美債20正2,13,0,13,華南永昌-頭份,2024-07-15,9343
2388,威盛,14,1,13,華南永昌-頭份,2024-07-15,9343
3338,泰碩,15,2,13,華南永昌-頭份,2024-07-15,9343
2406,國碩,15,3,12,華南永昌-頭份,2024-07-15,9343
1305,華夏,12,0,12,華南永昌-頭份,2024-07-15,9343
8105,凌巨,35,23,12,華南永昌-頭份,2024-07-15,9343
6026,福邦證,12,0,12,華南永昌-頭份,2024-07-15,9343
3189,景碩,14,3,11,華南永昌-頭份,2024-07-15,9343
2344,華邦電,12,1,11,華南永昌-頭份,2024-07-15,9343
3037,欣興,20,9,11,華南永昌-頭份,2024-07-15,9343
6116,彩晶,11,0,11,華南永昌-頭份,2024-07-15,9343
3706,神達,11,1,10,華南永昌-頭份,2024-07-15,9343
00929,復華台灣科技優息,116,0,116,華南永昌-頭份,2024-07-16,9343
9105,泰金寶-DR,106,3,103,華南永昌-頭份,2024-07-16,9343
2867,三商壽,143,81,62,華南永昌-頭份,2024-07-16,9343
00937B,群益ESG投等債20,63,10,53,華南永昌-頭份,2024-07-16,9343
2312,金寶,58,7,51,華南永昌-頭份,2024-07-16,9343
00934,中信成長高股息,70,20,50,華南永昌-頭份,2024-07-16,9343
00919,群益台灣精選高息,50,0,50,華南永昌-頭份,2024-07-16,9343
3706,神達,53,11,42,華南永昌-頭份,2024-07-16,9343
2888,新光金,49,8,41,華南永昌-頭份,2024-07-16,9343
2375,凱美,41,0,41,華南永昌-頭份,2024-07-16,9343
2465,麗臺,35,0,35,華南永昌-頭份,2024-07-16,9343
3481,群創,37,2,35,華南永昌-頭份,2024-07-16,9343
6180,橘子,35,0,35,華南永昌-頭份,2024-07-16,9343
1569,濱川,32,1,31,華南永昌-頭份,2024-07-16,9343
2520,冠德,34,3,31,華南永昌-頭份,2024-07-16,9343
00927,群益半導體收益,29,0,29,華南永昌-頭份,2024-07-16,9343
00918,大華優利高填息30,28,0,28,華南永昌-頭份,2024-07-16,9343
00905,FT臺灣Smart,28,0,28,華南永昌-頭份,2024-07-16,9343
00706L,期元大S＆P日圓正2,28,0,28,華南永昌-頭份,2024-07-16,9343
3037,欣興,32,8,24,華南永昌-頭份,2024-07-16,9343
2444,兆勁,21,0,21,華南永昌-頭份,2024-07-16,9343
6841,長佳智能,21,0,21,華南永昌-頭份,2024-07-16,9343
2405,輔信,21,1,20,華南永昌-頭份,2024-07-16,9343
4927,泰鼎-KY,20,0,20,華南永昌-頭份,2024-07-16,9343
8477,創業家,20,0,20,華南永昌-頭份,2024-07-16,9343
4109,加捷生醫,21,1,20,華南永昌-頭份,2024-07-16,9343
5452,佶優,20,1,19,華南永昌-頭份,2024-07-16,9343
2630,亞航,17,0,17,華南永昌-頭份,2024-07-16,9343
00720B,元大投資級公司債,17,0,17,華南永昌-頭份,2024-07-16,9343
2353,宏��,17,0,17,華南永昌-頭份,2024-07-16,9343
4128,中天,25,8,17,華南永昌-頭份,2024-07-16,9343
5876,上海商銀,17,0,17,華南永昌-頭份,2024-07-16,9343
6257,矽格,18,1,17,華南永昌-頭份,2024-07-16,9343
2317,鴻海,50,35,15,華南永昌-頭份,2024-07-16,9343
3189,景碩,15,0,15,華南永昌-頭份,2024-07-16,9343
1513,中興電,24,9,15,華南永昌-頭份,2024-07-16,9343
3645,達邁,15,0,15,華南永昌-頭份,2024-07-16,9343
2889,國票金,14,0,14,華南永昌-頭份,2024-07-16,9343
6274,台燿,16,2,14,華南永昌-頭份,2024-07-16,9343
1727,中華化,15,2,13,華南永昌-頭份,2024-07-16,9343
1905,華紙,13,0,13,華南永昌-頭份,2024-07-16,9343
1313,聯成,12,0,12,華南永昌-頭份,2024-07-16,9343
6173,信昌電,16,4,12,華南永昌-頭份,2024-07-16,9343
00933B,國泰10Y+金融債,14,2,12,華南永昌-頭份,2024-07-16,9343
3163,波若威,38,27,11,華南永昌-頭份,2024-07-16,9343
1536,和大,13,2,11,華南永昌-頭份,2024-07-16,9343
2337,旺宏,11,0,11,華南永昌-頭份,2024-07-16,9343
4526,東台,11,0,11,華南永昌-頭份,2024-07-16,9343
8358,金居,14,3,11,華南永昌-頭份,2024-07-16,9343
6117,迎廣,15,4,11,華南永昌-頭份,2024-07-16,9343
00882,中信中國高股息,200,0,200,華南永昌-頭份,2024-07-17,9343
2867,三商壽,210,32,178,華南永昌-頭份,2024-07-17,9343
2610,華航,138,2,136,華南永昌-頭份,2024-07-17,9343
2371,大同,112,0,112,華南永昌-頭份,2024-07-17,9343
00929,復華台灣科技優息,85,10,75,華南永昌-頭份,2024-07-17,9343
2367,燿華,71,1,70,華南永昌-頭份,2024-07-17,9343
1727,中華化,54,0,54,華南永昌-頭份,2024-07-17,9343
3037,欣興,67,21,46,華南永昌-頭份,2024-07-17,9343
0056,元大高股息,36,0,36,華南永昌-頭份,2024-07-17,9343
1314,中石化,41,6,35,華南永昌-頭份,2024-07-17,9343
1522,堤維西,45,10,35,華南永昌-頭份,2024-07-17,9343
00927,群益半導體收益,34,0,34,華南永昌-頭份,2024-07-17,9343
1409,新纖,36,2,34,華南永昌-頭份,2024-07-17,9343
00878,國泰永續高股息,32,1,31,華南永昌-頭份,2024-07-17,9343
6770,力積電,51,21,30,華南永昌-頭份,2024-07-17,9343
2882,國泰金,30,2,28,華南永昌-頭份,2024-07-17,9343
1440,南紡,29,2,27,華南永昌-頭份,2024-07-17,9343
00918,大華優利高填息30,25,0,25,華南永昌-頭份,2024-07-17,9343
00935,野村臺灣新科技50,25,0,25,華南永昌-頭份,2024-07-17,9343
00936,台新永續高息中小,24,0,24,華南永昌-頭份,2024-07-17,9343
2312,金寶,69,45,24,華南永昌-頭份,2024-07-17,9343
2888,新光金,22,0,22,華南永昌-頭份,2024-07-17,9343
2489,瑞軒,39,19,20,華南永昌-頭份,2024-07-17,9343
2002,中鋼,29,10,19,華南永昌-頭份,2024-07-17,9343
2606,裕民,20,1,19,華南永昌-頭份,2024-07-17,9343
9958,世紀鋼,18,0,18,華南永昌-頭份,2024-07-17,9343
1618,合機,16,0,16,華南永昌-頭份,2024-07-17,9343
2409,友達,16,3,13,華南永昌-頭份,2024-07-17,9343
2356,英業達,17,5,12,華南永昌-頭份,2024-07-17,9343
00881,國泰台灣5G+,12,0,12,華南永昌-頭份,2024-07-17,9343
8358,金居,12,0,12,華南永昌-頭份,2024-07-17,9343
2458,義隆,11,0,11,華南永昌-頭份,2024-07-17,9343
3050,鈺德,13,2,11,華南永昌-頭份,2024-07-17,9343
00858,永豐美國500大,10,0,10,華南永昌-頭份,2024-07-17,9343
1304,台聚,12,2,10,華南永昌-頭份,2024-07-17,9343
1305,華夏,16,6,10,華南永昌-頭份,2024-07-17,9343
1529,樂事綠能,10,0,10,華南永昌-頭份,2024-07-17,9343
2387,精元,10,0,10,華南永昌-頭份,2024-07-17,9343
2442,新美齊,10,0,10,華南永昌-頭份,2024-07-17,9343
2812,台中銀,10,0,10,華南永昌-頭份,2024-07-17,9343
6151,晉倫,10,0,10,華南永昌-頭份,2024-07-17,9343
6155,鈞寶,20,10,10,華南永昌-頭份,2024-07-17,9343
6257,矽格,10,0,10,華南永昌-頭份,2024-07-17,9343
6282,康舒,10,0,10,華南永昌-頭份,2024-07-17,9343
2891,中信金,12,2,10,華南永昌-頭份,2024-07-17,9343
2330,台積電,14,4,10,華南永昌-頭份,2024-07-17,9343
4903,聯光通,10,1,9,華南永昌-頭份,2024-07-17,9343
00934,中信成長高股息,9,0,9,華南永昌-頭份,2024-07-17,9343
6219,富旺,10,1,9,華南永昌-頭份,2024-07-17,9343
2402,毅嘉,17,9,8,華南永昌-頭份,2024-07-17,9343
00937B,群益ESG投等債20,473,20,453,華南永昌-頭份,2024-07-18,9343
2887,台新金,400,0,400,華南永昌-頭份,2024-07-18,9343
2867,三商壽,286,11,275,華南永昌-頭份,2024-07-18,9343
2610,華航,216,4,212,華南永昌-頭份,2024-07-18,9343
00927,群益半導體收益,185,0,185,華南永昌-頭份,2024-07-18,9343
2362,藍天,138,35,103,華南永昌-頭份,2024-07-18,9343
2365,昆盈,175,91,84,華南永昌-頭份,2024-07-18,9343
4726,永昕,93,21,72,華南永昌-頭份,2024-07-18,9343
2303,聯電,66,1,65,華南永昌-頭份,2024-07-18,9343
00919,群益台灣精選高息,69,14,55,華南永昌-頭份,2024-07-18,9343
3481,群創,136,86,50,華南永昌-頭份,2024-07-18,9343
2427,三商電,52,3,49,華南永昌-頭份,2024-07-18,9343
3450,聯鈞,57,8,49,華南永昌-頭份,2024-07-18,9343
00936,台新永續高息中小,47,1,46,華南永昌-頭份,2024-07-18,9343
4157,太景*-KY,41,0,41,華南永昌-頭份,2024-07-18,9343
2367,燿華,41,1,40,華南永昌-頭份,2024-07-18,9343
00881,國泰台灣5G+,43,3,40,華南永昌-頭份,2024-07-18,9343
2066,世德,40,0,40,華南永昌-頭份,2024-07-18,9343
2405,輔信,36,0,36,華南永昌-頭份,2024-07-18,9343
2834,臺企銀,35,0,35,華南永昌-頭份,2024-07-18,9343
00680L,元大美債20正2,30,0,30,華南永昌-頭份,2024-07-18,9343
5009,榮剛,40,10,30,華南永昌-頭份,2024-07-18,9343
00934,中信成長高股息,29,0,29,華南永昌-頭份,2024-07-18,9343
00878,國泰永續高股息,33,4,29,華南永昌-頭份,2024-07-18,9343
9105,泰金寶-DR,38,10,28,華南永昌-頭份,2024-07-18,9343
00946,群益科技高息成長,27,0,27,華南永昌-頭份,2024-07-18,9343
8105,凌巨,42,16,26,華南永昌-頭份,2024-07-18,9343
1314,中石化,21,1,20,華南永昌-頭份,2024-07-18,9343
4960,誠美材,50,30,20,華南永昌-頭份,2024-07-18,9343
2317,鴻海,36,16,20,華南永昌-頭份,2024-07-18,9343
8358,金居,17,0,17,華南永昌-頭份,2024-07-18,9343
1711,永光,17,1,16,華南永昌-頭份,2024-07-18,9343
9955,佳龍,21,5,16,華南永昌-頭份,2024-07-18,9343
8473,山林水,22,6,16,華南永昌-頭份,2024-07-18,9343
1727,中華化,17,2,15,華南永昌-頭份,2024-07-18,9343
9902,台火,15,0,15,華南永昌-頭份,2024-07-18,9343
2449,京元電子,20,5,15,華南永昌-頭份,2024-07-18,9343
00935,野村臺灣新科技50,15,0,15,華南永昌-頭份,2024-07-18,9343
3703,欣陸,19,6,13,華南永昌-頭份,2024-07-18,9343
3712,永崴投控,17,4,13,華南永昌-頭份,2024-07-18,9343
0056,元大高股息,16,3,13,華南永昌-頭份,2024-07-18,9343
2442,新美齊,12,0,12,華南永昌-頭份,2024-07-18,9343
3163,波若威,38,26,12,華南永昌-頭份,2024-07-18,9343
2527,宏璟,111,100,11,華南永昌-頭份,2024-07-18,9343
6570,維田,15,4,11,華南永昌-頭份,2024-07-18,9343
2489,瑞軒,19,8,11,華南永昌-頭份,2024-07-18,9343
2881,富邦金,11,0,11,華南永昌-頭份,2024-07-18,9343
1609,大亞,15,5,10,華南永昌-頭份,2024-07-18,9343
2330,台積電,26,15,11,華南永昌-頭份,2024-07-18,9343
00930,永豐ESG低碳高息,10,0,10,華南永昌-頭份,2024-07-18,9343
2867,三商壽,772,121,651,華南永昌-頭份,2024-07-19,9343
3576,聯合再生,186,1,185,華南永昌-頭份,2024-07-19,9343
00929,復華台灣科技優息,160,1,159,華南永昌-頭份,2024-07-19,9343
00882,中信中國高股息,148,0,148,華南永昌-頭份,2024-07-19,9343
912000,晨訊科-DR,100,0,100,華南永昌-頭份,2024-07-19,9343
2527,宏璟,120,20,100,華南永昌-頭份,2024-07-19,9343
4726,永昕,105,6,99,華南永昌-頭份,2024-07-19,9343
00919,群益台灣精選高息,104,11,93,華南永昌-頭份,2024-07-19,9343
00934,中信成長高股息,75,0,75,華南永昌-頭份,2024-07-19,9343
2891,中信金,73,3,70,華南永昌-頭份,2024-07-19,9343
1802,台玻,84,21,63,華南永昌-頭份,2024-07-19,9343
2444,兆勁,61,0,61,華南永昌-頭份,2024-07-19,9343
2929,淘帝-KY,60,0,60,華南永昌-頭份,2024-07-19,9343
00936,台新永續高息中小,59,0,59,華南永昌-頭份,2024-07-19,9343
00881,國泰台灣5G+,58,0,58,華南永昌-頭份,2024-07-19,9343
00664R,國泰臺灣加權反1,50,0,50,華南永昌-頭份,2024-07-19,9343
2888,新光金,65,16,49,華南永昌-頭份,2024-07-19,9343
1609,大亞,58,20,38,華南永昌-頭份,2024-07-19,9343
00878,國泰永續高股息,38,1,37,華南永昌-頭份,2024-07-19,9343
00946,群益科技高息成長,34,0,34,華南永昌-頭份,2024-07-19,9343
1709,和益,51,19,32,華南永昌-頭份,2024-07-19,9343
3481,群創,53,22,31,華南永昌-頭份,2024-07-19,9343
00656R,國泰中國A50反1,30,0,30,華南永昌-頭份,2024-07-19,9343
2903,遠百,30,0,30,華南永昌-頭份,2024-07-19,9343
6770,力積電,27,0,27,華南永昌-頭份,2024-07-19,9343
2615,萬海,34,8,26,華南永昌-頭份,2024-07-19,9343
2330,台積電,32,7,25,華南永昌-頭份,2024-07-19,9343
3049,精金,24,0,24,華南永昌-頭份,2024-07-19,9343
2356,英業達,50,26,24,華南永昌-頭份,2024-07-19,9343
1513,中興電,22,2,20,華南永昌-頭份,2024-07-19,9343
2405,輔信,20,0,20,華南永昌-頭份,2024-07-19,9343
6142,友勁,20,0,20,華南永昌-頭份,2024-07-19,9343
6168,宏齊,20,0,20,華南永昌-頭份,2024-07-19,9343
9945,潤泰新,20,0,20,華南永昌-頭份,2024-07-19,9343
00939,統一台灣高息動能,20,0,20,華南永昌-頭份,2024-07-19,9343
6153,嘉聯益,20,1,19,華南永昌-頭份,2024-07-19,9343
3272,東碩,19,0,19,華南永昌-頭份,2024-07-19,9343
8105,凌巨,21,3,18,華南永昌-頭份,2024-07-19,9343
0056,元大高股息,21,3,18,華南永昌-頭份,2024-07-19,9343
4157,太景*-KY,21,4,17,華南永昌-頭份,2024-07-19,9343
2352,佳世達,22,7,15,華南永昌-頭份,2024-07-19,9343
3703,欣陸,15,0,15,華南永昌-頭份,2024-07-19,9343
6901,鑽石投資,18,3,15,華南永昌-頭份,2024-07-19,9343
2618,長榮航,15,1,14,華南永昌-頭份,2024-07-19,9343
4128,中天,14,0,14,華南永昌-頭份,2024-07-19,9343
2324,仁寶,14,0,14,華南永昌-頭份,2024-07-19,9343
9105,泰金寶-DR,16,3,13,華南永昌-頭份,2024-07-19,9343
3535,晶彩科,13,0,13,華南永昌-頭份,2024-07-19,9343
2889,國票金,12,0,12,華南永昌-頭份,2024-07-19,9343
00665L,富邦�琤肭磪囓�2,27,15,12,華南永昌-頭份,2024-07-19,9343
00929,復華台灣科技優息,227,13,214,華南永昌-頭份,2024-07-22,9343
00934,中信成長高股息,109,0,109,華南永昌-頭份,2024-07-22,9343
2303,聯電,107,0,107,華南永昌-頭份,2024-07-22,9343
912000,晨訊科-DR,100,0,100,華南永昌-頭份,2024-07-22,9343
00919,群益台灣精選高息,116,18,98,華南永昌-頭份,2024-07-22,9343
1101,台泥,100,12,88,華南永昌-頭份,2024-07-22,9343
00878,國泰永續高股息,67,14,53,華南永昌-頭份,2024-07-22,9343
4743,合一,55,12,43,華南永昌-頭份,2024-07-22,9343
6168,宏齊,40,0,40,華南永昌-頭份,2024-07-22,9343
2618,長榮航,51,14,37,華南永昌-頭份,2024-07-22,9343
1609,大亞,36,2,34,華南永昌-頭份,2024-07-22,9343
00671R,富邦NASDAQ反1,32,0,32,華南永昌-頭份,2024-07-22,9343
00687B,國泰20年美債,31,0,31,華南永昌-頭份,2024-07-22,9343
5880,合庫金,31,0,31,華南永昌-頭份,2024-07-22,9343
00656R,國泰中國A50反1,30,0,30,華南永昌-頭份,2024-07-22,9343
6275,元山,30,0,30,華南永昌-頭份,2024-07-22,9343
6806,森崴能源,39,10,29,華南永昌-頭份,2024-07-22,9343
3481,群創,50,23,27,華南永昌-頭份,2024-07-22,9343
00918,大華優利高填息30,26,0,26,華南永昌-頭份,2024-07-22,9343
1444,力麗,28,3,25,華南永昌-頭份,2024-07-22,9343
00881,國泰台灣5G+,33,10,23,華南永昌-頭份,2024-07-22,9343
2801,彰銀,23,0,23,華南永昌-頭份,2024-07-22,9343
8021,尖點,23,0,23,華南永昌-頭份,2024-07-22,9343
2317,鴻海,63,41,22,華南永昌-頭份,2024-07-22,9343
00946,群益科技高息成長,27,5,22,華南永昌-頭份,2024-07-22,9343
2356,英業達,36,15,21,華南永昌-頭份,2024-07-22,9343
00654R,富邦印度反1,20,0,20,華南永昌-頭份,2024-07-22,9343
2884,玉山金,20,0,20,華南永昌-頭份,2024-07-22,9343
6153,嘉聯益,20,1,19,華南永昌-頭份,2024-07-22,9343
9105,泰金寶-DR,26,8,18,華南永昌-頭份,2024-07-22,9343
2489,瑞軒,25,8,17,華南永昌-頭份,2024-07-22,9343
2031,新光鋼,17,1,16,華南永昌-頭份,2024-07-22,9343
6901,鑽石投資,35,19,16,華南永昌-頭份,2024-07-22,9343
3013,晟銘電,17,2,15,華南永昌-頭份,2024-07-22,9343
2834,臺企銀,16,1,15,華南永昌-頭份,2024-07-22,9343
9902,台火,16,1,15,華南永昌-頭份,2024-07-22,9343
3483,力致,15,1,14,華南永昌-頭份,2024-07-22,9343
2374,佳能,16,2,14,華南永昌-頭份,2024-07-22,9343
3264,欣銓,14,0,14,華南永昌-頭份,2024-07-22,9343
6188,廣明,14,0,14,華南永昌-頭份,2024-07-22,9343
00933B,國泰10Y+金融債,13,0,13,華南永昌-頭份,2024-07-22,9343
3576,聯合再生,27,14,13,華南永昌-頭份,2024-07-22,9343
8383,千附,13,0,13,華南永昌-頭份,2024-07-22,9343
1795,美時,12,0,12,華南永昌-頭份,2024-07-22,9343
2367,燿華,12,0,12,華南永昌-頭份,2024-07-22,9343
2630,亞航,12,0,12,華南永昌-頭份,2024-07-22,9343
4174,浩鼎,12,0,12,華南永昌-頭份,2024-07-22,9343
6477,安集,13,1,12,華南永昌-頭份,2024-07-22,9343
00949,復華日本龍頭,14,3,11,華南永昌-頭份,2024-07-22,9343
1720,生達,20,9,11,華南永昌-頭份,2024-07-22,9343
2323,中環,300,0,300,華南永昌-頭份,2024-07-23,9343
2867,三商壽,300,0,300,華南永昌-頭份,2024-07-23,9343
00929,復華台灣科技優息,164,1,163,華南永昌-頭份,2024-07-23,9343
4128,中天,148,6,142,華南永昌-頭份,2024-07-23,9343
00934,中信成長高股息,74,5,69,華南永昌-頭份,2024-07-23,9343
3481,群創,63,2,61,華南永昌-頭份,2024-07-23,9343
1303,南亞,55,0,55,華南永昌-頭份,2024-07-23,9343
1326,台化,50,0,50,華南永昌-頭份,2024-07-23,9343
2312,金寶,41,4,37,華南永昌-頭份,2024-07-23,9343
00937B,群益ESG投等債20,91,57,34,華南永昌-頭份,2024-07-23,9343
00733,富邦臺灣中小,30,0,30,華南永昌-頭份,2024-07-23,9343
2408,南亞科,27,0,27,華南永昌-頭份,2024-07-23,9343
2317,鴻海,41,15,26,華南永昌-頭份,2024-07-23,9343
2812,台中銀,24,0,24,華南永昌-頭份,2024-07-23,9343
2888,新光金,31,10,21,華南永昌-頭份,2024-07-23,9343
1802,台玻,35,15,20,華南永昌-頭份,2024-07-23,9343
2444,兆勁,20,0,20,華南永昌-頭份,2024-07-23,9343
4561,健椿,20,0,20,華南永昌-頭份,2024-07-23,9343
6275,元山,20,0,20,華南永昌-頭份,2024-07-23,9343
8085,福華,22,2,20,華南永昌-頭份,2024-07-23,9343
00720B,元大投資級公司債,19,0,19,華南永昌-頭份,2024-07-23,9343
6271,同欣電,18,0,18,華南永昌-頭份,2024-07-23,9343
00919,群益台灣精選高息,42,26,16,華南永昌-頭份,2024-07-23,9343
2834,臺企銀,15,0,15,華南永昌-頭份,2024-07-23,9343
2609,陽明,16,3,13,華南永昌-頭份,2024-07-23,9343
2344,華邦電,15,2,13,華南永昌-頭份,2024-07-23,9343
0056,元大高股息,12,0,12,華南永昌-頭份,2024-07-23,9343
00680L,元大美債20正2,15,3,12,華南永昌-頭份,2024-07-23,9343
1721,三晃,12,0,12,華南永昌-頭份,2024-07-23,9343
4526,東台,12,1,11,華南永昌-頭份,2024-07-23,9343
00679B,元大美債20年,12,2,10,華南永昌-頭份,2024-07-23,9343
2406,國碩,10,0,10,華南永昌-頭份,2024-07-23,9343
00687B,國泰20年美債,10,0,10,華南永昌-頭份,2024-07-23,9343
1514,亞力,17,7,10,華南永昌-頭份,2024-07-23,9343
2009,第一銅,10,0,10,華南永昌-頭份,2024-07-23,9343
2337,旺宏,10,0,10,華南永昌-頭份,2024-07-23,9343
2367,燿華,15,5,10,華南永昌-頭份,2024-07-23,9343
2387,精元,10,0,10,華南永昌-頭份,2024-07-23,9343
3374,精材,11,1,10,華南永昌-頭份,2024-07-23,9343
5009,榮剛,10,0,10,華南永昌-頭份,2024-07-23,9343
5905,南仁湖,10,0,10,華南永昌-頭份,2024-07-23,9343
8277,商丞,10,0,10,華南永昌-頭份,2024-07-23,9343
8358,金居,10,0,10,華南永昌-頭份,2024-07-23,9343
6257,矽格,10,0,10,華南永昌-頭份,2024-07-23,9343
00936,台新永續高息中小,10,0,10,華南永昌-頭份,2024-07-23,9343
00772B,中信高評級公司債,9,0,9,華南永昌-頭份,2024-07-23,9343
2353,宏��,11,2,9,華南永昌-頭份,2024-07-23,9343
4967,十銓,9,0,9,華南永昌-頭份,2024-07-23,9343
8473,山林水,10,2,8,華南永昌-頭份,2024-07-23,9343
2330,台積電,14,6,8,華南永昌-頭份,2024-07-23,9343
00950B,凱基A級公司債,142,2,140,華南永昌-頭份,2024-07-26,9343
00632R,元大台灣50反1,200,134,66,華南永昌-頭份,2024-07-26,9343
00656R,國泰中國A50反1,40,0,40,華南永昌-頭份,2024-07-26,9343
6153,嘉聯益,71,31,40,華南永昌-頭份,2024-07-26,9343
00929,復華台灣科技優息,175,136,39,華南永昌-頭份,2024-07-26,9343
00934,中信成長高股息,37,0,37,華南永昌-頭份,2024-07-26,9343
00940,元大台灣價值高息,43,8,35,華南永昌-頭份,2024-07-26,9343
2330,台積電,40,5,35,華南永昌-頭份,2024-07-26,9343
2356,英業達,40,7,33,華南永昌-頭份,2024-07-26,9343
00751B,元大AAA至A公司債,25,0,25,華南永昌-頭份,2024-07-26,9343
2888,新光金,32,8,24,華南永昌-頭份,2024-07-26,9343
2884,玉山金,29,5,24,華南永昌-頭份,2024-07-26,9343
00679B,元大美債20年,24,3,21,華南永昌-頭份,2024-07-26,9343
1609,大亞,26,5,21,華南永昌-頭份,2024-07-26,9343
00706L,期元大S＆P日圓正2,20,0,20,華南永昌-頭份,2024-07-26,9343
6168,宏齊,20,0,20,華南永昌-頭份,2024-07-26,9343
0056,元大高股息,27,8,19,華南永昌-頭份,2024-07-26,9343
00951,台新日本半導體,24,5,19,華南永昌-頭份,2024-07-26,9343
2838,聯邦銀,18,0,18,華南永昌-頭份,2024-07-26,9343
00881,國泰台灣5G+,18,1,17,華南永昌-頭份,2024-07-26,9343
1101,台泥,17,0,17,華南永昌-頭份,2024-07-26,9343
2885,元大金,16,0,16,華南永昌-頭份,2024-07-26,9343
00715L,期街口布蘭特正2,16,0,16,華南永昌-頭份,2024-07-26,9343
3037,欣興,23,7,16,華南永昌-頭份,2024-07-26,9343
8043,蜜望實,15,0,15,華南永昌-頭份,2024-07-26,9343
1305,華夏,14,0,14,華南永昌-頭份,2024-07-26,9343
2467,志聖,13,0,13,華南永昌-頭份,2024-07-26,9343
2344,華邦電,13,0,13,華南永昌-頭份,2024-07-26,9343
2408,南亞科,13,0,13,華南永昌-頭份,2024-07-26,9343
8028,昇陽半導體,22,9,13,華南永昌-頭份,2024-07-26,9343
2812,台中銀,12,0,12,華南永昌-頭份,2024-07-26,9343
00878,國泰永續高股息,18,6,12,華南永昌-頭份,2024-07-26,9343
2352,佳世達,12,0,12,華南永昌-頭份,2024-07-26,9343
3376,新日興,12,0,12,華南永昌-頭份,2024-07-26,9343
00918,大華優利高填息30,12,0,12,華南永昌-頭份,2024-07-26,9343
2834,臺企銀,11,0,11,華南永昌-頭份,2024-07-26,9343
6005,群益證,11,0,11,華南永昌-頭份,2024-07-26,9343
6695,芯鼎,13,2,11,華南永昌-頭份,2024-07-26,9343
9958,世紀鋼,11,0,11,華南永昌-頭份,2024-07-26,9343
2317,鴻海,20,9,11,華南永昌-頭份,2024-07-26,9343
00720B,元大投資級公司債,13,2,11,華南永昌-頭份,2024-07-26,9343
00670L,富邦NASDAQ正2,10,0,10,華南永昌-頭份,2024-07-26,9343
00939,統一台灣高息動能,10,0,10,華南永昌-頭份,2024-07-26,9343
1721,三晃,12,2,10,華南永昌-頭份,2024-07-26,9343
2630,亞航,10,0,10,華南永昌-頭份,2024-07-26,9343
2891,中信金,10,0,10,華南永昌-頭份,2024-07-26,9343
3374,精材,11,1,10,華南永昌-頭份,2024-07-26,9343
3545,敦泰,10,0,10,華南永昌-頭份,2024-07-26,9343
2303,聯電,20,11,9,華南永昌-頭份,2024-07-26,9343
00665L,富邦�琤肭磪囓�2,12,3,9,華南永昌-頭份,2024-07-26,9343
00680L,元大美債20正2,400,0,400,華南永昌-頭份,2024-07-29,9343
2845,遠東銀,103,0,103,華南永昌-頭份,2024-07-29,9343
3037,欣興,80,3,77,華南永昌-頭份,2024-07-29,9343
00937B,群益ESG投等債20,53,3,50,華南永昌-頭份,2024-07-29,9343
6213,聯茂,47,0,47,華南永昌-頭份,2024-07-29,9343
2356,英業達,49,4,45,華南永昌-頭份,2024-07-29,9343
2524,京城,43,2,41,華南永昌-頭份,2024-07-29,9343
6275,元山,40,0,40,華南永昌-頭份,2024-07-29,9343
00946,群益科技高息成長,37,0,37,華南永昌-頭份,2024-07-29,9343
4128,中天,29,3,26,華南永昌-頭份,2024-07-29,9343
2537,聯上發,25,0,25,華南永昌-頭份,2024-07-29,9343
0056,元大高股息,30,5,25,華南永昌-頭份,2024-07-29,9343
1815,富喬,35,16,19,華南永昌-頭份,2024-07-29,9343
00919,群益台灣精選高息,39,20,19,華南永昌-頭份,2024-07-29,9343
2399,映泰,18,0,18,華南永昌-頭份,2024-07-29,9343
00940,元大台灣價值高息,40,22,18,華南永昌-頭份,2024-07-29,9343
00918,大華優利高填息30,16,0,16,華南永昌-頭份,2024-07-29,9343
2367,燿華,16,1,15,華南永昌-頭份,2024-07-29,9343
5381,合正,15,0,15,華南永昌-頭份,2024-07-29,9343
1314,中石化,14,0,14,華南永昌-頭份,2024-07-29,9343
3380,明泰,15,1,14,華南永昌-頭份,2024-07-29,9343
6111,大宇資,14,0,14,華南永昌-頭份,2024-07-29,9343
3481,群創,17,4,13,華南永昌-頭份,2024-07-29,9343
00935,野村臺灣新科技50,13,0,13,華南永昌-頭份,2024-07-29,9343
4142,國光生,12,0,12,華南永昌-頭份,2024-07-29,9343
00878,國泰永續高股息,18,6,12,華南永昌-頭份,2024-07-29,9343
5443,均豪,24,13,11,華南永昌-頭份,2024-07-29,9343
1449,佳和,15,4,11,華南永昌-頭份,2024-07-29,9343
2867,三商壽,11,0,11,華南永昌-頭份,2024-07-29,9343
4532,瑞智,12,1,11,華南永昌-頭份,2024-07-29,9343
2419,仲琦,10,0,10,華南永昌-頭份,2024-07-29,9343
00632R,元大台灣50反1,11,1,10,華南永昌-頭份,2024-07-29,9343
4533,協易機,10,0,10,華南永昌-頭份,2024-07-29,9343
8096,擎亞,14,5,9,華南永昌-頭份,2024-07-29,9343
2486,一詮,13,4,9,華南永昌-頭份,2024-07-29,9343
00881,國泰台灣5G+,11,2,9,華南永昌-頭份,2024-07-29,9343
2409,友達,10,1,9,華南永昌-頭份,2024-07-29,9343
4109,加捷生醫,10,1,9,華南永昌-頭份,2024-07-29,9343
6175,立敦,9,0,9,華南永昌-頭份,2024-07-29,9343
00929,復華台灣科技優息,59,50,9,華南永昌-頭份,2024-07-29,9343
6462,神盾,8,0,8,華南永昌-頭份,2024-07-29,9343
2543,皇昌,19,11,8,華南永昌-頭份,2024-07-29,9343
3050,鈺德,20,12,8,華南永昌-頭份,2024-07-29,9343
3162,精確,10,2,8,華南永昌-頭份,2024-07-29,9343
3227,原相,8,0,8,華南永昌-頭份,2024-07-29,9343
1784,訊聯,8,0,8,華南永昌-頭份,2024-07-29,9343
00934,中信成長高股息,7,0,7,華南永昌-頭份,2024-07-29,9343
00720B,元大投資級公司債,7,0,7,華南永昌-頭份,2024-07-29,9343
3048,益登,8,1,7,華南永昌-頭份,2024-07-29,9343
4123,晟德,7,0,7,華南永昌-頭份,2024-07-29,9343
1314,中石化,502,0,502,華南永昌-頭份,2024-07-30,9343
2515,中工,125,2,123,華南永昌-頭份,2024-07-30,9343
00940,元大台灣價值高息,88,12,76,華南永昌-頭份,2024-07-30,9343
00929,復華台灣科技優息,77,10,67,華南永昌-頭份,2024-07-30,9343
4743,合一,76,26,50,華南永昌-頭份,2024-07-30,9343
2890,永豐金,50,0,50,華南永昌-頭份,2024-07-30,9343
2867,三商壽,267,221,46,華南永昌-頭份,2024-07-30,9343
2884,玉山金,44,0,44,華南永昌-頭份,2024-07-30,9343
3576,聯合再生,43,0,43,華南永昌-頭份,2024-07-30,9343
00878,國泰永續高股息,34,1,33,華南永昌-頭份,2024-07-30,9343
6187,萬潤,27,1,26,華南永昌-頭份,2024-07-30,9343
2349,錸德,32,10,22,華南永昌-頭份,2024-07-30,9343
6005,群益證,21,0,21,華南永昌-頭份,2024-07-30,9343
2897,王道銀行,20,0,20,華南永昌-頭份,2024-07-30,9343
4960,誠美材,20,0,20,華南永昌-頭份,2024-07-30,9343
00946,群益科技高息成長,19,0,19,華南永昌-頭份,2024-07-30,9343
00936,台新永續高息中小,43,24,19,華南永昌-頭份,2024-07-30,9343
00934,中信成長高股息,19,0,19,華南永昌-頭份,2024-07-30,9343
2303,聯電,21,2,19,華南永昌-頭份,2024-07-30,9343
00919,群益台灣精選高息,42,23,19,華南永昌-頭份,2024-07-30,9343
2891,中信金,16,0,16,華南永昌-頭份,2024-07-30,9343
0056,元大高股息,15,0,15,華南永昌-頭份,2024-07-30,9343
1609,大亞,24,10,14,華南永昌-頭份,2024-07-30,9343
3406,玉晶光,13,0,13,華南永昌-頭份,2024-07-30,9343
2317,鴻海,20,8,12,華南永昌-頭份,2024-07-30,9343
2634,漢翔,12,0,12,華南永昌-頭份,2024-07-30,9343
6239,力成,12,0,12,華南永昌-頭份,2024-07-30,9343
00687B,國泰20年美債,11,0,11,華南永昌-頭份,2024-07-30,9343
1303,南亞,16,5,11,華南永昌-頭份,2024-07-30,9343
6213,聯茂,12,1,11,華南永昌-頭份,2024-07-30,9343
1514,亞力,29,18,11,華南永昌-頭份,2024-07-30,9343
00951,台新日本半導體,11,0,11,華南永昌-頭份,2024-07-30,9343
1316,上曜,15,5,10,華南永昌-頭份,2024-07-30,9343
2537,聯上發,14,4,10,華南永昌-頭份,2024-07-30,9343
8068,全達,10,0,10,華南永昌-頭份,2024-07-30,9343
6869,雲豹能源,10,0,10,華南永昌-頭份,2024-07-30,9343
1503,士電,26,17,9,華南永昌-頭份,2024-07-30,9343
2344,華邦電,20,11,9,華南永昌-頭份,2024-07-30,9343
8105,凌巨,9,0,9,華南永昌-頭份,2024-07-30,9343
2603,長榮,10,2,8,華南永昌-頭份,2024-07-30,9343
2258,鴻華先進-創,8,0,8,華南永昌-頭份,2024-07-30,9343
3321,同泰,8,0,8,華南永昌-頭份,2024-07-30,9343
5530,龍巖,8,0,8,華南永昌-頭份,2024-07-30,9343
6235,華孚,8,0,8,華南永昌-頭份,2024-07-30,9343
5324,士開,8,0,8,華南永昌-頭份,2024-07-30,9343
00939,統一台灣高息動能,7,0,7,華南永昌-頭份,2024-07-30,9343
00642U,期元大S＆P石油,7,0,7,華南永昌-頭份,2024-07-30,9343
00947,台新臺灣IC設計,7,0,7,華南永昌-頭份,2024-07-30,9343
5871,中租-KY,6,0,6,華南永昌-頭份,2024-07-30,9343
00679B,元大美債20年,7,1,6,華南永昌-頭份,2024-07-30,9343
2489,瑞軒,307,26,281,華南永昌-頭份,2024-07-31,9343
1303,南亞,60,0,60,華南永昌-頭份,2024-07-31,9343
00929,復華台灣科技優息,58,0,58,華南永昌-頭份,2024-07-31,9343
4903,聯光通,50,0,50,華南永昌-頭份,2024-07-31,9343
3481,群創,79,41,38,華南永昌-頭份,2024-07-31,9343
2349,錸德,46,15,31,華南永昌-頭份,2024-07-31,9343
2308,台達電,37,9,28,華南永昌-頭份,2024-07-31,9343
1609,大亞,21,0,21,華南永昌-頭份,2024-07-31,9343
2312,金寶,36,15,21,華南永昌-頭份,2024-07-31,9343
2834,臺企銀,23,2,21,華南永昌-頭份,2024-07-31,9343
9955,佳龍,19,0,19,華南永昌-頭份,2024-07-31,9343
3580,友威科,25,7,18,華南永昌-頭份,2024-07-31,9343
8068,全達,17,0,17,華南永昌-頭份,2024-07-31,9343
2204,中華,16,0,16,華南永昌-頭份,2024-07-31,9343
4763,材料-KY,16,1,15,華南永昌-頭份,2024-07-31,9343
00919,群益台灣精選高息,23,10,13,華南永昌-頭份,2024-07-31,9343
2399,映泰,13,0,13,華南永昌-頭份,2024-07-31,9343
4157,太景*-KY,17,4,13,華南永昌-頭份,2024-07-31,9343
2382,廣達,11,0,11,華南永昌-頭份,2024-07-31,9343
9105,泰金寶-DR,11,0,11,華南永昌-頭份,2024-07-31,9343
00892,富邦台灣半導體,10,0,10,華南永昌-頭份,2024-07-31,9343
1806,冠軍,15,5,10,華南永昌-頭份,2024-07-31,9343
5530,龍巖,10,0,10,華南永昌-頭份,2024-07-31,9343
6271,同欣電,10,0,10,華南永昌-頭份,2024-07-31,9343
00687B,國泰20年美債,10,1,9,華南永昌-頭份,2024-07-31,9343
4128,中天,10,1,9,華南永昌-頭份,2024-07-31,9343
8358,金居,8,0,8,華南永昌-頭份,2024-07-31,9343
6239,力成,8,0,8,華南永昌-頭份,2024-07-31,9343
00878,國泰永續高股息,10,3,7,華南永昌-頭份,2024-07-31,9343
00936,台新永續高息中小,10,3,7,華南永昌-頭份,2024-07-31,9343
3037,欣興,10,3,7,華南永昌-頭份,2024-07-31,9343
1309,台達化,7,0,7,華南永昌-頭份,2024-07-31,9343
2501,國建,7,0,7,華南永昌-頭份,2024-07-31,9343
3576,聯合再生,7,0,7,華南永昌-頭份,2024-07-31,9343
3663,鑫科,11,4,7,華南永昌-頭份,2024-07-31,9343
5328,華容,11,4,7,華南永昌-頭份,2024-07-31,9343
6133,金橋,7,0,7,華南永昌-頭份,2024-07-31,9343
1314,中石化,6,0,6,華南永昌-頭份,2024-07-31,9343
2353,宏��,9,3,6,華南永昌-頭份,2024-07-31,9343
4142,國光生,6,0,6,華南永昌-頭份,2024-07-31,9343
6139,亞翔,6,0,6,華南永昌-頭份,2024-07-31,9343
6742,澤米,6,0,6,華南永昌-頭份,2024-07-31,9343
00670L,富邦NASDAQ正2,5,0,5,華南永昌-頭份,2024-07-31,9343
00688L,國泰20年美債正2,5,0,5,華南永昌-頭份,2024-07-31,9343
1540,喬福,5,0,5,華南永昌-頭份,2024-07-31,9343
3105,穩懋,5,0,5,華南永昌-頭份,2024-07-31,9343
3441,聯一光,5,0,5,華南永昌-頭份,2024-07-31,9343
4564,元翎,7,2,5,華南永昌-頭份,2024-07-31,9343
6275,元山,5,0,5,華南永昌-頭份,2024-07-31,9343
8906,花王,5,0,5,華南永昌-頭份,2024-07-31,9343
2337,旺宏,174,29,145,華南永昌-頭份,2024-08-01,9343
00934,中信成長高股息,93,0,93,華南永昌-頭份,2024-08-01,9343
00937B,群益ESG投等債20,72,7,65,華南永昌-頭份,2024-08-01,9343
00945B,凱基美國非投等債,50,0,50,華南永昌-頭份,2024-08-01,9343
00936,台新永續高息中小,45,0,45,華南永昌-頭份,2024-08-01,9343
3711,日月光投控,40,0,40,華南永昌-頭份,2024-08-01,9343
2442,新美齊,36,3,33,華南永昌-頭份,2024-08-01,9343
00878,國泰永續高股息,24,0,24,華南永昌-頭份,2024-08-01,9343
00939,統一台灣高息動能,27,5,22,華南永昌-頭份,2024-08-01,9343
2449,京元電子,27,6,21,華南永昌-頭份,2024-08-01,9343
2527,宏璟,16,0,16,華南永昌-頭份,2024-08-01,9343
9902,台火,27,14,13,華南永昌-頭份,2024-08-01,9343
2382,廣達,16,3,13,華南永昌-頭份,2024-08-01,9343
2363,矽統,20,8,12,華南永昌-頭份,2024-08-01,9343
00675L,富邦臺灣加權正2,14,2,12,華南永昌-頭份,2024-08-01,9343
00641R,富邦日本反1,12,0,12,華南永昌-頭份,2024-08-01,9343
2376,技嘉,16,4,12,華南永昌-頭份,2024-08-01,9343
3019,亞光,21,9,12,華南永昌-頭份,2024-08-01,9343
3013,晟銘電,16,5,11,華南永昌-頭份,2024-08-01,9343
8011,台通,12,1,11,華南永昌-頭份,2024-08-01,9343
00665L,富邦�琤肭磪囓�2,10,0,10,華南永昌-頭份,2024-08-01,9343
00637L,元大滬深300正2,10,0,10,華南永昌-頭份,2024-08-01,9343
2258,鴻華先進-創,10,0,10,華南永昌-頭份,2024-08-01,9343
2312,金寶,14,4,10,華南永昌-頭份,2024-08-01,9343
2324,仁寶,10,0,10,華南永昌-頭份,2024-08-01,9343
2543,皇昌,26,16,10,華南永昌-頭份,2024-08-01,9343
2905,三商,10,0,10,華南永昌-頭份,2024-08-01,9343
4906,正文,12,2,10,華南永昌-頭份,2024-08-01,9343
6187,萬潤,10,1,9,華南永昌-頭份,2024-08-01,9343
6188,廣明,11,2,9,華南永昌-頭份,2024-08-01,9343
1216,統一,9,0,9,華南永昌-頭份,2024-08-01,9343
5443,均豪,30,22,8,華南永昌-頭份,2024-08-01,9343
2603,長榮,11,3,8,華南永昌-頭份,2024-08-01,9343
2344,華邦電,11,3,8,華南永昌-頭份,2024-08-01,9343
2610,華航,8,0,8,華南永昌-頭份,2024-08-01,9343
2317,鴻海,41,33,8,華南永昌-頭份,2024-08-01,9343
3374,精材,14,7,7,華南永昌-頭份,2024-08-01,9343
4526,東台,7,0,7,華南永昌-頭份,2024-08-01,9343
6166,凌華,7,0,7,華南永昌-頭份,2024-08-01,9343
00882,中信中國高股息,6,0,6,華南永昌-頭份,2024-08-01,9343
1609,大亞,10,4,6,華南永昌-頭份,2024-08-01,9343
3062,建漢,8,2,6,華南永昌-頭份,2024-08-01,9343
3211,順達,6,0,6,華南永昌-頭份,2024-08-01,9343
5392,能率,7,1,6,華南永昌-頭份,2024-08-01,9343
8155,博智,6,0,6,華南永昌-頭份,2024-08-01,9343
0056,元大高股息,6,0,6,華南永昌-頭份,2024-08-01,9343
3535,晶彩科,20,15,5,華南永昌-頭份,2024-08-01,9343
00949,復華日本龍頭,5,0,5,華南永昌-頭份,2024-08-01,9343
1303,南亞,5,0,5,華南永昌-頭份,2024-08-01,9343
1815,富喬,5,0,5,華南永昌-頭份,2024-08-01,9343
1314,中石化,608,13,595,華南永昌-頭份,2024-08-02,9343
00929,復華台灣科技優息,167,5,162,華南永昌-頭份,2024-08-02,9343
00878,國泰永續高股息,151,0,151,華南永昌-頭份,2024-08-02,9343
00919,群益台灣精選高息,179,43,136,華南永昌-頭份,2024-08-02,9343
00932,兆豐永續高息等權,116,0,116,華南永昌-頭份,2024-08-02,9343
00680L,元大美債20正2,102,2,100,華南永昌-頭份,2024-08-02,9343
2838,聯邦銀,70,0,70,華南永昌-頭份,2024-08-02,9343
00940,元大台灣價值高息,76,16,60,華南永昌-頭份,2024-08-02,9343
2891,中信金,62,2,60,華南永昌-頭份,2024-08-02,9343
2609,陽明,83,26,57,華南永昌-頭份,2024-08-02,9343
00923,群益台ESG低碳50,56,0,56,華南永昌-頭份,2024-08-02,9343
4726,永昕,52,1,51,華南永昌-頭份,2024-08-02,9343
2349,錸德,52,5,47,華南永昌-頭份,2024-08-02,9343
2317,鴻海,84,41,43,華南永昌-頭份,2024-08-02,9343
6269,台郡,41,0,41,華南永昌-頭份,2024-08-02,9343
00936,台新永續高息中小,36,0,36,華南永昌-頭份,2024-08-02,9343
0056,元大高股息,31,0,31,華南永昌-頭份,2024-08-02,9343
2834,臺企銀,41,10,31,華南永昌-頭份,2024-08-02,9343
00948B,中信優息投資級債,30,0,30,華南永昌-頭份,2024-08-02,9343
2330,台積電,37,9,28,華南永昌-頭份,2024-08-02,9343
2543,皇昌,22,0,22,華南永昌-頭份,2024-08-02,9343
00671R,富邦NASDAQ反1,21,0,21,華南永昌-頭份,2024-08-02,9343
2344,華邦電,25,4,21,華南永昌-頭份,2024-08-02,9343
2406,國碩,21,0,21,華南永昌-頭份,2024-08-02,9343
5309,系統電,30,10,20,華南永昌-頭份,2024-08-02,9343
6153,嘉聯益,20,0,20,華南永昌-頭份,2024-08-02,9343
2501,國建,16,0,16,華南永昌-頭份,2024-08-02,9343
2204,中華,22,6,16,華南永昌-頭份,2024-08-02,9343
2610,華航,16,0,16,華南永昌-頭份,2024-08-02,9343
2527,宏璟,25,10,15,華南永昌-頭份,2024-08-02,9343
0050,元大台灣50,14,0,14,華南永昌-頭份,2024-08-02,9343
00881,國泰台灣5G+,16,2,14,華南永昌-頭份,2024-08-02,9343
2913,農林,15,1,14,華南永昌-頭份,2024-08-02,9343
6901,鑽石投資,14,0,14,華南永昌-頭份,2024-08-02,9343
8906,花王,13,0,13,華南永昌-頭份,2024-08-02,9343
3189,景碩,13,1,12,華南永昌-頭份,2024-08-02,9343
3580,友威科,13,1,12,華南永昌-頭份,2024-08-02,9343
4909,新復興,18,6,12,華南永昌-頭份,2024-08-02,9343
5530,龍巖,12,0,12,華南永昌-頭份,2024-08-02,9343
3483,力致,13,1,12,華南永昌-頭份,2024-08-02,9343
00951,台新日本半導體,41,30,11,華南永昌-頭份,2024-08-02,9343
1909,榮成,11,0,11,華南永昌-頭份,2024-08-02,9343
2520,冠德,11,0,11,華南永昌-頭份,2024-08-02,9343
3048,益登,14,3,11,華南永昌-頭份,2024-08-02,9343
4157,太景*-KY,14,3,11,華南永昌-頭份,2024-08-02,9343
00941,中信上游半導體,10,0,10,華南永昌-頭份,2024-08-02,9343
00669R,國泰美國道瓊反1,10,0,10,華南永昌-頭份,2024-08-02,9343
00945B,凱基美國非投等債,60,50,10,華南永昌-頭份,2024-08-02,9343
1434,福懋,10,0,10,華南永昌-頭份,2024-08-02,9343
1522,堤維西,10,0,10,華南永昌-頭份,2024-08-02,9343
00929,復華台灣科技優息,593,361,232,華南永昌-頭份,2024-08-05,9343
00940,元大台灣價值高息,262,72,190,華南永昌-頭份,2024-08-05,9343
00679B,元大美債20年,225,56,169,華南永昌-頭份,2024-08-05,9343
1314,中石化,163,8,155,華南永昌-頭份,2024-08-05,9343
00878,國泰永續高股息,166,50,116,華南永昌-頭份,2024-08-05,9343
1802,台玻,94,0,94,華南永昌-頭份,2024-08-05,9343
2838,聯邦銀,65,0,65,華南永昌-頭份,2024-08-05,9343
2834,臺企銀,81,21,60,華南永昌-頭份,2024-08-05,9343
2801,彰銀,64,5,59,華南永昌-頭份,2024-08-05,9343
00936,台新永續高息中小,51,0,51,華南永昌-頭份,2024-08-05,9343
9904,寶成,51,0,51,華南永昌-頭份,2024-08-05,9343
00946,群益科技高息成長,48,0,48,華南永昌-頭份,2024-08-05,9343
2884,玉山金,43,0,43,華南永昌-頭份,2024-08-05,9343
00951,台新日本半導體,66,24,42,華南永昌-頭份,2024-08-05,9343
1721,三晃,40,1,39,華南永昌-頭份,2024-08-05,9343
00919,群益台灣精選高息,77,40,37,華南永昌-頭份,2024-08-05,9343
00932,兆豐永續高息等權,33,0,33,華南永昌-頭份,2024-08-05,9343
0050,元大台灣50,31,0,31,華南永昌-頭份,2024-08-05,9343
2312,金寶,28,0,28,華南永昌-頭份,2024-08-05,9343
6770,力積電,40,12,28,華南永昌-頭份,2024-08-05,9343
2812,台中銀,27,0,27,華南永昌-頭份,2024-08-05,9343
4128,中天,24,0,24,華南永昌-頭份,2024-08-05,9343
5443,均豪,26,2,24,華南永昌-頭份,2024-08-05,9343
2330,台積電,50,27,23,華南永昌-頭份,2024-08-05,9343
2105,正新,23,0,23,華南永昌-頭份,2024-08-05,9343
2301,光寶科,26,3,23,華南永昌-頭份,2024-08-05,9343
6005,群益證,23,0,23,華南永昌-頭份,2024-08-05,9343
2515,中工,22,1,21,華南永昌-頭份,2024-08-05,9343
00631L,元大台灣50正2,21,0,21,華南永昌-頭份,2024-08-05,9343
2409,友達,24,4,20,華南永昌-頭份,2024-08-05,9343
2353,宏��,28,8,20,華南永昌-頭份,2024-08-05,9343
00857B,永豐20年美公債,20,0,20,華南永昌-頭份,2024-08-05,9343
00795B,中信美國公債20年,21,2,19,華南永昌-頭份,2024-08-05,9343
00923,群益台ESG低碳50,19,0,19,華南永昌-頭份,2024-08-05,9343
2442,新美齊,24,5,19,華南永昌-頭份,2024-08-05,9343
9951,皇田,20,1,19,華南永昌-頭份,2024-08-05,9343
5490,同亨,18,0,18,華南永昌-頭份,2024-08-05,9343
6153,嘉聯益,20,3,17,華南永昌-頭份,2024-08-05,9343
8926,台汽電,17,0,17,華南永昌-頭份,2024-08-05,9343
00939,統一台灣高息動能,16,0,16,華南永昌-頭份,2024-08-05,9343
1313,聯成,16,0,16,華南永昌-頭份,2024-08-05,9343
5381,合正,16,0,16,華南永昌-頭份,2024-08-05,9343
2314,台揚,15,0,15,華南永昌-頭份,2024-08-05,9343
5871,中租-KY,15,1,14,華南永昌-頭份,2024-08-05,9343
2204,中華,14,0,14,華南永昌-頭份,2024-08-05,9343
2880,華南金,13,0,13,華南永昌-頭份,2024-08-05,9343
6282,康舒,13,0,13,華南永昌-頭份,2024-08-05,9343
3189,景碩,15,2,13,華南永昌-頭份,2024-08-05,9343
1909,榮成,13,0,13,華南永昌-頭份,2024-08-05,9343
2367,燿華,13,0,13,華南永昌-頭份,2024-08-05,9343
00680L,元大美債20正2,810,22,788,華南永昌-頭份,2024-08-06,9343
00632R,元大台灣50反1,223,14,209,華南永昌-頭份,2024-08-06,9343
2353,宏��,89,8,81,華南永昌-頭份,2024-08-06,9343
00940,元大台灣價值高息,87,7,80,華南永昌-頭份,2024-08-06,9343
2887,台新金,62,6,56,華南永昌-頭份,2024-08-06,9343
3481,群創,363,310,53,華南永昌-頭份,2024-08-06,9343
0056,元大高股息,58,6,52,華南永昌-頭份,2024-08-06,9343
00656R,國泰中國A50反1,50,0,50,華南永昌-頭份,2024-08-06,9343
00929,復華台灣科技優息,178,131,47,華南永昌-頭份,2024-08-06,9343
2356,英業達,53,7,46,華南永昌-頭份,2024-08-06,9343
2317,鴻海,97,62,35,華南永昌-頭份,2024-08-06,9343
2406,國碩,35,1,34,華南永昌-頭份,2024-08-06,9343
3518,柏騰,34,0,34,華南永昌-頭份,2024-08-06,9343
3374,精材,37,5,32,華南永昌-頭份,2024-08-06,9343
2409,友達,31,0,31,華南永昌-頭份,2024-08-06,9343
1617,榮星,30,0,30,華南永昌-頭份,2024-08-06,9343
00919,群益台灣精選高息,45,16,29,華南永昌-頭份,2024-08-06,9343
00878,國泰永續高股息,68,39,29,華南永昌-頭份,2024-08-06,9343
2834,臺企銀,29,3,26,華南永昌-頭份,2024-08-06,9343
2337,旺宏,37,11,26,華南永昌-頭份,2024-08-06,9343
4960,誠美材,100,75,25,華南永昌-頭份,2024-08-06,9343
00795B,中信美國公債20年,24,0,24,華南永昌-頭份,2024-08-06,9343
00900,富邦特選高股息30,25,1,24,華南永昌-頭份,2024-08-06,9343
00948B,中信優息投資級債,23,1,22,華南永昌-頭份,2024-08-06,9343
6869,雲豹能源,22,0,22,華南永昌-頭份,2024-08-06,9343
6168,宏齊,20,0,20,華南永昌-頭份,2024-08-06,9343
00922,國泰台灣領袖50,25,6,19,華南永昌-頭份,2024-08-06,9343
00946,群益科技高息成長,17,0,17,華南永昌-頭份,2024-08-06,9343
6188,廣明,16,0,16,華南永昌-頭份,2024-08-06,9343
00923,群益台ESG低碳50,17,3,14,華南永昌-頭份,2024-08-06,9343
00637L,元大滬深300正2,14,0,14,華南永昌-頭份,2024-08-06,9343
4128,中天,14,0,14,華南永昌-頭份,2024-08-06,9343
1519,華城,15,1,14,華南永昌-頭份,2024-08-06,9343
2324,仁寶,14,1,13,華南永昌-頭份,2024-08-06,9343
1718,中纖,12,0,12,華南永昌-頭份,2024-08-06,9343
2886,兆豐金,13,1,12,華南永昌-頭份,2024-08-06,9343
00773B,中信優先金融債,11,0,11,華南永昌-頭份,2024-08-06,9343
1597,直得,15,4,11,華南永昌-頭份,2024-08-06,9343
2352,佳世達,13,2,11,華南永昌-頭份,2024-08-06,9343
2426,鼎元,11,0,11,華南永昌-頭份,2024-08-06,9343
2382,廣達,17,7,10,華南永昌-頭份,2024-08-06,9343
3048,益登,10,0,10,華南永昌-頭份,2024-08-06,9343
00670L,富邦NASDAQ正2,10,0,10,華南永昌-頭份,2024-08-06,9343
00676R,富邦臺灣加權反1,10,0,10,華南永昌-頭份,2024-08-06,9343
2342,茂矽,10,0,10,華南永昌-頭份,2024-08-06,9343
2442,新美齊,11,1,10,華南永昌-頭份,2024-08-06,9343
2483,百容,10,0,10,華南永昌-頭份,2024-08-06,9343
6152,百一,10,0,10,華南永昌-頭份,2024-08-06,9343
2371,大同,17,7,10,華南永昌-頭份,2024-08-06,9343
4534,慶騰,9,0,9,華南永昌-頭份,2024-08-06,9343
1314,中石化,300,49,251,華南永昌-頭份,2024-08-07,9343
2801,彰銀,203,1,202,華南永昌-頭份,2024-08-07,9343
1316,上曜,209,11,198,華南永昌-頭份,2024-08-07,9343
00937B,群益ESG投等債20,124,15,109,華南永昌-頭份,2024-08-07,9343
00940,元大台灣價值高息,113,30,83,華南永昌-頭份,2024-08-07,9343
4743,合一,81,13,68,華南永昌-頭份,2024-08-07,9343
1444,力麗,50,1,49,華南永昌-頭份,2024-08-07,9343
2317,鴻海,70,27,43,華南永昌-頭份,2024-08-07,9343
2886,兆豐金,41,0,41,華南永昌-頭份,2024-08-07,9343
2352,佳世達,38,2,36,華南永昌-頭份,2024-08-07,9343
00632R,元大台灣50反1,28,0,28,華南永昌-頭份,2024-08-07,9343
2887,台新金,26,1,25,華南永昌-頭份,2024-08-07,9343
3024,憶聲,25,1,24,華南永昌-頭份,2024-08-07,9343
0056,元大高股息,24,2,22,華南永昌-頭份,2024-08-07,9343
00881,國泰台灣5G+,23,3,20,華南永昌-頭份,2024-08-07,9343
3707,漢磊,16,0,16,華南永昌-頭份,2024-08-07,9343
00715L,期街口布蘭特正2,14,0,14,華南永昌-頭份,2024-08-07,9343
00795B,中信美國公債20年,13,0,13,華南永昌-頭份,2024-08-07,9343
00878,國泰永續高股息,63,51,12,華南永昌-頭份,2024-08-07,9343
00687B,國泰20年美債,19,7,12,華南永昌-頭份,2024-08-07,9343
00690,兆豐藍籌30,11,0,11,華南永昌-頭份,2024-08-07,9343
00679B,元大美債20年,24,14,10,華南永昌-頭份,2024-08-07,9343
2461,光群雷,10,0,10,華南永昌-頭份,2024-08-07,9343
4580,捷流閥業,10,0,10,華南永昌-頭份,2024-08-07,9343
6589,台康生技,10,0,10,華南永昌-頭份,2024-08-07,9343
9103,美德醫療-DR,10,0,10,華南永昌-頭份,2024-08-07,9343
2603,長榮,12,2,10,華南永昌-頭份,2024-08-07,9343
00918,大華優利高填息30,9,0,9,華南永昌-頭份,2024-08-07,9343
9105,泰金寶-DR,15,6,9,華南永昌-頭份,2024-08-07,9343
1711,永光,11,2,9,華南永昌-頭份,2024-08-07,9343
3019,亞光,27,18,9,華南永昌-頭份,2024-08-07,9343
006208,富邦台50,7,0,7,華南永昌-頭份,2024-08-07,9343
00713,元大台灣高息低波,7,0,7,華南永昌-頭份,2024-08-07,9343
1536,和大,7,0,7,華南永昌-頭份,2024-08-07,9343
2408,南亞科,15,8,7,華南永昌-頭份,2024-08-07,9343
00757,統一FANG+,7,0,7,華南永昌-頭份,2024-08-07,9343
2409,友達,6,0,6,華南永昌-頭份,2024-08-07,9343
4566,時碩工業,6,0,6,華南永昌-頭份,2024-08-07,9343
4726,永昕,6,0,6,華南永昌-頭份,2024-08-07,9343
6213,聯茂,8,3,5,華南永昌-頭份,2024-08-07,9343
2382,廣達,8,3,5,華南永昌-頭份,2024-08-07,9343
6770,力積電,8,3,5,華南永昌-頭份,2024-08-07,9343
00915,凱基優選高股息30,5,0,5,華南永昌-頭份,2024-08-07,9343
00640L,富邦日本正2,6,1,5,華南永昌-頭份,2024-08-07,9343
00773B,中信優先金融債,5,0,5,華南永昌-頭份,2024-08-07,9343
1815,富喬,11,6,5,華南永昌-頭份,2024-08-07,9343
2538,基泰,5,0,5,華南永昌-頭份,2024-08-07,9343
3321,同泰,5,0,5,華南永昌-頭份,2024-08-07,9343
3712,永崴投控,16,11,5,華南永昌-頭份,2024-08-07,9343
2376,技嘉,5,1,4,華南永昌-頭份,2024-08-07,9343
1314,中石化,240,0,240,華南永昌-頭份,2024-08-08,9343
00948B,中信優息投資級債,218,5,213,華南永昌-頭份,2024-08-08,9343
00632R,元大台灣50反1,211,2,209,華南永昌-頭份,2024-08-08,9343
00929,復華台灣科技優息,90,2,88,華南永昌-頭份,2024-08-08,9343
00878,國泰永續高股息,59,0,59,華南永昌-頭份,2024-08-08,9343
2349,錸德,69,22,47,華南永昌-頭份,2024-08-08,9343
2317,鴻海,71,27,44,華南永昌-頭份,2024-08-08,9343
00680L,元大美債20正2,38,1,37,華南永昌-頭份,2024-08-08,9343
2886,兆豐金,32,0,32,華南永昌-頭份,2024-08-08,9343
3013,晟銘電,52,25,27,華南永昌-頭份,2024-08-08,9343
0056,元大高股息,23,2,21,華南永昌-頭份,2024-08-08,9343
00712,復華富時不動產,20,0,20,華南永昌-頭份,2024-08-08,9343
2002,中鋼,19,0,19,華南永昌-頭份,2024-08-08,9343
2812,台中銀,20,2,18,華南永昌-頭份,2024-08-08,9343
3231,緯創,21,3,18,華南永昌-頭份,2024-08-08,9343
2892,第一金,22,5,17,華南永昌-頭份,2024-08-08,9343
1540,喬福,52,36,16,華南永昌-頭份,2024-08-08,9343
2834,臺企銀,15,0,15,華南永昌-頭份,2024-08-08,9343
2888,新光金,14,0,14,華南永昌-頭份,2024-08-08,9343
00715L,期街口布蘭特正2,14,1,13,華南永昌-頭份,2024-08-08,9343
2344,華邦電,16,3,13,華南永昌-頭份,2024-08-08,9343
2618,長榮航,13,0,13,華南永昌-頭份,2024-08-08,9343
00951,台新日本半導體,42,30,12,華南永昌-頭份,2024-08-08,9343
6117,迎廣,13,1,12,華南永昌-頭份,2024-08-08,9343
00881,國泰台灣5G+,17,6,11,華南永昌-頭份,2024-08-08,9343
3481,群創,11,0,11,華南永昌-頭份,2024-08-08,9343
00919,群益台灣精選高息,13,2,11,華南永昌-頭份,2024-08-08,9343
00931B,統一美債20年,11,1,10,華南永昌-頭份,2024-08-08,9343
00751B,元大AAA至A公司債,10,0,10,華南永昌-頭份,2024-08-08,9343
00936,台新永續高息中小,10,0,10,華南永昌-頭份,2024-08-08,9343
00687B,國泰20年美債,17,7,10,華南永昌-頭份,2024-08-08,9343
00713,元大台灣高息低波,10,0,10,華南永昌-頭份,2024-08-08,9343
00857B,永豐20年美公債,10,0,10,華南永昌-頭份,2024-08-08,9343
2352,佳世達,10,0,10,華南永昌-頭份,2024-08-08,9343
2367,燿華,21,11,10,華南永昌-頭份,2024-08-08,9343
2495,普安,10,0,10,華南永昌-頭份,2024-08-08,9343
2913,農林,10,0,10,華南永昌-頭份,2024-08-08,9343
6457,紘康,12,2,10,華南永昌-頭份,2024-08-08,9343
6901,鑽石投資,14,4,10,華南永昌-頭份,2024-08-08,9343
9103,美德醫療-DR,10,0,10,華南永昌-頭份,2024-08-08,9343
8096,擎亞,19,9,10,華南永昌-頭份,2024-08-08,9343
00940,元大台灣價值高息,9,0,9,華南永昌-頭份,2024-08-08,9343
00679B,元大美債20年,25,16,9,華南永昌-頭份,2024-08-08,9343
00720B,元大投資級公司債,9,0,9,華南永昌-頭份,2024-08-08,9343
3035,智原,27,18,9,華南永昌-頭份,2024-08-08,9343
3290,東浦,9,0,9,華南永昌-頭份,2024-08-08,9343
4561,健椿,9,0,9,華南永昌-頭份,2024-08-08,9343
4763,材料-KY,8,0,8,華南永昌-頭份,2024-08-08,9343
2515,中工,9,1,8,華南永昌-頭份,2024-08-08,9343
2329,華泰,10,2,8,華南永昌-頭份,2024-08-08,9343
00929,復華台灣科技優息,297,113,184,華南永昌-頭份,2024-08-09,9343
00632R,元大台灣50反1,286,144,142,華南永昌-頭份,2024-08-09,9343
00680L,元大美債20正2,103,0,103,華南永昌-頭份,2024-08-09,9343
3231,緯創,49,5,44,華南永昌-頭份,2024-08-09,9343
00679B,元大美債20年,54,10,44,華南永昌-頭份,2024-08-09,9343
2834,臺企銀,45,2,43,華南永昌-頭份,2024-08-09,9343
00951,台新日本半導體,52,10,42,華南永昌-頭份,2024-08-09,9343
4549,桓達,37,1,36,華南永昌-頭份,2024-08-09,9343
9105,泰金寶-DR,55,19,36,華南永昌-頭份,2024-08-09,9343
3715,定穎投控,121,86,35,華南永昌-頭份,2024-08-09,9343
3481,群創,50,17,33,華南永昌-頭份,2024-08-09,9343
2353,宏��,31,0,31,華南永昌-頭份,2024-08-09,9343
2356,英業達,53,22,31,華南永昌-頭份,2024-08-09,9343
00882,中信中國高股息,22,0,22,華南永昌-頭份,2024-08-09,9343
2313,華通,22,3,19,華南永昌-頭份,2024-08-09,9343
6770,力積電,26,7,19,華南永昌-頭份,2024-08-09,9343
00878,國泰永續高股息,21,3,18,華南永昌-頭份,2024-08-09,9343
6127,九豪,21,3,18,華南永昌-頭份,2024-08-09,9343
4909,新復興,22,4,18,華南永昌-頭份,2024-08-09,9343
6180,橘子,16,0,16,華南永昌-頭份,2024-08-09,9343
00948B,中信優息投資級債,32,17,15,華南永昌-頭份,2024-08-09,9343
00949,復華日本龍頭,14,0,14,華南永昌-頭份,2024-08-09,9343
2489,瑞軒,20,6,14,華南永昌-頭份,2024-08-09,9343
00665L,富邦�琤肭磪囓�2,14,1,13,華南永昌-頭份,2024-08-09,9343
1540,喬福,14,2,12,華南永昌-頭份,2024-08-09,9343
3312,弘憶股,15,3,12,華南永昌-頭份,2024-08-09,9343
3289,宜特,13,2,11,華南永昌-頭份,2024-08-09,9343
5530,龍巖,12,1,11,華南永昌-頭份,2024-08-09,9343
00923,群益台ESG低碳50,10,0,10,華南永昌-頭份,2024-08-09,9343
00720B,元大投資級公司債,10,0,10,華南永昌-頭份,2024-08-09,9343
1809,中釉,10,0,10,華南永昌-頭份,2024-08-09,9343
2367,燿華,60,50,10,華南永昌-頭份,2024-08-09,9343
2412,中華電,10,0,10,華南永昌-頭份,2024-08-09,9343
2883,凱基金,11,1,10,華南永昌-頭份,2024-08-09,9343
3545,敦泰,10,0,10,華南永昌-頭份,2024-08-09,9343
4960,誠美材,10,0,10,華南永昌-頭份,2024-08-09,9343
5512,力麒,10,0,10,華南永昌-頭份,2024-08-09,9343
6488,環球晶,10,0,10,華南永昌-頭份,2024-08-09,9343
0050,元大台灣50,17,7,10,華南永昌-頭份,2024-08-09,9343
00675L,富邦臺灣加權正2,10,0,10,華南永昌-頭份,2024-08-09,9343
00936,台新永續高息中小,9,0,9,華南永昌-頭份,2024-08-09,9343
1709,和益,13,4,9,華南永昌-頭份,2024-08-09,9343
1307,三芳,10,2,8,華南永昌-頭份,2024-08-09,9343
00940,元大台灣價值高息,15,8,7,華南永昌-頭份,2024-08-09,9343
00641R,富邦日本反1,7,0,7,華南永昌-頭份,2024-08-09,9343
2382,廣達,9,3,6,華南永昌-頭份,2024-08-09,9343
00725B,國泰投資級公司債,6,0,6,華南永昌-頭份,2024-08-09,9343
1313,聯成,6,0,6,華南永昌-頭份,2024-08-09,9343
1503,士電,6,0,6,華南永昌-頭份,2024-08-09,9343
2250,IKKA-KY,6,0,6,華南永昌-頭份,2024-08-09,9343
00929,復華台灣科技優息,108,29,79,華南永昌-頭份,2024-08-12,9343
00878,國泰永續高股息,61,0,61,華南永昌-頭份,2024-08-12,9343
00945B,凱基美國非投等債,60,0,60,華南永昌-頭份,2024-08-12,9343
00680L,元大美債20正2,46,0,46,華南永昌-頭份,2024-08-12,9343
2103,台橡,43,0,43,華南永昌-頭份,2024-08-12,9343
00687B,國泰20年美債,34,6,28,華南永昌-頭份,2024-08-12,9343
2312,金寶,66,40,26,華南永昌-頭份,2024-08-12,9343
5512,力麒,25,0,25,華南永昌-頭份,2024-08-12,9343
00675L,富邦臺灣加權正2,21,0,21,華南永昌-頭份,2024-08-12,9343
2349,錸德,29,8,21,華南永昌-頭份,2024-08-12,9343
2409,友達,22,2,20,華南永昌-頭份,2024-08-12,9343
2603,長榮,24,6,18,華南永昌-頭份,2024-08-12,9343
3535,晶彩科,21,3,18,華南永昌-頭份,2024-08-12,9343
2891,中信金,17,0,17,華南永昌-頭份,2024-08-12,9343
4534,慶騰,16,1,15,華南永昌-頭份,2024-08-12,9343
00632R,元大台灣50反1,135,120,15,華南永昌-頭份,2024-08-12,9343
00900,富邦特選高股息30,20,5,15,華南永昌-頭份,2024-08-12,9343
1528,恩德,20,5,15,華南永昌-頭份,2024-08-12,9343
2353,宏��,15,1,14,華南永昌-頭份,2024-08-12,9343
1513,中興電,16,3,13,華南永昌-頭份,2024-08-12,9343
2359,所羅門,16,3,13,華南永昌-頭份,2024-08-12,9343
5443,均豪,22,9,13,華南永昌-頭份,2024-08-12,9343
1909,榮成,12,0,12,華南永昌-頭份,2024-08-12,9343
3715,定穎投控,16,4,12,華南永昌-頭份,2024-08-12,9343
4526,東台,12,1,11,華南永昌-頭份,2024-08-12,9343
9945,潤泰新,10,0,10,華南永昌-頭份,2024-08-12,9343
00893,國泰智能電動車,10,0,10,華南永昌-頭份,2024-08-12,9343
00915,凱基優選高股息30,10,0,10,華南永昌-頭份,2024-08-12,9343
2605,新興,10,0,10,華南永昌-頭份,2024-08-12,9343
4583,台灣精銳,10,0,10,華南永昌-頭份,2024-08-12,9343
8150,南茂,10,0,10,華南永昌-頭份,2024-08-12,9343
8374,羅昇,35,25,10,華南永昌-頭份,2024-08-12,9343
3167,大量,15,6,9,華南永昌-頭份,2024-08-12,9343
0050,元大台灣50,10,1,9,華南永昌-頭份,2024-08-12,9343
1536,和大,13,5,8,華南永昌-頭份,2024-08-12,9343
1806,冠軍,8,0,8,華南永昌-頭份,2024-08-12,9343
2489,瑞軒,17,9,8,華南永昌-頭份,2024-08-12,9343
5351,鈺創,10,3,7,華南永昌-頭份,2024-08-12,9343
8064,東捷,16,9,7,華南永昌-頭份,2024-08-12,9343
1313,聯成,6,0,6,華南永昌-頭份,2024-08-12,9343
3580,友威科,7,1,6,華南永昌-頭份,2024-08-12,9343
6538,倉和,6,0,6,華南永昌-頭份,2024-08-12,9343
2883,凱基金,6,0,6,華南永昌-頭份,2024-08-12,9343
3663,鑫科,48,43,5,華南永昌-頭份,2024-08-12,9343
1305,華夏,5,0,5,華南永昌-頭份,2024-08-12,9343
1905,華紙,5,0,5,華南永昌-頭份,2024-08-12,9343
2354,鴻準,6,1,5,華南永昌-頭份,2024-08-12,9343
2511,太子,5,0,5,華南永昌-頭份,2024-08-12,9343
2845,遠東銀,5,0,5,華南永昌-頭份,2024-08-12,9343
4167,松瑞藥,5,0,5,華南永昌-頭份,2024-08-12,9343
00632R,元大台灣50反1,230,40,190,華南永昌-頭份,2024-08-13,9343
00929,復華台灣科技優息,125,2,123,華南永昌-頭份,2024-08-13,9343
00680L,元大美債20正2,101,0,101,華南永昌-頭份,2024-08-13,9343
2103,台橡,97,0,97,華南永昌-頭份,2024-08-13,9343
2880,華南金,90,0,90,華南永昌-頭份,2024-08-13,9343
3481,群創,73,11,62,華南永昌-頭份,2024-08-13,9343
2349,錸德,60,0,60,華南永昌-頭份,2024-08-13,9343
00936,台新永續高息中小,50,0,50,華南永昌-頭份,2024-08-13,9343
2615,萬海,111,61,50,華南永昌-頭份,2024-08-13,9343
00679B,元大美債20年,39,2,37,華南永昌-頭份,2024-08-13,9343
1314,中石化,30,0,30,華南永昌-頭份,2024-08-13,9343
00878,國泰永續高股息,42,12,30,華南永昌-頭份,2024-08-13,9343
00891,中信關鍵半導體,26,0,26,華南永昌-頭份,2024-08-13,9343
3013,晟銘電,53,29,24,華南永昌-頭份,2024-08-13,9343
5880,合庫金,21,0,21,華南永昌-頭份,2024-08-13,9343
8096,擎亞,35,14,21,華南永昌-頭份,2024-08-13,9343
00946,群益科技高息成長,20,0,20,華南永昌-頭份,2024-08-13,9343
1609,大亞,23,3,20,華南永昌-頭份,2024-08-13,9343
2327,國巨,16,0,16,華南永昌-頭份,2024-08-13,9343
4157,太景*-KY,13,0,13,華南永昌-頭份,2024-08-13,9343
2886,兆豐金,13,1,12,華南永昌-頭份,2024-08-13,9343
1434,福懋,11,0,11,華南永昌-頭份,2024-08-13,9343
1710,東聯,11,0,11,華南永昌-頭份,2024-08-13,9343
00931B,統一美債20年,10,0,10,華南永昌-頭份,2024-08-13,9343
00720B,元大投資級公司債,10,0,10,華南永昌-頭份,2024-08-13,9343
1802,台玻,10,0,10,華南永昌-頭份,2024-08-13,9343
2915,潤泰全,10,0,10,華南永昌-頭份,2024-08-13,9343
4566,時碩工業,14,4,10,華南永昌-頭份,2024-08-13,9343
2834,臺企銀,10,1,9,華南永昌-頭份,2024-08-13,9343
1815,富喬,11,2,9,華南永昌-頭份,2024-08-13,9343
2374,佳能,12,3,9,華南永昌-頭份,2024-08-13,9343
6125,廣運,15,6,9,華南永昌-頭份,2024-08-13,9343
2610,華航,8,0,8,華南永昌-頭份,2024-08-13,9343
3036,文曄,10,2,8,華南永昌-頭份,2024-08-13,9343
2609,陽明,10,3,7,華南永昌-頭份,2024-08-13,9343
2383,台光電,7,0,7,華南永昌-頭份,2024-08-13,9343
2313,華通,12,5,7,華南永昌-頭份,2024-08-13,9343
4967,十銓,13,6,7,華南永昌-頭份,2024-08-13,9343
5522,遠雄,7,0,7,華南永昌-頭份,2024-08-13,9343
8071,能率網通,13,6,7,華南永昌-頭份,2024-08-13,9343
3691,碩禾,6,0,6,華南永昌-頭份,2024-08-13,9343
2891,中信金,11,5,6,華南永昌-頭份,2024-08-13,9343
3048,益登,18,12,6,華南永昌-頭份,2024-08-13,9343
3374,精材,7,1,6,華南永昌-頭份,2024-08-13,9343
8150,南茂,10,4,6,華南永昌-頭份,2024-08-13,9343
2330,台積電,7,2,5,華南永昌-頭份,2024-08-13,9343
00857B,永豐20年美公債,5,0,5,華南永昌-頭份,2024-08-13,9343
00795B,中信美國公債20年,9,4,5,華南永昌-頭份,2024-08-13,9343
00665L,富邦�琤肭磪囓�2,5,0,5,華南永昌-頭份,2024-08-13,9343
00637L,元大滬深300正2,5,0,5,華南永昌-頭份,2024-08-13,9343
5880,合庫金,316,20,296,華南永昌-頭份,2024-08-14,9343
00937B,群益ESG投等債20,200,24,176,華南永昌-頭份,2024-08-14,9343
00900,富邦特選高股息30,135,4,131,華南永昌-頭份,2024-08-14,9343
3481,群創,81,0,81,華南永昌-頭份,2024-08-14,9343
00741B,富邦全球非投等債,50,0,50,華南永昌-頭份,2024-08-14,9343
2337,旺宏,44,2,42,華南永昌-頭份,2024-08-14,9343
00679B,元大美債20年,38,0,38,華南永昌-頭份,2024-08-14,9343
00946,群益科技高息成長,27,0,27,華南永昌-頭份,2024-08-14,9343
5905,南仁湖,25,0,25,華南永昌-頭份,2024-08-14,9343
00934,中信成長高股息,25,0,25,華南永昌-頭份,2024-08-14,9343
2427,三商電,23,0,23,華南永昌-頭份,2024-08-14,9343
00881,國泰台灣5G+,36,16,20,華南永昌-頭份,2024-08-14,9343
4540,全球傳動,22,3,19,華南永昌-頭份,2024-08-14,9343
1815,富喬,18,0,18,華南永昌-頭份,2024-08-14,9343
00948B,中信優息投資級債,22,5,17,華南永昌-頭份,2024-08-14,9343
4562,穎漢,42,26,16,華南永昌-頭份,2024-08-14,9343
1785,光洋科,16,0,16,華南永昌-頭份,2024-08-14,9343
2356,英業達,28,15,13,華南永昌-頭份,2024-08-14,9343
00715L,期街口布蘭特正2,13,0,13,華南永昌-頭份,2024-08-14,9343
3551,世禾,12,0,12,華南永昌-頭份,2024-08-14,9343
4933,友輝,12,0,12,華南永昌-頭份,2024-08-14,9343
00936,台新永續高息中小,18,7,11,華南永昌-頭份,2024-08-14,9343
2312,金寶,12,1,11,華南永昌-頭份,2024-08-14,9343
1101,台泥,12,2,10,華南永昌-頭份,2024-08-14,9343
00680L,元大美債20正2,10,0,10,華南永昌-頭份,2024-08-14,9343
1727,中華化,10,0,10,華南永昌-頭份,2024-08-14,9343
2009,第一銅,10,0,10,華南永昌-頭份,2024-08-14,9343
3162,精確,10,0,10,華南永昌-頭份,2024-08-14,9343
4123,晟德,10,0,10,華南永昌-頭份,2024-08-14,9343
4746,台耀,10,0,10,華南永昌-頭份,2024-08-14,9343
4763,材料-KY,13,3,10,華南永昌-頭份,2024-08-14,9343
4526,東台,9,0,9,華南永昌-頭份,2024-08-14,9343
2002,中鋼,11,2,9,華南永昌-頭份,2024-08-14,9343
00919,群益台灣精選高息,15,7,8,華南永昌-頭份,2024-08-14,9343
00882,中信中國高股息,8,0,8,華南永昌-頭份,2024-08-14,9343
1314,中石化,19,11,8,華南永昌-頭份,2024-08-14,9343
2545,皇翔,11,3,8,華南永昌-頭份,2024-08-14,9343
3673,TPK-KY,14,6,8,華南永昌-頭份,2024-08-14,9343
6177,達麗,8,0,8,華南永昌-頭份,2024-08-14,9343
00637L,元大滬深300正2,12,5,7,華南永昌-頭份,2024-08-14,9343
3202,樺晟,8,1,7,華南永昌-頭份,2024-08-14,9343
2609,陽明,9,3,6,華南永昌-頭份,2024-08-14,9343
1514,亞力,8,2,6,華南永昌-頭份,2024-08-14,9343
4909,新復興,12,6,6,華南永昌-頭份,2024-08-14,9343
6026,福邦證,6,0,6,華南永昌-頭份,2024-08-14,9343
9935,慶豐富,11,5,6,華南永昌-頭份,2024-08-14,9343
00945B,凱基美國非投等債,5,0,5,華南永昌-頭份,2024-08-14,9343
00951,台新日本半導體,5,0,5,華南永昌-頭份,2024-08-14,9343
00888,永豐台灣ESG,5,0,5,華南永昌-頭份,2024-08-14,9343
1597,直得,5,0,5,華南永昌-頭份,2024-08-14,9343
1101,台泥,309,0,309,華南永昌-頭份,2024-08-15,9343
2349,錸德,269,21,248,華南永昌-頭份,2024-08-15,9343
00795B,中信美國公債20年,191,0,191,華南永昌-頭份,2024-08-15,9343
00900,富邦特選高股息30,187,0,187,華南永昌-頭份,2024-08-15,9343
00679B,元大美債20年,146,5,141,華南永昌-頭份,2024-08-15,9343
00929,復華台灣科技優息,142,5,137,華南永昌-頭份,2024-08-15,9343
00878,國泰永續高股息,134,32,102,華南永昌-頭份,2024-08-15,9343
00632R,元大台灣50反1,102,0,102,華南永昌-頭份,2024-08-15,9343
00687B,國泰20年美債,98,3,95,華南永昌-頭份,2024-08-15,9343
2801,彰銀,81,0,81,華南永昌-頭份,2024-08-15,9343
00688L,國泰20年美債正2,76,0,76,華南永昌-頭份,2024-08-15,9343
00680L,元大美債20正2,71,0,71,華南永昌-頭份,2024-08-15,9343
00919,群益台灣精選高息,69,0,69,華南永昌-頭份,2024-08-15,9343
1442,名軒,65,0,65,華南永昌-頭份,2024-08-15,9343
912000,晨訊科-DR,50,0,50,華南永昌-頭份,2024-08-15,9343
1527,鑽全,41,0,41,華南永昌-頭份,2024-08-15,9343
00937B,群益ESG投等債20,59,20,39,華南永昌-頭份,2024-08-15,9343
2489,瑞軒,63,33,30,華南永昌-頭份,2024-08-15,9343
00948B,中信優息投資級債,22,0,22,華南永昌-頭份,2024-08-15,9343
4563,百德,21,0,21,華南永昌-頭份,2024-08-15,9343
1722,台肥,16,0,16,華南永昌-頭份,2024-08-15,9343
4532,瑞智,14,0,14,華南永昌-頭份,2024-08-15,9343
6244,茂迪,13,0,13,華南永昌-頭份,2024-08-15,9343
00731,復華富時高息低波,12,0,12,華南永昌-頭份,2024-08-15,9343
2543,皇昌,18,6,12,華南永昌-頭份,2024-08-15,9343
4108,懷特,12,0,12,華南永昌-頭份,2024-08-15,9343
2062,橋椿,11,0,11,華南永昌-頭份,2024-08-15,9343
3390,旭軟,12,1,11,華南永昌-頭份,2024-08-15,9343
9904,寶成,11,0,11,華南永昌-頭份,2024-08-15,9343
00940,元大台灣價值高息,15,5,10,華南永昌-頭份,2024-08-15,9343
8440,綠電,10,0,10,華南永昌-頭份,2024-08-15,9343
9105,泰金寶-DR,10,0,10,華南永昌-頭份,2024-08-15,9343
2630,亞航,10,0,10,華南永昌-頭份,2024-08-15,9343
1802,台玻,10,0,10,華南永昌-頭份,2024-08-15,9343
2461,光群雷,11,1,10,華南永昌-頭份,2024-08-15,9343
2905,三商,10,0,10,華南永昌-頭份,2024-08-15,9343
3550,聯穎,10,0,10,華南永昌-頭份,2024-08-15,9343
6156,松上,10,0,10,華南永昌-頭份,2024-08-15,9343
8028,昇陽半導體,11,1,10,華南永昌-頭份,2024-08-15,9343
4157,太景*-KY,9,0,9,華南永昌-頭份,2024-08-15,9343
5371,中光電,9,0,9,華南永昌-頭份,2024-08-15,9343
2002,中鋼,8,0,8,華南永昌-頭份,2024-08-15,9343
3189,景碩,10,2,8,華南永昌-頭份,2024-08-15,9343
2344,華邦電,12,4,8,華南永昌-頭份,2024-08-15,9343
2501,國建,14,6,8,華南永昌-頭份,2024-08-15,9343
3202,樺晟,10,2,8,華南永昌-頭份,2024-08-15,9343
3592,瑞鼎,8,0,8,華南永昌-頭份,2024-08-15,9343
8011,台通,21,13,8,華南永昌-頭份,2024-08-15,9343
8085,福華,8,0,8,華南永昌-頭份,2024-08-15,9343
2330,台積電,9,1,8,華南永昌-頭份,2024-08-15,9343
00687B,國泰20年美債,149,0,149,華南永昌-頭份,2024-08-16,9343
00632R,元大台灣50反1,71,0,71,華南永昌-頭份,2024-08-16,9343
00679B,元大美債20年,55,10,45,華南永昌-頭份,2024-08-16,9343
2905,三商,45,0,45,華南永昌-頭份,2024-08-16,9343
00929,復華台灣科技優息,72,28,44,華南永昌-頭份,2024-08-16,9343
2312,金寶,40,11,29,華南永昌-頭份,2024-08-16,9343
3617,碩天,25,0,25,華南永昌-頭份,2024-08-16,9343
2489,瑞軒,39,18,21,華南永昌-頭份,2024-08-16,9343
2062,橋椿,33,17,16,華南永昌-頭份,2024-08-16,9343
3032,偉訓,26,10,16,華南永昌-頭份,2024-08-16,9343
00878,國泰永續高股息,50,34,16,華南永昌-頭份,2024-08-16,9343
00919,群益台灣精選高息,16,1,15,華南永昌-頭份,2024-08-16,9343
3645,達邁,15,0,15,華南永昌-頭份,2024-08-16,9343
5530,龍巖,15,0,15,華南永昌-頭份,2024-08-16,9343
6531,愛普*,15,0,15,華南永昌-頭份,2024-08-16,9343
00680L,元大美債20正2,13,0,13,華南永昌-頭份,2024-08-16,9343
00900,富邦特選高股息30,13,0,13,華南永昌-頭份,2024-08-16,9343
2543,皇昌,13,0,13,華南永昌-頭份,2024-08-16,9343
3374,精材,25,12,13,華南永昌-頭份,2024-08-16,9343
00948B,中信優息投資級債,20,8,12,華南永昌-頭份,2024-08-16,9343
4967,十銓,12,0,12,華南永昌-頭份,2024-08-16,9343
2328,廣宇,11,0,11,華南永昌-頭份,2024-08-16,9343
2867,三商壽,14,3,11,華南永昌-頭份,2024-08-16,9343
00795B,中信美國公債20年,10,0,10,華南永昌-頭份,2024-08-16,9343
2401,凌陽,11,1,10,華南永昌-頭份,2024-08-16,9343
2323,中環,37,27,10,華南永昌-頭份,2024-08-16,9343
2497,怡利電,10,0,10,華南永昌-頭份,2024-08-16,9343
3276,宇環,10,0,10,華南永昌-頭份,2024-08-16,9343
2461,光群雷,7,0,7,華南永昌-頭份,2024-08-16,9343
2889,國票金,7,0,7,華南永昌-頭份,2024-08-16,9343
3230,錦明,7,0,7,華南永昌-頭份,2024-08-16,9343
6869,雲豹能源,8,1,7,華南永昌-頭份,2024-08-16,9343
1536,和大,7,1,6,華南永昌-頭份,2024-08-16,9343
1611,中電,6,0,6,華南永昌-頭份,2024-08-16,9343
2314,台揚,6,0,6,華南永昌-頭份,2024-08-16,9343
2913,農林,6,0,6,華南永昌-頭份,2024-08-16,9343
3078,僑威,6,0,6,華南永昌-頭份,2024-08-16,9343
3339,泰谷,6,0,6,華南永昌-頭份,2024-08-16,9343
5371,中光電,6,0,6,華南永昌-頭份,2024-08-16,9343
6122,擎邦,6,0,6,華南永昌-頭份,2024-08-16,9343
6505,台塑化,6,0,6,華南永昌-頭份,2024-08-16,9343
9105,泰金寶-DR,6,0,6,華南永昌-頭份,2024-08-16,9343
2313,華通,8,2,6,華南永昌-頭份,2024-08-16,9343
0056,元大高股息,6,1,5,華南永昌-頭份,2024-08-16,9343
1307,三芳,5,0,5,華南永昌-頭份,2024-08-16,9343
2367,燿華,6,1,5,華南永昌-頭份,2024-08-16,9343
2419,仲琦,5,0,5,華南永昌-頭份,2024-08-16,9343
4909,新復興,14,9,5,華南永昌-頭份,2024-08-16,9343
6152,百一,5,0,5,華南永昌-頭份,2024-08-16,9343
6187,萬潤,18,13,5,華南永昌-頭份,2024-08-16,9343
00937B,群益ESG投等債20,252,25,227,華南永昌-頭份,2024-08-19,9343
1815,富喬,103,3,100,華南永昌-頭份,2024-08-19,9343
2888,新光金,104,26,78,華南永昌-頭份,2024-08-19,9343
00929,復華台灣科技優息,128,57,71,華南永昌-頭份,2024-08-19,9343
00948B,中信優息投資級債,66,0,66,華南永昌-頭份,2024-08-19,9343
2344,華邦電,59,2,57,華南永昌-頭份,2024-08-19,9343
00688L,國泰20年美債正2,43,0,43,華南永昌-頭份,2024-08-19,9343
2884,玉山金,26,1,25,華南永昌-頭份,2024-08-19,9343
2609,陽明,22,0,22,華南永昌-頭份,2024-08-19,9343
2537,聯上發,21,0,21,華南永昌-頭份,2024-08-19,9343
2882,國泰金,29,8,21,華南永昌-頭份,2024-08-19,9343
00918,大華優利高填息30,20,0,20,華南永昌-頭份,2024-08-19,9343
00923,群益台ESG低碳50,23,3,20,華南永昌-頭份,2024-08-19,9343
00945B,凱基美國非投等債,20,0,20,華南永昌-頭份,2024-08-19,9343
00731,復華富時高息低波,20,0,20,華南永昌-頭份,2024-08-19,9343
2392,正崴,20,0,20,華南永昌-頭份,2024-08-19,9343
5309,系統電,29,9,20,華南永昌-頭份,2024-08-19,9343
00885,富邦越南,20,1,19,華南永昌-頭份,2024-08-19,9343
00679B,元大美債20年,27,10,17,華南永昌-頭份,2024-08-19,9343
00940,元大台灣價值高息,22,6,16,華南永昌-頭份,2024-08-19,9343
00795B,中信美國公債20年,15,0,15,華南永昌-頭份,2024-08-19,9343
00882,中信中國高股息,15,0,15,華南永昌-頭份,2024-08-19,9343
1316,上曜,15,0,15,華南永昌-頭份,2024-08-19,9343
1101,台泥,14,0,14,華南永昌-頭份,2024-08-19,9343
2002,中鋼,14,2,12,華南永昌-頭份,2024-08-19,9343
9904,寶成,12,0,12,華南永昌-頭份,2024-08-19,9343
1609,大亞,11,0,11,華南永昌-頭份,2024-08-19,9343
00907,永豐優息存股,11,0,11,華南永昌-頭份,2024-08-19,9343
4967,十銓,11,0,11,華南永昌-頭份,2024-08-19,9343
1416,廣豐,10,0,10,華南永昌-頭份,2024-08-19,9343
3052,夆典,10,0,10,華南永昌-頭份,2024-08-19,9343
6770,力積電,10,0,10,華南永昌-頭份,2024-08-19,9343
8076,伍豐,10,0,10,華南永昌-頭份,2024-08-19,9343
8086,宏捷科,10,0,10,華南永昌-頭份,2024-08-19,9343
6869,雲豹能源,20,10,10,華南永昌-頭份,2024-08-19,9343
2349,錸德,22,13,9,華南永昌-頭份,2024-08-19,9343
2374,佳能,11,2,9,華南永昌-頭份,2024-08-19,9343
2883,凱基金,10,1,9,華南永昌-頭份,2024-08-19,9343
3374,精材,19,10,9,華南永昌-頭份,2024-08-19,9343
00919,群益台灣精選高息,10,2,8,華南永昌-頭份,2024-08-19,9343
5452,佶優,9,1,8,華南永昌-頭份,2024-08-19,9343
8374,羅昇,14,6,8,華南永昌-頭份,2024-08-19,9343
2489,瑞軒,14,6,8,華南永昌-頭份,2024-08-19,9343
5519,隆大,8,0,8,華南永昌-頭份,2024-08-19,9343
3047,訊舟,17,10,7,華南永昌-頭份,2024-08-19,9343
3665,貿聯-KY,9,2,7,華南永昌-頭份,2024-08-19,9343
4562,穎漢,16,9,7,華南永昌-頭份,2024-08-19,9343
2354,鴻準,30,23,7,華南永昌-頭份,2024-08-19,9343
8096,擎亞,12,6,6,華南永昌-頭份,2024-08-19,9343
2486,一詮,7,1,6,華南永昌-頭份,2024-08-19,9343
2489,瑞軒,193,16,177,華南永昌-頭份,2024-08-20,9343
00919,群益台灣精選高息,112,2,110,華南永昌-頭份,2024-08-20,9343
2867,三商壽,111,2,109,華南永昌-頭份,2024-08-20,9343
5481,新華,70,0,70,華南永昌-頭份,2024-08-20,9343
00688L,國泰20年美債正2,69,0,69,華南永昌-頭份,2024-08-20,9343
00923,群益台ESG低碳50,60,14,46,華南永昌-頭份,2024-08-20,9343
00679B,元大美債20年,44,0,44,華南永昌-頭份,2024-08-20,9343
00665L,富邦�琤肭磪囓�2,32,0,32,華南永昌-頭份,2024-08-20,9343
00918,大華優利高填息30,31,1,30,華南永昌-頭份,2024-08-20,9343
1785,光洋科,39,15,24,華南永昌-頭份,2024-08-20,9343
00715L,期街口布蘭特正2,23,0,23,華南永昌-頭份,2024-08-20,9343
00934,中信成長高股息,27,5,22,華南永昌-頭份,2024-08-20,9343
2412,中華電,20,0,20,華南永昌-頭份,2024-08-20,9343
00933B,國泰10Y+金融債,20,1,19,華南永昌-頭份,2024-08-20,9343
1795,美時,20,2,18,華南永昌-頭份,2024-08-20,9343
5309,系統電,20,2,18,華南永昌-頭份,2024-08-20,9343
6190,萬泰科,17,1,16,華南永昌-頭份,2024-08-20,9343
2645,長榮航太,15,0,15,華南永昌-頭份,2024-08-20,9343
2317,鴻海,31,16,15,華南永昌-頭份,2024-08-20,9343
8064,東捷,23,9,14,華南永昌-頭份,2024-08-20,9343
00915,凱基優選高股息30,12,0,12,華南永昌-頭份,2024-08-20,9343
5345,天揚,12,0,12,華南永昌-頭份,2024-08-20,9343
2915,潤泰全,11,0,11,華南永昌-頭份,2024-08-20,9343
3052,夆典,11,0,11,華南永昌-頭份,2024-08-20,9343
5519,隆大,16,5,11,華南永昌-頭份,2024-08-20,9343
6278,台表科,11,0,11,華南永昌-頭份,2024-08-20,9343
2527,宏璟,10,0,10,華南永昌-頭份,2024-08-20,9343
2528,皇普,10,0,10,華南永昌-頭份,2024-08-20,9343
2905,三商,10,0,10,華南永昌-頭份,2024-08-20,9343
3028,增你強,10,0,10,華南永昌-頭份,2024-08-20,9343
3380,明泰,10,0,10,華南永昌-頭份,2024-08-20,9343
8105,凌巨,10,0,10,華南永昌-頭份,2024-08-20,9343
00937B,群益ESG投等債20,12,3,9,華南永昌-頭份,2024-08-20,9343
3050,鈺德,14,5,9,華南永昌-頭份,2024-08-20,9343
3312,弘憶股,14,5,9,華南永昌-頭份,2024-08-20,9343
3339,泰谷,8,0,8,華南永昌-頭份,2024-08-20,9343
8071,能率網通,14,6,8,華南永昌-頭份,2024-08-20,9343
2020,美亞,8,0,8,華南永昌-頭份,2024-08-20,9343
6841,長佳智能,12,4,8,華南永昌-頭份,2024-08-20,9343
2882,國泰金,9,1,8,華南永昌-頭份,2024-08-20,9343
4534,慶騰,7,0,7,華南永昌-頭份,2024-08-20,9343
1446,宏和,7,0,7,華南永昌-頭份,2024-08-20,9343
2062,橋椿,22,15,7,華南永昌-頭份,2024-08-20,9343
2397,友通,7,0,7,華南永昌-頭份,2024-08-20,9343
5522,遠雄,7,0,7,華南永昌-頭份,2024-08-20,9343
2352,佳世達,7,1,6,華南永昌-頭份,2024-08-20,9343
3019,亞光,6,0,6,華南永昌-頭份,2024-08-20,9343
1802,台玻,7,1,6,華南永昌-頭份,2024-08-20,9343
2609,陽明,6,0,6,華南永昌-頭份,2024-08-20,9343
3308,聯德,6,0,6,華南永昌-頭份,2024-08-20,9343
2323,中環,315,3,312,華南永昌-頭份,2024-08-21,9343
2888,新光金,410,157,253,華南永昌-頭份,2024-08-21,9343
2867,三商壽,144,21,123,華南永昌-頭份,2024-08-21,9343
00632R,元大台灣50反1,102,21,81,華南永昌-頭份,2024-08-21,9343
2891,中信金,81,1,80,華南永昌-頭份,2024-08-21,9343
00940,元大台灣價值高息,69,11,58,華南永昌-頭份,2024-08-21,9343
5309,系統電,59,13,46,華南永昌-頭份,2024-08-21,9343
00688L,國泰20年美債正2,165,120,45,華南永昌-頭份,2024-08-21,9343
4157,太景*-KY,41,0,41,華南永昌-頭份,2024-08-21,9343
00919,群益台灣精選高息,38,0,38,華南永昌-頭份,2024-08-21,9343
6757,台灣虎航,33,2,31,華南永昌-頭份,2024-08-21,9343
1314,中石化,43,13,30,華南永昌-頭份,2024-08-21,9343
1409,新纖,25,0,25,華南永昌-頭份,2024-08-21,9343
00946,群益科技高息成長,20,0,20,華南永昌-頭份,2024-08-21,9343
6788,華景電,20,1,19,華南永昌-頭份,2024-08-21,9343
00939,統一台灣高息動能,20,2,18,華南永昌-頭份,2024-08-21,9343
2388,威盛,36,19,17,華南永昌-頭份,2024-08-21,9343
2356,英業達,24,7,17,華南永昌-頭份,2024-08-21,9343
1101,台泥,16,0,16,華南永昌-頭份,2024-08-21,9343
2337,旺宏,16,0,16,華南永昌-頭份,2024-08-21,9343
2344,華邦電,18,2,16,華南永昌-頭份,2024-08-21,9343
00941,中信上游半導體,15,0,15,華南永昌-頭份,2024-08-21,9343
8064,東捷,31,16,15,華南永昌-頭份,2024-08-21,9343
00795B,中信美國公債20年,14,0,14,華南永昌-頭份,2024-08-21,9343
4563,百德,25,11,14,華南永昌-頭份,2024-08-21,9343
6753,龍德造船,13,0,13,華南永昌-頭份,2024-08-21,9343
00915,凱基優選高股息30,12,0,12,華南永昌-頭份,2024-08-21,9343
00715L,期街口布蘭特正2,12,0,12,華南永昌-頭份,2024-08-21,9343
1617,榮星,12,0,12,華南永昌-頭份,2024-08-21,9343
4555,氣立,11,0,11,華南永昌-頭份,2024-08-21,9343
5371,中光電,11,0,11,華南永昌-頭份,2024-08-21,9343
3535,晶彩科,15,4,11,華南永昌-頭份,2024-08-21,9343
2330,台積電,11,1,10,華南永昌-頭份,2024-08-21,9343
2312,金寶,47,37,10,華南永昌-頭份,2024-08-21,9343
2313,華通,10,0,10,華南永昌-頭份,2024-08-21,9343
2527,宏璟,10,0,10,華南永昌-頭份,2024-08-21,9343
3707,漢磊,10,0,10,華南永昌-頭份,2024-08-21,9343
4726,永昕,10,0,10,華南永昌-頭份,2024-08-21,9343
4995,晶達,10,0,10,華南永昌-頭份,2024-08-21,9343
2062,橋椿,17,8,9,華南永昌-頭份,2024-08-21,9343
4906,正文,9,0,9,華南永昌-頭份,2024-08-21,9343
5519,隆大,21,12,9,華南永昌-頭份,2024-08-21,9343
1711,永光,11,2,9,華南永昌-頭份,2024-08-21,9343
2348,海悅,9,1,8,華南永昌-頭份,2024-08-21,9343
3450,聯鈞,12,5,7,華南永昌-頭份,2024-08-21,9343
1785,光洋科,7,0,7,華南永昌-頭份,2024-08-21,9343
00665L,富邦�琤肭磪囓�2,7,0,7,華南永昌-頭份,2024-08-21,9343
5530,龍巖,7,0,7,華南永昌-頭份,2024-08-21,9343
6133,金橋,10,3,7,華南永昌-頭份,2024-08-21,9343
6770,力積電,10,3,7,華南永昌-頭份,2024-08-21,9343
2890,永豐金,260,0,260,華南永昌-頭份,2024-08-22,9343
00688L,國泰20年美債正2,181,0,181,華南永昌-頭份,2024-08-22,9343
00632R,元大台灣50反1,102,1,101,華南永昌-頭份,2024-08-22,9343
6116,彩晶,50,0,50,華南永昌-頭份,2024-08-22,9343
8096,擎亞,84,46,38,華南永昌-頭份,2024-08-22,9343
00929,復華台灣科技優息,26,0,26,華南永昌-頭份,2024-08-22,9343
00664R,國泰臺灣加權反1,25,0,25,華南永昌-頭份,2024-08-22,9343
5519,隆大,32,10,22,華南永昌-頭份,2024-08-22,9343
8390,金益鼎,23,2,21,華南永昌-頭份,2024-08-22,9343
1310,台苯,20,0,20,華南永昌-頭份,2024-08-22,9343
1709,和益,30,10,20,華南永昌-頭份,2024-08-22,9343
1514,亞力,26,7,19,華南永昌-頭份,2024-08-22,9343
2891,中信金,20,2,18,華南永昌-頭份,2024-08-22,9343
2317,鴻海,67,50,17,華南永昌-頭份,2024-08-22,9343
6757,台灣虎航,17,0,17,華南永昌-頭份,2024-08-22,9343
0056,元大高股息,21,5,16,華南永昌-頭份,2024-08-22,9343
00680L,元大美債20正2,16,0,16,華南永昌-頭份,2024-08-22,9343
1409,新纖,32,16,16,華南永昌-頭份,2024-08-22,9343
2610,華航,15,0,15,華南永昌-頭份,2024-08-22,9343
00878,國泰永續高股息,14,0,14,華南永昌-頭份,2024-08-22,9343
00907,永豐優息存股,13,0,13,華南永昌-頭份,2024-08-22,9343
00715L,期街口布蘭特正2,17,5,12,華南永昌-頭份,2024-08-22,9343
9934,成霖,12,0,12,華南永昌-頭份,2024-08-22,9343
2388,威盛,33,22,11,華南永昌-頭份,2024-08-22,9343
00953B,群益優選非投等債,11,0,11,華南永昌-頭份,2024-08-22,9343
5443,均豪,22,11,11,華南永昌-頭份,2024-08-22,9343
6492,生華科,11,0,11,華南永昌-頭份,2024-08-22,9343
3038,全台,10,0,10,華南永昌-頭份,2024-08-22,9343
4526,東台,10,0,10,華南永昌-頭份,2024-08-22,9343
4933,友輝,10,0,10,華南永昌-頭份,2024-08-22,9343
5347,世界,10,0,10,華南永昌-頭份,2024-08-22,9343
00919,群益台灣精選高息,9,0,9,華南永昌-頭份,2024-08-22,9343
2867,三商壽,10,1,9,華南永昌-頭份,2024-08-22,9343
3707,漢磊,10,1,9,華南永昌-頭份,2024-08-22,9343
1721,三晃,10,1,9,華南永昌-頭份,2024-08-22,9343
00937B,群益ESG投等債20,8,0,8,華南永昌-頭份,2024-08-22,9343
3374,精材,23,15,8,華南永昌-頭份,2024-08-22,9343
00902,中信電池及儲能,8,0,8,華南永昌-頭份,2024-08-22,9343
1503,士電,8,0,8,華南永昌-頭份,2024-08-22,9343
2337,旺宏,12,4,8,華南永昌-頭份,2024-08-22,9343
3663,鑫科,14,7,7,華南永昌-頭份,2024-08-22,9343
3062,建漢,10,3,7,華南永昌-頭份,2024-08-22,9343
6125,廣運,11,4,7,華南永昌-頭份,2024-08-22,9343
1612,宏泰,7,0,7,華南永昌-頭份,2024-08-22,9343
3231,緯創,8,1,7,華南永昌-頭份,2024-08-22,9343
4909,新復興,9,2,7,華南永昌-頭份,2024-08-22,9343
1519,華城,14,8,6,華南永昌-頭份,2024-08-22,9343
3312,弘憶股,12,6,6,華南永昌-頭份,2024-08-22,9343
3047,訊舟,20,14,6,華南永昌-頭份,2024-08-22,9343
00643,群益深証中小,6,0,6,華南永昌-頭份,2024-08-22,9343
00680L,元大美債20正2,112,0,112,華南永昌-頭份,2024-08-23,9343
00632R,元大台灣50反1,120,20,100,華南永昌-頭份,2024-08-23,9343
2883,凱基金,60,0,60,華南永昌-頭份,2024-08-23,9343
2887,台新金,58,2,56,華南永昌-頭份,2024-08-23,9343
1314,中石化,55,6,49,華南永昌-頭份,2024-08-23,9343
8104,錸寶,49,1,48,華南永昌-頭份,2024-08-23,9343
00954,中信日本半導體,45,0,45,華南永昌-頭份,2024-08-23,9343
00929,復華台灣科技優息,29,1,28,華南永昌-頭份,2024-08-23,9343
2317,鴻海,36,9,27,華南永昌-頭份,2024-08-23,9343
1316,上曜,23,0,23,華南永昌-頭份,2024-08-23,9343
00715L,期街口布蘭特正2,21,1,20,華南永昌-頭份,2024-08-23,9343
1802,台玻,20,0,20,華南永昌-頭份,2024-08-23,9343
2527,宏璟,20,0,20,華南永昌-頭份,2024-08-23,9343
1708,東鹼,32,13,19,華南永昌-頭份,2024-08-23,9343
3189,景碩,29,11,18,華南永昌-頭份,2024-08-23,9343
2349,錸德,60,43,17,華南永昌-頭份,2024-08-23,9343
2834,臺企銀,14,1,13,華南永昌-頭份,2024-08-23,9343
6177,達麗,11,0,11,華南永昌-頭份,2024-08-23,9343
9105,泰金寶-DR,11,0,11,華南永昌-頭份,2024-08-23,9343
2442,新美齊,11,0,11,華南永昌-頭份,2024-08-23,9343
3376,新日興,11,0,11,華南永昌-頭份,2024-08-23,9343
5210,寶碩,11,0,11,華南永昌-頭份,2024-08-23,9343
2388,威盛,20,9,11,華南永昌-頭份,2024-08-23,9343
5309,系統電,16,6,10,華南永昌-頭份,2024-08-23,9343
2406,國碩,10,0,10,華南永昌-頭份,2024-08-23,9343
1522,堤維西,16,6,10,華南永昌-頭份,2024-08-23,9343
6244,茂迪,9,0,9,華南永昌-頭份,2024-08-23,9343
6901,鑽石投資,9,0,9,華南永昌-頭份,2024-08-23,9343
00940,元大台灣價值高息,11,2,9,華南永昌-頭份,2024-08-23,9343
1711,永光,40,34,6,華南永昌-頭份,2024-08-23,9343
2062,橋椿,11,5,6,華南永昌-頭份,2024-08-23,9343
4128,中天,6,0,6,華南永昌-頭份,2024-08-23,9343
4716,大立,6,0,6,華南永昌-頭份,2024-08-23,9343
00664R,國泰臺灣加權反1,5,0,5,華南永昌-頭份,2024-08-23,9343
00949,復華日本龍頭,5,0,5,華南永昌-頭份,2024-08-23,9343
1582,信錦,5,0,5,華南永昌-頭份,2024-08-23,9343
2329,華泰,6,1,5,華南永昌-頭份,2024-08-23,9343
2337,旺宏,6,1,5,華南永昌-頭份,2024-08-23,9343
3056,富華新,5,0,5,華南永昌-頭份,2024-08-23,9343
3147,大綜,5,0,5,華南永昌-頭份,2024-08-23,9343
4909,新復興,6,1,5,華南永昌-頭份,2024-08-23,9343
5452,佶優,11,6,5,華南永昌-頭份,2024-08-23,9343
6438,迅得,5,0,5,華南永昌-頭份,2024-08-23,9343
6895,宏碩系統,6,1,5,華南永昌-頭份,2024-08-23,9343
8070,長華*,24,19,5,華南永昌-頭份,2024-08-23,9343
8089,康全電訊,5,0,5,華南永昌-頭份,2024-08-23,9343
8096,擎亞,21,16,5,華南永昌-頭份,2024-08-23,9343
8277,商丞,5,0,5,華南永昌-頭份,2024-08-23,9343
00919,群益台灣精選高息,4,0,4,華南永昌-頭份,2024-08-23,9343
3663,鑫科,13,9,4,華南永昌-頭份,2024-08-23,9343
00687B,國泰20年美債,153,0,153,華南永昌-頭份,2024-08-26,9343
2890,永豐金,130,0,130,華南永昌-頭份,2024-08-26,9343
2867,三商壽,72,9,63,華南永昌-頭份,2024-08-26,9343
00679B,元大美債20年,53,0,53,華南永昌-頭份,2024-08-26,9343
2888,新光金,145,98,47,華南永昌-頭份,2024-08-26,9343
00929,復華台灣科技優息,40,7,33,華南永昌-頭份,2024-08-26,9343
2883,凱基金,29,2,27,華南永昌-頭份,2024-08-26,9343
3312,弘憶股,23,4,19,華南永昌-頭份,2024-08-26,9343
2891,中信金,19,2,17,華南永昌-頭份,2024-08-26,9343
1316,上曜,26,10,16,華南永昌-頭份,2024-08-26,9343
2399,映泰,18,3,15,華南永昌-頭份,2024-08-26,9343
2515,中工,19,4,15,華南永昌-頭份,2024-08-26,9343
00937B,群益ESG投等債20,33,20,13,華南永昌-頭份,2024-08-26,9343
2331,精英,18,5,13,華南永昌-頭份,2024-08-26,9343
5512,力麒,13,0,13,華南永昌-頭份,2024-08-26,9343
3019,亞光,16,4,12,華南永昌-頭份,2024-08-26,9343
8110,華東,12,0,12,華南永昌-頭份,2024-08-26,9343
00936,台新永續高息中小,13,2,11,華南永昌-頭份,2024-08-26,9343
2330,台積電,10,0,10,華南永昌-頭份,2024-08-26,9343
00637L,元大滬深300正2,10,0,10,華南永昌-頭份,2024-08-26,9343
8463,潤泰材,10,0,10,華南永昌-頭份,2024-08-26,9343
00919,群益台灣精選高息,14,4,10,華南永昌-頭份,2024-08-26,9343
3673,TPK-KY,10,1,9,華南永昌-頭份,2024-08-26,9343
4526,東台,16,7,9,華南永昌-頭份,2024-08-26,9343
9902,台火,15,6,9,華南永昌-頭份,2024-08-26,9343
8028,昇陽半導體,19,11,8,華南永昌-頭份,2024-08-26,9343
00933B,國泰10Y+金融債,10,2,8,華南永昌-頭份,2024-08-26,9343
3167,大量,8,0,8,華南永昌-頭份,2024-08-26,9343
1312,國喬,8,0,8,華南永昌-頭份,2024-08-26,9343
5347,世界,9,1,8,華南永昌-頭份,2024-08-26,9343
2317,鴻海,31,24,7,華南永昌-頭份,2024-08-26,9343
2601,益航,7,0,7,華南永昌-頭份,2024-08-26,9343
5469,瀚宇博,11,4,7,華南永昌-頭份,2024-08-26,9343
8039,台虹,10,4,6,華南永昌-頭份,2024-08-26,9343
1722,台肥,6,0,6,華南永昌-頭份,2024-08-26,9343
2356,英業達,9,3,6,華南永昌-頭份,2024-08-26,9343
2367,燿華,6,0,6,華南永昌-頭份,2024-08-26,9343
2409,友達,19,13,6,華南永昌-頭份,2024-08-26,9343
3583,辛耘,10,4,6,華南永昌-頭份,2024-08-26,9343
4157,太景*-KY,6,0,6,華南永昌-頭份,2024-08-26,9343
6026,福邦證,6,0,6,華南永昌-頭份,2024-08-26,9343
5443,均豪,27,22,5,華南永昌-頭份,2024-08-26,9343
1309,台達化,5,0,5,華南永昌-頭份,2024-08-26,9343
00664R,國泰臺灣加權反1,5,0,5,華南永昌-頭份,2024-08-26,9343
2354,鴻準,6,1,5,華南永昌-頭份,2024-08-26,9343
2545,皇翔,5,0,5,華南永昌-頭份,2024-08-26,9343
3033,威健,5,0,5,華南永昌-頭份,2024-08-26,9343
6257,矽格,5,0,5,華南永昌-頭份,2024-08-26,9343
6451,訊芯-KY,6,1,5,華南永昌-頭份,2024-08-26,9343
1609,大亞,5,0,5,華南永昌-頭份,2024-08-26,9343
3481,群創,113,14,99,華南永昌-頭份,2024-08-27,9343
2891,中信金,48,2,46,華南永昌-頭份,2024-08-27,9343
1711,永光,53,8,45,華南永昌-頭份,2024-08-27,9343
6757,台灣虎航,32,2,30,華南永昌-頭份,2024-08-27,9343
3707,漢磊,34,6,28,華南永昌-頭份,2024-08-27,9343
1722,台肥,24,0,24,華南永昌-頭份,2024-08-27,9343
00919,群益台灣精選高息,21,0,21,華南永昌-頭份,2024-08-27,9343
2408,南亞科,20,0,20,華南永昌-頭份,2024-08-27,9343
6026,福邦證,20,1,19,華南永昌-頭份,2024-08-27,9343
2330,台積電,23,5,18,華南永昌-頭份,2024-08-27,9343
2882,國泰金,17,0,17,華南永昌-頭份,2024-08-27,9343
1727,中華化,16,0,16,華南永昌-頭份,2024-08-27,9343
2363,矽統,16,0,16,華南永昌-頭份,2024-08-27,9343
2489,瑞軒,15,0,15,華南永昌-頭份,2024-08-27,9343
3149,正達,31,16,15,華南永昌-頭份,2024-08-27,9343
00679B,元大美債20年,14,0,14,華南永昌-頭份,2024-08-27,9343
8111,立��,14,2,12,華南永昌-頭份,2024-08-27,9343
2867,三商壽,12,0,12,華南永昌-頭份,2024-08-27,9343
2331,精英,11,0,11,華南永昌-頭份,2024-08-27,9343
2402,毅嘉,42,31,11,華南永昌-頭份,2024-08-27,9343
00946,群益科技高息成長,10,0,10,華南永昌-頭份,2024-08-27,9343
3673,TPK-KY,16,6,10,華南永昌-頭份,2024-08-27,9343
1325,恆大,10,0,10,華南永昌-頭份,2024-08-27,9343
3057,喬鼎,10,0,10,華南永昌-頭份,2024-08-27,9343
3550,聯穎,10,0,10,華南永昌-頭份,2024-08-27,9343
4109,加捷生醫,10,0,10,華南永昌-頭份,2024-08-27,9343
2610,華航,9,0,9,華南永昌-頭份,2024-08-27,9343
2887,台新金,13,4,9,華南永昌-頭份,2024-08-27,9343
3019,亞光,13,4,9,華南永昌-頭份,2024-08-27,9343
4967,十銓,10,1,9,華南永昌-頭份,2024-08-27,9343
1301,台塑,10,1,9,華南永昌-頭份,2024-08-27,9343
00918,大華優利高填息30,8,0,8,華南永昌-頭份,2024-08-27,9343
2312,金寶,10,2,8,華南永昌-頭份,2024-08-27,9343
4561,健椿,9,1,8,華南永昌-頭份,2024-08-27,9343
4979,華星光,10,2,8,華南永昌-頭份,2024-08-27,9343
3049,精金,7,0,7,華南永昌-頭份,2024-08-27,9343
2615,萬海,11,4,7,華南永昌-頭份,2024-08-27,9343
3325,旭品,8,2,6,華南永昌-頭份,2024-08-27,9343
2356,英業達,6,0,6,華南永昌-頭份,2024-08-27,9343
2515,中工,6,0,6,華南永昌-頭份,2024-08-27,9343
2880,華南金,6,0,6,華南永昌-頭份,2024-08-27,9343
3605,宏致,6,0,6,華南永昌-頭份,2024-08-27,9343
8103,瀚荃,6,0,6,華南永昌-頭份,2024-08-27,9343
5880,合庫金,5,0,5,華南永昌-頭份,2024-08-27,9343
2208,台船,5,0,5,華南永昌-頭份,2024-08-27,9343
2609,陽明,6,1,5,華南永昌-頭份,2024-08-27,9343
6197,佳必琪,6,1,5,華南永昌-頭份,2024-08-27,9343
1304,台聚,5,0,5,華南永昌-頭份,2024-08-27,9343
1721,三晃,5,0,5,華南永昌-頭份,2024-08-27,9343
2362,藍天,5,0,5,華南永昌-頭份,2024-08-27,9343
2890,永豐金,81,4,77,華南永昌-頭份,2024-08-28,9343
5512,力麒,39,2,37,華南永昌-頭份,2024-08-28,9343
5443,均豪,52,18,34,華南永昌-頭份,2024-08-28,9343
1314,中石化,31,0,31,華南永昌-頭份,2024-08-28,9343
4532,瑞智,28,0,28,華南永昌-頭份,2024-08-28,9343
2891,中信金,29,2,27,華南永昌-頭份,2024-08-28,9343
3062,建漢,50,23,27,華南永昌-頭份,2024-08-28,9343
00637L,元大滬深300正2,28,2,26,華南永昌-頭份,2024-08-28,9343
1711,永光,27,2,25,華南永昌-頭份,2024-08-28,9343
00923,群益台ESG低碳50,20,0,20,華南永昌-頭份,2024-08-28,9343
4903,聯光通,20,0,20,華南永昌-頭份,2024-08-28,9343
2313,華通,30,11,19,華南永昌-頭份,2024-08-28,9343
2402,毅嘉,24,7,17,華南永昌-頭份,2024-08-28,9343
3231,緯創,16,0,16,華南永昌-頭份,2024-08-28,9343
9105,泰金寶-DR,15,0,15,華南永昌-頭份,2024-08-28,9343
6213,聯茂,15,2,13,華南永昌-頭份,2024-08-28,9343
3189,景碩,12,1,11,華南永昌-頭份,2024-08-28,9343
2324,仁寶,10,0,10,華南永昌-頭份,2024-08-28,9343
1802,台玻,20,10,10,華南永昌-頭份,2024-08-28,9343
2317,鴻海,48,38,10,華南永昌-頭份,2024-08-28,9343
2349,錸德,10,0,10,華南永昌-頭份,2024-08-28,9343
2739,寒舍,10,0,10,華南永昌-頭份,2024-08-28,9343
4707,磐亞,10,0,10,華南永昌-頭份,2024-08-28,9343
6278,台表科,10,0,10,華南永昌-頭份,2024-08-28,9343
8354,冠好,10,0,10,華南永昌-頭份,2024-08-28,9343
3047,訊舟,33,24,9,華南永昌-頭份,2024-08-28,9343
1522,堤維西,10,1,9,華南永昌-頭份,2024-08-28,9343
1722,台肥,9,0,9,華南永昌-頭份,2024-08-28,9343
3673,TPK-KY,36,27,9,華南永昌-頭份,2024-08-28,9343
00933B,國泰10Y+金融債,10,2,8,華南永昌-頭份,2024-08-28,9343
00633L,富邦上証正2,8,0,8,華南永昌-頭份,2024-08-28,9343
2062,橋椿,23,15,8,華南永昌-頭份,2024-08-28,9343
2449,京元電子,10,2,8,華南永昌-頭份,2024-08-28,9343
3049,精金,7,0,7,華南永昌-頭份,2024-08-28,9343
6133,金橋,7,0,7,華南永昌-頭份,2024-08-28,9343
6603,富強鑫,14,7,7,華南永昌-頭份,2024-08-28,9343
2609,陽明,6,0,6,華南永昌-頭份,2024-08-28,9343
3715,定穎投控,7,1,6,華南永昌-頭份,2024-08-28,9343
4933,友輝,6,0,6,華南永昌-頭份,2024-08-28,9343
6151,晉倫,8,2,6,華南永昌-頭份,2024-08-28,9343
6477,安集,6,0,6,華南永昌-頭份,2024-08-28,9343
2489,瑞軒,9,4,5,華南永昌-頭份,2024-08-28,9343
00664R,國泰臺灣加權反1,5,0,5,華南永昌-頭份,2024-08-28,9343
1444,力麗,5,0,5,華南永昌-頭份,2024-08-28,9343
1718,中纖,5,0,5,華南永昌-頭份,2024-08-28,9343
2528,皇普,5,0,5,華南永昌-頭份,2024-08-28,9343
2610,華航,6,1,5,華南永昌-頭份,2024-08-28,9343
3376,新日興,5,0,5,華南永昌-頭份,2024-08-28,9343
4562,穎漢,8,3,5,華南永昌-頭份,2024-08-28,9343
6838,台新藥,5,0,5,華南永昌-頭份,2024-08-28,9343
2323,中環,320,0,320,華南永昌-頭份,2024-08-29,9343
1540,喬福,184,52,132,華南永昌-頭份,2024-08-29,9343
2409,友達,62,0,62,華南永昌-頭份,2024-08-29,9343
00929,復華台灣科技優息,64,4,60,華南永昌-頭份,2024-08-29,9343
00919,群益台灣精選高息,51,0,51,華南永昌-頭份,2024-08-29,9343
2891,中信金,44,0,44,華南永昌-頭份,2024-08-29,9343
8064,東捷,44,4,40,華南永昌-頭份,2024-08-29,9343
2313,華通,49,14,35,華南永昌-頭份,2024-08-29,9343
2369,菱生,33,0,33,華南永昌-頭份,2024-08-29,9343
4806,桂田文創,29,0,29,華南永昌-頭份,2024-08-29,9343
1314,中石化,34,8,26,華南永昌-頭份,2024-08-29,9343
6733,博晟生醫,26,0,26,華南永昌-頭份,2024-08-29,9343
3167,大量,41,16,25,華南永昌-頭份,2024-08-29,9343
3450,聯鈞,53,29,24,華南永昌-頭份,2024-08-29,9343
00679B,元大美債20年,22,2,20,華南永昌-頭份,2024-08-29,9343
00937B,群益ESG投等債20,16,1,15,華南永昌-頭份,2024-08-29,9343
2062,橋椿,20,5,15,華南永昌-頭份,2024-08-29,9343
3047,訊舟,19,4,15,華南永昌-頭份,2024-08-29,9343
4510,高鋒,37,22,15,華南永昌-頭份,2024-08-29,9343
00878,國泰永續高股息,17,3,14,華南永昌-頭份,2024-08-29,9343
4716,大立,15,2,13,華南永昌-頭份,2024-08-29,9343
2317,鴻海,47,35,12,華南永昌-頭份,2024-08-29,9343
00948B,中信優息投資級債,10,0,10,華南永昌-頭份,2024-08-29,9343
1815,富喬,10,0,10,華南永昌-頭份,2024-08-29,9343
2356,英業達,10,0,10,華南永昌-頭份,2024-08-29,9343
4726,永昕,10,0,10,華南永昌-頭份,2024-08-29,9343
6005,群益證,10,0,10,華南永昌-頭份,2024-08-29,9343
6278,台表科,10,0,10,華南永昌-頭份,2024-08-29,9343
8936,國統,10,0,10,華南永昌-頭份,2024-08-29,9343
00687B,國泰20年美債,33,23,10,華南永昌-頭份,2024-08-29,9343
2362,藍天,16,7,9,華南永昌-頭份,2024-08-29,9343
3049,精金,9,0,9,華南永昌-頭份,2024-08-29,9343
2340,台亞,10,1,9,華南永昌-頭份,2024-08-29,9343
6405,悅城,13,4,9,華南永昌-頭份,2024-08-29,9343
6667,信紘科,9,0,9,華南永昌-頭份,2024-08-29,9343
3149,正達,19,11,8,華南永昌-頭份,2024-08-29,9343
3437,榮創,9,1,8,華南永昌-頭份,2024-08-29,9343
4549,桓達,14,6,8,華南永昌-頭份,2024-08-29,9343
6901,鑽石投資,9,1,8,華南永昌-頭份,2024-08-29,9343
2457,飛宏,7,0,7,華南永昌-頭份,2024-08-29,9343
2890,永豐金,7,0,7,華南永昌-頭份,2024-08-29,9343
2603,長榮,8,1,7,華南永昌-頭份,2024-08-29,9343
8096,擎亞,7,0,7,華南永昌-頭份,2024-08-29,9343
00940,元大台灣價值高息,9,2,7,華南永昌-頭份,2024-08-29,9343
2867,三商壽,17,10,7,華南永昌-頭份,2024-08-29,9343
3663,鑫科,7,0,7,華南永昌-頭份,2024-08-29,9343
6603,富強鑫,16,9,7,華南永昌-頭份,2024-08-29,9343
2330,台積電,11,4,7,華南永昌-頭份,2024-08-29,9343
6805,富世達,7,1,6,華南永昌-頭份,2024-08-29,9343
00637L,元大滬深300正2,30,24,6,華南永昌-頭份,2024-08-29,9343
1540,喬福,85,11,74,華南永昌-頭份,2024-08-30,9343
2891,中信金,60,0,60,華南永昌-頭份,2024-08-30,9343
00679B,元大美債20年,29,0,29,華南永昌-頭份,2024-08-30,9343
8064,東捷,62,34,28,華南永昌-頭份,2024-08-30,9343
00959B,大華投等美債15Y+,21,0,21,華南永昌-頭份,2024-08-30,9343
1785,光洋科,24,3,21,華南永昌-頭份,2024-08-30,9343
4903,聯光通,20,0,20,華南永昌-頭份,2024-08-30,9343
1217,愛之味,17,0,17,華南永昌-頭份,2024-08-30,9343
2367,燿華,39,23,16,華南永昌-頭份,2024-08-30,9343
3605,宏致,16,0,16,華南永昌-頭份,2024-08-30,9343
5225,東科-KY,21,5,16,華南永昌-頭份,2024-08-30,9343
3032,偉訓,25,10,15,華南永昌-頭份,2024-08-30,9343
2062,橋椿,18,4,14,華南永昌-頭份,2024-08-30,9343
6733,博晟生醫,14,0,14,華南永昌-頭份,2024-08-30,9343
6895,宏碩系統,12,0,12,華南永昌-頭份,2024-08-30,9343
3481,群創,73,61,12,華南永昌-頭份,2024-08-30,9343
3189,景碩,19,8,11,華南永昌-頭份,2024-08-30,9343
4563,百德,11,0,11,華南永昌-頭份,2024-08-30,9343
8150,南茂,11,0,11,華南永昌-頭份,2024-08-30,9343
00948B,中信優息投資級債,12,2,10,華南永昌-頭份,2024-08-30,9343
2401,凌陽,10,0,10,華南永昌-頭份,2024-08-30,9343
2547,日勝生,10,0,10,華南永昌-頭份,2024-08-30,9343
2801,彰銀,10,0,10,華南永昌-頭份,2024-08-30,9343
2905,三商,10,0,10,華南永昌-頭份,2024-08-30,9343
6133,金橋,16,7,9,華南永昌-頭份,2024-08-30,9343
1609,大亞,8,0,8,華南永昌-頭份,2024-08-30,9343
8210,勤誠,8,0,8,華南永昌-頭份,2024-08-30,9343
2330,台積電,8,0,8,華南永昌-頭份,2024-08-30,9343
2349,錸德,7,0,7,華南永昌-頭份,2024-08-30,9343
2243,宏旭-KY,7,0,7,華南永昌-頭份,2024-08-30,9343
3043,科風,7,0,7,華南永昌-頭份,2024-08-30,9343
4102,永日,7,0,7,華南永昌-頭份,2024-08-30,9343
2317,鴻海,48,41,7,華南永昌-頭份,2024-08-30,9343
8040,九暘,6,0,6,華南永昌-頭份,2024-08-30,9343
00680L,元大美債20正2,7,1,6,華南永昌-頭份,2024-08-30,9343
2312,金寶,6,0,6,華南永昌-頭份,2024-08-30,9343
3406,玉晶光,11,5,6,華南永昌-頭份,2024-08-30,9343
4711,永純,6,0,6,華南永昌-頭份,2024-08-30,9343
00919,群益台灣精選高息,7,2,5,華南永昌-頭份,2024-08-30,9343
0056,元大高股息,6,1,5,華南永昌-頭份,2024-08-30,9343
6743,安普新,5,0,5,華南永昌-頭份,2024-08-30,9343
00857B,永豐20年美公債,5,0,5,華南永昌-頭份,2024-08-30,9343
00664R,國泰臺灣加權反1,5,0,5,華南永昌-頭份,2024-08-30,9343
00712,復華富時不動產,5,0,5,華南永昌-頭份,2024-08-30,9343
1517,利奇,5,0,5,華南永昌-頭份,2024-08-30,9343
2356,英業達,6,1,5,華南永昌-頭份,2024-08-30,9343
2464,盟立,6,1,5,華南永昌-頭份,2024-08-30,9343
3003,健和興,5,0,5,華南永昌-頭份,2024-08-30,9343
3031,佰鴻,14,9,5,華南永昌-頭份,2024-08-30,9343
3052,夆典,5,0,5,華南永昌-頭份,2024-08-30,9343
5519,隆大,90,0,90,華南永昌-頭份,2024-09-02,9343
6168,宏齊,40,0,40,華南永昌-頭份,2024-09-02,9343
3188,鑫龍騰,35,0,35,華南永昌-頭份,2024-09-02,9343
3149,正達,39,8,31,華南永昌-頭份,2024-09-02,9343
00632R,元大台灣50反1,30,0,30,華南永昌-頭份,2024-09-02,9343
1785,光洋科,52,23,29,華南永昌-頭份,2024-09-02,9343
00937B,群益ESG投等債20,30,3,27,華南永昌-頭份,2024-09-02,9343
00713,元大台灣高息低波,26,0,26,華南永昌-頭份,2024-09-02,9343
00929,復華台灣科技優息,24,1,23,華南永昌-頭份,2024-09-02,9343
00915,凱基優選高股息30,22,0,22,華南永昌-頭份,2024-09-02,9343
3066,李洲,27,5,22,華南永昌-頭份,2024-09-02,9343
4306,炎洲,22,3,19,華南永昌-頭份,2024-09-02,9343
00919,群益台灣精選高息,17,0,17,華南永昌-頭份,2024-09-02,9343
2515,中工,33,18,15,華南永昌-頭份,2024-09-02,9343
4909,新復興,17,2,15,華南永昌-頭份,2024-09-02,9343
3481,群創,40,26,14,華南永昌-頭份,2024-09-02,9343
2344,華邦電,15,1,14,華南永昌-頭份,2024-09-02,9343
2880,華南金,14,0,14,華南永昌-頭份,2024-09-02,9343
5234,達興材料,13,0,13,華南永昌-頭份,2024-09-02,9343
00637L,元大滬深300正2,12,0,12,華南永昌-頭份,2024-09-02,9343
2352,佳世達,14,2,12,華南永昌-頭份,2024-09-02,9343
3043,科風,24,13,11,華南永昌-頭份,2024-09-02,9343
3167,大量,11,0,11,華南永昌-頭份,2024-09-02,9343
6757,台灣虎航,11,0,11,華南永昌-頭份,2024-09-02,9343
00940,元大台灣價值高息,12,1,11,華南永昌-頭份,2024-09-02,9343
2426,鼎元,11,1,10,華南永昌-頭份,2024-09-02,9343
3715,定穎投控,10,0,10,華南永昌-頭份,2024-09-02,9343
6153,嘉聯益,10,0,10,華南永昌-頭份,2024-09-02,9343
1316,上曜,10,0,10,華南永昌-頭份,2024-09-02,9343
2388,威盛,14,6,8,華南永昌-頭份,2024-09-02,9343
8070,長華*,9,1,8,華南永昌-頭份,2024-09-02,9343
2312,金寶,9,1,8,華南永昌-頭份,2024-09-02,9343
00688L,國泰20年美債正2,8,0,8,華南永昌-頭份,2024-09-02,9343
2425,承啟,10,2,8,華南永昌-頭份,2024-09-02,9343
6742,澤米,8,0,8,華南永昌-頭份,2024-09-02,9343
4714,永捷,9,2,7,華南永昌-頭份,2024-09-02,9343
00795B,中信美國公債20年,7,0,7,華南永昌-頭份,2024-09-02,9343
4526,東台,15,8,7,華南永昌-頭份,2024-09-02,9343
5530,龍巖,7,0,7,華南永昌-頭份,2024-09-02,9343
5871,中租-KY,7,0,7,華南永昌-頭份,2024-09-02,9343
4510,高鋒,7,1,6,華南永昌-頭份,2024-09-02,9343
00959B,大華投等美債15Y+,6,0,6,華南永昌-頭份,2024-09-02,9343
2313,華通,8,2,6,華南永昌-頭份,2024-09-02,9343
3231,緯創,7,1,6,華南永昌-頭份,2024-09-02,9343
3380,明泰,8,2,6,華南永昌-頭份,2024-09-02,9343
4906,正文,12,6,6,華南永昌-頭份,2024-09-02,9343
4979,華星光,6,0,6,華南永昌-頭份,2024-09-02,9343
6405,悅城,6,0,6,華南永昌-頭份,2024-09-02,9343
8927,北基,6,0,6,華南永昌-頭份,2024-09-02,9343
1303,南亞,5,0,5,華南永昌-頭份,2024-09-02,9343
00959B,大華投等美債15Y+,103,0,103,華南永昌-頭份,2024-09-03,9343
00919,群益台灣精選高息,51,0,51,華南永昌-頭份,2024-09-03,9343
00918,大華優利高填息30,51,1,50,華南永昌-頭份,2024-09-03,9343
8076,伍豐,60,13,47,華南永昌-頭份,2024-09-03,9343
5519,隆大,31,0,31,華南永昌-頭份,2024-09-03,9343
00929,復華台灣科技優息,43,12,31,華南永昌-頭份,2024-09-03,9343
4714,永捷,35,5,30,華南永昌-頭份,2024-09-03,9343
2002,中鋼,27,0,27,華南永昌-頭份,2024-09-03,9343
00679B,元大美債20年,26,0,26,華南永昌-頭份,2024-09-03,9343
00940,元大台灣價值高息,26,0,26,華南永昌-頭份,2024-09-03,9343
1815,富喬,36,11,25,華南永昌-頭份,2024-09-03,9343
2543,皇昌,27,2,25,華南永昌-頭份,2024-09-03,9343
00946,群益科技高息成長,24,0,24,華南永昌-頭份,2024-09-03,9343
2801,彰銀,24,0,24,華南永昌-頭份,2024-09-03,9343
6770,力積電,24,1,23,華南永昌-頭份,2024-09-03,9343
2409,友達,20,0,20,華南永昌-頭份,2024-09-03,9343
6153,嘉聯益,20,0,20,華南永昌-頭份,2024-09-03,9343
2515,中工,15,0,15,華南永昌-頭份,2024-09-03,9343
00637L,元大滬深300正2,15,0,15,華南永昌-頭份,2024-09-03,9343
8049,晶采,15,0,15,華南永昌-頭份,2024-09-03,9343
6213,聯茂,23,9,14,華南永昌-頭份,2024-09-03,9343
2344,華邦電,14,0,14,華南永昌-頭份,2024-09-03,9343
4303,信立,25,11,14,華南永昌-頭份,2024-09-03,9343
8028,昇陽半導體,17,4,13,華南永昌-頭份,2024-09-03,9343
3481,群創,18,5,13,華南永昌-頭份,2024-09-03,9343
2406,國碩,12,0,12,華南永昌-頭份,2024-09-03,9343
00687B,國泰20年美債,15,3,12,華南永昌-頭份,2024-09-03,9343
1609,大亞,13,1,12,華南永昌-頭份,2024-09-03,9343
2609,陽明,12,0,12,華南永昌-頭份,2024-09-03,9343
2888,新光金,13,2,11,華南永昌-頭份,2024-09-03,9343
00930,永豐ESG低碳高息,11,0,11,華南永昌-頭份,2024-09-03,9343
1722,台肥,11,0,11,華南永昌-頭份,2024-09-03,9343
3066,李洲,13,2,11,華南永昌-頭份,2024-09-03,9343
3615,安可,12,1,11,華南永昌-頭份,2024-09-03,9343
3715,定穎投控,11,0,11,華南永昌-頭份,2024-09-03,9343
4806,桂田文創,11,0,11,華南永昌-頭份,2024-09-03,9343
8277,商丞,10,0,10,華南永昌-頭份,2024-09-03,9343
2356,英業達,10,0,10,華南永昌-頭份,2024-09-03,9343
1802,台玻,10,0,10,華南永昌-頭份,2024-09-03,9343
2891,中信金,41,31,10,華南永昌-頭份,2024-09-03,9343
3032,偉訓,10,0,10,華南永昌-頭份,2024-09-03,9343
3105,穩懋,10,0,10,華南永昌-頭份,2024-09-03,9343
3188,鑫龍騰,10,0,10,華南永昌-頭份,2024-09-03,9343
6152,百一,10,0,10,華南永昌-頭份,2024-09-03,9343
2486,一詮,15,6,9,華南永昌-頭份,2024-09-03,9343
6530,創威,13,4,9,華南永昌-頭份,2024-09-03,9343
6901,鑽石投資,9,0,9,華南永昌-頭份,2024-09-03,9343
2367,燿華,12,3,9,華南永昌-頭份,2024-09-03,9343
8096,擎亞,12,4,8,華南永昌-頭份,2024-09-03,9343
3289,宜特,8,1,7,華南永昌-頭份,2024-09-03,9343
00929,復華台灣科技優息,259,37,222,華南永昌-頭份,2024-09-04,9343
6770,力積電,111,0,111,華南永昌-頭份,2024-09-04,9343
6133,金橋,106,5,101,華南永昌-頭份,2024-09-04,9343
00878,國泰永續高股息,98,14,84,華南永昌-頭份,2024-09-04,9343
00680L,元大美債20正2,89,5,84,華南永昌-頭份,2024-09-04,9343
00940,元大台灣價值高息,75,0,75,華南永昌-頭份,2024-09-04,9343
3481,群創,82,20,62,華南永昌-頭份,2024-09-04,9343
1802,台玻,61,0,61,華南永昌-頭份,2024-09-04,9343
2002,中鋼,55,0,55,華南永昌-頭份,2024-09-04,9343
00915,凱基優選高股息30,47,0,47,華南永昌-頭份,2024-09-04,9343
2891,中信金,40,3,37,華南永昌-頭份,2024-09-04,9343
2408,南亞科,36,0,36,華南永昌-頭份,2024-09-04,9343
00918,大華優利高填息30,33,0,33,華南永昌-頭份,2024-09-04,9343
4303,信立,49,17,32,華南永昌-頭份,2024-09-04,9343
4726,永昕,30,0,30,華南永昌-頭份,2024-09-04,9343
6168,宏齊,30,0,30,華南永昌-頭份,2024-09-04,9343
00919,群益台灣精選高息,68,40,28,華南永昌-頭份,2024-09-04,9343
0056,元大高股息,28,0,28,華南永昌-頭份,2024-09-04,9343
00954,中信日本半導體,25,0,25,華南永昌-頭份,2024-09-04,9343
2330,台積電,25,1,24,華南永昌-頭份,2024-09-04,9343
00713,元大台灣高息低波,22,0,22,華南永昌-頭份,2024-09-04,9343
2834,臺企銀,22,2,20,華南永昌-頭份,2024-09-04,9343
6153,嘉聯益,20,0,20,華南永昌-頭份,2024-09-04,9343
1785,光洋科,24,4,20,華南永昌-頭份,2024-09-04,9343
3167,大量,20,0,20,華南永昌-頭份,2024-09-04,9343
00715L,期街口布蘭特正2,18,0,18,華南永昌-頭份,2024-09-04,9343
2426,鼎元,18,0,18,華南永昌-頭份,2024-09-04,9343
00923,群益台ESG低碳50,18,0,18,華南永昌-頭份,2024-09-04,9343
1314,中石化,17,0,17,華南永昌-頭份,2024-09-04,9343
6757,台灣虎航,17,0,17,華南永昌-頭份,2024-09-04,9343
00930,永豐ESG低碳高息,16,0,16,華南永昌-頭份,2024-09-04,9343
2885,元大金,15,0,15,華南永昌-頭份,2024-09-04,9343
2344,華邦電,15,0,15,華南永昌-頭份,2024-09-04,9343
2884,玉山金,15,1,14,華南永昌-頭份,2024-09-04,9343
00720B,元大投資級公司債,14,0,14,華南永昌-頭份,2024-09-04,9343
00881,國泰台灣5G+,14,0,14,華南永昌-頭份,2024-09-04,9343
00637L,元大滬深300正2,17,3,14,華南永昌-頭份,2024-09-04,9343
3066,李洲,24,10,14,華南永昌-頭份,2024-09-04,9343
6188,廣明,16,2,14,華南永昌-頭份,2024-09-04,9343
2062,橋椿,19,6,13,華南永昌-頭份,2024-09-04,9343
2882,國泰金,13,0,13,華南永昌-頭份,2024-09-04,9343
3071,協禧,15,2,13,華南永昌-頭份,2024-09-04,9343
1303,南亞,12,0,12,華南永昌-頭份,2024-09-04,9343
2515,中工,12,0,12,華南永昌-頭份,2024-09-04,9343
1795,美時,11,0,11,華南永昌-頭份,2024-09-04,9343
00941,中信上游半導體,11,0,11,華南永昌-頭份,2024-09-04,9343
1541,錩泰,11,0,11,華南永昌-頭份,2024-09-04,9343
2883,凱基金,11,0,11,華南永昌-頭份,2024-09-04,9343
00642U,期元大S＆P石油,10,0,10,華南永昌-頭份,2024-09-04,9343
1409,新纖,10,0,10,華南永昌-頭份,2024-09-04,9343
00937B,群益ESG投等債20,251,9,242,華南永昌-頭份,2024-09-05,9343
00918,大華優利高填息30,87,2,85,華南永昌-頭份,2024-09-05,9343
00632R,元大台灣50反1,65,0,65,華南永昌-頭份,2024-09-05,9343
00952,凱基台灣AI50,58,1,57,華南永昌-頭份,2024-09-05,9343
00915,凱基優選高股息30,53,0,53,華南永昌-頭份,2024-09-05,9343
00708L,期元大S＆P黃金正2,50,0,50,華南永昌-頭份,2024-09-05,9343
00946,群益科技高息成長,40,0,40,華南永昌-頭份,2024-09-05,9343
8374,羅昇,52,17,35,華南永昌-頭份,2024-09-05,9343
8011,台通,30,1,29,華南永昌-頭份,2024-09-05,9343
2312,金寶,58,31,27,華南永昌-頭份,2024-09-05,9343
00919,群益台灣精選高息,56,30,26,華南永昌-頭份,2024-09-05,9343
00929,復華台灣科技優息,25,0,25,華南永昌-頭份,2024-09-05,9343
00878,國泰永續高股息,24,0,24,華南永昌-頭份,2024-09-05,9343
2408,南亞科,23,2,21,華南永昌-頭份,2024-09-05,9343
1721,三晃,22,1,21,華南永昌-頭份,2024-09-05,9343
1453,大將,20,0,20,華南永昌-頭份,2024-09-05,9343
6742,澤米,27,7,20,華南永昌-頭份,2024-09-05,9343
8104,錸寶,20,0,20,華南永昌-頭份,2024-09-05,9343
2356,英業達,20,1,19,華南永昌-頭份,2024-09-05,9343
2371,大同,21,3,18,華南永昌-頭份,2024-09-05,9343
00715L,期街口布蘭特正2,18,0,18,華南永昌-頭份,2024-09-05,9343
1722,台肥,15,0,15,華南永昌-頭份,2024-09-05,9343
3037,欣興,18,3,15,華南永昌-頭份,2024-09-05,9343
3663,鑫科,15,0,15,華南永昌-頭份,2024-09-05,9343
2367,燿華,15,0,15,華南永昌-頭份,2024-09-05,9343
4956,光鋐,14,0,14,華南永昌-頭份,2024-09-05,9343
2402,毅嘉,13,0,13,華南永昌-頭份,2024-09-05,9343
00930,永豐ESG低碳高息,13,0,13,華南永昌-頭份,2024-09-05,9343
2495,普安,20,8,12,華南永昌-頭份,2024-09-05,9343
0056,元大高股息,11,0,11,華南永昌-頭份,2024-09-05,9343
1316,上曜,13,2,11,華南永昌-頭份,2024-09-05,9343
2313,華通,20,9,11,華南永昌-頭份,2024-09-05,9343
6197,佳必琪,12,1,11,華南永昌-頭份,2024-09-05,9343
6274,台燿,11,0,11,華南永昌-頭份,2024-09-05,9343
2489,瑞軒,10,0,10,華南永昌-頭份,2024-09-05,9343
2337,旺宏,17,7,10,華南永昌-頭份,2024-09-05,9343
2605,新興,10,0,10,華南永昌-頭份,2024-09-05,9343
3715,定穎投控,10,0,10,華南永昌-頭份,2024-09-05,9343
00713,元大台灣高息低波,9,0,9,華南永昌-頭份,2024-09-05,9343
1539,巨庭,14,5,9,華南永昌-頭份,2024-09-05,9343
1307,三芳,9,0,9,華南永昌-頭份,2024-09-05,9343
2884,玉山金,25,17,8,華南永昌-頭份,2024-09-05,9343
00941,中信上游半導體,8,0,8,華南永昌-頭份,2024-09-05,9343
1409,新纖,8,0,8,華南永昌-頭份,2024-09-05,9343
3526,凡甲,8,0,8,華南永昌-頭份,2024-09-05,9343
1609,大亞,7,0,7,華南永昌-頭份,2024-09-05,9343
6505,台塑化,7,0,7,華南永昌-頭份,2024-09-05,9343
6284,佳邦,6,0,6,華南永昌-頭份,2024-09-05,9343
00882,中信中國高股息,6,0,6,華南永昌-頭份,2024-09-05,9343
00947,台新臺灣IC設計,6,0,6,華南永昌-頭份,2024-09-05,9343
00937B,群益ESG投等債20,253,5,248,華南永昌-頭份,2024-09-06,9343
6133,金橋,44,0,44,華南永昌-頭份,2024-09-06,9343
3481,群創,56,17,39,華南永昌-頭份,2024-09-06,9343
00919,群益台灣精選高息,31,0,31,華南永昌-頭份,2024-09-06,9343
00929,復華台灣科技優息,36,5,31,華南永昌-頭份,2024-09-06,9343
00940,元大台灣價值高息,25,1,24,華南永昌-頭份,2024-09-06,9343
2344,華邦電,24,1,23,華南永昌-頭份,2024-09-06,9343
2367,燿華,31,10,21,華南永昌-頭份,2024-09-06,9343
00687B,國泰20年美債,49,30,19,華南永昌-頭份,2024-09-06,9343
2882,國泰金,22,6,16,華南永昌-頭份,2024-09-06,9343
8076,伍豐,15,0,15,華南永昌-頭份,2024-09-06,9343
00918,大華優利高填息30,13,0,13,華南永昌-頭份,2024-09-06,9343
2486,一詮,19,6,13,華南永昌-頭份,2024-09-06,9343
00715L,期街口布蘭特正2,12,0,12,華南永昌-頭份,2024-09-06,9343
6197,佳必琪,12,0,12,華南永昌-頭份,2024-09-06,9343
2867,三商壽,15,5,10,華南永昌-頭份,2024-09-06,9343
6213,聯茂,10,0,10,華南永昌-頭份,2024-09-06,9343
8111,立��,10,0,10,華南永昌-頭份,2024-09-06,9343
00713,元大台灣高息低波,10,0,10,華南永昌-頭份,2024-09-06,9343
6742,澤米,15,6,9,華南永昌-頭份,2024-09-06,9343
2002,中鋼,8,0,8,華南永昌-頭份,2024-09-06,9343
1303,南亞,9,1,8,華南永昌-頭份,2024-09-06,9343
3673,TPK-KY,8,0,8,華南永昌-頭份,2024-09-06,9343
6603,富強鑫,8,0,8,華南永昌-頭份,2024-09-06,9343
00936,台新永續高息中小,10,3,7,華南永昌-頭份,2024-09-06,9343
00934,中信成長高股息,7,0,7,華南永昌-頭份,2024-09-06,9343
1313,聯成,7,0,7,華南永昌-頭份,2024-09-06,9343
1815,富喬,10,3,7,華南永昌-頭份,2024-09-06,9343
4743,合一,7,0,7,華南永昌-頭份,2024-09-06,9343
4562,穎漢,9,3,6,華南永昌-頭份,2024-09-06,9343
5392,能率,6,0,6,華南永昌-頭份,2024-09-06,9343
2330,台積電,10,4,6,華南永昌-頭份,2024-09-06,9343
00795B,中信美國公債20年,5,0,5,華南永昌-頭份,2024-09-06,9343
00930,永豐ESG低碳高息,5,0,5,華南永昌-頭份,2024-09-06,9343
1326,台化,5,0,5,華南永昌-頭份,2024-09-06,9343
2812,台中銀,5,0,5,華南永昌-頭份,2024-09-06,9343
6670,復盛應用,5,0,5,華南永昌-頭份,2024-09-06,9343
8104,錸寶,5,0,5,華南永昌-頭份,2024-09-06,9343
2497,怡利電,5,0,5,華南永昌-頭份,2024-09-06,9343
00915,凱基優選高股息30,4,0,4,華南永昌-頭份,2024-09-06,9343
6143,振曜,4,0,4,華南永昌-頭份,2024-09-06,9343
4974,亞泰,5,1,4,華南永昌-頭份,2024-09-06,9343
00690,兆豐藍籌30,4,0,4,華南永昌-頭份,2024-09-06,9343
1539,巨庭,4,0,4,華南永昌-頭份,2024-09-06,9343
2402,毅嘉,4,0,4,華南永昌-頭份,2024-09-06,9343
4128,中天,6,2,4,華南永昌-頭份,2024-09-06,9343
6122,擎邦,4,0,4,華南永昌-頭份,2024-09-06,9343
6449,鈺邦,5,1,4,華南永昌-頭份,2024-09-06,9343
6667,信紘科,4,0,4,華南永昌-頭份,2024-09-06,9343
8043,蜜望實,5,1,4,華南永昌-頭份,2024-09-06,9343
00929,復華台灣科技優息,146,41,105,華南永昌-頭份,2024-09-09,9343
00919,群益台灣精選高息,116,20,96,華南永昌-頭份,2024-09-09,9343
2888,新光金,120,31,89,華南永昌-頭份,2024-09-09,9343
3481,群創,80,12,68,華南永昌-頭份,2024-09-09,9343
00918,大華優利高填息30,58,0,58,華南永昌-頭份,2024-09-09,9343
00680L,元大美債20正2,57,0,57,華南永昌-頭份,2024-09-09,9343
00637L,元大滬深300正2,34,0,34,華南永昌-頭份,2024-09-09,9343
2891,中信金,43,12,31,華南永昌-頭份,2024-09-09,9343
00878,國泰永續高股息,32,2,30,華南永昌-頭份,2024-09-09,9343
4306,炎洲,30,2,28,華南永昌-頭份,2024-09-09,9343
2337,旺宏,27,0,27,華南永昌-頭份,2024-09-09,9343
8076,伍豐,26,1,25,華南永昌-頭份,2024-09-09,9343
00940,元大台灣價值高息,22,0,22,華南永昌-頭份,2024-09-09,9343
2409,友達,21,0,21,華南永昌-頭份,2024-09-09,9343
3066,李洲,20,0,20,華南永昌-頭份,2024-09-09,9343
6126,信音,20,0,20,華南永昌-頭份,2024-09-09,9343
2382,廣達,39,20,19,華南永昌-頭份,2024-09-09,9343
2023,燁輝,20,1,19,華南永昌-頭份,2024-09-09,9343
2543,皇昌,18,1,17,華南永昌-頭份,2024-09-09,9343
1815,富喬,32,15,17,華南永昌-頭份,2024-09-09,9343
1708,東鹼,15,0,15,華南永昌-頭份,2024-09-09,9343
3051,力特,15,0,15,華南永昌-頭份,2024-09-09,9343
5905,南仁湖,21,6,15,華南永昌-頭份,2024-09-09,9343
00915,凱基優選高股息30,14,0,14,華南永昌-頭份,2024-09-09,9343
00882,中信中國高股息,13,0,13,華南永昌-頭份,2024-09-09,9343
2882,國泰金,13,0,13,華南永昌-頭份,2024-09-09,9343
00922,國泰台灣領袖50,12,0,12,華南永昌-頭份,2024-09-09,9343
6606,建德工業,13,1,12,華南永昌-頭份,2024-09-09,9343
4743,合一,16,4,12,華南永昌-頭份,2024-09-09,9343
2330,台積電,12,1,11,華南永昌-頭份,2024-09-09,9343
00712,復華富時不動產,11,0,11,華南永昌-頭份,2024-09-09,9343
6770,力積電,12,1,11,華南永昌-頭份,2024-09-09,9343
00632R,元大台灣50反1,160,150,10,華南永昌-頭份,2024-09-09,9343
00673R,期元大S＆P原油反1,10,0,10,華南永昌-頭份,2024-09-09,9343
2338,光罩,10,0,10,華南永昌-頭份,2024-09-09,9343
2356,英業達,15,5,10,華南永昌-頭份,2024-09-09,9343
2834,臺企銀,10,0,10,華南永昌-頭份,2024-09-09,9343
3071,協禧,10,0,10,華南永昌-頭份,2024-09-09,9343
4420,光明,10,0,10,華南永昌-頭份,2024-09-09,9343
4563,百德,12,2,10,華南永昌-頭份,2024-09-09,9343
4958,臻鼎-KY,10,0,10,華南永昌-頭份,2024-09-09,9343
8096,擎亞,13,3,10,華南永昌-頭份,2024-09-09,9343
3048,益登,10,1,9,華南永昌-頭份,2024-09-09,9343
1326,台化,8,0,8,華南永昌-頭份,2024-09-09,9343
00947,台新臺灣IC設計,8,0,8,華南永昌-頭份,2024-09-09,9343
00706L,期元大S＆P日圓正2,8,0,8,華南永昌-頭份,2024-09-09,9343
00688L,國泰20年美債正2,8,0,8,華南永昌-頭份,2024-09-09,9343
00713,元大台灣高息低波,7,0,7,華南永昌-頭份,2024-09-09,9343
2885,元大金,7,0,7,華南永昌-頭份,2024-09-09,9343
00943,兆豐電子高息等權,7,0,7,華南永昌-頭份,2024-09-09,9343
00929,復華台灣科技優息,146,30,116,華南永昌-頭份,2024-09-10,9343
2409,友達,82,2,80,華南永昌-頭份,2024-09-10,9343
00632R,元大台灣50反1,90,10,80,華南永昌-頭份,2024-09-10,9343
3481,群創,74,12,62,華南永昌-頭份,2024-09-10,9343
00918,大華優利高填息30,62,10,52,華南永昌-頭份,2024-09-10,9343
00919,群益台灣精選高息,62,11,51,華南永昌-頭份,2024-09-10,9343
00943,兆豐電子高息等權,45,0,45,華南永昌-頭份,2024-09-10,9343
2883,凱基金,42,0,42,華南永昌-頭份,2024-09-10,9343
1718,中纖,40,1,39,華南永昌-頭份,2024-09-10,9343
00878,國泰永續高股息,24,0,24,華南永昌-頭份,2024-09-10,9343
00959B,大華投等美債15Y+,20,0,20,華南永昌-頭份,2024-09-10,9343
3013,晟銘電,27,7,20,華南永昌-頭份,2024-09-10,9343
2408,南亞科,18,0,18,華南永昌-頭份,2024-09-10,9343
2426,鼎元,18,0,18,華南永昌-頭份,2024-09-10,9343
00715L,期街口布蘭特正2,17,0,17,華南永昌-頭份,2024-09-10,9343
2382,廣達,67,51,16,華南永昌-頭份,2024-09-10,9343
00947,台新臺灣IC設計,16,0,16,華南永昌-頭份,2024-09-10,9343
3051,力特,16,0,16,華南永昌-頭份,2024-09-10,9343
3047,訊舟,27,13,14,華南永昌-頭份,2024-09-10,9343
2913,農林,22,8,14,華南永昌-頭份,2024-09-10,9343
4128,中天,15,2,13,華南永昌-頭份,2024-09-10,9343
1605,華新,12,0,12,華南永昌-頭份,2024-09-10,9343
5443,均豪,25,13,12,華南永昌-頭份,2024-09-10,9343
2489,瑞軒,12,1,11,華南永昌-頭份,2024-09-10,9343
1316,上曜,11,0,11,華南永昌-頭份,2024-09-10,9343
00915,凱基優選高股息30,10,0,10,華南永昌-頭份,2024-09-10,9343
00665L,富邦�琤肭磪囓�2,10,0,10,華南永昌-頭份,2024-09-10,9343
3066,李洲,10,0,10,華南永昌-頭份,2024-09-10,9343
3264,欣銓,10,0,10,華南永昌-頭份,2024-09-10,9343
00940,元大台灣價值高息,11,2,9,華南永昌-頭份,2024-09-10,9343
2337,旺宏,9,0,9,華南永昌-頭份,2024-09-10,9343
6492,生華科,9,0,9,華南永昌-頭份,2024-09-10,9343
8104,錸寶,9,0,9,華南永昌-頭份,2024-09-10,9343
0056,元大高股息,8,0,8,華南永昌-頭份,2024-09-10,9343
2349,錸德,11,3,8,華南永昌-頭份,2024-09-10,9343
3062,建漢,12,4,8,華南永昌-頭份,2024-09-10,9343
4420,光明,8,0,8,華南永昌-頭份,2024-09-10,9343
2543,皇昌,10,2,8,華南永昌-頭份,2024-09-10,9343
00935,野村臺灣新科技50,8,0,8,華南永昌-頭份,2024-09-10,9343
5871,中租-KY,7,0,7,華南永昌-頭份,2024-09-10,9343
2891,中信金,7,0,7,華南永昌-頭份,2024-09-10,9343
3167,大量,13,6,7,華南永昌-頭份,2024-09-10,9343
4760,勤凱,7,0,7,華南永昌-頭份,2024-09-10,9343
8039,台虹,8,1,7,華南永昌-頭份,2024-09-10,9343
2376,技嘉,6,0,6,華南永昌-頭份,2024-09-10,9343
00921,兆豐龍頭等權重,6,0,6,華南永昌-頭份,2024-09-10,9343
1815,富喬,31,25,6,華南永昌-頭份,2024-09-10,9343
00936,台新永續高息中小,5,0,5,華南永昌-頭份,2024-09-10,9343
00753L,中信中國50正2,5,0,5,華南永昌-頭份,2024-09-10,9343
1905,華紙,5,0,5,華南永昌-頭份,2024-09-10,9343
00936,台新永續高息中小,108,3,105,華南永昌-頭份,2024-09-11,9343
00687B,國泰20年美債,99,8,91,華南永昌-頭份,2024-09-11,9343
00679B,元大美債20年,62,6,56,華南永昌-頭份,2024-09-11,9343
1540,喬福,61,11,50,華南永昌-頭份,2024-09-11,9343
00937B,群益ESG投等債20,47,7,40,華南永昌-頭份,2024-09-11,9343
00929,復華台灣科技優息,38,1,37,華南永昌-頭份,2024-09-11,9343
8076,伍豐,25,0,25,華南永昌-頭份,2024-09-11,9343
2867,三商壽,33,10,23,華南永昌-頭份,2024-09-11,9343
2891,中信金,35,14,21,華南永昌-頭份,2024-09-11,9343
1795,美時,20,0,20,華南永昌-頭份,2024-09-11,9343
00878,國泰永續高股息,21,3,18,華南永昌-頭份,2024-09-11,9343
2002,中鋼,17,0,17,華南永昌-頭份,2024-09-11,9343
2834,臺企銀,20,4,16,華南永昌-頭份,2024-09-11,9343
00713,元大台灣高息低波,15,0,15,華南永昌-頭份,2024-09-11,9343
00642U,期元大S＆P石油,15,0,15,華南永昌-頭份,2024-09-11,9343
00715L,期街口布蘭特正2,14,0,14,華南永昌-頭份,2024-09-11,9343
00919,群益台灣精選高息,34,20,14,華南永昌-頭份,2024-09-11,9343
00688L,國泰20年美債正2,13,0,13,華南永昌-頭份,2024-09-11,9343
3047,訊舟,31,18,13,華南永昌-頭份,2024-09-11,9343
1522,堤維西,13,1,12,華南永昌-頭份,2024-09-11,9343
2892,第一金,12,0,12,華南永昌-頭份,2024-09-11,9343
00637L,元大滬深300正2,11,0,11,華南永昌-頭份,2024-09-11,9343
1584,精剛,12,1,11,華南永昌-頭份,2024-09-11,9343
00665L,富邦�琤肭磪囓�2,10,0,10,華南永昌-頭份,2024-09-11,9343
00957B,兆豐US優選投等債,10,0,10,華南永昌-頭份,2024-09-11,9343
2409,友達,10,0,10,華南永昌-頭份,2024-09-11,9343
2442,新美齊,10,0,10,華南永昌-頭份,2024-09-11,9343
2497,怡利電,25,15,10,華南永昌-頭份,2024-09-11,9343
4129,聯合,10,0,10,華南永昌-頭份,2024-09-11,9343
6005,群益證,10,0,10,華南永昌-頭份,2024-09-11,9343
3032,偉訓,9,0,9,華南永昌-頭份,2024-09-11,9343
5263,智崴,9,0,9,華南永昌-頭份,2024-09-11,9343
00690,兆豐藍籌30,8,0,8,華南永昌-頭份,2024-09-11,9343
00933B,國泰10Y+金融債,8,0,8,華南永昌-頭份,2024-09-11,9343
2062,橋椿,8,0,8,華南永昌-頭份,2024-09-11,9343
2388,威盛,10,2,8,華南永昌-頭份,2024-09-11,9343
2609,陽明,9,1,8,華南永昌-頭份,2024-09-11,9343
6139,亞翔,8,0,8,華南永昌-頭份,2024-09-11,9343
00882,中信中國高股息,7,0,7,華南永昌-頭份,2024-09-11,9343
00753L,中信中國50正2,7,0,7,華南永昌-頭份,2024-09-11,9343
2399,映泰,23,16,7,華南永昌-頭份,2024-09-11,9343
4157,太景*-KY,7,0,7,華南永昌-頭份,2024-09-11,9343
6276,安鈦克,7,0,7,華南永昌-頭份,2024-09-11,9343
8070,長華*,7,0,7,華南永昌-頭份,2024-09-11,9343
00680L,元大美債20正2,6,0,6,華南永昌-頭份,2024-09-11,9343
8088,品安,6,0,6,華南永昌-頭份,2024-09-11,9343
4935,茂林-KY,6,0,6,華南永昌-頭份,2024-09-11,9343
00930,永豐ESG低碳高息,5,0,5,華南永昌-頭份,2024-09-11,9343
00706L,期元大S＆P日圓正2,5,0,5,華南永昌-頭份,2024-09-11,9343
00915,凱基優選高股息30,5,0,5,華南永昌-頭份,2024-09-11,9343
00919,群益台灣精選高息,193,0,193,華南永昌-頭份,2024-09-12,9343
00632R,元大台灣50反1,185,0,185,華南永昌-頭份,2024-09-12,9343
1721,三晃,70,0,70,華南永昌-頭份,2024-09-12,9343
2409,友達,71,3,68,華南永昌-頭份,2024-09-12,9343
1522,堤維西,38,2,36,華南永昌-頭份,2024-09-12,9343
5443,均豪,45,12,33,華南永昌-頭份,2024-09-12,9343
2317,鴻海,70,42,28,華南永昌-頭份,2024-09-12,9343
2891,中信金,31,3,28,華南永昌-頭份,2024-09-12,9343
3481,群創,35,12,23,華南永昌-頭份,2024-09-12,9343
2014,中鴻,20,0,20,華南永昌-頭份,2024-09-12,9343
4534,慶騰,20,0,20,華南永昌-頭份,2024-09-12,9343
00795B,中信美國公債20年,20,1,19,華南永昌-頭份,2024-09-12,9343
00715L,期街口布蘭特正2,21,4,17,華南永昌-頭份,2024-09-12,9343
1309,台達化,17,0,17,華南永昌-頭份,2024-09-12,9343
2545,皇翔,17,1,16,華南永昌-頭份,2024-09-12,9343
6134,萬旭,22,6,16,華南永昌-頭份,2024-09-12,9343
1307,三芳,15,0,15,華南永昌-頭份,2024-09-12,9343
00688L,國泰20年美債正2,14,0,14,華南永昌-頭份,2024-09-12,9343
3715,定穎投控,13,0,13,華南永昌-頭份,2024-09-12,9343
4157,太景*-KY,13,0,13,華南永昌-頭份,2024-09-12,9343
5452,佶優,13,0,13,華南永昌-頭份,2024-09-12,9343
2540,愛山林,12,0,12,華南永昌-頭份,2024-09-12,9343
00687B,國泰20年美債,28,16,12,華南永昌-頭份,2024-09-12,9343
1711,永光,35,23,12,華南永昌-頭份,2024-09-12,9343
00918,大華優利高填息30,11,0,11,華南永昌-頭份,2024-09-12,9343
8070,長華*,12,1,11,華南永昌-頭份,2024-09-12,9343
5347,世界,10,0,10,華南永昌-頭份,2024-09-12,9343
00713,元大台灣高息低波,10,0,10,華南永昌-頭份,2024-09-12,9343
00894,中信小資高價30,10,0,10,華南永昌-頭份,2024-09-12,9343
2401,凌陽,10,0,10,華南永昌-頭份,2024-09-12,9343
3230,錦明,11,1,10,華南永昌-頭份,2024-09-12,9343
3338,泰碩,11,1,10,華南永昌-頭份,2024-09-12,9343
6598,ABC-KY,10,0,10,華南永昌-頭份,2024-09-12,9343
2359,所羅門,9,0,9,華南永昌-頭份,2024-09-12,9343
00940,元大台灣價值高息,10,1,9,華南永昌-頭份,2024-09-12,9343
1314,中石化,8,0,8,華南永昌-頭份,2024-09-12,9343
2867,三商壽,8,0,8,華南永昌-頭份,2024-09-12,9343
3025,星通,8,0,8,華南永昌-頭份,2024-09-12,9343
2337,旺宏,10,3,7,華南永昌-頭份,2024-09-12,9343
2610,華航,7,0,7,華南永昌-頭份,2024-09-12,9343
2886,兆豐金,7,0,7,華南永昌-頭份,2024-09-12,9343
6104,創惟,11,5,6,華南永昌-頭份,2024-09-12,9343
3673,TPK-KY,10,4,6,華南永昌-頭份,2024-09-12,9343
3707,漢磊,6,0,6,華南永昌-頭份,2024-09-12,9343
1541,錩泰,5,0,5,華南永昌-頭份,2024-09-12,9343
1605,華新,5,0,5,華南永昌-頭份,2024-09-12,9343
2477,美隆電,5,0,5,華南永昌-頭份,2024-09-12,9343
3189,景碩,5,0,5,華南永昌-頭份,2024-09-12,9343
3587,閎康,5,0,5,華南永昌-頭份,2024-09-12,9343
3687,歐買尬,5,0,5,華南永昌-頭份,2024-09-12,9343
00934,中信成長高股息,58,0,58,華南永昌-頭份,2024-09-13,9343
6194,育富,36,7,29,華南永昌-頭份,2024-09-13,9343
00878,國泰永續高股息,25,0,25,華南永昌-頭份,2024-09-13,9343
3013,晟銘電,23,2,21,華南永昌-頭份,2024-09-13,9343
1309,台達化,20,0,20,華南永昌-頭份,2024-09-13,9343
00929,復華台灣科技優息,33,18,15,華南永昌-頭份,2024-09-13,9343
3049,精金,21,6,15,華南永昌-頭份,2024-09-13,9343
1307,三芳,15,0,15,華南永昌-頭份,2024-09-13,9343
00680L,元大美債20正2,14,0,14,華南永昌-頭份,2024-09-13,9343
2002,中鋼,16,3,13,華南永昌-頭份,2024-09-13,9343
5905,南仁湖,17,5,12,華南永昌-頭份,2024-09-13,9343
2356,英業達,12,1,11,華南永昌-頭份,2024-09-13,9343
3374,精材,15,4,11,華南永昌-頭份,2024-09-13,9343
4534,慶騰,10,0,10,華南永昌-頭份,2024-09-13,9343
00959B,大華投等美債15Y+,10,0,10,華南永昌-頭份,2024-09-13,9343
00655L,國泰中國A50正2,10,0,10,華南永昌-頭份,2024-09-13,9343
2313,華通,20,10,10,華南永昌-頭份,2024-09-13,9343
3050,鈺德,15,5,10,華南永昌-頭份,2024-09-13,9343
4714,永捷,10,0,10,華南永昌-頭份,2024-09-13,9343
6122,擎邦,10,0,10,華南永昌-頭份,2024-09-13,9343
00919,群益台灣精選高息,34,25,9,華南永昌-頭份,2024-09-13,9343
2884,玉山金,10,1,9,華南永昌-頭份,2024-09-13,9343
6770,力積電,10,1,9,華南永昌-頭份,2024-09-13,9343
8467,波力-KY,8,0,8,華南永昌-頭份,2024-09-13,9343
00637L,元大滬深300正2,7,0,7,華南永昌-頭份,2024-09-13,9343
2497,怡利電,16,9,7,華南永昌-頭份,2024-09-13,9343
00679B,元大美債20年,28,22,6,華南永昌-頭份,2024-09-13,9343
00713,元大台灣高息低波,6,0,6,華南永昌-頭份,2024-09-13,9343
00633L,富邦上証正2,6,0,6,華南永昌-頭份,2024-09-13,9343
1466,聚隆,6,0,6,華南永昌-頭份,2024-09-13,9343
1909,榮成,6,0,6,華南永昌-頭份,2024-09-13,9343
3673,TPK-KY,7,1,6,華南永昌-頭份,2024-09-13,9343
00933B,國泰10Y+金融債,5,0,5,華南永昌-頭份,2024-09-13,9343
00937B,群益ESG投等債20,5,0,5,華南永昌-頭份,2024-09-13,9343
00930,永豐ESG低碳高息,5,0,5,華南永昌-頭份,2024-09-13,9343
00915,凱基優選高股息30,5,0,5,華南永昌-頭份,2024-09-13,9343
1312,國喬,6,1,5,華南永昌-頭份,2024-09-13,9343
2476,鉅祥,6,1,5,華南永昌-頭份,2024-09-13,9343
3021,鴻名,5,0,5,華南永昌-頭份,2024-09-13,9343
3338,泰碩,14,9,5,華南永昌-頭份,2024-09-13,9343
3360,尚立,6,1,5,華南永昌-頭份,2024-09-13,9343
3520,華盈,5,0,5,華南永昌-頭份,2024-09-13,9343
8011,台通,13,8,5,華南永昌-頭份,2024-09-13,9343
8473,山林水,5,0,5,華南永昌-頭份,2024-09-13,9343
00918,大華優利高填息30,4,0,4,華南永昌-頭份,2024-09-13,9343
2337,旺宏,4,0,4,華南永昌-頭份,2024-09-13,9343
2383,台光電,5,1,4,華南永昌-頭份,2024-09-13,9343
2399,映泰,16,12,4,華南永昌-頭份,2024-09-13,9343
2449,京元電子,5,1,4,華南永昌-頭份,2024-09-13,9343
2467,志聖,8,4,4,華南永昌-頭份,2024-09-13,9343
2838,聯邦銀,201,0,201,華南永昌-頭份,2024-09-16,9343
00953B,群益優選非投等債,190,0,190,華南永昌-頭份,2024-09-16,9343
1314,中石化,200,13,187,華南永昌-頭份,2024-09-16,9343
2515,中工,100,12,88,華南永昌-頭份,2024-09-16,9343
00935,野村臺灣新科技50,70,0,70,華南永昌-頭份,2024-09-16,9343
00921,兆豐龍頭等權重,70,0,70,華南永昌-頭份,2024-09-16,9343
00929,復華台灣科技優息,71,19,52,華南永昌-頭份,2024-09-16,9343
2369,菱生,40,0,40,華南永昌-頭份,2024-09-16,9343
00919,群益台灣精選高息,42,2,40,華南永昌-頭份,2024-09-16,9343
00688L,國泰20年美債正2,37,0,37,華南永昌-頭份,2024-09-16,9343
00687B,國泰20年美債,43,8,35,華南永昌-頭份,2024-09-16,9343
9938,百和,36,1,35,華南永昌-頭份,2024-09-16,9343
6216,居易,32,2,30,華南永昌-頭份,2024-09-16,9343
1815,富喬,29,1,28,華南永昌-頭份,2024-09-16,9343
3167,大量,29,8,21,華南永昌-頭份,2024-09-16,9343
8070,長華*,20,0,20,華南永昌-頭份,2024-09-16,9343
4743,合一,21,3,18,華南永昌-頭份,2024-09-16,9343
6179,亞通,15,0,15,華南永昌-頭份,2024-09-16,9343
8039,台虹,37,22,15,華南永昌-頭份,2024-09-16,9343
00712,復華富時不動產,14,0,14,華南永昌-頭份,2024-09-16,9343
00680L,元大美債20正2,12,0,12,華南永昌-頭份,2024-09-16,9343
5230,雷笛克光學,17,6,11,華南永昌-頭份,2024-09-16,9343
2884,玉山金,10,0,10,華南永昌-頭份,2024-09-16,9343
00795B,中信美國公債20年,12,2,10,華南永昌-頭份,2024-09-16,9343
00959B,大華投等美債15Y+,10,0,10,華南永昌-頭份,2024-09-16,9343
2367,燿華,16,6,10,華南永昌-頭份,2024-09-16,9343
4306,炎洲,10,0,10,華南永昌-頭份,2024-09-16,9343
6152,百一,10,0,10,華南永昌-頭份,2024-09-16,9343
6969,成信實業*-創,10,0,10,華南永昌-頭份,2024-09-16,9343
3360,尚立,14,5,9,華南永昌-頭份,2024-09-16,9343
00948B,中信優息投資級債,9,0,9,華南永昌-頭份,2024-09-16,9343
2356,英業達,18,9,9,華南永昌-頭份,2024-09-16,9343
2374,佳能,13,4,9,華南永昌-頭份,2024-09-16,9343
3257,虹冠電,9,0,9,華南永昌-頭份,2024-09-16,9343
00934,中信成長高股息,8,0,8,華南永昌-頭份,2024-09-16,9343
4760,勤凱,10,2,8,華南永昌-頭份,2024-09-16,9343
6139,亞翔,9,1,8,華南永昌-頭份,2024-09-16,9343
4513,福裕,7,0,7,華南永昌-頭份,2024-09-16,9343
1527,鑽全,7,0,7,華南永昌-頭份,2024-09-16,9343
2201,裕隆,7,0,7,華南永昌-頭份,2024-09-16,9343
2609,陽明,10,3,7,華南永昌-頭份,2024-09-16,9343
3231,緯創,10,3,7,華南永昌-頭份,2024-09-16,9343
3587,閎康,9,2,7,華南永昌-頭份,2024-09-16,9343
5864,致和證,7,0,7,華南永昌-頭份,2024-09-16,9343
2382,廣達,17,11,6,華南永昌-頭份,2024-09-16,9343
1540,喬福,35,29,6,華南永昌-頭份,2024-09-16,9343
6405,悅城,12,6,6,華南永昌-頭份,2024-09-16,9343
6838,台新藥,6,0,6,華南永昌-頭份,2024-09-16,9343
3701,大眾控,5,0,5,華南永昌-頭份,2024-09-16,9343
00918,大華優利高填息30,25,20,5,華南永昌-頭份,2024-09-16,9343
00632R,元大台灣50反1,300,0,300,華南永昌-頭份,2024-09-18,9343
00929,復華台灣科技優息,123,3,120,華南永昌-頭份,2024-09-18,9343
00680L,元大美債20正2,102,0,102,華南永昌-頭份,2024-09-18,9343
00918,大華優利高填息30,75,0,75,華南永昌-頭份,2024-09-18,9343
1815,富喬,77,2,75,華南永昌-頭份,2024-09-18,9343
00919,群益台灣精選高息,67,12,55,華南永昌-頭份,2024-09-18,9343
2409,友達,52,0,52,華南永昌-頭份,2024-09-18,9343
00937B,群益ESG投等債20,52,1,51,華南永昌-頭份,2024-09-18,9343
1727,中華化,58,11,47,華南永昌-頭份,2024-09-18,9343
2344,華邦電,33,0,33,華南永昌-頭份,2024-09-18,9343
00679B,元大美債20年,31,1,30,華南永昌-頭份,2024-09-18,9343
2888,新光金,39,10,29,華南永昌-頭份,2024-09-18,9343
8011,台通,30,2,28,華南永昌-頭份,2024-09-18,9343
1785,光洋科,39,14,25,華南永昌-頭份,2024-09-18,9343
00945B,凱基美國非投等債,20,0,20,華南永昌-頭份,2024-09-18,9343
1707,葡萄王,20,0,20,華南永昌-頭份,2024-09-18,9343
1905,華紙,24,4,20,華南永昌-頭份,2024-09-18,9343
00715L,期街口布蘭特正2,20,1,19,華南永昌-頭份,2024-09-18,9343
00637L,元大滬深300正2,18,0,18,華南永昌-頭份,2024-09-18,9343
9105,泰金寶-DR,14,0,14,華南永昌-頭份,2024-09-18,9343
3062,建漢,20,7,13,華南永昌-頭份,2024-09-18,9343
5443,均豪,15,2,13,華南永昌-頭份,2024-09-18,9343
2408,南亞科,12,0,12,華南永昌-頭份,2024-09-18,9343
2892,第一金,11,0,11,華南永昌-頭份,2024-09-18,9343
3037,欣興,11,0,11,華南永昌-頭份,2024-09-18,9343
5230,雷笛克光學,12,1,11,華南永昌-頭份,2024-09-18,9343
5905,南仁湖,14,3,11,華南永昌-頭份,2024-09-18,9343
6153,嘉聯益,10,0,10,華南永昌-頭份,2024-09-18,9343
00953B,群益優選非投等債,10,0,10,華南永昌-頭份,2024-09-18,9343
1540,喬福,17,7,10,華南永昌-頭份,2024-09-18,9343
3707,漢磊,10,0,10,華南永昌-頭份,2024-09-18,9343
6122,擎邦,10,0,10,華南永昌-頭份,2024-09-18,9343
8234,新漢,10,0,10,華南永昌-頭份,2024-09-18,9343
8111,立��,11,2,9,華南永昌-頭份,2024-09-18,9343
3521,鴻翊,9,0,9,華南永昌-頭份,2024-09-18,9343
4908,前鼎,16,7,9,華南永昌-頭份,2024-09-18,9343
6288,聯嘉,15,6,9,華南永昌-頭份,2024-09-18,9343
6901,鑽石投資,9,0,9,華南永昌-頭份,2024-09-18,9343
1582,信錦,12,4,8,華南永昌-頭份,2024-09-18,9343
1708,東鹼,10,2,8,華南永昌-頭份,2024-09-18,9343
2402,毅嘉,8,0,8,華南永昌-頭份,2024-09-18,9343
3019,亞光,9,1,8,華南永昌-頭份,2024-09-18,9343
3162,精確,10,2,8,華南永昌-頭份,2024-09-18,9343
3230,錦明,8,0,8,華南永昌-頭份,2024-09-18,9343
4123,晟德,8,0,8,華南永昌-頭份,2024-09-18,9343
2449,京元電子,12,5,7,華南永昌-頭份,2024-09-18,9343
4540,全球傳動,8,1,7,華南永昌-頭份,2024-09-18,9343
00719B,元大美債1-3,7,0,7,華南永昌-頭份,2024-09-18,9343
00930,永豐ESG低碳高息,7,0,7,華南永昌-頭份,2024-09-18,9343
2002,中鋼,11,4,7,華南永昌-頭份,2024-09-18,9343
00671R,富邦NASDAQ反1,300,0,300,華南永昌-頭份,2024-09-19,9343
00632R,元大台灣50反1,111,10,101,華南永昌-頭份,2024-09-19,9343
00919,群益台灣精選高息,87,7,80,華南永昌-頭份,2024-09-19,9343
00679B,元大美債20年,80,18,62,華南永昌-頭份,2024-09-19,9343
00929,復華台灣科技優息,40,1,39,華南永昌-頭份,2024-09-19,9343
2888,新光金,46,21,25,華南永昌-頭份,2024-09-19,9343
00881,國泰台灣5G+,29,7,22,華南永昌-頭份,2024-09-19,9343
2317,鴻海,34,13,21,華南永昌-頭份,2024-09-19,9343
2399,映泰,110,89,21,華南永昌-頭份,2024-09-19,9343
00952,凱基台灣AI50,20,0,20,華南永昌-頭份,2024-09-19,9343
1727,中華化,36,16,20,華南永昌-頭份,2024-09-19,9343
3047,訊舟,23,5,18,華南永昌-頭份,2024-09-19,9343
00680L,元大美債20正2,18,0,18,華南永昌-頭份,2024-09-19,9343
4533,協易機,14,0,14,華南永昌-頭份,2024-09-19,9343
3583,辛耘,24,11,13,華南永昌-頭份,2024-09-19,9343
6140,訊達,18,5,13,華南永昌-頭份,2024-09-19,9343
8039,台虹,15,2,13,華南永昌-頭份,2024-09-19,9343
3049,精金,12,1,11,華南永昌-頭份,2024-09-19,9343
00900,富邦特選高股息30,10,0,10,華南永昌-頭份,2024-09-19,9343
9105,泰金寶-DR,10,0,10,華南永昌-頭份,2024-09-19,9343
00931B,統一美債20年,9,0,9,華南永昌-頭份,2024-09-19,9343
2359,所羅門,10,2,8,華南永昌-頭份,2024-09-19,9343
00857B,永豐20年美公債,8,0,8,華南永昌-頭份,2024-09-19,9343
2408,南亞科,8,0,8,華南永昌-頭份,2024-09-19,9343
3105,穩懋,7,0,7,華南永昌-頭份,2024-09-19,9343
4563,百德,19,12,7,華南永昌-頭份,2024-09-19,9343
6134,萬旭,8,1,7,華南永昌-頭份,2024-09-19,9343
6757,台灣虎航,7,0,7,華南永昌-頭份,2024-09-19,9343
1711,永光,27,21,6,華南永昌-頭份,2024-09-19,9343
8043,蜜望實,6,0,6,華南永昌-頭份,2024-09-19,9343
00937B,群益ESG投等債20,10,5,5,華南永昌-頭份,2024-09-19,9343
6742,澤米,5,0,5,華南永昌-頭份,2024-09-19,9343
0056,元大高股息,11,6,5,華南永昌-頭份,2024-09-19,9343
00773B,中信優先金融債,5,0,5,華南永昌-頭份,2024-09-19,9343
00664R,國泰臺灣加權反1,5,0,5,華南永昌-頭份,2024-09-19,9343
1524,耿鼎,5,0,5,華南永昌-頭份,2024-09-19,9343
2303,聯電,6,1,5,華南永昌-頭份,2024-09-19,9343
2337,旺宏,5,0,5,華南永昌-頭份,2024-09-19,9343
2355,敬鵬,5,0,5,華南永昌-頭份,2024-09-19,9343
2367,燿華,17,12,5,華南永昌-頭份,2024-09-19,9343
2458,義隆,5,0,5,華南永昌-頭份,2024-09-19,9343
3163,波若威,5,0,5,華南永昌-頭份,2024-09-19,9343
3380,明泰,5,0,5,華南永昌-頭份,2024-09-19,9343
3511,矽瑪,5,0,5,華南永昌-頭份,2024-09-19,9343
3607,谷崧,5,0,5,華南永昌-頭份,2024-09-19,9343
4934,太極,5,0,5,華南永昌-頭份,2024-09-19,9343
8076,伍豐,5,0,5,華南永昌-頭份,2024-09-19,9343
2891,中信金,19,15,4,華南永昌-頭份,2024-09-19,9343
1721,三晃,6,2,4,華南永昌-頭份,2024-09-19,9343
2881C,富邦金丙特,4,0,4,華南永昌-頭份,2024-09-19,9343
2838,聯邦銀,200,0,200,華南永昌-頭份,2024-09-20,9343
1711,永光,192,43,149,華南永昌-頭份,2024-09-20,9343
00632R,元大台灣50反1,108,0,108,華南永昌-頭份,2024-09-20,9343
3202,樺晟,75,6,69,華南永昌-頭份,2024-09-20,9343
00919,群益台灣精選高息,65,2,63,華南永昌-頭份,2024-09-20,9343
5519,隆大,60,0,60,華南永昌-頭份,2024-09-20,9343
1717,長興,55,4,51,華南永昌-頭份,2024-09-20,9343
2442,新美齊,50,0,50,華南永昌-頭份,2024-09-20,9343
4306,炎洲,59,10,49,華南永昌-頭份,2024-09-20,9343
4562,穎漢,30,0,30,華南永昌-頭份,2024-09-20,9343
3188,鑫龍騰,30,0,30,華南永昌-頭份,2024-09-20,9343
3062,建漢,35,7,28,華南永昌-頭份,2024-09-20,9343
2888,新光金,30,3,27,華南永昌-頭份,2024-09-20,9343
0056,元大高股息,27,0,27,華南永昌-頭份,2024-09-20,9343
00665L,富邦�琤肭磪囓�2,28,2,26,華南永昌-頭份,2024-09-20,9343
5905,南仁湖,36,11,25,華南永昌-頭份,2024-09-20,9343
4128,中天,22,0,22,華南永昌-頭份,2024-09-20,9343
00679B,元大美債20年,21,0,21,華南永昌-頭份,2024-09-20,9343
1101,台泥,20,0,20,華南永昌-頭份,2024-09-20,9343
2545,皇翔,20,0,20,華南永昌-頭份,2024-09-20,9343
2542,興富發,22,3,19,華南永昌-頭份,2024-09-20,9343
4526,東台,22,3,19,華南永昌-頭份,2024-09-20,9343
1540,喬福,20,2,18,華南永昌-頭份,2024-09-20,9343
2449,京元電子,29,11,18,華南永昌-頭份,2024-09-20,9343
1785,光洋科,38,21,17,華南永昌-頭份,2024-09-20,9343
3673,TPK-KY,17,0,17,華南永昌-頭份,2024-09-20,9343
8111,立��,17,1,16,華南永昌-頭份,2024-09-20,9343
2349,錸德,17,2,15,華南永昌-頭份,2024-09-20,9343
00952,凱基台灣AI50,15,0,15,華南永昌-頭份,2024-09-20,9343
00958B,永豐ESG銀行債15,15,0,15,華南永昌-頭份,2024-09-20,9343
6288,聯嘉,15,0,15,華南永昌-頭份,2024-09-20,9343
1808,潤隆,17,3,14,華南永昌-頭份,2024-09-20,9343
4720,德淵,14,0,14,華南永昌-頭份,2024-09-20,9343
00637L,元大滬深300正2,13,0,13,華南永昌-頭份,2024-09-20,9343
6742,澤米,12,1,11,華南永昌-頭份,2024-09-20,9343
6757,台灣虎航,11,0,11,華南永昌-頭份,2024-09-20,9343
00959B,大華投等美債15Y+,10,0,10,華南永昌-頭份,2024-09-20,9343
00688L,國泰20年美債正2,10,0,10,華南永昌-頭份,2024-09-20,9343
3037,欣興,10,0,10,華南永昌-頭份,2024-09-20,9343
3576,聯合再生,10,0,10,華南永昌-頭份,2024-09-20,9343
4534,慶騰,10,0,10,華南永昌-頭份,2024-09-20,9343
5302,太欣,10,0,10,華南永昌-頭份,2024-09-20,9343
6733,博晟生醫,10,0,10,華南永昌-頭份,2024-09-20,9343
1532,勤美,9,0,9,華南永昌-頭份,2024-09-20,9343
00930,永豐ESG低碳高息,9,0,9,華南永昌-頭份,2024-09-20,9343
3550,聯穎,9,0,9,華南永昌-頭份,2024-09-20,9343
8070,長華*,31,22,9,華南永昌-頭份,2024-09-20,9343
6506,雙邦,14,6,8,華南永昌-頭份,2024-09-20,9343
00915,凱基優選高股息30,7,0,7,華南永昌-頭份,2024-09-20,9343
1514,亞力,7,0,7,華南永昌-頭份,2024-09-20,9343
4716,大立,268,17,251,華南永昌-頭份,2024-09-23,9343
00959B,大華投等美債15Y+,100,0,100,華南永昌-頭份,2024-09-23,9343
00671R,富邦NASDAQ反1,100,0,100,華南永昌-頭份,2024-09-23,9343
00632R,元大台灣50反1,100,0,100,華南永昌-頭份,2024-09-23,9343
9938,百和,87,0,87,華南永昌-頭份,2024-09-23,9343
2425,承啟,74,3,71,華南永昌-頭份,2024-09-23,9343
3188,鑫龍騰,40,0,40,華南永昌-頭份,2024-09-23,9343
1815,富喬,35,0,35,華南永昌-頭份,2024-09-23,9343
4157,太景*-KY,30,0,30,華南永昌-頭份,2024-09-23,9343
5519,隆大,35,5,30,華南永昌-頭份,2024-09-23,9343
6431,光麗-KY,30,0,30,華南永昌-頭份,2024-09-23,9343
4306,炎洲,25,0,25,華南永昌-頭份,2024-09-23,9343
2449,京元電子,24,0,24,華南永昌-頭份,2024-09-23,9343
3597,映興,24,0,24,華南永昌-頭份,2024-09-23,9343
2442,新美齊,25,3,22,華南永昌-頭份,2024-09-23,9343
3715,定穎投控,29,9,20,華南永昌-頭份,2024-09-23,9343
00713,元大台灣高息低波,23,6,17,華南永昌-頭份,2024-09-23,9343
5512,力麒,16,0,16,華南永昌-頭份,2024-09-23,9343
3049,精金,18,2,16,華南永昌-頭份,2024-09-23,9343
2337,旺宏,15,0,15,華南永昌-頭份,2024-09-23,9343
2609,陽明,26,11,15,華南永昌-頭份,2024-09-23,9343
00937B,群益ESG投等債20,14,0,14,華南永昌-頭份,2024-09-23,9343
4526,東台,17,4,13,華南永昌-頭份,2024-09-23,9343
6757,台灣虎航,14,2,12,華南永昌-頭份,2024-09-23,9343
8070,長華*,25,13,12,華南永昌-頭份,2024-09-23,9343
2228,劍麟,11,0,11,華南永昌-頭份,2024-09-23,9343
2349,錸德,20,9,11,華南永昌-頭份,2024-09-23,9343
00948B,中信優息投資級債,10,0,10,華南永昌-頭份,2024-09-23,9343
00715L,期街口布蘭特正2,22,12,10,華南永昌-頭份,2024-09-23,9343
1536,和大,10,0,10,華南永昌-頭份,2024-09-23,9343
2851,中再保,10,0,10,華南永昌-頭份,2024-09-23,9343
2905,三商,10,0,10,華南永昌-頭份,2024-09-23,9343
3710,連展投控,10,0,10,華南永昌-頭份,2024-09-23,9343
4950,牧東,10,0,10,華南永昌-頭份,2024-09-23,9343
5880,合庫金,10,0,10,華南永昌-頭份,2024-09-23,9343
6143,振曜,14,4,10,華南永昌-頭份,2024-09-23,9343
6257,矽格,10,0,10,華南永昌-頭份,2024-09-23,9343
1539,巨庭,17,7,10,華南永昌-頭份,2024-09-23,9343
2882,國泰金,14,4,10,華南永昌-頭份,2024-09-23,9343
1314,中石化,9,0,9,華南永昌-頭份,2024-09-23,9343
3047,訊舟,9,0,9,華南永昌-頭份,2024-09-23,9343
6477,安集,9,0,9,華南永昌-頭份,2024-09-23,9343
6530,創威,10,1,9,華南永昌-頭份,2024-09-23,9343
00929,復華台灣科技優息,8,0,8,華南永昌-頭份,2024-09-23,9343
6869,雲豹能源,11,3,8,華南永昌-頭份,2024-09-23,9343
00958B,永豐ESG銀行債15,8,0,8,華南永昌-頭份,2024-09-23,9343
00706L,期元大S＆P日圓正2,8,0,8,華南永昌-頭份,2024-09-23,9343
1524,耿鼎,14,6,8,華南永昌-頭份,2024-09-23,9343
2414,精技,8,0,8,華南永昌-頭份,2024-09-23,9343
3162,精確,8,0,8,華南永昌-頭份,2024-09-23,9343
00937B,群益ESG投等債20,417,1,416,華南永昌-頭份,2024-09-24,9343
00687B,國泰20年美債,163,1,162,華南永昌-頭份,2024-09-24,9343
3597,映興,87,1,86,華南永昌-頭份,2024-09-24,9343
00688L,國泰20年美債正2,50,0,50,華南永昌-頭份,2024-09-24,9343
00929,復華台灣科技優息,50,3,47,華南永昌-頭份,2024-09-24,9343
00919,群益台灣精選高息,46,1,45,華南永昌-頭份,2024-09-24,9343
2891,中信金,52,9,43,華南永昌-頭份,2024-09-24,9343
1815,富喬,37,3,34,華南永昌-頭份,2024-09-24,9343
8070,長華*,48,18,30,華南永昌-頭份,2024-09-24,9343
8076,伍豐,30,0,30,華南永昌-頭份,2024-09-24,9343
8050,廣積,28,0,28,華南永昌-頭份,2024-09-24,9343
2337,旺宏,35,8,27,華南永昌-頭份,2024-09-24,9343
2388,威盛,23,2,21,華南永昌-頭份,2024-09-24,9343
3149,正達,45,25,20,華南永昌-頭份,2024-09-24,9343
4933,友輝,20,0,20,華南永昌-頭份,2024-09-24,9343
6152,百一,18,0,18,華南永昌-頭份,2024-09-24,9343
6698,旭暉應材,17,0,17,華南永昌-頭份,2024-09-24,9343
2317,鴻海,53,37,16,華南永昌-頭份,2024-09-24,9343
2605,新興,16,2,14,華南永昌-頭份,2024-09-24,9343
6133,金橋,14,0,14,華南永昌-頭份,2024-09-24,9343
1336,台翰,15,2,13,華南永昌-頭份,2024-09-24,9343
9938,百和,16,3,13,華南永昌-頭份,2024-09-24,9343
00679B,元大美債20年,12,0,12,華南永昌-頭份,2024-09-24,9343
2344,華邦電,16,5,11,華南永昌-頭份,2024-09-24,9343
2313,華通,23,13,10,華南永昌-頭份,2024-09-24,9343
3360,尚立,30,20,10,華南永昌-頭份,2024-09-24,9343
6838,台新藥,10,0,10,華南永昌-頭份,2024-09-24,9343
1524,耿鼎,10,1,9,華南永昌-頭份,2024-09-24,9343
1522,堤維西,16,7,9,華南永昌-頭份,2024-09-24,9343
2323,中環,10,1,9,華南永昌-頭份,2024-09-24,9343
8096,擎亞,6,0,6,華南永昌-頭份,2024-09-24,9343
0056,元大高股息,6,0,6,華南永昌-頭份,2024-09-24,9343
2338,光罩,6,0,6,華南永昌-頭份,2024-09-24,9343
2867,三商壽,6,0,6,華南永昌-頭份,2024-09-24,9343
3016,嘉晶,6,0,6,華南永昌-頭份,2024-09-24,9343
6197,佳必琪,8,2,6,華南永昌-頭份,2024-09-24,9343
1316,上曜,5,0,5,華南永昌-頭份,2024-09-24,9343
00664R,國泰臺灣加權反1,5,0,5,華南永昌-頭份,2024-09-24,9343
1539,巨庭,5,0,5,華南永昌-頭份,2024-09-24,9343
2374,佳能,5,0,5,華南永昌-頭份,2024-09-24,9343
2425,承啟,12,7,5,華南永昌-頭份,2024-09-24,9343
2449,京元電子,5,0,5,華南永昌-頭份,2024-09-24,9343
2458,義隆,5,0,5,華南永昌-頭份,2024-09-24,9343
2477,美隆電,5,0,5,華南永昌-頭份,2024-09-24,9343
2641,正德,14,9,5,華南永昌-頭份,2024-09-24,9343
4939,亞電,5,0,5,華南永昌-頭份,2024-09-24,9343
6285,啟��,5,0,5,華南永昌-頭份,2024-09-24,9343
6288,聯嘉,8,3,5,華南永昌-頭份,2024-09-24,9343
6431,光麗-KY,5,0,5,華南永昌-頭份,2024-09-24,9343
2349,錸德,4,0,4,華南永昌-頭份,2024-09-24,9343
00637L,元大滬深300正2,1602,41,1561,華南永昌-頭份,2024-09-25,9343
00632R,元大台灣50反1,230,6,224,華南永昌-頭份,2024-09-25,9343
00753L,中信中國50正2,305,89,216,華南永昌-頭份,2024-09-25,9343
1309,台達化,54,0,54,華南永昌-頭份,2024-09-25,9343
1815,富喬,80,30,50,華南永昌-頭份,2024-09-25,9343
00948B,中信優息投資級債,47,0,47,華南永昌-頭份,2024-09-25,9343
2399,映泰,44,8,36,華南永昌-頭份,2024-09-25,9343
2402,毅嘉,34,4,30,華南永昌-頭份,2024-09-25,9343
2425,承啟,35,7,28,華南永昌-頭份,2024-09-25,9343
00687B,國泰20年美債,31,6,25,華南永昌-頭份,2024-09-25,9343
1524,耿鼎,25,0,25,華南永昌-頭份,2024-09-25,9343
3597,映興,24,0,24,華南永昌-頭份,2024-09-25,9343
1314,中石化,22,0,22,華南永昌-頭份,2024-09-25,9343
3056,富華新,20,0,20,華南永昌-頭份,2024-09-25,9343
6215,和椿,23,4,19,華南永昌-頭份,2024-09-25,9343
3550,聯穎,22,4,18,華南永昌-頭份,2024-09-25,9343
8039,台虹,18,0,18,華南永昌-頭份,2024-09-25,9343
2867,三商壽,17,0,17,華南永昌-頭份,2024-09-25,9343
6548,長科*,20,3,17,華南永昌-頭份,2024-09-25,9343
2317,鴻海,69,53,16,華南永昌-頭份,2024-09-25,9343
00680L,元大美債20正2,13,0,13,華南永昌-頭份,2024-09-25,9343
1905,華紙,12,0,12,華南永昌-頭份,2024-09-25,9343
2382,廣達,31,19,12,華南永昌-頭份,2024-09-25,9343
00795B,中信美國公債20年,16,5,11,華南永昌-頭份,2024-09-25,9343
1618,合機,11,0,11,華南永昌-頭份,2024-09-25,9343
1785,光洋科,14,3,11,華南永昌-頭份,2024-09-25,9343
5452,佶優,12,1,11,華南永昌-頭份,2024-09-25,9343
00752,中信中國50,10,0,10,華南永昌-頭份,2024-09-25,9343
2312,金寶,20,10,10,華南永昌-頭份,2024-09-25,9343
6257,矽格,27,17,10,華南永昌-頭份,2024-09-25,9343
6698,旭暉應材,10,0,10,華南永昌-頭份,2024-09-25,9343
3363,上詮,15,6,9,華南永昌-頭份,2024-09-25,9343
1609,大亞,10,2,8,華南永昌-頭份,2024-09-25,9343
00882,中信中國高股息,12,4,8,華南永昌-頭份,2024-09-25,9343
2388,威盛,19,11,8,華南永昌-頭份,2024-09-25,9343
2610,華航,11,3,8,華南永昌-頭份,2024-09-25,9343
2542,興富發,10,3,7,華南永昌-頭份,2024-09-25,9343
00706L,期元大S＆P日圓正2,12,5,7,華南永昌-頭份,2024-09-25,9343
2258,鴻華先進-創,7,0,7,華南永昌-頭份,2024-09-25,9343
3714,富采,7,0,7,華南永昌-頭份,2024-09-25,9343
6869,雲豹能源,8,1,7,華南永昌-頭份,2024-09-25,9343
00725B,國泰投資級公司債,6,0,6,華南永昌-頭份,2024-09-25,9343
00881,國泰台灣5G+,7,1,6,華南永昌-頭份,2024-09-25,9343
3141,晶宏,7,1,6,華南永昌-頭份,2024-09-25,9343
6143,振曜,6,0,6,華南永昌-頭份,2024-09-25,9343
2401,凌陽,7,2,5,華南永昌-頭份,2024-09-25,9343
00772B,中信高評級公司債,5,0,5,華南永昌-頭份,2024-09-25,9343
00664R,國泰臺灣加權反1,5,0,5,華南永昌-頭份,2024-09-25,9343
006206,元大上證50,5,0,5,華南永昌-頭份,2024-09-25,9343
1727,中華化,5,0,5,華南永昌-頭份,2024-09-25,9343
00637L,元大滬深300正2,820,28,792,華南永昌-頭份,2024-09-26,9343
00632R,元大台灣50反1,110,0,110,華南永昌-頭份,2024-09-26,9343
1314,中石化,53,0,53,華南永昌-頭份,2024-09-26,9343
00952,凱基台灣AI50,50,0,50,華南永昌-頭份,2024-09-26,9343
00948B,中信優息投資級債,49,0,49,華南永昌-頭份,2024-09-26,9343
00960,野村全球航運龍頭,54,8,46,華南永昌-頭份,2024-09-26,9343
4562,穎漢,46,5,41,華南永昌-頭份,2024-09-26,9343
8110,華東,42,2,40,華南永昌-頭份,2024-09-26,9343
3715,定穎投控,38,2,36,華南永昌-頭份,2024-09-26,9343
1524,耿鼎,50,16,34,華南永昌-頭份,2024-09-26,9343
00715L,期街口布蘭特正2,35,5,30,華南永昌-頭份,2024-09-26,9343
8059,凱碩,30,0,30,華南永昌-頭份,2024-09-26,9343
00720B,元大投資級公司債,28,0,28,華南永昌-頭份,2024-09-26,9343
4157,太景*-KY,28,0,28,華南永昌-頭份,2024-09-26,9343
00937B,群益ESG投等債20,26,0,26,華南永昌-頭份,2024-09-26,9343
2867,三商壽,25,0,25,華南永昌-頭份,2024-09-26,9343
1815,富喬,24,0,24,華南永昌-頭份,2024-09-26,9343
6768,志強-KY,25,1,24,華南永昌-頭份,2024-09-26,9343
8070,長華*,31,7,24,華南永昌-頭份,2024-09-26,9343
2317,鴻海,70,48,22,華南永昌-頭份,2024-09-26,9343
2477,美隆電,22,0,22,華南永昌-頭份,2024-09-26,9343
00687B,國泰20年美債,56,35,21,華南永昌-頭份,2024-09-26,9343
1539,巨庭,20,0,20,華南永昌-頭份,2024-09-26,9343
3374,精材,18,0,18,華南永昌-頭份,2024-09-26,9343
00680L,元大美債20正2,17,0,17,華南永昌-頭份,2024-09-26,9343
8926,台汽電,16,0,16,華南永昌-頭份,2024-09-26,9343
00772B,中信高評級公司債,15,0,15,華南永昌-頭份,2024-09-26,9343
2402,毅嘉,20,7,13,華南永昌-頭份,2024-09-26,9343
5471,松翰,16,3,13,華南永昌-頭份,2024-09-26,9343
2421,建準,12,0,12,華南永昌-頭份,2024-09-26,9343
2929,淘帝-KY,12,0,12,華南永昌-頭份,2024-09-26,9343
8039,台虹,13,1,12,華南永昌-頭份,2024-09-26,9343
2408,南亞科,13,1,12,華南永昌-頭份,2024-09-26,9343
3037,欣興,10,0,10,華南永昌-頭份,2024-09-26,9343
00795B,中信美國公債20年,11,1,10,華南永昌-頭份,2024-09-26,9343
2313,華通,22,12,10,華南永昌-頭份,2024-09-26,9343
00673R,期元大S＆P原油反1,10,0,10,華南永昌-頭份,2024-09-26,9343
00753L,中信中國50正2,10,0,10,華南永昌-頭份,2024-09-26,9343
00958B,永豐ESG銀行債15,10,0,10,華南永昌-頭份,2024-09-26,9343
2457,飛宏,10,0,10,華南永昌-頭份,2024-09-26,9343
3296,勝德,10,0,10,華南永昌-頭份,2024-09-26,9343
6443,元晶,10,0,10,華南永昌-頭份,2024-09-26,9343
3019,亞光,20,11,9,華南永昌-頭份,2024-09-26,9343
2367,燿華,25,16,9,華南永昌-頭份,2024-09-26,9343
2425,承啟,11,2,9,華南永昌-頭份,2024-09-26,9343
6233,旺玖,10,1,9,華南永昌-頭份,2024-09-26,9343
6806,森崴能源,19,10,9,華南永昌-頭份,2024-09-26,9343
00706L,期元大S＆P日圓正2,20,12,8,華南永昌-頭份,2024-09-26,9343
00725B,國泰投資級公司債,8,0,8,華南永昌-頭份,2024-09-26,9343
8111,立��,26,18,8,華南永昌-頭份,2024-09-26,9343
00637L,元大滬深300正2,671,104,567,華南永昌-頭份,2024-09-27,9343
00665L,富邦�琤肭磪囓�2,351,106,245,華南永昌-頭份,2024-09-27,9343
1314,中石化,250,79,171,華南永昌-頭份,2024-09-27,9343
00953B,群益優選非投等債,149,0,149,華南永昌-頭份,2024-09-27,9343
00632R,元大台灣50反1,174,35,139,華南永昌-頭份,2024-09-27,9343
2883,凱基金,131,0,131,華南永昌-頭份,2024-09-27,9343
3058,立德,59,0,59,華南永昌-頭份,2024-09-27,9343
00772B,中信高評級公司債,48,0,48,華南永昌-頭份,2024-09-27,9343
00687B,國泰20年美債,41,1,40,華南永昌-頭份,2024-09-27,9343
00720B,元大投資級公司債,33,0,33,華南永昌-頭份,2024-09-27,9343
3708,上緯投控,37,6,31,華南永昌-頭份,2024-09-27,9343
2884,玉山金,30,0,30,華南永昌-頭份,2024-09-27,9343
00715L,期街口布蘭特正2,27,0,27,華南永昌-頭份,2024-09-27,9343
2388,威盛,27,3,24,華南永昌-頭份,2024-09-27,9343
2014,中鴻,23,1,22,華南永昌-頭份,2024-09-27,9343
00948B,中信優息投資級債,20,0,20,華南永昌-頭份,2024-09-27,9343
2425,承啟,20,0,20,華南永昌-頭份,2024-09-27,9343
6443,元晶,23,3,20,華南永昌-頭份,2024-09-27,9343
00679B,元大美債20年,32,13,19,華南永昌-頭份,2024-09-27,9343
3597,映興,19,0,19,華南永昌-頭份,2024-09-27,9343
00638R,元大滬深300反1,16,0,16,華南永昌-頭份,2024-09-27,9343
3047,訊舟,14,0,14,華南永昌-頭份,2024-09-27,9343
00960,野村全球航運龍頭,13,0,13,華南永昌-頭份,2024-09-27,9343
2415,錩新,14,1,13,華南永昌-頭份,2024-09-27,9343
00929,復華台灣科技優息,25,13,12,華南永昌-頭份,2024-09-27,9343
3027,盛達,12,0,12,華南永昌-頭份,2024-09-27,9343
3715,定穎投控,36,24,12,華南永昌-頭份,2024-09-27,9343
6573,虹揚-KY,12,0,12,華南永昌-頭份,2024-09-27,9343
00706L,期元大S＆P日圓正2,11,0,11,華南永昌-頭份,2024-09-27,9343
1540,喬福,22,11,11,華南永昌-頭份,2024-09-27,9343
3033,威健,11,0,11,華南永昌-頭份,2024-09-27,9343
4566,時碩工業,23,12,11,華南永昌-頭份,2024-09-27,9343
6116,彩晶,15,5,10,華南永昌-頭份,2024-09-27,9343
00915,凱基優選高股息30,10,0,10,華南永昌-頭份,2024-09-27,9343
00725B,國泰投資級公司債,10,0,10,華南永昌-頭份,2024-09-27,9343
1810,和成,10,0,10,華南永昌-頭份,2024-09-27,9343
2007,燁興,10,0,10,華南永昌-頭份,2024-09-27,9343
2022,聚亨,10,0,10,華南永昌-頭份,2024-09-27,9343
2543,皇昌,21,11,10,華南永昌-頭份,2024-09-27,9343
2613,中櫃,11,1,10,華南永昌-頭份,2024-09-27,9343
5263,智崴,10,0,10,華南永昌-頭份,2024-09-27,9343
6719,力智,10,0,10,華南永昌-頭份,2024-09-27,9343
8059,凱碩,10,0,10,華南永昌-頭份,2024-09-27,9343
4979,華星光,22,13,9,華南永昌-頭份,2024-09-27,9343
1524,耿鼎,10,1,9,華南永昌-頭份,2024-09-27,9343
1595,川寶,10,1,9,華南永昌-頭份,2024-09-27,9343
2034,允強,9,0,9,華南永昌-頭份,2024-09-27,9343
6274,台燿,10,1,9,華南永昌-頭份,2024-09-27,9343
8096,擎亞,12,3,9,華南永昌-頭份,2024-09-27,9343
2369,菱生,8,0,8,華南永昌-頭份,2024-09-27,9343
00637L,元大滬深300正2,261,77,184,華南永昌-頭份,2024-09-30,9343
00929,復華台灣科技優息,130,1,129,華南永昌-頭份,2024-09-30,9343
00680L,元大美債20正2,108,0,108,華南永昌-頭份,2024-09-30,9343
00688L,國泰20年美債正2,72,8,64,華南永昌-頭份,2024-09-30,9343
00919,群益台灣精選高息,77,21,56,華南永昌-頭份,2024-09-30,9343
2356,英業達,50,1,49,華南永昌-頭份,2024-09-30,9343
00881,國泰台灣5G+,43,0,43,華南永昌-頭份,2024-09-30,9343
2883,凱基金,45,7,38,華南永昌-頭份,2024-09-30,9343
2605,新興,62,25,37,華南永昌-頭份,2024-09-30,9343
2330,台積電,38,4,34,華南永昌-頭份,2024-09-30,9343
00937B,群益ESG投等債20,27,1,26,華南永昌-頭份,2024-09-30,9343
8104,錸寶,27,1,26,華南永昌-頭份,2024-09-30,9343
2363,矽統,28,6,22,華南永昌-頭份,2024-09-30,9343
2603,長榮,21,0,21,華南永昌-頭份,2024-09-30,9343
00715L,期街口布蘭特正2,23,3,20,華南永昌-頭份,2024-09-30,9343
00960,野村全球航運龍頭,21,2,19,華南永昌-頭份,2024-09-30,9343
00770,國泰北美科技,18,0,18,華南永昌-頭份,2024-09-30,9343
2498,宏達電,25,8,17,華南永昌-頭份,2024-09-30,9343
00720B,元大投資級公司債,22,6,16,華南永昌-頭份,2024-09-30,9343
00940,元大台灣價值高息,26,10,16,華南永昌-頭份,2024-09-30,9343
1727,中華化,16,1,15,華南永昌-頭份,2024-09-30,9343
2867,三商壽,15,0,15,華南永昌-頭份,2024-09-30,9343
3363,上詮,20,5,15,華南永昌-頭份,2024-09-30,9343
5014,建錩,15,0,15,華南永昌-頭份,2024-09-30,9343
2615,萬海,23,10,13,華南永昌-頭份,2024-09-30,9343
2313,華通,15,2,13,華南永昌-頭份,2024-09-30,9343
6733,博晟生醫,13,0,13,華南永昌-頭份,2024-09-30,9343
00930,永豐ESG低碳高息,12,0,12,華南永昌-頭份,2024-09-30,9343
6241,易通展,12,0,12,華南永昌-頭份,2024-09-30,9343
2323,中環,11,0,11,華南永昌-頭份,2024-09-30,9343
3189,景碩,13,2,11,華南永昌-頭份,2024-09-30,9343
5347,世界,11,0,11,華南永昌-頭份,2024-09-30,9343
00878,國泰永續高股息,12,1,11,華南永昌-頭份,2024-09-30,9343
2349,錸德,11,0,11,華南永昌-頭份,2024-09-30,9343
00891,中信關鍵半導體,10,0,10,華南永昌-頭份,2024-09-30,9343
00933B,國泰10Y+金融債,10,0,10,華南永昌-頭份,2024-09-30,9343
1708,東鹼,10,0,10,華南永昌-頭份,2024-09-30,9343
1904,正隆,10,0,10,華南永昌-頭份,2024-09-30,9343
2009,第一銅,10,0,10,華南永昌-頭份,2024-09-30,9343
2038,海光,20,10,10,華南永昌-頭份,2024-09-30,9343
2402,毅嘉,10,0,10,華南永昌-頭份,2024-09-30,9343
4716,大立,15,5,10,華南永昌-頭份,2024-09-30,9343
6153,嘉聯益,10,0,10,華南永昌-頭份,2024-09-30,9343
8234,新漢,10,0,10,華南永昌-頭份,2024-09-30,9343
2007,燁興,13,4,9,華南永昌-頭份,2024-09-30,9343
2362,藍天,9,0,9,華南永昌-頭份,2024-09-30,9343
6237,驊訊,10,1,9,華南永昌-頭份,2024-09-30,9343
6598,ABC-KY,19,10,9,華南永昌-頭份,2024-09-30,9343
2383,台光電,9,1,8,華南永昌-頭份,2024-09-30,9343
8028,昇陽半導體,9,1,8,華南永昌-頭份,2024-09-30,9343
00939,統一台灣高息動能,210,9,201,華南永昌-頭份,2024-10-01,9343
00929,復華台灣科技優息,109,3,106,華南永昌-頭份,2024-10-01,9343
00922,國泰台灣領袖50,60,0,60,華南永昌-頭份,2024-10-01,9343
00687B,國泰20年美債,34,0,34,華南永昌-頭份,2024-10-01,9343
2888,新光金,33,0,33,華南永昌-頭份,2024-10-01,9343
6598,ABC-KY,32,0,32,華南永昌-頭份,2024-10-01,9343
3227,原相,35,3,32,華南永昌-頭份,2024-10-01,9343
00713,元大台灣高息低波,31,0,31,華南永昌-頭份,2024-10-01,9343
5328,華容,30,0,30,華南永昌-頭份,2024-10-01,9343
0056,元大高股息,32,3,29,華南永昌-頭份,2024-10-01,9343
2344,華邦電,26,0,26,華南永昌-頭份,2024-10-01,9343
2913,農林,25,0,25,華南永昌-頭份,2024-10-01,9343
2882,國泰金,23,0,23,華南永昌-頭份,2024-10-01,9343
2408,南亞科,21,0,21,華南永昌-頭份,2024-10-01,9343
00650L,復華香港正2,20,0,20,華南永昌-頭份,2024-10-01,9343
00706L,期元大S＆P日圓正2,20,0,20,華南永昌-頭份,2024-10-01,9343
3481,群創,119,101,18,華南永昌-頭份,2024-10-01,9343
00940,元大台灣價值高息,50,32,18,華南永昌-頭份,2024-10-01,9343
2497,怡利電,20,2,18,華南永昌-頭份,2024-10-01,9343
3548,兆利,20,2,18,華南永昌-頭份,2024-10-01,9343
8104,錸寶,18,1,17,華南永昌-頭份,2024-10-01,9343
2399,映泰,35,19,16,華南永昌-頭份,2024-10-01,9343
3419,譁裕,16,0,16,華南永昌-頭份,2024-10-01,9343
00878,國泰永續高股息,15,0,15,華南永昌-頭份,2024-10-01,9343
00960,野村全球航運龍頭,13,0,13,華南永昌-頭份,2024-10-01,9343
6770,力積電,12,0,12,華南永昌-頭份,2024-10-01,9343
00665L,富邦�琤肭磪囓�2,12,0,12,華南永昌-頭份,2024-10-01,9343
2929,淘帝-KY,11,0,11,華南永昌-頭份,2024-10-01,9343
2605,新興,17,7,10,華南永昌-頭份,2024-10-01,9343
00891,中信關鍵半導體,10,0,10,華南永昌-頭份,2024-10-01,9343
1711,永光,10,0,10,華南永昌-頭份,2024-10-01,9343
2312,金寶,10,0,10,華南永昌-頭份,2024-10-01,9343
2442,新美齊,10,0,10,華南永昌-頭份,2024-10-01,9343
6757,台灣虎航,18,8,10,華南永昌-頭份,2024-10-01,9343
00881,國泰台灣5G+,10,1,9,華南永昌-頭份,2024-10-01,9343
2464,盟立,11,2,9,華南永昌-頭份,2024-10-01,9343
00688L,國泰20年美債正2,8,0,8,華南永昌-頭份,2024-10-01,9343
4164,承業醫,8,0,8,華南永昌-頭份,2024-10-01,9343
5014,建錩,10,2,8,華南永昌-頭份,2024-10-01,9343
6742,澤米,10,2,8,華南永昌-頭份,2024-10-01,9343
1309,台達化,7,0,7,華南永昌-頭份,2024-10-01,9343
5425,台半,7,0,7,華南永昌-頭份,2024-10-01,9343
3231,緯創,6,0,6,華南永昌-頭份,2024-10-01,9343
00657,國泰日經225,6,0,6,華南永昌-頭份,2024-10-01,9343
2367,燿華,6,0,6,華南永昌-頭份,2024-10-01,9343
3025,星通,9,3,6,華南永昌-頭份,2024-10-01,9343
3715,定穎投控,7,1,6,華南永昌-頭份,2024-10-01,9343
8096,擎亞,6,0,6,華南永昌-頭份,2024-10-01,9343
4909,新復興,16,10,6,華南永昌-頭份,2024-10-01,9343
1305,華夏,8,3,5,華南永昌-頭份,2024-10-01,9343
00943,兆豐電子高息等權,176,0,176,華南永昌-頭份,2024-10-04,9343
00939,統一台灣高息動能,150,4,146,華南永昌-頭份,2024-10-04,9343
00919,群益台灣精選高息,135,4,131,華南永昌-頭份,2024-10-04,9343
00936,台新永續高息中小,116,13,103,華南永昌-頭份,2024-10-04,9343
00929,復華台灣科技優息,71,3,68,華南永昌-頭份,2024-10-04,9343
00940,元大台灣價值高息,74,11,63,華南永昌-頭份,2024-10-04,9343
2888,新光金,61,6,55,華南永昌-頭份,2024-10-04,9343
0056,元大高股息,47,2,45,華南永昌-頭份,2024-10-04,9343
2610,華航,46,2,44,華南永昌-頭份,2024-10-04,9343
2884,玉山金,40,0,40,華南永昌-頭份,2024-10-04,9343
00671R,富邦NASDAQ反1,40,0,40,華南永昌-頭份,2024-10-04,9343
2449,京元電子,40,1,39,華南永昌-頭份,2024-10-04,9343
2637,慧洋-KY,38,0,38,華南永昌-頭份,2024-10-04,9343
2030,彰源,43,5,38,華南永昌-頭份,2024-10-04,9343
2609,陽明,39,5,34,華南永昌-頭份,2024-10-04,9343
3058,立德,34,2,32,華南永昌-頭份,2024-10-04,9343
00878,國泰永續高股息,32,1,31,華南永昌-頭份,2024-10-04,9343
00679B,元大美債20年,29,0,29,華南永昌-頭份,2024-10-04,9343
8104,錸寶,29,1,28,華南永昌-頭份,2024-10-04,9343
2615,萬海,23,1,22,華南永昌-頭份,2024-10-04,9343
00688L,國泰20年美債正2,21,0,21,華南永昌-頭份,2024-10-04,9343
00673R,期元大S＆P原油反1,18,0,18,華南永昌-頭份,2024-10-04,9343
6770,力積電,16,0,16,華南永昌-頭份,2024-10-04,9343
3048,益登,32,16,16,華南永昌-頭份,2024-10-04,9343
2543,皇昌,23,8,15,華南永昌-頭份,2024-10-04,9343
2313,華通,14,0,14,華南永昌-頭份,2024-10-04,9343
2618,長榮航,23,9,14,華南永昌-頭份,2024-10-04,9343
2603,長榮,15,2,13,華南永昌-頭份,2024-10-04,9343
2312,金寶,22,9,13,華南永昌-頭份,2024-10-04,9343
2308,台達電,17,5,12,華南永昌-頭份,2024-10-04,9343
00887,永豐中國科技50大,13,1,12,華南永昌-頭份,2024-10-04,9343
00706L,期元大S＆P日圓正2,12,0,12,華南永昌-頭份,2024-10-04,9343
2303,聯電,12,0,12,華南永昌-頭份,2024-10-04,9343
2426,鼎元,28,16,12,華南永昌-頭份,2024-10-04,9343
2498,宏達電,31,20,11,華南永昌-頭份,2024-10-04,9343
2317,鴻海,49,39,10,華南永昌-頭份,2024-10-04,9343
2201,裕隆,11,1,10,華南永昌-頭份,2024-10-04,9343
2913,農林,10,0,10,華南永昌-頭份,2024-10-04,9343
00934,中信成長高股息,10,0,10,華南永昌-頭份,2024-10-04,9343
1314,中石化,10,0,10,華南永昌-頭份,2024-10-04,9343
2801,彰銀,10,0,10,華南永昌-頭份,2024-10-04,9343
4726,永昕,10,0,10,華南永昌-頭份,2024-10-04,9343
6153,嘉聯益,10,0,10,華南永昌-頭份,2024-10-04,9343
3360,尚立,10,0,10,華南永昌-頭份,2024-10-04,9343
5351,鈺創,29,20,9,華南永昌-頭份,2024-10-04,9343
8032,光菱,9,0,9,華南永昌-頭份,2024-10-04,9343
2038,海光,13,5,8,華南永昌-頭份,2024-10-04,9343
2439,美律,8,0,8,華南永昌-頭份,2024-10-04,9343
4908,前鼎,9,1,8,華南永昌-頭份,2024-10-04,9343
5371,中光電,10,2,8,華南永昌-頭份,2024-10-04,9343
00637L,元大滬深300正2,1116,52,1064,華南永昌-頭份,2024-10-07,9343
00632R,元大台灣50反1,113,20,93,華南永昌-頭份,2024-10-07,9343
00679B,元大美債20年,77,0,77,華南永昌-頭份,2024-10-07,9343
8104,錸寶,57,1,56,華南永昌-頭份,2024-10-07,9343
00708L,期元大S＆P黃金正2,50,0,50,華南永昌-頭份,2024-10-07,9343
2929,淘帝-KY,51,7,44,華南永昌-頭份,2024-10-07,9343
00929,復華台灣科技優息,39,2,37,華南永昌-頭份,2024-10-07,9343
00730,富邦臺灣優質高息,30,0,30,華南永昌-頭份,2024-10-07,9343
00919,群益台灣精選高息,33,3,30,華南永昌-頭份,2024-10-07,9343
5907,大洋-KY,26,0,26,華南永昌-頭份,2024-10-07,9343
2353,宏��,27,2,25,華南永昌-頭份,2024-10-07,9343
00753L,中信中國50正2,42,18,24,華南永昌-頭份,2024-10-07,9343
3605,宏致,24,0,24,華南永昌-頭份,2024-10-07,9343
2601,益航,24,2,22,華南永昌-頭份,2024-10-07,9343
2442,新美齊,21,0,21,華南永昌-頭份,2024-10-07,9343
4128,中天,21,0,21,華南永昌-頭份,2024-10-07,9343
8111,立��,67,46,21,華南永昌-頭份,2024-10-07,9343
9919,康那香,20,0,20,華南永昌-頭份,2024-10-07,9343
3363,上詮,33,14,19,華南永昌-頭份,2024-10-07,9343
3374,精材,19,3,16,華南永昌-頭份,2024-10-07,9343
2201,裕隆,16,1,15,華南永昌-頭份,2024-10-07,9343
3149,正達,22,7,15,華南永昌-頭份,2024-10-07,9343
8107,大億金茂,15,0,15,華南永昌-頭份,2024-10-07,9343
2363,矽統,21,6,15,華南永昌-頭份,2024-10-07,9343
2498,宏達電,17,3,14,華南永昌-頭份,2024-10-07,9343
2356,英業達,31,17,14,華南永昌-頭份,2024-10-07,9343
3591,艾笛森,17,3,14,華南永昌-頭份,2024-10-07,9343
6742,澤米,16,2,14,華南永昌-頭份,2024-10-07,9343
2618,長榮航,15,3,12,華南永昌-頭份,2024-10-07,9343
00878,國泰永續高股息,12,0,12,華南永昌-頭份,2024-10-07,9343
5328,華容,12,0,12,華南永昌-頭份,2024-10-07,9343
00713,元大台灣高息低波,11,0,11,華南永昌-頭份,2024-10-07,9343
6152,百一,11,0,11,華南永昌-頭份,2024-10-07,9343
00733,富邦臺灣中小,10,0,10,華南永昌-頭份,2024-10-07,9343
00673R,期元大S＆P原油反1,10,0,10,華南永昌-頭份,2024-10-07,9343
00715L,期街口布蘭特正2,10,0,10,華南永昌-頭份,2024-10-07,9343
00945B,凱基美國非投等債,10,0,10,華南永昌-頭份,2024-10-07,9343
1337,再生-KY,10,0,10,華南永昌-頭份,2024-10-07,9343
1532,勤美,10,0,10,華南永昌-頭份,2024-10-07,9343
3013,晟銘電,11,1,10,華南永昌-頭份,2024-10-07,9343
3607,谷崧,10,0,10,華南永昌-頭份,2024-10-07,9343
5263,智崴,10,0,10,華南永昌-頭份,2024-10-07,9343
5483,中美晶,9,0,9,華南永昌-頭份,2024-10-07,9343
6505,台塑化,9,0,9,華南永昌-頭份,2024-10-07,9343
1301,台塑,11,3,8,華南永昌-頭份,2024-10-07,9343
2402,毅嘉,14,6,8,華南永昌-頭份,2024-10-07,9343
2449,京元電子,11,3,8,華南永昌-頭份,2024-10-07,9343
2461,光群雷,11,3,8,華南永昌-頭份,2024-10-07,9343
2610,華航,8,0,8,華南永昌-頭份,2024-10-07,9343
3033,威健,11,3,8,華南永昌-頭份,2024-10-07,9343
00637L,元大滬深300正2,4834,560,4274,華南永昌-頭份,2024-10-08,9343
00712,復華富時不動產,202,0,202,華南永昌-頭份,2024-10-08,9343
00929,復華台灣科技優息,190,8,182,華南永昌-頭份,2024-10-08,9343
00665L,富邦�琤肭磪囓�2,202,20,182,華南永昌-頭份,2024-10-08,9343
2489,瑞軒,147,3,144,華南永昌-頭份,2024-10-08,9343
00887,永豐中國科技50大,108,5,103,華南永昌-頭份,2024-10-08,9343
00687B,國泰20年美債,79,2,77,華南永昌-頭份,2024-10-08,9343
00770,國泰北美科技,60,0,60,華南永昌-頭份,2024-10-08,9343
00679B,元大美債20年,53,0,53,華南永昌-頭份,2024-10-08,9343
1314,中石化,46,0,46,華南永昌-頭份,2024-10-08,9343
2887,台新金,44,1,43,華南永昌-頭份,2024-10-08,9343
3049,精金,42,1,41,華南永昌-頭份,2024-10-08,9343
00919,群益台灣精選高息,47,11,36,華南永昌-頭份,2024-10-08,9343
6451,訊芯-KY,38,3,35,華南永昌-頭份,2024-10-08,9343
1815,富喬,53,21,32,華南永昌-頭份,2024-10-08,9343
00650L,復華香港正2,42,14,28,華南永昌-頭份,2024-10-08,9343
00725B,國泰投資級公司債,31,4,27,華南永昌-頭份,2024-10-08,9343
00720B,元大投資級公司債,27,0,27,華南永昌-頭份,2024-10-08,9343
2425,承啟,44,18,26,華南永昌-頭份,2024-10-08,9343
6598,ABC-KY,26,0,26,華南永昌-頭份,2024-10-08,9343
8429,金麗-KY,30,5,25,華南永昌-頭份,2024-10-08,9343
00940,元大台灣價值高息,27,4,23,華南永昌-頭份,2024-10-08,9343
1802,台玻,22,0,22,華南永昌-頭份,2024-10-08,9343
3481,群創,174,153,21,華南永昌-頭份,2024-10-08,9343
00673R,期元大S＆P原油反1,20,0,20,華南永昌-頭份,2024-10-08,9343
00636,國泰中國A50,17,0,17,華南永昌-頭份,2024-10-08,9343
2515,中工,17,0,17,華南永昌-頭份,2024-10-08,9343
0056,元大高股息,18,2,16,華南永昌-頭份,2024-10-08,9343
2498,宏達電,17,2,15,華南永昌-頭份,2024-10-08,9343
8076,伍豐,15,0,15,華南永昌-頭份,2024-10-08,9343
2353,宏��,14,0,14,華南永昌-頭份,2024-10-08,9343
6733,博晟生醫,14,0,14,華南永昌-頭份,2024-10-08,9343
9919,康那香,14,0,14,華南永昌-頭份,2024-10-08,9343
00713,元大台灣高息低波,16,2,14,華南永昌-頭份,2024-10-08,9343
1785,光洋科,13,0,13,華南永昌-頭份,2024-10-08,9343
1540,喬福,15,3,12,華南永昌-頭份,2024-10-08,9343
3605,宏致,12,0,12,華南永昌-頭份,2024-10-08,9343
6530,創威,32,20,12,華南永昌-頭份,2024-10-08,9343
00655L,國泰中國A50正2,11,0,11,華南永昌-頭份,2024-10-08,9343
1605,華新,17,6,11,華南永昌-頭份,2024-10-08,9343
00933B,國泰10Y+金融債,10,0,10,華南永昌-頭份,2024-10-08,9343
006205,富邦上証,10,0,10,華南永昌-頭份,2024-10-08,9343
00773B,中信優先金融債,10,0,10,華南永昌-頭份,2024-10-08,9343
1583,程泰,10,0,10,華南永昌-頭份,2024-10-08,9343
1707,葡萄王,10,0,10,華南永昌-頭份,2024-10-08,9343
2030,彰源,10,0,10,華南永昌-頭份,2024-10-08,9343
2414,精技,10,0,10,華南永昌-頭份,2024-10-08,9343
2801,彰銀,10,0,10,華南永昌-頭份,2024-10-08,9343
2834,臺企銀,10,0,10,華南永昌-頭份,2024-10-08,9343
3033,威健,10,0,10,華南永昌-頭份,2024-10-08,9343
00637L,元大滬深300正2,2905,61,2844,華南永昌-頭份,2024-10-09,9343
00882,中信中國高股息,354,52,302,華南永昌-頭份,2024-10-09,9343
2313,華通,231,0,231,華南永昌-頭份,2024-10-09,9343
00712,復華富時不動產,230,10,220,華南永昌-頭份,2024-10-09,9343
00639,富邦深100,210,0,210,華南永昌-頭份,2024-10-09,9343
00936,台新永續高息中小,67,0,67,華南永昌-頭份,2024-10-09,9343
6152,百一,92,30,62,華南永昌-頭份,2024-10-09,9343
2637,慧洋-KY,42,0,42,華南永昌-頭份,2024-10-09,9343
2887,台新金,31,0,31,華南永昌-頭份,2024-10-09,9343
3450,聯鈞,44,14,30,華南永昌-頭份,2024-10-09,9343
00713,元大台灣高息低波,28,0,28,華南永昌-頭份,2024-10-09,9343
2601,益航,27,0,27,華南永昌-頭份,2024-10-09,9343
1314,中石化,46,20,26,華南永昌-頭份,2024-10-09,9343
2399,映泰,56,33,23,華南永昌-頭份,2024-10-09,9343
00878,國泰永續高股息,23,1,22,華南永昌-頭份,2024-10-09,9343
1904,正隆,20,0,20,華南永昌-頭份,2024-10-09,9343
2886,兆豐金,20,0,20,華南永昌-頭份,2024-10-09,9343
3706,神達,28,8,20,華南永昌-頭份,2024-10-09,9343
2002,中鋼,20,0,20,華南永昌-頭份,2024-10-09,9343
2425,承啟,23,7,16,華南永昌-頭份,2024-10-09,9343
2834,臺企銀,21,5,16,華南永昌-頭份,2024-10-09,9343
1802,台玻,16,1,15,華南永昌-頭份,2024-10-09,9343
2427,三商電,15,0,15,華南永昌-頭份,2024-10-09,9343
4157,太景*-KY,15,0,15,華南永昌-頭份,2024-10-09,9343
8088,品安,15,0,15,華南永昌-頭份,2024-10-09,9343
3481,群創,173,158,15,華南永昌-頭份,2024-10-09,9343
2867,三商壽,20,6,14,華南永昌-頭份,2024-10-09,9343
00680L,元大美債20正2,13,0,13,華南永昌-頭份,2024-10-09,9343
1582,信錦,13,0,13,華南永昌-頭份,2024-10-09,9343
6598,ABC-KY,13,0,13,華南永昌-頭份,2024-10-09,9343
8028,昇陽半導體,34,21,13,華南永昌-頭份,2024-10-09,9343
1316,上曜,12,0,12,華南永昌-頭份,2024-10-09,9343
6213,聯茂,12,0,12,華南永昌-頭份,2024-10-09,9343
1605,華新,11,0,11,華南永昌-頭份,2024-10-09,9343
3227,原相,12,1,11,華南永昌-頭份,2024-10-09,9343
3605,宏致,20,10,10,華南永昌-頭份,2024-10-09,9343
00725B,國泰投資級公司債,10,0,10,華南永昌-頭份,2024-10-09,9343
00857B,永豐20年美公債,10,0,10,華南永昌-頭份,2024-10-09,9343
00939,統一台灣高息動能,10,0,10,華南永昌-頭份,2024-10-09,9343
1337,再生-KY,10,0,10,華南永昌-頭份,2024-10-09,9343
1785,光洋科,12,2,10,華南永昌-頭份,2024-10-09,9343
2254,巨鎧精密-創,10,0,10,華南永昌-頭份,2024-10-09,9343
2436,偉詮電,15,5,10,華南永昌-頭份,2024-10-09,9343
6108,競國,10,0,10,華南永昌-頭份,2024-10-09,9343
6451,訊芯-KY,13,3,10,華南永昌-頭份,2024-10-09,9343
5347,世界,13,4,9,華南永昌-頭份,2024-10-09,9343
00740B,富邦全球投等債,9,0,9,華南永昌-頭份,2024-10-09,9343
0056,元大高股息,9,0,9,華南永昌-頭份,2024-10-09,9343
2892,第一金,10,1,9,華南永昌-頭份,2024-10-09,9343
3163,波若威,11,2,9,華南永昌-頭份,2024-10-09,9343
00882,中信中國高股息,246,11,235,華南永昌-頭份,2024-10-11,9343
00885,富邦越南,150,25,125,華南永昌-頭份,2024-10-11,9343
00637L,元大滬深300正2,91,6,85,華南永昌-頭份,2024-10-11,9343
00632R,元大台灣50反1,113,45,68,華南永昌-頭份,2024-10-11,9343
2887,台新金,59,0,59,華南永昌-頭份,2024-10-11,9343
3162,精確,58,7,51,華南永昌-頭份,2024-10-11,9343
2356,英業達,53,6,47,華南永昌-頭份,2024-10-11,9343
2886,兆豐金,50,8,42,華南永昌-頭份,2024-10-11,9343
6117,迎廣,42,1,41,華南永昌-頭份,2024-10-11,9343
2834,臺企銀,37,0,37,華南永昌-頭份,2024-10-11,9343
2449,京元電子,45,12,33,華南永昌-頭份,2024-10-11,9343
2601,益航,30,0,30,華南永昌-頭份,2024-10-11,9343
00665L,富邦�琤肭磪囓�2,26,1,25,華南永昌-頭份,2024-10-11,9343
00713,元大台灣高息低波,24,0,24,華南永昌-頭份,2024-10-11,9343
2406,國碩,20,0,20,華南永昌-頭份,2024-10-11,9343
1815,富喬,31,12,19,華南永昌-頭份,2024-10-11,9343
00919,群益台灣精選高息,17,0,17,華南永昌-頭份,2024-10-11,9343
2062,橋椿,23,6,17,華南永昌-頭份,2024-10-11,9343
3048,益登,16,0,16,華南永昌-頭份,2024-10-11,9343
6133,金橋,16,0,16,華南永昌-頭份,2024-10-11,9343
00725B,國泰投資級公司債,14,0,14,華南永昌-頭份,2024-10-11,9343
2425,承啟,16,2,14,華南永昌-頭份,2024-10-11,9343
8069,元太,16,3,13,華南永昌-頭份,2024-10-11,9343
00679B,元大美債20年,39,26,13,華南永昌-頭份,2024-10-11,9343
2301,光寶科,23,10,13,華南永昌-頭份,2024-10-11,9343
00915,凱基優選高股息30,12,0,12,華南永昌-頭份,2024-10-11,9343
1314,中石化,32,20,12,華南永昌-頭份,2024-10-11,9343
2303,聯電,12,0,12,華南永昌-頭份,2024-10-11,9343
00753L,中信中國50正2,14,3,11,華南永昌-頭份,2024-10-11,9343
00918,大華優利高填息30,10,0,10,華南永昌-頭份,2024-10-11,9343
3149,正達,85,75,10,華南永昌-頭份,2024-10-11,9343
5014,建錩,10,0,10,華南永昌-頭份,2024-10-11,9343
00631L,元大台灣50正2,10,0,10,華南永昌-頭份,2024-10-11,9343
2897,王道銀行,10,0,10,華南永昌-頭份,2024-10-11,9343
2905,三商,10,0,10,華南永昌-頭份,2024-10-11,9343
3031,佰鴻,10,0,10,華南永昌-頭份,2024-10-11,9343
4956,光鋐,12,2,10,華南永昌-頭份,2024-10-11,9343
6598,ABC-KY,9,0,9,華南永昌-頭份,2024-10-11,9343
00680L,元大美債20正2,8,0,8,華南永昌-頭份,2024-10-11,9343
2354,鴻準,8,0,8,華南永昌-頭份,2024-10-11,9343
6114,久威,8,0,8,華南永昌-頭份,2024-10-11,9343
2388,威盛,12,5,7,華南永昌-頭份,2024-10-11,9343
6742,澤米,20,13,7,華南永昌-頭份,2024-10-11,9343
00878,國泰永續高股息,7,0,7,華南永昌-頭份,2024-10-11,9343
3013,晟銘電,9,2,7,華南永昌-頭份,2024-10-11,9343
2243,宏旭-KY,6,0,6,華南永昌-頭份,2024-10-11,9343
00950B,凱基A級公司債,6,0,6,華南永昌-頭份,2024-10-11,9343
2402,毅嘉,30,24,6,華南永昌-頭份,2024-10-11,9343
3481,群創,107,101,6,華南永昌-頭份,2024-10-11,9343
1609,大亞,5,0,5,華南永昌-頭份,2024-10-11,9343
2312,金寶,442,16,426,華南永昌-頭份,2024-10-14,9343
9105,泰金寶-DR,306,1,305,華南永昌-頭份,2024-10-14,9343
00929,復華台灣科技優息,90,2,88,華南永昌-頭份,2024-10-14,9343
00637L,元大滬深300正2,94,21,73,華南永昌-頭份,2024-10-14,9343
00946,群益科技高息成長,48,0,48,華南永昌-頭份,2024-10-14,9343
00679B,元大美債20年,54,16,38,華南永昌-頭份,2024-10-14,9343
00687B,國泰20年美債,31,0,31,華南永昌-頭份,2024-10-14,9343
2882,國泰金,31,0,31,華南永昌-頭份,2024-10-14,9343
4513,福裕,24,0,24,華南永昌-頭份,2024-10-14,9343
2929,淘帝-KY,20,2,18,華南永昌-頭份,2024-10-14,9343
2543,皇昌,20,4,16,華南永昌-頭份,2024-10-14,9343
8097,常珵,16,0,16,華南永昌-頭份,2024-10-14,9343
2317,鴻海,48,33,15,華南永昌-頭份,2024-10-14,9343
5014,建錩,20,5,15,華南永昌-頭份,2024-10-14,9343
00713,元大台灣高息低波,14,0,14,華南永昌-頭份,2024-10-14,9343
2344,華邦電,13,0,13,華南永昌-頭份,2024-10-14,9343
2601,益航,12,0,12,華南永昌-頭份,2024-10-14,9343
00919,群益台灣精選高息,14,3,11,華南永昌-頭份,2024-10-14,9343
00931B,統一美債20年,11,0,11,華南永昌-頭份,2024-10-14,9343
00948B,中信優息投資級債,11,0,11,華南永昌-頭份,2024-10-14,9343
00680L,元大美債20正2,10,0,10,華南永昌-頭份,2024-10-14,9343
00751B,元大AAA至A公司債,10,0,10,華南永昌-頭份,2024-10-14,9343
2889,國票金,10,0,10,華南永昌-頭份,2024-10-14,9343
3705,永信,10,0,10,華南永昌-頭份,2024-10-14,9343
3715,定穎投控,11,1,10,華南永昌-頭份,2024-10-14,9343
4956,光鋐,26,16,10,華南永昌-頭份,2024-10-14,9343
8429,金麗-KY,10,0,10,華南永昌-頭份,2024-10-14,9343
2615,萬海,19,10,9,華南永昌-頭份,2024-10-14,9343
00725B,國泰投資級公司債,9,0,9,華南永昌-頭份,2024-10-14,9343
3234,光環,9,0,9,華南永昌-頭份,2024-10-14,9343
00922,國泰台灣領袖50,8,0,8,華南永昌-頭份,2024-10-14,9343
2399,映泰,33,25,8,華南永昌-頭份,2024-10-14,9343
4526,東台,8,1,7,華南永昌-頭份,2024-10-14,9343
1303,南亞,6,0,6,華南永昌-頭份,2024-10-14,9343
00772B,中信高評級公司債,6,0,6,華南永昌-頭份,2024-10-14,9343
00752,中信中國50,6,0,6,華南永昌-頭份,2024-10-14,9343
3498,陽程,8,2,6,華南永昌-頭份,2024-10-14,9343
5230,雷笛克光學,10,4,6,華南永昌-頭份,2024-10-14,9343
00915,凱基優選高股息30,6,1,5,華南永昌-頭份,2024-10-14,9343
00934,中信成長高股息,5,0,5,華南永昌-頭份,2024-10-14,9343
00923,群益台ESG低碳50,7,2,5,華南永昌-頭份,2024-10-14,9343
00955,中信日本商社,5,0,5,華南永昌-頭份,2024-10-14,9343
2367,燿華,11,6,5,華南永昌-頭份,2024-10-14,9343
2442,新美齊,5,0,5,華南永昌-頭份,2024-10-14,9343
2867,三商壽,5,0,5,華南永昌-頭份,2024-10-14,9343
2892,第一金,5,0,5,華南永昌-頭份,2024-10-14,9343
4991,環宇-KY,6,1,5,華南永昌-頭份,2024-10-14,9343
5351,鈺創,10,5,5,華南永昌-頭份,2024-10-14,9343
6143,振曜,5,0,5,華南永昌-頭份,2024-10-14,9343
6282,康舒,5,0,5,華南永昌-頭份,2024-10-14,9343
9105,泰金寶-DR,325,14,311,華南永昌-頭份,2024-10-15,9343
2312,金寶,95,24,71,華南永昌-頭份,2024-10-15,9343
2426,鼎元,70,3,67,華南永昌-頭份,2024-10-15,9343
00934,中信成長高股息,60,0,60,華南永昌-頭份,2024-10-15,9343
00634R,富邦上証反1,36,0,36,華南永昌-頭份,2024-10-15,9343
00945B,凱基美國非投等債,30,0,30,華南永昌-頭份,2024-10-15,9343
2887,台新金,33,5,28,華南永昌-頭份,2024-10-15,9343
00665L,富邦�琤肭磪囓�2,42,15,27,華南永昌-頭份,2024-10-15,9343
00725B,國泰投資級公司債,26,0,26,華南永昌-頭份,2024-10-15,9343
00675L,富邦臺灣加權正2,23,0,23,華南永昌-頭份,2024-10-15,9343
3027,盛達,23,0,23,華南永昌-頭份,2024-10-15,9343
00730,富邦臺灣優質高息,20,0,20,華南永昌-頭份,2024-10-15,9343
1524,耿鼎,20,0,20,華南永昌-頭份,2024-10-15,9343
3234,光環,18,0,18,華南永昌-頭份,2024-10-15,9343
1721,三晃,26,12,14,華南永昌-頭份,2024-10-15,9343
6530,創威,15,1,14,華南永昌-頭份,2024-10-15,9343
2243,宏旭-KY,14,0,14,華南永昌-頭份,2024-10-15,9343
3033,威健,14,0,14,華南永昌-頭份,2024-10-15,9343
2241,艾姆勒,44,31,13,華南永昌-頭份,2024-10-15,9343
3049,精金,12,0,12,華南永昌-頭份,2024-10-15,9343
3013,晟銘電,22,10,12,華南永昌-頭份,2024-10-15,9343
3591,艾笛森,19,7,12,華南永昌-頭份,2024-10-15,9343
2009,第一銅,11,0,11,華南永昌-頭份,2024-10-15,9343
2258,鴻華先進-創,11,0,11,華南永昌-頭份,2024-10-15,9343
00764B,群益25年美債,10,0,10,華南永昌-頭份,2024-10-15,9343
2520,冠德,10,0,10,華南永昌-頭份,2024-10-15,9343
2882,國泰金,10,0,10,華南永昌-頭份,2024-10-15,9343
3354,律勝,11,1,10,華南永昌-頭份,2024-10-15,9343
4555,氣立,11,1,10,華南永昌-頭份,2024-10-15,9343
00912,中信臺灣智慧50,10,1,9,華南永昌-頭份,2024-10-15,9343
3705,永信,9,0,9,華南永昌-頭份,2024-10-15,9343
4128,中天,9,0,9,華南永昌-頭份,2024-10-15,9343
6477,安集,9,0,9,華南永昌-頭份,2024-10-15,9343
6506,雙邦,9,0,9,華南永昌-頭份,2024-10-15,9343
4908,前鼎,21,12,9,華南永昌-頭份,2024-10-15,9343
8111,立��,15,7,8,華南永昌-頭份,2024-10-15,9343
4909,新復興,10,2,8,華南永昌-頭份,2024-10-15,9343
4956,光鋐,20,12,8,華南永昌-頭份,2024-10-15,9343
4979,華星光,16,8,8,華南永昌-頭份,2024-10-15,9343
6117,迎廣,13,5,8,華南永昌-頭份,2024-10-15,9343
1326,台化,7,0,7,華南永昌-頭份,2024-10-15,9343
2362,藍天,10,3,7,華南永昌-頭份,2024-10-15,9343
4772,台特化,7,0,7,華南永昌-頭份,2024-10-15,9343
6233,旺玖,8,1,7,華南永昌-頭份,2024-10-15,9343
2601,益航,6,0,6,華南永昌-頭份,2024-10-15,9343
00633L,富邦上証正2,7,1,6,華南永昌-頭份,2024-10-15,9343
2388,威盛,8,2,6,華南永昌-頭份,2024-10-15,9343
2545,皇翔,6,0,6,華南永昌-頭份,2024-10-15,9343
3163,波若威,7,1,6,華南永昌-頭份,2024-10-15,9343
6261,久元,6,0,6,華南永昌-頭份,2024-10-15,9343
00680L,元大美債20正2,110,0,110,華南永昌-頭份,2024-10-16,9343
2408,南亞科,80,0,80,華南永昌-頭份,2024-10-16,9343
0056,元大高股息,70,0,70,華南永昌-頭份,2024-10-16,9343
1711,永光,51,2,49,華南永昌-頭份,2024-10-16,9343
00637L,元大滬深300正2,108,67,41,華南永昌-頭份,2024-10-16,9343
9105,泰金寶-DR,79,39,40,華南永昌-頭份,2024-10-16,9343
00937B,群益ESG投等債20,47,8,39,華南永昌-頭份,2024-10-16,9343
00922,國泰台灣領袖50,35,0,35,華南永昌-頭份,2024-10-16,9343
00665L,富邦�琤肭磪囓�2,33,1,32,華南永昌-頭份,2024-10-16,9343
8429,金麗-KY,30,0,30,華南永昌-頭份,2024-10-16,9343
00687B,國泰20年美債,34,12,22,華南永昌-頭份,2024-10-16,9343
6125,廣運,26,5,21,華南永昌-頭份,2024-10-16,9343
00945B,凱基美國非投等債,20,0,20,華南永昌-頭份,2024-10-16,9343
00753L,中信中國50正2,19,3,16,華南永昌-頭份,2024-10-16,9343
5481,新華,17,1,16,華南永昌-頭份,2024-10-16,9343
00951,台新日本半導體,15,0,15,華南永昌-頭份,2024-10-16,9343
00706L,期元大S＆P日圓正2,15,0,15,華南永昌-頭份,2024-10-16,9343
4716,大立,16,1,15,華南永昌-頭份,2024-10-16,9343
2002,中鋼,14,1,13,華南永昌-頭份,2024-10-16,9343
6274,台燿,14,1,13,華南永昌-頭份,2024-10-16,9343
2303,聯電,12,0,12,華南永昌-頭份,2024-10-16,9343
2615,萬海,21,10,11,華南永昌-頭份,2024-10-16,9343
3715,定穎投控,12,1,11,華南永昌-頭份,2024-10-16,9343
2313,華通,23,12,11,華南永昌-頭份,2024-10-16,9343
3049,精金,12,1,11,華南永昌-頭份,2024-10-16,9343
00927,群益半導體收益,10,0,10,華南永昌-頭份,2024-10-16,9343
00912,中信臺灣智慧50,10,0,10,華南永昌-頭份,2024-10-16,9343
6733,博晟生醫,10,0,10,華南永昌-頭份,2024-10-16,9343
8107,大億金茂,10,0,10,華南永昌-頭份,2024-10-16,9343
6163,華電網,10,1,9,華南永昌-頭份,2024-10-16,9343
2542,興富發,8,0,8,華南永昌-頭份,2024-10-16,9343
00882,中信中國高股息,11,3,8,華南永昌-頭份,2024-10-16,9343
3705,永信,8,0,8,華南永昌-頭份,2024-10-16,9343
4542,科嶠,11,3,8,華南永昌-頭份,2024-10-16,9343
00633L,富邦上証正2,9,2,7,華南永昌-頭份,2024-10-16,9343
2880,華南金,7,0,7,華南永昌-頭份,2024-10-16,9343
2882,國泰金,7,0,7,華南永昌-頭份,2024-10-16,9343
3227,原相,12,5,7,華南永昌-頭份,2024-10-16,9343
3376,新日興,7,0,7,華南永昌-頭份,2024-10-16,9343
6706,惠特,8,1,7,華南永昌-頭份,2024-10-16,9343
00688L,國泰20年美債正2,6,0,6,華南永昌-頭份,2024-10-16,9343
00636,國泰中國A50,6,0,6,華南永昌-頭份,2024-10-16,9343
1314,中石化,6,0,6,華南永昌-頭份,2024-10-16,9343
2062,橋椿,7,1,6,華南永昌-頭份,2024-10-16,9343
3508,位速,6,0,6,華南永昌-頭份,2024-10-16,9343
6279,胡連,6,0,6,華南永昌-頭份,2024-10-16,9343
6425,易發,12,6,6,華南永昌-頭份,2024-10-16,9343
3450,聯鈞,9,4,5,華南永昌-頭份,2024-10-16,9343
00933B,國泰10Y+金融債,8,3,5,華南永昌-頭份,2024-10-16,9343
00941,中信上游半導體,5,0,5,華南永昌-頭份,2024-10-16,9343
9105,泰金寶-DR,464,61,403,華南永昌-頭份,2024-10-17,9343
00922,國泰台灣領袖50,208,1,207,華南永昌-頭份,2024-10-17,9343
1314,中石化,85,0,85,華南永昌-頭份,2024-10-17,9343
00887,永豐中國科技50大,70,0,70,華南永昌-頭份,2024-10-17,9343
00637L,元大滬深300正2,45,7,38,華南永昌-頭份,2024-10-17,9343
8374,羅昇,42,5,37,華南永昌-頭份,2024-10-17,9343
00753L,中信中國50正2,35,1,34,華南永昌-頭份,2024-10-17,9343
3162,精確,31,1,30,華南永昌-頭份,2024-10-17,9343
0056,元大高股息,34,5,29,華南永昌-頭份,2024-10-17,9343
00937B,群益ESG投等債20,26,0,26,華南永昌-頭份,2024-10-17,9343
1528,恩德,45,19,26,華南永昌-頭份,2024-10-17,9343
6742,澤米,38,14,24,華南永昌-頭份,2024-10-17,9343
8182,加高,20,0,20,華南永昌-頭份,2024-10-17,9343
00919,群益台灣精選高息,22,3,19,華南永昌-頭份,2024-10-17,9343
2436,偉詮電,17,0,17,華南永昌-頭份,2024-10-17,9343
3066,李洲,19,2,17,華南永昌-頭份,2024-10-17,9343
2609,陽明,43,28,15,華南永昌-頭份,2024-10-17,9343
00953B,群益優選非投等債,14,0,14,華南永昌-頭份,2024-10-17,9343
3209,全科,15,1,14,華南永昌-頭份,2024-10-17,9343
4977,眾達-KY,19,5,14,華南永昌-頭份,2024-10-17,9343
8097,常珵,14,0,14,華南永昌-頭份,2024-10-17,9343
2543,皇昌,24,11,13,華南永昌-頭份,2024-10-17,9343
3588,通嘉,13,0,13,華南永昌-頭份,2024-10-17,9343
3049,精金,23,11,12,華南永昌-頭份,2024-10-17,9343
00687B,國泰20年美債,13,2,11,華南永昌-頭份,2024-10-17,9343
2388,威盛,12,1,11,華南永昌-頭份,2024-10-17,9343
2399,映泰,22,12,10,華南永昌-頭份,2024-10-17,9343
2867,三商壽,15,5,10,華南永昌-頭份,2024-10-17,9343
3006,晶豪科,10,0,10,華南永昌-頭份,2024-10-17,9343
1312,國喬,10,0,10,華南永昌-頭份,2024-10-17,9343
2634,漢翔,10,0,10,華南永昌-頭份,2024-10-17,9343
8111,立��,21,12,9,華南永昌-頭份,2024-10-17,9343
2349,錸德,11,2,9,華南永昌-頭份,2024-10-17,9343
2489,瑞軒,13,4,9,華南永昌-頭份,2024-10-17,9343
2884,玉山金,11,2,9,華南永昌-頭份,2024-10-17,9343
3374,精材,10,1,9,華南永昌-頭份,2024-10-17,9343
6763,綠界科技*,9,0,9,華南永昌-頭份,2024-10-17,9343
8064,東捷,52,43,9,華南永昌-頭份,2024-10-17,9343
8027,鈦昇,10,1,9,華南永昌-頭份,2024-10-17,9343
00941,中信上游半導體,8,0,8,華南永昌-頭份,2024-10-17,9343
3710,連展投控,9,1,8,華南永昌-頭份,2024-10-17,9343
8112,至上,8,0,8,華南永昌-頭份,2024-10-17,9343
00929,復華台灣科技優息,11,4,7,華南永昌-頭份,2024-10-17,9343
00934,中信成長高股息,10,3,7,華南永昌-頭份,2024-10-17,9343
4510,高鋒,27,20,7,華南永昌-頭份,2024-10-17,9343
6768,志強-KY,7,0,7,華南永昌-頭份,2024-10-17,9343
2330,台積電,6,0,6,華南永昌-頭份,2024-10-17,9343
2887,台新金,6,0,6,華南永昌-頭份,2024-10-17,9343
00665L,富邦�琤肭磪囓�2,6,0,6,華南永昌-頭份,2024-10-17,9343
1473,台南,6,0,6,華南永昌-頭份,2024-10-17,9343
00929,復華台灣科技優息,358,68,290,華南永昌-頭份,2024-10-18,9343
00922,國泰台灣領袖50,221,0,221,華南永昌-頭份,2024-10-18,9343
9105,泰金寶-DR,238,29,209,華南永昌-頭份,2024-10-18,9343
2867,三商壽,134,20,114,華南永昌-頭份,2024-10-18,9343
2408,南亞科,112,0,112,華南永昌-頭份,2024-10-18,9343
2303,聯電,69,0,69,華南永昌-頭份,2024-10-18,9343
2601,益航,70,1,69,華南永昌-頭份,2024-10-18,9343
2449,京元電子,57,2,55,華南永昌-頭份,2024-10-18,9343
00937B,群益ESG投等債20,52,0,52,華南永昌-頭份,2024-10-18,9343
00948B,中信優息投資級債,46,0,46,華南永昌-頭份,2024-10-18,9343
00687B,國泰20年美債,46,0,46,華南永昌-頭份,2024-10-18,9343
00945B,凱基美國非投等債,40,0,40,華南永昌-頭份,2024-10-18,9343
2312,金寶,136,101,35,華南永昌-頭份,2024-10-18,9343
3450,聯鈞,38,6,32,華南永昌-頭份,2024-10-18,9343
00753L,中信中國50正2,38,7,31,華南永昌-頭份,2024-10-18,9343
00637L,元大滬深300正2,51,22,29,華南永昌-頭份,2024-10-18,9343
00795B,中信美國公債20年,21,0,21,華南永昌-頭份,2024-10-18,9343
2637,慧洋-KY,20,0,20,華南永昌-頭份,2024-10-18,9343
3162,精確,21,1,20,華南永昌-頭份,2024-10-18,9343
6425,易發,26,7,19,華南永昌-頭份,2024-10-18,9343
3312,弘憶股,26,7,19,華南永昌-頭份,2024-10-18,9343
00679B,元大美債20年,19,0,19,華南永昌-頭份,2024-10-18,9343
6218,豪勉,15,0,15,華南永昌-頭份,2024-10-18,9343
1609,大亞,15,1,14,華南永昌-頭份,2024-10-18,9343
2402,毅嘉,15,2,13,華南永昌-頭份,2024-10-18,9343
00665L,富邦�琤肭磪囓�2,24,11,13,華南永昌-頭份,2024-10-18,9343
6517,保勝光學,13,0,13,華南永昌-頭份,2024-10-18,9343
3149,正達,27,15,12,華南永昌-頭份,2024-10-18,9343
1802,台玻,12,0,12,華南永昌-頭份,2024-10-18,9343
2367,燿華,13,1,12,華南永昌-頭份,2024-10-18,9343
2615,萬海,24,12,12,華南永昌-頭份,2024-10-18,9343
3581,博磊,12,0,12,華南永昌-頭份,2024-10-18,9343
6530,創威,13,1,12,華南永昌-頭份,2024-10-18,9343
6151,晉倫,12,1,11,華南永昌-頭份,2024-10-18,9343
2363,矽統,32,22,10,華南永昌-頭份,2024-10-18,9343
00942B,台新美A公司債20+,10,0,10,華南永昌-頭份,2024-10-18,9343
2888A,新光金甲特,10,0,10,華南永昌-頭份,2024-10-18,9343
2929,淘帝-KY,10,0,10,華南永昌-頭份,2024-10-18,9343
3714,富采,26,16,10,華南永昌-頭份,2024-10-18,9343
1528,恩德,18,9,9,華南永昌-頭份,2024-10-18,9343
3703,欣陸,9,0,9,華南永昌-頭份,2024-10-18,9343
1540,喬福,39,31,8,華南永昌-頭份,2024-10-18,9343
00887,永豐中國科技50大,8,0,8,華南永昌-頭份,2024-10-18,9343
00931B,統一美債20年,8,0,8,華南永昌-頭份,2024-10-18,9343
2201,裕隆,8,0,8,華南永昌-頭份,2024-10-18,9343
2344,華邦電,8,0,8,華南永昌-頭份,2024-10-18,9343
4927,泰鼎-KY,8,0,8,華南永昌-頭份,2024-10-18,9343
5392,能率,12,4,8,華南永昌-頭份,2024-10-18,9343
6477,安集,8,0,8,華南永昌-頭份,2024-10-18,9343
5347,世界,8,0,8,華南永昌-頭份,2024-10-18,9343
00929,復華台灣科技優息,167,10,157,華南永昌-頭份,2024-10-21,9343
00687B,國泰20年美債,133,0,133,華南永昌-頭份,2024-10-21,9343
00887,永豐中國科技50大,130,2,128,華南永昌-頭份,2024-10-21,9343
00922,國泰台灣領袖50,86,0,86,華南永昌-頭份,2024-10-21,9343
00937B,群益ESG投等債20,84,5,79,華南永昌-頭份,2024-10-21,9343
00923,群益台ESG低碳50,60,0,60,華南永昌-頭份,2024-10-21,9343
00665L,富邦�琤肭磪囓�2,50,0,50,華南永昌-頭份,2024-10-21,9343
00948B,中信優息投資級債,42,0,42,華南永昌-頭份,2024-10-21,9343
1609,大亞,35,0,35,華南永昌-頭份,2024-10-21,9343
00637L,元大滬深300正2,48,14,34,華南永昌-頭份,2024-10-21,9343
00679B,元大美債20年,28,0,28,華南永昌-頭份,2024-10-21,9343
2317,鴻海,67,39,28,華南永昌-頭份,2024-10-21,9343
2884,玉山金,27,0,27,華南永昌-頭份,2024-10-21,9343
00878,國泰永續高股息,23,2,21,華南永昌-頭份,2024-10-21,9343
2883,凱基金,21,0,21,華南永昌-頭份,2024-10-21,9343
00953B,群益優選非投等債,21,0,21,華南永昌-頭份,2024-10-21,9343
00655L,國泰中國A50正2,20,0,20,華南永昌-頭份,2024-10-21,9343
00950B,凱基A級公司債,20,0,20,華南永昌-頭份,2024-10-21,9343
6733,博晟生醫,20,0,20,華南永昌-頭份,2024-10-21,9343
6770,力積電,20,0,20,華南永昌-頭份,2024-10-21,9343
2891,中信金,18,0,18,華南永昌-頭份,2024-10-21,9343
00725B,國泰投資級公司債,17,0,17,華南永昌-頭份,2024-10-21,9343
2027,大成鋼,20,4,16,華南永昌-頭份,2024-10-21,9343
2002,中鋼,22,6,16,華南永昌-頭份,2024-10-21,9343
00905,FT臺灣Smart,16,0,16,華南永昌-頭份,2024-10-21,9343
00715L,期街口布蘭特正2,14,0,14,華南永昌-頭份,2024-10-21,9343
8064,東捷,28,14,14,華南永昌-頭份,2024-10-21,9343
3011,今皓,45,32,13,華南永昌-頭份,2024-10-21,9343
00720B,元大投資級公司債,12,0,12,華南永昌-頭份,2024-10-21,9343
3031,佰鴻,19,7,12,華南永昌-頭份,2024-10-21,9343
2303,聯電,11,0,11,華南永昌-頭份,2024-10-21,9343
00642U,期元大S＆P石油,11,0,11,華南永昌-頭份,2024-10-21,9343
00933B,國泰10Y+金融債,10,0,10,華南永昌-頭份,2024-10-21,9343
00712,復華富時不動產,10,0,10,華南永昌-頭份,2024-10-21,9343
2344,華邦電,10,0,10,華南永昌-頭份,2024-10-21,9343
2890,永豐金,10,0,10,華南永昌-頭份,2024-10-21,9343
3013,晟銘電,41,31,10,華南永昌-頭份,2024-10-21,9343
3049,精金,10,0,10,華南永昌-頭份,2024-10-21,9343
9938,百和,10,0,10,華南永昌-頭份,2024-10-21,9343
2354,鴻準,15,6,9,華南永昌-頭份,2024-10-21,9343
2399,映泰,20,11,9,華南永昌-頭份,2024-10-21,9343
3707,漢磊,10,1,9,華南永昌-頭份,2024-10-21,9343
1301,台塑,8,0,8,華南永昌-頭份,2024-10-21,9343
1303,南亞,7,0,7,華南永昌-頭份,2024-10-21,9343
4974,亞泰,9,2,7,華南永昌-頭份,2024-10-21,9343
6117,迎廣,7,0,7,華南永昌-頭份,2024-10-21,9343
00772B,中信高評級公司債,7,1,6,華南永昌-頭份,2024-10-21,9343
8054,安國,10,4,6,華南永昌-頭份,2024-10-21,9343
00740B,富邦全球投等債,6,0,6,華南永昌-頭份,2024-10-21,9343
00773B,中信優先金融債,6,0,6,華南永昌-頭份,2024-10-21,9343
00937B,群益ESG投等債20,89,13,76,華南永昌-頭份,2024-10-22,9343
00679B,元大美債20年,70,0,70,華南永昌-頭份,2024-10-22,9343
00725B,國泰投資級公司債,66,0,66,華南永昌-頭份,2024-10-22,9343
00687B,國泰20年美債,62,16,46,華南永昌-頭份,2024-10-22,9343
2897,王道銀行,41,0,41,華南永昌-頭份,2024-10-22,9343
00923,群益台ESG低碳50,41,1,40,華南永昌-頭份,2024-10-22,9343
00795B,中信美國公債20年,37,1,36,華南永昌-頭份,2024-10-22,9343
00961,FT臺灣永續高息,35,0,35,華南永昌-頭份,2024-10-22,9343
2888,新光金,31,3,28,華南永昌-頭份,2024-10-22,9343
1101,台泥,27,0,27,華南永昌-頭份,2024-10-22,9343
00948B,中信優息投資級債,23,0,23,華南永昌-頭份,2024-10-22,9343
00680L,元大美債20正2,21,0,21,華南永昌-頭份,2024-10-22,9343
2363,矽統,30,9,21,華南永昌-頭份,2024-10-22,9343
2405,輔信,21,0,21,華南永昌-頭份,2024-10-22,9343
00720B,元大投資級公司債,20,0,20,華南永昌-頭份,2024-10-22,9343
00950B,凱基A級公司債,20,0,20,華南永昌-頭份,2024-10-22,9343
00931B,統一美債20年,19,0,19,華南永昌-頭份,2024-10-22,9343
3049,精金,60,41,19,華南永昌-頭份,2024-10-22,9343
3308,聯德,25,6,19,華南永昌-頭份,2024-10-22,9343
2303,聯電,18,0,18,華南永昌-頭份,2024-10-22,9343
00772B,中信高評級公司債,17,0,17,華南永昌-頭份,2024-10-22,9343
3189,景碩,27,13,14,華南永昌-頭份,2024-10-22,9343
6895,宏碩系統,14,0,14,華南永昌-頭份,2024-10-22,9343
3498,陽程,14,1,13,華南永昌-頭份,2024-10-22,9343
2408,南亞科,12,0,12,華南永昌-頭份,2024-10-22,9343
2455,全新,12,0,12,華南永昌-頭份,2024-10-22,9343
00637L,元大滬深300正2,11,0,11,華南永昌-頭份,2024-10-22,9343
3011,今皓,26,15,11,華南永昌-頭份,2024-10-22,9343
3264,欣銓,12,1,11,華南永昌-頭份,2024-10-22,9343
00905,FT臺灣Smart,10,0,10,華南永昌-頭份,2024-10-22,9343
3227,原相,20,10,10,華南永昌-頭份,2024-10-22,9343
00934,中信成長高股息,10,0,10,華南永昌-頭份,2024-10-22,9343
2888A,新光金甲特,9,0,9,華南永昌-頭份,2024-10-22,9343
5315,光聯,14,5,9,華南永昌-頭份,2024-10-22,9343
6279,胡連,9,0,9,華南永昌-頭份,2024-10-22,9343
6658,聯策,10,1,9,華南永昌-頭份,2024-10-22,9343
00940,元大台灣價值高息,21,13,8,華南永昌-頭份,2024-10-22,9343
2330,台積電,10,2,8,華南永昌-頭份,2024-10-22,9343
3481,群創,10,3,7,華南永昌-頭份,2024-10-22,9343
00740B,富邦全球投等債,7,0,7,華南永昌-頭份,2024-10-22,9343
2426,鼎元,28,21,7,華南永昌-頭份,2024-10-22,9343
3066,李洲,7,0,7,華南永昌-頭份,2024-10-22,9343
6116,彩晶,7,0,7,華南永昌-頭份,2024-10-22,9343
6127,九豪,7,0,7,華南永昌-頭份,2024-10-22,9343
9958,世紀鋼,7,1,6,華南永昌-頭份,2024-10-22,9343
3188,鑫龍騰,6,0,6,華南永昌-頭份,2024-10-22,9343
3550,聯穎,7,1,6,華南永昌-頭份,2024-10-22,9343
6257,矽格,6,0,6,華南永昌-頭份,2024-10-22,9343
1316,上曜,5,0,5,華南永昌-頭份,2024-10-22,9343
3535,晶彩科,36,31,5,華南永昌-頭份,2024-10-22,9343
00923,群益台ESG低碳50,161,0,161,華南永昌-頭份,2024-10-23,9343
2884,玉山金,96,4,92,華南永昌-頭份,2024-10-23,9343
3011,今皓,67,1,66,華南永昌-頭份,2024-10-23,9343
00725B,國泰投資級公司債,35,0,35,華南永昌-頭份,2024-10-23,9343
00708L,期元大S＆P黃金正2,30,0,30,華南永昌-頭份,2024-10-23,9343
00887,永豐中國科技50大,28,0,28,華南永昌-頭份,2024-10-23,9343
2349,錸德,24,3,21,華南永昌-頭份,2024-10-23,9343
3481,群創,64,43,21,華南永昌-頭份,2024-10-23,9343
1314,中石化,20,0,20,華南永昌-頭份,2024-10-23,9343
2303,聯電,18,0,18,華南永昌-頭份,2024-10-23,9343
00753L,中信中國50正2,30,12,18,華南永昌-頭份,2024-10-23,9343
6143,振曜,18,1,17,華南永昌-頭份,2024-10-23,9343
00934,中信成長高股息,15,0,15,華南永昌-頭份,2024-10-23,9343
2486,一詮,19,4,15,華南永昌-頭份,2024-10-23,9343
1711,永光,32,18,14,華南永昌-頭份,2024-10-23,9343
3042,晶技,14,1,13,華南永昌-頭份,2024-10-23,9343
5347,世界,13,0,13,華南永昌-頭份,2024-10-23,9343
2317,鴻海,61,49,12,華南永昌-頭份,2024-10-23,9343
1815,富喬,13,1,12,華南永昌-頭份,2024-10-23,9343
4526,東台,18,6,12,華南永昌-頭份,2024-10-23,9343
3231,緯創,12,1,11,華南永昌-頭份,2024-10-23,9343
4714,永捷,18,7,11,華南永昌-頭份,2024-10-23,9343
6742,澤米,11,0,11,華南永昌-頭份,2024-10-23,9343
00918,大華優利高填息30,11,0,11,華南永昌-頭份,2024-10-23,9343
2406,國碩,10,0,10,華南永昌-頭份,2024-10-23,9343
2495,普安,13,3,10,華南永昌-頭份,2024-10-23,9343
6151,晉倫,18,8,10,華南永昌-頭份,2024-10-23,9343
2338,光罩,10,0,10,華南永昌-頭份,2024-10-23,9343
3188,鑫龍騰,10,0,10,華南永昌-頭份,2024-10-23,9343
3605,宏致,11,1,10,華南永昌-頭份,2024-10-23,9343
5521,工信,10,0,10,華南永昌-頭份,2024-10-23,9343
00795B,中信美國公債20年,10,0,10,華南永昌-頭份,2024-10-23,9343
6104,創惟,10,0,10,華南永昌-頭份,2024-10-23,9343
00878,國泰永續高股息,10,0,10,華南永昌-頭份,2024-10-23,9343
2330,台積電,9,0,9,華南永昌-頭份,2024-10-23,9343
00919,群益台灣精選高息,12,3,9,華南永昌-頭份,2024-10-23,9343
2027,大成鋼,10,1,9,華南永昌-頭份,2024-10-23,9343
2883,凱基金,9,0,9,華南永昌-頭份,2024-10-23,9343
3583,辛耘,11,2,9,華南永昌-頭份,2024-10-23,9343
2542,興富發,8,0,8,華南永昌-頭份,2024-10-23,9343
00933B,國泰10Y+金融債,10,2,8,華南永昌-頭份,2024-10-23,9343
3430,奇鈦科,11,3,8,華南永昌-頭份,2024-10-23,9343
8033,雷虎,8,0,8,華南永昌-頭份,2024-10-23,9343
3535,晶彩科,29,22,7,華南永昌-頭份,2024-10-23,9343
2312,金寶,35,28,7,華南永昌-頭份,2024-10-23,9343
2009,第一銅,7,0,7,華南永昌-頭份,2024-10-23,9343
2409,友達,107,100,7,華南永昌-頭份,2024-10-23,9343
2462,良得電,16,9,7,華南永昌-頭份,2024-10-23,9343
3013,晟銘電,23,16,7,華南永昌-頭份,2024-10-23,9343
3356,奇偶,7,0,7,華南永昌-頭份,2024-10-23,9343
1721,三晃,77,13,64,華南永昌-頭份,2024-10-24,9343
2905,三商,50,0,50,華南永昌-頭份,2024-10-24,9343
1314,中石化,46,0,46,華南永昌-頭份,2024-10-24,9343
00923,群益台ESG低碳50,42,0,42,華南永昌-頭份,2024-10-24,9343
00919,群益台灣精選高息,38,0,38,華南永昌-頭份,2024-10-24,9343
2489,瑞軒,48,10,38,華南永昌-頭份,2024-10-24,9343
00929,復華台灣科技優息,46,10,36,華南永昌-頭份,2024-10-24,9343
2303,聯電,36,0,36,華南永昌-頭份,2024-10-24,9343
1815,富喬,37,2,35,華南永昌-頭份,2024-10-24,9343
2897,王道銀行,29,0,29,華南永昌-頭份,2024-10-24,9343
6588,東典光電,28,0,28,華南永昌-頭份,2024-10-24,9343
00665L,富邦�琤肭磪囓�2,30,4,26,華南永昌-頭份,2024-10-24,9343
2884,玉山金,25,0,25,華南永昌-頭份,2024-10-24,9343
4716,大立,36,12,24,華南永昌-頭份,2024-10-24,9343
3033,威健,28,4,24,華南永昌-頭份,2024-10-24,9343
1785,光洋科,43,20,23,華南永昌-頭份,2024-10-24,9343
2317,鴻海,58,36,22,華南永昌-頭份,2024-10-24,9343
2887,台新金,22,0,22,華南永昌-頭份,2024-10-24,9343
00671R,富邦NASDAQ反1,20,0,20,華南永昌-頭份,2024-10-24,9343
00632R,元大台灣50反1,20,0,20,華南永昌-頭份,2024-10-24,9343
00878,國泰永續高股息,20,0,20,華南永昌-頭份,2024-10-24,9343
1540,喬福,31,11,20,華南永昌-頭份,2024-10-24,9343
2034,允強,20,0,20,華南永昌-頭份,2024-10-24,9343
2834,臺企銀,20,0,20,華南永昌-頭份,2024-10-24,9343
3234,光環,22,2,20,華南永昌-頭份,2024-10-24,9343
3013,晟銘電,32,15,17,華南永昌-頭份,2024-10-24,9343
3264,欣銓,17,0,17,華南永昌-頭份,2024-10-24,9343
00679B,元大美債20年,17,0,17,華南永昌-頭份,2024-10-24,9343
0056,元大高股息,18,1,17,華南永昌-頭份,2024-10-24,9343
8064,東捷,32,17,15,華南永昌-頭份,2024-10-24,9343
6530,創威,14,1,13,華南永昌-頭份,2024-10-24,9343
2388,威盛,30,17,13,華南永昌-頭份,2024-10-24,9343
2495,普安,18,5,13,華南永昌-頭份,2024-10-24,9343
1809,中釉,12,0,12,華南永昌-頭份,2024-10-24,9343
1528,恩德,29,17,12,華南永昌-頭份,2024-10-24,9343
00753L,中信中國50正2,15,5,10,華南永昌-頭份,2024-10-24,9343
00641R,富邦日本反1,10,0,10,華南永昌-頭份,2024-10-24,9343
00905,FT臺灣Smart,10,0,10,華南永昌-頭份,2024-10-24,9343
2367,燿華,10,0,10,華南永昌-頭份,2024-10-24,9343
3066,李洲,10,0,10,華南永昌-頭份,2024-10-24,9343
5351,鈺創,10,0,10,華南永昌-頭份,2024-10-24,9343
8039,台虹,10,0,10,華南永昌-頭份,2024-10-24,9343
9105,泰金寶-DR,20,11,9,華南永昌-頭份,2024-10-24,9343
3615,安可,13,4,9,華南永昌-頭份,2024-10-24,9343
2929,淘帝-KY,9,0,9,華南永昌-頭份,2024-10-24,9343
4952,凌通,9,0,9,華南永昌-頭份,2024-10-24,9343
2477,美隆電,10,2,8,華南永昌-頭份,2024-10-24,9343
3047,訊舟,8,0,8,華南永昌-頭份,2024-10-24,9343
3057,喬鼎,8,0,8,華南永昌-頭份,2024-10-24,9343
6133,金橋,8,0,8,華南永昌-頭份,2024-10-24,9343
00887,永豐中國科技50大,120,0,120,華南永昌-頭份,2024-10-25,9343
3481,群創,75,16,59,華南永昌-頭份,2024-10-25,9343
5521,工信,60,10,50,華南永昌-頭份,2024-10-25,9343
2489,瑞軒,41,3,38,華南永昌-頭份,2024-10-25,9343
00939,統一台灣高息動能,49,11,38,華南永昌-頭份,2024-10-25,9343
2537,聯上發,35,0,35,華南永昌-頭份,2024-10-25,9343
00937B,群益ESG投等債20,50,17,33,華南永昌-頭份,2024-10-25,9343
1314,中石化,32,2,30,華南永昌-頭份,2024-10-25,9343
6733,博晟生醫,26,0,26,華南永昌-頭份,2024-10-25,9343
6451,訊芯-KY,24,0,24,華南永昌-頭份,2024-10-25,9343
2354,鴻準,65,45,20,華南永昌-頭份,2024-10-25,9343
2442,新美齊,20,0,20,華南永昌-頭份,2024-10-25,9343
2929,淘帝-KY,20,0,20,華南永昌-頭份,2024-10-25,9343
006208,富邦台50,24,5,19,華南永昌-頭份,2024-10-25,9343
00934,中信成長高股息,18,0,18,華南永昌-頭份,2024-10-25,9343
2427,三商電,23,8,15,華南永昌-頭份,2024-10-25,9343
00959B,大華投等美債15Y+,15,0,15,華南永昌-頭份,2024-10-25,9343
6742,澤米,14,0,14,華南永昌-頭份,2024-10-25,9343
8069,元太,13,0,13,華南永昌-頭份,2024-10-25,9343
2493,揚博,14,2,12,華南永昌-頭份,2024-10-25,9343
6588,東典光電,12,0,12,華南永昌-頭份,2024-10-25,9343
3264,欣銓,10,0,10,華南永昌-頭份,2024-10-25,9343
2468,華經,10,0,10,華南永昌-頭份,2024-10-25,9343
2882,國泰金,10,0,10,華南永昌-頭份,2024-10-25,9343
2884,玉山金,10,0,10,華南永昌-頭份,2024-10-25,9343
2888,新光金,10,0,10,華南永昌-頭份,2024-10-25,9343
2905,三商,10,0,10,華南永昌-頭份,2024-10-25,9343
8039,台虹,10,0,10,華南永昌-頭份,2024-10-25,9343
1785,光洋科,30,21,9,華南永昌-頭份,2024-10-25,9343
2382,廣達,11,2,9,華南永昌-頭份,2024-10-25,9343
3450,聯鈞,12,4,8,華南永昌-頭份,2024-10-25,9343
3149,正達,12,4,8,華南永昌-頭份,2024-10-25,9343
00949,復華日本龍頭,8,0,8,華南永昌-頭份,2024-10-25,9343
2449,京元電子,12,4,8,華南永昌-頭份,2024-10-25,9343
3037,欣興,39,31,8,華南永昌-頭份,2024-10-25,9343
4545,銘鈺,13,5,8,華南永昌-頭份,2024-10-25,9343
5443,均豪,10,2,8,華南永昌-頭份,2024-10-25,9343
5465,富驊,9,1,8,華南永昌-頭份,2024-10-25,9343
6120,達運,8,0,8,華南永昌-頭份,2024-10-25,9343
2344,華邦電,7,0,7,華南永昌-頭份,2024-10-25,9343
2402,毅嘉,7,0,7,華南永昌-頭份,2024-10-25,9343
2409,友達,10,3,7,華南永昌-頭份,2024-10-25,9343
2453,凌群,7,0,7,華南永昌-頭份,2024-10-25,9343
2486,一詮,16,9,7,華南永昌-頭份,2024-10-25,9343
4721,美琪瑪,7,0,7,華南永昌-頭份,2024-10-25,9343
4739,康普,7,0,7,華南永昌-頭份,2024-10-25,9343
00952,凱基台灣AI50,6,0,6,華南永昌-頭份,2024-10-25,9343
1524,耿鼎,28,22,6,華南永昌-頭份,2024-10-25,9343
2426,鼎元,10,4,6,華南永昌-頭份,2024-10-25,9343
3049,精金,6,0,6,華南永昌-頭份,2024-10-25,9343
2884,玉山金,915,0,915,華南永昌-頭份,2024-10-28,9343
00937B,群益ESG投等債20,144,16,128,華南永昌-頭份,2024-10-28,9343
9105,泰金寶-DR,105,21,84,華南永昌-頭份,2024-10-28,9343
3037,欣興,33,1,32,華南永昌-頭份,2024-10-28,9343
2646,星宇航空,39,10,29,華南永昌-頭份,2024-10-28,9343
3272,東碩,28,0,28,華南永昌-頭份,2024-10-28,9343
00715L,期街口布蘭特正2,27,0,27,華南永昌-頭份,2024-10-28,9343
00679B,元大美債20年,27,3,24,華南永昌-頭份,2024-10-28,9343
0056,元大高股息,23,0,23,華南永昌-頭份,2024-10-28,9343
6288,聯嘉,50,27,23,華南永昌-頭份,2024-10-28,9343
00687B,國泰20年美債,25,3,22,華南永昌-頭份,2024-10-28,9343
2453,凌群,20,0,20,華南永昌-頭份,2024-10-28,9343
00950B,凱基A級公司債,20,0,20,華南永昌-頭份,2024-10-28,9343
6235,華孚,25,5,20,華南永昌-頭份,2024-10-28,9343
3189,景碩,36,16,20,華南永昌-頭份,2024-10-28,9343
1785,光洋科,19,0,19,華南永昌-頭份,2024-10-28,9343
2426,鼎元,17,0,17,華南永昌-頭份,2024-10-28,9343
2929,淘帝-KY,16,0,16,華南永昌-頭份,2024-10-28,9343
00934,中信成長高股息,15,0,15,華南永昌-頭份,2024-10-28,9343
00896,中信綠能及電動車,15,0,15,華南永昌-頭份,2024-10-28,9343
6530,創威,17,2,15,華南永昌-頭份,2024-10-28,9343
1528,恩德,16,3,13,華南永昌-頭份,2024-10-28,9343
3715,定穎投控,13,0,13,華南永昌-頭份,2024-10-28,9343
2489,瑞軒,12,0,12,華南永昌-頭份,2024-10-28,9343
2402,毅嘉,16,5,11,華南永昌-頭份,2024-10-28,9343
3234,光環,16,5,11,華南永昌-頭份,2024-10-28,9343
3260,威剛,11,0,11,華南永昌-頭份,2024-10-28,9343
3663,鑫科,14,3,11,華南永昌-頭份,2024-10-28,9343
2330,台積電,12,1,11,華南永昌-頭份,2024-10-28,9343
2615,萬海,14,4,10,華南永昌-頭份,2024-10-28,9343
1108,幸福,10,0,10,華南永昌-頭份,2024-10-28,9343
4989,榮科,10,0,10,華南永昌-頭份,2024-10-28,9343
6906,現觀科,10,0,10,華南永昌-頭份,2024-10-28,9343
8039,台虹,10,0,10,華南永昌-頭份,2024-10-28,9343
8097,常珵,10,0,10,華南永昌-頭份,2024-10-28,9343
2303,聯電,12,3,9,華南永昌-頭份,2024-10-28,9343
1416,廣豐,9,0,9,華南永昌-頭份,2024-10-28,9343
2344,華邦電,9,0,9,華南永昌-頭份,2024-10-28,9343
00725B,國泰投資級公司債,8,0,8,華南永昌-頭份,2024-10-28,9343
2302,麗正,15,7,8,華南永昌-頭份,2024-10-28,9343
6120,達運,8,0,8,華南永昌-頭份,2024-10-28,9343
6742,澤米,8,0,8,華南永昌-頭份,2024-10-28,9343
00929,復華台灣科技優息,17,10,7,華南永昌-頭份,2024-10-28,9343
00665L,富邦�琤肭磪囓�2,17,10,7,華南永昌-頭份,2024-10-28,9343
1609,大亞,7,0,7,華南永昌-頭份,2024-10-28,9343
4545,銘鈺,8,1,7,華南永昌-頭份,2024-10-28,9343
00878,國泰永續高股息,7,0,7,華南永昌-頭份,2024-10-28,9343
1514,亞力,32,26,6,華南永昌-頭份,2024-10-28,9343
3450,聯鈞,10,4,6,華南永昌-頭份,2024-10-28,9343
2329,華泰,7,1,6,華南永昌-頭份,2024-10-28,9343
2884,玉山金,149,0,149,華南永昌-頭份,2024-10-29,9343
00929,復華台灣科技優息,226,84,142,華南永昌-頭份,2024-10-29,9343
00679B,元大美債20年,112,11,101,華南永昌-頭份,2024-10-29,9343
00712,復華富時不動產,82,0,82,華南永昌-頭份,2024-10-29,9343
6168,宏齊,80,0,80,華南永昌-頭份,2024-10-29,9343
3481,群創,107,33,74,華南永昌-頭份,2024-10-29,9343
00919,群益台灣精選高息,74,2,72,華南永昌-頭份,2024-10-29,9343
00632R,元大台灣50反1,120,53,67,華南永昌-頭份,2024-10-29,9343
5880,合庫金,54,1,53,華南永昌-頭份,2024-10-29,9343
6127,九豪,50,0,50,華南永昌-頭份,2024-10-29,9343
0056,元大高股息,44,5,39,華南永昌-頭份,2024-10-29,9343
2646,星宇航空,38,3,35,華南永昌-頭份,2024-10-29,9343
1449,佳和,36,5,31,華南永昌-頭份,2024-10-29,9343
00878,國泰永續高股息,25,0,25,華南永昌-頭份,2024-10-29,9343
1904,正隆,20,0,20,華南永昌-頭份,2024-10-29,9343
00918,大華優利高填息30,20,0,20,華南永昌-頭份,2024-10-29,9343
2356,英業達,20,2,18,華南永昌-頭份,2024-10-29,9343
00948B,中信優息投資級債,16,0,16,華南永昌-頭份,2024-10-29,9343
2442,新美齊,15,0,15,華南永昌-頭份,2024-10-29,9343
6288,聯嘉,15,0,15,華南永昌-頭份,2024-10-29,9343
2399,映泰,31,18,13,華南永昌-頭份,2024-10-29,9343
3715,定穎投控,12,0,12,華南永昌-頭份,2024-10-29,9343
2543,皇昌,16,4,12,華南永昌-頭份,2024-10-29,9343
8183,精星,13,1,12,華南永昌-頭份,2024-10-29,9343
1909,榮成,11,0,11,華南永昌-頭份,2024-10-29,9343
2367,燿華,11,0,11,華南永昌-頭份,2024-10-29,9343
3260,威剛,11,0,11,華南永昌-頭份,2024-10-29,9343
5488,松普,13,2,11,華南永昌-頭份,2024-10-29,9343
00937B,群益ESG投等債20,15,5,10,華南永昌-頭份,2024-10-29,9343
00934,中信成長高股息,10,0,10,華南永昌-頭份,2024-10-29,9343
00891,中信關鍵半導體,10,0,10,華南永昌-頭份,2024-10-29,9343
1314,中石化,13,3,10,華南永昌-頭份,2024-10-29,9343
2241,艾姆勒,10,0,10,華南永昌-頭份,2024-10-29,9343
2408,南亞科,10,0,10,華南永昌-頭份,2024-10-29,9343
2630,亞航,10,0,10,華南永昌-頭份,2024-10-29,9343
6477,安集,10,0,10,華南永昌-頭份,2024-10-29,9343
2330,台積電,10,0,10,華南永昌-頭份,2024-10-29,9343
2317,鴻海,70,61,9,華南永昌-頭份,2024-10-29,9343
00715L,期街口布蘭特正2,13,4,9,華南永昌-頭份,2024-10-29,9343
1524,耿鼎,13,4,9,華南永昌-頭份,2024-10-29,9343
8107,大億金茂,14,5,9,華南永昌-頭份,2024-10-29,9343
2388,威盛,9,1,8,華南永昌-頭份,2024-10-29,9343
2489,瑞軒,11,3,8,華南永昌-頭份,2024-10-29,9343
2405,輔信,8,0,8,華南永昌-頭份,2024-10-29,9343
2887,台新金,8,0,8,華南永昌-頭份,2024-10-29,9343
00922,國泰台灣領袖50,7,0,7,華南永昌-頭份,2024-10-29,9343
00946,群益科技高息成長,7,0,7,華南永昌-頭份,2024-10-29,9343
3035,智原,21,14,7,華南永昌-頭份,2024-10-29,9343
6239,力成,7,0,7,華南永昌-頭份,2024-10-29,9343
6274,台燿,7,1,6,華南永昌-頭份,2024-10-29,9343
2884,玉山金,81,0,81,華南永昌-頭份,2024-10-30,9343
00934,中信成長高股息,41,0,41,華南永昌-頭份,2024-10-30,9343
00637L,元大滬深300正2,55,20,35,華南永昌-頭份,2024-10-30,9343
2887,台新金,22,0,22,華南永昌-頭份,2024-10-30,9343
00900,富邦特選高股息30,20,0,20,華南永昌-頭份,2024-10-30,9343
1528,恩德,44,24,20,華南永昌-頭份,2024-10-30,9343
5880,合庫金,20,0,20,華南永昌-頭份,2024-10-30,9343
6284,佳邦,20,1,19,華南永昌-頭份,2024-10-30,9343
9105,泰金寶-DR,18,0,18,華南永昌-頭份,2024-10-30,9343
2465,麗臺,16,0,16,華南永昌-頭份,2024-10-30,9343
4909,新復興,15,0,15,華南永昌-頭份,2024-10-30,9343
2426,鼎元,14,0,14,華南永昌-頭份,2024-10-30,9343
00712,復華富時不動產,13,0,13,華南永昌-頭份,2024-10-30,9343
00919,群益台灣精選高息,12,0,12,華南永昌-頭份,2024-10-30,9343
00679B,元大美債20年,12,0,12,華南永昌-頭份,2024-10-30,9343
2888,新光金,13,2,11,華南永昌-頭份,2024-10-30,9343
00915,凱基優選高股息30,11,0,11,華南永昌-頭份,2024-10-30,9343
00713,元大台灣高息低波,10,0,10,華南永昌-頭份,2024-10-30,9343
2890,永豐金,10,0,10,華南永昌-頭份,2024-10-30,9343
00948B,中信優息投資級債,10,0,10,華南永昌-頭份,2024-10-30,9343
00632R,元大台灣50反1,20,10,10,華南永昌-頭份,2024-10-30,9343
00958B,永豐ESG銀行債15,10,0,10,華南永昌-頭份,2024-10-30,9343
2359,所羅門,11,1,10,華南永昌-頭份,2024-10-30,9343
2436,偉詮電,10,0,10,華南永昌-頭份,2024-10-30,9343
2880,華南金,10,0,10,華南永昌-頭份,2024-10-30,9343
8103,瀚荃,10,0,10,華南永昌-頭份,2024-10-30,9343
2313,華通,10,0,10,華南永昌-頭份,2024-10-30,9343
8011,台通,12,3,9,華南永昌-頭份,2024-10-30,9343
2303,聯電,9,0,9,華南永昌-頭份,2024-10-30,9343
2392,正崴,11,2,9,華南永昌-頭份,2024-10-30,9343
3416,融程電,9,0,9,華南永昌-頭份,2024-10-30,9343
6156,松上,11,2,9,華南永昌-頭份,2024-10-30,9343
6770,力積電,12,3,9,華南永昌-頭份,2024-10-30,9343
00882,中信中國高股息,8,0,8,華南永昌-頭份,2024-10-30,9343
6285,啟��,11,3,8,華南永昌-頭份,2024-10-30,9343
00665L,富邦�琤肭磪囓�2,43,36,7,華南永昌-頭份,2024-10-30,9343
1314,中石化,7,0,7,華南永昌-頭份,2024-10-30,9343
4513,福裕,7,0,7,華南永昌-頭份,2024-10-30,9343
4919,新唐,14,7,7,華南永昌-頭份,2024-10-30,9343
6126,信音,10,3,7,華南永昌-頭份,2024-10-30,9343
6288,聯嘉,7,0,7,華南永昌-頭份,2024-10-30,9343
6757,台灣虎航,10,3,7,華南永昌-頭份,2024-10-30,9343
0056,元大高股息,6,0,6,華南永昌-頭份,2024-10-30,9343
00943,兆豐電子高息等權,6,0,6,華南永昌-頭份,2024-10-30,9343
00633L,富邦上証正2,6,0,6,華南永昌-頭份,2024-10-30,9343
00959B,大華投等美債15Y+,6,0,6,華南永昌-頭份,2024-10-30,9343
2421,建準,7,1,6,華南永昌-頭份,2024-10-30,9343
2449,京元電子,9,3,6,華南永昌-頭份,2024-10-30,9343
3162,精確,10,4,6,華南永昌-頭份,2024-10-30,9343
3308,聯德,6,0,6,華南永昌-頭份,2024-10-30,9343
00953B,群益優選非投等債,388,0,388,華南永昌-頭份,2024-11-01,9343
2884,玉山金,70,0,70,華南永昌-頭份,2024-11-01,9343
9105,泰金寶-DR,63,10,53,華南永昌-頭份,2024-11-01,9343
00878,國泰永續高股息,50,1,49,華南永昌-頭份,2024-11-01,9343
2303,聯電,54,12,42,華南永昌-頭份,2024-11-01,9343
00936,台新永續高息中小,57,20,37,華南永昌-頭份,2024-11-01,9343
3167,大量,26,3,23,華南永昌-頭份,2024-11-01,9343
2887,台新金,23,0,23,華南永昌-頭份,2024-11-01,9343
2317,鴻海,64,41,23,華南永昌-頭份,2024-11-01,9343
00929,復華台灣科技優息,58,37,21,華南永昌-頭份,2024-11-01,9343
2834,臺企銀,21,1,20,華南永昌-頭份,2024-11-01,9343
5880,合庫金,23,3,20,華南永昌-頭份,2024-11-01,9343
00637L,元大滬深300正2,30,11,19,華南永昌-頭份,2024-11-01,9343
2399,映泰,33,15,18,華南永昌-頭份,2024-11-01,9343
00712,復華富時不動產,17,0,17,華南永昌-頭份,2024-11-01,9343
2543,皇昌,25,8,17,華南永昌-頭份,2024-11-01,9343
00919,群益台灣精選高息,41,25,16,華南永昌-頭份,2024-11-01,9343
00918,大華優利高填息30,16,0,16,華南永昌-頭份,2024-11-01,9343
00933B,國泰10Y+金融債,16,0,16,華南永昌-頭份,2024-11-01,9343
00934,中信成長高股息,14,0,14,華南永昌-頭份,2024-11-01,9343
0056,元大高股息,23,9,14,華南永昌-頭份,2024-11-01,9343
2354,鴻準,40,26,14,華南永昌-頭份,2024-11-01,9343
2880,華南金,13,0,13,華南永昌-頭份,2024-11-01,9343
2426,鼎元,12,0,12,華南永昌-頭份,2024-11-01,9343
2888,新光金,12,0,12,華南永昌-頭份,2024-11-01,9343
3059,華晶科,12,0,12,華南永昌-頭份,2024-11-01,9343
4919,新唐,31,20,11,華南永昌-頭份,2024-11-01,9343
00665L,富邦�琤肭磪囓�2,14,3,11,華南永昌-頭份,2024-11-01,9343
00940,元大台灣價值高息,15,4,11,華南永昌-頭份,2024-11-01,9343
2886,兆豐金,11,0,11,華南永昌-頭份,2024-11-01,9343
00915,凱基優選高股息30,10,0,10,華南永昌-頭份,2024-11-01,9343
00641R,富邦日本反1,10,0,10,華南永昌-頭份,2024-11-01,9343
00941,中信上游半導體,10,0,10,華南永昌-頭份,2024-11-01,9343
00950B,凱基A級公司債,10,0,10,華南永昌-頭份,2024-11-01,9343
1101,台泥,10,0,10,華南永昌-頭份,2024-11-01,9343
2890,永豐金,10,0,10,華南永昌-頭份,2024-11-01,9343
1528,恩德,12,3,9,華南永昌-頭份,2024-11-01,9343
6290,良維,9,0,9,華南永昌-頭份,2024-11-01,9343
8277,商丞,9,0,9,華南永昌-頭份,2024-11-01,9343
3324,雙鴻,10,2,8,華南永昌-頭份,2024-11-01,9343
00687B,國泰20年美債,7,0,7,華南永昌-頭份,2024-11-01,9343
00948B,中信優息投資級債,7,0,7,華南永昌-頭份,2024-11-01,9343
3071,協禧,14,7,7,華南永昌-頭份,2024-11-01,9343
3710,連展投控,7,0,7,華南永昌-頭份,2024-11-01,9343
9906,欣巴巴,7,0,7,華南永昌-頭份,2024-11-01,9343
00713,元大台灣高息低波,6,0,6,華南永昌-頭份,2024-11-01,9343
00679B,元大美債20年,6,0,6,華南永昌-頭份,2024-11-01,9343
2007,燁興,6,0,6,華南永昌-頭份,2024-11-01,9343
2431,聯昌,22,16,6,華南永昌-頭份,2024-11-01,9343
2330,台積電,10,4,6,華南永昌-頭份,2024-11-01,9343
00671R,富邦NASDAQ反1,400,0,400,華南永昌-頭份,2024-11-04,9343
00934,中信成長高股息,244,11,233,華南永昌-頭份,2024-11-04,9343
00887,永豐中國科技50大,170,10,160,華南永昌-頭份,2024-11-04,9343
00953B,群益優選非投等債,155,0,155,華南永昌-頭份,2024-11-04,9343
00664R,國泰臺灣加權反1,150,0,150,華南永昌-頭份,2024-11-04,9343
1711,永光,50,5,45,華南永昌-頭份,2024-11-04,9343
00919,群益台灣精選高息,49,5,44,華南永昌-頭份,2024-11-04,9343
00679B,元大美債20年,39,0,39,華南永昌-頭份,2024-11-04,9343
00712,復華富時不動產,34,0,34,華南永昌-頭份,2024-11-04,9343
3092,鴻碩,30,0,30,華南永昌-頭份,2024-11-04,9343
3605,宏致,27,0,27,華南永昌-頭份,2024-11-04,9343
1815,富喬,22,0,22,華南永昌-頭份,2024-11-04,9343
2887,台新金,22,0,22,華南永昌-頭份,2024-11-04,9343
2615,萬海,51,30,21,華南永昌-頭份,2024-11-04,9343
5014,建錩,21,0,21,華南永昌-頭份,2024-11-04,9343
00937B,群益ESG投等債20,30,10,20,華南永昌-頭份,2024-11-04,9343
00945B,凱基美國非投等債,20,0,20,華南永昌-頭份,2024-11-04,9343
6505,台塑化,20,0,20,華南永昌-頭份,2024-11-04,9343
00878,國泰永續高股息,31,12,19,華南永昌-頭份,2024-11-04,9343
00687B,國泰20年美債,24,6,18,華南永昌-頭份,2024-11-04,9343
00715L,期街口布蘭特正2,20,2,18,華南永昌-頭份,2024-11-04,9343
00637L,元大滬深300正2,15,0,15,華南永昌-頭份,2024-11-04,9343
4154,樂威科-KY,15,0,15,華南永昌-頭份,2024-11-04,9343
2303,聯電,15,1,14,華南永昌-頭份,2024-11-04,9343
2431,聯昌,27,13,14,華南永昌-頭份,2024-11-04,9343
2834,臺企銀,13,0,13,華南永昌-頭份,2024-11-04,9343
00725B,國泰投資級公司債,12,0,12,華南永昌-頭份,2024-11-04,9343
2349,錸德,15,3,12,華南永昌-頭份,2024-11-04,9343
00931B,統一美債20年,11,0,11,華南永昌-頭份,2024-11-04,9343
4303,信立,13,2,11,華南永昌-頭份,2024-11-04,9343
2613,中櫃,20,10,10,華南永昌-頭份,2024-11-04,9343
3209,全科,10,0,10,華南永昌-頭份,2024-11-04,9343
3230,錦明,10,0,10,華南永昌-頭份,2024-11-04,9343
1528,恩德,13,4,9,華南永昌-頭份,2024-11-04,9343
2388,威盛,9,0,9,華南永昌-頭份,2024-11-04,9343
2449,京元電子,37,28,9,華南永昌-頭份,2024-11-04,9343
1540,喬福,11,3,8,華南永昌-頭份,2024-11-04,9343
4903,聯光通,16,8,8,華南永昌-頭份,2024-11-04,9343
5315,光聯,8,0,8,華南永昌-頭份,2024-11-04,9343
1449,佳和,10,3,7,華南永昌-頭份,2024-11-04,9343
2328,廣宇,8,1,7,華南永昌-頭份,2024-11-04,9343
00713,元大台灣高息低波,7,0,7,華南永昌-頭份,2024-11-04,9343
2425,承啟,6,0,6,華南永昌-頭份,2024-11-04,9343
2867,三商壽,6,0,6,華南永昌-頭份,2024-11-04,9343
3380,明泰,6,0,6,華南永昌-頭份,2024-11-04,9343
5907,大洋-KY,6,0,6,華南永昌-頭份,2024-11-04,9343
8390,金益鼎,6,0,6,華南永昌-頭份,2024-11-04,9343
3167,大量,12,7,5,華南永昌-頭份,2024-11-04,9343
2913,農林,5,0,5,華南永昌-頭份,2024-11-04,9343
00795B,中信美國公債20年,9,4,5,華南永昌-頭份,2024-11-04,9343
00887,永豐中國科技50大,102,4,98,華南永昌-頭份,2024-11-05,9343
2613,中櫃,66,3,63,華南永昌-頭份,2024-11-05,9343
2303,聯電,45,1,44,華南永昌-頭份,2024-11-05,9343
8096,擎亞,31,1,30,華南永昌-頭份,2024-11-05,9343
1528,恩德,27,4,23,華南永昌-頭份,2024-11-05,9343
00919,群益台灣精選高息,21,0,21,華南永昌-頭份,2024-11-05,9343
00878,國泰永續高股息,19,1,18,華南永昌-頭份,2024-11-05,9343
3049,精金,17,1,16,華南永昌-頭份,2024-11-05,9343
00712,復華富時不動產,14,0,14,華南永昌-頭份,2024-11-05,9343
00679B,元大美債20年,15,1,14,華南永昌-頭份,2024-11-05,9343
2312,金寶,19,6,13,華南永昌-頭份,2024-11-05,9343
3013,晟銘電,22,9,13,華南永昌-頭份,2024-11-05,9343
1721,三晃,10,0,10,華南永昌-頭份,2024-11-05,9343
2601,益航,10,0,10,華南永昌-頭份,2024-11-05,9343
3092,鴻碩,10,0,10,華南永昌-頭份,2024-11-05,9343
3703,欣陸,10,0,10,華南永昌-頭份,2024-11-05,9343
1314,中石化,11,2,9,華南永昌-頭份,2024-11-05,9343
2543,皇昌,16,7,9,華南永昌-頭份,2024-11-05,9343
5315,光聯,52,43,9,華南永昌-頭份,2024-11-05,9343
00946,群益科技高息成長,8,0,8,華南永昌-頭份,2024-11-05,9343
2609,陽明,37,29,8,華南永昌-頭份,2024-11-05,9343
3047,訊舟,9,1,8,華南永昌-頭份,2024-11-05,9343
5426,振發,12,5,7,華南永昌-頭份,2024-11-05,9343
3231,緯創,27,21,6,華南永昌-頭份,2024-11-05,9343
00673R,期元大S＆P原油反1,6,0,6,華南永昌-頭份,2024-11-05,9343
00687B,國泰20年美債,7,1,6,華南永昌-頭份,2024-11-05,9343
1438,三地開發,6,0,6,華南永昌-頭份,2024-11-05,9343
2367,燿華,7,1,6,華南永昌-頭份,2024-11-05,9343
2405,輔信,11,5,6,華南永昌-頭份,2024-11-05,9343
3522,御嵿,6,0,6,華南永昌-頭份,2024-11-05,9343
6133,金橋,6,0,6,華南永昌-頭份,2024-11-05,9343
6197,佳必琪,6,0,6,華南永昌-頭份,2024-11-05,9343
8088,品安,5,0,5,華南永昌-頭份,2024-11-05,9343
00953B,群益優選非投等債,5,0,5,華南永昌-頭份,2024-11-05,9343
00850,元大臺灣ESG永續,5,0,5,華南永昌-頭份,2024-11-05,9343
1582,信錦,5,0,5,華南永昌-頭份,2024-11-05,9343
2337,旺宏,5,0,5,華南永昌-頭份,2024-11-05,9343
3374,精材,6,1,5,華南永昌-頭份,2024-11-05,9343
3605,宏致,6,1,5,華南永昌-頭份,2024-11-05,9343
6182,合晶,7,2,5,華南永昌-頭份,2024-11-05,9343
6530,創威,12,7,5,華南永昌-頭份,2024-11-05,9343
1802,台玻,9,5,4,華南永昌-頭份,2024-11-05,9343
3217,優群,4,0,4,華南永昌-頭份,2024-11-05,9343
3596,智易,4,0,4,華南永昌-頭份,2024-11-05,9343
5443,均豪,14,10,4,華南永昌-頭份,2024-11-05,9343
6173,信昌電,4,0,4,華南永昌-頭份,2024-11-05,9343
8107,大億金茂,7,3,4,華南永昌-頭份,2024-11-05,9343
00932,兆豐永續高息等權,3,0,3,華南永昌-頭份,2024-11-05,9343
00930,永豐ESG低碳高息,3,0,3,華南永昌-頭份,2024-11-05,9343
00915,凱基優選高股息30,3,0,3,華南永昌-頭份,2024-11-05,9343
00887,永豐中國科技50大,115,1,114,華南永昌-頭份,2024-11-06,9343
8070,長華*,56,6,50,華南永昌-頭份,2024-11-06,9343
2303,聯電,44,3,41,華南永昌-頭份,2024-11-06,9343
1711,永光,35,0,35,華南永昌-頭份,2024-11-06,9343
2887,台新金,36,1,35,華南永昌-頭份,2024-11-06,9343
3481,群創,53,27,26,華南永昌-頭份,2024-11-06,9343
2409,友達,23,0,23,華南永昌-頭份,2024-11-06,9343
00930,永豐ESG低碳高息,20,0,20,華南永昌-頭份,2024-11-06,9343
00950B,凱基A級公司債,20,0,20,華南永昌-頭份,2024-11-06,9343
3013,晟銘電,29,9,20,華南永昌-頭份,2024-11-06,9343
4154,樂威科-KY,20,0,20,華南永昌-頭份,2024-11-06,9343
2834,臺企銀,20,0,20,華南永昌-頭份,2024-11-06,9343
00937B,群益ESG投等債20,21,2,19,華南永昌-頭份,2024-11-06,9343
00878,國泰永續高股息,19,1,18,華南永昌-頭份,2024-11-06,9343
00882,中信中國高股息,17,0,17,華南永昌-頭份,2024-11-06,9343
5347,世界,18,1,17,華南永昌-頭份,2024-11-06,9343
00650L,復華香港正2,15,0,15,華南永昌-頭份,2024-11-06,9343
1449,佳和,36,22,14,華南永昌-頭份,2024-11-06,9343
00919,群益台灣精選高息,15,2,13,華南永昌-頭份,2024-11-06,9343
0056,元大高股息,13,0,13,華南永昌-頭份,2024-11-06,9343
00915,凱基優選高股息30,13,0,13,華南永昌-頭份,2024-11-06,9343
00690,兆豐藍籌30,13,0,13,華南永昌-頭份,2024-11-06,9343
2399,映泰,29,18,11,華南永昌-頭份,2024-11-06,9343
00795B,中信美國公債20年,11,0,11,華南永昌-頭份,2024-11-06,9343
2615,萬海,36,25,11,華南永昌-頭份,2024-11-06,9343
3615,安可,14,3,11,華南永昌-頭份,2024-11-06,9343
2609,陽明,13,3,10,華南永昌-頭份,2024-11-06,9343
8088,品安,10,0,10,華南永昌-頭份,2024-11-06,9343
00673R,期元大S＆P原油反1,10,0,10,華南永昌-頭份,2024-11-06,9343
3092,鴻碩,10,0,10,華南永昌-頭份,2024-11-06,9343
5014,建錩,10,0,10,華南永昌-頭份,2024-11-06,9343
1101,台泥,10,2,8,華南永昌-頭份,2024-11-06,9343
3062,建漢,12,4,8,華南永昌-頭份,2024-11-06,9343
8261,富鼎,9,1,8,華南永昌-頭份,2024-11-06,9343
00931B,統一美債20年,7,0,7,華南永昌-頭份,2024-11-06,9343
6579,研揚,7,0,7,華南永昌-頭份,2024-11-06,9343
00665L,富邦�琤肭磪囓�2,12,6,6,華南永昌-頭份,2024-11-06,9343
00933B,國泰10Y+金融債,6,0,6,華南永昌-頭份,2024-11-06,9343
2402,毅嘉,6,0,6,華南永昌-頭份,2024-11-06,9343
00922,國泰台灣領袖50,5,0,5,華南永昌-頭份,2024-11-06,9343
4919,新唐,5,0,5,華南永昌-頭份,2024-11-06,9343
2351,順德,5,0,5,華南永昌-頭份,2024-11-06,9343
2028,威致,5,0,5,華南永昌-頭份,2024-11-06,9343
2371,大同,6,1,5,華南永昌-頭份,2024-11-06,9343
3202,樺晟,5,0,5,華南永昌-頭份,2024-11-06,9343
3406,玉晶光,10,5,5,華南永昌-頭份,2024-11-06,9343
3522,御嵿,5,0,5,華南永昌-頭份,2024-11-06,9343
5315,光聯,5,0,5,華南永昌-頭份,2024-11-06,9343
6164,華興,5,0,5,華南永昌-頭份,2024-11-06,9343
6180,橘子,5,0,5,華南永昌-頭份,2024-11-06,9343
00887,永豐中國科技50大,116,14,102,華南永昌-頭份,2024-11-07,9343
2312,金寶,93,19,74,華南永昌-頭份,2024-11-07,9343
00635U,期元大S＆P黃金,40,2,38,華南永昌-頭份,2024-11-07,9343
2388,威盛,32,1,31,華南永昌-頭份,2024-11-07,9343
2425,承啟,27,6,21,華南永昌-頭份,2024-11-07,9343
1711,永光,20,0,20,華南永昌-頭份,2024-11-07,9343
2303,聯電,37,17,20,華南永昌-頭份,2024-11-07,9343
00881,國泰台灣5G+,16,0,16,華南永昌-頭份,2024-11-07,9343
5907,大洋-KY,16,0,16,華南永昌-頭份,2024-11-07,9343
6134,萬旭,17,1,16,華南永昌-頭份,2024-11-07,9343
6757,台灣虎航,16,0,16,華南永昌-頭份,2024-11-07,9343
8070,長華*,16,0,16,華南永昌-頭份,2024-11-07,9343
2646,星宇航空,14,0,14,華南永昌-頭份,2024-11-07,9343
2317,鴻海,33,20,13,華南永昌-頭份,2024-11-07,9343
1522,堤維西,23,10,13,華南永昌-頭份,2024-11-07,9343
00929,復華台灣科技優息,15,2,13,華南永昌-頭份,2024-11-07,9343
8261,富鼎,16,4,12,華南永昌-頭份,2024-11-07,9343
6742,澤米,16,5,11,華南永昌-頭份,2024-11-07,9343
00688L,國泰20年美債正2,10,0,10,華南永昌-頭份,2024-11-07,9343
00952,凱基台灣AI50,10,0,10,華南永昌-頭份,2024-11-07,9343
1815,富喬,19,9,10,華南永昌-頭份,2024-11-07,9343
4541,晟田,10,0,10,華南永昌-頭份,2024-11-07,9343
4977,眾達-KY,10,0,10,華南永昌-頭份,2024-11-07,9343
00878,國泰永續高股息,28,19,9,華南永昌-頭份,2024-11-07,9343
4510,高鋒,14,5,9,華南永昌-頭份,2024-11-07,9343
1449,佳和,27,19,8,華南永昌-頭份,2024-11-07,9343
2867,三商壽,8,0,8,華南永昌-頭份,2024-11-07,9343
4157,太景*-KY,8,0,8,華南永昌-頭份,2024-11-07,9343
5315,光聯,8,0,8,華南永昌-頭份,2024-11-07,9343
2497,怡利電,22,15,7,華南永昌-頭份,2024-11-07,9343
2892,第一金,7,0,7,華南永昌-頭份,2024-11-07,9343
3189,景碩,6,0,6,華南永昌-頭份,2024-11-07,9343
2399,映泰,43,37,6,華南永昌-頭份,2024-11-07,9343
00725B,國泰投資級公司債,6,0,6,華南永昌-頭份,2024-11-07,9343
2880,華南金,6,0,6,華南永昌-頭份,2024-11-07,9343
2929,淘帝-KY,6,0,6,華南永昌-頭份,2024-11-07,9343
6151,晉倫,8,2,6,華南永昌-頭份,2024-11-07,9343
2330,台積電,7,1,6,華南永昌-頭份,2024-11-07,9343
00673R,期元大S＆P原油反1,5,0,5,華南永昌-頭份,2024-11-07,9343
2031,新光鋼,5,0,5,華南永昌-頭份,2024-11-07,9343
2851,中再保,5,0,5,華南永昌-頭份,2024-11-07,9343
3289,宜特,7,2,5,華南永昌-頭份,2024-11-07,9343
3317,尼克森,5,0,5,華南永昌-頭份,2024-11-07,9343
3498,陽程,7,2,5,華南永昌-頭份,2024-11-07,9343
3711,日月光投控,6,1,5,華南永昌-頭份,2024-11-07,9343
4562,穎漢,10,5,5,華南永昌-頭份,2024-11-07,9343
5284,jpp-KY,9,4,5,華南永昌-頭份,2024-11-07,9343
5488,松普,6,1,5,華南永昌-頭份,2024-11-07,9343
6143,振曜,5,0,5,華南永昌-頭份,2024-11-07,9343
6150,撼訊,5,0,5,華南永昌-頭份,2024-11-07,9343
00932,兆豐永續高息等權,256,0,256,華南永昌-頭份,2024-11-08,9343
00887,永豐中國科技50大,102,18,84,華南永昌-頭份,2024-11-08,9343
00929,復華台灣科技優息,88,8,80,華南永昌-頭份,2024-11-08,9343
2613,中櫃,72,5,67,華南永昌-頭份,2024-11-08,9343
2328,廣宇,44,0,44,華南永昌-頭份,2024-11-08,9343
3013,晟銘電,42,7,35,華南永昌-頭份,2024-11-08,9343
2312,金寶,79,46,33,華南永昌-頭份,2024-11-08,9343
9105,泰金寶-DR,43,12,31,華南永昌-頭份,2024-11-08,9343
2887,台新金,32,3,29,華南永昌-頭份,2024-11-08,9343
6505,台塑化,33,5,28,華南永昌-頭份,2024-11-08,9343
2303,聯電,31,4,27,華南永昌-頭份,2024-11-08,9343
8070,長華*,25,0,25,華南永昌-頭份,2024-11-08,9343
6182,合晶,27,3,24,華南永昌-頭份,2024-11-08,9343
2354,鴻準,78,55,23,華南永昌-頭份,2024-11-08,9343
00948B,中信優息投資級債,20,0,20,華南永昌-頭份,2024-11-08,9343
3481,群創,120,101,19,華南永昌-頭份,2024-11-08,9343
00712,復華富時不動產,20,2,18,華南永昌-頭份,2024-11-08,9343
2402,毅嘉,17,0,17,華南永昌-頭份,2024-11-08,9343
2929,淘帝-KY,21,5,16,華南永昌-頭份,2024-11-08,9343
3548,兆利,15,0,15,華南永昌-頭份,2024-11-08,9343
3062,建漢,40,26,14,華南永昌-頭份,2024-11-08,9343
6901,鑽石投資,14,0,14,華南永昌-頭份,2024-11-08,9343
00795B,中信美國公債20年,13,0,13,華南永昌-頭份,2024-11-08,9343
2388,威盛,13,0,13,華南永昌-頭份,2024-11-08,9343
00878,國泰永續高股息,15,2,13,華南永昌-頭份,2024-11-08,9343
1563,巧新,12,0,12,華南永昌-頭份,2024-11-08,9343
6477,安集,13,2,11,華南永昌-頭份,2024-11-08,9343
00648R,元大S＆P500反1,10,0,10,華南永昌-頭份,2024-11-08,9343
00632R,元大台灣50反1,10,0,10,華南永昌-頭份,2024-11-08,9343
00686R,群益臺灣加權反1,10,0,10,華南永昌-頭份,2024-11-08,9343
1909,榮成,10,0,10,華南永昌-頭份,2024-11-08,9343
2254,巨鎧精密-創,20,10,10,華南永昌-頭份,2024-11-08,9343
2442,新美齊,10,0,10,華南永昌-頭份,2024-11-08,9343
2905,三商,10,0,10,華南永昌-頭份,2024-11-08,9343
6288,聯嘉,16,6,10,華南永昌-頭份,2024-11-08,9343
6530,創威,14,4,10,華南永昌-頭份,2024-11-08,9343
6550,北極星藥業-KY,10,0,10,華南永昌-頭份,2024-11-08,9343
6835,圓裕,10,0,10,華南永昌-頭份,2024-11-08,9343
8936,國統,10,0,10,華南永昌-頭份,2024-11-08,9343
00937B,群益ESG投等債20,33,25,8,華南永昌-頭份,2024-11-08,9343
00687B,國泰20年美債,11,3,8,華南永昌-頭份,2024-11-08,9343
2392,正崴,27,19,8,華南永昌-頭份,2024-11-08,9343
6143,振曜,8,0,8,華南永昌-頭份,2024-11-08,9343
2362,藍天,7,0,7,華南永昌-頭份,2024-11-08,9343
2495,普安,8,1,7,華南永昌-頭份,2024-11-08,9343
3260,威剛,9,2,7,華南永昌-頭份,2024-11-08,9343
3689,湧德,7,0,7,華南永昌-頭份,2024-11-08,9343
3058,立德,6,0,6,華南永昌-頭份,2024-11-08,9343
3149,正達,17,11,6,華南永昌-頭份,2024-11-08,9343
3498,陽程,11,5,6,華南永昌-頭份,2024-11-08,9343
2834,臺企銀,228,2,226,華南永昌-頭份,2024-11-11,9343
00932,兆豐永續高息等權,63,0,63,華南永昌-頭份,2024-11-11,9343
2615,萬海,87,30,57,華南永昌-頭份,2024-11-11,9343
3062,建漢,63,6,57,華南永昌-頭份,2024-11-11,9343
2303,聯電,53,1,52,華南永昌-頭份,2024-11-11,9343
00953B,群益優選非投等債,50,0,50,華南永昌-頭份,2024-11-11,9343
00665L,富邦�琤肭磪囓�2,45,4,41,華南永昌-頭份,2024-11-11,9343
2392,正崴,49,8,41,華南永昌-頭份,2024-11-11,9343
2929,淘帝-KY,31,0,31,華南永昌-頭份,2024-11-11,9343
2356,英業達,88,58,30,華南永昌-頭份,2024-11-11,9343
1444,力麗,30,0,30,華南永昌-頭份,2024-11-11,9343
2408,南亞科,30,0,30,華南永昌-頭份,2024-11-11,9343
5907,大洋-KY,30,0,30,華南永昌-頭份,2024-11-11,9343
4958,臻鼎-KY,30,5,25,華南永昌-頭份,2024-11-11,9343
2613,中櫃,22,0,22,華南永昌-頭份,2024-11-11,9343
2409,友達,21,0,21,華南永昌-頭份,2024-11-11,9343
2609,陽明,27,6,21,華南永昌-頭份,2024-11-11,9343
6133,金橋,21,0,21,華南永昌-頭份,2024-11-11,9343
1102,亞泥,20,0,20,華南永昌-頭份,2024-11-11,9343
2002,中鋼,30,10,20,華南永昌-頭份,2024-11-11,9343
4977,眾達-KY,22,2,20,華南永昌-頭份,2024-11-11,9343
6763,綠界科技*,24,5,19,華南永昌-頭份,2024-11-11,9343
00878,國泰永續高股息,19,1,18,華南永昌-頭份,2024-11-11,9343
1815,富喬,21,3,18,華南永昌-頭份,2024-11-11,9343
2449,京元電子,20,4,16,華南永昌-頭份,2024-11-11,9343
00753L,中信中國50正2,15,0,15,華南永昌-頭份,2024-11-11,9343
00632R,元大台灣50反1,20,5,15,華南永昌-頭份,2024-11-11,9343
3149,正達,43,28,15,華南永昌-頭份,2024-11-11,9343
00650L,復華香港正2,14,0,14,華南永昌-頭份,2024-11-11,9343
2369,菱生,14,0,14,華南永昌-頭份,2024-11-11,9343
2489,瑞軒,14,0,14,華南永昌-頭份,2024-11-11,9343
3231,緯創,28,15,13,華南永昌-頭份,2024-11-11,9343
00930,永豐ESG低碳高息,13,0,13,華南永昌-頭份,2024-11-11,9343
2520,冠德,16,3,13,華南永昌-頭份,2024-11-11,9343
4157,太景*-KY,13,0,13,華南永昌-頭份,2024-11-11,9343
6742,澤米,16,3,13,華南永昌-頭份,2024-11-11,9343
2312,金寶,59,47,12,華南永昌-頭份,2024-11-11,9343
1605,華新,12,0,12,華南永昌-頭份,2024-11-11,9343
4967,十銓,12,1,11,華南永昌-頭份,2024-11-11,9343
6290,良維,11,0,11,華南永昌-頭份,2024-11-11,9343
8358,金居,11,0,11,華南永昌-頭份,2024-11-11,9343
00919,群益台灣精選高息,25,15,10,華南永昌-頭份,2024-11-11,9343
1101,台泥,10,0,10,華南永昌-頭份,2024-11-11,9343
2890,永豐金,10,0,10,華南永昌-頭份,2024-11-11,9343
3167,大量,16,6,10,華南永昌-頭份,2024-11-11,9343
8088,品安,10,0,10,華南永昌-頭份,2024-11-11,9343
00713,元大台灣高息低波,10,0,10,華南永昌-頭份,2024-11-11,9343
2399,映泰,18,9,9,華南永昌-頭份,2024-11-11,9343
8096,擎亞,11,3,8,華南永昌-頭份,2024-11-11,9343
1802,台玻,8,0,8,華南永昌-頭份,2024-11-11,9343
2323,中環,749,5,744,華南永昌-頭份,2024-11-12,9343
00887,永豐中國科技50大,212,0,212,華南永昌-頭份,2024-11-12,9343
00932,兆豐永續高息等權,103,0,103,華南永昌-頭份,2024-11-12,9343
00878,國泰永續高股息,90,0,90,華南永昌-頭份,2024-11-12,9343
2356,英業達,84,10,74,華南永昌-頭份,2024-11-12,9343
4157,太景*-KY,85,17,68,華南永昌-頭份,2024-11-12,9343
0056,元大高股息,75,8,67,華南永昌-頭份,2024-11-12,9343
2002,中鋼,41,2,39,華南永昌-頭份,2024-11-12,9343
5014,建錩,30,0,30,華南永昌-頭份,2024-11-12,9343
1815,富喬,34,6,28,華南永昌-頭份,2024-11-12,9343
00665L,富邦�琤肭磪囓�2,47,20,27,華南永昌-頭份,2024-11-12,9343
2883,凱基金,25,0,25,華南永昌-頭份,2024-11-12,9343
4909,新復興,35,10,25,華南永昌-頭份,2024-11-12,9343
8028,昇陽半導體,34,9,25,華南永昌-頭份,2024-11-12,9343
00929,復華台灣科技優息,29,4,25,華南永昌-頭份,2024-11-12,9343
00715L,期街口布蘭特正2,22,0,22,華南永昌-頭份,2024-11-12,9343
2449,京元電子,21,0,21,華南永昌-頭份,2024-11-12,9343
2328,廣宇,117,96,21,華南永昌-頭份,2024-11-12,9343
4916,事欣科,18,2,16,華南永昌-頭份,2024-11-12,9343
4931,新盛力,20,4,16,華南永昌-頭份,2024-11-12,9343
6477,安集,16,0,16,華南永昌-頭份,2024-11-12,9343
2330,台積電,20,4,16,華南永昌-頭份,2024-11-12,9343
00881,國泰台灣5G+,15,0,15,華南永昌-頭份,2024-11-12,9343
00650L,復華香港正2,15,0,15,華南永昌-頭份,2024-11-12,9343
1802,台玻,15,0,15,華南永昌-頭份,2024-11-12,9343
00919,群益台灣精選高息,16,2,14,華南永昌-頭份,2024-11-12,9343
6770,力積電,16,2,14,華南永昌-頭份,2024-11-12,9343
00934,中信成長高股息,13,0,13,華南永昌-頭份,2024-11-12,9343
3481,群創,13,0,13,華南永昌-頭份,2024-11-12,9343
2834,臺企銀,13,1,12,華南永昌-頭份,2024-11-12,9343
2641,正德,14,2,12,華南永昌-頭份,2024-11-12,9343
1449,佳和,25,13,12,華南永昌-頭份,2024-11-12,9343
2367,燿華,12,0,12,華南永昌-頭份,2024-11-12,9343
6763,綠界科技*,13,1,12,華南永昌-頭份,2024-11-12,9343
2354,鴻準,49,37,12,華南永昌-頭份,2024-11-12,9343
00900,富邦特選高股息30,11,0,11,華南永昌-頭份,2024-11-12,9343
00944,野村趨勢動能高息,11,0,11,華南永昌-頭份,2024-11-12,9343
5871,中租-KY,11,0,11,華南永昌-頭份,2024-11-12,9343
00930,永豐ESG低碳高息,11,0,11,華南永昌-頭份,2024-11-12,9343
2892,第一金,11,0,11,華南永昌-頭份,2024-11-12,9343
1609,大亞,12,1,11,華南永昌-頭份,2024-11-12,9343
00915,凱基優選高股息30,10,0,10,華南永昌-頭份,2024-11-12,9343
2405,輔信,10,0,10,華南永昌-頭份,2024-11-12,9343
4154,樂威科-KY,10,0,10,華南永昌-頭份,2024-11-12,9343
8936,國統,10,0,10,華南永昌-頭份,2024-11-12,9343
3324,雙鴻,10,1,9,華南永昌-頭份,2024-11-12,9343
6290,良維,12,3,9,華南永昌-頭份,2024-11-12,9343
6937,天虹,9,0,9,華南永昌-頭份,2024-11-12,9343
00922,國泰台灣領袖50,8,0,8,華南永昌-頭份,2024-11-12,9343
2609,陽明,22,14,8,華南永昌-頭份,2024-11-12,9343
00878,國泰永續高股息,163,0,163,華南永昌-頭份,2024-11-13,9343
2646,星宇航空,111,2,109,華南永昌-頭份,2024-11-13,9343
6770,力積電,102,2,100,華南永昌-頭份,2024-11-13,9343
6133,金橋,80,0,80,華南永昌-頭份,2024-11-13,9343
00632R,元大台灣50反1,60,5,55,華南永昌-頭份,2024-11-13,9343
9105,泰金寶-DR,92,58,34,華南永昌-頭份,2024-11-13,9343
00712,復華富時不動產,32,0,32,華南永昌-頭份,2024-11-13,9343
2324,仁寶,28,3,25,華南永昌-頭份,2024-11-13,9343
00937B,群益ESG投等債20,24,0,24,華南永昌-頭份,2024-11-13,9343
5880,合庫金,23,0,23,華南永昌-頭份,2024-11-13,9343
00919,群益台灣精選高息,22,0,22,華南永昌-頭份,2024-11-13,9343
2892,第一金,22,0,22,華南永昌-頭份,2024-11-13,9343
00940,元大台灣價值高息,31,10,21,華南永昌-頭份,2024-11-13,9343
5014,建錩,20,0,20,華南永昌-頭份,2024-11-13,9343
1904,正隆,20,0,20,華南永昌-頭份,2024-11-13,9343
4154,樂威科-KY,20,0,20,華南永昌-頭份,2024-11-13,9343
00679B,元大美債20年,18,0,18,華南永昌-頭份,2024-11-13,9343
2801,彰銀,18,0,18,華南永昌-頭份,2024-11-13,9343
3167,大量,20,3,17,華南永昌-頭份,2024-11-13,9343
4157,太景*-KY,17,0,17,華南永昌-頭份,2024-11-13,9343
5426,振發,20,3,17,華南永昌-頭份,2024-11-13,9343
2834,臺企銀,17,0,17,華南永昌-頭份,2024-11-13,9343
1540,喬福,15,0,15,華南永昌-頭份,2024-11-13,9343
1909,榮成,15,0,15,華南永昌-頭份,2024-11-13,9343
00665L,富邦�琤肭磪囓�2,14,0,14,華南永昌-頭份,2024-11-13,9343
00637L,元大滬深300正2,19,5,14,華南永昌-頭份,2024-11-13,9343
2520,冠德,14,0,14,華南永昌-頭份,2024-11-13,9343
2354,鴻準,29,16,13,華南永昌-頭份,2024-11-13,9343
2449,京元電子,14,1,13,華南永昌-頭份,2024-11-13,9343
1524,耿鼎,25,12,13,華南永昌-頭份,2024-11-13,9343
5536,聖暉*,17,4,13,華南永昌-頭份,2024-11-13,9343
2303,聯電,12,0,12,華南永昌-頭份,2024-11-13,9343
4105,東洋,12,0,12,華南永昌-頭份,2024-11-13,9343
1802,台玻,11,0,11,華南永昌-頭份,2024-11-13,9343
2349,錸德,15,4,11,華南永昌-頭份,2024-11-13,9343
2489,瑞軒,15,4,11,華南永昌-頭份,2024-11-13,9343
00958B,永豐ESG銀行債15,10,0,10,華南永昌-頭份,2024-11-13,9343
1522,堤維西,10,0,10,華南永昌-頭份,2024-11-13,9343
3013,晟銘電,27,17,10,華南永昌-頭份,2024-11-13,9343
3607,谷崧,10,0,10,華南永昌-頭份,2024-11-13,9343
5488,松普,20,10,10,華南永昌-頭份,2024-11-13,9343
6588,東典光電,10,0,10,華南永昌-頭份,2024-11-13,9343
6742,澤米,10,0,10,華南永昌-頭份,2024-11-13,9343
6743,安普新,10,0,10,華南永昌-頭份,2024-11-13,9343
2317,鴻海,11,2,9,華南永昌-頭份,2024-11-13,9343
6733,博晟生醫,9,0,9,華南永昌-頭份,2024-11-13,9343
0056,元大高股息,9,0,9,華南永昌-頭份,2024-11-13,9343
2891,中信金,8,0,8,華南永昌-頭份,2024-11-13,9343
1595,川寶,9,1,8,華南永昌-頭份,2024-11-13,9343
3481,群創,8,0,8,華南永昌-頭份,2024-11-13,9343
00878,國泰永續高股息,98,0,98,華南永昌-頭份,2024-11-14,9343
00887,永豐中國科技50大,73,0,73,華南永昌-頭份,2024-11-14,9343
2884,玉山金,59,0,59,華南永昌-頭份,2024-11-14,9343
3231,緯創,57,8,49,華南永昌-頭份,2024-11-14,9343
0056,元大高股息,47,0,47,華南永昌-頭份,2024-11-14,9343
00915,凱基優選高股息30,42,0,42,華南永昌-頭份,2024-11-14,9343
00922,國泰台灣領袖50,39,0,39,華南永昌-頭份,2024-11-14,9343
00905,FT臺灣Smart,33,0,33,華南永昌-頭份,2024-11-14,9343
2408,南亞科,34,2,32,華南永昌-頭份,2024-11-14,9343
2892,第一金,31,0,31,華南永昌-頭份,2024-11-14,9343
2887,台新金,31,3,28,華南永昌-頭份,2024-11-14,9343
2328,廣宇,52,24,28,華南永昌-頭份,2024-11-14,9343
3481,群創,28,1,27,華南永昌-頭份,2024-11-14,9343
00937B,群益ESG投等債20,32,6,26,華南永昌-頭份,2024-11-14,9343
4105,東洋,25,0,25,華南永昌-頭份,2024-11-14,9343
4157,太景*-KY,28,4,24,華南永昌-頭份,2024-11-14,9343
00919,群益台灣精選高息,24,0,24,華南永昌-頭份,2024-11-14,9343
2609,陽明,44,22,22,華南永昌-頭份,2024-11-14,9343
2646,星宇航空,22,0,22,華南永昌-頭份,2024-11-14,9343
3167,大量,22,0,22,華南永昌-頭份,2024-11-14,9343
2449,京元電子,21,2,19,華南永昌-頭份,2024-11-14,9343
1609,大亞,21,4,17,華南永昌-頭份,2024-11-14,9343
3013,晟銘電,31,16,15,華南永昌-頭份,2024-11-14,9343
1301,台塑,14,0,14,華南永昌-頭份,2024-11-14,9343
00929,復華台灣科技優息,19,5,14,華南永昌-頭份,2024-11-14,9343
2354,鴻準,23,11,12,華南永昌-頭份,2024-11-14,9343
3162,精確,11,0,11,華南永昌-頭份,2024-11-14,9343
6733,博晟生醫,11,0,11,華南永昌-頭份,2024-11-14,9343
9105,泰金寶-DR,75,64,11,華南永昌-頭份,2024-11-14,9343
00713,元大台灣高息低波,10,0,10,華南永昌-頭份,2024-11-14,9343
3715,定穎投控,20,10,10,華南永昌-頭份,2024-11-14,9343
00772B,中信高評級公司債,10,0,10,華南永昌-頭份,2024-11-14,9343
00882,中信中國高股息,10,0,10,華南永昌-頭份,2024-11-14,9343
0055,元大MSCI金融,10,0,10,華南永昌-頭份,2024-11-14,9343
00675L,富邦臺灣加權正2,10,0,10,華南永昌-頭份,2024-11-14,9343
1402,遠東新,10,0,10,華南永昌-頭份,2024-11-14,9343
3088,艾訊,10,0,10,華南永昌-頭份,2024-11-14,9343
4526,東台,12,2,10,華南永昌-頭份,2024-11-14,9343
6168,宏齊,10,0,10,華南永昌-頭份,2024-11-14,9343
6530,創威,21,11,10,華南永昌-頭份,2024-11-14,9343
5880,合庫金,9,0,9,華南永昌-頭份,2024-11-14,9343
2330,台積電,10,1,9,華南永昌-頭份,2024-11-14,9343
00679B,元大美債20年,9,0,9,華南永昌-頭份,2024-11-14,9343
4919,新唐,11,2,9,華南永昌-頭份,2024-11-14,9343
2495,普安,10,1,9,華南永昌-頭份,2024-11-14,9343
2493,揚博,10,1,9,華南永昌-頭份,2024-11-14,9343
3049,精金,23,15,8,華南永昌-頭份,2024-11-14,9343
6108,競國,8,0,8,華南永昌-頭份,2024-11-14,9343
6138,茂達,8,0,8,華南永昌-頭份,2024-11-14,9343
1313,聯成,7,0,7,華南永昌-頭份,2024-11-14,9343
00878,國泰永續高股息,368,12,356,華南永昌-頭份,2024-11-15,9343
00943,兆豐電子高息等權,200,0,200,華南永昌-頭份,2024-11-15,9343
00934,中信成長高股息,133,3,130,華南永昌-頭份,2024-11-15,9343
6108,競國,92,0,92,華南永昌-頭份,2024-11-15,9343
3338,泰碩,85,6,79,華南永昌-頭份,2024-11-15,9343
2887,台新金,71,0,71,華南永昌-頭份,2024-11-15,9343
2615,萬海,55,8,47,華南永昌-頭份,2024-11-15,9343
6505,台塑化,30,0,30,華南永昌-頭份,2024-11-15,9343
2641,正德,29,0,29,華南永昌-頭份,2024-11-15,9343
3706,神達,60,31,29,華南永昌-頭份,2024-11-15,9343
3013,晟銘電,64,36,28,華南永昌-頭份,2024-11-15,9343
2303,聯電,21,1,20,華南永昌-頭份,2024-11-15,9343
4934,太極,20,0,20,華南永昌-頭份,2024-11-15,9343
912000,晨訊科-DR,20,0,20,華南永昌-頭份,2024-11-15,9343
3202,樺晟,17,1,16,華南永昌-頭份,2024-11-15,9343
00637L,元大滬深300正2,39,24,15,華南永昌-頭份,2024-11-15,9343
3520,華盈,15,0,15,華南永昌-頭份,2024-11-15,9343
6733,博晟生醫,14,0,14,華南永昌-頭份,2024-11-15,9343
00881,國泰台灣5G+,13,0,13,華南永昌-頭份,2024-11-15,9343
1449,佳和,13,0,13,華南永昌-頭份,2024-11-15,9343
2493,揚博,13,1,12,華南永昌-頭份,2024-11-15,9343
9933,中鼎,11,0,11,華南永昌-頭份,2024-11-15,9343
00632R,元大台灣50反1,20,10,10,華南永昌-頭份,2024-11-15,9343
00948B,中信優息投資級債,10,0,10,華南永昌-頭份,2024-11-15,9343
1402,遠東新,10,0,10,華南永昌-頭份,2024-11-15,9343
1786,科妍,10,0,10,華南永昌-頭份,2024-11-15,9343
8028,昇陽半導體,10,0,10,華南永昌-頭份,2024-11-15,9343
2382,廣達,12,3,9,華南永昌-頭份,2024-11-15,9343
2363,矽統,25,16,9,華南永昌-頭份,2024-11-15,9343
2344,華邦電,8,0,8,華南永昌-頭份,2024-11-15,9343
2880,華南金,7,0,7,華南永昌-頭份,2024-11-15,9343
2392,正崴,22,16,6,華南永昌-頭份,2024-11-15,9343
3234,光環,6,0,6,華南永昌-頭份,2024-11-15,9343
4148,全宇生技-KY,6,0,6,華南永昌-頭份,2024-11-15,9343
6550,北極星藥業-KY,6,0,6,華南永昌-頭份,2024-11-15,9343
2486,一詮,7,2,5,華南永昌-頭份,2024-11-15,9343
1217,愛之味,5,0,5,華南永昌-頭份,2024-11-15,9343
00930,永豐ESG低碳高息,5,0,5,華南永昌-頭份,2024-11-15,9343
1466,聚隆,5,0,5,華南永昌-頭份,2024-11-15,9343
1587,吉茂,6,1,5,華南永昌-頭份,2024-11-15,9343
2027,大成鋼,5,0,5,華南永昌-頭份,2024-11-15,9343
3149,正達,5,0,5,華南永昌-頭份,2024-11-15,9343
3317,尼克森,5,0,5,華南永昌-頭份,2024-11-15,9343
3715,定穎投控,5,0,5,華南永昌-頭份,2024-11-15,9343
8429,金麗-KY,5,0,5,華南永昌-頭份,2024-11-15,9343
9904,寶成,5,0,5,華南永昌-頭份,2024-11-15,9343
2317,鴻海,56,51,5,華南永昌-頭份,2024-11-15,9343
00919,群益台灣精選高息,4,0,4,華南永昌-頭份,2024-11-15,9343
6869,雲豹能源,4,0,4,華南永昌-頭份,2024-11-15,9343
00633L,富邦上証正2,5,1,4,華南永昌-頭份,2024-11-15,9343
00632R,元大台灣50反1,516,0,516,華南永昌-頭份,2024-11-18,9343
00878,國泰永續高股息,150,9,141,華南永昌-頭份,2024-11-18,9343
2409,友達,112,0,112,華南永昌-頭份,2024-11-18,9343
00943,兆豐電子高息等權,111,0,111,華南永昌-頭份,2024-11-18,9343
2887,台新金,102,0,102,華南永昌-頭份,2024-11-18,9343
0056,元大高股息,80,3,77,華南永昌-頭份,2024-11-18,9343
3062,建漢,72,0,72,華南永昌-頭份,2024-11-18,9343
00929,復華台灣科技優息,91,36,55,華南永昌-頭份,2024-11-18,9343
2354,鴻準,122,81,41,華南永昌-頭份,2024-11-18,9343
2834,臺企銀,52,12,40,華南永昌-頭份,2024-11-18,9343
2883,凱基金,32,0,32,華南永昌-頭份,2024-11-18,9343
1708,東鹼,31,1,30,華南永昌-頭份,2024-11-18,9343
2441,超豐,30,0,30,華南永昌-頭份,2024-11-18,9343
2356,英業達,69,42,27,華南永昌-頭份,2024-11-18,9343
3374,精材,33,7,26,華南永昌-頭份,2024-11-18,9343
00713,元大台灣高息低波,24,0,24,華南永昌-頭份,2024-11-18,9343
1540,喬福,23,1,22,華南永昌-頭份,2024-11-18,9343
00708L,期元大S＆P黃金正2,20,0,20,華南永昌-頭份,2024-11-18,9343
3587,閎康,20,0,20,華南永昌-頭份,2024-11-18,9343
00939,統一台灣高息動能,22,3,19,華南永昌-頭份,2024-11-18,9343
1319,東陽,17,0,17,華南永昌-頭份,2024-11-18,9343
3231,緯創,24,7,17,華南永昌-頭份,2024-11-18,9343
00887,永豐中國科技50大,16,0,16,華南永昌-頭份,2024-11-18,9343
00915,凱基優選高股息30,19,3,16,華南永昌-頭份,2024-11-18,9343
00934,中信成長高股息,14,0,14,華南永昌-頭份,2024-11-18,9343
3234,光環,13,0,13,華南永昌-頭份,2024-11-18,9343
1513,中興電,11,0,11,華南永昌-頭份,2024-11-18,9343
2204,中華,11,0,11,華南永昌-頭份,2024-11-18,9343
2329,華泰,11,0,11,華南永昌-頭份,2024-11-18,9343
8240,華宏,11,0,11,華南永昌-頭份,2024-11-18,9343
2303,聯電,10,0,10,華南永昌-頭份,2024-11-18,9343
8096,擎亞,11,1,10,華南永昌-頭份,2024-11-18,9343
1102,亞泥,10,0,10,華南永昌-頭份,2024-11-18,9343
1711,永光,15,5,10,華南永昌-頭份,2024-11-18,9343
2385,群光,10,0,10,華南永昌-頭份,2024-11-18,9343
5512,力麒,10,0,10,華南永昌-頭份,2024-11-18,9343
6190,萬泰科,10,0,10,華南永昌-頭份,2024-11-18,9343
6598,ABC-KY,10,0,10,華南永昌-頭份,2024-11-18,9343
2405,輔信,9,1,8,華南永昌-頭份,2024-11-18,9343
6733,博晟生醫,7,0,7,華南永昌-頭份,2024-11-18,9343
00881,國泰台灣5G+,6,0,6,華南永昌-頭份,2024-11-18,9343
3706,神達,22,16,6,華南永昌-頭份,2024-11-18,9343
2891,中信金,7,1,6,華南永昌-頭份,2024-11-18,9343
4154,樂威科-KY,6,0,6,華南永昌-頭份,2024-11-18,9343
2312,金寶,44,38,6,華南永昌-頭份,2024-11-18,9343
2929,淘帝-KY,10,5,5,華南永昌-頭份,2024-11-18,9343
5490,同亨,5,0,5,華南永昌-頭份,2024-11-18,9343
00671R,富邦NASDAQ反1,5,0,5,華南永昌-頭份,2024-11-18,9343
00950B,凱基A級公司債,5,0,5,華南永昌-頭份,2024-11-18,9343
1217,愛之味,5,0,5,華南永昌-頭份,2024-11-18,9343
3481,群創,150,47,103,華南永昌-頭份,2024-11-19,9343
00959B,大華投等美債15Y+,100,0,100,華南永昌-頭份,2024-11-19,9343
00918,大華優利高填息30,50,0,50,華南永昌-頭份,2024-11-19,9343
00637L,元大滬深300正2,35,1,34,華南永昌-頭份,2024-11-19,9343
2891,中信金,25,0,25,華南永昌-頭份,2024-11-19,9343
5515,建國,23,0,23,華南永昌-頭份,2024-11-19,9343
00930,永豐ESG低碳高息,22,0,22,華南永昌-頭份,2024-11-19,9343
2312,金寶,62,40,22,華南永昌-頭份,2024-11-19,9343
2408,南亞科,20,0,20,華南永昌-頭份,2024-11-19,9343
2409,友達,80,60,20,華南永昌-頭份,2024-11-19,9343
8104,錸寶,25,5,20,華南永昌-頭份,2024-11-19,9343
6126,信音,27,10,17,華南永昌-頭份,2024-11-19,9343
4916,事欣科,16,0,16,華南永昌-頭份,2024-11-19,9343
2884,玉山金,15,0,15,華南永昌-頭份,2024-11-19,9343
6873,泓德能源,15,0,15,華南永昌-頭份,2024-11-19,9343
6598,ABC-KY,13,0,13,華南永昌-頭份,2024-11-19,9343
00679B,元大美債20年,13,1,12,華南永昌-頭份,2024-11-19,9343
2883,凱基金,11,0,11,華南永昌-頭份,2024-11-19,9343
00881,國泰台灣5G+,10,0,10,華南永昌-頭份,2024-11-19,9343
00944,野村趨勢動能高息,10,0,10,華南永昌-頭份,2024-11-19,9343
1909,榮成,10,0,10,華南永昌-頭份,2024-11-19,9343
2929,淘帝-KY,20,10,10,華南永昌-頭份,2024-11-19,9343
4931,新盛力,10,0,10,華南永昌-頭份,2024-11-19,9343
00878,國泰永續高股息,12,3,9,華南永昌-頭份,2024-11-19,9343
3710,連展投控,10,1,9,華南永昌-頭份,2024-11-19,9343
2392,正崴,27,19,8,華南永昌-頭份,2024-11-19,9343
3037,欣興,40,32,8,華南永昌-頭份,2024-11-19,9343
6550,北極星藥業-KY,8,0,8,華南永昌-頭份,2024-11-19,9343
8011,台通,8,0,8,華南永昌-頭份,2024-11-19,9343
2317,鴻海,11,4,7,華南永昌-頭份,2024-11-19,9343
2105,正新,17,10,7,華南永昌-頭份,2024-11-19,9343
3374,精材,8,1,7,華南永昌-頭份,2024-11-19,9343
3231,緯創,11,5,6,華南永昌-頭份,2024-11-19,9343
00633L,富邦上証正2,6,0,6,華南永昌-頭份,2024-11-19,9343
2801,彰銀,6,0,6,華南永昌-頭份,2024-11-19,9343
8261,富鼎,9,4,5,華南永昌-頭份,2024-11-19,9343
2382,廣達,6,1,5,華南永昌-頭份,2024-11-19,9343
1519,華城,5,0,5,華南永昌-頭份,2024-11-19,9343
2027,大成鋼,5,0,5,華南永昌-頭份,2024-11-19,9343
2204,中華,8,3,5,華南永昌-頭份,2024-11-19,9343
3047,訊舟,5,0,5,華南永昌-頭份,2024-11-19,9343
3520,華盈,5,0,5,華南永昌-頭份,2024-11-19,9343
3605,宏致,5,0,5,華南永昌-頭份,2024-11-19,9343
5284,jpp-KY,6,1,5,華南永昌-頭份,2024-11-19,9343
6187,萬潤,6,1,5,華南永昌-頭份,2024-11-19,9343
00772B,中信高評級公司債,4,0,4,華南永昌-頭份,2024-11-19,9343
1721,三晃,4,0,4,華南永昌-頭份,2024-11-19,9343
2002,中鋼,4,0,4,華南永昌-頭份,2024-11-19,9343
2820,華票,4,0,4,華南永昌-頭份,2024-11-19,9343
2897,王道銀行,4,0,4,華南永昌-頭份,2024-11-19,9343
2834,臺企銀,280,0,280,華南永昌-頭份,2024-11-20,9343
00930,永豐ESG低碳高息,187,0,187,華南永昌-頭份,2024-11-20,9343
2354,鴻準,184,17,167,華南永昌-頭份,2024-11-20,9343
00943,兆豐電子高息等權,118,0,118,華南永昌-頭份,2024-11-20,9343
2399,映泰,101,2,99,華南永昌-頭份,2024-11-20,9343
2887,台新金,86,0,86,華南永昌-頭份,2024-11-20,9343
00665L,富邦�琤肭磪囓�2,50,0,50,華南永昌-頭份,2024-11-20,9343
2610,華航,50,10,40,華南永昌-頭份,2024-11-20,9343
2618,長榮航,40,5,35,華南永昌-頭份,2024-11-20,9343
2609,陽明,158,126,32,華南永昌-頭份,2024-11-20,9343
2303,聯電,31,2,29,華南永昌-頭份,2024-11-20,9343
9105,泰金寶-DR,63,35,28,華南永昌-頭份,2024-11-20,9343
8429,金麗-KY,33,6,27,華南永昌-頭份,2024-11-20,9343
2603,長榮,30,4,26,華南永昌-頭份,2024-11-20,9343
1708,東鹼,25,0,25,華南永昌-頭份,2024-11-20,9343
2392,正崴,25,1,24,華南永昌-頭份,2024-11-20,9343
3167,大量,25,2,23,華南永昌-頭份,2024-11-20,9343
3706,神達,57,34,23,華南永昌-頭份,2024-11-20,9343
5880,合庫金,20,0,20,華南永昌-頭份,2024-11-20,9343
2444,兆勁,20,0,20,華南永昌-頭份,2024-11-20,9343
2353,宏��,20,1,19,華南永昌-頭份,2024-11-20,9343
00940,元大台灣價值高息,19,0,19,華南永昌-頭份,2024-11-20,9343
1540,喬福,30,13,17,華南永昌-頭份,2024-11-20,9343
2929,淘帝-KY,20,4,16,華南永昌-頭份,2024-11-20,9343
8105,凌巨,15,0,15,華南永昌-頭份,2024-11-20,9343
1802,台玻,19,5,14,華南永昌-頭份,2024-11-20,9343
00713,元大台灣高息低波,13,0,13,華南永昌-頭份,2024-11-20,9343
2449,京元電子,13,1,12,華南永昌-頭份,2024-11-20,9343
4729,熒茂,14,3,11,華南永昌-頭份,2024-11-20,9343
2382,廣達,12,2,10,華南永昌-頭份,2024-11-20,9343
4991,環宇-KY,10,0,10,華南永昌-頭份,2024-11-20,9343
6108,競國,10,0,10,華南永昌-頭份,2024-11-20,9343
6516,勤崴國際,10,0,10,華南永昌-頭份,2024-11-20,9343
6841,長佳智能,11,1,10,華南永昌-頭份,2024-11-20,9343
8088,品安,10,0,10,華南永昌-頭份,2024-11-20,9343
6282,康舒,17,7,10,華南永昌-頭份,2024-11-20,9343
2105,正新,10,0,10,華南永昌-頭份,2024-11-20,9343
00878,國泰永續高股息,10,0,10,華南永昌-頭份,2024-11-20,9343
00753L,中信中國50正2,10,1,9,華南永昌-頭份,2024-11-20,9343
3013,晟銘電,13,4,9,華南永昌-頭份,2024-11-20,9343
4303,信立,22,13,9,華南永昌-頭份,2024-11-20,9343
2615,萬海,39,31,8,華南永昌-頭份,2024-11-20,9343
3490,單井,12,4,8,華南永昌-頭份,2024-11-20,9343
2330,台積電,7,0,7,華南永昌-頭份,2024-11-20,9343
2002,中鋼,7,0,7,華南永昌-頭份,2024-11-20,9343
2329,華泰,8,1,7,華南永昌-頭份,2024-11-20,9343
2344,華邦電,7,0,7,華南永昌-頭份,2024-11-20,9343
4105,東洋,7,0,7,華南永昌-頭份,2024-11-20,9343
4119,旭富,7,0,7,華南永昌-頭份,2024-11-20,9343
8032,光菱,12,5,7,華南永昌-頭份,2024-11-20,9343
2615,萬海,115,49,66,華南永昌-頭份,2024-11-21,9343
00878,國泰永續高股息,43,1,42,華南永昌-頭份,2024-11-21,9343
2887,台新金,40,0,40,華南永昌-頭份,2024-11-21,9343
3481,群創,40,7,33,華南永昌-頭份,2024-11-21,9343
00679B,元大美債20年,32,1,31,華南永昌-頭份,2024-11-21,9343
5880,合庫金,31,0,31,華南永昌-頭份,2024-11-21,9343
00937B,群益ESG投等債20,25,0,25,華南永昌-頭份,2024-11-21,9343
3062,建漢,21,0,21,華南永昌-頭份,2024-11-21,9343
2017,官田鋼,20,0,20,華南永昌-頭份,2024-11-21,9343
2204,中華,68,49,19,華南永昌-頭份,2024-11-21,9343
0056,元大高股息,17,0,17,華南永昌-頭份,2024-11-21,9343
5009,榮剛,20,5,15,華南永昌-頭份,2024-11-21,9343
6770,力積電,15,0,15,華南永昌-頭份,2024-11-21,9343
8085,福華,26,11,15,華南永昌-頭份,2024-11-21,9343
2317,鴻海,15,2,13,華南永昌-頭份,2024-11-21,9343
2027,大成鋼,12,0,12,華南永昌-頭份,2024-11-21,9343
2520,冠德,11,0,11,華南永昌-頭份,2024-11-21,9343
2890,永豐金,11,0,11,華南永昌-頭份,2024-11-21,9343
3047,訊舟,11,0,11,華南永昌-頭份,2024-11-21,9343
1711,永光,10,0,10,華南永昌-頭份,2024-11-21,9343
2431,聯昌,20,10,10,華南永昌-頭份,2024-11-21,9343
3596,智易,10,0,10,華南永昌-頭份,2024-11-21,9343
4542,科嶠,10,0,10,華南永昌-頭份,2024-11-21,9343
6219,富旺,10,0,10,華南永昌-頭份,2024-11-21,9343
8104,錸寶,25,15,10,華南永昌-頭份,2024-11-21,9343
9904,寶成,10,0,10,華南永昌-頭份,2024-11-21,9343
00919,群益台灣精選高息,9,0,9,華南永昌-頭份,2024-11-21,9343
2820,華票,9,0,9,華南永昌-頭份,2024-11-21,9343
4991,環宇-KY,10,1,9,華南永昌-頭份,2024-11-21,9343
00959B,大華投等美債15Y+,8,0,8,華南永昌-頭份,2024-11-21,9343
2324,仁寶,10,2,8,華南永昌-頭份,2024-11-21,9343
1449,佳和,14,7,7,華南永昌-頭份,2024-11-21,9343
2883,凱基金,8,1,7,華南永昌-頭份,2024-11-21,9343
3715,定穎投控,8,1,7,華南永昌-頭份,2024-11-21,9343
2330,台積電,5,0,5,華南永昌-頭份,2024-11-21,9343
00637L,元大滬深300正2,9,4,5,華南永昌-頭份,2024-11-21,9343
00650L,復華香港正2,5,0,5,華南永昌-頭份,2024-11-21,9343
2002,中鋼,5,0,5,華南永昌-頭份,2024-11-21,9343
2379,瑞昱,5,0,5,華南永昌-頭份,2024-11-21,9343
2392,正崴,6,1,5,華南永昌-頭份,2024-11-21,9343
2867,三商壽,5,0,5,華南永昌-頭份,2024-11-21,9343
3545,敦泰,5,0,5,華南永昌-頭份,2024-11-21,9343
3625,西勝,5,0,5,華南永昌-頭份,2024-11-21,9343
4967,十銓,5,0,5,華南永昌-頭份,2024-11-21,9343
6835,圓裕,5,0,5,華南永昌-頭份,2024-11-21,9343
9907,統一實,4,0,4,華南永昌-頭份,2024-11-21,9343
1540,喬福,21,17,4,華南永昌-頭份,2024-11-21,9343
1301,台塑,9,5,4,華南永昌-頭份,2024-11-21,9343
00930,永豐ESG低碳高息,6,2,4,華南永昌-頭份,2024-11-21,9343
00891,中信關鍵半導體,4,0,4,華南永昌-頭份,2024-11-21,9343
00637L,元大滬深300正2,90,0,90,華南永昌-頭份,2024-11-22,9343
2887,台新金,70,0,70,華南永昌-頭份,2024-11-22,9343
4968,立積,33,1,32,華南永昌-頭份,2024-11-22,9343
6770,力積電,43,12,31,華南永昌-頭份,2024-11-22,9343
3706,神達,62,36,26,華南永昌-頭份,2024-11-22,9343
1808,潤隆,25,0,25,華南永昌-頭份,2024-11-22,9343
6598,ABC-KY,22,0,22,華南永昌-頭份,2024-11-22,9343
2408,南亞科,21,0,21,華南永昌-頭份,2024-11-22,9343
1528,恩德,20,2,18,華南永昌-頭份,2024-11-22,9343
2882,國泰金,20,3,17,華南永昌-頭份,2024-11-22,9343
2356,英業達,36,20,16,華南永昌-頭份,2024-11-22,9343
2349,錸德,17,3,14,華南永昌-頭份,2024-11-22,9343
1718,中纖,13,0,13,華南永昌-頭份,2024-11-22,9343
2542,興富發,12,0,12,華南永昌-頭份,2024-11-22,9343
3234,光環,12,1,11,華南永昌-頭份,2024-11-22,9343
6506,雙邦,11,0,11,華南永昌-頭份,2024-11-22,9343
8104,錸寶,12,1,11,華南永昌-頭份,2024-11-22,9343
2891,中信金,11,0,11,華南永昌-頭份,2024-11-22,9343
00958B,永豐ESG銀行債15,10,0,10,華南永昌-頭份,2024-11-22,9343
00915,凱基優選高股息30,10,0,10,華南永昌-頭份,2024-11-22,9343
2105,正新,10,0,10,華南永昌-頭份,2024-11-22,9343
3323,加百裕,10,0,10,華南永昌-頭份,2024-11-22,9343
6743,安普新,10,0,10,華南永昌-頭份,2024-11-22,9343
00679B,元大美債20年,9,0,9,華南永昌-頭份,2024-11-22,9343
2027,大成鋼,10,2,8,華南永昌-頭份,2024-11-22,9343
6558,興能高,14,6,8,華南永昌-頭份,2024-11-22,9343
2543,皇昌,7,0,7,華南永昌-頭份,2024-11-22,9343
2867,三商壽,12,5,7,華南永昌-頭份,2024-11-22,9343
4510,高鋒,8,1,7,華南永昌-頭份,2024-11-22,9343
5309,系統電,51,44,7,華南永昌-頭份,2024-11-22,9343
2354,鴻準,41,35,6,華南永昌-頭份,2024-11-22,9343
1522,堤維西,6,0,6,華南永昌-頭份,2024-11-22,9343
2495,普安,6,0,6,華南永昌-頭份,2024-11-22,9343
3048,益登,6,0,6,華南永昌-頭份,2024-11-22,9343
9105,泰金寶-DR,216,210,6,華南永昌-頭份,2024-11-22,9343
8111,立��,5,0,5,華南永昌-頭份,2024-11-22,9343
00633L,富邦上証正2,6,1,5,華南永昌-頭份,2024-11-22,9343
00664R,國泰臺灣加權反1,5,0,5,華南永昌-頭份,2024-11-22,9343
1449,佳和,19,14,5,華南永昌-頭份,2024-11-22,9343
1524,耿鼎,10,5,5,華南永昌-頭份,2024-11-22,9343
3049,精金,5,0,5,華南永昌-頭份,2024-11-22,9343
3622,洋華,5,0,5,華南永昌-頭份,2024-11-22,9343
4726,永昕,5,0,5,華南永昌-頭份,2024-11-22,9343
8201,無敵,5,0,5,華南永昌-頭份,2024-11-22,9343
2344,華邦電,5,0,5,華南永昌-頭份,2024-11-22,9343
4903,聯光通,4,0,4,華南永昌-頭份,2024-11-22,9343
00772B,中信高評級公司債,4,0,4,華南永昌-頭份,2024-11-22,9343
2524,京城,4,0,4,華南永昌-頭份,2024-11-22,9343
2603,長榮,39,35,4,華南永昌-頭份,2024-11-22,9343
3050,鈺德,5,1,4,華南永昌-頭份,2024-11-22,9343
00930,永豐ESG低碳高息,305,0,305,華南永昌-頭份,2024-11-25,9343
9105,泰金寶-DR,306,143,163,華南永昌-頭份,2024-11-25,9343
00919,群益台灣精選高息,138,17,121,華南永昌-頭份,2024-11-25,9343
2609,陽明,58,5,53,華南永昌-頭份,2024-11-25,9343
2886,兆豐金,50,1,49,華南永昌-頭份,2024-11-25,9343
2312,金寶,120,76,44,華南永昌-頭份,2024-11-25,9343
00713,元大台灣高息低波,45,5,40,華南永昌-頭份,2024-11-25,9343
1611,中電,37,3,34,華南永昌-頭份,2024-11-25,9343
6770,力積電,24,0,24,華南永昌-頭份,2024-11-25,9343
3114,好德,23,0,23,華南永昌-頭份,2024-11-25,9343
6271,同欣電,21,0,21,華南永昌-頭份,2024-11-25,9343
2618,長榮航,27,6,21,華南永昌-頭份,2024-11-25,9343
3706,神達,74,56,18,華南永昌-頭份,2024-11-25,9343
6288,聯嘉,21,4,17,華南永昌-頭份,2024-11-25,9343
2371,大同,16,2,14,華南永昌-頭份,2024-11-25,9343
2887,台新金,30,16,14,華南永昌-頭份,2024-11-25,9343
3211,順達,14,0,14,華南永昌-頭份,2024-11-25,9343
1809,中釉,13,0,13,華南永昌-頭份,2024-11-25,9343
6598,ABC-KY,12,0,12,華南永昌-頭份,2024-11-25,9343
00637L,元大滬深300正2,14,3,11,華南永昌-頭份,2024-11-25,9343
2455,全新,10,0,10,華南永昌-頭份,2024-11-25,9343
6282,康舒,10,0,10,華南永昌-頭份,2024-11-25,9343
5465,富驊,13,4,9,華南永昌-頭份,2024-11-25,9343
00937B,群益ESG投等債20,10,2,8,華南永昌-頭份,2024-11-25,9343
3032,偉訓,10,2,8,華南永昌-頭份,2024-11-25,9343
00633L,富邦上証正2,6,0,6,華南永昌-頭份,2024-11-25,9343
3049,精金,6,0,6,華南永昌-頭份,2024-11-25,9343
8404,百和興業-KY,8,2,6,華南永昌-頭份,2024-11-25,9343
2834,臺企銀,5,0,5,華南永昌-頭份,2024-11-25,9343
00922,國泰台灣領袖50,5,0,5,華南永昌-頭份,2024-11-25,9343
2204,中華,13,8,5,華南永昌-頭份,2024-11-25,9343
00882,中信中國高股息,5,0,5,華南永昌-頭份,2024-11-25,9343
1568,倉佑,5,0,5,華南永昌-頭份,2024-11-25,9343
1711,永光,5,0,5,華南永昌-頭份,2024-11-25,9343
1781,合世,5,0,5,華南永昌-頭份,2024-11-25,9343
2501,國建,5,0,5,華南永昌-頭份,2024-11-25,9343
2801,彰銀,5,0,5,華南永昌-頭份,2024-11-25,9343
3308,聯德,5,0,5,華南永昌-頭份,2024-11-25,9343
5876,上海商銀,5,0,5,華南永昌-頭份,2024-11-25,9343
6122,擎邦,5,0,5,華南永昌-頭份,2024-11-25,9343
8104,錸寶,6,1,5,華南永昌-頭份,2024-11-25,9343
3317,尼克森,5,1,4,華南永昌-頭份,2024-11-25,9343
00753L,中信中國50正2,4,0,4,華南永昌-頭份,2024-11-25,9343
1466,聚隆,4,0,4,華南永昌-頭份,2024-11-25,9343
1524,耿鼎,4,0,4,華南永昌-頭份,2024-11-25,9343
2331,精英,4,0,4,華南永昌-頭份,2024-11-25,9343
2332,友訊,65,61,4,華南永昌-頭份,2024-11-25,9343
3027,盛達,5,1,4,華南永昌-頭份,2024-11-25,9343
3289,宜特,4,0,4,華南永昌-頭份,2024-11-25,9343
3694,海華,4,0,4,華南永昌-頭份,2024-11-25,9343
2349,錸德,554,2,552,華南永昌-頭份,2024-11-26,9343
00930,永豐ESG低碳高息,132,0,132,華南永昌-頭份,2024-11-26,9343
2303,聯電,202,117,85,華南永昌-頭份,2024-11-26,9343
2312,金寶,100,37,63,華南永昌-頭份,2024-11-26,9343
00919,群益台灣精選高息,52,12,40,華南永昌-頭份,2024-11-26,9343
00918,大華優利高填息30,38,0,38,華南永昌-頭份,2024-11-26,9343
2317,鴻海,54,17,37,華南永昌-頭份,2024-11-26,9343
5328,華容,34,1,33,華南永昌-頭份,2024-11-26,9343
5880,合庫金,30,0,30,華南永昌-頭份,2024-11-26,9343
1815,富喬,43,14,29,華南永昌-頭份,2024-11-26,9343
3231,緯創,25,1,24,華南永昌-頭份,2024-11-26,9343
2890,永豐金,22,1,21,華南永昌-頭份,2024-11-26,9343
3673,TPK-KY,20,0,20,華南永昌-頭份,2024-11-26,9343
4968,立積,50,30,20,華南永昌-頭份,2024-11-26,9343
2344,華邦電,17,1,16,華南永昌-頭份,2024-11-26,9343
2392,正崴,21,5,16,華南永昌-頭份,2024-11-26,9343
3049,精金,15,0,15,華南永昌-頭份,2024-11-26,9343
3019,亞光,17,2,15,華南永昌-頭份,2024-11-26,9343
1582,信錦,13,0,13,華南永昌-頭份,2024-11-26,9343
4729,熒茂,12,0,12,華南永昌-頭份,2024-11-26,9343
1301,台塑,12,0,12,華南永昌-頭份,2024-11-26,9343
2324,仁寶,23,11,12,華南永昌-頭份,2024-11-26,9343
8111,立��,13,1,12,華南永昌-頭份,2024-11-26,9343
2426,鼎元,21,10,11,華南永昌-頭份,2024-11-26,9343
2883,凱基金,21,10,11,華南永昌-頭份,2024-11-26,9343
3167,大量,11,0,11,華南永昌-頭份,2024-11-26,9343
2330,台積電,10,0,10,華南永昌-頭份,2024-11-26,9343
1721,三晃,12,2,10,華南永昌-頭份,2024-11-26,9343
1809,中釉,10,0,10,華南永昌-頭份,2024-11-26,9343
2105,正新,10,0,10,華南永昌-頭份,2024-11-26,9343
2421,建準,10,0,10,華南永昌-頭份,2024-11-26,9343
6257,矽格,10,0,10,華南永昌-頭份,2024-11-26,9343
8028,昇陽半導體,30,20,10,華南永昌-頭份,2024-11-26,9343
8213,志超,10,0,10,華南永昌-頭份,2024-11-26,9343
2834,臺企銀,13,3,10,華南永昌-頭份,2024-11-26,9343
1402,遠東新,11,2,9,華南永昌-頭份,2024-11-26,9343
2444,兆勁,9,0,9,華南永昌-頭份,2024-11-26,9343
3363,上詮,12,3,9,華南永昌-頭份,2024-11-26,9343
6118,建達,9,0,9,華南永昌-頭份,2024-11-26,9343
2493,揚博,8,0,8,華南永昌-頭份,2024-11-26,9343
00882,中信中國高股息,7,0,7,華南永昌-頭份,2024-11-26,9343
2367,燿華,10,3,7,華南永昌-頭份,2024-11-26,9343
8033,雷虎,12,5,7,華南永昌-頭份,2024-11-26,9343
8064,東捷,25,18,7,華南永昌-頭份,2024-11-26,9343
00713,元大台灣高息低波,6,0,6,華南永昌-頭份,2024-11-26,9343
2449,京元電子,56,50,6,華南永昌-頭份,2024-11-26,9343
2464,盟立,6,0,6,華南永昌-頭份,2024-11-26,9343
2515,中工,6,0,6,華南永昌-頭份,2024-11-26,9343
3323,加百裕,8,2,6,華南永昌-頭份,2024-11-26,9343
00887,永豐中國科技50大,5,0,5,華南永昌-頭份,2024-11-26,9343
00930,永豐ESG低碳高息,217,0,217,華南永昌-頭份,2024-11-27,9343
2303,聯電,166,11,155,華南永昌-頭份,2024-11-27,9343
00878,國泰永續高股息,111,0,111,華南永昌-頭份,2024-11-27,9343
00918,大華優利高填息30,95,0,95,華南永昌-頭份,2024-11-27,9343
0056,元大高股息,79,0,79,華南永昌-頭份,2024-11-27,9343
00919,群益台灣精選高息,64,2,62,華南永昌-頭份,2024-11-27,9343
2851,中再保,50,0,50,華南永昌-頭份,2024-11-27,9343
3481,群創,45,1,44,華南永昌-頭份,2024-11-27,9343
1815,富喬,46,7,39,華南永昌-頭份,2024-11-27,9343
4526,東台,44,9,35,華南永昌-頭份,2024-11-27,9343
2332,友訊,32,4,28,華南永昌-頭份,2024-11-27,9343
4916,事欣科,26,0,26,華南永昌-頭份,2024-11-27,9343
2524,京城,23,0,23,華南永昌-頭份,2024-11-27,9343
2603,長榮,32,10,22,華南永昌-頭份,2024-11-27,9343
2881,富邦金,21,0,21,華南永昌-頭份,2024-11-27,9343
00922,國泰台灣領袖50,20,0,20,華南永昌-頭份,2024-11-27,9343
00632R,元大台灣50反1,22,2,20,華南永昌-頭份,2024-11-27,9343
6168,宏齊,20,0,20,華南永昌-頭份,2024-11-27,9343
00940,元大台灣價值高息,19,0,19,華南永昌-頭份,2024-11-27,9343
00929,復華台灣科技優息,18,0,18,華南永昌-頭份,2024-11-27,9343
3231,緯創,22,4,18,華南永昌-頭份,2024-11-27,9343
2356,英業達,65,47,18,華南永昌-頭份,2024-11-27,9343
6005,群益證,20,2,18,華南永昌-頭份,2024-11-27,9343
9105,泰金寶-DR,213,195,18,華南永昌-頭份,2024-11-27,9343
00915,凱基優選高股息30,17,0,17,華南永昌-頭份,2024-11-27,9343
3047,訊舟,17,0,17,華南永昌-頭份,2024-11-27,9343
2392,正崴,39,23,16,華南永昌-頭份,2024-11-27,9343
00937B,群益ESG投等債20,50,35,15,華南永昌-頭份,2024-11-27,9343
2312,金寶,69,54,15,華南永昌-頭份,2024-11-27,9343
2442,新美齊,15,0,15,華南永昌-頭份,2024-11-27,9343
6770,力積電,15,0,15,華南永昌-頭份,2024-11-27,9343
2609,陽明,91,77,14,華南永昌-頭份,2024-11-27,9343
5309,系統電,19,6,13,華南永昌-頭份,2024-11-27,9343
2330,台積電,13,0,13,華南永昌-頭份,2024-11-27,9343
3323,加百裕,19,7,12,華南永昌-頭份,2024-11-27,9343
00934,中信成長高股息,12,0,12,華南永昌-頭份,2024-11-27,9343
2547,日勝生,17,5,12,華南永昌-頭份,2024-11-27,9343
2027,大成鋼,12,0,12,華南永昌-頭份,2024-11-27,9343
3438,類比科,11,0,11,華南永昌-頭份,2024-11-27,9343
6143,振曜,13,2,11,華南永昌-頭份,2024-11-27,9343
00881,國泰台灣5G+,10,0,10,華南永昌-頭份,2024-11-27,9343
2615,萬海,14,4,10,華南永昌-頭份,2024-11-27,9343
00909,國泰數位支付服務,10,0,10,華南永昌-頭份,2024-11-27,9343
00641R,富邦日本反1,10,0,10,華南永昌-頭份,2024-11-27,9343
2367,燿華,15,5,10,華南永昌-頭份,2024-11-27,9343
2642,宅配通,10,0,10,華南永昌-頭份,2024-11-27,9343
4909,新復興,12,2,10,華南永昌-頭份,2024-11-27,9343
5519,隆大,10,0,10,華南永昌-頭份,2024-11-27,9343
6288,聯嘉,9,0,9,華南永昌-頭份,2024-11-27,9343
8044,網家,9,0,9,華南永昌-頭份,2024-11-27,9343
3591,艾笛森,310,4,306,華南永昌-頭份,2024-11-28,9343
00887,永豐中國科技50大,203,5,198,華南永昌-頭份,2024-11-28,9343
00953B,群益優選非投等債,150,0,150,華南永昌-頭份,2024-11-28,9343
00878,國泰永續高股息,116,3,113,華南永昌-頭份,2024-11-28,9343
00919,群益台灣精選高息,119,6,113,華南永昌-頭份,2024-11-28,9343
00637L,元大滬深300正2,103,0,103,華南永昌-頭份,2024-11-28,9343
3481,群創,95,0,95,華南永昌-頭份,2024-11-28,9343
0056,元大高股息,73,0,73,華南永昌-頭份,2024-11-28,9343
2444,兆勁,72,2,70,華南永昌-頭份,2024-11-28,9343
9105,泰金寶-DR,278,214,64,華南永昌-頭份,2024-11-28,9343
2351,順德,61,1,60,華南永昌-頭份,2024-11-28,9343
2886,兆豐金,50,0,50,華南永昌-頭份,2024-11-28,9343
2332,友訊,49,17,32,華南永昌-頭份,2024-11-28,9343
2204,中華,28,2,26,華南永昌-頭份,2024-11-28,9343
4510,高鋒,63,38,25,華南永昌-頭份,2024-11-28,9343
6770,力積電,35,10,25,華南永昌-頭份,2024-11-28,9343
8240,華宏,23,0,23,華南永昌-頭份,2024-11-28,9343
3346,麗清,22,0,22,華南永昌-頭份,2024-11-28,9343
1447,力鵬,20,0,20,華南永昌-頭份,2024-11-28,9343
2344,華邦電,20,0,20,華南永昌-頭份,2024-11-28,9343
3706,神達,62,42,20,華南永昌-頭份,2024-11-28,9343
8163,達方,19,1,18,華南永昌-頭份,2024-11-28,9343
2303,聯電,22,5,17,華南永昌-頭份,2024-11-28,9343
2388,威盛,20,3,17,華南永昌-頭份,2024-11-28,9343
2405,輔信,15,0,15,華南永昌-頭份,2024-11-28,9343
2409,友達,20,5,15,華南永昌-頭份,2024-11-28,9343
4576,大銀微系統,15,0,15,華南永昌-頭份,2024-11-28,9343
6901,鑽石投資,14,0,14,華南永昌-頭份,2024-11-28,9343
006208,富邦台50,13,0,13,華南永昌-頭份,2024-11-28,9343
1815,富喬,55,42,13,華南永昌-頭份,2024-11-28,9343
2867,三商壽,13,0,13,華南永昌-頭份,2024-11-28,9343
00675L,富邦臺灣加權正2,11,0,11,華南永昌-頭份,2024-11-28,9343
4903,聯光通,13,2,11,華南永昌-頭份,2024-11-28,9343
00918,大華優利高填息30,10,0,10,華南永昌-頭份,2024-11-28,9343
00632R,元大台灣50反1,15,5,10,華南永昌-頭份,2024-11-28,9343
2408,南亞科,10,0,10,華南永昌-頭份,2024-11-28,9343
2431,聯昌,10,0,10,華南永昌-頭份,2024-11-28,9343
2442,新美齊,10,0,10,華南永昌-頭份,2024-11-28,9343
2890,永豐金,10,0,10,華南永昌-頭份,2024-11-28,9343
2897,王道銀行,10,0,10,華南永昌-頭份,2024-11-28,9343
5490,同亨,10,0,10,華南永昌-頭份,2024-11-28,9343
8028,昇陽半導體,31,21,10,華南永昌-頭份,2024-11-28,9343
8933,愛地雅,10,0,10,華南永昌-頭份,2024-11-28,9343
4526,東台,10,1,9,華南永昌-頭份,2024-11-28,9343
4105,東洋,11,2,9,華南永昌-頭份,2024-11-28,9343
00946,群益科技高息成長,8,0,8,華南永昌-頭份,2024-11-28,9343
2345,智邦,7,0,7,華南永昌-頭份,2024-11-28,9343
2356,英業達,9,2,7,華南永昌-頭份,2024-11-28,9343
2317,鴻海,26,19,7,華南永昌-頭份,2024-11-28,9343
0061,元大寶滬深,6,0,6,華南永昌-頭份,2024-11-28,9343
00632R,元大台灣50反1,204,8,196,華南永昌-頭份,2024-11-29,9343
00680L,元大美債20正2,122,3,119,華南永昌-頭份,2024-11-29,9343
2887,台新金,98,0,98,華南永昌-頭份,2024-11-29,9343
5880,合庫金,63,0,63,華南永昌-頭份,2024-11-29,9343
2332,友訊,62,1,61,華南永昌-頭份,2024-11-29,9343
9105,泰金寶-DR,75,30,45,華南永昌-頭份,2024-11-29,9343
4916,事欣科,34,0,34,華南永昌-頭份,2024-11-29,9343
00679B,元大美債20年,46,14,32,華南永昌-頭份,2024-11-29,9343
3049,精金,30,0,30,華南永昌-頭份,2024-11-29,9343
2609,陽明,32,6,26,華南永昌-頭份,2024-11-29,9343
0056,元大高股息,52,28,24,華南永昌-頭份,2024-11-29,9343
00887,永豐中國科技50大,25,2,23,華南永昌-頭份,2024-11-29,9343
3450,聯鈞,26,4,22,華南永昌-頭份,2024-11-29,9343
3706,神達,110,88,22,華南永昌-頭份,2024-11-29,9343
2312,金寶,36,15,21,華南永昌-頭份,2024-11-29,9343
2354,鴻準,27,7,20,華南永昌-頭份,2024-11-29,9343
00919,群益台灣精選高息,19,0,19,華南永昌-頭份,2024-11-29,9343
3032,偉訓,23,5,18,華南永昌-頭份,2024-11-29,9343
00878,國泰永續高股息,27,11,16,華南永昌-頭份,2024-11-29,9343
3481,群創,20,5,15,華南永昌-頭份,2024-11-29,9343
2881,富邦金,15,1,14,華南永昌-頭份,2024-11-29,9343
1301,台塑,14,0,14,華南永昌-頭份,2024-11-29,9343
2637,慧洋-KY,13,0,13,華南永昌-頭份,2024-11-29,9343
4303,信立,15,2,13,華南永昌-頭份,2024-11-29,9343
2002,中鋼,12,0,12,華南永昌-頭份,2024-11-29,9343
2351,順德,11,0,11,華南永昌-頭份,2024-11-29,9343
2317,鴻海,12,2,10,華南永昌-頭份,2024-11-29,9343
00934,中信成長高股息,10,0,10,華南永昌-頭份,2024-11-29,9343
00915,凱基優選高股息30,10,0,10,華南永昌-頭份,2024-11-29,9343
1522,堤維西,10,0,10,華南永昌-頭份,2024-11-29,9343
1721,三晃,12,2,10,華南永昌-頭份,2024-11-29,9343
2302,麗正,10,0,10,華南永昌-頭份,2024-11-29,9343
2618,長榮航,95,85,10,華南永昌-頭份,2024-11-29,9343
2889,國票金,10,0,10,華南永昌-頭份,2024-11-29,9343
6530,創威,17,8,9,華南永昌-頭份,2024-11-29,9343
00753L,中信中國50正2,10,2,8,華南永昌-頭份,2024-11-29,9343
1524,耿鼎,11,3,8,華南永昌-頭份,2024-11-29,9343
00713,元大台灣高息低波,7,0,7,華南永昌-頭份,2024-11-29,9343
1303,南亞,7,0,7,華南永昌-頭份,2024-11-29,9343
2882,國泰金,7,0,7,華南永昌-頭份,2024-11-29,9343
3043,科風,7,0,7,華南永昌-頭份,2024-11-29,9343
00900,富邦特選高股息30,6,0,6,華南永昌-頭份,2024-11-29,9343
2605,新興,6,0,6,華南永昌-頭份,2024-11-29,9343
2891,中信金,6,0,6,華南永昌-頭份,2024-11-29,9343
6449,鈺邦,6,0,6,華南永昌-頭份,2024-11-29,9343
4968,立積,31,25,6,華南永昌-頭份,2024-11-29,9343
6187,萬潤,5,0,5,華南永昌-頭份,2024-11-29,9343
00940,元大台灣價值高息,5,0,5,華南永昌-頭份,2024-11-29,9343
00947,台新臺灣IC設計,5,0,5,華南永昌-頭份,2024-11-29,9343
1304,台聚,5,0,5,華南永昌-頭份,2024-11-29,9343
00943,兆豐電子高息等權,111,0,111,華南永昌-頭份,2024-12-02,9343
00887,永豐中國科技50大,100,5,95,華南永昌-頭份,2024-12-02,9343
1815,富喬,148,58,90,華南永昌-頭份,2024-12-02,9343
2312,金寶,80,25,55,華南永昌-頭份,2024-12-02,9343
5328,華容,62,18,44,華南永昌-頭份,2024-12-02,9343
00919,群益台灣精選高息,34,0,34,華南永昌-頭份,2024-12-02,9343
2351,順德,33,0,33,華南永昌-頭份,2024-12-02,9343
3712,永崴投控,45,12,33,華南永昌-頭份,2024-12-02,9343
2929,淘帝-KY,31,0,31,華南永昌-頭份,2024-12-02,9343
4105,東洋,24,0,24,華南永昌-頭份,2024-12-02,9343
3706,神達,53,31,22,華南永昌-頭份,2024-12-02,9343
4726,永昕,21,0,21,華南永昌-頭份,2024-12-02,9343
00915,凱基優選高股息30,20,0,20,華南永昌-頭份,2024-12-02,9343
6282,康舒,20,0,20,華南永昌-頭份,2024-12-02,9343
9105,泰金寶-DR,201,181,20,華南永昌-頭份,2024-12-02,9343
2637,慧洋-KY,17,0,17,華南永昌-頭份,2024-12-02,9343
3024,憶聲,19,3,16,華南永昌-頭份,2024-12-02,9343
3049,精金,15,0,15,華南永昌-頭份,2024-12-02,9343
6901,鑽石投資,14,0,14,華南永昌-頭份,2024-12-02,9343
1301,台塑,13,0,13,華南永昌-頭份,2024-12-02,9343
2426,鼎元,35,23,12,華南永昌-頭份,2024-12-02,9343
2449,京元電子,54,43,11,華南永昌-頭份,2024-12-02,9343
3673,TPK-KY,11,0,11,華南永昌-頭份,2024-12-02,9343
00664R,國泰臺灣加權反1,10,0,10,華南永昌-頭份,2024-12-02,9343
00952,凱基台灣AI50,10,0,10,華南永昌-頭份,2024-12-02,9343
1464,得力,16,6,10,華南永昌-頭份,2024-12-02,9343
2515,中工,10,0,10,華南永昌-頭份,2024-12-02,9343
4903,聯光通,16,6,10,華南永昌-頭份,2024-12-02,9343
5907,大洋-KY,10,0,10,華南永昌-頭份,2024-12-02,9343
6168,宏齊,10,0,10,華南永昌-頭份,2024-12-02,9343
6733,博晟生醫,10,0,10,華南永昌-頭份,2024-12-02,9343
2887,台新金,10,0,10,華南永昌-頭份,2024-12-02,9343
1605,華新,12,3,9,華南永昌-頭份,2024-12-02,9343
2204,中華,13,4,9,華南永昌-頭份,2024-12-02,9343
2374,佳能,12,3,9,華南永昌-頭份,2024-12-02,9343
5347,世界,10,1,9,華南永昌-頭份,2024-12-02,9343
1316,上曜,9,1,8,華南永昌-頭份,2024-12-02,9343
2062,橋椿,15,7,8,華南永昌-頭份,2024-12-02,9343
3596,智易,8,0,8,華南永昌-頭份,2024-12-02,9343
4157,太景*-KY,8,0,8,華南永昌-頭份,2024-12-02,9343
9904,寶成,10,2,8,華南永昌-頭份,2024-12-02,9343
1795,美時,7,0,7,華南永昌-頭份,2024-12-02,9343
1721,三晃,6,0,6,華南永昌-頭份,2024-12-02,9343
3390,旭軟,6,0,6,華南永昌-頭份,2024-12-02,9343
4123,晟德,6,0,6,華南永昌-頭份,2024-12-02,9343
6488,環球晶,10,4,6,華南永昌-頭份,2024-12-02,9343
2886,兆豐金,6,0,6,華南永昌-頭份,2024-12-02,9343
2392,正崴,11,5,6,華南永昌-頭份,2024-12-02,9343
00948B,中信優息投資級債,5,0,5,華南永昌-頭份,2024-12-02,9343
00909,國泰數位支付服務,5,0,5,華南永昌-頭份,2024-12-02,9343
9105,泰金寶-DR,834,31,803,華南永昌-頭份,2024-12-03,9343
00919,群益台灣精選高息,181,39,142,華南永昌-頭份,2024-12-03,9343
00943,兆豐電子高息等權,332,228,104,華南永昌-頭份,2024-12-03,9343
6770,力積電,102,0,102,華南永昌-頭份,2024-12-03,9343
00915,凱基優選高股息30,79,0,79,華南永昌-頭份,2024-12-03,9343
1447,力鵬,28,0,28,華南永昌-頭份,2024-12-03,9343
3013,晟銘電,27,5,22,華南永昌-頭份,2024-12-03,9343
4105,東洋,20,0,20,華南永昌-頭份,2024-12-03,9343
00665L,富邦�琤肭磪囓�2,20,2,18,華南永昌-頭份,2024-12-03,9343
00930,永豐ESG低碳高息,30,15,15,華南永昌-頭份,2024-12-03,9343
1815,富喬,25,11,14,華南永昌-頭份,2024-12-03,9343
4303,信立,38,25,13,華南永昌-頭份,2024-12-03,9343
00650L,復華香港正2,12,0,12,華南永昌-頭份,2024-12-03,9343
5309,系統電,12,0,12,華南永昌-頭份,2024-12-03,9343
2426,鼎元,45,34,11,華南永昌-頭份,2024-12-03,9343
6175,立敦,12,1,11,華南永昌-頭份,2024-12-03,9343
00664R,國泰臺灣加權反1,10,0,10,華南永昌-頭份,2024-12-03,9343
2303,聯電,12,2,10,華南永昌-頭份,2024-12-03,9343
2489,瑞軒,12,2,10,華南永昌-頭份,2024-12-03,9343
5351,鈺創,10,0,10,華南永昌-頭份,2024-12-03,9343
1101,台泥,10,0,10,華南永昌-頭份,2024-12-03,9343
2367,燿華,12,2,10,華南永昌-頭份,2024-12-03,9343
2317,鴻海,12,3,9,華南永昌-頭份,2024-12-03,9343
00953B,群益優選非投等債,8,0,8,華南永昌-頭份,2024-12-03,9343
6873,泓德能源,9,1,8,華南永昌-頭份,2024-12-03,9343
8096,擎亞,8,0,8,華南永昌-頭份,2024-12-03,9343
2324,仁寶,7,0,7,華南永昌-頭份,2024-12-03,9343
2637,慧洋-KY,7,0,7,華南永昌-頭份,2024-12-03,9343
3032,偉訓,27,20,7,華南永昌-頭份,2024-12-03,9343
5465,富驊,7,0,7,華南永昌-頭份,2024-12-03,9343
2408,南亞科,7,1,6,華南永昌-頭份,2024-12-03,9343
3260,威剛,6,0,6,華南永昌-頭份,2024-12-03,9343
8097,常珵,6,0,6,華南永昌-頭份,2024-12-03,9343
8171,天宇,7,1,6,華南永昌-頭份,2024-12-03,9343
2354,鴻準,17,11,6,華南永昌-頭份,2024-12-03,9343
0056,元大高股息,66,60,6,華南永昌-頭份,2024-12-03,9343
00950B,凱基A級公司債,5,0,5,華南永昌-頭份,2024-12-03,9343
1605,華新,7,2,5,華南永昌-頭份,2024-12-03,9343
2375,凱美,5,0,5,華南永昌-頭份,2024-12-03,9343
2548,華固,5,0,5,華南永昌-頭份,2024-12-03,9343
3019,亞光,7,2,5,華南永昌-頭份,2024-12-03,9343
4927,泰鼎-KY,5,0,5,華南永昌-頭份,2024-12-03,9343
5907,大洋-KY,15,10,5,華南永昌-頭份,2024-12-03,9343
6147,頎邦,5,0,5,華南永昌-頭份,2024-12-03,9343
6215,和椿,5,0,5,華南永昌-頭份,2024-12-03,9343
6244,茂迪,5,0,5,華南永昌-頭份,2024-12-03,9343
6962,ITH-KY,6,1,5,華南永昌-頭份,2024-12-03,9343
8358,金居,5,0,5,華南永昌-頭份,2024-12-03,9343
9933,中鼎,5,0,5,華南永昌-頭份,2024-12-03,9343
00631L,元大台灣50正2,4,0,4,華南永昌-頭份,2024-12-03,9343
9105,泰金寶-DR,414,104,310,華南永昌-頭份,2024-12-04,9343
1314,中石化,200,0,200,華南永昌-頭份,2024-12-04,9343
00918,大華優利高填息30,172,0,172,華南永昌-頭份,2024-12-04,9343
2515,中工,150,4,146,華南永昌-頭份,2024-12-04,9343
00919,群益台灣精選高息,123,3,120,華南永昌-頭份,2024-12-04,9343
00679B,元大美債20年,117,0,117,華南永昌-頭份,2024-12-04,9343
00915,凱基優選高股息30,69,25,44,華南永昌-頭份,2024-12-04,9343
2352,佳世達,34,3,31,華南永昌-頭份,2024-12-04,9343
1447,力鵬,30,0,30,華南永昌-頭份,2024-12-04,9343
3032,偉訓,41,17,24,華南永昌-頭份,2024-12-04,9343
6506,雙邦,23,0,23,華南永昌-頭份,2024-12-04,9343
00772B,中信高評級公司債,22,0,22,華南永昌-頭份,2024-12-04,9343
5515,建國,20,0,20,華南永昌-頭份,2024-12-04,9343
2605,新興,20,1,19,華南永昌-頭份,2024-12-04,9343
2303,聯電,20,2,18,華南永昌-頭份,2024-12-04,9343
4906,正文,20,2,18,華南永昌-頭份,2024-12-04,9343
2337,旺宏,18,2,16,華南永昌-頭份,2024-12-04,9343
5907,大洋-KY,15,0,15,華南永昌-頭份,2024-12-04,9343
3550,聯穎,13,0,13,華南永昌-頭份,2024-12-04,9343
3715,定穎投控,13,0,13,華南永昌-頭份,2024-12-04,9343
4956,光鋐,13,1,12,華南永昌-頭份,2024-12-04,9343
9938,百和,12,0,12,華南永昌-頭份,2024-12-04,9343
0056,元大高股息,15,3,12,華南永昌-頭份,2024-12-04,9343
1605,華新,11,0,11,華南永昌-頭份,2024-12-04,9343
2385,群光,11,0,11,華南永昌-頭份,2024-12-04,9343
2834,臺企銀,11,0,11,華南永昌-頭份,2024-12-04,9343
2883,凱基金,13,2,11,華南永昌-頭份,2024-12-04,9343
3706,神達,59,49,10,華南永昌-頭份,2024-12-04,9343
00720B,元大投資級公司債,10,0,10,華南永昌-頭份,2024-12-04,9343
1721,三晃,10,0,10,華南永昌-頭份,2024-12-04,9343
2201,裕隆,12,2,10,華南永昌-頭份,2024-12-04,9343
4513,福裕,10,0,10,華南永昌-頭份,2024-12-04,9343
4968,立積,59,49,10,華南永昌-頭份,2024-12-04,9343
5381,合正,10,0,10,華南永昌-頭份,2024-12-04,9343
6913,鴻呈,10,0,10,華南永昌-頭份,2024-12-04,9343
00687B,國泰20年美債,9,1,8,華南永昌-頭份,2024-12-04,9343
1449,佳和,10,2,8,華南永昌-頭份,2024-12-04,9343
2524,京城,8,0,8,華南永昌-頭份,2024-12-04,9343
2891,中信金,7,0,7,華南永昌-頭份,2024-12-04,9343
00713,元大台灣高息低波,7,0,7,華南永昌-頭份,2024-12-04,9343
5371,中光電,7,0,7,華南永昌-頭份,2024-12-04,9343
8111,立��,11,4,7,華南永昌-頭份,2024-12-04,9343
2646,星宇航空,9,2,7,華南永昌-頭份,2024-12-04,9343
1316,上曜,6,0,6,華南永昌-頭份,2024-12-04,9343
00725B,國泰投資級公司債,6,0,6,華南永昌-頭份,2024-12-04,9343
3430,奇鈦科,6,0,6,華南永昌-頭份,2024-12-04,9343
6143,振曜,6,0,6,華南永昌-頭份,2024-12-04,9343
00878,國泰永續高股息,12,7,5,華南永昌-頭份,2024-12-04,9343
00940,元大台灣價值高息,5,0,5,華南永昌-頭份,2024-12-04,9343
00945B,凱基美國非投等債,5,0,5,華南永昌-頭份,2024-12-04,9343
00919,群益台灣精選高息,102,19,83,華南永昌-頭份,2024-12-05,9343
00937B,群益ESG投等債20,86,5,81,華南永昌-頭份,2024-12-05,9343
0056,元大高股息,59,1,58,華南永昌-頭份,2024-12-05,9343
2444,兆勁,52,8,44,華南永昌-頭份,2024-12-05,9343
2615,萬海,84,40,44,華南永昌-頭份,2024-12-05,9343
2399,映泰,46,5,41,華南永昌-頭份,2024-12-05,9343
3211,順達,38,6,32,華南永昌-頭份,2024-12-05,9343
00753L,中信中國50正2,30,0,30,華南永昌-頭份,2024-12-05,9343
8429,金麗-KY,30,0,30,華南永昌-頭份,2024-12-05,9343
00918,大華優利高填息30,31,2,29,華南永昌-頭份,2024-12-05,9343
2371,大同,27,0,27,華南永昌-頭份,2024-12-05,9343
6770,力積電,74,47,27,華南永昌-頭份,2024-12-05,9343
00650L,復華香港正2,24,0,24,華南永昌-頭份,2024-12-05,9343
2375,凱美,30,7,23,華南永昌-頭份,2024-12-05,9343
8171,天宇,24,3,21,華南永昌-頭份,2024-12-05,9343
00912,中信臺灣智慧50,20,0,20,華南永昌-頭份,2024-12-05,9343
00665L,富邦�琤肭磪囓�2,20,0,20,華南永昌-頭份,2024-12-05,9343
1721,三晃,40,22,18,華南永昌-頭份,2024-12-05,9343
4123,晟德,17,0,17,華南永昌-頭份,2024-12-05,9343
1314,中石化,17,0,17,華南永昌-頭份,2024-12-05,9343
2337,旺宏,18,2,16,華南永昌-頭份,2024-12-05,9343
2313,華通,16,0,16,華南永昌-頭份,2024-12-05,9343
4157,太景*-KY,16,0,16,華南永昌-頭份,2024-12-05,9343
6901,鑽石投資,16,0,16,華南永昌-頭份,2024-12-05,9343
3003,健和興,15,0,15,華南永昌-頭份,2024-12-05,9343
2605,新興,13,0,13,華南永昌-頭份,2024-12-05,9343
3041,揚智,13,0,13,華南永昌-頭份,2024-12-05,9343
3323,加百裕,22,9,13,華南永昌-頭份,2024-12-05,9343
4991,環宇-KY,51,38,13,華南永昌-頭份,2024-12-05,9343
5328,華容,428,415,13,華南永昌-頭份,2024-12-05,9343
6203,海韻電,13,0,13,華南永昌-頭份,2024-12-05,9343
1447,力鵬,12,0,12,華南永昌-頭份,2024-12-05,9343
00688L,國泰20年美債正2,12,0,12,華南永昌-頭份,2024-12-05,9343
2929,淘帝-KY,15,3,12,華南永昌-頭份,2024-12-05,9343
2426,鼎元,45,34,11,華南永昌-頭份,2024-12-05,9343
4726,永昕,11,0,11,華南永昌-頭份,2024-12-05,9343
2317,鴻海,16,5,11,華南永昌-頭份,2024-12-05,9343
2427,三商電,10,0,10,華南永昌-頭份,2024-12-05,9343
1522,堤維西,10,0,10,華南永昌-頭份,2024-12-05,9343
2535,達欣工,10,0,10,華南永昌-頭份,2024-12-05,9343
6127,九豪,15,5,10,華南永昌-頭份,2024-12-05,9343
2349,錸德,9,0,9,華南永昌-頭份,2024-12-05,9343
4760,勤凱,9,0,9,華南永昌-頭份,2024-12-05,9343
6173,信昌電,11,2,9,華南永昌-頭份,2024-12-05,9343
00637L,元大滬深300正2,8,0,8,華南永昌-頭份,2024-12-05,9343
2332,友訊,13,5,8,華南永昌-頭份,2024-12-05,9343
3090,日電貿,14,6,8,華南永昌-頭份,2024-12-05,9343
4919,新唐,11,3,8,華南永昌-頭份,2024-12-05,9343
3015,全漢,22,15,7,華南永昌-頭份,2024-12-05,9343
5880,合庫金,7,0,7,華南永昌-頭份,2024-12-05,9343
5880,合庫金,102,0,102,華南永昌-頭份,2024-12-06,9343
00919,群益台灣精選高息,51,3,48,華南永昌-頭份,2024-12-06,9343
00926,凱基全球菁英55,35,0,35,華南永昌-頭份,2024-12-06,9343
00945B,凱基美國非投等債,30,0,30,華南永昌-頭份,2024-12-06,9343
8429,金麗-KY,30,5,25,華南永昌-頭份,2024-12-06,9343
00918,大華優利高填息30,23,0,23,華南永昌-頭份,2024-12-06,9343
2371,大同,24,1,23,華南永昌-頭份,2024-12-06,9343
2312,金寶,26,8,18,華南永昌-頭份,2024-12-06,9343
4968,立積,59,41,18,華南永昌-頭份,2024-12-06,9343
1802,台玻,18,1,17,華南永昌-頭份,2024-12-06,9343
1721,三晃,15,2,13,華南永昌-頭份,2024-12-06,9343
3090,日電貿,14,1,13,華南永昌-頭份,2024-12-06,9343
2002,中鋼,13,2,11,華南永昌-頭份,2024-12-06,9343
00656R,國泰中國A50反1,10,0,10,華南永昌-頭份,2024-12-06,9343
00949,復華日本龍頭,10,0,10,華南永昌-頭份,2024-12-06,9343
2431,聯昌,10,0,10,華南永昌-頭份,2024-12-06,9343
3078,僑威,12,2,10,華南永昌-頭份,2024-12-06,9343
3323,加百裕,23,13,10,華南永昌-頭份,2024-12-06,9343
3712,永崴投控,10,0,10,華南永昌-頭份,2024-12-06,9343
6505,台塑化,10,0,10,華南永昌-頭份,2024-12-06,9343
00953B,群益優選非投等債,9,0,9,華南永昌-頭份,2024-12-06,9343
1815,富喬,22,13,9,華南永昌-頭份,2024-12-06,9343
00962,台新AI優息動能,9,0,9,華南永昌-頭份,2024-12-06,9343
2455,全新,10,1,9,華南永昌-頭份,2024-12-06,9343
2884,玉山金,9,0,9,華南永昌-頭份,2024-12-06,9343
3591,艾笛森,11,2,9,華南永昌-頭份,2024-12-06,9343
3032,偉訓,21,13,8,華南永昌-頭份,2024-12-06,9343
4956,光鋐,12,4,8,華南永昌-頭份,2024-12-06,9343
5511,德昌,8,0,8,華南永昌-頭份,2024-12-06,9343
3231,緯創,21,14,7,華南永昌-頭份,2024-12-06,9343
2363,矽統,8,1,7,華南永昌-頭份,2024-12-06,9343
2524,京城,7,0,7,華南永昌-頭份,2024-12-06,9343
3015,全漢,8,1,7,華南永昌-頭份,2024-12-06,9343
4571,鈞興-KY,7,0,7,華南永昌-頭份,2024-12-06,9343
5371,中光電,9,2,7,華南永昌-頭份,2024-12-06,9343
1786,科妍,6,0,6,華南永昌-頭份,2024-12-06,9343
2881,富邦金,12,6,6,華南永昌-頭份,2024-12-06,9343
2886,兆豐金,6,0,6,華南永昌-頭份,2024-12-06,9343
3019,亞光,6,0,6,華南永昌-頭份,2024-12-06,9343
3380,明泰,6,0,6,華南永昌-頭份,2024-12-06,9343
3593,力銘,6,0,6,華南永昌-頭份,2024-12-06,9343
6285,啟��,6,0,6,華南永昌-頭份,2024-12-06,9343
6477,安集,9,3,6,華南永昌-頭份,2024-12-06,9343
2359,所羅門,12,6,6,華南永昌-頭份,2024-12-06,9343
2929,淘帝-KY,23,18,5,華南永昌-頭份,2024-12-06,9343
00725B,國泰投資級公司債,5,0,5,華南永昌-頭份,2024-12-06,9343
00900,富邦特選高股息30,5,0,5,華南永昌-頭份,2024-12-06,9343
1464,得力,11,6,5,華南永昌-頭份,2024-12-06,9343
3021,鴻名,7,2,5,華南永昌-頭份,2024-12-06,9343
3048,益登,5,0,5,華南永昌-頭份,2024-12-06,9343
2324,仁寶,206,11,195,華南永昌-頭份,2024-12-09,9343
00943,兆豐電子高息等權,150,19,131,華南永昌-頭份,2024-12-09,9343
00715L,期街口布蘭特正2,70,0,70,華南永昌-頭份,2024-12-09,9343
00919,群益台灣精選高息,56,5,51,華南永昌-頭份,2024-12-09,9343
6127,九豪,50,1,49,華南永昌-頭份,2024-12-09,9343
1721,三晃,43,0,43,華南永昌-頭份,2024-12-09,9343
2449,京元電子,34,0,34,華南永昌-頭份,2024-12-09,9343
4306,炎洲,30,0,30,華南永昌-頭份,2024-12-09,9343
6505,台塑化,30,0,30,華南永昌-頭份,2024-12-09,9343
2354,鴻準,50,20,30,華南永昌-頭份,2024-12-09,9343
2332,友訊,33,4,29,華南永昌-頭份,2024-12-09,9343
00650L,復華香港正2,26,1,25,華南永昌-頭份,2024-12-09,9343
8429,金麗-KY,25,0,25,華南永昌-頭份,2024-12-09,9343
2408,南亞科,23,0,23,華南永昌-頭份,2024-12-09,9343
00656R,國泰中國A50反1,20,0,20,華南永昌-頭份,2024-12-09,9343
5202,力新,22,2,20,華南永昌-頭份,2024-12-09,9343
2613,中櫃,21,2,19,華南永昌-頭份,2024-12-09,9343
2885,元大金,20,1,19,華南永昌-頭份,2024-12-09,9343
3211,順達,24,5,19,華南永昌-頭份,2024-12-09,9343
00929,復華台灣科技優息,51,33,18,華南永昌-頭份,2024-12-09,9343
1815,富喬,24,7,17,華南永昌-頭份,2024-12-09,9343
4979,華星光,24,7,17,華南永昌-頭份,2024-12-09,9343
2317,鴻海,17,2,15,華南永昌-頭份,2024-12-09,9343
00918,大華優利高填息30,13,0,13,華南永昌-頭份,2024-12-09,9343
1314,中石化,13,0,13,華南永昌-頭份,2024-12-09,9343
4931,新盛力,20,7,13,華南永昌-頭份,2024-12-09,9343
4933,友輝,13,0,13,華南永昌-頭份,2024-12-09,9343
8104,錸寶,14,1,13,華南永昌-頭份,2024-12-09,9343
00915,凱基優選高股息30,12,0,12,華南永昌-頭份,2024-12-09,9343
2356,英業達,17,6,11,華南永昌-頭份,2024-12-09,9343
2367,燿華,11,0,11,華南永昌-頭份,2024-12-09,9343
5328,華容,13,2,11,華南永昌-頭份,2024-12-09,9343
6143,振曜,26,15,11,華南永昌-頭份,2024-12-09,9343
2327,國巨,10,0,10,華南永昌-頭份,2024-12-09,9343
00909,國泰數位支付服務,11,1,10,華南永昌-頭份,2024-12-09,9343
2488,漢平,10,0,10,華南永昌-頭份,2024-12-09,9343
2524,京城,10,0,10,華南永昌-頭份,2024-12-09,9343
2606,裕民,10,0,10,華南永昌-頭份,2024-12-09,9343
2883,凱基金,15,5,10,華南永昌-頭份,2024-12-09,9343
3710,連展投控,10,0,10,華南永昌-頭份,2024-12-09,9343
5907,大洋-KY,10,0,10,華南永昌-頭份,2024-12-09,9343
6203,海韻電,10,0,10,華南永昌-頭份,2024-12-09,9343
1802,台玻,9,0,9,華南永昌-頭份,2024-12-09,9343
2489,瑞軒,12,3,9,華南永昌-頭份,2024-12-09,9343
4968,立積,45,36,9,華南永昌-頭份,2024-12-09,9343
8069,元太,9,0,9,華南永昌-頭份,2024-12-09,9343
1612,宏泰,8,0,8,華南永昌-頭份,2024-12-09,9343
2349,錸德,10,2,8,華南永昌-頭份,2024-12-09,9343
3090,日電貿,11,3,8,華南永昌-頭份,2024-12-09,9343
6197,佳必琪,8,0,8,華南永昌-頭份,2024-12-09,9343
2547,日勝生,301,1,300,華南永昌-頭份,2024-12-10,9343
00887,永豐中國科技50大,532,309,223,華南永昌-頭份,2024-12-10,9343
8358,金居,70,0,70,華南永昌-頭份,2024-12-10,9343
3706,神達,98,30,68,華南永昌-頭份,2024-12-10,9343
2401,凌陽,84,20,64,華南永昌-頭份,2024-12-10,9343
4991,環宇-KY,55,3,52,華南永昌-頭份,2024-12-10,9343
00918,大華優利高填息30,49,0,49,華南永昌-頭份,2024-12-10,9343
00919,群益台灣精選高息,45,1,44,華南永昌-頭份,2024-12-10,9343
00650L,復華香港正2,80,37,43,華南永昌-頭份,2024-12-10,9343
2408,南亞科,32,7,25,華南永昌-頭份,2024-12-10,9343
00725B,國泰投資級公司債,22,0,22,華南永昌-頭份,2024-12-10,9343
8070,長華*,20,0,20,華南永昌-頭份,2024-12-10,9343
4157,太景*-KY,19,0,19,華南永昌-頭份,2024-12-10,9343
2449,京元電子,27,12,15,華南永昌-頭份,2024-12-10,9343
2409,友達,17,2,15,華南永昌-頭份,2024-12-10,9343
2646,星宇航空,15,1,14,華南永昌-頭份,2024-12-10,9343
6143,振曜,14,0,14,華南永昌-頭份,2024-12-10,9343
2618,長榮航,21,8,13,華南永昌-頭份,2024-12-10,9343
8028,昇陽半導體,14,1,13,華南永昌-頭份,2024-12-10,9343
1815,富喬,44,32,12,華南永昌-頭份,2024-12-10,9343
2609,陽明,31,19,12,華南永昌-頭份,2024-12-10,9343
8085,福華,12,0,12,華南永昌-頭份,2024-12-10,9343
2887,台新金,15,4,11,華南永昌-頭份,2024-12-10,9343
3231,緯創,34,23,11,華南永昌-頭份,2024-12-10,9343
4909,新復興,14,3,11,華南永昌-頭份,2024-12-10,9343
2317,鴻海,17,7,10,華南永昌-頭份,2024-12-10,9343
00752,中信中國50,10,0,10,華南永昌-頭份,2024-12-10,9343
00656R,國泰中國A50反1,10,0,10,華南永昌-頭份,2024-12-10,9343
2204,中華,10,0,10,華南永昌-頭份,2024-12-10,9343
2851,中再保,10,0,10,華南永昌-頭份,2024-12-10,9343
3607,谷崧,15,5,10,華南永昌-頭份,2024-12-10,9343
6257,矽格,10,0,10,華南永昌-頭份,2024-12-10,9343
8111,立��,15,5,10,華南永昌-頭份,2024-12-10,9343
0056,元大高股息,9,0,9,華南永昌-頭份,2024-12-10,9343
2360,致茂,10,1,9,華南永昌-頭份,2024-12-10,9343
5871,中租-KY,8,0,8,華南永昌-頭份,2024-12-10,9343
8096,擎亞,8,0,8,華南永昌-頭份,2024-12-10,9343
1229,聯華,8,0,8,華南永昌-頭份,2024-12-10,9343
2897,王道銀行,8,0,8,華南永昌-頭份,2024-12-10,9343
5490,同亨,8,0,8,華南永昌-頭份,2024-12-10,9343
1314,中石化,7,0,7,華南永昌-頭份,2024-12-10,9343
2027,大成鋼,7,0,7,華南永昌-頭份,2024-12-10,9343
2356,英業達,7,0,7,華南永昌-頭份,2024-12-10,9343
2467,志聖,8,1,7,華南永昌-頭份,2024-12-10,9343
4968,立積,53,46,7,華南永昌-頭份,2024-12-10,9343
4974,亞泰,7,0,7,華南永昌-頭份,2024-12-10,9343
00882,中信中國高股息,21,14,7,華南永昌-頭份,2024-12-10,9343
00909,國泰數位支付服務,6,0,6,華南永昌-頭份,2024-12-10,9343
2374,佳能,8,2,6,華南永昌-頭份,2024-12-10,9343
2605,新興,8,2,6,華南永昌-頭份,2024-12-10,9343
2401,凌陽,94,3,91,華南永昌-頭份,2024-12-11,9343
9945,潤泰新,72,0,72,華南永昌-頭份,2024-12-11,9343
00919,群益台灣精選高息,72,0,72,華南永昌-頭份,2024-12-11,9343
6770,力積電,76,7,69,華南永昌-頭份,2024-12-11,9343
6505,台塑化,61,0,61,華南永昌-頭份,2024-12-11,9343
1721,三晃,56,0,56,華南永昌-頭份,2024-12-11,9343
5880,合庫金,55,0,55,華南永昌-頭份,2024-12-11,9343
5907,大洋-KY,50,0,50,華南永昌-頭份,2024-12-11,9343
00918,大華優利高填息30,44,0,44,華南永昌-頭份,2024-12-11,9343
1449,佳和,47,5,42,華南永昌-頭份,2024-12-11,9343
2630,亞航,39,3,36,華南永昌-頭份,2024-12-11,9343
2887,台新金,35,0,35,華南永昌-頭份,2024-12-11,9343
0056,元大高股息,35,1,34,華南永昌-頭份,2024-12-11,9343
00915,凱基優選高股息30,30,0,30,華南永昌-頭份,2024-12-11,9343
1608,華榮,26,0,26,華南永昌-頭份,2024-12-11,9343
3706,神達,59,36,23,華南永昌-頭份,2024-12-11,9343
00940,元大台灣價值高息,24,1,23,華南永昌-頭份,2024-12-11,9343
2886,兆豐金,22,0,22,華南永昌-頭份,2024-12-11,9343
00637L,元大滬深300正2,21,0,21,華南永昌-頭份,2024-12-11,9343
2344,華邦電,29,8,21,華南永昌-頭份,2024-12-11,9343
00926,凱基全球菁英55,20,0,20,華南永昌-頭份,2024-12-11,9343
1402,遠東新,20,0,20,華南永昌-頭份,2024-12-11,9343
00650L,復華香港正2,19,0,19,華南永昌-頭份,2024-12-11,9343
6451,訊芯-KY,17,0,17,華南永昌-頭份,2024-12-11,9343
8358,金居,15,0,15,華南永昌-頭份,2024-12-11,9343
00679B,元大美債20年,17,3,14,華南永昌-頭份,2024-12-11,9343
4953,緯軟,21,7,14,華南永昌-頭份,2024-12-11,9343
2883,凱基金,13,0,13,華南永昌-頭份,2024-12-11,9343
5381,合正,13,0,13,華南永昌-頭份,2024-12-11,9343
2609,陽明,39,27,12,華南永昌-頭份,2024-12-11,9343
2312,金寶,17,5,12,華南永昌-頭份,2024-12-11,9343
00937B,群益ESG投等債20,11,0,11,華南永昌-頭份,2024-12-11,9343
5309,系統電,12,1,11,華南永昌-頭份,2024-12-11,9343
00656R,國泰中國A50反1,10,0,10,華南永昌-頭份,2024-12-11,9343
00907,永豐優息存股,10,0,10,華南永昌-頭份,2024-12-11,9343
2905,三商,10,0,10,華南永昌-頭份,2024-12-11,9343
6753,龍德造船,10,0,10,華南永昌-頭份,2024-12-11,9343
3231,緯創,21,12,9,華南永昌-頭份,2024-12-11,9343
4956,光鋐,10,1,9,華南永昌-頭份,2024-12-11,9343
6477,安集,9,0,9,華南永昌-頭份,2024-12-11,9343
1303,南亞,8,0,8,華南永昌-頭份,2024-12-11,9343
3323,加百裕,20,12,8,華南永昌-頭份,2024-12-11,9343
3607,谷崧,8,0,8,華南永昌-頭份,2024-12-11,9343
3704,合勤控,8,0,8,華南永昌-頭份,2024-12-11,9343
6689,伊雲谷,8,0,8,華南永昌-頭份,2024-12-11,9343
2449,京元電子,8,1,7,華南永昌-頭份,2024-12-11,9343
2618,長榮航,8,1,7,華南永昌-頭份,2024-12-11,9343
3447,展達,7,0,7,華南永昌-頭份,2024-12-11,9343
3593,力銘,7,0,7,華南永昌-頭份,2024-12-11,9343
2330,台積電,7,0,7,華南永昌-頭份,2024-12-11,9343
00943,兆豐電子高息等權,262,0,262,華南永昌-頭份,2024-12-12,9343
00887,永豐中國科技50大,200,0,200,華南永昌-頭份,2024-12-12,9343
00679B,元大美債20年,153,0,153,華南永昌-頭份,2024-12-12,9343
00687B,國泰20年美債,130,0,130,華南永昌-頭份,2024-12-12,9343
6770,力積電,132,30,102,華南永昌-頭份,2024-12-12,9343
3019,亞光,45,5,40,華南永昌-頭份,2024-12-12,9343
4934,太極,40,0,40,華南永昌-頭份,2024-12-12,9343
00926,凱基全球菁英55,30,0,30,華南永昌-頭份,2024-12-12,9343
00772B,中信高評級公司債,29,0,29,華南永昌-頭份,2024-12-12,9343
2312,金寶,29,4,25,華南永昌-頭份,2024-12-12,9343
8429,金麗-KY,25,0,25,華南永昌-頭份,2024-12-12,9343
00918,大華優利高填息30,23,0,23,華南永昌-頭份,2024-12-12,9343
6140,訊達,24,1,23,華南永昌-頭份,2024-12-12,9343
00650L,復華香港正2,22,0,22,華南永昌-頭份,2024-12-12,9343
2401,凌陽,27,5,22,華南永昌-頭份,2024-12-12,9343
00937B,群益ESG投等債20,21,0,21,華南永昌-頭份,2024-12-12,9343
2303,聯電,25,4,21,華南永昌-頭份,2024-12-12,9343
2017,官田鋼,20,0,20,華南永昌-頭份,2024-12-12,9343
2371,大同,23,4,19,華南永昌-頭份,2024-12-12,9343
8104,錸寶,20,1,19,華南永昌-頭份,2024-12-12,9343
2002,中鋼,17,0,17,華南永昌-頭份,2024-12-12,9343
1539,巨庭,16,0,16,華南永昌-頭份,2024-12-12,9343
6133,金橋,16,0,16,華南永昌-頭份,2024-12-12,9343
00882,中信中國高股息,15,0,15,華南永昌-頭份,2024-12-12,9343
2929,淘帝-KY,15,0,15,華南永昌-頭份,2024-12-12,9343
8068,全達,14,0,14,華南永昌-頭份,2024-12-12,9343
2317,鴻海,14,1,13,華南永昌-頭份,2024-12-12,9343
00948B,中信優息投資級債,15,2,13,華南永昌-頭份,2024-12-12,9343
1802,台玻,13,0,13,華南永昌-頭份,2024-12-12,9343
2630,亞航,14,2,12,華南永昌-頭份,2024-12-12,9343
5392,能率,19,7,12,華南永昌-頭份,2024-12-12,9343
6689,伊雲谷,14,2,12,華南永昌-頭份,2024-12-12,9343
2449,京元電子,11,0,11,華南永昌-頭份,2024-12-12,9343
2609,陽明,38,27,11,華南永昌-頭份,2024-12-12,9343
4967,十銓,12,1,11,華南永昌-頭份,2024-12-12,9343
3593,力銘,11,0,11,華南永昌-頭份,2024-12-12,9343
1524,耿鼎,13,3,10,華南永昌-頭份,2024-12-12,9343
00909,國泰數位支付服務,10,0,10,華南永昌-頭份,2024-12-12,9343
00720B,元大投資級公司債,10,0,10,華南永昌-頭份,2024-12-12,9343
2912,統一超,10,0,10,華南永昌-頭份,2024-12-12,9343
6182,合晶,10,0,10,華南永昌-頭份,2024-12-12,9343
00857B,永豐20年美公債,9,0,9,華南永昌-頭份,2024-12-12,9343
3211,順達,13,4,9,華南永昌-頭份,2024-12-12,9343
3323,加百裕,10,1,9,華南永昌-頭份,2024-12-12,9343
00878,國泰永續高股息,8,0,8,華南永昌-頭份,2024-12-12,9343
2887,台新金,8,0,8,華南永昌-頭份,2024-12-12,9343
3029,零壹,10,2,8,華南永昌-頭份,2024-12-12,9343
3234,光環,8,0,8,華南永昌-頭份,2024-12-12,9343
3231,緯創,29,22,7,華南永昌-頭份,2024-12-12,9343
3088,艾訊,7,0,7,華南永昌-頭份,2024-12-12,9343
9105,泰金寶-DR,216,84,132,華南永昌-頭份,2024-12-13,9343
00940,元大台灣價值高息,130,19,111,華南永昌-頭份,2024-12-13,9343
00687B,國泰20年美債,104,7,97,華南永昌-頭份,2024-12-13,9343
3706,神達,167,77,90,華南永昌-頭份,2024-12-13,9343
00918,大華優利高填息30,72,0,72,華南永昌-頭份,2024-12-13,9343
00753L,中信中國50正2,49,0,49,華南永昌-頭份,2024-12-13,9343
0056,元大高股息,39,0,39,華南永昌-頭份,2024-12-13,9343
2337,旺宏,40,2,38,華南永昌-頭份,2024-12-13,9343
00937B,群益ESG投等債20,30,0,30,華南永昌-頭份,2024-12-13,9343
1312,國喬,27,0,27,華南永昌-頭份,2024-12-13,9343
1904,正隆,27,0,27,華南永昌-頭份,2024-12-13,9343
6603,富強鑫,27,0,27,華南永昌-頭份,2024-12-13,9343
00772B,中信高評級公司債,26,0,26,華南永昌-頭份,2024-12-13,9343
6477,安集,24,0,24,華南永昌-頭份,2024-12-13,9343
3231,緯創,24,1,23,華南永昌-頭份,2024-12-13,9343
00915,凱基優選高股息30,21,0,21,華南永昌-頭份,2024-12-13,9343
1909,榮成,20,0,20,華南永昌-頭份,2024-12-13,9343
2371,大同,27,7,20,華南永昌-頭份,2024-12-13,9343
2317,鴻海,22,3,19,華南永昌-頭份,2024-12-13,9343
3711,日月光投控,21,2,19,華南永昌-頭份,2024-12-13,9343
00712,復華富時不動產,20,1,19,華南永昌-頭份,2024-12-13,9343
3049,精金,18,0,18,華南永昌-頭份,2024-12-13,9343
2354,鴻準,26,8,18,華南永昌-頭份,2024-12-13,9343
00637L,元大滬深300正2,17,0,17,華南永昌-頭份,2024-12-13,9343
2524,京城,17,0,17,華南永昌-頭份,2024-12-13,9343
00725B,國泰投資級公司債,16,0,16,華南永昌-頭份,2024-12-13,9343
6143,振曜,17,1,16,華南永昌-頭份,2024-12-13,9343
00887,永豐中國科技50大,15,0,15,華南永昌-頭份,2024-12-13,9343
3593,力銘,15,0,15,華南永昌-頭份,2024-12-13,9343
00679B,元大美債20年,18,4,14,華南永昌-頭份,2024-12-13,9343
4510,高鋒,18,4,14,華南永昌-頭份,2024-12-13,9343
4526,東台,14,2,12,華南永昌-頭份,2024-12-13,9343
1609,大亞,11,0,11,華南永昌-頭份,2024-12-13,9343
2408,南亞科,11,0,11,華南永昌-頭份,2024-12-13,9343
00641R,富邦日本反1,10,0,10,華南永昌-頭份,2024-12-13,9343
00654R,富邦印度反1,10,0,10,華南永昌-頭份,2024-12-13,9343
6179,亞通,10,0,10,華南永昌-頭份,2024-12-13,9343
00878,國泰永續高股息,10,0,10,華南永昌-頭份,2024-12-13,9343
3032,偉訓,12,3,9,華南永昌-頭份,2024-12-13,9343
4157,太景*-KY,9,0,9,華南永昌-頭份,2024-12-13,9343
4952,凌通,10,1,9,華南永昌-頭份,2024-12-13,9343
00713,元大台灣高息低波,10,2,8,華南永昌-頭份,2024-12-13,9343
00650L,復華香港正2,8,0,8,華南永昌-頭份,2024-12-13,9343
2303,聯電,29,21,8,華南永昌-頭份,2024-12-13,9343
5425,台半,8,0,8,華南永昌-頭份,2024-12-13,9343
2887,台新金,7,0,7,華南永昌-頭份,2024-12-13,9343
00909,國泰數位支付服務,7,0,7,華南永昌-頭份,2024-12-13,9343
2204,中華,7,0,7,華南永昌-頭份,2024-12-13,9343
2352,佳世達,7,0,7,華南永昌-頭份,2024-12-13,9343
3013,晟銘電,18,11,7,華南永昌-頭份,2024-12-13,9343
9105,泰金寶-DR,772,185,587,華南永昌-頭份,2024-12-16,9343
00953B,群益優選非投等債,194,0,194,華南永昌-頭份,2024-12-16,9343
00918,大華優利高填息30,176,0,176,華南永昌-頭份,2024-12-16,9343
00679B,元大美債20年,135,10,125,華南永昌-頭份,2024-12-16,9343
3019,亞光,128,35,93,華南永昌-頭份,2024-12-16,9343
00887,永豐中國科技50大,86,0,86,華南永昌-頭份,2024-12-16,9343
6275,元山,60,0,60,華南永昌-頭份,2024-12-16,9343
00708L,期元大S＆P黃金正2,50,0,50,華南永昌-頭份,2024-12-16,9343
1312,國喬,50,0,50,華南永昌-頭份,2024-12-16,9343
6885,全福生技,51,1,50,華南永昌-頭份,2024-12-16,9343
4991,環宇-KY,57,9,48,華南永昌-頭份,2024-12-16,9343
2449,京元電子,44,4,40,華南永昌-頭份,2024-12-16,9343
0056,元大高股息,38,3,35,華南永昌-頭份,2024-12-16,9343
00878,國泰永續高股息,37,7,30,華南永昌-頭份,2024-12-16,9343
00937B,群益ESG投等債20,30,0,30,華南永昌-頭份,2024-12-16,9343
00940,元大台灣價值高息,33,4,29,華南永昌-頭份,2024-12-16,9343
2317,鴻海,35,11,24,華南永昌-頭份,2024-12-16,9343
4977,眾達-KY,26,3,23,華南永昌-頭份,2024-12-16,9343
2344,華邦電,20,0,20,華南永昌-頭份,2024-12-16,9343
5426,振發,20,0,20,華南永昌-頭份,2024-12-16,9343
1815,富喬,30,11,19,華南永昌-頭份,2024-12-16,9343
5381,合正,20,1,19,華南永昌-頭份,2024-12-16,9343
00637L,元大滬深300正2,17,0,17,華南永昌-頭份,2024-12-16,9343
2609,陽明,26,10,16,華南永昌-頭份,2024-12-16,9343
00942B,台新美A公司債20+,15,0,15,華南永昌-頭份,2024-12-16,9343
00664R,國泰臺灣加權反1,15,0,15,華南永昌-頭份,2024-12-16,9343
2204,中華,14,0,14,華南永昌-頭份,2024-12-16,9343
00772B,中信高評級公司債,14,0,14,華南永昌-頭份,2024-12-16,9343
3231,緯創,14,1,13,華南永昌-頭份,2024-12-16,9343
2356,英業達,14,1,13,華南永昌-頭份,2024-12-16,9343
4909,新復興,12,0,12,華南永昌-頭份,2024-12-16,9343
00915,凱基優選高股息30,12,0,12,華南永昌-頭份,2024-12-16,9343
2382,廣達,15,4,11,華南永昌-頭份,2024-12-16,9343
2603,長榮,12,1,11,華南永昌-頭份,2024-12-16,9343
00665L,富邦�琤肭磪囓�2,14,4,10,華南永昌-頭份,2024-12-16,9343
1102,亞泥,10,0,10,華南永昌-頭份,2024-12-16,9343
1785,光洋科,10,0,10,華南永昌-頭份,2024-12-16,9343
1802,台玻,12,2,10,華南永昌-頭份,2024-12-16,9343
2887,台新金,10,0,10,華南永昌-頭份,2024-12-16,9343
3013,晟銘電,15,5,10,華南永昌-頭份,2024-12-16,9343
5425,台半,10,0,10,華南永昌-頭份,2024-12-16,9343
5490,同亨,10,0,10,華南永昌-頭份,2024-12-16,9343
6179,亞通,10,0,10,華南永昌-頭份,2024-12-16,9343
8121,越峰,10,0,10,華南永昌-頭份,2024-12-16,9343
2408,南亞科,14,5,9,華南永昌-頭份,2024-12-16,9343
4157,太景*-KY,9,0,9,華南永昌-頭份,2024-12-16,9343
2002,中鋼,8,0,8,華南永昌-頭份,2024-12-16,9343
1101,台泥,8,0,8,華南永昌-頭份,2024-12-16,9343
2882,國泰金,10,2,8,華南永昌-頭份,2024-12-16,9343
3376,新日興,9,2,7,華南永昌-頭份,2024-12-16,9343
3481,群創,228,0,228,華南永昌-頭份,2024-12-17,9343
00887,永豐中國科技50大,202,0,202,華南永昌-頭份,2024-12-17,9343
00907,永豐優息存股,180,1,179,華南永昌-頭份,2024-12-17,9343
9105,泰金寶-DR,261,88,173,華南永昌-頭份,2024-12-17,9343
00918,大華優利高填息30,67,0,67,華南永昌-頭份,2024-12-17,9343
00915,凱基優選高股息30,58,0,58,華南永昌-頭份,2024-12-17,9343
00656R,國泰中國A50反1,50,0,50,華南永昌-頭份,2024-12-17,9343
1721,三晃,50,0,50,華南永昌-頭份,2024-12-17,9343
3706,神達,69,26,43,華南永昌-頭份,2024-12-17,9343
2851,中再保,36,0,36,華南永昌-頭份,2024-12-17,9343
2834,臺企銀,35,0,35,華南永昌-頭份,2024-12-17,9343
00953B,群益優選非投等債,30,0,30,華南永昌-頭份,2024-12-17,9343
0056,元大高股息,23,0,23,華南永昌-頭份,2024-12-17,9343
2368,金像電,32,10,22,華南永昌-頭份,2024-12-17,9343
00940,元大台灣價值高息,24,3,21,華南永昌-頭份,2024-12-17,9343
2885,元大金,20,0,20,華南永昌-頭份,2024-12-17,9343
6275,元山,18,0,18,華南永昌-頭份,2024-12-17,9343
2449,京元電子,18,2,16,華南永昌-頭份,2024-12-17,9343
5351,鈺創,16,0,16,華南永昌-頭份,2024-12-17,9343
2880,華南金,16,0,16,華南永昌-頭份,2024-12-17,9343
8429,金麗-KY,15,0,15,華南永昌-頭份,2024-12-17,9343
00945B,凱基美國非投等債,15,0,15,華南永昌-頭份,2024-12-17,9343
2618,長榮航,19,4,15,華南永昌-頭份,2024-12-17,9343
00679B,元大美債20年,14,0,14,華南永昌-頭份,2024-12-17,9343
00713,元大台灣高息低波,12,0,12,華南永昌-頭份,2024-12-17,9343
1301,台塑,12,0,12,華南永昌-頭份,2024-12-17,9343
00882,中信中國高股息,11,0,11,華南永昌-頭份,2024-12-17,9343
3059,華晶科,11,0,11,華南永昌-頭份,2024-12-17,9343
00933B,國泰10Y+金融債,10,0,10,華南永昌-頭份,2024-12-17,9343
1711,永光,10,0,10,華南永昌-頭份,2024-12-17,9343
8105,凌巨,10,0,10,華南永昌-頭份,2024-12-17,9343
6770,力積電,11,1,10,華南永昌-頭份,2024-12-17,9343
2609,陽明,23,14,9,華南永昌-頭份,2024-12-17,9343
4909,新復興,12,3,9,華南永昌-頭份,2024-12-17,9343
6215,和椿,21,12,9,華南永昌-頭份,2024-12-17,9343
8111,立��,9,0,9,華南永昌-頭份,2024-12-17,9343
3323,加百裕,9,1,8,華南永昌-頭份,2024-12-17,9343
8069,元太,8,0,8,華南永昌-頭份,2024-12-17,9343
00753L,中信中國50正2,12,5,7,華南永昌-頭份,2024-12-17,9343
3265,台星科,7,0,7,華南永昌-頭份,2024-12-17,9343
8033,雷虎,7,0,7,華南永昌-頭份,2024-12-17,9343
2303,聯電,23,17,6,華南永昌-頭份,2024-12-17,9343
00937B,群益ESG投等債20,6,0,6,華南永昌-頭份,2024-12-17,9343
2328,廣宇,12,6,6,華南永昌-頭份,2024-12-17,9343
2371,大同,7,1,6,華南永昌-頭份,2024-12-17,9343
4919,新唐,6,0,6,華南永昌-頭份,2024-12-17,9343
5522,遠雄,6,0,6,華南永昌-頭份,2024-12-17,9343
6244,茂迪,6,0,6,華南永昌-頭份,2024-12-17,9343
6438,迅得,6,0,6,華南永昌-頭份,2024-12-17,9343
6488,環球晶,5,0,5,華南永昌-頭份,2024-12-17,9343
00679B,元大美債20年,365,27,338,華南永昌-頭份,2024-12-18,9343
00948B,中信優息投資級債,280,0,280,華南永昌-頭份,2024-12-18,9343
00687B,國泰20年美債,354,100,254,華南永昌-頭份,2024-12-18,9343
00918,大華優利高填息30,123,0,123,華南永昌-頭份,2024-12-18,9343
2449,京元電子,109,1,108,華南永昌-頭份,2024-12-18,9343
00937B,群益ESG投等債20,107,0,107,華南永昌-頭份,2024-12-18,9343
00942B,台新美A公司債20+,100,0,100,華南永昌-頭份,2024-12-18,9343
1314,中石化,101,2,99,華南永昌-頭份,2024-12-18,9343
9105,泰金寶-DR,246,154,92,華南永昌-頭份,2024-12-18,9343
00712,復華富時不動產,54,0,54,華南永昌-頭份,2024-12-18,9343
2049,上銀,37,14,23,華南永昌-頭份,2024-12-18,9343
0050,元大台灣50,20,1,19,華南永昌-頭份,2024-12-18,9343
2303,聯電,38,19,19,華南永昌-頭份,2024-12-18,9343
2618,長榮航,21,4,17,華南永昌-頭份,2024-12-18,9343
3017,奇鋐,18,1,17,華南永昌-頭份,2024-12-18,9343
6275,元山,17,0,17,華南永昌-頭份,2024-12-18,9343
3363,上詮,16,3,13,華南永昌-頭份,2024-12-18,9343
2609,陽明,26,14,12,華南永昌-頭份,2024-12-18,9343
1815,富喬,15,5,10,華南永昌-頭份,2024-12-18,9343
1711,永光,15,5,10,華南永昌-頭份,2024-12-18,9343
2520,冠德,10,0,10,華南永昌-頭份,2024-12-18,9343
2642,宅配通,10,0,10,華南永昌-頭份,2024-12-18,9343
2929,淘帝-KY,10,0,10,華南永昌-頭份,2024-12-18,9343
2354,鴻準,9,0,9,華南永昌-頭份,2024-12-18,9343
3289,宜特,9,2,7,華南永昌-頭份,2024-12-18,9343
5484,慧友,7,0,7,華南永昌-頭份,2024-12-18,9343
3043,科風,7,0,7,華南永昌-頭份,2024-12-18,9343
4979,華星光,10,3,7,華南永昌-頭份,2024-12-18,9343
5309,系統電,24,17,7,華南永昌-頭份,2024-12-18,9343
8249,菱光,25,18,7,華南永昌-頭份,2024-12-18,9343
2603,長榮,7,0,7,華南永昌-頭份,2024-12-18,9343
2211,長榮鋼,6,0,6,華南永昌-頭份,2024-12-18,9343
2455,全新,7,1,6,華南永昌-頭份,2024-12-18,9343
3441,聯一光,6,0,6,華南永昌-頭份,2024-12-18,9343
3706,神達,51,45,6,華南永昌-頭份,2024-12-18,9343
4306,炎洲,6,0,6,華南永昌-頭份,2024-12-18,9343
6505,台塑化,16,10,6,華南永昌-頭份,2024-12-18,9343
6488,環球晶,6,1,5,華南永昌-頭份,2024-12-18,9343
00960,野村全球航運龍頭,5,0,5,華南永昌-頭份,2024-12-18,9343
00915,凱基優選高股息30,5,0,5,華南永昌-頭份,2024-12-18,9343
1721,三晃,5,0,5,華南永昌-頭份,2024-12-18,9343
2342,茂矽,5,0,5,華南永昌-頭份,2024-12-18,9343
2374,佳能,17,12,5,華南永昌-頭份,2024-12-18,9343
2832,台產,5,0,5,華南永昌-頭份,2024-12-18,9343
3169,亞信,5,0,5,華南永昌-頭份,2024-12-18,9343
3605,宏致,5,0,5,華南永昌-頭份,2024-12-18,9343
4931,新盛力,11,6,5,華南永昌-頭份,2024-12-18,9343
8068,全達,5,0,5,華南永昌-頭份,2024-12-18,9343
3163,波若威,8,4,4,華南永昌-頭份,2024-12-18,9343
3189,景碩,4,0,4,華南永昌-頭份,2024-12-18,9343
00918,大華優利高填息30,155,0,155,華南永昌-頭份,2024-12-19,9343
00712,復華富時不動產,109,0,109,華南永昌-頭份,2024-12-19,9343
00946,群益科技高息成長,108,0,108,華南永昌-頭份,2024-12-19,9343
00887,永豐中國科技50大,100,0,100,華南永昌-頭份,2024-12-19,9343
3481,群創,69,0,69,華南永昌-頭份,2024-12-19,9343
2897B,王道銀乙特,45,0,45,華南永昌-頭份,2024-12-19,9343
00919,群益台灣精選高息,59,15,44,華南永昌-頭份,2024-12-19,9343
8429,金麗-KY,26,0,26,華南永昌-頭份,2024-12-19,9343
6179,亞通,25,0,25,華南永昌-頭份,2024-12-19,9343
3231,緯創,25,2,23,華南永昌-頭份,2024-12-19,9343
2880,華南金,21,0,21,華南永昌-頭份,2024-12-19,9343
00953B,群益優選非投等債,21,0,21,華南永昌-頭份,2024-12-19,9343
3706,神達,55,34,21,華南永昌-頭份,2024-12-19,9343
00878,國泰永續高股息,21,0,21,華南永昌-頭份,2024-12-19,9343
0050,元大台灣50,19,0,19,華南永昌-頭份,2024-12-19,9343
2609,陽明,24,5,19,華南永昌-頭份,2024-12-19,9343
2618,長榮航,18,0,18,華南永昌-頭份,2024-12-19,9343
6168,宏齊,18,0,18,華南永昌-頭份,2024-12-19,9343
00945B,凱基美國非投等債,15,0,15,華南永昌-頭份,2024-12-19,9343
0056,元大高股息,14,0,14,華南永昌-頭份,2024-12-19,9343
2002,中鋼,14,0,14,華南永昌-頭份,2024-12-19,9343
1314,中石化,14,0,14,華南永昌-頭份,2024-12-19,9343
9958,世紀鋼,13,0,13,華南永昌-頭份,2024-12-19,9343
2317,鴻海,15,2,13,華南永昌-頭份,2024-12-19,9343
6506,雙邦,13,0,13,華南永昌-頭份,2024-12-19,9343
1303,南亞,13,1,12,華南永昌-頭份,2024-12-19,9343
1815,富喬,37,25,12,華南永昌-頭份,2024-12-19,9343
2834,臺企銀,11,0,11,華南永昌-頭份,2024-12-19,9343
5880,合庫金,11,0,11,華南永昌-頭份,2024-12-19,9343
00950B,凱基A級公司債,11,0,11,華南永昌-頭份,2024-12-19,9343
2388,威盛,12,1,11,華南永昌-頭份,2024-12-19,9343
2605,新興,11,0,11,華南永昌-頭份,2024-12-19,9343
2353,宏��,10,0,10,華南永昌-頭份,2024-12-19,9343
3005,神基,10,0,10,華南永昌-頭份,2024-12-19,9343
2371,大同,12,2,10,華南永昌-頭份,2024-12-19,9343
5907,大洋-KY,10,0,10,華南永昌-頭份,2024-12-19,9343
6177,達麗,10,0,10,華南永昌-頭份,2024-12-19,9343
00687B,國泰20年美債,14,4,10,華南永昌-頭份,2024-12-19,9343
4157,太景*-KY,12,3,9,華南永昌-頭份,2024-12-19,9343
4563,百德,14,5,9,華南永昌-頭份,2024-12-19,9343
8085,福華,9,0,9,華南永昌-頭份,2024-12-19,9343
2812,台中銀,8,0,8,華南永昌-頭份,2024-12-19,9343
00934,中信成長高股息,10,2,8,華南永昌-頭份,2024-12-19,9343
00753L,中信中國50正2,8,0,8,華南永昌-頭份,2024-12-19,9343
00937B,群益ESG投等債20,32,24,8,華南永昌-頭份,2024-12-19,9343
2845,遠東銀,8,0,8,華南永昌-頭份,2024-12-19,9343
2883,凱基金,7,0,7,華南永昌-頭份,2024-12-19,9343
00772B,中信高評級公司債,7,0,7,華南永昌-頭份,2024-12-19,9343
2344,華邦電,15,8,7,華南永昌-頭份,2024-12-19,9343
3376,新日興,7,0,7,華南永昌-頭份,2024-12-19,9343
